Gene A,Gene B,Label,Score,Precision,Recall,False Positive Rate
YBL052C,YNR023W,1,0.40420592,1.0,0.0010000000474974513,0.0
YJL076W,YCR052W,1,0.13881695,1.0,0.0020000000949949026,0.0
YMR075W,YBL052C,1,-0.27243078,1.0,0.003000000026077032,0.0
YMR044W,YGL058W,1,-0.39614642,1.0,0.004000000189989805,0.0
YGL174W,YER031C,0,-0.4331447,0.800000011920929,0.004000000189989805,9.999999747378752e-05
YPR034W,YCR052W,1,-0.43813407,0.8333333134651184,0.004999999888241291,9.999999747378752e-05
YDR295C,YIL112W,1,-0.50739753,0.8571428656578064,0.006000000052154064,9.999999747378752e-05
YIL004C,YHR154W,0,-0.51957476,0.75,0.006000000052154064,0.00019999999494757503
YLR418C,YPL001W,1,-0.5529419,0.7777777910232544,0.007000000216066837,0.00019999999494757503
YJL168C,YGL112C,1,-0.55845714,0.800000011920929,0.00800000037997961,0.00019999999494757503
YDR303C,YIL126W,1,-0.5768634,0.8181818127632141,0.008999999612569809,0.00019999999494757503
YNR023W,YPL139C,1,-0.59285915,0.8333333134651184,0.009999999776482582,0.00019999999494757503
YBL006C,YBR279W,1,-0.5971464,0.8461538553237915,0.010999999940395355,0.00019999999494757503
YML102W,YLR357W,1,-0.64328945,0.8571428656578064,0.012000000104308128,0.00019999999494757503
YBL003C,YMR044W,1,-0.654654,0.8666666746139526,0.013000000268220901,0.00019999999494757503
YPR179C,YOR279C,1,-0.68295217,0.875,0.014000000432133675,0.00019999999494757503
YMR263W,YPL128C,1,-0.71158135,0.8823529481887817,0.014999999664723873,0.00019999999494757503
YDL197C,YMR075W,1,-0.7450726,0.8888888955116272,0.01600000075995922,0.00019999999494757503
YGL112C,YPL128C,1,-0.7470019,0.8947368264198303,0.017000000923871994,0.00019999999494757503
YAL021C,YKL173W,0,-0.7607566,0.8500000238418579,0.017000000923871994,0.0003000000142492354
YBR245C,YNL206C,1,-0.7788702,0.8571428656578064,0.017999999225139618,0.0003000000142492354
YOR279C,YDR207C,1,-0.8099493,0.8636363744735718,0.01899999938905239,0.0003000000142492354
YLR052W,YBR279W,1,-0.8120588,0.8695651888847351,0.019999999552965164,0.0003000000142492354
YER172C,YOR281C,0,-0.824731,0.8333333134651184,0.019999999552965164,0.00039999998989515007
YJL110C,YNL099C,0,-0.82724786,0.800000011920929,0.019999999552965164,0.0005000000237487257
YGL084C,YCL008C,0,-0.8302189,0.7692307829856873,0.019999999552965164,0.0006000000284984708
YIL126W,YGL112C,1,-0.8509549,0.7777777910232544,0.020999999716877937,0.0006000000284984708
YBL006C,YDR310C,1,-0.85756755,0.7857142686843872,0.02199999988079071,0.0006000000284984708
YDR224C,YLL004W,1,-0.8898194,0.7931034564971924,0.023000000044703484,0.0006000000284984708
YLR015W,YLR357W,1,-0.9081209,0.800000011920929,0.024000000208616257,0.0006000000284984708
YOL145C,YJL168C,1,-0.9113685,0.8064516186714172,0.02500000037252903,0.0006000000284984708
YMR033W,YML127W,1,-0.9434205,0.8125,0.026000000536441803,0.0006000000284984708
YBR279W,YGL058W,1,-0.9766432,0.8181818127632141,0.027000000700354576,0.0006000000284984708
YPR179C,YNL031C,1,-0.97792935,0.8235294222831726,0.02800000086426735,0.0006000000284984708
YDR071C,YNL097C,1,-0.97982025,0.8285714387893677,0.028999999165534973,0.0006000000284984708
YHR118C,YOR279C,1,-0.9808396,0.8333333134651184,0.029999999329447746,0.0006000000284984708
YGL150C,YPL055C,1,-0.9914324,0.837837815284729,0.03099999949336052,0.0006000000284984708
YPR057W,YDR416W,0,-1.0078495,0.8157894611358643,0.03099999949336052,0.000699999975040555
YBR009C,YNL206C,1,-1.0162928,0.8205128312110901,0.03200000151991844,0.000699999975040555
YLR095C,YBL052C,1,-1.0288959,0.824999988079071,0.032999999821186066,0.000699999975040555
YNL097C,YDR181C,1,-1.0449089,0.8292682766914368,0.03400000184774399,0.000699999975040555
YHR023W,YGR078C,0,-1.0712932,0.8095238208770752,0.03400000184774399,0.0007999999797903001
YPL061W,YJL063C,0,-1.0739957,0.7906976938247681,0.03400000184774399,0.0008999999845400453
YDL197C,YDR295C,1,-1.0797495,0.7954545617103577,0.03500000014901161,0.0008999999845400453
YDL225W,YMR039C,0,-1.102471,0.7777777910232544,0.03500000014901161,0.0010000000474974513
YHR118C,YLR033W,1,-1.1027296,0.782608687877655,0.035999998450279236,0.0010000000474974513
YNL199C,YOR274W,0,-1.1133009,0.7659574747085571,0.035999998450279236,0.0010999999940395355
YGR078C,YNL290W,0,-1.1192886,0.75,0.035999998450279236,0.0012000000569969416
YBL008W,YLL004W,1,-1.1209347,0.7551020383834839,0.03700000047683716,0.0012000000569969416
YPL210C,YGR072W,0,-1.1231889,0.7400000095367432,0.03700000047683716,0.0013000000035390258
YOR191W,YPL016W,1,-1.1475538,0.7450980544090271,0.03799999877810478,0.0013000000035390258
YOL145C,YFL013C,1,-1.1481912,0.75,0.039000000804662704,0.0013000000035390258
YMR080C,YML127W,1,-1.1487492,0.7547169923782349,0.03999999910593033,0.0013000000035390258
YIL065C,YDR386W,0,-1.1521386,0.7407407164573669,0.03999999910593033,0.00139999995008111
YDR386W,YDR150W,0,-1.1529641,0.7272727489471436,0.03999999910593033,0.001500000013038516
YJL115W,YDR439W,1,-1.1597899,0.7321428656578064,0.04100000113248825,0.001500000013038516
YFR034C,YBR254C,0,-1.1606221,0.719298243522644,0.04100000113248825,0.0015999999595806003
YIL131C,YNL031C,1,-1.1631429,0.7241379022598267,0.041999999433755875,0.0015999999595806003
YKR029C,YDR310C,1,-1.1640502,0.7288135886192322,0.0430000014603138,0.0015999999595806003
YML112W,YHR120W,0,-1.1653329,0.7166666388511658,0.0430000014603138,0.0017000000225380063
YCL061C,YPL235W,1,-1.1655723,0.7213114500045776,0.04399999976158142,0.0017000000225380063
YGR006W,YDR311W,0,-1.1691964,0.7096773982048035,0.04399999976158142,0.0017999999690800905
YHR118C,YPL016W,1,-1.1717843,0.7142857313156128,0.04500000178813934,0.0017999999690800905
YPL151C,YPR189W,0,-1.1746918,0.703125,0.04500000178813934,0.0019000000320374966
YAL013W,YPL139C,1,-1.1775223,0.7076923251152039,0.04600000008940697,0.0019000000320374966
YFR037C,YBR175W,1,-1.1776317,0.7121211886405945,0.04699999839067459,0.0019000000320374966
YFR036W,YHR150W,0,-1.1827389,0.7014925479888916,0.04699999839067459,0.0020000000949949026
YFL013C,YFR037C,1,-1.183402,0.7058823704719543,0.04800000041723251,0.0020000000949949026
YFL013C,YJL127C,1,-1.190437,0.7101449370384216,0.04899999871850014,0.0020000000949949026
YML102W,YBR279W,1,-1.2004762,0.7142857313156128,0.05000000074505806,0.0020000000949949026
YER016W,YPL228W,0,-1.2046,0.7042253613471985,0.05000000074505806,0.002099999925121665
YOR191W,YBR095C,1,-1.2120863,0.7083333134651184,0.050999999046325684,0.002099999925121665
YPL055C,YOR279C,1,-1.2170631,0.7123287916183472,0.052000001072883606,0.002099999925121665
YBL003C,YNR023W,1,-1.2215632,0.7162162065505981,0.05299999937415123,0.002099999925121665
YIR004W,YKL017C,0,-1.2254484,0.7066666483879089,0.05299999937415123,0.002199999988079071
YNL021W,YBL008W,1,-1.23347,0.7105262875556946,0.05400000140070915,0.002199999988079071
YBR009C,YHR119W,1,-1.234936,0.7142857313156128,0.054999999701976776,0.002199999988079071
YLR246W,YDR160W,0,-1.2360115,0.7051281929016113,0.054999999701976776,0.002300000051036477
YLR330W,YNL290W,0,-1.2441587,0.6962025165557861,0.054999999701976776,0.002400000113993883
YPR034W,YML102W,1,-1.2482455,0.699999988079071,0.0560000017285347,0.002400000113993883
YLR285W,YBL052C,1,-1.249402,0.7037037014961243,0.05700000002980232,0.002400000113993883
YDR224C,YDR145W,1,-1.2542052,0.707317054271698,0.057999998331069946,0.002400000113993883
YNL021W,YNL107W,1,-1.2552779,0.7108433842658997,0.05900000035762787,0.002400000113993883
YOR249C,YPR052C,1,-1.2604408,0.7142857313156128,0.05999999865889549,0.002400000113993883
YER030W,YDL002C,1,-1.2659911,0.7176470756530762,0.061000000685453415,0.002400000113993883
YGR119C,YHR205W,0,-1.2742218,0.7093023061752319,0.061000000685453415,0.0024999999441206455
YBR279W,YIL126W,1,-1.2796791,0.7126436829566956,0.06199999898672104,0.0024999999441206455
YML127W,YCR084C,1,-1.280106,0.7159090638160706,0.06300000101327896,0.0024999999441206455
YDL143W,YOR181W,0,-1.2914844,0.7078651785850525,0.06300000101327896,0.0026000000070780516
YGR002C,YNL107W,1,-1.2960249,0.7111111283302307,0.06400000303983688,0.0026000000070780516
YMR275C,YPL011C,0,-1.3112997,0.7032967209815979,0.06400000303983688,0.0027000000700354576
YBL003C,YLR272C,1,-1.3123704,0.70652174949646,0.06499999761581421,0.0027000000700354576
YNL021W,YBL006C,1,-1.3206547,0.7096773982048035,0.06599999964237213,0.0027000000700354576
YOR058C,YDR013W,0,-1.3225608,0.7021276354789734,0.06599999964237213,0.00279999990016222
YGL222C,YJL192C,0,-1.3227987,0.6947368383407593,0.06599999964237213,0.002899999963119626
YDL143W,YPR072W,0,-1.3356532,0.6875,0.06599999964237213,0.003000000026077032
YBR175W,YDR145W,1,-1.3365507,0.6907216310501099,0.06700000166893005,0.003000000026077032
YLR095C,YPL139C,1,-1.3409415,0.6938775777816772,0.06800000369548798,0.003000000026077032
YNL085W,YMR182C,0,-1.3428305,0.6868686676025391,0.06800000369548798,0.003100000089034438
YMR075W,YGL112C,1,-1.348987,0.6899999976158142,0.0689999982714653,0.003100000089034438
YDR096W,YDR295C,1,-1.3710028,0.6930692791938782,0.07000000029802322,0.003100000089034438
YGR120C,YGL025C,0,-1.3782548,0.686274528503418,0.07000000029802322,0.0031999999191612005
YPL001W,YCL010C,1,-1.3791254,0.6893203854560852,0.07100000232458115,0.0031999999191612005
YPL160W,YLR268W,0,-1.3858432,0.682692289352417,0.07100000232458115,0.0032999999821186066
YMR212C,YDL225W,0,-1.3978474,0.6761904954910278,0.07100000232458115,0.0034000000450760126
YGL058W,YDR181C,1,-1.3983092,0.6792452931404114,0.07199999690055847,0.0034000000450760126
YFR037C,YIL084C,1,-1.3999957,0.6822429895401001,0.0729999989271164,0.0034000000450760126
YDR176W,YMR236W,1,-1.4020824,0.6851851940155029,0.07400000095367432,0.0034000000450760126
YGL065C,YCR066W,0,-1.4052871,0.6788991093635559,0.07400000095367432,0.0035000001080334187
YFR037C,YDR469W,1,-1.4110936,0.6818181872367859,0.07500000298023224,0.0035000001080334187
YER133W,YGR002C,1,-1.4113376,0.684684693813324,0.07599999755620956,0.0035000001080334187
YLR433C,YHR079C,0,-1.4139864,0.6785714030265808,0.07599999755620956,0.003599999938160181
YJL111W,YER112W,0,-1.4148024,0.6725663542747498,0.07599999755620956,0.003700000001117587
YBR015C,YNL099C,0,-1.4159817,0.6666666865348816,0.07599999755620956,0.003800000064074993
YJL034W,YOL031C,0,-1.4162596,0.6608695387840271,0.07599999755620956,0.0038999998942017555
YDR110W,YOR191W,1,-1.4183263,0.6637930870056152,0.07699999958276749,0.0038999998942017555
YJR083C,YML098W,0,-1.4199796,0.6581196784973145,0.07699999958276749,0.004000000189989805
YIL150C,YMR263W,1,-1.4200152,0.6610169410705566,0.07800000160932541,0.004000000189989805
YGR252W,YLR357W,1,-1.424386,0.6638655662536621,0.07900000363588333,0.004000000189989805
YJL065C,YCR052W,1,-1.426564,0.6666666865348816,0.07999999821186066,0.004000000189989805
YDR310C,YPL016W,1,-1.4281822,0.6694214940071106,0.08100000023841858,0.004000000189989805
YBR095C,YHL025W,1,-1.4296907,0.6721311211585999,0.0820000022649765,0.004000000189989805
YML065W,YCR033W,1,-1.4388428,0.6747967600822449,0.08299999684095383,0.004000000189989805
YOL145C,YBR009C,1,-1.4416837,0.6774193644523621,0.08399999886751175,0.004000000189989805
YBL003C,YDR181C,1,-1.4424832,0.6800000071525574,0.08500000089406967,0.004000000189989805
YIL126W,YDR145W,1,-1.4443501,0.682539701461792,0.0860000029206276,0.004000000189989805
YNL021W,YDR167W,1,-1.445783,0.6850393414497375,0.08699999749660492,0.004000000189989805
YPR057W,YJL085W,0,-1.4461398,0.6796875,0.08699999749660492,0.004100000020116568
YGR276C,YPR108W,0,-1.4478848,0.6744186282157898,0.08699999749660492,0.00419999985024333
YDR176W,YCL010C,1,-1.451605,0.6769230961799622,0.08799999952316284,0.00419999985024333
YNL059C,YDR071C,1,-1.4542543,0.6793892979621887,0.08900000154972076,0.00419999985024333
YBL069W,YGL061C,0,-1.4566985,0.6742424368858337,0.08900000154972076,0.00430000014603138
YOR025W,YER120W,1,-1.4577621,0.6766917109489441,0.09000000357627869,0.00430000014603138
YNL003C,YLL013C,0,-1.4657834,0.6716417670249939,0.09000000357627869,0.004399999976158142
YBL003C,YFR037C,1,-1.4662536,0.6740740537643433,0.09099999815225601,0.004399999976158142
YPR023C,YDR295C,1,-1.4686829,0.6764705777168274,0.09200000017881393,0.004399999976158142
YER088C,YDR303C,1,-1.4763054,0.6788321137428284,0.09300000220537186,0.004399999976158142
YLL043W,YMR167W,0,-1.488566,0.6739130616188049,0.09300000220537186,0.0044999998062849045
YGL014W,YCR052W,1,-1.48948,0.6762589812278748,0.09399999678134918,0.0044999998062849045
YNL031C,YBL052C,1,-1.4932154,0.6785714030265808,0.0949999988079071,0.0044999998062849045
YDL002C,YMR075W,1,-1.4979082,0.6808510422706604,0.09600000083446503,0.0044999998062849045
YNL314W,YFL005W,0,-1.4991617,0.6760563254356384,0.09600000083446503,0.004600000102072954
YGR278W,YDL108W,0,-1.5006422,0.6713286638259888,0.09600000083446503,0.004699999932199717
YNL021W,YMR236W,1,-1.5030575,0.6736111044883728,0.09700000286102295,0.004699999932199717
YPR179C,YDR176W,1,-1.5040299,0.6758620738983154,0.09799999743700027,0.004699999932199717
YCR048W,YNL291C,0,-1.510502,0.6712328791618347,0.09799999743700027,0.004800000227987766
YER017C,YPR025C,0,-1.5106652,0.6666666865348816,0.09799999743700027,0.004900000058114529
YKR019C,YDR176W,1,-1.5108865,0.6689189076423645,0.0989999994635582,0.004900000058114529
YBR095C,YCR084C,1,-1.5110239,0.6711409687995911,0.10000000149011612,0.004900000058114529
YNL031C,YDR181C,1,-1.5151842,0.6733333468437195,0.10100000351667404,0.004900000058114529
YDR110W,YMR069W,1,-1.517306,0.6754966974258423,0.10199999809265137,0.004900000058114529
YAL047C,YHR039C-A,0,-1.5174755,0.6710526347160339,0.10199999809265137,0.004999999888241291
YBL006C,YFR037C,1,-1.5233805,0.673202633857727,0.10300000011920929,0.004999999888241291
YBL085W,YBR102C,0,-1.527332,0.6688311696052551,0.10300000011920929,0.005100000184029341
YDR303C,YKR029C,1,-1.527807,0.6709677577018738,0.10400000214576721,0.005100000184029341
YLR368W,YDR456W,0,-1.5281441,0.6666666865348816,0.10400000214576721,0.005200000014156103
YER166W,YLR291C,0,-1.5303942,0.662420392036438,0.10400000214576721,0.0052999998442828655
YLR357W,YCR052W,1,-1.5345523,0.6645569801330566,0.10499999672174454,0.0052999998442828655
YMR277W,YOR373W,0,-1.5370256,0.6603773832321167,0.10499999672174454,0.005400000140070915
YPR128C,YGR007W,0,-1.5404489,0.65625,0.10499999672174454,0.005499999970197678
YNL206C,YDR145W,1,-1.5436329,0.6583850979804993,0.10599999874830246,0.005499999970197678
YER030W,YOR279C,1,-1.5454389,0.6604938507080078,0.10700000077486038,0.005499999970197678
YMR065W,YGL212W,0,-1.5484862,0.6564416885375977,0.10700000077486038,0.00559999980032444
YOR216C,YML115C,0,-1.5507705,0.6524389982223511,0.10700000077486038,0.00570000009611249
YBR279W,YLR033W,1,-1.552636,0.6545454263687134,0.1080000028014183,0.00570000009611249
YKL032C,YNL147W,0,-1.5554954,0.650602400302887,0.1080000028014183,0.005799999926239252
YDR183W,YAR008W,0,-1.5587097,0.6467065811157227,0.1080000028014183,0.005900000222027302
YLR418C,YPL235W,1,-1.5615885,0.648809552192688,0.10899999737739563,0.005900000222027302
YIL150C,YIL084C,1,-1.5664781,0.6508875489234924,0.10999999940395355,0.005900000222027302
YLR135W,YAL047C,0,-1.5669495,0.6470588445663452,0.10999999940395355,0.006000000052154064
YLR033W,YGL112C,1,-1.5689782,0.6491228342056274,0.11100000143051147,0.006000000052154064
YNL059C,YBR009C,1,-1.5704472,0.6511628031730652,0.1120000034570694,0.006000000052154064
YLR314C,YDR318W,0,-1.5715373,0.647398829460144,0.1120000034570694,0.006099999882280827
YJL061W,YGR172C,0,-1.5774547,0.6436781883239746,0.1120000034570694,0.006200000178068876
YDR437W,YNL263C,0,-1.5777425,0.6399999856948853,0.1120000034570694,0.006300000008195639
YLR418C,YBR175W,1,-1.5804638,0.6420454382896423,0.11299999803304672,0.006300000008195639
YDL225W,YKL173W,0,-1.581005,0.6384180784225464,0.11299999803304672,0.006399999838322401
YML065W,YKR029C,1,-1.581493,0.6404494643211365,0.11400000005960464,0.006399999838322401
YMR285C,YHR205W,0,-1.5838271,0.6368715167045593,0.11400000005960464,0.006500000134110451
YIL112W,YGL252C,1,-1.586963,0.6388888955116272,0.11500000208616257,0.006500000134110451
YPR034W,YML065W,1,-1.5892553,0.6408839821815491,0.11599999666213989,0.006500000134110451
YDR143C,YKL018W,1,-1.5907015,0.6428571343421936,0.11699999868869781,0.006500000134110451
YIR009W,YDR023W,0,-1.5989723,0.6393442749977112,0.11699999868869781,0.006599999964237213
YLR145W,YHR167W,0,-1.6041799,0.635869562625885,0.11699999868869781,0.0066999997943639755
YDR386W,YML013W,0,-1.6074314,0.6324324607849121,0.11699999868869781,0.006800000090152025
YFL024C,YOL006C,1,-1.6076832,0.6344085931777954,0.11800000071525574,0.006800000090152025
YCL029C,YML015C,0,-1.6100242,0.6310160160064697,0.11800000071525574,0.006899999920278788
YDR460W,YOL109W,0,-1.6195527,0.6276595592498779,0.11800000071525574,0.007000000216066837
YBL006C,YPR052C,1,-1.6206387,0.6296296119689941,0.11900000274181366,0.007000000216066837
YER021W,YML034W,0,-1.6215811,0.6263157725334167,0.11900000274181366,0.0071000000461936
YPR023C,YDR167W,1,-1.6221781,0.6282722353935242,0.11999999731779099,0.0071000000461936
YBR245C,YPL047W,1,-1.6239103,0.6302083134651184,0.12099999934434891,0.0071000000461936
YDR421W,YMR039C,0,-1.6242267,0.6269429922103882,0.12099999934434891,0.007199999876320362
YKR048C,YKR029C,1,-1.6318457,0.6288659572601318,0.12200000137090683,0.007199999876320362
YJL115W,YNR023W,1,-1.6348928,0.6307692527770996,0.12300000339746475,0.007199999876320362
YPR034W,YDL236W,1,-1.6350902,0.6326530575752258,0.12399999797344208,0.007199999876320362
YLR035C,YML076C,0,-1.6356848,0.6294416189193726,0.12399999797344208,0.007300000172108412
YLR052W,YIL150C,1,-1.6360575,0.631313145160675,0.125,0.007300000172108412
YMR041C,YOL042W,0,-1.6386607,0.6281406879425049,0.125,0.007400000002235174
YDL002C,YDR181C,1,-1.6392488,0.6299999952316284,0.12600000202655792,0.007400000002235174
YJL183W,YIL114C,0,-1.6459216,0.6268656849861145,0.12600000202655792,0.007499999832361937
YDR143C,YIL084C,1,-1.6493471,0.6287128925323486,0.12700000405311584,0.007499999832361937
YDL160C,YNR059W,0,-1.6556913,0.6256157755851746,0.12700000405311584,0.007600000128149986
YIR009W,YLR262C,0,-1.6560587,0.6225489974021912,0.12700000405311584,0.007699999958276749
YMR047C,YGR221C,0,-1.6580833,0.6195122003555298,0.12700000405311584,0.007799999788403511
YPR072W,YDR013W,0,-1.6590184,0.6165048480033875,0.12700000405311584,0.007899999618530273
YMR112C,YDR201W,0,-1.6631962,0.6135265827178955,0.12700000405311584,0.00800000037997961
YML034W,YMR054W,0,-1.6662463,0.6105769276618958,0.12700000405311584,0.008100000210106373
YOR061W,YKR063C,0,-1.6697329,0.6076555252075195,0.12700000405311584,0.008200000040233135
YDR110W,YKL018W,1,-1.6793913,0.6095238327980042,0.12800000607967377,0.008200000040233135
YOR198C,YLR045C,0,-1.679452,0.6066350936889648,0.12800000607967377,0.008299999870359898
YNL059C,YDR176W,1,-1.6804162,0.6084905862808228,0.1289999932050705,0.008299999870359898
YNL243W,YDL015C,0,-1.6814271,0.6056337952613831,0.1289999932050705,0.00839999970048666
YGR274C,YMR077C,0,-1.6819481,0.6028037667274475,0.1289999932050705,0.008500000461935997
YEL061C,YHR154W,0,-1.6831181,0.6000000238418579,0.1289999932050705,0.00860000029206276
YER030W,YGL133W,1,-1.6839573,0.6018518805503845,0.12999999523162842,0.00860000029206276
YER122C,YBR098W,0,-1.6843138,0.599078357219696,0.12999999523162842,0.008700000122189522
YPL112C,YDR201W,0,-1.6847544,0.5963302850723267,0.12999999523162842,0.008799999952316284
YOL088C,YOR140W,0,-1.6849698,0.5936073064804077,0.12999999523162842,0.008899999782443047
YBR279W,YDR334W,1,-1.6862003,0.5954545736312866,0.13099999725818634,0.008899999782443047
YCL029C,YHR108W,0,-1.6888382,0.5927602052688599,0.13099999725818634,0.008999999612569809
YLR163C,YPL011C,0,-1.697062,0.5900900959968567,0.13099999725818634,0.009100000374019146
YBR135W,YGR120C,0,-1.6988919,0.5874439477920532,0.13099999725818634,0.009200000204145908
YBL032W,YPL106C,0,-1.7011801,0.5848214030265808,0.13099999725818634,0.00930000003427267
YCR071C,YGR238C,0,-1.7095481,0.5822222232818604,0.13099999725818634,0.009399999864399433
YPR052C,YBR258C,1,-1.7142446,0.5840708017349243,0.13199999928474426,0.009399999864399433
YMR069W,YCR052W,1,-1.7158006,0.5859031081199646,0.13300000131130219,0.009399999864399433
YDR096W,YMR022W,1,-1.7187108,0.5877193212509155,0.1340000033378601,0.009399999864399433
YML059C,YIL061C,0,-1.720018,0.5851528644561768,0.1340000033378601,0.009499999694526196
YOR023C,YER120W,1,-1.7219602,0.5869565010070801,0.13500000536441803,0.009499999694526196
YIL159W,YLR451W,0,-1.7224795,0.5844155550003052,0.13500000536441803,0.009600000455975533
YEL053C,YNL032W,0,-1.7232803,0.5818965435028076,0.13500000536441803,0.009700000286102295
YDR183W,YGL212W,0,-1.7238466,0.5793991684913635,0.13500000536441803,0.009800000116229057
YLL013C,YKL117W,0,-1.7244874,0.5769230723381042,0.13500000536441803,0.00989999994635582
YBL002W,YLR272C,1,-1.7247959,0.5787234306335449,0.13600000739097595,0.00989999994635582
YLR085C,YMR033W,1,-1.7252485,0.5805084705352783,0.13699999451637268,0.00989999994635582
YFL029C,YKR022C,0,-1.73482,0.5780590772628784,0.13699999451637268,0.009999999776482582
YML086C,YER089C,0,-1.7374493,0.575630247592926,0.13699999451637268,0.010099999606609344
YCR052W,YNL107W,1,-1.7392823,0.5774058699607849,0.1379999965429306,0.010099999606609344
YKL160W,YGR252W,1,-1.7394888,0.5791666507720947,0.13899999856948853,0.010099999606609344
YGL211W,YMR061W,0,-1.7467867,0.5767635107040405,0.13899999856948853,0.010200000368058681
YML112W,YML015C,0,-1.7486969,0.5743801593780518,0.13899999856948853,0.010300000198185444
YBR258C,YNL246W,1,-1.7491373,0.5761317014694214,0.14000000059604645,0.010300000198185444
YNL068C,YLR116W,0,-1.7506737,0.5737704634666443,0.14000000059604645,0.010400000028312206
YLR229C,YDL044C,0,-1.7519618,0.5714285969734192,0.14000000059604645,0.010499999858438969
YML015C,YLR181C,0,-1.7523149,0.5691056847572327,0.14000000059604645,0.010599999688565731
YBR039W,YGR072W,0,-1.7535402,0.5668016076087952,0.14000000059604645,0.010700000450015068
YPL084W,YML095C,0,-1.7561778,0.5645161271095276,0.14000000059604645,0.01080000028014183
YOL017W,YNL135C,1,-1.7562169,0.5662650465965271,0.14100000262260437,0.01080000028014183
YJL110C,YFL008W,0,-1.7611176,0.5640000104904175,0.14100000262260437,0.010900000110268593
YOL145C,YLR357W,1,-1.7615879,0.5657370686531067,0.1420000046491623,0.010900000110268593
YHL025W,YNL107W,1,-1.7636658,0.567460298538208,0.14300000667572021,0.010900000110268593
YOR279C,YKR029C,1,-1.7651032,0.5691699385643005,0.14399999380111694,0.010900000110268593
YKL089W,YJL156C,0,-1.7670064,0.5669291615486145,0.14399999380111694,0.010999999940395355
YMR033W,YBL008W,1,-1.7680687,0.5686274766921997,0.14499999582767487,0.010999999940395355
YGR276C,YJL036W,0,-1.7681961,0.56640625,0.14499999582767487,0.011099999770522118
YPL115C,YER027C,0,-1.768596,0.5642023086547852,0.14499999582767487,0.01119999960064888
YMR033W,YGR002C,1,-1.7780478,0.565891444683075,0.1459999978542328,0.01119999960064888
YPL106C,YIL022W,0,-1.7782117,0.5637065768241882,0.1459999978542328,0.011300000362098217
YPR176C,YGR121C,0,-1.7783242,0.5615384578704834,0.1459999978542328,0.01140000019222498
YOR023C,YBR245C,1,-1.7790316,0.5632184147834778,0.1469999998807907,0.01140000019222498
YBR245C,YGR002C,1,-1.7826458,0.5648854970932007,0.14800000190734863,0.01140000019222498
YNL136W,YBL008W,1,-1.7850059,0.5665399432182312,0.14900000393390656,0.01140000019222498
YLL004W,YKR029C,1,-1.7879716,0.5681818127632141,0.15000000596046448,0.01140000019222498
YAL021C,YNL245C,0,-1.788258,0.5660377144813538,0.15000000596046448,0.011500000022351742
YIL150C,YML127W,1,-1.788807,0.567669153213501,0.1509999930858612,0.011500000022351742
YPL254W,YDR145W,1,-1.7939112,0.5692883729934692,0.15199999511241913,0.011500000022351742
YJL030W,YPR107C,0,-1.7955141,0.5671641826629639,0.15199999511241913,0.011599999852478504
YNL148C,YLR192C,0,-1.7960455,0.565055787563324,0.15199999511241913,0.011699999682605267
YMR263W,YOR064C,1,-1.7963768,0.5666666626930237,0.15299999713897705,0.011699999682605267
YPR034W,YOR290C,1,-1.7978109,0.5682656764984131,0.15399999916553497,0.011699999682605267
YIL150C,YDR303C,1,-1.7979664,0.5698529481887817,0.1550000011920929,0.011699999682605267
YBR098W,YMR270C,0,-1.8030168,0.5677655935287476,0.1550000011920929,0.011800000444054604
YDL217C,YGR072W,0,-1.8032967,0.5656934380531311,0.1550000011920929,0.011900000274181366
YNL261W,YHR119W,1,-1.8034043,0.5672727227210999,0.15600000321865082,0.011900000274181366
YDR311W,YGL210W,0,-1.8040326,0.5652173757553101,0.15600000321865082,0.012000000104308128
YOR244W,YBR095C,1,-1.8048558,0.5667870044708252,0.15700000524520874,0.012000000104308128
YHL002W,YAR002W,0,-1.805173,0.564748227596283,0.15700000524520874,0.01209999993443489
YMR219W,YDL076C,1,-1.8069221,0.5663082599639893,0.15800000727176666,0.01209999993443489
YNL102W,YNL244C,0,-1.8097646,0.5642856955528259,0.15800000727176666,0.012199999764561653
YJL115W,YPL116W,1,-1.8097869,0.5658363103866577,0.1589999943971634,0.012199999764561653
YLL004W,YPL047W,1,-1.8106288,0.567375898361206,0.1599999964237213,0.012199999764561653
YLR396C,YOR129C,0,-1.8114485,0.565371036529541,0.1599999964237213,0.012299999594688416
YJL110C,YJL025W,0,-1.8131508,0.5633803009986877,0.1599999964237213,0.012400000356137753
YPL001W,YBL008W,1,-1.8142648,0.5649122595787048,0.16099999845027924,0.012400000356137753
YBR121C,YLR417W,0,-1.8153331,0.5629370808601379,0.16099999845027924,0.012500000186264515
YJR144W,YOL094C,0,-1.8170581,0.5609756112098694,0.16099999845027924,0.012600000016391277
YLR028C,YGL045W,0,-1.8187652,0.5590277910232544,0.16099999845027924,0.01269999984651804
YOR038C,YOR191W,1,-1.8198701,0.5605536103248596,0.16200000047683716,0.01269999984651804
YGL253W,YNL131W,0,-1.8232679,0.5586206912994385,0.16200000047683716,0.012799999676644802
YGL018C,YCL043C,0,-1.8236169,0.5567010045051575,0.16200000047683716,0.012900000438094139
YIL131C,YCR084C,1,-1.8250898,0.5582191944122314,0.16300000250339508,0.012900000438094139
YOL094C,YER123W,0,-1.8261207,0.5563139915466309,0.16300000250339508,0.013000000268220901
YNL206C,YJL168C,1,-1.8278927,0.557823121547699,0.164000004529953,0.013000000268220901
YFL039C,YDR392W,1,-1.8300408,0.5593220591545105,0.16500000655651093,0.013000000268220901
YMR219W,YDR334W,1,-1.8314544,0.5608108043670654,0.16599999368190765,0.013000000268220901
YBR112C,YBR258C,1,-1.8342583,0.5622895359992981,0.16699999570846558,0.013000000268220901
YOR025W,YMR236W,1,-1.8346564,0.563758373260498,0.1679999977350235,0.013000000268220901
YPR135W,YOR216C,0,-1.8354126,0.5618728995323181,0.1679999977350235,0.013100000098347664
YBR215W,YAL011W,1,-1.8377807,0.5633333325386047,0.16899999976158142,0.013100000098347664
YDR219C,YPR107C,0,-1.8413814,0.5614618062973022,0.16899999976158142,0.013199999928474426
YDR311W,YLR234W,0,-1.8418533,0.559602677822113,0.16899999976158142,0.013299999758601189
YBR245C,YLL002W,1,-1.8424014,0.5610560774803162,0.17000000178813934,0.013299999758601189
YGL005C,YML001W,0,-1.8450221,0.5592105388641357,0.17000000178813934,0.013399999588727951
YCR052W,YIL126W,1,-1.8465053,0.5606557130813599,0.17100000381469727,0.013399999588727951
YHR086W,YKL079W,0,-1.8471607,0.5588235259056091,0.17100000381469727,0.013500000350177288
YFL039C,YBR279W,1,-1.8472077,0.5602605938911438,0.1720000058412552,0.013500000350177288
YDL197C,YNR023W,1,-1.8496652,0.5616883039474487,0.17299999296665192,0.013500000350177288
YKL032C,YJL203W,0,-1.8506523,0.5598705410957336,0.17299999296665192,0.01360000018030405
YNL097C,YDR207C,1,-1.8510405,0.5612903237342834,0.17399999499320984,0.01360000018030405
YGL194C,YCR033W,1,-1.8522711,0.5627009868621826,0.17499999701976776,0.01360000018030405
YNL262W,YNL206C,1,-1.85387,0.5641025900840759,0.17599999904632568,0.01360000018030405
YPL255W,YOL112W,0,-1.8548627,0.5623003244400024,0.17599999904632568,0.013700000010430813
YCL029C,YAR008W,0,-1.8554827,0.5605095624923706,0.17599999904632568,0.013799999840557575
YDR334W,YDR207C,1,-1.8562902,0.561904788017273,0.1770000010728836,0.013799999840557575
YBR009C,YJL176C,1,-1.8567444,0.5632911324501038,0.17800000309944153,0.013799999840557575
YLR453C,YPR189W,0,-1.8573431,0.5615141987800598,0.17800000309944153,0.013899999670684338
YDL108W,YMR270C,0,-1.859911,0.5597484111785889,0.17800000309944153,0.014000000432133675
YOR023C,YJL065C,1,-1.8630222,0.5611284971237183,0.17900000512599945,0.014000000432133675
YDR235W,YOR075W,0,-1.8645265,0.559374988079071,0.17900000512599945,0.014100000262260437
YML127W,YBR175W,1,-1.8648003,0.5607476830482483,0.18000000715255737,0.014100000262260437
YPL112C,YKL154W,0,-1.8650438,0.5590062141418457,0.18000000715255737,0.0142000000923872
YDR110W,YGL058W,1,-1.869331,0.5603715181350708,0.1809999942779541,0.0142000000923872
YGL174W,YDR245W,0,-1.8719201,0.5586419701576233,0.1809999942779541,0.014299999922513962
YBR040W,YMR298W,0,-1.8730999,0.5569230914115906,0.1809999942779541,0.014399999752640724
YOR025W,YPL128C,1,-1.8741369,0.558282196521759,0.18199999630451202,0.014399999752640724
YML102W,YKR029C,1,-1.8744553,0.5596330165863037,0.18299999833106995,0.014399999752640724
YNL258C,YJL156C,0,-1.8756801,0.5579268336296082,0.18299999833106995,0.014499999582767487
YMR048W,YMR302C,0,-1.8767995,0.5562310218811035,0.18299999833106995,0.014600000344216824
YDL197C,YDR073W,1,-1.8771316,0.5575757622718811,0.18400000035762787,0.014600000344216824
YMR075W,YLR272C,1,-1.8772452,0.5589123964309692,0.1850000023841858,0.014600000344216824
YNL059C,YPL254W,1,-1.8778697,0.5602409839630127,0.1860000044107437,0.014600000344216824
YGR140W,YGR120C,0,-1.878665,0.5585585832595825,0.1860000044107437,0.014700000174343586
YBR177C,YGR254W,0,-1.8807744,0.5568862557411194,0.1860000044107437,0.014800000004470348
YBR278W,YBR009C,1,-1.8818208,0.5582089424133301,0.18700000643730164,0.014800000004470348
YMR263W,YDR207C,1,-1.8824657,0.5595238208770752,0.18799999356269836,0.014800000004470348
YML034W,YPR173C,0,-1.8853034,0.5578634738922119,0.18799999356269836,0.01489999983459711
YLL002W,YNL107W,1,-1.8874074,0.5591716170310974,0.1889999955892563,0.01489999983459711
YDR463W,YGL098W,0,-1.8897293,0.5575221180915833,0.1889999955892563,0.014999999664723873
YKR019C,YOL006C,1,-1.8909532,0.5588235259056091,0.1899999976158142,0.014999999664723873
YPR068C,YDR469W,1,-1.89245,0.5601173043251038,0.19099999964237213,0.014999999664723873
YOR058C,YOR217W,0,-1.8925947,0.5584795475006104,0.19099999964237213,0.01510000042617321
YOL011W,YGL115W,0,-1.8946556,0.556851327419281,0.19099999964237213,0.015200000256299973
YKL005C,YNL071W,0,-1.8982348,0.555232584476471,0.19099999964237213,0.015300000086426735
YIL095W,YHL027W,0,-1.9000148,0.5536231994628906,0.19099999964237213,0.015399999916553497
YKL160W,YLR285W,1,-1.9033861,0.5549132823944092,0.19200000166893005,0.015399999916553497
YDL088C,YCR038C,0,-1.90424,0.5533141493797302,0.19200000166893005,0.01549999974668026
YLR398C,YOR089C,0,-1.9052049,0.5517241358757019,0.19200000166893005,0.015599999576807022
YEL056W,YJL168C,1,-1.9075935,0.5530086159706116,0.19300000369548798,0.015599999576807022
YNL027W,YNL139C,0,-1.9077277,0.5514285564422607,0.19300000369548798,0.015699999406933784
YLR015W,YDR207C,1,-1.9082705,0.5527065396308899,0.1940000057220459,0.015699999406933784
YEL009C,YOL138C,0,-1.9083354,0.5511363744735718,0.1940000057220459,0.015799999237060547
YOR061W,YGR162W,0,-1.9108413,0.5495750904083252,0.1940000057220459,0.01590000092983246
YNL059C,YPR052C,1,-1.9123174,0.5508474707603455,0.19499999284744263,0.01590000092983246
YDL207W,YIL016W,0,-1.9130079,0.5492957830429077,0.19499999284744263,0.01600000075995922
YKR048C,YMR106C,1,-1.9155111,0.550561785697937,0.19599999487400055,0.01600000075995922
YDR162C,YBL025W,0,-1.917338,0.5490196347236633,0.19599999487400055,0.016100000590085983
YER172C,YKL028W,0,-1.9185303,0.5474860072135925,0.19599999487400055,0.016200000420212746
YLR113W,YBL011W,0,-1.9199051,0.5459610223770142,0.19599999487400055,0.016300000250339508
YKR019C,YMR263W,1,-1.9203075,0.5472221970558167,0.19699999690055847,0.016300000250339508
YDR172W,YNL229C,0,-1.9215635,0.5457063913345337,0.19699999690055847,0.01640000008046627
YPL133C,YMR234W,0,-1.922354,0.5441988706588745,0.19699999690055847,0.016499999910593033
YDR289C,YDL092W,0,-1.927779,0.5426997542381287,0.19699999690055847,0.016599999740719795
YDR288W,YOR259C,0,-1.9296683,0.541208803653717,0.19699999690055847,0.016699999570846558
YKL017C,YOR089C,0,-1.9305592,0.5397260189056396,0.19699999690055847,0.01679999940097332
YDR457W,YKL041W,0,-1.9307292,0.5382513403892517,0.19699999690055847,0.016899999231100082
YPR008W,YJR094C,0,-1.931301,0.5367847681045532,0.19699999690055847,0.017000000923871994
YER051W,YLR033W,1,-1.933535,0.5380434989929199,0.1979999989271164,0.017000000923871994
YBR095C,YBR231C,1,-1.934437,0.5392953753471375,0.19900000095367432,0.017000000923871994
YOL130W,YOR195W,0,-1.9369642,0.5378378629684448,0.19900000095367432,0.017100000753998756
YAL013W,YDR071C,1,-1.9372076,0.5390835404396057,0.20000000298023224,0.017100000753998756
YNL163C,YFL008W,0,-1.937688,0.5376344323158264,0.20000000298023224,0.01720000058412552
YGR227W,YBL093C,0,-1.9376968,0.5361930131912231,0.20000000298023224,0.01730000041425228
YML102W,YDR439W,1,-1.9437474,0.5374331474304199,0.20100000500679016,0.01730000041425228
YDL108W,YOL042W,0,-1.943863,0.5360000133514404,0.20100000500679016,0.017400000244379044
YDL076C,YDR167W,1,-1.9449136,0.5372340679168701,0.20200000703334808,0.017400000244379044
YER133W,YPL001W,1,-1.9457155,0.5384615659713745,0.2029999941587448,0.017400000244379044
YJR083C,YDL235C,0,-1.9463702,0.5370370149612427,0.2029999941587448,0.017500000074505806
YNL206C,YHR119W,1,-1.9466628,0.5382585525512695,0.20399999618530273,0.017500000074505806
YOL145C,YAL011W,1,-1.9492112,0.5394737124443054,0.20499999821186066,0.017500000074505806
YPL115C,YJL036W,0,-1.9503478,0.5380577445030212,0.20499999821186066,0.01759999990463257
YDL043C,YER148W,0,-1.9510769,0.536649227142334,0.20499999821186066,0.01769999973475933
YNL031C,YJL127C,1,-1.9548339,0.5378590226173401,0.20600000023841858,0.01769999973475933
YER030W,YJL168C,1,-1.9562035,0.5390625,0.2070000022649765,0.01769999973475933
YER013W,YNL273W,0,-1.9565849,0.5376623272895813,0.2070000022649765,0.017799999564886093
YBR231C,YDR145W,1,-1.9574442,0.5388600826263428,0.20800000429153442,0.017799999564886093
YER133W,YDL002C,1,-1.9575047,0.5400516986846924,0.20900000631809235,0.017799999564886093
YGL094C,YPR189W,0,-1.9577305,0.5386598110198975,0.20900000631809235,0.017899999395012856
YIL014W,YBL103C,0,-1.9580678,0.5372750759124756,0.20900000631809235,0.017999999225139618
YGL190C,YLR262C,0,-1.9595863,0.535897433757782,0.20900000631809235,0.01810000091791153
YBL011W,YGL095C,0,-1.9599112,0.5345268249511719,0.20900000631809235,0.018200000748038292
YGR134W,YLR016C,0,-1.960167,0.5331632494926453,0.20900000631809235,0.018300000578165054
YER168C,YGR119C,0,-1.9605211,0.5318065881729126,0.20900000631809235,0.018400000408291817
YFR009W,YDL080C,0,-1.9645883,0.5304568409919739,0.20900000631809235,0.01850000023841858
YLR228C,YMR266W,0,-1.9664892,0.5291139483451843,0.20900000631809235,0.01860000006854534
YGL070C,YDR189W,0,-1.9665854,0.5277777910232544,0.20900000631809235,0.018699999898672104
YLR095C,YBR245C,1,-1.9668889,0.5289672613143921,0.20999999344348907,0.018699999898672104
YBR278W,YGR063C,1,-1.9670752,0.5301507711410522,0.210999995470047,0.018699999898672104
YPL008W,YGR085C,0,-1.9695748,0.5288220643997192,0.210999995470047,0.018799999728798866
YDR439W,YIL150C,1,-1.9705801,0.5299999713897705,0.21199999749660492,0.018799999728798866
YBL002W,YKL018W,1,-1.9709846,0.5311720967292786,0.21299999952316284,0.018799999728798866
YDR228C,YMR293C,0,-1.9710213,0.5298507213592529,0.21299999952316284,0.01889999955892563
YKL005C,YMR039C,0,-1.9712965,0.5285359621047974,0.21299999952316284,0.01899999938905239
YIL150C,YDL076C,1,-1.9721786,0.5297029614448547,0.21400000154972076,0.01899999938905239
YML102W,YOR038C,1,-1.9744567,0.5308641791343689,0.2150000035762787,0.01899999938905239
YLR320W,YOR281C,0,-1.9754177,0.5295566320419312,0.2150000035762787,0.019099999219179153
YDR320C,YDR325W,0,-1.9761735,0.5282555222511292,0.2150000035762787,0.019200000911951065
YGL017W,YLR045C,0,-1.9772072,0.5269607901573181,0.2150000035762787,0.019300000742077827
YLR106C,YNL229C,0,-1.9827782,0.5256723761558533,0.2150000035762787,0.01940000057220459
YOR299W,YLR378C,0,-1.9850973,0.5243902206420898,0.2150000035762787,0.019500000402331352
YBR215W,YCR084C,1,-1.9861914,0.525547444820404,0.2160000056028366,0.019500000402331352
YER133W,YNL107W,1,-1.9867349,0.5266990065574646,0.21699999272823334,0.019500000402331352
YIR009W,YDR456W,0,-1.9873611,0.5254237055778503,0.21699999272823334,0.019600000232458115
YJR068W,YDR389W,0,-1.9886249,0.5241546034812927,0.21699999272823334,0.019700000062584877
YGR167W,YER109C,0,-1.9886997,0.5228915810585022,0.21699999272823334,0.01979999989271164
YDR143C,YBL052C,1,-1.9907478,0.5240384340286255,0.21799999475479126,0.01979999989271164
YBR211C,YIL129C,0,-1.9916912,0.5227817893028259,0.21799999475479126,0.019899999722838402
YDR077W,YPR056W,0,-1.9927922,0.5215311050415039,0.21799999475479126,0.019999999552965164
YDR254W,YDL015C,0,-1.9940084,0.5202863812446594,0.21799999475479126,0.020099999383091927
YLR357W,YDR207C,1,-1.994424,0.5214285850524902,0.21899999678134918,0.020099999383091927
YMR033W,YBR215W,1,-1.9947624,0.5225653052330017,0.2199999988079071,0.020099999383091927
YLR015W,YGL058W,1,-1.9997858,0.5236966609954834,0.22100000083446503,0.020099999383091927
YNL053W,YLR453C,0,-2.0007243,0.5224586129188538,0.22100000083446503,0.02019999921321869
YPL047W,YBR258C,1,-2.0007296,0.5235849022865295,0.22200000286102295,0.02019999921321869
YPL151C,YNL263C,0,-2.0031414,0.522352933883667,0.22200000286102295,0.0203000009059906
YGL058W,YCR084C,1,-2.0049543,0.5234741568565369,0.22300000488758087,0.0203000009059906
YDR379W,YFR004W,0,-2.0052836,0.5222482681274414,0.22300000488758087,0.020400000736117363
YOL077W-A,YLR303W,0,-2.010417,0.5210280418395996,0.22300000488758087,0.020500000566244125
YPR034W,YER030W,1,-2.0118198,0.5221444964408875,0.2240000069141388,0.020500000566244125
YML062C,YFL008W,0,-2.0125847,0.5209302306175232,0.2240000069141388,0.020600000396370888
YBR245C,YGL112C,1,-2.0130649,0.5220417380332947,0.22499999403953552,0.020600000396370888
YJL168C,YCR084C,1,-2.0135372,0.5231481194496155,0.22599999606609344,0.020600000396370888
YPR029C,YML077W,0,-2.0149713,0.5219399333000183,0.22599999606609344,0.02070000022649765
YDL217C,YKR001C,0,-2.0155072,0.52073734998703,0.22599999606609344,0.020800000056624413
YBR107C,YML062C,0,-2.0156317,0.5195402503013611,0.22599999606609344,0.020899999886751175
YDR420W,YDR463W,0,-2.0158257,0.5183486342430115,0.22599999606609344,0.020999999716877937
YBR207W,YML038C,0,-2.0178645,0.5171624422073364,0.22599999606609344,0.0210999995470047
YIR028W,YOR049C,0,-2.0187035,0.5159817337989807,0.22599999606609344,0.021199999377131462
YGL133W,YMR075W,1,-2.0187411,0.5170843005180359,0.22699999809265137,0.021199999377131462
YHR150W,YER129W,0,-2.0191853,0.5159090757369995,0.22699999809265137,0.021299999207258224
YOR147W,YKL057C,0,-2.0193977,0.5147392153739929,0.22699999809265137,0.021400000900030136
YBL006C,YCR052W,1,-2.019627,0.5158371329307556,0.2280000001192093,0.021400000900030136
YIL095W,YNL169C,0,-2.0218902,0.5146726965904236,0.2280000001192093,0.0215000007301569
YOR026W,YGL212W,0,-2.0229874,0.5135135054588318,0.2280000001192093,0.02160000056028366
YEL056W,YBL003C,1,-2.0232196,0.5146067142486572,0.2290000021457672,0.02160000056028366
YMR213W,YGL212W,0,-2.0233955,0.5134528875350952,0.2290000021457672,0.021700000390410423
YDR205W,YDR126W,0,-2.0255513,0.5123042464256287,0.2290000021457672,0.021800000220537186
YDR191W,YPL128C,1,-2.0260549,0.5133928656578064,0.23000000417232513,0.021800000220537186
YLR291C,YDR472W,0,-2.0260897,0.5122494697570801,0.23000000417232513,0.021900000050663948
YMR247C,YKR101W,1,-2.0267792,0.5133333206176758,0.23100000619888306,0.021900000050663948
YHL003C,YAL023C,0,-2.0281816,0.5121951103210449,0.23100000619888306,0.02199999988079071
YPL055C,YPL139C,1,-2.0288734,0.5132743120193481,0.23199999332427979,0.02199999988079071
YGR119C,YPR161C,0,-2.0308013,0.5121412873268127,0.23199999332427979,0.022099999710917473
YNR033W,YCR077C,0,-2.0335498,0.5110132098197937,0.23199999332427979,0.022199999541044235
YNL256W,YMR113W,0,-2.0337,0.5098901391029358,0.23199999332427979,0.022299999371170998
YBR211C,YLR016C,0,-2.0338726,0.5087719559669495,0.23199999332427979,0.02239999920129776
YKR034W,YDR036C,0,-2.0344605,0.5076586604118347,0.23199999332427979,0.02250000089406967
YDL207W,YMR077C,0,-2.036645,0.5065501928329468,0.23199999332427979,0.022600000724196434
YBL003C,YPL055C,1,-2.0385647,0.5076252818107605,0.2329999953508377,0.022600000724196434
YER030W,YML065W,1,-2.040319,0.508695662021637,0.23399999737739563,0.022600000724196434
YBL032W,YDR159W,0,-2.040566,0.5075922012329102,0.23399999737739563,0.022700000554323196
YLR095C,YMR236W,1,-2.0429907,0.5086579918861389,0.23499999940395355,0.022700000554323196
YOR038C,YDR334W,1,-2.0451827,0.50971919298172,0.23600000143051147,0.022700000554323196
YPR179C,YDR071C,1,-2.046122,0.5107758641242981,0.2370000034570694,0.022700000554323196
YGL252C,YAL011W,1,-2.0469313,0.5118279457092285,0.23800000548362732,0.022700000554323196
YOR025W,YDR303C,1,-2.0481253,0.5128755569458008,0.23899999260902405,0.022700000554323196
YDR279W,YPL122C,0,-2.0484986,0.5117772817611694,0.23899999260902405,0.02280000038444996
YDL197C,YJL176C,1,-2.0494409,0.5128205418586731,0.23999999463558197,0.02280000038444996
YBR245C,YBR279W,1,-2.05089,0.5138592720031738,0.2409999966621399,0.02280000038444996
YPR179C,YPL128C,1,-2.0543694,0.5148935914039612,0.24199999868869781,0.02280000038444996
YER013W,YPR032W,0,-2.0546274,0.5138004422187805,0.24199999868869781,0.02290000021457672
YGL086W,YMR059W,0,-2.056285,0.5127118825912476,0.24199999868869781,0.023000000044703484
YER017C,YDR301W,0,-2.0563626,0.5116279125213623,0.24199999868869781,0.023099999874830246
YHR120W,YPL124W,0,-2.0568242,0.5105485320091248,0.24199999868869781,0.02319999970495701
YBR112C,YBR175W,1,-2.0581198,0.5115789771080017,0.24300000071525574,0.02319999970495701
YIL118W,YBR254C,0,-2.0582666,0.5105041861534119,0.24300000071525574,0.02329999953508377
YNL153C,YGL212W,0,-2.0584226,0.5094339847564697,0.24300000071525574,0.023399999365210533
YDR362C,YDR457W,0,-2.0599365,0.508368194103241,0.24300000071525574,0.023499999195337296
YDR130C,YOL051W,0,-2.0625682,0.5073068737983704,0.24300000071525574,0.023600000888109207
YER095W,YEL002C,0,-2.0630424,0.5062500238418579,0.24300000071525574,0.02370000071823597
YLR028C,YOL059W,0,-2.063243,0.5051975250244141,0.24300000071525574,0.023800000548362732
YLR314C,YDL059C,0,-2.0637484,0.5041493773460388,0.24300000071525574,0.023900000378489494
YNL227C,YKR028W,0,-2.0639832,0.5031055808067322,0.24300000071525574,0.024000000208616257
YNL136W,YKR048C,1,-2.0643024,0.5041322112083435,0.24400000274181366,0.024000000208616257
YKL017C,YLR135W,0,-2.0671206,0.5030927658081055,0.24400000274181366,0.02410000003874302
YOR160W,YDL030W,0,-2.068924,0.5020576119422913,0.24400000274181366,0.02419999986886978
YDL056W,YOR089C,0,-2.0713463,0.5010266900062561,0.24400000274181366,0.024299999698996544
YNL098C,YCR018C,0,-2.0716555,0.5,0.24400000274181366,0.024399999529123306
YLR214W,YPR056W,0,-2.0732243,0.49897751212120056,0.24400000274181366,0.02449999935925007
YLR052W,YGR063C,1,-2.0743546,0.5,0.24500000476837158,0.02449999935925007
YKL040C,YNL099C,0,-2.07558,0.49898168444633484,0.24500000476837158,0.02459999918937683
YPR135W,YHR120W,0,-2.0774474,0.4979674816131592,0.24500000476837158,0.024700000882148743
YBR112C,YJL127C,1,-2.0787916,0.49898579716682434,0.2460000067949295,0.024700000882148743
YNL262W,YJL168C,1,-2.0823598,0.5,0.24699999392032623,0.024700000882148743
YLR028C,YDR103W,0,-2.0840263,0.49898990988731384,0.24699999392032623,0.024800000712275505
YER051W,YKR029C,1,-2.0847535,0.5,0.24799999594688416,0.024800000712275505
YLR433C,YDR159W,0,-2.0867305,0.49899396300315857,0.24799999594688416,0.024900000542402267
YOL066C,YJR049C,0,-2.088128,0.49799197912216187,0.24799999594688416,0.02500000037252903
YMR263W,YCL010C,1,-2.0904546,0.4989979863166809,0.24899999797344208,0.02500000037252903
YER017C,YJR010C-A,0,-2.0936766,0.49799999594688416,0.24899999797344208,0.025100000202655792
YLR015W,YML065W,1,-2.095522,0.49900200963020325,0.25,0.025100000202655792
YIR004W,YPL204W,0,-2.095528,0.49800798296928406,0.25,0.025200000032782555
YML127W,YJL080C,1,-2.098205,0.4990059733390808,0.25099998712539673,0.025200000032782555
YGL071W,YKL032C,0,-2.0996413,0.4980158805847168,0.25099998712539673,0.025299999862909317
YPR072W,YNL151C,0,-2.1000676,0.49702969193458557,0.25099998712539673,0.02539999969303608
YBR089C-A,YMR075W,1,-2.1017532,0.49802371859550476,0.25200000405311584,0.02539999969303608
YBR009C,YBL006C,1,-2.1034908,0.4990138113498688,0.2529999911785126,0.02539999969303608
YGR252W,YML065W,1,-2.1036623,0.5,0.2540000081062317,0.02539999969303608
YCL031C,YPL232W,0,-2.104138,0.4990176856517792,0.2540000081062317,0.025499999523162842
YKR048C,YDR145W,1,-2.104565,0.5,0.2549999952316284,0.025499999523162842
YEL037C,YNL310C,0,-2.1052668,0.4990215301513672,0.2549999952316284,0.025599999353289604
YJL076W,YGR002C,1,-2.1055334,0.5,0.25600001215934753,0.025599999353289604
YBL074C,YJL061W,0,-2.1059642,0.4990253448486328,0.25600001215934753,0.025699999183416367
YLR380W,YBR102C,0,-2.1061707,0.49805447459220886,0.25600001215934753,0.025800000876188278
YJR077C,YOR160W,0,-2.1073146,0.49708738923072815,0.25600001215934753,0.02590000070631504
YBL003C,YNL107W,1,-2.107335,0.49806201457977295,0.25699999928474426,0.02590000070631504
YLR131C,YLR316C,0,-2.1090055,0.4970986545085907,0.25699999928474426,0.026000000536441803
YKR036C,YEL019C,0,-2.1091418,0.4961389899253845,0.25699999928474426,0.026100000366568565
YIR009W,YPL124W,0,-2.1093926,0.4951830506324768,0.25699999928474426,0.026200000196695328
YOL012C,YIL084C,1,-2.1100416,0.4961538314819336,0.257999986410141,0.026200000196695328
YBR278W,YMR247C,1,-2.1103597,0.4971209168434143,0.2590000033378601,0.026200000196695328
YGL180W,YDL159W,0,-2.111566,0.4961685836315155,0.2590000033378601,0.02630000002682209
YJL076W,YKL018W,1,-2.1118357,0.49713194370269775,0.25999999046325684,0.02630000002682209
YKL068W,YLR403W,0,-2.112044,0.49618321657180786,0.25999999046325684,0.026399999856948853
YDR071C,YER125W,1,-2.1120753,0.49714285135269165,0.26100000739097595,0.026399999856948853
YGR252W,YDR295C,1,-2.112368,0.49809885025024414,0.2619999945163727,0.026399999856948853
YML031W,YHR111W,0,-2.1130824,0.49715369939804077,0.2619999945163727,0.026499999687075615
YKL017C,YJL054W,0,-2.1130898,0.4962121248245239,0.2619999945163727,0.026599999517202377
YJL034W,YNL054W,0,-2.1155193,0.4952740967273712,0.2619999945163727,0.02669999934732914
YBL052C,YDR469W,1,-2.1156783,0.49622642993927,0.2630000114440918,0.02669999934732914
YBR231C,YOL006C,1,-2.1173806,0.4971751272678375,0.2639999985694885,0.02669999934732914
YEL015W,YDR288W,0,-2.1193535,0.49624061584472656,0.2639999985694885,0.026799999177455902
YNL272C,YML055W,0,-2.120343,0.4953095614910126,0.2639999985694885,0.026900000870227814
YOR089C,YMR089C,0,-2.1204023,0.49438202381134033,0.2639999985694885,0.027000000700354576
YBR112C,YMR236W,1,-2.1215715,0.4953271150588989,0.26499998569488525,0.027000000700354576
YDR110W,YOR025W,1,-2.1217322,0.4962686598300934,0.26600000262260437,0.027000000700354576
YDL245C,YPL147W,0,-2.1217866,0.49534451961517334,0.26600000262260437,0.02710000053048134
YMR277W,YGR276C,0,-2.1218262,0.4944238066673279,0.26600000262260437,0.0272000003606081
YAL020C,YEL050C,0,-2.1228547,0.4935064911842346,0.26600000262260437,0.027300000190734863
YHR050W,YHL007C,0,-2.1238327,0.49259260296821594,0.26600000262260437,0.027400000020861626
YDR118W,YDL028C,0,-2.1277084,0.4916820824146271,0.26600000262260437,0.027499999850988388
YDR478W,YOR143C,0,-2.1282206,0.49077489972114563,0.26600000262260437,0.02759999968111515
YER125W,YNR023W,1,-2.128284,0.4917127192020416,0.2669999897480011,0.02759999968111515
YOR244W,YJL176C,1,-2.1294985,0.49264705181121826,0.2680000066757202,0.02759999968111515
YGR238C,YJR052W,0,-2.1300406,0.4917431175708771,0.2680000066757202,0.027699999511241913
YKR101W,YNR023W,1,-2.1320415,0.49267399311065674,0.26899999380111694,0.027699999511241913
YOR244W,YBR258C,1,-2.1322885,0.4936014711856842,0.27000001072883606,0.027699999511241913
YGR002C,YBR175W,1,-2.1325703,0.4945255517959595,0.2709999978542328,0.027699999511241913
YLR148W,YBR253W,0,-2.1352098,0.4936247766017914,0.2709999978542328,0.027799999341368675
YJL065C,YCL010C,1,-2.13688,0.49454545974731445,0.2720000147819519,0.027799999341368675
YDR096W,YBR258C,1,-2.1376476,0.4954628050327301,0.27300000190734863,0.027799999341368675
YDR386W,YMR285C,0,-2.1401615,0.4945652186870575,0.27300000190734863,0.027899999171495438
YER030W,YMR219W,1,-2.1406903,0.49547919631004333,0.27399998903274536,0.027899999171495438
YJL124C,YGL213C,0,-2.141039,0.4945848286151886,0.27399998903274536,0.02800000086426735
YHR023W,YLR362W,0,-2.1413078,0.49369367957115173,0.27399998903274536,0.02810000069439411
YKR036C,YPL022W,0,-2.1443357,0.49280574917793274,0.27399998903274536,0.028200000524520874
YBL008W,YHL025W,1,-2.1444588,0.4937163293361664,0.2750000059604645,0.028200000524520874
YLR135W,YJL029C,0,-2.1448193,0.4928315281867981,0.2750000059604645,0.028300000354647636
YOL145C,YLL004W,1,-2.1466718,0.4937388300895691,0.2759999930858612,0.028300000354647636
YMR032W,YML115C,0,-2.1498938,0.4928571283817291,0.2759999930858612,0.0284000001847744
YGR006W,YDR389W,0,-2.1515837,0.49197861552238464,0.2759999930858612,0.02850000001490116
YML127W,YPL016W,1,-2.1515906,0.49288254976272583,0.2770000100135803,0.02850000001490116
YIL140W,YLR183C,0,-2.1531148,0.4920071065425873,0.2770000100135803,0.028599999845027924
YHR031C,YMR013C,0,-2.1540847,0.49113476276397705,0.2770000100135803,0.028699999675154686
YNL021W,YBR195C,1,-2.1566699,0.4920353889465332,0.27799999713897705,0.028699999675154686
YBL052C,YKR042W,1,-2.1580107,0.49293285608291626,0.27900001406669617,0.028699999675154686
YNL261W,YGR002C,1,-2.1594028,0.4938271641731262,0.2800000011920929,0.028699999675154686
YKR019C,YPR018W,1,-2.1613312,0.4947183132171631,0.2809999883174896,0.028699999675154686
YDR162C,YLR079W,0,-2.161878,0.49384886026382446,0.2809999883174896,0.02879999950528145
YLR085C,YOR279C,1,-2.1648912,0.49473685026168823,0.28200000524520874,0.02879999950528145
YFL013C,YMR075W,1,-2.1653295,0.4956217110157013,0.28299999237060547,0.02879999950528145
YOR140W,YDR478W,0,-2.1658173,0.49475523829460144,0.28299999237060547,0.02889999933540821
YDL065C,YDL092W,0,-2.168026,0.49389180541038513,0.28299999237060547,0.028999999165534973
YER159C,YKR063C,0,-2.1684408,0.4930313527584076,0.28299999237060547,0.029100000858306885
YEL053C,YOR217W,0,-2.1690335,0.4921739101409912,0.28299999237060547,0.029200000688433647
YLR291C,YMR161W,0,-2.169816,0.4913194477558136,0.28299999237060547,0.02930000051856041
YER051W,YDR310C,1,-2.1698604,0.492201030254364,0.2840000092983246,0.02930000051856041
YDL175C,YNL103W,0,-2.1701083,0.4913494884967804,0.2840000092983246,0.029400000348687172
YGR252W,YBL008W,1,-2.1715894,0.4922279715538025,0.2849999964237213,0.029400000348687172
YEL019C,YLR447C,0,-2.1716352,0.4913793206214905,0.2849999964237213,0.029500000178813934
YGL201C,YMR234W,0,-2.1724792,0.4905335605144501,0.2849999964237213,0.029600000008940697
YLL031C,YDR113C,0,-2.1730356,0.48969072103500366,0.2849999964237213,0.02969999983906746
YCR033W,YJL176C,1,-2.1745644,0.49056604504585266,0.28600001335144043,0.02969999983906746
YER030W,YKR101W,1,-2.1750073,0.4914383590221405,0.28700000047683716,0.02969999983906746
YPR052C,YFR037C,1,-2.1754951,0.4923076927661896,0.2879999876022339,0.02969999983906746
YER016W,YDR037W,0,-2.1774797,0.49146756529808044,0.2879999876022339,0.02979999966919422
YCL029C,YER032W,0,-2.1775746,0.4906303286552429,0.2879999876022339,0.029899999499320984
YFL039C,YBR095C,1,-2.178051,0.49149659276008606,0.289000004529953,0.029899999499320984
YDR362C,YLR386W,0,-2.1813736,0.4906621277332306,0.289000004529953,0.029999999329447746
YDR499W,YJR144W,0,-2.1825528,0.48983049392700195,0.289000004529953,0.03009999915957451
YKL160W,YLR033W,1,-2.1831918,0.49069374799728394,0.28999999165534973,0.03009999915957451
YBL088C,YJL012C,0,-2.1835003,0.48986485600471497,0.28999999165534973,0.03020000085234642
YJR083C,YEL022W,0,-2.1847253,0.4890387952327728,0.28999999165534973,0.030300000682473183
YIL112W,YOR279C,1,-2.1847882,0.4898989796638489,0.29100000858306885,0.030300000682473183
YKL079W,YDR478W,0,-2.1857662,0.489075630903244,0.29100000858306885,0.030400000512599945
YOR127W,YPR161C,0,-2.1858568,0.48825502395629883,0.29100000858306885,0.030500000342726707
YLR431C,YER173W,0,-2.1913638,0.4874371886253357,0.29100000858306885,0.03060000017285347
YJL115W,YBR112C,1,-2.1932778,0.4882943034172058,0.2919999957084656,0.03060000017285347
YBR195C,YKR101W,1,-2.193491,0.4891485869884491,0.2930000126361847,0.03060000017285347
YNL084C,YER013W,0,-2.1937156,0.4883333444595337,0.2930000126361847,0.030700000002980232
YLR215C,YLL027W,0,-2.1947055,0.4875207841396332,0.2930000126361847,0.030799999833106995
YMR044W,YMR022W,1,-2.195283,0.4883720874786377,0.2939999997615814,0.030799999833106995
YKL005C,YJR091C,0,-2.1959462,0.4875621795654297,0.2939999997615814,0.030899999663233757
YJL168C,YDR073W,1,-2.196772,0.4884105920791626,0.29499998688697815,0.030899999663233757
YOR254C,YNL273W,0,-2.1970544,0.4876033067703247,0.29499998688697815,0.03099999949336052
YEL029C,YBR042C,0,-2.1989746,0.4867986738681793,0.29499998688697815,0.031099999323487282
YJR135C,YAR008W,0,-2.200696,0.48599669337272644,0.29499998688697815,0.031199999153614044
YOR026W,YDR130C,0,-2.2008839,0.48519736528396606,0.29499998688697815,0.031300000846385956
YCR020W-B,YBR195C,1,-2.2014604,0.48604267835617065,0.29600000381469727,0.031300000846385956
YER012W,YGR074W,0,-2.2028184,0.4852459132671356,0.29600000381469727,0.03139999881386757
YPL161C,YBR087W,0,-2.2033744,0.4844517111778259,0.29600000381469727,0.03150000050663948
YKL056C,YBR127C,0,-2.207027,0.48366013169288635,0.29600000381469727,0.031599998474121094
YPL095C,YIL056W,0,-2.2080555,0.4828711152076721,0.29600000381469727,0.031700000166893005
YDR303C,YLR272C,1,-2.2087178,0.4837133586406708,0.296999990940094,0.031700000166893005
YCR020W-B,YNL107W,1,-2.20931,0.48455286026000977,0.2980000078678131,0.031700000166893005
YNL325C,YJL030W,0,-2.2101188,0.48376622796058655,0.2980000078678131,0.03180000185966492
YNL267W,YDR289C,0,-2.211307,0.48298215866088867,0.2980000078678131,0.03189999982714653
YJR064W,YBR082C,0,-2.213091,0.48220065236091614,0.2980000078678131,0.03200000151991844
YLR113W,YHR086W,0,-2.2139812,0.48142164945602417,0.2980000078678131,0.032099999487400055
YBR231C,YNL107W,1,-2.2154589,0.48225805163383484,0.29899999499320984,0.032099999487400055
YKR019C,YPL016W,1,-2.2157784,0.483091801404953,0.30000001192092896,0.032099999487400055
YPR176C,YAL021C,0,-2.2157898,0.4823151230812073,0.30000001192092896,0.03220000118017197
YBL074C,YKL139W,0,-2.2192822,0.4815409183502197,0.30000001192092896,0.03229999914765358
YOR113W,YMR054W,0,-2.2197876,0.48076921701431274,0.30000001192092896,0.03240000084042549
YKL021C,YMR218C,0,-2.2204046,0.47999998927116394,0.30000001192092896,0.032499998807907104
YPL115C,YOL109W,0,-2.2209272,0.4792332351207733,0.30000001192092896,0.032600000500679016
YKL112W,YML127W,1,-2.222331,0.480063796043396,0.3009999990463257,0.032600000500679016
YAR014C,YMR129W,0,-2.2231464,0.4792993664741516,0.3009999990463257,0.03269999846816063
YML073C,YOL072W,0,-2.223957,0.47853735089302063,0.3009999990463257,0.03280000016093254
YMR078C,YIL149C,0,-2.227942,0.47777777910232544,0.3009999990463257,0.03290000185370445
YEL069C,YOR049C,0,-2.2291536,0.47702059149742126,0.3009999990463257,0.032999999821186066
YKL062W,YML076C,0,-2.2301435,0.4762658178806305,0.3009999990463257,0.03310000151395798
YOL012C,YDR181C,1,-2.2304597,0.4770932197570801,0.3019999861717224,0.03310000151395798
YCL034W,YOL067C,0,-2.2309442,0.4763406813144684,0.3019999861717224,0.03319999948143959
YIL076W,YML115C,0,-2.2324123,0.4755905568599701,0.3019999861717224,0.0333000011742115
YKL152C,YDL093W,0,-2.2341557,0.47484275698661804,0.3019999861717224,0.033399999141693115
YDL143W,YGL162W,0,-2.2342877,0.474097341299057,0.3019999861717224,0.03350000083446503
YGL200C,YDL244W,0,-2.2355218,0.4733542203903198,0.3019999861717224,0.03359999880194664
YHR118C,YPL128C,1,-2.2384853,0.47417840361595154,0.30300000309944153,0.03359999880194664
YDR191W,YGR002C,1,-2.2398858,0.4749999940395355,0.30399999022483826,0.03359999880194664
YJR076C,YGR179C,0,-2.2425556,0.4742589592933655,0.30399999022483826,0.03370000049471855
YLR329W,YJL029C,0,-2.242612,0.4735202491283417,0.30399999022483826,0.033799998462200165
YEL034W,YPL124W,0,-2.2430449,0.4727838337421417,0.30399999022483826,0.033900000154972076
YER051W,YGL178W,1,-2.243506,0.4736024737358093,0.3050000071525574,0.033900000154972076
YDR421W,YAL032C,0,-2.2436242,0.4728682041168213,0.3050000071525574,0.03400000184774399
YPL040C,YPL007C,0,-2.2437377,0.4721362292766571,0.3050000071525574,0.0340999998152256
YOR354C,YGR075C,0,-2.2441602,0.471406489610672,0.3050000071525574,0.03420000150799751
YKR019C,YMR069W,1,-2.2445107,0.4722222089767456,0.3059999942779541,0.03420000150799751
YGR006W,YIL105C,0,-2.2445283,0.4714946150779724,0.3059999942779541,0.034299999475479126
YIL085C,YOR322C,0,-2.2457366,0.4707692265510559,0.3059999942779541,0.03440000116825104
YBL085W,YDR381W,0,-2.2459474,0.4700460731983185,0.3059999942779541,0.03449999913573265
YMR280C,YPR165W,0,-2.2461023,0.46932515501976013,0.3059999942779541,0.03460000082850456
YML062C,YMR201C,0,-2.2470393,0.46860644221305847,0.3059999942779541,0.034699998795986176
YBR278W,YDR176W,1,-2.2475333,0.4694189727306366,0.3070000112056732,0.034699998795986176
YGR238C,YDR082W,0,-2.247912,0.4687022864818573,0.3070000112056732,0.03480000048875809
YLL001W,YGL183C,0,-2.2481241,0.4679878056049347,0.3070000112056732,0.0348999984562397
YMR288W,YLR190W,0,-2.2492228,0.4672755002975464,0.3070000112056732,0.03500000014901161
YGL071W,YBR015C,0,-2.2500257,0.46656534075737,0.3070000112056732,0.035100001841783524
YNL048W,YGR278W,0,-2.2507524,0.4658573567867279,0.3070000112056732,0.03519999980926514
YNL245C,YLR026C,0,-2.250795,0.46515151858329773,0.3070000112056732,0.03530000150203705
YLR424W,YKL028W,0,-2.2511249,0.4644477963447571,0.3070000112056732,0.03539999946951866
YDR205W,YDR404C,0,-2.251338,0.46374621987342834,0.3070000112056732,0.03550000116229057
YHR031C,YNL272C,0,-2.251564,0.46304675936698914,0.3070000112056732,0.035599999129772186
YAL020C,YJL094C,0,-2.2527251,0.46234938502311707,0.3070000112056732,0.0357000008225441
YBR112C,YOR209C,1,-2.2537875,0.46315789222717285,0.30799999833106995,0.0357000008225441
YGL130W,YJL006C,0,-2.2540689,0.462462455034256,0.30799999833106995,0.03579999879002571
YOR266W,YGR047C,0,-2.2560034,0.46176910400390625,0.30799999833106995,0.03590000048279762
YER016W,YDR437W,0,-2.2573557,0.46107783913612366,0.30799999833106995,0.035999998450279236
YER105C,YMR234W,0,-2.2578316,0.4603886306285858,0.30799999833106995,0.03610000014305115
YMR047C,YBR073W,0,-2.258624,0.4597014784812927,0.30799999833106995,0.03620000183582306
YMR204C,YNL079C,0,-2.2595673,0.4590163826942444,0.30799999833106995,0.03629999980330467
YLR305C,YOR179C,0,-2.2604585,0.4583333432674408,0.30799999833106995,0.036400001496076584
YNL030W,YNL206C,1,-2.2606373,0.4591381847858429,0.3089999854564667,0.036400001496076584
YLR288C,YHR099W,1,-2.2622585,0.459940642118454,0.3100000023841858,0.036400001496076584
YLR170C,YOL008W,0,-2.264019,0.4592592716217041,0.3100000023841858,0.0364999994635582
YLR141W,YOL031C,0,-2.2661686,0.4585798680782318,0.3100000023841858,0.03660000115633011
YER017C,YEL016C,0,-2.2671866,0.4579025208950043,0.3100000023841858,0.03669999912381172
YLR059C,YDR092W,0,-2.2674193,0.4572271406650543,0.3100000023841858,0.03680000081658363
YIL065C,YOL043C,0,-2.268466,0.45655375719070435,0.3100000023841858,0.03689999878406525
YMR167W,YLR453C,0,-2.2691703,0.45588234066963196,0.3100000023841858,0.03700000047683716
YGR227W,YHR065C,0,-2.2692957,0.45521292090415955,0.3100000023841858,0.03709999844431877
YCR020W-B,YIL150C,1,-2.2699003,0.45601174235343933,0.3109999895095825,0.03709999844431877
YER027C,YPL218W,0,-2.2701125,0.4553440809249878,0.3109999895095825,0.03720000013709068
YOL023W,YDL097C,0,-2.2711606,0.45467835664749146,0.3109999895095825,0.037300001829862595
YLR015W,YNL107W,1,-2.2720175,0.45547446608543396,0.31200000643730164,0.037300001829862595
YOL080C,YDR292C,0,-2.2722363,0.4548105001449585,0.31200000643730164,0.03739999979734421
YJR153W,YHL009C,0,-2.274006,0.45414847135543823,0.31200000643730164,0.03750000149011612
YIR010W,YHL031C,0,-2.2759418,0.45348837971687317,0.31200000643730164,0.03759999945759773
YOL116W,YML095C,0,-2.276091,0.4528301954269409,0.31200000643730164,0.037700001150369644
YGL070C,YEL051W,0,-2.2774,0.4521739184856415,0.31200000643730164,0.03779999911785126
YKL112W,YLL002W,1,-2.2788367,0.45296671986579895,0.31299999356269836,0.03779999911785126
YGL130W,YJL140W,0,-2.279097,0.4523121416568756,0.31299999356269836,0.03790000081062317
YNL135C,YLR288C,1,-2.2793813,0.4531024396419525,0.3140000104904175,0.03790000081062317
YCL055W,YOL042W,0,-2.2802587,0.4524495601654053,0.3140000104904175,0.03799999877810478
YKL139W,YDR494W,0,-2.2815504,0.45179855823516846,0.3140000104904175,0.038100000470876694
YGL094C,YLR148W,0,-2.2815757,0.45114943385124207,0.3140000104904175,0.03819999843835831
YEL037C,YGL011C,0,-2.2836175,0.4505021572113037,0.3140000104904175,0.03830000013113022
YNL271C,YMR172W,0,-2.2842665,0.4498567283153534,0.3140000104904175,0.03840000182390213
YJR050W,YKL154W,0,-2.2850556,0.4492131471633911,0.3140000104904175,0.03849999979138374
YOR038C,YGR063C,1,-2.2856774,0.44999998807907104,0.3149999976158142,0.03849999979138374
YLR035C,YOR229W,0,-2.2859135,0.4493580460548401,0.3149999976158142,0.038600001484155655
YGL058W,YBR095C,1,-2.2879014,0.45014244318008423,0.3160000145435333,0.038600001484155655
YGL150C,YMR044W,1,-2.2914548,0.4509246051311493,0.31700000166893005,0.038600001484155655
YBR211C,YOL110W,0,-2.2925925,0.45028409361839294,0.31700000166893005,0.03869999945163727
YDL192W,YHR186C,0,-2.292768,0.44964540004730225,0.31700000166893005,0.03880000114440918
YDL165W,YDL035C,0,-2.2930636,0.4490084946155548,0.31700000166893005,0.03889999911189079
YER016W,YJL187C,0,-2.2936883,0.448373407125473,0.31700000166893005,0.039000000804662704
YOR174W,YBL080C,0,-2.2940726,0.4477401077747345,0.31700000166893005,0.03909999877214432
YDR004W,YPR107C,0,-2.296537,0.44710859656333923,0.31700000166893005,0.03920000046491623
YBR102C,YML115C,0,-2.297573,0.44647887349128723,0.31700000166893005,0.03929999843239784
YGL058W,YDR167W,1,-2.2977896,0.4472573697566986,0.3179999887943268,0.03929999843239784
YLR453C,YGR104C,0,-2.30013,0.44662922620773315,0.3179999887943268,0.039400000125169754
YAL047C,YJL029C,0,-2.300459,0.4460028111934662,0.3179999887943268,0.039500001817941666
YDL245C,YNL149C,0,-2.302415,0.4453781545162201,0.3179999887943268,0.03959999978542328
YDL106C,YJL203W,0,-2.303071,0.4447552561759949,0.3179999887943268,0.03970000147819519
YDR052C,YMR172W,0,-2.303218,0.44413408637046814,0.3179999887943268,0.039799999445676804
YMR288W,YMR314W,0,-2.304545,0.4435146450996399,0.3179999887943268,0.039900001138448715
YOL017W,YLR033W,1,-2.3052416,0.4442896842956543,0.3190000057220459,0.039900001138448715
YDR071C,YOR064C,1,-2.3057032,0.4450625777244568,0.3199999928474426,0.039900001138448715
YNL291C,YJL173C,0,-2.3057418,0.4444444477558136,0.3199999928474426,0.03999999910593033
YMR236W,YCR084C,1,-2.3072567,0.44521498680114746,0.32100000977516174,0.03999999910593033
YLR095C,YNL107W,1,-2.3076248,0.4459833800792694,0.32199999690055847,0.03999999910593033
YNL164C,YBR069C,0,-2.307631,0.4453665316104889,0.32199999690055847,0.04010000079870224
YGL257C,YOL066C,0,-2.3079362,0.4447513818740845,0.32199999690055847,0.04019999876618385
YGL043W,YMR179W,0,-2.307949,0.44413793087005615,0.32199999690055847,0.040300000458955765
YFR013W,YMR075W,1,-2.3088484,0.44490358233451843,0.3230000138282776,0.040300000458955765
YPR023C,YPL055C,1,-2.3111677,0.4456671178340912,0.3240000009536743,0.040300000458955765
YBL033C,YML088W,0,-2.3113933,0.44505494832992554,0.3240000009536743,0.04039999842643738
YJR013W,YML062C,0,-2.3126278,0.4444444477558136,0.3240000009536743,0.04050000011920929
YJL054W,YKL058W,0,-2.3133678,0.44383561611175537,0.3240000009536743,0.0406000018119812
YMR277W,YHL009C,0,-2.313736,0.44322845339775085,0.3240000009536743,0.040699999779462814
YGL172W,YPR133C,0,-2.3141851,0.44262295961380005,0.3240000009536743,0.040800001472234726
YBL052C,YDR359C,1,-2.314941,0.4433833658695221,0.32499998807907104,0.040800001472234726
YBL085W,YGL129C,0,-2.3152013,0.4427793025970459,0.32499998807907104,0.04089999943971634
YOR372C,YAL023C,0,-2.3153596,0.442176878452301,0.32499998807907104,0.04100000113248825
YDL095W,YGL045W,0,-2.3154626,0.4415760934352875,0.32499998807907104,0.041099999099969864
YOL112W,YER173W,0,-2.316073,0.44097694754600525,0.32499998807907104,0.041200000792741776
YPL001W,YDR334W,1,-2.3164024,0.4417344033718109,0.32600000500679016,0.041200000792741776
YDL116W,YPL112C,0,-2.3169155,0.4411366581916809,0.32600000500679016,0.04129999876022339
YKR019C,YKR029C,1,-2.3174639,0.4418918788433075,0.3269999921321869,0.04129999876022339
YNL314W,YPR111W,0,-2.3192635,0.4412955343723297,0.3269999921321869,0.0414000004529953
YJL006C,YDR235W,0,-2.3194623,0.44070079922676086,0.3269999921321869,0.04149999842047691
YJL110C,YKR022C,0,-2.3205361,0.44010767340660095,0.3269999921321869,0.041600000113248825
YOL017W,YPR068C,1,-2.3214502,0.44086021184921265,0.328000009059906,0.041600000113248825
YGR220C,YJL054W,0,-2.3215885,0.44026845693588257,0.328000009059906,0.04170000180602074
YDL143W,YOR150W,0,-2.3231096,0.43967828154563904,0.328000009059906,0.04179999977350235
YNL038W,YNL290W,0,-2.3236861,0.43908968567848206,0.328000009059906,0.04190000146627426
YMR033W,YBL002W,1,-2.3237596,0.43983957171440125,0.32899999618530273,0.04190000146627426
YLR078C,YML012W,0,-2.3242016,0.4392523467540741,0.32899999618530273,0.041999999433755875
YPL115C,YPL132W,0,-2.3246803,0.4386666715145111,0.32899999618530273,0.042100001126527786
YKL135C,YKL020C,0,-2.3250122,0.4380825459957123,0.32899999618530273,0.0421999990940094
YEL019C,YOR157C,0,-2.3253856,0.4375,0.32899999618530273,0.04230000078678131
YPL048W,YGL232W,0,-2.327602,0.4369190037250519,0.32899999618530273,0.042399998754262924
YDR515W,YNL054W,0,-2.327815,0.43633952736854553,0.32899999618530273,0.042500000447034836
YBR112C,YFL049W,1,-2.3291435,0.4370861053466797,0.33000001311302185,0.042500000447034836
YBR195C,YJL127C,1,-2.329762,0.43783068656921387,0.3310000002384186,0.042500000447034836
YNL020C,YNL314W,0,-2.3304358,0.43725231289863586,0.3310000002384186,0.04259999841451645
YPR023C,YIL150C,1,-2.332521,0.43799471855163574,0.3319999873638153,0.04259999841451645
YEL018W,YPL011C,0,-2.3327951,0.4374176561832428,0.3319999873638153,0.04270000010728836
YOR026W,YJL008C,0,-2.3331933,0.4368421137332916,0.3319999873638153,0.04280000180006027
YLR116W,YPL243W,0,-2.3334274,0.43626806139945984,0.3319999873638153,0.042899999767541885
YOL012C,YOR191W,1,-2.3336172,0.437007874250412,0.3330000042915344,0.042899999767541885
YBL002W,YDR469W,1,-2.3340068,0.43774574995040894,0.33399999141693115,0.042899999767541885
YOL042W,YMR270C,0,-2.3364897,0.4371727705001831,0.33399999141693115,0.0430000014603138
YDR016C,YLR192C,0,-2.3374639,0.43660131096839905,0.33399999141693115,0.04309999942779541
YPR111W,YLR360W,0,-2.3390775,0.4360313415527344,0.33399999141693115,0.04320000112056732
YPR105C,YBL025W,0,-2.3391318,0.4354628324508667,0.33399999141693115,0.043299999088048935
YGL194C,YBR215W,1,-2.3395576,0.4361979067325592,0.33500000834465027,0.043299999088048935
YOR061W,YOR116C,0,-2.3401303,0.4356306791305542,0.33500000834465027,0.04340000078082085
YLR078C,YGL166W,0,-2.340456,0.4350649416446686,0.33500000834465027,0.04349999874830246
YDL013W,YDR515W,0,-2.340485,0.43450063467025757,0.33500000834465027,0.04360000044107437
YLL001W,YGL222C,0,-2.3415146,0.43393781781196594,0.33500000834465027,0.043699998408555984
YGL174W,YBL058W,0,-2.3415618,0.4333764612674713,0.33500000834465027,0.043800000101327896
YKL074C,YDL116W,0,-2.341825,0.4328165352344513,0.33500000834465027,0.04390000179409981
YLR260W,YER008C,0,-2.3418574,0.43225806951522827,0.33500000834465027,0.04399999976158142
YGL190C,YGL143C,0,-2.3445754,0.43170103430747986,0.33500000834465027,0.04410000145435333
YIL112W,YJL168C,1,-2.3447657,0.4324324429035187,0.335999995470047,0.04410000145435333
YJL076W,YPR018W,1,-2.3475847,0.4331619441509247,0.3370000123977661,0.04410000145435333
YBL005W,YMR203W,0,-2.3483849,0.43260589241981506,0.3370000123977661,0.044199999421834946
YOL094C,YHR152W,0,-2.3490233,0.43205127120018005,0.3370000123977661,0.04430000111460686
YJR108W,YPL078C,0,-2.3493147,0.43149808049201965,0.3370000123977661,0.04439999908208847
YCL016C,YDR341C,0,-2.349482,0.4309462904930115,0.3370000123977661,0.04450000077486038
YPR141C,YOR216C,0,-2.3496904,0.4303959012031555,0.3370000123977661,0.044599998742341995
YJR083C,YNR026C,0,-2.3499756,0.42984694242477417,0.3370000123977661,0.04470000043511391
YMR240C,YJL146W,0,-2.350017,0.42929935455322266,0.3370000123977661,0.04479999840259552
YBR039W,YLR067C,0,-2.3507242,0.42875316739082336,0.3370000123977661,0.04490000009536743
YER088C,YBR258C,1,-2.3507361,0.42947903275489807,0.33799999952316284,0.04490000009536743
YKL055C,YLR020C,0,-2.3509212,0.4289340078830719,0.33799999952316284,0.04500000178813934
YJR083C,YBR217W,0,-2.3523855,0.42839035391807556,0.33799999952316284,0.045099999755620956
YIL061C,YBL034C,0,-2.3527083,0.42784810066223145,0.33799999952316284,0.04520000144839287
YOR174W,YER173W,0,-2.3530183,0.42730721831321716,0.33799999952316284,0.04529999941587448
YHR143W,YNL153C,0,-2.353623,0.4267676770687103,0.33799999952316284,0.04540000110864639
YMR247C,YDL076C,1,-2.353982,0.4274905323982239,0.33899998664855957,0.04540000110864639
YPL179W,YOR089C,0,-2.35565,0.42695215344429016,0.33899998664855957,0.045499999076128006
YDL197C,YPR179C,1,-2.3562112,0.42767295241355896,0.3400000035762787,0.045499999076128006
YDR397C,YHR073W,0,-2.357676,0.4271356761455536,0.3400000035762787,0.04560000076889992
YHR187W,YEL019C,0,-2.358346,0.42659974098205566,0.3400000035762787,0.04569999873638153
YOL017W,YBR195C,1,-2.3595538,0.4273183047771454,0.3409999907016754,0.04569999873638153
YOL090W,YDR176W,1,-2.3605862,0.42803505063056946,0.34200000762939453,0.04569999873638153
YER019W,YLR071C,0,-2.3613324,0.42750000953674316,0.34200000762939453,0.04580000042915344
YDR264C,YKL056C,0,-2.3618026,0.42696627974510193,0.34200000762939453,0.045899998396635056
YGL174W,YLR208W,0,-2.361926,0.4264339208602905,0.34200000762939453,0.04600000008940697
YIL095W,YIL030C,0,-2.3629527,0.4259028732776642,0.34200000762939453,0.04610000178217888
YLR329W,YAL047C,0,-2.363124,0.4253731369972229,0.34200000762939453,0.04619999974966049
YGL012W,YHL003C,0,-2.363306,0.4248447120189667,0.34200000762939453,0.046300001442432404
YCR066W,YML073C,0,-2.3636465,0.4243176281452179,0.34200000762939453,0.04639999940991402
YGR220C,YGR005C,0,-2.3636875,0.4237918257713318,0.34200000762939453,0.04650000110268593
YDR386W,YPL133C,0,-2.3639803,0.42326733469963074,0.34200000762939453,0.04659999907016754
YBR041W,YJL134W,0,-2.3641343,0.42274412512779236,0.34200000762939453,0.04670000076293945
YNL030W,YCR084C,1,-2.3651042,0.4234567880630493,0.34299999475479126,0.04670000076293945
YHR191C,YNL231C,0,-2.3658404,0.4229346513748169,0.34299999475479126,0.046799998730421066
YPL249C,YAL001C,0,-2.367951,0.42241379618644714,0.34299999475479126,0.04690000042319298
YOR147W,YGR072W,0,-2.368486,0.42189422249794006,0.34299999475479126,0.04699999839067459
YOR209C,YDR207C,1,-2.3689594,0.42260441184043884,0.3440000116825104,0.04699999839067459
YLR376C,YHL027W,0,-2.371132,0.42208588123321533,0.3440000116825104,0.0471000000834465
YDR515W,YML025C,0,-2.3716955,0.4215686321258545,0.3440000116825104,0.047200001776218414
YLR210W,YAL032C,0,-2.373989,0.42105263471603394,0.3440000116825104,0.04729999974370003
YLR067C,YNR039C,0,-2.3743582,0.42053788900375366,0.3440000116825104,0.04740000143647194
YHR158C,YNL312W,0,-2.3778415,0.42002442479133606,0.3440000116825104,0.04749999940395355
YOL069W,YBR129C,0,-2.3803115,0.41951218247413635,0.3440000116825104,0.047600001096725464
YDR389W,YOR179C,0,-2.380497,0.4190012216567993,0.3440000116825104,0.04769999906420708
YOR025W,YBR095C,1,-2.3812509,0.4197080433368683,0.3449999988079071,0.04769999906420708
YAL058W,YHR108W,0,-2.3813262,0.41919806599617004,0.3449999988079071,0.04780000075697899
YNL136W,YIL126W,1,-2.3814688,0.4199029207229614,0.34599998593330383,0.04780000075697899
YCR077C,YBR077C,0,-2.3827987,0.419393926858902,0.34599998593330383,0.0478999987244606
YMR216C,YLR337C,0,-2.3829818,0.4188861846923828,0.34599998593330383,0.04800000041723251
YJR089W,YFL029C,0,-2.3843312,0.41837969422340393,0.34599998593330383,0.04809999838471413
YPR046W,YFR004W,0,-2.384696,0.41787439584732056,0.34599998593330383,0.04820000007748604
YDL143W,YMR212C,0,-2.3853292,0.4173703193664551,0.34599998593330383,0.04830000177025795
YBL003C,YDL236W,1,-2.385871,0.41807228326797485,0.34700000286102295,0.04830000177025795
YKL045W,YKR028W,0,-2.386579,0.41756919026374817,0.34700000286102295,0.04839999973773956
YMR186W,YBL005W,0,-2.388856,0.4170673191547394,0.34700000286102295,0.048500001430511475
YNL275W,YPL204W,0,-2.3890643,0.4165666401386261,0.34700000286102295,0.04859999939799309
YGL206C,YKL058W,0,-2.3895178,0.4160671532154083,0.34700000286102295,0.048700001090765
YDL137W,YMR021C,0,-2.3916745,0.41556885838508606,0.34700000286102295,0.04879999905824661
YLR015W,YLR335W,1,-2.3917065,0.41626793146133423,0.3479999899864197,0.04879999905824661
YML104C,YNL257C,0,-2.3924074,0.41577062010765076,0.3479999899864197,0.048900000751018524
YLR026C,YDL217C,0,-2.393004,0.4152744710445404,0.3479999899864197,0.04899999871850014
YMR309C,YOR115C,0,-2.3934436,0.41477951407432556,0.3479999899864197,0.04910000041127205
YKL197C,YDL097C,0,-2.393773,0.41428571939468384,0.3479999899864197,0.04919999837875366
YIL112W,YGL133W,1,-2.3941998,0.4149821698665619,0.3490000069141388,0.04919999837875366
YDL035C,YNL093W,0,-2.3945475,0.4144892990589142,0.3490000069141388,0.049300000071525574
YER125W,YDR310C,1,-2.3955011,0.4151838719844818,0.3499999940395355,0.049300000071525574
YKL220C,YDL244W,0,-2.3958197,0.4146919548511505,0.3499999940395355,0.049400001764297485
YDR439W,YBR088C,1,-2.3958702,0.4153846204280853,0.35100001096725464,0.049400001764297485
YLR016C,YPR161C,0,-2.3966022,0.41489362716674805,0.35100001096725464,0.0494999997317791
YKR007W,YLR234W,0,-2.3999825,0.4144037663936615,0.35100001096725464,0.04960000142455101
YOR249C,YPL139C,1,-2.4007535,0.4150943458080292,0.35199999809265137,0.04960000142455101
YCL016C,YFL045C,0,-2.4011393,0.41460540890693665,0.35199999809265137,0.04969999939203262
YNL068C,YJL092W,0,-2.4020052,0.41411763429641724,0.35199999809265137,0.049800001084804535
YKL186C,YMR125W,0,-2.4032493,0.41363102197647095,0.35199999809265137,0.04989999905228615
YLR314C,YLR405W,0,-2.4032965,0.4131455421447754,0.35199999809265137,0.05000000074505806
YNL032W,YLR055C,0,-2.4037423,0.41266119480133057,0.35199999809265137,0.05009999871253967
YML069W,YHR099W,1,-2.4047298,0.4133489429950714,0.3529999852180481,0.05009999871253967
YDR472W,YGL212W,0,-2.404872,0.4128654897212982,0.3529999852180481,0.050200000405311584
YJR082C,YBR095C,1,-2.4049191,0.413551390171051,0.3540000021457672,0.050200000405311584
YPR179C,YCR084C,1,-2.4063592,0.4142357110977173,0.35499998927116394,0.050200000405311584
YKR029C,YBR175W,1,-2.4067216,0.4149184226989746,0.35600000619888306,0.050200000405311584
YJR068W,YGL232W,0,-2.4069533,0.41443538665771484,0.35600000619888306,0.0502999983727932
YJR132W,YKL108W,0,-2.4073296,0.4139534831047058,0.35600000619888306,0.05040000006556511
YPL178W,YOR127W,0,-2.4084144,0.4134727120399475,0.35600000619888306,0.05050000175833702
YCL010C,YDR227W,1,-2.4086266,0.414153128862381,0.3569999933242798,0.05050000175833702
YDL105W,YHL027W,0,-2.4091277,0.4136732220649719,0.3569999933242798,0.050599999725818634
YJL065C,YGL058W,1,-2.4099412,0.41435185074806213,0.3580000102519989,0.050599999725818634
YER094C,YGL212W,0,-2.4108706,0.4138728380203247,0.3580000102519989,0.050700001418590546
YDR206W,YBL032W,0,-2.4114585,0.4133949279785156,0.3580000102519989,0.05079999938607216
YOR208W,YDL185W,0,-2.4115438,0.4129181206226349,0.3580000102519989,0.05090000107884407
YJR131W,YBR080C,0,-2.4115782,0.4124423861503601,0.3580000102519989,0.050999999046325684
YBR087W,YGL175C,0,-2.4124708,0.41196778416633606,0.3580000102519989,0.051100000739097595
YPL078C,YPL117C,0,-2.412695,0.41149425506591797,0.3580000102519989,0.05119999870657921
YKL112W,YDR469W,1,-2.4148655,0.4121699333190918,0.35899999737739563,0.05119999870657921
YOR039W,YOL003C,0,-2.414898,0.41169723868370056,0.35899999737739563,0.05130000039935112
YLR398C,YIL063C,0,-2.4151177,0.41122564673423767,0.35899999737739563,0.05139999836683273
YOR002W,YER074W-A,0,-2.4153695,0.4107551574707031,0.35899999737739563,0.051500000059604645
YDL095W,YDR478W,0,-2.4154077,0.41028571128845215,0.35899999737739563,0.051600001752376556
YGR120C,YDL092W,0,-2.415811,0.40981733798980713,0.35899999737739563,0.05169999971985817
YGR278W,YJL179W,0,-2.4159217,0.40935006737709045,0.35899999737739563,0.05180000141263008
YFL041W,YAL047C,0,-2.4159346,0.40888383984565735,0.35899999737739563,0.051899999380111694
YNL148C,YEL003W,0,-2.4181604,0.4084186553955078,0.35899999737739563,0.052000001072883606
YPR100W,YFL045C,0,-2.4185853,0.40795454382896423,0.35899999737739563,0.05209999904036522
YBR041W,YOR320C,0,-2.4189749,0.4074914753437042,0.35899999737739563,0.05220000073313713
YCR052W,YDR167W,1,-2.419385,0.40816327929496765,0.36000001430511475,0.05220000073313713
YCL024W,YNL263C,0,-2.4195218,0.4077010154724121,0.36000001430511475,0.052299998700618744
YMR275C,YDR217C,0,-2.4197984,0.4072398245334625,0.36000001430511475,0.052400000393390656
YGR261C,YIL033C,0,-2.4198632,0.4067796468734741,0.36000001430511475,0.05249999836087227
YBL014C,YLR383W,0,-2.4202185,0.4063205420970917,0.36000001430511475,0.05260000005364418
YGR247W,YBL040C,0,-2.4203172,0.4058624505996704,0.36000001430511475,0.05270000174641609
YHR118C,YMR075W,1,-2.4207873,0.40653154253959656,0.3610000014305115,0.05270000174641609
YER147C,YPL011C,0,-2.4208832,0.4060742259025574,0.3610000014305115,0.052799999713897705
YPR072W,YPR054W,0,-2.4213696,0.40561798214912415,0.3610000014305115,0.05290000140666962
YPR105C,YHR123W,0,-2.4216185,0.4051627516746521,0.3610000014305115,0.05299999937415123
YOR023C,YCR052W,1,-2.4219866,0.40582960844039917,0.3619999885559082,0.05299999937415123
YGL058W,YMR247C,1,-2.4220505,0.40649497509002686,0.3630000054836273,0.05299999937415123
YAL041W,YDL225W,0,-2.4220915,0.4060402810573578,0.3630000054836273,0.05310000106692314
YDR181C,YGR063C,1,-2.4223795,0.406703919172287,0.36399999260902405,0.05310000106692314
YNL038W,YML104C,0,-2.4234562,0.40625,0.36399999260902405,0.053199999034404755
YNL172W,YER148W,0,-2.423781,0.4057970941066742,0.36399999260902405,0.053300000727176666
YDR503C,YNL049C,0,-2.42515,0.40534520149230957,0.36399999260902405,0.05339999869465828
YDR318W,YLR378C,0,-2.4268794,0.40489432215690613,0.36399999260902405,0.05350000038743019
YPR017C,YMR285C,0,-2.4280152,0.40444445610046387,0.36399999260902405,0.053599998354911804
YCL010C,YOR064C,1,-2.4283605,0.40510544180870056,0.36500000953674316,0.053599998354911804
YKR019C,YOR213C,1,-2.4292212,0.40576496720314026,0.3659999966621399,0.053599998354911804
YGR098C,YOL094C,0,-2.4293003,0.4053156077861786,0.3659999966621399,0.053700000047683716
YPR019W,YGL169W,0,-2.4313755,0.4048672616481781,0.3659999966621399,0.05380000174045563
YMR283C,YER147C,0,-2.4314127,0.4044198989868164,0.3659999966621399,0.05389999970793724
YDL198C,YBR260C,0,-2.4315515,0.4039735198020935,0.3659999966621399,0.05400000140070915
YNL059C,YDR225W,1,-2.4316602,0.4046306610107422,0.367000013589859,0.05400000140070915
YLR015W,YOR209C,1,-2.4323683,0.40528634190559387,0.36800000071525574,0.05400000140070915
YML102W,YBL002W,1,-2.432766,0.40594059228897095,0.36899998784065247,0.05400000140070915
YMR042W,YIL004C,0,-2.4328551,0.4054945111274719,0.36899998784065247,0.054099999368190765
YDL192W,YCL004W,0,-2.4337025,0.4050493836402893,0.36899998784065247,0.05420000106096268
YFL039C,YDR207C,1,-2.4346385,0.40570175647735596,0.3700000047683716,0.05420000106096268
YER129W,YOL109W,0,-2.438097,0.4052574038505554,0.3700000047683716,0.05429999902844429
YLR314C,YOR057W,0,-2.4383707,0.4048140048980713,0.3700000047683716,0.0544000007212162
YBR042C,YBL058W,0,-2.4384742,0.40437158942222595,0.3700000047683716,0.054499998688697815
YJR108W,YJR105W,0,-2.4399023,0.403930127620697,0.3700000047683716,0.05460000038146973
YJL124C,YDR081C,0,-2.4413972,0.4034896492958069,0.3700000047683716,0.05469999834895134
YGR113W,YPL133C,0,-2.4419084,0.40305009484291077,0.3700000047683716,0.05480000004172325
YDR440W,YMR263W,1,-2.4420786,0.403699666261673,0.3709999918937683,0.05480000004172325
YDR434W,YML031W,0,-2.442099,0.40326085686683655,0.3709999918937683,0.05490000173449516
YJL111W,YBR207W,0,-2.4421706,0.4028230309486389,0.3709999918937683,0.054999999701976776
YJR144W,YIL030C,0,-2.442257,0.4023861289024353,0.3709999918937683,0.05510000139474869
YPL047W,YOL006C,1,-2.4423242,0.403033584356308,0.3720000088214874,0.05510000139474869
YLR215C,YML103C,0,-2.4427767,0.4025973975658417,0.3720000088214874,0.0551999993622303
YOR259C,YDR201W,0,-2.4436774,0.4021621644496918,0.3720000088214874,0.05530000105500221
YFL031W,YKL064W,0,-2.4443898,0.4017278552055359,0.3720000088214874,0.055399999022483826
YML065W,YMR247C,1,-2.4462328,0.4023732542991638,0.37299999594688416,0.055399999022483826
YJL014W,YDR052C,0,-2.4465046,0.40193966031074524,0.37299999594688416,0.05550000071525574
YCR020W-B,YPL139C,1,-2.4465747,0.40258342027664185,0.37400001287460327,0.05550000071525574
YKL190W,YDR159W,0,-2.4471812,0.40215054154396057,0.37400001287460327,0.05559999868273735
YPL169C,YJL117W,0,-2.4473438,0.4017185866832733,0.37400001287460327,0.05570000037550926
YNR011C,YCR067C,0,-2.4474592,0.4012875556945801,0.37400001287460327,0.055799998342990875
YJR082C,YIL150C,1,-2.4483786,0.40192925930023193,0.375,0.055799998342990875
YJL115W,YBR231C,1,-2.4489708,0.40256959199905396,0.37599998712539673,0.055799998342990875
YKL139W,YGL240W,0,-2.4491735,0.4021390378475189,0.37599998712539673,0.05590000003576279
YLL036C,YOR115C,0,-2.45052,0.4017094075679779,0.37599998712539673,0.0560000017285347
YAL058W,YGR085C,0,-2.4517236,0.4012806713581085,0.37599998712539673,0.05609999969601631
YGL071W,YGL061C,0,-2.451788,0.40085288882255554,0.37599998712539673,0.05620000138878822
YDL197C,YDR110W,1,-2.4519515,0.4014909565448761,0.37700000405311584,0.05620000138878822
YBR004C,YDR159W,0,-2.4520469,0.40106382966041565,0.37700000405311584,0.056299999356269836
YPL267W,YOR151C,0,-2.4521918,0.4006376266479492,0.37700000405311584,0.05640000104904175
YLR288C,YIL084C,1,-2.4523048,0.4012738764286041,0.3779999911785126,0.05640000104904175
YJL063C,YKR062W,0,-2.4524946,0.4008483588695526,0.3779999911785126,0.05649999901652336
YOR377W,YGL025C,0,-2.452817,0.40042373538017273,0.3779999911785126,0.05660000070929527
YGR063C,YNL107W,1,-2.4530926,0.4010581970214844,0.3790000081062317,0.05660000070929527
YER133W,YDR392W,1,-2.4533277,0.4016913175582886,0.3799999952316284,0.05660000070929527
YNL085W,YOL066C,0,-2.4535913,0.4012671709060669,0.3799999952316284,0.056699998676776886
YIL070C,YIL023C,0,-2.4537892,0.40084388852119446,0.3799999952316284,0.0568000003695488
YLR210W,YKR022C,0,-2.4542937,0.40042150020599365,0.3799999952316284,0.05689999833703041
YJL065C,YMR044W,1,-2.4564776,0.4010526239871979,0.38100001215934753,0.05689999833703041
YML086C,YHR165C,0,-2.4576478,0.400630921125412,0.38100001215934753,0.05700000002980232
YOR299W,YER027C,0,-2.4592233,0.40021008253097534,0.38100001215934753,0.057100001722574234
YMR044W,YBR195C,1,-2.459412,0.4008394479751587,0.38199999928474426,0.057100001722574234
YER147C,YOR195W,0,-2.4603486,0.40041929483413696,0.38199999928474426,0.05719999969005585
YCL024W,YGL098W,0,-2.4611573,0.4000000059604645,0.38199999928474426,0.05730000138282776
YIL040W,YDR183W,0,-2.463396,0.39958158135414124,0.38199999928474426,0.05739999935030937
YDL013W,YKL034W,0,-2.4637346,0.3991640508174896,0.38199999928474426,0.057500001043081284
YJR150C,YDR365C,0,-2.4640055,0.39874738454818726,0.38199999928474426,0.0575999990105629
YGR007W,YCR027C,0,-2.4657059,0.39833158254623413,0.38199999928474426,0.05770000070333481
YMR288W,YOL105C,0,-2.4657097,0.39791667461395264,0.38199999928474426,0.05779999867081642
YOR151C,YLL003W,0,-2.46699,0.397502601146698,0.38199999928474426,0.05790000036358833
YAL044C,YPL031C,0,-2.4691758,0.3970893919467926,0.38199999928474426,0.057999998331069946
YNL148C,YNL290W,0,-2.4698625,0.39667704701423645,0.38199999928474426,0.05810000002384186
YKL022C,YNL188W,0,-2.4709473,0.39626556634902954,0.38199999928474426,0.05820000171661377
YHR118C,YDR227W,1,-2.4709687,0.39689120650291443,0.382999986410141,0.05820000171661377
YLR459W,YJR139C,0,-2.4720259,0.3964803218841553,0.382999986410141,0.05829999968409538
YDR439W,YKR048C,1,-2.473609,0.3971044421195984,0.3840000033378601,0.05829999968409538
YNL031C,YDR224C,1,-2.4741735,0.39772728085517883,0.38499999046325684,0.05829999968409538
YJR013W,YCR037C,0,-2.4744234,0.3973168134689331,0.38499999046325684,0.058400001376867294
YML065W,YML069W,1,-2.4756002,0.3979381322860718,0.38600000739097595,0.058400001376867294
YBL046W,YJR019C,0,-2.476757,0.3975283205509186,0.38600000739097595,0.05849999934434891
YEL056W,YDL236W,1,-2.4767656,0.39814814925193787,0.3869999945163727,0.05849999934434891
YDR150W,YNL064C,0,-2.477097,0.3977389633655548,0.3869999945163727,0.05860000103712082
YJL011C,YDR362C,0,-2.4771333,0.3973305821418762,0.3869999945163727,0.05869999900460243
YOR198C,YPR009W,0,-2.4775767,0.3969230651855469,0.3869999945163727,0.058800000697374344
YJL204C,YLR059C,0,-2.4780035,0.3965163826942444,0.3869999945163727,0.05889999866485596
YEL009C,YMR267W,0,-2.4785552,0.39611053466796875,0.3869999945163727,0.05900000035762787
YNL059C,YMR044W,1,-2.480074,0.3967280089855194,0.3880000114440918,0.05900000035762787
YGL181W,YJL034W,0,-2.480328,0.3963227868080139,0.3880000114440918,0.05909999832510948
YBR215W,YIL084C,1,-2.481153,0.3969387710094452,0.3889999985694885,0.05909999832510948
YDR507C,YDL056W,0,-2.4823961,0.39653414487838745,0.3889999985694885,0.05920000001788139
YLL027W,YER075C,0,-2.4828153,0.39613035321235657,0.3889999985694885,0.059300001710653305
YDR276C,YDR170C,0,-2.4839215,0.39572736620903015,0.3889999985694885,0.05939999967813492
YOR284W,YOR157C,0,-2.484239,0.3953252136707306,0.3889999985694885,0.05950000137090683
YAL013W,YDR191W,1,-2.4842439,0.39593908190727234,0.38999998569488525,0.05950000137090683
YGL172W,YOR359W,0,-2.4847913,0.39553752541542053,0.38999998569488525,0.05959999933838844
YJL115W,YPL254W,1,-2.485085,0.39614996314048767,0.39100000262260437,0.05959999933838844
YOL089C,YJL173C,0,-2.4857883,0.3957490026950836,0.39100000262260437,0.059700001031160355
YMR033W,YBR278W,1,-2.4864125,0.39635995030403137,0.3919999897480011,0.059700001031160355
YLL031C,YGR238C,0,-2.4874797,0.3959595859050751,0.3919999897480011,0.05979999899864197
YGR009C,YKL079W,0,-2.4880729,0.39556002616882324,0.3919999897480011,0.05990000069141388
YBL006C,YNL107W,1,-2.4888778,0.39616936445236206,0.3930000066757202,0.05990000069141388
YPL055C,YLR442C,1,-2.4891982,0.3967774510383606,0.39399999380111694,0.05990000069141388
YOL069W,YMR218C,0,-2.489798,0.3963782787322998,0.39399999380111694,0.05999999865889549
YPL259C,YDL007W,0,-2.4908266,0.3959799110889435,0.39399999380111694,0.060100000351667404
YIL131C,YJL076W,1,-2.491366,0.3965863585472107,0.39500001072883606,0.060100000351667404
YEL015W,YDR416W,0,-2.4917183,0.39618855714797974,0.39500001072883606,0.06019999831914902
YDR162C,YLR071C,0,-2.4923425,0.39579159021377563,0.39500001072883606,0.06030000001192093
YJL110C,YGL213C,0,-2.4938402,0.3953953981399536,0.39500001072883606,0.06040000170469284
YOL145C,YOR025W,1,-2.4960418,0.3959999978542328,0.3959999978542328,0.06040000170469284
YLR170C,YCR028C,0,-2.497744,0.3956044018268585,0.3959999978542328,0.060499999672174454
YGR119C,YDL065C,0,-2.4977903,0.39520958065986633,0.3959999978542328,0.060600001364946365
YEL061C,YOR353C,0,-2.4982176,0.3948155641555786,0.3959999978542328,0.06069999933242798
YIL126W,YNL246W,1,-2.4990487,0.39541831612586975,0.3970000147819519,0.06069999933242798
YBL008W,YDR181C,1,-2.4992375,0.39601990580558777,0.39800000190734863,0.06069999933242798
YJL006C,YPR133C,0,-2.4994302,0.3956262469291687,0.39800000190734863,0.06080000102519989
YOR025W,YGL150C,1,-2.5000439,0.3962264060974121,0.39899998903274536,0.06080000102519989
YPL244C,YDR170C,0,-2.502698,0.3958333432674408,0.39899998903274536,0.0608999989926815
YER165W,YER074W-A,0,-2.502967,0.3954410254955292,0.39899998903274536,0.061000000685453415
YCL051W,YPL019C,0,-2.503625,0.395049512386322,0.39899998903274536,0.06109999865293503
YPL242C,YGR091W,0,-2.50599,0.39465874433517456,0.39899998903274536,0.06120000034570694
YJR001W,YGL243W,0,-2.5064392,0.39426878094673157,0.39899998903274536,0.06129999831318855
YGR227W,YDR040C,0,-2.5066266,0.39387956261634827,0.39899998903274536,0.061400000005960464
YML067C,YMR216C,0,-2.5068226,0.39349111914634705,0.39899998903274536,0.061500001698732376
YPL050C,YNL273W,0,-2.5069847,0.3931034505367279,0.39899998903274536,0.06159999966621399
YOR322C,YJL128C,0,-2.5083685,0.39271652698516846,0.39899998903274536,0.0617000013589859
YLR451W,YNL267W,0,-2.5086365,0.3923303782939911,0.39899998903274536,0.061799999326467514
YLR106C,YKR037C,0,-2.508892,0.3919450044631958,0.39899998903274536,0.061900001019239426
YKR054C,YNL273W,0,-2.508984,0.3915603458881378,0.39899998903274536,0.06199999898672104
YBR023C,YDL225W,0,-2.509595,0.3911764621734619,0.39899998903274536,0.06210000067949295
YLR015W,YLR285W,1,-2.510757,0.3917727768421173,0.4000000059604645,0.06210000067949295
YLR246W,YJR017C,0,-2.5110807,0.3913894295692444,0.4000000059604645,0.062199998646974564
YCL016C,YER174C,0,-2.5114284,0.39100685715675354,0.4000000059604645,0.062300000339746475
YPL011C,YLR130C,0,-2.5114431,0.390625,0.4000000059604645,0.06239999830722809
YFL039C,YER133W,1,-2.511602,0.39121952652931213,0.4009999930858612,0.06239999830722809
YDR030C,YJL156C,0,-2.5119534,0.3908382058143616,0.4009999930858612,0.0625
YOR094W,YGR212W,0,-2.5125074,0.3904576301574707,0.4009999930858612,0.06260000169277191
YER177W,YMR204C,0,-2.514007,0.3900778293609619,0.4009999930858612,0.06270000338554382
YDR421W,YPR072W,0,-2.5141735,0.38969874382019043,0.4009999930858612,0.06279999762773514
YLR335W,YPL016W,1,-2.5155,0.3902912735939026,0.4020000100135803,0.06279999762773514
YOR320C,YIL085C,0,-2.5156908,0.3899126946926117,0.4020000100135803,0.06289999932050705
YER146W,YDR320C,0,-2.5162053,0.3895348906517029,0.4020000100135803,0.06300000101327896
YPL228W,YBR102C,0,-2.5190835,0.38915780186653137,0.4020000100135803,0.06310000270605087
YJR064W,YHR178W,0,-2.520709,0.38878142833709717,0.4020000100135803,0.06319999694824219
YPR037C,YPL131W,0,-2.5213408,0.38840579986572266,0.4020000100135803,0.0632999986410141
YMR033W,YPR018W,1,-2.5220237,0.3889961242675781,0.40299999713897705,0.0632999986410141
YGL012W,YPL124W,0,-2.5225658,0.3886210322380066,0.40299999713897705,0.06340000033378601
YPL116W,YBL006C,1,-2.523982,0.3892100155353546,0.40400001406669617,0.06340000033378601
YNL055C,YLR417W,0,-2.5243173,0.38883543014526367,0.40400001406669617,0.06350000202655792
YPR023C,YBR279W,1,-2.5243592,0.38942307233810425,0.4050000011920929,0.06350000202655792
YCR065W,YFR050C,0,-2.5244393,0.3890489935874939,0.4050000011920929,0.06360000371932983
YOL012C,YLR357W,1,-2.5248861,0.3896353244781494,0.4059999883174896,0.06360000371932983
YGL144C,YPL124W,0,-2.5255241,0.38926175236701965,0.4059999883174896,0.06369999796152115
YOR191W,YCL010C,1,-2.5256839,0.3898467421531677,0.40700000524520874,0.06369999796152115
YIL131C,YBR095C,1,-2.5257134,0.39043062925338745,0.40799999237060547,0.06369999796152115
YGR179C,YDR341C,0,-2.5257525,0.39005735516548157,0.40799999237060547,0.06379999965429306
YNL291C,YGR085C,0,-2.527638,0.3896848261356354,0.40799999237060547,0.06390000134706497
YFR027W,YPR032W,0,-2.5279183,0.3893129825592041,0.40799999237060547,0.06400000303983688
YNL206C,YOR290C,1,-2.5294743,0.38989514112472534,0.4090000092983246,0.06400000303983688
YBL080C,YOR332W,0,-2.5296612,0.38952380418777466,0.4090000092983246,0.0640999972820282
YFR028C,YDR189W,0,-2.530304,0.3891531825065613,0.4090000092983246,0.06419999897480011
YDR162C,YDR201W,0,-2.5304494,0.3887832760810852,0.4090000092983246,0.06430000066757202
YPL069C,YDR385W,0,-2.530549,0.38841405510902405,0.4090000092983246,0.06440000236034393
YPR141C,YEL051W,0,-2.5317092,0.3880455493927002,0.4090000092983246,0.06449999660253525
YGR120C,YGR033C,0,-2.5325322,0.38767772912979126,0.4090000092983246,0.06459999829530716
YNL106C,YKL197C,0,-2.532555,0.38731059432029724,0.4090000092983246,0.06469999998807907
YJL034W,YGR004W,0,-2.5332046,0.3869441747665405,0.4090000092983246,0.06480000168085098
YDL165W,YDR251W,0,-2.5333252,0.38657844066619873,0.4090000092983246,0.0649000033736229
YBR102C,YFL018C,0,-2.53339,0.38621342182159424,0.4090000092983246,0.06499999761581421
YCL034W,YFL008W,0,-2.5340362,0.3858490586280823,0.4090000092983246,0.06509999930858612
YKR036C,YOR326W,0,-2.534371,0.38548538088798523,0.4090000092983246,0.06520000100135803
YNL172W,YFL017W-A,0,-2.5356588,0.3851224184036255,0.4090000092983246,0.06530000269412994
YOL108C,YNL169C,0,-2.5358672,0.3847601115703583,0.4090000092983246,0.06539999693632126
YNL230C,YGL075C,0,-2.5358734,0.384398490190506,0.4090000092983246,0.06549999862909317
YCR002C,YEL019C,0,-2.5362678,0.3840375542640686,0.4090000092983246,0.06560000032186508
YCL014W,YGL162W,0,-2.5365796,0.38367730379104614,0.4090000092983246,0.065700002014637
YPL244C,YLR268W,0,-2.5388036,0.3833177089691162,0.4090000092983246,0.0658000037074089
YAL012W,YDL100C,0,-2.5389595,0.3829587996006012,0.4090000092983246,0.06589999794960022
YJL085W,YNR043W,0,-2.5390463,0.3826005756855011,0.4090000092983246,0.06599999964237213
YLR429W,YHR178W,0,-2.5393414,0.38224297761917114,0.4090000092983246,0.06610000133514404
YGL043W,YBR020W,0,-2.5396194,0.3818860948085785,0.4090000092983246,0.06620000302791595
YAL013W,YML127W,1,-2.539822,0.38246268033981323,0.4099999964237213,0.06620000302791595
YGR119C,YPR032W,0,-2.541113,0.3821062445640564,0.4099999964237213,0.06629999727010727
YNL325C,YPL085W,0,-2.5416222,0.3817504644393921,0.4099999964237213,0.06639999896287918
YER030W,YIL084C,1,-2.5420666,0.38232558965682983,0.41100001335144043,0.06639999896287918
YPR019W,YPL214C,0,-2.5427117,0.38197025656700134,0.41100001335144043,0.06650000065565109
YOL042W,YER009W,0,-2.5430694,0.38161560893058777,0.41100001335144043,0.066600002348423
YDL165W,YDL013W,0,-2.5449724,0.38126158714294434,0.41100001335144043,0.06669999659061432
YJL194W,YHR150W,0,-2.5460105,0.3809082508087158,0.41100001335144043,0.06679999828338623
YGL071W,YKR083C,0,-2.5460625,0.38055557012557983,0.41100001335144043,0.06689999997615814
YLR138W,YER149C,0,-2.5468044,0.380203515291214,0.41100001335144043,0.06700000166893005
YBR253W,YOL109W,0,-2.5478573,0.3798521161079407,0.41100001335144043,0.06710000336170197
YOR140W,YNR006W,0,-2.548195,0.3795013725757599,0.41100001335144043,0.06719999760389328
YML102W,YDR176W,1,-2.548668,0.38007381558418274,0.41200000047683716,0.06719999760389328
YHR118C,YGL252C,1,-2.550644,0.38064515590667725,0.4129999876022339,0.06719999760389328
YMR112C,YGL115W,0,-2.5508175,0.38029465079307556,0.4129999876022339,0.06729999929666519
YLR193C,YML076C,0,-2.5518007,0.3799448013305664,0.4129999876022339,0.0674000009894371
YER009W,YPR178W,0,-2.5518146,0.3795955777168274,0.4129999876022339,0.06750000268220901
YFR009W,YFL004W,0,-2.5527425,0.3792470097541809,0.4129999876022339,0.06759999692440033
YIL131C,YKR048C,1,-2.5529575,0.3798165023326874,0.414000004529953,0.06759999692440033
YBR231C,YCR084C,1,-2.5538998,0.38038498163223267,0.41499999165534973,0.06759999692440033
YNL118C,YDL185W,0,-2.554391,0.3800366222858429,0.41499999165534973,0.06769999861717224
YDR225W,YHL025W,1,-2.5546055,0.3806038498878479,0.41600000858306885,0.06769999861717224
YLR135W,YGR104C,0,-2.555037,0.38025593757629395,0.41600000858306885,0.06780000030994415
YOR151C,YNR026C,0,-2.555163,0.3799086809158325,0.41600000858306885,0.06790000200271606
YNL172W,YBR129C,0,-2.5555797,0.37956205010414124,0.41600000858306885,0.06800000369548798
YBR020W,YGL168W,0,-2.555664,0.3792160451412201,0.41600000858306885,0.06809999793767929
YOR023C,YLR085C,1,-2.556357,0.37978142499923706,0.4169999957084656,0.06809999793767929
YOL063C,YGL025C,0,-2.5566716,0.37943583726882935,0.4169999957084656,0.0681999996304512
YCL055W,YER148W,0,-2.5566826,0.37909090518951416,0.4169999957084656,0.06830000132322311
YNL059C,YDR073W,1,-2.5573163,0.3796548545360565,0.4180000126361847,0.06830000132322311
YIL150C,YFL049W,1,-2.5577312,0.3802177906036377,0.4189999997615814,0.06830000132322311
YJL014W,YBR165W,0,-2.5591335,0.3798730671405792,0.4189999997615814,0.06840000301599503
YDR182W,YDR150W,0,-2.5592122,0.3795289993286133,0.4189999997615814,0.06849999725818634
YNL039W,YDR027C,0,-2.559369,0.3791855275630951,0.4189999997615814,0.06859999895095825
YBR215W,YLR095C,1,-2.5595932,0.37974682450294495,0.41999998688697815,0.06859999895095825
YKL012W,YNL049C,0,-2.5599723,0.3794037997722626,0.41999998688697815,0.06870000064373016
YLR033W,YJL080C,1,-2.5602784,0.3799639046192169,0.42100000381469727,0.06870000064373016
YPL254W,YJL076W,1,-2.5625305,0.3805229961872101,0.421999990940094,0.06870000064373016
YDL236W,YMR247C,1,-2.5633316,0.38108107447624207,0.4230000078678131,0.06870000064373016
YLR320W,YOL001W,0,-2.563633,0.3807380795478821,0.4230000078678131,0.06880000233650208
YMR004W,YJL035C,0,-2.5637474,0.38039568066596985,0.4230000078678131,0.06889999657869339
YCR048W,YDR080W,0,-2.5655494,0.38005390763282776,0.4230000078678131,0.0689999982714653
YCR060W,YMR203W,0,-2.566311,0.3797127604484558,0.4230000078678131,0.06909999996423721
YLR229C,YHR039C-A,0,-2.566669,0.3793722093105316,0.4230000078678131,0.06920000165700912
YLR059C,YJL035C,0,-2.5668774,0.3790322542190552,0.4230000078678131,0.06930000334978104
YPL195W,YKL149C,0,-2.5671325,0.3786929249763489,0.4230000078678131,0.06939999759197235
YJR082C,YOR191W,1,-2.5679226,0.37924864888191223,0.42399999499320984,0.06939999759197235
YDL207W,YNL243W,0,-2.5694084,0.37890973687171936,0.42399999499320984,0.06949999928474426
YEL061C,YDR251W,0,-2.569718,0.37857142090797424,0.42399999499320984,0.06960000097751617
YFL025C,YGR005C,0,-2.5701265,0.37823373079299927,0.42399999499320984,0.06970000267028809
YFL005W,YBR082C,0,-2.5701432,0.37789660692214966,0.42399999499320984,0.0697999969124794
YCL025C,YLR163C,0,-2.5709414,0.3775601089000702,0.42399999499320984,0.06989999860525131
YLR433C,YNL207W,0,-2.5710964,0.3772242069244385,0.42399999499320984,0.07000000029802322
YOR209C,YGL058W,1,-2.5714264,0.3777777850627899,0.42500001192092896,0.07000000029802322
YGL133W,YMR284W,1,-2.5718522,0.37833037972450256,0.4259999990463257,0.07000000029802322
YCL051W,YLR266C,0,-2.572506,0.37799468636512756,0.4259999990463257,0.07010000199079514
YDR499W,YOR116C,0,-2.572906,0.3776595890522003,0.4259999990463257,0.07020000368356705
YDR483W,YKL020C,0,-2.5734901,0.37732505798339844,0.4259999990463257,0.07029999792575836
YJR001W,YKR083C,0,-2.5754905,0.3769911527633667,0.4259999990463257,0.07039999961853027
YJR076C,YMR179W,0,-2.5778804,0.3766578137874603,0.4259999990463257,0.07050000131130219
YDR439W,YBR089C-A,1,-2.577928,0.3772084712982178,0.4269999861717224,0.07050000131130219
YDL236W,YCR033W,1,-2.5784516,0.3777581751346588,0.42800000309944153,0.07050000131130219
YGL256W,YBR098W,0,-2.57966,0.37742504477500916,0.42800000309944153,0.0706000030040741
YDR188W,YLR362W,0,-2.5801358,0.37709251046180725,0.42800000309944153,0.07069999724626541
YDR435C,YDR379W,0,-2.5802393,0.3767605721950531,0.42800000309944153,0.07079999893903732
YMR004W,YER154W,0,-2.582232,0.3764292001724243,0.42800000309944153,0.07090000063180923
YGR188C,YGL213C,0,-2.5827098,0.3760984241962433,0.42800000309944153,0.07100000232458115
YGL119W,YGR276C,0,-2.583302,0.3757682144641876,0.42800000309944153,0.07109999656677246
YNL138W,YLR417W,0,-2.5833187,0.3754386007785797,0.42800000309944153,0.07119999825954437
YDR219C,YPL112C,0,-2.5836663,0.37510955333709717,0.42800000309944153,0.07129999995231628
YNL245C,YBR196C,0,-2.5838614,0.37478107213974,0.42800000309944153,0.0714000016450882
YAR008W,YOR143C,0,-2.584165,0.37445318698883057,0.42800000309944153,0.07150000333786011
YLL043W,YOL059W,0,-2.584279,0.3741258680820465,0.42800000309944153,0.07159999758005142
YEL029C,YLR055C,0,-2.5842977,0.3737991154193878,0.42800000309944153,0.07169999927282333
YBR089C-A,YJL176C,1,-2.5845613,0.3743455410003662,0.42899999022483826,0.07169999927282333
YJR076C,YJR052W,0,-2.5846462,0.37401917576789856,0.42899999022483826,0.07180000096559525
YNL261W,YLR272C,1,-2.5849361,0.3745644688606262,0.4300000071525574,0.07180000096559525
YLL036C,YLR181C,0,-2.5855012,0.3742384612560272,0.4300000071525574,0.07190000265836716
YML058W,YHR014W,0,-2.588544,0.373913049697876,0.4300000071525574,0.07199999690055847
YOR160W,YML064C,0,-2.588694,0.3735881745815277,0.4300000071525574,0.07209999859333038
YOR191W,YFL049W,1,-2.5898285,0.3741319477558136,0.4309999942779541,0.07209999859333038
YOR025W,YML069W,1,-2.5902772,0.3746747672557831,0.4320000112056732,0.07209999859333038
YKL160W,YKR029C,1,-2.591721,0.37521663308143616,0.43299999833106995,0.07209999859333038
YEL061C,YOR068C,0,-2.5933757,0.3748917877674103,0.43299999833106995,0.0722000002861023
YNR023W,YGR063C,1,-2.5935564,0.3754325211048126,0.4339999854564667,0.0722000002861023
YPR034W,YOR244W,1,-2.5936332,0.37597233057022095,0.4350000023841858,0.0722000002861023
YER032W,YOR140W,0,-2.5942202,0.3756476640701294,0.4350000023841858,0.0723000019788742
YBR234C,YNL023C,0,-2.5945773,0.3753235638141632,0.4350000023841858,0.07240000367164612
YDR379W,YER005W,0,-2.5947762,0.375,0.4350000023841858,0.07249999791383743
YLR078C,YLR318W,0,-2.5958652,0.37467700242996216,0.4350000023841858,0.07259999960660934
YOL003C,YJL012C,0,-2.5960507,0.3743545711040497,0.4350000023841858,0.07270000129938126
YNR057C,YIL173W,0,-2.597178,0.3740326762199402,0.4350000023841858,0.07280000299215317
YPL053C,YOR068C,0,-2.5983992,0.37371134757995605,0.4350000023841858,0.07289999723434448
YBL052C,YOR290C,1,-2.598755,0.3742489218711853,0.4359999895095825,0.07289999723434448
YJR064W,YDR499W,0,-2.5991697,0.3739279508590698,0.4359999895095825,0.0729999989271164
YDR088C,YMR313C,0,-2.6003923,0.3736075460910797,0.4359999895095825,0.0731000006198883
YKL182W,YDR478W,0,-2.6014943,0.3732876777648926,0.4359999895095825,0.07320000231266022
YAR002C-A,YDL225W,0,-2.6018949,0.3729683458805084,0.4359999895095825,0.07329999655485153
YIL085C,YML095C,0,-2.6019354,0.37264958024024963,0.4359999895095825,0.07339999824762344
YNL147W,YDR027C,0,-2.603063,0.3723313510417938,0.4359999895095825,0.07349999994039536
YGR204W,YGL254W,0,-2.6031656,0.372013658285141,0.4359999895095825,0.07360000163316727
YBR288C,YGR129W,0,-2.6038284,0.37169650197029114,0.4359999895095825,0.07370000332593918
YDL002C,YBR095C,1,-2.603982,0.37223169207572937,0.43700000643730164,0.07370000332593918
YDL013W,YJL204C,0,-2.6040378,0.37191489338874817,0.43700000643730164,0.0737999975681305
YOL135C,YPR161C,0,-2.6050892,0.37159863114356995,0.43700000643730164,0.0738999992609024
YLR228C,YGL012W,0,-2.6061835,0.3712829351425171,0.43700000643730164,0.07400000095367432
YLR052W,YDR227W,1,-2.6067343,0.37181663513183594,0.43799999356269836,0.07400000095367432
YBR245C,YKR101W,1,-2.606913,0.37234944105148315,0.4390000104904175,0.07400000095367432
YDL236W,YOL006C,1,-2.6069984,0.37288135290145874,0.4399999976158142,0.07400000095367432
YMR162C,YHR039C-A,0,-2.6076298,0.3725656270980835,0.4399999976158142,0.07410000264644623
YHR107C,YHR023W,0,-2.608242,0.37225043773651123,0.4399999976158142,0.07419999688863754
YCL010C,YPL139C,1,-2.6090827,0.37278106808662415,0.4410000145435333,0.07419999688863754
YML069W,YHR119W,1,-2.609105,0.37331080436706543,0.44200000166893005,0.07419999688863754
YER145C,YOR354C,0,-2.60914,0.3729957938194275,0.44200000166893005,0.07429999858140945
YHR079C,YDL043C,0,-2.6091537,0.37268128991127014,0.44200000166893005,0.07440000027418137
YNL136W,YML127W,1,-2.6100798,0.37320977449417114,0.4429999887943268,0.07440000027418137
YIL159W,YLR010C,0,-2.6103883,0.37289562821388245,0.4429999887943268,0.07450000196695328
YHR079C,YOL121C,0,-2.6106005,0.37258198857307434,0.4429999887943268,0.07460000365972519
YCR077C,YDR407C,0,-2.6110716,0.3722689151763916,0.4429999887943268,0.0746999979019165
YFR005C,YDL225W,0,-2.611349,0.37195634841918945,0.4429999887943268,0.07479999959468842
YNL218W,YOR274W,0,-2.6119018,0.3716442883014679,0.4429999887943268,0.07490000128746033
YJL058C,YAL032C,0,-2.612403,0.3713327646255493,0.4429999887943268,0.07500000298023224
YMR202W,YOR106W,0,-2.6129498,0.3710217773914337,0.4429999887943268,0.07509999722242355
YML059C,YFL045C,0,-2.6130862,0.3707112967967987,0.4429999887943268,0.07519999891519547
YDR181C,YBR231C,1,-2.6135888,0.37123745679855347,0.4440000057220459,0.07519999891519547
YNL136W,YBR231C,1,-2.6140823,0.371762752532959,0.4449999928474426,0.07519999891519547
YBL084C,YML029W,0,-2.6146598,0.3714524209499359,0.4449999928474426,0.07530000060796738
YJL071W,YJL140W,0,-2.6147823,0.3711426258087158,0.4449999928474426,0.07540000230073929
YDL164C,YIL023C,0,-2.6157002,0.3708333373069763,0.4449999928474426,0.0754999965429306
YKR019C,YBL006C,1,-2.6158051,0.3713572025299072,0.44600000977516174,0.0754999965429306
YJL179W,YIL109C,0,-2.616589,0.371048241853714,0.44600000977516174,0.07559999823570251
YDL140C,YBR223C,0,-2.6166477,0.37073981761932373,0.44600000977516174,0.07569999992847443
YDL145C,YJL146W,0,-2.6167994,0.37043190002441406,0.44600000977516174,0.07580000162124634
YER107C,YPL213W,0,-2.616969,0.370124489068985,0.44600000977516174,0.07590000331401825
YDL175C,YDL143W,0,-2.6177177,0.3698175847530365,0.44600000977516174,0.07599999755620956
YNL059C,YLR272C,1,-2.6179485,0.37033969163894653,0.44699999690055847,0.07599999755620956
YLR068W,YML088W,0,-2.6188455,0.3700331151485443,0.44699999690055847,0.07609999924898148
YLR095C,YPR052C,1,-2.6190853,0.3705541789531708,0.4480000138282776,0.07609999924898148
YIL131C,YDR225W,1,-2.619247,0.371074378490448,0.4490000009536743,0.07609999924898148
YIR004W,YOL051W,0,-2.6197648,0.3707679510116577,0.4490000009536743,0.07620000094175339
YNL267W,YKL041W,0,-2.6202831,0.3704620599746704,0.4490000009536743,0.0763000026345253
YGR191W,YER028C,0,-2.6207294,0.3701566457748413,0.4490000009536743,0.07639999687671661
YGR135W,YJL012C,0,-2.6211987,0.3698517382144928,0.4490000009536743,0.07649999856948853
YNL135C,YNL107W,1,-2.6217551,0.37037035822868347,0.44999998807907104,0.07649999856948853
YLR013W,YLR410W,0,-2.621912,0.3700657784938812,0.44999998807907104,0.07660000026226044
YDR420W,YLR044C,0,-2.6219506,0.36976170539855957,0.44999998807907104,0.07670000195503235
YOR284W,YJR042W,0,-2.6223054,0.3694581389427185,0.44999998807907104,0.07680000364780426
YNL078W,YIL031W,0,-2.6223798,0.36915504932403564,0.44999998807907104,0.07689999788999557
YDR182W,YER068W,0,-2.6224327,0.3688524663448334,0.44999998807907104,0.07699999958276749
YIL112W,YLR335W,1,-2.6226726,0.36936935782432556,0.45100000500679016,0.07699999958276749
YJL115W,YFL049W,1,-2.6227064,0.3698854446411133,0.4519999921321869,0.07699999958276749
YPL178W,YGL257C,0,-2.6227841,0.36958298087120056,0.4519999921321869,0.0771000012755394
YNL059C,YIL126W,1,-2.622838,0.3700980246067047,0.453000009059906,0.0771000012755394
YJR057W,YMR316W,0,-2.6230888,0.36979591846466064,0.453000009059906,0.07720000296831131
YOL012C,YCR084C,1,-2.6231894,0.3703099489212036,0.45399999618530273,0.07720000296831131
YJL165C,YPL125W,0,-2.6234584,0.3700081408023834,0.45399999618530273,0.07729999721050262
YCR033W,YPL139C,1,-2.6237664,0.3705211579799652,0.45500001311302185,0.07729999721050262
YDL079C,YGR059W,0,-2.6242914,0.3702196776866913,0.45500001311302185,0.07739999890327454
YOR160W,YER024W,0,-2.6243644,0.36991870403289795,0.45500001311302185,0.07750000059604645
YKR027W,YPL083C,0,-2.624497,0.3696182072162628,0.45500001311302185,0.07760000228881836
YNL029C,YBR022W,0,-2.6254225,0.3693181872367859,0.45500001311302185,0.07769999653100967
YNR044W,YGR013W,0,-2.6258974,0.36901864409446716,0.45500001311302185,0.07779999822378159
YCL016C,YCR092C,0,-2.6260734,0.36871960759162903,0.45500001311302185,0.0778999999165535
YOL051W,YDR079W,0,-2.6266737,0.3684210479259491,0.45500001311302185,0.07800000160932541
YNL245C,YPR133C,0,-2.6268554,0.36812296509742737,0.45500001311302185,0.07810000330209732
YFL039C,YPL001W,1,-2.6269817,0.36863377690315247,0.4560000002384186,0.07810000330209732
YGL011C,YEL031W,0,-2.6276817,0.368336021900177,0.4560000002384186,0.07819999754428864
YLR078C,YNL245C,0,-2.6285357,0.36803874373435974,0.4560000002384186,0.07829999923706055
YPL083C,YFL038C,0,-2.6286817,0.3677419424057007,0.4560000002384186,0.07840000092983246
YOR281C,YBR260C,0,-2.6293488,0.36744561791419983,0.4560000002384186,0.07850000262260437
YBL046W,YDR341C,0,-2.6297665,0.3671497702598572,0.4560000002384186,0.07859999686479568
YNL097C,YKL018W,1,-2.6309156,0.3676588833332062,0.4569999873638153,0.07859999686479568
YCL055W,YER151C,0,-2.6311302,0.3673633337020874,0.4569999873638153,0.0786999985575676
YDR251W,YFL059W,0,-2.6356568,0.36706826090812683,0.4569999873638153,0.07880000025033951
YGR040W,YER105C,0,-2.6364746,0.36677366495132446,0.4569999873638153,0.07890000194311142
YOR023C,YOL145C,1,-2.6367378,0.3672814667224884,0.4580000042915344,0.07890000194311142
YCL010C,YDR167W,1,-2.636816,0.3677884638309479,0.45899999141693115,0.07890000194311142
YPR072W,YML093W,0,-2.636849,0.36749398708343506,0.45899999141693115,0.07900000363588333
YJR076C,YDL093W,0,-2.6373825,0.36719998717308044,0.45899999141693115,0.07909999787807465
YBL003C,YDR167W,1,-2.6378417,0.3677058219909668,0.46000000834465027,0.07909999787807465
YDL198C,YJL134W,0,-2.6379642,0.36741214990615845,0.46000000834465027,0.07919999957084656
YML078W,YNL243W,0,-2.6380506,0.3671189248561859,0.46000000834465027,0.07930000126361847
YDL143W,YJL025W,0,-2.6382532,0.3668261468410492,0.46000000834465027,0.07940000295639038
YKR003W,YDL065C,0,-2.638588,0.36653387546539307,0.46000000834465027,0.0794999971985817
YGR047C,YNL229C,0,-2.6392083,0.36624205112457275,0.46000000834465027,0.07959999889135361
YLR380W,YLR208W,0,-2.6395087,0.36595067381858826,0.46000000834465027,0.07970000058412552
YCR035C,YJL156C,0,-2.6398287,0.36565977334976196,0.46000000834465027,0.07980000227689743
YLR052W,YDL076C,1,-2.6400008,0.36616361141204834,0.460999995470047,0.07980000227689743
YPR083W,YPR032W,0,-2.640213,0.3658730089664459,0.460999995470047,0.07989999651908875
YEL066W,YMR022W,1,-2.640386,0.3663758933544159,0.4620000123977661,0.07989999651908875
YOR320C,YPR132W,0,-2.6413789,0.36608558893203735,0.4620000123977661,0.07999999821186066
YKR036C,YDL226C,0,-2.6418767,0.36579573154449463,0.4620000123977661,0.08009999990463257
YMR042W,YMR061W,0,-2.6423035,0.3655063211917877,0.4620000123977661,0.08020000159740448
YFR009W,YPL208W,0,-2.642343,0.365217387676239,0.4620000123977661,0.08030000329017639
YMR137C,YPL243W,0,-2.6425672,0.3649289011955261,0.4620000123977661,0.0803999975323677
YKL112W,YCL010C,1,-2.642713,0.36543014645576477,0.46299999952316284,0.0803999975323677
YMR172W,YOR363C,0,-2.6427693,0.36514195799827576,0.46299999952316284,0.08049999922513962
YPR056W,YPL045W,0,-2.6428933,0.36485421657562256,0.46299999952316284,0.08060000091791153
YDR295C,YDR224C,1,-2.642908,0.3653543293476105,0.46399998664855957,0.08060000091791153
YGL150C,YKR101W,1,-2.6435513,0.3658536672592163,0.4650000035762787,0.08060000091791153
YDR456W,YDR470C,0,-2.6436315,0.36556604504585266,0.4650000035762787,0.08070000261068344
YGL028C,YML088W,0,-2.6443481,0.36527886986732483,0.4650000035762787,0.08079999685287476
YNL323W,YLR249W,0,-2.6452355,0.3649921417236328,0.4650000035762787,0.08089999854564667
YKR048C,YNL206C,1,-2.6454835,0.365490198135376,0.4659999907016754,0.08089999854564667
YER018C,YGL212W,0,-2.6455717,0.36520376801490784,0.4659999907016754,0.08100000023841858
YDR318W,YPL131W,0,-2.6461225,0.3649177849292755,0.4659999907016754,0.08110000193119049
YPR029C,YJL092W,0,-2.6465473,0.364632248878479,0.4659999907016754,0.0812000036239624
YBR073W,YHL022C,0,-2.6469488,0.3643471598625183,0.4659999907016754,0.08129999786615372
YMR285C,YOR259C,0,-2.6470804,0.36406248807907104,0.4659999907016754,0.08139999955892563
YMR212C,YKL043W,0,-2.6473303,0.363778293132782,0.4659999907016754,0.08150000125169754
YOR080W,YOR201C,0,-2.6473732,0.36349454522132874,0.4659999907016754,0.08160000294446945
YIL009C-A,YHR165C,0,-2.6475067,0.3632112145423889,0.4659999907016754,0.08169999718666077
YDL197C,YIL131C,1,-2.6482024,0.36370715498924255,0.46700000762939453,0.08169999718666077
YKL045W,YOR075W,0,-2.6482382,0.3634241223335266,0.46700000762939453,0.08179999887943268
YPR083W,YMR023C,0,-2.6483269,0.3631415367126465,0.46700000762939453,0.08190000057220459
YBR258C,YBR175W,1,-2.6486769,0.3636363744735718,0.46799999475479126,0.08190000057220459
YPR019W,YBR168W,0,-2.648951,0.36335402727127075,0.46799999475479126,0.0820000022649765
YKL092C,YGL212W,0,-2.6494565,0.36307215690612793,0.46799999475479126,0.08209999650716782
YDR437W,YML059C,0,-2.6507282,0.36279070377349854,0.46799999475479126,0.08219999819993973
YPL040C,YGR013W,0,-2.6507592,0.36250966787338257,0.46799999475479126,0.08229999989271164
YFL011W,YEL069C,0,-2.65196,0.3622291088104248,0.46799999475479126,0.08240000158548355
YJL196C,YML016C,0,-2.6521516,0.36194896697998047,0.46799999475479126,0.08250000327825546
YGL174W,YJL029C,0,-2.6527128,0.36166924238204956,0.46799999475479126,0.08259999752044678
YNL097C,YBR231C,1,-2.6530604,0.36216217279434204,0.4690000116825104,0.08259999752044678
YFR002W,YOL142W,0,-2.653966,0.3618827164173126,0.4690000116825104,0.08269999921321869
YEL030W,YGL067W,0,-2.6544833,0.361603707075119,0.4690000116825104,0.0828000009059906
YDL236W,YOR279C,1,-2.6548505,0.36209553480148315,0.4699999988079071,0.0828000009059906
YIL084C,YKL018W,1,-2.6554704,0.3625866174697876,0.47099998593330383,0.0828000009059906
YMR137C,YOR069W,0,-2.6554723,0.36230769753456116,0.47099998593330383,0.08290000259876251
YER028C,YDR427W,0,-2.656632,0.36202919483184814,0.47099998593330383,0.08299999684095383
YBR272C,YDL185W,0,-2.657395,0.36175113916397095,0.47099998593330383,0.08309999853372574
YMR033W,YDL002C,1,-2.6580648,0.3622409701347351,0.47200000286102295,0.08309999853372574
YBL084C,YFL041W,0,-2.6594324,0.3619631826877594,0.47200000286102295,0.08320000022649765
YLR353W,YML036W,0,-2.6599426,0.3616858124732971,0.47200000286102295,0.08330000191926956
YMR047C,YNL025C,0,-2.6601052,0.36140888929367065,0.47200000286102295,0.08340000361204147
YDR392W,YNL246W,1,-2.6605878,0.36189746856689453,0.4729999899864197,0.08340000361204147
YDR397C,YPL243W,0,-2.6609411,0.36162078380584717,0.4729999899864197,0.08349999785423279
YGL018C,YPL124W,0,-2.6609988,0.3613445460796356,0.4729999899864197,0.0835999995470047
YLR361C,YGL226C-A,0,-2.6614914,0.3610686957836151,0.4729999899864197,0.08370000123977661
YMR100W,YML019W,0,-2.6631823,0.3607932925224304,0.4729999899864197,0.08380000293254852
YHR116W,YDL028C,0,-2.663381,0.36051830649375916,0.4729999899864197,0.08389999717473984
YGR063C,YBR175W,1,-2.664536,0.36100533604621887,0.4740000069141388,0.08389999717473984
YBR211C,YOR109W,0,-2.6654549,0.3607305884361267,0.4740000069141388,0.08399999886751175
YDR176W,YDR392W,1,-2.6660752,0.3612167239189148,0.4749999940395355,0.08399999886751175
YDR225W,YJL076W,1,-2.667355,0.3617021143436432,0.47600001096725464,0.08399999886751175
YJL014W,YAL007C,0,-2.667389,0.3614274859428406,0.47600001096725464,0.08410000056028366
YHL002W,YJL012C,0,-2.6674466,0.3611532747745514,0.47600001096725464,0.08420000225305557
YNL099C,YIL139C,0,-2.6674643,0.36087945103645325,0.47600001096725464,0.08429999649524689
YIL132C,YOR216C,0,-2.6677113,0.3606060743331909,0.47600001096725464,0.0843999981880188
YOL067C,YER116C,0,-2.6678786,0.36033308506011963,0.47600001096725464,0.08449999988079071
YPR018W,YPL139C,1,-2.668119,0.36081695556640625,0.47699999809265137,0.08449999988079071
YDR386W,YLR138W,0,-2.668787,0.36054420471191406,0.47699999809265137,0.08460000157356262
YPL187W,YAL047C,0,-2.6694536,0.3602719008922577,0.47699999809265137,0.08470000326633453
YGL105W,YLR353W,0,-2.669827,0.36000001430511475,0.47699999809265137,0.08479999750852585
YIL159W,YOR295W,0,-2.6704988,0.35972851514816284,0.47699999809265137,0.08489999920129776
YMR068W,YGL243W,0,-2.6707807,0.35945743322372437,0.47699999809265137,0.08500000089406967
YML036W,YPL241C,0,-2.6714926,0.35918673872947693,0.47699999809265137,0.08510000258684158
YOR299W,YBR135W,0,-2.6719146,0.3589164912700653,0.47699999809265137,0.0851999968290329
YNL068C,YJL056C,0,-2.6721244,0.3586466312408447,0.47699999809265137,0.08529999852180481
YMR078C,YDL043C,0,-2.6730456,0.3583771586418152,0.47699999809265137,0.08540000021457672
YPL139C,YNL107W,1,-2.6734424,0.3588588535785675,0.4779999852180481,0.08540000021457672
YOR025W,YLR272C,1,-2.6736684,0.3593398332595825,0.4790000021457672,0.08540000021457672
YBR272C,YIR006C,0,-2.6738214,0.35907045006752014,0.4790000021457672,0.08550000190734863
YMR058W,YLR035C,0,-2.6739554,0.3588014841079712,0.4790000021457672,0.08560000360012054
YPR120C,YDR158W,0,-2.6744308,0.35853293538093567,0.4790000021457672,0.08569999784231186
YLR047C,YHR165C,0,-2.6744576,0.3582647740840912,0.4790000021457672,0.08579999953508377
YGR009C,YIL016W,0,-2.6754217,0.35799700021743774,0.4790000021457672,0.08590000122785568
YOR171C,YIL021W,0,-2.6763296,0.35772964358329773,0.4790000021457672,0.0860000029206276
YLR288C,YOR064C,1,-2.6766539,0.35820895433425903,0.47999998927116394,0.0860000029206276
YOL086C,YGR224W,0,-2.6782026,0.3579418361186981,0.47999998927116394,0.08609999716281891
YER088C,YGL252C,1,-2.6782851,0.3584202826023102,0.48100000619888306,0.08609999716281891
YGL119W,YGR220C,0,-2.678358,0.35815340280532837,0.48100000619888306,0.08619999885559082
YNL323W,YJL208C,0,-2.678553,0.3578869104385376,0.48100000619888306,0.08630000054836273
YPL169C,YCR092C,0,-2.6785893,0.35762080550193787,0.48100000619888306,0.08640000224113464
YDR110W,YER051W,1,-2.678669,0.3580980598926544,0.4819999933242798,0.08640000224113464
YPL241C,YDR060W,0,-2.679359,0.3578322231769562,0.4819999933242798,0.08649999648332596
YER073W,YBR073W,0,-2.679882,0.357566773891449,0.4819999933242798,0.08659999817609787
YAL031C,YOL064C,0,-2.679997,0.3573017120361328,0.4819999933242798,0.08669999986886978
YGL247W,YPR164W,0,-2.6806827,0.3570370376110077,0.4819999933242798,0.0868000015616417
YDR174W,YPR121W,0,-2.6809173,0.3567727506160736,0.4819999933242798,0.0869000032544136
YMR113W,YFR055W,0,-2.6814446,0.35650888085365295,0.4819999933242798,0.08699999749660492
YGR120C,YKL074C,0,-2.6816993,0.35624536871910095,0.4819999933242798,0.08709999918937683
YMR211W,YDR201W,0,-2.682526,0.3559822738170624,0.4819999933242798,0.08720000088214874
YPR052C,YMR236W,1,-2.6825333,0.35645756125450134,0.4830000102519989,0.08720000088214874
YOL064C,YBR253W,0,-2.683301,0.35619470477104187,0.4830000102519989,0.08730000257492065
YER172C,YNR046W,0,-2.6834135,0.35593220591545105,0.4830000102519989,0.08739999681711197
YJL024C,YGL155W,0,-2.683855,0.35567009449005127,0.4830000102519989,0.08749999850988388
YDR030C,YML058W,0,-2.684782,0.3554084002971649,0.4830000102519989,0.08760000020265579
YOL005C,YGL011C,0,-2.6848135,0.3551470637321472,0.4830000102519989,0.0877000018954277
YKL179C,YKR022C,0,-2.685029,0.35488611459732056,0.4830000102519989,0.08780000358819962
YIR025W,YDR389W,0,-2.685133,0.35462555289268494,0.4830000102519989,0.08789999783039093
YNL288W,YNL291C,0,-2.6851568,0.35436537861824036,0.4830000102519989,0.08799999952316284
YLR357W,YGL252C,1,-2.6857324,0.35483869910240173,0.48399999737739563,0.08799999952316284
YLR052W,YMR069W,1,-2.6857376,0.3553113639354706,0.48500001430511475,0.08799999952316284
YML061C,YJL072C,0,-2.6869817,0.3550512492656708,0.48500001430511475,0.08810000121593475
YNR011C,YLR079W,0,-2.6870098,0.354791522026062,0.48500001430511475,0.08820000290870667
YPR175W,YIL061C,0,-2.687553,0.3545321524143219,0.48500001430511475,0.08829999715089798
YML086C,YER177W,0,-2.6877875,0.3542732000350952,0.48500001430511475,0.08839999884366989
YDL013W,YDL064W,0,-2.6882467,0.3540146052837372,0.48500001430511475,0.0885000005364418
YOR354C,YJL029C,0,-2.688551,0.3537563681602478,0.48500001430511475,0.08860000222921371
YLR105C,YPR189W,0,-2.6891265,0.35349854826927185,0.48500001430511475,0.08869999647140503
YFL056C,YOR157C,0,-2.6893883,0.35324108600616455,0.48500001430511475,0.08879999816417694
YKR101W,YIL126W,1,-2.690126,0.3537117838859558,0.4860000014305115,0.08879999816417694
YBR088C,YDR392W,1,-2.6907516,0.35418182611465454,0.4869999885559082,0.08879999816417694
YMR059W,YGL243W,0,-2.690793,0.353924423456192,0.4869999885559082,0.08889999985694885
YFR027W,YMR023C,0,-2.691165,0.35366737842559814,0.4869999885559082,0.08900000154972076
YOR284W,YJL036W,0,-2.6917386,0.3534107506275177,0.4869999885559082,0.08910000324249268
YGR113W,YDR379W,0,-2.6931386,0.3531544506549835,0.4869999885559082,0.08919999748468399
YML077W,YFR002W,0,-2.6939807,0.3528985381126404,0.4869999885559082,0.0892999991774559
YMR186W,YKR065C,0,-2.6942601,0.3526430130004883,0.4869999885559082,0.08940000087022781
YDL140C,YMR059W,0,-2.6944113,0.35238784551620483,0.4869999885559082,0.08950000256299973
YBR244W,YDL190C,0,-2.6949887,0.35213303565979004,0.4869999885559082,0.08959999680519104
YHR186C,YGL011C,0,-2.695436,0.3518786132335663,0.4869999885559082,0.08969999849796295
YKL182W,YEL019C,0,-2.696022,0.3516245484352112,0.4869999885559082,0.08980000019073486
YMR275C,YKL045W,0,-2.6965256,0.35137084126472473,0.4869999885559082,0.08990000188350677
YER019W,YIL013C,0,-2.6975121,0.3511175215244293,0.4869999885559082,0.09000000357627869
YCR065W,YDR172W,0,-2.697638,0.35086455941200256,0.4869999885559082,0.09009999781847
YGL252C,YOL006C,1,-2.6978693,0.351331889629364,0.4880000054836273,0.09009999781847
YDR130C,YLL013C,0,-2.698196,0.35107913613319397,0.4880000054836273,0.09019999951124191
YDR081C,YBR082C,0,-2.6982212,0.3508267402648926,0.4880000054836273,0.09030000120401382
YBR015C,YNL292W,0,-2.6991444,0.35057470202445984,0.4880000054836273,0.09040000289678574
YJL071W,YKL214C,0,-2.6995878,0.35032305121421814,0.4880000054836273,0.09049999713897705
YGL223C,YDR288W,0,-2.6998568,0.3500717282295227,0.4880000054836273,0.09059999883174896
YMR129W,YCR027C,0,-2.701198,0.3498207926750183,0.4880000054836273,0.09070000052452087
YMR199W,YDR437W,0,-2.7014222,0.34957021474838257,0.4880000054836273,0.09080000221729279
YCR066W,YPL208W,0,-2.7030768,0.3493199646472931,0.4880000054836273,0.0908999964594841
YJR135C,YPR074C,0,-2.7045708,0.34907010197639465,0.4880000054836273,0.09099999815225601
YDR420W,YGL168W,0,-2.7059264,0.34882059693336487,0.4880000054836273,0.09109999984502792
YEL002C,YDR285W,0,-2.7059612,0.34857141971588135,0.4880000054836273,0.09120000153779984
YMR113W,YOR334W,0,-2.7060523,0.34832262992858887,0.4880000054836273,0.09130000323057175
YGL166W,YGL086W,0,-2.7065282,0.34807416796684265,0.4880000054836273,0.09139999747276306
YML077W,YLR337C,0,-2.7066545,0.3478260934352875,0.4880000054836273,0.09149999916553497
YJR076C,YLR394W,0,-2.7067008,0.34757834672927856,0.4880000054836273,0.09160000085830688
YFL025C,YDR164C,0,-2.707224,0.3473309576511383,0.4880000054836273,0.0917000025510788
YCL031C,YPL124W,0,-2.709311,0.3470839262008667,0.4880000054836273,0.09179999679327011
YLR113W,YNL317W,0,-2.7101512,0.34683725237846375,0.4880000054836273,0.09189999848604202
YER169W,YDR303C,1,-2.710156,0.3473011255264282,0.48899999260902405,0.09189999848604202
YBL003C,YPR018W,1,-2.7102027,0.34776437282562256,0.49000000953674316,0.09189999848604202
YPR185W,YMR167W,0,-2.710734,0.347517728805542,0.49000000953674316,0.09200000017881393
YIL085C,YPR095C,0,-2.7108574,0.3472714424133301,0.49000000953674316,0.09210000187158585
YOR099W,YPR132W,0,-2.711441,0.34702548384666443,0.49000000953674316,0.09220000356435776
YML049C,YMR125W,0,-2.7123299,0.3467799127101898,0.49000000953674316,0.09229999780654907
YER088C,YDR110W,1,-2.7125878,0.3472418785095215,0.4909999966621399,0.09229999780654907
YOL061W,YHR111W,0,-2.7126899,0.3469964563846588,0.4909999966621399,0.09239999949932098
YKL025C,YJL056C,0,-2.7139668,0.3467514216899872,0.4909999966621399,0.0925000011920929
YKL135C,YAL053W,0,-2.7143183,0.3465067148208618,0.4909999966621399,0.09260000288486481
YML067C,YBL058W,0,-2.714418,0.3462623357772827,0.4909999966621399,0.09269999712705612
YJR139C,YGR085C,0,-2.7147484,0.34601831436157227,0.4909999966621399,0.09279999881982803
YGR140W,YLL031C,0,-2.7152252,0.34577465057373047,0.4909999966621399,0.09290000051259995
YBR136W,YBR082C,0,-2.715567,0.34553131461143494,0.4909999966621399,0.09300000220537186
YKL139W,YJR031C,0,-2.7170515,0.34528833627700806,0.4909999966621399,0.09309999644756317
YOL142W,YPR056W,0,-2.7178588,0.34504568576812744,0.4909999966621399,0.09319999814033508
YBR207W,YGL216W,0,-2.7182326,0.3448033630847931,0.4909999966621399,0.093299999833107
YCR077C,YPL243W,0,-2.7192826,0.3445613980293274,0.4909999966621399,0.0934000015258789
YPR083W,YOR201C,0,-2.7193747,0.34431976079940796,0.4909999966621399,0.09350000321865082
YDL236W,YKR101W,1,-2.7203832,0.34477925300598145,0.492000013589859,0.09350000321865082
YIL004C,YLR135W,0,-2.7212472,0.3445378243923187,0.492000013589859,0.09359999746084213
YCR094W,YLR139C,0,-2.7218642,0.34429672360420227,0.492000013589859,0.09369999915361404
YML088W,YDR470C,0,-2.7220788,0.3440559506416321,0.492000013589859,0.09380000084638596
YGR121C,YKL059C,0,-2.7225037,0.34381550550460815,0.492000013589859,0.09390000253915787
YCL001W,YDL047W,0,-2.7235794,0.3435754179954529,0.492000013589859,0.09399999678134918
YNL031C,YIL112W,1,-2.7248201,0.34403350949287415,0.49300000071525574,0.09399999678134918
YDR450W,YNL244C,0,-2.724864,0.3437935709953308,0.49300000071525574,0.0940999984741211
YNL078W,YHR150W,0,-2.7248821,0.3435540199279785,0.49300000071525574,0.094200000166893
YGR007W,YDR382W,0,-2.7251415,0.3433147668838501,0.49300000071525574,0.09430000185966492
YLR144C,YDR219C,0,-2.725957,0.34307584166526794,0.49300000071525574,0.09440000355243683
YOL017W,YER169W,1,-2.726009,0.3435326814651489,0.49399998784065247,0.09440000355243683
YGL194C,YER051W,1,-2.7273564,0.34398889541625977,0.4950000047683716,0.09440000355243683
YOR150W,YEL016C,0,-2.7274947,0.34375,0.4950000047683716,0.09449999779462814
YKL079W,YAL005C,0,-2.7281427,0.3435114622116089,0.4950000047683716,0.09459999948740005
YNL258C,YJR050W,0,-2.7281914,0.34327322244644165,0.4950000047683716,0.09470000118017197
YLR214W,YJL129C,0,-2.7296915,0.34303534030914307,0.4950000047683716,0.09480000287294388
YIL068C,YLR398C,0,-2.7303038,0.34279778599739075,0.4950000047683716,0.09489999711513519
YDR023W,YJL035C,0,-2.7306108,0.3425605595111847,0.4950000047683716,0.0949999988079071
YOR217W,YKL154W,0,-2.731894,0.3423236608505249,0.4950000047683716,0.09510000050067902
YNL267W,YDR314C,0,-2.7326956,0.3420870900154114,0.4950000047683716,0.09520000219345093
YNL173C,YLR368W,0,-2.7329001,0.34185081720352173,0.4950000047683716,0.09529999643564224
YMR316W,YDL147W,0,-2.7329717,0.34161490201950073,0.4950000047683716,0.09539999812841415
YIL112W,YDR334W,1,-2.7346368,0.34206897020339966,0.4959999918937683,0.09539999812841415
YIL147C,YDR545W,0,-2.7348995,0.3418332040309906,0.4959999918937683,0.09549999982118607
YLR246W,YGR033C,0,-2.7351828,0.3415977954864502,0.4959999918937683,0.09560000151395798
YJL071W,YHR030C,0,-2.735186,0.34136268496513367,0.4959999918937683,0.09570000320672989
YNL029C,YML097C,0,-2.7353654,0.3411279320716858,0.4959999918937683,0.0957999974489212
YNL314W,YER116C,0,-2.735684,0.3408934772014618,0.4959999918937683,0.09589999914169312
YBR217W,YHR167W,0,-2.7357326,0.34065935015678406,0.4959999918937683,0.09600000083446503
YOL078W,YIL026C,0,-2.7360811,0.3404255211353302,0.4959999918937683,0.09610000252723694
YDR052C,YNL328C,0,-2.7369032,0.340192049741745,0.4959999918937683,0.09619999676942825
YJL115W,YHL025W,1,-2.7375813,0.3406442701816559,0.4970000088214874,0.09619999676942825
YNL030W,YLR033W,1,-2.737599,0.341095894575119,0.49799999594688416,0.09619999676942825
YDR450W,YLR026C,0,-2.7378044,0.3408624231815338,0.49799999594688416,0.09629999846220016
YNL272C,YCR018C,0,-2.738421,0.3406292796134949,0.49799999594688416,0.09640000015497208
YBR130C,YLR417W,0,-2.738491,0.3403964340686798,0.49799999594688416,0.09650000184774399
YML095C,YBR073W,0,-2.7387877,0.3401639461517334,0.49799999594688416,0.0966000035405159
YJR094C,YFR004W,0,-2.739028,0.3399317264556885,0.49799999594688416,0.09669999778270721
YLR304C,YCR038C,0,-2.740003,0.3396998643875122,0.49799999594688416,0.09679999947547913
YDL013W,YDR135C,0,-2.7400556,0.3394683003425598,0.49799999594688416,0.09690000116825104
YJR144W,YDR057W,0,-2.7401495,0.3392370641231537,0.49799999594688416,0.09700000286102295
YEL069C,YKL028W,0,-2.7403183,0.33900612592697144,0.49799999594688416,0.09709999710321426
YHR203C,YNL131W,0,-2.741169,0.33877551555633545,0.49799999594688416,0.09719999879598618
YDR076W,YDR058C,0,-2.7421775,0.33854520320892334,0.49799999594688416,0.09730000048875809
YGL094C,YML038C,0,-2.742741,0.3383152186870575,0.49799999594688416,0.09740000218153
YML023C,YJL129C,0,-2.7439213,0.3380855321884155,0.49799999594688416,0.09749999642372131
YPL046C,YFL018C,0,-2.7441125,0.3378561735153198,0.49799999594688416,0.09759999811649323
YNL021W,YDR392W,1,-2.744823,0.3383050858974457,0.49900001287460327,0.09759999811649323
YFR046C,YOR260W,0,-2.7448459,0.3380758762359619,0.49900001287460327,0.09769999980926514
YER088C,YCR020W-B,1,-2.7456164,0.3385240435600281,0.5,0.09769999980926514
YNL288W,YOL146W,0,-2.7459793,0.33829498291015625,0.5,0.09780000150203705
YBR112C,YIL126W,1,-2.7466993,0.3387424051761627,0.5009999871253967,0.09780000150203705
YNR027W,YOR160W,0,-2.7469912,0.3385135233402252,0.5009999871253967,0.09790000319480896
YPL127C,YKL041W,0,-2.7472372,0.3382849395275116,0.5009999871253967,0.09799999743700027
YOR191W,YMR236W,1,-2.748251,0.33873143792152405,0.5019999742507935,0.09799999743700027
YCL010C,YJL127C,1,-2.748622,0.33917734026908875,0.503000020980835,0.09799999743700027
YFL009W,YMR183C,0,-2.7492933,0.3389487862586975,0.503000020980835,0.09809999912977219
YOL042W,YOL072W,0,-2.7497644,0.33872053027153015,0.503000020980835,0.0982000008225441
YKL220C,YLR071C,0,-2.7499218,0.33849260210990906,0.503000020980835,0.09830000251531601
YNL282W,YJL203W,0,-2.7507548,0.33826497197151184,0.503000020980835,0.09839999675750732
YPR141C,YHR070W,0,-2.750852,0.3380376398563385,0.503000020980835,0.09849999845027924
YGR224W,YKL134C,0,-2.7511024,0.33781060576438904,0.503000020980835,0.09860000014305115
YNL084C,YDR092W,0,-2.7518773,0.33758389949798584,0.503000020980835,0.09870000183582306
YKL112W,YDL076C,1,-2.7520843,0.3380281627178192,0.5040000081062317,0.09870000183582306
YML012W,YOR270C,0,-2.7523499,0.33780160546302795,0.5040000081062317,0.09880000352859497
YKL012W,YLR396C,0,-2.7530088,0.33757534623146057,0.5040000081062317,0.09889999777078629
YGR075C,YPL210C,0,-2.753159,0.33734938502311707,0.5040000081062317,0.0989999994635582
YKL112W,YGR252W,1,-2.753438,0.33779263496398926,0.5049999952316284,0.0989999994635582
YPL167C,YIL066C,0,-2.753605,0.3375668525695801,0.5049999952316284,0.09910000115633011
YDL044C,YJR049C,0,-2.7540283,0.3373413383960724,0.5049999952316284,0.09920000284910202
YGL142C,YML115C,0,-2.754109,0.33711615204811096,0.5049999952316284,0.09929999709129333
YER159C,YPL124W,0,-2.7542024,0.3368912637233734,0.5049999952316284,0.09939999878406525
YMR213W,YMR179W,0,-2.7544017,0.33666667342185974,0.5049999952316284,0.09950000047683716
YHR158C,YAL001C,0,-2.7545023,0.33644238114356995,0.5049999952316284,0.09960000216960907
YIL140W,YNL071W,0,-2.7547483,0.33621838688850403,0.5049999952316284,0.09969999641180038
YMR011W,YLL013C,0,-2.754973,0.335994690656662,0.5049999952316284,0.0997999981045723
YJL030W,YML031W,0,-2.7550101,0.33577126264572144,0.5049999952316284,0.09989999979734421
YFR019W,YML001W,0,-2.7558575,0.33554816246032715,0.5049999952316284,0.10000000149011612
YER172C,YGR206W,0,-2.7568736,0.33532536029815674,0.5049999952316284,0.10010000318288803
YJR064W,YDR170C,0,-2.7568927,0.3351028561592102,0.5049999952316284,0.10019999742507935
YPL157W,YOR115C,0,-2.757203,0.33488065004348755,0.5049999952316284,0.10029999911785126
YOR332W,YDL224C,0,-2.7572289,0.3346587121486664,0.5049999952316284,0.10040000081062317
YKL112W,YDR167W,1,-2.7586632,0.33509933948516846,0.5059999823570251,0.10040000081062317
YLR265C,YJR132W,0,-2.759368,0.33487755060195923,0.5059999823570251,0.10050000250339508
YDR389W,YLR045C,0,-2.7594008,0.33465608954429626,0.5059999823570251,0.1005999967455864
YGL086W,YLR266C,0,-2.759448,0.3344348967075348,0.5059999823570251,0.1006999984383583
YKL092C,YBR256C,0,-2.7594953,0.3342140018939972,0.5059999823570251,0.10080000013113022
YDL013W,YML059C,0,-2.7596235,0.33399340510368347,0.5059999823570251,0.10090000182390213
YAL013W,YDR073W,1,-2.7604966,0.3344327211380005,0.5070000290870667,0.10090000182390213
YEL056W,YPL047W,1,-2.760867,0.33487147092819214,0.5080000162124634,0.10090000182390213
YAL007C,YCR092C,0,-2.7609916,0.33465084433555603,0.5080000162124634,0.10100000351667404
YJL198W,YLR145W,0,-2.7615762,0.3344305455684662,0.5080000162124634,0.10109999775886536
YER016W,YFR027W,0,-2.7617173,0.33421051502227783,0.5080000162124634,0.10119999945163727
YDL116W,YBL093C,0,-2.7618313,0.33399078249931335,0.5080000162124634,0.10130000114440918
YNL161W,YKL190W,0,-2.7620072,0.33377134799957275,0.5080000162124634,0.10140000283718109
YER089C,YDR429C,0,-2.76261,0.33355221152305603,0.5080000162124634,0.1014999970793724
YOR260W,YOR083W,0,-2.762836,0.3333333432674408,0.5080000162124634,0.10159999877214432
YJR047C,YLR208W,0,-2.7631955,0.33311474323272705,0.5080000162124634,0.10170000046491623
YPL233W,YIL114C,0,-2.7646613,0.33289647102355957,0.5080000162124634,0.10180000215768814
YBR112C,YIL084C,1,-2.7649546,0.3333333432674408,0.5090000033378601,0.10180000215768814
YEL029C,YNR027W,0,-2.7652273,0.33311519026756287,0.5090000033378601,0.10189999639987946
YGL054C,YDR170C,0,-2.7654223,0.3328973054885864,0.5090000033378601,0.10199999809265137
YOR023C,YGR252W,1,-2.7660966,0.3333333432674408,0.5099999904632568,0.10199999809265137
YDR420W,YKL080W,0,-2.7673154,0.3331156075000763,0.5099999904632568,0.10209999978542328
YNL123W,YER154W,0,-2.767744,0.33289816975593567,0.5099999904632568,0.10220000147819519
YBL025W,YLR020C,0,-2.76787,0.3326810300350189,0.5099999904632568,0.1023000031709671
YMR208W,YOL147C,0,-2.7678852,0.33246415853500366,0.5099999904632568,0.10239999741315842
YGL012W,YMR137C,0,-2.7683344,0.3322475552558899,0.5099999904632568,0.10249999910593033
YMR275C,YGR098C,0,-2.7685556,0.33203125,0.5099999904632568,0.10260000079870224
YDR335W,YGL004C,0,-2.7701864,0.3318152129650116,0.5099999904632568,0.10270000249147415
YBR024W,YMR272C,0,-2.7712235,0.33159947395324707,0.5099999904632568,0.10279999673366547
YER032W,YNL038W,0,-2.7718987,0.33138400316238403,0.5099999904632568,0.10289999842643738
YAR033W,YOR087W,0,-2.7720213,0.3311688303947449,0.5099999904632568,0.10300000011920929
YGR134W,YEL009C,0,-2.7725358,0.3309539258480072,0.5099999904632568,0.1031000018119812
YLR069C,YGL144C,0,-2.7727365,0.330739289522171,0.5099999904632568,0.10320000350475311
YML102W,YLR285W,1,-2.7730546,0.33117303252220154,0.5109999775886536,0.10320000350475311
YKL134C,YPL033C,0,-2.7737608,0.3309585452079773,0.5109999775886536,0.10329999774694443
YFL025C,YNL049C,0,-2.7745438,0.33074432611465454,0.5109999775886536,0.10339999943971634
YPL022W,YMR234W,0,-2.7753048,0.33053040504455566,0.5109999775886536,0.10350000113248825
YNL161W,YMR227C,0,-2.7754326,0.3303167521953583,0.5109999775886536,0.10360000282526016
YLR288C,YLL004W,1,-2.775557,0.33074936270713806,0.5120000243186951,0.10360000282526016
YER172C,YLR200W,0,-2.7767272,0.3305358290672302,0.5120000243186951,0.10369999706745148
YPR037C,YNL106C,0,-2.7769923,0.33032259345054626,0.5120000243186951,0.10379999876022339
YNL231C,YOR329C,0,-2.777588,0.3301095962524414,0.5120000243186951,0.1039000004529953
YBL074C,YPR067W,0,-2.7781963,0.3298968970775604,0.5120000243186951,0.10400000214576721
YPL227C,YDR288W,0,-2.778411,0.3296844959259033,0.5120000243186951,0.10409999638795853
YKR101W,YHR099W,1,-2.7785058,0.33011582493782043,0.5130000114440918,0.10409999638795853
YLR431C,YGR092W,0,-2.7798367,0.3299035429954529,0.5130000114440918,0.10419999808073044
YPL242C,YBL103C,0,-2.7810469,0.3296915292739868,0.5130000114440918,0.10429999977350235
YDR362C,YIL039W,0,-2.781129,0.32947975397109985,0.5130000114440918,0.10440000146627426
YHR163W,YGL095C,0,-2.7823415,0.32926830649375916,0.5130000114440918,0.10450000315904617
YBR215W,YNL186W,1,-2.7825603,0.3296985328197479,0.5139999985694885,0.10450000315904617
YOR039W,YHR072W-A,0,-2.7828417,0.3294871747493744,0.5139999985694885,0.10459999740123749
YNL227C,YLR147C,0,-2.7832108,0.32927611470222473,0.5139999985694885,0.1046999990940094
YNL262W,YKL018W,1,-2.7838159,0.32970550656318665,0.5149999856948853,0.1046999990940094
YBL032W,YPR107C,0,-2.7848473,0.32949456572532654,0.5149999856948853,0.10480000078678131
YKR026C,YLL021W,0,-2.7857585,0.3292838931083679,0.5149999856948853,0.10490000247955322
YMR186W,YLR035C,0,-2.785933,0.3290734887123108,0.5149999856948853,0.10499999672174454
YHR203C,YER018C,0,-2.7866673,0.32886335253715515,0.5149999856948853,0.10509999841451645
YNL039W,YLL013C,0,-2.7869086,0.328653484582901,0.5149999856948853,0.10520000010728836
YIL142W,YGL192W,0,-2.787387,0.32844388484954834,0.5149999856948853,0.10530000180006027
YNL199C,YBL007C,0,-2.787634,0.32823455333709717,0.5149999856948853,0.10540000349283218
YGL021W,YKL005C,0,-2.7882938,0.3280254900455475,0.5149999856948853,0.1054999977350235
YOR160W,YDL092W,0,-2.7884035,0.3278166651725769,0.5149999856948853,0.10559999942779541
YGR074W,YPL163C,0,-2.7884207,0.3276081383228302,0.5149999856948853,0.10570000112056732
YOR231W,YNL098C,0,-2.788684,0.327399879693985,0.5149999856948853,0.10580000281333923
YKR038C,YDR460W,0,-2.788999,0.32719185948371887,0.5149999856948853,0.10589999705553055
YIL040W,YMR240C,0,-2.790019,0.32698413729667664,0.5149999856948853,0.10599999874830246
YBR195C,YPL128C,1,-2.7903547,0.3274111747741699,0.515999972820282,0.10599999874830246
YER125W,YOL006C,1,-2.7914257,0.32783767580986023,0.5170000195503235,0.10599999874830246
YJR083C,YPL117C,0,-2.7920685,0.3276299238204956,0.5170000195503235,0.10610000044107437
YPL204W,YER112W,0,-2.7947173,0.3274224102497101,0.5170000195503235,0.10620000213384628
YIL084C,YBR231C,1,-2.7947435,0.3278481066226959,0.5180000066757202,0.10620000213384628
YPL055C,YNL261W,1,-2.7947955,0.3282732367515564,0.5189999938011169,0.10620000213384628
YKR037C,YDR457W,0,-2.7964425,0.32806575298309326,0.5189999938011169,0.1062999963760376
YGR224W,YPR072W,0,-2.7969275,0.32785850763320923,0.5189999938011169,0.10639999806880951
YDR461W,YDR450W,0,-2.7970276,0.3276515007019043,0.5189999938011169,0.10649999976158142
YNL070W,YGL212W,0,-2.7975311,0.32744479179382324,0.5189999938011169,0.10660000145435333
YKR027W,YIL023C,0,-2.7977257,0.3272383213043213,0.5189999938011169,0.10670000314712524
YKL208W,YBL040C,0,-2.799624,0.3270321488380432,0.5189999938011169,0.10679999738931656
YPR036W,YOL128C,0,-2.7997584,0.32682618498802185,0.5189999938011169,0.10689999908208847
YFL025C,YPL091W,0,-2.7999701,0.32662051916122437,0.5189999938011169,0.10700000077486038
YNL329C,YDL212W,0,-2.800506,0.326415091753006,0.5189999938011169,0.1071000024676323
YJL008C,YLL003W,0,-2.800942,0.3262099325656891,0.5189999938011169,0.10719999670982361
YLR148W,YIL139C,0,-2.8010812,0.3260050117969513,0.5189999938011169,0.10729999840259552
YBR217W,YNL317W,0,-2.801228,0.3258003890514374,0.5189999938011169,0.10740000009536743
YGR252W,YNL186W,1,-2.8015943,0.32622334361076355,0.5199999809265137,0.10740000009536743
YLR066W,YPL011C,0,-2.8021412,0.3260188102722168,0.5199999809265137,0.10750000178813934
YMR113W,YLL003W,0,-2.803028,0.32581454515457153,0.5199999809265137,0.10760000348091125
YMR069W,YDR310C,1,-2.803413,0.32623669505119324,0.5210000276565552,0.10760000348091125
YEL029C,YHR120W,0,-2.804284,0.3260325491428375,0.5210000276565552,0.10769999772310257
YMR012W,YDL230W,0,-2.804813,0.3258286416530609,0.5210000276565552,0.10779999941587448
YGL252C,YHL025W,1,-2.8079767,0.32624998688697815,0.5220000147819519,0.10779999941587448
YNL261W,YMR075W,1,-2.8093429,0.3266708254814148,0.5230000019073486,0.10779999941587448
YHR085W,YFR002W,0,-2.8094301,0.3264669179916382,0.5230000019073486,0.10790000110864639
YLR201C,YIL026C,0,-2.809793,0.3262632489204407,0.5230000019073486,0.1080000028014183
YNL271C,YKL203C,0,-2.810091,0.32605984807014465,0.5230000019073486,0.10809999704360962
YDL143W,YNL207W,0,-2.8104534,0.32585668563842773,0.5230000019073486,0.10819999873638153
YPL018W,YHR039C-A,0,-2.8108387,0.3256537914276123,0.5230000019073486,0.10830000042915344
YAL012W,YJL056C,0,-2.811429,0.32545116543769836,0.5230000019073486,0.10840000212192535
YHR023W,YCL001W,0,-2.8116446,0.32524874806404114,0.5230000019073486,0.10849999636411667
YOL031C,YIL138C,0,-2.8123817,0.3250465989112854,0.5230000019073486,0.10859999805688858
YLL050C,YMR270C,0,-2.813136,0.32484471797943115,0.5230000019073486,0.10869999974966049
YKL205W,YBR267W,0,-2.8142924,0.324643075466156,0.5230000019073486,0.1088000014424324
YDL095W,YDR341C,0,-2.8144412,0.32444170117378235,0.5230000019073486,0.10890000313520432
YOR038C,YGL150C,1,-2.8150702,0.32486051321029663,0.5239999890327454,0.10890000313520432
YBR278W,YNL206C,1,-2.8154025,0.3252788186073303,0.5249999761581421,0.10890000313520432
YGR155W,YLL013C,0,-2.815783,0.3250773847103119,0.5249999761581421,0.10899999737739563
YMR033W,YHR099W,1,-2.8162532,0.32549506425857544,0.5260000228881836,0.10899999737739563
YER165W,YDL065C,0,-2.8162622,0.32529374957084656,0.5260000228881836,0.10909999907016754
YDR424C,YOL111C,0,-2.816657,0.32509270310401917,0.5260000228881836,0.10920000076293945
YLL035W,YHR205W,0,-2.8170104,0.3248918950557709,0.5260000228881836,0.10930000245571136
YHR107C,YIL118W,0,-2.8178144,0.3246913552284241,0.5260000228881836,0.10939999669790268
YNL261W,YDR143C,1,-2.8178525,0.32510796189308167,0.5270000100135803,0.10939999669790268
YNL021W,YDR295C,1,-2.8184357,0.3255240321159363,0.527999997138977,0.10939999669790268
YIL103W,YDR499W,0,-2.819231,0.3253234624862671,0.527999997138977,0.10949999839067459
YJL073W,YGL213C,0,-2.8196015,0.3251231610774994,0.527999997138977,0.1096000000834465
YER026C,YDR160W,0,-2.8197103,0.3249230682849884,0.527999997138977,0.10970000177621841
YPR046W,YMR004W,0,-2.8200808,0.3247232437133789,0.527999997138977,0.10980000346899033
YNL004W,YPR075C,0,-2.8210588,0.3245236575603485,0.527999997138977,0.10989999771118164
YOL059W,YOR127W,0,-2.821086,0.3243243098258972,0.527999997138977,0.10999999940395355
YJR017C,YIL147C,0,-2.8218637,0.3241252303123474,0.527999997138977,0.11010000109672546
YPL048W,YNL142W,0,-2.8227153,0.3239263892173767,0.527999997138977,0.11020000278949738
YBR233W-A,YOR233W,0,-2.8227534,0.3237277865409851,0.527999997138977,0.11029999703168869
YDR281C,YBL011W,0,-2.822936,0.3235294222831726,0.527999997138977,0.1103999987244606
YOL149W,YOR036W,0,-2.823051,0.3233312964439392,0.527999997138977,0.11050000041723251
YKL208W,YJR064W,0,-2.8231883,0.3231334090232849,0.527999997138977,0.11060000211000443
YMR058W,YJL054W,0,-2.8232632,0.3229357898235321,0.527999997138977,0.11069999635219574
YGR252W,YGL194C,1,-2.8245754,0.32334962487220764,0.5289999842643738,0.11069999635219574
YOL017W,YGR002C,1,-2.8246384,0.323762983083725,0.5299999713897705,0.11069999635219574
YDL197C,YKR029C,1,-2.8248825,0.3241758346557617,0.531000018119812,0.11069999635219574
YPL008W,YLL011W,0,-2.8263803,0.3239780366420746,0.531000018119812,0.11079999804496765
YBL069W,YPL118W,0,-2.8268418,0.32378047704696655,0.531000018119812,0.11089999973773956
YNL199C,YOL072W,0,-2.8268523,0.32358318567276,0.531000018119812,0.11100000143051147
YIL026C,YOR048C,0,-2.8274755,0.3233861029148102,0.531000018119812,0.11110000312328339
YBR195C,YLR335W,1,-2.8278918,0.32379794120788574,0.5320000052452087,0.11110000312328339
YLR403W,YDR460W,0,-2.8281975,0.32360097765922546,0.5320000052452087,0.1111999973654747
YEL022W,YMR179W,0,-2.8286166,0.3234042525291443,0.5320000052452087,0.11129999905824661
YBR245C,YCL010C,1,-2.8286543,0.32381531596183777,0.5329999923706055,0.11129999905824661
YLR190W,YBR130C,0,-2.8296885,0.32361871004104614,0.5329999923706055,0.11140000075101852
YBR106W,YDR086C,0,-2.8300362,0.3234223425388336,0.5329999923706055,0.11150000244379044
YIL109C,YNL126W,0,-2.831141,0.3232261836528778,0.5329999923706055,0.11159999668598175
YDR264C,YOR373W,0,-2.8313055,0.3230302929878235,0.5329999923706055,0.11169999837875366
YDR381W,YIR026C,0,-2.8315077,0.32283464074134827,0.5329999923706055,0.11180000007152557
YDL013W,YOL055C,0,-2.8326006,0.32263922691345215,0.5329999923706055,0.11190000176429749
YDR227W,YDR207C,1,-2.8330722,0.32304900884628296,0.5339999794960022,0.11190000176429749
YGL168W,YNR047W,0,-2.833105,0.322853684425354,0.5339999794960022,0.1120000034570694
YAR018C,YOR157C,0,-2.8336163,0.32265859842300415,0.5339999794960022,0.11209999769926071
YBR278W,YLR288C,1,-2.8336167,0.32306763529777527,0.5350000262260437,0.11209999769926071
YOL094C,YMR216C,0,-2.8340535,0.32287266850471497,0.5350000262260437,0.11219999939203262
YMR316W,YLR193C,0,-2.834651,0.3226779103279114,0.5350000262260437,0.11230000108480453
YPR057W,YPR173C,0,-2.834661,0.3224834203720093,0.5350000262260437,0.11240000277757645
YOR233W,YHL020C,0,-2.8350682,0.3222891688346863,0.5350000262260437,0.11249999701976776
YGL142C,YOR129C,0,-2.8352299,0.32209512591362,0.5350000262260437,0.11259999871253967
YDR118W,YPL048W,0,-2.8360143,0.3219013214111328,0.5350000262260437,0.11270000040531158
YKR022C,YNL302C,0,-2.8363051,0.32170775532722473,0.5350000262260437,0.1128000020980835
YGL200C,YJL140W,0,-2.8364158,0.32151442766189575,0.5350000262260437,0.11289999634027481
YDR393W,YBR254C,0,-2.83675,0.3213213086128235,0.5350000262260437,0.11299999803304672
YBR195C,YDR227W,1,-2.8374472,0.3217287063598633,0.5360000133514404,0.11299999803304672
YDR147W,YGR141W,0,-2.837575,0.32153570652008057,0.5360000133514404,0.11309999972581863
YDL138W,YLR055C,0,-2.8380752,0.32134291529655457,0.5360000133514404,0.11320000141859055
YLR201C,YCR077C,0,-2.838801,0.32115039229393005,0.5360000133514404,0.11330000311136246
YJL207C,YBR170C,0,-2.8388882,0.32095807790756226,0.5360000133514404,0.11339999735355377
YKL012W,YOR259C,0,-2.8389587,0.32076600193977356,0.5360000133514404,0.11349999904632568
YGR075C,YNR039C,0,-2.8391337,0.32057416439056396,0.5360000133514404,0.1136000007390976
YGL183C,YDR113C,0,-2.8394036,0.3203825354576111,0.5360000133514404,0.1137000024318695
YGR261C,YDR292C,0,-2.839841,0.3201911449432373,0.5360000133514404,0.11379999667406082
YNL278W,YMR077C,0,-2.8400793,0.3199999928474426,0.5360000133514404,0.11389999836683273
YOL108C,YJR049C,0,-2.8401628,0.31980907917022705,0.5360000133514404,0.11400000005960464
YLR033W,YDR143C,1,-2.8402562,0.3202146589756012,0.5370000004768372,0.11400000005960464
YOL063C,YAR002W,0,-2.8409138,0.3200238347053528,0.5370000004768372,0.11410000175237656
YKL149C,YJR077C,0,-2.841167,0.31983324885368347,0.5370000004768372,0.11420000344514847
YPR019W,YOL045W,0,-2.8412433,0.3196428716182709,0.5370000004768372,0.11429999768733978
YNL314W,YPL096C-A,0,-2.8421607,0.319452702999115,0.5370000004768372,0.1143999993801117
YHR108W,YER173W,0,-2.8421626,0.3192627727985382,0.5370000004768372,0.1145000010728836
YBR131W,YBR201W,0,-2.8423615,0.3190730810165405,0.5370000004768372,0.11460000276565552
YER109C,YDR057W,0,-2.8426824,0.31888359785079956,0.5370000004768372,0.11469999700784683
YPL049C,YIL123W,0,-2.8427339,0.3186943531036377,0.5370000004768372,0.11479999870061874
YJL110C,YDR527W,0,-2.8431797,0.31850534677505493,0.5370000004768372,0.11490000039339066
YLR078C,YDL165W,0,-2.8436475,0.3183165490627289,0.5370000004768372,0.11500000208616257
YPL228W,YJR019C,0,-2.843697,0.31812795996665955,0.5370000004768372,0.11509999632835388
YJL146W,YIR021W,0,-2.843975,0.3179396092891693,0.5370000004768372,0.1151999980211258
YEL056W,YPR052C,1,-2.8451142,0.3183431923389435,0.5379999876022339,0.1151999980211258
YLR433C,YLR362W,0,-2.8454947,0.3181549310684204,0.5379999876022339,0.1152999997138977
YDR301W,YPL167C,0,-2.8464866,0.31796690821647644,0.5379999876022339,0.11540000140666962
YNL048W,YKL012W,0,-2.8468375,0.3177790939807892,0.5379999876022339,0.11550000309944153
YLR170C,YPR094W,0,-2.847147,0.31759148836135864,0.5379999876022339,0.11559999734163284
YOR380W,YBL088C,0,-2.8472538,0.3174041211605072,0.5379999876022339,0.11569999903440475
YMR184W,YOR221C,0,-2.847828,0.31721699237823486,0.5379999876022339,0.11580000072717667
YOR171C,YKL058W,0,-2.8478875,0.31703004240989685,0.5379999876022339,0.11590000241994858
YJL076W,YMR022W,1,-2.8485236,0.3174322843551636,0.5389999747276306,0.11590000241994858
YHR107C,YER123W,0,-2.8494816,0.3172454237937927,0.5389999747276306,0.11599999666213989
YGL168W,YKL068W,0,-2.8496647,0.31705883145332336,0.5389999747276306,0.1160999983549118
YDR424C,YGL045W,0,-2.849872,0.31687241792678833,0.5389999747276306,0.11620000004768372
YNL311C,YJL074C,0,-2.8500419,0.3166862428188324,0.5389999747276306,0.11630000174045563
YLR314C,YBR015C,0,-2.8501515,0.31650030612945557,0.5389999747276306,0.11640000343322754
YIL061C,YDR346C,0,-2.8506303,0.31631454825401306,0.5389999747276306,0.11649999767541885
YDR110W,YBL002W,1,-2.85104,0.3167155385017395,0.5400000214576721,0.11649999767541885
YLR078C,YGR185C,0,-2.8517914,0.31652989983558655,0.5400000214576721,0.11659999936819077
YNL218W,YOR281C,0,-2.852068,0.3163444697856903,0.5400000214576721,0.11670000106096268
YCL061C,YMR069W,1,-2.8523164,0.31674474477767944,0.5410000085830688,0.11670000106096268
YPR128C,YOR160W,0,-2.8531766,0.31655940413475037,0.5410000085830688,0.11680000275373459
YLR320W,YPL020C,0,-2.853242,0.316374272108078,0.5410000085830688,0.1168999969959259
YNL135C,YGL112C,1,-2.8537803,0.31677380204200745,0.5419999957084656,0.1168999969959259
YER172C,YNL312W,0,-2.8557777,0.31658878922462463,0.5419999957084656,0.11699999868869781
YAL031C,YER112W,0,-2.8567023,0.31640395522117615,0.5419999957084656,0.11710000038146973
YGR188C,YHR158C,0,-2.8567224,0.31621935963630676,0.5419999957084656,0.11720000207424164
YMR033W,YER030W,1,-2.8571005,0.31661808490753174,0.5429999828338623,0.11720000207424164
YCR107W,YLR429W,0,-2.857345,0.3164335787296295,0.5429999828338623,0.11729999631643295
YMR198W,YDR160W,0,-2.8574095,0.316249281167984,0.5429999828338623,0.11739999800920486
YLR039C,YNL032W,0,-2.8576727,0.3160651922225952,0.5429999828338623,0.11749999970197678
YAL021C,YLL050C,0,-2.8576846,0.31588131189346313,0.5429999828338623,0.11760000139474869
YDR483W,YLR403W,0,-2.8581018,0.31569766998291016,0.5429999828338623,0.1177000030875206
YGL168W,YFL011W,0,-2.8598475,0.3155142366886139,0.5429999828338623,0.11779999732971191
YLR268W,YJL089W,0,-2.85996,0.31533101201057434,0.5429999828338623,0.11789999902248383
YFR036W,YOL040C,0,-2.8602047,0.3151479959487915,0.5429999828338623,0.11800000071525574
YEL016C,YKL012W,0,-2.8602924,0.3149651885032654,0.5429999828338623,0.11810000240802765
YGL190C,YDR424C,0,-2.8604388,0.31478261947631836,0.5429999828338623,0.11819999665021896
YIR004W,YDR517W,0,-2.8606958,0.31460022926330566,0.5429999828338623,0.11829999834299088
YMR301C,YML088W,0,-2.8615518,0.31441807746887207,0.5429999828338623,0.11840000003576279
YPR075C,YML076C,0,-2.8618813,0.3142361044883728,0.5429999828338623,0.1185000017285347
YJL196C,YMR070W,0,-2.8638005,0.31405436992645264,0.5429999828338623,0.11860000342130661
YIL112W,YOR290C,1,-2.8638544,0.31445086002349854,0.5440000295639038,0.11860000342130661
YLL031C,YMR076C,0,-2.8643174,0.31426921486854553,0.5440000295639038,0.11869999766349792
YNL097C,YMR236W,1,-2.865018,0.31466513872146606,0.5450000166893005,0.11869999766349792
YLR383W,YGR072W,0,-2.8653932,0.31448355317115784,0.5450000166893005,0.11879999935626984
YOL042W,YBL088C,0,-2.8655176,0.3143022060394287,0.5450000166893005,0.11890000104904175
YGL253W,YOL005C,0,-2.866156,0.3141210377216339,0.5450000166893005,0.11900000274181366
YLR381W,YHR086W,0,-2.8666778,0.3139400780200958,0.5450000166893005,0.11909999698400497
YGL075C,YKL126W,0,-2.8667498,0.31375935673713684,0.5450000166893005,0.11919999867677689
YNL071W,YPL190C,0,-2.8672051,0.3135788142681122,0.5450000166893005,0.1193000003695488
YNR032W,YNL222W,0,-2.8673997,0.3133985102176666,0.5450000166893005,0.11940000206232071
YER165W,YIL173W,0,-2.8675404,0.3132183849811554,0.5450000166893005,0.11949999630451202
YJL019W,YKL074C,0,-2.8676953,0.31303849816322327,0.5450000166893005,0.11959999799728394
YIL066C,YFL060C,0,-2.868225,0.31285879015922546,0.5450000166893005,0.11969999969005585
YGL130W,YDR289C,0,-2.8700004,0.3126792907714844,0.5450000166893005,0.11980000138282776
YPL228W,YCL044C,0,-2.8701448,0.3125,0.5450000166893005,0.11990000307559967
YMR029C,YOL011W,0,-2.8704085,0.31232091784477234,0.5450000166893005,0.11999999731779099
YPR082C,YBL025W,0,-2.8715982,0.3121420443058014,0.5450000166893005,0.1200999990105629
YPL091W,YDR288W,0,-2.8724546,0.31196337938308716,0.5450000166893005,0.12020000070333481
YBR121C,YDL077C,0,-2.8725967,0.31178489327430725,0.5450000166893005,0.12030000239610672
YBR278W,YLR052W,1,-2.8726377,0.312178373336792,0.5460000038146973,0.12030000239610672
YLL038C,YAR018C,0,-2.8731108,0.31200000643730164,0.5460000038146973,0.12039999663829803
YER133W,YNL031C,1,-2.8732657,0.312392920255661,0.546999990940094,0.12039999663829803
YFL034C-B,YGR007W,0,-2.873578,0.31221461296081543,0.546999990940094,0.12049999833106995
YLR210W,YJL010C,0,-2.8738823,0.31203651428222656,0.546999990940094,0.12060000002384186
YAR002C-A,YDR217C,0,-2.8742023,0.311858594417572,0.546999990940094,0.12070000171661377
YDR164C,YBR130C,0,-2.8742366,0.3116809129714966,0.546999990940094,0.12080000340938568
YJL165C,YAL015C,0,-2.8752227,0.31150341033935547,0.546999990940094,0.120899997651577
YLR011W,YJL204C,0,-2.8755364,0.31132611632347107,0.546999990940094,0.12099999934434891
YDL098C,YNL070W,0,-2.8756294,0.3111490309238434,0.546999990940094,0.12110000103712082
YIL030C,YLR181C,0,-2.8760343,0.3109721541404724,0.546999990940094,0.12120000272989273
YOR151C,YDR427W,0,-2.8762245,0.31079545617103577,0.546999990940094,0.12129999697208405
YMR113W,YKR037C,0,-2.8765025,0.31061896681785583,0.546999990940094,0.12139999866485596
YCL016C,YNL126W,0,-2.8772178,0.3104426860809326,0.546999990940094,0.12150000035762787
YJL024C,YPR173C,0,-2.877235,0.3102665841579437,0.546999990940094,0.12160000205039978
YIL009C-A,YGL126W,0,-2.877359,0.31009069085121155,0.546999990940094,0.1216999962925911
YLR098C,YOR363C,0,-2.877922,0.3099150061607361,0.546999990940094,0.121799997985363
YLR025W,YDR057W,0,-2.87858,0.30973953008651733,0.546999990940094,0.12189999967813492
YMR184W,YNL049C,0,-2.8785877,0.3095642328262329,0.546999990940094,0.12200000137090683
YDR225W,YGR002C,1,-2.8807507,0.30995476245880127,0.5479999780654907,0.12200000137090683
YJL095W,YOR035C,0,-2.8812208,0.3097795248031616,0.5479999780654907,0.12210000306367874
YJR144W,YGL051W,0,-2.8834968,0.3096045255661011,0.5479999780654907,0.12219999730587006
YKL194C,YFL038C,0,-2.8835883,0.30942970514297485,0.5479999780654907,0.12229999899864197
YER088C,YMR022W,1,-2.8836045,0.30981940031051636,0.5490000247955322,0.12229999899864197
YAL035W,YBR295W,0,-2.883706,0.3096446692943573,0.5490000247955322,0.12240000069141388
YER168C,YIL073C,0,-2.884047,0.30947011709213257,0.5490000247955322,0.12250000238418579
YGL011C,YGL243W,0,-2.8844562,0.30929577350616455,0.5490000247955322,0.1225999966263771
YGL142C,YAR008W,0,-2.8845282,0.30912160873413086,0.5490000247955322,0.12269999831914902
YPL274W,YMR013C,0,-2.8849988,0.3089476525783539,0.5490000247955322,0.12280000001192093
YBR231C,YBR175W,1,-2.8855891,0.3093363344669342,0.550000011920929,0.12280000001192093
YPR019W,YGL167C,0,-2.8856344,0.309162437915802,0.550000011920929,0.12290000170469284
YGL142C,YOR099W,0,-2.885964,0.3089887499809265,0.550000011920929,0.12300000339746475
YPL097W,YPL112C,0,-2.8864708,0.30881527066230774,0.550000011920929,0.12309999763965607
YOL061W,YLL013C,0,-2.8869143,0.3086419701576233,0.550000011920929,0.12319999933242798
YOR243C,YPL210C,0,-2.8872557,0.30846887826919556,0.550000011920929,0.12330000102519989
YHR191C,YER116C,0,-2.8873658,0.30829596519470215,0.550000011920929,0.1234000027179718
YIL049W,YOL003C,0,-2.8875885,0.30812326073646545,0.550000011920929,0.12349999696016312
YFR036W,YDL244W,0,-2.8876643,0.3079507350921631,0.550000011920929,0.12359999865293503
YML107C,YGR186W,0,-2.889514,0.30777838826179504,0.550000011920929,0.12370000034570694
YHR158C,YOR035C,0,-2.8898015,0.3076062500476837,0.550000011920929,0.12380000203847885
YBR233W-A,YMR113W,0,-2.890215,0.3074343204498291,0.550000011920929,0.12389999628067017
YBR110W,YKL173W,0,-2.891426,0.3072625696659088,0.550000011920929,0.12399999797344208
YJR007W,YIL031W,0,-2.8915348,0.30709099769592285,0.550000011920929,0.12409999966621399
YDL126C,YLR266C,0,-2.8918605,0.3069196343421936,0.550000011920929,0.1242000013589859
YIL040W,YNL068C,0,-2.8920326,0.30674847960472107,0.550000011920929,0.12430000305175781
YJL008C,YDR328C,0,-2.8921914,0.3065774738788605,0.550000011920929,0.12439999729394913
YGL252C,YGL112C,1,-2.8924603,0.30696380138397217,0.5509999990463257,0.12439999729394913
YFL041W,YEL003W,0,-2.8926477,0.30679288506507874,0.5509999990463257,0.12449999898672104
YLR347C,YBR087W,0,-2.893064,0.30662214756011963,0.5509999990463257,0.12460000067949295
YOR372C,YNL169C,0,-2.893476,0.30645161867141724,0.5509999990463257,0.12470000237226486
YDR527W,YIL021W,0,-2.893487,0.30628126859664917,0.5509999990463257,0.12479999661445618
YDR159W,YBR173C,0,-2.893991,0.30611109733581543,0.5509999990463257,0.12489999830722809
YMR032W,YDR138W,0,-2.8943639,0.3059411346912384,0.5509999990463257,0.125
YNL020C,YNL290W,0,-2.8947387,0.3057713508605957,0.5509999990463257,0.1251000016927719
YGL190C,YPL021W,0,-2.895074,0.3056017756462097,0.5509999990463257,0.12520000338554382
YLR449W,YBR009C,1,-2.8950996,0.3059867024421692,0.5519999861717224,0.12520000338554382
YDR191W,YLR335W,1,-2.895966,0.30637118220329285,0.5529999732971191,0.12520000338554382
YLR433C,YDR312W,0,-2.8961859,0.3062015473842621,0.5529999732971191,0.12530000507831573
YGL251C,YPL190C,0,-2.896727,0.30603209137916565,0.5529999732971191,0.12540000677108765
YKL160W,YBR088C,1,-2.8981256,0.3064159154891968,0.5540000200271606,0.12540000677108765
YOR299W,YNL307C,0,-2.8987951,0.3062465488910675,0.5540000200271606,0.12549999356269836
YGL119W,YAL031C,0,-2.8996034,0.30607736110687256,0.5540000200271606,0.12559999525547028
YCL014W,YOR353C,0,-2.8996587,0.30590835213661194,0.5540000200271606,0.1256999969482422
YJL014W,YMR081C,0,-2.9000487,0.30573952198028564,0.5540000200271606,0.1257999986410141
YMR069W,YBR095C,1,-2.900072,0.30612245202064514,0.5550000071525574,0.1257999986410141
YKR048C,YPR018W,1,-2.9001193,0.3065049648284912,0.5559999942779541,0.1257999986410141
YDR446W,YDL079C,0,-2.9010386,0.30633607506752014,0.5559999942779541,0.125900000333786
YPR108W,YNL263C,0,-2.9014235,0.3061673939228058,0.5559999942779541,0.12600000202655792
YLR229C,YPL167C,0,-2.9015675,0.30599889159202576,0.5559999942779541,0.12610000371932983
YGR013W,YKL122C,0,-2.901619,0.30583059787750244,0.5559999942779541,0.12620000541210175
YNL161W,YNL004W,0,-2.901638,0.30566245317459106,0.5559999942779541,0.12630000710487366
YLR451W,YLR386W,0,-2.9018097,0.3054945170879364,0.5559999942779541,0.12639999389648438
YKR048C,YBR095C,1,-2.9018755,0.30587589740753174,0.5569999814033508,0.12639999389648438
YGR135W,YEL004W,0,-2.90232,0.30570802092552185,0.5569999814033508,0.1264999955892563
YFL021W,YPR198W,0,-2.9024515,0.3055403232574463,0.5569999814033508,0.1265999972820282
YDR225W,YBR088C,1,-2.9030747,0.3059210479259491,0.5580000281333923,0.1265999972820282
YNR010W,YMR288W,0,-2.903113,0.3057534098625183,0.5580000281333923,0.1266999989748001
YDL030W,YGL095C,0,-2.903337,0.30558598041534424,0.5580000281333923,0.12680000066757202
YLL001W,YHL027W,0,-2.9033551,0.3054187297821045,0.5580000281333923,0.12690000236034393
YKL190W,YEL053C,0,-2.9040751,0.3052516281604767,0.5580000281333923,0.12700000405311584
YJR033C,YLR025W,0,-2.904284,0.3050847351551056,0.5580000281333923,0.12710000574588776
YPL040C,YOL055C,0,-2.9046564,0.3049180209636688,0.5580000281333923,0.12720000743865967
YDR151C,YNL085W,0,-2.9050179,0.30475151538848877,0.5580000281333923,0.12729999423027039
YKL117W,YKL006C-A,0,-2.9057078,0.30458515882492065,0.5580000281333923,0.1273999959230423
YDL165W,YDR093W,0,-2.9064264,0.30441898107528687,0.5580000281333923,0.1274999976158142
YOR058C,YHR030C,0,-2.9070668,0.3042530119419098,0.5580000281333923,0.12759999930858612
YOL001W,YOR043W,0,-2.9075284,0.30408719182014465,0.5580000281333923,0.12770000100135803
YDR103W,YDR311W,0,-2.9081793,0.30392158031463623,0.5580000281333923,0.12780000269412994
YML052W,YER082C,0,-2.908265,0.30375611782073975,0.5580000281333923,0.12790000438690186
YPR021C,YPL127C,0,-2.9086943,0.3035908639431,0.5580000281333923,0.12800000607967377
YKR048C,YDR334W,1,-2.9088006,0.3039695620536804,0.5590000152587891,0.12800000607967377
YNR026C,YPR161C,0,-2.909009,0.30380433797836304,0.5590000152587891,0.12809999287128448
YGR092W,YOR115C,0,-2.9101071,0.30363932251930237,0.5590000152587891,0.1281999945640564
YHR004C,YNR047W,0,-2.9101129,0.303474485874176,0.5590000152587891,0.1282999962568283
YGL130W,YPR055W,0,-2.9101338,0.303309828042984,0.5590000152587891,0.12839999794960022
YPL037C,YOL138C,0,-2.911211,0.3031453490257263,0.5590000152587891,0.12849999964237213
YNL245C,YLR262C,0,-2.911211,0.30298101902008057,0.5590000152587891,0.12860000133514404
YBR131W,YML011C,0,-2.9114008,0.30281689763069153,0.5590000152587891,0.12870000302791595
YOL063C,YPL021W,0,-2.911759,0.3026529550552368,0.5590000152587891,0.12880000472068787
YGL097W,YPL065W,0,-2.912014,0.30248919129371643,0.5590000152587891,0.12890000641345978
YFR046C,YDL064W,0,-2.9127436,0.302325576543808,0.5590000152587891,0.1289999932050705
YOL111C,YPL007C,0,-2.9128795,0.30216217041015625,0.5590000152587891,0.1290999948978424
YPL096C-A,YML115C,0,-2.9136276,0.30199891328811646,0.5590000152587891,0.12919999659061432
YPL050C,YDR251W,0,-2.9139657,0.3018358647823334,0.5590000152587891,0.12929999828338623
YIL004C,YMR220W,0,-2.914238,0.30167296528816223,0.5590000152587891,0.12939999997615814
YPL244C,YJR104C,0,-2.9143486,0.3015102446079254,0.5590000152587891,0.12950000166893005
YBR004C,YOR295W,0,-2.9148731,0.3013477027416229,0.5590000152587891,0.12960000336170197
YOR250C,YEL050C,0,-2.9149957,0.30118533968925476,0.5590000152587891,0.12970000505447388
YOR322C,YKL108W,0,-2.9152522,0.3010231554508209,0.5590000152587891,0.1298000067472458
YHR175W,YOL138C,0,-2.915699,0.3008611500263214,0.5590000152587891,0.1298999935388565
YGL257C,YOL005C,0,-2.9160714,0.30069929361343384,0.5590000152587891,0.12999999523162842
YNL159C,YER008C,0,-2.9162698,0.300537645816803,0.5590000152587891,0.13009999692440033
YOR160W,YOR346W,0,-2.9166899,0.30037614703178406,0.5590000152587891,0.13019999861717224
YNL257C,YPR173C,0,-2.916718,0.30021482706069946,0.5590000152587891,0.13030000030994415
YCR048W,YNL297C,0,-2.9169693,0.3000536859035492,0.5590000152587891,0.13040000200271606
YBL045C,YBL079W,0,-2.9174285,0.29989269375801086,0.5590000152587891,0.13050000369548798
YDL099W,YAR018C,0,-2.9183302,0.29973191022872925,0.5590000152587891,0.1306000053882599
YKL112W,YFR037C,1,-2.9184666,0.3001071810722351,0.5600000023841858,0.1306000053882599
YDL244W,YDR369C,0,-2.9191184,0.2999464273452759,0.5600000023841858,0.1307000070810318
YJL013C,YEL050C,0,-2.9191656,0.299785852432251,0.5600000023841858,0.13079999387264252
YBR295W,YJR007W,0,-2.920381,0.2996254563331604,0.5600000023841858,0.13089999556541443
YPL259C,YNL328C,0,-2.9204497,0.29946523904800415,0.5600000023841858,0.13099999725818634
YLR347C,YJL056C,0,-2.920618,0.29930517077445984,0.5600000023841858,0.13109999895095825
YOL077W-A,YAL023C,0,-2.92064,0.29914531111717224,0.5600000023841858,0.13120000064373016
YJL111W,YLR071C,0,-2.9208288,0.2989855706691742,0.5600000023841858,0.13130000233650208
YIL159W,YBL088C,0,-2.9220867,0.29882603883743286,0.5600000023841858,0.131400004029274
YER125W,YJL168C,1,-2.922607,0.29919999837875366,0.5609999895095825,0.131400004029274
YJR131W,YDR435C,0,-2.9231014,0.2990405261516571,0.5609999895095825,0.1315000057220459
YGR057C,YCL032W,0,-2.923149,0.2988812029361725,0.5609999895095825,0.1316000074148178
YPR171W,YDR192C,0,-2.92315,0.2987220585346222,0.5609999895095825,0.13169999420642853
YBR041W,YDR126W,0,-2.92373,0.29856306314468384,0.5609999895095825,0.13179999589920044
YOR335C,YML023C,0,-2.923843,0.2984042465686798,0.5609999895095825,0.13189999759197235
YIL150C,YOR064C,1,-2.9240127,0.2987772524356842,0.5619999766349792,0.13189999759197235
YPR008W,YDR529C,0,-2.9240432,0.29861849546432495,0.5619999766349792,0.13199999928474426
YNL177C,YML031W,0,-2.924676,0.2984599173069,0.5619999766349792,0.13210000097751617
YKL149C,YPL174C,0,-2.9253101,0.29830148816108704,0.5619999766349792,0.13220000267028809
YMR076C,YOR081C,0,-2.9255967,0.2981432378292084,0.5619999766349792,0.13230000436306
YHL020C,YPL274W,0,-2.9259195,0.29798516631126404,0.5619999766349792,0.1324000060558319
YOR354C,YOR149C,0,-2.92592,0.29782724380493164,0.5619999766349792,0.13249999284744263
YIL115C,YKL055C,0,-2.9269466,0.29766950011253357,0.5619999766349792,0.13259999454021454
YNL288W,YLR268W,0,-2.9281993,0.29751190543174744,0.5619999766349792,0.13269999623298645
YKL058W,YBR082C,0,-2.928504,0.29735448956489563,0.5619999766349792,0.13279999792575836
YER061C,YDR160W,0,-2.9288592,0.29719725251197815,0.5619999766349792,0.13289999961853027
YNL004W,YNL002C,0,-2.9289007,0.2970401644706726,0.5619999766349792,0.13300000131130219
YKL021C,YFL008W,0,-2.9290342,0.2968832552433014,0.5619999766349792,0.1331000030040741
YPL228W,YDR296W,0,-2.9293847,0.2967264950275421,0.5619999766349792,0.133200004696846
YCL014W,YFR030W,0,-2.9294305,0.29656991362571716,0.5619999766349792,0.13330000638961792
YOL012C,YNL206C,1,-2.9298158,0.2969409227371216,0.5630000233650208,0.13330000638961792
YNL275W,YLR453C,0,-2.9302382,0.2967844009399414,0.5630000233650208,0.13339999318122864
YPR179C,YBR088C,1,-2.93052,0.29715490341186523,0.5640000104904175,0.13339999318122864
YKR068C,YDR356W,0,-2.9306602,0.29699841141700745,0.5640000104904175,0.13349999487400055
YMR167W,YGL249W,0,-2.9307475,0.296842098236084,0.5640000104904175,0.13359999656677246
YDR284C,YER147C,0,-2.9309063,0.29668596386909485,0.5640000104904175,0.13369999825954437
YOL078W,YER172C,0,-2.9310818,0.29652997851371765,0.5640000104904175,0.13379999995231628
YJL008C,YDR156W,0,-2.931376,0.2963741421699524,0.5640000104904175,0.1339000016450882
YLR429W,YOR334W,0,-2.9315295,0.29621848464012146,0.5640000104904175,0.1340000033378601
YGL105W,YIR028W,0,-2.9323611,0.29606300592422485,0.5640000104904175,0.13410000503063202
YOR274W,YNL231C,0,-2.9333787,0.2959076464176178,0.5640000104904175,0.13420000672340393
YMR288W,YOL156W,0,-2.9348083,0.29575249552726746,0.5640000104904175,0.13429999351501465
YOR046C,YNL078W,0,-2.9349298,0.29559749364852905,0.5640000104904175,0.13439999520778656
YPL209C,YDR079C-A,0,-2.934991,0.2954426407814026,0.5640000104904175,0.13449999690055847
YBL093C,YML064C,0,-2.93509,0.29528796672821045,0.5640000104904175,0.13459999859333038
YGL247W,YER031C,0,-2.935131,0.29513344168663025,0.5640000104904175,0.1347000002861023
YBL093C,YGR212W,0,-2.9356427,0.294979065656662,0.5640000104904175,0.1348000019788742
YNL323W,YNR017W,0,-2.9362068,0.29482486844062805,0.5640000104904175,0.13490000367164612
YHR043C,YHR079C,0,-2.936349,0.29467085003852844,0.5640000104904175,0.13500000536441803
YJL071W,YFR009W,0,-2.9367223,0.29451698064804077,0.5640000104904175,0.13510000705718994
YJL179W,YOL011W,0,-2.9370236,0.29436326026916504,0.5640000104904175,0.13519999384880066
YNR043W,YKL028W,0,-2.9379134,0.29420968890190125,0.5640000104904175,0.13529999554157257
YIR028W,YPR032W,0,-2.9379697,0.2940562963485718,0.5640000104904175,0.13539999723434448
YNL021W,YLR285W,1,-2.9382138,0.2944241762161255,0.5649999976158142,0.13539999723434448
YPR175W,YPL085W,0,-2.938448,0.2942708432674408,0.5649999976158142,0.1354999989271164
YFL039C,YHL025W,1,-2.9392161,0.2946382164955139,0.5659999847412109,0.1354999989271164
YGR247W,YEL030W,0,-2.9393883,0.2944849133491516,0.5659999847412109,0.1356000006198883
YFL009W,YER183C,0,-2.9407616,0.29433175921440125,0.5659999847412109,0.13570000231266022
YKR068C,YML115C,0,-2.9409614,0.2941787838935852,0.5659999847412109,0.13580000400543213
YGR113W,YOL156W,0,-2.9410038,0.2940259873867035,0.5659999847412109,0.13590000569820404
YIL139C,YLL003W,0,-2.9411116,0.29387331008911133,0.5659999847412109,0.13600000739097595
YML061C,YBL014C,0,-2.9416752,0.2937208116054535,0.5659999847412109,0.13609999418258667
YPL259C,YLR410W,0,-2.9417863,0.2935684621334076,0.5659999847412109,0.13619999587535858
YLR394W,YLR193C,0,-2.9419656,0.293416291475296,0.5659999847412109,0.1362999975681305
YPL061W,YKL113C,0,-2.9421687,0.293264240026474,0.5659999847412109,0.1363999992609024
YIL014W,YOR115C,0,-2.9423113,0.2931123673915863,0.5659999847412109,0.13650000095367432
YDL245C,YGL183C,0,-2.9425588,0.29296067357063293,0.5659999847412109,0.13660000264644623
YLR449W,YLR442C,1,-2.942762,0.2933264374732971,0.5669999718666077,0.13660000264644623
YNL030W,YDR073W,1,-2.9427896,0.29369184374809265,0.5680000185966492,0.13660000264644623
YNL039W,YNR043W,0,-2.9438243,0.2935400605201721,0.5680000185966492,0.13670000433921814
YGL043W,YBR136W,0,-2.9439363,0.2933884263038635,0.5680000185966492,0.13680000603199005
YCR038C,YNL079C,0,-2.9446568,0.29323697090148926,0.5680000185966492,0.13689999282360077
YLR219W,YIL173W,0,-2.9448605,0.29308566451072693,0.5680000185966492,0.13699999451637268
YIL154C,YOR049C,0,-2.9448638,0.29293450713157654,0.5680000185966492,0.1370999962091446
YER061C,YPL053C,0,-2.9455462,0.2927834987640381,0.5680000185966492,0.1371999979019165
YCL055W,YFR005C,0,-2.9457908,0.29263266921043396,0.5680000185966492,0.13729999959468842
YFL013C,YOL006C,1,-2.9464011,0.29299691319465637,0.5690000057220459,0.13729999959468842
YLR233C,YGR044C,0,-2.9467864,0.29284611344337463,0.5690000057220459,0.13740000128746033
YNL329C,YPR095C,0,-2.9472756,0.29269546270370483,0.5690000057220459,0.13750000298023224
YDR216W,YBL050W,0,-2.947641,0.29254499077796936,0.5690000057220459,0.13760000467300415
YDR388W,YKL020C,0,-2.9477224,0.2923946678638458,0.5690000057220459,0.13770000636577606
YGL252C,YMR236W,1,-2.9477973,0.2927580773830414,0.5699999928474426,0.13770000636577606
YOR250C,YBR244W,0,-2.9478889,0.2926078140735626,0.5699999928474426,0.13779999315738678
YKL025C,YLR410W,0,-2.9488463,0.2924576699733734,0.5699999928474426,0.1378999948501587
YML123C,YML088W,0,-2.9490776,0.29230770468711853,0.5699999928474426,0.1379999965429306
YPL116W,YCR084C,1,-2.949417,0.29267042875289917,0.5709999799728394,0.1379999965429306
YDR318W,YOR193W,0,-2.9494863,0.2925204932689667,0.5709999799728394,0.13809999823570251
YGL038C,YIL109C,0,-2.949573,0.2923707067966461,0.5709999799728394,0.13819999992847443
YOR299W,YPL218W,0,-2.9495754,0.2922210991382599,0.5709999799728394,0.13830000162124634
YDR175C,YKR028W,0,-2.9510775,0.2920716106891632,0.5709999799728394,0.13840000331401825
YFL055W,YLR410W,0,-2.9511127,0.29192230105400085,0.5709999799728394,0.13850000500679016
YDR071C,YDL076C,1,-2.9512181,0.2922841012477875,0.5720000267028809,0.13850000500679016
YJL115W,YCR084C,1,-2.9515204,0.29264554381370544,0.5730000138282776,0.13850000500679016
YNL312W,YMR218C,0,-2.951601,0.2924961745738983,0.5730000138282776,0.13860000669956207
YGR284C,YBL011W,0,-2.9517598,0.29234692454338074,0.5730000138282776,0.1386999934911728
YNR010W,YFR034C,0,-2.9523425,0.2921978533267975,0.5730000138282776,0.1387999951839447
YLR028C,YGL038C,0,-2.9524026,0.29204893112182617,0.5730000138282776,0.1388999968767166
YPR105C,YAL003W,0,-2.9532084,0.2919001579284668,0.5730000138282776,0.13899999856948853
YML036W,YNL118C,0,-2.9533606,0.29175153374671936,0.5730000138282776,0.13910000026226044
YPR176C,YGR013W,0,-2.9545698,0.29160305857658386,0.5730000138282776,0.13920000195503235
YJR144W,YIL068C,0,-2.9548144,0.2914547324180603,0.5730000138282776,0.13930000364780426
YPL001W,YIL084C,1,-2.954936,0.2918149530887604,0.5740000009536743,0.13930000364780426
YNR030W,YGL013C,0,-2.955387,0.2916666567325592,0.5740000009536743,0.13940000534057617
YJR139C,YNL272C,0,-2.9564676,0.29151853919029236,0.5740000009536743,0.13950000703334808
YNL230C,YNL121C,0,-2.9565349,0.29137057065963745,0.5740000009536743,0.1395999938249588
YFR028C,YER018C,0,-2.9566627,0.2912227213382721,0.5740000009536743,0.1396999955177307
YML086C,YAL007C,0,-2.9569464,0.29107505083084106,0.5740000009536743,0.13979999721050262
YNL291C,YPR133W-A,0,-2.9570599,0.290927529335022,0.5740000009536743,0.13989999890327454
YDL002C,YKL018W,1,-2.9571457,0.29128673672676086,0.574999988079071,0.13989999890327454
YAL001C,YOR054C,0,-2.9575477,0.29113924503326416,0.574999988079071,0.14000000059604645
YIL149C,YLL003W,0,-2.9577103,0.2909919023513794,0.574999988079071,0.14010000228881836
YPR105C,YMR308C,0,-2.9581494,0.29084470868110657,0.574999988079071,0.14020000398159027
YLR028C,YOR270C,0,-2.9582095,0.2906976640224457,0.574999988079071,0.14030000567436218
YDR301W,YJR090C,0,-2.9584708,0.29055076837539673,0.574999988079071,0.1404000073671341
YDR407C,YLR262C,0,-2.9591093,0.2904040515422821,0.574999988079071,0.1404999941587448
YER172C,YCL024W,0,-2.959763,0.29025745391845703,0.574999988079071,0.14059999585151672
YDL175C,YOR371C,0,-2.9601746,0.2901110053062439,0.574999988079071,0.14069999754428864
YGR252W,YMR247C,1,-2.9602613,0.2904689908027649,0.5759999752044678,0.14069999754428864
YDR188W,YPR175W,0,-2.960662,0.29032257199287415,0.5759999752044678,0.14079999923706055
YBR278W,YHR118C,1,-2.9608822,0.2906801104545593,0.5770000219345093,0.14079999923706055
YLR318W,YBL079W,0,-2.9610128,0.29053372144699097,0.5770000219345093,0.14090000092983246
YMR266W,YPL157W,0,-2.9617677,0.29038751125335693,0.5770000219345093,0.14100000262260437
YOR078W,YNL229C,0,-2.9619446,0.29024145007133484,0.5770000219345093,0.14110000431537628
YPR198W,YFL008W,0,-2.9624596,0.2900955379009247,0.5770000219345093,0.1412000060081482
YPL119C,YLR329W,0,-2.962491,0.2899497449398041,0.5770000219345093,0.1412999927997589
YOR037W,YOR266W,0,-2.9628816,0.2898041307926178,0.5770000219345093,0.14139999449253082
YIR006C,YGR104C,0,-2.963853,0.28965863585472107,0.5770000219345093,0.14149999618530273
YBL003C,YDR392W,1,-2.9644904,0.2900150418281555,0.578000009059906,0.14149999618530273
YGL194C,YML127W,1,-2.9664931,0.2903711199760437,0.5789999961853027,0.14149999618530273
YJL065C,YGL014W,1,-2.9680781,0.29072681069374084,0.5799999833106995,0.14149999618530273
YLR170C,YPR032W,0,-2.968194,0.2905811667442322,0.5799999833106995,0.14159999787807465
YPR017C,YDR508C,0,-2.968474,0.29043564200401306,0.5799999833106995,0.14169999957084656
YAL003W,YKL032C,0,-2.9685736,0.29029029607772827,0.5799999833106995,0.14180000126361847
YHR143W,YGL195W,0,-2.969284,0.29014506936073303,0.5799999833106995,0.14190000295639038
YDR138W,YJR052W,0,-2.969396,0.28999999165534973,0.5799999833106995,0.1420000046491623
YAL020C,YOR083W,0,-2.9712582,0.28985506296157837,0.5799999833106995,0.1421000063419342
YCR094W,YNL164C,0,-2.9713655,0.28971028327941895,0.5799999833106995,0.14219999313354492
YOR005C,YGL086W,0,-2.9724383,0.28956565260887146,0.5799999833106995,0.14229999482631683
YHR176W,YDL056W,0,-2.9725137,0.2894211709499359,0.5799999833106995,0.14239999651908875
YCR020W-B,YGL178W,1,-2.9726744,0.289775550365448,0.5809999704360962,0.14239999651908875
YCR077C,YOL001W,0,-2.972735,0.28963109850883484,0.5809999704360962,0.14249999821186066
YGR134W,YEL051W,0,-2.9729085,0.2894867956638336,0.5809999704360962,0.14259999990463257
YGR261C,YKR087C,0,-2.9738703,0.28934264183044434,0.5809999704360962,0.14270000159740448
YBR217W,YOR363C,0,-2.9742866,0.2891986072063446,0.5809999704360962,0.1428000032901764
YDR022C,YML055W,0,-2.9743204,0.2890547215938568,0.5809999704360962,0.1429000049829483
YDR499W,YGR186W,0,-2.974514,0.28891098499298096,0.5809999704360962,0.14300000667572021
YPR057W,YMR097C,0,-2.9747257,0.28876739740371704,0.5809999704360962,0.14309999346733093
YBR213W,YAL047C,0,-2.9748297,0.28862395882606506,0.5809999704360962,0.14319999516010284
YNL116W,YDL225W,0,-2.974873,0.28848063945770264,0.5809999704360962,0.14329999685287476
YLL002W,YMR263W,1,-2.97549,0.28883373737335205,0.5820000171661377,0.14329999685287476
YOR224C,YER031C,0,-2.975937,0.2886904776096344,0.5820000171661377,0.14339999854564667
YNL023C,YLL036C,0,-2.9762115,0.2885473370552063,0.5820000171661377,0.14350000023841858
YKL112W,YEL066W,1,-2.976416,0.28889989852905273,0.5830000042915344,0.14350000023841858
YGR179C,YLR447C,0,-2.9769568,0.2887568175792694,0.5830000042915344,0.1436000019311905
YML102W,YDR359C,1,-2.9770942,0.28910890221595764,0.5839999914169312,0.1436000019311905
YBL009W,YOR319W,0,-2.9776068,0.2889658510684967,0.5839999914169312,0.1437000036239624
YKL074C,YGR006W,0,-2.9780817,0.2888229489326477,0.5839999914169312,0.14380000531673431
YNL153C,YDR011W,0,-2.9782047,0.28868016600608826,0.5839999914169312,0.14390000700950623
YIL149C,YOL031C,0,-2.9785638,0.28853756189346313,0.5839999914169312,0.14399999380111694
YEL027W,YOR188W,0,-2.9786925,0.2883950471878052,0.5839999914169312,0.14409999549388885
YMR240C,YMR036C,0,-2.9792523,0.28825271129608154,0.5839999914169312,0.14419999718666077
YOR327C,YHR070W,0,-2.9803963,0.28811049461364746,0.5839999914169312,0.14429999887943268
YGR120C,YGR241C,0,-2.9807634,0.2879684269428253,0.5839999914169312,0.1444000005722046
YER030W,YER051W,1,-2.981966,0.2883193790912628,0.5849999785423279,0.1444000005722046
YDR245W,YOL109W,0,-2.9820619,0.28817734122276306,0.5849999785423279,0.1445000022649765
YKL005C,YBL030C,0,-2.9823642,0.28803545236587524,0.5849999785423279,0.1446000039577484
YGL133W,YOR213C,1,-2.9826365,0.2883858382701874,0.5860000252723694,0.1446000039577484
YFL013C,YBR195C,1,-2.9830856,0.28873586654663086,0.5870000123977661,0.1446000039577484
YFR009W,YER019W,0,-2.9834123,0.28859391808509827,0.5870000123977661,0.14470000565052032
YMR162C,YLR430W,0,-2.9836125,0.2884520888328552,0.5870000123977661,0.14480000734329224
YPL061W,YEL019C,0,-2.983985,0.2883104085922241,0.5870000123977661,0.14489999413490295
YNL307C,YDL225W,0,-2.9839892,0.28816887736320496,0.5870000123977661,0.14499999582767487
YGL075C,YPL133C,0,-2.984857,0.28802746534347534,0.5870000123977661,0.14509999752044678
YKL160W,YPL055C,1,-2.9851608,0.28837665915489197,0.5879999995231628,0.14509999752044678
YJR076C,YOL042W,0,-2.9852734,0.28823530673980713,0.5879999995231628,0.1451999992132187
YKL046C,YPL218W,0,-2.9854164,0.28809407353401184,0.5879999995231628,0.1453000009059906
YCL014W,YGR086C,0,-2.9855447,0.2879529893398285,0.5879999995231628,0.1454000025987625
YOR249C,YGL133W,1,-2.9857435,0.2883015275001526,0.5889999866485596,0.1454000025987625
YER129W,YDR369C,0,-2.9871235,0.2881604731082916,0.5889999866485596,0.14550000429153442
YJL183W,YLR362W,0,-2.987265,0.2880195677280426,0.5889999866485596,0.14560000598430634
YGR132C,YDR356W,0,-2.9873133,0.28787878155708313,0.5889999866485596,0.14569999277591705
YJR108W,YJL138C,0,-2.9878764,0.2877381443977356,0.5889999866485596,0.14579999446868896
YFL055W,YNL329C,0,-2.9879603,0.28759765625,0.5889999866485596,0.14589999616146088
YCL029C,YNL127W,0,-2.9881058,0.28745728731155396,0.5889999866485596,0.1459999978542328
YJR042W,YER082C,0,-2.9885035,0.28731706738471985,0.5889999866485596,0.1460999995470047
YKL112W,YGL112C,1,-2.9893775,0.2876645624637604,0.5899999737739563,0.1460999995470047
YNL153C,YKL079W,0,-2.989461,0.28752437233924866,0.5899999737739563,0.1462000012397766
YJR057W,YCR083W,0,-2.9902186,0.2873843014240265,0.5899999737739563,0.14630000293254852
YDR123C,YOL028C,0,-2.9902582,0.28724440932273865,0.5899999737739563,0.14640000462532043
YFL031W,YLR398C,0,-2.9903102,0.28710463643074036,0.5899999737739563,0.14650000631809235
YDR194C,YOR068C,0,-2.990676,0.2869649827480316,0.5899999737739563,0.14659999310970306
YJL076W,YKR042W,1,-2.9910111,0.2873116135597229,0.5910000205039978,0.14659999310970306
YNL275W,YJL198W,0,-2.9913325,0.28717201948165894,0.5910000205039978,0.14669999480247498
YNL138W,YGR099W,0,-2.9916992,0.2870325446128845,0.5910000205039978,0.1467999964952469
YNL027W,YOL123W,0,-2.9917836,0.28689321875572205,0.5910000205039978,0.1468999981880188
YPL097W,YDR240C,0,-2.9923983,0.2867540121078491,0.5910000205039978,0.1469999998807907
YGL143C,YGL038C,0,-2.9924831,0.28661492466926575,0.5910000205039978,0.14710000157356262
YGL087C,YER019C-A,0,-2.9929533,0.2864760160446167,0.5910000205039978,0.14720000326633453
YPR025C,YJR045C,0,-2.9942536,0.2863371968269348,0.5910000205039978,0.14730000495910645
YOR085W,YMR030W,0,-2.9944577,0.28619855642318726,0.5910000205039978,0.14740000665187836
YCL014W,YGR155W,0,-2.9946923,0.28606000542640686,0.5910000205039978,0.14749999344348907
YOL127W,YIL016W,0,-2.995037,0.2859216332435608,0.5910000205039978,0.147599995136261
YOL130W,YDR362C,0,-2.9952722,0.2857833802700043,0.5910000205039978,0.1476999968290329
YIL016W,YPR041W,0,-2.996049,0.2856452465057373,0.5910000205039978,0.1477999985218048
YLR098C,YNL325C,0,-2.9960895,0.2855072319507599,0.5910000205039978,0.14790000021457672
YPR171W,YDR097C,0,-2.9964209,0.2853693962097168,0.5910000205039978,0.14800000190734863
YOL013C,YAL005C,0,-2.9965606,0.28523164987564087,0.5910000205039978,0.14810000360012054
YNL275W,YFL060C,0,-2.9965916,0.2850940525531769,0.5910000205039978,0.14820000529289246
YLR186W,YKL032C,0,-2.9969969,0.28495660424232483,0.5910000205039978,0.14830000698566437
YHR152W,YNL310C,0,-2.9974322,0.28481927514076233,0.5910000205039978,0.14839999377727509
YBR295W,YIL022W,0,-2.99749,0.28468209505081177,0.5910000205039978,0.148499995470047
YJR082C,YOR025W,1,-2.9975576,0.285026490688324,0.5920000076293945,0.148499995470047
YLR314C,YDR381W,0,-2.997943,0.2848893105983734,0.5920000076293945,0.1485999971628189
YOL017W,YMR080C,1,-2.9983559,0.2852332890033722,0.5929999947547913,0.1485999971628189
YMR048W,YCR071C,0,-2.9984136,0.2850961685180664,0.5929999947547913,0.14869999885559082
YML016C,YPL234C,0,-2.9989896,0.28495916724205017,0.5929999947547913,0.14880000054836273
YKL139W,YNL131W,0,-2.99936,0.2848222851753235,0.5929999947547913,0.14890000224113464
YAL058W,YHR150W,0,-2.999452,0.28468555212020874,0.5929999947547913,0.14900000393390656
YKL139W,YBR043C,0,-2.9998999,0.28454893827438354,0.5929999947547913,0.14910000562667847
YGR113W,YPL065W,0,-3.0000534,0.2844124734401703,0.5929999947547913,0.14920000731945038
YNL048W,YJR153W,0,-3.0005484,0.2842761278152466,0.5929999947547913,0.1492999941110611
YMR301C,YJL156C,0,-3.0007324,0.2841399013996124,0.5929999947547913,0.149399995803833
YBR135W,YER105C,0,-3.0013914,0.2840038239955902,0.5929999947547913,0.14949999749660492
YJL165C,YHR026W,0,-3.0019565,0.28386786580085754,0.5929999947547913,0.14959999918937683
YJL194W,YBL032W,0,-3.0030484,0.2837320566177368,0.5929999947547913,0.14970000088214874
YDR309C,YDL185W,0,-3.0036874,0.28359636664390564,0.5929999947547913,0.14980000257492065
YBR288C,YDL217C,0,-3.0042887,0.283460795879364,0.5929999947547913,0.14990000426769257
YBL097W,YOR008C,0,-3.0044775,0.2833253741264343,0.5929999947547913,0.15000000596046448
YOR216C,YGR082W,0,-3.0049791,0.2831900715827942,0.5929999947547913,0.1500999927520752
YPR179C,YOR191W,1,-3.005599,0.2835322320461273,0.593999981880188,0.1500999927520752
YML012W,YPL258C,0,-3.0061016,0.28339695930480957,0.593999981880188,0.1501999944448471
YNL218W,YFL038C,0,-3.0073733,0.28326180577278137,0.593999981880188,0.15029999613761902
YJL115W,YBR089C-A,1,-3.0076833,0.2836034297943115,0.5950000286102295,0.15029999613761902
YKL197C,YER162C,0,-3.0077934,0.2834683060646057,0.5950000286102295,0.15039999783039093
YJR050W,YJL011C,0,-3.0085325,0.28333333134651184,0.5950000286102295,0.15049999952316284
YOR039W,YDR432W,0,-3.0086093,0.2831984758377075,0.5950000286102295,0.15060000121593475
YLR288C,YDR469W,1,-3.0087328,0.28353947401046753,0.5960000157356262,0.15060000121593475
YCR048W,YLR362W,0,-3.009357,0.2834046483039856,0.5960000157356262,0.15070000290870667
YMR263W,YMR236W,1,-3.0097723,0.28374525904655457,0.597000002861023,0.15070000290870667
YDR473C,YNL283C,0,-3.0097804,0.283610463142395,0.597000002861023,0.15080000460147858
YCR020W-B,YBR175W,1,-3.0099936,0.2839506268501282,0.5979999899864197,0.15080000460147858
YPL100W,YJL110C,0,-3.010466,0.283815860748291,0.5979999899864197,0.1509000062942505
YCR020W-B,YPL047W,1,-3.0113068,0.28415560722351074,0.5989999771118164,0.1509000062942505
YLR131C,YOR035C,0,-3.0118346,0.28402087092399597,0.5989999771118164,0.1509999930858612
YHR086W,YOR217W,0,-3.0127888,0.28388625383377075,0.5989999771118164,0.15109999477863312
YOR249C,YOL017W,1,-3.0127902,0.2842254936695099,0.6000000238418579,0.15109999477863312
YPR073C,YMR227C,0,-3.013116,0.28409090638160706,0.6000000238418579,0.15119999647140503
YER109C,YJL192C,0,-3.0132523,0.28395646810531616,0.6000000238418579,0.15129999816417694
YPL061W,YLR390W-A,0,-3.0141459,0.2838221490383148,0.6000000238418579,0.15139999985694885
YGR252W,YMR080C,1,-3.0141697,0.2841607630252838,0.6010000109672546,0.15139999985694885
YLR330W,YDL245C,0,-3.0142765,0.28402647376060486,0.6010000109672546,0.15150000154972076
YER089C,YER094C,0,-3.0149112,0.28389230370521545,0.6010000109672546,0.15160000324249268
YER013W,YOR047C,0,-3.0154324,0.2837582528591156,0.6010000109672546,0.1517000049352646
YPL098C,YLR383W,0,-3.0157752,0.2836243510246277,0.6010000109672546,0.1518000066280365
YDL056W,YGR074W,0,-3.0163999,0.2834905683994293,0.6010000109672546,0.15189999341964722
YMR163C,YER072W,0,-3.0165462,0.2833569049835205,0.6010000109672546,0.15199999511241913
YFR009W,YOL005C,0,-3.0166054,0.28322336077690125,0.6010000109672546,0.15209999680519104
YMR048W,YOL112W,0,-3.0170622,0.2830899655818939,0.6010000109672546,0.15219999849796295
YOR279C,YJL080C,1,-3.0176253,0.28342750668525696,0.6019999980926514,0.15219999849796295
YBR188C,YMR179W,0,-3.0178213,0.28329411149024963,0.6019999980926514,0.15230000019073486
YPL233W,YOL127W,0,-3.0178342,0.28316086530685425,0.6019999980926514,0.15240000188350677
YKL002W,YEL030W,0,-3.0178995,0.2830277383327484,0.6019999980926514,0.1525000035762787
YBR130C,YNL299W,0,-3.018437,0.28289473056793213,0.6019999980926514,0.1526000052690506
YPR023C,YDR359C,1,-3.019453,0.28323155641555786,0.6029999852180481,0.1526000052690506
YLR453C,YKR062W,0,-3.0194716,0.28309857845306396,0.6029999852180481,0.1527000069618225
YLR390W-A,YLR391W,0,-3.0195098,0.282965749502182,0.6029999852180481,0.15279999375343323
YER088C,YBR095C,1,-3.0197043,0.28330206871032715,0.6039999723434448,0.15279999375343323
YMR041C,YOL001W,0,-3.0202742,0.2831692397594452,0.6039999723434448,0.15289999544620514
YKL113C,YBL103C,0,-3.0207896,0.28303655982017517,0.6039999723434448,0.15299999713897705
YLR208W,YER148W,0,-3.0208201,0.2829039692878723,0.6039999723434448,0.15309999883174896
YKL092C,YCR020C-A,0,-3.021278,0.2827715277671814,0.6039999723434448,0.15320000052452087
YIL076W,YJL029C,0,-3.0216532,0.28263920545578003,0.6039999723434448,0.15330000221729279
YAR014C,YNL055C,0,-3.0217748,0.2825070023536682,0.6039999723434448,0.1534000039100647
YHR059W,YIL048W,0,-3.0226636,0.28237494826316833,0.6039999723434448,0.1535000056028366
YMR150C,YKL064W,0,-3.0227094,0.2822429835796356,0.6039999723434448,0.15360000729560852
YBL006C,YCL061C,1,-3.0233731,0.2825782299041748,0.6050000190734863,0.15360000729560852
YDL143W,YER021W,0,-3.0240083,0.28244632482528687,0.6050000190734863,0.15369999408721924
YGR003W,YNL064C,0,-3.024363,0.2823145091533661,0.6050000190734863,0.15379999577999115
YJL196C,YOL088C,0,-3.02455,0.28218284249305725,0.6050000190734863,0.15389999747276306
YPL116W,YDR143C,1,-3.024609,0.2825174927711487,0.6060000061988831,0.15389999747276306
YML069W,YMR053C,1,-3.0248513,0.28285181522369385,0.6069999933242798,0.15389999747276306
YDR093W,YHR070W,0,-3.0248814,0.28272008895874023,0.6069999933242798,0.15399999916553497
YLR380W,YMR026C,0,-3.0250244,0.2825884521007538,0.6069999933242798,0.15410000085830688
YHR108W,YGL004C,0,-3.0251365,0.2824569642543793,0.6069999933242798,0.1542000025510788
YPR175W,YLR145W,0,-3.0253701,0.2823255956172943,0.6069999933242798,0.1543000042438507
YMR081C,YLR265C,0,-3.0255013,0.2821943163871765,0.6069999933242798,0.15440000593662262
YNR030W,YBR165W,0,-3.0257416,0.28206318616867065,0.6069999933242798,0.15449999272823334
YIL033C,YOL089C,0,-3.0262961,0.28193217515945435,0.6069999933242798,0.15459999442100525
YFL008W,YDR177W,0,-3.0273628,0.28180131316185,0.6069999933242798,0.15469999611377716
YML086C,YOR221C,0,-3.0280895,0.28167054057121277,0.6069999933242798,0.15479999780654907
YLR210W,YMR316W,0,-3.028191,0.2815398871898651,0.6069999933242798,0.15489999949932098
YNL031C,YFL049W,1,-3.0286655,0.28187295794487,0.6079999804496765,0.15489999949932098
YNL182C,YBR153W,0,-3.028799,0.2817423641681671,0.6079999804496765,0.1550000011920929
YBR038W,YGR007W,0,-3.0289898,0.2816118597984314,0.6079999804496765,0.1551000028848648
YPL156C,YPR055W,0,-3.029192,0.28148147463798523,0.6079999804496765,0.15520000457763672
YKL002W,YHL020C,0,-3.0292878,0.281351238489151,0.6079999804496765,0.15530000627040863
YPL187W,YOR321W,0,-3.0294142,0.28122109174728394,0.6079999804496765,0.15539999306201935
YKL002W,YHR200W,0,-3.029943,0.2810910642147064,0.6079999804496765,0.15549999475479126
YJL124C,YGL162W,0,-3.0301738,0.28096118569374084,0.6079999804496765,0.15559999644756317
YIL014W,YLR383W,0,-3.0302577,0.28083139657974243,0.6079999804496765,0.15569999814033508
YBR088C,YOR279C,1,-3.0304766,0.28116342425346375,0.609000027179718,0.15569999814033508
YOR110W,YDL244W,0,-3.0307317,0.2810336947441101,0.609000027179718,0.155799999833107
YBR008C,YDR388W,0,-3.0310087,0.28090405464172363,0.609000027179718,0.1559000015258789
YLR163C,YML038C,0,-3.031025,0.2807745635509491,0.609000027179718,0.15600000321865082
YLR433C,YLR200W,0,-3.0312,0.2806451618671417,0.609000027179718,0.15610000491142273
YMR234W,YIL138C,0,-3.031775,0.2805158793926239,0.609000027179718,0.15620000660419464
YNL003C,YNL290W,0,-3.0325518,0.280386745929718,0.609000027179718,0.15629999339580536
YKL059C,YOR363C,0,-3.0328012,0.2802577018737793,0.609000027179718,0.15639999508857727
YER028C,YER005W,0,-3.032865,0.2801288068294525,0.609000027179718,0.15649999678134918
YIR013C,YBR143C,0,-3.0337343,0.2800000011920929,0.609000027179718,0.1565999984741211
YLR098C,YPR121W,0,-3.0338383,0.2798713147640228,0.609000027179718,0.156700000166893
YKL220C,YGL084C,0,-3.0339508,0.2797427773475647,0.609000027179718,0.15680000185966492
YIL118W,YBL034C,0,-3.0341907,0.27961432933807373,0.609000027179718,0.15690000355243683
YIR013C,YDL079C,0,-3.034217,0.2794860005378723,0.609000027179718,0.15700000524520874
YGL098W,YIL056W,0,-3.0347795,0.27935779094696045,0.609000027179718,0.15710000693798065
YBL080C,YOR151C,0,-3.0348144,0.27922970056533813,0.609000027179718,0.15719999372959137
YBL005W,YLR139C,0,-3.0356274,0.27910172939300537,0.609000027179718,0.15729999542236328
YCR086W,YMR047C,0,-3.0360155,0.27897387742996216,0.609000027179718,0.1573999971151352
YLR113W,YML031W,0,-3.0366697,0.2788461446762085,0.609000027179718,0.1574999988079071
YMR033W,YER133W,1,-3.037547,0.2791762053966522,0.6100000143051147,0.1574999988079071
YOR025W,YHR119W,1,-3.0376806,0.2795059382915497,0.6110000014305115,0.1574999988079071
YMR004W,YLR275W,0,-3.0379233,0.27937814593315125,0.6110000014305115,0.15760000050067902
YOL123W,YGR129W,0,-3.0380626,0.27925044298171997,0.6110000014305115,0.15770000219345093
YCL014W,YDR162C,0,-3.0384574,0.27912288904190063,0.6110000014305115,0.15780000388622284
YBL017C,YNL317W,0,-3.0388937,0.27899542450904846,0.6110000014305115,0.15790000557899475
YMR247C,YPL128C,1,-3.0392523,0.2793245017528534,0.6119999885559082,0.15790000557899475
YOR011W,YGL013C,0,-3.0394268,0.2791970670223236,0.6119999885559082,0.15800000727176666
YER068W,YJL061W,0,-3.0397081,0.27906978130340576,0.6119999885559082,0.15809999406337738
YER052C,YML088W,0,-3.0403762,0.2789425849914551,0.6119999885559082,0.1581999957561493
YPL227C,YJL013C,0,-3.0404248,0.27881547808647156,0.6119999885559082,0.1582999974489212
YPL018W,YNL128W,0,-3.04046,0.2786885201931,0.6119999885559082,0.15839999914169312
YOR168W,YLR383W,0,-3.0404644,0.27856168150901794,0.6119999885559082,0.15850000083446503
YCR028C,YKL108W,0,-3.0407653,0.2784349322319031,0.6119999885559082,0.15860000252723694
YER165W,YHR041C,0,-3.0407925,0.27830833196640015,0.6119999885559082,0.15870000422000885
YKL054C,YGL115W,0,-3.0408325,0.2781818211078644,0.6119999885559082,0.15880000591278076
YGL001C,YLR417W,0,-3.0412855,0.27805542945861816,0.6119999885559082,0.15889999270439148
YHR034C,YJL052W,0,-3.0420127,0.2779291570186615,0.6119999885559082,0.1589999943971634
YJR076C,YOR081C,0,-3.0421515,0.2778030037879944,0.6119999885559082,0.1590999960899353
YMR277W,YBL088C,0,-3.042233,0.27767693996429443,0.6119999885559082,0.15919999778270721
YAL013W,YDR392W,1,-3.0424376,0.27800452709198,0.6129999756813049,0.15919999778270721
YOR109W,YDR311W,0,-3.042459,0.2778785228729248,0.6129999756813049,0.15929999947547913
YLR115W,YNL103W,0,-3.0425324,0.2777526080608368,0.6129999756813049,0.15940000116825104
YJR108W,YIR002C,0,-3.0428734,0.27762681245803833,0.6129999756813049,0.15950000286102295
YPL171C,YJL001W,0,-3.043017,0.2775011360645294,0.6129999756813049,0.15960000455379486
YOR284W,YBR073W,0,-3.0430322,0.27737557888031006,0.6129999756813049,0.15970000624656677
YIL062C,YDR311W,0,-3.0437922,0.27725011110305786,0.6129999756813049,0.1597999930381775
YMR078C,YDL031W,0,-3.0438147,0.2771247625350952,0.6129999756813049,0.1598999947309494
YDR456W,YDL159W,0,-3.0439463,0.2769995629787445,0.6129999756813049,0.1599999964237213
YMR078C,YLR055C,0,-3.0439544,0.2768744230270386,0.6129999756813049,0.16009999811649323
YDR110W,YKR048C,1,-3.0445838,0.2772009074687958,0.6140000224113464,0.16009999811649323
YDR130C,YDL064W,0,-3.0448027,0.2770758271217346,0.6140000224113464,0.16019999980926514
YBR274W,YIL014W,0,-3.0448313,0.2769508361816406,0.6140000224113464,0.16030000150203705
YLR398C,YOR068C,0,-3.0449686,0.2768259644508362,0.6140000224113464,0.16040000319480896
YIL109C,YJL138C,0,-3.0449896,0.2767012119293213,0.6140000224113464,0.16050000488758087
YBR023C,YDL056W,0,-3.046267,0.27657657861709595,0.6140000224113464,0.16060000658035278
YAL012W,YBR098W,0,-3.0462885,0.27645203471183777,0.6140000224113464,0.1606999933719635
YOR080W,YOR181W,0,-3.0463018,0.27632763981819153,0.6140000224113464,0.1607999950647354
YML081C-A,YMR048W,0,-3.0464253,0.27620333433151245,0.6140000224113464,0.16089999675750732
YDR397C,YOR068C,0,-3.0464659,0.2760791480541229,0.6140000224113464,0.16099999845027924
YJL115W,YDR167W,1,-3.046742,0.2764045000076294,0.6150000095367432,0.16099999845027924
YBR215W,YMR080C,1,-3.0468392,0.276729553937912,0.6159999966621399,0.16099999845027924
YBR055C,YDR135C,0,-3.0474124,0.2766053080558777,0.6159999966621399,0.16110000014305115
YOR250C,YOR307C,0,-3.0477004,0.27648115158081055,0.6159999966621399,0.16120000183582306
YBL074C,YDR518W,0,-3.0484724,0.27635711431503296,0.6159999966621399,0.16130000352859497
YGR224W,YPL213W,0,-3.0487413,0.2762331962585449,0.6159999966621399,0.16140000522136688
YIL142W,YDL145C,0,-3.0489802,0.27610936760902405,0.6159999966621399,0.1615000069141388
YLR181C,YER072W,0,-3.0492687,0.2759856581687927,0.6159999966621399,0.1615999937057495
YPL097W,YDR495C,0,-3.050774,0.27586206793785095,0.6159999966621399,0.16169999539852142
YKL190W,YAL058W,0,-3.0513945,0.27573859691619873,0.6159999966621399,0.16179999709129333
YPL096C-A,YGR185C,0,-3.0516968,0.27561521530151367,0.6159999966621399,0.16189999878406525
YDL043C,YFR052W,0,-3.0518742,0.27549195289611816,0.6159999966621399,0.16200000047683716
YDR231C,YPR188C,0,-3.0528617,0.2753688097000122,0.6159999966621399,0.16210000216960907
YEL053C,YOL080C,0,-3.0529113,0.2752457559108734,0.6159999966621399,0.16220000386238098
YDR147W,YKL080W,0,-3.0529633,0.27512282133102417,0.6159999966621399,0.1623000055551529
YLR314C,YLR066W,0,-3.0533953,0.2750000059604645,0.6159999966621399,0.1624000072479248
YNL314W,YKR063C,0,-3.0535588,0.27487727999687195,0.6159999966621399,0.16249999403953552
YBR233W-A,YJL063C,0,-3.0539856,0.27475467324256897,0.6159999966621399,0.16259999573230743
YLR085C,YPL016W,1,-3.0543442,0.27507802844047546,0.6169999837875366,0.16259999573230743
YGL003C,YIL068C,0,-3.0545015,0.2749554514884949,0.6169999837875366,0.16269999742507935
YBR161W,YDR473C,0,-3.054535,0.27483296394348145,0.6169999837875366,0.16279999911785126
YGL222C,YER012W,0,-3.0549917,0.27471059560775757,0.6169999837875366,0.16290000081062317
YPL096C-A,YDR170C,0,-3.0555792,0.27458834648132324,0.6169999837875366,0.16300000250339508
YLR361C,YJL030W,0,-3.055821,0.2744661867618561,0.6169999837875366,0.163100004196167
YBR020W,YML049C,0,-3.0558424,0.27434414625167847,0.6169999837875366,0.1632000058889389
YGL119W,YPR046W,0,-3.0570736,0.2742222249507904,0.6169999837875366,0.16329999268054962
YJR064W,YGL126W,0,-3.0586538,0.2741003930568695,0.6169999837875366,0.16339999437332153
YMR069W,YNL261W,1,-3.0590968,0.2744227349758148,0.6179999709129333,0.16339999437332153
YKR048C,YHR118C,1,-3.059546,0.27474477887153625,0.6190000176429749,0.16339999437332153
YPR103W,YPR173C,0,-3.0596805,0.2746228873729706,0.6190000176429749,0.16349999606609344
YLR067C,YFL045C,0,-3.0602417,0.27450111508369446,0.6190000176429749,0.16359999775886536
YGL195W,YDR483W,0,-3.0605373,0.2743794322013855,0.6190000176429749,0.16369999945163727
YBL019W,YHR006W,0,-3.0610008,0.2742578685283661,0.6190000176429749,0.16380000114440918
YCR065W,YJR043C,0,-3.0611987,0.27413639426231384,0.6190000176429749,0.1639000028371811
YJL025W,YCR018C,0,-3.0612807,0.27401503920555115,0.6190000176429749,0.164000004529953
YDR245W,YOR103C,0,-3.0616183,0.273893803358078,0.6190000176429749,0.16410000622272491
YFR036W,YJL035C,0,-3.06173,0.273772656917572,0.6190000176429749,0.16419999301433563
YIL132C,YJL019W,0,-3.062251,0.2736516296863556,0.6190000176429749,0.16429999470710754
YLR386W,YMR293C,0,-3.06286,0.2735307216644287,0.6190000176429749,0.16439999639987946
YKR083C,YIL061C,0,-3.062862,0.273409903049469,0.6190000176429749,0.16449999809265137
YPL083C,YNL222W,0,-3.0636535,0.27328917384147644,0.6190000176429749,0.16459999978542328
YDR054C,YLR381W,0,-3.0642886,0.2731685936450958,0.6190000176429749,0.1647000014781952
YAL013W,YBR258C,1,-3.064412,0.27348920702934265,0.6200000047683716,0.1647000014781952
YNL282W,YDR320C,0,-3.064547,0.27336859703063965,0.6200000047683716,0.1648000031709671
YOL016C,YGL094C,0,-3.0645876,0.2732481360435486,0.6200000047683716,0.164900004863739
YIR002C,YCR026C,0,-3.0665317,0.2731277644634247,0.6200000047683716,0.16500000655651093
YBR112C,YFR013W,1,-3.0666218,0.27344781160354614,0.6209999918937683,0.16500000655651093
YER009W,YDL092W,0,-3.067296,0.27332746982574463,0.6209999918937683,0.16509999334812164
YDR093W,YIR033W,0,-3.0674124,0.2732072174549103,0.6209999918937683,0.16519999504089355
YIR021W,YDR397C,0,-3.0684505,0.2730870842933655,0.6209999918937683,0.16529999673366547
YCR092C,YGL211W,0,-3.0684547,0.27296704053878784,0.6209999918937683,0.16539999842643738
YMR005W,YOR069W,0,-3.0686584,0.27284708619117737,0.6209999918937683,0.1655000001192093
YCR037C,YNR047W,0,-3.0695982,0.27272728085517883,0.6209999918937683,0.1656000018119812
YPL053C,YBR080C,0,-3.0696406,0.27260756492614746,0.6209999918937683,0.1657000035047531
YFL060C,YPR133W-A,0,-3.070549,0.27248793840408325,0.6209999918937683,0.16580000519752502
YGL150C,YER051W,1,-3.0706973,0.2728070318698883,0.621999979019165,0.16580000519752502
YHR067W,YOR129C,0,-3.0711918,0.2726874053478241,0.621999979019165,0.16590000689029694
YEL022W,YCR018C,0,-3.0713735,0.2725679278373718,0.621999979019165,0.16599999368190765
YNL275W,YCR027C,0,-3.0715342,0.2724485397338867,0.621999979019165,0.16609999537467957
YJL134W,YKL129C,0,-3.07196,0.2723292410373688,0.621999979019165,0.16619999706745148
YLR228C,YER109C,0,-3.0720177,0.2722100615501404,0.621999979019165,0.1662999987602234
YGL067W,YKL154W,0,-3.0727992,0.27209100127220154,0.621999979019165,0.1664000004529953
YLR246W,YPL231W,0,-3.0728812,0.27197203040122986,0.621999979019165,0.1665000021457672
YLR144C,YDR170C,0,-3.0729866,0.27185314893722534,0.621999979019165,0.16660000383853912
YBL079W,YCR077C,0,-3.0730343,0.2717343866825104,0.621999979019165,0.16670000553131104
YJR082C,YLR052W,1,-3.0732365,0.2720524072647095,0.6230000257492065,0.16670000553131104
YKL112W,YMR106C,1,-3.0732517,0.2723701298236847,0.6240000128746033,0.16670000553131104
YHR079C-A,YML025C,0,-3.0734482,0.27225130796432495,0.6240000128746033,0.16680000722408295
YFL031W,YOR334W,0,-3.073658,0.2721325755119324,0.6240000128746033,0.16689999401569366
YDR363W-A,YDR086C,0,-3.074018,0.27201396226882935,0.6240000128746033,0.16699999570846558
YPL228W,YBL011W,0,-3.0740747,0.2718954384326935,0.6240000128746033,0.1670999974012375
YIL105C,YML088W,0,-3.0744815,0.2717770040035248,0.6240000128746033,0.1671999990940094
YLR429W,YOR256C,0,-3.0746984,0.27165868878364563,0.6240000128746033,0.1673000007867813
YKL112W,YNL206C,1,-3.0754657,0.27197563648223877,0.625,0.1673000007867813
YOR244W,YPL139C,1,-3.0755844,0.27229228615760803,0.6259999871253967,0.1673000007867813
YPR037C,YNR006W,0,-3.0761151,0.2721739113330841,0.6259999871253967,0.16740000247955322
YPR161C,YJL129C,0,-3.0764246,0.27205562591552734,0.6259999871253967,0.16750000417232513
YKL017C,YOL028C,0,-3.0766096,0.27193745970726013,0.6259999871253967,0.16760000586509705
YIL076W,YER151C,0,-3.0768342,0.2718193531036377,0.6259999871253967,0.16769999265670776
YPR068C,YDR191W,1,-3.076985,0.2721354067325592,0.6269999742507935,0.16769999265670776
YGR086C,YNL128W,0,-3.0773735,0.27201735973358154,0.6269999742507935,0.16779999434947968
YPL268W,YDR346C,0,-3.0776958,0.27189940214157104,0.6269999742507935,0.1678999960422516
YKL040C,YPL211W,0,-3.0779996,0.2717815339565277,0.6269999742507935,0.1679999977350235
YKR037C,YMR088C,0,-3.0786605,0.2716637849807739,0.6269999742507935,0.1680999994277954
YLR141W,YAL005C,0,-3.078722,0.2715461254119873,0.6269999742507935,0.16820000112056732
YDR219C,YOL121C,0,-3.0790095,0.27142858505249023,0.6269999742507935,0.16830000281333923
YDR397C,YKR065C,0,-3.0790863,0.2713111340999603,0.6269999742507935,0.16840000450611115
YCR077C,YOR060C,0,-3.0791154,0.2711937725543976,0.6269999742507935,0.16850000619888306
YGR113W,YKL043W,0,-3.079265,0.2710765302181244,0.6269999742507935,0.16859999299049377
YDL100C,YJL012C,0,-3.0795183,0.27095937728881836,0.6269999742507935,0.16869999468326569
YER051W,YNL097C,1,-3.0798464,0.27127429842948914,0.628000020980835,0.16869999468326569
YKL165C,YLR044C,0,-3.0800452,0.2711571753025055,0.628000020980835,0.1687999963760376
YBL003C,YKR019C,1,-3.0802302,0.2714717388153076,0.6290000081062317,0.1687999963760376
YBL019W,YAL041W,0,-3.080481,0.271354615688324,0.6290000081062317,0.1688999980688095
YPR083W,YOR127W,0,-3.0805478,0.2712376117706299,0.6290000081062317,0.16899999976158142
YNL020C,YLR190W,0,-3.0808578,0.27112069725990295,0.6290000081062317,0.16910000145435333
YGL150C,YNL107W,1,-3.0817423,0.2714347243309021,0.6299999952316284,0.16910000145435333
YLR190W,YPL208W,0,-3.0819097,0.27131783962249756,0.6299999952316284,0.16920000314712524
YDR469W,YKR042W,1,-3.081952,0.27163150906562805,0.6309999823570251,0.16920000314712524
YOR259C,YER116C,0,-3.082498,0.2715146243572235,0.6309999823570251,0.16930000483989716
YJR143C,YOR329C,0,-3.0828896,0.2713978588581085,0.6309999823570251,0.16940000653266907
YOR026W,YLR014C,0,-3.0830007,0.2712811827659607,0.6309999823570251,0.16949999332427979
YNL084C,YGR238C,0,-3.083723,0.27116459608078003,0.6309999823570251,0.1695999950170517
YLR116W,YBL025W,0,-3.0841393,0.27104809880256653,0.6309999823570251,0.1696999967098236
YOR354C,YGR005C,0,-3.084144,0.2709317207336426,0.6309999823570251,0.16979999840259552
YGL178W,YKR029C,1,-3.0851483,0.2712446451187134,0.6320000290870667,0.16979999840259552
YOR023C,YER051W,1,-3.0854464,0.2715572714805603,0.6330000162124634,0.16979999840259552
YLR335W,YDR310C,1,-3.0859694,0.27186962962150574,0.6340000033378601,0.16979999840259552
YDL143W,YJR031C,0,-3.0862489,0.27175310254096985,0.6340000033378601,0.16990000009536743
YGR134W,YOR266W,0,-3.0863686,0.2716366648674011,0.6340000033378601,0.17000000178813934
YDR457W,YNL093W,0,-3.0865903,0.27152034640312195,0.6340000033378601,0.17010000348091125
YDR176W,YNL186W,1,-3.0865917,0.2718321979045868,0.6349999904632568,0.17010000348091125
YDL099W,YLR234W,0,-3.08678,0.2717158794403076,0.6349999904632568,0.17020000517368317
YOL067C,YPR121W,0,-3.0868735,0.2715996503829956,0.6349999904632568,0.17030000686645508
YNL230C,YMR201C,0,-3.0869355,0.27148354053497314,0.6349999904632568,0.1703999936580658
YKL112W,YML069W,1,-3.0870357,0.2717948853969574,0.6359999775886536,0.1703999936580658
YCR038C,YDR281C,0,-3.0873919,0.27167877554893494,0.6359999775886536,0.1704999953508377
YDR096W,YLL002W,1,-3.0875654,0.27198976278305054,0.6370000243186951,0.1704999953508377
YPL259C,YLR318W,0,-3.0879226,0.2718736529350281,0.6370000243186951,0.17059999704360962
YJR001W,YIL147C,0,-3.0887752,0.27175769209861755,0.6370000243186951,0.17069999873638153
YJL115W,YIL131C,1,-3.0892472,0.27206823229789734,0.6380000114440918,0.17069999873638153
YEL030W,YJR077C,0,-3.0892568,0.2719522714614868,0.6380000114440918,0.17080000042915344
YGR227W,YDR165W,0,-3.0893545,0.27183640003204346,0.6380000114440918,0.17090000212192535
YFR014C,YBL088C,0,-3.0894542,0.27172061800956726,0.6380000114440918,0.17100000381469727
YLR045C,YDR057W,0,-3.0900235,0.2716049253940582,0.6380000114440918,0.17110000550746918
YMR025W,YHR154W,0,-3.0901952,0.27148935198783875,0.6380000114440918,0.1712000072002411
YPR198W,YMR095C,0,-3.0902767,0.2713738977909088,0.6380000114440918,0.1712999939918518
YGL178W,YCL061C,1,-3.0905285,0.2716836631298065,0.6389999985694885,0.1712999939918518
YBL097W,YIL073C,0,-3.090921,0.2715682089328766,0.6389999985694885,0.17139999568462372
YJR057W,YNR039C,0,-3.0914016,0.2714528441429138,0.6389999985694885,0.17149999737739563
YBR131W,YMR302C,0,-3.0916057,0.2713375687599182,0.6389999985694885,0.17159999907016754
YML104C,YDL185W,0,-3.0918741,0.27122241258621216,0.6389999985694885,0.17170000076293945
YOL012C,YDR359C,1,-3.0921483,0.2715316116809845,0.6399999856948853,0.17170000076293945
YLR260W,YDR183W,0,-3.092679,0.27141645550727844,0.6399999856948853,0.17180000245571136
YKL054C,YML052W,0,-3.09274,0.27130138874053955,0.6399999856948853,0.17190000414848328
YLR361C,YLR145W,0,-3.0927486,0.2711864411830902,0.6399999856948853,0.1720000058412552
YGL038C,YBR080C,0,-3.0928073,0.27107158303260803,0.6399999856948853,0.1720999926328659
YKL160W,YPR052C,1,-3.093701,0.2713801860809326,0.640999972820282,0.1720999926328659
YHL003C,YBL017C,0,-3.0938725,0.27126532793045044,0.640999972820282,0.17219999432563782
YOR074C,YHR176W,0,-3.0938835,0.2711505889892578,0.640999972820282,0.17229999601840973
YFL009W,YMR208W,0,-3.0940838,0.27103593945503235,0.640999972820282,0.17239999771118164
YDR182W,YJL186W,0,-3.0941153,0.27092137932777405,0.640999972820282,0.17249999940395355
YPR057W,YGL063W,0,-3.0944963,0.2708069384098053,0.640999972820282,0.17260000109672546
YPR008W,YML052W,0,-3.0950427,0.2706925570964813,0.640999972820282,0.17270000278949738
YGR225W,YPL046C,0,-3.0956178,0.2705782949924469,0.640999972820282,0.1728000044822693
YIL004C,YCL051W,0,-3.0965528,0.27046412229537964,0.640999972820282,0.1729000061750412
YPL156C,YML015C,0,-3.0966945,0.27035006880760193,0.640999972820282,0.17299999296665192
YGL142C,YKL028W,0,-3.0969863,0.270236074924469,0.640999972820282,0.17309999465942383
YLR195C,YGL070C,0,-3.0972724,0.2701222002506256,0.640999972820282,0.17319999635219574
YJR150C,YKL194C,0,-3.097464,0.2700084149837494,0.640999972820282,0.17329999804496765
YMR033W,YMR022W,1,-3.097817,0.2703157961368561,0.6420000195503235,0.17329999804496765
YFL041W,YGR206W,0,-3.0983038,0.27020201086997986,0.6420000195503235,0.17339999973773956
YDR276C,YGR241C,0,-3.0988684,0.2700883448123932,0.6420000195503235,0.17350000143051147
YNL094W,YEL030W,0,-3.0994172,0.2699747681617737,0.6420000195503235,0.1736000031232834
YFR014C,YBR196C,0,-3.0996666,0.26986128091812134,0.6420000195503235,0.1737000048160553
YOL038W,YLR139C,0,-3.0999365,0.26974791288375854,0.6420000195503235,0.1738000065088272
YDR423C,YEL002C,0,-3.1000767,0.2696346044540405,0.6420000195503235,0.17389999330043793
YOR136W,YPL206C,0,-3.100758,0.26952141523361206,0.6420000195503235,0.17399999499320984
YGL206C,YGR005C,0,-3.100933,0.26940831542015076,0.6420000195503235,0.17409999668598175
YJR121W,YML104C,0,-3.101182,0.2692953050136566,0.6420000195503235,0.17419999837875366
YMR213W,YMR054W,0,-3.1012626,0.26918238401412964,0.6420000195503235,0.17430000007152557
YML055W,YDR369C,0,-3.1015315,0.2690695822238922,0.6420000195503235,0.17440000176429749
YJL203W,YMR305C,0,-3.1021457,0.26895684003829956,0.6420000195503235,0.1745000034570694
YDR407C,YML028W,0,-3.1022663,0.26884421706199646,0.6420000195503235,0.1746000051498413
YDR227W,YDR073W,1,-3.1033769,0.2691502869129181,0.6430000066757202,0.1746000051498413
YNL271C,YBR272C,0,-3.1050568,0.269037663936615,0.6430000066757202,0.17470000684261322
YER075C,YLR145W,0,-3.105257,0.26892513036727905,0.6430000066757202,0.17479999363422394
YDR188W,YOL031C,0,-3.1061573,0.26881271600723267,0.6430000066757202,0.17489999532699585
YAL059W,YJL061W,0,-3.1061912,0.26870036125183105,0.6430000066757202,0.17499999701976776
YJR118C,YKL041W,0,-3.1063104,0.268588125705719,0.6430000066757202,0.17509999871253967
YLR098C,YBL005W,0,-3.1070275,0.2684759795665741,0.6430000066757202,0.17520000040531158
YDR440W,YOR213C,1,-3.1076422,0.26878130435943604,0.6439999938011169,0.17520000040531158
YMR058W,YOR373W,0,-3.1081896,0.26866915822029114,0.6439999938011169,0.1753000020980835
YKR036C,YBR192W,0,-3.1083207,0.2685571312904358,0.6439999938011169,0.1754000037908554
YMR032W,YER123W,0,-3.1089344,0.2684451937675476,0.6439999938011169,0.17550000548362732
YDR435C,YHR041C,0,-3.109468,0.2683333456516266,0.6439999938011169,0.17560000717639923
YJL031C,YDR311W,0,-3.109641,0.26822158694267273,0.6439999938011169,0.17569999396800995
YKR036C,YJL008C,0,-3.1096559,0.26810991764068604,0.6439999938011169,0.17579999566078186
YKL002W,YDR341C,0,-3.1097245,0.2679983377456665,0.6439999938011169,0.17589999735355377
YKL154W,YJL054W,0,-3.1097798,0.26788684725761414,0.6439999938011169,0.17599999904632568
YGL187C,YGR218W,0,-3.1103015,0.2677754759788513,0.6439999938011169,0.1761000007390976
YBR038W,YNL311C,0,-3.1105714,0.2676641643047333,0.6439999938011169,0.1762000024318695
YGR040W,YLR340W,0,-3.111651,0.2675529718399048,0.6439999938011169,0.17630000412464142
YPL235W,YER120W,1,-3.1120281,0.2678571343421936,0.6449999809265137,0.17630000412464142
YJL014W,YKL002W,0,-3.1136007,0.2677459418773651,0.6449999809265137,0.17640000581741333
YJR050W,YOR115C,0,-3.1143699,0.26763486862182617,0.6449999809265137,0.17649999260902405
YMR021C,YLR181C,0,-3.1149445,0.267523854970932,0.6449999809265137,0.17659999430179596
YOL121C,YOL102C,0,-3.1152968,0.267412930727005,0.6449999809265137,0.17669999599456787
YOR014W,YML088W,0,-3.116232,0.26730212569236755,0.6449999809265137,0.17679999768733978
YDL178W,YGR172C,0,-3.1164355,0.2671913802623749,0.6449999809265137,0.1768999993801117
YLR102C,YPL046C,0,-3.116651,0.26708075404167175,0.6449999809265137,0.1770000010728836
YGL253W,YOR098C,0,-3.1167583,0.2669701874256134,0.6449999809265137,0.17710000276565552
YLR013W,YIL007C,0,-3.116825,0.2668597400188446,0.6449999809265137,0.17720000445842743
YKL002W,YDR077W,0,-3.1176052,0.26674938201904297,0.6449999809265137,0.17730000615119934
YKR037C,YPL163C,0,-3.1178012,0.2666391134262085,0.6449999809265137,0.17739999294281006
YNL147W,YDR453C,0,-3.1180367,0.2665289342403412,0.6449999809265137,0.17749999463558197
YKL032C,YDL106C,0,-3.1181211,0.26641884446144104,0.6449999809265137,0.17759999632835388
YMR313C,YDL077C,0,-3.1187606,0.26630884408950806,0.6449999809265137,0.1776999980211258
YJL062W,YKL125W,0,-3.1187716,0.26619893312454224,0.6449999809265137,0.1777999997138977
YPR006C,YBL007C,0,-3.1194973,0.2660891115665436,0.6449999809265137,0.17790000140666962
YER089C,YLR264W,0,-3.1196308,0.2659793794155121,0.6449999809265137,0.17800000309944153
YHR083W,YGR172C,0,-3.1196713,0.26586973667144775,0.6449999809265137,0.17810000479221344
YNL232W,YLR378C,0,-3.1197405,0.2657601833343506,0.6449999809265137,0.17820000648498535
YGR104C,YDR443C,0,-3.1201959,0.26565074920654297,0.6449999809265137,0.17829999327659607
YCR071C,YHR181W,0,-3.1203647,0.2655413746833801,0.6449999809265137,0.17839999496936798
YFR050C,YDR429C,0,-3.1209526,0.26543208956718445,0.6449999809265137,0.1784999966621399
YML086C,YBR008C,0,-3.120995,0.2653229236602783,0.6449999809265137,0.1785999983549118
YBL002W,YML069W,1,-3.121292,0.265625,0.6460000276565552,0.1785999983549118
YNL053W,YJL093C,0,-3.1216207,0.26551583409309387,0.6460000276565552,0.17870000004768372
YAL003W,YPR182W,0,-3.1216998,0.2654067277908325,0.6460000276565552,0.17880000174045563
YDL098C,YNL222W,0,-3.122415,0.2652977406978607,0.6460000276565552,0.17890000343322754
YBR215W,YPL047W,1,-3.1226597,0.2655993402004242,0.6470000147819519,0.17890000343322754
YNL219C,YJL179W,0,-3.1235013,0.2654903531074524,0.6470000147819519,0.17900000512599945
YDR263C,YPR075C,0,-3.1240044,0.26538145542144775,0.6470000147819519,0.17910000681877136
YDR138W,YOR266W,0,-3.1240888,0.2652726471424103,0.6470000147819519,0.17919999361038208
YEL015W,YKL129C,0,-3.1242943,0.26516392827033997,0.6470000147819519,0.179299995303154
YGR193C,YBR049C,0,-3.1250863,0.2650552988052368,0.6470000147819519,0.1793999969959259
YDR009W,YNL328C,0,-3.1251397,0.26494675874710083,0.6470000147819519,0.17949999868869781
YEL009C,YKL079W,0,-3.125224,0.264838308095932,0.6470000147819519,0.17960000038146973
YEL018W,YDR156W,0,-3.1257792,0.26472994685173035,0.6470000147819519,0.17970000207424164
YJR135C,YLR452C,0,-3.1257915,0.26462167501449585,0.6470000147819519,0.17980000376701355
YOR178C,YKR059W,0,-3.1263523,0.2645134925842285,0.6470000147819519,0.17990000545978546
YOL043C,YDR473C,0,-3.1264405,0.26440539956092834,0.6470000147819519,0.18000000715255737
YER027C,YNL292W,0,-3.1265807,0.26429739594459534,0.6470000147819519,0.1800999939441681
YER155C,YMR186W,0,-3.1268,0.2641894519329071,0.6470000147819519,0.18019999563694
YDR283C,YIR037W,0,-3.1275349,0.2640816271305084,0.6470000147819519,0.18029999732971191
YOR080W,YOR243C,0,-3.1276922,0.2639738917350769,0.6470000147819519,0.18039999902248383
YPR042C,YLR193C,0,-3.1283345,0.26386624574661255,0.6470000147819519,0.18050000071525574
YDL093W,YJL001W,0,-3.128376,0.26375865936279297,0.6470000147819519,0.18060000240802765
YDL020C,YIL173W,0,-3.1287417,0.26365119218826294,0.6470000147819519,0.18070000410079956
YNL282W,YFR029W,0,-3.1296945,0.2635437846183777,0.6470000147819519,0.18080000579357147
YFL013C,YOR064C,1,-3.1304655,0.2638436555862427,0.6480000019073486,0.18080000579357147
YNL041C,YJL029C,0,-3.1306605,0.2637362778186798,0.6480000019073486,0.1808999925851822
YMR162C,YJL030W,0,-3.1313252,0.2636289596557617,0.6480000019073486,0.1809999942779541
YNL142W,YHR154W,0,-3.1315846,0.2635217607021332,0.6480000019073486,0.181099995970726
YCL014W,YNL312W,0,-3.1318426,0.2634146213531494,0.6480000019073486,0.18119999766349792
YDR054C,YER012W,0,-3.1320944,0.2633076012134552,0.6480000019073486,0.18129999935626984
YGL130W,YPL021W,0,-3.1322508,0.26320064067840576,0.6480000019073486,0.18140000104904175
YPL061W,YLR148W,0,-3.1330433,0.2630937993526459,0.6480000019073486,0.18150000274181366
YPR199C,YKL080W,0,-3.1334233,0.26298701763153076,0.6480000019073486,0.18160000443458557
YKL017C,YJR139C,0,-3.1341128,0.2628803253173828,0.6480000019073486,0.18170000612735748
YJL098W,YGL212W,0,-3.1342487,0.262773722410202,0.6480000019073486,0.1817999929189682
YIL009W,YMR125W,0,-3.134622,0.2626672089099884,0.6480000019073486,0.1818999946117401
YMR283C,YER008C,0,-3.134798,0.26256078481674194,0.6480000019073486,0.18199999630451202
YMR234W,YNL131W,0,-3.1353688,0.26245442032814026,0.6480000019073486,0.18209999799728394
YDR483W,YGL143C,0,-3.1357622,0.2623481750488281,0.6480000019073486,0.18219999969005585
YLR011W,YBL056W,0,-3.1358156,0.26224201917648315,0.6480000019073486,0.18230000138282776
YPR094W,YDR320C,0,-3.1367087,0.26213592290878296,0.6480000019073486,0.18240000307559967
YDL143W,YAL015C,0,-3.1367412,0.2620299160480499,0.6480000019073486,0.18250000476837158
YJR094C,YNL149C,0,-3.1367674,0.26192399859428406,0.6480000019073486,0.1826000064611435
YAL031C,YIL076W,0,-3.137898,0.26181817054748535,0.6480000019073486,0.1826999932527542
YKL017C,YGL070C,0,-3.1381617,0.2617124319076538,0.6480000019073486,0.18279999494552612
YLR078C,YEL069C,0,-3.138195,0.26160678267478943,0.6480000019073486,0.18289999663829803
YJL019W,YDL138W,0,-3.1382594,0.2615012228488922,0.6480000019073486,0.18299999833106995
YHR091C,YLL013C,0,-3.138359,0.26139572262763977,0.6480000019073486,0.18310000002384186
YLR382C,YDR472W,0,-3.138628,0.2612903118133545,0.6480000019073486,0.18320000171661377
YJR135C,YPR155C,0,-3.1387744,0.26118502020835876,0.6480000019073486,0.18330000340938568
YLR310C,YDR189W,0,-3.13968,0.2610797882080078,0.6480000019073486,0.1834000051021576
YJL134W,YIR009W,0,-3.1402774,0.26097461581230164,0.6480000019073486,0.1835000067949295
YFL022C,YDL013W,0,-3.1404066,0.260869562625885,0.6480000019073486,0.18359999358654022
YBR196C,YGR047C,0,-3.1405635,0.26076459884643555,0.6480000019073486,0.18369999527931213
YBR065C,YDR369C,0,-3.1407857,0.26065969467163086,0.6480000019073486,0.18379999697208405
YHL020C,YOR043W,0,-3.1408262,0.26055487990379333,0.6480000019073486,0.18389999866485596
YMR068W,YMR283C,0,-3.1411486,0.260450154542923,0.6480000019073486,0.18400000035762787
YDR123C,YPL239W,0,-3.1413536,0.2603455185890198,0.6480000019073486,0.18410000205039978
YMR285C,YHL028W,0,-3.1422153,0.26024097204208374,0.6480000019073486,0.1842000037431717
YEL009C,YBR097W,0,-3.1426945,0.2601364850997925,0.6480000019073486,0.1843000054359436
YDL192W,YER018C,0,-3.1427708,0.26003211736679077,0.6480000019073486,0.18440000712871552
YPR023C,YFL024C,1,-3.1433148,0.26032891869544983,0.6489999890327454,0.18440000712871552
YPR111W,YOL001W,0,-3.1433825,0.2602245509624481,0.6489999890327454,0.18449999392032623
YNL163C,YNR048W,0,-3.143784,0.2601202428340912,0.6489999890327454,0.18459999561309814
YNL297C,YDR076W,0,-3.1442132,0.2600160241127014,0.6489999890327454,0.18469999730587006
YGL112C,YDR359C,1,-3.1443233,0.26031237840652466,0.6499999761581421,0.18469999730587006
YGR120C,YPR007C,0,-3.1445765,0.2602081596851349,0.6499999761581421,0.18479999899864197
YPR179C,YFL013C,1,-3.145184,0.26050421595573425,0.6510000228881836,0.18479999899864197
YLR052W,YDL236W,1,-3.1459303,0.26080000400543213,0.6520000100135803,0.18479999899864197
YER173W,YHR181W,0,-3.1467614,0.2606957256793976,0.6520000100135803,0.18490000069141388
YNL201C,YBR061C,0,-3.1468406,0.2605915367603302,0.6520000100135803,0.1850000023841858
YKL220C,YNL071W,0,-3.146944,0.2604874074459076,0.6520000100135803,0.1851000040769577
YOL165C,YOR157C,0,-3.1472669,0.26038339734077454,0.6520000100135803,0.18520000576972961
YBR135W,YLR362W,0,-3.1476288,0.26027944684028625,0.6520000100135803,0.18529999256134033
YMR287C,YJL186W,0,-3.148188,0.26017558574676514,0.6520000100135803,0.18539999425411224
YDL143W,YOL003C,0,-3.1482859,0.2600717842578888,0.6520000100135803,0.18549999594688416
YER167W,YPL085W,0,-3.148716,0.259968101978302,0.6520000100135803,0.18559999763965607
YMR276W,YDR217C,0,-3.14887,0.25986447930336,0.6520000100135803,0.18569999933242798
YNL103W,YOR160W,0,-3.1488752,0.25976094603538513,0.6520000100135803,0.1858000010251999
YFR046C,YLR260W,0,-3.148973,0.25965750217437744,0.6520000100135803,0.1859000027179718
YHR079C,YLR369W,0,-3.1493483,0.2595541477203369,0.6520000100135803,0.1860000044107437
YIL009C-A,YMR143W,0,-3.1494522,0.25945085287094116,0.6520000100135803,0.18610000610351562
YMR048W,YJL029C,0,-3.1496344,0.2593476474285126,0.6520000100135803,0.18619999289512634
YBL005W,YMR218C,0,-3.1501122,0.25924453139305115,0.6520000100135803,0.18629999458789825
YLR059C,YPR133C,0,-3.150827,0.2591415047645569,0.6520000100135803,0.18639999628067017
YGL122C,YNL253W,0,-3.1510215,0.2590385377407074,0.6520000100135803,0.18649999797344208
YPL086C,YKL045W,0,-3.1520867,0.2589356601238251,0.6520000100135803,0.186599999666214
YAR033W,YBL005W,0,-3.1521788,0.2588328719139099,0.6520000100135803,0.1867000013589859
YNL128W,YDL077C,0,-3.1521826,0.2587301731109619,0.6520000100135803,0.1868000030517578
YBR274W,YAL023C,0,-3.1521835,0.2586275339126587,0.6520000100135803,0.18690000474452972
YAL021C,YNL292W,0,-3.152278,0.25852498412132263,0.6520000100135803,0.18700000643730164
YML081C-A,YML058W,0,-3.1529598,0.25842252373695374,0.6520000100135803,0.18709999322891235
YGR188C,YJL166W,0,-3.1531382,0.2583201229572296,0.6520000100135803,0.18719999492168427
YBR102C,YJL063C,0,-3.1533432,0.25821781158447266,0.6520000100135803,0.18729999661445618
YOR274W,YJL140W,0,-3.153387,0.25811558961868286,0.6520000100135803,0.1873999983072281
YDR181C,YMR236W,1,-3.1533957,0.25840917229652405,0.652999997138977,0.1873999983072281
YER162C,YNL222W,0,-3.1538177,0.25830695033073425,0.652999997138977,0.1875
YDR264C,YLR163C,0,-3.1541376,0.2582048177719116,0.652999997138977,0.1876000016927719
YOR032C,YGR099W,0,-3.1544333,0.25810277462005615,0.652999997138977,0.18770000338554382
YNL118C,YFR030W,0,-3.154533,0.25800079107284546,0.652999997138977,0.18780000507831573
YBR211C,YDL047W,0,-3.1547093,0.25789889693260193,0.652999997138977,0.18790000677108765
YJL095W,YFL029C,0,-3.155089,0.25779709219932556,0.652999997138977,0.18799999356269836
YMR213W,YPR006C,0,-3.1553512,0.25769534707069397,0.652999997138977,0.18809999525547028
YBR036C,YJL134W,0,-3.1553855,0.25759369134902954,0.652999997138977,0.1881999969482422
YOL147C,YLR105C,0,-3.1554255,0.2574921250343323,0.652999997138977,0.1882999986410141
YMR219W,YFL049W,1,-3.155652,0.25778478384017944,0.6539999842643738,0.1882999986410141
YNR060W,YDR508C,0,-3.155685,0.2576832175254822,0.6539999842643738,0.188400000333786
YBR131W,YML061C,0,-3.155714,0.2575817108154297,0.6539999842643738,0.18850000202655792
YMR198W,YIL073C,0,-3.1558628,0.25748032331466675,0.6539999842643738,0.18860000371932983
YOL089C,YOL147C,0,-3.1561213,0.2573789954185486,0.6539999842643738,0.18870000541210175
YPL050C,YBR022W,0,-3.1562595,0.2572777271270752,0.6539999842643738,0.18880000710487366
YLR098C,YDR043C,0,-3.1564264,0.25717654824256897,0.6539999842643738,0.18889999389648438
YDR386W,YDL085W,0,-3.156517,0.2570754587650299,0.6539999842643738,0.1889999955892563
YJR077C,YDR404C,0,-3.157496,0.256974458694458,0.6539999842643738,0.1890999972820282
YGR075C,YDR246W,0,-3.1576118,0.2568735182285309,0.6539999842643738,0.1891999989748001
YGR200C,YER123W,0,-3.157898,0.2567726671695709,0.6539999842643738,0.18930000066757202
YIL112W,YBR089C-A,1,-3.1579514,0.2570643723011017,0.6549999713897705,0.18930000066757202
YGR120C,YDR130C,0,-3.1579676,0.2569635212421417,0.6549999713897705,0.18940000236034393
YGL054C,YML011C,0,-3.1584725,0.2568627595901489,0.6549999713897705,0.18950000405311584
YPL100W,YLR433C,0,-3.1590261,0.2567620575428009,0.6549999713897705,0.18960000574588776
YNL231C,YBL105C,0,-3.159226,0.25666144490242004,0.6549999713897705,0.18970000743865967
YBL019W,YHR205W,0,-3.1600165,0.25656092166900635,0.6549999713897705,0.18979999423027039
YDR118W,YNL070W,0,-3.16043,0.2564604580402374,0.6549999713897705,0.1898999959230423
YFL009W,YER031C,0,-3.1604376,0.25636008381843567,0.6549999713897705,0.1899999976158142
YGL043W,YCR035C,0,-3.160626,0.2562597692012787,0.6549999713897705,0.19009999930858612
YLL003W,YPL057C,0,-3.161191,0.25615957379341125,0.6549999713897705,0.19020000100135803
YOR036W,YIL076W,0,-3.1613073,0.2560594081878662,0.6549999713897705,0.19030000269412994
YOL121C,YHR031C,0,-3.1617103,0.2559593617916107,0.6549999713897705,0.19040000438690186
YLR013W,YMR026C,0,-3.1617603,0.255859375,0.6549999713897705,0.19050000607967377
YMR172W,YIL138C,0,-3.1620164,0.25575947761535645,0.6549999713897705,0.19059999287128448
YOR025W,YDR176W,1,-3.1621695,0.2560499608516693,0.656000018119812,0.19059999287128448
YCR037C,YBL058W,0,-3.1625214,0.25595006346702576,0.656000018119812,0.1906999945640564
YJL013C,YMR088C,0,-3.1627312,0.255850225687027,0.656000018119812,0.1907999962568283
YBR243C,YHR039C-A,0,-3.1627975,0.25575047731399536,0.656000018119812,0.19089999794960022
YBR038W,YKR059W,0,-3.1629152,0.2556508183479309,0.656000018119812,0.19099999964237213
YLL042C,YLR314C,0,-3.1629157,0.25555121898651123,0.656000018119812,0.19110000133514404
YPR023C,YOR038C,1,-3.1634712,0.25584113597869873,0.6570000052452087,0.19110000133514404
YJL065C,YDR096W,1,-3.1635656,0.25613078474998474,0.6579999923706055,0.19110000133514404
YNL073W,YGR257C,0,-3.1642423,0.2560311257839203,0.6579999923706055,0.19120000302791595
YJL186W,YDR288W,0,-3.164926,0.255931556224823,0.6579999923706055,0.19130000472068787
YKL197C,YPL019C,0,-3.1649828,0.2558320462703705,0.6579999923706055,0.19140000641345978
YDL013W,YDR325W,0,-3.1650453,0.25573259592056274,0.6579999923706055,0.1914999932050705
YMR163C,YDL064W,0,-3.1656451,0.25563326478004456,0.6579999923706055,0.1915999948978424
YFL021W,YNL131W,0,-3.1657925,0.25553399324417114,0.6579999923706055,0.19169999659061432
YER155C,YNL139C,0,-3.166552,0.2554347813129425,0.6579999923706055,0.19179999828338623
YPL059W,YML052W,0,-3.1667867,0.25533565878868103,0.6579999923706055,0.19189999997615814
YPL069C,YJR132W,0,-3.1672297,0.2552366256713867,0.6579999923706055,0.19200000166893005
YDR036C,YLR459W,0,-3.1676307,0.2551376521587372,0.6579999923706055,0.19210000336170197
YBR073W,YBR061C,0,-3.167696,0.2550387680530548,0.6579999923706055,0.19220000505447388
YDR378C,YDL047W,0,-3.1679869,0.2549399435520172,0.6579999923706055,0.1923000067472458
YGR005C,YER123W,0,-3.168521,0.2548412084579468,0.6579999923706055,0.1923999935388565
YMR186W,YHR014W,0,-3.1687307,0.2547425329685211,0.6579999923706055,0.19249999523162842
YNL118C,YIL073C,0,-3.1688585,0.254643976688385,0.6579999923706055,0.19259999692440033
YNL129W,YDR088C,0,-3.169063,0.2545454502105713,0.6579999923706055,0.19269999861717224
YGL222C,YML107C,0,-3.1699634,0.25444701313972473,0.6579999923706055,0.19280000030994415
YMR023C,YBR168W,0,-3.170073,0.25434866547584534,0.6579999923706055,0.19290000200271606
YPL270W,YNL290W,0,-3.1710148,0.2542503774166107,0.6579999923706055,0.19300000369548798
YBR129C,YDR463W,0,-3.171884,0.25415217876434326,0.6579999923706055,0.1931000053882599
YGL168W,YIL085C,0,-3.1719294,0.2540540397167206,0.6579999923706055,0.1932000070810318
YPR019W,YGR072W,0,-3.1721416,0.25395599007606506,0.6579999923706055,0.19329999387264252
YGL068W,YER021W,0,-3.1723866,0.2538580298423767,0.6579999923706055,0.19339999556541443
YPR067W,YJR144W,0,-3.1724977,0.25376012921333313,0.6579999923706055,0.19349999725818634
YOR180C,YMR277W,0,-3.1726956,0.2536622881889343,0.6579999923706055,0.19359999895095825
YHR186C,YNL128W,0,-3.1727571,0.2535645365715027,0.6579999923706055,0.19370000064373016
YCR020C-A,YLR467W,0,-3.172935,0.2534668743610382,0.6579999923706055,0.19380000233650208
YPL132W,YHR165C,0,-3.1731634,0.2533692717552185,0.6579999923706055,0.193900004029274
YGL112C,YMR106C,1,-3.173666,0.25365665555000305,0.6589999794960022,0.193900004029274
YDR054C,YOR098C,0,-3.174014,0.25355905294418335,0.6589999794960022,0.1940000057220459
YOL008W,YPR067W,0,-3.17457,0.2534615397453308,0.6589999794960022,0.1941000074148178
YOL090W,YLR272C,1,-3.174687,0.2537485659122467,0.6600000262260437,0.1941000074148178
YMR313C,YDR472W,0,-3.1752563,0.2536510229110718,0.6600000262260437,0.19419999420642853
YIL070C,YDR279W,0,-3.1753635,0.2535535991191864,0.6600000262260437,0.19429999589920044
YOR040W,YGL151W,0,-3.1753702,0.2534562349319458,0.6600000262260437,0.19439999759197235
YGR109C,YOR127W,0,-3.1760373,0.25335893034935,0.6600000262260437,0.19449999928474426
YBR036C,YCL031C,0,-3.1762342,0.2532617151737213,0.6600000262260437,0.19460000097751617
YDR162C,YNL299W,0,-3.176309,0.2531645596027374,0.6600000262260437,0.19470000267028809
YFR029W,YNL012W,0,-3.1763253,0.2530674934387207,0.6600000262260437,0.19480000436306
YFL029C,YDL145C,0,-3.1766024,0.25297048687934875,0.6600000262260437,0.1949000060558319
YEL065W,YJL035C,0,-3.177226,0.25287356972694397,0.6600000262260437,0.19499999284744263
YBR244W,YGL094C,0,-3.1781898,0.25277671217918396,0.6600000262260437,0.19509999454021454
YCR020C,YGR112W,0,-3.1786327,0.2526799440383911,0.6600000262260437,0.19519999623298645
YNL271C,YKR053C,0,-3.179019,0.25258323550224304,0.6600000262260437,0.19529999792575836
YJR043C,YGR221C,0,-3.1795797,0.25248661637306213,0.6600000262260437,0.19539999961853027
YER133W,YNL021W,1,-3.1796618,0.2527724802494049,0.6610000133514404,0.19539999961853027
YLR210W,YMR292W,0,-3.1800456,0.2526758313179016,0.6610000133514404,0.19550000131130219
YKR063C,YER009W,0,-3.1808887,0.25257930159568787,0.6610000133514404,0.1956000030040741
YOR232W,YOR330C,0,-3.181375,0.2524828016757965,0.6610000133514404,0.195700004696846
YFL039C,YDL002C,1,-3.1815777,0.25276821851730347,0.6620000004768372,0.195700004696846
YBR274W,YOR087W,0,-3.181613,0.2526717483997345,0.6620000004768372,0.19580000638961792
YGL075C,YBR097W,0,-3.1816425,0.2525753676891327,0.6620000004768372,0.19589999318122864
YGL013C,YMR270C,0,-3.1816444,0.25247901678085327,0.6620000004768372,0.19599999487400055
YPR179C,YNL186W,1,-3.1818628,0.2527640163898468,0.6629999876022339,0.19599999487400055
YJL024C,YIL173W,0,-3.18187,0.25266769528388977,0.6629999876022339,0.19609999656677246
YFL009W,YKL190W,0,-3.1824865,0.2525714337825775,0.6629999876022339,0.19619999825954437
YLR106C,YDR393W,0,-3.1825252,0.2524752616882324,0.6629999876022339,0.19629999995231628
YDR392W,YHR099W,1,-3.182745,0.25275981426239014,0.6639999747276306,0.19629999995231628
YJR019C,YDR092W,0,-3.183261,0.25266361236572266,0.6639999747276306,0.1964000016450882
YPL153C,YLR208W,0,-3.183484,0.2525675296783447,0.6639999747276306,0.1965000033378601
YJL008C,YOR036W,0,-3.1835485,0.2524714767932892,0.6639999747276306,0.19660000503063202
YBR089C-A,YFR037C,1,-3.1836424,0.25275561213493347,0.6650000214576721,0.19660000503063202
YLR085C,YPL235W,1,-3.1841273,0.25303950905799866,0.6660000085830688,0.19660000503063202
YNL153C,YGR007W,0,-3.1843705,0.25294339656829834,0.6660000085830688,0.19670000672340393
YLL008W,YJL156C,0,-3.1844573,0.2528473734855652,0.6660000085830688,0.19679999351501465
YOL033W,YBR253W,0,-3.1845827,0.2527514100074768,0.6660000085830688,0.19689999520778656
YOR069W,YIL039W,0,-3.1847363,0.2526555359363556,0.6660000085830688,0.19699999690055847
YDR009W,YPR008W,0,-3.184888,0.25255972146987915,0.6660000085830688,0.19709999859333038
YOR381W,YDL095W,0,-3.1850004,0.2524639964103699,0.6660000085830688,0.1972000002861023
YLR131C,YLR208W,0,-3.1853623,0.25236833095550537,0.6660000085830688,0.1973000019788742
YHL003C,YDR079W,0,-3.1857018,0.25227272510528564,0.6660000085830688,0.19740000367164612
YPL228W,YPR054W,0,-3.186514,0.2521772086620331,0.6660000085830688,0.19750000536441803
YLR453C,YMR067C,0,-3.186582,0.2520817518234253,0.6660000085830688,0.19760000705718994
YGL222C,YBL017C,0,-3.1868863,0.25198638439178467,0.6660000085830688,0.19769999384880066
YPR188C,YJL204C,0,-3.1870732,0.2518910765647888,0.6660000085830688,0.19779999554157257
YOL023W,YLR139C,0,-3.1873474,0.25179582834243774,0.6660000085830688,0.19789999723434448
YIL065C,YMR023C,0,-3.1881185,0.25170066952705383,0.6660000085830688,0.1979999989271164
YMR287C,YJL035C,0,-3.1887436,0.2516056001186371,0.6660000085830688,0.1981000006198883
YMR065W,YJL203W,0,-3.1890564,0.2515105605125427,0.6660000085830688,0.19820000231266022
YER008C,YLR025W,0,-3.189567,0.2514156401157379,0.6660000085830688,0.19830000400543213
YKR003W,YAL032C,0,-3.189619,0.2513207495212555,0.6660000085830688,0.19840000569820404
YBL005W,YER117W,0,-3.1900153,0.25122594833374023,0.6660000085830688,0.19850000739097595
YDR254W,YDR288W,0,-3.1907234,0.25113123655319214,0.6660000085830688,0.19859999418258667
YLR318W,YOR229W,0,-3.1915245,0.25103655457496643,0.6660000085830688,0.19869999587535858
YDR507C,YKR022C,0,-3.192398,0.2509419620037079,0.6660000085830688,0.1987999975681305
YOL033W,YPL020C,0,-3.1924868,0.2508474588394165,0.6660000085830688,0.1988999992609024
YCR048W,YNL290W,0,-3.1925373,0.2507530152797699,0.6660000085830688,0.19900000095367432
YLR335W,YJL080C,1,-3.1927233,0.25103500485420227,0.6669999957084656,0.19900000095367432
YOR250C,YHR120W,0,-3.1940365,0.25094056129455566,0.6669999957084656,0.19910000264644623
YMR267W,YBR153W,0,-3.1941857,0.25084617733955383,0.6669999957084656,0.19920000433921814
YGR180C,YGR099W,0,-3.1942744,0.25075188279151917,0.6669999957084656,0.19930000603199005
YDR301W,YKR054C,0,-3.1944575,0.2506576478481293,0.6669999957084656,0.19939999282360077
YGL017W,YER178W,0,-3.194581,0.25056347250938416,0.6669999957084656,0.19949999451637268
YOL146W,YKL058W,0,-3.194611,0.2504693865776062,0.6669999957084656,0.1995999962091446
YMR113W,YER116C,0,-3.1947975,0.2503753900527954,0.6669999957084656,0.1996999979019165
YBR170C,YOL094C,0,-3.1950188,0.250281423330307,0.6669999957084656,0.19979999959468842
YNL199C,YKL006C-A,0,-3.1950421,0.25018754601478577,0.6669999957084656,0.19990000128746033
YLR380W,YMR067C,0,-3.1952434,0.2500937283039093,0.6669999957084656,0.20000000298023224
YNL291C,YDL065C,0,-3.1953025,0.25,0.6669999957084656,0.20010000467300415
YIL114C,YHR165C,0,-3.195809,0.24990633130073547,0.6669999957084656,0.20020000636577606
YPL124W,YDL235C,0,-3.1965203,0.24981273710727692,0.6669999957084656,0.20029999315738678
YML069W,YDR073W,1,-3.1973095,0.25009360909461975,0.6679999828338623,0.20029999315738678
YLR368W,YER129W,0,-3.1974683,0.25,0.6679999828338623,0.2003999948501587
YCR002C,YKL064W,0,-3.1985736,0.24990646541118622,0.6679999828338623,0.2004999965429306
YLR433C,YOR144C,0,-3.1986856,0.2498130202293396,0.6679999828338623,0.20059999823570251
YPR103W,YER129W,0,-3.1986928,0.24971961975097656,0.6679999828338623,0.20069999992847443
YKL022C,YPL020C,0,-3.198698,0.2496263086795807,0.6679999828338623,0.20080000162124634
YLR382C,YOR216C,0,-3.1988578,0.2495330572128296,0.6679999828338623,0.20090000331401825
YOR067C,YNL209W,0,-3.1989198,0.24943988025188446,0.6679999828338623,0.20100000500679016
YOL026C,YJL191W,0,-3.1991138,0.2493467777967453,0.6679999828338623,0.20110000669956207
YNL201C,YDR160W,0,-3.2000957,0.24925373494625092,0.6679999828338623,0.2011999934911728
YLR295C,YMR240C,0,-3.2003975,0.2491607666015625,0.6679999828338623,0.2012999951839447
YDR138W,YCR035C,0,-3.2004085,0.24906785786151886,0.6679999828338623,0.2013999968767166
YPR023C,YNL031C,1,-3.2004151,0.2493477463722229,0.6690000295639038,0.2013999968767166
YIL010W,YDR386W,0,-3.20146,0.24925483763217926,0.6690000295639038,0.20149999856948853
YOL012C,YGL014W,1,-3.2021723,0.2495344579219818,0.6700000166893005,0.20149999856948853
YBR087W,YNL049C,0,-3.2024093,0.24944154918193817,0.6700000166893005,0.20160000026226044
YPL177C,YCL004W,0,-3.202826,0.2493487149477005,0.6700000166893005,0.20170000195503235
YJL030W,YOR085W,0,-3.2029252,0.2492559552192688,0.6700000166893005,0.20180000364780426
YAR014C,YOR060C,0,-3.2032452,0.24916325509548187,0.6700000166893005,0.20190000534057617
YOL078W,YDR156W,0,-3.2038937,0.24907062947750092,0.6700000166893005,0.20200000703334808
YMR021C,YKL025C,0,-3.204092,0.24897807836532593,0.6700000166893005,0.2020999938249588
YOL135C,YLR430W,0,-3.2051196,0.24888558685779572,0.6700000166893005,0.2021999955177307
YDR045C,YGL243W,0,-3.2056456,0.24879316985607147,0.6700000166893005,0.20229999721050262
YOL156W,YDR529C,0,-3.2056594,0.248700812458992,0.6700000166893005,0.20239999890327454
YDR432W,YOR127W,0,-3.2060843,0.2486085295677185,0.6700000166893005,0.20250000059604645
YPL153C,YCR018C,0,-3.2063327,0.24851632118225098,0.6700000166893005,0.20260000228881836
YBR102C,YGR005C,0,-3.2065372,0.24842417240142822,0.6700000166893005,0.20270000398159027
YEL036C,YEL031W,0,-3.2066607,0.24833209812641144,0.6700000166893005,0.20280000567436218
YDR245W,YLR032W,0,-3.20676,0.24824008345603943,0.6700000166893005,0.2029000073671341
YJL112W,YNL291C,0,-3.2068853,0.2481481432914734,0.6700000166893005,0.2029999941587448
YLR320W,YMR267W,0,-3.20752,0.24805627763271332,0.6700000166893005,0.20309999585151672
YLL013C,YLR249W,0,-3.2075825,0.24796447157859802,0.6700000166893005,0.20319999754428864
YNL054W,YDR369C,0,-3.2077193,0.2478727400302887,0.6700000166893005,0.20329999923706055
YKR068C,YNL317W,0,-3.208115,0.24778106808662415,0.6700000166893005,0.20340000092983246
YER168C,YOL089C,0,-3.2086258,0.24768947064876556,0.6700000166893005,0.20350000262260437
YNL118C,YMR032W,0,-3.209064,0.24759793281555176,0.6700000166893005,0.20360000431537628
YBR288C,YDR404C,0,-3.2092838,0.24750646948814392,0.6700000166893005,0.2037000060081482
YLL038C,YNR047W,0,-3.20997,0.24741506576538086,0.6700000166893005,0.2037999927997589
YDR440W,YCR033W,1,-3.2103367,0.24769288301467896,0.6710000038146973,0.2037999927997589
YGR221C,YDL015C,0,-3.2105513,0.2476014792919159,0.6710000038146973,0.20389999449253082
YER173W,YDR320C,0,-3.2108107,0.2475101500749588,0.6710000038146973,0.20399999618530273
YMR240C,YLR047C,0,-3.2121024,0.24741888046264648,0.6710000038146973,0.20409999787807465
YIL009C-A,YOR188W,0,-3.2122827,0.24732768535614014,0.6710000038146973,0.20419999957084656
YOR026W,YOL109W,0,-3.212287,0.24723654985427856,0.6710000038146973,0.20430000126361847
YLR354C,YDR322C-A,0,-3.2124853,0.24714548885822296,0.6710000038146973,0.20440000295639038
YGL222C,YGR057C,0,-3.2138638,0.24705448746681213,0.6710000038146973,0.2045000046491623
YDR150W,YDR023W,0,-3.2139902,0.24696356058120728,0.6710000038146973,0.2046000063419342
YIL010W,YDR483W,0,-3.2140937,0.2468726933002472,0.6710000038146973,0.20469999313354492
YMR316W,YLR405W,0,-3.2141862,0.24678190052509308,0.6710000038146973,0.20479999482631683
YLR226W,YBR223C,0,-3.2151427,0.24669118225574493,0.6710000038146973,0.20489999651908875
YLR067C,YLR410W,0,-3.2160854,0.24660050868988037,0.6710000038146973,0.20499999821186066
YPL267W,YJR105W,0,-3.216815,0.24650992453098297,0.6710000038146973,0.20509999990463257
YKR048C,YOL006C,1,-3.2168756,0.24678663909435272,0.671999990940094,0.20509999990463257
YOR144C,YDR130C,0,-3.2169151,0.24669604003429413,0.671999990940094,0.20520000159740448
YPL084W,YJL052W,0,-3.21742,0.2466055005788803,0.671999990940094,0.2053000032901764
YGR104C,YHL009C,0,-3.2179885,0.24651503562927246,0.671999990940094,0.2054000049829483
YJR043C,YLR360W,0,-3.2184567,0.24642464518547058,0.671999990940094,0.20550000667572021
YMR202W,YPR009W,0,-3.2190137,0.24633431434631348,0.671999990940094,0.20559999346733093
YFR052W,YDR470C,0,-3.2192774,0.24624404311180115,0.671999990940094,0.20569999516010284
YBR043C,YIL061C,0,-3.2201915,0.2461538463830948,0.671999990940094,0.20579999685287476
YBL025W,YMR260C,0,-3.2210093,0.2460637092590332,0.671999990940094,0.20589999854564667
YGR216C,YOR216C,0,-3.2210488,0.2459736466407776,0.671999990940094,0.20600000023841858
YNR016C,YER017C,0,-3.2218041,0.24588364362716675,0.671999990940094,0.2061000019311905
YHR015W,YMR013C,0,-3.2221022,0.24579371511936188,0.671999990940094,0.2062000036239624
YBR278W,YPL047W,1,-3.2227116,0.24606947600841522,0.6729999780654907,0.2062000036239624
YNL148C,YOR363C,0,-3.2233238,0.24597953259944916,0.6729999780654907,0.20630000531673431
YJL207C,YJL054W,0,-3.223742,0.24588966369628906,0.6729999780654907,0.20640000700950623
YCL025C,YGR075C,0,-3.2244143,0.24579985439777374,0.6729999780654907,0.20649999380111694
YHR081W,YHR023W,0,-3.2245512,0.2457101196050644,0.6729999780654907,0.20659999549388885
YNL020C,YLR248W,0,-3.2248611,0.24562044441699982,0.6729999780654907,0.20669999718666077
YOR174W,YOR332W,0,-3.225131,0.24553082883358002,0.6729999780654907,0.20679999887943268
YHR160C,YLR262C,0,-3.2251997,0.2454412877559662,0.6729999780654907,0.2069000005722046
YKL146W,YGL251C,0,-3.2252135,0.24535180628299713,0.6729999780654907,0.2070000022649765
YER173W,YDR030C,0,-3.2257686,0.24526238441467285,0.6729999780654907,0.2071000039577484
YGL253W,YML103C,0,-3.2260876,0.24517303705215454,0.6729999780654907,0.20720000565052032
YDR191W,YER169W,1,-3.2262564,0.24544791877269745,0.6740000247955322,0.20720000565052032
YHR039C-A,YML001W,0,-3.2270513,0.24535857141017914,0.6740000247955322,0.20730000734329224
YPR029C,YDR135C,0,-3.227117,0.2452692836523056,0.6740000247955322,0.20739999413490295
YFL029C,YDL059C,0,-3.227127,0.24518007040023804,0.6740000247955322,0.20749999582767487
YDR507C,YGR129W,0,-3.227922,0.24509090185165405,0.6740000247955322,0.20759999752044678
YML086C,YKL012W,0,-3.2280579,0.24500182271003723,0.6740000247955322,0.2076999992132187
YBR073W,YNL047C,0,-3.228147,0.244912788271904,0.6740000247955322,0.2078000009059906
YGL126W,YOR027W,0,-3.2281723,0.24482382833957672,0.6740000247955322,0.2079000025987625
YNL021W,YKR042W,1,-3.2282367,0.2450980395078659,0.675000011920929,0.2079000025987625
YHR120W,YKL062W,0,-3.2298312,0.24500907957553864,0.675000011920929,0.20800000429153442
YMR204C,YNL229C,0,-3.2307682,0.24492017924785614,0.675000011920929,0.20810000598430634
YKR007W,YDL015C,0,-3.2314959,0.24483133852481842,0.675000011920929,0.20819999277591705
YGR204W,YNL271C,0,-3.2315001,0.24474257230758667,0.675000011920929,0.20829999446868896
YPL140C,YBR043C,0,-3.2322855,0.2446538656949997,0.675000011920929,0.20839999616146088
YJL092W,YKL129C,0,-3.2323928,0.2445652186870575,0.675000011920929,0.2084999978542328
YFL009W,YBR041W,0,-3.2326841,0.24447664618492126,0.675000011920929,0.2085999995470047
YBL097W,YDL046W,0,-3.2333255,0.24438811838626862,0.675000011920929,0.2087000012397766
YJR135C,YDL019C,0,-3.2342348,0.24429967999458313,0.675000011920929,0.20880000293254852
YPR176C,YFR027W,0,-3.2342548,0.24421128630638123,0.675000011920929,0.20890000462532043
YPL069C,YLR433C,0,-3.2343354,0.2441229671239853,0.675000011920929,0.20900000631809235
YGL254W,YLR371W,0,-3.234901,0.24403470754623413,0.675000011920929,0.20909999310970306
YJR144W,YMR314W,0,-3.234933,0.24394650757312775,0.675000011920929,0.20919999480247498
YPL100W,YML006C,0,-3.2350054,0.24385838210582733,0.675000011920929,0.2092999964952469
YER042W,YOR254C,0,-3.2360625,0.2437703162431717,0.675000011920929,0.2093999981880188
YJL156C,YMR293C,0,-3.2363467,0.24368230998516083,0.675000011920929,0.2094999998807907
YDR379W,YOR057W,0,-3.2369423,0.24359436333179474,0.675000011920929,0.20960000157356262
YGR261C,YOR026W,0,-3.236967,0.24350649118423462,0.675000011920929,0.20970000326633453
YJL006C,YBR201W,0,-3.2370963,0.24341867864131927,0.675000011920929,0.20980000495910645
YNL147W,YCR081W,0,-3.237163,0.2433309257030487,0.675000011920929,0.20990000665187836
YPL178W,YGR113W,0,-3.2373838,0.2432432472705841,0.675000011920929,0.20999999344348907
YFR002W,YBR077C,0,-3.2373886,0.2431556135416031,0.675000011920929,0.210099995136261
YJL134W,YGR009C,0,-3.2375636,0.24306805431842804,0.675000011920929,0.2101999968290329
YDL097C,YML098W,0,-3.2378383,0.24298055469989777,0.675000011920929,0.2102999985218048
YPL115C,YBR130C,0,-3.2380672,0.24289312958717346,0.675000011920929,0.21040000021457672
YGL246C,YML034W,0,-3.238935,0.24280574917793274,0.675000011920929,0.21050000190734863
YGL067W,YNL079C,0,-3.2401881,0.24271844327449799,0.675000011920929,0.21060000360012054
YIR041W,YNL064C,0,-3.2406087,0.242631196975708,0.675000011920929,0.21070000529289246
YJL115W,YPR052C,1,-3.2407022,0.24290333688259125,0.6759999990463257,0.21070000529289246
YGL257C,YOR103C,0,-3.2409978,0.24281609058380127,0.6759999990463257,0.21080000698566437
YKR055W,YJL036W,0,-3.2417483,0.24272890388965607,0.6759999990463257,0.21089999377727509
YDL226C,YIL030C,0,-3.2419353,0.24264177680015564,0.6759999990463257,0.210999995470047
YBR217W,YHR186C,0,-3.2424316,0.24255472421646118,0.6759999990463257,0.2110999971628189
YOL038W,YKR028W,0,-3.2426562,0.2424677163362503,0.6759999990463257,0.21119999885559082
YPR167C,YFR034C,0,-3.2430215,0.2423807829618454,0.6759999990463257,0.21130000054836273
YDR060W,YGR075C,0,-3.2432036,0.24229390919208527,0.6759999990463257,0.21140000224113464
YOR326W,YPL133C,0,-3.2432723,0.2422070950269699,0.6759999990463257,0.21150000393390656
YNL214W,YNL312W,0,-3.2438197,0.24212034046649933,0.6759999990463257,0.21160000562667847
YFL013C,YLL004W,1,-3.2439575,0.2423916906118393,0.6769999861717224,0.21160000562667847
YIR009W,YEL016C,0,-3.244234,0.2423049360513687,0.6769999861717224,0.21170000731945038
YOR211C,YLR138W,0,-3.2444773,0.2422182410955429,0.6769999861717224,0.2117999941110611
YOL078W,YPR111W,0,-3.2445507,0.24213162064552307,0.6769999861717224,0.211899995803833
YGR179C,YMR293C,0,-3.2446876,0.24204504489898682,0.6769999861717224,0.21199999749660492
YGR222W,YOL138C,0,-3.2448149,0.24195854365825653,0.6769999861717224,0.21209999918937683
YOR299W,YIR028W,0,-3.2451553,0.24187210202217102,0.6769999861717224,0.21220000088214874
YDL108W,YFL045C,0,-3.2452488,0.24178571999073029,0.6769999861717224,0.21230000257492065
YFR029W,YGR099W,0,-3.2461839,0.24169939756393433,0.6769999861717224,0.21240000426769257
YPR185W,YMR005W,0,-3.2467337,0.24161313474178314,0.6769999861717224,0.21250000596046448
YOL086C,YHR191C,0,-3.2473478,0.24152693152427673,0.6769999861717224,0.2125999927520752
YGL178W,YOR290C,1,-3.2479525,0.24179743230342865,0.6779999732971191,0.2125999927520752
YGL013C,YLR403W,0,-3.248011,0.24171122908592224,0.6779999732971191,0.2126999944448471
YJR090C,YMR030W,0,-3.2481694,0.2416250854730606,0.6779999732971191,0.21279999613761902
YPR179C,YBR089C-A,1,-3.248269,0.24189525842666626,0.6790000200271606,0.21279999613761902
YER051W,YNL186W,1,-3.2486348,0.2421652376651764,0.6800000071525574,0.21279999613761902
YOR334W,YMR285C,0,-3.2489657,0.24207903444766998,0.6800000071525574,0.21289999783039093
YNL262W,YDL076C,1,-3.249011,0.24234876036643982,0.6809999942779541,0.21289999783039093
YLR452C,YOR060C,0,-3.2490716,0.24226254224777222,0.6809999942779541,0.21299999952316284
YDR427W,YDR457W,0,-3.2496629,0.2421763837337494,0.6809999942779541,0.21310000121593475
YDL081C,YNL283C,0,-3.2498531,0.24209029972553253,0.6809999942779541,0.21320000290870667
YDR151C,YKL079W,0,-3.2500734,0.24200426042079926,0.6809999942779541,0.21330000460147858
YFL024C,YNL030W,1,-3.2502384,0.24227353930473328,0.6819999814033508,0.21330000460147858
YJR144W,YDR265W,0,-3.250257,0.2421875,0.6819999814033508,0.2134000062942505
YPL006W,YMR026C,0,-3.25031,0.2421015202999115,0.6819999814033508,0.2134999930858612
YOR371C,YGL075C,0,-3.251001,0.24201561510562897,0.6819999814033508,0.21359999477863312
YOR014W,YDL225W,0,-3.2515178,0.2419297695159912,0.6819999814033508,0.21369999647140503
YBR008C,YJL140W,0,-3.251862,0.24184396862983704,0.6819999814033508,0.21379999816417694
YGR200C,YOR103C,0,-3.2522736,0.24175824224948883,0.6819999814033508,0.21389999985694885
YER172C,YAL012W,0,-3.2523928,0.2416725754737854,0.6819999814033508,0.21400000154972076
YER027C,YDL059C,0,-3.2526178,0.24158696830272675,0.6819999814033508,0.21410000324249268
YAL015C,YGR009C,0,-3.2529993,0.24150142073631287,0.6819999814033508,0.2142000049352646
YGR120C,YCR071C,0,-3.2531838,0.24141593277454376,0.6819999814033508,0.2143000066280365
YPL167C,YGL095C,0,-3.2535658,0.24133050441741943,0.6819999814033508,0.21439999341964722
YOR026W,YBR041W,0,-3.2538772,0.24124513566493988,0.6819999814033508,0.21449999511241913
YGL136C,YDR288W,0,-3.2545013,0.2411598265171051,0.6819999814033508,0.21459999680519104
YKL152C,YCR077C,0,-3.2546387,0.2410745918750763,0.6819999814033508,0.21469999849796295
YLR163C,YIR009W,0,-3.2546792,0.24098940193653107,0.6819999814033508,0.21480000019073486
YGR224W,YGL240W,0,-3.255311,0.24090427160263062,0.6819999814033508,0.21490000188350677
YGL111W,YJL117W,0,-3.2557993,0.24081921577453613,0.6819999814033508,0.2150000035762787
YLR295C,YDR463W,0,-3.256052,0.24073420464992523,0.6819999814033508,0.2151000052690506
YCR038C,YPR133C,0,-3.256226,0.2406492531299591,0.6819999814033508,0.2152000069618225
YDR099W,YIR008C,0,-3.2562408,0.24056437611579895,0.6819999814033508,0.21529999375343323
YBL085W,YJR009C,0,-3.2567973,0.24047954380512238,0.6819999814033508,0.21539999544620514
YMR213W,YCR027C,0,-3.2568517,0.24039478600025177,0.6819999814033508,0.21549999713897705
YBR188C,YPR074C,0,-3.2573795,0.24031007289886475,0.6819999814033508,0.21559999883174896
YER166W,YER171W,0,-3.2575898,0.2402254343032837,0.6819999814033508,0.21570000052452087
YDL245C,YIR008C,0,-3.2587466,0.24014084041118622,0.6819999814033508,0.21580000221729279
YDL195W,YGR013W,0,-3.258863,0.24005632102489471,0.6819999814033508,0.2159000039100647
YJR105W,YJL058C,0,-3.258884,0.2399718463420868,0.6819999814033508,0.2160000056028366
YMR168C,YJR094C,0,-3.2589226,0.23988744616508484,0.6819999814033508,0.21610000729560852
YIL112W,YLR442C,1,-3.2593074,0.2401547133922577,0.6830000281333923,0.21610000729560852
YJR040W,YGL016W,0,-3.2593293,0.24007029831409454,0.6830000281333923,0.21619999408721924
YDR515W,YJL187C,0,-3.2600102,0.23998594284057617,0.6830000281333923,0.21629999577999115
YNL073W,YBL051C,0,-3.2604194,0.23990164697170258,0.6830000281333923,0.21639999747276306
YJL186W,YJR035W,0,-3.2605815,0.23981741070747375,0.6830000281333923,0.21649999916553497
YDR205W,YOR326W,0,-3.2609215,0.2397332340478897,0.6830000281333923,0.21660000085830688
YPL028W,YDR325W,0,-3.2609344,0.23964911699295044,0.6830000281333923,0.2167000025510788
YDL093W,YOL102C,0,-3.2610774,0.23956505954265594,0.6830000281333923,0.2168000042438507
YKL062W,YOL043C,0,-3.2614837,0.23948106169700623,0.6830000281333923,0.21690000593662262
YML103C,YBR127C,0,-3.2619114,0.23939712345600128,0.6830000281333923,0.21699999272823334
YPR188C,YGR193C,0,-3.2619987,0.2393132448196411,0.6830000281333923,0.21709999442100525
YNL041C,YLR032W,0,-3.2622323,0.23922942578792572,0.6830000281333923,0.21719999611377716
YHR050W,YPL214C,0,-3.2623835,0.2391456514596939,0.6830000281333923,0.21729999780654907
YMR161W,YDR481C,0,-3.2625866,0.23906195163726807,0.6830000281333923,0.21739999949932098
YDR016C,YBL034C,0,-3.2627316,0.238978311419487,0.6830000281333923,0.2175000011920929
YDR279W,YJL192C,0,-3.2629218,0.23889471590518951,0.6830000281333923,0.2176000028848648
YBL056W,YBL025W,0,-3.2629657,0.238811194896698,0.6830000281333923,0.21770000457763672
YIL051C,YJL054W,0,-3.2629967,0.23872771859169006,0.6830000281333923,0.21780000627040863
YDR434W,YBR093C,0,-3.2631865,0.2386443018913269,0.6830000281333923,0.21789999306201935
YKL139W,YPR054W,0,-3.263424,0.23856094479560852,0.6830000281333923,0.21799999475479126
YDL175C,YGL232W,0,-3.2635174,0.2384776473045349,0.6830000281333923,0.21809999644756317
YGR097W,YEL037C,0,-3.2635493,0.23839440941810608,0.6830000281333923,0.21819999814033508
YMR285C,YBL088C,0,-3.265337,0.23831123113632202,0.6830000281333923,0.218299999833107
YMR033W,YLR335W,1,-3.2657084,0.23857690393924713,0.6840000152587891,0.218299999833107
YJL124C,YBR257W,0,-3.2660599,0.23849372565746307,0.6840000152587891,0.2184000015258789
YLR011W,YML062C,0,-3.2664819,0.2384105920791626,0.6840000152587891,0.21850000321865082
YIL037C,YDL185W,0,-3.2664871,0.2383275330066681,0.6840000152587891,0.21860000491142273
YBR042C,YMR287C,0,-3.2673502,0.23824451863765717,0.6840000152587891,0.21870000660419464
YNL148C,YAL016W,0,-3.267507,0.23816156387329102,0.6840000152587891,0.21879999339580536
YIL037C,YGL011C,0,-3.267622,0.23807866871356964,0.6840000152587891,0.21889999508857727
YGL099W,YHR073W,0,-3.267703,0.23799581825733185,0.6840000152587891,0.21899999678134918
YJL194W,YPL265W,0,-3.268157,0.23791304230690002,0.6840000152587891,0.2190999984741211
YDR143C,YLR272C,1,-3.2687488,0.23817802965641022,0.6850000023841858,0.2190999984741211
YLR071C,YDL098C,0,-3.2690043,0.2380952388048172,0.6850000023841858,0.219200000166893
YOR335C,YGR276C,0,-3.269104,0.23801250755786896,0.6850000023841858,0.21930000185966492
YIL110W,YNL078W,0,-3.2695088,0.2379298359155655,0.6850000023841858,0.21940000355243683
YGL013C,YPR107C,0,-3.2696576,0.2378472238779068,0.6850000023841858,0.21950000524520874
YER133W,YMR080C,1,-3.2697034,0.23811176419258118,0.6859999895095825,0.21950000524520874
YML065W,YKR101W,1,-3.2699432,0.23837612569332123,0.6869999766349792,0.21950000524520874
YGL254W,YDR079C-A,0,-3.2700124,0.23829343914985657,0.6869999766349792,0.21960000693798065
YMR113W,YER162C,0,-3.2703028,0.23821081221103668,0.6869999766349792,0.21969999372959137
YHL025W,YKL018W,1,-3.271678,0.23847487568855286,0.6880000233650208,0.21969999372959137
YOL059W,YBR153W,0,-3.2717085,0.23839223384857178,0.6880000233650208,0.21979999542236328
YNL059C,YDR295C,1,-3.2720213,0.23865604400634766,0.6890000104904175,0.21979999542236328
YGR083C,YHR111W,0,-3.273085,0.23857340216636658,0.6890000104904175,0.2198999971151352
YER017C,YIR033W,0,-3.273131,0.23849081993103027,0.6890000104904175,0.2199999988079071
YCL031C,YNL299W,0,-3.2744656,0.23840829730033875,0.6890000104904175,0.22010000050067902
YMR081C,YMR216C,0,-3.2746558,0.238325834274292,0.6890000104904175,0.22020000219345093
YGR167W,YBR030W,0,-3.2747831,0.23824343085289001,0.6890000104904175,0.22030000388622284
YKR019C,YGL133W,1,-3.2750993,0.2385067343711853,0.6899999976158142,0.22030000388622284
YMR041C,YKR068C,0,-3.2751713,0.23842433094978333,0.6899999976158142,0.22040000557899475
YGR057C,YNR017W,0,-3.2752662,0.23834197223186493,0.6899999976158142,0.22050000727176666
YMR314W,YDR126W,0,-3.2755723,0.2382596731185913,0.6899999976158142,0.22059999406337738
YDR376W,YLR353W,0,-3.2760544,0.23817741870880127,0.6899999976158142,0.2206999957561493
YBR188C,YAR007C,0,-3.2762547,0.2380952388048172,0.6899999976158142,0.2207999974489212
YOL017W,YBR089C-A,1,-3.2785792,0.2383580505847931,0.6909999847412109,0.2207999974489212
YPR029C,YIR006C,0,-3.2786937,0.23827585577964783,0.6909999847412109,0.22089999914169312
YFR009W,YMR011W,0,-3.2795258,0.23819372057914734,0.6909999847412109,0.22100000083446503
YLL031C,YNR048W,0,-3.2797947,0.23811164498329163,0.6909999847412109,0.22110000252723694
YPR068C,YBL006C,1,-3.2802649,0.23837409913539886,0.6919999718666077,0.22110000252723694
YBL018C,YLR221C,0,-3.2803326,0.23829200863838196,0.6919999718666077,0.22120000422000885
YER159C,YDL045C,0,-3.280498,0.23820997774600983,0.6919999718666077,0.22130000591278076
YER129W,YJL139C,0,-3.2816,0.23812800645828247,0.6919999718666077,0.22139999270439148
YFR002W,YJR143C,0,-3.2818942,0.2380460947751999,0.6919999718666077,0.2214999943971634
YHR150W,YLR383W,0,-3.2820482,0.23796424269676208,0.6919999718666077,0.2215999960899353
YPL015C,YJL176C,1,-3.2824345,0.23822619020938873,0.6930000185966492,0.2215999960899353
YHR191C,YGL243W,0,-3.2824392,0.23814432322978973,0.6930000185966492,0.22169999778270721
YER116C,YDR057W,0,-3.2826467,0.2380625158548355,0.6930000185966492,0.22179999947547913
YBR234C,YAL001C,0,-3.282854,0.23798076808452606,0.6930000185966492,0.22190000116825104
YLR418C,YOR191W,1,-3.2832394,0.23824235796928406,0.6940000057220459,0.22190000116825104
YHL003C,YDR363W-A,0,-3.283587,0.2381606101989746,0.6940000057220459,0.22200000286102295
YHR023W,YLR034C,0,-3.2838235,0.23807890713214874,0.6940000057220459,0.22210000455379486
YEL069C,YLR147C,0,-3.284028,0.23799726366996765,0.6940000057220459,0.22220000624656677
YLR170C,YDL085W,0,-3.2841778,0.23791566491127014,0.6940000057220459,0.2222999930381775
YLR429W,YGL212W,0,-3.2848148,0.2378341257572174,0.6940000057220459,0.2223999947309494
YJR077C,YJR068W,0,-3.2850327,0.23775266110897064,0.6940000057220459,0.2224999964237213
YDR118W,YGR220C,0,-3.2855873,0.23767122626304626,0.6940000057220459,0.22259999811649323
YDR138W,YOR098C,0,-3.2856064,0.23758986592292786,0.6940000057220459,0.22269999980926514
YER061C,YDR473C,0,-3.285769,0.23750855028629303,0.6940000057220459,0.22280000150203705
YGL005C,YMR039C,0,-3.2860389,0.23742729425430298,0.6940000057220459,0.22290000319480896
YCR094W,YDL043C,0,-3.2864017,0.2373460978269577,0.6940000057220459,0.22300000488758087
YOL127W,YHR012W,0,-3.2867866,0.2372649610042572,0.6940000057220459,0.22310000658035278
YPR111W,YDR512C,0,-3.2868905,0.23718386888504028,0.6940000057220459,0.2231999933719635
YPL046C,YDL045C,0,-3.286954,0.23710283637046814,0.6940000057220459,0.2232999950647354
YMR041C,YCR089W,0,-3.2870755,0.23702186346054077,0.6940000057220459,0.22339999675750732
YIL112W,YFL013C,1,-3.2872305,0.23728235065937042,0.6949999928474426,0.22339999675750732
YIR006C,YMR095C,0,-3.2872934,0.23720136284828186,0.6949999928474426,0.22349999845027924
YGL051W,YMR266W,0,-3.2877727,0.23712043464183807,0.6949999928474426,0.22360000014305115
YGL065C,YBR205W,0,-3.2881775,0.23703956604003906,0.6949999928474426,0.22370000183582306
YBL032W,YGL099W,0,-3.2887363,0.23695874214172363,0.6949999928474426,0.22380000352859497
YMR280C,YMR302C,0,-3.2891893,0.23687797784805298,0.6949999928474426,0.22390000522136688
YDR508C,YLR424W,0,-3.2892265,0.2367972731590271,0.6949999928474426,0.2240000069141388
YER155C,YDR545W,0,-3.2898388,0.236716628074646,0.6949999928474426,0.2240999937057495
YNL221C,YGR075C,0,-3.2901244,0.23663602769374847,0.6949999928474426,0.22419999539852142
YNL129W,YBR192W,0,-3.290206,0.23655548691749573,0.6949999928474426,0.22429999709129333
YIL009W,YDL105W,0,-3.290298,0.23647499084472656,0.6949999928474426,0.22439999878406525
YKL013C,YNL314W,0,-3.290462,0.23639455437660217,0.6949999928474426,0.22450000047683716
YOR266W,YER089C,0,-3.2905102,0.23631417751312256,0.6949999928474426,0.22460000216960907
YPL018W,YEL024W,0,-3.291685,0.23623386025428772,0.6949999928474426,0.22470000386238098
YMR042W,YNL259C,0,-3.292292,0.23615358769893646,0.6949999928474426,0.2248000055551529
YBL002W,YMR080C,1,-3.2928667,0.23641304671764374,0.6959999799728394,0.2248000055551529
YOL017W,YBR231C,1,-3.2932158,0.2366723269224167,0.6970000267028809,0.2248000055551529
YBL025W,YOR353C,0,-3.293508,0.23659199476242065,0.6970000267028809,0.2249000072479248
YJR090C,YLR200W,0,-3.2940626,0.2365117073059082,0.6970000267028809,0.22499999403953552
YLR265C,YNL098C,0,-3.2944689,0.23643147945404053,0.6970000267028809,0.22509999573230743
YCR028C,YNL029C,0,-3.2947373,0.23635131120681763,0.6970000267028809,0.22519999742507935
YIR013C,YLR139C,0,-3.2951279,0.2362711876630783,0.6970000267028809,0.22529999911785126
YBL002W,YDR334W,1,-3.2955108,0.23652999103069305,0.6980000138282776,0.22529999911785126
YDR272W,YOR322C,0,-3.2959328,0.23644986748695374,0.6980000138282776,0.22540000081062317
YDR310C,YOR064C,1,-3.29672,0.23670843243598938,0.6990000009536743,0.22540000081062317
YDL043C,YDL112W,0,-3.297606,0.23662829399108887,0.6990000009536743,0.22550000250339508
YFL009W,YML107C,0,-3.2977023,0.23654823005199432,0.6990000009536743,0.225600004196167
YMR044W,YJL080C,1,-3.2982025,0.2368064969778061,0.699999988079071,0.225600004196167
YMR275C,YPR133C,0,-3.2982273,0.23672641813755035,0.699999988079071,0.2257000058889389
YJL183W,YOL147C,0,-3.2982392,0.2366463840007782,0.699999988079071,0.22579999268054962
YEL030W,YML088W,0,-3.2996392,0.23656640946865082,0.699999988079071,0.22589999437332153
YDR385W,YIL042C,0,-3.299662,0.23648647964000702,0.699999988079071,0.22599999606609344
YDR052C,YPR009W,0,-3.2997794,0.2364066243171692,0.699999988079071,0.22609999775886536
YNL271C,YLR371W,0,-3.300284,0.23632679879665375,0.699999988079071,0.22619999945163727
YBL006C,YMR236W,1,-3.3002892,0.23658454418182373,0.7009999752044678,0.22619999945163727
YOR181W,YGL075C,0,-3.3003054,0.2365047186613083,0.7009999752044678,0.22630000114440918
YIR006C,YDL059C,0,-3.3006687,0.23642495274543762,0.7009999752044678,0.2264000028371811
YMR276W,YJL129C,0,-3.30091,0.23634524643421173,0.7009999752044678,0.226500004529953
YCR002C,YPL117C,0,-3.3010478,0.23626558482646942,0.7009999752044678,0.22660000622272491
YNL278W,YOR085W,0,-3.3011045,0.2361859828233719,0.7009999752044678,0.22669999301433563
YOR034C,YNL199C,0,-3.301519,0.23610644042491913,0.7009999752044678,0.22679999470710754
YIL004C,YIL142W,0,-3.3016047,0.23602694272994995,0.7009999752044678,0.22689999639987946
YPL069C,YML076C,0,-3.3017492,0.23594748973846436,0.7009999752044678,0.22699999809265137
YDL106C,YPL045W,0,-3.3028464,0.23586809635162354,0.7009999752044678,0.22709999978542328
YER088C,YDR181C,1,-3.3029823,0.2361251264810562,0.7020000219345093,0.22709999978542328
YOL006C,YLR272C,1,-3.303321,0.23638197779655457,0.703000009059906,0.22709999978542328
YOR371C,YOR327C,0,-3.3035297,0.23630252480506897,0.703000009059906,0.2272000014781952
YML012W,YLR106C,0,-3.3035827,0.23622311651706696,0.703000009059906,0.2273000031709671
YOR023C,YNL262W,1,-3.3038158,0.23647968471050262,0.7039999961853027,0.2273000031709671
YDR096W,YIL112W,1,-3.304308,0.23673605918884277,0.7049999833106995,0.2273000031709671
YMR097C,YDR527W,0,-3.304318,0.23665659129619598,0.7049999833106995,0.227400004863739
YNL325C,YBL050W,0,-3.3049083,0.23657718300819397,0.7049999833106995,0.22750000655651093
YDR359C,YNL246W,1,-3.3050017,0.23683327436447144,0.7059999704360962,0.22750000655651093
YOL001W,YDR159W,0,-3.3052282,0.23675385117530823,0.7059999704360962,0.22759999334812164
YLR201C,YAL031C,0,-3.3054767,0.2366744875907898,0.7059999704360962,0.22769999504089355
YBR155W,YLR138W,0,-3.3064532,0.23659516870975494,0.7059999704360962,0.22779999673366547
YIL048W,YBL079W,0,-3.307281,0.23651590943336487,0.7059999704360962,0.22789999842643738
YOR381W,YAL033W,0,-3.3073878,0.23643670976161957,0.7059999704360962,0.2280000001192093
YHR187W,YAR002W,0,-3.3079052,0.23635755479335785,0.7059999704360962,0.2281000018119812
YIL159W,YKR007W,0,-3.3079777,0.2362784445285797,0.7059999704360962,0.2282000035047531
YDR490C,YGR005C,0,-3.3081632,0.23619939386844635,0.7059999704360962,0.22830000519752502
YJL100W,YHR034C,0,-3.3081875,0.23612040281295776,0.7059999704360962,0.22840000689029694
YPL213W,YGR135W,0,-3.3082,0.23604145646095276,0.7059999704360962,0.22849999368190765
YDR317W,YBR098W,0,-3.3083677,0.23596256971359253,0.7059999704360962,0.22859999537467957
YDR314C,YDR092W,0,-3.3091078,0.23588372766971588,0.7059999704360962,0.22869999706745148
YLR210W,YDR472W,0,-3.309216,0.235804945230484,0.7059999704360962,0.2287999987602234
YOL146W,YEL050C,0,-3.3094625,0.23572620749473572,0.7059999704360962,0.2289000004529953
YLR320W,YNL151C,0,-3.3095865,0.2356475293636322,0.7059999704360962,0.2290000021457672
YDR272W,YOR231W,0,-3.3096766,0.23556889593601227,0.7059999704360962,0.22910000383853912
YLR398C,YNL243W,0,-3.3101778,0.2354903221130371,0.7059999704360962,0.22920000553131104
YGL175C,YOR043W,0,-3.3108435,0.23541180789470673,0.7059999704360962,0.22930000722408295
YJL143W,YGR241C,0,-3.3116407,0.23533333837985992,0.7059999704360962,0.22939999401569366
YPR029C,YNL102W,0,-3.3116727,0.2352549135684967,0.7059999704360962,0.22949999570846558
YOL142W,YML001W,0,-3.311688,0.23517654836177826,0.7059999704360962,0.2295999974012375
YLR148W,YGL008C,0,-3.311923,0.2350982278585434,0.7059999704360962,0.2296999990940094
YMR316W,YMR097C,0,-3.312068,0.2350199669599533,0.7059999704360962,0.2298000007867813
YDR076W,YER074W-A,0,-3.312531,0.234941765666008,0.7059999704360962,0.22990000247955322
YLR361C,YDL140C,0,-3.313199,0.23486360907554626,0.7059999704360962,0.23000000417232513
YOR371C,YER154W,0,-3.313517,0.23478549718856812,0.7059999704360962,0.23010000586509705
YPR034W,YKR101W,1,-3.3135467,0.23503988981246948,0.7070000171661377,0.23010000586509705
YDR363W-A,YDL224C,0,-3.3138366,0.23496177792549133,0.7070000171661377,0.23019999265670776
YDR116C,YPL112C,0,-3.3142476,0.23488372564315796,0.7070000171661377,0.23029999434947968
YLR131C,YGL249W,0,-3.3144293,0.23480571806430817,0.7070000171661377,0.2303999960422516
YMR308C,YER111C,0,-3.3144455,0.23472775518894196,0.7070000171661377,0.2304999977350235
YIL009W,YCR098C,0,-3.3146653,0.23464985191822052,0.7070000171661377,0.2305999994277954
YCR048W,YMR030W,0,-3.3147197,0.23457199335098267,0.7070000171661377,0.23070000112056732
YOR113W,YMR190C,0,-3.315269,0.2344941943883896,0.7070000171661377,0.23080000281333923
YDR245W,YPR173C,0,-3.3154035,0.2344164401292801,0.7070000171661377,0.23090000450611115
YEL056W,YNL021W,1,-3.3162236,0.23467020690441132,0.7080000042915344,0.23090000450611115
YDR240C,YML001W,0,-3.3164353,0.23459245264530182,0.7080000042915344,0.23100000619888306
YFL011W,YGL144C,0,-3.3167777,0.2345147430896759,0.7080000042915344,0.23109999299049377
YBL058W,YCR081W,0,-3.3168416,0.23443709313869476,0.7080000042915344,0.23119999468326569
YPL233W,YNL243W,0,-3.3173146,0.2343594878911972,0.7080000042915344,0.2312999963760376
YJR150C,YHL031C,0,-3.31745,0.23428192734718323,0.7080000042915344,0.2313999980688095
YER177W,YGL098W,0,-3.3179336,0.23420442640781403,0.7080000042915344,0.23149999976158142
YBL105C,YNL007C,0,-3.3181467,0.2341269850730896,0.7080000042915344,0.23160000145435333
YOR316C,YKL002W,0,-3.3187556,0.23404958844184875,0.7080000042915344,0.23170000314712524
YBR107C,YHR098C,0,-3.3188257,0.2339722365140915,0.7080000042915344,0.23180000483989716
YCR077C,YPL234C,0,-3.3189979,0.233894944190979,0.7080000042915344,0.23190000653266907
YGR037C,YMR186W,0,-3.3191504,0.2338176965713501,0.7080000042915344,0.23199999332427979
YIL079C,YIL142W,0,-3.319322,0.23374050855636597,0.7080000042915344,0.2320999950170517
YOL108C,YER154W,0,-3.3197083,0.23366336524486542,0.7080000042915344,0.2321999967098236
YMR313C,YML001W,0,-3.320836,0.23358628153800964,0.7080000042915344,0.23229999840259552
YAL035W,YLR263W,0,-3.320901,0.23350922763347626,0.7080000042915344,0.23240000009536743
YHR099W,YOR064C,1,-3.321519,0.2337619513273239,0.7089999914169312,0.23240000009536743
YKL220C,YAL032C,0,-3.3216581,0.23368489742279053,0.7089999914169312,0.23250000178813934
YBL097W,YJR042W,0,-3.3220558,0.23360790312290192,0.7089999914169312,0.23260000348091125
YOR109W,YER146W,0,-3.322157,0.23353096842765808,0.7089999914169312,0.23270000517368317
YLR047C,YKL040C,0,-3.3232026,0.23345406353473663,0.7089999914169312,0.23280000686645508
YLR131C,YBR193C,0,-3.3237267,0.23337721824645996,0.7089999914169312,0.2328999936580658
YEL003W,YKR087C,0,-3.3239317,0.23330043256282806,0.7089999914169312,0.2329999953508377
YKL139W,YJL138C,0,-3.3240452,0.23322369158267975,0.7089999914169312,0.23309999704360962
YLR381W,YJL204C,0,-3.3241763,0.23314699530601501,0.7089999914169312,0.23319999873638153
YFR009W,YDR150W,0,-3.324347,0.23307034373283386,0.7089999914169312,0.23330000042915344
YBL105C,YDL055C,0,-3.3246422,0.23299375176429749,0.7089999914169312,0.23340000212192535
YLR423C,YOL121C,0,-3.3249288,0.23291721940040588,0.7089999914169312,0.23350000381469727
YGR041W,YOR181W,0,-3.3257565,0.23284071683883667,0.7089999914169312,0.23360000550746918
YCL061C,YOR290C,1,-3.3261738,0.23309257626533508,0.7099999785423279,0.23360000550746918
YDR420W,YML076C,0,-3.3269844,0.23301608860492706,0.7099999785423279,0.2337000072002411
YJL125C,YCL024W,0,-3.3270545,0.23293963074684143,0.7099999785423279,0.2337999939918518
YDR450W,YDL052C,0,-3.327393,0.23286323249340057,0.7099999785423279,0.23389999568462372
YOR103C,YDR312W,0,-3.327437,0.2327868789434433,0.7099999785423279,0.23399999737739563
YMR301C,YER032W,0,-3.328453,0.2327105849981308,0.7099999785423279,0.23409999907016754
YMR312W,YKL122C,0,-3.3290434,0.23263433575630188,0.7099999785423279,0.23420000076293945
YPL209C,YIL031W,0,-3.329687,0.23255814611911774,0.7099999785423279,0.23430000245571136
YGL192W,YKL186C,0,-3.3297877,0.23248198628425598,0.7099999785423279,0.23440000414848328
YPL156C,YFL005W,0,-3.3298807,0.232405886054039,0.7099999785423279,0.2345000058412552
YAL031C,YGR009C,0,-3.330346,0.2323298454284668,0.7099999785423279,0.2345999926328659
YMR080C,YHR118C,1,-3.3306618,0.23258095979690552,0.7110000252723694,0.2345999926328659
YOR319W,YJL025W,0,-3.3310208,0.23250490427017212,0.7110000252723694,0.23469999432563782
YNL188W,YHR200W,0,-3.3312197,0.2324288934469223,0.7110000252723694,0.23479999601840973
YGL142C,YNL263C,0,-3.3315334,0.23235294222831726,0.7110000252723694,0.23489999771118164
YML123C,YDR324C,0,-3.331654,0.2322770357131958,0.7110000252723694,0.23499999940395355
YCR089W,YJR135C,0,-3.331666,0.23220117390155792,0.7110000252723694,0.23510000109672546
YAL020C,YMR285C,0,-3.3317494,0.23212537169456482,0.7110000252723694,0.23520000278949738
YOR284W,YOR036W,0,-3.3319187,0.2320496141910553,0.7110000252723694,0.2353000044822693
YMR042W,YFR034C,0,-3.3321047,0.23197390139102936,0.7110000252723694,0.2354000061750412
YOR249C,YDR191W,1,-3.332273,0.23222438991069794,0.7120000123977661,0.2354000061750412
YKR101W,YLR272C,1,-3.3325582,0.23247472941875458,0.7129999995231628,0.2354000061750412
YDR097C,YKL025C,0,-3.3327208,0.23239895701408386,0.7129999995231628,0.23549999296665192
YML086C,YGR195W,0,-3.3331647,0.23232322931289673,0.7129999995231628,0.23559999465942383
YOR103C,YJL025W,0,-3.3332248,0.23224756121635437,0.7129999995231628,0.23569999635219574
YGR041W,YOR109W,0,-3.3333673,0.2321719378232956,0.7129999995231628,0.23579999804496765
YJL166W,YLR275W,0,-3.333456,0.2320963591337204,0.7129999995231628,0.23589999973773956
YPR175W,YLR260W,0,-3.3337994,0.23202082514762878,0.7129999995231628,0.23600000143051147
YPR201W,YGL190C,0,-3.3338828,0.23194535076618195,0.7129999995231628,0.2361000031232834
YLR295C,YER061C,0,-3.334814,0.2318699210882187,0.7129999995231628,0.2362000048160553
YDL198C,YOR231W,0,-3.3355317,0.231794536113739,0.7129999995231628,0.2363000065088272
YER133W,YDR225W,1,-3.3357592,0.23204420506954193,0.7139999866485596,0.2363000065088272
YLR410W,YER123W,0,-3.3357987,0.23196880519390106,0.7139999866485596,0.23639999330043793
YPR141C,YDR219C,0,-3.3362179,0.23189346492290497,0.7139999866485596,0.23649999499320984
YPR094W,YIL076W,0,-3.3367186,0.23181818425655365,0.7139999866485596,0.23659999668598175
YAL007C,YJR131W,0,-3.3372607,0.23174293339252472,0.7139999866485596,0.23669999837875366
YER061C,YKL055C,0,-3.3375115,0.23166774213314056,0.7139999866485596,0.23680000007152557
YJR064W,YMR021C,0,-3.337541,0.23159261047840118,0.7139999866485596,0.23690000176429749
YML103C,YLR417W,0,-3.337809,0.2315175086259842,0.7139999866485596,0.2370000034570694
YOR094W,YBL022C,0,-3.3378725,0.23144246637821198,0.7139999866485596,0.2371000051498413
YNL314W,YML031W,0,-3.3379164,0.23136746883392334,0.7139999866485596,0.23720000684261322
YER145C,YDR246W,0,-3.3384953,0.2312925159931183,0.7139999866485596,0.23729999363422394
YLR183C,YHR012W,0,-3.3394313,0.231217622756958,0.7139999866485596,0.23739999532699585
YBR129C,YNL229C,0,-3.339458,0.23114275932312012,0.7139999866485596,0.23749999701976776
YIL115C,YDR082W,0,-3.3399606,0.231067955493927,0.7139999866485596,0.23759999871253967
YBL093C,YBR253W,0,-3.3399892,0.23099321126937866,0.7139999866485596,0.23770000040531158
YOL077W-A,YKL012W,0,-3.3403387,0.2309184968471527,0.7139999866485596,0.2378000020980835
YDR359C,YNL107W,1,-3.340582,0.23116715252399445,0.7149999737739563,0.2378000020980835
YEL009C,YPL164C,0,-3.3406978,0.2310924381017685,0.7149999737739563,0.2379000037908554
YDL197C,YHL025W,1,-3.3408556,0.23134087026119232,0.7160000205039978,0.2379000037908554
YHR013C,YPL190C,0,-3.341308,0.23126615583896637,0.7160000205039978,0.23800000548362732
YPL059W,YIR008C,0,-3.3415804,0.2311914712190628,0.7160000205039978,0.23810000717639923
YPL242C,YGL246C,0,-3.3422499,0.23111684620380402,0.7160000205039978,0.23819999396800995
YKL068W,YIL068C,0,-3.3428278,0.2310422658920288,0.7160000205039978,0.23829999566078186
YGR119C,YAR007C,0,-3.3428526,0.23096774518489838,0.7160000205039978,0.23839999735355377
YBR110W,YPR005C,0,-3.3432927,0.23089325428009033,0.7160000205039978,0.23849999904632568
YJR150C,YER123W,0,-3.3443694,0.23081882297992706,0.7160000205039978,0.2386000007390976
YIL009W,YOR014W,0,-3.3450584,0.23074443638324738,0.7160000205039978,0.2387000024318695
YNL222W,YLR193C,0,-3.345429,0.23067010939121246,0.7160000205039978,0.23880000412464142
YOR144C,YGR220C,0,-3.345901,0.23059581220149994,0.7160000205039978,0.23890000581741333
YHR050W,YNL253W,0,-3.3464727,0.2305215746164322,0.7160000205039978,0.23899999260902405
YDL059C,YLR275W,0,-3.346673,0.23044738173484802,0.7160000205039978,0.23909999430179596
YJR090C,YDR189W,0,-3.3469748,0.23037323355674744,0.7160000205039978,0.23919999599456787
YKL046C,YIR041W,0,-3.347042,0.23029913008213043,0.7160000205039978,0.23929999768733978
YOR178C,YEL016C,0,-3.3471422,0.2302250862121582,0.7160000205039978,0.2393999993801117
YHR053C,YKL025C,0,-3.3473186,0.23015107214450836,0.7160000205039978,0.2395000010728836
YOL063C,YMR076C,0,-3.3474083,0.2300771176815033,0.7160000205039978,0.23960000276565552
YDR251W,YPL210C,0,-3.3478117,0.2300032079219818,0.7160000205039978,0.23970000445842743
YIL068C,YMR293C,0,-3.3483315,0.2299293577671051,0.7160000205039978,0.23980000615119934
YDL007W,YDR416W,0,-3.3489022,0.22985553741455078,0.7160000205039978,0.23989999294281006
YMR047C,YNL054W,0,-3.3490796,0.22978177666664124,0.7160000205039978,0.23999999463558197
YDR159W,YLR354C,0,-3.3491426,0.22970804572105408,0.7160000205039978,0.24009999632835388
YLR242C,YIL105C,0,-3.3494678,0.2296343743801117,0.7160000205039978,0.2401999980211258
YER008C,YOR115C,0,-3.3495307,0.2295607626438141,0.7160000205039978,0.2402999997138977
YOL112W,YOL094C,0,-3.3497005,0.22948718070983887,0.7160000205039978,0.24040000140666962
YNL329C,YLR107W,0,-3.3497367,0.22941364347934723,0.7160000205039978,0.24050000309944153
YHR086W,YGR074W,0,-3.3499098,0.22934016585350037,0.7160000205039978,0.24060000479221344
YHR004C,YPL057C,0,-3.350072,0.22926673293113708,0.7160000205039978,0.24070000648498535
YMR036C,YOL142W,0,-3.3502407,0.22919334471225739,0.7160000205039978,0.24079999327659607
YIL131C,YLR285W,1,-3.350255,0.22944000363349915,0.7170000076293945,0.24079999327659607
YPL050C,YHR205W,0,-3.3504744,0.22936660051345825,0.7170000076293945,0.24089999496936798
YPL244C,YHR186C,0,-3.3505535,0.22929325699806213,0.7170000076293945,0.2409999966621399
YFR014C,YLR145W,0,-3.3509502,0.2292199432849884,0.7170000076293945,0.2410999983549118
YMR204C,YIL095W,0,-3.3511553,0.22914668917655945,0.7170000076293945,0.24120000004768372
YHR187W,YDR027C,0,-3.351735,0.22907347977161407,0.7170000076293945,0.24130000174045563
YOR298W,YGR047C,0,-3.3517523,0.22900031507015228,0.7170000076293945,0.24140000343322754
YGR166W,YIL149C,0,-3.3519511,0.22892720997333527,0.7170000076293945,0.24150000512599945
YIL131C,YMR069W,1,-3.3523622,0.22917331755161285,0.7179999947547913,0.24150000512599945
YLR098C,YNL139C,0,-3.3524451,0.22910019755363464,0.7179999947547913,0.24160000681877136
YGL119W,YDR055W,0,-3.3525858,0.22902710735797882,0.7179999947547913,0.24169999361038208
YDL028C,YDL015C,0,-3.3531494,0.22895407676696777,0.7179999947547913,0.241799995303154
YNL307C,YBL058W,0,-3.353242,0.2288810908794403,0.7179999947547913,0.2418999969959259
YBR205W,YOR193W,0,-3.353363,0.22880816459655762,0.7179999947547913,0.24199999868869781
YML062C,YJR132W,0,-3.3537016,0.22873526811599731,0.7179999947547913,0.24210000038146973
YHR108W,YDL159W,0,-3.3537097,0.2286624163389206,0.7179999947547913,0.24220000207424164
YDR016C,YJL196C,0,-3.3539147,0.22858962416648865,0.7179999947547913,0.24230000376701355
YBR089C-A,YAL011W,1,-3.3539467,0.22883513569831848,0.718999981880188,0.24230000376701355
YOR250C,YPR051W,0,-3.3540096,0.22876232862472534,0.718999981880188,0.24240000545978546
YGL106W,YKL012W,0,-3.3541179,0.22868956625461578,0.718999981880188,0.24250000715255737
YLL002W,YFL049W,1,-3.3543139,0.22893482446670532,0.7200000286102295,0.24250000715255737
YJR076C,YDL207W,0,-3.3548923,0.22886204719543457,0.7200000286102295,0.2425999939441681
YIR021W,YOL061W,0,-3.3554025,0.2287893295288086,0.7200000286102295,0.24269999563694
YDL226C,YMR163C,0,-3.3558135,0.228716641664505,0.7200000286102295,0.24279999732971191
YER032W,YOL088C,0,-3.3563385,0.2286440134048462,0.7200000286102295,0.24289999902248383
YPL119C,YBR043C,0,-3.3569236,0.22857142984867096,0.7200000286102295,0.24300000071525574
YLR022C,YLR181C,0,-3.3575182,0.2284988909959793,0.7200000286102295,0.24310000240802765
YMR161W,YGL016W,0,-3.3582044,0.22842639684677124,0.7200000286102295,0.24320000410079956
YDR507C,YOR371C,0,-3.358923,0.22835394740104675,0.7200000286102295,0.24330000579357147
YJL112W,YPL187W,0,-3.3592234,0.22828154265880585,0.7200000286102295,0.2433999925851822
YEL061C,YPR161C,0,-3.3594666,0.22820919752120972,0.7200000286102295,0.2434999942779541
YFL041W,YLR191W,0,-3.3601503,0.22813688218593597,0.7200000286102295,0.243599995970726
YOR094W,YCR035C,0,-3.3603969,0.2280646115541458,0.7200000286102295,0.24369999766349792
YDL135C,YML029W,0,-3.3608356,0.22799240052700043,0.7200000286102295,0.24379999935626984
YFL011W,YER024W,0,-3.361092,0.22792023420333862,0.7200000286102295,0.24390000104904175
YFL029C,YER028C,0,-3.3613691,0.2278480976819992,0.7200000286102295,0.24400000274181366
YPL022W,YML025C,0,-3.3623624,0.22777602076530457,0.7200000286102295,0.24410000443458557
YER017C,YDR097C,0,-3.3628473,0.2277039885520935,0.7200000286102295,0.24420000612735748
YBR257W,YHR012W,0,-3.3630967,0.22763200104236603,0.7200000286102295,0.2442999929189682
YER145C,YDR320C,0,-3.363841,0.22756004333496094,0.7200000286102295,0.2443999946117401
YDR188W,YDL116W,0,-3.364101,0.22748814523220062,0.7200000286102295,0.24449999630451202
YMR047C,YBL034C,0,-3.364133,0.2274162918329239,0.7200000286102295,0.24459999799728394
YDL143W,YDR045C,0,-3.364778,0.22734448313713074,0.7200000286102295,0.24469999969005585
YNL085W,YKL020C,0,-3.36482,0.22727273404598236,0.7200000286102295,0.24480000138282776
YLR085C,YBR088C,1,-3.3652382,0.2275165617465973,0.7210000157356262,0.24480000138282776
YDR176W,YGL252C,1,-3.3653812,0.22776025533676147,0.722000002861023,0.24480000138282776
YGR227W,YML093W,0,-3.3661475,0.22768843173980713,0.722000002861023,0.24490000307559967
YJL004C,YOR087W,0,-3.3661518,0.22761665284633636,0.722000002861023,0.24500000476837158
YHR031C,YER123W,0,-3.3662877,0.227544903755188,0.722000002861023,0.2451000064611435
YOR011W,YPR133W-A,0,-3.3665032,0.2274732142686844,0.722000002861023,0.2451999932527542
YNL275W,YCR005C,0,-3.366517,0.22740156948566437,0.722000002861023,0.24529999494552612
YLL013C,YOR329C,0,-3.3669682,0.22732996940612793,0.722000002861023,0.24539999663829803
YGL213C,YBL034C,0,-3.3672066,0.22725841403007507,0.722000002861023,0.24549999833106995
YEL027W,YKL144C,0,-3.3674645,0.2271869033575058,0.722000002861023,0.24560000002384186
YLR285W,YLR442C,1,-3.367715,0.22743001580238342,0.7229999899864197,0.24560000002384186
YER169W,YOL006C,1,-3.3678203,0.22767294943332672,0.7239999771118164,0.24560000002384186
YMR211W,YKL080W,0,-3.3684468,0.22760137915611267,0.7239999771118164,0.24570000171661377
YPL085W,YDR079C-A,0,-3.3685455,0.2275298535823822,0.7239999771118164,0.24580000340938568
YML102W,YPL015C,1,-3.36871,0.2277725487947464,0.7250000238418579,0.24580000340938568
YLR158C,YKR031C,0,-3.3687143,0.22770100831985474,0.7250000238418579,0.2459000051021576
YDR158W,YER028C,0,-3.369103,0.22762951254844666,0.7250000238418579,0.2460000067949295
YNL135C,YGL058W,1,-3.3693614,0.22787193953990936,0.7260000109672546,0.2460000067949295
YDR318W,YNL142W,0,-3.3698235,0.22780044376850128,0.7260000109672546,0.24609999358654022
YJL065C,YDR359C,1,-3.3707805,0.22804266214370728,0.7269999980926514,0.24609999358654022
YBR135W,YGL251C,0,-3.370842,0.227971151471138,0.7269999980926514,0.24619999527931213
YNL042W,YOL060C,0,-3.370892,0.2278996855020523,0.7269999980926514,0.24629999697208405
YLR353W,YPR132W,0,-3.3711996,0.2278282642364502,0.7269999980926514,0.24639999866485596
YMR036C,YGL115W,0,-3.3714008,0.22775688767433167,0.7269999980926514,0.24650000035762787
YEL037C,YDL201W,0,-3.3717604,0.22768555581569672,0.7269999980926514,0.24660000205039978
YGL194C,YML065W,1,-3.3718147,0.22792735695838928,0.7279999852180481,0.24660000205039978
YDR301W,YNR032C-A,0,-3.3719344,0.22785602509975433,0.7279999852180481,0.2467000037431717
YLR013W,YMR023C,0,-3.3721728,0.22778473794460297,0.7279999852180481,0.2468000054359436
YBR023C,YOL043C,0,-3.3722095,0.227713480591774,0.7279999852180481,0.24690000712871552
YOL042W,YLR014C,0,-3.3724947,0.22764228284358978,0.7279999852180481,0.24699999392032623
YNR035C,YBR217W,0,-3.3734856,0.22757111489772797,0.7279999852180481,0.24709999561309814
YLR144C,YNL101W,0,-3.3734927,0.22750000655651093,0.7279999852180481,0.24719999730587006
YPL018W,YKL113C,0,-3.37368,0.22742892801761627,0.7279999852180481,0.24729999899864197
YFL056C,YCL029C,0,-3.3736968,0.2273578941822052,0.7279999852180481,0.24740000069141388
YBR215W,YMR022W,1,-3.3737283,0.2275991290807724,0.7289999723434448,0.24740000069141388
YOR250C,YHR186C,0,-3.3738594,0.22752809524536133,0.7289999723434448,0.2475000023841858
YBR088C,YIL126W,1,-3.3748784,0.22776910662651062,0.7300000190734863,0.2475000023841858
YKL182W,YLR398C,0,-3.3750563,0.22769807279109955,0.7300000190734863,0.2476000040769577
YOL008W,YCL008C,0,-3.375516,0.22762706875801086,0.7300000190734863,0.24770000576972961
YDL099W,YDL227C,0,-3.37568,0.22755610942840576,0.7300000190734863,0.24779999256134033
YDR292C,YDL235C,0,-3.3762107,0.22748519480228424,0.7300000190734863,0.24789999425411224
YKL002W,YCR026C,0,-3.3764343,0.2274143248796463,0.7300000190734863,0.24799999594688416
YNL029C,YJL198W,0,-3.376533,0.22734349966049194,0.7300000190734863,0.24809999763965607
YNL233W,YJR090C,0,-3.3765454,0.22727273404598236,0.7300000190734863,0.24819999933242798
YFL013C,YCL061C,1,-3.3767748,0.22751322388648987,0.7310000061988831,0.24819999933242798
YPL015C,YIL084C,1,-3.3771124,0.22775357961654663,0.7319999933242798,0.24819999933242798
YBR210W,YCR077C,0,-3.3774247,0.22768273949623108,0.7319999933242798,0.2483000010251999
YBL040C,YHR061C,0,-3.3777218,0.2276119440793991,0.7319999933242798,0.2484000027179718
YCR020C-A,YBR129C,0,-3.3778057,0.22754119336605072,0.7319999933242798,0.2485000044107437
YJL058C,YLR394W,0,-3.3778987,0.22747047245502472,0.7319999933242798,0.24860000610351562
YCR088W,YNR052C,0,-3.3783255,0.2273998111486435,0.7319999933242798,0.24869999289512634
YBR295W,YGR118W,0,-3.3787398,0.22732919454574585,0.7319999933242798,0.24879999458789825
YNL288W,YNR031C,0,-3.3787556,0.2272586226463318,0.7319999933242798,0.24889999628067017
YPL089C,YPR110C,0,-3.3788676,0.2271880805492401,0.7319999933242798,0.24899999797344208
YNL233W,YDR393W,0,-3.3789363,0.2271175980567932,0.7319999933242798,0.249099999666214
YPL021W,YML049C,0,-3.379775,0.2270471453666687,0.7319999933242798,0.2492000013589859
YDR138W,YGR099W,0,-3.380319,0.22697673738002777,0.7319999933242798,0.2493000030517578
YBR155W,YPR141C,0,-3.3804884,0.22690638899803162,0.7319999933242798,0.24940000474452972
YDR118W,YMR125W,0,-3.381525,0.22683607041835785,0.7319999933242798,0.24950000643730164
YHR031C,YJR004C,0,-3.3816876,0.22676579654216766,0.7319999933242798,0.24959999322891235
YLL038C,YPL179W,0,-3.3818755,0.22669556736946106,0.7319999933242798,0.24969999492168427
YDR511W,YLR242C,0,-3.3824067,0.22662538290023804,0.7319999933242798,0.24979999661445618
YAL056W,YER042W,0,-3.3827186,0.2265552431344986,0.7319999933242798,0.2498999983072281
YGL012W,YML016C,0,-3.3830676,0.22648514807224274,0.7319999933242798,0.25
YLR078C,YJR076C,0,-3.3830976,0.22641509771347046,0.7319999933242798,0.2500999867916107
YGR057C,YBR098W,0,-3.3832126,0.22634507715702057,0.7319999933242798,0.2502000033855438
YOR226C,YBR260C,0,-3.3836193,0.22627511620521545,0.7319999933242798,0.25029999017715454
YBR215W,YBR175W,1,-3.3839092,0.22651422023773193,0.7329999804496765,0.25029999017715454
YBR004C,YJL112W,0,-3.3841124,0.22644424438476562,0.7329999804496765,0.25040000677108765
YDR123C,YBL034C,0,-3.3842802,0.2263742983341217,0.7329999804496765,0.25049999356269836
YIR028W,YOR140W,0,-3.384563,0.22630441188812256,0.7329999804496765,0.25060001015663147
YBR243C,YNL288W,0,-3.3847785,0.226234570145607,0.7329999804496765,0.2506999969482422
YGL211W,YDR076W,0,-3.3849697,0.22616475820541382,0.7329999804496765,0.2508000135421753
YNR056C,YGL201C,0,-3.3852482,0.22609500586986542,0.7329999804496765,0.250900000333786
YMR036C,YJL054W,0,-3.3862457,0.2260252833366394,0.7329999804496765,0.25099998712539673
YJL134W,YMR077C,0,-3.3865023,0.22595560550689697,0.7329999804496765,0.25110000371932983
YJL085W,YPL262W,0,-3.3865976,0.22588597238063812,0.7329999804496765,0.25119999051094055
YCR033W,YMR053C,1,-3.386609,0.22612446546554565,0.734000027179718,0.25119999051094055
YKR009C,YJL013C,0,-3.387218,0.2260548174381256,0.734000027179718,0.25130000710487366
YNR056C,YDL217C,0,-3.387288,0.22598522901535034,0.734000027179718,0.2513999938964844
YHL003C,YMR179W,0,-3.3874187,0.22591567039489746,0.734000027179718,0.2515000104904175
YCR107W,YDL098C,0,-3.3877335,0.22584615647792816,0.734000027179718,0.2515999972820282
YLR384C,YOR110W,0,-3.3877935,0.22577668726444244,0.734000027179718,0.2517000138759613
YDR284C,YJL056C,0,-3.3883533,0.2257072627544403,0.734000027179718,0.251800000667572
YIL150C,YJL080C,1,-3.3890681,0.22594527900218964,0.7350000143051147,0.251800000667572
YGL219C,YDR400W,0,-3.3890905,0.2258758395910263,0.7350000143051147,0.25189998745918274
YCL010C,YNL246W,1,-3.389215,0.2261136770248413,0.7360000014305115,0.25189998745918274
YER167W,YHR191C,0,-3.3894072,0.22604422271251678,0.7360000014305115,0.25200000405311584
YNR059W,YDR389W,0,-3.389577,0.22597482800483704,0.7360000014305115,0.25209999084472656
YFR013W,YDR303C,1,-3.3895812,0.22621239721775055,0.7369999885559082,0.25209999084472656
YDR227W,YOR290C,1,-3.3900456,0.22644983232021332,0.7379999756813049,0.25209999084472656
YPL270W,YDR289C,0,-3.3903713,0.2263803631067276,0.7379999756813049,0.25220000743865967
YPL046C,YGR145W,0,-3.3908157,0.22631095349788666,0.7379999756813049,0.2522999942302704
YGL226C-A,YNL070W,0,-3.3908558,0.2262415736913681,0.7379999756813049,0.2524000108242035
YJL108C,YKL108W,0,-3.3913202,0.22617223858833313,0.7379999756813049,0.2524999976158142
YDR198C,YLR264W,0,-3.3913493,0.22610294818878174,0.7379999756813049,0.2526000142097473
YHR118C,YPR018W,1,-3.3916101,0.22633996605873108,0.7390000224113464,0.2526000142097473
YDR263C,YHR167W,0,-3.3932161,0.2262706607580185,0.7390000224113464,0.25270000100135803
YOL023W,YDR170C,0,-3.3935833,0.22620141506195068,0.7390000224113464,0.25279998779296875
YLL050C,YLR466W,0,-3.3939743,0.22613218426704407,0.7390000224113464,0.25290000438690186
YDR054C,YML078W,0,-3.394858,0.22606301307678223,0.7390000224113464,0.2529999911785126
YNR057C,YOR045W,0,-3.3951135,0.22599388659000397,0.7390000224113464,0.2531000077724457
YKL084W,YER127W,0,-3.395464,0.2259247899055481,0.7390000224113464,0.2531999945640564
YKL189W,YGL129C,0,-3.3954816,0.225855752825737,0.7390000224113464,0.2533000111579895
YDR437W,YIR009W,0,-3.3955493,0.2257867455482483,0.7390000224113464,0.2533999979496002
YER167W,YPL063W,0,-3.3961763,0.22571778297424316,0.7390000224113464,0.2535000145435333
YGL018C,YLR163C,0,-3.396226,0.22564885020256042,0.7390000224113464,0.25360000133514404
YOR193W,YNL222W,0,-3.3962893,0.22557997703552246,0.7390000224113464,0.25369998812675476
YIL062C,YLR032W,0,-3.3973336,0.22551113367080688,0.7390000224113464,0.25380000472068787
YDL226C,YFL038C,0,-3.3975782,0.22544234991073608,0.7390000224113464,0.2538999915122986
YPL084W,YJR068W,0,-3.3976831,0.22537359595298767,0.7390000224113464,0.2540000081062317
YJL173C,YNL139C,0,-3.397709,0.22530487179756165,0.7390000224113464,0.2540999948978424
YER118C,YGR172C,0,-3.3977108,0.2252362072467804,0.7390000224113464,0.2542000114917755
YKR003W,YOR110W,0,-3.3979917,0.22516758739948273,0.7390000224113464,0.25429999828338623
YJL106W,YJR052W,0,-3.3980422,0.22509899735450745,0.7390000224113464,0.25440001487731934
YGR085C,YGL212W,0,-3.398284,0.22503045201301575,0.7390000224113464,0.25450000166893005
YOL067C,YNL032W,0,-3.3986397,0.22496195137500763,0.7390000224113464,0.25459998846054077
YMR198W,YNL311C,0,-3.3986583,0.2248934805393219,0.7390000224113464,0.2547000050544739
YLR051C,YMR179W,0,-3.3989983,0.22482506930828094,0.7390000224113464,0.2547999918460846
YPR128C,YHR143W-A,0,-3.399013,0.22475668787956238,0.7390000224113464,0.2549000084400177
YGL014W,YOR290C,1,-3.399026,0.22499239444732666,0.7400000095367432,0.2549000084400177
YKR022C,YOR081C,0,-3.3991833,0.2249240130186081,0.7400000095367432,0.2549999952316284
YOL066C,YOR035C,0,-3.3993015,0.22485566139221191,0.7400000095367432,0.2551000118255615
YJR121W,YHR181W,0,-3.3997726,0.2247873693704605,0.7400000095367432,0.25519999861717224
YMR316W,YML094W,0,-3.4002094,0.2247191071510315,0.7400000095367432,0.25529998540878296
YOR037W,YDR404C,0,-3.4003463,0.22465087473392487,0.7400000095367432,0.25540000200271606
YJR083C,YOR334W,0,-3.4014912,0.224582701921463,0.7400000095367432,0.2554999887943268
YLR330W,YEL061C,0,-3.4015741,0.22451455891132355,0.7400000095367432,0.2556000053882599
YLR347C,YNL323W,0,-3.4019113,0.22444646060466766,0.7400000095367432,0.2556999921798706
YDR030C,YNL287W,0,-3.4020238,0.22437840700149536,0.7400000095367432,0.2558000087738037
YIL033C,YLR010C,0,-3.402183,0.22431039810180664,0.7400000095367432,0.25589999556541443
YPR083W,YOR354C,0,-3.402196,0.2242424190044403,0.7400000095367432,0.25600001215934753
YCR081W,YKL196C,0,-3.402553,0.22417449951171875,0.7400000095367432,0.25609999895095825
YMR198W,YCL031C,0,-3.4028983,0.2241065949201584,0.7400000095367432,0.25619998574256897
YDR113C,YGL255W,0,-3.4031239,0.2240387499332428,0.7400000095367432,0.2563000023365021
YPL053C,YKR087C,0,-3.4036016,0.2239709496498108,0.7400000095367432,0.2563999891281128
YGR037C,YEL050C,0,-3.4036412,0.22390317916870117,0.7400000095367432,0.2565000057220459
YFL034C-B,YMR006C,0,-3.4036517,0.22383545339107513,0.7400000095367432,0.2565999925136566
YBR164C,YNL164C,0,-3.4036803,0.22376777231693268,0.7400000095367432,0.2567000091075897
YPR017C,YNL297C,0,-3.403925,0.2237001210451126,0.7400000095367432,0.25679999589920044
YER116C,YDL244W,0,-3.4042196,0.22363251447677612,0.7400000095367432,0.25690001249313354
YMR184W,YOR315W,0,-3.4042654,0.22356495261192322,0.7400000095367432,0.25699999928474426
YER087C-B,YCR018C,0,-3.4048824,0.2234974354505539,0.7400000095367432,0.257099986076355
YNR016C,YKL025C,0,-3.4053326,0.22342994809150696,0.7400000095367432,0.2572000026702881
YNL233W,YPL190C,0,-3.405356,0.2233625054359436,0.7400000095367432,0.2572999894618988
YGL126W,YJL029C,0,-3.4057245,0.22329510748386383,0.7400000095367432,0.2574000060558319
YGL012W,YDR023W,0,-3.4058313,0.22322775423526764,0.7400000095367432,0.2574999928474426
YKL005C,YDR369C,0,-3.4060192,0.22316043078899384,0.7400000095367432,0.25760000944137573
YGL012W,YLR011W,0,-3.4061565,0.2230931520462036,0.7400000095367432,0.25769999623298645
YDR191W,YDR143C,1,-3.4065838,0.22332730889320374,0.7409999966621399,0.25769999623298645
YOR334W,YDR529C,0,-3.4067078,0.22326001524925232,0.7409999966621399,0.25780001282691956
YPL050C,YML107C,0,-3.4068046,0.22319276630878448,0.7409999966621399,0.2578999996185303
YIR004W,YML060W,0,-3.40698,0.22312556207180023,0.7409999966621399,0.257999986410141
YIL140W,YGR231C,0,-3.407013,0.22305840253829956,0.7409999966621399,0.2581000030040741
YMR047C,YBR061C,0,-3.4072485,0.22299127280712128,0.7409999966621399,0.2581999897956848
YPR171W,YDL235C,0,-3.4073896,0.22292418777942657,0.7409999966621399,0.2583000063896179
YPL049C,YKR003W,0,-3.4075594,0.22285714745521545,0.7409999966621399,0.25839999318122864
YJR082C,YBL006C,1,-3.4083815,0.22309079766273499,0.7419999837875366,0.25839999318122864
YPL078C,YBR087W,0,-3.4084482,0.22302374243736267,0.7419999837875366,0.25850000977516174
YNR038W,YOR195W,0,-3.408649,0.22295673191547394,0.7419999837875366,0.25859999656677246
YML093W,YGR241C,0,-3.4099326,0.2228897511959076,0.7419999837875366,0.25870001316070557
YGL222C,YPL174C,0,-3.4106002,0.22282283008098602,0.7419999837875366,0.2587999999523163
YKL178C,YMR039C,0,-3.4110909,0.22275592386722565,0.7419999837875366,0.258899986743927
YCR010C,YER116C,0,-3.4116201,0.22268907725811005,0.7419999837875366,0.2590000033378601
YGL071W,YNL291C,0,-3.4116435,0.22262226045131683,0.7419999837875366,0.2590999901294708
YJR043C,YDL147W,0,-3.4119673,0.2225554883480072,0.7419999837875366,0.25920000672340393
YPR105C,YNR017W,0,-3.4119778,0.22248876094818115,0.7419999837875366,0.25929999351501465
YKL189W,YGR212W,0,-3.4122648,0.2224220633506775,0.7419999837875366,0.25940001010894775
YDL099W,YGL251C,0,-3.4128656,0.2223554104566574,0.7419999837875366,0.25949999690055847
YGL013C,YLR234W,0,-3.4129238,0.2222888022661209,0.7419999837875366,0.2596000134944916
YJL110C,YDR077W,0,-3.41299,0.2222222238779068,0.7419999837875366,0.2597000002861023
YAL044C,YBR080C,0,-3.413002,0.22215569019317627,0.7419999837875366,0.259799987077713
YJR139C,YHR073W,0,-3.4132004,0.22208920121192932,0.7419999837875366,0.2599000036716461
YKL049C,YOL028C,0,-3.4134383,0.22202274203300476,0.7419999837875366,0.25999999046325684
YJR094C,YDR057W,0,-3.4136791,0.22195632755756378,0.7419999837875366,0.26010000705718994
YDL216C,YJL192C,0,-3.4140735,0.22188995778560638,0.7419999837875366,0.26019999384880066
YLR098C,YER143W,0,-3.4145746,0.22182361781597137,0.7419999837875366,0.26030001044273376
YER177W,YGL094C,0,-3.414629,0.22175732254981995,0.7419999837875366,0.2603999972343445
YJR013W,YJR074W,0,-3.4154344,0.2216910719871521,0.7419999837875366,0.2605000138282776
YNL149C,YOR014W,0,-3.415482,0.22162485122680664,0.7419999837875366,0.2606000006198883
YPR161C,YPL063W,0,-3.4157152,0.22155867516994476,0.7419999837875366,0.260699987411499
YHR176W,YCR071C,0,-3.4166236,0.22149254381656647,0.7419999837875366,0.26080000400543213
YPL100W,YLR429W,0,-3.4168172,0.22142644226551056,0.7419999837875366,0.26089999079704285
YDR217C,YJL222W,0,-3.4169936,0.22136038541793823,0.7419999837875366,0.26100000739097595
YOL133W,YDR473C,0,-3.417759,0.2212943583726883,0.7419999837875366,0.26109999418258667
YOR327C,YPL045W,0,-3.4183698,0.22122839093208313,0.7419999837875366,0.2612000107765198
YEL061C,YOL067C,0,-3.4188776,0.22116243839263916,0.7419999837875366,0.2612999975681305
YNL041C,YDL047W,0,-3.418931,0.22109654545783997,0.7419999837875366,0.2614000141620636
YNL068C,YDR393W,0,-3.4195704,0.22103068232536316,0.7419999837875366,0.2615000009536743
YGL119W,YOR112W,0,-3.4196968,0.22096486389636993,0.7419999837875366,0.26159998774528503
YIL009W,YIL068C,0,-3.419805,0.2208990752696991,0.7419999837875366,0.26170000433921814
YNL206C,YJL080C,1,-3.4198356,0.22113095223903656,0.7429999709129333,0.26170000433921814
YKR022C,YGL205W,0,-3.4199948,0.22106516361236572,0.7429999709129333,0.26179999113082886
YHL011C,YPR133C,0,-3.4200482,0.22099940478801727,0.7429999709129333,0.26190000772476196
YER147C,YPL106C,0,-3.420579,0.2209336906671524,0.7429999709129333,0.2619999945163727
YJL168C,YDR310C,1,-3.4209456,0.22116528451442719,0.7440000176429749,0.2619999945163727
YAL041W,YER122C,0,-3.4215846,0.22109955549240112,0.7440000176429749,0.2621000111103058
YDL043C,YNL064C,0,-3.4215965,0.22103387117385864,0.7440000176429749,0.2621999979019165
YLR229C,YBR201W,0,-3.4216166,0.22096821665763855,0.7440000176429749,0.2623000144958496
YPL231W,YLR371W,0,-3.4217906,0.22090260684490204,0.7440000176429749,0.2624000012874603
YMR162C,YNL003C,0,-3.4225578,0.2208370417356491,0.7440000176429749,0.26249998807907104
YHR190W,YOR334W,0,-3.4227757,0.22077150642871857,0.7440000176429749,0.26260000467300415
YGL168W,YFL045C,0,-3.422793,0.2207060158252716,0.7440000176429749,0.26269999146461487
YPR193C,YLR288C,1,-3.4235091,0.22093713283538818,0.7450000047683716,0.26269999146461487
YKL006C-A,YLR130C,0,-3.4235358,0.22087162733078003,0.7450000047683716,0.262800008058548
YNL147W,YCR067C,0,-3.4243298,0.22080616652965546,0.7450000047683716,0.2628999948501587
YEL056W,YOR064C,1,-3.4245796,0.22103703022003174,0.7459999918937683,0.2628999948501587
YPL227C,YGL105W,0,-3.4246893,0.22097156941890717,0.7459999918937683,0.2630000114440918
YNL172W,YML097C,0,-3.424726,0.2209061235189438,0.7459999918937683,0.2630999982357025
YBR098W,YIL039W,0,-3.4249911,0.22084073722362518,0.7459999918937683,0.2632000148296356
YKL112W,YCR033W,1,-3.425025,0.22107131779193878,0.746999979019165,0.2632000148296356
YJL209W,YPL028W,0,-3.4262958,0.22100591659545898,0.746999979019165,0.26330000162124634
YPL089C,YDR027C,0,-3.4264045,0.22094054520130157,0.746999979019165,0.26339998841285706
YLR085C,YOR244W,1,-3.4266658,0.22117090225219727,0.7480000257492065,0.26339998841285706
YBR043C,YMR089C,0,-3.427095,0.22110553085803986,0.7480000257492065,0.26350000500679016
YKL160W,YML069W,1,-3.4276218,0.22133569419384003,0.7490000128746033,0.26350000500679016
YBR131W,YGL201C,0,-3.428176,0.22127030789852142,0.7490000128746033,0.2635999917984009
YCR077C,YJL011C,0,-3.428265,0.2212049663066864,0.7490000128746033,0.263700008392334
YLR127C,YHR091C,0,-3.4283657,0.22113965451717377,0.7490000128746033,0.2637999951839447
YMR220W,YOL061W,0,-3.4294271,0.22107438743114471,0.7490000128746033,0.2639000117778778
YNL287W,YEL002C,0,-3.429905,0.22100915014743805,0.7490000128746033,0.2639999985694885
YFL004W,YML001W,0,-3.4299793,0.22094395756721497,0.7490000128746033,0.26409998536109924
YKR087C,YNR052C,0,-3.4304872,0.22087879478931427,0.7490000128746033,0.26420000195503235
YER112W,YLR263W,0,-3.430688,0.22081367671489716,0.7490000128746033,0.26429998874664307
YNR010W,YDL201W,0,-3.4309287,0.22074860334396362,0.7490000128746033,0.26440000534057617
YOL027C,YLR435W,0,-3.4311771,0.22068355977535248,0.7490000128746033,0.2644999921321869
YDR191W,YFL013C,1,-3.431921,0.2209131121635437,0.75,0.2644999921321869
YLR435W,YDR381W,0,-3.4319606,0.22084805369377136,0.75,0.26460000872612
YKL014C,YLR417W,0,-3.4328575,0.2207830399274826,0.75,0.2646999955177307
YJL060W,YIL135C,0,-3.4334292,0.22071807086467743,0.75,0.2648000121116638
YGL122C,YNR026C,0,-3.433608,0.22065313160419464,0.75,0.26489999890327454
YLR430W,YMR218C,0,-3.4336143,0.22058823704719543,0.75,0.26499998569488525
YBR210W,YDR503C,0,-3.4337482,0.22052337229251862,0.75,0.26510000228881836
YER155C,YPL122C,0,-3.4344583,0.22045855224132538,0.75,0.2651999890804291
YPL112C,YOL061W,0,-3.4346128,0.22039377689361572,0.75,0.2653000056743622
YAR002C-A,YDR420W,0,-3.4346418,0.22032903134822845,0.75,0.2653999924659729
YOR290C,YJL176C,1,-3.4347005,0.22055800259113312,0.7509999871253967,0.2653999924659729
YPL098C,YIL123W,0,-3.4349127,0.22049324214458466,0.7509999871253967,0.265500009059906
YDR182W,YCL024W,0,-3.4351792,0.22042852640151978,0.7509999871253967,0.2655999958515167
YKR027W,YIL049W,0,-3.435719,0.22036385536193848,0.7509999871253967,0.26570001244544983
YGR121C,YNL142W,0,-3.4359612,0.22029921412467957,0.7509999871253967,0.26579999923706055
YDR363W-A,YKL122C,0,-3.4359937,0.22023460268974304,0.7509999871253967,0.26589998602867126
YJR144W,YLR360W,0,-3.4361086,0.2201700359582901,0.7509999871253967,0.26600000262260437
YGR118W,YHL012W,0,-3.4361997,0.22010551393032074,0.7509999871253967,0.2660999894142151
YAR008W,YBR254C,0,-3.4363527,0.22004102170467377,0.7509999871253967,0.2662000060081482
YGR206W,YMR183C,0,-3.4364457,0.21997657418251038,0.7509999871253967,0.2662999927997589
YOR307C,YDR457W,0,-3.4368887,0.21991215646266937,0.7509999871253967,0.266400009393692
YLR145W,YBR280C,0,-3.4372716,0.21984776854515076,0.7509999871253967,0.26649999618530273
YJL076W,YLR272C,1,-3.4374623,0.2200760841369629,0.7519999742507935,0.26649999618530273
YBL046W,YEL026W,0,-3.4382958,0.22001169621944427,0.7519999742507935,0.26660001277923584
YMR069W,YDR392W,1,-3.4388433,0.22023983299732208,0.753000020980835,0.26660001277923584
YMR275C,YNR026C,0,-3.4388633,0.22017544507980347,0.753000020980835,0.26669999957084656
YGL090W,YNL169C,0,-3.4398136,0.22011107206344604,0.753000020980835,0.2667999863624573
YBR272C,YPL097W,0,-3.4399014,0.2200467586517334,0.753000020980835,0.2669000029563904
YDL164C,YJL203W,0,-3.4402084,0.21998247504234314,0.753000020980835,0.2669999897480011
YIL040W,YPR042C,0,-3.4402604,0.21991822123527527,0.753000020980835,0.2671000063419342
YLR183C,YDL058W,0,-3.4405093,0.21985401213169098,0.753000020980835,0.2671999931335449
YNL027W,YDR179C,0,-3.440567,0.21978984773159027,0.753000020980835,0.267300009727478
YNL227C,YLR320W,0,-3.4412055,0.21972571313381195,0.753000020980835,0.26739999651908875
YMR041C,YOR229W,0,-3.4413953,0.21966160833835602,0.753000020980835,0.26750001311302185
YJL019W,YCR067C,0,-3.4414697,0.21959754824638367,0.753000020980835,0.26759999990463257
YLR138W,YDR427W,0,-3.441485,0.2195335328578949,0.753000020980835,0.2676999866962433
YJR108W,YLR010C,0,-3.4415674,0.21946954727172852,0.753000020980835,0.2678000032901764
YJL179W,YPL167C,0,-3.4418817,0.21940559148788452,0.753000020980835,0.2678999900817871
YBR088C,YPL016W,1,-3.442152,0.21963296830654144,0.7540000081062317,0.2678999900817871
YPR168W,YNL126W,0,-3.4424105,0.21956901252269745,0.7540000081062317,0.2680000066757202
YBR121C,YML005W,0,-3.4430108,0.21950510144233704,0.7540000081062317,0.26809999346733093
YCL008C,YKL119C,0,-3.44377,0.21944120526313782,0.7540000081062317,0.26820001006126404
YDR224C,YOL012C,1,-3.444489,0.21966831386089325,0.7549999952316284,0.26820001006126404
YOR067C,YPL140C,0,-3.4450698,0.21960441768169403,0.7549999952316284,0.26829999685287476
YBL093C,YER116C,0,-3.4455576,0.2195405662059784,0.7549999952316284,0.26840001344680786
YNR043W,YKL045W,0,-3.4457674,0.21947674453258514,0.7549999952316284,0.2685000002384186
YJL146W,YAR031W,0,-3.4470272,0.21941296756267548,0.7549999952316284,0.2685999870300293
YGR288W,YIL048W,0,-3.447393,0.2193492203950882,0.7549999952316284,0.2687000036239624
YMR116C,YLR145W,0,-3.447452,0.2192855030298233,0.7549999952316284,0.2687999904155731
YER146W,YGR211W,0,-3.447485,0.219221830368042,0.7549999952316284,0.2689000070095062
YJL125C,YKL205W,0,-3.4480948,0.21915820240974426,0.7549999952316284,0.26899999380111694
YLR371W,YNL167C,0,-3.4481988,0.21909460425376892,0.7549999952316284,0.26910001039505005
YIR033W,YOR270C,0,-3.4485993,0.21903103590011597,0.7549999952316284,0.26919999718666077
YPL084W,YER032W,0,-3.448905,0.2189675122499466,0.7549999952316284,0.26930001378059387
YJL099W,YKR052C,0,-3.4489293,0.2189040333032608,0.7549999952316284,0.2694000005722046
YCR038C,YLR191W,0,-3.4493122,0.2188405841588974,0.7549999952316284,0.2694999873638153
YDL245C,YNL123W,0,-3.44978,0.21877716481685638,0.7549999952316284,0.2696000039577484
YOL086C,YPR095C,0,-3.4499216,0.21871379017829895,0.7549999952316284,0.26969999074935913
YAL053W,YLL027W,0,-3.449925,0.2186504453420639,0.7549999952316284,0.26980000734329224
YPL195W,YML038C,0,-3.4501472,0.21858714520931244,0.7549999952316284,0.26989999413490295
YLL021W,YHR152W,0,-3.4502945,0.21852387487888336,0.7549999952316284,0.27000001072883606
YBL085W,YOR315W,0,-3.45043,0.21846064925193787,0.7549999952316284,0.2700999975204468
YOR320C,YOL040C,0,-3.4511852,0.21839745342731476,0.7549999952316284,0.2702000141143799
YAL021C,YOR353C,0,-3.4515386,0.21833430230617523,0.7549999952316284,0.2703000009059906
YJL100W,YGL098W,0,-3.4519777,0.2182711809873581,0.7549999952316284,0.2703999876976013
YBL011W,YIL023C,0,-3.4523988,0.21820808947086334,0.7549999952316284,0.2705000042915344
YBL085W,YMR199W,0,-3.4528265,0.21814504265785217,0.7549999952316284,0.27059999108314514
YGL105W,YDL126C,0,-3.4539313,0.21808204054832458,0.7549999952316284,0.27070000767707825
YGR097W,YGR030C,0,-3.4539533,0.2180190533399582,0.7549999952316284,0.27079999446868896
YMR013C,YNL044W,0,-3.45398,0.21795612573623657,0.7549999952316284,0.27090001106262207
YOL077C,YMR218C,0,-3.454032,0.21789321303367615,0.7549999952316284,0.2709999978542328
YCR066W,YNL138W,0,-3.4541535,0.2178303450345993,0.7549999952316284,0.2711000144481659
YKL046C,YOL042W,0,-3.4542403,0.21776752173900604,0.7549999952316284,0.2712000012397766
YPL132W,YML095C,0,-3.4547248,0.21770472824573517,0.7549999952316284,0.27129998803138733
YPR128C,YFL008W,0,-3.454805,0.21764196455478668,0.7549999952316284,0.27140000462532043
YKL190W,YAL012W,0,-3.4551382,0.21757924556732178,0.7549999952316284,0.27149999141693115
YFL041W,YER028C,0,-3.4552565,0.21751657128334045,0.7549999952316284,0.27160000801086426
YJR082C,YDR359C,1,-3.45547,0.2177419364452362,0.7559999823570251,0.27160000801086426
YPR029C,YGR162W,0,-3.4554772,0.2176792472600937,0.7559999823570251,0.271699994802475
YGR057C,YJL187C,0,-3.4556093,0.21761657297611237,0.7559999823570251,0.2718000113964081
YDR113C,YDR285W,0,-3.4560108,0.21755395829677582,0.7559999823570251,0.2718999981880188
YGL178W,YDR176W,1,-3.4565296,0.21777905523777008,0.7570000290870667,0.2718999981880188
YPL089C,YDR449C,0,-3.45675,0.21771642565727234,0.7570000290870667,0.2720000147819519
YHR008C,YNL054W,0,-3.4570036,0.21765382587909698,0.7570000290870667,0.2721000015735626
YLR291C,YJL056C,0,-3.4571033,0.21759125590324402,0.7570000290870667,0.27219998836517334
YAR033W,YKL020C,0,-3.4571552,0.21752873063087463,0.7570000290870667,0.27230000495910645
YGR040W,YOR098C,0,-3.457254,0.21746625006198883,0.7570000290870667,0.27239999175071716
YOL086C,YOR321W,0,-3.4576507,0.21740378439426422,0.7570000290870667,0.27250000834465027
YER167W,YNL116W,0,-3.4578037,0.2173413783311844,0.7570000290870667,0.272599995136261
YLR260W,YGR231C,0,-3.4585729,0.21727898716926575,0.7570000290870667,0.2727000117301941
YOR198C,YCL032W,0,-3.4586434,0.2172166407108307,0.7570000290870667,0.2727999985218048
YPL232W,YAL002W,0,-3.4591594,0.2171543389558792,0.7570000290870667,0.2728999853134155
YFR055W,YGR241C,0,-3.4595952,0.21709205210208893,0.7570000290870667,0.27300000190734863
YMR292W,YGR274C,0,-3.4596038,0.21702980995178223,0.7570000290870667,0.27309998869895935
YDR038C,YLR303W,0,-3.4600224,0.2169676125049591,0.7570000290870667,0.27320000529289246
YKL101W,YPL270W,0,-3.4603205,0.21690544486045837,0.7570000290870667,0.2732999920845032
YPR155C,YLR010C,0,-3.460494,0.21684330701828003,0.7570000290870667,0.2734000086784363
YDR446W,YLR081W,0,-3.460896,0.21678121387958527,0.7570000290870667,0.273499995470047
YNL292W,YBR049C,0,-3.461248,0.2167191505432129,0.7570000290870667,0.2736000120639801
YJR112W,YFL008W,0,-3.4614606,0.2166571319103241,0.7570000290870667,0.2736999988555908
YJL196C,YNL009W,0,-3.4615583,0.2165951430797577,0.7570000290870667,0.27379998564720154
YOR005C,YNL068C,0,-3.4616199,0.21653318405151367,0.7570000290870667,0.27390000224113464
YFR013W,YHR119W,1,-3.4617085,0.21675722301006317,0.7580000162124634,0.27390000224113464
YBR091C,YLR430W,0,-3.4622245,0.21669524908065796,0.7580000162124634,0.27399998903274536
YOL064C,YAL001C,0,-3.4622283,0.21663331985473633,0.7580000162124634,0.27410000562667847
YDR424C,YDR481C,0,-3.4625392,0.21657143533229828,0.7580000162124634,0.2741999924182892
YCR010C,YMR047C,0,-3.463272,0.21650956571102142,0.7580000162124634,0.2743000090122223
YFR050C,YDL244W,0,-3.4634743,0.21644774079322815,0.7580000162124634,0.274399995803833
YPR155C,YNR031C,0,-3.4639068,0.21638596057891846,0.7580000162124634,0.2745000123977661
YER017C,YAR014C,0,-3.463996,0.21632419526576996,0.7580000162124634,0.27459999918937683
YKL046C,YKL042W,0,-3.4647865,0.21626248955726624,0.7580000162124634,0.27469998598098755
YCR034W,YPL124W,0,-3.4655604,0.2162007987499237,0.7580000162124634,0.27480000257492065
YIL118W,YLR417W,0,-3.4655757,0.21613915264606476,0.7580000162124634,0.27489998936653137
YNL318C,YEL031W,0,-3.4657474,0.2160775363445282,0.7580000162124634,0.2750000059604645
YLR347C,YLR398C,0,-3.4660134,0.21601596474647522,0.7580000162124634,0.2750999927520752
YPR198W,YDL185W,0,-3.4666643,0.21595442295074463,0.7580000162124634,0.2752000093460083
YJL094C,YOR075W,0,-3.466926,0.21589291095733643,0.7580000162124634,0.275299996137619
YPR176C,YIL063C,0,-3.467143,0.2158314287662506,0.7580000162124634,0.2754000127315521
YGL205W,YER074W-A,0,-3.4672484,0.21576999127864838,0.7580000162124634,0.27549999952316284
YLL050C,YDL190C,0,-3.4674253,0.21570859849452972,0.7580000162124634,0.27559998631477356
YER017C,YJR150C,0,-3.4675608,0.21564722061157227,0.7580000162124634,0.27570000290870667
YLR059C,YDL217C,0,-3.4676032,0.2155858874320984,0.7580000162124634,0.2757999897003174
YJL034W,YER074W-A,0,-3.4678903,0.2155245989561081,0.7580000162124634,0.2759000062942505
YOR025W,YER051W,1,-3.4678946,0.21574757993221283,0.7590000033378601,0.2759000062942505
YNR060W,YGL070C,0,-3.4681425,0.21568627655506134,0.7590000033378601,0.2759999930858612
YOR157C,YNR039C,0,-3.4687362,0.21562500298023224,0.7590000033378601,0.2761000096797943
YER172C,YBR295W,0,-3.46881,0.21556375920772552,0.7590000033378601,0.27619999647140503
YLR314C,YFR050C,0,-3.469057,0.2155025601387024,0.7590000033378601,0.27630001306533813
YJR153W,YOR329C,0,-3.4694033,0.21544139087200165,0.7590000033378601,0.27639999985694885
YCR093W,YDR151C,0,-3.469604,0.2153802514076233,0.7590000033378601,0.27649998664855957
YCL016C,YAL044C,0,-3.4699235,0.21531914174556732,0.7590000033378601,0.2766000032424927
YPL218W,YLR234W,0,-3.4700537,0.21525807678699493,0.7590000033378601,0.2766999900341034
YKL165C,YDR245W,0,-3.4701028,0.21519705653190613,0.7590000033378601,0.2768000066280365
YIL009W,YPL232W,0,-3.4704747,0.21513605117797852,0.7590000033378601,0.2768999934196472
YDR182W,YPL124W,0,-3.4709215,0.21507509052753448,0.7590000033378601,0.2770000100135803
YMR275C,YDR284C,0,-3.471623,0.21501415967941284,0.7590000033378601,0.27709999680519104
YCR020C-A,YNL044W,0,-3.471974,0.21495327353477478,0.7590000033378601,0.27720001339912415
YDR174W,YKL188C,0,-3.4740286,0.2148924171924591,0.7590000033378601,0.27730000019073486
YGL120C,YJL156C,0,-3.4744854,0.21483159065246582,0.7590000033378601,0.2773999869823456
YOL023W,YBR098W,0,-3.4747405,0.21477079391479492,0.7590000033378601,0.2775000035762787
YGR002C,YDR145W,1,-3.4748306,0.2149929255247116,0.7599999904632568,0.2775000035762787
YML104C,YBL011W,0,-3.4748883,0.2149321287870407,0.7599999904632568,0.2775999903678894
YLR459W,YDR251W,0,-3.475153,0.2148713618516922,0.7599999904632568,0.2777000069618225
YFL025C,YGL162W,0,-3.4763985,0.21481062471866608,0.7599999904632568,0.2777999937534332
YIL036W,YPL169C,0,-3.4771237,0.21474993228912354,0.7599999904632568,0.27790001034736633
YHR108W,YCR028C-A,0,-3.4773526,0.21468926966190338,0.7599999904632568,0.27799999713897705
YBR155W,YAL007C,0,-3.4775143,0.21462863683700562,0.7599999904632568,0.27810001373291016
YDR483W,YCR092C,0,-3.4778228,0.21456803381443024,0.7599999904632568,0.2782000005245209
YPL132W,YLR354C,0,-3.4781952,0.21450747549533844,0.7599999904632568,0.2782999873161316
YLR044C,YLR135W,0,-3.4789257,0.21444694697856903,0.7599999904632568,0.2784000039100647
YMR312W,YBR173C,0,-3.4795923,0.2143864631652832,0.7599999904632568,0.2784999907016754
YMR167W,YGR152C,0,-3.4800034,0.21432599425315857,0.7599999904632568,0.2786000072956085
YGR037C,YER142C,0,-3.4802675,0.21426557004451752,0.7599999904632568,0.27869999408721924
YHR004C,YML019W,0,-3.4802709,0.21420519053936005,0.7599999904632568,0.27880001068115234
YFR005C,YPR054W,0,-3.4804401,0.21414482593536377,0.7599999904632568,0.27889999747276306
YJR076C,YDR022C,0,-3.480523,0.21408450603485107,0.7599999904632568,0.27900001406669617
YIL033C,YKL028W,0,-3.4805403,0.21402421593666077,0.7599999904632568,0.2791000008583069
YER027C,YNL329C,0,-3.4806852,0.21396397054195404,0.7599999904632568,0.2791999876499176
YKR101W,YPL128C,1,-3.4807425,0.2141851931810379,0.7609999775886536,0.2791999876499176
YML061C,YCR081W,0,-3.4808025,0.21412493288516998,0.7609999775886536,0.2793000042438507
YEL036C,YML075C,0,-3.48101,0.21406470239162445,0.7609999775886536,0.2793999910354614
YML073C,YLR025W,0,-3.4810443,0.2140045017004013,0.7609999775886536,0.27950000762939453
YLR329W,YBR118W,0,-3.4811153,0.21394433081150055,0.7609999775886536,0.27959999442100525
YLR310C,YJL061W,0,-3.481141,0.21388420462608337,0.7609999775886536,0.27970001101493835
YLR047C,YDR023W,0,-3.4811697,0.2138241082429886,0.7609999775886536,0.2797999978065491
YDL132W,YPR055W,0,-3.481536,0.2137640416622162,0.7609999775886536,0.2799000144004822
YPL015C,YBR231C,1,-3.4815927,0.21398483216762543,0.7620000243186951,0.2799000144004822
YCR065W,YKL134C,0,-3.4819756,0.21392476558685303,0.7620000243186951,0.2800000011920929
YDL093W,YJL156C,0,-3.482029,0.21386471390724182,0.7620000243186951,0.2800999879837036
YIL010W,YIL129C,0,-3.4822688,0.2138047069311142,0.7620000243186951,0.2802000045776367
YPR164W,YGL075C,0,-3.4824023,0.21374474465847015,0.7620000243186951,0.28029999136924744
YHL027W,YIL129C,0,-3.4824743,0.2136847972869873,0.7620000243186951,0.28040000796318054
YMR204C,YBL093C,0,-3.482489,0.21362489461898804,0.7620000243186951,0.28049999475479126
YGR177C,YNR039C,0,-3.4827523,0.21356502175331116,0.7620000243186951,0.28060001134872437
YBR207W,YOR346W,0,-3.4827805,0.21350517868995667,0.7620000243186951,0.2806999981403351
YBR237W,YHR200W,0,-3.4829946,0.21344538033008575,0.7620000243186951,0.2808000147342682
YFL056C,YPL171C,0,-3.4830222,0.21338561177253723,0.7620000243186951,0.2809000015258789
YBR207W,YBR111W-A,0,-3.4831314,0.2133258730173111,0.7620000243186951,0.2809999883174896
YLL050C,YOR211C,0,-3.4834375,0.21326616406440735,0.7620000243186951,0.28110000491142273
YLR384C,YMR183C,0,-3.4834585,0.213206484913826,0.7620000243186951,0.28119999170303345
YNL142W,YLL003W,0,-3.4838138,0.2131468504667282,0.7620000243186951,0.28130000829696655
YDR179C,YKL080W,0,-3.483818,0.21308724582195282,0.7620000243186951,0.28139999508857727
YNL325C,YLR200W,0,-3.4838223,0.21302767097949982,0.7620000243186951,0.2815000116825104
YGL127C,YPL239W,0,-3.4838824,0.2129681408405304,0.7620000243186951,0.2815999984741211
YKR029C,YPL139C,1,-3.484283,0.213188037276268,0.7630000114440918,0.2815999984741211
YMR119W,YIL061C,0,-3.484498,0.2131284922361374,0.7630000114440918,0.2816999852657318
YGL236C,YIL147C,0,-3.4850926,0.21306897699832916,0.7630000114440918,0.2818000018596649
YDR009W,YDL065C,0,-3.4858413,0.21300949156284332,0.7630000114440918,0.28189998865127563
YOR112W,YOR256C,0,-3.48599,0.21295003592967987,0.7630000114440918,0.28200000524520874
YMR030W,YDR178W,0,-3.4861593,0.212890625,0.7630000114440918,0.28209999203681946
YOL130W,YMR211W,0,-3.4867015,0.21283124387264252,0.7630000114440918,0.28220000863075256
YOL101C,YHR005C-A,0,-3.4872727,0.21277189254760742,0.7630000114440918,0.2822999954223633
YJL111W,YJL033W,0,-3.4873815,0.21271257102489471,0.7630000114440918,0.2824000120162964
YDR423C,YIL042C,0,-3.4876885,0.2126532942056656,0.7630000114440918,0.2824999988079071
YBR201W,YNL267W,0,-3.4877439,0.21259403228759766,0.7630000114440918,0.2825999855995178
YHR152W,YBR030W,0,-3.4879165,0.2125348150730133,0.7630000114440918,0.2827000021934509
YML104C,YPL006W,0,-3.487927,0.21247562766075134,0.7630000114440918,0.28279998898506165
YDL099W,YDL145C,0,-3.4883037,0.21241648495197296,0.7630000114440918,0.28290000557899475
YLL034C,YKR037C,0,-3.489006,0.21235735714435577,0.7630000114440918,0.28299999237060547
YKL160W,YMR053C,1,-3.4891644,0.21257652342319489,0.7639999985694885,0.28299999237060547
YNL051W,YIL068C,0,-3.489316,0.2125173807144165,0.7639999985694885,0.2831000089645386
YFL018C,YJL036W,0,-3.4896798,0.2124582827091217,0.7639999985694885,0.2831999957561493
YLR201C,YOR084W,0,-3.4897904,0.2123992145061493,0.7639999985694885,0.2833000123500824
YEL061C,YDR545W,0,-3.489832,0.21234019100666046,0.7639999985694885,0.2833999991416931
YML095C,YLR107W,0,-3.4899206,0.21228118240833282,0.7639999985694885,0.28349998593330383
YBR091C,YDL059C,0,-3.4901385,0.21222221851348877,0.7639999985694885,0.28360000252723694
YGL256W,YJL071W,0,-3.490395,0.2121632844209671,0.7639999985694885,0.28369998931884766
YMR311C,YJL035C,0,-3.490871,0.21210438013076782,0.7639999985694885,0.28380000591278076
YNL041C,YBR162C,0,-3.4916382,0.21204552054405212,0.7639999985694885,0.2838999927043915
YPL069C,YGR007W,0,-3.491682,0.21198667585849762,0.7639999985694885,0.2840000092983246
YGL133W,YBR175W,1,-3.4917278,0.21220527589321136,0.7649999856948853,0.2840000092983246
YKL205W,YKL089W,0,-3.4919825,0.21214641630649567,0.7649999856948853,0.2840999960899353
YPL112C,YEL024W,0,-3.4931202,0.21208760142326355,0.7649999856948853,0.2842000126838684
YGL035C,YOL138C,0,-3.4941063,0.21202883124351501,0.7649999856948853,0.2842999994754791
YMR288W,YLL019C,0,-3.4941607,0.21197007596492767,0.7649999856948853,0.28439998626708984
YGR041W,YPL179W,0,-3.4951668,0.21191135048866272,0.7649999856948853,0.28450000286102295
YML081C-A,YDR057W,0,-3.4955416,0.21185266971588135,0.7649999856948853,0.28459998965263367
YPR111W,YBR035C,0,-3.4958453,0.21179401874542236,0.7649999856948853,0.2847000062465668
YLR144C,YOR245C,0,-3.4959025,0.21173539757728577,0.7649999856948853,0.2847999930381775
YGR238C,YDR429C,0,-3.4966707,0.21167680621147156,0.7649999856948853,0.2849000096321106
YJL194W,YBR023C,0,-3.4967113,0.21161825954914093,0.7649999856948853,0.2849999964237213
YBL009W,YDR461W,0,-3.496894,0.2115597277879715,0.7649999856948853,0.2851000130176544
YLR138W,YDR240C,0,-3.496902,0.21150124073028564,0.7649999856948853,0.28519999980926514
YPL053C,YOR083W,0,-3.4969397,0.21144278347492218,0.7649999856948853,0.28529998660087585
YHL002W,YPR121W,0,-3.4972382,0.2113843560218811,0.7649999856948853,0.28540000319480896
YOR353C,YOR027W,0,-3.4974265,0.2113259732723236,0.7649999856948853,0.2854999899864197
YDR219C,YJL061W,0,-3.4977002,0.2112676054239273,0.7649999856948853,0.2856000065803528
YDL098C,YML028W,0,-3.4978685,0.2112092822790146,0.7649999856948853,0.2856999933719635
YJR040W,YDL116W,0,-3.4978733,0.21115097403526306,0.7649999856948853,0.2858000099658966
YBL085W,YIL154C,0,-3.4981165,0.21109271049499512,0.7649999856948853,0.2858999967575073
YBR131W,YEL013W,0,-3.4983883,0.21103447675704956,0.7649999856948853,0.28600001335144043
YOL008W,YGR082W,0,-3.498407,0.21097628772258759,0.7649999856948853,0.28610000014305115
YOR031W,YER019W,0,-3.4984941,0.2109181135892868,0.7649999856948853,0.28619998693466187
YCR092C,YBR080C,0,-3.4985986,0.2108599841594696,0.7649999856948853,0.28630000352859497
YER052C,YGR009C,0,-3.499062,0.2108018696308136,0.7649999856948853,0.2863999903202057
YPR068C,YIL112W,1,-3.4991846,0.21101927757263184,0.765999972820282,0.2863999903202057
YLR380W,YER151C,0,-3.4992523,0.21096116304397583,0.765999972820282,0.2865000069141388
YMR172W,YIL023C,0,-3.4993095,0.2109030783176422,0.765999972820282,0.2865999937057495
YPR046W,YJL098W,0,-3.499323,0.21084503829479218,0.765999972820282,0.2867000102996826
YDR106W,YBR152W,0,-3.499404,0.21078701317310333,0.765999972820282,0.28679999709129333
YPL046C,YAL055W,0,-3.499424,0.21072901785373688,0.765999972820282,0.28690001368522644
YDR424C,YMR035W,0,-3.4994907,0.210671067237854,0.765999972820282,0.28700000047683716
YER017C,YPR055W,0,-3.4995036,0.21061314642429352,0.765999972820282,0.2870999872684479
YJR144W,YAL033W,0,-3.4997091,0.21055525541305542,0.765999972820282,0.287200003862381
YHL031C,YNL291C,0,-3.4997854,0.2104973942041397,0.765999972820282,0.2872999906539917
YDR240C,YDL235C,0,-3.4999442,0.2104395627975464,0.765999972820282,0.2874000072479248
YDR376W,YLR319C,0,-3.500092,0.21038176119327545,0.765999972820282,0.2874999940395355
YKL165C,YOR119C,0,-3.5001302,0.2103240042924881,0.765999972820282,0.28760001063346863
YIL098C,YKL189W,0,-3.5003548,0.21026626229286194,0.765999972820282,0.28769999742507935
YJL071W,YGR191W,0,-3.5003867,0.21020856499671936,0.765999972820282,0.28780001401901245
YLR138W,YKL134C,0,-3.5004969,0.21015089750289917,0.765999972820282,0.28790000081062317
YGL012W,YOR007C,0,-3.5009422,0.21009325981140137,0.765999972820282,0.2879999876022339
YLR208W,YOL110W,0,-3.5017438,0.21003565192222595,0.765999972820282,0.288100004196167
YIR021W,YDR460W,0,-3.5018435,0.20997807383537292,0.765999972820282,0.2881999909877777
YBR037C,YCR018C,0,-3.5021749,0.20992052555084229,0.765999972820282,0.2883000075817108
YPL133C,YMR239C,0,-3.5029798,0.20986300706863403,0.765999972820282,0.28839999437332153
YKL017C,YGL115W,0,-3.502993,0.20980553328990936,0.765999972820282,0.28850001096725464
YBR288C,YOL042W,0,-3.503384,0.20974808931350708,0.765999972820282,0.28859999775886536
YNL027W,YBR008C,0,-3.5035338,0.209690660238266,0.765999972820282,0.28870001435279846
YGR163W,YDR175C,0,-3.503612,0.20963327586650848,0.765999972820282,0.2888000011444092
YOR023C,YBR009C,1,-3.5039377,0.2098495215177536,0.7670000195503235,0.2888000011444092
YJR069C,YPR182W,0,-3.5039644,0.2097921222448349,0.7670000195503235,0.2888999879360199
YNL227C,YIL037C,0,-3.5044284,0.2097347527742386,0.7670000195503235,0.289000004529953
YDR216W,YML001W,0,-3.5044546,0.20967741310596466,0.7670000195503235,0.2890999913215637
YMR006C,YHR012W,0,-3.505373,0.20962011814117432,0.7670000195503235,0.2892000079154968
YBR207W,YDL065C,0,-3.5054402,0.20956283807754517,0.7670000195503235,0.28929999470710754
YIL073C,YOR089C,0,-3.505669,0.2095056027173996,0.7670000195503235,0.28940001130104065
YDR446W,YJL106W,0,-3.5059981,0.20944838225841522,0.7670000195503235,0.28949999809265137
YLR085C,YLR272C,1,-3.5060053,0.2096642106771469,0.7680000066757202,0.28949999809265137
YDR251W,YDR404C,0,-3.5060163,0.20960699021816254,0.7680000066757202,0.2896000146865845
YGR222W,YBL056W,0,-3.506514,0.20954979956150055,0.7680000066757202,0.2897000014781952
YMR298W,YKL040C,0,-3.5067196,0.20949263870716095,0.7680000066757202,0.2897999882698059
YDL126C,YDL047W,0,-3.506915,0.20943550765514374,0.7680000066757202,0.289900004863739
YDL208W,YDR325W,0,-3.5074492,0.2093784064054489,0.7680000066757202,0.28999999165534973
YCR093W,YHR070W,0,-3.5074577,0.20932133495807648,0.7680000066757202,0.29010000824928284
YNR007C,YIR004W,0,-3.5077028,0.20926430821418762,0.7680000066757202,0.29019999504089355
YMR162C,YLR268W,0,-3.5087,0.20920729637145996,0.7680000066757202,0.29030001163482666
YAL020C,YDL224C,0,-3.50884,0.20915032923221588,0.7680000066757202,0.2903999984264374
YIR021W,YDR285W,0,-3.5089955,0.209093376994133,0.7680000066757202,0.2904999852180481
YOR061W,YKL002W,0,-3.5097618,0.2090364694595337,0.7680000066757202,0.2906000018119812
YDL126C,YBL040C,0,-3.5098858,0.20897959172725677,0.7680000066757202,0.2906999886035919
YJL203W,YLR193C,0,-3.5102367,0.20892274379730225,0.7680000066757202,0.290800005197525
YPL153C,YNL151C,0,-3.5106382,0.2088659256696701,0.7680000066757202,0.29089999198913574
YPR036W,YER031C,0,-3.5107064,0.20880913734436035,0.7680000066757202,0.29100000858306885
YGL208W,YKL108W,0,-3.5108228,0.20875237882137299,0.7680000066757202,0.29109999537467957
YNL328C,YPR107C,0,-3.5110617,0.208695650100708,0.7680000066757202,0.29120001196861267
YOL090W,YCR084C,1,-3.5113134,0.20891062915325165,0.7689999938011169,0.29120001196861267
YKL194C,YDR235W,0,-3.511754,0.20885388553142548,0.7689999938011169,0.2912999987602234
YCL029C,YMR229C,0,-3.5128937,0.2087971717119217,0.7689999938011169,0.2913999855518341
YOR209C,YDL076C,1,-3.5132365,0.20901194214820862,0.7699999809265137,0.2913999855518341
YLR431C,YNL085W,0,-3.5133686,0.20895522832870483,0.7699999809265137,0.2915000021457672
YLR035C,YKL203C,0,-3.5133958,0.20889852941036224,0.7699999809265137,0.29159998893737793
YDR389W,YOR256C,0,-3.5136418,0.20884187519550323,0.7699999809265137,0.29170000553131104
YHR043C,YPL106C,0,-3.5138698,0.2087852507829666,0.7699999809265137,0.29179999232292175
YGR278W,YPL118W,0,-3.5143003,0.20872865617275238,0.7699999809265137,0.29190000891685486
YNL232W,YLR059C,0,-3.5147443,0.20867209136486053,0.7699999809265137,0.2919999957084656
YNL172W,YJL099W,0,-3.5147586,0.20861555635929108,0.7699999809265137,0.2921000123023987
YGR140W,YHR043C,0,-3.5154958,0.208559051156044,0.7699999809265137,0.2921999990940094
YDL056W,YDL079C,0,-3.5155244,0.20850257575511932,0.7699999809265137,0.2922999858856201
YPL147W,YOR110W,0,-3.5156646,0.20844613015651703,0.7699999809265137,0.2924000024795532
YLR229C,YDR080W,0,-3.515994,0.20838971436023712,0.7699999809265137,0.29249998927116394
YOR377W,YBR036C,0,-3.5160403,0.2083333283662796,0.7699999809265137,0.29260000586509705
YNL084C,YOR109W,0,-3.5162268,0.20827698707580566,0.7699999809265137,0.29269999265670776
YDR423C,YOR201C,0,-3.5162272,0.20822066068649292,0.7699999809265137,0.29280000925064087
YPR017C,YBL040C,0,-3.5164204,0.20816436409950256,0.7699999809265137,0.2928999960422516
YDR023W,YOR068C,0,-3.5168467,0.2081081122159958,0.7699999809265137,0.2930000126361847
YKR065C,YLR360W,0,-3.5171814,0.2080518752336502,0.7699999809265137,0.2930999994277954
YDR424C,YOR179C,0,-3.5171967,0.2079956829547882,0.7699999809265137,0.29319998621940613
YIL095W,YKL212W,0,-3.5177908,0.2079395055770874,0.7699999809265137,0.29330000281333923
YPL254W,YDR167W,1,-3.5177937,0.2081533521413803,0.7710000276565552,0.29330000281333923
YIL062C,YGR257C,0,-3.5178828,0.2080971598625183,0.7710000276565552,0.29339998960494995
YJL115W,YJL080C,1,-3.5183887,0.20831084251403809,0.7720000147819519,0.29339998960494995
YOL063C,YBL018C,0,-3.518556,0.2082546502351761,0.7720000147819519,0.29350000619888306
YNL001W,YGL236C,0,-3.518578,0.20819848775863647,0.7720000147819519,0.2935999929904938
YIL118W,YGL162W,0,-3.5186467,0.20814235508441925,0.7720000147819519,0.2937000095844269
YNL164C,YLR181C,0,-3.5188932,0.20808625221252441,0.7720000147819519,0.2937999963760376
YER122C,YMR241W,0,-3.5191169,0.20803017914295197,0.7720000147819519,0.2939000129699707
YMR168C,YLR246W,0,-3.5191789,0.2079741358757019,0.7720000147819519,0.2939999997615814
YLR246W,YOR354C,0,-3.5192275,0.20791812241077423,0.7720000147819519,0.29409998655319214
YDR283C,YER008C,0,-3.5193324,0.20786213874816895,0.7720000147819519,0.29420000314712524
YGL195W,YOR099W,0,-3.519536,0.20780618488788605,0.7720000147819519,0.29429998993873596
YOR377W,YNL281W,0,-3.5199003,0.20775027573108673,0.7720000147819519,0.29440000653266907
YHR191C,YBR020W,0,-3.5208116,0.2076943814754486,0.7720000147819519,0.2944999933242798
YBL019W,YGR040W,0,-3.521049,0.20763851702213287,0.7720000147819519,0.2946000099182129
YPL116W,YMR053C,1,-3.5215778,0.2078515738248825,0.7730000019073486,0.2946000099182129
YIL009C-A,YAL032C,0,-3.5232782,0.20779569447040558,0.7730000019073486,0.2946999967098236
YKL173W,YGL232W,0,-3.5233169,0.20773985981941223,0.7730000019073486,0.2948000133037567
YCL029C,YLR013W,0,-3.5236397,0.20768404006958008,0.7730000019073486,0.29490000009536743
YLR084C,YOR332W,0,-3.5243187,0.2076282501220703,0.7730000019073486,0.29499998688697815
YNL131W,YMR293C,0,-3.5249615,0.20757250487804413,0.7730000019073486,0.29510000348091125
YDR379W,YNL054W,0,-3.5251231,0.20751677453517914,0.7730000019073486,0.295199990272522
YPL187W,YML088W,0,-3.5253758,0.20746108889579773,0.7730000019073486,0.2953000068664551
YCR086W,YNL245C,0,-3.525581,0.20740541815757751,0.7730000019073486,0.2953999936580658
YPL096W,YDR314C,0,-3.526188,0.20734979212284088,0.7730000019073486,0.2955000102519989
YHR068W,YOL135C,0,-3.526774,0.20729418098926544,0.7730000019073486,0.2955999970436096
YPL178W,YKL025C,0,-3.527927,0.2072385996580124,0.7730000019073486,0.2957000136375427
YLR155C,YDR188W,0,-3.5280738,0.20718306303024292,0.7730000019073486,0.29580000042915344
YOR002W,YDL225W,0,-3.5281582,0.20712754130363464,0.7730000019073486,0.29589998722076416
YDR294C,YHR073W,0,-3.5282521,0.20707206428050995,0.7730000019073486,0.29600000381469727
YML057W,YER116C,0,-3.5285573,0.20701660215854645,0.7730000019073486,0.296099990606308
YJL115W,YLR335W,1,-3.5286574,0.2072289139032364,0.7739999890327454,0.296099990606308
YIL004C,YJL034W,0,-3.5295644,0.2071734517812729,0.7739999890327454,0.2962000072002411
YFL024C,YML069W,1,-3.5295768,0.2073855996131897,0.7749999761581421,0.2962000072002411
YLR304C,YPR173C,0,-3.5298834,0.207330122590065,0.7749999761581421,0.2962999939918518
YPL174C,YIL042C,0,-3.5299425,0.2072746753692627,0.7749999761581421,0.2964000105857849
YHR194W,YOR334W,0,-3.5300565,0.20721925795078278,0.7749999761581421,0.29649999737739563
YGL003C,YKR009C,0,-3.5304503,0.20716385543346405,0.7749999761581421,0.29660001397132874
YGL180W,YER122C,0,-3.5306582,0.2071084976196289,0.7749999761581421,0.29670000076293945
YOL061W,YBR087W,0,-3.530899,0.20705316960811615,0.7749999761581421,0.29679998755455017
YMR162C,YCR066W,0,-3.531723,0.2069978564977646,0.7749999761581421,0.2969000041484833
YDR314C,YML098W,0,-3.5328526,0.2069425880908966,0.7749999761581421,0.296999990940094
YOL090W,YFL049W,1,-3.5328856,0.2071543037891388,0.7760000228881836,0.296999990940094
YKL057C,YHR200W,0,-3.532981,0.20709900557994843,0.7760000228881836,0.2971000075340271
YGL143C,YNL201C,0,-3.533342,0.20704375207424164,0.7760000228881836,0.2971999943256378
YOR144C,YIL110W,0,-3.533568,0.20698852837085724,0.7760000228881836,0.2973000109195709
YHR190W,YML095C,0,-3.5341644,0.20693333446979523,0.7760000228881836,0.29739999771118164
YKR034W,YPL122C,0,-3.5344129,0.2068781703710556,0.7760000228881836,0.29750001430511475
YIL002C,YML098W,0,-3.5345473,0.20682302117347717,0.7760000228881836,0.29760000109672546
YCR094W,YGR099W,0,-3.5347137,0.20676791667938232,0.7760000228881836,0.2976999878883362
YNL098C,YPL011C,0,-3.5348582,0.20671284198760986,0.7760000228881836,0.2978000044822693
YFL024C,YDR225W,1,-3.5355272,0.20692409574985504,0.7770000100135803,0.2978000044822693
YNL232W,YKL043W,0,-3.5358834,0.2068690061569214,0.7770000100135803,0.29789999127388
YML126C,YLR305C,0,-3.5361733,0.20681394636631012,0.7770000100135803,0.2980000078678131
YJL092W,YOR322C,0,-3.5363917,0.20675891637802124,0.7770000100135803,0.29809999465942383
YPR073C,YLL013C,0,-3.5364962,0.20670391619205475,0.7770000100135803,0.29820001125335693
YFL013C,YMR263W,1,-3.5366006,0.20691488683223724,0.777999997138977,0.29820001125335693
YJR063W,YLR398C,0,-3.536655,0.20685987174510956,0.777999997138977,0.29829999804496765
YHL047C,YNL307C,0,-3.5370188,0.20680488646030426,0.777999997138977,0.29840001463890076
YDR182W,YML078W,0,-3.5370512,0.20674993097782135,0.777999997138977,0.2985000014305115
YDR265W,YDR470C,0,-3.5371275,0.20669500529766083,0.777999997138977,0.2985999882221222
YLR242C,YML116W,0,-3.5371618,0.2066401094198227,0.777999997138977,0.2987000048160553
YKL092C,YGR166W,0,-3.5374107,0.20658524334430695,0.777999997138977,0.298799991607666
YJL108C,YIL039W,0,-3.5375843,0.2065303921699524,0.777999997138977,0.2989000082015991
YPL008W,YJR010C-A,0,-3.5379572,0.20647558569908142,0.777999997138977,0.29899999499320984
YER052C,YOL060C,0,-3.5382428,0.20642079412937164,0.777999997138977,0.29910001158714294
YJR094C,YNL293W,0,-3.5385642,0.20636604726314545,0.777999997138977,0.29919999837875366
YDR490C,YML029W,0,-3.5386324,0.20631133019924164,0.777999997138977,0.2992999851703644
YAL059W,YEL019C,0,-3.5387926,0.20625662803649902,0.777999997138977,0.2994000017642975
YNL172W,YLR045C,0,-3.5388312,0.2062019556760788,0.777999997138977,0.2994999885559082
YIL123W,YHR181W,0,-3.5388489,0.20614732801914215,0.777999997138977,0.2996000051498413
YMR033W,YKR101W,1,-3.538962,0.20635761320590973,0.7789999842643738,0.2996000051498413
YGR097W,YEL004W,0,-3.5391998,0.2063029706478119,0.7789999842643738,0.299699991941452
YEL022W,YDR245W,0,-3.5407262,0.20624834299087524,0.7789999842643738,0.29980000853538513
YBR244W,YER117W,0,-3.5408854,0.20619376003742218,0.7789999842643738,0.29989999532699585
YER016W,YGL090W,0,-3.541204,0.2061391919851303,0.7789999842643738,0.30000001192092896
YOR160W,YOL144W,0,-3.5412102,0.20608465373516083,0.7789999842643738,0.3000999987125397
YHR079C-A,YCR018C,0,-3.5412512,0.20603014528751373,0.7789999842643738,0.3001999855041504
YGL181W,YGL063W,0,-3.5415835,0.20597568154335022,0.7789999842643738,0.3003000020980835
YBL040C,YPL082C,0,-3.5416093,0.2059212327003479,0.7789999842643738,0.3003999888896942
YDR103W,YKL080W,0,-3.5418382,0.20586681365966797,0.7789999842643738,0.3005000054836273
YKL018W,YKR042W,1,-3.542194,0.20607662200927734,0.7799999713897705,0.3005000054836273
YBR211C,YOL147C,0,-3.5422807,0.20602218806743622,0.7799999713897705,0.30059999227523804
YNL027W,YDL035C,0,-3.5424109,0.20596778392791748,0.7799999713897705,0.30070000886917114
YPL132W,YKL214C,0,-3.5424628,0.20591340959072113,0.7799999713897705,0.30079999566078186
YKL135C,YOR363C,0,-3.5426135,0.20585906505584717,0.7799999713897705,0.30090001225471497
YGR145W,YDL140C,0,-3.54276,0.2058047503232956,0.7799999713897705,0.3009999990463257
YMR025W,YLR467W,0,-3.5434608,0.2057504653930664,0.7799999713897705,0.3010999858379364
YDR179C,YOL060C,0,-3.5435376,0.2056961953639984,0.7799999713897705,0.3012000024318695
YLR329W,YKL042W,0,-3.5440683,0.205641970038414,0.7799999713897705,0.3012999892234802
YMR097C,YJL141C,0,-3.544248,0.20558777451515198,0.7799999713897705,0.30140000581741333
YMR076C,YPL258C,0,-3.5443392,0.20553359389305115,0.7799999713897705,0.30149999260902405
YGL211W,YOL003C,0,-3.5459323,0.2054794579744339,0.7799999713897705,0.30160000920295715
YER155C,YKL214C,0,-3.5462394,0.20542533695697784,0.7799999713897705,0.30169999599456787
YER061C,YGR098C,0,-3.5473332,0.20537124574184418,0.7799999713897705,0.301800012588501
YMR100W,YNL163C,0,-3.5475001,0.2053171843290329,0.7799999713897705,0.3018999993801117
YMR267W,YOR332W,0,-3.547605,0.205263152718544,0.7799999713897705,0.3019999861717224
YER088C,YLL004W,1,-3.547605,0.20547224581241608,0.781000018119812,0.3019999861717224
YLL009C,YHR001W-A,0,-3.547678,0.205418199300766,0.781000018119812,0.3021000027656555
YLR229C,YLR260W,0,-3.5479646,0.2053641825914383,0.781000018119812,0.30219998955726624
YNL153C,YNL311C,0,-3.5481696,0.20531019568443298,0.781000018119812,0.30230000615119934
YJL042W,YJR153W,0,-3.54849,0.20525623857975006,0.781000018119812,0.30239999294281006
YJR093C,YDR508C,0,-3.5487795,0.20520231127738953,0.781000018119812,0.30250000953674316
YOR244W,YEL066W,1,-3.5495706,0.20541109144687653,0.7820000052452087,0.30250000953674316
YAL059W,YGL090W,0,-3.5503068,0.2053571492433548,0.7820000052452087,0.3025999963283539
YOL065C,YLR039C,0,-3.5505056,0.20530322194099426,0.7820000052452087,0.302700012922287
YBR279W,YER125W,1,-3.550816,0.20551180839538574,0.7829999923706055,0.302700012922287
YGR147C,YBR196C,0,-3.551487,0.2054578810930252,0.7829999923706055,0.3027999997138977
YPL100W,YDR503C,0,-3.551529,0.20540398359298706,0.7829999923706055,0.3028999865055084
YOR080W,YPR072W,0,-3.5515633,0.2053501158952713,0.7829999923706055,0.30300000309944153
YLL019C,YER112W,0,-3.5516238,0.20529627799987793,0.7829999923706055,0.30309998989105225
YHL031C,YKL145W,0,-3.5519924,0.20524246990680695,0.7829999923706055,0.30320000648498535
YGR229C,YKR031C,0,-3.5521617,0.20518867671489716,0.7829999923706055,0.30329999327659607
YDR097C,YNL279W,0,-3.5530186,0.20513492822647095,0.7829999923706055,0.3034000098705292
YDR228C,YIL129C,0,-3.5536423,0.20508119463920593,0.7829999923706055,0.3034999966621399
YMR198W,YDL100C,0,-3.5537276,0.2050274908542633,0.7829999923706055,0.303600013256073
YBR188C,YBR106W,0,-3.5538235,0.20497381687164307,0.7829999923706055,0.3037000000476837
YMR188C,YPR042C,0,-3.554017,0.20492017269134521,0.7829999923706055,0.30379998683929443
YDL137W,YJL004C,0,-3.5540633,0.20486655831336975,0.7829999923706055,0.30390000343322754
YDR507C,YLR035C,0,-3.5547552,0.20481297373771667,0.7829999923706055,0.30399999022483826
YER018C,YKL034W,0,-3.5547886,0.204759418964386,0.7829999923706055,0.30410000681877136
YBL032W,YKL113C,0,-3.55548,0.2047058790922165,0.7829999923706055,0.3041999936103821
YJR033C,YFR052W,0,-3.5555549,0.20465238392353058,0.7829999923706055,0.3043000102043152
YGL194C,YNL246W,1,-3.5559282,0.20486021041870117,0.7839999794960022,0.3043000102043152
YGL253W,YDR037W,0,-3.5559826,0.20480668544769287,0.7839999794960022,0.3043999969959259
YLR078C,YPL033C,0,-3.5565362,0.20475320518016815,0.7839999794960022,0.304500013589859
YKL064W,YCR027C,0,-3.5566487,0.20469973981380463,0.7839999794960022,0.3046000003814697
YGL014W,YPR018W,1,-3.5571246,0.20490732789039612,0.7850000262260437,0.3046000003814697
YNL106C,YAR007C,0,-3.558074,0.2048538625240326,0.7850000262260437,0.30469998717308044
YIL062C,YFR009W,0,-3.558313,0.20480041205883026,0.7850000262260437,0.30480000376701355
YGL253W,YBR130C,0,-3.5584273,0.2047470062971115,0.7850000262260437,0.30489999055862427
YML095C,YPL274W,0,-3.5584302,0.20469361543655396,0.7850000262260437,0.3050000071525574
YNR026C,YHR014W,0,-3.5588589,0.2046402543783188,0.7850000262260437,0.3050999939441681
YER116C,YBR118W,0,-3.5591002,0.204586923122406,0.7850000262260437,0.3052000105381012
YEL066W,YKL018W,1,-3.5595627,0.20479416847229004,0.7860000133514404,0.3052000105381012
YOR085W,YDR314C,0,-3.5599742,0.20474082231521606,0.7860000133514404,0.3052999973297119
YOR180C,YOR231W,0,-3.560494,0.20468750596046448,0.7860000133514404,0.305400013923645
YOL149W,YNL147W,0,-3.5605717,0.20463420450687408,0.7860000133514404,0.30550000071525574
YBL097W,YMR290C,0,-3.561029,0.20458094775676727,0.7860000133514404,0.30559998750686646
YDR461W,YNR011C,0,-3.561376,0.20452770590782166,0.7860000133514404,0.30570000410079956
YMR276W,YDL134C,0,-3.5614762,0.20447450876235962,0.7860000133514404,0.3057999908924103
YLR069C,YLR425W,0,-3.5621066,0.20442132651805878,0.7860000133514404,0.3059000074863434
YNL245C,YER151C,0,-3.562767,0.20436817407608032,0.7860000133514404,0.3059999942779541
YBR234C,YLR006C,0,-3.5627732,0.20431505143642426,0.7860000133514404,0.3061000108718872
YLR081W,YHR158C,0,-3.5632586,0.20426195859909058,0.7860000133514404,0.3061999976634979
YCR066W,YDR453C,0,-3.5637488,0.2042088806629181,0.7860000133514404,0.30630001425743103
YGL106W,YDL244W,0,-3.5638804,0.2041558474302292,0.7860000133514404,0.30640000104904175
YLR357W,YER120W,1,-3.5639591,0.20436249673366547,0.7870000004768372,0.30640000104904175
YMR277W,YDR314C,0,-3.5650177,0.20430944859981537,0.7870000004768372,0.30649998784065247
YBL007C,YDR088C,0,-3.565332,0.20425643026828766,0.7870000004768372,0.30660000443458557
YJL095W,YFR002W,0,-3.5657406,0.20420342683792114,0.7870000004768372,0.3066999912261963
YLR034C,YCR053W,0,-3.5659728,0.20415045320987701,0.7870000004768372,0.3068000078201294
YNL290W,YGR112W,0,-3.5661092,0.20409750938415527,0.7870000004768372,0.3068999946117401
YML073C,YOR270C,0,-3.5664406,0.20404459536075592,0.7870000004768372,0.3070000112056732
YNL288W,YLL021W,0,-3.5667458,0.20399171113967896,0.7870000004768372,0.30709999799728394
YHR190W,YER151C,0,-3.567175,0.20393884181976318,0.7870000004768372,0.30720001459121704
YDR393W,YEL031W,0,-3.5672588,0.203886017203331,0.7870000004768372,0.30730000138282776
YLR127C,YHR163W,0,-3.567563,0.20383320748806,0.7870000004768372,0.3073999881744385
YGL086W,YGL038C,0,-3.567872,0.2037804275751114,0.7870000004768372,0.3075000047683716
YHR072W-A,YLR452C,0,-3.5680027,0.20372767746448517,0.7870000004768372,0.3075999915599823
YLR035C,YML029W,0,-3.5681448,0.20367494225502014,0.7870000004768372,0.3077000081539154
YOR067C,YPL100W,0,-3.5681725,0.2036222517490387,0.7870000004768372,0.3077999949455261
YNL177C,YBR173C,0,-3.5688334,0.20356957614421844,0.7870000004768372,0.30790001153945923
YPR171W,YGR166W,0,-3.5690403,0.20351694524288177,0.7870000004768372,0.30799999833106995
YPR199C,YMR016C,0,-3.5691047,0.2034643292427063,0.7870000004768372,0.30809998512268066
YMR116C,YOL116W,0,-3.5693383,0.20341172814369202,0.7870000004768372,0.30820000171661377
YBL069W,YOL063C,0,-3.5694857,0.20335917174816132,0.7870000004768372,0.3082999885082245
YIL007C,YFL038C,0,-3.5696363,0.203306645154953,0.7870000004768372,0.3084000051021576
YLR429W,YPL112C,0,-3.5704098,0.20325413346290588,0.7870000004768372,0.3084999918937683
YPL178W,YPL097W,0,-3.5708914,0.20320165157318115,0.7870000004768372,0.3086000084877014
YJR074W,YOR329C,0,-3.5713687,0.2031491994857788,0.7870000004768372,0.30869999527931213
YGL084C,YDR279W,0,-3.5717292,0.20309677720069885,0.7870000004768372,0.30880001187324524
YFR008W,YCR028C-A,0,-3.5721607,0.2030443698167801,0.7870000004768372,0.30889999866485596
YER118C,YPL002C,0,-3.5722127,0.2029920071363449,0.7870000004768372,0.3089999854564667
YKL022C,YPR082C,0,-3.5725374,0.20293965935707092,0.7870000004768372,0.3091000020503998
YMR283C,YJL052W,0,-3.5727105,0.20288734138011932,0.7870000004768372,0.3091999888420105
YPL124W,YLR417W,0,-3.572825,0.2028350532054901,0.7870000004768372,0.3093000054359436
YAL053W,YPL147W,0,-3.5728302,0.2027827948331833,0.7870000004768372,0.3093999922275543
YCR065W,YER094C,0,-3.5737457,0.20273055136203766,0.7870000004768372,0.3095000088214874
YJL210W,YHR012W,0,-3.5737624,0.20267833769321442,0.7870000004768372,0.30959999561309814
YER107C,YDL212W,0,-3.574679,0.20262615382671356,0.7870000004768372,0.30970001220703125
YKL074C,YOR229W,0,-3.5747108,0.2025739997625351,0.7870000004768372,0.30979999899864197
YPR021C,YMR042W,0,-3.5749173,0.20252187550067902,0.7870000004768372,0.3098999857902527
YHR158C,YJL156C,0,-3.575399,0.20246976613998413,0.7870000004768372,0.3100000023841858
YJL194W,YIR002C,0,-3.5754633,0.20241770148277283,0.7870000004768372,0.3100999891757965
YNL232W,YNL054W,0,-3.5761967,0.20236565172672272,0.7870000004768372,0.3102000057697296
YGL195W,YLR347C,0,-3.5770316,0.202313631772995,0.7870000004768372,0.31029999256134033
YDR440W,YPR052C,1,-3.5772433,0.20251862704753876,0.7879999876022339,0.31029999256134033
YKL051W,YNL093W,0,-3.5773582,0.20246659219264984,0.7879999876022339,0.31040000915527344
YOR380W,YJL139C,0,-3.5773954,0.2024145871400833,0.7879999876022339,0.31049999594688416
YLR032W,YLR312C-B,0,-3.5774088,0.20236261188983917,0.7879999876022339,0.31060001254081726
YNL328C,YLR145W,0,-3.5775948,0.20231065154075623,0.7879999876022339,0.310699999332428
YOR081C,YDR495C,0,-3.577661,0.20225872099399567,0.7879999876022339,0.3107999861240387
YER159C,YLR324W,0,-3.5781693,0.2022068202495575,0.7879999876022339,0.3109000027179718
YHR043C,YGR276C,0,-3.578238,0.2021549493074417,0.7879999876022339,0.3109999895095825
YKR083C,YFR019W,0,-3.5782719,0.20210310816764832,0.7879999876022339,0.3111000061035156
YHR007C,YOL072W,0,-3.5788016,0.2020512819290161,0.7879999876022339,0.31119999289512634
YPL021W,YBL058W,0,-3.5788984,0.2019994854927063,0.7879999876022339,0.31130000948905945
YNL222W,YLR043C,0,-3.5790715,0.20194771885871887,0.7879999876022339,0.31139999628067017
YNR035C,YML052W,0,-3.5790982,0.20189598202705383,0.7879999876022339,0.31150001287460327
YJL115W,YGL014W,1,-3.5791926,0.20210041105747223,0.7889999747276306,0.31150001287460327
YJR139C,YNR052C,0,-3.5793214,0.202048659324646,0.7889999747276306,0.311599999666214
YCR073W-A,YDR135C,0,-3.5804071,0.20199692249298096,0.7889999747276306,0.3116999864578247
YGL045W,YLR264W,0,-3.5806198,0.2019452303647995,0.7889999747276306,0.3118000030517578
YPR164W,YKL178C,0,-3.5807405,0.20189355313777924,0.7889999747276306,0.31189998984336853
YBR295W,YGL232W,0,-3.580842,0.20184190571308136,0.7889999747276306,0.31200000643730164
YMR168C,YGR059W,0,-3.5809822,0.20179028809070587,0.7889999747276306,0.31209999322891235
YOR344C,YML029W,0,-3.5810108,0.20173868536949158,0.7889999747276306,0.31220000982284546
YOR031W,YIR004W,0,-3.581151,0.20168711245059967,0.7889999747276306,0.3122999966144562
YPL086C,YMR112C,0,-3.5813751,0.20163556933403015,0.7889999747276306,0.3124000132083893
YBL069W,YKL152C,0,-3.5817404,0.20158405601978302,0.7889999747276306,0.3125
YHR068W,YPL089C,0,-3.5821733,0.20153257250785828,0.7889999747276306,0.3125999867916107
YGR120C,YGR285C,0,-3.582303,0.20148110389709473,0.7889999747276306,0.3127000033855438
YDL226C,YML055W,0,-3.5824013,0.20142966508865356,0.7889999747276306,0.31279999017715454
YGL005C,YOR329C,0,-3.5824022,0.2013782560825348,0.7889999747276306,0.31290000677108765
YCL004W,YLR010C,0,-3.5827694,0.2013268619775772,0.7889999747276306,0.31299999356269836
YOR151C,YDR346C,0,-3.5837297,0.2012755125761032,0.7889999747276306,0.31310001015663147
YKR003W,YLR329W,0,-3.5838027,0.2012241780757904,0.7889999747276306,0.3131999969482422
YMR076C,YPR054W,0,-3.5843,0.2011728733778,0.7889999747276306,0.3133000135421753
YFL039C,YGL112C,1,-3.5853004,0.20137649774551392,0.7900000214576721,0.3133000135421753
YOL123W,YDL217C,0,-3.5855021,0.2013251781463623,0.7900000214576721,0.313400000333786
YGR229C,YPL180W,0,-3.5856047,0.20127388834953308,0.7900000214576721,0.31349998712539673
YPR075C,YOR254C,0,-3.5860038,0.20122261345386505,0.7900000214576721,0.31360000371932983
YNR044W,YHL020C,0,-3.5862188,0.2011713832616806,0.7900000214576721,0.31369999051094055
YJR078W,YDL185W,0,-3.5863633,0.20112016797065735,0.7900000214576721,0.31380000710487366
YKL152C,YOL011W,0,-3.5863633,0.2010689675807953,0.7900000214576721,0.3138999938964844
YMR184W,YNL041C,0,-3.5869508,0.2010178118944168,0.7900000214576721,0.3140000104904175
YJR131W,YIL129C,0,-3.5871072,0.20096667110919952,0.7900000214576721,0.3140999972820282
YDL126C,YMR198W,0,-3.5872736,0.20091556012630463,0.7900000214576721,0.3142000138759613
YDR421W,YPL268W,0,-3.5875063,0.20086447894573212,0.7900000214576721,0.314300000667572
YOR094W,YKR007W,0,-3.5877886,0.200813427567482,0.7900000214576721,0.31439998745918274
YKL005C,YER095W,0,-3.5882764,0.20076239109039307,0.7900000214576721,0.31450000405311584
YJL072C,YDL201W,0,-3.5883536,0.20071138441562653,0.7900000214576721,0.31459999084472656
YDR045C,YLR386W,0,-3.5893784,0.20066040754318237,0.7900000214576721,0.31470000743865967
YLR233C,YMR013C,0,-3.5894256,0.20060944557189941,0.7900000214576721,0.3147999942302704
YBR164C,YPL124W,0,-3.5894537,0.20055851340293884,0.7900000214576721,0.3149000108242035
YML078W,YKL068W,0,-3.5895543,0.20050761103630066,0.7900000214576721,0.3149999976158142
YDR480W,YDR268W,0,-3.5896454,0.20045673847198486,0.7900000214576721,0.3151000142097473
YKL042W,YLR447C,0,-3.589929,0.20040588080883026,0.7900000214576721,0.31520000100135803
YPL121C,YDL019C,0,-3.5901608,0.20035505294799805,0.7900000214576721,0.31529998779296875
YHR043C,YMR167W,0,-3.5910268,0.20030425488948822,0.7900000214576721,0.31540000438690186
YLR295C,YLL003W,0,-3.5910287,0.20025348663330078,0.7900000214576721,0.3154999911785126
YOR136W,YLR025W,0,-3.5914383,0.20020273327827454,0.7900000214576721,0.3156000077724457
YPR023C,YMR106C,1,-3.59228,0.20040537416934967,0.7910000085830688,0.3156000077724457
YDL076C,YDR227W,1,-3.5923767,0.20060789585113525,0.7919999957084656,0.3156000077724457
YBR213W,YOR354C,0,-3.593639,0.20055709779262543,0.7919999957084656,0.3156999945640564
YGL004C,YBL025W,0,-3.5938997,0.200506329536438,0.7919999957084656,0.3158000111579895
YBR244W,YLR368W,0,-3.5939026,0.20045557618141174,0.7919999957084656,0.3158999979496002
YCR048W,YIL049W,0,-3.5941572,0.20040485262870789,0.7919999957084656,0.3160000145435333
YPL243W,YDR325W,0,-3.594512,0.20035415887832642,0.7919999957084656,0.31610000133514404
YJR150C,YJL166W,0,-3.5946302,0.20030349493026733,0.7919999957084656,0.31619998812675476
YGR046W,YGR186W,0,-3.5950952,0.20025284588336945,0.7919999957084656,0.31630000472068787
YDR513W,YNL236W,0,-3.5952048,0.20020222663879395,0.7919999957084656,0.3163999915122986
YMR204C,YLR105C,0,-3.595409,0.20015163719654083,0.7919999957084656,0.3165000081062317
YAL021C,YMR309C,0,-3.595889,0.2001010626554489,0.7919999957084656,0.3165999948978424
YOL060C,YNL273W,0,-3.596663,0.20005051791667938,0.7919999957084656,0.3167000114917755
YEL036C,YOR168W,0,-3.5973067,0.20000000298023224,0.7919999957084656,0.31679999828338623
YGL068W,YIR002C,0,-3.5973287,0.1999495029449463,0.7919999957084656,0.31690001487731934
YEL018W,YBR061C,0,-3.5977898,0.19989904761314392,0.7919999957084656,0.31700000166893005
YOR320C,YOL055C,0,-3.5982623,0.19984859228134155,0.7919999957084656,0.31709998846054077
YFR014C,YFL045C,0,-3.5982847,0.19979818165302277,0.7919999957084656,0.3172000050544739
YGL174W,YER052C,0,-3.5990782,0.19974778592586517,0.7919999957084656,0.3172999918460846
YFL025C,YDL007W,0,-3.5991058,0.19969743490219116,0.7919999957084656,0.3174000084400177
YAL005C,YNR031C,0,-3.5998268,0.19964708387851715,0.7919999957084656,0.3174999952316284
YIR021W,YLR435W,0,-3.5999126,0.19959677755832672,0.7919999957084656,0.3176000118255615
YKL046C,YML098W,0,-3.6001816,0.19954648613929749,0.7919999957084656,0.31769999861717224
YPL037C,YNL147W,0,-3.600522,0.19949622452259064,0.7919999957084656,0.31779998540878296
YLR028C,YLR210W,0,-3.6013489,0.19944597780704498,0.7919999957084656,0.31790000200271606
YDR099W,YBR188C,0,-3.6014018,0.1993957757949829,0.7919999957084656,0.3179999887943268
YDL175C,YLR330W,0,-3.6015372,0.19934558868408203,0.7919999957084656,0.3181000053882599
YMR044W,YNL186W,1,-3.6018028,0.19954705238342285,0.7929999828338623,0.3181000053882599
YIR004W,YDR490C,0,-3.602253,0.19949685037136078,0.7929999828338623,0.3181999921798706
YGL105W,YJL112W,0,-3.6026082,0.1994466781616211,0.7929999828338623,0.3183000087738037
YNR016C,YDR379W,0,-3.6029253,0.1993965357542038,0.7929999828338623,0.31839999556541443
YCR048W,YJL190C,0,-3.6032119,0.1993464082479477,0.7929999828338623,0.31850001215934753
YNL167C,YJR019C,0,-3.603405,0.19929631054401398,0.7929999828338623,0.31859999895095825
YMR240C,YLR324W,0,-3.6036363,0.19924622774124146,0.7929999828338623,0.31869998574256897
YPL095C,YGR099W,0,-3.603921,0.19919617474079132,0.7929999828338623,0.3188000023365021
YOR335C,YCR020C,0,-3.6047673,0.19914615154266357,0.7929999828338623,0.3188999891281128
YCR098C,YOL055C,0,-3.6050258,0.19909615814685822,0.7929999828338623,0.3190000057220459
YGL180W,YNL233W,0,-3.605227,0.19904617965221405,0.7929999828338623,0.3190999925136566
YMR213W,YGL206C,0,-3.60531,0.19899623095989227,0.7929999828338623,0.3192000091075897
YPL132W,YBL080C,0,-3.6053505,0.19894631206989288,0.7929999828338623,0.31929999589920044
YOR372C,YPR165W,0,-3.6055336,0.1988964080810547,0.7929999828338623,0.31940001249313354
YDL197C,YBR195C,1,-3.6055865,0.19909729063510895,0.7940000295639038,0.31940001249313354
YDR385W,YDR472W,0,-3.6056986,0.19904738664627075,0.7940000295639038,0.31949999928474426
YJR139C,YAL001C,0,-3.6059413,0.19899749755859375,0.7940000295639038,0.319599986076355
YJL112W,YOR328W,0,-3.606269,0.19894763827323914,0.7940000295639038,0.3197000026702881
YPL244C,YPL210C,0,-3.6064792,0.19889779388904572,0.7940000295639038,0.3197999894618988
YPL037C,YDL080C,0,-3.6067414,0.19884797930717468,0.7940000295639038,0.3199000060558319
YPL267W,YDR499W,0,-3.606874,0.19879819452762604,0.7940000295639038,0.3199999928474426
YER148W,YPL176C,0,-3.6069527,0.19874843955039978,0.7940000295639038,0.32010000944137573
YJL219W,YJR068W,0,-3.607163,0.19869869947433472,0.7940000295639038,0.32019999623298645
YPR023C,YOR025W,1,-3.607482,0.19889917969703674,0.7950000166893005,0.32019999623298645
YML061C,YDL080C,0,-3.6077332,0.19884942471981049,0.7950000166893005,0.32030001282691956
YDR384C,YKR038C,0,-3.60784,0.19879969954490662,0.7950000166893005,0.3203999996185303
YJL106W,YKL074C,0,-3.6080332,0.19875000417232513,0.7950000166893005,0.320499986410141
YNL297C,YIL037C,0,-3.6080928,0.19870032370090485,0.7950000166893005,0.3206000030040741
YNR027W,YGR206W,0,-3.6083488,0.19865067303180695,0.7950000166893005,0.3206999897956848
YML078W,YCL044C,0,-3.6085405,0.19860105216503143,0.7950000166893005,0.3208000063896179
YOR319W,YJL222W,0,-3.6086864,0.19855144619941711,0.7950000166893005,0.32089999318122864
YHR083W,YHL007C,0,-3.608963,0.19850187003612518,0.7950000166893005,0.32100000977516174
YDR101C,YOR372C,0,-3.609376,0.19845232367515564,0.7950000166893005,0.32109999656677246
YCR027C,YNL333W,0,-3.6094398,0.1984027922153473,0.7950000166893005,0.32120001316070557
YMR163C,YKL057C,0,-3.6095686,0.19835329055786133,0.7950000166893005,0.3212999999523163
YKL005C,YOR294W,0,-3.60957,0.19830381870269775,0.7950000166893005,0.321399986743927
YGL167C,YOL110W,0,-3.6098022,0.19825436174869537,0.7950000166893005,0.3215000033378601
YKL112W,YIL112W,1,-3.6105413,0.19845424592494965,0.7960000038146973,0.3215000033378601
YGR092W,YKR054C,0,-3.6107697,0.19840478897094727,0.7960000038146973,0.3215999901294708
YMR267W,YPL234C,0,-3.6111808,0.19835534691810608,0.7960000038146973,0.32170000672340393
YDR529C,YAR009C,0,-3.6113114,0.19830593466758728,0.7960000038146973,0.32179999351501465
YJL073W,YDR175C,0,-3.611329,0.19825653731822968,0.7960000038146973,0.32190001010894775
YDR272W,YJL173C,0,-3.6115317,0.19820716977119446,0.7960000038146973,0.32199999690055847
YGL068W,YDR470C,0,-3.612442,0.19815783202648163,0.7960000038146973,0.3221000134944916
YBR009C,YPL015C,1,-3.6125817,0.19835738837718964,0.796999990940094,0.3221000134944916
YBR091C,YKR022C,0,-3.612887,0.1983080357313156,0.796999990940094,0.3222000002861023
YGR220C,YDL148C,0,-3.612895,0.19825871288776398,0.796999990940094,0.322299987077713
YNL282W,YLR369W,0,-3.6129537,0.19820940494537354,0.796999990940094,0.3224000036716461
YDR168W,YJL129C,0,-3.6130538,0.1981601119041443,0.796999990940094,0.32249999046325684
YNL288W,YLR130C,0,-3.613256,0.19811086356639862,0.796999990940094,0.32260000705718994
YOR037W,YDL106C,0,-3.6136923,0.19806163012981415,0.796999990940094,0.32269999384880066
YFL057C,YKL092C,0,-3.6143284,0.19801242649555206,0.796999990940094,0.32280001044273376
YKL145W,YOR295W,0,-3.6144657,0.19796323776245117,0.796999990940094,0.3228999972343445
YIL132C,YIL138C,0,-3.6150723,0.19791407883167267,0.796999990940094,0.3230000138282776
YCR037C,YGL028C,0,-3.6155825,0.19786494970321655,0.796999990940094,0.3231000006198883
YDR284C,YEL004W,0,-3.6157851,0.19781583547592163,0.796999990940094,0.323199987411499
YJL031C,YDL080C,0,-3.6158786,0.1977667510509491,0.796999990940094,0.32330000400543213
YEL009C,YCR027C,0,-3.6162686,0.19771768152713776,0.796999990940094,0.32339999079704285
YDL059C,YDR080W,0,-3.6164598,0.19766865670681,0.796999990940094,0.32350000739097595
YBR017C,YGR135W,0,-3.616795,0.19761963188648224,0.796999990940094,0.32359999418258667
YNL051W,YER116C,0,-3.61695,0.19757065176963806,0.796999990940094,0.3237000107765198
YGL142C,YDR345C,0,-3.6170144,0.19752168655395508,0.796999990940094,0.3237999975681305
YGR147C,YGL172W,0,-3.6171422,0.19747275114059448,0.796999990940094,0.3239000141620636
YDR224C,YNL186W,1,-3.617393,0.1976715326309204,0.7979999780654907,0.3239000141620636
YDL108W,YGR030C,0,-3.617415,0.19762258231639862,0.7979999780654907,0.3240000009536743
YLR260W,YML031W,0,-3.6175237,0.19757366180419922,0.7979999780654907,0.32409998774528503
YGL021W,YML034W,0,-3.6179008,0.197524756193161,0.7979999780654907,0.32420000433921814
YCL029C,YBR244W,0,-3.6180081,0.197475865483284,0.7979999780654907,0.32429999113082886
YNR033W,YGL068W,0,-3.6184306,0.19742701947689056,0.7979999780654907,0.32440000772476196
YGR006W,YDR447C,0,-3.6186552,0.19737818837165833,0.7979999780654907,0.3244999945163727
YPR095C,YJL143W,0,-3.6191,0.19732937216758728,0.7979999780654907,0.3246000111103058
YMR025W,YBR130C,0,-3.6192732,0.19728060066699982,0.7979999780654907,0.3246999979019165
YDL226C,YGR221C,0,-3.6195388,0.19723182916641235,0.7979999780654907,0.3248000144958496
YNR033W,YLL027W,0,-3.6200461,0.19718310236930847,0.7979999780654907,0.3249000012874603
YGL194C,YBL006C,1,-3.6203108,0.1973814219236374,0.7990000247955322,0.3249000012874603
YDR365C,YCR027C,0,-3.6203246,0.19733268022537231,0.7990000247955322,0.32499998807907104
YOL043C,YPR103W,0,-3.620613,0.19728395342826843,0.7990000247955322,0.32510000467300415
YGR091W,YPR041W,0,-3.6206136,0.19723525643348694,0.7990000247955322,0.32519999146461487
YDL197C,YKR042W,1,-3.6206484,0.19743336737155914,0.800000011920929,0.32519999146461487
YIR033W,YBR223C,0,-3.6211586,0.19738465547561646,0.800000011920929,0.325300008058548
YGL105W,YLR264W,0,-3.6218534,0.19733595848083496,0.800000011920929,0.3253999948501587
YKL160W,YHR099W,1,-3.6222248,0.19753390550613403,0.8009999990463257,0.3253999948501587
YGR247W,YDR172W,0,-3.6222997,0.19748520851135254,0.8009999990463257,0.3255000114440918
YIL040W,YCL055W,0,-3.622941,0.19743652641773224,0.8009999990463257,0.3255999982357025
YGL178W,YJL168C,1,-3.623557,0.19763430953025818,0.8019999861717224,0.3255999982357025
YOR353C,YKL042W,0,-3.6239562,0.19758561253547668,0.8019999861717224,0.3257000148296356
YHR013C,YNL029C,0,-3.6241083,0.19753694534301758,0.8019999861717224,0.32580000162124634
YBR059C,YLR347C,0,-3.624257,0.19748830795288086,0.8019999861717224,0.32589998841285706
YKR083C,YKL082C,0,-3.624319,0.19743968546390533,0.8019999861717224,0.32600000500679016
YER015W,YDR318W,0,-3.625122,0.1973910927772522,0.8019999861717224,0.3260999917984009
YBR205W,YGL086W,0,-3.625186,0.19734251499176025,0.8019999861717224,0.326200008392334
YMR213W,YPL121C,0,-3.6253014,0.1972939670085907,0.8019999861717224,0.3262999951839447
YNL290W,YFL059W,0,-3.625699,0.19724544882774353,0.8019999861717224,0.3264000117778778
YPL209C,YOR045W,0,-3.625795,0.19719694554805756,0.8019999861717224,0.3264999985694885
YOR181W,YML052W,0,-3.6259694,0.19714847207069397,0.8019999861717224,0.32659998536109924
YMR069W,YDR073W,1,-3.6261525,0.1973457783460617,0.8029999732971191,0.32659998536109924
YPL259C,YEL054C,0,-3.6266065,0.19729728996753693,0.8029999732971191,0.32670000195503235
YOR328W,YKL042W,0,-3.6267018,0.19724883139133453,0.8029999732971191,0.32679998874664307
YJL207C,YBR035C,0,-3.627275,0.19720038771629333,0.8029999732971191,0.32690000534057617
YDR378C,YPL151C,0,-3.6273084,0.19715197384357452,0.8029999732971191,0.3269999921321869
YHR013C,YJL010C,0,-3.6273394,0.1971035897731781,0.8029999732971191,0.32710000872612
YOR381W,YMR161W,0,-3.62754,0.19705522060394287,0.8029999732971191,0.3271999955177307
YDL192W,YNL098C,0,-3.6279187,0.19700686633586884,0.8029999732971191,0.3273000121116638
YOR076C,YNL131W,0,-3.6282525,0.1969585418701172,0.8029999732971191,0.32739999890327454
YOR231W,YKR055W,0,-3.628789,0.19691024720668793,0.8029999732971191,0.32749998569488525
YPL227C,YLR361C,0,-3.6287913,0.19686198234558105,0.8029999732971191,0.32760000228881836
YCR020C-A,YLR079W,0,-3.62888,0.19681373238563538,0.8029999732971191,0.3276999890804291
YPL154C,YPL234C,0,-3.6296148,0.1967654973268509,0.8029999732971191,0.3278000056743622
YMR211W,YDR529C,0,-3.6297364,0.1967172920703888,0.8029999732971191,0.3278999924659729
YDR423C,YPL218W,0,-3.6299224,0.19666911661624908,0.8029999732971191,0.328000009059906
YPL132W,YGL175C,0,-3.630001,0.19662095606327057,0.8029999732971191,0.3280999958515167
YBR233W-A,YJR066W,0,-3.6301303,0.19657282531261444,0.8029999732971191,0.32820001244544983
YNL059C,YLR095C,1,-3.6302733,0.19676946103572845,0.8040000200271606,0.32820001244544983
YOL165C,YBL088C,0,-3.6308289,0.19672131538391113,0.8040000200271606,0.32829999923706055
YNL101W,YBR017C,0,-3.6322074,0.196673184633255,0.8040000200271606,0.32839998602867126
YMR211W,YJL035C,0,-3.6325355,0.19662509858608246,0.8040000200271606,0.32850000262260437
YPL084W,YPR189W,0,-3.6325493,0.1965770125389099,0.8040000200271606,0.3285999894142151
YOL156W,YLR403W,0,-3.6327958,0.19652897119522095,0.8040000200271606,0.3287000060081482
YOR321W,YJR103W,0,-3.6328,0.19648094475269318,0.8040000200271606,0.3287999927997589
YKL205W,YEL037C,0,-3.6331015,0.1964329332113266,0.8040000200271606,0.328900009393692
YOR067C,YPR173C,0,-3.6335964,0.1963849514722824,0.8040000200271606,0.32899999618530273
YBR129C,YJL187C,0,-3.6336102,0.1963369995355606,0.8040000200271606,0.32910001277923584
YBR129C,YDR129C,0,-3.6351547,0.1962890625,0.8040000200271606,0.32919999957084656
YOR149C,YGR099W,0,-3.6351566,0.19624115526676178,0.8040000200271606,0.3292999863624573
YLR263W,YOR294W,0,-3.6355472,0.19619326293468475,0.8040000200271606,0.3294000029563904
YPL154C,YDR325W,0,-3.6362877,0.19614540040493011,0.8040000200271606,0.3294999897480011
YPL021W,YML047C,0,-3.6364608,0.19609756767749786,0.8040000200271606,0.3296000063419342
YCR057C,YML005W,0,-3.6368527,0.1960497498512268,0.8040000200271606,0.3296999931335449
YFL018C,YOL088C,0,-3.637023,0.19600194692611694,0.8040000200271606,0.329800009727478
YLR335W,YOL006C,1,-3.6371531,0.19619789719581604,0.8050000071525574,0.329800009727478
YGL143C,YHR181W,0,-3.6372786,0.19615009427070618,0.8050000071525574,0.32989999651908875
YLR354C,YNL079C,0,-3.6389837,0.1961023211479187,0.8050000071525574,0.33000001311302185
YDR016C,YMR095C,0,-3.639224,0.19605454802513123,0.8050000071525574,0.33009999990463257
YJL207C,YDR023W,0,-3.6393738,0.19600681960582733,0.8050000071525574,0.3301999866962433
YBR260C,YNL310C,0,-3.6396313,0.19595910608768463,0.8050000071525574,0.3303000032901764
YOL063C,YJL094C,0,-3.6398482,0.19591140747070312,0.8050000071525574,0.3303999900817871
YJR063W,YPL243W,0,-3.6404366,0.1958637535572052,0.8050000071525574,0.3305000066757202
YNL177C,YMR267W,0,-3.640696,0.19581609964370728,0.8050000071525574,0.33059999346733093
YOL077W-A,YER094C,0,-3.6413383,0.19576847553253174,0.8050000071525574,0.33070001006126404
YNL232W,YBR210W,0,-3.6415224,0.1957208812236786,0.8050000071525574,0.33079999685287476
YLR265C,YPR182W,0,-3.641777,0.19567331671714783,0.8050000071525574,0.33090001344680786
YOR381W,YNL236W,0,-3.6427975,0.19562575221061707,0.8050000071525574,0.3310000002384186
YHR164C,YNL257C,0,-3.6430302,0.19557823240756989,0.8050000071525574,0.3310999870300293
YCR048W,YGL004C,0,-3.643723,0.1955307275056839,0.8050000071525574,0.3312000036239624
YGL004C,YIL008W,0,-3.6437826,0.1954832375049591,0.8050000071525574,0.3312999904155731
YPL233W,YBL033C,0,-3.6440277,0.1954357922077179,0.8050000071525574,0.3314000070095062
YER035W,YGL087C,0,-3.644164,0.19538834691047668,0.8050000071525574,0.33149999380111694
YPL119C,YOR229W,0,-3.6446404,0.19534093141555786,0.8050000071525574,0.33160001039505005
YOR109W,YBR253W,0,-3.6455564,0.19529354572296143,0.8050000071525574,0.33169999718666077
YMR048W,YJL219W,0,-3.6455874,0.19524617493152618,0.8050000071525574,0.33180001378059387
YNR031C,YDR429C,0,-3.6456985,0.19519883394241333,0.8050000071525574,0.3319000005722046
YGL014W,YER120W,1,-3.6460085,0.19539393484592438,0.8059999942779541,0.3319000005722046
YMR076C,YGL095C,0,-3.6461825,0.19534657895565033,0.8059999942779541,0.3319999873638153
YDR182W,YOR151C,0,-3.646624,0.19529925286769867,0.8059999942779541,0.3321000039577484
YBR065C,YOL020W,0,-3.6484566,0.1952519416809082,0.8059999942779541,0.33219999074935913
YMR276W,YNL009W,0,-3.648631,0.19520464539527893,0.8059999942779541,0.33230000734329224
YFL060C,YML007W,0,-3.6487875,0.19515737891197205,0.8059999942779541,0.33239999413490295
YEL027W,YPL180W,0,-3.6489196,0.19511014223098755,0.8059999942779541,0.33250001072883606
YOR245C,YDL079C,0,-3.6495295,0.19506292045116425,0.8059999942779541,0.3325999975204468
YDR236C,YHR050W,0,-3.6501741,0.19501572847366333,0.8059999942779541,0.3327000141143799
YLR324W,YJR049C,0,-3.6501794,0.1949685513973236,0.8059999942779541,0.3328000009059906
YOR034C,YER114C,0,-3.6504507,0.19492140412330627,0.8059999942779541,0.3328999876976013
YBR288C,YDR076W,0,-3.6506128,0.19487427175045013,0.8059999942779541,0.3330000042915344
YJL117W,YJL187C,0,-3.6510277,0.19482716917991638,0.8059999942779541,0.33309999108314514
YPL050C,YGR212W,0,-3.651504,0.19478008151054382,0.8059999942779541,0.33320000767707825
YLR131C,YDL019C,0,-3.6518192,0.19473302364349365,0.8059999942779541,0.33329999446868896
YJL026W,YGL175C,0,-3.651875,0.19468599557876587,0.8059999942779541,0.33340001106262207
YPL086C,YPR133C,0,-3.6522055,0.19463898241519928,0.8059999942779541,0.3334999978542328
YMR097C,YER105C,0,-3.6522202,0.19459198415279388,0.8059999942779541,0.3336000144481659
YNL007C,YKL196C,0,-3.6522613,0.19454501569271088,0.8059999942779541,0.3337000012397766
YHR119W,YMR236W,1,-3.652628,0.19473938643932343,0.8069999814033508,0.3337000012397766
YNL148C,YHR021C,0,-3.6526313,0.19469240307807922,0.8069999814033508,0.33379998803138733
YBR024W,YPL020C,0,-3.6527638,0.19464543461799622,0.8069999814033508,0.33390000462532043
YHR163W,YJL012C,0,-3.6535788,0.1945985108613968,0.8069999814033508,0.33399999141693115
YPR032W,YHR060W,0,-3.6538243,0.19455158710479736,0.8069999814033508,0.33410000801086426
YJR047C,YBR024W,0,-3.6539712,0.19450469315052032,0.8069999814033508,0.334199994802475
YER116C,YDR320C,0,-3.654242,0.19445782899856567,0.8069999814033508,0.3343000113964081
YHR139C,YGL212W,0,-3.6549182,0.19441097974777222,0.8069999814033508,0.3343999981880188
YPR029C,YDR463W,0,-3.6553268,0.19436416029930115,0.8069999814033508,0.3345000147819519
YMR311C,YOR201C,0,-3.6561384,0.19431735575199127,0.8069999814033508,0.3346000015735626
YOR290C,YMR106C,1,-3.6561646,0.1945113092660904,0.8080000281333923,0.3346000015735626
YMR088C,YCL033C,0,-3.6562443,0.19446450471878052,0.8080000281333923,0.33469998836517334
YGR083C,YLR181C,0,-3.6565409,0.19441771507263184,0.8080000281333923,0.33480000495910645
YFL021W,YKL043W,0,-3.656836,0.19437094032764435,0.8080000281333923,0.33489999175071716
YIR037W,YLR320W,0,-3.6568766,0.19432419538497925,0.8080000281333923,0.33500000834465027
YOL010W,YDR159W,0,-3.656931,0.19427746534347534,0.8080000281333923,0.335099995136261
YGR037C,YDL043C,0,-3.6569996,0.19423076510429382,0.8080000281333923,0.3352000117301941
YLR431C,YHL048W,0,-3.6580825,0.1941840946674347,0.8080000281333923,0.3352999985218048
YBR243C,YBR102C,0,-3.658247,0.19413743913173676,0.8080000281333923,0.3353999853134155
YAL012W,YER147C,0,-3.6589227,0.1940907984972,0.8080000281333923,0.33550000190734863
YOR328W,YPL033C,0,-3.6589832,0.19404418766498566,0.8080000281333923,0.33559998869895935
YBL002W,YNL246W,1,-3.6600046,0.19423769414424896,0.8090000152587891,0.33559998869895935
YJL110C,YDR092W,0,-3.6605835,0.1941910684108734,0.8090000152587891,0.33570000529289246
YLR229C,YGR212W,0,-3.6608138,0.19414447247982025,0.8090000152587891,0.3357999920845032
YMR061W,YHL028W,0,-3.6610518,0.19409789144992828,0.8090000152587891,0.3359000086784363
YNL007C,YKL214C,0,-3.6613693,0.1940513253211975,0.8090000152587891,0.335999995470047
YGL087C,YOR195W,0,-3.6617503,0.19400478899478912,0.8090000152587891,0.3361000120639801
YCR071C,YLR022C,0,-3.6621628,0.19395828247070312,0.8090000152587891,0.3361999988555908
YOR232W,YHR079C-A,0,-3.6621957,0.19391179084777832,0.8090000152587891,0.33629998564720154
YNL051W,YPL214C,0,-3.662291,0.1938653290271759,0.8090000152587891,0.33640000224113464
YEL030W,YIL039W,0,-3.6623707,0.19381888210773468,0.8090000152587891,0.33649998903274536
YER089C,YMR218C,0,-3.6627502,0.19377245008945465,0.8090000152587891,0.33660000562667847
YER105C,YDL030W,0,-3.6628141,0.193726047873497,0.8090000152587891,0.3366999924182892
YKL173W,YHR012W,0,-3.66363,0.19367967545986176,0.8090000152587891,0.3368000090122223
YJR042W,YOL067C,0,-3.66368,0.1936333179473877,0.8090000152587891,0.336899995803833
YLR025W,YPL019C,0,-3.6640277,0.19358697533607483,0.8090000152587891,0.3370000123977661
YPR017C,YDR381W,0,-3.6641068,0.19354066252708435,0.8090000152587891,0.33709999918937683
YIL132C,YER151C,0,-3.664175,0.19349437952041626,0.8090000152587891,0.33719998598098755
YGL025C,YOR049C,0,-3.6642694,0.19344811141490936,0.8090000152587891,0.33730000257492065
YOL064C,YDR292C,0,-3.664349,0.19340185821056366,0.8090000152587891,0.33739998936653137
YIL105C,YKL028W,0,-3.664585,0.19335563480854034,0.8090000152587891,0.3375000059604645
YJR035W,YGR209C,0,-3.6649623,0.19330944120883942,0.8090000152587891,0.3375999927520752
YPL153C,YJL164C,0,-3.665372,0.19326326251029968,0.8090000152587891,0.3377000093460083
YIL159W,YJL072C,0,-3.6653848,0.19321709871292114,0.8090000152587891,0.337799996137619
YLL027W,YAL055W,0,-3.6654434,0.193170964717865,0.8090000152587891,0.3379000127315521
YMR308C,YMR061W,0,-3.666688,0.19312484562397003,0.8090000152587891,0.33799999952316284
YLR284C,YOL055C,0,-3.6669264,0.19307875633239746,0.8090000152587891,0.33809998631477356
YGR224W,YLR264W,0,-3.667428,0.19303268194198608,0.8090000152587891,0.33820000290870667
YLR028C,YIL031W,0,-3.6674862,0.1929866373538971,0.8090000152587891,0.3382999897003174
YJR001W,YKL146W,0,-3.667921,0.1929406225681305,0.8090000152587891,0.3384000062942505
YNL167C,YML098W,0,-3.6683016,0.1928946077823639,0.8090000152587891,0.3384999930858612
YBR091C,YOR048C,0,-3.6683326,0.19284862279891968,0.8090000152587891,0.3386000096797943
YGL240W,YNL327W,0,-3.6688147,0.19280266761779785,0.8090000152587891,0.33869999647140503
YLR116W,YGR183C,0,-3.6693497,0.19275672733783722,0.8090000152587891,0.33880001306533813
YHR024C,YBR093C,0,-3.6693654,0.19271081686019897,0.8090000152587891,0.33889999985694885
YDR130C,YOL026C,0,-3.6694384,0.19266492128372192,0.8090000152587891,0.33899998664855957
YLL009C,YEL069C,0,-3.6705356,0.19261904060840607,0.8090000152587891,0.3391000032424927
YHR034C,YDL095W,0,-3.6706667,0.1925731897354126,0.8090000152587891,0.3391999900341034
YBR039W,YMR125W,0,-3.6709247,0.19252736866474152,0.8090000152587891,0.3393000066280365
YLR078C,YER015W,0,-3.6712976,0.19248156249523163,0.8090000152587891,0.3393999934196472
YCL055W,YDR198C,0,-3.6717253,0.19243577122688293,0.8090000152587891,0.3395000100135803
YPL053C,YNL163C,0,-3.6718097,0.19239000976085663,0.8090000152587891,0.33959999680519104
YKL057C,YLR043C,0,-3.6718879,0.19234426319599152,0.8090000152587891,0.33970001339912415
YJR013W,YLR275W,0,-3.6726418,0.1922985464334488,0.8090000152587891,0.33980000019073486
YGR118W,YKL080W,0,-3.6726623,0.19225284457206726,0.8090000152587891,0.3398999869823456
YER177W,YGR083C,0,-3.672677,0.19220717251300812,0.8090000152587891,0.3400000035762787
YDL028C,YIL007C,0,-3.6732259,0.19216151535511017,0.8090000152587891,0.3400999903678894
YOR249C,YNL135C,1,-3.6733484,0.19235335290431976,0.8100000023841858,0.3400999903678894
YPL048W,YDR328C,0,-3.673708,0.19230769574642181,0.8100000023841858,0.3402000069618225
YEL053C,YBL058W,0,-3.6744576,0.19226205348968506,0.8100000023841858,0.3402999937534332
YOL045W,YMR067C,0,-3.6748548,0.1922164261341095,0.8100000023841858,0.34040001034736633
YIL046W,YNL085W,0,-3.6751795,0.19217081367969513,0.8100000023841858,0.34049999713897705
YGR204W,YMR140W,0,-3.6753569,0.19212523102760315,0.8100000023841858,0.34060001373291016
YNL147W,YLR154C,0,-3.6755052,0.19207967817783356,0.8100000023841858,0.3407000005245209
YJL102W,YOR193W,0,-3.675734,0.19203414022922516,0.8100000023841858,0.3407999873161316
YJL026W,YLR150W,0,-3.675746,0.19198861718177795,0.8100000023841858,0.3409000039100647
YKR026C,YHR015W,0,-3.6758342,0.19194312393665314,0.8100000023841858,0.3409999907016754
YBR136W,YBR223C,0,-3.6759782,0.1918976604938507,0.8100000023841858,0.3411000072956085
YNL172W,YHR021C,0,-3.6760755,0.19185219705104828,0.8100000023841858,0.34119999408721924
YDR411C,YNR011C,0,-3.6763597,0.19180677831172943,0.8100000023841858,0.34130001068115234
YBR059C,YLR314C,0,-3.6765761,0.19176135957241058,0.8100000023841858,0.34139999747276306
YKL004W,YKR059W,0,-3.6767812,0.19171597063541412,0.8100000023841858,0.34150001406669617
YNL151C,YOR106W,0,-3.6768112,0.19167061150074005,0.8100000023841858,0.3416000008583069
YOL126C,YOR119C,0,-3.6768336,0.19162526726722717,0.8100000023841858,0.3416999876499176
YDR151C,YOR060C,0,-3.676948,0.1915799379348755,0.8100000023841858,0.3418000042438507
YDR308C,YBR254C,0,-3.6773677,0.1915346384048462,0.8100000023841858,0.3418999910354614
YBR245C,YER125W,1,-3.6780066,0.19172577559947968,0.8109999895095825,0.3418999910354614
YER119C,YDR088C,0,-3.678513,0.19168046116828918,0.8109999895095825,0.34200000762939453
YDL165W,YBR142W,0,-3.6793046,0.1916351616382599,0.8109999895095825,0.34209999442100525
YNL073W,YOL127W,0,-3.67985,0.19158989191055298,0.8109999895095825,0.34220001101493835
YNL047C,YPL283C,0,-3.6805139,0.19154463708400726,0.8109999895095825,0.3422999978065491
YKR066C,YLR268W,0,-3.6807375,0.19149941205978394,0.8109999895095825,0.3424000144004822
YNL331C,YDL137W,0,-3.68123,0.1914542019367218,0.8109999895095825,0.3425000011920929
YOR250C,YIL039W,0,-3.681365,0.19140902161598206,0.8109999895095825,0.3425999879837036
YLR275W,YOR327C,0,-3.6815796,0.1913638561964035,0.8109999895095825,0.3427000045776367
YJR082C,YDL002C,1,-3.6817188,0.19155460596084595,0.8119999766349792,0.3427000045776367
YBR188C,YBR267W,0,-3.6824365,0.1915094405412674,0.8119999766349792,0.34279999136924744
YOR181W,YKL119C,0,-3.682479,0.19146427512168884,0.8119999766349792,0.34290000796318054
YMR212C,YDR156W,0,-3.6826239,0.19141913950443268,0.8119999766349792,0.34299999475479126
YGR261C,YPL124W,0,-3.6831145,0.1913740336894989,0.8119999766349792,0.34310001134872437
YJR064W,YAL002W,0,-3.6832256,0.19132892787456512,0.8119999766349792,0.3431999981403351
YJR082C,YKR042W,1,-3.6839948,0.19151943922042847,0.8130000233650208,0.3431999981403351
YJR091C,YOR254C,0,-3.684062,0.1914743334054947,0.8130000233650208,0.3433000147342682
YCR077C,YJL056C,0,-3.6841474,0.1914292424917221,0.8130000233650208,0.3434000015258789
YIR025W,YDL112W,0,-3.6841893,0.1913841813802719,0.8130000233650208,0.3434999883174896
YDL101C,YAL032C,0,-3.6843977,0.1913391351699829,0.8130000233650208,0.34360000491142273
YBL006C,YOL090W,1,-3.684544,0.19152940809726715,0.8140000104904175,0.34360000491142273
YPL049C,YDL213C,0,-3.685553,0.19148436188697815,0.8140000104904175,0.34369999170303345
YOL126C,YLR268W,0,-3.6857376,0.19143931567668915,0.8140000104904175,0.34380000829696655
YBR234C,YIL002C,0,-3.6860113,0.19139431416988373,0.8140000104904175,0.34389999508857727
YOR136W,YHR014W,0,-3.6860375,0.1913493126630783,0.8140000104904175,0.3440000116825104
YLR453C,YNL151C,0,-3.6861758,0.19130434095859528,0.8140000104904175,0.3440999984741211
YKL005C,YMR135C,0,-3.68648,0.19125939905643463,0.8140000104904175,0.3441999852657318
YGR185C,YGR211W,0,-3.6865802,0.19121447205543518,0.8140000104904175,0.3443000018596649
YML086C,YDR263C,0,-3.687121,0.19116955995559692,0.8140000104904175,0.34439998865127563
YBR131W,YER056C,0,-3.6875176,0.19112467765808105,0.8140000104904175,0.34450000524520874
YLR382C,YKL043W,0,-3.6876683,0.19107981026172638,0.8140000104904175,0.34459999203681946
YOR315W,YER018C,0,-3.6880388,0.1910349726676941,0.8140000104904175,0.34470000863075256
YHR026W,YIL039W,0,-3.6889448,0.190990149974823,0.8140000104904175,0.3447999954223633
YFR028C,YDR092W,0,-3.689639,0.1909453421831131,0.8140000104904175,0.3449000120162964
YBR004C,YOL065C,0,-3.6901703,0.19090056419372559,0.8140000104904175,0.3449999988079071
YFL039C,YOL012C,1,-3.6903605,0.19109027087688446,0.8149999976158142,0.3449999988079071
YOL013C,YKR007W,0,-3.6906967,0.19104547798633575,0.8149999976158142,0.3450999855995178
YHR143W-A,YER008C,0,-3.6909642,0.19100069999694824,0.8149999976158142,0.3452000021934509
YOL146W,YKL117W,0,-3.6916304,0.19095595180988312,0.8149999976158142,0.34529998898506165
YHR031C,YNL236W,0,-3.6917849,0.1909112185239792,0.8149999976158142,0.34540000557899475
YMR301C,YPL098C,0,-3.6927514,0.19086651504039764,0.8149999976158142,0.34549999237060547
YEL031W,YNL138W,0,-3.693471,0.1908218264579773,0.8149999976158142,0.3456000089645386
YCR028C,YPL234C,0,-3.6935272,0.19077715277671814,0.8149999976158142,0.3456999957561493
YCL043C,YJL139C,0,-3.693583,0.19073250889778137,0.8149999976158142,0.3458000123500824
YOR195W,YKR001C,0,-3.6936164,0.1906878799200058,0.8149999976158142,0.3458999991416931
YOR112W,YKL186C,0,-3.693789,0.1906432807445526,0.8149999976158142,0.34599998593330383
YFL009W,YKL081W,0,-3.6939635,0.19059869647026062,0.8149999976158142,0.34610000252723694
YGR222W,YLR329W,0,-3.6942854,0.19055412709712982,0.8149999976158142,0.34619998931884766
YJR031C,YLR384C,0,-3.6945882,0.1905095875263214,0.8149999976158142,0.34630000591278076
YOR002W,YDL190C,0,-3.6953373,0.1904650628566742,0.8149999976158142,0.3463999927043915
YGL011C,YPL065W,0,-3.6954021,0.19042056798934937,0.8149999976158142,0.3465000092983246
YPL008W,YGR074W,0,-3.6954427,0.19037607312202454,0.8149999976158142,0.3465999960899353
YLR330W,YGR098C,0,-3.6958203,0.1903316229581833,0.8149999976158142,0.3467000126838684
YDR181C,YOR290C,1,-3.696054,0.19052065908908844,0.8159999847412109,0.3467000126838684
YLR466W,YMR089C,0,-3.6963387,0.190476194024086,0.8159999847412109,0.3467999994754791
YGR121C,YER042W,0,-3.6967173,0.19043174386024475,0.8159999847412109,0.34689998626708984
YLR390W-A,YOR116C,0,-3.6967354,0.1903873085975647,0.8159999847412109,0.34700000286102295
YLR078C,YLR075W,0,-3.6970181,0.19034290313720703,0.8159999847412109,0.34709998965263367
YOR353C,YBR097W,0,-3.6973705,0.19029851257801056,0.8159999847412109,0.3472000062465668
YPL249C,YIL021W,0,-3.6978526,0.19025413691997528,0.8159999847412109,0.3472999930381775
YOR136W,YOR363C,0,-3.6980262,0.1902097910642624,0.8159999847412109,0.3474000096321106
YGR098C,YDR192C,0,-3.6991,0.1901654601097107,0.8159999847412109,0.3474999964237213
YAR015W,YIR008C,0,-3.699707,0.19012115895748138,0.8159999847412109,0.3476000130176544
YLR066W,YDR400W,0,-3.7001696,0.19007687270641327,0.8159999847412109,0.34769999980926514
YHR148W,YER068W,0,-3.7009873,0.19003260135650635,0.8159999847412109,0.34779998660087585
YNL031C,YNL246W,1,-3.7018695,0.19022119045257568,0.8169999718666077,0.34779998660087585
YOL071W,YIL026C,0,-3.7026038,0.19017690420150757,0.8169999718666077,0.34790000319480896
YFR008W,YBR121C,0,-3.7026343,0.19013264775276184,0.8169999718666077,0.3479999899864197
YJL008C,YPL026C,0,-3.7031069,0.1900884062051773,0.8169999718666077,0.3481000065803528
YGR097W,YBR091C,0,-3.7034292,0.19004419445991516,0.8169999718666077,0.3481999933719635
YLR361C,YIL026C,0,-3.70371,0.1899999976158142,0.8169999718666077,0.3483000099658966
YDL164C,YAR008W,0,-3.7038198,0.18995583057403564,0.8169999718666077,0.3483999967575073
YDR424C,YLR264W,0,-3.7041478,0.18991166353225708,0.8169999718666077,0.34850001335144043
YPL200W,YMR283C,0,-3.7042332,0.1898675411939621,0.8169999718666077,0.34860000014305115
YDL044C,YOL069W,0,-3.7046819,0.18982341885566711,0.8169999718666077,0.34869998693466187
YGL223C,YOR045W,0,-3.70469,0.18977932631969452,0.8169999718666077,0.34880000352859497
YPL085W,YOL109W,0,-3.704833,0.18973524868488312,0.8169999718666077,0.3488999903202057
YDR079W,YJR045C,0,-3.7049723,0.1896912008523941,0.8169999718666077,0.3490000069141388
YJL085W,YGL209W,0,-3.7049875,0.18964716792106628,0.8169999718666077,0.3490999937057495
YFL039C,YGL252C,1,-3.7055035,0.18983523547649384,0.8180000185966492,0.3490999937057495
YDL212W,YIL022W,0,-3.7065816,0.18979118764400482,0.8180000185966492,0.3492000102996826
YLR429W,YML126C,0,-3.706719,0.189747154712677,0.8180000185966492,0.34929999709129333
YER159C,YKL134C,0,-3.7070885,0.18970315158367157,0.8180000185966492,0.34940001368522644
YBL045C,YKR087C,0,-3.7071114,0.18965916335582733,0.8180000185966492,0.34950000047683716
YDR314C,YER117W,0,-3.7077374,0.18961520493030548,0.8180000185966492,0.3495999872684479
YFL022C,YOR085W,0,-3.7078013,0.18957126140594482,0.8180000185966492,0.349700003862381
YKR099W,YGR166W,0,-3.70784,0.18952733278274536,0.8180000185966492,0.3497999906539917
YPR112C,YBL046W,0,-3.7085886,0.1894834339618683,0.8180000185966492,0.3499000072479248
YOR078W,YJR057W,0,-3.7087502,0.1894395500421524,0.8180000185966492,0.3499999940395355
YLR106C,YDR103W,0,-3.7087517,0.1893956959247589,0.8180000185966492,0.35010001063346863
YPL018W,YIL076W,0,-3.7090545,0.1893518567085266,0.8180000185966492,0.35019999742507935
YLR335W,YDL236W,1,-3.7091174,0.18953946232795715,0.8190000057220459,0.35019999742507935
YIR004W,YPL187W,0,-3.709558,0.18949560821056366,0.8190000057220459,0.35030001401901245
YPR122W,YDR058C,0,-3.7103004,0.18945176899433136,0.8190000057220459,0.35040000081062317
YPL195W,YML031W,0,-3.7103238,0.18940795958042145,0.8190000057220459,0.3504999876022339
YMR033W,YLR272C,1,-3.710772,0.18959537148475647,0.8199999928474426,0.3504999876022339
YER105C,YMR026C,0,-3.7109585,0.18955154716968536,0.8199999928474426,0.350600004196167
YDL051W,YJR068W,0,-3.712037,0.18950773775577545,0.8199999928474426,0.3506999909877777
YER028C,YKL117W,0,-3.7124739,0.18946395814418793,0.8199999928474426,0.3508000075817108
YJL108C,YKL212W,0,-3.712636,0.1894201934337616,0.8199999928474426,0.35089999437332153
YJL196C,YDR472W,0,-3.7126698,0.18937644362449646,0.8199999928474426,0.35100001096725464
YMR239C,YPR065W,0,-3.7130857,0.1893327236175537,0.8199999928474426,0.35109999775886536
YGL099W,YDL235C,0,-3.7136111,0.18928901851177216,0.8199999928474426,0.35120001435279846
YPR128C,YBR188C,0,-3.713677,0.1892453283071518,0.8199999928474426,0.3513000011444092
YPL227C,YJL209W,0,-3.7140589,0.18920166790485382,0.8199999928474426,0.3513999879360199
YCL043C,YML027W,0,-3.7146344,0.18915802240371704,0.8199999928474426,0.351500004529953
YPR183W,YMR203W,0,-3.7146854,0.18911439180374146,0.8199999928474426,0.3515999913215637
YBR223C,YOR229W,0,-3.7150655,0.18907079100608826,0.8199999928474426,0.3517000079154968
YHR042W,YBR170C,0,-3.7156758,0.18902720510959625,0.8199999928474426,0.35179999470710754
YIL123W,YDL064W,0,-3.715868,0.18898363411426544,0.8199999928474426,0.35190001130104065
YHR178W,YLR234W,0,-3.7160106,0.18894009292125702,0.8199999928474426,0.35199999809265137
YNL275W,YBL051C,0,-3.7164474,0.1888965666294098,0.8199999928474426,0.3521000146865845
YLR242C,YDR381W,0,-3.7177982,0.18885307013988495,0.8199999928474426,0.3522000014781952
YOR074C,YPL233W,0,-3.7178822,0.1888095736503601,0.8199999928474426,0.3522999882698059
YLR242C,YKL049C,0,-3.7179818,0.18876610696315765,0.8199999928474426,0.352400004863739
YDL095W,YPL002C,0,-3.7184434,0.1887226700782776,0.8199999928474426,0.35249999165534973
YLL050C,YLR262C,0,-3.7185173,0.18867924809455872,0.8199999928474426,0.35260000824928284
YFL009W,YGL208W,0,-3.718647,0.18863584101200104,0.8199999928474426,0.35269999504089355
YNL042W,YKL101W,0,-3.7187438,0.18859246373176575,0.8199999928474426,0.35280001163482666
YKL186C,YJR007W,0,-3.7189207,0.18854908645153046,0.8199999928474426,0.3528999984264374
YOR005C,YOR043W,0,-3.7199755,0.18850575387477875,0.8199999928474426,0.3529999852180481
YGR253C,YMR089C,0,-3.720016,0.18846242129802704,0.8199999928474426,0.3531000018119812
YGL017W,YKL220C,0,-3.7200303,0.18841911852359772,0.8199999928474426,0.3531999886035919
YOR335C,YBR253W,0,-3.7200818,0.1883758306503296,0.8199999928474426,0.353300005197525
YGR092W,YGL249W,0,-3.7201166,0.18833257257938385,0.8199999928474426,0.35339999198913574
YNL118C,YGR206W,0,-3.7204661,0.1882893294095993,0.8199999928474426,0.35350000858306885
YIL004C,YMR287C,0,-3.7205396,0.18824610114097595,0.8199999928474426,0.35359999537467957
YIL124W,YHR181W,0,-3.7205853,0.1882028877735138,0.8199999928474426,0.35370001196861267
YPR005C,YML118W,0,-3.7206664,0.18815970420837402,0.8199999928474426,0.3537999987602234
YKR083C,YGR239C,0,-3.7208176,0.18811653554439545,0.8199999928474426,0.3538999855518341
YMR283C,YHR106W,0,-3.7208414,0.18807339668273926,0.8199999928474426,0.3540000021457672
YLL038C,YNL098C,0,-3.7210703,0.18803027272224426,0.8199999928474426,0.35409998893737793
YOR028C,YDR385W,0,-3.7212477,0.18798716366291046,0.8199999928474426,0.35420000553131104
YOL156W,YDR495C,0,-3.721438,0.18794406950473785,0.8199999928474426,0.35429999232292175
YKL057C,YOR359W,0,-3.7215629,0.18790100514888763,0.8199999928474426,0.35440000891685486
YKL220C,YHR039C-A,0,-3.7218213,0.1878579556941986,0.8199999928474426,0.3544999957084656
YLR433C,YNL012W,0,-3.7220483,0.18781493604183197,0.8199999928474426,0.3546000123023987
YLR260W,YLR265C,0,-3.7220993,0.18777193129062653,0.8199999928474426,0.3546999990940094
YCR094W,YKR001C,0,-3.7223406,0.18772894144058228,0.8199999928474426,0.3547999858856201
YMR042W,YDR404C,0,-3.7233186,0.18768596649169922,0.8199999928474426,0.3549000024795532
YBR110W,YOR151C,0,-3.7241926,0.18764302134513855,0.8199999928474426,0.35499998927116394
YAL012W,YIL070C,0,-3.7244215,0.18760009109973907,0.8199999928474426,0.35510000586509705
YDL014W,YDL095W,0,-3.7244606,0.1875571757555008,0.8199999928474426,0.35519999265670776
YIL036W,YLR361C,0,-3.7248063,0.1875142902135849,0.8199999928474426,0.35530000925064087
YBR041W,YLR448W,0,-3.7249918,0.1874714195728302,0.8199999928474426,0.3553999960422516
YNL151C,YLR396C,0,-3.7252502,0.1874285787343979,0.8199999928474426,0.3555000126361847
YMR112C,YOR274W,0,-3.725336,0.18738573789596558,0.8199999928474426,0.3555999994277954
YLR425W,YDL077C,0,-3.7253413,0.18734292685985565,0.8199999928474426,0.35569998621940613
YGL178W,YBR089C-A,1,-3.726131,0.1875285506248474,0.8209999799728394,0.35569998621940613
YER112W,YMR229C,0,-3.726657,0.1874857246875763,0.8209999799728394,0.35580000281333923
YMR061W,YLR055C,0,-3.7290168,0.18744292855262756,0.8209999799728394,0.35589998960494995
YMR220W,YNL257C,0,-3.7290702,0.18740013241767883,0.8209999799728394,0.35600000619888306
YHR152W,YPL239W,0,-3.729941,0.1873573660850525,0.8209999799728394,0.3560999929904938
YMR301C,YOL060C,0,-3.7308044,0.18731462955474854,0.8209999799728394,0.3562000095844269
YBR243C,YCR060W,0,-3.7311811,0.18727189302444458,0.8209999799728394,0.3562999963760376
YDL101C,YKL045W,0,-3.7315536,0.187229186296463,0.8209999799728394,0.3564000129699707
YDL137W,YJL026W,0,-3.731616,0.18718650937080383,0.8209999799728394,0.3564999997615814
YOL156W,YJL140W,0,-3.7316556,0.18714383244514465,0.8209999799728394,0.35659998655319214
YJR153W,YDR279W,0,-3.7320862,0.18710118532180786,0.8209999799728394,0.35670000314712524
YLR102C,YDL188C,0,-3.732915,0.18705855309963226,0.8209999799728394,0.35679998993873596
YER168C,YPR133W-A,0,-3.7329378,0.18701595067977905,0.8209999799728394,0.35690000653266907
YKL043W,YJL056C,0,-3.732942,0.18697334825992584,0.8209999799728394,0.3569999933242798
YBL050W,YGR013W,0,-3.7329555,0.1869307905435562,0.8209999799728394,0.3571000099182129
YEL042W,YNR052C,0,-3.7338867,0.18688823282718658,0.8209999799728394,0.3571999967098236
YKR054C,YGL213C,0,-3.7344232,0.18684570491313934,0.8209999799728394,0.3573000133037567
YDL213C,YNL131W,0,-3.7345028,0.1868031919002533,0.8209999799728394,0.35740000009536743
YDR022C,YOR329C,0,-3.7345185,0.18676069378852844,0.8209999799728394,0.35749998688697815
YJR132W,YPL124W,0,-3.7349496,0.18671821057796478,0.8209999799728394,0.35760000348091125
YDR435C,YER013W,0,-3.734973,0.1866757571697235,0.8209999799728394,0.357699990272522
YOL060C,YEL016C,0,-3.7350311,0.18663331866264343,0.8209999799728394,0.3578000068664551
YGL106W,YMR302C,0,-3.7352018,0.18659090995788574,0.8209999799728394,0.3578999936580658
YJR077C,YIL022W,0,-3.7353106,0.18654851615428925,0.8209999799728394,0.3580000102519989
YNL031C,YNL186W,1,-3.7355342,0.18673330545425415,0.8220000267028809,0.3580000102519989
YDR069C,YKL196C,0,-3.7359538,0.18669089674949646,0.8220000267028809,0.3580999970436096
YDR478W,YPL019C,0,-3.7361188,0.18664850294589996,0.8220000267028809,0.3582000136375427
YHR007C,YGR212W,0,-3.7362523,0.18660612404346466,0.8220000267028809,0.35830000042915344
YHL038C,YPL021W,0,-3.7365074,0.18656377494335175,0.8220000267028809,0.35839998722076416
YIL065C,YDL028C,0,-3.7368097,0.18652144074440002,0.8220000267028809,0.35850000381469727
YCL029C,YBL084C,0,-3.7368937,0.1864791214466095,0.8220000267028809,0.358599990606308
YBR023C,YDR251W,0,-3.737279,0.18643683195114136,0.8220000267028809,0.3587000072002411
YKR052C,YAR033W,0,-3.7376542,0.1863945573568344,0.8220000267028809,0.3587999939918518
YMR100W,YOR098C,0,-3.7381454,0.18635229766368866,0.8220000267028809,0.3589000105857849
YAL015C,YLR263W,0,-3.7387772,0.1863100677728653,0.8220000267028809,0.35899999737739563
YOR244W,YDL076C,1,-3.7390618,0.18649445474147797,0.8230000138282776,0.35899999737739563
YHR072W-A,YBR111W-A,0,-3.739087,0.18645219504833221,0.8230000138282776,0.35910001397132874
YLR025W,YLR467W,0,-3.739285,0.18640996515750885,0.8230000138282776,0.35920000076293945
YCR020C,YOL146W,0,-3.7397861,0.18636775016784668,0.8230000138282776,0.35929998755455017
YLR113W,YJL013C,0,-3.7403283,0.1863255649805069,0.8230000138282776,0.3594000041484833
YDL165W,YOR144C,0,-3.7406025,0.18628337979316711,0.8230000138282776,0.359499990940094
YOR080W,YAL056W,0,-3.7409768,0.18624122440814972,0.8230000138282776,0.3596000075340271
YFR005C,YPL057C,0,-3.741201,0.1861990988254547,0.8230000138282776,0.3596999943256378
YJR150C,YML118W,0,-3.741579,0.1861569732427597,0.8230000138282776,0.3598000109195709
YDR030C,YLR234W,0,-3.7415862,0.18611487746238708,0.8230000138282776,0.35989999771118164
YPR094W,YJL004C,0,-3.741901,0.18607279658317566,0.8230000138282776,0.36000001430511475
YLR228C,YLR154C,0,-3.742217,0.18603074550628662,0.8230000138282776,0.36010000109672546
YGL122C,YEL002C,0,-3.7422175,0.18598869442939758,0.8230000138282776,0.3601999878883362
YGL105W,YIL101C,0,-3.7426004,0.18594667315483093,0.8230000138282776,0.3603000044822693
YDR054C,YMR016C,0,-3.7440524,0.18590468168258667,0.8230000138282776,0.36039999127388
YBR260C,YMR013C,0,-3.7441816,0.1858626902103424,0.8230000138282776,0.3605000078678131
YLR055C,YKL058W,0,-3.7443519,0.18582072854042053,0.8230000138282776,0.36059999465942383
YDR264C,YDR461W,0,-3.7443533,0.18577878177165985,0.8230000138282776,0.36070001125335693
YOR231W,YOL094C,0,-3.7456393,0.18573684990406036,0.8230000138282776,0.36079999804496765
YOR040W,YLL013C,0,-3.7456722,0.18569494783878326,0.8230000138282776,0.36090001463890076
YJR050W,YAR031W,0,-3.7467823,0.18565306067466736,0.8230000138282776,0.3610000014305115
YPR037C,YOR057W,0,-3.7469287,0.18561118841171265,0.8230000138282776,0.3610999882221222
YLR376C,YHL007C,0,-3.7469888,0.18556933104991913,0.8230000138282776,0.3612000048160553
YML112W,YEL016C,0,-3.747591,0.185527503490448,0.8230000138282776,0.361299991607666
YGL256W,YPL053C,0,-3.7477026,0.18548569083213806,0.8230000138282776,0.3614000082015991
YOR098C,YKL079W,0,-3.7478962,0.18544389307498932,0.8230000138282776,0.36149999499320984
YLR449W,YCR084C,1,-3.7481728,0.18562740087509155,0.8240000009536743,0.36149999499320984
YML028W,YBL100W-A,0,-3.7486868,0.18558558821678162,0.8240000009536743,0.36160001158714294
YER172C,YBR121C,0,-3.7487688,0.18554379045963287,0.8240000009536743,0.36169999837875366
YJL210W,YBL051C,0,-3.7487721,0.18550202250480652,0.8240000009536743,0.3617999851703644
YAL007C,YMR188C,0,-3.749148,0.18546026945114136,0.8240000009536743,0.3619000017642975
YGR216C,YHR031C,0,-3.7494202,0.18541854619979858,0.8240000009536743,0.3619999885559082
YLR361C,YGR091W,0,-3.749423,0.1853768229484558,0.8240000009536743,0.3621000051498413
YER117W,YLL021W,0,-3.750267,0.18533512949943542,0.8240000009536743,0.362199991941452
YKL206C,YLR215C,0,-3.7510648,0.18529345095157623,0.8240000009536743,0.36230000853538513
YKR034W,YNL079C,0,-3.7514358,0.18525180220603943,0.8240000009536743,0.36239999532699585
YLR394W,YHR178W,0,-3.7517633,0.18521015346050262,0.8240000009536743,0.36250001192092896
YKL017C,YDL046W,0,-3.7519217,0.1851685345172882,0.8240000009536743,0.3625999987125397
YJR105W,YLR275W,0,-3.752159,0.18512693047523499,0.8240000009536743,0.3626999855041504
YEL029C,YNL012W,0,-3.7527275,0.18508535623550415,0.8240000009536743,0.3628000020980835
YLR074C,YGL137W,0,-3.7529683,0.1850437968969345,0.8240000009536743,0.3628999888896942
YGL106W,YHR031C,0,-3.753172,0.18500225245952606,0.8240000009536743,0.3630000054836273
YHR081W,YMR076C,0,-3.7538776,0.1849607229232788,0.8240000009536743,0.36309999227523804
YLR210W,YJR160C,0,-3.7541146,0.18491920828819275,0.8240000009536743,0.36320000886917114
YLR386W,YML001W,0,-3.7543316,0.18487772345542908,0.8240000009536743,0.36329999566078186
YLR380W,YGR285C,0,-3.7544332,0.1848362535238266,0.8240000009536743,0.36340001225471497
YNR057C,YLL038C,0,-3.7544904,0.18479479849338531,0.8240000009536743,0.3634999990463257
YJR082C,YGL252C,1,-3.754973,0.18497757613658905,0.824999988079071,0.3634999990463257
YMR100W,YLR268W,0,-3.754982,0.18493610620498657,0.824999988079071,0.3635999858379364
YAL005C,YPL087W,0,-3.7550368,0.18489466607570648,0.824999988079071,0.3637000024318695
YGR227W,YGL028C,0,-3.7550983,0.18485324084758759,0.824999988079071,0.3637999892234802
YPL096C-A,YKL057C,0,-3.7551503,0.18481183052062988,0.824999988079071,0.36390000581741333
YJL004C,YPL214C,0,-3.7555861,0.18477043509483337,0.824999988079071,0.36399999260902405
YPL098C,YPL156C,0,-3.7556643,0.18472906947135925,0.824999988079071,0.36410000920295715
YPR128C,YIL009C-A,0,-3.7558002,0.18468770384788513,0.824999988079071,0.36419999599456787
YNL023C,YDR407C,0,-3.755849,0.1846463680267334,0.824999988079071,0.364300012588501
YDR311W,YLR249W,0,-3.756186,0.18460506200790405,0.824999988079071,0.3643999993801117
YNL059C,YOL017W,1,-3.7563963,0.18478746712207794,0.8259999752044678,0.3643999993801117
YAL020C,YDR398W,0,-3.7566543,0.1847461462020874,0.8259999752044678,0.3644999861717224
YLR100W,YKL099C,0,-3.7571435,0.18470482528209686,0.8259999752044678,0.3646000027656555
YML019W,YER117W,0,-3.757896,0.1846635341644287,0.8259999752044678,0.36469998955726624
YPL082C,YDR156W,0,-3.7582455,0.18462225794792175,0.8259999752044678,0.36480000615119934
YBR029C,YBR153W,0,-3.7584515,0.18458101153373718,0.8259999752044678,0.36489999294281006
YNL259C,YKL173W,0,-3.7584767,0.1845397651195526,0.8259999752044678,0.36500000953674316
YDL143W,YAL031C,0,-3.7591867,0.18449854850769043,0.8259999752044678,0.3650999963283539
YGR289C,YGL151W,0,-3.7591982,0.18445734679698944,0.8259999752044678,0.365200012922287
YKR034W,YJR035W,0,-3.7598286,0.18441615998744965,0.8259999752044678,0.3652999997138977
YKR062W,YEL012W,0,-3.7604752,0.18437500298023224,0.8259999752044678,0.3653999865055084
YOL133W,YBR043C,0,-3.7607126,0.18433386087417603,0.8259999752044678,0.36550000309944153
YKL062W,YOL055C,0,-3.760736,0.184292733669281,0.8259999752044678,0.36559998989105225
YOR266W,YGR059W,0,-3.7608523,0.18425162136554718,0.8259999752044678,0.36570000648498535
YAL007C,YDR456W,0,-3.7609591,0.18421052396297455,0.8259999752044678,0.36579999327659607
YAL032C,YGR047C,0,-3.761167,0.1841694563627243,0.8259999752044678,0.3659000098705292
YLR035C,YNL244C,0,-3.761538,0.18412840366363525,0.8259999752044678,0.3659999966621399
YKL093W,YMR070W,0,-3.7620907,0.1840873658657074,0.8259999752044678,0.366100013256073
YDL099W,YDR113C,0,-3.7622213,0.18404634296894073,0.8259999752044678,0.3662000000476837
YBR121C,YLR011W,0,-3.7622285,0.18400534987449646,0.8259999752044678,0.36629998683929443
YDR511W,YPL180W,0,-3.7624626,0.18396437168121338,0.8259999752044678,0.36640000343322754
YCL026C-A,YMR201C,0,-3.762576,0.1839234083890915,0.8259999752044678,0.36649999022483826
YPR083W,YJL128C,0,-3.7625914,0.1838824599981308,0.8259999752044678,0.36660000681877136
YJL099W,YNL253W,0,-3.763143,0.1838415265083313,0.8259999752044678,0.3666999936103821
YNL271C,YDR030C,0,-3.763535,0.1838006228208542,0.8259999752044678,0.3668000102043152
YMR162C,YLR405W,0,-3.7636285,0.18375973403453827,0.8259999752044678,0.3668999969959259
YDR377W,YLR354C,0,-3.7638698,0.18371886014938354,0.8259999752044678,0.367000013589859
YOR240W,YOL116W,0,-3.764217,0.18367800116539001,0.8259999752044678,0.3671000003814697
YER149C,YDR165W,0,-3.7649622,0.18363717198371887,0.8259999752044678,0.36719998717308044
YBR008C,YLR011W,0,-3.7653341,0.18359635770320892,0.8259999752044678,0.36730000376701355
YCL043C,YFR052W,0,-3.7659817,0.18355555832386017,0.8259999752044678,0.36739999055862427
YBR055C,YPL176C,0,-3.7660213,0.1835147738456726,0.8259999752044678,0.3675000071525574
YOR216C,YDL077C,0,-3.766233,0.18347400426864624,0.8259999752044678,0.3675999939441681
YDR494W,YOR057W,0,-3.7663136,0.18343326449394226,0.8259999752044678,0.3677000105381012
YPR122W,YMR220W,0,-3.766787,0.18339253962039948,0.8259999752044678,0.3677999973297119
YNR033W,YGR229C,0,-3.7668514,0.18335182964801788,0.8259999752044678,0.367900013923645
YNL131W,YOR256C,0,-3.7672162,0.18331113457679749,0.8259999752044678,0.36800000071525574
YLR201C,YJR150C,0,-3.7674065,0.18327046930789948,0.8259999752044678,0.36809998750686646
YJR090C,YDR478W,0,-3.7676668,0.18322981894016266,0.8259999752044678,0.36820000410079956
YGR004W,YJL025W,0,-3.767919,0.18318918347358704,0.8259999752044678,0.3682999908924103
YBR234C,YOL066C,0,-3.7681189,0.1831485629081726,0.8259999752044678,0.3684000074863434
YGL240W,YNL084C,0,-3.7682285,0.18310795724391937,0.8259999752044678,0.3684999942779541
YER030W,YFL049W,1,-3.768353,0.18328900635242462,0.8270000219345093,0.3684999942779541
YBR098W,YKL154W,0,-3.7684803,0.1832484006881714,0.8270000219345093,0.3686000108718872
YDR494W,YBR182C,0,-3.769112,0.18320779502391815,0.8270000219345093,0.3686999976634979
YDR201W,YEL041W,0,-3.7692475,0.1831672191619873,0.8270000219345093,0.36880001425743103
YGL251C,YBR267W,0,-3.769785,0.18312665820121765,0.8270000219345093,0.36890000104904175
YIL036W,YPR046W,0,-3.7703047,0.1830861121416092,0.8270000219345093,0.36899998784065247
YCR040W,YHR165C,0,-3.7703333,0.18304559588432312,0.8270000219345093,0.36910000443458557
YBR080C,YPL214C,0,-3.7704773,0.18300509452819824,0.8270000219345093,0.3691999912261963
YGL119W,YOR069W,0,-3.7708745,0.18296460807323456,0.8270000219345093,0.3693000078201294
YLR449W,YDR334W,1,-3.772163,0.18314531445503235,0.828000009059906,0.3693000078201294
YML094W,YKR007W,0,-3.772245,0.18310482800006866,0.828000009059906,0.3693999946117401
YKR028W,YJL012C,0,-3.7723703,0.18306434154510498,0.828000009059906,0.3695000112056732
YNL118C,YHR143W,0,-3.7732887,0.1830238699913025,0.828000009059906,0.36959999799728394
YGL035C,YLR417W,0,-3.7733355,0.1829834282398224,0.828000009059906,0.36970001459121704
YGL054C,YOR157C,0,-3.7739215,0.18294300138950348,0.828000009059906,0.36980000138282776
YFL039C,YNL031C,1,-3.77415,0.18312348425388336,0.8289999961853027,0.36980000138282776
YLR304C,YLR045C,0,-3.7742338,0.18308304250240326,0.8289999961853027,0.3698999881744385
YDR122W,YJL030W,0,-3.7746487,0.18304261565208435,0.8289999961853027,0.3700000047683716
YHR005C-A,YDR165W,0,-3.774798,0.18300220370292664,0.8289999961853027,0.3700999915599823
YGL099W,YGR072W,0,-3.775033,0.1829618215560913,0.8289999961853027,0.3702000081539154
YML126C,YOL101C,0,-3.7763762,0.18292145431041718,0.8289999961853027,0.3702999949455261
YIL036W,YPR032W,0,-3.7770476,0.18288108706474304,0.8289999961853027,0.37040001153945923
YPL204W,YOR193W,0,-3.777151,0.1828407645225525,0.8289999961853027,0.37049999833106995
YGR060W,YGL129C,0,-3.777402,0.18280044198036194,0.8289999961853027,0.37059998512268066
YHR143W,YLR081W,0,-3.7778616,0.18276013433933258,0.8289999961853027,0.37070000171661377
YGL143C,YCR027C,0,-3.778358,0.1827198565006256,0.8289999961853027,0.3707999885082245
YDR252W,YGR104C,0,-3.7786164,0.18267959356307983,0.8289999961853027,0.3709000051021576
YFL018C,YCR092C,0,-3.7789187,0.18263934552669525,0.8289999961853027,0.3709999918937683
YMR172W,YBR043C,0,-3.7790132,0.18259911239147186,0.8289999961853027,0.3711000084877014
YNL214W,YMR088C,0,-3.7791739,0.18255890905857086,0.8289999961853027,0.37119999527931213
YDL207W,YHR163W,0,-3.779294,0.18251872062683105,0.8289999961853027,0.37130001187324524
YER009W,YOR014W,0,-3.779892,0.18247853219509125,0.8289999961853027,0.37139999866485596
YPL015C,YKR101W,1,-3.7800975,0.18265844881534576,0.8299999833106995,0.37139999866485596
YJR017C,YGR044C,0,-3.7801847,0.18261826038360596,0.8299999833106995,0.3714999854564667
YKL005C,YHL036W,0,-3.7805853,0.18257808685302734,0.8299999833106995,0.3716000020503998
YAR015W,YBR295W,0,-3.780654,0.18253794312477112,0.8299999833106995,0.3716999888420105
YNL230C,YPL187W,0,-3.7808843,0.1824977993965149,0.8299999833106995,0.3718000054359436
YKL182W,YPR133W-A,0,-3.7810316,0.18245768547058105,0.8299999833106995,0.3718999922275543
YDR284C,YJR068W,0,-3.7819333,0.1824175864458084,0.8299999833106995,0.3720000088214874
YJR121W,YCR066W,0,-3.7823448,0.18237750232219696,0.8299999833106995,0.37209999561309814
YKL149C,YGR083C,0,-3.7824788,0.1823374330997467,0.8299999833106995,0.37220001220703125
YGL181W,YMR021C,0,-3.7844443,0.18229739367961884,0.8299999833106995,0.37229999899864197
YKL021C,YDL159W,0,-3.7845755,0.18225735425949097,0.8299999833106995,0.3723999857902527
YNL164C,YHR186C,0,-3.785111,0.18221734464168549,0.8299999833106995,0.3725000023841858
YAL059W,YMR095C,0,-3.7856102,0.1821773499250412,0.8299999833106995,0.3725999891757965
YIR028W,YKL197C,0,-3.785757,0.1821373701095581,0.8299999833106995,0.3727000057697296
YOL003C,YJL029C,0,-3.7868237,0.1820974051952362,0.8299999833106995,0.37279999256134033
YGL133W,YMR022W,1,-3.7878242,0.18227681517601013,0.8309999704360962,0.37279999256134033
YNL230C,YOR168W,0,-3.78793,0.18223683536052704,0.8309999704360962,0.37290000915527344
YNR038W,YPL085W,0,-3.789074,0.18219688534736633,0.8309999704360962,0.37299999594688416
YLR144C,YBR041W,0,-3.7897968,0.18215695023536682,0.8309999704360962,0.37310001254081726
YOR316C,YKR082W,0,-3.7899313,0.1821170300245285,0.8309999704360962,0.373199999332428
YLR381W,YGR132C,0,-3.7900505,0.18207712471485138,0.8309999704360962,0.3732999861240387
YJL089W,YJL192C,0,-3.7901163,0.18203723430633545,0.8309999704360962,0.3734000027179718
YOR249C,YDR224C,1,-3.7902212,0.18221637606620789,0.8320000171661377,0.3734000027179718
YKL092C,YFL017W-A,0,-3.7903442,0.18217648565769196,0.8320000171661377,0.3734999895095825
YBR042C,YLL043W,0,-3.790825,0.18213659524917603,0.8320000171661377,0.3736000061035156
YIL149C,YOR207C,0,-3.7912445,0.18209673464298248,0.8320000171661377,0.37369999289512634
YHR194W,YER149C,0,-3.7915287,0.18205688893795013,0.8320000171661377,0.37380000948905945
YLR022C,YFL038C,0,-3.7921677,0.18201705813407898,0.8320000171661377,0.37389999628067017
YBR175W,YFL049W,1,-3.792769,0.1821959763765335,0.8330000042915344,0.37389999628067017
YLL019C,YNL297C,0,-3.7933097,0.18215613067150116,0.8330000042915344,0.37400001287460327
YJL095W,YGR046W,0,-3.7935262,0.1821163147687912,0.8330000042915344,0.374099999666214
YBR217W,YMR058W,0,-3.793539,0.18207649886608124,0.8330000042915344,0.3741999864578247
YGR074W,YDR059C,0,-3.7935777,0.18203671276569366,0.8330000042915344,0.3743000030517578
YGR186W,YGR005C,0,-3.793713,0.18199694156646729,0.8330000042915344,0.37439998984336853
YOR103C,YER154W,0,-3.794023,0.1819571852684021,0.8330000042915344,0.37450000643730164
YIL040W,YPR111W,0,-3.7940412,0.1819174438714981,0.8330000042915344,0.37459999322891235
YNL021W,YPL015C,1,-3.7943559,0.18209606409072876,0.8339999914169312,0.37459999322891235
YLL035W,YER089C,0,-3.7945266,0.18205632269382477,0.8339999914169312,0.37470000982284546
YBL050W,YML098W,0,-3.794568,0.18201658129692078,0.8339999914169312,0.3747999966144562
YLR382C,YLR071C,0,-3.794743,0.18197686970233917,0.8339999914169312,0.3749000132083893
YBR217W,YER171W,0,-3.7957473,0.18193717300891876,0.8339999914169312,0.375
YHR150W,YNL149C,0,-3.796207,0.18189749121665955,0.8339999914169312,0.3750999867916107
YGR238C,YNL129W,0,-3.7969232,0.18185782432556152,0.8339999914169312,0.3752000033855438
YBR210W,YMR140W,0,-3.7972493,0.1818181872367859,0.8339999914169312,0.37529999017715454
YLR319C,YNL036W,0,-3.7973332,0.18177855014801025,0.8339999914169312,0.37540000677108765
YLL001W,YER068W,0,-3.7974272,0.181738942861557,0.8339999914169312,0.37549999356269836
YKL005C,YOL001W,0,-3.7977805,0.18169935047626495,0.8339999914169312,0.37560001015663147
YKR009C,YML107C,0,-3.7977862,0.1816597729921341,0.8339999914169312,0.3756999969482422
YPL231W,YDR156W,0,-3.7978268,0.18162021040916443,0.8339999914169312,0.3758000135421753
YMR246W,YIL114C,0,-3.7979069,0.18158066272735596,0.8339999914169312,0.375900000333786
YKR028W,YLR378C,0,-3.7983794,0.18154114484786987,0.8339999914169312,0.37599998712539673
YNL038W,YER019C-A,0,-3.7987356,0.1815016269683838,0.8339999914169312,0.37610000371932983
YPR134W,YBR254C,0,-3.7988591,0.1814621388912201,0.8339999914169312,0.37619999051094055
YKL172W,YLR318W,0,-3.7989836,0.1814226657152176,0.8339999914169312,0.37630000710487366
YBL069W,YDR023W,0,-3.7992773,0.18138320744037628,0.8339999914169312,0.3763999938964844
YDR450W,YNL131W,0,-3.8001928,0.18134376406669617,0.8339999914169312,0.3765000104904175
YGL004C,YNL257C,0,-3.80057,0.18130435049533844,0.8339999914169312,0.3765999972820282
YOL102C,YOR229W,0,-3.8012385,0.1812649369239807,0.8339999914169312,0.3767000138759613
YDR295C,YMR022W,1,-3.8012586,0.18144285678863525,0.8349999785423279,0.3767000138759613
YPR023C,YLR272C,1,-3.8015432,0.18162068724632263,0.8360000252723694,0.3767000138759613
YKL125W,YPL210C,0,-3.802012,0.18158122897148132,0.8360000252723694,0.376800000667572
YML118W,YJL074C,0,-3.8021283,0.1815418004989624,0.8360000252723694,0.37689998745918274
YKR099W,YDL159W,0,-3.802133,0.18150238692760468,0.8360000252723694,0.37700000405311584
YPL117C,YJR009C,0,-3.802434,0.18146298825740814,0.8360000252723694,0.37709999084472656
YCR027C,YLR026C,0,-3.80297,0.1814236044883728,0.8360000252723694,0.37720000743865967
YEL015W,YCL044C,0,-3.8038545,0.18138425052165985,0.8360000252723694,0.3772999942302704
YDR276C,YBL103C,0,-3.8051271,0.1813448965549469,0.8360000252723694,0.3774000108242035
YDR055W,YCL001W,0,-3.8056111,0.18130557239055634,0.8360000252723694,0.3774999976158142
YDR460W,YGR251W,0,-3.8058543,0.18126626312732697,0.8360000252723694,0.3776000142097473
YHR061C,YCR071C,0,-3.8059778,0.1812269687652588,0.8360000252723694,0.37770000100135803
YOL116W,YKL194C,0,-3.8064413,0.1811876893043518,0.8360000252723694,0.37779998779296875
YML104C,YNL222W,0,-3.8065329,0.18114842474460602,0.8360000252723694,0.37790000438690186
YNL248C,YNL070W,0,-3.8067713,0.18110918998718262,0.8360000252723694,0.3779999911785126
YCR047C,YDR188W,0,-3.807067,0.18106995522975922,0.8360000252723694,0.3781000077724457
YDL245C,YCL001W,0,-3.8074656,0.1810307502746582,0.8360000252723694,0.3781999945640564
YBR155W,YGL172W,0,-3.8076396,0.18099156022071838,0.8360000252723694,0.3783000111579895
YGR134W,YIL066C,0,-3.807846,0.18095238506793976,0.8360000252723694,0.3783999979496002
YLR449W,YCL010C,1,-3.8087091,0.18112961947917938,0.8370000123977661,0.3783999979496002
YCR071C,YLR354C,0,-3.808766,0.18109044432640076,0.8370000123977661,0.3785000145435333
YLL050C,YOR005C,0,-3.8095517,0.18105126917362213,0.8370000123977661,0.37860000133514404
YMR311C,YGR209C,0,-3.809885,0.1810121089220047,0.8370000123977661,0.37869998812675476
YIR019C,YPR198W,0,-3.810017,0.18097297847270966,0.8370000123977661,0.37880000472068787
YNL068C,YNL138W,0,-3.8101244,0.1809338480234146,0.8370000123977661,0.3788999915122986
YCL031C,YDL224C,0,-3.8102279,0.18089474737644196,0.8370000123977661,0.3790000081062317
YDL143W,YKL197C,0,-3.8102808,0.1808556616306305,0.8370000123977661,0.3790999948978424
YCR026C,YIL076W,0,-3.81105,0.18081659078598022,0.8370000123977661,0.3792000114917755
YDR040C,YLR079W,0,-3.8112054,0.18077753484249115,0.8370000123977661,0.37929999828338623
YNL023C,YLR011W,0,-3.8113632,0.18073850870132446,0.8370000123977661,0.37940001487731934
YER109C,YIR021W,0,-3.8117633,0.18069948256015778,0.8370000123977661,0.37950000166893005
YAR014C,YNL329C,0,-3.8117976,0.18066048622131348,0.8370000123977661,0.37959998846054077
YAL020C,YJL005W,0,-3.8121405,0.18062148988246918,0.8370000123977661,0.3797000050544739
YIL079C,YNL102W,0,-3.8122725,0.18058252334594727,0.8370000123977661,0.3797999918460846
YDR365C,YIR021W,0,-3.8122869,0.18054357171058655,0.8370000123977661,0.3799000084400177
YBR041W,YLR006C,0,-3.812317,0.18050463497638702,0.8370000123977661,0.3799999952316284
YDR016C,YOR229W,0,-3.8123808,0.1804657131433487,0.8370000123977661,0.3801000118255615
YNR032W,YGR221C,0,-3.8128715,0.18042682111263275,0.8370000123977661,0.38019999861717224
YPR046W,YNL012W,0,-3.8131995,0.1803879290819168,0.8370000123977661,0.38029998540878296
YLR071C,YDR457W,0,-3.813415,0.18034906685352325,0.8370000123977661,0.38040000200271606
YLL036C,YGL232W,0,-3.8137898,0.1803102046251297,0.8370000123977661,0.3804999887943268
YGL119W,YGR175C,0,-3.8142614,0.18027137219905853,0.8370000123977661,0.3806000053882599
YGL133W,YOR064C,1,-3.8143997,0.18044789135456085,0.8379999995231628,0.3806000053882599
YBL045C,YDR218C,0,-3.8146358,0.1804090440273285,0.8379999995231628,0.3806999921798706
YBR131W,YKR056W,0,-3.8146815,0.18037021160125732,0.8379999995231628,0.3808000087738037
YBR106W,YER147C,0,-3.8147707,0.18033139407634735,0.8379999995231628,0.38089999556541443
YLR134W,YLR200W,0,-3.8154502,0.18029260635375977,0.8379999995231628,0.38100001215934753
YPL267W,YGR085C,0,-3.8171964,0.18025381863117218,0.8379999995231628,0.38109999895095825
YDR507C,YAL023C,0,-3.8177137,0.18021506071090698,0.8379999995231628,0.38119998574256897
YOR103C,YCL054W,0,-3.818163,0.18017630279064178,0.8379999995231628,0.3813000023365021
YGR200C,YGR186W,0,-3.818184,0.18013757467269897,0.8379999995231628,0.3813999891281128
YHR160C,YNL311C,0,-3.8184905,0.18009886145591736,0.8379999995231628,0.3815000057220459
YDR174W,YPL176C,0,-3.8186622,0.18006016314029694,0.8379999995231628,0.3815999925136566
YOL133W,YJL166W,0,-3.8191676,0.1800214797258377,0.8379999995231628,0.3817000091075897
YCL055W,YMR182C,0,-3.8194332,0.17998281121253967,0.8379999995231628,0.38179999589920044
YLR347C,YLL003W,0,-3.8195305,0.17994417250156403,0.8379999995231628,0.38190001249313354
YDR450W,YNL222W,0,-3.819633,0.17990553379058838,0.8379999995231628,0.38199999928474426
YER155C,YLR105C,0,-3.8198051,0.17986692488193512,0.8379999995231628,0.382099986076355
YCR014C,YJL001W,0,-3.8198195,0.17982833087444305,0.8379999995231628,0.3822000026702881
YPL059W,YER162C,0,-3.8199,0.17978975176811218,0.8379999995231628,0.3822999894618988
YBR185C,YGL210W,0,-3.8199697,0.1797511726617813,0.8379999995231628,0.3824000060558319
YDR279W,YDR369C,0,-3.820243,0.17971263825893402,0.8379999995231628,0.3824999928474426
YNL020C,YOL078W,0,-3.8202739,0.17967410385608673,0.8379999995231628,0.38260000944137573
YGL174W,YIL048W,0,-3.820292,0.17963558435440063,0.8379999995231628,0.38269999623298645
YNL079C,YIL039W,0,-3.820691,0.17959707975387573,0.8379999995231628,0.38280001282691956
YNL261W,YKR101W,1,-3.8209763,0.17977286875247955,0.8389999866485596,0.38280001282691956
YER109C,YPL214C,0,-3.8213038,0.17973436415195465,0.8389999866485596,0.3828999996185303
YPL112C,YHL022C,0,-3.8217874,0.17969585955142975,0.8389999866485596,0.382999986410141
YCR107W,YAL056W,0,-3.8218112,0.17965738475322723,0.8389999866485596,0.3831000030040741
YNL236W,YLR466W,0,-3.8218408,0.1796189248561859,0.8389999866485596,0.3831999897956848
YGR227W,YLR396C,0,-3.8218598,0.1795804798603058,0.8389999866485596,0.3833000063896179
YDR503C,YPR161C,0,-3.8231134,0.17954204976558685,0.8389999866485596,0.38339999318122864
YHR187W,YJR131W,0,-3.823248,0.1795036345720291,0.8389999866485596,0.38350000977516174
YER061C,YKR059W,0,-3.8234239,0.17946523427963257,0.8389999866485596,0.38359999656677246
YAL031C,YLR386W,0,-3.8236246,0.1794268637895584,0.8389999866485596,0.38370001316070557
YMR042W,YAL010C,0,-3.8237076,0.17938849329948425,0.8389999866485596,0.3837999999523163
YGR239C,YOR008C,0,-3.8240595,0.17935015261173248,0.8389999866485596,0.383899986743927
YIR033W,YOR386W,0,-3.8244119,0.1793118119239807,0.8389999866485596,0.3840000033378601
YNL020C,YDL126C,0,-3.8244996,0.17927350103855133,0.8389999866485596,0.3840999901294708
YBR162C,YCL074W,0,-3.8245854,0.17923520505428314,0.8389999866485596,0.38420000672340393
YOR371C,YOR049C,0,-3.824788,0.17919692397117615,0.8389999866485596,0.38429999351501465
YPL078C,YKL028W,0,-3.8251643,0.17915865778923035,0.8389999866485596,0.38440001010894775
YFR005C,YDL092W,0,-3.8253865,0.17912040650844574,0.8389999866485596,0.38449999690055847
YPL163C,YGR122W,0,-3.8253865,0.17908217012882233,0.8389999866485596,0.3846000134944916
YNL148C,YDL081C,0,-3.8263326,0.1790439635515213,0.8389999866485596,0.3847000002861023
YDR378C,YOL126C,0,-3.8280578,0.17900575697422028,0.8389999866485596,0.384799987077713
YNL078W,YJL108C,0,-3.8281193,0.17896758019924164,0.8389999866485596,0.3849000036716461
YNL001W,YKL043W,0,-3.8285174,0.178929403424263,0.8389999866485596,0.38499999046325684
YHR191C,YNL283C,0,-3.8287325,0.17889125645160675,0.8389999866485596,0.38510000705718994
YER053C,YAR044W,0,-3.8288975,0.1788531243801117,0.8389999866485596,0.38519999384880066
YMR280C,YGR085C,0,-3.829105,0.17881500720977783,0.8389999866485596,0.38530001044273376
YDL085W,YPL007C,0,-3.8293767,0.17877690494060516,0.8389999866485596,0.3853999972343445
YKL004W,YDL227C,0,-3.830049,0.1787388175725937,0.8389999866485596,0.3855000138282776
YML104C,YKL154W,0,-3.8301563,0.1787007451057434,0.8389999866485596,0.3856000006198883
YGL195W,YNL312W,0,-3.830472,0.17866268754005432,0.8389999866485596,0.385699987411499
YER089C,YLR275W,0,-3.8311234,0.17862465977668762,0.8389999866485596,0.38580000400543213
YNL118C,YDL181W,0,-3.8318033,0.17858663201332092,0.8389999866485596,0.38589999079704285
YDR038C,YMR077C,0,-3.8320546,0.1785486340522766,0.8389999866485596,0.38600000739097595
YDR216W,YDR036C,0,-3.8326097,0.1785106360912323,0.8389999866485596,0.38609999418258667
YGL166W,YOR217W,0,-3.8340302,0.17847266793251038,0.8389999866485596,0.3862000107765198
YML005W,YDR135C,0,-3.834062,0.17843471467494965,0.8389999866485596,0.3862999975681305
YDL035C,YKL026C,0,-3.8344913,0.17839676141738892,0.8389999866485596,0.3864000141620636
YGL075C,YMR142C,0,-3.8352613,0.17835883796215057,0.8389999866485596,0.3865000009536743
YOR063W,YLR181C,0,-3.8353195,0.17832092940807343,0.8389999866485596,0.38659998774528503
YIL014W,YOL102C,0,-3.835473,0.17828303575515747,0.8389999866485596,0.38670000433921814
YNR031C,YMR067C,0,-3.835743,0.1782451719045639,0.8389999866485596,0.38679999113082886
YPL018W,YDR289C,0,-3.836317,0.17820730805397034,0.8389999866485596,0.38690000772476196
YBR073W,YPL239W,0,-3.836402,0.17816945910453796,0.8389999866485596,0.3869999945163727
YMR056C,YPR141C,0,-3.8364906,0.17813163995742798,0.8389999866485596,0.3871000111103058
YHR143W,YOL110W,0,-3.836597,0.178093820810318,0.8389999866485596,0.3871999979019165
YGL178W,YBL052C,1,-3.8366656,0.17826825380325317,0.8399999737739563,0.3871999979019165
YJR144W,YOR103C,0,-3.836794,0.178230419754982,0.8399999737739563,0.3873000144958496
YOR143C,YNL283C,0,-3.836907,0.1781926155090332,0.8399999737739563,0.3874000012874603
YHR164C,YLR130C,0,-3.8370962,0.1781548261642456,0.8399999737739563,0.38749998807907104
YFL025C,YJL062W,0,-3.837113,0.1781170517206192,0.8399999737739563,0.38760000467300415
YCR047C,YIL009W,0,-3.8373404,0.178079292178154,0.8399999737739563,0.38769999146461487
YHR085W,YLR116W,0,-3.8376298,0.17804154753684998,0.8399999737739563,0.387800008058548
YMR211W,YJR131W,0,-3.8377852,0.17800381779670715,0.8399999737739563,0.3878999948501587
YCR035C,YHR070W,0,-3.8379583,0.17796610295772552,0.8399999737739563,0.3880000114440918
YFL022C,YPL040C,0,-3.838087,0.1779284030199051,0.8399999737739563,0.3880999982357025
YNL061W,YMR183C,0,-3.838221,0.17789071798324585,0.8399999737739563,0.3882000148296356
YIL033C,YLR266C,0,-3.8383665,0.177853062748909,0.8399999737739563,0.38830000162124634
YNL164C,YPR054W,0,-3.8395505,0.17781540751457214,0.8399999737739563,0.38839998841285706
YER032W,YPL091W,0,-3.8396811,0.17777778208255768,0.8399999737739563,0.38850000500679016
YPL208W,YHR030C,0,-3.8402576,0.1777401566505432,0.8399999737739563,0.3885999917984009
YPL078C,YFR030W,0,-3.8403468,0.17770256102085114,0.8399999737739563,0.388700008392334
YPR023C,YEL056W,1,-3.840715,0.17787648737430573,0.8410000205039978,0.388700008392334
YOR112W,YJL010C,0,-3.8409777,0.17783886194229126,0.8410000205039978,0.3887999951839447
YDL178W,YPR075C,0,-3.8410096,0.17780126631259918,0.8410000205039978,0.3889000117778778
YLR215C,YJR118C,0,-3.84135,0.1777636855840683,0.8410000205039978,0.3889999985694885
YKL002W,YFR008W,0,-3.8416338,0.1777261197566986,0.8410000205039978,0.38909998536109924
YKL208W,YJL100W,0,-3.841659,0.1776885688304901,0.8410000205039978,0.38920000195503235
YKL092C,YNL232W,0,-3.8417711,0.1776510328054428,0.8410000205039978,0.38929998874664307
YJR043C,YMR241W,0,-3.8418322,0.1776135116815567,0.8410000205039978,0.38940000534057617
YIL049W,YMR204C,0,-3.8418598,0.17757602035999298,0.8410000205039978,0.3894999921321869
YDR386W,YPL065W,0,-3.8419242,0.17753852903842926,0.8410000205039978,0.38960000872612
YEL056W,YBR088C,1,-3.84228,0.1777121126651764,0.8420000076293945,0.38960000872612
YLL050C,YOL088C,0,-3.8422942,0.17767462134361267,0.8420000076293945,0.3896999955177307
YGR089W,YOR054C,0,-3.8426647,0.17763713002204895,0.8420000076293945,0.3898000121116638
YMR287C,YBR082C,0,-3.8429031,0.17759966850280762,0.8420000076293945,0.38989999890327454
YJL014W,YJR153W,0,-3.8429136,0.17756220698356628,0.8420000076293945,0.38999998569488525
YGR082W,YDR325W,0,-3.8430905,0.17752477526664734,0.8420000076293945,0.39010000228881836
YPL015C,YIL126W,1,-3.8434548,0.17769815027713776,0.8429999947547913,0.39010000228881836
YDR263C,YCR020C,0,-3.844099,0.17766068875789642,0.8429999947547913,0.3901999890804291
YIR013C,YOR083W,0,-3.8441572,0.17762325704097748,0.8429999947547913,0.3903000056743622
YBR091C,YKR082W,0,-3.8443232,0.17758584022521973,0.8429999947547913,0.3903999924659729
YGL133W,YER120W,1,-3.8444862,0.177759051322937,0.843999981880188,0.3903999924659729
YPL140C,YGL226C-A,0,-3.8445735,0.17772161960601807,0.843999981880188,0.390500009059906
YDR182W,YIL037C,0,-3.8458157,0.1776842176914215,0.843999981880188,0.3905999958515167
YPR193C,YMR247C,1,-3.8458524,0.17785729467868805,0.8450000286102295,0.3905999958515167
YDR179C,YNL279W,0,-3.8460178,0.1778198629617691,0.8450000286102295,0.39070001244544983
YBL046W,YGR221C,0,-3.8461885,0.17778244614601135,0.8450000286102295,0.39079999923706055
YNL230C,YDR060W,0,-3.8462157,0.177745059132576,0.8450000286102295,0.39089998602867126
YOL023W,YKL154W,0,-3.8467088,0.17770767211914062,0.8450000286102295,0.39100000262260437
YLR074C,YDL044C,0,-3.8467932,0.17767031490802765,0.8450000286102295,0.3910999894142151
YBR233W-A,YOL142W,0,-3.8470492,0.17763295769691467,0.8450000286102295,0.3912000060081482
YNL245C,YAR007C,0,-3.8477926,0.17759563028812408,0.8450000286102295,0.3912999927997589
YHR086W,YLR039C,0,-3.8478284,0.1775583177804947,0.8450000286102295,0.391400009393692
YLR060W,YOR179C,0,-3.8481169,0.1775210052728653,0.8450000286102295,0.39149999618530273
YJR131W,YKR087C,0,-3.84824,0.1774837225675583,0.8450000286102295,0.39160001277923584
YBR092C,YOR259C,0,-3.8485646,0.17744645476341248,0.8450000286102295,0.39169999957084656
YLR228C,YLR264W,0,-3.8486047,0.17740920186042786,0.8450000286102295,0.3917999863624573
YMR311C,YOR232W,0,-3.848997,0.17737194895744324,0.8450000286102295,0.3919000029563904
YNR027W,YOR085W,0,-3.8490076,0.177334725856781,0.8450000286102295,0.3919999897480011
YGL106W,YLR453C,0,-3.8490224,0.17729751765727997,0.8450000286102295,0.3921000063419342
YOR039W,YJR063W,0,-3.849083,0.17726032435894012,0.8450000286102295,0.3921999931335449
YOR209C,YDR359C,1,-3.8494897,0.17743287980556488,0.8460000157356262,0.3921999931335449
YBL045C,YLR411W,0,-3.8503804,0.17739568650722504,0.8460000157356262,0.392300009727478
YOR321W,YKL126W,0,-3.8509045,0.1773584932088852,0.8460000157356262,0.39239999651908875
YKL064W,YMR218C,0,-3.8512912,0.17732131481170654,0.8460000157356262,0.39250001311302185
YAL054C,YKL160W,1,-3.851417,0.17749370634555817,0.847000002861023,0.39250001311302185
YNL167C,YMR203W,0,-3.8518395,0.17745652794837952,0.847000002861023,0.39259999990463257
YMR208W,YER027C,0,-3.8522096,0.17741934955120087,0.847000002861023,0.3926999866962433
YDR096W,YCL061C,1,-3.8524122,0.17759162187576294,0.8479999899864197,0.3926999866962433
YNL267W,YDL112W,0,-3.8525195,0.1775544434785843,0.8479999899864197,0.3928000032901764
YNL229C,YDL118W,0,-3.8529534,0.17751726508140564,0.8479999899864197,0.3928999900817871
YLR310C,YDR365C,0,-3.853201,0.17748011648654938,0.8479999899864197,0.3930000066757202
YPL202C,YPR083W,0,-3.8536272,0.1774429827928543,0.8479999899864197,0.39309999346733093
YDL243C,YDL164C,0,-3.8537097,0.17740586400032043,0.8479999899864197,0.39320001006126404
YHR194W,YNL311C,0,-3.853869,0.17736874520778656,0.8479999899864197,0.39329999685287476
YCL016C,YBR152W,0,-3.8541527,0.17733165621757507,0.8479999899864197,0.39340001344680786
YKL084W,YHR006W,0,-3.8542628,0.17729458212852478,0.8479999899864197,0.3935000002384186
YDR216W,YKL034W,0,-3.854517,0.17725752294063568,0.8479999899864197,0.3935999870300293
YGL014W,YLR272C,1,-3.8546748,0.1774294674396515,0.8489999771118164,0.3935999870300293
YPR128C,YPL065W,0,-3.854765,0.1773923933506012,0.8489999771118164,0.3937000036239624
YJL098W,YPL020C,0,-3.8549705,0.1773553341627121,0.8489999771118164,0.3937999904155731
YBL079W,YDL216C,0,-3.8552957,0.1773182898759842,0.8489999771118164,0.3939000070095062
YOR198C,YNL163C,0,-3.8553443,0.17728127539157867,0.8489999771118164,0.39399999380111694
YPL164C,YDL105W,0,-3.8558078,0.17724426090717316,0.8489999771118164,0.39410001039505005
YLR354C,YKL099C,0,-3.8558512,0.17720726132392883,0.8489999771118164,0.39419999718666077
YBR059C,YIL033C,0,-3.8558536,0.1771702766418457,0.8489999771118164,0.39430001378059387
YIL062C,YPR083W,0,-3.8567247,0.17713332176208496,0.8489999771118164,0.3944000005722046
YLR314C,YGL012W,0,-3.8572102,0.17709636688232422,0.8489999771118164,0.3944999873638153
YNL073W,YJL203W,0,-3.8580236,0.17705944180488586,0.8489999771118164,0.3946000039577484
YOL005C,YBL103C,0,-3.8583503,0.1770225167274475,0.8489999771118164,0.39469999074935913
YDR167W,YNL246W,1,-3.8586602,0.17719407379627228,0.8500000238418579,0.39469999074935913
YNL227C,YBR196C,0,-3.8593216,0.17715714871883392,0.8500000238418579,0.39480000734329224
YPR122W,YOR074C,0,-3.8595514,0.17712023854255676,0.8500000238418579,0.39489999413490295
YPR100W,YNL311C,0,-3.859562,0.1770833283662796,0.8500000238418579,0.39500001072883606
YDR335W,YHR039C-A,0,-3.859704,0.17704644799232483,0.8500000238418579,0.3950999975204468
YGL055W,YGL144C,0,-3.860642,0.17700958251953125,0.8500000238418579,0.3952000141143799
YOR346W,YDR393W,0,-3.8607292,0.17697273194789886,0.8500000238418579,0.3953000009059906
YPL241C,YEL003W,0,-3.8611193,0.17693588137626648,0.8500000238418579,0.3953999876976013
YHR068W,YML067C,0,-3.861484,0.17689906060695648,0.8500000238418579,0.3955000042915344
YGL005C,YBR040W,0,-3.8615336,0.17686225473880768,0.8500000238418579,0.39559999108314514
YLR314C,YPR042C,0,-3.8621302,0.17682546377182007,0.8500000238418579,0.39570000767707825
YKR034W,YER162C,0,-3.8621535,0.17678868770599365,0.8500000238418579,0.39579999446868896
YNR060W,YGL030W,0,-3.8630948,0.17675192654132843,0.8500000238418579,0.39590001106262207
YKL197C,YGL229C,0,-3.8633084,0.1767151802778244,0.8500000238418579,0.3959999978542328
YGR222W,YOR353C,0,-3.8635006,0.17667844891548157,0.8500000238418579,0.3961000144481659
YHR099W,YMR284W,1,-3.8636956,0.17684954404830933,0.8510000109672546,0.3961000144481659
YIL002C,YBR105C,0,-3.8637094,0.1768127977848053,0.8510000109672546,0.3962000012397766
YER075C,YEL024W,0,-3.8643007,0.17677606642246246,0.8510000109672546,0.39629998803138733
YGL201C,YHR143W-A,0,-3.8644576,0.17673934996128082,0.8510000109672546,0.39640000462532043
YOR143C,YDL058W,0,-3.8648696,0.17670266330242157,0.8510000109672546,0.39649999141693115
YEL042W,YEL053C,0,-3.8651104,0.17666597664356232,0.8510000109672546,0.39660000801086426
YGR085C,YOR195W,0,-3.8655586,0.17662930488586426,0.8510000109672546,0.396699994802475
YNL281W,YOR208W,0,-3.8659434,0.1765926480293274,0.8510000109672546,0.3968000113964081
YGR227W,YDL028C,0,-3.8662338,0.17655602097511292,0.8510000109672546,0.3968999981880188
YKL042W,YGR251W,0,-3.8668356,0.17651939392089844,0.8510000109672546,0.3970000147819519
YLR201C,YIL114C,0,-3.8668604,0.17648278176784515,0.8510000109672546,0.3971000015735626
YBR237W,YOR143C,0,-3.867505,0.17644619941711426,0.8510000109672546,0.39719998836517334
YBL103C,YCL033C,0,-3.8685145,0.17640961706638336,0.8510000109672546,0.39730000495910645
YIR002C,YNL243W,0,-3.868712,0.17637304961681366,0.8510000109672546,0.39739999175071716
YDR481C,YMR077C,0,-3.8690567,0.17633651196956635,0.8510000109672546,0.39750000834465027
YIL132C,YDR027C,0,-3.8691149,0.17629997432231903,0.8510000109672546,0.397599995136261
YBL097W,YIL085C,0,-3.8693929,0.1762634664773941,0.8510000109672546,0.3977000117301941
YDL043C,YER082C,0,-3.8694367,0.17622695863246918,0.8510000109672546,0.3977999985218048
YNR027W,YPR107C,0,-3.8695774,0.17619048058986664,0.8510000109672546,0.3978999853134155
YNL142W,YJL203W,0,-3.8695817,0.1761540025472641,0.8510000109672546,0.39800000190734863
YJR047C,YMR270C,0,-3.8700614,0.17611755430698395,0.8510000109672546,0.39809998869895935
YNL271C,YDR309C,0,-3.8708267,0.1760811060667038,0.8510000109672546,0.39820000529289246
YEL069C,YLR234W,0,-3.870831,0.17604468762874603,0.8510000109672546,0.3982999920845032
YJR019C,YDR381W,0,-3.8714414,0.17600826919078827,0.8510000109672546,0.3984000086784363
YIR013C,YDL097C,0,-3.8722768,0.1759718805551529,0.8510000109672546,0.398499995470047
YOR316C,YPL097W,0,-3.8724027,0.17593549191951752,0.8510000109672546,0.3986000120639801
YJL073W,YCL044C,0,-3.872529,0.17589913308620453,0.8510000109672546,0.3986999988555908
YHR205W,YJR007W,0,-3.8726106,0.17586277425289154,0.8510000109672546,0.39879998564720154
YCL026C-A,YHR158C,0,-3.8726544,0.17582644522190094,0.8510000109672546,0.39890000224113464
YPL241C,YOR180C,0,-3.8727336,0.17579013109207153,0.8510000109672546,0.39899998903274536
YDR231C,YIL149C,0,-3.872775,0.17575381696224213,0.8510000109672546,0.39910000562667847
YOR233W,YDR175C,0,-3.8729057,0.1757175326347351,0.8510000109672546,0.3991999924182892
YCR093W,YOR329C,0,-3.873157,0.1756812483072281,0.8510000109672546,0.3993000090122223
YPL063W,YNL070W,0,-3.8733811,0.17564499378204346,0.8510000109672546,0.399399995803833
YNR030W,YJR052W,0,-3.8734612,0.17560875415802002,0.8510000109672546,0.3995000123977661
YOR074C,YOL060C,0,-3.8737426,0.17557251453399658,0.8510000109672546,0.39959999918937683
YIL002C,YML015C,0,-3.8737922,0.17553630471229553,0.8510000109672546,0.39969998598098755
YFR050C,YML055W,0,-3.8747587,0.17550010979175568,0.8510000109672546,0.39980000257492065
YIL009W,YGR129W,0,-3.8751779,0.17546391487121582,0.8510000109672546,0.39989998936653137
YGL133W,YER125W,1,-3.8755193,0.17563389241695404,0.8519999980926514,0.39989998936653137
YNR057C,YBL017C,0,-3.875844,0.17559769749641418,0.8519999980926514,0.4000000059604645
YCR047C,YOR076C,0,-3.8759232,0.17556150257587433,0.8519999980926514,0.4000999927520752
YNL307C,YGL144C,0,-3.8763528,0.17552533745765686,0.8519999980926514,0.4002000093460083
YNL261W,YPR018W,1,-3.8772674,0.17569516599178314,0.8529999852180481,0.4002000093460083
YAL020C,YPL063W,0,-3.8774357,0.17565898597240448,0.8529999852180481,0.400299996137619
YPR093C,YHL009C,0,-3.8776188,0.17562280595302582,0.8529999852180481,0.4004000127315521
YIL009W,YDR460W,0,-3.8777833,0.17558665573596954,0.8529999852180481,0.40049999952316284
YMR119W,YLR260W,0,-3.877932,0.17555052042007446,0.8529999852180481,0.40059998631477356
YIL147C,YBR117C,0,-3.8781571,0.17551440000534058,0.8529999852180481,0.40070000290870667
YGR083C,YIL037C,0,-3.8788104,0.17547829449176788,0.8529999852180481,0.4007999897003174
YHR092C,YHR163W,0,-3.8792062,0.17544220387935638,0.8529999852180481,0.4009000062942505
YPR019W,YOL064C,0,-3.879333,0.17540612816810608,0.8529999852180481,0.4009999930858612
YDL088C,YDR322C-A,0,-3.8793359,0.17537006735801697,0.8529999852180481,0.4011000096797943
YLR139C,YOR179C,0,-3.8793435,0.17533402144908905,0.8529999852180481,0.40119999647140503
YLR431C,YPL063W,0,-3.8796024,0.17529799044132233,0.8529999852180481,0.40130001306533813
YIL140W,YJR104C,0,-3.8799362,0.1752619743347168,0.8529999852180481,0.40139999985694885
YIL115C,YDR341C,0,-3.880921,0.17522595822811127,0.8529999852180481,0.40149998664855957
YOR037W,YJL073W,0,-3.8809857,0.17518997192382812,0.8529999852180481,0.4016000032424927
YGR289C,YBR162C,0,-3.8811507,0.17515400052070618,0.8529999852180481,0.4016999900341034
YFR028C,YDR312W,0,-3.88127,0.17511804401874542,0.8529999852180481,0.4018000066280365
YMR129W,YKL126W,0,-3.88201,0.17508210241794586,0.8529999852180481,0.4018999934196472
YER088C,YMR236W,1,-3.882831,0.17525137960910797,0.8539999723434448,0.4018999934196472
YKL074C,YML107C,0,-3.8831239,0.17521542310714722,0.8539999723434448,0.4020000100135803
YCR098C,YPL258C,0,-3.8839722,0.17517948150634766,0.8539999723434448,0.40209999680519104
YML023C,YNL151C,0,-3.8842578,0.1751435548067093,0.8539999723434448,0.40220001339912415
YPR110C,YIL138C,0,-3.8843608,0.17510764300823212,0.8539999723434448,0.40230000019073486
YPL255W,YKL152C,0,-3.8846912,0.17507174611091614,0.8539999723434448,0.4023999869823456
YIL131C,YLL004W,1,-3.8846993,0.17524082958698273,0.8550000190734863,0.4023999869823456
YBR272C,YOR099W,0,-3.8847547,0.17520491778850555,0.8550000190734863,0.4025000035762787
YHR191C,YKR034W,0,-3.8856425,0.17516902089118958,0.8550000190734863,0.4025999903678894
YMR227C,YML045W,0,-3.8858404,0.1751331388950348,0.8550000190734863,0.4027000069618225
YGL180W,YMR047C,0,-3.8860612,0.1750972718000412,0.8550000190734863,0.4027999937534332
YNL314W,YPR183W,0,-3.8866448,0.1750614196062088,0.8550000190734863,0.40290001034736633
YPL115C,YOR195W,0,-3.887805,0.1750255823135376,0.8550000190734863,0.40299999713897705
YOL026C,YCR020C,0,-3.887867,0.1749897599220276,0.8550000190734863,0.40310001373291016
YJL209W,YNL247W,0,-3.8879209,0.17495395243167877,0.8550000190734863,0.4032000005245209
YAL023C,YKL214C,0,-3.888188,0.17491815984249115,0.8550000190734863,0.4032999873161316
YDR037W,YDR369C,0,-3.8884616,0.17488238215446472,0.8550000190734863,0.4034000039100647
YJL099W,YOR327C,0,-3.8885407,0.1748466193675995,0.8550000190734863,0.4034999907016754
YFL024C,YHR099W,1,-3.8886933,0.17501533031463623,0.8560000061988831,0.4034999907016754
YGR247W,YBR105C,0,-3.8887305,0.1749795526266098,0.8560000061988831,0.4036000072956085
YBR158W,YML093W,0,-3.8887434,0.17494378983974457,0.8560000061988831,0.40369999408721924
YLR451W,YGL045W,0,-3.8895535,0.17490805685520172,0.8560000061988831,0.40380001068115234
YLR214W,YHL027W,0,-3.8898087,0.17487232387065887,0.8560000061988831,0.40389999747276306
YLL042C,YDR512C,0,-3.8901758,0.17483660578727722,0.8560000061988831,0.40400001406669617
YJL108C,YNL247W,0,-3.890349,0.17480090260505676,0.8560000061988831,0.4041000008583069
YDR317W,YHR026W,0,-3.8905368,0.1747652143239975,0.8560000061988831,0.4041999876499176
YDL035C,YCR020C,0,-3.8905406,0.17472954094409943,0.8560000061988831,0.4043000042438507
YKR061W,YOR334W,0,-3.8907323,0.17469388246536255,0.8560000061988831,0.4043999910354614
YKL089W,YNL214W,0,-3.8913755,0.17465823888778687,0.8560000061988831,0.40450000762939453
YGL168W,YGR082W,0,-3.891398,0.17462261021137238,0.8560000061988831,0.40459999442100525
YLR314C,YEL020W-A,0,-3.8914747,0.17458698153495789,0.8560000061988831,0.40470001101493835
YOR147W,YEL050C,0,-3.891603,0.17455138266086578,0.8560000061988831,0.4047999978065491
YML023C,YFL038C,0,-3.8918567,0.17451579868793488,0.8560000061988831,0.4049000144004822
YER183C,YPL147W,0,-3.8926802,0.17448022961616516,0.8560000061988831,0.4050000011920929
YHL031C,YIL014W,0,-3.8930073,0.17444467544555664,0.8560000061988831,0.4050999879837036
YML121W,YIR006C,0,-3.8934126,0.17440912127494812,0.8560000061988831,0.4052000045776367
YOL108C,YGR178C,0,-3.893581,0.174373596906662,0.8560000061988831,0.40529999136924744
YOR353C,YEL013W,0,-3.8939877,0.17433808743953705,0.8560000061988831,0.40540000796318054
YNL323W,YPL026C,0,-3.8941417,0.1743025928735733,0.8560000061988831,0.40549999475479126
YOR018W,YOR027W,0,-3.8943477,0.17426709830760956,0.8560000061988831,0.40560001134872437
YHR001W,YNL329C,0,-3.8952699,0.1742316335439682,0.8560000061988831,0.4056999981403351
YIL033C,YCL001W,0,-3.8954535,0.17419616878032684,0.8560000061988831,0.4058000147342682
YGR180C,YLL021W,0,-3.8955636,0.17416073381900787,0.8560000061988831,0.4059000015258789
YJR121W,YNL245C,0,-3.8958406,0.1741252988576889,0.8560000061988831,0.4059999883174896
YOR011W,YIL014W,0,-3.895862,0.17408989369869232,0.8560000061988831,0.40610000491142273
YJR131W,YPL022W,0,-3.8962088,0.17405448853969574,0.8560000061988831,0.40619999170303345
YPL059W,YMR061W,0,-3.8962522,0.17401911318302155,0.8560000061988831,0.40630000829696655
YLR260W,YGR132C,0,-3.896315,0.17398373782634735,0.8560000061988831,0.40639999508857727
YKL206C,YGR177C,0,-3.8978152,0.17394837737083435,0.8560000061988831,0.4065000116825104
YBR211C,YOR267C,0,-3.8987298,0.17391304671764374,0.8560000061988831,0.4065999984741211
YIL154C,YGL144C,0,-3.899465,0.17387771606445312,0.8560000061988831,0.4066999852657318
YJR135C,YLR249W,0,-3.8995543,0.1738424003124237,0.8560000061988831,0.4068000018596649
YBR288C,YGL084C,0,-3.8996215,0.17380709946155548,0.8560000061988831,0.40689998865127563
YNL135C,YPL254W,1,-3.8996453,0.17397482693195343,0.8569999933242798,0.40689998865127563
YLR431C,YER089C,0,-3.8997712,0.173939511179924,0.8569999933242798,0.40700000524520874
YJL165C,YGR229C,0,-3.900457,0.17390422523021698,0.8569999933242798,0.40709999203681946
YJL179W,YIL105C,0,-3.9007993,0.17386893928050995,0.8569999933242798,0.40720000863075256
YMR184W,YGL086W,0,-3.9013,0.1738336682319641,0.8569999933242798,0.4072999954223633
YLR155C,YNL273W,0,-3.9015064,0.17379841208457947,0.8569999933242798,0.4074000120162964
YLR195C,YKR082W,0,-3.9018054,0.1737631857395172,0.8569999933242798,0.4074999988079071
YLL038C,YFL045C,0,-3.9019184,0.17372795939445496,0.8569999933242798,0.4075999855995178
YLR319C,YDR079W,0,-3.9023023,0.1736927479505539,0.8569999933242798,0.4077000021934509
YGR075C,YOL105C,0,-3.9023433,0.17365755140781403,0.8569999933242798,0.40779998898506165
YPR188C,YEL060C,0,-3.9024186,0.17362236976623535,0.8569999933242798,0.40790000557899475
YLR248W,YBL050W,0,-3.9027004,0.17358720302581787,0.8569999933242798,0.40799999237060547
YOR168W,YPR054W,0,-3.903071,0.17355205118656158,0.8569999933242798,0.4081000089645386
YPL061W,YGR097W,0,-3.9031672,0.1735168993473053,0.8569999933242798,0.4081999957561493
YHR164C,YDR427W,0,-3.9047465,0.1734817773103714,0.8569999933242798,0.4083000123500824
YKL220C,YHR005C-A,0,-3.905367,0.1734466701745987,0.8569999933242798,0.4083999991416931
YBR177C,YOR307C,0,-3.9055781,0.17341157793998718,0.8569999933242798,0.40849998593330383
YOL077W-A,YOR340C,0,-3.9057865,0.17337648570537567,0.8569999933242798,0.40860000252723694
YFR013W,YGL178W,1,-3.9062123,0.17354369163513184,0.8579999804496765,0.40860000252723694
YLR275W,YIL138C,0,-3.9065819,0.17350859940052032,0.8579999804496765,0.40869998931884766
YPR001W,YDR386W,0,-3.9066858,0.1734735071659088,0.8579999804496765,0.40880000591278076
YNL172W,YLL034C,0,-3.9071565,0.1734384447336197,0.8579999804496765,0.4088999927043915
YEL020W-A,YOR089C,0,-3.9072204,0.17340339720249176,0.8579999804496765,0.4090000092983246
YIR037W,YER147C,0,-3.907259,0.17336836457252502,0.8579999804496765,0.4090999960899353
YCR107W,YGL226C-A,0,-3.907538,0.1733333319425583,0.8579999804496765,0.4092000126838684
YLR044C,YNR064C,0,-3.9085488,0.17329832911491394,0.8579999804496765,0.4092999994754791
YGR003W,YJL036W,0,-3.9088364,0.1732633262872696,0.8579999804496765,0.40939998626708984
YDL031W,YNL283C,0,-3.908917,0.17322835326194763,0.8579999804496765,0.40950000286102295
YMR058W,YEL031W,0,-3.908959,0.17319338023662567,0.8579999804496765,0.40959998965263367
YHR164C,YLR181C,0,-3.9090204,0.1731584221124649,0.8579999804496765,0.4097000062465668
YLR014C,YOR043W,0,-3.9091554,0.17312349379062653,0.8579999804496765,0.4097999930381775
YPR141C,YGL104C,0,-3.9093971,0.17308856546878815,0.8579999804496765,0.4099000096321106
YLR115W,YDR335W,0,-3.9094157,0.17305365204811096,0.8579999804496765,0.4099999964237213
YNL221C,YOR057W,0,-3.9095283,0.17301875352859497,0.8579999804496765,0.4101000130176544
YFR036W,YNL116W,0,-3.9095712,0.17298386991024017,0.8579999804496765,0.41019999980926514
YNL271C,YBR035C,0,-3.9097204,0.17294900119304657,0.8579999804496765,0.41029998660087585
YMR298W,YCL001W,0,-3.9099474,0.17291414737701416,0.8579999804496765,0.41040000319480896
YLR170C,YNR032C-A,0,-3.9110088,0.17287930846214294,0.8579999804496765,0.4104999899864197
YIR008C,YLL034C,0,-3.9110594,0.17284448444843292,0.8579999804496765,0.4106000065803528
YKL220C,YPR173C,0,-3.911322,0.1728096604347229,0.8579999804496765,0.4106999933719635
YNR001C,YBL088C,0,-3.9115663,0.17277486622333527,0.8579999804496765,0.4108000099658966
YOR377W,YPR107C,0,-3.9123254,0.17274008691310883,0.8579999804496765,0.4108999967575073
YOR178C,YHR081W,0,-3.9124312,0.17270530760288239,0.8579999804496765,0.41100001335144043
YJR068W,YKL088W,0,-3.9129481,0.17267055809497833,0.8579999804496765,0.41110000014305115
YLR361C,YGR193C,0,-3.9130764,0.17263580858707428,0.8579999804496765,0.41119998693466187
YKL053C-A,YOR089C,0,-3.913177,0.17260108888149261,0.8579999804496765,0.41130000352859497
YKR027W,YML049C,0,-3.9131775,0.17256636917591095,0.8579999804496765,0.4113999903202057
YLR246W,YPL244C,0,-3.9133677,0.17253166437149048,0.8579999804496765,0.4115000069141388
YDR427W,YIL056W,0,-3.9134274,0.1724969893693924,0.8579999804496765,0.4115999937057495
YGR134W,YCR072C,0,-3.914164,0.1724623143672943,0.8579999804496765,0.4117000102996826
YPL086C,YLR055C,0,-3.9149585,0.17242765426635742,0.8579999804496765,0.41179999709129333
YCR107W,YOR032C,0,-3.9149623,0.17239300906658173,0.8579999804496765,0.41190001368522644
YBR195C,YHR099W,1,-3.9165068,0.17255926132202148,0.859000027179718,0.41190001368522644
YLR068W,YJL054W,0,-3.9165964,0.1725246012210846,0.859000027179718,0.41200000047683716
YOR226C,YOR221C,0,-3.9166145,0.1724899560213089,0.859000027179718,0.4120999872684479
YKR007W,YBL079W,0,-3.9168186,0.1724553257226944,0.859000027179718,0.412200003862381
YGR213C,YLR026C,0,-3.9169707,0.1724207103252411,0.859000027179718,0.4122999906539917
YPR005C,YGR244C,0,-3.9175858,0.17238610982894897,0.859000027179718,0.4124000072479248
YPR002W,YMR305C,0,-3.9179893,0.17235152423381805,0.859000027179718,0.4124999940395355
YDR143C,YPL128C,1,-3.918171,0.1725175529718399,0.8600000143051147,0.4124999940395355
YHR143W,YGL055W,0,-3.9182386,0.1724829524755478,0.8600000143051147,0.41260001063346863
YML031W,YBL102W,0,-3.9188676,0.17244836688041687,0.8600000143051147,0.41269999742507935
YCR075C,YLR034C,0,-3.9191556,0.17241379618644714,0.8600000143051147,0.41280001401901245
YBR117C,YDL077C,0,-3.919179,0.1723792403936386,0.8600000143051147,0.41290000081062317
YDR228C,YDR400W,0,-3.9193454,0.17234468460083008,0.8600000143051147,0.4129999876022339
YHL040C,YJL061W,0,-3.9193702,0.17231015861034393,0.8600000143051147,0.413100004196167
YNL116W,YGR132C,0,-3.919383,0.17227564752101898,0.8600000143051147,0.4131999909877777
YLR059C,YHR111W,0,-3.9194589,0.17224113643169403,0.8600000143051147,0.4133000075817108
YNL182C,YNL222W,0,-3.919714,0.17220665514469147,0.8600000143051147,0.41339999437332153
YJR057W,YMR054W,0,-3.921157,0.1721721738576889,0.8600000143051147,0.41350001096725464
YNR057C,YNL334C,0,-3.922185,0.17213770747184753,0.8600000143051147,0.41359999775886536
YNL314W,YGL168W,0,-3.922408,0.17210325598716736,0.8600000143051147,0.41370001435279846
YDR469W,YMR106C,1,-3.9228716,0.17226891219615936,0.8610000014305115,0.41370001435279846
YGR220C,YLR382C,0,-3.9229088,0.172234445810318,0.8610000014305115,0.4138000011444092
YOL045W,YOR003W,0,-3.9232063,0.17219999432563782,0.8610000014305115,0.4138999879360199
YHR174W,YIL039W,0,-3.9236703,0.17216557264328003,0.8610000014305115,0.414000004529953
YLR342W,YNL236W,0,-3.9237971,0.17213115096092224,0.8610000014305115,0.4140999913215637
YAR002C-A,YLR106C,0,-3.9239783,0.17209674417972565,0.8610000014305115,0.4142000079154968
YLR242C,YLR466W,0,-3.9244065,0.17206235229969025,0.8610000014305115,0.41429999470710754
YOR335C,YNL325C,0,-3.924687,0.17202797532081604,0.8610000014305115,0.41440001130104065
YOL116W,YDR202C,0,-3.9248633,0.17199361324310303,0.8610000014305115,0.41449999809265137
YOR074C,YIL031W,0,-3.9249134,0.17195925116539001,0.8610000014305115,0.4146000146865845
YEL009C,YGR009C,0,-3.9250975,0.1719249188899994,0.8610000014305115,0.4147000014781952
YIL142W,YLR069C,0,-3.925282,0.17189060151576996,0.8610000014305115,0.4147999882698059
YNL302C,YOR140W,0,-3.9256358,0.17185628414154053,0.8610000014305115,0.414900004863739
YDR202C,YGL126W,0,-3.9256516,0.17182199656963348,0.8610000014305115,0.41499999165534973
YBR112C,YGL150C,1,-3.9261084,0.17198723554611206,0.8619999885559082,0.41499999165534973
YNL248C,YDR189W,0,-3.9262733,0.17195291817188263,0.8619999885559082,0.41510000824928284
YMR065W,YPL218W,0,-3.9268837,0.17191863059997559,0.8619999885559082,0.41519999504089355
YER174C,YHR139C,0,-3.9271126,0.17188434302806854,0.8619999885559082,0.41530001163482666
YCL055W,YMR314W,0,-3.9276123,0.1718500852584839,0.8619999885559082,0.4153999984264374
YMR316W,YFL002C,0,-3.9276314,0.17181582748889923,0.8619999885559082,0.4154999852180481
YMR021C,YBR254C,0,-3.9277463,0.17178158462047577,0.8619999885559082,0.4156000018119812
YER002W,YML015C,0,-3.9277954,0.1717473566532135,0.8619999885559082,0.4156999886035919
YNL042W,YCR093W,0,-3.9279594,0.17171314358711243,0.8619999885559082,0.415800005197525
YER027C,YBR080C,0,-3.9281077,0.17167894542217255,0.8619999885559082,0.41589999198913574
YER165W,YBR256C,0,-3.928588,0.17164476215839386,0.8619999885559082,0.41600000858306885
YDR379W,YOR003W,0,-3.9286218,0.17161059379577637,0.8619999885559082,0.41609999537467957
YOL045W,YPR133W-A,0,-3.9293656,0.17157644033432007,0.8619999885559082,0.41620001196861267
YBR164C,YAL005C,0,-3.9294791,0.17154228687286377,0.8619999885559082,0.4162999987602234
YFL011W,YDR436W,0,-3.929501,0.17150816321372986,0.8619999885559082,0.4163999855518341
YNR060W,YHL007C,0,-3.9298792,0.17147403955459595,0.8619999885559082,0.4165000021457672
YPL018W,YKR026C,0,-3.9299703,0.17143993079662323,0.8619999885559082,0.41659998893737793
YGL065C,YDR059C,0,-3.9300237,0.1714058518409729,0.8619999885559082,0.41670000553131104
YHR108W,YGL211W,0,-3.9302921,0.17137177288532257,0.8619999885559082,0.41679999232292175
YML059C,YAL055W,0,-3.9308834,0.17133770883083344,0.8619999885559082,0.41690000891685486
YLL060C,YNL312W,0,-3.9311395,0.1713036596775055,0.8619999885559082,0.4169999957084656
YCR086W,YLR002C,0,-3.931242,0.17126962542533875,0.8619999885559082,0.4171000123023987
YPL125W,YPL146C,0,-3.9319358,0.171235591173172,0.8619999885559082,0.4171999990940094
YAL031C,YGL233W,0,-3.9322734,0.17120158672332764,0.8619999885559082,0.4172999858856201
YER087C-B,YBL102W,0,-3.9324045,0.17116759717464447,0.8619999885559082,0.4174000024795532
YOR290C,YDR392W,1,-3.932436,0.17133213579654694,0.8629999756813049,0.4174000024795532
YGL065C,YGL232W,0,-3.9337716,0.17129813134670258,0.8629999756813049,0.41749998927116394
YAL032C,YEL020W-A,0,-3.9342113,0.1712641417980194,0.8629999756813049,0.41760000586509705
YEL053C,YDR296W,0,-3.9348774,0.17123015224933624,0.8629999756813049,0.41769999265670776
YOL156W,YOR048C,0,-3.935103,0.17119619250297546,0.8629999756813049,0.41780000925064087
YDR037W,YMR313C,0,-3.935154,0.17116223275661469,0.8629999756813049,0.4178999960422516
YPR175W,YML031W,0,-3.935184,0.1711283028125763,0.8629999756813049,0.4180000126361847
YIL034C,YDR205W,0,-3.9354234,0.1710943728685379,0.8629999756813049,0.4180999994277954
YIL009W,YGR007W,0,-3.9355202,0.1710604578256607,0.8629999756813049,0.41819998621940613
YFL034C-B,YDL046W,0,-3.9356308,0.1710265576839447,0.8629999756813049,0.41830000281333923
YDL198C,YHR039C,0,-3.9359436,0.1709926724433899,0.8629999756813049,0.41839998960494995
YNL318C,YCR057C,0,-3.936246,0.17095880210399628,0.8629999756813049,0.41850000619888306
YDR021W,YKL068W,0,-3.9365745,0.17092493176460266,0.8629999756813049,0.4185999929904938
YPR068C,YDR392W,1,-3.936892,0.17108911275863647,0.8640000224113464,0.4185999929904938
YPL259C,YDR120C,0,-3.9385433,0.17105524241924286,0.8640000224113464,0.4187000095844269
YKL081W,YDL015C,0,-3.9385438,0.17102137207984924,0.8640000224113464,0.4187999963760376
YDR096W,YDR071C,1,-3.9386206,0.1711854338645935,0.8650000095367432,0.4187999963760376
YPR161C,YNL032W,0,-3.9386997,0.1711515635251999,0.8650000095367432,0.4189000129699707
YOL017W,YDR073W,1,-3.9389844,0.171315535902977,0.8659999966621399,0.4189000129699707
YNL286W,YKL188C,0,-3.9391813,0.17128165066242218,0.8659999966621399,0.4189999997615814
YIL002C,YNL163C,0,-3.9403381,0.17124778032302856,0.8659999966621399,0.41909998655319214
YPR193C,YDR310C,1,-3.9407034,0.17141161859035492,0.8669999837875366,0.41909998655319214
YDR252W,YMR293C,0,-3.9407544,0.1713777482509613,0.8669999837875366,0.41920000314712524
YPL093W,YDL235C,0,-3.940936,0.1713438779115677,0.8669999837875366,0.41929998993873596
YNR006W,YER123W,0,-3.9413066,0.17131002247333527,0.8669999837875366,0.41940000653266907
YHL024W,YML015C,0,-3.9418507,0.17127618193626404,0.8669999837875366,0.4194999933242798
YOR377W,YOR363C,0,-3.942027,0.1712423413991928,0.8669999837875366,0.4196000099182129
YLL034C,YML085C,0,-3.9423594,0.17120853066444397,0.8669999837875366,0.4196999967098236
YGR089W,YHR062C,0,-3.9428883,0.17117473483085632,0.8669999837875366,0.4198000133037567
YGR083C,YOR188W,0,-3.9430895,0.17114093899726868,0.8669999837875366,0.41990000009536743
YBL002W,YOL090W,1,-3.943192,0.17130452394485474,0.8679999709129333,0.41990000009536743
YIL049W,YDL226C,0,-3.9436235,0.1712707132101059,0.8679999709129333,0.41999998688697815
YPL227C,YMR162C,0,-3.9455934,0.17123693227767944,0.8679999709129333,0.42010000348091125
YBR210W,YPL179W,0,-3.945888,0.171203151345253,0.8679999709129333,0.420199990272522
YEL009C,YER072W,0,-3.9460206,0.17116940021514893,0.8679999709129333,0.4203000068664551
YLL035W,YGL045W,0,-3.9460244,0.17113564908504486,0.8679999709129333,0.4203999936580658
YOR039W,YPL152W,0,-3.9482908,0.171101912856102,0.8679999709129333,0.4205000102519989
YOR245C,YIR006C,0,-3.948618,0.1710681915283203,0.8679999709129333,0.4205999970436096
YFL002C,YJL143W,0,-3.948773,0.17103448510169983,0.8679999709129333,0.4207000136375427
YPR135W,YER117W,0,-3.9488149,0.17100079357624054,0.8679999709129333,0.42080000042915344
YIL019W,YGL232W,0,-3.9488573,0.17096710205078125,0.8679999709129333,0.42089998722076416
YKL220C,YHR085W,0,-3.9496164,0.17093344032764435,0.8679999709129333,0.42100000381469727
YPL053C,YDR150W,0,-3.949708,0.17089977860450745,0.8679999709129333,0.421099990606308
YML095C,YAR009C,0,-3.9497504,0.17086614668369293,0.8679999709129333,0.4212000072002411
YOL001W,YLR016C,0,-3.949751,0.17083251476287842,0.8679999709129333,0.4212999939918518
YCL024W,YLR039C,0,-3.9501104,0.1707988977432251,0.8679999709129333,0.4214000105857849
YJR064W,YPR006C,0,-3.9502225,0.17076529562473297,0.8679999709129333,0.42149999737739563
YER107C,YDR131C,0,-3.9502926,0.17073170840740204,0.8679999709129333,0.42160001397132874
YHR023W,YDR218C,0,-3.9504247,0.1706981360912323,0.8679999709129333,0.42170000076293945
YMR044W,YNL261W,1,-3.9505591,0.17086118459701538,0.8690000176429749,0.42170000076293945
YOR147W,YHL009C,0,-3.9507384,0.17082759737968445,0.8690000176429749,0.42179998755455017
YBL030C,YDL043C,0,-3.9517097,0.1707940250635147,0.8690000176429749,0.4219000041484833
YIL124W,YKL101W,0,-3.9520288,0.17076046764850616,0.8690000176429749,0.421999990940094
YNR017W,YOL011W,0,-3.9525971,0.17072691023349762,0.8690000176429749,0.4221000075340271
YNR043W,YIL008W,0,-3.952764,0.17069338262081146,0.8690000176429749,0.4221999943256378
YBR177C,YPR083W,0,-3.9531016,0.1706598550081253,0.8690000176429749,0.4223000109195709
YNL259C,YPL242C,0,-3.953714,0.17062635719776154,0.8690000176429749,0.42239999771118164
YML080W,YDR386W,0,-3.9538722,0.17059285938739777,0.8690000176429749,0.42250001430511475
YMR113W,YKL088W,0,-3.9541283,0.1705593764781952,0.8690000176429749,0.42260000109672546
YER125W,YDR143C,1,-3.954351,0.1707221418619156,0.8700000047683716,0.42260000109672546
YCL055W,YML029W,0,-3.9544578,0.17068864405155182,0.8700000047683716,0.4226999878883362
YPL164C,YDR381W,0,-3.9550543,0.17065516114234924,0.8700000047683716,0.4228000044822693
YDR443C,YGR186W,0,-3.955503,0.17062169313430786,0.8700000047683716,0.42289999127388
YPR141C,YDR159W,0,-3.956479,0.17058824002742767,0.8700000047683716,0.4230000078678131
YFR046C,YDR036C,0,-3.9575691,0.17055478692054749,0.8700000047683716,0.42309999465942383
YEL009C,YOR103C,0,-3.9578347,0.17052136361598969,0.8700000047683716,0.42320001125335693
YPL249C,YBL025W,0,-3.9578958,0.17048795521259308,0.8700000047683716,0.42329999804496765
YKL101W,YBL005W,0,-3.9587102,0.17045454680919647,0.8700000047683716,0.42340001463890076
YDR079W,YML015C,0,-3.9589067,0.17042115330696106,0.8700000047683716,0.4235000014305115
YNR019W,YGR077C,0,-3.9590302,0.17038777470588684,0.8700000047683716,0.4235999882221222
YMR288W,YGR239C,0,-3.959117,0.17035441100597382,0.8700000047683716,0.4237000048160553
YJR131W,YJL222W,0,-3.959745,0.17032106220722198,0.8700000047683716,0.423799991607666
YIL037C,YHR030C,0,-3.9599242,0.17028772830963135,0.8700000047683716,0.4239000082015991
YOR074C,YGL229C,0,-3.9601507,0.1702544093132019,0.8700000047683716,0.42399999499320984
YPL115C,YDR059C,0,-3.9609728,0.17022109031677246,0.8700000047683716,0.42410001158714294
YKL149C,YER089C,0,-3.9611058,0.1701877862215042,0.8700000047683716,0.42419999837875366
YOR319W,YIL008W,0,-3.9613128,0.17015451192855835,0.8700000047683716,0.4242999851703644
YOR136W,YOR060C,0,-3.9628997,0.1701212376356125,0.8700000047683716,0.4244000017642975
YER052C,YMR167W,0,-3.9630141,0.17008797824382782,0.8700000047683716,0.4244999885559082
YPL040C,YMR183C,0,-3.9640532,0.17005473375320435,0.8700000047683716,0.4246000051498413
YER146W,YHR098C,0,-3.965035,0.17002150416374207,0.8700000047683716,0.424699991941452
YKR007W,YKL006C-A,0,-3.9652314,0.16998827457427979,0.8700000047683716,0.42480000853538513
YBR131W,YHR070W,0,-3.965345,0.1699550747871399,0.8700000047683716,0.42489999532699585
YLR016C,YJR049C,0,-3.966115,0.169921875,0.8700000047683716,0.42500001192092896
YPL268W,YOR353C,0,-3.9668412,0.1698886901140213,0.8700000047683716,0.4250999987125397
YPR057W,YGR247W,0,-3.9672608,0.1698555201292038,0.8700000047683716,0.4251999855041504
YNL070W,YDR177W,0,-3.9674644,0.16982236504554749,0.8700000047683716,0.4253000020980835
YPL049C,YOL038W,0,-3.9678807,0.16978922486305237,0.8700000047683716,0.4253999888896942
YHR043C,YOR098C,0,-3.9680252,0.16975609958171844,0.8700000047683716,0.4255000054836273
YDL148C,YLR316C,0,-3.969442,0.16972297430038452,0.8700000047683716,0.42559999227523804
YBR008C,YNL123W,0,-3.9695034,0.16968987882137299,0.8700000047683716,0.42570000886917114
YOR067C,YLR430W,0,-3.9701467,0.16965678334236145,0.8700000047683716,0.42579999566078186
YBR253W,YJL164C,0,-3.970192,0.1696237027645111,0.8700000047683716,0.42590001225471497
YLR011W,YDR363W-A,0,-3.9702673,0.16959063708782196,0.8700000047683716,0.4259999990463257
YER114C,YDR443C,0,-3.9704976,0.169557586312294,0.8700000047683716,0.4260999858379364
YBR177C,YNL099C,0,-3.9705458,0.16952455043792725,0.8700000047683716,0.4262000024318695
YLR066W,YMR067C,0,-3.9705653,0.16949152946472168,0.8700000047683716,0.4262999892234802
YER013W,YER087C-A,0,-3.9707046,0.1694585084915161,0.8700000047683716,0.42640000581741333
YDR284C,YMR133W,0,-3.9711246,0.16942551732063293,0.8700000047683716,0.42649999260902405
YPL028W,YOL066C,0,-3.9716282,0.16939252614974976,0.8700000047683716,0.42660000920295715
YNR030W,YOR174W,0,-3.9716501,0.16935954988002777,0.8700000047683716,0.42669999599456787
YMR128W,YCR026C,0,-3.9722662,0.16932658851146698,0.8700000047683716,0.426800012588501
YOR094W,YKL009W,0,-3.972536,0.16929364204406738,0.8700000047683716,0.4268999993801117
YPL145C,YEL004W,0,-3.9727483,0.16926069557666779,0.8700000047683716,0.4269999861717224
YMR097C,YHR073W,0,-3.9730902,0.16922777891159058,0.8700000047683716,0.4271000027656555
YNL294C,YHR041C,0,-3.9734354,0.16919486224651337,0.8700000047683716,0.42719998955726624
YDL243C,YHR083W,0,-3.973549,0.16916196048259735,0.8700000047683716,0.42730000615119934
YJR047C,YJR093C,0,-3.9735942,0.16912908852100372,0.8700000047683716,0.42739999294281006
YLR228C,YOR068C,0,-3.974237,0.1690962165594101,0.8700000047683716,0.42750000953674316
YHR059W,YOR099W,0,-3.9753942,0.16906334459781647,0.8700000047683716,0.4275999963283539
YMR229C,YOR106W,0,-3.9754915,0.16903050243854523,0.8700000047683716,0.427700012922287
YJR017C,YER118C,0,-3.9755092,0.16899767518043518,0.8700000047683716,0.4277999997138977
YOL146W,YFL058W,0,-3.9761505,0.16896484792232513,0.8700000047683716,0.4278999865055084
YJR031C,YPR008W,0,-3.976235,0.16893203556537628,0.8700000047683716,0.42800000309944153
YIL103W,YPR051W,0,-3.977006,0.16889923810958862,0.8700000047683716,0.42809998989105225
YHR164C,YML085C,0,-3.9771314,0.16886645555496216,0.8700000047683716,0.42820000648498535
YFL021W,YGL016W,0,-3.9772058,0.1688336879014969,0.8700000047683716,0.42829999327659607
YHR072W-A,YGR006W,0,-3.977953,0.1688009351491928,0.8700000047683716,0.4284000098705292
YDR159W,YMR272C,0,-3.9779797,0.16876818239688873,0.8700000047683716,0.4284999966621399
YNL259C,YAL001C,0,-3.978262,0.16873545944690704,0.8700000047683716,0.428600013256073
YNL020C,YML028W,0,-3.9782953,0.16870273649692535,0.8700000047683716,0.4287000000476837
YOR061W,YGR167W,0,-3.9782991,0.16867002844810486,0.8700000047683716,0.42879998683929443
YJR070C,YPL233W,0,-3.978652,0.16863733530044556,0.8700000047683716,0.42890000343322754
YOR103C,YER173W,0,-3.9788456,0.16860465705394745,0.8700000047683716,0.42899999022483826
YER035W,YMR201C,0,-3.9788594,0.16857197880744934,0.8700000047683716,0.42910000681877136
YPL058C,YDL185W,0,-3.979104,0.16853933036327362,0.8700000047683716,0.4291999936103821
YIL132C,YGR241C,0,-3.9792652,0.1685066819190979,0.8700000047683716,0.4293000102043152
YEL027W,YFL034C-B,0,-3.979467,0.16847404837608337,0.8700000047683716,0.4293999969959259
YHL038C,YLR191W,0,-3.9796352,0.16844142973423004,0.8700000047683716,0.429500013589859
YBR247C,YDL245C,0,-3.9797873,0.1684088259935379,0.8700000047683716,0.4296000003814697
YPL089C,YGR082W,0,-3.9798079,0.16837623715400696,0.8700000047683716,0.42969998717308044
YNL159C,YNL041C,0,-3.9799385,0.168343648314476,0.8700000047683716,0.42980000376701355
YGL084C,YOR259C,0,-3.980361,0.16831108927726746,0.8700000047683716,0.42989999055862427
YOR061W,YGR213C,0,-3.980743,0.1682785302400589,0.8700000047683716,0.4300000071525574
YGL256W,YOR329C,0,-3.9808311,0.16824598610401154,0.8700000047683716,0.4300999939441681
YPR183W,YJL179W,0,-3.980997,0.16821345686912537,0.8700000047683716,0.4302000105381012
YJR121W,YBR182C,0,-3.9810967,0.1681809425354004,0.8700000047683716,0.4302999973297119
YGR098C,YOL129W,0,-3.9814138,0.16814842820167542,0.8700000047683716,0.430400013923645
YNL129W,YDR330W,0,-3.9814477,0.16811594367027283,0.8700000047683716,0.43050000071525574
YML064C,YFL058W,0,-3.9820766,0.16808345913887024,0.8700000047683716,0.43059998750686646
YDR235W,YGR180C,0,-3.9822245,0.16805098950862885,0.8700000047683716,0.43070000410079956
YNL038W,YCR020C-A,0,-3.9824743,0.16801853477954865,0.8700000047683716,0.4307999908924103
YNR019W,YOR085W,0,-3.9826045,0.16798609495162964,0.8700000047683716,0.4309000074863434
YMR208W,YGL211W,0,-3.9827714,0.16795367002487183,0.8700000047683716,0.4309999942779541
YNL258C,YMR293C,0,-3.982833,0.167921245098114,0.8700000047683716,0.4311000108718872
YMR047C,YAR002W,0,-3.9830132,0.1678888499736786,0.8700000047683716,0.4311999976634979
YIR041W,YDR341C,0,-3.983708,0.16785645484924316,0.8700000047683716,0.43130001425743103
YCL024W,YGR030C,0,-3.9843192,0.16782407462596893,0.8700000047683716,0.43140000104904175
YDL013W,YJR145C,0,-3.984582,0.1677917093038559,0.8700000047683716,0.43149998784065247
YDL197C,YDL076C,1,-3.9848223,0.16795217990875244,0.8709999918937683,0.43149998784065247
YCR071C,YIL056W,0,-3.9859033,0.1679197996854782,0.8709999918937683,0.43160000443458557
YBR233W-A,YIL008W,0,-3.986374,0.16788743436336517,0.8709999918937683,0.4316999912261963
YHR068W,YPR141C,0,-3.986446,0.16785508394241333,0.8709999918937683,0.4318000078201294
YOL130W,YOR181W,0,-3.9867058,0.1678227335214615,0.8709999918937683,0.4318999946117401
YOL061W,YPR054W,0,-3.9871993,0.16779041290283203,0.8709999918937683,0.4320000112056732
YDR508C,YKR082W,0,-3.9873214,0.16775809228420258,0.8709999918937683,0.43209999799728394
YOR354C,YOR088W,0,-3.987342,0.16772578656673431,0.8709999918937683,0.43220001459121704
YCR038C,YHR083W,0,-3.987862,0.16769349575042725,0.8709999918937683,0.43230000138282776
YLR329W,YNL025C,0,-3.98807,0.16766121983528137,0.8709999918937683,0.4323999881744385
YOL090W,YBR175W,1,-3.9881692,0.16782140731811523,0.871999979019165,0.4323999881744385
YOR058C,YKL043W,0,-3.9883332,0.16778911650180817,0.871999979019165,0.4325000047683716
YHR042W,YMR013C,0,-3.9883442,0.1677568256855011,0.871999979019165,0.4325999915599823
YDR106W,YPL203W,0,-3.9888134,0.16772456467151642,0.871999979019165,0.4327000081539154
YNL272C,YPL258C,0,-3.9891152,0.16769230365753174,0.871999979019165,0.4327999949455261
YKR054C,YJL192C,0,-3.989604,0.16766007244586945,0.871999979019165,0.43290001153945923
YKL212W,YDR285W,0,-3.9896998,0.16762784123420715,0.871999979019165,0.43299999833106995
YLR113W,YKL203C,0,-3.98975,0.16759562492370605,0.871999979019165,0.43309998512268066
YJL065C,YDR227W,1,-3.9900002,0.16775557398796082,0.8730000257492065,0.43309998512268066
YJL018W,YJR086W,0,-3.9903097,0.16772334277629852,0.8730000257492065,0.43320000171661377
YPL049C,YLR372W,0,-3.990407,0.16769112646579742,0.8730000257492065,0.4332999885082245
YPR193C,YLR052W,1,-3.9912338,0.16785097122192383,0.8740000128746033,0.4332999885082245
YCR020C,YAR007C,0,-3.991293,0.16781874001026154,0.8740000128746033,0.4334000051021576
YOL040C,YLR430W,0,-3.9917421,0.16778652369976044,0.8740000128746033,0.4334999918937683
YPR132W,YDR400W,0,-3.9924006,0.16775432229042053,0.8740000128746033,0.4336000084877014
YKL146W,YDR113C,0,-3.9926,0.16772212088108063,0.8740000128746033,0.43369999527931213
YAR019C,YPL274W,0,-3.9927325,0.1676899492740631,0.8740000128746033,0.43380001187324524
YGR200C,YEL037C,0,-3.9929452,0.1676577776670456,0.8740000128746033,0.43389999866485596
YEL053C,YPL063W,0,-3.9930935,0.16762562096118927,0.8740000128746033,0.4339999854564667
YIL049W,YIL101C,0,-3.9933867,0.16759347915649414,0.8740000128746033,0.4341000020503998
YDR260C,YJR141W,0,-3.9934525,0.1675613522529602,0.8740000128746033,0.4341999888420105
YGR155W,YGR004W,0,-3.99365,0.16752922534942627,0.8740000128746033,0.4343000054359436
YBL105C,YOR003W,0,-3.9936738,0.16749712824821472,0.8740000128746033,0.4343999922275543
YER009W,YKL122C,0,-3.993754,0.16746503114700317,0.8740000128746033,0.4345000088214874
YIR008C,YGR195W,0,-3.994697,0.16743294894695282,0.8740000128746033,0.43459999561309814
YPL046C,YLR071C,0,-3.9951587,0.16740088164806366,0.8740000128746033,0.43470001220703125
YOR232W,YBR143C,0,-3.9954467,0.1673688292503357,0.8740000128746033,0.43479999899864197
YLR183C,YKL126W,0,-3.9971485,0.16733677685260773,0.8740000128746033,0.4348999857902527
YNL129W,YPL206C,0,-3.9972086,0.16730475425720215,0.8740000128746033,0.4350000023841858
YDR021W,YMR241W,0,-3.9972396,0.16727273166179657,0.8740000128746033,0.4350999891757965
YLR449W,YOL012C,1,-3.9974027,0.16743206977844238,0.875,0.4350999891757965
YMR208W,YKR053C,0,-3.9980717,0.1674000322818756,0.875,0.4352000057697296
YOL059W,YMR021C,0,-3.998105,0.16736802458763123,0.875,0.43529999256134033
YDL200C,YBR152W,0,-3.9986486,0.16733601689338684,0.875,0.43540000915527344
YKL182W,YJR045C,0,-3.9986668,0.16730400919914246,0.875,0.43549999594688416
YHR190W,YOR256C,0,-3.9989448,0.16727203130722046,0.875,0.43560001254081726
YLR051C,YGL253W,0,-3.9991856,0.16724006831645966,0.875,0.435699999332428
YBR107C,YDR059C,0,-3.999199,0.16720810532569885,0.875,0.4357999861240387
YNL259C,YJL011C,0,-3.9993358,0.16717615723609924,0.875,0.4359000027179718
YLR459W,YOR099W,0,-3.999959,0.16714422404766083,0.875,0.4359999895095825
YAL031C,YPL210C,0,-4.0000343,0.1671123057603836,0.875,0.4361000061035156
YGL206C,YHR081W,0,-4.0007586,0.16708038747310638,0.875,0.43619999289512634
YNL232W,YOR087W,0,-4.000914,0.16704849898815155,0.875,0.43630000948905945
YNL164C,YGR186W,0,-4.001012,0.16701661050319672,0.875,0.43639999628067017
YPL218W,YJL139C,0,-4.001272,0.16698473691940308,0.875,0.43650001287460327
YKL101W,YDR453C,0,-4.001735,0.16695287823677063,0.875,0.436599999666214
YHR004C,YML005W,0,-4.002157,0.16692101955413818,0.875,0.4366999864578247
YDR483W,YER111C,0,-4.002645,0.16688919067382812,0.875,0.4368000030517578
YPL011C,YJR049C,0,-4.0027003,0.16685736179351807,0.875,0.43689998984336853
YDL175C,YKL081W,0,-4.0028286,0.1668255478143692,0.875,0.43700000643730164
YOR335C,YOR201C,0,-4.0028305,0.16679374873638153,0.875,0.43709999322891235
YDL145C,YDL052C,0,-4.0033927,0.16676196455955505,0.875,0.43720000982284546
YNL001W,YOL127W,0,-4.0035152,0.16673018038272858,0.875,0.4372999966144562
YNL055C,YPL057C,0,-4.003657,0.1666984260082245,0.875,0.4374000132083893
YDR276C,YOR089C,0,-4.0036974,0.1666666716337204,0.875,0.4375
YNL116W,YDR158W,0,-4.003722,0.1666349321603775,0.875,0.4375999867916107
YNL073W,YPR041W,0,-4.003768,0.1666031926870346,0.875,0.4377000033855438
YML023C,YIL105C,0,-4.004407,0.1665714830160141,0.875,0.43779999017715454
YJL024C,YMR005W,0,-4.0048485,0.1665397733449936,0.875,0.43790000677108765
YLL050C,YMR035W,0,-4.0049505,0.16650809347629547,0.875,0.43799999356269836
YPL089C,YMR095C,0,-4.0050693,0.16647641360759735,0.875,0.43810001015663147
YJL125C,YHR187W,0,-4.005469,0.16644473373889923,0.875,0.4381999969482422
YDL085W,YLR396C,0,-4.005767,0.1664130836725235,0.875,0.4383000135421753
YMR184W,YGL087C,0,-4.00579,0.16638144850730896,0.875,0.438400000333786
YCR088W,YFR036W,0,-4.0065417,0.16634981334209442,0.875,0.43849998712539673
YOR377W,YDR400W,0,-4.006644,0.16631819307804108,0.875,0.43860000371932983
YAL015C,YJL012C,0,-4.007131,0.16628658771514893,0.875,0.43869999051094055
YMR311C,YDL077C,0,-4.007648,0.16625498235225677,0.875,0.43880000710487366
YOR221C,YOR084W,0,-4.0083976,0.166223406791687,0.875,0.4388999938964844
YMR133W,YAL005C,0,-4.0085917,0.16619183123111725,0.875,0.4390000104904175
YGL211W,YHL012W,0,-4.0088043,0.16616027057170868,0.875,0.4390999972820282
YHR015W,YOR054C,0,-4.0089536,0.1661287248134613,0.875,0.4392000138759613
YMR203W,YGR042W,0,-4.0095,0.16609719395637512,0.875,0.439300000667572
YOR316C,YBL025W,0,-4.009861,0.16606566309928894,0.875,0.43939998745918274
YOL078W,YHR091C,0,-4.010093,0.16603416204452515,0.875,0.43950000405311584
YDR147W,YBR127C,0,-4.0101776,0.16600266098976135,0.875,0.43959999084472656
YNL021W,YGL178W,1,-4.0103674,0.16616085171699524,0.8759999871253967,0.43959999084472656
YOR232W,YDR086C,0,-4.010472,0.16612933576107025,0.8759999871253967,0.43970000743865967
YDR294C,YGR122W,0,-4.0109525,0.16609783470630646,0.8759999871253967,0.4397999942302704
YKL064W,YPL033C,0,-4.0109935,0.16606634855270386,0.8759999871253967,0.4399000108242035
YBL097W,YKL058W,0,-4.011632,0.16603487730026245,0.8759999871253967,0.4399999976158142
YIR010W,YKL006C-A,0,-4.0122743,0.16600340604782104,0.8759999871253967,0.4401000142097473
YNL327W,YOR329C,0,-4.01228,0.16597196459770203,0.8759999871253967,0.44020000100135803
YCR092C,YOR272W,0,-4.013077,0.165940523147583,0.8759999871253967,0.44029998779296875
YOL146W,YLR447C,0,-4.013334,0.16590909659862518,0.8759999871253967,0.44040000438690186
YDR379W,YKL082C,0,-4.013759,0.16587767004966736,0.8759999871253967,0.4404999911785126
YPR105C,YBR173C,0,-4.0149236,0.16584627330303192,0.8759999871253967,0.4406000077724457
YBL009W,YDR529C,0,-4.017047,0.16581487655639648,0.8759999871253967,0.4406999945640564
YMR285C,YHR083W,0,-4.018359,0.16578349471092224,0.8759999871253967,0.4408000111579895
YNL068C,YLR467W,0,-4.018398,0.1657521277666092,0.8759999871253967,0.4408999979496002
YLR354C,YDR429C,0,-4.019089,0.16572077572345734,0.8759999871253967,0.4410000145435333
YCL024W,YGL120C,0,-4.019293,0.16568942368030548,0.8759999871253967,0.44110000133514404
YNL172W,YPR201W,0,-4.0195365,0.16565808653831482,0.8759999871253967,0.44119998812675476
YDR446W,YOR330C,0,-4.019697,0.16562677919864655,0.8759999871253967,0.44130000472068787
YGR274C,YOL129W,0,-4.0212398,0.16559545695781708,0.8759999871253967,0.4413999915122986
YLR115W,YPL206C,0,-4.0216074,0.16556416451931,0.8759999871253967,0.4415000081062317
YOL086C,YCL031C,0,-4.021636,0.1655328869819641,0.8759999871253967,0.4415999948978424
YJL005W,YML059C,0,-4.021813,0.16550160944461823,0.8759999871253967,0.4417000114917755
YCL029C,YNR059W,0,-4.0224986,0.16547034680843353,0.8759999871253967,0.44179999828338623
YHR187W,YDL059C,0,-4.0226603,0.16543909907341003,0.8759999871253967,0.44190001487731934
YPL200W,YJR160C,0,-4.022782,0.16540785133838654,0.8759999871253967,0.44200000166893005
YFL059W,YBR162C,0,-4.0229254,0.16537663340568542,0.8759999871253967,0.44209998846054077
YGL251C,YER012W,0,-4.023211,0.16534541547298431,0.8759999871253967,0.4422000050544739
YER145C,YMR047C,0,-4.0232496,0.1653142124414444,0.8759999871253967,0.4422999918460846
YNL133C,YIL066C,0,-4.0233955,0.16528302431106567,0.8759999871253967,0.4424000084400177
YNL101W,YDL135C,0,-4.023499,0.16525183618068695,0.8759999871253967,0.4424999952316284
YOR388C,YGR074W,0,-4.0243554,0.16522067785263062,0.8759999871253967,0.4426000118255615
YGL174W,YPL270W,0,-4.024478,0.16518951952457428,0.8759999871253967,0.44269999861717224
YDL030W,YPL243W,0,-4.024776,0.16515837609767914,0.8759999871253967,0.44279998540878296
YIL004C,YML078W,0,-4.025448,0.165127232670784,0.8759999871253967,0.44290000200271606
YDR043C,YHR160C,0,-4.0255103,0.16509611904621124,0.8759999871253967,0.4429999887943268
YPL171C,YJR035W,0,-4.026454,0.1650650054216385,0.8759999871253967,0.4431000053882599
YER075C,YKL196C,0,-4.026594,0.16503390669822693,0.8759999871253967,0.4431999921798706
YPL082C,YHR203C,0,-4.026747,0.16500282287597656,0.8759999871253967,0.4433000087738037
YBR112C,YGL014W,1,-4.0268683,0.16516007483005524,0.8769999742507935,0.4433000087738037
YDL226C,YJL156C,0,-4.0271454,0.16512897610664368,0.8769999742507935,0.44339999556541443
YPL127C,YOR099W,0,-4.0272346,0.1650978922843933,0.8769999742507935,0.44350001215934753
YMR097C,YIL138C,0,-4.0272927,0.16506682336330414,0.8769999742507935,0.44359999895095825
YDR284C,YCR075C,0,-4.0276957,0.16503575444221497,0.8769999742507935,0.44369998574256897
YAL007C,YNL334C,0,-4.027852,0.165004700422287,0.8769999742507935,0.4438000023365021
YNL020C,YPL164C,0,-4.02825,0.1649736613035202,0.8769999742507935,0.4438999891281128
YDL160C,YOR147W,0,-4.028922,0.1649426370859146,0.8769999742507935,0.4440000057220459
YMR316W,YMR026C,0,-4.028984,0.16491162776947021,0.8769999742507935,0.4440999925136566
YLR372W,YDR320C,0,-4.0290217,0.16488061845302582,0.8769999742507935,0.4442000091075897
YPR051W,YLR301W,0,-4.0292563,0.16484962403774261,0.8769999742507935,0.44429999589920044
YBR131W,YHR061C,0,-4.029946,0.1648186445236206,0.8769999742507935,0.44440001249313354
YBR234C,YMR078C,0,-4.0303597,0.1647876799106598,0.8769999742507935,0.44449999928474426
YBR210W,YFR005C,0,-4.0305276,0.16475671529769897,0.8769999742507935,0.444599986076355
YKL170W,YDL080C,0,-4.0305796,0.16472576558589935,0.8769999742507935,0.4447000026702881
YPR017C,YBR098W,0,-4.030862,0.16469483077526093,0.8769999742507935,0.4447999894618988
YBR155W,YHR042W,0,-4.0310264,0.1646639108657837,0.8769999742507935,0.4449000060558319
YOL101C,YDR296W,0,-4.0311656,0.16463300585746765,0.8769999742507935,0.4449999928474426
YPL061W,YLR136C,0,-4.031846,0.1646021008491516,0.8769999742507935,0.44510000944137573
YGR227W,YML121W,0,-4.032098,0.16457121074199677,0.8769999742507935,0.44519999623298645
YOR207C,YGL098W,0,-4.0321364,0.1645403355360031,0.8769999742507935,0.44530001282691956
YER030W,YCL010C,1,-4.032864,0.1646970510482788,0.878000020980835,0.44530001282691956
YLR158C,YLR466W,0,-4.0328827,0.16466616094112396,0.878000020980835,0.4453999996185303
YBR193C,YOL116W,0,-4.0329137,0.1646352857351303,0.878000020980835,0.445499986410141
YDR038C,YNL012W,0,-4.033053,0.16460442543029785,0.878000020980835,0.4456000030040741
YLR324W,YJL173C,0,-4.0330973,0.1645735651254654,0.878000020980835,0.4456999897956848
YGR088W,YAR044W,0,-4.033199,0.16454273462295532,0.878000020980835,0.4458000063896179
YBR117C,YJL012C,0,-4.033374,0.16451190412044525,0.878000020980835,0.44589999318122864
YFR009W,YLR150W,0,-4.0338087,0.16448107361793518,0.878000020980835,0.44600000977516174
YDR343C,YHR066W,0,-4.033829,0.1644502729177475,0.878000020980835,0.44609999656677246
YML080W,YGR166W,0,-4.0338326,0.16441947221755981,0.878000020980835,0.44620001316070557
YDR265W,YER171W,0,-4.034353,0.16438868641853333,0.878000020980835,0.4462999999523163
YDL126C,YMR213W,0,-4.0346265,0.16435791552066803,0.878000020980835,0.446399986743927
YNL281W,YKL043W,0,-4.0347033,0.16432715952396393,0.878000020980835,0.4465000033378601
YGR257C,YGR274C,0,-4.0347304,0.16429640352725983,0.878000020980835,0.4465999901294708
YDR093W,YPL244C,0,-4.0353074,0.16426566243171692,0.878000020980835,0.44670000672340393
YPL125W,YDR027C,0,-4.035411,0.1642349362373352,0.878000020980835,0.44679999351501465
YLL001W,YNL267W,0,-4.0355835,0.16420422494411469,0.878000020980835,0.44690001010894775
YBL032W,YDR265W,0,-4.0359144,0.16417352855205536,0.878000020980835,0.44699999690055847
YPR093C,YBR106W,0,-4.0364885,0.16414283215999603,0.878000020980835,0.4471000134944916
YML073C,YPL083C,0,-4.036632,0.1641121506690979,0.878000020980835,0.4472000002861023
YBR043C,YDR218C,0,-4.0374002,0.16408148407936096,0.878000020980835,0.447299987077713
YPL116W,YOL090W,1,-4.0377016,0.16423766314983368,0.8790000081062317,0.447299987077713
YBR185C,YER001W,0,-4.0379777,0.16420698165893555,0.8790000081062317,0.4474000036716461
YCR107W,YHL003C,0,-4.0384183,0.1641763150691986,0.8790000081062317,0.44749999046325684
YKL002W,YKL125W,0,-4.0388265,0.16414566338062286,0.8790000081062317,0.44760000705718994
YPL248C,YKL214C,0,-4.039013,0.16411501169204712,0.8790000081062317,0.44769999384880066
YLR320W,YOL142W,0,-4.0390506,0.16408437490463257,0.8790000081062317,0.44780001044273376
YER030W,YPR018W,1,-4.039066,0.16424039006233215,0.8799999952316284,0.44780001044273376
YOR284W,YDL118W,0,-4.0395336,0.1642097383737564,0.8799999952316284,0.4478999972343445
YBR088C,YMR053C,1,-4.0404277,0.16436567902565002,0.8809999823570251,0.4478999972343445
YNL297C,YBL061C,0,-4.0404634,0.16433501243591309,0.8809999823570251,0.4480000138282776
YOR316C,YJR118C,0,-4.040513,0.16430436074733734,0.8809999823570251,0.4481000006198883
YLR319C,YJL093C,0,-4.0406837,0.1642737239599228,0.8809999823570251,0.448199987411499
YNL219C,YPL195W,0,-4.041808,0.16424310207366943,0.8809999823570251,0.44830000400543213
YFL041W,YBR207W,0,-4.0422635,0.16421249508857727,0.8809999823570251,0.44839999079704285
YIL019W,YBL033C,0,-4.042264,0.1641818881034851,0.8809999823570251,0.44850000739097595
YMR309C,YOL072W,0,-4.042309,0.16415129601955414,0.8809999823570251,0.44859999418258667
YHR013C,YNL112W,0,-4.0423317,0.16412071883678436,0.8809999823570251,0.4487000107765198
YDR206W,YMR077C,0,-4.042535,0.1640901416540146,0.8809999823570251,0.4487999975681305
YNL327W,YOR018W,0,-4.042593,0.1640595942735672,0.8809999823570251,0.4489000141620636
YDR263C,YPL270W,0,-4.042754,0.1640290468931198,0.8809999823570251,0.4490000009536743
YER016W,YDL164C,0,-4.0427933,0.16399851441383362,0.8809999823570251,0.44909998774528503
YER001W,YML025C,0,-4.042875,0.16396798193454742,0.8809999823570251,0.44920000433921814
YGR167W,YHR081W,0,-4.042942,0.16393747925758362,0.8809999823570251,0.44929999113082886
YBL023C,YKL006C-A,0,-4.043161,0.1639069765806198,0.8809999823570251,0.44940000772476196
YOL086C,YER109C,0,-4.043528,0.1638764888048172,0.8809999823570251,0.4494999945163727
YGL181W,YML019W,0,-4.0435343,0.16384601593017578,0.8809999823570251,0.4496000111103058
YBL097W,YGR191W,0,-4.043614,0.16381554305553436,0.8809999823570251,0.4496999979019165
YMR316W,YBR080C,0,-4.0437565,0.16378508508205414,0.8809999823570251,0.4498000144958496
YGR004W,YBR082C,0,-4.044084,0.1637546420097351,0.8809999823570251,0.4499000012874603
YER073W,YNL138W,0,-4.0443044,0.16372421383857727,0.8809999823570251,0.44999998807907104
YDR252W,YHR014W,0,-4.0443525,0.16369380056858063,0.8809999823570251,0.45010000467300415
YDR164C,YDR393W,0,-4.044941,0.16366338729858398,0.8809999823570251,0.45019999146461487
YPR144C,YDR308C,0,-4.0458527,0.16363298892974854,0.8809999823570251,0.450300008058548
YOR233W,YGR212W,0,-4.046275,0.16360260546207428,0.8809999823570251,0.4503999948501587
YLL027W,YKL086W,0,-4.046729,0.16357222199440002,0.8809999823570251,0.4505000114440918
YFL021W,YKL203C,0,-4.0469084,0.16354185342788696,0.8809999823570251,0.4505999982357025
YOL165C,YDL077C,0,-4.0476656,0.1635114997625351,0.8809999823570251,0.4507000148296356
YML033W,YOL055C,0,-4.047667,0.16348116099834442,0.8809999823570251,0.45080000162124634
YGR227W,YLR303W,0,-4.048391,0.16345083713531494,0.8809999823570251,0.45089998841285706
YMR078C,YEL065W,0,-4.0485787,0.16342051327228546,0.8809999823570251,0.45100000500679016
YDR303C,YJL080C,1,-4.048742,0.1635756641626358,0.8820000290870667,0.45100000500679016
YGL192W,YKL064W,0,-4.049081,0.16354534029960632,0.8820000290870667,0.4510999917984009
YDR317W,YDL108W,0,-4.0491157,0.16351501643657684,0.8820000290870667,0.451200008392334
YDR393W,YPL237W,0,-4.0495973,0.16348470747470856,0.8820000290870667,0.4512999951839447
YKL152C,YKR053C,0,-4.050642,0.16345441341400146,0.8820000290870667,0.4514000117778778
YBL033C,YDL185W,0,-4.0506554,0.16342411935329437,0.8820000290870667,0.4514999985694885
YMR125W,YCR053W,0,-4.0511065,0.16339385509490967,0.8820000290870667,0.45159998536109924
YPR073C,YER002W,0,-4.051108,0.16336359083652496,0.8820000290870667,0.45170000195503235
YJR150C,YFR008W,0,-4.0518923,0.16333332657814026,0.8820000290870667,0.45179998874664307
YNL282W,YDR259C,0,-4.0519123,0.16330309212207794,0.8820000290870667,0.45190000534057617
YLR191W,YOL040C,0,-4.0521684,0.16327285766601562,0.8820000290870667,0.4519999921321869
YMR240C,YDR236C,0,-4.0522046,0.1632426381111145,0.8820000290870667,0.45210000872612
YNR030W,YGL095C,0,-4.0523252,0.16321243345737457,0.8820000290870667,0.4521999955177307
YLR116W,YOR084W,0,-4.05256,0.16318224370479584,0.8820000290870667,0.4523000121116638
YPL096W,YGL175C,0,-4.0526786,0.1631520539522171,0.8820000290870667,0.45239999890327454
YML080W,YOR045W,0,-4.052707,0.16312187910079956,0.8820000290870667,0.45249998569488525
YHR001W-A,YJL204C,0,-4.0528626,0.1630917191505432,0.8820000290870667,0.45260000228881836
YBR106W,YPL268W,0,-4.053406,0.16306155920028687,0.8820000290870667,0.4526999890804291
YHR031C,YLR147C,0,-4.0535464,0.1630314290523529,0.8820000290870667,0.4528000056743622
YJL219W,YOL066C,0,-4.0536084,0.16300129890441895,0.8820000290870667,0.4528999924659729
YGR057C,YNL007C,0,-4.0541034,0.16297116875648499,0.8820000290870667,0.453000009059906
YJL146W,YGL016W,0,-4.0550675,0.1629410684108734,0.8820000290870667,0.4530999958515167
YDR511W,YML019W,0,-4.0552683,0.16291096806526184,0.8820000290870667,0.45320001244544983
YJL024C,YKR034W,0,-4.055847,0.16288088262081146,0.8820000290870667,0.45329999923706055
YOR103C,YLR066W,0,-4.0567617,0.16285081207752228,0.8820000290870667,0.45339998602867126
YGL246C,YHR181W,0,-4.057061,0.1628207564353943,0.8820000290870667,0.45350000262260437
YDR251W,YJL108C,0,-4.057321,0.1627907007932663,0.8820000290870667,0.4535999894142151
YBL009W,YGL003C,0,-4.057366,0.1627606600522995,0.8820000290870667,0.4537000060081482
YHL038C,YMR210W,0,-4.0575576,0.1627306342124939,0.8820000290870667,0.4537999927997589
YAL010C,YNL310C,0,-4.057608,0.1627006083726883,0.8820000290870667,0.453900009393692
YOR011W,YBR193C,0,-4.057751,0.16267059743404388,0.8820000290870667,0.45399999618530273
YGL183C,YLR191W,0,-4.0580826,0.16264060139656067,0.8820000290870667,0.45410001277923584
YBL005W,YBR087W,0,-4.0581727,0.16261062026023865,0.8820000290870667,0.45419999957084656
YJL192C,YOR295W,0,-4.0587516,0.16258063912391663,0.8820000290870667,0.4542999863624573
YIL098C,YBR213W,0,-4.059027,0.162550687789917,0.8820000290870667,0.4544000029563904
YGR060W,YKR053C,0,-4.0593896,0.16252073645591736,0.8820000290870667,0.4544999897480011
YPR032W,YDR120C,0,-4.05945,0.16249078512191772,0.8820000290870667,0.4546000063419342
YGR227W,YNL182C,0,-4.059509,0.16246086359024048,0.8820000290870667,0.4546999931335449
YHR039C,YDR456W,0,-4.059844,0.16243094205856323,0.8820000290870667,0.454800009727478
YLR138W,YJL208C,0,-4.0600624,0.16240103542804718,0.8820000290870667,0.45489999651908875
YBR039W,YPL126W,0,-4.0602803,0.16237112879753113,0.8820000290870667,0.45500001311302185
YIL013C,YDR416W,0,-4.060525,0.16234125196933746,0.8820000290870667,0.45509999990463257
YJR052W,YBR280C,0,-4.0605984,0.1623113751411438,0.8820000290870667,0.4551999866962433
YGR013W,YJL029C,0,-4.0606213,0.16228151321411133,0.8820000290870667,0.4553000032901764
YOR034C,YGR030C,0,-4.0606546,0.16225165128707886,0.8820000290870667,0.4553999900817871
YOR361C,YML058W,0,-4.0607386,0.16222181916236877,0.8820000290870667,0.4555000066757202
YOL016C,YDR362C,0,-4.060905,0.1621919870376587,0.8820000290870667,0.45559999346733093
YDR456W,YDR311W,0,-4.0609183,0.1621621549129486,0.8820000290870667,0.45570001006126404
YCL027W,YAL056W,0,-4.061164,0.1621323525905609,0.8820000290870667,0.45579999685287476
YNL327W,YMR311C,0,-4.061237,0.16210255026817322,0.8820000290870667,0.45590001344680786
YDR376W,YKL165C,0,-4.061839,0.16207276284694672,0.8820000290870667,0.4560000002384186
YMR022W,YNL186W,1,-4.0618744,0.16222670674324036,0.8830000162124634,0.4560000002384186
YNL281W,YJL166W,0,-4.062036,0.16219691932201385,0.8830000162124634,0.4560999870300293
YBL025W,YDR363W-A,0,-4.062191,0.16216713190078735,0.8830000162124634,0.4562000036239624
YNL281W,YOR193W,0,-4.0624795,0.16213734447956085,0.8830000162124634,0.4562999904155731
YKL146W,YLR045C,0,-4.0625153,0.16210758686065674,0.8830000162124634,0.4564000070095062
YPL126W,YOR110W,0,-4.062829,0.16207782924175262,0.8830000162124634,0.45649999380111694
YJL207C,YDR265W,0,-4.063301,0.1620480865240097,0.8830000162124634,0.45660001039505005
YGL222C,YER087C-A,0,-4.0633745,0.16201834380626678,0.8830000162124634,0.45669999718666077
YGL105W,YDR043C,0,-4.06394,0.16198863089084625,0.8830000162124634,0.45680001378059387
YGL133W,YMR106C,1,-4.0640078,0.1621423363685608,0.8840000033378601,0.45680001378059387
YPL227C,YDR427W,0,-4.064338,0.16211259365081787,0.8840000033378601,0.4569000005722046
YML112W,YHR066W,0,-4.0645165,0.16208288073539734,0.8840000033378601,0.4569999873638153
YOR181W,YJR077C,0,-4.064525,0.1620531678199768,0.8840000033378601,0.4571000039577484
YLR242C,YLR098C,0,-4.0647097,0.16202345490455627,0.8840000033378601,0.45719999074935913
YLR449W,YDR167W,1,-4.0647287,0.16217702627182007,0.8849999904632568,0.45719999074935913
YPL259C,YPL180W,0,-4.0649595,0.16214731335639954,0.8849999904632568,0.45730000734329224
YNL201C,YMR133W,0,-4.0661798,0.162117600440979,0.8849999904632568,0.45739999413490295
YER025W,YAL044C,0,-4.0667777,0.16208791732788086,0.8849999904632568,0.45750001072883606
YNL012W,YPR080W,0,-4.0667973,0.16205823421478271,0.8849999904632568,0.4575999975204468
YLR131C,YPR007C,0,-4.067178,0.16202856600284576,0.8849999904632568,0.4577000141143799
YPR201W,YLL031C,0,-4.0679083,0.1619988977909088,0.8849999904632568,0.4578000009059906
YBR039W,YLL043W,0,-4.0681367,0.16196925938129425,0.8849999904632568,0.4578999876976013
YLR081W,YLR303W,0,-4.068548,0.1619396209716797,0.8849999904632568,0.4580000042915344
YDR116C,YML045W,0,-4.068713,0.16190998256206512,0.8849999904632568,0.45809999108314514
YML061C,YNL243W,0,-4.0692635,0.16188037395477295,0.8849999904632568,0.45820000767707825
YJL058C,YOL116W,0,-4.0696354,0.16185076534748077,0.8849999904632568,0.45829999446868896
YJR047C,YJL011C,0,-4.0696445,0.1618211716413498,0.8849999904632568,0.45840001106262207
YLR310C,YGR212W,0,-4.070509,0.16179159283638,0.8849999904632568,0.4584999978542328
YOR103C,YML123C,0,-4.071285,0.16176201403141022,0.8849999904632568,0.4586000144481659
YHR158C,YDR030C,0,-4.0718966,0.16173245012760162,0.8849999904632568,0.4587000012397766
YLL008W,YDR279W,0,-4.0720124,0.16170290112495422,0.8849999904632568,0.45879998803138733
YOR281C,YNL302C,0,-4.072021,0.16167336702346802,0.8849999904632568,0.45890000462532043
YER109C,YGL253W,0,-4.0722327,0.1616438329219818,0.8849999904632568,0.45899999141693115
YAL003W,YPL179W,0,-4.072547,0.1616143137216568,0.8849999904632568,0.45910000801086426
YGL247W,YGL246C,0,-4.0726957,0.16158480942249298,0.8849999904632568,0.459199994802475
YML126C,YKL068W,0,-4.074129,0.16155530512332916,0.8849999904632568,0.4593000113964081
YNL062C,YCR071C,0,-4.0741415,0.16152583062648773,0.8849999904632568,0.4593999981880188
YCR089W,YJR091C,0,-4.074615,0.1614963561296463,0.8849999904632568,0.4595000147819519
YJR083C,YOR188W,0,-4.074671,0.16146688163280487,0.8849999904632568,0.4596000015735626
YGR284C,YHR061C,0,-4.0748954,0.16143743693828583,0.8849999904632568,0.45969998836517334
YIL040W,YJL187C,0,-4.075024,0.16140799224376678,0.8849999904632568,0.45980000495910645
YER155C,YJL060W,0,-4.0750384,0.16137856245040894,0.8849999904632568,0.45989999175071716
YOR098C,YGL167C,0,-4.0754213,0.1613491326570511,0.8849999904632568,0.46000000834465027
YDL095W,YOL110W,0,-4.0755177,0.16131971776485443,0.8849999904632568,0.460099995136261
YGL005C,YIL009W,0,-4.075576,0.16129031777381897,0.8849999904632568,0.4602000117301941
YNL318C,YPR168W,0,-4.0758567,0.1612609326839447,0.8849999904632568,0.4602999985218048
YGR284C,YDR363W-A,0,-4.0764756,0.16123154759407043,0.8849999904632568,0.4603999853134155
YLR138W,YOL097C,0,-4.076584,0.16120219230651855,0.8849999904632568,0.46050000190734863
YDR265W,YER019C-A,0,-4.0768733,0.16117282211780548,0.8849999904632568,0.46059998869895935
YPR135W,YPL177C,0,-4.076999,0.1611434817314148,0.8849999904632568,0.46070000529289246
YMR316W,YBL018C,0,-4.077022,0.1611141413450241,0.8849999904632568,0.4607999920845032
YKL046C,YNL297C,0,-4.0778832,0.16108481585979462,0.8849999904632568,0.4609000086784363
YPL145C,YLR248W,0,-4.0781546,0.16105550527572632,0.8849999904632568,0.460999995470047
YHR079C,YKL014C,0,-4.078519,0.16102619469165802,0.8849999904632568,0.4611000120639801
YNL323W,YJL098W,0,-4.078916,0.1609969139099121,0.8849999904632568,0.4611999988555908
YOL158C,YMR204C,0,-4.0790925,0.160967618227005,0.8849999904632568,0.46129998564720154
YGR200C,YPL204W,0,-4.0794873,0.1609383523464203,0.8849999904632568,0.46140000224113464
YER088C,YDR224C,1,-4.080398,0.1610909104347229,0.8859999775886536,0.46140000224113464
YJL148W,YDL118W,0,-4.0806465,0.161061629652977,0.8859999775886536,0.46149998903274536
YKR042W,YMR284W,1,-4.080785,0.16121409833431244,0.8870000243186951,0.46149998903274536
YNL037C,YJR091C,0,-4.0812807,0.16118480265140533,0.8870000243186951,0.46160000562667847
YGR097W,YGR141W,0,-4.081306,0.16115552186965942,0.8870000243186951,0.4616999924182892
YBL009W,YDR421W,0,-4.0813165,0.1611262559890747,0.8870000243186951,0.4618000090122223
YCL032W,YBR097W,0,-4.08162,0.16109699010849,0.8870000243186951,0.461899995803833
YMR004W,YNL329C,0,-4.0816255,0.16106773912906647,0.8870000243186951,0.4620000123977661
YLR092W,YLR043C,0,-4.0819135,0.16103848814964294,0.8870000243186951,0.46209999918937683
YDR270W,YCR065W,0,-4.082349,0.16100925207138062,0.8870000243186951,0.46219998598098755
YPL100W,YAL001C,0,-4.0826206,0.16098003089427948,0.8870000243186951,0.46230000257492065
YOR217W,YML073C,0,-4.083437,0.16095082461833954,0.8870000243186951,0.46239998936653137
YPL040C,YDR268W,0,-4.083559,0.1609216183423996,0.8870000243186951,0.4625000059604645
YFR034C,YOR229W,0,-4.083772,0.16089244186878204,0.8870000243186951,0.4625999927520752
YLR447C,YFL004W,0,-4.085287,0.1608632504940033,0.8870000243186951,0.4627000093460083
YBR022W,YNL302C,0,-4.0853925,0.16083408892154694,0.8870000243186951,0.462799996137619
YCR060W,YDR470C,0,-4.085804,0.16080492734909058,0.8870000243186951,0.4629000127315521
YBL009W,YMR100W,0,-4.0860233,0.1607757806777954,0.8870000243186951,0.46299999952316284
YOL043C,YMR210W,0,-4.0861335,0.16074664890766144,0.8870000243186951,0.46309998631477356
YPL091W,YBL025W,0,-4.0863304,0.16071751713752747,0.8870000243186951,0.46320000290870667
YOR244W,YGL014W,1,-4.087241,0.1608695685863495,0.8880000114440918,0.46320000290870667
YLR319C,YOR388C,0,-4.0874143,0.16084042191505432,0.8880000114440918,0.4632999897003174
YOL013C,YLR337C,0,-4.0874605,0.16081130504608154,0.8880000114440918,0.4634000062942505
YPR190C,YML115C,0,-4.0874753,0.16078218817710876,0.8880000114440918,0.4634999930858612
YPL015C,YDR392W,1,-4.087621,0.16093410551548004,0.8889999985694885,0.4634999930858612
YER026C,YPL153C,0,-4.087673,0.16090497374534607,0.8889999985694885,0.4636000096797943
YAL031C,YOL109W,0,-4.0877337,0.1608758568763733,0.8889999985694885,0.46369999647140503
YMR220W,YER127W,0,-4.088256,0.1608467549085617,0.8889999985694885,0.46380001306533813
YMR036C,YHR170W,0,-4.0885153,0.16081765294075012,0.8889999985694885,0.46389999985694885
YFR024C,YLR010C,0,-4.0888853,0.16078856587409973,0.8889999985694885,0.46399998664855957
YMR076C,YPL243W,0,-4.08896,0.16075949370861053,0.8889999985694885,0.4641000032424927
YBR131W,YJR094C,0,-4.0889697,0.16073042154312134,0.8889999985694885,0.4641999900341034
YDL225W,YLR455W,0,-4.0890665,0.16070137917995453,0.8889999985694885,0.4643000066280365
YHL038C,YMR050C,0,-4.0899825,0.16067233681678772,0.8889999985694885,0.4643999934196472
YPR018W,YCR033W,1,-4.0901194,0.1608240008354187,0.8899999856948853,0.4643999934196472
YEL054C,YBL034C,0,-4.0903916,0.1607949435710907,0.8899999856948853,0.4645000100135803
YLR354C,YKR062W,0,-4.090639,0.1607659012079239,0.8899999856948853,0.46459999680519104
YLR011W,YLR424W,0,-4.090648,0.16073685884475708,0.8899999856948853,0.46470001339912415
YGL004C,YMR266W,0,-4.0908113,0.16070783138275146,0.8899999856948853,0.46480000019073486
YIL004C,YJL214W,0,-4.0908346,0.16067881882190704,0.8899999856948853,0.4648999869823456
YMR029C,YML038C,0,-4.091703,0.16064982116222382,0.8899999856948853,0.4650000035762787
YAL012W,YOR110W,0,-4.091968,0.1606208235025406,0.8899999856948853,0.4650999903678894
YDL200C,YER089C,0,-4.0921364,0.16059184074401855,0.8899999856948853,0.4652000069618225
YGR075C,YLR452C,0,-4.0925384,0.16056287288665771,0.8899999856948853,0.4652999937534332
YPR017C,YPR006C,0,-4.092604,0.16053390502929688,0.8899999856948853,0.46540001034736633
YGL065C,YML028W,0,-4.092895,0.16050495207309723,0.8899999856948853,0.46549999713897705
YJR132W,YIL118W,0,-4.0929775,0.16047601401805878,0.8899999856948853,0.46560001373291016
YNL307C,YGR141W,0,-4.0931296,0.16044709086418152,0.8899999856948853,0.4657000005245209
YBR039W,YHL020C,0,-4.0937862,0.16041816771030426,0.8899999856948853,0.4657999873161316
YGR167W,YOL121C,0,-4.093931,0.1603892594575882,0.8899999856948853,0.4659000039100647
YBR059C,YDR135C,0,-4.0940022,0.16036036610603333,0.8899999856948853,0.4659999907016754
YOR284W,YNL299W,0,-4.0953264,0.16033147275447845,0.8899999856948853,0.4661000072956085
YMR042W,YER044C,0,-4.095453,0.16030259430408478,0.8899999856948853,0.46619999408721924
YDL135C,YNL121C,0,-4.0954723,0.1602737307548523,0.8899999856948853,0.46630001068115234
YIR041W,YDR279W,0,-4.0959983,0.1602448672056198,0.8899999856948853,0.46639999747276306
YGR261C,YLL027W,0,-4.09653,0.16021601855754852,0.8899999856948853,0.46650001406669617
YPL093W,YIL139C,0,-4.097984,0.16018718481063843,0.8899999856948853,0.4666000008583069
YPR052C,YLR442C,1,-4.098065,0.16033831238746643,0.890999972820282,0.4666000008583069
YDL160C,YJL072C,0,-4.0981803,0.16030946373939514,0.890999972820282,0.4666999876499176
YMR275C,YDR263C,0,-4.0982156,0.16028062999248505,0.890999972820282,0.4668000042438507
YDL126C,YBR193C,0,-4.0988016,0.16025179624557495,0.890999972820282,0.4668999910354614
YJR131W,YMR260C,0,-4.099198,0.16022297739982605,0.890999972820282,0.46700000762939453
YGL206C,YFL060C,0,-4.099754,0.16019417345523834,0.890999972820282,0.46709999442100525
YLR158C,YML059C,0,-4.099825,0.16016538441181183,0.890999972820282,0.46720001101493835
YKL004W,YKR026C,0,-4.1006575,0.16013659536838531,0.890999972820282,0.4672999978065491
YFL013C,YCR052W,1,-4.1007843,0.1602875143289566,0.8920000195503235,0.4672999978065491
YHR005C-A,YHR072W-A,0,-4.100814,0.1602587103843689,0.8920000195503235,0.4674000144004822
YPL093W,YBR254C,0,-4.101131,0.16022992134094238,0.8920000195503235,0.4675000011920929
YKR097W,YOR117W,0,-4.1012,0.16020114719867706,0.8920000195503235,0.4675999879837036
YNL135C,YDR191W,1,-4.101792,0.1603519469499588,0.8930000066757202,0.4675999879837036
YJL125C,YDR259C,0,-4.1018257,0.1603231579065323,0.8930000066757202,0.4677000045776367
YOR208W,YOR207C,0,-4.1025167,0.16029438376426697,0.8930000066757202,0.46779999136924744
YER167W,YHR178W,0,-4.1028624,0.16026560962200165,0.8930000066757202,0.46790000796318054
YKL160W,YOR064C,1,-4.1030464,0.16041629016399384,0.8939999938011169,0.46790000796318054
YMR076C,YBR043C,0,-4.103064,0.16038751602172852,0.8939999938011169,0.46799999475479126
YNL053W,YIL016W,0,-4.1032434,0.1603587418794632,0.8939999938011169,0.46810001134872437
YPR042C,YDR131C,0,-4.103792,0.16032998263835907,0.8939999938011169,0.4681999981403351
YLR275W,YJR066W,0,-4.1038103,0.16030123829841614,0.8939999938011169,0.4683000147342682
YFR036W,YCL052C,0,-4.1040025,0.1602724939584732,0.8939999938011169,0.4684000015258789
YJR001W,YKL122C,0,-4.104192,0.16024376451969147,0.8939999938011169,0.4684999883174896
YDL043C,YOR294W,0,-4.10426,0.16021504998207092,0.8939999938011169,0.46860000491142273
YAL040C,YOR014W,0,-4.104882,0.16018635034561157,0.8939999938011169,0.46869999170303345
YKR009C,YCR020C-A,0,-4.1049175,0.16015765070915222,0.8939999938011169,0.46880000829696655
YFL022C,YOR119C,0,-4.105233,0.16012896597385406,0.8939999938011169,0.46889999508857727
YER016W,YPL276W,0,-4.1053543,0.1601002812385559,0.8939999938011169,0.4690000116825104
YMR048W,YJL034W,0,-4.1060815,0.16007162630558014,0.8939999938011169,0.4690999984741211
YDR194C,YLR221C,0,-4.1060886,0.16004297137260437,0.8939999938011169,0.4691999852657318
YPL169C,YLR435W,0,-4.1062264,0.1600143164396286,0.8939999938011169,0.4693000018596649
YDR378C,YKL145W,0,-4.1070843,0.15998567640781403,0.8939999938011169,0.46939998865127563
YER143W,YJL207C,0,-4.107206,0.15995705127716064,0.8939999938011169,0.46950000524520874
YER173W,YPR056W,0,-4.107248,0.15992844104766846,0.8939999938011169,0.46959999203681946
YLR380W,YLR424W,0,-4.107547,0.15989984571933746,0.8939999938011169,0.46970000863075256
YPL069C,YNR006W,0,-4.108034,0.15987125039100647,0.8939999938011169,0.4697999954223633
YGR004W,YNL222W,0,-4.108109,0.15984265506267548,0.8939999938011169,0.4699000120162964
YGL209W,YBL046W,0,-4.108702,0.15981408953666687,0.8939999938011169,0.4699999988079071
YJR064W,YGL039W,0,-4.108827,0.15978552401065826,0.8939999938011169,0.4700999855995178
YMR112C,YML038C,0,-4.1091847,0.15975697338581085,0.8939999938011169,0.4702000021934509
YPR094W,YOR195W,0,-4.109387,0.15972842276096344,0.8939999938011169,0.47029998898506165
YER016W,YMR188C,0,-4.110195,0.15969988703727722,0.8939999938011169,0.47040000557899475
YER142C,YLL021W,0,-4.1103992,0.1596713662147522,0.8939999938011169,0.47049999237060547
YBR165W,YGR122W,0,-4.110959,0.15964286029338837,0.8939999938011169,0.4706000089645386
YPL233W,YEL050C,0,-4.111317,0.15961435437202454,0.8939999938011169,0.4706999957561493
YMR212C,YPR134W,0,-4.1115336,0.1595858633518219,0.8939999938011169,0.4708000123500824
YDR081C,YDR077W,0,-4.111724,0.15955738723278046,0.8939999938011169,0.4708999991416931
YMR246W,YBR098W,0,-4.1119227,0.159528911113739,0.8939999938011169,0.47099998593330383
YGL090W,YHR062C,0,-4.1126213,0.15950044989585876,0.8939999938011169,0.47110000252723694
YKL182W,YMR298W,0,-4.113239,0.15947198867797852,0.8939999938011169,0.47119998931884766
YLR195C,YLR066W,0,-4.113662,0.15944355726242065,0.8939999938011169,0.47130000591278076
YPR122W,YNL233W,0,-4.114568,0.1594151258468628,0.8939999938011169,0.4713999927043915
YLR378C,YHR161C,0,-4.114907,0.15938669443130493,0.8939999938011169,0.4715000092983246
YLR353W,YMR272C,0,-4.115242,0.15935829281806946,0.8939999938011169,0.4715999960899353
YNL049C,YML052W,0,-4.1163197,0.15932989120483398,0.8939999938011169,0.4717000126838684
YGL043W,YNL153C,0,-4.116768,0.1593014895915985,0.8939999938011169,0.4717999994754791
YPL091W,YBL058W,0,-4.1169343,0.15927311778068542,0.8939999938011169,0.47189998626708984
YDR116C,YJL156C,0,-4.117169,0.15924474596977234,0.8939999938011169,0.47200000286102295
YLR417W,YOL129W,0,-4.11771,0.15921638906002045,0.8939999938011169,0.47209998965263367
YKL160W,YPL015C,1,-4.117792,0.15936610102653503,0.8949999809265137,0.47209998965263367
YDL164C,YLR451W,0,-4.1179895,0.15933772921562195,0.8949999809265137,0.4722000062465668
YPL097W,YGL094C,0,-4.1182623,0.15930935740470886,0.8949999809265137,0.4722999930381775
YKL045W,YBR280C,0,-4.118287,0.15928101539611816,0.8949999809265137,0.4724000096321106
YIL066C,YIL119C,0,-4.1183186,0.15925267338752747,0.8949999809265137,0.4724999964237213
YHR152W,YKL214C,0,-4.118743,0.15922433137893677,0.8949999809265137,0.4726000130176544
YLR044C,YGR072W,0,-4.118825,0.15919601917266846,0.8949999809265137,0.47269999980926514
YJR083C,YHR143W-A,0,-4.1194053,0.15916770696640015,0.8949999809265137,0.47279998660087585
YOR240W,YHR013C,0,-4.119445,0.15913940966129303,0.8949999809265137,0.47290000319480896
YNL099C,YLR372W,0,-4.119449,0.1591111123561859,0.8949999809265137,0.4729999899864197
YDL160C,YHR152W,0,-4.1201763,0.15908282995224,0.8949999809265137,0.4731000065803528
YER019C-A,YHR167W,0,-4.120851,0.15905456244945526,0.8949999809265137,0.4731999933719635
YDR231C,YGR099W,0,-4.1211276,0.15902629494667053,0.8949999809265137,0.4733000099658966
YNL068C,YDR175C,0,-4.12163,0.158998042345047,0.8949999809265137,0.4733999967575073
YLR371W,YGL126W,0,-4.1217194,0.15896980464458466,0.8949999809265137,0.47350001335144043
YNL244C,YML005W,0,-4.1226563,0.15894156694412231,0.8949999809265137,0.47360000014305115
YPL028W,YDR235W,0,-4.1228137,0.15891335904598236,0.8949999809265137,0.47369998693466187
YPL106C,YNL310C,0,-4.1229463,0.1588851362466812,0.8949999809265137,0.47380000352859497
YGR132C,YKL125W,0,-4.123119,0.15885694324970245,0.8949999809265137,0.4738999903202057
YKL206C,YKL093W,0,-4.1231236,0.1588287502527237,0.8949999809265137,0.4740000069141388
YKR034W,YEL012W,0,-4.123131,0.15880057215690613,0.8949999809265137,0.4740999937057495
YCR073W-A,YNL253W,0,-4.123155,0.15877239406108856,0.8949999809265137,0.4742000102996826
YMR229C,YNL121C,0,-4.123305,0.1587442308664322,0.8949999809265137,0.47429999709129333
YNL112W,YCL074W,0,-4.123648,0.158716082572937,0.8949999809265137,0.47440001368522644
YPR009W,YKR059W,0,-4.123779,0.15868794918060303,0.8949999809265137,0.47450000047683716
YBL019W,YNL221C,0,-4.124302,0.15865981578826904,0.8949999809265137,0.4745999872684479
YMR239C,YJL187C,0,-4.1247272,0.15863169729709625,0.8949999809265137,0.474700003862381
YDR246W,YDR080W,0,-4.1247463,0.15860357880592346,0.8949999809265137,0.4747999906539917
YFL056C,YPL259C,0,-4.124894,0.15857547521591187,0.8949999809265137,0.4749000072479248
YER088C,YLR442C,1,-4.1261206,0.15872453153133392,0.8960000276565552,0.4749000072479248
YLR002C,YPL276W,0,-4.1266875,0.15869642794132233,0.8960000276565552,0.4749999940395355
YBR097W,YDR285W,0,-4.1267037,0.15866832435131073,0.8960000276565552,0.47510001063346863
YBR061C,YML040W,0,-4.1267242,0.15864022076129913,0.8960000276565552,0.47519999742507935
YMR267W,YPL163C,0,-4.1267242,0.15861214697360992,0.8960000276565552,0.47530001401901245
YOR354C,YER138C,0,-4.128402,0.15858407318592072,0.8960000276565552,0.47540000081062317
YPR112C,YPL106C,0,-4.129279,0.1585560142993927,0.8960000276565552,0.4754999876022339
YOL026C,YGR129W,0,-4.1302648,0.15852795541286469,0.8960000276565552,0.475600004196167
YGL254W,YHR181W,0,-4.13054,0.15849991142749786,0.8960000276565552,0.4756999909877777
YDR263C,YGL097W,0,-4.131003,0.15847188234329224,0.8960000276565552,0.4758000075817108
YGR212W,YOR179C,0,-4.1312838,0.1584438532590866,0.8960000276565552,0.47589999437332153
YHR059W,YBL093C,0,-4.13209,0.15841583907604218,0.8960000276565552,0.47600001096725464
YER002W,YPR168W,0,-4.1322856,0.15838783979415894,0.8960000276565552,0.47609999775886536
YJL146W,YLR154C,0,-4.132335,0.1583598405122757,0.8960000276565552,0.47620001435279846
YDR179C,YJR074W,0,-4.1323943,0.15833185613155365,0.8960000276565552,0.4763000011444092
YNL037C,YNL093W,0,-4.1331367,0.1583038866519928,0.8960000276565552,0.4763999879360199
YGL226C-A,YJR103W,0,-4.133685,0.15827591717243195,0.8960000276565552,0.476500004529953
YOR002W,YPL082C,0,-4.1337986,0.1582479625940323,0.8960000276565552,0.4765999913215637
YIL002C,YGR220C,0,-4.1347656,0.15822002291679382,0.8960000276565552,0.4767000079154968
YDR517W,YFR052W,0,-4.135482,0.15819208323955536,0.8960000276565552,0.47679999470710754
YOR168W,YIL022W,0,-4.135866,0.15816417336463928,0.8960000276565552,0.47690001130104065
YBL084C,YLR135W,0,-4.136289,0.158136248588562,0.8960000276565552,0.47699999809265137
YGR097W,YDR079C-A,0,-4.1363845,0.15810835361480713,0.8960000276565552,0.4771000146865845
YER147C,YEL065W,0,-4.1364107,0.15808045864105225,0.8960000276565552,0.4772000014781952
YGR097W,YER072W,0,-4.1364417,0.15805256366729736,0.8960000276565552,0.4772999882698059
YIL139C,YHR006W,0,-4.136538,0.15802469849586487,0.8960000276565552,0.477400004863739
YOR036W,YEL002C,0,-4.137252,0.15799683332443237,0.8960000276565552,0.47749999165534973
YDR216W,YDR217C,0,-4.1378245,0.15796896815299988,0.8960000276565552,0.47760000824928284
YJR074W,YML095C,0,-4.138626,0.15794111788272858,0.8960000276565552,0.47769999504089355
YER172C,YJL204C,0,-4.138728,0.15791328251361847,0.8960000276565552,0.47780001163482666
YDR480W,YLR451W,0,-4.1392426,0.15788546204566956,0.8960000276565552,0.4778999984264374
YMR319C,YOL156W,0,-4.139246,0.15785764157772064,0.8960000276565552,0.4779999852180481
YLR081W,YCR027C,0,-4.1394534,0.15782983601093292,0.8960000276565552,0.4781000018119812
YNL084C,YHR005C-A,0,-4.139836,0.1578020453453064,0.8960000276565552,0.4781999886035919
YDR081C,YLR372W,0,-4.1410375,0.15777425467967987,0.8960000276565552,0.478300005197525
YHR164C,YJR131W,0,-4.141644,0.15774647891521454,0.8960000276565552,0.47839999198913574
YMR277W,YDR086C,0,-4.1417527,0.1577187180519104,0.8960000276565552,0.47850000858306885
YMR280C,YER018C,0,-4.142024,0.15769095718860626,0.8960000276565552,0.47859999537467957
YOR011W,YJR089W,0,-4.1425076,0.15766321122646332,0.8960000276565552,0.47870001196861267
YNL038W,YML027W,0,-4.1428456,0.15763546526432037,0.8960000276565552,0.4787999987602234
YDR388W,YDR059C,0,-4.1433606,0.15760773420333862,0.8960000276565552,0.4788999855518341
YPR133C,YLR337C,0,-4.1435657,0.15758001804351807,0.8960000276565552,0.4790000021457672
YKL220C,YGL162W,0,-4.144084,0.1575523167848587,0.8960000276565552,0.47909998893737793
YER073W,YNL231C,0,-4.1443796,0.15752461552619934,0.8960000276565552,0.47920000553131104
YDL101C,YOL116W,0,-4.144522,0.15749692916870117,0.8960000276565552,0.47929999232292175
YKL135C,YJR131W,0,-4.1448965,0.157469242811203,0.8960000276565552,0.47940000891685486
YAR018C,YGR103W,0,-4.1455045,0.15744157135486603,0.8960000276565552,0.4794999957084656
YOR028C,YFL058W,0,-4.1461105,0.15741391479969025,0.8960000276565552,0.4796000123023987
YPL178W,YEL042W,0,-4.1467857,0.15738625824451447,0.8960000276565552,0.4796999990940094
YKL032C,YCR020C-A,0,-4.1472216,0.15735861659049988,0.8960000276565552,0.4797999858856201
YDR043C,YOR270C,0,-4.147802,0.15733098983764648,0.8960000276565552,0.4799000024795532
YNL219C,YBR185C,0,-4.147899,0.15730337798595428,0.8960000276565552,0.47999998927116394
YPL096C-A,YJR066W,0,-4.147905,0.15727576613426208,0.8960000276565552,0.48010000586509705
YJR013W,YGR118W,0,-4.1479235,0.15724815428256989,0.8960000276565552,0.48019999265670776
YLR195C,YBR196C,0,-4.1480737,0.15722057223320007,0.8960000276565552,0.48030000925064087
YIL004C,YPL249C,0,-4.1481056,0.15719297528266907,0.8960000276565552,0.4803999960422516
YOR039W,YAL030W,0,-4.148142,0.15716540813446045,0.8960000276565552,0.4805000126361847
YLR384C,YIR021W,0,-4.148549,0.15713784098625183,0.8960000276565552,0.4805999994277954
YHR150W,YER087C-A,0,-4.1491547,0.1571102887392044,0.8960000276565552,0.48069998621940613
YPR019W,YML120C,0,-4.1491904,0.15708275139331818,0.8960000276565552,0.48080000281333923
YKL004W,YHR039C,0,-4.149264,0.15705521404743195,0.8960000276565552,0.48089998960494995
YHR108W,YGL038C,0,-4.149439,0.1570276916027069,0.8960000276565552,0.48100000619888306
YBR135W,YER075C,0,-4.1499443,0.15700016915798187,0.8960000276565552,0.4810999929904938
YLR219W,YJR042W,0,-4.1500463,0.15697267651557922,0.8960000276565552,0.4812000095844269
YJL146W,YPL176C,0,-4.1501927,0.15694516897201538,0.8960000276565552,0.4812999963760376
YDR335W,YBR168W,0,-4.1502056,0.15691769123077393,0.8960000276565552,0.4814000129699707
YKL173W,YDR285W,0,-4.1503415,0.15689021348953247,0.8960000276565552,0.4814999997615814
YGL061C,YMR089C,0,-4.150844,0.1568627506494522,0.8960000276565552,0.48159998655319214
YGL226C-A,YKL080W,0,-4.152353,0.15683528780937195,0.8960000276565552,0.48170000314712524
YMR150C,YNL177C,0,-4.1524115,0.15680783987045288,0.8960000276565552,0.48179998993873596
YOR112W,YLR372W,0,-4.152479,0.156780406832695,0.8960000276565552,0.48190000653266907
YKL165C,YLR410W,0,-4.153507,0.15675297379493713,0.8960000276565552,0.4819999933242798
YML057W,YKL032C,0,-4.15351,0.15672555565834045,0.8960000276565552,0.4821000099182129
YHR118C,YDL236W,1,-4.154098,0.15687303245067596,0.8970000147819519,0.4821000099182129
YBL009W,YDL216C,0,-4.154577,0.1568455994129181,0.8970000147819519,0.4821999967098236
YPL119C,YMR137C,0,-4.155954,0.1568181812763214,0.8970000147819519,0.4823000133037567
YLR170C,YER171W,0,-4.1567144,0.15679077804088593,0.8970000147819519,0.48240000009536743
YDR129C,YDL015C,0,-4.1568985,0.15676337480545044,0.8970000147819519,0.48249998688697815
YLR231C,YDL190C,0,-4.1571155,0.15673597157001495,0.8970000147819519,0.48260000348091125
YOR144C,YNL098C,0,-4.1572943,0.15670859813690186,0.8970000147819519,0.482699990272522
YNL123W,YJR104C,0,-4.157538,0.15668122470378876,0.8970000147819519,0.4828000068664551
YPL169C,YLR222C,0,-4.15754,0.15665386617183685,0.8970000147819519,0.4828999936580658
YLL009C,YGR047C,0,-4.15877,0.15662650763988495,0.8970000147819519,0.4830000102519989
YIL098C,YBR118W,0,-4.1588783,0.15659916400909424,0.8970000147819519,0.4830999970436096
YLR329W,YHR030C,0,-4.1589746,0.15657182037830353,0.8970000147819519,0.4832000136375427
YLR215C,YPR198W,0,-4.159165,0.1565445065498352,0.8970000147819519,0.48330000042915344
YOR254C,YMR088C,0,-4.1595116,0.15651719272136688,0.8970000147819519,0.48339998722076416
YDR436W,YLR263W,0,-4.1598163,0.15648987889289856,0.8970000147819519,0.48350000381469727
YBR193C,YHR098C,0,-4.160421,0.15646257996559143,0.8970000147819519,0.483599990606308
YGL003C,YLR396C,0,-4.1605086,0.1564352959394455,0.8970000147819519,0.4837000072002411
YOL165C,YJL102W,0,-4.16053,0.15640802681446075,0.8970000147819519,0.4837999939918518
YLR215C,YGR141W,0,-4.161015,0.156380757689476,0.8970000147819519,0.4839000105857849
YER177W,YGL151W,0,-4.1625566,0.15635348856449127,0.8970000147819519,0.48399999737739563
YPL015C,YNL097C,1,-4.162759,0.15650051832199097,0.8980000019073486,0.48399999737739563
YBR073W,YOL080C,0,-4.1630287,0.15647324919700623,0.8980000019073486,0.48410001397132874
YGR288W,YNL329C,0,-4.1635394,0.15644599497318268,0.8980000019073486,0.48420000076293945
YOL116W,YKL034W,0,-4.1636095,0.15641874074935913,0.8980000019073486,0.48429998755455017
YDL101C,YNL287W,0,-4.1648393,0.15639150142669678,0.8980000019073486,0.4844000041484833
YGL190C,YLR222C,0,-4.165199,0.15636426210403442,0.8980000019073486,0.484499990940094
YMR292W,YDR172W,0,-4.165493,0.15633705258369446,0.8980000019073486,0.4846000075340271
YNL129W,YPL133C,0,-4.165584,0.1563098281621933,0.8980000019073486,0.4846999943256378
YOR284W,YLR136C,0,-4.1656985,0.15628263354301453,0.8980000019073486,0.4848000109195709
YHR079C,YDR494W,0,-4.1681514,0.15625543892383575,0.8980000019073486,0.48489999771118164
YDR289C,YOR088W,0,-4.1682787,0.15622825920581818,0.8980000019073486,0.48500001430511475
YHR001W,YOR359W,0,-4.169428,0.1562010794878006,0.8980000019073486,0.48510000109672546
YML080W,YGL254W,0,-4.1694283,0.1561739146709442,0.8980000019073486,0.4851999878883362
YLR335W,YMR053C,1,-4.1696153,0.15632064640522003,0.8989999890327454,0.4851999878883362
YKL185W,YOR061W,0,-4.169739,0.15629346668720245,0.8989999890327454,0.4853000044822693
YNL256W,YDR507C,0,-4.1699595,0.15626630187034607,0.8989999890327454,0.48539999127388
YCR073W-A,YPL063W,0,-4.1699615,0.15623913705348969,0.8989999890327454,0.4855000078678131
YHL038C,YOR208W,0,-4.1699843,0.1562119871377945,0.8989999890327454,0.48559999465942383
YOL158C,YIL115C,0,-4.170227,0.1561848521232605,0.8989999890327454,0.48570001125335693
YJL108C,YNL241C,0,-4.1707845,0.1561577171087265,0.8989999890327454,0.48579999804496765
YCR086W,YKR082W,0,-4.171035,0.1561305969953537,0.8989999890327454,0.48590001463890076
YLR310C,YOR315W,0,-4.17111,0.1561034917831421,0.8989999890327454,0.4860000014305115
YBL052C,YER120W,1,-4.1713433,0.15625,0.8999999761581421,0.4860000014305115
YIL132C,YHR006W,0,-4.171374,0.1562228798866272,0.8999999761581421,0.4860999882221222
YLR265C,YKL120W,0,-4.1720624,0.1561957597732544,0.8999999761581421,0.4862000048160553
YER179W,YNL258C,0,-4.172444,0.15616866946220398,0.8999999761581421,0.486299991607666
YFR050C,YOR049C,0,-4.172519,0.15614156424999237,0.8999999761581421,0.4864000082015991
YPL270W,YLR430W,0,-4.1727486,0.15611448884010315,0.8999999761581421,0.48649999499320984
YCR038C,YNL138W,0,-4.1729527,0.15608741343021393,0.8999999761581421,0.48660001158714294
YCR073W-A,YML028W,0,-4.173228,0.1560603380203247,0.8999999761581421,0.48669999837875366
YDR365C,YDR325W,0,-4.173621,0.15603329241275787,0.8999999761581421,0.4867999851703644
YHR118C,YMR053C,1,-4.1740704,0.15617957711219788,0.9010000228881836,0.4867999851703644
YMR042W,YML115C,0,-4.174708,0.15615251660346985,0.9010000228881836,0.4869000017642975
YOL090W,YCL010C,1,-4.175687,0.15629874169826508,0.9020000100135803,0.4869000017642975
YJL183W,YGR059W,0,-4.1761603,0.15627165138721466,0.9020000100135803,0.4869999885559082
YEL026W,YNR064C,0,-4.176243,0.15624459087848663,0.9020000100135803,0.4871000051498413
YJL095W,YDR499W,0,-4.176513,0.1562175303697586,0.9020000100135803,0.487199991941452
YNL051W,YLR417W,0,-4.176983,0.15619046986103058,0.9020000100135803,0.48730000853538513
YAL005C,YIL056W,0,-4.177108,0.15616343915462494,0.9020000100135803,0.48739999532699585
YFL025C,YAL023C,0,-4.177721,0.1561364084482193,0.9020000100135803,0.48750001192092896
YJL034W,YIL173W,0,-4.1778893,0.15610937774181366,0.9020000100135803,0.4875999987125397
YDL217C,YDL015C,0,-4.1783814,0.1560823619365692,0.9020000100135803,0.4876999855041504
YER035W,YMR179W,0,-4.179312,0.15605536103248596,0.9020000100135803,0.4878000020980835
YGL240W,YNL117W,0,-4.179314,0.1560283750295639,0.9020000100135803,0.4878999888896942
YIL124W,YNR064C,0,-4.1795335,0.15600138902664185,0.9020000100135803,0.4880000054836273
YKL068W,YER111C,0,-4.1795564,0.1559744030237198,0.9020000100135803,0.48809999227523804
YGL136C,YLR455W,0,-4.179864,0.15594744682312012,0.9020000100135803,0.48820000886917114
YAL068C,YIL030C,0,-4.181126,0.15592049062252045,0.9020000100135803,0.48829999566078186
YDR254W,YNL279W,0,-4.18116,0.15589353442192078,0.9020000100135803,0.48840001225471497
YJL014W,YNL133C,0,-4.1814675,0.1558665931224823,0.9020000100135803,0.4884999990463257
YMR198W,YGR112W,0,-4.181822,0.15583966672420502,0.9020000100135803,0.4885999858379364
YHR190W,YOR151C,0,-4.18223,0.15581275522708893,0.9020000100135803,0.4887000024318695
YJL108C,YKR059W,0,-4.182891,0.15578584372997284,0.9020000100135803,0.4887999892234802
YPL021W,YJR103W,0,-4.1829495,0.15575893223285675,0.9020000100135803,0.48890000581741333
YGR119C,YOR014W,0,-4.183345,0.15573205053806305,0.9020000100135803,0.48899999260902405
YNR017W,YPL140C,0,-4.1840086,0.15570516884326935,0.9020000100135803,0.48910000920295715
YOR371C,YLR092W,0,-4.1840825,0.15567828714847565,0.9020000100135803,0.48919999599456787
YGR103W,YGR099W,0,-4.184383,0.15565142035484314,0.9020000100135803,0.489300012588501
YNL020C,YJL004C,0,-4.184814,0.15562456846237183,0.9020000100135803,0.4893999993801117
YJL042W,YDR059C,0,-4.184957,0.1555977165699005,0.9020000100135803,0.4894999861717224
YDR045C,YHR039C-B,0,-4.1858373,0.1555708795785904,0.9020000100135803,0.4896000027656555
YER032W,YJL093C,0,-4.186059,0.15554405748844147,0.9020000100135803,0.48969998955726624
YNR017W,YIL105C,0,-4.1861053,0.15551723539829254,0.9020000100135803,0.48980000615119934
YGR041W,YOR028C,0,-4.186135,0.1554904282093048,0.9020000100135803,0.48989999294281006
YOR388C,YMR201C,0,-4.186358,0.15546363592147827,0.9020000100135803,0.49000000953674316
YDL083C,YLR025W,0,-4.186876,0.15543684363365173,0.9020000100135803,0.4900999963283539
YOL165C,YIR019C,0,-4.187408,0.1554100662469864,0.9020000100135803,0.490200012922287
YBR004C,YOR386W,0,-4.1885357,0.15538328886032104,0.9020000100135803,0.4902999997138977
YMR298W,YNL173C,0,-4.189114,0.1553565263748169,0.9020000100135803,0.4903999865055084
YDR040C,YDR162C,0,-4.1898065,0.15532977879047394,0.9020000100135803,0.49050000309944153
YPL048W,YCR092C,0,-4.190066,0.15530303120613098,0.9020000100135803,0.49059998989105225
YMR069W,YBR175W,1,-4.190069,0.15544843673706055,0.902999997138977,0.49059998989105225
YFL004W,YML045W,0,-4.190221,0.1554216891527176,0.902999997138977,0.49070000648498535
YOL002C,YBR257W,0,-4.1906915,0.15539494156837463,0.902999997138977,0.49079999327659607
YNR057C,YJR141W,0,-4.19072,0.15536820888519287,0.902999997138977,0.4909000098705292
YMR021C,YNR046W,0,-4.190725,0.1553414762020111,0.902999997138977,0.4909999966621399
YBL032W,YJR044C,0,-4.1909943,0.15531475841999054,0.902999997138977,0.491100013256073
YJR121W,YKL080W,0,-4.1911335,0.15528805553913116,0.902999997138977,0.4912000000476837
YLR264W,YML093W,0,-4.191287,0.1552613526582718,0.902999997138977,0.49129998683929443
YDL197C,YKR101W,1,-4.1913967,0.15540656447410583,0.9039999842643738,0.49129998683929443
YOL145C,YPR193C,1,-4.191546,0.1555517315864563,0.9049999713897705,0.49129998683929443
YLR154C,YLR020C,0,-4.191576,0.15552499890327454,0.9049999713897705,0.49140000343322754
YDR423C,YOR347C,0,-4.19229,0.15549828112125397,0.9049999713897705,0.49149999022483826
YHR164C,YCL001W,0,-4.192487,0.1554715633392334,0.9049999713897705,0.49160000681877136
YMR058W,YGR086C,0,-4.192617,0.15544486045837402,0.9049999713897705,0.4916999936103821
YHL022C,YPR133W-A,0,-4.1929893,0.15541817247867584,0.9049999713897705,0.4918000102043152
YMR016C,YOR075W,0,-4.1931434,0.15539148449897766,0.9049999713897705,0.4918999969959259
YLR430W,YEL051W,0,-4.193174,0.15536481142044067,0.9049999713897705,0.492000013589859
YDL126C,YAR002C-A,0,-4.1932178,0.1553381383419037,0.9049999713897705,0.4921000003814697
YOR099W,YHR154W,0,-4.1935635,0.1553114801645279,0.9049999713897705,0.49219998717308044
YPL008W,YNL055C,0,-4.1936398,0.1552848368883133,0.9049999713897705,0.49230000376701355
YNL318C,YBR107C,0,-4.1940722,0.1552581936120987,0.9049999713897705,0.49239999055862427
YGR007W,YDR265W,0,-4.194803,0.1552315652370453,0.9049999713897705,0.4925000071525574
YOL086C,YML049C,0,-4.194859,0.15520493686199188,0.9049999713897705,0.4925999939441681
YDR069C,YML019W,0,-4.195398,0.15517832338809967,0.9049999713897705,0.4927000105381012
YNL221C,YOR008C,0,-4.195407,0.15515172481536865,0.9049999713897705,0.4927999973297119
YJL062W,YDL216C,0,-4.1954474,0.15512512624263763,0.9049999713897705,0.492900013923645
YML065W,YPR018W,1,-4.1954627,0.15526992082595825,0.906000018119812,0.492900013923645
YOR307C,YBR253W,0,-4.195779,0.15524332225322723,0.906000018119812,0.49300000071525574
YDL101C,YNL167C,0,-4.1963234,0.15521672368049622,0.906000018119812,0.49309998750686646
YBL093C,YPL057C,0,-4.1978335,0.1551901400089264,0.906000018119812,0.49320000410079956
YDR296W,YGL035C,0,-4.1978583,0.15516355633735657,0.906000018119812,0.4932999908924103
YGL151W,YMR095C,0,-4.19793,0.15513698756694794,0.906000018119812,0.4934000074863434
YNL244C,YDR057W,0,-4.19813,0.1551104336977005,0.906000018119812,0.4934999942779541
YBR136W,YDR175C,0,-4.19834,0.15508387982845306,0.906000018119812,0.4936000108718872
YKL013C,YNL029C,0,-4.198377,0.15505734086036682,0.906000018119812,0.4936999976634979
YBL040C,YLR466W,0,-4.198723,0.15503080189228058,0.906000018119812,0.49380001425743103
YGR257C,YIL016W,0,-4.1987705,0.15500427782535553,0.906000018119812,0.49390000104904175
YPL204W,YBR267W,0,-4.199313,0.15497776865959167,0.906000018119812,0.49399998784065247
YMR143W,YOR057W,0,-4.1993537,0.15495125949382782,0.906000018119812,0.49410000443458557
YLR371W,YER111C,0,-4.19946,0.15492476522922516,0.906000018119812,0.4941999912261963
YGL043W,YAL025C,0,-4.1996837,0.1548982709646225,0.906000018119812,0.4943000078201294
YGR213C,YPR189W,0,-4.1998672,0.15487179160118103,0.906000018119812,0.4943999946117401
YJL063C,YMR045C,0,-4.20015,0.15484532713890076,0.906000018119812,0.4945000112056732
YBR029C,YER061C,0,-4.2003093,0.15481886267662048,0.906000018119812,0.49459999799728394
YER061C,YNL153C,0,-4.200519,0.1547924131155014,0.906000018119812,0.49470001459121704
YMR143W,YFL060C,0,-4.200666,0.15476597845554352,0.906000018119812,0.49480000138282776
YPR135W,YDR151C,0,-4.2006936,0.15473954379558563,0.906000018119812,0.4948999881744385
YNL287W,YOL028C,0,-4.2007723,0.15471310913562775,0.906000018119812,0.4950000047683716
YPR122W,YLR181C,0,-4.2011437,0.15468670427799225,0.906000018119812,0.4950999915599823
YDR499W,YJR009C,0,-4.2014265,0.15466029942035675,0.906000018119812,0.4952000081539154
YGR089W,YBR188C,0,-4.2015195,0.15463389456272125,0.906000018119812,0.4952999949455261
YMR135C,YOR083W,0,-4.2015767,0.15460750460624695,0.906000018119812,0.49540001153945923
YDR225W,YNL262W,1,-4.201831,0.1547517478466034,0.9070000052452087,0.49540001153945923
YNL135C,YER051W,1,-4.201861,0.15489594638347626,0.9079999923706055,0.49540001153945923
YOR147W,YJL004C,0,-4.2024436,0.15486952662467957,0.9079999923706055,0.49549999833106995
YLR361C,YGR245C,0,-4.2026443,0.15484310686588287,0.9079999923706055,0.49559998512268066
YNL325C,YBR143C,0,-4.2026925,0.15481670200824738,0.9079999923706055,0.49570000171661377
YBR107C,YGR249W,0,-4.2028546,0.15479031205177307,0.9079999923706055,0.4957999885082245
YLR319C,YJL005W,0,-4.2033563,0.15476393699645996,0.9079999923706055,0.4959000051021576
YFL005W,YDR131C,0,-4.20338,0.15473756194114685,0.9079999923706055,0.4959999918937683
YOR231W,YBR153W,0,-4.203634,0.15471120178699493,0.9079999923706055,0.4961000084877014
YLR452C,YDR080W,0,-4.2043386,0.15468484163284302,0.9079999923706055,0.49619999527931213
YNL110C,YLR010C,0,-4.20465,0.1546584963798523,0.9079999923706055,0.49630001187324524
YOL142W,YJR066W,0,-4.205204,0.15463215112686157,0.9079999923706055,0.49639999866485596
YEL069C,YDR156W,0,-4.2052727,0.15460582077503204,0.9079999923706055,0.4964999854564667
YCL014W,YMR135C,0,-4.205632,0.1545795053243637,0.9079999923706055,0.4966000020503998
YEL029C,YKR097W,0,-4.2057414,0.15455318987369537,0.9079999923706055,0.4966999888420105
YCR065W,YPR094W,0,-4.205984,0.15452688932418823,0.9079999923706055,0.4968000054359436
YML118W,YNL012W,0,-4.2065525,0.1545005887746811,0.9079999923706055,0.4968999922275543
YPR122W,YAL058W,0,-4.206585,0.15447431802749634,0.9079999923706055,0.4970000088214874
YLR138W,YHR014W,0,-4.2070417,0.1544480323791504,0.9079999923706055,0.49709999561309814
YNL219C,YJL092W,0,-4.2072597,0.15442176163196564,0.9079999923706055,0.49720001220703125
YMR204C,YGL162W,0,-4.2073174,0.15439550578594208,0.9079999923706055,0.49729999899864197
YPL265W,YLR452C,0,-4.2074656,0.1543692648410797,0.9079999923706055,0.4973999857902527
YJL210W,YBL103C,0,-4.208012,0.15434302389621735,0.9079999923706055,0.4975000023841858
YDR513W,YCL024W,0,-4.208399,0.15431679785251617,0.9079999923706055,0.4975999891757965
YBR213W,YJL018W,0,-4.2084785,0.154290571808815,0.9079999923706055,0.4977000057697296
YBR153W,YOR307C,0,-4.208754,0.15426436066627502,0.9079999923706055,0.49779999256134033
YGL166W,YIL105C,0,-4.2107606,0.15423814952373505,0.9079999923706055,0.49790000915527344
YGL070C,YDR453C,0,-4.2115765,0.15421195328235626,0.9079999923706055,0.49799999594688416
YOR254C,YDL201W,0,-4.212925,0.15418577194213867,0.9079999923706055,0.49810001254081726
YGL018C,YBL079W,0,-4.2132416,0.15415959060192108,0.9079999923706055,0.498199999332428
YJR118C,YPL043W,0,-4.2139764,0.15413342416286469,0.9079999923706055,0.4982999861240387
YGR180C,YOR254C,0,-4.2140803,0.1541072577238083,0.9079999923706055,0.4984000027179718
YKR054C,YOR147W,0,-4.2141047,0.15408110618591309,0.9079999923706055,0.4984999895095825
YOR267C,YKL045W,0,-4.2142444,0.15405496954917908,0.9079999923706055,0.4986000061035156
YGL206C,YIR013C,0,-4.214522,0.15402883291244507,0.9079999923706055,0.49869999289512634
YPL283C,YBR030W,0,-4.214708,0.15400271117687225,0.9079999923706055,0.49880000948905945
YNL233W,YJR007W,0,-4.215226,0.15397660434246063,0.9079999923706055,0.49889999628067017
YDR216W,YPL112C,0,-4.2159085,0.153950497508049,0.9079999923706055,0.49900001287460327
YDL142C,YDR164C,0,-4.216091,0.1539243906736374,0.9079999923706055,0.499099999666214
YNL068C,YOR110W,0,-4.2164116,0.15389829874038696,0.9079999923706055,0.4991999864578247
YIL048W,YDL138W,0,-4.217394,0.15387222170829773,0.9079999923706055,0.4993000030517578
YCR002C,YGL006W,0,-4.218186,0.1538461595773697,0.9079999923706055,0.49939998984336853
YBR161W,YPR074C,0,-4.218947,0.15382009744644165,0.9079999923706055,0.49950000643730164
YIL051C,YCR020C,0,-4.219542,0.1537940353155136,0.9079999923706055,0.49959999322891235
YER178W,YGR212W,0,-4.219881,0.15376798808574677,0.9079999923706055,0.49970000982284546
YDR069C,YDR386W,0,-4.220359,0.1537419557571411,0.9079999923706055,0.4997999966144562
YIL154C,YGL070C,0,-4.2203975,0.15371592342853546,0.9079999923706055,0.4999000132083893
YPR023C,YBR231C,1,-4.22049,0.15385916829109192,0.9089999794960022,0.4999000132083893
YLR051C,YNL201C,0,-4.2205477,0.15383313596248627,0.9089999794960022,0.5
YDR191W,YDR073W,1,-4.220801,0.15397630631923676,0.9100000262260437,0.5
YMR058W,YKL053C-A,0,-4.2208643,0.1539502590894699,0.9100000262260437,0.5001000165939331
YPL065W,YPL033C,0,-4.220915,0.15392422676086426,0.9100000262260437,0.5001999735832214
YPL267W,YLL008W,0,-4.221024,0.1538981944322586,0.9100000262260437,0.5002999901771545
YOL078W,YLR228C,0,-4.2217875,0.15387216210365295,0.9100000262260437,0.5004000067710876
YHR148W,YDL159W,0,-4.2219224,0.1538461595773697,0.9100000262260437,0.5005000233650208
YDL085W,YDL019C,0,-4.2223005,0.15382014214992523,0.9100000262260437,0.5005999803543091
YJL061W,YER072W,0,-4.222772,0.15379415452480316,0.9100000262260437,0.5006999969482422
YCL055W,YER146W,0,-4.2230887,0.1537681668996811,0.9100000262260437,0.5008000135421753
YHR015W,YEL002C,0,-4.223245,0.15374217927455902,0.9100000262260437,0.5008999705314636
YPL040C,YJL166W,0,-4.223618,0.15371622145175934,0.9100000262260437,0.5009999871253967
YER155C,YDL201W,0,-4.223684,0.15369024872779846,0.9100000262260437,0.5011000037193298
YPL146C,YGR179C,0,-4.2240725,0.15366430580615997,0.9100000262260437,0.5012000203132629
YPR008W,YPR154W,0,-4.224913,0.15363836288452148,0.9100000262260437,0.5012999773025513
YER155C,YOR150W,0,-4.2250495,0.153612419962883,0.9100000262260437,0.5013999938964844
YNL059C,YMR219W,1,-4.225405,0.1537552773952484,0.9110000133514404,0.5013999938964844
YPL132W,YOR233W,0,-4.225435,0.15372933447360992,0.9110000133514404,0.5015000104904175
YMR112C,YCL043C,0,-4.2256274,0.15370339155197144,0.9110000133514404,0.5016000270843506
YKR068C,YNR047W,0,-4.225669,0.15367746353149414,0.9110000133514404,0.5016999840736389
YML038C,YNL247W,0,-4.22682,0.15365155041217804,0.9110000133514404,0.501800000667572
YGL187C,YNR043W,0,-4.227162,0.15362563729286194,0.9110000133514404,0.5019000172615051
YDL051W,YDR235W,0,-4.2273116,0.15359972417354584,0.9110000133514404,0.5019999742507935
YOR054C,YJL222W,0,-4.2278585,0.15357384085655212,0.9110000133514404,0.5020999908447266
YGR120C,YPL249C,0,-4.2280245,0.1535479575395584,0.9110000133514404,0.5022000074386597
YJL116C,YER024W,0,-4.228144,0.1535220742225647,0.9110000133514404,0.5023000240325928
YNR058W,YGR163W,0,-4.229222,0.15349620580673218,0.9110000133514404,0.5023999810218811
YOR334W,YDR260C,0,-4.229404,0.15347035229206085,0.9110000133514404,0.5024999976158142
YJL183W,YLL017W,0,-4.229439,0.15344449877738953,0.9110000133514404,0.5026000142097473
YOR174W,YNL061W,0,-4.229491,0.1534186601638794,0.9110000133514404,0.5026999711990356
YIL053W,YBR153W,0,-4.2296295,0.15339282155036926,0.9110000133514404,0.5027999877929688
YDR030C,YBR182C,0,-4.2297764,0.15336699783802032,0.9110000133514404,0.5029000043869019
YPR193C,YKR042W,1,-4.230074,0.15350951254367828,0.9120000004768372,0.5029000043869019
YKR036C,YDL208W,0,-4.230127,0.15348367393016815,0.9120000004768372,0.503000020980835
YER042W,YKL113C,0,-4.23035,0.1534578502178192,0.9120000004768372,0.5030999779701233
YGL192W,YDL201W,0,-4.2304215,0.15343202650547028,0.9120000004768372,0.5031999945640564
YPL231W,YPL242C,0,-4.230505,0.15340621769428253,0.9120000004768372,0.5033000111579895
YNL116W,YOR109W,0,-4.2307057,0.15338042378425598,0.9120000004768372,0.5034000277519226
YMR119W,YBR092C,0,-4.231023,0.15335462987422943,0.9120000004768372,0.5034999847412109
YDR106W,YAR008W,0,-4.231592,0.15332885086536407,0.9120000004768372,0.503600001335144
YCL039W,YGL212W,0,-4.232039,0.15330307185649872,0.9120000004768372,0.5037000179290771
YNL177C,YIL013C,0,-4.2325644,0.15327730774879456,0.9120000004768372,0.5037999749183655
YMR316W,YER118C,0,-4.2326064,0.1532515585422516,0.9120000004768372,0.5038999915122986
YJL110C,YLR264W,0,-4.2326837,0.15322580933570862,0.9120000004768372,0.5040000081062317
YLR246W,YCL055W,0,-4.2327027,0.15320006012916565,0.9120000004768372,0.5041000247001648
YBR059C,YLR139C,0,-4.2335486,0.15317434072494507,0.9120000004768372,0.5041999816894531
YJR063W,YNR064C,0,-4.233562,0.1531486213207245,0.9120000004768372,0.5042999982833862
YOL111C,YIL110W,0,-4.233649,0.1531229019165039,0.9120000004768372,0.5044000148773193
YDR411C,YGL208W,0,-4.233914,0.15309719741344452,0.9120000004768372,0.5044999718666077
YOR260W,YML073C,0,-4.2342505,0.15307150781154633,0.9120000004768372,0.5045999884605408
YER001W,YMR239C,0,-4.2350993,0.15304581820964813,0.9120000004768372,0.5047000050544739
YCL055W,YAL025C,0,-4.2352366,0.15302012860774994,0.9120000004768372,0.504800021648407
YDR040C,YHR067W,0,-4.235433,0.15299446880817413,0.9120000004768372,0.5048999786376953
YGL089C,YKR065C,0,-4.236321,0.15296880900859833,0.9120000004768372,0.5049999952316284
YBL017C,YFR050C,0,-4.236507,0.15294314920902252,0.9120000004768372,0.5051000118255615
YIL004C,YKR031C,0,-4.2367716,0.1529175043106079,0.9120000004768372,0.5052000284194946
YLR216C,YGL086W,0,-4.2372913,0.1528918743133545,0.9120000004768372,0.505299985408783
YOR099W,YGL219C,0,-4.2378554,0.15286624431610107,0.9120000004768372,0.5054000020027161
YOR168W,YNL257C,0,-4.238442,0.15284062922000885,0.9120000004768372,0.5055000185966492
YGR225W,YGL129C,0,-4.2385564,0.15281501412391663,0.9120000004768372,0.5055999755859375
YDR507C,YGL004C,0,-4.238614,0.1527894139289856,0.9120000004768372,0.5056999921798706
YDR335W,YJR103W,0,-4.238909,0.15276381373405457,0.9120000004768372,0.5058000087738037
YJL092W,YMR183C,0,-4.2390156,0.15273822844028473,0.9120000004768372,0.5059000253677368
YAR018C,YLR106C,0,-4.239281,0.1527126580476761,0.9120000004768372,0.5059999823570251
YER169W,YMR236W,1,-4.239286,0.15285451710224152,0.9129999876022339,0.5059999823570251
YLR196W,YAL047C,0,-4.2395124,0.15282893180847168,0.9129999876022339,0.5060999989509583
YDR384C,YOR181W,0,-4.2397256,0.15280334651470184,0.9129999876022339,0.5062000155448914
YIL149C,YMR229C,0,-4.2397876,0.1527777761220932,0.9129999876022339,0.5062999725341797
YNR019W,YFR029W,0,-4.240627,0.15275222063064575,0.9129999876022339,0.5063999891281128
YEL066W,YMR263W,1,-4.2408442,0.15289394557476044,0.9139999747276306,0.5063999891281128
YDR126W,YBL005W-A,0,-4.2418118,0.1528683751821518,0.9139999747276306,0.5065000057220459
YKL089W,YDR322C-A,0,-4.241954,0.15284280478954315,0.9139999747276306,0.506600022315979
YKR009C,YGR141W,0,-4.2421746,0.1528172492980957,0.9139999747276306,0.5066999793052673
YDR461W,YHR178W,0,-4.2429585,0.15279170870780945,0.9139999747276306,0.5067999958992004
YIL115C,YML028W,0,-4.243421,0.1527661681175232,0.9139999747276306,0.5069000124931335
YDR093W,YNL037C,0,-4.24372,0.15274064242839813,0.9139999747276306,0.5070000290870667
YGL251C,YGL219C,0,-4.24407,0.15271511673927307,0.9139999747276306,0.507099986076355
YLL031C,YML092C,0,-4.244558,0.1526896059513092,0.9139999747276306,0.5072000026702881
YPR120C,YKR059W,0,-4.2448807,0.15266411006450653,0.9139999747276306,0.5073000192642212
YOR063W,YML005W,0,-4.2452364,0.15263861417770386,0.9139999747276306,0.5073999762535095
YHR079C,YHR152W,0,-4.2452974,0.15261311829090118,0.9139999747276306,0.5074999928474426
YAR008W,YNL126W,0,-4.245864,0.1525876522064209,0.9139999747276306,0.5076000094413757
YBL039C,YPR036W,0,-4.246184,0.15256217122077942,0.9139999747276306,0.5077000260353088
YCR086W,YDR527W,0,-4.2472873,0.15253672003746033,0.9139999747276306,0.5077999830245972
YGR206W,YDR494W,0,-4.247309,0.15251126885414124,0.9139999747276306,0.5078999996185303
YGR227W,YDL052C,0,-4.2474647,0.15248581767082214,0.9139999747276306,0.5080000162124634
YPL209C,YIR033W,0,-4.2476134,0.15246038138866425,0.9139999747276306,0.5080999732017517
YDR101C,YNL049C,0,-4.247905,0.15243496000766754,0.9139999747276306,0.5081999897956848
YOL066C,YPR182W,0,-4.248015,0.15240953862667084,0.9139999747276306,0.5083000063896179
YNL282W,YDR450W,0,-4.248606,0.15238413214683533,0.9139999747276306,0.508400022983551
YER108C,YIL105C,0,-4.2486825,0.15235872566699982,0.9139999747276306,0.5084999799728394
YER109C,YFL021W,0,-4.2489777,0.1523333340883255,0.9139999747276306,0.5085999965667725
YKL138C-A,YNL287W,0,-4.250392,0.15230794250965118,0.9139999747276306,0.5087000131607056
YLR369W,YJR019C,0,-4.250632,0.15228256583213806,0.9139999747276306,0.5088000297546387
YAL044C,YML006C,0,-4.251372,0.15225720405578613,0.9139999747276306,0.508899986743927
YDL100C,YGL249W,0,-4.251741,0.1522318422794342,0.9139999747276306,0.5090000033378601
YKL054C,YPL058C,0,-4.25254,0.15220649540424347,0.9139999747276306,0.5091000199317932
YGL209W,YKR062W,0,-4.2526603,0.15218114852905273,0.9139999747276306,0.5091999769210815
YEL029C,YDR341C,0,-4.2527676,0.1521558165550232,0.9139999747276306,0.5092999935150146
YDR397C,YNL241C,0,-4.252888,0.15213049948215485,0.9139999747276306,0.5094000101089478
YHR081W,YMR026C,0,-4.253383,0.1521051824092865,0.9139999747276306,0.5095000267028809
YAL059W,YDR194C,0,-4.2534885,0.15207986533641815,0.9139999747276306,0.5095999836921692
YDL028C,YPL171C,0,-4.253496,0.152054563164711,0.9139999747276306,0.5097000002861023
YGL067W,YNL015W,0,-4.254031,0.15202927589416504,0.9139999747276306,0.5098000168800354
YNL061W,YMR047C,0,-4.254276,0.15200398862361908,0.9139999747276306,0.5098999738693237
YNL331C,YDR088C,0,-4.254785,0.15197871625423431,0.9139999747276306,0.5099999904632568
YDR443C,YNR047W,0,-4.255064,0.15195344388484955,0.9139999747276306,0.5101000070571899
YMR202W,YGR082W,0,-4.2550983,0.15192818641662598,0.9139999747276306,0.510200023651123
YER143W,YIL008W,0,-4.255277,0.1519029438495636,0.9139999747276306,0.5102999806404114
YNL111C,YFR034C,0,-4.255755,0.15187770128250122,0.9139999747276306,0.5103999972343445
YOL165C,YML118W,0,-4.255932,0.15185247361660004,0.9139999747276306,0.5105000138282776
YDR254W,YGL187C,0,-4.2561507,0.15182724595069885,0.9139999747276306,0.5105999708175659
YBR243C,YDR252W,0,-4.2562776,0.15180203318595886,0.9139999747276306,0.510699987411499
YIL046W,YBL093C,0,-4.256573,0.15177682042121887,0.9139999747276306,0.5108000040054321
YLR342W,YMR129W,0,-4.256836,0.15175162255764008,0.9139999747276306,0.5109000205993652
YER119C,YML095C,0,-4.2568774,0.15172642469406128,0.9139999747276306,0.5109999775886536
YJR035W,YLR466W,0,-4.2571907,0.15170124173164368,0.9139999747276306,0.5110999941825867
YDR393W,YLR337C,0,-4.257355,0.15167607367038727,0.9139999747276306,0.5112000107765198
YIL040W,YNL259C,0,-4.2577686,0.15165090560913086,0.9139999747276306,0.5113000273704529
YLR129W,YJL029C,0,-4.2580643,0.15162575244903564,0.9139999747276306,0.5113999843597412
YMR137C,YJR027W,0,-4.2588573,0.15160059928894043,0.9139999747276306,0.5115000009536743
YGL168W,YPL283C,0,-4.2594266,0.1515754610300064,0.9139999747276306,0.5116000175476074
YGL222C,YML047C,0,-4.2594275,0.1515503227710724,0.9139999747276306,0.5116999745368958
YGR041W,YBR029C,0,-4.2599163,0.15152519941329956,0.9139999747276306,0.5117999911308289
YGR041W,YLR342W,0,-4.2607856,0.15150007605552673,0.9139999747276306,0.511900007724762
YPL096C-A,YPR041W,0,-4.261048,0.1514749825000763,0.9139999747276306,0.5120000243186951
YNR043W,YDR490C,0,-4.261223,0.15144987404346466,0.9139999747276306,0.5120999813079834
YOL051W,YKL178C,0,-4.2617373,0.15142478048801422,0.9139999747276306,0.5121999979019165
YLR304C,YPR057W,0,-4.262053,0.15139970183372498,0.9139999747276306,0.5123000144958496
YBR037C,YBL005W-A,0,-4.262573,0.15137462317943573,0.9139999747276306,0.5123999714851379
YPL126W,YGR072W,0,-4.262834,0.15134955942630768,0.9139999747276306,0.512499988079071
YHR053C,YNL029C,0,-4.262963,0.15132451057434082,0.9139999747276306,0.5126000046730042
YNL106C,YOL026C,0,-4.263022,0.15129944682121277,0.9139999747276306,0.5127000212669373
YAL007C,YER108C,0,-4.263094,0.1512744128704071,0.9139999747276306,0.5127999782562256
YMR032W,YIL139C,0,-4.263123,0.15124937891960144,0.9139999747276306,0.5128999948501587
YOL003C,YKL178C,0,-4.263387,0.15122435986995697,0.9139999747276306,0.5130000114440918
YGL038C,YLR075W,0,-4.263736,0.1511993408203125,0.9139999747276306,0.5131000280380249
YPL015C,YCL010C,1,-4.2640257,0.15133972465991974,0.9150000214576721,0.5131000280380249
YOL042W,YEL012W,0,-4.264119,0.15131470561027527,0.9150000214576721,0.5131999850273132
YNL258C,YPR112C,0,-4.2643995,0.1512896865606308,0.9150000214576721,0.5133000016212463
YLR314C,YJR009C,0,-4.2645316,0.15126466751098633,0.9150000214576721,0.5134000182151794
YER177W,YPL146C,0,-4.264616,0.15123966336250305,0.9150000214576721,0.5134999752044678
YOR208W,YDR164C,0,-4.2648964,0.15121467411518097,0.9150000214576721,0.5135999917984009
YJR078W,YKR001C,0,-4.265312,0.1511896848678589,0.9150000214576721,0.513700008392334
YNL173C,YDR288W,0,-4.2654986,0.151164710521698,0.9150000214576721,0.5138000249862671
YLR357W,YNL186W,1,-4.2678647,0.1513049155473709,0.9160000085830688,0.5138000249862671
YER061C,YDR272W,0,-4.2681594,0.15127994120121002,0.9160000085830688,0.5138999819755554
YNL059C,YNL186W,1,-4.268234,0.15142008662223816,0.9169999957084656,0.5138999819755554
YDL100C,YLR320W,0,-4.2692394,0.15139508247375488,0.9169999957084656,0.5139999985694885
YNL098C,YIL123W,0,-4.2695603,0.1513700932264328,0.9169999957084656,0.5141000151634216
YGL062W,YMR218C,0,-4.2703586,0.15134510397911072,0.9169999957084656,0.51419997215271
YDR216W,YGR188C,0,-4.2704554,0.15132012963294983,0.9169999957084656,0.5142999887466431
YJR050W,YNL142W,0,-4.2707524,0.15129517018795013,0.9169999957084656,0.5144000053405762
YDR424C,YNR048W,0,-4.272693,0.15127021074295044,0.9169999957084656,0.5145000219345093
YGL236C,YLR376C,0,-4.272782,0.15124525129795074,0.9169999957084656,0.5145999789237976
YJR078W,YML103C,0,-4.273066,0.15122032165527344,0.9169999957084656,0.5146999955177307
YMR213W,YGR159C,0,-4.2731514,0.15119537711143494,0.9169999957084656,0.5148000121116638
YCR107W,YHR041C,0,-4.273378,0.15117046236991882,0.9169999957084656,0.5149000287055969
YNL118C,YIL110W,0,-4.2736278,0.1511455476284027,0.9169999957084656,0.5149999856948853
YPL059W,YPR161C,0,-4.2738576,0.1511206328868866,0.9169999957084656,0.5151000022888184
YOL071W,YML121W,0,-4.274003,0.15109573304653168,0.9169999957084656,0.5152000188827515
YJL006C,YOL028C,0,-4.274182,0.15107083320617676,0.9169999957084656,0.5152999758720398
YLR215C,YER146W,0,-4.2744727,0.15104596316814423,0.9169999957084656,0.5153999924659729
YDL099W,YBR143C,0,-4.275056,0.1510210782289505,0.9169999957084656,0.515500009059906
YAL010C,YCL043C,0,-4.2751317,0.15099620819091797,0.9169999957084656,0.5156000256538391
YOL123W,YPR167C,0,-4.2752795,0.15097135305404663,0.9169999957084656,0.5156999826431274
YGL187C,YKL108W,0,-4.2756314,0.1509464979171753,0.9169999957084656,0.5157999992370605
YGR177C,YJR076C,0,-4.276509,0.15092165768146515,0.9169999957084656,0.5159000158309937
YGR183C,YGR033C,0,-4.277295,0.150896817445755,0.9169999957084656,0.515999972820282
YMR319C,YHR150W,0,-4.2774124,0.15087199211120605,0.9169999957084656,0.5160999894142151
YFL039C,YNL246W,1,-4.2779307,0.15101167559623718,0.9179999828338623,0.5160999894142151
YPR025C,YBL017C,0,-4.2786136,0.15098683536052704,0.9179999828338623,0.5162000060081482
YDL044C,YOL128C,0,-4.278875,0.1509620100259781,0.9179999828338623,0.5163000226020813
YJL092W,YER074W-A,0,-4.27982,0.15093718469142914,0.9179999828338623,0.5163999795913696
YDR036C,YNL247W,0,-4.2799306,0.15091237425804138,0.9179999828338623,0.5164999961853027
YDR279W,YLR337W,0,-4.2800217,0.15088757872581482,0.9179999828338623,0.5166000127792358
YJL060W,YDL160C,0,-4.280229,0.15086278319358826,0.9179999828338623,0.516700029373169
YIL026C,YJR070C,0,-4.2804174,0.1508379876613617,0.9179999828338623,0.5167999863624573
YLR028C,YPR006C,0,-4.2807136,0.15081320703029633,0.9179999828338623,0.5169000029563904
YMR076C,YGR209C,0,-4.2808347,0.15078844130039215,0.9179999828338623,0.5170000195503235
YOR388C,YBR170C,0,-4.2814965,0.15076367557048798,0.9179999828338623,0.5170999765396118
YJR108W,YPL243W,0,-4.281853,0.1507389098405838,0.9179999828338623,0.5171999931335449
YMR163C,YNL307C,0,-4.281965,0.15071417391300201,0.9179999828338623,0.517300009727478
YNL279W,YOL072W,0,-4.2823377,0.15068942308425903,0.9179999828338623,0.5174000263214111
YFL029C,YIL119C,0,-4.2834024,0.15066470205783844,0.9179999828338623,0.5174999833106995
YNL116W,YDR174W,0,-4.2834296,0.15063998103141785,0.9179999828338623,0.5175999999046326
YPR006C,YNL025C,0,-4.2837114,0.15061526000499725,0.9179999828338623,0.5177000164985657
YOR328W,YNL079C,0,-4.283729,0.15059055387973785,0.9179999828338623,0.517799973487854
YBL074C,YOR045W,0,-4.283879,0.15056584775447845,0.9179999828338623,0.5178999900817871
YNL023C,YPR073C,0,-4.2841926,0.15054115653038025,0.9179999828338623,0.5180000066757202
YGL251C,YMR112C,0,-4.2842493,0.15051648020744324,0.9179999828338623,0.5181000232696533
YNL031C,YBL003C,1,-4.2842827,0.15065573155879974,0.9190000295639038,0.5181000232696533
YAL015C,YLL011W,0,-4.2843537,0.15063104033470154,0.9190000295639038,0.5181999802589417
YNR033W,YDR385W,0,-4.28457,0.15060636401176453,0.9190000295639038,0.5182999968528748
YIL132C,YMR054W,0,-4.2848573,0.15058168768882751,0.9190000295639038,0.5184000134468079
YLR028C,YOR113W,0,-4.284911,0.1505570113658905,0.9190000295639038,0.5184999704360962
YJR040W,YNL209W,0,-4.2849293,0.15053234994411469,0.9190000295639038,0.5185999870300293
YMR280C,YPL144W,0,-4.2851763,0.15050770342350006,0.9190000295639038,0.5187000036239624
YCR098C,YNL151C,0,-4.2852635,0.15048305690288544,0.9190000295639038,0.5188000202178955
YDR345C,YNL279W,0,-4.2854505,0.1504584103822708,0.9190000295639038,0.5188999772071838
YGR044C,YIL031W,0,-4.2856665,0.15043379366397858,0.9190000295639038,0.5189999938011169
YKL054C,YCL074W,0,-4.285919,0.15040916204452515,0.9190000295639038,0.51910001039505
YOR316C,YJR127C,0,-4.286452,0.1503845453262329,0.9190000295639038,0.5192000269889832
YDR110W,YDR096W,1,-4.2866235,0.15052355825901031,0.9200000166893005,0.5192000269889832
YBR089C-A,YPL235W,1,-4.286786,0.15066252648830414,0.9210000038146973,0.5192000269889832
YPL268W,YDR086C,0,-4.287205,0.15063787996768951,0.9210000038146973,0.5192999839782715
YMR184W,YNL055C,0,-4.2875304,0.15061324834823608,0.9210000038146973,0.5194000005722046
YCL003W,YML033W,0,-4.289515,0.15058861672878265,0.9210000038146973,0.5195000171661377
YKL129C,YFL004W,0,-4.2895603,0.15056400001049042,0.9210000038146973,0.519599974155426
YIL049W,YKL178C,0,-4.289575,0.15053939819335938,0.9210000038146973,0.5196999907493591
YEL056W,YLL002W,1,-4.2898927,0.15067821741104126,0.921999990940094,0.5196999907493591
YJL006C,YDR483W,0,-4.2900767,0.15065360069274902,0.921999990940094,0.5198000073432922
YHR123W,YJL138C,0,-4.2901754,0.1506289839744568,0.921999990940094,0.5199000239372253
YGR280C,YDR131C,0,-4.29066,0.15060438215732574,0.921999990940094,0.5199999809265137
YOR074C,YHR085W,0,-4.290892,0.1505797803401947,0.921999990940094,0.5200999975204468
YBR098W,YAR044W,0,-4.2912745,0.15055519342422485,0.921999990940094,0.5202000141143799
YFR050C,YBR069C,0,-4.29147,0.150530606508255,0.921999990940094,0.5202999711036682
YKR009C,YIR019C,0,-4.291508,0.15050603449344635,0.921999990940094,0.5203999876976013
YPR132W,YNL287W,0,-4.2921863,0.1504814773797989,0.921999990940094,0.5205000042915344
YOR321W,YIL119C,0,-4.2929106,0.15045692026615143,0.921999990940094,0.5206000208854675
YPL233W,YHR163W,0,-4.292993,0.15043237805366516,0.921999990940094,0.5206999778747559
YBR161W,YGL209W,0,-4.293015,0.1504078358411789,0.921999990940094,0.520799994468689
YOR297C,YML025C,0,-4.293216,0.15038329362869263,0.921999990940094,0.5209000110626221
YMR068W,YGR074W,0,-4.2933564,0.15035876631736755,0.921999990940094,0.5210000276565552
YAL005C,YDR131C,0,-4.293478,0.15033425390720367,0.921999990940094,0.5210999846458435
YOR330C,YKR053C,0,-4.293505,0.1503097414970398,0.921999990940094,0.5212000012397766
YDR009W,YPR054W,0,-4.293587,0.1502852439880371,0.921999990940094,0.5213000178337097
YNL201C,YDL224C,0,-4.29369,0.15026076138019562,0.921999990940094,0.521399974822998
YKL179C,YHR014W,0,-4.2940197,0.15023627877235413,0.921999990940094,0.5214999914169312
YGR197C,YKL203C,0,-4.2942023,0.15021179616451263,0.921999990940094,0.5216000080108643
YOR063W,YOR259C,0,-4.294831,0.15018732845783234,0.921999990940094,0.5217000246047974
YHR007C,YER074W-A,0,-4.2949615,0.15016286075115204,0.921999990940094,0.5217999815940857
YOL078W,YNL231C,0,-4.295423,0.15013840794563293,0.921999990940094,0.5218999981880188
YJL116C,YAR010C,0,-4.2954774,0.15011397004127502,0.921999990940094,0.5220000147819519
YER159C,YJR104C,0,-4.2961435,0.15008953213691711,0.921999990940094,0.5220999717712402
YGR092W,YER118C,0,-4.297166,0.1500651091337204,0.921999990940094,0.5221999883651733
YHR005C-A,YJL210W,0,-4.2976665,0.15004068613052368,0.921999990940094,0.5223000049591064
YGR218W,YMR179W,0,-4.298125,0.15001627802848816,0.921999990940094,0.5224000215530396
YMR029C,YOR147W,0,-4.2990885,0.14999186992645264,0.921999990940094,0.5224999785423279
YGL226C-A,YNL241C,0,-4.2993393,0.14996746182441711,0.921999990940094,0.522599995136261
YBR234C,YPR113W,0,-4.299346,0.14994308352470398,0.921999990940094,0.5227000117301941
YIL051C,YEL013W,0,-4.299663,0.14991870522499084,0.921999990940094,0.5228000283241272
YDL045C,YPL147W,0,-4.299803,0.1498943269252777,0.921999990940094,0.5228999853134155
YGR007W,YCL075W,0,-4.2998567,0.14986996352672577,0.921999990940094,0.5230000019073486
YML121W,YDR240C,0,-4.3003597,0.14984560012817383,0.921999990940094,0.5231000185012817
YDR219C,YOR298W,0,-4.3005986,0.14982125163078308,0.921999990940094,0.5231999754905701
YPR122W,YCR098C,0,-4.300927,0.14979691803455353,0.921999990940094,0.5232999920845032
YNR030W,YBR121C,0,-4.301021,0.14977258443832397,0.921999990940094,0.5234000086784363
YJL008C,YIL123W,0,-4.301068,0.14974825084209442,0.921999990940094,0.5235000252723694
YKL165C,YHR079C-A,0,-4.3013425,0.14972393214702606,0.921999990940094,0.5235999822616577
YGL071W,YER109C,0,-4.30201,0.1496996283531189,0.921999990940094,0.5236999988555908
YDR508C,YDR478W,0,-4.3021975,0.14967532455921173,0.921999990940094,0.5238000154495239
YNL133C,YPL274W,0,-4.3023515,0.14965103566646576,0.921999990940094,0.5238999724388123
YJL063C,YOR014W,0,-4.303266,0.1496267467737198,0.921999990940094,0.5239999890327454
YHR072W-A,YNR031C,0,-4.303396,0.149602472782135,0.921999990940094,0.5241000056266785
YNL004W,YPL012W,0,-4.3043184,0.14957819879055023,0.921999990940094,0.5242000222206116
YJL092W,YMR076C,0,-4.3046193,0.14955393970012665,0.921999990940094,0.5242999792098999
YLR347C,YNR064C,0,-4.304626,0.14952968060970306,0.921999990940094,0.524399995803833
YIL042C,YKL145W,0,-4.305339,0.14950543642044067,0.921999990940094,0.5245000123977661
YIL002C,YJL035C,0,-4.3061337,0.14948119223117828,0.921999990940094,0.5246000289916992
YBL045C,YKR038C,0,-4.3063793,0.1494569629430771,0.921999990940094,0.5246999859809875
YGL200C,YOR119C,0,-4.306931,0.1494327336549759,0.921999990940094,0.5248000025749207
YOR028C,YPR008W,0,-4.3073707,0.1494085192680359,0.921999990940094,0.5249000191688538
YMR058W,YDR198C,0,-4.307628,0.14938431978225708,0.921999990940094,0.5249999761581421
YGR249W,YMR077C,0,-4.3077207,0.14936012029647827,0.921999990940094,0.5250999927520752
YER013W,YGL232W,0,-4.3085685,0.14933592081069946,0.921999990940094,0.5252000093460083
YDR079W,YMR179W,0,-4.308776,0.14931173622608185,0.921999990940094,0.5253000259399414
YJR064W,YER179W,0,-4.309332,0.14928756654262543,0.921999990940094,0.5253999829292297
YPL059W,YOR088W,0,-4.309508,0.149263396859169,0.921999990940094,0.5254999995231628
YGL119W,YGL062W,0,-4.3101764,0.14923924207687378,0.921999990940094,0.525600016117096
YER045C,YIL098C,0,-4.3102093,0.14921508729457855,0.921999990940094,0.5256999731063843
YER168C,YDR116C,0,-4.31021,0.14919093251228333,0.921999990940094,0.5257999897003174
YDR515W,YOR287C,0,-4.310423,0.14916680753231049,0.921999990940094,0.5259000062942505
YIL062C,YBL033C,0,-4.3104353,0.14914266765117645,0.921999990940094,0.5260000228881836
YFL016C,YIR017C,0,-4.3106103,0.1491185575723648,0.921999990940094,0.5260999798774719
YGL178W,YJL076W,1,-4.310919,0.1492561399936676,0.9229999780654907,0.5260999798774719
YBR008C,YCL027W,0,-4.3110995,0.14923201501369476,0.9229999780654907,0.526199996471405
YJR078W,YIL142W,0,-4.31115,0.14920789003372192,0.9229999780654907,0.5263000130653381
YOL016C,YGR082W,0,-4.311468,0.14918376505374908,0.9229999780654907,0.5264000296592712
YPL262W,YGL084C,0,-4.3115373,0.14915966987609863,0.9229999780654907,0.5264999866485596
YGL256W,YLR312C-B,0,-4.3117204,0.149135559797287,0.9229999780654907,0.5266000032424927
YGR200C,YLR347C,0,-4.3124323,0.14911146461963654,0.9229999780654907,0.5267000198364258
YOR067C,YGR209C,0,-4.312587,0.14908738434314728,0.9229999780654907,0.5267999768257141
YGR152C,YIL022W,0,-4.312677,0.14906330406665802,0.9229999780654907,0.5268999934196472
YDL043C,YPL214C,0,-4.3127403,0.14903923869132996,0.9229999780654907,0.5270000100135803
YJR077C,YFL002C,0,-4.3127885,0.1490151733160019,0.9229999780654907,0.5271000266075134
YPL231W,YML095C,0,-4.3127923,0.14899112284183502,0.9229999780654907,0.5271999835968018
YNR010W,YBR077C,0,-4.3131623,0.14896707236766815,0.9229999780654907,0.5273000001907349
YLR014C,YLR139C,0,-4.313923,0.14894303679466248,0.9229999780654907,0.527400016784668
YKL041W,YML025C,0,-4.3147407,0.1489190012216568,0.9229999780654907,0.5274999737739563
YMR119W,YPR120C,0,-4.3148546,0.14889498054981232,0.9229999780654907,0.5275999903678894
YJR074W,YCR053W,0,-4.316166,0.14887097477912903,0.9229999780654907,0.5277000069618225
YDR228C,YMR305C,0,-4.3162274,0.14884695410728455,0.9229999780654907,0.5278000235557556
YGR247W,YOR217W,0,-4.3165994,0.14882296323776245,0.9229999780654907,0.527899980545044
YHR043C,YMR050C,0,-4.3168626,0.14879897236824036,0.9229999780654907,0.527999997138977
YDL088C,YPR165W,0,-4.316895,0.14877498149871826,0.9229999780654907,0.5281000137329102
YLR449W,YPR018W,1,-4.317308,0.14891216158866882,0.9240000247955322,0.5281000137329102
YBR127C,YER031C,0,-4.3175716,0.14888817071914673,0.9240000247955322,0.5281999707221985
YML062C,YGR178C,0,-4.3175826,0.14886417984962463,0.9240000247955322,0.5282999873161316
YHR175W,YGR033C,0,-4.3179584,0.14884020388126373,0.9240000247955322,0.5284000039100647
YMR077C,YGR172C,0,-4.3180304,0.14881622791290283,0.9240000247955322,0.5285000205039978
YCL010C,YMR106C,1,-4.3183026,0.14895330369472504,0.925000011920929,0.5285000205039978
YNL334C,YNL310C,0,-4.3190293,0.14892931282520294,0.925000011920929,0.5285999774932861
YLR069C,YDR404C,0,-4.319135,0.14890535175800323,0.925000011920929,0.5286999940872192
YCR028C,YHR086W,0,-4.319591,0.14888137578964233,0.925000011920929,0.5288000106811523
YIR004W,YLR360W,0,-4.3200636,0.14885741472244263,0.925000011920929,0.5289000272750854
YKL112W,YGL150C,1,-4.3202605,0.14899437129497528,0.9259999990463257,0.5289000272750854
YDL031W,YDR156W,0,-4.321169,0.14897039532661438,0.9259999990463257,0.5289999842643738
YOR171C,YDR330W,0,-4.321381,0.14894643425941467,0.9259999990463257,0.5291000008583069
YMR298W,YML027W,0,-4.3218412,0.14892248809337616,0.9259999990463257,0.52920001745224
YGL254W,YLR069C,0,-4.321911,0.14889854192733765,0.9259999990463257,0.5292999744415283
YCL039W,YOR089C,0,-4.32287,0.14887459576129913,0.9259999990463257,0.5293999910354614
YEL050C,YFL008W,0,-4.3230886,0.14885066449642181,0.9259999990463257,0.5295000076293945
YFL025C,YJL207C,0,-4.323215,0.1488267481327057,0.9259999990463257,0.5296000242233276
YNR019W,YLL036C,0,-4.32322,0.14880283176898956,0.9259999990463257,0.529699981212616
YPR105C,YLR193C,0,-4.3239303,0.14877891540527344,0.9259999990463257,0.5297999978065491
YPL270W,YNL169C,0,-4.324148,0.1487550139427185,0.9259999990463257,0.5299000144004822
YGR222W,YMR088C,0,-4.3241854,0.14873112738132477,0.9259999990463257,0.5299999713897705
YDR130C,YNL128W,0,-4.32468,0.14870724081993103,0.9259999990463257,0.5300999879837036
YBR161W,YLR192C,0,-4.3248777,0.1486833691596985,0.9259999990463257,0.5302000045776367
YHR001W,YGR185C,0,-4.3252077,0.14865949749946594,0.9259999990463257,0.5303000211715698
YLR047C,YBR017C,0,-4.325842,0.1486356407403946,0.9259999990463257,0.5303999781608582
YDL224C,YGR122W,0,-4.3265696,0.14861178398132324,0.9259999990463257,0.5304999947547913
YPL145C,YOR110W,0,-4.326759,0.1485879272222519,0.9259999990463257,0.5306000113487244
YJL124C,YCR057C,0,-4.3276715,0.14856410026550293,0.9259999990463257,0.5307000279426575
YDR450W,YDR164C,0,-4.3277106,0.14854025840759277,0.9259999990463257,0.5307999849319458
YNL012W,YDL058W,0,-4.3284316,0.148516446352005,0.9259999990463257,0.5309000015258789
YPL262W,YIL056W,0,-4.3285575,0.14849261939525604,0.9259999990463257,0.531000018119812
YBR107C,YPR141C,0,-4.3286147,0.14846882224082947,0.9259999990463257,0.5310999751091003
YNL041C,YGR245C,0,-4.3296914,0.1484450101852417,0.9259999990463257,0.5311999917030334
YGL043W,YLR022C,0,-4.329806,0.14842122793197632,0.9259999990463257,0.5313000082969666
YLR318W,YHR108W,0,-4.3298836,0.14839743077754974,0.9259999990463257,0.5314000248908997
YGL180W,YNL126W,0,-4.330152,0.14837366342544556,0.9259999990463257,0.531499981880188
YGL180W,YDR016C,0,-4.331074,0.14834988117218018,0.9259999990463257,0.5315999984741211
YHL002W,YNL291C,0,-4.3317084,0.14832612872123718,0.9259999990463257,0.5317000150680542
YAL054C,YBR215W,1,-4.3317122,0.14846251904964447,0.9269999861717224,0.5317000150680542
YDL065C,YBR223C,0,-4.3325562,0.14843875169754028,0.9269999861717224,0.5317999720573425
YLR071C,YMR095C,0,-4.3332186,0.1484149843454361,0.9269999861717224,0.5318999886512756
YIL036W,YDR040C,0,-4.333244,0.1483912318944931,0.9269999861717224,0.5320000052452087
YOR074C,YDR437W,0,-4.333417,0.1483674794435501,0.9269999861717224,0.5321000218391418
YCR081W,YHR196W,0,-4.333642,0.1483437418937683,0.9269999861717224,0.5321999788284302
YLR081W,YGR099W,0,-4.3339715,0.1483200043439865,0.9269999861717224,0.5322999954223633
YIL034C,YER031C,0,-4.3345103,0.1482962667942047,0.9269999861717224,0.5324000120162964
YDR264C,YOR305W,0,-4.334891,0.1482725590467453,0.9269999861717224,0.5325000286102295
YMR029C,YBR260C,0,-4.334903,0.1482488363981247,0.9269999861717224,0.5325999855995178
YNL245C,YHR123W,0,-4.3349347,0.14822512865066528,0.9269999861717224,0.5327000021934509
YCL039W,YNL188W,0,-4.335472,0.14820143580436707,0.9269999861717224,0.532800018787384
YNL325C,YER146W,0,-4.335502,0.14817774295806885,0.9269999861717224,0.5328999757766724
YGL003C,YER019W,0,-4.335712,0.14815406501293182,0.9269999861717224,0.5329999923706055
YDR473C,YNL339C,0,-4.3357396,0.1481303870677948,0.9269999861717224,0.5331000089645386
YHR205W,YDL058W,0,-4.335762,0.14810672402381897,0.9269999861717224,0.5332000255584717
YMR319C,YKL089W,0,-4.336554,0.14808306097984314,0.9269999861717224,0.53329998254776
YKR038C,YDR363W-A,0,-4.3372707,0.1480594128370285,0.9269999861717224,0.5333999991416931
YGL178W,YMR106C,1,-4.3377337,0.14819546043872833,0.9279999732971191,0.5333999991416931
YDR086C,YEL013W,0,-4.337895,0.1481717973947525,0.9279999732971191,0.5335000157356262
YGR244C,YLR006C,0,-4.338261,0.14814814925193787,0.9279999732971191,0.5335999727249146
YDR508C,YML085C,0,-4.338269,0.14812450110912323,0.9279999732971191,0.5336999893188477
YMR287C,YOR063W,0,-4.3384705,0.1481008678674698,0.9279999732971191,0.5338000059127808
YLL021W,YDR115W,0,-4.3385906,0.14807723462581635,0.9279999732971191,0.5339000225067139
YBR112C,YMR053C,1,-4.3393116,0.14821314811706543,0.9290000200271606,0.5339000225067139
YPL095C,YOR069W,0,-4.3393903,0.1481894999742508,0.9290000200271606,0.5339999794960022
YPL061W,YNL129W,0,-4.3397183,0.14816586673259735,0.9290000200271606,0.5340999960899353
YNL147W,YDR279W,0,-4.3398094,0.1481422483921051,0.9290000200271606,0.5342000126838684
YLR074C,YFL060C,0,-4.3399954,0.14811861515045166,0.9290000200271606,0.5343000292778015
YDR216W,YJL128C,0,-4.3404465,0.1480950117111206,0.9290000200271606,0.5343999862670898
YDR147W,YGL253W,0,-4.3405995,0.14807140827178955,0.9290000200271606,0.534500002861023
YJR042W,YMR140W,0,-4.340976,0.1480478048324585,0.9290000200271606,0.534600019454956
YPR183W,YLR043C,0,-4.341134,0.14802421629428864,0.9290000200271606,0.5346999764442444
YGR097W,YDL081C,0,-4.341156,0.14800064265727997,0.9290000200271606,0.5347999930381775
YER146W,YPR134W,0,-4.343077,0.1479770690202713,0.9290000200271606,0.5349000096321106
YMR211W,YBR253W,0,-4.343723,0.14795349538326263,0.9290000200271606,0.5350000262260437
YGL172W,YAR007C,0,-4.34409,0.14792993664741516,0.9290000200271606,0.535099983215332
YDL024C,YMR212C,0,-4.3443155,0.1479063779115677,0.9290000200271606,0.5351999998092651
YGL195W,YPR134W,0,-4.3447685,0.1478828340768814,0.9290000200271606,0.5353000164031982
YPL204W,YPR107C,0,-4.3461394,0.14785930514335632,0.9290000200271606,0.5353999733924866
YLR394W,YGR185C,0,-4.3463197,0.14783577620983124,0.9290000200271606,0.5354999899864197
YDR037W,YMR050C,0,-4.346468,0.14781224727630615,0.9290000200271606,0.5356000065803528
YMR140W,YGL212W,0,-4.3467965,0.14778873324394226,0.9290000200271606,0.5357000231742859
YLR113W,YOR008C-A,0,-4.346903,0.14776523411273956,0.9290000200271606,0.5357999801635742
YFR027W,YMR140W,0,-4.347325,0.14774173498153687,0.9290000200271606,0.5358999967575073
YDL198C,YDR285W,0,-4.347384,0.14771823585033417,0.9290000200271606,0.5360000133514404
YDR123C,YHR081W,0,-4.347452,0.14769475162029266,0.9290000200271606,0.5360999703407288
YER027C,YDR407C,0,-4.3480716,0.14767128229141235,0.9290000200271606,0.5361999869346619
YJL071W,YDR081C,0,-4.3481193,0.14764781296253204,0.9290000200271606,0.536300003528595
YAL007C,YOL080C,0,-4.348163,0.14762434363365173,0.9290000200271606,0.5364000201225281
YHR092C,YBR143C,0,-4.3482556,0.14760088920593262,0.9290000200271606,0.5364999771118164
YGR004W,YCL075W,0,-4.3483047,0.1475774496793747,0.9290000200271606,0.5365999937057495
YNL002C,YCR062W,0,-4.348441,0.14755399525165558,0.9290000200271606,0.5367000102996826
YMR211W,YDR450W,0,-4.348683,0.14753057062625885,0.9290000200271606,0.5368000268936157
YNL278W,YDL230W,0,-4.3492994,0.14750714600086212,0.9290000200271606,0.536899983882904
YJR013W,YPL203W,0,-4.3498883,0.1474837213754654,0.9290000200271606,0.5370000004768372
YMR234W,YLR150W,0,-4.351181,0.14746031165122986,0.9290000200271606,0.5371000170707703
YJL100W,YOR346W,0,-4.352078,0.14743691682815552,0.9290000200271606,0.5371999740600586
YDR225W,YMR053C,1,-4.352493,0.14757220447063446,0.9300000071525574,0.5371999740600586
YJL094C,YGR178C,0,-4.352793,0.14754877984523773,0.9300000071525574,0.5372999906539917
YCL039W,YMR045C,0,-4.3529015,0.1475253850221634,0.9300000071525574,0.5374000072479248
YER154W,YHR181W,0,-4.353505,0.14750197529792786,0.9300000071525574,0.5375000238418579
YPR154W,YDR314C,0,-4.3537936,0.1474785953760147,0.9300000071525574,0.5375999808311462
YNR038W,YGR129W,0,-4.3538537,0.14745521545410156,0.9300000071525574,0.5376999974250793
YGR135W,YML073C,0,-4.354036,0.14743183553218842,0.9300000071525574,0.5378000140190125
YMR026C,YOR088W,0,-4.35457,0.14740847051143646,0.9300000071525574,0.5378999710083008
YNL085W,YDR251W,0,-4.3546968,0.1473851054906845,0.9300000071525574,0.5379999876022339
YGL054C,YPL157W,0,-4.3549523,0.14736175537109375,0.9300000071525574,0.538100004196167
YPR018W,YDR227W,1,-4.3550696,0.14749683439731598,0.9309999942779541,0.538100004196167
YBR168W,YOR003W,0,-4.355097,0.14747346937656403,0.9309999942779541,0.5382000207901001
YGR030C,YNL070W,0,-4.3554163,0.14745010435581207,0.9309999942779541,0.5382999777793884
YGR239C,YLL003W,0,-4.355555,0.1474267542362213,0.9309999942779541,0.5383999943733215
YLR342W,YBL033C,0,-4.3559637,0.14740341901779175,0.9309999942779541,0.5385000109672546
YDR206W,YOR110W,0,-4.3560233,0.14738008379936218,0.9309999942779541,0.5386000275611877
YMR097C,YDL106C,0,-4.3561163,0.1473567634820938,0.9309999942779541,0.5386999845504761
YGR212W,YLR193C,0,-4.3562603,0.14733344316482544,0.9309999942779541,0.5388000011444092
YPR185W,YLR045C,0,-4.3564863,0.14731012284755707,0.9309999942779541,0.5389000177383423
YDR263C,YEL051W,0,-4.356914,0.1472868174314499,0.9309999942779541,0.5389999747276306
YPR037C,YJL129C,0,-4.357618,0.1472635269165039,0.9309999942779541,0.5390999913215637
YNR038W,YGR276C,0,-4.3582253,0.14724023640155792,0.9309999942779541,0.5392000079154968
YJR063W,YFL017W-A,0,-4.3582635,0.14721694588661194,0.9309999942779541,0.5393000245094299
YOR171C,YOR027W,0,-4.3590045,0.14719367027282715,0.9309999942779541,0.5393999814987183
YLL001W,YLR154C,0,-4.3598886,0.14717040956020355,0.9309999942779541,0.5394999980926514
YPR021C,YJL146W,0,-4.3599133,0.14714714884757996,0.9309999942779541,0.5396000146865845
YLR226W,YKR053C,0,-4.360355,0.14712388813495636,0.9309999942779541,0.5396999716758728
YKL108W,YEL012W,0,-4.360381,0.14710064232349396,0.9309999942779541,0.5397999882698059
YPR132W,YBR165W,0,-4.36151,0.14707741141319275,0.9309999942779541,0.539900004863739
YIL033C,YDR507C,0,-4.361761,0.14705418050289154,0.9309999942779541,0.5400000214576721
YJR047C,YMR078C,0,-4.362578,0.14703094959259033,0.9309999942779541,0.5400999784469604
YOR335C,YDR151C,0,-4.3626943,0.14700773358345032,0.9309999942779541,0.5401999950408936
YHR143W,YER024W,0,-4.3634543,0.1469845324754715,0.9309999942779541,0.5403000116348267
YKL004W,YDR382W,0,-4.364063,0.14696133136749268,0.9309999942779541,0.5404000282287598
YGR276C,YLR337W,0,-4.364255,0.14693813025951385,0.9309999942779541,0.5404999852180481
YIL140W,YPR190C,0,-4.36436,0.14691494405269623,0.9309999942779541,0.5406000018119812
YDR022C,YDL108W,0,-4.366104,0.1468917578458786,0.9309999942779541,0.5407000184059143
YML047C,YFL038C,0,-4.3663797,0.14686858654022217,0.9309999942779541,0.5407999753952026
YML060W,YJL114W,0,-4.366637,0.14684543013572693,0.9309999942779541,0.5408999919891357
YOR136W,YLR312C-B,0,-4.3668156,0.1468222737312317,0.9309999942779541,0.5410000085830688
YJL157C,YDR116C,0,-4.3669753,0.14679911732673645,0.9309999942779541,0.541100025177002
YPL242C,YGR244C,0,-4.367403,0.1467759758234024,0.9309999942779541,0.5411999821662903
YLR216C,YMR312W,0,-4.367449,0.14675283432006836,0.9309999942779541,0.5412999987602234
YML086C,YLR010C,0,-4.3674793,0.1467297077178955,0.9309999942779541,0.5414000153541565
YKL049C,YML038C,0,-4.3675046,0.14670658111572266,0.9309999942779541,0.5414999723434448
YLR353W,YPR112C,0,-4.3675222,0.146683469414711,0.9309999942779541,0.5415999889373779
YPL242C,YPL152W,0,-4.368089,0.14666037261486053,0.9309999942779541,0.541700005531311
YLR226W,YJR160C,0,-4.368279,0.14663726091384888,0.9309999942779541,0.5418000221252441
YER119C,YLR303W,0,-4.369211,0.1466141790151596,0.9309999942779541,0.5418999791145325
YDR545W,YGR211W,0,-4.3692274,0.14659108221530914,0.9309999942779541,0.5419999957084656
YPL115C,YPR120C,0,-4.3694205,0.14656801521778107,0.9309999942779541,0.5421000123023987
YBR158W,YLR100W,0,-4.3700967,0.1465449333190918,0.9309999942779541,0.5422000288963318
YKL146W,YGR147C,0,-4.3702645,0.14652188122272491,0.9309999942779541,0.5422999858856201
YDR156W,YDR363W-A,0,-4.370893,0.14649881422519684,0.9309999942779541,0.5424000024795532
YLR189C,YPR189W,0,-4.3711467,0.14647577702999115,0.9309999942779541,0.5425000190734863
YPL202C,YMR312W,0,-4.3711753,0.14645272493362427,0.9309999942779541,0.5425999760627747
YPL147W,YLR425W,0,-4.371528,0.14642968773841858,0.9309999942779541,0.5426999926567078
YLR039C,YKR053C,0,-4.3716273,0.14640666544437408,0.9309999942779541,0.5428000092506409
YFL034C-B,YOR310C,0,-4.3718815,0.1463836431503296,0.9309999942779541,0.542900025844574
YOL051W,YKL119C,0,-4.3719783,0.1463606357574463,0.9309999942779541,0.5429999828338623
YPR188C,YJL056C,0,-4.3726687,0.146337628364563,0.9309999942779541,0.5430999994277954
YOR207C,YNL283C,0,-4.3733144,0.14631463587284088,0.9309999942779541,0.5432000160217285
YHR053C,YDR037W,0,-4.3734426,0.14629164338111877,0.9309999942779541,0.5432999730110168
YLR248W,YLR275W,0,-4.373738,0.14626865088939667,0.9309999942779541,0.54339998960495
YDR308C,YDR330W,0,-4.373906,0.14624567329883575,0.9309999942779541,0.5435000061988831
YEL036C,YDR423C,0,-4.3745546,0.14622271060943604,0.9309999942779541,0.5436000227928162
YKR055W,YDR120C,0,-4.374623,0.14619974792003632,0.9309999942779541,0.5436999797821045
YPL262W,YOR217W,0,-4.3748636,0.1461768001317978,0.9309999942779541,0.5437999963760376
YOL124C,YGR241C,0,-4.3748784,0.14615385234355927,0.9309999942779541,0.5439000129699707
YOR171C,YNL209W,0,-4.3751016,0.14613090455532074,0.9309999942779541,0.5440000295639038
YBR110W,YDR263C,0,-4.3753204,0.1461079716682434,0.9309999942779541,0.5440999865531921
YMR301C,YLR226W,0,-4.3755455,0.14608505368232727,0.9309999942779541,0.5442000031471252
YOR319W,YKR053C,0,-4.375585,0.14606212079524994,0.9309999942779541,0.5443000197410583
YPR057W,YER009W,0,-4.3758416,0.146039217710495,0.9309999942779541,0.5443999767303467
YFR028C,YBL102W,0,-4.3771677,0.14601631462574005,0.9309999942779541,0.5444999933242798
YAL020C,YIL077C,0,-4.37735,0.1459934115409851,0.9309999942779541,0.5446000099182129
YOR240W,YDR470C,0,-4.3776317,0.14597052335739136,0.9309999942779541,0.544700026512146
YBR131W,YDL212W,0,-4.377691,0.1459476351737976,0.9309999942779541,0.5447999835014343
YOR063W,YGL028C,0,-4.3779674,0.14592476189136505,0.9309999942779541,0.5449000000953674
YDR518W,YGL011C,0,-4.378307,0.1459019035100937,0.9309999942779541,0.5450000166893005
YPR032W,YEL012W,0,-4.3787575,0.14587903022766113,0.9309999942779541,0.5450999736785889
YAL058W,YFR030W,0,-4.378774,0.14585618674755096,0.9309999942779541,0.545199990272522
YHR091C,YJL192C,0,-4.3790054,0.1458333283662796,0.9309999942779541,0.5453000068664551
YER017C,YNR044W,0,-4.3792553,0.14581049978733063,0.9309999942779541,0.5454000234603882
YNL023C,YLR337W,0,-4.379379,0.14578765630722046,0.9309999942779541,0.5454999804496765
YKL212W,YLL017W,0,-4.379472,0.14576482772827148,0.9309999942779541,0.5455999970436096
YOR217W,YOR095C,0,-4.3796263,0.1457420140504837,0.9309999942779541,0.5457000136375427
YNL101W,YGR059W,0,-4.3801036,0.14571920037269592,0.9309999942779541,0.545799970626831
YDR434W,YLL061W,0,-4.380605,0.14569640159606934,0.9309999942779541,0.5458999872207642
YML061C,YGR209C,0,-4.380679,0.14567360281944275,0.9309999942779541,0.5460000038146973
YHR174W,YOR353C,0,-4.3812323,0.14565081894397736,0.9309999942779541,0.5461000204086304
YBL085W,YJL219W,0,-4.3815737,0.14562803506851196,0.9309999942779541,0.5461999773979187
YMR280C,YOL003C,0,-4.3820024,0.14560525119304657,0.9309999942779541,0.5462999939918518
YNR058W,YIL010W,0,-4.382025,0.14558248221874237,0.9309999942779541,0.5464000105857849
YKR066C,YLL043W,0,-4.382086,0.14555972814559937,0.9309999942779541,0.546500027179718
YKL208W,YHR214C-B,0,-4.382196,0.14553697407245636,0.9309999942779541,0.5465999841690063
YPL153C,YIL056W,0,-4.382337,0.14551421999931335,0.9309999942779541,0.5467000007629395
YDR513W,YDL080C,0,-4.383108,0.14549148082733154,0.9309999942779541,0.5468000173568726
YJR035W,YDR103W,0,-4.383424,0.14546875655651093,0.9309999942779541,0.5468999743461609
YDR147W,YER006W,0,-4.3836956,0.1454460173845291,0.9309999942779541,0.546999990940094
YIL079C,YDL079C,0,-4.3846087,0.1454233080148697,0.9309999942779541,0.5471000075340271
YDL106C,YOL110W,0,-4.384664,0.14540059864521027,0.9309999942779541,0.5472000241279602
YDR437W,YDL051W,0,-4.3847404,0.14537788927555084,0.9309999942779541,0.5472999811172485
YPR185W,YDR495C,0,-4.3849874,0.1453551948070526,0.9309999942779541,0.5473999977111816
YAL059W,YJL187C,0,-4.3850217,0.14533250033855438,0.9309999942779541,0.5475000143051147
YDR214W,YOL138C,0,-4.385473,0.14530982077121735,0.9309999942779541,0.5475999712944031
YOR039W,YLL034C,0,-4.385475,0.1452871412038803,0.9309999942779541,0.5476999878883362
YOR149C,YJR086W,0,-4.3860035,0.14526447653770447,0.9309999942779541,0.5478000044822693
YKL138C-A,YGL168W,0,-4.386399,0.14524181187152863,0.9309999942779541,0.5479000210762024
YGR109C,YMR048W,0,-4.386782,0.14521914720535278,0.9309999942779541,0.5479999780654907
YJL129C,YHR012W,0,-4.3868656,0.14519651234149933,0.9309999942779541,0.5480999946594238
YLR295C,YCL003W,0,-4.386917,0.14517386257648468,0.9309999942779541,0.5482000112533569
YGR254W,YML019W,0,-4.387061,0.14515122771263123,0.9309999942779541,0.54830002784729
YBL097W,YKL053C-A,0,-4.3872123,0.14512860774993896,0.9309999942779541,0.5483999848365784
YPL160W,YJL074C,0,-4.3878503,0.1451059877872467,0.9309999942779541,0.5485000014305115
YJL008C,YGR122W,0,-4.388178,0.14508336782455444,0.9309999942779541,0.5486000180244446
YJR069C,YNL294C,0,-4.388426,0.14506076276302338,0.9309999942779541,0.5486999750137329
YLR106C,YOR049C,0,-4.388555,0.1450381726026535,0.9309999942779541,0.548799991607666
YLR448W,YDL185W,0,-4.389824,0.14501558244228363,0.9309999942779541,0.5489000082015991
YHR008C,YBR111W-A,0,-4.3898387,0.14499299228191376,0.9309999942779541,0.5490000247955322
YML126C,YPL190C,0,-4.390309,0.14497041702270508,0.9309999942779541,0.5490999817848206
YER031C,YBL100W-B,0,-4.3906293,0.1449478417634964,0.9309999942779541,0.5491999983787537
YPR133W-A,YGR221C,0,-4.3907123,0.1449252814054489,0.9309999942779541,0.5493000149726868
YKL084W,YBL005W-A,0,-4.39169,0.14490272104740143,0.9309999942779541,0.5493999719619751
YOR067C,YMR035W,0,-4.3917966,0.14488017559051514,0.9309999942779541,0.5494999885559082
YML036W,YNL117W,0,-4.3919663,0.14485763013362885,0.9309999942779541,0.5496000051498413
YDR376W,YER026C,0,-4.3922505,0.14483509957790375,0.9309999942779541,0.5497000217437744
YNL307C,YDR086C,0,-4.392336,0.14481256902217865,0.9309999942779541,0.5497999787330627
YJR047C,YNL227C,0,-4.392576,0.14479005336761475,0.9309999942779541,0.5498999953269958
YLR231C,YHR083W,0,-4.393243,0.14476753771305084,0.9309999942779541,0.550000011920929
YJR057W,YPL019C,0,-4.393331,0.14474502205848694,0.9309999942779541,0.5501000285148621
YJL143W,YNL299W,0,-4.393424,0.14472252130508423,0.9309999942779541,0.5501999855041504
YMR128W,YMR011W,0,-4.3935103,0.1447000354528427,0.9309999942779541,0.5503000020980835
YMR070W,YKR053C,0,-4.394008,0.1446775496006012,0.9309999942779541,0.5504000186920166
YBR164C,YJL018W,0,-4.394124,0.14465506374835968,0.9309999942779541,0.5504999756813049
YOR094W,YBR035C,0,-4.3965225,0.14463259279727936,0.9309999942779541,0.550599992275238
YPL007C,YLR003C,0,-4.396812,0.14461012184619904,0.9309999942779541,0.5507000088691711
YPL202C,YHR060W,0,-4.397059,0.1445876657962799,0.9309999942779541,0.5508000254631042
YOL060C,YFL017W-A,0,-4.3974032,0.14456522464752197,0.9309999942779541,0.5508999824523926
YLR442C,YOR290C,1,-4.397441,0.14469802379608154,0.9319999814033508,0.5508999824523926
YPR199C,YCR035C,0,-4.3978157,0.14467556774616241,0.9319999814033508,0.5509999990463257
YPR135W,YGR166W,0,-4.3979917,0.1446531116962433,0.9319999814033508,0.5511000156402588
YMR303C,YML040W,0,-4.3981643,0.14463067054748535,0.9319999814033508,0.5511999726295471
YCR026C,YBR257W,0,-4.3984656,0.14460822939872742,0.9319999814033508,0.5512999892234802
YER108C,YJL124C,0,-4.398578,0.14458578824996948,0.9319999814033508,0.5514000058174133
YGL003C,YPL037C,0,-4.398612,0.14456336200237274,0.9319999814033508,0.5515000224113464
YPL119C,YHR203C,0,-4.398967,0.144540935754776,0.9319999814033508,0.5515999794006348
YCR034W,YIL139C,0,-4.3993273,0.14451852440834045,0.9319999814033508,0.5516999959945679
YOL165C,YNR044W,0,-4.3995214,0.1444961279630661,0.9319999814033508,0.551800012588501
YCR020C-A,YML019W,0,-4.3997626,0.14447373151779175,0.9319999814033508,0.5519000291824341
YPL177C,YIL016W,0,-4.4002986,0.1444513350725174,0.9319999814033508,0.5519999861717224
YCR010C,YBR043C,0,-4.400378,0.14442895352840424,0.9319999814033508,0.5521000027656555
YLR320W,YOR341W,0,-4.4004498,0.14440657198429108,0.9319999814033508,0.5522000193595886
YPR005C,YBR024W,0,-4.400459,0.1443842053413391,0.9319999814033508,0.552299976348877
YBL093C,YPL019C,0,-4.400621,0.14436183869838715,0.9319999814033508,0.5523999929428101
YBL069W,YIL029C,0,-4.4013147,0.14433947205543518,0.9319999814033508,0.5525000095367432
YMR172W,YKR007W,0,-4.401392,0.1443171203136444,0.9319999814033508,0.5526000261306763
YFR014C,YNL064C,0,-4.401761,0.14429478347301483,0.9319999814033508,0.5526999831199646
YGL216W,YJR059W,0,-4.4023576,0.14427244663238525,0.9319999814033508,0.5527999997138977
YKL101W,YOR171C,0,-4.4025216,0.14425010979175568,0.9319999814033508,0.5529000163078308
YGR288W,YDR494W,0,-4.4027624,0.1442277878522873,0.9319999814033508,0.5529999732971191
YPR067W,YGR004W,0,-4.402816,0.1442054808139801,0.9319999814033508,0.5530999898910522
YFL041W,YLR448W,0,-4.4030576,0.1441831737756729,0.9319999814033508,0.5532000064849854
YNL281W,YEL020W-A,0,-4.403686,0.14416086673736572,0.9319999814033508,0.5533000230789185
YPR021C,YJL012C,0,-4.403784,0.14413857460021973,0.9319999814033508,0.5533999800682068
YLL008W,YGR220C,0,-4.40385,0.14411628246307373,0.9319999814033508,0.5534999966621399
YCL060C,YKR101W,1,-4.404944,0.1442486047744751,0.9330000281333923,0.5534999966621399
YGR147C,YJR009C,0,-4.404988,0.1442263126373291,0.9330000281333923,0.553600013256073
YJL063C,YDL190C,0,-4.4050155,0.1442040205001831,0.9330000281333923,0.5536999702453613
YDR069C,YML107C,0,-4.405043,0.1441817283630371,0.9330000281333923,0.5537999868392944
YHR031C,YPL214C,0,-4.4054475,0.1441594511270523,0.9330000281333923,0.5539000034332275
YKR068C,YMR199W,0,-4.405883,0.1441371887922287,0.9330000281333923,0.5540000200271606
YNL001W,YLR132C,0,-4.406133,0.1441149264574051,0.9330000281333923,0.554099977016449
YJR094C,YCR055C,0,-4.407004,0.14409266412258148,0.9330000281333923,0.5541999936103821
YNL261W,YMR022W,1,-4.407152,0.1442248374223709,0.9340000152587891,0.5541999936103821
YER028C,YKL041W,0,-4.4075937,0.1442025601863861,0.9340000152587891,0.5543000102043152
YHR108W,YIL053W,0,-4.4077673,0.1441802978515625,0.9340000152587891,0.5544000267982483
YER145C,YJL219W,0,-4.4081078,0.14415805041790009,0.9340000152587891,0.5544999837875366
YOR267C,YHR120W,0,-4.40867,0.14413580298423767,0.9340000152587891,0.5546000003814697
YIR028W,YIL013C,0,-4.408773,0.14411355555057526,0.9340000152587891,0.5547000169754028
YHR068W,YPL209C,0,-4.4088235,0.14409132301807404,0.9340000152587891,0.5547999739646912
YOL065C,YLR075W,0,-4.4092555,0.144069105386734,0.9340000152587891,0.5548999905586243
YLR163C,YHR167W,0,-4.4098787,0.14404688775539398,0.9340000152587891,0.5550000071525574
YGL187C,YNL323W,0,-4.4112315,0.14402467012405396,0.9340000152587891,0.5551000237464905
YOL077C,YJL186W,0,-4.411284,0.14400246739387512,0.9340000152587891,0.5551999807357788
YPL078C,YFL002C,0,-4.4114556,0.1439802646636963,0.9340000152587891,0.5552999973297119
YHR174W,YAL044C,0,-4.4118485,0.14395807683467865,0.9340000152587891,0.555400013923645
YDR009W,YER018C,0,-4.4119287,0.143935889005661,0.9340000152587891,0.5554999709129333
YNL027W,YOL147C,0,-4.4120564,0.14391371607780457,0.9340000152587891,0.5555999875068665
YGR225W,YOL061W,0,-4.412618,0.14389154314994812,0.9340000152587891,0.5557000041007996
YGR225W,YAR007C,0,-4.412673,0.14386938512325287,0.9340000152587891,0.5558000206947327
YGR147C,YOR069W,0,-4.4133196,0.14384722709655762,0.9340000152587891,0.555899977684021
YKL205W,YDL077C,0,-4.4134884,0.14382506906986237,0.9340000152587891,0.5559999942779541
YDR043C,YJR059W,0,-4.413588,0.1438029259443283,0.9340000152587891,0.5561000108718872
YIL046W,YJR112W,0,-4.413668,0.14378078281879425,0.9340000152587891,0.5562000274658203
YDR499W,YBR126C,0,-4.4153256,0.1437586545944214,0.9340000152587891,0.5562999844551086
YBL046W,YKL088W,0,-4.4154863,0.14373654127120972,0.9340000152587891,0.5564000010490417
YKR066C,YLR210W,0,-4.415522,0.14371441304683685,0.9340000152587891,0.5565000176429749
YDL185W,YKL099C,0,-4.415601,0.14369231462478638,0.9340000152587891,0.5565999746322632
YGL143C,YGR222W,0,-4.4158435,0.1436702013015747,0.9340000152587891,0.5566999912261963
YPL046C,YBR296C,0,-4.4160247,0.14364810287952423,0.9340000152587891,0.5568000078201294
YPR133W-A,YGL210W,0,-4.4162564,0.14362601935863495,0.9340000152587891,0.5569000244140625
YDR245W,YKL075C,0,-4.416399,0.14360393583774567,0.9340000152587891,0.5569999814033508
YDL212W,YJL059W,0,-4.416631,0.14358186721801758,0.9340000152587891,0.5570999979972839
YDR164C,YFL058W,0,-4.4170985,0.1435597836971283,0.9340000152587891,0.557200014591217
YER094C,YMR239C,0,-4.4173946,0.1435377299785614,0.9340000152587891,0.5572999715805054
YOL123W,YBR159W,0,-4.4175687,0.1435156762599945,0.9340000152587891,0.5573999881744385
YOL013C,YGR074W,0,-4.41779,0.1434936225414276,0.9340000152587891,0.5575000047683716
YGL078C,YKL032C,0,-4.418699,0.1434715837240219,0.9340000152587891,0.5576000213623047
YER035W,YDR251W,0,-4.419164,0.1434495449066162,0.9340000152587891,0.557699978351593
YBR233W-A,YOR341W,0,-4.4195743,0.1434275209903717,0.9340000152587891,0.5577999949455261
YDR423C,YLR039C,0,-4.419954,0.1434054970741272,0.9340000152587891,0.5579000115394592
YKR026C,YBL005W-A,0,-4.4200664,0.14338348805904388,0.9340000152587891,0.5580000281333923
YNL328C,YLR337W,0,-4.420297,0.14336147904396057,0.9340000152587891,0.5580999851226807
YIL051C,YDR116C,0,-4.4205756,0.14333947002887726,0.9340000152587891,0.5582000017166138
YLR423C,YER173W,0,-4.4206376,0.14331747591495514,0.9340000152587891,0.5583000183105469
YFL011W,YJL063C,0,-4.420675,0.1432954967021942,0.9340000152587891,0.5583999752998352
YKR052C,YDL235C,0,-4.4210877,0.1432735025882721,0.9340000152587891,0.5584999918937683
YKL059C,YGR030C,0,-4.4216075,0.14325153827667236,0.9340000152587891,0.5586000084877014
YMR202W,YDR162C,0,-4.421667,0.14322955906391144,0.9340000152587891,0.5587000250816345
YHR163W,YIL023C,0,-4.4219193,0.1432076096534729,0.9340000152587891,0.5587999820709229
YPR193C,YCR084C,1,-4.4234385,0.14333894848823547,0.9350000023841858,0.5587999820709229
YBL017C,YLR022C,0,-4.4237356,0.14331698417663574,0.9350000023841858,0.558899998664856
YJL011C,YKL203C,0,-4.4239388,0.143295019865036,0.9350000023841858,0.5590000152587891
YPL202C,YIL022W,0,-4.424272,0.14327305555343628,0.9350000023841858,0.5590999722480774
YPL100W,YML073C,0,-4.4243393,0.14325110614299774,0.9350000023841858,0.5591999888420105
YAL033W,YER162C,0,-4.424826,0.1432291716337204,0.9350000023841858,0.5593000054359436
YIR013C,YMR311C,0,-4.4255657,0.14320722222328186,0.9350000023841858,0.5594000220298767
YNL001W,YDR160W,0,-4.4257555,0.1431853026151657,0.9350000023841858,0.559499979019165
YOL149W,YML045W,0,-4.426922,0.14316336810588837,0.9350000023841858,0.5595999956130981
YOR240W,YJL074C,0,-4.4276485,0.1431414633989334,0.9350000023841858,0.5597000122070312
YBR029C,YNL311C,0,-4.428307,0.14311954379081726,0.9350000023841858,0.5598000288009644
YHR042W,YDL052C,0,-4.428506,0.1430976390838623,0.9350000023841858,0.5598999857902527
YDR055W,YDR285W,0,-4.428531,0.14307574927806854,0.9350000023841858,0.5600000023841858
YJR057W,YJL198W,0,-4.429039,0.14305385947227478,0.9350000023841858,0.5601000189781189
YGR075C,YOR224C,0,-4.429866,0.14303196966648102,0.9350000023841858,0.5601999759674072
YOL135C,YPL163C,0,-4.4303317,0.14301009476184845,0.9350000023841858,0.5602999925613403
YHR065C,YDL217C,0,-4.430758,0.14298821985721588,0.9350000023841858,0.5604000091552734
YBL030C,YLR305C,0,-4.4309435,0.1429663598537445,0.9350000023841858,0.5605000257492065
YMR100W,YPL218W,0,-4.4310637,0.14294449985027313,0.9350000023841858,0.5605999827384949
YIL019W,YLR135W,0,-4.4314065,0.14292265474796295,0.9350000023841858,0.560699999332428
YDL148C,YCL062W,0,-4.431637,0.14290080964565277,0.9350000023841858,0.5608000159263611
YJR155W,YLR116W,0,-4.432055,0.14287897944450378,0.9350000023841858,0.5608999729156494
YOR320C,YNL061W,0,-4.43228,0.1428571492433548,0.9350000023841858,0.5609999895095825
YGR145W,YCR028C,0,-4.4324813,0.1428353190422058,0.9350000023841858,0.5611000061035156
YOR005C,YBR117C,0,-4.432531,0.14281350374221802,0.9350000023841858,0.5612000226974487
YOR040W,YHR194W,0,-4.43279,0.14279168844223022,0.9350000023841858,0.5612999796867371
YMR186W,YHR042W,0,-4.43305,0.14276988804340363,0.9350000023841858,0.5613999962806702
YDR088C,YLR006C,0,-4.43327,0.14274808764457703,0.9350000023841858,0.5615000128746033
YNL068C,YDR456W,0,-4.433334,0.14272630214691162,0.9350000023841858,0.5616000294685364
YER159C,YML080W,0,-4.433785,0.14270451664924622,0.9350000023841858,0.5616999864578247
YPL275W,YOR353C,0,-4.433977,0.142682746052742,0.9350000023841858,0.5618000030517578
YIL014W,YHR008C,0,-4.434068,0.1426609754562378,0.9350000023841858,0.5619000196456909
YLR228C,YNL294C,0,-4.4341683,0.14263920485973358,0.9350000023841858,0.5619999766349792
YLR248W,YOR295W,0,-4.434458,0.14261744916439056,0.9350000023841858,0.5620999932289124
YBL084C,YJR035W,0,-4.434468,0.14259569346904755,0.9350000023841858,0.5622000098228455
YDR518W,YLL017W,0,-4.4351287,0.14257395267486572,0.9350000023841858,0.5623000264167786
YGR280C,YLR075W,0,-4.435224,0.1425522118806839,0.9350000023841858,0.5623999834060669
YGR204W,YMR047C,0,-4.4353423,0.14253048598766327,0.9350000023841858,0.5625
YNR007C,YBR118W,0,-4.435637,0.14250876009464264,0.9350000023841858,0.5626000165939331
YPR141C,YAR044W,0,-4.435758,0.1424870491027832,0.9350000023841858,0.5626999735832214
YOR233W,YDR322C-A,0,-4.43583,0.14246533811092377,0.9350000023841858,0.5627999901771545
YJL010C,YHR039C-B,0,-4.4358587,0.14244362711906433,0.9350000023841858,0.5629000067710876
YNL293W,YJL001W,0,-4.436191,0.1424219310283661,0.9350000023841858,0.5630000233650208
YDL081C,YML029W,0,-4.43639,0.14240024983882904,0.9350000023841858,0.5630999803543091
YMR219W,YER169W,1,-4.436448,0.14253082871437073,0.9359999895095825,0.5630999803543091
YML077W,YMR050C,0,-4.436701,0.14250913262367249,0.9359999895095825,0.5631999969482422
YBL097W,YBR256C,0,-4.4370627,0.14248743653297424,0.9359999895095825,0.5633000135421753
YDR294C,YJL061W,0,-4.437265,0.1424657553434372,0.9359999895095825,0.5633999705314636
YDR512C,YGR132C,0,-4.4374237,0.14244407415390015,0.9359999895095825,0.5634999871253967
YFR009W,YBR024W,0,-4.4378357,0.1424223929643631,0.9359999895095825,0.5636000037193298
YCR034W,YMR076C,0,-4.4378414,0.14240072667598724,0.9359999895095825,0.5637000203132629
YMR220W,YHL031C,0,-4.439036,0.14237907528877258,0.9359999895095825,0.5637999773025513
YKL040C,YMR309C,0,-4.439069,0.14235740900039673,0.9359999895095825,0.5638999938964844
YEL031W,YMR050C,0,-4.439125,0.14233577251434326,0.9359999895095825,0.5640000104904175
YMR184W,YGR120C,0,-4.4392695,0.1423141211271286,0.9359999895095825,0.5641000270843506
YKR066C,YAR009C,0,-4.439378,0.14229248464107513,0.9359999895095825,0.5641999840736389
YJR068W,YJR145C,0,-4.439552,0.14227086305618286,0.9359999895095825,0.564300000667572
YMR137C,YOR341W,0,-4.439811,0.1422492414712906,0.9359999895095825,0.5644000172615051
YBR090C-A,YGL112C,1,-4.4398174,0.14237958192825317,0.9369999766349792,0.5644000172615051
YBL018C,YBR152W,0,-4.4401097,0.1423579454421997,0.9369999766349792,0.5644999742507935
YOR074C,YPL200W,0,-4.4405336,0.14233632385730743,0.9369999766349792,0.5645999908447266
YPR029C,YIL017C,0,-4.4411297,0.14231470227241516,0.9369999766349792,0.5647000074386597
YKR009C,YBL025W,0,-4.4412313,0.14229309558868408,0.9369999766349792,0.5648000240325928
YHR031C,YFL017W-A,0,-4.4412737,0.142271488904953,0.9369999766349792,0.5648999810218811
YDL059C,YOR110W,0,-4.4415307,0.14224988222122192,0.9369999766349792,0.5649999976158142
YOR136W,YLR026C,0,-4.4418135,0.14222829043865204,0.9369999766349792,0.5651000142097473
YML012W,YLR316C,0,-4.4418774,0.14220671355724335,0.9369999766349792,0.5651999711990356
YFL017W-A,YDL201W,0,-4.4418874,0.14218512177467346,0.9369999766349792,0.5652999877929688
YKL064W,YBL100W-B,0,-4.441934,0.14216355979442596,0.9369999766349792,0.5654000043869019
YMR280C,YBR237W,0,-4.441987,0.14214198291301727,0.9369999766349792,0.565500020980835
YNL133C,YPR009W,0,-4.442381,0.14212043583393097,0.9369999766349792,0.5655999779701233
YPR002W,YIL147C,0,-4.44258,0.14209887385368347,0.9369999766349792,0.5656999945640564
YML112W,YBR105C,0,-4.444117,0.14207732677459717,0.9369999766349792,0.5658000111579895
YPL163C,YNR039C,0,-4.4452877,0.14205579459667206,0.9369999766349792,0.5659000277519226
YBR192W,YMR313C,0,-4.4453197,0.14203426241874695,0.9369999766349792,0.5659999847412109
YDL101C,YKL056C,0,-4.4459524,0.14201273024082184,0.9369999766349792,0.566100001335144
YHR123W,YBR069C,0,-4.446662,0.14199121296405792,0.9369999766349792,0.5662000179290771
YDR400W,YHR039C-A,0,-4.446711,0.141969695687294,0.9369999766349792,0.5662999749183655
YGL226C-A,YLR372W,0,-4.447118,0.14194819331169128,0.9369999766349792,0.5663999915122986
YOL063C,YBR069C,0,-4.447538,0.14192669093608856,0.9369999766349792,0.5665000081062317
YCL031C,YEL041W,0,-4.4490447,0.14190518856048584,0.9369999766349792,0.5666000247001648
YNL101W,YNL039W,0,-4.4490957,0.1418837010860443,0.9369999766349792,0.5666999816894531
YLR342W,YAR002W,0,-4.449173,0.14186222851276398,0.9369999766349792,0.5667999982833862
YCR055C,YBR165W,0,-4.449481,0.14184075593948364,0.9369999766349792,0.5669000148773193
YLR210W,YJL100W,0,-4.4499683,0.1418192833662033,0.9369999766349792,0.5669999718666077
YCR055C,YNL310C,0,-4.450086,0.14179782569408417,0.9369999766349792,0.5670999884605408
YNL030W,YKR019C,1,-4.450997,0.14192767441272736,0.9380000233650208,0.5670999884605408
YDR447C,YDR407C,0,-4.451184,0.14190620183944702,0.9380000233650208,0.5672000050544739
YJR125C,YMR112C,0,-4.4512916,0.14188474416732788,0.9380000233650208,0.567300021648407
YOR005C,YNR043W,0,-4.4514475,0.14186327159404755,0.9380000233650208,0.5673999786376953
YMR199W,YBR207W,0,-4.4515605,0.1418418288230896,0.9380000233650208,0.5674999952316284
YMR188C,YGL094C,0,-4.452181,0.14182038605213165,0.9380000233650208,0.5676000118255615
YLR310C,YMR142C,0,-4.4523644,0.1417989432811737,0.9380000233650208,0.5677000284194946
YGL084C,YOR217W,0,-4.452376,0.14177751541137695,0.9380000233650208,0.567799985408783
YIL115C,YHR014W,0,-4.452466,0.1417560875415802,0.9380000233650208,0.5679000020027161
YBL005W,YJR009C,0,-4.4526296,0.14173465967178345,0.9380000233650208,0.5680000185966492
YNL025C,YDL190C,0,-4.45264,0.1417132467031479,0.9380000233650208,0.5680999755859375
YMR150C,YML049C,0,-4.4528737,0.14169184863567352,0.9380000233650208,0.5681999921798706
YPL255W,YCR055C,0,-4.453601,0.14167043566703796,0.9380000233650208,0.5683000087738037
YDR494W,YNR064C,0,-4.4536686,0.1416490525007248,0.9380000233650208,0.5684000253677368
YBL025W,YPL092W,0,-4.453836,0.14162765443325043,0.9380000233650208,0.5684999823570251
YHR191C,YOR332W,0,-4.454,0.14160628616809845,0.9380000233650208,0.5685999989509583
YHR067W,YAL068C,0,-4.45412,0.14158490300178528,0.9380000233650208,0.5687000155448914
YDR385W,YPL126W,0,-4.45413,0.1415635347366333,0.9380000233650208,0.5687999725341797
YLR459W,YMR095C,0,-4.457512,0.14154218137264252,0.9380000233650208,0.5688999891281128
YEL019C,YEL020W-A,0,-4.457621,0.14152082800865173,0.9380000233650208,0.5690000057220459
YGL223C,YDR265W,0,-4.458378,0.14149947464466095,0.9380000233650208,0.569100022315979
YGR147C,YDR285W,0,-4.4585075,0.14147813618183136,0.9380000233650208,0.5691999793052673
YDR079W,YDL217C,0,-4.4589,0.14145679771900177,0.9380000233650208,0.5692999958992004
YMR186W,YDR120C,0,-4.458963,0.14143545925617218,0.9380000233650208,0.5694000124931335
YPL031C,YPR133W-A,0,-4.459232,0.14141413569450378,0.9380000233650208,0.5695000290870667
YAL003W,YOR328W,0,-4.46011,0.14139282703399658,0.9380000233650208,0.569599986076355
YGR204W,YPL176C,0,-4.4601607,0.14137151837348938,0.9380000233650208,0.5697000026702881
YBR243C,YDR446W,0,-4.4604635,0.14135020971298218,0.9380000233650208,0.5698000192642212
YMR097C,YGR047C,0,-4.4605517,0.14132891595363617,0.9380000233650208,0.5698999762535095
YER052C,YKR065C,0,-4.460627,0.14130762219429016,0.9380000233650208,0.5699999928474426
YNR011C,YDR058C,0,-4.460809,0.14128634333610535,0.9380000233650208,0.5701000094413757
YJL186W,YOR329C,0,-4.4614396,0.14126506447792053,0.9380000233650208,0.5702000260353088
YJL014W,YHL048W,0,-4.46155,0.14124378561973572,0.9380000233650208,0.5702999830245972
YDR118W,YCR062W,0,-4.4616284,0.1412225216627121,0.9380000233650208,0.5703999996185303
YBL058W,YIL082W-A,0,-4.4619436,0.14120125770568848,0.9380000233650208,0.5705000162124634
YLR312C-B,YJR086W,0,-4.4632144,0.14118000864982605,0.9380000233650208,0.5705999732017517
YGR188C,YHR174W,0,-4.4634314,0.14115875959396362,0.9380000233650208,0.5706999897956848
YCL033C,YNR047W,0,-4.464285,0.1411375254392624,0.9380000233650208,0.5708000063896179
YNL062C,YLR234W,0,-4.4643893,0.14111629128456116,0.9380000233650208,0.570900022983551
YJL018W,YMR309C,0,-4.464526,0.14109507203102112,0.9380000233650208,0.5709999799728394
YJL062W,YPL171C,0,-4.4647484,0.14107385277748108,0.9380000233650208,0.5710999965667725
YIL019W,YLR372W,0,-4.46481,0.14105263352394104,0.9380000233650208,0.5712000131607056
YNL275W,YJL089W,0,-4.464854,0.1410314291715622,0.9380000233650208,0.5713000297546387
YPL231W,YGR089W,0,-4.465022,0.14101022481918335,0.9380000233650208,0.571399986743927
YNR027W,YBL014C,0,-4.466448,0.1409890204668045,0.9380000233650208,0.5715000033378601
YHR203C,YLR020C,0,-4.466652,0.14096784591674805,0.9380000233650208,0.5716000199317932
YLR025W,YJR045C,0,-4.4666934,0.1409466564655304,0.9380000233650208,0.5716999769210815
YPL255W,YGR044C,0,-4.4670434,0.14092548191547394,0.9380000233650208,0.5717999935150146
YHR059W,YJL089W,0,-4.4672947,0.14090430736541748,0.9380000233650208,0.5719000101089478
YLR354C,YOR089C,0,-4.4676647,0.14088314771652222,0.9380000233650208,0.5720000267028809
YPL037C,YBR024W,0,-4.4677153,0.14086198806762695,0.9380000233650208,0.5720999836921692
YDR437W,YOR341W,0,-4.468163,0.14084084331989288,0.9380000233650208,0.5722000002861023
YPR021C,YKL200C,0,-4.4682493,0.1408196985721588,0.9380000233650208,0.5723000168800354
YDR151C,YDL118W,0,-4.4693108,0.14079855382442474,0.9380000233650208,0.5723999738693237
YPL012W,YDR460W,0,-4.469864,0.14077742397785187,0.9380000233650208,0.5724999904632568
YHR160C,YBR012W-A,0,-4.4700336,0.14075630903244019,0.9380000233650208,0.5726000070571899
YEL029C,YGR166W,0,-4.4701123,0.1407351791858673,0.9380000233650208,0.572700023651123
YBR164C,YGL136C,0,-4.470461,0.14071406424045563,0.9380000233650208,0.5727999806404114
YPL137C,YOR243C,0,-4.4706388,0.14069296419620514,0.9380000233650208,0.5728999972343445
YLR059C,YER118C,0,-4.4713573,0.14067186415195465,0.9380000233650208,0.5730000138282776
YNL094W,YDR503C,0,-4.4717655,0.14065077900886536,0.9380000233650208,0.5730999708175659
YGR227W,YPL096W,0,-4.4726853,0.14062967896461487,0.9380000233650208,0.573199987411499
YML121W,YGL097W,0,-4.472855,0.14060860872268677,0.9380000233650208,0.5733000040054321
YOR245C,YDL116W,0,-4.4729557,0.14058752357959747,0.9380000233650208,0.5734000205993652
YDR085C,YOR089C,0,-4.473255,0.14056646823883057,0.9380000233650208,0.5734999775886536
YML103C,YOR272W,0,-4.473451,0.14054539799690247,0.9380000233650208,0.5735999941825867
YPL227C,YHR070W,0,-4.4736085,0.14052434265613556,0.9380000233650208,0.5737000107765198
YPL061W,YNL042W,0,-4.4738984,0.14050330221652985,0.9380000233650208,0.5738000273704529
YLL042C,YHL038C,0,-4.4739995,0.14048224687576294,0.9380000233650208,0.5738999843597412
YMR305C,YKL081W,0,-4.4746513,0.14046122133731842,0.9380000233650208,0.5740000009536743
YKR065C,YJL026W,0,-4.474772,0.1404401808977127,0.9380000233650208,0.5741000175476074
YKR003W,YHR034C,0,-4.474849,0.1404191553592682,0.9380000233650208,0.5741999745368958
YBL050W,YMR140W,0,-4.4752736,0.14039814472198486,0.9380000233650208,0.5742999911308289
YOR034C,YDR188W,0,-4.4753995,0.14037713408470154,0.9380000233650208,0.574400007724762
YDR343C,YOR221C,0,-4.4762325,0.1403561234474182,0.9380000233650208,0.5745000243186951
YIL112W,YPR193C,1,-4.47636,0.1404847353696823,0.9390000104904175,0.5745000243186951
YLR148W,YOR054C,0,-4.4766035,0.140463724732399,0.9390000104904175,0.5745999813079834
YGR003W,YJR145C,0,-4.4776883,0.14044271409511566,0.9390000104904175,0.5746999979019165
YCL043C,YDR418W,0,-4.4788246,0.14042171835899353,0.9390000104904175,0.5748000144958496
YBL084C,YHL012W,0,-4.478853,0.1404007226228714,0.9390000104904175,0.5748999714851379
YKL005C,YJL164C,0,-4.4791474,0.14037972688674927,0.9390000104904175,0.574999988079071
YGR003W,YJL190C,0,-4.4792714,0.14035874605178833,0.9390000104904175,0.5751000046730042
YMR129W,YAR009C,0,-4.4794526,0.1403377652168274,0.9390000104904175,0.5752000212669373
YDR446W,YGR251W,0,-4.479977,0.14031679928302765,0.9390000104904175,0.5752999782562256
YOR144C,YHR072W-A,0,-4.480197,0.1402958333492279,0.9390000104904175,0.5753999948501587
YPL249C,YOL013C,0,-4.4802113,0.14027486741542816,0.9390000104904175,0.5755000114440918
YMR202W,YMR054W,0,-4.4804935,0.1402539163827896,0.9390000104904175,0.5756000280380249
YER026C,YIL147C,0,-4.480669,0.14023298025131226,0.9390000104904175,0.5756999850273132
YOR018W,YGR059W,0,-4.480982,0.1402120292186737,0.9390000104904175,0.5758000016212463
YIL021W,YOL127W,0,-4.480991,0.14019110798835754,0.9390000104904175,0.5759000182151794
YDR122W,YDR289C,0,-4.4811087,0.1401701718568802,0.9390000104904175,0.5759999752044678
YOR346W,YJL036W,0,-4.4818306,0.14014925062656403,0.9390000104904175,0.5760999917984009
YOL010W,YJL173C,0,-4.4819207,0.14012834429740906,0.9390000104904175,0.576200008392334
YJL106W,YLL036C,0,-4.4821305,0.1401074379682541,0.9390000104904175,0.5763000249862671
YOR373W,YMR076C,0,-4.4825993,0.14008653163909912,0.9390000104904175,0.5763999819755554
YHL048W,YER094C,0,-4.4826646,0.14006562530994415,0.9390000104904175,0.5764999985694885
YDR130C,YIL135C,0,-4.4828086,0.14004474878311157,0.9390000104904175,0.5766000151634216
YDL097C,YDR312W,0,-4.4829273,0.1400238573551178,0.9390000104904175,0.57669997215271
YBR205W,YGL236C,0,-4.4845014,0.14000298082828522,0.9390000104904175,0.5767999887466431
YOR048C,YMR216C,0,-4.4845557,0.13998210430145264,0.9390000104904175,0.5769000053405762
YDR268W,YJR132W,0,-4.4846277,0.13996124267578125,0.9390000104904175,0.5770000219345093
YBL030C,YDR300C,0,-4.484749,0.13994038105010986,0.9390000104904175,0.5770999789237976
YPL275W,YPR165W,0,-4.484915,0.13991953432559967,0.9390000104904175,0.5771999955177307
YCR072C,YIL138C,0,-4.485067,0.13989868760108948,0.9390000104904175,0.5773000121116638
YMR011W,YGR074W,0,-4.4850836,0.13987785577774048,0.9390000104904175,0.5774000287055969
YHL040C,YAR010C,0,-4.4851365,0.13985700905323029,0.9390000104904175,0.5774999856948853
YGR213C,YNL138W,0,-4.4866776,0.13983619213104248,0.9390000104904175,0.5776000022888184
YNL023C,YPR006C,0,-4.486678,0.13981536030769348,0.9390000104904175,0.5777000188827515
YLR424W,YJL141C,0,-4.486788,0.13979455828666687,0.9390000104904175,0.5777999758720398
YBR040W,YKL089W,0,-4.486807,0.13977374136447906,0.9390000104904175,0.5778999924659729
YKR027W,YDR011W,0,-4.487064,0.13975293934345245,0.9390000104904175,0.578000009059906
YCR093W,YPR073C,0,-4.487131,0.13973213732242584,0.9390000104904175,0.5781000256538391
YPR201W,YGR086C,0,-4.487304,0.13971135020256042,0.9390000104904175,0.5781999826431274
YNR035C,YPR072W,0,-4.487722,0.139690563082695,0.9390000104904175,0.5782999992370605
YCL062W,YML115C,0,-4.488423,0.13966979086399078,0.9390000104904175,0.5784000158309937
YJR155W,YPL125W,0,-4.488556,0.13964901864528656,0.9390000104904175,0.578499972820282
YHR108W,YCL039W,0,-4.4889355,0.13962824642658234,0.9390000104904175,0.5785999894142151
YLR330W,YJR044C,0,-4.488942,0.1396074891090393,0.9390000104904175,0.5787000060081482
YFL035C-A,YML013W,0,-4.489529,0.13958674669265747,0.9390000104904175,0.5788000226020813
YGR047C,YJL059W,0,-4.4901977,0.13956598937511444,0.9390000104904175,0.5788999795913696
YKL021C,YLR055C,0,-4.490241,0.1395452469587326,0.9390000104904175,0.5789999961853027
YDR289C,YGR212W,0,-4.490256,0.13952451944351196,0.9390000104904175,0.5791000127792358
YOR240W,YDR218C,0,-4.4903464,0.13950379192829132,0.9390000104904175,0.579200029373169
YBR155W,YDR065W,0,-4.490449,0.13948306441307068,0.9390000104904175,0.5792999863624573
YNR060W,YJL034W,0,-4.490454,0.13946235179901123,0.9390000104904175,0.5794000029563904
YLL009C,YDR189W,0,-4.4914393,0.13944163918495178,0.9390000104904175,0.5795000195503235
YMR277W,YML047C,0,-4.491691,0.13942094147205353,0.9390000104904175,0.5795999765396118
YEL031W,YLR425W,0,-4.492274,0.13940024375915527,0.9390000104904175,0.5796999931335449
YOL124C,YIL173W,0,-4.492455,0.13937954604625702,0.9390000104904175,0.579800009727478
YLR453C,YPL063W,0,-4.4935036,0.13935886323451996,0.9390000104904175,0.5799000263214111
YNL164C,YKL021C,0,-4.4937725,0.1393381804227829,0.9390000104904175,0.5799999833106995
YIR019C,YNL334C,0,-4.494964,0.13931751251220703,0.9390000104904175,0.5800999999046326
YDR021W,YML039W,0,-4.4959607,0.13929684460163116,0.9390000104904175,0.5802000164985657
YEL009C,YFR004W,0,-4.496175,0.1392761766910553,0.9390000104904175,0.580299973487854
YFL009W,YMR078C,0,-4.496885,0.13925552368164062,0.9390000104904175,0.5803999900817871
YEL061C,YDR324C,0,-4.4969316,0.13923487067222595,0.9390000104904175,0.5805000066757202
YOR034C,YLR312C-B,0,-4.4978623,0.13921423256397247,0.9390000104904175,0.5806000232696533
YLR291C,YBR106W,0,-4.499364,0.139193594455719,0.9390000104904175,0.5806999802589417
YOR157C,YDR027C,0,-4.499405,0.1391729712486267,0.9390000104904175,0.5807999968528748
YKL117W,YJR028W,0,-4.4994855,0.13915234804153442,0.9390000104904175,0.5809000134468079
YLR347C,YHR004C,0,-4.499803,0.13913172483444214,0.9390000104904175,0.5809999704360962
YNR058W,YBL040C,0,-4.4998856,0.13911111652851105,0.9390000104904175,0.5810999870300293
YPL012W,YBR012W-A,0,-4.500403,0.13909050822257996,0.9390000104904175,0.5812000036239624
YDR296W,YLR107W,0,-4.5007896,0.13906989991664886,0.9390000104904175,0.5813000202178955
YPL171C,YDR129C,0,-4.5009236,0.13904930651187897,0.9390000104904175,0.5813999772071838
YOL059W,YOL028C,0,-4.5009665,0.13902872800827026,0.9390000104904175,0.5814999938011169
YMR188C,YPR155C,0,-4.501592,0.13900814950466156,0.9390000104904175,0.58160001039505
YGL018C,YNR032W,0,-4.501635,0.13898757100105286,0.9390000104904175,0.5817000269889832
YJR078W,YER114C,0,-4.5023065,0.13896699249744415,0.9390000104904175,0.5817999839782715
YMR026C,YOL020W,0,-4.5024076,0.13894642889499664,0.9390000104904175,0.5819000005722046
YOR193W,YIL147C,0,-4.50261,0.13892588019371033,0.9390000104904175,0.5820000171661377
YCR010C,YER035W,0,-4.50272,0.138905331492424,0.9390000104904175,0.582099974155426
YLL043W,YBR193C,0,-4.503323,0.1388847827911377,0.9390000104904175,0.5821999907493591
YDR276C,YMR270C,0,-4.5035195,0.13886423408985138,0.9390000104904175,0.5823000073432922
YDR245W,YLL011W,0,-4.503908,0.13884371519088745,0.9390000104904175,0.5824000239372253
YMR140W,YOL109W,0,-4.5042586,0.13882318139076233,0.9390000104904175,0.5824999809265137
YMR199W,YIL077C,0,-4.5043397,0.1388026624917984,0.9390000104904175,0.5825999975204468
YDL175C,YIL010W,0,-4.5047584,0.13878214359283447,0.9390000104904175,0.5827000141143799
YLR228C,YPR187W,0,-4.504848,0.13876163959503174,0.9390000104904175,0.5827999711036682
YBR193C,YJL056C,0,-4.505033,0.138741135597229,0.9390000104904175,0.5828999876976013
YIL114C,YDR322C-A,0,-4.505268,0.13872063159942627,0.9390000104904175,0.5830000042915344
YHR174W,YJL203W,0,-4.505602,0.13870014250278473,0.9390000104904175,0.5831000208854675
YJR155W,YCR065W,0,-4.506064,0.13867966830730438,0.9390000104904175,0.5831999778747559
YDL216C,YDR463W,0,-4.5065236,0.13865917921066284,0.9390000104904175,0.583299994468689
YNL259C,YKL113C,0,-4.5065846,0.1386387199163437,0.9390000104904175,0.5834000110626221
YPL021W,YMR076C,0,-4.5066175,0.13861824572086334,0.9390000104904175,0.5835000276565552
YLR391W-A,YAL023C,0,-4.5070357,0.1385977864265442,0.9390000104904175,0.5835999846458435
YBR159W,YGR249W,0,-4.507065,0.13857732713222504,0.9390000104904175,0.5837000012397766
YOL010W,YDR077W,0,-4.507201,0.13855688273906708,0.9390000104904175,0.5838000178337097
YJL196C,YIL129C,0,-4.5081353,0.13853643834590912,0.9390000104904175,0.583899974822998
YLR451W,YLR467W,0,-4.508169,0.13851600885391235,0.9390000104904175,0.5839999914169312
YPR002W,YDL058W,0,-4.508509,0.1384955793619156,0.9390000104904175,0.5841000080108643
YOL112W,YER118C,0,-4.508569,0.13847514986991882,0.9390000104904175,0.5842000246047974
YNL188W,YDL190C,0,-4.508701,0.13845473527908325,0.9390000104904175,0.5842999815940857
YDR147W,YBR156C,0,-4.508722,0.13843432068824768,0.9390000104904175,0.5843999981880188
YKR009C,YPR051W,0,-4.508815,0.1384139209985733,0.9390000104904175,0.5845000147819519
YHR191C,YIL129C,0,-4.508998,0.13839352130889893,0.9390000104904175,0.5845999717712402
YDR055W,YLR147C,0,-4.509064,0.13837312161922455,0.9390000104904175,0.5846999883651733
YJR094C,YOR287C,0,-4.5093327,0.13835273683071136,0.9390000104904175,0.5848000049591064
YML126C,YPR198W,0,-4.5095396,0.13833235204219818,0.9390000104904175,0.5849000215530396
YIL065C,YAL010C,0,-4.5098777,0.1383119821548462,0.9390000104904175,0.5849999785423279
YML080W,YGR163W,0,-4.510058,0.1382916122674942,0.9390000104904175,0.585099995136261
YGR140W,YER035W,0,-4.510261,0.1382712423801422,0.9390000104904175,0.5852000117301941
YFR055W,YDR279W,0,-4.5105195,0.13825088739395142,0.9390000104904175,0.5853000283241272
YBR118W,YKL081W,0,-4.510567,0.13823053240776062,0.9390000104904175,0.5853999853134155
YDR281C,YGR186W,0,-4.511128,0.13821019232273102,0.9390000104904175,0.5855000019073486
YDR513W,YKR082W,0,-4.511674,0.13818985223770142,0.9390000104904175,0.5856000185012817
YKL220C,YOR117W,0,-4.5117006,0.13816951215267181,0.9390000104904175,0.5856999754905701
YDR263C,YPL037C,0,-4.512589,0.1381491869688034,0.9390000104904175,0.5857999920845032
YER009W,YNL055C,0,-4.5138693,0.138128861784935,0.9390000104904175,0.5859000086784363
YER166W,YER053C,0,-4.5139503,0.13810855150222778,0.9390000104904175,0.5860000252723694
YJL006C,YNL119W,0,-4.51411,0.13808824121952057,0.9390000104904175,0.5860999822616577
YBR142W,YKL173W,0,-4.5143847,0.13806793093681335,0.9390000104904175,0.5861999988555908
YNL037C,YNL126W,0,-4.514452,0.13804763555526733,0.9390000104904175,0.5863000154495239
YGR037C,YMR198W,0,-4.51461,0.1380273401737213,0.9390000104904175,0.5863999724388123
YDR165W,YCL020W,0,-4.51467,0.1380070596933365,0.9390000104904175,0.5864999890327454
YNL293W,YLR092W,0,-4.5146766,0.13798677921295166,0.9390000104904175,0.5866000056266785
YLR066W,YGL210W,0,-4.51649,0.13796649873256683,0.9390000104904175,0.5867000222206116
YAL058W,YDR156W,0,-4.516937,0.1379462331533432,0.9390000104904175,0.5867999792098999
YNL103W,YNL202W,0,-4.5172954,0.13792596757411957,0.9390000104904175,0.586899995803833
YLR056W,YMR188C,0,-4.517386,0.13790571689605713,0.9390000104904175,0.5870000123977661
YBR247C,YKR037C,0,-4.517431,0.1378854662179947,0.9390000104904175,0.5871000289916992
YPL200W,YDR135C,0,-4.517641,0.13786521553993225,0.9390000104904175,0.5871999859809875
YHR148W,YLR453C,0,-4.5176687,0.137844979763031,0.9390000104904175,0.5873000025749207
YHR001W-A,YHR181W,0,-4.517744,0.13782474398612976,0.9390000104904175,0.5874000191688538
YOR099W,YPR055W,0,-4.517766,0.1378045231103897,0.9390000104904175,0.5874999761581421
YOL108C,YKL028W,0,-4.5179095,0.13778430223464966,0.9390000104904175,0.5875999927520752
YDR494W,YFL002C,0,-4.51801,0.1377640813589096,0.9390000104904175,0.5877000093460083
YPL195W,YOL040C,0,-4.518133,0.13774387538433075,0.9390000104904175,0.5878000259399414
YNL039W,YDL118W,0,-4.518137,0.1377236694097519,0.9390000104904175,0.5878999829292297
YBR038W,YAL030W,0,-4.518214,0.13770347833633423,0.9390000104904175,0.5879999995231628
YIL123W,YDL190C,0,-4.5186734,0.13768328726291656,0.9390000104904175,0.588100016117096
YPL267W,YMR272C,0,-4.519608,0.1376630961894989,0.9390000104904175,0.5881999731063843
YFL022C,YKL197C,0,-4.519654,0.13764292001724243,0.9390000104904175,0.5882999897003174
YGR003W,YDR345C,0,-4.5196934,0.13762274384498596,0.9390000104904175,0.5884000062942505
YBR243C,YCR055C,0,-4.5198007,0.13760258257389069,0.9390000104904175,0.5885000228881836
YBR004C,YDR296W,0,-4.520359,0.1375824213027954,0.9390000104904175,0.5885999798774719
YOR266W,YKL178C,0,-4.520806,0.13756226003170013,0.9390000104904175,0.588699996471405
YML130C,YGL219C,0,-4.5208607,0.13754211366176605,0.9390000104904175,0.5888000130653381
YCL060C,YML065W,1,-4.520945,0.1376684308052063,0.9399999976158142,0.5888000130653381
YDR052C,YGL229C,0,-4.5209517,0.13764826953411102,0.9399999976158142,0.5889000296592712
YHR024C,YDR330W,0,-4.5210614,0.13762810826301575,0.9399999976158142,0.5889999866485596
YCR035C,YFL058W,0,-4.521111,0.13760796189308167,0.9399999976158142,0.5891000032424927
YPL204W,YNL061W,0,-4.5213423,0.13758781552314758,0.9399999976158142,0.5892000198364258
YAL053W,YAL031C,0,-4.521663,0.1375676840543747,0.9399999976158142,0.5892999768257141
YML121W,YLR337W,0,-4.5218725,0.1375475525856018,0.9399999976158142,0.5893999934196472
YOL135C,YGL143C,0,-4.522327,0.1375274360179901,0.9399999976158142,0.5895000100135803
YJR125C,YJL203W,0,-4.523515,0.13750731945037842,0.9399999976158142,0.5896000266075134
YML116W,YCR005C,0,-4.5237503,0.13748720288276672,0.9399999976158142,0.5896999835968018
YGL246C,YCR067C,0,-4.524004,0.13746710121631622,0.9399999976158142,0.5898000001907349
YDL243C,YGR167W,0,-4.5240154,0.13744699954986572,0.9399999976158142,0.589900016784668
YLR035C,YOR063W,0,-4.524794,0.13742689788341522,0.9399999976158142,0.5899999737739563
YPR165W,YOR259C,0,-4.5250583,0.13740681111812592,0.9399999976158142,0.5900999903678894
YMR220W,YHR034C,0,-4.525168,0.1373867243528366,0.9399999976158142,0.5902000069618225
YBR205W,YJR144W,0,-4.5252585,0.1373666524887085,0.9399999976158142,0.5903000235557556
YBR102C,YGL209W,0,-4.5253043,0.13734658062458038,0.9399999976158142,0.590399980545044
YOR284W,YPR083W,0,-4.5254245,0.13732650876045227,0.9399999976158142,0.590499997138977
YDR231C,YOL066C,0,-4.525515,0.13730645179748535,0.9399999976158142,0.5906000137329102
YJR094C,YBR260C,0,-4.5260043,0.13728640973567963,0.9399999976158142,0.5906999707221985
YCR038C,YGR152C,0,-4.5263853,0.1372663527727127,0.9399999976158142,0.5907999873161316
YAR009C,YMR210W,0,-4.526657,0.13724631071090698,0.9399999976158142,0.5909000039100647
YPR154W,YLR453C,0,-4.5267386,0.13722628355026245,0.9399999976158142,0.5910000205039978
YDR494W,YIL123W,0,-4.5268416,0.13720624148845673,0.9399999976158142,0.5910999774932861
YKR082W,YDR131C,0,-4.5268497,0.1371862292289734,0.9399999976158142,0.5911999940872192
YFL035C,YFR052W,0,-4.527455,0.13716620206832886,0.9399999976158142,0.5913000106811523
YOL026C,YER118C,0,-4.5274563,0.13714618980884552,0.9399999976158142,0.5914000272750854
YDR423C,YNL325C,0,-4.5277,0.13712619245052338,0.9399999976158142,0.5914999842643738
YGL013C,YOR084W,0,-4.5277996,0.13710618019104004,0.9399999976158142,0.5916000008583069
YNL001W,YFL045C,0,-4.5283036,0.1370861828327179,0.9399999976158142,0.59170001745224
YCL027W,YDR079C-A,0,-4.5284076,0.13706620037555695,0.9399999976158142,0.5917999744415283
YOR074C,YGL167C,0,-4.5284657,0.137046217918396,0.9399999976158142,0.5918999910354614
YLR305C,YJR141W,0,-4.5286903,0.13702623546123505,0.9399999976158142,0.5920000076293945
YNL149C,YMR267W,0,-4.528758,0.1370062679052353,0.9399999976158142,0.5921000242233276
YFL025C,YCR067C,0,-4.5289054,0.13698630034923553,0.9399999976158142,0.592199981212616
YDR122W,YHR060W,0,-4.5295258,0.13696634769439697,0.9399999976158142,0.5922999978065491
YDR206W,YDL093W,0,-4.5302935,0.13694638013839722,0.9399999976158142,0.5924000144004822
YEL061C,YLR312C-B,0,-4.530673,0.13692644238471985,0.9399999976158142,0.5924999713897705
YHR190W,YPL171C,0,-4.53105,0.1369064897298813,0.9399999976158142,0.5925999879837036
YHL002W,YKL189W,0,-4.532413,0.13688655197620392,0.9399999976158142,0.5927000045776367
YOR334W,YCL003W,0,-4.5325375,0.13686662912368774,0.9399999976158142,0.5928000211715698
YKR087C,YPL022W,0,-4.5326896,0.13684670627117157,0.9399999976158142,0.5928999781608582
YNL281W,YIL017W,0,-4.532722,0.1368267834186554,0.9399999976158142,0.5929999947547913
YMR298W,YOR088W,0,-4.5331116,0.13680687546730042,0.9399999976158142,0.5931000113487244
YNR001C,YAR044W,0,-4.5331597,0.13678696751594543,0.9399999976158142,0.5932000279426575
YJR001W,YLR220W,0,-4.534052,0.13676705956459045,0.9399999976158142,0.5932999849319458
YOL086C,YGR179C,0,-4.534617,0.13674716651439667,0.9399999976158142,0.5934000015258789
YDR377W,YBR131W,0,-4.5354996,0.13672727346420288,0.9399999976158142,0.593500018119812
YOL078W,YBL085W,0,-4.5356255,0.1367073953151703,0.9399999976158142,0.5935999751091003
YMR280C,YOR201C,0,-4.5357795,0.1366875022649765,0.9399999976158142,0.5936999917030334
YDL078C,YIR021W,0,-4.536021,0.1366676390171051,0.9399999976158142,0.5938000082969666
YGR247W,YNR026C,0,-4.536093,0.1366477757692337,0.9399999976158142,0.5939000248908997
YOR208W,YDR103W,0,-4.5369983,0.1366279125213623,0.9399999976158142,0.593999981880188
YLR081W,YML025C,0,-4.5370164,0.1366080492734909,0.9399999976158142,0.5940999984741211
YOR240W,YDR118W,0,-4.53727,0.1365882009267807,0.9399999976158142,0.5942000150680542
YGL187C,YLR384C,0,-4.537673,0.1365683525800705,0.9399999976158142,0.5942999720573425
YPL195W,YHL022C,0,-4.537973,0.13654851913452148,0.9399999976158142,0.5943999886512756
YJR089W,YJL052W,0,-4.5381575,0.13652868568897247,0.9399999976158142,0.5945000052452087
YLR200W,YML027W,0,-4.5388327,0.13650885224342346,0.9399999976158142,0.5946000218391418
YNL002C,YLR200W,0,-4.5391297,0.13648903369903564,0.9399999976158142,0.5946999788284302
YBR089C-A,YGL014W,1,-4.5393615,0.13661439716815948,0.9409999847412109,0.5946999788284302
YKR038C,YOL064C,0,-4.539386,0.13659456372261047,0.9409999847412109,0.5947999954223633
YCR094W,YER138C,0,-4.539636,0.13657474517822266,0.9409999847412109,0.5949000120162964
YIL034C,YDL108W,0,-4.539686,0.13655492663383484,0.9409999847412109,0.5950000286102295
YDR147W,YFL034C-B,0,-4.54002,0.13653510808944702,0.9409999847412109,0.5950999855995178
YDL085W,YDR472W,0,-4.540821,0.1365153044462204,0.9409999847412109,0.5952000021934509
YNL278W,YNL231C,0,-4.5412726,0.13649550080299377,0.9409999847412109,0.595300018787384
YPL259C,YMR292W,0,-4.541455,0.13647571206092834,0.9409999847412109,0.5953999757766724
YAR044W,YLR136C,0,-4.54174,0.13645592331886292,0.9409999847412109,0.5954999923706055
YGL097W,YBL100W-A,0,-4.5417795,0.13643613457679749,0.9409999847412109,0.5956000089645386
YAR007C,YGL115W,0,-4.541809,0.13641634583473206,0.9409999847412109,0.5957000255584717
YFR050C,YJL222W,0,-4.54269,0.13639657199382782,0.9409999847412109,0.59579998254776
YDL100C,YOR295W,0,-4.543049,0.13637681305408478,0.9409999847412109,0.5958999991416931
YFL035C,YCL033C,0,-4.543112,0.13635705411434174,0.9409999847412109,0.5960000157356262
YML011C,YPR055W,0,-4.543256,0.1363372951745987,0.9409999847412109,0.5960999727249146
YOR109W,YDL118W,0,-4.544002,0.13631753623485565,0.9409999847412109,0.5961999893188477
YLL036C,YGR211W,0,-4.544073,0.1362977921962738,0.9409999847412109,0.5963000059127808
YMR312W,YGL045W,0,-4.5440845,0.13627806305885315,0.9409999847412109,0.5964000225067139
YDL106C,YBR093C,0,-4.5446544,0.1362583190202713,0.9409999847412109,0.5964999794960022
YDR252W,YJL186W,0,-4.545312,0.13623860478401184,0.9409999847412109,0.5965999960899353
YOR299W,YCR083W,0,-4.5455236,0.1362188756465912,0.9409999847412109,0.5967000126838684
YGL190C,YER024W,0,-4.5460124,0.13619916141033173,0.9409999847412109,0.5968000292778015
YOR321W,YHR026W,0,-4.5462685,0.13617944717407227,0.9409999847412109,0.5968999862670898
YDR202C,YER123W,0,-4.5466022,0.136159747838974,0.9409999847412109,0.597000002861023
YPL026C,YOR068C,0,-4.5479174,0.13614004850387573,0.9409999847412109,0.597100019454956
YGR238C,YDR165W,0,-4.5480623,0.13612034916877747,0.9409999847412109,0.5971999764442444
YPL082C,YOL067C,0,-4.548264,0.1361006647348404,0.9409999847412109,0.5972999930381775
YDR168W,YLR043C,0,-4.548433,0.13608098030090332,0.9409999847412109,0.5974000096321106
YJL214W,YJL203W,0,-4.548864,0.13606131076812744,0.9409999847412109,0.5975000262260437
YCL012W,YOL091W,0,-4.548924,0.13604164123535156,0.9409999847412109,0.597599983215332
YOR035C,YLR275W,0,-4.54897,0.13602197170257568,0.9409999847412109,0.5976999998092651
YKL200C,YHR178W,0,-4.549079,0.136002317070961,0.9409999847412109,0.5978000164031982
YGR030C,YJR028W,0,-4.5494246,0.1359826624393463,0.9409999847412109,0.5978999733924866
YNL201C,YDR312W,0,-4.549459,0.13596300780773163,0.9409999847412109,0.5979999899864197
YML126C,YMR059W,0,-4.549898,0.13594336807727814,0.9409999847412109,0.5981000065803528
YJR089W,YAR002C-A,0,-4.550336,0.13592372834682465,0.9409999847412109,0.5982000231742859
YBR244W,YAL010C,0,-4.550832,0.13590410351753235,0.9409999847412109,0.5982999801635742
YLR391W-A,YLR186W,0,-4.551054,0.13588447868824005,0.9409999847412109,0.5983999967575073
YIL004C,YAL041W,0,-4.551171,0.13586485385894775,0.9409999847412109,0.5985000133514404
YLL043W,YOR179C,0,-4.551371,0.13584524393081665,0.9409999847412109,0.5985999703407288
YOR249C,YEL056W,1,-4.551462,0.13596998155117035,0.9419999718666077,0.5985999703407288
YIL026C,YOL126C,0,-4.551774,0.13595035672187805,0.9419999718666077,0.5986999869346619
YJR131W,YNL163C,0,-4.5527678,0.13593073189258575,0.9419999718666077,0.598800003528595
YDR069C,YGL257C,0,-4.552933,0.13591112196445465,0.9419999718666077,0.5989000201225281
YDR362C,YDR065W,0,-4.5533714,0.13589151203632355,0.9419999718666077,0.5989999771118164
YJL013C,YIL119C,0,-4.5536513,0.13587191700935364,0.9419999718666077,0.5990999937057495
YML118W,YKL020C,0,-4.5541964,0.13585232198238373,0.9419999718666077,0.5992000102996826
YHR139C,YCL074W,0,-4.555107,0.13583272695541382,0.9419999718666077,0.5993000268936157
YLR372W,YEL013W,0,-4.55541,0.1358131468296051,0.9419999718666077,0.599399983882904
YLR449W,YLL004W,1,-4.555546,0.13593772053718567,0.9430000185966492,0.599399983882904
YBR223C,YML064C,0,-4.555615,0.13591812551021576,0.9430000185966492,0.5995000004768372
YDR077W,YBR083W,0,-4.5561843,0.13589854538440704,0.9430000185966492,0.5996000170707703
YBR055C,YPR042C,0,-4.556352,0.13587896525859833,0.9430000185966492,0.5996999740600586
YBR090C-A,YOR213C,1,-4.5565476,0.13600346446037292,0.9440000057220459,0.5996999740600586
YMR150C,YMR139W,0,-4.55666,0.13598386943340302,0.9440000057220459,0.5997999906539917
YDL056W,YDR164C,0,-4.556846,0.1359642744064331,0.9440000057220459,0.5999000072479248
YDR345C,YDR198C,0,-4.557384,0.1359446942806244,0.9440000057220459,0.6000000238418579
YER172C,YOL129W,0,-4.5579677,0.13592512905597687,0.9440000057220459,0.6000999808311462
YLR447C,YLR132C,0,-4.558701,0.13590556383132935,0.9440000057220459,0.6001999974250793
YOR361C,YHR039C-A,0,-4.558978,0.13588599860668182,0.9440000057220459,0.6003000140190125
YPR037C,YPR161C,0,-4.5590525,0.1358664333820343,0.9440000057220459,0.6003999710083008
YLR106C,YER171W,0,-4.559378,0.13584688305854797,0.9440000057220459,0.6004999876022339
YMR211W,YJR153W,0,-4.5594106,0.13582733273506165,0.9440000057220459,0.600600004196167
YNL055C,YLR275W,0,-4.5594115,0.1358077973127365,0.9440000057220459,0.6007000207901001
YAL054C,YCR033W,1,-4.5596666,0.1359321027994156,0.9449999928474426,0.6007000207901001
YCR020C-A,YDR164C,0,-4.5603476,0.13591255247592926,0.9449999928474426,0.6007999777793884
YAL031C,YGL253W,0,-4.5605073,0.13589301705360413,0.9449999928474426,0.6008999943733215
YML016C,YDR472W,0,-4.561197,0.1358734667301178,0.9449999928474426,0.6010000109672546
YPR105C,YML126C,0,-4.561906,0.13585394620895386,0.9449999928474426,0.6011000275611877
YJL207C,YDR126W,0,-4.562181,0.13583441078662872,0.9449999928474426,0.6011999845504761
YPR030W,YKR063C,0,-4.562379,0.13581489026546478,0.9449999928474426,0.6013000011444092
YGR220C,YML123C,0,-4.5623984,0.13579536974430084,0.9449999928474426,0.6014000177383423
YOL108C,YPL171C,0,-4.562575,0.1357758641242981,0.9449999928474426,0.6014999747276306
YAL054C,YHR118C,1,-4.562993,0.13590002059936523,0.9459999799728394,0.6014999747276306
YGR003W,YDR400W,0,-4.564031,0.1358805000782013,0.9459999799728394,0.6015999913215637
YJR108W,YOL124C,0,-4.564099,0.13586097955703735,0.9459999799728394,0.6017000079154968
YOR267C,YDR527W,0,-4.564562,0.1358414739370346,0.9459999799728394,0.6018000245094299
YDR335W,YOR117W,0,-4.564574,0.13582196831703186,0.9459999799728394,0.6018999814987183
YGL143C,YPL156C,0,-4.5646243,0.1358024626970291,0.9459999799728394,0.6019999980926514
YER167W,YGR141W,0,-4.564671,0.13578297197818756,0.9459999799728394,0.6021000146865845
YDR272W,YER094C,0,-4.5647016,0.1357634961605072,0.9459999799728394,0.6021999716758728
YMR029C,YML028W,0,-4.565022,0.13574400544166565,0.9459999799728394,0.6022999882698059
YPR083W,YJR042W,0,-4.56525,0.1357245296239853,0.9459999799728394,0.602400004863739
YJR070C,YDL043C,0,-4.5652742,0.13570506870746613,0.9459999799728394,0.6025000214576721
YDR194C,YMR266W,0,-4.565637,0.13568559288978577,0.9459999799728394,0.6025999784469604
YHR072W-A,YNL128W,0,-4.5658646,0.1356661468744278,0.9459999799728394,0.6026999950408936
YIR021W,YDR381W,0,-4.5659113,0.13564668595790863,0.9459999799728394,0.6028000116348267
YDR404C,YCL075W,0,-4.566198,0.13562723994255066,0.9459999799728394,0.6029000282287598
YER002W,YGR274C,0,-4.5665765,0.1356077939271927,0.9459999799728394,0.6029999852180481
YNL314W,YNL029C,0,-4.5666313,0.1355883628129959,0.9459999799728394,0.6031000018119812
YML012W,YER116C,0,-4.566909,0.13556893169879913,0.9459999799728394,0.6032000184059143
YFL016C,YLR329W,0,-4.567094,0.13554950058460236,0.9459999799728394,0.6032999753952026
YNL093W,YGR251W,0,-4.567189,0.13553008437156677,0.9459999799728394,0.6033999919891357
YKL170W,YDR043C,0,-4.567534,0.1355106681585312,0.9459999799728394,0.6035000085830688
YPL169C,YBL050W,0,-4.5675454,0.1354912668466568,0.9459999799728394,0.603600025177002
YGL226C-A,YOR083W,0,-4.567692,0.1354718655347824,0.9459999799728394,0.6036999821662903
YLR155C,YDR435C,0,-4.567776,0.13545246422290802,0.9459999799728394,0.6037999987602234
YKL149C,YJL108C,0,-4.5679793,0.13543307781219482,0.9459999799728394,0.6039000153541565
YER053C,YOR281C,0,-4.568189,0.13541369140148163,0.9459999799728394,0.6039999723434448
YDL145C,YML031W,0,-4.5682836,0.13539430499076843,0.9459999799728394,0.6040999889373779
YBR089C-A,YDL076C,1,-4.5684085,0.13551802933216095,0.9470000267028809,0.6040999889373779
YJL122W,YGR152C,0,-4.569177,0.13549864292144775,0.9470000267028809,0.604200005531311
YGR037C,YHR008C,0,-4.5698676,0.13547925651073456,0.9470000267028809,0.6043000221252441
YDR252W,YEL009C,0,-4.570121,0.13545987010002136,0.9470000267028809,0.6043999791145325
YAL068C,YLR305C,0,-4.57037,0.13544049859046936,0.9470000267028809,0.6044999957084656
YLR100W,YIL039W,0,-4.570393,0.13542114198207855,0.9470000267028809,0.6046000123023987
YCR005C,YOL042W,0,-4.5707126,0.13540177047252655,0.9470000267028809,0.6047000288963318
YPL190C,YBR037C,0,-4.571586,0.13538241386413574,0.9470000267028809,0.6047999858856201
YIL010W,YLR193C,0,-4.57248,0.13536305725574493,0.9470000267028809,0.6049000024795532
YLR148W,YOR149C,0,-4.573253,0.13534371554851532,0.9470000267028809,0.6050000190734863
YFL022C,YKL186C,0,-4.574582,0.1353243738412857,0.9470000267028809,0.6050999760627747
YDL024C,YGR238C,0,-4.5746255,0.13530504703521729,0.9470000267028809,0.6051999926567078
YHR052W,YFL008W,0,-4.5746465,0.13528572022914886,0.9470000267028809,0.6053000092506409
YNL009W,YBR165W,0,-4.574744,0.13526639342308044,0.9470000267028809,0.605400025844574
YJR091C,YLR417W,0,-4.575034,0.13524706661701202,0.9470000267028809,0.6054999828338623
YBR087W,YIL077C,0,-4.5756364,0.1352277547121048,0.9470000267028809,0.6055999994277954
YOL101C,YJR145C,0,-4.575793,0.13520845770835876,0.9470000267028809,0.6057000160217285
YNR044W,YDR427W,0,-4.5760174,0.13518914580345154,0.9470000267028809,0.6057999730110168
YDL080C,YPL203W,0,-4.5761666,0.1351698487997055,0.9470000267028809,0.60589998960495
YMR023C,YNL253W,0,-4.5762353,0.13515056669712067,0.9470000267028809,0.6060000061988831
YMR287C,YEL054C,0,-4.576712,0.13513128459453583,0.9470000267028809,0.6061000227928162
YKL113C,YMR216C,0,-4.576899,0.135112002491951,0.9470000267028809,0.6061999797821045
YIL095W,YNL207W,0,-4.576982,0.13509272038936615,0.9470000267028809,0.6062999963760376
YLR452C,YHR039C-B,0,-4.5770907,0.1350734531879425,0.9470000267028809,0.6064000129699707
YLR210W,YMR030W,0,-4.5771065,0.13505418598651886,0.9470000267028809,0.6065000295639038
YCL059C,YIL114C,0,-4.5782175,0.1350349336862564,0.9470000267028809,0.6065999865531921
YMR208W,YJL219W,0,-4.578234,0.13501568138599396,0.9470000267028809,0.6067000031471252
YDR518W,YLR016C,0,-4.5787697,0.1349964290857315,0.9470000267028809,0.6068000197410583
YGL200C,YIR017C,0,-4.5787807,0.13497719168663025,0.9470000267028809,0.6068999767303467
YFL011W-A,YNL041C,0,-4.578934,0.134957954287529,0.9470000267028809,0.6069999933242798
YMR150C,YLR275W,0,-4.580215,0.13493873178958893,0.9470000267028809,0.6071000099182129
YOR094W,YMR133W,0,-4.5805106,0.13491950929164886,0.9470000267028809,0.607200026512146
YDR043C,YNL299W,0,-4.5808682,0.1349002867937088,0.9470000267028809,0.6072999835014343
YLL019C,YDL095W,0,-4.5809746,0.13488106429576874,0.9470000267028809,0.6074000000953674
YPR007C,YNL241C,0,-4.5812774,0.13486185669898987,0.9470000267028809,0.6075000166893005
YHR186C,YJL203W,0,-4.5817676,0.1348426640033722,0.9470000267028809,0.6075999736785889
YOR005C,YBR213W,0,-4.5820622,0.13482345640659332,0.9470000267028809,0.607699990272522
YKL129C,YDR178W,0,-4.5823646,0.13480426371097565,0.9470000267028809,0.6078000068664551
YJL108C,YAR009C,0,-4.5826097,0.13478508591651917,0.9470000267028809,0.6079000234603882
YDR173C,YDL058W,0,-4.5827513,0.13476590812206268,0.9470000267028809,0.6079999804496765
YKL081W,YCL020W,0,-4.5828676,0.1347467303276062,0.9470000267028809,0.6080999970436096
YLR449W,YFL013C,1,-4.5832005,0.13486982882022858,0.9480000138282776,0.6080999970436096
YDL106C,YOR338W,0,-4.583259,0.1348506361246109,0.9480000138282776,0.6082000136375427
YCR075C,YBR121C,0,-4.5834703,0.13483145833015442,0.9480000138282776,0.608299970626831
YNR035C,YPL274W,0,-4.5838637,0.13481228053569794,0.9480000138282776,0.6083999872207642
YDR440W,YBR089C-A,1,-4.584047,0.13493530452251434,0.9490000009536743,0.6083999872207642
YKR081C,YPL234C,0,-4.5841727,0.13491612672805786,0.9490000009536743,0.6085000038146973
YBL017C,YHL028W,0,-4.584388,0.13489694893360138,0.9490000009536743,0.6086000204086304
YML116W,YKR026C,0,-4.584986,0.1348777711391449,0.9490000009536743,0.6086999773979187
YIR028W,YBR295W,0,-4.5853405,0.1348586082458496,0.9490000009536743,0.6087999939918518
YIL013C,YDR429C,0,-4.58575,0.13483944535255432,0.9490000009536743,0.6089000105857849
YNL135C,YBR231C,1,-4.5866456,0.13496235013008118,0.949999988079071,0.6089000105857849
YHL025W,YNL246W,1,-4.5869174,0.13508522510528564,0.9509999752044678,0.6089000105857849
YBR210W,YKL178C,0,-4.58769,0.13506604731082916,0.9509999752044678,0.609000027179718
YOL149W,YHR161C,0,-4.5877223,0.1350468546152115,0.9509999752044678,0.6090999841690063
YOR048C,YHR066W,0,-4.5883207,0.1350276917219162,0.9509999752044678,0.6092000007629395
YPL118W,YAR044W,0,-4.5883713,0.13500851392745972,0.9509999752044678,0.6093000173568726
YPR201W,YOR003W,0,-4.5887747,0.13498935103416443,0.9509999752044678,0.6093999743461609
YPL002C,YDR086C,0,-4.589031,0.13497020304203033,0.9509999752044678,0.609499990940094
YDR085C,YAR002W,0,-4.589618,0.13495104014873505,0.9509999752044678,0.6096000075340271
YGL090W,YNL055C,0,-4.590263,0.13493189215660095,0.9509999752044678,0.6097000241279602
YNL133C,YLR301W,0,-4.5902724,0.13491275906562805,0.9509999752044678,0.6097999811172485
YCL004W,YOR380W,0,-4.591002,0.13489361107349396,0.9509999752044678,0.6098999977111816
YBR084W,YER005W,0,-4.5912766,0.13487449288368225,0.9509999752044678,0.6100000143051147
YLR183C,YML039W,0,-4.591318,0.13485535979270935,0.9509999752044678,0.6100999712944031
YMR211W,YNR064C,0,-4.591616,0.13483624160289764,0.9509999752044678,0.6101999878883362
YPL160W,YER087C-A,0,-4.5920177,0.13481712341308594,0.9509999752044678,0.6103000044822693
YGR113W,YLR186W,0,-4.5925326,0.13479802012443542,0.9509999752044678,0.6104000210762024
YJR076C,YDR411C,0,-4.5931087,0.1347789168357849,0.9509999752044678,0.6104999780654907
YHL027W,YJR028W,0,-4.593184,0.1347598135471344,0.9509999752044678,0.6105999946594238
YCR034W,YIL135C,0,-4.5932755,0.13474072515964508,0.9509999752044678,0.6107000112533569
YNL232W,YOL020W,0,-4.5932975,0.13472163677215576,0.9509999752044678,0.61080002784729
YFR055W,YER142C,0,-4.593535,0.13470254838466644,0.9509999752044678,0.6108999848365784
YLL043W,YJR035W,0,-4.5938516,0.13468347489833832,0.9509999752044678,0.6110000014305115
YEL027W,YDR342C,0,-4.5939403,0.1346644014120102,0.9509999752044678,0.6111000180244446
YCR075C,YKL012W,0,-4.5939894,0.13464532792568207,0.9509999752044678,0.6111999750137329
YGL240W,YOR386W,0,-4.594744,0.13462626934051514,0.9509999752044678,0.611299991607666
YMR301C,YMR048W,0,-4.594966,0.1346072256565094,0.9509999752044678,0.6114000082015991
YNL020C,YGR082W,0,-4.5952754,0.13458816707134247,0.9509999752044678,0.6115000247955322
YER177W,YBR012W-A,0,-4.595466,0.13456912338733673,0.9509999752044678,0.6115999817848206
YER183C,YGR042W,0,-4.5958147,0.134550079703331,0.9509999752044678,0.6116999983787537
YML121W,YOR298W,0,-4.595842,0.13453105092048645,0.9509999752044678,0.6118000149726868
YDR009W,YHL002W,0,-4.5962043,0.1345120221376419,0.9509999752044678,0.6118999719619751
YNL297C,YCR102C,0,-4.596445,0.13449299335479736,0.9509999752044678,0.6119999885559082
YHL047C,YLR391W,0,-4.5975623,0.134473979473114,0.9509999752044678,0.6121000051498413
YAL023C,YBR253W,0,-4.5975633,0.13445496559143066,0.9509999752044678,0.6122000217437744
YNL286W,YFL016C,0,-4.5977244,0.1344359666109085,0.9509999752044678,0.6122999787330627
YNR001C,YOR088W,0,-4.5983515,0.13441696763038635,0.9509999752044678,0.6123999953269958
YDR194C,YNL311C,0,-4.598505,0.1343979686498642,0.9509999752044678,0.612500011920929
YKL064W,YLR312C-B,0,-4.598928,0.13437896966934204,0.9509999752044678,0.6126000285148621
YOR377W,YLR383W,0,-4.5990944,0.13435998558998108,0.9509999752044678,0.6126999855041504
YDR295C,YBR090C-A,1,-4.5992513,0.1344822645187378,0.9520000219345093,0.6126999855041504
YPR023C,YBR090C-A,1,-4.600922,0.13460451364517212,0.953000009059906,0.6126999855041504
YBR274W,YIL135C,0,-4.6013646,0.13458551466464996,0.953000009059906,0.6128000020980835
YNL041C,YPR112C,0,-4.601591,0.1345665007829666,0.953000009059906,0.6129000186920166
YOL002C,YIL023C,0,-4.60221,0.13454750180244446,0.953000009059906,0.6129999756813049
YHR148W,YHR214C-B,0,-4.60231,0.1345285177230835,0.953000009059906,0.613099992275238
YLR200W,YNL310C,0,-4.602482,0.13450953364372253,0.953000009059906,0.6132000088691711
YBR244W,YLL019C,0,-4.6025624,0.13449054956436157,0.953000009059906,0.6133000254631042
YLR127C,YJL018W,0,-4.6025643,0.1344715654850006,0.953000009059906,0.6133999824523926
YHR068W,YPL021W,0,-4.6033845,0.13445259630680084,0.953000009059906,0.6134999990463257
YCR020C-A,YPR187W,0,-4.6037908,0.13443362712860107,0.953000009059906,0.6136000156402588
YJL100W,YHR014W,0,-4.604269,0.1344146728515625,0.953000009059906,0.6136999726295471
YOR259C,YMR210W,0,-4.6045732,0.13439571857452393,0.953000009059906,0.6137999892234802
YJL033W,YCL003W,0,-4.605237,0.13437676429748535,0.953000009059906,0.6139000058174133
YCR037C,YMR272C,0,-4.6062307,0.13435782492160797,0.953000009059906,0.6140000224113464
YDR103W,YNL283C,0,-4.6065474,0.1343388706445694,0.953000009059906,0.6140999794006348
YDR472W,YIL135C,0,-4.6068234,0.1343199461698532,0.953000009059906,0.6141999959945679
YOR099W,YJR086W,0,-4.607,0.13430102169513702,0.953000009059906,0.614300012588501
YKL054C,YLR183C,0,-4.6070766,0.13428209722042084,0.953000009059906,0.6144000291824341
YOL027C,YJR004C,0,-4.6071258,0.13426317274570465,0.953000009059906,0.6144999861717224
YDR309C,YJR086W,0,-4.607251,0.13424426317214966,0.953000009059906,0.6146000027656555
YKL013C,YNL221C,0,-4.607413,0.13422535359859467,0.953000009059906,0.6147000193595886
YOL026C,YOR341W,0,-4.6075177,0.13420644402503967,0.953000009059906,0.614799976348877
YPL008W,YGR193C,0,-4.6079183,0.13418754935264587,0.953000009059906,0.6148999929428101
YNL036W,YPR042C,0,-4.60827,0.13416865468025208,0.953000009059906,0.6150000095367432
YJL033W,YPL050C,0,-4.6083927,0.13414977490901947,0.953000009059906,0.6151000261306763
YIL150C,YCL060C,1,-4.608631,0.13427163660526276,0.9539999961853027,0.6151000261306763
YNR007C,YNR039C,0,-4.608733,0.13425274193286896,0.9539999961853027,0.6151999831199646
YDL226C,YML001W,0,-4.6090875,0.13423384726047516,0.9539999961853027,0.6152999997138977
YDR335W,YNL131W,0,-4.609402,0.13421496748924255,0.9539999961853027,0.6154000163078308
YKL055C,YDL081C,0,-4.609568,0.13419608771800995,0.9539999961853027,0.6154999732971191
YDR308C,YLR006C,0,-4.6097736,0.13417720794677734,0.9539999961853027,0.6155999898910522
YKL189W,YDR260C,0,-4.6097817,0.13415834307670593,0.9539999961853027,0.6157000064849854
YML036W,YLR303W,0,-4.61043,0.13413947820663452,0.9539999961853027,0.6158000230789185
YDR138W,YDR065W,0,-4.6105313,0.1341206282377243,0.9539999961853027,0.6158999800682068
YJR001W,YOR085W,0,-4.6106114,0.1341017782688141,0.9539999961853027,0.6159999966621399
YMR211W,YDR545W,0,-4.6116548,0.13408292829990387,0.9539999961853027,0.616100013256073
YGR247W,YDR122W,0,-4.611668,0.13406407833099365,0.9539999961853027,0.6161999702453613
YCR094W,YDL051W,0,-4.611977,0.13404524326324463,0.9539999961853027,0.6162999868392944
YDL226C,YMR134W,0,-4.612601,0.1340264081954956,0.9539999961853027,0.6164000034332275
YKR003W,YPL276W,0,-4.6128097,0.13400758802890778,0.9539999961853027,0.6165000200271606
YLR068W,YHR050W,0,-4.613893,0.13398876786231995,0.9539999961853027,0.616599977016449
YDL024C,YDR055W,0,-4.6144605,0.13396994769573212,0.9539999961853027,0.6166999936103821
YAL030W,YMR227C,0,-4.614502,0.13395114243030548,0.9539999961853027,0.6168000102043152
YBL007C,YOR359W,0,-4.6148877,0.13393233716487885,0.9539999961853027,0.6169000267982483
YPL169C,YGR059W,0,-4.614919,0.1339135318994522,0.9539999961853027,0.6169999837875366
YGL229C,YDR201W,0,-4.6151056,0.13389474153518677,0.9539999961853027,0.6171000003814697
YJR155W,YIL095W,0,-4.615161,0.13387595117092133,0.9539999961853027,0.6172000169754028
YKR066C,YPR051W,0,-4.6151886,0.13385716080665588,0.9539999961853027,0.6172999739646912
YDL164C,YLR312C-B,0,-4.6156983,0.13383838534355164,0.9539999961853027,0.6173999905586243
YER119C,YNL130C,0,-4.61587,0.1338196098804474,0.9539999961853027,0.6175000071525574
YIR037W,YMR218C,0,-4.616111,0.13380083441734314,0.9539999961853027,0.6176000237464905
YLR391W,YOR334W,0,-4.616241,0.13378207385540009,0.9539999961853027,0.6176999807357788
YPL249C,YPL127C,0,-4.6166363,0.13376331329345703,0.9539999961853027,0.6177999973297119
YGL071W,YJL148W,0,-4.6169066,0.13374456763267517,0.9539999961853027,0.617900013923645
YAL040C,YCR057C,0,-4.6169353,0.1337258219718933,0.9539999961853027,0.6179999709129333
YER045C,YPR073C,0,-4.617151,0.13370707631111145,0.9539999961853027,0.6180999875068665
YOR240W,YGL191W,0,-4.6172266,0.13368834555149078,0.9539999961853027,0.6182000041007996
YFL035C,YJR044C,0,-4.6173115,0.13366961479187012,0.9539999961853027,0.6183000206947327
YNL233W,YJR027W,0,-4.617416,0.13365088403224945,0.9539999961853027,0.618399977684021
YJR150C,YJL203W,0,-4.6177964,0.13363216817378998,0.9539999961853027,0.6184999942779541
YFR004W,YML085C,0,-4.6180024,0.1336134523153305,0.9539999961853027,0.6186000108718872
YCR065W,YOR098C,0,-4.618755,0.13359473645687103,0.9539999961853027,0.6187000274658203
YAR019C,YJL186W,0,-4.6188273,0.13357603549957275,0.9539999961853027,0.6187999844551086
YML016C,YML039W,0,-4.6189384,0.13355733454227448,0.9539999961853027,0.6189000010490417
YDR097C,YJL166W,0,-4.6191196,0.1335386335849762,0.9539999961853027,0.6190000176429749
YNL029C,YGR054W,0,-4.6196094,0.1335199475288391,0.9539999961853027,0.6190999746322632
YOR112W,YGR197C,0,-4.619642,0.13350126147270203,0.9539999961853027,0.6191999912261963
YOR377W,YGR075C,0,-4.620116,0.13348257541656494,0.9539999961853027,0.6193000078201294
YEL056W,YER169W,1,-4.6203184,0.13360381126403809,0.9549999833106995,0.6193000078201294
YMR229C,YMR005W,0,-4.6204133,0.1335851103067398,0.9549999833106995,0.6194000244140625
YDL178W,YOR338W,0,-4.620947,0.13356643915176392,0.9549999833106995,0.6194999814033508
YKL135C,YCR075C,0,-4.6213336,0.13354775309562683,0.9549999833106995,0.6195999979972839
YAL003W,YJR131W,0,-4.621816,0.13352908194065094,0.9549999833106995,0.619700014591217
YIR025W,YFL002C,0,-4.622001,0.13351041078567505,0.9549999833106995,0.6197999715805054
YCL003W,YKR055W,0,-4.6220784,0.13349175453186035,0.9549999833106995,0.6198999881744385
YBR177C,YHL009C,0,-4.6222024,0.13347309827804565,0.9549999833106995,0.6200000047683716
YML033W,YDL092W,0,-4.622348,0.13345444202423096,0.9549999833106995,0.6201000213623047
YDR252W,YLR059C,0,-4.6223683,0.13343580067157745,0.9549999833106995,0.620199978351593
YOL059W,YOR049C,0,-4.6226587,0.13341715931892395,0.9549999833106995,0.6202999949455261
YFR030W,YJL018W,0,-4.6229305,0.13339851796627045,0.9549999833106995,0.6204000115394592
YIR004W,YGR178C,0,-4.6232,0.13337989151477814,0.9549999833106995,0.6205000281333923
YHR092C,YDR356W,0,-4.62334,0.13336126506328583,0.9549999833106995,0.6205999851226807
YDR268W,YOR119C,0,-4.62378,0.13334263861179352,0.9549999833106995,0.6207000017166138
YIL139C,YEL020W-A,0,-4.6242137,0.1333240270614624,0.9549999833106995,0.6208000183105469
YPR128C,YHR138C,0,-4.624387,0.1333054155111313,0.9549999833106995,0.6208999752998352
YOL020W,YPR080W,0,-4.624705,0.13328680396080017,0.9549999833106995,0.6209999918937683
YJL001W,YDR369C,0,-4.625029,0.13326820731163025,0.9549999833106995,0.6211000084877014
YHR021C,YKR053C,0,-4.6252785,0.13324961066246033,0.9549999833106995,0.6212000250816345
YNL153C,YAR009C,0,-4.6257377,0.1332310289144516,0.9549999833106995,0.6212999820709229
YBR260C,YCL020W,0,-4.6259255,0.13321244716644287,0.9549999833106995,0.621399998664856
YOR047C,YJL054W,0,-4.626961,0.13319386541843414,0.9549999833106995,0.6215000152587891
YJL019W,YML045W,0,-4.6282015,0.13317528367042542,0.9549999833106995,0.6215999722480774
YNL281W,YER013W,0,-4.628498,0.13315671682357788,0.9549999833106995,0.6216999888420105
YAL007C,YML039W,0,-4.6286316,0.13313814997673035,0.9549999833106995,0.6218000054359436
YPL040C,YOL126C,0,-4.6289597,0.133119598031044,0.9549999833106995,0.6219000220298767
YOL077W-A,YDR379W,0,-4.6298656,0.13310104608535767,0.9549999833106995,0.621999979019165
YKR026C,YEL020W-A,0,-4.629984,0.13308249413967133,0.9549999833106995,0.6220999956130981
YHL007C,YOL128C,0,-4.6304984,0.13306395709514618,0.9549999833106995,0.6222000122070312
YLR380W,YER035W,0,-4.6307263,0.13304542005062103,0.9549999833106995,0.6223000288009644
YLR391W,YLR098C,0,-4.631127,0.1330268830060959,0.9549999833106995,0.6223999857902527
YCL031C,YJR103W,0,-4.631305,0.13300836086273193,0.9549999833106995,0.6225000023841858
YGL187C,YDR235W,0,-4.631376,0.13298983871936798,0.9549999833106995,0.6226000189781189
YGR082W,YNL093W,0,-4.631394,0.13297131657600403,0.9549999833106995,0.6226999759674072
YMR287C,YJL018W,0,-4.6316624,0.13295280933380127,0.9549999833106995,0.6227999925613403
YIL004C,YML118W,0,-4.632142,0.1329343020915985,0.9549999833106995,0.6229000091552734
YGL180W,YHR072W-A,0,-4.632157,0.13291579484939575,0.9549999833106995,0.6230000257492065
YEL061C,YJL102W,0,-4.6323075,0.1328973025083542,0.9549999833106995,0.6230999827384949
YDR446W,YPL190C,0,-4.6325903,0.13287881016731262,0.9549999833106995,0.623199999332428
YLR398C,YEL013W,0,-4.6328435,0.13286031782627106,0.9549999833106995,0.6233000159263611
YBR247C,YIL009W,0,-4.6328464,0.13284184038639069,0.9549999833106995,0.6233999729156494
YGL178W,YBR231C,1,-4.633447,0.1329624503850937,0.9559999704360962,0.6233999729156494
YGL206C,YMR239C,0,-4.6340294,0.13294395804405212,0.9559999704360962,0.6234999895095825
YPR105C,YCR055C,0,-4.6341586,0.13292546570301056,0.9559999704360962,0.6236000061035156
YHL040C,YJR141W,0,-4.635283,0.1329069882631302,0.9559999704360962,0.6237000226974487
YGR289C,YNL151C,0,-4.6355605,0.13288851082324982,0.9559999704360962,0.6237999796867371
YPL096W,YOL031C,0,-4.635942,0.13287004828453064,0.9559999704360962,0.6238999962806702
YPL202C,YOR243C,0,-4.6365485,0.13285158574581146,0.9559999704360962,0.6240000128746033
YGR086C,YEL065W,0,-4.6367955,0.13283312320709229,0.9559999704360962,0.6241000294685364
YFL029C,YAL003W,0,-4.6369405,0.1328146755695343,0.9559999704360962,0.6241999864578247
YML077W,YHR006W,0,-4.6371837,0.13279622793197632,0.9559999704360962,0.6243000030517578
YPR008W,YDL213C,0,-4.6372094,0.13277778029441833,0.9559999704360962,0.6244000196456909
YLR396C,YGR251W,0,-4.637262,0.13275933265686035,0.9559999704360962,0.6244999766349792
YOL002C,YFR050C,0,-4.637299,0.13274089992046356,0.9559999704360962,0.6245999932289124
YBR272C,YBR273C,0,-4.637759,0.13272248208522797,0.9559999704360962,0.6247000098228455
YAL058W,YFR024C,0,-4.638252,0.13270404934883118,0.9559999704360962,0.6248000264167786
YDL020C,YBL100W-B,0,-4.6385937,0.13268563151359558,0.9559999704360962,0.6248999834060669
YGR092W,YDR276C,0,-4.6389146,0.13266722857952118,0.9559999704360962,0.625
YEL036C,YPR093C,0,-4.6389227,0.13264881074428558,0.9559999704360962,0.6251000165939331
YJR089W,YCL054W,0,-4.638941,0.13263040781021118,0.9559999704360962,0.6251999735832214
YLR391W,YGL025C,0,-4.639037,0.13261201977729797,0.9559999704360962,0.6252999901771545
YKL165C,YMR137C,0,-4.6391287,0.13259361684322357,0.9559999704360962,0.6254000067710876
YOR032C,YER089C,0,-4.639334,0.13257522881031036,0.9559999704360962,0.6255000233650208
YPL063W,YPL276W,0,-4.6395693,0.13255685567855835,0.9559999704360962,0.6255999803543091
YBL102W,YER018C,0,-4.640078,0.13253846764564514,0.9559999704360962,0.6256999969482422
YAL021C,YDR120C,0,-4.640617,0.13252009451389313,0.9559999704360962,0.6258000135421753
YGR041W,YNL128W,0,-4.6407213,0.1325017362833023,0.9559999704360962,0.6258999705314636
YBR038W,YPL266W,0,-4.6409683,0.1324833631515503,0.9559999704360962,0.6259999871253967
YMR004W,YDR170C,0,-4.641403,0.13246501982212067,0.9559999704360962,0.6261000037193298
YOR317W,YJL018W,0,-4.6415644,0.13244666159152985,0.9559999704360962,0.6262000203132629
YDR219C,YLR092W,0,-4.6418047,0.13242831826210022,0.9559999704360962,0.6262999773025513
YOR240W,YKL154W,0,-4.6419144,0.1324099749326706,0.9559999704360962,0.6263999938964844
YBL040C,YNL263C,0,-4.641939,0.13239163160324097,0.9559999704360962,0.6265000104904175
YGR225W,YKL014C,0,-4.6422777,0.13237330317497253,0.9559999704360962,0.6266000270843506
YPL243W,YNR046W,0,-4.642608,0.1323549747467041,0.9559999704360962,0.6266999840736389
YPL026C,YBR117C,0,-4.6433296,0.13233666121959686,0.9559999704360962,0.626800000667572
YML007W,YMR087W,0,-4.6434717,0.13231833279132843,0.9559999704360962,0.6269000172615051
YER166W,YDR079W,0,-4.643822,0.13230003416538239,0.9559999704360962,0.6269999742507935
YKL185W,YJR090C,0,-4.644649,0.13228172063827515,0.9559999704360962,0.6270999908447266
YDR101C,YNL287W,0,-4.6449857,0.1322634220123291,0.9559999704360962,0.6272000074386597
YIL098C,YMR100W,0,-4.645384,0.13224512338638306,0.9559999704360962,0.6273000240325928
YPR128C,YMR229C,0,-4.6459384,0.1322268396615982,0.9559999704360962,0.6273999810218811
YPR065W,YLL056C,0,-4.646028,0.13220854103565216,0.9559999704360962,0.6274999976158142
YPL218W,YDR429C,0,-4.646376,0.1321902722120285,0.9559999704360962,0.6276000142097473
YER026C,YHR143W-A,0,-4.6466117,0.13217198848724365,0.9559999704360962,0.6276999711990356
YGR083C,YIL016W,0,-4.6466656,0.13215371966362,0.9559999704360962,0.6277999877929688
YIL098C,YAR010C,0,-4.6467686,0.13213545083999634,0.9559999704360962,0.6279000043869019
YNL085W,YKL188C,0,-4.6469626,0.13211719691753387,0.9559999704360962,0.628000020980835
YGR179C,YHR065C,0,-4.64702,0.1320989429950714,0.9559999704360962,0.6280999779701233
YJL208C,YPL258C,0,-4.6471496,0.13208068907260895,0.9559999704360962,0.6281999945640564
YCL060C,YKL018W,1,-4.6471705,0.13220058381557465,0.9570000171661377,0.6281999945640564
YPL132W,YNL207W,0,-4.6475596,0.132182314991951,0.9570000171661377,0.6283000111579895
YGR239C,YBL056W,0,-4.6476426,0.13216406106948853,0.9570000171661377,0.6284000277519226
YLL043W,YOR224C,0,-4.6478324,0.13214582204818726,0.9570000171661377,0.6284999847412109
YER127W,YDR378C,0,-4.647834,0.1321275681257248,0.9570000171661377,0.628600001335144
YDR023W,YLR043C,0,-4.647958,0.13210932910442352,0.9570000171661377,0.6287000179290771
YBR040W,YOL112W,0,-4.6485157,0.13209109008312225,0.9570000171661377,0.6287999749183655
YCR088W,YFL002W-A,0,-4.649739,0.13207286596298218,0.9570000171661377,0.6288999915122986
YLR337W,YOL138C,0,-4.6498046,0.1320546418428421,0.9570000171661377,0.6290000081062317
YPR007C,YBR192W,0,-4.6499796,0.13203641772270203,0.9570000171661377,0.6291000247001648
YNR056C,YDR058C,0,-4.6506157,0.13201820850372314,0.9570000171661377,0.6291999816894531
YOR079C,YDL077C,0,-4.6506205,0.13199999928474426,0.9570000171661377,0.6292999982833862
YOR100C,YOR140W,0,-4.650732,0.13198179006576538,0.9570000171661377,0.6294000148773193
YIL031W,YOR229W,0,-4.650903,0.1319635957479477,0.9570000171661377,0.6294999718666077
YGL094C,YPR133W-A,0,-4.650977,0.13194540143013,0.9570000171661377,0.6295999884605408
YBR026C,YCR055C,0,-4.6515155,0.13192720711231232,0.9570000171661377,0.6297000050544739
YML123C,YIL022W,0,-4.6522455,0.13190902769565582,0.9570000171661377,0.629800021648407
YNR043W,YOR047C,0,-4.652457,0.13189084827899933,0.9570000171661377,0.6298999786376953
YHR034C,YOR047C,0,-4.653246,0.13187266886234283,0.9570000171661377,0.6299999952316284
YIL009C-A,YML033W,0,-4.6532717,0.13185450434684753,0.9570000171661377,0.6301000118255615
YAR031W,YMR260C,0,-4.6540675,0.13183633983135223,0.9570000171661377,0.6302000284194946
YOL059W,YJL114W,0,-4.6543097,0.13181817531585693,0.9570000171661377,0.630299985408783
YHR083W,YOR088W,0,-4.655038,0.13180002570152283,0.9570000171661377,0.6304000020027161
YGL090W,YDR059C,0,-4.6553407,0.13178187608718872,0.9570000171661377,0.6305000185966492
YER122C,YML033W,0,-4.655786,0.1317637413740158,0.9570000171661377,0.6305999755859375
YLR381W,YPL028W,0,-4.655885,0.1317455917596817,0.9570000171661377,0.6306999921798706
YOR045W,YPR036W,0,-4.6561627,0.1317274570465088,0.9570000171661377,0.6308000087738037
YLR102C,YLR220W,0,-4.6563716,0.13170933723449707,0.9570000171661377,0.6309000253677368
YDR389W,YJR028W,0,-4.657449,0.13169120252132416,0.9570000171661377,0.6309999823570251
YDR517W,YGL063W,0,-4.6579943,0.13167308270931244,0.9570000171661377,0.6310999989509583
YMR068W,YPR187W,0,-4.6580744,0.13165497779846191,0.9570000171661377,0.6312000155448914
YGR057C,YML085C,0,-4.658714,0.1316368579864502,0.9570000171661377,0.6312999725341797
YER166W,YJL018W,0,-4.658806,0.13161875307559967,0.9570000171661377,0.6313999891281128
YPR122W,YCL062W,0,-4.658929,0.13160066306591034,0.9570000171661377,0.6315000057220459
YFL025C,YEL041W,0,-4.660214,0.131582573056221,0.9570000171661377,0.631600022315979
YBR158W,YGL222C,0,-4.6605873,0.13156448304653168,0.9570000171661377,0.6316999793052673
YEL003W,YDL051W,0,-4.661335,0.13154639303684235,0.9570000171661377,0.6317999958992004
YIR002C,YHR062C,0,-4.6617866,0.1315283179283142,0.9570000171661377,0.6319000124931335
YFR036W,YNL293W,0,-4.6618724,0.13151024281978607,0.9570000171661377,0.6320000290870667
YNL256W,YDL106C,0,-4.662533,0.13149216771125793,0.9570000171661377,0.632099986076355
YNL227C,YNL243W,0,-4.6625347,0.131474107503891,0.9570000171661377,0.6322000026702881
YKL208W,YHL048W,0,-4.662541,0.13145604729652405,0.9570000171661377,0.6323000192642212
YDR284C,YIL021W,0,-4.66282,0.1314379870891571,0.9570000171661377,0.6323999762535095
YHR059W,YKL189W,0,-4.662824,0.13141994178295135,0.9570000171661377,0.6324999928474426
YGR074W,YOL091W,0,-4.6633496,0.1314018964767456,0.9570000171661377,0.6326000094413757
YDR016C,YOR310C,0,-4.6634736,0.13138385117053986,0.9570000171661377,0.6327000260353088
YLR069C,YLL021W,0,-4.6635847,0.1313658207654953,0.9570000171661377,0.6327999830245972
YPR019W,YLR186W,0,-4.6636124,0.13134779036045074,0.9570000171661377,0.6328999996185303
YCL012W,YPR141C,0,-4.6636825,0.1313297599554062,0.9570000171661377,0.6330000162124634
YPL026C,YNR064C,0,-4.6640587,0.13131174445152283,0.9570000171661377,0.6330999732017517
YIL119C,YJL164C,0,-4.6641583,0.13129372894763947,0.9570000171661377,0.6331999897956848
YGL005C,YIL042C,0,-4.6643662,0.1312757134437561,0.9570000171661377,0.6333000063896179
YNL110C,YJR120W,0,-4.6646314,0.13125771284103394,0.9570000171661377,0.633400022983551
YOR103C,YJL093C,0,-4.664676,0.13123971223831177,0.9570000171661377,0.6334999799728394
YBR073W,YMR054W,0,-4.664726,0.1312217265367508,0.9570000171661377,0.6335999965667725
YKR034W,YFL035C-A,0,-4.6649184,0.13120372593402863,0.9570000171661377,0.6337000131607056
YLR390W-A,YJL114W,0,-4.6660495,0.13118574023246765,0.9570000171661377,0.6338000297546387
YHR176W,YOR207C,0,-4.6672683,0.13116776943206787,0.9570000171661377,0.633899986743927
YCL054W,YLR043C,0,-4.6676826,0.1311497837305069,0.9570000171661377,0.6340000033378601
YNL292W,YIL029C,0,-4.6676993,0.13113181293010712,0.9570000171661377,0.6341000199317932
YLR314C,YHR092C,0,-4.667787,0.13111385703086853,0.9570000171661377,0.6341999769210815
YFR024C,YOR307C,0,-4.6678114,0.13109588623046875,0.9570000171661377,0.6342999935150146
YGL130W,YJL164C,0,-4.6687937,0.13107793033123016,0.9570000171661377,0.6344000101089478
YCL026C-A,YGL213C,0,-4.66912,0.13105998933315277,0.9570000171661377,0.6345000267028809
YDR054C,YGR145W,0,-4.669916,0.13104203343391418,0.9570000171661377,0.6345999836921692
YOR063W,YJL139C,0,-4.67028,0.1310240924358368,0.9570000171661377,0.6347000002861023
YBR039W,YPR103W,0,-4.6704392,0.1310061663389206,0.9570000171661377,0.6348000168800354
YLR002C,YML019W,0,-4.670517,0.1309882253408432,0.9570000171661377,0.6348999738693237
YJL209W,YJR145C,0,-4.670673,0.130970299243927,0.9570000171661377,0.6349999904632568
YER061C,YNL002C,0,-4.670719,0.130952388048172,0.9570000171661377,0.6351000070571899
YJR145C,YDR389W,0,-4.67104,0.1309344619512558,0.9570000171661377,0.635200023651123
YPL018W,YJR026W,0,-4.67232,0.1309165507555008,0.9570000171661377,0.6352999806404114
YLR191W,YCR062W,0,-4.6724076,0.1308986395597458,0.9570000171661377,0.6353999972343445
YLR014C,YLR208W,0,-4.672621,0.13088074326515198,0.9570000171661377,0.6355000138282776
YJL092W,YMR035W,0,-4.672647,0.13086284697055817,0.9570000171661377,0.6355999708175659
YIL142W,YLR006C,0,-4.6727204,0.13084495067596436,0.9570000171661377,0.635699987411499
YNL127W,YGR220C,0,-4.6727386,0.13082706928253174,0.9570000171661377,0.6358000040054321
YOR168W,YAL010C,0,-4.6727495,0.13080918788909912,0.9570000171661377,0.6359000205993652
YDL142C,YMR270C,0,-4.6727667,0.1307913064956665,0.9570000171661377,0.6359999775886536
YPL050C,YPL033C,0,-4.673624,0.13077344000339508,0.9570000171661377,0.6360999941825867
YPL002C,YJL114W,0,-4.674,0.13075557351112366,0.9570000171661377,0.6362000107765198
YHR092C,YJL029C,0,-4.674015,0.13073770701885223,0.9570000171661377,0.6363000273704529
YDR384C,YAR009C,0,-4.67433,0.1307198405265808,0.9570000171661377,0.6363999843597412
YNL151C,YER021W,0,-4.674577,0.13070198893547058,0.9570000171661377,0.6365000009536743
YOL165C,YHR006W,0,-4.6748695,0.13068415224552155,0.9570000171661377,0.6366000175476074
YDL024C,YOL045W,0,-4.6750016,0.13066630065441132,0.9570000171661377,0.6366999745368958
YCR010C,YMR172W,0,-4.6750674,0.13064846396446228,0.9570000171661377,0.6367999911308289
YMR021C,YCL044C,0,-4.675148,0.13063062727451324,0.9570000171661377,0.636900007724762
YMR119W,YJR141W,0,-4.675802,0.1306128054857254,0.9570000171661377,0.6370000243186951
YML023C,YNL012W,0,-4.676251,0.13059498369693756,0.9570000171661377,0.6370999813079834
YPR168W,YCL001W,0,-4.6766315,0.13057716190814972,0.9570000171661377,0.6371999979019165
YFL035C,YPL085W,0,-4.677095,0.13055934011936188,0.9570000171661377,0.6373000144958496
YJL060W,YDL108W,0,-4.678296,0.13054153323173523,0.9570000171661377,0.6373999714851379
YOR377W,YKL149C,0,-4.679011,0.13052372634410858,0.9570000171661377,0.637499988079071
YKR052C,YGR197C,0,-4.6790977,0.13050593435764313,0.9570000171661377,0.6376000046730042
YDL145C,YLR014C,0,-4.6794686,0.13048814237117767,0.9570000171661377,0.6377000212669373
YOL133W,YIL115C,0,-4.679832,0.13047035038471222,0.9570000171661377,0.6377999782562256
YHL048W,YPR030W,0,-4.680501,0.13045255839824677,0.9570000171661377,0.6378999948501587
YLR071C,YJL114W,0,-4.680612,0.1304347813129425,0.9570000171661377,0.6380000114440918
YLR055C,YER024W,0,-4.680675,0.13041700422763824,0.9570000171661377,0.6381000280380249
YER015W,YKL058W,0,-4.681044,0.13039924204349518,0.9570000171661377,0.6381999850273132
YLR391W,YMR199W,0,-4.6811743,0.13038146495819092,0.9570000171661377,0.6383000016212463
YPL270W,YKL059C,0,-4.681377,0.13036371767520905,0.9570000171661377,0.6384000182151794
YBL084C,YGR047C,0,-4.6819234,0.13034595549106598,0.9570000171661377,0.6384999752044678
YOL078W,YGR280C,0,-4.682052,0.1303282082080841,0.9570000171661377,0.6385999917984009
YEL042W,YOR307C,0,-4.682178,0.13031046092510223,0.9570000171661377,0.638700008392334
YHR014W,YMR210W,0,-4.6822705,0.13029271364212036,0.9570000171661377,0.6388000249862671
YKR038C,YFR024C,0,-4.682597,0.13027498126029968,0.9570000171661377,0.6388999819755554
YPR023C,YCL060C,1,-4.6829286,0.1303933560848236,0.9580000042915344,0.6388999819755554
YOR011W,YGR272C,0,-4.683131,0.13037560880184174,0.9580000042915344,0.6389999985694885
YFR024C,YOR221C,0,-4.683248,0.13035787642002106,0.9580000042915344,0.6391000151634216
YGL206C,YPL096W,0,-4.6835394,0.13034012913703918,0.9580000042915344,0.63919997215271
YMR029C,YOR181W,0,-4.683612,0.1303224116563797,0.9580000042915344,0.6392999887466431
YGR218W,YJR070C,0,-4.684035,0.13030467927455902,0.9580000042915344,0.6394000053405762
YDL197C,YEL066W,1,-4.6840963,0.1304229497909546,0.9589999914169312,0.6394000053405762
YGL099W,YNR006W,0,-4.6848426,0.1304052174091339,0.9589999914169312,0.6395000219345093
YMR128W,YKL214C,0,-4.6853724,0.13038748502731323,0.9589999914169312,0.6395999789237976
YKL054C,YAR044W,0,-4.6863923,0.13036976754665375,0.9589999914169312,0.6396999955177307
YCL012W,YDL190C,0,-4.6867957,0.13035205006599426,0.9589999914169312,0.6398000121116638
YIL031W,YMR089C,0,-4.6868567,0.13033433258533478,0.9589999914169312,0.6399000287055969
YER025W,YGL084C,0,-4.6869125,0.1303166151046753,0.9589999914169312,0.6399999856948853
YMR029C,YHR039C-B,0,-4.687259,0.130298912525177,0.9589999914169312,0.6401000022888184
YDL137W,YJL112W,0,-4.6880565,0.1302812099456787,0.9589999914169312,0.6402000188827515
YDR376W,YGL008C,0,-4.688326,0.1302635222673416,0.9589999914169312,0.6402999758720398
YJL108C,YDR172W,0,-4.68836,0.13024581968784332,0.9589999914169312,0.6403999924659729
YDR317W,YJL025W,0,-4.6891212,0.13022813200950623,0.9589999914169312,0.640500009059906
YGR241C,YCL033C,0,-4.6892924,0.13021045923233032,0.9589999914169312,0.6406000256538391
YPL275W,YKL110C,0,-4.6894145,0.13019277155399323,0.9589999914169312,0.6406999826431274
YCR086W,YBR130C,0,-4.689876,0.13017509877681732,0.9589999914169312,0.6407999992370605
YHR096C,YMR077C,0,-4.689992,0.1301574409008026,0.9589999914169312,0.6409000158309937
YNL085W,YNR046W,0,-4.690329,0.1301397681236267,0.9589999914169312,0.640999972820282
YDR256C,YDR424C,0,-4.6908636,0.130122110247612,0.9589999914169312,0.6410999894142151
YOL061W,YML040W,0,-4.6910386,0.13010446727275848,0.9589999914169312,0.6412000060081482
YOL016C,YER032W,0,-4.691514,0.13008680939674377,0.9589999914169312,0.6413000226020813
YDR517W,YFL016C,0,-4.6915736,0.13006916642189026,0.9589999914169312,0.6413999795913696
YLR391W,YFR033C,0,-4.6919026,0.13005153834819794,0.9589999914169312,0.6414999961853027
YHR187W,YGL151W,0,-4.6920724,0.13003389537334442,0.9589999914169312,0.6416000127792358
YER061C,YML104C,0,-4.692074,0.1300162672996521,0.9589999914169312,0.641700029373169
YKL205W,YMR190C,0,-4.6922364,0.12999863922595978,0.9589999914169312,0.6417999863624573
YFR050C,YMR051C,0,-4.692348,0.12998102605342865,0.9589999914169312,0.6419000029563904
YER028C,YDR202C,0,-4.692578,0.12996341288089752,0.9589999914169312,0.6420000195503235
YDR037W,YOR354C,0,-4.6928096,0.1299457997083664,0.9589999914169312,0.6420999765396118
YKL051W,YHR152W,0,-4.6933117,0.12992820143699646,0.9589999914169312,0.6421999931335449
YKL086W,YOR106W,0,-4.6933827,0.12991058826446533,0.9589999914169312,0.642300009727478
YKL021C,YNL123W,0,-4.6938133,0.1298929899930954,0.9589999914169312,0.6424000263214111
YKL062W,YML097C,0,-4.6943417,0.12987540662288666,0.9589999914169312,0.6424999833106995
YCL060C,YLR335W,1,-4.6944947,0.1299932301044464,0.9599999785423279,0.6424999833106995
YDL226C,YIL017W,0,-4.6945705,0.12997563183307648,0.9599999785423279,0.6425999999046326
YNL233W,YGR145W,0,-4.69473,0.12995803356170654,0.9599999785423279,0.6427000164985657
YIL105C,YIL082W-A,0,-4.694935,0.1299404501914978,0.9599999785423279,0.642799973487854
YDL126C,YOL091W,0,-4.695499,0.12992285192012787,0.9599999785423279,0.6428999900817871
YEL029C,YOR088W,0,-4.695616,0.12990528345108032,0.9599999785423279,0.6430000066757202
YDR473C,YHR106W,0,-4.695856,0.12988770008087158,0.9599999785423279,0.6431000232696533
YPR201W,YDR416W,0,-4.696174,0.12987013161182404,0.9599999785423279,0.6431999802589417
YNR032C-A,YIL082W-A,0,-4.6964,0.1298525631427765,0.9599999785423279,0.6432999968528748
YDR529C,YHR154W,0,-4.6964107,0.12983499467372894,0.9599999785423279,0.6434000134468079
YGL084C,YOR179C,0,-4.696442,0.1298174411058426,0.9599999785423279,0.6434999704360962
YLR189C,YLR265C,0,-4.6966925,0.12979988753795624,0.9599999785423279,0.6435999870300293
YPR021C,YJL141C,0,-4.6971064,0.12978234887123108,0.9599999785423279,0.6437000036239624
YFL041W,YGL249W,0,-4.6975207,0.12976479530334473,0.9599999785423279,0.6438000202178955
YML116W,YPL112C,0,-4.697529,0.12974725663661957,0.9599999785423279,0.6438999772071838
YJR040W,YOR344C,0,-4.697983,0.1297297328710556,0.9599999785423279,0.6439999938011169
YFL035C-A,YDL015C,0,-4.699281,0.12971219420433044,0.9599999785423279,0.64410001039505
YKL182W,YDR306C,0,-4.699498,0.12969467043876648,0.9599999785423279,0.6442000269889832
YOL158C,YML130C,0,-4.6995406,0.1296771615743637,0.9599999785423279,0.6442999839782715
YOL002C,YDR325W,0,-4.6996875,0.12965963780879974,0.9599999785423279,0.6444000005722046
YDR231C,YPR042C,0,-4.7004037,0.12964212894439697,0.9599999785423279,0.6445000171661377
YHR164C,YOR099W,0,-4.700823,0.1296246349811554,0.9599999785423279,0.644599974155426
YOR240W,YLR268W,0,-4.7013392,0.12960712611675262,0.9599999785423279,0.6446999907493591
YMR312W,YDR158W,0,-4.70239,0.12958963215351105,0.9599999785423279,0.6448000073432922
YML086C,YDL230W,0,-4.7025967,0.12957213819026947,0.9599999785423279,0.6449000239372253
YKL014C,YHR012W,0,-4.702972,0.1295546591281891,0.9599999785423279,0.6449999809265137
YBL084C,YLL040C,0,-4.7034497,0.1295371800661087,0.9599999785423279,0.6450999975204468
YDR254W,YGR166W,0,-4.7041945,0.12951970100402832,0.9599999785423279,0.6452000141143799
YJR131W,YJR035W,0,-4.704438,0.12950222194194794,0.9599999785423279,0.6452999711036682
YML132W,YIR025W,0,-4.7044706,0.12948475778102875,0.9599999785423279,0.6453999876976013
YGL003C,YHR178W,0,-4.7048216,0.12946729362010956,0.9599999785423279,0.6455000042915344
YMR140W,YIL147C,0,-4.7053065,0.12944984436035156,0.9599999785423279,0.6456000208854675
YFL011W,YKL080W,0,-4.705458,0.12943238019943237,0.9599999785423279,0.6456999778747559
YDR378C,YDR463W,0,-4.705673,0.12941493093967438,0.9599999785423279,0.645799994468689
YOL033W,YOL080C,0,-4.7059207,0.12939749658107758,0.9599999785423279,0.6459000110626221
YLR357W,YMR053C,1,-4.706192,0.12951482832431793,0.9610000252723694,0.6459000110626221
YLR398C,YGR122W,0,-4.706619,0.12949737906455994,0.9610000252723694,0.6460000276565552
YCL012W,YGR009C,0,-4.707296,0.12947992980480194,0.9610000252723694,0.6460999846458435
YOL020W,YOR060C,0,-4.7076216,0.12946248054504395,0.9610000252723694,0.6462000012397766
YLR391W-A,YGR213C,0,-4.7083535,0.12944504618644714,0.9610000252723694,0.6463000178337097
YGR224W,YLL009C,0,-4.708949,0.12942761182785034,0.9610000252723694,0.646399974822998
YKL120W,YEL041W,0,-4.7090487,0.12941017746925354,0.9610000252723694,0.6464999914169312
YBL097W,YLR068W,0,-4.7092595,0.12939275801181793,0.9610000252723694,0.6466000080108643
YMR298W,YLR048W,0,-4.7094917,0.12937533855438232,0.9610000252723694,0.6467000246047974
YMR025W,YHR098C,0,-4.70999,0.12935791909694672,0.9610000252723694,0.6467999815940857
YFL009W,YLL040C,0,-4.7100625,0.1293405145406723,0.9610000252723694,0.6468999981880188
YFL035C,YOL005C,0,-4.7103496,0.1293231099843979,0.9610000252723694,0.6470000147819519
YAL023C,YPR132W,0,-4.7107615,0.12930570542812347,0.9610000252723694,0.6470999717712402
YPL179W,YGR221C,0,-4.711122,0.12928831577301025,0.9610000252723694,0.6471999883651733
YML060W,YER138C,0,-4.71127,0.12927091121673584,0.9610000252723694,0.6473000049591064
YDR264C,YKL144C,0,-4.7117076,0.1292535364627838,0.9610000252723694,0.6474000215530396
YER108C,YGR074W,0,-4.711766,0.1292361468076706,0.9610000252723694,0.6474999785423279
YBR234C,YPL045W,0,-4.7118793,0.12921877205371857,0.9610000252723694,0.647599995136261
YGL219C,YBR257W,0,-4.712926,0.12920139729976654,0.9610000252723694,0.6477000117301941
YDR376W,YMR202W,0,-4.7129507,0.1291840374469757,0.9610000252723694,0.6478000283241272
YNL159C,YJL209W,0,-4.71298,0.12916666269302368,0.9610000252723694,0.6478999853134155
YCL031C,YHR106W,0,-4.7136426,0.12914930284023285,0.9610000252723694,0.6480000019073486
YIR033W,YMR266W,0,-4.7139516,0.1291319578886032,0.9610000252723694,0.6481000185012817
YOR178C,YCL062W,0,-4.714423,0.12911459803581238,0.9610000252723694,0.6481999754905701
YLR380W,YKL075C,0,-4.7150393,0.12909725308418274,0.9610000252723694,0.6482999920845032
YEL066W,YPR018W,1,-4.715081,0.12921424210071564,0.9620000123977661,0.6482999920845032
YOR178C,YOR294W,0,-4.7167706,0.1291968822479248,0.9620000123977661,0.6484000086784363
YNR032C-A,YKL093W,0,-4.716956,0.12917953729629517,0.9620000123977661,0.6485000252723694
YER108C,YDR138W,0,-4.7173314,0.12916219234466553,0.9620000123977661,0.6485999822616577
YDR301W,YGR180C,0,-4.717542,0.1291448473930359,0.9620000123977661,0.6486999988555908
YGR225W,YPR017C,0,-4.717544,0.12912751734256744,0.9620000123977661,0.6488000154495239
YMR202W,YLR222C,0,-4.7177615,0.129110187292099,0.9620000123977661,0.6488999724388123
YDR122W,YDR011W,0,-4.717849,0.12909285724163055,0.9620000123977661,0.6489999890327454
YNL121C,YAR009C,0,-4.7191677,0.1290755420923233,0.9620000123977661,0.6491000056266785
YER146W,YJL129C,0,-4.719665,0.12905822694301605,0.9620000123977661,0.6492000222206116
YML031W,YPR002W,0,-4.7198796,0.1290409117937088,0.9620000123977661,0.6492999792098999
YPR141C,YJR059W,0,-4.720206,0.12902361154556274,0.9620000123977661,0.649399995803833
YFL022C,YPR065W,0,-4.720264,0.1290062963962555,0.9620000123977661,0.6495000123977661
YFL034C-B,YCR020C,0,-4.720725,0.12898901104927063,0.9620000123977661,0.6496000289916992
YJR105W,YCR020C,0,-4.721405,0.12897171080112457,0.9620000123977661,0.6496999859809875
YBR158W,YGL249W,0,-4.7215314,0.1289544254541397,0.9620000123977661,0.6498000025749207
YKL014C,YGL095C,0,-4.722009,0.12893714010715485,0.9620000123977661,0.6499000191688538
YER044C,YDR045C,0,-4.7222533,0.12891985476016998,0.9620000123977661,0.6499999761581421
YDR434W,YJR145C,0,-4.723101,0.1289025843143463,0.9620000123977661,0.6500999927520752
YGR163W,YNL119W,0,-4.723743,0.12888531386852264,0.9620000123977661,0.6502000093460083
YMR161W,YKL200C,0,-4.724283,0.12886805832386017,0.9620000123977661,0.6503000259399414
YOL002C,YOL105C,0,-4.724293,0.1288507878780365,0.9620000123977661,0.6503999829292297
YPL202C,YAL016W,0,-4.7248845,0.12883353233337402,0.9620000123977661,0.6504999995231628
YGR083C,YER094C,0,-4.725904,0.12881627678871155,0.9620000123977661,0.650600016117096
YML078W,YGR183C,0,-4.7260094,0.12879903614521027,0.9620000123977661,0.6506999731063843
YNL209W,YJR027W,0,-4.7264113,0.12878179550170898,0.9620000123977661,0.6507999897003174
YDR085C,YNL020C,0,-4.7266192,0.1287645548582077,0.9620000123977661,0.6509000062942505
YKL013C,YLR035C-A,0,-4.726737,0.12874732911586761,0.9620000123977661,0.6510000228881836
YHR001W-A,YMR059W,0,-4.726928,0.12873008847236633,0.9620000123977661,0.6510999798774719
YKR028W,YDR451C,0,-4.7275424,0.12871287763118744,0.9620000123977661,0.651199996471405
YFL029C,YER107C,0,-4.7285447,0.12869565188884735,0.9620000123977661,0.6513000130653381
YER183C,YOR008C-A,0,-4.7289762,0.12867844104766846,0.9620000123977661,0.6514000296592712
YLR068W,YNL199C,0,-4.730416,0.12866123020648956,0.9620000123977661,0.6514999866485596
YDR483W,YMR143W,0,-4.730522,0.12864401936531067,0.9620000123977661,0.6516000032424927
YOR180C,YGR046W,0,-4.730807,0.12862682342529297,0.9620000123977661,0.6517000198364258
YML116W,YPL028W,0,-4.7308373,0.12860962748527527,0.9620000123977661,0.6517999768257141
YJL052W,YCL062W,0,-4.7312775,0.12859243154525757,0.9620000123977661,0.6518999934196472
YGL099W,YAR033W,0,-4.731279,0.12857525050640106,0.9620000123977661,0.6520000100135803
YOR267C,YIL068C,0,-4.732492,0.12855806946754456,0.9620000123977661,0.6521000266075134
YPR201W,YOR310C,0,-4.7325697,0.12854088842868805,0.9620000123977661,0.6521999835968018
YOR240W,YMR270C,0,-4.7326345,0.12852370738983154,0.9620000123977661,0.6523000001907349
YJR040W,YIL002C,0,-4.733009,0.12850654125213623,0.9620000123977661,0.652400016784668
YNL271C,YAL005C,0,-4.7331066,0.12848937511444092,0.9620000123977661,0.6524999737739563
YML036W,YLR425W,0,-4.7335052,0.1284722238779068,0.9620000123977661,0.6525999903678894
YKL032C,YOR386W,0,-4.7337294,0.12845507264137268,0.9620000123977661,0.6527000069618225
YJR083C,YGL055W,0,-4.733946,0.12843792140483856,0.9620000123977661,0.6528000235557556
YNL302C,YJL138C,0,-4.734103,0.12842077016830444,0.9620000123977661,0.652899980545044
YOR103C,YMR087W,0,-4.734607,0.12840363383293152,0.9620000123977661,0.652999997138977
YCL062W,YJL029C,0,-4.7346964,0.1283864974975586,0.9620000123977661,0.6531000137329102
YMR011W,YNR039C,0,-4.7347445,0.12836936116218567,0.9620000123977661,0.6531999707221985
YAR044W,YBR061C,0,-4.7351036,0.12835223972797394,0.9620000123977661,0.6532999873161316
YDL046W,YNL131W,0,-4.7353163,0.1283351182937622,0.9620000123977661,0.6534000039100647
YPL061W,YOL028C,0,-4.7357388,0.12831799685955048,0.9620000123977661,0.6535000205039978
YFR019W,YMR314W,0,-4.7360587,0.12830087542533875,0.9620000123977661,0.6535999774932861
YNL029C,YOR224C,0,-4.7361193,0.1282837688922882,0.9620000123977661,0.6536999940872192
YDR265W,YIL016W,0,-4.7369266,0.12826666235923767,0.9620000123977661,0.6538000106811523
YJR043C,YAR010C,0,-4.7370863,0.12824957072734833,0.9620000123977661,0.6539000272750854
YHL038C,YER143W,0,-4.737904,0.1282324641942978,0.9620000123977661,0.6539999842643738
YDR256C,YIL076W,0,-4.738597,0.12821538746356964,0.9620000123977661,0.6541000008583069
YLR391W,YNL098C,0,-4.738746,0.1281982958316803,0.9620000123977661,0.65420001745224
YNL327W,YNL287W,0,-4.7388926,0.12818121910095215,0.9620000123977661,0.6542999744415283
YER108C,YLR132C,0,-4.739041,0.128164142370224,0.9620000123977661,0.6543999910354614
YMR116C,YLR157C-B,0,-4.7391024,0.12814706563949585,0.9620000123977661,0.6545000076293945
YKR059W,YDR210W-B,0,-4.73936,0.1281299889087677,0.9620000123977661,0.6546000242233276
YHR042W,YHR083W,0,-4.739557,0.12811292707920074,0.9620000123977661,0.654699981212616
YLR043C,YGR211W,0,-4.7397237,0.1280958652496338,0.9620000123977661,0.6547999978065491
YPR120C,YAL030W,0,-4.739733,0.12807881832122803,0.9620000123977661,0.6549000144004822
YCL014W,YOR340C,0,-4.7397857,0.12806177139282227,0.9620000123977661,0.6549999713897705
YML081C-A,YGL063W,0,-4.740106,0.1280447244644165,0.9620000123977661,0.6550999879837036
YOR232W,YOR008C-A,0,-4.740554,0.12802767753601074,0.9620000123977661,0.6552000045776367
YJL061W,YCL003W,0,-4.740877,0.12801064550876617,0.9620000123977661,0.6553000211715698
YAL055W,YNR048W,0,-4.7410865,0.1279936134815216,0.9620000123977661,0.6553999781608582
YCR028C,YCL051W,0,-4.741154,0.12797658145427704,0.9620000123977661,0.6554999947547913
YPL178W,YLR284C,0,-4.7411633,0.12795956432819366,0.9620000123977661,0.6556000113487244
YJL060W,YJR141W,0,-4.7415843,0.1279425472021103,0.9620000123977661,0.6557000279426575
YKL055C,YAR010C,0,-4.741728,0.12792553007602692,0.9620000123977661,0.6557999849319458
YGL130W,YNR006W,0,-4.7430534,0.12790852785110474,0.9620000123977661,0.6559000015258789
YLR136C,YML005W,0,-4.7435083,0.12789152562618256,0.9620000123977661,0.656000018119812
YKR007W,YPR110C,0,-4.743935,0.12787452340126038,0.9620000123977661,0.6560999751091003
YPL231W,YDR517W,0,-4.744159,0.1278575211763382,0.9620000123977661,0.6561999917030334
YGL150C,YBR090C-A,1,-4.7443094,0.12797342240810394,0.9629999995231628,0.6561999917030334
YCL016C,YBL005W-A,0,-4.7446647,0.12795642018318176,0.9629999995231628,0.6563000082969666
YFR036W,YLR035C-A,0,-4.744913,0.12793941795825958,0.9629999995231628,0.6564000248908997
YGL047W,YMR167W,0,-4.745232,0.1279224157333374,0.9629999995231628,0.656499981880188
YJL102W,YPR165W,0,-4.7454066,0.12790542840957642,0.9629999995231628,0.6565999984741211
YGL094C,YGR132C,0,-4.7455225,0.12788844108581543,0.9629999995231628,0.6567000150680542
YDR077W,YLR424W,0,-4.7455797,0.12787146866321564,0.9629999995231628,0.6567999720573425
YML012W,YKL110C,0,-4.7457604,0.12785448133945465,0.9629999995231628,0.6568999886512756
YGL062W,YKL041W,0,-4.745872,0.12783750891685486,0.9629999995231628,0.6570000052452087
YGL205W,YFL002W-A,0,-4.745916,0.12782055139541626,0.9629999995231628,0.6571000218391418
YKL120W,YOR142W-A,0,-4.746049,0.12780357897281647,0.9629999995231628,0.6571999788284302
YKL206C,YNL247W,0,-4.7461715,0.12778662145137787,0.9629999995231628,0.6572999954223633
YPL266W,YDR515W,0,-4.7463613,0.12776966392993927,0.9629999995231628,0.6574000120162964
YOR363C,YML027W,0,-4.7464128,0.12775272130966187,0.9629999995231628,0.6575000286102295
YOR233W,YJR086W,0,-4.7467647,0.12773577868938446,0.9629999995231628,0.6575999855995178
YDL101C,YPL218W,0,-4.746826,0.12771883606910706,0.9629999995231628,0.6577000021934509
YKR036C,YLR051C,0,-4.747,0.12770189344882965,0.9629999995231628,0.657800018787384
YAL025C,YBR136W,0,-4.7470098,0.12768496572971344,0.9629999995231628,0.6578999757766724
YER019W,YPR190C,0,-4.747323,0.12766803801059723,0.9629999995231628,0.6579999923706055
YOR201C,YNL046W,0,-4.747691,0.12765111029148102,0.9629999995231628,0.6581000089645386
YOR168W,YFL035C-A,0,-4.748131,0.127634197473526,0.9629999995231628,0.6582000255584717
YJR066W,YOR287C,0,-4.7482285,0.12761728465557098,0.9629999995231628,0.65829998254776
YGL012W,YBR008C,0,-4.748233,0.12760037183761597,0.9629999995231628,0.6583999991416931
YBR177C,YKL129C,0,-4.748284,0.12758345901966095,0.9629999995231628,0.6585000157356262
YPR037C,YNL247W,0,-4.748463,0.12756656110286713,0.9629999995231628,0.6585999727249146
YNL317W,YBR126C,0,-4.748909,0.1275496631860733,0.9629999995231628,0.6586999893188477
YAL032C,YPR007C,0,-4.749097,0.12753278017044067,0.9629999995231628,0.6588000059127808
YCL003W,YDL098C,0,-4.7491074,0.12751589715480804,0.9629999995231628,0.6589000225067139
YBR257W,YDR131C,0,-4.749433,0.12749901413917542,0.9629999995231628,0.6589999794960022
YJL179W,YDR388W,0,-4.7500205,0.12748213112354279,0.9629999995231628,0.6590999960899353
YNR059W,YOR359W,0,-4.7504764,0.12746524810791016,0.9629999995231628,0.6592000126838684
YJR052W,YDL147W,0,-4.750561,0.12744837999343872,0.9629999995231628,0.6593000292778015
YMR184W,YJL025W,0,-4.7507076,0.12743152678012848,0.9629999995231628,0.6593999862670898
YBL097W,YJR028W,0,-4.751284,0.12741465866565704,0.9629999995231628,0.659500002861023
YCL025C,YIL010W,0,-4.7514915,0.1273978054523468,0.9629999995231628,0.659600019454956
YDR515W,YLR035C-A,0,-4.7515492,0.12738095223903656,0.9629999995231628,0.6596999764442444
YLR452C,YBR118W,0,-4.752055,0.12736409902572632,0.9629999995231628,0.6597999930381775
YOR211C,YPL131W,0,-4.7526045,0.12734726071357727,0.9629999995231628,0.6599000096321106
YOR317W,YDL200C,0,-4.7531815,0.12733042240142822,0.9629999995231628,0.6600000262260437
YBR117C,YCL062W,0,-4.7533174,0.12731358408927917,0.9629999995231628,0.660099983215332
YGL183C,YBR012W-A,0,-4.7535086,0.12729676067829132,0.9629999995231628,0.6601999998092651
YMR280C,YOL103W-A,0,-4.753885,0.12727993726730347,0.9629999995231628,0.6603000164031982
YAL059W,YOL101C,0,-4.754366,0.1272631138563156,0.9629999995231628,0.6603999733924866
YIL062C,YCL027W,0,-4.754824,0.12724630534648895,0.9629999995231628,0.6604999899864197
YHR123W,YPR009W,0,-4.7549706,0.1272294819355011,0.9629999995231628,0.6606000065803528
YER117W,YOL103W-B,0,-4.75505,0.12721268832683563,0.9629999995231628,0.6607000231742859
YFL057C,YDL134C,0,-4.755236,0.12719587981700897,0.9629999995231628,0.6607999801635742
YPL002C,YGR185C,0,-4.755713,0.1271790862083435,0.9629999995231628,0.6608999967575073
YDR037W,YNL244C,0,-4.7557273,0.12716229259967804,0.9629999995231628,0.6610000133514404
YLR390W-A,YHR214C-C,0,-4.7558737,0.12714549899101257,0.9629999995231628,0.6610999703407288
YMR260C,YOR142W-A,0,-4.7559166,0.1271287202835083,0.9629999995231628,0.6611999869346619
YOL082W,YPR137C-A,0,-4.756344,0.12711192667484283,0.9629999995231628,0.661300003528595
YML126C,YPR002W,0,-4.756582,0.12709516286849976,0.9629999995231628,0.6614000201225281
YFR053C,YCL074W,0,-4.7572365,0.12707838416099548,0.9629999995231628,0.6614999771118164
YOR099W,YML040W,0,-4.7575626,0.1270616203546524,0.9629999995231628,0.6615999937057495
YHR161C,YGR038C-A,0,-4.757584,0.12704485654830933,0.9629999995231628,0.6617000102996826
YOL142W,YOR089C,0,-4.7587914,0.12702809274196625,0.9629999995231628,0.6618000268936157
YOL011W,YLR150W,0,-4.7598653,0.12701134383678436,0.9629999995231628,0.661899983882904
YPL160W,YPL097W,0,-4.7599387,0.12699459493160248,0.9629999995231628,0.6620000004768372
YGL055W,YBL093C,0,-4.760132,0.1269778460264206,0.9629999995231628,0.6621000170707703
YDR449C,YDR365W-B,0,-4.7606106,0.1269611120223999,0.9629999995231628,0.6621999740600586
YJR145C,YDL052C,0,-4.761136,0.1269443780183792,0.9629999995231628,0.6622999906539917
YCR075C,YDL226C,0,-4.7611523,0.12692764401435852,0.9629999995231628,0.6624000072479248
YOL028C,YCR062W,0,-4.7616034,0.12691091001033783,0.9629999995231628,0.6625000238418579
YHR052W,YPL257W-A,0,-4.761614,0.12689419090747833,0.9629999995231628,0.6625999808311462
YPL275W,YOL116W,0,-4.762035,0.12687747180461884,0.9629999995231628,0.6626999974250793
YMR312W,YDR098C-B,0,-4.7621155,0.12686075270175934,0.9629999995231628,0.6628000140190125
YIL004C,YOR003W,0,-4.76226,0.12684404850006104,0.9629999995231628,0.6628999710083008
YJL063C,YOR137C,0,-4.76261,0.12682734429836273,0.9629999995231628,0.6629999876022339
YBL022C,YOR007C,0,-4.7627444,0.12681064009666443,0.9629999995231628,0.663100004196167
YNL159C,YOL103W-A,0,-4.7628965,0.12679395079612732,0.9629999995231628,0.6632000207901001
YER108C,YLR329W,0,-4.7632546,0.12677724659442902,0.9629999995231628,0.6632999777793884
YHR081W,YDR341C,0,-4.7632613,0.1267605572938919,0.9629999995231628,0.6633999943733215
YML118W,YOR229W,0,-4.7633047,0.126743882894516,0.9629999995231628,0.6635000109672546
YOR137C,YLR045C,0,-4.7633195,0.12672719359397888,0.9629999995231628,0.6636000275611877
YHR055C,YPR158W-A,0,-4.7638903,0.12671051919460297,0.9629999995231628,0.6636999845504761
YOR250C,YNL164C,0,-4.763976,0.12669385969638824,0.9629999995231628,0.6638000011444092
YKL025C,YOR027W,0,-4.764161,0.12667718529701233,0.9629999995231628,0.6639000177383423
YKL035W,YKL041W,0,-4.764239,0.1266605257987976,0.9629999995231628,0.6639999747276306
YPR023C,YOR209C,1,-4.7643256,0.12677538394927979,0.9639999866485596,0.6639999747276306
YNL314W,YGR161W-A,0,-4.764504,0.12675870954990387,0.9639999866485596,0.6640999913215637
YDR135C,YAR010C,0,-4.764597,0.12674205005168915,0.9639999866485596,0.6642000079154968
YER167W,YOR036W,0,-4.764971,0.12672539055347443,0.9639999866485596,0.6643000245094299
YML086C,YGR161C-D,0,-4.765594,0.1267087310552597,0.9639999866485596,0.6643999814987183
YGL246C,YPL257W-A,0,-4.765618,0.12669207155704498,0.9639999866485596,0.6644999980926514
YKL053C-A,YML061C,0,-4.7656183,0.12667542695999146,0.9639999866485596,0.6646000146865845
YFL011W-A,YNL243W,0,-4.76625,0.12665878236293793,0.9639999866485596,0.6646999716758728
YOR078W,YGR161C-D,0,-4.7664657,0.1266421377658844,0.9639999866485596,0.6647999882698059
YLL003W,YJL059W,0,-4.7665334,0.12662550806999207,0.9639999866485596,0.664900004863739
YPL059W,YOR380W,0,-4.7666163,0.12660887837409973,0.9639999866485596,0.6650000214576721
YJL191W,YOR045W,0,-4.766818,0.1265922486782074,0.9639999866485596,0.6650999784469604
YKL009W,YLR157C-B,0,-4.7669744,0.12657563388347626,0.9639999866485596,0.6651999950408936
YPL152W,YGR027W-A,0,-4.7670236,0.12655901908874512,0.9639999866485596,0.6653000116348267
YML057W,YDR322C-A,0,-4.767307,0.12654240429401398,0.9639999866485596,0.6654000282287598
YIL021W,YDR098C-B,0,-4.7674584,0.12652578949928284,0.9639999866485596,0.6654999852180481
YPR094W,YNL247W,0,-4.7681847,0.1265091896057129,0.9639999866485596,0.6656000018119812
YDR079W,YMR125W,0,-4.7682977,0.12649258971214294,0.9639999866485596,0.6657000184059143
YDR085C,YKR007W,0,-4.7687182,0.126475989818573,0.9639999866485596,0.6657999753952026
YPL050C,YOR008C-A,0,-4.768838,0.12645940482616425,0.9639999866485596,0.6658999919891357
YOL144W,YDR316W-A,0,-4.7689366,0.1264428049325943,0.9639999866485596,0.6660000085830688
YGR161C-D,YJR027W,0,-4.769082,0.12642623484134674,0.9639999866485596,0.666100025177002
YGL236C,YPL190C,0,-4.7697873,0.126409649848938,0.9639999866485596,0.6661999821662903
YKL016C,YPL237W,0,-4.770575,0.12639307975769043,0.9639999866485596,0.6662999987602234
YGL226C-A,YLR410W-A,0,-4.770608,0.12637650966644287,0.9639999866485596,0.6664000153541565
YLR226W,YMR088C,0,-4.7707386,0.1263599395751953,0.9639999866485596,0.6664999723434448
YOR080W,YOR054C,0,-4.7712646,0.12634338438510895,0.9639999866485596,0.6665999889373779
YMR041C,YIL042C,0,-4.771761,0.12632682919502258,0.9639999866485596,0.666700005531311
YFL011W-A,YLL026W,0,-4.7717857,0.12631027400493622,0.9639999866485596,0.6668000221252441
YIL039W,YOR142W-B,0,-4.771791,0.12629371881484985,0.9639999866485596,0.6668999791145325
YEL026W,YKL041W,0,-4.771941,0.12627717852592468,0.9639999866485596,0.6669999957084656
YPR067W,YPL060C-A,0,-4.771972,0.1262606382369995,0.9639999866485596,0.6671000123023987
YIL142W,YDR316W-B,0,-4.7723336,0.12624411284923553,0.9639999866485596,0.6672000288963318
YPL176C,YHL009W-B,0,-4.7724547,0.12622757256031036,0.9639999866485596,0.6672999858856201
YLR113W,YFL035C,0,-4.7730274,0.1262110471725464,0.9639999866485596,0.6674000024795532
YLR060W,YPL283C,0,-4.773074,0.1261945217847824,0.9639999866485596,0.6675000190734863
YKL014C,YDR057W,0,-4.773121,0.12617801129817963,0.9639999866485596,0.6675999760627747
YER006W,YNL284C-B,0,-4.773365,0.12616150081157684,0.9639999866485596,0.6676999926567078
YOR074C,YGR038C-B,0,-4.7734294,0.12614499032497406,0.9639999866485596,0.6678000092506409
YDR079W,YCR062W,0,-4.773853,0.12612847983837128,0.9639999866485596,0.667900025844574
YKL029C,YOL135C,0,-4.7739263,0.1261119842529297,0.9639999866485596,0.6679999828338623
YGR163W,YPL240C,0,-4.7740493,0.1260954886674881,0.9639999866485596,0.6680999994277954
YGR013W,YGR027W-A,0,-4.7747655,0.1260789930820465,0.9639999866485596,0.6682000160217285
YOR147W,YGR086C,0,-4.774808,0.1260625123977661,0.9639999866485596,0.6682999730110168
YLR380W,YDL007W,0,-4.774895,0.12604603171348572,0.9639999866485596,0.66839998960495
YFL035C-A,YBR153W,0,-4.7750125,0.12602955102920532,0.9639999866485596,0.6685000061988831
YOL124C,YLR410W-A,0,-4.775574,0.12601307034492493,0.9639999866485596,0.6686000227928162
YGR213C,YER008C,0,-4.7756543,0.12599660456180573,0.9639999866485596,0.6686999797821045
YKL196C,YER159C-A,0,-4.7760596,0.12598013877868652,0.9639999866485596,0.6687999963760376
YGR030C,YOR142W-A,0,-4.7760596,0.12596367299556732,0.9639999866485596,0.6689000129699707
YGR063C,YMR053C,1,-4.776227,0.12607786059379578,0.9649999737739563,0.6689000129699707
YCR081W,YHL009W-B,0,-4.7763023,0.12606139481067657,0.9649999737739563,0.6690000295639038
YPR065W,YHL009W-B,0,-4.776545,0.12604492902755737,0.9649999737739563,0.6690999865531921
YAR019C,YJR031C,0,-4.7766256,0.12602846324443817,0.9649999737739563,0.6692000031471252
YBR121C,YDL118W,0,-4.7773037,0.12601201236248016,0.9649999737739563,0.6693000197410583
YIR013C,YDR060W,0,-4.777459,0.12599556148052216,0.9649999737739563,0.6693999767303467
YPL145C,YIL029C,0,-4.7776885,0.12597911059856415,0.9649999737739563,0.6694999933242798
YPR021C,YDR309C,0,-4.7783237,0.12596267461776733,0.9649999737739563,0.6696000099182129
YNL129W,YLR221C,0,-4.778566,0.12594622373580933,0.9649999737739563,0.669700026512146
YDR300C,YDR379W,0,-4.7787538,0.1259297877550125,0.9649999737739563,0.6697999835014343
YFL005W,YLR035C-A,0,-4.778941,0.1259133666753769,0.9649999737739563,0.6699000000953674
YNL130C,YFR005C,0,-4.779213,0.12589693069458008,0.9649999737739563,0.6700000166893005
YLR231C,YOR109W,0,-4.7793303,0.12588050961494446,0.9649999737739563,0.6700999736785889
YLR214W,YLR107W,0,-4.7797303,0.12586408853530884,0.9649999737739563,0.670199990272522
YBL099W,YPR140W,0,-4.7799306,0.1258476823568344,0.9649999737739563,0.6703000068664551
YKL125W,YDR034C-D,0,-4.779943,0.12583127617835999,0.9649999737739563,0.6704000234603882
YEL020W-A,YLR410W-B,0,-4.780267,0.12581486999988556,0.9649999737739563,0.6704999804496765
YLR380W,YML006C,0,-4.7802863,0.12579846382141113,0.9649999737739563,0.6705999970436096
YFL011W-A,YMR211W,0,-4.7805343,0.1257820576429367,0.9649999737739563,0.6707000136375427
YJR009C,YOR338W,0,-4.780814,0.12576566636562347,0.9649999737739563,0.670799970626831
YHR170W,YOR295W,0,-4.78092,0.12574928998947144,0.9649999737739563,0.6708999872207642
YPL018W,YPL257W-B,0,-4.7812376,0.1257328987121582,0.9649999737739563,0.6710000038146973
YLR361C,YBR084W,0,-4.7814975,0.12571652233600616,0.9649999737739563,0.6711000204086304
YPR103W,YJR104C,0,-4.7815347,0.12570014595985413,0.9649999737739563,0.6711999773979187
YAR002W,YEL054C,0,-4.78219,0.1256837695837021,0.9649999737739563,0.6712999939918518
YBL074C,YER119C,0,-4.782573,0.12566740810871124,0.9649999737739563,0.6714000105857849
YIL079C,YOR129C,0,-4.7828307,0.1256510466337204,0.9649999737739563,0.671500027179718
YJL125C,YER089C,0,-4.784188,0.12563468515872955,0.9649999737739563,0.6715999841690063
YDR270W,YPR158C-C,0,-4.7843924,0.1256183236837387,0.9649999737739563,0.6717000007629395
YFL056C,YGR211W,0,-4.7844234,0.12560197710990906,0.9649999737739563,0.6718000173568726
YGR191W,YBR260C,0,-4.7858653,0.1255856305360794,0.9649999737739563,0.6718999743461609
YGL130W,YDR335W,0,-4.7860093,0.12556928396224976,0.9649999737739563,0.671999990940094
YLL035W,YGL095C,0,-4.7860284,0.1255529522895813,0.9649999737739563,0.6721000075340271
YDR214W,YMR005W,0,-4.786112,0.12553662061691284,0.9649999737739563,0.6722000241279602
YER061C,YHL009W-B,0,-4.786173,0.12552028894424438,0.9649999737739563,0.6722999811172485
YHL048W,YML040W,0,-4.78646,0.12550397217273712,0.9649999737739563,0.6723999977111816
YBL058W,YDR172W,0,-4.7865434,0.12548764050006866,0.9649999737739563,0.6725000143051147
YGL130W,YGR231C,0,-4.788195,0.1254713237285614,0.9649999737739563,0.6725999712944031
YJL209W,YDR098C-A,0,-4.788874,0.12545502185821533,0.9649999737739563,0.6726999878883362
YGL256W,YPL089C,0,-4.789439,0.12543870508670807,0.9649999737739563,0.6728000044822693
YBR217W,YJL190C,0,-4.7895293,0.125422403216362,0.9649999737739563,0.6729000210762024
YER127W,YOR254C,0,-4.7898316,0.12540610134601593,0.9649999737739563,0.6729999780654907
YMR119W,YPR041W,0,-4.7899246,0.12538981437683105,0.9649999737739563,0.6730999946594238
YGR118W,YNL044W,0,-4.7901077,0.12537352740764618,0.9649999737739563,0.6732000112533569
YML046W,YDR210W-A,0,-4.7904,0.1253572404384613,0.9649999737739563,0.67330002784729
YDL243C,YPL283C,0,-4.7909737,0.12534095346927643,0.9649999737739563,0.6733999848365784
YIL048W,YLR410W-A,0,-4.791249,0.12532468140125275,0.9649999737739563,0.6735000014305115
YFR024C,YPL020C,0,-4.7915564,0.12530839443206787,0.9649999737739563,0.6736000180244446
YLR304C,YIL051C,0,-4.7916694,0.12529213726520538,0.9649999737739563,0.6736999750137329
YNL267W,YAR010C,0,-4.7919793,0.1252758651971817,0.9649999737739563,0.673799991607666
YGL006W,YGR272C,0,-4.7920356,0.1252596080303192,0.9649999737739563,0.6739000082015991
YKR009C,YKL028W,0,-4.7930446,0.12524335086345673,0.9649999737739563,0.6740000247955322
YLR397C,YPL257W-A,0,-4.793792,0.12522709369659424,0.9649999737739563,0.6740999817848206
YFL021W,YER087C-B,0,-4.794091,0.12521085143089294,0.9649999737739563,0.6741999983787537
YPR100W,YKL074C,0,-4.7946596,0.12519460916519165,0.9649999737739563,0.6743000149726868
YDR188W,YOR088W,0,-4.795022,0.12517836689949036,0.9649999737739563,0.6743999719619751
YER075C,YPR158W-A,0,-4.7950635,0.12516212463378906,0.9649999737739563,0.6744999885559082
YBR247C,YLR301W,0,-4.795664,0.12514589726924896,0.9649999737739563,0.6746000051498413
YLL001W,YMR305C,0,-4.7962604,0.12512966990470886,0.9649999737739563,0.6747000217437744
YJR050W,YJR120W,0,-4.796361,0.12511344254016876,0.9649999737739563,0.6747999787330627
YJR118C,YDR055W,0,-4.7968273,0.12509723007678986,0.9649999737739563,0.6748999953269958
YAR008W,YBR223C,0,-4.796939,0.12508101761341095,0.9649999737739563,0.675000011920929
YKL138C-A,YAL068C,0,-4.7974563,0.12506480515003204,0.9649999737739563,0.6751000285148621
YCL039W,YNL131W,0,-4.797893,0.12504859268665314,0.9649999737739563,0.6751999855041504
YOR028C,YBR083W,0,-4.7979164,0.12503239512443542,0.9649999737739563,0.6753000020980835
YDR400W,YOR192C-B,0,-4.7987943,0.1250161975622177,0.9649999737739563,0.6754000186920166
YGR167W,YGR042W,0,-4.799006,0.125,0.9649999737739563,0.6754999756813049
YKL208W,YGR027W-A,0,-4.799557,0.12498380988836288,0.9649999737739563,0.675599992275238
YGR220C,YPR137C-B,0,-4.799642,0.12496762722730637,0.9649999737739563,0.6757000088691711
YDL207W,YIL082W-A,0,-4.7997603,0.12495144456624985,0.9649999737739563,0.6758000254631042
YLR155C,YIL085C,0,-4.8,0.12493526935577393,0.9649999737739563,0.6758999824523926
YFR046C,YOL103W-B,0,-4.8000655,0.124919094145298,0.9649999737739563,0.6759999990463257
YOR322C,YPL087W,0,-4.800303,0.12490292638540268,0.9649999737739563,0.6761000156402588
YHR068W,YOR142W-A,0,-4.800405,0.12488675862550735,0.9649999737739563,0.6761999726295471
YLR148W,YDR398W,0,-4.80068,0.12487059831619263,0.9649999737739563,0.6762999892234802
YGL090W,YHR160C,0,-4.80102,0.1248544454574585,0.9649999737739563,0.6764000058174133
YOR079C,YKL051W,0,-4.8011136,0.12483829259872437,0.9649999737739563,0.6765000224113464
YDR518W,YBR083W,0,-4.8028107,0.12482214719057083,0.9649999737739563,0.6765999794006348
YOR211C,YGL106W,0,-4.802936,0.1248060017824173,0.9649999737739563,0.6766999959945679
YDL051W,YDR034C-D,0,-4.802949,0.12478986382484436,0.9649999737739563,0.676800012588501
YLR047C,YDR429C,0,-4.8030834,0.12477372586727142,0.9649999737739563,0.6769000291824341
YNL111C,YCL024W,0,-4.8033786,0.12475759536027908,0.9649999737739563,0.6769999861717224
YDR170C,YJL114W,0,-4.804079,0.12474146485328674,0.9649999737739563,0.6771000027656555
YNR001C,YFL002W-A,0,-4.804754,0.1247253492474556,0.9649999737739563,0.6772000193595886
YDL225W,YDL118W,0,-4.8052497,0.12470922619104385,0.9649999737739563,0.677299976348877
YJR160C,YDR279W,0,-4.8056664,0.12469311058521271,0.9649999737739563,0.6773999929428101
YJL013C,YGR074W,0,-4.805795,0.12467700242996216,0.9649999737739563,0.6775000095367432
YPL140C,YBL017C,0,-4.8059874,0.12466089427471161,0.9649999737739563,0.6776000261306763
YGL211W,YOR142W-B,0,-4.8061705,0.12464479357004166,0.9649999737739563,0.6776999831199646
YCR094W,YPL179W,0,-4.807368,0.1246287003159523,0.9649999737739563,0.6777999997138977
YCR028C,YGL055W,0,-4.807382,0.12461259961128235,0.9649999737739563,0.6779000163078308
YLR028C,YDR418W,0,-4.8078756,0.12459651380777359,0.9649999737739563,0.6779999732971191
YLR459W,YAR010C,0,-4.8082914,0.12458042800426483,0.9649999737739563,0.6780999898910522
YGR098C,YLR157C-B,0,-4.808672,0.12456434965133667,0.9649999737739563,0.6782000064849854
YNL231C,YCR083W,0,-4.8087745,0.12454827129840851,0.9649999737739563,0.6783000230789185
YOR005C,YHR214C-C,0,-4.8087993,0.12453220039606094,0.9649999737739563,0.6783999800682068
YPR093C,YGR057C,0,-4.80888,0.12451612949371338,0.9649999737739563,0.6784999966621399
YNL244C,YEL020W-A,0,-4.8088903,0.12450006604194641,0.9649999737739563,0.678600013256073
YGL256W,YGR166W,0,-4.8089476,0.12448400259017944,0.9649999737739563,0.6786999702453613
YLR219W,YDR098C-A,0,-4.8090115,0.12446794658899307,0.9649999737739563,0.6787999868392944
YGL127C,YPL258C,0,-4.809311,0.1244518980383873,0.9649999737739563,0.6789000034332275
YDL047W,YLR227W-A,0,-4.8096476,0.12443584948778152,0.9649999737739563,0.6790000200271606
YNL287W,YDR115W,0,-4.8098063,0.12441980093717575,0.9649999737739563,0.679099977016449
YOR195W,YGR038C-A,0,-4.8098164,0.12440376728773117,0.9649999737739563,0.6791999936103821
YPL190C,YOR347C,0,-4.8098536,0.124387726187706,0.9649999737739563,0.6793000102043152
YGL129C,YDR210W-A,0,-4.8099008,0.12437169998884201,0.9649999737739563,0.6794000267982483
YPL043W,YIL022W,0,-4.810928,0.12435567378997803,0.9649999737739563,0.6794999837875366
YNL127W,YPR158C-C,0,-4.8110037,0.12433964759111404,0.9649999737739563,0.6796000003814697
YLR060W,YBL100W-B,0,-4.811004,0.12432362884283066,0.9649999737739563,0.6797000169754028
YER044C,YBL030C,0,-4.811165,0.12430761009454727,0.9649999737739563,0.6797999739646912
YPR122W,YJL060W,0,-4.81176,0.12429159879684448,0.9649999737739563,0.6798999905586243
YAL035W,YER087C-A,0,-4.812247,0.12427559494972229,0.9649999737739563,0.6800000071525574
YPL283C,YLR227W-A,0,-4.8125725,0.1242595911026001,0.9649999737739563,0.6801000237464905
YPL169C,YPR158C-C,0,-4.813081,0.1242435947060585,0.9649999737739563,0.6801999807357788
YFL041W,YJL114W,0,-4.813159,0.1242275983095169,0.9649999737739563,0.6802999973297119
YAR015W,YNL284C-B,0,-4.8134623,0.12421160936355591,0.9649999737739563,0.680400013923645
YCL012W,YDR254W,0,-4.8141246,0.1241956278681755,0.9649999737739563,0.6804999709129333
YOR028C,YHL009W-B,0,-4.8144803,0.12417963892221451,0.9649999737739563,0.6805999875068665
YPL170W,YOR060C,0,-4.8146877,0.1241636648774147,0.9649999737739563,0.6807000041007996
YCR073W-A,YOR106W,0,-4.814826,0.1241476908326149,0.9649999737739563,0.6808000206947327
YBR092C,YHR039C-A,0,-4.815046,0.12413172423839569,0.9649999737739563,0.680899977684021
YLR449W,YMR247C,1,-4.815063,0.12424436956644058,0.9660000205039978,0.680899977684021
YGL211W,YGR213C,0,-4.815287,0.12422839552164078,0.9660000205039978,0.6809999942779541
YER114C,YIL029C,0,-4.815951,0.12421242147684097,0.9660000205039978,0.6811000108718872
YBL018C,YOR142W-B,0,-4.816557,0.12419645488262177,0.9660000205039978,0.6812000274658203
YBR201W,YDR098C-B,0,-4.816727,0.12418048828840256,0.9660000205039978,0.6812999844551086
YBR188C,YDR363W-A,0,-4.81705,0.12416452169418335,0.9660000205039978,0.6814000010490417
YBR185C,YHR070W,0,-4.8172517,0.12414857000112534,0.9660000205039978,0.6815000176429749
YFR050C,YPR137W,0,-4.8175697,0.12413261085748672,0.9660000205039978,0.6815999746322632
YDR252W,YPR006C,0,-4.817774,0.12411666661500931,0.9660000205039978,0.6816999912261963
YGR239C,YOR049C,0,-4.818164,0.12410072237253189,0.9660000205039978,0.6818000078201294
YML077W,YLR048W,0,-4.818264,0.12408477813005447,0.9660000205039978,0.6819000244140625
YPL127C,YER159C-A,0,-4.8185496,0.12406884133815765,0.9660000205039978,0.6819999814033508
YBR065C,YLR044C,0,-4.819783,0.12405291199684143,0.9660000205039978,0.6820999979972839
YML058W-A,YPR137C-A,0,-4.819906,0.12403698265552521,0.9660000205039978,0.682200014591217
YKL029C,YOR192C-B,0,-4.820076,0.12402105331420898,0.9660000205039978,0.6822999715805054
YGL226C-A,YHR196W,0,-4.8205953,0.12400513142347336,0.9660000205039978,0.6823999881744385
YJL062W,YER116C,0,-4.820699,0.12398921698331833,0.9660000205039978,0.6825000047683716
YGR038C-A,YLR157C-B,0,-4.820712,0.1239733025431633,0.9660000205039978,0.6826000213623047
YDR292C,YNL046W,0,-4.8215747,0.12395739555358887,0.9660000205039978,0.682699978351593
YDR378C,YLR340W,0,-4.8216844,0.12394149601459503,0.9660000205039978,0.6827999949455261
YIL049W,YPL131W,0,-4.821695,0.1239255964756012,0.9660000205039978,0.6829000115394592
YDL085W,YGR197C,0,-4.821798,0.12390969693660736,0.9660000205039978,0.6830000281333923
YCL052C,YLR148W,0,-4.821819,0.12389380484819412,0.9660000205039978,0.6830999851226807
YCR053W,YDR365W-B,0,-4.8220263,0.12387792021036148,0.9660000205039978,0.6832000017166138
YAL023C,YOR192C-B,0,-4.822154,0.12386203557252884,0.9660000205039978,0.6833000183105469
YOR112W,YOR192C-B,0,-4.822154,0.1238461509346962,0.9660000205039978,0.6833999752998352
YBR217W,YER087C-A,0,-4.8223557,0.12383028119802475,0.9660000205039978,0.6834999918937683
YER025W,YLR362W,0,-4.8224893,0.1238144040107727,0.9660000205039978,0.6836000084877014
YGR162W,YDR034C-D,0,-4.8225775,0.12379854172468185,0.9660000205039978,0.6837000250816345
YGR060W,YGR132C,0,-4.8228464,0.1237826719880104,0.9660000205039978,0.6837999820709229
YDL078C,YNL297C,0,-4.822867,0.12376681715250015,0.9660000205039978,0.683899998664856
YDR365W-A,YGR027W-A,0,-4.8239326,0.1237509623169899,0.9660000205039978,0.6840000152587891
YDR365C,YEL037C,0,-4.8250484,0.12373510748147964,0.9660000205039978,0.6840999722480774
YOR260W,YOL110W,0,-4.8253913,0.12371926009654999,0.9660000205039978,0.6841999888420105
YDL188C,YMR050C,0,-4.825586,0.12370342016220093,0.9660000205039978,0.6843000054359436
YHR139C,YDR365W-A,0,-4.8263335,0.12368758022785187,0.9660000205039978,0.6844000220298767
YLR233C,YDR240C,0,-4.826378,0.1236717477440834,0.9660000205039978,0.684499979019165
YLR295C,YGR272C,0,-4.8264627,0.12365591526031494,0.9660000205039978,0.6845999956130981
YDR060W,YGL136C,0,-4.827086,0.12364009022712708,0.9660000205039978,0.6847000122070312
YIL132C,YAR010C,0,-4.8279076,0.12362426519393921,0.9660000205039978,0.6848000288009644
YJR112W,YPL276W,0,-4.828008,0.12360844761133194,0.9660000205039978,0.6848999857902527
YPL248C,YPL140C,0,-4.8281245,0.12359263002872467,0.9660000205039978,0.6850000023841858
YGL006W,YDR170W-A,0,-4.828654,0.123576819896698,0.9660000205039978,0.6851000189781189
YGR159C,YLR157C-B,0,-4.8288856,0.12356100976467133,0.9660000205039978,0.6851999759674072
YGR119C,YJL114W,0,-4.8298206,0.12354520708322525,0.9660000205039978,0.6852999925613403
YML078W,YCL020W,0,-4.830187,0.12352941185235977,0.9660000205039978,0.6854000091552734
YOR067C,YCR089W,0,-4.830359,0.1235136166214943,0.9660000205039978,0.6855000257492065
YOR344C,YIL017W,0,-4.830798,0.12349782884120941,0.9660000205039978,0.6855999827384949
YGR112W,YGR074W,0,-4.8310604,0.12348204106092453,0.9660000205039978,0.685699999332428
YOR371C,YDR381W,0,-4.8315454,0.12346626073122025,0.9660000205039978,0.6858000159263611
YAL040C,YOR179C,0,-4.831696,0.12345048040151596,0.9660000205039978,0.6858999729156494
YLR329W,YOR142W-A,0,-4.831892,0.12343470752239227,0.9660000205039978,0.6859999895095825
YGL017W,YPL257W-B,0,-4.8319335,0.12341893464326859,0.9660000205039978,0.6861000061035156
YLR410W,YMR134W,0,-4.8319592,0.1234031692147255,0.9660000205039978,0.6862000226974487
YGR254W,YLR157C-B,0,-4.8326335,0.1233874037861824,0.9660000205039978,0.6862999796867371
YOR144C,YMR030W,0,-4.832703,0.12337164580821991,0.9660000205039978,0.6863999962806702
YLL003W,YER159C-A,0,-4.8330045,0.12335589528083801,0.9660000205039978,0.6865000128746033
YGL192W,YGL120C,0,-4.8345294,0.12334014475345612,0.9660000205039978,0.6866000294685364
YMR081C,YJL036W,0,-4.834615,0.12332439422607422,0.9660000205039978,0.6866999864578247
YPL262W,YPL153C,0,-4.834875,0.12330865114927292,0.9660000205039978,0.6868000030517578
YDR218C,YFL002W-A,0,-4.835253,0.12329291552305222,0.9660000205039978,0.6869000196456909
YHR005C-A,YHR021C,0,-4.8354917,0.12327717989683151,0.9660000205039978,0.6869999766349792
YFR055W,YDR300C,0,-4.835676,0.1232614517211914,0.9660000205039978,0.6870999932289124
YOR168W,YMR004W,0,-4.835846,0.1232457235455513,0.9660000205039978,0.6872000098228455
YER155C,YHL011C,0,-4.8359947,0.12323000282049179,0.9660000205039978,0.6873000264167786
YDL106C,YJL089W,0,-4.8359985,0.12321428209543228,0.9660000205039978,0.6873999834060669
YML001W,YGR161C-D,0,-4.836352,0.12319856882095337,0.9660000205039978,0.6875
YOL060C,YGR147C,0,-4.8365746,0.12318286299705505,0.9660000205039978,0.6876000165939331
YJL060W,YCL032W,0,-4.837074,0.12316715717315674,0.9660000205039978,0.6876999735832214
YNL008C,YAR010C,0,-4.8371425,0.12315145134925842,0.9660000205039978,0.6877999901771545
YCL001W,YPL060C-A,0,-4.8378434,0.1231357529759407,0.9660000205039978,0.6879000067710876
YGR175C,YPL204W,0,-4.837977,0.12312006205320358,0.9660000205039978,0.6880000233650208
YER143W,YEL020W-A,0,-4.838212,0.12310437113046646,0.9660000205039978,0.6880999803543091
YPL069C,YGR161W-A,0,-4.838326,0.12308868765830994,0.9660000205039978,0.6881999969482422
YGR003W,YOR004W,0,-4.8388104,0.12307300418615341,0.9660000205039978,0.6883000135421753
YDR515W,YHR214C-B,0,-4.838811,0.12305732816457748,0.9660000205039978,0.6883999705314636
YFL011W-A,YOL055C,0,-4.83884,0.12304165214300156,0.9660000205039978,0.6884999871253967
YPL021W,YDL083C,0,-4.8389287,0.12302598357200623,0.9660000205039978,0.6886000037193298
YFR024C,YPR191W,0,-4.8393106,0.1230103150010109,0.9660000205039978,0.6887000203132629
YIL076W,YGL208W,0,-4.839329,0.12299465388059616,0.9660000205039978,0.6887999773025513
YIL098C,YGR257C,0,-4.839561,0.12297899276018143,0.9660000205039978,0.6888999938964844
YKL080W,YOR192C-B,0,-4.839687,0.12296333909034729,0.9660000205039978,0.6890000104904175
YKR009C,YGR186W,0,-4.839938,0.12294769287109375,0.9660000205039978,0.6891000270843506
YDR284C,YOL028C,0,-4.840136,0.12293204665184021,0.9660000205039978,0.6891999840736389
YJL106W,YPR137C-A,0,-4.8402133,0.12291640043258667,0.9660000205039978,0.689300000667572
YDR508C,YDR235W,0,-4.840449,0.12290076166391373,0.9660000205039978,0.6894000172615051
YFR024C,YBR084W,0,-4.840567,0.12288513034582138,0.9660000205039978,0.6894999742507935
YNL182C,YMR051C,0,-4.841034,0.12286949902772903,0.9660000205039978,0.6895999908447266
YPR042C,YDR210W-B,0,-4.841223,0.12285387516021729,0.9660000205039978,0.6897000074386597
YCR010C,YOR326W,0,-4.8425493,0.12283825129270554,0.9660000205039978,0.6898000240325928
YOL016C,YOR008C-A,0,-4.8430448,0.12282263487577438,0.9660000205039978,0.6898999810218811
YOR026W,YFL002W-A,0,-4.843598,0.12280701845884323,0.9660000205039978,0.6899999976158142
YMR035W,YPR178W,0,-4.843641,0.12279140949249268,0.9660000205039978,0.6901000142097473
YDR115W,YDR261C-C,0,-4.8438544,0.12277580052614212,0.9660000205039978,0.6901999711990356
YLR391W-A,YDR182W,0,-4.8440804,0.12276019901037216,0.9660000205039978,0.6902999877929688
YGR044C,YDR341C,0,-4.8441267,0.1227445974946022,0.9660000205039978,0.6904000043869019
YPL008W,YDR261C-C,0,-4.8443375,0.12272900342941284,0.9660000205039978,0.690500020980835
YBL105C,YBR069C,0,-4.8444467,0.12271341681480408,0.9660000205039978,0.6905999779701233
YDR316W-B,YMR293C,0,-4.8445134,0.12269783020019531,0.9660000205039978,0.6906999945640564
YDR335W,YGL039W,0,-4.8446736,0.12268224358558655,0.9660000205039978,0.6908000111579895
YOR061W,YMR290C,0,-4.8449855,0.12266666442155838,0.9660000205039978,0.6909000277519226
YER107C,YMR290C,0,-4.845209,0.12265109270811081,0.9660000205039978,0.6909999847412109
YER012W,YCL019W,0,-4.845277,0.12263552099466324,0.9660000205039978,0.691100001335144
YGL211W,YDR261C-C,0,-4.845391,0.12261995673179626,0.9660000205039978,0.6912000179290771
YDR499W,YDR098C-A,0,-4.8457417,0.12260439246892929,0.9660000205039978,0.6912999749183655
YGR204W,YPR154W,0,-4.8457866,0.12258883565664291,0.9660000205039978,0.6913999915122986
YOR381W,YNL207W,0,-4.8460517,0.12257327884435654,0.9660000205039978,0.6915000081062317
YCL060C,YMR069W,1,-4.8461723,0.12268459796905518,0.9670000076293945,0.6915000081062317
YEL015W,YLR227W-A,0,-4.847143,0.1226690337061882,0.9670000076293945,0.6916000247001648
YLL027W,YGR211W,0,-4.8473186,0.12265347689390182,0.9670000076293945,0.6916999816894531
YDL213C,YFR034C,0,-4.847825,0.12263792008161545,0.9670000076293945,0.6917999982833862
YBR177C,YCR081W,0,-4.8479714,0.12262237071990967,0.9670000076293945,0.6919000148773193
YDR083W,YOR060C,0,-4.8483896,0.12260682135820389,0.9670000076293945,0.6919999718666077
YOR298W,YNL244C,0,-4.849086,0.1225912794470787,0.9670000076293945,0.6920999884605408
YER126C,YCL003W,0,-4.849129,0.12257573753595352,0.9670000076293945,0.6922000050544739
YDR529C,YCL062W,0,-4.849183,0.12256020307540894,0.9670000076293945,0.692300021648407
YPL217C,YOL138C,0,-4.849643,0.12254466861486435,0.9670000076293945,0.6923999786376953
YNR031C,YCL075W,0,-4.8503933,0.12252914160490036,0.9670000076293945,0.6924999952316284
YAR002C-A,YBR295W,0,-4.851647,0.12251362204551697,0.9670000076293945,0.6926000118255615
YGL001C,YOL103W-B,0,-4.851702,0.12249810248613358,0.9670000076293945,0.6927000284194946
YPR001W,YFL045C,0,-4.8519654,0.12248258292675018,0.9670000076293945,0.692799985408783
YAL054C,YBL006C,1,-4.852344,0.1225937157869339,0.9679999947547913,0.692799985408783
YPR041W,YOR256C,0,-4.8528743,0.1225781962275505,0.9679999947547913,0.6929000020027161
YOR180C,YDR098C-B,0,-4.852984,0.12256267666816711,0.9679999947547913,0.6930000185966492
YDR420W,YJL012C,0,-4.853024,0.12254715710878372,0.9679999947547913,0.6930999755859375
YFR004W,YLR035C-A,0,-4.8534374,0.12253164499998093,0.9679999947547913,0.6931999921798706
YJR069C,YLR069C,0,-4.853866,0.12251614034175873,0.9679999947547913,0.6933000087738037
YER005W,YPL257W-B,0,-4.8540525,0.12250063568353653,0.9679999947547913,0.6934000253677368
YER018C,YMR134W,0,-4.8541775,0.12248513102531433,0.9679999947547913,0.6934999823570251
YBR201W,YBR004C,0,-4.8542156,0.12246963381767273,0.9679999947547913,0.6935999989509583
YJR121W,YKL092C,0,-4.854449,0.12245414406061172,0.9679999947547913,0.6937000155448914
YKL059C,YDR115W,0,-4.8544865,0.12243865430355072,0.9679999947547913,0.6937999725341797
YDL208W,YDR400W,0,-4.8547416,0.12242317199707031,0.9679999947547913,0.6938999891281128
YLL061W,YDR080W,0,-4.854963,0.1224076896905899,0.9679999947547913,0.6940000057220459
YNL116W,YNL121C,0,-4.8556085,0.1223922148346901,0.9679999947547913,0.694100022315979
YLR144C,YPR137C-A,0,-4.855763,0.12237673997879028,0.9679999947547913,0.6941999793052673
YBL025W,YDR098C-A,0,-4.8561625,0.12236127257347107,0.9679999947547913,0.6942999958992004
YIL140W,YOR142W-B,0,-4.8563776,0.12234580516815186,0.9679999947547913,0.6944000124931335
YKL146W,YBR161W,0,-4.8564763,0.12233034521341324,0.9679999947547913,0.6945000290870667
YDR513W,YOR322C,0,-4.8566065,0.12231488525867462,0.9679999947547913,0.694599986076355
YNL102W,YDR261W-A,0,-4.8566704,0.1222994327545166,0.9679999947547913,0.6947000026702881
YFL045C,YHR111W,0,-4.8567123,0.12228398025035858,0.9679999947547913,0.6948000192642212
YLR102C,YLL060C,0,-4.857327,0.12226853519678116,0.9679999947547913,0.6948999762535095
YNL287W,YPL087W,0,-4.8577914,0.12225309759378433,0.9679999947547913,0.6949999928474426
YGL038C,YHR214C-B,0,-4.858329,0.1222376599907875,0.9679999947547913,0.6951000094413757
YML086C,YDR034C-D,0,-4.85846,0.12222222238779068,0.9679999947547913,0.6952000260353088
YBR161W,YJR013W,0,-4.859228,0.12220679223537445,0.9679999947547913,0.6952999830245972
YNL048W,YOL091W,0,-4.8592787,0.12219136953353882,0.9679999947547913,0.6953999996185303
YPR005C,YPR042C,0,-4.859429,0.12217594683170319,0.9679999947547913,0.6955000162124634
YNL015W,YER005W,0,-4.859438,0.12216052412986755,0.9679999947547913,0.6955999732017517
YML080W,YOL091W,0,-4.8595505,0.12214510887861252,0.9679999947547913,0.6956999897956848
YBR130C,YGR109W-A,0,-4.8600626,0.12212970107793808,0.9679999947547913,0.6958000063896179
YHR073W,YOR192C-A,0,-4.860142,0.12211429327726364,0.9679999947547913,0.695900022983551
YPL028W,YHR039C-B,0,-4.8606033,0.1220988929271698,0.9679999947547913,0.6959999799728394
YBR008C,YDL083C,0,-4.861455,0.12208349257707596,0.9679999947547913,0.6960999965667725
YPR056W,YLL056C,0,-4.8614693,0.12206809222698212,0.9679999947547913,0.6962000131607056
YIL026C,YPL276W,0,-4.86179,0.12205270677804947,0.9679999947547913,0.6963000297546387
YLR219W,YAR007C,0,-4.8618464,0.12203731387853622,0.9679999947547913,0.696399986743927
YDR342C,YFL035C,0,-4.8621945,0.12202193588018417,0.9679999947547913,0.6965000033378601
YDL164C,YGR161C-C,0,-4.862386,0.12200655043125153,0.9679999947547913,0.6966000199317932
YIL034C,YLR410W-A,0,-4.8624396,0.12199117988348007,0.9679999947547913,0.6966999769210815
YEL020W-A,YEL057C,0,-4.863209,0.12197580933570862,0.9679999947547913,0.6967999935150146
YDR384C,YKL020C,0,-4.863401,0.12196043878793716,0.9679999947547913,0.6969000101089478
YCL060C,YPL016W,1,-4.8634067,0.1220710501074791,0.968999981880188,0.6969000101089478
YIR002C,YDL230W,0,-4.863662,0.12205567210912704,0.968999981880188,0.6970000267028809
YBL030C,YBR097W,0,-4.863673,0.12204030156135559,0.968999981880188,0.6970999836921692
YDL108W,YOL124C,0,-4.8643694,0.12202493101358414,0.968999981880188,0.6972000002861023
YKR061W,YLL040C,0,-4.865235,0.12200956791639328,0.968999981880188,0.6973000168800354
YPL275W,YMR039C,0,-4.865642,0.12199421226978302,0.968999981880188,0.6973999738693237
YIL065C,YDR260C,0,-4.865703,0.12197884917259216,0.968999981880188,0.6974999904632568
YDL044C,YDR451C,0,-4.865958,0.1219635009765625,0.968999981880188,0.6976000070571899
YLR066W,YDR316W-A,0,-4.8662057,0.12194815278053284,0.968999981880188,0.697700023651123
YOR359W,YLR035C-A,0,-4.8663006,0.12193280458450317,0.968999981880188,0.6977999806404114
YNL085W,YER138C,0,-4.866748,0.12191746383905411,0.968999981880188,0.6978999972343445
YAL032C,YPL157W,0,-4.8674045,0.12190212309360504,0.968999981880188,0.6980000138282776
YJR121W,YLR382C,0,-4.8677144,0.12188678979873657,0.968999981880188,0.6980999708175659
YHR031C,YDL190C,0,-4.867936,0.1218714639544487,0.968999981880188,0.698199987411499
YGR284C,YGR121C,0,-4.868386,0.12185613811016083,0.968999981880188,0.6983000040054321
YPL151C,YPL283C,0,-4.8692164,0.12184081226587296,0.968999981880188,0.6984000205993652
YDR397C,YPL257W-B,0,-4.8693833,0.12182549387216568,0.968999981880188,0.6984999775886536
YLR228C,YER138C,0,-4.8694415,0.121810182929039,0.968999981880188,0.6985999941825867
YOL086C,YPR175W,0,-4.869501,0.12179487198591232,0.968999981880188,0.6987000107765198
YGR161W-A,YJR028W,0,-4.869944,0.12177956849336624,0.968999981880188,0.6988000273704529
YDR436W,YML046W,0,-4.8699546,0.12176426500082016,0.968999981880188,0.6988999843597412
YBR188C,YDR210W-A,0,-4.8707986,0.12174896150827408,0.968999981880188,0.6990000009536743
YGL021W,YHR152W,0,-4.870857,0.1217336654663086,0.968999981880188,0.6991000175476074
YGR041W,YKL099C,0,-4.870934,0.1217183768749237,0.968999981880188,0.6991999745368958
YJR082C,YHL025W,1,-4.871182,0.12182868272066116,0.9700000286102295,0.6991999745368958
YFL011W-A,YJL219W,0,-4.871306,0.12181338667869568,0.9700000286102295,0.6992999911308289
YMR292W,YGL111W,0,-4.8717246,0.1217980906367302,0.9700000286102295,0.699400007724762
YKL117W,YDR210W-A,0,-4.871734,0.1217828020453453,0.9700000286102295,0.6995000243186951
YOR100C,YNR010W,0,-4.871828,0.12176751345396042,0.9700000286102295,0.6995999813079834
YLR215C,YMR311C,0,-4.8722053,0.12175222486257553,0.9700000286102295,0.6996999979019165
YMR041C,YOR027W,0,-4.8722463,0.12173695117235184,0.9700000286102295,0.6998000144958496
YAR044W,YGR162W,0,-4.872552,0.12172167003154755,0.9700000286102295,0.6998999714851379
YGL075C,YML045W,0,-4.8725905,0.12170639634132385,0.9700000286102295,0.699999988079071
YFR052W,YCR035C,0,-4.8728824,0.12169113010168076,0.9700000286102295,0.7001000046730042
YMR288W,YBL100W-B,0,-4.8729377,0.12167586386203766,0.9700000286102295,0.7002000212669373
YLR084C,YDR365W-A,0,-4.8731937,0.12166060507297516,0.9700000286102295,0.7002999782562256
YPR193C,YBR090C-A,1,-4.8733397,0.12177075445652008,0.9710000157356262,0.7002999782562256
YNL046W,YOL138C,0,-4.873414,0.12175548821687698,0.9710000157356262,0.7003999948501587
YOL121C,YNL299W,0,-4.8739815,0.12174022197723389,0.9710000157356262,0.7005000114440918
YNR010W,YLR020C,0,-4.874347,0.12172495573759079,0.9710000157356262,0.7006000280380249
YHR005C-A,YNL098C,0,-4.8743877,0.12170970439910889,0.9710000157356262,0.7006999850273132
YPR175W,YPL057C,0,-4.8754725,0.12169444561004639,0.9710000157356262,0.7008000016212463
YBR042C,YDR365W-A,0,-4.876036,0.12167919427156448,0.9710000157356262,0.7009000182151794
YPL117C,YDR412W,0,-4.8761587,0.12166395038366318,0.9710000157356262,0.7009999752044678
YMR135C,YLR268W,0,-4.8767033,0.12164870649576187,0.9710000157356262,0.7010999917984009
YBR243C,YML062C,0,-4.876814,0.12163347005844116,0.9710000157356262,0.701200008392334
YML029W,YLR035C-A,0,-4.8770304,0.12161823362112045,0.9710000157356262,0.7013000249862671
YHR148W,YOR266W,0,-4.87704,0.12160300463438034,0.9710000157356262,0.7013999819755554
YLR291C,YPL091W,0,-4.8770814,0.12158777564764023,0.9710000157356262,0.7014999985694885
YOR299W,YJR027W,0,-4.8773494,0.12157255411148071,0.9710000157356262,0.7016000151634216
YGL191W,YIL135C,0,-4.8776364,0.1215573325753212,0.9710000157356262,0.70169997215271
YKL082C,YDR210W-A,0,-4.8779607,0.12154211848974228,0.9710000157356262,0.7017999887466431
YFR036W,YDR098C-A,0,-4.8779607,0.12152691185474396,0.9710000157356262,0.7019000053405762
YHR187W,YEL054C,0,-4.878075,0.12151169776916504,0.9710000157356262,0.7020000219345093
YDR004W,YLR200W,0,-4.8784986,0.12149649858474731,0.9710000157356262,0.7020999789237976
YCR005C,YBR098W,0,-4.878593,0.12148129940032959,0.9710000157356262,0.7021999955177307
YNL182C,YOL031C,0,-4.8786063,0.12146610021591187,0.9710000157356262,0.7023000121116638
YLR228C,YNL037C,0,-4.878696,0.12145090848207474,0.9710000157356262,0.7024000287055969
YHR205W,YDR165W,0,-4.8792615,0.12143571674823761,0.9710000157356262,0.7024999856948853
YPR051W,YLR227W-A,0,-4.88008,0.12142053246498108,0.9710000157356262,0.7026000022888184
YDR296W,YNL053W,0,-4.8800807,0.12140534818172455,0.9710000157356262,0.7027000188827515
YJR083C,YNL279W,0,-4.8801427,0.12139017134904861,0.9710000157356262,0.7027999758720398
YDR273W,YMR050C,0,-4.8803864,0.12137500196695328,0.9710000157356262,0.7028999924659729
YOR266W,YDR034C-D,0,-4.8804,0.12135983258485794,0.9710000157356262,0.703000009059906
YDR083W,YGR042W,0,-4.882194,0.1213446632027626,0.9710000157356262,0.7031000256538391
YCR086W,YJR118C,0,-4.8821945,0.12132950127124786,0.9710000157356262,0.7031999826431274
YCL059C,YNL290W,0,-4.882366,0.12131433933973312,0.9710000157356262,0.7032999992370605
YNL042W,YCL074W,0,-4.882557,0.12129918485879898,0.9710000157356262,0.7034000158309937
YLR391W-A,YDR022C,0,-4.882713,0.12128403782844543,0.9710000157356262,0.703499972820282
YPR171W,YPR137C-A,0,-4.883021,0.12126889079809189,0.9710000157356262,0.7035999894142151
YPL262W,YDR261C-C,0,-4.883722,0.12125374376773834,0.9710000157356262,0.7037000060081482
YIL103W,YOL110W,0,-4.8840327,0.1212386041879654,0.9710000157356262,0.7038000226020813
YKL150W,YDR081C,0,-4.884394,0.12122347205877304,0.9710000157356262,0.7038999795913696
YKR066C,YGL011C,0,-4.8846354,0.12120833992958069,0.9710000157356262,0.7039999961853027
YHR148W,YOL061W,0,-4.884748,0.12119320780038834,0.9710000157356262,0.7041000127792358
YNR043W,YDR043C,0,-4.8849044,0.12117808312177658,0.9710000157356262,0.704200029373169
YJR091C,YDR059C,0,-4.8857284,0.12116296589374542,0.9710000157356262,0.7042999863624573
YDR088C,YLR157C-B,0,-4.886022,0.12114784866571426,0.9710000157356262,0.7044000029563904
YLR397C,YNL042W,0,-4.8871765,0.1211327314376831,0.9710000157356262,0.7045000195503235
YPL180W,YGR027W-A,0,-4.887424,0.12111762166023254,0.9710000157356262,0.7045999765396118
YDR060W,YKL145W,0,-4.887707,0.12110251933336258,0.9710000157356262,0.7046999931335449
YKR054C,YEL004W,0,-4.8880334,0.12108741700649261,0.9710000157356262,0.704800009727478
YKR083C,YCL062W,0,-4.8881793,0.12107232213020325,0.9710000157356262,0.7049000263214111
YMR076C,YDR261C-C,0,-4.88878,0.12105722725391388,0.9710000157356262,0.7049999833106995
YPR178W,YBL058W,0,-4.888876,0.12104213237762451,0.9710000157356262,0.7050999999046326
YLR071C,YMR272C,0,-4.889052,0.12102704495191574,0.9710000157356262,0.7052000164985657
YPL262W,YKL154W,0,-4.889065,0.12101196497678757,0.9710000157356262,0.705299973487854
YLR410W,YGR027W-A,0,-4.88913,0.1209968850016594,0.9710000157356262,0.7053999900817871
YPL180W,YOL103W-A,0,-4.8892064,0.12098181247711182,0.9710000157356262,0.7055000066757202
YLR397C,YGL013C,0,-4.8894186,0.12096673995256424,0.9710000157356262,0.7056000232696533
YDR022C,YML007W,0,-4.889544,0.12095166742801666,0.9710000157356262,0.7056999802589417
YDR201W,YGR161W-A,0,-4.889846,0.12093660235404968,0.9710000157356262,0.7057999968528748
YDR434W,YDR098C-A,0,-4.890195,0.1209215447306633,0.9710000157356262,0.7059000134468079
YOL091W,YGR038C-A,0,-4.8908496,0.12090648710727692,0.9710000157356262,0.7059999704360962
YMR283C,YPL257W-A,0,-4.8911986,0.12089143693447113,0.9710000157356262,0.7060999870300293
YLR229C,YOL103W-B,0,-4.8913207,0.12087638676166534,0.9710000157356262,0.7062000036239624
YIR037W,YDR034C-D,0,-4.891397,0.12086133658885956,0.9710000157356262,0.7063000202178955
YNL172W,YIL117C,0,-4.891566,0.12084629386663437,0.9710000157356262,0.7063999772071838
YPL255W,YML093W,0,-4.891635,0.12083125859498978,0.9710000157356262,0.7064999938011169
YML045W,YOR142W-A,0,-4.8922024,0.12081622332334518,0.9710000157356262,0.70660001039505
YHL003C,YGR161W-A,0,-4.8922024,0.12080119550228119,0.9710000157356262,0.7067000269889832
YNR033W,YDR382W,0,-4.8928037,0.1207861676812172,0.9710000157356262,0.7067999839782715
YLR304C,YOR136W,0,-4.892925,0.1207711473107338,0.9710000157356262,0.7069000005722046
YOR078W,YIL051C,0,-4.893076,0.1207561269402504,0.9710000157356262,0.7070000171661377
YDR279W,YGR042W,0,-4.893266,0.120741106569767,0.9710000157356262,0.707099974155426
YNL245C,YER159C-A,0,-4.893754,0.1207260936498642,0.9710000157356262,0.7071999907493591
YOR344C,YGR161C-D,0,-4.893997,0.12071108818054199,0.9710000157356262,0.7073000073432922
YJR155W,YPR100W,0,-4.8944793,0.12069608271121979,0.9710000157356262,0.7074000239372253
YNL271C,YDL109C,0,-4.8945184,0.12068108469247818,0.9710000157356262,0.7074999809265137
YNL054W,YPR158W-B,0,-4.8952975,0.12066608667373657,0.9710000157356262,0.7075999975204468
YLL038C,YPL060C-A,0,-4.895374,0.12065109610557556,0.9710000157356262,0.7077000141143799
YMR308C,YGL098W,0,-4.8958125,0.12063610553741455,0.9710000157356262,0.7077999711036682
YNR032C-A,YOR193W,0,-4.8959117,0.12062111496925354,0.9710000157356262,0.7078999876976013
YIR037W,YDR316W-B,0,-4.8962784,0.12060613930225372,0.9710000157356262,0.7080000042915344
YLR391W-A,YJR063W,0,-4.896826,0.12059115618467331,0.9710000157356262,0.7081000208854675
YLR201C,YLR138W,0,-4.897225,0.12057618051767349,0.9710000157356262,0.7081999778747559
YIL124W,YOR192C-B,0,-4.8972898,0.12056121230125427,0.9710000157356262,0.708299994468689
YLR220W,YNL127W,0,-4.8976665,0.12054624408483505,0.9710000157356262,0.7084000110626221
YML092C,YGR122W,0,-4.89797,0.12053128331899643,0.9710000157356262,0.7085000276565552
YGL021W,YIL008W,0,-4.8981338,0.1205163225531578,0.9710000157356262,0.7085999846458435
YML086C,YJR042W,0,-4.8982677,0.12050136178731918,0.9710000157356262,0.7087000012397766
YPR122W,YKL214C,0,-4.89842,0.12048641592264175,0.9710000157356262,0.7088000178337097
YBL017C,YOR008C-A,0,-4.8985634,0.12047146260738373,0.9710000157356262,0.708899974822998
YDR170C,YNR064C,0,-4.8991647,0.1204565167427063,0.9710000157356262,0.7089999914169312
YBL051C,YMR239C,0,-4.8994575,0.12044157832860947,0.9710000157356262,0.7091000080108643
YOL002C,YPL126W,0,-4.8994846,0.12042663991451263,0.9710000157356262,0.7092000246047974
YNR038W,YJL196C,0,-4.899812,0.1204117089509964,0.9710000157356262,0.7092999815940857
YGL065C,YPR158C-C,0,-4.9000583,0.12039677798748016,0.9710000157356262,0.7093999981880188
YDR256C,YMR312W,0,-4.9003606,0.12038184702396393,0.9710000157356262,0.7095000147819519
YBL014C,YLR132C,0,-4.900725,0.12036692351102829,0.9710000157356262,0.7095999717712402
YDR300C,YML001W,0,-4.901011,0.12035200744867325,0.9710000157356262,0.7096999883651733
YJR121W,YML045W,0,-4.901035,0.1203370913863182,0.9710000157356262,0.7098000049591064
YDR460W,YHL009W-B,0,-4.9010468,0.12032218277454376,0.9710000157356262,0.7099000215530396
YER127W,YBR213W,0,-4.901097,0.12030727416276932,0.9710000157356262,0.7099999785423279
YNL062C,YDR365W-B,0,-4.9014416,0.12029236555099487,0.9710000157356262,0.710099995136261
YGR037C,YDR210W-A,0,-4.9015408,0.12027746438980103,0.9710000157356262,0.7102000117301941
YMR116C,YDR147W,0,-4.901959,0.12026257067918777,0.9710000157356262,0.7103000283241272
YMR211W,YOR005C,0,-4.9022202,0.12024767696857452,0.9710000157356262,0.7103999853134155
YDR218C,YKL196C,0,-4.9024224,0.12023279070854187,0.9710000157356262,0.7105000019073486
YKL062W,YNL169C,0,-4.903414,0.12021790444850922,0.9710000157356262,0.7106000185012817
YIL046W,YLR455W,0,-4.9039536,0.12020301818847656,0.9710000157356262,0.7106999754905701
YBL061C,YLR410W-B,0,-4.9044185,0.1201881393790245,0.9710000157356262,0.7107999920845032
YKR066C,YML055W,0,-4.904597,0.12017326802015305,0.9710000157356262,0.7109000086784363
YPL125W,YGR038C-A,0,-4.905259,0.12015839666128159,0.9710000157356262,0.7110000252723694
YCL059C,YLR139C,0,-4.905539,0.12014352530241013,0.9710000157356262,0.7110999822616577
YBR267W,YDL083C,0,-4.9057155,0.12012866139411926,0.9710000157356262,0.7111999988555908
YHR148W,YDR306C,0,-4.9057264,0.120113804936409,0.9710000157356262,0.7113000154495239
YOL147C,YJL203W,0,-4.9057455,0.12009894847869873,0.9710000157356262,0.7113999724388123
YDR268W,YJL114W,0,-4.9064693,0.12008409947156906,0.9710000157356262,0.7114999890327454
YIL085C,YGR109W-A,0,-4.9065022,0.12006925046443939,0.9710000157356262,0.7116000056266785
YDR092W,YOL097C,0,-4.906512,0.12005440145730972,0.9710000157356262,0.7117000222206116
YML132W,YMR162C,0,-4.906844,0.12003955990076065,0.9710000157356262,0.7117999792098999
YPL161C,YER126C,0,-4.9073014,0.12002471834421158,0.9710000157356262,0.711899995803833
YDL181W,YDL244W,0,-4.9073915,0.1200098842382431,0.9710000157356262,0.7120000123977661
YMR293C,YOR142W-A,0,-4.9074016,0.11999505758285522,0.9710000157356262,0.7121000289916992
YBR188C,YOR007C,0,-4.907486,0.11998023092746735,0.9710000157356262,0.7121999859809875
YKL182W,YBL100W-B,0,-4.9077396,0.11996540427207947,0.9710000157356262,0.7123000025749207
YDL134C,YPR108W,0,-4.9080596,0.11995058506727219,0.9710000157356262,0.7124000191688538
YGR077C,YDR189W,0,-4.908096,0.1199357733130455,0.9710000157356262,0.7124999761581421
YGL096W,YDR170W-A,0,-4.908222,0.11992096155881882,0.9710000157356262,0.7125999927520752
YKR066C,YJR004C,0,-4.9083376,0.11990614980459213,0.9710000157356262,0.7127000093460083
YDR261C-C,YPR158W-A,0,-4.908549,0.11989134550094604,0.9710000157356262,0.7128000259399414
YOR088W,YBR030W,0,-4.909688,0.11987654119729996,0.9710000157356262,0.7128999829292297
YKL152C,YML045W-A,0,-4.910168,0.11986174434423447,0.9710000157356262,0.7129999995231628
YNL039W,YOR343C-B,0,-4.910168,0.11984695494174957,0.9710000157356262,0.713100016117096
YML007W,YOR343C-A,0,-4.910168,0.11983215808868408,0.9710000157356262,0.7131999731063843
YIL118W,YPR036W-A,0,-4.910168,0.11981737613677979,0.9710000157356262,0.7132999897003174
YIR041W,YDR210W-D,0,-4.910168,0.11980259418487549,0.9710000157356262,0.7134000062942505
YJL128C,YOR343C-A,0,-4.910168,0.11978781223297119,0.9710000157356262,0.7135000228881836
YLL060C,YML045W-A,0,-4.910168,0.11977303773164749,0.9710000157356262,0.7135999798774719
YER138C,YGR272C,0,-4.910168,0.11975826323032379,0.9710000157356262,0.713699996471405
YDR097C,YPR036W-A,0,-4.910168,0.11974349617958069,0.9710000157356262,0.7138000130653381
YLR337W,YOR192C-A,0,-4.910168,0.11972872912883759,0.9710000157356262,0.7139000296592712
YJL222W,YOR343C-A,0,-4.910168,0.11971396952867508,0.9710000157356262,0.7139999866485596
YOR361C,YBL101W-A,0,-4.910168,0.11969920992851257,0.9710000157356262,0.7141000032424927
YKL138C-A,YJR027W,0,-4.910168,0.11968445777893066,0.9710000157356262,0.7142000198364258
YDR014W-A,YPR055W,0,-4.910168,0.11966970562934875,0.9710000157356262,0.7142999768257141
YNL123W,YOR343C-B,0,-4.910168,0.11965496093034744,0.9710000157356262,0.7143999934196472
YPL208W,YPR036W-A,0,-4.910168,0.11964021623134613,0.9710000157356262,0.7145000100135803
YCR081W,YOR343C-A,0,-4.910168,0.11962547898292542,0.9710000157356262,0.7146000266075134
YEL069C,YOR343C-B,0,-4.910168,0.1196107417345047,0.9710000157356262,0.7146999835968018
YNL256W,YPR036W-A,0,-4.910168,0.11959601193666458,0.9710000157356262,0.7148000001907349
YIL042C,YDR210W-C,0,-4.910168,0.11958128213882446,0.9710000157356262,0.714900016784668
YER087C-B,YOR192C-B,0,-4.910168,0.11956655234098434,0.9710000157356262,0.7149999737739563
YDR014W-A,YNL138W,0,-4.910168,0.11955183744430542,0.9710000157356262,0.7150999903678894
YNR007C,YML045W-A,0,-4.910168,0.1195371150970459,0.9710000157356262,0.7152000069618225
YDL164C,YOR343C-B,0,-4.910168,0.11952240020036697,0.9710000157356262,0.7153000235557556
YLR067C,YOR343C-A,0,-4.910168,0.11950769275426865,0.9710000157356262,0.715399980545044
YKR082W,YDR210W-C,0,-4.910168,0.11949298530817032,0.9710000157356262,0.715499997138977
YML046W,YPR036W-A,0,-4.910168,0.11947828531265259,0.9710000157356262,0.7156000137329102
YDR014W-A,YJL138C,0,-4.910168,0.11946358531713486,0.9710000157356262,0.7156999707221985
YLR391W,YPR158C-D,0,-4.910168,0.11944888532161713,0.9710000157356262,0.7157999873161316
YOR188W,YBL101W-A,0,-4.910168,0.11943419277667999,0.9710000157356262,0.7159000039100647
YEL069C,YBL101W-A,0,-4.910168,0.11941950768232346,0.9710000157356262,0.7160000205039978
YDL077C,YBL101W-A,0,-4.910168,0.11940482258796692,0.9710000157356262,0.7160999774932861
YER074W-A,YMR210W,0,-4.910168,0.11939013749361038,0.9710000157356262,0.7161999940872192
YPR056W,YOR343C-B,0,-4.910168,0.11937545984983444,0.9710000157356262,0.7163000106811523
YDR279W,YDR210W-C,0,-4.910168,0.1193607896566391,0.9710000157356262,0.7164000272750854
YIL159W,YDR098C-B,0,-4.910168,0.11934611946344376,0.9710000157356262,0.7164999842643738
YPL242C,YBL101W-A,0,-4.910168,0.11933144927024841,0.9710000157356262,0.7166000008583069
YPR191W,YDR210W-D,0,-4.910168,0.11931678652763367,0.9710000157356262,0.71670001745224
YOR380W,YDR210W-C,0,-4.910168,0.11930212378501892,0.9710000157356262,0.7167999744415283
YOL001W,YDR210W-D,0,-4.910168,0.11928746849298477,0.9710000157356262,0.7168999910354614
YLR263W,YOR343C-B,0,-4.910168,0.11927281320095062,0.9710000157356262,0.7170000076293945
YBR217W,YOR343C-B,0,-4.910168,0.11925816535949707,0.9710000157356262,0.7171000242233276
YCR066W,YPR036W-A,0,-4.910168,0.11924352496862411,0.9710000157356262,0.717199981212616
YCR066W,YOR343C-A,0,-4.910168,0.11922887712717056,0.9710000157356262,0.7172999978065491
YGR112W,YDR210W-D,0,-4.910168,0.1192142441868782,0.9710000157356262,0.7174000144004822
YLL008W,YDR210W-D,0,-4.910168,0.11919960379600525,0.9710000157356262,0.7174999713897705
YOR327C,YPR036W-A,0,-4.910168,0.11918497830629349,0.9710000157356262,0.7175999879837036
YPL096C-A,YGR027W-A,0,-4.910168,0.11917034536600113,0.9710000157356262,0.7177000045776367
YOL111C,YOR343C-A,0,-4.910168,0.11915572732686996,0.9710000157356262,0.7178000211715698
YDR435C,YHL009W-B,0,-4.910168,0.1191411018371582,0.9710000157356262,0.7178999781608582
YMR298W,YPR036W-A,0,-4.910168,0.11912649124860764,0.9710000157356262,0.7179999947547913
YOR007C,YDR210W-C,0,-4.910168,0.11911187320947647,0.9710000157356262,0.7181000113487244
YER018C,YDR210W-C,0,-4.910168,0.1190972626209259,0.9710000157356262,0.7182000279426575
YDR014W-A,YGL257C,0,-4.910168,0.11908265948295593,0.9710000157356262,0.7182999849319458
YBL079W,YDR210W-D,0,-4.910168,0.11906805634498596,0.9710000157356262,0.7184000015258789
YCR075C,YOR343C-A,0,-4.910168,0.11905346065759659,0.9710000157356262,0.718500018119812
YKL089W,YOR343C-A,0,-4.910168,0.11903886497020721,0.9710000157356262,0.7185999751091003
YGL062W,YDR210W-D,0,-4.910168,0.11902426928281784,0.9710000157356262,0.7186999917030334
YLR391W,YMR051C,0,-4.910168,0.11900968104600906,0.9710000157356262,0.7188000082969666
YOR240W,YLR227W-A,0,-4.910168,0.11899510025978088,0.9710000157356262,0.7189000248908997
YKR037C,YDR210W-C,0,-4.910168,0.1189805194735527,0.9710000157356262,0.718999981880188
YBR233W-A,YGR042W,0,-4.910168,0.11896593868732452,0.9710000157356262,0.7190999984741211
YBL050W,YML045W-A,0,-4.910168,0.11895136535167694,0.9710000157356262,0.7192000150680542
YDL143W,YML045W-A,0,-4.910168,0.11893679201602936,0.9710000157356262,0.7192999720573425
YEL009C,YLR452C,0,-4.9101734,0.11892222613096237,0.9710000157356262,0.7193999886512756
YNL051W,YLR424W,0,-4.910274,0.11890766769647598,0.9710000157356262,0.7195000052452087
YGR222W,YNL294C,0,-4.9106135,0.1188931092619896,0.9710000157356262,0.7196000218391418
YOL078W,YLR410W-A,0,-4.911275,0.1188785508275032,0.9710000157356262,0.7196999788284302
YLL031C,YNL004W,0,-4.9117894,0.11886399984359741,0.9710000157356262,0.7197999954223633
YPL084W,YJL092W,0,-4.9118834,0.11884944885969162,0.9710000157356262,0.7199000120162964
YBR059C,YDR034C-D,0,-4.9119525,0.11883490532636642,0.9710000157356262,0.7200000286102295
YKL054C,YAL055W,0,-4.9123654,0.11882036179304123,0.9710000157356262,0.7200999855995178
YOL086C,YDR023W,0,-4.9124107,0.11880582571029663,0.9710000157356262,0.7202000021934509
YMR029C,YJR028W,0,-4.9126124,0.11879128962755203,0.9710000157356262,0.720300018787384
YAR019C,YHR060W,0,-4.9126396,0.11877676099538803,0.9710000157356262,0.7203999757766724
YAR015W,YCL008C,0,-4.913255,0.11876223236322403,0.9710000157356262,0.7204999923706055
YNL275W,YGR038C-B,0,-4.9133205,0.11874770373106003,0.9710000157356262,0.7206000089645386
YCL026C-A,YGR222W,0,-4.913336,0.11873319000005722,0.9710000157356262,0.7207000255584717
YLR192C,YEL060C,0,-4.9134,0.11871866881847382,0.9710000157356262,0.72079998254776
YLR206W,YDR198C,0,-4.9137144,0.11870415508747101,0.9710000157356262,0.7208999991416931
YLR115W,YGL208W,0,-4.9152346,0.1186896488070488,0.9710000157356262,0.7210000157356262
YPL086C,YJR013W,0,-4.9152384,0.11867514252662659,0.9710000157356262,0.7210999727249146
YAL053W,YER159C-A,0,-4.915394,0.11866063624620438,0.9710000157356262,0.7211999893188477
YOR245C,YMR051C,0,-4.915716,0.11864613741636276,0.9710000157356262,0.7213000059127808
YEL056W,YEL066W,1,-4.9167457,0.1187538206577301,0.972000002861023,0.7213000059127808
YJL134W,YPL060C-A,0,-4.9167976,0.11873931437730789,0.972000002861023,0.7214000225067139
YMR076C,YKL086W,0,-4.9171805,0.11872480809688568,0.972000002861023,0.7214999794960022
YKL046C,YLR410W-A,0,-4.9177337,0.11871030926704407,0.972000002861023,0.7215999960899353
YPL160W,YLR084C,0,-4.918222,0.11869581043720245,0.972000002861023,0.7217000126838684
YMR023C,YPR158W-B,0,-4.918475,0.11868131905794144,0.972000002861023,0.7218000292778015
YJL060W,YDL181W,0,-4.918637,0.11866682767868042,0.972000002861023,0.7218999862670898
YOR028C,YLR157C-B,0,-4.9194913,0.11865234375,0.972000002861023,0.722000002861023
YIL066C,YPR137C-A,0,-4.9200025,0.11863785982131958,0.972000002861023,0.722100019454956
YNR035C,YPR158W-B,0,-4.9200406,0.11862338334321976,0.972000002861023,0.7221999764442444
YIL142W,YHR214C-C,0,-4.921005,0.11860890686511993,0.972000002861023,0.7222999930381775
YDL118W,YDR316W-B,0,-4.9213586,0.11859443783760071,0.972000002861023,0.7224000096321106
YCR010C,YDR038C,0,-4.9217787,0.11857996881008148,0.972000002861023,0.7225000262260437
YIR033W,YGR103W,0,-4.921781,0.11856550723314285,0.972000002861023,0.722599983215332
YHL040C,YMR212C,0,-4.9218745,0.11855104565620422,0.972000002861023,0.7226999998092651
YOR221C,YOR217W,0,-4.92236,0.1185365840792656,0.972000002861023,0.7228000164031982
YHR030C,YDR365W-A,0,-4.9226856,0.11852212995290756,0.972000002861023,0.7228999733924866
YBR159W,YDR162C,0,-4.922812,0.11850768327713013,0.972000002861023,0.7229999899864197
YIL034C,YIR025W,0,-4.922916,0.11849323660135269,0.972000002861023,0.7231000065803528
YHL047C,YMR201C,0,-4.9230084,0.11847878992557526,0.972000002861023,0.7232000231742859
YGR152C,YER151C,0,-4.92312,0.11846435070037842,0.972000002861023,0.7232999801635742
YDR309C,YNL177C,0,-4.923223,0.11844991147518158,0.972000002861023,0.7233999967575073
YGR097W,YPR167C,0,-4.923668,0.11843547970056534,0.972000002861023,0.7235000133514404
YCR005C,YDR318W,0,-4.923768,0.1184210553765297,0.972000002861023,0.7235999703407288
YJL208C,YJL192C,0,-4.923869,0.11840662360191345,0.972000002861023,0.7236999869346619
YOL028C,YEL041W,0,-4.923957,0.1183922067284584,0.972000002861023,0.723800003528595
YDR129C,YBR118W,0,-4.924111,0.11837778240442276,0.972000002861023,0.7239000201225281
YMR311C,YLR337W,0,-4.9241257,0.11836337298154831,0.972000002861023,0.7239999771118164
YNL020C,YER015W,0,-4.924368,0.11834895610809326,0.972000002861023,0.7240999937057495
YCR107W,YLR340W,0,-4.924558,0.11833455413579941,0.972000002861023,0.7242000102996826
YBR039W,YPL257W-B,0,-4.924616,0.11832014471292496,0.972000002861023,0.7243000268936157
YLR048W,YOR149C,0,-4.9246397,0.1183057427406311,0.972000002861023,0.724399983882904
YGL216W,YAR010C,0,-4.924929,0.11829134821891785,0.972000002861023,0.7245000004768372
YDR069C,YGR161W-A,0,-4.925528,0.11827695369720459,0.972000002861023,0.7246000170707703
YML120C,YLR410W-A,0,-4.925709,0.11826255917549133,0.972000002861023,0.7246999740600586
YNL331C,YGR013W,0,-4.9266148,0.11824817210435867,0.972000002861023,0.7247999906539917
YGR216C,YDL181W,0,-4.9268537,0.11823379248380661,0.972000002861023,0.7249000072479248
YGR256W,YDR251W,0,-4.927278,0.11821941286325455,0.972000002861023,0.7250000238418579
YBR073W,YOR008C-A,0,-4.9274697,0.11820503324270248,0.972000002861023,0.7250999808311462
YDR446W,YJL012C,0,-4.927515,0.11819066107273102,0.972000002861023,0.7251999974250793
YIL036W,YMR023C,0,-4.9275227,0.11817628890275955,0.972000002861023,0.7253000140190125
YLR215C,YIL082W-A,0,-4.927855,0.11816192418336868,0.972000002861023,0.7253999710083008
YML132W,YBL018C,0,-4.9287305,0.11814755946397781,0.972000002861023,0.7254999876022339
YOL123W,YDR055W,0,-4.9287596,0.11813320219516754,0.972000002861023,0.725600004196167
YMR006C,YDR382W,0,-4.929216,0.11811884492635727,0.972000002861023,0.7257000207901001
YPL174C,YOR142W-B,0,-4.929251,0.1181044951081276,0.972000002861023,0.7257999777793884
YAR014C,YOL126C,0,-4.9293814,0.11809014528989792,0.972000002861023,0.7258999943733215
YER087C-A,YIL029C,0,-4.929455,0.11807580292224884,0.972000002861023,0.7260000109672546
YBR136W,YDR281C,0,-4.9295444,0.11806146055459976,0.972000002861023,0.7261000275611877
YCL031C,YEL057C,0,-4.929689,0.11804711818695068,0.972000002861023,0.7261999845504761
YDR097C,YCL075W,0,-4.9307437,0.1180327832698822,0.972000002861023,0.7263000011444092
YJR042W,YNL131W,0,-4.931191,0.11801845580339432,0.972000002861023,0.7264000177383423
YLR028C,YDR177W,0,-4.9318132,0.11800412833690643,0.972000002861023,0.7264999747276306
YDR343C,YNL273W,0,-4.9328823,0.11798980087041855,0.972000002861023,0.7265999913215637
YCL034W,YBR118W,0,-4.932922,0.11797548085451126,0.972000002861023,0.7267000079154968
YKL135C,YPR183W,0,-4.9331117,0.11796116828918457,0.972000002861023,0.7268000245094299
YIL019W,YJL157C,0,-4.9335785,0.11794684827327728,0.972000002861023,0.7268999814987183
YKR097W,YCL020W,0,-4.93371,0.11793254315853119,0.972000002861023,0.7269999980926514
YNL163C,YIL029C,0,-4.9338193,0.1179182305932045,0.972000002861023,0.7271000146865845
YDR080W,YDR261C-C,0,-4.93415,0.117903932929039,0.972000002861023,0.7271999716758728
YER024W,YDR365W-A,0,-4.934506,0.11788962781429291,0.972000002861023,0.7272999882698059
YKL154W,YJR028W,0,-4.934524,0.11787533015012741,0.972000002861023,0.727400004863739
YML081C-A,YHR091C,0,-4.9349446,0.11786103993654251,0.972000002861023,0.7275000214576721
YLR116W,YAR044W,0,-4.934971,0.11784674972295761,0.972000002861023,0.7275999784469604
YNR032W,YPL131W,0,-4.9349713,0.11783246695995331,0.972000002861023,0.7276999950408936
YML121W,YGL013C,0,-4.9350505,0.117818184196949,0.972000002861023,0.7278000116348267
YGL136C,YOR192C-A,0,-4.935561,0.1178039014339447,0.972000002861023,0.7279000282287598
YHR187W,YOL097C,0,-4.9357543,0.117789626121521,0.972000002861023,0.7279999852180481
YHR068W,YGL097W,0,-4.9358115,0.11777535080909729,0.972000002861023,0.7281000018119812
YFL025C,YER008C,0,-4.936099,0.11776108294725418,0.972000002861023,0.7282000184059143
YOR320C,YER159C-A,0,-4.936396,0.11774682253599167,0.972000002861023,0.7282999753952026
YKL196C,YLR410W-A,0,-4.9372463,0.11773255467414856,0.972000002861023,0.7283999919891357
YDR309C,YKL053C-A,0,-4.937548,0.11771830171346664,0.972000002861023,0.7285000085830688
YBR168W,YOL103W-A,0,-4.9375615,0.11770404130220413,0.972000002861023,0.728600025177002
YBL093C,YMR140W,0,-4.93763,0.11768979579210281,0.972000002861023,0.7286999821662903
YPL211W,YDR478W,0,-4.9376674,0.1176755428314209,0.972000002861023,0.7287999987602234
YBR142W,YPL057C,0,-4.9379745,0.11766129732131958,0.972000002861023,0.7289000153541565
YML118W,YGR122W,0,-4.9382415,0.11764705926179886,0.972000002861023,0.7289999723434448
YDR345C,YGR059W,0,-4.9383082,0.11763282120227814,0.972000002861023,0.7290999889373779
YIR006C,YLR467W,0,-4.938324,0.11761858314275742,0.972000002861023,0.729200005531311
YOR011W,YBR152W,0,-4.9383345,0.11760435253381729,0.972000002861023,0.7293000221252441
YCL044C,YNL222W,0,-4.9385114,0.11759012937545776,0.972000002861023,0.7293999791145325
YOL060C,YMR023C,0,-4.9385433,0.11757590621709824,0.972000002861023,0.7294999957084656
YKL145W,YOL103W-A,0,-4.9385858,0.11756168305873871,0.972000002861023,0.7296000123023987
YJL025W,YPL257W-A,0,-4.9393425,0.11754746735095978,0.972000002861023,0.7297000288963318
YLR183C,YDR098C-A,0,-4.9398303,0.11753325164318085,0.972000002861023,0.7297999858856201
YDR004W,YOR004W,0,-4.9401517,0.11751904338598251,0.972000002861023,0.7299000024795532
YDL088C,YMR267W,0,-4.94068,0.11750483512878418,0.972000002861023,0.7300000190734863
YPL262W,YJL166W,0,-4.9408298,0.11749063432216644,0.972000002861023,0.7300999760627747
YOR031W,YMR006C,0,-4.9408484,0.1174764335155487,0.972000002861023,0.7301999926567078
YLR397C,YML001W,0,-4.9409037,0.11746223270893097,0.972000002861023,0.7303000092506409
YHR175W,YGL257C,0,-4.9414134,0.11744803935289383,0.972000002861023,0.730400025844574
YOR341W,YGR186W,0,-4.941498,0.11743385344743729,0.972000002861023,0.7304999828338623
YNL112W,YLR403W,0,-4.9421086,0.11741966754198074,0.972000002861023,0.7305999994277954
YLL016W,YOR069W,0,-4.9422555,0.1174054816365242,0.972000002861023,0.7307000160217285
YMR184W,YGR109W-A,0,-4.9423976,0.11739130318164825,0.972000002861023,0.7307999730110168
YOR119C,YLR410W-A,0,-4.9428077,0.11737712472677231,0.972000002861023,0.73089998960495
YFL011W-A,YFL025C,0,-4.9429026,0.11736295372247696,0.972000002861023,0.7310000061988831
YOR388C,YFL004W,0,-4.9429355,0.11734879016876221,0.972000002861023,0.7311000227928162
YOR274W,YJL108C,0,-4.942936,0.11733461916446686,0.972000002861023,0.7311999797821045
YKL139W,YOL103W-B,0,-4.9430594,0.1173204556107521,0.972000002861023,0.7312999963760376
YMR078C,YAL001C,0,-4.9430995,0.11730629950761795,0.972000002861023,0.7314000129699707
YLR028C,YGR161C-D,0,-4.943123,0.1172921434044838,0.972000002861023,0.7315000295639038
YBR278W,YPR193C,1,-4.9431987,0.11739864945411682,0.9729999899864197,0.7315000295639038
YIL007C,YPL058C,0,-4.944634,0.11738448590040207,0.9729999899864197,0.7315999865531921
YLR447C,YLR301W,0,-4.9455576,0.11737032234668732,0.9729999899864197,0.7317000031471252
YGR037C,YNL055C,0,-4.945617,0.11735616624355316,0.9729999899864197,0.7318000197410583
YLL060C,YNL004W,0,-4.946284,0.1173420175909996,0.9729999899864197,0.7318999767303467
YOR063W,YDR259C,0,-4.946449,0.11732786893844604,0.9729999899864197,0.7319999933242798
YHR098C,YLR066W,0,-4.9464703,0.11731372028589249,0.9729999899864197,0.7321000099182129
YKR061W,YNL119W,0,-4.947028,0.11729957908391953,0.9729999899864197,0.732200026512146
YKR056W,YDR261W-A,0,-4.947061,0.11728543788194656,0.9729999899864197,0.7322999835014343
YIL056W,YDR115W,0,-4.9472566,0.1172713041305542,0.9729999899864197,0.7324000000953674
YJL095W,YHL024W,0,-4.947434,0.11725717037916183,0.9729999899864197,0.7325000166893005
YCL014W,YDR365W-A,0,-4.9476595,0.11724304407835007,0.9729999899864197,0.7325999736785889
YOR377W,YLR147C,0,-4.9491043,0.1172289177775383,0.9729999899864197,0.732699990272522
YGR063C,YNL186W,1,-4.9493904,0.1173352599143982,0.9739999771118164,0.732699990272522
YBR129C,YIR041W,0,-4.9505115,0.11732112616300583,0.9739999771118164,0.7328000068664551
YOL127W,YDR027C,0,-4.9508495,0.11730699986219406,0.9739999771118164,0.7329000234603882
YBL005W,YCL062W,0,-4.951268,0.1172928735613823,0.9739999771118164,0.7329999804496765
YCR020C-A,YPL156C,0,-4.951312,0.11727874726057053,0.9739999771118164,0.7330999970436096
YNL275W,YDR098C-B,0,-4.951881,0.11726462841033936,0.9739999771118164,0.7332000136375427
YDR252W,YDR435C,0,-4.9520407,0.11725050956010818,0.9739999771118164,0.733299970626831
YPR167C,YML011C,0,-4.9520617,0.11723639816045761,0.9739999771118164,0.7333999872207642
YJL157C,YBL034C,0,-4.9520864,0.11722228676080704,0.9739999771118164,0.7335000038146973
YDR461W,YGR161W-A,0,-4.952164,0.11720818281173706,0.9739999771118164,0.7336000204086304
YOL003C,YPL257W-A,0,-4.9534082,0.11719407886266708,0.9739999771118164,0.7336999773979187
YLR210W,YDR210W-B,0,-4.953466,0.1171799823641777,0.9739999771118164,0.7337999939918518
YHR052W,YLR381W,0,-4.9539714,0.11716588586568832,0.9739999771118164,0.7339000105857849
YEL036C,YFR014C,0,-4.9540243,0.11715178936719894,0.9739999771118164,0.734000027179718
YLR098C,YLR411W,0,-4.95423,0.11713770031929016,0.9739999771118164,0.7340999841690063
YLR158C,YIL066C,0,-4.9549694,0.11712361872196198,0.9739999771118164,0.7342000007629395
YEL066W,YDR143C,1,-4.955046,0.11722976714372635,0.9750000238418579,0.7342000007629395
YGL028C,YML045W,0,-4.9550962,0.11721567809581757,0.9750000238418579,0.7343000173568726
YPL119C,YDL247W,0,-4.9551,0.11720158904790878,0.9750000238418579,0.7343999743461609
YJL100W,YML027W,0,-4.9552827,0.1171875,0.9750000238418579,0.734499990940094
YPR120C,YDR170W-A,0,-4.955421,0.11717341840267181,0.9750000238418579,0.7346000075340271
YPR083W,YLR248W,0,-4.955461,0.11715933680534363,0.9750000238418579,0.7347000241279602
YJR078W,YBR188C,0,-4.9559875,0.11714526265859604,0.9750000238418579,0.7347999811172485
YDL056W,YJL148W,0,-4.9561677,0.11713118851184845,0.9750000238418579,0.7348999977111816
YLR215C,YOR137C,0,-4.9562144,0.11711711436510086,0.9750000238418579,0.7350000143051147
YJL208C,YDR059C,0,-4.9562707,0.11710304766893387,0.9750000238418579,0.7350999712944031
YPL174C,YHL024W,0,-4.9566765,0.11708898842334747,0.9750000238418579,0.7351999878883362
YIR019C,YDR043C,0,-4.9567685,0.11707492917776108,0.9750000238418579,0.7353000044822693
YER122C,YDR098C-B,0,-4.9574533,0.11706086993217468,0.9750000238418579,0.7354000210762024
YPL163C,YKL126W,0,-4.957542,0.11704681813716888,0.9750000238418579,0.7354999780654907
YER035W,YOR192C-A,0,-4.957776,0.11703276634216309,0.9750000238418579,0.7355999946594238
YAL054C,YDR334W,1,-4.9578958,0.11713874340057373,0.9760000109672546,0.7355999946594238
YPL133C,YPL257W-B,0,-4.957922,0.11712468415498734,0.9760000109672546,0.7357000112533569
YMR234W,YLR227W-A,0,-4.958186,0.11711063235998154,0.9760000109672546,0.73580002784729
YFR014C,YOL038W,0,-4.9594207,0.11709658056497574,0.9760000109672546,0.7358999848365784
YPL043W,YLR044C,0,-4.9609933,0.11708253622055054,0.9760000109672546,0.7360000014305115
YNL007C,YLR410W-A,0,-4.9612937,0.11706849187612534,0.9760000109672546,0.7361000180244446
YIL062C,YOR329C,0,-4.9615083,0.11705444753170013,0.9760000109672546,0.7361999750137329
YDL024C,YIL030C,0,-4.961597,0.11704041063785553,0.9760000109672546,0.736299991607666
YJR078W,YBL100W-B,0,-4.96192,0.11702638119459152,0.9760000109672546,0.7364000082015991
YIL004C,YOR298W,0,-4.962319,0.11701235175132751,0.9760000109672546,0.7365000247955322
YMR292W,YML058W,0,-4.9624524,0.11699832230806351,0.9760000109672546,0.7365999817848206
YAL053W,YDR365W-B,0,-4.962554,0.1169843003153801,0.9760000109672546,0.7366999983787537
YIL109C,YJR026W,0,-4.9626,0.11697027832269669,0.9760000109672546,0.7368000149726868
YBR035C,YOR003W,0,-4.9631977,0.11695626378059387,0.9760000109672546,0.7368999719619751
YLR131C,YDL109C,0,-4.9635167,0.11694224923849106,0.9760000109672546,0.7369999885559082
YAL054C,YLR085C,1,-4.963834,0.11704804003238678,0.9769999980926514,0.7369999885559082
YPL200W,YPR158C-D,0,-4.963932,0.11703401803970337,0.9769999980926514,0.7371000051498413
YOR049C,YDL064W,0,-4.963972,0.11702000349760056,0.9769999980926514,0.7372000217437744
YCR010C,YGR161C-C,0,-4.9643717,0.11700598895549774,0.9769999980926514,0.7372999787330627
YKL026C,YLR092W,0,-4.9645314,0.11699197441339493,0.9769999980926514,0.7373999953269958
YBL074C,YOR192C-B,0,-4.9646063,0.11697796732187271,0.9769999980926514,0.737500011920929
YDL022W,YPR158W-B,0,-4.965251,0.11696396768093109,0.9769999980926514,0.7376000285148621
YLR451W,YPR158W-B,0,-4.96528,0.11694996058940887,0.9769999980926514,0.7376999855041504
YPL147W,YGR109W-A,0,-4.9653096,0.11693596839904785,0.9769999980926514,0.7378000020980835
YMR025W,YBR106W,0,-4.965518,0.11692196875810623,0.9769999980926514,0.7379000186920166
YMR150C,YNL313C,0,-4.965991,0.1169079840183258,0.9769999980926514,0.7379999756813049
YNR019W,YBR136W,0,-4.966159,0.11689399182796478,0.9769999980926514,0.738099992275238
YPR121W,YBR173C,0,-4.9665995,0.11688000708818436,0.9769999980926514,0.7382000088691711
YBR020W,YCR055C,0,-4.96732,0.11686602979898453,0.9769999980926514,0.7383000254631042
YPL265W,YMR035W,0,-4.968057,0.1168520525097847,0.9769999980926514,0.7383999824523926
YHR034C,YML092C,0,-4.9681077,0.11683807522058487,0.9769999980926514,0.7384999990463257
YER019W,YGR038C-B,0,-4.9686513,0.11682410538196564,0.9769999980926514,0.7386000156402588
YMR048W,YGR280C,0,-4.9691267,0.1168101355433464,0.9769999980926514,0.7386999726295471
YPR042C,YPR137C-B,0,-4.9693847,0.11679617315530777,0.9769999980926514,0.7387999892234802
YGL001C,YBL034C,0,-4.9693937,0.11678221076726913,0.9769999980926514,0.7389000058174133
YJL095W,YIL029C,0,-4.9695787,0.1167682558298111,0.9769999980926514,0.7390000224113464
YKL017C,YPL060C-A,0,-4.9697075,0.11675430089235306,0.9769999980926514,0.7390999794006348
YMR065W,YGR118W,0,-4.969838,0.11674035340547562,0.9769999980926514,0.7391999959945679
YGR077C,YER118C,0,-4.970081,0.11672640591859818,0.9769999980926514,0.739300012588501
YER178W,YGR077C,0,-4.971091,0.11671245843172073,0.9769999980926514,0.7394000291824341
YML057W,YER042W,0,-4.9711785,0.11669851839542389,0.9769999980926514,0.7394999861717224
YOR193W,YOL031C,0,-4.9713507,0.11668457835912704,0.9769999980926514,0.7396000027656555
YGR183C,YGR161C-D,0,-4.9716415,0.1166706457734108,0.9769999980926514,0.7397000193595886
YLR014C,YGR038C-B,0,-4.972228,0.11665671318769455,0.9769999980926514,0.739799976348877
YFL060C,YLR157C-B,0,-4.9724045,0.1166427880525589,0.9769999980926514,0.7398999929428101
YJR112W,YOR243C,0,-4.9725432,0.11662886291742325,0.9769999980926514,0.7400000095367432
YDR113C,YDR098C-A,0,-4.9727554,0.1166149452328682,0.9769999980926514,0.7401000261306763
YKL089W,YGR109W-A,0,-4.972873,0.11660102754831314,0.9769999980926514,0.7401999831199646
YDR069C,YPL157W,0,-4.9733377,0.11658710986375809,0.9769999980926514,0.7402999997138977
YLR449W,YDR359C,1,-4.973544,0.11669252067804337,0.9779999852180481,0.7402999997138977
YDL188C,YGL096W,0,-4.9735484,0.11667859554290771,0.9779999852180481,0.7404000163078308
YBR153W,YOR008C-A,0,-4.973661,0.11666467785835266,0.9779999852180481,0.7404999732971191
YML077W,YPL154C,0,-4.9746857,0.11665076017379761,0.9779999852180481,0.7405999898910522
YPR006C,YGR109W-A,0,-4.9750433,0.11663684993982315,0.9779999852180481,0.7407000064849854
YPR155C,YGL243W,0,-4.9751554,0.1166229397058487,0.9779999852180481,0.7408000230789185
YOR181W,YCR061W,0,-4.975698,0.11660903692245483,0.9779999852180481,0.7408999800682068
YKL190W,YOR287C,0,-4.9761786,0.11659513413906097,0.9779999852180481,0.7409999966621399
YDR273W,YGR276C,0,-4.976187,0.11658123880624771,0.9779999852180481,0.741100013256073
YNL286W,YGR216C,0,-4.976379,0.11656734347343445,0.9779999852180481,0.7411999702453613
YLR284C,YPR137C-B,0,-4.9764833,0.11655344814062119,0.9779999852180481,0.7412999868392944
YDR214W,YIL118W,0,-4.976542,0.11653956025838852,0.9779999852180481,0.7414000034332275
YKL062W,YGR251W,0,-4.9766383,0.11652567982673645,0.9779999852180481,0.7415000200271606
YFL009W,YLL011W,0,-4.9768987,0.11651179194450378,0.9779999852180481,0.741599977016449
YCL004W,YMR087W,0,-4.9772835,0.11649791896343231,0.9779999852180481,0.7416999936103821
YMR280C,YPL257W-B,0,-4.9785895,0.11648403853178024,0.9779999852180481,0.7418000102043152
YER108C,YML076C,0,-4.9786963,0.11647016555070877,0.9779999852180481,0.7419000267982483
YKL208W,YHR081W,0,-4.978775,0.1164563000202179,0.9779999852180481,0.7419999837875366
YJL010C,YDR316W-B,0,-4.9793644,0.11644243448972702,0.9779999852180481,0.7421000003814697
YLR390W-A,YJR063W,0,-4.980261,0.11642856895923615,0.9779999852180481,0.7422000169754028
YNL188W,YDL085W,0,-4.9812107,0.11641471087932587,0.9779999852180481,0.7422999739646912
YPR144C,YML059C,0,-4.981266,0.11640086024999619,0.9779999852180481,0.7423999905586243
YOR098C,YGL028C,0,-4.981813,0.11638700217008591,0.9779999852180481,0.7425000071525574
YOR388C,YHL009W-B,0,-4.9820247,0.11637315899133682,0.9779999852180481,0.7426000237464905
YJL092W,YCL033C,0,-4.9824324,0.11635930836200714,0.9779999852180481,0.7426999807357788
YKL079W,YDR365W-B,0,-4.9825788,0.11634546518325806,0.9779999852180481,0.7427999973297119
YLR266C,YOL097C,0,-4.9828134,0.11633162945508957,0.9779999852180481,0.742900013923645
YHL011C,YHR098C,0,-4.983044,0.11631779372692108,0.9779999852180481,0.7429999709129333
YMR097C,YLR003C,0,-4.9832397,0.1163039579987526,0.9779999852180481,0.7430999875068665
YGL070C,YLR410W-B,0,-4.983687,0.1162901297211647,0.9779999852180481,0.7432000041007996
YER145C,YJL102W,0,-4.9837112,0.11627630144357681,0.9779999852180481,0.7433000206947327
YLR314C,YGR109W-A,0,-4.9837976,0.11626248061656952,0.9779999852180481,0.743399977684021
YPR075C,YPR158W-B,0,-4.9840198,0.11624865978956223,0.9779999852180481,0.7434999942779541
YPR023C,YNL030W,1,-4.984528,0.11635369807481766,0.9789999723434448,0.7434999942779541
YPL187W,YML073C,0,-4.9848533,0.11633986979722977,0.9789999723434448,0.7436000108718872
YPL233W,YOR142W-A,0,-4.9849615,0.11632604897022247,0.9789999723434448,0.7437000274658203
YBR070C,YLR116W,0,-4.984991,0.11631222814321518,0.9789999723434448,0.7437999844551086
YOR043W,YNL247W,0,-4.985003,0.11629840731620789,0.9789999723434448,0.7439000010490417
YPL096W,YBR162C,0,-4.985463,0.11628459393978119,0.9789999723434448,0.7440000176429749
YHR023W,YPL060C-A,0,-4.9857373,0.11627078056335449,0.9789999723434448,0.7440999746322632
YDR080W,YDR316W-B,0,-4.986235,0.11625697463750839,0.9789999723434448,0.7441999912261963
YOL077C,YLR410W-B,0,-4.9866242,0.11624317616224289,0.9789999723434448,0.7443000078201294
YGR159C,YIL082W-A,0,-4.986682,0.11622937023639679,0.9789999723434448,0.7444000244140625
YPL200W,YPR187W,0,-4.9871736,0.11621557176113129,0.9789999723434448,0.7444999814033508
YOR299W,YGL001C,0,-4.9873147,0.11620178073644638,0.9789999723434448,0.7445999979972839
YNL119W,YLR234W,0,-4.987339,0.11618798971176147,0.9789999723434448,0.744700014591217
YIL109C,YDR210W-A,0,-4.98823,0.11617419868707657,0.9789999723434448,0.7447999715805054
YPL011C,YGR251W,0,-4.9885883,0.11616041511297226,0.9789999723434448,0.7448999881744385
YDR164C,YOL103W-A,0,-4.9886184,0.11614663898944855,0.9789999723434448,0.7450000047683716
YDL247W,YNL032W,0,-4.989735,0.11613285541534424,0.9789999723434448,0.7451000213623047
YKR027W,YHR067W,0,-4.9903464,0.11611908674240112,0.9789999723434448,0.745199978351593
YLR390W-A,YPL275W,0,-4.9905787,0.11610531061887741,0.9789999723434448,0.7452999949455261
YPL231W,YJR120W,0,-4.9907103,0.1160915419459343,0.9789999723434448,0.7454000115394592
YGR249W,YGL233W,0,-4.9918923,0.11607778072357178,0.9789999723434448,0.7455000281333923
YER162C,YHL007C,0,-4.9923205,0.11606401950120926,0.9789999723434448,0.7455999851226807
YLR411W,YGL062W,0,-4.992456,0.11605025827884674,0.9789999723434448,0.7457000017166138
YCR089W,YPL043W,0,-4.9925885,0.11603650450706482,0.9789999723434448,0.7458000183105469
YIR017C,YER019C-A,0,-4.992659,0.1160227507352829,0.9789999723434448,0.7458999752998352
YBL033C,YNL247W,0,-4.9928923,0.11600900441408157,0.9789999723434448,0.7459999918937683
YMR119W,YHR176W,0,-4.993196,0.11599525809288025,0.9789999723434448,0.7461000084877014
YMR311C,YAR010C,0,-4.994309,0.11598151922225952,0.9789999723434448,0.7462000250816345
YOL023W,YER082C,0,-4.9945655,0.1159677803516388,0.9789999723434448,0.7462999820709229
YML130C,YAL031C,0,-4.994725,0.11595404148101807,0.9789999723434448,0.746399998664856
YGR044C,YML001W,0,-4.995722,0.11594031006097794,0.9789999723434448,0.7465000152587891
YDR129C,YOR338W,0,-4.9959044,0.1159265860915184,0.9789999723434448,0.7465999722480774
YER019W,YJR026W,0,-4.9959574,0.11591285467147827,0.9789999723434448,0.7466999888420105
YCR086W,YLR372W,0,-4.9961705,0.11589913815259933,0.9789999723434448,0.7468000054359436
YNL182C,YIL022W,0,-4.996438,0.1158854141831398,0.9789999723434448,0.7469000220298767
YDR235W,YLR410W-B,0,-4.9966235,0.11587169766426086,0.9789999723434448,0.746999979019165
YGR091W,YLR157C-B,0,-4.9973855,0.11585798859596252,0.9789999723434448,0.7470999956130981
YMR030W,YBR156C,0,-4.999179,0.11584427952766418,0.9789999723434448,0.7472000122070312
YMR139W,YOR075W,0,-4.9992027,0.11583057045936584,0.9789999723434448,0.7473000288009644
YHR059W,YNL098C,0,-5.0000887,0.1158168688416481,0.9789999723434448,0.7473999857902527
YJL006C,YPL170W,0,-5.0005345,0.11580316722393036,0.9789999723434448,0.7475000023841858
YLL031C,YGR161C-C,0,-5.0005965,0.11578947305679321,0.9789999723434448,0.7476000189781189
YNL283C,YBL100W-B,0,-5.000662,0.11577577888965607,0.9789999723434448,0.7476999759674072
YIL140W,YNL177C,0,-5.000702,0.11576209217309952,0.9789999723434448,0.7477999925613403
YGR155W,YCL055W,0,-5.000979,0.11574840545654297,0.9789999723434448,0.7479000091552734
YJR103W,YPL257W-B,0,-5.001577,0.11573471873998642,0.9789999723434448,0.7480000257492065
YJL204C,YDR400W,0,-5.001868,0.11572103947401047,0.9789999723434448,0.7480999827384949
YOL089C,YKR056W,0,-5.0018935,0.11570736020803452,0.9789999723434448,0.748199999332428
YJL036W,YBR012W-A,0,-5.0019364,0.11569368839263916,0.9789999723434448,0.7483000159263611
YOR274W,YLL040C,0,-5.0031357,0.1156800165772438,0.9789999723434448,0.7483999729156494
YDL079C,YIL119C,0,-5.0031877,0.11566635221242905,0.9789999723434448,0.7484999895095825
YCR005C,YHL012W,0,-5.003734,0.11565268784761429,0.9789999723434448,0.7486000061035156
YIL132C,YPR158W-B,0,-5.0039725,0.11563902348279953,0.9789999723434448,0.7487000226974487
YMR220W,YHL012W,0,-5.0039744,0.11562536656856537,0.9789999723434448,0.7487999796867371
YGR178C,YML115C,0,-5.0041857,0.1156117171049118,0.9789999723434448,0.7488999962806702
YCR093W,YJR009C,0,-5.0042653,0.11559806019067764,0.9789999723434448,0.7490000128746033
YPR176C,YLL060C,0,-5.0046515,0.11558441817760468,0.9789999723434448,0.7491000294685364
YIL085C,YER053C,0,-5.0051417,0.11557076871395111,0.9789999723434448,0.7491999864578247
YPL266W,YCR098C,0,-5.0051847,0.11555712670087814,0.9789999723434448,0.7493000030517578
YDR231C,YAL035W,0,-5.005218,0.11554349213838577,0.9789999723434448,0.7494000196456909
YDL247W,YMR188C,0,-5.0057898,0.1155298575758934,0.9789999723434448,0.7494999766349792
YDR069C,YDR194C,0,-5.0065093,0.11551622301340103,0.9789999723434448,0.7495999932289124
YDL212W,YER018C,0,-5.0065656,0.11550259590148926,0.9789999723434448,0.7497000098228455
YDR346C,YKL099C,0,-5.0065866,0.11548896878957748,0.9789999723434448,0.7498000264167786
YBL061C,YDR316W-B,0,-5.0076194,0.11547534912824631,0.9789999723434448,0.7498999834060669
YGL256W,YOR267C,0,-5.0077896,0.11546172946691513,0.9789999723434448,0.75
YJR155W,YIL153W,0,-5.0082145,0.11544810980558395,0.9789999723434448,0.7501000165939331
YNL118C,YLL056C,0,-5.008948,0.11543449759483337,0.9789999723434448,0.7501999735832214
YKL086W,YLR410W-A,0,-5.0092525,0.11542089283466339,0.9789999723434448,0.7502999901771545
YPR093C,YDR059C,0,-5.0095887,0.11540728807449341,0.9789999723434448,0.7504000067710876
YLR066W,YDR115W,0,-5.0097384,0.11539368331432343,0.9789999723434448,0.7505000233650208
YAL031C,YDR261C-C,0,-5.009851,0.11538008600473404,0.9789999723434448,0.7505999803543091
YOR321W,YNL229C,0,-5.0102386,0.11536648869514465,0.9789999723434448,0.7506999969482422
YAL030W,YML088W,0,-5.0104995,0.11535289138555527,0.9789999723434448,0.7508000135421753
YBL005W-A,YHR214C-C,0,-5.010613,0.11533930152654648,0.9789999723434448,0.7508999705314636
YIL117C,YHR014W,0,-5.010752,0.11532571911811829,0.9789999723434448,0.7509999871253967
YLR447C,YDR365W-B,0,-5.0112123,0.1153121292591095,0.9789999723434448,0.7511000037193298
YBL045C,YOR136W,0,-5.0114694,0.1152985543012619,0.9789999723434448,0.7512000203132629
YPR199C,YOL103W-A,0,-5.0114846,0.11528497189283371,0.9789999723434448,0.7512999773025513
YKR081C,YFL060C,0,-5.011751,0.11527139693498611,0.9789999723434448,0.7513999938964844
YLR231C,YBL005W-A,0,-5.0119033,0.11525782942771912,0.9789999723434448,0.7515000104904175
YMR068W,YGR007W,0,-5.01227,0.11524426192045212,0.9789999723434448,0.7516000270843506
YLR319C,YBR161W,0,-5.012461,0.11523069441318512,0.9789999723434448,0.7516999840736389
YMR119W,YIL117C,0,-5.0124965,0.11521713435649872,0.9789999723434448,0.751800000667572
YDR273W,YNL029C,0,-5.0128307,0.11520357429981232,0.9789999723434448,0.7519000172615051
YOL102C,YPR158C-D,0,-5.012846,0.11519002169370651,0.9789999723434448,0.7519999742507935
YDR400W,YLR227W-A,0,-5.0129,0.11517646908760071,0.9789999723434448,0.7520999908447266
YEL031W,YPL180W,0,-5.012944,0.1151629239320755,0.9789999723434448,0.7522000074386597
YER068W,YGR008C,0,-5.01308,0.11514937877655029,0.9789999723434448,0.7523000240325928
YER114C,YOR142W-A,0,-5.013826,0.11513583362102509,0.9789999723434448,0.7523999810218811
YNL030W,YHR099W,1,-5.013832,0.11523988842964172,0.9800000190734863,0.7523999810218811
YGL035C,YLR193C,0,-5.0145698,0.11522633582353592,0.9800000190734863,0.7524999976158142
YBR084W,YHR181W,0,-5.014714,0.11521279066801071,0.9800000190734863,0.7526000142097473
YLR189C,YDR098C-A,0,-5.0151863,0.1151992455124855,0.9800000190734863,0.7526999711990356
YNL099C,YPR158C-D,0,-5.0158944,0.1151857078075409,0.9800000190734863,0.7527999877929688
YBL069W,YGR085C,0,-5.0164156,0.11517217010259628,0.9800000190734863,0.7529000043869019
YBR193C,YPR158C-D,0,-5.0166016,0.11515863984823227,0.9800000190734863,0.753000020980835
YBL018C,YOR243C,0,-5.016708,0.11514510959386826,0.9800000190734863,0.7530999779701233
YDR263C,YDR040C,0,-5.0175753,0.11513157933950424,0.9800000190734863,0.7531999945640564
YNL282W,YNL339C,0,-5.017644,0.11511805653572083,0.9800000190734863,0.7533000111579895
YNL046W,YPL033C,0,-5.018177,0.11510453373193741,0.9800000190734863,0.7534000277519226
YCR048W,YIL082W-A,0,-5.0185556,0.11509101837873459,0.9800000190734863,0.7534999847412109
YBL069W,YHR190W,0,-5.0187807,0.11507750302553177,0.9800000190734863,0.753600001335144
YPR005C,YGR289C,0,-5.018955,0.11506398767232895,0.9800000190734863,0.7537000179290771
YOR181W,YLR009W,0,-5.019447,0.11505047976970673,0.9800000190734863,0.7537999749183655
YPL164C,YDR210W-B,0,-5.0194874,0.1150369793176651,0.9800000190734863,0.7538999915122986
YOR080W,YDR098C-A,0,-5.019759,0.11502347141504288,0.9800000190734863,0.7540000081062317
YJL001W,YOR119C,0,-5.020353,0.11500997841358185,0.9800000190734863,0.7541000247001648
YNL286W,YOR174W,0,-5.02045,0.11499647796154022,0.9800000190734863,0.7541999816894531
YGL111W,YLR035C-A,0,-5.0210214,0.1149829849600792,0.9800000190734863,0.7542999982833862
YMR039C,YLR301W,0,-5.021171,0.11496949940919876,0.9800000190734863,0.7544000148773193
YLR210W,YCL019W,0,-5.022208,0.11495601385831833,0.9800000190734863,0.7544999718666077
YOR361C,YLR466W,0,-5.0227017,0.1149425283074379,0.9800000190734863,0.7545999884605408
YML040W,YOR084W,0,-5.0229545,0.11492905020713806,0.9800000190734863,0.7547000050544739
YNL148C,YDR098C-B,0,-5.0229716,0.11491557210683823,0.9800000190734863,0.754800021648407
YDL149W,YBR182C,0,-5.0237412,0.11490210145711899,0.9800000190734863,0.7548999786376953
YGL012W,YPL152W,0,-5.024039,0.11488863080739975,0.9800000190734863,0.7549999952316284
YMR204C,YDR210W-A,0,-5.0241685,0.11487516015768051,0.9800000190734863,0.7551000118255615
YAL068C,YDR495C,0,-5.0243807,0.11486169695854187,0.9800000190734863,0.7552000284194946
YOR294W,YIL147C,0,-5.0245805,0.11484823375940323,0.9800000190734863,0.755299985408783
YNL153C,YEL057C,0,-5.024963,0.11483477801084518,0.9800000190734863,0.7554000020027161
YKL145W,YNL007C,0,-5.0252123,0.11482132226228714,0.9800000190734863,0.7555000185966492
YDR123C,YHR106W,0,-5.025214,0.11480787396430969,0.9800000190734863,0.7555999755859375
YDR057W,YBR012W-A,0,-5.0255203,0.11479442566633224,0.9800000190734863,0.7556999921798706
YCR005C,YLR316C,0,-5.0259366,0.1147809773683548,0.9800000190734863,0.7558000087738037
YDL132W,YML058W-A,0,-5.0261106,0.11476753652095795,0.9800000190734863,0.7559000253677368
YJL073W,YDR365W-B,0,-5.026183,0.1147540956735611,0.9800000190734863,0.7559999823570251
YGL067W,YMR087W,0,-5.026823,0.11474066227674484,0.9800000190734863,0.7560999989509583
YNL123W,YIL119C,0,-5.027052,0.11472722887992859,0.9800000190734863,0.7562000155448914
YLL002W,YMR053C,1,-5.027714,0.1148308590054512,0.9810000061988831,0.7562000155448914
YDR518W,YNL256W,0,-5.0278773,0.11481741815805435,0.9810000061988831,0.7562999725341797
YOR316C,YNR043W,0,-5.0279174,0.1148039773106575,0.9810000061988831,0.7563999891281128
YEL060C,YJL204C,0,-5.0281277,0.11479054391384125,0.9810000061988831,0.7565000057220459
YNL153C,YDR343C,0,-5.0302005,0.11477711796760559,0.9810000061988831,0.756600022315979
YDR216W,YPR103W,0,-5.0318236,0.11476368457078934,0.9810000061988831,0.7566999793052673
YJL042W,YER087C-A,0,-5.03187,0.11475026607513428,0.9810000061988831,0.7567999958992004
YOL027C,YJR045C,0,-5.0324435,0.11473684012889862,0.9810000061988831,0.7569000124931335
YHR092C,YMR260C,0,-5.033255,0.11472342163324356,0.9810000061988831,0.7570000290870667
YOL123W,YER159C-A,0,-5.033419,0.1147100105881691,0.9810000061988831,0.757099986076355
YAL031C,YDR170W-A,0,-5.034188,0.11469659954309464,0.9810000061988831,0.7572000026702881
YOR354C,YNL241C,0,-5.0341973,0.11468318849802017,0.9810000061988831,0.7573000192642212
YPL196W,YDR457W,0,-5.0343027,0.1146697849035263,0.9810000061988831,0.7573999762535095
YNL130C,YBR177C,0,-5.034418,0.11465638130903244,0.9810000061988831,0.7574999928474426
YBL033C,YDL083C,0,-5.0348945,0.11464298516511917,0.9810000061988831,0.7576000094413757
YPR183W,YEL030W,0,-5.0349517,0.1146295890212059,0.9810000061988831,0.7577000260353088
YPR082C,YPL243W,0,-5.035203,0.11461619287729263,0.9810000061988831,0.7577999830245972
YDR276C,YPR158C-C,0,-5.035809,0.11460280418395996,0.9810000061988831,0.7578999996185303
YBR069C,YHR214C-C,0,-5.036328,0.11458941549062729,0.9810000061988831,0.7580000162124634
YDR263C,YGR161C-D,0,-5.036432,0.11457603424787521,0.9810000061988831,0.7580999732017517
YBR142W,YML123C,0,-5.0365,0.11456265300512314,0.9810000061988831,0.7581999897956848
YGR033C,YOR356W,0,-5.0375905,0.11454927921295166,0.9810000061988831,0.7583000063896179
YPL255W,YPR005C,0,-5.0383663,0.11453590542078018,0.9810000061988831,0.758400022983551
YOR341W,YDR098C-B,0,-5.0387535,0.1145225316286087,0.9810000061988831,0.7584999799728394
YNL042W,YDR381W,0,-5.0387797,0.11450916528701782,0.9810000061988831,0.7585999965667725
YOR150W,YML029W,0,-5.0388093,0.11449579894542694,0.9810000061988831,0.7587000131607056
YDR294C,YLR130C,0,-5.038954,0.11448244005441666,0.9810000061988831,0.7588000297546387
YBR185C,YLR106C,0,-5.0393314,0.11446908116340637,0.9810000061988831,0.758899986743927
YLR246W,YJR091C,0,-5.039622,0.11445572227239609,0.9810000061988831,0.7590000033378601
YBR020W,YDR210W-B,0,-5.0396457,0.1144423708319664,0.9810000061988831,0.7591000199317932
YDR281C,YLL056C,0,-5.039905,0.11442901939153671,0.9810000061988831,0.7591999769210815
YJR121W,YDR412W,0,-5.040056,0.11441567540168762,0.9810000061988831,0.7592999935150146
YHR061C,YCR040W,0,-5.0401216,0.11440233141183853,0.9810000061988831,0.7594000101089478
YKR082W,YJR120W,0,-5.040173,0.11438899487257004,0.9810000061988831,0.7595000267028809
YLL013C,YGR027W-A,0,-5.0403147,0.11437565833330154,0.9810000061988831,0.7595999836921692
YCR065W,YDR322C-A,0,-5.0415564,0.11436232179403305,0.9810000061988831,0.7597000002861023
YMR097C,YDL208W,0,-5.041936,0.11434899270534515,0.9810000061988831,0.7598000168800354
YPL231W,YGL068W,0,-5.0419493,0.11433566361665726,0.9810000061988831,0.7598999738693237
YLR231C,YIL010W,0,-5.043615,0.11432234197854996,0.9810000061988831,0.7599999904632568
YOL080C,YNL253W,0,-5.0441675,0.11430902034044266,0.9810000061988831,0.7601000070571899
YPR023C,YMR080C,1,-5.044321,0.11441221088171005,0.9819999933242798,0.7601000070571899
YKL022C,YPR154W,0,-5.04443,0.11439888179302216,0.9819999933242798,0.760200023651123
YNL293W,YCL020W,0,-5.044544,0.11438555270433426,0.9819999933242798,0.7602999806404114
YOR109W,YDR043C,0,-5.044839,0.11437223106622696,0.9819999933242798,0.7603999972343445
YCR088W,YML097C,0,-5.0451603,0.11435891687870026,0.9819999933242798,0.7605000138282776
YPR133C,YPL176C,0,-5.045399,0.11434559524059296,0.9819999933242798,0.7605999708175659
YDL142C,YNL202W,0,-5.0456376,0.11433228850364685,0.9819999933242798,0.760699987411499
YOL144W,YBR173C,0,-5.045679,0.11431897431612015,0.9819999933242798,0.7608000040054321
YEL013W,YPR137C-B,0,-5.046784,0.11430566757917404,0.9819999933242798,0.7609000205993652
YPL112C,YDR034C-D,0,-5.047454,0.11429236829280853,0.9819999933242798,0.7609999775886536
YLR102C,YNL291C,0,-5.0475774,0.11427906155586243,0.9819999933242798,0.7610999941825867
YJL005W,YPR154W,0,-5.0476475,0.11426576972007751,0.9819999933242798,0.7612000107765198
YPR140W,YPR158W-B,0,-5.0476766,0.114252470433712,0.9819999933242798,0.7613000273704529
YEL069C,YIL029C,0,-5.0481067,0.1142391785979271,0.9819999933242798,0.7613999843597412
YOR144C,YGL089C,0,-5.048185,0.11422589421272278,0.9819999933242798,0.7615000009536743
YGR038C-A,YPL144W,0,-5.049015,0.11421260982751846,0.9819999933242798,0.7616000175476074
YGL001C,YJL013C,0,-5.049445,0.11419932544231415,0.9819999933242798,0.7616999745368958
YPR155C,YNL257C,0,-5.0494685,0.11418604850769043,0.9819999933242798,0.7617999911308289
YER052C,YGL213C,0,-5.049871,0.11417277157306671,0.9819999933242798,0.761900007724762
YFR050C,YPL257W-B,0,-5.050465,0.114159494638443,0.9819999933242798,0.7620000243186951
YGR140W,YAL058W,0,-5.050936,0.11414622515439987,0.9819999933242798,0.7620999813079834
YJL102W,YHR154W,0,-5.051127,0.11413296312093735,0.9819999933242798,0.7621999979019165
YLL035W,YFL059W,0,-5.051682,0.11411970108747482,0.9819999933242798,0.7623000144958496
YER001W,YNL243W,0,-5.0520597,0.1141064390540123,0.9819999933242798,0.7623999714851379
YDL019C,YCR083W,0,-5.0526795,0.11409317702054977,0.9819999933242798,0.762499988079071
YIL004C,YDR170W-A,0,-5.0531507,0.11407992243766785,0.9819999933242798,0.7626000046730042
YNL258C,YLR092W,0,-5.053537,0.11406667530536652,0.9819999933242798,0.7627000212669373
YGR128C,YOR008C-A,0,-5.0537353,0.11405342817306519,0.9819999933242798,0.7627999782562256
YDR503C,YGL028C,0,-5.053903,0.11404018104076385,0.9819999933242798,0.7628999948501587
YIR041W,YIR026C,0,-5.0541325,0.11402694135904312,0.9819999933242798,0.7630000114440918
YIL049W,YPL087W,0,-5.054426,0.11401370167732239,0.9819999933242798,0.7631000280380249
YGL008C,YAR009C,0,-5.0545754,0.11400046199560165,0.9819999933242798,0.7631999850273132
YJL219W,YGR166W,0,-5.0548973,0.11398722976446152,0.9819999933242798,0.7633000016212463
YAR019C,YPL283C,0,-5.055092,0.11397400498390198,0.9819999933242798,0.7634000182151794
YIL023C,YBL100W-B,0,-5.0551662,0.11396077275276184,0.9819999933242798,0.7634999752044678
YLL008W,YGR216C,0,-5.0552382,0.1139475479722023,0.9819999933242798,0.7635999917984009
YOL123W,YDR345C,0,-5.057267,0.11393433064222336,0.9819999933242798,0.763700008392334
YOL133W,YER012W,0,-5.0573373,0.11392111331224442,0.9819999933242798,0.7638000249862671
YPL209C,YEL012W,0,-5.0575447,0.11390789598226547,0.9819999933242798,0.7638999819755554
YBR136W,YDR268W,0,-5.057632,0.11389468610286713,0.9819999933242798,0.7639999985694885
YPR178W,YPL276W,0,-5.057691,0.11388147622346878,0.9819999933242798,0.7641000151634216
YLR394W,YJR042W,0,-5.0578036,0.11386827379465103,0.9819999933242798,0.76419997215271
YGL222C,YCL075W,0,-5.0583563,0.11385507136583328,0.9819999933242798,0.7642999887466431
YMR168C,YCR061W,0,-5.0591626,0.11384187638759613,0.9819999933242798,0.7644000053405762
YOL077C,YPL096C-A,0,-5.059615,0.11382867395877838,0.9819999933242798,0.7645000219345093
YER147C,YDR210W-B,0,-5.060056,0.11381548643112183,0.9819999933242798,0.7645999789237976
YDR099W,YKL006C-A,0,-5.060141,0.11380229145288467,0.9819999933242798,0.7646999955177307
YFL056C,YGR038C-B,0,-5.0605025,0.11378911137580872,0.9819999933242798,0.7648000121116638
YOL158C,YGL236C,0,-5.0605617,0.11377592384815216,0.9819999933242798,0.7649000287055969
YFL016C,YPL157W,0,-5.060865,0.1137627437710762,0.9819999933242798,0.7649999856948853
YOL127W,YHR008C,0,-5.060964,0.11374956369400024,0.9819999933242798,0.7651000022888184
YLR220W,YJL056C,0,-5.061072,0.11373639106750488,0.9819999933242798,0.7652000188827515
YNR046W,YLR130C,0,-5.0615487,0.11372321844100952,0.9819999933242798,0.7652999758720398
YMR309C,YKR065C,0,-5.062268,0.11371005326509476,0.9819999933242798,0.7653999924659729
YOL002C,YLR132C,0,-5.0625505,0.11369688808917999,0.9819999933242798,0.765500009059906
YGR163W,YPL276W,0,-5.0626326,0.11368372291326523,0.9819999933242798,0.7656000256538391
YFR009W,YDR365W-A,0,-5.0627337,0.11367056518793106,0.9819999933242798,0.7656999826431274
YLR368W,YOR142W-A,0,-5.0627337,0.1136574074625969,0.9819999933242798,0.7657999992370605
YLR397C,YGR216C,0,-5.0634527,0.11364425718784332,0.9819999933242798,0.7659000158309937
YML130C,YNL199C,0,-5.0636363,0.11363110691308975,0.9819999933242798,0.765999972820282
YIL026C,YDR060W,0,-5.063687,0.11361795663833618,0.9819999933242798,0.7660999894142151
YJL210W,YCR067C,0,-5.063772,0.11360481381416321,0.9819999933242798,0.7662000060081482
YPR001W,YOL091W,0,-5.0642247,0.11359167098999023,0.9819999933242798,0.7663000226020813
YJL102W,YMR272C,0,-5.0646544,0.11357853561639786,0.9819999933242798,0.7663999795913696
YIL026C,YGR038C-A,0,-5.064964,0.11356540024280548,0.9819999933242798,0.7664999961853027
YJR131W,YKL120W,0,-5.065785,0.1135522648692131,0.9819999933242798,0.7666000127792358
YPL241C,YOL129W,0,-5.066244,0.11353913694620132,0.9819999933242798,0.766700029373169
YPR191W,YBL061C,0,-5.0664835,0.11352600902318954,0.9819999933242798,0.7667999863624573
YFL055W,YGR132C,0,-5.0673375,0.11351288855075836,0.9819999933242798,0.7669000029563904
YGR074W,YGL104C,0,-5.067348,0.11349976807832718,0.9819999933242798,0.7670000195503235
YLL008W,YLL043W,0,-5.0673747,0.11348665505647659,0.9819999933242798,0.7670999765396118
YHR139C,YML027W,0,-5.06804,0.11347353458404541,0.9819999933242798,0.7671999931335449
YBL030C,YKL006C-A,0,-5.068252,0.11346042901277542,0.9819999933242798,0.767300009727478
YPL275W,YPL121C,0,-5.068503,0.11344732344150543,0.9819999933242798,0.7674000263214111
YLL034C,YNL339C,0,-5.068574,0.11343421787023544,0.9819999933242798,0.7674999833106995
YDR369C,YPL283C,0,-5.0689445,0.11342111229896545,0.9819999933242798,0.7675999999046326
YLR220W,YNL284C-B,0,-5.069982,0.11340801417827606,0.9819999933242798,0.7677000164985657
YDR011W,YBL039C,0,-5.0699835,0.11339491605758667,0.9819999933242798,0.767799973487854
YNL327W,YOR298W,0,-5.070152,0.11338182538747787,0.9819999933242798,0.7678999900817871
YDR446W,YBL022C,0,-5.070194,0.11336873471736908,0.9819999933242798,0.7680000066757202
YFL045C,YOL103W-A,0,-5.0702057,0.11335565149784088,0.9819999933242798,0.7681000232696533
YJL190C,YOL142W,0,-5.070727,0.11334256827831268,0.9819999933242798,0.7681999802589417
YAL020C,YAL059W,0,-5.070737,0.11332948505878448,0.9819999933242798,0.7682999968528748
YPL096W,YLR183C,0,-5.07077,0.11331640928983688,0.9819999933242798,0.7684000134468079
YMR316W,YFR030W,0,-5.0710974,0.11330333352088928,0.9819999933242798,0.7684999704360962
YLR172C,YIL082W-A,0,-5.071714,0.11329026520252228,0.9819999933242798,0.7685999870300293
YPL117C,YOR298W,0,-5.071999,0.11327719688415527,0.9819999933242798,0.7687000036239624
YGL078C,YMR087W,0,-5.0721292,0.11326412856578827,0.9819999933242798,0.7688000202178955
YLR448W,YDL159W,0,-5.0724635,0.11325106769800186,0.9819999933242798,0.7688999772071838
YPR030W,YOR192C-B,0,-5.0725484,0.11323800683021545,0.9819999933242798,0.7689999938011169
YJR139C,YNL231C,0,-5.0725684,0.11322495341300964,0.9819999933242798,0.76910001039505
YBR164C,YBR083W,0,-5.0726705,0.11321189999580383,0.9819999933242798,0.7692000269889832
YKL062W,YLR263W,0,-5.0730085,0.11319884657859802,0.9819999933242798,0.7692999839782715
YNL275W,YIL017W,0,-5.0730267,0.11318580061197281,0.9819999933242798,0.7694000005722046
YGR177C,YLR183C,0,-5.07311,0.1131727546453476,0.9819999933242798,0.7695000171661377
YKL213C,YDL015C,0,-5.073146,0.11315971612930298,0.9819999933242798,0.769599974155426
YLR155C,YDL077C,0,-5.0732794,0.11314667761325836,0.9819999933242798,0.7696999907493591
YLR075W,YPR158W-A,0,-5.0746675,0.11313363909721375,0.9819999933242798,0.7698000073432922
YML031W,YLR466W,0,-5.0760884,0.11312060803174973,0.9819999933242798,0.7699000239372253
YDR106W,YDR384C,0,-5.077537,0.1131075769662857,0.9819999933242798,0.7699999809265137
YML078W,YNL070W,0,-5.0779777,0.11309455335140228,0.9819999933242798,0.7700999975204468
YMR246W,YJR026W,0,-5.0782704,0.11308152973651886,0.9819999933242798,0.7702000141143799
YER166W,YEL057C,0,-5.078643,0.11306850612163544,0.9819999933242798,0.7702999711036682
YER056C,YNL037C,0,-5.079193,0.11305548995733261,0.9819999933242798,0.7703999876976013
YNL164C,YBR296C,0,-5.0797825,0.11304247379302979,0.9819999933242798,0.7705000042915344
YDR376W,YPL006W,0,-5.0808096,0.11302946507930756,0.9819999933242798,0.7706000208854675
YPL228W,YCL075W,0,-5.081384,0.11301645636558533,0.9819999933242798,0.7706999778747559
YGR200C,YOR188W,0,-5.081944,0.1130034551024437,0.9819999933242798,0.770799994468689
YCR034W,YPR158W-A,0,-5.082028,0.11299044638872147,0.9819999933242798,0.7709000110626221
YBR026C,YJR131W,0,-5.08246,0.11297745257616043,0.9819999933242798,0.7710000276565552
YJL106W,YBL100W-A,0,-5.0826488,0.1129644513130188,0.9819999933242798,0.7710999846458435
YNL084C,YBL050W,0,-5.083122,0.11295145750045776,0.9819999933242798,0.7712000012397766
YLR405W,YJR143C,0,-5.0834355,0.11293847113847733,0.9819999933242798,0.7713000178337097
YDR076W,YOL097C,0,-5.0835385,0.11292548477649689,0.9819999933242798,0.771399974822998
YNL110C,YBR055C,0,-5.083542,0.11291249841451645,0.9819999933242798,0.7714999914169312
YDL243C,YGL253W,0,-5.0838647,0.11289951950311661,0.9819999933242798,0.7716000080108643
YKL099C,YDR057W,0,-5.083904,0.11288654059171677,0.9819999933242798,0.7717000246047974
YBR136W,YHR214C-B,0,-5.0846477,0.11287356168031693,0.9819999933242798,0.7717999815940857
YDL031W,YMR186W,0,-5.0853105,0.11286059021949768,0.9819999933242798,0.7718999981880188
YDL109C,YJR027W,0,-5.0853505,0.11284761875867844,0.9819999933242798,0.7720000147819519
YOR040W,YER042W,0,-5.0861135,0.11283465474843979,0.9819999933242798,0.7720999717712402
YCL026C-A,YDR034C-D,0,-5.086378,0.11282169073820114,0.9819999933242798,0.7721999883651733
YMR199W,YJL073W,0,-5.086966,0.11280873417854309,0.9819999933242798,0.7723000049591064
YLR291C,YPR158W-A,0,-5.0871587,0.11279577016830444,0.9819999933242798,0.7724000215530396
YER173W,YOL103W-B,0,-5.0876045,0.11278282105922699,0.9819999933242798,0.7724999785423279
YOR147W,YDR265W,0,-5.0877314,0.11276986449956894,0.9819999933242798,0.772599995136261
YGR163W,YIL082W-A,0,-5.0883093,0.11275691539049149,0.9819999933242798,0.7727000117301941
YDR240C,YMR051C,0,-5.0890694,0.11274397373199463,0.9819999933242798,0.7728000283241272
YGR188C,YIL017C,0,-5.089691,0.11273103207349777,0.9819999933242798,0.7728999853134155
YOL059W,YGR054W,0,-5.090099,0.11271809041500092,0.9819999933242798,0.7730000019073486
YKL021C,YBR111W-A,0,-5.09025,0.11270515620708466,0.9819999933242798,0.7731000185012817
YGL155W,YJL042W,0,-5.090555,0.1126922219991684,0.9819999933242798,0.7731999754905701
YDL083C,YHR214C-C,0,-5.091174,0.11267928779125214,0.9819999933242798,0.7732999920845032
YHR039C,YDR023W,0,-5.0920296,0.11266636103391647,0.9819999933242798,0.7734000086784363
YDR273W,YJR160C,0,-5.0923223,0.11265343427658081,0.9819999933242798,0.7735000252723694
YDR385W,YKL029C,0,-5.0926027,0.11264051496982574,0.9819999933242798,0.7735999822616577
YCR002C,YOL144W,0,-5.092961,0.11262759566307068,0.9819999933242798,0.7736999988555908
YOR326W,YHR041C,0,-5.093471,0.11261467635631561,0.9819999933242798,0.7738000154495239
YOR363C,YER072W,0,-5.094048,0.11260176450014114,0.9819999933242798,0.7738999724388123
YMR041C,YMR312W,0,-5.0947747,0.11258885264396667,0.9819999933242798,0.7739999890327454
YDR316W-B,YIL077C,0,-5.0957475,0.1125759482383728,0.9819999933242798,0.7741000056266785
YDR365C,YCL026C-A,0,-5.096023,0.11256304383277893,0.9819999933242798,0.7742000222206116
YCL059C,YOL121C,0,-5.096432,0.11255014687776566,0.9819999933242798,0.7742999792098999
YER075C,YKL125W,0,-5.096541,0.11253724247217178,0.9819999933242798,0.774399995803833
YGR077C,YLR410W-B,0,-5.096639,0.1125243529677391,0.9819999933242798,0.7745000123977661
YKL021C,YMR314W,0,-5.09677,0.11251145601272583,0.9819999933242798,0.7746000289916992
YDL190C,YGR161C-C,0,-5.0969734,0.11249856650829315,0.9819999933242798,0.7746999859809875
YJL125C,YHR143W-A,0,-5.097052,0.11248568445444107,0.9819999933242798,0.7748000025749207
YAL068C,YDR113C,0,-5.097801,0.11247279495000839,0.9819999933242798,0.7749000191688538
YDR254W,YLR410W-A,0,-5.099428,0.11245992034673691,0.9819999933242798,0.7749999761581421
YNL036W,YDR098C-B,0,-5.0997624,0.11244703829288483,0.9819999933242798,0.7750999927520752
YDR511W,YPL275W,0,-5.100374,0.11243416368961334,0.9819999933242798,0.7752000093460083
YJL112W,YJL116C,0,-5.102009,0.11242129653692245,0.9819999933242798,0.7753000259399414
YNR016C,YCR075C,0,-5.1020885,0.11240842193365097,0.9819999933242798,0.7753999829292297
YKR097W,YMR266W,0,-5.102139,0.11239556223154068,0.9819999933242798,0.7754999995231628
YCL025C,YGR109W-A,0,-5.1023283,0.11238269507884979,0.9819999933242798,0.775600016117096
YHR034C,YBL100W-B,0,-5.10346,0.1123698353767395,0.9819999933242798,0.7756999731063843
YNL292W,YGR085C,0,-5.1034994,0.11235698312520981,0.9819999933242798,0.7757999897003174
YNR058W,YFR050C,0,-5.1040473,0.11234412342309952,0.9819999933242798,0.7759000062942505
YDR182W,YPL248C,0,-5.1045923,0.11233127117156982,0.9819999933242798,0.7760000228881836
YDR040C,YML028W,0,-5.104958,0.11231842637062073,0.9819999933242798,0.7760999798774719
YPL208W,YKR053C,0,-5.1060796,0.11230558156967163,0.9819999933242798,0.776199996471405
YGR175C,YKL040C,0,-5.10608,0.11229273676872253,0.9819999933242798,0.7763000130653381
YGR188C,YKL099C,0,-5.106413,0.11227989941835403,0.9819999933242798,0.7764000296592712
YHR067W,YIL013C,0,-5.1072016,0.11226706206798553,0.9819999933242798,0.7764999866485596
YFL002C,YJR141W,0,-5.107411,0.11225423216819763,0.9819999933242798,0.7766000032424927
YLR158C,YNL071W,0,-5.107416,0.11224140226840973,0.9819999933242798,0.7767000198364258
YOL010W,YGR172C,0,-5.1077857,0.11222857236862183,0.9819999933242798,0.7767999768257141
YNL055C,YMR190C,0,-5.1088758,0.11221574991941452,0.9819999933242798,0.7768999934196472
YER178W,YMR201C,0,-5.109479,0.11220292747020721,0.9819999933242798,0.7770000100135803
YJL089W,YPR158W-B,0,-5.109683,0.11219010502099991,0.9819999933242798,0.7771000266075134
YML058W-A,YGR077C,0,-5.10969,0.1121772900223732,0.9819999933242798,0.7771999835968018
YJR094C,YGL211W,0,-5.110927,0.11216447502374649,0.9819999933242798,0.7773000001907349
YKR027W,YLL056C,0,-5.111066,0.11215166747570038,0.9819999933242798,0.777400016784668
YAL025C,YIL110W,0,-5.111611,0.11213885992765427,0.9819999933242798,0.7774999737739563
YBL030C,YAL030W,0,-5.1116934,0.11212605983018875,0.9819999933242798,0.7775999903678894
YLR011W,YGR272C,0,-5.1117077,0.11211325228214264,0.9819999933242798,0.7777000069618225
YDL030W,YDR023W,0,-5.1119027,0.11210045963525772,0.9819999933242798,0.7778000235557556
YLR190W,YJL108C,0,-5.1119046,0.1120876595377922,0.9819999933242798,0.777899980545044
YMR301C,YJR143C,0,-5.1123185,0.11207486689090729,0.9819999933242798,0.777999997138977
YBR205W,YFR030W,0,-5.1130047,0.11206208169460297,0.9819999933242798,0.7781000137329102
YLR192C,YKL212W,0,-5.113238,0.11204928904771805,0.9819999933242798,0.7781999707221985
YLR342W,YBR170C,0,-5.1135263,0.11203651130199432,0.9819999933242798,0.7782999873161316
YHR041C,YOR004W,0,-5.1138244,0.11202372610569,0.9819999933242798,0.7784000039100647
YOL077C,YLR075W,0,-5.1141963,0.11201094835996628,0.9819999933242798,0.7785000205039978
YGL251C,YJL116C,0,-5.114964,0.11199817806482315,0.9819999933242798,0.7785999774932861
YKR066C,YMR288W,0,-5.115744,0.11198540031909943,0.9819999933242798,0.7786999940872192
YER162C,YLL017W,0,-5.115945,0.1119726374745369,0.9819999933242798,0.7788000106811523
YOL061W,YKL126W,0,-5.116045,0.11195986717939377,0.9819999933242798,0.7789000272750854
YMR218C,YGR042W,0,-5.11667,0.11194710433483124,0.9819999933242798,0.7789999842643738
YLR425W,YPL276W,0,-5.117352,0.11193434149026871,0.9819999933242798,0.7791000008583069
YHR108W,YDR345C,0,-5.11748,0.11192158609628677,0.9819999933242798,0.77920001745224
YCR014C,YGR038C-B,0,-5.117992,0.11190883070230484,0.9819999933242798,0.7792999744415283
YGR220C,YHR181W,0,-5.118436,0.1118960827589035,0.9819999933242798,0.7793999910354614
YKL012W,YPL276W,0,-5.1186485,0.11188333481550217,0.9819999933242798,0.7795000076293945
YOR226C,YOR192C-B,0,-5.1190596,0.11187058687210083,0.9819999933242798,0.7796000242233276
YBR040W,YDR138W,0,-5.1194386,0.1118578389286995,0.9819999933242798,0.779699981212616
YDR443C,YJR027W,0,-5.1199255,0.11184510588645935,0.9819999933242798,0.7797999978065491
YNL012W,YCL019W,0,-5.1200647,0.11183236539363861,0.9819999933242798,0.7799000144004822
YDR055W,YLR183C,0,-5.1206183,0.11181963235139847,0.9819999933242798,0.7799999713897705
YKL188C,YJL141C,0,-5.1216006,0.11180689930915833,0.9819999933242798,0.7800999879837036
YBR288C,YDL230W,0,-5.121629,0.11179417371749878,0.9819999933242798,0.7802000045776367
YBL102W,YDL064W,0,-5.1216884,0.11178144812583923,0.9819999933242798,0.7803000211715698
YFL039C,YOL090W,1,-5.121902,0.1118825376033783,0.9829999804496765,0.7803000211715698
YOR208W,YOL129W,0,-5.1220574,0.11186980456113815,0.9829999804496765,0.7803999781608582
YNL256W,YKL021C,0,-5.1223226,0.11185707896947861,0.9829999804496765,0.7804999947547913
YOL031C,YLR466W,0,-5.122395,0.11184435337781906,0.9829999804496765,0.7806000113487244
YJR091C,YCL019W,0,-5.122774,0.11183162778615952,0.9829999804496765,0.7807000279426575
YMR168C,YFR019W,0,-5.1229653,0.11181890219449997,0.9829999804496765,0.7807999849319458
YLR002C,YGL137W,0,-5.123116,0.11180618405342102,0.9829999804496765,0.7809000015258789
YKL068W,YKR053C,0,-5.12317,0.11179347336292267,0.9829999804496765,0.781000018119812
YMR199W,YGL219C,0,-5.123462,0.11178076267242432,0.9829999804496765,0.7810999751091003
YBL019W,YDR283C,0,-5.1237206,0.11176805198192596,0.9829999804496765,0.7811999917030334
YLR060W,YGL129C,0,-5.124752,0.11175534129142761,0.9829999804496765,0.7813000082969666
YOR047C,YGR161C-C,0,-5.125055,0.11174263805150986,0.9829999804496765,0.7814000248908997
YML058W,YOR081C,0,-5.1252213,0.1117299422621727,0.9829999804496765,0.781499981880188
YLR155C,YNL327W,0,-5.1254773,0.11171723902225494,0.9829999804496765,0.7815999984741211
YLR139C,YIL017C,0,-5.125654,0.11170454323291779,0.9829999804496765,0.7817000150680542
YHL002W,YPR134W,0,-5.125916,0.11169185489416122,0.9829999804496765,0.7817999720573425
YNL084C,YJR120W,0,-5.1263075,0.11167916655540466,0.9829999804496765,0.7818999886512756
YNL259C,YBR130C,0,-5.1265497,0.1116664782166481,0.9829999804496765,0.7820000052452087
YKL213C,YHR086W,0,-5.1271577,0.11165379732847214,0.9829999804496765,0.7821000218391418
YOL005C,YML093W,0,-5.1274223,0.11164111644029617,0.9829999804496765,0.7821999788284302
YDR021W,YNL046W,0,-5.1281514,0.11162843555212021,0.9829999804496765,0.7822999954223633
YLR192C,YNL182C,0,-5.1282806,0.11161576211452484,0.9829999804496765,0.7824000120162964
YGL226C-A,YOR045W,0,-5.1293454,0.11160308867692947,0.9829999804496765,0.7825000286102295
YGL172W,YPR137C-A,0,-5.129552,0.1115904152393341,0.9829999804496765,0.7825999855995178
YPR182W,YIL135C,0,-5.1301036,0.11157774925231934,0.9829999804496765,0.7827000021934509
YLR109W,YDR365W-A,0,-5.1311717,0.11156509071588516,0.9829999804496765,0.782800018787384
YLR451W,YDR268W,0,-5.131501,0.11155243217945099,0.9829999804496765,0.7828999757766724
YLR106C,YHR015W,0,-5.131599,0.11153977364301682,0.9829999804496765,0.7829999923706055
YLR068W,YNL236W,0,-5.132173,0.11152711510658264,0.9829999804496765,0.7831000089645386
YNL169C,YOR004W,0,-5.1329856,0.11151446402072906,0.9829999804496765,0.7832000255584717
YDR093W,YKL088W,0,-5.133296,0.11150181293487549,0.9829999804496765,0.78329998254776
YPR001W,YER171W,0,-5.1333213,0.11148916929960251,0.9829999804496765,0.7833999991416931
YOL124C,YOR162C,0,-5.1337924,0.11147652566432953,0.9829999804496765,0.7835000157356262
YNL299W,YEL041W,0,-5.134106,0.11146388202905655,0.9829999804496765,0.7835999727249146
YLR390W-A,YOL010W,0,-5.1342006,0.11145124584436417,0.9829999804496765,0.7836999893188477
YFR033C,YPR137C-A,0,-5.134626,0.11143860965967178,0.9829999804496765,0.7838000059127808
YKL059C,YPR075C,0,-5.1346974,0.11142598092556,0.9829999804496765,0.7839000225067139
YNR057C,YDR294C,0,-5.134749,0.11141335219144821,0.9829999804496765,0.7839999794960022
YPL160W,YHR059W,0,-5.134959,0.11140072345733643,0.9829999804496765,0.7840999960899353
YPR154W,YPR042C,0,-5.1353345,0.11138810217380524,0.9829999804496765,0.7842000126838684
YDR320C,YJL114W,0,-5.1353645,0.11137548089027405,0.9829999804496765,0.7843000292778015
YAL068C,YJR104C,0,-5.1360073,0.11136286705732346,0.9829999804496765,0.7843999862670898
YPR002W,YJR141W,0,-5.1360664,0.11135024577379227,0.9829999804496765,0.784500002861023
YFR030W,YDR135C,0,-5.1364098,0.11133763939142227,0.9829999804496765,0.784600019454956
YPL211W,YER147C,0,-5.136413,0.11132502555847168,0.9829999804496765,0.7846999764442444
YDR159W,YHL012W,0,-5.137987,0.11131241917610168,0.9829999804496765,0.7847999930381775
YHR108W,YGL008C,0,-5.1383986,0.11129982024431229,0.9829999804496765,0.7849000096321106
YJL198W,YIL076W,0,-5.138929,0.11128722131252289,0.9829999804496765,0.7850000262260437
YOL077W-A,YGR055W,0,-5.1391945,0.11127462238073349,0.9829999804496765,0.785099983215332
YGR003W,YOL005C,0,-5.139875,0.11126202344894409,0.9829999804496765,0.7851999998092651
YHR007C,YMR135C,0,-5.1400943,0.11124943196773529,0.9829999804496765,0.7853000164031982
YOR226C,YJR160C,0,-5.140241,0.11123684793710709,0.9829999804496765,0.7853999733924866
YIR017C,YCL062W,0,-5.1404276,0.11122425645589828,0.9829999804496765,0.7854999899864197
YHR052W,YIR004W,0,-5.140523,0.11121167242527008,0.9829999804496765,0.7856000065803528
YKR063C,YPR198W,0,-5.141286,0.11119909584522247,0.9829999804496765,0.7857000231742859
YOR028C,YLR068W,0,-5.1430783,0.11118651926517487,0.9829999804496765,0.7857999801635742
YDR069C,YHL012W,0,-5.1443973,0.11117394268512726,0.9829999804496765,0.7858999967575073
YOR049C,YMR125W,0,-5.145029,0.11116137355566025,0.9829999804496765,0.7860000133514404
YDR342C,YDR398W,0,-5.1452966,0.11114880442619324,0.9829999804496765,0.7860999703407288
YPL093W,YML019W,0,-5.1455884,0.11113623529672623,0.9829999804496765,0.7861999869346619
YIL037C,YPL131W,0,-5.1457353,0.11112367361783981,0.9829999804496765,0.786300003528595
YBR188C,YJR141W,0,-5.1459966,0.1111111119389534,0.9829999804496765,0.7864000201225281
YNL219C,YJL012C,0,-5.1468153,0.11109855026006699,0.9829999804496765,0.7864999771118164
YDR076W,YOL129W,0,-5.147563,0.11108599603176117,0.9829999804496765,0.7865999937057495
YLR381W,YHR094C,0,-5.148119,0.11107344925403595,0.9829999804496765,0.7867000102996826
YJR143C,YHR006W,0,-5.1483994,0.11106089502573013,0.9829999804496765,0.7868000268936157
YCR048W,YAL030W,0,-5.1488853,0.11104834824800491,0.9829999804496765,0.786899983882904
YJR160C,YML023C,0,-5.149101,0.11103580892086029,0.9829999804496765,0.7870000004768372
YDR206W,YHR001W-A,0,-5.149667,0.11102326959371567,0.9829999804496765,0.7871000170707703
YCR005C,YPL243W,0,-5.1499424,0.11101073026657104,0.9829999804496765,0.7871999740600586
YPL200W,YHL028W,0,-5.1499467,0.11099819093942642,0.9829999804496765,0.7872999906539917
YLR080W,YML049C,0,-5.1501336,0.1109856590628624,0.9829999804496765,0.7874000072479248
YKL146W,YOR329C,0,-5.1507235,0.11097313463687897,0.9829999804496765,0.7875000238418579
YKL212W,YDR324C,0,-5.151261,0.11096060276031494,0.9829999804496765,0.7875999808311462
YHR043C,YJR031C,0,-5.1517043,0.11094807833433151,0.9829999804496765,0.7876999974250793
YGL205W,YJR103W,0,-5.1523376,0.11093556135892868,0.9829999804496765,0.7878000140190125
YJL031C,YJR139C,0,-5.1524224,0.11092304438352585,0.9829999804496765,0.7878999710083008
YLL008W,YGL063W,0,-5.152654,0.11091052740812302,0.9829999804496765,0.7879999876022339
YMR292W,YDR527W,0,-5.1527996,0.11089801788330078,0.9829999804496765,0.788100004196167
YHR055C,YCL054W,0,-5.153164,0.11088550835847855,0.9829999804496765,0.7882000207901001
YPR122W,YDR494W,0,-5.153712,0.11087299883365631,0.9829999804496765,0.7882999777793884
YLR291C,YGR285C,0,-5.1539807,0.11086049675941467,0.9829999804496765,0.7883999943733215
YER025W,YJL098W,0,-5.1542172,0.11084799468517303,0.9829999804496765,0.7885000109672546
YOL165C,YDR545W,0,-5.1573887,0.1108354926109314,0.9829999804496765,0.7886000275611877
YPL169C,YPL203W,0,-5.157554,0.11082299798727036,0.9829999804496765,0.7886999845504761
YHR013C,YNR047W,0,-5.158209,0.11081050336360931,0.9829999804496765,0.7888000011444092
YNR035C,YJL011C,0,-5.158318,0.11079801619052887,0.9829999804496765,0.7889000177383423
YGL209W,YPL276W,0,-5.1585574,0.11078552901744843,0.9829999804496765,0.7889999747276306
YGL187C,YGR145W,0,-5.1591644,0.11077304184436798,0.9829999804496765,0.7890999913215637
YHR160C,YIL082W-A,0,-5.159674,0.11076056212186813,0.9829999804496765,0.7892000079154968
YBL003C,YBL002W,1,-5.159883,0.11086075007915497,0.984000027179718,0.7892000079154968
YNL259C,YPR075C,0,-5.1601,0.11084826290607452,0.984000027179718,0.7893000245094299
YDL088C,YNL046W,0,-5.160479,0.11083577573299408,0.984000027179718,0.7893999814987183
YGR225W,YER107C,0,-5.1607265,0.11082328855991364,0.984000027179718,0.7894999980926514
YPR029C,YJR009C,0,-5.1608853,0.11081080883741379,0.984000027179718,0.7896000146865845
YOR363C,YLR466W,0,-5.1611414,0.11079833656549454,0.984000027179718,0.7896999716758728
YPL200W,YDR545W,0,-5.1612754,0.11078585684299469,0.984000027179718,0.7897999882698059
YPL015C,YBR088C,1,-5.1615877,0.11088596284389496,0.9850000143051147,0.7897999882698059
YJL166W,YHR138C,0,-5.1622915,0.11087348312139511,0.9850000143051147,0.789900004863739
YBR059C,YDR423C,0,-5.1627455,0.11086100339889526,0.9850000143051147,0.7900000214576721
YNR030W,YLL056C,0,-5.1627855,0.11084852367639542,0.9850000143051147,0.7900999784469604
YOR113W,YDR379W,0,-5.163755,0.11083605140447617,0.9850000143051147,0.7901999950408936
YKL005C,YLL009C,0,-5.1644692,0.11082357913255692,0.9850000143051147,0.7903000116348267
YDR260C,YML039W,0,-5.1645775,0.11081111431121826,0.9850000143051147,0.7904000282287598
YER044C,YKR097W,0,-5.1663527,0.11079864948987961,0.9850000143051147,0.7904999852180481
YHR034C,YPL276W,0,-5.1664767,0.11078618466854095,0.9850000143051147,0.7906000018119812
YGL035C,YCL001W,0,-5.1677136,0.1107737272977829,0.9850000143051147,0.7907000184059143
YJR155W,YLR291C,0,-5.168068,0.11076126992702484,0.9850000143051147,0.7907999753952026
YGR044C,YNL049C,0,-5.1685143,0.11074882000684738,0.9850000143051147,0.7908999919891357
YOR095C,YLR020C,0,-5.168806,0.11073637008666992,0.9850000143051147,0.7910000085830688
YGL187C,YOR099W,0,-5.1688533,0.11072392016649246,0.9850000143051147,0.791100025177002
YGR037C,YHR160C,0,-5.1689706,0.1107114776968956,0.9850000143051147,0.7911999821662903
YJL025W,YNR064C,0,-5.1691365,0.11069903522729874,0.9850000143051147,0.7912999987602234
YCL027W,YIL135C,0,-5.1694393,0.11068659275770187,0.9850000143051147,0.7914000153541565
YLR206W,YML045W,0,-5.1696224,0.11067415773868561,0.9850000143051147,0.7914999723434448
YBR205W,YKL113C,0,-5.169864,0.11066172271966934,0.9850000143051147,0.7915999889373779
YGR037C,YJL010C,0,-5.17042,0.11064929515123367,0.9850000143051147,0.791700005531311
YBR036C,YMR067C,0,-5.170449,0.110636867582798,0.9850000143051147,0.7918000221252441
YCL029C,YDL132W,0,-5.172526,0.11062444001436234,0.9850000143051147,0.7918999791145325
YDR318W,YCR020C,0,-5.172533,0.11061201244592667,0.9850000143051147,0.7919999957084656
YGL106W,YBR256C,0,-5.1730866,0.1105995923280716,0.9850000143051147,0.7921000123023987
YDL014W,YJL004C,0,-5.173212,0.11058717966079712,0.9850000143051147,0.7922000288963318
YFL057C,YOR299W,0,-5.173599,0.11057476699352264,0.9850000143051147,0.7922999858856201
YDR021W,YPR007C,0,-5.1738744,0.11056235432624817,0.9850000143051147,0.7924000024795532
YKL190W,YBR142W,0,-5.1740546,0.1105499416589737,0.9850000143051147,0.7925000190734863
YHR043C,YGR055W,0,-5.1740727,0.11053753644227982,0.9850000143051147,0.7925999760627747
YML077W,YLR081W,0,-5.174206,0.11052513122558594,0.9850000143051147,0.7926999926567078
YCR094W,YJR026W,0,-5.174345,0.11051273345947266,0.9850000143051147,0.7928000092506409
YDL243C,YKL007W,0,-5.1759477,0.11050033569335938,0.9850000143051147,0.792900025844574
YHR052W,YKL041W,0,-5.177324,0.11048794537782669,0.9850000143051147,0.7929999828338623
YFL008W,YIL129C,0,-5.177839,0.11047554761171341,0.9850000143051147,0.7930999994277954
YML047C,YLR263W,0,-5.1793017,0.11046315729618073,0.9850000143051147,0.7932000160217285
YGL181W,YOL013C,0,-5.1806192,0.11045077443122864,0.9850000143051147,0.7932999730110168
YER119C,YOL109W,0,-5.180814,0.11043839156627655,0.9850000143051147,0.79339998960495
YHR108W,YIL070C,0,-5.181116,0.11042600870132446,0.9850000143051147,0.7935000061988831
YOL123W,YER009W,0,-5.1813684,0.11041363328695297,0.9850000143051147,0.7936000227928162
YAR014C,YKL188C,0,-5.182009,0.11040125787258148,0.9850000143051147,0.7936999797821045
YDR363W-A,YCR061W,0,-5.182103,0.11038888245820999,0.9850000143051147,0.7937999963760376
YNL288W,YDR083W,0,-5.182418,0.1103765144944191,0.9850000143051147,0.7939000129699707
YEL034W,YJR091C,0,-5.1833563,0.1103641465306282,0.9850000143051147,0.7940000295639038
YMR184W,YKL084W,0,-5.184875,0.11035177856683731,0.9850000143051147,0.7940999865531921
YPL100W,YJL166W,0,-5.1849265,0.11033941805362701,0.9850000143051147,0.7942000031471252
YLR150W,YEL041W,0,-5.184979,0.11032705754041672,0.9850000143051147,0.7943000197410583
YDL243C,YBR121C,0,-5.184993,0.11031470447778702,0.9850000143051147,0.7943999767303467
YGL233W,YPR137C-B,0,-5.185215,0.11030235141515732,0.9850000143051147,0.7944999933242798
YJR086W,YPR056W,0,-5.1853447,0.11028999835252762,0.9850000143051147,0.7946000099182129
YJR078W,YHR021C,0,-5.1853647,0.11027765274047852,0.9850000143051147,0.794700026512146
YDR058C,YML007W,0,-5.185516,0.11026530712842941,0.9850000143051147,0.7947999835014343
YMR025W,YPL163C,0,-5.185693,0.11025296896696091,0.9850000143051147,0.7949000000953674
YNR053C,YDR150W,0,-5.187742,0.1102406233549118,0.9850000143051147,0.7950000166893005
YLR160C,YLR221C,0,-5.1878977,0.1102282926440239,0.9850000143051147,0.7950999736785889
YNL281W,YCR057C,0,-5.1880083,0.11021595448255539,0.9850000143051147,0.795199990272522
YNL173C,YLR301W,0,-5.188435,0.11020362377166748,0.9850000143051147,0.7953000068664551
YHL031C,YOL065C,0,-5.1884847,0.11019129306077957,0.9850000143051147,0.7954000234603882
YGR082W,YLR467W,0,-5.1886096,0.11017896980047226,0.9850000143051147,0.7954999804496765
YDL055C,YER171W,0,-5.189826,0.11016664654016495,0.9850000143051147,0.7955999970436096
YMR125W,YLR132C,0,-5.190334,0.11015433073043823,0.9850000143051147,0.7957000136375427
YMR260C,YML097C,0,-5.1903706,0.11014200747013092,0.9850000143051147,0.795799970626831
YLR056W,YDR529C,0,-5.1905527,0.1101296991109848,0.9850000143051147,0.7958999872207642
YLR189C,YLL031C,0,-5.191528,0.11011738330125809,0.9850000143051147,0.7960000038146973
YDL088C,YDR178W,0,-5.191746,0.11010507494211197,0.9850000143051147,0.7961000204086304
YGR089W,YJR145C,0,-5.1927853,0.11009276658296585,0.9850000143051147,0.7961999773979187
YDL135C,YNL045W,0,-5.1928678,0.11008046567440033,0.9850000143051147,0.7962999939918518
YNR038W,YML027W,0,-5.193066,0.11006816476583481,0.9850000143051147,0.7964000105857849
YLL042C,YHR030C,0,-5.193167,0.11005586385726929,0.9850000143051147,0.796500027179718
YEL034W,YBR092C,0,-5.1932087,0.11004357039928436,0.9850000143051147,0.7965999841690063
YAL054C,YPR034W,1,-5.193717,0.11014298349618912,0.9860000014305115,0.7965999841690063
YNL293W,YML011C,0,-5.1937857,0.1101306825876236,0.9860000014305115,0.7967000007629395
YKL034W,YGL039W,0,-5.19453,0.11011838167905807,0.9860000014305115,0.7968000173568726
YFR050C,YJL093C,0,-5.1955485,0.11010608822107315,0.9860000014305115,0.7968999743461609
YPL202C,YMR116C,0,-5.195848,0.11009379476308823,0.9860000014305115,0.796999990940094
YLR155C,YIL115C,0,-5.195868,0.1100815013051033,0.9860000014305115,0.7971000075340271
YLR158C,YEL022W,0,-5.1971483,0.11006921529769897,0.9860000014305115,0.7972000241279602
YDL024C,YHL031C,0,-5.198311,0.11005692929029465,0.9860000014305115,0.7972999811172485
YDL142C,YNL029C,0,-5.1984,0.11004464328289032,0.9860000014305115,0.7973999977111816
YNL318C,YOR353C,0,-5.198436,0.11003236472606659,0.9860000014305115,0.7975000143051147
YMR220W,YNL025C,0,-5.1984677,0.11002008616924286,0.9860000014305115,0.7975999712944031
YBR097W,YAR009C,0,-5.19849,0.11000780761241913,0.9860000014305115,0.7976999878883362
YGR112W,YMR087W,0,-5.1988297,0.109995536506176,0.9860000014305115,0.7978000044822693
YPL275W,YLL003W,0,-5.19902,0.10998326539993286,0.9860000014305115,0.7979000210762024
YHL047C,YIR009W,0,-5.199685,0.10997100174427032,0.9860000014305115,0.7979999780654907
YHR067W,YBR170C,0,-5.2000356,0.10995873808860779,0.9860000014305115,0.7980999946594238
YLR453C,YCR072C,0,-5.200699,0.10994647443294525,0.9860000014305115,0.7982000112533569
YOL082W,YDR183W,0,-5.20155,0.10993421822786331,0.9860000014305115,0.79830002784729
YLR134W,YLR362W,0,-5.202445,0.10992196202278137,0.9860000014305115,0.7983999848365784
YJR160C,YKL058W,0,-5.20276,0.10990970581769943,0.9860000014305115,0.7985000014305115
YLR318W,YHR092C,0,-5.2033224,0.10989745706319809,0.9860000014305115,0.7986000180244446
YGR256W,YPR161C,0,-5.204494,0.10988520830869675,0.9860000014305115,0.7986999750137329
YIL040W,YMR054W,0,-5.205292,0.109872967004776,0.9860000014305115,0.798799991607666
YGR077C,YGR213C,0,-5.2058372,0.10986072570085526,0.9860000014305115,0.7989000082015991
YNL036W,YHR034C,0,-5.2068086,0.10984848439693451,0.9860000014305115,0.7990000247955322
YLR074C,YGL051W,0,-5.207274,0.10983625054359436,0.9860000014305115,0.7990999817848206
YCL044C,YNL253W,0,-5.2074075,0.10982401669025421,0.9860000014305115,0.7991999983787537
YKL120W,YGR213C,0,-5.207995,0.10981178283691406,0.9860000014305115,0.7993000149726868
YKL013C,YER087C-A,0,-5.207999,0.10979955643415451,0.9860000014305115,0.7993999719619751
YHR055C,YJR070C,0,-5.2082562,0.10978733003139496,0.9860000014305115,0.7994999885559082
YER179W,YHR059W,0,-5.208586,0.1097751036286354,0.9860000014305115,0.7996000051498413
YHR085W,YDL095W,0,-5.208771,0.10976288467645645,0.9860000014305115,0.7997000217437744
YER009W,YLR084C,0,-5.2090416,0.1097506657242775,0.9860000014305115,0.7997999787330627
YHL031C,YPL125W,0,-5.2098036,0.10973845422267914,0.9860000014305115,0.7998999953269958
YDR138W,YAR009C,0,-5.209898,0.10972624272108078,0.9860000014305115,0.800000011920929
YGR280C,YER087C-A,0,-5.210272,0.10971403121948242,0.9860000014305115,0.8001000285148621
YMR139W,YAR008W,0,-5.210769,0.10970182716846466,0.9860000014305115,0.8001999855041504
YOL149W,YPR154W,0,-5.2109613,0.1096896231174469,0.9860000014305115,0.8003000020980835
YKL026C,YJL059W,0,-5.211052,0.10967741906642914,0.9860000014305115,0.8004000186920166
YDL243C,YNL055C,0,-5.2112117,0.10966522246599197,0.9860000014305115,0.8004999756813049
YOL142W,YLL040C,0,-5.211264,0.10965302586555481,0.9860000014305115,0.800599992275238
YML116W,YCR086W,0,-5.21157,0.10964082926511765,0.9860000014305115,0.8007000088691711
YHL027W,YHR214C-B,0,-5.2121477,0.10962864011526108,0.9860000014305115,0.8008000254631042
YIL079C,YLR022C,0,-5.212279,0.10961645096540451,0.9860000014305115,0.8008999824523926
YNL051W,YNL163C,0,-5.212931,0.10960426926612854,0.9860000014305115,0.8009999990463257
YJR050W,YPR154W,0,-5.2144284,0.10959208756685257,0.9860000014305115,0.8011000156402588
YDL190C,YLL017W,0,-5.215465,0.1095799058675766,0.9860000014305115,0.8011999726295471
YGR178C,YLR035C-A,0,-5.2156205,0.10956773161888123,0.9860000014305115,0.8012999892234802
YHR096C,YNL244C,0,-5.21588,0.10955555737018585,0.9860000014305115,0.8014000058174133
YPR113W,YOR224C,0,-5.2161617,0.10954338312149048,0.9860000014305115,0.8015000224113464
YJL005W,YMR129W,0,-5.2161665,0.1095312163233757,0.9860000014305115,0.8015999794006348
YDR343C,YOR195W,0,-5.216416,0.10951904952526093,0.9860000014305115,0.8016999959945679
YEL018W,YHR085W,0,-5.216719,0.10950688272714615,0.9860000014305115,0.801800012588501
YKL049C,YBR004C,0,-5.216904,0.10949472337961197,0.9860000014305115,0.8019000291824341
YOR297C,YER123W,0,-5.2170796,0.10948256403207779,0.9860000014305115,0.8019999861717224
YLR051C,YNL003C,0,-5.217143,0.1094704121351242,0.9860000014305115,0.8021000027656555
YNL334C,YCR053W,0,-5.217389,0.10945826023817062,0.9860000014305115,0.8022000193595886
YKL197C,YIL029C,0,-5.217807,0.10944610834121704,0.9860000014305115,0.802299976348877
YLR268W,YJR028W,0,-5.218101,0.10943396389484406,0.9860000014305115,0.8023999929428101
YDR110W,YNL186W,1,-5.2184944,0.10953279584646225,0.9869999885559082,0.8023999929428101
YPR007C,YBR173C,0,-5.2196083,0.10952063649892807,0.9869999885559082,0.8025000095367432
YER107C,YDR116C,0,-5.2206273,0.10950848460197449,0.9869999885559082,0.8026000261306763
YKL042W,YJL059W,0,-5.220758,0.1094963401556015,0.9869999885559082,0.8026999831199646
YDL116W,YNL046W,0,-5.2209187,0.10948419570922852,0.9869999885559082,0.8027999997138977
YOL126C,YOL138C,0,-5.2211943,0.10947205126285553,0.9869999885559082,0.8029000163078308
YHR187W,YER024W,0,-5.2214937,0.10945990681648254,0.9869999885559082,0.8029999732971191
YJL198W,YDR175C,0,-5.221521,0.10944776982069016,0.9869999885559082,0.8030999898910522
YNL117W,YGR135W,0,-5.2223916,0.10943563282489777,0.9869999885559082,0.8032000064849854
YBR059C,YKL099C,0,-5.2225857,0.10942350327968597,0.9869999885559082,0.8033000230789185
YNL053W,YPL211W,0,-5.222753,0.10941137373447418,0.9869999885559082,0.8033999800682068
YJL005W,YCL044C,0,-5.2239614,0.10939924418926239,0.9869999885559082,0.8034999966621399
YLR160C,YOR081C,0,-5.224139,0.1093871220946312,0.9869999885559082,0.803600013256073
YOR028C,YLL019C,0,-5.2260094,0.109375,0.9869999885559082,0.8036999702453613
YLR155C,YHR050W,0,-5.22603,0.1093628779053688,0.9869999885559082,0.8037999868392944
YER087C-A,YLR452C,0,-5.2261167,0.1093507632613182,0.9869999885559082,0.8039000034332275
YER044C,YAL001C,0,-5.226321,0.10933864861726761,0.9869999885559082,0.8040000200271606
YCR081W,YJR009C,0,-5.227081,0.10932654142379761,0.9869999885559082,0.804099977016449
YJL060W,YMR280C,0,-5.2276464,0.1093144342303276,0.9869999885559082,0.8041999936103821
YLR291C,YNL279W,0,-5.2278795,0.1093023270368576,0.9869999885559082,0.8043000102043152
YBR155W,YDL035C,0,-5.2296443,0.1092902198433876,0.9869999885559082,0.8044000267982483
YMR065W,YDL055C,0,-5.2308497,0.1092781201004982,0.9869999885559082,0.8044999837875366
YMR116C,YIR019C,0,-5.233175,0.10926602780818939,0.9869999885559082,0.8046000003814697
YCR083W,YEL051W,0,-5.2346716,0.10925392806529999,0.9869999885559082,0.8047000169754028
YLR186W,YOR295W,0,-5.2374644,0.10924183577299118,0.9869999885559082,0.8047999739646912
YDR494W,YBR069C,0,-5.2387476,0.10922975093126297,0.9869999885559082,0.8048999905586243
YLR056W,YJR131W,0,-5.238875,0.10921765863895416,0.9869999885559082,0.8050000071525574
YBR043C,YDR178W,0,-5.2393603,0.10920557379722595,0.9869999885559082,0.8051000237464905
YAR015W,YHR091C,0,-5.2410355,0.10919349640607834,0.9869999885559082,0.8051999807357788
YNR019W,YPL153C,0,-5.2423525,0.10918141901493073,0.9869999885559082,0.8052999973297119
YPR164W,YKR003W,0,-5.2426248,0.10916934162378311,0.9869999885559082,0.805400013923645
YOL088C,YPL152W,0,-5.242706,0.1091572642326355,0.9869999885559082,0.8054999709129333
YNL245C,YGR288W,0,-5.242881,0.10914519429206848,0.9869999885559082,0.8055999875068665
YER026C,YDR320C,0,-5.243461,0.10913312435150146,0.9869999885559082,0.8057000041007996
YBL009W,YBR026C,0,-5.2439075,0.10912106186151505,0.9869999885559082,0.8058000206947327
YIL040W,YGR055W,0,-5.2442865,0.10910899937152863,0.9869999885559082,0.805899977684021
YNR019W,YNL313C,0,-5.244467,0.1090969368815422,0.9869999885559082,0.8059999942779541
YMR119W,YER001W,0,-5.245189,0.10908488184213638,0.9869999885559082,0.8061000108718872
YOR018W,YHL028W,0,-5.2453303,0.10907282680273056,0.9869999885559082,0.8062000274658203
YMR308C,YBR037C,0,-5.245816,0.10906077176332474,0.9869999885559082,0.8062999844551086
YNL274C,YDR115W,0,-5.246588,0.10904872417449951,0.9869999885559082,0.8064000010490417
YBR092C,YOR069W,0,-5.2469134,0.10903667658567429,0.9869999885559082,0.8065000176429749
YOL071W,YAR033W,0,-5.247172,0.10902462899684906,0.9869999885559082,0.8065999746322632
YDR518W,YLL035W,0,-5.248702,0.10901258885860443,0.9869999885559082,0.8066999912261963
YHR152W,YML038C,0,-5.249911,0.1090005487203598,0.9869999885559082,0.8068000078201294
YJR105W,YGL211W,0,-5.2499657,0.10898851603269577,0.9869999885559082,0.8069000244140625
YLR134W,YFL038C,0,-5.250543,0.10897648334503174,0.9869999885559082,0.8069999814033508
YOR100C,YOL158C,0,-5.2509427,0.1089644506573677,0.9869999885559082,0.8070999979972839
YBR059C,YOR233W,0,-5.2519913,0.10895242542028427,0.9869999885559082,0.807200014591217
YNL131W,YOR004W,0,-5.2521496,0.10894040018320084,0.9869999885559082,0.8072999715805054
YGL201C,YPL203W,0,-5.2523813,0.1089283749461174,0.9869999885559082,0.8073999881744385
YKL057C,YOL129W,0,-5.252526,0.10891635715961456,0.9869999885559082,0.8075000047683716
YGL205W,YMR016C,0,-5.252996,0.10890433937311172,0.9869999885559082,0.8076000213623047
YDR043C,YHR161C,0,-5.253201,0.10889232158660889,0.9869999885559082,0.807699978351593
YLR068W,YNL036W,0,-5.253426,0.10888031125068665,0.9869999885559082,0.8077999949455261
YGR167W,YPR144C,0,-5.2542706,0.1088683009147644,0.9869999885559082,0.8079000115394592
YOR226C,YKL099C,0,-5.2544518,0.10885629057884216,0.9869999885559082,0.8080000281333923
YBL085W,YDL085W,0,-5.254556,0.10884428769350052,0.9869999885559082,0.8080999851226807
YDL192W,YLR107W,0,-5.2547445,0.10883228480815887,0.9869999885559082,0.8082000017166138
YOR078W,YOL059W,0,-5.255026,0.10882028937339783,0.9869999885559082,0.8083000183105469
YKR063C,YPL203W,0,-5.2553744,0.10880828648805618,0.9869999885559082,0.8083999752998352
YOR217W,YNL248C,0,-5.255639,0.10879629850387573,0.9869999885559082,0.8084999918937683
YLR056W,YHR178W,0,-5.2562904,0.10878430306911469,0.9869999885559082,0.8086000084877014
YNL075W,YBL018C,0,-5.257572,0.10877231508493423,0.9869999885559082,0.8087000250816345
YOL130W,YJL025W,0,-5.257583,0.10876032710075378,0.9869999885559082,0.8087999820709229
YOR180C,YDR059C,0,-5.2578616,0.10874834656715393,0.9869999885559082,0.808899998664856
YCR047C,YMR076C,0,-5.2594647,0.10873636603355408,0.9869999885559082,0.8090000152587891
YKL194C,YKL099C,0,-5.259556,0.10872438549995422,0.9869999885559082,0.8090999722480774
YDR283C,YJR153W,0,-5.2602324,0.10871241241693497,0.9869999885559082,0.8091999888420105
YPR128C,YEL024W,0,-5.2616506,0.10870043933391571,0.9869999885559082,0.8093000054359436
YDR129C,YER072W,0,-5.2621775,0.10868847370147705,0.9869999885559082,0.8094000220298767
YGL030W,YHR138C,0,-5.262192,0.1086765006184578,0.9869999885559082,0.809499979019165
YIL066C,YDR306C,0,-5.2624764,0.10866453498601913,0.9869999885559082,0.8095999956130981
YJL094C,YIR026C,0,-5.264152,0.10865257680416107,0.9869999885559082,0.8097000122070312
YNL094W,YGL039W,0,-5.264188,0.10864061862230301,0.9869999885559082,0.8098000288009644
YPL098C,YCL032W,0,-5.264293,0.10862866044044495,0.9869999885559082,0.8098999857902527
YMR023C,YLR092W,0,-5.265604,0.10861670225858688,0.9869999885559082,0.8100000023841858
YMR048W,YGR213C,0,-5.2667727,0.10860475152730942,0.9869999885559082,0.8101000189781189
YPL231W,YNL257C,0,-5.2668076,0.10859280079603195,0.9869999885559082,0.8101999759674072
YFR055W,YBR061C,0,-5.266937,0.10858085751533508,0.9869999885559082,0.8102999925613403
YCL043C,YIL129C,0,-5.267872,0.10856891423463821,0.9869999885559082,0.8104000091552734
YML080W,YKR022C,0,-5.268088,0.10855697095394135,0.9869999885559082,0.8105000257492065
YOL002C,YGL106W,0,-5.268685,0.10854503512382507,0.9869999885559082,0.8105999827384949
YBR159W,YFL018C,0,-5.269093,0.1085330992937088,0.9869999885559082,0.810699999332428
YHL009C,YOR338W,0,-5.269346,0.10852116346359253,0.9869999885559082,0.8108000159263611
YNR001C,YGL253W,0,-5.270565,0.10850923508405685,0.9869999885559082,0.8108999729156494
YNL147W,YIL029C,0,-5.2712207,0.10849730670452118,0.9869999885559082,0.8109999895095825
YDL056W,YJR028W,0,-5.271763,0.1084853783249855,0.9869999885559082,0.8111000061035156
YHR148W,YIL021W,0,-5.2718883,0.10847345739603043,0.9869999885559082,0.8112000226974487
YMR267W,YGL004C,0,-5.271894,0.10846153646707535,0.9869999885559082,0.8112999796867371
YOL121C,YHR138C,0,-5.2720284,0.10844962298870087,0.9869999885559082,0.8113999962806702
YBR288C,YPL152W,0,-5.272387,0.10843770951032639,0.9869999885559082,0.8115000128746033
YNL333W,YKL075C,0,-5.2738576,0.1084257960319519,0.9869999885559082,0.8116000294685364
YER146W,YDL085W,0,-5.274178,0.10841388255357742,0.9869999885559082,0.8116999864578247
YMR133W,YHR062C,0,-5.2742085,0.10840197652578354,0.9869999885559082,0.8118000030517578
YCR018C,YOR356W,0,-5.2743773,0.10839007049798965,0.9869999885559082,0.8119000196456909
YPL086C,YER178W,0,-5.274671,0.10837817192077637,0.9869999885559082,0.8119999766349792
YIL124W,YDR038C,0,-5.2747345,0.10836627334356308,0.9869999885559082,0.8120999932289124
YPL170W,YER151C,0,-5.275496,0.10835437476634979,0.9869999885559082,0.8122000098228455
YMR128W,YJL210W,0,-5.276586,0.1083424836397171,0.9869999885559082,0.8123000264167786
YOR328W,YLR340W,0,-5.277912,0.10833059251308441,0.9869999885559082,0.8123999834060669
YHR042W,YAL030W,0,-5.2781153,0.10831870138645172,0.9869999885559082,0.8125
YOL005C,YPL026C,0,-5.278406,0.10830681771039963,0.9869999885559082,0.8126000165939331
YNL098C,YLR022C,0,-5.27864,0.10829493403434753,0.9869999885559082,0.8126999735832214
YMR188C,YAL015C,0,-5.278997,0.10828305035829544,0.9869999885559082,0.8127999901771545
YKR082W,YBR012W-A,0,-5.2791796,0.10827117413282394,0.9869999885559082,0.8129000067710876
YIL070C,YHR160C,0,-5.279421,0.10825929790735245,0.9869999885559082,0.8130000233650208
YKL150W,YER087C-A,0,-5.279584,0.10824742168188095,0.9869999885559082,0.8130999803543091
YPL146C,YJL129C,0,-5.2796416,0.10823555290699005,0.9869999885559082,0.8131999969482422
YPL255W,YKL150W,0,-5.2808523,0.10822368413209915,0.9869999885559082,0.8133000135421753
YGL150C,YCR033W,1,-5.2822037,0.10832145810127258,0.9879999756813049,0.8133000135421753
YOR201C,YOR361C,0,-5.282918,0.10830958187580109,0.9879999756813049,0.8133999705314636
YML132W,YKL002W,0,-5.2832313,0.10829770565032959,0.9879999756813049,0.8134999871253967
YBL064C,YNL201C,0,-5.283333,0.10828583687543869,0.9879999756813049,0.8136000037193298
YOR116C,YMR302C,0,-5.28533,0.10827397555112839,0.9879999756813049,0.8137000203132629
YLR226W,YMR267W,0,-5.285355,0.10826210677623749,0.9879999756813049,0.8137999773025513
YOR048C,YPL092W,0,-5.285535,0.10825024545192719,0.9879999756813049,0.8138999938964844
YBR093C,YPL031C,0,-5.2864394,0.10823838412761688,0.9879999756813049,0.8140000104904175
YOR328W,YGL096W,0,-5.2864647,0.10822653025388718,0.9879999756813049,0.8141000270843506
YJL207C,YOL124C,0,-5.286748,0.10821467638015747,0.9879999756813049,0.8141999840736389
YDR085C,YCR098C,0,-5.28789,0.10820282250642776,0.9879999756813049,0.814300000667572
YNL094W,YNL020C,0,-5.288898,0.10819097608327866,0.9879999756813049,0.8144000172615051
YHR175W,YGR098C,0,-5.2891183,0.10817912966012955,0.9879999756813049,0.8144999742507935
YJL125C,YML029W,0,-5.2900987,0.10816729068756104,0.9879999756813049,0.8145999908447266
YJR150C,YBR182C,0,-5.2918005,0.10815544426441193,0.9879999756813049,0.8147000074386597
YEL036C,YNL061W,0,-5.2918744,0.10814360529184341,0.9879999756813049,0.8148000240325928
YGL136C,YHL024W,0,-5.292221,0.1081317737698555,0.9879999756813049,0.8148999810218811
YOR136W,YCL034W,0,-5.29266,0.10811994224786758,0.9879999756813049,0.8149999976158142
YKL179C,YBR256C,0,-5.2929015,0.10810811072587967,0.9879999756813049,0.8151000142097473
YHR152W,YBR273C,0,-5.2930517,0.10809627920389175,0.9879999756813049,0.8151999711990356
YHL007C,YJL114W,0,-5.293108,0.10808445513248444,0.9879999756813049,0.8152999877929688
YOL065C,YER142C,0,-5.2931867,0.10807263106107712,0.9879999756813049,0.8154000043869019
YGR206W,YLR409C,0,-5.293425,0.1080608144402504,0.9879999756813049,0.815500020980835
YIL079C,YMR030W,0,-5.294653,0.10804899036884308,0.9879999756813049,0.8155999779701233
YNL127W,YMR089C,0,-5.2946644,0.10803718119859695,0.9879999756813049,0.8156999945640564
YOL126C,YNL123W,0,-5.2949133,0.10802536457777023,0.9879999756813049,0.8158000111579895
YLR449W,YJL076W,1,-5.294998,0.10812288522720337,0.9890000224113464,0.8158000111579895
YDL024C,YML025C,0,-5.2963886,0.10811106115579605,0.9890000224113464,0.8159000277519226
YJR153W,YCR028C-A,0,-5.297194,0.10809924453496933,0.9890000224113464,0.8159999847412109
YCL044C,YGR091W,0,-5.297804,0.1080874353647232,0.9890000224113464,0.816100001335144
YNL112W,YMR087W,0,-5.2999864,0.10807561874389648,0.9890000224113464,0.8162000179290771
YJL095W,YMR190C,0,-5.3001857,0.10806380957365036,0.9890000224113464,0.8162999749183655
YJR083C,YJR063W,0,-5.3028154,0.10805200785398483,0.9890000224113464,0.8163999915122986
YLR160C,YOL078W,0,-5.3029733,0.10804019868373871,0.9890000224113464,0.8165000081062317
YNL061W,YML103C,0,-5.3036723,0.10802839696407318,0.9890000224113464,0.8166000247001648
YDL142C,YLL003W,0,-5.305675,0.10801660269498825,0.9890000224113464,0.8166999816894531
YOR316C,YMR059W,0,-5.306007,0.10800480842590332,0.9890000224113464,0.8167999982833862
YBR110W,YHR096C,0,-5.307553,0.10799301415681839,0.9890000224113464,0.8169000148773193
YPR190C,YFL059W,0,-5.308184,0.10798121988773346,0.9890000224113464,0.8169999718666077
YIL110W,YGR257C,0,-5.3083587,0.10796943306922913,0.9890000224113464,0.8170999884605408
YDL134C,YML073C,0,-5.308543,0.10795764625072479,0.9890000224113464,0.8172000050544739
YLR078C,YBR105C,0,-5.3090596,0.10794586688280106,0.9890000224113464,0.817300021648407
YHR116W,YOR180C,0,-5.309133,0.10793408006429672,0.9890000224113464,0.8173999786376953
YHR067W,YFR050C,0,-5.309607,0.10792230814695358,0.9890000224113464,0.8174999952316284
YOR078W,YIL123W,0,-5.3112187,0.10791052877902985,0.9890000224113464,0.8176000118255615
YGR249W,YGL106W,0,-5.3119636,0.1078987568616867,0.9890000224113464,0.8177000284194946
YJR090C,YHR214C-B,0,-5.312094,0.10788698494434357,0.9890000224113464,0.817799985408783
YPL169C,YOR338W,0,-5.31265,0.10787522047758102,0.9890000224113464,0.8179000020027161
YDR079W,YPL131W,0,-5.3128295,0.10786345601081848,0.9890000224113464,0.8180000185966492
YBR135W,YHR096C,0,-5.3144236,0.10785169154405594,0.9890000224113464,0.8180999755859375
YPR041W,YLR222C,0,-5.3145037,0.1078399270772934,0.9890000224113464,0.8181999921798706
YLR102C,YOL129W,0,-5.314614,0.10782817006111145,0.9890000224113464,0.8183000087738037
YDR205W,YML093W,0,-5.3152,0.1078164204955101,0.9890000224113464,0.8184000253677368
YMR290C,YNL253W,0,-5.3162627,0.10780466347932816,0.9890000224113464,0.8184999823570251
YJR047C,YNL068C,0,-5.316387,0.1077929139137268,0.9890000224113464,0.8185999989509583
YJL141C,YDR098C-B,0,-5.3166795,0.10778117179870605,0.9890000224113464,0.8187000155448914
YER045C,YPL097W,0,-5.317321,0.1077694222331047,0.9890000224113464,0.8187999725341797
YKL186C,YJR141W,0,-5.317369,0.10775768011808395,0.9890000224113464,0.8188999891281128
YGL051W,YNL151C,0,-5.3173847,0.1077459454536438,0.9890000224113464,0.8190000057220459
YPL248C,YKL093W,0,-5.3179107,0.10773420333862305,0.9890000224113464,0.819100022315979
YPR155C,YOR208W,0,-5.317923,0.10772246867418289,0.9890000224113464,0.8191999793052673
YGL191W,YML097C,0,-5.3180747,0.10771074146032333,0.9890000224113464,0.8192999958992004
YPR165W,YGR161C-D,0,-5.3186297,0.10769900679588318,0.9890000224113464,0.8194000124931335
YMR319C,YGR195W,0,-5.318831,0.10768727958202362,0.9890000224113464,0.8195000290870667
YJL156C,YBL100W-A,0,-5.319389,0.10767555981874466,0.9890000224113464,0.819599986076355
YPL160W,YLR301W,0,-5.3195896,0.1076638326048851,0.9890000224113464,0.8197000026702881
YLR127C,YPL091W,0,-5.319785,0.10765212029218674,0.9890000224113464,0.8198000192642212
YJR112W,YGR122W,0,-5.3199964,0.10764040052890778,0.9890000224113464,0.8198999762535095
YHL002W,YER006W,0,-5.3202577,0.10762868821620941,0.9890000224113464,0.8199999928474426
YML081C-A,YOL064C,0,-5.322492,0.10761697590351105,0.9890000224113464,0.8201000094413757
YNL317W,YML061C,0,-5.3225613,0.10760526359081268,0.9890000224113464,0.8202000260353088
YPL187W,YGL169W,0,-5.3227177,0.10759355872869492,0.9890000224113464,0.8202999830245972
YPL231W,YGR185C,0,-5.3232117,0.10758185386657715,0.9890000224113464,0.8203999996185303
YGL171W,YOR083W,0,-5.3232617,0.10757015645503998,0.9890000224113464,0.8205000162124634
YOR149C,YPL276W,0,-5.323881,0.10755845904350281,0.9890000224113464,0.8205999732017517
YDR214W,YPL153C,0,-5.3239408,0.10754676163196564,0.9890000224113464,0.8206999897956848
YOR326W,YNL061W,0,-5.324196,0.10753506422042847,0.9890000224113464,0.8208000063896179
YDL100C,YJR009C,0,-5.3249884,0.1075233742594719,0.9890000224113464,0.820900022983551
YOL127W,YDL224C,0,-5.325176,0.10751168429851532,0.9890000224113464,0.8209999799728394
YLR216C,YOR087W,0,-5.3252225,0.10750000178813934,0.9890000224113464,0.8210999965667725
YAL033W,YPL147W,0,-5.325466,0.10748831927776337,0.9890000224113464,0.8212000131607056
YDL045C,YJL089W,0,-5.3255877,0.10747663676738739,0.9890000224113464,0.8213000297546387
YFL016C,YER087C-B,0,-5.3257265,0.10746495425701141,0.9890000224113464,0.821399986743927
YNL068C,YNR059W,0,-5.3260202,0.10745327919721603,0.9890000224113464,0.8215000033378601
YDL142C,YDL019C,0,-5.32615,0.10744160413742065,0.9890000224113464,0.8216000199317932
YER061C,YOL055C,0,-5.3269696,0.10742993652820587,0.9890000224113464,0.8216999769210815
YKL188C,YIL029C,0,-5.3271813,0.10741826891899109,0.9890000224113464,0.8217999935150146
YNR056C,YEL031W,0,-5.3286185,0.1074066013097763,0.9890000224113464,0.8219000101089478
YBR193C,YBL039C,0,-5.329351,0.10739494115114212,0.9890000224113464,0.8220000267028809
YAL054C,YLR288C,1,-5.3300834,0.1074918583035469,0.9900000095367432,0.8220000267028809
YNR027W,YLR068W,0,-5.3305645,0.10748018324375153,0.9900000095367432,0.8220999836921692
YEL050C,YLR467W,0,-5.3307,0.10746851563453674,0.9900000095367432,0.8222000002861023
YOR250C,YGL001C,0,-5.3309345,0.10745685547590256,0.9900000095367432,0.8223000168800354
YDR038C,YPL026C,0,-5.3310204,0.10744519531726837,0.9900000095367432,0.8223999738693237
YER052C,YPL174C,0,-5.332235,0.10743353515863419,0.9900000095367432,0.8224999904632568
YMR128W,YNL023C,0,-5.332517,0.107421875,0.9900000095367432,0.8226000070571899
YNR033W,YEL041W,0,-5.3325667,0.10741022229194641,0.9900000095367432,0.822700023651123
YPL083C,YOR297C,0,-5.3337607,0.10739856958389282,0.9900000095367432,0.8227999806404114
YBR253W,YGR128C,0,-5.334922,0.10738691687583923,0.9900000095367432,0.8228999972343445
YFL011W,YDR412W,0,-5.334999,0.10737527161836624,0.9900000095367432,0.8230000138282776
YIL115C,YOL020W,0,-5.3350077,0.10736362636089325,0.9900000095367432,0.8230999708175659
YLR080W,YFL045C,0,-5.335292,0.10735198110342026,0.9900000095367432,0.823199987411499
YBR267W,YPR137W,0,-5.335571,0.10734034329652786,0.9900000095367432,0.8233000040054321
YER159C,YLR347C,0,-5.336603,0.10732870548963547,0.9900000095367432,0.8234000205993652
YPL211W,YKL058W,0,-5.3368716,0.10731707513332367,0.9900000095367432,0.8234999775886536
YEL069C,YDL213C,0,-5.3371186,0.10730544477701187,0.9900000095367432,0.8235999941825867
YNL130C,YIL021W,0,-5.3372626,0.10729381442070007,0.9900000095367432,0.8237000107765198
YER002W,YMR216C,0,-5.3382897,0.10728218406438828,0.9900000095367432,0.8238000273704529
YPL118W,YCR102C,0,-5.338527,0.10727056115865707,0.9900000095367432,0.8238999843597412
YNL232W,YGL087C,0,-5.338935,0.10725893825292587,0.9900000095367432,0.8240000009536743
YLR231C,YOL088C,0,-5.3397546,0.10724731534719467,0.9900000095367432,0.8241000175476074
YDL247W,YPR132W,0,-5.3402944,0.10723569989204407,0.9900000095367432,0.8241999745368958
YLR186W,YGL075C,0,-5.340618,0.10722408443689346,0.9900000095367432,0.8242999911308289
YPL248C,YOR008C-A,0,-5.3420463,0.10721247643232346,0.9900000095367432,0.824400007724762
YHR007C,YHR154W,0,-5.3427553,0.10720086842775345,0.9900000095367432,0.8245000243186951
YGR218W,YML093W,0,-5.343649,0.10718926042318344,0.9900000095367432,0.8245999813079834
YCL026C-A,YER028C,0,-5.3472943,0.10717765241861343,0.9900000095367432,0.8246999979019165
YHR065C,YMR054W,0,-5.3485293,0.10716605186462402,0.9900000095367432,0.8248000144958496
YBR110W,YML130C,0,-5.349553,0.10715445131063461,0.9900000095367432,0.8248999714851379
YPR190C,YLR466W,0,-5.349564,0.1071428582072258,0.9900000095367432,0.824999988079071
YIL030C,YOR004W,0,-5.3497586,0.10713126510381699,0.9900000095367432,0.8251000046730042
YOR201C,YGR245C,0,-5.3510733,0.10711967200040817,0.9900000095367432,0.8252000212669373
YDL227C,YOR373W,0,-5.3511567,0.10710807889699936,0.9900000095367432,0.8252999782562256
YPR017C,YPL092W,0,-5.3514323,0.10709649324417114,0.9900000095367432,0.8253999948501587
YPL167C,YLR466W,0,-5.3519897,0.10708490759134293,0.9900000095367432,0.8255000114440918
YKL126W,YOR356W,0,-5.352299,0.1070733293890953,0.9900000095367432,0.8256000280380249
YDR231C,YPR083W,0,-5.352642,0.10706175118684769,0.9900000095367432,0.8256999850273132
YGR254W,YKL150W,0,-5.3528666,0.10705017298460007,0.9900000095367432,0.8258000016212463
YNL273W,YML131W,0,-5.3530912,0.10703860223293304,0.9900000095367432,0.8259000182151794
YHR081W,YDR527W,0,-5.3535686,0.10702702403068542,0.9900000095367432,0.8259999752044678
YOR232W,YOR003W,0,-5.3548837,0.107015460729599,0.9900000095367432,0.8260999917984009
YOR321W,YGR074W,0,-5.3554225,0.10700388997793198,0.9900000095367432,0.826200008392334
YKR083C,YDR258C,0,-5.3556476,0.10699232667684555,0.9900000095367432,0.8263000249862671
YKL185W,YJR145C,0,-5.356292,0.10698076337575912,0.9900000095367432,0.8263999819755554
YKR082W,YPR198W,0,-5.357055,0.1069692075252533,0.9900000095367432,0.8264999985694885
YHR106W,YPL045W,0,-5.3576517,0.10695765167474747,0.9900000095367432,0.8266000151634216
YDR256C,YJR144W,0,-5.3576846,0.10694609582424164,0.9900000095367432,0.82669997215271
YGL219C,YNL078W,0,-5.3582683,0.10693453997373581,0.9900000095367432,0.8267999887466431
YPR017C,YER126C,0,-5.359226,0.10692299157381058,0.9900000095367432,0.8269000053405762
YGR121C,YPL019C,0,-5.359259,0.10691145062446594,0.9900000095367432,0.8270000219345093
YKL084W,YDR165W,0,-5.359439,0.10689990222454071,0.9900000095367432,0.8270999789237976
YNR032C-A,YOR243C,0,-5.359615,0.10688836127519608,0.9900000095367432,0.8271999955177307
YHL024W,YOL028C,0,-5.361993,0.10687682032585144,0.9900000095367432,0.8273000121116638
YER028C,YMR087W,0,-5.362423,0.1068652868270874,0.9900000095367432,0.8274000287055969
YGL001C,YGL233W,0,-5.3635497,0.10685375332832336,0.9900000095367432,0.8274999856948853
YPR133W-A,YPL206C,0,-5.3641076,0.10684221982955933,0.9900000095367432,0.8276000022888184
YLR390W-A,YBR182C,0,-5.3646436,0.10683068633079529,0.9900000095367432,0.8277000188827515
YDR021W,YNL297C,0,-5.3669534,0.10681916028261185,0.9900000095367432,0.8277999758720398
YJR153W,YNR064C,0,-5.3677726,0.106807641685009,0.9900000095367432,0.8278999924659729
YOL002C,YGR211W,0,-5.3678145,0.10679611563682556,0.9900000095367432,0.828000009059906
YNL128W,YOR008C-A,0,-5.3684053,0.10678459703922272,0.9900000095367432,0.8281000256538391
YGR239C,YJR104C,0,-5.3686986,0.10677307844161987,0.9900000095367432,0.8281999826431274
YPR135W,YPL117C,0,-5.3705544,0.10676156729459763,0.9900000095367432,0.8282999992370605
YHR148W,YLR195C,0,-5.3714614,0.10675005614757538,0.9900000095367432,0.8284000158309937
YHL002W,YOR054C,0,-5.372082,0.10673854500055313,0.9900000095367432,0.828499972820282
YHR052W,YGL045W,0,-5.3721023,0.10672703385353088,0.9900000095367432,0.8285999894142151
YKR027W,YNR031C,0,-5.3728437,0.10671553015708923,0.9900000095367432,0.8287000060081482
YOL002C,YGR251W,0,-5.373094,0.10670403391122818,0.9900000095367432,0.8288000226020813
YNR007C,YCL052C,0,-5.373134,0.10669253021478653,0.9900000095367432,0.8288999795913696
YIL040W,YPR198W,0,-5.3731866,0.10668103396892548,0.9900000095367432,0.8289999961853027
YPL161C,YJL005W,0,-5.3733034,0.10666953772306442,0.9900000095367432,0.8291000127792358
YPL100W,YOL065C,0,-5.374011,0.10665804892778397,0.9900000095367432,0.829200029373169
YDL147W,YGL011C,0,-5.3742986,0.10664656013250351,0.9900000095367432,0.8292999863624573
YBL017C,YML040W,0,-5.374302,0.10663507133722305,0.9900000095367432,0.8294000029563904
YHR007C,YGL106W,0,-5.3749056,0.1066235899925232,0.9900000095367432,0.8295000195503235
YPL240C,YIL053W,0,-5.3758054,0.10661210119724274,0.9900000095367432,0.8295999765396118
YDL145C,YPL086C,0,-5.37656,0.10660062730312347,0.9900000095367432,0.8296999931335449
YGR121C,YPL146C,0,-5.3770003,0.10658914595842361,0.9900000095367432,0.829800009727478
YCL040W,YJR135C,0,-5.3770657,0.10657767206430435,0.9900000095367432,0.8299000263214111
YNL038W,YPR144C,0,-5.3771806,0.10656619817018509,0.9900000095367432,0.8299999833106995
YPL202C,YGR185C,0,-5.377951,0.10655473172664642,0.9900000095367432,0.8300999999046326
YNL331C,YOL123W,0,-5.3785844,0.10654326528310776,0.9900000095367432,0.8302000164985657
YCL025C,YLR455W,0,-5.378613,0.10653179883956909,0.9900000095367432,0.830299973487854
YHR120W,YKL082C,0,-5.3788843,0.10652033239603043,0.9900000095367432,0.8303999900817871
YPR198W,YHR167W,0,-5.3800883,0.10650887340307236,0.9900000095367432,0.8305000066757202
YNL009W,YGL208W,0,-5.380292,0.10649742186069489,0.9900000095367432,0.8306000232696533
YDR314C,YJR120W,0,-5.380506,0.10648596286773682,0.9900000095367432,0.8306999802589417
YNL084C,YGL233W,0,-5.3808584,0.10647451132535934,0.9900000095367432,0.8307999968528748
YHR096C,YOL020W,0,-5.381469,0.10646305978298187,0.9900000095367432,0.8309000134468079
YKL120W,YDR443C,0,-5.3816433,0.106451615691185,0.9900000095367432,0.8309999704360962
YOL082W,YLR055C,0,-5.3818727,0.10644016414880753,0.9900000095367432,0.8310999870300293
YBR097W,YJL222W,0,-5.3820143,0.10642872750759125,0.9900000095367432,0.8312000036239624
YBR043C,YNL339C,0,-5.3832545,0.10641728341579437,0.9900000095367432,0.8313000202178955
YGL187C,YMR298W,0,-5.3839107,0.1064058467745781,0.9900000095367432,0.8313999772071838
YEL061C,YAL055W,0,-5.383924,0.10639441013336182,0.9900000095367432,0.8314999938011169
YBR039W,YIL076W,0,-5.38634,0.10638298094272614,0.9900000095367432,0.83160001039505
YDL143W,YLR219W,0,-5.386935,0.10637155175209045,0.9900000095367432,0.8317000269889832
YJR057W,YMR136W,0,-5.3870854,0.10636012256145477,0.9900000095367432,0.8317999839782715
YOR180C,YDR206W,0,-5.3873243,0.10634869337081909,0.9900000095367432,0.8319000005722046
YNR017W,YJR027W,0,-5.3876843,0.10633727163076401,0.9900000095367432,0.8320000171661377
YFR052W,YDR175C,0,-5.3884063,0.10632584989070892,0.9900000095367432,0.832099974155426
YJR047C,YGL236C,0,-5.3885264,0.10631443560123444,0.9900000095367432,0.8321999907493591
YOR144C,YGR280C,0,-5.3897223,0.10630301386117935,0.9900000095367432,0.8323000073432922
YKL101W,YKL053C-A,0,-5.3918614,0.10629160702228546,0.9900000095367432,0.8324000239372253
YCL026C-A,YNL188W,0,-5.3925233,0.10628019273281097,0.9900000095367432,0.8324999809265137
YCL039W,YER012W,0,-5.392714,0.10626878589391708,0.9900000095367432,0.8325999975204468
YKR034W,YDR507C,0,-5.393949,0.1062573790550232,0.9900000095367432,0.8327000141143799
YGL012W,YBR061C,0,-5.3949237,0.1062459722161293,0.9900000095367432,0.8327999711036682
YDL055C,YOR004W,0,-5.395761,0.10623457282781601,0.9900000095367432,0.8328999876976013
YML080W,YPR007C,0,-5.3961167,0.10622317343950272,0.9900000095367432,0.8330000042915344
YAL053W,YHR092C,0,-5.396354,0.10621178150177002,0.9900000095367432,0.8331000208854675
YNL126W,YNL044W,0,-5.396624,0.10620038956403732,0.9900000095367432,0.8331999778747559
YOR299W,YBR214W,0,-5.3968606,0.10618899762630463,0.9900000095367432,0.833299994468689
YAL033W,YJL036W,0,-5.397121,0.10617760568857193,0.9900000095367432,0.8334000110626221
YHL022C,YMR089C,0,-5.397161,0.10616622120141983,0.9900000095367432,0.8335000276565552
YLR158C,YNL106C,0,-5.3978,0.10615483671426773,0.9900000095367432,0.8335999846458435
YJL122W,YGR212W,0,-5.3978353,0.10614345222711563,0.9900000095367432,0.8337000012397766
YDL160C,YOR178C,0,-5.3985333,0.10613207519054413,0.9900000095367432,0.8338000178337097
YJL196C,YGL209W,0,-5.3991423,0.10612069815397263,0.9900000095367432,0.833899974822998
YJR127C,YDL212W,0,-5.39925,0.10610932111740112,0.9900000095367432,0.8339999914169312
YDR343C,YPR007C,0,-5.399531,0.10609795153141022,0.9900000095367432,0.8341000080108643
YDL028C,YEL012W,0,-5.4003353,0.10608658194541931,0.9900000095367432,0.8342000246047974
YOR335C,YBR024W,0,-5.4011564,0.106075219810009,0.9900000095367432,0.8342999815940857
YAL033W,YOL102C,0,-5.401463,0.1060638502240181,0.9900000095367432,0.8343999981880188
YLR075W,YLR136C,0,-5.4014854,0.10605248808860779,0.9900000095367432,0.8345000147819519
YBL045C,YBR037C,0,-5.4029546,0.10604113340377808,0.9900000095367432,0.8345999717712402
YBR247C,YML023C,0,-5.4029922,0.10602977126836777,0.9900000095367432,0.8346999883651733
YML067C,YIR019C,0,-5.404658,0.10601841658353806,0.9900000095367432,0.8348000049591064
YCL025C,YIL004C,0,-5.405617,0.10600706934928894,0.9900000095367432,0.8349000215530396
YMR220W,YIL101C,0,-5.4058647,0.10599571466445923,0.9900000095367432,0.8349999785423279
YGL142C,YDR435C,0,-5.406003,0.10598436743021011,0.9900000095367432,0.835099995136261
YLR013W,YBR267W,0,-5.410429,0.1059730276465416,0.9900000095367432,0.8352000117301941
YDR283C,YDL227C,0,-5.4117155,0.10596168041229248,0.9900000095367432,0.8353000283241272
YPL275W,YER148W,0,-5.4122243,0.10595034062862396,0.9900000095367432,0.8353999853134155
YDR420W,YHR094C,0,-5.4123225,0.10593900829553604,0.9900000095367432,0.8355000019073486
YAL003W,YDR346C,0,-5.412513,0.10592766851186752,0.9900000095367432,0.8356000185012817
YBR159W,YHR004C,0,-5.413043,0.1059163361787796,0.9900000095367432,0.8356999754905701
YER035W,YPL106C,0,-5.4156933,0.10590500384569168,0.9900000095367432,0.8357999920845032
YHR026W,YNL241C,0,-5.4161997,0.10589367896318436,0.9900000095367432,0.8359000086784363
YCR010C,YPL275W,0,-5.4170527,0.10588235408067703,0.9900000095367432,0.8360000252723694
YML092C,YOL091W,0,-5.417895,0.10587102919816971,0.9900000095367432,0.8360999822616577
YGR159C,YHR079C-A,0,-5.4181094,0.10585971176624298,0.9900000095367432,0.8361999988555908
YOR259C,YOR007C,0,-5.4184794,0.10584839433431625,0.9900000095367432,0.8363000154495239
YLL034C,YDR092W,0,-5.419087,0.10583707690238953,0.9900000095367432,0.8363999724388123
YKL122C,YLR003C,0,-5.421947,0.1058257594704628,0.9900000095367432,0.8364999890327454
YDL132W,YPL214C,0,-5.4236445,0.10581444948911667,0.9900000095367432,0.8366000056266785
YLR106C,YGR245C,0,-5.424433,0.10580313950777054,0.9900000095367432,0.8367000222206116
YNL256W,YHR065C,0,-5.4246073,0.105791836977005,0.9900000095367432,0.8367999792098999
YPL179W,YDR412W,0,-5.4250355,0.10578053444623947,0.9900000095367432,0.836899995803833
YDR231C,YPL019C,0,-5.4256334,0.10576923191547394,0.9900000095367432,0.8370000123977661
YJR160C,YMR004W,0,-5.4257474,0.1057579293847084,0.9900000095367432,0.8371000289916992
YKL002W,YHR091C,0,-5.4277534,0.10574663430452347,0.9900000095367432,0.8371999859809875
YKL043W,YJL108C,0,-5.429701,0.10573533922433853,0.9900000095367432,0.8373000025749207
YLR158C,YNL275W,0,-5.430023,0.10572405159473419,0.9900000095367432,0.8374000191688538
YJL102W,YBL014C,0,-5.4303045,0.10571276396512985,0.9900000095367432,0.8374999761581421
YCR048W,YHR065C,0,-5.43044,0.10570147633552551,0.9900000095367432,0.8375999927520752
YML080W,YBR008C,0,-5.4308505,0.10569018870592117,0.9900000095367432,0.8377000093460083
YJR033C,YJR044C,0,-5.4312487,0.10567890852689743,0.9900000095367432,0.8378000259399414
YMR142C,YKL082C,0,-5.431913,0.10566762834787369,0.9900000095367432,0.8378999829292297
YPL231W,YBL056W,0,-5.4324937,0.10565634816884995,0.9900000095367432,0.8379999995231628
YHR190W,YBR084W,0,-5.432613,0.1056450754404068,0.9900000095367432,0.838100016117096
YHR007C,YNL078W,0,-5.432617,0.10563380271196365,0.9900000095367432,0.8381999731063843
YGR175C,YJR026W,0,-5.433902,0.10562252998352051,0.9900000095367432,0.8382999897003174
YNR038W,YJL183W,0,-5.434558,0.10561126470565796,0.9900000095367432,0.8384000062942505
YHR175W,YML131W,0,-5.4347205,0.10559999942779541,0.9900000095367432,0.8385000228881836
YCR088W,YOR274W,0,-5.4350605,0.10558873414993286,0.9900000095367432,0.8385999798774719
YBL078C,YML067C,0,-5.4353795,0.10557747632265091,0.9900000095367432,0.838699996471405
YEL042W,YDR175C,0,-5.4353848,0.10556621849536896,0.9900000095367432,0.8388000130653381
YOL040C,YLR301W,0,-5.436718,0.105554960668087,0.9900000095367432,0.8389000296592712
YBR008C,YFL002C,0,-5.436842,0.10554371029138565,0.9900000095367432,0.8389999866485596
YLR340W,YJL098W,0,-5.4374146,0.1055324599146843,0.9900000095367432,0.8391000032424927
YNL008C,YOR338W,0,-5.4375663,0.10552120953798294,0.9900000095367432,0.8392000198364258
YOR011W,YBR182C,0,-5.439555,0.10550996661186218,0.9900000095367432,0.8392999768257141
YKL086W,YDR306C,0,-5.4395623,0.10549872368574142,0.9900000095367432,0.8393999934196472
YBL045C,YAL001C,0,-5.4403634,0.10548748075962067,0.9900000095367432,0.8395000100135803
YPR190C,YMR089C,0,-5.4422297,0.10547623783349991,0.9900000095367432,0.8396000266075134
YOR078W,YLR011W,0,-5.443002,0.10546500235795975,0.9900000095367432,0.8396999835968018
YER026C,YAL005C,0,-5.443408,0.10545377433300018,0.9900000095367432,0.8398000001907349
YBR234C,YGL246C,0,-5.443952,0.10544253885746002,0.9900000095367432,0.839900016784668
YOR328W,YDL083C,0,-5.4453697,0.10543131083250046,0.9900000095367432,0.8399999737739563
YPR103W,YKL056C,0,-5.4454436,0.1054200828075409,0.9900000095367432,0.8400999903678894
YIL031W,YPL144W,0,-5.445781,0.10540886223316193,0.9900000095367432,0.8402000069618225
YPR188C,YOL020W,0,-5.446374,0.10539763420820236,0.9900000095367432,0.8403000235557556
YPL095C,YNL046W,0,-5.447195,0.1053864136338234,0.9900000095367432,0.840399980545044
YEL029C,YDR273W,0,-5.4477444,0.10537520051002502,0.9900000095367432,0.840499997138977
YLR248W,YGR172C,0,-5.447785,0.10536398738622665,0.9900000095367432,0.8406000137329102
YBR247C,YOL003C,0,-5.449519,0.10535277426242828,0.9900000095367432,0.8406999707221985
YIL103W,YJR074W,0,-5.450848,0.10534156113862991,0.9900000095367432,0.8407999873161316
YJL102W,YJL192C,0,-5.4511333,0.10533035546541214,0.9900000095367432,0.8409000039100647
YGL095C,YDL109C,0,-5.451843,0.10531914979219437,0.9900000095367432,0.8410000205039978
YOR058C,YML131W,0,-5.451897,0.10530794411897659,0.9900000095367432,0.8410999774932861
YER145C,YKL093W,0,-5.454075,0.10529674589633942,0.9900000095367432,0.8411999940872192
YPR185W,YPL239W,0,-5.4548783,0.10528554767370224,0.9900000095367432,0.8413000106811523
YMR119W,YEL054C,0,-5.4551473,0.10527434945106506,0.9900000095367432,0.8414000272750854
YMR081C,YFR005C,0,-5.4564557,0.10526315867900848,0.9900000095367432,0.8414999842643738
YNL130C,YIL077C,0,-5.4566693,0.1052519679069519,0.9900000095367432,0.8416000008583069
YNL149C,YEL060C,0,-5.457848,0.10524077713489532,0.9900000095367432,0.84170001745224
YNR038W,YOR098C,0,-5.4582644,0.10522959381341934,0.9900000095367432,0.8417999744415283
YCL043C,YGL098W,0,-5.458425,0.10521841049194336,0.9900000095367432,0.8418999910354614
YFL008W,YCL020W,0,-5.4585876,0.10520722717046738,0.9900000095367432,0.8420000076293945
YNL008C,YLR113W,0,-5.45924,0.1051960438489914,0.9900000095367432,0.8421000242233276
YJR078W,YER042W,0,-5.460991,0.10518486797809601,0.9900000095367432,0.842199981212616
YMR081C,YKL088W,0,-5.4611573,0.10517369955778122,0.9900000095367432,0.8422999978065491
YIL098C,YKL074C,0,-5.4623437,0.10516252368688583,0.9900000095367432,0.8424000144004822
YDL101C,YCL040W,0,-5.4624467,0.10515135526657104,0.9900000095367432,0.8424999713897705
YDL051W,YNL328C,0,-5.4625196,0.10514018684625626,0.9900000095367432,0.8425999879837036
YOL133W,YEL024W,0,-5.4634924,0.10512901842594147,0.9900000095367432,0.8427000045776367
YJR078W,YKL125W,0,-5.4647694,0.10511785745620728,0.9900000095367432,0.8428000211715698
YPL117C,YNR047W,0,-5.465748,0.10510669648647308,0.9900000095367432,0.8428999781608582
YPL275W,YOR116C,0,-5.4669385,0.10509554296731949,0.9900000095367432,0.8429999947547913
YDR272W,YML031W,0,-5.4669714,0.1050843894481659,0.9900000095367432,0.8431000113487244
YJL157C,YHR015W,0,-5.467413,0.1050732359290123,0.9900000095367432,0.8432000279426575
YKL190W,YLR411W,0,-5.46932,0.1050620824098587,0.9900000095367432,0.8432999849319458
YFL016C,YMR087W,0,-5.4694076,0.1050509363412857,0.9900000095367432,0.8434000015258789
YLR342W,YIL101C,0,-5.469972,0.10503979027271271,0.9900000095367432,0.843500018119812
YPL132W,YOR116C,0,-5.471667,0.10502864420413971,0.9900000095367432,0.8435999751091003
YKR066C,YJL117W,0,-5.472177,0.10501750558614731,0.9900000095367432,0.8436999917030334
YNL116W,YDL213C,0,-5.4736457,0.10500636696815491,0.9900000095367432,0.8438000082969666
YOL016C,YKL053C-A,0,-5.4737144,0.1049952283501625,0.9900000095367432,0.8439000248908997
YPL059W,YNL287W,0,-5.474702,0.1049840897321701,0.9900000095367432,0.843999981880188
YBR070C,YER044C,0,-5.474742,0.1049729585647583,0.9900000095367432,0.8440999984741211
YNL009W,YOR328W,0,-5.476949,0.1049618348479271,0.9900000095367432,0.8442000150680542
YBL100W-B,YLR035C-A,0,-5.4780245,0.10495070368051529,0.9900000095367432,0.8442999720573425
YCL039W,YNL163C,0,-5.478123,0.10493957996368408,0.9900000095367432,0.8443999886512756
YMR184W,YBR023C,0,-5.478619,0.10492845624685287,0.9900000095367432,0.8445000052452087
YOL133W,YDL201W,0,-5.478669,0.10491733998060226,0.9900000095367432,0.8446000218391418
YNL075W,YOL116W,0,-5.478754,0.10490622371435165,0.9900000095367432,0.8446999788284302
YOR031W,YPL119C,0,-5.479359,0.10489510744810104,0.9900000095367432,0.8447999954223633
YML046W,YKL051W,0,-5.479901,0.10488399118185043,0.9900000095367432,0.8449000120162964
YGR132C,YBR069C,0,-5.4799104,0.10487288236618042,0.9900000095367432,0.8450000286102295
YHR039C,YOL031C,0,-5.4807,0.1048617735505104,0.9900000095367432,0.8450999855995178
YGL001C,YBR168W,0,-5.481145,0.1048506647348404,0.9900000095367432,0.8452000021934509
YNL130C,YEL009C,0,-5.4815745,0.10483956336975098,0.9900000095367432,0.845300018787384
YDR138W,YMR272C,0,-5.4816713,0.10482846200466156,0.9900000095367432,0.8453999757766724
YOR098C,YML039W,0,-5.4817433,0.10481736063957214,0.9900000095367432,0.8454999923706055
YDR301W,YLR009W,0,-5.482697,0.10480626672506332,0.9900000095367432,0.8456000089645386
YLL026W,YOL026C,0,-5.4828954,0.1047951728105545,0.9900000095367432,0.8457000255584717
YHL024W,YOR149C,0,-5.484835,0.10478407889604568,0.9900000095367432,0.84579998254776
YDL101C,YLR455W,0,-5.4855657,0.10477299243211746,0.9900000095367432,0.8458999991416931
YDR284C,YDR404C,0,-5.488087,0.10476190596818924,0.9900000095367432,0.8460000157356262
YIL034C,YCR098C,0,-5.4882207,0.10475081950426102,0.9900000095367432,0.8460999727249146
YDR320C,YGL096W,0,-5.4883895,0.10473974049091339,0.9900000095367432,0.8461999893188477
YDR009W,YBR153W,0,-5.4886956,0.10472865402698517,0.9900000095367432,0.8463000059127808
YDR168W,YER143W,0,-5.48894,0.10471758246421814,0.9900000095367432,0.8464000225067139
YDR342C,YFR034C,0,-5.4891715,0.10470650345087051,0.9900000095367432,0.8464999794960022
YMR004W,YPL093W,0,-5.489998,0.10469543188810349,0.9900000095367432,0.8465999960899353
YNL112W,YOL051W,0,-5.4907165,0.10468436032533646,0.9900000095367432,0.8467000126838684
YOR310C,YPL283C,0,-5.4908195,0.10467328876256943,0.9900000095367432,0.8468000292778015
YAL054C,YPL047W,1,-5.491273,0.10476794838905334,0.9909999966621399,0.8468000292778015
YPR185W,YDR385W,0,-5.491457,0.10475686937570572,0.9909999966621399,0.8468999862670898
YPL218W,YIL017C,0,-5.4916654,0.10474579781293869,0.9909999966621399,0.847000002861023
YJR047C,YDR272W,0,-5.4928107,0.10473472625017166,0.9909999966621399,0.847100019454956
YML057W,YLR205C,0,-5.4930735,0.10472366213798523,0.9909999966621399,0.8471999764442444
YML093W,YDR285W,0,-5.4940577,0.1047125980257988,0.9909999966621399,0.8472999930381775
YKL022C,YHR039C,0,-5.4945765,0.10470153391361237,0.9909999966621399,0.8474000096321106
YHR015W,YOL031C,0,-5.494726,0.10469046980142593,0.9909999966621399,0.8475000262260437
YCR010C,YJL210W,0,-5.4947605,0.1046794131398201,0.9909999966621399,0.847599983215332
YNR057C,YDR492W,0,-5.4952316,0.10466835647821426,0.9909999966621399,0.8476999998092651
YOR388C,YCR083W,0,-5.495652,0.10465729981660843,0.9909999966621399,0.8478000164031982
YDR097C,YGL055W,0,-5.4959574,0.10464625060558319,0.9909999966621399,0.8478999733924866
YBR214W,YOL091W,0,-5.49654,0.10463520139455795,0.9909999966621399,0.8479999899864197
YDR420W,YEL054C,0,-5.4971805,0.10462415218353271,0.9909999966621399,0.8481000065803528
YKL179C,YOL129W,0,-5.4983153,0.10461311042308807,0.9909999966621399,0.8482000231742859
YJL102W,YIL076W,0,-5.4995937,0.10460206866264343,0.9909999966621399,0.8482999801635742
YJR033C,YAR009C,0,-5.4996953,0.10459102690219879,0.9909999966621399,0.8483999967575073
YDR123C,YHR001W,0,-5.500405,0.10457999259233475,0.9909999966621399,0.8485000133514404
YBR234C,YDR369C,0,-5.501327,0.1045689582824707,0.9909999966621399,0.8485999703407288
YPR193C,YMR053C,1,-5.5019293,0.1046634316444397,0.9919999837875366,0.8485999703407288
YER045C,YLR368W,0,-5.5025826,0.10465238988399506,0.9919999837875366,0.8486999869346619
YLR172C,YPR083W,0,-5.502705,0.10464134812355042,0.9919999837875366,0.848800003528595
YKR026C,YPR165W,0,-5.503686,0.10463031381368637,0.9919999837875366,0.8489000201225281
YIL007C,YDR080W,0,-5.5042515,0.10461927950382233,0.9919999837875366,0.8489999771118164
YPR110C,YHL007C,0,-5.5044284,0.10460824519395828,0.9919999837875366,0.8490999937057495
YLR291C,YDL079C,0,-5.5045342,0.10459721833467484,0.9919999837875366,0.8492000102996826
YDL093W,YBL100W-A,0,-5.5052757,0.10458619147539139,0.9919999837875366,0.8493000268936157
YPL249C,YOR136W,0,-5.5066285,0.10457516461610794,0.9919999837875366,0.849399983882904
YLL061W,YPL011C,0,-5.5079803,0.1045641377568245,0.9919999837875366,0.8495000004768372
YDR335W,YIL053W,0,-5.5085607,0.10455311834812164,0.9919999837875366,0.8496000170707703
YJL157C,YPL059W,0,-5.5093884,0.10454209893941879,0.9919999837875366,0.8496999740600586
YJL166W,YJL089W,0,-5.5103097,0.10453108698129654,0.9919999837875366,0.8497999906539917
YML132W,YLR214W,0,-5.5111575,0.10452007502317429,0.9919999837875366,0.8499000072479248
YOR043W,YEL041W,0,-5.511528,0.10450906306505203,0.9919999837875366,0.8500000238418579
YDR283C,YDL148C,0,-5.511788,0.10449805110692978,0.9919999837875366,0.8500999808311462
YOR371C,YLR435W,0,-5.5136647,0.10448704659938812,0.9919999837875366,0.8501999974250793
YLL026W,YBR196C,0,-5.513803,0.10447604209184647,0.9919999837875366,0.8503000140190125
YCR075C,YML061C,0,-5.5141234,0.10446503758430481,0.9919999837875366,0.8503999710083008
YMR078C,YPL087W,0,-5.514808,0.10445404052734375,0.9919999837875366,0.8504999876022339
YFL025C,YIL029C,0,-5.514906,0.10444304347038269,0.9919999837875366,0.850600004196167
YOR005C,YDL083C,0,-5.51512,0.10443204641342163,0.9919999837875366,0.8507000207901001
YML104C,YHR016C,0,-5.5158887,0.10442104935646057,0.9919999837875366,0.8507999777793884
YER001W,YGL062W,0,-5.516186,0.10441005975008011,0.9919999837875366,0.8508999943733215
YMR305C,YHR181W,0,-5.5175943,0.10439907759428024,0.9919999837875366,0.8510000109672546
YDR508C,YML011C,0,-5.517803,0.10438808798789978,0.9919999837875366,0.8511000275611877
YCR088W,YLR221C,0,-5.5184536,0.10437710583209991,0.9919999837875366,0.8511999845504761
YDL149W,YMR100W,0,-5.5191007,0.10436612367630005,0.9919999837875366,0.8513000011444092
YLR155C,YNL103W,0,-5.51934,0.10435514152050018,0.9919999837875366,0.8514000177383423
YLR382C,YDR011W,0,-5.519991,0.10434416681528091,0.9919999837875366,0.8514999747276306
YOR372C,YDR259C,0,-5.52239,0.10433319211006165,0.9919999837875366,0.8515999913215637
YIL010W,YBL058W,0,-5.52243,0.10432221740484238,0.9919999837875366,0.8517000079154968
YLR160C,YBR066C,0,-5.5232806,0.1043112501502037,0.9919999837875366,0.8518000245094299
YIL124W,YMR199W,0,-5.5232825,0.10430028289556503,0.9919999837875366,0.8518999814987183
YLL038C,YER126C,0,-5.523803,0.10428931564092636,0.9919999837875366,0.8519999980926514
YGL191W,YBL061C,0,-5.5245175,0.10427835583686829,0.9919999837875366,0.8521000146865845
YAL055W,YLR249W,0,-5.524785,0.10426739603281021,0.9919999837875366,0.8521999716758728
YEL066W,YBL002W,1,-5.5249343,0.10436153411865234,0.9929999709129333,0.8521999716758728
YPL098C,YPR134W,0,-5.5262847,0.10435056686401367,0.9929999709129333,0.8522999882698059
YDR122W,YOR083W,0,-5.527115,0.104339599609375,0.9929999709129333,0.852400004863739
YBR193C,YJR035W,0,-5.5278883,0.10432863980531693,0.9929999709129333,0.8525000214576721
YNL027W,YGR128C,0,-5.5287204,0.10431768000125885,0.9929999709129333,0.8525999784469604
YAR019C,YER025W,0,-5.52981,0.10430672019720078,0.9929999709129333,0.8526999950408936
YGL166W,YPL265W,0,-5.53202,0.1042957678437233,0.9929999709129333,0.8528000116348267
YGL045W,YNR064C,0,-5.5322948,0.10428481549024582,0.9929999709129333,0.8529000282287598
YAR019C,YPL040C,0,-5.53268,0.10427386313676834,0.9929999709129333,0.8529999852180481
YJR066W,YHR138C,0,-5.532784,0.10426291823387146,0.9929999709129333,0.8531000018119812
YDR268W,YHL036W,0,-5.535507,0.10425196588039398,0.9929999709129333,0.8532000184059143
YMR301C,YOR229W,0,-5.5360765,0.1042410209774971,0.9929999709129333,0.8532999753952026
YML132W,YJR131W,0,-5.5364532,0.10423008352518082,0.9929999709129333,0.8533999919891357
YLR216C,YGR135W,0,-5.5366197,0.10421914607286453,0.9929999709129333,0.8535000085830688
YBR247C,YER109C,0,-5.5379195,0.10420820862054825,0.9929999709129333,0.853600025177002
YIL115C,YIL013C,0,-5.538043,0.10419727116823196,0.9929999709129333,0.8536999821662903
YDR470C,YJL059W,0,-5.5398846,0.10418634116649628,0.9929999709129333,0.8537999987602234
YPR154W,YHR167W,0,-5.540731,0.10417541116476059,0.9929999709129333,0.8539000153541565
YBR256C,YOL142W,0,-5.5413165,0.1041644811630249,0.9929999709129333,0.8539999723434448
YOR180C,YDR481C,0,-5.5413427,0.10415355861186981,0.9929999709129333,0.8540999889373779
YGR284C,YPR006C,0,-5.541771,0.10414263606071472,0.9929999709129333,0.854200005531311
YOR026W,YMR142C,0,-5.542822,0.10413171350955963,0.9929999709129333,0.8543000221252441
YLR229C,YDR115W,0,-5.5429473,0.10412079095840454,0.9929999709129333,0.8543999791145325
YAL035W,YPL206C,0,-5.5450845,0.10410987585783005,0.9929999709129333,0.8544999957084656
YGR060W,YCR075C,0,-5.545284,0.10409896075725555,0.9929999709129333,0.8546000123023987
YOR221C,YKL086W,0,-5.546473,0.10408805310726166,0.9929999709129333,0.8547000288963318
YJL192C,YLR222C,0,-5.546836,0.10407713800668716,0.9929999709129333,0.8547999858856201
YDL098C,YLR249W,0,-5.5469103,0.10406623035669327,0.9929999709129333,0.8549000024795532
YLR044C,YMR143W,0,-5.5472803,0.10405533015727997,0.9929999709129333,0.8550000190734863
YMR211W,YGR145W,0,-5.5477824,0.10404442250728607,0.9929999709129333,0.8550999760627747
YEL069C,YLR467W,0,-5.548168,0.10403352230787277,0.9929999709129333,0.8551999926567078
YFR008W,YEL057C,0,-5.5488663,0.10402262955904007,0.9929999709129333,0.8553000092506409
YPR002W,YPL144W,0,-5.549373,0.10401172935962677,0.9929999709129333,0.855400025844574
YNL055C,YDL081C,0,-5.5503783,0.10400083661079407,0.9929999709129333,0.8554999828338623
YDR508C,YLR075W,0,-5.5513663,0.10398994386196136,0.9929999709129333,0.8555999994277954
YOL061W,YPL152W,0,-5.552856,0.10397905856370926,0.9929999709129333,0.8557000160217285
YIL048W,YDR324C,0,-5.5528708,0.10396817326545715,0.9929999709129333,0.8557999730110168
YOR173W,YML062C,0,-5.5542793,0.10395728796720505,0.9929999709129333,0.85589998960495
YGL055W,YPL022W,0,-5.5543647,0.10394640266895294,0.9929999709129333,0.8560000061988831
YJR091C,YML073C,0,-5.5551305,0.10393552482128143,0.9929999709129333,0.8561000227928162
YLR221C,YPL258C,0,-5.555526,0.10392464697360992,0.9929999709129333,0.8561999797821045
YLR270W,YCR020C-A,0,-5.5565934,0.10391376912593842,0.9929999709129333,0.8562999963760376
YJL034W,YBR093C,0,-5.5566363,0.1039028987288475,0.9929999709129333,0.8564000129699707
YLR158C,YAL031C,0,-5.5577903,0.10389202833175659,0.9929999709129333,0.8565000295639038
YGR009C,YJR103W,0,-5.5602746,0.10388115793466568,0.9929999709129333,0.8565999865531921
YML132W,YOR254C,0,-5.560674,0.10387029498815536,0.9929999709129333,0.8567000031471252
YOL133W,YNL202W,0,-5.5608196,0.10385943204164505,0.9929999709129333,0.8568000197410583
YPL244C,YCR061W,0,-5.5622964,0.10384856909513474,0.9929999709129333,0.8568999767303467
YHL031C,YHR066W,0,-5.562385,0.10383770614862442,0.9929999709129333,0.8569999933242798
YDL227C,YGR059W,0,-5.56278,0.1038268506526947,0.9929999709129333,0.8571000099182129
YLR380W,YER127W,0,-5.5630603,0.10381599515676498,0.9929999709129333,0.857200026512146
YJR063W,YCR102C,0,-5.5646443,0.10380513966083527,0.9929999709129333,0.8572999835014343
YOL023W,YKR056W,0,-5.5666776,0.10379429161548615,0.9929999709129333,0.8574000000953674
YKR009C,YDL227C,0,-5.567347,0.10378344357013702,0.9929999709129333,0.8575000166893005
YLR141W,YDL109C,0,-5.567749,0.1037725955247879,0.9929999709129333,0.8575999736785889
YPL259C,YJL060W,0,-5.5684943,0.10376175493001938,0.9929999709129333,0.857699990272522
YDL112W,YOR356W,0,-5.570896,0.10375091433525085,0.9929999709129333,0.8578000068664551
YOR100C,YLR394W,0,-5.5710416,0.10374007374048233,0.9929999709129333,0.8579000234603882
YML092C,YIL037C,0,-5.571216,0.1037292405962944,0.9929999709129333,0.8579999804496765
YNL070W,YCL033C,0,-5.5729623,0.10371840745210648,0.9929999709129333,0.8580999970436096
YPL093W,YOR243C,0,-5.5734386,0.10370757430791855,0.9929999709129333,0.8582000136375427
YDR492W,YPR046W,0,-5.574676,0.10369674116373062,0.9929999709129333,0.858299970626831
YLR074C,YGL111W,0,-5.5753317,0.10368591547012329,0.9929999709129333,0.8583999872207642
YOR274W,YFL026W,0,-5.5760536,0.10367508977651596,0.9929999709129333,0.8585000038146973
YER045C,YGR099W,0,-5.5780573,0.10366426408290863,0.9929999709129333,0.8586000204086304
YER114C,YKR003W,0,-5.578335,0.1036534458398819,0.9929999709129333,0.8586999773979187
YOR048C,YJR044C,0,-5.5783596,0.10364262759685516,0.9929999709129333,0.8587999939918518
YBR196C,YNL333W,0,-5.5813437,0.10363180935382843,0.9929999709129333,0.8589000105857849
YAL025C,YOL138C,0,-5.582339,0.1036209985613823,0.9929999709129333,0.859000027179718
YGL012W,YJL141C,0,-5.5838017,0.10361018031835556,0.9929999709129333,0.8590999841690063
YHR178W,YGR141W,0,-5.587472,0.10359937697649002,0.9929999709129333,0.8592000007629395
YNL062C,YLL040C,0,-5.5885324,0.10358856618404388,0.9929999709129333,0.8593000173568726
YKR068C,YER053C,0,-5.5890064,0.10357776284217834,0.9929999709129333,0.8593999743461609
YJR132W,YPL214C,0,-5.589031,0.1035669595003128,0.9929999709129333,0.859499990940094
YJL098W,YDR453C,0,-5.590196,0.10355615615844727,0.9929999709129333,0.8596000075340271
YKL079W,YEL026W,0,-5.5902534,0.10354536026716232,0.9929999709129333,0.8597000241279602
YLR051C,YDR092W,0,-5.5910788,0.10353456437587738,0.9929999709129333,0.8597999811172485
YDL188C,YOL010W,0,-5.5910873,0.10352376848459244,0.9929999709129333,0.8598999977111816
YER143W,YBR043C,0,-5.592429,0.10351298004388809,0.9929999709129333,0.8600000143051147
YDR343C,YHR194W,0,-5.5929413,0.10350219160318375,0.9929999709129333,0.8600999712944031
YML092C,YER087C-A,0,-5.5933046,0.1034914031624794,0.9929999709129333,0.8601999878883362
YLR141W,YNL311C,0,-5.5941,0.10348061472177505,0.9929999709129333,0.8603000044822693
YLR448W,YDR427W,0,-5.5948253,0.1034698337316513,0.9929999709129333,0.8604000210762024
YBL061C,YFL059W,0,-5.595219,0.10345905274152756,0.9929999709129333,0.8604999780654907
YLR372W,YKL099C,0,-5.5953107,0.1034482792019844,0.9929999709129333,0.8605999946594238
YLR318W,YIL070C,0,-5.5958676,0.10343749821186066,0.9929999709129333,0.8607000112533569
YMR013C,YDR259C,0,-5.596885,0.1034267246723175,0.9929999709129333,0.86080002784729
YDR256C,YJR009C,0,-5.598005,0.10341595858335495,0.9929999709129333,0.8608999848365784
YLR423C,YGR241C,0,-5.59959,0.1034051850438118,0.9929999709129333,0.8610000014305115
YMR301C,YBR273C,0,-5.599627,0.10339441895484924,0.9929999709129333,0.8611000180244446
YOL144W,YDL019C,0,-5.59992,0.10338365286588669,0.9929999709129333,0.8611999750137329
YER072W,YEL057C,0,-5.599978,0.10337289422750473,0.9929999709129333,0.861299991607666
YPR199C,YNL045W,0,-5.6004,0.10336212813854218,0.9929999709129333,0.8614000082015991
YAL054C,YHL025W,1,-5.6004796,0.10345545411109924,0.9940000176429749,0.8614000082015991
YPL100W,YOL144W,0,-5.600569,0.10344468802213669,0.9940000176429749,0.8615000247955322
YBL030C,YDR115W,0,-5.601239,0.10343392193317413,0.9940000176429749,0.8615999817848206
YLR186W,YJL056C,0,-5.6014667,0.10342316329479218,0.9940000176429749,0.8616999983787537
YER118C,YIL056W,0,-5.602074,0.10341240465641022,0.9940000176429749,0.8618000149726868
YMR150C,YMR308C,0,-5.602863,0.10340164601802826,0.9940000176429749,0.8618999719619751
YKR099W,YBR084W,0,-5.602982,0.1033908873796463,0.9940000176429749,0.8619999885559082
YEL030W,YNL046W,0,-5.6048737,0.10338013619184494,0.9940000176429749,0.8621000051498413
YAR019C,YAL031C,0,-5.605566,0.10336938500404358,0.9940000176429749,0.8622000217437744
YJR031C,YGR244C,0,-5.6067266,0.10335863381624222,0.9940000176429749,0.8622999787330627
YJR078W,YIL042C,0,-5.6076384,0.10334789007902145,0.9940000176429749,0.8623999953269958
YJL183W,YDR023W,0,-5.607755,0.10333714634180069,0.9940000176429749,0.862500011920929
YHR004C,YEL057C,0,-5.6082487,0.10332640260457993,0.9940000176429749,0.8626000285148621
YLL026W,YLR105C,0,-5.6083007,0.10331566631793976,0.9940000176429749,0.8626999855041504
YLR347C,YGL183C,0,-5.6087165,0.103304922580719,0.9940000176429749,0.8628000020980835
YML121W,YDL148C,0,-5.6093307,0.10329419374465942,0.9940000176429749,0.8629000186920166
YPR001W,YBR008C,0,-5.609377,0.10328345745801926,0.9940000176429749,0.8629999756813049
YGR200C,YGR085C,0,-5.609889,0.10327272862195969,0.9940000176429749,0.863099992275238
YPL058C,YDL109C,0,-5.6099744,0.10326199978590012,0.9940000176429749,0.8632000088691711
YDR055W,YER138C,0,-5.610135,0.10325127094984055,0.9940000176429749,0.8633000254631042
YOR340C,YOR043W,0,-5.610479,0.10324054956436157,0.9940000176429749,0.8633999824523926
YLR361C,YGR244C,0,-5.6108394,0.1032298281788826,0.9940000176429749,0.8634999990463257
YMR080C,YJL080C,1,-5.6118245,0.10332294553518295,0.9950000047683716,0.8634999990463257
YDR116C,YLR193C,0,-5.6138515,0.10331222414970398,0.9950000047683716,0.8636000156402588
YDR386W,YOR004W,0,-5.614124,0.10330149531364441,0.9950000047683716,0.8636999726295471
YJR083C,YPL211W,0,-5.6145415,0.10329077392816544,0.9950000047683716,0.8637999892234802
YDR365C,YLR382C,0,-5.615292,0.10328005254268646,0.9950000047683716,0.8639000058174133
YNL256W,YHR194W,0,-5.617426,0.10326933115720749,0.9950000047683716,0.8640000224113464
YPL259C,YJR059W,0,-5.6174603,0.10325861722230911,0.9950000047683716,0.8640999794006348
YLR284C,YJR103W,0,-5.618592,0.10324789583683014,0.9950000047683716,0.8641999959945679
YGR257C,YBR092C,0,-5.6197634,0.10323718935251236,0.9950000047683716,0.864300012588501
YPL177C,YHR143W-A,0,-5.620394,0.10322647541761398,0.9950000047683716,0.8644000291824341
YFL056C,YLR216C,0,-5.620857,0.1032157689332962,0.9950000047683716,0.8644999861717224
YOR232W,YAL005C,0,-5.6224947,0.10320506244897842,0.9950000047683716,0.8646000027656555
YLR189C,YNL164C,0,-5.6227913,0.10319435596466064,0.9950000047683716,0.8647000193595886
YAL007C,YMR006C,0,-5.6231127,0.10318365693092346,0.9950000047683716,0.864799976348877
YDR424C,YLL011W,0,-5.623549,0.10317295789718628,0.9950000047683716,0.8648999929428101
YKL009W,YML046W,0,-5.6241107,0.1031622588634491,0.9950000047683716,0.8650000095367432
YPR073C,YPL163C,0,-5.624325,0.10315156728029251,0.9950000047683716,0.8651000261306763
YPR021C,YLR080W,0,-5.625438,0.10314087569713593,0.9950000047683716,0.8651999831199646
YGR163W,YEL054C,0,-5.625509,0.10313018411397934,0.9950000047683716,0.8652999997138977
YLL060C,YKL084W,0,-5.6260686,0.10311949253082275,0.9950000047683716,0.8654000163078308
YEL003W,YER127W,0,-5.6260715,0.10310880839824677,0.9950000047683716,0.8654999732971191
YIL034C,YNL282W,0,-5.6261215,0.10309812426567078,0.9950000047683716,0.8655999898910522
YOL108C,YCR083W,0,-5.6268134,0.10308744013309479,0.9950000047683716,0.8657000064849854
YMR275C,YHR039C,0,-5.6313443,0.1030767634510994,0.9950000047683716,0.8658000230789185
YGR229C,YJL222W,0,-5.6348386,0.103066086769104,0.9950000047683716,0.8658999800682068
YHR187W,YPL043W,0,-5.6356273,0.10305541008710861,0.9950000047683716,0.8659999966621399
YMR161W,YNL036W,0,-5.6358194,0.10304474085569382,0.9950000047683716,0.866100013256073
YMR036C,YDR436W,0,-5.6372914,0.10303407162427902,0.9950000047683716,0.8661999702453613
YBR017C,YLR163C,0,-5.638391,0.10302340239286423,0.9950000047683716,0.8662999868392944
YBR244W,YJL101C,0,-5.6394415,0.10301273316144943,0.9950000047683716,0.8664000034332275
YOL088C,YML073C,0,-5.6407294,0.10300207138061523,0.9950000047683716,0.8665000200271606
YDR079W,YMR140W,0,-5.6418447,0.10299140959978104,0.9950000047683716,0.866599977016449
YLR106C,YMR229C,0,-5.6419005,0.10298074781894684,0.9950000047683716,0.8666999936103821
YNL008C,YIL149C,0,-5.6434803,0.10297009348869324,0.9950000047683716,0.8668000102043152
YIL103W,YOL111C,0,-5.6436887,0.10295943915843964,0.9950000047683716,0.8669000267982483
YDR206W,YEL065W,0,-5.6439295,0.10294878482818604,0.9950000047683716,0.8669999837875366
YAL058W,YJR160C,0,-5.644048,0.10293813049793243,0.9950000047683716,0.8671000003814697
YDL142C,YNL123W,0,-5.6442857,0.10292748361825943,0.9950000047683716,0.8672000169754028
YHR066W,YKR001C,0,-5.645581,0.10291683673858643,0.9950000047683716,0.8672999739646912
YGL209W,YMR097C,0,-5.6462817,0.10290619730949402,0.9950000047683716,0.8673999905586243
YLR060W,YPR002W,0,-5.648716,0.10289555042982101,0.9950000047683716,0.8675000071525574
YHR160C,YIL138C,0,-5.6488256,0.10288491100072861,0.9950000047683716,0.8676000237464905
YLR411W,YML123C,0,-5.6521726,0.1028742790222168,0.9950000047683716,0.8676999807357788
YJL042W,YGL229C,0,-5.6538363,0.10286363959312439,0.9950000047683716,0.8677999973297119
YOR198C,YJL005W,0,-5.656078,0.10285300761461258,0.9950000047683716,0.867900013923645
YNL286W,YOR216C,0,-5.656135,0.10284237563610077,0.9950000047683716,0.8679999709129333
YCR040W,YGR085C,0,-5.6567974,0.10283175110816956,0.9950000047683716,0.8680999875068665
YBR205W,YOR338W,0,-5.657349,0.10282111912965775,0.9950000047683716,0.8682000041007996
YOR031W,YOR162C,0,-5.658012,0.10281049460172653,0.9950000047683716,0.8683000206947327
YCL016C,YGR055W,0,-5.65883,0.10279987752437592,0.9950000047683716,0.868399977684021
YBL022C,YJR143C,0,-5.6596994,0.1027892529964447,0.9950000047683716,0.8684999942779541
YBR247C,YGL016W,0,-5.6597424,0.10277863591909409,0.9950000047683716,0.8686000108718872
YNL314W,YGL087C,0,-5.6601434,0.10276802629232407,0.9950000047683716,0.8687000274658203
YPL227C,YPL203W,0,-5.6616044,0.10275740921497345,0.9950000047683716,0.8687999844551086
YCL039W,YFR050C,0,-5.6632404,0.10274679958820343,0.9950000047683716,0.8689000010490417
YKL004W,YNL051W,0,-5.6637506,0.10273618996143341,0.9950000047683716,0.8690000176429749
YER052C,YBR152W,0,-5.665916,0.10272558033466339,0.9950000047683716,0.8690999746322632
YPL170W,YAL059W,0,-5.666079,0.10271497815847397,0.9950000047683716,0.8691999912261963
YDR421W,YLR048W,0,-5.6666884,0.10270437598228455,0.9950000047683716,0.8693000078201294
YGR112W,YNL299W,0,-5.667293,0.10269377380609512,0.9950000047683716,0.8694000244140625
YPL117C,YNL075W,0,-5.668298,0.1026831790804863,0.9950000047683716,0.8694999814033508
YAL030W,YJL139C,0,-5.6691394,0.10267258435487747,0.9950000047683716,0.8695999979972839
YML118W,YER171W,0,-5.6693444,0.10266198962926865,0.9950000047683716,0.869700014591217
YPR103W,YMR302C,0,-5.6694665,0.10265139490365982,0.9950000047683716,0.8697999715805054
YKL150W,YDR443C,0,-5.6712184,0.10264080762863159,0.9950000047683716,0.8698999881744385
YOR319W,YOR338W,0,-5.6740055,0.10263022035360336,0.9950000047683716,0.8700000047683716
YOL071W,YPL091W,0,-5.675137,0.10261964052915573,0.9950000047683716,0.8701000213623047
YKR027W,YOR018W,0,-5.6751404,0.1026090532541275,0.9950000047683716,0.870199978351593
YDR376W,YOR294W,0,-5.6782265,0.10259847342967987,0.9950000047683716,0.8702999949455261
YPR193C,YGL014W,1,-5.6786966,0.10269100219011307,0.9959999918937683,0.8702999949455261
YGR083C,YJL214W,0,-5.6794224,0.10268041491508484,0.9959999918937683,0.8704000115394592
YLR324W,YMR308C,0,-5.6834607,0.10266982764005661,0.9959999918937683,0.8705000281333923
YMR116C,YFR014C,0,-5.683806,0.10265924781560898,0.9959999918937683,0.8705999851226807
YGL115W,YGR128C,0,-5.684191,0.10264866799116135,0.9959999918937683,0.8707000017166138
YPR120C,YGL187C,0,-5.6848054,0.10263808816671371,0.9959999918937683,0.8708000183105469
YER002W,YOR129C,0,-5.68543,0.10262750834226608,0.9959999918937683,0.8708999752998352
YJR070C,YLR043C,0,-5.6857495,0.10261693596839905,0.9959999918937683,0.8709999918937683
YJL146W,YOR294W,0,-5.686629,0.10260636359453201,0.9959999918937683,0.8711000084877014
YPL012W,YKL212W,0,-5.6883307,0.10259579867124557,0.9959999918937683,0.8712000250816345
YGR284C,YLR382C,0,-5.688988,0.10258523374795914,0.9959999918937683,0.8712999820709229
YKL053C-A,YPL020C,0,-5.689457,0.1025746688246727,0.9959999918937683,0.871399998664856
YGL038C,YOR095C,0,-5.690636,0.10256410390138626,0.9959999918937683,0.8715000152587891
YPL126W,YOR162C,0,-5.690767,0.10255353897809982,0.9959999918937683,0.8715999722480774
YOL013C,YOL135C,0,-5.6910915,0.10254298150539398,0.9959999918937683,0.8716999888420105
YEL042W,YPL147W,0,-5.69307,0.10253242403268814,0.9959999918937683,0.8718000054359436
YLR186W,YHR079C-A,0,-5.6951575,0.1025218740105629,0.9959999918937683,0.8719000220298767
YGL195W,YEL012W,0,-5.695354,0.10251132398843765,0.9959999918937683,0.871999979019165
YPR185W,YPL028W,0,-5.6957636,0.10250077396631241,0.9959999918937683,0.8720999956130981
YLR195C,YJL191W,0,-5.6958656,0.10249022394418716,0.9959999918937683,0.8722000122070312
YMR135C,YOR373W,0,-5.6959467,0.10247968137264252,0.9959999918937683,0.8723000288009644
YJR074W,YNL131W,0,-5.6973166,0.10246913880109787,0.9959999918937683,0.8723999857902527
YOR076C,YCL020W,0,-5.697835,0.10245859622955322,0.9959999918937683,0.8725000023841858
YJL034W,YCR035C,0,-5.69912,0.10244805365800858,0.9959999918937683,0.8726000189781189
YFL057C,YER005W,0,-5.6992655,0.10243751853704453,0.9959999918937683,0.8726999759674072
YNL159C,YLR382C,0,-5.6995673,0.10242698341608047,0.9959999918937683,0.8727999925613403
YMR309C,YPL031C,0,-5.700043,0.10241645574569702,0.9959999918937683,0.8729000091552734
YMR012W,YIL103W,0,-5.7006927,0.10240592062473297,0.9959999918937683,0.8730000257492065
YNL202W,YPL203W,0,-5.7017703,0.10239539295434952,0.9959999918937683,0.8730999827384949
YGL256W,YNL045W,0,-5.701983,0.10238486528396606,0.9959999918937683,0.873199999332428
YHR092C,YBR193C,0,-5.704617,0.10237434506416321,0.9959999918937683,0.8733000159263611
YNL275W,YIR019C,0,-5.7049336,0.10236382484436035,0.9959999918937683,0.8733999729156494
YBR247C,YMR067C,0,-5.7060547,0.1023533046245575,0.9959999918937683,0.8734999895095825
YOR245C,YOR363C,0,-5.706865,0.10234278440475464,0.9959999918937683,0.8736000061035156
YNL159C,YGR185C,0,-5.707265,0.10233227163553238,0.9959999918937683,0.8737000226974487
YAR002C-A,YOR143C,0,-5.707292,0.10232175886631012,0.9959999918937683,0.8737999796867371
YHR055C,YJR035W,0,-5.707986,0.10231124609708786,0.9959999918937683,0.8738999962806702
YHL020C,YGL104C,0,-5.710265,0.1023007407784462,0.9959999918937683,0.8740000128746033
YPL171C,YAL068C,0,-5.7104836,0.10229023545980453,0.9959999918937683,0.8741000294685364
YLR074C,YBR092C,0,-5.711208,0.10227973014116287,0.9959999918937683,0.8741999864578247
YPL249C,YKL081W,0,-5.711571,0.10226922482252121,0.9959999918937683,0.8743000030517578
YKL064W,YNR064C,0,-5.7119775,0.10225872695446014,0.9959999918937683,0.8744000196456909
YDR508C,YHR138C,0,-5.712147,0.10224822908639908,0.9959999918937683,0.8744999766349792
YCR035C,YMR190C,0,-5.7131467,0.10223773121833801,0.9959999918937683,0.8745999932289124
YKR099W,YLR060W,0,-5.714461,0.10222724080085754,0.9959999918937683,0.8747000098228455
YGL054C,YDR115W,0,-5.716601,0.10221675038337708,0.9959999918937683,0.8748000264167786
YGL247W,YDL226C,0,-5.7167435,0.1022062599658966,0.9959999918937683,0.8748999834060669
YDR206W,YKR065C,0,-5.7178445,0.10219576954841614,0.9959999918937683,0.875
YGR055W,YDR320C,0,-5.7179704,0.10218528658151627,0.9959999918937683,0.8751000165939331
YDR040C,YER117W,0,-5.718259,0.1021748036146164,0.9959999918937683,0.8751999735832214
YPL249C,YGR085C,0,-5.719136,0.10216432809829712,0.9959999918937683,0.8752999901771545
YNL274C,YCR014C,0,-5.7192025,0.10215384513139725,0.9959999918937683,0.8754000067710876
YFR027W,YPL123C,0,-5.7201476,0.10214336961507797,0.9959999918937683,0.8755000233650208
YHR187W,YOR297C,0,-5.720713,0.1021328940987587,0.9959999918937683,0.8755999803543091
YOR380W,YGL095C,0,-5.7261004,0.10212242603302002,0.9959999918937683,0.8756999969482422
YER143W,YKL068W,0,-5.7270346,0.10211195051670074,0.9959999918937683,0.8758000135421753
YKL021C,YDL230W,0,-5.72933,0.10210148990154266,0.9959999918937683,0.8758999705314636
YGL144C,YDR324C,0,-5.7293434,0.10209102183580399,0.9959999918937683,0.8759999871253967
YOL065C,YBR142W,0,-5.7297177,0.1020805612206459,0.9959999918937683,0.8761000037193298
YPL127C,YLL056C,0,-5.729761,0.10207009315490723,0.9959999918937683,0.8762000203132629
YBR280C,YNR064C,0,-5.7314196,0.10205963999032974,0.9959999918937683,0.8762999773025513
YPL078C,YER053C,0,-5.733508,0.10204917937517166,0.9959999918937683,0.8763999938964844
YOR031W,YDR346C,0,-5.7339044,0.10203872621059418,0.9959999918937683,0.8765000104904175
YBL080C,YLR264W,0,-5.7340617,0.1020282730460167,0.9959999918937683,0.8766000270843506
YPL145C,YIL077C,0,-5.7347426,0.10201781988143921,0.9959999918937683,0.8766999840736389
YER012W,YLL034C,0,-5.7354584,0.10200737416744232,0.9959999918937683,0.876800000667572
YNR027W,YLR172C,0,-5.735858,0.10199692845344543,0.9959999918937683,0.8769000172615051
YLR190W,YKL086W,0,-5.736708,0.10198648273944855,0.9959999918937683,0.8769999742507935
YNL256W,YER162C,0,-5.7386575,0.10197604447603226,0.9959999918937683,0.8770999908447266
YPL196W,YJR153W,0,-5.73892,0.10196559876203537,0.9959999918937683,0.8772000074386597
YPR006C,YNL054W,0,-5.739695,0.10195516794919968,0.9959999918937683,0.8773000240325928
YDR085C,YLR071C,0,-5.740957,0.10194472968578339,0.9959999918937683,0.8773999810218811
YER183C,YBR126C,0,-5.741639,0.10193429887294769,0.9959999918937683,0.8774999976158142
YPL093W,YDR228C,0,-5.7420683,0.1019238606095314,0.9959999918937683,0.8776000142097473
YNL233W,YML080W,0,-5.742094,0.1019134372472763,0.9959999918937683,0.8776999711990356
YIR041W,YLR324W,0,-5.7424707,0.10190300643444061,0.9959999918937683,0.8777999877929688
YOR078W,YBR030W,0,-5.7427306,0.10189258307218552,0.9959999918937683,0.8779000043869019
YBR059C,YNL094W,0,-5.7437496,0.10188215970993042,0.9959999918937683,0.878000020980835
YER002W,YKL122C,0,-5.744286,0.10187173634767532,0.9959999918937683,0.8780999779701233
YMR308C,YJL011C,0,-5.7446084,0.10186132043600082,0.9959999918937683,0.8781999945640564
YDR309C,YIL118W,0,-5.7447176,0.10185090452432632,0.9959999918937683,0.8783000111579895
YJL060W,YDR076W,0,-5.7469954,0.10184048861265182,0.9959999918937683,0.8784000277519226
YPL240C,YKL145W,0,-5.74885,0.10183008015155792,0.9959999918937683,0.8784999847412109
YPR067W,YNL151C,0,-5.7489266,0.10181967169046402,0.9959999918937683,0.878600001335144
YHR007C,YDL045C,0,-5.750221,0.10180926322937012,0.9959999918937683,0.8787000179290771
YML036W,YMR081C,0,-5.7512913,0.10179885476827621,0.9959999918937683,0.8787999749183655
YOR113W,YDR492W,0,-5.7526927,0.10178845375776291,0.9959999918937683,0.8788999915122986
YGL004C,YEL057C,0,-5.7528424,0.1017780527472496,0.9959999918937683,0.8790000081062317
YCR005C,YER087C-B,0,-5.753898,0.1017676517367363,0.9959999918937683,0.8791000247001648
YLR084C,YBL034C,0,-5.7542806,0.10175725072622299,0.9959999918937683,0.8791999816894531
YEL042W,YLR430W,0,-5.75669,0.10174685716629028,0.9959999918937683,0.8792999982833862
YHR139C,YKL056C,0,-5.7569637,0.10173646360635757,0.9959999918937683,0.8794000148773193
YLL042C,YKR056W,0,-5.758475,0.10172607749700546,0.9959999918937683,0.8794999718666077
YER006W,YKR031C,0,-5.7585607,0.10171568393707275,0.9959999918937683,0.8795999884605408
YJR017C,YBR214W,0,-5.7588954,0.10170529782772064,0.9959999918937683,0.8797000050544739
YDR218C,YLR466W,0,-5.763115,0.10169491171836853,0.9959999918937683,0.879800021648407
YLL035W,YCR073W-A,0,-5.763835,0.10168453305959702,0.9959999918937683,0.8798999786376953
YLR068W,YJR094C,0,-5.764381,0.1016741544008255,0.9959999918937683,0.8799999952316284
YOR310C,YIL056W,0,-5.764384,0.10166377574205399,0.9959999918937683,0.8801000118255615
YMR220W,YMR314W,0,-5.766083,0.10165339708328247,0.9959999918937683,0.8802000284194946
YBR029C,YDL216C,0,-5.7663207,0.10164302587509155,0.9959999918937683,0.880299985408783
YOR043W,YKL196C,0,-5.7680078,0.10163265466690063,0.9959999918937683,0.8804000020027161
YDR511W,YDL213C,0,-5.7686925,0.10162228345870972,0.9959999918937683,0.8805000185966492
YLR158C,YGR212W,0,-5.7688775,0.1016119122505188,0.9959999918937683,0.8805999755859375
YIR041W,YPR182W,0,-5.770343,0.10160154849290848,0.9959999918937683,0.8806999921798706
YIL019W,YLR192C,0,-5.7705493,0.10159118473529816,0.9959999918937683,0.8808000087738037
YOR245C,YAL068C,0,-5.772069,0.10158082842826843,0.9959999918937683,0.8809000253677368
YMR029C,YNR032W,0,-5.772756,0.10157046467065811,0.9959999918937683,0.8809999823570251
YGR206W,YGL006W,0,-5.7738886,0.10156010836362839,0.9959999918937683,0.8810999989509583
YHR039C,YPR165W,0,-5.776481,0.10154975205659866,0.9959999918937683,0.8812000155448914
YHL040C,YOR180C,0,-5.777124,0.10153940320014954,0.9959999918937683,0.8812999725341797
YML080W,YEL024W,0,-5.7786565,0.10152905434370041,0.9959999918937683,0.8813999891281128
YDR317W,YDR345C,0,-5.782087,0.10151870548725128,0.9959999918937683,0.8815000057220459
YNL294C,YOR294W,0,-5.7822404,0.10150835663080215,0.9959999918937683,0.881600022315979
YDL031W,YMR292W,0,-5.784811,0.10149801522493362,0.9959999918937683,0.8816999793052673
YPR164W,YDR178W,0,-5.7849717,0.1014876738190651,0.9959999918937683,0.8817999958992004
YKL134C,YDR443C,0,-5.786033,0.10147733241319656,0.9959999918937683,0.8819000124931335
YJL073W,YOL091W,0,-5.7860594,0.10146699100732803,0.9959999918937683,0.8820000290870667
YMR202W,YNL312W,0,-5.7862115,0.1014566570520401,0.9959999918937683,0.882099986076355
YEL042W,YGL169W,0,-5.787193,0.10144632309675217,0.9959999918937683,0.8822000026702881
YNL008C,YKL064W,0,-5.7877793,0.10143598914146423,0.9959999918937683,0.8823000192642212
YKL086W,YPR074C,0,-5.7879567,0.1014256626367569,0.9959999918937683,0.8823999762535095
YGL208W,YGR129W,0,-5.7891355,0.10141533613204956,0.9959999918937683,0.8824999928474426
YKL203C,YPL283C,0,-5.790093,0.10140500962734222,0.9959999918937683,0.8826000094413757
YCR005C,YJR043C,0,-5.791769,0.10139468312263489,0.9959999918937683,0.8827000260353088
YDR508C,YDR129C,0,-5.791982,0.10138436406850815,0.9959999918937683,0.8827999830245972
YLR216C,YOR080W,0,-5.792044,0.10137404501438141,0.9959999918937683,0.8828999996185303
YDL149W,YPL028W,0,-5.793713,0.10136372596025467,0.9959999918937683,0.8830000162124634
YHR016C,YIL029C,0,-5.7952952,0.10135341435670853,0.9959999918937683,0.8830999732017517
YBR110W,YMR290C,0,-5.795527,0.10134310275316238,0.9959999918937683,0.8831999897956848
YJL196C,YNL046W,0,-5.798475,0.10133279114961624,0.9959999918937683,0.8833000063896179
YFL009W,YCL054W,0,-5.798871,0.1013224795460701,0.9959999918937683,0.883400022983551
YNL275W,YDL208W,0,-5.7993016,0.10131217539310455,0.9959999918937683,0.8834999799728394
YNR044W,YDR515W,0,-5.79947,0.10130187124013901,0.9959999918937683,0.8835999965667725
YJL214W,YDR177W,0,-5.800576,0.10129156708717346,0.9959999918937683,0.8837000131607056
YLR060W,YCR020C,0,-5.8019586,0.10128127038478851,0.9959999918937683,0.8838000297546387
YNL312W,YOL129W,0,-5.802278,0.10127097368240356,0.9959999918937683,0.883899986743927
YDL145C,YMR190C,0,-5.802425,0.10126067698001862,0.9959999918937683,0.8840000033378601
YBR193C,YPL203W,0,-5.803058,0.10125038027763367,0.9959999918937683,0.8841000199317932
YKL194C,YDR382W,0,-5.804314,0.10124009102582932,0.9959999918937683,0.8841999769210815
YDL213C,YOR338W,0,-5.805556,0.10122980177402496,0.9959999918937683,0.8842999935150146
YPR046W,YGL104C,0,-5.8091183,0.10121951252222061,0.9959999918937683,0.8844000101089478
YGR097W,YBL039C,0,-5.809686,0.10120922327041626,0.9959999918937683,0.8845000267028809
YGL105W,YGL205W,0,-5.8108993,0.1011989414691925,0.9959999918937683,0.8845999836921692
YMR097C,YGR183C,0,-5.8112793,0.10118865966796875,0.9959999918937683,0.8847000002861023
YDR365C,YDL224C,0,-5.8115487,0.10117838531732559,0.9959999918937683,0.8848000168800354
YLR129W,YAL056W,0,-5.814619,0.10116810351610184,0.9959999918937683,0.8848999738693237
YOR078W,YNL073W,0,-5.8163238,0.10115782916545868,0.9959999918937683,0.8849999904632568
YER001W,YCR028C-A,0,-5.816705,0.10114755481481552,0.9959999918937683,0.8851000070571899
YOR028C,YPL171C,0,-5.820356,0.10113728791475296,0.9959999918937683,0.885200023651123
YLR397C,YNL037C,0,-5.8208084,0.1011270210146904,0.9959999918937683,0.8852999806404114
YDR023W,YER024W,0,-5.824171,0.10111675411462784,0.9959999918937683,0.8853999972343445
YPR167C,YJL108C,0,-5.8247237,0.10110648721456528,0.9959999918937683,0.8855000138282776
YDR099W,YPL249C,0,-5.8253045,0.10109622776508331,0.9959999918937683,0.8855999708175659
YOR326W,YCL054W,0,-5.825641,0.10108596086502075,0.9959999918937683,0.885699987411499
YCR005C,YGL181W,0,-5.82706,0.10107570886611938,0.9959999918937683,0.8858000040054321
YHR061C,YHR008C,0,-5.8271317,0.10106544941663742,0.9959999918937683,0.8859000205993652
YHR068W,YJR035W,0,-5.8296638,0.10105519741773605,0.9959999918937683,0.8859999775886536
YDL140C,YJR026W,0,-5.83028,0.10104494541883469,0.9959999918937683,0.8860999941825867
YJR144W,YHR163W,0,-5.830852,0.10103469341993332,0.9959999918937683,0.8862000107765198
YPL266W,YOL147C,0,-5.830868,0.10102444142103195,0.9959999918937683,0.8863000273704529
YER179W,YDR446W,0,-5.8326917,0.10101419687271118,0.9959999918937683,0.8863999843597412
YLR214W,YBR256C,0,-5.8342023,0.10100395232439041,0.9959999918937683,0.8865000009536743
YHR067W,YKR056W,0,-5.834374,0.10099371522665024,0.9959999918937683,0.8866000175476074
YBR091C,YHR065C,0,-5.8355293,0.10098347067832947,0.9959999918937683,0.8866999745368958
YPR001W,YNL075W,0,-5.8360057,0.1009732335805893,0.9959999918937683,0.8867999911308289
YLL008W,YDR160W,0,-5.8365364,0.10096300393342972,0.9959999918937683,0.886900007724762
YPL043W,YPR108W,0,-5.836547,0.10095276683568954,0.9959999918937683,0.8870000243186951
YPR021C,YLR448W,0,-5.837429,0.10094253718852997,0.9959999918937683,0.8870999813079834
YOR316C,YMR239C,0,-5.8398585,0.10093230754137039,0.9959999918937683,0.8871999979019165
YHR052W,YJL140W,0,-5.8411217,0.10092207789421082,0.9959999918937683,0.8873000144958496
YOL001W,YKL144C,0,-5.8414764,0.10091185569763184,0.9959999918937683,0.8873999714851379
YGL068W,YIL105C,0,-5.842032,0.10090163350105286,0.9959999918937683,0.887499988079071
YNR019W,YOR174W,0,-5.84286,0.10089141130447388,0.9959999918937683,0.8876000046730042
YLR157C,YLR467W,0,-5.8447766,0.1008811891078949,0.9959999918937683,0.8877000212669373
YDR492W,YPL190C,0,-5.8487,0.10087097436189651,0.9959999918937683,0.8877999782562256
YKL213C,YGR195W,0,-5.8495855,0.10086075961589813,0.9959999918937683,0.8878999948501587
YMR004W,YLR264W,0,-5.849726,0.10085054486989975,0.9959999918937683,0.8880000114440918
YOR005C,YOL124C,0,-5.851644,0.10084033757448196,0.9959999918937683,0.8881000280380249
YLR102C,YCR098C,0,-5.8518395,0.10083013027906418,0.9959999918937683,0.8881999850273132
YGL087C,YDL212W,0,-5.8539395,0.10081992298364639,0.9959999918937683,0.8883000016212463
YIR033W,YNL248C,0,-5.854117,0.10080971568822861,0.9959999918937683,0.8884000182151794
YNR016C,YOR243C,0,-5.855812,0.10079951584339142,0.9959999918937683,0.8884999752044678
YDR273W,YDR082W,0,-5.857329,0.10078931599855423,0.9959999918937683,0.8885999917984009
YOL077C,YJL098W,0,-5.857346,0.10077911615371704,0.9959999918937683,0.888700008392334
YOR011W,YOR338W,0,-5.8574095,0.10076891630887985,0.9959999918937683,0.8888000249862671
YOL080C,YOR014W,0,-5.8586435,0.10075872391462326,0.9959999918937683,0.8888999819755554
YMR150C,YGR209C,0,-5.8603373,0.10074853152036667,0.9959999918937683,0.8889999985694885
YJL095W,YHR055C,0,-5.8610253,0.10073834657669067,0.9959999918937683,0.8891000151634216
YOR078W,YLR435W,0,-5.8616967,0.10072815418243408,0.9959999918937683,0.88919997215271
YER042W,YNL015W,0,-5.862465,0.10071796923875809,0.9959999918937683,0.8892999887466431
YJR033C,YOL010W,0,-5.8625107,0.10070778429508209,0.9959999918937683,0.8894000053405762
YOR208W,YMR229C,0,-5.8627543,0.1006976068019867,0.9959999918937683,0.8895000219345093
YHR092C,YPL276W,0,-5.8631177,0.1006874218583107,0.9959999918937683,0.8895999789237976
YIL034C,YOR329C,0,-5.8637023,0.1006772443652153,0.9959999918937683,0.8896999955177307
YNL282W,YGR197C,0,-5.8645773,0.1006670743227005,0.9959999918937683,0.8898000121116638
YHR190W,YDR342C,0,-5.8646235,0.1006568968296051,0.9959999918937683,0.8899000287055969
YKL021C,YIL053W,0,-5.8648324,0.1006467267870903,0.9959999918937683,0.8899999856948853
YBR070C,YBR097W,0,-5.866689,0.1006365567445755,0.9959999918937683,0.8901000022888184
YPL231W,YJL033W,0,-5.867588,0.1006263867020607,0.9959999918937683,0.8902000188827515
YBR110W,YNL248C,0,-5.8677936,0.1006162241101265,0.9959999918937683,0.8902999758720398
YNL314W,YPL012W,0,-5.868461,0.10060606151819229,0.9959999918937683,0.8903999924659729
YPL140C,YPR191W,0,-5.8686585,0.10059589892625809,0.9959999918937683,0.890500009059906
YDR423C,YPR137W,0,-5.8700523,0.10058574378490448,0.9959999918937683,0.8906000256538391
YJL101C,YER009W,0,-5.8718967,0.10057558119297028,0.9959999918937683,0.8906999826431274
YPR112C,YIL066C,0,-5.8723216,0.10056542605161667,0.9959999918937683,0.8907999992370605
YOR100C,YDR453C,0,-5.8741403,0.10055527836084366,0.9959999918937683,0.8909000158309937
YPR199C,YDL022W,0,-5.8755,0.10054512321949005,0.9959999918937683,0.890999972820282
YJL122W,YFL011W,0,-5.876051,0.10053497552871704,0.9959999918937683,0.8910999894142151
YLR219W,YKL057C,0,-5.8765693,0.10052482783794403,0.9959999918937683,0.8912000060081482
YIL007C,YBR035C,0,-5.880398,0.10051468014717102,0.9959999918937683,0.8913000226020813
YNL331C,YJR103W,0,-5.8806376,0.10050453990697861,0.9959999918937683,0.8913999795913696
YDL088C,YDR273W,0,-5.8813634,0.1004943996667862,0.9959999918937683,0.8914999961853027
YAR015W,YPL249C,0,-5.881697,0.10048425942659378,0.9959999918937683,0.8916000127792358
YLR158C,YOR173W,0,-5.8822684,0.10047412663698196,0.9959999918937683,0.891700029373169
YKL110C,YGL006W,0,-5.8825727,0.10046399384737015,0.9959999918937683,0.8917999863624573
YFL022C,YML097C,0,-5.883037,0.10045386105775833,0.9959999918937683,0.8919000029563904
YMR239C,YKL056C,0,-5.8845296,0.10044372826814651,0.9959999918937683,0.8920000195503235
YNL001W,YCL059C,0,-5.888249,0.1004335954785347,0.9959999918937683,0.8920999765396118
YPL177C,YMR246W,0,-5.890399,0.10042347013950348,0.9959999918937683,0.8921999931335449
YJR143C,YOR084W,0,-5.8910584,0.10041334480047226,0.9959999918937683,0.892300009727478
YKL053C-A,YPL012W,0,-5.8911242,0.10040322691202164,0.9959999918937683,0.8924000263214111
YNL163C,YEL054C,0,-5.8922033,0.10039310902357101,0.9959999918937683,0.8924999833106995
YNL008C,YNL045W,0,-5.893456,0.1003829836845398,0.9959999918937683,0.8925999999046326
YNR058W,YPR182W,0,-5.893574,0.10037287324666977,0.9959999918937683,0.8927000164985657
YOR361C,YPR108W,0,-5.8944907,0.10036275535821915,0.9959999918937683,0.892799973487854
YMR190C,YPL203W,0,-5.895162,0.10035264492034912,0.9959999918937683,0.8928999900817871
YPL095C,YCR081W,0,-5.895537,0.1003425344824791,0.9959999918937683,0.8930000066757202
YAL025C,YPR113W,0,-5.8963504,0.10033242404460907,0.9959999918937683,0.8931000232696533
YGL183C,YBR066C,0,-5.897206,0.10032232105731964,0.9959999918937683,0.8931999802589417
YKL086W,YDR027C,0,-5.898402,0.10031221807003021,0.9959999918937683,0.8932999968528748
YKL182W,YOR341W,0,-5.8992763,0.10030211508274078,0.9959999918937683,0.8934000134468079
YBR155W,YLR216C,0,-5.8993874,0.10029201209545135,0.9959999918937683,0.8934999704360962
YBR020W,YCR072C,0,-5.9001107,0.10028191655874252,0.9959999918937683,0.8935999870300293
YKL149C,YPL093W,0,-5.900909,0.10027182102203369,0.9959999918937683,0.8937000036239624
YGR200C,YGL205W,0,-5.9018154,0.10026172548532486,0.9959999918937683,0.8938000202178955
YDL046W,YDR515W,0,-5.902433,0.10025163739919662,0.9959999918937683,0.8938999772071838
YIL066C,YOL028C,0,-5.903845,0.10024154931306839,0.9959999918937683,0.8939999938011169
YGL142C,YGR008C,0,-5.90404,0.10023146122694016,0.9959999918937683,0.89410001039505
YOR250C,YBR280C,0,-5.9043083,0.10022137314081192,0.9959999918937683,0.8942000269889832
YIL142W,YPL006W,0,-5.9045825,0.10021129250526428,0.9959999918937683,0.8942999839782715
YCL025C,YER118C,0,-5.905896,0.10020120441913605,0.9959999918937683,0.8944000005722046
YGR177C,YAL040C,0,-5.9070773,0.100191131234169,0.9959999918937683,0.8945000171661377
YLR009W,YBR082C,0,-5.908302,0.10018105059862137,0.9959999918937683,0.894599974155426
YLR324W,YJL166W,0,-5.9083605,0.10017097741365433,0.9959999918937683,0.8946999907493591
YLR158C,YCR014C,0,-5.908793,0.10016090422868729,0.9959999918937683,0.8948000073432922
YDR423C,YPL086C,0,-5.9101624,0.10015083104372025,0.9959999918937683,0.8949000239372253
YMR136W,YOR027W,0,-5.912194,0.1001407578587532,0.9959999918937683,0.8949999809265137
YPL097W,YJL141C,0,-5.9136057,0.10013069212436676,0.9959999918937683,0.8950999975204468
YMR116C,YBR159W,0,-5.915076,0.10012062638998032,0.9959999918937683,0.8952000141143799
YAR015W,YPR108W,0,-5.915592,0.10011056065559387,0.9959999918937683,0.8952999711036682
YMR135C,YMR293C,0,-5.9162126,0.10010050237178802,0.9959999918937683,0.8953999876976013
YMR011W,YML049C,0,-5.916983,0.10009044408798218,0.9959999918937683,0.8955000042915344
YER006W,YPR065W,0,-5.917802,0.10008038580417633,0.9959999918937683,0.8956000208854675
YER073W,YLR372W,0,-5.9190793,0.10007032752037048,0.9959999918937683,0.8956999778747559
YFL057C,YGL071W,0,-5.919383,0.10006027668714523,0.9959999918937683,0.895799994468689
YOR074C,YPL058C,0,-5.922317,0.10005022585391998,0.9959999918937683,0.8959000110626221
YER167W,YKL081W,0,-5.924896,0.10004017502069473,0.9959999918937683,0.8960000276565552
YJL122W,YGR195W,0,-5.92599,0.10003013163805008,0.9959999918937683,0.8960999846458435
YAL059W,YNL282W,0,-5.926393,0.10002008080482483,0.9959999918937683,0.8962000012397766
YNL111C,YML059C,0,-5.927647,0.10001004487276077,0.9959999918937683,0.8963000178337097
YMR081C,YBR257W,0,-5.928633,0.10000000149011612,0.9959999918937683,0.896399974822998
YAR002C-A,YPL026C,0,-5.9301896,0.09998995810747147,0.9959999918937683,0.8964999914169312
YLR342W,YCL026C-A,0,-5.9314327,0.09997992217540741,0.9959999918937683,0.8966000080108643
YHR042W,YOR084W,0,-5.934404,0.09996988624334335,0.9959999918937683,0.8967000246047974
YNL053W,YHR016C,0,-5.93493,0.0999598577618599,0.9959999918937683,0.8967999815940857
YNR001C,YIL016W,0,-5.935365,0.09994982182979584,0.9959999918937683,0.8968999981880188
YHL038C,YJL005W,0,-5.936498,0.09993979334831238,0.9959999918937683,0.8970000147819519
YBR008C,YEL050C,0,-5.9375825,0.09992976486682892,0.9959999918937683,0.8970999717712402
YKL205W,YGR245C,0,-5.937718,0.09991974383592606,0.9959999918937683,0.8971999883651733
YDR085C,YCR026C,0,-5.9419003,0.0999097228050232,0.9959999918937683,0.8973000049591064
YFR050C,YML029W,0,-5.94216,0.09989970177412033,0.9959999918937683,0.8974000215530396
YPL217C,YDR175C,0,-5.944993,0.09988968074321747,0.9959999918937683,0.8974999785423279
YDR450W,YKL178C,0,-5.945947,0.0998796597123146,0.9959999918937683,0.897599995136261
YDR131C,YIL029C,0,-5.9459686,0.09986964613199234,0.9959999918937683,0.8977000117301941
YDR206W,YNL015W,0,-5.9470787,0.09985963255167007,0.9959999918937683,0.8978000283241272
YNL036W,YOL072W,0,-5.9472675,0.0998496264219284,0.9959999918937683,0.8978999853134155
YPL170W,YDR164C,0,-5.9475536,0.09983961284160614,0.9959999918937683,0.8980000019073486
YOL001W,YNL339C,0,-5.947851,0.09982960671186447,0.9959999918937683,0.8981000185012817
YLL008W,YGL098W,0,-5.948728,0.0998196005821228,0.9959999918937683,0.8981999754905701
YHR170W,YNL334C,0,-5.9490805,0.09980960190296173,0.9959999918937683,0.8982999920845032
YOR031W,YDR058C,0,-5.9497004,0.09979959577322006,0.9959999918937683,0.8984000086784363
YEL069C,YDR449C,0,-5.95058,0.09978959709405899,0.9959999918937683,0.8985000252723694
YLR216C,YDR365C,0,-5.950702,0.09977960586547852,0.9959999918937683,0.8985999822616577
YNL112W,YLR316C,0,-5.9524326,0.09976960718631744,0.9959999918937683,0.8986999988555908
YPR175W,YML130C,0,-5.954951,0.09975961595773697,0.9959999918937683,0.8988000154495239
YKL093W,YIL073C,0,-5.955136,0.0997496247291565,0.9959999918937683,0.8988999724388123
YML036W,YOL101C,0,-5.95641,0.09973963350057602,0.9959999918937683,0.8989999890327454
YDR258C,YER024W,0,-5.957022,0.09972964972257614,0.9959999918937683,0.8991000056266785
YGR225W,YKL035W,0,-5.9573827,0.09971966594457626,0.9959999918937683,0.8992000222206116
YDR021W,YPR067W,0,-5.9619403,0.09970968216657639,0.9959999918937683,0.8992999792098999
YNL325C,YBR156C,0,-5.963167,0.09969969838857651,0.9959999918937683,0.899399995803833
YLR002C,YKL120W,0,-5.9633417,0.09968972206115723,0.9959999918937683,0.8995000123977661
YAL054C,YLR357W,1,-5.9642925,0.09977982193231583,0.996999979019165,0.8995000123977661
YDL142C,YHR138C,0,-5.9647145,0.09976983815431595,0.996999979019165,0.8996000289916992
YGR082W,YEL012W,0,-5.966262,0.09975985437631607,0.996999979019165,0.8996999859809875
YPR193C,YMR080C,1,-5.96695,0.09984992444515228,0.9980000257492065,0.8996999859809875
YPL211W,YPL176C,0,-5.9669747,0.09983993321657181,0.9980000257492065,0.8998000025749207
YOL097C,YOL128C,0,-5.967286,0.09982994943857193,0.9980000257492065,0.8999000191688538
YPR067W,YJL059W,0,-5.968876,0.09981996566057205,0.9980000257492065,0.8999999761581421
YPR187W,YKL125W,0,-5.970353,0.09980998188257217,0.9980000257492065,0.9000999927520752
YCR047C,YKL170W,0,-5.971056,0.0997999981045723,0.9980000257492065,0.9002000093460083
YLR155C,YLR100W,0,-5.971812,0.09979002177715302,0.9980000257492065,0.9003000259399414
YIL010W,YNL119W,0,-5.973802,0.09978004544973373,0.9980000257492065,0.9003999829292297
YDR037W,YPR041W,0,-5.9746346,0.09977006912231445,0.9980000257492065,0.9004999995231628
YDL149W,YIL034C,0,-5.975108,0.09976009279489517,0.9980000257492065,0.900600016117096
YEL036C,YJR019C,0,-5.976262,0.09975012391805649,0.9980000257492065,0.9006999731063843
YOL016C,YGR195W,0,-5.9775863,0.0997401550412178,0.9980000257492065,0.9007999897003174
YHR094C,YHR060W,0,-5.9786234,0.09973018616437912,0.9980000257492065,0.9009000062942505
YOL165C,YGL120C,0,-5.979457,0.09972022473812103,0.9980000257492065,0.9010000228881836
YDR513W,YDR341C,0,-5.979998,0.09971026331186295,0.9980000257492065,0.9010999798774719
YBR256C,YKR081C,0,-5.980061,0.09970030188560486,0.9980000257492065,0.901199996471405
YDR106W,YNL339C,0,-5.980371,0.09969034045934677,0.9980000257492065,0.9013000130653381
YPL209C,YEL060C,0,-5.980994,0.09968038648366928,0.9980000257492065,0.9014000296592712
YLR009W,YGR054W,0,-5.9818034,0.0996704250574112,0.9980000257492065,0.9014999866485596
YDL022W,YJL156C,0,-5.98399,0.0996604785323143,0.9980000257492065,0.9016000032424927
YGL047W,YLR382C,0,-5.9845634,0.09965052455663681,0.9980000257492065,0.9017000198364258
YLR189C,YOR185C,0,-5.984921,0.09964057803153992,0.9980000257492065,0.9017999768257141
YDL175C,YBR026C,0,-5.9890027,0.09963063150644302,0.9980000257492065,0.9018999934196472
YER044C,YJL214W,0,-5.992106,0.09962068498134613,0.9980000257492065,0.9020000100135803
YLR109W,YML029W,0,-5.9927435,0.09961073845624924,0.9980000257492065,0.9021000266075134
YLR397C,YMR280C,0,-5.9941783,0.09960079938173294,0.9980000257492065,0.9021999835968018
YBR039W,YML132W,0,-5.99431,0.09959086030721664,0.9980000257492065,0.9023000001907349
YGR254W,YFR002W,0,-5.9951057,0.09958092123270035,0.9980000257492065,0.902400016784668
YML061C,YMR143W,0,-5.9977503,0.09957098960876465,0.9980000257492065,0.9024999737739563
YDR513W,YPL045W,0,-5.9981947,0.09956105053424835,0.9980000257492065,0.9025999903678894
YGL192W,YJR028W,0,-5.998428,0.09955111891031265,0.9980000257492065,0.9027000069618225
YDL132W,YNL307C,0,-5.999506,0.09954119473695755,0.9980000257492065,0.9028000235557556
YMR142C,YLR264W,0,-6.000094,0.09953126311302185,0.9980000257492065,0.902899980545044
YPL146C,YLR371W,0,-6.000504,0.09952133893966675,0.9980000257492065,0.902999997138977
YDL227C,YPL274W,0,-6.0020185,0.09951141476631165,0.9980000257492065,0.9031000137329102
YDR214W,YKL185W,0,-6.0050626,0.09950149804353714,0.9980000257492065,0.9031999707221985
YOR040W,YGL246C,0,-6.007872,0.09949157387018204,0.9980000257492065,0.9032999873161316
YDL243C,YNR032C-A,0,-6.00844,0.09948165714740753,0.9980000257492065,0.9034000039100647
YDR294C,YLL035W,0,-6.0108128,0.09947174042463303,0.9980000257492065,0.9035000205039978
YGR288W,YML016C,0,-6.011733,0.09946183115243912,0.9980000257492065,0.9035999774932861
YJL060W,YGR140W,0,-6.0121064,0.09945192188024521,0.9980000257492065,0.9036999940872192
YHR053C,YOR294W,0,-6.0124702,0.0994420051574707,0.9980000257492065,0.9038000106811523
YDL079C,YBL075C,0,-6.015123,0.09943210333585739,0.9980000257492065,0.9039000272750854
YER159C,YHR052W,0,-6.016836,0.09942219406366348,0.9980000257492065,0.9039999842643738
YEL042W,YBR185C,0,-6.0174813,0.09941229224205017,0.9980000257492065,0.9041000008583069
YJL060W,YJR160C,0,-6.0187902,0.09940239042043686,0.9980000257492065,0.90420001745224
YOR259C,YNL202W,0,-6.0195765,0.09939248859882355,0.9980000257492065,0.9042999744415283
YHR026W,YNL248C,0,-6.0198174,0.09938259422779083,0.9980000257492065,0.9043999910354614
YCR088W,YOL144W,0,-6.022158,0.09937269985675812,0.9980000257492065,0.9045000076293945
YNR059W,YOR106W,0,-6.0221753,0.0993628054857254,0.9980000257492065,0.9046000242233276
YMR308C,YDR429C,0,-6.023308,0.09935291111469269,0.9980000257492065,0.904699981212616
YCR057C,YER072W,0,-6.024485,0.09934302419424057,0.9980000257492065,0.9047999978065491
YHR092C,YER142C,0,-6.025571,0.09933313727378845,0.9980000257492065,0.9049000144004822
YEL050C,YDR259C,0,-6.02791,0.09932325035333633,0.9980000257492065,0.9049999713897705
YGL223C,YLR009W,0,-6.0327935,0.09931336343288422,0.9980000257492065,0.9050999879837036
YIL033C,YBR092C,0,-6.0351615,0.0993034839630127,0.9980000257492065,0.9052000045776367
YLR196W,YGL004C,0,-6.0355415,0.09929360449314117,0.9980000257492065,0.9053000211715698
YOR109W,YDR083W,0,-6.0361443,0.09928372502326965,0.9980000257492065,0.9053999781608582
YML132W,YHR005C-A,0,-6.037338,0.09927384555339813,0.9980000257492065,0.9054999947547913
YNL130C,YBR205W,0,-6.0391617,0.09926397353410721,0.9980000257492065,0.9056000113487244
YHR139C,YML029W,0,-6.041404,0.09925410151481628,0.9980000257492065,0.9057000279426575
YER143W,YDR494W,0,-6.0420556,0.09924422949552536,0.9980000257492065,0.9057999849319458
YLR372W,YGR251W,0,-6.0427585,0.09923436492681503,0.9980000257492065,0.9059000015258789
YHR021C,YBL050W,0,-6.042828,0.0992245003581047,0.9980000257492065,0.906000018119812
YOR173W,YFL026W,0,-6.044727,0.09921463578939438,0.9980000257492065,0.9060999751091003
YCR047C,YGR245C,0,-6.0457697,0.09920477122068405,0.9980000257492065,0.9061999917030334
YDR294C,YNL119W,0,-6.046288,0.09919491410255432,0.9980000257492065,0.9063000082969666
YOR119C,YGR209C,0,-6.0473065,0.099185049533844,0.9980000257492065,0.9064000248908997
YCR088W,YDR182W,0,-6.0482383,0.09917519986629486,0.9980000257492065,0.906499981880188
YGR132C,YEL050C,0,-6.049508,0.09916534274816513,0.9980000257492065,0.9065999984741211
YPR122W,YOR297C,0,-6.049831,0.0991554856300354,0.9980000257492065,0.9067000150680542
YDL149W,YGL126W,0,-6.0502853,0.09914563596248627,0.9980000257492065,0.9067999720573425
YNL055C,YLR154C,0,-6.0518794,0.09913579374551773,0.9980000257492065,0.9068999886512756
YPL262W,YGL205W,0,-6.052728,0.0991259440779686,0.9980000257492065,0.9070000052452087
YPL118W,YBR105C,0,-6.053907,0.09911610186100006,0.9980000257492065,0.9071000218391418
YOL133W,YHR148W,0,-6.055895,0.09910625964403152,0.9980000257492065,0.9071999788284302
YPR021C,YCR102C,0,-6.056954,0.09909641742706299,0.9980000257492065,0.9072999954223633
YDR512C,YJL198W,0,-6.058393,0.09908657521009445,0.9980000257492065,0.9074000120162964
YDL181W,YBL011W,0,-6.0600176,0.09907674044370651,0.9980000257492065,0.9075000286102295
YCR072C,YOL102C,0,-6.061787,0.09906690567731857,0.9980000257492065,0.9075999855995178
YGL047W,YEL016C,0,-6.062904,0.09905707091093063,0.9980000257492065,0.9077000021934509
YGL099W,YGL255W,0,-6.063409,0.09904724359512329,0.9980000257492065,0.907800018787384
YPL152W,YNL045W,0,-6.065561,0.09903740882873535,0.9980000257492065,0.9078999757766724
YKR066C,YOR136W,0,-6.066006,0.09902758151292801,0.9980000257492065,0.9079999923706055
YNL111C,YLR025W,0,-6.066267,0.09901776164770126,0.9980000257492065,0.9081000089645386
YNL009W,YLR011W,0,-6.066475,0.09900793433189392,0.9980000257492065,0.9082000255584717
YIL017C,YLR003C,0,-6.0676656,0.09899811446666718,0.9980000257492065,0.90829998254776
YOR267C,YFL059W,0,-6.068468,0.09898829460144043,0.9980000257492065,0.9083999991416931
YOL082W,YHR174W,0,-6.0691514,0.09897848218679428,0.9980000257492065,0.9085000157356262
YGR177C,YKR001C,0,-6.070391,0.09896866232156754,0.9980000257492065,0.9085999727249146
YHR106W,YER151C,0,-6.07117,0.09895884990692139,0.9980000257492065,0.9086999893188477
YNL036W,YNL310C,0,-6.0721626,0.09894903749227524,0.9980000257492065,0.9088000059127808
YLR270W,YJR074W,0,-6.0734825,0.09893922507762909,0.9980000257492065,0.9089000225067139
YMR309C,YGR183C,0,-6.0742774,0.09892942011356354,0.9980000257492065,0.9089999794960022
YJL058C,YJL116C,0,-6.075188,0.09891961514949799,0.9980000257492065,0.9090999960899353
YML031W,YLR134W,0,-6.0757155,0.09890981018543243,0.9980000257492065,0.9092000126838684
YOR381W,YPR191W,0,-6.076903,0.09890001267194748,0.9980000257492065,0.9093000292778015
YNL286W,YLR136C,0,-6.076958,0.09889020770788193,0.9980000257492065,0.9093999862670898
YDR384C,YNR032W,0,-6.078997,0.09888041019439697,0.9980000257492065,0.909500002861023
YNR056C,YOL124C,0,-6.08004,0.09887061268091202,0.9980000257492065,0.909600019454956
YOL082W,YMR036C,0,-6.0811496,0.09886082261800766,0.9980000257492065,0.9096999764442444
YNL167C,YKL099C,0,-6.081367,0.0988510325551033,0.9980000257492065,0.9097999930381775
YDL101C,YIL053W,0,-6.0820746,0.09884124249219894,0.9980000257492065,0.9099000096321106
YML075C,YGR075C,0,-6.083251,0.09883145242929459,0.9980000257492065,0.9100000262260437
YGL111W,YGR118W,0,-6.083793,0.09882166236639023,0.9980000257492065,0.910099983215332
YCR005C,YLR206W,0,-6.0839343,0.09881187975406647,0.9980000257492065,0.9101999998092651
YJL034W,YGR244C,0,-6.0842147,0.0988020971417427,0.9980000257492065,0.9103000164031982
YNL002C,YLR452C,0,-6.0862823,0.09879232197999954,0.9980000257492065,0.9103999733924866
YIL124W,YNL278W,0,-6.087449,0.09878253936767578,0.9980000257492065,0.9104999899864197
YNR044W,YOL151W,0,-6.088602,0.09877276420593262,0.9980000257492065,0.9106000065803528
YJL006C,YLR196W,0,-6.08865,0.09876298904418945,0.9980000257492065,0.9107000231742859
YHR012W,YHR161C,0,-6.090004,0.09875321388244629,0.9980000257492065,0.9107999801635742
YLR068W,YGL144C,0,-6.090031,0.09874344617128372,0.9980000257492065,0.9108999967575073
YCR075C,YMR239C,0,-6.0901074,0.09873367846012115,0.9980000257492065,0.9110000133514404
YOR099W,YLL011W,0,-6.0927887,0.09872391074895859,0.9980000257492065,0.9110999703407288
YKL110C,YKR052C,0,-6.09459,0.09871414303779602,0.9980000257492065,0.9111999869346619
YBR193C,YIL013C,0,-6.0960164,0.09870438277721405,0.9980000257492065,0.911300003528595
YHR092C,YGR166W,0,-6.0963655,0.09869462251663208,0.9980000257492065,0.9114000201225281
YPR112C,YBL005W,0,-6.0964193,0.09868486225605011,0.9980000257492065,0.9114999771118164
YBR272C,YNL061W,0,-6.0978646,0.09867510199546814,0.9980000257492065,0.9115999937057495
YGR280C,YJL190C,0,-6.100168,0.09866534918546677,0.9980000257492065,0.9117000102996826
YLL061W,YML098W,0,-6.101791,0.0986555963754654,0.9980000257492065,0.9118000268936157
YBR234C,YOL080C,0,-6.102332,0.09864584356546402,0.9980000257492065,0.911899983882904
YLR048W,YCR072C,0,-6.1024594,0.09863609075546265,0.9980000257492065,0.9120000004768372
YER146W,YLR196W,0,-6.1031394,0.09862634539604187,0.9980000257492065,0.9121000170707703
YNL042W,YGL078C,0,-6.1033072,0.0986166000366211,0.9980000257492065,0.9121999740600586
YGR177C,YKL188C,0,-6.1036334,0.09860685467720032,0.9980000257492065,0.9122999906539917
YKL026C,YNR011C,0,-6.1061954,0.09859711676836014,0.9980000257492065,0.9124000072479248
YLR295C,YML132W,0,-6.1068277,0.09858737885951996,0.9980000257492065,0.9125000238418579
YML130C,YER178W,0,-6.1105137,0.09857764095067978,0.9980000257492065,0.9125999808311462
YMR139W,YNR006W,0,-6.1136656,0.0985679030418396,0.9980000257492065,0.9126999974250793
YDR173C,YPR140W,0,-6.114678,0.09855816513299942,0.9980000257492065,0.9128000140190125
YGL120C,YNL025C,0,-6.1149173,0.09854843467473984,0.9980000257492065,0.9128999710083008
YDR122W,YPL133C,0,-6.116302,0.09853870421648026,0.9980000257492065,0.9129999876022339
YBR214W,YHR050W,0,-6.1171365,0.09852897375822067,0.9980000257492065,0.913100004196167
YGR249W,YIR021W,0,-6.119173,0.09851925075054169,0.9980000257492065,0.9132000207901001
YLR081W,YPL043W,0,-6.122641,0.0985095277428627,0.9980000257492065,0.9132999777793884
YKL146W,YBR247C,0,-6.1227994,0.09849980473518372,0.9980000257492065,0.9133999943733215
YKL146W,YHL011C,0,-6.1245923,0.09849008172750473,0.9980000257492065,0.9135000109672546
YOL151W,YOR129C,0,-6.125438,0.09848036617040634,0.9980000257492065,0.9136000275611877
YOL013C,YER021W,0,-6.127975,0.09847064316272736,0.9980000257492065,0.9136999845504761
YOL165C,YAL040C,0,-6.12817,0.09846093505620956,0.9980000257492065,0.9138000011444092
YER002W,YLR014C,0,-6.131262,0.09845121949911118,0.9980000257492065,0.9139000177383423
YER127W,YEL016C,0,-6.133373,0.09844150394201279,0.9980000257492065,0.9139999747276306
YLR075W,YDR059C,0,-6.1346874,0.098431795835495,0.9980000257492065,0.9140999913215637
YER002W,YPL031C,0,-6.1358542,0.0984220877289772,0.9980000257492065,0.9142000079154968
YPL084W,YJL033W,0,-6.138244,0.09841238707304001,0.9980000257492065,0.9143000245094299
YOR310C,YPR074C,0,-6.138762,0.09840267896652222,0.9980000257492065,0.9143999814987183
YDR270W,YDR043C,0,-6.141084,0.09839297831058502,0.9980000257492065,0.9144999980926514
YLR047C,YDL014W,0,-6.142178,0.09838327765464783,0.9980000257492065,0.9146000146865845
YLR270W,YML107C,0,-6.143851,0.09837358444929123,0.9980000257492065,0.9146999716758728
YGR249W,YML097C,0,-6.1441956,0.09836388379335403,0.9980000257492065,0.9147999882698059
YDR101C,YJL026W,0,-6.144263,0.09835419058799744,0.9980000257492065,0.914900004863739
YPR001W,YGL006W,0,-6.1457596,0.09834450483322144,0.9980000257492065,0.9150000214576721
YNR053C,YIL138C,0,-6.1473145,0.09833481162786484,0.9980000257492065,0.9150999784469604
YLR002C,YDR398W,0,-6.1478515,0.09832512587308884,0.9980000257492065,0.9151999950408936
YDR273W,YFR034C,0,-6.147985,0.09831544011831284,0.9980000257492065,0.9153000116348267
YEL003W,YOR272W,0,-6.1485243,0.09830575436353683,0.9980000257492065,0.9154000282287598
YDL181W,YJL094C,0,-6.152886,0.09829606860876083,0.9980000257492065,0.9154999852180481
YNR053C,YOL102C,0,-6.15336,0.09828639030456543,0.9980000257492065,0.9156000018119812
YPR183W,YML080W,0,-6.156257,0.09827671200037003,0.9980000257492065,0.9157000184059143
YOR113W,YHR175W,0,-6.157681,0.09826703369617462,0.9980000257492065,0.9157999753952026
YIL048W,YDR398W,0,-6.1578784,0.09825736284255981,0.9980000257492065,0.9158999919891357
YNR001C,YIL153W,0,-6.158208,0.09824768453836441,0.9980000257492065,0.9160000085830688
YOL016C,YML058W,0,-6.158266,0.0982380136847496,0.9980000257492065,0.916100025177002
YOR322C,YNL248C,0,-6.1606946,0.0982283428311348,0.9980000257492065,0.9161999821662903
YGL104C,YGR054W,0,-6.1611443,0.09821867942810059,0.9980000257492065,0.9162999987602234
YLL043W,YIL129C,0,-6.161543,0.09820901602506638,0.9980000257492065,0.9164000153541565
YBR272C,YGR159C,0,-6.161942,0.09819935262203217,0.9980000257492065,0.9164999723434448
YHR021C,YLR249W,0,-6.1633577,0.09818968921899796,0.9980000257492065,0.9165999889373779
YHR164C,YLR409C,0,-6.164487,0.09818002581596375,0.9980000257492065,0.916700005531311
YAL035W,YLL011W,0,-6.165007,0.09817036986351013,0.9980000257492065,0.9168000221252441
YOR002W,YBR126C,0,-6.16727,0.09816071391105652,0.9980000257492065,0.9168999791145325
YOL023W,YOR297C,0,-6.1681857,0.0981510654091835,0.9980000257492065,0.9169999957084656
YNL281W,YJL164C,0,-6.1704707,0.09814140945672989,0.9980000257492065,0.9171000123023987
YMR229C,YGL028C,0,-6.1723466,0.09813176095485687,0.9980000257492065,0.9172000288963318
YMR049C,YJL012C,0,-6.1730733,0.09812211245298386,0.9980000257492065,0.9172999858856201
YGL030W,YDL020C,0,-6.1738563,0.09811246395111084,0.9980000257492065,0.9174000024795532
YJL122W,YDR206W,0,-6.1742926,0.09810282289981842,0.9980000257492065,0.9175000190734863
YJL106W,YDR122W,0,-6.179373,0.098093181848526,0.9980000257492065,0.9175999760627747
YOL091W,YDR398W,0,-6.181139,0.09808354079723358,0.9980000257492065,0.9176999926567078
YGR077C,YOR084W,0,-6.182479,0.09807389974594116,0.9980000257492065,0.9178000092506409
YMR035W,YDL208W,0,-6.1835933,0.09806426614522934,0.9980000257492065,0.917900025844574
YOR328W,YMR302C,0,-6.1851287,0.09805462509393692,0.9980000257492065,0.9179999828338623
YNL111C,YML131W,0,-6.185762,0.0980449914932251,0.9980000257492065,0.9180999994277954
YDR447C,YDR330W,0,-6.186123,0.09803536534309387,0.9980000257492065,0.9182000160217285
YBR026C,YLR071C,0,-6.186167,0.09802573174238205,0.9980000257492065,0.9182999730110168
YLR231C,YBR214W,0,-6.1871963,0.09801610559225082,0.9980000257492065,0.91839998960495
YML116W,YJR077C,0,-6.18897,0.0980064794421196,0.9980000257492065,0.9185000061988831
YDL137W,YMR260C,0,-6.188999,0.09799686074256897,0.9980000257492065,0.9186000227928162
YJR040W,YHR170W,0,-6.1898518,0.09798723459243774,0.9980000257492065,0.9186999797821045
YBR092C,YPL237W,0,-6.190184,0.09797761589288712,0.9980000257492065,0.9187999963760376
YNL007C,YLR043C,0,-6.1907244,0.09796799719333649,0.9980000257492065,0.9189000129699707
YNL036W,YJR019C,0,-6.1909685,0.09795838594436646,0.9980000257492065,0.9190000295639038
YCR010C,YDR060W,0,-6.192766,0.09794876724481583,0.9980000257492065,0.9190999865531921
YDR284C,YBR280C,0,-6.1942725,0.0979391559958458,0.9980000257492065,0.9192000031471252
YDR284C,YDR115W,0,-6.194501,0.09792954474687576,0.9980000257492065,0.9193000197410583
YLR310C,YOR120W,0,-6.1953087,0.09791993349790573,0.9980000257492065,0.9193999767303467
YGR289C,YER028C,0,-6.196533,0.0979103296995163,0.9980000257492065,0.9194999933242798
YCR028C,YDL181W,0,-6.198585,0.09790072590112686,0.9980000257492065,0.9196000099182129
YHR052W,YDL135C,0,-6.1991343,0.09789112210273743,0.9980000257492065,0.919700026512146
YFR009W,YNL061W,0,-6.201019,0.09788152575492859,0.9980000257492065,0.9197999835014343
YDR122W,YDR490C,0,-6.2012544,0.09787192195653915,0.9980000257492065,0.9199000000953674
YNL331C,YDR045C,0,-6.2014513,0.09786232560873032,0.9980000257492065,0.9200000166893005
YPR030W,YOR162C,0,-6.2020736,0.09785272926092148,0.9980000257492065,0.9200999736785889
YDR513W,YPL096W,0,-6.2023253,0.09784314036369324,0.9980000257492065,0.920199990272522
YCL026C-A,YDR079W,0,-6.2027726,0.0978335440158844,0.9980000257492065,0.9203000068664551
YJR155W,YDL208W,0,-6.2031207,0.09782395511865616,0.9980000257492065,0.9204000234603882
YBR193C,YOR340C,0,-6.2071404,0.09781436622142792,0.9980000257492065,0.9204999804496765
YJL013C,YDR324C,0,-6.208572,0.09780478477478027,0.9980000257492065,0.9205999970436096
YHR055C,YHR092C,0,-6.2096305,0.09779519587755203,0.9980000257492065,0.9207000136375427
YNL153C,YPL147W,0,-6.2110906,0.09778561443090439,0.9980000257492065,0.920799970626831
YNL232W,YLR150W,0,-6.21133,0.09777603298425674,0.9980000257492065,0.9208999872207642
YBR244W,YOR359W,0,-6.2118006,0.0977664589881897,0.9980000257492065,0.9210000038146973
YER052C,YGR008C,0,-6.2123103,0.09775687754154205,0.9980000257492065,0.9211000204086304
YOR002W,YCR072C,0,-6.213732,0.097747303545475,0.9980000257492065,0.9211999773979187
YMR012W,YGL171W,0,-6.216142,0.09773773699998856,0.9980000257492065,0.9212999939918518
YJL214W,YLR002C,0,-6.2168508,0.09772816300392151,0.9980000257492065,0.9214000105857849
YBR092C,YKL034W,0,-6.2177796,0.09771859645843506,0.9980000257492065,0.921500027179718
YJR091C,YJL164C,0,-6.218315,0.09770902991294861,0.9980000257492065,0.9215999841690063
YDR423C,YGL095C,0,-6.220161,0.09769946336746216,0.9980000257492065,0.9217000007629395
YGL208W,YNL241C,0,-6.2202754,0.09768989682197571,0.9980000257492065,0.9218000173568726
YDR256C,YLR221C,0,-6.2204204,0.09768033772706985,0.9980000257492065,0.9218999743461609
YOL082W,YOR061W,0,-6.2231507,0.097670778632164,0.9980000257492065,0.921999990940094
YDL132W,YPL037C,0,-6.223204,0.09766121953725815,0.9980000257492065,0.9221000075340271
YKL212W,YDR023W,0,-6.2232523,0.0976516604423523,0.9980000257492065,0.9222000241279602
YDR173C,YPL040C,0,-6.22337,0.09764210879802704,0.9980000257492065,0.9222999811172485
YLR295C,YMR135C,0,-6.2237167,0.09763255715370178,0.9980000257492065,0.9223999977111816
YKL170W,YPR144C,0,-6.224789,0.09762300550937653,0.9980000257492065,0.9225000143051147
YKL051W,YBR156C,0,-6.2255354,0.09761346131563187,0.9980000257492065,0.9225999712944031
YER044C,YJL093C,0,-6.2268867,0.09760390967130661,0.9980000257492065,0.9226999878883362
YHR067W,YGL111W,0,-6.2298255,0.09759436547756195,0.9980000257492065,0.9228000044822693
YDL198C,YGR103W,0,-6.23072,0.09758482128381729,0.9980000257492065,0.9229000210762024
YMR285C,YNR053C,0,-6.2309012,0.09757528454065323,0.9980000257492065,0.9229999780654907
YPL106C,YBR083W,0,-6.231217,0.09756574779748917,0.9980000257492065,0.9230999946594238
YNL119W,YDR435C,0,-6.2321334,0.0975562036037445,0.9980000257492065,0.9232000112533569
YBR040W,YGL151W,0,-6.2357135,0.09754667431116104,0.9980000257492065,0.92330002784729
YJL005W,YNL294C,0,-6.2363057,0.09753713756799698,0.9980000257492065,0.9233999848365784
YDL020C,YIR026C,0,-6.2372108,0.09752760827541351,0.9980000257492065,0.9235000014305115
YKL082C,YEL013W,0,-6.2417755,0.09751807898283005,0.9980000257492065,0.9236000180244446
YGL062W,YBR069C,0,-6.244772,0.09750854969024658,0.9980000257492065,0.9236999750137329
YGL078C,YMR305C,0,-6.2465987,0.09749902039766312,0.9980000257492065,0.923799991607666
YGL180W,YOR224C,0,-6.248262,0.09748949855566025,0.9980000257492065,0.9239000082015991
YDR216W,YJL222W,0,-6.2506967,0.09747997671365738,0.9980000257492065,0.9240000247955322
YHR175W,YIL101C,0,-6.25219,0.09747045487165451,0.9980000257492065,0.9240999817848206
YGL008C,YEL002C,0,-6.25245,0.09746094048023224,0.9980000257492065,0.9241999983787537
YNR019W,YER119C,0,-6.255887,0.09745141863822937,0.9980000257492065,0.9243000149726868
YPL211W,YBL058W,0,-6.256206,0.0974419042468071,0.9980000257492065,0.9243999719619751
YIR017C,YBL005W,0,-6.2562246,0.09743238985538483,0.9980000257492065,0.9244999885559082
YLR205C,YNL106C,0,-6.256804,0.09742288291454315,0.9980000257492065,0.9246000051498413
YNL001W,YOL060C,0,-6.2570896,0.09741337597370148,0.9980000257492065,0.9247000217437744
YJL111W,YDR300C,0,-6.258857,0.0974038615822792,0.9980000257492065,0.9247999787330627
YPL031C,YLR022C,0,-6.2620597,0.09739436209201813,0.9980000257492065,0.9248999953269958
YPL267W,YPL058C,0,-6.26362,0.09738485515117645,0.9980000257492065,0.925000011920929
YDR216W,YGL129C,0,-6.265701,0.09737535566091537,0.9980000257492065,0.9251000285148621
YCL052C,YNL279W,0,-6.266002,0.0973658561706543,0.9980000257492065,0.9251999855041504
YBR272C,YPL203W,0,-6.266071,0.09735635668039322,0.9980000257492065,0.9253000020980835
YML060W,YOR003W,0,-6.267427,0.09734685719013214,0.9980000257492065,0.9254000186920166
YBR040W,YKL101W,0,-6.269558,0.09733736515045166,0.9980000257492065,0.9254999756813049
YJL122W,YER142C,0,-6.2708836,0.09732787311077118,0.9980000257492065,0.925599992275238
YIL105C,YBR162C,0,-6.271225,0.0973183810710907,0.9980000257492065,0.9257000088691711
YER044C,YPR141C,0,-6.272473,0.09730888903141022,0.9980000257492065,0.9258000254631042
YLR411W,YPR037C,0,-6.275162,0.09729940444231033,0.9980000257492065,0.9258999824523926
YJR091C,YMR188C,0,-6.2754045,0.09728991985321045,0.9980000257492065,0.9259999990463257
YDR270W,YDR449C,0,-6.276252,0.09728043526411057,0.9980000257492065,0.9261000156402588
YNL290W,YLR009W,0,-6.2766576,0.09727095812559128,0.9980000257492065,0.9261999726295471
YMR041C,YHR068W,0,-6.277599,0.0972614735364914,0.9980000257492065,0.9262999892234802
YDR173C,YDL135C,0,-6.281561,0.0972519963979721,0.9980000257492065,0.9264000058174133
YOR113W,YEL060C,0,-6.2821555,0.09724251925945282,0.9980000257492065,0.9265000224113464
YDR518W,YBR105C,0,-6.2843776,0.09723304957151413,0.9980000257492065,0.9265999794006348
YOR245C,YKR097W,0,-6.285322,0.09722357243299484,0.9980000257492065,0.9266999959945679
YKR076W,YOL033W,0,-6.286169,0.09721410274505615,0.9980000257492065,0.926800012588501
YMR133W,YOR095C,0,-6.2873473,0.09720463305711746,0.9980000257492065,0.9269000291824341
YHL024W,YLR136C,0,-6.2880154,0.09719517081975937,0.9980000257492065,0.9269999861717224
YOL077C,YDL085W,0,-6.288201,0.09718570113182068,0.9980000257492065,0.9271000027656555
YGR225W,YLR411W,0,-6.289251,0.09717623889446259,0.9980000257492065,0.9272000193595886
YDR377W,YBR260C,0,-6.291893,0.09716677665710449,0.9980000257492065,0.927299976348877
YGL099W,YOR095C,0,-6.292815,0.097157321870327,0.9980000257492065,0.9273999929428101
YPL086C,YNL302C,0,-6.294447,0.0971478596329689,0.9980000257492065,0.9275000095367432
YDR365C,YPL214C,0,-6.2961946,0.0971384048461914,0.9980000257492065,0.9276000261306763
YGR289C,YKL108W,0,-6.2965045,0.09712895005941391,0.9980000257492065,0.9276999831199646
YPL093W,YDL230W,0,-6.299005,0.09711950272321701,0.9980000257492065,0.9277999997138977
YAL054C,YNL135C,1,-6.3013635,0.09720735251903534,0.9990000128746033,0.9277999997138977
YOR100C,YBR267W,0,-6.3017173,0.09719789773225784,0.9990000128746033,0.9279000163078308
YFR008W,YDL148C,0,-6.3027353,0.09718844294548035,0.9990000128746033,0.9279999732971191
YLR382C,YEL060C,0,-6.303474,0.09717898815870285,0.9990000128746033,0.9280999898910522
YPL043W,YOR305W,0,-6.3050075,0.09716953337192535,0.9990000128746033,0.9282000064849854
YLL026W,YKL042W,0,-6.305341,0.09716008603572845,0.9990000128746033,0.9283000230789185
YBR168W,YNL339C,0,-6.3054404,0.09715063869953156,0.9990000128746033,0.9283999800682068
YML080W,YBL050W,0,-6.306995,0.09714119136333466,0.9990000128746033,0.9284999966621399
YNR035C,YKL056C,0,-6.309465,0.09713174402713776,0.9990000128746033,0.928600013256073
YBR026C,YPR165W,0,-6.3120856,0.09712230414152145,0.9990000128746033,0.9286999702453613
YLR009W,YBR223C,0,-6.312581,0.09711286425590515,0.9990000128746033,0.9287999868392944
YBL084C,YLR068W,0,-6.312898,0.09710342437028885,0.9990000128746033,0.9289000034332275
YPL152W,YOR137C,0,-6.314017,0.09709398448467255,0.9990000128746033,0.9290000200271606
YOR078W,YOR116C,0,-6.3149347,0.09708454459905624,0.9990000128746033,0.929099977016449
YDL020C,YNL283C,0,-6.3171496,0.09707511216402054,0.9990000128746033,0.9291999936103821
YNL027W,YOR297C,0,-6.319361,0.09706567972898483,0.9990000128746033,0.9293000102043152
YGL256W,YDR365C,0,-6.319411,0.09705625474452972,0.9990000128746033,0.9294000267982483
YNL153C,YPL211W,0,-6.3194942,0.09704682230949402,0.9990000128746033,0.9294999837875366
YNL099C,YLR009W,0,-6.320828,0.09703739732503891,0.9990000128746033,0.9296000003814697
YOR028C,YJL062W,0,-6.320865,0.0970279723405838,0.9990000128746033,0.9297000169754028
YCR107W,YLR129W,0,-6.3222604,0.09701854735612869,0.9990000128746033,0.9297999739646912
YML047C,YEL012W,0,-6.3229957,0.09700912982225418,0.9990000128746033,0.9298999905586243
YKR076W,YGL096W,0,-6.3233566,0.09699971228837967,0.9990000128746033,0.9300000071525574
YBR029C,YOL064C,0,-6.3236165,0.09699029475450516,0.9990000128746033,0.9301000237464905
YJL101C,YDR165W,0,-6.323718,0.09698087722063065,0.9990000128746033,0.9301999807357788
YOL061W,YML131W,0,-6.3244457,0.09697145968675613,0.9990000128746033,0.9302999973297119
YLR206W,YJL093C,0,-6.3249373,0.09696204960346222,0.9990000128746033,0.930400013923645
YCR035C,YMR260C,0,-6.329307,0.0969526395201683,0.9990000128746033,0.9304999709129333
YGR078C,YKL099C,0,-6.3299656,0.09694322943687439,0.9990000128746033,0.9305999875068665
YDL031W,YKL086W,0,-6.3302774,0.09693382680416107,0.9990000128746033,0.9307000041007996
YIL013C,YLL016W,0,-6.3310437,0.09692441672086716,0.9990000128746033,0.9308000206947327
YNR057C,YJR070C,0,-6.334907,0.09691501408815384,0.9990000128746033,0.930899977684021
YOL077W-A,YPL123C,0,-6.335049,0.09690561890602112,0.9990000128746033,0.9309999942779541
YJR091C,YIL017C,0,-6.3351383,0.0968962162733078,0.9990000128746033,0.9311000108718872
YGL187C,YEL024W,0,-6.336928,0.09688682109117508,0.9990000128746033,0.9312000274658203
YDR231C,YMR309C,0,-6.3374057,0.09687742590904236,0.9990000128746033,0.9312999844551086
YJR070C,YKL099C,0,-6.3413353,0.09686803072690964,0.9990000128746033,0.9314000010490417
YAL003W,YGL229C,0,-6.3440266,0.09685863554477692,0.9990000128746033,0.9315000176429749
YML064C,YCR061W,0,-6.3441987,0.09684924781322479,0.9990000128746033,0.9315999746322632
YOR078W,YJL025W,0,-6.346927,0.09683986008167267,0.9990000128746033,0.9316999912261963
YJL033W,YMR298W,0,-6.3475475,0.09683047235012054,0.9990000128746033,0.9318000078201294
YBR026C,YML103C,0,-6.3493023,0.09682109206914902,0.9990000128746033,0.9319000244140625
YHR092C,YOR328W,0,-6.3496175,0.0968117043375969,0.9990000128746033,0.9319999814033508
YGR132C,YLL011W,0,-6.350744,0.09680232405662537,0.9990000128746033,0.9320999979972839
YEL009C,YLL034C,0,-6.3507895,0.09679294377565384,0.9990000128746033,0.932200014591217
YPL240C,YLR369W,0,-6.352417,0.09678357094526291,0.9990000128746033,0.9322999715805054
YDR216W,YMR319C,0,-6.3533697,0.09677419066429138,0.9990000128746033,0.9323999881744385
YOR011W,YOR356W,0,-6.3539643,0.09676481783390045,0.9990000128746033,0.9325000047683716
YKR076W,YDR276C,0,-6.35542,0.09675544500350952,0.9990000128746033,0.9326000213623047
YBL064C,YGL229C,0,-6.356834,0.09674607962369919,0.9990000128746033,0.932699978351593
YDL045C,YJR063W,0,-6.359439,0.09673670679330826,0.9990000128746033,0.9327999949455261
YPL177C,YOR027W,0,-6.360912,0.09672734141349792,0.9990000128746033,0.9329000115394592
YOR294W,YDL112W,0,-6.362547,0.09671797603368759,0.9990000128746033,0.9330000281333923
YFL029C,YDR178W,0,-6.3661838,0.09670861810445786,0.9990000128746033,0.9330999851226807
YJR145C,YLR262C,0,-6.366752,0.09669925272464752,0.9990000128746033,0.9332000017166138
YNL101W,YOR004W,0,-6.3736606,0.09668989479541779,0.9990000128746033,0.9333000183105469
YOL082W,YPR167C,0,-6.3744574,0.09668053686618805,0.9990000128746033,0.9333999752998352
YJR108W,YCR061W,0,-6.3752627,0.09667117893695831,0.9990000128746033,0.9334999918937683
YPL152W,YPL045W,0,-6.375303,0.09666182845830917,0.9990000128746033,0.9336000084877014
YGL078C,YBR040W,0,-6.3761907,0.09665247797966003,0.9990000128746033,0.9337000250816345
YMR211W,YHR008C,0,-6.376973,0.0966431275010109,0.9990000128746033,0.9337999820709229
YDR256C,YDR135C,0,-6.380733,0.09663377702236176,0.9990000128746033,0.933899998664856
YDR021W,YMR290C,0,-6.382616,0.09662443399429321,0.9990000128746033,0.9340000152587891
YBR234C,YER119C,0,-6.384211,0.09661508351564407,0.9990000128746033,0.9340999722480774
YCR057C,YJL166W,0,-6.387005,0.09660574048757553,0.9990000128746033,0.9341999888420105
YKL172W,YHR085W,0,-6.388247,0.09659640491008759,0.9990000128746033,0.9343000054359436
YDL085W,YCR028C-A,0,-6.3910956,0.09658706188201904,0.9990000128746033,0.9344000220298767
YOR173W,YML115C,0,-6.393087,0.0965777263045311,0.9990000128746033,0.934499979019165
YFR036W,YDR120C,0,-6.3935614,0.09656839072704315,0.9990000128746033,0.9345999956130981
YNL328C,YPR137W,0,-6.394741,0.0965590551495552,0.9990000128746033,0.9347000122070312
YCL025C,YKR081C,0,-6.395414,0.09654972702264786,0.9990000128746033,0.9348000288009644
YPL265W,YER019C-A,0,-6.3966675,0.09654039144515991,0.9990000128746033,0.9348999857902527
YML130C,YDL100C,0,-6.3979764,0.09653106331825256,0.9990000128746033,0.9350000023841858
YOR245C,YHL007C,0,-6.398146,0.09652174264192581,0.9990000128746033,0.9351000189781189
YLR411W,YOR046C,0,-6.3999143,0.09651241451501846,0.9990000128746033,0.9351999759674072
YDL149W,YPL092W,0,-6.403628,0.09650309383869171,0.9990000128746033,0.9352999925613403
YMR136W,YDR272W,0,-6.404452,0.09649377316236496,0.9990000128746033,0.9354000091552734
YLR157C,YKR022C,0,-6.4057965,0.09648445248603821,0.9990000128746033,0.9355000257492065
YAL035W,YGR197C,0,-6.4073114,0.09647513180971146,0.9990000128746033,0.9355999827384949
YNR027W,YOR310C,0,-6.4086857,0.0964658185839653,0.9990000128746033,0.935699999332428
YJL164C,YEL012W,0,-6.409488,0.09645650535821915,0.9990000128746033,0.9358000159263611
YML023C,YGL055W,0,-6.4097776,0.09644719213247299,0.9990000128746033,0.9358999729156494
YOL156W,YPL196W,0,-6.4104357,0.09643787890672684,0.9990000128746033,0.9359999895095825
YDR085C,YLR172C,0,-6.4107056,0.09642857313156128,0.9990000128746033,0.9361000061035156
YPL267W,YBR183W,0,-6.411791,0.09641926735639572,0.9990000128746033,0.9362000226974487
YMR011W,YNL221C,0,-6.4118156,0.09640996158123016,0.9990000128746033,0.9362999796867371
YDR214W,YOR341W,0,-6.4128575,0.0964006558060646,0.9990000128746033,0.9363999962806702
YPL126W,YJR153W,0,-6.4140553,0.09639135748147964,0.9990000128746033,0.9365000128746033
YHR055C,YGR103W,0,-6.4142323,0.09638205170631409,0.9990000128746033,0.9366000294685364
YLR189C,YCL052C,0,-6.4151945,0.09637275338172913,0.9990000128746033,0.9366999864578247
YDL243C,YLR221C,0,-6.4159627,0.09636346250772476,0.9990000128746033,0.9368000030517578
YOL077C,YMR029C,0,-6.4204025,0.0963541641831398,0.9990000128746033,0.9369000196456909
YDL045C,YOL080C,0,-6.4212966,0.09634487330913544,0.9990000128746033,0.9369999766349792
YGR247W,YDR273W,0,-6.4231267,0.09633558243513107,0.9990000128746033,0.9370999932289124
YDR188W,YNL274C,0,-6.4262867,0.09632629156112671,0.9990000128746033,0.9372000098228455
YOR100C,YGR213C,0,-6.4278145,0.09631700813770294,0.9990000128746033,0.9373000264167786
YPR080W,YDL112W,0,-6.4316072,0.09630772471427917,0.9990000128746033,0.9373999834060669
YOL013C,YBR084W,0,-6.431662,0.09629844129085541,0.9990000128746033,0.9375
YJR091C,YKL029C,0,-6.4328976,0.09628915786743164,0.9990000128746033,0.9376000165939331
YDR101C,YBR170C,0,-6.4348965,0.09627987444400787,0.9990000128746033,0.9376999735832214
YLR284C,YNL282W,0,-6.4368324,0.0962705984711647,0.9990000128746033,0.9377999901771545
YFL029C,YDR398W,0,-6.43938,0.09626132249832153,0.9990000128746033,0.9379000067710876
YJR019C,YDR322C-A,0,-6.440139,0.09625204652547836,0.9990000128746033,0.9380000233650208
YOR100C,YKR061W,0,-6.4403625,0.09624277800321579,0.9990000128746033,0.9380999803543091
YKR076W,YOR380W,0,-6.440434,0.09623350203037262,0.9990000128746033,0.9381999969482422
YIL124W,YDR079W,0,-6.4423404,0.09622423350811005,0.9990000128746033,0.9383000135421753
YMR211W,YDR273W,0,-6.4434376,0.09621496498584747,0.9990000128746033,0.9383999705314636
YPR001W,YPL086C,0,-6.446379,0.0962057039141655,0.9990000128746033,0.9384999871253967
YPL262W,YDR369C,0,-6.4475436,0.09619643539190292,0.9990000128746033,0.9386000037193298
YDL079C,YJR145C,0,-6.4475727,0.09618717432022095,0.9990000128746033,0.9387000203132629
YLR362W,YCR083W,0,-6.448682,0.09617791324853897,0.9990000128746033,0.9387999773025513
YDR060W,YAL001C,0,-6.4492455,0.09616865962743759,0.9990000128746033,0.9388999938964844
YPL211W,YML001W,0,-6.4505687,0.09615939855575562,0.9990000128746033,0.9390000104904175
YPL078C,YKL007W,0,-6.451553,0.09615014493465424,0.9990000128746033,0.9391000270843506
YHR085W,YHL007C,0,-6.4556875,0.09614089131355286,0.9990000128746033,0.9391999840736389
YAL054C,YBR089C-A,1,-6.4566903,0.09622786939144135,1.0,0.9391999840736389
YJL191W,YDL217C,0,-6.4588943,0.09621860831975937,1.0,0.939300000667572
YGR284C,YJL110C,0,-6.4619813,0.09620935469865799,1.0,0.9394000172615051
YNL112W,YOR014W,0,-6.4619937,0.09620009362697601,1.0,0.9394999742507935
YAL003W,YER148W,0,-6.4650474,0.09619084000587463,1.0,0.9395999908447266
YCR034W,YOR049C,0,-6.467987,0.09618159383535385,1.0,0.9397000074386597
YOR245C,YOR315W,0,-6.4683127,0.09617234021425247,1.0,0.9398000240325928
YLR129W,YGR239C,0,-6.4703164,0.09616309404373169,1.0,0.9398999810218811
YHR001W-A,YDR083W,0,-6.4710054,0.09615384787321091,1.0,0.9399999976158142
YHR194W,YBR061C,0,-6.476046,0.09614460170269012,1.0,0.9401000142097473
YDR346C,YNL093W,0,-6.476973,0.09613535553216934,1.0,0.9401999711990356
YGR177C,YOR243C,0,-6.477748,0.09612611681222916,1.0,0.9402999877929688
YDL022W,YIL077C,0,-6.4779315,0.09611687809228897,1.0,0.9404000043869019
YJR143C,YGL171W,0,-6.4799104,0.09610763937234879,1.0,0.940500020980835
YOL077C,YMR292W,0,-6.482151,0.0960984081029892,1.0,0.9405999779701233
YAL025C,YPL006W,0,-6.482946,0.09608916938304901,1.0,0.9406999945640564
YGR060W,YML093W,0,-6.4843717,0.09607993811368942,1.0,0.9408000111579895
YNL231C,YIL123W,0,-6.4853024,0.09607070684432983,1.0,0.9409000277519226
YGR103W,YJR145C,0,-6.4863143,0.09606148302555084,1.0,0.9409999847412109
YNR019W,YLR158C,0,-6.486432,0.09605225175619125,1.0,0.941100001335144
YGR244C,YCR083W,0,-6.487653,0.09604302793741226,1.0,0.9412000179290771
YJL196C,YLR205C,0,-6.4910197,0.09603380411863327,1.0,0.9412999749183655
YKL125W,YNL313C,0,-6.492599,0.09602458029985428,1.0,0.9413999915122986
YHL040C,YDR296W,0,-6.493678,0.09601536393165588,1.0,0.9415000081062317
YJL116C,YLR105C,0,-6.4967694,0.09600614756345749,1.0,0.9416000247001648
YGL120C,YAR007C,0,-6.4970737,0.0959969311952591,1.0,0.9416999816894531
YGR256W,YOR048C,0,-6.5023613,0.0959877148270607,1.0,0.9417999982833862
YGR197C,YLR424W,0,-6.503257,0.0959784984588623,1.0,0.9419000148773193
YHR094C,YIL153W,0,-6.503405,0.0959692895412445,1.0,0.9419999718666077
YDR449C,YNL241C,0,-6.5037665,0.09596008062362671,1.0,0.9420999884605408
YML057W,YER127W,0,-6.504538,0.09595087170600891,1.0,0.9422000050544739
YOR335C,YDR059C,0,-6.5066624,0.09594167023897171,1.0,0.942300021648407
YNR057C,YOR095C,0,-6.509662,0.09593246132135391,1.0,0.9423999786376953
YHR196W,YNR006W,0,-6.510491,0.09592325985431671,1.0,0.9424999952316284
YDR022C,YNL002C,0,-6.5124307,0.09591405838727951,1.0,0.9426000118255615
YHR096C,YGL169W,0,-6.513602,0.0959048643708229,1.0,0.9427000284194946
YIL124W,YGL181W,0,-6.5142198,0.0958956629037857,1.0,0.942799985408783
YFR036W,YKL172W,0,-6.5146375,0.0958864688873291,1.0,0.9429000020027161
YNL325C,YNR053C,0,-6.518863,0.0958772748708725,1.0,0.9430000185966492
YML047C,YLR154C,0,-6.5203624,0.09586808830499649,1.0,0.9430999755859375
YJR047C,YNL339C,0,-6.5223756,0.09585889428853989,1.0,0.9431999921798706
YBL078C,YHR060W,0,-6.5267253,0.09584970772266388,1.0,0.9433000087738037
YMR239C,YNL007C,0,-6.5286427,0.09584052115678787,1.0,0.9434000253677368
YLR216C,YEL022W,0,-6.534641,0.09583133459091187,1.0,0.9434999823570251
YDR022C,YML130C,0,-6.535172,0.09582215547561646,1.0,0.9435999989509583
YMR029C,YER002W,0,-6.537761,0.09581297636032104,1.0,0.9437000155448914
YHR148W,YOL124C,0,-6.5387306,0.09580379724502563,1.0,0.9437999725341797
YPR002W,YIL017C,0,-6.539312,0.09579461812973022,1.0,0.9438999891281128
YPL170W,YGR180C,0,-6.5395913,0.09578543901443481,1.0,0.9440000057220459
YPL231W,YKL026C,0,-6.540794,0.09577626734972,1.0,0.944100022315979
YML120C,YKL178C,0,-6.5415606,0.09576709568500519,1.0,0.9441999793052673
YKL213C,YHR143W-A,0,-6.5433745,0.09575792402029037,1.0,0.9442999958992004
YPL154C,YOR035C,0,-6.543603,0.09574875235557556,1.0,0.9444000124931335
YCR072C,YBR105C,0,-6.5442805,0.09573958814144135,1.0,0.9445000290870667
YGL084C,YMR140W,0,-6.5459876,0.09573042392730713,1.0,0.944599986076355
YML094W,YOR233W,0,-6.5470824,0.09572125971317291,1.0,0.9447000026702881
YMR203W,YGL104C,0,-6.5484214,0.0957120954990387,1.0,0.9448000192642212
YKL099C,YIL135C,0,-6.549221,0.09570293873548508,1.0,0.9448999762535095
YKL205W,YDR178W,0,-6.55158,0.09569378197193146,1.0,0.9449999928474426
YDL044C,YPL123C,0,-6.5518107,0.09568462520837784,1.0,0.9451000094413757
YPR001W,YNL339C,0,-6.5532537,0.09567546844482422,1.0,0.9452000260353088
YKR009C,YLR214W,0,-6.5543437,0.0956663191318512,1.0,0.9452999830245972
YBR035C,YDR529C,0,-6.5594687,0.09565716236829758,1.0,0.9453999996185303
YPR021C,YLR409C,0,-6.5616612,0.09564801305532455,1.0,0.9455000162124634
YPL118W,YBR117C,0,-6.5624337,0.09563887119293213,1.0,0.9455999732017517
YNL173C,YOR117W,0,-6.56346,0.0956297218799591,1.0,0.9456999897956848
YDL051W,YNR032W,0,-6.563527,0.09562058001756668,1.0,0.9458000063896179
YPL096W,YPL152W,0,-6.563668,0.09561143815517426,1.0,0.945900022983551
YNR057C,YHR016C,0,-6.567367,0.09560229629278183,1.0,0.9459999799728394
YBR158W,YHR001W-A,0,-6.570044,0.0955931544303894,1.0,0.9460999965667725
YLL061W,YGR179C,0,-6.5718813,0.09558402001857758,1.0,0.9462000131607056
YJL146W,YLR221C,0,-6.572144,0.09557488560676575,1.0,0.9463000297546387
YLR270W,YJR094C,0,-6.574854,0.09556575119495392,1.0,0.946399986743927
YFL029C,YPL043W,0,-6.5748725,0.09555661678314209,1.0,0.9465000033378601
YDL099W,YER053C,0,-6.5778418,0.09554748982191086,1.0,0.9466000199317932
YDL247W,YNL312W,0,-6.5794606,0.09553835541009903,1.0,0.9466999769210815
YBL019W,YMR250W,0,-6.581213,0.0955292284488678,1.0,0.9467999935150146
YOR173W,YKL051W,0,-6.5812516,0.09552010893821716,1.0,0.9469000101089478
YMR292W,YOR267C,0,-6.5834117,0.09551098197698593,1.0,0.9470000267028809
YLR189C,YLR084C,0,-6.5849843,0.0955018624663353,1.0,0.9470999836921692
YPR067W,YGR042W,0,-6.587946,0.09549274295568466,1.0,0.9472000002861023
YER045C,YCR026C,0,-6.588429,0.09548362344503403,1.0,0.9473000168800354
YML126C,YGL104C,0,-6.592361,0.09547451138496399,1.0,0.9473999738693237
YDL230W,YEL041W,0,-6.593039,0.09546539187431335,1.0,0.9474999904632568
YHR008C,YML131W,0,-6.5945053,0.09545627981424332,1.0,0.9476000070571899
YLL035W,YOL002C,0,-6.595046,0.09544716775417328,1.0,0.947700023651123
YOL158C,YDR258C,0,-6.5951476,0.09543806314468384,1.0,0.9477999806404114
YBR155W,YJR091C,0,-6.595993,0.0954289510846138,1.0,0.9478999972343445
YCL040W,YPL204W,0,-6.5967755,0.09541984647512436,1.0,0.9480000138282776
YNL182C,YNL293W,0,-6.5990157,0.09541074186563492,1.0,0.9480999708175659
YLR011W,YDL230W,0,-6.6032166,0.09540163725614548,1.0,0.948199987411499
YER179W,YMR290C,0,-6.6071253,0.09539254009723663,1.0,0.9483000040054321
YDR421W,YER127W,0,-6.6130223,0.09538344293832779,1.0,0.9484000205993652
YKR099W,YHL011C,0,-6.6150646,0.09537434577941895,1.0,0.9484999775886536
YOL082W,YDL132W,0,-6.617805,0.0953652486205101,1.0,0.9485999941825867
YML094W,YGR044C,0,-6.619336,0.09535615891218185,1.0,0.9487000107765198
YER119C,YNL153C,0,-6.625627,0.09534706175327301,1.0,0.9488000273704529
YOR100C,YDR272W,0,-6.6279807,0.09533797204494476,1.0,0.9488999843597412
YCR048W,YNL274C,0,-6.628034,0.09532888233661652,1.0,0.9490000009536743
YER062C,YLR011W,0,-6.6324735,0.09531980007886887,1.0,0.9491000175476074
YDR434W,YOR185C,0,-6.6329,0.09531071037054062,1.0,0.9491999745368958
YLL043W,YLR205C,0,-6.6329756,0.09530162811279297,1.0,0.9492999911308289
YNL293W,YOR361C,0,-6.6338468,0.09529254585504532,1.0,0.949400007724762
YLR284C,YKR056W,0,-6.63441,0.09528347104787827,1.0,0.9495000243186951
YPL237W,YDR398W,0,-6.6367464,0.09527438879013062,1.0,0.9495999813079834
YMR035W,YLR435W,0,-6.637608,0.09526531398296356,1.0,0.9496999979019165
YMR311C,YBR156C,0,-6.638596,0.09525623917579651,1.0,0.9498000144958496
YHR194W,YGL096W,0,-6.6415067,0.09524716436862946,1.0,0.9498999714851379
YHR170W,YBR117C,0,-6.642045,0.095238097012043,1.0,0.949999988079071
YOR043W,YNL093W,0,-6.642361,0.09522902220487595,1.0,0.9501000046730042
YER174C,YLR435W,0,-6.6426024,0.09521995484828949,1.0,0.9502000212669373
YOL082W,YNL291C,0,-6.643686,0.09521089494228363,1.0,0.9502999782562256
YOR173W,YLR275W,0,-6.6448607,0.09520182758569717,1.0,0.9503999948501587
YPL026C,YCR018C,0,-6.646439,0.09519276767969131,1.0,0.9505000114440918
YGL099W,YDR055W,0,-6.646891,0.09518370777368546,1.0,0.9506000280380249
YOR039W,YBR156C,0,-6.6485996,0.0951746478676796,1.0,0.9506999850273132
YNL075W,YKL197C,0,-6.64914,0.09516558796167374,1.0,0.9508000016212463
YGR195W,YAL030W,0,-6.6492486,0.09515653550624847,1.0,0.9509000182151794
YMR283C,YOR297C,0,-6.6537476,0.09514747560024261,1.0,0.9509999752044678
YLR295C,YHR068W,0,-6.6560764,0.09513842314481735,1.0,0.9510999917984009
YDR231C,YER127W,0,-6.656256,0.09512937813997269,1.0,0.951200008392334
YDR308C,YGR008C,0,-6.659883,0.09512032568454742,1.0,0.9513000249862671
YJL164C,YNL044W,0,-6.662521,0.09511128067970276,1.0,0.9513999819755554
YPL043W,YIL119C,0,-6.664049,0.0951022356748581,1.0,0.9514999985694885
YLR205C,YDR092W,0,-6.664088,0.09509319067001343,1.0,0.9516000151634216
YML028W,YOR272W,0,-6.6646247,0.09508415311574936,1.0,0.95169997215271
YDR435C,YGR195W,0,-6.664655,0.0950751081109047,1.0,0.9517999887466431
YGR109C,YHR008C,0,-6.6651616,0.09506607055664062,1.0,0.9519000053405762
YGR044C,YDL083C,0,-6.667579,0.09505703300237656,1.0,0.9520000219345093
YPR021C,YPR137W,0,-6.668222,0.09504800289869308,1.0,0.9520999789237976
YNL221C,YCR057C,0,-6.6689167,0.09503896534442902,1.0,0.9521999955177307
YMR250W,YOR274W,0,-6.669062,0.09502993524074554,1.0,0.9523000121116638
YJL093C,YNL093W,0,-6.6696076,0.09502090513706207,1.0,0.9524000287055969
YHR094C,YOL129W,0,-6.6713514,0.0950118750333786,1.0,0.9524999856948853
YOL016C,YBR214W,0,-6.67171,0.09500285238027573,1.0,0.9526000022888184
YGR244C,YJR143C,0,-6.674982,0.09499382227659225,1.0,0.9527000188827515
YDR214W,YLR411W,0,-6.6759553,0.09498479962348938,1.0,0.9527999758720398
YDL207W,YGR248W,0,-6.678374,0.0949757844209671,1.0,0.9528999924659729
YNR001C,YKR026C,0,-6.6793704,0.09496676176786423,1.0,0.953000009059906
YFR030W,YPR161C,0,-6.679958,0.09495774656534195,1.0,0.9531000256538391
YDL056W,YLR009W,0,-6.6821804,0.09494873136281967,1.0,0.9531999826431274
YDR173C,YPL270W,0,-6.6861672,0.0949397161602974,1.0,0.9532999992370605
YEL022W,YBR083W,0,-6.686444,0.09493070095777512,1.0,0.9534000158309937
YPL058C,YBR196C,0,-6.6870866,0.09492169320583344,1.0,0.953499972820282
YJR033C,YPR110C,0,-6.6876645,0.09491267800331116,1.0,0.9535999894142151
YJL148W,YJL138C,0,-6.688683,0.09490367025136948,1.0,0.9537000060081482
YGL229C,YDR429C,0,-6.689369,0.09489466995000839,1.0,0.9538000226020813
YLR163C,YGL208W,0,-6.6956234,0.09488566219806671,1.0,0.9538999795913696
YHR001W-A,YLR183C,0,-6.6957593,0.09487666189670563,1.0,0.9539999961853027
YJL148W,YER082C,0,-6.69907,0.09486766159534454,1.0,0.9541000127792358
YDR173C,YDR164C,0,-6.701094,0.09485866129398346,1.0,0.954200029373169
YMR135C,YLR221C,0,-6.7030663,0.09484966099262238,1.0,0.9542999863624573
YCL054W,YDR346C,0,-6.7088933,0.09484066814184189,1.0,0.9544000029563904
YFL016C,YJL138C,0,-6.713488,0.0948316752910614,1.0,0.9545000195503235
YBR142W,YKR003W,0,-6.714574,0.09482268244028091,1.0,0.9545999765396118
YAL003W,YGR284C,0,-6.715719,0.09481368958950043,1.0,0.9546999931335449
YGL187C,YDR346C,0,-6.7192273,0.09480470418930054,1.0,0.954800009727478
YMR143W,YKL125W,0,-6.7209473,0.09479571878910065,1.0,0.9549000263214111
YJR131W,YBL064C,0,-6.7238226,0.09478673338890076,1.0,0.9549999833106995
YNL163C,YHL024W,0,-6.7258315,0.09477774798870087,1.0,0.9550999999046326
YJL116C,YCL052C,0,-6.7304378,0.09476876258850098,1.0,0.9552000164985657
YJL102W,YOR150W,0,-6.739594,0.09475978463888168,1.0,0.955299973487854
YOR080W,YGR256W,0,-6.7403655,0.09475080668926239,1.0,0.9553999900817871
YLL035W,YNL207W,0,-6.7423787,0.0947418287396431,1.0,0.9555000066757202
YPL200W,YER053C,0,-6.747295,0.0947328507900238,1.0,0.9556000232696533
YLR411W,YFL031W,0,-6.750067,0.09472388029098511,1.0,0.9556999802589417
YJL125C,YGR288W,0,-6.7503304,0.09471490979194641,1.0,0.9557999968528748
YFL002W-A,YMR045C,0,-6.7512555,0.09470593929290771,1.0,0.9559000134468079
YLR172C,YNL247W,0,-6.752048,0.09469696879386902,1.0,0.9559999704360962
YFR053C,YJL138C,0,-6.756968,0.09468800574541092,1.0,0.9560999870300293
YHL024W,YDL020C,0,-6.7607613,0.09467903524637222,1.0,0.9562000036239624
YLR216C,YHR148W,0,-6.76475,0.09467007219791412,1.0,0.9563000202178955
YKL194C,YGR103W,0,-6.769761,0.09466111660003662,1.0,0.9563999772071838
YDR122W,YCL032W,0,-6.7713904,0.09465215355157852,1.0,0.9564999938011169
YMR049C,YDR517W,0,-6.7747717,0.09464319795370102,1.0,0.95660001039505
YFL025C,YER103W,0,-6.777423,0.09463424235582352,1.0,0.9567000269889832
YNL331C,YGR245C,0,-6.779876,0.09462528675794601,1.0,0.9567999839782715
YDR069C,YEL060C,0,-6.7801075,0.09461633116006851,1.0,0.9569000005722046
YOR317W,YJL106W,0,-6.78298,0.0946073830127716,1.0,0.9570000171661377
YGR077C,YKR056W,0,-6.7856507,0.0945984274148941,1.0,0.957099974155426
YHR203C,YLR372W,0,-6.785761,0.0945894792675972,1.0,0.9571999907493591
YGL087C,YHR196W,0,-6.790674,0.09458053857088089,1.0,0.9573000073432922
YOL147C,YDR330W,0,-6.7907395,0.09457159042358398,1.0,0.9574000239372253
YKL144C,YMR030W,0,-6.79109,0.09456264972686768,1.0,0.9574999809265137
YJL111W,YER062C,0,-6.79472,0.09455370903015137,1.0,0.9575999975204468
YOR136W,YPR132W,0,-6.800195,0.09454476833343506,1.0,0.9577000141143799
YHR120W,YBR214W,0,-6.8016887,0.09453582763671875,1.0,0.9577999711036682
YEL012W,YIL039W,0,-6.8077574,0.09452689439058304,1.0,0.9578999876976013
YBL064C,YDL216C,0,-6.8126216,0.09451796114444733,1.0,0.9580000042915344
YBR026C,YIL007C,0,-6.8127766,0.09450902789831161,1.0,0.9581000208854675
YOR173W,YAL002W,0,-6.813059,0.0945000946521759,1.0,0.9581999778747559
YDL213C,YOR035C,0,-6.8139215,0.09449116140604019,1.0,0.958299994468689
YNL294C,YML007W,0,-6.8168902,0.09448223561048508,1.0,0.9584000110626221
YDL181W,YHL007C,0,-6.8234143,0.09447330981492996,1.0,0.9585000276565552
YKR081C,YJR104C,0,-6.8234725,0.09446438401937485,1.0,0.9585999846458435
YDL078C,YHR062C,0,-6.8245807,0.09445546567440033,1.0,0.9587000012397766
YEL060C,YBR192W,0,-6.8248377,0.09444653987884521,1.0,0.9588000178337097
YGL256W,YKR052C,0,-6.8253813,0.0944376215338707,1.0,0.958899974822998
YGR008C,YML025C,0,-6.834378,0.09442870318889618,1.0,0.9589999914169312
YOL059W,YNR053C,0,-6.8394156,0.09441979229450226,1.0,0.9591000080108643
YKL150W,YJR143C,0,-6.840945,0.09441087394952774,1.0,0.9592000246047974
YDR518W,YLR409C,0,-6.845917,0.09440196305513382,1.0,0.9592999815940857
YJR063W,YNL151C,0,-6.854036,0.0943930521607399,1.0,0.9593999981880188
YEL022W,YLR205C,0,-6.855759,0.09438414126634598,1.0,0.9595000147819519
YKR076W,YOR048C,0,-6.8561416,0.09437523782253265,1.0,0.9595999717712402
YGL209W,YJR009C,0,-6.8565817,0.09436632692813873,1.0,0.9596999883651733
YNL055C,YGL120C,0,-6.856787,0.09435742348432541,1.0,0.9598000049591064
YIL062C,YIR041W,0,-6.857025,0.09434852004051208,1.0,0.9599000215530396
YDR273W,YDR296W,0,-6.8624654,0.09433962404727936,1.0,0.9599999785423279
YHR062C,YHR021C,0,-6.863212,0.09433072060346603,1.0,0.960099995136261
YPR154W,YGL095C,0,-6.8645587,0.0943218246102333,1.0,0.9602000117301941
YGL104C,YML131W,0,-6.8651705,0.09431292861700058,1.0,0.9603000283241272
YGR132C,YJR059W,0,-6.8653154,0.09430403262376785,1.0,0.9603999853134155
YKR099W,YPL214C,0,-6.8681645,0.09429514408111572,1.0,0.9605000019073486
YKL086W,YKR056W,0,-6.869895,0.09428625553846359,1.0,0.9606000185012817
YER062C,YHR150W,0,-6.8724523,0.09427736699581146,1.0,0.9606999754905701
YGL016W,YER103W,0,-6.873635,0.09426847845315933,1.0,0.9607999920845032
YMR136W,YPL040C,0,-6.8805704,0.0942595899105072,1.0,0.9609000086784363
YGR209C,YOL097C,0,-6.898102,0.09425070881843567,1.0,0.9610000252723694
YER179W,YCL059C,0,-6.8985915,0.09424182772636414,1.0,0.9610999822616577
YMR136W,YHL024W,0,-6.8991113,0.0942329466342926,1.0,0.9611999988555908
YBL078C,YER122C,0,-6.901462,0.09422406554222107,1.0,0.9613000154495239
YAR019C,YJL033W,0,-6.904065,0.09421518445014954,1.0,0.9613999724388123
YLR215C,YFL026W,0,-6.9047885,0.0942063108086586,1.0,0.9614999890327454
YLR216C,YOR047C,0,-6.907671,0.09419743716716766,1.0,0.9616000056266785
YLR205C,YKL093W,0,-6.908609,0.09418856352567673,1.0,0.9617000222206116
YPR144C,YIL117C,0,-6.9100237,0.09417969733476639,1.0,0.9617999792098999
YOL077C,YPL147W,0,-6.9108114,0.09417082369327545,1.0,0.961899995803833
YHR015W,YFL026W,0,-6.9159713,0.09416195750236511,1.0,0.9620000123977661
YDR268W,YLR263W,0,-6.918218,0.09415309131145477,1.0,0.9621000289916992
YNR058W,YOR078W,0,-6.9184666,0.09414423257112503,1.0,0.9621999859809875
YGL205W,YJR063W,0,-6.92387,0.09413536638021469,1.0,0.9623000025749207
YER154W,YPL058C,0,-6.924896,0.09412650763988495,1.0,0.9624000191688538
YPL262W,YLR009W,0,-6.9255815,0.0941176488995552,1.0,0.9624999761581421
YPL123C,YMR305C,0,-6.926254,0.09410879015922546,1.0,0.9625999927520752
YNR038W,YOR287C,0,-6.927613,0.09409993141889572,1.0,0.9627000093460083
YNL117W,YDR449C,0,-6.9287,0.09409108012914658,1.0,0.9628000259399414
YCR086W,YPR154W,0,-6.9292026,0.09408222883939743,1.0,0.9628999829292297
YLR270W,YGL200C,0,-6.9319005,0.09407337754964828,1.0,0.9629999995231628
YGR244C,YHR016C,0,-6.9342813,0.09406452625989914,1.0,0.963100016117096
YNL008C,YIL013C,0,-6.934423,0.09405568242073059,1.0,0.9631999731063843
YOR078W,YEL054C,0,-6.9357996,0.09404683858156204,1.0,0.9632999897003174
YCL059C,YGL097W,0,-6.9426537,0.0940379947423935,1.0,0.9634000062942505
YDR300C,YDR312W,0,-6.944224,0.09402915090322495,1.0,0.9635000228881836
YGL187C,YDR122W,0,-6.9476905,0.0940203070640564,1.0,0.9635999798774719
YDR122W,YPR041W,0,-6.9524884,0.09401147067546844,1.0,0.963699996471405
YDR345C,YGR289C,0,-6.9528975,0.0940026342868805,1.0,0.9638000130653381
YOR074C,YPL093W,0,-6.9571605,0.09399379789829254,1.0,0.9639000296592712
YDL208W,YGR231C,0,-6.959137,0.09398496150970459,1.0,0.9639999866485596
YIL079C,YDR270W,0,-6.9594293,0.09397613257169724,1.0,0.9641000032424927
YLR157C,YBL102W,0,-6.9634356,0.09396729618310928,1.0,0.9642000198364258
YPL154C,YPL147W,0,-6.964582,0.09395846724510193,1.0,0.9642999768257141
YHR094C,YJL179W,0,-6.9712777,0.09394964575767517,1.0,0.9643999934196472
YAL015C,YDR259C,0,-6.9720645,0.09394081681966782,1.0,0.9645000100135803
YPL265W,YLR044C,0,-6.9749637,0.09393199533224106,1.0,0.9646000266075134
YGR088W,YGL143C,0,-6.9769907,0.0939231738448143,1.0,0.9646999835968018
YLL009C,YGL122C,0,-6.9789042,0.09391435235738754,1.0,0.9648000001907349
YLR129W,YOL121C,0,-6.9800377,0.09390553086996078,1.0,0.964900016784668
YDR273W,YLR048W,0,-6.982271,0.09389671683311462,1.0,0.9649999737739563
YMR260C,YNL313C,0,-6.98325,0.09388789534568787,1.0,0.9650999903678894
YBR015C,YBR183W,0,-6.9860563,0.0938790813088417,1.0,0.9652000069618225
YMR290C,YKL093W,0,-6.9905343,0.09387027472257614,1.0,0.9653000235557556
YLR144C,YPL087W,0,-6.9936743,0.09386146068572998,1.0,0.965399980545044
YEL054C,YKL056C,0,-6.9981613,0.09385265409946442,1.0,0.965499997138977
YLL019C,YIL070C,0,-7.0015492,0.09384384751319885,1.0,0.9656000137329102
YHL036W,YGL171W,0,-7.0086384,0.09383504092693329,1.0,0.9656999707221985
YLR158C,YEL069C,0,-7.0090365,0.09382623434066772,1.0,0.9657999873161316
YNL075W,YPL006W,0,-7.013969,0.09381742775440216,1.0,0.9659000039100647
YDL007W,YOR297C,0,-7.014508,0.0938086286187172,1.0,0.9660000205039978
YLR006C,YML131W,0,-7.017782,0.09379982948303223,1.0,0.9660999774932861
YLR172C,YER127W,0,-7.0181665,0.09379103034734726,1.0,0.9661999940872192
YOL077C,YBL022C,0,-7.020375,0.09378223866224289,1.0,0.9663000106811523
YBR156C,YKL178C,0,-7.0222826,0.09377344697713852,1.0,0.9664000272750854
YMR137C,YPL123C,0,-7.02303,0.09376464784145355,1.0,0.9664999842643738
YAL025C,YGR074W,0,-7.0265255,0.09375585615634918,1.0,0.9666000008583069
YKR036C,YNL274C,0,-7.030975,0.09374707192182541,1.0,0.96670001745224
YDR086C,YEL012W,0,-7.0311027,0.09373828023672104,1.0,0.9667999744415283
YDR273W,YJR069C,0,-7.0387874,0.09372949600219727,1.0,0.9668999910354614
YOR185C,YGL098W,0,-7.038962,0.09372071176767349,1.0,0.9670000076293945
YFL022C,YLR372W,0,-7.0423594,0.09371192753314972,1.0,0.9671000242233276
YLR172C,YJL148W,0,-7.044889,0.09370315074920654,1.0,0.967199981212616
YJL005W,YNL075W,0,-7.0456657,0.09369436651468277,1.0,0.9672999978065491
YDR273W,YGR211W,0,-7.0462112,0.0936855897307396,1.0,0.9674000144004822
YBR185C,YPL093W,0,-7.0473747,0.09367681294679642,1.0,0.9674999713897705
YBR155W,YBR126C,0,-7.054583,0.09366804361343384,1.0,0.9675999879837036
YJR105W,YLR189C,0,-7.054986,0.09365926682949066,1.0,0.9677000045776367
YNL282W,YKL099C,0,-7.055961,0.09365049749612808,1.0,0.9678000211715698
YOL135C,YJL116C,0,-7.0577765,0.0936417281627655,1.0,0.9678999781608582
YGR177C,YNL093W,0,-7.05786,0.09363295882940292,1.0,0.9679999947547913
YGR134W,YKL026C,0,-7.0587387,0.09362418949604034,1.0,0.9681000113487244
YFL018C,YGR103W,0,-7.059699,0.09361542761325836,1.0,0.9682000279426575
YML075C,YER142C,0,-7.065515,0.09360666573047638,1.0,0.9682999849319458
YGR088W,YIR025W,0,-7.069759,0.0935979038476944,1.0,0.9684000015258789
YIL103W,YKL026C,0,-7.070005,0.09358914196491241,1.0,0.968500018119812
YGL078C,YJR004C,0,-7.0731683,0.09358038753271103,1.0,0.9685999751091003
YLR129W,YNL007C,0,-7.0740576,0.09357162564992905,1.0,0.9686999917030334
YFR008W,YFL026W,0,-7.074369,0.09356287121772766,1.0,0.9688000082969666
YMR143W,YBR214W,0,-7.075166,0.09355412423610687,1.0,0.9689000248908997
YNL094W,YGL096W,0,-7.076405,0.09354536980390549,1.0,0.968999981880188
YDR085C,YPR134W,0,-7.082377,0.0935366228222847,1.0,0.9690999984741211
YLR342W,YOL151W,0,-7.093332,0.09352786839008331,1.0,0.9692000150680542
YDR231C,YNL256W,0,-7.0987225,0.09351912140846252,1.0,0.9692999720573425
YOR120W,YPL098C,0,-7.1000867,0.09351038187742233,1.0,0.9693999886512756
YML132W,YDL055C,0,-7.1003714,0.09350163489580154,1.0,0.9695000052452087
YMR303C,YPR056W,0,-7.1017823,0.09349289536476135,1.0,0.9696000218391418
YPR001W,YGR231C,0,-7.106917,0.09348415583372116,1.0,0.9696999788284302
YNR053C,YMR201C,0,-7.1084113,0.09347541630268097,1.0,0.9697999954223633
YGL111W,YHR161C,0,-7.1084332,0.09346667677164078,1.0,0.9699000120162964
YGR284C,YDL201W,0,-7.119265,0.09345794469118118,1.0,0.9700000286102295
YLL035W,YOR095C,0,-7.1205792,0.09344921261072159,1.0,0.9700999855995178
YDR365C,YDR037W,0,-7.1223564,0.093440480530262,1.0,0.9702000021934509
YKL213C,YMR142C,0,-7.1242194,0.0934317484498024,1.0,0.970300018787384
YGL087C,YLR002C,0,-7.1249795,0.0934230163693428,1.0,0.9703999757766724
YLL019C,YBR037C,0,-7.128386,0.0934142917394638,1.0,0.9704999923706055
YJL124C,YOR297C,0,-7.1312675,0.09340556710958481,1.0,0.9706000089645386
YGR256W,YPL237W,0,-7.140987,0.09339684247970581,1.0,0.9707000255584717
YCR005C,YGL210W,0,-7.142725,0.09338811784982681,1.0,0.97079998254776
YLR139C,YER103W,0,-7.1466913,0.09337940067052841,1.0,0.9708999991416931
YNL328C,YBR156C,0,-7.1501102,0.09337068349123001,1.0,0.9710000157356262
YGR113W,YMR136W,0,-7.154441,0.09336196631193161,1.0,0.9710999727249146
YJR070C,YDR202C,0,-7.1577644,0.09335324913263321,1.0,0.9711999893188477
YLR060W,YPL092W,0,-7.158831,0.09334453195333481,1.0,0.9713000059127808
YBL078C,YKL146W,0,-7.164013,0.093335822224617,1.0,0.9714000225067139
YBR029C,YHR008C,0,-7.164349,0.0933271124958992,1.0,0.9714999794960022
YLR009W,YGR085C,0,-7.169315,0.0933184027671814,1.0,0.9715999960899353
YGR224W,YLR205C,0,-7.1704793,0.09330969303846359,1.0,0.9717000126838684
YDL024C,YNL207W,0,-7.181045,0.09330099076032639,1.0,0.9718000292778015
YKL004W,YBR177C,0,-7.181736,0.09329228103160858,1.0,0.9718999862670898
YHR170W,YDR202C,0,-7.1900363,0.09328357875347137,1.0,0.972000002861023
YCR034W,YJR070C,0,-7.190957,0.09327488392591476,1.0,0.972100019454956
YGR088W,YJR074W,0,-7.1935825,0.09326618164777756,1.0,0.9721999764442444
YHR143W,YBL075C,0,-7.194835,0.09325748682022095,1.0,0.9722999930381775
YKL120W,YGL229C,0,-7.2006035,0.09324878454208374,1.0,0.9724000096321106
YOL077C,YNL293W,0,-7.215052,0.09324008971452713,1.0,0.9725000262260437
YBL064C,YPR036W,0,-7.2295275,0.09323140233755112,1.0,0.972599983215332
YOR310C,YPR198W,0,-7.233855,0.0932227075099945,1.0,0.9726999998092651
YIL033C,YOL151W,0,-7.2351108,0.0932140201330185,1.0,0.9728000164031982
YGR109C,YHR007C,0,-7.2365475,0.09320533275604248,1.0,0.9728999733924866
YLR205C,YPL268W,0,-7.2399683,0.09319664537906647,1.0,0.9729999899864197
YER025W,YLR409C,0,-7.2418094,0.09318795800209045,1.0,0.9731000065803528
YJL101C,YLL034C,0,-7.242386,0.09317927807569504,1.0,0.9732000231742859
YCL052C,YMR239C,0,-7.2448025,0.09317059814929962,1.0,0.9732999801635742
YPL196W,YLR354C,0,-7.253259,0.0931619182229042,1.0,0.9733999967575073
YLR069C,YDR023W,0,-7.2551465,0.09315323829650879,1.0,0.9735000133514404
YNL209W,YJL141C,0,-7.2565255,0.09314455837011337,1.0,0.9735999703407288
YFL014W,YPL002C,0,-7.2631807,0.09313588589429855,1.0,0.9736999869346619
YPR167C,YJL148W,0,-7.264883,0.09312721341848373,1.0,0.973800003528595
YHR175W,YBR126C,0,-7.267496,0.09311854094266891,1.0,0.9739000201225281
YHR116W,YNL130C,0,-7.2682204,0.0931098684668541,1.0,0.9739999771118164
YER174C,YHR065C,0,-7.27091,0.09310120344161987,1.0,0.9740999937057495
YDR256C,YBR026C,0,-7.272874,0.09309253096580505,1.0,0.9742000102996826
YGL078C,YIR017C,0,-7.2807794,0.09308386594057083,1.0,0.9743000268936157
YJL102W,YDR175C,0,-7.291093,0.0930752083659172,1.0,0.974399983882904
YML120C,YER118C,0,-7.2993855,0.09306654334068298,1.0,0.9745000004768372
YPL037C,YPR154W,0,-7.3005757,0.09305787831544876,1.0,0.9746000170707703
YHR152W,YGL096W,0,-7.305299,0.09304922074079514,1.0,0.9746999740600586
YJR091C,YPL196W,0,-7.305302,0.09304056316614151,1.0,0.9747999906539917
YOL082W,YMR285C,0,-7.3141475,0.09303191304206848,1.0,0.9749000072479248
YPL043W,YOL128C,0,-7.315555,0.09302325546741486,1.0,0.9750000238418579
YER127W,YMR030W,0,-7.3252687,0.09301460534334183,1.0,0.9750999808311462
YHL020C,YFL026W,0,-7.327615,0.0930059552192688,1.0,0.9751999974250793
YNL037C,YDL081C,0,-7.3307047,0.09299730509519577,1.0,0.9753000140190125
YBR247C,YGL255W,0,-7.332172,0.09298865497112274,1.0,0.9753999710083008
YMR303C,YOR054C,0,-7.3329234,0.09298001229763031,1.0,0.9754999876022339
YER117W,YMR143W,0,-7.3337803,0.09297136217355728,1.0,0.975600004196167
YPR134W,YCR061W,0,-7.3347354,0.09296271950006485,1.0,0.9757000207901001
YDL132W,YGL120C,0,-7.3404026,0.09295408427715302,1.0,0.9757999777793884
YOR173W,YFR055W,0,-7.3488274,0.09294544160366058,1.0,0.9758999943733215
YOR120W,YGR082W,0,-7.3494477,0.09293680638074875,1.0,0.9760000109672546
YAL059W,YGR185C,0,-7.3547025,0.09292816370725632,1.0,0.9761000275611877
YER053C,YBL050W,0,-7.3558846,0.09291952848434448,1.0,0.9761999845504761
YMR049C,YCR067C,0,-7.3642964,0.09291090071201324,1.0,0.9763000011444092
YDL213C,YOR095C,0,-7.365385,0.09290226548910141,1.0,0.9764000177383423
YKL026C,YBR117C,0,-7.3662477,0.09289363771677017,1.0,0.9764999747276306
YGL205W,YMR229C,0,-7.370881,0.09288500994443893,1.0,0.9765999913215637
YLR186W,YNL142W,0,-7.3715777,0.0928763821721077,1.0,0.9767000079154968
YDR446W,YOR317W,0,-7.3808,0.09286775439977646,1.0,0.9768000245094299
YHR170W,YDL014W,0,-7.3854504,0.09285913407802582,1.0,0.9768999814987183
YER105C,YGR248W,0,-7.386607,0.09285051375627518,1.0,0.9769999980926514
YOR028C,YNR053C,0,-7.38897,0.09284189343452454,1.0,0.9771000146865845
YMR041C,YOL126C,0,-7.3920503,0.0928332731127739,1.0,0.9771999716758728
YER052C,YPL012W,0,-7.392878,0.09282465279102325,1.0,0.9772999882698059
YNL331C,YDR214W,0,-7.395141,0.09281603991985321,1.0,0.977400004863739
YNL009W,YDR259C,0,-7.399796,0.09280742704868317,1.0,0.9775000214576721
YCL040W,YOR274W,0,-7.4086204,0.09279881417751312,1.0,0.9775999784469604
YMR290C,YMR030W,0,-7.410433,0.09279020130634308,1.0,0.9776999950408936
YJR076C,YER103W,0,-7.410687,0.09278158843517303,1.0,0.9778000116348267
YER119C,YHR175W,0,-7.4149013,0.09277298301458359,1.0,0.9779000282287598
YPL095C,YLR205C,0,-7.4306364,0.09276437759399414,1.0,0.9779999852180481
YJL148W,YNL151C,0,-7.43191,0.0927557721734047,1.0,0.9781000018119812
YAL033W,YBR183W,0,-7.432068,0.09274717420339584,1.0,0.9782000184059143
YBL064C,YJL054W,0,-7.432227,0.0927385687828064,1.0,0.9782999753952026
YBL075C,YDR400W,0,-7.436067,0.09272997081279755,1.0,0.9783999919891357
YCL059C,YDR335W,0,-7.44704,0.0927213728427887,1.0,0.9785000085830688
YBR066C,YDR088C,0,-7.4510465,0.09271277487277985,1.0,0.978600025177002
YLR411W,YNL318C,0,-7.453216,0.09270418435335159,1.0,0.9786999821662903
YIL117C,YCR057C,0,-7.4560294,0.09269558638334274,1.0,0.9787999987602234
YFR046C,YOR120W,0,-7.4586954,0.09268699586391449,1.0,0.9789000153541565
YMR081C,YDR449C,0,-7.4602065,0.09267840534448624,1.0,0.9789999723434448
YJR155W,YIL124W,0,-7.4659104,0.09266981482505798,1.0,0.9790999889373779
YPL196W,YML092C,0,-7.468352,0.09266123175621033,1.0,0.979200005531311
YNL274C,YGR055W,0,-7.4722576,0.09265264868736267,1.0,0.9793000221252441
YDL045C,YPL196W,0,-7.4751334,0.09264405816793442,1.0,0.9793999791145325
YKR076W,YER116C,0,-7.4803004,0.09263548254966736,1.0,0.9794999957084656
YHR116W,YOR031W,0,-7.486618,0.0926268994808197,1.0,0.9796000123023987
YOR245C,YBR142W,0,-7.4875083,0.09261831641197205,1.0,0.9797000288963318
YBR035C,YLR372W,0,-7.4894614,0.09260974079370499,1.0,0.9797999858856201
YJL122W,YDL208W,0,-7.500216,0.09260116517543793,1.0,0.9799000024795532
YGL171W,YJR104C,0,-7.505081,0.09259258955717087,1.0,0.9800000190734863
YGL099W,YNL313C,0,-7.5106654,0.0925840213894844,1.0,0.9800999760627747
YMR308C,YGL171W,0,-7.514346,0.09257544577121735,1.0,0.9801999926567078
YLR189C,YOL013C,0,-7.524776,0.09256687760353088,1.0,0.9803000092506409
YDR101C,YLR006C,0,-7.5262985,0.09255830943584442,1.0,0.980400025844574
YPL086C,YHR196W,0,-7.5308537,0.09254974871873856,1.0,0.9804999828338623
YNR016C,YOR185C,0,-7.534338,0.0925411805510521,1.0,0.9805999994277954
YNL008C,YJL148W,0,-7.551123,0.09253261983394623,1.0,0.9807000160217285
YKL021C,YPL152W,0,-7.5550137,0.09252405911684036,1.0,0.9807999730110168
YML130C,YBL039C,0,-7.55927,0.0925154983997345,1.0,0.98089998960495
YLR107W,YJL190C,0,-7.559906,0.09250693768262863,1.0,0.9810000061988831
YOR317W,YOR341W,0,-7.5625033,0.09249838441610336,1.0,0.9811000227928162
YDL079C,YOR272W,0,-7.581537,0.0924898236989975,1.0,0.9811999797821045
YIL103W,YKR081C,0,-7.5892177,0.09248127043247223,1.0,0.9812999963760376
YOR173W,YMR047C,0,-7.601761,0.09247271716594696,1.0,0.9814000129699707
YPL061W,YPR154W,0,-7.6019683,0.09246417135000229,1.0,0.9815000295639038
YPL095C,YPR190C,0,-7.6142073,0.09245561808347702,1.0,0.9815999865531921
YPL146C,YNL163C,0,-7.617245,0.09244707226753235,1.0,0.9817000031471252
YOR100C,YDR258C,0,-7.619279,0.09243852645158768,1.0,0.9818000197410583
YHL024W,YDR382W,0,-7.625381,0.092429980635643,1.0,0.9818999767303467
YCR053W,YER082C,0,-7.6339726,0.09242144227027893,1.0,0.9819999933242798
YML132W,YHR203C,0,-7.6391025,0.09241290390491486,1.0,0.9821000099182129
YBR035C,YOR243C,0,-7.641242,0.09240435808897018,1.0,0.982200026512146
YLR405W,YGR159C,0,-7.641263,0.0923958271741867,1.0,0.9822999835014343
YOL130W,YDL022W,0,-7.6439753,0.09238728880882263,1.0,0.9824000000953674
YER053C,YDL216C,0,-7.644461,0.09237875044345856,1.0,0.9825000166893005
YOR316C,YFR053C,0,-7.647184,0.09237021952867508,1.0,0.9825999736785889
YLR205C,YDL085W,0,-7.6499267,0.0923616886138916,1.0,0.982699990272522
YER062C,YCL044C,0,-7.65043,0.09235315769910812,1.0,0.9828000068664551
YLL034C,YGR245C,0,-7.6508584,0.09234462678432465,1.0,0.9829000234603882
YDR256C,YKL084W,0,-7.6566544,0.09233610332012177,1.0,0.9829999804496765
YLR172C,YCR083W,0,-7.6593895,0.09232757985591888,1.0,0.9830999970436096
YNR001C,YGL055W,0,-7.660256,0.092319056391716,1.0,0.9832000136375427
YGL087C,YPL093W,0,-7.6604924,0.09231053292751312,1.0,0.983299970626831
YOL065C,YGR103W,0,-7.6655145,0.09230200946331024,1.0,0.9833999872207642
YOR173W,YDL097C,0,-7.673066,0.09229349344968796,1.0,0.9835000038146973
YMR250W,YDR183W,0,-7.673681,0.09228497743606567,1.0,0.9836000204086304
YOR317W,YLR002C,0,-7.6742578,0.09227646142244339,1.0,0.9836999773979187
YOR245C,YER127W,0,-7.676396,0.0922679454088211,1.0,0.9837999939918518
YAL040C,YBL075C,0,-7.678142,0.09225943684577942,1.0,0.9839000105857849
YLR397C,YGR200C,0,-7.6781993,0.09225092083215714,1.0,0.984000027179718
YMR136W,YER171W,0,-7.6805453,0.09224241226911545,1.0,0.9840999841690063
YOL077C,YPR137W,0,-7.6912146,0.09223390370607376,1.0,0.9842000007629395
YPL096W,YBL039C,0,-7.695513,0.09222540259361267,1.0,0.9843000173568726
YCR057C,YPL092W,0,-7.7113595,0.09221689403057098,1.0,0.9843999743461609
YBR026C,YJR007W,0,-7.718572,0.0922083929181099,1.0,0.984499990940094
YLR060W,YKL150W,0,-7.7221093,0.0921998918056488,1.0,0.9846000075340271
YBL078C,YDL181W,0,-7.7261224,0.09219139069318771,1.0,0.9847000241279602
YJL219W,YDR449C,0,-7.72747,0.09218288958072662,1.0,0.9847999811172485
YEL065W,YBR069C,0,-7.728444,0.09217439591884613,1.0,0.9848999977111816
YHR065C,YPL214C,0,-7.7287993,0.09216590225696564,1.0,0.9850000143051147
YHR085W,YKL029C,0,-7.733919,0.09215740114450455,1.0,0.9850999712944031
YBR207W,YDL022W,0,-7.7413993,0.09214891493320465,1.0,0.9851999878883362
YHR196W,YNR047W,0,-7.743153,0.09214042127132416,1.0,0.9853000044822693
YER167W,YFL014W,0,-7.745669,0.09213193506002426,1.0,0.9854000210762024
YLR172C,YBR026C,0,-7.7620883,0.09212344884872437,1.0,0.9854999780654907
YMR290C,YFR055W,0,-7.7744503,0.09211496263742447,1.0,0.9855999946594238
YJL060W,YEL054C,0,-7.778605,0.09210647642612457,1.0,0.9857000112533569
YHR052W,YJL190C,0,-7.784653,0.09209799021482468,1.0,0.98580002784729
YEL027W,YOR297C,0,-7.7847514,0.09208951145410538,1.0,0.9858999848365784
YGR088W,YDR461W,0,-7.787556,0.09208103269338608,1.0,0.9860000014305115
YJL099W,YOR173W,0,-7.79374,0.09207255393266678,1.0,0.9861000180244446
YDR256C,YHR031C,0,-7.807959,0.09206407517194748,1.0,0.9861999750137329
YBR185C,YML093W,0,-7.8180847,0.09205560386180878,1.0,0.986299991607666
YLR074C,YDR069C,0,-7.828634,0.09204712510108948,1.0,0.9864000082015991
YOR326W,YBR183W,0,-7.850986,0.09203865379095078,1.0,0.9865000247955322
YHR059W,YFL026W,0,-7.8551083,0.09203018248081207,1.0,0.9865999817848206
YLR074C,YKL007W,0,-7.8597674,0.09202171862125397,1.0,0.9866999983787537
YNL112W,YHR148W,0,-7.8640924,0.09201324731111526,1.0,0.9868000149726868
YNR053C,YPL092W,0,-7.865199,0.09200478345155716,1.0,0.9868999719619751
YGR145W,YJL042W,0,-7.8712807,0.09199631959199905,1.0,0.9869999885559082
YHR170W,YLR002C,0,-7.878446,0.09198785573244095,1.0,0.9871000051498413
YOL077C,YDR272W,0,-7.8867335,0.09197939932346344,1.0,0.9872000217437744
YER053C,YOR119C,0,-7.887426,0.09197093546390533,1.0,0.9872999787330627
YPR190C,YEL012W,0,-7.8908153,0.09196247905492783,1.0,0.9873999953269958
YBR214W,YEL020W-A,0,-7.895062,0.09195402264595032,1.0,0.987500011920929
YPR029C,YFL014W,0,-7.9098477,0.09194556623697281,1.0,0.9876000285148621
YHR079C,YER053C,0,-7.951157,0.0919371172785759,1.0,0.9876999855041504
YNR007C,YHR196W,0,-7.9734015,0.09192866086959839,1.0,0.9878000020980835
YFR053C,YPL093W,0,-7.9758935,0.09192021191120148,1.0,0.9879000186920166
YHR108W,YFL014W,0,-7.9937725,0.09191176295280457,1.0,0.9879999756813049
YNL243W,YKL178C,0,-8.000248,0.09190331399440765,1.0,0.988099992275238
YGR186W,YBR183W,0,-8.011346,0.09189487248659134,1.0,0.9882000088691711
YKL009W,YLR006C,0,-8.024966,0.09188643097877502,1.0,0.9883000254631042
YBR084W,YDR058C,0,-8.026008,0.09187798947095871,1.0,0.9883999824523926
YIL042C,YGR128C,0,-8.028413,0.0918695479631424,1.0,0.9884999990463257
YGR077C,YGR128C,0,-8.029618,0.09186110645532608,1.0,0.9886000156402588
YNL036W,YIL135C,0,-8.033231,0.09185266494750977,1.0,0.9886999726295471
YNL062C,YKL150W,0,-8.036943,0.09184423089027405,1.0,0.9887999892234802
YLR205C,YGR159C,0,-8.0441,0.09183579683303833,1.0,0.9889000058174133
YLR205C,YIR026C,0,-8.045329,0.09182736277580261,1.0,0.9890000224113464
YNR053C,YAR031W,0,-8.051039,0.09181893616914749,1.0,0.9890999794006348
YOL082W,YBR077C,0,-8.062479,0.09181050211191177,1.0,0.9891999959945679
YLR189C,YKL172W,0,-8.065761,0.09180207550525665,1.0,0.989300012588501
YDR273W,YGL001C,0,-8.066929,0.09179364889860153,1.0,0.9894000291824341
YMR229C,YOR004W,0,-8.067215,0.09178522229194641,1.0,0.9894999861717224
YGR177C,YDL149W,0,-8.068712,0.09177679568529129,1.0,0.9896000027656555
YDR258C,YMR125W,0,-8.070958,0.09176837652921677,1.0,0.9897000193595886
YML118W,YBR214W,0,-8.071849,0.09175995737314224,1.0,0.989799976348877
YBL078C,YDR432W,0,-8.094763,0.09175153821706772,1.0,0.9898999929428101
YER103W,YML085C,0,-8.110213,0.0917431190609932,1.0,0.9900000095367432
YOL133W,YFL014W,0,-8.130057,0.09173469990491867,1.0,0.9901000261306763
YOR361C,YLR009W,0,-8.130254,0.09172628819942474,1.0,0.9901999831199646
YOR046C,YBL075C,0,-8.133571,0.09171787649393082,1.0,0.9902999997138977
YJL148W,YAL030W,0,-8.135324,0.09170946478843689,1.0,0.9904000163078308
YOR173W,YJR069C,0,-8.135816,0.09170105308294296,1.0,0.9904999732971191
YGL099W,YPR154W,0,-8.141328,0.09169264882802963,1.0,0.9905999898910522
YML028W,YNL241C,0,-8.146421,0.0916842371225357,1.0,0.9907000064849854
YFL014W,YLR263W,0,-8.169083,0.09167583286762238,1.0,0.9908000230789185
YBL064C,YBR162C,0,-8.184358,0.09166742861270905,1.0,0.9908999800682068
YCR088W,YDR342C,0,-8.192064,0.09165903180837631,1.0,0.9909999966621399
YBR217W,YBR183W,0,-8.21989,0.09165062755346298,1.0,0.991100013256073
YLL008W,YJL042W,0,-8.250736,0.09164223074913025,1.0,0.9911999702453613
YGR284C,YGR103W,0,-8.252452,0.09163383394479752,1.0,0.9912999868392944
YBR207W,YNL202W,0,-8.253535,0.09162543714046478,1.0,0.9914000034332275
YAL040C,YER103W,0,-8.268123,0.09161704033613205,1.0,0.9915000200271606
YPL012W,YDR330W,0,-8.269873,0.09160865098237991,1.0,0.991599977016449
YMR303C,YGL226C-A,0,-8.270303,0.09160025417804718,1.0,0.9916999936103821
YLR002C,YER053C,0,-8.275833,0.09159186482429504,1.0,0.9918000102043152
YIL019W,YER126C,0,-8.311588,0.09158347547054291,1.0,0.9919000267982483
YBR066C,YBL050W,0,-8.31256,0.09157509356737137,1.0,0.9919999837875366
YNL110C,YPR190C,0,-8.316142,0.09156670421361923,1.0,0.9921000003814697
YOR079C,YBR066C,0,-8.323197,0.09155832231044769,1.0,0.9922000169754028
YFL014W,YPL268W,0,-8.335919,0.09154994040727615,1.0,0.9922999739646912
YJR091C,YDR449C,0,-8.349663,0.09154155850410461,1.0,0.9923999905586243
YPR001W,YPL123C,0,-8.357468,0.09153318405151367,1.0,0.9925000071525574
YBL069W,YFL014W,0,-8.3587475,0.09152480214834213,1.0,0.9926000237464905
YLL026W,YBR214W,0,-8.388852,0.09151642769575119,1.0,0.9926999807357788
YOR198C,YGR088W,0,-8.397403,0.09150805324316025,1.0,0.9927999973297119
YOR173W,YGL001C,0,-8.406096,0.0914996787905693,1.0,0.992900013923645
YPR185W,YBL039C,0,-8.4107275,0.09149131178855896,1.0,0.9929999709129333
YLR390W-A,YMR136W,0,-8.413814,0.09148293733596802,1.0,0.9930999875068665
YDL142C,YCR057C,0,-8.430749,0.09147457033395767,1.0,0.9932000041007996
YLL026W,YOR063W,0,-8.455754,0.09146620333194733,1.0,0.9933000206947327
YBR155W,YPL012W,0,-8.467911,0.09145783632993698,1.0,0.993399977684021
YPL123C,YLR150W,0,-8.470762,0.09144947677850723,1.0,0.9934999942779541
YLR129W,YER025W,0,-8.507633,0.09144110977649689,1.0,0.9936000108718872
YDR165W,YIR026C,0,-8.527081,0.09143275022506714,1.0,0.9937000274658203
YFL031W,YBR183W,0,-8.547988,0.09142439067363739,1.0,0.9937999844551086
YBL078C,YMR239C,0,-8.572988,0.09141603112220764,1.0,0.9939000010490417
YAR007C,YBR126C,0,-8.5761,0.09140767902135849,1.0,0.9940000176429749
YDL148C,YBR183W,0,-8.588573,0.09139932692050934,1.0,0.9940999746322632
YBR026C,YML093W,0,-8.591775,0.09139096736907959,1.0,0.9941999912261963
YGR256W,YOR063W,0,-8.597302,0.09138262271881104,1.0,0.9943000078201294
YFL014W,YGL210W,0,-8.604403,0.09137427061796188,1.0,0.9944000244140625
YBR126C,YER082C,0,-8.607326,0.09136591851711273,1.0,0.9944999814033508
YDR182W,YGR088W,0,-8.626569,0.09135757386684418,1.0,0.9945999979972839
YPR154W,YOL020W,0,-8.629136,0.09134922921657562,1.0,0.994700014591217
YGR245C,YBR126C,0,-8.630376,0.09134088456630707,1.0,0.9947999715805054
YGL247W,YGR088W,0,-8.631319,0.09133253991603851,1.0,0.9948999881744385
YNR019W,YDR273W,0,-8.633798,0.09132420271635056,1.0,0.9950000047683716
YDL014W,YDR178W,0,-8.64369,0.091315858066082,1.0,0.9951000213623047
YNL110C,YER006W,0,-8.646095,0.09130752086639404,1.0,0.995199978351593
YPR155C,YHR016C,0,-8.657633,0.09129919111728668,1.0,0.9952999949455261
YFL014W,YER005W,0,-8.686559,0.09129085391759872,1.0,0.9954000115394592
YAL007C,YBL075C,0,-8.707612,0.09128251671791077,1.0,0.9955000281333923
YFL014W,YNL071W,0,-8.715307,0.0912741869688034,1.0,0.9955999851226807
YBR066C,YML060W,0,-8.770783,0.09126585721969604,1.0,0.9957000017166138
YGR159C,YNL292W,0,-8.785405,0.09125752747058868,1.0,0.9958000183105469
YLR270W,YGR231C,0,-8.830815,0.09124920517206192,1.0,0.9958999752998352
YIL034C,YGR280C,0,-8.831008,0.09124087542295456,1.0,0.9959999918937683
YFR053C,YDL014W,0,-8.835369,0.0912325531244278,1.0,0.9961000084877014
YKL035W,YMR302C,0,-8.848948,0.09122423082590103,1.0,0.9962000250816345
YER103W,YHR106W,0,-8.86413,0.09121590852737427,1.0,0.9962999820709229
YFR002W,YBR066C,0,-8.870814,0.0912075862288475,1.0,0.996399998664856
YBL078C,YDR345C,0,-8.89421,0.09119927138090134,1.0,0.9965000152587891
YBL078C,YBR004C,0,-8.917832,0.09119095653295517,1.0,0.9965999722480774
YPL086C,YPL196W,0,-8.931472,0.091182641685009,1.0,0.9966999888420105
YFL014W,YOR127W,0,-8.933341,0.09117432683706284,1.0,0.9968000054359436
YMR136W,YDR434W,0,-8.987575,0.09116601198911667,1.0,0.9969000220298767
YGL099W,YPL146C,0,-8.989545,0.0911577045917511,1.0,0.996999979019165
YGR008C,YBL039C,0,-9.024993,0.09114939719438553,1.0,0.9970999956130981
YNL061W,YPL146C,0,-9.033017,0.09114108979701996,1.0,0.9972000122070312
YLR270W,YDL078C,0,-9.055234,0.09113278239965439,1.0,0.9973000288009644
YGR162W,YJL164C,0,-9.057527,0.09112447500228882,1.0,0.9973999857902527
YDL031W,YMR290C,0,-9.101021,0.09111617505550385,1.0,0.9975000023841858
YOR173W,YKL205W,0,-9.104415,0.09110787510871887,1.0,0.9976000189781189
YER126C,YMR229C,0,-9.187499,0.0910995751619339,1.0,0.9976999759674072
YNL248C,YGR245C,0,-9.279241,0.09109127521514893,1.0,0.9977999925613403
YKL150W,YPL123C,0,-9.363184,0.09108297526836395,1.0,0.9979000091552734
YFL014W,YMR201C,0,-9.37012,0.09107468277215958,1.0,0.9980000257492065
YGR248W,YPL210C,0,-9.380276,0.0910663902759552,1.0,0.9980999827384949
YDL031W,YPL123C,0,-9.429057,0.09105809777975082,1.0,0.998199999332428
YLR048W,YFL026W,0,-9.487897,0.09104980528354645,1.0,0.9983000159263611
YKL007W,YDR342C,0,-9.488813,0.09104151278734207,1.0,0.9983999729156494
YGR200C,YPL146C,0,-9.492602,0.09103322774171829,1.0,0.9984999895095825
YIL034C,YMR049C,0,-9.498347,0.09102494269609451,1.0,0.9986000061035156
YBR066C,YOR036W,0,-9.503026,0.09101665765047073,1.0,0.9987000226974487
YMR250W,YGL253W,0,-9.535485,0.09100837260484695,1.0,0.9987999796867371
YLR009W,YKR056W,0,-9.559706,0.09100008755922318,1.0,0.9988999962806702
YIL062C,YOL082W,0,-9.714697,0.09099180996417999,1.0,0.9990000128746033
YOR173W,YLR048W,0,-9.79324,0.09098353236913681,1.0,0.9991000294685364
YGL099W,YGR128C,0,-10.055736,0.09097525477409363,1.0,0.9991999864578247
YGR088W,YBR295W,0,-10.134457,0.09096697717905045,1.0,0.9993000030517578
YMR250W,YCR072C,0,-10.13642,0.09095870703458786,1.0,0.9994000196456909
YAL059W,YLR009W,0,-10.159405,0.09095042943954468,1.0,0.9994999766349792
YFL014W,YER002W,0,-10.459979,0.09094215929508209,1.0,0.9995999932289124
YIL033C,YGR248W,0,-10.49769,0.0909338891506195,1.0,0.9997000098228455
YOL082W,YGR145W,0,-10.808141,0.09092562645673752,1.0,0.9998000264167786
YOR173W,YNR053C,0,-11.631312,0.09091735631227493,1.0,0.9998999834060669
YLL008W,YGR248W,0,-12.531271,0.09090909361839294,1.0,1.0
