Gene A,Gene B,Label,Score,Precision,Recall,False Positive Rate
YBL020W,YBR152W,0,-6.639075,0.0,0.0,0.0005847953143529594
YJR046W,YLR234W,1,-6.6699853,0.5,0.005847953259944916,0.0005847953143529594
YKL139W,YGR251W,0,-6.69876,0.3333333432674408,0.005847953259944916,0.0011695906287059188
YCL060C,YJL047C,1,-6.8246446,0.5,0.011695906519889832,0.0011695906287059188
YOL068C,YER104W,1,-6.8960557,0.6000000238418579,0.017543859779834747,0.0011695906287059188
YBR289W,YNL304W,0,-6.8966556,0.5,0.017543859779834747,0.001754386001266539
YCL060C,YER104W,1,-6.8999143,0.5714285969734192,0.023391813039779663,0.001754386001266539
YCL060C,YLR234W,1,-6.905052,0.625,0.02923976629972458,0.001754386001266539
YDL020C,YLR234W,1,-6.906139,0.6666666865348816,0.035087719559669495,0.001754386001266539
YHR082C,YOR343W-B,0,-6.908067,0.6000000238418579,0.035087719559669495,0.0023391812574118376
YDL035C,YDR034C-C,0,-6.922289,0.5454545617103577,0.035087719559669495,0.002923976629972458
YLR449W,YCL060C,1,-6.9302754,0.5833333134651184,0.04093567281961441,0.002923976629972458
YPL015C,YLR234W,1,-6.93372,0.6153846383094788,0.046783626079559326,0.002923976629972458
YDR110W,YCL060C,1,-6.934667,0.6428571343421936,0.05263157933950424,0.002923976629972458
YMR016C,YDR532C,0,-6.934789,0.6000000238418579,0.05263157933950424,0.003508772002533078
YJL090C,YCL060C,1,-6.9437585,0.625,0.05847953259944916,0.003508772002533078
YOL068C,YCL060C,1,-6.9441524,0.6470588445663452,0.06432748585939407,0.003508772002533078
YPR182W,YMR046C,0,-6.947882,0.6111111044883728,0.06432748585939407,0.0040935673750936985
YCL004W,YBR284W,0,-6.948995,0.5789473652839661,0.06432748585939407,0.004678362514823675
YCL060C,YJR046W,1,-6.9508414,0.6000000238418579,0.07017543911933899,0.004678362514823675
YGL244W,YDR261W-A,0,-6.9533267,0.5714285969734192,0.07017543911933899,0.005263158120214939
YLR100W,YPR158C-C,0,-6.955316,0.5454545617103577,0.07017543911933899,0.005847953259944916
YNL091W,YPR158C-C,0,-6.961741,0.52173912525177,0.07017543911933899,0.006432748399674892
YNL088W,YLR234W,1,-6.965414,0.5416666865348816,0.0760233923792839,0.006432748399674892
YGR041W,YNL284C-B,0,-6.9697585,0.5199999809265137,0.0760233923792839,0.007017544005066156
YDL243C,YMR133W,0,-6.972441,0.5,0.0760233923792839,0.007602339144796133
YIL131C,YGR027W-A,0,-6.973574,0.48148149251937866,0.0760233923792839,0.008187134750187397
YOL039W,YER137C-A,0,-6.9767423,0.4642857015132904,0.0760233923792839,0.008771929889917374
YPR120C,YJR046W,1,-6.9817944,0.48275861144065857,0.08187134563922882,0.008771929889917374
YDR055W,YDR170W-A,0,-6.9837193,0.46666666865348816,0.08187134563922882,0.00935672502964735
YIL065C,YDR034C-C,0,-6.98476,0.4516128897666931,0.08187134563922882,0.009941520169377327
YMR042W,YDR316W-A,0,-6.9857106,0.4375,0.08187134563922882,0.010526316240429878
YLR266C,YIL082W-A,0,-6.990701,0.42424243688583374,0.08187134563922882,0.011111111380159855
YJL179W,YCR080W,0,-6.9951386,0.4117647111415863,0.08187134563922882,0.011695906519889832
YLR242C,YHL009W-B,0,-6.9961057,0.4000000059604645,0.08187134563922882,0.012280701659619808
YML124C,YCR062W,0,-6.99985,0.3888888955116272,0.08187134563922882,0.012865496799349785
YGR111W,YIL080W,0,-7.006306,0.37837839126586914,0.08187134563922882,0.013450291939079762
YNL279W,YER159C-A,0,-7.0072303,0.3684210479259491,0.08187134563922882,0.014035088010132313
YJR042W,YAR044W,0,-7.010491,0.3589743673801422,0.08187134563922882,0.01461988314986229
YOR145C,YGR027W-B,0,-7.0106215,0.3499999940395355,0.08187134563922882,0.015204678289592266
YGL094C,YNL054W-B,0,-7.011129,0.3414634168148041,0.08187134563922882,0.015789473429322243
YFR041C,YHL009W-B,0,-7.0125546,0.3333333432674408,0.08187134563922882,0.016374269500374794
YDR108W,YER024W,0,-7.0125637,0.3255814015865326,0.08187134563922882,0.016959063708782196
YOR373W,YDR472W,0,-7.01262,0.3181818127632141,0.08187134563922882,0.017543859779834747
YER125W,YOL103W-A,0,-7.0187354,0.31111112236976624,0.08187134563922882,0.0181286558508873
YFL033C,YPL060C-A,0,-7.0194964,0.30434781312942505,0.08187134563922882,0.0187134500592947
YLR175W,YDR210C-C,0,-7.021334,0.2978723347187042,0.08187134563922882,0.019298246130347252
YGL178W,YGR027W-A,0,-7.0258512,0.2916666567325592,0.08187134563922882,0.019883040338754654
YPR139C,YPL060C-A,0,-7.026469,0.2857142984867096,0.08187134563922882,0.020467836409807205
YJL090C,YNL088W,1,-7.0314903,0.30000001192092896,0.08771929889917374,0.020467836409807205
YOL077W-A,YDR170W-A,0,-7.0351067,0.29411765933036804,0.08771929889917374,0.021052632480859756
YNL065W,YDR316W-A,0,-7.039517,0.2884615361690521,0.08771929889917374,0.02163742668926716
YPL015C,YCL060C,1,-7.0433946,0.30188679695129395,0.09356725215911865,0.02163742668926716
YCL024W,YCL051W,0,-7.043691,0.29629629850387573,0.09356725215911865,0.02222222276031971
YKL145W,YDR261W-A,0,-7.044446,0.290909081697464,0.09356725215911865,0.022807016968727112
YFR030W,YGR027W-A,0,-7.0453153,0.2857142984867096,0.09356725215911865,0.023391813039779663
YJL018W,YBL017C,0,-7.0521865,0.28070175647735596,0.09356725215911865,0.023976609110832214
YCL060C,YNL273W,1,-7.0532002,0.2931034564971924,0.09941520541906357,0.023976609110832214
YNR072W,YDR034C-D,0,-7.0561175,0.2881355881690979,0.09941520541906357,0.024561403319239616
YJR076C,YHR079C-B,0,-7.0570874,0.28333333134651184,0.09941520541906357,0.025146199390292168
YOR335C,YBL101W-A,0,-7.058388,0.2786885201931,0.09941520541906357,0.02573099359869957
YDR069C,YDR014W-A,1,-7.058388,0.29032257199287415,0.10526315867900848,0.02573099359869957
YMR284W,YHL009W-A,0,-7.058388,0.2857142984867096,0.10526315867900848,0.02631578966975212
YPR120C,YDR014W-A,1,-7.058388,0.296875,0.1111111119389534,0.02631578966975212
YDR014W-A,YLL002W,1,-7.058388,0.3076923191547394,0.11695906519889832,0.02631578966975212
YDR014W-A,YNL088W,1,-7.058388,0.3181818127632141,0.12280701845884323,0.02631578966975212
YBR172C,YER159C-A,0,-7.058388,0.31343284249305725,0.12280701845884323,0.026900583878159523
YDR014W-A,YOL006C,1,-7.058388,0.3235294222831726,0.12865497171878815,0.026900583878159523
YEL066W,YHL009W-A,0,-7.058388,0.3188405930995941,0.12865497171878815,0.027485379949212074
YDR014W-A,YNL273W,1,-7.058388,0.3285714387893677,0.13450291752815247,0.027485379949212074
YDR014W-A,YJR046W,1,-7.058388,0.3380281627178192,0.14035087823867798,0.027485379949212074
YDR014W-A,YDL042C,1,-7.058388,0.3472222089767456,0.1461988240480423,0.027485379949212074
YDR014W-A,YLR234W,1,-7.058388,0.3561643958091736,0.1520467847585678,0.027485379949212074
YDR182W,YHL009W-A,0,-7.058388,0.3513513505458832,0.1520467847585678,0.028070176020264626
YDR014W-A,YER104W,1,-7.058388,0.36000001430511475,0.15789473056793213,0.028070176020264626
YDR014W-A,YOL068C,1,-7.058388,0.3684210479259491,0.16374269127845764,0.028070176020264626
YPL164C,YNL284C-A,0,-7.058388,0.3636363744735718,0.16374269127845764,0.028654970228672028
YDR014W-A,YJL047C,1,-7.058388,0.3717948794364929,0.16959063708782196,0.028654970228672028
YLR117C,YLR157C-A,0,-7.058388,0.3670886158943176,0.16959063708782196,0.02923976629972458
YDR110W,YDR014W-A,1,-7.058388,0.375,0.17543859779834747,0.02923976629972458
YOR003W,YDR210W-D,0,-7.058388,0.37037035822868347,0.17543859779834747,0.02982456050813198
YJL090C,YDR014W-A,1,-7.058388,0.37804877758026123,0.1812865436077118,0.02982456050813198
YLR449W,YDR014W-A,1,-7.058388,0.3855421543121338,0.1871345043182373,0.02982456050813198
YDR014W-A,YPL015C,1,-7.058388,0.3928571343421936,0.19298245012760162,0.02982456050813198
YDR014W-A,YCL060C,1,-7.058388,0.4000000059604645,0.19883041083812714,0.02982456050813198
YDR014W-A,YDL020C,1,-7.058388,0.40697672963142395,0.20467835664749146,0.02982456050813198
YPL180W,YDR034C-C,0,-7.064195,0.40229883790016174,0.20467835664749146,0.030409356579184532
YJR046W,YNL088W,1,-7.0648217,0.40909090638160706,0.21052631735801697,0.030409356579184532
YCL060C,YNL088W,1,-7.0651402,0.4157303273677826,0.2163742631673813,0.030409356579184532
YCR106W,YFL002W-A,0,-7.06659,0.41111111640930176,0.2163742631673813,0.030994152650237083
YMR001C,YAR044W,0,-7.0703816,0.4065934121608734,0.2163742631673813,0.031578946858644485
YNL059C,YNL118C,0,-7.072152,0.4021739065647125,0.2163742631673813,0.03216374292969704
YOR328W,YGR027W-B,0,-7.0725884,0.3978494703769684,0.2163742631673813,0.03274853900074959
YDR110W,YJR046W,1,-7.074596,0.40425533056259155,0.2222222238779068,0.03274853900074959
YPR121W,YFL058W,0,-7.0775332,0.4000000059604645,0.2222222238779068,0.03333333507180214
YLR114C,YDR194C,0,-7.080169,0.3958333432674408,0.2222222238779068,0.03391812741756439
YJL018W,YKR002W,0,-7.08524,0.39175257086753845,0.2222222238779068,0.03450292348861694
YJR076C,YPR158C-D,0,-7.0856776,0.3877550959587097,0.2222222238779068,0.035087719559669495
YCR080W,YGL227W,0,-7.0874085,0.38383838534355164,0.2222222238779068,0.035672515630722046
YGR113W,YGR027W-B,0,-7.087742,0.3799999952316284,0.2222222238779068,0.0362573117017746
YGR262C,YGR027W-B,0,-7.088334,0.3762376308441162,0.2222222238779068,0.03684210404753685
YHR091C,YCL019W,0,-7.0912395,0.37254902720451355,0.2222222238779068,0.0374269001185894
YCR106W,YHL009W-B,0,-7.0916724,0.3689320385456085,0.2222222238779068,0.03801169618964195
YDR162C,YLR256W-A,0,-7.093862,0.36538460850715637,0.2222222238779068,0.038596492260694504
YGL046W,YKL154W,0,-7.094651,0.3619047701358795,0.2222222238779068,0.039181288331747055
YLR130C,YPL060C-A,0,-7.095567,0.35849055647850037,0.2222222238779068,0.03976608067750931
YPL179W,YPR158W-A,0,-7.102136,0.35514017939567566,0.2222222238779068,0.04035087674856186
YLR330W,YCR080W,0,-7.106408,0.35185185074806213,0.2222222238779068,0.04093567281961441
YBL046W,YHR056C,0,-7.1074567,0.3486238420009613,0.2222222238779068,0.04152046889066696
YLL003W,YER159C-A,0,-7.1088843,0.34545454382896423,0.2222222238779068,0.04210526496171951
YFR055W,YJL128C,0,-7.1093144,0.342342346906662,0.2222222238779068,0.042690057307481766
YJL090C,YJR046W,1,-7.1151037,0.3482142984867096,0.22807016968727112,0.042690057307481766
YGL119W,YOR343W-A,0,-7.119222,0.3451327383518219,0.22807016968727112,0.04327485337853432
YAR002C-A,YCR080W,0,-7.1205454,0.34210526943206787,0.22807016968727112,0.04385964944958687
YLR068W,YGR161W-B,0,-7.1231704,0.3391304314136505,0.22807016968727112,0.04444444552063942
YHR060W,YGR161W-A,0,-7.1382346,0.3362068831920624,0.22807016968727112,0.04502924159169197
YPR006C,YOL103W-A,0,-7.1465282,0.3333333432674408,0.22807016968727112,0.045614033937454224
YJL008C,YFL018W-A,0,-7.148831,0.3305084705352783,0.22807016968727112,0.046198830008506775
YDL226C,YFL002W-B,0,-7.1488366,0.32773110270500183,0.22807016968727112,0.046783626079559326
YLR293C,YHR079C-B,0,-7.149405,0.32499998807907104,0.22807016968727112,0.04736842215061188
YMR292W,YOL103W-B,0,-7.15122,0.32231405377388,0.22807016968727112,0.04795321822166443
YEL036C,YFL002W-B,0,-7.1578474,0.3196721374988556,0.22807016968727112,0.04853801056742668
YNL239W,YER180C-A,0,-7.159323,0.31707316637039185,0.22807016968727112,0.04912280663847923
YDR331W,YOR343W-A,0,-7.159655,0.3145161271095276,0.22807016968727112,0.049707602709531784
YCL060C,YDL042C,1,-7.1601825,0.3199999928474426,0.23391813039779663,0.049707602709531784
YKL092C,YER159C-A,0,-7.1602254,0.3174603283405304,0.23391813039779663,0.050292398780584335
YPR094W,YGL244W,0,-7.1619873,0.31496062874794006,0.23391813039779663,0.05087719112634659
YOL010W,YDR034C-D,0,-7.166493,0.3125,0.23391813039779663,0.05146198719739914
YDR069C,YJL090C,1,-7.166739,0.3178294599056244,0.23976607620716095,0.05146198719739914
YLR451W,YJL127C,0,-7.1757646,0.3153846263885498,0.23976607620716095,0.05204678326845169
YPR139C,YDR261W-B,0,-7.1777263,0.3129771053791046,0.23976607620716095,0.05263157933950424
YGR029W,YMR046C,0,-7.179643,0.31060606241226196,0.23976607620716095,0.05321637541055679
YBR289W,YLR337W,0,-7.183863,0.308270663022995,0.23976607620716095,0.053801167756319046
YCL060C,YOL006C,1,-7.184125,0.31343284249305725,0.24561403691768646,0.053801167756319046
YNR030W,YJR026W,0,-7.1844583,0.31111112236976624,0.24561403691768646,0.0543859638273716
YCL060C,YLL002W,1,-7.187373,0.31617647409439087,0.2514619827270508,0.0543859638273716
YOR269W,YDL038C,0,-7.187715,0.31386861205101013,0.2514619827270508,0.05497075989842415
YMR022W,YGR027W-B,0,-7.1895742,0.3115941882133484,0.2514619827270508,0.0555555559694767
YDR488C,YMR117C,0,-7.189793,0.3093525171279907,0.2514619827270508,0.05614035204052925
YCL062W,YJL154C,0,-7.1906505,0.30714285373687744,0.2514619827270508,0.056725144386291504
YPR102C,YMR046C,0,-7.1913457,0.304964542388916,0.2514619827270508,0.057309940457344055
YJR118C,YDR210C-D,0,-7.1916513,0.30281689763069153,0.2514619827270508,0.057894736528396606
YMR014W,YOR343W-B,0,-7.1966367,0.30069929361343384,0.2514619827270508,0.05847953259944916
YNL133C,YFL049W,0,-7.1990542,0.2986111044883728,0.2514619827270508,0.05906432867050171
YGR123C,YDL038C,0,-7.200581,0.29655173420906067,0.2514619827270508,0.05964912101626396
YCR092C,YDR369C,0,-7.201665,0.2945205569267273,0.2514619827270508,0.06023391708731651
YPR120C,YCL060C,1,-7.203094,0.29931971430778503,0.2573099434375763,0.06023391708731651
YLR391W,YDR490C,0,-7.2053137,0.29729729890823364,0.2573099434375763,0.060818713158369064
YLR246W,YBL100W-A,0,-7.2065597,0.29530200362205505,0.2573099434375763,0.061403509229421616
YFL031W,YJL012C,0,-7.2087007,0.2933333218097687,0.2573099434375763,0.06198830530047417
YLR350W,YDR170W-A,0,-7.209282,0.29139071702957153,0.2573099434375763,0.06257309764623642
YOR110W,YDR170W-A,0,-7.2114635,0.28947368264198303,0.2573099434375763,0.06315789371728897
YBR057C,YOR361C,0,-7.2143803,0.2875817120075226,0.2573099434375763,0.06374268978834152
YOR081C,YGR161W-A,0,-7.2157826,0.2857142984867096,0.2573099434375763,0.06432748585939407
YGR278W,YJR066W,0,-7.2177653,0.28387096524238586,0.2573099434375763,0.06491228193044662
YER104W,YLR234W,1,-7.2203307,0.2884615361690521,0.2631579041481018,0.06491228193044662
YML051W,YDR131C,0,-7.221562,0.2866241931915283,0.2631579041481018,0.06549707800149918
YNL294C,YKL070W,0,-7.2228603,0.2848101258277893,0.2631579041481018,0.06608187407255173
YDR153C,YML033W,0,-7.2243056,0.2830188572406769,0.2631579041481018,0.06666667014360428
YJL021C,YPL274W,0,-7.23371,0.28125,0.2631579041481018,0.06725145876407623
YBR098W,YJL018W,0,-7.234157,0.27950310707092285,0.2631579041481018,0.06783625483512878
YDR118W,YDL216C,0,-7.2390933,0.2777777910232544,0.2631579041481018,0.06842105090618134
YOR236W,YCL020W,0,-7.2427936,0.2760736048221588,0.2631579041481018,0.06900584697723389
YER106W,YGR122W,0,-7.2430906,0.27439025044441223,0.2631579041481018,0.06959064304828644
YKR066C,YDR320C-A,0,-7.2433343,0.27272728085517883,0.2631579041481018,0.07017543911933899
YMR117C,YDR065W,0,-7.2471604,0.27108433842658997,0.2631579041481018,0.07076023519039154
YLR399C,YGR188C,0,-7.248202,0.269461065530777,0.2631579041481018,0.07134503126144409
YDR180W,YML040W,0,-7.249056,0.2678571343421936,0.2631579041481018,0.07192982733249664
YFR024C,YER042W,0,-7.2495413,0.2662721872329712,0.2631579041481018,0.0725146234035492
YBR243C,YBR098W,0,-7.2511516,0.2647058963775635,0.2631579041481018,0.07309941202402115
YJL021C,YCR086W,0,-7.2512164,0.2631579041481018,0.2631579041481018,0.0736842080950737
YOL116W,YDL038C,0,-7.2512875,0.2616279125213623,0.2631579041481018,0.07426900416612625
YGL166W,YGR296W,0,-7.2513175,0.2601155936717987,0.2631579041481018,0.0748538002371788
YJL115W,YBL071W-A,0,-7.2527494,0.2586206793785095,0.2631579041481018,0.07543859630823135
YNL154C,YIL082W-A,0,-7.2596116,0.2571428716182709,0.2631579041481018,0.0760233923792839
YBR119W,YPL268W,0,-7.260425,0.2556818127632141,0.2631579041481018,0.07660818845033646
YCR055C,YIL167W,0,-7.2610264,0.2542372941970825,0.2631579041481018,0.07719298452138901
YGL046W,YLR337W,0,-7.2670627,0.25280898809432983,0.2631579041481018,0.07777778059244156
YLR451W,YGR275W,0,-7.270002,0.25139665603637695,0.2631579041481018,0.07836257666349411
YOR208W,YJL113W,0,-7.274347,0.25,0.2631579041481018,0.07894736528396606
YOR275C,YDR079C-A,0,-7.27614,0.24861878156661987,0.2631579041481018,0.07953216135501862
YBR100W,YER154W,0,-7.2771707,0.24725274741649628,0.2631579041481018,0.08011695742607117
YIR019C,YML045W,0,-7.281076,0.24590164422988892,0.2631579041481018,0.08070175349712372
YML124C,YMR046C,0,-7.284208,0.2445652186870575,0.2631579041481018,0.08128654956817627
YHR038W,YKL070W,0,-7.284976,0.2432432472705841,0.2631579041481018,0.08187134563922882
YGL246C,YIL082W-A,0,-7.285396,0.24193547666072845,0.2631579041481018,0.08245614171028137
YAL031C,YCR102C,0,-7.286963,0.24064171314239502,0.2631579041481018,0.08304093778133392
YKR095W,YCR024C-A,0,-7.2885976,0.2393617033958435,0.2631579041481018,0.08362573385238647
YER007W,YHR088W,0,-7.2937713,0.2380952388048172,0.2631579041481018,0.08421052992343903
YJL090C,YER104W,1,-7.2963834,0.24210526049137115,0.26900583505630493,0.08421052992343903
YCL038C,YCL005W-A,0,-7.2964377,0.2408376932144165,0.26900583505630493,0.08479531854391098
YCR077C,YNL072W,0,-7.297074,0.2395833283662796,0.26900583505630493,0.08538011461496353
YCL060C,YDL020C,1,-7.30097,0.24352331459522247,0.27485379576683044,0.08538011461496353
YEL003W,YBR090C-A,0,-7.3037343,0.24226804077625275,0.27485379576683044,0.08596491068601608
YMR047C,YGR258C,0,-7.305695,0.2410256415605545,0.27485379576683044,0.08654970675706863
YKL114C,YAL058W,0,-7.3074493,0.23979592323303223,0.27485379576683044,0.08713450282812119
YOR221C,YEL057C,0,-7.3074536,0.2385786771774292,0.27485379576683044,0.08771929889917374
YNL027W,YGL233W,0,-7.307748,0.2373737394809723,0.27485379576683044,0.08830409497022629
YIL063C,YER160C,0,-7.3094816,0.23618090152740479,0.27485379576683044,0.08888889104127884
YOL004W,YJL187C,0,-7.31292,0.23499999940395355,0.27485379576683044,0.08947368711233139
YDL140C,YHR084W,0,-7.3203354,0.23383083939552307,0.27485379576683044,0.09005848318338394
YLR207W,YER160C,0,-7.321239,0.2326732724905014,0.27485379576683044,0.0906432718038559
YJR046W,YNL273W,1,-7.325768,0.23645320534706116,0.28070175647735596,0.0906432718038559
YBR288C,YGL151W,0,-7.327147,0.23529411852359772,0.28070175647735596,0.09122806787490845
YCL003W,YPL012W,0,-7.3304653,0.2341463416814804,0.28070175647735596,0.091812863945961
YPR133W-A,YHR020W,0,-7.330556,0.2330097109079361,0.28070175647735596,0.09239766001701355
YJR021C,YDR065W,0,-7.3326716,0.23188406229019165,0.28070175647735596,0.0929824560880661
YLR391W,YFR036W,0,-7.335834,0.23076923191547394,0.28070175647735596,0.09356725215911865
YDR231C,YMR045C,0,-7.341248,0.22966507077217102,0.28070175647735596,0.0941520482301712
YNL273W,YOL006C,1,-7.341355,0.23333333432674408,0.28654971718788147,0.0941520482301712
YOL042W,YOL117W,0,-7.343052,0.23222748935222626,0.28654971718788147,0.09473684430122375
YOR351C,YNL053W,0,-7.343968,0.23113207519054413,0.28654971718788147,0.0953216403722763
YKL084W,YLR208W,0,-7.3445764,0.23004694283008575,0.28654971718788147,0.09590643644332886
YER104W,YJR046W,1,-7.347442,0.23364485800266266,0.2923976480960846,0.09590643644332886
YDR448W,YGR101W,0,-7.3489227,0.23255814611911774,0.2923976480960846,0.09649122506380081
YDR477W,YML040W,0,-7.350473,0.23148147761821747,0.2923976480960846,0.09707602113485336
YDL161W,YNL272C,0,-7.356435,0.2304147481918335,0.2923976480960846,0.09766081720590591
YLR127C,YNL098C,0,-7.3565297,0.2293577939271927,0.2923976480960846,0.09824561327695847
YLL018C-A,YMR273C,0,-7.356836,0.2283104956150055,0.2923976480960846,0.09883040934801102
YPL175W,YDR018C,0,-7.357741,0.22727273404598236,0.2923976480960846,0.09941520541906357
YFL049W,YML098W,0,-7.36106,0.22624434530735016,0.2923976480960846,0.10000000149011612
YIR006C,YMR314W,0,-7.3621573,0.22522522509098053,0.2923976480960846,0.10058479756116867
YHR012W,YLR035C-A,0,-7.365179,0.22421523928642273,0.2923976480960846,0.10116959363222122
YMR080C,YPL002C,0,-7.3655453,0.2232142835855484,0.2923976480960846,0.10175438225269318
YJL071W,YLR035C-A,0,-7.366216,0.2222222238779068,0.2923976480960846,0.10233917832374573
YLL002W,YNL088W,1,-7.368753,0.22566372156143188,0.2982456088066101,0.10233917832374573
YDR141C,YDR059C,0,-7.369242,0.22466960549354553,0.2982456088066101,0.10292397439479828
YDR069C,YCL060C,1,-7.3695683,0.22807016968727112,0.3040935695171356,0.10292397439479828
YCR094W,YGL195W,0,-7.3716664,0.22707423567771912,0.3040935695171356,0.10350877046585083
YNL073W,YDR459C,0,-7.37439,0.22608695924282074,0.3040935695171356,0.10409356653690338
YLR052W,YDR082W,0,-7.380321,0.22510822117328644,0.3040935695171356,0.10467836260795593
YKL190W,YNL009W,0,-7.382425,0.22413793206214905,0.3040935695171356,0.10526315867900848
YOR194C,YBL055C,0,-7.3825946,0.22317597270011902,0.3040935695171356,0.10584795475006104
YBL026W,YOR367W,0,-7.3841105,0.2222222238779068,0.3040935695171356,0.10643275082111359
YJL090C,YLR234W,1,-7.3882546,0.2255319207906723,0.30994153022766113,0.10643275082111359
YJL090C,YOL068C,1,-7.391893,0.2288135588169098,0.31578946113586426,0.10643275082111359
YKL143W,YGR251W,0,-7.395805,0.2278480976819992,0.31578946113586426,0.10701754689216614
YNR032C-A,YIR021W,0,-7.398249,0.22689075767993927,0.31578946113586426,0.10760233551263809
YLR312C-B,YNL064C,0,-7.4037337,0.22594141960144043,0.31578946113586426,0.10818713158369064
YER109C,YAR003W,0,-7.404836,0.22499999403953552,0.31578946113586426,0.1087719276547432
YOL068C,YPL015C,1,-7.4078403,0.2282157689332962,0.32163742184638977,0.1087719276547432
YGL244W,YJR029W,0,-7.410258,0.22727273404598236,0.32163742184638977,0.10935672372579575
YPL192C,YDL150W,0,-7.4116898,0.22633744776248932,0.32163742184638977,0.1099415197968483
YPL161C,YLR263W,0,-7.411898,0.2254098355770111,0.32163742184638977,0.11052631586790085
YEL015W,YOL105C,0,-7.4147425,0.22448979318141937,0.32163742184638977,0.1111111119389534
YOR074C,YHR084W,0,-7.4159493,0.22357723116874695,0.32163742184638977,0.11169590801000595
YKL013C,YNL275W,0,-7.4204316,0.22267206013202667,0.32163742184638977,0.1122807040810585
YCR091W,YLR138W,0,-7.4217353,0.22177419066429138,0.32163742184638977,0.11286550015211105
YIL079C,YJL065C,0,-7.421973,0.2208835333585739,0.32163742184638977,0.11345028877258301
YMR016C,YGL207W,0,-7.426086,0.2199999988079071,0.32163742184638977,0.11403508484363556
YIL008W,YJR141W,0,-7.4279943,0.21912351250648499,0.32163742184638977,0.11461988091468811
YER045C,YHL048W,0,-7.428268,0.2182539701461792,0.32163742184638977,0.11520467698574066
YJL090C,YLL002W,1,-7.429451,0.22134387493133545,0.3274853825569153,0.11520467698574066
YFR052W,YCL020W,0,-7.429646,0.22047244012355804,0.3274853825569153,0.11578947305679321
YDL042C,YJR046W,1,-7.4326997,0.2235294133424759,0.3333333432674408,0.11578947305679321
YJR084W,YDR325W,0,-7.4328876,0.22265625,0.3333333432674408,0.11637426912784576
YDR069C,YLR234W,1,-7.4371552,0.22568093240261078,0.3391812741756439,0.11637426912784576
YDR110W,YNL088W,1,-7.44192,0.22868217527866364,0.34502923488616943,0.11637426912784576
YOR348C,YLR426W,0,-7.4422827,0.2277992218732834,0.34502923488616943,0.11695906519889832
YOR221C,YCR027C,0,-7.4425063,0.22692307829856873,0.34502923488616943,0.11754386126995087
YJL090C,YDL042C,1,-7.443587,0.2298850566148758,0.35087719559669495,0.11754386126995087
YDR211W,YNL167C,0,-7.4474587,0.22900763154029846,0.35087719559669495,0.11812865734100342
YPL015C,YDL042C,1,-7.447904,0.2319391667842865,0.35672515630722046,0.11812865734100342
YOL008W,YPL047W,0,-7.4485617,0.23106060922145844,0.35672515630722046,0.11871345341205597
YOR368W,YGR192C,0,-7.4494586,0.23018868267536163,0.35672515630722046,0.11929824203252792
YNR072W,YOR057W,0,-7.450442,0.22932331264019012,0.35672515630722046,0.11988303810358047
YDR098C,YCR027C,0,-7.4537683,0.22846442461013794,0.35672515630722046,0.12046783417463303
YBR236C,YIL115C,0,-7.4561753,0.2276119440793991,0.35672515630722046,0.12105263024568558
YGL116W,YPL041C,0,-7.4563985,0.22676579654216766,0.35672515630722046,0.12163742631673813
YBR084W,YOL042W,0,-7.4567056,0.22592592239379883,0.35672515630722046,0.12222222238779068
YMR133W,YLR386W,0,-7.4569263,0.22509224712848663,0.35672515630722046,0.12280701845884323
YLR254C,YIL082W-A,0,-7.457544,0.2242647111415863,0.35672515630722046,0.12339181452989578
YGR179C,YHR118C,0,-7.460039,0.22344322502613068,0.35672515630722046,0.12397661060094833
YIL002C,YJR068W,0,-7.4612823,0.22262774407863617,0.35672515630722046,0.12456140667200089
YJR066W,YMR093W,0,-7.4623723,0.22181817889213562,0.35672515630722046,0.12514619529247284
YPL262W,YOL104C,0,-7.4633374,0.22101449966430664,0.35672515630722046,0.1257309913635254
YMR043W,YDR515W,0,-7.463578,0.22021660208702087,0.35672515630722046,0.12631578743457794
YJL090C,YDL020C,1,-7.463831,0.22302158176898956,0.3625730872154236,0.12631578743457794
YOL139C,YER007W,0,-7.4639125,0.2222222238779068,0.3625730872154236,0.1269005835056305
YGR217W,YJR042W,0,-7.4693246,0.22142857313156128,0.3625730872154236,0.12748537957668304
YCR075C,YBR098W,0,-7.4722123,0.22064056992530823,0.3625730872154236,0.1280701756477356
YKL138C-A,YDR091C,0,-7.473808,0.21985815465450287,0.3625730872154236,0.12865497171878815
YIL004C,YBR020W,0,-7.479546,0.21908126771450043,0.3625730872154236,0.1292397677898407
YDR054C,YLR132C,0,-7.4834256,0.21830986440181732,0.3625730872154236,0.12982456386089325
YBR286W,YLR390W-A,0,-7.487785,0.2175438553094864,0.3625730872154236,0.1304093599319458
YIR009W,YNL163C,0,-7.488269,0.21678321063518524,0.3625730872154236,0.13099415600299835
YNL177C,YHR181W,0,-7.490429,0.2160278707742691,0.3625730872154236,0.1315789520740509
YML075C,YPL232W,0,-7.491344,0.2152777761220932,0.3625730872154236,0.13216374814510345
YIL035C,YPL065W,0,-7.491572,0.21453286707401276,0.3625730872154236,0.132748544216156
YEL013W,YMR046C,0,-7.492291,0.2137930989265442,0.3625730872154236,0.13333334028720856
YPL233W,YDR255C,0,-7.4924297,0.21305841207504272,0.3625730872154236,0.13391812145709991
YDR325W,YJR110W,0,-7.4939466,0.21232876181602478,0.3625730872154236,0.13450291752815247
YDR150W,YNL102W,0,-7.4960804,0.21160408854484558,0.3625730872154236,0.13508771359920502
YAR033W,YPR173C,0,-7.497571,0.21088434755802155,0.3625730872154236,0.13567250967025757
YHR107C,YPR124W,0,-7.497799,0.2101694941520691,0.3625730872154236,0.13625730574131012
YDR320C-A,YML052W,0,-7.49787,0.20945945382118225,0.3625730872154236,0.13684210181236267
YKL011C,YDL164C,0,-7.504236,0.20875421166419983,0.3625730872154236,0.13742689788341522
YOL067C,YNR039C,0,-7.505001,0.20805369317531586,0.3625730872154236,0.13801169395446777
YLR117C,YDL044C,0,-7.5051866,0.20735785365104675,0.3625730872154236,0.13859649002552032
YJR084W,YPL274W,0,-7.5066934,0.20666666328907013,0.3625730872154236,0.13918128609657288
YLR418C,YKR035W-A,0,-7.5072703,0.2059800624847412,0.3625730872154236,0.13976608216762543
YJL053W,YLL017W,0,-7.5090117,0.20529800653457642,0.3625730872154236,0.14035087823867798
YPR086W,YNL046W,0,-7.5101085,0.20462046563625336,0.3625730872154236,0.14093567430973053
YKL149C,YDR464W,0,-7.5130143,0.20394736528396606,0.3625730872154236,0.14152047038078308
YBR035C,YHR135C,0,-7.515204,0.20327869057655334,0.3625730872154236,0.14210526645183563
YPL043W,YAR009C,0,-7.5174603,0.20261438190937042,0.3625730872154236,0.14269006252288818
YEL018W,YJL184W,0,-7.518394,0.20195439457893372,0.3625730872154236,0.14327485859394073
YOR064C,YAR010C,0,-7.518598,0.20129869878292084,0.3625730872154236,0.1438596546649933
YER104W,YNL088W,1,-7.518656,0.20388349890708923,0.3684210479259491,0.1438596546649933
YML005W,YLR126C,0,-7.519178,0.20322580635547638,0.3684210479259491,0.14444445073604584
YER026C,YNL253W,0,-7.5193543,0.20257234573364258,0.3684210479259491,0.1450292468070984
YBR020W,YNL014W,0,-7.5202556,0.20192307233810425,0.3684210479259491,0.14561402797698975
YPL063W,YDR207C,0,-7.521941,0.201277956366539,0.3684210479259491,0.1461988240480423
YER017C,YBR114W,0,-7.5221777,0.20063693821430206,0.3684210479259491,0.14678362011909485
YMR299C,YBR173C,0,-7.527371,0.20000000298023224,0.3684210479259491,0.1473684161901474
YJL018W,YDR082W,0,-7.527559,0.19936709105968475,0.3684210479259491,0.14795321226119995
YOL068C,YNL088W,1,-7.527914,0.20189274847507477,0.3742690086364746,0.14795321226119995
YBR103W,YLR425W,0,-7.532231,0.2012578547000885,0.3742690086364746,0.1485380083322525
YDR329C,YDR076W,0,-7.534366,0.20062695443630219,0.3742690086364746,0.14912280440330505
YBR233W-A,YJL187C,0,-7.535702,0.20000000298023224,0.3742690086364746,0.1497076004743576
YML099C,YNL164C,0,-7.53634,0.1993769407272339,0.3742690086364746,0.15029239654541016
YER183C,YAL011W,0,-7.5386724,0.19875776767730713,0.3742690086364746,0.1508771926164627
YHL009C,YDR115W,0,-7.540137,0.198142409324646,0.3742690086364746,0.15146198868751526
YGL236C,YDL188C,0,-7.541878,0.1975308656692505,0.3742690086364746,0.1520467847585678
YDR198C,YHR039C-A,0,-7.5437446,0.19692307710647583,0.3742690086364746,0.15263158082962036
YJR046W,YOL006C,1,-7.550862,0.19938650727272034,0.3801169693470001,0.15263158082962036
YJL071W,YDR115W,0,-7.55123,0.1987767517566681,0.3801169693470001,0.1532163769006729
YJL047C,YDL042C,1,-7.5516596,0.20121951401233673,0.38596490025520325,0.1532163769006729
YKL188C,YBR284W,0,-7.5546765,0.20060789585113525,0.38596490025520325,0.15380117297172546
YKR095W,YMR125W,0,-7.5553193,0.20000000298023224,0.38596490025520325,0.15438596904277802
YDL220C,YGR121C,0,-7.5566964,0.1993957757949829,0.38596490025520325,0.15497076511383057
YDR361C,YOR126C,0,-7.560237,0.19879518449306488,0.38596490025520325,0.15555556118488312
YIL150C,YDL153C,0,-7.5647683,0.19819819927215576,0.38596490025520325,0.15614035725593567
YJL039C,YDR276C,0,-7.5677376,0.19760479032993317,0.38596490025520325,0.15672515332698822
YGR119C,YKL055C,0,-7.568293,0.1970149278640747,0.38596490025520325,0.15730993449687958
YLR008C,YER093C,0,-7.570418,0.1964285671710968,0.38596490025520325,0.15789473056793213
YBL090W,YMR273C,0,-7.57139,0.19584569334983826,0.38596490025520325,0.15847952663898468
YLR026C,YOR069W,0,-7.5716724,0.19526627659797668,0.38596490025520325,0.15906432271003723
YIL004C,YIL010W,0,-7.5719943,0.1946902722120285,0.38596490025520325,0.15964911878108978
YMR015C,YFL002W-A,0,-7.5729356,0.19411765038967133,0.38596490025520325,0.16023391485214233
YCL051W,YPL002C,0,-7.574381,0.19354838132858276,0.38596490025520325,0.16081871092319489
YPR067W,YGL028C,0,-7.5748363,0.19298245012760162,0.38596490025520325,0.16140350699424744
YDR364C,YOR194C,0,-7.574866,0.19241982698440552,0.38596490025520325,0.1619883030653
YNL282W,YGL039W,0,-7.575875,0.19186046719551086,0.38596490025520325,0.16257309913635254
YKL055C,YOR048C,0,-7.575974,0.19130434095859528,0.38596490025520325,0.1631578952074051
YAL068C,YER116C,0,-7.5791464,0.19075144827365875,0.38596490025520325,0.16374269127845764
YDR378C,YDR189W,0,-7.5835586,0.19020172953605652,0.38596490025520325,0.1643274873495102
YNL258C,YDR513W,0,-7.586777,0.18965516984462738,0.38596490025520325,0.16491228342056274
YMR042W,YBR119W,0,-7.5871263,0.18911175429821014,0.38596490025520325,0.1654970794916153
YLL018C-A,YMR299C,0,-7.5871596,0.18857142329216003,0.38596490025520325,0.16608187556266785
YGR098C,YHL009C,0,-7.5874414,0.18803419172763824,0.38596490025520325,0.1666666716337204
YDL017W,YKL194C,0,-7.587625,0.1875,0.38596490025520325,0.16725146770477295
YDL042C,YOL006C,1,-7.587867,0.18980169296264648,0.39181286096572876,0.16725146770477295
YPR138C,YJR066W,0,-7.588348,0.18926553428173065,0.39181286096572876,0.1678362637758255
YLR207W,YDR545W,0,-7.5887322,0.18873240053653717,0.39181286096572876,0.16842105984687805
YOR112W,YPL167C,0,-7.5895824,0.18820224702358246,0.39181286096572876,0.1690058410167694
YPL161C,YJL072C,0,-7.594605,0.18767507374286652,0.39181286096572876,0.16959063708782196
YOL077W-A,YGR113W,0,-7.596574,0.18715083599090576,0.39181286096572876,0.1701754331588745
YMR070W,YNL045W,0,-7.600823,0.1866295337677002,0.39181286096572876,0.17076022922992706
YDL020C,YER104W,1,-7.6048813,0.18888889253139496,0.3976608216762543,0.17076022922992706
YKR067W,YDR065W,0,-7.606571,0.1883656531572342,0.3976608216762543,0.17134502530097961
YNL163C,YOL004W,0,-7.6075187,0.18784530460834503,0.3976608216762543,0.17192982137203217
YLR288C,YLR277C,0,-7.6117406,0.1873278170824051,0.3976608216762543,0.17251461744308472
YNL078W,YHL009C,0,-7.6131964,0.18681319057941437,0.3976608216762543,0.17309941351413727
YER007W,YOL067C,0,-7.613247,0.1863013654947281,0.3976608216762543,0.17368420958518982
YPR155C,YDL118W,0,-7.6134887,0.18579235672950745,0.3976608216762543,0.17426900565624237
YDR512C,YOL003C,0,-7.6139126,0.18528610467910767,0.3976608216762543,0.17485380172729492
YOR239W,YNL147W,0,-7.6141915,0.18478260934352875,0.3976608216762543,0.17543859779834747
YDL042C,YLR234W,1,-7.6180196,0.1869918704032898,0.4035087823867798,0.17543859779834747
YHR058C,YKR085C,0,-7.6251225,0.18648648262023926,0.4035087823867798,0.17602339386940002
YMR213W,YFL049W,0,-7.625219,0.1859838217496872,0.4035087823867798,0.17660818994045258
YGR014W,YBR258C,0,-7.625283,0.1854838728904724,0.4035087823867798,0.17719298601150513
YPL137C,YGR116W,0,-7.626602,0.18498659133911133,0.4035087823867798,0.17777778208255768
YPL160W,YML040W,0,-7.6281257,0.18449197709560394,0.4035087823867798,0.17836257815361023
YJL214W,YPL180W,0,-7.632238,0.18400000035762787,0.4035087823867798,0.17894737422466278
YML046W,YJL054W,0,-7.6338162,0.18351063132286072,0.4035087823867798,0.17953217029571533
YLR449W,YOL006C,1,-7.63477,0.18567639589309692,0.4093567132949829,0.17953217029571533
YJL109C,YOR305W,0,-7.6364975,0.18518517911434174,0.4093567132949829,0.18011696636676788
YER104W,YLL002W,1,-7.6392264,0.1873350888490677,0.4152046740055084,0.18011696636676788
YPL159C,YJR028W,0,-7.639993,0.18684209883213043,0.4152046740055084,0.18070174753665924
YDL008W,YML092C,0,-7.6410136,0.1863517016172409,0.4152046740055084,0.1812865436077118
YPR133C,YDL244W,0,-7.6476865,0.18586386740207672,0.4152046740055084,0.18187133967876434
YJR135W-A,YGL225W,0,-7.648415,0.18537859618663788,0.4152046740055084,0.1824561357498169
YIL073C,YPR088C,0,-7.650478,0.1848958283662796,0.4152046740055084,0.18304093182086945
YOL006C,YLR234W,1,-7.6505904,0.18701298534870148,0.42105263471603394,0.18304093182086945
YHR092C,YFR040W,0,-7.651672,0.1865285038948059,0.42105263471603394,0.183625727891922
YJL090C,YDR110W,1,-7.6521716,0.18863049149513245,0.42690059542655945,0.183625727891922
YOL003C,YBR058C-A,0,-7.6559243,0.18814432621002197,0.42690059542655945,0.18421052396297455
YOR076C,YOR069W,0,-7.6560555,0.18766066431999207,0.42690059542655945,0.1847953200340271
YPL170W,YPR054W,0,-7.6561437,0.18717949092388153,0.42690059542655945,0.18538011610507965
YEL061C,YDL118W,0,-7.657311,0.1867007613182068,0.42690059542655945,0.1859649121761322
YDR208W,YLR014C,0,-7.658719,0.18622449040412903,0.42690059542655945,0.18654970824718475
YMR008C,YCR033W,0,-7.6590786,0.18575063347816467,0.42690059542655945,0.1871345043182373
YJL134W,YCR077C,0,-7.6608453,0.18527919054031372,0.42690059542655945,0.18771930038928986
YNL307C,YJL080C,0,-7.660915,0.18481013178825378,0.42690059542655945,0.1883040964603424
YER082C,YOR068C,0,-7.6609755,0.18434342741966248,0.42690059542655945,0.18888889253139496
YDR306C,YNL313C,0,-7.661903,0.183879092335701,0.42690059542655945,0.1894736886024475
YLR383W,YPL011C,0,-7.6620193,0.18341708183288574,0.42690059542655945,0.19005848467350006
YDR081C,YJL145W,0,-7.662131,0.18295739591121674,0.42690059542655945,0.1906432807445526
YKR065C,YMR305C,0,-7.6698318,0.18250000476837158,0.42690059542655945,0.19122807681560516
YOR241W,YDR308C,0,-7.6726303,0.1820448935031891,0.42690059542655945,0.19181287288665771
YBR098W,YGR296W,0,-7.674321,0.18159204721450806,0.42690059542655945,0.19239765405654907
YKL140W,YDR532C,0,-7.674788,0.1811414361000061,0.42690059542655945,0.19298245012760162
YBL084C,YDR372C,0,-7.675159,0.18069307506084442,0.42690059542655945,0.19356724619865417
YKL022C,YBL057C,0,-7.6762633,0.18024691939353943,0.42690059542655945,0.19415204226970673
YNL281W,YKL203C,0,-7.678161,0.17980295419692993,0.42690059542655945,0.19473683834075928
YPL015C,YER104W,1,-7.6806617,0.1818181872367859,0.4327485263347626,0.19473683834075928
YNR054C,YKL095W,0,-7.6820846,0.18137255311012268,0.4327485263347626,0.19532163441181183
YCR024C-A,YNL032W,0,-7.682933,0.18092909455299377,0.4327485263347626,0.19590643048286438
YML071C,YMR039C,0,-7.6848855,0.18048781156539917,0.4327485263347626,0.19649122655391693
YGL013C,YLR166C,0,-7.685453,0.18004865944385529,0.4327485263347626,0.19707602262496948
YAL015C,YDL190C,0,-7.686217,0.17961165308952332,0.4327485263347626,0.19766081869602203
YKL149C,YHR005C-A,0,-7.6876683,0.17917676270008087,0.4327485263347626,0.19824561476707458
YNR030W,YLR224W,0,-7.687762,0.17874395847320557,0.4327485263347626,0.19883041083812714
YLR088W,YMR125W,0,-7.689187,0.1783132553100586,0.4327485263347626,0.1994152069091797
YDR280W,YHR056C,0,-7.6917415,0.17788460850715637,0.4327485263347626,0.20000000298023224
YHR108W,YIL150C,0,-7.692719,0.1774580329656601,0.4327485263347626,0.2005847990512848
YIL150C,YDR359C,0,-7.6933413,0.17703349888324738,0.4327485263347626,0.20116959512233734
YBL080C,YDR329C,0,-7.6955934,0.17661097645759583,0.4327485263347626,0.2017543911933899
YAL026C,YNL080C,0,-7.696075,0.17619048058986664,0.4327485263347626,0.20233918726444244
YDL138W,YOR275C,0,-7.696098,0.17577196657657623,0.4327485263347626,0.202923983335495
YGR003W,YBL017C,0,-7.696653,0.1753554493188858,0.4327485263347626,0.20350876450538635
YDR477W,YJL109C,0,-7.6970716,0.17494089901447296,0.4327485263347626,0.2040935605764389
YDR110W,YLL002W,1,-7.697776,0.17688679695129395,0.4385964870452881,0.2040935605764389
YGL195W,YDL080C,0,-7.7000694,0.1764705926179886,0.4385964870452881,0.20467835664749146
YIL106W,YPL203W,0,-7.702912,0.17605634033679962,0.4385964870452881,0.205263152718544
YLR127C,YKL038W,0,-7.7032266,0.17564402520656586,0.4385964870452881,0.20584794878959656
YGR209C,YBL005W-B,0,-7.7032914,0.1752336472272873,0.4385964870452881,0.2064327448606491
YNL001W,YPR070W,0,-7.708669,0.17482517659664154,0.4385964870452881,0.20701754093170166
YJL047C,YLL002W,1,-7.709162,0.17674419283866882,0.4444444477558136,0.20701754093170166
YDR110W,YOL068C,1,-7.7093225,0.17865429818630219,0.4502924084663391,0.20701754093170166
YCR035C,YDR515W,0,-7.7097673,0.17824074625968933,0.4502924084663391,0.2076023370027542
YMR021C,YOR351C,0,-7.7099566,0.1778291016817093,0.4502924084663391,0.20818713307380676
YBR247C,YER087C-A,0,-7.7101216,0.17741934955120087,0.4502924084663391,0.20877192914485931
YCR107W,YLR163C,0,-7.710221,0.17701148986816406,0.4502924084663391,0.20935672521591187
YBR276C,YBR240C,0,-7.7123795,0.17660550773143768,0.4502924084663391,0.20994152128696442
YBR207W,YER022W,0,-7.7124968,0.17620137333869934,0.4502924084663391,0.21052631735801697
YDL020C,YDL042C,1,-7.712833,0.1780821979045868,0.45614033937454224,0.21052631735801697
YIL035C,YKL139W,0,-7.713596,0.17767654359340668,0.45614033937454224,0.21111111342906952
YLR226W,YNL230C,0,-7.7141647,0.1772727221250534,0.45614033937454224,0.21169590950012207
YCL014W,YBR037C,0,-7.7149343,0.17687074840068817,0.45614033937454224,0.21228070557117462
YHR200W,YDR143C,0,-7.7185345,0.1764705926179886,0.45614033937454224,0.21286550164222717
YPR120C,YLR234W,1,-7.7259173,0.17832957208156586,0.46198830008506775,0.21286550164222717
YDR071C,YDR465C,0,-7.72852,0.1779279261827469,0.46198830008506775,0.21345029771327972
YJL020C,YDR457W,0,-7.729785,0.17752808332443237,0.46198830008506775,0.21403509378433228
YDR422C,YGL112C,0,-7.7306466,0.17713004350662231,0.46198830008506775,0.21461988985538483
YCR038C,YDR081C,0,-7.7315965,0.17673377692699432,0.46198830008506775,0.21520467102527618
YOL069W,YPL029W,0,-7.7346005,0.1763392835855484,0.46198830008506775,0.21578946709632874
YCR014C,YNL047C,0,-7.735113,0.17594654858112335,0.46198830008506775,0.2163742631673813
YML121W,YLR052W,0,-7.7369432,0.17555555701255798,0.46198830008506775,0.21695905923843384
YGR003W,YDR016C,0,-7.7370305,0.1751662939786911,0.46198830008506775,0.2175438553094864
YIL159W,YLR096W,0,-7.740858,0.1747787594795227,0.46198830008506775,0.21812865138053894
YPL101W,YMR039C,0,-7.742044,0.1743929386138916,0.46198830008506775,0.2187134474515915
YDL101C,YKL166C,0,-7.7428107,0.1740088164806366,0.46198830008506775,0.21929824352264404
YGR046W,YPL033C,0,-7.7452097,0.1736263781785965,0.46198830008506775,0.2198830395936966
YML046W,YGL044C,0,-7.745416,0.1732456088066101,0.46198830008506775,0.22046783566474915
YOR253W,YBR289W,0,-7.7467103,0.17286652326583862,0.46198830008506775,0.2210526317358017
YDL130W-A,YHR181W,0,-7.748455,0.17248907685279846,0.46198830008506775,0.22163742780685425
YDL160C,YGL014W,0,-7.7495103,0.17211328446865082,0.46198830008506775,0.2222222238779068
YER032W,YGR132C,0,-7.7499747,0.1717391312122345,0.46198830008506775,0.22280701994895935
YDR110W,YDL042C,1,-7.7528176,0.1735357940196991,0.46783626079559326,0.22280701994895935
YDL198C,YNL272C,0,-7.754828,0.17316018044948578,0.46783626079559326,0.2233918160200119
YPR070W,YJL109C,0,-7.7566895,0.1727861762046814,0.46783626079559326,0.22397661209106445
YGL014W,YER161C,0,-7.756842,0.17241379618644714,0.46783626079559326,0.224561408162117
YMR285C,YGR099W,0,-7.7579007,0.17204301059246063,0.46783626079559326,0.22514620423316956
YLR048W,YPL041C,0,-7.7605405,0.17167381942272186,0.46783626079559326,0.2257310003042221
YOL008W,YJL145W,0,-7.7616963,0.17130620777606964,0.46783626079559326,0.22631579637527466
YPL101W,YDR167W,0,-7.761849,0.17094017565250397,0.46783626079559326,0.22690057754516602
YDR254W,YER075C,0,-7.7624,0.17057569324970245,0.46783626079559326,0.22748537361621857
YJL090C,YJL047C,1,-7.7651405,0.17234042286872864,0.4736842215061188,0.22748537361621857
YDR028C,YML131W,0,-7.765227,0.1719745248556137,0.4736842215061188,0.22807016968727112
YBR022W,YPL138C,0,-7.7681146,0.17161017656326294,0.4736842215061188,0.22865496575832367
YJR055W,YML062C,0,-7.7685947,0.17124736309051514,0.4736842215061188,0.22923976182937622
YLL011W,YJR120W,0,-7.769224,0.1708860695362091,0.4736842215061188,0.22982455790042877
YMR080C,YGR202C,0,-7.770507,0.17052631080150604,0.4736842215061188,0.23040935397148132
YJL201W,YDR515W,0,-7.770962,0.17016807198524475,0.4736842215061188,0.23099415004253387
YLR127C,YNL118C,0,-7.771972,0.16981132328510284,0.4736842215061188,0.23157894611358643
YPL118W,YDR381W,0,-7.773649,0.16945606470108032,0.4736842215061188,0.23216374218463898
YMR117C,YBR293W,0,-7.773848,0.16910229623317719,0.4736842215061188,0.23274853825569153
YDL069C,YML014W,0,-7.7759476,0.16875000298023224,0.4736842215061188,0.23333333432674408
YOR211C,YKR008W,0,-7.777402,0.1683991700410843,0.4736842215061188,0.23391813039779663
YKL048C,YLR238W,0,-7.7804503,0.16804979741573334,0.4736842215061188,0.23450292646884918
YLL002W,YLR234W,1,-7.7807713,0.16977225244045258,0.4795321524143219,0.23450292646884918
YEL022W,YLR288C,0,-7.784488,0.1694214940071106,0.4795321524143219,0.23508772253990173
YLL002W,YOL006C,1,-7.7845874,0.17113402485847473,0.4853801131248474,0.23508772253990173
YHR148W,YLR262C,0,-7.7876334,0.17078189551830292,0.4853801131248474,0.23567251861095428
YDR069C,YER104W,1,-7.7882266,0.1724846065044403,0.4912280738353729,0.23567251861095428
YOL113W,YPR088C,0,-7.788856,0.17213115096092224,0.4912280738353729,0.23625731468200684
YBL035C,YPR173C,0,-7.7907815,0.17177914083003998,0.4912280738353729,0.2368421107530594
YEL032W,YAL043C,0,-7.791652,0.17142857611179352,0.4912280738353729,0.23742690682411194
YPL123C,YDR160W,0,-7.791996,0.17107942700386047,0.4912280738353729,0.2380117028951645
YDR039C,YJL167W,0,-7.792231,0.17073170840740204,0.4912280738353729,0.23859648406505585
YGL003C,YDL085W,0,-7.795291,0.17038539052009583,0.4912280738353729,0.2391812801361084
YIL154C,YIL126W,0,-7.7961946,0.17004048824310303,0.4912280738353729,0.23976607620716095
YKR002W,YOR148C,0,-7.7970314,0.16969697177410126,0.4912280738353729,0.2403508722782135
YJL128C,YDL194W,0,-7.797936,0.16935484111309052,0.4912280738353729,0.24093566834926605
YKL084W,YLR135W,0,-7.8008556,0.1690140813589096,0.4912280738353729,0.2415204644203186
YJL091C,YGL033W,0,-7.8012013,0.16867469251155853,0.4912280738353729,0.24210526049137115
YBR258C,YHR020W,0,-7.801751,0.1683366745710373,0.4912280738353729,0.2426900565624237
YNL210W,YPL016W,0,-7.8018374,0.1679999977350235,0.4912280738353729,0.24327485263347626
YCL055W,YOL115W,0,-7.811231,0.16766467690467834,0.4912280738353729,0.2438596487045288
YPL155C,YKR002W,0,-7.8116918,0.16733068227767944,0.4912280738353729,0.24444444477558136
YNL009W,YER022W,0,-7.812973,0.1669980138540268,0.4912280738353729,0.2450292408466339
YDR243C,YOL054W,0,-7.8132186,0.1666666716337204,0.4912280738353729,0.24561403691768646
YNR002C,YIL082W-A,0,-7.8133154,0.16633664071559906,0.4912280738353729,0.246198832988739
YOR057W,YGL113W,0,-7.8150973,0.1660079061985016,0.4912280738353729,0.24678362905979156
YJR060W,YFR055W,0,-7.8153067,0.16568046808242798,0.4912280738353729,0.24736842513084412
YDR110W,YLR234W,1,-7.8156514,0.16732282936573029,0.49707603454589844,0.24736842513084412
YMR052W,YNR049C,0,-7.816613,0.166994109749794,0.49707603454589844,0.24795322120189667
YER038C,YDR422C,0,-7.817403,0.1666666716337204,0.49707603454589844,0.24853801727294922
YDR376W,YLR190W,0,-7.8180003,0.16634051501750946,0.49707603454589844,0.24912281334400177
YOL026C,YGR119C,0,-7.8181257,0.166015625,0.49707603454589844,0.24970760941505432
YOL006C,YNL088W,1,-7.8185606,0.16764132678508759,0.5029239654541016,0.24970760941505432
YLR226W,YOR208W,0,-7.8188243,0.16731517016887665,0.5029239654541016,0.2502923905849457
YPL015C,YJR046W,1,-7.820449,0.16893203556537628,0.5087719559669495,0.2502923905849457
YPL015C,YNL273W,1,-7.822629,0.1705426424741745,0.5146198868751526,0.2502923905849457
YGR091W,YBR171W,0,-7.8243127,0.1702127605676651,0.5146198868751526,0.2508772015571594
YJL047C,YJR046W,1,-7.826308,0.1718146651983261,0.5204678177833557,0.2508772015571594
YFR036W,YBR098W,0,-7.8264165,0.1714836210012436,0.5204678177833557,0.2514619827270508
YJL047C,YLR234W,1,-7.827105,0.17307692766189575,0.5263158082962036,0.2514619827270508
YDL117W,YOR270C,0,-7.8282065,0.1727447211742401,0.5263158082962036,0.2520467936992645
YDR110W,YJL047C,1,-7.8285007,0.1743295043706894,0.5321637392044067,0.2520467936992645
YDR110W,YER104W,1,-7.8308005,0.17590822279453278,0.5380116701126099,0.2520467936992645
YDL030W,YOR054C,0,-7.834088,0.17557251453399658,0.5380116701126099,0.2526315748691559
YML081C-A,YGL100W,0,-7.8365903,0.17523810267448425,0.5380116701126099,0.25321638584136963
YLR098C,YAL024C,0,-7.837644,0.1749049425125122,0.5380116701126099,0.253801167011261
YEL022W,YNL177C,0,-7.8379455,0.17457304894924164,0.5380116701126099,0.25438597798347473
YNL273W,YNL088W,1,-7.838211,0.17613635957241058,0.5438596606254578,0.25438597798347473
YML099C,YBR167C,0,-7.8402715,0.17580340802669525,0.5438596606254578,0.2549707591533661
YMR296C,YFR051C,0,-7.8409915,0.175471693277359,0.5438596606254578,0.25555557012557983
YOR156C,YNR011C,0,-7.841631,0.17514124512672424,0.5438596606254578,0.2561403512954712
YNL239W,YNL267W,0,-7.841723,0.17481203377246857,0.5438596606254578,0.25672513246536255
YCR082W,YKR056W,0,-7.8433,0.17448405921459198,0.5438596606254578,0.2573099434375763
YGL067W,YOR356W,0,-7.8433747,0.1741573065519333,0.5438596606254578,0.25789472460746765
YNL293W,YNR011C,0,-7.846364,0.1738317757844925,0.5438596606254578,0.2584795355796814
YKR090W,YNR039C,0,-7.846625,0.1735074669122696,0.5438596606254578,0.25906431674957275
YBR217W,YJR091C,0,-7.8510456,0.1731843501329422,0.5438596606254578,0.2596491277217865
YJR089W,YGL066W,0,-7.852284,0.1728624552488327,0.5438596606254578,0.26023390889167786
YOR048C,YKL038W,0,-7.8535223,0.17254173755645752,0.5438596606254578,0.2608187198638916
YJR053W,YOR298C-A,0,-7.855393,0.17222222685813904,0.5438596606254578,0.26140350103378296
YJR060W,YDL118W,0,-7.857621,0.17190387845039368,0.5438596606254578,0.2619883120059967
YPL259C,YNL070W,0,-7.860249,0.17158672213554382,0.5438596606254578,0.26257309317588806
YOR123C,YER161C,0,-7.860918,0.1712707132101059,0.5438596606254578,0.2631579041481018
YLR220W,YBR049C,0,-7.861233,0.17095588147640228,0.5438596606254578,0.26374268531799316
YNL273W,YLR234W,1,-7.861933,0.17247706651687622,0.5497075915336609,0.26374268531799316
YLR242C,YGR002C,0,-7.872211,0.17216117680072784,0.5497075915336609,0.2643274962902069
YDR011W,YCR073C,0,-7.8728423,0.1718464344739914,0.5497075915336609,0.26491227746009827
YDL042C,YNL088W,1,-7.873485,0.17335766553878784,0.5555555820465088,0.26491227746009827
YNL059C,YBR267W,0,-7.873711,0.17304189503192902,0.5555555820465088,0.265497088432312
YNL053W,YLR254C,0,-7.873931,0.17272727191448212,0.5555555820465088,0.26608186960220337
YHR050W,YNL339C,0,-7.8762956,0.17241379618644714,0.5555555820465088,0.2666666805744171
YNR002C,YKL201C,0,-7.876554,0.1721014529466629,0.5555555820465088,0.26725146174430847
YOR233W,YKL095W,0,-7.878861,0.1717902421951294,0.5555555820465088,0.26783624291419983
YJR031C,YDL090C,0,-7.881124,0.17148014903068542,0.5555555820465088,0.2684210538864136
YGL005C,YER171W,0,-7.8821025,0.171171173453331,0.5555555820465088,0.26900583505630493
YDR180W,YNL309W,0,-7.882533,0.1708633154630661,0.5555555820465088,0.2695906460285187
YGL124C,YDL120W,0,-7.8834915,0.17055656015872955,0.5555555820465088,0.27017542719841003
YGL155W,YCL019W,0,-7.8853073,0.17025089263916016,0.5555555820465088,0.2707602381706238
YBR218C,YLR248W,0,-7.8866835,0.1699463278055191,0.5555555820465088,0.27134501934051514
YPL083C,YDR207C,0,-7.887939,0.1696428507566452,0.5555555820465088,0.2719298303127289
YGL113W,YMR046C,0,-7.889971,0.16934046149253845,0.5555555820465088,0.27251461148262024
YPL178W,YPL155C,0,-7.894282,0.16903914511203766,0.5555555820465088,0.273099422454834
YJR082C,YKL197C,0,-7.894733,0.16873890161514282,0.5555555820465088,0.27368420362472534
YHL002W,YNL078W,0,-7.896565,0.16843971610069275,0.5555555820465088,0.2742690145969391
YKL070W,YPR078C,0,-7.8967195,0.16814158856868744,0.5555555820465088,0.27485379576683044
YLL019C,YJR052W,0,-7.8971934,0.1678445190191269,0.5555555820465088,0.2754386067390442
YOR171C,YGL249W,0,-7.897308,0.1675485074520111,0.5555555820465088,0.27602338790893555
YNL065W,YDR194C,0,-7.9014697,0.1672535240650177,0.5555555820465088,0.2766081988811493
YMR200W,YJR029W,0,-7.9033,0.16695958375930786,0.5555555820465088,0.27719298005104065
YCL025C,YGR098C,0,-7.9034743,0.1666666716337204,0.5555555820465088,0.2777777910232544
YNL059C,YER061C,0,-7.9042907,0.1663747876882553,0.5555555820465088,0.27836257219314575
YDL051W,YDR495C,0,-7.904483,0.1660839170217514,0.5555555820465088,0.2789473831653595
YHR024C,YLR016C,0,-7.9064794,0.16579405963420868,0.5555555820465088,0.27953216433525085
YDR069C,YLL002W,1,-7.906702,0.16724738478660583,0.5614035129547119,0.27953216433525085
YMR165C,YBL093C,0,-7.9069214,0.16695652902126312,0.5614035129547119,0.2801169455051422
YNL047C,YCR073C,0,-7.907048,0.1666666716337204,0.5614035129547119,0.28070175647735596
YOL143C,YDR363W-A,0,-7.908548,0.16637781262397766,0.5614035129547119,0.2812865376472473
YJL146W,YOR149C,0,-7.9105577,0.1660899668931961,0.5614035129547119,0.28187134861946106
YDL020C,YNL273W,1,-7.9108562,0.16753022372722626,0.567251443862915,0.28187134861946106
YLR214W,YCR071C,0,-7.9112396,0.16724137961864471,0.567251443862915,0.2824561297893524
YGR089W,YOL011W,0,-7.9124703,0.16695353388786316,0.567251443862915,0.28304094076156616
YNL323W,YKR022C,0,-7.9130487,0.1666666716337204,0.567251443862915,0.2836257219314575
YDR524C,YGR099W,0,-7.913385,0.16638079285621643,0.567251443862915,0.28421053290367126
YLR233C,YDL225W,0,-7.9141703,0.16609589755535126,0.567251443862915,0.2847953140735626
YPL008W,YMR070W,0,-7.9145494,0.16581197082996368,0.567251443862915,0.28538012504577637
YHR115C,YER110C,0,-7.915278,0.1655290126800537,0.567251443862915,0.2859649062156677
YOR259C,YJR066W,0,-7.921801,0.16524702310562134,0.567251443862915,0.28654971718788147
YDR517W,YNR047W,0,-7.922137,0.16496598720550537,0.567251443862915,0.2871344983577728
YBR059C,YBR049C,0,-7.922644,0.1646859049797058,0.567251443862915,0.2877193093299866
YLR295C,YDR260C,0,-7.9235816,0.16440677642822266,0.567251443862915,0.28830409049987793
YMR092C,YOR061W,0,-7.923902,0.1641286015510559,0.567251443862915,0.2888889014720917
YGL105W,YJL012C,0,-7.924022,0.16385135054588318,0.567251443862915,0.28947368264198303
YOR349W,YER149C,0,-7.9254746,0.16357503831386566,0.567251443862915,0.2900584936141968
YNL136W,YIL125W,0,-7.927078,0.16329966485500336,0.567251443862915,0.29064327478408813
YJL047C,YNL088W,1,-7.9298587,0.16470588743686676,0.5730994343757629,0.29064327478408813
YGR191W,YLR090W,0,-7.9319825,0.16442953050136566,0.5730994343757629,0.2912280559539795
YPL115C,YBR289W,0,-7.9321856,0.16415409743785858,0.5730994343757629,0.29181286692619324
YPL161C,YOL008W,0,-7.932425,0.1638796031475067,0.5730994343757629,0.2923976480960846
YDR160W,YEL041W,0,-7.9330945,0.16360600292682648,0.5730994343757629,0.29298245906829834
YDR184C,YER044C-A,0,-7.9343004,0.16333332657814026,0.5730994343757629,0.2935672402381897
YGL073W,YEL037C,0,-7.9357533,0.16306155920028687,0.5730994343757629,0.29415205121040344
YMR255W,YJR119C,0,-7.936259,0.1627907007932663,0.5730994343757629,0.2947368323802948
YPR034W,YDL058W,0,-7.936402,0.16252073645591736,0.5730994343757629,0.29532164335250854
YFR036W,YEL053C,0,-7.940479,0.16225165128707886,0.5730994343757629,0.2959064245223999
YNL233W,YDR513W,0,-7.9418497,0.16198347508907318,0.5730994343757629,0.29649123549461365
YDR448W,YOL122C,0,-7.9425974,0.16171617805957794,0.5730994343757629,0.297076016664505
YDL116W,YLR266C,0,-7.9431205,0.16144976019859314,0.5730994343757629,0.29766082763671875
YEL003W,YDR529C,0,-7.9433136,0.16118420660495758,0.5730994343757629,0.2982456088066101
YIL002C,YIL121W,0,-7.944358,0.16091954708099365,0.5730994343757629,0.29883041977882385
YDR140W,YPR108W,0,-7.9454007,0.16065573692321777,0.5730994343757629,0.2994152009487152
YBR167C,YJL072C,0,-7.949871,0.16039280593395233,0.5730994343757629,0.30000001192092896
YBL079W,YPR094W,0,-7.954271,0.16013072431087494,0.5730994343757629,0.3005847930908203
YLR078C,YNL282W,0,-7.955913,0.1598694920539856,0.5730994343757629,0.30116960406303406
YCL055W,YNL102W,0,-7.956874,0.1596091240644455,0.5730994343757629,0.3017543852329254
YOR221C,YGR009C,0,-7.9572577,0.15934959053993225,0.5730994343757629,0.3023391664028168
YFL025C,YJL003W,0,-7.958239,0.15909090638160706,0.5730994343757629,0.3029239773750305
YGR217W,YDL188C,0,-7.9584594,0.15883305668830872,0.5730994343757629,0.3035087585449219
YBR022W,YOR359W,0,-7.960983,0.15857605636119843,0.5730994343757629,0.3040935695171356
YPR120C,YNL088W,1,-7.961864,0.1599353849887848,0.5789473652839661,0.3040935695171356
YOR257W,YNL147W,0,-7.965522,0.1596774160861969,0.5789473652839661,0.304678350687027
YJL003W,YNL130C,0,-7.9658012,0.15942029654979706,0.5789473652839661,0.3052631616592407
YER104W,YDL042C,1,-7.967752,0.1607716977596283,0.5847952961921692,0.3052631616592407
YOL068C,YDL042C,1,-7.9679494,0.16211877763271332,0.5906432867050171,0.3052631616592407
YPL015C,YLL002W,1,-7.9697165,0.16346153616905212,0.5964912176132202,0.3052631616592407
YLR088W,YIR037W,0,-7.970728,0.1632000058889389,0.5964912176132202,0.3058479428291321
YAL022C,YOR014W,0,-7.9711075,0.16293929517269135,0.5964912176132202,0.3064327538013458
YCL067C,YJR044C,0,-7.9717326,0.16267941892147064,0.5964912176132202,0.3070175349712372
YGR222W,YGL039W,0,-7.973862,0.1624203771352768,0.5964912176132202,0.3076023459434509
YBR161W,YER018C,0,-7.975435,0.1621621549129486,0.5964912176132202,0.3081871271133423
YOL068C,YJL047C,1,-7.9784923,0.16349206864833832,0.6023392081260681,0.3081871271133423
YDR388W,YDR451C,0,-7.979402,0.1632329672574997,0.6023392081260681,0.30877193808555603
YDR221W,YJR006W,0,-7.9818034,0.16297468543052673,0.6023392081260681,0.3093567192554474
YFL022C,YBR022W,0,-7.9843593,0.16271722316741943,0.6023392081260681,0.30994153022766113
YGL201C,YIL076W,0,-7.9849067,0.1624605655670166,0.6023392081260681,0.3105263113975525
YBR112C,YDR386W,0,-7.986419,0.16220472753047943,0.6023392081260681,0.31111112236976624
YDR130C,YBR022W,0,-7.9868426,0.16194967925548553,0.6023392081260681,0.3116959035396576
YGL151W,YDR073W,0,-7.9869933,0.1616954505443573,0.6023392081260681,0.31228071451187134
YDR072C,YKR008W,0,-7.9872565,0.16144201159477234,0.6023392081260681,0.3128654956817627
YPR200C,YBR058C,0,-7.9878507,0.16118936240673065,0.6023392081260681,0.31345030665397644
YOR056C,YGL044C,0,-7.9917235,0.16093750298023224,0.6023392081260681,0.3140350878238678
YOR018W,YDL128W,0,-7.9948506,0.1606864333152771,0.6023392081260681,0.31461986899375916
YIR002C,YDL130W-A,0,-7.995457,0.16043613851070404,0.6023392081260681,0.3152046799659729
YLR016C,YMR313C,0,-7.997421,0.16018661856651306,0.6023392081260681,0.31578946113586426
YPR049C,YNL032W,0,-7.997638,0.15993788838386536,0.6023392081260681,0.316374272108078
YOL068C,YLR234W,1,-7.998467,0.16124030947685242,0.6081871390342712,0.316374272108078
YDR446W,YPR125W,0,-8.00027,0.16099071502685547,0.6081871390342712,0.31695905327796936
YPL178W,YJL008C,0,-8.003671,0.1607418805360794,0.6081871390342712,0.3175438642501831
YLR451W,YNR039C,0,-8.005337,0.16049382090568542,0.6081871390342712,0.31812864542007446
YGR003W,YLR223C,0,-8.00582,0.16024653613567352,0.6081871390342712,0.3187134563922882
YPL118W,YBL056W,0,-8.005876,0.1599999964237213,0.6081871390342712,0.31929823756217957
YMR313C,YNL304W,0,-8.007993,0.15975423157215118,0.6081871390342712,0.3198830485343933
YGR119C,YKL099C,0,-8.010586,0.15950919687747955,0.6081871390342712,0.32046782970428467
YDR329C,YDR363W-A,0,-8.01372,0.15926493704319,0.6081871390342712,0.3210526406764984
YPL155C,YPL176C,0,-8.016377,0.15902140736579895,0.6081871390342712,0.32163742184638977
YMR184W,YJL209W,0,-8.016939,0.1587786227464676,0.6081871390342712,0.3222222328186035
YLR088W,YDR425W,0,-8.0191345,0.15853658318519592,0.6081871390342712,0.3228070139884949
YJR013W,YBR165W,0,-8.019301,0.15829528868198395,0.6081871390342712,0.3233918249607086
YPR168W,YHR065C,0,-8.019826,0.15805470943450928,0.6081871390342712,0.3239766061306
YPR120C,YER104W,1,-8.019866,0.15933232009410858,0.6140350699424744,0.3239766061306
YCL025C,YGR048W,0,-8.020179,0.15909090638160706,0.6140350699424744,0.3245614171028137
YPR007C,YLR424W,0,-8.020631,0.15885022282600403,0.6140350699424744,0.3251461982727051
YLR411W,YDL006W,0,-8.024511,0.1586102694272995,0.6140350699424744,0.32573097944259644
YBL090W,YCL004W,0,-8.025258,0.15837104618549347,0.6140350699424744,0.3263157904148102
YMR164C,YPL042C,0,-8.026079,0.15813252329826355,0.6140350699424744,0.32690057158470154
YER045C,YER147C,0,-8.027424,0.15789473056793213,0.6140350699424744,0.3274853825569153
YOL068C,YOL006C,1,-8.028909,0.15915915369987488,0.6198830604553223,0.3274853825569153
YBR278W,YDR277C,0,-8.029911,0.1589205414056778,0.6198830604553223,0.32807016372680664
YJR074W,YIL105C,0,-8.030572,0.15868262946605682,0.6198830604553223,0.3286549746990204
YPR005C,YDR389W,0,-8.0316,0.15844544768333435,0.6198830604553223,0.32923975586891174
YPL051W,YDR423C,0,-8.033103,0.1582089513540268,0.6198830604553223,0.3298245668411255
YLR298C,YKL175W,0,-8.035403,0.15797317028045654,0.6198830604553223,0.33040934801101685
YDR142C,YLR105C,0,-8.035436,0.1577380895614624,0.6198830604553223,0.3309941589832306
YGR238C,YGR257C,0,-8.035846,0.15750370919704437,0.6198830604553223,0.33157894015312195
YGL173C,YNR013C,0,-8.0364275,0.15727002918720245,0.6198830604553223,0.3321637511253357
YKL092C,YJL054W,0,-8.039254,0.15703703463077545,0.6198830604553223,0.33274853229522705
YDL154W,YLR442C,0,-8.039774,0.15680474042892456,0.6198830604553223,0.3333333432674408
YDR270W,YKL001C,0,-8.039952,0.1565731167793274,0.6198830604553223,0.33391812443733215
YLR256W,YGL094C,0,-8.040449,0.15634217858314514,0.6198830604553223,0.3345029354095459
YKL074C,YGR101W,0,-8.041309,0.1561119258403778,0.6198830604553223,0.33508771657943726
YHL019C,YBL016W,0,-8.044724,0.1558823585510254,0.6198830604553223,0.335672527551651
YER167W,YDR172W,0,-8.04476,0.1556534469127655,0.6198830604553223,0.33625730872154236
YDR166C,YOR307C,0,-8.044761,0.15542522072792053,0.6198830604553223,0.3368421196937561
YML061C,YNL202W,0,-8.04504,0.1551976501941681,0.6198830604553223,0.33742690086364746
YCR026C,YDL217C,0,-8.046352,0.15497076511383057,0.6198830604553223,0.3380116820335388
YJR140C,YER111C,0,-8.047575,0.15474452078342438,0.6198830604553223,0.33859649300575256
YLR210W,YJL156C,0,-8.047799,0.1545189470052719,0.6198830604553223,0.3391812741756439
YFL010W-A,YCR020W-B,0,-8.048187,0.15429402887821198,0.6198830604553223,0.33976608514785767
YOR112W,YOR244W,0,-8.048511,0.15406976640224457,0.6198830604553223,0.340350866317749
YOL068C,YJR046W,1,-8.049355,0.15529753267765045,0.6257309913635254,0.340350866317749
YLR139C,YPL124W,0,-8.050638,0.15507246553897858,0.6257309913635254,0.34093567728996277
YCL016C,YEL003W,0,-8.051354,0.15484803915023804,0.6257309913635254,0.3415204584598541
YDR069C,YDL042C,1,-8.051724,0.15606936812400818,0.6315789222717285,0.3415204584598541
YOL069W,YDR192C,0,-8.053177,0.15584415197372437,0.6315789222717285,0.34210526943206787
YOR304W,YKL194C,0,-8.053284,0.15561959147453308,0.6315789222717285,0.34269005060195923
YLR206W,YMR088C,0,-8.053366,0.15539568662643433,0.6315789222717285,0.343274861574173
YDL020C,YLL002W,1,-8.054934,0.1566091924905777,0.6374269127845764,0.343274861574173
YML028W,YJR141W,0,-8.057003,0.15638449788093567,0.6374269127845764,0.34385964274406433
YJR158W,YBL041W,0,-8.057546,0.15616045892238617,0.6374269127845764,0.3444444537162781
YDR172W,YOR068C,0,-8.057571,0.1559370458126068,0.6374269127845764,0.34502923488616943
YDR284C,YLR100W,0,-8.057582,0.15571428835391998,0.6374269127845764,0.3456140458583832
YGR231C,YDL224C,0,-8.059159,0.1554921567440033,0.6374269127845764,0.34619882702827454
YNL054W,YPL019C,0,-8.060414,0.15527065098285675,0.6374269127845764,0.3467836380004883
YDL020C,YOL006C,1,-8.062128,0.15647226572036743,0.6432748436927795,0.3467836380004883
YKL055C,YKL154W,0,-8.063195,0.15625,0.6432748436927795,0.34736841917037964
YLR423C,YMR106C,0,-8.064513,0.1560283750295639,0.6432748436927795,0.3479532301425934
YDR378C,YHR005C-A,0,-8.064522,0.15580736100673676,0.6432748436927795,0.34853801131248474
YBR158W,YLR170C,0,-8.065013,0.15558698773384094,0.6432748436927795,0.3491227924823761
YLR399C,YGR206W,0,-8.068438,0.15536722540855408,0.6432748436927795,0.34970760345458984
YDL143W,YBL014C,0,-8.071333,0.15514808893203735,0.6432748436927795,0.3502923846244812
YOR023C,YMR088C,0,-8.07492,0.15492957830429077,0.6432748436927795,0.35087719559669495
YDR145W,YOR075W,0,-8.0764885,0.15471167862415314,0.6432748436927795,0.3514619767665863
YJL081C,YBR107C,0,-8.076511,0.15449437499046326,0.6432748436927795,0.35204678773880005
YHR115C,YDR123C,0,-8.078431,0.15427769720554352,0.6432748436927795,0.3526315689086914
YOR048C,YDL216C,0,-8.080177,0.15406163036823273,0.6432748436927795,0.35321637988090515
YLL002W,YDL042C,1,-8.085619,0.15524475276470184,0.6491228342056274,0.35321637988090515
YDL138W,YBR103W,0,-8.087792,0.15502792596817017,0.6491228342056274,0.3538011610507965
YBL050W,YLR442C,0,-8.090139,0.15481171011924744,0.6491228342056274,0.35438597202301025
YLR223C,YMR054W,0,-8.092704,0.15459610521793365,0.6491228342056274,0.3549707531929016
YHR166C,YOL090W,0,-8.093802,0.15438108146190643,0.6491228342056274,0.35555556416511536
YNL071W,YGR030C,0,-8.094009,0.15416666865348816,0.6491228342056274,0.3561403453350067
YBR102C,YLR195C,0,-8.095698,0.15395283699035645,0.6491228342056274,0.35672515630722046
YML092C,YKL212W,0,-8.097265,0.15373961627483368,0.6491228342056274,0.3573099374771118
YJR084W,YKL095W,0,-8.097642,0.15352697670459747,0.6491228342056274,0.35789474844932556
YJR035W,YMR060C,0,-8.097731,0.15331491827964783,0.6491228342056274,0.3584795296192169
YHL048W,YDR036C,0,-8.098265,0.15310344099998474,0.6491228342056274,0.35906434059143066
YPR037C,YIR017C,0,-8.098488,0.1528925597667694,0.6491228342056274,0.359649121761322
YBL097W,YGL094C,0,-8.099313,0.15268225967884064,0.6491228342056274,0.36023393273353577
YLR085C,YOR033C,0,-8.101541,0.15247252583503723,0.6491228342056274,0.3608187139034271
YNL103W,YGL127C,0,-8.101631,0.15226337313652039,0.6491228342056274,0.3614034950733185
YDR301W,YER117W,0,-8.104739,0.1520548015832901,0.6491228342056274,0.3619883060455322
YKL049C,YMR192W,0,-8.105867,0.151846781373024,0.6491228342056274,0.3625730872154236
YNL264C,YPL083C,0,-8.106338,0.15163934230804443,0.6491228342056274,0.36315789818763733
YGL003C,YPL221W,0,-8.107629,0.15143246948719025,0.6491228342056274,0.3637426793575287
YOL113W,YPR032W,0,-8.107868,0.15122616291046143,0.6491228342056274,0.36432749032974243
YOR147W,YGR010W,0,-8.109802,0.15102040767669678,0.6491228342056274,0.3649122714996338
YIL115C,YNR026C,0,-8.109918,0.1508152186870575,0.6491228342056274,0.36549708247184753
YDR511W,YMR283C,0,-8.111634,0.15061058104038239,0.6491228342056274,0.3660818636417389
YMR162C,YCL063W,0,-8.111682,0.15040650963783264,0.6491228342056274,0.36666667461395264
YHR036W,YGR217W,0,-8.113613,0.15020297467708588,0.6491228342056274,0.367251455783844
YDR302W,YGL104C,0,-8.114073,0.15000000596046448,0.6491228342056274,0.36783626675605774
YJL047C,YER104W,1,-8.114747,0.15114709734916687,0.6549707651138306,0.36783626675605774
YGL071W,YBR022W,0,-8.115699,0.15094339847564697,0.6549707651138306,0.3684210479259491
YCR028C,YER052C,0,-8.116315,0.15074023604393005,0.6549707651138306,0.36900585889816284
YNL331C,YLL038C,0,-8.117328,0.1505376398563385,0.6549707651138306,0.3695906400680542
YDR473C,YIL017C,0,-8.117638,0.15033556520938873,0.6549707651138306,0.37017545104026794
YGL183C,YDR436W,0,-8.118609,0.15013404190540314,0.6549707651138306,0.3707602322101593
YNL136W,YAL016W,0,-8.120093,0.1499330699443817,0.6549707651138306,0.37134504318237305
YOR037W,YLR105C,0,-8.120368,0.14973261952400208,0.6549707651138306,0.3719298243522644
YJR035W,YOR018W,0,-8.120604,0.14953270554542542,0.6549707651138306,0.37251460552215576
YNL264C,YKL113C,0,-8.12164,0.14933332800865173,0.6549707651138306,0.3730994164943695
YGL168W,YLR222C,0,-8.123886,0.14913448691368103,0.6549707651138306,0.37368419766426086
YBL085W,YGL209W,0,-8.12468,0.1489361673593521,0.6549707651138306,0.3742690086364746
YDR116C,YNL304W,0,-8.126022,0.14873838424682617,0.6549707651138306,0.37485378980636597
YGL018C,YIL122W,0,-8.1263895,0.14854110777378082,0.6549707651138306,0.3754386007785797
YGR179C,YER100W,0,-8.126555,0.14834436774253845,0.6549707651138306,0.37602338194847107
YNL130C,YDL229W,0,-8.127925,0.14814814925193787,0.6549707651138306,0.3766081929206848
YPL178W,YGR238C,0,-8.131747,0.14795243740081787,0.6549707651138306,0.37719297409057617
YBL018C,YFL036W,0,-8.132325,0.14775726199150085,0.6549707651138306,0.3777777850627899
YPL194W,YPL006W,0,-8.134386,0.14756257832050323,0.6549707651138306,0.3783625662326813
YFR037C,YCR073C,0,-8.136844,0.1473684161901474,0.6549707651138306,0.378947377204895
YJR060W,YJL106W,0,-8.139545,0.14717477560043335,0.6549707651138306,0.3795321583747864
YML078W,YBR142W,0,-8.141021,0.1469816267490387,0.6549707651138306,0.3801169693470001
YDR300C,YAL009W,0,-8.141188,0.14678898453712463,0.6549707651138306,0.3807017505168915
YLR314C,YER005W,0,-8.141547,0.14659686386585236,0.6549707651138306,0.3812865614891052
YCR038C,YFL048C,0,-8.143349,0.14640523493289948,0.6549707651138306,0.3818713426589966
YJL090C,YNL273W,1,-8.143478,0.14751958847045898,0.6608186960220337,0.3818713426589966
YPL015C,YNL088W,1,-8.143981,0.1486310362815857,0.6666666865348816,0.3818713426589966
YOR371C,YGR170W,0,-8.144254,0.1484375,0.6666666865348816,0.3824561536312103
YOR120W,YLR182W,0,-8.144956,0.1482444703578949,0.6666666865348816,0.3830409348011017
YNR027W,YCR042C,0,-8.148127,0.14805194735527039,0.6666666865348816,0.38362574577331543
YOL068C,YLL002W,1,-8.148569,0.14915694296360016,0.6725146174430847,0.38362574577331543
YDL014W,YGL232W,0,-8.148776,0.14896373450756073,0.6725146174430847,0.3842105269432068
YOR058C,YHR108W,0,-8.149756,0.1487710177898407,0.6725146174430847,0.38479530811309814
YNL149C,YAR008W,0,-8.150541,0.14857880771160126,0.6725146174430847,0.3853801190853119
YDL102W,YIR017C,0,-8.15079,0.1483870893716812,0.6725146174430847,0.38596490025520325
YMR023C,YPL092W,0,-8.153742,0.14819587767124176,0.6725146174430847,0.386549711227417
YPL049C,YOR008C,0,-8.153883,0.1480051428079605,0.6725146174430847,0.38713449239730835
YPL259C,YDR062W,0,-8.154562,0.14781491458415985,0.6725146174430847,0.3877193033695221
YKL179C,YPL146C,0,-8.155698,0.1476251631975174,0.6725146174430847,0.38830408453941345
YPL269W,YJL039C,0,-8.156585,0.14743590354919434,0.6725146174430847,0.3888888955116272
YOR005C,YJR135W-A,0,-8.157325,0.14724712073802948,0.6725146174430847,0.38947367668151855
YPL061W,YGR247W,0,-8.15788,0.14705882966518402,0.6725146174430847,0.3900584876537323
YKR038C,YPL042C,0,-8.158509,0.14687101542949677,0.6725146174430847,0.39064326882362366
YAL005C,YOL028C,0,-8.15917,0.1466836780309677,0.6725146174430847,0.3912280797958374
YDL031W,YBR240C,0,-8.15997,0.14649681746959686,0.6725146174430847,0.39181286096572876
YMR014W,YMR073C,0,-8.160015,0.14631043374538422,0.6725146174430847,0.3923976719379425
YFL031W,YKR079C,0,-8.160821,0.14612452685832977,0.6725146174430847,0.39298245310783386
YMR240C,YGR244C,0,-8.161646,0.14593908190727234,0.6725146174430847,0.3935672640800476
YDR363W,YJL102W,0,-8.1625595,0.1457541137933731,0.6725146174430847,0.39415204524993896
YOR368W,YDR388W,0,-8.16307,0.14556962251663208,0.6725146174430847,0.3947368562221527
YJL033W,YNL014W,0,-8.165266,0.14538559317588806,0.6725146174430847,0.39532163739204407
YOR354C,YOR256C,0,-8.166053,0.14520202577114105,0.6725146174430847,0.3959064185619354
YGR180C,YKR042W,0,-8.166203,0.14501892030239105,0.6725146174430847,0.39649122953414917
YGL018C,YDL217C,0,-8.166698,0.14483627676963806,0.6725146174430847,0.3970760107040405
YBR244W,YAL068C,0,-8.166762,0.14465409517288208,0.6725146174430847,0.3976608216762543
YPL137C,YDL092W,0,-8.168269,0.14447236061096191,0.6725146174430847,0.39824560284614563
YGR183C,YLR182W,0,-8.168691,0.14429108798503876,0.6725146174430847,0.3988304138183594
YOR113W,YDR011W,0,-8.169835,0.1441102772951126,0.6725146174430847,0.39941519498825073
YML057W,YLR238W,0,-8.170549,0.14392991364002228,0.6725146174430847,0.4000000059604645
YPL255W,YFL003C,0,-8.171172,0.14374999701976776,0.6725146174430847,0.40058478713035583
YOL164W,YGR113W,0,-8.171362,0.14357054233551025,0.6725146174430847,0.4011695981025696
YJL148W,YER123W,0,-8.173549,0.14339151978492737,0.6725146174430847,0.40175437927246094
YBR210W,YJR074W,0,-8.176197,0.1432129442691803,0.6725146174430847,0.4023391902446747
YDR118W,YGR181W,0,-8.176217,0.14303483068943024,0.6725146174430847,0.40292397141456604
YJL013C,YBR055C,0,-8.177032,0.1428571492433548,0.6725146174430847,0.4035087823867798
YMR161W,YDR359C,0,-8.178055,0.14267989993095398,0.6725146174430847,0.40409356355667114
YPL178W,YDR485C,0,-8.178145,0.14250309765338898,0.6725146174430847,0.4046783745288849
YNL307C,YOR201C,0,-8.1798,0.1423267275094986,0.6725146174430847,0.40526315569877625
YDL005C,YLR447C,0,-8.180098,0.14215080440044403,0.6725146174430847,0.40584796667099
YGR230W,YPR065W,0,-8.182044,0.1419753134250641,0.6725146174430847,0.40643274784088135
YDR140W,YDL036C,0,-8.182514,0.14180023968219757,0.6725146174430847,0.4070175290107727
YDL044C,YPL153C,0,-8.1836815,0.14162561297416687,0.6725146174430847,0.40760233998298645
YAL051W,YGL049C,0,-8.18462,0.1414514183998108,0.6725146174430847,0.4081871211528778
YLL002W,YNL273W,1,-8.184819,0.14250613749027252,0.6783625483512878,0.4081871211528778
YKL205W,YOR256C,0,-8.186546,0.1423312872648239,0.6783625483512878,0.40877193212509155
YDR386W,YGR211W,0,-8.186745,0.14215686917304993,0.6783625483512878,0.4093567132949829
YHR165C,YNR048W,0,-8.187612,0.14198286831378937,0.6783625483512878,0.40994152426719666
YFL041W,YLR248W,0,-8.190052,0.14180928468704224,0.6783625483512878,0.410526305437088
YER146W,YDR057W,0,-8.19022,0.14163614809513092,0.6783625483512878,0.41111111640930176
YER026C,YLR007W,0,-8.191181,0.14146341383457184,0.6783625483512878,0.4116958975791931
YIL004C,YOL144W,0,-8.195364,0.14129111170768738,0.6783625483512878,0.41228070855140686
YLL015W,YNL294C,0,-8.196811,0.14111922681331635,0.6783625483512878,0.4128654897212982
YKR068C,YHR166C,0,-8.198406,0.14094775915145874,0.6783625483512878,0.41345030069351196
YKL049C,YGR132C,0,-8.198556,0.14077669382095337,0.6783625483512878,0.4140350818634033
YNR010W,YMR177W,0,-8.198983,0.14060606062412262,0.6783625483512878,0.41461989283561707
YML023C,YNR013C,0,-8.19903,0.1404358297586441,0.6783625483512878,0.4152046740055084
YLR347C,YDR002W,0,-8.200653,0.14026601612567902,0.6783625483512878,0.41578948497772217
YOL021C,YLR265C,0,-8.200785,0.14009661972522736,0.6783625483512878,0.4163742661476135
YNL071W,YNL032W,0,-8.204144,0.13992762565612793,0.6783625483512878,0.41695907711982727
YLR238W,YGR258C,0,-8.204383,0.13975903391838074,0.6783625483512878,0.41754385828971863
YBR278W,YNL186W,0,-8.204525,0.13959085941314697,0.6783625483512878,0.4181286692619324
YBR186W,YLR447C,0,-8.204642,0.13942307233810425,0.6783625483512878,0.41871345043182373
YML062C,YMR179W,0,-8.206035,0.13925570249557495,0.6783625483512878,0.4192982316017151
YOR058C,YBR272C,0,-8.209582,0.1390887349843979,0.6783625483512878,0.41988304257392883
YGL027C,YLR016C,0,-8.2097025,0.13892215490341187,0.6783625483512878,0.4204678237438202
YGR247W,YGL158W,0,-8.212141,0.13875597715377808,0.6783625483512878,0.42105263471603394
YMR153W,YFR050C,0,-8.2121725,0.13859020173549652,0.6783625483512878,0.4216374158859253
YHR061C,YFR051C,0,-8.214374,0.138424813747406,0.6783625483512878,0.42222222685813904
YJL090C,YPL015C,1,-8.215113,0.13945172727108002,0.6842105388641357,0.42222222685813904
YML129C,YCL017C,0,-8.215126,0.13928571343421936,0.6842105388641357,0.4228070080280304
YDR378C,YOR187W,0,-8.218517,0.13912010192871094,0.6842105388641357,0.42339181900024414
YNL145W,YGL113W,0,-8.220493,0.13895486295223236,0.6842105388641357,0.4239766001701355
YJR092W,YJL154C,0,-8.221226,0.1387900412082672,0.6842105388641357,0.42456141114234924
YEL037C,YML127W,0,-8.223225,0.1386255919933319,0.6842105388641357,0.4251461923122406
YDR236C,YDL150W,0,-8.223358,0.13846154510974884,0.6842105388641357,0.42573100328445435
YOR237W,YBR165W,0,-8.224329,0.13829787075519562,0.6842105388641357,0.4263157844543457
YLR399C,YNL339C,0,-8.226042,0.13813459873199463,0.6842105388641357,0.42690059542655945
YIL048W,YDR213W,0,-8.226676,0.1379716992378235,0.6842105388641357,0.4274853765964508
YDR448W,YGR036C,0,-8.228091,0.13780918717384338,0.6842105388641357,0.42807018756866455
YGR171C,YER100W,0,-8.228137,0.13764706254005432,0.6842105388641357,0.4286549687385559
YBR068C,YDR394W,0,-8.228876,0.1374853104352951,0.6842105388641357,0.42923977971076965
YMR208W,YPR190C,0,-8.229756,0.13732394576072693,0.6842105388641357,0.429824560880661
YBR210W,YAL022C,0,-8.231121,0.1371629536151886,0.6842105388641357,0.43040934205055237
YOL065C,YBR198C,0,-8.2316,0.1370023488998413,0.6842105388641357,0.4309941530227661
YPL010W,YML124C,0,-8.232382,0.13684210181236267,0.6842105388641357,0.43157893419265747
YBL098W,YGL043W,0,-8.233123,0.13668224215507507,0.6842105388641357,0.4321637451648712
YDL004W,YOL077W-A,0,-8.233504,0.13652275502681732,0.6842105388641357,0.4327485263347626
YBR133C,YPL120W,0,-8.233846,0.13636364042758942,0.6842105388641357,0.4333333373069763
YJL179W,YPL138C,0,-8.234918,0.13620488345623016,0.6842105388641357,0.4339181184768677
YNL065W,YDR208W,0,-8.236666,0.13604651391506195,0.6842105388641357,0.4345029294490814
YGR188C,YOR171C,0,-8.237551,0.1358885020017624,0.6842105388641357,0.4350877106189728
YPR120C,YOL006C,1,-8.23849,0.1368909478187561,0.6900584697723389,0.4350877106189728
YDR099W,YKL149C,0,-8.240042,0.1367323249578476,0.6900584697723389,0.4356725215911865
YDR110W,YDL020C,1,-8.2418165,0.13773147761821747,0.6959064602851868,0.4356725215911865
YPR191W,YOR014W,0,-8.242233,0.1375722587108612,0.6959064602851868,0.4362573027610779
YDL166C,YBL020W,0,-8.243314,0.1374133974313736,0.6959064602851868,0.4368421137332916
YNL027W,YDR150W,0,-8.245517,0.13725490868091583,0.6959064602851868,0.437426894903183
YGR188C,YGL025C,0,-8.247488,0.13709677755832672,0.6959064602851868,0.43801170587539673
YJR040W,YLR354C,0,-8.25231,0.13693900406360626,0.6959064602851868,0.4385964870452881
YGL241W,YGL014W,0,-8.257667,0.13678160309791565,0.6959064602851868,0.43918129801750183
YNL280C,YCL010C,0,-8.264057,0.13662457466125488,0.6959064602851868,0.4397660791873932
YJR065C,YJL134W,0,-8.264554,0.13646788895130157,0.6959064602851868,0.44035089015960693
YGR135W,YLR272C,0,-8.264637,0.1363115757703781,0.6959064602851868,0.4409356713294983
YBR257W,YJR004C,0,-8.265227,0.1361556053161621,0.6959064602851868,0.44152048230171204
YDR337W,YOR018W,0,-8.265373,0.13600000739097595,0.6959064602851868,0.4421052634716034
YLR139C,YNL253W,0,-8.266401,0.13584475219249725,0.6959064602851868,0.44269004464149475
YDL208W,YKL095W,0,-8.267807,0.1356898546218872,0.6959064602851868,0.4432748556137085
YLL018C-A,YNR039C,0,-8.268101,0.1355353146791458,0.6959064602851868,0.44385963678359985
YGL019W,YJL148W,0,-8.268657,0.13538111746311188,0.6959064602851868,0.4444444477558136
YDL074C,YOR145C,0,-8.268782,0.1352272778749466,0.6959064602851868,0.44502922892570496
YDL150W,YJL004C,0,-8.268994,0.13507378101348877,0.6959064602851868,0.4456140398979187
YOR269W,YMR313C,0,-8.269974,0.1349206417798996,0.6959064602851868,0.44619882106781006
YOR185C,YNL129W,0,-8.270343,0.1347678303718567,0.6959064602851868,0.4467836320400238
YBR290W,YML061C,0,-8.274654,0.13461539149284363,0.6959064602851868,0.44736841320991516
YIL075C,YDR103W,0,-8.274685,0.13446328043937683,0.6959064602851868,0.4479532241821289
YHR001W,YBL051C,0,-8.275784,0.1343115121126175,0.6959064602851868,0.44853800535202026
YJL106W,YIL076W,0,-8.276372,0.1341600865125656,0.6959064602851868,0.449122816324234
YBR240C,YEL012W,0,-8.277644,0.1340090036392212,0.6959064602851868,0.44970759749412537
YHR175W,YPL110C,0,-8.278106,0.13385826349258423,0.6959064602851868,0.4502924084663391
YPL262W,YGR275W,0,-8.278544,0.13370786607265472,0.6959064602851868,0.45087718963623047
YDR461W,YDR320C,0,-8.278952,0.13355779647827148,0.6959064602851868,0.4514620006084442
YOR239W,YDL030W,0,-8.279096,0.1334080696105957,0.6959064602851868,0.45204678177833557
YMR216C,YGR162W,0,-8.279236,0.13325868546962738,0.6959064602851868,0.4526315927505493
YML013W,YNL032W,0,-8.282751,0.13310961425304413,0.6959064602851868,0.4532163739204407
YLR383W,YPL124W,0,-8.283707,0.13296090066432953,0.6959064602851868,0.45380115509033203
YMR162C,YMR201C,0,-8.28435,0.1328125,0.6959064602851868,0.4543859660625458
YNL199C,YOR355W,0,-8.285355,0.13266444206237793,0.6959064602851868,0.45497074723243713
YNR049C,YMR197C,0,-8.285989,0.13251669704914093,0.6959064602851868,0.4555555582046509
YLR442C,YOR297C,0,-8.286147,0.1323692947626114,0.6959064602851868,0.45614033937454224
YNL071W,YDR244W,0,-8.288353,0.1322222203016281,0.6959064602851868,0.456725150346756
YDL020C,YJR046W,1,-8.288412,0.13318535685539246,0.7017543911933899,0.456725150346756
YNL279W,YLR105C,0,-8.28945,0.13303770124912262,0.7017543911933899,0.45730993151664734
YGR261C,YML004C,0,-8.289997,0.13289035856723785,0.7017543911933899,0.4578947424888611
YBR004C,YCR026C,0,-8.290077,0.13274335861206055,0.7017543911933899,0.45847952365875244
YPR021C,YDR164C,0,-8.2908535,0.1325966864824295,0.7017543911933899,0.4590643346309662
YML103C,YNL072W,0,-8.29183,0.13245032727718353,0.7017543911933899,0.45964911580085754
YER052C,YDR300C,0,-8.292065,0.13230429589748383,0.7017543911933899,0.4602339267730713
YLR096W,YBL033C,0,-8.294909,0.13215859234333038,0.7017543911933899,0.46081870794296265
YLL008W,YLR096W,0,-8.295198,0.132013201713562,0.7017543911933899,0.4614035189151764
YGR225W,YML129C,0,-8.297037,0.1318681389093399,0.7017543911933899,0.46198830008506775
YNR049C,YDL217C,0,-8.297441,0.13172337412834167,0.7017543911933899,0.4625731110572815
YMR290C,YGR089W,0,-8.299567,0.1315789520740509,0.7017543911933899,0.46315789222717285
YGL166W,YMR060C,0,-8.299828,0.131434828042984,0.7017543911933899,0.4637427031993866
YBL015W,YDR055W,0,-8.3008795,0.13129103183746338,0.7017543911933899,0.46432748436927795
YGR175C,YHL003C,0,-8.301737,0.13114753365516663,0.7017543911933899,0.4649122953414917
YLR403W,YDR460W,0,-8.30481,0.13100436329841614,0.7017543911933899,0.46549707651138306
YDR069C,YNL088W,1,-8.306961,0.13195201754570007,0.707602322101593,0.46549707651138306
YDL149W,YLR403W,0,-8.308486,0.13180828094482422,0.707602322101593,0.4660818576812744
YDL149W,YAL001C,0,-8.308597,0.13166485726833344,0.707602322101593,0.46666666865348816
YOR030W,YDR081C,0,-8.3102045,0.13152174651622772,0.707602322101593,0.4672514498233795
YNL145W,YCR008W,0,-8.31028,0.1313789337873459,0.707602322101593,0.46783626079559326
YGL025C,YDR027C,0,-8.312403,0.13123644888401031,0.707602322101593,0.4684210419654846
YCR008W,YAL005C,0,-8.315969,0.13109426200389862,0.707602322101593,0.46900585293769836
YAL041W,YIR011C,0,-8.3163595,0.130952388048172,0.707602322101593,0.4695906341075897
YER167W,YER117W,0,-8.318733,0.13081081211566925,0.707602322101593,0.47017544507980347
YOL011W,YHR026W,0,-8.320638,0.13066954910755157,0.707602322101593,0.4707602262496948
YLR429W,YNL163C,0,-8.320895,0.13052858412265778,0.707602322101593,0.47134503722190857
YLR086W,YGL243W,0,-8.321429,0.13038793206214905,0.707602322101593,0.4719298183917999
YDR016C,YLR183C,0,-8.321882,0.1302475780248642,0.707602322101593,0.47251462936401367
YPR119W,YPL190C,0,-8.322237,0.13010752201080322,0.707602322101593,0.47309941053390503
YJL047C,YOL006C,1,-8.322519,0.13104188442230225,0.7134503126144409,0.47309941053390503
YLR228C,YOR147W,0,-8.322964,0.1309012919664383,0.7134503126144409,0.4736842215061188
YFL009W,YNL030W,0,-8.323955,0.13076098263263702,0.7134503126144409,0.47426900267601013
YDR110W,YOL006C,1,-8.324235,0.13169164955615997,0.719298243522644,0.47426900267601013
YDL143W,YNL061W,0,-8.325819,0.13155080378055573,0.719298243522644,0.4748538136482239
YIL125W,YOR307C,0,-8.326367,0.13141025602817535,0.719298243522644,0.47543859481811523
YNL199C,YAL011W,0,-8.32861,0.13127000629901886,0.719298243522644,0.476023405790329
YAL024C,YDR329C,0,-8.328707,0.13113006949424744,0.719298243522644,0.47660818696022034
YPR017C,YBR055C,0,-8.330052,0.1309904158115387,0.719298243522644,0.4771929681301117
YJL110C,YGL053W,0,-8.333796,0.13085106015205383,0.719298243522644,0.47777777910232544
YNL023C,YNL264C,0,-8.333995,0.13071200251579285,0.719298243522644,0.4783625602722168
YPR120C,YLL002W,1,-8.334201,0.13163481652736664,0.7251461744308472,0.4783625602722168
YOR110W,YOR075W,0,-8.334635,0.13149522244930267,0.7251461744308472,0.47894737124443054
YNL099C,YGR048W,0,-8.33701,0.13135592639446259,0.7251461744308472,0.4795321524143219
YKL160W,YDR532C,0,-8.337584,0.13121692836284637,0.7251461744308472,0.48011696338653564
YER070W,YDR303C,0,-8.338028,0.13107822835445404,0.7251461744308472,0.480701744556427
YPL271W,YGL044C,0,-8.339468,0.1309398114681244,0.7251461744308472,0.48128655552864075
YOR317W,YNR011C,0,-8.3411255,0.13080169260501862,0.7251461744308472,0.4818713366985321
YDR069C,YDL020C,1,-8.342581,0.13171759247779846,0.7309941649436951,0.4818713366985321
YLR080W,YDR419W,0,-8.3428955,0.1315789520740509,0.7309941649436951,0.48245614767074585
YOL068C,YNL273W,1,-8.343021,0.13249211013317108,0.7368420958518982,0.48245614767074585
YBR039W,YDR189W,0,-8.345783,0.13235294818878174,0.7368420958518982,0.4830409288406372
YCL024W,YHR083W,0,-8.348122,0.13221405446529388,0.7368420958518982,0.48362573981285095
YGL035C,YKR042W,0,-8.348787,0.1320754736661911,0.7368420958518982,0.4842105209827423
YKL046C,YJR055W,0,-8.349432,0.131937175989151,0.7368420958518982,0.48479533195495605
YGR275W,YML055W,0,-8.349968,0.13179916143417358,0.7368420958518982,0.4853801131248474
YOR256C,YBR058C,0,-8.351692,0.13166144490242004,0.7368420958518982,0.48596492409706116
YOR037W,YBR060C,0,-8.352863,0.1315240114927292,0.7368420958518982,0.4865497052669525
YJR002W,YOR172W,0,-8.353763,0.131386861205101,0.7368420958518982,0.48713451623916626
YMR237W,YBR231C,0,-8.35428,0.13124999403953552,0.7368420958518982,0.4877192974090576
YML042W,YOL148C,0,-8.355069,0.1311134248971939,0.7368420958518982,0.48830410838127136
YDR423C,YMR047C,0,-8.356346,0.13097712397575378,0.7368420958518982,0.4888888895511627
YBL019W,YMR280C,0,-8.356714,0.13084112107753754,0.7368420958518982,0.4894736707210541
YPL115C,YKR052C,0,-8.357396,0.13070540130138397,0.7368420958518982,0.4900584816932678
YOR233W,YDR082W,0,-8.358259,0.1305699497461319,0.7368420958518982,0.4906432628631592
YLR103C,YBR037C,0,-8.359095,0.1304347813129425,0.7368420958518982,0.4912280738353729
YLR028C,YPL195W,0,-8.360108,0.1302998960018158,0.7368420958518982,0.4918128550052643
YBR297W,YHR133C,0,-8.360157,0.13016529381275177,0.7368420958518982,0.492397665977478
YDR069C,YPL015C,1,-8.3608675,0.13106295466423035,0.7426900863647461,0.492397665977478
YNL298W,YPR103W,0,-8.36178,0.13092783093452454,0.7426900863647461,0.4929824471473694
YOL135C,YPL253C,0,-8.362168,0.1307929903268814,0.7426900863647461,0.49356725811958313
YGL209W,YGR213C,0,-8.362717,0.13065843284130096,0.7426900863647461,0.4941520392894745
YLL022C,YCL051W,0,-8.363007,0.1305241584777832,0.7426900863647461,0.49473685026168823
YPR008W,YBR037C,0,-8.3632965,0.13039013743400574,0.7426900863647461,0.4953216314315796
YNL041C,YPR070W,0,-8.363346,0.13025641441345215,0.7426900863647461,0.49590644240379333
YJL065C,YOR156C,0,-8.364039,0.13012294471263885,0.7426900863647461,0.4964912235736847
YIL062C,YGR121C,0,-8.364687,0.12998975813388824,0.7426900863647461,0.49707603454589844
YDR460W,YOR075W,0,-8.366224,0.12985685467720032,0.7426900863647461,0.4976608157157898
YDL227C,YBL020W,0,-8.366314,0.12972420454025269,0.7426900863647461,0.49824562668800354
YLL011W,YML041C,0,-8.366473,0.12959183752536774,0.7426900863647461,0.4988304078578949
YOR381W,YLR362W,0,-8.368815,0.12945973873138428,0.7426900863647461,0.49941521883010864
YFR004W,YBR118W,0,-8.370019,0.1293279081583023,0.7426900863647461,0.5
YML104C,YGL037C,0,-8.370817,0.12919633090496063,0.7426900863647461,0.5005847811698914
YJL110C,YNL126W,0,-8.371216,0.12906503677368164,0.7426900863647461,0.5011695623397827
YOL012C,YLR176C,0,-8.37138,0.12893401086330414,0.7426900863647461,0.5017544031143188
YDR216W,YBR103W,0,-8.371908,0.12880323827266693,0.7426900863647461,0.5023391842842102
YDL115C,YDR320C,0,-8.371956,0.1286727488040924,0.7426900863647461,0.5029239654541016
YBR221C,YDL217C,0,-8.375992,0.12854251265525818,0.7426900863647461,0.5035087466239929
YER061C,YDL230W,0,-8.379133,0.12841254472732544,0.7426900863647461,0.504093587398529
YOR080W,YGL227W,0,-8.379531,0.128282830119133,0.7426900863647461,0.5046783685684204
YGR246C,YHR004C,0,-8.381272,0.12815338373184204,0.7426900863647461,0.5052631497383118
YML099C,YKL145W,0,-8.381933,0.12802419066429138,0.7426900863647461,0.5058479309082031
YHR175W,YFL008W,0,-8.382189,0.1278952658176422,0.7426900863647461,0.5064327716827393
YLR265C,YDL229W,0,-8.382919,0.12776659429073334,0.7426900863647461,0.5070175528526306
YPR120C,YJL090C,1,-8.383729,0.1286432147026062,0.7485380172729492,0.5070175528526306
YDR298C,YGL089C,0,-8.38392,0.12851405143737793,0.7485380172729492,0.507602334022522
YDR138W,YDR150W,0,-8.384113,0.12838515639305115,0.7485380172729492,0.5081871151924133
YMR285C,YMR091C,0,-8.385698,0.12825651466846466,0.7485380172729492,0.5087719559669495
YDL019C,YDL128W,0,-8.386822,0.12812812626361847,0.7485380172729492,0.5093567371368408
YDR021W,YGR009C,0,-8.386931,0.12800000607967377,0.7485380172729492,0.5099415183067322
YIL004C,YDR268W,0,-8.386948,0.12787212431430817,0.7485380172729492,0.5105262994766235
YDR425W,YPL042C,0,-8.390813,0.12774451076984406,0.7485380172729492,0.5111111402511597
YGR157W,YBR228W,0,-8.394227,0.12761715054512024,0.7485380172729492,0.511695921421051
YOR025W,YGL087C,0,-8.394657,0.12749004364013672,0.7485380172729492,0.5122807025909424
YKL204W,YIR018W,0,-8.394827,0.1273631900548935,0.7485380172729492,0.5128654837608337
YMR038C,YJL210W,0,-8.397147,0.12723657488822937,0.7485380172729492,0.5134502649307251
YJL003W,YNL073W,0,-8.397363,0.12711022794246674,0.7485380172729492,0.5140351057052612
YDR141C,YPL096W,0,-8.400471,0.1269841343164444,0.7485380172729492,0.5146198868751526
YNL251C,YKR042W,0,-8.4014,0.12685827910900116,0.7485380172729492,0.515204668045044
YKL092C,YOR122C,0,-8.4016,0.12673267722129822,0.7485380172729492,0.5157894492149353
YDR446W,YDR292C,0,-8.402284,0.12660731375217438,0.7485380172729492,0.5163742899894714
YER104W,YNL273W,1,-8.403127,0.12747035920619965,0.7543859481811523,0.5163742899894714
YEL009C,YKL197C,0,-8.403148,0.1273445188999176,0.7543859481811523,0.5169590711593628
YLR223C,YNL145W,0,-8.403622,0.12721893191337585,0.7543859481811523,0.5175438523292542
YGR262C,YPL012W,0,-8.405698,0.1270935982465744,0.7543859481811523,0.5181286334991455
YHR114W,YIL002C,0,-8.407025,0.12696850299835205,0.7543859481811523,0.5187134742736816
YBR004C,YDL134C,0,-8.407329,0.12684366106987,0.7543859481811523,0.519298255443573
YGR199W,YMR060C,0,-8.407536,0.12671905755996704,0.7543859481811523,0.5198830366134644
YIL010W,YPR133C,0,-8.407974,0.12659470736980438,0.7543859481811523,0.5204678177833557
YDR507C,YJR044C,0,-8.41062,0.12647059559822083,0.7543859481811523,0.5210526585578918
YDL065C,YMR149W,0,-8.412057,0.12634672224521637,0.7543859481811523,0.5216374397277832
YPR144C,YBL057C,0,-8.414029,0.12622308731079102,0.7543859481811523,0.5222222208976746
YMR101C,YLR090W,0,-8.416759,0.12609970569610596,0.7543859481811523,0.5228070020675659
YPL091W,YDR386W,0,-8.41801,0.1259765625,0.7543859481811523,0.5233917832374573
YLR060W,YJR022W,0,-8.419136,0.12585365772247314,0.7543859481811523,0.5239766240119934
YGL017W,YOR133W,0,-8.420095,0.1257309913635254,0.7543859481811523,0.5245614051818848
YBR086C,YML114C,0,-8.421925,0.12560856342315674,0.7543859481811523,0.5251461863517761
YCR014C,YJR035W,0,-8.424333,0.1254863739013672,0.7543859481811523,0.5257309675216675
YBR133C,YJR009C,0,-8.425236,0.12536443769931793,0.7543859481811523,0.5263158082962036
YDL226C,YMR270C,0,-8.425911,0.12524272501468658,0.7543859481811523,0.526900589466095
YGL251C,YNR003C,0,-8.426069,0.12512123584747314,0.7543859481811523,0.5274853706359863
YPL232W,YPR036W,0,-8.428879,0.125,0.7543859481811523,0.5280701518058777
YDR097C,YML060W,0,-8.429579,0.12487899512052536,0.7543859481811523,0.5286549925804138
YBL009W,YKL074C,0,-8.429691,0.12475822120904922,0.7543859481811523,0.5292397737503052
YDR270W,YMR292W,0,-8.430558,0.1246376782655716,0.7543859481811523,0.5298245549201965
YPR037C,YNL210W,0,-8.432211,0.12451737374067307,0.7543859481811523,0.5304093360900879
YPR025C,YMR161W,0,-8.433072,0.12439730018377304,0.7543859481811523,0.530994176864624
YDR046C,YGR199W,0,-8.434738,0.12427745759487152,0.7543859481811523,0.5315789580345154
YLL018C-A,YPL176C,0,-8.434784,0.1241578459739685,0.7543859481811523,0.5321637392044067
YMR264W,YDR246W,0,-8.435976,0.1240384578704834,0.7543859481811523,0.5327485203742981
YOL104C,YBR030W,0,-8.43602,0.12391930818557739,0.7543859481811523,0.5333333611488342
YEL061C,YOL126C,0,-8.436823,0.1238003820180893,0.7543859481811523,0.5339181423187256
YDL020C,YNL088W,1,-8.437244,0.12464045733213425,0.7602339386940002,0.5339181423187256
YDL077C,YKR053C,0,-8.437361,0.12452106922864914,0.7602339386940002,0.5345029234886169
YDR072C,YJL112W,0,-8.437894,0.12440191209316254,0.7602339386940002,0.5350877046585083
YIL053W,YGR172C,0,-8.437941,0.12428298592567444,0.7602339386940002,0.5356724858283997
YOR130C,YOR195W,0,-8.4401865,0.12416427582502365,0.7602339386940002,0.5362573266029358
YMR319C,YER107C,0,-8.440559,0.12404580414295197,0.7602339386940002,0.5368421077728271
YOR351C,YOL026C,0,-8.44134,0.12392754852771759,0.7602339386940002,0.5374268889427185
YNL225C,YGL173C,0,-8.441758,0.12380952388048172,0.7602339386940002,0.5380116701126099
YPL015C,YJL047C,1,-8.442017,0.12464319914579391,0.7660818696022034,0.5380116701126099
YIL121W,YNR034W,0,-8.442402,0.12452471256256104,0.7660818696022034,0.538596510887146
YBR029C,YER001W,0,-8.442923,0.12440645694732666,0.7660818696022034,0.5391812920570374
YDR069C,YOL006C,1,-8.445594,0.12523719668388367,0.7719298005104065,0.5391812920570374
YDR404C,YOR081C,0,-8.446908,0.12511847913265228,0.7719298005104065,0.5397660732269287
YOL059W,YER007W,0,-8.449095,0.125,0.7719298005104065,0.5403508543968201
YBR102C,YNR032W,0,-8.449369,0.12488174438476562,0.7719298005104065,0.5409356951713562
YGR134W,YJL134W,0,-8.450056,0.12476370483636856,0.7719298005104065,0.5415204763412476
YPR138C,YGL158W,0,-8.451494,0.1246458888053894,0.7719298005104065,0.5421052575111389
YGR057C,YJL148W,0,-8.454173,0.12452830374240875,0.7719298005104065,0.5426900386810303
YHR077C,YJL059W,0,-8.455593,0.12441093474626541,0.7719298005104065,0.5432748794555664
YOR037W,YPR138C,0,-8.457397,0.12429378181695938,0.7719298005104065,0.5438596606254578
YGR247W,YOR195W,0,-8.457991,0.12417685985565186,0.7719298005104065,0.5444444417953491
YHR041C,YLR181C,0,-8.461451,0.12406015396118164,0.7719298005104065,0.5450292229652405
YGR220C,YNL332W,0,-8.46166,0.12394366413354874,0.7719298005104065,0.5456140637397766
YNR030W,YML124C,0,-8.462461,0.12382739037275314,0.7719298005104065,0.546198844909668
YGR188C,YNL292W,0,-8.463404,0.12371134012937546,0.7719298005104065,0.5467836260795593
YCL032W,YPR139C,0,-8.464247,0.12359550595283508,0.7719298005104065,0.5473684072494507
YGL054C,YOR178C,0,-8.467535,0.12347988784313202,0.7719298005104065,0.547953188419342
YPR029C,YMR285C,0,-8.467613,0.12336448580026627,0.7719298005104065,0.5485380291938782
YDR411C,YEL050C,0,-8.467954,0.12324929982423782,0.7719298005104065,0.5491228103637695
YER145C,YFL016C,0,-8.468208,0.12313432991504669,0.7719298005104065,0.5497075915336609
YLR321C,YLR409C,0,-8.468815,0.12301956862211227,0.7719298005104065,0.5502923727035522
YBR217W,YDR072C,0,-8.469236,0.12290503084659576,0.7719298005104065,0.5508772134780884
YLR266C,YDR146C,0,-8.469608,0.12279069423675537,0.7719298005104065,0.5514619946479797
YDL102W,YGR003W,0,-8.469879,0.12267658114433289,0.7719298005104065,0.5520467758178711
YJR089W,YGL168W,0,-8.473992,0.12256267666816711,0.7719298005104065,0.5526315569877625
YLR011W,YMR060C,0,-8.476223,0.12244898080825806,0.7719298005104065,0.5532163977622986
YML129C,YDR422C,0,-8.477796,0.12233549356460571,0.7719298005104065,0.5538011789321899
YBR084W,YIR021W,0,-8.477938,0.12222222238779068,0.7719298005104065,0.5543859601020813
YJR063W,YOL105C,0,-8.478302,0.12210915982723236,0.7719298005104065,0.5549707412719727
YDR184C,YPL047W,0,-8.478552,0.12199630588293076,0.7719298005104065,0.5555555820465088
YER116C,YBL034C,0,-8.478992,0.12188365310430527,0.7719298005104065,0.5561403632164001
YBR199W,YBR171W,0,-8.480574,0.12177121639251709,0.7719298005104065,0.5567251443862915
YJR094C,YHR172W,0,-8.482431,0.12165898829698563,0.7719298005104065,0.5573099255561829
YGR028W,YDR328C,0,-8.482449,0.12154696136713028,0.7719298005104065,0.557894766330719
YNL216W,YPR173C,0,-8.4834795,0.12143514305353165,0.7719298005104065,0.5584795475006104
YDL174C,YPL031C,0,-8.483883,0.12132352590560913,0.7719298005104065,0.5590643286705017
YDR069C,YNL273W,1,-8.484124,0.1221303939819336,0.7777777910232544,0.5590643286705017
YAL030W,YDR460W,0,-8.484266,0.12201835215091705,0.7777777910232544,0.5596491098403931
YGR134W,YJL194W,0,-8.48509,0.12190651148557663,0.7777777910232544,0.5602338910102844
YIR005W,YKR022C,0,-8.486662,0.12179487198591232,0.7777777910232544,0.5608187317848206
YGR121C,YER024W,0,-8.487066,0.12168344110250473,0.7777777910232544,0.5614035129547119
YGR060W,YML008C,0,-8.487085,0.12157221138477325,0.7777777910232544,0.5619882941246033
YKL213C,YOL110W,0,-8.4882965,0.12146119028329849,0.7777777910232544,0.5625730752944946
YDL017W,YML007W,0,-8.489691,0.12135036289691925,0.7777777910232544,0.5631579160690308
YNL286W,YCR106W,0,-8.490955,0.12123974412679672,0.7777777910232544,0.5637426972389221
YPL021W,YGL038C,0,-8.491213,0.12112932652235031,0.7777777910232544,0.5643274784088135
YDL020C,YJL047C,1,-8.493479,0.12192902714014053,0.7836257219314575,0.5643274784088135
YBL074C,YGR074W,0,-8.495381,0.1218181848526001,0.7836257219314575,0.5649122595787048
YGL174W,YIL119C,0,-8.499187,0.12170753628015518,0.7836257219314575,0.565497100353241
YDR130C,YLR451W,0,-8.502178,0.12159709632396698,0.7836257219314575,0.5660818815231323
YER112W,YJR143C,0,-8.504125,0.1214868575334549,0.7836257219314575,0.5666666626930237
YHR166C,YMR305C,0,-8.504861,0.12137681245803833,0.7836257219314575,0.567251443862915
YMR314W,YHR069C,0,-8.508946,0.12126696854829788,0.7836257219314575,0.5678362846374512
YPL153C,YDR246W,0,-8.51091,0.12115732580423355,0.7836257219314575,0.5684210658073425
YPL101W,YOL090W,0,-8.512533,0.12104787677526474,0.7836257219314575,0.5690058469772339
YLR376C,YDR412W,0,-8.51333,0.12093862891197205,0.7836257219314575,0.5695906281471252
YDR036C,YBL056W,0,-8.516445,0.12082957476377487,0.7836257219314575,0.5701754093170166
YOR232W,YHR027C,0,-8.516548,0.12072072178125381,0.7836257219314575,0.5707602500915527
YPL202C,YDR265W,0,-8.51758,0.12061206251382828,0.7836257219314575,0.5713450312614441
YOR298C-A,YGL095C,0,-8.518675,0.12050359696149826,0.7836257219314575,0.5719298124313354
YPR185W,YOL054W,0,-8.519356,0.12039532512426376,0.7836257219314575,0.5725145936012268
YGL090W,YCL008C,0,-8.526928,0.12028725445270538,0.7836257219314575,0.5730994343757629
YIL048W,YHR027C,0,-8.527582,0.12017937004566193,0.7836257219314575,0.5736842155456543
YGR231C,YIL101C,0,-8.527755,0.12007168680429459,0.7836257219314575,0.5742689967155457
YHR026W,YLR212C,0,-8.52811,0.11996418982744217,0.7836257219314575,0.574853777885437
YJL090C,YOL006C,1,-8.52827,0.12075134366750717,0.7894737124443054,0.574853777885437
YEL015W,YPL196W,0,-8.530454,0.12064342945814133,0.7894737124443054,0.5754386186599731
YDR524C,YHR102W,0,-8.531278,0.1205357164144516,0.7894737124443054,0.5760233998298645
YNL094W,YDR292C,0,-8.5324,0.1204281896352768,0.7894737124443054,0.5766081809997559
YNR067C,YNL099C,0,-8.53734,0.12032085657119751,0.7894737124443054,0.5771929621696472
YPR120C,YNL273W,1,-8.537819,0.12110418826341629,0.7953216433525085,0.5771929621696472
YJR055W,YGR199W,0,-8.538706,0.12099643796682358,0.7953216433525085,0.5777778029441833
YJL157C,YGL106W,0,-8.541159,0.12088888883590698,0.7953216433525085,0.5783625841140747
YPR120C,YDL042C,1,-8.542135,0.12166962772607803,0.8011695742607117,0.5783625841140747
YJR076C,YMR077C,0,-8.54217,0.12156166881322861,0.8011695742607117,0.5789473652839661
YOR080W,YOR048C,0,-8.542603,0.1214539036154747,0.8011695742607117,0.5795321464538574
YER116C,YEL031W,0,-8.549511,0.12134632468223572,0.8011695742607117,0.5801169872283936
YBR221C,YHR135C,0,-8.549999,0.12123893946409225,0.8011695742607117,0.5807017683982849
YAL026C,YPL242C,0,-8.552451,0.12113174051046371,0.8011695742607117,0.5812865495681763
YLR256W,YKL201C,0,-8.554024,0.1210247352719307,0.8011695742607117,0.5818713307380676
YPL227C,YOL123W,0,-8.555067,0.1209179162979126,0.8011695742607117,0.582456111907959
YDR483W,YHR206W,0,-8.557982,0.12081129103899002,0.8011695742607117,0.5830409526824951
YOR079C,YGL236C,0,-8.559074,0.12070484459400177,0.8011695742607117,0.5836257338523865
YER054C,YGR170W,0,-8.561116,0.12059859186410904,0.8011695742607117,0.5842105150222778
YGR249W,YLR371W,0,-8.561917,0.12049252539873123,0.8011695742607117,0.5847952961921692
YGL048C,YDR356W,0,-8.567032,0.12038664519786835,0.8011695742607117,0.5853801369667053
YBL099W,YOL061W,0,-8.567493,0.12028095126152039,0.8011695742607117,0.5859649181365967
YFR021W,YAR035W,0,-8.568029,0.12017543613910675,0.8011695742607117,0.586549699306488
YCL025C,YBR202W,0,-8.568463,0.12007011473178864,0.8011695742607117,0.5871344804763794
YHR183W,YMR137C,0,-8.568741,0.11996497213840485,0.8011695742607117,0.5877193212509155
YOR056C,YML023C,0,-8.568784,0.11986001580953598,0.8011695742607117,0.5883041024208069
YER001W,YIL119C,0,-8.569889,0.11975524574518204,0.8011695742607117,0.5888888835906982
YKR024C,YKL048C,0,-8.571962,0.11965065449476242,0.8011695742607117,0.5894736647605896
YAL024C,YLR272C,0,-8.57255,0.11954624950885773,0.8011695742607117,0.5900585055351257
YDR511W,YNL103W,0,-8.579148,0.11944202333688736,0.8011695742607117,0.5906432867050171
YKL179C,YOR210W,0,-8.580412,0.11933797597885132,0.8011695742607117,0.5912280678749084
YBL009W,YCR060W,0,-8.581482,0.1192341148853302,0.8011695742607117,0.5918128490447998
YNL330C,YDL058W,0,-8.584002,0.11913043260574341,0.8011695742607117,0.5923976898193359
YDL031W,YIR005W,0,-8.586601,0.11902693659067154,0.8011695742607117,0.5929824709892273
YML113W,YLR254C,0,-8.587484,0.1189236119389534,0.8011695742607117,0.5935672521591187
YIR021W,YCR026C,0,-8.587484,0.11882046610116959,0.8011695742607117,0.59415203332901
YDR146C,YKR042W,0,-8.58758,0.1187175065279007,0.8011695742607117,0.5947368144989014
YML067C,YLR176C,0,-8.587887,0.11861471831798553,0.8011695742607117,0.5953216552734375
YAL055W,YGR275W,0,-8.588224,0.1185121089220047,0.8011695742607117,0.5959064364433289
YOL095C,YCR106W,0,-8.592808,0.11840967833995819,0.8011695742607117,0.5964912176132202
YBL097W,YJR004C,0,-8.59483,0.11830742657184601,0.8011695742607117,0.5970759987831116
YDR071C,YOR321W,0,-8.595066,0.11820534616708755,0.8011695742607117,0.5976608395576477
YGL027C,YML074C,0,-8.59626,0.11810344457626343,0.8011695742607117,0.5982456207275391
YPL015C,YDL020C,1,-8.597366,0.118863046169281,0.8070175647735596,0.5982456207275391
YOR061W,YER001W,0,-8.599296,0.11876075714826584,0.8070175647735596,0.5988304018974304
YCR047C,YDR288W,0,-8.599335,0.1186586394906044,0.8070175647735596,0.5994151830673218
YDR284C,YIL073C,0,-8.600013,0.11855670064687729,0.8070175647735596,0.6000000238418579
YMR255W,YBR119W,0,-8.600344,0.1184549331665039,0.8070175647735596,0.6005848050117493
YPR161C,YLR316C,0,-8.600706,0.11835334450006485,0.8070175647735596,0.6011695861816406
YER026C,YLR105C,0,-8.600929,0.11825192719697952,0.8070175647735596,0.601754367351532
YPL147W,YLR212C,0,-8.606283,0.11815068125724792,0.8070175647735596,0.6023392081260681
YPR057W,YGL155W,0,-8.606819,0.11804961413145065,0.8070175647735596,0.6029239892959595
YHR175W,YPL155C,0,-8.607918,0.11794871836900711,0.8070175647735596,0.6035087704658508
YMR272C,YDR308C,0,-8.608697,0.1178479939699173,0.8070175647735596,0.6040935516357422
YER104W,YOL006C,1,-8.609026,0.11860068142414093,0.8128654956817627,0.6040935516357422
YDL088C,YDR246W,0,-8.6094055,0.11849957704544067,0.8128654956817627,0.6046783328056335
YLR205C,YDR028C,0,-8.611503,0.11839863657951355,0.8128654956817627,0.6052631735801697
YMR305C,YIL056W,0,-8.611519,0.11829787492752075,0.8128654956817627,0.605847954750061
YBR008C,YFR024C-A,0,-8.614287,0.11819727718830109,0.8128654956817627,0.6064327359199524
YDR121W,YJR125C,0,-8.615822,0.11809685826301575,0.8128654956817627,0.6070175170898438
YOR023C,YKR068C,0,-8.616501,0.11799660325050354,0.8128654956817627,0.6076023578643799
YFR014C,YML126C,0,-8.616737,0.11789651960134506,0.8128654956817627,0.6081871390342712
YFR021W,YDL005C,0,-8.617168,0.11779660731554031,0.8128654956817627,0.6087719202041626
YML130C,YDR312W,0,-8.618479,0.1176968663930893,0.8128654956817627,0.609356701374054
YDL042C,YNL273W,1,-8.619091,0.1184433177113533,0.8187134265899658,0.609356701374054
YLR309C,YHR120W,0,-8.623248,0.11834319680929184,0.8187134265899658,0.6099415421485901
YNL225C,YOR109W,0,-8.625607,0.11824323982000351,0.8187134265899658,0.6105263233184814
YIL079C,YKR027W,0,-8.625715,0.1181434616446495,0.8187134265899658,0.6111111044883728
YLR056W,YDR207C,0,-8.626173,0.11804384738206863,0.8187134265899658,0.6116958856582642
YGL211W,YDR356W,0,-8.626712,0.1179443970322609,0.8187134265899658,0.6122807264328003
YPL167C,YOL105C,0,-8.627406,0.11784511804580688,0.8187134265899658,0.6128655076026917
YBR083W,YPR024W,0,-8.627588,0.11774600297212601,0.8187134265899658,0.613450288772583
YHR193C,YBL008W,0,-8.628375,0.11764705926179886,0.8187134265899658,0.6140350699424744
YLR242C,YPR103W,0,-8.628609,0.11754827946424484,0.8187134265899658,0.6146199107170105
YKR090W,YDL007W,0,-8.631582,0.11744966357946396,0.8187134265899658,0.6152046918869019
YLR314C,YOR332W,0,-8.632054,0.1173512190580368,0.8187134265899658,0.6157894730567932
YDR460W,YCR083W,0,-8.632398,0.11725293099880219,0.8187134265899658,0.6163742542266846
YPL231W,YOL122C,0,-8.634325,0.1171548143029213,0.8187134265899658,0.6169590353965759
YBR234C,YKL074C,0,-8.639632,0.11705685406923294,0.8187134265899658,0.6175438761711121
YNR056C,YLL061W,0,-8.6399765,0.11695906519889832,0.8187134265899658,0.6181286573410034
YDR245W,YOR075W,0,-8.6401825,0.11686143279075623,0.8187134265899658,0.6187134385108948
YGR244C,YKR085C,0,-8.640803,0.11676397174596786,0.8187134265899658,0.6192982196807861
YIL034C,YMR211W,0,-8.641085,0.11666666716337204,0.8187134265899658,0.6198830604553223
YML057W,YDR259C,0,-8.647232,0.11656952649354935,0.8187134265899658,0.6204678416252136
YLL002W,YJR046W,1,-8.647381,0.1173044890165329,0.8245614171028137,0.6204678416252136
YPL060W,YDL224C,0,-8.6489525,0.11720698326826096,0.8245614171028137,0.621052622795105
YJL110C,YPR138C,0,-8.6493435,0.11710963398218155,0.8245614171028137,0.6216374039649963
YLR449W,YOL068C,1,-8.6497555,0.11784232407808304,0.8304093480110168,0.6216374039649963
YLR361C,YBR198C,0,-8.650476,0.11774460971355438,0.8304093480110168,0.6222222447395325
YEL004W,YFR003C,0,-8.651995,0.11764705926179886,0.8304093480110168,0.6228070259094238
YMR083W,YEL016C,0,-8.652296,0.11754966527223587,0.8304093480110168,0.6233918070793152
YNL159C,YHR012W,0,-8.653,0.11745244264602661,0.8304093480110168,0.6239765882492065
YLR449W,YJR046W,1,-8.653758,0.11818181723356247,0.8362573385238647,0.6239765882492065
YDR162C,YLL036C,0,-8.653898,0.11808422952890396,0.8362573385238647,0.6245614290237427
YDL161W,YDR146C,0,-8.657086,0.11798679828643799,0.8362573385238647,0.625146210193634
YOL139C,YNL313C,0,-8.657387,0.11788953095674515,0.8362573385238647,0.6257309913635254
YLR382C,YGL205W,0,-8.657932,0.11779242008924484,0.8362573385238647,0.6263157725334167
YFR036W,YHR027C,0,-8.660539,0.11769547313451767,0.8362573385238647,0.6269006133079529
YKR002W,YOL129W,0,-8.660719,0.11759868264198303,0.8362573385238647,0.6274853944778442
YPR154W,YDR166C,0,-8.662716,0.11750205606222153,0.8362573385238647,0.6280701756477356
YGL211W,YGR239C,0,-8.664558,0.11740558594465256,0.8362573385238647,0.628654956817627
YLR056W,YFL038C,0,-8.66481,0.11730927228927612,0.8362573385238647,0.6292397379875183
YMR235C,YML114C,0,-8.668774,0.11721311509609222,0.8362573385238647,0.6298245787620544
YNL233W,YML007W,0,-8.669476,0.11711711436510086,0.8362573385238647,0.6304093599319458
YDL115C,YMR302C,0,-8.669573,0.11702127754688263,0.8362573385238647,0.6309941411018372
YBR274W,YPR056W,0,-8.671335,0.11692558974027634,0.8362573385238647,0.6315789222717285
YNL097C,YIL068C,0,-8.671963,0.11683006584644318,0.8362573385238647,0.6321637630462646
YDR005C,YNL079C,0,-8.672478,0.11673469096422195,0.8362573385238647,0.632748544216156
YDR473C,YPR190C,0,-8.675704,0.11663947999477386,0.8362573385238647,0.6333333253860474
YOL101C,YLR039C,0,-8.676237,0.11654441803693771,0.8362573385238647,0.6339181065559387
YHR094C,YKR079C,0,-8.676397,0.1164495125412941,0.8362573385238647,0.6345029473304749
YNL008C,YKR090W,0,-8.679485,0.11635476350784302,0.8362573385238647,0.6350877285003662
YNL008C,YDR285W,0,-8.679743,0.11626016348600388,0.8362573385238647,0.6356725096702576
YJR004C,YPR198W,0,-8.683864,0.11616571992635727,0.8362573385238647,0.6362572908401489
YJL170C,YJR055W,0,-8.684514,0.1160714253783226,0.8362573385238647,0.6368421316146851
YNL016W,YPL130W,0,-8.684784,0.11597729474306107,0.8362573385238647,0.6374269127845764
YMR006C,YDR055W,0,-8.688074,0.11588330566883087,0.8362573385238647,0.6380116939544678
YHR042W,YOL129W,0,-8.692547,0.11578947305679321,0.8362573385238647,0.6385964751243591
YDL174C,YLR451W,0,-8.692675,0.11569578945636749,0.8362573385238647,0.6391813158988953
YOR372C,YBL093C,0,-8.695181,0.11560226231813431,0.8362573385238647,0.6397660970687866
YOR321W,YGR099W,0,-8.695454,0.11550888419151306,0.8362573385238647,0.640350878238678
YML094W,YGR074W,0,-8.697719,0.11541565507650375,0.8362573385238647,0.6409356594085693
YLR401C,YNL016W,0,-8.698727,0.11532258242368698,0.8362573385238647,0.6415204405784607
YOR201C,YGL207W,0,-8.702904,0.11522965133190155,0.8362573385238647,0.6421052813529968
YBL097W,YFR004W,0,-8.708307,0.11513687670230865,0.8362573385238647,0.6426900625228882
YPR120C,YDL020C,1,-8.709035,0.11584874987602234,0.8421052694320679,0.6426900625228882
YHR042W,YHR206W,0,-8.71264,0.11575562506914139,0.8421052694320679,0.6432748436927795
YKR007W,YBR173C,0,-8.71332,0.11566264927387238,0.8421052694320679,0.6438596248626709
YER154W,YPR121W,0,-8.715166,0.1155698224902153,0.8421052694320679,0.644444465637207
YMR292W,YDR320C,0,-8.715649,0.11547714471817017,0.8421052694320679,0.6450292468070984
YGL171W,YGL115W,0,-8.715946,0.11538461595773697,0.8421052694320679,0.6456140279769897
YNL055C,YOR301W,0,-8.720295,0.11529223620891571,0.8421052694320679,0.6461988091468811
YNL172W,YPL218W,0,-8.721674,0.1151999980211258,0.8421052694320679,0.6467836499214172
YHR108W,YPR006C,0,-8.724197,0.11510791629552841,0.8421052694320679,0.6473684310913086
YLR096W,YPL147W,0,-8.72517,0.11501597613096237,0.8421052694320679,0.6479532122612
YDR108W,YML010W,0,-8.732945,0.11492418497800827,0.8421052694320679,0.6485379934310913
YBR023C,YER019W,0,-8.733722,0.11483253538608551,0.8421052694320679,0.6491228342056274
YDR214W,YPL010W,0,-8.73646,0.11474103480577469,0.8421052694320679,0.6497076153755188
YDL149W,YMR237W,0,-8.736853,0.1146496832370758,0.8421052694320679,0.6502923965454102
YHR036W,YOR321W,0,-8.737339,0.11455847322940826,0.8421052694320679,0.6508771777153015
YDR110W,YPL015C,1,-8.737667,0.11526232212781906,0.847953200340271,0.6508771777153015
YER062C,YLR438C-A,0,-8.738706,0.11517076939344406,0.847953200340271,0.6514619588851929
YCR037C,YHR056C,0,-8.739357,0.115079365670681,0.847953200340271,0.652046799659729
YGL209W,YMR305C,0,-8.741213,0.11498810350894928,0.847953200340271,0.6526315808296204
YER172C,YKR085C,0,-8.7420635,0.1148969903588295,0.847953200340271,0.6532163619995117
YJL102W,YPL235W,0,-8.744445,0.11480601876974106,0.847953200340271,0.6538011431694031
YCL027W,YGL219C,0,-8.744743,0.11471518874168396,0.847953200340271,0.6543859839439392
YPR020W,YMR239C,0,-8.745426,0.1146245077252388,0.847953200340271,0.6549707651138306
YDR238C,YOR035C,0,-8.745876,0.11453396826982498,0.847953200340271,0.6555555462837219
YHR203C,YDR320C,0,-8.746147,0.1144435703754425,0.847953200340271,0.6561403274536133
YOL033W,YNR034W,0,-8.746962,0.11435331404209137,0.847953200340271,0.6567251682281494
YPR025C,YMR138W,0,-8.748637,0.11426319926977158,0.847953200340271,0.6573099493980408
YCR071C,YGL246C,0,-8.749279,0.11417322605848312,0.847953200340271,0.6578947305679321
YLR380W,YGR206W,0,-8.749552,0.11408340185880661,0.847953200340271,0.6584795117378235
YBR195C,YIL073C,0,-8.749947,0.11399371176958084,0.847953200340271,0.6590643525123596
YOL139C,YLR052W,0,-8.750309,0.11390416324138641,0.847953200340271,0.659649133682251
YDL149W,YJR103W,0,-8.750449,0.11381475627422333,0.847953200340271,0.6602339148521423
YLR335W,YLR016C,0,-8.751486,0.11372549086809158,0.847953200340271,0.6608186960220337
YLR172C,YPR065W,0,-8.7521925,0.11363636702299118,0.847953200340271,0.6614035367965698
YPL211W,YDR013W,0,-8.75345,0.11354737728834152,0.847953200340271,0.6619883179664612
YBR142W,YNL131W,0,-8.75371,0.1134585291147232,0.847953200340271,0.6625730991363525
YJL133W,YBL007C,0,-8.754273,0.11336982250213623,0.847953200340271,0.6631578803062439
YNL294C,YMR302C,0,-8.75457,0.11328125,0.847953200340271,0.6637426614761353
YPL015C,YOL006C,1,-8.758575,0.1139734610915184,0.8538011908531189,0.6637426614761353
YBL102W,YKL014C,0,-8.760995,0.11388455331325531,0.8538011908531189,0.6643275022506714
YMR129W,YPL047W,0,-8.764388,0.11379579454660416,0.8538011908531189,0.6649122834205627
YGL012W,YBL058W,0,-8.767532,0.11370716243982315,0.8538011908531189,0.6654970645904541
YOL012C,YGR007W,0,-8.769075,0.11361867934465408,0.8538011908531189,0.6660818457603455
YKL176C,YJR143C,0,-8.770801,0.11353032290935516,0.8538011908531189,0.6666666865348816
YOR180C,YBR254C,0,-8.770832,0.11344211548566818,0.8538011908531189,0.667251467704773
YLR032W,YPL210C,0,-8.773187,0.11335403472185135,0.8538011908531189,0.6678362488746643
YOR178C,YJL033W,0,-8.774391,0.11326609551906586,0.8538011908531189,0.6684210300445557
YLL038C,YHR120W,0,-8.7768,0.1131782978773117,0.8538011908531189,0.6690058708190918
YPL255W,YLL011W,0,-8.779958,0.1130906268954277,0.8538011908531189,0.6695906519889832
YOR241W,YJL041W,0,-8.780085,0.11300309747457504,0.8538011908531189,0.6701754331588745
YML110C,YNL001W,0,-8.781519,0.11291570216417313,0.8538011908531189,0.6707602143287659
YPR119W,YER126C,0,-8.7817745,0.11282844096422195,0.8538011908531189,0.671345055103302
YPL269W,YDR043C,0,-8.78257,0.11274131387472153,0.8538011908531189,0.6719298362731934
YKL073W,YKL082C,0,-8.782847,0.11265432089567184,0.8538011908531189,0.6725146174430847
YDL100C,YNL064C,0,-8.783434,0.1125674620270729,0.8538011908531189,0.6730993986129761
YPL059W,YNL160W,0,-8.784603,0.11248073726892471,0.8538011908531189,0.6736842393875122
YNL292W,YIL144W,0,-8.786516,0.11239414662122726,0.8538011908531189,0.6742690205574036
YER073W,YPL177C,0,-8.786545,0.11230769008398056,0.8538011908531189,0.6748538017272949
YML031W,YDR091C,0,-8.787032,0.1122213676571846,0.8538011908531189,0.6754385828971863
YER035W,YOL003C,0,-8.787089,0.11213517934083939,0.8538011908531189,0.6760233640670776
YCR086W,YOL117W,0,-8.787572,0.11204911768436432,0.8538011908531189,0.6766082048416138
YFL050C,YNL061W,0,-8.78954,0.11196319013834,0.8538011908531189,0.6771929860115051
YLR116W,YPL019C,0,-8.789982,0.11187739670276642,0.8538011908531189,0.6777777671813965
YPL031C,YDR280W,0,-8.79051,0.11179172992706299,0.8538011908531189,0.6783625483512878
YKR007W,YDL084W,0,-8.795101,0.1117061972618103,0.8538011908531189,0.678947389125824
YPL037C,YNL053W,0,-8.795812,0.11162079870700836,0.8538011908531189,0.6795321702957153
YOL086C,YHR099W,0,-8.796301,0.11153552681207657,0.8538011908531189,0.6801169514656067
YMR042W,YNL164C,0,-8.796398,0.11145038157701492,0.8538011908531189,0.680701732635498
YDR356W,YPR121W,0,-8.797102,0.11136537045240402,0.8538011908531189,0.6812865734100342
YDR517W,YMR153W,0,-8.799428,0.11128048598766327,0.8538011908531189,0.6818713545799255
YDL115C,YLR208W,0,-8.802216,0.11119573563337326,0.8538011908531189,0.6824561357498169
YNL055C,YBR037C,0,-8.803568,0.1111111119389534,0.8538011908531189,0.6830409169197083
YDL174C,YKR082W,0,-8.806138,0.11102661490440369,0.8538011908531189,0.6836257576942444
YLL050C,YJR077C,0,-8.806891,0.11094225198030472,0.8538011908531189,0.6842105388641357
YPL091W,YBR098W,0,-8.808353,0.1108580082654953,0.8538011908531189,0.6847953200340271
YGR155W,YOL104C,0,-8.808674,0.11077389866113663,0.8538011908531189,0.6853801012039185
YDR529C,YJL054W,0,-8.809855,0.1106899157166481,0.8538011908531189,0.6859649419784546
YIL049W,YDL170W,0,-8.809942,0.11060605943202972,0.8538011908531189,0.686549723148346
YLR449W,YLR234W,1,-8.810251,0.11127933114767075,0.859649121761322,0.686549723148346
YNL256W,YNL221C,0,-8.810457,0.1111951619386673,0.859649121761322,0.6871345043182373
YGL005C,YGL246C,0,-8.810503,0.1111111119389534,0.859649121761322,0.6877192854881287
YGR202C,YPL208W,0,-8.812628,0.11102718859910965,0.859649121761322,0.68830406665802
YKR003W,YHR027C,0,-8.813923,0.11094339936971664,0.859649121761322,0.6888889074325562
YBL009W,YOL158C,0,-8.816368,0.11085972934961319,0.859649121761322,0.6894736886024475
YDL226C,YDL005C,0,-8.820135,0.11077618598937988,0.859649121761322,0.6900584697723389
YLR384C,YBR123C,0,-8.820277,0.11069276928901672,0.859649121761322,0.6906432509422302
YDR140W,YML091C,0,-8.821272,0.11060947924852371,0.859649121761322,0.6912280917167664
YDR025W,YGR080W,0,-8.823368,0.11052631586790085,0.859649121761322,0.6918128728866577
YJL178C,YJL157C,0,-8.823868,0.11044327914714813,0.859649121761322,0.6923976540565491
YPR100W,YOL080C,0,-8.823927,0.11036036163568497,0.859649121761322,0.6929824352264404
YKR039W,YNL268W,0,-8.824007,0.11027757078409195,0.859649121761322,0.6935672760009766
YGR003W,YNL093W,0,-8.825069,0.11019489914178848,0.859649121761322,0.6941520571708679
YIR041W,YPR103W,0,-8.82619,0.11011236160993576,0.859649121761322,0.6947368383407593
YCL043C,YGL135W,0,-8.827641,0.11002994328737259,0.859649121761322,0.6953216195106506
YOR204W,YJL187C,0,-8.829502,0.10994764417409897,0.859649121761322,0.6959064602851868
YPR033C,YJL025W,0,-8.83026,0.1098654717206955,0.859649121761322,0.6964912414550781
YML102W,YOR117W,0,-8.830963,0.10978341847658157,0.859649121761322,0.6970760226249695
YKL057C,YMR260C,0,-8.833536,0.1097014918923378,0.859649121761322,0.6976608037948608
YPR168W,YIL018W,0,-8.833691,0.10961968451738358,0.859649121761322,0.6982455849647522
YJR052W,YPL214C,0,-8.835582,0.1095380038022995,0.859649121761322,0.6988304257392883
YOR103C,YBR196C,0,-8.83637,0.10945644229650497,0.859649121761322,0.6994152069091797
YGR155W,YFL021W,0,-8.838615,0.109375,0.859649121761322,0.699999988079071
YCR082W,YHR175W,0,-8.838905,0.10929367691278458,0.859649121761322,0.7005847692489624
YOR233W,YDR473C,0,-8.839477,0.1092124804854393,0.859649121761322,0.7011696100234985
YIL120W,YKL196C,0,-8.83969,0.10913140326738358,0.859649121761322,0.7017543911933899
YPL006W,YBR198C,0,-8.842993,0.1090504452586174,0.859649121761322,0.7023391723632812
YMR319C,YCL031C,0,-8.843338,0.10896960645914078,0.859649121761322,0.7029239535331726
YER032W,YDL060W,0,-8.845145,0.1088888868689537,0.859649121761322,0.7035087943077087
YAR033W,YDR464W,0,-8.845716,0.10880828648805618,0.859649121761322,0.7040935754776001
YOR232W,YJR052W,0,-8.846147,0.10872781276702881,0.859649121761322,0.7046783566474915
YDR174W,YAL024C,0,-8.850365,0.10864745080471039,0.859649121761322,0.7052631378173828
YBR290W,YEL031W,0,-8.851467,0.10856720805168152,0.859649121761322,0.705847978591919
YJL148W,YJR086W,0,-8.852806,0.1084870845079422,0.859649121761322,0.7064327597618103
YDR069C,YJR046W,1,-8.854153,0.10914454609155655,0.8654970526695251,0.7064327597618103
YOR073W,YJR156C,0,-8.854975,0.10906410962343216,0.8654970526695251,0.7070175409317017
YDL113C,YIR037W,0,-8.855595,0.10898379981517792,0.8654970526695251,0.707602322101593
YMR234W,YBR037C,0,-8.856005,0.10890360921621323,0.8654970526695251,0.7081871628761292
YDR331W,YNL264C,0,-8.856112,0.10882353037595749,0.8654970526695251,0.7087719440460205
YKR068C,YDL019C,0,-8.8567505,0.1087435707449913,0.8654970526695251,0.7093567252159119
YOR207C,YCR009C,0,-8.866962,0.10866373032331467,0.8654970526695251,0.7099415063858032
YJR074W,YNL330C,0,-8.867619,0.10858400911092758,0.8654970526695251,0.7105262875556946
YPR120C,YJL047C,1,-8.8686075,0.10923753678798676,0.871345043182373,0.7105262875556946
YPR049C,YBR175W,0,-8.87168,0.1091575101017952,0.871345043182373,0.7111111283302307
YJL005W,YKL194C,0,-8.872002,0.10907759517431259,0.871345043182373,0.7116959095001221
YBL041W,YOL124C,0,-8.873096,0.10899780690670013,0.871345043182373,0.7122806906700134
YJR150C,YPL270W,0,-8.881854,0.10891813039779663,0.871345043182373,0.7128654718399048
YDL019C,YBR114W,0,-8.883463,0.10883856564760208,0.871345043182373,0.7134503126144409
YER001W,YOR334W,0,-8.884914,0.10875912755727768,0.871345043182373,0.7140350937843323
YHR183W,YOR069W,0,-8.886679,0.10867979377508163,0.871345043182373,0.7146198749542236
YNL199C,YNR047W,0,-8.888773,0.10860058665275574,0.871345043182373,0.715204656124115
YGL183C,YLR212C,0,-8.890181,0.1085214838385582,0.871345043182373,0.7157894968986511
YPR120C,YDR069C,1,-8.890525,0.10917030274868011,0.8771929740905762,0.7157894968986511
YHR193C,YDR337W,0,-8.892698,0.1090909093618393,0.8771929740905762,0.7163742780685425
YMR312W,YHR027C,0,-8.896172,0.10901162773370743,0.8771929740905762,0.7169590592384338
YNR043W,YDR356W,0,-8.901293,0.10893246531486511,0.8771929740905762,0.7175438404083252
YGR261C,YOL080C,0,-8.903994,0.10885340720415115,0.8771929740905762,0.7181286811828613
YLR384C,YDR198C,0,-8.906937,0.10877447575330734,0.8771929740905762,0.7187134623527527
YFR002W,YJL191W,0,-8.909111,0.10869564861059189,0.8771929740905762,0.719298243522644
YPL149W,YPL235W,0,-8.909334,0.10861694067716599,0.8771929740905762,0.7198830246925354
YGR267C,YBL090W,0,-8.909882,0.10853835195302963,0.8771929740905762,0.7204678654670715
YGL174W,YKL178C,0,-8.910149,0.10845986753702164,0.8771929740905762,0.7210526466369629
YDL040C,YIL119C,0,-8.911905,0.10838150233030319,0.8771929740905762,0.7216374278068542
YMR041C,YDR424C,0,-8.919816,0.1083032488822937,0.8771929740905762,0.7222222089767456
YOL121C,YKL041W,0,-8.922626,0.10822510719299316,0.8771929740905762,0.722806990146637
YLR313C,YPR016C,0,-8.926661,0.10814707726240158,0.8771929740905762,0.7233918309211731
YPR007C,YDR404C,0,-8.928278,0.10806916654109955,0.8771929740905762,0.7239766120910645
YER027C,YKL041W,0,-8.928659,0.10799136012792587,0.8771929740905762,0.7245613932609558
YNR075W,YIL101C,0,-8.930224,0.10791366547346115,0.8771929740905762,0.7251461744308472
YMR041C,YDR460W,0,-8.931296,0.10783609002828598,0.8771929740905762,0.7257310152053833
YDR376W,YKR072C,0,-8.932023,0.10775861889123917,0.8771929740905762,0.7263157963752747
YML104C,YDR312W,0,-8.9331255,0.1076812669634819,0.8771929740905762,0.726900577545166
YHR143W,YPL137C,0,-8.933234,0.107604019343853,0.8771929740905762,0.7274853587150574
YER157W,YMR128W,0,-8.941784,0.10752688348293304,0.8771929740905762,0.7280701994895935
YHR171W,YLR295C,0,-8.943427,0.10744985938072205,0.8771929740905762,0.7286549806594849
YKL192C,YGR224W,0,-8.944084,0.1073729395866394,0.8771929740905762,0.7292397618293762
YAR019C,YDL213C,0,-8.945135,0.10729613900184631,0.8771929740905762,0.7298245429992676
YDR120C,YNL313C,0,-8.946581,0.10721944272518158,0.8771929740905762,0.7304093837738037
YKL101W,YIL037C,0,-8.948244,0.1071428582072258,0.8771929740905762,0.7309941649436951
YOL144W,YGR192C,0,-8.950534,0.10706637799739838,0.8771929740905762,0.7315789461135864
YPR120C,YPL015C,1,-8.950624,0.10770328342914581,0.8830409646034241,0.7315789461135864
YML128C,YMR268C,0,-8.951404,0.10762651264667511,0.8830409646034241,0.7321637272834778
YLR060W,YJL128C,0,-8.9543705,0.10754986107349396,0.8830409646034241,0.7327485084533691
YIL053W,YGR143W,0,-8.954511,0.10747330635786057,0.8830409646034241,0.7333333492279053
YLL050C,YGL112C,0,-8.954537,0.10739687085151672,0.8830409646034241,0.7339181303977966
YPR191W,YDR372C,0,-8.954903,0.10732053965330124,0.8830409646034241,0.734502911567688
YPL043W,YLR025W,0,-8.955214,0.10724432021379471,0.8830409646034241,0.7350876927375793
YER061C,YNR010W,0,-8.956571,0.10716820508241653,0.8830409646034241,0.7356725335121155
YOL086C,YPR024W,0,-8.958159,0.10709220170974731,0.8830409646034241,0.7362573146820068
YLR438C-A,YDR300C,0,-8.958883,0.10701630264520645,0.8830409646034241,0.7368420958518982
YKL139W,YGR008C,0,-8.960453,0.10694050788879395,0.8830409646034241,0.7374268770217896
YDR110W,YNL273W,1,-8.962022,0.107572540640831,0.8888888955116272,0.7374268770217896
YJL196C,YOR386W,0,-8.9626045,0.1074964627623558,0.8888888955116272,0.7380117177963257
YPL231W,YBR280C,0,-8.963755,0.10742049664258957,0.8888888955116272,0.738596498966217
YGR132C,YKR008W,0,-8.964612,0.10734463483095169,0.8888888955116272,0.7391812801361084
YNR058W,YGR104C,0,-8.968084,0.10726887732744217,0.8888888955116272,0.7397660613059998
YLR254C,YLR025W,0,-8.969124,0.1071932315826416,0.8888888955116272,0.7403509020805359
YPR154W,YLR313C,0,-8.969425,0.10711769014596939,0.8888888955116272,0.7409356832504272
YJL030W,YML088W,0,-8.970433,0.10704225301742554,0.8888888955116272,0.7415204644203186
YHR065C,YOL138C,0,-8.974456,0.10696692764759064,0.8888888955116272,0.74210524559021
YML062C,YPR041W,0,-8.97915,0.1068916991353035,0.8888888955116272,0.7426900863647461
YER120W,YEL013W,0,-8.979389,0.10681658238172531,0.8888888955116272,0.7432748675346375
YGR257C,YIL143C,0,-8.979761,0.10674156993627548,0.8888888955116272,0.7438596487045288
YJL170C,YLR316C,0,-8.980325,0.1066666692495346,0.8888888955116272,0.7444444298744202
YNR027W,YDR297W,0,-8.988323,0.10659186542034149,0.8888888955116272,0.7450292110443115
YPL256C,YCR106W,0,-8.991763,0.10651716589927673,0.8888888955116272,0.7456140518188477
YMR250W,YDR356W,0,-8.993856,0.10644257813692093,0.8888888955116272,0.746198832988739
YML061C,YPR009W,0,-8.995286,0.10636808723211288,0.8888888955116272,0.7467836141586304
YIL009C-A,YOL115W,0,-8.996706,0.1062937080860138,0.8888888955116272,0.7473683953285217
YHR066W,YKR020W,0,-8.999219,0.10621942579746246,0.8888888955116272,0.7479532361030579
YHR152W,YCR084C,0,-8.999346,0.10614524781703949,0.8888888955116272,0.7485380172729492
YCR075C,YFR030W,0,-9.000424,0.10607118159532547,0.8888888955116272,0.7491227984428406
YHR085W,YGR048W,0,-9.003656,0.10599721223115921,0.8888888955116272,0.7497075796127319
YNR026C,YLR043C,0,-9.003763,0.10592334717512131,0.8888888955116272,0.7502924203872681
YPL046C,YDL111C,0,-9.003832,0.10584957897663116,0.8888888955116272,0.7508772015571594
YNR067C,YDR460W,0,-9.00749,0.10577592253684998,0.8888888955116272,0.7514619827270508
YOL086C,YPL063W,0,-9.007929,0.10570236295461655,0.8888888955116272,0.7520467638969421
YNL245C,YFL049W,0,-9.009012,0.10562890768051147,0.8888888955116272,0.7526316046714783
YJL042W,YBR296C,0,-9.009241,0.10555555671453476,0.8888888955116272,0.7532163858413696
YNL232W,YGL073W,0,-9.012333,0.1054823026061058,0.8888888955116272,0.753801167011261
YNR001C,YPL124W,0,-9.015072,0.1054091528058052,0.8888888955116272,0.7543859481811523
YGR060W,YGL035C,0,-9.023272,0.10533610731363297,0.8888888955116272,0.7549707889556885
YDR331W,YHR006W,0,-9.026882,0.10526315867900848,0.8888888955116272,0.7555555701255798
YLR207W,YOR327C,0,-9.02717,0.10519031435251236,0.8888888955116272,0.7561403512954712
YPL055C,YBR162C,0,-9.027703,0.105117566883564,0.8888888955116272,0.7567251324653625
YGR123C,YMR137C,0,-9.027859,0.10504492372274399,0.8888888955116272,0.7573099136352539
YMR239C,YBR231C,0,-9.0280075,0.10497237741947174,0.8888888955116272,0.75789475440979
YLR170C,YIL122W,0,-9.028318,0.10489992797374725,0.8888888955116272,0.7584795355796814
YGR202C,YOR004W,0,-9.028969,0.10482758283615112,0.8888888955116272,0.7590643167495728
YJR135W-A,YOL097C,0,-9.029879,0.10475534200668335,0.8888888955116272,0.7596490979194641
YMR238W,YOL059W,0,-9.029995,0.10468319803476334,0.8888888955116272,0.7602339386940002
YNL202W,YML007W,0,-9.030127,0.10461115092039108,0.8888888955116272,0.7608187198638916
YGL020C,YER038C,0,-9.030323,0.10453920066356659,0.8888888955116272,0.761403501033783
YKR003W,YGR143W,0,-9.030531,0.10446735471487045,0.8888888955116272,0.7619882822036743
YMR145C,YGL205W,0,-9.033502,0.10439560562372208,0.8888888955116272,0.7625731229782104
YHR031C,YLR321C,0,-9.035385,0.10432395339012146,0.8888888955116272,0.7631579041481018
YGL163C,YPR041W,0,-9.037724,0.1042523980140686,0.8888888955116272,0.7637426853179932
YNL044W,YBL055C,0,-9.040014,0.1041809469461441,0.8888888955116272,0.7643274664878845
YML099C,YBL032W,0,-9.042702,0.10410959273576736,0.8888888955116272,0.7649123072624207
YDR265W,YGL011C,0,-9.043089,0.10403832793235779,0.8888888955116272,0.765497088432312
YJL047C,YNL273W,1,-9.044342,0.10465116053819656,0.8947368264198303,0.765497088432312
YOL077C,YDL155W,0,-9.04616,0.1045796275138855,0.8947368264198303,0.7660818696022034
YLR231C,YDR213W,0,-9.046221,0.10450819879770279,0.8947368264198303,0.7666666507720947
YKR048C,YNL055C,0,-9.046686,0.10443685948848724,0.8947368264198303,0.7672514915466309
YBR004C,YGR082W,0,-9.048604,0.10436561703681946,0.8947368264198303,0.7678362727165222
YDR016C,YOL011W,0,-9.0499935,0.10429447889328003,0.8947368264198303,0.7684210538864136
YBR010W,YMR165C,0,-9.051987,0.10422343015670776,0.8947368264198303,0.7690058350563049
YBL047C,YNL097C,0,-9.052336,0.10415248572826385,0.8947368264198303,0.7695906162261963
YCR031C,YGL243W,0,-9.055373,0.10408163070678711,0.8947368264198303,0.7701754570007324
YGL093W,YJL052W,0,-9.056453,0.10401087999343872,0.8947368264198303,0.7707602381706238
YCL016C,YGL087C,0,-9.057743,0.1039402186870575,0.8947368264198303,0.7713450193405151
YMR015C,YNL093W,0,-9.060272,0.10386965423822403,0.8947368264198303,0.7719298005104065
YGR262C,YOR254C,0,-9.060659,0.10379918664693832,0.8947368264198303,0.7725146412849426
YGR191W,YMR076C,0,-9.061928,0.10372881591320038,0.8947368264198303,0.773099422454834
YGL256W,YPL195W,0,-9.0644455,0.1036585345864296,0.8947368264198303,0.7736842036247253
YGR038W,YBR196C,0,-9.066028,0.10358835756778717,0.8947368264198303,0.7742689847946167
YGL158W,YMR305C,0,-9.070099,0.10351826995611191,0.8947368264198303,0.7748538255691528
YLR263W,YMR302C,0,-9.071283,0.1034482792019844,0.8947368264198303,0.7754386067390442
YKL013C,YBL035C,0,-9.072197,0.10337837785482407,0.8947368264198303,0.7760233879089355
YAL058W,YGR256W,0,-9.079035,0.10330857336521149,0.8947368264198303,0.7766081690788269
YEL032W,YGR118W,0,-9.079659,0.10323886573314667,0.8947368264198303,0.777193009853363
YNL094W,YPL012W,0,-9.085072,0.10316925495862961,0.8947368264198303,0.7777777910232544
YNL110C,YGL112C,0,-9.087657,0.10309973359107971,0.8947368264198303,0.7783625721931458
YGR116W,YJR103W,0,-9.089741,0.10303030163049698,0.8947368264198303,0.7789473533630371
YDL149W,YBL056W,0,-9.090569,0.102960966527462,0.8947368264198303,0.7795321345329285
YLR382C,YLR154C,0,-9.093874,0.10289172828197479,0.8947368264198303,0.7801169753074646
YBL102W,YDR398W,0,-9.094025,0.10282257944345474,0.8947368264198303,0.780701756477356
YGR133W,YJR004C,0,-9.0956335,0.10275352746248245,0.8947368264198303,0.7812865376472473
YDR184C,YAL033W,0,-9.095707,0.10268456488847733,0.8947368264198303,0.7818713188171387
YDR264C,YNL169C,0,-9.097345,0.10261569172143936,0.8947368264198303,0.7824561595916748
YBL082C,YCR024C-A,0,-9.098219,0.10254691541194916,0.8947368264198303,0.7830409407615662
YJL090C,YLR449W,1,-9.098494,0.10314802080392838,0.9005848169326782,0.7830409407615662
YOL086C,YMR167W,0,-9.09984,0.10307898372411728,0.9005848169326782,0.7836257219314575
YJR147W,YGL208W,0,-9.101463,0.10301003605127335,0.9005848169326782,0.7842105031013489
YMR173W,YML034W,0,-9.109097,0.10294117778539658,0.9005848169326782,0.784795343875885
YER054C,YGL209W,0,-9.109951,0.10287240892648697,0.9005848169326782,0.7853801250457764
YOL065C,YML010W,0,-9.1162615,0.10280373692512512,0.9005848169326782,0.7859649062156677
YDR021W,YHR203C,0,-9.116746,0.10273515433073044,0.9005848169326782,0.7865496873855591
YCR088W,YOL135C,0,-9.118456,0.10266666859388351,0.9005848169326782,0.7871345281600952
YBR079C,YDL244W,0,-9.118639,0.10259826481342316,0.9005848169326782,0.7877193093299866
YJR060W,YGL087C,0,-9.119511,0.10252995789051056,0.9005848169326782,0.7883040904998779
YDR158W,YGR183C,0,-9.12293,0.10246174037456512,0.9005848169326782,0.7888888716697693
YMR272C,YDR381W,0,-9.125989,0.10239361971616745,0.9005848169326782,0.7894737124443054
YML074C,YPR067W,0,-9.1262245,0.10232558101415634,0.9005848169326782,0.7900584936141968
YOR355W,YDR501W,0,-9.126802,0.102257639169693,0.9005848169326782,0.7906432747840881
YLR449W,YDL042C,1,-9.126839,0.10285335034132004,0.9064327478408813,0.7906432747840881
YLR220W,YDR256C,0,-9.13155,0.1027851477265358,0.9064327478408813,0.7912280559539795
YBR039W,YIR012W,0,-9.133305,0.10271703451871872,0.9064327478408813,0.7918128371238708
YMR260C,YLR447C,0,-9.134235,0.10264900326728821,0.9064327478408813,0.792397677898407
YLR332W,YBR119W,0,-9.134783,0.10258106887340546,0.9064327478408813,0.7929824590682983
YOL124C,YOL105C,0,-9.135027,0.10251322388648987,0.9064327478408813,0.7935672402381897
YBR121C,YMR075W,0,-9.1385975,0.10244547575712204,0.9064327478408813,0.794152021408081
YKL188C,YML052W,0,-9.1419325,0.10237780958414078,0.9064327478408813,0.7947368621826172
YKL013C,YPL123C,0,-9.145133,0.10231023281812668,0.9064327478408813,0.7953216433525085
YGL047W,YGR155W,0,-9.146742,0.10224274545907974,0.9064327478408813,0.7959064245223999
YDR268W,YDL019C,0,-9.148333,0.10217534750699997,0.9064327478408813,0.7964912056922913
YMR072W,YJR156C,0,-9.149771,0.10210803896188736,0.9064327478408813,0.7970760464668274
YGL105W,YCL063W,0,-9.150447,0.10204081982374191,0.9064327478408813,0.7976608276367188
YJL196C,YBR283C,0,-9.150669,0.10197368264198303,0.9064327478408813,0.7982456088066101
YPR120C,YDR110W,1,-9.160151,0.10256410390138626,0.9122806787490845,0.7982456088066101
YJL157C,YPR198W,0,-9.1607895,0.10249671339988708,0.9122806787490845,0.7988303899765015
YGL093W,YGR162W,0,-9.162695,0.10242941230535507,0.9122806787490845,0.7994152307510376
YER015W,YHR004C,0,-9.164877,0.10236220806837082,0.9122806787490845,0.800000011920929
YFL022C,YMR080C,0,-9.165525,0.10229507833719254,0.9122806787490845,0.8005847930908203
YHR129C,YPL057C,0,-9.165678,0.10222804546356201,0.9122806787490845,0.8011695742607117
YLR451W,YGR192C,0,-9.169316,0.10216110199689865,0.9122806787490845,0.8017544150352478
YGL135W,YOR117W,0,-9.169674,0.10209424048662186,0.9122806787490845,0.8023391962051392
YJR092W,YPL156C,0,-9.17138,0.10202746838331223,0.9122806787490845,0.8029239773750305
YDR358W,YGR028W,0,-9.17153,0.10196078568696976,0.9122806787490845,0.8035087585449219
YKL046C,YLR354C,0,-9.172553,0.10189418494701385,0.9122806787490845,0.8040935397148132
YJL010C,YNR034W,0,-9.175158,0.10182767361402512,0.9122806787490845,0.8046783804893494
YDR069C,YJL047C,1,-9.176199,0.10241356492042542,0.9181286692619324,0.8046783804893494
YJL106W,YPL094C,0,-9.17736,0.10234680771827698,0.9181286692619324,0.8052631616592407
YGL084C,YLR254C,0,-9.177611,0.1022801324725151,0.9181286692619324,0.8058479428291321
YLR398C,YGR116W,0,-9.17858,0.1022135391831398,0.9181286692619324,0.8064327239990234
YOR304W,YDR055W,0,-9.17944,0.10214704275131226,0.9181286692619324,0.8070175647735596
YDR302W,YCR072C,0,-9.185747,0.10208062082529068,0.9181286692619324,0.8076023459434509
YBR035C,YHR074W,0,-9.193504,0.10201429575681686,0.9181286692619324,0.8081871271133423
YNR044W,YFL038C,0,-9.19456,0.10194805264472961,0.9181286692619324,0.8087719082832336
YBR298C,YKR050W,0,-9.198151,0.10188189148902893,0.9181286692619324,0.8093567490577698
YLR068W,YJL013C,0,-9.201941,0.10181582719087601,0.9181286692619324,0.8099415302276611
YBR112C,YNL256W,0,-9.204984,0.10174983739852905,0.9181286692619324,0.8105263113975525
YLR189C,YPL118W,0,-9.210728,0.10168393701314926,0.9181286692619324,0.8111110925674438
YDL078C,YHR001W,0,-9.213606,0.10161812603473663,0.9181286692619324,0.81169593334198
YJL042W,YDR075W,0,-9.214175,0.10155238956212997,0.9181286692619324,0.8122807145118713
YNL223W,YHR171W,0,-9.218199,0.10148674994707108,0.9181286692619324,0.8128654956817627
YLR100W,YLR163C,0,-9.218601,0.10142119228839874,0.9181286692619324,0.813450276851654
YJR078W,YOR348C,0,-9.2199135,0.10135571658611298,0.9181286692619324,0.8140350580215454
YDL024C,YFL005W,0,-9.221911,0.10129032284021378,0.9181286692619324,0.8146198987960815
YNL065W,YLR196W,0,-9.2220955,0.10122501850128174,0.9181286692619324,0.8152046799659729
YJL011C,YDR172W,0,-9.222803,0.10115979611873627,0.9181286692619324,0.8157894611358643
YOL130W,YDR194C,0,-9.224014,0.10109465569257736,0.9181286692619324,0.8163742423057556
YGL073W,YDR190C,0,-9.225611,0.10102960467338562,0.9181286692619324,0.8169590830802917
YLR229C,YHR070W,0,-9.227266,0.10096462815999985,0.9181286692619324,0.8175438642501831
YLR039C,YCR060W,0,-9.2277355,0.10089974105358124,0.9181286692619324,0.8181286454200745
YKL054C,YER003C,0,-9.230204,0.1008349359035492,0.9181286692619324,0.8187134265899658
YMR014W,YAR007C,0,-9.2305355,0.10077022016048431,0.9181286692619324,0.819298267364502
YGR083C,YDL216C,0,-9.2305565,0.1007055789232254,0.9181286692619324,0.8198830485343933
YHR050W,YHR066W,0,-9.231025,0.10064102709293365,0.9181286692619324,0.8204678297042847
YPL270W,YDR324C,0,-9.2326145,0.10057654976844788,0.9181286692619324,0.821052610874176
YKL182W,YMR235C,0,-9.234613,0.10051216185092926,0.9181286692619324,0.8216374516487122
YBR091C,YHR181W,0,-9.241154,0.10044785588979721,0.9181286692619324,0.8222222328186035
YAL033W,YML032C,0,-9.241785,0.10038363188505173,0.9181286692619324,0.8228070139884949
YBR145W,YLR467W,0,-9.245631,0.10031948983669281,0.9181286692619324,0.8233917951583862
YDL143W,YBR089C-A,0,-9.246419,0.10025542974472046,0.9181286692619324,0.8239766359329224
YMR136W,YNL282W,0,-9.24655,0.10019145160913467,0.9181286692619324,0.8245614171028137
YPL147W,YOR073W,0,-9.247286,0.10012754797935486,0.9181286692619324,0.8251461982727051
YPL274W,YHR066W,0,-9.250973,0.1000637337565422,0.9181286692619324,0.8257309794425964
YDR069C,YDR110W,1,-9.251617,0.10063694417476654,0.9239766001701355,0.8257309794425964
YKL182W,YMR095C,0,-9.252197,0.10057288408279419,0.9239766001701355,0.8263157606124878
YLR401C,YDR320C,0,-9.25344,0.1005089059472084,0.9239766001701355,0.8269006013870239
YNL332W,YNL186W,0,-9.254272,0.10044500976800919,0.9239766001701355,0.8274853825569153
YGL245W,YEL056W,0,-9.254486,0.10038119554519653,0.9239766001701355,0.8280701637268066
YOL068C,YDL020C,1,-9.255185,0.1009523794054985,0.9298245906829834,0.8280701637268066
YNR035C,YPL171C,0,-9.265234,0.10088832676410675,0.9298245906829834,0.828654944896698
YOR133W,YMR225C,0,-9.271511,0.10082434862852097,0.9298245906829834,0.8292397856712341
YOL116W,YGR180C,0,-9.273216,0.10076045989990234,0.9298245906829834,0.8298245668411255
YMR247C,YKL099C,0,-9.273666,0.10069664567708969,0.9298245906829834,0.8304093480110168
YDR184C,YLR135W,0,-9.275204,0.1006329134106636,0.9298245906829834,0.8309941291809082
YNL038W,YBR121C,0,-9.275934,0.10056926310062408,0.9298245906829834,0.8315789699554443
YOL086C,YCL008C,0,-9.27653,0.10050568729639053,0.9298245906829834,0.8321637511253357
YDR507C,YDR300C,0,-9.276934,0.10044220089912415,0.9298245906829834,0.832748532295227
YHR061C,YKL148C,0,-9.27754,0.10037878900766373,0.9298245906829834,0.8333333134651184
YPL190C,YKR014C,0,-9.281928,0.10031545907258987,0.9298245906829834,0.8339181542396545
YML130C,YGR090W,0,-9.281946,0.10025220364332199,0.9298245906829834,0.8345029354095459
YNL186W,YDR247W,0,-9.285381,0.10018903762102127,0.9298245906829834,0.8350877165794373
YFR041C,YGL181W,0,-9.287093,0.10012594610452652,0.9298245906829834,0.8356724977493286
YDR153C,YAL051W,0,-9.29006,0.10006292909383774,0.9298245906829834,0.8362573385238647
YOR317W,YOR207C,0,-9.290199,0.10000000149011612,0.9298245906829834,0.8368421196937561
YOR025W,YLR196W,0,-9.296444,0.09993714839220047,0.9298245906829834,0.8374269008636475
YJL076W,YLR354C,0,-9.306124,0.09987436980009079,0.9298245906829834,0.8380116820335388
YER015W,YOR363C,0,-9.318272,0.09981167316436768,0.9298245906829834,0.8385964632034302
YFR053C,YPR155C,0,-9.322447,0.09974905848503113,0.9298245906829834,0.8391813039779663
YPL153C,YBR283C,0,-9.32386,0.09968651831150055,0.9298245906829834,0.8397660851478577
YGL047W,YOR267C,0,-9.32482,0.09962406009435654,0.9298245906829834,0.840350866317749
YBR145W,YDR479C,0,-9.325474,0.0995616763830185,0.9298245906829834,0.8409356474876404
YPL204W,YBL005W,0,-9.327127,0.09949937462806702,0.9298245906829834,0.8415204882621765
YFR004W,YKL099C,0,-9.331209,0.09943714737892151,0.9298245906829834,0.8421052694320679
YER040W,YOR007C,0,-9.332237,0.09937500208616257,0.9298245906829834,0.8426900506019592
YCR075C,YGR083C,0,-9.334251,0.0993129312992096,0.9298245906829834,0.8432748317718506
YNR030W,YDR079W,0,-9.337425,0.09925093501806259,0.9298245906829834,0.8438596725463867
YJR078W,YDL065C,0,-9.339148,0.09918902069330215,0.9298245906829834,0.8444444537162781
YJL052W,YLR020C,0,-9.339576,0.09912718087434769,0.9298245906829834,0.8450292348861694
YLR259C,YGR249W,0,-9.341066,0.09906542301177979,0.9298245906829834,0.8456140160560608
YLR080W,YLL012W,0,-9.34307,0.09900373965501785,0.9298245906829834,0.8461988568305969
YLR048W,YOR083W,0,-9.343107,0.09894213080406189,0.9298245906829834,0.8467836380004883
YGR256W,YOR119C,0,-9.34668,0.0988805964589119,0.9298245906829834,0.8473684191703796
YGR171C,YKL212W,0,-9.346904,0.09881914407014847,0.9298245906829834,0.847953200340271
YDL078C,YJL183W,0,-9.3509865,0.09875776618719101,0.9298245906829834,0.8485380411148071
YIL142W,YMR197C,0,-9.356087,0.09869646281003952,0.9298245906829834,0.8491228222846985
YLR047C,YGL171W,0,-9.360603,0.098635233938694,0.9298245906829834,0.8497076034545898
YEL056W,YML093W,0,-9.361324,0.09857408702373505,0.9298245906829834,0.8502923846244812
YNL030W,YHL020C,0,-9.365709,0.09851301461458206,0.9298245906829834,0.8508771657943726
YDR459C,YMR229C,0,-9.3657675,0.09845200926065445,0.9298245906829834,0.8514620065689087
YBR020W,YJL052W,0,-9.371971,0.0983910858631134,0.9298245906829834,0.8520467877388
YDL100C,YMR161W,0,-9.373174,0.09833024442195892,0.9298245906829834,0.8526315689086914
YJL210W,YBR154C,0,-9.37409,0.09826947003602982,0.9298245906829834,0.8532163500785828
YPR049C,YPR024W,0,-9.378063,0.09820877015590668,0.9298245906829834,0.8538011908531189
YFR050C,YOL121C,0,-9.379921,0.09814814478158951,0.9298245906829834,0.8543859720230103
YDR069C,YOL068C,1,-9.380038,0.0987045019865036,0.9356725215911865,0.8543859720230103
YEL034W,YBR175W,0,-9.385851,0.09864365309476852,0.9356725215911865,0.8549707531929016
YLR429W,YER065C,0,-9.388741,0.09858287125825882,0.9356725215911865,0.855555534362793
YJR053W,YGR155W,0,-9.391335,0.09852216392755508,0.9356725215911865,0.8561403751373291
YER052C,YKL134C,0,-9.393171,0.09846153855323792,0.9356725215911865,0.8567251563072205
YLR110C,YGR157W,0,-9.395532,0.09840098768472672,0.9356725215911865,0.8573099374771118
YLR249W,YBR030W,0,-9.398273,0.09834050387144089,0.9356725215911865,0.8578947186470032
YDL100C,YIL121W,0,-9.400213,0.09828009456396103,0.9356725215911865,0.8584795594215393
YDR361C,YDR414C,0,-9.402863,0.09821976721286774,0.9356725215911865,0.8590643405914307
YGR157W,YGL012W,0,-9.404644,0.09815950691699982,0.9356725215911865,0.859649121761322
YER042W,YJL080C,0,-9.407047,0.09809932857751846,0.9356725215911865,0.8602339029312134
YJL102W,YMR266W,0,-9.412838,0.09803921729326248,0.9356725215911865,0.8608186841011047
YGL089C,YLR410W,0,-9.415759,0.09797918051481247,0.9356725215911865,0.8614035248756409
YGR113W,YDR429C,0,-9.419817,0.09791921824216843,0.9356725215911865,0.8619883060455322
YER164W,YAL016W,0,-9.423042,0.09785933047533035,0.9356725215911865,0.8625730872154236
YIL035C,YDR412W,0,-9.426144,0.09779950976371765,0.9356725215911865,0.8631578683853149
YBL047C,YJL124C,0,-9.431405,0.09773977100849152,0.9356725215911865,0.8637427091598511
YKL062W,YLR026C,0,-9.436934,0.09768009930849075,0.9356725215911865,0.8643274903297424
YDR422C,YDR353W,0,-9.441587,0.09762050211429596,0.9356725215911865,0.8649122714996338
YGL073W,YCR020C-A,0,-9.442629,0.09756097197532654,0.9356725215911865,0.8654970526695251
YKL172W,YGL127C,0,-9.446569,0.09750152379274368,0.9356725215911865,0.8660818934440613
YAR033W,YGR082W,0,-9.448217,0.0974421426653862,0.9356725215911865,0.8666666746139526
YGR231C,YDR293C,0,-9.4501095,0.09738283604383469,0.9356725215911865,0.867251455783844
YER106W,YMR079W,0,-9.450522,0.09732360392808914,0.9356725215911865,0.8678362369537354
YNL065W,YPR037C,0,-9.450945,0.09726443886756897,0.9356725215911865,0.8684210777282715
YHR042W,YDR071C,0,-9.454263,0.09720534831285477,0.9356725215911865,0.8690058588981628
YOL077C,YGL211W,0,-9.455958,0.09714632481336594,0.9356725215911865,0.8695906400680542
YIL140W,YKL212W,0,-9.457008,0.09708737581968307,0.9356725215911865,0.8701754212379456
YIL120W,YOR216C,0,-9.457621,0.09702850133180618,0.9356725215911865,0.8707602620124817
YGL208W,YML055W,0,-9.457935,0.09696969389915466,0.9356725215911865,0.871345043182373
YLR044C,YDR077W,0,-9.469962,0.09691096097230911,0.9356725215911865,0.8719298243522644
YPR121W,YPL019C,0,-9.481602,0.09685230255126953,0.9356725215911865,0.8725146055221558
YEL018W,YML073C,0,-9.491373,0.09679371118545532,0.9356725215911865,0.8730993866920471
YLR079W,YML028W,0,-9.496993,0.09673518687486649,0.9356725215911865,0.8736842274665833
YKL182W,YOL123W,0,-9.499754,0.09667673707008362,0.9356725215911865,0.8742690086364746
YOL059W,YBR169C,0,-9.505323,0.09661835432052612,0.9356725215911865,0.874853789806366
YPR025C,YBR154C,0,-9.507635,0.0965600460767746,0.9356725215911865,0.8754385709762573
YBR106W,YDR292C,0,-9.511634,0.09650181233882904,0.9356725215911865,0.8760234117507935
YPR030W,YIL017C,0,-9.520133,0.09644363820552826,0.9356725215911865,0.8766081929206848
YOR316C,YNR034W,0,-9.525669,0.09638553857803345,0.9356725215911865,0.8771929740905762
YPR120C,YOL068C,1,-9.5321665,0.09692955762147903,0.9415204524993896,0.8771929740905762
YFR024C-A,YMR201C,0,-9.53498,0.09687124192714691,0.9415204524993896,0.8777777552604675
YNL192W,YPL196W,0,-9.537567,0.09681298583745956,0.9415204524993896,0.8783625960350037
YLR023C,YKL073W,0,-9.543434,0.09675480425357819,0.9415204524993896,0.878947377204895
YNL166C,YBR297W,0,-9.560331,0.09669669717550278,0.9415204524993896,0.8795321583747864
YBR002C,YOL110W,0,-9.561043,0.09663865715265274,0.9415204524993896,0.8801169395446777
YCL027W,YFL014W,0,-9.562611,0.09658068418502808,0.9415204524993896,0.8807017803192139
YBR244W,YPR010C,0,-9.570207,0.09652277827262878,0.9415204524993896,0.8812865614891052
YER070W,YLL012W,0,-9.574566,0.09646494686603546,0.9415204524993896,0.8818713426589966
YER065C,YIL101C,0,-9.579163,0.09640718251466751,0.9415204524993896,0.8824561238288879
YNL223W,YJL179W,0,-9.591604,0.09634949266910553,0.9415204524993896,0.8830409646034241
YDR508C,YJL191W,0,-9.592138,0.09629186242818832,0.9415204524993896,0.8836257457733154
YEL060C,YGR274C,0,-9.59269,0.09623430669307709,0.9415204524993896,0.8842105269432068
YIL042C,YPL153C,0,-9.596945,0.09617682546377182,0.9415204524993896,0.8847953081130981
YDR303C,YDR246W,0,-9.606457,0.09611940383911133,0.9415204524993896,0.8853800892829895
YML121W,YBR298C,0,-9.606644,0.09606204926967621,0.9415204524993896,0.8859649300575256
YDR110W,YLR449W,1,-9.611517,0.09660107642412186,0.9473684430122375,0.8859649300575256
YEL054C,YCL008C,0,-9.618349,0.09654350578784943,0.9473684430122375,0.886549711227417
YOR236W,YER015W,0,-9.619755,0.09648600220680237,0.9473684430122375,0.8871344923973083
YKR007W,YGR172C,0,-9.624312,0.09642857313156128,0.9473684430122375,0.8877192735671997
YKL008C,YNR049C,0,-9.624945,0.09637121111154556,0.9473684430122375,0.8883041143417358
YDR121W,YHR133C,0,-9.6264305,0.09631390869617462,0.9473684430122375,0.8888888955116272
YGR081C,YPL092W,0,-9.631292,0.09625668078660965,0.9473684430122375,0.8894736766815186
YDR361C,YFR029W,0,-9.63431,0.09619952738285065,0.9473684430122375,0.8900584578514099
YNL061W,YPL094C,0,-9.640514,0.09614243358373642,0.9473684430122375,0.890643298625946
YBL098W,YFR053C,0,-9.643604,0.09608540683984756,0.9473684430122375,0.8912280797958374
YCR009C,YPR182W,0,-9.6468725,0.09602845460176468,0.9473684430122375,0.8918128609657288
YLR449W,YNL088W,1,-9.647236,0.09656397998332977,0.9532163739204407,0.8918128609657288
YPL089C,YKL196C,0,-9.649033,0.09650681167840958,0.9532163739204407,0.8923976421356201
YBL082C,YJL050W,0,-9.650668,0.09644970297813416,0.9532163739204407,0.8929824829101562
YIL122W,YHR001W-A,0,-9.662031,0.0963926687836647,0.9532163739204407,0.8935672640800476
YKL135C,YHR019C,0,-9.665752,0.09633569419384003,0.9532163739204407,0.894152045249939
YFL022C,YNL004W,0,-9.67026,0.09627879410982132,0.9532163739204407,0.8947368264198303
YNR056C,YLR259C,0,-9.677545,0.09622196108102798,0.9532163739204407,0.8953216671943665
YER015W,YPL076W,0,-9.680993,0.09616519510746002,0.9532163739204407,0.8959064483642578
YMR015C,YBR280C,0,-9.681972,0.09610848873853683,0.9532163739204407,0.8964912295341492
YHR123W,YOL039W,0,-9.687914,0.09605185687541962,0.9532163739204407,0.8970760107040405
YLR449W,YJL047C,1,-9.694838,0.09658421576023102,0.9590643048286438,0.8970760107040405
YDR492W,YKL170W,0,-9.695044,0.09652736783027649,0.9590643048286438,0.8976607918739319
YJR078W,YDR062W,0,-9.695459,0.09647058695554733,0.9590643048286438,0.898245632648468
YDR036C,YML128C,0,-9.7048025,0.09641387313604355,0.9590643048286438,0.8988304138183594
YLR231C,YLR427W,0,-9.715098,0.09635722637176514,0.9590643048286438,0.8994151949882507
YDR116C,YGR070W,0,-9.727869,0.0963006466627121,0.9590643048286438,0.8999999761581421
YPL218W,YOR089C,0,-9.728735,0.09624413400888443,0.9590643048286438,0.9005848169326782
YMR165C,YJL191W,0,-9.738762,0.09618768095970154,0.9590643048286438,0.9011695981025696
YPR120C,YLR449W,1,-9.743807,0.096717469394207,0.9649122953414917,0.9011695981025696
YNR002C,YLR165C,0,-9.755098,0.0966608077287674,0.9649122953414917,0.9017543792724609
YPL227C,YKL191W,0,-9.758843,0.09660421311855316,0.9649122953414917,0.9023391604423523
YKL191W,YBR196C,0,-9.763998,0.0965476855635643,0.9649122953414917,0.9029240012168884
YPL256C,YIL017C,0,-9.766542,0.09649122506380081,0.9649122953414917,0.9035087823867798
YCR012W,YLR167W,0,-9.768529,0.0964348316192627,0.9649122953414917,0.9040935635566711
YBR286W,YDR116C,0,-9.791766,0.09637850522994995,0.9649122953414917,0.9046783447265625
YHR193C,YMR313C,0,-9.796198,0.09632223844528198,0.9649122953414917,0.9052631855010986
YDR142C,YGR279C,0,-9.796548,0.09626604616641998,0.9649122953414917,0.90584796667099
YGR041W,YPL231W,0,-9.796736,0.09620991349220276,0.9649122953414917,0.9064327478408813
YPL160W,YGL095C,0,-9.798561,0.09615384787321091,0.9649122953414917,0.9070175290107727
YNL008C,YNL062C,0,-9.802568,0.09609784185886383,0.9649122953414917,0.9076023101806641
YML081C-A,YOR328W,0,-9.807684,0.09604191035032272,0.9649122953414917,0.9081871509552002
YIL044C,YDL081C,0,-9.816248,0.09598603844642639,0.9649122953414917,0.9087719321250916
YPL093W,YHR050W,0,-9.821904,0.09593023359775543,0.9649122953414917,0.9093567132949829
YML073C,YDR325W,0,-9.82855,0.09587448835372925,0.9649122953414917,0.9099414944648743
YMR296C,YHR106W,0,-9.8364,0.09581881761550903,0.9649122953414917,0.9105263352394104
YGL105W,YPL237W,0,-9.841561,0.0957632064819336,0.9649122953414917,0.9111111164093018
YOR267C,YDR116C,0,-9.851962,0.09570765495300293,0.9649122953414917,0.9116958975791931
YAL042W,YLR097C,0,-9.855013,0.09565217047929764,0.9649122953414917,0.9122806787490845
YLR286C,YKL182W,0,-9.855589,0.09559675306081772,0.9649122953414917,0.9128655195236206
YMR145C,YER165W,0,-9.856117,0.09554140269756317,0.9649122953414917,0.913450300693512
YOR245C,YCR072C,0,-9.856554,0.0954861119389534,0.9649122953414917,0.9140350818634033
YGR030C,YJL080C,0,-9.860595,0.095430888235569,0.9649122953414917,0.9146198630332947
YKR066C,YGR008C,0,-9.865196,0.09537572413682938,0.9649122953414917,0.9152047038078308
YGL136C,YNL302C,0,-9.866943,0.09532062709331512,0.9649122953414917,0.9157894849777222
YDL085W,YFR051C,0,-9.867464,0.09526558965444565,0.9649122953414917,0.9163742661476135
YBR068C,YDR451C,0,-9.86857,0.09521061927080154,0.9649122953414917,0.9169590473175049
YAR014C,YDR513W,0,-9.873556,0.09515570849180222,0.9649122953414917,0.917543888092041
YLR449W,YLL002W,1,-9.875391,0.09567723423242569,0.9707602262496948,0.917543888092041
YKL188C,YGL095C,0,-9.8887205,0.09562212228775024,0.9707602262496948,0.9181286692619324
YOR269W,YOR063W,0,-9.894881,0.09556706994771957,0.9707602262496948,0.9187134504318237
YKL172W,YFL033C,0,-9.897553,0.09551208466291428,0.9707602262496948,0.9192982316017151
YER042W,YHR197W,0,-9.900988,0.09545715898275375,0.9707602262496948,0.9198830127716064
YLR167W,YCL031C,0,-9.901577,0.0954023003578186,0.9707602262496948,0.9204678535461426
YMR246W,YLR090W,0,-9.909001,0.09534750133752823,0.9707602262496948,0.9210526347160339
YLR229C,YKR026C,0,-9.91702,0.09529276937246323,0.9707602262496948,0.9216374158859253
YDR077W,YPR139C,0,-9.917571,0.095238097012043,0.9707602262496948,0.9222221970558167
YKL182W,YDR098C,0,-9.9363575,0.09518348425626755,0.9707602262496948,0.9228070378303528
YLR056W,YDR302W,0,-9.938477,0.09512893855571747,0.9707602262496948,0.9233918190002441
YDR038C,YOR313C,0,-9.945041,0.09507445245981216,0.9707602262496948,0.9239766001701355
YLR175W,YBR210W,0,-9.945576,0.09502003341913223,0.9707602262496948,0.9245613813400269
YMR260C,YLR435W,0,-9.945938,0.09496567398309708,0.9707602262496948,0.925146222114563
YKL160W,YBR126C,0,-9.947556,0.09491138160228729,0.9707602262496948,0.9257310032844543
YPR119W,YPL221W,0,-9.95051,0.09485714137554169,0.9707602262496948,0.9263157844543457
YIL062C,YMR322C,0,-9.956459,0.09480296820402145,0.9707602262496948,0.9269005656242371
YKL001C,YOR328W,0,-9.961575,0.09474886208772659,0.9707602262496948,0.9274854063987732
YLR355C,YOR206W,0,-9.961653,0.09469480812549591,0.9707602262496948,0.9280701875686646
YOR185C,YIL008W,0,-9.96726,0.0946408212184906,0.9707602262496948,0.9286549687385559
YLR449W,YNL273W,1,-9.9707575,0.09515669196844101,0.9766082167625427,0.9286549687385559
YDR077W,YNL121C,0,-9.9781685,0.09510250389575958,0.9766082167625427,0.9292397499084473
YGR268C,YPR107C,0,-9.982908,0.09504837542772293,0.9766082167625427,0.9298245906829834
YDL164C,YIL097W,0,-9.98329,0.09499431401491165,0.9766082167625427,0.9304093718528748
YEL060C,YOR359W,0,-9.983446,0.09494030475616455,0.9766082167625427,0.9309941530227661
YIL004C,YDR508C,0,-10.003971,0.09488636255264282,0.9766082167625427,0.9315789341926575
YKL062W,YGL236C,0,-10.006126,0.09483247995376587,0.9766082167625427,0.9321637153625488
YML094W,YHR082C,0,-10.029736,0.09477865695953369,0.9766082167625427,0.932748556137085
YDR511W,YPR006C,0,-10.032317,0.09472490102052689,0.9766082167625427,0.9333333373069763
YOR204W,YGR206W,0,-10.034984,0.09467120468616486,0.9766082167625427,0.9339181184768677
YGL253W,YBL025W,0,-10.038393,0.094617560505867,0.9766082167625427,0.934502899646759
YGR256W,YJL179W,0,-10.042627,0.09456398338079453,0.9766082167625427,0.9350877404212952
YDR516C,YEL042W,0,-10.048465,0.09451047331094742,0.9766082167625427,0.9356725215911865
YER045C,YHR193C,0,-10.055743,0.09445701539516449,0.9766082167625427,0.9362573027610779
YML008C,YPL093W,0,-10.057728,0.09440361708402634,0.9766082167625427,0.9368420839309692
YMR173W,YOR269W,0,-10.05834,0.09435028582811356,0.9766082167625427,0.9374269247055054
YKR039W,YLR249W,0,-10.065355,0.09429700672626495,0.9766082167625427,0.9380117058753967
YHR094C,YJR118C,0,-10.072562,0.09424379467964172,0.9766082167625427,0.9385964870452881
YKR003W,YHR021C,0,-10.0750885,0.09419063478708267,0.9766082167625427,0.9391812682151794
YBR161W,YIL042C,0,-10.093784,0.09413754194974899,0.9766082167625427,0.9397661089897156
YDL014W,YMR165C,0,-10.097233,0.09408450871706009,0.9766082167625427,0.9403508901596069
YBL009W,YDL208W,0,-10.100304,0.09403153508901596,0.9766082167625427,0.9409356713294983
YGL012W,YMR246W,0,-10.106531,0.09397861361503601,0.9766082167625427,0.9415204524993896
YGL053W,YGL225W,0,-10.117542,0.09392575919628143,0.9766082167625427,0.942105233669281
YKL129C,YDR324C,0,-10.120219,0.09387296438217163,0.9766082167625427,0.9426900744438171
YAL054C,YIL035C,0,-10.123645,0.09382022172212601,0.9766082167625427,0.9432748556137085
YCR034W,YIL038C,0,-10.125082,0.09376754611730576,0.9766082167625427,0.9438596367835999
YNL233W,YCR034W,0,-10.125755,0.09371493011713028,0.9766082167625427,0.9444444179534912
YKL057C,YPR154W,0,-10.130938,0.09366236627101898,0.9766082167625427,0.9450292587280273
YOR351C,YGR214W,0,-10.13693,0.09360986202955246,0.9766082167625427,0.9456140398979187
YLR210W,YBR079C,0,-10.138207,0.09355742484331131,0.9766082167625427,0.9461988210678101
YML130C,YBR297W,0,-10.139841,0.09350503981113434,0.9766082167625427,0.9467836022377014
YKL188C,YJL052W,0,-10.141832,0.09345271438360214,0.9766082167625427,0.9473684430122375
YLR449W,YPL015C,1,-10.148634,0.0939597338438034,0.9824561476707458,0.9473684430122375
YBR142W,YLR183C,0,-10.15217,0.09390720725059509,0.9824561476707458,0.9479532241821289
YDR296W,YBL075C,0,-10.184851,0.09385474771261215,0.9824561476707458,0.9485380053520203
YDR459C,YMR006C,0,-10.192574,0.09380234777927399,0.9824561476707458,0.9491227865219116
YKR039W,YGL030W,0,-10.195851,0.09375,0.9824561476707458,0.9497076272964478
YMR165C,YNL055C,0,-10.207529,0.09369771182537079,0.9824561476707458,0.9502924084663391
YGR256W,YBR267W,0,-10.219673,0.09364548325538635,0.9824561476707458,0.9508771896362305
YDR358W,YDR086C,0,-10.243806,0.09359331429004669,0.9824561476707458,0.9514619708061218
YKR003W,YHR065C,0,-10.249483,0.0935412049293518,0.9824561476707458,0.952046811580658
YLR350W,YHR065C,0,-10.250916,0.0934891477227211,0.9824561476707458,0.9526315927505493
YLR197W,YJR102C,0,-10.256916,0.09343715012073517,0.9824561476707458,0.9532163739204407
YOR206W,YLR135W,0,-10.294351,0.09338521212339401,0.9824561476707458,0.953801155090332
YPL022W,YOL040C,0,-10.296192,0.09333333373069763,0.9824561476707458,0.9543859362602234
YBL024W,YGL205W,0,-10.302007,0.09328150749206543,0.9824561476707458,0.9549707770347595
YPR033C,YPL012W,0,-10.302855,0.0932297483086586,0.9824561476707458,0.9555555582046509
YCR034W,YOL009C,0,-10.30897,0.09317803382873535,0.9824561476707458,0.9561403393745422
YDL198C,YGR123C,0,-10.310803,0.09312638640403748,0.9824561476707458,0.9567251205444336
YGR246C,YNL241C,0,-10.317379,0.09307479113340378,0.9824561476707458,0.9573099613189697
YPL146C,YMR243C,0,-10.322347,0.09302325546741486,0.9824561476707458,0.9578947424888611
YLR068W,YBR043C,0,-10.35362,0.09297177940607071,0.9824561476707458,0.9584795236587524
YFL023W,YHR170W,0,-10.356571,0.09292035549879074,0.9824561476707458,0.9590643048286438
YMR255W,YHR096C,0,-10.357983,0.09286899119615555,0.9824561476707458,0.9596491456031799
YAL012W,YMR077C,0,-10.377409,0.09281767904758453,0.9824561476707458,0.9602339267730713
YGR222W,YNL209W,0,-10.378523,0.0927664265036583,0.9824561476707458,0.9608187079429626
YLR080W,YOR230W,0,-10.394684,0.09271523356437683,0.9824561476707458,0.961403489112854
YDR101C,YGR209C,0,-10.396717,0.09266409277915955,0.9824561476707458,0.9619883298873901
YNL156C,YPR143W,0,-10.397414,0.09261301159858704,0.9824561476707458,0.9625731110572815
YDL115C,YKR014C,0,-10.410175,0.0925619825720787,0.9824561476707458,0.9631578922271729
YOL038W,YDR092W,0,-10.417149,0.09251101315021515,0.9824561476707458,0.9637426733970642
YDL083C,YML052W,0,-10.42038,0.09246009588241577,0.9824561476707458,0.9643275141716003
YMR235C,YOL040C,0,-10.422686,0.09240923821926117,0.9824561476707458,0.9649122953414917
YMR290C,YDR343C,0,-10.440306,0.09235844016075134,0.9824561476707458,0.9654970765113831
YGR078C,YJL080C,0,-10.453789,0.0923076942563057,0.9824561476707458,0.9660818576812744
YNL112W,YDR202C,0,-10.4824505,0.09225700050592422,0.9824561476707458,0.9666666388511658
YHR092C,YDR451C,0,-10.496813,0.09220636636018753,0.9824561476707458,0.9672514796257019
YGR121C,YKL009W,0,-10.506668,0.09215578436851501,0.9824561476707458,0.9678362607955933
YBR059C,YML080W,0,-10.5085945,0.09210526198148727,0.9824561476707458,0.9684210419654846
YDR069C,YLR449W,1,-10.512062,0.09260273724794388,0.988304078578949,0.9684210419654846
YBR121C,YPL144W,0,-10.53735,0.09255202859640121,0.988304078578949,0.969005823135376
YBR185C,YJL048C,0,-10.539694,0.09250136464834213,0.988304078578949,0.9695906639099121
YDL134C,YDL081C,0,-10.549585,0.09245076775550842,0.988304078578949,0.9701754450798035
YNL085W,YMR096W,0,-10.5579195,0.0924002155661583,0.988304078578949,0.9707602262496948
YLR449W,YER104W,1,-10.569959,0.09289617836475372,0.9941520690917969,0.9707602262496948
YKR099W,YPR137W,0,-10.571927,0.09284543991088867,0.9941520690917969,0.9713450074195862
YGL252C,YBL075C,0,-10.588792,0.0927947610616684,0.9941520690917969,0.9719298481941223
YPR119W,YBR280C,0,-10.604139,0.0927441343665123,0.9941520690917969,0.9725146293640137
YPR102C,YDR395W,0,-10.604265,0.09269356727600098,0.9941520690917969,0.973099410533905
YOL077C,YJR125C,0,-10.624047,0.09264305233955383,0.9941520690917969,0.9736841917037964
YGL158W,YDL083C,0,-10.624184,0.09259258955717087,0.9941520690917969,0.9742690324783325
YNL074C,YEL054C,0,-10.654739,0.09254218637943268,0.9941520690917969,0.9748538136482239
YKL185W,YFR030W,0,-10.66372,0.09249183535575867,0.9941520690917969,0.9754385948181152
YBR040W,YLR340W,0,-10.670387,0.09244154393672943,0.9941520690917969,0.9760233759880066
YOR310C,YBL102W,0,-10.672968,0.09239130467176437,0.9941520690917969,0.9766082167625427
YJL050W,YOR208W,0,-10.690067,0.0923411175608635,0.9941520690917969,0.9771929979324341
YMR173W,YDR245W,0,-10.690474,0.09229099005460739,0.9941520690917969,0.9777777791023254
YMR260C,YNR046W,0,-10.701868,0.09224091470241547,0.9941520690917969,0.9783625602722168
YDL213C,YMR260C,0,-10.712541,0.09219089150428772,0.9941520690917969,0.9789473414421082
YBR072W,YBR017C,0,-10.736892,0.09214092046022415,0.9941520690917969,0.9795321822166443
YPL093W,YDL213C,0,-10.7878,0.09209100902080536,0.9941520690917969,0.9801169633865356
YOR267C,YBL039C,0,-10.830545,0.09204114973545074,0.9941520690917969,0.980701744556427
YLR449W,YDL020C,1,-10.838621,0.09253247082233429,1.0,0.980701744556427
YDR317W,YPL043W,0,-10.890636,0.09248242527246475,1.0,0.9812865257263184
YNL151C,YPL214C,0,-10.899561,0.0924324318766594,1.0,0.9818713665008545
YMR136W,YNL061W,0,-10.904237,0.09238249808549881,1.0,0.9824561476707458
YDR098C,YBL075C,0,-10.922748,0.0923326164484024,1.0,0.9830409288406372
YOR185C,YKL082C,0,-10.941174,0.09228278696537018,1.0,0.9836257100105286
YHR166C,YPL131W,0,-10.979775,0.09223300963640213,1.0,0.9842105507850647
YPR033C,YGR161C,0,-10.996148,0.09218329191207886,1.0,0.984795331954956
YDR508C,YDR492W,0,-11.022931,0.09213361889123917,1.0,0.9853801131248474
YDL083C,YGR213C,0,-11.067938,0.09208400547504425,1.0,0.9859648942947388
YPL006W,YOL080C,0,-11.103809,0.09203444421291351,1.0,0.9865497350692749
YNR038W,YDR412W,0,-11.1092825,0.09198493510484695,1.0,0.9871345162391663
YOL065C,YMR142C,0,-11.140099,0.09193548560142517,1.0,0.9877192974090576
YBL082C,YPR016C,0,-11.1459055,0.09188608080148697,1.0,0.988304078578949
YAR002W,YEL026W,0,-11.198852,0.09183673560619354,1.0,0.9888888597488403
YIL125W,YLL034C,0,-11.333195,0.0917874425649643,1.0,0.9894737005233765
YPL211W,YOL061W,0,-11.344626,0.09173819422721863,1.0,0.9900584816932678
YJR070C,YJL183W,0,-11.417003,0.09168900549411774,1.0,0.9906432628631592
YMR290C,YAL017W,0,-11.435459,0.09163986891508102,1.0,0.9912280440330505
YFR014C,YGR159C,0,-11.480696,0.09159078449010849,1.0,0.9918128848075867
YNR056C,YLR060W,0,-11.5343895,0.09154175221920013,1.0,0.992397665977478
YJR073C,YLR409C,0,-11.539232,0.09149277955293655,1.0,0.9929824471473694
YHR089C,YCR091W,0,-11.582837,0.09144385159015656,1.0,0.9935672283172607
YPL211W,YIL052C,0,-11.587181,0.09139497578144073,1.0,0.9941520690917969
YDR516C,YNL292W,0,-11.642242,0.09134615212678909,1.0,0.9947368502616882
YNR001C,YHR072W,0,-11.656441,0.09129738062620163,1.0,0.9953216314315796
YDR516C,YCR091W,0,-11.666035,0.09124866873025894,1.0,0.995906412601471
YJR097W,YLR197W,0,-11.788034,0.09120000153779984,1.0,0.9964912533760071
YBR247C,YJR097W,0,-11.977897,0.09115138649940491,1.0,0.9970760345458984
YOL077C,YNL062C,0,-12.001596,0.09110282361507416,1.0,0.9976608157157898
YAL017W,YDL083C,0,-12.015211,0.09105431288480759,1.0,0.9982455968856812
YFL014W,YNL182C,0,-12.055649,0.0910058543086052,1.0,0.9988304376602173
YMR290C,YPL206C,0,-12.060271,0.09095744788646698,1.0,0.9994152188301086
YNL110C,YLR222C,0,-12.48658,0.09090909361839294,1.0,1.0
