Batch,Training Loss,Validation Loss
0.0,69.4903552532196,69.51716780662537
100.0,50.42957946658135,11.761748045682909
200.0,6.718635242432356,4.761828072369099
300.0,5.468994785100222,5.763306953012943
400.0,5.230063766241074,4.665974527597427
500.0,4.948709417134523,4.1609906777739525
600.0,4.741314001381397,4.837375842034817
700.0,4.676620040088892,4.004852585494518
800.0,4.613088380545378,3.901045136153698
900.0,4.61793440207839,4.640205726027489
1000.0,4.465133722871542,3.883676938712597
1100.0,4.519158247858286,4.485644474625588
1200.0,4.373029701411724,3.394571766257286
1300.0,4.2852880991995335,3.796113915741444
1400.0,4.276743918657303,3.747810982167721
1500.0,4.239890400320292,4.745871759951115
1600.0,4.183172658085823,5.3330327942967415
1700.0,4.225639916956425,4.405359700322151
1800.0,4.271554496139288,4.525266215205193
1900.0,4.133420184254646,4.06744658946991
2000.0,4.057293485850096,3.4488697350025177
2100.0,4.118137180805206,4.005276672542095
2200.0,4.0683189034461975,4.002039544284344
2300.0,4.038983184844256,3.616433516144753
2400.0,4.023568158969283,3.471676856279373
2500.0,4.076851675286889,4.607035368680954
2600.0,3.9954464435577393,3.890044167637825
2700.0,3.978837044909597,3.594948463141918
2800.0,3.953660372644663,3.551417775452137
2900.0,3.954556243494153,3.1334267742931843
3000.0,3.837866250425577,3.5163842886686325
3100.0,3.933669501915574,3.8975784555077553
3200.0,3.907011739909649,3.888093121349812
3300.0,3.982105515897274,3.7825559452176094
3400.0,3.891179125756025,3.5304881259799004
3500.0,3.946976736187935,4.037064053118229
3600.0,3.865673739463091,3.3492490649223328
3700.0,3.942884493619204,3.631426990032196
3800.0,3.959837704896927,3.316298983991146
3900.0,3.96236664056778,3.362414352595806
4000.0,3.822892069816589,4.196138754487038
4100.0,3.86659824475646,3.536752574145794
4200.0,3.8012842014431953,3.731251247227192
4300.0,3.8190587796270847,3.9416704326868057
4400.0,3.816894479095936,3.1876070238649845
4500.0,3.877676112577319,4.164151139557362
4600.0,3.8337271474301815,4.637112468481064
4700.0,3.8037575986236334,4.238715060055256
4800.0,3.796269726008177,4.137000776827335
4900.0,3.767788080498576,4.084197245538235
5000.0,3.797763548791409,3.826191984117031
5100.0,3.755677741020918,3.352564871311188
5200.0,3.730224879458546,4.449762925505638
5300.0,3.841738592833281,4.447560086846352
5400.0,3.744462087750435,3.6086654290556903
5500.0,3.7775481529533854,3.4944571182131767
5600.0,3.7546518556773663,3.643522597849369
5700.0,3.815583918243647,3.9698927477002144
5800.0,3.736931223422289,3.4347685799002647
5900.0,3.7066328041255474,3.7413854897022247
6000.0,3.693734973669052,3.587207645177841
6100.0,3.73439009860158,3.3790886029601097
6200.0,3.772333044558764,3.416166417300701
6300.0,3.755690697580576,3.760664649307728
6400.0,3.742504557594657,3.6445634439587593
6500.0,3.6936478316783914,3.639492504298687
6600.0,3.718518167734146,3.792148008942604
6700.0,3.742348119616509,4.087942242622376
6800.0,3.761068530380726,4.21123493462801
6900.0,3.6600467190146446,3.4320198372006416
7000.0,3.639491628855467,3.2295699790120125
7100.0,3.7215537894517183,3.4518279135227203
7200.0,3.6846274454146624,3.68600208312273
7300.0,3.673215419054032,3.734388016164303
7400.0,3.693885551765561,3.3040273562073708
7500.0,3.70521192252636,3.96783098578453
7600.0,3.688652256503701,3.4802593290805817
7700.0,3.7068659402430058,4.194198697805405
7800.0,3.604473305866122,3.573577776551246
7900.0,3.646852999925613,3.775505423545837
8000.0,3.6500225998461246,3.86356383562088
8100.0,3.6530154068022966,3.8404666632413855
8200.0,3.6942816767841578,4.052508547902107
8300.0,3.7095078453421593,3.9501911029219623
8400.0,3.67103848606348,3.808966539800167
8500.0,3.6721116602420807,4.192842543125153
8600.0,3.68634220957756,3.3083339408040047
8700.0,3.598658548668027,4.001810401678085
8800.0,3.660608276724816,3.4217093512415886
8900.0,3.709670187905431,4.025900922715664
9000.0,3.698730234056711,3.6089951172471046
9100.0,3.65070915594697,3.505602143704891
9200.0,3.722085013985634,3.4114818647503853
9300.0,3.6506372317671776,3.734763264656067
9400.0,3.660149903967977,3.577931709587574
9500.0,3.655124118551612,3.3419211581349373
9600.0,3.616317331790924,3.824536427855492
9700.0,3.628519557416439,3.5258910432457924
9800.0,3.696737434715033,4.038214199244976
9900.0,3.619012124836445,3.767915554344654
10000.0,3.613072980195284,3.306474909186363
10100.0,3.651932016015053,4.185883887112141
10200.0,3.658656543120742,3.5607710108160973
10300.0,3.687231263145805,4.202382750809193
10400.0,3.664125455543399,3.92292644828558
10500.0,3.653841184452176,3.769380487501621
10600.0,3.598270907998085,3.4229862689971924
10700.0,3.668235443532467,4.438632987439632
10800.0,3.631110690534115,3.916366845369339
10900.0,3.661611642688513,4.329936541616917
11000.0,3.626852959394455,3.2733210921287537
11100.0,3.634479707106948,3.247939683496952
11200.0,3.6324323154985914,3.572661206126213
11300.0,3.6035020481795073,3.442081175744533
11400.0,3.5897564627230167,3.275251127779484
11500.0,3.650752952322364,3.941204696893692
11600.0,3.646781574934721,3.989364504814148
11700.0,3.650292366743088,3.5512709990143776
11800.0,3.654675977304578,4.00430615991354
11900.0,3.5902359690517187,3.71745977550745
12000.0,3.60324677079916,3.5179604962468147
12100.0,3.6281120441854,3.6928020045161247
12200.0,3.614060901105404,3.7910042330622673
12300.0,3.599563943222165,3.4155242145061493
12400.0,3.590376613661647,3.2812056317925453
12500.0,3.582104774191976,4.224725961685181
12600.0,3.627601977437735,3.685520142316818
12700.0,3.578337263315916,3.472951538860798
12800.0,3.614942179992795,3.77735149115324
12900.0,3.5678570456802845,3.665244393050671
13000.0,3.5983234494924545,3.604768887162209
13100.0,3.599567262455821,3.611281327903271
13200.0,3.56641892157495,3.759576268494129
13300.0,3.599895415827632,3.4283824637532234
13400.0,3.5851974841207266,3.3221594989299774
13500.0,3.553572723641992,3.788575790822506
13600.0,3.5733190067112446,3.599214255809784
13700.0,3.5364803951233625,4.213125556707382
13800.0,3.5698550827801228,4.101857058703899
13900.0,3.616625875234604,3.693628571927548
14000.0,3.5662538409233093,3.7095285579562183
14100.0,3.5383183658123016,3.465477079153061
14200.0,3.544684924185276,4.008614681661129
14300.0,3.5643422920256853,3.852814882993698
14400.0,3.526160115376115,3.813096806406975
14500.0,3.5653082113713026,3.6936508864164352
14600.0,3.646061571314931,3.510993719100952
14700.0,3.620226738974452,3.680693693459034
14800.0,3.5329267531633377,3.9193225279450417
14900.0,3.5614195112138987,3.9742137119174
15000.0,3.553946778178215,3.5858426988124847
15100.0,3.5361667908728123,3.4190720692276955
15200.0,3.5964866429567337,4.078499637544155
15300.0,3.606820333749056,3.591220900416374
15400.0,3.5696633253246546,3.5236967355012894
15500.0,3.620267914608121,3.873078301548958
15600.0,3.643766781315208,3.3879991248250008
15700.0,3.5535487588495016,3.610118441283703
15800.0,3.545007213950157,3.21811955422163
15900.0,3.5997734125703573,4.145749695599079
16000.0,3.6081447042524815,3.551569990813732
16100.0,3.5833568535745144,3.887738138437271
16200.0,3.613052306696773,3.85051392018795
16300.0,3.6169042959809294,3.877753503620625
16400.0,3.5717046950012445,3.6944522336125374
16500.0,3.5364155247807503,3.913814425468445
16600.0,3.568347567692399,3.461138717830181
16700.0,3.587173704057932,3.821482360363007
16800.0,3.560563849285245,3.365916684269905
16900.0,3.572502102702856,3.681020364165306
17000.0,3.5711854994297028,3.560216687619686
17100.0,3.5562771186232567,3.906041458249092
17200.0,3.554752020165324,4.054160490632057
17300.0,3.54392696544528,3.6495057865977287
17400.0,3.599903203547001,3.006944041699171
17500.0,3.5639518667012453,3.482670485973358
17600.0,3.5809093080461025,4.203472025692463
17700.0,3.535580139607191,3.871061690151691
17800.0,3.5767059307545424,3.662346675992012
17900.0,3.512409023940563,3.705565258860588
18000.0,3.528927767649293,3.814311251044274
18100.0,3.576361585408449,3.682965487241745
18200.0,3.522570366039872,3.850083164870739
18300.0,3.5304707158356905,4.250665046274662
18400.0,3.569851480424404,3.814396411180496
18500.0,3.5231998823583126,3.6578037217259407
18600.0,3.5861179791390896,3.4731923416256905
18700.0,3.570593483746052,3.494015373289585
18800.0,3.548808811232448,3.57722606509924
18900.0,3.514477962628007,3.308708667755127
19000.0,3.555030830204487,3.358484096825123
19100.0,3.530678177252412,3.641952872276306
19200.0,3.5287184827029705,3.623008765280247
19300.0,3.543134815990925,3.7501079216599456
19400.0,3.494925916194916,3.886200897395611
19500.0,3.537363499403,3.936682641506195
19600.0,3.580659430474043,3.49482785910368
19700.0,3.5229989532381296,3.5860247537493706
19800.0,3.5399482995271683,3.63063283264637
19900.0,3.61398246511817,4.166530333459377
20000.0,0.03310809284448624,3.527626357972622
20100.0,3.5230392925441265,3.374655321240425
20200.0,3.527432443574071,3.6794182658195496
20300.0,3.531725311651826,4.319927394390106
20400.0,3.4924257956445217,3.4691228717565536
20500.0,3.5521390549838543,4.186621569097042
20600.0,3.478334618732333,3.4574373066425323
20700.0,3.5789914336055517,3.9274992048740387
20800.0,3.52330488525331,4.594695568084717
20900.0,3.5295681450515985,3.821134977042675
21000.0,3.5578025989234447,3.6594759672880173
21100.0,3.5064418744295835,4.882071986794472
21200.0,3.5841257497668266,3.8594285026192665
21300.0,3.6451733130961657,3.669208250939846
21400.0,3.536420676857233,3.8336756452918053
21500.0,3.525965541601181,3.0712099000811577
21600.0,3.5540232360363007,3.796137012541294
21700.0,3.542785979807377,3.913223557174206
21800.0,3.648725824430585,3.557331934571266
21900.0,3.524122327566147,3.8367393240332603
22000.0,3.5239364337176085,3.56152031570673
22100.0,3.5434916354715824,3.4196534380316734
22200.0,3.4496305901557207,3.571663424372673
22300.0,3.505333825945854,3.657447285950184
22400.0,3.5229871198534966,3.4938788786530495
22500.0,3.533141912892461,3.6427712067961693
22600.0,3.5090339444577694,3.756648525595665
22700.0,3.4752740543335676,3.642595373094082
22800.0,3.5518925338983536,3.4486208856105804
22900.0,3.5590598043054342,3.7178822234272957
23000.0,3.486451869830489,3.305896073579788
23100.0,3.511733004823327,3.659200556576252
23200.0,3.496467098593712,3.8325313851237297
23300.0,3.4868734553456306,3.6025232076644897
23400.0,3.529521295800805,3.630415089428425
23500.0,3.523801090195775,4.074668399989605
23600.0,3.5422150176018476,3.8897566869854927
23700.0,3.544708402827382,3.6317962780594826
23800.0,3.538495659828186,4.28824320435524
23900.0,3.493588013574481,3.538241535425186
24000.0,3.485956458374858,3.0377245135605335
24100.0,3.486559120938182,3.846246786415577
24200.0,3.644738046452403,3.992149569094181
24300.0,3.547935424372554,3.4720437601208687
24400.0,3.5335820615291595,3.4758316352963448
24500.0,3.5758899450302124,4.107881151139736
24600.0,3.5533005874603987,3.8711200654506683
24700.0,3.461292900145054,3.1815093755722046
24800.0,3.4766909703612328,3.47752396017313
24900.0,3.491960460320115,3.5815468430519104
25000.0,3.4753453843295574,3.6396610364317894
25100.0,3.517745627090335,3.5563911125063896
25200.0,3.4677095618098974,3.6376863718032837
25300.0,3.5164480954408646,3.976651392877102
25400.0,3.483626691624522,3.8055014237761497
25500.0,3.505368819460273,3.675309717655182
25600.0,3.539882943034172,3.3967865630984306
25700.0,3.4883965104818344,4.094779938459396
25800.0,3.4942364152520895,3.8081013411283493
25900.0,3.5270113442093134,3.931170292198658
26000.0,3.500014929100871,3.8474859669804573
26100.0,3.509477447718382,4.764737673103809
26200.0,3.4944812413305044,3.93438134342432
26300.0,3.4847351126372814,3.9544349163770676
26400.0,3.5016172472387552,3.314981125295162
26500.0,3.5297576505690813,3.549271933734417
26600.0,3.495950620621443,3.2461157999932766
26700.0,3.5193978622555733,4.455846287310123
26800.0,3.5472699217498302,3.639444448053837
26900.0,3.512182127684355,3.7807078659534454
27000.0,3.5199486687779427,3.9850467815995216
27100.0,3.534723022952676,4.868305400013924
27200.0,3.5129879247397184,3.972143307328224
27300.0,3.4821035526692867,3.7329349666833878
27400.0,3.4578333273530006,3.2346433587372303
27500.0,3.4682130571454763,3.5471997782588005
27600.0,3.4415821563452482,3.73424980789423
27700.0,3.5426089838147163,3.537234626710415
27800.0,3.5029738638550043,3.75751331448555
27900.0,3.4989085383713245,4.149762950837612
28000.0,3.453404614701867,3.9760487526655197
28100.0,3.5142202228307724,4.048009663820267
28200.0,3.510832618921995,4.320637732744217
28300.0,3.5308154951781034,3.7130508199334145
28400.0,3.4439391810446978,4.235880076885223
28500.0,3.519928727298975,3.7412092089653015
28600.0,3.5018007196485996,3.8107805326581
28700.0,3.46685647405684,3.106813430786133
28800.0,3.5252352077513933,4.130527675151825
28900.0,3.505222961306572,3.6138665676116943
29000.0,3.483911080285907,3.4776926040649414
29100.0,3.484515165910125,4.018530808389187
29200.0,3.4452485870569944,3.7365563213825226
29300.0,3.5143769551068544,3.410201035439968
29400.0,3.4921339210122824,3.962746113538742
29500.0,3.487308906391263,3.341892994940281
29600.0,3.4989359229803085,3.8086219504475594
29700.0,3.5056337006390095,3.759104646742344
29800.0,3.462983872741461,4.080766513943672
29900.0,3.458662897348404,3.5737477988004684
30000.0,3.5116126630455256,3.5466739907860756
30100.0,3.4354547411203384,3.709440492093563
30200.0,3.431963335722685,3.3068502321839333
30300.0,3.4948658011853695,3.7685298919677734
30400.0,3.514822317287326,3.6738455668091774
30500.0,3.4569756519049406,3.6642059311270714
30600.0,3.4630732107907534,3.2085831463336945
30700.0,3.495505115017295,4.028426818549633
30800.0,3.4573474917560816,4.200132004916668
30900.0,3.511906925588846,4.410187229514122
31000.0,3.480705389752984,3.2696444913744926
31100.0,3.4873605631291866,3.138848375529051
31200.0,3.4939853120595217,3.542804606258869
31300.0,3.5023162439465523,3.465365432202816
31400.0,3.4382060170173645,4.278410188853741
31500.0,3.4520521238446236,4.073547720909119
31600.0,3.466808322817087,3.8863104954361916
31700.0,3.437818270176649,2.9557848162949085
31800.0,3.4265581890940666,3.249426558613777
31900.0,3.449456924572587,3.738532215356827
32000.0,3.465427888557315,3.515738993883133
32100.0,3.4990696869790554,4.1713277995586395
32200.0,3.438990855589509,3.745037280023098
32300.0,3.4815025720745325,3.5006462037563324
32400.0,3.4373915512114763,3.680317848920822
32500.0,3.45428017526865,3.4956808388233185
32600.0,3.501860024407506,4.010892882943153
32700.0,3.462890850380063,3.217221163213253
32800.0,3.460505159571767,4.10454299300909
32900.0,3.4362679980695248,3.6421209573745728
33000.0,3.4110494032502174,3.927363343536854
33100.0,3.454627275466919,3.4965848177671432
33200.0,3.4526621513068676,3.7333599105477333
33300.0,3.468659143894911,3.67693692445755
33400.0,3.426366401836276,3.9203504472970963
33500.0,3.474927868694067,3.6897676438093185
33600.0,3.4347265623509884,3.7656331434845924
33700.0,3.456834092736244,3.8636713102459908
33800.0,3.403751891106367,4.555918797850609
33900.0,3.431146375834942,3.6826670169830322
34000.0,3.4190639052540064,3.1724185682833195
34100.0,3.4840183835476637,3.505125939846039
34200.0,3.4298160672187805,3.628384694457054
34300.0,3.4391316771507263,3.8349659368395805
34400.0,3.432573452591896,3.779480457305908
34500.0,3.4441005997359753,3.7295233830809593
34600.0,3.447976114228368,3.632308319211006
34700.0,3.4772132132202387,4.023949578404427
34800.0,3.4348313733935356,3.7735702097415924
34900.0,3.462044820189476,3.7056414410471916
35000.0,3.409068413078785,3.398820646107197
35100.0,3.4568031020462513,3.8078373670578003
35200.0,3.446961497887969,3.894995078444481
35300.0,3.4237679056823254,3.5522575676441193
35400.0,3.4275623988360167,3.679995946586132
35500.0,3.44679581746459,3.8098563998937607
35600.0,3.4438586346805096,3.606351800262928
35700.0,3.4257755503058434,3.7871144711971283
35800.0,3.461102858185768,3.860265649855137
35900.0,3.3937285132706165,3.722960166633129
36000.0,3.476766526699066,4.174206517636776
36100.0,3.4543851017951965,3.803131729364395
36200.0,3.3894901890307665,3.1697733886539936
36300.0,3.433963742107153,3.384915217757225
36400.0,3.4132612626999617,3.5128989443182945
36500.0,3.424043843522668,3.2995419576764107
36600.0,3.4265123680233955,3.507069945335388
36700.0,3.4495199862867594,3.9954670518636703
36800.0,3.4407547246664762,3.5682790726423264
36900.0,3.351613352075219,3.6225318163633347
37000.0,3.393783090636134,3.5676945000886917
37100.0,3.4526387229561806,3.478586860001087
37200.0,3.440567798912525,3.3447830751538277
37300.0,3.403095595538616,3.192462809383869
37400.0,3.4782357811927795,3.7011345103383064
37500.0,3.4548362512141466,4.281279593706131
37600.0,3.41669468767941,4.12758894264698
37700.0,3.434709031134844,3.582162670791149
37800.0,3.4828929603099823,3.472483791410923
37900.0,3.4625835064798594,3.8036543130874634
38000.0,3.451333748176694,3.655621036887169
38100.0,3.4385053124278784,3.612453043460846
38200.0,3.3974340427666903,3.3580871671438217
38300.0,3.425252728164196,5.14111552387476
38400.0,3.5134794153273106,3.8326717168092728
38500.0,3.457175809890032,3.5185159370303154
38600.0,3.4285203777253628,3.611762225627899
38700.0,3.4845523927360773,3.5661913454532623
38800.0,3.4058534167706966,3.8253378868103027
38900.0,3.4693699534982443,3.287782408297062
39000.0,3.3799291290342808,3.6841777712106705
39100.0,3.3972806464880705,3.999132551252842
39200.0,3.420958375558257,3.9355945214629173
39300.0,3.4249930772930384,3.6891164258122444
39400.0,3.4368175845593214,4.357728771865368
39500.0,3.407101359218359,3.7495381757616997
39600.0,3.4722559545189142,3.426799103617668
39700.0,3.40869277715683,3.754691034555435
39800.0,3.4398733098059893,3.5874437168240547
39900.0,3.4161757212132215,3.044013772159815
40000.0,3.394076678901911,3.9535999670624733
40100.0,3.4137314800173044,3.4390274807810783
40200.0,3.423440797254443,4.279838353395462
40300.0,3.413988970220089,4.21269278973341
40400.0,3.445970356464386,3.558850847184658
40500.0,3.430762253701687,3.551521822810173
40600.0,3.4223417211323977,3.796827122569084
40700.0,3.4769128151237965,3.435957208275795
40800.0,3.4445550870150328,3.8660190999507904
40900.0,3.4281654115766287,4.353008009493351
41000.0,3.437688246369362,4.5710766687989235
41100.0,3.400047516450286,3.610766679048538
41200.0,3.4438841715455055,4.281772039830685
41300.0,3.3760823011398315,3.9075351133942604
41400.0,3.3618059530854225,4.058297164738178
41500.0,3.465143943205476,3.8034041225910187
41600.0,3.376886824145913,3.939623087644577
41700.0,3.402817524969578,3.4807326272130013
41800.0,3.432707667350769,3.4554729238152504
41900.0,3.469857832416892,4.381205998361111
42000.0,3.424383781850338,3.6352024227380753
42100.0,3.418557394295931,3.827565088868141
42200.0,3.398806417360902,3.6613738909363747
42300.0,3.428813533857465,3.7656115368008614
42400.0,3.450064942240715,3.2539959251880646
42500.0,3.4391188491135836,3.912266045808792
42600.0,3.3893112763762474,3.9195727184414864
42700.0,3.419568609446287,4.099841378629208
42800.0,3.443250698968768,4.027223475277424
42900.0,3.409192968159914,3.3184513449668884
43000.0,3.3827646784484386,3.2964420132339
43100.0,3.4405907969921827,3.828643597662449
43200.0,3.451006717979908,3.756500631570816
43300.0,3.415605304762721,4.032109417021275
43400.0,3.4047355726361275,4.02047723531723
43500.0,3.3942344672977924,3.486766181886196
43600.0,3.380053674802184,4.154953435063362
43700.0,3.4270892031490803,3.791676200926304
43800.0,3.387960935011506,3.759022206068039
43900.0,3.4004300255328417,4.15947463363409
44000.0,3.3449022974818945,3.7171243503689766
44100.0,3.422160740941763,3.504195138812065
44200.0,3.389548573642969,3.57824195176363
44300.0,3.343569539487362,3.8419895619153976
44400.0,3.379421103745699,3.35631612688303
44500.0,3.4179410096257925,3.406524136662483
44600.0,3.4300735499709845,4.368134997785091
44700.0,3.422001449391246,3.8812944665551186
44800.0,3.3946075942367315,3.723311796784401
44900.0,3.4408341757953167,3.941056504845619
45000.0,3.3975527081638575,3.509472832083702
45100.0,3.4197131767868996,3.887097053229809
45200.0,3.4204778149724007,3.883325308561325
45300.0,3.395636783912778,4.374250136315823
45400.0,3.4358932953327894,3.7459105253219604
45500.0,3.397218097001314,3.447236977517605
45600.0,3.458349635824561,3.671863339841366
45700.0,3.3938887137919664,3.5953976958990097
45800.0,3.375937346369028,3.928303010761738
45900.0,3.384806403890252,3.5722478479146957
46000.0,3.3641776647418737,4.132390432059765
46100.0,3.3954509496688843,4.072899632155895
46200.0,3.456605188548565,3.6061561852693558
46300.0,3.36843684874475,4.509094096720219
46400.0,3.3908917382359505,3.8673587888479233
46500.0,3.4148546271026134,4.187735691666603
46600.0,3.3915958628058434,3.8441505655646324
46700.0,3.439526854082942,4.336399845778942
46800.0,3.4051353614777327,3.193035051226616
46900.0,3.374520031735301,3.9623426273465157
47000.0,3.415733141824603,3.44342865049839
47100.0,3.3457143139094114,4.052046947181225
47200.0,3.4345558136701584,3.721427097916603
47300.0,3.36631066724658,3.657508008182049
47400.0,3.3947094045579433,3.5573503002524376
47500.0,3.3443824648857117,3.713604509830475
47600.0,3.3416831009089947,3.628074824810028
47700.0,3.4616009555757046,3.599356934428215
47800.0,3.3772427290678024,3.4590429812669754
47900.0,3.4210306964814663,3.366177976131439
48000.0,3.3612548131495714,3.2249177247285843
48100.0,3.3618972077965736,3.197875674813986
48200.0,3.36545517668128,3.3793146535754204
48300.0,3.3396190218627453,3.617667518556118
48400.0,3.428345423191786,3.5587501153349876
48500.0,3.3521853610873222,3.978032171726227
48600.0,3.4076725896447897,3.5497289150953293
48700.0,3.426886849105358,3.7567710131406784
48800.0,3.3100497853010893,3.6320816352963448
48900.0,3.3972305078059435,3.4953248500823975
49000.0,3.3562467247247696,3.831039182841778
49100.0,3.344253843650222,3.867071755230427
49200.0,3.4069194067269564,3.6498336121439934
49300.0,3.3981963470578194,3.2694270461797714
49400.0,3.3644562363624573,3.7837861478328705
49500.0,3.3752912916243076,3.3946817740797997
49600.0,3.3156490344554186,3.79612997174263
49700.0,3.366621298715472,3.6835741996765137
49800.0,3.4011096209287643,3.2855864241719246
49900.0,3.436360901221633,3.568844385445118
50000.0,3.325522920116782,3.780459240078926
50100.0,3.389812558889389,3.441413715481758
50200.0,3.418167930096388,4.152807630598545
50300.0,3.3376902919262648,3.799392692744732
50400.0,3.3358541801571846,3.266881350427866
50500.0,3.3850523829460144,3.744486980140209
50600.0,3.3840994834899902,3.7795622646808624
50700.0,3.400339748710394,3.7010979652404785
50800.0,3.3786069843918085,3.759266957640648
50900.0,3.3897323813289404,3.9008790254592896
51000.0,3.3896175120025873,3.805975802242756
51100.0,3.383118523284793,3.812893107533455
51200.0,3.3661564737558365,4.183284230530262
51300.0,3.3453481886535883,4.073136895895004
51400.0,3.4002201966941357,3.681498020887375
51500.0,3.378855846822262,3.160518929362297
51600.0,3.393468528985977,3.489609733223915
51700.0,3.362429326400161,3.485977277159691
51800.0,3.363027412444353,3.7330101430416107
51900.0,3.390986267477274,3.7362628430128098
52000.0,3.382205780595541,3.571776822209358
52100.0,3.4124773237854242,3.9269039407372475
52200.0,3.368314875289798,3.983345106244087
52300.0,3.3994517996907234,3.3520791679620743
52400.0,3.3621693067252636,3.7082350999116898
52500.0,3.3608833458274603,3.3024639263749123
52600.0,3.3810799214988947,4.401565678417683
52700.0,3.3641175366938114,3.9343728870153427
52800.0,3.4276947118341923,3.7378858402371407
52900.0,3.4054833743721247,3.504667207598686
53000.0,3.3735412061214447,3.299177810549736
53100.0,3.4395720809698105,4.035076946020126
53200.0,3.3989373296499252,3.753712587058544
53300.0,3.365959767252207,3.6349502578377724
53400.0,3.36627752520144,4.040055051445961
53500.0,3.3843026608228683,3.924283944070339
53600.0,3.348954541608691,4.180515557527542
53700.0,3.342566277831793,3.988148383796215
53800.0,3.3553826082497835,3.2957811281085014
53900.0,3.4314780458807945,3.5044993460178375
54000.0,3.4165474344044924,3.4239186346530914
54100.0,3.3972750436514616,4.059253558516502
54200.0,3.3547853641211987,3.4374067932367325
54300.0,3.3720649108290672,4.095534458756447
54400.0,3.3435927107930183,3.4279174357652664
54500.0,3.395451597869396,3.407658264040947
54600.0,3.3457007985562086,3.69410403072834
54700.0,3.38171493075788,4.361099228262901
54800.0,3.308780502527952,4.082540683448315
54900.0,3.3341316115111113,3.4112200513482094
55000.0,3.3413221668452024,3.767234869301319
55100.0,3.3806056082248688,3.7458503246307373
55200.0,3.355365486815572,3.1795984879136086
55300.0,3.3191677629947662,3.73170118778944
55400.0,3.4054718632251024,3.6852997541427612
55500.0,3.3540304824709892,3.665376268327236
55600.0,3.340905310586095,4.090511836111546
55700.0,3.3466436732560396,3.4952183440327644
55800.0,3.3786941077560186,3.9909975603222847
55900.0,3.380203565582633,3.739745505154133
56000.0,3.3617904242128134,3.569137677550316
56100.0,3.3409333173185587,3.8432780280709267
56200.0,3.317073527723551,4.041764065623283
56300.0,3.3667001724243164,4.091192409396172
56400.0,3.3971497360616922,3.5784809663891792
56500.0,3.389347856864333,3.7629328668117523
56600.0,3.3290298711508512,3.929448314011097
56700.0,3.342932991683483,4.263195618987083
56800.0,3.3595314007252455,4.256589636206627
56900.0,3.3334546871483326,3.746519237756729
57000.0,3.342151414602995,4.0747663006186485
57100.0,3.333031849935651,3.6654047295451164
57200.0,3.4157202187925577,4.239402674138546
57300.0,3.3861732110381126,3.877507857978344
57400.0,3.3737749084830284,4.240511655807495
57500.0,3.338900838047266,3.432861976325512
57600.0,3.374715657904744,4.105645082890987
57700.0,3.3581449389457703,3.677707239985466
57800.0,3.343734208494425,3.900313265621662
57900.0,3.3748109322041273,3.702245317399502
58000.0,3.3109039403498173,3.800903595983982
58100.0,3.3685630559921265,4.242853559553623
58200.0,3.37645704112947,3.7551074102520943
58300.0,3.3454761784523726,4.118757992982864
58400.0,3.3572127781808376,3.4020118042826653
58500.0,3.3701320830732584,4.432890303432941
58600.0,3.36477542296052,3.693445511162281
58700.0,3.2818658649921417,3.4196488931775093
58800.0,3.324035255238414,3.624441549181938
58900.0,3.3591703176498413,3.3833105489611626
59000.0,3.3531655073165894,3.835887275636196
59100.0,3.381245506927371,4.1471027210354805
59200.0,3.308426694944501,4.12408459931612
59300.0,3.3713310807943344,3.6841261759400368
59400.0,3.36334116384387,4.020144604146481
59500.0,3.3103154376149178,3.847883902490139
59600.0,3.375270599499345,3.8592562451958656
59700.0,3.301866728812456,3.7379349395632744
59800.0,3.4326900597661734,4.142715968191624
59900.0,3.350701965391636,3.862272948026657
60000.0,3.3553619012236595,3.880654349923134
60100.0,3.3856974616646767,4.077074788510799
60200.0,3.358884619548917,3.911759629845619
60300.0,3.3867306895554066,4.197137616574764
60400.0,3.328804899007082,3.542700745165348
60500.0,3.3520858585834503,4.3346284329891205
60600.0,3.3516389094293118,4.196535758674145
60700.0,3.3020680844783783,4.084559604525566
60800.0,3.31531198322773,4.120378494262695
60900.0,3.3464470990002155,3.344172351062298
61000.0,3.358897464349866,3.6935175210237503
61100.0,3.320313649252057,3.8711582869291306
61200.0,3.3302003648132086,3.6336926743388176
61300.0,3.3541245236992836,3.638930805027485
61400.0,3.3723670430481434,3.4515247121453285
61500.0,3.371618138626218,3.5452165454626083
61600.0,3.3739983439445496,3.5801195725798607
61700.0,3.30748126283288,3.674926906824112
61800.0,3.388569314032793,4.040042199194431
61900.0,3.3271976113319397,3.664950951933861
62000.0,3.3430709317326546,4.152500443160534
62100.0,3.3668602760881186,3.5052642598748207
62200.0,3.3418807853013277,3.5210980102419853
62300.0,3.371951697394252,3.9796607196331024
62400.0,3.3897683899849653,3.202993832528591
62500.0,3.359355289489031,3.854075074195862
62600.0,3.372961478307843,3.5134898498654366
62700.0,3.3515854105353355,3.838120624423027
62800.0,3.3446020036935806,3.733266070485115
62900.0,3.2854490242898464,4.240826107561588
63000.0,3.3843282144516706,4.188426472246647
63100.0,3.340254120528698,4.210811369121075
63200.0,3.2740436512976885,3.86000569909811
63300.0,3.3231105525046587,3.377732038497925
63400.0,3.396535538136959,3.3989353105425835
63500.0,3.2846964728087187,3.601524569094181
63600.0,3.3511314783245325,3.746611773967743
63700.0,3.3517148047685623,4.341135211288929
63800.0,3.337755946442485,4.101004712283611
63900.0,3.3580182306468487,3.656032904982567
64000.0,3.3461357578635216,3.6126143857836723
64100.0,3.377029763534665,3.3590371906757355
64200.0,3.3457331527024508,3.9510318636894226
64300.0,3.307550348341465,4.678081758320332
64400.0,3.3240780010819435,4.417550079524517
64500.0,3.376554984599352,3.934490717947483
64600.0,3.3659261520951986,4.410724453628063
64700.0,3.437086470425129,4.369639866054058
64800.0,3.3541920073330402,4.171169251203537
64900.0,3.34765144623816,4.138985276222229
65000.0,3.307419268414378,3.915225751698017
65100.0,3.3079410325735807,3.670896664261818
65200.0,3.36893829703331,3.859950192272663
65300.0,3.324727239087224,3.6512375622987747
65400.0,3.3310697209089994,4.5827652886509895
65500.0,3.3139731846749783,3.709944635629654
65600.0,3.327891118824482,4.563563950359821
65700.0,3.3758978340774775,4.399334862828255
65800.0,3.347194531932473,4.031557701528072
65900.0,3.2953848894685507,4.041988626122475
66000.0,3.291864790022373,3.7864697352051735
66100.0,3.320654461160302,3.6382436752319336
66200.0,3.330614972859621,3.991534411907196
66300.0,3.3200452495366335,3.5132351145148277
66400.0,3.297746893018484,3.553038276731968
66500.0,3.3555455431342125,4.818079136312008
66600.0,3.3450754955410957,3.8759739696979523
66700.0,3.3278208412230015,3.858315795660019
66800.0,3.2844524905085564,3.9452629536390305
66900.0,3.327749425545335,3.731766492128372
67000.0,3.355265114456415,4.3995387479662895
67100.0,3.333471603691578,4.490319453179836
67200.0,3.2975591998547316,4.447949938476086
67300.0,3.3769328985363245,3.5643865168094635
67400.0,3.333027422428131,3.747088834643364
67500.0,3.3731041848659515,4.316139817237854
67600.0,3.317767072468996,4.033794887363911
67700.0,3.3628462664783,3.826025240123272
67800.0,3.3841656781733036,3.7482724711298943
67900.0,3.2662102170288563,3.417956754565239
68000.0,3.336861504241824,3.4565244242548943
68100.0,3.325664358213544,3.906141370534897
68200.0,3.3184783961623907,3.402016870677471
68300.0,3.3974732290953398,4.320642948150635
68400.0,3.3017864618450403,4.491490386426449
68500.0,3.382514538243413,3.8662324100732803
68600.0,3.3559387549757957,3.883126936852932
68700.0,3.3306335620582104,4.01274424046278
68800.0,3.3014240879565477,3.4467780962586403
68900.0,3.3595086727291346,4.132702797651291
69000.0,3.3376429472118616,3.6064463108778
69100.0,3.316080402582884,4.032076336443424
69200.0,3.3187490068376064,3.8727974891662598
69300.0,3.346595223993063,4.221022762358189
69400.0,3.3356194850057364,3.618897870182991
69500.0,3.381888546049595,4.193124547600746
69600.0,3.302247282117605,3.975273072719574
69700.0,3.331269033253193,4.380092620849609
69800.0,3.33883093111217,3.7463991343975067
69900.0,3.3404055926948786,3.57985470443964
70000.0,3.317726617679,4.204800836741924
70100.0,3.41017640568316,3.752143830060959
70200.0,3.2816373500972986,3.85553989559412
70300.0,3.2820602487772703,4.007581025362015
70400.0,3.3139593079686165,3.7701059132814407
70500.0,3.301095796748996,4.168460555374622
70600.0,3.3238834980875254,4.236153922975063
70700.0,3.3298569414764643,3.8365300744771957
70800.0,3.348803164437413,4.868797287344933
70900.0,3.3531326297670603,3.6492252722382545
71000.0,3.3335279766470194,3.49143173545599
71100.0,3.326956771314144,3.730100989341736
71200.0,3.330990022048354,4.170839376747608
71300.0,3.3820707369595766,3.5577592998743057
71400.0,3.357647366821766,3.8581644371151924
71500.0,3.3404387645423412,3.4778092056512833
71600.0,3.3189775738865137,3.3795713633298874
71700.0,3.3823773451149464,3.735700100660324
71800.0,3.3664849251508713,3.889136090874672
71900.0,3.3429415617138147,3.7631844356656075
72000.0,3.3366800509393215,3.7876738607883453
72100.0,3.3617445286363363,3.447202257812023
72200.0,3.3021655827760696,3.926119916141033
72300.0,3.2669533155858517,3.840603232383728
72400.0,3.3076168056577444,3.96314799785614
72500.0,3.340158935636282,3.9741025492548943
72600.0,3.317373963072896,3.7333476170897484
72700.0,3.345546940341592,4.373167119920254
72800.0,3.4153889790177345,4.206516109406948
72900.0,3.339624874293804,3.4860462322831154
73000.0,3.341030016541481,3.60554039478302
73100.0,3.309245800599456,3.838178999722004
73200.0,3.360717637464404,3.7575381621718407
73300.0,3.353102147579193,3.8891950994729996
73400.0,3.3061178121715784,4.345691315829754
73500.0,3.2853882033377886,3.4513995423913
73600.0,3.2915874011814594,4.207994192838669
73700.0,3.301086189225316,3.8933750614523888
73800.0,3.3326669596135616,3.8050759583711624
73900.0,3.334768872708082,3.737395629286766
74000.0,3.3497616946697235,3.919871263206005
74100.0,3.346249056980014,4.012559540569782
74200.0,3.3186045084148645,3.7297572940587997
74300.0,3.34633562900126,3.5802000015974045
74400.0,3.3821407463401556,3.724411316215992
74500.0,3.3007323667407036,3.6242541670799255
74600.0,3.3852068539708853,3.858626075088978
74700.0,3.304561100900173,4.46977149695158
74800.0,3.298887323588133,4.312429428100586
74900.0,3.289935402572155,4.039259701967239
75000.0,3.306547611951828,3.860005997121334
75100.0,3.304122619330883,3.4761691465973854
75200.0,3.284959863871336,4.085245877504349
75300.0,3.2664156313985586,3.3340978622436523
75400.0,3.2459062561392784,3.9430196210741997
75500.0,3.29598774574697,4.081261195242405
75600.0,3.2616081796586514,4.047130793333054
75700.0,3.3700606506317854,4.071618616580963
75800.0,3.244628705084324,3.713149093091488
75900.0,3.372833175584674,4.413218088448048
76000.0,3.310139050707221,3.5788502916693687
76100.0,3.2675503492355347,3.823324516415596
76200.0,3.297219656407833,3.663751892745495
76300.0,3.3493897933512926,3.3746959269046783
76400.0,3.326225236058235,3.6741389334201813
76500.0,3.3029424641281366,3.505677469074726
76600.0,3.3056864589452744,3.1499440036714077
76700.0,3.343620343133807,5.2878159284591675
76800.0,3.277660422027111,3.903210051357746
76900.0,3.342677753418684,3.9293474704027176
77000.0,3.297158295288682,4.163018241524696
77100.0,3.265421535819769,3.6093061417341232
77200.0,3.344334952533245,3.9096448943018913
77300.0,3.2809025179594755,3.5031362250447273
77400.0,3.272206215187907,3.6615602299571037
77500.0,3.3323035538196564,3.5428404062986374
77600.0,3.341816419735551,3.9076076075434685
77700.0,3.34447050280869,3.7210066616535187
77800.0,3.31064810231328,4.059598185122013
77900.0,3.3058012649416924,3.754294589161873
78000.0,3.2766649574041367,3.820171318948269
78100.0,3.3743528220802546,3.8944775983691216
78200.0,3.311017520725727,4.367447905242443
78300.0,3.295808132737875,3.8629217073321342
78400.0,3.280629960820079,3.738187961280346
78500.0,3.3347387723624706,4.55786257982254
78600.0,3.2891768533736467,3.962523005902767
78700.0,3.34393391944468,3.7703969329595566
78800.0,3.2911420091986656,3.6092104017734528
78900.0,3.371003272011876,3.759392276406288
79000.0,3.3127902932465076,3.6988576129078865
79100.0,3.3228969369083643,3.6107533797621727
79200.0,3.3441068325191736,4.111655317246914
79300.0,3.2537221666425467,3.4254637360572815
79400.0,3.281769113615155,3.4509389102458954
79500.0,3.3175834249705076,3.9350388199090958
79600.0,3.2823570501059294,4.830143600702286
79700.0,3.305356226861477,3.538302779197693
79800.0,3.2853776272386312,4.132287912070751
79900.0,3.310530688613653,3.386910744011402
80000.0,3.2807513773441315,3.9644790440797806
80100.0,3.270916225388646,3.5754936933517456
80200.0,3.3136473279446363,3.85165024548769
80300.0,3.3235540073364973,4.022535011172295
80400.0,3.2295716386288404,4.031758531928062
80500.0,3.2926545534282923,4.136510826647282
80600.0,3.282346125692129,3.909435383975506
80700.0,3.317936135455966,3.673117347061634
80800.0,3.2753903046250343,3.6947673931717873
80900.0,3.29676509834826,3.739503398537636
81000.0,3.2614050544798374,4.123804420232773
81100.0,3.324985858052969,3.6858270689845085
81200.0,3.246686164289713,4.093651734292507
81300.0,3.2849599309265614,3.6837033927440643
81400.0,3.3390727173537016,3.273364380002022
81500.0,3.393651805818081,4.362875521183014
81600.0,3.3306966349482536,4.046451337635517
81700.0,3.2861069068312645,3.7253162637352943
81800.0,3.320855461061001,4.143087416887283
81900.0,3.276740785688162,4.265644960105419
82000.0,3.3414699640125036,3.967653140425682
82100.0,3.258139483630657,4.248205348849297
82200.0,3.310170752927661,4.1787101700901985
82300.0,3.350941462442279,3.449130244553089
82400.0,3.2972595784813166,3.4770720452070236
82500.0,3.287842094898224,3.5088974237442017
82600.0,3.359882792457938,4.3445683270692825
82700.0,3.2710694540292025,3.3319739997386932
82800.0,3.321772199124098,3.6184628680348396
82900.0,3.3084843661636114,3.1360676884651184
83000.0,3.2729226015508175,3.7702905386686325
83100.0,3.2876482661813498,3.663713000714779
83200.0,3.2881645504385233,3.394959233701229
83300.0,3.3502734638750553,4.063085354864597
83400.0,3.331860840320587,3.99789959192276
83500.0,3.294881207868457,3.9905033633112907
83600.0,3.2657503448426723,3.92114020884037
83700.0,3.3003410547971725,3.9336053654551506
83800.0,3.305524744093418,4.105350226163864
83900.0,3.2600898314267397,3.5094811394810677
84000.0,3.353099137544632,3.4139802306890488
84100.0,3.3248157761991024,3.7960845604538918
84200.0,3.341771701350808,4.229762367904186
84300.0,3.284708658233285,3.7478436529636383
84400.0,3.310963114723563,3.4995773434638977
84500.0,3.321358723565936,4.6150146424770355
84600.0,3.3223420083522797,3.973495736718178
84700.0,3.252316975966096,3.408806249499321
84800.0,3.295818965882063,3.648449368774891
84900.0,3.2944806795567274,3.7682315707206726
85000.0,3.248669857159257,4.264869540929794
85100.0,3.297965157777071,3.5020985081791878
85200.0,3.394249800592661,3.4850753098726273
85300.0,3.2980389837175608,3.792063631117344
85400.0,3.2391617856919765,4.933044835925102
85500.0,3.281396711245179,3.893291763961315
85600.0,3.305526614189148,3.998264968395233
85700.0,3.3017407674342394,4.008369706571102
85800.0,3.283433234319091,4.471484869718552
85900.0,3.2201173026114702,4.26012359559536
86000.0,3.26175737939775,3.5177956894040108
86100.0,3.3025619331747293,3.904828615486622
86200.0,3.293919801712036,4.060507491230965
86300.0,3.241586461663246,3.7199819087982178
86400.0,3.316887041553855,3.9099420979619026
86500.0,3.3236865680664778,3.8347607851028442
86600.0,3.3085188549011946,3.7281423062086105
86700.0,3.310805620625615,3.5909759998321533
86800.0,3.2806341126561165,3.515423946082592
86900.0,3.2717382181435823,4.161540977656841
87000.0,3.2922620065510273,4.201460666954517
87100.0,3.270634852349758,4.2558429017663
87200.0,3.293268656358123,3.874048925936222
87300.0,3.297095812857151,3.982691951096058
87400.0,3.2859735265374184,3.375064544379711
87500.0,3.312644625082612,3.6678585782647133
87600.0,3.270117061212659,4.057790115475655
87700.0,3.249472113326192,3.4549495205283165
87800.0,3.2668645661324263,3.705541342496872
87900.0,3.2541520297527313,3.890659026801586
88000.0,3.3215045146644115,3.6148321256041527
88100.0,3.2684641908854246,4.485595673322678
88200.0,3.2669064700603485,3.19939436390996
88300.0,3.30565850995481,4.03226874768734
88400.0,3.2611002922058105,4.3740494549274445
88500.0,3.261227725073695,3.826235421001911
88600.0,3.2987481970340014,3.5864144563674927
88700.0,3.2623993773013353,4.092760011553764
88800.0,3.2628857139497995,4.675789847970009
88900.0,3.278939303010702,3.7332138419151306
89000.0,3.3211890645325184,3.6706775426864624
89100.0,3.2498363871127367,4.007015116512775
89200.0,3.310101656243205,3.98855734616518
89300.0,3.323525410145521,4.100316874682903
89400.0,3.253934044390917,3.5343605652451515
89500.0,3.2626906242221594,3.6927947402000427
89600.0,3.2720793541520834,4.387512542307377
89700.0,3.260697493329644,4.328530505299568
89800.0,3.3142052944749594,4.338359162211418
89900.0,3.255442578345537,3.564153201878071
90000.0,3.3064185734838247,3.7981433421373367
90100.0,3.2858401108533144,3.9044183865189552
90200.0,3.257859356701374,4.102590456604958
90300.0,3.281813569366932,4.258131310343742
90400.0,3.267216369509697,3.829505033791065
90500.0,3.3661859836429358,3.8070224970579147
90600.0,3.320836776867509,3.5979055613279343
90700.0,3.3487883042544127,4.305637441575527
90800.0,3.246361695230007,3.56656014919281
90900.0,3.294899083673954,3.398844115436077
91000.0,3.265270058065653,4.407963454723358
91100.0,3.353046666830778,3.9504122361540794
91200.0,3.253036404028535,3.1429884023964405
91300.0,3.294314781203866,4.031283333897591
91400.0,3.3007484450936317,3.9734121412038803
91500.0,3.3308744747191668,3.601635619997978
91600.0,3.2653242349624634,4.202083945274353
91700.0,3.309783549979329,3.874664157629013
91800.0,3.2103209886699915,4.153207018971443
91900.0,3.254123967140913,4.420823082327843
92000.0,3.25273709371686,4.000906981527805
92100.0,3.269946936517954,4.881049618124962
92200.0,3.3027715869247913,3.7607504054903984
92300.0,3.2839730959385633,4.100273437798023
92400.0,3.3318856600672007,3.85930810123682
92500.0,3.3320312462747097,3.2151335291564465
92600.0,3.277587167918682,4.115547314286232
92700.0,3.24057025834918,4.233628921210766
92800.0,3.2257443964481354,4.78976521641016
92900.0,3.2567088324576616,3.6366770789027214
93000.0,3.28624084033072,4.295962676405907
93100.0,3.2734324671328068,4.064976871013641
93200.0,3.336616350337863,4.719719924032688
93300.0,3.3115775734186172,3.832740858197212
93400.0,3.3259446658194065,3.926672115921974
93500.0,3.2546673994511366,4.3592216446995735
93600.0,3.2647546995431185,4.203931204974651
93700.0,3.2791296988725662,4.0614184364676476
93800.0,3.323804458603263,4.257465861737728
93900.0,3.261789672076702,3.639478087425232
94000.0,3.279067551717162,3.8201913982629776
94100.0,3.327107833698392,3.7710310518741608
94200.0,3.305716836825013,3.976738229393959
94300.0,3.3095547538250685,3.5665304958820343
94400.0,3.286550283432007,3.8712022826075554
94500.0,3.2400565557181835,3.834957145154476
94600.0,3.2901470381766558,3.6632446199655533
94700.0,3.3314164392650127,4.502566233277321
94800.0,3.316475870087743,3.668116070330143
94900.0,3.2881658785045147,3.6786646395921707
95000.0,3.247736467048526,3.8426339253783226
95100.0,3.298574060201645,3.8104837387800217
95200.0,3.2510821130126715,3.4230464696884155
95300.0,3.3150755409151316,4.336817115545273
95400.0,3.3235218841582537,3.769627958536148
95500.0,3.332973016425967,3.589855805039406
95600.0,3.209682449698448,4.219530522823334
95700.0,3.2708488684147596,4.087328016757965
95800.0,3.3068395350128412,3.8505209237337112
95900.0,3.302642095834017,4.310921207070351
96000.0,3.2514591198414564,3.6549225822091103
96100.0,3.2922695968300104,3.7500087916851044
96200.0,3.3008834104985,3.649328164756298
96300.0,3.2132297437638044,3.4622710943222046
96400.0,3.3194490280002356,3.7622909620404243
96500.0,3.2656717970967293,4.1890692338347435
96600.0,3.3053556382656097,3.409503251314163
96700.0,3.2693223152309656,3.712231367826462
96800.0,3.247516717761755,4.093208312988281
96900.0,3.2702253833413124,3.679731860756874
97000.0,3.257943596690893,3.497219607234001
97100.0,3.3083103392273188,3.834705390036106
97200.0,3.327705252915621,4.6936966478824615
97300.0,3.281526029109955,3.919058181345463
97400.0,3.3173271995037794,4.850090332329273
97500.0,3.2872277591377497,3.794872835278511
97600.0,3.2392611503601074,4.218120239675045
97700.0,3.3207600470632315,3.2613261602818966
97800.0,3.3029738925397396,4.073465205729008
97900.0,3.3323097471147776,4.453946985304356
98000.0,3.2948591466993093,4.250808916985989
98100.0,3.2496900856494904,3.5964809358119965
98200.0,3.2356998827308416,3.957112170755863
98300.0,3.2976207435131073,3.5670755431056023
98400.0,3.243235595524311,3.918948844075203
98500.0,3.3278598561882973,3.6708728969097137
98600.0,3.269232304766774,3.7220633774995804
98700.0,3.3238809555768967,3.973088599741459
98800.0,3.250526251271367,4.357851780951023
98900.0,3.294046873226762,3.808894418179989
99000.0,3.2903113327920437,4.378909654915333
99100.0,3.3064999524503946,4.114159941673279
99200.0,3.24327708594501,3.878728374838829
99300.0,3.2618691977113485,3.7615714594721794
99400.0,3.2831632252782583,4.111167527735233
99500.0,3.3020289335399866,4.318604990839958
99600.0,3.29276411421597,3.7978750839829445
99700.0,3.3227257914841175,3.9336592331528664
99800.0,3.256479637697339,4.2723847180604935
99900.0,3.241825234144926,3.8901156932115555
100000.0,3.245344737544656,4.128432422876358
100100.0,3.271633932366967,4.438425004482269
100200.0,3.261692564934492,3.8152627646923065
100300.0,3.299198782071471,3.9612404257059097
100400.0,3.2712902147322893,4.265636242926121
100500.0,3.274456337094307,4.237734749913216
100600.0,3.207830522209406,4.2945995554327965
100700.0,3.23912937566638,3.582531251013279
100800.0,3.2732425332069397,4.006607122719288
100900.0,3.292646961286664,4.315338879823685
101000.0,3.282060479745269,3.898346908390522
101100.0,3.27427195943892,4.8872193694114685
101200.0,3.227363320067525,3.955472931265831
101300.0,3.28797173127532,4.108272194862366
101400.0,3.243310345336795,3.9606964960694313
101500.0,3.235119042918086,3.899911381304264
101600.0,3.2820989303290844,3.9754026010632515
101700.0,3.2154704332351685,4.087049588561058
101800.0,3.2381171956658363,3.877285458147526
101900.0,3.265580816194415,3.8892927020788193
102000.0,3.244108187034726,3.6740439012646675
102100.0,3.290470488369465,3.788076601922512
102200.0,3.360635247081518,4.175819233059883
102300.0,3.269628580659628,4.183969162404537
102400.0,3.239534579217434,3.5881882160902023
102500.0,3.284340273588896,3.71204175055027
102600.0,3.306993518024683,4.107732214033604
102700.0,3.2418920304626226,4.464430883526802
102800.0,3.3062841668725014,4.329779073596001
102900.0,3.285042556002736,3.7250398844480515
103000.0,3.2805283572524786,3.772387020289898
103100.0,3.267021281644702,3.7692559882998466
103200.0,3.2678235843777657,3.9973048865795135
103300.0,3.2308162562549114,4.313193596899509
103400.0,3.235327420756221,3.64292461425066
103500.0,3.2945967130362988,4.905400350689888
103600.0,3.300504958257079,3.8412025198340416
103700.0,3.266245611011982,3.8834574073553085
103800.0,3.2265289034694433,3.856869153678417
103900.0,3.253858633339405,4.093041568994522
104000.0,3.2669822461903095,3.6144882068037987
104100.0,3.2139323465526104,4.0486107394099236
104200.0,3.2543654292821884,3.498774990439415
104300.0,3.2714188005775213,3.8119440153241158
104400.0,3.258036309853196,3.9105845987796783
104500.0,3.244784804061055,3.8573718443512917
104600.0,3.281019851565361,3.15127732232213
104700.0,3.2309772707521915,3.6591193452477455
104800.0,3.263552790507674,3.6980263888835907
104900.0,3.2921501733362675,4.490348249673843
105000.0,3.324856733903289,3.711046800017357
105100.0,3.264263676479459,3.811741881072521
105200.0,3.29201833717525,4.026538543403149
105300.0,3.2570137940347195,3.833513781428337
105400.0,3.2795187328010798,3.704027980566025
105500.0,3.2387142926454544,3.593178279697895
105600.0,3.287957888096571,4.3301451578736305
105700.0,3.233456449583173,3.5104742646217346
105800.0,3.228902392089367,4.502074420452118
105900.0,3.277093417942524,4.314093068242073
106000.0,3.2496754117310047,3.7459812313318253
106100.0,3.3161098808050156,4.17871605604887
106200.0,3.2406134232878685,4.345714524388313
106300.0,3.2680937983095646,4.149425625801086
106400.0,3.2988170217722654,4.044356644153595
106500.0,3.1925342958420515,3.549373783171177
106600.0,3.2315217833966017,4.012828879058361
106700.0,3.2313265576958656,3.928130529820919
106800.0,3.2158615719527006,4.064067751169205
106900.0,3.243176633492112,3.7327890843153
107000.0,3.239663103595376,3.7297168374061584
107100.0,3.251418063417077,3.503596931695938
107200.0,3.2457277812063694,4.446616806089878
107300.0,3.2598108667880297,4.271040670573711
107400.0,3.274757258594036,4.751721136271954
107500.0,3.284870132803917,3.5360904037952423
107600.0,3.248453663662076,3.8116444647312164
107700.0,3.2401463221758604,3.7889545038342476
107800.0,3.2200106121599674,3.5138044878840446
107900.0,3.2913824189454317,4.455999843776226
108000.0,3.2290129736065865,4.340532943606377
108100.0,3.2094992641359568,3.7981481477618217
108200.0,3.207361161708832,4.003053195774555
108300.0,3.229142127558589,3.828663155436516
108400.0,3.26800175383687,3.7221483513712883
108500.0,3.2708710972219706,3.535153903067112
108600.0,3.2426641806960106,4.2527493461966515
108700.0,3.2040528152137995,4.130351804196835
108800.0,3.224407894536853,4.368258826434612
108900.0,3.2874555326998234,3.800274394452572
109000.0,3.2694448977708817,3.2358001731336117
109100.0,3.2907053399831057,3.967749886214733
109200.0,3.255160568282008,3.5314468666911125
109300.0,3.2453979291021824,3.871162123978138
109400.0,3.3089717011898756,3.2840850204229355
109500.0,3.219839923083782,3.5346708819270134
109600.0,3.2723634615540504,3.802786096930504
109700.0,3.2341265752911568,3.303452394902706
109800.0,3.2334510516375303,3.865657113492489
109900.0,3.2293816581368446,4.2259978130459785
110000.0,3.2685342114418745,3.9160507544875145
110100.0,3.238644454628229,4.293758794665337
110200.0,3.2688843104988337,4.1403985396027565
110300.0,3.246165633201599,4.076540693640709
110400.0,3.305147821083665,3.9636173471808434
110500.0,3.2666762806475163,4.195981360971928
110600.0,3.2304089907556772,3.843999281525612
110700.0,3.2075560316443443,3.889785446226597
110800.0,3.269495666027069,3.8370750844478607
110900.0,3.262580821290612,3.5359297692775726
111000.0,3.281849268823862,3.4545444324612617
111100.0,3.256193084642291,4.294502176344395
111200.0,3.2599285151809454,3.8062261044979095
111300.0,3.2638631779700518,3.989310637116432
111400.0,3.264810647815466,3.8624662160873413
111500.0,3.2211655601859093,3.3750253170728683
111600.0,3.2530342545360327,5.110469534993172
111700.0,3.228390282019973,3.9342914149165154
111800.0,3.2243346236646175,4.486279785633087
111900.0,3.2589533030986786,4.011685475707054
112000.0,3.2251409869641066,5.018224380910397
112100.0,3.199784556403756,4.0858616679906845
112200.0,3.2908431198447943,3.94586518406868
112300.0,3.240569083020091,4.01534017175436
112400.0,3.2343311682343483,3.9340314269065857
112500.0,3.2685928773134947,3.305373527109623
112600.0,3.289775110781193,3.969871997833252
112700.0,3.2237252723425627,3.9192181453108788
112800.0,3.21014516428113,3.7717916816473007
112900.0,3.1995839625597,3.7443964928388596
113000.0,3.2187507785856724,3.9211196079850197
113100.0,3.2562372349202633,3.847751207649708
113200.0,3.2456278540194035,3.7814369052648544
113300.0,3.312060095369816,3.9355161041021347
113400.0,3.2788845654577017,3.6269953474402428
113500.0,3.2622850742191076,3.825804628431797
113600.0,3.258504219353199,4.227151684463024
113700.0,3.253759305924177,4.284068904817104
113800.0,3.2262254264205694,4.551439210772514
113900.0,3.261633727699518,4.0610261633992195
114000.0,3.2304771412163973,4.104730188846588
114100.0,3.267950903624296,4.7187065333127975
114200.0,3.1958244517445564,3.7339050695300102
114300.0,3.286528814584017,4.1725168004632
114400.0,3.249772636219859,4.3683309108018875
114500.0,3.236086316406727,4.001401327550411
114600.0,3.213253015652299,4.061995781958103
114700.0,3.221892422065139,4.276850447058678
114800.0,3.24366744607687,4.08214520663023
114900.0,3.268866203725338,4.041114374995232
115000.0,3.320186546072364,3.995884619653225
115100.0,3.230988509953022,4.389169402420521
115200.0,3.210277445614338,4.530281722545624
115300.0,3.225832249969244,3.737233579158783
115400.0,3.295170357450843,3.8171564042568207
115500.0,3.236482098698616,3.6491525173187256
115600.0,3.2163015324622393,3.9308560639619827
115700.0,3.202283401042223,4.292099513113499
115800.0,3.231373595073819,3.783862665295601
115900.0,3.2569652311503887,3.4057661704719067
116000.0,3.216808373108506,4.3380264937877655
116100.0,3.203729687258601,4.240353554487228
116200.0,3.2886068765074015,4.050522036850452
116300.0,3.218163190409541,3.6560510471463203
116400.0,3.275016650557518,3.6905591189861298
116500.0,3.223628956824541,3.7069950997829437
116600.0,3.250571370124817,4.4713931903243065
116700.0,3.2530062329024076,4.223741069436073
116800.0,3.253613255918026,3.7940914183855057
116900.0,3.260250259190798,4.0362125262618065
117000.0,3.2381017822772264,3.90566386282444
117100.0,3.2077529691159725,4.034588858485222
117200.0,3.2335772067308426,3.816792070865631
117300.0,3.217395944520831,4.244976378977299
117400.0,3.2035324685275555,3.969726748764515
117500.0,3.2776935398578644,3.763594664633274
117600.0,3.1814889814704657,3.9218519255518913
117700.0,3.2232482247054577,3.803505040705204
117800.0,3.2641026377677917,4.419531226158142
117900.0,3.240878615528345,4.720308370888233
118000.0,3.2495755031704903,3.95452830940485
118100.0,3.2293947003781796,4.048089496791363
118200.0,3.198318602517247,4.445750527083874
118300.0,3.2095509693026543,3.946586735546589
118400.0,3.2130777295678854,3.7882283702492714
118500.0,3.2617085222154856,4.583877697587013
118600.0,3.2246783152222633,4.743841849267483
118700.0,3.2503619752824306,3.763159140944481
118800.0,3.2271860875189304,3.5578620433807373
118900.0,3.217472041025758,4.444957487285137
119000.0,3.2451107054948807,4.1501254215836525
119100.0,3.2866919189691544,3.969888649880886
119200.0,3.2603162489831448,3.773275837302208
119300.0,3.188149943947792,3.693026676774025
119400.0,3.218293931335211,3.8956627622246742
119500.0,3.2269166503101587,3.2848838716745377
119600.0,3.215091409161687,4.378557242453098
119700.0,3.249426694586873,4.439108073711395
119800.0,3.268660105764866,4.341633133590221
119900.0,3.2442878168076277,3.509608320891857
