Gene A,Gene B,Label,Score,Precision,Recall,False Positive Rate
YBR080C,YOL049W,0,1.9678173,0.0,0.0,0.00010002000635722652
YMR092C,YJR125C,0,1.6403172,0.0,0.0,0.00020004001271445304
YOL082W,YOR299W,0,1.5760295,0.0,0.0,0.0003000600263476372
YMR004W,YOR132W,1,1.4138358,0.25,0.0009980039903894067,0.0003000600263476372
YGR223C,YER008C,1,1.4098133,0.4000000059604645,0.0019960079807788134,0.0003000600263476372
YCR002C,YGR037C,1,1.3973463,0.5,0.002994012087583542,0.0003000600263476372
YPR127W,YFL013C,0,1.3817377,0.4285714328289032,0.002994012087583542,0.0004000800254289061
YMR197C,YJR090C,0,1.3216311,0.375,0.002994012087583542,0.000500100024510175
YGL084C,YGR013W,0,1.3182058,0.3333333432674408,0.002994012087583542,0.0006001200526952744
YMR054W,YMR033W,0,1.3115972,0.30000001192092896,0.002994012087583542,0.0007001400226727128
YKL195W,YDR117C,0,1.2849901,0.27272728085517883,0.002994012087583542,0.0008001600508578122
YPR081C,YPL020C,0,1.2777925,0.25,0.002994012087583542,0.0009001800208352506
YLR207W,YOR142W,0,1.2669481,0.23076923191547394,0.002994012087583542,0.00100020004902035
YGR193C,YGR037C,1,1.2558599,0.2857142984867096,0.003992015961557627,0.00100020004902035
YJL149W,YOR070C,0,1.2273755,0.2666666805744171,0.003992015961557627,0.0011002200189977884
YMR298W,YOR138C,0,1.2136668,0.25,0.003992015961557627,0.0012002401053905487
YDL161W,YHR073W,1,1.2031982,0.29411765933036804,0.004990019835531712,0.0012002401053905487
YKL013C,YJR107W,0,1.2003716,0.2777777910232544,0.004990019835531712,0.0013002600753679872
YOR086C,YDR103W,1,1.1972492,0.31578946113586426,0.005988024175167084,0.0013002600753679872
YBR221C,YIL044C,0,1.197021,0.30000001192092896,0.005988024175167084,0.0014002800453454256
YDL225W,YHR001W,1,1.1955497,0.3333333432674408,0.006986028049141169,0.0014002800453454256
YML114C,YDL193W,0,1.1909435,0.3181818127632141,0.006986028049141169,0.001500300015322864
YNL026W,YPR072W,0,1.1776636,0.30434781312942505,0.006986028049141169,0.0016003201017156243
YBR200W,YOR132W,1,1.1727414,0.3333333432674408,0.007984031923115253,0.0016003201017156243
YCL032W,YOR187W,0,1.1725473,0.3199999928474426,0.007984031923115253,0.0017003400716930628
YGR012W,YKL189W,0,1.1723611,0.3076923191547394,0.007984031923115253,0.0018003600416705012
YBR041W,YKL190W,0,1.1657578,0.29629629850387573,0.007984031923115253,0.0019003801280632615
YPL240C,YOR014W,0,1.148941,0.2857142984867096,0.007984031923115253,0.0020004000980407
YBL036C,YGR284C,0,1.1419172,0.27586206793785095,0.007984031923115253,0.0021004201844334602
YMR160W,YDR387C,0,1.1304246,0.2666666805744171,0.007984031923115253,0.002200440037995577
YDL225W,YGR037C,1,1.1276501,0.29032257199287415,0.008982036262750626,0.002200440037995577
YCR002C,YHR001W,1,1.118145,0.3125,0.009980039671063423,0.002200440037995577
YGL201C,YMR284W,0,1.1020408,0.3030303120613098,0.009980039671063423,0.002300460124388337
YLR178C,YDR153C,1,1.0903758,0.3235294222831726,0.010978044010698795,0.002300460124388337
YKR058W,YDL005C,0,1.0902786,0.3142857253551483,0.010978044010698795,0.0024004802107810974
YMR004W,YDL161W,1,1.0892534,0.3333333432674408,0.011976048350334167,0.0024004802107810974
YNL047C,YNL243W,1,1.0892105,0.3513513505458832,0.012974051758646965,0.0024004802107810974
YDR307W,YOR279C,0,1.0889094,0.34210526943206787,0.012974051758646965,0.002500500064343214
YNL326C,YLR204W,0,1.084501,0.3333333432674408,0.012974051758646965,0.0026005201507359743
YNL302C,YDR158W,0,1.0827607,0.32499998807907104,0.012974051758646965,0.002700540004298091
YOL119C,YPL196W,0,1.0812187,0.31707316637039185,0.012974051758646965,0.002800560090690851
YBR200W,YOR086C,1,1.0809445,0.3333333432674408,0.013972056098282337,0.002800560090690851
YOL031C,YPL204W,0,1.0793303,0.3255814015865326,0.013972056098282337,0.0029005801770836115
YCR002C,YKR003W,1,1.0730369,0.34090909361839294,0.014970059506595135,0.0029005801770836115
YDL161W,YOR357C,1,1.0640624,0.35555556416511536,0.015968063846230507,0.0029005801770836115
YHR107C,YJR076C,1,1.0630046,0.3695652186870575,0.016966067254543304,0.0029005801770836115
YDL225W,YCR002C,1,1.0497103,0.38297873735427856,0.01796407252550125,0.0029005801770836115
YGR193C,YOR086C,1,1.0485289,0.3958333432674408,0.01896207593381405,0.0029005801770836115
YLR144C,YDR113C,0,1.0375297,0.3877550959587097,0.01896207593381405,0.003000600030645728
YOR221C,YLR045C,0,1.0296341,0.3799999952316284,0.01896207593381405,0.0031006201170384884
YFR021W,YDL161W,1,1.02756,0.3921568691730499,0.019960079342126846,0.0031006201170384884
YDR229W,YDR103W,1,1.0231364,0.4038461446762085,0.020958084613084793,0.0031006201170384884
YHR016C,YDR153C,0,1.0222025,0.3962264060974121,0.020958084613084793,0.0032006402034312487
YDR163W,YOR176W,0,1.0200605,0.3888888955116272,0.020958084613084793,0.0033006600569933653
YNR006W,YER008C,1,1.0162694,0.4000000059604645,0.02195608802139759,0.0033006600569933653
YDL200C,YDL137W,0,1.0158424,0.3928571343421936,0.02195608802139759,0.0034006801433861256
YBL023C,YOR155C,0,1.0017982,0.38596490025520325,0.02195608802139759,0.003500700229778886
YOR069W,YIL105C,1,0.99937403,0.3965517282485962,0.022954091429710388,0.003500700229778886
YJR065C,YKR028W,0,0.9980334,0.38983049988746643,0.022954091429710388,0.0036007200833410025
YNL047C,YOR086C,1,0.9891107,0.4000000059604645,0.023952096700668335,0.0036007200833410025
YCR002C,YOR132W,1,0.9820421,0.4098360538482666,0.024950100108981133,0.0036007200833410025
YMR160W,YPL240C,0,0.9819697,0.4032258093357086,0.024950100108981133,0.0037007401697337627
YER125W,YHR073W,1,0.9778919,0.4126984179019928,0.02594810351729393,0.0037007401697337627
YPL100W,YOR132W,1,0.9737252,0.421875,0.026946106925606728,0.0037007401697337627
YMR029C,YDR283C,0,0.9707682,0.4153846204280853,0.026946106925606728,0.003800760256126523
YOR074C,YCL057W,0,0.96375346,0.40909090638160706,0.026946106925606728,0.0039007801096886396
YNL159C,YOR099W,0,0.9623902,0.4029850661754608,0.026946106925606728,0.0040008001960814
YNL087W,YOR132W,1,0.96161413,0.4117647111415863,0.027944112196564674,0.0040008001960814
YPL132W,YGR013W,0,0.9562043,0.4057970941066742,0.027944112196564674,0.0041008200496435165
YGL038C,YDR153C,0,0.94487154,0.4000000059604645,0.027944112196564674,0.0042008403688669205
YGR009C,YPL098C,0,0.93837416,0.39436620473861694,0.027944112196564674,0.004300860222429037
YMR004W,YER125W,1,0.93835545,0.4027777910232544,0.028942115604877472,0.004300860222429037
YAR042W,YLR371W,1,0.93345606,0.4109589159488678,0.02994011901319027,0.004300860222429037
YDL225W,YOR357C,1,0.9268472,0.4189189076423645,0.030938124284148216,0.004300860222429037
YGR132C,YFL048C,0,0.9261638,0.41333332657814026,0.030938124284148216,0.004400880075991154
YGL084C,YGL071W,0,0.926126,0.40789473056793213,0.030938124284148216,0.004500900395214558
YLR206W,YBR200W,1,0.9240322,0.41558441519737244,0.031936127692461014,0.004500900395214558
YOR069W,YDL161W,1,0.9156896,0.42307692766189575,0.03293413296341896,0.004500900395214558
YJL149W,YJL053W,0,0.91464853,0.4177215099334717,0.03293413296341896,0.004600920248776674
YKL222C,YAL017W,0,0.9130982,0.4124999940395355,0.03293413296341896,0.004700940102338791
YAL001C,YJR066W,0,0.91033196,0.40740740299224854,0.03293413296341896,0.004800960421562195
YML038C,YLR028C,0,0.9096664,0.40243902802467346,0.03293413296341896,0.0049009802751243114
YKL012W,YGL227W,0,0.90957534,0.39759036898612976,0.03293413296341896,0.005001000128686428
YKR086W,YNL136W,0,0.90743643,0.3928571343421936,0.03293413296341896,0.005101019982248545
YCR002C,YCL057W,0,0.9030467,0.38823530077934265,0.03293413296341896,0.005201040301471949
YDR162C,YDR512C,0,0.8933096,0.38372093439102173,0.03293413296341896,0.005301060155034065
YLR132C,YER017C,0,0.89175266,0.37931033968925476,0.03293413296341896,0.005401080008596182
YPL208W,YGR167W,0,0.8912144,0.375,0.03293413296341896,0.005501100327819586
YJR076C,YDR103W,1,0.8859624,0.3820224702358246,0.03393213450908661,0.005501100327819586
YKL193C,YGR056W,0,0.8850342,0.3777777850627899,0.03393213450908661,0.005601120181381702
YNR032W,YOL062C,0,0.8813231,0.37362638115882874,0.03393213450908661,0.005701140034943819
YMR173W,YBR215W,0,0.8800291,0.3695652186870575,0.03393213450908661,0.005801160354167223
YJR086W,YDR483W,0,0.8798593,0.3655914068222046,0.03393213450908661,0.00590118020772934
YJL052W,YML121W,0,0.87886536,0.3617021143436432,0.03393213450908661,0.006001200061291456
YJL149W,YKL034W,0,0.8749166,0.35789474844932556,0.03393213450908661,0.00610122038051486
YDR425W,YDL113C,1,0.8724898,0.3645833432674408,0.034930139780044556,0.00610122038051486
YGR193C,YLR371W,1,0.8700921,0.3711340129375458,0.0359281450510025,0.00610122038051486
YDL019C,YER008C,1,0.87002593,0.37755101919174194,0.03692614659667015,0.00610122038051486
YGL130W,YPR140W,0,0.86911756,0.3737373650074005,0.03692614659667015,0.006201240234076977
YBL105C,YDL019C,1,0.8664577,0.3799999952316284,0.0379241518676281,0.006201240234076977
YHR001W,YER008C,1,0.865373,0.3861386179924011,0.038922157138586044,0.006201240234076977
YMR092C,YOR038C,0,0.8641391,0.38235294818878174,0.038922157138586044,0.006301260087639093
YOR176W,YDL064W,0,0.8616786,0.3786407709121704,0.038922157138586044,0.006401280406862497
YOR069W,YNR006W,1,0.8616237,0.38461539149284363,0.03992015868425369,0.006401280406862497
YJL149W,YNL083W,0,0.8583526,0.380952388048172,0.03992015868425369,0.006501300260424614
YPL122C,YOR322C,0,0.85557985,0.37735849618911743,0.03992015868425369,0.006601320113986731
YER173W,YHR067W,0,0.8541206,0.37383177876472473,0.03992015868425369,0.0067013404332101345
YAR027W,YDL005C,0,0.8532887,0.37037035822868347,0.03992015868425369,0.006801360286772251
YHR181W,YKL018W,0,0.85207367,0.3669724762439728,0.03992015868425369,0.006901380140334368
YKL035W,YLR373C,0,0.85200125,0.3636363744735718,0.03992015868425369,0.007001400459557772
YDR518W,YIL042C,0,0.85109705,0.36036035418510437,0.03992015868425369,0.007101420313119888
YJL139C,YNL147W,0,0.847726,0.3571428656578064,0.03992015868425369,0.007201440166682005
YFR021W,YOR132W,1,0.84641725,0.36283186078071594,0.04091816395521164,0.007201440166682005
YGR037C,YKL154W,0,0.8424418,0.359649121761322,0.04091816395521164,0.007301460485905409
YMR004W,YGR241C,1,0.841611,0.365217387676239,0.041916169226169586,0.007301460485905409
YJL158C,YJL189W,0,0.84129685,0.36206895112991333,0.041916169226169586,0.0074014803394675255
YDR059C,YDR169C,0,0.8402852,0.3589743673801422,0.041916169226169586,0.007501500193029642
YLR206W,YKR086W,0,0.8399991,0.35593220591545105,0.041916169226169586,0.007601520512253046
YGR263C,YPL099C,0,0.8389235,0.3529411852359772,0.041916169226169586,0.007701540365815163
YNL127W,YPL151C,0,0.83698446,0.3499999940395355,0.041916169226169586,0.007801560219377279
YKL007W,YDL188C,0,0.834887,0.3471074402332306,0.041916169226169586,0.007901580072939396
YJL044C,YPL020C,0,0.83364844,0.3442623019218445,0.041916169226169586,0.0080016003921628
YKR090W,YNL274C,0,0.83023465,0.3414634168148041,0.041916169226169586,0.008101620711386204
YDR153C,YDL113C,1,0.82699615,0.3467741906642914,0.042914170771837234,0.008101620711386204
YMR004W,YDR103W,1,0.8269961,0.35199999809265137,0.04391217604279518,0.008101620711386204
YNL239W,YDR316W,0,0.8244475,0.3492063581943512,0.04391217604279518,0.008201640099287033
YDR047W,YFR007W,0,0.82252717,0.34645670652389526,0.04391217604279518,0.008301660418510437
YML029W,YHR200W,0,0.8197483,0.34375,0.04391217604279518,0.008401680737733841
YLR034C,YLR314C,0,0.819091,0.341085284948349,0.04391217604279518,0.00850170012563467
YER166W,YOR321W,0,0.8123633,0.3384615480899811,0.04391217604279518,0.008601720444858074
YOR215C,YDL077C,0,0.81071967,0.3358778655529022,0.04391217604279518,0.008701740764081478
YCL055W,YKL025C,0,0.8055048,0.3333333432674408,0.04391217604279518,0.008801760151982307
YOL031C,YBL040C,0,0.80330396,0.3308270573616028,0.04391217604279518,0.008901780471205711
YMR013C,YCL052C,0,0.8028944,0.3283582031726837,0.04391217604279518,0.009001800790429115
YER103W,YMR100W,0,0.8027252,0.32592591643333435,0.04391217604279518,0.009101820178329945
YBL078C,YOR171C,0,0.8004079,0.3235294222831726,0.04391217604279518,0.009201840497553349
YPL240C,YLR026C,0,0.7984854,0.32116788625717163,0.04391217604279518,0.009301860816776752
YKL112W,YMR169C,0,0.797315,0.3188405930995941,0.04391217604279518,0.009401880204677582
YDR264C,YJL165C,0,0.7948263,0.316546767950058,0.04391217604279518,0.009501900523900986
YJR125C,YPL145C,1,0.79332626,0.3214285671710968,0.04491018131375313,0.009501900523900986
YDL161W,YML072C,1,0.79135597,0.326241135597229,0.045908182859420776,0.009501900523900986
YMR004W,YOR086C,1,0.7904894,0.3309859037399292,0.04690618813037872,0.009501900523900986
YJL176C,YGR125W,0,0.78964007,0.32867133617401123,0.04690618813037872,0.00960192084312439
YKR031C,YPR097W,1,0.787693,0.3333333432674408,0.04790419340133667,0.00960192084312439
YBR103W,YPL204W,0,0.7873469,0.33103448152542114,0.04790419340133667,0.009701940231025219
YMR223W,YNL121C,0,0.7867933,0.3287671208381653,0.04790419340133667,0.009801960550248623
YMR092C,YMR285C,0,0.78638476,0.3265306055545807,0.04790419340133667,0.009901979938149452
YGR241C,YDR103W,1,0.7857412,0.3310810923576355,0.04890219494700432,0.009901979938149452
YML032C,YOR278W,0,0.7854152,0.3288590610027313,0.04890219494700432,0.010002000257372856
YBR274W,YGR132C,0,0.7847966,0.3266666531562805,0.04890219494700432,0.01010202057659626
YKR003W,YJR076C,1,0.7846922,0.33112582564353943,0.049900200217962265,0.01010202057659626
YOR069W,YNL243W,1,0.7842076,0.33552631735801697,0.05089820176362991,0.01010202057659626
YJL141C,YLR396C,0,0.7834854,0.3333333432674408,0.05089820176362991,0.01020203996449709
YML077W,YNL003C,0,0.78001773,0.3311688303947449,0.05089820176362991,0.010302060283720493
YGL023C,YPL048W,1,0.7796544,0.3354838788509369,0.05189620703458786,0.010302060283720493
YBL105C,YDL161W,1,0.7789079,0.33974358439445496,0.05289421230554581,0.010302060283720493
YPL145C,YIL105C,1,0.778296,0.3439490497112274,0.053892213851213455,0.010302060283720493
YPL103C,YML032C,0,0.77786505,0.3417721390724182,0.053892213851213455,0.010402080602943897
YCR075C,YHR107C,0,0.77692103,0.3396226465702057,0.053892213851213455,0.010502099990844727
YJL149W,YPL270W,0,0.7763877,0.3375000059604645,0.053892213851213455,0.01060212031006813
YLR203C,YNL016W,0,0.7756778,0.3354037404060364,0.053892213851213455,0.010702140629291534
YJR076C,YLR314C,1,0.77551115,0.3395061790943146,0.0548902191221714,0.010702140629291534
YMR013C,YOR362C,0,0.77502465,0.33742332458496094,0.0548902191221714,0.010802160017192364
YGL190C,YLR373C,0,0.7740253,0.3353658616542816,0.0548902191221714,0.010902180336415768
YKR003W,YHR001W,1,0.77269596,0.3393939435482025,0.05588822439312935,0.010902180336415768
YJL044C,YHR074W,0,0.77203953,0.33734938502311707,0.05588822439312935,0.011002200655639172
YLR206W,YBL105C,1,0.77187335,0.341317355632782,0.056886225938797,0.011002200655639172
YHR016C,YOR094W,0,0.7706683,0.3392857015132904,0.056886225938797,0.011102220043540001
YMR013C,YDR260C,0,0.7686272,0.3372780978679657,0.056886225938797,0.011202240362763405
YMR193W,YFR004W,0,0.76184714,0.33529412746429443,0.056886225938797,0.011302260681986809
YLR096W,YBR201W,0,0.761431,0.3333333432674408,0.056886225938797,0.011402280069887638
YDL236W,YFR004W,0,0.76071155,0.33139535784721375,0.056886225938797,0.011502300389111042
YNL044W,YDL193W,0,0.7601237,0.32947975397109985,0.056886225938797,0.011602320708334446
YJL060W,YDL097C,0,0.7568927,0.32758620381355286,0.056886225938797,0.011702340096235275
YNL242W,YNL146W,0,0.75569874,0.3257142901420593,0.056886225938797,0.01180236041545868
YGL023C,YOR086C,1,0.75295794,0.3295454680919647,0.057884231209754944,0.01180236041545868
YMR067C,YDL022W,0,0.75181794,0.32768362760543823,0.057884231209754944,0.011902380734682083
YGL233W,YOR256C,0,0.75032735,0.3258427083492279,0.057884231209754944,0.012002400122582912
YML121W,YPR075C,0,0.75012416,0.3240223526954651,0.057884231209754944,0.012102420441806316
YHR001W,YPL100W,1,0.74907595,0.32777777314186096,0.05888223648071289,0.012102420441806316
YER008C,YOR357C,1,0.7426093,0.33149170875549316,0.05988023802638054,0.012102420441806316
YJR125C,YHR001W,1,0.7395574,0.3351648449897766,0.060878243297338486,0.012102420441806316
YGL023C,YDR148C,1,0.73891115,0.33879780769348145,0.06187624856829643,0.012102420441806316
YBR185C,YLR078C,0,0.73851246,0.33695653080940247,0.06187624856829643,0.01220244076102972
YOL013C,YOR106W,0,0.7368885,0.3351351320743561,0.06187624856829643,0.01230246014893055
YJR138W,YNL241C,0,0.736882,0.3333333432674408,0.06187624856829643,0.012402480468153954
YDR349C,YOL129W,0,0.73575664,0.33155080676078796,0.06187624856829643,0.012502500787377357
YGR037C,YDR103W,1,0.7336911,0.33510637283325195,0.06287425011396408,0.012502500787377357
YDR153C,YPL115C,1,0.73365605,0.33862432837486267,0.06387225538492203,0.012502500787377357
YPL228W,YPL022W,0,0.7327419,0.3368421196937561,0.06387225538492203,0.012602520175278187
YLR330W,YML012W,0,0.7301943,0.33507853746414185,0.06387225538492203,0.01270254049450159
YIL041W,YPL188W,0,0.7301897,0.3333333432674408,0.06387225538492203,0.012802560813724995
YDL161W,YJR076C,1,0.72889435,0.33678755164146423,0.06487026065587997,0.012802560813724995
YCL052C,YDL092W,0,0.72888947,0.3350515365600586,0.06487026065587997,0.012902580201625824
YBR289W,YLR144C,0,0.72488034,0.3333333432674408,0.06487026065587997,0.013002600520849228
YPL259C,YDR084C,0,0.7210409,0.3316326439380646,0.06487026065587997,0.013102620840072632
YGL037C,YLR396C,0,0.71964747,0.3299492299556732,0.06487026065587997,0.013202640227973461
YMR109W,YHR117W,0,0.71936923,0.32828283309936523,0.06487026065587997,0.013302660547196865
YLL003W,YCR069W,0,0.71580195,0.32663315534591675,0.06487026065587997,0.013402680866420269
YCR066W,YDR074W,0,0.7139174,0.32499998807907104,0.06487026065587997,0.013502700254321098
YKR003W,YGR037C,1,0.71303236,0.3283582031726837,0.06586826592683792,0.013502700254321098
YIL034C,YBL040C,0,0.71275544,0.32673266530036926,0.06586826592683792,0.013602720573544502
YLR096W,YOL003C,0,0.7122265,0.3251231610774994,0.06586826592683792,0.013702740892767906
YMR135C,YPL206C,0,0.7115277,0.3235294222831726,0.06586826592683792,0.013802760280668736
YMR289W,YBR096W,0,0.70959413,0.3219512104988098,0.06586826592683792,0.01390278059989214
YJR083C,YPL270W,0,0.70913315,0.3203883469104767,0.06586826592683792,0.014002800919115543
YIL016W,YOR288C,0,0.7081561,0.3188405930995941,0.06586826592683792,0.014102820307016373
YIL129C,YDR056C,0,0.7080018,0.3173076808452606,0.06586826592683792,0.014202840626239777
YGL084C,YDL239C,0,0.7076336,0.31578946113586426,0.06586826592683792,0.01430286094546318
YOL082W,YOR125C,0,0.7072089,0.3142857253551483,0.06586826592683792,0.01440288033336401
YJL165C,YBL101C,0,0.70710194,0.3127962052822113,0.06586826592683792,0.014502900652587414
YOR221C,YLR238W,0,0.7058693,0.3113207519054413,0.06586826592683792,0.014602920971810818
YJL156C,YMR054W,0,0.70553815,0.30985915660858154,0.06586826592683792,0.014702940359711647
YGL203C,YBL041W,0,0.7039646,0.30841121077537537,0.06586826592683792,0.014802960678935051
YAL044C,YGR193C,1,0.7006863,0.31162789463996887,0.06686626374721527,0.014802960678935051
YMR087W,YLR408C,0,0.6987103,0.31018519401550293,0.06686626374721527,0.014902980998158455
YIL034C,YPL208W,0,0.69612956,0.3087557554244995,0.06686626374721527,0.015003000386059284
YCR002C,YER088C,0,0.69551647,0.30733945965766907,0.06686626374721527,0.015103020705282688
YHR188C,YJR031C,0,0.6949842,0.3059360682964325,0.06686626374721527,0.015203041024506092
YDR153C,YOR086C,1,0.6945213,0.30909091234207153,0.06786426901817322,0.015203041024506092
YPL048W,YHR025W,0,0.69227064,0.3076923191547394,0.06786426901817322,0.015303060412406921
YML109W,YHR121W,0,0.6901881,0.30630630254745483,0.06786426901817322,0.015403080731630325
YFR044C,YNL152W,0,0.6894311,0.30493274331092834,0.06786426901817322,0.01550310105085373
YKR018C,YNL135C,0,0.68864214,0.3035714328289032,0.06786426901817322,0.015603120438754559
YOR120W,YNL158W,0,0.6884055,0.30222222208976746,0.06786426901817322,0.015703139826655388
YOR143C,YGR026W,0,0.68648154,0.3008849620819092,0.06786426901817322,0.015803160145878792
YOL054W,YLL023C,0,0.6862603,0.29955947399139404,0.06786426901817322,0.015903180465102196
YGL019W,YHR098C,0,0.6862142,0.2982456088066101,0.06786426901817322,0.0160032007843256
YBR035C,YOR069W,0,0.685274,0.29694321751594543,0.06786426901817322,0.016103221103549004
YDR229W,YNL243W,1,0.6828985,0.30000001192092896,0.06886227428913116,0.016103221103549004
YJR066W,YJL036W,0,0.68227303,0.29870128631591797,0.06886227428913116,0.016203241422772408
YDR518W,YAL017W,0,0.6818348,0.29741379618644714,0.06886227428913116,0.016303259879350662
YHR107C,YNL087W,1,0.68090725,0.30042919516563416,0.06986027956008911,0.016303259879350662
YIL034C,YLR240W,0,0.6806695,0.29914531111717224,0.06986027956008911,0.016403280198574066
YLR206W,YNR006W,1,0.6802392,0.3021276593208313,0.07085828483104706,0.016403280198574066
YDR153C,YOR230W,0,0.6795293,0.30084747076034546,0.07085828483104706,0.01650330051779747
YML072C,YLR314C,1,0.6794596,0.3037974536418915,0.071856290102005,0.01650330051779747
YJL036W,YPL100W,1,0.6788946,0.3067227005958557,0.07285428792238235,0.01650330051779747
YLR206W,YLR371W,1,0.67623544,0.3096234202384949,0.0738522931933403,0.01650330051779747
YDR503C,YLR266C,0,0.6760372,0.3083333373069763,0.0738522931933403,0.016603320837020874
YNR049C,YOL064C,0,0.6751687,0.30705395340919495,0.0738522931933403,0.016703341156244278
YLR078C,YDR404C,0,0.6751636,0.3057851195335388,0.0738522931933403,0.016803361475467682
YIL108W,YDR318W,0,0.67388314,0.30452674627304077,0.0738522931933403,0.016903379932045937
YKR087C,YOR354C,0,0.67386997,0.30327868461608887,0.0738522931933403,0.01700340025126934
YGR261C,YBR097W,0,0.6734216,0.30204081535339355,0.0738522931933403,0.017103420570492744
YDR358W,YBR231C,0,0.6719843,0.3008130192756653,0.0738522931933403,0.01720344088971615
YPL065W,YGR048W,0,0.6693699,0.2995951473712921,0.0738522931933403,0.017303461208939552
YDL019C,YIL105C,1,0.668724,0.30241936445236206,0.07485029846429825,0.017303461208939552
YJR125C,YOR357C,1,0.66863817,0.3052208721637726,0.0758483037352562,0.017303461208939552
YNL107W,YNL044W,0,0.6682166,0.30399999022483826,0.0758483037352562,0.017403481528162956
YER013W,YGR222W,0,0.6680155,0.3027888536453247,0.0758483037352562,0.01750349998474121
YML131W,YKL124W,0,0.66797745,0.30158731341362,0.0758483037352562,0.017603520303964615
YOL031C,YLR026C,0,0.66680336,0.30039525032043457,0.0758483037352562,0.01770354062318802
YMR013C,YHR012W,0,0.66629356,0.29921260476112366,0.0758483037352562,0.017803560942411423
YDR387C,YHR119W,0,0.66610587,0.2980392277240753,0.0758483037352562,0.017903581261634827
YHR091C,YDR293C,0,0.6646884,0.296875,0.0758483037352562,0.01800360158085823
YML015C,YOR176W,0,0.6632529,0.29571983218193054,0.0758483037352562,0.018103620037436485
YOR155C,YPL020C,0,0.661399,0.2945736348628998,0.0758483037352562,0.01820364035665989
YKL193C,YPL042C,0,0.66073656,0.29343628883361816,0.0758483037352562,0.018303660675883293
YLR153C,YER086W,0,0.6606209,0.29230770468711853,0.0758483037352562,0.018403680995106697
YEL031W,YDR369C,0,0.6601789,0.29118773341178894,0.0758483037352562,0.0185037013143301
YLR209C,YMR236W,0,0.65948427,0.290076345205307,0.0758483037352562,0.018603721633553505
YLR206W,YHR073W,1,0.6581727,0.2927756607532501,0.07684630900621414,0.018603721633553505
YOR285W,YFL041W,0,0.65790355,0.2916666567325592,0.07684630900621414,0.01870374009013176
YIL006W,YML038C,0,0.65771705,0.29056602716445923,0.07684630900621414,0.018803760409355164
YJL060W,YOR279C,0,0.6575215,0.28947368264198303,0.07684630900621414,0.018903780728578568
YDL017W,YLR183C,0,0.65676105,0.28838950395584106,0.07684630900621414,0.01900380104780197
YDR313C,YNL152W,1,0.65667933,0.29104477167129517,0.07784431427717209,0.01900380104780197
YLR371W,YLR314C,1,0.6539921,0.2936803102493286,0.07884231209754944,0.01900380104780197
YNL084C,YPR073C,0,0.6534818,0.2925925850868225,0.07884231209754944,0.019103821367025375
YNL115C,YDR017C,0,0.65319306,0.2915129065513611,0.07884231209754944,0.01920384168624878
YGR246C,YKL067W,0,0.65313756,0.2904411852359772,0.07884231209754944,0.019303860142827034
YMR092C,YPL042C,0,0.65135574,0.2893773019313812,0.07884231209754944,0.019403880462050438
YGR033C,YCL052C,0,0.65014344,0.2883211672306061,0.07884231209754944,0.019503900781273842
YDR153C,YKR003W,1,0.64960074,0.290909081697464,0.07984031736850739,0.019503900781273842
YIL088C,YNL297C,0,0.64831936,0.28985506296157837,0.07984031736850739,0.019603921100497246
YDL113C,YBR200W,1,0.6464188,0.29241877794265747,0.08083832263946533,0.019603921100497246
YDR425W,YIL105C,1,0.64596736,0.2949640154838562,0.08183632791042328,0.019603921100497246
YJL036W,YER008C,1,0.644868,0.29749104380607605,0.08283433318138123,0.019603921100497246
YOR132W,YLR314C,1,0.64477396,0.30000001192092896,0.08383233845233917,0.019603921100497246
YLR163C,YOR278W,0,0.6442882,0.29893237352371216,0.08383233845233917,0.01970394141972065
YLR371W,YML072C,1,0.64390886,0.3014184534549713,0.08483033627271652,0.01970394141972065
YPR056W,YOR142W,0,0.642516,0.30035334825515747,0.08483033627271652,0.019803959876298904
YJL030W,YDR032C,0,0.64173794,0.2992957830429077,0.08483033627271652,0.01990398019552231
YNL044W,YOR215C,0,0.64083624,0.2982456088066101,0.08483033627271652,0.020004000514745712
YHR001W,YLR371W,1,0.6404462,0.30069929361343384,0.08582834154367447,0.020004000514745712
YPL022W,YML128C,0,0.6393709,0.299651563167572,0.08582834154367447,0.020104020833969116
YNL321W,YNL268W,0,0.6387468,0.2986111044883728,0.08582834154367447,0.02020404115319252
YPL095C,YCR011C,0,0.63870203,0.2975778579711914,0.08582834154367447,0.020304061472415924
YLR132C,YHR176W,0,0.6381838,0.29655173420906067,0.08582834154367447,0.02040407992899418
YDL035C,YDR117C,0,0.6380615,0.2955326437950134,0.08582834154367447,0.020504100248217583
YLR064W,YOL147C,0,0.63704914,0.2945205569267273,0.08582834154367447,0.020604120567440987
YGL124C,YOL082W,0,0.63689876,0.2935153543949127,0.08582834154367447,0.02070414088666439
YOR197W,YER171W,0,0.63598984,0.2925170063972473,0.08582834154367447,0.020804161205887794
YPL069C,YGR263C,0,0.63411754,0.2915254235267639,0.08582834154367447,0.0209041815251112
YBR200W,YOR357C,1,0.6324491,0.2939189076423645,0.08682634681463242,0.0209041815251112
YGR132C,YOR106W,0,0.6323495,0.2929292917251587,0.08682634681463242,0.021004199981689453
YJR086W,YBL102W,0,0.6319354,0.29194632172584534,0.08682634681463242,0.021104220300912857
YCR002C,YDL161W,1,0.6318897,0.2943143844604492,0.08782435208559036,0.021104220300912857
YPR019W,YGR172C,0,0.63102925,0.2933333218097687,0.08782435208559036,0.02120424062013626
YGR012W,YLR043C,0,0.6307156,0.2923588156700134,0.08782435208559036,0.021304260939359665
YNL039W,YDR096W,0,0.62963367,0.29139071702957153,0.08782435208559036,0.02140428125858307
YOL149W,YBL016W,0,0.62929076,0.2904290556907654,0.08782435208559036,0.021504301577806473
YPR097W,YOR086C,1,0.6245803,0.2927631437778473,0.08882235735654831,0.021504301577806473
YDR503C,YPL206C,0,0.62403166,0.2918032705783844,0.08882235735654831,0.021604320034384727
YNL252C,YDL159W,0,0.62289435,0.2908496856689453,0.08882235735654831,0.02170434035360813
YJR044C,YLR207W,0,0.6224284,0.2899022698402405,0.08882235735654831,0.021804360672831535
YBL105C,YFR021W,1,0.62218887,0.2922077775001526,0.08982036262750626,0.021804360672831535
YMR172W,YMR086W,0,0.6218783,0.291262149810791,0.08982036262750626,0.02190438099205494
YHR107C,YML072C,1,0.621855,0.2935483753681183,0.0908183604478836,0.02190438099205494
YGL163C,YJL036W,0,0.6217136,0.2926045060157776,0.0908183604478836,0.022004401311278343
YJL176C,YGR186W,0,0.6217088,0.2916666567325592,0.0908183604478836,0.022104421630501747
YDR323C,YNL243W,1,0.62054837,0.29392972588539124,0.09181636571884155,0.022104421630501747
YJR125C,YER008C,1,0.61782336,0.29617834091186523,0.0928143709897995,0.022104421630501747
YER157W,YDL097C,0,0.6161574,0.29523810744285583,0.0928143709897995,0.022204440087080002
YJL036W,YJL085W,1,0.61433357,0.297468364238739,0.09381237626075745,0.022204440087080002
YGL130W,YBR302C,0,0.6137911,0.29652997851371765,0.09381237626075745,0.022304460406303406
YDR425W,YOR357C,1,0.6135026,0.2987421452999115,0.0948103815317154,0.022304460406303406
YOR069W,YLR206W,1,0.61217844,0.3009404242038727,0.09580838680267334,0.022304460406303406
YPL053C,YNL125C,0,0.6120148,0.30000001192092896,0.09580838680267334,0.02240448072552681
YMR161W,YBR125C,0,0.61109406,0.29906541109085083,0.09580838680267334,0.022504501044750214
YGL133W,YGL010W,0,0.6107402,0.2981366515159607,0.09580838680267334,0.022604521363973618
YGL227W,YPR025C,0,0.6107402,0.297213613986969,0.09580838680267334,0.02270454168319702
YPL050C,YDL064W,0,0.6092417,0.29629629850387573,0.09580838680267334,0.022804560139775276
YML070W,YBR228W,0,0.6091643,0.29538461565971375,0.09580838680267334,0.02290458045899868
YHR115C,YDR404C,0,0.6088908,0.29447853565216064,0.09580838680267334,0.023004600778222084
YDL193W,YNL154C,0,0.6085098,0.29357796907424927,0.09580838680267334,0.023104621097445488
YMR311C,YDR533C,0,0.60795814,0.2926829159259796,0.09580838680267334,0.023204641416668892
YPL145C,YML072C,1,0.6074077,0.29483282566070557,0.09680638462305069,0.023204641416668892
YPR165W,YDL132W,0,0.60705614,0.29393938183784485,0.09680638462305069,0.023304661735892296
YLR148W,YJL154C,0,0.6058196,0.2930513620376587,0.09680638462305069,0.02340468019247055
YDL161W,YDL019C,1,0.60504323,0.29518070816993713,0.09780438989400864,0.02340468019247055
YKL049C,YDR001C,0,0.60442746,0.2942942976951599,0.09780438989400864,0.023504700511693954
YPL115C,YIL105C,1,0.6041806,0.29640719294548035,0.09880239516496658,0.023504700511693954
YNL091W,YDR099W,0,0.6018112,0.29552239179611206,0.09880239516496658,0.02360472083091736
YAL014C,YDR388W,0,0.6012825,0.2946428656578064,0.09880239516496658,0.023704741150140762
YER027C,YPR036W,0,0.59959817,0.2937685549259186,0.09880239516496658,0.023804761469364166
YPR019W,YLR389C,0,0.5987719,0.29289939999580383,0.09880239516496658,0.02390478178858757
YIR008C,YJR086W,0,0.59738326,0.29203540086746216,0.09880239516496658,0.024004800245165825
YKR009C,YPL270W,0,0.5968706,0.2911764681339264,0.09880239516496658,0.02410482056438923
YNL158W,YIL124W,0,0.59574884,0.29032257199287415,0.09880239516496658,0.024204840883612633
YDR229W,YGL023C,1,0.5954001,0.2923976480960846,0.09980040043592453,0.024204840883612633
YGR194C,YBR281C,0,0.5950538,0.29154518246650696,0.09980040043592453,0.024304861202836037
YNL047C,YNL152W,1,0.5950378,0.29360464215278625,0.10079840570688248,0.024304861202836037
YDR387C,YJL072C,0,0.5932724,0.2927536368370056,0.10079840570688248,0.02440488152205944
YGR223C,YJR076C,1,0.592806,0.2947976887226105,0.10179640352725983,0.02440488152205944
YCR069W,YOR141C,0,0.5924055,0.29394811391830444,0.10179640352725983,0.024504901841282845
YLR178C,YJR125C,1,0.5919836,0.29597702622413635,0.10279440879821777,0.024504901841282845
YAR042W,YER008C,1,0.59186196,0.2979942560195923,0.10379241406917572,0.024504901841282845
YJL053W,YLL023C,0,0.591539,0.2971428632736206,0.10379241406917572,0.0246049202978611
YPL002C,YBL023C,0,0.58961594,0.29629629850387573,0.10379241406917572,0.024704940617084503
YKL001C,YNL264C,0,0.5873343,0.2954545319080353,0.10379241406917572,0.024804960936307907
YOR132W,YDR103W,1,0.5855013,0.2974504232406616,0.10479041934013367,0.024804960936307907
YIL065C,YPL085W,0,0.58470106,0.29661017656326294,0.10479041934013367,0.02490498125553131
YNL298W,YGR194C,0,0.5826331,0.2957746386528015,0.10479041934013367,0.025005001574754715
YGR241C,YJR076C,1,0.5819393,0.2977527976036072,0.10578842461109161,0.025005001574754715
YJR125C,YNR006W,1,0.58127654,0.299719899892807,0.10678642988204956,0.025005001574754715
YLR070C,YMR240C,0,0.58095866,0.29888269305229187,0.10678642988204956,0.02510502189397812
YGR261C,YHR135C,0,0.5789345,0.2980501353740692,0.10678642988204956,0.025205040350556374
YFL018C,YKL119C,0,0.5787358,0.29722222685813904,0.10678642988204956,0.025305060669779778
YDR507C,YIL026C,0,0.5783627,0.2963988780975342,0.10678642988204956,0.02540508098900318
YML130C,YBR139W,0,0.5769663,0.295580118894577,0.10678642988204956,0.025505101308226585
YPL177C,YLR163C,0,0.57590103,0.294765830039978,0.10678642988204956,0.02560512162744999
YKL103C,YBR171W,0,0.57585037,0.29395604133605957,0.10678642988204956,0.025705141946673393
YOR216C,YPL256C,0,0.57527196,0.2931506931781769,0.10678642988204956,0.025805160403251648
YER025W,YML078W,0,0.5734267,0.2923497259616852,0.10678642988204956,0.025905180722475052
YDR452W,YKL189W,0,0.57297105,0.2915531396865845,0.10678642988204956,0.026005201041698456
YDR354W,YPR063C,0,0.5721041,0.29076087474823,0.10678642988204956,0.02610522136092186
YGL163C,YBL078C,0,0.5717069,0.2899729013442993,0.10678642988204956,0.026205241680145264
YCR002C,YNL243W,1,0.57088816,0.2918919026851654,0.10778442770242691,0.026205241680145264
YDR202C,YGR258C,0,0.5704579,0.29110512137413025,0.10778442770242691,0.02630526013672352
YJR056C,YLR201C,0,0.5696702,0.29032257199287415,0.10778442770242691,0.026405280455946922
YHR101C,YGL136C,0,0.5684495,0.2895442247390747,0.10778442770242691,0.026505300775170326
YGL062W,YOR244W,0,0.5680984,0.28877004981040955,0.10778442770242691,0.02660532109439373
YGL023C,YJR125C,1,0.5675945,0.2906666696071625,0.10878243297338486,0.02660532109439373
YDL108W,YBR176W,0,0.56725144,0.28989362716674805,0.10878243297338486,0.026705341413617134
YNL131W,YPL091W,0,0.5664582,0.28912466764450073,0.10878243297338486,0.026805361732840538
YHR161C,YDR153C,1,0.565608,0.29100528359413147,0.1097804382443428,0.026805361732840538
YBL060W,YMR197C,0,0.5652582,0.2902374565601349,0.1097804382443428,0.026905380189418793
YHR107C,YGR241C,1,0.56506264,0.2921052575111389,0.11077844351530075,0.026905380189418793
YDR164C,YGL119W,0,0.5646288,0.29133859276771545,0.11077844351530075,0.027005400508642197
YJL149W,YDR436W,0,0.5645814,0.29057592153549194,0.11077844351530075,0.0271054208278656
YDR051C,YGR104C,0,0.5645107,0.2898172438144684,0.11077844351530075,0.027205441147089005
YJL139C,YDR414C,0,0.56406176,0.2890625,0.11077844351530075,0.02730546146631241
YLR332W,YML012W,0,0.56371343,0.2883116900920868,0.11077844351530075,0.027405481785535812
YBR171W,YBL079W,0,0.5637018,0.287564754486084,0.11077844351530075,0.027505500242114067
YLR380W,YPL132W,0,0.56304264,0.2868216931819916,0.11077844351530075,0.02760552056133747
YML114C,YJL091C,0,0.56276894,0.2860824763774872,0.11077844351530075,0.027705540880560875
YDR452W,YEL013W,0,0.56173366,0.285347044467926,0.11077844351530075,0.02780556119978428
YNL243W,YOR132W,1,0.56076,0.28717949986457825,0.1117764487862587,0.02780556119978428
YDR153C,YIL105C,1,0.56046724,0.28900256752967834,0.11277445405721664,0.02780556119978428
YLL043W,YAL023C,0,0.55788946,0.28826531767845154,0.11277445405721664,0.027905581519007683
YBR171W,YDL225W,0,0.55774665,0.2875317931175232,0.11277445405721664,0.028005601838231087
YDR229W,YML072C,1,0.5572926,0.2893401086330414,0.113772451877594,0.028005601838231087
YMR022W,YMR112C,0,0.5566022,0.2886075973510742,0.113772451877594,0.02810562029480934
YNL047C,YLR206W,1,0.5558339,0.2904040515422821,0.11477045714855194,0.02810562029480934
YIL105C,YHR001W,1,0.555001,0.29219144582748413,0.11576846241950989,0.02810562029480934
YHR008C,YML075C,0,0.55499953,0.29145729541778564,0.11576846241950989,0.028205640614032745
YNL177C,YCR052W,0,0.5543071,0.29072681069374084,0.11576846241950989,0.02830566093325615
YOR347C,YLR045C,0,0.5530808,0.28999999165534973,0.11576846241950989,0.028405681252479553
YDL052C,YBR073W,0,0.5522604,0.2892768085002899,0.11576846241950989,0.028505701571702957
YPL241C,YGR026W,0,0.5514791,0.2885572016239166,0.11576846241950989,0.02860572189092636
YJR125C,YGR193C,1,0.550132,0.29032257199287415,0.11676646769046783,0.02860572189092636
YBL022C,YNL084C,0,0.5481136,0.28960394859313965,0.11676646769046783,0.028705740347504616
YHR171W,YNL304W,0,0.54766303,0.2888889014720917,0.11676646769046783,0.02880576066672802
YOR256C,YKL195W,0,0.5476064,0.28817734122276306,0.11676646769046783,0.028905780985951424
YGR241C,YGL173C,0,0.54741645,0.2874692976474762,0.11676646769046783,0.029005801305174828
YPL115C,YHR001W,1,0.5467923,0.28921568393707275,0.11776447296142578,0.029005801305174828
YJR040W,YDL195W,0,0.54567087,0.2885085642337799,0.11776447296142578,0.02910582162439823
YBR175W,YCL052C,0,0.54515266,0.28780487179756165,0.11776447296142578,0.029205841943621635
YHR050W,YIR003W,0,0.5447308,0.28710463643074036,0.11776447296142578,0.02930586040019989
YOR075W,YNL158W,0,0.5444815,0.2864077687263489,0.11776447296142578,0.029405880719423294
YNL106C,YBL006C,0,0.5441547,0.2857142984867096,0.11776447296142578,0.029505901038646698
YML104C,YDR103W,1,0.5430702,0.28743961453437805,0.11876247823238373,0.029505901038646698
YPL167C,YNL047C,0,0.54275364,0.2867469787597656,0.11876247823238373,0.029605921357870102
YNL243W,YOR357C,1,0.54260504,0.2884615361690521,0.11976047605276108,0.029605921357870102
YNL091W,YMR043W,0,0.5401131,0.28776979446411133,0.11976047605276108,0.029705941677093506
YJR110W,YLR148W,0,0.5400369,0.2870813310146332,0.11976047605276108,0.02980596199631691
YEL020C,YJR151C,0,0.5398135,0.28639617562294006,0.11976047605276108,0.029905980452895164
YPL145C,YHR001W,1,0.53593004,0.28809523582458496,0.12075848132371902,0.029905980452895164
YGL051W,YLR240W,0,0.53580046,0.2874109148979187,0.12075848132371902,0.03000600077211857
YKR065C,YGR261C,0,0.53487587,0.2867298722267151,0.12075848132371902,0.030106021091341972
YJL203W,YOR261C,0,0.53320795,0.28605201840400696,0.12075848132371902,0.030206041410565376
YDR294C,YNL272C,0,0.5330451,0.2853773534297943,0.12075848132371902,0.03030606172978878
YKR030W,YOL040C,0,0.5320411,0.28470587730407715,0.12075848132371902,0.030406082049012184
YML051W,YGL060W,0,0.5304458,0.2840375602245331,0.12075848132371902,0.03050610050559044
YHR112C,YKL073W,0,0.53013784,0.2833723723888397,0.12075848132371902,0.030606120824813843
YKR003W,YNL152W,1,0.53004956,0.2850467264652252,0.12175648659467697,0.030606120824813843
YPL115C,YPL100W,1,0.52984357,0.28671327233314514,0.12275449186563492,0.030606120824813843
YBL060W,YOR125C,0,0.52828944,0.28604650497436523,0.12275449186563492,0.030706141144037247
YNR006W,YDL019C,1,0.5276029,0.2877030074596405,0.12375249713659286,0.030706141144037247
YKL206C,YFR007W,0,0.5274286,0.28703704476356506,0.12375249713659286,0.03080616146326065
YPL009C,YPR018W,0,0.52588296,0.28637412190437317,0.12375249713659286,0.030906181782484055
YLR371W,YOR357C,1,0.5252564,0.28801843523979187,0.12475050240755081,0.030906181782484055
YJL156C,YJL141C,0,0.5252508,0.28735631704330444,0.12475050240755081,0.03100620210170746
YER027C,YLR045C,0,0.52438855,0.28669723868370056,0.12475050240755081,0.031106220558285713
YML104C,YPR097W,1,0.52357835,0.28832951188087463,0.12574850022792816,0.031106220558285713
YOR221C,YOL013C,0,0.52337116,0.2876712381839752,0.12574850022792816,0.031206240877509117
YLR440C,YOR354C,0,0.5231519,0.2870159447193146,0.12574850022792816,0.03130626305937767
YML070W,YLR107W,0,0.52258515,0.2863636314868927,0.12574850022792816,0.031406279653310776
YPR081C,YAR008W,0,0.52250344,0.2857142984867096,0.12574850022792816,0.03150629997253418
YGR125W,YBR052C,0,0.52241105,0.2850678861141205,0.12574850022792816,0.031606320291757584
YNL071W,YGL023C,1,0.5215092,0.2866817116737366,0.1267465054988861,0.031606320291757584
YDL164C,YBR164C,0,0.52103657,0.28603604435920715,0.1267465054988861,0.03170634061098099
YBR210W,YGL206C,0,0.520547,0.28539326786994934,0.1267465054988861,0.03180636093020439
YLR166C,YKL025C,0,0.5201881,0.28475335240364075,0.1267465054988861,0.031906381249427795
YGL212W,YML072C,1,0.5198785,0.2863534688949585,0.12774451076984406,0.031906381249427795
YPL148C,YCR017C,0,0.51953614,0.2857142984867096,0.12774451076984406,0.0320064015686512
YHR161C,YBL105C,1,0.51944166,0.2873051166534424,0.128742516040802,0.0320064015686512
YGL047W,YJR089W,0,0.51892775,0.2866666615009308,0.128742516040802,0.0321064218878746
YDL103C,YML049C,0,0.518785,0.286031037569046,0.128742516040802,0.03220644220709801
YIL015W,YEL040W,0,0.5187776,0.2853982448577881,0.128742516040802,0.03230646252632141
YJR125C,YER125W,1,0.518626,0.2869757115840912,0.12974052131175995,0.03230646252632141
YER114C,YDR148C,1,0.51851094,0.28854626417160034,0.1307385265827179,0.03230646252632141
YBR200W,YGR241C,1,0.5184568,0.29010990262031555,0.13173653185367584,0.03230646252632141
YLR371W,YDR103W,1,0.5181538,0.2916666567325592,0.1327345371246338,0.03230646252632141
YDR330W,YOR288C,0,0.5180259,0.2910284399986267,0.1327345371246338,0.032406482845544815
YOR278W,YOL060C,0,0.51781774,0.29039302468299866,0.1327345371246338,0.03250649943947792
YIL031W,YCL038C,0,0.5177858,0.2897603511810303,0.1327345371246338,0.032606519758701324
YGL012W,YPL037C,0,0.51613724,0.28913044929504395,0.1327345371246338,0.03270654007792473
YMR293C,YIR025W,0,0.51543945,0.2885032594203949,0.1327345371246338,0.03280656039714813
YGL043W,YOR176W,0,0.51481646,0.28787878155708313,0.1327345371246338,0.032906580716371536
YNL243W,YNL152W,1,0.51471686,0.2894168496131897,0.13373252749443054,0.032906580716371536
YNL047C,YDR148C,1,0.5144759,0.2909482717514038,0.1347305327653885,0.032906580716371536
YGR223C,YDL225W,1,0.5143787,0.29247310757637024,0.13572853803634644,0.032906580716371536
YJR065C,YKL088W,0,0.5139206,0.29184550046920776,0.13572853803634644,0.03300660103559494
YDL161W,YDR103W,1,0.51368845,0.2933618724346161,0.13672654330730438,0.03300660103559494
YMR170C,YLR187W,0,0.5133959,0.2927350401878357,0.13672654330730438,0.033106621354818344
YNL107W,YAR027W,0,0.51264,0.2921108603477478,0.13672654330730438,0.03320664167404175
YGL130W,YPR025C,0,0.512241,0.2914893627166748,0.13672654330730438,0.03330666199326515
YER120W,YDR103W,1,0.51211417,0.2929936349391937,0.13772454857826233,0.03330666199326515
YMR004W,YKR031C,1,0.51180017,0.2944915294647217,0.13872255384922028,0.03330666199326515
YFL018C,YDL190C,0,0.51165324,0.29386892914772034,0.13872255384922028,0.033406682312488556
YPL145C,YJR076C,1,0.51044387,0.29535865783691406,0.13972055912017822,0.033406682312488556
YGL207W,YER133W,0,0.50977933,0.2947368323802948,0.13972055912017822,0.03350670263171196
YPR026W,YLR148W,0,0.5096996,0.29411765933036804,0.13972055912017822,0.033606722950935364
YMR172W,YPL150W,0,0.50942117,0.2935010492801666,0.13972055912017822,0.03370673954486847
YGL026C,YER133W,0,0.506975,0.29288703203201294,0.13972055912017822,0.03380675986409187
YGR263C,YGR135W,0,0.50652635,0.2922755777835846,0.13972055912017822,0.03390678018331528
YKL046C,YKL119C,0,0.50605077,0.2916666567325592,0.13972055912017822,0.03400680050253868
YDL178W,YDR304C,0,0.5056199,0.29106029868125916,0.13972055912017822,0.034106820821762085
YBR170C,YLL023C,0,0.50526494,0.2904564440250397,0.13972055912017822,0.03420684114098549
YJR145C,YLL028W,0,0.5046575,0.28985506296157837,0.13972055912017822,0.03430686146020889
YOL133W,YOR005C,0,0.50326455,0.28925618529319763,0.13972055912017822,0.0344068817794323
YDR425W,YOR132W,1,0.5031019,0.2907216548919678,0.14071856439113617,0.0344068817794323
YBR077C,YBR127C,0,0.5022194,0.29012346267700195,0.14071856439113617,0.0345069020986557
YER125W,YJR076C,1,0.5020724,0.29158109426498413,0.14171656966209412,0.0345069020986557
YHR107C,YER125W,1,0.50186884,0.29303279519081116,0.14271457493305206,0.0345069020986557
YCR071C,YDR415C,0,0.50183713,0.2924335300922394,0.14271457493305206,0.034606922417879105
YJL149W,YHR176W,0,0.50163746,0.2918367385864258,0.14271457493305206,0.03470694273710251
YPL145C,YPL100W,1,0.5014645,0.2932790219783783,0.14371258020401,0.03470694273710251
YOR275C,YLR378C,0,0.5010127,0.2926829159259796,0.14371258020401,0.03480696305632591
YDL185W,YAL010C,0,0.5001949,0.2920892536640167,0.14371258020401,0.03490697965025902
YCR002C,YFR019W,1,0.4990424,0.29352226853370667,0.14471058547496796,0.03490697965025902
YPL129W,YOL060C,0,0.4983325,0.2929292917251587,0.14471058547496796,0.03500699996948242
YKL117W,YBR177C,0,0.4978161,0.29233869910240173,0.14471058547496796,0.035107020288705826
YBL105C,YPL100W,1,0.49722433,0.29376256465911865,0.1457085758447647,0.035107020288705826
YPL100W,YHR073W,1,0.4967696,0.29518070816993713,0.14670658111572266,0.035107020288705826
YPL115C,YKR031C,1,0.4967382,0.29659318923950195,0.1477045863866806,0.035107020288705826
YPL145C,YGR241C,1,0.496696,0.2980000078678131,0.14870259165763855,0.035107020288705826
YLR270W,YJL099W,0,0.4963088,0.2974051833152771,0.14870259165763855,0.03520704060792923
YJL036W,YFR021W,1,0.49544328,0.29880478978157043,0.1497005969285965,0.03520704060792923
YER141W,YJL004C,0,0.49508792,0.2982107400894165,0.1497005969285965,0.035307060927152634
YMR004W,YFR019W,1,0.49431324,0.2996031641960144,0.15069860219955444,0.035307060927152634
YLR399C,YNL098C,0,0.49333638,0.29900988936424255,0.15069860219955444,0.03540708124637604
YFR042W,YGR179C,0,0.49280453,0.29841896891593933,0.15069860219955444,0.03550710156559944
YLR136C,YMR163C,0,0.49228776,0.29783037304878235,0.15069860219955444,0.035607121884822845
YHR098C,YOR151C,0,0.49195278,0.2972441017627716,0.15069860219955444,0.03570714220404625
YDL099W,YIL083C,0,0.49166715,0.2966601252555847,0.15069860219955444,0.03580716252326965
YER120W,YPL145C,1,0.4912129,0.2980392277240753,0.1516966074705124,0.03580716252326965
YNL082W,YMR231W,0,0.49077237,0.29745596647262573,0.1516966074705124,0.03590718284249306
YOL064C,YAL031C,0,0.49035114,0.296875,0.1516966074705124,0.03600720316171646
YER125W,YLR371W,1,0.49028164,0.2982456088066101,0.15269461274147034,0.03600720316171646
YJL036W,YBL105C,1,0.49027425,0.2996108829975128,0.15369261801242828,0.03600720316171646
YGR071C,YGL141W,0,0.48988593,0.2990291118621826,0.15369261801242828,0.03610721975564957
YGR199W,YDR410C,0,0.48963213,0.2984496057033539,0.15369261801242828,0.03620724007487297
YKL157W,YCR027C,0,0.4891407,0.2978723347187042,0.15369261801242828,0.036307260394096375
YJL036W,YDL225W,1,0.48757887,0.2992278039455414,0.15469062328338623,0.036307260394096375
YKR002W,YKR065C,0,0.48702705,0.29865124821662903,0.15469062328338623,0.03640728071331978
YML030W,YOR362C,0,0.48673928,0.29807692766189575,0.15469062328338623,0.03650730103254318
YBR230C,YGL071W,0,0.48661494,0.29750481247901917,0.15469062328338623,0.036607321351766586
YNL243W,YPL145C,1,0.4865169,0.29885056614875793,0.15568862855434418,0.036607321351766586
YJL154C,YDR195W,0,0.4846397,0.29827916622161865,0.15568862855434418,0.03670734167098999
YOR198C,YLL023C,0,0.48334575,0.2977099120616913,0.15568862855434418,0.036807361990213394
YPR036W,YER120W,0,0.48203313,0.2971428632736206,0.15568862855434418,0.0369073823094368
YFL009W,YMR152W,0,0.48123288,0.29657796025276184,0.15568862855434418,0.0370074026286602
YLR206W,YBR123C,0,0.47978437,0.2960151731967926,0.15568862855434418,0.037107422947883606
YDR109C,YCL057W,0,0.47903502,0.2954545319080353,0.15568862855434418,0.03720744326710701
YPL177C,YGL013C,0,0.47901988,0.29489603638648987,0.15568862855434418,0.037307459861040115
YPL053C,YDR479C,0,0.4788028,0.2943396270275116,0.15568862855434418,0.03740748018026352
YDL161W,YPL100W,1,0.47879076,0.2956685423851013,0.15668663382530212,0.03740748018026352
YHR001W,YOR357C,1,0.47873056,0.2969924807548523,0.15768462419509888,0.03740748018026352
YBR260C,YBR235W,0,0.4785962,0.29643526673316956,0.15768462419509888,0.03750750049948692
YOR291W,YPL064C,0,0.47781718,0.29588013887405396,0.15768462419509888,0.03760752081871033
YNL003C,YBL101C,0,0.4763224,0.2953270971775055,0.15768462419509888,0.03770754113793373
YGR113W,YGR013W,0,0.47609878,0.2947761118412018,0.15768462419509888,0.037807561457157135
YHR001W,YFR019W,1,0.4753219,0.29608938097953796,0.15868262946605682,0.037807561457157135
YDR051C,YKR006C,0,0.47455865,0.2955390214920044,0.15868262946605682,0.03790758177638054
YGR172C,YMR030W,0,0.47445887,0.2949907183647156,0.15868262946605682,0.03800760209560394
YDL168W,YJR138W,0,0.47444737,0.2944444417953491,0.15868262946605682,0.03810762241482735
YKL012W,YIL010W,0,0.47431105,0.29390019178390503,0.15868262946605682,0.03820764273405075
YCR002C,YER120W,1,0.4743029,0.29520294070243835,0.15968063473701477,0.03820764273405075
YHR030C,YGL013C,0,0.47315812,0.294659286737442,0.15968063473701477,0.038307663053274155
YML109W,YCR030C,0,0.47219545,0.29411765933036804,0.15968063473701477,0.03840768337249756
YPL009C,YER154W,0,0.47110087,0.29357796907424927,0.15968063473701477,0.038507699966430664
YJL029C,YMR201C,0,0.4690864,0.29304030537605286,0.15968063473701477,0.03860772028565407
YPL015C,YKL041W,0,0.46861225,0.29250457882881165,0.15968063473701477,0.03870774060487747
YMR037C,YNL291C,0,0.46859425,0.29197078943252563,0.15968063473701477,0.038807760924100876
YDL225W,YLR314C,1,0.46846926,0.29326048493385315,0.16067864000797272,0.038807760924100876
YGL251C,YLR070C,0,0.4672894,0.2927272617816925,0.16067864000797272,0.03890778124332428
YBR230C,YOR126C,0,0.46726435,0.29219600558280945,0.16067864000797272,0.039007801562547684
YDL161W,YGR241C,1,0.46614045,0.29347825050354004,0.16167664527893066,0.039007801562547684
YDL084W,YLR201C,0,0.46608788,0.29294756054878235,0.16167664527893066,0.03910782188177109
YOR197W,YGR086C,0,0.46581447,0.29241877794265747,0.16167664527893066,0.03920784220099449
YJR044C,YHR034C,0,0.46579748,0.2918919026851654,0.16167664527893066,0.039307862520217896
YOL007C,YGL236C,0,0.4653933,0.29136690497398376,0.16167664527893066,0.0394078828394413
YHR084W,YPL103C,0,0.4647882,0.29084381461143494,0.16167664527893066,0.0395079031586647
YEL058W,YFL044C,0,0.46478617,0.29032257199287415,0.16167664527893066,0.03960791975259781
YOR022C,YJL106W,0,0.46301055,0.2898032069206238,0.16167664527893066,0.03970794007182121
YNR006W,YGR193C,1,0.4627633,0.29107141494750977,0.1626746505498886,0.03970794007182121
YKL140W,YOL056W,0,0.46233988,0.2905525863170624,0.1626746505498886,0.03980796039104462
YML015C,YGL065C,0,0.46205157,0.29003557562828064,0.1626746505498886,0.03990798071026802
YDL019C,YDR103W,1,0.46193218,0.2912966310977936,0.16367265582084656,0.03990798071026802
YKL088W,YAR027W,0,0.46173733,0.29078012704849243,0.16367265582084656,0.040008001029491425
YBL105C,YDL113C,1,0.4613502,0.29203540086746216,0.1646706610918045,0.040008001029491425
YJL090C,YKR066C,0,0.4610014,0.291519433259964,0.1646706610918045,0.04010802134871483
YDL065C,YGL065C,0,0.4596765,0.29100528359413147,0.1646706610918045,0.04020804166793823
YDR414C,YLR109W,0,0.45966005,0.2904929518699646,0.1646706610918045,0.040308061987161636
YLR144C,YBR096W,0,0.45879638,0.2899824380874634,0.1646706610918045,0.04040808230638504
YIL105C,YOR357C,1,0.45735466,0.2912280559539795,0.16566866636276245,0.04040808230638504
YGR261C,YDR062W,0,0.45721406,0.29071804881095886,0.16566866636276245,0.040508102625608444
YMR134W,YBR281C,0,0.454507,0.2902098000049591,0.16566866636276245,0.04060812294483185
YMR054W,YER184C,0,0.4544481,0.2897033095359802,0.16566866636276245,0.04070814326405525
YLR452C,YGL256W,0,0.4532935,0.2891986072063446,0.16566866636276245,0.04080815985798836
YDR416W,YER027C,0,0.45327485,0.28869566321372986,0.16566866636276245,0.04090818017721176
YOR069W,YPL100W,1,0.45308167,0.2899305522441864,0.1666666716337204,0.04090818017721176
YDR043C,YML038C,0,0.45278072,0.28942808508872986,0.1666666716337204,0.041008200496435165
YAR042W,YHR001W,1,0.45229888,0.2906574308872223,0.16766467690467834,0.041008200496435165
YBL040C,YOL016C,0,0.45206046,0.29015544056892395,0.16766467690467834,0.04110822081565857
YDR313C,YAL053W,0,0.4511627,0.2896551787853241,0.16766467690467834,0.04120824113488197
YJL036W,YGR037C,1,0.45105708,0.2908777892589569,0.1686626672744751,0.04120824113488197
YBR234C,YGL257C,0,0.45065677,0.29037800431251526,0.1686626672744751,0.04130826145410538
YPL115C,YCR002C,1,0.45057273,0.2915951907634735,0.16966067254543304,0.04130826145410538
YJL155C,YBR179C,0,0.45045102,0.29109588265419006,0.16966067254543304,0.04140828177332878
YHR107C,YOR086C,1,0.45006794,0.29230770468711853,0.170658677816391,0.04140828177332878
YDR460W,YOR138C,0,0.44951236,0.2918088734149933,0.170658677816391,0.041508302092552185
YDL080C,YOL075C,0,0.4491155,0.29131174087524414,0.170658677816391,0.04160832241177559
YLR178C,YDR323C,1,0.4486013,0.2925170063972473,0.17165668308734894,0.04160832241177559
YOL003C,YGR095C,0,0.44840574,0.29202038049697876,0.17165668308734894,0.04170834273099899
YDR254W,YGL156W,0,0.447896,0.2915254235267639,0.17165668308734894,0.0418083630502224
YBR200W,YDR103W,1,0.44727433,0.2927241921424866,0.17265468835830688,0.0418083630502224
YNL092W,YDL008W,0,0.44719112,0.2922297418117523,0.17265468835830688,0.0419083833694458
YGL023C,YOR132W,1,0.44625205,0.29342326521873474,0.17365269362926483,0.0419083833694458
YGL161C,YER147C,0,0.44542074,0.2929292917251587,0.17365269362926483,0.042008399963378906
YIR006C,YBR115C,0,0.4452935,0.29243698716163635,0.17365269362926483,0.04210842028260231
YDL225W,YNL243W,1,0.4442129,0.2936241626739502,0.17465069890022278,0.04210842028260231
YLR398C,YPL127C,0,0.44335967,0.29313233494758606,0.17465069890022278,0.042208440601825714
YPL194W,YNL097C,0,0.44328475,0.29264214634895325,0.17465069890022278,0.04230846092104912
YOL008W,YIL004C,0,0.44214964,0.29215359687805176,0.17465069890022278,0.04240848124027252
YDR153C,YDL019C,1,0.44204992,0.2933333218097687,0.17564870417118073,0.04240848124027252
YJR076C,YML112W,0,0.44164002,0.2928452491760254,0.17564870417118073,0.042508501559495926
YPL174C,YOR284W,0,0.44139886,0.2923588156700134,0.17564870417118073,0.04260852187871933
YER027C,YLR452C,0,0.44038713,0.291873961687088,0.17564870417118073,0.042708542197942734
YBL105C,YIL105C,1,0.4401999,0.29304635524749756,0.17664670944213867,0.042708542197942734
YGR193C,YPL100W,1,0.4396488,0.2942148745059967,0.17764471471309662,0.042708542197942734
YOR086C,YJR076C,1,0.43890828,0.29537954926490784,0.17864271998405457,0.042708542197942734
YLR429W,YNL135C,0,0.43888795,0.29489290714263916,0.17864271998405457,0.04280856251716614
YPR113W,YNL075W,0,0.4379667,0.2944079041481018,0.17864271998405457,0.04290858283638954
YJR009C,YNL136W,0,0.43720233,0.293924480676651,0.17864271998405457,0.043008603155612946
YPL118W,YDR147W,0,0.4352919,0.29344263672828674,0.17864271998405457,0.04310862347483635
YPL208W,YCL040W,0,0.43426925,0.29296234250068665,0.17864271998405457,0.043208640068769455
YLR206W,YDR313C,1,0.43419248,0.29411765933036804,0.1796407252550125,0.043208640068769455
YCL043C,YDR329C,0,0.43404824,0.29363784193992615,0.1796407252550125,0.04330866038799286
YNL044W,YMR004W,0,0.433793,0.2931596040725708,0.1796407252550125,0.04340868070721626
YGR222W,YDR279W,0,0.43362206,0.2926829159259796,0.1796407252550125,0.04350870102643967
YNL305C,YOR257W,0,0.4334482,0.2922077775001526,0.1796407252550125,0.04360872134566307
YOR256C,YKR086W,0,0.43332243,0.2917341887950897,0.1796407252550125,0.043708741664886475
YPL031C,YOR089C,0,0.43241286,0.291262149810791,0.1796407252550125,0.04380876198410988
YNL219C,YFL008W,0,0.43223757,0.2907916009426117,0.1796407252550125,0.04390878230333328
YJL206C,YGR028W,0,0.42983365,0.29032257199287415,0.1796407252550125,0.044008802622556686
YBR014C,YOL129W,0,0.42905223,0.28985506296157837,0.1796407252550125,0.04410882294178009
YDL128W,YLR077W,0,0.42895383,0.28938907384872437,0.1796407252550125,0.044208843261003494
YOR275C,YMR288W,0,0.42865956,0.28892454504966736,0.1796407252550125,0.0443088635802269
YCL043C,YOR299W,0,0.4274183,0.2884615361690521,0.1796407252550125,0.044408880174160004
YGL023C,YML072C,1,0.42674732,0.2896000146865845,0.18063871562480927,0.044408880174160004
YDL080C,YKL212W,0,0.4266761,0.2891373932361603,0.18063871562480927,0.04450890049338341
YOR329C,YGL119W,0,0.42648822,0.2886762320995331,0.18063871562480927,0.04460892081260681
YLR178C,YIL105C,1,0.42607445,0.2898089289665222,0.1816367208957672,0.04460892081260681
YLR178C,YDR103W,1,0.4250077,0.29093798995018005,0.18263472616672516,0.04460892081260681
YLR228C,YLR035C,0,0.42417294,0.2904762029647827,0.18263472616672516,0.044708941131830215
YNL258C,YNR022C,0,0.42372435,0.29001584649086,0.18263472616672516,0.04480896145105362
YOL089C,YOR125C,0,0.42320192,0.28955695033073425,0.18263472616672516,0.04490898177027702
YDL180W,YFL047W,0,0.4231395,0.2890995144844055,0.18263472616672516,0.04500900208950043
YOL052C,YPL037C,0,0.42283463,0.2886435389518738,0.18263472616672516,0.04510902240872383
YOR216C,YKL067W,0,0.4228232,0.28818896412849426,0.18263472616672516,0.045209042727947235
YJL036W,YOR357C,1,0.42257112,0.28930819034576416,0.1836327314376831,0.045209042727947235
YBR036C,YGL200C,0,0.42209852,0.2888540029525757,0.1836327314376831,0.04530906304717064
YDR288W,YNR028W,0,0.42180532,0.2884012460708618,0.1836327314376831,0.04540908336639404
YNL229C,YHR129C,0,0.42072392,0.28794991970062256,0.1836327314376831,0.04550909996032715
YMR058W,YDL110C,0,0.4206043,0.2874999940395355,0.1836327314376831,0.04560912027955055
YJR125C,YHR073W,1,0.42047328,0.2886115312576294,0.18463073670864105,0.04560912027955055
YBL058W,YDR456W,0,0.4202609,0.2881619930267334,0.18463073670864105,0.045709140598773956
YMR079W,YFL037W,0,0.41947103,0.2877138555049896,0.18463073670864105,0.04580916091799736
YNL047C,YLR371W,1,0.4193278,0.2888198792934418,0.185628741979599,0.04580916091799736
YFR028C,YHR043C,0,0.41868895,0.28837209939956665,0.185628741979599,0.045909181237220764
YHR002W,YDR293C,0,0.41859287,0.28792569041252136,0.185628741979599,0.04600920155644417
YGL223C,YMR097C,0,0.41753125,0.2874806821346283,0.185628741979599,0.04610922187566757
YLR330W,YKL064W,0,0.4173689,0.28703704476356506,0.185628741979599,0.046209242194890976
YNL312W,YOR069W,0,0.41730154,0.2865947484970093,0.185628741979599,0.04630926251411438
YPL048W,YLR314C,1,0.4171756,0.2876923084259033,0.18662674725055695,0.04630926251411438
YMR013C,YDR379W,0,0.4163326,0.2872503697872162,0.18662674725055695,0.046409282833337784
YMR267W,YDR538W,0,0.41517544,0.2868098020553589,0.18662674725055695,0.04650930315256119
YOR069W,YJR076C,1,0.41482705,0.28790199756622314,0.1876247525215149,0.04650930315256119
YDL052C,YOR246C,0,0.41438097,0.2874617874622345,0.1876247525215149,0.04660932347178459
YPL144W,YNR027W,0,0.41379595,0.2870228886604309,0.1876247525215149,0.0467093400657177
YMR302C,YML118W,0,0.41315013,0.28658536076545715,0.1876247525215149,0.0468093603849411
YPL048W,YGL212W,1,0.4130891,0.2876712381839752,0.18862275779247284,0.0468093603849411
YJR125C,YPL048W,1,0.4127679,0.28875380754470825,0.1896207630634308,0.0468093603849411
YIL026C,YCR011C,0,0.41238564,0.28831562399864197,0.1896207630634308,0.046909380704164505
YNR047W,YDL147W,0,0.4108019,0.28787878155708313,0.1896207630634308,0.04700940102338791
YJL170C,YKL101W,0,0.4092536,0.28744328022003174,0.1896207630634308,0.04710942134261131
YPL048W,YPL145C,1,0.4081353,0.28851965069770813,0.19061876833438873,0.04710942134261131
YNL331C,YNL258C,0,0.4077056,0.288084477186203,0.19061876833438873,0.04720944166183472
YGL150C,YBL050W,0,0.40770048,0.28765061497688293,0.19061876833438873,0.04730946198105812
YDR376W,YER058W,0,0.40727913,0.28721803426742554,0.19061876833438873,0.047409482300281525
YER027C,YHR172W,0,0.40714574,0.2867867946624756,0.19061876833438873,0.04750950261950493
YJR060W,YML014W,0,0.4062218,0.2863568067550659,0.19061876833438873,0.04760952293872833
YLR070C,YOR043W,0,0.40554464,0.2859281301498413,0.19061876833438873,0.047709543257951736
YPR020W,YOR274W,0,0.40539908,0.28550073504447937,0.19061876833438873,0.04780956357717514
YBR175W,YCL050C,0,0.40535605,0.2850746214389801,0.19061876833438873,0.047909580171108246
YLR178C,YER008C,1,0.40500414,0.2861400842666626,0.19161677360534668,0.047909580171108246
YOR329C,YOR089C,0,0.40480703,0.2857142984867096,0.19161677360534668,0.04800960049033165
YDL008W,YHL007C,0,0.40458602,0.2852897346019745,0.19161677360534668,0.048109620809555054
YLR045C,YGR287C,0,0.4045825,0.28486648201942444,0.19161677360534668,0.04820964112877846
YDL115C,YNL080C,0,0.40453517,0.2844444513320923,0.19161677360534668,0.04830966144800186
YHR043C,YJL047C,0,0.40446836,0.2840236723423004,0.19161677360534668,0.048409681767225266
YLR207W,YIL065C,0,0.40342164,0.28360414505004883,0.19161677360534668,0.04850970208644867
YHL004W,YLR127C,0,0.40268928,0.28318583965301514,0.19161677360534668,0.04860972240567207
YNL154C,YDR369C,0,0.40255195,0.28276878595352173,0.19161677360534668,0.04870974272489548
YJL151C,YLR078C,0,0.40215123,0.2823529541492462,0.19161677360534668,0.04880976304411888
YNL197C,YPL206C,0,0.4014858,0.2819383144378662,0.19161677360534668,0.048909783363342285
YHR107C,YDR103W,1,0.40068674,0.2829912006855011,0.19261476397514343,0.048909783363342285
YHR161C,YER008C,1,0.39993644,0.28404098749160767,0.19361276924610138,0.048909783363342285
YDR316W,YKL124W,0,0.39956623,0.2836257219314575,0.19361276924610138,0.04900980368256569
YAR042W,YDR103W,1,0.3992864,0.2846715450286865,0.19461077451705933,0.04900980368256569
YGR261C,YDR479C,0,0.3982103,0.28425654768943787,0.19461077451705933,0.049109820276498795
YBL040C,YGL136C,0,0.39811647,0.2838428020477295,0.19461077451705933,0.0492098405957222
YOR069W,YER008C,1,0.39740008,0.2848837077617645,0.19560877978801727,0.0492098405957222
YMR092C,YER007W,0,0.39700508,0.28447026014328003,0.19560877978801727,0.0493098609149456
YNL116W,YNR051C,0,0.39698517,0.28405797481536865,0.19560877978801727,0.049409881234169006
YMR314W,YGR216C,0,0.3967927,0.2836468815803528,0.19560877978801727,0.04950990155339241
YJR088C,YIL049W,0,0.39668512,0.2832369804382324,0.19560877978801727,0.049609921872615814
YDL077C,YPL170W,0,0.3965032,0.28282827138900757,0.19560877978801727,0.04970994219183922
YKL049C,YJL093C,0,0.39610177,0.2824207544326782,0.19560877978801727,0.04980996251106262
YMR092C,YLR272C,0,0.39560091,0.282014399766922,0.19560877978801727,0.049909982830286026
YHR174W,YOR361C,0,0.39494395,0.2816092073917389,0.19560877978801727,0.05001000314950943
YGR277C,YHR183W,0,0.39467365,0.2812051773071289,0.19560877978801727,0.050110023468732834
YDR058C,YFL041W,0,0.39410543,0.28080227971076965,0.19560877978801727,0.05021004378795624
YNL047C,YPL048W,1,0.39344537,0.28183117508888245,0.19660678505897522,0.05021004378795624
YDR296W,YDR137W,0,0.39318204,0.28142857551574707,0.19660678505897522,0.05031006038188934
YJL178C,YPL208W,0,0.39280784,0.2810271084308624,0.19660678505897522,0.05041008070111275
YLR238W,YGL141W,0,0.39248914,0.2806267738342285,0.19660678505897522,0.05051010102033615
YOR353C,YLR141W,0,0.3915801,0.2802276015281677,0.19660678505897522,0.050610121339559555
YIL111W,YKR008W,0,0.39101082,0.2798295319080353,0.19660678505897522,0.05071014165878296
YMR161W,YLR078C,0,0.39075953,0.27943262457847595,0.19660678505897522,0.05081016197800636
YJR134C,YNR013C,0,0.39046502,0.27903681993484497,0.19660678505897522,0.05091018229722977
YMR054W,YNL016W,0,0.39029074,0.2786421477794647,0.19660678505897522,0.05101020261645317
YAR014C,YIL023C,0,0.3891821,0.2782485783100128,0.19660678505897522,0.051110222935676575
YJL085W,YFR019W,1,0.3875602,0.2792665660381317,0.19760479032993317,0.051110222935676575
YNL268W,YNL125C,0,0.387231,0.2788732349872589,0.19760479032993317,0.05121024325489998
YKL096W-A,YHR047C,0,0.38706386,0.27848100662231445,0.19760479032993317,0.05131026357412338
YOR246C,YML012W,0,0.38631445,0.27808988094329834,0.19760479032993317,0.051410283893346786
YKL015W,YLL043W,0,0.38603824,0.27769985795021057,0.19760479032993317,0.05151030048727989
YGR222W,YDR298C,0,0.3858952,0.27731093764305115,0.19760479032993317,0.051610320806503296
YNL147W,YNL128W,0,0.38565212,0.2769230902194977,0.19760479032993317,0.0517103411257267
YGR223C,YDR425W,1,0.38428319,0.2779329717159271,0.1986027956008911,0.0517103411257267
YGR183C,YOR064C,0,0.384264,0.27754533290863037,0.1986027956008911,0.051810361444950104
YDR229W,YML104C,1,0.38363707,0.27855151891708374,0.19960080087184906,0.051810361444950104
YKR080W,YJR058C,0,0.382908,0.2781641185283661,0.19960080087184906,0.05191038176417351
YAL044C,YGR037C,1,0.38235033,0.27916666865348816,0.200598806142807,0.05191038176417351
YNL047C,YOR132W,1,0.3820017,0.2801664471626282,0.20159681141376495,0.05191038176417351
YNL326C,YPL177C,0,0.3804264,0.279778391122818,0.20159681141376495,0.05201040208339691
YLR274W,YNL007C,0,0.38031214,0.27939143776893616,0.20159681141376495,0.052110422402620316
YDR440W,YLL040C,0,0.37985277,0.2790055274963379,0.20159681141376495,0.05221044272184372
YPL270W,YLR201C,0,0.37928534,0.2786206901073456,0.20159681141376495,0.05231046304106712
YPL115C,YBL105C,1,0.3790065,0.27961432933807373,0.2025948166847229,0.05231046304106712
YJR059W,YJR060W,0,0.37840366,0.27922970056533813,0.2025948166847229,0.05241048336029053
YFR041C,YGR075C,0,0.3782038,0.2788461446762085,0.2025948166847229,0.05251050367951393
YHR115C,YHR076W,0,0.37808138,0.2784636616706848,0.2025948166847229,0.05261052027344704
YKR003W,YGR098C,0,0.37768406,0.2780821919441223,0.2025948166847229,0.05271054059267044
YDR394W,YBR216C,0,0.3770305,0.2777017652988434,0.2025948166847229,0.052810560911893845
YMR291W,YNL116W,0,0.37535387,0.2773224115371704,0.2025948166847229,0.05291058123111725
YPL002C,YLR309C,0,0.37508142,0.2769440710544586,0.2025948166847229,0.05301060155034065
YER008C,YBR281C,0,0.37409967,0.276566743850708,0.2025948166847229,0.053110621869564056
YMR037C,YIL044C,0,0.37274194,0.27619048953056335,0.2025948166847229,0.05321064218878746
YDR530C,YPL240C,0,0.37273085,0.2758152186870575,0.2025948166847229,0.053310662508010864
YML028W,YMR311C,0,0.37249476,0.2754409909248352,0.2025948166847229,0.05341068282723427
YER171W,YGR256W,0,0.37015682,0.2750677466392517,0.2025948166847229,0.05351070314645767
YDR323C,YHR001W,1,0.3698271,0.2760487198829651,0.20359280705451965,0.05351070314645767
YHR107C,YHR001W,1,0.36895025,0.27702704071998596,0.2045908123254776,0.05351070314645767
YGL009C,YPL218W,0,0.3685013,0.2766531705856323,0.2045908123254776,0.053610723465681076
YLR206W,YCR002C,1,0.3678643,0.2776280343532562,0.20558881759643555,0.053610723465681076
YKL193C,YGR041W,0,0.36706084,0.2772543728351593,0.20558881759643555,0.05371074378490448
YOR198C,YFR019W,0,0.36669147,0.27688172459602356,0.20558881759643555,0.053810760378837585
YNL243W,YPL100W,1,0.36667776,0.2778523564338684,0.2065868228673935,0.053810760378837585
YLR024C,YNL272C,0,0.36473846,0.277479887008667,0.2065868228673935,0.05391078069806099
YJL024C,YCL034W,0,0.36432743,0.27710843086242676,0.2065868228673935,0.05401080101728439
YCL043C,YOR326W,0,0.3637439,0.2767379581928253,0.2065868228673935,0.0541108213365078
YGR263C,YCR096C,0,0.3630278,0.27636849880218506,0.2065868228673935,0.0542108416557312
YJL099W,YCL038C,0,0.3628412,0.2759999930858612,0.2065868228673935,0.054310861974954605
YBR185C,YHR057C,0,0.36221284,0.27563250064849854,0.2065868228673935,0.05441088229417801
YML015C,YPL163C,0,0.36207557,0.27526596188545227,0.2065868228673935,0.05451090261340141
YDR387C,YJL221C,0,0.36205316,0.2749004065990448,0.2065868228673935,0.05461092293262482
YIL050W,YIR025W,0,0.36122912,0.27453580498695374,0.2065868228673935,0.05471094325184822
YLL003W,YDR197W,0,0.3611217,0.27417218685150146,0.2065868228673935,0.054810963571071625
YOR069W,YJL036W,1,0.36088246,0.27513226866722107,0.20758482813835144,0.054810963571071625
YMR029C,YHR115C,0,0.36009192,0.2747688293457031,0.20758482813835144,0.05491098389029503
YDR142C,YBR123C,0,0.35982507,0.2744063436985016,0.20758482813835144,0.055011000484228134
YDR425W,YHR001W,1,0.3597278,0.2753623127937317,0.2085828334093094,0.055011000484228134
YLL043W,YDR330W,0,0.35950917,0.2750000059604645,0.2085828334093094,0.05511102080345154
YOR219C,YPR025C,0,0.35923046,0.2746386229991913,0.2085828334093094,0.05521104112267494
YDR329C,YBR095C,0,0.35836673,0.2742782235145569,0.2085828334093094,0.055311061441898346
YML049C,YER090W,0,0.35770172,0.2739187479019165,0.2085828334093094,0.05541108176112175
YJL157C,YKR003W,0,0.35713083,0.27356019616127014,0.2085828334093094,0.055511102080345154
YDR462W,YIL083C,0,0.3569582,0.2732026278972626,0.2085828334093094,0.05561112239956856
YBR297W,YGR163W,0,0.35635895,0.27284595370292664,0.2085828334093094,0.05571114271879196
YER154W,YDL005C,0,0.35619146,0.2724902331829071,0.2085828334093094,0.055811163038015366
YCR046C,YJL184W,0,0.35547924,0.2721354067325592,0.2085828334093094,0.05591118335723877
YNL091W,YKL067W,0,0.3551184,0.2717815339565277,0.2085828334093094,0.05601120367646217
YGR223C,YJR125C,1,0.35500294,0.27272728085517883,0.20958083868026733,0.05601120367646217
YER026C,YHR012W,0,0.35500014,0.2723735272884369,0.20958083868026733,0.05611122399568558
YDL019C,YOR357C,1,0.35454637,0.27331605553627014,0.21057884395122528,0.05611122399568558
YKL012W,YOR198C,0,0.35452372,0.2729624807834625,0.21057884395122528,0.05621124058961868
YFR044C,YOR159C,0,0.35435867,0.2726098299026489,0.21057884395122528,0.05631126090884209
YGR278W,YJR013W,0,0.3543154,0.27225807309150696,0.21057884395122528,0.05641128122806549
YNR023W,YEL063C,0,0.35404617,0.2719072103500366,0.21057884395122528,0.056511301547288895
YDL099W,YGR086C,0,0.35298532,0.2715572714805603,0.21057884395122528,0.0566113218665123
YGR223C,YLR206W,1,0.35296047,0.2724935710430145,0.21157684922218323,0.0566113218665123
YBR200W,YML072C,1,0.35268134,0.27342745661735535,0.21257485449314117,0.0566113218665123
YGR223C,YDL161W,1,0.35265315,0.27435898780822754,0.21357285976409912,0.0566113218665123
YNL106C,YBR235W,0,0.35264236,0.2740076780319214,0.21357285976409912,0.0567113421857357
YDR511W,YHR012W,0,0.3519711,0.27365729212760925,0.21357285976409912,0.056811362504959106
YMR061W,YIL083C,0,0.35183674,0.27330780029296875,0.21357285976409912,0.05691138282418251
YMR289W,YGR171C,0,0.35136867,0.2729591727256775,0.21357285976409912,0.057011403143405914
YML074C,YLR120C,0,0.35024464,0.27261146903038025,0.21357285976409912,0.05711142346262932
YER114C,YPR097W,1,0.35010874,0.27353689074516296,0.21457086503505707,0.05711142346262932
YOR216C,YNL047C,0,0.34985316,0.27318933606147766,0.21457086503505707,0.05721144378185272
YNL047C,YHR001W,1,0.34909236,0.27411168813705444,0.21556885540485382,0.05721144378185272
YPR024W,YDL010W,0,0.34882724,0.2737642526626587,0.21556885540485382,0.057311464101076126
YGR037C,YER008C,1,0.34849483,0.27468353509902954,0.21656686067581177,0.057311464101076126
YGR241C,YER008C,1,0.34774148,0.27560049295425415,0.21756486594676971,0.057311464101076126
YDR472W,YJR151C,0,0.34750283,0.2752525210380554,0.21756486594676971,0.05741148069500923
YCR002C,YHR073W,1,0.34684527,0.27616646885871887,0.21856287121772766,0.05741148069500923
YJL029C,YOR311C,0,0.34599614,0.2758186459541321,0.21856287121772766,0.057511501014232635
YPL115C,YAR042W,1,0.3458591,0.276729553937912,0.2195608764886856,0.057511501014232635
YDL099W,YBR080C,0,0.34585762,0.2763819098472595,0.2195608764886856,0.05761152133345604
YDR495C,YJR005W,0,0.34562522,0.2760351300239563,0.2195608764886856,0.05771154165267944
YMR119W,YLR357W,0,0.3452704,0.2756892144680023,0.2195608764886856,0.05781156197190285
YER114C,YOR132W,1,0.34484476,0.27659574151039124,0.22055888175964355,0.05781156197190285
YNL268W,YDR104C,0,0.34477824,0.2762500047683716,0.22055888175964355,0.05791158229112625
YML104C,YHR176W,0,0.34445643,0.27590513229370117,0.22055888175964355,0.058011602610349655
YEL034W,YER019C-A,0,0.34432948,0.2755610942840576,0.22055888175964355,0.05811162292957306
YOR256C,YHL016C,0,0.34407043,0.2752179205417633,0.22055888175964355,0.05821164324879646
YPL002C,YJL081C,0,0.34377462,0.27487561106681824,0.22055888175964355,0.05831166356801987
YJL036W,YDR313C,1,0.34357303,0.27577638626098633,0.2215568870306015,0.05831166356801987
YKR031C,YDL019C,1,0.3434353,0.27667492628097534,0.22255489230155945,0.05831166356801987
YDR229W,YOR132W,1,0.34331876,0.27757126092910767,0.2235528975725174,0.05831166356801987
YNL159C,YJL081C,0,0.3429439,0.2772277295589447,0.2235528975725174,0.05841168388724327
YPL246C,YDR353W,0,0.34285045,0.2768850326538086,0.2235528975725174,0.058511700481176376
YDR483W,YJR127C,0,0.3422917,0.27654320001602173,0.2235528975725174,0.05861172080039978
YML032C,YDR155C,0,0.3421833,0.2762022316455841,0.2235528975725174,0.058711741119623184
YGL022W,YOR094W,0,0.34195536,0.27586206793785095,0.2235528975725174,0.05881176143884659
YML104C,YAR042W,1,0.34151602,0.276752769947052,0.22455090284347534,0.05881176143884659
YML131W,YHR079C,0,0.3412133,0.2764127850532532,0.22455090284347534,0.05891178175806999
YBR234C,YIR003W,0,0.33992243,0.2760736048221588,0.22455090284347534,0.059011802077293396
YER125W,YLR314C,1,0.33924872,0.2769607901573181,0.2255489081144333,0.059011802077293396
YGL043W,YFR045W,0,0.33830476,0.2766217887401581,0.2255489081144333,0.0591118223965168
YPL123C,YNL275W,0,0.33783787,0.2762836217880249,0.2255489081144333,0.059211842715740204
YNL329C,YDR231C,0,0.33771294,0.2759462893009186,0.2255489081144333,0.05931186303496361
YKR031C,YFR021W,1,0.3362071,0.2768292725086212,0.22654691338539124,0.05931186303496361
YMR302C,YMR284W,0,0.3358286,0.27649208903312683,0.22654691338539124,0.05941188335418701
YBR110W,YGR166W,0,0.3354603,0.2761557102203369,0.22654691338539124,0.059511903673410416
YER154W,YLR283W,0,0.33478665,0.27582016587257385,0.22654691338539124,0.05961192399263382
YDR354W,YBR070C,0,0.33286667,0.27548542618751526,0.22654691338539124,0.059711940586566925
YBR133C,YLR373C,0,0.33273214,0.2751515209674835,0.22654691338539124,0.05981196090579033
YEL022W,YIL031W,0,0.3324951,0.27481839060783386,0.22654691338539124,0.05991198122501373
YKR031C,YPL100W,1,0.3323065,0.2756952941417694,0.227544903755188,0.05991198122501373
YHR104W,YDL006W,0,0.33121663,0.2753623127937317,0.227544903755188,0.06001200154423714
YOR270C,YOR326W,0,0.33077234,0.2750301659107208,0.227544903755188,0.06011202186346054
YGR223C,YLR314C,1,0.33046865,0.2759036123752594,0.22854290902614594,0.06011202186346054
YDR031W,YML049C,0,0.33040154,0.2755716145038605,0.22854290902614594,0.060212042182683945
YNL107W,YJL164C,0,0.32998055,0.27524039149284363,0.22854290902614594,0.06031206250190735
YDL044C,YHR181W,0,0.32979935,0.27490997314453125,0.22854290902614594,0.06041208282113075
YGR189C,YGL004C,0,0.3294773,0.27458032965660095,0.22854290902614594,0.060512103140354156
YDR153C,YCR002C,1,0.32940197,0.27544909715652466,0.22954091429710388,0.060512103140354156
YPL115C,YJR125C,1,0.3292567,0.2763157784938812,0.23053891956806183,0.060512103140354156
YBL023C,YPL256C,0,0.32908553,0.2759856581687927,0.23053891956806183,0.06061212345957756
YPL048W,YHR001W,1,0.32901865,0.276849627494812,0.23153692483901978,0.06061212345957756
YGR077C,YNL082W,0,0.32900798,0.27651965618133545,0.23153692483901978,0.060712143778800964
YMR100W,YBR072W,0,0.32778466,0.27619048953056335,0.23153692483901978,0.06081216409802437
YGR101W,YGL172W,0,0.32743454,0.27586206793785095,0.23153692483901978,0.060912180691957474
YLR116W,YOL030W,0,0.32732457,0.275534451007843,0.23153692483901978,0.06101220101118088
YLR433C,YPL159C,0,0.3271438,0.2752075791358948,0.23153692483901978,0.06111222133040428
YFR015C,YPR198W,0,0.32701373,0.274881511926651,0.23153692483901978,0.061212241649627686
YNL297C,YNR031C,0,0.32660985,0.2745562195777893,0.23153692483901978,0.06131226196885109
YOL093W,YNL125C,0,0.3254252,0.2742316722869873,0.23153692483901978,0.06141228228807449
YNL003C,YDR451C,0,0.3248282,0.2739078998565674,0.23153692483901978,0.0615123026072979
YPL100W,YDR103W,1,0.3241772,0.27476415038108826,0.23253493010997772,0.0615123026072979
YLR206W,YPL145C,1,0.3241374,0.27561837434768677,0.23353293538093567,0.0615123026072979
YLR178C,YDR229W,1,0.32403457,0.2764706015586853,0.23453094065189362,0.0615123026072979
YGR222W,YBR102C,0,0.32398117,0.27614569664001465,0.23453094065189362,0.0616123229265213
YJL071W,YER090W,0,0.32360888,0.27582159638404846,0.23453094065189362,0.061712343245744705
YHR179W,YIL085C,0,0.32324558,0.27549824118614197,0.23453094065189362,0.06181236356496811
YMR231W,YOR115C,0,0.32271445,0.27517563104629517,0.23453094065189362,0.06191238388419151
YGR012W,YKR009C,0,0.32238787,0.27485379576683044,0.23453094065189362,0.06201240420341492
YGR241C,YNL298W,0,0.3221057,0.2745327055454254,0.23453094065189362,0.06211242079734802
YBL079W,YDR177W,0,0.3211953,0.2742123603820801,0.23453094065189362,0.062212441116571426
YMR272C,YER016W,0,0.32083702,0.27389276027679443,0.23453094065189362,0.06231246143579483
YGR033C,YDR479C,0,0.3204618,0.27357393503189087,0.23453094065189362,0.062412481755018234
YOR329C,YMR216C,0,0.32017362,0.2732558250427246,0.23453094065189362,0.06251250207424164
YIL041W,YBR066C,0,0.32017028,0.27293843030929565,0.23453094065189362,0.06261252611875534
YIL128W,YER094C,0,0.3197407,0.2726218104362488,0.23453094065189362,0.06271254271268845
YMR166C,YFL013C,0,0.3194694,0.2723059058189392,0.23453094065189362,0.06281255930662155
YOR175C,YOR216C,0,0.31892186,0.27199074625968933,0.23453094065189362,0.06291258335113525
YJR151C,YDR065W,0,0.31881434,0.27167630195617676,0.23453094065189362,0.06301259994506836
YER161C,YGL158W,0,0.31869698,0.2713625729084015,0.23453094065189362,0.06311262398958206
YKR003W,YBR200W,1,0.31851053,0.2722029983997345,0.23552894592285156,0.06311262398958206
YDR481C,YML032C,0,0.31770825,0.2718893885612488,0.23552894592285156,0.06321264058351517
YKL091C,YER019W,0,0.31667316,0.27157652378082275,0.23552894592285156,0.06331266462802887
YGR092W,YNL304W,0,0.31620258,0.27126437425613403,0.23552894592285156,0.06341268122196198
YMR289W,YJL204C,0,0.315031,0.2709529399871826,0.23552894592285156,0.06351270526647568
YDR352W,YER098W,0,0.31439131,0.2706421911716461,0.23552894592285156,0.06361272186040878
YOR003W,YEL058W,0,0.31393898,0.2703321874141693,0.23552894592285156,0.06371274590492249
YKL095W,YPL172C,0,0.31370854,0.2700228691101074,0.23552894592285156,0.06381276249885559
YMR004W,YJR076C,1,0.31351382,0.27085715532302856,0.2365269511938095,0.06381276249885559
YLR206W,YDL225W,1,0.31329936,0.2716895043849945,0.23752495646476746,0.06381276249885559
YDR229W,YDL225W,1,0.31305772,0.27251994609832764,0.2385229468345642,0.06381276249885559
YDL099W,YNL241C,0,0.31277597,0.2722095549106598,0.2385229468345642,0.0639127790927887
YDR494W,YER168C,0,0.3123384,0.27189987897872925,0.2385229468345642,0.0640128031373024
YPL244C,YPL259C,0,0.31222868,0.271590918302536,0.2385229468345642,0.0641128197312355
YMR093W,YJL213W,0,0.31220472,0.2712826430797577,0.2385229468345642,0.0642128437757492
YJR134C,YLR312W-A,0,0.31209624,0.2709750533103943,0.2385229468345642,0.06431286036968231
YJL187C,YDR348C,0,0.31181043,0.2706681787967682,0.2385229468345642,0.06441288441419601
YDR481C,YMR061W,0,0.31174296,0.270361989736557,0.2385229468345642,0.06451290100812912
YPR056W,YOL016C,0,0.31141698,0.27005648612976074,0.2385229468345642,0.06461292505264282
YDR486C,YEL071W,0,0.31136912,0.2697516977787018,0.2385229468345642,0.06471294164657593
YLR424W,YJL034W,0,0.31073684,0.26944756507873535,0.2385229468345642,0.06481296569108963
YML085C,YKL130C,0,0.31026196,0.2691441476345062,0.2385229468345642,0.06491298228502274
YDL035C,YDR084C,0,0.3101338,0.26884138584136963,0.2385229468345642,0.06501299887895584
YOR256C,YER164W,0,0.3091691,0.26853933930397034,0.2385229468345642,0.06511302292346954
YGR223C,YNL152W,1,0.30869555,0.2693602740764618,0.23952095210552216,0.06511302292346954
YLR119W,YNL049C,0,0.30833542,0.2690582871437073,0.23952095210552216,0.06521303951740265
YJR001W,YBR245C,0,0.30774724,0.2687569856643677,0.23952095210552216,0.06531306356191635
YOR230W,YFL039C,0,0.30743247,0.268456369638443,0.23952095210552216,0.06541308015584946
YOR356W,YLR079W,0,0.30663896,0.2681564390659332,0.23952095210552216,0.06551310420036316
YPR049C,YNL274C,0,0.30496937,0.2678571343421936,0.23952095210552216,0.06561312079429626
YHR045W,YJR056C,0,0.30488473,0.2675585150718689,0.23952095210552216,0.06571314483880997
YOL003C,YBR290W,0,0.30425853,0.2672605812549591,0.23952095210552216,0.06581316143274307
YJL210W,YIR011C,0,0.30393976,0.26696330308914185,0.23952095210552216,0.06591318547725677
YML060W,YMR276W,0,0.3033036,0.2666666805744171,0.23952095210552216,0.06601320207118988
YBR122C,YKR090W,0,0.30313402,0.2663707137107849,0.23952095210552216,0.06611322611570358
YCR020C,YJL029C,0,0.30290163,0.26607540249824524,0.23952095210552216,0.06621324270963669
YJL036W,YLR371W,1,0.3028128,0.2668881416320801,0.2405189573764801,0.06621324270963669
YLR127C,YFR052W,0,0.3024639,0.26659291982650757,0.2405189573764801,0.0663132593035698
YGL054C,YLL019C,0,0.3023798,0.2662983536720276,0.2405189573764801,0.0664132833480835
YGL100W,YDR404C,0,0.3022262,0.26600441336631775,0.2405189573764801,0.0665132999420166
YER120W,YGL212W,1,0.30211115,0.2668136656284332,0.24151696264743805,0.0665132999420166
YKL127W,YPL270W,0,0.30206382,0.26651981472969055,0.24151696264743805,0.0666133239865303
YER007W,YGR222W,0,0.30178845,0.2662266194820404,0.24151696264743805,0.06671334058046341
YOR353C,YGL037C,0,0.30135548,0.2659340798854828,0.24151696264743805,0.06681336462497711
YNL106C,YJL112W,0,0.30125123,0.2656421661376953,0.24151696264743805,0.06691338121891022
YKL065C,YNL125C,0,0.30076063,0.265350878238678,0.24151696264743805,0.06701340526342392
YIL129C,YBR127C,0,0.30047572,0.2650602459907532,0.24151696264743805,0.06711342185735703
YCR002C,YPR097W,1,0.29968673,0.2658643424510956,0.242514967918396,0.06711342185735703
YML070W,YJR149W,0,0.29959458,0.26557376980781555,0.242514967918396,0.06721344590187073
YDR524C,YJL103C,0,0.2995484,0.26528385281562805,0.242514967918396,0.06731346249580383
YIR014W,YJR090C,0,0.29884356,0.2649945616722107,0.242514967918396,0.06741347908973694
YER140W,YOR292C,0,0.29880893,0.2647058963775635,0.242514967918396,0.06751350313425064
YOR069W,YHR161C,1,0.29709536,0.26550599932670593,0.24351297318935394,0.06751350313425064
YMR004W,YBR200W,1,0.29689783,0.2663043439388275,0.2445109784603119,0.06751350313425064
YDL029W,YHL009C,0,0.29528195,0.2660152018070221,0.2445109784603119,0.06761351972818375
YKR068C,YKL067W,0,0.2949944,0.2657266855239868,0.2445109784603119,0.06771354377269745
YIL157C,YBR095C,0,0.2948364,0.2654387950897217,0.2445109784603119,0.06781356036663055
YNL265C,YPL113C,0,0.2947265,0.2651515007019043,0.2445109784603119,0.06791358441114426
YDL155W,YPL236C,0,0.29461896,0.26486486196517944,0.2445109784603119,0.06801360100507736
YCR017C,YPL084W,0,0.29432052,0.26457881927490234,0.2445109784603119,0.06811362504959106
YFL033C,YDL097C,0,0.2941565,0.2642934322357178,0.2445109784603119,0.06821364164352417
YMR167W,YJR126C,0,0.29296893,0.26400861144065857,0.2445109784603119,0.06831366568803787
YKR008W,YGL019W,0,0.29271936,0.2637244462966919,0.2445109784603119,0.06841368228197098
YIL041W,YKR001C,0,0.29210627,0.2634408473968506,0.2445109784603119,0.06851370632648468
YOR217W,YOR181W,0,0.29154503,0.2631579041481018,0.2445109784603119,0.06861372292041779
YHR171W,YHR027C,0,0.29141128,0.2628755271434784,0.2445109784603119,0.06871373951435089
YKL049C,YBR199W,0,0.28944677,0.2625937759876251,0.2445109784603119,0.0688137635588646
YNL243W,YBR200W,1,0.28905374,0.26338329911231995,0.24550898373126984,0.0688137635588646
YLR178C,YLL036C,0,0.2889676,0.26310160756111145,0.24550898373126984,0.0689137801527977
YOR054C,YLR373C,0,0.28885198,0.2628205120563507,0.24550898373126984,0.0690138041973114
YBL037W,YOR349W,0,0.28831577,0.2625400125980377,0.24550898373126984,0.0691138207912445
YML032C,YPL046C,0,0.2880152,0.2622601389884949,0.24550898373126984,0.06921384483575821
YOR251C,YNL284C,0,0.28754187,0.2619808316230774,0.24550898373126984,0.06931386142969131
YJR135C,YJL171C,0,0.28745162,0.26170212030410767,0.24550898373126984,0.06941388547420502
YOR086C,YLR314C,1,0.2872476,0.2624867260456085,0.24650698900222778,0.06941388547420502
YPR094W,YNL177C,0,0.28671473,0.26220807433128357,0.24650698900222778,0.06951390206813812
YPL065W,YGR194C,0,0.2866367,0.26193001866340637,0.24650698900222778,0.06961392611265182
YGL094C,YGR013W,0,0.28612918,0.26165252923965454,0.24650698900222778,0.06971394270658493
YNL087W,YDL113C,1,0.28547895,0.26243385672569275,0.24750499427318573,0.06971394270658493
YNL283C,YPR091C,0,0.28535175,0.2621564567089081,0.24750499427318573,0.06981395930051804
YLL062C,YJR089W,0,0.28526652,0.2618796229362488,0.24750499427318573,0.06991398334503174
YOR069W,YNL152W,1,0.28516054,0.2626582384109497,0.24850299954414368,0.06991398334503174
YNL047C,YFR021W,1,0.2851057,0.2634351849555969,0.24950100481510162,0.06991398334503174
YER029C,YPL206C,0,0.2845826,0.2631579041481018,0.24950100481510162,0.07001399993896484
YNL052W,YOR118W,0,0.2841732,0.26288118958473206,0.24950100481510162,0.07011402398347855
YDR148C,YHR001W,1,0.2840374,0.2636554539203644,0.25049901008605957,0.07011402398347855
YGL233W,YER168C,0,0.2838748,0.2633787989616394,0.25049901008605957,0.07021404057741165
YHR107C,YDR229W,1,0.28374457,0.2641509473323822,0.2514970004558563,0.07021404057741165
YNR001C,YLR026C,0,0.28366363,0.263874351978302,0.2514970004558563,0.07031406462192535
YGR198W,YOR067C,0,0.28327054,0.26359832286834717,0.2514970004558563,0.07041408121585846
YJR005W,YBL050W,0,0.2825685,0.2633228898048401,0.2514970004558563,0.07051410526037216
YHR008C,YOR217W,0,0.28243744,0.2630480229854584,0.2514970004558563,0.07061412185430527
YGR240C,YNL067W,0,0.2806691,0.262773722410202,0.2514970004558563,0.07071414589881897
YAL022C,YMR078C,0,0.28064066,0.26249998807907104,0.2514970004558563,0.07081416249275208
YOL088C,YLR103C,0,0.27968287,0.2622268497943878,0.2514970004558563,0.07091418653726578
YJL206C,YNR039C,0,0.27952445,0.26195424795150757,0.2514970004558563,0.07101420313119888
YBR014C,YLR078C,0,0.2793569,0.2616822421550751,0.2514970004558563,0.07111421972513199
YLR206W,YLR314C,1,0.27932155,0.26244813203811646,0.25249502062797546,0.07111421972513199
YGR113W,YBL022C,0,0.27890348,0.26217615604400635,0.25249502062797546,0.07121424376964569
YMR078C,YOL030W,0,0.27881515,0.261904776096344,0.25249502062797546,0.0713142603635788
YGL203C,YBR127C,0,0.27856427,0.2616339325904846,0.25249502062797546,0.0714142844080925
YOR198C,YLR201C,0,0.27853793,0.2613636255264282,0.25249502062797546,0.0715143010020256
YJL214W,YBR199W,0,0.2781229,0.2610939145088196,0.25249502062797546,0.0716143250465393
YLR332W,YHL034C,0,0.27805573,0.2608247399330139,0.25249502062797546,0.07171434164047241
YOR035C,YOR288C,0,0.276941,0.2605561316013336,0.25249502062797546,0.07181436568498611
YPL047W,YEL064C,0,0.276572,0.2602880597114563,0.25249502062797546,0.07191438227891922
YPR094W,YCL043C,0,0.2761731,0.26002055406570435,0.25249502062797546,0.07201440632343292
YAR042W,YBR200W,1,0.27495962,0.2607802748680115,0.2534930109977722,0.07201440632343292
YPL007C,YMR112C,0,0.2748791,0.2605128288269043,0.2534930109977722,0.07211442291736603
YLR355C,YJL108C,0,0.27433914,0.2602458894252777,0.2534930109977722,0.07221443951129913
YHR107C,YNL152W,1,0.27423012,0.2610030770301819,0.25449103116989136,0.07221443951129913
YER125W,YBR200W,1,0.27313304,0.2617586851119995,0.2554890215396881,0.07221443951129913
YDR229W,YNL087W,1,0.27254468,0.26251277327537537,0.25648701190948486,0.07221443951129913
YKL176C,YIR023W,0,0.27214825,0.26224491000175476,0.25648701190948486,0.07231446355581284
YGR155W,YNL097C,0,0.27204502,0.26197758316993713,0.25648701190948486,0.07241448014974594
YGL153W,YHR176W,0,0.2720363,0.2617107927799225,0.25648701190948486,0.07251450419425964
YNL243W,YOR086C,1,0.27185333,0.2624618411064148,0.257485032081604,0.07251450419425964
YBL060W,YCR088W,0,0.27176422,0.2621951103210449,0.257485032081604,0.07261452078819275
YOR310C,YLR378C,0,0.27154863,0.2619289457798004,0.257485032081604,0.07271454483270645
YGL084C,YDR503C,0,0.27111298,0.2616632878780365,0.257485032081604,0.07281456142663956
YGR037C,YLR371W,1,0.2707287,0.26241135597229004,0.25848302245140076,0.07281456142663956
YPL122C,YOR008C,0,0.27062356,0.2621457576751709,0.25848302245140076,0.07291458547115326
YIL078W,YJR065C,0,0.26978976,0.26188069581985474,0.25848302245140076,0.07301460206508636
YHR008C,YPL150W,0,0.26914436,0.26161617040634155,0.25848302245140076,0.07311462610960007
YGR223C,YGR241C,1,0.26883215,0.2623612582683563,0.2594810426235199,0.07311462610960007
YOR368W,YJL128C,0,0.26851887,0.2620967626571655,0.2594810426235199,0.07321464270353317
YJR065C,YML116W,0,0.26849687,0.2618328332901001,0.2594810426235199,0.07331465929746628
YOR290C,YPR066W,0,0.2683918,0.26156941056251526,0.2594810426235199,0.07341468334197998
YML123C,YLR319C,0,0.26838863,0.2613065242767334,0.2594810426235199,0.07351469993591309
YDR099W,YDR177W,0,0.26752925,0.2610441744327545,0.2594810426235199,0.07361472398042679
YFR019W,YOR132W,1,0.2668125,0.2617853581905365,0.26047903299331665,0.07361472398042679
YDR153C,YOR357C,1,0.26663947,0.2625250518321991,0.2614770531654358,0.07361472398042679
YOL004W,YMR164C,0,0.26622295,0.2622622549533844,0.2614770531654358,0.0737147405743599
YDR052C,YPL099C,0,0.2661965,0.2619999945163727,0.2614770531654358,0.0738147646188736
YLR314C,YOR357C,1,0.26568562,0.2627372741699219,0.26247504353523254,0.0738147646188736
YDR420W,YMR150C,0,0.2651257,0.26247504353523254,0.26247504353523254,0.0739147812128067
YGR223C,YHR001W,1,0.2650476,0.26321035623550415,0.2634730637073517,0.0739147812128067
YOR144C,YJL108C,0,0.26491278,0.262948215007782,0.2634730637073517,0.0740148052573204
YIR008C,YPL023C,0,0.2648235,0.2626865804195404,0.2634730637073517,0.07411482185125351
YOR014W,YBR201W,0,0.26444113,0.2624254524707794,0.2634730637073517,0.07421484589576721
YDR153C,YNL243W,1,0.26330006,0.2631579041481018,0.26447105407714844,0.07421484589576721
YOR347C,YBR073W,0,0.26329666,0.2628968358039856,0.26447105407714844,0.07431486248970032
YHR001W,YNL185C,0,0.26293677,0.26263627409935,0.26447105407714844,0.07441488653421402
YDR011W,YCR053W,0,0.2629214,0.26237624883651733,0.26447105407714844,0.07451490312814713
YGR241C,YPL100W,1,0.2625932,0.2631058394908905,0.2654690742492676,0.07451490312814713
YPL258C,YGR167W,0,0.2619558,0.26284584403038025,0.2654690742492676,0.07461491972208023
YPL115C,YNL243W,1,0.26190794,0.263573557138443,0.26646706461906433,0.07461491972208023
YNL047C,YKR031C,1,0.26141268,0.26429980993270874,0.2674650549888611,0.07461491972208023
YER050C,YOR138C,0,0.26034194,0.26403939723968506,0.2674650549888611,0.07471494376659393
YBR241C,YKR029C,0,0.26008338,0.26377952098846436,0.2674650549888611,0.07481496036052704
YJR056C,YNL097C,0,0.25985974,0.26352015137672424,0.2674650549888611,0.07491498440504074
YGR207C,YLR136C,0,0.25956678,0.2632612884044647,0.2674650549888611,0.07501500099897385
YHR045W,YGL083W,0,0.25937247,0.2630029320716858,0.2674650549888611,0.07511502504348755
YGR193C,YIL105C,1,0.2592998,0.26372548937797546,0.2684630751609802,0.07511502504348755
YLR144C,YPR135W,0,0.25924736,0.2634671926498413,0.2684630751609802,0.07521504163742065
YKR090W,YLR278C,0,0.2590769,0.26320940256118774,0.2684630751609802,0.07531506568193436
YNL047C,YAR042W,1,0.25905573,0.2639296054840088,0.269461065530777,0.07531506568193436
YGR134W,YNL241C,0,0.2587642,0.263671875,0.269461065530777,0.07541508227586746
YGL223C,YJL014W,0,0.25856233,0.2634146213531494,0.269461065530777,0.07551510632038116
YJL178C,YPR097W,1,0.25828558,0.264132559299469,0.2704590857028961,0.07551510632038116
YGL181W,YLL055W,0,0.25767475,0.2638753652572632,0.2704590857028961,0.07561512291431427
YLR064W,YNR020C,0,0.25756687,0.26361867785453796,0.2704590857028961,0.07571513950824738
YOR356W,YKL085W,0,0.25703079,0.26336249709129333,0.2704590857028961,0.07581516355276108
YPR023C,YLR188W,0,0.25680375,0.2631067931652069,0.2704590857028961,0.07591518014669418
YGR193C,YPR097W,1,0.25636208,0.263821542263031,0.27145707607269287,0.07591518014669418
YML029W,YNL085W,0,0.25484985,0.26356589794158936,0.27145707607269287,0.07601520419120789
YIL021W,YNL241C,0,0.25466096,0.2633107602596283,0.27145707607269287,0.07611522078514099
YCR011C,YIR006C,0,0.25447476,0.26305609941482544,0.27145707607269287,0.0762152448296547
YDR046C,YCL052C,0,0.2540971,0.2628019452095032,0.27145707607269287,0.0763152614235878
YJL137C,YLR038C,0,0.2538156,0.2625482678413391,0.27145707607269287,0.0764152854681015
YPL055C,YJL164C,0,0.25257546,0.26229506731033325,0.27145707607269287,0.0765153020620346
YNR002C,YAR015W,0,0.25255722,0.26204240322113037,0.27145707607269287,0.07661532610654831
YNL087W,YOR086C,1,0.2521742,0.2627526521682739,0.272455096244812,0.07661532610654831
YMR281W,YDR173C,0,0.25162017,0.26249998807907104,0.272455096244812,0.07671534270048141
YHR200W,YDR510W,0,0.25142497,0.26224783062934875,0.272455096244812,0.07681536674499512
YBR159W,YPR108W,0,0.25006175,0.26199615001678467,0.272455096244812,0.07691538333892822
YHR107C,YDL161W,1,0.24974732,0.2627037465572357,0.27345308661460876,0.07691538333892822
YPL091W,YIL168W,0,0.24950956,0.262452095746994,0.27345308661460876,0.07701539993286133
YDL077C,YIL080W,0,0.24944137,0.2622009515762329,0.27345308661460876,0.07711542397737503
YFR044C,YJR130C,0,0.24918781,0.26195028424263,0.27345308661460876,0.07721544057130814
YGL106W,YCR042C,0,0.24814762,0.2617000937461853,0.27345308661460876,0.07731546461582184
YGL190C,YGR186W,0,0.24776797,0.2614503800868988,0.27345308661460876,0.07741548120975494
YKL195W,YLR148W,0,0.24770631,0.2612011432647705,0.27345308661460876,0.07751550525426865
YOR361C,YDR423C,0,0.24683382,0.2609523832798004,0.27345308661460876,0.07761552184820175
YFL016C,YGR199W,0,0.24667667,0.2607041001319885,0.27345308661460876,0.07771554589271545
YGL223C,YNR023W,0,0.24624573,0.26045626401901245,0.27345308661460876,0.07781556248664856
YNL138W,YKR013W,0,0.24556981,0.26020893454551697,0.27345308661460876,0.07791558653116226
YPR122W,YCR017C,0,0.24480434,0.2599620521068573,0.27345308661460876,0.07801560312509537
YFL036W,YBR095C,0,0.24477468,0.25971564650535583,0.27345308661460876,0.07811561971902847
YKR094C,YLR100W,0,0.24438725,0.2594696879386902,0.27345308661460876,0.07821564376354218
YBR026C,YCR002C,0,0.24389468,0.25922420620918274,0.27345308661460876,0.07831566035747528
YNL027W,YCR083W,0,0.24378781,0.2589792013168335,0.27345308661460876,0.07841568440198898
YMR189W,YDR084C,0,0.24351017,0.25873464345932007,0.27345308661460876,0.07851570099592209
YNL138W,YDR473C,0,0.24304168,0.25849056243896484,0.27345308661460876,0.07861572504043579
YJL178C,YFR021W,1,0.2423562,0.2591894567012787,0.2744511067867279,0.07861572504043579
YNL090W,YDR196C,0,0.24187224,0.25894537568092346,0.2744511067867279,0.0787157416343689
YDR153C,YHR073W,1,0.24139442,0.25964251160621643,0.27544909715652466,0.0787157416343689
YDL225W,YIL105C,1,0.24133335,0.26033833622932434,0.2764471173286438,0.0787157416343689
YOR291W,YGR132C,0,0.2412285,0.26009389758110046,0.2764471173286438,0.0788157656788826
YDL120W,YDR085C,0,0.24109362,0.2598499059677124,0.2764471173286438,0.0789157822728157
YJL149W,YLR309C,0,0.24056153,0.25960636138916016,0.2764471173286438,0.0790158063173294
YNL106C,YOR362C,0,0.24009274,0.2593632936477661,0.2764471173286438,0.07911582291126251
YLR203C,YOL064C,0,0.23990999,0.2591206729412079,0.2764471173286438,0.07921583950519562
YMR119W,YDR052C,0,0.23933934,0.2588784992694855,0.2764471173286438,0.07931586354970932
YNL242W,YGR075C,0,0.23925109,0.25863680243492126,0.2764471173286438,0.07941588014364243
YOR069W,YDR229W,1,0.23902045,0.25932836532592773,0.27744510769844055,0.07941588014364243
YGL083W,YBR173C,0,0.23892681,0.2590866684913635,0.27744510769844055,0.07951590418815613
YGL137W,YGR158C,0,0.23891361,0.2588454484939575,0.27744510769844055,0.07961592078208923
YGR216C,YIL111W,0,0.23887472,0.25860464572906494,0.27744510769844055,0.07971594482660294
YLL043W,YBL061C,0,0.23887451,0.25836431980133057,0.27744510769844055,0.07981596142053604
YHR031C,YGR056W,0,0.23843287,0.2581244111061096,0.27744510769844055,0.07991598546504974
YCR079W,YDR251W,0,0.23826055,0.2578849792480469,0.27744510769844055,0.08001600205898285
YPR029C,YGR009C,0,0.23800902,0.25764596462249756,0.27744510769844055,0.08011602610349655
YNL138W,YNL207W,0,0.23792766,0.25740739703178406,0.27744510769844055,0.08021604269742966
YOL057W,YOR181W,0,0.23766129,0.25716927647590637,0.27744510769844055,0.08031606674194336
YPL132W,YOR256C,0,0.23726843,0.2569316029548645,0.27744510769844055,0.08041608333587646
YPL002C,YKR090W,0,0.23718832,0.25669437646865845,0.27744510769844055,0.08051609992980957
YNR006W,YPR063C,0,0.23696713,0.2564575672149658,0.27744510769844055,0.08061612397432327
YNL243W,YDR103W,1,0.23684101,0.2571428716182709,0.2784431278705597,0.08061612397432327
YBR286W,YIL138C,0,0.23679064,0.25690609216690063,0.2784431278705597,0.08071614056825638
YLR274W,YGR056W,0,0.23669894,0.2566697299480438,0.2784431278705597,0.08081616461277008
YNR051C,YER133W,0,0.23641153,0.2564338147640228,0.2784431278705597,0.08091618120670319
YNL307C,YBR200W,0,0.23625408,0.25619834661483765,0.2784431278705597,0.08101620525121689
YHR083W,YOR115C,0,0.23623018,0.2559632956981659,0.2784431278705597,0.08111622184515
YDL236W,YOR092W,0,0.2361597,0.25572869181632996,0.2784431278705597,0.0812162458896637
YGR223C,YOR132W,1,0.23582844,0.25641027092933655,0.27944111824035645,0.0812162458896637
YCR002C,YDR323C,1,0.23449777,0.25709056854248047,0.2804391086101532,0.0812162458896637
YBR068C,YJR059W,0,0.23418681,0.2568555772304535,0.2804391086101532,0.0813162624835968
YFR044C,YMR097C,0,0.23366104,0.25662100315093994,0.2804391086101532,0.0814162865281105
YOR130C,YMR276W,0,0.23359953,0.2563868761062622,0.2804391086101532,0.08151630312204361
YMR092C,YKL024C,0,0.23348333,0.2561531364917755,0.2804391086101532,0.08161631971597672
YDR216W,YDR229W,0,0.23320933,0.25591984391212463,0.2804391086101532,0.08171634376049042
YNR047W,YER078C,0,0.23301594,0.25568699836730957,0.2804391086101532,0.08181636035442352
YHR161C,YHR073W,1,0.23223822,0.2563636302947998,0.28143712878227234,0.08181636035442352
YNL053W,YNL091W,0,0.23188354,0.25613078474998474,0.28143712878227234,0.08191638439893723
YDL138W,YLR020C,0,0.23183917,0.2558983564376831,0.28143712878227234,0.08201640099287033
YNL230C,YLR371W,0,0.23142068,0.2556663751602173,0.28143712878227234,0.08211642503738403
YDR352W,YPR166C,0,0.23121215,0.2554347813129425,0.28143712878227234,0.08221644163131714
YJR009C,YJR149W,0,0.23113923,0.25520363450050354,0.28143712878227234,0.08231646567583084
YGR172C,YPR023C,0,0.23105125,0.2549728751182556,0.28143712878227234,0.08241648226976395
YLR117C,YJL034W,0,0.23018496,0.2547425329685211,0.28143712878227234,0.08251650631427765
YJR125C,YER120W,1,0.2299879,0.2554151713848114,0.2824351191520691,0.08251650631427765
YDR285W,YDL231C,0,0.2293806,0.2551848590373993,0.2824351191520691,0.08261652290821075
YDL019C,YPL145C,1,0.22937088,0.25585585832595825,0.28343313932418823,0.08261652290821075
YNR041C,YLR285W,0,0.2292618,0.25562557578086853,0.28343313932418823,0.08271654695272446
YNL071W,YDL161W,1,0.2291411,0.25629496574401855,0.284431129693985,0.08271654695272446
YDR416W,YEL063C,0,0.22874962,0.25606468319892883,0.284431129693985,0.08281656354665756
YGR112W,YGL257C,0,0.22872005,0.25583481788635254,0.284431129693985,0.08291658014059067
YDR090C,YDR518W,0,0.2286738,0.2556053698062897,0.284431129693985,0.08301660418510437
YHL013C,YML078W,0,0.22839306,0.25537633895874023,0.284431129693985,0.08311662077903748
YPL100W,YJR076C,1,0.2277364,0.2560429871082306,0.2854291498661041,0.08311662077903748
YAL044C,YCR002C,1,0.2275122,0.25670841336250305,0.2864271402359009,0.08311662077903748
YHR161C,YOR357C,1,0.22709526,0.25737264752388,0.28742516040802,0.08311662077903748
YDL103C,YLR430W,0,0.22707553,0.2571428716182709,0.28742516040802,0.08321664482355118
YNL047C,YBL105C,1,0.22673343,0.2578055262565613,0.2884231507778168,0.08321664482355118
YAL062W,YMR218C,0,0.22651388,0.25757575035095215,0.2884231507778168,0.08331666141748428
YKR066C,YBR200W,0,0.22629182,0.25734639167785645,0.2884231507778168,0.08341668546199799
YNL047C,YFR019W,1,0.22627227,0.25800710916519165,0.2894211709499359,0.08341668546199799
YGR223C,YDR313C,1,0.22603427,0.25866666436195374,0.29041916131973267,0.08341668546199799
YKL007W,YOL007C,0,0.22546871,0.2584369480609894,0.29041916131973267,0.08351670205593109
YER151C,YAL038W,0,0.22535138,0.25820761919021606,0.29041916131973267,0.0836167261004448
YPL244C,YPL148C,0,0.2250446,0.25797873735427856,0.29041916131973267,0.0837167426943779
YML088W,YNR049C,0,0.22467844,0.2577502131462097,0.29041916131973267,0.0838167667388916
YDR262W,YLR371W,0,0.22458927,0.2575221359729767,0.29041916131973267,0.08391678333282471
YMR067C,YKR098C,0,0.22411995,0.2572944164276123,0.29041916131973267,0.08401679992675781
YJL178C,YBL085W,1,0.22334708,0.2579505443572998,0.2914171516895294,0.08401679992675781
YDL225W,YPL048W,1,0.22321169,0.2586054801940918,0.29241517186164856,0.08401679992675781
YPL050C,YHR060W,0,0.22228046,0.25837743282318115,0.29241517186164856,0.08411682397127151
YJR104C,YLR095C,0,0.22225766,0.25814977288246155,0.29241517186164856,0.08421684056520462
YPL115C,YER114C,1,0.22222142,0.2588028311729431,0.2934131622314453,0.08421684056520462
YMR210W,YGL100W,0,0.22213115,0.2585752010345459,0.2934131622314453,0.08431686460971832
YPL048W,YML072C,1,0.22207575,0.2592267096042633,0.29441118240356445,0.08431686460971832
YML129C,YGL062W,0,0.22178723,0.2589991092681885,0.29441118240356445,0.08441688120365143
YPL048W,YDL019C,1,0.2217715,0.2596491277217865,0.2954091727733612,0.08441688120365143
YDR330W,YLR132C,0,0.22136785,0.25942155718803406,0.2954091727733612,0.08451690524816513
YGL227W,YKL017C,0,0.22117852,0.25919440388679504,0.2954091727733612,0.08461692184209824
YJL139C,YMR024W,0,0.22100525,0.25896763801574707,0.2954091727733612,0.08471694588661194
YDL141W,YNL268W,0,0.22086887,0.25874125957489014,0.2954091727733612,0.08481696248054504
YNL128W,YNL148C,0,0.22083943,0.25851529836654663,0.2954091727733612,0.08491698652505875
YER046W,YAR031W,0,0.22071443,0.2582896947860718,0.2954091727733612,0.08501700311899185
YAL012W,YFR037C,0,0.2206832,0.25806450843811035,0.2954091727733612,0.08511701971292496
YDR148C,YGR037C,1,0.2201864,0.2587108016014099,0.29640719294548035,0.08511701971292496
YPL241C,YOR190W,0,0.21981288,0.2584856450557709,0.29640719294548035,0.08521704375743866
YNR006W,YOR132W,1,0.21953748,0.25913044810295105,0.2974051833152771,0.08521704375743866
YGL122C,YEL013W,0,0.21898974,0.258905291557312,0.2974051833152771,0.08531706035137177
YKL211C,YOL133W,0,0.21855877,0.2586805522441864,0.2974051833152771,0.08541708439588547
YBR274W,YDR254W,0,0.21794294,0.25845620036125183,0.2974051833152771,0.08551710098981857
YNL047C,YNL071W,1,0.2177503,0.2590987980365753,0.29840320348739624,0.08551710098981857
YDR323C,YML072C,1,0.21690856,0.25974026322364807,0.299401193857193,0.08551710098981857
YOL112W,YOL129W,0,0.21676998,0.25951558351516724,0.299401193857193,0.08561712503433228
YPL022W,YIL143C,0,0.21580465,0.25929126143455505,0.299401193857193,0.08571714162826538
YDR229W,YJR125C,1,0.21572922,0.25993090867996216,0.30039921402931213,0.08571714162826538
YDR229W,YBL105C,1,0.21557541,0.2605694532394409,0.3013972043991089,0.08571714162826538
YJL178C,YER120W,1,0.21521984,0.26120689511299133,0.30239519476890564,0.08571714162826538
YHR175W,YDL226C,0,0.2148452,0.2609819173812866,0.30239519476890564,0.08581716567277908
YBR036C,YJL048C,0,0.21467198,0.26075732707977295,0.30239519476890564,0.08591718226671219
YGL023C,YER008C,1,0.21441816,0.2613929510116577,0.3033932149410248,0.08591718226671219
YLR440C,YDL078C,0,0.21349232,0.26116839051246643,0.3033932149410248,0.08601720631122589
YGR152C,YDL144C,0,0.21342666,0.2609442174434662,0.3033932149410248,0.086117222905159
YER154W,YNR032W,0,0.21337517,0.2607204020023346,0.3033932149410248,0.0862172469496727
YIL129C,YDR293C,0,0.21300893,0.26049700379371643,0.3033932149410248,0.0863172635436058
YLR212C,YGR135W,0,0.21213605,0.2602739632129669,0.3033932149410248,0.08641728013753891
YGR037C,YPL100W,1,0.21209677,0.26090675592422485,0.30439120531082153,0.08641728013753891
YPR073C,YCR030C,0,0.21080671,0.2606837749481201,0.30439120531082153,0.08651730418205261
YKR048C,YOL016C,0,0.21069126,0.26046115159988403,0.30439120531082153,0.08661732077598572
YIR010W,YMR150C,0,0.21031068,0.260238915681839,0.30439120531082153,0.08671734482049942
YDL113C,YPL100W,1,0.2098882,0.260869562625885,0.3053892254829407,0.08671734482049942
YJL178C,YGL023C,1,0.20939775,0.2614991366863251,0.3063872158527374,0.08671734482049942
YJR086W,YGL174W,0,0.20937346,0.26127660274505615,0.3063872158527374,0.08681736141443253
YOL027C,YDR093W,0,0.20891188,0.2610544264316559,0.3063872158527374,0.08691738545894623
YOR123C,YCL038C,0,0.20890097,0.26083263754844666,0.3063872158527374,0.08701740205287933
YOL057W,YEL022W,0,0.20845737,0.2606112062931061,0.3063872158527374,0.08711742609739304
YPL005W,YGR289C,0,0.20833658,0.26039016246795654,0.3063872158527374,0.08721744269132614
YOR175C,YDR285W,0,0.20828532,0.26016950607299805,0.3063872158527374,0.08731746673583984
YDL064W,YKL154W,0,0.20714922,0.2599492073059082,0.3063872158527374,0.08741748332977295
YHR031C,YBR302C,0,0.20710348,0.259729266166687,0.3063872158527374,0.08751749992370605
YCR030C,YDL047W,0,0.20705326,0.25950971245765686,0.3063872158527374,0.08761752396821976
YJR125C,YLR371W,1,0.20686008,0.26013514399528503,0.30738523602485657,0.08761752396821976
YGL040C,YNR013C,0,0.20677038,0.25991562008857727,0.30738523602485657,0.08771754056215286
YDL019C,YOR086C,1,0.20676269,0.26053962111473083,0.3083832263946533,0.08771754056215286
YJL176C,YJL165C,0,0.20668958,0.26032012701034546,0.3083832263946533,0.08781756460666656
YEL036C,YDR221W,0,0.20614867,0.2601010203361511,0.3083832263946533,0.08791758120059967
YKR031C,YER008C,1,0.2060148,0.2607232928276062,0.30938124656677246,0.08791758120059967
YDL168W,YDL058W,0,0.20596193,0.26050421595573425,0.30938124656677246,0.08801760524511337
YGR006W,YKL210W,0,0.20592324,0.26028546690940857,0.30938124656677246,0.08811762183904648
YML060W,YPL046C,0,0.20551406,0.2600671052932739,0.30938124656677246,0.08821764588356018
YMR044W,YHL027W,0,0.20482914,0.2598491311073303,0.30938124656677246,0.08831766247749329
YIR007W,YJL213W,0,0.20463465,0.259631484746933,0.30938124656677246,0.08841768652200699
YJL036W,YBR200W,1,0.20433752,0.2602510452270508,0.3103792369365692,0.08841768652200699
YJL139C,YGR047C,0,0.2043026,0.2600334584712982,0.3103792369365692,0.0885177031159401
YLR071C,YML012W,0,0.20346473,0.2598161995410919,0.3103792369365692,0.0886177271604538
YLR208W,YML007W,0,0.20332317,0.25959932804107666,0.3103792369365692,0.0887177437543869
YDR477W,YLR174W,0,0.20308976,0.25938281416893005,0.3103792369365692,0.08881776034832001
YBR022W,YFL037W,0,0.20245804,0.2591666579246521,0.3103792369365692,0.08891778439283371
YMR089C,YDL231C,0,0.20168535,0.2589508891105652,0.3103792369365692,0.08901780098676682
YMR087W,YKL170W,0,0.20134024,0.25873544812202454,0.3103792369365692,0.08911782503128052
YLR424W,YER095W,0,0.20029263,0.25852036476135254,0.3103792369365692,0.08921784162521362
YPL115C,YLR371W,1,0.20009802,0.2591361999511719,0.31137725710868835,0.08921784162521362
YDR313C,YBR200W,1,0.19979002,0.2597510516643524,0.3123752474784851,0.08921784162521362
YNL243W,YDL161W,1,0.19948356,0.260364830493927,0.31337326765060425,0.08921784162521362
YDR056C,YDR466W,0,0.19855861,0.26014912128448486,0.31337326765060425,0.08931786566972733
YMR043W,YOL138C,0,0.19817488,0.2599337697029114,0.31337326765060425,0.08941788226366043
YLR206W,YFR021W,1,0.19804998,0.26054590940475464,0.314371258020401,0.08941788226366043
YFL009W,YGR076C,0,0.1979058,0.26033058762550354,0.314371258020401,0.08951790630817413
YPL113C,YLR080W,0,0.19759296,0.2601155936717987,0.314371258020401,0.08961792290210724
YGR193C,YNL243W,1,0.19759028,0.26072606444358826,0.31536924839019775,0.08961792290210724
YPL048W,YHR073W,1,0.19739829,0.2613355219364166,0.3163672685623169,0.08961792290210724
YDL127W,YNL071W,0,0.19725563,0.2611202597618103,0.3163672685623169,0.08971794694662094
YNR047W,YJL221C,0,0.19725145,0.26090535521507263,0.3163672685623169,0.08981796354055405
YDR229W,YER114C,1,0.19669567,0.2615131437778473,0.31736525893211365,0.08981796354055405
YGL207W,YGR271W,0,0.1965395,0.261298269033432,0.31736525893211365,0.08991798013448715
YNL160W,YDL005C,0,0.19645725,0.2610837519168854,0.31736525893211365,0.09001800417900085
YLR178C,YNL243W,1,0.19643234,0.2616899013519287,0.3183632791042328,0.09001800417900085
YPL115C,YGL212W,1,0.19631146,0.26229506731033325,0.31936126947402954,0.09001800417900085
YDL178W,YKL094W,0,0.19619666,0.26208025217056274,0.31936126947402954,0.09011802077293396
YOL123W,YDR169C,0,0.19592424,0.2618657946586609,0.31936126947402954,0.09021804481744766
YHR183W,YOR212W,0,0.19581135,0.2616516649723053,0.31936126947402954,0.09031806141138077
YLR368W,YLL002W,0,0.19574253,0.26143792271614075,0.31936126947402954,0.09041808545589447
YER161C,YOL158C,0,0.19532542,0.2612244784832001,0.31936126947402954,0.09051810204982758
YML114C,YDL035C,0,0.19525607,0.26101142168045044,0.31936126947402954,0.09061812609434128
YMR004W,YDR313C,1,0.19460525,0.2616136968135834,0.3203592896461487,0.09061812609434128
YIL002C,YGL022W,0,0.19452761,0.26140064001083374,0.3203592896461487,0.09071814268827438
YNL252C,YMR282C,0,0.19437464,0.26118797063827515,0.3203592896461487,0.09081816673278809
YPL087W,YGR278W,0,0.19429706,0.26097559928894043,0.3203592896461487,0.09091818332672119
YHR028C,YJL165C,0,0.19400702,0.26076361536979675,0.3203592896461487,0.0910181999206543
YPL100W,YOR357C,1,0.19394056,0.2613636255264282,0.32135728001594543,0.0910181999206543
YMR306W,YHR186C,0,0.19390704,0.26115167140960693,0.32135728001594543,0.091118223965168
YNL084C,YOL146W,0,0.19362785,0.2609400451183319,0.32135728001594543,0.0912182405591011
YDL019C,YPL022W,0,0.19360052,0.26072874665260315,0.32135728001594543,0.09131826460361481
YHR161C,YCR002C,1,0.1933463,0.2613268494606018,0.3223553001880646,0.09131826460361481
YDR352W,YDR494W,0,0.19321658,0.2611156105995178,0.3223553001880646,0.09141828119754791
YDR411C,YGR295C,0,0.19292544,0.2609046995639801,0.3223553001880646,0.09151830524206161
YGL009C,YDL188C,0,0.19288935,0.26069411635398865,0.3223553001880646,0.09161832183599472
YOL031C,YHR135C,0,0.19288073,0.26048386096954346,0.3223553001880646,0.09171834588050842
YPR072W,YMR250W,0,0.19179852,0.2602739632129669,0.3223553001880646,0.09181836247444153
YER162C,YNL097C,0,0.19170795,0.26006442308425903,0.3223553001880646,0.09191838651895523
YIL063C,YPL008W,0,0.19153778,0.259855180978775,0.3223553001880646,0.09201840311288834
YJR068W,YCL024W,0,0.19117157,0.25964629650115967,0.3223553001880646,0.09211842715740204
YOL082W,YCL052C,0,0.19042079,0.2594377398490906,0.3223553001880646,0.09221844375133514
YNL293W,YCL052C,0,0.19001378,0.25922954082489014,0.3223553001880646,0.09231846034526825
YML085C,YBR097W,0,0.18967293,0.2590216398239136,0.3223553001880646,0.09241848438978195
YLR381W,YNL166C,0,0.18902294,0.25881409645080566,0.3223553001880646,0.09251850098371506
YDR524C,YPL240C,0,0.18869554,0.258606880903244,0.3223553001880646,0.09261852502822876
YOR304W,YNL121C,0,0.1885805,0.25839999318122864,0.3223553001880646,0.09271854162216187
YJR125C,YIL105C,1,0.18835847,0.2589927911758423,0.32335329055786133,0.09271854162216187
YIL105C,YJR076C,1,0.1881917,0.2595846652984619,0.32435131072998047,0.09271854162216187
YCR011C,YDR011W,0,0.18809156,0.25937747955322266,0.32435131072998047,0.09281856566667557
YLR266C,YPL194W,0,0.18788819,0.25917065143585205,0.32435131072998047,0.09291858226060867
YOL065C,YMR197C,0,0.18715902,0.2589641511440277,0.32435131072998047,0.09301860630512238
YLR119W,YLL028W,0,0.18638508,0.25875794887542725,0.32435131072998047,0.09311862289905548
YFR051C,YGR238C,0,0.18589728,0.25855210423469543,0.32435131072998047,0.09321864694356918
YGL145W,YIL124W,0,0.18550073,0.2583465874195099,0.32435131072998047,0.09331866353750229
YDR163W,YPL048W,0,0.18505956,0.2581413686275482,0.32435131072998047,0.0934186801314354
YBR200W,YJR076C,1,0.1846701,0.2587301731109619,0.3253493010997772,0.0934186801314354
YBL079W,YLR394W,0,0.18458425,0.25852498412132263,0.3253493010997772,0.0935187041759491
YDR148C,YIL105C,1,0.18405895,0.25911250710487366,0.326347291469574,0.0935187041759491
YCL032W,YKL189W,0,0.18344979,0.25890737771987915,0.326347291469574,0.0936187207698822
YHR107C,YPL048W,1,0.18196087,0.2594936788082123,0.3273453116416931,0.0936187207698822
YDR034C,YJL062W,0,0.18183972,0.2592885494232178,0.3273453116416931,0.0937187448143959
YDL040C,YBR286W,0,0.181688,0.25908371806144714,0.3273453116416931,0.09381876140832901
YIL067C,YCR069W,0,0.18103401,0.25887924432754517,0.3273453116416931,0.09391878545284271
YGL023C,YPL145C,1,0.1806904,0.25946372747421265,0.32834330201148987,0.09391878545284271
YDR379W,YEL047C,0,0.18063854,0.25925925374031067,0.32834330201148987,0.09401880204677582
YLR136C,YEL064C,0,0.17984812,0.25905510783195496,0.32834330201148987,0.09411882609128952
YPR070W,YCR026C,0,0.17981325,0.2588512897491455,0.32834330201148987,0.09421884268522263
YPL103C,YFL037W,0,0.1797146,0.2586477994918823,0.32834330201148987,0.09431886672973633
YER164W,YPL208W,0,0.17957886,0.258444607257843,0.32834330201148987,0.09441888332366943
YGL137W,YGR252W,0,0.1793245,0.25824177265167236,0.32834330201148987,0.09451890736818314
YOR069W,YDR313C,1,0.1791014,0.25882354378700256,0.329341322183609,0.09451890736818314
YDL143W,YJR021C,0,0.1787457,0.2586206793785095,0.329341322183609,0.09461892396211624
YOL065C,YIL117C,0,0.17836617,0.25841817259788513,0.329341322183609,0.09471894055604935
YER094C,YBR201W,0,0.17834853,0.2582159638404846,0.329341322183609,0.09481896460056305
YPR200C,YDR294C,0,0.17807187,0.25801408290863037,0.329341322183609,0.09491898119449615
YDL155W,YDL132W,0,0.17774181,0.2578125,0.329341322183609,0.09501900523900986
YOR307C,YLR028C,0,0.17745112,0.2576112449169159,0.329341322183609,0.09511902183294296
YNL008C,YHL044W,0,0.17718084,0.25741028785705566,0.329341322183609,0.09521904587745667
YOR197W,YPR191W,0,0.17702602,0.2572096586227417,0.329341322183609,0.09531906247138977
YDR141C,YJR086W,0,0.17645718,0.257009357213974,0.329341322183609,0.09541908651590347
YKR010C,YHR107C,0,0.17607723,0.2568093240261078,0.329341322183609,0.09551910310983658
YDR313C,YAR042W,1,0.17546861,0.25738725066185,0.33033931255340576,0.09551910310983658
YJL178C,YNL243W,1,0.17524944,0.25796425342559814,0.3313373327255249,0.09551910310983658
YDR507C,YGR246C,0,0.17494906,0.25776398181915283,0.3313373327255249,0.09561912715435028
YAL009W,YDR510W,0,0.1747698,0.2575640082359314,0.3313373327255249,0.09571914374828339
YJR125C,YBR200W,1,0.17447414,0.2581395208835602,0.33233532309532166,0.09571914374828339
YNL268W,YPR091C,0,0.17420535,0.25793957710266113,0.33233532309532166,0.09581916034221649
YML001W,YML029W,0,0.17372887,0.25773993134498596,0.33233532309532166,0.0959191843867302
YKL206C,YJL204C,0,0.17351048,0.25754061341285706,0.33233532309532166,0.0960192009806633
YPL145C,YDR103W,1,0.17344932,0.25811436772346497,0.3333333432674408,0.0960192009806633
YML109W,YPL268W,0,0.17343737,0.25791504979133606,0.3333333432674408,0.096119225025177
YLR401C,YJR051W,0,0.17330916,0.2577160596847534,0.3333333432674408,0.09621924161911011
YOL030W,YMR238W,0,0.17311774,0.25751733779907227,0.3333333432674408,0.09631926566362381
YER125W,YHR001W,1,0.17191763,0.2580893635749817,0.33433133363723755,0.09631926566362381
YIL051C,YIL061C,0,0.17189144,0.2578906714916229,0.33433133363723755,0.09641928225755692
YMR173W,YAR015W,0,0.17188935,0.2576923072338104,0.33433133363723755,0.09651930630207062
YDR313C,YNL087W,1,0.17177974,0.25826287269592285,0.3353293538093567,0.09651930630207062
YJR059W,YLR378C,0,0.17168222,0.25806450843811035,0.3353293538093567,0.09661932289600372
YOR144C,YPR024W,0,0.17142643,0.2578664720058441,0.3353293538093567,0.09671934694051743
YOL088C,YKR090W,0,0.17116062,0.25766870379447937,0.3353293538093567,0.09681936353445053
YNL053W,YLR071C,0,0.17102896,0.2574712634086609,0.3353293538093567,0.09691938757896423
YDR394W,YKL188C,0,0.17087094,0.2572741210460663,0.3353293538093567,0.09701940417289734
YLR332W,YOR231W,0,0.17082928,0.25707727670669556,0.3353293538093567,0.09711942076683044
YPR140W,YPL149W,0,0.17067747,0.2568807303905487,0.3353293538093567,0.09721944481134415
YNL262W,YPL023C,0,0.17059122,0.25668448209762573,0.3353293538093567,0.09731946140527725
YDR026C,YNL208W,0,0.17058091,0.256488561630249,0.3353293538093567,0.09741948544979095
YFL018C,YFL048C,0,0.1703891,0.2562929093837738,0.3353293538093567,0.09751950204372406
YGR263C,YGR008C,0,0.1703551,0.25609755516052246,0.3353293538093567,0.09761952608823776
YBR289W,YEL062W,0,0.17009597,0.255902498960495,0.3353293538093567,0.09771954268217087
YDR425W,YDR153C,1,0.16987325,0.256468802690506,0.33632734417915344,0.09771954268217087
YLR362W,YDR356W,0,0.16957943,0.2562737762928009,0.33632734417915344,0.09781956672668457
YGR026W,YML073C,0,0.16957508,0.2560790181159973,0.33632734417915344,0.09791958332061768
YHR175W,YKR022C,0,0.16949047,0.25588458776474,0.33632734417915344,0.09801960736513138
YDR237W,YGR067C,0,0.16906385,0.25569042563438416,0.33632734417915344,0.09811962395906448
YDL113C,YAR042W,1,0.16905348,0.25625473260879517,0.3373253345489502,0.09811962395906448
YER048C,YPL218W,0,0.16902743,0.2560606002807617,0.3373253345489502,0.09821964055299759
YCR028C,YDR443C,0,0.16892307,0.25586676597595215,0.3373253345489502,0.09831966459751129
YJL170C,YLR357W,0,0.16857107,0.25567322969436646,0.3373253345489502,0.0984196811914444
YKR030W,YCL050C,0,0.16798954,0.25547996163368225,0.3373253345489502,0.0985197052359581
YKR030W,YJL104W,0,0.16731508,0.2552870213985443,0.3373253345489502,0.0986197218298912
YDL019C,YNL152W,1,0.16715272,0.25584906339645386,0.33832335472106934,0.0986197218298912
YMR200W,YDR097C,0,0.16706203,0.2556561231613159,0.33832335472106934,0.09871974587440491
YDL022W,YKR101W,0,0.1661513,0.25546345114707947,0.33832335472106934,0.09881976246833801
YPL074W,YLR376C,0,0.1659743,0.2552710771560669,0.33832335472106934,0.09891978651285172
YDR425W,YJL036W,1,0.16589965,0.25583145022392273,0.3393213450908661,0.09891978651285172
YAL014C,YKR065C,0,0.16588907,0.25563910603523254,0.3393213450908661,0.09901980310678482
YBL067C,YNL006W,0,0.16576259,0.25544703006744385,0.3393213450908661,0.09911982715129852
YHR012W,YGL013C,0,0.16564222,0.25525525212287903,0.3393213450908661,0.09921984374523163
YPL053C,YLR216C,0,0.1652999,0.2550637722015381,0.3393213450908661,0.09931986033916473
YKL211C,YJL134W,0,0.16526501,0.25487256050109863,0.3393213450908661,0.09941988438367844
YPR065W,YPL074W,0,0.16481794,0.25468164682388306,0.3393213450908661,0.09951990097761154
YMR061W,YDL204W,0,0.16439198,0.25449103116989136,0.3393213450908661,0.09961992502212524
YCR004C,YCR093W,0,0.16431682,0.25430068373680115,0.3393213450908661,0.09971994161605835
YDL021W,YFL050C,0,0.16427483,0.2541106045246124,0.3393213450908661,0.09981996566057205
YDR495C,YDL120W,0,0.16406761,0.2539208233356476,0.3393213450908661,0.09991998225450516
YHR129C,YJR126C,0,0.16366087,0.2537313401699066,0.3393213450908661,0.10002000629901886
YBR202W,YLR295C,0,0.16363959,0.25354212522506714,0.3393213450908661,0.10012002289295197
YFR009W,YHR129C,0,0.16359375,0.25335320830345154,0.3393213450908661,0.10022004693746567
YMR284W,YDR409W,0,0.16351916,0.2531645596027374,0.3393213450908661,0.10032006353139877
YGL157W,YJR089W,0,0.16320546,0.2529761791229248,0.3393213450908661,0.10042008757591248
YFR045W,YEL062W,0,0.16307344,0.25278809666633606,0.3393213450908661,0.10052010416984558
YGR012W,YMR056C,0,0.16284607,0.2526002824306488,0.3393213450908661,0.10062012076377869
YKR087C,YLR026C,0,0.16253813,0.2524127662181854,0.3393213450908661,0.10072014480829239
YLR398C,YDR076W,0,0.16241454,0.25222551822662354,0.3393213450908661,0.1008201614022255
YLL019C,YDR265W,0,0.16220085,0.25203853845596313,0.3393213450908661,0.1009201854467392
YJL060W,YBR080C,0,0.16219987,0.2518518567085266,0.3393213450908661,0.1010202020406723
YDR022C,YBR074W,0,0.16180481,0.2516654431819916,0.3393213450908661,0.101120226085186
YDL104C,YNL006W,0,0.16179375,0.25147929787635803,0.3393213450908661,0.10122024267911911
YKL176C,YDR518W,0,0.16079466,0.251293420791626,0.3393213450908661,0.10132026672363281
YMR080C,YBR073W,0,0.16060112,0.2511078417301178,0.3393213450908661,0.10142028331756592
YMR034C,YGR132C,0,0.16042416,0.2509225010871887,0.3393213450908661,0.10152030736207962
YJR138W,YDR480W,0,0.16031884,0.2507374584674835,0.3393213450908661,0.10162032395601273
YDR052C,YPR024W,0,0.16005047,0.2505526840686798,0.3393213450908661,0.10172034054994583
YGR199W,YDR389W,0,0.15991224,0.2503681778907776,0.3393213450908661,0.10182036459445953
YFL016C,YIL112W,0,0.15984099,0.25018396973609924,0.3393213450908661,0.10192038118839264
YML036W,YKL101W,0,0.15982462,0.25,0.3393213450908661,0.10202040523290634
YOR133W,YNL241C,0,0.15853976,0.24981631338596344,0.3393213450908661,0.10212042182683945
YDR425W,YDR148C,1,0.15837918,0.25036710500717163,0.34031936526298523,0.10212042182683945
YKL124W,YDL144C,0,0.15818468,0.25018343329429626,0.34031936526298523,0.10222044587135315
YMR193W,YLR163C,0,0.1579302,0.25,0.34031936526298523,0.10232046246528625
YGR077C,YGR215W,0,0.15782966,0.24981684982776642,0.34031936526298523,0.10242048650979996
YDL225W,YER008C,1,0.15774076,0.2503660321235657,0.341317355632782,0.10242048650979996
YPL258C,YJR006W,0,0.15769248,0.2501828968524933,0.341317355632782,0.10252050310373306
YNL236W,YMR228W,0,0.15740027,0.25,0.341317355632782,0.10262052714824677
YNL271C,YJL128C,0,0.1569092,0.2498173862695694,0.341317355632782,0.10272054374217987
YML036W,YCR020C,0,0.15680493,0.24963504076004028,0.341317355632782,0.10282056778669357
YHR116W,YDR147W,0,0.15650459,0.24945294857025146,0.341317355632782,0.10292058438062668
YMR071C,YKR013W,0,0.15621372,0.24927113950252533,0.341317355632782,0.10302060097455978
YMR173W,YBL102W,0,0.15611212,0.2490895837545395,0.341317355632782,0.10312062501907349
YGL032C,YNL310C,0,0.15569623,0.24890829622745514,0.341317355632782,0.10322064161300659
YOR336W,YGL206C,0,0.15559502,0.24872727692127228,0.341317355632782,0.1033206656575203
YHR105W,YOR086C,1,0.15520972,0.24927325546741486,0.3423153758049011,0.1033206656575203
YIL034C,YAL053W,0,0.15483278,0.249092236161232,0.3423153758049011,0.1034206822514534
YPL270W,YPL164C,0,0.15473375,0.24891147017478943,0.3423153758049011,0.1035207062959671
YHR016C,YAL013W,0,0.15467568,0.24873095750808716,0.3423153758049011,0.10362072288990021
YKR028W,YPL050C,0,0.15466079,0.24855072796344757,0.3423153758049011,0.10372074693441391
YIR018W,YGR048W,0,0.15457697,0.24837075173854828,0.3423153758049011,0.10382076352834702
YDR390C,YMR087W,0,0.15449372,0.24819102883338928,0.3423153758049011,0.10392078757286072
YGR193C,YJL085W,1,0.15445103,0.24873463809490204,0.3433133661746979,0.10392078757286072
YML028W,YOR046C,0,0.15443599,0.24855491518974304,0.3433133661746979,0.10402080416679382
YDR229W,YCR002C,1,0.15392272,0.24909746646881104,0.344311386346817,0.10402080416679382
YLR022C,YDL047W,0,0.15384515,0.24891774356365204,0.344311386346817,0.10412082076072693
YBL105C,YER008C,1,0.1535788,0.24945926666259766,0.34530937671661377,0.10412082076072693
YCR009C,YBR205W,0,0.15345982,0.24927954375743866,0.34530937671661377,0.10422084480524063
YNL223W,YOR008C,0,0.15321918,0.24910007417201996,0.34530937671661377,0.10432086139917374
YHR107C,YFR021W,1,0.15294808,0.24964028596878052,0.3463073968887329,0.10432086139917374
YLL040C,YDR329C,0,0.15288599,0.24946081638336182,0.3463073968887329,0.10442088544368744
YNL243W,YIL105C,1,0.15242456,0.25,0.34730538725852966,0.10442088544368744
YMR172W,YDR202C,0,0.15240906,0.2498205304145813,0.34730538725852966,0.10452090203762054
YDR067C,YKL154W,0,0.1520182,0.2496413141489029,0.34730538725852966,0.10462092608213425
YPR005C,YOR198C,0,0.15200646,0.24946236610412598,0.34730538725852966,0.10472094267606735
YOL027C,YKL218C,0,0.15199015,0.24928367137908936,0.34730538725852966,0.10482096672058105
YPL104W,YOR028C,0,0.15132962,0.24910522997379303,0.34730538725852966,0.10492098331451416
YER022W,YGR256W,0,0.1512263,0.248927041888237,0.34730538725852966,0.10502100735902786
YOR025W,YMR197C,0,0.15108891,0.24874910712242126,0.34730538725852966,0.10512102395296097
YNL298W,YOR288C,0,0.15084285,0.24857142567634583,0.34730538725852966,0.10522104054689407
YJL042W,YBL050W,0,0.15042625,0.24839399755001068,0.34730538725852966,0.10532106459140778
YMR170C,YMR211W,0,0.15026769,0.24821683764457703,0.34730538725852966,0.10542108118534088
YOR356W,YDL110C,0,0.1501609,0.24803991615772247,0.34730538725852966,0.10552110522985458
YAL032C,YDR158W,0,0.14933996,0.24786324799060822,0.34730538725852966,0.10562112182378769
YDL197C,YGR257C,0,0.14923124,0.24768683314323425,0.34730538725852966,0.10572114586830139
YNL087W,YLR371W,1,0.14917938,0.24822190403938293,0.3483034074306488,0.10572114586830139
YDR501W,YHR188C,0,0.14865202,0.24804548919200897,0.3483034074306488,0.1058211624622345
YNL280C,YPL084W,0,0.1486477,0.2478693127632141,0.3483034074306488,0.1059211865067482
YOR069W,YOR357C,1,0.14789206,0.24840311706066132,0.34930139780044556,0.1059211865067482
YDR205W,YNR023W,0,0.14709873,0.24822695553302765,0.34930139780044556,0.1060212031006813
YGL048C,YCL040W,0,0.14689736,0.24805103242397308,0.34930139780044556,0.10612122714519501
YJL148W,YBR205W,0,0.14686792,0.24787534773349762,0.34930139780044556,0.10622124373912811
YPR081C,YCR077C,0,0.14663598,0.24769993126392365,0.34930139780044556,0.10632126778364182
YPR149W,YKL092C,0,0.14659655,0.24752475321292877,0.34930139780044556,0.10642128437757492
YPL084W,YPL112C,0,0.14623596,0.2473498284816742,0.34930139780044556,0.10652130097150803
YER130C,YFR051C,0,0.14568423,0.24717514216899872,0.34930139780044556,0.10662132501602173
YMR154C,YNL012W,0,0.14522058,0.24700070917606354,0.34930139780044556,0.10672134160995483
YBR228W,YML026C,0,0.14513406,0.24682651460170746,0.34930139780044556,0.10682136565446854
YPL236C,YPL163C,0,0.14483932,0.24665257334709167,0.34930139780044556,0.10692138224840164
YGL037C,YGL232W,0,0.1447195,0.246478870511055,0.34930139780044556,0.10702140629291534
YDR316W,YAL031C,0,0.14448045,0.2463054209947586,0.34930139780044556,0.10712142288684845
YHR161C,YGL023C,1,0.14439502,0.24683544039726257,0.3502993881702423,0.10712142288684845
YNR006W,YOR357C,1,0.14428942,0.24736472964286804,0.35129740834236145,0.10712142288684845
YNL125C,YOR038C,0,0.14421633,0.24719101190567017,0.35129740834236145,0.10722144693136215
YBR024W,YLL028W,0,0.14394762,0.24701754748821259,0.35129740834236145,0.10732146352529526
YJL141C,YMR106C,0,0.14378361,0.2468443214893341,0.35129740834236145,0.10742148756980896
YIL048W,YOR173W,0,0.14372969,0.24667133390903473,0.35129740834236145,0.10752150416374207
YAL044C,YPL048W,1,0.14292952,0.24719887971878052,0.3522953987121582,0.10752150416374207
YKL103C,YER048C,0,0.14292423,0.24702589213848114,0.3522953987121582,0.10762152075767517
YKR087C,YML091C,0,0.14245628,0.24685314297676086,0.3522953987121582,0.10772154480218887
YGR001C,YNR026C,0,0.14229202,0.24668064713478088,0.3522953987121582,0.10782156139612198
YLR155C,YLR025W,0,0.14227007,0.2465083748102188,0.3522953987121582,0.10792158544063568
YFR042W,YMR271C,0,0.14168529,0.24633635580539703,0.3522953987121582,0.10802160203456879
YJL134W,YOR275C,0,0.14147845,0.24616457521915436,0.3522953987121582,0.10812162607908249
YKR046C,YDR423C,0,0.14092328,0.24599303305149078,0.3522953987121582,0.1082216426730156
YDR323C,YOR357C,1,0.14087117,0.2465181052684784,0.35329341888427734,0.1082216426730156
YHR168W,YNR010W,0,0.14082028,0.24634654819965363,0.35329341888427734,0.1083216667175293
YAL044C,YNR006W,1,0.14030875,0.24687065184116364,0.3542914092540741,0.1083216667175293
YER007W,YEL064C,0,0.1401866,0.24669909477233887,0.3542914092540741,0.1084216833114624
YOR361C,YFR006W,0,0.13904841,0.2465277761220932,0.3542914092540741,0.1085217073559761
YOR159C,YNR003C,0,0.13864633,0.24635669589042664,0.3542914092540741,0.10862172394990921
YIR036C,YPR101W,0,0.13822757,0.24618585407733917,0.3542914092540741,0.10872174799442291
YGL065C,YDR320C,0,0.1381572,0.2460152506828308,0.3542914092540741,0.10882176458835602
YMR078C,YLL002W,0,0.13808142,0.24584487080574036,0.3542914092540741,0.10892178118228912
YNR007C,YJR067C,0,0.13795283,0.2456747442483902,0.3542914092540741,0.10902180522680283
YCL043C,YOR231W,0,0.13734888,0.24550484120845795,0.3542914092540741,0.10912182182073593
YER120W,YNL243W,1,0.13702564,0.24602626264095306,0.35528942942619324,0.10912182182073593
YDL132W,YOR197W,0,0.1368615,0.2458563596010208,0.35528942942619324,0.10922184586524963
YOL086C,YLR182W,0,0.13683155,0.24568668007850647,0.35528942942619324,0.10932186245918274
YNL131W,YMR088C,0,0.13665412,0.24551723897457123,0.35528942942619324,0.10942188650369644
YDR323C,YPL145C,1,0.13628839,0.24603721499443054,0.35628741979599,0.10942188650369644
YDR128W,YBR035C,0,0.13564987,0.2458677738904953,0.35628741979599,0.10952190309762955
YGR098C,YIL097W,0,0.13550656,0.24569855630397797,0.35628741979599,0.10962192714214325
YNL271C,YNL003C,0,0.1354754,0.24552957713603973,0.35628741979599,0.10972194373607635
YDR349C,YJR125C,0,0.13530661,0.2453608214855194,0.35628741979599,0.10982196778059006
YGL201C,YFR031C,0,0.13510686,0.24519230425357819,0.35628741979599,0.10992198437452316
YIL039W,YOR228C,0,0.13507195,0.24502402544021606,0.35628741979599,0.11002200096845627
YNL298W,YGR086C,0,0.13463059,0.24485597014427185,0.35628741979599,0.11012202501296997
YMR143W,YNR010W,0,0.13440849,0.24468813836574554,0.35628741979599,0.11022204160690308
YAL009W,YPL163C,0,0.13431151,0.24452054500579834,0.35628741979599,0.11032206565141678
YDR425W,YMR004W,1,0.13391915,0.24503764510154724,0.35728543996810913,0.11032206565141678
YLR219W,YMR224C,0,0.13376519,0.24487003684043884,0.35728543996810913,0.11042208224534988
YKL184W,YKR029C,0,0.13337158,0.24470266699790955,0.35728543996810913,0.11052210628986359
YJL085W,YOR132W,1,0.13301109,0.24521857500076294,0.3582834303379059,0.11052210628986359
YNL331C,YBR236C,0,0.13279004,0.24505119025707245,0.3582834303379059,0.11062212288379669
YKL041W,YPL164C,0,0.1327851,0.24488404393196106,0.3582834303379059,0.1107221469283104
YIL041W,YDR311W,0,0.13237785,0.24471710622310638,0.3582834303379059,0.1108221635222435
YER145C,YNR035C,0,0.13210589,0.2445504069328308,0.3582834303379059,0.1109221875667572
YML070W,YCL050C,0,0.13201466,0.24438393115997314,0.3582834303379059,0.11102220416069031
YJL156C,YNL238W,0,0.13173304,0.24421769380569458,0.3582834303379059,0.11112222075462341
YPR031W,YJL108C,0,0.13139895,0.24405166506767273,0.3582834303379059,0.11122224479913712
YML051W,YDR166C,0,0.1311254,0.24388587474822998,0.3582834303379059,0.11132226139307022
YPL091W,YDR214W,0,0.13068198,0.24372029304504395,0.3582834303379059,0.11142228543758392
YLR151C,YFL048C,0,0.13063668,0.243554949760437,0.3582834303379059,0.11152230203151703
YNL087W,YOR357C,1,0.13013253,0.24406780302524567,0.359281450510025,0.11152230203151703
YKL012W,YLR090W,0,0.12994887,0.24390244483947754,0.359281450510025,0.11162232607603073
YMR175W,YGL023C,1,0.1299408,0.24441435933113098,0.3602794408798218,0.11162232607603073
YBR068C,YOL060C,0,0.1298128,0.24424898624420166,0.3602794408798218,0.11172234266996384
YNR006W,YNL243W,1,0.12970349,0.24475997686386108,0.36127743124961853,0.11172234266996384
YOR069W,YGR193C,1,0.1295926,0.2452702671289444,0.36227545142173767,0.11172234266996384
YLR064W,YPR036W,0,0.12941906,0.24510465562343597,0.36227545142173767,0.11182236671447754
YGL014W,YDR085C,0,0.12893897,0.24493926763534546,0.36227545142173767,0.11192238330841064
YOR196C,YMR233W,0,0.12885056,0.24477410316467285,0.36227545142173767,0.11202240735292435
YKR020W,YKR048C,0,0.12875281,0.24460916221141815,0.36227545142173767,0.11212242394685745
YLR138W,YEL041W,0,0.12829296,0.24444444477558136,0.36227545142173767,0.11222244799137115
YLR225C,YBR058C,0,0.1281947,0.24427995085716248,0.36227545142173767,0.11232246458530426
YFR041C,YGR261C,0,0.12816928,0.2441156655550003,0.36227545142173767,0.11242248117923737
YLR079W,YPR181C,0,0.12798224,0.24395161867141724,0.36227545142173767,0.11252250522375107
YDL066W,YJL062W,0,0.12747435,0.24378778040409088,0.36227545142173767,0.11262252181768417
YPL115C,YOR086C,1,0.12710871,0.24429529905319214,0.3632734417915344,0.11262252181768417
YNL326C,YOL027C,0,0.12704386,0.24413146078586578,0.3632734417915344,0.11272254586219788
YDL044C,YML048W,0,0.12602405,0.24396783113479614,0.3632734417915344,0.11282256245613098
YBL085W,YDR148C,1,0.12597424,0.24447421729564667,0.36427146196365356,0.11282256245613098
YBL041W,YPL151C,0,0.12568133,0.24431057274341583,0.36427146196365356,0.11292258650064468
YPL115C,YOR357C,1,0.1256315,0.24481604993343353,0.3652694523334503,0.11292258650064468
YGR188C,YDR166C,0,0.12538609,0.2446524053812027,0.3652694523334503,0.11302260309457779
YER089C,YHR172W,0,0.12494896,0.24448898434638977,0.3652694523334503,0.11312262713909149
YKL139W,YLR225C,0,0.1245646,0.24432577192783356,0.3652694523334503,0.1132226437330246
YIL016W,YLR028C,0,0.12450419,0.24416276812553406,0.3652694523334503,0.1133226677775383
YJR134C,YDR499W,0,0.124422655,0.24400000274181366,0.3652694523334503,0.1134226843714714
YHR167W,YGL157W,0,0.12377933,0.24383744597434998,0.3652694523334503,0.11352270096540451
YLR206W,YER114C,1,0.12287788,0.24434088170528412,0.36626747250556946,0.11352270096540451
YGL035C,YOR322C,0,0.122833475,0.24417831003665924,0.36626747250556946,0.11362272500991821
YGR222W,YNL270C,0,0.12276667,0.24401596188545227,0.36626747250556946,0.11372274160385132
YOR069W,YDL019C,1,0.12228049,0.24451826512813568,0.3672654628753662,0.11372274160385132
YPR165W,YBR172C,0,0.122134045,0.2443559169769287,0.3672654628753662,0.11382276564836502
YPR178W,YLR095C,0,0.1219293,0.24419376254081726,0.3672654628753662,0.11392278224229813
YLR389C,YKR039W,0,0.12178491,0.24403183162212372,0.3672654628753662,0.11402280628681183
YJL139C,YML129C,0,0.12169795,0.2438701093196869,0.3672654628753662,0.11412282288074493
YBR213W,YGL094C,0,0.12161285,0.24370861053466797,0.3672654628753662,0.11422284692525864
YDR414C,YGR167W,0,0.1210527,0.24354732036590576,0.3672654628753662,0.11432286351919174
YDR164C,YLR178C,0,0.12083419,0.24338623881340027,0.3672654628753662,0.11442288756370544
YMR004W,YDL225W,1,0.1207411,0.2438863217830658,0.36826348304748535,0.11442288756370544
YML069W,YKL174C,0,0.12057035,0.2437252253293991,0.36826348304748535,0.11452290415763855
YAR019C,YIL109C,0,0.119945765,0.24356435239315033,0.36826348304748535,0.11462292820215225
YKL146W,YCR026C,0,0.119603306,0.24340368807315826,0.36826348304748535,0.11472294479608536
YMR166C,YER122C,0,0.11944988,0.2432432472705841,0.36826348304748535,0.11482296139001846
YEL038W,YNL047C,0,0.11892934,0.24308300018310547,0.36826348304748535,0.11492298543453217
YAL009W,YML008C,0,0.11892113,0.24292297661304474,0.36826348304748535,0.11502300202846527
YPL148C,YMR315W,0,0.11836982,0.24276316165924072,0.36826348304748535,0.11512302607297897
YMR170C,YMR163C,0,0.118313,0.24260355532169342,0.36826348304748535,0.11522304266691208
YLR178C,YKR031C,1,0.118285865,0.24310117959976196,0.3692614734172821,0.11522304266691208
YDL095W,YLR095C,0,0.11824541,0.24294155836105347,0.3692614734172821,0.11532306671142578
YAL014C,YGL044C,0,0.117961034,0.24278214573860168,0.3692614734172821,0.11542308330535889
YDL168W,YDR449C,0,0.11780171,0.2426229566335678,0.3692614734172821,0.11552310734987259
YKR046C,YIL076W,0,0.11757292,0.24246396124362946,0.3692614734172821,0.1156231239438057
YOR304C-A,YMR304W,0,0.11732617,0.24230517446994781,0.3692614734172821,0.1157231479883194
YPL228W,YDR260C,0,0.117256954,0.2421465963125229,0.3692614734172821,0.1158231645822525
YGR037C,YER103W,0,0.11725418,0.24198822677135468,0.3692614734172821,0.11592318117618561
YGR112W,YPL151C,0,0.11720736,0.24183006584644318,0.3692614734172821,0.11602320522069931
YJR045C,YDR291W,0,0.1171006,0.2416721135377884,0.3692614734172821,0.11612322181463242
YNL071W,YGR037C,1,0.11682108,0.24216710031032562,0.37025949358940125,0.11612322181463242
YKL176C,YKR001C,0,0.11671443,0.24200913310050964,0.37025949358940125,0.11622324585914612
YJR009C,YDR393W,0,0.11665617,0.24185137450695038,0.37025949358940125,0.11632326245307922
YLL054C,YBR097W,0,0.1162654,0.24169380962848663,0.37025949358940125,0.11642328649759293
YNR047W,YBR128C,0,0.11619176,0.2415364533662796,0.37025949358940125,0.11652330309152603
YDR103W,YLR027C,0,0.115996614,0.24137930572032928,0.37025949358940125,0.11662332713603973
YJR076C,YML072C,1,0.11586644,0.24187256395816803,0.371257483959198,0.11662332713603973
YGR239C,YDR126W,0,0.115853325,0.24171540141105652,0.371257483959198,0.11672334372997284
YDR512C,YDR233C,0,0.11566317,0.24155844748020172,0.371257483959198,0.11682336777448654
YKL088W,YPL274W,0,0.11534059,0.24140168726444244,0.371257483959198,0.11692338436841965
YMR315W,YLL029W,0,0.11525284,0.24124513566493988,0.371257483959198,0.11702340096235275
YDL141W,YFL029C,0,0.11523172,0.24108879268169403,0.371257483959198,0.11712342500686646
YMR233W,YCR014C,0,0.11508089,0.2409326434135437,0.371257483959198,0.11722344160079956
YBR274W,YOR291W,0,0.1149444,0.24077670276165009,0.371257483959198,0.11732346564531326
YPL232W,YBR097W,0,0.11493404,0.240620955824852,0.371257483959198,0.11742348223924637
YKL074C,YML007W,0,0.114816085,0.2404654175043106,0.371257483959198,0.11752350628376007
YDL236W,YGL032C,0,0.1146671,0.24031007289886475,0.371257483959198,0.11762352287769318
YCR002C,YBR200W,1,0.11462428,0.24080051481723785,0.37225547432899475,0.11762352287769318
YDL019C,YJR076C,1,0.114552945,0.24129031598567963,0.3732534945011139,0.11762352287769318
YKL201C,YMR021C,0,0.11436741,0.24113474786281586,0.3732534945011139,0.11772354692220688
YNL159C,YGR255C,0,0.11409074,0.2409793883562088,0.3732534945011139,0.11782356351613998
YDR288W,YDR151C,0,0.11346941,0.24082420766353607,0.3732534945011139,0.11792358756065369
YOR381W,YDL101C,0,0.11344497,0.24066923558712006,0.3732534945011139,0.11802360415458679
YLR373C,YIL109C,0,0.11340515,0.24051447212696075,0.3732534945011139,0.1181236281991005
YAR027W,YGR284C,0,0.1133403,0.24035990238189697,0.3732534945011139,0.1182236447930336
YKL189W,YKR065C,0,0.11312492,0.2402055263519287,0.3732534945011139,0.1183236613869667
YCR002C,YPL048W,1,0.11297606,0.24069319665431976,0.37425148487091064,0.1183236613869667
YNR001C,YDL225W,0,0.11163141,0.2405388057231903,0.37425148487091064,0.11842368543148041
YOR245C,YBL046W,0,0.11108182,0.24038460850715637,0.37425148487091064,0.11852370202541351
YHR123W,YKL008C,0,0.11076854,0.24023061990737915,0.37425148487091064,0.11862372606992722
YGL206C,YBL055C,0,0.11055605,0.24007682502269745,0.37425148487091064,0.11872374266386032
YHR187W,YGR052W,0,0.11038259,0.23992322385311127,0.37425148487091064,0.11882376670837402
YOR171C,YOL064C,0,0.11034261,0.2397698163986206,0.37425148487091064,0.11892378330230713
YKL094W,YLR278C,0,0.1101391,0.23961661756038666,0.37425148487091064,0.11902380734682083
YKR009C,YOR353C,0,0.10975258,0.23946359753608704,0.37425148487091064,0.11912382394075394
YLR178C,YPL100W,1,0.109747946,0.23994894325733185,0.3752495050430298,0.11912382394075394
YNL152W,YLR314C,1,0.10911161,0.2404336780309677,0.37624749541282654,0.11912382394075394
YDR016C,YDR130C,0,0.109096855,0.24028043448925018,0.37624749541282654,0.11922384798526764
YPL115C,YNL087W,1,0.10833043,0.2407643347978592,0.3772455155849457,0.11922384798526764
YLR081W,YOR155C,0,0.108065724,0.24061107635498047,0.3772455155849457,0.11932386457920074
YLR119W,YIL126W,0,0.107712045,0.24045801162719727,0.3772455155849457,0.11942388117313385
YHR143W,YNL217W,0,0.10721801,0.24030515551567078,0.3772455155849457,0.11952390521764755
YOR381W,YDR351W,0,0.10716005,0.2401524782180786,0.3772455155849457,0.11962392181158066
YHR026W,YKL017C,0,0.10710099,0.23999999463558197,0.3772455155849457,0.11972394585609436
YKR031C,YNL243W,1,0.10681501,0.24048224091529846,0.37824350595474243,0.11972394585609436
YKL113C,YHR107C,0,0.10681209,0.24032974243164062,0.37824350595474243,0.11982396245002747
YDL168W,YGR214W,0,0.1064965,0.2401774376630783,0.37824350595474243,0.11992398649454117
YDR036C,YHR060W,0,0.106353894,0.2400253266096115,0.37824350595474243,0.12002400308847427
YOR198C,YOR303W,0,0.10631244,0.23987342417240143,0.37824350595474243,0.12012402713298798
YPL241C,YPL005W,0,0.10583471,0.23972170054912567,0.37824350595474243,0.12022404372692108
YJL178C,YMR004W,1,0.10568273,0.24020227789878845,0.3792415261268616,0.12022404372692108
YCL031C,YLR206W,0,0.10558781,0.2400505393743515,0.3792415261268616,0.12032406777143478
YJL036W,YHR001W,1,0.10551332,0.24053029716014862,0.3802395164966583,0.12032406777143478
YNL243W,YJR076C,1,0.105017856,0.24100945889949799,0.38123753666877747,0.12032406777143478
YPR156C,YKL170W,0,0.1047304,0.24085749685764313,0.38123753666877747,0.12042408436536789
YLR459W,YLR450W,0,0.104644656,0.2407057285308838,0.38123753666877747,0.12052410840988159
YDR153C,YER125W,1,0.104434565,0.24118387699127197,0.3822355270385742,0.12052410840988159
YOL067C,YHR181W,0,0.104426876,0.24103209376335144,0.3822355270385742,0.1206241250038147
YCR034W,YML008C,0,0.103844196,0.24088050425052643,0.3822355270385742,0.1207241415977478
YBL079W,YDL159W,0,0.10347815,0.24072910845279694,0.3822355270385742,0.1208241656422615
YMR201C,YOL044W,0,0.1025835,0.24057789146900177,0.3822355270385742,0.12092418223619461
YDR221W,YLL033W,0,0.10234451,0.24042686820030212,0.3822355270385742,0.12102420628070831
YGL023C,YDL161W,1,0.101904765,0.24090339243412018,0.38323354721069336,0.12102420628070831
YIL114C,YJL213W,0,0.10151662,0.24075235426425934,0.38323354721069336,0.12112422287464142
YDR146C,YLR121C,0,0.10123475,0.24060150980949402,0.38323354721069336,0.12122424691915512
YHR101C,YDL188C,0,0.100951165,0.24045084416866302,0.38323354721069336,0.12132426351308823
YOR261C,YMR179W,0,0.10091694,0.24030037224292755,0.38323354721069336,0.12142428755760193
YDR046C,YKL180W,0,0.10086526,0.2401500940322876,0.38323354721069336,0.12152430415153503
YER173W,YLR113W,0,0.10079171,0.23999999463558197,0.38323354721069336,0.12162432819604874
YMR092C,YDR237W,0,0.10034272,0.23985008895397186,0.38323354721069336,0.12172434478998184
YDR419W,YOR215C,0,0.100217834,0.23970037698745728,0.38323354721069336,0.12182436138391495
YDR518W,YFL036W,0,0.09994708,0.23955084383487701,0.38323354721069336,0.12192438542842865
YNL189W,YNL083W,0,0.09955265,0.23940148949623108,0.38323354721069336,0.12202440202236176
YBR126C,YKL174C,0,0.09930557,0.23925234377384186,0.38323354721069336,0.12212442606687546
YNL159C,YNR060W,0,0.09926723,0.23910336196422577,0.38323354721069336,0.12222444266080856
YBR182C,YOR017W,0,0.09849544,0.2389545738697052,0.38323354721069336,0.12232446670532227
YOL062C,YLL023C,0,0.09817271,0.23880596458911896,0.38323354721069336,0.12242448329925537
YHR030C,YMR152W,0,0.09810871,0.23865754902362823,0.38323354721069336,0.12252450734376907
YGR075C,YOL090W,0,0.09807697,0.23850931227207184,0.38323354721069336,0.12262452393770218
YMR289W,YNR008W,0,0.09799306,0.23836126923561096,0.38323354721069336,0.12272454798221588
YGR143W,YLR134W,0,0.09725161,0.2382134050130844,0.38323354721069336,0.12282456457614899
YGR172C,YNL330C,0,0.0970514,0.2380657196044922,0.38323354721069336,0.12292458862066269
YGL203C,YMR193W,0,0.096958846,0.2379182130098343,0.38323354721069336,0.1230246052145958
YLR237W,YBR230C,0,0.09647323,0.2377709001302719,0.38323354721069336,0.1231246218085289
YJL156C,YPR023C,0,0.09574951,0.23762376606464386,0.38323354721069336,0.1232246458530426
YOR022C,YMR284W,0,0.09543748,0.23747681081295013,0.38323354721069336,0.12332466244697571
YNR017W,YLR186W,0,0.095338985,0.23733003437519073,0.38323354721069336,0.12342468649148941
YOR389W,YPL002C,0,0.09506743,0.23718345165252686,0.38323354721069336,0.12352470308542252
YJL187C,YBR156C,0,0.09503539,0.2370370328426361,0.38323354721069336,0.12362472712993622
YCL031C,YJL172W,0,0.09470777,0.23689080774784088,0.38323354721069336,0.12372474372386932
YOR340C,YOR270C,0,0.093942866,0.23674476146697998,0.38323354721069336,0.12382476776838303
YGR020C,YIR007W,0,0.09305276,0.2365988940000534,0.38323354721069336,0.12392478436231613
YBR160W,YIL140W,0,0.09250562,0.23645320534706116,0.38323354721069336,0.12402480840682983
YDR323C,YFR019W,1,0.092432216,0.23692308366298676,0.3842315375804901,0.12402480840682983
YGR223C,YCR002C,1,0.09229492,0.2373923808336258,0.38522952795028687,0.12402480840682983
YDR313C,YPL115C,1,0.09222183,0.23786109685897827,0.386227548122406,0.12402480840682983
YGR124W,YIR005W,0,0.09190352,0.2377149909734726,0.386227548122406,0.12412482500076294
YCR009C,YGL179C,0,0.09144913,0.23756906390190125,0.386227548122406,0.12422484159469604
YPL259C,YOR140W,0,0.091391474,0.23742331564426422,0.386227548122406,0.12432486563920975
YBR204C,YPL196W,0,0.09118308,0.23727774620056152,0.386227548122406,0.12442488223314285
YJL204C,YPL172C,0,0.09102073,0.23713235557079315,0.386227548122406,0.12452490627765656
YNL047C,YER008C,1,0.09091264,0.23759950697422028,0.38722553849220276,0.12452490627765656
YOL019W,YMR043W,0,0.09009497,0.2374541014432907,0.38722553849220276,0.12462492287158966
YGR171C,YOR196C,0,0.08982381,0.23730887472629547,0.38722553849220276,0.12472494691610336
YLR050C,YKL179C,0,0.089820534,0.23716381192207336,0.38722553849220276,0.12482496351003647
YNL223W,YEL052W,0,0.08977087,0.23701894283294678,0.38722553849220276,0.12492498755455017
YBR230C,YGL095C,0,0.08964439,0.23687423765659332,0.38722553849220276,0.12502500414848328
YKL211C,YLR251W,0,0.08945069,0.2367297112941742,0.38722553849220276,0.12512502074241638
YJL066C,YNR039C,0,0.08914615,0.2365853637456894,0.38722553849220276,0.12522505223751068
YLR208W,YIR014W,0,0.08911882,0.23644119501113892,0.38722553849220276,0.1253250688314438
YER070W,YGL100W,0,0.0890867,0.23629720509052277,0.38722553849220276,0.1254250854253769
YMR019W,YDR130C,0,0.088869885,0.23615337908267975,0.38722553849220276,0.12552510201931
YGL023C,YFR021W,1,0.08869539,0.2366180121898651,0.3882235586643219,0.12552510201931
YKR003W,YBL105C,1,0.088495344,0.23708206415176392,0.38922154903411865,0.12552510201931
YIL041W,YFL034C-B,0,0.08845821,0.23693802952766418,0.38922154903411865,0.1256251186132431
YDR229W,YGR241C,1,0.08826506,0.2374013364315033,0.3902195692062378,0.1256251186132431
YDL192W,YJL158C,0,0.08823429,0.23725728690624237,0.3902195692062378,0.1257251501083374
YDR352W,YPL236C,0,0.08736201,0.23711340129375458,0.3902195692062378,0.1258251667022705
YGR037C,YBR200W,1,0.08709124,0.23757575452327728,0.39121755957603455,0.1258251667022705
YDL095W,YDR022C,0,0.08689967,0.2374318540096283,0.39121755957603455,0.1259251832962036
YER175C,YLR201C,0,0.08673857,0.23728813230991364,0.39121755957603455,0.12602519989013672
YML070W,YER020W,0,0.08658929,0.2371445894241333,0.39121755957603455,0.12612523138523102
YDR501W,YPL085W,0,0.086555764,0.2370012104511261,0.39121755957603455,0.12622524797916412
YHR209W,YDR332W,0,0.086018175,0.23685801029205322,0.39121755957603455,0.12632526457309723
YHR209W,YBR055C,0,0.08568786,0.23671497404575348,0.39121755957603455,0.12642528116703033
YPL115C,YJL085W,1,0.08563362,0.2371756136417389,0.3922155797481537,0.12642528116703033
YFR021W,YDR148C,1,0.085560784,0.23763570189476013,0.39321357011795044,0.12642528116703033
YPR097W,YNL243W,1,0.08544773,0.2380952388048172,0.3942115902900696,0.12642528116703033
YJL066C,YBL037W,0,0.08539584,0.23795180022716522,0.3942115902900696,0.12652529776096344
YKR022C,YDL007W,0,0.08519633,0.23780855536460876,0.3942115902900696,0.12662532925605774
YNL229C,YBR198C,0,0.085131586,0.23766545951366425,0.3942115902900696,0.12672534584999084
YJR015W,YLR301W,0,0.085003525,0.23752254247665405,0.3942115902900696,0.12682536244392395
YBR074W,YKR062W,0,0.08489573,0.23737980425357819,0.3942115902900696,0.12692537903785706
YER125W,YGR193C,1,0.084574535,0.23783783614635468,0.39520958065986633,0.12692537903785706
YLL050C,YOL077C,0,0.08443707,0.23769508302211761,0.39520958065986633,0.12702541053295135
YNL282W,YKL117W,0,0.0843419,0.2375524938106537,0.39520958065986633,0.12712542712688446
YER157W,YKL092C,0,0.0836288,0.2374100685119629,0.39520958065986633,0.12722544372081757
YPL241C,YPL139C,0,0.08338149,0.23726782202720642,0.39520958065986633,0.12732546031475067
YMR044W,YGL163C,0,0.08321132,0.23712575435638428,0.39520958065986633,0.12742549180984497
YGL020C,YIL080W,0,0.08279437,0.23698383569717407,0.39520958065986633,0.12752550840377808
YGL185C,YOR257W,0,0.082494855,0.2368421107530594,0.39520958065986633,0.12762552499771118
YLR342W,YPR187W,0,0.082331106,0.23670053482055664,0.39520958065986633,0.1277255415916443
YMR283C,YIL083C,0,0.08205807,0.23655913770198822,0.39520958065986633,0.1278255581855774
YLR170C,YJL085W,0,0.08167179,0.23641790449619293,0.39520958065986633,0.1279255896806717
YDR229W,YJR076C,1,0.08153495,0.23687350749969482,0.3962075710296631,0.1279255896806717
YDR425W,YDL065C,0,0.081509694,0.23673225939273834,0.3962075710296631,0.1280256062746048
YGL094C,YGR010W,0,0.08131789,0.236591175198555,0.3962075710296631,0.1281256228685379
YBR103W,YBR037C,0,0.08119491,0.23645026981830597,0.3962075710296631,0.128225639462471
YOR046C,YBL079W,0,0.08062896,0.23630952835083008,0.3962075710296631,0.1283256709575653
YLR362W,YPL194W,0,0.08061178,0.23616895079612732,0.3962075710296631,0.1284256875514984
YPL003W,YDR378C,0,0.08024229,0.2360285371541977,0.3962075710296631,0.12852570414543152
YOL145C,YLR163C,0,0.08002989,0.2358882874250412,0.3962075710296631,0.12862572073936462
YPL064C,YIL140W,0,0.07989527,0.23574821650981903,0.3962075710296631,0.12872575223445892
YDL178W,YKL186C,0,0.07965742,0.23560830950737,0.3962075710296631,0.12882576882839203
YOR037W,YOL082W,0,0.07918061,0.2354685664176941,0.3962075710296631,0.12892578542232513
YBR002C,YLR209C,0,0.07891165,0.23532898724079132,0.3962075710296631,0.12902580201625824
YNR017W,YBR159W,0,0.07840885,0.23518957197666168,0.3962075710296631,0.12912581861019135
YDR452W,YCL024W,0,0.07831058,0.23505032062530518,0.3962075710296631,0.12922585010528564
YOR368W,YGR155W,0,0.07827847,0.234911248087883,0.3962075710296631,0.12932586669921875
YDR416W,YGL224C,0,0.07810287,0.23477232456207275,0.3962075710296631,0.12942588329315186
YLR265C,YOR298W,0,0.077963814,0.23463356494903564,0.3962075710296631,0.12952589988708496
YNL331C,YNL305C,0,0.07777774,0.23449498414993286,0.3962075710296631,0.12962593138217926
YJL154C,YDL204W,0,0.077746466,0.23435655236244202,0.3962075710296631,0.12972594797611237
YJL085W,YOR357C,1,0.07757136,0.23480826616287231,0.3972055912017822,0.12972594797611237
YCR054C,YEL031W,0,0.07752633,0.23466980457305908,0.3972055912017822,0.12982596457004547
YJR060W,YDR379W,0,0.0774744,0.23453152179718018,0.3972055912017822,0.12992598116397858
YDL110C,YGR047C,0,0.077165976,0.2343934029340744,0.3972055912017822,0.13002599775791168
YKL213C,YMR115W,0,0.07639618,0.23425544798374176,0.3972055912017822,0.13012602925300598
YGL040C,YIL083C,0,0.07634868,0.23411764204502106,0.3972055912017822,0.1302260458469391
YKR090W,YGR041W,0,0.0760621,0.23398001492023468,0.3972055912017822,0.1303260624408722
YIR007W,YGR155W,0,0.07533614,0.23384253680706024,0.3972055912017822,0.1304260790348053
YGR172C,YDR197W,0,0.07530384,0.23370522260665894,0.3972055912017822,0.1305261105298996
YDL080C,YGR256W,0,0.07514636,0.23356807231903076,0.3972055912017822,0.1306261271238327
YIL117C,YFL054C,0,0.07510041,0.23343108594417572,0.3972055912017822,0.1307261437177658
YHR161C,YNR006W,1,0.07505502,0.233880415558815,0.398203581571579,0.1307261437177658
YDL127W,YHR016C,0,0.074441284,0.23374341428279877,0.398203581571579,0.1308261603116989
YBL019W,YOL155C,0,0.074316666,0.23360656201839447,0.398203581571579,0.1309261918067932
YMR223W,YGR223C,0,0.07429528,0.2334698587656021,0.398203581571579,0.13102620840072632
YNL271C,YAL061W,0,0.07402651,0.23333333432674408,0.398203581571579,0.13112622499465942
YMR089C,YDR368W,0,0.073896885,0.23319695889949799,0.398203581571579,0.13122624158859253
YLR439W,YLL051C,0,0.073683634,0.23306074738502502,0.398203581571579,0.13132625818252563
YJL091C,YLR028C,0,0.07339771,0.2329246997833252,0.398203581571579,0.13142628967761993
YNL049C,YAL060W,0,0.072978094,0.2327888011932373,0.398203581571579,0.13152630627155304
YPL232W,YOR326W,0,0.07289325,0.23265306651592255,0.398203581571579,0.13162632286548615
YDR440W,YOR155C,0,0.07270838,0.23251748085021973,0.398203581571579,0.13172633945941925
YDR267C,YER157W,0,0.07253125,0.23238205909729004,0.398203581571579,0.13182637095451355
YDR362C,YBR288C,0,0.07210548,0.23224680125713348,0.398203581571579,0.13192638754844666
YGL233W,YHR086W,0,0.07163446,0.23211169242858887,0.398203581571579,0.13202640414237976
YDR310C,YML091C,0,0.07084589,0.23197674751281738,0.398203581571579,0.13212642073631287
YKR090W,YIL101C,0,0.070762426,0.23184195160865784,0.398203581571579,0.13222645223140717
YAL022C,YBR288C,0,0.07066567,0.23170731961727142,0.398203581571579,0.13232646882534027
YKL012W,YKL212W,0,0.070638105,0.23157283663749695,0.398203581571579,0.13242648541927338
YPL258C,YBR039W,0,0.07043758,0.2314385175704956,0.398203581571579,0.13252650201320648
YGL190C,YIL129C,0,0.069813594,0.2313043475151062,0.398203581571579,0.1326265186071396
YNL071W,YGR193C,1,0.06979333,0.23174971342086792,0.3992016017436981,0.1326265186071396
YIL004C,YGL032C,0,0.06941454,0.23161551356315613,0.3992016017436981,0.1327265501022339
YOR347C,YJR056C,0,0.0687633,0.23148147761821747,0.3992016017436981,0.132826566696167
YPR104C,YDR001C,0,0.06855349,0.23134760558605194,0.3992016017436981,0.1329265832901001
YDR510W,YNL270C,0,0.068464994,0.23121386766433716,0.3992016017436981,0.1330265998840332
YDR164C,YDL021W,0,0.06840892,0.2310802936553955,0.3992016017436981,0.1331266313791275
YLR403W,YNL258C,0,0.06838,0.230946883559227,0.3992016017436981,0.1332266479730606
YJL149W,YDL164C,0,0.068361536,0.2308136224746704,0.3992016017436981,0.1333266645669937
YER125W,YDR323C,1,0.06820436,0.23125721514225006,0.4001995921134949,0.1333266645669937
YIL108W,YBR170C,0,0.06729965,0.2311239242553711,0.4001995921134949,0.13342668116092682
YHR028C,YDL225W,0,0.06670803,0.23099078238010406,0.4001995921134949,0.13352671265602112
YDR339C,YGL051W,0,0.0664887,0.23085780441761017,0.4001995921134949,0.13362672924995422
YHR112C,YFR008W,0,0.06633608,0.2307249754667282,0.4001995921134949,0.13372674584388733
YLR403W,YPL060W,0,0.066189274,0.2305922955274582,0.4001995921134949,0.13382676243782043
YDR159W,YNL015W,0,0.06570746,0.2304597645998001,0.4001995921134949,0.13392677903175354
YJR034W,YGL071W,0,0.065603316,0.23032739758491516,0.4001995921134949,0.13402681052684784
YER019W,YFL048C,0,0.06465782,0.23019517958164215,0.4001995921134949,0.13412682712078094
YPL241C,YLR035C,0,0.06454092,0.23006311058998108,0.4001995921134949,0.13422684371471405
YJL092W,YMR278W,0,0.06454086,0.22993119060993195,0.4001995921134949,0.13432686030864716
YGR241C,YLR314C,1,0.06453757,0.23037248849868774,0.401197612285614,0.13432686030864716
YJL139C,YDR270W,0,0.06443532,0.23024055361747742,0.401197612285614,0.13442689180374146
YOR085W,YKL008C,0,0.06442329,0.23010875284671783,0.401197612285614,0.13452690839767456
YDR531W,YMR227C,0,0.06437518,0.22997711598873138,0.401197612285614,0.13462692499160767
YPL048W,YDR103W,1,0.06424852,0.2304173856973648,0.40219560265541077,0.13462692499160767
YBR122C,YHR030C,0,0.06416194,0.23028571903705597,0.40219560265541077,0.13472694158554077
YER004W,YNL335W,0,0.06414704,0.23015420138835907,0.40219560265541077,0.13482695817947388
YOR216C,YNR041C,0,0.06334217,0.2300228327512741,0.40219560265541077,0.13492698967456818
YFR041C,YAL044C,0,0.06185198,0.2298916131258011,0.40219560265541077,0.13502700626850128
YPL110C,YKL049C,0,0.061666265,0.22976054251194,0.40219560265541077,0.1351270228624344
YDR342C,YNL136W,0,0.06160529,0.22962963581085205,0.40219560265541077,0.1352270394563675
YBR215W,YNL336W,0,0.06157893,0.22949886322021484,0.40219560265541077,0.1353270709514618
YJL164C,YEL016C,0,0.061348885,0.22936823964118958,0.40219560265541077,0.1354270875453949
YDR313C,YDR323C,1,0.061221376,0.22980660200119019,0.4031936228275299,0.1354270875453949
YNL106C,YJR121W,0,0.060966045,0.22967594861984253,0.4031936228275299,0.135527104139328
YBR230C,YER088C,0,0.060963154,0.229545459151268,0.4031936228275299,0.1356271207332611
YMR092C,YIL061C,0,0.060688168,0.22941510379314423,0.4031936228275299,0.1357271522283554
YPL202C,YMR083W,0,0.060541183,0.22928489744663239,0.4031936228275299,0.1358271688222885
YMR004W,YML104C,1,0.060060278,0.2297220677137375,0.40419161319732666,0.1358271688222885
YOR122C,YAL010C,0,0.0597616,0.22959183156490326,0.40419161319732666,0.13592718541622162
YPL048W,YFR021W,1,0.059751958,0.23002833127975464,0.4051896333694458,0.13592718541622162
YBR097W,YJL036W,0,0.059591606,0.22989808022975922,0.4051896333694458,0.13602720201015472
YLR117C,YMR169C,0,0.05947876,0.22976796329021454,0.4051896333694458,0.13612721860408783
YGR246C,YPL060W,0,0.059257865,0.229638010263443,0.4051896333694458,0.13622725009918213
YBR036C,YAL013W,0,0.058705762,0.2295081913471222,0.4051896333694458,0.13632726669311523
YBR036C,YFL041W,0,0.058492377,0.22937853634357452,0.4051896333694458,0.13642728328704834
YNL087W,YDR103W,1,0.058279008,0.22981366515159607,0.40618762373924255,0.13642728328704834
YGL014W,YFR006W,0,0.057608172,0.229683980345726,0.40618762373924255,0.13652729988098145
YCL020W,YIL050W,0,0.057330668,0.2295544296503067,0.40618762373924255,0.13662733137607574
YNR011C,YHR121W,0,0.057280764,0.22942502796649933,0.40618762373924255,0.13672734797000885
YBL085W,YDL019C,1,0.057188943,0.2298591583967209,0.4071856141090393,0.13672734797000885
YOR291W,YLR105C,0,0.05666603,0.22972972691059113,0.4071856141090393,0.13682736456394196
YGR157W,YNL273W,0,0.056397513,0.2296004444360733,0.4071856141090393,0.13692738115787506
YLR390W,YIL122W,0,0.056056708,0.22947131097316742,0.4071856141090393,0.13702741265296936
YNL138W,YMR270C,0,0.0559137,0.22934232652187347,0.4071856141090393,0.13712742924690247
YEL037C,YBR127C,0,0.05566275,0.22921347618103027,0.4071856141090393,0.13722744584083557
YPL115C,YDR323C,1,0.05541213,0.22964626550674438,0.40818363428115845,0.13722744584083557
YGL112C,YHR172W,0,0.055218026,0.22951740026474,0.40818363428115845,0.13732746243476868
YLR398C,YLL023C,0,0.05497423,0.22938866913318634,0.40818363428115845,0.13742747902870178
YAL055W,YLR080W,0,0.05478546,0.22926008701324463,0.40818363428115845,0.13752751052379608
YOR362C,YGR089W,0,0.054750234,0.22913165390491486,0.40818363428115845,0.1376275271177292
YDR254W,YHR186C,0,0.05468823,0.22900335490703583,0.40818363428115845,0.1377275437116623
YDR352W,YNL307C,0,0.054053828,0.22887520492076874,0.40818363428115845,0.1378275603055954
YKR078W,YML072C,1,0.05404152,0.22930648922920227,0.4091816246509552,0.1378275603055954
YMR197C,YOR181W,0,0.053660646,0.2291783094406128,0.4091816246509552,0.1379275918006897
YDL206W,YAL043C,0,0.05285424,0.22905027866363525,0.4091816246509552,0.1380276083946228
YGL207W,YGR104C,0,0.052406237,0.22892239689826965,0.4091816246509552,0.1381276249885559
YDR260C,YMR025W,0,0.05230309,0.2287946492433548,0.4091816246509552,0.138227641582489
YDR210W,YAL023C,0,0.052151322,0.22866703569889069,0.4091816246509552,0.13832765817642212
YKR031C,YLR314C,1,0.05179365,0.22909699380397797,0.41017964482307434,0.13832765817642212
YDR082W,YBR080C,0,0.05160196,0.22896936535835266,0.41017964482307434,0.13842768967151642
YER046W,YMR067C,0,0.05121343,0.2288418710231781,0.41017964482307434,0.13852770626544952
YML048W,YPL270W,0,0.05121194,0.22871452569961548,0.41017964482307434,0.13862772285938263
YPL145C,YFR019W,1,0.051137015,0.22914348542690277,0.4111776351928711,0.13862772285938263
YDR030C,YGL071W,0,0.05101712,0.22901612520217896,0.4111776351928711,0.13872773945331573
YKL015W,YDL164C,0,0.05095607,0.2288888841867447,0.4111776351928711,0.13882777094841003
YAL001C,YLR396C,0,0.050930694,0.22876179218292236,0.4111776351928711,0.13892778754234314
YPR198W,YOL026C,0,0.05089122,0.22863484919071198,0.4111776351928711,0.13902780413627625
YDR128W,YKL160W,0,0.050580665,0.22850804030895233,0.4111776351928711,0.13912782073020935
YDR047W,YLR165C,0,0.05058059,0.22838138043880463,0.4111776351928711,0.13922785222530365
YCL032W,YER174C,0,0.05052097,0.22825485467910767,0.4111776351928711,0.13932786881923676
YMR008C,YDR484W,0,0.050161883,0.22812846302986145,0.4111776351928711,0.13942788541316986
YER168C,YGR010W,0,0.050137058,0.22800222039222717,0.4111776351928711,0.13952790200710297
YOL072W,YGR143W,0,0.049582943,0.22787611186504364,0.4111776351928711,0.13962791860103607
YHR045W,YOR371C,0,0.0495165,0.22775013744831085,0.4111776351928711,0.13972795009613037
YNL127W,YKL205W,0,0.04938461,0.22762431204319,0.4111776351928711,0.13982796669006348
YKL203C,YGR026W,0,0.04925652,0.2274986207485199,0.4111776351928711,0.13992798328399658
YMR160W,YLR321C,0,0.049185783,0.22737306356430054,0.4111776351928711,0.1400279998779297
YLR206W,YOR086C,1,0.04882209,0.2277992218732834,0.41217565536499023,0.1400279998779297
YDR309C,YPL100W,1,0.048561588,0.22822491824626923,0.413173645734787,0.1400279998779297
YMR071C,YMR068W,0,0.048270002,0.22809916734695435,0.413173645734787,0.140128031373024
YDR158W,YKR029C,0,0.047995716,0.2279735654592514,0.413173645734787,0.1402280479669571
YPL048W,YGR203W,0,0.047585055,0.2278480976819992,0.413173645734787,0.1403280645608902
YOR148C,YML071C,0,0.047354892,0.22772277891635895,0.413173645734787,0.1404280811548233
YLR117C,YGL232W,0,0.047282472,0.22759757936000824,0.413173645734787,0.1405281126499176
YJL036W,YNL047C,1,0.047061548,0.22802197933197021,0.41417166590690613,0.1405281126499176
YFR044C,YPL159C,0,0.046801075,0.2278967648744583,0.41417166590690613,0.1406281292438507
YEL002C,YBL016W,0,0.046784356,0.22777168452739716,0.41417166590690613,0.1407281458377838
YDR307W,YLL033W,0,0.046692744,0.22764673829078674,0.41417166590690613,0.14082816243171692
YMR272C,YPL089C,0,0.046469465,0.22752192616462708,0.41417166590690613,0.14092817902565002
YGR037C,YLR206W,1,0.04605776,0.2279452085494995,0.4151696562767029,0.14092817902565002
YDR309C,YPL048W,1,0.045910344,0.22836801409721375,0.416167676448822,0.14092817902565002
YDR240C,YDR159W,0,0.045794606,0.22824302315711975,0.416167676448822,0.14102821052074432
YDR229W,YER120W,1,0.045747146,0.22866520285606384,0.4171656668186188,0.14102821052074432
YMR092C,YNL148C,0,0.04574667,0.22854018211364746,0.4171656668186188,0.14112822711467743
YNL312W,YDR371W,0,0.045528337,0.22841529548168182,0.4171656668186188,0.14122824370861053
YBR170C,YDR065W,0,0.045396,0.22829055786132812,0.4171656668186188,0.14132826030254364
YGR036C,YLR343W,0,0.04522738,0.22816593945026398,0.4171656668186188,0.14142829179763794
YOR323C,YOL129W,0,0.045136377,0.22804145514965057,0.4171656668186188,0.14152830839157104
YIL027C,YJL136C,0,0.044266,0.2279171198606491,0.4171656668186188,0.14162832498550415
YDR162C,YPR029C,0,0.04393567,0.2277929186820984,0.4171656668186188,0.14172834157943726
YOR148C,YDR248C,0,0.043798342,0.2276688516139984,0.4171656668186188,0.14182837307453156
YJL115W,YLR330W,0,0.04379642,0.227544903755188,0.4171656668186188,0.14192838966846466
YGL160W,YIL049W,0,0.043673918,0.2274211049079895,0.4171656668186188,0.14202840626239777
YDL044C,YGL253W,0,0.04347384,0.22729744017124176,0.4171656668186188,0.14212842285633087
YLR398C,YDR109C,0,0.043354288,0.22717390954494476,0.4171656668186188,0.14222843945026398
YBR103W,YDL069C,0,0.043218195,0.2270505130290985,0.4171656668186188,0.14232847094535828
YOL008W,YLR238W,0,0.043041274,0.226927250623703,0.4171656668186188,0.14242848753929138
YMR114C,YJL149W,0,0.042856768,0.22680412232875824,0.4171656668186188,0.1425285041332245
YBR035C,YBL011W,0,0.042724535,0.22668112814426422,0.4171656668186188,0.1426285207271576
YDR425W,YDR103W,1,0.042523548,0.22710026800632477,0.4181636869907379,0.1426285207271576
YKL168C,YBR283C,0,0.04235877,0.22697724401950836,0.4181636869907379,0.1427285522222519
YNL039W,YKL203C,0,0.041976586,0.2268543541431427,0.4181636869907379,0.142828568816185
YKR068C,YML095C,0,0.041936114,0.22673159837722778,0.4181636869907379,0.1429285854101181
YOR005C,YGR258C,0,0.041879103,0.2266089767217636,0.4181636869907379,0.1430286020040512
YML001W,YDL226C,0,0.0416753,0.22648648917675018,0.4181636869907379,0.14312861859798431
YJR161C,YNL220W,0,0.04153107,0.2263641208410263,0.4181636869907379,0.1432286500930786
YDL113C,YOR357C,1,0.04143685,0.22678185999393463,0.41916167736053467,0.1432286500930786
YLR452C,YDL179W,0,0.041269466,0.22665947675704956,0.41916167736053467,0.14332866668701172
YML051W,YFL044C,0,0.041040838,0.22653721272945404,0.41916167736053467,0.14342868328094482
YKR036C,YEL064C,0,0.04101473,0.22641509771347046,0.41916167736053467,0.14352869987487793
YLR070C,YML048W,0,0.04099907,0.22629310190677643,0.41916167736053467,0.14362873136997223
YOR356W,YFL022C,0,0.0409538,0.22617124021053314,0.41916167736053467,0.14372874796390533
YBL105C,YPL145C,1,0.0401645,0.22658772766590118,0.4201596677303314,0.14372874796390533
YLR364W,YPL023C,0,0.040015593,0.2264658361673355,0.4201596677303314,0.14382876455783844
YMR098C,YJR091C,0,0.039862484,0.22634407877922058,0.4201596677303314,0.14392878115177155
YER051W,YGR222W,0,0.039760396,0.2262224555015564,0.4201596677303314,0.14402881264686584
YHR091C,YNL272C,0,0.03975059,0.22610096633434296,0.4201596677303314,0.14412882924079895
YOL086C,YBL052C,0,0.039418742,0.22597959637641907,0.4201596677303314,0.14422884583473206
YOR178C,YBR216C,0,0.03907375,0.22585837543010712,0.4201596677303314,0.14432886242866516
YBR055C,YDR262W,0,0.03860466,0.22573725879192352,0.4201596677303314,0.14442887902259827
YDR313C,YNR006W,1,0.038056895,0.2261521965265274,0.42115768790245056,0.14442887902259827
YNL160W,YNL044W,0,0.037003458,0.22603106498718262,0.42115768790245056,0.14452891051769257
YDR056C,YHR064C,0,0.036991,0.22591006755828857,0.42115768790245056,0.14462892711162567
YJL036W,YJL178C,1,0.03667952,0.22632423043251038,0.4221556782722473,0.14462892711162567
YPL115C,YDR103W,1,0.036503807,0.22673796117305756,0.42315369844436646,0.14462892711162567
YNL107W,YLR133W,0,0.03640692,0.2266167849302292,0.42315369844436646,0.14472894370555878
YJL225C,YER013W,0,0.03548716,0.22649572789669037,0.42315369844436646,0.14482896029949188
YJR001W,YDR229W,0,0.035219133,0.2263748049736023,0.42315369844436646,0.14492899179458618
YGR198W,YMR037C,0,0.034725204,0.22625400125980377,0.42315369844436646,0.1450290083885193
YIL051C,YDR472W,0,0.034335807,0.226133331656456,0.42315369844436646,0.1451290249824524
YKR078W,YER125W,1,0.034324735,0.22654584050178528,0.4241516888141632,0.1451290249824524
YIL009C-A,YKR022C,0,0.03367126,0.2264251410961151,0.4241516888141632,0.1452290415763855
YKL046C,YPR024W,0,0.033623345,0.2263045758008957,0.4241516888141632,0.1453290730714798
YDR153C,YAR042W,1,0.033582315,0.22671633958816528,0.42514970898628235,0.1453290730714798
YJR119C,YOL123W,0,0.033300787,0.22659574449062347,0.42514970898628235,0.1454290896654129
YGL090W,YLR024C,0,0.032934852,0.2264752835035324,0.42514970898628235,0.145529106259346
YJL036W,YGL134W,0,0.032661512,0.2263549417257309,0.42514970898628235,0.1456291228532791
YPL087W,YOR360C,0,0.03251429,0.22623473405838013,0.42514970898628235,0.14572913944721222
YDR207C,YDR358W,0,0.032452703,0.2261146456003189,0.42514970898628235,0.14582917094230652
YML025C,YKL124W,0,0.032432586,0.22599469125270844,0.42514970898628235,0.14592918753623962
YML104C,YFR019W,1,0.032292485,0.2264050841331482,0.4261476993560791,0.14592918753623962
YML085C,YBR142W,0,0.031969458,0.22628511488437653,0.4261476993560791,0.14602920413017273
YMR109W,YMR228W,0,0.031890042,0.22616524994373322,0.4261476993560791,0.14612922072410583
YJL178C,YGR037C,1,0.031225726,0.22657491266727448,0.42714571952819824,0.14612922072410583
YDR425W,YCR002C,1,0.030345537,0.22698412835597992,0.428143709897995,0.14612922072410583
YLR246W,YDL155W,0,0.029963106,0.22686409950256348,0.428143709897995,0.14622925221920013
YEL031W,YGL014W,0,0.02986107,0.22674418985843658,0.428143709897995,0.14632926881313324
YOR311C,YDR143C,0,0.029538691,0.22662439942359924,0.428143709897995,0.14642928540706635
YPR149W,YLR035C,0,0.029125415,0.22650475800037384,0.428143709897995,0.14652930200099945
YDR090C,YGL059W,0,0.028705396,0.2263852208852768,0.428143709897995,0.14662931859493256
YOR054C,YNL069C,0,0.028632358,0.2262658178806305,0.428143709897995,0.14672935009002686
YIR009W,YDR137W,0,0.02826184,0.22614654898643494,0.428143709897995,0.14682936668395996
YPL177C,YPL089C,0,0.027899228,0.22602739930152893,0.428143709897995,0.14692938327789307
YOR167C,YFL048C,0,0.027869985,0.22590836882591248,0.428143709897995,0.14702939987182617
YKL094W,YLR244C,0,0.02773431,0.22578947246074677,0.428143709897995,0.14712943136692047
YKL171W,YFR029W,0,0.027502462,0.2256706953048706,0.428143709897995,0.14722944796085358
YNL243W,YDL019C,1,0.027435742,0.22607780992984772,0.42914173007011414,0.14722944796085358
YPL115C,YDL019C,1,0.027173743,0.2264844924211502,0.4301397204399109,0.14722944796085358
YML070W,YJL108C,0,0.026713043,0.22636555135250092,0.4301397204399109,0.14732946455478668
YDR291W,YDR191W,0,0.026589528,0.22624671459197998,0.4301397204399109,0.1474294811487198
YPL009C,YJL203W,0,0.026431657,0.2261280119419098,0.4301397204399109,0.1475295126438141
YBR288C,YJR082C,0,0.026161522,0.22600944340229034,0.4301397204399109,0.1476295292377472
YKL025C,YDR410C,0,0.026147299,0.22589097917079926,0.4301397204399109,0.1477295458316803
YGL012W,YLR186W,0,0.026098564,0.2257726490497589,0.4301397204399109,0.1478295624256134
YGR062C,YOL064C,0,0.025856495,0.2256544530391693,0.4301397204399109,0.1479295790195465
YKL152C,YGR074W,0,0.025695354,0.22553636133670807,0.4301397204399109,0.1480296105146408
YDL110C,YLR214W,0,0.02559866,0.22541840374469757,0.4301397204399109,0.1481296271085739
YDR477W,YHL044W,0,0.025532573,0.22530058026313782,0.4301397204399109,0.14822964370250702
YGL156W,YKL092C,0,0.025062136,0.22518286108970642,0.4301397204399109,0.14832966029644012
YDR425W,YNL152W,1,0.025057495,0.22558747231960297,0.43113771080970764,0.14832966029644012
YER045C,YKL067W,0,0.025038429,0.22546972334384918,0.43113771080970764,0.14842969179153442
YER103W,YPR018W,0,0.02480802,0.22535210847854614,0.43113771080970764,0.14852970838546753
YNL219C,YPL099C,0,0.024087302,0.22523461282253265,0.43113771080970764,0.14862972497940063
YLR433C,YKL195W,0,0.024047852,0.2251172512769699,0.43113771080970764,0.14872974157333374
YDR016C,YPL208W,0,0.023866624,0.22499999403953552,0.43113771080970764,0.14882977306842804
YLR312W-A,YPL149W,0,0.023605399,0.22488287091255188,0.43113771080970764,0.14892978966236115
YMR152W,YOR371C,0,0.02354832,0.2247658669948578,0.43113771080970764,0.14902980625629425
YDR229W,YNL152W,1,0.022564769,0.22516900300979614,0.4321357309818268,0.14902980625629425
YBR229C,YJL116C,0,0.022324651,0.22505196928977966,0.4321357309818268,0.14912982285022736
YLR314C,YDR103W,1,0.022153981,0.22545453906059265,0.43313372135162354,0.14912982285022736
YGR223C,YKR003W,1,0.021920398,0.2258566915988922,0.4341317415237427,0.14912982285022736
YJL178C,YOR086C,1,0.021740578,0.22625842690467834,0.43512973189353943,0.14912982285022736
YBR288C,YGL224C,0,0.021386862,0.2261410802602768,0.43512973189353943,0.14922983944416046
YPR011C,YKR080W,0,0.02111996,0.2260238528251648,0.43512973189353943,0.14932987093925476
YNL280C,YDR194C,0,0.020966433,0.22590672969818115,0.43512973189353943,0.14942988753318787
YML062C,YDR214W,0,0.02094964,0.22578974068164825,0.43512973189353943,0.14952990412712097
YDR488C,YDR260C,0,0.020577952,0.2256728708744049,0.43512973189353943,0.14962992072105408
YMR223W,YOR174W,0,0.020473309,0.2255561351776123,0.43512973189353943,0.14972995221614838
YML130C,YER144C,0,0.020440161,0.22543950378894806,0.43512973189353943,0.14982996881008148
YKL094W,YLL002W,0,0.020418786,0.22532299160957336,0.43512973189353943,0.1499299854040146
YKL112W,YBR095C,0,0.019831017,0.22520661354064941,0.43512973189353943,0.1500300019979477
YPR042C,YGR028W,0,0.019727394,0.22509033977985382,0.43512973189353943,0.1501300185918808
YJL102W,YNL003C,0,0.019696318,0.22497420012950897,0.43512973189353943,0.1502300500869751
YMR034C,YOR327C,0,0.019336812,0.22485817968845367,0.43512973189353943,0.1503300666809082
YNL220W,YOL112W,0,0.019209057,0.22474226355552673,0.43512973189353943,0.1504300832748413
YDR255C,YER012W,0,0.01920177,0.22462648153305054,0.43512973189353943,0.15053009986877441
YMR071C,YDR353W,0,0.01897186,0.2245108187198639,0.43512973189353943,0.1506301313638687
YPR026W,YMR303C,0,0.018851452,0.2243952602148056,0.43512973189353943,0.15073014795780182
YNL153C,YMR315W,0,0.018848695,0.22427983582019806,0.43512973189353943,0.15083016455173492
YKR054C,YOR246C,0,0.018792838,0.22416453063488007,0.43512973189353943,0.15093018114566803
YOL064C,YDR084C,0,0.01831007,0.22404932975769043,0.43512973189353943,0.15103021264076233
YKL176C,YNR040W,0,0.017844945,0.22393426299095154,0.43512973189353943,0.15113022923469543
YIR008C,YJL041W,0,0.017163835,0.223819300532341,0.43512973189353943,0.15123024582862854
YFR019W,YOR357C,1,0.016996853,0.22421754896640778,0.43612775206565857,0.15123024582862854
YLR304C,YOR244W,0,0.016857266,0.22410255670547485,0.43612775206565857,0.15133026242256165
YOR388C,YDR072C,0,0.01642713,0.22398769855499268,0.43612775206565857,0.15143027901649475
YBR145W,YNL311C,0,0.016206175,0.22387294471263885,0.43612775206565857,0.15153031051158905
YGR223C,YDR309C,1,0.016137905,0.22427035868167877,0.4371257424354553,0.15153031051158905
YMR013C,YGR001C,0,0.015901133,0.22415557503700256,0.4371257424354553,0.15163032710552216
YER114C,YFR019W,1,0.015845947,0.22455242276191711,0.43812376260757446,0.15163032710552216
YLR182W,YHR042W,0,0.015807018,0.2244376242160797,0.43812376260757446,0.15173034369945526
YGL009C,YJL099W,0,0.015649304,0.22432294487953186,0.43812376260757446,0.15183036029338837
YIL094C,YKR026C,0,0.015325293,0.22420836985111237,0.43812376260757446,0.15193039178848267
YGL009C,YDR423C,0,0.015216708,0.22409392893314362,0.43812376260757446,0.15203040838241577
YOL026C,YCR037C,0,0.014870353,0.22397959232330322,0.43812376260757446,0.15213042497634888
YOL088C,YLL055W,0,0.014845163,0.22386537492275238,0.43812376260757446,0.15223044157028198
YPR081C,YEL042W,0,0.014466688,0.2237512767314911,0.43812376260757446,0.15233047306537628
YDR229W,YPL100W,1,0.014324605,0.22414670884609222,0.4391217529773712,0.15233047306537628
YGL234W,YMR022W,0,0.014016375,0.22403258085250854,0.4391217529773712,0.1524304896593094
YGR028W,YLR314C,0,0.013989031,0.22391857206821442,0.4391217529773712,0.1525305062532425
YPR111W,YNL293W,0,0.013929129,0.22380468249320984,0.4391217529773712,0.1526305228471756
YHR123W,YNL321W,0,0.0138212,0.22369089722633362,0.4391217529773712,0.1527305394411087
YEL060C,YLR139C,0,0.013300128,0.22357723116874695,0.4391217529773712,0.152830570936203
YGR282C,YHR200W,0,0.01294519,0.22346368432044983,0.4391217529773712,0.1529305875301361
YMR208W,YBR160W,0,0.012845814,0.22335025668144226,0.4391217529773712,0.1530306041240692
YNL087W,YFR021W,1,0.012744144,0.22374428808689117,0.44011977314949036,0.1530306041240692
YBL085W,YGR284C,0,0.012738682,0.22363083064556122,0.44011977314949036,0.15313062071800232
YGR199W,YML008C,0,0.012721732,0.2235174924135208,0.44011977314949036,0.15323065221309662
YCR011C,YJL100W,0,0.011970058,0.22340425848960876,0.44011977314949036,0.15333066880702972
YMR036C,YGR258C,0,0.011776328,0.22329114377498627,0.44011977314949036,0.15343068540096283
YHR047C,YNL238W,0,0.011653528,0.22317813336849213,0.44011977314949036,0.15353070199489594
YPL145C,YNL152W,1,0.0115648955,0.2235710620880127,0.4411177635192871,0.15353070199489594
YNL265C,YNL149C,0,0.011339337,0.22345803678035736,0.4411177635192871,0.15363073348999023
YNL135C,YOL007C,0,0.01119256,0.22334513068199158,0.4411177635192871,0.15373075008392334
YGL137W,YAL060W,0,0.011171147,0.22323232889175415,0.4411177635192871,0.15383076667785645
YBR068C,YDR416W,0,0.0106341615,0.22311963140964508,0.4411177635192871,0.15393078327178955
YDR156W,YOR174W,0,0.010628074,0.22300706803798676,0.4411177635192871,0.15403079986572266
YKR046C,YPL113C,0,0.010492638,0.2228946089744568,0.4411177635192871,0.15413083136081696
YER075C,YPL149W,0,0.010193303,0.22278225421905518,0.4411177635192871,0.15423084795475006
YJR113C,YOL147C,0,0.008878179,0.22267001867294312,0.4411177635192871,0.15433086454868317
YNL207W,YLR109W,0,0.008790582,0.2225579023361206,0.4411177635192871,0.15443088114261627
YMR314W,YBR022W,0,0.008524664,0.22244590520858765,0.4411177635192871,0.15453091263771057
YCR066W,YGR075C,0,0.008276477,0.22233399748802185,0.4411177635192871,0.15463092923164368
YBL103C,YDR404C,0,0.008201405,0.2222222238779068,0.4411177635192871,0.15473094582557678
YMR013C,YJL192C,0,0.008039907,0.2221105545759201,0.4411177635192871,0.1548309624195099
YDR452W,YGL220W,0,0.0080058575,0.22199898958206177,0.4411177635192871,0.154930979013443
YCR017C,YNL265C,0,0.007849596,0.22188754379749298,0.4411177635192871,0.1550310105085373
YGR223C,YNL243W,1,0.0076667815,0.22227796912193298,0.44211575388908386,0.1550310105085373
YIR037W,YPL170W,0,0.00747177,0.2221664935350418,0.44211575388908386,0.1551310271024704
YKL195W,YLR032W,0,0.006971769,0.22205513715744019,0.44211575388908386,0.1552310436964035
YER087C-A,YFL048C,0,0.0066001415,0.22194388508796692,0.44211575388908386,0.1553310602903366
YFL023W,YPL256C,0,0.0063497275,0.2218327522277832,0.44211575388908386,0.1554310917854309
YML111W,YOL044W,0,0.0051957294,0.22172172367572784,0.44211575388908386,0.155531108379364
YEL050C,YIR005W,0,0.005094193,0.22161079943180084,0.44211575388908386,0.15563112497329712
YCL055W,YDR460W,0,0.004487753,0.2214999943971634,0.44211575388908386,0.15573114156723022
YGL065C,YHR186C,0,0.0042952523,0.2213893085718155,0.44211575388908386,0.15583117306232452
YER161C,YGL013C,0,0.0042651966,0.22127872705459595,0.44211575388908386,0.15593118965625763
YDR251W,YIR034C,0,0.0041823834,0.22116824984550476,0.44211575388908386,0.15603120625019073
YIL088C,YHR004C,0,0.0039001182,0.22105787694454193,0.44211575388908386,0.15613122284412384
YCR023C,YHR076W,0,0.0037666261,0.22094763815402985,0.44211575388908386,0.15623123943805695
YJR076C,YJL048C,0,0.0037377924,0.22083748877048492,0.44211575388908386,0.15633127093315125
YPL145C,YHR073W,1,0.003597796,0.22122570872306824,0.443113774061203,0.15633127093315125
YDR237W,YBL106C,0,0.0029024184,0.22111554443836212,0.443113774061203,0.15643128752708435
YHR001W,YOR086C,1,0.0028758794,0.22150324285030365,0.44411176443099976,0.15643128752708435
YPL099C,YBR231C,0,0.0027027354,0.22139303386211395,0.44411176443099976,0.15653130412101746
YPL048W,YER008C,1,0.0026694164,0.2217802107334137,0.4451097846031189,0.15653130412101746
YDR425W,YDR313C,1,0.002247028,0.2221670001745224,0.44610777497291565,0.15653130412101746
YLR330W,YOL147C,0,0.002049014,0.22205662727355957,0.44610777497291565,0.15663132071495056
YOR126C,YGR075C,0,0.0019022077,0.2219463735818863,0.44610777497291565,0.15673135221004486
YHR028C,YMR135C,0,0.0017318651,0.22183622419834137,0.44610777497291565,0.15683136880397797
YPL236C,YKR026C,0,0.0013500601,0.221726194024086,0.44610777497291565,0.15693138539791107
YGL241W,YGL047W,0,0.0011901781,0.22161626815795898,0.44610777497291565,0.15703140199184418
YKR087C,YDL155W,0,0.0011885911,0.22150644659996033,0.44610777497291565,0.15713143348693848
YPR048W,YEL064C,0,0.000987038,0.22139672935009003,0.44610777497291565,0.15723145008087158
YGR070W,YDL042C,0,0.00042644143,0.22128713130950928,0.44610777497291565,0.1573314666748047
YNL224C,YOL105C,0,0.0003382936,0.22117763757705688,0.44610777497291565,0.1574314832687378
YKR029C,YBR245C,0,4.656613e-05,0.22106824815273285,0.44610777497291565,0.1575314998626709
YPL068C,YCL052C,0,1.0371208e-05,0.22095897793769836,0.44610777497291565,0.1576315313577652
YKL139W,YOR360C,0,-0.00019109249,0.22084979712963104,0.44610777497291565,0.1577315479516983
YKR014C,YJR031C,0,-0.00019395351,0.22074073553085327,0.44610777497291565,0.1578315645456314
YOR178C,YJL203W,0,-0.00021932274,0.22063179314136505,0.44610777497291565,0.15793158113956451
YDR229W,YER125W,1,-0.00026670843,0.2210162729024887,0.4471057951450348,0.15793158113956451
YOR067C,YNL241C,0,-0.00027357042,0.2209073007106781,0.4471057951450348,0.1580316126346588
YNR006W,YER125W,1,-0.00058636814,0.22129127383232117,0.44810378551483154,0.1580316126346588
YML104C,YJR076C,1,-0.00092134625,0.2216748744249344,0.4491018056869507,0.1580316126346588
YML104C,YHR001W,1,-0.0014793724,0.22205810248851776,0.45009979605674744,0.1580316126346588
YDR405W,YCL057W,0,-0.0015973896,0.22194881737232208,0.45009979605674744,0.15813162922859192
YHR174W,YNL006W,0,-0.0019900575,0.22183965146541595,0.45009979605674744,0.15823164582252502
YMR012W,YOR212W,0,-0.0022130907,0.221730574965477,0.45009979605674744,0.15833166241645813
YJL187C,YLR016C,0,-0.0026169643,0.22162161767482758,0.45009979605674744,0.15843167901039124
YGR261C,YMR227C,0,-0.0028079152,0.22151276469230652,0.45009979605674744,0.15853171050548553
YCR088W,YLR057W,0,-0.0030547678,0.221404030919075,0.45009979605674744,0.15863172709941864
YDL181W,YOR344C,0,-0.003439933,0.22129538655281067,0.45009979605674744,0.15873174369335175
YML111W,YDL030W,0,-0.0036005229,0.22118686139583588,0.45009979605674744,0.15883176028728485
YOR069W,YDR103W,1,-0.003624916,0.22156862914562225,0.4510978162288666,0.15883176028728485
YMR075W,YPR140W,0,-0.0036766008,0.22146007418632507,0.4510978162288666,0.15893179178237915
YEL013W,YBL006C,0,-0.0037517548,0.22135160863399506,0.4510978162288666,0.15903180837631226
YGR020C,YKR018C,0,-0.0042148978,0.2212432622909546,0.4510978162288666,0.15913182497024536
YHL004W,YDL231C,0,-0.004320465,0.22113503515720367,0.4510978162288666,0.15923184156417847
YOR043W,YLR097C,0,-0.00443431,0.22102689743041992,0.4510978162288666,0.15933187305927277
YAL044C,YPL145C,1,-0.0046930015,0.22140762209892273,0.45209580659866333,0.15933187305927277
YGR288W,YJL207C,0,-0.0050884634,0.22129946947097778,0.45209580659866333,0.15943188965320587
YFR036W,YNL116W,0,-0.005158663,0.22119140625,0.45209580659866333,0.15953190624713898
YDL017W,YBR070C,0,-0.005178869,0.22108346223831177,0.45209580659866333,0.15963192284107208
YDR207C,YLR201C,0,-0.0052983165,0.2209756076335907,0.45209580659866333,0.1597319394350052
YLL051C,YNL312W,0,-0.00532376,0.22086787223815918,0.45209580659866333,0.1598319709300995
YFL009W,YBR072W,0,-0.0054518953,0.22076024115085602,0.45209580659866333,0.1599319875240326
YNR026C,YER058W,0,-0.0058208257,0.22065269947052002,0.45209580659866333,0.1600320041179657
YGL037C,YAL016W,0,-0.00583601,0.22054527699947357,0.45209580659866333,0.1601320207118988
YGL255W,YPL230W,0,-0.005879104,0.22043795883655548,0.45209580659866333,0.1602320522069931
YNL160W,YER022W,0,-0.005916804,0.22033074498176575,0.45209580659866333,0.1603320688009262
YER175C,YKL112W,0,-0.006273091,0.22022362053394318,0.45209580659866333,0.16043208539485931
YMR311C,YGL210W,0,-0.006327778,0.22011661529541016,0.45209580659866333,0.16053210198879242
YOR069W,YFR019W,1,-0.0063579082,0.22049538791179657,0.45309382677078247,0.16053210198879242
YHL002W,YKR069W,0,-0.006552696,0.22038835287094116,0.45309382677078247,0.16063213348388672
YHR104W,YDR541C,0,-0.0066448674,0.2202814221382141,0.45309382677078247,0.16073215007781982
YIL051C,YOL026C,0,-0.0067549795,0.22017458081245422,0.45309382677078247,0.16083216667175293
YJL042W,YBR019C,0,-0.006930873,0.2200678586959839,0.45309382677078247,0.16093218326568604
YNL047C,YOR357C,1,-0.0069915727,0.22044573724269867,0.4540918171405792,0.16093218326568604
YFL038C,YDL159W,0,-0.0070402473,0.22033898532390594,0.4540918171405792,0.16103219985961914
YPR060C,YNR043W,0,-0.007207155,0.22023233771324158,0.4540918171405792,0.16113223135471344
YGL039W,YMR197C,0,-0.007267162,0.22012577950954437,0.4540918171405792,0.16123224794864655
YGR275W,YNL049C,0,-0.0072948933,0.22001934051513672,0.4540918171405792,0.16133226454257965
YOR265W,YLR394W,0,-0.0074078515,0.21991300582885742,0.4540918171405792,0.16143228113651276
YMR295C,YDR389W,0,-0.007453531,0.2198067605495453,0.4540918171405792,0.16153231263160706
YGR281W,YBR196C,0,-0.007560961,0.2197006344795227,0.4540918171405792,0.16163232922554016
YML129C,YOL005C,0,-0.007719472,0.21959459781646729,0.4540918171405792,0.16173234581947327
YOR074C,YLR035C,0,-0.008061856,0.21948866546154022,0.4540918171405792,0.16183236241340637
YOR201C,YOR131C,0,-0.008452684,0.21938283741474152,0.4540918171405792,0.16193239390850067
YJL123C,YGR106C,0,-0.008578017,0.21927711367607117,0.4540918171405792,0.16203241050243378
YKL195W,YKR028W,0,-0.009278521,0.21917147934436798,0.4540918171405792,0.16213242709636688
YKL176C,YDR022C,0,-0.009428233,0.21906596422195435,0.4540918171405792,0.1622324436903
YOR003W,YMR176W,0,-0.00968647,0.21896053850650787,0.4540918171405792,0.1623324602842331
YMR172W,YNL223W,0,-0.009795055,0.21885521709918976,0.4540918171405792,0.1624324917793274
YOR347C,YPR024W,0,-0.009810343,0.21875,0.4540918171405792,0.1625325083732605
YDR046C,YOR128C,0,-0.00996957,0.2186448872089386,0.4540918171405792,0.1626325249671936
YPL115C,YDL225W,1,-0.010434985,0.21902017295360565,0.455089807510376,0.1626325249671936
YKL049C,YLR128W,0,-0.010763675,0.21891503036022186,0.455089807510376,0.1627325415611267
YJR044C,YKL003C,0,-0.0108050555,0.21880997717380524,0.455089807510376,0.162832573056221
YKL222C,YBR257W,0,-0.011085615,0.21870504319667816,0.455089807510376,0.1629325896501541
YDR210W,YDR296W,0,-0.011289567,0.21860019862651825,0.455089807510376,0.16303260624408722
YJL095W,YDR191W,0,-0.01233305,0.2184954434633255,0.455089807510376,0.16313262283802032
YOR209C,YBL016W,0,-0.012372807,0.2183908075094223,0.455089807510376,0.16323263943195343
YKL135C,YLR029C,0,-0.012544408,0.21828626096248627,0.455089807510376,0.16333267092704773
YHR057C,YML007W,0,-0.012979448,0.2181818187236786,0.455089807510376,0.16343268752098083
YBR237W,YDR107C,0,-0.0132990405,0.21807748079299927,0.455089807510376,0.16353270411491394
YER157W,YPL031C,0,-0.013595603,0.2179732322692871,0.455089807510376,0.16363272070884705
YGL161C,YIR037W,0,-0.0138923675,0.2178690880537033,0.455089807510376,0.16373275220394135
YDR059C,YJL047C,0,-0.014129832,0.21776504814624786,0.455089807510376,0.16383276879787445
YPL065W,YKR103W,0,-0.014912605,0.21766109764575958,0.455089807510376,0.16393278539180756
YDR331W,YGR058W,0,-0.015384942,0.21755725145339966,0.455089807510376,0.16403280198574066
YDL033C,YLR151C,0,-0.015552573,0.2174535095691681,0.455089807510376,0.16413283348083496
YMR287C,YER172C,0,-0.015620574,0.2173498570919037,0.455089807510376,0.16423285007476807
YDR387C,YPL157W,0,-0.016301319,0.21724630892276764,0.455089807510376,0.16433286666870117
YJL093C,YGL095C,0,-0.016397133,0.21714285016059875,0.455089807510376,0.16443288326263428
YMR236W,YHR013C,0,-0.01646012,0.21703951060771942,0.455089807510376,0.16453289985656738
YHR060W,YPR166C,0,-0.01683627,0.21693624556064606,0.455089807510376,0.16463293135166168
YPL031C,YOL002C,0,-0.01710771,0.21683309972286224,0.455089807510376,0.1647329479455948
YDR074W,YDR126W,0,-0.017339006,0.2167300432920456,0.455089807510376,0.1648329645395279
YER051W,YDR351W,0,-0.01772461,0.2166270762681961,0.455089807510376,0.164932981133461
YGL035C,YGR033C,0,-0.017780252,0.21652421355247498,0.455089807510376,0.1650330126285553
YOR054C,YNL281W,0,-0.018288448,0.2164214551448822,0.455089807510376,0.1651330292224884
YPR097W,YPL100W,1,-0.018410109,0.21679316461086273,0.4560878276824951,0.1651330292224884
YOR175C,YGL037C,0,-0.018662587,0.21669037640094757,0.4560878276824951,0.1652330458164215
YJL052W,YOL112W,0,-0.018676594,0.21658767759799957,0.4560878276824951,0.16533306241035461
YPL053C,YDL078C,0,-0.01880151,0.21648508310317993,0.4560878276824951,0.1654330939054489
YDL168W,YFL038C,0,-0.018827438,0.21638257801532745,0.4560878276824951,0.16553311049938202
YBR126C,YKR068C,0,-0.018845253,0.21628017723560333,0.4560878276824951,0.16563312709331512
YGR223C,YBR200W,1,-0.019163951,0.21665090322494507,0.45708581805229187,0.16563312709331512
YJR144W,YNL212W,0,-0.019223012,0.21654845774173737,0.45708581805229187,0.16573314368724823
YDR044W,YDR062W,0,-0.019226141,0.2164461314678192,0.45708581805229187,0.16583316028118134
YMR218C,YGR108W,0,-0.020690069,0.21634387969970703,0.45708581805229187,0.16593319177627563
YML104C,YLR371W,1,-0.021130607,0.21671387553215027,0.458083838224411,0.16593319177627563
YIL067C,YNR061C,0,-0.021139525,0.2166116088628769,0.458083838224411,0.16603320837020874
YOR025W,YLL017W,0,-0.021254562,0.21650943160057068,0.458083838224411,0.16613322496414185
YPR097W,YGL212W,1,-0.021479629,0.21687883138656616,0.45908182859420776,0.16613322496414185
YCR030C,YGR047C,0,-0.021634318,0.21677662432193756,0.45908182859420776,0.16623324155807495
YAL042W,YPR166C,0,-0.02197598,0.21667452156543732,0.45908182859420776,0.16633327305316925
YGR288W,YEL062W,0,-0.022152178,0.21657250821590424,0.45908182859420776,0.16643328964710236
YMR092C,YJR098C,0,-0.022192292,0.21647058427333832,0.45908182859420776,0.16653330624103546
YDR107C,YDL197C,0,-0.022336513,0.21636876463890076,0.45908182859420776,0.16663332283496857
YCR033W,YGR143W,0,-0.022546455,0.21626704931259155,0.45908182859420776,0.16673333942890167
YDR376W,YML073C,0,-0.02292417,0.21616540849208832,0.45908182859420776,0.16683337092399597
YJR025C,YMR119W,0,-0.023075238,0.21606388688087463,0.45908182859420776,0.16693338751792908
YIR021W,YGL253W,0,-0.023482412,0.21596243977546692,0.45908182859420776,0.16703340411186218
YHR069C,YOR070C,0,-0.023746759,0.21586109697818756,0.45908182859420776,0.1671334207057953
YKL120W,YGL225W,0,-0.023834318,0.21575984358787537,0.45908182859420776,0.1672334522008896
YMR054W,YLR450W,0,-0.024117947,0.21565869450569153,0.45908182859420776,0.1673334687948227
YJR110W,YGL095C,0,-0.02444537,0.21555763483047485,0.45908182859420776,0.1674334853887558
YJL151C,YER133W,0,-0.024491966,0.21545667946338654,0.45908182859420776,0.1675335019826889
YDL225W,YER125W,1,-0.025330529,0.2158239632844925,0.4600798487663269,0.1675335019826889
YBR207W,YDR194C,0,-0.025563784,0.2157229781150818,0.4600798487663269,0.1676335334777832
YPL030W,YLR048W,0,-0.025925644,0.21562208235263824,0.4600798487663269,0.1677335500717163
YNL283C,YLR414C,0,-0.025959998,0.21552127599716187,0.4600798487663269,0.16783356666564941
YFL031W,YBR158W,0,-0.02605693,0.21542055904865265,0.4600798487663269,0.16793358325958252
YMR292W,YLR109W,0,-0.026202679,0.2153199464082718,0.4600798487663269,0.16803359985351562
YKL206C,YJR057W,0,-0.02643992,0.2152194231748581,0.4600798487663269,0.16813363134860992
YLR266C,YPL255W,0,-0.026667207,0.21511898934841156,0.4600798487663269,0.16823364794254303
YGL150C,YLR285W,0,-0.02691663,0.21501865983009338,0.4600798487663269,0.16833366453647614
YOR332W,YLR240W,0,-0.027347527,0.21491841971874237,0.4600798487663269,0.16843368113040924
YNL049C,YAL010C,0,-0.027426645,0.21481826901435852,0.4600798487663269,0.16853371262550354
YBL037W,YCL020W,0,-0.027455539,0.21471820771694183,0.4600798487663269,0.16863372921943665
YPL172C,YJR125C,0,-0.027583376,0.2146182507276535,0.4600798487663269,0.16873374581336975
YLR459W,YDR121W,0,-0.028581582,0.21451838314533234,0.4600798487663269,0.16883376240730286
YDR352W,YKR066C,0,-0.029104285,0.21441860496997833,0.4600798487663269,0.16893379390239716
YOR168W,YEL002C,0,-0.029317021,0.2143189162015915,0.4600798487663269,0.16903381049633026
YBR297W,YLR010C,0,-0.029460542,0.214219331741333,0.4600798487663269,0.16913382709026337
YGL043W,YCR067C,0,-0.029564038,0.2141198366880417,0.4600798487663269,0.16923384368419647
YOR246C,YOR196C,0,-0.029610798,0.21402043104171753,0.4600798487663269,0.16933386027812958
YHR161C,YKR003W,1,-0.029768378,0.21438515186309814,0.46107783913612366,0.16933386027812958
YDR405W,YBL011W,0,-0.030017607,0.2142857164144516,0.46107783913612366,0.16943389177322388
YGR240C,YPL031C,0,-0.030427806,0.21418637037277222,0.46107783913612366,0.16953390836715698
YKR031C,YDL113C,1,-0.030792259,0.21455051004886627,0.4620758593082428,0.16953390836715698
YPL177C,YCR083W,0,-0.03086558,0.2144511342048645,0.4620758593082428,0.1696339249610901
YNR026C,YIL139C,0,-0.03105203,0.2143518477678299,0.4620758593082428,0.1697339415550232
YGR241C,YOR086C,1,-0.031618677,0.2147154062986374,0.46307384967803955,0.1697339415550232
YNL236W,YLR240W,0,-0.031626165,0.2146160900592804,0.46307384967803955,0.1698339730501175
YNR036C,YDL010W,0,-0.032490853,0.21451687812805176,0.46307384967803955,0.1699339896440506
YJL187C,YBL050W,0,-0.0326105,0.2144177407026291,0.46307384967803955,0.1700340062379837
YLR398C,YDL020C,0,-0.032741085,0.21431870758533478,0.46307384967803955,0.1701340228319168
YNL106C,YJL209W,0,-0.03280835,0.21421976387500763,0.46307384967803955,0.17023403942584991
YMR221C,YKR037C,0,-0.032866135,0.21412090957164764,0.46307384967803955,0.1703340709209442
YNL298W,YLR136C,0,-0.03304787,0.21402214467525482,0.46307384967803955,0.17043408751487732
YGR169C,YOR066W,0,-0.033115655,0.21392346918582916,0.46307384967803955,0.17053410410881042
YMR098C,YMR284W,0,-0.033132702,0.21382488310337067,0.46307384967803955,0.17063412070274353
YOR069W,YNL087W,1,-0.033558857,0.21418701112270355,0.4640718698501587,0.17063412070274353
YOR351C,YDL097C,0,-0.033630356,0.21408839523792267,0.4640718698501587,0.17073415219783783
YJL178C,YER008C,1,-0.033843815,0.21445007622241974,0.46506986021995544,0.17073415219783783
YOR069W,YCR002C,1,-0.03398611,0.21481141448020935,0.4660678505897522,0.17073415219783783
YLR278C,YDR265W,0,-0.03425257,0.21471264958381653,0.4660678505897522,0.17083416879177094
YGL059W,YER012W,0,-0.034382656,0.21461397409439087,0.4660678505897522,0.17093418538570404
YMR289W,YBL058W,0,-0.034749612,0.21451538801193237,0.4660678505897522,0.17103420197963715
YKR003W,YKR031C,1,-0.034857642,0.21487602591514587,0.46706587076187134,0.17103420197963715
YLR089C,YDR173C,0,-0.0351713,0.21477742493152618,0.46706587076187134,0.17113423347473145
YFR013W,YDL206W,0,-0.03596191,0.21467889845371246,0.46706587076187134,0.17123425006866455
YDL225W,YOL090W,0,-0.036131993,0.2145804613828659,0.46706587076187134,0.17133426666259766
YPL087W,YBL061C,0,-0.036280744,0.2144821286201477,0.46706587076187134,0.17143428325653076
YNR073C,YOR014W,0,-0.036357157,0.21438387036323547,0.46706587076187134,0.17153429985046387
YBL075C,YNL047C,0,-0.03651136,0.2142857164144516,0.46706587076187134,0.17163433134555817
YMR308C,YOR386W,0,-0.036876827,0.2141876369714737,0.46706587076187134,0.17173434793949127
YOR301W,YML038C,0,-0.03688103,0.21408966183662415,0.46706587076187134,0.17183436453342438
YLR008C,YNL098C,0,-0.036986724,0.21399177610874176,0.46706587076187134,0.17193438112735748
YEL013W,YKL101W,0,-0.03744194,0.21389396488666534,0.46706587076187134,0.17203441262245178
YBR173C,YOR151C,0,-0.03779857,0.21379625797271729,0.46706587076187134,0.1721344292163849
YDR229W,YKR031C,1,-0.037886873,0.21415525674819946,0.4680638611316681,0.1721344292163849
YJL092W,YDL232W,0,-0.038041282,0.21405750513076782,0.4680638611316681,0.172234445810318
YGR277C,YBR077C,0,-0.03813702,0.21395985782146454,0.4680638611316681,0.1723344624042511
YFR021W,YKL073W,0,-0.038179576,0.21386228501796722,0.4680638611316681,0.1724344938993454
YDL103C,YFR037C,0,-0.038360596,0.21376481652259827,0.4680638611316681,0.1725345104932785
YNL261W,YDR079W,0,-0.039407805,0.21366742253303528,0.4680638611316681,0.1726345270872116
YKR071C,YBR264C,0,-0.039420016,0.21357013285160065,0.4680638611316681,0.17273454368114471
YIR010W,YNR069C,0,-0.03942366,0.21347291767597198,0.4680638611316681,0.17283456027507782
YGL233W,YNL015W,0,-0.039531425,0.21337579190731049,0.4680638611316681,0.17293459177017212
YPR011C,YOR298W,0,-0.03954958,0.21327877044677734,0.4680638611316681,0.17303460836410522
YER120W,YNL152W,1,-0.039554246,0.2136363685131073,0.46906188130378723,0.17303460836410522
YJR152W,YGR086C,0,-0.039595217,0.21353930234909058,0.46906188130378723,0.17313462495803833
YMR086W,YDR159W,0,-0.03964445,0.21344232559204102,0.46906188130378723,0.17323464155197144
YNL080C,YGR180C,0,-0.03994239,0.21334543824195862,0.46906188130378723,0.17333467304706573
YDR425W,YDR229W,1,-0.039960608,0.21370236575603485,0.470059871673584,0.17333467304706573
YHR012W,YNL148C,0,-0.040205248,0.21360544860363007,0.470059871673584,0.17343468964099884
YOR094W,YHR147C,0,-0.04025717,0.21350860595703125,0.470059871673584,0.17353470623493195
YHR013C,YOR069W,0,-0.04026887,0.2134118676185608,0.470059871673584,0.17363472282886505
YPL155C,YPL158C,0,-0.04027319,0.2133152186870575,0.470059871673584,0.17373475432395935
YGR155W,YDR260C,0,-0.04027383,0.21321864426136017,0.470059871673584,0.17383477091789246
YPR020W,YHL009C,0,-0.040428236,0.2131221741437912,0.470059871673584,0.17393478751182556
YGR169C,YBR145W,0,-0.04046489,0.2130257785320282,0.470059871673584,0.17403480410575867
YDR084C,YOL060C,0,-0.040816724,0.21292947232723236,0.470059871673584,0.17413482069969177
YGL089C,YDR358W,0,-0.041090377,0.2128332555294037,0.470059871673584,0.17423485219478607
YJR036C,YKR062W,0,-0.0413136,0.21273712813854218,0.470059871673584,0.17433486878871918
YDR036C,YPR005C,0,-0.041739866,0.21264109015464783,0.470059871673584,0.17443488538265228
YGR112W,YER016W,0,-0.041912347,0.21254512667655945,0.470059871673584,0.1745349019765854
YPL150W,YHR109W,0,-0.042108394,0.21244925260543823,0.470059871673584,0.1746349334716797
YBR198C,YGL156W,0,-0.04316526,0.21235346794128418,0.470059871673584,0.1747349500656128
YLR368W,YKL188C,0,-0.04347623,0.2122577726840973,0.470059871673584,0.1748349666595459
YOR054C,YJR088C,0,-0.043817587,0.21216216683387756,0.470059871673584,0.174934983253479
YBR077C,YKL208W,0,-0.043894514,0.2120666354894638,0.470059871673584,0.1750349998474121
YGR041W,YNL027W,0,-0.044119254,0.2119711935520172,0.470059871673584,0.1751350313425064
YLR439W,YIL074C,0,-0.04433082,0.21187584102153778,0.470059871673584,0.17523504793643951
YMR075W,YGL213C,0,-0.045254618,0.2117805778980255,0.470059871673584,0.17533506453037262
YDR071C,YLR414C,0,-0.04537472,0.2116853892803192,0.470059871673584,0.17543508112430573
YKL189W,YER075C,0,-0.045461267,0.21159029006958008,0.470059871673584,0.17553511261940002
YMR188C,YJR098C,0,-0.045509033,0.2114952802658081,0.470059871673584,0.17563512921333313
YGR184C,YIL129C,0,-0.04565952,0.2114003598690033,0.470059871673584,0.17573514580726624
YNR006W,YJR076C,1,-0.04584229,0.21175414323806763,0.4710578918457031,0.17573514580726624
YAL014C,YFR041C,0,-0.045916513,0.21165919303894043,0.4710578918457031,0.17583516240119934
YIL065C,YGR252W,0,-0.04646214,0.2115643173456192,0.4710578918457031,0.17593519389629364
YOR219C,YDR169C,0,-0.046740055,0.21146953105926514,0.4710578918457031,0.17603521049022675
YJL036W,YFR019W,1,-0.047207065,0.21182265877723694,0.4720558822154999,0.17603521049022675
YNR006W,YHR073W,1,-0.047346845,0.21217547357082367,0.473053902387619,0.17603521049022675
YNR074C,YDL052C,0,-0.04742285,0.21208053827285767,0.473053902387619,0.17613522708415985
YKL085W,YDR169C,0,-0.04794681,0.21198569238185883,0.473053902387619,0.17623524367809296
YNL321W,YNL154C,0,-0.048021764,0.21189092099666595,0.473053902387619,0.17633526027202606
YNR056C,YMR224C,0,-0.048363358,0.21179625391960144,0.473053902387619,0.17643529176712036
YDR050C,YGL257C,0,-0.048444062,0.2117016464471817,0.473053902387619,0.17653530836105347
YDR452W,YEL058W,0,-0.048639588,0.21160714328289032,0.473053902387619,0.17663532495498657
YGL168W,YPL098C,0,-0.04876081,0.2115127146244049,0.473053902387619,0.17673534154891968
YDL020C,YEL047C,0,-0.049192622,0.21141837537288666,0.473053902387619,0.17683537304401398
YOR211C,YGR088W,0,-0.049410895,0.21132412552833557,0.473053902387619,0.17693538963794708
YGR221C,YGL145W,0,-0.049928546,0.21122995018959045,0.473053902387619,0.1770354062318802
YDL146W,YCL052C,0,-0.050037026,0.2111358642578125,0.473053902387619,0.1771354228258133
YDL155W,YMR150C,0,-0.050196283,0.21104185283184052,0.473053902387619,0.1772354543209076
YDR130C,YGR257C,0,-0.05020041,0.2109479308128357,0.473053902387619,0.1773354709148407
YGL011C,YGL083W,0,-0.050250664,0.21085409820079803,0.473053902387619,0.1774354875087738
YNL087W,YJR076C,1,-0.050252993,0.21120497584342957,0.47405189275741577,0.1774354875087738
YJR088C,YDR222W,0,-0.050414667,0.21111111342906952,0.47405189275741577,0.1775355041027069
YGL186C,YPL139C,0,-0.050703764,0.21101732552051544,0.47405189275741577,0.17763552069664001
YLR206W,YOR357C,1,-0.051068977,0.211367666721344,0.4750499129295349,0.17763552069664001
YGR092W,YIL016W,0,-0.05117698,0.21127386391162872,0.4750499129295349,0.17773555219173431
YMR236W,YNL077W,0,-0.0511918,0.21118012070655823,0.4750499129295349,0.17783556878566742
YGR257C,YAR015W,0,-0.05122809,0.2110864818096161,0.4750499129295349,0.17793558537960052
YDR001C,YPR166C,0,-0.051243924,0.21099290251731873,0.4750499129295349,0.17803560197353363
YFR042W,YGR037C,0,-0.051444814,0.21089942753314972,0.4750499129295349,0.17813563346862793
YGR033C,YDR197W,0,-0.051511914,0.21080602705478668,0.4750499129295349,0.17823565006256104
YLR025W,YLR113W,0,-0.051670857,0.21071270108222961,0.4750499129295349,0.17833566665649414
YJL151C,YER101C,0,-0.051680714,0.2106194645166397,0.4750499129295349,0.17843568325042725
YKR042W,YDR531W,0,-0.05178083,0.21052631735801697,0.4750499129295349,0.17853569984436035
YLR291C,YJL063C,0,-0.051792942,0.2104332447052002,0.4750499129295349,0.17863573133945465
YOL103W,YKR044W,0,-0.051810525,0.21034026145935059,0.4750499129295349,0.17873574793338776
YGR014W,YGL121C,0,-0.051974542,0.21024735271930695,0.4750499129295349,0.17883576452732086
YDR309C,YML104C,1,-0.05201868,0.2105960249900818,0.47604790329933167,0.17883576452732086
YHR207C,YDL080C,0,-0.052311584,0.21050308644771576,0.47604790329933167,0.17893578112125397
YDR334W,YOL100W,0,-0.052739806,0.2104102373123169,0.47604790329933167,0.17903581261634827
YGR222W,YAL047C,0,-0.052754663,0.210317462682724,0.47604790329933167,0.17913582921028137
YJL090C,YBR037C,0,-0.052787803,0.21022476255893707,0.47604790329933167,0.17923584580421448
YBR123C,YNL189W,0,-0.05288359,0.2101321518421173,0.47604790329933167,0.17933586239814758
YLL054C,YJR112W,0,-0.053913638,0.2100396305322647,0.47604790329933167,0.17943589389324188
YPR118W,YDL107W,0,-0.05427131,0.20994718372821808,0.47604790329933167,0.179535910487175
YNL158W,YOL049W,0,-0.05432655,0.20985481142997742,0.47604790329933167,0.1796359270811081
YKL152C,YKR002W,0,-0.054380402,0.20976252853870392,0.47604790329933167,0.1797359436750412
YER120W,YHR073W,1,-0.054458942,0.2101098895072937,0.4770458936691284,0.1797359436750412
YOR084W,YIR035C,0,-0.054485857,0.21001757681369781,0.4770458936691284,0.1798359602689743
YDL078C,YLR109W,0,-0.054590136,0.2099253386259079,0.4770458936691284,0.1799359917640686
YNL047C,YDL161W,1,-0.054699518,0.2102721631526947,0.47804391384124756,0.1799359917640686
YPR073C,YDR541C,0,-0.055073157,0.2101799100637436,0.47804391384124756,0.1800360083580017
YKL003C,YHR098C,0,-0.055313304,0.21008771657943726,0.47804391384124756,0.18013602495193481
YMR283C,YOL052C,0,-0.05534458,0.20999561250209808,0.47804391384124756,0.18023604154586792
YKR050W,YDR263C,0,-0.056250878,0.20990359783172607,0.47804391384124756,0.18033607304096222
YGL161C,YMR321C,0,-0.05667247,0.20981165766716003,0.47804391384124756,0.18043608963489532
YDR050C,YML054C,0,-0.05697505,0.20971979200839996,0.47804391384124756,0.18053610622882843
YLR079W,YOL008W,0,-0.057000488,0.20962801575660706,0.47804391384124756,0.18063612282276154
YGL150C,YGL068W,0,-0.057039704,0.20953631401062012,0.47804391384124756,0.18073615431785583
YNR035C,YML063W,0,-0.057734206,0.20944468677043915,0.47804391384124756,0.18083617091178894
YDR425W,YKR031C,1,-0.057788096,0.2097902148962021,0.4790419042110443,0.18083617091178894
YDR297W,YDL208W,0,-0.057888724,0.20969855785369873,0.4790419042110443,0.18093618750572205
YBR006W,YER144C,0,-0.057920963,0.20960699021816254,0.4790419042110443,0.18103620409965515
YDR531W,YBR264C,0,-0.058153592,0.2095154970884323,0.4790419042110443,0.18113622069358826
YGL158W,YPL242C,0,-0.0582645,0.20942407846450806,0.4790419042110443,0.18123625218868256
YOL071W,YIL023C,0,-0.058522627,0.20933274924755096,0.4790419042110443,0.18133626878261566
YJL206C,YIR009W,0,-0.058631927,0.20924149453639984,0.4790419042110443,0.18143628537654877
YNL197C,YPR004C,0,-0.05879563,0.20915032923221588,0.4790419042110443,0.18153630197048187
YNL297C,YDL165W,0,-0.05879797,0.2090592384338379,0.4790419042110443,0.18163633346557617
YOR076C,YPL008W,0,-0.05883348,0.20896822214126587,0.4790419042110443,0.18173635005950928
YOR313C,YBR286W,0,-0.058866426,0.20887728035449982,0.4790419042110443,0.18183636665344238
YIL027C,YNL127W,0,-0.05917868,0.20878642797470093,0.4790419042110443,0.1819363832473755
YJL156C,YPL158C,0,-0.05921019,0.208695650100708,0.4790419042110443,0.1820363998413086
YML104C,YKR078W,1,-0.059313655,0.20903955399990082,0.48003992438316345,0.1820363998413086
YJL036W,YLR314C,1,-0.059460342,0.20938314497470856,0.4810379147529602,0.1820363998413086
YAR042W,YPL100W,1,-0.059661597,0.20972643792629242,0.48203593492507935,0.1820363998413086
YJR155W,YIL112W,0,-0.06082976,0.2096354216337204,0.48203593492507935,0.1821364313364029
YIR006C,YIL103W,0,-0.061501756,0.20954446494579315,0.48203593492507935,0.182236447930336
YCL050C,YER029C,0,-0.06153936,0.20945359766483307,0.48203593492507935,0.1823364645242691
YDL215C,YDR294C,0,-0.061574906,0.20936280488967896,0.48203593492507935,0.1824364811182022
YGR223C,YHR107C,1,-0.06246613,0.20970536768436432,0.4830339252948761,0.1824364811182022
YDR147W,YNL136W,0,-0.06252067,0.20961454510688782,0.4830339252948761,0.1825365126132965
YJR110W,YOR269W,0,-0.062717214,0.20952381193637848,0.4830339252948761,0.18263652920722961
YBL018C,YGR199W,0,-0.06281344,0.2094331532716751,0.4830339252948761,0.18273654580116272
YKL139W,YHR104W,0,-0.062978,0.20934255421161652,0.4830339252948761,0.18283656239509583
YLR144C,YHR132C,0,-0.06306324,0.20925205945968628,0.4830339252948761,0.18293659389019012
YMR257C,YJR077C,0,-0.063182645,0.20916162431240082,0.4830339252948761,0.18303661048412323
YNL061W,YPL163C,0,-0.06332056,0.20907127857208252,0.4830339252948761,0.18313662707805634
YPL007C,YHR161C,0,-0.063480705,0.2089810073375702,0.4830339252948761,0.18323664367198944
YMR075W,YMR271C,0,-0.06366043,0.20889081060886383,0.4830339252948761,0.18333666026592255
YMR247C,YOR150W,0,-0.06369541,0.20880068838596344,0.4830339252948761,0.18343669176101685
YGR223C,YKR031C,1,-0.06428927,0.20914186537265778,0.48403194546699524,0.18343669176101685
YPR097W,YDL161W,1,-0.06429847,0.20948275923728943,0.485029935836792,0.18343669176101685
YEL015W,YER069W,0,-0.06452325,0.2093925029039383,0.485029935836792,0.18353670835494995
YDL181W,YDL108W,0,-0.064640924,0.20930232107639313,0.485029935836792,0.18363672494888306
YML085C,YOR231W,0,-0.06464108,0.20921222865581512,0.485029935836792,0.18373674154281616
YDL110C,YOR202W,0,-0.06477946,0.2091221958398819,0.485029935836792,0.18383677303791046
YLR301W,YOL129W,0,-0.06494014,0.20903225243091583,0.485029935836792,0.18393678963184357
YOR389W,YGR101W,0,-0.06535253,0.20894238352775574,0.485029935836792,0.18403680622577667
YOR367W,YDR479C,0,-0.065603554,0.2088526040315628,0.485029935836792,0.18413682281970978
YLL051C,YHR187W,0,-0.06607115,0.20876288414001465,0.485029935836792,0.18423685431480408
YNL158W,YDR369C,0,-0.06640135,0.20867325365543365,0.485029935836792,0.18433687090873718
YDR170C,YGR089W,0,-0.06665364,0.20858369767665863,0.485029935836792,0.1844368875026703
YLR144C,YOR246C,0,-0.06679636,0.20849420130252838,0.485029935836792,0.1845369040966034
YGR223C,YOR086C,1,-0.06691042,0.20883361995220184,0.48602795600891113,0.1845369040966034
YBR156C,YDL077C,0,-0.066921994,0.2087441086769104,0.48602795600891113,0.1846369206905365
YER020W,YOR173W,0,-0.066990726,0.20865467190742493,0.48602795600891113,0.1847369521856308
YMR176W,YDR231C,0,-0.0669989,0.20856530964374542,0.48602795600891113,0.1848369687795639
YAL020C,YGL133W,0,-0.06718465,0.2084760218858719,0.48602795600891113,0.184936985373497
YER114C,YGL212W,1,-0.067611635,0.20881472527980804,0.4870259463787079,0.184936985373497
YHR004C,YKL096W-A,0,-0.06771843,0.20872540771961212,0.4870259463787079,0.18503700196743011
YFR013W,YMR056C,0,-0.06772798,0.20863616466522217,0.4870259463787079,0.18513703346252441
YMR047C,YDR389W,0,-0.06837301,0.20854701101779938,0.4870259463787079,0.18523705005645752
YDR229W,YAL044C,1,-0.068443514,0.2088850885629654,0.488023966550827,0.18523705005645752
YCR067C,YMR193W,0,-0.068485536,0.20879590511322021,0.488023966550827,0.18533706665039062
YBL092W,YJL138C,0,-0.068486884,0.2087067812681198,0.488023966550827,0.18543708324432373
YPL104W,YPR171W,0,-0.06853472,0.20861774682998657,0.488023966550827,0.18553711473941803
YDR354W,YPL060W,0,-0.06862015,0.2085287868976593,0.488023966550827,0.18563713133335114
YBR274W,YPL066W,0,-0.068804435,0.208439901471138,0.488023966550827,0.18573714792728424
YML060W,YHR200W,0,-0.06896281,0.20835109055042267,0.488023966550827,0.18583716452121735
YBR228W,YCL030C,0,-0.0692107,0.2082623541355133,0.488023966550827,0.18593718111515045
YDL170W,YJL100W,0,-0.06948556,0.2081736922264099,0.488023966550827,0.18603721261024475
YGL237C,YDR164C,0,-0.06961006,0.2080851048231125,0.488023966550827,0.18613722920417786
YML121W,YIL112W,0,-0.069670774,0.20799659192562103,0.488023966550827,0.18623724579811096
YPL190C,YMR061W,0,-0.069751225,0.20790816843509674,0.488023966550827,0.18633726239204407
YGR014W,YPL196W,0,-0.06990776,0.20781980454921722,0.488023966550827,0.18643729388713837
YMR277W,YGL141W,0,-0.07003483,0.20773151516914368,0.488023966550827,0.18653731048107147
YDR153C,YLR371W,1,-0.0704386,0.20806793868541718,0.4890219569206238,0.18653731048107147
YAR042W,YNL152W,1,-0.07066037,0.208404079079628,0.49001994729042053,0.18653731048107147
YIL041W,YDL054C,0,-0.070980385,0.2083156555891037,0.49001994729042053,0.18663732707500458
YNL021W,YOR371C,0,-0.0709843,0.20822730660438538,0.49001994729042053,0.18673734366893768
YKR003W,YPL100W,1,-0.07106121,0.2085629552602768,0.4910179674625397,0.18673734366893768
YLR178C,YJR076C,1,-0.071218096,0.20889830589294434,0.4920159578323364,0.18673734366893768
YNL047C,YDR153C,1,-0.07128298,0.2092333734035492,0.49301397800445557,0.18673734366893768
YOR025W,YNL115C,0,-0.07143612,0.20914478600025177,0.49301397800445557,0.1868373602628708
YGR198W,YBR082C,0,-0.07144366,0.2090562880039215,0.49301397800445557,0.1869373917579651
YGR189C,YOL013C,0,-0.071667805,0.20896784961223602,0.49301397800445557,0.1870374083518982
YPL003W,YNL189W,0,-0.07224729,0.2088794857263565,0.49301397800445557,0.1871374249458313
YGL062W,YGR109C,0,-0.07268565,0.20879121124744415,0.49301397800445557,0.1872374415397644
YOR297C,YDL200C,0,-0.07277627,0.20870299637317657,0.49301397800445557,0.1873374730348587
YGL211W,YDR443C,0,-0.072791114,0.20861487090587616,0.49301397800445557,0.1874374896287918
YGL172W,YOL033W,0,-0.07339126,0.20852680504322052,0.49301397800445557,0.18753750622272491
YAL044C,YGL023C,1,-0.07368614,0.20886075496673584,0.4940119683742523,0.18753750622272491
YIL088C,YMR163C,0,-0.07388084,0.208772674202919,0.4940119683742523,0.18763752281665802
YMR114C,YKL022C,0,-0.07388801,0.20868465304374695,0.4940119683742523,0.18773755431175232
YPL083C,YGR106C,0,-0.073922805,0.20859670639038086,0.4940119683742523,0.18783757090568542
YGL023C,YDL113C,1,-0.07399143,0.20893007516860962,0.49500998854637146,0.18783757090568542
YDR456W,YNL231C,0,-0.07430605,0.20884209871292114,0.49500998854637146,0.18793758749961853
YDL222C,YOR130C,0,-0.07431747,0.20875421166419983,0.49500998854637146,0.18803760409355164
YDR128W,YMR295C,0,-0.07444571,0.2086663842201233,0.49500998854637146,0.18813762068748474
YLR278C,YGL141W,0,-0.074784786,0.20857863128185272,0.49500998854637146,0.18823765218257904
YGL094C,YIL134W,0,-0.07514464,0.20849096775054932,0.49500998854637146,0.18833766877651215
YLR064W,YNL289W,0,-0.075180754,0.20840336382389069,0.49500998854637146,0.18843768537044525
YBR139W,YPR171W,0,-0.07519257,0.20831583440303802,0.49500998854637146,0.18853770196437836
YJL178C,YJR125C,1,-0.07524295,0.2086481899023056,0.4960079789161682,0.18853770196437836
YGL241W,YNL159C,0,-0.07562196,0.20856063067913055,0.4960079789161682,0.18863773345947266
YER050C,YER087W,0,-0.0757531,0.20847316086292267,0.4960079789161682,0.18873775005340576
YLR178C,YDR313C,1,-0.0760093,0.20880502462387085,0.49700599908828735,0.18873775005340576
YDL141W,YOR035C,0,-0.07607292,0.20871752500534058,0.49700599908828735,0.18883776664733887
YGR077C,YML012W,0,-0.07620067,0.20863008499145508,0.49700599908828735,0.18893778324127197
YKR014C,YCR020C,0,-0.076208085,0.20854271948337555,0.49700599908828735,0.18903781473636627
YMR198W,YBR081C,0,-0.07643291,0.2084554135799408,0.49700599908828735,0.18913783133029938
YIL061C,YDR334W,0,-0.07658936,0.2083681970834732,0.49700599908828735,0.18923784792423248
YMR171C,YPL223C,0,-0.07671406,0.20828105509281158,0.49700599908828735,0.1893378645181656
YKL211C,YHR132C,0,-0.07680242,0.20819397270679474,0.49700599908828735,0.1894378811120987
YDR248C,YGR132C,0,-0.07688313,0.20810697972774506,0.49700599908828735,0.189537912607193
YHR001W,YHR042W,0,-0.07696071,0.20802004635334015,0.49700599908828735,0.1896379292011261
YGR282C,YOR293W,0,-0.07716167,0.2079331874847412,0.49700599908828735,0.1897379457950592
YDR488C,YAL023C,0,-0.077438615,0.20784641802310944,0.49700599908828735,0.1898379623889923
YPR160W,YOR140W,0,-0.077498436,0.20775969326496124,0.49700599908828735,0.1899379938840866
YHR107C,YJL085W,1,-0.07789065,0.20809008181095123,0.4980039894580841,0.1899379938840866
YNR050C,YEL064C,0,-0.07805642,0.20800334215164185,0.4980039894580841,0.19003801047801971
YLR396C,YMR134W,0,-0.078279585,0.20791666209697723,0.4980039894580841,0.19013802707195282
YLR022C,YER089C,0,-0.07836283,0.20783007144927979,0.4980039894580841,0.19023804366588593
YDR030C,YIL105C,0,-0.07836706,0.2077435404062271,0.4980039894580841,0.19033806025981903
YKL211C,YGR028W,0,-0.07853788,0.2076570987701416,0.4980039894580841,0.19043809175491333
YKR003W,YPL048W,1,-0.07857944,0.20798668265342712,0.49900200963020325,0.19043809175491333
YKL137W,YOR197W,0,-0.079227984,0.20790021121501923,0.49900200963020325,0.19053810834884644
YFL066C,YDR031W,0,-0.07932356,0.2078137993812561,0.49900200963020325,0.19063812494277954
YBR035C,YNL273W,0,-0.079815134,0.20772746205329895,0.49900200963020325,0.19073814153671265
YML104C,YDL019C,1,-0.08016856,0.2080564796924591,0.5,0.19073814153671265
YLR386W,YGR009C,0,-0.08056528,0.20797011256217957,0.5,0.19083817303180695
YNL085W,YIL124W,0,-0.08076666,0.207883819937706,0.5,0.19093818962574005
YOL008W,YOR362C,0,-0.08082753,0.2077975869178772,0.5,0.19103820621967316
YNL213C,YDR262W,0,-0.08085597,0.20771144330501556,0.5,0.19113822281360626
YPL048W,YOL147C,0,-0.08092566,0.2076253592967987,0.5,0.19123825430870056
YKL148C,YNL136W,0,-0.08092659,0.20753934979438782,0.5,0.19133827090263367
YFR042W,YMR228W,0,-0.080956444,0.2074534147977829,0.5,0.19143828749656677
YAR042W,YIL105C,1,-0.08117263,0.20778146386146545,0.5009980201721191,0.19143828749656677
YLR448W,YBR283C,0,-0.08123781,0.20769548416137695,0.5009980201721191,0.19153830409049988
YBL105C,YLR314C,1,-0.081702605,0.20802316069602966,0.5019959807395935,0.19153830409049988
YPL187W,YJR098C,0,-0.08173467,0.20793716609477997,0.5019959807395935,0.19163832068443298
YLR191W,YDR536W,0,-0.0818444,0.20785124599933624,0.5019959807395935,0.19173835217952728
YDR216W,YAL042W,0,-0.08194585,0.2077653855085373,0.5019959807395935,0.1918383687734604
YGL137W,YBL106C,0,-0.082301825,0.2076795995235443,0.5019959807395935,0.1919383853673935
YJL144W,YDR353W,0,-0.08233327,0.2075938880443573,0.5019959807395935,0.1920384019613266
YGR140W,YER046W,0,-0.08287998,0.20750825107097626,0.5019959807395935,0.1921384334564209
YML072C,YOR357C,1,-0.08293642,0.20783504843711853,0.5029940009117126,0.1921384334564209
YLR066W,YNL116W,0,-0.082948744,0.2077493816614151,0.5029940009117126,0.192238450050354
YNL115C,YPR020W,0,-0.08308339,0.20766378939151764,0.5029940009117126,0.1923384666442871
YPL048W,YDR148C,1,-0.08315697,0.2079901099205017,0.5039920210838318,0.1923384666442871
YHR058C,YOR124C,0,-0.0831887,0.20790448784828186,0.5039920210838318,0.19243848323822021
YAL033W,YKR098C,0,-0.08325162,0.2078189253807068,0.5039920210838318,0.19253851473331451
YDR425W,YNL047C,1,-0.08334075,0.20814479887485504,0.5049900412559509,0.19253851473331451
YGL008C,YHR039C-A,0,-0.08379301,0.20805920660495758,0.5049900412559509,0.19263853132724762
YDR346C,YAL017W,0,-0.08381708,0.2079736888408661,0.5049900412559509,0.19273854792118073
YLR431C,YNL046W,0,-0.084087625,0.20788824558258057,0.5049900412559509,0.19283856451511383
YCR020C,YKL035W,0,-0.08413571,0.207802876830101,0.5049900412559509,0.19293858110904694
YDR342C,YLR274W,0,-0.08418304,0.20771756768226624,0.5049900412559509,0.19303861260414124
YLR212C,YKL124W,0,-0.0843219,0.20763233304023743,0.5049900412559509,0.19313862919807434
YJL029C,YJR125C,0,-0.084559396,0.2075471729040146,0.5049900412559509,0.19323864579200745
YPL147W,YDR207C,0,-0.08465969,0.20746207237243652,0.5049900412559509,0.19333866238594055
YJL111W,YDR202C,0,-0.08472866,0.20737704634666443,0.5049900412559509,0.19343869388103485
YHR161C,YER016W,0,-0.085097216,0.2072920948266983,0.5049900412559509,0.19353871047496796
YLR110C,YOL026C,0,-0.08531323,0.20720720291137695,0.5049900412559509,0.19363872706890106
YNL047C,YCR002C,1,-0.085364975,0.20753172039985657,0.5059880018234253,0.19363872706890106
YDR318W,YDR151C,0,-0.08573791,0.20744681358337402,0.5059880018234253,0.19373874366283417
YOL056W,YJL154C,0,-0.086125225,0.20736196637153625,0.5059880018234253,0.19383877515792847
YEL031W,YLR372W,0,-0.08632952,0.20727719366550446,0.5059880018234253,0.19393879175186157
YML072C,YLR183C,0,-0.086438626,0.20719248056411743,0.5059880018234253,0.19403880834579468
YGR006W,YJR019C,0,-0.08650181,0.20710784196853638,0.5059880018234253,0.19413882493972778
YNL283C,YNL304W,0,-0.0869654,0.2070232778787613,0.5059880018234253,0.1942388415336609
YGR088W,YBR172C,0,-0.08703892,0.20693877339363098,0.5059880018234253,0.1943388730287552
YIL061C,YPR113W,0,-0.08706164,0.20685434341430664,0.5059880018234253,0.1944388896226883
YDR309C,YGR193C,1,-0.08749145,0.20717781782150269,0.5069860219955444,0.1944388896226883
YDR036C,YPR030W,0,-0.087509826,0.20709335803985596,0.5069860219955444,0.1945389062166214
YNR036C,YMR038C,0,-0.08753643,0.207008957862854,0.5069860219955444,0.1946389228105545
YJL099W,YNR026C,0,-0.08810043,0.2069246470928192,0.5069860219955444,0.1947389543056488
YPL212C,YDR158W,0,-0.088114455,0.2068403959274292,0.5069860219955444,0.1948389708995819
YBL052C,YDR451C,0,-0.08817137,0.20675620436668396,0.5069860219955444,0.19493898749351501
YGR124W,YOR209C,0,-0.08873795,0.2066720873117447,0.5069860219955444,0.19503900408744812
YDR508C,YFL022C,0,-0.08885999,0.2065880447626114,0.5069860219955444,0.19513902068138123
YNL107W,YOR297C,0,-0.08908786,0.20650406181812286,0.5069860219955444,0.19523905217647552
YDR313C,YML104C,1,-0.08919947,0.20682649314403534,0.5079840421676636,0.19523905217647552
YEL046C,YBL069W,0,-0.08930333,0.20674248039722443,0.5079840421676636,0.19533906877040863
YGL241W,YPL059W,0,-0.08967218,0.20665854215621948,0.5079840421676636,0.19543908536434174
YDR205W,YDL035C,0,-0.0898272,0.2065746784210205,0.5079840421676636,0.19553910195827484
YPL192C,YPL227C,0,-0.08993968,0.2064908742904663,0.5079840421676636,0.19563913345336914
YNL116W,YMR052W,0,-0.0900624,0.20640712976455688,0.5079840421676636,0.19573915004730225
YJR105W,YCL057W,0,-0.09016062,0.20632347464561462,0.5079840421676636,0.19583916664123535
YDR131C,YLR147C,0,-0.090263546,0.20623986423015594,0.5079840421676636,0.19593918323516846
YMR089C,YOL033W,0,-0.09046717,0.20615634322166443,0.5079840421676636,0.19603921473026276
YOR291W,YNL254C,0,-0.09061153,0.2060728818178177,0.5079840421676636,0.19613923132419586
YGL220W,YJL100W,0,-0.09087198,0.20598948001861572,0.5079840421676636,0.19623924791812897
YPL087W,YCR077C,0,-0.090887904,0.20590615272521973,0.5079840421676636,0.19633926451206207
YDL142C,YJR127C,0,-0.09154883,0.2058228850364685,0.5079840421676636,0.19643928110599518
YJL071W,YLL015W,0,-0.091668695,0.20573969185352325,0.5079840421676636,0.19653931260108948
YLR153C,YIL085C,0,-0.09207933,0.20565655827522278,0.5079840421676636,0.19663932919502258
YMR315W,YFR008W,0,-0.092165664,0.20557349920272827,0.5079840421676636,0.1967393457889557
YGR207C,YOR008C,0,-0.09245828,0.20549051463603973,0.5079840421676636,0.1968393623828888
YHR042W,YDR497C,0,-0.09247773,0.20540758967399597,0.5079840421676636,0.1969393938779831
YFR013W,YBR283C,0,-0.092679724,0.20532472431659698,0.5079840421676636,0.1970394104719162
YLR285W,YMR022W,0,-0.09303493,0.20524193346500397,0.5079840421676636,0.1971394270658493
YPL048W,YJL085W,1,-0.09308475,0.2055622786283493,0.5089820623397827,0.1971394270658493
YGL128C,YDR499W,0,-0.093320996,0.2054794579744339,0.5089820623397827,0.1972394436597824
YHR039C,YNL172W,0,-0.09344201,0.20539669692516327,0.5089820623397827,0.1973394751548767
YMR221C,YBR097W,0,-0.093956605,0.2053140103816986,0.5089820623397827,0.19743949174880981
YOL003C,YJL046W,0,-0.09408407,0.20523138344287872,0.5089820623397827,0.19753950834274292
YDR058C,YOR201C,0,-0.094163716,0.2051488310098648,0.5089820623397827,0.19763952493667603
YPL190C,YOR304W,0,-0.09423943,0.20506633818149567,0.5089820623397827,0.19773954153060913
YER025W,YGR152C,0,-0.09425652,0.2049839198589325,0.5089820623397827,0.19783957302570343
YER113C,YJL184W,0,-0.094257265,0.2049015611410141,0.5089820623397827,0.19793958961963654
YNL283C,YGR133W,0,-0.09475343,0.20481927692890167,0.5089820623397827,0.19803960621356964
YOR237W,YHR001W,1,-0.094851226,0.20513850450515747,0.5099800229072571,0.19803960621356964
YHR140W,YBR231C,0,-0.094869204,0.20505617558956146,0.5099800229072571,0.19813962280750275
YGL054C,YBR059C,0,-0.09490699,0.20497392117977142,0.5099800229072571,0.19823965430259705
YDL181W,YNL160W,0,-0.095182106,0.20489174127578735,0.5099800229072571,0.19833967089653015
YGR112W,YAR019C,0,-0.0952996,0.20480962097644806,0.5099800229072571,0.19843968749046326
YER114C,YER008C,1,-0.09556311,0.20512820780277252,0.5109780430793762,0.19843968749046326
YJR001W,YOL149W,0,-0.095743686,0.20504605770111084,0.5109780430793762,0.19853970408439636
YOR290C,YKR045C,0,-0.09592065,0.20496396720409393,0.5109780430793762,0.19863972067832947
YOL071W,YER039C,0,-0.096301794,0.204881951212883,0.5109780430793762,0.19873975217342377
YOR228C,YOR382W,0,-0.096348576,0.20479999482631683,0.5109780430793762,0.19883976876735687
YBL112C,YMR189W,0,-0.09635796,0.20471811294555664,0.5109780430793762,0.19893978536128998
YBR152W,YOL033W,0,-0.09639093,0.20463629066944122,0.5109780430793762,0.19903980195522308
YIL121W,YKL125W,0,-0.0964324,0.20455452799797058,0.5109780430793762,0.19913983345031738
YMR175W,YML072C,1,-0.096460156,0.20487220585346222,0.5119760632514954,0.19913983345031738
YOR069W,YKR039W,0,-0.09649511,0.2047904133796692,0.5119760632514954,0.1992398500442505
YGR101W,YBR235W,0,-0.096528895,0.20470869541168213,0.5119760632514954,0.1993398666381836
YML129C,YER019C-A,0,-0.09666221,0.20462703704833984,0.5119760632514954,0.1994398832321167
YOR094W,YGR157W,0,-0.09680432,0.20454545319080353,0.5119760632514954,0.199539914727211
YPR184W,YCR028C,0,-0.09696458,0.204463928937912,0.5119760632514954,0.1996399313211441
YAL009W,YOR196C,0,-0.09735279,0.20438246428966522,0.5119760632514954,0.1997399479150772
YOR077W,YFL039C,0,-0.09739425,0.20430107414722443,0.5119760632514954,0.19983996450901031
YMR180C,YCL038C,0,-0.09743306,0.2042197436094284,0.5119760632514954,0.19993998110294342
YGL023C,YGL212W,1,-0.09766322,0.20453640818595886,0.5129740238189697,0.19993998110294342
YGR183C,YFL008W,0,-0.0976878,0.20445504784584045,0.5129740238189697,0.20004001259803772
YCR048W,YDL107W,0,-0.09768994,0.20437376201152802,0.5129740238189697,0.20014002919197083
YOL089C,YLR427W,0,-0.09797554,0.20429252088069916,0.5129740238189697,0.20024004578590393
YPL002C,YOR303W,0,-0.09821266,0.20421136915683746,0.5129740238189697,0.20034006237983704
YKL126W,YIL131C,0,-0.09857992,0.20413026213645935,0.5129740238189697,0.20044009387493134
YGR071C,YFR007W,0,-0.09866066,0.2040492296218872,0.5129740238189697,0.20054011046886444
YGR263C,YOR171C,0,-0.09876008,0.20396825671195984,0.5129740238189697,0.20064012706279755
YOR216C,YPR075C,0,-0.09943756,0.20388734340667725,0.5129740238189697,0.20074014365673065
YGR223C,YFR019W,1,-0.099469855,0.20420300960540771,0.5139720439910889,0.20074014365673065
YJL085W,YDL019C,1,-0.09960283,0.20451843738555908,0.514970064163208,0.20074014365673065
YDR254W,YOR066W,0,-0.0997078,0.20443740487098694,0.514970064163208,0.20084017515182495
YLR381W,YML014W,0,-0.09971511,0.20435643196105957,0.514970064163208,0.20094019174575806
YGR289C,YDR251W,0,-0.09999231,0.20427553355693817,0.514970064163208,0.20104020833969116
YOR356W,YPL271W,0,-0.10044721,0.20419469475746155,0.514970064163208,0.20114022493362427
YFR029W,YDR171W,0,-0.10045056,0.2041139304637909,0.514970064163208,0.20124024152755737
YLR289W,YJR010C-A,0,-0.10067026,0.20403321087360382,0.514970064163208,0.20134027302265167
YOL165C,YNL136W,0,-0.10087302,0.20395256578922272,0.514970064163208,0.20144028961658478
YPR056W,YDR338C,0,-0.10095893,0.2038719803094864,0.514970064163208,0.20154030621051788
YHR107C,YHR073W,1,-0.10097802,0.20418640971183777,0.5159680843353271,0.20154030621051788
YOR367W,YGL035C,0,-0.10140567,0.20410580933094025,0.5159680843353271,0.201640322804451
YBR192W,YGL224C,0,-0.10151948,0.2040252536535263,0.5159680843353271,0.2017403542995453
YLR096W,YKL174C,0,-0.10155247,0.20394477248191833,0.5159680843353271,0.2018403708934784
YNL327W,YLR080W,0,-0.101566456,0.20386435091495514,0.5159680843353271,0.2019403874874115
YGL251C,YER012W,0,-0.101579696,0.2037840038537979,0.5159680843353271,0.2020404040813446
YCL047C,YGR144W,0,-0.101597056,0.20370370149612427,0.5159680843353271,0.2021404206752777
YJR044C,YKL182W,0,-0.10177447,0.2036234736442566,0.5159680843353271,0.202240452170372
YEL058W,YML032C,0,-0.10206786,0.2035433053970337,0.5159680843353271,0.20234046876430511
YGR195W,YCL045C,0,-0.10222237,0.20346319675445557,0.5159680843353271,0.20244048535823822
YMR089C,YNR010W,0,-0.10236616,0.2033831626176834,0.5159680843353271,0.20254050195217133
YHR168W,YGR010W,0,-0.10239883,0.20330318808555603,0.5159680843353271,0.20264053344726562
YJR045C,YPL104W,0,-0.10261239,0.20322327315807343,0.5159680843353271,0.20274055004119873
YOR209C,YGR152C,0,-0.10263087,0.2031434178352356,0.5159680843353271,0.20284056663513184
YPR026W,YDR142C,0,-0.1027049,0.20306362211704254,0.5159680843353271,0.20294058322906494
YGL136C,YDR369C,0,-0.10276365,0.20298390090465546,0.5159680843353271,0.20304061472415924
YDR141C,YGR264C,0,-0.10282345,0.20290423929691315,0.5159680843353271,0.20314063131809235
YNL188W,YOR232W,0,-0.102997735,0.2028246372938156,0.5159680843353271,0.20324064791202545
YNL044W,YBR097W,0,-0.10306579,0.20274509489536285,0.5159680843353271,0.20334066450595856
YLR090W,YIL142W,0,-0.103384316,0.20266562700271606,0.5159680843353271,0.20344068109989166
YJL178C,YCR002C,1,-0.10339536,0.20297805964946747,0.5169660449028015,0.20344068109989166
YER151C,YNL289W,0,-0.10364909,0.2028985470533371,0.5169660449028015,0.20354071259498596
YPL202C,YDL132W,0,-0.10372939,0.2028191089630127,0.5169660449028015,0.20364072918891907
YEL013W,YOL112W,0,-0.104104966,0.20273973047733307,0.5169660449028015,0.20374074578285217
YHR184W,YPL158C,0,-0.10412538,0.20266041159629822,0.5169660449028015,0.20384076237678528
YLL039C,YJR149W,0,-0.104216814,0.20258115231990814,0.5169660449028015,0.20394079387187958
YMR119W,YNL238W,0,-0.10464042,0.20250195264816284,0.5169660449028015,0.20404081046581268
YDR507C,YCR012W,0,-0.10505827,0.2024228274822235,0.5169660449028015,0.2041408270597458
YNL026W,YHR175W,0,-0.10544582,0.20234374701976776,0.5169660449028015,0.2042408436536789
YJL029C,YKL084W,0,-0.105638534,0.20226474106311798,0.5169660449028015,0.2043408751487732
YDR052C,YKL100C,0,-0.105785385,0.20218579471111298,0.5169660449028015,0.2044408917427063
YDR069C,YIL023C,0,-0.105958596,0.20210690796375275,0.5169660449028015,0.2045409083366394
YKR038C,YPL047W,0,-0.10611402,0.2020280808210373,0.5169660449028015,0.2046409249305725
YPR097W,YJR076C,1,-0.106225595,0.20233918726444244,0.5179640650749207,0.2046409249305725
YNL129W,YER133W,0,-0.10628618,0.2022603303194046,0.5179640650749207,0.20474094152450562
YDR047W,YOL092W,0,-0.10647819,0.20218153297901154,0.5179640650749207,0.20484097301959991
YLR155C,YDR283C,0,-0.10666277,0.20210281014442444,0.5179640650749207,0.20494098961353302
YOL040C,YDR155C,0,-0.10724678,0.20202413201332092,0.5179640650749207,0.20504100620746613
YBL037W,YFL013C,0,-0.10739072,0.20194552838802338,0.5179640650749207,0.20514102280139923
YOR348C,YDR484W,0,-0.10742358,0.2018669843673706,0.5179640650749207,0.20524105429649353
YDR309C,YAR042W,1,-0.10783034,0.20217730104923248,0.5189620852470398,0.20524105429649353
YMR037C,YKL216W,0,-0.107883886,0.20209871232509613,0.5189620852470398,0.20534107089042664
YDR436W,YDR353W,0,-0.10798736,0.20202019810676575,0.5189620852470398,0.20544108748435974
YMR142C,YJL128C,0,-0.108546704,0.20194174349308014,0.5189620852470398,0.20554110407829285
YNL079C,YNL178W,0,-0.10872735,0.2018633484840393,0.5189620852470398,0.20564113557338715
YBR171W,YMR201C,0,-0.10896493,0.20178502798080444,0.5189620852470398,0.20574115216732025
YGL040C,YJR068W,0,-0.10909508,0.20170675218105316,0.5189620852470398,0.20584116876125336
YDR062W,YLR274W,0,-0.109273076,0.20162853598594666,0.5189620852470398,0.20594118535518646
YBL041W,YLR032W,0,-0.10950671,0.20155039429664612,0.5189620852470398,0.20604120194911957
YOR005C,YPL029W,0,-0.10974142,0.20147229731082916,0.5189620852470398,0.20614123344421387
YBL060W,YMR231W,0,-0.10987518,0.20139427483081818,0.5189620852470398,0.20624125003814697
YML009C,YLR128W,0,-0.110210836,0.20131629705429077,0.5189620852470398,0.20634126663208008
YML019W,YGR108W,0,-0.110381976,0.20123839378356934,0.5189620852470398,0.20644128322601318
YOR324C,YMR026C,0,-0.11095293,0.20116053521633148,0.5189620852470398,0.20654131472110748
YMR291W,YPR171W,0,-0.11186477,0.2010827511548996,0.5189620852470398,0.2066413313150406
YDR334W,YBR177C,0,-0.1124899,0.2010050266981125,0.5189620852470398,0.2067413479089737
YOR106W,YOR284W,0,-0.112668276,0.20092736184597015,0.5189620852470398,0.2068413645029068
YKL117W,YGL136C,0,-0.11302704,0.2008497416973114,0.5189620852470398,0.2069413810968399
YIR015W,YJL097W,0,-0.11333337,0.20077219605445862,0.5189620852470398,0.2070414125919342
YDR425W,YJL178C,1,-0.113333896,0.20108066499233246,0.5199601054191589,0.2070414125919342
YOR197W,YOR143C,0,-0.11341819,0.2010030895471573,0.5199601054191589,0.2071414291858673
YER137C,YOL105C,0,-0.113626085,0.2009255737066269,0.5199601054191589,0.20724144577980042
YOL145C,YBR123C,0,-0.11364546,0.20084811747074127,0.5199601054191589,0.20734146237373352
YAR042W,YGR241C,1,-0.11391779,0.20115606486797333,0.5209580659866333,0.20734146237373352
YGR209C,YER118C,0,-0.11416044,0.20107857882976532,0.5209580659866333,0.20744149386882782
YNR006W,YLR314C,1,-0.11417107,0.2013862133026123,0.5219560861587524,0.20744149386882782
YBR019C,YCR088W,0,-0.114477284,0.2013086974620819,0.5219560861587524,0.20754151046276093
YDL141W,YOR070C,0,-0.114989065,0.2012312412261963,0.5219560861587524,0.20764152705669403
YDR489W,YMR097C,0,-0.11527585,0.20115384459495544,0.5219560861587524,0.20774154365062714
YDR425W,YDL225W,1,-0.11530722,0.20146097242832184,0.5229541063308716,0.20774154365062714
YKL012W,YPL246C,0,-0.11533997,0.2013835459947586,0.5229541063308716,0.20784157514572144
YGL212W,YMR086W,0,-0.11536257,0.20130617916584015,0.5229541063308716,0.20794159173965454
YLR204W,YDR480W,0,-0.11583612,0.20122887194156647,0.5229541063308716,0.20804160833358765
YDR056C,YGR246C,0,-0.11602548,0.20115162432193756,0.5229541063308716,0.20814162492752075
YOR256C,YIL093C,0,-0.11619797,0.20107443630695343,0.5229541063308716,0.20824164152145386
YBL020W,YOR131C,0,-0.116229594,0.20099730789661407,0.5229541063308716,0.20834167301654816
YMR036C,YNL236W,0,-0.11631998,0.2009202390909195,0.5229541063308716,0.20844168961048126
YDR148C,YNL152W,1,-0.11641812,0.20122651755809784,0.523952066898346,0.20844168961048126
YBR223C,YGL100W,0,-0.11656581,0.20114941895008087,0.523952066898346,0.20854170620441437
YDR520C,YLR389C,0,-0.116607696,0.20107237994670868,0.523952066898346,0.20864172279834747
YKL160W,YDR011W,0,-0.11666176,0.20099540054798126,0.523952066898346,0.20874175429344177
YOR251C,YGL002W,0,-0.11669527,0.20091848075389862,0.523952066898346,0.20884177088737488
YGL019W,YOL113W,0,-0.1170869,0.20084162056446075,0.523952066898346,0.20894178748130798
YKR081C,YFL045C,0,-0.1172708,0.20076481997966766,0.523952066898346,0.2090418040752411
YHR161C,YDR323C,1,-0.11755648,0.20107033848762512,0.5249500870704651,0.2090418040752411
YLR356W,YOR371C,0,-0.11788704,0.20099350810050964,0.5249500870704651,0.2091418355703354
YIL110W,YPR029C,0,-0.11801608,0.20091673731803894,0.5249500870704651,0.2092418521642685
YGR223C,YGL023C,1,-0.11803083,0.20122183859348297,0.5259481072425842,0.2092418521642685
YNL271C,YGL250W,0,-0.11843959,0.20114503800868988,0.5259481072425842,0.2093418687582016
YFR021W,YGR086C,0,-0.11855133,0.20106829702854156,0.5259481072425842,0.2094418853521347
YJL092W,YCR037C,0,-0.11890882,0.20099161565303802,0.5259481072425842,0.2095419019460678
YOR237W,YGR193C,1,-0.1191186,0.20129622519016266,0.5269461274147034,0.2095419019460678
YDR318W,YMR080C,0,-0.11922128,0.20121951401233673,0.5269461274147034,0.2096419334411621
YLR206W,YML072C,1,-0.120001934,0.2015238106250763,0.5279440879821777,0.2096419334411621
YMR170C,YIL126W,0,-0.12011783,0.20144706964492798,0.5279440879821777,0.20974195003509521
YOL031C,YDL078C,0,-0.12014052,0.20137038826942444,0.5279440879821777,0.20984196662902832
YKR078W,YLR371W,1,-0.12016353,0.20167428255081177,0.5289421081542969,0.20984196662902832
YNL138W,YDR084C,0,-0.12037569,0.20159757137298584,0.5289421081542969,0.20994198322296143
YDR313C,YNL243W,1,-0.120484516,0.2019011378288269,0.529940128326416,0.20994198322296143
YLL001W,YJL062W,0,-0.120533526,0.2018243968486786,0.529940128326416,0.21004201471805573
YJR107W,YBR066C,0,-0.12109443,0.20174771547317505,0.529940128326416,0.21014203131198883
YDR334W,YDR369C,0,-0.1214033,0.20167109370231628,0.529940128326416,0.21024204790592194
YOL071W,YJL138C,0,-0.12152587,0.2015945315361023,0.529940128326416,0.21034206449985504
YOL066C,YJR051W,0,-0.12175864,0.20151802897453308,0.529940128326416,0.21044208109378815
YLR077W,YAL047C,0,-0.12186565,0.20144157111644745,0.529940128326416,0.21054211258888245
YGL203C,YNL158W,0,-0.122307755,0.20136518776416779,0.529940128326416,0.21064212918281555
YOR221C,YGL169W,0,-0.12232413,0.2012888491153717,0.529940128326416,0.21074214577674866
YOR373W,YHR047C,0,-0.12246154,0.2012125849723816,0.529940128326416,0.21084216237068176
YIL117C,YPL103C,0,-0.12309407,0.20113636553287506,0.529940128326416,0.21094219386577606
YIL015W,YAR007C,0,-0.12315139,0.2010602056980133,0.529940128326416,0.21104221045970917
YPR145W,YLR283W,0,-0.12323108,0.20098410546779633,0.529940128326416,0.21114222705364227
YPL007C,YLR399C,0,-0.123280935,0.20090806484222412,0.529940128326416,0.21124224364757538
YHR129C,YGL256W,0,-0.1233065,0.2008320689201355,0.529940128326416,0.21134227514266968
YKR031C,YGR241C,1,-0.123693995,0.20113421976566315,0.5309381484985352,0.21134227514266968
YJL149W,YMR214W,0,-0.12372099,0.20105819404125214,0.5309381484985352,0.21144229173660278
YGL086W,YDL144C,0,-0.12388341,0.2009822428226471,0.5309381484985352,0.2115423083305359
YPR204W,YDR251W,0,-0.124033704,0.20090635120868683,0.5309381484985352,0.211642324924469
YJL036W,YPL048W,1,-0.12418742,0.20120801031589508,0.5319361090660095,0.211642324924469
YML128C,YDR082W,0,-0.124260664,0.20113207399845123,0.5319361090660095,0.2117423415184021
YBL091C-A,YDL005C,0,-0.12442562,0.20105621218681335,0.5319361090660095,0.2118423730134964
YER174C,YFL047W,0,-0.12452034,0.20098039507865906,0.5319361090660095,0.2119423896074295
YDR037W,YKL206C,0,-0.12462748,0.20090463757514954,0.5319361090660095,0.2120424062013626
YDL225W,YLR371W,1,-0.12467685,0.20120573043823242,0.5329341292381287,0.2120424062013626
YBR160W,YIR015W,0,-0.12523884,0.2011299431324005,0.5329341292381287,0.21214242279529572
YER120W,YOR086C,1,-0.12531063,0.20143072307109833,0.5339321494102478,0.21214242279529572
YJR134C,YNL281W,0,-0.12533727,0.20135490596294403,0.5339321494102478,0.21224245429039001
YAL022C,YOR017W,0,-0.12558563,0.2012791633605957,0.5339321494102478,0.21234247088432312
YMR170C,YGR231C,0,-0.12622339,0.20120346546173096,0.5339321494102478,0.21244248747825623
YBL005W-A,YGL014W,0,-0.1264261,0.2011278122663498,0.5339321494102478,0.21254250407218933
YLR421C,YDR285W,0,-0.12664448,0.2010522335767746,0.5339321494102478,0.21264253556728363
YCL032W,YNR032W,0,-0.12664944,0.20097671449184418,0.5339321494102478,0.21274255216121674
YLR192C,YMR121C,0,-0.12672172,0.20090124011039734,0.5339321494102478,0.21284256875514984
YGR113W,YOR180C,0,-0.12704685,0.20082582533359528,0.5339321494102478,0.21294258534908295
YOL111C,YOR349W,0,-0.12718153,0.200750470161438,0.5339321494102478,0.21304260194301605
YNL047C,YKR078W,1,-0.12733223,0.201050266623497,0.5349301099777222,0.21304260194301605
YDR530C,YAL005C,0,-0.12744375,0.20097488164901733,0.5349301099777222,0.21314263343811035
YOR298W,YOR173W,0,-0.12767959,0.20089955627918243,0.5349301099777222,0.21324265003204346
YOL151W,YBL050W,0,-0.12807128,0.20082427561283112,0.5349301099777222,0.21334266662597656
YHR174W,YHR057C,0,-0.12810935,0.20074906945228577,0.5349301099777222,0.21344268321990967
YBR150C,YDR263C,0,-0.12820253,0.200673907995224,0.5349301099777222,0.21354271471500397
YNR027W,YDL142C,0,-0.12834185,0.200598806142807,0.5349301099777222,0.21364273130893707
YPL232W,YER017C,0,-0.12835221,0.2005237489938736,0.5349301099777222,0.21374274790287018
YCR046C,YBL023C,0,-0.12853634,0.20044876635074615,0.5349301099777222,0.21384276449680328
YIL101C,YPL227C,0,-0.12866904,0.2003738284111023,0.5349301099777222,0.21394279599189758
YKL165C,YLR448W,0,-0.12883103,0.2002989500761032,0.5349301099777222,0.2140428125858307
YIL041W,YER055C,0,-0.12919253,0.2002241313457489,0.5349301099777222,0.2141428291797638
YMR065W,YPL011C,0,-0.12919828,0.20014937222003937,0.5349301099777222,0.2142428457736969
YAL044C,YJR125C,1,-0.12924764,0.2004479318857193,0.5359281301498413,0.2142428457736969
YLR356W,YPR029C,0,-0.12965724,0.20037312805652618,0.5359281301498413,0.21434286236763
YDR520C,YDR379W,0,-0.12973765,0.20029839873313904,0.5359281301498413,0.2144428938627243
YOR070C,YNL098C,0,-0.13028696,0.20022371411323547,0.5359281301498413,0.2145429104566574
YPR165W,YGR013W,0,-0.13051572,0.20014908909797668,0.5359281301498413,0.21464292705059052
YEL004W,YDR443C,0,-0.13069335,0.20007450878620148,0.5359281301498413,0.21474294364452362
YOL109W,YNR015W,0,-0.13075203,0.20000000298023224,0.5359281301498413,0.21484297513961792
YOL151W,YOR288C,0,-0.13075225,0.19992554187774658,0.5359281301498413,0.21494299173355103
YPL029W,YDR262W,0,-0.13084835,0.1998511403799057,0.5359281301498413,0.21504300832748413
YCL032W,YKL088W,0,-0.13086976,0.1997767835855484,0.5359281301498413,0.21514302492141724
YDR072C,YLR370C,0,-0.13126756,0.19970248639583588,0.5359281301498413,0.21524304151535034
YIL027C,YEL038W,0,-0.13131452,0.19962824881076813,0.5359281301498413,0.21534307301044464
YER145C,YDR174W,0,-0.13190272,0.19955407083034515,0.5359281301498413,0.21544308960437775
YHR086W,YDR198C,0,-0.132154,0.19947993755340576,0.5359281301498413,0.21554310619831085
YPL110C,YMR162C,0,-0.13252038,0.19940586388111115,0.5359281301498413,0.21564312279224396
YDR347W,YER083C,0,-0.13271528,0.1993318498134613,0.5359281301498413,0.21574315428733826
YBL105C,YHR073W,1,-0.13275918,0.19962894916534424,0.5369261503219604,0.21574315428733826
YKL011C,YLR099C,0,-0.13279831,0.19955489039421082,0.5369261503219604,0.21584317088127136
YHL009C,YCL034W,0,-0.13286036,0.19948090612888336,0.5369261503219604,0.21594318747520447
YDR148C,YML072C,1,-0.13290298,0.19977761805057526,0.5379241704940796,0.21594318747520447
YPL118W,YNL279W,0,-0.13294122,0.19970358908176422,0.5379241704940796,0.21604320406913757
YMR024W,YOR269W,0,-0.13312288,0.19962963461875916,0.5379241704940796,0.21614323556423187
YOL091W,YLR376C,0,-0.133321,0.19955572485923767,0.5379241704940796,0.21624325215816498
YDR309C,YKR003W,1,-0.13336076,0.19985195994377136,0.538922131061554,0.21624325215816498
YAR002C-A,YJL204C,0,-0.13337794,0.1997780203819275,0.538922131061554,0.21634326875209808
YPL177C,YIR018W,0,-0.13361362,0.1997041404247284,0.538922131061554,0.2164432853460312
YDR400W,YJR092W,0,-0.1338014,0.19963032007217407,0.538922131061554,0.2165433019399643
YGL035C,YDL047W,0,-0.13417223,0.19955654442310333,0.538922131061554,0.2166433334350586
YJR110W,YGL065C,0,-0.13448837,0.19948282837867737,0.538922131061554,0.2167433500289917
YOR120W,YBR008C,0,-0.13459201,0.19940915703773499,0.538922131061554,0.2168433666229248
YJR088C,YDR260C,0,-0.1348446,0.19933554530143738,0.538922131061554,0.2169433832168579
YER114C,YML072C,1,-0.13523266,0.1996309906244278,0.5399201512336731,0.2169433832168579
YLR172C,YDR033W,0,-0.13525845,0.199557363986969,0.5399201512336731,0.2170434147119522
YGR154C,YDR479C,0,-0.13553122,0.19948378205299377,0.5399201512336731,0.21714343130588531
YGR112W,YLR183C,0,-0.1355462,0.19941024482250214,0.5399201512336731,0.21724344789981842
YOR291W,YLR192C,0,-0.13600399,0.19933676719665527,0.5399201512336731,0.21734346449375153
YDR163W,YKL137W,0,-0.1363025,0.19926334917545319,0.5399201512336731,0.21744349598884583
YHR060W,YAL029C,0,-0.13634834,0.19918999075889587,0.5399201512336731,0.21754351258277893
YDL225W,YAR042W,1,-0.13637209,0.199484720826149,0.5409181714057922,0.21754351258277893
YLR246W,YMR154C,0,-0.13656278,0.1994113326072693,0.5409181714057922,0.21764352917671204
YLR289W,YLR362W,0,-0.13660082,0.19933798909187317,0.5409181714057922,0.21774354577064514
YDR262W,YDR409W,0,-0.13678652,0.19926470518112183,0.5409181714057922,0.21784356236457825
YGL233W,YDR118W,0,-0.13688485,0.19919148087501526,0.5409181714057922,0.21794359385967255
YEL031W,YNL281W,0,-0.13691574,0.19911830127239227,0.5409181714057922,0.21804361045360565
YMR235C,YGR194C,0,-0.13710152,0.19904516637325287,0.5409181714057922,0.21814362704753876
YIL108W,YLR394W,0,-0.13720928,0.19897210597991943,0.5409181714057922,0.21824364364147186
YKR030W,YNL273W,0,-0.13729373,0.1988990753889084,0.5409181714057922,0.21834367513656616
YPL214C,YOR028C,0,-0.13732263,0.1988261193037033,0.5409181714057922,0.21844369173049927
YKL011C,YNR010W,0,-0.13788427,0.1987532079219818,0.5409181714057922,0.21854370832443237
YGL026C,YHR117W,0,-0.13791195,0.1986803561449051,0.5409181714057922,0.21864372491836548
YLR447C,YPL149W,0,-0.13791892,0.19860754907131195,0.5409181714057922,0.21874374151229858
YPL094C,YOR071C,0,-0.13820812,0.1985348016023636,0.5409181714057922,0.21884377300739288
YER008C,YHR073W,1,-0.13857451,0.19882826507091522,0.5419161915779114,0.21884377300739288
YIL105C,YFR019W,1,-0.1386657,0.19912151992321014,0.5429141521453857,0.21884377300739288
YJR103W,YHR001W,0,-0.13873807,0.19904866814613342,0.5429141521453857,0.218943789601326
YGR158C,YKL190W,0,-0.1391973,0.19897586107254028,0.5429141521453857,0.2190438061952591
YPL228W,YGR033C,0,-0.13919823,0.19890311360359192,0.5429141521453857,0.2191438227891922
YHR107C,YPL100W,1,-0.13920167,0.19919590651988983,0.5439121723175049,0.2191438227891922
YMR314W,YIL162W,0,-0.13929868,0.19912312924861908,0.5439121723175049,0.2192438542842865
YNL087W,YLR314C,1,-0.13984166,0.1994156390428543,0.544910192489624,0.2192438542842865
YOR324C,YKL089W,0,-0.13993604,0.19934283196926117,0.544910192489624,0.2193438708782196
YER130C,YIL026C,0,-0.14032085,0.1992700695991516,0.544910192489624,0.2194438874721527
YMR071C,YGL077C,0,-0.14065325,0.19919736683368683,0.544910192489624,0.21954390406608582
YJL151C,YGL141W,0,-0.14070319,0.19912472367286682,0.544910192489624,0.21964393556118011
YNL093W,YNL268W,0,-0.14101516,0.1990521401166916,0.544910192489624,0.21974395215511322
YPL122C,YOR381W,0,-0.14146054,0.19897958636283875,0.544910192489624,0.21984396874904633
YJL219W,YJR088C,0,-0.14148149,0.19890710711479187,0.544910192489624,0.21994398534297943
YGR175C,YGR185C,0,-0.14178175,0.19883467257022858,0.544910192489624,0.22004400193691254
YPL007C,YNR010W,0,-0.14224522,0.19876228272914886,0.544910192489624,0.22014403343200684
YMR012W,YHR046C,0,-0.14230493,0.19868995249271393,0.544910192489624,0.22024405002593994
YPR107C,YDR155C,0,-0.14255215,0.19861768186092377,0.544910192489624,0.22034406661987305
YJL143W,YHL032C,0,-0.14266369,0.1985454559326172,0.544910192489624,0.22044408321380615
YKR065C,YOL129W,0,-0.14267257,0.19847328960895538,0.544910192489624,0.22054411470890045
YHR107C,YPL115C,1,-0.14293447,0.19876453280448914,0.5459082126617432,0.22054411470890045
YDR440W,YLR378C,0,-0.1431928,0.19869233667850494,0.5459082126617432,0.22064413130283356
YML072C,YML019W,0,-0.14339845,0.19862018525600433,0.5459082126617432,0.22074414789676666
YOR377W,YPL151C,0,-0.14378954,0.1985480934381485,0.5459082126617432,0.22084416449069977
YER099C,YNL264C,0,-0.1438939,0.19847604632377625,0.5459082126617432,0.22094419598579407
YER052C,YKL092C,0,-0.14398074,0.19840405881404877,0.5459082126617432,0.22104421257972717
YGL040C,YBR253W,0,-0.14399791,0.19833213090896606,0.5459082126617432,0.22114422917366028
YMR112C,YER175C,0,-0.1445348,0.19826023280620575,0.5459082126617432,0.22124424576759338
YOL004W,YNL218W,0,-0.14480403,0.1981884092092514,0.5459082126617432,0.2213442623615265
YNL188W,YGR023W,0,-0.14492494,0.19811663031578064,0.5459082126617432,0.2214442938566208
YER061C,YMR077C,0,-0.14493108,0.19804489612579346,0.5459082126617432,0.2215443104505539
YFR021W,YPL100W,1,-0.14504375,0.19833514094352722,0.5469061732292175,0.2215443104505539
YGL133W,YDL217C,0,-0.1453926,0.19826339185237885,0.5469061732292175,0.221644327044487
YER019C-A,YIL113W,0,-0.14543048,0.19819168746471405,0.5469061732292175,0.2217443436384201
YIL135C,YDR380W,0,-0.14560527,0.19812002778053284,0.5469061732292175,0.2218443751335144
YDR118W,YBR173C,0,-0.14574884,0.1980484277009964,0.5469061732292175,0.2219443917274475
YER130C,YPL091W,0,-0.14610597,0.19797687232494354,0.5469061732292175,0.22204440832138062
YPL096W,YPL059W,0,-0.14716178,0.19790537655353546,0.5469061732292175,0.22214442491531372
YOR245C,YGR240C,0,-0.14742725,0.19783394038677216,0.5469061732292175,0.22224444150924683
YJL019W,YCR077C,0,-0.14764169,0.19776253402233124,0.5469061732292175,0.22234447300434113
YLR212C,YBR235W,0,-0.14772658,0.1976912021636963,0.5469061732292175,0.22244448959827423
YOL109W,YOR327C,0,-0.14775227,0.19761990010738373,0.5469061732292175,0.22254450619220734
YOR205C,YAL040C,0,-0.1480025,0.19754867255687714,0.5469061732292175,0.22264452278614044
YDR153C,YML072C,1,-0.14816877,0.19783784449100494,0.5479041934013367,0.22264452278614044
YOR144C,YLR088W,0,-0.14845392,0.19776657223701477,0.5479041934013367,0.22274455428123474
YBR241C,YIL138C,0,-0.14878778,0.19769535958766937,0.5479041934013367,0.22284457087516785
YGL062W,YOR326W,0,-0.14885575,0.19762419164180756,0.5479041934013367,0.22294458746910095
YKR018C,YEL071W,0,-0.14907837,0.19755308330059052,0.5479041934013367,0.22304460406303406
YDR330W,YDL122W,0,-0.14933954,0.19748201966285706,0.5479041934013367,0.22314463555812836
YHR175W,YGR058W,0,-0.14946899,0.19741100072860718,0.5479041934013367,0.22324465215206146
YLR320W,YDR151C,0,-0.14956145,0.19734004139900208,0.5479041934013367,0.22334466874599457
YDR313C,YDL225W,1,-0.14957339,0.197628453373909,0.5489022135734558,0.22334466874599457
YNL280C,YKL093W,0,-0.14988966,0.1975574642419815,0.5489022135734558,0.22344468533992767
YGL162W,YDR117C,0,-0.14990303,0.1974865347146988,0.5489022135734558,0.22354470193386078
YNL087W,YER125W,1,-0.14995192,0.19777458906173706,0.5499001741409302,0.22354470193386078
YJL151C,YOR014W,0,-0.1501284,0.19770362973213196,0.5499001741409302,0.22364473342895508
YER065C,YOL003C,0,-0.15022819,0.19763271510601044,0.5499001741409302,0.22374475002288818
YBR083W,YGL181W,0,-0.15054122,0.1975618451833725,0.5499001741409302,0.2238447666168213
YOR069W,YAL044C,1,-0.15061328,0.19784946739673615,0.5508981943130493,0.2238447666168213
YGL237C,YNR011C,0,-0.15083213,0.19777856767177582,0.5508981943130493,0.2239447832107544
YML077W,YPL119C,0,-0.15117414,0.19770774245262146,0.5508981943130493,0.2240448147058487
YDR202C,YKR018C,0,-0.15133363,0.1976369470357895,0.5508981943130493,0.2241448312997818
YJL156C,YNR073C,0,-0.15154684,0.1975662112236023,0.5508981943130493,0.2242448478937149
YLR116W,YJR091C,0,-0.15178645,0.19749553501605988,0.5508981943130493,0.224344864487648
YKL209C,YJR055W,0,-0.1518113,0.19742488861083984,0.5508981943130493,0.2244448959827423
YPL048W,YDR323C,1,-0.15189001,0.19771184027194977,0.5518962144851685,0.2244448959827423
YDL239C,YNR051C,0,-0.15189715,0.19764117896556854,0.5518962144851685,0.22454491257667542
YLR398C,YJL004C,0,-0.1519241,0.1975705623626709,0.5518962144851685,0.22464492917060852
YDR267C,YNL217W,0,-0.15211606,0.19750000536441803,0.5518962144851685,0.22474494576454163
YDL239C,YHR061C,0,-0.15212838,0.19742949306964874,0.5518962144851685,0.22484496235847473
YDR309C,YNL071W,1,-0.15240963,0.19771592319011688,0.5528942346572876,0.22484496235847473
YMR019W,YAL005C,0,-0.15265048,0.1976453810930252,0.5528942346572876,0.22494499385356903
YGL119W,YNL152W,0,-0.15272632,0.1975748986005783,0.5528942346572876,0.22504501044750214
YJR015W,YGR284C,0,-0.15317781,0.197504460811615,0.5528942346572876,0.22514502704143524
YBR230C,YGL186C,0,-0.1532191,0.19743406772613525,0.5528942346572876,0.22524504363536835
YDR425W,YNR006W,1,-0.15337929,0.1977199912071228,0.553892195224762,0.22524504363536835
YHR188C,YKL124W,0,-0.15348041,0.19764956831932068,0.553892195224762,0.22534507513046265
YMR291W,YDR248C,0,-0.15393281,0.19757920503616333,0.553892195224762,0.22544509172439575
YOR226C,YMR164C,0,-0.15417972,0.19750890135765076,0.553892195224762,0.22554510831832886
YNR061C,YOL016C,0,-0.15422824,0.19743862748146057,0.553892195224762,0.22564512491226196
YPR073C,YMR180C,0,-0.15435871,0.19736842811107635,0.553892195224762,0.22574515640735626
YKL020C,YBL006C,0,-0.15439412,0.19729825854301453,0.553892195224762,0.22584517300128937
YER120W,YDR148C,1,-0.15458776,0.19758351147174835,0.5548902153968811,0.22584517300128937
YHR026W,YLR228C,0,-0.15461805,0.19751332700252533,0.5548902153968811,0.22594518959522247
YDL069C,YDR322W,0,-0.15466738,0.1974431872367859,0.5548902153968811,0.22604520618915558
YPR021C,YNL223W,0,-0.1547884,0.19737309217453003,0.5548902153968811,0.22614522278308868
YOL088C,YMR201C,0,-0.15480678,0.19730305671691895,0.5548902153968811,0.22624525427818298
YLR386W,YML062C,0,-0.15487713,0.19723306596279144,0.5548902153968811,0.2263452708721161
YDL025C,YDR260C,0,-0.15495938,0.19716311991214752,0.5548902153968811,0.2264452874660492
YLL034C,YKR061W,0,-0.155134,0.19709323346614838,0.5548902153968811,0.2265453040599823
YML012W,YDR155C,0,-0.15514097,0.1970233917236328,0.5548902153968811,0.2266453355550766
YKL208W,YDR171W,0,-0.15524852,0.19695359468460083,0.5548902153968811,0.2267453521490097
YPR104C,YBR074W,0,-0.15531021,0.19688385725021362,0.5548902153968811,0.2268453687429428
YEL012W,YGR257C,0,-0.15533842,0.19681416451931,0.5548902153968811,0.22694538533687592
YHR059W,YLR026C,0,-0.15542397,0.19674451649188995,0.5548902153968811,0.22704540193080902
YGR223C,YOR069W,1,-0.15557757,0.19702865183353424,0.5558882355690002,0.22704540193080902
YOR388C,YPL259C,0,-0.15577433,0.196958988904953,0.5558882355690002,0.22714543342590332
YML001W,YOL038W,0,-0.15578318,0.19688935577869415,0.5558882355690002,0.22724545001983643
YML012W,YCR037C,0,-0.15580218,0.19681978225708008,0.5558882355690002,0.22734546661376953
YDL146W,YBR261C,0,-0.15604539,0.19675026834011078,0.5558882355690002,0.22744548320770264
YML029W,YJL143W,0,-0.15640594,0.19668078422546387,0.5558882355690002,0.22754551470279694
YOL133W,YOL075C,0,-0.15648241,0.19661135971546173,0.5558882355690002,0.22764553129673004
YKL216W,YLR166C,0,-0.15680401,0.19654199481010437,0.5558882355690002,0.22774554789066315
YBR281C,YHL044W,0,-0.15702784,0.1964726597070694,0.5558882355690002,0.22784556448459625
YHR011W,YIL172C,0,-0.15711427,0.1964033842086792,0.5558882355690002,0.22794559597969055
YPL115C,YML104C,1,-0.15716343,0.19668664038181305,0.5568862557411194,0.22794559597969055
YMR175W,YNL152W,1,-0.15738781,0.19696970283985138,0.5578842163085938,0.22794559597969055
YIR033W,YOR115C,0,-0.15748356,0.19690032303333282,0.5578842163085938,0.22804561257362366
YGR154C,YOR208W,0,-0.15767631,0.19683098793029785,0.5578842163085938,0.22814562916755676
YHR034C,YJL046W,0,-0.15798528,0.19676169753074646,0.5578842163085938,0.22824564576148987
YPR107C,YJR057W,0,-0.15807647,0.19669246673583984,0.5578842163085938,0.22834566235542297
YDR425W,YPL048W,1,-0.15807766,0.19697502255439758,0.5588822364807129,0.22834566235542297
YOR221C,YIL004C,0,-0.1581292,0.19690576195716858,0.5588822364807129,0.22844569385051727
YMR019W,YFR003C,0,-0.15864342,0.19683656096458435,0.5588822364807129,0.22854571044445038
YML070W,YDL078C,0,-0.15866728,0.1967673897743225,0.5588822364807129,0.22864572703838348
YKL035W,YFL037W,0,-0.15870617,0.19669827818870544,0.5588822364807129,0.2287457436323166
YNL131W,YDL144C,0,-0.15874381,0.19662921130657196,0.5588822364807129,0.2288457751274109
YNL298W,YCR067C,0,-0.15892582,0.19656018912792206,0.5588822364807129,0.228945791721344
YNR045W,YBR052C,0,-0.15895641,0.19649122655391693,0.5588822364807129,0.2290458083152771
YBL036C,YJL140W,0,-0.15899214,0.19642230868339539,0.5588822364807129,0.2291458249092102
YER120W,YPL048W,1,-0.15911962,0.19670407474040985,0.559880256652832,0.2291458249092102
YDR341C,YHR079C,0,-0.1592198,0.19663512706756592,0.559880256652832,0.2292458564043045
YDR291W,YLR389C,0,-0.1596518,0.19656622409820557,0.559880256652832,0.2293458729982376
YML104C,YGL023C,1,-0.1599648,0.19684763252735138,0.5608782172203064,0.2293458729982376
YBL060W,YLR268W,0,-0.1603593,0.19677871465682983,0.5608782172203064,0.22944588959217072
YKL049C,YMR256C,0,-0.1605755,0.19670984148979187,0.5608782172203064,0.22954590618610382
YML069W,YMR061W,0,-0.1606613,0.1966410130262375,0.5608782172203064,0.22964592278003693
YNL222W,YDR208W,0,-0.16078651,0.1965722292661667,0.5608782172203064,0.22974595427513123
YJL041W,YDR497C,0,-0.16081443,0.19650349020957947,0.5608782172203064,0.22984597086906433
YOR069W,YDR148C,1,-0.16088982,0.1967843472957611,0.5618762373924255,0.22984597086906433
YBL103C,YJL062W,0,-0.16096728,0.1967155784368515,0.5618762373924255,0.22994598746299744
YER120W,YER125W,1,-0.1612002,0.19699615240097046,0.5628742575645447,0.22994598746299744
YOR388C,YOR147W,0,-0.16139923,0.19692736864089966,0.5628742575645447,0.23004600405693054
YBR004C,YPL106C,0,-0.16141495,0.19685864448547363,0.5628742575645447,0.23014603555202484
YOR287C,YER154W,0,-0.1614467,0.19678995013237,0.5628742575645447,0.23024605214595795
YAL014C,YER068W,0,-0.16169034,0.19672131538391113,0.5628742575645447,0.23034606873989105
YLR307W,YNL154C,0,-0.161857,0.19665272533893585,0.5628742575645447,0.23044608533382416
YDR138W,YDL215C,0,-0.16196737,0.19658417999744415,0.5628742575645447,0.23054610192775726
YNL160W,YNR041C,0,-0.16212472,0.19651567935943604,0.5628742575645447,0.23064613342285156
YMR223W,YAL043C,0,-0.16236211,0.1964472383260727,0.5628742575645447,0.23074615001678467
YNL092W,YER022W,0,-0.1623851,0.19637882709503174,0.5628742575645447,0.23084616661071777
YDR229W,YDR153C,1,-0.16241114,0.19665855169296265,0.5638722777366638,0.23084616661071777
YDL122W,YER089C,0,-0.16277596,0.1965901255607605,0.5638722777366638,0.23094618320465088
YEL013W,YCR096C,0,-0.16290018,0.19652174413204193,0.5638722777366638,0.23104621469974518
YNL262W,YLL023C,0,-0.16336584,0.19645340740680695,0.5638722777366638,0.23114623129367828
YLL019C,YLL040C,0,-0.16337134,0.19638513028621674,0.5638722777366638,0.2312462478876114
YGR223C,YDL113C,1,-0.1634859,0.19666434824466705,0.5648702383041382,0.2312462478876114
YJL071W,YHL019C,0,-0.16370326,0.19659604132175446,0.5648702383041382,0.2313462644815445
YHR161C,YML111W,0,-0.16380192,0.19652777910232544,0.5648702383041382,0.2314462959766388
YLL005C,YIR033W,0,-0.16392551,0.19645956158638,0.5648702383041382,0.2315463125705719
YHR044C,YFL013C,0,-0.16425912,0.19639138877391815,0.5648702383041382,0.231646329164505
YJR025C,YMR270C,0,-0.16460569,0.19632327556610107,0.5648702383041382,0.2317463457584381
YER133W,YJL117W,0,-0.1652477,0.19625520706176758,0.5648702383041382,0.23184636235237122
YPR104C,YHR132C,0,-0.16527456,0.19618716835975647,0.5648702383041382,0.23194639384746552
YAL044C,YNL243W,1,-0.16528314,0.19646570086479187,0.5658682584762573,0.23194639384746552
YDR229W,YAR042W,1,-0.16529465,0.19674402475357056,0.5668662786483765,0.23194639384746552
YBR200W,YLR314C,1,-0.16582114,0.19702215492725372,0.5678642988204956,0.23194639384746552
YDR031W,YJR005W,0,-0.1659621,0.19695396721363068,0.5678642988204956,0.23204641044139862
YDL155W,YJL097W,0,-0.16613266,0.19688580930233002,0.5678642988204956,0.23214642703533173
YDL058W,YER027C,0,-0.16625282,0.19681771099567413,0.5678642988204956,0.23224644362926483
YPR198W,YJR013W,0,-0.16627093,0.19674965739250183,0.5678642988204956,0.23234647512435913
YFR019W,YGR295C,0,-0.16681527,0.1966816484928131,0.5678642988204956,0.23244649171829224
YHR147C,YFL002C,0,-0.1668865,0.19661368429660797,0.5678642988204956,0.23254650831222534
YGR020C,YER044C,0,-0.16698019,0.1965457648038864,0.5678642988204956,0.23264652490615845
YPL048W,YGR193C,1,-0.16733214,0.19682320952415466,0.56886225938797,0.23264652490615845
YLR148W,YLR038C,0,-0.16783035,0.19675526022911072,0.56886225938797,0.23274655640125275
YKL035W,YIL046W,0,-0.16805273,0.19668737053871155,0.56886225938797,0.23284657299518585
YPL187W,YJL104W,0,-0.16827628,0.19661952555179596,0.56886225938797,0.23294658958911896
YPL132W,YLR228C,0,-0.16847655,0.19655172526836395,0.56886225938797,0.23304660618305206
YOL017W,YOR374W,0,-0.16878468,0.19648396968841553,0.56886225938797,0.23314662277698517
YER150W,YGL086W,0,-0.16890258,0.19641625881195068,0.56886225938797,0.23324665427207947
YPL129W,YBR245C,0,-0.16893461,0.19634860754013062,0.56886225938797,0.23334667086601257
YDR254W,YBR070C,0,-0.16906896,0.19628098607063293,0.56886225938797,0.23344668745994568
YHR123W,YGR287C,0,-0.16918495,0.19621342420578003,0.56886225938797,0.23354670405387878
YJL198W,YIR006C,0,-0.1693382,0.1961459070444107,0.56886225938797,0.23364673554897308
YNL087W,YGR241C,1,-0.16935569,0.19642242789268494,0.5698602795600891,0.23364673554897308
YNL172W,YDR436W,0,-0.16942006,0.19635488092899323,0.5698602795600891,0.2337467521429062
YBR068C,YIL126W,0,-0.16942231,0.1962873786687851,0.5698602795600891,0.2338467687368393
YJR134C,YNL327W,0,-0.1694434,0.19621993601322174,0.5698602795600891,0.2339467853307724
YGL077C,YMR077C,0,-0.1695252,0.19615252315998077,0.5698602795600891,0.2340468019247055
YBL030C,YBR281C,0,-0.16964285,0.19608516991138458,0.5698602795600891,0.2341468334197998
YLR045C,YFL039C,0,-0.16969617,0.19601784646511078,0.5698602795600891,0.2342468500137329
YDR524C,YGR144W,0,-0.16971594,0.19595058262348175,0.5698602795600891,0.23434686660766602
YMR241W,YPL274W,0,-0.16974497,0.1958833634853363,0.5698602795600891,0.23444688320159912
YDR148C,YOR132W,1,-0.16976279,0.19615912437438965,0.5708582997322083,0.23444688320159912
YDR457W,YDL138W,0,-0.16987076,0.19609187543392181,0.5708582997322083,0.23454691469669342
YGR257C,YHR105W,0,-0.16991988,0.19602467119693756,0.5708582997322083,0.23464693129062653
YCR012W,YPR052C,0,-0.170092,0.19595752656459808,0.5708582997322083,0.23474694788455963
YOR187W,YOL158C,0,-0.17012875,0.195890411734581,0.5708582997322083,0.23484696447849274
YCR075C,YKL125W,0,-0.17041633,0.19582334160804749,0.5708582997322083,0.23494699597358704
YGL203C,YGR156W,0,-0.17042756,0.19575633108615875,0.5708582997322083,0.23504701256752014
YGL212W,YNL310C,0,-0.17055687,0.1956893652677536,0.5708582997322083,0.23514702916145325
YLR064W,YOR089C,0,-0.17066541,0.19562242925167084,0.5708582997322083,0.23524704575538635
YJL072C,YBR128C,0,-0.17088413,0.19555555284023285,0.5708582997322083,0.23534706234931946
YPR029C,YLR174W,0,-0.1709025,0.19548872113227844,0.5708582997322083,0.23544709384441376
YDR315C,YDR169C,0,-0.17102434,0.19542193412780762,0.5708582997322083,0.23554711043834686
YDR480W,YEL065W,0,-0.17109814,0.19535519182682037,0.5708582997322083,0.23564712703227997
YHR045W,YHR143W,0,-0.17136222,0.1952884942293167,0.5708582997322083,0.23574714362621307
YGL153W,YMR037C,0,-0.17145582,0.19522184133529663,0.5708582997322083,0.23584717512130737
YAL042W,YMR268C,0,-0.17167321,0.19515523314476013,0.5708582997322083,0.23594719171524048
YOR265W,YNL126W,0,-0.17194666,0.19508866965770721,0.5708582997322083,0.23604720830917358
YGR189C,YAL034W-A,0,-0.17208704,0.19502216577529907,0.5708582997322083,0.2361472249031067
YGR263C,YKR061W,0,-0.17218421,0.19495569169521332,0.5708582997322083,0.236247256398201
YBR228W,YOR148C,0,-0.17243703,0.19488926231861115,0.5708582997322083,0.2363472729921341
YLR016C,YMR161W,0,-0.17259753,0.19482289254665375,0.5708582997322083,0.2364472895860672
YJL139C,YGR222W,0,-0.1726156,0.19475655257701874,0.5708582997322083,0.2365473061800003
YJL036W,YGR241C,1,-0.17296888,0.19503062963485718,0.5718562602996826,0.2365473061800003
YOL157C,YML032C,0,-0.1731813,0.19496427476406097,0.5718562602996826,0.2366473227739334
YCR026C,YCR093W,0,-0.17346865,0.19489796459674835,0.5718562602996826,0.2367473542690277
YBL098W,YMR236W,0,-0.1737485,0.19483168423175812,0.5718562602996826,0.23684737086296082
YOR336W,YMR025W,0,-0.17421225,0.19476546347141266,0.5718562602996826,0.23694738745689392
YKR094C,YGL253W,0,-0.17422388,0.19469928741455078,0.5718562602996826,0.23704740405082703
YDL083C,YAL017W,0,-0.17454614,0.19463315606117249,0.5718562602996826,0.23714743554592133
YBL074C,YBR036C,0,-0.17499146,0.19456706941127777,0.5718562602996826,0.23724745213985443
YJL095W,YMR179W,0,-0.17528334,0.19450101256370544,0.5718562602996826,0.23734746873378754
YGL099W,YGR180C,0,-0.17530489,0.1944350153207779,0.5718562602996826,0.23744748532772064
YJR104C,YJL065C,0,-0.1755843,0.19436906278133392,0.5718562602996826,0.23754751682281494
YJR053W,YFL037W,0,-0.17608918,0.19430315494537354,0.5718562602996826,0.23764753341674805
YNL160W,YLL042C,0,-0.17618282,0.19423729181289673,0.5718562602996826,0.23774755001068115
YJL178C,YGR193C,1,-0.17623042,0.1945103406906128,0.5728542804718018,0.23774755001068115
YER141W,YDL040C,0,-0.17674108,0.1944444477558136,0.5728542804718018,0.23784756660461426
YER018C,YOR265W,0,-0.17686418,0.19437859952449799,0.5728542804718018,0.23794758319854736
YGR223C,YJL036W,1,-0.17691183,0.19465132057666779,0.5738523006439209,0.23794758319854736
YLL001W,YOR066W,0,-0.17693734,0.19458544254302979,0.5738523006439209,0.23804761469364166
YPR026W,YPL164C,0,-0.17713568,0.19451962411403656,0.5738523006439209,0.23814763128757477
YBL022C,YKL096W-A,0,-0.17721835,0.19445383548736572,0.5738523006439209,0.23824764788150787
YLR403W,YFL036W,0,-0.17727526,0.19438810646533966,0.5738523006439209,0.23834766447544098
YPL047W,YPL223C,0,-0.17760134,0.194322407245636,0.5738523006439209,0.23844769597053528
YBL067C,YFL044C,0,-0.17782539,0.1942567527294159,0.5738523006439209,0.23854771256446838
YGL136C,YLR446W,0,-0.17787045,0.19419115781784058,0.5738523006439209,0.2386477291584015
YNL087W,YKR003W,1,-0.17794625,0.19446319341659546,0.57485032081604,0.2386477291584015
YMR277W,YHR086W,0,-0.1782541,0.19439756870269775,0.57485032081604,0.2387477457523346
YKR090W,YOR159C,0,-0.17827217,0.19433198869228363,0.57485032081604,0.2388477623462677
YNR035C,YLR265C,0,-0.17835619,0.1942664384841919,0.57485032081604,0.238947793841362
YCR073C,YMR127C,0,-0.1785925,0.19420094788074493,0.57485032081604,0.2390478104352951
YOR297C,YOR043W,0,-0.17878404,0.19413548707962036,0.57485032081604,0.2391478270292282
YOR133W,YML008C,0,-0.17888583,0.19407008588314056,0.57485032081604,0.23924784362316132
YGR278W,YPR066W,0,-0.17909743,0.19400471448898315,0.57485032081604,0.23934787511825562
YDR153C,YBL105C,1,-0.1792034,0.1942760944366455,0.5758482813835144,0.23934787511825562
YNR041C,YJL020C,0,-0.17936847,0.1942107081413269,0.5758482813835144,0.23944789171218872
YDR480W,YJL006C,0,-0.1794256,0.1941453516483307,0.5758482813835144,0.23954790830612183
YPL053C,YOL091W,0,-0.17951848,0.19408005475997925,0.5758482813835144,0.23964792490005493
YMR200W,YGL259W,0,-0.17982377,0.1940147876739502,0.5758482813835144,0.23974795639514923
YJR125C,YAR042W,1,-0.17984976,0.19428572058677673,0.5768463015556335,0.23974795639514923
YER114C,YPL048W,1,-0.1801185,0.19455644488334656,0.5778443217277527,0.23974795639514923
YBL105C,YJR076C,1,-0.18013117,0.19482700526714325,0.5788423418998718,0.23974795639514923
YGL201C,YPR025C,0,-0.1804072,0.19476158916950226,0.5788423418998718,0.23984797298908234
YMR029C,YGR058W,0,-0.18047439,0.19469620287418365,0.5788423418998718,0.23994798958301544
YBL085W,YAR042W,1,-0.18050027,0.19496645033359528,0.5798403024673462,0.23994798958301544
YER154W,YCR088W,0,-0.18062091,0.19490103423595428,0.5798403024673462,0.24004800617694855
YMR301C,YOR159C,0,-0.18062176,0.19483567774295807,0.5798403024673462,0.24014802277088165
YDR058C,YOR008C,0,-0.18072188,0.19477036595344543,0.5798403024673462,0.24024805426597595
YCR023C,YML112W,0,-0.18093236,0.19470509886741638,0.5798403024673462,0.24034807085990906
YBR237W,YAR018C,0,-0.1813194,0.19463986158370972,0.5798403024673462,0.24044808745384216
YGR193C,YGL212W,1,-0.18173468,0.19490957260131836,0.5808383226394653,0.24044808745384216
YNR056C,YHL019C,0,-0.18198052,0.1948443204164505,0.5808383226394653,0.24054810404777527
YDR006C,YKL124W,0,-0.18206841,0.19477911293506622,0.5808383226394653,0.24064813554286957
YBR176W,YNL125C,0,-0.18243791,0.19471395015716553,0.5808383226394653,0.24074815213680267
YDR419W,YGR013W,0,-0.1830647,0.1946488320827484,0.5808383226394653,0.24084816873073578
YBR006W,YLR015W,0,-0.18306638,0.1945837438106537,0.5808383226394653,0.24094818532466888
YIR009W,YGR252W,0,-0.18309471,0.19451871514320374,0.5808383226394653,0.24104821681976318
YGL224C,YBL050W,0,-0.18332428,0.19445373117923737,0.5808383226394653,0.2411482334136963
YHR164C,YJR013W,0,-0.18342797,0.19438877701759338,0.5808383226394653,0.2412482500076294
YMR043W,YBL088C,0,-0.18349563,0.19432386755943298,0.5808383226394653,0.2413482666015625
YPL240C,YPR024W,0,-0.18357852,0.19425901770591736,0.5808383226394653,0.2414482831954956
YLL054C,YAL031C,0,-0.18371415,0.19419419765472412,0.5808383226394653,0.2415483146905899
YLR207W,YBL078C,0,-0.18378097,0.19412942230701447,0.5808383226394653,0.241648331284523
YBR122C,YER111C,0,-0.1840888,0.1940646916627884,0.5808383226394653,0.24174834787845612
YMR044W,YLR016C,0,-0.18414894,0.1940000057220459,0.5808383226394653,0.24184836447238922
YOL068C,YOR257W,0,-0.18420652,0.1939353495836258,0.5808383226394653,0.24194839596748352
YBR030W,YDR479C,0,-0.18450247,0.19387075304985046,0.5808383226394653,0.24204841256141663
YGR218W,YBR024W,0,-0.18484348,0.19380620121955872,0.5808383226394653,0.24214842915534973
YBR257W,YNL030W,0,-0.18493286,0.19374167919158936,0.5808383226394653,0.24224844574928284
YJR015W,YPR079W,0,-0.18525001,0.19367720186710358,0.5808383226394653,0.24234846234321594
YDL045C,YJL143W,0,-0.18525079,0.19361276924610138,0.5808383226394653,0.24244849383831024
YNL047C,YHR161C,1,-0.1853341,0.19388094544410706,0.5818363428115845,0.24244849383831024
YMR257C,YEL002C,0,-0.1854338,0.19381648302078247,0.5818363428115845,0.24254851043224335
YJL178C,YER114C,1,-0.18549758,0.19408442080020905,0.5828343033790588,0.24254851043224335
YMR022W,YMR030W,0,-0.18577106,0.19401992857456207,0.5828343033790588,0.24264852702617645
YEL031W,YLR106C,0,-0.18578118,0.19395549595355988,0.5828343033790588,0.24274854362010956
YMR006C,YGL004C,0,-0.1863548,0.19389110803604126,0.5828343033790588,0.24284857511520386
YDR507C,YGL113W,0,-0.18662252,0.19382674992084503,0.5828343033790588,0.24294859170913696
YKL095W,YPL150W,0,-0.18663257,0.19376243650913239,0.5828343033790588,0.24304860830307007
YDR315C,YER088C,0,-0.18670335,0.19369818270206451,0.5828343033790588,0.24314862489700317
YML030W,YDR003W,0,-0.18675144,0.19363395869731903,0.5828343033790588,0.24324865639209747
YLR153C,YPR061C,0,-0.18677355,0.19356976449489594,0.5828343033790588,0.24334867298603058
YBL022C,YLR226W,0,-0.18690293,0.19350562989711761,0.5828343033790588,0.24344868957996368
YGL040C,YDR238C,0,-0.18692513,0.19344154000282288,0.5828343033790588,0.2435487061738968
YGL251C,YDR436W,0,-0.18696494,0.19337747991085052,0.5828343033790588,0.2436487227678299
YBR087W,YML012W,0,-0.18716392,0.19331347942352295,0.5828343033790588,0.2437487542629242
YER112W,YMR244C-A,0,-0.18753946,0.19324950873851776,0.5828343033790588,0.2438487708568573
YPR097W,YLR371W,1,-0.18764213,0.19351637363433838,0.583832323551178,0.2438487708568573
YOL019W,YGR090W,0,-0.18777509,0.193452388048172,0.583832323551178,0.2439487874507904
YMR004W,YPR097W,1,-0.1878302,0.1937190145254135,0.5848303437232971,0.2439487874507904
YHR084W,YKR065C,0,-0.18783502,0.19365498423576355,0.5848303437232971,0.2440488040447235
YLL039C,YMR005W,0,-0.18783608,0.19359101355075836,0.5848303437232971,0.2441488355398178
YJL172W,YPR101W,0,-0.1878771,0.19352708756923676,0.5848303437232971,0.24424885213375092
YNL224C,YGR144W,0,-0.18812603,0.19346319139003754,0.5848303437232971,0.24434886872768402
YEL037C,YLR110C,0,-0.18819843,0.1933993399143219,0.5848303437232971,0.24444888532161713
YGR215W,YMR008C,0,-0.18822272,0.19333553314208984,0.5848303437232971,0.24454891681671143
YPR098C,YGR116W,0,-0.18827228,0.19327177107334137,0.5848303437232971,0.24464893341064453
YOR299W,YCR053W,0,-0.18827367,0.19320803880691528,0.5848303437232971,0.24474895000457764
YGR218W,YNL083W,0,-0.18828571,0.19314436614513397,0.5848303437232971,0.24484896659851074
YOR201C,YHR013C,0,-0.18852328,0.19308072328567505,0.5848303437232971,0.24494898319244385
YDL097C,YHL016C,0,-0.18861946,0.1930171251296997,0.5848303437232971,0.24504901468753815
YLR066W,YDR382W,0,-0.18875526,0.19295357167720795,0.5848303437232971,0.24514903128147125
YJR130C,YNL316C,0,-0.18885124,0.19289006292819977,0.5848303437232971,0.24524904787540436
YKL095W,YLR369W,0,-0.18898591,0.19282658398151398,0.5848303437232971,0.24534906446933746
YEL046C,YDR337W,0,-0.18902603,0.19276316463947296,0.5848303437232971,0.24544909596443176
YDL019C,YHR001W,1,-0.18909253,0.19302861392498016,0.5858283638954163,0.24544909596443176
YNL162W,YER169W,0,-0.18934168,0.19296514987945557,0.5858283638954163,0.24554911255836487
YDL103C,YHR183W,0,-0.18943365,0.19290174543857574,0.5858283638954163,0.24564912915229797
YLR298C,YOR201C,0,-0.18956773,0.1928383708000183,0.5858283638954163,0.24574914574623108
YDR347W,YNL322C,0,-0.18978384,0.19277504086494446,0.5858283638954163,0.24584917724132538
YPL155C,YNR060W,0,-0.18979937,0.1927117556333542,0.5858283638954163,0.24594919383525848
YNL102W,YPL181W,0,-0.18982714,0.1926485002040863,0.5858283638954163,0.2460492104291916
YDR323C,YJR076C,1,-0.18985951,0.19291338324546814,0.5868263244628906,0.2460492104291916
YLR386W,YDR527W,0,-0.18988101,0.19285011291503906,0.5868263244628906,0.2461492270231247
YEL020C,YDR389W,0,-0.18988197,0.19278688728809357,0.5868263244628906,0.2462492436170578
YOL119C,YBL061C,0,-0.18990514,0.19272369146347046,0.5868263244628906,0.2463492751121521
YDL202W,YBR127C,0,-0.19005673,0.19266055524349213,0.5868263244628906,0.2464492917060852
YNL071W,YPR097W,1,-0.19010264,0.19292499125003815,0.5878243446350098,0.2464492917060852
YPL202C,YCL024W,0,-0.19018537,0.19286182522773743,0.5878243446350098,0.2465493083000183
YMR211W,YPR004C,0,-0.19026357,0.1927986890077591,0.5878243446350098,0.24664932489395142
YGL038C,YDR147W,0,-0.19027852,0.19273559749126434,0.5878243446350098,0.24674935638904572
YGL130W,YHR166C,0,-0.19096127,0.19267255067825317,0.5878243446350098,0.24684937298297882
YDL191W,YER020W,0,-0.19101863,0.19260954856872559,0.5878243446350098,0.24694938957691193
YNL252C,YER087C-A,0,-0.1910813,0.19254659116268158,0.5878243446350098,0.24704940617084503
YPL259C,YKR054C,0,-0.19111829,0.19248366355895996,0.5878243446350098,0.24714942276477814
YBR167C,YIL051C,0,-0.19112796,0.19242078065872192,0.5878243446350098,0.24724945425987244
YKL198C,YPL060W,0,-0.19121611,0.19235794246196747,0.5878243446350098,0.24734947085380554
YDR266C,YDR182W,0,-0.19190127,0.1922951340675354,0.5878243446350098,0.24744948744773865
YAL044C,YOR086C,1,-0.19197454,0.19255875051021576,0.5888223648071289,0.24744948744773865
YDR006C,YKL205W,0,-0.19226594,0.1924959272146225,0.5888223648071289,0.24754950404167175
YCL008C,YFL013C,0,-0.19230686,0.19243313372135162,0.5888223648071289,0.24764953553676605
YGL011C,YPL237W,0,-0.19234988,0.19237039983272552,0.5888223648071289,0.24774955213069916
YML116W,YKL096W,0,-0.19253692,0.19230769574642181,0.5888223648071289,0.24784956872463226
YMR289W,YPR011C,0,-0.1926657,0.19224503636360168,0.5888223648071289,0.24794958531856537
YKL027W,YHR132C,0,-0.19290364,0.19218240678310394,0.5888223648071289,0.24804961681365967
YAL044C,YKR003W,1,-0.19325581,0.19244545698165894,0.589820384979248,0.24804961681365967
YBR183W,YPL016W,0,-0.19340304,0.1923828125,0.589820384979248,0.24814963340759277
YMR308C,YHR027C,0,-0.19355504,0.19232021272182465,0.589820384979248,0.24824965000152588
YNL047C,YNR006W,1,-0.19366136,0.19258294999599457,0.5908183455467224,0.24824965000152588
YJL178C,YJL085W,1,-0.19399129,0.19284552335739136,0.5918163657188416,0.24824965000152588
YNL128W,YGR220C,0,-0.19405505,0.19278283417224884,0.5918163657188416,0.24834966659545898
YOR221C,YBL055C,0,-0.19406767,0.1927201747894287,0.5918163657188416,0.2484496831893921
YNL050C,YER046W,0,-0.19407195,0.19265757501125336,0.5918163657188416,0.2485497146844864
YNL158W,YCL011C,0,-0.19420846,0.1925950050354004,0.5918163657188416,0.2486497312784195
YHR117W,YKL182W,0,-0.194337,0.1925324648618698,0.5918163657188416,0.2487497478723526
YJL112W,YHR200W,0,-0.19471116,0.192469984292984,0.5918163657188416,0.2488497644662857
YPR204W,YML054C,0,-0.19489236,0.1924075335264206,0.5918163657188416,0.24894979596138
YMR160W,YDR523C,0,-0.19510487,0.19234511256217957,0.5918163657188416,0.2490498125553131
YGR184C,YMR013C,0,-0.19515675,0.1922827512025833,0.5918163657188416,0.24914982914924622
YIR003W,YCR037C,0,-0.19523555,0.19222041964530945,0.5918163657188416,0.24924984574317932
YAL042W,YAL016W,0,-0.19523774,0.19215813279151917,0.5918163657188416,0.24934987723827362
YLL041C,YPL008W,0,-0.1958208,0.19209589064121246,0.5918163657188416,0.24944989383220673
YDR373W,YOR386W,0,-0.19584383,0.19203367829322815,0.5918163657188416,0.24954991042613983
YMR223W,YAL060W,0,-0.19585608,0.19197151064872742,0.5918163657188416,0.24964992702007294
YDL108W,YKL163W,0,-0.19607268,0.19190938770771027,0.5918163657188416,0.24974994361400604
YPL271W,YLR132C,0,-0.19609353,0.1918472945690155,0.5918163657188416,0.24984997510910034
YPR073C,YNL058C,0,-0.19628829,0.19178524613380432,0.5918163657188416,0.24994999170303345
YPL246C,YLL055W,0,-0.19630897,0.19172324240207672,0.5918163657188416,0.25005000829696655
YDR309C,YDL161W,1,-0.19631124,0.19198448956012726,0.5928143858909607,0.25005000829696655
YMR068W,YJL213W,0,-0.19633725,0.19192245602607727,0.5928143858909607,0.25015002489089966
YML104C,YKR003W,1,-0.1963658,0.1921834647655487,0.5938123464584351,0.25015002489089966
YNL257C,YIL168W,0,-0.19642037,0.19212140142917633,0.5938123464584351,0.25025004148483276
YGR184C,YGR014W,0,-0.1964348,0.19205939769744873,0.5938123464584351,0.25035005807876587
YDR309C,YNL047C,1,-0.19652762,0.1923201084136963,0.5948103666305542,0.25035005807876587
YDR252W,YPL162C,0,-0.19710809,0.1922580599784851,0.5948103666305542,0.25045010447502136
YIL070C,YOR324C,0,-0.1975272,0.1921960711479187,0.5948103666305542,0.25055012106895447
YDR392W,YGL125W,0,-0.19761756,0.19213411211967468,0.5948103666305542,0.2506501376628876
YBR274W,YBR020W,0,-0.19762886,0.19207218289375305,0.5948103666305542,0.2507501542568207
YDL178W,YNL128W,0,-0.19773406,0.1920103132724762,0.5948103666305542,0.2508501708507538
YJR152W,YFL036W,0,-0.19773494,0.19194847345352173,0.5948103666305542,0.2509501874446869
YML051W,YEL031W,0,-0.19792373,0.19188667833805084,0.5948103666305542,0.25105020403862
YMR019W,YOR231W,0,-0.19810311,0.19182491302490234,0.5948103666305542,0.2511502206325531
YJR135W-A,YFR046C,0,-0.19812864,0.19176319241523743,0.5948103666305542,0.2512502372264862
YDR481C,YLR383W,0,-0.19861877,0.1917015165090561,0.5948103666305542,0.2513502836227417
YLR332W,YML110C,0,-0.1991176,0.19163987040519714,0.5948103666305542,0.2514503002166748
YPR102C,YER090W,0,-0.19944315,0.19157826900482178,0.5948103666305542,0.2515503168106079
YGL099W,YDL142C,0,-0.1995301,0.19151671230793,0.5948103666305542,0.251650333404541
YGR037C,YGL014W,0,-0.19964674,0.1914551854133606,0.5948103666305542,0.2517503499984741
YLR364W,YLR268W,0,-0.19965002,0.19139370322227478,0.5948103666305542,0.2518503665924072
YDR309C,YOR357C,1,-0.19988702,0.1916532963514328,0.5958083868026733,0.2518503665924072
YOL097C,YNR069C,0,-0.1999241,0.1915917843580246,0.5958083868026733,0.25195038318634033
YOL082W,YHR065C,0,-0.20007442,0.19153031706809998,0.5958083868026733,0.25205039978027344
YDL065C,YMR291W,0,-0.20019443,0.19146889448165894,0.5958083868026733,0.25215041637420654
YNL052W,YOR228C,0,-0.2003406,0.19140750169754028,0.5958083868026733,0.25225046277046204
YML051W,YGR062C,0,-0.20074135,0.1913461536169052,0.5958083868026733,0.25235047936439514
YOR044W,YGR163W,0,-0.2009314,0.19128485023975372,0.5958083868026733,0.25245049595832825
YOL008W,YJL112W,0,-0.20107043,0.19122357666492462,0.5958083868026733,0.25255051255226135
YKL189W,YKL096W,0,-0.20155878,0.1911623477935791,0.5958083868026733,0.25265052914619446
YLR297W,YGR246C,0,-0.20158172,0.19110114872455597,0.5958083868026733,0.25275054574012756
YPL123C,YPL270W,0,-0.20192394,0.19103999435901642,0.5958083868026733,0.25285056233406067
YPR041W,YGL209W,0,-0.20222932,0.19097888469696045,0.5958083868026733,0.2529505789279938
YGL011C,YDL002C,0,-0.20236334,0.19091781973838806,0.5958083868026733,0.2530505955219269
YKR035W-A,YLL023C,0,-0.20245427,0.19085678458213806,0.5958083868026733,0.2531506419181824
YGR179C,YKR071C,0,-0.20256957,0.19079577922821045,0.5958083868026733,0.2532506585121155
YOL021C,YGR028W,0,-0.20294905,0.19073481857776642,0.5958083868026733,0.2533506751060486
YNL116W,YHR119W,0,-0.20300238,0.19067390263080597,0.5958083868026733,0.2534506916999817
YGR295C,YML124C,0,-0.20309992,0.1906130313873291,0.5958083868026733,0.2535507082939148
YBL103C,YOR069W,0,-0.2031214,0.19055218994617462,0.5958083868026733,0.2536507248878479
YJR013W,YKL004W,0,-0.20314427,0.19049137830734253,0.5958083868026733,0.253750741481781
YDR229W,YFR021W,1,-0.20326507,0.19074960052967072,0.5968064069747925,0.253750741481781
YKR078W,YHR073W,1,-0.20331134,0.19100765883922577,0.5978043675422668,0.253750741481781
YFR055W,YDR334W,0,-0.20364004,0.1909467577934265,0.5978043675422668,0.2538507580757141
YJL042W,YNL264C,0,-0.20408928,0.19088591635227203,0.5978043675422668,0.2539508044719696
YLR289W,YDR356W,0,-0.20411293,0.19082510471343994,0.5978043675422668,0.2540508210659027
YBR222C,YNL035C,0,-0.20418745,0.19076433777809143,0.5978043675422668,0.2541508376598358
YDR247W,YOR138C,0,-0.20445189,0.1907036006450653,0.5978043675422668,0.2542508542537689
YDL143W,YNL003C,0,-0.20468457,0.19064290821552277,0.5978043675422668,0.254350870847702
YDR296W,YML094W,0,-0.20469017,0.1905822455883026,0.5978043675422668,0.25445088744163513
YNL096C,YOR362C,0,-0.20483963,0.19052162766456604,0.5978043675422668,0.25455090403556824
YGL022W,YPL252C,0,-0.20488651,0.19046105444431305,0.5978043675422668,0.25465092062950134
YMR235C,YIL162W,0,-0.204948,0.19040051102638245,0.5978043675422668,0.25475093722343445
YBR014C,YGR275W,0,-0.20496586,0.19034001231193542,0.5978043675422668,0.25485098361968994
YNL052W,YJL036W,0,-0.20504436,0.1902795433998108,0.5978043675422668,0.25495100021362305
YML074C,YLR133W,0,-0.20514092,0.19021911919116974,0.5978043675422668,0.25505101680755615
YAR003W,YKL117W,0,-0.20519513,0.19015872478485107,0.5978043675422668,0.25515103340148926
YEL037C,YOR124C,0,-0.20547996,0.190098375082016,0.5978043675422668,0.25525104999542236
YDL005C,YNL272C,0,-0.2055772,0.1900380700826645,0.5978043675422668,0.25535106658935547
YMR044W,YCR092C,0,-0.20564874,0.18997779488563538,0.5978043675422668,0.2554510831832886
YPR080W,YDR270W,0,-0.20569173,0.18991756439208984,0.5978043675422668,0.2555510997772217
YMR188C,YAR019C,0,-0.20572135,0.1898573637008667,0.5978043675422668,0.2556511163711548
YIL035C,YDR270W,0,-0.20574751,0.18979720771312714,0.5978043675422668,0.2557511627674103
YOR179C,YNL177C,0,-0.20582718,0.18973709642887115,0.5978043675422668,0.2558511793613434
YKL206C,YHR115C,0,-0.20609847,0.18967701494693756,0.5978043675422668,0.2559511959552765
YJR161C,YOL066C,0,-0.2061609,0.18961696326732635,0.5978043675422668,0.2560512125492096
YER030W,YBR160W,0,-0.20634966,0.18955695629119873,0.5978043675422668,0.2561512291431427
YNR032W,YMR024W,0,-0.20636159,0.1894969940185547,0.5978043675422668,0.2562512457370758
YLR283W,YOR039W,0,-0.20664446,0.18943706154823303,0.5978043675422668,0.2563512623310089
YHR117W,YDR120C,0,-0.20683333,0.18937717378139496,0.5978043675422668,0.256451278924942
YDR229W,YLR224W,0,-0.20713742,0.18931731581687927,0.5978043675422668,0.2565512955188751
YOR115C,YAR015W,0,-0.20731232,0.18925750255584717,0.5978043675422668,0.2566513419151306
YDL198C,YDL002C,0,-0.20741695,0.18919771909713745,0.5978043675422668,0.2567513585090637
YNR032W,YOR057W,0,-0.2074937,0.18913798034191132,0.5978043675422668,0.2568513751029968
YLR086W,YJL081C,0,-0.20756379,0.18907828629016876,0.5978043675422668,0.25695139169692993
YHR207C,YGL250W,0,-0.20766112,0.1890186220407486,0.5978043675422668,0.25705140829086304
YPR127W,YIL006W,0,-0.2078298,0.18895898759365082,0.5978043675422668,0.25715142488479614
YML104C,YPL100W,1,-0.2081047,0.1892147660255432,0.598802387714386,0.25715142488479614
YPL122C,YJR005W,0,-0.20821512,0.18915510177612305,0.598802387714386,0.25725144147872925
YDL070W,YMR071C,0,-0.20835125,0.18909549713134766,0.598802387714386,0.25735145807266235
YNL212W,YLL011W,0,-0.20900577,0.18903592228889465,0.598802387714386,0.25745150446891785
YNL326C,YML097C,0,-0.20924285,0.18897637724876404,0.598802387714386,0.25755152106285095
YBR006W,YDR501W,0,-0.20953667,0.188916876912117,0.598802387714386,0.25765153765678406
YHL034C,YBR018C,0,-0.20956045,0.18885740637779236,0.598802387714386,0.25775155425071716
YCR079W,YDR113C,0,-0.2097692,0.1887979805469513,0.598802387714386,0.25785157084465027
YJL104W,YOR354C,0,-0.21048293,0.1887385994195938,0.598802387714386,0.2579515874385834
YDR169C,YLL055W,0,-0.2105566,0.18867924809455872,0.598802387714386,0.2580516040325165
YDR058C,YER184C,0,-0.21060309,0.188619926571846,0.598802387714386,0.2581516206264496
YOR037W,YKL049C,0,-0.21062711,0.18856064975261688,0.598802387714386,0.2582516372203827
YJR119C,YML063W,0,-0.21099977,0.18850141763687134,0.598802387714386,0.2583516836166382
YER115C,YDR218C,0,-0.2113975,0.18844221532344818,0.598802387714386,0.2584517002105713
YER114C,YLR314C,1,-0.21187495,0.18869701027870178,0.5998004078865051,0.2584517002105713
YDR162C,YNL052W,0,-0.21211502,0.18863779306411743,0.5998004078865051,0.2585517168045044
YBR290W,YGL001C,0,-0.21222775,0.18857860565185547,0.5998004078865051,0.2586517333984375
YLR142W,YGL134W,0,-0.21224405,0.1885194480419159,0.5998004078865051,0.2587517499923706
YBL105C,YGL212W,1,-0.21235743,0.18877391517162323,0.6007984280586243,0.2587517499923706
YGR059W,YPL053C,0,-0.21253873,0.18871472775936127,0.6007984280586243,0.2588517665863037
YPR140W,YDL126C,0,-0.21262811,0.18865559995174408,0.6007984280586243,0.2589517831802368
YNL299W,YKR061W,0,-0.2131869,0.18859648704528809,0.6007984280586243,0.2590517997741699
YLR368W,YGR052W,0,-0.21329989,0.18853741884231567,0.6007984280586243,0.259151816368103
YOL038W,YER133W,0,-0.21358234,0.18847839534282684,0.6007984280586243,0.2592518627643585
YER087W,YGL086W,0,-0.21384332,0.1884194016456604,0.6007984280586243,0.2593518793582916
YLL022C,YJL134W,0,-0.21402293,0.18836045265197754,0.6007984280586243,0.25945189595222473
YLR071C,YKL022C,0,-0.21417166,0.18830153346061707,0.6007984280586243,0.25955191254615784
YOR239W,YGL236C,0,-0.2143596,0.18824265897274017,0.6007984280586243,0.25965192914009094
YBR020W,YLL040C,0,-0.21439922,0.18818381428718567,0.6007984280586243,0.25975194573402405
YDL168W,YBR096W,0,-0.21443748,0.18812499940395355,0.6007984280586243,0.25985196232795715
YDR313C,YDR032C,0,-0.21466957,0.18806622922420502,0.6007984280586243,0.25995197892189026
YPR005C,YFL014W,0,-0.214807,0.18800748884677887,0.6007984280586243,0.26005199551582336
YAL014C,YHR152W,0,-0.21505243,0.1879487931728363,0.6007984280586243,0.26015204191207886
YNL281W,YHR187W,0,-0.21539944,0.18789014220237732,0.6007984280586243,0.26025205850601196
YBR293W,YBL027W,0,-0.2154243,0.18783150613307953,0.6007984280586243,0.26035207509994507
YOR307C,YNL335W,0,-0.21555981,0.1877729296684265,0.6007984280586243,0.2604520916938782
YLR174W,YGL256W,0,-0.21565552,0.1877143681049347,0.6007984280586243,0.2605521082878113
YGR067C,YDR017C,0,-0.2160091,0.18765586614608765,0.6007984280586243,0.2606521248817444
YBR289W,YLR105C,0,-0.21606691,0.1875973790884018,0.6007984280586243,0.2607521414756775
YDL029W,YDR510W,0,-0.21611528,0.18753893673419952,0.6007984280586243,0.2608521580696106
YGL089C,YDR270W,0,-0.21614914,0.18748053908348083,0.6007984280586243,0.2609522044658661
YIL114C,YJL165C,0,-0.21635313,0.18742217123508453,0.6007984280586243,0.2610522210597992
YLR433C,YMR288W,0,-0.2164072,0.18736383318901062,0.6007984280586243,0.2611522376537323
YFL022C,YPL110C,0,-0.21658586,0.1873055398464203,0.6007984280586243,0.2612522542476654
YDL155W,YER021W,0,-0.21674623,0.18724727630615234,0.6007984280586243,0.2613522708415985
YPL092W,YDR316W,0,-0.21704103,0.18718905746936798,0.6007984280586243,0.2614522874355316
YPL155C,YNL005C,0,-0.2173341,0.187130868434906,0.6007984280586243,0.2615523040294647
YML072C,YKL188C,0,-0.21734668,0.18707270920276642,0.6007984280586243,0.2616523206233978
YOR039W,YOR038C,0,-0.21784417,0.1870145946741104,0.6007984280586243,0.26175233721733093
YJR009C,YDR408C,0,-0.21786465,0.186956524848938,0.6007984280586243,0.2618523836135864
YDL200C,YHR079C,0,-0.21830206,0.18689848482608795,0.6007984280586243,0.26195240020751953
YDL095W,YER049W,0,-0.21831511,0.1868404746055603,0.6007984280586243,0.26205241680145264
YMR307W,YPL084W,0,-0.21863227,0.18678249418735504,0.6007984280586243,0.26215243339538574
YDL079C,YNL012W,0,-0.21866734,0.18672455847263336,0.6007984280586243,0.26225244998931885
YOR162C,YBR087W,0,-0.21887976,0.18666666746139526,0.6007984280586243,0.26235246658325195
YOR005C,YJL091C,0,-0.21892273,0.18660880625247955,0.6007984280586243,0.26245248317718506
YLR106C,YNL339C,0,-0.21896334,0.18655097484588623,0.6007984280586243,0.26255249977111816
YDR090C,YOR122C,0,-0.21908198,0.1864931881427765,0.6007984280586243,0.26265251636505127
YJL091C,YGR256W,0,-0.21908861,0.18643543124198914,0.6007984280586243,0.26275256276130676
YOR237W,YLR314C,1,-0.21911587,0.18668730556964874,0.6017963886260986,0.26275256276130676
YBL022C,YIR011C,0,-0.21914385,0.1866295337677002,0.6017963886260986,0.26285257935523987
YMR218C,YHR109W,0,-0.21969761,0.18657177686691284,0.6017963886260986,0.262952595949173
YOR389W,YPR184W,0,-0.22021289,0.18651407957077026,0.6017963886260986,0.2630526125431061
YGL128C,YLR228C,0,-0.22030646,0.18645639717578888,0.6017963886260986,0.2631526291370392
YML088W,YLR116W,0,-0.22079413,0.18639875948429108,0.6017963886260986,0.2632526457309723
YDL044C,YJL106W,0,-0.22087361,0.18634116649627686,0.6017963886260986,0.2633526623249054
YDL113C,YFR019W,1,-0.2209229,0.18659251928329468,0.6027944087982178,0.2633526623249054
YIR011C,YFL039C,0,-0.22133432,0.18653489649295807,0.6027944087982178,0.2634526789188385
YJL164C,YPR036W,0,-0.22140141,0.18647730350494385,0.6027944087982178,0.263552725315094
YJL210W,YIL111W,0,-0.2214152,0.1864197552204132,0.6027944087982178,0.2636527419090271
YGL227W,YGR118W,0,-0.22161311,0.18636223673820496,0.6027944087982178,0.2637527585029602
YBL041W,YBR200W,0,-0.22167823,0.1863047480583191,0.6027944087982178,0.2638527750968933
YPR021C,YOR229W,0,-0.2218682,0.1862473040819168,0.6027944087982178,0.2639527916908264
YGR033C,YDR231C,0,-0.2220871,0.18618988990783691,0.6027944087982178,0.2640528082847595
YDL099W,YLL052C,0,-0.22209181,0.1861325055360794,0.6027944087982178,0.2641528248786926
YDR001C,YOR284W,0,-0.22213195,0.18607516586780548,0.6027944087982178,0.26425284147262573
YPR004C,YML008C,0,-0.22250356,0.18601785600185394,0.6027944087982178,0.26435285806655884
YBL085W,YBR199W,0,-0.22256254,0.185960590839386,0.6027944087982178,0.26445290446281433
YDR148C,YPL100W,1,-0.222638,0.18621113896369934,0.6037924289703369,0.26445290446281433
YHR101C,YKR080W,0,-0.22310443,0.186153843998909,0.6037924289703369,0.26455292105674744
YDL019C,YFR019W,1,-0.22379057,0.18640418350696564,0.6047903895378113,0.26455292105674744
YNL071W,YGL212W,1,-0.22392134,0.18665435910224915,0.6057884097099304,0.26455292105674744
YOR270C,YDR496C,0,-0.2245006,0.18659698963165283,0.6057884097099304,0.26465293765068054
YML054C,YLR040C,0,-0.22482869,0.1865396499633789,0.6057884097099304,0.26475295424461365
YPL157W,YGL051W,0,-0.22490986,0.18648234009742737,0.6057884097099304,0.26485297083854675
YDR196C,YNL309W,0,-0.22494186,0.18642506003379822,0.6057884097099304,0.26495298743247986
YJL085W,YDR103W,1,-0.22501327,0.18667484819889069,0.6067864298820496,0.26495298743247986
YMR221C,YBR221C,0,-0.22534841,0.18661755323410034,0.6067864298820496,0.26505300402641296
YLR418C,YCL033C,0,-0.22579277,0.18656028807163239,0.6067864298820496,0.26515302062034607
YBR040W,YHR036W,0,-0.22600573,0.186503067612648,0.6067864298820496,0.2652530372142792
YLR276C,YBR229C,0,-0.22615857,0.18644587695598602,0.6067864298820496,0.26535308361053467
YER138C,YPL246C,0,-0.2261851,0.18638871610164642,0.6067864298820496,0.2654531002044678
YMR152W,YMR038C,0,-0.22683012,0.1863315999507904,0.6067864298820496,0.2655531167984009
YPL134C,YER017C,0,-0.22735296,0.18627451360225677,0.6067864298820496,0.265653133392334
YDR059C,YIL111W,0,-0.22738545,0.18621745705604553,0.6067864298820496,0.2657531499862671
YLR130C,YOR075W,0,-0.22756718,0.18616044521331787,0.6067864298820496,0.2658531665802002
YDR451C,YPL045W,0,-0.2276427,0.1861034631729126,0.6067864298820496,0.2659531831741333
YFR052W,YOL026C,0,-0.22772494,0.1860465109348297,0.6067864298820496,0.2660531997680664
YMR218C,YNL015W,0,-0.22776534,0.1859896034002304,0.6067864298820496,0.2661532163619995
YDR162C,YFR044C,0,-0.22781824,0.1859327256679535,0.6067864298820496,0.266253262758255
YKL011C,YDR405W,0,-0.22782129,0.18587587773799896,0.6067864298820496,0.2663532793521881
YBR077C,YEL054C,0,-0.22820859,0.18581907451152802,0.6067864298820496,0.2664532959461212
YER013W,YAR015W,0,-0.22831753,0.18576230108737946,0.6067864298820496,0.2665533125400543
YER026C,YGR238C,0,-0.22858654,0.18570555746555328,0.6067864298820496,0.2666533291339874
YGL234W,YFL039C,0,-0.2286136,0.1856488585472107,0.6067864298820496,0.26675334572792053
YKL001C,YLR404W,0,-0.22877721,0.1855921894311905,0.6067864298820496,0.26685336232185364
YPL227C,YLL036C,0,-0.22882359,0.18553555011749268,0.6067864298820496,0.26695337891578674
YGL161C,YHR030C,0,-0.22913861,0.18547895550727844,0.6067864298820496,0.26705342531204224
YKR087C,YLR383W,0,-0.22921869,0.1854223906993866,0.6067864298820496,0.26715344190597534
YHR086W,YBR058C,0,-0.22930458,0.18536585569381714,0.6067864298820496,0.26725345849990845
YJR078W,YLR274W,0,-0.22935914,0.18530935049057007,0.6067864298820496,0.26735347509384155
YHR140W,YLR183C,0,-0.22948764,0.18525288999080658,0.6067864298820496,0.26745349168777466
YPL148C,YOL038W,0,-0.2299251,0.18519645929336548,0.6067864298820496,0.26755350828170776
YIL136W,YJR028W,0,-0.22992839,0.18514007329940796,0.6067864298820496,0.26765352487564087
YJR005W,YDL077C,0,-0.23009613,0.18508371710777283,0.6067864298820496,0.267753541469574
YDR309C,YMR004W,1,-0.2302288,0.18533171713352203,0.6077844500541687,0.267753541469574
YMR164C,YNL185C,0,-0.23063359,0.18527533113956451,0.6077844500541687,0.2678535580635071
YER112W,YHR063C,0,-0.23065801,0.18521897494792938,0.6077844500541687,0.2679536044597626
YGR281W,YDR403W,0,-0.23088616,0.18516266345977783,0.6077844500541687,0.2680536210536957
YLR386W,YLR298C,0,-0.23098166,0.18510638177394867,0.6077844500541687,0.2681536376476288
YHR104W,YGR275W,0,-0.23119494,0.1850501298904419,0.6077844500541687,0.2682536542415619
YPL048W,YPL100W,1,-0.23121385,0.18529769778251648,0.6087824106216431,0.2682536542415619
YMR043W,YOR194C,0,-0.23139177,0.18524141609668732,0.6087824106216431,0.268353670835495
YOR337W,YDR022C,0,-0.23141545,0.18518517911434174,0.6087824106216431,0.2684536874294281
YFL033C,YDL054C,0,-0.23153558,0.18512898683547974,0.6087824106216431,0.2685537040233612
YJL187C,YBR040W,0,-0.23157866,0.18507280945777893,0.6087824106216431,0.2686537206172943
YNR049C,YER044C,0,-0.23169726,0.1850166767835617,0.6087824106216431,0.2687537372112274
YJL149W,YPR033C,0,-0.2317171,0.18496058881282806,0.6087824106216431,0.2688537836074829
YOR069W,YML072C,1,-0.23175324,0.18520763516426086,0.6097804307937622,0.2688537836074829
YOR381W,YIL114C,0,-0.23178245,0.18515151739120483,0.6097804307937622,0.268953800201416
YER094C,YBL079W,0,-0.23217034,0.1850954294204712,0.6097804307937622,0.2690538167953491
YDR291W,YIL168W,0,-0.23229004,0.18503937125205994,0.6097804307937622,0.2691538333892822
YJL074C,YJR113C,0,-0.23229565,0.18498334288597107,0.6097804307937622,0.26925384998321533
YER058W,YGL141W,0,-0.23244794,0.18492735922336578,0.6097804307937622,0.26935386657714844
YKR046C,YDL128W,0,-0.23253135,0.18487140536308289,0.6097804307937622,0.26945388317108154
YML019W,YNL005C,0,-0.23256028,0.18481548130512238,0.6097804307937622,0.26955389976501465
YJR161C,YDR069C,0,-0.23257178,0.18475960195064545,0.6097804307937622,0.26965391635894775
YLR467W,YKL174C,0,-0.23277542,0.1847037523984909,0.6097804307937622,0.26975396275520325
YLR306W,YDL120W,0,-0.23303287,0.18464793264865875,0.6097804307937622,0.26985397934913635
YOL120C,YLR378C,0,-0.23309296,0.184592142701149,0.6097804307937622,0.26995399594306946
YOR284W,YCL027W,0,-0.23333316,0.1845363974571228,0.6097804307937622,0.27005401253700256
YOL003C,YBR070C,0,-0.23344128,0.184480682015419,0.6097804307937622,0.27015402913093567
YNL316C,YHR044C,0,-0.23345377,0.1844249963760376,0.6097804307937622,0.2702540457248688
YLR431C,YPR033C,0,-0.23385444,0.18436934053897858,0.6097804307937622,0.2703540623188019
YLR289W,YEL062W,0,-0.23385884,0.18431372940540314,0.6097804307937622,0.270454078912735
YFR021W,YPL145C,1,-0.23418693,0.18455971777439117,0.6107784509658813,0.270454078912735
YML132W,YMR285C,0,-0.23427169,0.18450407683849335,0.6107784509658813,0.2705541253089905
YBL075C,YIL129C,0,-0.2343731,0.1844484657049179,0.6107784509658813,0.2706541419029236
YMR264W,YLR285W,0,-0.23449409,0.18439288437366486,0.6107784509658813,0.2707541584968567
YHR029C,YLR103C,0,-0.23454519,0.18433734774589539,0.6107784509658813,0.2708541750907898
YDR331W,YDR443C,0,-0.23456849,0.1842818409204483,0.6107784509658813,0.2709541916847229
YGR087C,YMR309C,0,-0.23465614,0.1842263638973236,0.6107784509658813,0.271054208278656
YMR065W,YNL158W,0,-0.23473945,0.1841709315776825,0.6107784509658813,0.2711542248725891
YHR135C,YJL034W,0,-0.23475438,0.18411552906036377,0.6107784509658813,0.2712542414665222
YMR067C,YEL012W,0,-0.2352811,0.18406015634536743,0.6107784509658813,0.2713542580604553
YOL049W,YCL027W,0,-0.23528269,0.18400481343269348,0.6107784509658813,0.2714543044567108
YBR204C,YBR018C,0,-0.2354794,0.18394950032234192,0.6107784509658813,0.2715543210506439
YDR153C,YPL048W,1,-0.23552452,0.18419471383094788,0.6117764711380005,0.2715543210506439
YDR205W,YDL236W,0,-0.2355474,0.18413938581943512,0.6117764711380005,0.271654337644577
YPL002C,YJL172W,0,-0.23560987,0.18408408761024475,0.6117764711380005,0.27175435423851013
YER073W,YGL065C,0,-0.23612031,0.18402881920337677,0.6117764711380005,0.27185437083244324
YDR214W,YKL124W,0,-0.23613949,0.18397359549999237,0.6117764711380005,0.27195438742637634
YBR261C,YOL158C,0,-0.23629573,0.18391838669776917,0.6117764711380005,0.27205440402030945
YLR380W,YNL106C,0,-0.2364017,0.18386322259902954,0.6117764711380005,0.27215442061424255
YLR408C,YAL031C,0,-0.23645689,0.1838081032037735,0.6117764711380005,0.27225443720817566
YMR071C,YGR134W,0,-0.23649627,0.18375299870967865,0.6117764711380005,0.27235448360443115
YGR241C,YFL021W,0,-0.23658794,0.18369793891906738,0.6117764711380005,0.27245450019836426
YOL005C,YDL097C,0,-0.23713702,0.1836428940296173,0.6117764711380005,0.27255451679229736
YOR209C,YHR164C,0,-0.23719876,0.18358789384365082,0.6117764711380005,0.27265453338623047
YGR223C,YML072C,1,-0.23720868,0.1838323324918747,0.6127744317054749,0.27265453338623047
YFR051C,YBL090W,0,-0.23741806,0.183777317404747,0.6127744317054749,0.2727545499801636
YHR077C,YGL002W,0,-0.23750916,0.18372231721878052,0.6127744317054749,0.2728545665740967
YBL097W,YBR024W,0,-0.23803276,0.1836673617362976,0.6127744317054749,0.2729545831680298
YGL084C,YDR449C,0,-0.23835588,0.18361243605613708,0.6127744317054749,0.2730545997619629
YGL023C,YJL085W,1,-0.23838331,0.18385650217533112,0.613772451877594,0.2730545997619629
YPR097W,YFR019W,1,-0.23854227,0.1841004192829132,0.6147704720497131,0.2730545997619629
YOL093W,YIL080W,0,-0.23854859,0.18404541909694672,0.6147704720497131,0.273154616355896
YOR285W,YKL179C,0,-0.23857686,0.1839904487133026,0.6147704720497131,0.2732546627521515
YOR132W,YOR086C,1,-0.23861943,0.18423409759998322,0.6157684922218323,0.2732546627521515
YHR101C,YLR015W,0,-0.23884377,0.18417909741401672,0.6157684922218323,0.2733546793460846
YLR042C,YLR210W,0,-0.2390836,0.1841241419315338,0.6157684922218323,0.2734546959400177
YPL083C,YKR001C,0,-0.23932016,0.1840692162513733,0.6157684922218323,0.2735547125339508
YJR121W,YLR172C,0,-0.2395454,0.18401432037353516,0.6157684922218323,0.2736547291278839
YER091C,YMR088C,0,-0.23964493,0.1839594542980194,0.6157684922218323,0.273754745721817
YHR107C,YDL019C,1,-0.2396497,0.18420268595218658,0.6167664527893066,0.273754745721817
YLR034C,YJR021C,0,-0.23999147,0.18414779007434845,0.6167664527893066,0.2738547623157501
YMR240C,YHR119W,0,-0.24058364,0.1840929388999939,0.6167664527893066,0.2739547789096832
YKR001C,YIL136W,0,-0.24090038,0.18403811752796173,0.6167664527893066,0.2740548253059387
YHR161C,YER114C,1,-0.2409726,0.18428103625774384,0.6177644729614258,0.2740548253059387
YDR506C,YHR184W,0,-0.24103457,0.18422618508338928,0.6177644729614258,0.2741548418998718
YJL085W,YLR371W,1,-0.24117255,0.18446891009807587,0.6187624931335449,0.2741548418998718
YPL098C,YGL211W,0,-0.24123996,0.18441404402256012,0.6187624931335449,0.27425485849380493
YMR019W,YPR140W,0,-0.24151765,0.18435920774936676,0.6187624931335449,0.27435487508773804
YPR022C,YLR408C,0,-0.24170269,0.1843044012784958,0.6187624931335449,0.27445489168167114
YDR202C,YJR021C,0,-0.24195026,0.1842496246099472,0.6187624931335449,0.27455490827560425
YOL065C,YKL201C,0,-0.24203396,0.1841948926448822,0.6187624931335449,0.27465492486953735
YHR161C,YJL085W,1,-0.24208093,0.18443718552589417,0.6197604537010193,0.27465492486953735
YFL033C,YDR172W,0,-0.24239433,0.18438242375850677,0.6197604537010193,0.27475494146347046
YBR199W,YFR007W,0,-0.24259493,0.18432769179344177,0.6197604537010193,0.27485495805740356
YOR142W,YNL064C,0,-0.24301596,0.18427298963069916,0.6197604537010193,0.27495500445365906
YDL138W,YPL195W,0,-0.24313454,0.18421833217144012,0.6197604537010193,0.27505502104759216
YGR281W,YOR197W,0,-0.24313726,0.18416370451450348,0.6197604537010193,0.27515503764152527
YDL225W,YNL152W,1,-0.24316809,0.18440558016300201,0.6207584738731384,0.27515503764152527
YNL082W,YDR026C,0,-0.2432735,0.18435092270374298,0.6207584738731384,0.2752550542354584
YDR148C,YGL212W,1,-0.24333715,0.1845925897359848,0.6217564940452576,0.2752550542354584
YJR057W,YPL273W,0,-0.24361476,0.18453791737556458,0.6217564940452576,0.2753550708293915
YGR175C,YHR046C,0,-0.24380934,0.18448327481746674,0.6217564940452576,0.2754550874233246
YML062C,YMR097C,0,-0.24381436,0.18442866206169128,0.6217564940452576,0.2755551040172577
YNL073W,YFL008W,0,-0.24381568,0.18437407910823822,0.6217564940452576,0.2756551206111908
YHR023W,YPL066W,0,-0.24394678,0.18431952595710754,0.6217564940452576,0.2757551372051239
YFL047W,YGR023W,0,-0.2442445,0.18426501750946045,0.6217564940452576,0.2758551836013794
YLR206W,YAR042W,1,-0.24428381,0.18450620770454407,0.6227545142173767,0.2758551836013794
YOR304C-A,YGR276C,0,-0.2443261,0.18445166945457458,0.6227545142173767,0.2759552001953125
YJL178C,YLR314C,1,-0.24439786,0.18469266593456268,0.6237524747848511,0.2759552001953125
YOR008C,YOR386W,0,-0.24479134,0.184638112783432,0.6237524747848511,0.2760552167892456
YDL142C,YPL113C,0,-0.24488904,0.18458357453346252,0.6237524747848511,0.2761552333831787
YER114C,YDL161W,1,-0.24535505,0.18482433259487152,0.6247504949569702,0.2761552333831787
YBR230C,YCR024C-A,0,-0.24548592,0.18476977944374084,0.6247504949569702,0.2762552499771118
YMR016C,YOL147C,0,-0.24572888,0.18471525609493256,0.6247504949569702,0.2763552665710449
YJL085W,YBR200W,1,-0.24596202,0.18495574593544006,0.6257485151290894,0.2763552665710449
YHR018C,YOL018C,0,-0.24607275,0.18490120768547058,0.6257485151290894,0.276455283164978
YPL241C,YDR522C,0,-0.24607788,0.1848466992378235,0.6257485151290894,0.27655529975891113
YJL081C,YPL194W,0,-0.24608111,0.18479222059249878,0.6257485151290894,0.27665531635284424
YGL059W,YHL040C,0,-0.24609825,0.18473777174949646,0.6257485151290894,0.27675536274909973
YKL198C,YOR176W,0,-0.24656095,0.18468335270881653,0.6257485151290894,0.27685537934303284
YLL015W,YGR071C,0,-0.24668339,0.18462897837162018,0.6257485151290894,0.27695539593696594
YGL207W,YFL002C,0,-0.24669152,0.18457461893558502,0.6257485151290894,0.27705541253089905
YIL132C,YLR266C,0,-0.24671264,0.18452030420303345,0.6257485151290894,0.27715542912483215
YPR056W,YOL010W,0,-0.24671467,0.18446601927280426,0.6257485151290894,0.27725544571876526
YOR153W,YDR320C,0,-0.24685656,0.18441176414489746,0.6257485151290894,0.27735546231269836
YDR423C,YAL005C,0,-0.24743034,0.18435753881931305,0.6257485151290894,0.27745547890663147
YML032C,YLR393W,0,-0.2474501,0.18430335819721222,0.6257485151290894,0.27755552530288696
YBR059C,YHR001W,0,-0.24750029,0.18424919247627258,0.6257485151290894,0.27765554189682007
YDR495C,YCL050C,0,-0.24779697,0.18419507145881653,0.6257485151290894,0.2777555584907532
YNR032W,YLR224W,0,-0.24781245,0.18414096534252167,0.6257485151290894,0.2778555750846863
YOR133W,YLR107W,0,-0.24784948,0.1840869039297104,0.6257485151290894,0.2779555916786194
YPL048W,YKR094C,0,-0.24788046,0.1840328723192215,0.6257485151290894,0.2780556082725525
YER114C,YHR001W,1,-0.24794377,0.18427230417728424,0.6267465353012085,0.2780556082725525
YDL043C,YNL138W,0,-0.24794583,0.18421824276447296,0.6267465353012085,0.2781556248664856
YBR278W,YPL085W,0,-0.24801765,0.18416422605514526,0.6267465353012085,0.2782556414604187
YNL238W,YGR084C,0,-0.24807592,0.18411022424697876,0.6267465353012085,0.2783556580543518
YPL084W,YHR064C,0,-0.2482868,0.18405626714229584,0.6267465353012085,0.2784557044506073
YDR298C,YDR195W,0,-0.24851294,0.1840023398399353,0.6267465353012085,0.2785557210445404
YMR165C,YDR541C,0,-0.24875042,0.18394844233989716,0.6267465353012085,0.2786557376384735
YMR020W,YKR071C,0,-0.24876541,0.1838945895433426,0.6267465353012085,0.2787557542324066
YNL299W,YNL274C,0,-0.2490307,0.18384075164794922,0.6267465353012085,0.2788557708263397
YBR068C,YKL205W,0,-0.24924846,0.18378694355487823,0.6267465353012085,0.2789557874202728
YGL145W,YNL015W,0,-0.24926443,0.18373318016529083,0.6267465353012085,0.27905580401420593
YPL115C,YBR200W,1,-0.24927296,0.18397192656993866,0.6277444958686829,0.27905580401420593
YHR107C,YHR105W,1,-0.2494108,0.18421052396297455,0.628742516040802,0.27905580401420593
YNL138W,YOR190W,0,-0.24942839,0.18415668606758118,0.628742516040802,0.27915582060813904
YOR217W,YJR005W,0,-0.24969843,0.184102863073349,0.628742516040802,0.27925583720207214
YIL132C,YDR226W,0,-0.24969982,0.1840490847826004,0.628742516040802,0.27935588359832764
YJR064W,YGL174W,0,-0.25000006,0.183995321393013,0.628742516040802,0.27945590019226074
YLR178C,YJL085W,1,-0.25017646,0.18423357605934143,0.6297405362129211,0.27945590019226074
YOL049W,YJR082C,0,-0.2502293,0.18417979776859283,0.6297405362129211,0.27955591678619385
YGR282C,YOL097C,0,-0.25033948,0.18412606418132782,0.6297405362129211,0.27965593338012695
YMR241W,YNL325C,0,-0.25050235,0.184072345495224,0.6297405362129211,0.27975594997406006
YKL176C,YER144C,0,-0.25070882,0.18401867151260376,0.6297405362129211,0.27985596656799316
YBR041W,YPR140W,0,-0.25079602,0.18396501243114471,0.6297405362129211,0.27995598316192627
YNL308C,YDR383C,0,-0.25094658,0.18391139805316925,0.6297405362129211,0.2800559997558594
YBL069W,YOL115W,0,-0.2513157,0.18385781347751617,0.6297405362129211,0.2801560163497925
YMR186W,YJR051W,0,-0.2513855,0.18380425870418549,0.6297405362129211,0.280256062746048
YDR485C,YKL167C,0,-0.2517376,0.18375073373317719,0.6297405362129211,0.2803560793399811
YLR390W,YIL109C,0,-0.2518062,0.18369723856449127,0.6297405362129211,0.2804560959339142
YPL026C,YOL056W,0,-0.25207245,0.18364377319812775,0.6297405362129211,0.2805561125278473
YKR044W,YKL221W,0,-0.25239295,0.1835903376340866,0.6297405362129211,0.2806561291217804
YLR176C,YPL011C,0,-0.25240278,0.18353694677352905,0.6297405362129211,0.2807561457157135
YOR209C,YBR159W,0,-0.25256073,0.1834835708141327,0.6297405362129211,0.2808561623096466
YML040W,YIL162W,0,-0.25267994,0.1834302395582199,0.6297405362129211,0.2809561789035797
YCR011C,YDR194C,0,-0.25284785,0.18337692320346832,0.6297405362129211,0.2810562252998352
YPR011C,YMR214W,0,-0.25316793,0.18332365155220032,0.6297405362129211,0.2811562418937683
YER161C,YGL148W,0,-0.25317216,0.1832704097032547,0.6297405362129211,0.2812562584877014
YBL090W,YOR196C,0,-0.2535556,0.18321718275547028,0.6297405362129211,0.2813562750816345
YKL193C,YDR510W,0,-0.25357574,0.18316400051116943,0.6297405362129211,0.2814562916755676
YPR005C,YMR022W,0,-0.2538682,0.18311084806919098,0.6297405362129211,0.28155630826950073
YOR149C,YKR105C,0,-0.2539422,0.1830577254295349,0.6297405362129211,0.28165632486343384
YBR136W,YBL037W,0,-0.25394714,0.18300464749336243,0.6297405362129211,0.28175634145736694
YEL041W,YAL024C,0,-0.25412926,0.18295158445835114,0.6297405362129211,0.28185635805130005
YNL271C,YER011W,0,-0.25447518,0.18289855122566223,0.6297405362129211,0.28195640444755554
YPL246C,YLR040C,0,-0.254607,0.18284554779529572,0.6297405362129211,0.28205642104148865
YHR156C,YGR194C,0,-0.2547421,0.18279258906841278,0.6297405362129211,0.28215643763542175
YMR291W,YDR499W,0,-0.25486916,0.18273964524269104,0.6297405362129211,0.28225645422935486
YDR503C,YOL005C,0,-0.2551006,0.18268674612045288,0.6297405362129211,0.28235647082328796
YDR104C,YBR281C,0,-0.25522923,0.18263386189937592,0.6297405362129211,0.28245648741722107
YKL189W,YLR116W,0,-0.25538948,0.18258102238178253,0.6297405362129211,0.2825565040111542
YJL209W,YLR268W,0,-0.25573555,0.18252819776535034,0.6297405362129211,0.2826565206050873
YOR251C,YDL146W,0,-0.25626102,0.18247541785240173,0.6297405362129211,0.2827565371990204
YDR313C,YKR003W,1,-0.25629187,0.18271176517009735,0.6307384967803955,0.2827565371990204
YLR237W,YDR451C,0,-0.25634634,0.18265895545482635,0.6307384967803955,0.2828565835952759
YLR410W,YDR288W,0,-0.25671595,0.18260619044303894,0.6307384967803955,0.282956600189209
YNL267W,YPL255W,0,-0.25709438,0.18255344033241272,0.6307384967803955,0.2830566167831421
YDL200C,YNL046W,0,-0.25716394,0.1825007200241089,0.6307384967803955,0.2831566333770752
YKR002W,YDR137W,0,-0.25717765,0.18244802951812744,0.6307384967803955,0.2832566499710083
YGR282C,YNL077W,0,-0.2574239,0.18239538371562958,0.6307384967803955,0.2833566665649414
YDL004W,YIL046W,0,-0.2575454,0.1823427528142929,0.6307384967803955,0.2834566831588745
YOR222W,YGR169C,0,-0.2581759,0.18229016661643982,0.6307384967803955,0.2835566997528076
YKR002W,YPL053C,0,-0.2584125,0.18223759531974792,0.6307384967803955,0.2836567461490631
YIR005W,YJL072C,0,-0.25861853,0.1821850687265396,0.6307384967803955,0.2837567627429962
YLR270W,YKL182W,0,-0.25871217,0.1821325719356537,0.6307384967803955,0.2838567793369293
YGL223C,YJL076W,0,-0.25880677,0.18208009004592896,0.6307384967803955,0.2839567959308624
YKL203C,YER119C,0,-0.2590744,0.1820276528596878,0.6307384967803955,0.28405681252479553
YHR008C,YOR291W,0,-0.25950748,0.18197523057460785,0.6307384967803955,0.28415682911872864
YMR071C,YOR187W,0,-0.25957358,0.18192285299301147,0.6307384967803955,0.28425684571266174
YLL028W,YPL162C,0,-0.25961894,0.1818705052137375,0.6307384967803955,0.28435686230659485
YDL192W,YER053C,0,-0.25964007,0.1818181872367859,0.6307384967803955,0.28445687890052795
YMR036C,YML027W,0,-0.2596544,0.18176588416099548,0.6307384967803955,0.28455692529678345
YIL006W,YER125W,0,-0.25980592,0.18171362578868866,0.6307384967803955,0.28465694189071655
YPL241C,YOR212W,0,-0.2603727,0.18166139721870422,0.6307384967803955,0.28475695848464966
YMR008C,YNL327W,0,-0.26049018,0.18160919845104218,0.6307384967803955,0.28485697507858276
YJL036W,YML072C,1,-0.2610317,0.1818442940711975,0.6317365169525146,0.28485697507858276
YER091C,YMR282C,0,-0.26112568,0.18179208040237427,0.6317365169525146,0.28495699167251587
YDR076W,YGR258C,0,-0.2611307,0.18173988163471222,0.6317365169525146,0.285057008266449
YGL054C,YKL222C,0,-0.26118183,0.18168771266937256,0.6317365169525146,0.2851570248603821
YMR312W,YOR017W,0,-0.26118672,0.18163558840751648,0.6317365169525146,0.2852570414543152
YLR309C,YOR209C,0,-0.2611934,0.1815834790468216,0.6317365169525146,0.2853570580482483
YMR273C,YHR209W,0,-0.26127952,0.1815313994884491,0.6317365169525146,0.2854571044445038
YPL007C,YMR017W,0,-0.26133877,0.18147936463356018,0.6317365169525146,0.2855571210384369
YML060W,YJL134W,0,-0.26135546,0.18142734467983246,0.6317365169525146,0.28565713763237
YMR080C,YHR047C,0,-0.26141483,0.18137535452842712,0.6317365169525146,0.2857571542263031
YDR425W,YGL023C,1,-0.2614826,0.1816098541021347,0.6327345371246338,0.2857571542263031
YJR144W,YNL073W,0,-0.2616561,0.18155784904956818,0.6327345371246338,0.2858571708202362
YHR031C,YGL009C,0,-0.26172465,0.18150587379932404,0.6327345371246338,0.2859571874141693
YJR155W,YOR122C,0,-0.26178932,0.18145392835140228,0.6327345371246338,0.2860572040081024
YER141W,YLR408C,0,-0.26195174,0.18140199780464172,0.6327345371246338,0.2861572206020355
YNR026C,YLR316C,0,-0.26196533,0.18135011196136475,0.6327345371246338,0.28625723719596863
YPR026W,YBR275C,0,-0.2620561,0.18129825592041016,0.6327345371246338,0.2863572835922241
YCR002C,YPL145C,1,-0.26205987,0.18153230845928192,0.6337325572967529,0.2863572835922241
YLL062C,YBR081C,0,-0.26215416,0.18148042261600494,0.6337325572967529,0.2864573001861572
YDR228C,YGR027C,0,-0.262222,0.18142856657505035,0.6337325572967529,0.28655731678009033
YDL028C,YNR035C,0,-0.26252794,0.18137675523757935,0.6337325572967529,0.28665733337402344
YDR263C,YDR512C,0,-0.26294464,0.18132495880126953,0.6337325572967529,0.28675734996795654
YBR068C,YML113W,0,-0.2632282,0.1812731921672821,0.6337325572967529,0.28685736656188965
YIL101C,YJR133W,0,-0.26337796,0.18122145533561707,0.6337325572967529,0.28695738315582275
YPR019W,YOL137W,0,-0.26359177,0.1811697632074356,0.6337325572967529,0.28705739974975586
YGL212W,YOR357C,1,-0.26367486,0.18140330910682678,0.6347305178642273,0.28705739974975586
YDR064W,YKR044W,0,-0.26398867,0.18135158717632294,0.6347305178642273,0.28715744614601135
YDR313C,YPL145C,1,-0.26399922,0.18158495426177979,0.6357285380363464,0.28715744614601135
YML070W,YML042W,0,-0.2641051,0.18153320252895355,0.6357285380363464,0.28725746273994446
YPR004C,YLR166C,0,-0.264449,0.1814814805984497,0.6357285380363464,0.28735747933387756
YPR054W,YOR338W,0,-0.2645898,0.18142978847026825,0.6357285380363464,0.28745749592781067
YIL172C,YDR369C,0,-0.2645942,0.18137812614440918,0.6357285380363464,0.2875575125217438
YDR425W,YLR371W,1,-0.26464966,0.18161116540431976,0.6367265582084656,0.2875575125217438
YER026C,YBR171W,0,-0.26481962,0.1815594732761383,0.6367265582084656,0.2876575291156769
YBR097W,YDR171W,0,-0.26496857,0.18150782585144043,0.6367265582084656,0.28775754570961
YKL113C,YKR035W-A,0,-0.26498714,0.18145619332790375,0.6367265582084656,0.2878575623035431
YER056C-A,YGL059W,0,-0.26524633,0.18140460550785065,0.6367265582084656,0.2879575788974762
YLR078C,YKR061W,0,-0.26540795,0.18135304749011993,0.6367265582084656,0.2880576252937317
YER153C,YNL220W,0,-0.26544547,0.18130150437355042,0.6367265582084656,0.2881576418876648
YDR483W,YER133W,0,-0.265467,0.18125000596046448,0.6367265582084656,0.2882576584815979
YKR031C,YJL085W,1,-0.26551527,0.18148253858089447,0.6377245783805847,0.2882576584815979
YLR206W,YML104C,1,-0.26578516,0.18171493709087372,0.6387225389480591,0.2882576584815979
YOR205C,YHR206W,0,-0.26582462,0.18166334927082062,0.6387225389480591,0.288357675075531
YPR164W,YOR162C,0,-0.26595318,0.1816118061542511,0.6387225389480591,0.2884576916694641
YJL158C,YDL054C,0,-0.26606357,0.18156027793884277,0.6387225389480591,0.2885577082633972
YLR026C,YOR069W,0,-0.26626965,0.18150879442691803,0.6387225389480591,0.2886577248573303
YGR249W,YCR014C,0,-0.26630962,0.18145732581615448,0.6387225389480591,0.2887577414512634
YPL002C,YNL001W,0,-0.26649356,0.1814059019088745,0.6387225389480591,0.28885775804519653
YGL010W,YDL054C,0,-0.2667284,0.18135449290275574,0.6387225389480591,0.288957804441452
YDR309C,YPL115C,1,-0.26704085,0.1815863996744156,0.6397205591201782,0.288957804441452
YNR016C,YGR284C,0,-0.26723155,0.18153497576713562,0.6397205591201782,0.28905782103538513
YOL065C,YGL206C,0,-0.26727545,0.18148358166217804,0.6397205591201782,0.28915783762931824
YAL044C,YDL161W,1,-0.26732522,0.1817152500152588,0.6407185792922974,0.28915783762931824
YJL048C,YLR133W,0,-0.26750022,0.18166384100914001,0.6407185792922974,0.28925785422325134
YJR121W,YDR351W,0,-0.26755726,0.18161244690418243,0.6407185792922974,0.28935787081718445
YDL132W,YDR158W,0,-0.26756138,0.18156108260154724,0.6407185792922974,0.28945788741111755
YDR533C,YBL017C,0,-0.26768452,0.18150974810123444,0.6407185792922974,0.28955790400505066
YJL137C,YCR093W,0,-0.26773447,0.1814584583044052,0.6407185792922974,0.28965792059898376
YGR104C,YNL083W,0,-0.26784444,0.18140718340873718,0.6407185792922974,0.28975793719291687
YOR344C,YKL124W,0,-0.26799208,0.18135593831539154,0.6407185792922974,0.28985798358917236
YNL293W,YBR179C,0,-0.26804733,0.1813047230243683,0.6407185792922974,0.28995800018310547
YHL008C,YGR089W,0,-0.26809835,0.18125352263450623,0.6407185792922974,0.2900580167770386
YER095W,YGR089W,0,-0.2682386,0.18120236694812775,0.6407185792922974,0.2901580333709717
YKR067W,YNR028W,0,-0.26824573,0.18115124106407166,0.6407185792922974,0.2902580499649048
YPR020W,YDR126W,0,-0.26841336,0.18110014498233795,0.6407185792922974,0.2903580665588379
YDL042C,YKL034W,0,-0.2685901,0.18104906380176544,0.6407185792922974,0.290458083152771
YNL032W,YIR002C,0,-0.26916412,0.1809980273246765,0.6407185792922974,0.2905580997467041
YIL041W,YDR144C,0,-0.26930112,0.18094700574874878,0.6407185792922974,0.2906581461429596
YER119C,YBR159W,0,-0.26952997,0.18089602887630463,0.6407185792922974,0.2907581627368927
YMR186W,YNR039C,0,-0.26969063,0.18084506690502167,0.6407185792922974,0.2908581793308258
YDL150W,YDR313C,0,-0.26995188,0.1807941496372223,0.6407185792922974,0.2909581959247589
YNL230C,YML078W,0,-0.27006418,0.1807432472705841,0.6407185792922974,0.291058212518692
YOR312C,YNL301C,0,-0.27014,0.1806923747062683,0.6407185792922974,0.2911582291126251
YBL046W,YGR167W,0,-0.27032128,0.1806415319442749,0.6407185792922974,0.2912582457065582
YOR106W,YPL029W,0,-0.27066445,0.18059071898460388,0.6407185792922974,0.29135826230049133
YIL113W,YDR499W,0,-0.2707277,0.18053993582725525,0.6407185792922974,0.29145827889442444
YGR154C,YPR049C,0,-0.270881,0.180489182472229,0.6407185792922974,0.29155832529067993
YOR066W,YIR037W,0,-0.27093577,0.18043844401836395,0.6407185792922974,0.29165834188461304
YOR353C,YDR194C,0,-0.27101004,0.18038775026798248,0.6407185792922974,0.29175835847854614
YLR410W,YBR035C,0,-0.27102017,0.1803370714187622,0.6407185792922974,0.29185837507247925
YOR126C,YKL205W,0,-0.27136514,0.1802864372730255,0.6407185792922974,0.29195839166641235
YGR091W,YNR049C,0,-0.2713719,0.18023581802845,0.6407185792922974,0.29205840826034546
YML104C,YER120W,1,-0.2719632,0.1804659068584442,0.6417165398597717,0.29205840826034546
YGL099W,YNR021W,0,-0.2722274,0.18041525781154633,0.6417165398597717,0.29215842485427856
YHR102W,YIL026C,0,-0.2724558,0.18036465346813202,0.6417165398597717,0.29225844144821167
YJR151C,YIL061C,0,-0.27276748,0.1803140789270401,0.6417165398597717,0.2923584580421448
YLR348C,YMR012W,0,-0.27320158,0.18026353418827057,0.6417165398597717,0.29245850443840027
YOL120C,YLR427W,0,-0.27351213,0.18021300435066223,0.6417165398597717,0.2925585210323334
YML104C,YNL071W,1,-0.27357197,0.1804427057504654,0.6427145600318909,0.2925585210323334
YER120W,YGR037C,1,-0.2739501,0.1806722730398178,0.64371258020401,0.2925585210323334
YMR128W,YNL231C,0,-0.27396846,0.1806216686964035,0.64371258020401,0.2926585376262665
YOR351C,YGR167W,0,-0.2740987,0.18057110905647278,0.64371258020401,0.2927585542201996
YPR065W,YMR208W,0,-0.2741491,0.18052056431770325,0.64371258020401,0.2928585708141327
YNR018W,YEL054C,0,-0.27419275,0.1804700642824173,0.64371258020401,0.2929585874080658
YBL085W,YGR241C,1,-0.27444097,0.18069930374622345,0.6447106003761292,0.2929585874080658
YBR125C,YML005W,0,-0.27479893,0.1806487739086151,0.6447106003761292,0.2930586040019989
YOR069W,YDL225W,1,-0.27501455,0.18087783455848694,0.6457085609436035,0.2930586040019989
YLR203C,YEL056W,0,-0.27519736,0.1808272749185562,0.6457085609436035,0.293158620595932
YJL042W,YNL129W,0,-0.27523842,0.18077675998210907,0.6457085609436035,0.2932586371898651
YOL017W,YPL149W,0,-0.2752633,0.18072625994682312,0.6457085609436035,0.2933586835861206
YER007W,YDR214W,0,-0.27527988,0.18067578971385956,0.6457085609436035,0.2934587001800537
YPR072W,YPL050C,0,-0.27530196,0.18062534928321838,0.6457085609436035,0.2935587167739868
YLR403W,YGR038W,0,-0.27548194,0.1805749386548996,0.6457085609436035,0.2936587333679199
YER094C,YPL053C,0,-0.27561516,0.1805245578289032,0.6457085609436035,0.293758749961853
YHR188C,YLL052C,0,-0.27578723,0.180474191904068,0.6457085609436035,0.29385876655578613
YDR444W,YJR126C,0,-0.27588382,0.18042387068271637,0.6457085609436035,0.29395878314971924
YAR010C,YNL158W,0,-0.2761029,0.18037356436252594,0.6457085609436035,0.29405879974365234
YBL010C,YIL090W,0,-0.2761135,0.1803233027458191,0.6457085609436035,0.29415884613990784
YLL062C,YJR135C,0,-0.27629405,0.18027305603027344,0.6457085609436035,0.29425886273384094
YPL249C,YDL161W,0,-0.27658504,0.18022283911705017,0.6457085609436035,0.29435887932777405
YLR289W,YOR228C,0,-0.27685308,0.1801726520061493,0.6457085609436035,0.29445889592170715
YLR327C,YKL190W,0,-0.27698627,0.1801224946975708,0.6457085609436035,0.29455891251564026
YER052C,YLR120C,0,-0.27702975,0.1800723671913147,0.6457085609436035,0.29465892910957336
YMR168C,YGR028W,0,-0.27722865,0.1800222545862198,0.6457085609436035,0.29475894570350647
YEL050C,YPL101W,0,-0.27800542,0.17997218668460846,0.6457085609436035,0.2948589622974396
YDL127W,YPR119W,0,-0.27825606,0.17992213368415833,0.6457085609436035,0.2949589788913727
YDR270W,YDL067C,0,-0.27829581,0.17987211048603058,0.6457085609436035,0.2950590252876282
YPL055C,YJR099W,0,-0.2783062,0.17982211709022522,0.6457085609436035,0.2951590418815613
YKR008W,YBL016W,0,-0.27835178,0.17977215349674225,0.6457085609436035,0.2952590584754944
YDR228C,YGR222W,0,-0.27837408,0.17972221970558167,0.6457085609436035,0.2953590750694275
YER046W,YOR371C,0,-0.2786615,0.17967231571674347,0.6457085609436035,0.2954590916633606
YPL094C,YOR306C,0,-0.27875882,0.17962242662906647,0.6457085609436035,0.2955591082572937
YBR185C,YGL038C,0,-0.27898544,0.17957258224487305,0.6457085609436035,0.2956591248512268
YDR153C,YNL071W,1,-0.27898932,0.17980022728443146,0.6467065811157227,0.2956591248512268
YIL143C,YDR536W,0,-0.27905944,0.17975035309791565,0.6467065811157227,0.2957591414451599
YCR060W,YJL172W,0,-0.27907014,0.17970049381256104,0.6467065811157227,0.295859158039093
YMR301C,YDR242W,0,-0.27928728,0.17965067923069,0.6467065811157227,0.2959592044353485
YMR314W,YPL227C,0,-0.27933586,0.17960087954998016,0.6467065811157227,0.2960592210292816
YDR376W,YDR027C,0,-0.27958345,0.1795511245727539,0.6467065811157227,0.2961592376232147
YDR501W,YGR084C,0,-0.27978355,0.17950138449668884,0.6467065811157227,0.2962592542171478
YMR277W,YEL041W,0,-0.2798441,0.17945167422294617,0.6467065811157227,0.29635927081108093
YIL155C,YOL137W,0,-0.27993596,0.17940199375152588,0.6467065811157227,0.29645928740501404
YHR164C,YEL011W,0,-0.28008366,0.17935234308242798,0.6467065811157227,0.29655930399894714
YPR004C,YGR068C,0,-0.2802915,0.17930270731449127,0.6467065811157227,0.29665932059288025
YER051W,YGL213C,0,-0.2804309,0.17925311625003815,0.6467065811157227,0.29675933718681335
YOL105C,YGR084C,0,-0.2805944,0.17920354008674622,0.6467065811157227,0.29685938358306885
YKR078W,YGR037C,1,-0.28062624,0.17943046987056732,0.6477046012878418,0.29685938358306885
YNL223W,YDR293C,0,-0.2810951,0.1793808788061142,0.6477046012878418,0.29695940017700195
YHR161C,YNL087W,1,-0.28111616,0.17960762977600098,0.6487026214599609,0.29695940017700195
YLR192C,YDR221W,0,-0.28114444,0.17955800890922546,0.6487026214599609,0.29705941677093506
YDR229W,YNL071W,1,-0.2812791,0.1797845959663391,0.6497005820274353,0.29705941677093506
YLR106C,YHR007C,0,-0.28149527,0.1797349601984024,0.6497005820274353,0.29715943336486816
YGR274C,YFL029C,0,-0.2819594,0.1796853393316269,0.6497005820274353,0.29725944995880127
YLL028W,YDR332W,0,-0.28269982,0.17963576316833496,0.6497005820274353,0.2973594665527344
YBR004C,YDL074C,0,-0.2832399,0.17958620190620422,0.6497005820274353,0.2974594831466675
YMR194W,YOL151W,0,-0.2834946,0.17953668534755707,0.6497005820274353,0.2975594997406006
YDR302W,YDR038C,0,-0.2836992,0.1794871836900711,0.6497005820274353,0.2976595461368561
YDR113C,YBR044C,0,-0.28370637,0.17943771183490753,0.6497005820274353,0.2977595627307892
YBR245C,YPR149W,0,-0.2837446,0.17938825488090515,0.6497005820274353,0.2978595793247223
YGR227W,YDR229W,0,-0.2839051,0.17933884263038635,0.6497005820274353,0.2979595959186554
YOR073W,YLR210W,0,-0.28401184,0.17928944528102875,0.6497005820274353,0.2980596125125885
YER151C,YBR280C,0,-0.28416133,0.17924009263515472,0.6497005820274353,0.2981596291065216
YNL335W,YFR021W,0,-0.28420556,0.1791907548904419,0.6497005820274353,0.2982596457004547
YNL026W,YER165W,0,-0.28428012,0.17914144694805145,0.6497005820274353,0.2983596622943878
YOR256C,YDL205C,0,-0.2845998,0.1790921539068222,0.6497005820274353,0.2984596788883209
YML072C,YDR499W,0,-0.2848723,0.17904290556907654,0.6497005820274353,0.2985597252845764
YOL093W,YCR097W,0,-0.28509426,0.17899367213249207,0.6497005820274353,0.2986597418785095
YNL239W,YBR186W,0,-0.2852267,0.17894446849822998,0.6497005820274353,0.2987597584724426
YBR175W,YEL011W,0,-0.28539008,0.17889529466629028,0.6497005820274353,0.29885977506637573
YDR291W,YGL236C,0,-0.28561163,0.17884615063667297,0.6497005820274353,0.29895979166030884
YNL283C,YLR205C,0,-0.28578055,0.17879703640937805,0.6497005820274353,0.29905980825424194
YKL168C,YGR255C,0,-0.2858044,0.17874793708324432,0.6497005820274353,0.29915982484817505
YJL178C,YML104C,1,-0.286496,0.17897337675094604,0.6506986021995544,0.29915982484817505
YDR043C,YBR102C,0,-0.28649908,0.17892426252365112,0.6506986021995544,0.29925984144210815
YJL214W,YKR097W,0,-0.28666377,0.1788751780986786,0.6506986021995544,0.29935985803604126
YLR126C,YPL129W,0,-0.28669018,0.17882610857486725,0.6506986021995544,0.29945990443229675
YBR175W,YNL083W,0,-0.28691792,0.1787770837545395,0.6506986021995544,0.29955992102622986
YLL050C,YBR247C,0,-0.2870314,0.17872807383537292,0.6506986021995544,0.29965993762016296
YPL023C,YDR144C,0,-0.28754848,0.17867909371852875,0.6506986021995544,0.29975995421409607
YCR075C,YGL161C,0,-0.28769034,0.17863014340400696,0.6506986021995544,0.2998599708080292
YDR044W,YMR022W,0,-0.28777093,0.17858120799064636,0.6506986021995544,0.2999599874019623
YFL022C,YOR063W,0,-0.28787202,0.17853231728076935,0.6506986021995544,0.3000600039958954
YDR330W,YBR037C,0,-0.28787723,0.17848344147205353,0.6506986021995544,0.3001600205898285
YMR075W,YER098W,0,-0.2879164,0.1784345954656601,0.6506986021995544,0.3002600371837616
YOR211C,YPL164C,0,-0.28798878,0.17838577926158905,0.6506986021995544,0.3003600835800171
YOL108C,YBR105C,0,-0.28849232,0.1783369779586792,0.6506986021995544,0.3004601001739502
YGL257C,YGR152C,0,-0.28911102,0.17828822135925293,0.6506986021995544,0.3005601167678833
YGR089W,YDR536W,0,-0.28923053,0.17823947966098785,0.6506986021995544,0.3006601333618164
YOR328W,YLR343W,0,-0.28935504,0.17819076776504517,0.6506986021995544,0.3007601499557495
YER157W,YJL213W,0,-0.29002726,0.17814207077026367,0.6506986021995544,0.3008601665496826
YBR097W,YEL041W,0,-0.29022035,0.17809341847896576,0.6506986021995544,0.3009601831436157
YCR002C,YPL180W,0,-0.29029185,0.17804478108882904,0.6506986021995544,0.30106019973754883
YOL019W,YMR123W,0,-0.29055035,0.1779961735010147,0.6506986021995544,0.3011602461338043
YPR182W,YCL033C,0,-0.2908457,0.17794759571552277,0.6506986021995544,0.3012602627277374
YML063W,YJL108C,0,-0.2910511,0.1778990477323532,0.6506986021995544,0.30136027932167053
YFR021W,YDL113C,1,-0.29137173,0.17812329530715942,0.6516966223716736,0.30136027932167053
YIR037W,YJR098C,0,-0.29161698,0.17807471752166748,0.6516966223716736,0.30146029591560364
YKL082C,YOR149C,0,-0.29172307,0.17802616953849792,0.6516966223716736,0.30156031250953674
YNL082W,YHR135C,0,-0.29184565,0.17797765135765076,0.6516966223716736,0.30166032910346985
YER050C,YHR079C,0,-0.29235944,0.17792914807796478,0.6516966223716736,0.30176034569740295
YBR133C,YCR012W,0,-0.29275638,0.1778806895017624,0.6516966223716736,0.30186036229133606
YDL083C,YDL006W,0,-0.2927702,0.1778322458267212,0.6516966223716736,0.30196037888526917
YBL085W,YNL087W,1,-0.29288113,0.17805609107017517,0.652694582939148,0.30196037888526917
YCR020C,YPR070W,0,-0.29293934,0.17800761759281158,0.652694582939148,0.30206042528152466
YDR197W,YDR182W,0,-0.2933038,0.17795918881893158,0.652694582939148,0.30216044187545776
YOR130C,YDL008W,0,-0.29396287,0.17791077494621277,0.652694582939148,0.30226045846939087
YMR287C,YAL005C,0,-0.2941246,0.17786239087581635,0.652694582939148,0.302360475063324
YGL250W,YML115C,0,-0.2941882,0.1778140366077423,0.652694582939148,0.3024604916572571
YDL008W,YJL002C,0,-0.29433346,0.17776569724082947,0.652694582939148,0.3025605082511902
YIL073C,YDR423C,0,-0.29434353,0.177717387676239,0.652694582939148,0.3026605248451233
YOR095C,YIL039W,0,-0.29474738,0.17766910791397095,0.652694582939148,0.3027605414390564
YBL005W-B,YPL206C,0,-0.2950188,0.17762085795402527,0.652694582939148,0.3028605580329895
YBR223C,YPL232W,0,-0.29516453,0.17757263779640198,0.652694582939148,0.302960604429245
YDR473C,YER054C,0,-0.29517162,0.17752443253993988,0.652694582939148,0.3030606210231781
YDR349C,YOR242C,0,-0.29536432,0.17747625708580017,0.652694582939148,0.3031606376171112
YMR043W,YFL045C,0,-0.29541418,0.17742811143398285,0.652694582939148,0.3032606542110443
YMR020W,YOL034W,0,-0.2956247,0.17737998068332672,0.652694582939148,0.3033606708049774
YJR161C,YIL023C,0,-0.2956391,0.17733189463615417,0.652694582939148,0.3034606873989105
YDR383C,YGL160W,0,-0.2956521,0.17728382349014282,0.652694582939148,0.30356070399284363
YGL168W,YER088C,0,-0.29567355,0.17723576724529266,0.652694582939148,0.30366072058677673
YPL048W,YNR056C,0,-0.29568326,0.1771877557039261,0.652694582939148,0.3037607669830322
YLR332W,YPR133W-A,0,-0.29575384,0.1771397590637207,0.652694582939148,0.30386078357696533
YNL316C,YCR077C,0,-0.29691258,0.1770917922258377,0.652694582939148,0.30396080017089844
YJL172W,YMR023C,0,-0.29691756,0.1770438551902771,0.652694582939148,0.30406081676483154
YOL038W,YBL050W,0,-0.29700646,0.17699593305587769,0.652694582939148,0.30416083335876465
YER004W,YGR289C,0,-0.29715762,0.17694805562496185,0.652694582939148,0.30426084995269775
YER052C,YDR082W,0,-0.2975549,0.17690019309520721,0.652694582939148,0.30436086654663086
YMR004W,YDR323C,1,-0.29758984,0.17712277173995972,0.6536926031112671,0.30436086654663086
YER114C,YJR076C,1,-0.2976368,0.17734523117542267,0.6546906232833862,0.30436086654663086
YPL172C,YOL056W,0,-0.29785913,0.17729729413986206,0.6546906232833862,0.30446088314056396
YKL181W,YDL185W,0,-0.2980484,0.17724938690662384,0.6546906232833862,0.30456089973449707
YAL062W,YBR200W,0,-0.29818013,0.177201509475708,0.6546906232833862,0.30466094613075256
YJL002C,YBR070C,0,-0.2982693,0.17715366184711456,0.6546906232833862,0.30476096272468567
YNL084C,YNL223W,0,-0.2986552,0.1771058291196823,0.6546906232833862,0.3048609793186188
YDR323C,YDL161W,1,-0.29894736,0.1773279309272766,0.6556886434555054,0.3048609793186188
YNL082W,YPL152W,0,-0.2990635,0.17728008329868317,0.6556886434555054,0.3049609959125519
YPR035W,YNL272C,0,-0.29908162,0.1772322654724121,0.6556886434555054,0.305061012506485
YMR070W,YBR283C,0,-0.29927474,0.17718446254730225,0.6556886434555054,0.3051610291004181
YLR228C,YJL124C,0,-0.2993099,0.17713668942451477,0.6556886434555054,0.3052610456943512
YKL208W,YGR041W,0,-0.29949602,0.17708894610404968,0.6556886434555054,0.3053610622882843
YBR198C,YLR369W,0,-0.30005288,0.17704123258590698,0.6556886434555054,0.3054610788822174
YJR078W,YMR278W,0,-0.30018455,0.17699353396892548,0.6556886434555054,0.3055611252784729
YPL110C,YDR210W,0,-0.3003586,0.17694586515426636,0.6556886434555054,0.305661141872406
YDR224C,YIL039W,0,-0.30037045,0.17689822614192963,0.6556886434555054,0.3057611584663391
YBL002W,YPR168W,0,-0.3003767,0.1768506020307541,0.6556886434555054,0.3058611750602722
YMR301C,YBL058W,0,-0.30071497,0.17680300772190094,0.6556886434555054,0.3059611916542053
YPL112C,YBR082C,0,-0.30121458,0.17675544321537018,0.6556886434555054,0.3060612082481384
YHR051W,YCR014C,0,-0.30140746,0.1767079085111618,0.6556886434555054,0.30616122484207153
YML037C,YGR029W,0,-0.30149746,0.17666038870811462,0.6556886434555054,0.30626124143600464
YJR144W,YDR156W,0,-0.30160326,0.17661289870738983,0.6556886434555054,0.30636125802993774
YDR240C,YNL268W,0,-0.30171943,0.17656543850898743,0.6556886434555054,0.30646130442619324
YNR060W,YJL047C,0,-0.30176222,0.1765180081129074,0.6556886434555054,0.30656132102012634
YER180C,YDR270W,0,-0.3019487,0.1764705926179886,0.6556886434555054,0.30666133761405945
YER150W,YPL042C,0,-0.30214542,0.17642320692539215,0.6556886434555054,0.30676135420799255
YHR107C,YKR078W,1,-0.30225843,0.17664429545402527,0.6566866040229797,0.30676135420799255
YLR141W,YIL044C,0,-0.30247736,0.17659687995910645,0.6566866040229797,0.30686137080192566
YMR264W,YDL059C,0,-0.30258298,0.1765495091676712,0.6566866040229797,0.30696138739585876
YDR088C,YNL231C,0,-0.30263066,0.17650215327739716,0.6566866040229797,0.30706140398979187
YDR425W,YOR086C,1,-0.30275244,0.17672298848628998,0.6576846241950989,0.30706140398979187
YGR154C,YER103W,0,-0.30293947,0.17667560279369354,0.6576846241950989,0.307161420583725
YKL174C,YBR102C,0,-0.303055,0.1766282469034195,0.6576846241950989,0.30726146697998047
YLR155C,YBL106C,0,-0.30341572,0.17658092081546783,0.6576846241950989,0.3073614835739136
YOL156W,YIL101C,0,-0.3035623,0.17653362452983856,0.6576846241950989,0.3074615001678467
YER094C,YKR001C,0,-0.30357295,0.17648634314537048,0.6576846241950989,0.3075615167617798
YDR240C,YOR323C,0,-0.30380988,0.1764390915632248,0.6576846241950989,0.3076615333557129
YGR222W,YJL100W,0,-0.30386436,0.1763918697834015,0.6576846241950989,0.307761549949646
YIL172C,YDR536W,0,-0.30497688,0.17634466290473938,0.6576846241950989,0.3078615665435791
YHR216W,YLR393W,0,-0.3049875,0.17629748582839966,0.6576846241950989,0.3079615831375122
YDL080C,YNL189W,0,-0.30509,0.17625033855438232,0.6576846241950989,0.3080615997314453
YPL241C,YJR007W,0,-0.3052503,0.17620320618152618,0.6576846241950989,0.3081616461277008
YDL195W,YLR088W,0,-0.30564037,0.17615610361099243,0.6576846241950989,0.3082616627216339
YBR175W,YCL024W,0,-0.30577362,0.17610903084278107,0.6576846241950989,0.308361679315567
YMR166C,YPR058W,0,-0.306273,0.1760619878768921,0.6576846241950989,0.3084616959095001
YLR256W,YML065W,0,-0.3065226,0.1760149598121643,0.6576846241950989,0.3085617125034332
YOR076C,YJR025C,0,-0.3069756,0.1759679615497589,0.6576846241950989,0.30866172909736633
YNL323W,YER021W,0,-0.30749536,0.1759209781885147,0.6576846241950989,0.30876174569129944
YDR146C,YIL048W,0,-0.3080375,0.1758740395307541,0.6576846241950989,0.30886176228523254
YDR323C,YBR200W,1,-0.30808026,0.1760939210653305,0.658682644367218,0.30886176228523254
YDR529C,YOL070C,0,-0.30842996,0.1760469526052475,0.658682644367218,0.30896177887916565
YJR005W,YMR276W,0,-0.30872703,0.17599999904632568,0.658682644367218,0.30906182527542114
YNL078W,YLR050C,0,-0.3087659,0.17595307528972626,0.658682644367218,0.30916184186935425
YLL004W,YMR090W,0,-0.30897516,0.17590618133544922,0.658682644367218,0.30926185846328735
YMR176W,YKL053C-A,0,-0.30908126,0.17585931718349457,0.658682644367218,0.30936187505722046
YMR092C,YGL211W,0,-0.30908555,0.1758124679327011,0.658682644367218,0.30946189165115356
YGL251C,YDR258C,0,-0.30921492,0.17576564848423004,0.658682644367218,0.30956190824508667
YGR285C,YGL079W,0,-0.30926496,0.17571884393692017,0.658682644367218,0.3096619248390198
YJL151C,YPL007C,0,-0.3092969,0.17567208409309387,0.658682644367218,0.3097619414329529
YHR112C,YCR048W,0,-0.30931354,0.17562533915042877,0.658682644367218,0.309861958026886
YKL139W,YBR251W,0,-0.30945474,0.17557860910892487,0.658682644367218,0.3099620044231415
YBR150C,YGL207W,0,-0.30982453,0.17553190886974335,0.658682644367218,0.3100620210170746
YLR187W,YGL236C,0,-0.30987245,0.17548523843288422,0.658682644367218,0.3101620376110077
YIL066C,YLR026C,0,-0.3099171,0.17543859779834747,0.658682644367218,0.3102620542049408
YNL267W,YLR014C,0,-0.31006485,0.17539197206497192,0.658682644367218,0.3103620707988739
YGL071W,YGL213C,0,-0.31036863,0.17534537613391876,0.658682644367218,0.310462087392807
YOR298W,YIL109C,0,-0.3104381,0.175298810005188,0.658682644367218,0.3105621039867401
YPL094C,YLR450W,0,-0.31081665,0.1752522587776184,0.658682644367218,0.3106621205806732
YBR050C,YPL112C,0,-0.3113559,0.17520573735237122,0.658682644367218,0.3107621669769287
YPL017C,YPL150W,0,-0.31137782,0.17515923082828522,0.658682644367218,0.3108621835708618
YOL088C,YBR171W,0,-0.31145138,0.1751127690076828,0.658682644367218,0.3109622001647949
YNL016W,YDR409W,0,-0.3115921,0.17506630718708038,0.658682644367218,0.311062216758728
YHR107C,YKR031C,1,-0.31163484,0.17528507113456726,0.6596806645393372,0.311062216758728
YNL272C,YDL120W,0,-0.3116694,0.17523859441280365,0.6596806645393372,0.31116223335266113
YGL203C,YLL009C,0,-0.31197995,0.17519214749336243,0.6596806645393372,0.31126224994659424
YNL223W,YBL011W,0,-0.312007,0.1751457303762436,0.6596806645393372,0.31136226654052734
YDR403W,YLR120C,0,-0.31205449,0.17509934306144714,0.6596806645393372,0.31146228313446045
YOR190W,YPL174C,0,-0.31209192,0.1750529706478119,0.6596806645393372,0.31156229972839355
YNL071W,YPL145C,1,-0.31213048,0.17527137696743011,0.6606786251068115,0.31156229972839355
YOR061W,YBR031W,0,-0.3122139,0.17522498965263367,0.6606786251068115,0.31166234612464905
YNL335W,YDR202C,0,-0.3122955,0.1751786172389984,0.6606786251068115,0.31176236271858215
YGR081C,YDR380W,0,-0.3123236,0.17513227462768555,0.6606786251068115,0.31186237931251526
YOL086C,YGR223C,0,-0.31239015,0.17508596181869507,0.6606786251068115,0.31196239590644836
YDL109C,YDR147W,0,-0.31268635,0.17503966391086578,0.6606786251068115,0.31206241250038147
YBR024W,YIL010W,0,-0.31309402,0.1749933958053589,0.6606786251068115,0.3121624290943146
YER006W,YDL142C,0,-0.31342024,0.17494714260101318,0.6606786251068115,0.3122624456882477
YMR184W,YHR063C,0,-0.31354678,0.17490091919898987,0.6606786251068115,0.3123624622821808
YGL220W,YDR341C,0,-0.31364816,0.17485472559928894,0.6606786251068115,0.3124624788761139
YDL132W,YER147C,0,-0.31369773,0.1748085618019104,0.6606786251068115,0.3125625252723694
YCR009C,YDR026C,0,-0.31372693,0.17476241290569305,0.6606786251068115,0.3126625418663025
YKL020C,YPL249C,0,-0.31400722,0.1747162789106369,0.6606786251068115,0.3127625584602356
YJL065C,YNL289W,0,-0.31413263,0.17467018961906433,0.6606786251068115,0.3128625750541687
YMR263W,YMR244C-A,0,-0.3141731,0.17462411522865295,0.6606786251068115,0.3129625916481018
YOR044W,YOL060C,0,-0.31435543,0.17457805573940277,0.6606786251068115,0.3130626082420349
YOL128C,YOR374W,0,-0.31436643,0.17453202605247498,0.6606786251068115,0.313162624835968
YOR356W,YDR541C,0,-0.31443664,0.17448602616786957,0.6606786251068115,0.3132626414299011
YBR088C,YHR013C,0,-0.31454295,0.17444005608558655,0.6606786251068115,0.31336265802383423
YGR155W,YGR063C,0,-0.31464097,0.17439410090446472,0.6606786251068115,0.3134627044200897
YIR022W,YBR170C,0,-0.31476843,0.17434817552566528,0.6606786251068115,0.3135627210140228
YJR086W,YBR019C,0,-0.3148147,0.17430226504802704,0.6606786251068115,0.31366273760795593
YDR487C,YAL058W,0,-0.31495416,0.17425638437271118,0.6606786251068115,0.31376275420188904
YAL001C,YLR242C,0,-0.31501627,0.1742105334997177,0.6606786251068115,0.31386277079582214
YNL087W,YHR073W,1,-0.3154176,0.17442777752876282,0.6616766452789307,0.31386277079582214
YGL254W,YNR040W,0,-0.31575269,0.17438189685344696,0.6616766452789307,0.31396278738975525
YAL044C,YIL105C,1,-0.3157553,0.17459900677204132,0.6626746654510498,0.31396278738975525
YGR249W,YBL068W,0,-0.3159509,0.17455309629440308,0.6626746654510498,0.31406280398368835
YKL001C,YAL061W,0,-0.3161227,0.1745072305202484,0.6626746654510498,0.31416282057762146
YKR066C,YIL031W,0,-0.31613624,0.17446137964725494,0.6626746654510498,0.31426286697387695
YKL024C,YDL004W,0,-0.31622204,0.17441554367542267,0.6626746654510498,0.31436288356781006
YMR210W,YOL165C,0,-0.3165632,0.17436975240707397,0.6626746654510498,0.31446290016174316
YER021W,YOL148C,0,-0.31709045,0.17432397603988647,0.6626746654510498,0.31456291675567627
YJR057W,YBR201W,0,-0.31714112,0.17427821457386017,0.6626746654510498,0.3146629333496094
YHR030C,YGL039W,0,-0.31743002,0.17423248291015625,0.6626746654510498,0.3147629499435425
YDL108W,YPR194C,0,-0.3175214,0.17418678104877472,0.6626746654510498,0.3148629665374756
YLR298C,YHR074W,0,-0.3175886,0.17414109408855438,0.6626746654510498,0.3149629831314087
YKL221W,YCR098C,0,-0.3176135,0.17409543693065643,0.6626746654510498,0.3150629997253418
YGR095C,YKL018W,0,-0.31763577,0.17404980957508087,0.6626746654510498,0.3151630461215973
YLR390W,YHL008C,0,-0.31790495,0.1740041971206665,0.6626746654510498,0.3152630627155304
YNR016C,YKL190W,0,-0.3184378,0.17395859956741333,0.6626746654510498,0.3153630793094635
YOL008W,YLR047C,0,-0.318701,0.17391304671764374,0.6626746654510498,0.3154630959033966
YDL099W,YOR212W,0,-0.31884253,0.17386750876903534,0.6626746654510498,0.3155631124973297
YDR162C,YOR209C,0,-0.31913507,0.17382198572158813,0.6626746654510498,0.3156631290912628
YBL075C,YJR089W,0,-0.3191772,0.17377649247646332,0.6626746654510498,0.3157631456851959
YJL128C,YLR394W,0,-0.31924874,0.1737310290336609,0.6626746654510498,0.31586316227912903
YML129C,YJR098C,0,-0.31928635,0.17368558049201965,0.6626746654510498,0.31596317887306213
YCR009C,YOR371C,0,-0.31944513,0.1736401617527008,0.6626746654510498,0.3160632252693176
YJR083C,YMR247C,0,-0.3201172,0.17359477281570435,0.6626746654510498,0.31616324186325073
YAL020C,YHR143W-A,0,-0.32022065,0.17354939877986908,0.6626746654510498,0.31626325845718384
YOL137W,YBL101C,0,-0.3204643,0.1735040545463562,0.6626746654510498,0.31636327505111694
YER112W,YNL138W,0,-0.32096153,0.17345872521400452,0.6626746654510498,0.31646329164505005
YML028W,YPL174C,0,-0.32137984,0.17341342568397522,0.6626746654510498,0.31656330823898315
YBR185C,YNL292W,0,-0.32152766,0.17336814105510712,0.6626746654510498,0.31666332483291626
YBR048W,YHR063C,0,-0.32165325,0.1733228862285614,0.6626746654510498,0.31676334142684937
YOL080C,YPL172C,0,-0.3223558,0.17327766120433807,0.6626746654510498,0.31686335802078247
YDR096W,YGR169C,0,-0.3223753,0.17323245108127594,0.6626746654510498,0.31696340441703796
YBL036C,YNL073W,0,-0.3227468,0.1731872707605362,0.6626746654510498,0.31706342101097107
YGR027C,YIL072W,0,-0.32276392,0.17314210534095764,0.6626746654510498,0.3171634376049042
YDR139C,YGR263C,0,-0.32284677,0.17309696972370148,0.6626746654510498,0.3172634541988373
YDL019C,YHR041C,0,-0.3233317,0.1730518639087677,0.6626746654510498,0.3173634707927704
YIL035C,YLR035C,0,-0.32380015,0.17300677299499512,0.6626746654510498,0.3174634873867035
YNL301C,YIL134W,0,-0.32398194,0.17296171188354492,0.6626746654510498,0.3175635039806366
YJL178C,YDR323C,1,-0.32423472,0.1731770783662796,0.6636726260185242,0.3175635039806366
YJL178C,YNL047C,1,-0.32438606,0.17339234054088593,0.6646706461906433,0.3175635039806366
YBR057C,YBR214W,0,-0.32445723,0.17334721982479095,0.6646706461906433,0.3176635205745697
YJR149W,YIL095W,0,-0.3252033,0.17330211400985718,0.6646706461906433,0.3177635669708252
YGR092W,YNR015W,0,-0.32528806,0.1732570230960846,0.6646706461906433,0.3178635835647583
YOR357C,YHR073W,1,-0.3253548,0.17347204685211182,0.6656686663627625,0.3178635835647583
YMR165C,YGR084C,0,-0.32547033,0.17342694103717804,0.6656686663627625,0.3179636001586914
YLR134W,YJR127C,0,-0.3257271,0.17338185012340546,0.6656686663627625,0.3180636167526245
YHR019C,YGL224C,0,-0.32575244,0.17333680391311646,0.6656686663627625,0.3181636333465576
YLR222C,YDR050C,0,-0.32596081,0.17329175770282745,0.6656686663627625,0.3182636499404907
YOR208W,YJR017C,0,-0.32619703,0.17324675619602203,0.6656686663627625,0.31836366653442383
YDR425W,YPL115C,1,-0.3265258,0.1734614372253418,0.6666666865348816,0.31836366653442383
YJL005W,YKL125W,0,-0.3266908,0.173416405916214,0.6666666865348816,0.31846368312835693
YPL246C,YJL051W,0,-0.32684857,0.17337140440940857,0.6666666865348816,0.31856369972229004
YBR237W,YDR159W,0,-0.3269993,0.17332641780376434,0.6666666865348816,0.31866374611854553
YHL002W,YDR116C,0,-0.32700133,0.1732814460992813,0.6666666865348816,0.31876376271247864
YAL020C,YLR467W,0,-0.32729036,0.17323651909828186,0.6666666865348816,0.31886377930641174
YAR018C,YFR031C,0,-0.3273251,0.1731916069984436,0.6666666865348816,0.31896379590034485
YDL043C,YGL089C,0,-0.3275904,0.17314670979976654,0.6666666865348816,0.31906381249427795
YJL108C,YDR065W,0,-0.3279932,0.17310184240341187,0.6666666865348816,0.31916382908821106
YLR010C,YLR015W,0,-0.32799456,0.17305698990821838,0.6666666865348816,0.31926384568214417
YGL012W,YDR371W,0,-0.3280879,0.1730121672153473,0.6666666865348816,0.31936386227607727
YGL190C,YDR353W,0,-0.3288685,0.17296737432479858,0.6666666865348816,0.3194638788700104
YDR194C,YBL068W,0,-0.32894892,0.17292259633541107,0.6666666865348816,0.31956392526626587
YLR237W,YNL185C,0,-0.32912326,0.17287784814834595,0.6666666865348816,0.319663941860199
YMR137C,YKL198C,0,-0.32919276,0.17283311486244202,0.6666666865348816,0.3197639584541321
YNL010W,YML104C,0,-0.32950634,0.17278841137886047,0.6666666865348816,0.3198639750480652
YER120W,YBR200W,1,-0.32958752,0.17300233244895935,0.667664647102356,0.3198639750480652
YLR206W,YJL085W,1,-0.33023626,0.17321613430976868,0.6686626672744751,0.3198639750480652
YPR204W,YDR177W,0,-0.33034745,0.17317135632038116,0.6686626672744751,0.3199639916419983
YLR448W,YFL050C,0,-0.33076334,0.17312660813331604,0.6686626672744751,0.3200640082359314
YMR300C,YDR137W,0,-0.33127505,0.1730818897485733,0.6686626672744751,0.3201640248298645
YML015C,YMR163C,0,-0.33147395,0.17303718626499176,0.6686626672744751,0.3202640414237976
YMR109W,YGR215W,0,-0.33158958,0.1729925125837326,0.6686626672744751,0.3203640580177307
YLR071C,YDR346C,0,-0.33182347,0.17294785380363464,0.6686626672744751,0.3204641044139862
YBR159W,YBR260C,0,-0.33205137,0.17290322482585907,0.6686626672744751,0.3205641210079193
YMR287C,YGR282C,0,-0.33251336,0.1728586107492447,0.6686626672744751,0.3206641376018524
YMR044W,YLR010C,0,-0.33253872,0.1728140264749527,0.6686626672744751,0.3207641541957855
YDL040C,YHR116W,0,-0.3329113,0.1727694720029831,0.6686626672744751,0.32086417078971863
YLR015W,YNL047C,0,-0.3329401,0.17272493243217468,0.6686626672744751,0.32096418738365173
YMR306W,YGR275W,0,-0.3330084,0.17268040776252747,0.6686626672744751,0.32106420397758484
YLR441C,YKR013W,0,-0.33308178,0.17263591289520264,0.6686626672744751,0.32116422057151794
YLR126C,YDR117C,0,-0.33323148,0.1725914478302002,0.6686626672744751,0.32126426696777344
YOR171C,YKL008C,0,-0.3334236,0.17254699766635895,0.6686626672744751,0.32136428356170654
YDR052C,YCL063W,0,-0.33342695,0.1725025773048401,0.6686626672744751,0.32146430015563965
YGR156W,YBL078C,0,-0.33371025,0.17245817184448242,0.6686626672744751,0.32156431674957275
YER056C-A,YDR358W,0,-0.33410108,0.17241379618644714,0.6686626672744751,0.32166433334350586
YGR275W,YOR288C,0,-0.33432832,0.17236943542957306,0.6686626672744751,0.32176434993743896
YDR266C,YMR271C,0,-0.33433324,0.17232510447502136,0.6686626672744751,0.32186436653137207
YOR217W,YKR039W,0,-0.3346249,0.17228078842163086,0.6686626672744751,0.3219643831253052
YDL191W,YER161C,0,-0.3348415,0.17223650217056274,0.6686626672744751,0.3220643997192383
YKR078W,YPL145C,1,-0.33522952,0.1724492460489273,0.6696606874465942,0.3220643997192383
YHR107C,YAR042W,1,-0.33535498,0.17266187071800232,0.6706587076187134,0.3220643997192383
YDR425W,YOR148C,0,-0.33540666,0.17261752486228943,0.6706587076187134,0.3221644461154938
YLR348C,YKL112W,0,-0.3355357,0.17257319390773773,0.6706587076187134,0.3222644627094269
YDR076W,YNL154C,0,-0.3357339,0.17252887785434723,0.6706587076187134,0.32236447930336
YKR097W,YOR246C,0,-0.33579925,0.1724846065044403,0.6706587076187134,0.3224644958972931
YKR003W,YFR021W,1,-0.33603537,0.17269694805145264,0.6716566681861877,0.3224644958972931
YDR380W,YPR121W,0,-0.33623248,0.17265264689922333,0.6716566681861877,0.3225645124912262
YBL112C,YBL019W,0,-0.33661252,0.1726083606481552,0.6716566681861877,0.3226645290851593
YDR196C,YKL088W,0,-0.33695355,0.17256410419940948,0.6716566681861877,0.3227645456790924
YNR017W,YDR294C,0,-0.33721173,0.17251986265182495,0.6716566681861877,0.3228645622730255
YGL237C,YKL117W,0,-0.3372122,0.1724756509065628,0.6716566681861877,0.3229645788669586
YDR107C,YOR274W,0,-0.3376678,0.17243146896362305,0.6716566681861877,0.3230646252632141
YDR038C,YAL023C,0,-0.33770496,0.17238730192184448,0.6716566681861877,0.3231646418571472
YER151C,YDR096W,0,-0.33792007,0.1723431497812271,0.6716566681861877,0.3232646584510803
YHR175W,YMR162C,0,-0.33808553,0.17229902744293213,0.6716566681861877,0.3233646750450134
YGL212W,YHR073W,1,-0.3381135,0.17251087725162506,0.6726546883583069,0.3233646750450134
YOR080W,YKL152C,0,-0.33812183,0.17246674001216888,0.6726546883583069,0.32346469163894653
YLR024C,YLR399C,0,-0.3383509,0.1724226176738739,0.6726546883583069,0.32356470823287964
YOR162C,YDL217C,0,-0.33835825,0.1723785102367401,0.6726546883583069,0.32366472482681274
YLL015W,YLL010C,0,-0.33853012,0.1723344475030899,0.6726546883583069,0.32376474142074585
YDL185W,YOL018C,0,-0.33867174,0.1722903847694397,0.6726546883583069,0.32386478781700134
YMR106C,YCR034W,0,-0.33870858,0.17224635183811188,0.6726546883583069,0.32396480441093445
YJL178C,YFR019W,1,-0.3389334,0.17245784401893616,0.673652708530426,0.32396480441093445
YPL091W,YGR284C,0,-0.3389809,0.17241379618644714,0.673652708530426,0.32406482100486755
YJR044C,YML042W,0,-0.33931538,0.17236976325511932,0.673652708530426,0.32416483759880066
YPL212C,YOR096W,0,-0.33952528,0.1723257601261139,0.673652708530426,0.32426485419273376
YJL081C,YOR140W,0,-0.33964765,0.17228177189826965,0.673652708530426,0.32436487078666687
YJR064W,YOL017W,0,-0.33996248,0.1722378134727478,0.673652708530426,0.3244648873806
YLR399C,YGR258C,0,-0.34005183,0.17219388484954834,0.673652708530426,0.3245649039745331
YLR141W,YHR002W,0,-0.34035486,0.17214995622634888,0.673652708530426,0.3246649205684662
YBR205W,YMR270C,0,-0.34048837,0.172106072306633,0.673652708530426,0.3247649669647217
YLR380W,YDL015C,0,-0.3405888,0.1720622032880783,0.673652708530426,0.3248649835586548
YJR031C,YLR427W,0,-0.34065753,0.17201834917068481,0.673652708530426,0.3249650001525879
YDR466W,YDR541C,0,-0.34069481,0.1719745248556137,0.673652708530426,0.325065016746521
YOR311C,YGL160W,0,-0.34112734,0.1719307154417038,0.673652708530426,0.3251650333404541
YMR186W,YMR302C,0,-0.34129024,0.17188693583011627,0.673652708530426,0.3252650499343872
YBR171W,YMR282C,0,-0.34153533,0.17184317111968994,0.673652708530426,0.3253650665283203
YJR064W,YLR372W,0,-0.34170556,0.171799436211586,0.673652708530426,0.3254650831222534
YOR307C,YGR171C,0,-0.341731,0.17175573110580444,0.673652708530426,0.3255650997161865
YBR213W,YDR279W,0,-0.34174865,0.1717120260000229,0.673652708530426,0.325665146112442
YJL128C,YOR326W,0,-0.34186578,0.17166836559772491,0.673652708530426,0.3257651627063751
YPR073C,YJL145W,0,-0.342036,0.17162472009658813,0.673652708530426,0.3258651793003082
YMR282C,YJL221C,0,-0.34227413,0.17158108949661255,0.673652708530426,0.32596519589424133
YFR021W,YGL212W,1,-0.3427328,0.17179161310195923,0.6746506690979004,0.32596519589424133
YGL099W,YIL080W,0,-0.34286344,0.17174796760082245,0.6746506690979004,0.32606521248817444
YLR086W,YDR218C,0,-0.34291637,0.17170433700084686,0.6746506690979004,0.32616522908210754
YPL144W,YPR082C,0,-0.3431667,0.17166073620319366,0.6746506690979004,0.32626524567604065
YOL071W,YBL010C,0,-0.34356642,0.17161716520786285,0.6746506690979004,0.32636526226997375
YBR126C,YOR323C,0,-0.3435992,0.17157360911369324,0.6746506690979004,0.32646527886390686
YKL024C,YJR007W,0,-0.3436545,0.17153006792068481,0.6746506690979004,0.32656532526016235
YKL024C,YPR113W,0,-0.34367633,0.17148655652999878,0.6746506690979004,0.32666534185409546
YDR109C,YDR354W,0,-0.34371978,0.17144306004047394,0.6746506690979004,0.32676535844802856
YHR016C,YNL163C,0,-0.34428525,0.17139959335327148,0.6746506690979004,0.32686537504196167
YER141W,YIL136W,0,-0.344513,0.17135614156723022,0.6746506690979004,0.3269653916358948
YBR251W,YLR105C,0,-0.34453958,0.17131271958351135,0.6746506690979004,0.3270654082298279
YPL078C,YKL116C,0,-0.3445412,0.17126931250095367,0.6746506690979004,0.327165424823761
YLR342W,YJL184W,0,-0.34484375,0.17122593522071838,0.6746506690979004,0.3272654414176941
YBR030W,YBR281C,0,-0.34486026,0.1711825728416443,0.6746506690979004,0.3273654878139496
YPL249C,YDL025C,0,-0.34488904,0.17113924026489258,0.6746506690979004,0.3274655044078827
YMR201C,YHR147C,0,-0.3452034,0.17109592258930206,0.6746506690979004,0.3275655210018158
YPR022C,YIL113W,0,-0.3452965,0.17105263471603394,0.6746506690979004,0.3276655375957489
YDR348C,YOR127W,0,-0.34544754,0.171009361743927,0.6746506690979004,0.327765554189682
YKL165C,YDR440W,0,-0.3457452,0.17096610367298126,0.6746506690979004,0.3278655707836151
YPL183W-A,YPR058W,0,-0.34583288,0.1709228754043579,0.6746506690979004,0.3279655873775482
YIL157C,YNR051C,0,-0.34637356,0.17087967693805695,0.6746506690979004,0.3280656039714813
YIR028W,YDR222W,0,-0.34643286,0.17083649337291718,0.6746506690979004,0.32816562056541443
YEL036C,YMR319C,0,-0.34691143,0.1707933247089386,0.6746506690979004,0.3282656669616699
YIL122W,YDR495C,0,-0.34744954,0.1707501858472824,0.6746506690979004,0.328365683555603
YIL050W,YHR143W-A,0,-0.34777373,0.1707070767879486,0.6746506690979004,0.32846570014953613
YNR036C,YOL142W,0,-0.34778064,0.1706639677286148,0.6746506690979004,0.32856571674346924
YBR200W,YJL002C,0,-0.34778923,0.1706209033727646,0.6746506690979004,0.32866573333740234
YDL202W,YOR321W,0,-0.34796762,0.17057783901691437,0.6746506690979004,0.32876574993133545
YHR140W,YNL073W,0,-0.3480174,0.17053481936454773,0.6746506690979004,0.32886576652526855
YJL123C,YLL055W,0,-0.34833163,0.1704917997121811,0.6746506690979004,0.32896578311920166
YGL130W,YPR048W,0,-0.3486275,0.17044880986213684,0.6746506690979004,0.32906579971313477
YDR508C,YKL107W,0,-0.34878302,0.17040584981441498,0.6746506690979004,0.32916584610939026
YHR083W,YBR084W,0,-0.34883487,0.1703629046678543,0.6746506690979004,0.32926586270332336
YOR221C,YOR084W,0,-0.3490703,0.17031997442245483,0.6746506690979004,0.32936587929725647
YDR363W-A,YDL198C,0,-0.34914303,0.17027707397937775,0.6746506690979004,0.3294658958911896
YOR061W,YER016W,0,-0.34919143,0.17023420333862305,0.6746506690979004,0.3295659124851227
YER087W,YOR326W,0,-0.34941167,0.17019133269786835,0.6746506690979004,0.3296659290790558
YGR038W,YBR158W,0,-0.3496045,0.17014850676059723,0.6746506690979004,0.3297659456729889
YPR047W,YOR355W,0,-0.3500871,0.1701056808233261,0.6746506690979004,0.329865962266922
YLR110C,YLR238W,0,-0.35019875,0.17006289958953857,0.6746506690979004,0.3299659788608551
YPL059W,YCL057W,0,-0.35032606,0.17002011835575104,0.6746506690979004,0.3300660252571106
YDR169C,YGL213C,0,-0.35040575,0.1699773669242859,0.6746506690979004,0.3301660418510437
YDR059C,YGR028W,0,-0.35055155,0.16993464529514313,0.6746506690979004,0.3302660584449768
YLR110C,YKL140W,0,-0.35061568,0.16989193856716156,0.6746506690979004,0.3303660750389099
YKL174C,YNL339C,0,-0.35178584,0.1698492467403412,0.6746506690979004,0.330466091632843
YNL262W,YDL064W,0,-0.35181034,0.1698065847158432,0.6746506690979004,0.3305661082267761
YPL111W,YDR032C,0,-0.35205287,0.1697639375925064,0.6746506690979004,0.33066612482070923
YER125W,YOR132W,1,-0.352323,0.16997238993644714,0.6756486892700195,0.33066612482070923
YGR062C,YDL231C,0,-0.3523693,0.16992971301078796,0.6756486892700195,0.33076614141464233
YEL050C,YAL031C,0,-0.35264474,0.16988708078861237,0.6756486892700195,0.3308661878108978
YHR107C,YGR193C,1,-0.352677,0.17009533941745758,0.6766467094421387,0.3308661878108978
YLR233C,YDR410C,0,-0.3528561,0.1700526773929596,0.6766467094421387,0.33096620440483093
YNR035C,YLR098C,0,-0.35321444,0.1700100302696228,0.6766467094421387,0.33106622099876404
YPR122W,YBL061C,0,-0.35326284,0.1699674129486084,0.6766467094421387,0.33116623759269714
YDR242W,YLR097C,0,-0.35330594,0.1699248105287552,0.6766467094421387,0.33126625418663025
YBL078C,YOR209C,0,-0.35335857,0.16988223791122437,0.6766467094421387,0.33136627078056335
YKL059C,YER045C,0,-0.3534965,0.16983968019485474,0.6766467094421387,0.33146628737449646
YGR092W,YEL011W,0,-0.35356134,0.1697971522808075,0.6766467094421387,0.33156630396842957
YPL011C,YDR117C,0,-0.35371786,0.16975463926792145,0.6766467094421387,0.33166632056236267
YMR008C,YIL082W-A,0,-0.3538801,0.1697121411561966,0.6766467094421387,0.33176636695861816
YMR121C,YDR169C,0,-0.3539207,0.16966967284679413,0.6766467094421387,0.33186638355255127
YML051W,YDL109C,0,-0.35413092,0.16962721943855286,0.6766467094421387,0.3319664001464844
YER101C,YDR116C,0,-0.35417604,0.16958479583263397,0.6766467094421387,0.3320664167404175
YDR313C,YER114C,1,-0.3545553,0.16979244351387024,0.6776447296142578,0.3320664167404175
YNR006W,YKR071C,0,-0.35463655,0.16975000500679016,0.6776447296142578,0.3321664333343506
YDR530C,YJL072C,0,-0.35477728,0.16970756649971008,0.6776447296142578,0.3322664499282837
YCR039C,YKR065C,0,-0.35501862,0.1696651726961136,0.6776447296142578,0.3323664665222168
YBR088C,YPL119C,0,-0.355029,0.1696227788925171,0.6776447296142578,0.3324664831161499
YBL023C,YER011W,0,-0.35527205,0.16958041489124298,0.6776447296142578,0.332566499710083
YJL090C,YBL091C-A,0,-0.3554101,0.16953808069229126,0.6776447296142578,0.3326665461063385
YML069W,YPR183W,0,-0.35545987,0.16949576139450073,0.6776447296142578,0.3327665627002716
YCL008C,YIL044C,0,-0.35562897,0.1694534569978714,0.6776447296142578,0.3328665792942047
YJL065C,YER012W,0,-0.35609776,0.16941118240356445,0.6776447296142578,0.3329665958881378
YLR371W,YJR076C,1,-0.35627717,0.16961835324764252,0.6786426901817322,0.3329665958881378
YLL022C,YBR014C,0,-0.35630828,0.16957606375217438,0.6786426901817322,0.3330666124820709
YJR086W,YOR323C,0,-0.35634983,0.16953378915786743,0.6786426901817322,0.33316662907600403
YMR186W,YDR128W,0,-0.35638165,0.16949152946472168,0.6786426901817322,0.33326664566993713
YFL057C,YMR270C,0,-0.356394,0.16944928467273712,0.6786426901817322,0.33336666226387024
YGR241C,YPR031W,0,-0.35643774,0.16940706968307495,0.6786426901817322,0.33346667885780334
YMR075W,YLR350W,0,-0.35655457,0.16936488449573517,0.6786426901817322,0.33356672525405884
YBL017C,YKR103W,0,-0.3567062,0.16932271420955658,0.6786426901817322,0.33366674184799194
YGR140W,YEL020C,0,-0.35672963,0.16928055882453918,0.6786426901817322,0.33376675844192505
YGL106W,YKR002W,0,-0.35724825,0.16923843324184418,0.6786426901817322,0.33386677503585815
YIR037W,YOL137W,0,-0.35753095,0.16919632256031036,0.6786426901817322,0.33396679162979126
YBR160W,YEL061C,0,-0.35790908,0.16915422677993774,0.6786426901817322,0.33406680822372437
YJR045C,YDR270W,0,-0.35839373,0.1691121608018875,0.6786426901817322,0.33416682481765747
YNL220W,YNL304W,0,-0.358496,0.16907010972499847,0.6786426901817322,0.3342668414115906
YMR135C,YPL256C,0,-0.35849702,0.16902808845043182,0.6786426901817322,0.33436688780784607
YGR277C,YKL046C,0,-0.35855097,0.16898608207702637,0.6786426901817322,0.3344669044017792
YBR205W,YDR462W,0,-0.35877007,0.1689441055059433,0.6786426901817322,0.3345669209957123
YJR104C,YDR382W,0,-0.35896087,0.16890212893486023,0.6786426901817322,0.3346669375896454
YOR076C,YBR040W,0,-0.35912395,0.16886019706726074,0.6786426901817322,0.3347669541835785
YGL119W,YHR206W,0,-0.3592469,0.16881826519966125,0.6786426901817322,0.3348669707775116
YKR061W,YBR084W,0,-0.35936624,0.16877637803554535,0.6786426901817322,0.3349669873714447
YKL059C,YGL245W,0,-0.35962546,0.16873449087142944,0.6786426901817322,0.3350670039653778
YML088W,YPL124W,0,-0.35972708,0.16869263350963593,0.6786426901817322,0.3351670205593109
YBL020W,YDR167W,0,-0.35985082,0.1686507910490036,0.6786426901817322,0.3352670669555664
YDL180W,YFL002C,0,-0.359856,0.16860897839069366,0.6786426901817322,0.3353670835494995
YHR099W,YOR173W,0,-0.35988307,0.16856718063354492,0.6786426901817322,0.3354671001434326
YDR354W,YMR087W,0,-0.35991067,0.16852539777755737,0.6786426901817322,0.3355671167373657
YKL137W,YPR159W,0,-0.36000723,0.1684836447238922,0.6786426901817322,0.33566713333129883
YGL145W,YMR271C,0,-0.360399,0.16844190657138824,0.6786426901817322,0.33576714992523193
YDR519W,YOL146W,0,-0.36040658,0.16840019822120667,0.6786426901817322,0.33586716651916504
YBR216C,YBR072W,0,-0.3609274,0.16835850477218628,0.6786426901817322,0.33596718311309814
YDR352W,YGR276C,0,-0.36094403,0.1683168262243271,0.6786426901817322,0.33606719970703125
YGL153W,YHL018W,0,-0.36126935,0.16827517747879028,0.6786426901817322,0.33616724610328674
YAL012W,YOR131C,0,-0.36129296,0.16823354363441467,0.6786426901817322,0.33626726269721985
YGL020C,YIR034C,0,-0.3613817,0.16819193959236145,0.6786426901817322,0.33636727929115295
YBL006C,YKR028W,0,-0.361493,0.16815035045146942,0.6786426901817322,0.33646729588508606
YJL137C,YGL120C,0,-0.36163723,0.1681087762117386,0.6786426901817322,0.33656731247901917
YMR277W,YDR013W,0,-0.36191463,0.16806723177433014,0.6786426901817322,0.33666732907295227
YNL163C,YLR446W,0,-0.36264622,0.16802570223808289,0.6786426901817322,0.3367673456668854
YLR027C,YML042W,0,-0.36329734,0.16798418760299683,0.6786426901817322,0.3368673622608185
YNL047C,YER114C,1,-0.36431813,0.16818967461585999,0.6796407103538513,0.3368673622608185
YJL178C,YOR099W,0,-0.3646391,0.16814814507961273,0.6796407103538513,0.3369673788547516
YPL187W,YLR423C,0,-0.36514735,0.16810664534568787,0.6796407103538513,0.3370674252510071
YER169W,YGR199W,0,-0.365317,0.168065145611763,0.6796407103538513,0.3371674418449402
YOR242C,YGR295C,0,-0.36609244,0.16802369058132172,0.6796407103538513,0.3372674584388733
YAL042W,YAR050W,0,-0.3663571,0.16798223555088043,0.6796407103538513,0.3373674750328064
YGL172W,YIL085C,0,-0.36656815,0.16794081032276154,0.6796407103538513,0.3374674916267395
YLR132C,YPL152W,0,-0.3666951,0.16789941489696503,0.6796407103538513,0.3375675082206726
YPR073C,YBL024W,0,-0.36670136,0.16785801947116852,0.6796407103538513,0.3376675248146057
YML104C,YBR200W,1,-0.3667283,0.16806308925151825,0.6806387305259705,0.3376675248146057
YKL027W,YGL123W,0,-0.36690533,0.16802167892456055,0.6806387305259705,0.3377675414085388
YCL014W,YDL225W,0,-0.3672002,0.16798029839992523,0.6806387305259705,0.3378675878047943
YER145C,YLR283W,0,-0.36721838,0.1679389327764511,0.6806387305259705,0.3379676043987274
YOR307C,YER068W,0,-0.36764538,0.16789758205413818,0.6806387305259705,0.3380676209926605
YPL048W,YFR019W,1,-0.3679102,0.16810238361358643,0.6816367506980896,0.3380676209926605
YHR107C,YIL105C,1,-0.36792517,0.1683070808649063,0.682634711265564,0.3380676209926605
YIL105C,YOR132W,1,-0.36793435,0.16851168870925903,0.6836327314376831,0.3380676209926605
YLR077W,YKR022C,0,-0.36801046,0.16847023367881775,0.6836327314376831,0.33816763758659363
YDR353W,YER118C,0,-0.3681513,0.16842882335186005,0.6836327314376831,0.33826765418052673
YDR264C,YBR098W,0,-0.36826158,0.16838741302490234,0.6836327314376831,0.33836767077445984
YNL032W,YJL028W,0,-0.36832905,0.16834603250026703,0.6836327314376831,0.33846768736839294
YML036W,YIR039C,0,-0.3684793,0.1683046668767929,0.6836327314376831,0.33856770396232605
YFR036W,YFL017W-A,0,-0.36876678,0.16826333105564117,0.6836327314376831,0.33866772055625916
YGL039W,YER025W,0,-0.3694157,0.16822201013565063,0.6836327314376831,0.33876776695251465
YBL005W-B,YKL195W,0,-0.3694644,0.1681807041168213,0.6836327314376831,0.33886778354644775
YGL043W,YOR190W,0,-0.36952728,0.16813942790031433,0.6836327314376831,0.33896780014038086
YDR392W,YDL004W,0,-0.36970705,0.16809816658496857,0.6836327314376831,0.33906781673431396
YGL150C,YBR128C,0,-0.36977124,0.168056920170784,0.6836327314376831,0.33916783332824707
YJL048C,YGL169W,0,-0.36999804,0.16801570355892181,0.6836327314376831,0.3392678499221802
YDR323C,YGL212W,1,-0.37030464,0.16821971535682678,0.6846307516098022,0.3392678499221802
YBR293W,YHR153C,0,-0.3703699,0.1681784689426422,0.6846307516098022,0.3393678665161133
YLR153C,YKL144C,0,-0.37045407,0.16813725233078003,0.6846307516098022,0.3394678831100464
YNL047C,YHR073W,1,-0.37078333,0.16834110021591187,0.6856287717819214,0.3394678831100464
YDR529C,YAL023C,0,-0.37115878,0.1682998538017273,0.6856287717819214,0.3395678997039795
YNL254C,YIL159W,0,-0.3711927,0.1682586371898651,0.6856287717819214,0.339667946100235
YHR143W-A,YOR303W,0,-0.37134075,0.16821743547916412,0.6856287717819214,0.3397679626941681
YGR123C,YBR097W,0,-0.37150866,0.16817624866962433,0.6856287717819214,0.3398679792881012
YER075C,YDR174W,0,-0.37157327,0.16813509166240692,0.6856287717819214,0.3399679958820343
YAR031W,YCR037C,0,-0.3716812,0.1680939495563507,0.6856287717819214,0.3400680124759674
YAL044C,YOR357C,1,-0.37189692,0.16829745471477509,0.6866267323493958,0.3400680124759674
YMR067C,YNL126W,0,-0.37221825,0.16825629770755768,0.6866267323493958,0.3401680290699005
YGR106C,YGL086W,0,-0.37222624,0.16821515560150146,0.6866267323493958,0.3402680456638336
YIL065C,YNL135C,0,-0.3725556,0.16817404329776764,0.6866267323493958,0.3403680622577667
YMR240C,YDL079C,0,-0.37269968,0.168132945895195,0.6866267323493958,0.34046807885169983
YDR478W,YKL213C,0,-0.37275678,0.16809186339378357,0.6866267323493958,0.3405681252479553
YLR304C,YJR075W,0,-0.37282544,0.16805081069469452,0.6866267323493958,0.3406681418418884
YBL041W,YKR035W-A,0,-0.3728509,0.16800977289676666,0.6866267323493958,0.34076815843582153
YKR019C,YBR265W,0,-0.37317836,0.16796875,0.6866267323493958,0.34086817502975464
YDL066W,YGR091W,0,-0.3733539,0.16792775690555573,0.6866267323493958,0.34096819162368774
YCL025C,YDR055W,0,-0.3734669,0.16788677871227264,0.6866267323493958,0.34106820821762085
YPR026W,YBL058W,0,-0.37346864,0.16784581542015076,0.6866267323493958,0.34116822481155396
YDR503C,YLR262C,0,-0.37359667,0.16780488193035126,0.6866267323493958,0.34126824140548706
YIL155C,YNR031C,0,-0.37361902,0.16776396334171295,0.6866267323493958,0.34136828780174255
YOL004W,YER088C,0,-0.3736738,0.16772305965423584,0.6866267323493958,0.34146830439567566
YPL115C,YBL085W,1,-0.37370825,0.1679259091615677,0.6876247525215149,0.34146830439567566
YPR054W,YDR522C,0,-0.37374192,0.16788499057292938,0.6876247525215149,0.34156832098960876
YDR148C,YGR241C,1,-0.37388438,0.1680876910686493,0.688622772693634,0.34156832098960876
YIL048W,YBL036C,0,-0.37407708,0.1680467575788498,0.688622772693634,0.34166833758354187
YPL212C,YAL041W,0,-0.37412763,0.1680058389902115,0.688622772693634,0.341768354177475
YNL323W,YOR202W,0,-0.37426358,0.16796495020389557,0.688622772693634,0.3418683707714081
YJL225C,YMR092C,0,-0.37429285,0.16792407631874084,0.688622772693634,0.3419683873653412
YKR031C,YGL212W,1,-0.37435144,0.16812652349472046,0.6896207332611084,0.3419683873653412
YGL163C,YAL043C,0,-0.37437487,0.16808561980724335,0.6896207332611084,0.3420684039592743
YNL280C,YHR041C,0,-0.37439692,0.16804474592208862,0.6896207332611084,0.3421684205532074
YNL124W,YGR220C,0,-0.37445617,0.1680038869380951,0.6896207332611084,0.3422684669494629
YJR083C,YGL121C,0,-0.3745132,0.16796305775642395,0.6896207332611084,0.342368483543396
YJL137C,YOR284W,0,-0.3746804,0.1679222285747528,0.6896207332611084,0.3424685001373291
YPL064C,YIL035C,0,-0.37497103,0.16788144409656525,0.6896207332611084,0.3425685167312622
YMR300C,YML110C,0,-0.37501425,0.16784065961837769,0.6896207332611084,0.3426685333251953
YGL048C,YBL060W,0,-0.37508535,0.1677999049425125,0.6896207332611084,0.3427685499191284
YBL085W,YNL243W,1,-0.3751713,0.1680019348859787,0.6906187534332275,0.3427685499191284
YAL044C,YOR132W,1,-0.37517887,0.16820389032363892,0.6916167736053467,0.3427685499191284
YGR133W,YBL101C,0,-0.3752305,0.16816306114196777,0.6916167736053467,0.3428685665130615
YMR188C,YGR157W,0,-0.3754102,0.1681222766637802,0.6916167736053467,0.34296858310699463
YGR101W,YML054C,0,-0.37541044,0.16808149218559265,0.6916167736053467,0.34306859970092773
YBR087W,YNL261W,0,-0.3755597,0.16804073750972748,0.6916167736053467,0.3431686460971832
YLR130C,YHR013C,0,-0.37556916,0.1679999977350235,0.6916167736053467,0.34326866269111633
YDR291W,YNL166C,0,-0.37558317,0.1679592877626419,0.6916167736053467,0.34336867928504944
YOL125W,YNL274C,0,-0.37578565,0.16791857779026031,0.6916167736053467,0.34346869587898254
YER044C,YAL029C,0,-0.37580317,0.1678779125213623,0.6916167736053467,0.34356871247291565
YLR439W,YKL201C,0,-0.37596196,0.1678372472524643,0.6916167736053467,0.34366872906684875
YGL207W,YOR326W,0,-0.3761341,0.16779661178588867,0.6916167736053467,0.34376874566078186
YJR025C,YMR070W,0,-0.37638462,0.16775599122047424,0.6916167736053467,0.34386876225471497
YJR010W,YIR033W,0,-0.37646717,0.167715385556221,0.6916167736053467,0.34396880865097046
YNL213C,YNL241C,0,-0.37654138,0.16767480969429016,0.6916167736053467,0.34406882524490356
YGL145W,YGR179C,0,-0.37691712,0.1676342487335205,0.6916167736053467,0.34416884183883667
YOR322C,YAL016W,0,-0.3771394,0.16759371757507324,0.6916167736053467,0.3442688584327698
YPL186C,YDR499W,0,-0.3771479,0.16755318641662598,0.6916167736053467,0.3443688750267029
YMR113W,YDL111C,0,-0.37717807,0.1675126850605011,0.6916167736053467,0.344468891620636
YBR077C,YOR243C,0,-0.37719578,0.1674722135066986,0.6916167736053467,0.3445689082145691
YPL078C,YKR020W,0,-0.37724984,0.16743174195289612,0.6916167736053467,0.3446689248085022
YHR184W,YOR215C,0,-0.37797433,0.16739130020141602,0.6916167736053467,0.3447689414024353
YKL164C,YKR067W,0,-0.3780793,0.1673508882522583,0.6916167736053467,0.3448689877986908
YLR136C,YLR098C,0,-0.37808716,0.16731047630310059,0.6916167736053467,0.3449690043926239
YDR304C,YML056C,0,-0.3781188,0.16727009415626526,0.6916167736053467,0.345069020986557
YNR056C,YDL129W,0,-0.37823868,0.16722972691059113,0.6916167736053467,0.3451690375804901
YDR153C,YKL161C,0,-0.37848616,0.16718938946723938,0.6916167736053467,0.3452690541744232
YDR014W,YER147C,0,-0.37849283,0.16714905202388763,0.6916167736053467,0.3453690707683563
YJL133W,YOL018C,0,-0.37865746,0.16710875928401947,0.6916167736053467,0.34546908736228943
YDR017C,YFL021W,0,-0.3786615,0.1670684665441513,0.6916167736053467,0.34556910395622253
YBR187W,YLR050C,0,-0.37869674,0.16702820360660553,0.6916167736053467,0.34566912055015564
YPL226W,YDR062W,0,-0.37886333,0.16698795557022095,0.6916167736053467,0.34576916694641113
YGR247W,YNL095C,0,-0.3794536,0.16694772243499756,0.6916167736053467,0.34586918354034424
YGR054W,YDR498C,0,-0.37997228,0.16690751910209656,0.6916167736053467,0.34596920013427734
YLR308W,YLR095C,0,-0.38000798,0.16686733067035675,0.6916167736053467,0.34606921672821045
YKL085W,YNL052W,0,-0.3800264,0.16682715713977814,0.6916167736053467,0.34616923332214355
YJR031C,YDR371W,0,-0.3803069,0.16678699851036072,0.6916167736053467,0.34626924991607666
YBL022C,YDR116C,0,-0.38034362,0.16674686968326569,0.6916167736053467,0.34636926651000977
YKL163W,YKR026C,0,-0.3803507,0.16670675575733185,0.6916167736053467,0.34646928310394287
YPL095C,YBR198C,0,-0.38061136,0.1666666716337204,0.6916167736053467,0.346569299697876
YKL168C,YHR121W,0,-0.38071036,0.16662658751010895,0.6916167736053467,0.34666934609413147
YNL308C,YJR149W,0,-0.38081992,0.16658653318881989,0.6916167736053467,0.3467693626880646
YIL121W,YOL138C,0,-0.38128543,0.1665465086698532,0.6916167736053467,0.3468693792819977
YCR083W,YNL273W,0,-0.38137287,0.16650648415088654,0.6916167736053467,0.3469693958759308
YPR097W,YHR073W,1,-0.3814286,0.16670669615268707,0.6926147937774658,0.3469693958759308
YJL030W,YLR178C,0,-0.38165605,0.1666666716337204,0.6926147937774658,0.3470694124698639
YDR390C,YGR070W,0,-0.38167876,0.16662664711475372,0.6926147937774658,0.347169429063797
YCR020C,YHL008C,0,-0.38168025,0.16658665239810944,0.6926147937774658,0.3472694456577301
YDR457W,YGL084C,0,-0.38180077,0.16654667258262634,0.6926147937774658,0.3473694622516632
YIL093C,YJL072C,0,-0.3818347,0.16650672256946564,0.6926147937774658,0.3474695086479187
YBL061C,YKR059W,0,-0.38201082,0.16646677255630493,0.6926147937774658,0.3475695252418518
YJL073W,YLR132C,0,-0.38207263,0.1664268523454666,0.6926147937774658,0.3476695418357849
YOR181W,YGR256W,0,-0.3821478,0.16638696193695068,0.6926147937774658,0.347769558429718
YBR251W,YKL203C,0,-0.38245076,0.16634707152843475,0.6926147937774658,0.3478695750236511
YBL006C,YPR033C,0,-0.38252157,0.1663072109222412,0.6926147937774658,0.34796959161758423
YDL084W,YNL230C,0,-0.38253117,0.16626736521720886,0.6926147937774658,0.34806960821151733
YGR092W,YAL055W,0,-0.38282257,0.1662275493144989,0.6926147937774658,0.34816962480545044
YKR025W,YNR021W,0,-0.38312835,0.16618773341178894,0.6926147937774658,0.34826964139938354
YFR029W,YIR025W,0,-0.3832624,0.16614794731140137,0.6926147937774658,0.34836968779563904
YMR188C,YMR100W,0,-0.38348454,0.16610819101333618,0.6926147937774658,0.34846970438957214
YOR243C,YGR144W,0,-0.3835649,0.166068434715271,0.6926147937774658,0.34856972098350525
YLR084C,YLL028W,0,-0.38361335,0.1660287082195282,0.6926147937774658,0.34866973757743835
YIR023W,YKL041W,0,-0.3843692,0.1659889966249466,0.6926147937774658,0.34876975417137146
YKL201C,YJL106W,0,-0.38437325,0.16594929993152618,0.6926147937774658,0.34886977076530457
YBL074C,YMR088C,0,-0.38452226,0.16590963304042816,0.6926147937774658,0.34896978735923767
YDR349C,YCL059C,0,-0.38453132,0.16586998105049133,0.6926147937774658,0.3490698039531708
YGL223C,YPL226W,0,-0.38475347,0.1658303439617157,0.6926147937774658,0.3491698205471039
YLL015W,YBR102C,0,-0.38517708,0.16579073667526245,0.6926147937774658,0.3492698669433594
YMR043W,YDL092W,0,-0.38528347,0.1657511293888092,0.6926147937774658,0.3493698835372925
YOR044W,YMR198W,0,-0.38531077,0.16571155190467834,0.6926147937774658,0.3494699001312256
YPR113W,YKL119C,0,-0.38531268,0.16567200422286987,0.6926147937774658,0.3495699167251587
YDR318W,YKL017C,0,-0.3859744,0.1656324565410614,0.6926147937774658,0.3496699333190918
YJL206C,YLR238W,0,-0.38633102,0.16559293866157532,0.6926147937774658,0.3497699499130249
YGL022W,YDL216C,0,-0.3864156,0.16555343568325043,0.6926147937774658,0.349869966506958
YPR070W,YDR016C,0,-0.38643777,0.16551394760608673,0.6926147937774658,0.3499699831008911
YGL023C,YHR073W,1,-0.38648462,0.16571292281150818,0.6936127543449402,0.3499699831008911
YLR071C,YIL093C,0,-0.38713378,0.1656734198331833,0.6936127543449402,0.3500699996948242
YDR077W,YKR055W,0,-0.38735348,0.1656339317560196,0.6936127543449402,0.3501700460910797
YJR060W,YAL010C,0,-0.38773733,0.16559447348117828,0.6936127543449402,0.3502700626850128
YJL143W,YNL178W,0,-0.38779593,0.16555503010749817,0.6936127543449402,0.3503700792789459
YNL047C,YBL085W,1,-0.38802946,0.16575375199317932,0.6946107745170593,0.3503700792789459
YGR223C,YBL085W,1,-0.38808298,0.1659523844718933,0.6956087946891785,0.3503700792789459
YBR167C,YGR186W,0,-0.38814044,0.16591288149356842,0.6956087946891785,0.35047009587287903
YOR054C,YMR150C,0,-0.38827038,0.16587339341640472,0.6956087946891785,0.35057011246681213
YBL089W,YFR003C,0,-0.38896,0.16583393514156342,0.6956087946891785,0.35067012906074524
YOR069W,YKR078W,1,-0.3892622,0.1660323441028595,0.6966068148612976,0.35067012906074524
YDL113C,YML072C,1,-0.3893994,0.1662306785583496,0.697604775428772,0.35067012906074524
YDR046C,YKR003W,0,-0.389574,0.16619116067886353,0.697604775428772,0.35077014565467834
YPL241C,YGL012W,0,-0.3896913,0.16615165770053864,0.697604775428772,0.35087016224861145
YOR046C,YJL203W,0,-0.3897695,0.16611216962337494,0.697604775428772,0.35097020864486694
YER114C,YBR200W,1,-0.38983196,0.16631028056144714,0.6986027956008911,0.35097020864486694
YJL042W,YKL139W,0,-0.39022982,0.16627077758312225,0.6986027956008911,0.35107022523880005
YNL078W,YPR029C,0,-0.3903314,0.16623130440711975,0.6986027956008911,0.35117024183273315
YLL054C,YDR346C,0,-0.3906858,0.16619183123111725,0.6986027956008911,0.35127025842666626
YBR291C,YDL021W,0,-0.390908,0.16615238785743713,0.6986027956008911,0.35137027502059937
YLL009C,YKL190W,0,-0.3910939,0.1661129593849182,0.6986027956008911,0.35147029161453247
YIL039W,YLL036C,0,-0.39126623,0.16607354581356049,0.6986027956008911,0.3515703082084656
YJL156C,YLL055W,0,-0.39137948,0.16603416204452515,0.6986027956008911,0.3516703248023987
YNL134C,YGR095C,0,-0.39187372,0.1659947782754898,0.6986027956008911,0.3517703413963318
YKL100C,YNL125C,0,-0.39188325,0.16595542430877686,0.6986027956008911,0.3518703877925873
YBL021C,YDR538W,0,-0.39191657,0.1659161001443863,0.6986027956008911,0.3519704043865204
YOR069W,YLR314C,1,-0.39195836,0.1661137491464615,0.6996008157730103,0.3519704043865204
YGL128C,YBL011W,0,-0.3920316,0.16607439517974854,0.6996008157730103,0.3520704209804535
YJL178C,YER125W,1,-0.39203775,0.16627191007137299,0.7005987763404846,0.3520704209804535
YPL055C,YBR281C,0,-0.3921771,0.16623254120349884,0.7005987763404846,0.3521704375743866
YNL001W,YBR176W,0,-0.39252412,0.1661931872367859,0.7005987763404846,0.3522704541683197
YJR044C,YMR297W,0,-0.39256036,0.16615384817123413,0.7005987763404846,0.3523704707622528
YAR042W,YDL019C,1,-0.39270228,0.16635115444660187,0.7015967965126038,0.3523704707622528
YLR165C,YGL224C,0,-0.39272618,0.16631180047988892,0.7015967965126038,0.3524704873561859
YJR159W,YBR236C,0,-0.3928517,0.16627247631549835,0.7015967965126038,0.352570503950119
YER106W,YFL024C,0,-0.39285225,0.1662331521511078,0.7015967965126038,0.3526705205440521
YHR161C,YJR125C,1,-0.39289147,0.16643026471138,0.7025948166847229,0.3526705205440521
YGL251C,YJL141C,0,-0.39305937,0.16639092564582825,0.7025948166847229,0.3527705669403076
YER053C,YLR343W,0,-0.393071,0.16635160148143768,0.7025948166847229,0.3528705835342407
YOR073W,YPR082C,0,-0.39349657,0.1663123071193695,0.7025948166847229,0.35297060012817383
YMR307W,YML019W,0,-0.3935691,0.16627302765846252,0.7025948166847229,0.35307061672210693
YJR044C,YHR046C,0,-0.39359307,0.16623376309871674,0.7025948166847229,0.35317063331604004
YNL087W,YGL212W,1,-0.39362943,0.16643059253692627,0.703592836856842,0.35317063331604004
YMR283C,YPR124W,0,-0.39375895,0.1663913130760193,0.703592836856842,0.35327064990997314
YLR301W,YCL052C,0,-0.39403802,0.1663520485162735,0.703592836856842,0.35337066650390625
YIL084C,YPL066W,0,-0.39414477,0.1663128137588501,0.703592836856842,0.35347068309783936
YCR089W,YGL134W,0,-0.39429492,0.1662735790014267,0.703592836856842,0.35357069969177246
YGL185C,YNL300W,0,-0.39437562,0.16623437404632568,0.703592836856842,0.35367074608802795
YNL213C,YMR280C,0,-0.39454478,0.16619518399238586,0.703592836856842,0.35377076268196106
YHL019C,YDR536W,0,-0.39456564,0.16615602374076843,0.703592836856842,0.35387077927589417
YPL017C,YMR005W,0,-0.39479762,0.166116863489151,0.703592836856842,0.35397079586982727
YDR044W,YLR368W,0,-0.3948195,0.16607773303985596,0.703592836856842,0.3540708124637604
YKL059C,YGR058W,0,-0.39490086,0.1660386174917221,0.703592836856842,0.3541708290576935
YMR054W,YDL216C,0,-0.39496315,0.16599953174591064,0.703592836856842,0.3542708456516266
YMR267W,YLL028W,0,-0.395163,0.16596044600009918,0.703592836856842,0.3543708622455597
YOR245C,YNL244C,0,-0.39525992,0.1659213900566101,0.703592836856842,0.3544709086418152
YML058W,YAR019C,0,-0.3956462,0.16588234901428223,0.703592836856842,0.3545709252357483
YCR071C,YLR314C,0,-0.39577574,0.16584333777427673,0.703592836856842,0.3546709418296814
YGL180W,YLR316C,0,-0.39608586,0.16580432653427124,0.703592836856842,0.3547709584236145
YBL069W,YGL060W,0,-0.39616627,0.16576534509658813,0.703592836856842,0.3548709750175476
YJR060W,YGR247W,0,-0.39628804,0.16572637856006622,0.703592836856842,0.3549709916114807
YAR042W,YOR357C,1,-0.39636403,0.16592244803905487,0.7045907974243164,0.3549709916114807
YBR244W,YJR077C,0,-0.39662915,0.16588345170021057,0.7045907974243164,0.3550710082054138
YKL085W,YLR310C,0,-0.39678013,0.16584448516368866,0.7045907974243164,0.3551710247993469
YLL062C,YMR218C,0,-0.39689505,0.16580554842948914,0.7045907974243164,0.35527104139328003
YMR013C,YOR140W,0,-0.3969891,0.1657666116952896,0.7045907974243164,0.3553710877895355
YNL107W,YPL106C,0,-0.3970052,0.16572770476341248,0.7045907974243164,0.35547110438346863
YMR065W,YGL207W,0,-0.39733255,0.16568881273269653,0.7045907974243164,0.35557112097740173
YBR183W,YOR270C,0,-0.39778113,0.16564993560314178,0.7045907974243164,0.35567113757133484
YJL178C,YPL115C,1,-0.39783603,0.16584564745426178,0.7055888175964355,0.35567113757133484
YKL220C,YDL006W,0,-0.39788842,0.16580675542354584,0.7055888175964355,0.35577115416526794
YKL184W,YGR262C,0,-0.39791363,0.1657678782939911,0.7055888175964355,0.35587117075920105
YMR221C,YJR152W,0,-0.3979432,0.16572901606559753,0.7055888175964355,0.35597118735313416
YLR110C,YKL038W,0,-0.3980025,0.16569018363952637,0.7055888175964355,0.35607120394706726
YIL079C,YOL043C,0,-0.39800805,0.1656513661146164,0.7055888175964355,0.35617122054100037
YBR084C-A,YMR078C,0,-0.39812207,0.16561254858970642,0.7055888175964355,0.35627126693725586
YLR086W,YNL169C,0,-0.3981896,0.16557377576828003,0.7055888175964355,0.35637128353118896
YCR011C,YPL274W,0,-0.39827037,0.16553500294685364,0.7055888175964355,0.35647130012512207
YDL044C,YNL085W,0,-0.39827502,0.16549625992774963,0.7055888175964355,0.3565713167190552
YGL128C,YLR262C,0,-0.39835405,0.16545751690864563,0.7055888175964355,0.3566713333129883
YJR119C,YGL039W,0,-0.3985262,0.1654188185930252,0.7055888175964355,0.3567713499069214
YNL302C,YMR284W,0,-0.39863837,0.16538012027740479,0.7055888175964355,0.3568713665008545
YPL086C,YLR035C,0,-0.3988009,0.16534143686294556,0.7055888175964355,0.3569713830947876
YLR287C-A,YPR103W,0,-0.39887828,0.16530278325080872,0.7055888175964355,0.3570713996887207
YPR005C,YHL032C,0,-0.39904374,0.16526414453983307,0.7055888175964355,0.3571714460849762
YDR457W,YGL186C,0,-0.3992706,0.16522552073001862,0.7055888175964355,0.3572714626789093
YBL103C,YCR097W,0,-0.3994558,0.16518691182136536,0.7055888175964355,0.3573714792728424
YMR013C,YIL023C,0,-0.39947402,0.16514833271503448,0.7055888175964355,0.3574714958667755
YML054C,YNL279W,0,-0.39947844,0.1651097685098648,0.7055888175964355,0.3575715124607086
YGR101W,YOR311C,0,-0.39952987,0.16507121920585632,0.7055888175964355,0.3576715290546417
YGL038C,YJL091C,0,-0.3995949,0.16503268480300903,0.7055888175964355,0.35777154564857483
YFR021W,YLR371W,1,-0.39983344,0.16522753238677979,0.7065868377685547,0.35777154564857483
YIL091C,YDR182W,0,-0.40015316,0.1651889830827713,0.7065868377685547,0.35787156224250793
YOR299W,YNL289W,0,-0.40020686,0.165150448679924,0.7065868377685547,0.3579716086387634
YDR446W,YNL310C,0,-0.40022326,0.1651119440793991,0.7065868377685547,0.35807162523269653
YER157W,YGR209C,0,-0.40047902,0.1650734394788742,0.7065868377685547,0.35817164182662964
YGL162W,YNL085W,0,-0.4007029,0.1650349646806717,0.7065868377685547,0.35827165842056274
YPR011C,YPR145W,0,-0.40071535,0.16499650478363037,0.7065868377685547,0.35837167501449585
YKR031C,YNL152W,1,-0.40081602,0.16519105434417725,0.7075848579406738,0.35837167501449585
YMR079W,YDR432W,0,-0.40094244,0.16515257954597473,0.7075848579406738,0.35847169160842896
YPR041W,YDL239C,0,-0.4009655,0.1651141196489334,0.7075848579406738,0.35857170820236206
YLR410W,YML042W,0,-0.40110672,0.16507567465305328,0.7075848579406738,0.35867172479629517
YER019C-A,YNL217W,0,-0.40150255,0.16503724455833435,0.7075848579406738,0.35877174139022827
YOR069W,YNL071W,1,-0.4017467,0.16523155570030212,0.7085828185081482,0.35877174139022827
YLR010C,YAL023C,0,-0.4017918,0.165193110704422,0.7085828185081482,0.35887178778648376
YDR346C,YHR132C,0,-0.40180463,0.16515468060970306,0.7085828185081482,0.35897180438041687
YPL015C,YOR155C,0,-0.4018255,0.16511628031730652,0.7085828185081482,0.35907182097435
YER101C,YNL284C,0,-0.40189862,0.16507789492607117,0.7085828185081482,0.3591718375682831
YNL245C,YMR047C,0,-0.40191275,0.16503950953483582,0.7085828185081482,0.3592718541622162
YIL134W,YDR310C,0,-0.40207368,0.16500116884708405,0.7085828185081482,0.3593718707561493
YNL202W,YOL138C,0,-0.40208519,0.16496282815933228,0.7085828185081482,0.3594718873500824
YDL225W,YGL023C,1,-0.40249115,0.1651567965745926,0.7095808386802673,0.3594718873500824
YML064C,YOR128C,0,-0.40265894,0.16511844098567963,0.7095808386802673,0.3595719039440155
YKL049C,YNL146W,0,-0.40283138,0.16508010029792786,0.7095808386802673,0.3596719205379486
YLR147C,YFL037W,0,-0.40304047,0.16504178941249847,0.7095808386802673,0.3597719669342041
YLR404W,YDR126W,0,-0.4034189,0.1650034785270691,0.7095808386802673,0.3598719835281372
YNL160W,YMR115W,0,-0.40392846,0.1649651974439621,0.7095808386802673,0.3599720001220703
YLR388W,YDL107W,0,-0.40396518,0.1649269312620163,0.7095808386802673,0.3600720167160034
YNR023W,YMR198W,0,-0.40402848,0.1648886799812317,0.7095808386802673,0.3601720333099365
YLR246W,YFL048C,0,-0.40415478,0.16485045850276947,0.7095808386802673,0.36027204990386963
YDR312W,YJL091C,0,-0.40436888,0.16481223702430725,0.7095808386802673,0.36037206649780273
YJR093C,YJR090C,0,-0.40442222,0.16477404534816742,0.7095808386802673,0.36047208309173584
YHR171W,YHR129C,0,-0.40499824,0.16473586857318878,0.7095808386802673,0.36057209968566895
YMR257C,YJL209W,0,-0.40559572,0.16469770669937134,0.7095808386802673,0.36067214608192444
YOR367W,YHR032W,0,-0.40567237,0.1646595597267151,0.7095808386802673,0.36077216267585754
YLR005W,YPL230W,0,-0.4059673,0.16462144255638123,0.7095808386802673,0.36087217926979065
YDR511W,YAL009W,0,-0.40599906,0.16458334028720856,0.7095808386802673,0.36097219586372375
YNL049C,YBR037C,0,-0.40610123,0.1645452380180359,0.7095808386802673,0.36107221245765686
YER004W,YPL214C,0,-0.4061703,0.1645071655511856,0.7095808386802673,0.36117222905158997
YIL042C,YML042W,0,-0.40679866,0.16446912288665771,0.7095808386802673,0.36127224564552307
YHR116W,YLL002W,0,-0.40727115,0.16443108022212982,0.7095808386802673,0.3613722622394562
YDR364C,YDR481C,0,-0.40750533,0.16439306735992432,0.7095808386802673,0.36147230863571167
YNR018W,YLL052C,0,-0.40769994,0.16435506939888,0.7095808386802673,0.3615723252296448
YJL170C,YOL151W,0,-0.40775722,0.1643170714378357,0.7095808386802673,0.3616723418235779
YDL161W,YMR201C,0,-0.40803087,0.16427911818027496,0.7095808386802673,0.361772358417511
YER184C,YHR025W,0,-0.40824103,0.16424116492271423,0.7095808386802673,0.3618723750114441
YOL034W,YGR010W,0,-0.40837538,0.1642032265663147,0.7095808386802673,0.3619723916053772
YLR307W,YLR343W,0,-0.40846574,0.16416531801223755,0.7095808386802673,0.3620724081993103
YKR014C,YIL082W-A,0,-0.40873438,0.1641274243593216,0.7095808386802673,0.3621724247932434
YJR130C,YDR409W,0,-0.40883148,0.16408954560756683,0.7095808386802673,0.3622724413871765
YGR218W,YMR179W,0,-0.40888947,0.16405168175697327,0.7095808386802673,0.362372487783432
YLR005W,YLR109W,0,-0.40895075,0.1640138477087021,0.7095808386802673,0.3624725043773651
YOR046C,YAL058W,0,-0.40902597,0.1639760136604309,0.7095808386802673,0.3625725209712982
YBR217W,YDR174W,0,-0.4093067,0.16393820941448212,0.7095808386802673,0.3626725375652313
YJL178C,YML072C,1,-0.40932655,0.16413094103336334,0.7105788588523865,0.3626725375652313
YDR331W,YMR166C,0,-0.40934962,0.16409310698509216,0.7105788588523865,0.36277255415916443
YDR003W,YBL066C,0,-0.4095103,0.16405530273914337,0.7105788588523865,0.36287257075309753
YPL177C,YIL099W,0,-0.40959167,0.16401751339435577,0.7105788588523865,0.36297258734703064
YEL030W,YGL172W,0,-0.40975744,0.16397973895072937,0.7105788588523865,0.36307260394096375
YMR036C,YPR066W,0,-0.40986562,0.16394197940826416,0.7105788588523865,0.36317262053489685
YPR145W,YNL049C,0,-0.4101895,0.16390423476696014,0.7105788588523865,0.36327266693115234
YJL080C,YGR135W,0,-0.41041738,0.16386651992797852,0.7105788588523865,0.36337268352508545
YPL192C,YER012W,0,-0.41045076,0.1638288050889969,0.7105788588523865,0.36347270011901855
YHR039C-A,YJL176C,0,-0.41056383,0.16379112005233765,0.7105788588523865,0.36357271671295166
YPL132W,YNR015W,0,-0.41098273,0.1637534499168396,0.7105788588523865,0.36367273330688477
YDL059C,YKL120W,0,-0.41124547,0.16371579468250275,0.7105788588523865,0.36377274990081787
YBR171W,YGR084C,0,-0.41143668,0.1636781543493271,0.7105788588523865,0.363872766494751
YMR198W,YLL023C,0,-0.4115861,0.16364054381847382,0.7105788588523865,0.3639727830886841
YBL069W,YBR079C,0,-0.4116338,0.16360294818878174,0.7105788588523865,0.3640727996826172
YNR032W,YNL259C,0,-0.41177297,0.16356535255908966,0.7105788588523865,0.3641728460788727
YMR080C,YDR310C,0,-0.4118998,0.16352778673171997,0.7105788588523865,0.3642728626728058
YIL078W,YFR052W,0,-0.41202205,0.16349023580551147,0.7105788588523865,0.3643728792667389
YPL088W,YMR247C,0,-0.41205335,0.16345271468162537,0.7105788588523865,0.364472895860672
YGL079W,YGR026W,0,-0.4124555,0.16341519355773926,0.7105788588523865,0.3645729124546051
YHR200W,YDR451C,0,-0.41266418,0.16337770223617554,0.7105788588523865,0.3646729290485382
YJL019W,YMR276W,0,-0.41304082,0.16334021091461182,0.7105788588523865,0.3647729456424713
YDR216W,YOR025W,0,-0.41332018,0.16330274939537048,0.7105788588523865,0.3648729622364044
YDR117C,YBR164C,0,-0.4133553,0.16326530277729034,0.7105788588523865,0.3649730086326599
YER174C,YMR161W,0,-0.41362423,0.1632278710603714,0.7105788588523865,0.365073025226593
YHR196W,YGR222W,0,-0.4139037,0.16319046914577484,0.7105788588523865,0.3651730418205261
YNL092W,YKL201C,0,-0.41394818,0.16315306723117828,0.7105788588523865,0.36527305841445923
YHR105W,YNL152W,1,-0.41403258,0.16334478557109833,0.7115768194198608,0.36527305841445923
YMR006C,YOL007C,0,-0.4140398,0.16330736875534058,0.7115768194198608,0.36537307500839233
YNL213C,YNL005C,0,-0.4146012,0.1632699817419052,0.7115768194198608,0.36547309160232544
YDR297W,YIR012W,0,-0.4146598,0.16323259472846985,0.7115768194198608,0.36557310819625854
YNL160W,YCR017C,0,-0.41467744,0.16319523751735687,0.7115768194198608,0.36567312479019165
YPR028W,YJL097W,0,-0.4147218,0.1631578952074051,0.7115768194198608,0.36577314138412476
YLR403W,YMR266W,0,-0.4148122,0.1631205677986145,0.7115768194198608,0.36587318778038025
YGL011C,YKL065C,0,-0.41491383,0.1630832552909851,0.7115768194198608,0.36597320437431335
YMR176W,YKR101W,0,-0.4150076,0.1630459576845169,0.7115768194198608,0.36607322096824646
YIL132C,YKL093W,0,-0.41522026,0.1630086898803711,0.7115768194198608,0.36617323756217957
YOL086C,YOL142W,0,-0.41525298,0.16297142207622528,0.7115768194198608,0.36627325415611267
YNL154C,YOR141C,0,-0.4154936,0.16293418407440186,0.7115768194198608,0.3663732707500458
YPR119W,YJL074C,0,-0.41578263,0.16289696097373962,0.7115768194198608,0.3664732873439789
YLR130C,YNL274C,0,-0.41608256,0.1628597527742386,0.7115768194198608,0.366573303937912
YNL220W,YGR152C,0,-0.41665375,0.16282255947589874,0.7115768194198608,0.3666733205318451
YBR132C,YLL051C,0,-0.41700995,0.1627853810787201,0.7115768194198608,0.3667733669281006
YER082C,YER162C,0,-0.4170419,0.16274823248386383,0.7115768194198608,0.3668733835220337
YJL048C,YPR101W,0,-0.417467,0.16271108388900757,0.7115768194198608,0.3669734001159668
YFR021W,YML072C,1,-0.41884643,0.1629021167755127,0.71257483959198,0.3669734001159668
YDR099W,YMR152W,0,-0.41890192,0.16286496818065643,0.71257483959198,0.3670734167098999
YDL065C,YLR120C,0,-0.41891855,0.16282781958580017,0.71257483959198,0.367173433303833
YFR001W,YPL059W,0,-0.41903418,0.1627907007932663,0.71257483959198,0.3672734498977661
YGL233W,YMR323W,0,-0.4192515,0.16275359690189362,0.71257483959198,0.3673734664916992
YOR115C,YJL006C,0,-0.41939878,0.16271649301052094,0.71257483959198,0.3674734830856323
YLR433C,YDR121W,0,-0.4195888,0.16267941892147064,0.71257483959198,0.3675735294818878
YDR171W,YEL053C,0,-0.41968817,0.16264237463474274,0.71257483959198,0.3676735460758209
YJR110W,YLR050C,0,-0.42040378,0.16260533034801483,0.71257483959198,0.36777356266975403
YJR075W,YMR203W,0,-0.42070752,0.16256830096244812,0.71257483959198,0.36787357926368713
YMR112C,YJL036W,0,-0.42097282,0.1625313013792038,0.71257483959198,0.36797359585762024
YKL015W,YHL044W,0,-0.4210255,0.16249431669712067,0.71257483959198,0.36807361245155334
YHR063C,YFR046C,0,-0.4210837,0.16245733201503754,0.71257483959198,0.36817362904548645
YJL036W,YNL243W,1,-0.4212131,0.16264785826206207,0.7135728597640991,0.36817362904548645
YML104C,YBL085W,1,-0.42143124,0.16283829510211945,0.7145708799362183,0.36817362904548645
YGR246C,YKR008W,0,-0.4215302,0.16280128061771393,0.7145708799362183,0.36827364563941956
YPL099C,YGR132C,0,-0.42154032,0.1627642661333084,0.7145708799362183,0.36837366223335266
YDR163W,YDR166C,0,-0.4215657,0.1627272665500641,0.7145708799362183,0.36847370862960815
YER153C,YOR231W,0,-0.4217323,0.16269029676914215,0.7145708799362183,0.36857372522354126
YLR219W,YNR020C,0,-0.42193627,0.1626533418893814,0.7145708799362183,0.36867374181747437
YIR011C,YHR061C,0,-0.4219405,0.16261640191078186,0.7145708799362183,0.36877375841140747
YJL036W,YNR006W,1,-0.42209345,0.16280654072761536,0.7155688405036926,0.36877375841140747
YLR381W,YGL209W,0,-0.42225158,0.16276958584785461,0.7155688405036926,0.3688737750053406
YLL052C,YKL181W,0,-0.42236984,0.16273263096809387,0.7155688405036926,0.3689737915992737
YOL103W,YLR186W,0,-0.42258483,0.16269570589065552,0.7155688405036926,0.3690738081932068
YPL218W,YDR197W,0,-0.422736,0.16265879571437836,0.7155688405036926,0.3691738247871399
YGL035C,YPL162C,0,-0.42290354,0.16262191534042358,0.7155688405036926,0.369273841381073
YML042W,YHR042W,0,-0.42304522,0.1625850349664688,0.7155688405036926,0.3693738877773285
YNL192W,YBR217W,0,-0.42350537,0.16254816949367523,0.7155688405036926,0.3694739043712616
YBL058W,YNL035C,0,-0.4235372,0.16251133382320404,0.7155688405036926,0.3695739209651947
YIR015W,YHL016C,0,-0.42375827,0.16247451305389404,0.7155688405036926,0.3696739375591278
YBR200W,YHR073W,1,-0.42387354,0.1626642495393753,0.7165668606758118,0.3696739375591278
YDR309C,YOR086C,1,-0.42395425,0.1628539115190506,0.7175648808479309,0.3696739375591278
YKR065C,YOL040C,0,-0.4239657,0.16281703114509583,0.7175648808479309,0.3697739541530609
YBR088C,YGR036C,0,-0.42398196,0.16278016567230225,0.7175648808479309,0.369873970746994
YKL209C,YIL134W,0,-0.4240331,0.16274333000183105,0.7175648808479309,0.3699739873409271
YNR060W,YOR244W,0,-0.42423952,0.16270649433135986,0.7175648808479309,0.37007400393486023
YDR315C,YDR211W,0,-0.42435586,0.16266968846321106,0.7175648808479309,0.37017402052879333
YDR531W,YDL120W,0,-0.42453098,0.16263288259506226,0.7175648808479309,0.37027406692504883
YAL034W-A,YGR038W,0,-0.42467707,0.16259610652923584,0.7175648808479309,0.37037408351898193
YNL175C,YAL014C,0,-0.4247945,0.16255934536457062,0.7175648808479309,0.37047410011291504
YBR240C,YGR286C,0,-0.42481935,0.1625225991010666,0.7175648808479309,0.37057411670684814
YDR494W,YOL147C,0,-0.42490727,0.16248588263988495,0.7175648808479309,0.37067413330078125
YAR018C,YER090W,0,-0.42494547,0.1624491661787033,0.7175648808479309,0.37077414989471436
YMR159C,YNL272C,0,-0.42500514,0.16241246461868286,0.7175648808479309,0.37087416648864746
YDR347W,YMR169C,0,-0.4252218,0.1623757928609848,0.7175648808479309,0.37097418308258057
YLR307W,YJL104W,0,-0.42524856,0.16233912110328674,0.7175648808479309,0.37107422947883606
YDR485C,YMR079W,0,-0.425362,0.16230247914791107,0.7175648808479309,0.37117424607276917
YHR060W,YDR487C,0,-0.42581952,0.1622658520936966,0.7175648808479309,0.37127426266670227
YML054C,YDR020C,0,-0.4260831,0.1622292399406433,0.7175648808479309,0.3713742792606354
YOR344C,YKL022C,0,-0.42655087,0.16219264268875122,0.7175648808479309,0.3714742958545685
YIL016W,YGL004C,0,-0.4267524,0.16215606033802032,0.7175648808479309,0.3715743124485016
YMR193W,YDL024C,0,-0.42682278,0.16211950778961182,0.7175648808479309,0.3716743290424347
YDR148C,YDL019C,1,-0.4269337,0.16230838000774384,0.71856290102005,0.3716743290424347
YGR167W,YLR438C-A,0,-0.4269902,0.16227181255817413,0.71856290102005,0.3717743456363678
YDR363W-A,YLR325C,0,-0.42701054,0.16223524510860443,0.71856290102005,0.3718743622303009
YDR382W,YJL093C,0,-0.42703944,0.16219869256019592,0.71856290102005,0.3719744086265564
YGR077C,YDR038C,0,-0.42719018,0.1621621549129486,0.71856290102005,0.3720744252204895
YNL052W,YDL217C,0,-0.42753237,0.16212564706802368,0.71856290102005,0.3721744418144226
YNR006W,YER114C,1,-0.42763,0.1623142659664154,0.7195608615875244,0.3721744418144226
YLR119W,YBR077C,0,-0.42793268,0.16227774322032928,0.7195608615875244,0.3722744584083557
YDR363W,YKR013W,0,-0.42811286,0.16224122047424316,0.7195608615875244,0.3723744750022888
YIL132C,YJL138C,0,-0.42860126,0.16220472753047943,0.7195608615875244,0.3724744915962219
YBR159W,YGL010W,0,-0.42873544,0.1621682345867157,0.7195608615875244,0.37257450819015503
YPL066W,YMR280C,0,-0.42927682,0.16213177144527435,0.7195608615875244,0.37267452478408813
YGL014W,YOR315W,0,-0.42953807,0.1620953232049942,0.7195608615875244,0.37277454137802124
YNL275W,YJL209W,0,-0.4295795,0.16205888986587524,0.7195608615875244,0.37287458777427673
YOL133W,YMR021C,0,-0.42959732,0.16202247142791748,0.7195608615875244,0.37297460436820984
YLR305C,YOR131C,0,-0.429851,0.1619860678911209,0.7195608615875244,0.37307462096214294
YJL121C,YCR081W,0,-0.43024272,0.16194967925548553,0.7195608615875244,0.37317463755607605
YNL006W,YBL052C,0,-0.43036228,0.16191332042217255,0.7195608615875244,0.37327465415000916
YDR202C,YGL245W,0,-0.43050122,0.16187696158885956,0.7195608615875244,0.37337467074394226
YOR142W,YHR002W,0,-0.43056703,0.16184063255786896,0.7195608615875244,0.37347468733787537
YNL268W,YDR389W,0,-0.43059868,0.16180430352687836,0.7195608615875244,0.37357470393180847
YOR308C,YIR036C,0,-0.43060338,0.16176800429821014,0.7195608615875244,0.3736747205257416
YLR368W,YPL057C,0,-0.43121785,0.16173171997070312,0.7195608615875244,0.37377476692199707
YGR268C,YNL306W,0,-0.43162346,0.1616954505443573,0.7195608615875244,0.3738747835159302
YJR125C,YDL113C,1,-0.43183118,0.1618834137916565,0.7205588817596436,0.3738747835159302
YDL231C,YPL020C,0,-0.43201172,0.16184711456298828,0.7205588817596436,0.3739748001098633
YCR060W,YBL061C,0,-0.43207568,0.16181084513664246,0.7205588817596436,0.3740748167037964
YJL172W,YGR295C,0,-0.4321798,0.16177459061145782,0.7205588817596436,0.3741748332977295
YBR026C,YHR153C,0,-0.43219697,0.1617383509874344,0.7205588817596436,0.3742748498916626
YDR419W,YML118W,0,-0.4322449,0.16170212626457214,0.7205588817596436,0.3743748664855957
YPL101W,YDR536W,0,-0.43262,0.1616659164428711,0.7205588817596436,0.3744748830795288
YML032C,YMR113W,0,-0.4326836,0.16162973642349243,0.7205588817596436,0.3745749294757843
YOR375C,YER164W,0,-0.43276894,0.16159355640411377,0.7205588817596436,0.3746749460697174
YFR044C,YFR036W,0,-0.43281424,0.1615573912858963,0.7205588817596436,0.3747749626636505
YCR027C,YCR073C,0,-0.4330386,0.16152125597000122,0.7205588817596436,0.3748749792575836
YOL093W,YBR074W,0,-0.43339235,0.16148512065410614,0.7205588817596436,0.3749749958515167
YKR071C,YJR005W,0,-0.43362302,0.16144901514053345,0.7205588817596436,0.37507501244544983
YGL004C,YPR024W,0,-0.433742,0.16141292452812195,0.7205588817596436,0.37517502903938293
YDR030C,YJL214W,0,-0.43413168,0.16137684881687164,0.7205588817596436,0.37527504563331604
YJL125C,YOR386W,0,-0.43457562,0.16134078800678253,0.7205588817596436,0.37537506222724915
YGL040C,YGR255C,0,-0.4348328,0.16130474209785461,0.7205588817596436,0.37547510862350464
YDR337W,YLL039C,0,-0.4349627,0.1612687110900879,0.7205588817596436,0.37557512521743774
YGR227W,YDL150W,0,-0.43498427,0.16123269498348236,0.7205588817596436,0.37567514181137085
YDL108W,YFL010W-A,0,-0.43505514,0.16119669377803802,0.7205588817596436,0.37577515840530396
YOR120W,YDR072C,0,-0.43535632,0.16116070747375488,0.7205588817596436,0.37587517499923706
YDR013W,YNL035C,0,-0.4356404,0.16112475097179413,0.7205588817596436,0.37597519159317017
YNL282W,YAL061W,0,-0.43585247,0.16108879446983337,0.7205588817596436,0.37607520818710327
YOL006C,YNL086W,0,-0.4359213,0.161052867770195,0.7205588817596436,0.3761752247810364
YJR119C,YDL040C,0,-0.43592227,0.16101695597171783,0.7205588817596436,0.3762752413749695
YBL085W,YKR003W,1,-0.43612766,0.1612040102481842,0.7215569019317627,0.3762752413749695
YCR024C-A,YIL042C,0,-0.43700105,0.16116808354854584,0.7215569019317627,0.376375287771225
YDR498C,YBR253W,0,-0.43732667,0.16113215684890747,0.7215569019317627,0.3764753043651581
YOR187W,YGR106C,0,-0.43737775,0.1610962599515915,0.7215569019317627,0.3765753209590912
YBR244W,YBR154C,0,-0.4374535,0.1610603630542755,0.7215569019317627,0.3766753375530243
YML010W,YNL058C,0,-0.43789566,0.16102449595928192,0.7215569019317627,0.3767753541469574
YGR256W,YKL064W,0,-0.43815422,0.16098864376544952,0.7215569019317627,0.3768753707408905
YNL129W,YBR287W,0,-0.4383796,0.16095280647277832,0.7215569019317627,0.3769753873348236
YLR298C,YEL016C,0,-0.43855572,0.1609169840812683,0.7215569019317627,0.3770754039287567
YGL181W,YGL001C,0,-0.4387141,0.1608811765909195,0.7215569019317627,0.3771754205226898
YJL111W,YDL111C,0,-0.43905085,0.16084538400173187,0.7215569019317627,0.3772754669189453
YLR188W,YLR117C,0,-0.43928725,0.16080960631370544,0.7215569019317627,0.3773754835128784
YDL140C,YJL020C,0,-0.43932062,0.1607738435268402,0.7215569019317627,0.3774755001068115
YKR071C,YNL236W,0,-0.439856,0.16073811054229736,0.7215569019317627,0.37757551670074463
YGR070W,YPR020W,0,-0.43986046,0.16070237755775452,0.7215569019317627,0.37767553329467773
YNL071W,YPL048W,1,-0.44019258,0.1608888953924179,0.7225548624992371,0.37767553329467773
YDR485C,YKR068C,0,-0.44036365,0.16085314750671387,0.7225548624992371,0.37777554988861084
YKL135C,YCR068W,0,-0.4404679,0.16081741452217102,0.7225548624992371,0.37787556648254395
YNL265C,YER089C,0,-0.44067025,0.16078169643878937,0.7225548624992371,0.37797558307647705
YHR083W,YKR062W,0,-0.44085503,0.1607460081577301,0.7225548624992371,0.37807562947273254
YPL009C,YKL056C,0,-0.44096142,0.16071031987667084,0.7225548624992371,0.37817564606666565
YDR309C,YPL145C,1,-0.4412682,0.16089658439159393,0.7235528826713562,0.37817564606666565
YLR206W,YFR019W,1,-0.44138068,0.16108275949954987,0.7245509028434753,0.37817564606666565
YJR144W,YFL062W,0,-0.44146508,0.16104702651500702,0.7245509028434753,0.37827566266059875
YDR334W,YGR169C,0,-0.4415598,0.16101130843162537,0.7245509028434753,0.37837567925453186
YDR529C,YBR008C,0,-0.4416365,0.1609756052494049,0.7245509028434753,0.37847569584846497
YPL115C,YKR078W,1,-0.4417665,0.1611616015434265,0.7255489230155945,0.37847569584846497
YML130C,YDR173C,0,-0.4418314,0.16112588346004486,0.7255489230155945,0.37857571244239807
YBL009W,YJR053W,0,-0.44232607,0.1610901802778244,0.7255489230155945,0.3786757290363312
YER001W,YMR217W,0,-0.4427812,0.16105449199676514,0.7255489230155945,0.3787757456302643
YMR175W,YAR042W,1,-0.44283652,0.16124030947685242,0.7265468835830688,0.3787757456302643
YPR061C,YDR173C,0,-0.44295627,0.16120460629463196,0.7265468835830688,0.3788757622241974
YOR069W,YKR031C,1,-0.4431045,0.1613903045654297,0.727544903755188,0.3788757622241974
YAL044C,YML072C,1,-0.44330555,0.16157591342926025,0.7285429239273071,0.3788757622241974
YOL052C,YPL202C,0,-0.44332266,0.1615401655435562,0.7285429239273071,0.3789758086204529
YPL269W,YDL024C,0,-0.4437176,0.16150441765785217,0.7285429239273071,0.379075825214386
YER046W,YKL201C,0,-0.4437521,0.16146869957447052,0.7285429239273071,0.3791758418083191
YOR057W,YGR023W,0,-0.44376475,0.16143299639225006,0.7285429239273071,0.3792758584022522
YFL022C,YDL171C,0,-0.4437757,0.1613973081111908,0.7285429239273071,0.3793758749961853
YGL023C,YOR357C,1,-0.44383752,0.16158266365528107,0.7295409440994263,0.3793758749961853
YIL155C,YOL038W,0,-0.44397038,0.1615469604730606,0.7295409440994263,0.3794758915901184
YBR200W,YOR371C,0,-0.44407088,0.16151127219200134,0.7295409440994263,0.3795759081840515
YKL139W,YDR143C,0,-0.44427377,0.16147558391094208,0.7295409440994263,0.3796759247779846
YNL147W,YMR308C,0,-0.4445045,0.1614399254322052,0.7295409440994263,0.3797759413719177
YOR346W,YHR001W,0,-0.44456005,0.16140428185462952,0.7295409440994263,0.3798759877681732
YIL067C,YDR371W,0,-0.4448247,0.16136865317821503,0.7295409440994263,0.3799760043621063
YLR421C,YKR010C,0,-0.44494283,0.16133303940296173,0.7295409440994263,0.38007602095603943
YKL203C,YDR498C,0,-0.44502223,0.16129744052886963,0.7295409440994263,0.38017603754997253
YGL227W,YNL270C,0,-0.44507253,0.16126185655593872,0.7295409440994263,0.38027605414390564
YBL040C,YGR095C,0,-0.44548583,0.161226287484169,0.7295409440994263,0.38037607073783875
YKL049C,YOR326W,0,-0.4459685,0.16119073331356049,0.7295409440994263,0.38047608733177185
YMR070W,YOR278W,0,-0.446298,0.16115520894527435,0.7295409440994263,0.38057610392570496
YDR153C,YNL087W,1,-0.44633782,0.16134008765220642,0.7305389046669006,0.38057610392570496
YJR130C,YOR144C,0,-0.4463653,0.1613045334815979,0.7305389046669006,0.38067612051963806
YML037C,YEL058W,0,-0.44648933,0.16126900911331177,0.7305389046669006,0.38077616691589355
YDR109C,YHR166C,0,-0.44649607,0.16123348474502563,0.7305389046669006,0.38087618350982666
YER094C,YDR006C,0,-0.44652545,0.1611979752779007,0.7305389046669006,0.38097620010375977
YOR067C,YCR094W,0,-0.44674277,0.16116248071193695,0.7305389046669006,0.38107621669769287
YML104C,YER114C,1,-0.44675583,0.16134712100028992,0.7315369248390198,0.38107621669769287
YDR348C,YEL058W,0,-0.44696075,0.16131162643432617,0.7315369248390198,0.381176233291626
YNL336W,YJR086W,0,-0.4471435,0.16127613186836243,0.7315369248390198,0.3812762498855591
YPL271W,YMR161W,0,-0.4472733,0.16124065220355988,0.7315369248390198,0.3813762664794922
YPR104C,YFL029C,0,-0.44747508,0.16120518743991852,0.7315369248390198,0.3814762830734253
YLR206W,YGR090W,0,-0.4475078,0.16116973757743835,0.7315369248390198,0.3815763294696808
YNL169C,YDR072C,0,-0.44758213,0.16113431751728058,0.7315369248390198,0.3816763460636139
YJL004C,YMR045C,0,-0.44783324,0.1610988974571228,0.7315369248390198,0.381776362657547
YDL202W,YDR380W,0,-0.448381,0.16106350719928741,0.7315369248390198,0.3818763792514801
YBR276C,YCL061C,0,-0.44870597,0.16102811694145203,0.7315369248390198,0.3819763958454132
YAL044C,YJL085W,1,-0.44900358,0.16121238470077515,0.7325349450111389,0.3819763958454132
YDR506C,YIL042C,0,-0.4494205,0.16117699444293976,0.7325349450111389,0.3820764124393463
YBL093C,YDR202C,0,-0.44945443,0.16114160418510437,0.7325349450111389,0.3821764290332794
YDL140C,YDR210W,0,-0.44967246,0.16110622882843018,0.7325349450111389,0.3822764456272125
YMR020W,YML009C,0,-0.44969535,0.16107088327407837,0.7325349450111389,0.38237646222114563
YDR153C,YHR105W,1,-0.44993263,0.16125494241714478,0.7335329055786133,0.38237646222114563
YCL018W,YLR066W,0,-0.4501804,0.16121956706047058,0.7335329055786133,0.3824765086174011
YLR186W,YHR010W,0,-0.45029962,0.16118420660495758,0.7335329055786133,0.38257652521133423
YPR132W,YML112W,0,-0.45033032,0.16114887595176697,0.7335329055786133,0.38267654180526733
YLR126C,YOR017W,0,-0.4503427,0.16111354529857635,0.7335329055786133,0.38277655839920044
YMR173W,YKL182W,0,-0.4504543,0.16107824444770813,0.7335329055786133,0.38287657499313354
YER073W,YER025W,0,-0.45066953,0.1610429435968399,0.7335329055786133,0.38297659158706665
YNR011C,YBR240C,0,-0.4507448,0.16100767254829407,0.7335329055786133,0.38307660818099976
YBR067C,YER098W,0,-0.4512233,0.16097240149974823,0.7335329055786133,0.38317662477493286
YKR062W,YPL089C,0,-0.45124477,0.16093716025352478,0.7335329055786133,0.38327664136886597
YGR194C,YMR315W,0,-0.45132416,0.16090191900730133,0.7335329055786133,0.38337668776512146
YDR534C,YLR191W,0,-0.45171356,0.16086670756340027,0.7335329055786133,0.38347670435905457
YNL030W,YHR025W,0,-0.45178354,0.1608315110206604,0.7335329055786133,0.38357672095298767
YNL191W,YJR019C,0,-0.45180893,0.16079632937908173,0.7335329055786133,0.3836767375469208
YDR304C,YKL035W,0,-0.45192438,0.16076114773750305,0.7335329055786133,0.3837767541408539
YDR229W,YGL191W,0,-0.45210564,0.16072599589824677,0.7335329055786133,0.383876770734787
YNL044W,YJL213W,0,-0.45218676,0.16069085896015167,0.7335329055786133,0.3839767873287201
YJL139C,YDR067C,0,-0.45227146,0.16065573692321777,0.7335329055786133,0.3840768039226532
YDR393W,YJL063C,0,-0.45254815,0.16062062978744507,0.7335329055786133,0.3841768205165863
YDL141W,YOL070C,0,-0.45285118,0.16058553755283356,0.7335329055786133,0.3842768669128418
YEL043W,YML118W,0,-0.45322806,0.16055046021938324,0.7335329055786133,0.3843768835067749
YIL135C,YDR507C,0,-0.45324588,0.16051539778709412,0.7335329055786133,0.384476900100708
YMR089C,YDL129W,0,-0.45343137,0.1604803502559662,0.7335329055786133,0.3845769166946411
YHR209W,YLL017W,0,-0.45397753,0.16044531762599945,0.7335329055786133,0.3846769332885742
YNL080C,YGR118W,0,-0.4540916,0.1604102998971939,0.7335329055786133,0.3847769498825073
YKL117W,YDR202C,0,-0.45411843,0.16037529706954956,0.7335329055786133,0.38487696647644043
YCR004C,YLR283W,0,-0.45488137,0.1603403091430664,0.7335329055786133,0.38497698307037354
YPL110C,YEL016C,0,-0.45490342,0.16030533611774445,0.7335329055786133,0.38507702946662903
YPL081W,YML124C,0,-0.45498866,0.16027039289474487,0.7335329055786133,0.38517704606056213
YBR172C,YNR043W,0,-0.45517218,0.1602354496717453,0.7335329055786133,0.38527706265449524
YDL020C,YMR166C,0,-0.45524073,0.16020052134990692,0.7335329055786133,0.38537707924842834
YPR026W,YER154W,0,-0.45548654,0.16016560792922974,0.7335329055786133,0.38547709584236145
YHR161C,YKR078W,1,-0.45555693,0.160348579287529,0.7345309257507324,0.38547709584236145
YGR002C,YLR427W,0,-0.45566577,0.1603136509656906,0.7345309257507324,0.38557711243629456
YIR017C,YHR105W,0,-0.45570362,0.16027875244617462,0.7345309257507324,0.38567712903022766
YOR307C,YNL046W,0,-0.45596772,0.16024385392665863,0.7345309257507324,0.38577714562416077
YHR143W-A,YBR056W,0,-0.45609546,0.16020897030830383,0.7345309257507324,0.38587716221809387
YNL078W,YLR278C,0,-0.45616305,0.16017410159111023,0.7345309257507324,0.38597720861434937
YDR520C,YPL223C,0,-0.45617795,0.16013924777507782,0.7345309257507324,0.38607722520828247
YKL201C,YOR128C,0,-0.45628786,0.1601044088602066,0.7345309257507324,0.3861772418022156
YDR313C,YKR078W,1,-0.45647854,0.16028708219528198,0.7355289459228516,0.3861772418022156
YOR285W,YOR147W,0,-0.45661438,0.16025222837924957,0.7355289459228516,0.3862772583961487
YBL046W,YOR038C,0,-0.45693088,0.16021738946437836,0.7355289459228516,0.3863772749900818
YHR152W,YDR263C,0,-0.45724076,0.16018256545066833,0.7355289459228516,0.3864772915840149
YNL087W,YGR037C,1,-0.4576679,0.1603650599718094,0.7365269660949707,0.3864772915840149
YML060W,YJL079C,0,-0.45834196,0.16033022105693817,0.7365269660949707,0.386577308177948
YNL297C,YOR201C,0,-0.45837402,0.16029539704322815,0.7365269660949707,0.3866773247718811
YOR239W,YLL040C,0,-0.45861208,0.16026058793067932,0.7365269660949707,0.3867773413658142
YFL001W,YJL154C,0,-0.45865887,0.1602257937192917,0.7365269660949707,0.3868773877620697
YBL085W,YPL048W,1,-0.45870703,0.16040807962417603,0.7375249266624451,0.3868773877620697
YJL005W,YDL065C,0,-0.45883983,0.1603732705116272,0.7375249266624451,0.3869774043560028
YBR126C,YDR523C,0,-0.4589656,0.16033846139907837,0.7375249266624451,0.3870774209499359
YNL326C,YDR383C,0,-0.45907795,0.16030368208885193,0.7375249266624451,0.387177437543869
YKR009C,YFR003C,0,-0.45913142,0.16026891767978668,0.7375249266624451,0.3872774541378021
YNR013C,YHL044W,0,-0.45937967,0.16023416817188263,0.7375249266624451,0.38737747073173523
YLR008C,YLL010C,0,-0.45953608,0.16019943356513977,0.7375249266624451,0.38747748732566833
YFL017W-A,YOR077W,0,-0.45972806,0.1601647138595581,0.7375249266624451,0.38757750391960144
YIR021W,YAL024C,0,-0.45994133,0.16013000905513763,0.7375249266624451,0.38767755031585693
YFR036W,YLR262C,0,-0.45995498,0.16009531915187836,0.7375249266624451,0.38777756690979004
YLR216C,YPL066W,0,-0.45999032,0.16006064414978027,0.7375249266624451,0.38787758350372314
YMR321C,YLR427W,0,-0.45999938,0.16002598404884338,0.7375249266624451,0.38797760009765625
YIR018W,YLR357W,0,-0.460119,0.1599913388490677,0.7375249266624451,0.38807761669158936
YNR036C,YDL245C,0,-0.4603626,0.15995670855045319,0.7375249266624451,0.38817763328552246
YJL187C,YDR483W,0,-0.46039492,0.15992209315299988,0.7375249266624451,0.38827764987945557
YLR113W,YJR127C,0,-0.46040773,0.15988749265670776,0.7375249266624451,0.38837766647338867
YML037C,YLR429W,0,-0.46054542,0.15985290706157684,0.7375249266624451,0.3884776830673218
YGR279C,YLL033W,0,-0.46067888,0.15981833636760712,0.7375249266624451,0.38857772946357727
YPR140W,YKL067W,0,-0.4607314,0.15978378057479858,0.7375249266624451,0.3886777460575104
YMR163C,YAR019C,0,-0.46078783,0.15974923968315125,0.7375249266624451,0.3887777626514435
YAL044C,YDR055W,0,-0.46086675,0.1597147136926651,0.7375249266624451,0.3888777792453766
YHR044C,YLR095C,0,-0.4609189,0.15968020260334015,0.7375249266624451,0.3889777958393097
YMR223W,YBR164C,0,-0.46099323,0.1596457064151764,0.7375249266624451,0.3890778124332428
YNL128W,YBR170C,0,-0.4613104,0.15961122512817383,0.7375249266624451,0.3891778290271759
YBR160W,YML126C,0,-0.4613915,0.15957675874233246,0.7375249266624451,0.389277845621109
YML131W,YMR281W,0,-0.46198195,0.15954230725765228,0.7375249266624451,0.3893778622150421
YJL010C,YBR033W,0,-0.4619829,0.1595078855752945,0.7375249266624451,0.3894779086112976
YBR260C,YIL023C,0,-0.46198505,0.1594734638929367,0.7375249266624451,0.3895779252052307
YIL090W,YER068W,0,-0.46209413,0.1594390571117401,0.7375249266624451,0.3896779417991638
YGR240C,YER185W,0,-0.4621011,0.1594046652317047,0.7375249266624451,0.3897779583930969
YHR161C,YGR193C,1,-0.4621423,0.15958593785762787,0.7385229468345642,0.3897779583930969
YHR117W,YML077W,0,-0.46217483,0.15955153107643127,0.7385229468345642,0.38987797498703003
YMR240C,YKL089W,0,-0.46219647,0.15951713919639587,0.7385229468345642,0.38997799158096313
YDR014W,YMR246W,0,-0.46230096,0.15948276221752167,0.7385229468345642,0.39007800817489624
YOR243C,YDL195W,0,-0.46244192,0.15944840013980865,0.7385229468345642,0.39017802476882935
YGR216C,YIR018W,0,-0.46251732,0.15941405296325684,0.7385229468345642,0.39027804136276245
YJL071W,YLL045C,0,-0.46264744,0.15937970578670502,0.7385229468345642,0.39037808775901794
YOR245C,YMR319C,0,-0.46267104,0.15934538841247559,0.7385229468345642,0.39047810435295105
YML001W,YLR214W,0,-0.46270686,0.15931108593940735,0.7385229468345642,0.39057812094688416
YAL039C,YKL101W,0,-0.46276373,0.1592767983675003,0.7385229468345642,0.39067813754081726
YLR178C,YOR132W,1,-0.46286762,0.1594577133655548,0.7395209670066833,0.39067813754081726
YIL009C-A,YNL049C,0,-0.46290064,0.15942341089248657,0.7395209670066833,0.39077815413475037
YOR089C,YDL079C,0,-0.4631974,0.15938912332057953,0.7395209670066833,0.39087817072868347
YJL085W,YBR195C,0,-0.46329552,0.15935483574867249,0.7395209670066833,0.3909781873226166
YNL188W,YJL153C,0,-0.46373928,0.15932057797908783,0.7395209670066833,0.3910782039165497
YDL005C,YLR160C,0,-0.4638002,0.15928633511066437,0.7395209670066833,0.3911782503128052
YDR425W,YAR042W,1,-0.46391588,0.15946701169013977,0.7405189871788025,0.3911782503128052
YGL089C,YJL149W,0,-0.46398926,0.15943273901939392,0.7405189871788025,0.3912782669067383
YNL280C,YNL336W,0,-0.46402603,0.15939849615097046,0.7405189871788025,0.3913782835006714
YJR101W,YML052W,0,-0.46408635,0.1593642681837082,0.7405189871788025,0.3914783000946045
YMR314W,YPL092W,0,-0.4642073,0.15933004021644592,0.7405189871788025,0.3915783166885376
YPR042C,YMR051C,0,-0.4644822,0.15929584205150604,0.7405189871788025,0.3916783332824707
YPL050C,YHR079C,0,-0.4648317,0.15926164388656616,0.7405189871788025,0.3917783498764038
YER083C,YLR371W,0,-0.46484506,0.15922746062278748,0.7405189871788025,0.3918783664703369
YOL105C,YDL010W,0,-0.4652034,0.15919330716133118,0.7405189871788025,0.39197838306427
YLR050C,YPL153C,0,-0.465308,0.15915915369987488,0.7405189871788025,0.3920784294605255
YBL098W,YDR032C,0,-0.46534413,0.15912503004074097,0.7405189871788025,0.3921784460544586
YDL212W,YHL008C,0,-0.46587658,0.15909090638160706,0.7405189871788025,0.3922784626483917
YDL019C,YMR303C,0,-0.46596414,0.15905681252479553,0.7405189871788025,0.39237847924232483
YNL047C,YDR065W,0,-0.46618676,0.159022718667984,0.7405189871788025,0.39247849583625793
YGL079W,YHR002W,0,-0.46620065,0.15898863971233368,0.7405189871788025,0.39257851243019104
YML037C,YDR264C,0,-0.4667079,0.15895459055900574,0.7405189871788025,0.39267852902412415
YDL165W,YKL067W,0,-0.46723485,0.1589205414056778,0.7405189871788025,0.39277854561805725
YPL051W,YJL046W,0,-0.46723634,0.15888650715351105,0.7405189871788025,0.39287856221199036
YER137C,YMR295C,0,-0.467251,0.1588524878025055,0.7405189871788025,0.39297860860824585
YHL034C,YNL309W,0,-0.46731478,0.15881849825382233,0.7405189871788025,0.39307862520217896
YHR061C,YHR004C,0,-0.4673475,0.15878450870513916,0.7405189871788025,0.39317864179611206
YNL224C,YEL042W,0,-0.46734786,0.1587505340576172,0.7405189871788025,0.39327865839004517
YGL222C,YJR160C,0,-0.46737266,0.1587165743112564,0.7405189871788025,0.39337867498397827
YBR213W,YDR156W,0,-0.4674294,0.15868262946605682,0.7405189871788025,0.3934786915779114
YMR190C,YMR166C,0,-0.4675598,0.15864869952201843,0.7405189871788025,0.3935787081718445
YJR138W,YJL063C,0,-0.46759337,0.15861479938030243,0.7405189871788025,0.3936787247657776
YGR282C,YML062C,0,-0.46766764,0.15858089923858643,0.7405189871788025,0.3937787413597107
YGL137W,YML034W,0,-0.46772337,0.15854701399803162,0.7405189871788025,0.3938787877559662
YAR003W,YMR233W,0,-0.46774215,0.158513143658638,0.7405189871788025,0.3939788043498993
YAL040C,YJL010C,0,-0.46788895,0.15847928822040558,0.7405189871788025,0.3940788209438324
YGL123W,YMR315W,0,-0.46789855,0.15844544768333435,0.7405189871788025,0.3941788375377655
YIR008C,YJR045C,0,-0.46804166,0.15841160714626312,0.7405189871788025,0.3942788541316986
YER089C,YHR042W,0,-0.46806073,0.15837779641151428,0.7405189871788025,0.3943788707256317
YOR176W,YPR103W,0,-0.4684226,0.15834400057792664,0.7405189871788025,0.3944788873195648
YCR012W,YJL117W,0,-0.46844804,0.15831021964550018,0.7405189871788025,0.3945789039134979
YDR140W,YLL052C,0,-0.46847653,0.15827645361423492,0.7405189871788025,0.3946789503097534
YDR245W,YMR200W,0,-0.46853888,0.15824270248413086,0.7405189871788025,0.3947789669036865
YCL004W,YER125W,0,-0.46877605,0.1582089513540268,0.7405189871788025,0.39487898349761963
YBR251W,YAL008W,0,-0.46912158,0.15817523002624512,0.7405189871788025,0.39497900009155273
YHR161C,YDL019C,1,-0.46922266,0.15835464000701904,0.7415169477462769,0.39497900009155273
YBR288C,YJL108C,0,-0.46930116,0.15832090377807617,0.7415169477462769,0.39507901668548584
YCL032W,YOR293W,0,-0.4694416,0.1582871824502945,0.7415169477462769,0.39517903327941895
YLR090W,YLR047C,0,-0.46953392,0.15825346112251282,0.7415169477462769,0.39527904987335205
YGR241C,YOR257W,0,-0.46960187,0.15821975469589233,0.7415169477462769,0.39537906646728516
YNL071W,YAR042W,1,-0.4700001,0.15839897096157074,0.742514967918396,0.39537906646728516
YML116W,YGL180W,0,-0.47011572,0.15836526453495026,0.742514967918396,0.39547908306121826
YOR208W,YER003C,0,-0.4702739,0.15833155810832977,0.742514967918396,0.39557912945747375
YER078C,YOR066W,0,-0.47031188,0.15829786658287048,0.742514967918396,0.39567914605140686
YMR188C,YGR036C,0,-0.47033972,0.15826420485973358,0.742514967918396,0.39577916264533997
YFR042W,YDR207C,0,-0.47035134,0.15823054313659668,0.742514967918396,0.39587917923927307
YHR070W,YER016W,0,-0.47046065,0.15819689631462097,0.742514967918396,0.3959791958332062
YPL048W,YPR097W,1,-0.47055322,0.1583758443593979,0.7435129880905151,0.3959791958332062
YDL138W,YHL044W,0,-0.4709131,0.158342182636261,0.7435129880905151,0.3960792124271393
YDR044W,YHR076W,0,-0.47096598,0.15830853581428528,0.7435129880905151,0.3961792290210724
YJR009C,YEL064C,0,-0.47101426,0.15827490389347076,0.7435129880905151,0.3962792456150055
YLR178C,YLR314C,1,-0.47117507,0.15845370292663574,0.7445109486579895,0.3962792456150055
YMR200W,YOR167C,0,-0.4712252,0.15842004120349884,0.7445109486579895,0.3963792622089386
YLR327C,YOR194C,0,-0.47131848,0.15838640928268433,0.7445109486579895,0.3964793086051941
YGR172C,YNL210W,0,-0.4714557,0.158352792263031,0.7445109486579895,0.3965793251991272
YPL237W,YKL084W,0,-0.47155255,0.15831919014453888,0.7445109486579895,0.3966793417930603
YGL038C,YNL309W,0,-0.47169274,0.15828558802604675,0.7445109486579895,0.3967793583869934
YJL143W,YOR234C,0,-0.47172773,0.15825201570987701,0.7445109486579895,0.3968793749809265
YGR009C,YMR046C,0,-0.47196782,0.15821845829486847,0.7445109486579895,0.3969793915748596
YFR019W,YFR008W,0,-0.47226238,0.15818490087985992,0.7445109486579895,0.3970794081687927
YJR028W,YLR233C,0,-0.47252548,0.15815137326717377,0.7445109486579895,0.39717942476272583
YNL162W,YOR386W,0,-0.47259355,0.1581178456544876,0.7445109486579895,0.39727944135665894
YDR056C,YLR212C,0,-0.47282118,0.15808433294296265,0.7445109486579895,0.39737948775291443
YDR425W,YKR003W,1,-0.4728691,0.1582627147436142,0.7455089688301086,0.39737948775291443
YLR225C,YHR056C,0,-0.47318846,0.15822918713092804,0.7455089688301086,0.39747950434684753
YGR026W,YLR450W,0,-0.47344506,0.15819567441940308,0.7455089688301086,0.39757952094078064
YOR222W,YFR019W,0,-0.47363478,0.1581621915102005,0.7455089688301086,0.39767953753471375
YDR315C,YCL020W,0,-0.47364473,0.15812870860099792,0.7455089688301086,0.39777955412864685
YJL194W,YBR097W,0,-0.47371465,0.15809524059295654,0.7455089688301086,0.39787957072257996
YPL192C,YLR045C,0,-0.47377753,0.15806178748607635,0.7455089688301086,0.39797958731651306
YOL149W,YHR191C,0,-0.4737991,0.15802834928035736,0.7455089688301086,0.39807960391044617
YCL055W,YJL221C,0,-0.47424698,0.15799492597579956,0.7455089688301086,0.39817965030670166
YKL012W,YAL029C,0,-0.4742955,0.15796151757240295,0.7455089688301086,0.39827966690063477
YKL140W,YPL157W,0,-0.4744069,0.15792812407016754,0.7455089688301086,0.39837968349456787
YER120W,YDR323C,1,-0.47443366,0.15810610353946686,0.7465069890022278,0.39837968349456787
YDR313C,YIL105C,1,-0.47458315,0.1582840234041214,0.7475050091743469,0.39837968349456787
YBR022W,YDR065W,0,-0.47502732,0.1582505851984024,0.7475050091743469,0.398479700088501
YIL050W,YOR278W,0,-0.4752733,0.1582171469926834,0.7475050091743469,0.3985797166824341
YBR290W,YPR162C,0,-0.47548795,0.1581837385892868,0.7475050091743469,0.3986797332763672
YDR167W,YEL059C-A,0,-0.47559363,0.1581503450870514,0.7475050091743469,0.3987797498703003
YDR313C,YDR148C,1,-0.47590363,0.15832805633544922,0.7485029697418213,0.3987797498703003
YHR063C,YLR275W,0,-0.47591,0.15829463303089142,0.7485029697418213,0.3988797664642334
YJR145C,YAL023C,0,-0.475981,0.158261239528656,0.7485029697418213,0.3989797830581665
YDR228C,YNL283C,0,-0.47598475,0.1582278460264206,0.7485029697418213,0.399079829454422
YOL136C,YOR173W,0,-0.47627163,0.15819446742534637,0.7485029697418213,0.3991798460483551
YML109W,YLR272C,0,-0.47652537,0.15816111862659454,0.7485029697418213,0.3992798626422882
YJR103W,YHR140W,0,-0.47678947,0.1581277698278427,0.7485029697418213,0.3993798792362213
YDR390C,YMR093W,0,-0.47682256,0.15809443593025208,0.7485029697418213,0.3994798958301544
YBR087W,YKL181W,0,-0.47693312,0.15806111693382263,0.7485029697418213,0.3995799124240875
YLR295C,YLR447C,0,-0.47698146,0.15802781283855438,0.7485029697418213,0.39967992901802063
YAL044C,YDL019C,1,-0.47725654,0.15820518136024475,0.7495009899139404,0.39967992901802063
YNL116W,YHR161C,0,-0.47780013,0.1581718623638153,0.7495009899139404,0.39977994561195374
YER018C,YOL041C,0,-0.47822213,0.15813855826854706,0.7495009899139404,0.39987996220588684
YLL033W,YGR118W,0,-0.47827446,0.15810526907444,0.7495009899139404,0.39998000860214233
YBR239C,YJL155C,0,-0.47831714,0.15807197988033295,0.7495009899139404,0.40008002519607544
YPR065W,YOL016C,0,-0.47833902,0.15803872048854828,0.7495009899139404,0.40018004179000854
YDR503C,YKL125W,0,-0.4785459,0.1580054759979248,0.7495009899139404,0.40028005838394165
YAL044C,YLR440C,0,-0.47858042,0.15797223150730133,0.7495009899139404,0.40038007497787476
YNR032W,YCR102C,0,-0.47898376,0.15793901681900024,0.7495009899139404,0.40048009157180786
YLR256W,YGL010W,0,-0.47926748,0.15790580213069916,0.7495009899139404,0.40058010816574097
YGR281W,YKL041W,0,-0.47940195,0.15787260234355927,0.7495009899139404,0.4006801247596741
YDL200C,YJR098C,0,-0.47952032,0.15783943235874176,0.7495009899139404,0.4007801413536072
YOR054C,YHR091C,0,-0.4795637,0.15780626237392426,0.7495009899139404,0.40088018774986267
YGR184C,YER017C,0,-0.4796124,0.15777310729026794,0.7495009899139404,0.4009802043437958
YDR166C,YBL066C,0,-0.4796511,0.15773996710777283,0.7495009899139404,0.4010802209377289
YBL010C,YIL155C,0,-0.47984254,0.1577068418264389,0.7495009899139404,0.401180237531662
YDR508C,YOL088C,0,-0.4799468,0.15767373144626617,0.7495009899139404,0.4012802541255951
YDR047W,YIL103W,0,-0.48002183,0.15764063596725464,0.7495009899139404,0.4013802707195282
YCL045C,YKR055W,0,-0.48019004,0.1576075553894043,0.7495009899139404,0.4014802873134613
YJL170C,YNL242W,0,-0.48032832,0.15757448971271515,0.7495009899139404,0.4015803039073944
YDR313C,YML094W,0,-0.48044634,0.157541424036026,0.7495009899139404,0.4016803503036499
YAL035W,YOL158C,0,-0.4805107,0.15750838816165924,0.7495009899139404,0.401780366897583
YKL160W,YCL043C,0,-0.4805209,0.15747536718845367,0.7495009899139404,0.4018803834915161
YLR237W,YDR252W,0,-0.4806319,0.1574423462152481,0.7495009899139404,0.4019804000854492
YJR007W,YNR060W,0,-0.48070127,0.15740935504436493,0.7495009899139404,0.4020804166793823
YGR105W,YKL065C,0,-0.48070914,0.15737636387348175,0.7495009899139404,0.40218043327331543
YIL002C,YBR020W,0,-0.48081064,0.15734338760375977,0.7495009899139404,0.40228044986724854
YER151C,YPL273W,0,-0.48106104,0.15731042623519897,0.7495009899139404,0.40238046646118164
YLR135W,YDR054C,0,-0.48136067,0.15727747976779938,0.7495009899139404,0.40248048305511475
YER013W,YDL138W,0,-0.48150516,0.15724456310272217,0.7495009899139404,0.40258052945137024
YIR036C,YOR326W,0,-0.48198503,0.15721164643764496,0.7495009899139404,0.40268054604530334
YOR077W,YDL007W,0,-0.48202693,0.15717872977256775,0.7495009899139404,0.40278056263923645
YPR035W,YEL064C,0,-0.4820664,0.15714584290981293,0.7495009899139404,0.40288057923316956
YGL009C,YKL205W,0,-0.48229182,0.1571129709482193,0.7495009899139404,0.40298059582710266
YJL178C,YHR105W,1,-0.48234195,0.1572892665863037,0.7504990100860596,0.40298059582710266
YLR107W,YCL040W,0,-0.48234951,0.1572563797235489,0.7504990100860596,0.40308061242103577
YGL021W,YDR457W,0,-0.48240894,0.15722349286079407,0.7504990100860596,0.40318062901496887
YGR156W,YJL138C,0,-0.48253047,0.15719063580036163,0.7504990100860596,0.403280645608902
YKR003W,YDL019C,1,-0.48288512,0.1573667675256729,0.7514970302581787,0.403280645608902
YBR097W,YOR311C,0,-0.48292756,0.15733389556407928,0.7514970302581787,0.4033806622028351
YDR109C,YDR014W,0,-0.48297077,0.15730102360248566,0.7514970302581787,0.4034807085990906
YKL020C,YPR043W,0,-0.48299766,0.15726816654205322,0.7514970302581787,0.4035807251930237
YLR388W,YLR309C,0,-0.48352486,0.15723532438278198,0.7514970302581787,0.4036807417869568
YML029W,YBR048W,0,-0.48352993,0.15720251202583313,0.7514970302581787,0.4037807583808899
YIL143C,YJL106W,0,-0.48357588,0.15716969966888428,0.7514970302581787,0.403880774974823
YLR186W,YIL145C,0,-0.48359144,0.15713690221309662,0.7514970302581787,0.4039807915687561
YPR204W,YOR126C,0,-0.48370147,0.15710410475730896,0.7514970302581787,0.4040808081626892
YFR045W,YNL064C,0,-0.4843896,0.1570713371038437,0.7514970302581787,0.4041808247566223
YPL005W,YGL259W,0,-0.48446268,0.1570385843515396,0.7514970302581787,0.4042808413505554
YCR097W,YOR209C,0,-0.48449928,0.15700583159923553,0.7514970302581787,0.4043808877468109
YJL160C,YGR109C,0,-0.48460662,0.15697310864925385,0.7514970302581787,0.404480904340744
YNL067W,YGL002W,0,-0.4846105,0.15694038569927216,0.7514970302581787,0.4045809209346771
YNL010W,YDR144C,0,-0.48463434,0.15690769255161285,0.7514970302581787,0.40468093752861023
YMR075W,YIL035C,0,-0.4849168,0.15687499940395355,0.7514970302581787,0.40478095412254333
YDR309C,YLR206W,1,-0.48502463,0.15705060958862305,0.7524949908256531,0.40478095412254333
YJL214W,YER078C,0,-0.48532766,0.15701791644096375,0.7524949908256531,0.40488097071647644
YOL156W,YJL004C,0,-0.48534358,0.15698522329330444,0.7524949908256531,0.40498098731040955
YLR206W,YDL019C,1,-0.48540926,0.1571606993675232,0.7534930109977722,0.40498098731040955
YDR394W,YGR108W,0,-0.48546547,0.1571279913187027,0.7534930109977722,0.40508100390434265
YLR355C,YMR229C,0,-0.48550963,0.1570952981710434,0.7534930109977722,0.40518105030059814
YKL011C,YDR443C,0,-0.4856376,0.1570626199245453,0.7534930109977722,0.40528106689453125
YPL065W,YNL311C,0,-0.48575073,0.15702995657920837,0.7534930109977722,0.40538108348846436
YGR013W,YAL053W,0,-0.48581058,0.15699729323387146,0.7534930109977722,0.40548110008239746
YBL046W,YLR139C,0,-0.48612928,0.15696465969085693,0.7534930109977722,0.40558111667633057
YHR027C,YCL036W,0,-0.4866969,0.1569320261478424,0.7534930109977722,0.40568113327026367
YKL095W,YHR013C,0,-0.4869328,0.15689942240715027,0.7534930109977722,0.4057811498641968
YJL176C,YNL172W,0,-0.48694074,0.15686681866645813,0.7534930109977722,0.4058811664581299
YMR241W,YMR270C,0,-0.4869815,0.15683422982692719,0.7534930109977722,0.405981183052063
YJR028W,YEL062W,0,-0.48711687,0.15680165588855743,0.7534930109977722,0.4060812294483185
YKR020W,YML075C,0,-0.4873699,0.15676909685134888,0.7534930109977722,0.4061812460422516
YAR035W,YOR196C,0,-0.4875191,0.1567365527153015,0.7534930109977722,0.4062812626361847
YMR037C,YOL107W,0,-0.4877559,0.15670402348041534,0.7534930109977722,0.4063812792301178
YHR086W,YLR362W,0,-0.48812336,0.15667150914669037,0.7534930109977722,0.4064812958240509
YMR241W,YIL063C,0,-0.48816943,0.1566390097141266,0.7534930109977722,0.406581312417984
YBR033W,YDL103C,0,-0.4882142,0.1566065102815628,0.7534930109977722,0.4066813290119171
YGL226C-A,YBL061C,0,-0.48847783,0.1565740406513214,0.7534930109977722,0.4067813456058502
YDL059C,YBR136W,0,-0.4888953,0.15654157102108002,0.7534930109977722,0.4068813621997833
YDL128W,YOR327C,0,-0.48903304,0.15650911629199982,0.7534930109977722,0.4069814085960388
YJR125C,YPR097W,1,-0.48912203,0.15668393671512604,0.7544910311698914,0.4069814085960388
YGR238C,YJR113C,0,-0.48925924,0.15665146708488464,0.7544910311698914,0.4070814251899719
YHR043C,YGR010W,0,-0.48929703,0.15661901235580444,0.7544910311698914,0.40718144178390503
YGL003C,YGL136C,0,-0.48930675,0.15658657252788544,0.7544910311698914,0.40728145837783813
YDR211W,YPR070W,0,-0.4893834,0.15655414760112762,0.7544910311698914,0.40738147497177124
YPR184W,YFR031C,0,-0.48968738,0.156521737575531,0.7544910311698914,0.40748149156570435
YNL087W,YPL145C,1,-0.48969334,0.15669633448123932,0.7554890513420105,0.40748149156570435
YGL212W,YPL100W,1,-0.4897843,0.15687085688114166,0.7564870119094849,0.40748149156570435
YNL223W,YGR225W,0,-0.49016875,0.15683840215206146,0.7564870119094849,0.40758150815963745
YHL027W,YJL063C,0,-0.49019945,0.15680596232414246,0.7564870119094849,0.40768152475357056
YNL258C,YOR323C,0,-0.49077916,0.15677352249622345,0.7564870119094849,0.40778157114982605
YHR178W,YHR056C,0,-0.49099666,0.15674111247062683,0.7564870119094849,0.40788158774375916
YKR046C,YIL162W,0,-0.4910441,0.1567087024450302,0.7564870119094849,0.40798160433769226
YLR348C,YNL197C,0,-0.49118185,0.1566763073205948,0.7564870119094849,0.40808162093162537
YDL143W,YGL225W,0,-0.49126786,0.15664394199848175,0.7564870119094849,0.40818163752555847
YJL036W,YKR003W,1,-0.49127674,0.1568181812763214,0.757485032081604,0.40818163752555847
YHR076W,YGL113W,0,-0.49143785,0.156785786151886,0.757485032081604,0.4082816541194916
YMR308C,YDR316W,0,-0.49170136,0.15675340592861176,0.757485032081604,0.4083816707134247
YER138C,YBR132C,0,-0.49178004,0.15672104060649872,0.757485032081604,0.4084816873073578
YMR300C,YDL030W,0,-0.49237514,0.15668869018554688,0.757485032081604,0.4085817039012909
YDR541C,YIL145C,0,-0.49265194,0.15665633976459503,0.757485032081604,0.4086817502975464
YGL191W,YKL061W,0,-0.49276036,0.15662401914596558,0.757485032081604,0.4087817668914795
YLR452C,YGR167W,0,-0.49291003,0.15659171342849731,0.757485032081604,0.4088817834854126
YOR084W,YLR048W,0,-0.49298954,0.15655940771102905,0.757485032081604,0.4089818000793457
YDL112W,YGR086C,0,-0.49339622,0.15652711689472198,0.757485032081604,0.4090818166732788
YLR043C,YDL103C,0,-0.49364793,0.1564948409795761,0.757485032081604,0.4091818332672119
YHR200W,YHR060W,0,-0.4937637,0.15646257996559143,0.757485032081604,0.409281849861145
YML104C,YFR021W,1,-0.49379027,0.15663643181324005,0.7584830522537231,0.409281849861145
YDL222C,YKR062W,0,-0.4937954,0.15660415589809418,0.7584830522537231,0.4093818664550781
YBL112C,YOR308C,0,-0.49385965,0.1565718948841095,0.7584830522537231,0.40948188304901123
YNL284C,YOR244W,0,-0.49391842,0.156539648771286,0.7584830522537231,0.4095819294452667
YLL005C,YML027W,0,-0.49405015,0.15650741755962372,0.7584830522537231,0.40968194603919983
YKL203C,YDR414C,0,-0.49425614,0.15647518634796143,0.7584830522537231,0.40978196263313293
YGL089C,YNL095C,0,-0.4943741,0.15644298493862152,0.7584830522537231,0.40988197922706604
YOL027C,YHR147C,0,-0.49443793,0.15641078352928162,0.7584830522537231,0.40998199582099915
YOL088C,YOR269W,0,-0.49453932,0.1563785970211029,0.7584830522537231,0.41008201241493225
YHL012W,YDR173C,0,-0.4945748,0.1563464254140854,0.7584830522537231,0.41018202900886536
YBR161W,YML040W,0,-0.49477786,0.15631426870822906,0.7584830522537231,0.41028204560279846
YJR001W,YCR024C-A,0,-0.4950348,0.15628212690353394,0.7584830522537231,0.41038206219673157
YDR170C,YHR034C,0,-0.49544746,0.15625,0.7584830522537231,0.41048210859298706
YDR123C,YDR231C,0,-0.49579954,0.15621788799762726,0.7584830522537231,0.41058212518692017
YGR096W,YDR400W,0,-0.4960428,0.15618577599525452,0.7584830522537231,0.41068214178085327
YDL101C,YEL003W,0,-0.49614477,0.15615369379520416,0.7584830522537231,0.4107821583747864
YHR171W,YDR072C,0,-0.49650186,0.1561216115951538,0.7584830522537231,0.4108821749687195
YJR013W,YOR180C,0,-0.49658304,0.15608954429626465,0.7584830522537231,0.4109821915626526
YKR078W,YOR086C,1,-0.49669027,0.1562628298997879,0.7594810128211975,0.4109821915626526
YER073W,YGR192C,0,-0.49670333,0.15623074769973755,0.7594810128211975,0.4110822081565857
YGL206C,YKL218C,0,-0.49693412,0.1561986804008484,0.7594810128211975,0.4111822247505188
YKL195W,YOR244W,0,-0.49712968,0.15616662800312042,0.7594810128211975,0.4112822711467743
YAL042W,YLR344W,0,-0.49729067,0.15613459050655365,0.7594810128211975,0.4113822877407074
YJL129C,YLR138W,0,-0.4973997,0.15610256791114807,0.7594810128211975,0.4114823043346405
YGL062W,YLL039C,0,-0.49753237,0.1560705453157425,0.7594810128211975,0.4115823209285736
YCR024C-A,YFL048C,0,-0.4978643,0.1560385525226593,0.7594810128211975,0.4116823375225067
YNL283C,YFR041C,0,-0.49811333,0.1560065597295761,0.7594810128211975,0.4117823541164398
YML081C-A,YER090W,0,-0.4983244,0.1559745818376541,0.7594810128211975,0.4118823707103729
YDR306C,YBL004W,0,-0.49841768,0.1559426188468933,0.7594810128211975,0.41198238730430603
YNL152W,YER008C,1,-0.49850917,0.1561155468225479,0.7604790329933167,0.41198238730430603
YGR028W,YER058W,0,-0.4991306,0.15608356893062592,0.7604790329933167,0.41208240389823914
YNR057C,YDL110C,0,-0.49971002,0.1560516059398651,0.7604790329933167,0.41218245029449463
YCL047C,YCL034W,0,-0.49972975,0.1560196578502655,0.7604790329933167,0.41228246688842773
YMR012W,YAL034W-A,0,-0.49982065,0.1559877246618271,0.7604790329933167,0.41238248348236084
YLR178C,YML104C,1,-0.5003338,0.15616045892238617,0.7614770531654358,0.41238248348236084
YJL036W,YDL113C,1,-0.50039643,0.15633313357830048,0.7624750733375549,0.41238248348236084
YOL142W,YMR315W,0,-0.5004632,0.15630114078521729,0.7624750733375549,0.41248250007629395
YBR070C,YJL171C,0,-0.50056076,0.15626917779445648,0.7624750733375549,0.41258251667022705
YDR196C,YJL046W,0,-0.50060356,0.15623721480369568,0.7624750733375549,0.41268253326416016
YLR301W,YBR273C,0,-0.5006482,0.15620528161525726,0.7624750733375549,0.41278254985809326
YOR369C,YDL055C,0,-0.50077844,0.15617334842681885,0.7624750733375549,0.41288256645202637
YMR300C,YBR216C,0,-0.5009216,0.15614143013954163,0.7624750733375549,0.4129825830459595
YPL256C,YDR196C,0,-0.5009452,0.1561095267534256,0.7624750733375549,0.41308262944221497
YKL176C,YOR313C,0,-0.5012872,0.15607762336730957,0.7624750733375549,0.41318264603614807
YDL184C,YGR199W,0,-0.50131476,0.15604574978351593,0.7624750733375549,0.4132826626300812
YIR005W,YOL026C,0,-0.5017471,0.15601389110088348,0.7624750733375549,0.4133826792240143
YJR144W,YGL060W,0,-0.50184184,0.15598203241825104,0.7624750733375549,0.4134826958179474
YGR169C,YMR288W,0,-0.50185853,0.15595018863677979,0.7624750733375549,0.4135827124118805
YDR331W,YDR279W,0,-0.50224257,0.15591837465763092,0.7624750733375549,0.4136827290058136
YJR147W,YNR002C,0,-0.5023944,0.15588656067848206,0.7624750733375549,0.4137827455997467
YLL009C,YKR105C,0,-0.50255215,0.1558547466993332,0.7624750733375549,0.4138827621936798
YFR036W,YPL214C,0,-0.5025702,0.1558229625225067,0.7624750733375549,0.4139828085899353
YPR061C,YHR160C,0,-0.5029518,0.15579119324684143,0.7624750733375549,0.4140828251838684
YDR052C,YLR042C,0,-0.5033726,0.15575942397117615,0.7624750733375549,0.4141828417778015
YLR009W,YCL043C,0,-0.5035521,0.15572768449783325,0.7624750733375549,0.4142828583717346
YMR165C,YDR322C-A,0,-0.5038946,0.15569594502449036,0.7624750733375549,0.4143828749656677
YGL184C,YML008C,0,-0.5039858,0.15566422045230865,0.7624750733375549,0.41448289155960083
YHL012W,YGR167W,0,-0.5043031,0.15563251078128815,0.7624750733375549,0.41458290815353394
YLR433C,YCL008C,0,-0.50433964,0.15560081601142883,0.7624750733375549,0.41468292474746704
YNL162W,YLR364W,0,-0.50434947,0.1555691361427307,0.7624750733375549,0.41478297114372253
YOR329C,YBR037C,0,-0.5045074,0.1555374562740326,0.7624750733375549,0.41488298773765564
YIL088C,YNL335W,0,-0.5046414,0.15550580620765686,0.7624750733375549,0.41498300433158875
YIL125W,YGL224C,0,-0.5046597,0.15547415614128113,0.7624750733375549,0.41508302092552185
YCR060W,YGR032W,0,-0.5047657,0.1554425209760666,0.7624750733375549,0.41518303751945496
YPR054W,YMR311C,0,-0.50481206,0.15541090071201324,0.7624750733375549,0.41528305411338806
YFR042W,YDR536W,0,-0.50512874,0.1553792953491211,0.7624750733375549,0.41538307070732117
YPL132W,YML124C,0,-0.50515556,0.15534770488739014,0.7624750733375549,0.4154830873012543
YDR309C,YHR001W,1,-0.50518274,0.15551941096782684,0.7634730339050293,0.4154830873012543
YEL077C,YOL094C,0,-0.5055028,0.1554878056049347,0.7634730339050293,0.4155831038951874
YMR165C,YLL002W,0,-0.5057041,0.15545621514320374,0.7634730339050293,0.41568315029144287
YNL087W,YPL048W,1,-0.5057867,0.1556277871131897,0.7644710540771484,0.41568315029144287
YMR026C,YMR246W,0,-0.50605845,0.15559618175029755,0.7644710540771484,0.415783166885376
YKL112W,YCR098C,0,-0.50621426,0.1555645763874054,0.7644710540771484,0.4158831834793091
YER153C,YDL164C,0,-0.5062703,0.15553300082683563,0.7644710540771484,0.4159832000732422
YLR117C,YBR039W,0,-0.50686795,0.15550142526626587,0.7644710540771484,0.4160832166671753
YMR067C,YDR310C,0,-0.5069308,0.1554698646068573,0.7644710540771484,0.4161832332611084
YML065W,YLR057W,0,-0.5070912,0.15543831884860992,0.7644710540771484,0.4162832498550415
YKL089W,YMR288W,0,-0.50710267,0.15540677309036255,0.7644710540771484,0.4163832664489746
YJL036W,YNL071W,1,-0.50721806,0.15557809174060822,0.7654690742492676,0.4163832664489746
YML095C,YLR343W,0,-0.50740653,0.15554654598236084,0.7654690742492676,0.4164832830429077
YBR030W,YPL089C,0,-0.5077222,0.15551500022411346,0.7654690742492676,0.4165833294391632
YGR216C,YDR371W,0,-0.50791305,0.15548348426818848,0.7654690742492676,0.4166833460330963
YER174C,YCR089W,0,-0.5079206,0.1554519683122635,0.7654690742492676,0.4167833626270294
YOR209C,YER086W,0,-0.5083487,0.1554204672574997,0.7654690742492676,0.4168833792209625
YGL089C,YOR274W,0,-0.50838923,0.1553889811038971,0.7654690742492676,0.41698339581489563
YJL112W,YDL064W,0,-0.50847846,0.1553575098514557,0.7654690742492676,0.41708341240882874
YNL254C,YLL033W,0,-0.50852,0.15532603859901428,0.7654690742492676,0.41718342900276184
YOL004W,YCL004W,0,-0.50857484,0.15529459714889526,0.7654690742492676,0.41728344559669495
YPL186C,YIL138C,0,-0.50888777,0.15526315569877625,0.7654690742492676,0.41738346219062805
YFL023W,YLR077W,0,-0.50900644,0.15523172914981842,0.7654690742492676,0.41748350858688354
YOR130C,YDL028C,0,-0.5091356,0.1552003175020218,0.7654690742492676,0.41758352518081665
YJR078W,YBR066C,0,-0.5095532,0.15516892075538635,0.7654690742492676,0.41768354177474976
YGL185C,YLR440C,0,-0.5096866,0.1551375389099121,0.7654690742492676,0.41778355836868286
YDR148C,YOR086C,1,-0.5097678,0.15530839562416077,0.7664670944213867,0.41778355836868286
YLL051C,YDR084C,0,-0.5098127,0.15527699887752533,0.7664670944213867,0.41788357496261597
YMR197C,YGR158C,0,-0.5098939,0.1552456021308899,0.7664670944213867,0.4179835915565491
YJR110W,YGR152C,0,-0.50995094,0.15521423518657684,0.7664670944213867,0.4180836081504822
YJL011C,YDR351W,0,-0.51095223,0.1551828682422638,0.7664670944213867,0.4181836247444153
YLR014C,YMR078C,0,-0.5109988,0.15515151619911194,0.7664670944213867,0.4182836711406708
YKR065C,YNL015W,0,-0.5111409,0.15512017905712128,0.7664670944213867,0.4183836877346039
YDR416W,YMR223W,0,-0.5112593,0.1550888568162918,0.7664670944213867,0.418483704328537
YDL047W,YGR185C,0,-0.51140267,0.15505753457546234,0.7664670944213867,0.4185837209224701
YPR031W,YNL197C,0,-0.51147425,0.15502624213695526,0.7664670944213867,0.4186837375164032
YOL165C,YAL024C,0,-0.51149553,0.15499494969844818,0.7664670944213867,0.4187837541103363
YOR037W,YDR523C,0,-0.5116922,0.1549636870622635,0.7664670944213867,0.4188837707042694
YCL069W,YNL047C,0,-0.5118975,0.1549324244260788,0.7664670944213867,0.4189837872982025
YCL050C,YLR029C,0,-0.5119732,0.1549011766910553,0.7664670944213867,0.4190838038921356
YLR073C,YDL179W,0,-0.5121865,0.1548699289560318,0.7664670944213867,0.4191838502883911
YMR127C,YFR006W,0,-0.512936,0.1548387110233307,0.7664670944213867,0.4192838668823242
YPL008W,YFL039C,0,-0.51339006,0.15480749309062958,0.7664670944213867,0.4193838834762573
YIL109C,YIR038C,0,-0.51340395,0.15477630496025085,0.7664670944213867,0.41948390007019043
YML024W,YBL026W,0,-0.51346743,0.15474511682987213,0.7664670944213867,0.41958391666412354
YDR186C,YDR247W,0,-0.5135018,0.1547139436006546,0.7664670944213867,0.41968393325805664
YOR096W,YDL129W,0,-0.51353806,0.15468278527259827,0.7664670944213867,0.41978394985198975
YEL029C,YDR512C,0,-0.51353884,0.15465162694454193,0.7664670944213867,0.41988396644592285
YDL070W,YDR530C,0,-0.51367325,0.15462049841880798,0.7664670944213867,0.41998398303985596
YMR167W,YDR410C,0,-0.51373714,0.15458936989307404,0.7664670944213867,0.42008402943611145
YEL004W,YOR035C,0,-0.5138464,0.15455825626850128,0.7664670944213867,0.42018404603004456
YCL055W,YDR451C,0,-0.5139398,0.15452715754508972,0.7664670944213867,0.42028406262397766
YPR200C,YBR229C,0,-0.5139879,0.15449607372283936,0.7664670944213867,0.42038407921791077
YBR228W,YPL119C,0,-0.51407015,0.15446500480175018,0.7664670944213867,0.42048409581184387
YDR097C,YBR160W,0,-0.514091,0.154433935880661,0.7664670944213867,0.420584112405777
YDL033C,YMR300C,0,-0.51452094,0.15440289676189423,0.7664670944213867,0.4206841289997101
YDR043C,YGR029W,0,-0.51493895,0.15437185764312744,0.7664670944213867,0.4207841455936432
YNL088W,YDR310C,0,-0.5154125,0.15434083342552185,0.7664670944213867,0.4208841621875763
YBR228W,YDL111C,0,-0.51553345,0.15430982410907745,0.7664670944213867,0.4209842085838318
YML029W,YOL130W,0,-0.5157879,0.15427882969379425,0.7664670944213867,0.4210842251777649
YOL119C,YMR052W,0,-0.5159145,0.15424783527851105,0.7664670944213867,0.421184241771698
YLR192C,YPL019C,0,-0.5159403,0.15421687066555023,0.7664670944213867,0.4212842583656311
YJL176C,YJL219W,0,-0.516046,0.15418590605258942,0.7664670944213867,0.4213842749595642
YHR032W,YDR032C,0,-0.5160598,0.1541549563407898,0.7664670944213867,0.4214842915534973
YJR144W,YGR222W,0,-0.516116,0.15412402153015137,0.7664670944213867,0.4215843081474304
YJR045C,YML010W,0,-0.51619244,0.15409310162067413,0.7664670944213867,0.4216843247413635
YLR002C,YFL045C,0,-0.51641154,0.1540621817111969,0.7664670944213867,0.421784371137619
YBR198C,YKL161C,0,-0.5164154,0.15403129160404205,0.7664670944213867,0.4218843877315521
YDR196C,YOR171C,0,-0.5164315,0.1540004014968872,0.7664670944213867,0.42198440432548523
YKR102W,YEL063C,0,-0.51645947,0.15396952629089355,0.7664670944213867,0.42208442091941833
YJR015W,YOR096W,0,-0.5167418,0.1539386659860611,0.7664670944213867,0.42218443751335144
YOR378W,YOR244W,0,-0.51701903,0.15390782058238983,0.7664670944213867,0.42228445410728455
YFR051C,YNL292W,0,-0.5174059,0.15387697517871857,0.7664670944213867,0.42238447070121765
YIR021W,YIL122W,0,-0.51752186,0.1538461595773697,0.7664670944213867,0.42248448729515076
YOL119C,YNL071W,0,-0.5176684,0.1538153439760208,0.7664670944213867,0.42258450388908386
YER114C,YOR344C,0,-0.51773435,0.15378454327583313,0.7664670944213867,0.42268455028533936
YGL205W,YKR087C,0,-0.51780224,0.15375375747680664,0.7664670944213867,0.42278456687927246
YDL066W,YDR018C,0,-0.5179097,0.15372297167778015,0.7664670944213867,0.42288458347320557
YOR337W,YNL185C,0,-0.51792634,0.15369221568107605,0.7664670944213867,0.42298460006713867
YML104C,YIL105C,1,-0.51795423,0.15386153757572174,0.7674650549888611,0.42298460006713867
YJR099W,YDR229W,0,-0.51847947,0.15383076667785645,0.7674650549888611,0.4230846166610718
YGL035C,YBL066C,0,-0.5185414,0.15379999577999115,0.7674650549888611,0.4231846332550049
YDR389W,YGR052W,0,-0.51912606,0.15376923978328705,0.7674650549888611,0.423284649848938
YNL207W,YOR039W,0,-0.5192054,0.15373849868774414,0.7674650549888611,0.4233846664428711
YPL228W,YMR270C,0,-0.5194125,0.15370777249336243,0.7674650549888611,0.4234846830368042
YKR003W,YCL004W,0,-0.5194164,0.1536770612001419,0.7674650549888611,0.4235847294330597
YAR018C,YOL165C,0,-0.5194879,0.1536463499069214,0.7674650549888611,0.4236847460269928
YOR308C,YNR013C,0,-0.51951957,0.15361566841602325,0.7674650549888611,0.4237847626209259
YNL299W,YBL098W,0,-0.51966935,0.15358498692512512,0.7674650549888611,0.423884779214859
YKL095W,YLR182W,0,-0.52011645,0.15355432033538818,0.7674650549888611,0.4239847958087921
YOL117W,YML027W,0,-0.5205121,0.15352365374565125,0.7674650549888611,0.4240848124027252
YIL097W,YJR143C,0,-0.52051604,0.1534930169582367,0.7674650549888611,0.4241848289966583
YLR256W,YML112W,0,-0.5207411,0.15346238017082214,0.7674650549888611,0.42428484559059143
YLR119W,YGR109C,0,-0.5208451,0.1534317582845688,0.7674650549888611,0.42438486218452454
YDR050C,YGR067C,0,-0.521052,0.15340115129947662,0.7674650549888611,0.42448490858078003
YGR207C,YKL216W,0,-0.5210894,0.15337055921554565,0.7674650549888611,0.42458492517471313
YNL101W,YMR104C,0,-0.52113974,0.15333998203277588,0.7674650549888611,0.42468494176864624
YLR066W,YDR174W,0,-0.5211593,0.1533094048500061,0.7674650549888611,0.42478495836257935
YBR123C,YJL099W,0,-0.52119637,0.15327885746955872,0.7674650549888611,0.42488497495651245
YGL094C,YPL252C,0,-0.52123237,0.15324831008911133,0.7674650549888611,0.42498499155044556
YDR099W,YBR247C,0,-0.52124196,0.15321777760982513,0.7674650549888611,0.42508500814437866
YDL052C,YOL101C,0,-0.52134055,0.15318724513053894,0.7674650549888611,0.42518502473831177
YGR203W,YCR042C,0,-0.5215354,0.15315674245357513,0.7674650549888611,0.42528507113456726
YNL072W,YHL016C,0,-0.52156425,0.15312623977661133,0.7674650549888611,0.42538508772850037
YHR156C,YDR373W,0,-0.5216178,0.1530957669019699,0.7674650549888611,0.42548510432243347
YNL270C,YJL128C,0,-0.521647,0.1530652940273285,0.7674650549888611,0.4255851209163666
YDR309C,YAL044C,1,-0.5219406,0.1532338261604309,0.7684630751609802,0.4255851209163666
YMR044W,YDR155C,0,-0.5220079,0.1532033383846283,0.7684630751609802,0.4256851375102997
YPL246C,YDR369C,0,-0.52206665,0.15317286550998688,0.7684630751609802,0.4257851541042328
YPL255W,YHR043C,0,-0.52214783,0.15314240753650665,0.7684630751609802,0.4258851706981659
YOR315W,YKL172W,0,-0.522154,0.15311194956302643,0.7684630751609802,0.425985187292099
YLR020C,YLR371W,0,-0.52225083,0.1530815064907074,0.7684630751609802,0.4260852038860321
YIR012W,YGR284C,0,-0.5222871,0.15305107831954956,0.7684630751609802,0.4261852502822876
YNL153C,YBR006W,0,-0.52232695,0.15302066504955292,0.7684630751609802,0.4262852668762207
YKL163W,YFL029C,0,-0.52233714,0.15299026668071747,0.7684630751609802,0.4263852834701538
YOR204W,YLR286C,0,-0.52248865,0.15295986831188202,0.7684630751609802,0.4264853000640869
YGL062W,YDL232W,0,-0.52266526,0.15292949974536896,0.7684630751609802,0.42658531665802
YGR198W,YBR258C,0,-0.52271044,0.1528991311788559,0.7684630751609802,0.4266853332519531
YNL305C,YPL223C,0,-0.5227644,0.15286877751350403,0.7684630751609802,0.42678534984588623
YGL161C,YLR008C,0,-0.5227903,0.15283842384815216,0.7684630751609802,0.42688536643981934
YBR154C,YGL224C,0,-0.5232146,0.15280809998512268,0.7684630751609802,0.42698538303375244
YJR055W,YDR481C,0,-0.5233832,0.1527777761220932,0.7684630751609802,0.42708542943000793
YBL113C,YMR169C,0,-0.5234763,0.15274746716022491,0.7684630751609802,0.42718544602394104
YLL011W,YGR037C,0,-0.5235056,0.15271717309951782,0.7684630751609802,0.42728546261787415
YOR071C,YOR077W,0,-0.5237906,0.15268689393997192,0.7684630751609802,0.42738547921180725
YER112W,YPR125W,0,-0.5238918,0.15265661478042603,0.7684630751609802,0.42748549580574036
YDL058W,YJR127C,0,-0.5239867,0.15262636542320251,0.7684630751609802,0.42758551239967346
YBR042C,YHR186C,0,-0.52427083,0.152596116065979,0.7684630751609802,0.42768552899360657
YER055C,YGR152C,0,-0.52427924,0.1525658816099167,0.7684630751609802,0.4277855455875397
YDR510W,YKL034W,0,-0.5242805,0.15253566205501556,0.7684630751609802,0.42788559198379517
YGL023C,YNL152W,1,-0.5243293,0.15270350873470306,0.7694610953330994,0.42788559198379517
YDR153C,YER120W,1,-0.52433324,0.1528712809085846,0.7704590559005737,0.42788559198379517
YOL157C,YIL050W,0,-0.52440405,0.1528410166501999,0.7704590559005737,0.42798560857772827
YMR114C,YOR190W,0,-0.5244104,0.15281076729297638,0.7704590559005737,0.4280856251716614
YLL022C,YCR004C,0,-0.5247572,0.15278053283691406,0.7704590559005737,0.4281856417655945
YKL156W,YGR209C,0,-0.52491504,0.15275029838085175,0.7704590559005737,0.4282856583595276
YDL208W,YGR209C,0,-0.5249295,0.15272007882595062,0.7704590559005737,0.4283856749534607
YDR376W,YOR047C,0,-0.52516425,0.1526898741722107,0.7704590559005737,0.4284856915473938
YBR161W,YDL052C,0,-0.5254466,0.15265968441963196,0.7704590559005737,0.4285857081413269
YLR429W,YDL129W,0,-0.52554756,0.15262949466705322,0.7704590559005737,0.42868572473526
YER150W,YEL064C,0,-0.5256141,0.15259933471679688,0.7704590559005737,0.4287857711315155
YLR134W,YHR206W,0,-0.52583337,0.15256917476654053,0.7704590559005737,0.4288857877254486
YGL044C,YNR003C,0,-0.52599645,0.15253902971744537,0.7704590559005737,0.4289858043193817
YGR081C,YJL140W,0,-0.52613604,0.15250888466835022,0.7704590559005737,0.4290858209133148
YDR465C,YBL091C-A,0,-0.5263039,0.15247876942157745,0.7704590559005737,0.4291858375072479
YBL066C,YLR342W,0,-0.52687603,0.1524486541748047,0.7704590559005737,0.42928585410118103
YLR216C,YIL093C,0,-0.5269283,0.15241855382919312,0.7704590559005737,0.42938587069511414
YPL096W,YGL135W,0,-0.5272109,0.15238846838474274,0.7704590559005737,0.42948588728904724
YHR160C,YJR090C,0,-0.5274025,0.15235839784145355,0.7704590559005737,0.42958590388298035
YPL032C,YKL073W,0,-0.5275675,0.15232832729816437,0.7704590559005737,0.42968595027923584
YDR420W,YKL188C,0,-0.52762175,0.15229828655719757,0.7704590559005737,0.42978596687316895
YLR362W,YBR195C,0,-0.5276869,0.15226824581623077,0.7704590559005737,0.42988598346710205
YBL098W,YJL207C,0,-0.52773595,0.15223821997642517,0.7704590559005737,0.42998600006103516
YDR379W,YJR143C,0,-0.52778226,0.15220820903778076,0.7704590559005737,0.43008601665496826
YGL137W,YHL008C,0,-0.5281496,0.15217819809913635,0.7704590559005737,0.43018603324890137
YNR032W,YPR118W,0,-0.5282408,0.15214820206165314,0.7704590559005737,0.4302860498428345
YMR037C,YGL254W,0,-0.52845865,0.15211822092533112,0.7704590559005737,0.4303860664367676
YIL134W,YHL009C,0,-0.5285845,0.1520882546901703,0.7704590559005737,0.4304860830307007
YDR082W,YML027W,0,-0.52859634,0.15205830335617065,0.7704590559005737,0.4305861294269562
YOR362C,YKR039W,0,-0.5288554,0.15202835202217102,0.7704590559005737,0.4306861460208893
YPR081C,YOL127W,0,-0.5294935,0.15199843049049377,0.7704590559005737,0.4307861626148224
YGR186W,YOR242C,0,-0.5295103,0.15196850895881653,0.7704590559005737,0.4308861792087555
YGL137W,YMR240C,0,-0.5302897,0.15193858742713928,0.7704590559005737,0.4309861958026886
YFR042W,YJR139C,0,-0.5304087,0.15190869569778442,0.7704590559005737,0.4310862123966217
YPR185W,YLR401C,0,-0.5308653,0.15187881886959076,0.7704590559005737,0.4311862289905548
YOR293W,YPR081C,0,-0.53088737,0.1518489420413971,0.7704590559005737,0.4312862455844879
YPL258C,YLR414C,0,-0.53155637,0.15181908011436462,0.7704590559005737,0.4313862919807434
YLR297W,YAR015W,0,-0.531558,0.15178921818733215,0.7704590559005737,0.4314863085746765
YIL010W,YDR420W,0,-0.53198653,0.15175938606262207,0.7704590559005737,0.4315863251686096
YHR211W,YOR327C,0,-0.53204346,0.151729553937912,0.7704590559005737,0.4316863417625427
YIR039C,YNL231C,0,-0.532366,0.1516997516155243,0.7704590559005737,0.43178635835647583
YNL302C,YLR408C,0,-0.5324736,0.1516699343919754,0.7704590559005737,0.43188637495040894
YGR013W,YGR295C,0,-0.5325835,0.1516401469707489,0.7704590559005737,0.43198639154434204
YDR349C,YMR269W,0,-0.5326869,0.1516103744506836,0.7704590559005737,0.43208640813827515
YHR091C,YOL137W,0,-0.5326918,0.1515806019306183,0.7704590559005737,0.43218642473220825
YDR507C,YJL109C,0,-0.5329497,0.15155084431171417,0.7704590559005737,0.43228647112846375
YJL002C,YOR306C,0,-0.5330531,0.15152110159397125,0.7704590559005737,0.43238648772239685
YNL128W,YGR192C,0,-0.5333822,0.15149135887622833,0.7704590559005737,0.43248650431632996
YKL184W,YOR348C,0,-0.5334443,0.1514616459608078,0.7704590559005737,0.43258652091026306
YOR035C,YBR020W,0,-0.5336387,0.15143193304538727,0.7704590559005737,0.43268653750419617
YDR014W,YDR409W,0,-0.53379506,0.15140223503112793,0.7704590559005737,0.4327865540981293
YGR203W,YOR288C,0,-0.5341825,0.15137255191802979,0.7704590559005737,0.4328865706920624
YKL100C,YPL223C,0,-0.5342397,0.15134286880493164,0.7704590559005737,0.4329865872859955
YLR256W,YER086W,0,-0.5343447,0.15131321549415588,0.7704590559005737,0.4330866038799286
YKL168C,YNL087W,0,-0.53467137,0.15128356218338013,0.7704590559005737,0.4331866502761841
YOR179C,YMR164C,0,-0.5348858,0.15125392377376556,0.7704590559005737,0.4332866668701172
YBR136W,YLR330W,0,-0.5350126,0.151224285364151,0.7704590559005737,0.4333866834640503
YPR186C,YMR092C,0,-0.5350484,0.15119467675685883,0.7704590559005737,0.4334867000579834
YJL025W,YNL304W,0,-0.535255,0.15116506814956665,0.7704590559005737,0.4335867166519165
YGL054C,YER087C-A,0,-0.5353147,0.15113547444343567,0.7704590559005737,0.4336867332458496
YNL122C,YDR538W,0,-0.5355985,0.15110589563846588,0.7704590559005737,0.4337867498397827
YGL190C,YML027W,0,-0.5356046,0.1510763168334961,0.7704590559005737,0.4338867664337158
YAL063C,YDR226W,0,-0.5359099,0.1510467678308487,0.7704590559005737,0.4339867830276489
YJR016C,YBR236C,0,-0.5359462,0.1510172188282013,0.7704590559005737,0.4340868294239044
YLR009W,YCR069W,0,-0.53627354,0.1509876847267151,0.7704590559005737,0.4341868460178375
YJL137C,YDR296W,0,-0.5364606,0.15095815062522888,0.7704590559005737,0.43428686261177063
YOR239W,YLR447C,0,-0.53673726,0.15092864632606506,0.7704590559005737,0.43438687920570374
YDR182W,YNL327W,0,-0.5367725,0.15089914202690125,0.7704590559005737,0.43448689579963684
YPR094W,YHR018C,0,-0.5368965,0.15086965262889862,0.7704590559005737,0.43458691239356995
YOR340C,YNL126W,0,-0.5371037,0.1508401781320572,0.7704590559005737,0.43468692898750305
YJR067C,YDR448W,0,-0.53715897,0.15081070363521576,0.7704590559005737,0.43478694558143616
YBL006C,YML124C,0,-0.5375396,0.15078124403953552,0.7704590559005737,0.43488699197769165
YOR317W,YNL206C,0,-0.5376878,0.15075179934501648,0.7704590559005737,0.43498700857162476
YJR078W,YLR266C,0,-0.5378163,0.15072236955165863,0.7704590559005737,0.43508702516555786
YIL006W,YOL125W,0,-0.5378258,0.15069295465946198,0.7704590559005737,0.43518704175949097
YNL052W,YOR329C,0,-0.5380817,0.15066353976726532,0.7704590559005737,0.4352870583534241
YAR003W,YJL101C,0,-0.5382037,0.15063413977622986,0.7704590559005737,0.4353870749473572
YBL075C,YDR371W,0,-0.5383225,0.1506047546863556,0.7704590559005737,0.4354870915412903
YDR170C,YML093W,0,-0.53858995,0.15057538449764252,0.7704590559005737,0.4355871081352234
YDR130C,YBR141C,0,-0.5385954,0.15054602921009064,0.7704590559005737,0.4356871247291565
YPL226W,YGR041W,0,-0.538666,0.15051667392253876,0.7704590559005737,0.435787171125412
YGR282C,YDR104C,0,-0.53891283,0.15048733353614807,0.7704590559005737,0.4358871877193451
YNL159C,YLL032C,0,-0.53894055,0.15045799314975739,0.7704590559005737,0.4359872043132782
YGL200C,YNR051C,0,-0.53905994,0.1504286825656891,0.7704590559005737,0.4360872209072113
YCR066W,YGR156W,0,-0.5394044,0.1503993719816208,0.7704590559005737,0.4361872375011444
YLR090W,YGR134W,0,-0.5395384,0.15037007629871368,0.7704590559005737,0.4362872540950775
YPL255W,YIL095W,0,-0.5398789,0.15034079551696777,0.7704590559005737,0.4363872706890106
YHR004C,YAR027W,0,-0.53988427,0.15031152963638306,0.7704590559005737,0.4364872872829437
YGL223C,YER069W,0,-0.54011357,0.15028226375579834,0.7704590559005737,0.43658730387687683
YDR237W,YPL124W,0,-0.54016894,0.15025301277637482,0.7704590559005737,0.4366873502731323
YJL204C,YNR069C,0,-0.5402883,0.1502237766981125,0.7704590559005737,0.43678736686706543
YHR004C,YHR105W,0,-0.54084843,0.15019455552101135,0.7704590559005737,0.43688738346099854
YHR132C,YMR097C,0,-0.54095775,0.15016533434391022,0.7704590559005737,0.43698740005493164
YOR228C,YNL223W,0,-0.54099786,0.15013612806797028,0.7704590559005737,0.43708741664886475
YPL244C,YJL008C,0,-0.5411249,0.15010693669319153,0.7704590559005737,0.43718743324279785
YLL012W,YML064C,0,-0.5411336,0.15007776021957397,0.7704590559005737,0.43728744983673096
YOR391C,YDR314C,0,-0.5421922,0.15004858374595642,0.7704590559005737,0.43738746643066406
YLR133W,YKL178C,0,-0.542224,0.15001943707466125,0.7704590559005737,0.43748748302459717
YDR363W-A,YOR099W,0,-0.5422254,0.1499902904033661,0.7704590559005737,0.43758752942085266
YJL029C,YOL155C,0,-0.54249513,0.14996114373207092,0.7704590559005737,0.43768754601478577
YNL301C,YNR074C,0,-0.54256946,0.14993202686309814,0.7704590559005737,0.43778756260871887
YOR106W,YKR006C,0,-0.5426483,0.14990290999412537,0.7704590559005737,0.437887579202652
YJL011C,YOR299W,0,-0.54281276,0.14987380802631378,0.7704590559005737,0.4379875957965851
YDR038C,YLR233C,0,-0.5429583,0.1498447209596634,0.7704590559005737,0.4380876123905182
YOL103W,YPR125W,0,-0.5432123,0.1498156487941742,0.7704590559005737,0.4381876289844513
YBR008C,YPL060W,0,-0.54336876,0.149786576628685,0.7704590559005737,0.4382876455783844
YKL212W,YMR042W,0,-0.54370415,0.149757519364357,0.7704590559005737,0.4383876919746399
YGL003C,YMR115W,0,-0.5437465,0.14972847700119019,0.7704590559005737,0.438487708568573
YDR390C,YHR211W,0,-0.5437979,0.14969943463802338,0.7704590559005737,0.4385877251625061
YOR092W,YOR232W,0,-0.54392153,0.14967042207717896,0.7704590559005737,0.4386877417564392
YPR189W,YJR036C,0,-0.54397506,0.14964140951633453,0.7704590559005737,0.4387877583503723
YLR016C,YLL051C,0,-0.544186,0.1496123969554901,0.7704590559005737,0.4388877749443054
YDR444W,YLL052C,0,-0.54431236,0.14958341419696808,0.7704590559005737,0.4389877915382385
YJL144W,YDL061C,0,-0.5444219,0.14955443143844604,0.7704590559005737,0.43908780813217163
YKL091C,YML104C,0,-0.54449767,0.1495254635810852,0.7704590559005737,0.43918782472610474
YDR403W,YMR166C,0,-0.544506,0.14949651062488556,0.7704590559005737,0.43928787112236023
YLR297W,YOR215C,0,-0.54467833,0.1494675725698471,0.7704590559005737,0.43938788771629333
YML111W,YOR279C,0,-0.54517466,0.14943863451480865,0.7704590559005737,0.43948790431022644
YDR529C,YLR396C,0,-0.5452859,0.1494097113609314,0.7704590559005737,0.43958792090415955
YLL009C,YLL029W,0,-0.54546297,0.14938080310821533,0.7704590559005737,0.43968793749809265
YMR013C,YIL066C,0,-0.5454663,0.14935190975666046,0.7704590559005737,0.43978795409202576
YMR175W,YBL105C,1,-0.54571843,0.14951644837856293,0.7714570760726929,0.43978795409202576
YGL040C,YBR059C,0,-0.5459507,0.14948752522468567,0.7714570760726929,0.43988797068595886
YGR240C,YNL136W,0,-0.5461268,0.1494586169719696,0.7714570760726929,0.43998798727989197
YBL085W,YDL161W,1,-0.5461318,0.14962303638458252,0.772455096244812,0.43998798727989197
YIR008C,YDR044W,0,-0.5461571,0.14959412813186646,0.772455096244812,0.4400880038738251
YKL095W,YHR074W,0,-0.54637474,0.1495652198791504,0.772455096244812,0.44018805027008057
YDL075W,YOR131C,0,-0.54670066,0.14953632652759552,0.772455096244812,0.44028806686401367
YKR035W-A,YDL010W,0,-0.54690754,0.14950743317604065,0.772455096244812,0.4403880834579468
YGR292W,YML065W,0,-0.5469119,0.14947856962680817,0.772455096244812,0.4404881000518799
YCR004C,YPR103W,0,-0.547063,0.14944970607757568,0.772455096244812,0.440588116645813
YBL085W,YCR002C,1,-0.54715264,0.1496139019727707,0.7734531164169312,0.440588116645813
YLR348C,YML125C,0,-0.547179,0.14958502352237701,0.7734531164169312,0.4406881332397461
YPL090C,YGL124C,0,-0.5474701,0.14955615997314453,0.7734531164169312,0.4407881498336792
YPR122W,YHR183W,0,-0.5474738,0.14952729642391205,0.7734531164169312,0.4408881664276123
YBR056W,YOR028C,0,-0.5474937,0.14949846267700195,0.7734531164169312,0.4409881830215454
YDR410C,YOL039W,0,-0.54749525,0.14946962893009186,0.7734531164169312,0.4410882294178009
YGR092W,YOL044W,0,-0.5475348,0.14944079518318176,0.7734531164169312,0.441188246011734
YJL139C,YLR237W,0,-0.5475387,0.14941199123859406,0.7734531164169312,0.4412882626056671
YPL228W,YOL028C,0,-0.54774356,0.14938318729400635,0.7734531164169312,0.4413882791996002
YJL166W,YBR080C,0,-0.54782784,0.14935439825057983,0.7734531164169312,0.4414882957935333
YEL070W,YMR179W,0,-0.54795206,0.14932562410831451,0.7734531164169312,0.44158831238746643
YDR266C,YKR008W,0,-0.54795897,0.1492968648672104,0.7734531164169312,0.44168832898139954
YGL150C,YDL028C,0,-0.54810965,0.14926810562610626,0.7734531164169312,0.44178834557533264
YKL203C,YMR014W,0,-0.5481437,0.14923936128616333,0.7734531164169312,0.44188839197158813
YDR128W,YML123C,0,-0.54823977,0.1492106318473816,0.7734531164169312,0.44198840856552124
YBL098W,YDR481C,0,-0.5482773,0.14918190240859985,0.7734531164169312,0.44208842515945435
YOR328W,YFL062W,0,-0.5484099,0.1491531878709793,0.7734531164169312,0.44218844175338745
YHR039C,YNL272C,0,-0.54887974,0.14912448823451996,0.7734531164169312,0.44228845834732056
YPL003W,YLR142W,0,-0.54897225,0.1490958034992218,0.7734531164169312,0.44238847494125366
YBR202W,YPR149W,0,-0.5490402,0.14906713366508484,0.7734531164169312,0.44248849153518677
YLR128W,YLR378C,0,-0.549315,0.14903846383094788,0.7734531164169312,0.4425885081291199
YJR112W,YGL245W,0,-0.54931545,0.1490098088979721,0.7734531164169312,0.442688524723053
YDR486C,YNL046W,0,-0.5495803,0.14898115396499634,0.7734531164169312,0.44278857111930847
YNL131W,YGL079W,0,-0.5496911,0.14895252883434296,0.7734531164169312,0.4428885877132416
YDL112W,YGR152C,0,-0.5497632,0.14892390370368958,0.7734531164169312,0.4429886043071747
YIL129C,YGR068C,0,-0.54980487,0.1488952934741974,0.7734531164169312,0.4430886209011078
YBR196C,YLR378C,0,-0.5498425,0.1488666981458664,0.7734531164169312,0.4431886374950409
YIL026C,YDR432W,0,-0.5502296,0.1488381028175354,0.7734531164169312,0.443288654088974
YEL056W,YPR125W,0,-0.5502501,0.1488095223903656,0.7734531164169312,0.4433886706829071
YLR205C,YBL113C,0,-0.55030835,0.148780956864357,0.7734531164169312,0.4434886872768402
YNL080C,YMR086W,0,-0.5503782,0.14875240623950958,0.7734531164169312,0.4435887038707733
YGL100W,YLR266C,0,-0.55060923,0.14872385561466217,0.7734531164169312,0.4436887502670288
YBR067C,YPL131W,0,-0.55074435,0.14869531989097595,0.7734531164169312,0.4437887668609619
YBR080C,YKL086W,0,-0.55107397,0.14866679906845093,0.7734531164169312,0.443888783454895
YPL223C,YBR095C,0,-0.55134517,0.1486382782459259,0.7734531164169312,0.4439888000488281
YML037C,YFL004W,0,-0.55167556,0.14860977232456207,0.7734531164169312,0.44408881664276123
YBL066C,YKL210W,0,-0.5519391,0.14858128130435944,0.7734531164169312,0.44418883323669434
YPL155C,YGL133W,0,-0.55196244,0.148552805185318,0.7734531164169312,0.44428884983062744
YMR068W,YFL018C,0,-0.5519763,0.14852434396743774,0.7734531164169312,0.44438886642456055
YAL014C,YMR231W,0,-0.5520204,0.1484958827495575,0.7734531164169312,0.44448888301849365
YML104C,YGR037C,1,-0.55204004,0.14865900576114655,0.7744510769844055,0.44448888301849365
YMR211W,YPR075C,0,-0.55206615,0.1486305296421051,0.7744510769844055,0.44458892941474915
YMR221C,YGL097W,0,-0.55233103,0.14860206842422485,0.7744510769844055,0.44468894600868225
YNL275W,YGL120C,0,-0.5524244,0.1485736221075058,0.7744510769844055,0.44478896260261536
YGL130W,YIR028W,0,-0.5524734,0.14854517579078674,0.7744510769844055,0.44488897919654846
YGL012W,YDR222W,0,-0.55260247,0.14851674437522888,0.7744510769844055,0.44498899579048157
YDL052C,YOR054C,0,-0.5526678,0.14848832786083221,0.7744510769844055,0.4450890123844147
YDR263C,YOR123C,0,-0.55303156,0.14845992624759674,0.7744510769844055,0.4451890289783478
YOL093W,YGL003C,0,-0.55403525,0.14843152463436127,0.7744510769844055,0.4452890455722809
YIL126W,YKL017C,0,-0.5540645,0.148403137922287,0.7744510769844055,0.4453890919685364
YNL087W,YHR105W,1,-0.5543376,0.14856596291065216,0.7754490971565247,0.4453890919685364
YKL011C,YDR038C,0,-0.55439395,0.1485375612974167,0.7754490971565247,0.4454891085624695
YDR520C,YML064C,0,-0.554423,0.1485091745853424,0.7754490971565247,0.4455891251564026
YAL020C,YBR095C,0,-0.5547923,0.14848078787326813,0.7754490971565247,0.4456891417503357
YNL229C,YDR329C,0,-0.5550102,0.14845243096351624,0.7754490971565247,0.4457891583442688
YOR190W,YIR028W,0,-0.5550905,0.14842407405376434,0.7754490971565247,0.4458891749382019
YBR167C,YAL032C,0,-0.5551147,0.14839571714401245,0.7754490971565247,0.445989191532135
YOR265W,YDL143W,0,-0.5557107,0.14836739003658295,0.7754490971565247,0.4460892081260681
YJR083C,YBL045C,0,-0.5559072,0.14833906292915344,0.7754490971565247,0.4461892247200012
YBL075C,YJR028W,0,-0.55595917,0.14831075072288513,0.7754490971565247,0.4462892711162567
YPL083C,YLR312W-A,0,-0.55610454,0.14828243851661682,0.7754490971565247,0.4463892877101898
YKL198C,YNR044W,0,-0.55616856,0.1482541561126709,0.7754490971565247,0.4464893043041229
YGR191W,YAL038W,0,-0.5564369,0.14822587370872498,0.7754490971565247,0.44658932089805603
YKR002W,YLR135W,0,-0.5564653,0.14819759130477905,0.7754490971565247,0.44668933749198914
YCR024C-A,YPL042C,0,-0.55682415,0.14816933870315552,0.7754490971565247,0.44678935408592224
YLR390W,YMR244C-A,0,-0.5571633,0.14814108610153198,0.7754490971565247,0.44688937067985535
YKR078W,YKR003W,1,-0.55724305,0.14830346405506134,0.7764471173286438,0.44688937067985535
YBR080C,YDL120W,0,-0.55735606,0.1482752114534378,0.7764471173286438,0.44698938727378845
YPL160W,YAL010C,0,-0.5579462,0.14824694395065308,0.7764471173286438,0.44708940386772156
YBR241C,YPR020W,0,-0.5580255,0.14821870625019073,0.7764471173286438,0.44718945026397705
YOL104C,YGR095C,0,-0.55805427,0.1481904834508896,0.7764471173286438,0.44728946685791016
YNL209W,YPL181W,0,-0.55808425,0.14816226065158844,0.7764471173286438,0.44738948345184326
YJR032W,YLR145W,0,-0.55819875,0.1481340378522873,0.7764471173286438,0.44748950004577637
YLR353W,YGL021W,0,-0.5583245,0.14810584485530853,0.7764471173286438,0.4475895166397095
YJL114W,YER089C,0,-0.5585967,0.14807765185832977,0.7764471173286438,0.4476895332336426
YMR070W,YJL219W,0,-0.5590463,0.1480494737625122,0.7764471173286438,0.4477895498275757
YPR132W,YPL159C,0,-0.5591218,0.14802131056785583,0.7764471173286438,0.4478895664215088
YMR052W,YDR018C,0,-0.5591649,0.14799314737319946,0.7764471173286438,0.4479896128177643
YDR034C,YLR022C,0,-0.5593814,0.14796499907970428,0.7764471173286438,0.4480896294116974
YLR467W,YIL084C,0,-0.55941117,0.1479368656873703,0.7764471173286438,0.4481896460056305
YJR099W,YBR179C,0,-0.5594301,0.1479087471961975,0.7764471173286438,0.4482896625995636
YLR424W,YLR214W,0,-0.55948514,0.14788062870502472,0.7764471173286438,0.4483896791934967
YDR107C,YDR306C,0,-0.559514,0.14785252511501312,0.7764471173286438,0.4484896957874298
YPR065W,YJR137C,0,-0.55998826,0.14782443642616272,0.7764471173286438,0.4485897123813629
YBR129C,YJL095W,0,-0.5600139,0.14779634773731232,0.7764471173286438,0.448689728975296
YOR159C,YJR140C,0,-0.5601855,0.1477682739496231,0.7764471173286438,0.4487897455692291
YDR237W,YML046W,0,-0.56029385,0.1477402150630951,0.7764471173286438,0.4488897919654846
YLR178C,YFR019W,1,-0.5603795,0.14790202677249908,0.7774451375007629,0.4488897919654846
YNL219C,YOR056C,0,-0.56075925,0.14787395298480988,0.7774451375007629,0.4489898085594177
YLL054C,YPL217C,0,-0.56084573,0.14784589409828186,0.7774451375007629,0.44908982515335083
YLR206W,YML118W,0,-0.560872,0.14781783521175385,0.7774451375007629,0.44918984174728394
YNL282W,YGL019W,0,-0.56103987,0.14778979122638702,0.7774451375007629,0.44928985834121704
YOR381W,YOR092W,0,-0.56112105,0.1477617621421814,0.7774451375007629,0.44938987493515015
YBR004C,YFL014W,0,-0.5611313,0.14773373305797577,0.7774451375007629,0.44948989152908325
YGL023C,YOR201C,0,-0.5611422,0.14770571887493134,0.7774451375007629,0.44958990812301636
YJR161C,YKL171W,0,-0.56151414,0.1476777195930481,0.7774451375007629,0.44968992471694946
YHR011W,YOL086C,0,-0.56157243,0.14764973521232605,0.7774451375007629,0.44978997111320496
YHR206W,YNR072W,0,-0.562036,0.147621750831604,0.7774451375007629,0.44988998770713806
YPR031W,YDL144C,0,-0.5623998,0.14759378135204315,0.7774451375007629,0.44999000430107117
YMR065W,YGR091W,0,-0.5624092,0.1475658267736435,0.7774451375007629,0.4500900208950043
YPL055C,YMR137C,0,-0.56261885,0.14753787219524384,0.7774451375007629,0.4501900374889374
YGR041W,YDL045W-A,0,-0.5631407,0.14750994741916656,0.7774451375007629,0.4502900540828705
YOR360C,YFR021W,0,-0.56350577,0.1474820077419281,0.7774451375007629,0.4503900706768036
YGR108W,YMR097C,0,-0.56356657,0.14745409786701202,0.7774451375007629,0.4504900872707367
YLR348C,YNR035C,0,-0.5635761,0.14742618799209595,0.7774451375007629,0.4505901038646698
YDR403W,YDR134C,0,-0.56370395,0.14739829301834106,0.7774451375007629,0.4506901502609253
YER104W,YMR271C,0,-0.56381494,0.14737041294574738,0.7774451375007629,0.4507901668548584
YDR449C,YIL099W,0,-0.5640448,0.1473425328731537,0.7774451375007629,0.4508901834487915
YAL044C,YER125W,1,-0.564167,0.1475037783384323,0.7784430980682373,0.4508901834487915
YMR287C,YAR018C,0,-0.56417173,0.14747589826583862,0.7784430980682373,0.4509902000427246
YML069W,YDR523C,0,-0.5642561,0.14744801819324493,0.7784430980682373,0.4510902166366577
YDR153C,YGL212W,1,-0.5646612,0.147609144449234,0.7794411182403564,0.4510902166366577
YFR033C,YJL065C,0,-0.5649315,0.14758124947547913,0.7794411182403564,0.4511902332305908
YAL005C,YBR203W,0,-0.5650179,0.14755336940288544,0.7794411182403564,0.4512902498245239
YLR348C,YML007W,0,-0.5651457,0.14752550423145294,0.7794411182403564,0.45139026641845703
YBR004C,YNL147W,0,-0.5655772,0.14749763906002045,0.7794411182403564,0.4514903128147125
YER046W,YDR123C,0,-0.5655899,0.14746978878974915,0.7794411182403564,0.45159032940864563
YGR203W,YOR362C,0,-0.5658631,0.14744195342063904,0.7794411182403564,0.45169034600257874
YDR081C,YLR447C,0,-0.56606865,0.14741411805152893,0.7794411182403564,0.45179036259651184
YJL178C,YLR178C,1,-0.5661791,0.1475750207901001,0.7804391384124756,0.45179036259651184
YKL103C,YIL094C,0,-0.56635654,0.1475471705198288,0.7804391384124756,0.45189037919044495
YMR075W,YPR196W,0,-0.5663735,0.1475193351507187,0.7804391384124756,0.45199039578437805
YOL155C,YPL177C,0,-0.5666123,0.14749151468276978,0.7804391384124756,0.45209041237831116
YMR251W-A,YBR156C,0,-0.5668181,0.14746369421482086,0.7804391384124756,0.45219042897224426
YLR178C,YDL019C,1,-0.56750774,0.1476244330406189,0.78143709897995,0.45219042897224426
YGR036C,YDR541C,0,-0.5676043,0.14759661257266998,0.78143709897995,0.45229044556617737
YPL270W,YLR032W,0,-0.56763464,0.14756879210472107,0.78143709897995,0.45239049196243286
YOR127W,YNL007C,0,-0.5681485,0.14754098653793335,0.78143709897995,0.45249050855636597
YAL044C,YHR105W,1,-0.5682298,0.14770157635211945,0.7824351191520691,0.45249050855636597
YMR175W,YHR161C,1,-0.5683105,0.14786212146282196,0.7834331393241882,0.45249050855636597
YHR102W,YDR383C,0,-0.56870306,0.14783427119255066,0.7834331393241882,0.4525905251502991
YJR010C-A,YPL118W,0,-0.56874645,0.14780643582344055,0.7834331393241882,0.4526905417442322
YDR387C,YPL059W,0,-0.5689771,0.14777861535549164,0.7834331393241882,0.4527905583381653
YMR142C,YCL008C,0,-0.56911886,0.14775079488754272,0.7834331393241882,0.4528905749320984
YHR107C,YPR097W,1,-0.56914335,0.1479111760854721,0.7844311594963074,0.4528905749320984
YBR167C,YBL100W-A,0,-0.56914985,0.1478833556175232,0.7844311594963074,0.4529905915260315
YNL308C,YPR033C,0,-0.5692233,0.14785553514957428,0.7844311594963074,0.4530906081199646
YKR014C,YDR018C,0,-0.5692667,0.14782772958278656,0.7844311594963074,0.4531906247138977
YEL036C,YBR092C,0,-0.5692759,0.14779992401599884,0.7844311594963074,0.4532906711101532
YKL163W,YPR032W,0,-0.56945974,0.14777213335037231,0.7844311594963074,0.4533906877040863
YOL123W,YBL090W,0,-0.5697123,0.14774435758590698,0.7844311594963074,0.4534907042980194
YLL015W,YLR378C,0,-0.5697303,0.14771659672260284,0.7844311594963074,0.4535907208919525
YKR003W,YGR241C,1,-0.57010263,0.14787673950195312,0.7854291200637817,0.4535907208919525
YHR105W,YDL019C,1,-0.5701209,0.14803682267665863,0.7864271402359009,0.4535907208919525
YLR206W,YER120W,1,-0.57043386,0.14819684624671936,0.78742516040802,0.4535907208919525
YOR237W,YDR323C,1,-0.5706222,0.14835681021213531,0.7884231805801392,0.4535907208919525
YBR031W,YDL120W,0,-0.57083607,0.14832894504070282,0.7884231805801392,0.4536907374858856
YLR453C,YDR079W,0,-0.57084537,0.1483011096715927,0.7884231805801392,0.4537907540798187
YNL336W,YOL113W,0,-0.5709415,0.1482732743024826,0.7884231805801392,0.45389077067375183
YDR339C,YFR036W,0,-0.5710871,0.1482454538345337,0.7884231805801392,0.45399078726768494
YMR284W,YPL162C,0,-0.5710933,0.14821763336658478,0.7884231805801392,0.45409080386161804
YLR192C,YOR171C,0,-0.57113063,0.14818982779979706,0.7884231805801392,0.45419085025787354
YMR251W-A,YBL036C,0,-0.5714869,0.14816203713417053,0.7884231805801392,0.45429086685180664
YDL222C,YKL124W,0,-0.5717264,0.1481342613697052,0.7884231805801392,0.45439088344573975
YLR136C,YNL270C,0,-0.57179487,0.14810648560523987,0.7884231805801392,0.45449090003967285
YOR367W,YNL207W,0,-0.5718621,0.14807872474193573,0.7884231805801392,0.45459091663360596
YKL027W,YMR271C,0,-0.57193905,0.14805097877979279,0.7884231805801392,0.45469093322753906
YGR263C,YHR143W-A,0,-0.57195383,0.14802323281764984,0.7884231805801392,0.45479094982147217
YML056C,YPL094C,0,-0.57231617,0.1479955017566681,0.7884231805801392,0.4548909664154053
YPL143W,YDR084C,0,-0.5726563,0.14796778559684753,0.7884231805801392,0.45499101281166077
YGR207C,YAL047C,0,-0.57267636,0.14794006943702698,0.7884231805801392,0.45509102940559387
YNL169C,YGR203W,0,-0.5727962,0.1479123830795288,0.7884231805801392,0.455191045999527
YOR130C,YKR087C,0,-0.5730239,0.14788468182086945,0.7884231805801392,0.4552910625934601
YML131W,YOR303W,0,-0.57313716,0.14785701036453247,0.7884231805801392,0.4553910791873932
YOL092W,YOR210W,0,-0.57324123,0.1478293389081955,0.7884231805801392,0.4554910957813263
YEL046C,YGR206W,0,-0.5732594,0.14780168235301971,0.7884231805801392,0.4555911123752594
YKR003W,YFR019W,1,-0.57331663,0.1479610949754715,0.7894211411476135,0.4555911123752594
YEL034W,YHR175W,0,-0.5733935,0.14793342351913452,0.7894211411476135,0.4556911289691925
YMR301C,YJL004C,0,-0.57344997,0.14790575206279755,0.7894211411476135,0.4557911455631256
YHL012W,YLL009C,0,-0.5737244,0.14787811040878296,0.7894211411476135,0.4558911919593811
YKL216W,YNL047C,0,-0.57386625,0.14785046875476837,0.7894211411476135,0.4559912085533142
YKR078W,YBL105C,1,-0.5742391,0.14800971746444702,0.7904191613197327,0.4559912085533142
YPL271W,YNR017W,0,-0.5742946,0.14798206090927124,0.7904191613197327,0.4560912251472473
YDR425W,YGL212W,1,-0.5744154,0.14814123511314392,0.7914171814918518,0.4560912251472473
YER068W,YGR133W,0,-0.57442164,0.14811356365680695,0.7914171814918518,0.4561912417411804
YER030W,YOL090W,0,-0.57457674,0.14808590710163116,0.7914171814918518,0.4562912583351135
YER068W,YOR344C,0,-0.5748512,0.14805825054645538,0.7914171814918518,0.45639127492904663
YDR313C,YPR097W,1,-0.5752833,0.14821729063987732,0.7924151420593262,0.45639127492904663
YBR079C,YLR132C,0,-0.5755452,0.14818961918354034,0.7924151420593262,0.45649129152297974
YNL128W,YDR121W,0,-0.57594866,0.14816197752952576,0.7924151420593262,0.45659130811691284
YNL078W,YGR251W,0,-0.5762665,0.14813432097434998,0.7924151420593262,0.45669132471084595
YIR010W,YNL304W,0,-0.57630545,0.14810669422149658,0.7924151420593262,0.45679137110710144
YDR524C,YPR111W,0,-0.5765175,0.14807908236980438,0.7924151420593262,0.45689138770103455
YER019C-A,YMR056C,0,-0.5765296,0.14805147051811218,0.7924151420593262,0.45699140429496765
YDL075W,YKL179C,0,-0.57663846,0.14802385866641998,0.7924151420593262,0.45709142088890076
YMR098C,YOL138C,0,-0.57673043,0.14799627661705017,0.7924151420593262,0.45719143748283386
YKR101W,YHR018C,0,-0.5767467,0.14796869456768036,0.7924151420593262,0.45729145407676697
YGL174W,YIL046W,0,-0.57678306,0.14794112741947174,0.7924151420593262,0.4573914706707001
YLL022C,YHR105W,0,-0.57685256,0.14791356027126312,0.7924151420593262,0.4574914872646332
YOR069W,YGL023C,1,-0.5769562,0.1480722725391388,0.7934131622314453,0.4574914872646332
YDR186C,YLR116W,0,-0.57699996,0.14804469048976898,0.7934131622314453,0.4575915038585663
YHL036W,YBR123C,0,-0.57701707,0.14801712334156036,0.7934131622314453,0.4576915502548218
YJL044C,YDR489W,0,-0.5771396,0.14798957109451294,0.7934131622314453,0.4577915668487549
YOR287C,YDL035C,0,-0.5775134,0.1479620337486267,0.7934131622314453,0.457891583442688
YGL237C,YMR233W,0,-0.57756907,0.14793449640274048,0.7934131622314453,0.4579916000366211
YGR036C,YER184C,0,-0.5776119,0.14790697395801544,0.7934131622314453,0.4580916166305542
YBL085W,YBR200W,1,-0.57813084,0.1480654776096344,0.7944111824035645,0.4580916166305542
YPR135W,YNL102W,0,-0.57818204,0.14803794026374817,0.7944111824035645,0.4581916332244873
YJL112W,YPR002W,0,-0.5782977,0.14801041781902313,0.7944111824035645,0.4582916498184204
YOL130W,YDL138W,0,-0.57856196,0.1479828953742981,0.7944111824035645,0.4583916664123535
YKL027W,YNL202W,0,-0.5785979,0.14795538783073425,0.7944111824035645,0.458491712808609
YPR098C,YOL013C,0,-0.5787107,0.1479278951883316,0.7944111824035645,0.4585917294025421
YPR028W,YHR109W,0,-0.57879883,0.14790040254592896,0.7944111824035645,0.4586917459964752
YOR256C,YNL037C,0,-0.57933784,0.1478729397058487,0.7944111824035645,0.4587917625904083
YLL061W,YBR282W,0,-0.57960975,0.14784546196460724,0.7944111824035645,0.45889177918434143
YLR206W,YDR148C,1,-0.5796273,0.1480037122964859,0.7954092025756836,0.45889177918434143
YLL052C,YBR235W,0,-0.57981586,0.14797623455524445,0.7954092025756836,0.45899179577827454
YOL102C,YMR023C,0,-0.5800338,0.14794877171516418,0.7954092025756836,0.45909181237220764
YNL119W,YGL136C,0,-0.5800843,0.14792130887508392,0.7954092025756836,0.45919182896614075
YPR137W,YLR433C,0,-0.5802294,0.14789386093616486,0.7954092025756836,0.45929184556007385
YHR152W,YER144C,0,-0.58039945,0.1478664129972458,0.7954092025756836,0.45939189195632935
YPR183W,YCR042C,0,-0.58067703,0.1478389948606491,0.7954092025756836,0.45949190855026245
YBR026C,YDL206W,0,-0.58077234,0.14781157672405243,0.7954092025756836,0.45959192514419556
YNL127W,YLR285W,0,-0.58096176,0.14778415858745575,0.7954092025756836,0.45969194173812866
YNL202W,YEL021W,0,-0.5810249,0.14775677025318146,0.7954092025756836,0.45979195833206177
YDR208W,YLR166C,0,-0.581134,0.14772938191890717,0.7954092025756836,0.4598919749259949
YGR091W,YJL128C,0,-0.5813646,0.14770200848579407,0.7954092025756836,0.459991991519928
YBR243C,YLR306W,0,-0.58180124,0.14767463505268097,0.7954092025756836,0.4600920081138611
YMR034C,YDR103W,0,-0.5823046,0.14764727652072906,0.7954092025756836,0.4601920247077942
YPL057C,YNL273W,0,-0.5823106,0.14761993288993835,0.7954092025756836,0.4602920711040497
YHR005C-A,YLR172C,0,-0.5826884,0.14759258925914764,0.7954092025756836,0.4603920876979828
YIL138C,YGL183C,0,-0.5828835,0.14756526052951813,0.7954092025756836,0.4604921042919159
YDL028C,YHL008C,0,-0.5830613,0.1475379467010498,0.7954092025756836,0.460592120885849
YDR164C,YIR038C,0,-0.5831508,0.14751064777374268,0.7954092025756836,0.4606921374797821
YGL207W,YNR046W,0,-0.58315665,0.14748334884643555,0.7954092025756836,0.4607921540737152
YPR072W,YMR268C,0,-0.5832015,0.1474560648202896,0.7954092025756836,0.4608921706676483
YIL070C,YKL140W,0,-0.58400875,0.14742878079414368,0.7954092025756836,0.4609921872615814
YLR132C,YDR038C,0,-0.5840443,0.14740151166915894,0.7954092025756836,0.4610922038555145
YDR440W,YDR536W,0,-0.584057,0.1473742574453354,0.7954092025756836,0.46119225025177
YJL125C,YJR088C,0,-0.58408016,0.14734701812267303,0.7954092025756836,0.4612922668457031
YJL178C,YDL161W,1,-0.5842159,0.14750462770462036,0.796407163143158,0.4612922668457031
YDR138W,YGL156W,0,-0.58439225,0.14747735857963562,0.796407163143158,0.46139228343963623
YAL029C,YGL166W,0,-0.5844513,0.14745010435581207,0.796407163143158,0.46149230003356934
YLR135W,YBR283C,0,-0.5845283,0.14742286503314972,0.796407163143158,0.46159231662750244
YIL009C-A,YGR263C,0,-0.58477044,0.14739564061164856,0.796407163143158,0.46169233322143555
YOR198C,YPL119C,0,-0.5851768,0.1473684161901474,0.796407163143158,0.46179234981536865
YOR094W,YKR069W,0,-0.58544207,0.14734120666980743,0.796407163143158,0.46189236640930176
YER169W,YDR074W,0,-0.5857979,0.14731401205062866,0.796407163143158,0.46199241280555725
YDR347W,YDL078C,0,-0.58591527,0.1472868174314499,0.796407163143158,0.46209242939949036
YDR318W,YOR188W,0,-0.58612806,0.1472596377134323,0.796407163143158,0.46219244599342346
YLR151C,YNL021W,0,-0.5861883,0.14723247289657593,0.796407163143158,0.46229246258735657
YOR237W,YGR241C,1,-0.58627695,0.14738978445529938,0.7974051833152771,0.46229246258735657
YFL048C,YOR306C,0,-0.58631605,0.1473625898361206,0.7974051833152771,0.4623924791812897
YCR097W,YDR032C,0,-0.5867952,0.14733542501926422,0.7974051833152771,0.4624924957752228
YIL048W,YOR022C,0,-0.5868006,0.14730826020240784,0.7974051833152771,0.4625925123691559
YIL035C,YGL213C,0,-0.58681786,0.14728111028671265,0.7974051833152771,0.462692528963089
YJL178C,YPR082C,0,-0.58684164,0.14725396037101746,0.7974051833152771,0.4627925455570221
YKL107W,YKL152C,0,-0.58689857,0.14722682535648346,0.7974051833152771,0.4628925919532776
YOR044W,YCR043C,0,-0.5869156,0.14719970524311066,0.7974051833152771,0.4629926085472107
YBR290W,YNL083W,0,-0.5871451,0.14717258512973785,0.7974051833152771,0.4630926251411438
YGR275W,YFL029C,0,-0.5873574,0.14714549481868744,0.7974051833152771,0.4631926417350769
YNR022C,YBR083W,0,-0.58736163,0.14711838960647583,0.7974051833152771,0.46329265832901
YJL133W,YCR023C,0,-0.58737373,0.1470913141965866,0.7974051833152771,0.4633926749229431
YJL170C,YMR145C,0,-0.58737886,0.1470642387866974,0.7974051833152771,0.4634926915168762
YJR094W-A,YJL063C,0,-0.5875719,0.14703717827796936,0.7974051833152771,0.4635927081108093
YOR322C,YLR013W,0,-0.58763194,0.14701011776924133,0.7974051833152771,0.46369272470474243
YFL041W,YGL259W,0,-0.58768916,0.1469830721616745,0.7974051833152771,0.4637927711009979
YGR098C,YGL077C,0,-0.58819044,0.14695604145526886,0.7974051833152771,0.46389278769493103
YPL005W,YPR138C,0,-0.58836967,0.14692901074886322,0.7974051833152771,0.46399280428886414
YIL006W,YLR381W,0,-0.588612,0.14690200984477997,0.7974051833152771,0.46409282088279724
YMR039C,YCR073C,0,-0.5887122,0.14687499403953552,0.7974051833152771,0.46419283747673035
YMR171C,YML049C,0,-0.58872944,0.14684800803661346,0.7974051833152771,0.46429285407066345
YMR208W,YIL074C,0,-0.5887815,0.1468210220336914,0.7974051833152771,0.46439287066459656
YPR165W,YGL123W,0,-0.5888338,0.14679405093193054,0.7974051833152771,0.46449288725852966
YPL068C,YMR303C,0,-0.58883387,0.14676707983016968,0.7974051833152771,0.46459290385246277
YOL001W,YPL268W,0,-0.58928436,0.14674012362957,0.7974051833152771,0.46469295024871826
YDR037W,YAR002C-A,0,-0.5893346,0.14671318233013153,0.7974051833152771,0.46479296684265137
YOL092W,YEL053C,0,-0.5893427,0.14668625593185425,0.7974051833152771,0.4648929834365845
YOR313C,YER061C,0,-0.58949953,0.14665932953357697,0.7974051833152771,0.4649930000305176
YCR028C-A,YJL204C,0,-0.5895827,0.14663240313529968,0.7974051833152771,0.4650930166244507
YLR164W,YDR003W,0,-0.5897447,0.1466055065393448,0.7974051833152771,0.4651930332183838
YIR011C,YMR238W,0,-0.589992,0.1465786099433899,0.7974051833152771,0.4652930498123169
YML104C,YDR148C,1,-0.59046936,0.14673514664173126,0.7984032034873962,0.4652930498123169
YGR256W,YLR107W,0,-0.5905979,0.14670823514461517,0.7984032034873962,0.46539306640625
YKL086W,YKL205W,0,-0.5906785,0.14668133854866028,0.7984032034873962,0.4654931128025055
YHR147C,YAR035W,0,-0.59077215,0.14665444195270538,0.7984032034873962,0.4655931293964386
YHR083W,YHR209W,0,-0.5907849,0.14662756025791168,0.7984032034873962,0.4656931459903717
YLR151C,YML015C,0,-0.59081244,0.14660069346427917,0.7984032034873962,0.4657931625843048
YDR038C,YKL025C,0,-0.5908419,0.14657384157180786,0.7984032034873962,0.4658931791782379
YNR045W,YNL021W,0,-0.5908961,0.14654698967933655,0.7984032034873962,0.465993195772171
YKL071W,YGL094C,0,-0.5909846,0.14652015268802643,0.7984032034873962,0.4660932123661041
YPL048W,YDR252W,0,-0.59104127,0.1464933156967163,0.7984032034873962,0.46619322896003723
YER036C,YOR311C,0,-0.59128606,0.14646649360656738,0.7984032034873962,0.46629324555397034
YPR097W,YDR148C,1,-0.5913227,0.14662273228168488,0.7994012236595154,0.46629324555397034
YER104W,YGR096W,0,-0.5913874,0.14659589529037476,0.7994012236595154,0.46639329195022583
YEL059C-A,YIL126W,0,-0.5918235,0.14656907320022583,0.7994012236595154,0.46649330854415894
YDL216C,YHR156C,0,-0.59205484,0.1465422660112381,0.7994012236595154,0.46659332513809204
YMR190C,YNL079C,0,-0.59238815,0.14651545882225037,0.7994012236595154,0.46669334173202515
YOL067C,YER153C,0,-0.5928992,0.14648866653442383,0.7994012236595154,0.46679335832595825
YNR017W,YIL048W,0,-0.5931651,0.1464618742465973,0.7994012236595154,0.46689337491989136
YDR296W,YKL067W,0,-0.59335816,0.14643509685993195,0.7994012236595154,0.46699339151382446
YHR017W,YBR201W,0,-0.5933658,0.1464083343744278,0.7994012236595154,0.46709340810775757
YMR241W,YNL008C,0,-0.5933865,0.14638157188892365,0.7994012236595154,0.4671934247016907
YNL071W,YFR021W,1,-0.59349465,0.14653754234313965,0.8003991842269897,0.4671934247016907
YJL145W,YNR021W,0,-0.59357727,0.1465107798576355,0.8003991842269897,0.46729347109794617
YPR098C,YKL167C,0,-0.59378064,0.14648401737213135,0.8003991842269897,0.4673934876918793
YDR264C,YPR082C,0,-0.59399724,0.1464572697877884,0.8003991842269897,0.4674935042858124
YML099C,YDR448W,0,-0.5946188,0.14643052220344543,0.8003991842269897,0.4675935208797455
YBL075C,YLR128W,0,-0.5948016,0.14640380442142487,0.8003991842269897,0.4676935374736786
YNL206C,YMR121C,0,-0.594805,0.1463770717382431,0.8003991842269897,0.4677935540676117
YDR017C,YKR061W,0,-0.59508324,0.14635036885738373,0.8003991842269897,0.4678935706615448
YLR096W,YHR186C,0,-0.59542656,0.14632366597652435,0.8003991842269897,0.4679935872554779
YGL120C,YER133W,0,-0.59550524,0.14629697799682617,0.8003991842269897,0.468093603849411
YHR168W,YDR262W,0,-0.5955486,0.146270290017128,0.8003991842269897,0.4681936502456665
YOR339C,YDL114W,0,-0.5956244,0.146243616938591,0.8003991842269897,0.4682936668395996
YNL305C,YLR438C-A,0,-0.59568775,0.1462169587612152,0.8003991842269897,0.4683936834335327
YPR124W,YER036C,0,-0.5959967,0.14619030058383942,0.8003991842269897,0.4684937000274658
YHR099W,YGR048W,0,-0.5960032,0.14616365730762482,0.8003991842269897,0.4685937166213989
YDR074W,YBL055C,0,-0.59600496,0.1461370289325714,0.8003991842269897,0.46869373321533203
YBR122C,YHR077C,0,-0.59610444,0.146110400557518,0.8003991842269897,0.46879374980926514
YMR281W,YMR116C,0,-0.596286,0.1460837870836258,0.8003991842269897,0.46889376640319824
YJR089W,YDR497C,0,-0.5963506,0.14605718851089478,0.8003991842269897,0.46899381279945374
YKR042W,YDR527W,0,-0.59646916,0.14603058993816376,0.8003991842269897,0.46909382939338684
YGL178W,YHR039C-A,0,-0.5966966,0.14600400626659393,0.8003991842269897,0.46919384598731995
YPL150W,YDL216C,0,-0.59678775,0.1459774225950241,0.8003991842269897,0.46929386258125305
YDR411C,YDR173C,0,-0.5968307,0.14595086872577667,0.8003991842269897,0.46939387917518616
YIL131C,YNL312W,0,-0.59684604,0.14592431485652924,0.8003991842269897,0.46949389576911926
YPR145W,YJR113C,0,-0.5968852,0.1458977609872818,0.8003991842269897,0.46959391236305237
YDR461W,YLR116W,0,-0.5970742,0.14587122201919556,0.8003991842269897,0.4696939289569855
YJR155W,YNL261W,0,-0.5972562,0.1458446979522705,0.8003991842269897,0.4697939455509186
YOR237W,YJR076C,1,-0.5977504,0.1459999978542328,0.8013972043991089,0.4697939455509186
YJR006W,YDR389W,0,-0.59787774,0.14597345888614655,0.8013972043991089,0.4698939919471741
YPL265W,YOR374W,0,-0.5981145,0.1459469348192215,0.8013972043991089,0.4699940085411072
YML114C,YFL022C,0,-0.5985912,0.14592041075229645,0.8013972043991089,0.4700940251350403
YHR072W,YPR006C,0,-0.5987244,0.1458939015865326,0.8013972043991089,0.4701940417289734
YPL091W,YIL042C,0,-0.5989438,0.14586739242076874,0.8013972043991089,0.4702940583229065
YOR005C,YMR127C,0,-0.59905374,0.14584089815616608,0.8013972043991089,0.4703940749168396
YDR245W,YLR141W,0,-0.5992751,0.1458144187927246,0.8013972043991089,0.4704940915107727
YDR338C,YML034W,0,-0.5994408,0.14578793942928314,0.8013972043991089,0.4705941081047058
YGL184C,YBR173C,0,-0.5994929,0.14576147496700287,0.8013972043991089,0.4706941246986389
YLR069C,YOR089C,0,-0.599803,0.1457350254058838,0.8013972043991089,0.4707941710948944
YER070W,YBR080C,0,-0.5999003,0.1457085758447647,0.8013972043991089,0.4708941876888275
YBR122C,YOR005C,0,-0.5999725,0.14568214118480682,0.8013972043991089,0.4709942042827606
YPR021C,YDR020C,0,-0.5999967,0.14565572142601013,0.8013972043991089,0.4710942208766937
YDR182W,YJR063W,0,-0.60061324,0.14562930166721344,0.8013972043991089,0.47119423747062683
YJR101W,YPL258C,0,-0.60073286,0.14560289680957794,0.8013972043991089,0.47129425406455994
YOR219C,YBR104W,0,-0.6007883,0.14557650685310364,0.8013972043991089,0.47139427065849304
YMR164C,YNL310C,0,-0.6009037,0.14555011689662933,0.8013972043991089,0.47149428725242615
YCR054C,YMR137C,0,-0.60134375,0.14552374184131622,0.8013972043991089,0.47159433364868164
YER169W,YGR012W,0,-0.60143197,0.1454973667860031,0.8013972043991089,0.47169435024261475
YMR314W,YPL212C,0,-0.6017767,0.1454710215330124,0.8013972043991089,0.47179436683654785
YDR169C,YGR288W,0,-0.60181487,0.14544466137886047,0.8013972043991089,0.47189438343048096
YHR058C,YBR095C,0,-0.60182154,0.14541833102703094,0.8013972043991089,0.47199440002441406
YDR076W,YNL241C,0,-0.6018257,0.14539200067520142,0.8013972043991089,0.47209441661834717
YIL135C,YCR024C-A,0,-0.60205996,0.1453656703233719,0.8013972043991089,0.4721944332122803
YER130C,YML007W,0,-0.6022723,0.14533936977386475,0.8013972043991089,0.4722944498062134
YPR035W,YDR011W,0,-0.6022792,0.1453130692243576,0.8013972043991089,0.4723944664001465
YJR032W,YKL042W,0,-0.60237217,0.14528676867485046,0.8013972043991089,0.472494512796402
YDR139C,YOR118W,0,-0.6026132,0.1452604979276657,0.8013972043991089,0.4725945293903351
YJR029W,YJR113C,0,-0.6030346,0.14523421227931976,0.8013972043991089,0.4726945459842682
YDR454C,YLR138W,0,-0.603644,0.1452079564332962,0.8013972043991089,0.4727945625782013
YDR279W,YNR031C,0,-0.6038979,0.14518170058727264,0.8013972043991089,0.4728945791721344
YOL021C,YDR214W,0,-0.6039976,0.14515545964241028,0.8013972043991089,0.4729945957660675
YER141W,YLL012W,0,-0.60404557,0.1451292186975479,0.8013972043991089,0.4730946123600006
YML037C,YCR068W,0,-0.6043628,0.14510299265384674,0.8013972043991089,0.4731946289539337
YNL070W,YLR393W,0,-0.6043685,0.14507678151130676,0.8013972043991089,0.4732946455478668
YOR317W,YOR008C,0,-0.60438997,0.14505058526992798,0.8013972043991089,0.4733946919441223
YFR051C,YLL041C,0,-0.6043941,0.145024374127388,0.8013972043991089,0.4734947085380554
YGR140W,YKR013W,0,-0.60443413,0.1449981927871704,0.8013972043991089,0.4735947251319885
YBR234C,YMR152W,0,-0.6049616,0.14497201144695282,0.8013972043991089,0.47369474172592163
YAL034W-A,YCR027C,0,-0.6053101,0.14494584500789642,0.8013972043991089,0.47379475831985474
YDR281C,YDR260C,0,-0.6053724,0.14491969347000122,0.8013972043991089,0.47389477491378784
YDR218C,YOR349W,0,-0.6057159,0.14489354193210602,0.8013972043991089,0.47399479150772095
YJL134W,YAL055W,0,-0.60618424,0.144867405295372,0.8013972043991089,0.47409480810165405
YMR089C,YLR423C,0,-0.6061968,0.144841268658638,0.8013972043991089,0.47419482469558716
YNL032W,YGR281W,0,-0.60624266,0.14481514692306519,0.8013972043991089,0.47429487109184265
YKR090W,YOL110W,0,-0.60632354,0.14478904008865356,0.8013972043991089,0.47439488768577576
YDL029W,YPL047W,0,-0.6065902,0.14476293325424194,0.8013972043991089,0.47449490427970886
YOR064C,YNR010W,0,-0.60666156,0.14473684132099152,0.8013972043991089,0.47459492087364197
YPL143W,YPR125W,0,-0.6066874,0.14471076428890228,0.8013972043991089,0.4746949374675751
YIL170W,YHR121W,0,-0.6067097,0.14468468725681305,0.8013972043991089,0.4747949540615082
YDR460W,YOR058C,0,-0.6068043,0.144658625125885,0.8013972043991089,0.4748949706554413
YML110C,YPR113W,0,-0.60732067,0.14463256299495697,0.8013972043991089,0.4749949872493744
YOL104C,YGR255C,0,-0.60733646,0.14460651576519012,0.8013972043991089,0.4750950336456299
YJL115W,YGR163W,0,-0.60739434,0.14458048343658447,0.8013972043991089,0.475195050239563
YKR003W,YOR132W,1,-0.6074146,0.1447344720363617,0.802395224571228,0.475195050239563
YDR062W,YEL017C-A,0,-0.60749024,0.14470842480659485,0.802395224571228,0.4752950668334961
YAR071W,YNR043W,0,-0.60749424,0.144682377576828,0.802395224571228,0.4753950834274292
YDR364C,YNL306W,0,-0.60757804,0.14465634524822235,0.802395224571228,0.4754951000213623
YKL175W,YJR068W,0,-0.6076146,0.1446303278207779,0.802395224571228,0.4755951166152954
YJR019C,YMR086W,0,-0.60772216,0.14460431039333344,0.802395224571228,0.4756951332092285
YMR071C,YBR199W,0,-0.60778517,0.14457830786705017,0.802395224571228,0.4757951498031616
YCL020W,YGR048W,0,-0.60781264,0.1445523202419281,0.802395224571228,0.4758951663970947
YMR109W,YJL109C,0,-0.60788584,0.14452633261680603,0.802395224571228,0.4759952127933502
YJL172W,YOR167C,0,-0.6079606,0.14450035989284515,0.802395224571228,0.4760952293872833
YJL158C,YHR081W,0,-0.6080573,0.14447438716888428,0.802395224571228,0.47619524598121643
YDR330W,YHR043C,0,-0.6085116,0.1444484442472458,0.802395224571228,0.47629526257514954
YCR008W,YNL027W,0,-0.60928965,0.1444224864244461,0.802395224571228,0.47639527916908264
YNL124W,YNL008C,0,-0.60940677,0.1443965584039688,0.802395224571228,0.47649529576301575
YLR453C,YNL291C,0,-0.60941327,0.14437063038349152,0.802395224571228,0.47659531235694885
YCR012W,YIL124W,0,-0.6094557,0.14434470236301422,0.802395224571228,0.47669532895088196
YNL129W,YOL140W,0,-0.6095927,0.14431878924369812,0.802395224571228,0.47679534554481506
YHR082C,YKR097W,0,-0.610155,0.1442928910255432,0.802395224571228,0.47689539194107056
YJL102W,YMR167W,0,-0.6102072,0.1442670077085495,0.802395224571228,0.47699540853500366
YGR105W,YDR443C,0,-0.61026,0.1442411243915558,0.802395224571228,0.47709542512893677
YGR191W,YGR067C,0,-0.61032856,0.14421524107456207,0.802395224571228,0.4771954417228699
YOR175C,YNL113W,0,-0.6103896,0.14418938755989075,0.802395224571228,0.477295458316803
YMR145C,YOL136C,0,-0.6106917,0.14416353404521942,0.802395224571228,0.4773954749107361
YAL044C,YLR430W,0,-0.6113881,0.1441376805305481,0.802395224571228,0.4774954915046692
YGL112C,YNL006W,0,-0.6114619,0.14411184191703796,0.802395224571228,0.4775955080986023
YMR295C,YLR266C,0,-0.6114768,0.14408601820468903,0.802395224571228,0.4776955246925354
YHR211W,YGR167W,0,-0.61148036,0.14406020939350128,0.802395224571228,0.4777955710887909
YOR143C,YOL056W,0,-0.611574,0.14403440058231354,0.802395224571228,0.477895587682724
YBR213W,YDR326C,0,-0.6118116,0.1440085917711258,0.802395224571228,0.4779956042766571
YGL222C,YLR216C,0,-0.61207855,0.14398281276226044,0.802395224571228,0.4780956208705902
YKR078W,YDL019C,1,-0.6121099,0.14413608610630035,0.8033931851387024,0.4780956208705902
YJL159W,YDR488C,0,-0.6121949,0.1441102772951126,0.8033931851387024,0.4781956374645233
YGR193C,YDR148C,1,-0.61222374,0.14426347613334656,0.8043912053108215,0.4781956374645233
YDR267C,YLR188W,0,-0.61257845,0.14423765242099762,0.8043912053108215,0.4782956540584564
YPL211W,YDL138W,0,-0.6126017,0.14421184360980988,0.8043912053108215,0.4783956706523895
YDL043C,YKL061W,0,-0.6130314,0.14418604969978333,0.8043912053108215,0.47849568724632263
YMR136W,YGR258C,0,-0.61305475,0.14416025578975677,0.8043912053108215,0.4785957336425781
YDR120C,YFR006W,0,-0.61310583,0.14413447678089142,0.8043912053108215,0.47869575023651123
YOL156W,YBR176W,0,-0.61311543,0.14410871267318726,0.8043912053108215,0.47879576683044434
YER140W,YOR089C,0,-0.61322,0.1440829485654831,0.8043912053108215,0.47889578342437744
YNL078W,YER110C,0,-0.6136664,0.14405719935894012,0.8043912053108215,0.47899580001831055
YKR036C,YPR132W,0,-0.61370736,0.14403145015239716,0.8043912053108215,0.47909581661224365
YLR203C,YCR102C,0,-0.61386245,0.14400571584701538,0.8043912053108215,0.47919583320617676
YJR110W,YJL200C,0,-0.6143657,0.1439799964427948,0.8043912053108215,0.47929584980010986
YEL026W,YKR062W,0,-0.61448,0.14395427703857422,0.8043912053108215,0.47939586639404297
YER151C,YPR189W,0,-0.61464334,0.14392857253551483,0.8043912053108215,0.47949591279029846
YBR001C,YOL107W,0,-0.61476386,0.14390286803245544,0.8043912053108215,0.47959592938423157
YLR132C,YDR120C,0,-0.6148368,0.14387719333171844,0.8043912053108215,0.4796959459781647
YDL222C,YLR446W,0,-0.6150186,0.14385150372982025,0.8043912053108215,0.4797959625720978
YNL298W,YFL034C-B,0,-0.6151984,0.14382584393024445,0.8043912053108215,0.4798959791660309
YGR012W,YNL009W,0,-0.6152888,0.14380018413066864,0.8043912053108215,0.479995995759964
YER153C,YBR082C,0,-0.6156386,0.14377452433109283,0.8043912053108215,0.4800960123538971
YEL056W,YIL047C,0,-0.61594725,0.14374887943267822,0.8043912053108215,0.4801960289478302
YMR037C,YLR343W,0,-0.61596584,0.1437232494354248,0.8043912053108215,0.4802960455417633
YGR124W,YJL082W,0,-0.61610746,0.14369763433933258,0.8043912053108215,0.4803960919380188
YDR364C,YGL174W,0,-0.6165359,0.14367201924324036,0.8043912053108215,0.4804961085319519
YLR295C,YFR032C-A,0,-0.6165902,0.14364640414714813,0.8043912053108215,0.480596125125885
YHR013C,YML008C,0,-0.6169342,0.1436208188533783,0.8043912053108215,0.4806961417198181
YMR175W,YFR021W,1,-0.6172824,0.1437733769416809,0.8053892254829407,0.4806961417198181
YOR075W,YML040W,0,-0.6173847,0.14374777674674988,0.8053892254829407,0.4807961583137512
YFL004W,YER185W,0,-0.6174438,0.14372217655181885,0.8053892254829407,0.4808961749076843
YML037C,YKL182W,0,-0.6174614,0.14369657635688782,0.8053892254829407,0.48099619150161743
YIR009W,YMR012W,0,-0.6175113,0.14367100596427917,0.8053892254829407,0.48109620809555054
YGR192C,YOR269W,0,-0.61755157,0.14364542067050934,0.8053892254829407,0.48119622468948364
YKL108W,YMR086W,0,-0.6175663,0.1436198651790619,0.8053892254829407,0.48129627108573914
YPL266W,YJR017C,0,-0.6177484,0.14359430968761444,0.8053892254829407,0.48139628767967224
YMR167W,YGR257C,0,-0.617852,0.143568754196167,0.8053892254829407,0.48149630427360535
YDR210W,YLR371W,0,-0.61809146,0.14354322850704193,0.8053892254829407,0.48159632086753845
YER049W,YOR232W,0,-0.61811817,0.14351768791675568,0.8053892254829407,0.48169633746147156
YDR043C,YBR170C,0,-0.618287,0.1434921771287918,0.8053892254829407,0.48179635405540466
YLR362W,YDR123C,0,-0.6183573,0.14346666634082794,0.8053892254829407,0.48189637064933777
YGR065C,YFL031W,0,-0.6186085,0.14344117045402527,0.8053892254829407,0.4819963872432709
YER120W,YML093W,0,-0.61860925,0.1434156745672226,0.8053892254829407,0.48209643363952637
YJL103C,YPL121C,0,-0.61892956,0.14339019358158112,0.8053892254829407,0.4821964502334595
YMR264W,YKR105C,0,-0.61920166,0.14336471259593964,0.8053892254829407,0.4822964668273926
YJL051W,YAL017W,0,-0.61928093,0.14333926141262054,0.8053892254829407,0.4823964834213257
YMR121C,YKL125W,0,-0.6192856,0.14331379532814026,0.8053892254829407,0.4824965000152588
YEL002C,YNL217W,0,-0.6193228,0.14328835904598236,0.8053892254829407,0.4825965166091919
YBL026W,YAL023C,0,-0.6194954,0.14326290786266327,0.8053892254829407,0.482696533203125
YDR309C,YGR037C,1,-0.61954963,0.14341497421264648,0.8063872456550598,0.482696533203125
YPR056W,YDR529C,0,-0.61955225,0.1433895230293274,0.8063872456550598,0.4827965497970581
YBR067C,YOR096W,0,-0.6196447,0.1433640867471695,0.8063872456550598,0.4828965663909912
YLR008C,YMR004W,0,-0.61968005,0.1433386504650116,0.8063872456550598,0.4829966127872467
YHR105W,YNL243W,1,-0.619851,0.14349059760570526,0.8073852062225342,0.4829966127872467
YPL244C,YER088C,0,-0.6198982,0.14346514642238617,0.8073852062225342,0.4830966293811798
YER180C,YKL090W,0,-0.61991,0.14343971014022827,0.8073852062225342,0.4831966459751129
YBR019C,YLR430W,0,-0.6199503,0.14341428875923157,0.8073852062225342,0.483296662569046
YNL009W,YHR107C,0,-0.61996233,0.14338886737823486,0.8073852062225342,0.4833966791629791
YMR080C,YGL245W,0,-0.62038535,0.14336346089839935,0.8073852062225342,0.48349669575691223
YLL051C,YLR020C,0,-0.6207055,0.14333805441856384,0.8073852062225342,0.48359671235084534
YER147C,YDR182W,0,-0.62086713,0.14331266283988953,0.8073852062225342,0.48369672894477844
YFR028C,YDL137W,0,-0.6208682,0.1432872861623764,0.8073852062225342,0.48379674553871155
YJL155C,YMR276W,0,-0.6211181,0.14326190948486328,0.8073852062225342,0.48389679193496704
YMR075W,YDR014W,0,-0.62126076,0.14323654770851135,0.8073852062225342,0.48399680852890015
YLR040C,YBR176W,0,-0.6212789,0.14321118593215942,0.8073852062225342,0.48409682512283325
YGR184C,YBL034C,0,-0.621475,0.1431858390569687,0.8073852062225342,0.48419684171676636
YOL068C,YGR001C,0,-0.6216955,0.14316050708293915,0.8073852062225342,0.48429685831069946
YER169W,YCL043C,0,-0.62181777,0.1431351751089096,0.8073852062225342,0.48439687490463257
YNL129W,YIL093C,0,-0.621927,0.14310985803604126,0.8073852062225342,0.4844968914985657
YLR178C,YKR003W,1,-0.62272537,0.1432614028453827,0.8083832263946533,0.4844968914985657
YCR002C,YER114C,1,-0.62276465,0.14341290295124054,0.8093812465667725,0.4844968914985657
YML022W,YDL079C,0,-0.622924,0.1433875560760498,0.8093812465667725,0.4845969080924988
YIL177C,YJR145C,0,-0.62324965,0.14336220920085907,0.8093812465667725,0.4846969246864319
YLL051C,YPL252C,0,-0.6232565,0.14333686232566833,0.8093812465667725,0.4847969710826874
YDR309C,YDR323C,1,-0.6233308,0.14348824322223663,0.8103792667388916,0.4847969710826874
YER052C,YLL010C,0,-0.6240473,0.1434628963470459,0.8103792667388916,0.4848969876766205
YBL085W,YLR314C,1,-0.6243385,0.14361420273780823,0.811377227306366,0.4848969876766205
YGL077C,YHR005C-A,0,-0.6246027,0.1435888409614563,0.811377227306366,0.4849970042705536
YLR144C,YNR067C,0,-0.6250379,0.14356347918510437,0.811377227306366,0.4850970208644867
YKR045C,YJR135W-A,0,-0.6251072,0.14353813230991364,0.811377227306366,0.4851970374584198
YHR105W,YPL048W,1,-0.62519896,0.1436893194913864,0.8123752474784851,0.4851970374584198
YLR034C,YDR222W,0,-0.62539107,0.14366395771503448,0.8123752474784851,0.4852970540523529
YMR109W,YHL012W,0,-0.62546426,0.14363861083984375,0.8123752474784851,0.485397070646286
YOL102C,YDR415C,0,-0.6257744,0.14361326396465302,0.8123752474784851,0.4854970872402191
YBR160W,YDR519W,0,-0.62583053,0.14358793199062347,0.8123752474784851,0.4855971336364746
YLR238W,YLR141W,0,-0.62583536,0.14356261491775513,0.8123752474784851,0.4856971502304077
YPR054W,YDR086C,0,-0.6258558,0.14353729784488678,0.8123752474784851,0.4857971668243408
YDR309C,YJL085W,1,-0.626081,0.14368829131126404,0.8133732676506042,0.4857971668243408
YOL145C,YER122C,0,-0.6260883,0.1436629593372345,0.8133732676506042,0.4858971834182739
YJL030W,YNL032W,0,-0.62631285,0.14363764226436615,0.8133732676506042,0.48599720001220703
YPL048W,YIL105C,1,-0.6263498,0.14378854632377625,0.8143712282180786,0.48599720001220703
YJL143W,YBR031W,0,-0.62678576,0.1437632143497467,0.8143712282180786,0.48609721660614014
YDR096W,YGR255C,0,-0.6268734,0.14373788237571716,0.8143712282180786,0.48619723320007324
YNL292W,YLR459W,0,-0.6270621,0.14371258020401,0.8143712282180786,0.48629724979400635
YDR088C,YBR125C,0,-0.6271714,0.14368726313114166,0.8143712282180786,0.48639726638793945
YDR382W,YOR036W,0,-0.6274833,0.1436619758605957,0.8143712282180786,0.48649731278419495
YAL062W,YDR121W,0,-0.6276865,0.14363668859004974,0.8143712282180786,0.48659732937812805
YMR240C,YJL124C,0,-0.6278024,0.14361140131950378,0.8143712282180786,0.48669734597206116
YDR447C,YOR301W,0,-0.6278122,0.14358612895011902,0.8143712282180786,0.48679736256599426
YDR073W,YER130C,0,-0.6280842,0.14356087148189545,0.8143712282180786,0.48689737915992737
YLR359W,YAR014C,0,-0.62843484,0.14353561401367188,0.8143712282180786,0.4869973957538605
YAL003W,YLR113W,0,-0.62846726,0.1435103714466095,0.8143712282180786,0.4870974123477936
YDR064W,YOR279C,0,-0.6285523,0.1434851437807083,0.8143712282180786,0.4871974289417267
YPL180W,YLR383W,0,-0.6290188,0.14345991611480713,0.8143712282180786,0.4872974455356598
YPL259C,YMR142C,0,-0.62914956,0.14343470335006714,0.8143712282180786,0.4873974919319153
YBR110W,YKL161C,0,-0.62948614,0.14340949058532715,0.8143712282180786,0.4874975085258484
YBL026W,YHR076W,0,-0.62966883,0.14338429272174835,0.8143712282180786,0.4875975251197815
YDL239C,YBR271W,0,-0.6300188,0.14335909485816956,0.8143712282180786,0.4876975417137146
YAL001C,YHR059W,0,-0.6304327,0.14333391189575195,0.8143712282180786,0.4877975583076477
YDL217C,YNL154C,0,-0.63058126,0.14330874383449554,0.8143712282180786,0.4878975749015808
YML025C,YHR061C,0,-0.6306853,0.14328357577323914,0.8143712282180786,0.4879975914955139
YNL336W,YMR278W,0,-0.6311421,0.14325842261314392,0.8143712282180786,0.488097608089447
YOL058W,YER052C,0,-0.63147974,0.1432332843542099,0.8143712282180786,0.4881976246833801
YJL087C,YLR212C,0,-0.6315317,0.14320814609527588,0.8143712282180786,0.4882976710796356
YDR228C,YCL030C,0,-0.63170946,0.14318300783634186,0.8143712282180786,0.4883976876735687
YLR110C,YLR319C,0,-0.63180256,0.14315789937973022,0.8143712282180786,0.48849770426750183
YJL090C,YMR227C,0,-0.6318635,0.1431327909231186,0.8143712282180786,0.48859772086143494
YEL055C,YJR135W-A,0,-0.63200325,0.14310768246650696,0.8143712282180786,0.48869773745536804
YML070W,YNL124W,0,-0.63226306,0.14308258891105652,0.8143712282180786,0.48879775404930115
YJR010W,YLR419W,0,-0.63259196,0.14305751025676727,0.8143712282180786,0.48889777064323425
YOR074C,YCL004W,0,-0.63294363,0.14303243160247803,0.8143712282180786,0.48899778723716736
YHR200W,YMR233W,0,-0.6332592,0.14300736784934998,0.8143712282180786,0.48909783363342285
YKR020W,YOL138C,0,-0.6334411,0.14298230409622192,0.8143712282180786,0.48919785022735596
YEL013W,YPL270W,0,-0.6335514,0.14295725524425507,0.8143712282180786,0.48929786682128906
YBR275C,YJL145W,0,-0.63382936,0.1429322063922882,0.8143712282180786,0.48939788341522217
YLR467W,YHR017W,0,-0.6339642,0.14290718734264374,0.8143712282180786,0.4894979000091553
YDL130W-A,YBR055C,0,-0.63404226,0.14288215339183807,0.8143712282180786,0.4895979166030884
YLR418C,YDL122W,0,-0.63406396,0.1428571492433548,0.8143712282180786,0.4896979331970215
YLR164W,YAL032C,0,-0.63414776,0.14283213019371033,0.8143712282180786,0.4897979497909546
YNL242W,YNL327W,0,-0.6344077,0.14280714094638824,0.8143712282180786,0.4898979663848877
YKR048C,YOR295W,0,-0.6344396,0.14278215169906616,0.8143712282180786,0.4899980127811432
YFR013W,YBR171W,0,-0.63458997,0.14275717735290527,0.8143712282180786,0.4900980293750763
YHR105W,YLR314C,1,-0.6345969,0.14290711283683777,0.8153692483901978,0.4900980293750763
YPR098C,YHR010W,0,-0.6351254,0.14288212358951569,0.8153692483901978,0.4901980459690094
YBR070C,YMR042W,0,-0.63556087,0.1428571492433548,0.8153692483901978,0.4902980625629425
YOR229W,YEL056W,0,-0.63559633,0.1428321748971939,0.8153692483901978,0.4903980791568756
YOR017W,YDR155C,0,-0.6356205,0.14280720055103302,0.8153692483901978,0.4904980957508087
YML056C,YIL131C,0,-0.6362786,0.14278224110603333,0.8153692483901978,0.4905981123447418
YJR095W,YLR228C,0,-0.63641214,0.14275729656219482,0.8153692483901978,0.4906981289386749
YDR153C,YNL217W,0,-0.6365136,0.14273235201835632,0.8153692483901978,0.49079814553260803
YMR135C,YJR152W,0,-0.63656974,0.14270742237567902,0.8153692483901978,0.4908981919288635
YCR012W,YAR019C,0,-0.6366285,0.1426825076341629,0.8153692483901978,0.49099820852279663
YMR175W,YDR323C,1,-0.6366739,0.1428322046995163,0.8163672685623169,0.49099820852279663
YGL201C,YCL033C,0,-0.63689685,0.1428072601556778,0.8163672685623169,0.49109822511672974
YLR192C,YOR126C,0,-0.63707304,0.1427823305130005,0.8163672685623169,0.49119824171066284
YBR213W,YGL201C,0,-0.63711935,0.14275741577148438,0.8163672685623169,0.49129825830459595
YHL036W,YLR163C,0,-0.63720906,0.14273250102996826,0.8163672685623169,0.49139827489852905
YEL020C,YCR014C,0,-0.6373236,0.14270760118961334,0.8163672685623169,0.49149829149246216
YJR036C,YBR203W,0,-0.6375582,0.14268271625041962,0.8163672685623169,0.49159830808639526
YIL073C,YML014W,0,-0.63777816,0.1426578313112259,0.8163672685623169,0.49169835448265076
YKL137W,YLR256W,0,-0.637805,0.14263296127319336,0.8163672685623169,0.49179837107658386
YKL139W,YKR062W,0,-0.6379881,0.14260809123516083,0.8163672685623169,0.49189838767051697
YOL128C,YDR457W,0,-0.63808584,0.1425832360982895,0.8163672685623169,0.4919984042644501
YBL085W,YHR161C,1,-0.63826144,0.1427326649427414,0.817365288734436,0.4919984042644501
YHR161C,YBL085W,1,-0.63826144,0.14288203418254852,0.8183632493019104,0.4919984042644501
YPL244C,YDR342C,0,-0.6383276,0.1428571492433548,0.8183632493019104,0.4920984208583832
YIL079C,YHR176W,0,-0.6383612,0.14283226430416107,0.8183632493019104,0.4921984374523163
YMR032W,YFR052W,0,-0.6386832,0.14280737936496735,0.8183632493019104,0.4922984540462494
YER022W,YLR300W,0,-0.63869286,0.142782524228096,0.8183632493019104,0.4923984706401825
YDR148C,YPL145C,1,-0.638855,0.1429317593574524,0.8193612694740295,0.4923984706401825
YDR248C,YBL030C,0,-0.6389453,0.14290687441825867,0.8193612694740295,0.4924984872341156
YMR047C,YBR231C,0,-0.6390044,0.14288200438022614,0.8193612694740295,0.4925985336303711
YER049W,YHR072W,0,-0.6390369,0.1428571492433548,0.8193612694740295,0.4926985502243042
YBR198C,YIR009W,0,-0.63963044,0.14283229410648346,0.8193612694740295,0.4927985668182373
YKL157W,YOR351C,0,-0.6400628,0.14280743896961212,0.8193612694740295,0.4928985834121704
YNL112W,YEL071W,0,-0.6402289,0.14278261363506317,0.8193612694740295,0.4929986000061035
YMR194W,YNL006W,0,-0.6402953,0.14275778830051422,0.8193612694740295,0.4930986166000366
YKR098C,YDR497C,0,-0.64036137,0.14273296296596527,0.8193612694740295,0.4931986331939697
YDL127W,YER115C,0,-0.64046174,0.14270815253257751,0.8193612694740295,0.49329864978790283
YCR066W,YIL101C,0,-0.6405728,0.14268335700035095,0.8193612694740295,0.49339866638183594
YDR050C,YJL108C,0,-0.6407469,0.1426585614681244,0.8193612694740295,0.49349871277809143
YLL050C,YCL052C,0,-0.6407897,0.14263378083705902,0.8193612694740295,0.49359872937202454
YLR419W,YPL252C,0,-0.640862,0.14260900020599365,0.8193612694740295,0.49369874596595764
YDR421W,YJL116C,0,-0.6409575,0.14258423447608948,0.8193612694740295,0.49379876255989075
YNL301C,YHR102W,0,-0.6409634,0.1425594687461853,0.8193612694740295,0.49389877915382385
YGR249W,YGR125W,0,-0.64120305,0.14253471791744232,0.8193612694740295,0.49399879574775696
YLR373C,YNL309W,0,-0.6418647,0.14250998198986053,0.8193612694740295,0.49409881234169006
YOL102C,YLR305C,0,-0.6419213,0.14248524606227875,0.8193612694740295,0.49419882893562317
YGR282C,YPR079W,0,-0.6420471,0.14246052503585815,0.8193612694740295,0.4942988455295563
YMR323W,YJR047C,0,-0.64208394,0.14243580400943756,0.8193612694740295,0.49439889192581177
YNL209W,YCL066W,0,-0.6421304,0.14241109788417816,0.8193612694740295,0.4944989085197449
YJL187C,YNL160W,0,-0.6423776,0.14238640666007996,0.8193612694740295,0.494598925113678
YLR081W,YHR147C,0,-0.64244556,0.14236171543598175,0.8193612694740295,0.4946989417076111
YDR166C,YMR260C,0,-0.6425326,0.14233703911304474,0.8193612694740295,0.4947989583015442
YBR161W,YNL021W,0,-0.6426227,0.14231236279010773,0.8193612694740295,0.4948989748954773
YIL172C,YAL047C,0,-0.64271384,0.1422877013683319,0.8193612694740295,0.4949989914894104
YER138C,YIL080W,0,-0.64279544,0.1422630399465561,0.8193612694740295,0.4950990080833435
YOR190W,YMR024W,0,-0.6428342,0.14223839342594147,0.8193612694740295,0.495199054479599
YNL307C,YMR270C,0,-0.64290816,0.14221374690532684,0.8193612694740295,0.4952990710735321
YIR032C,YLR014C,0,-0.64299375,0.1421891301870346,0.8193612694740295,0.4953990876674652
YLR291C,YMR042W,0,-0.64326,0.14216449856758118,0.8193612694740295,0.4954991042613983
YOR256C,YMR319C,0,-0.64327407,0.14213988184928894,0.8193612694740295,0.4955991208553314
YOR338W,YDR130C,0,-0.64333606,0.1421152800321579,0.8193612694740295,0.4956991374492645
YBR084C-A,YOR340C,0,-0.6434125,0.14209069311618805,0.8193612694740295,0.49579915404319763
YOR044W,YDR296W,0,-0.6435566,0.1420661062002182,0.8193612694740295,0.49589917063713074
YPL241C,YFL016C,0,-0.64374405,0.14204151928424835,0.8193612694740295,0.49599918723106384
YML060W,YGR288W,0,-0.6439592,0.1420169472694397,0.8193612694740295,0.49609923362731934
YOL004W,YJL184W,0,-0.64397013,0.14199239015579224,0.8193612694740295,0.49619925022125244
YKL073W,YBR235W,0,-0.6440847,0.14196783304214478,0.8193612694740295,0.49629926681518555
YKL201C,YOR246C,0,-0.6443564,0.1419432908296585,0.8193612694740295,0.49639928340911865
YDR334W,YPR132W,0,-0.6444852,0.14191874861717224,0.8193612694740295,0.49649930000305176
YDL212W,YER004W,0,-0.64449733,0.14189422130584717,0.8193612694740295,0.49659931659698486
YFL016C,YOR173W,0,-0.6446704,0.1418697088956833,0.8193612694740295,0.49669933319091797
YCR089W,YJL087C,0,-0.64468366,0.1418451964855194,0.8193612694740295,0.4967993497848511
YBL076C,YMR150C,0,-0.6447123,0.14182069897651672,0.8193612694740295,0.4968993663787842
YKL165C,YLR048W,0,-0.6449634,0.14179620146751404,0.8193612694740295,0.4969994127750397
YOL080C,YPL091W,0,-0.6451973,0.14177171885967255,0.8193612694740295,0.4970994293689728
YOL109W,YKL206C,0,-0.6455699,0.14174723625183105,0.8193612694740295,0.4971994459629059
YBL085W,YIL105C,1,-0.64565057,0.1418953835964203,0.8203592896461487,0.4971994459629059
YNL224C,YDR385W,0,-0.64608884,0.1418709009885788,0.8203592896461487,0.497299462556839
YOL008W,YJR082C,0,-0.6461328,0.1418464183807373,0.8203592896461487,0.4973994791507721
YDL121C,YGR167W,0,-0.646227,0.141821950674057,0.8203592896461487,0.4974994957447052
YKL091C,YGL236C,0,-0.6465693,0.1417974829673767,0.8203592896461487,0.4975995123386383
YCR068W,YGL169W,0,-0.6468778,0.1417730301618576,0.8203592896461487,0.4976995289325714
YML128C,YIL042C,0,-0.6469957,0.1417485773563385,0.8203592896461487,0.4977995455265045
YLR027C,YOL151W,0,-0.6471375,0.1417241394519806,0.8203592896461487,0.49789959192276
YNL301C,YLL019C,0,-0.6474265,0.14169970154762268,0.8203592896461487,0.4979996085166931
YDR309C,YGL023C,1,-0.6479431,0.1418476402759552,0.8213573098182678,0.4979996085166931
YNL014W,YLR314C,0,-0.6483009,0.1418231874704361,0.8213573098182678,0.4980996251106262
YGR249W,YFR008W,0,-0.6489494,0.14179876446723938,0.8213573098182678,0.4981996417045593
YBR247C,YOL107W,0,-0.6497955,0.14177432656288147,0.8213573098182678,0.49829965829849243
YFL036W,YML087C,0,-0.64995456,0.14174991846084595,0.8213573098182678,0.49839967489242554
YCR026C,YMR316W,0,-0.6502447,0.14172551035881042,0.8213573098182678,0.49849969148635864
YDL136W,YKL152C,0,-0.65037555,0.1417011022567749,0.8213573098182678,0.49859970808029175
YOR243C,YBR216C,0,-0.6504798,0.14167670905590057,0.8213573098182678,0.49869975447654724
YLR381W,YJL050W,0,-0.6504851,0.14165233075618744,0.8213573098182678,0.49879977107048035
YFL033C,YPR035W,0,-0.6506296,0.1416279524564743,0.8213573098182678,0.49889978766441345
YDR139C,YOR369C,0,-0.6511762,0.14160357415676117,0.8213573098182678,0.49899980425834656
YDL069C,YHR021C,0,-0.6513123,0.14157922565937042,0.8213573098182678,0.49909982085227966
YGR231C,YBR261C,0,-0.6513178,0.14155486226081848,0.8213573098182678,0.49919983744621277
YOR237W,YGL212W,1,-0.651455,0.14170248806476593,0.8223552703857422,0.49919983744621277
YKR078W,YPR097W,1,-0.6517121,0.1418500691652298,0.8233532905578613,0.49919983744621277
YOR069W,YJL178C,1,-0.6517445,0.1419975906610489,0.8243513107299805,0.49919983744621277
YMR235C,YBR024W,0,-0.65174603,0.14197318255901337,0.8243513107299805,0.4992998540401459
YHL019C,YDR523C,0,-0.65189207,0.14194878935813904,0.8243513107299805,0.499399870634079
YLL005C,YIL090W,0,-0.6520263,0.1419243961572647,0.8243513107299805,0.4994998872280121
YJL103C,YNL095C,0,-0.6522291,0.14190001785755157,0.8243513107299805,0.4995999336242676
YAL044C,YBL105C,1,-0.65266645,0.14204740524291992,0.8253493309020996,0.4995999336242676
YBL074C,YOR382W,0,-0.6527241,0.1420230120420456,0.8253493309020996,0.4996999502182007
YJL025W,YOL157C,0,-0.6530297,0.14199863374233246,0.8253493309020996,0.4997999668121338
YIR037W,YML034W,0,-0.65315026,0.14197425544261932,0.8253493309020996,0.4998999834060669
YOR092W,YPL045W,0,-0.6531885,0.1419498771429062,0.8253493309020996,0.5
YDR461W,YOL010W,0,-0.65325767,0.14192551374435425,0.8253493309020996,0.5001000165939331
YOR317W,YDR404C,0,-0.6535677,0.1419011652469635,0.8253493309020996,0.5002000331878662
YLR325C,YNL310C,0,-0.653655,0.14187681674957275,0.8253493309020996,0.5003000497817993
YKR030W,YGL153W,0,-0.6539211,0.1418524831533432,0.8253493309020996,0.5004000663757324
YGR221C,YDR440W,0,-0.65395963,0.14182816445827484,0.8253493309020996,0.5005000829696655
YDR323C,YGR241C,1,-0.6541038,0.1419753134250641,0.826347291469574,0.5005000829696655
YDR064W,YCL055W,0,-0.65434283,0.14195096492767334,0.826347291469574,0.5006000995635986
YNR017W,YEL040W,0,-0.654354,0.1419266313314438,0.826347291469574,0.5007001161575317
YNL271C,YMR134W,0,-0.6544462,0.14190231263637543,0.826347291469574,0.5008001327514648
YNL009W,YER122C,0,-0.65465486,0.14187799394130707,0.826347291469574,0.5009002089500427
YJL187C,YLR276C,0,-0.65490186,0.1418536901473999,0.826347291469574,0.5010002255439758
YBR241C,YLR452C,0,-0.6550659,0.14182938635349274,0.826347291469574,0.5011002421379089
YOR226C,YKL088W,0,-0.65524364,0.14180509746074677,0.826347291469574,0.501200258731842
YDR383C,YKR098C,0,-0.6552588,0.141780823469162,0.826347291469574,0.5013002753257751
YKR078W,YNL071W,1,-0.65527785,0.14192774891853333,0.8273453116416931,0.5013002753257751
YPR028W,YKR039W,0,-0.6553447,0.14190346002578735,0.8273453116416931,0.5014002919197083
YKL165C,YDR231C,0,-0.6554241,0.14187917113304138,0.8273453116416931,0.5015003085136414
YKR054C,YBL058W,0,-0.65553117,0.1418548971414566,0.8273453116416931,0.5016003251075745
YLR395C,YFL008W,0,-0.6555589,0.14183062314987183,0.8273453116416931,0.5017003417015076
YMR160W,YMR260C,0,-0.6555694,0.14180636405944824,0.8273453116416931,0.5018003582954407
YDR216W,YIL172C,0,-0.65567684,0.14178210496902466,0.8273453116416931,0.5019003748893738
YDL192W,YPL069C,0,-0.6557508,0.14175786077976227,0.8273453116416931,0.5020003914833069
YJR065C,YLR405W,0,-0.6558,0.14173363149166107,0.8273453116416931,0.50210040807724
YGR106C,YPL127C,0,-0.6558928,0.14170940220355988,0.8273453116416931,0.5022004246711731
YIR003W,YDR198C,0,-0.6559042,0.14168518781661987,0.8273453116416931,0.5023004412651062
YGL019W,YOR382W,0,-0.6559606,0.14166097342967987,0.8273453116416931,0.5024004578590393
YDR540C,YAL023C,0,-0.65638953,0.14163677394390106,0.8273453116416931,0.5025004744529724
YML095C,YKL078W,0,-0.656415,0.14161257445812225,0.8273453116416931,0.5026004910469055
YGR105W,YOR208W,0,-0.656458,0.14158838987350464,0.8273453116416931,0.5027005672454834
YGL003C,YNL289W,0,-0.65664893,0.14156420528888702,0.8273453116416931,0.5028005838394165
YER053C,YKL164C,0,-0.65666544,0.1415400356054306,0.8273453116416931,0.5029006004333496
YNR067C,YJL140W,0,-0.65698737,0.14151588082313538,0.8273453116416931,0.5030006170272827
YGL237C,YGL123W,0,-0.65720856,0.14149172604084015,0.8273453116416931,0.5031006336212158
YGL125W,YNL327W,0,-0.65722096,0.14146757125854492,0.8273453116416931,0.5032006502151489
YMR264W,YCL011C,0,-0.657253,0.14144344627857208,0.8273453116416931,0.503300666809082
YOR287C,YLR043C,0,-0.65766436,0.14141930639743805,0.8273453116416931,0.5034006834030151
YLR340W,YNL159C,0,-0.657756,0.1413951963186264,0.8273453116416931,0.5035006999969482
YGL257C,YDR420W,0,-0.65778625,0.14137107133865356,0.8273453116416931,0.5036007165908813
YAL054C,YHR134W,0,-0.6579294,0.1413469761610031,0.8273453116416931,0.5037007331848145
YDL110C,YBL113C,0,-0.6581059,0.14132288098335266,0.8273453116416931,0.5038007497787476
YOR076C,YBR019C,0,-0.6582139,0.1412987858057022,0.8273453116416931,0.5039007663726807
YGR286C,YJR129C,0,-0.6586009,0.14127470552921295,0.8273453116416931,0.5040007829666138
YJR053W,YKL119C,0,-0.6586465,0.1412506401538849,0.8273453116416931,0.5041007995605469
YJL104W,YNR046W,0,-0.65867114,0.14122657477855682,0.8273453116416931,0.50420081615448
YGL037C,YJL160C,0,-0.658725,0.14120252430438995,0.8273453116416931,0.5043008327484131
YCL033C,YIR003W,0,-0.6591999,0.14117847383022308,0.8273453116416931,0.504400908946991
YGR223C,YDR229W,1,-0.65939224,0.1413246989250183,0.8283433318138123,0.504400908946991
YDR211W,YLR035C,0,-0.6594574,0.14130064845085144,0.8283433318138123,0.5045009255409241
YGR133W,YML008C,0,-0.6597959,0.14127659797668457,0.8283433318138123,0.5046009421348572
YCR023C,YJL138C,0,-0.6597988,0.1412525475025177,0.8283433318138123,0.5047009587287903
YML015C,YGL184C,0,-0.6598016,0.14122851192951202,0.8283433318138123,0.5048009753227234
YJR001W,YER049W,0,-0.6602415,0.14120449125766754,0.8283433318138123,0.5049009919166565
YDR027C,YPL242C,0,-0.6603613,0.14118047058582306,0.8283433318138123,0.5050010085105896
YPR031W,YML062C,0,-0.66041136,0.14115646481513977,0.8283433318138123,0.5051010251045227
YNL222W,YLR172C,0,-0.6614279,0.14113245904445648,0.8283433318138123,0.5052010416984558
YDR452W,YKR105C,0,-0.66155326,0.1411084681749344,0.8283433318138123,0.5053010582923889
YPL121C,YPR072W,0,-0.66177887,0.1410844773054123,0.8283433318138123,0.505401074886322
YMR267W,YGR203W,0,-0.6618665,0.1410605013370514,0.8283433318138123,0.5055010914802551
YNL163C,YHL032C,0,-0.6620764,0.14103654026985168,0.8283433318138123,0.5056011080741882
YLR359W,YLR141W,0,-0.66213745,0.14101257920265198,0.8283433318138123,0.5057011246681213
YLR297W,YDR026C,0,-0.66242194,0.14098861813545227,0.8283433318138123,0.5058011412620544
YPR204W,YDL122W,0,-0.662443,0.14096467196941376,0.8283433318138123,0.5059011578559875
YBR261C,YDR038C,0,-0.6624881,0.14094074070453644,0.8283433318138123,0.5060011744499207
YLR090W,YMR312W,0,-0.6625499,0.14091680943965912,0.8283433318138123,0.5061011910438538
YOR322C,YDR446W,0,-0.662575,0.140892893075943,0.8283433318138123,0.5062012672424316
YLR306W,YBL052C,0,-0.6625875,0.14086897671222687,0.8283433318138123,0.5063012838363647
YNL225C,YJL192C,0,-0.6626169,0.14084507524967194,0.8283433318138123,0.5064013004302979
YJR017C,YER118C,0,-0.6628325,0.140821173787117,0.8283433318138123,0.506501317024231
YKR078W,YOR357C,1,-0.66283315,0.14096692204475403,0.8293412923812866,0.506501317024231
YOL072W,YNL279W,0,-0.6632222,0.1409430056810379,0.8293412923812866,0.5066013336181641
YDR485C,YPR054W,0,-0.66332203,0.14091910421848297,0.8293412923812866,0.5067013502120972
YNL280C,YDL085W,0,-0.66334826,0.14089521765708923,0.8293412923812866,0.5068013668060303
YKL094W,YDL103C,0,-0.66341025,0.1408713310956955,0.8293412923812866,0.5069013833999634
YGL213C,YBR283C,0,-0.66408974,0.14084745943546295,0.8293412923812866,0.5070013999938965
YGR128C,YHR050W,0,-0.6640961,0.1408235877752304,0.8293412923812866,0.5071014165878296
YNR006W,YDR323C,1,-0.66416186,0.1409691572189331,0.8303393125534058,0.5071014165878296
YGL163C,YBR176W,0,-0.66423446,0.14094528555870056,0.8303393125534058,0.5072014331817627
YCL059C,YBL040C,0,-0.66424024,0.14092141389846802,0.8303393125534058,0.5073014497756958
YOR339C,YPR075C,0,-0.6647413,0.14089754223823547,0.8303393125534058,0.5074014663696289
YER082C,YJL108C,0,-0.6648054,0.14087368547916412,0.8303393125534058,0.507501482963562
YDR314C,YCL061C,0,-0.66509616,0.14084984362125397,0.8303393125534058,0.5076014995574951
YDR166C,YDR404C,0,-0.6651292,0.1408260017633438,0.8303393125534058,0.5077015161514282
YEL030W,YNR017W,0,-0.665257,0.14080215990543365,0.8303393125534058,0.5078015327453613
YOR197W,YBR155W,0,-0.66525805,0.1407783478498459,0.8303393125534058,0.5079016089439392
YOL149W,YDR081C,0,-0.6652766,0.14075452089309692,0.8303393125534058,0.5080016255378723
YOR205C,YOL017W,0,-0.6652993,0.14073072373867035,0.8303393125534058,0.5081016421318054
YPL274W,YPR171W,0,-0.6653898,0.14070691168308258,0.8303393125534058,0.5082016587257385
YLR265C,YPL050C,0,-0.66581213,0.1406831294298172,0.8303393125534058,0.5083016753196716
YER008C,YIL145C,0,-0.6659452,0.14065934717655182,0.8303393125534058,0.5084016919136047
YKL144C,YOL137W,0,-0.6659771,0.14063556492328644,0.8303393125534058,0.5085017085075378
YDL083C,YPL158C,0,-0.6668121,0.14061179757118225,0.8303393125534058,0.508601725101471
YDR522C,YHR063C,0,-0.66685903,0.14058803021907806,0.8303393125534058,0.508701741695404
YBR145W,YEL062W,0,-0.6673781,0.14056427776813507,0.8303393125534058,0.5088017582893372
YMR273C,YJL144W,0,-0.667411,0.14054054021835327,0.8303393125534058,0.5089017748832703
YMR039C,YBR280C,0,-0.6676635,0.14051680266857147,0.8303393125534058,0.5090017914772034
YPR047W,YOR229W,0,-0.6677212,0.14049308001995087,0.8303393125534058,0.5091018080711365
YLR206W,YPL048W,1,-0.667761,0.14063818752765656,0.8313373327255249,0.5091018080711365
YOR332W,YBR145W,0,-0.66804194,0.14061444997787476,0.8313373327255249,0.5092018246650696
YNL207W,YFR046C,0,-0.6681169,0.14059071242809296,0.8313373327255249,0.5093018412590027
YLR204W,YER190W,0,-0.6685486,0.14056698977947235,0.8313373327255249,0.5094018578529358
YGR157W,YOL137W,0,-0.66877955,0.14054328203201294,0.8313373327255249,0.5095018744468689
YJR045C,YOL091W,0,-0.6688127,0.14051957428455353,0.8313373327255249,0.509601891040802
YOR332W,YJR092W,0,-0.66890335,0.14049586653709412,0.8313373327255249,0.5097019672393799
YDL166C,YBR073W,0,-0.66907436,0.1404721736907959,0.8313373327255249,0.509801983833313
YGL090W,YKR080W,0,-0.66928804,0.14044849574565887,0.8313373327255249,0.5099020004272461
YGR013W,YNL072W,0,-0.66936696,0.14042481780052185,0.8313373327255249,0.5100020170211792
YPL155C,YGR179C,0,-0.6695184,0.14040113985538483,0.8313373327255249,0.5101020336151123
YNL224C,YDL112W,0,-0.6695323,0.1403774917125702,0.8313373327255249,0.5102020502090454
YHR143W,YKL171W,0,-0.66965395,0.14035382866859436,0.8313373327255249,0.5103020668029785
YNR057C,YOL090W,0,-0.66978353,0.14033019542694092,0.8313373327255249,0.5104020833969116
YDR478W,YBR066C,0,-0.6701705,0.14030654728412628,0.8313373327255249,0.5105020999908447
YER173W,YLL041C,0,-0.67049015,0.14028292894363403,0.8313373327255249,0.5106021165847778
YML058W,YGR263C,0,-0.67051196,0.1402592957019806,0.8313373327255249,0.5107021331787109
YJL062W,YDR263C,0,-0.6705302,0.14023569226264954,0.8313373327255249,0.510802149772644
YDR349C,YGR118W,0,-0.6706438,0.14021208882331848,0.8313373327255249,0.5109021663665771
YDR088C,YGL089C,0,-0.67083764,0.14018848538398743,0.8313373327255249,0.5110021829605103
YEL077C,YIL065C,0,-0.6711955,0.14016489684581757,0.8313373327255249,0.5111021995544434
YJL005W,YJL164C,0,-0.67157495,0.1401413232088089,0.8313373327255249,0.5112022161483765
YGL089C,YHL024W,0,-0.67174786,0.14011774957180023,0.8313373327255249,0.5113022327423096
YDR170C,YOR039W,0,-0.67183375,0.14009417593479156,0.8313373327255249,0.5114023089408875
YMR235C,YLL062C,0,-0.6719229,0.1400706171989441,0.8313373327255249,0.5115023255348206
YLL017W,YHR056C,0,-0.6719972,0.1400470733642578,0.8313373327255249,0.5116023421287537
YJL051W,YNL321W,0,-0.6721462,0.14002352952957153,0.8313373327255249,0.5117023587226868
YLR406C,YHL004W,0,-0.67223,0.14000000059604645,0.8313373327255249,0.5118023753166199
YDL132W,YGR286C,0,-0.67230064,0.13997647166252136,0.8313373327255249,0.511902391910553
YFR036W,YPL223C,0,-0.6724527,0.13995295763015747,0.8313373327255249,0.5120024085044861
YMR080C,YDR306C,0,-0.67251426,0.13992944359779358,0.8313373327255249,0.5121024250984192
YJL085W,YNL152W,1,-0.67279744,0.14007389545440674,0.832335352897644,0.5121024250984192
YNR035C,YMR056C,0,-0.6728186,0.14005038142204285,0.832335352897644,0.5122024416923523
YJL207C,YOR141C,0,-0.67291284,0.14002686738967896,0.832335352897644,0.5123024582862854
YMR277W,YPR006C,0,-0.6729206,0.14000335335731506,0.832335352897644,0.5124024748802185
YPR073C,YOR096W,0,-0.67301285,0.13997985422611237,0.832335352897644,0.5125024914741516
YMR061W,YKL144C,0,-0.67340344,0.13995636999607086,0.832335352897644,0.5126025080680847
YBR012W-B,YEL038W,0,-0.67341954,0.13993288576602936,0.832335352897644,0.5127025246620178
YBR175W,YPL017C,0,-0.6735188,0.13990941643714905,0.832335352897644,0.5128025412559509
YBR223C,YDR233C,0,-0.6735745,0.13988594710826874,0.832335352897644,0.512902557849884
YGR240C,YPR183W,0,-0.6735908,0.13986249268054962,0.832335352897644,0.5130025744438171
YOR377W,YGR268C,0,-0.673632,0.1398390382528305,0.832335352897644,0.5131025910377502
YAL009W,YFL055W,0,-0.67364556,0.1398155838251114,0.832335352897644,0.5132026672363281
YNL116W,YBL026W,0,-0.67365336,0.13979215919971466,0.832335352897644,0.5133026838302612
YOR219C,YMR121C,0,-0.67397606,0.13976873457431793,0.832335352897644,0.5134027004241943
YDR058C,YFR036W,0,-0.6740443,0.1397453099489212,0.832335352897644,0.5135027170181274
YGL137W,YBR205W,0,-0.67437553,0.13972190022468567,0.832335352897644,0.5136027336120605
YBR156C,YKR066C,0,-0.67442656,0.13969849050045013,0.832335352897644,0.5137027502059937
YLR154C,YKL213C,0,-0.6748303,0.1396750956773758,0.832335352897644,0.5138027667999268
YCR069W,YMR008C,0,-0.6749901,0.13965170085430145,0.832335352897644,0.5139027833938599
YHR183W,YKR026C,0,-0.6751067,0.1396283209323883,0.832335352897644,0.514002799987793
YPR186C,YOL115W,0,-0.67514825,0.13960495591163635,0.832335352897644,0.5141028165817261
YIL159W,YLR278C,0,-0.6751662,0.1395815908908844,0.832335352897644,0.5142028331756592
YNL300W,YBR058C,0,-0.6751754,0.13955822587013245,0.832335352897644,0.5143028497695923
YBR261C,YPL160W,0,-0.67533755,0.13953489065170288,0.832335352897644,0.5144028663635254
YBR241C,YKL206C,0,-0.6753745,0.13951154053211212,0.832335352897644,0.5145028829574585
YER048C,YDR027C,0,-0.6754408,0.13948820531368256,0.832335352897644,0.5146028995513916
YPL164C,YBR039W,0,-0.67549443,0.13946488499641418,0.832335352897644,0.5147029161453247
YIL039W,YIL040W,0,-0.6758658,0.1394415646791458,0.832335352897644,0.5148029327392578
YMR089C,YDL148C,0,-0.6759436,0.13941825926303864,0.832335352897644,0.5149030089378357
YER039C,YJL155C,0,-0.676208,0.13939495384693146,0.832335352897644,0.5150030255317688
YDR146C,YCL020W,0,-0.67620826,0.13937166333198547,0.832335352897644,0.5151030421257019
YER007W,YJR127C,0,-0.67655,0.1393483728170395,0.832335352897644,0.515203058719635
YOR338W,YOR311C,0,-0.6766795,0.1393250972032547,0.832335352897644,0.5153030753135681
YDR390C,YJR149W,0,-0.67677534,0.1393018215894699,0.832335352897644,0.5154030919075012
YPR151C,YNL327W,0,-0.6768081,0.1392785608768463,0.832335352897644,0.5155031085014343
YNL088W,YDR252W,0,-0.67717063,0.13925530016422272,0.832335352897644,0.5156031250953674
YPL187W,YDR364C,0,-0.6772516,0.13923205435276031,0.832335352897644,0.5157031416893005
YPL152W,YJL028W,0,-0.67726696,0.1392088085412979,0.832335352897644,0.5158031582832336
YKL148C,YBR280C,0,-0.6773051,0.1391855776309967,0.832335352897644,0.5159031748771667
YOR369C,YDR512C,0,-0.67736936,0.1391623616218567,0.832335352897644,0.5160031914710999
YLR016C,YOL086C,0,-0.6779808,0.13913914561271667,0.832335352897644,0.516103208065033
YJL151C,YIL026C,0,-0.67819035,0.13911592960357666,0.832335352897644,0.5162032246589661
YBR204C,YNL134C,0,-0.67856747,0.13909272849559784,0.832335352897644,0.5163032412528992
YGR285C,YOR067C,0,-0.6788415,0.13906952738761902,0.832335352897644,0.5164032578468323
YCR023C,YPR082C,0,-0.67920136,0.13904635608196259,0.832335352897644,0.5165032744407654
YOR100C,YGR068C,0,-0.6792424,0.13902316987514496,0.832335352897644,0.5166032910346985
YJL051W,YKL008C,0,-0.67987823,0.13899999856948853,0.832335352897644,0.5167033672332764
YMR323W,YER025W,0,-0.67990446,0.1389768421649933,0.832335352897644,0.5168033838272095
YDR196C,YBR141C,0,-0.67990756,0.13895368576049805,0.832335352897644,0.5169034004211426
YCR068W,YIL010W,0,-0.68009543,0.1389305293560028,0.832335352897644,0.5170034170150757
YGL123W,YIR025W,0,-0.6812404,0.13890738785266876,0.832335352897644,0.5171034336090088
YKR031C,YDL161W,1,-0.6816422,0.13905079662799835,0.8333333134651184,0.5171034336090088
YGR223C,YER120W,1,-0.6816542,0.13919414579868317,0.8343313336372375,0.5171034336090088
YIL072W,YNL032W,0,-0.681729,0.13917097449302673,0.8343313336372375,0.5172034502029419
YDR385W,YDR012W,0,-0.681956,0.1391478031873703,0.8343313336372375,0.517303466796875
YMR119W,YGL229C,0,-0.6822181,0.13912464678287506,0.8343313336372375,0.5174034833908081
YFR044C,YPR113W,0,-0.68242174,0.13910149037837982,0.8343313336372375,0.5175034999847412
YER146W,YGL183C,0,-0.6825032,0.13907836377620697,0.8343313336372375,0.5176035165786743
YNL335W,YLR342W,0,-0.68257266,0.13905522227287292,0.8343313336372375,0.5177035331726074
YPL155C,YNL124W,0,-0.6825815,0.13903209567070007,0.8343313336372375,0.5178035497665405
YDR540C,YOR126C,0,-0.6826245,0.13900898396968842,0.8343313336372375,0.5179035663604736
YDL239C,YMR227C,0,-0.68263257,0.13898587226867676,0.8343313336372375,0.5180035829544067
YLR205C,YHL004W,0,-0.68265593,0.1389627605676651,0.8343313336372375,0.5181035995483398
YDR097C,YAR018C,0,-0.6827024,0.13893966376781464,0.8343313336372375,0.518203616142273
YML001W,YNL158W,0,-0.6828984,0.13891658186912537,0.8343313336372375,0.518303632736206
YJR093C,YPL143W,0,-0.6830712,0.1388934999704361,0.8343313336372375,0.5184037089347839
YCL025C,YBR177C,0,-0.6833679,0.13887043297290802,0.8343313336372375,0.518503725528717
YJR010C-A,YDL103C,0,-0.68370795,0.13884736597537994,0.8343313336372375,0.5186037421226501
YNR001C,YBR074W,0,-0.68384016,0.13882431387901306,0.8343313336372375,0.5187037587165833
YCR066W,YOL105C,0,-0.6839007,0.13880126178264618,0.8343313336372375,0.5188037753105164
YDR425W,YBR200W,1,-0.6842027,0.13894422352313995,0.8353293538093567,0.5188037753105164
YLR014C,YOR162C,0,-0.6843225,0.13892115652561188,0.8353293538093567,0.5189037919044495
YNR054C,YAR027W,0,-0.6843624,0.138898104429245,0.8353293538093567,0.5190038084983826
YLR214W,YOL026C,0,-0.6845322,0.1388750672340393,0.8353293538093567,0.5191038250923157
YEL037C,YLR453C,0,-0.6848112,0.13885203003883362,0.8353293538093567,0.5192038416862488
YAL022C,YBR223C,0,-0.6848764,0.13882899284362793,0.8353293538093567,0.5193038582801819
YCR003W,YPL101W,0,-0.68502605,0.13880597054958344,0.8353293538093567,0.519403874874115
YJL079C,YOL108C,0,-0.6852646,0.13878294825553894,0.8353293538093567,0.5195038914680481
YCR046C,YBR156C,0,-0.6853374,0.13875994086265564,0.8353293538093567,0.5196039080619812
YGL153W,YGL175C,0,-0.68537325,0.13873694837093353,0.8353293538093567,0.5197039246559143
YPL212C,YGL245W,0,-0.6855815,0.13871395587921143,0.8353293538093567,0.5198039412498474
YJR101W,YJR010W,0,-0.68566895,0.13869096338748932,0.8353293538093567,0.5199039578437805
YNL282W,YFL038C,0,-0.6858448,0.1386679857969284,0.8353293538093567,0.5200039744377136
YHL019C,YDL061C,0,-0.68594736,0.1386450231075287,0.8353293538093567,0.5201039910316467
YML028W,YLR449W,0,-0.68620944,0.13862206041812897,0.8353293538093567,0.5202040672302246
YDL190C,YNL327W,0,-0.6862188,0.13859911262989044,0.8353293538093567,0.5203040838241577
YJL030W,YER036C,0,-0.6862511,0.13857616484165192,0.8353293538093567,0.5204041004180908
YJR004C,YKR080W,0,-0.6862726,0.1385532170534134,0.8353293538093567,0.5205041170120239
YJL066C,YEL070W,0,-0.68627644,0.13853028416633606,0.8353293538093567,0.520604133605957
YIR006C,YLR262C,0,-0.68654215,0.13850736618041992,0.8353293538093567,0.5207041501998901
YPR005C,YNL232W,0,-0.6868453,0.13848444819450378,0.8353293538093567,0.5208041667938232
YKR035W-A,YGL086W,0,-0.6870389,0.13846154510974884,0.8353293538093567,0.5209041833877563
YPR005C,YMR024W,0,-0.6873064,0.1384386420249939,0.8353293538093567,0.5210041999816895
YBR170C,YDR460W,0,-0.68730915,0.13841573894023895,0.8353293538093567,0.5211042165756226
YBL091C-A,YMR305C,0,-0.68740976,0.1383928507566452,0.8353293538093567,0.5212042331695557
YER036C,YPR033C,0,-0.6878735,0.13836997747421265,0.8353293538093567,0.5213042497634888
YLR051C,YOR190W,0,-0.687977,0.1383471041917801,0.8353293538093567,0.5214042663574219
YHR017W,YML042W,0,-0.68823683,0.13832424581050873,0.8353293538093567,0.521504282951355
YBR088C,YHL024W,0,-0.68829536,0.13830138742923737,0.8353293538093567,0.5216042995452881
YML104C,YDR323C,1,-0.6884942,0.1384437531232834,0.8363273739814758,0.5216042995452881
YPL050C,YLL051C,0,-0.6886132,0.13842087984085083,0.8363273739814758,0.5217043161392212
YGL012W,YNL330C,0,-0.6889818,0.13839802145957947,0.8363273739814758,0.5218043327331543
YBR230C,YNL219C,0,-0.6892066,0.1383751630783081,0.8363273739814758,0.5219044089317322
YNL159C,YJL136C,0,-0.6898824,0.13835231959819794,0.8363273739814758,0.5220044255256653
YAL020C,YBR057C,0,-0.6899892,0.13832947611808777,0.8363273739814758,0.5221044421195984
YHR064C,YPR024W,0,-0.6900847,0.1383066475391388,0.8363273739814758,0.5222044587135315
YPR036W,YCL033C,0,-0.690676,0.138283833861351,0.8363273739814758,0.5223044753074646
YIL066C,YDL107W,0,-0.6908953,0.13826102018356323,0.8363273739814758,0.5224044919013977
YLR264W,YIL140W,0,-0.690939,0.13823820650577545,0.8363273739814758,0.5225045084953308
YBR161W,YNR043W,0,-0.6909873,0.13821540772914886,0.8363273739814758,0.5226045250892639
YNL162W,YMR244C-A,0,-0.6911017,0.13819260895252228,0.8363273739814758,0.522704541683197
YFR052W,YJL063C,0,-0.69119465,0.13816982507705688,0.8363273739814758,0.5228045582771301
YJL091C,YMR199W,0,-0.6912068,0.13814705610275269,0.8363273739814758,0.5229045748710632
YBR057C,YNL085W,0,-0.6912449,0.1381242722272873,0.8363273739814758,0.5230045914649963
YCL019W,YNL035C,0,-0.6912669,0.1381015181541443,0.8363273739814758,0.5231046080589294
YOL004W,YBR050C,0,-0.6913163,0.13807876408100128,0.8363273739814758,0.5232046246528625
YOR328W,YOR382W,0,-0.69137305,0.13805601000785828,0.8363273739814758,0.5233046412467957
YOL102C,YDR253C,0,-0.69159716,0.13803327083587646,0.8363273739814758,0.5234046578407288
YOL008W,YOL107W,0,-0.6916944,0.13801054656505585,0.8363273739814758,0.5235046744346619
YPL162C,YJL207C,0,-0.6917616,0.13798782229423523,0.8363273739814758,0.5236047506332397
YHR074W,YLR128W,0,-0.69190884,0.1379650980234146,0.8363273739814758,0.5237047672271729
YER173W,YNL148C,0,-0.6921068,0.1379423886537552,0.8363273739814758,0.523804783821106
YCL030C,YPR091C,0,-0.69226766,0.13791967928409576,0.8363273739814758,0.5239048004150391
YMR046C,YOR278W,0,-0.69246286,0.13789698481559753,0.8363273739814758,0.5240048170089722
YKR046C,YIL091C,0,-0.6925153,0.1378743052482605,0.8363273739814758,0.5241048336029053
YDR142C,YIR034C,0,-0.6925372,0.13785162568092346,0.8363273739814758,0.5242048501968384
YGL099W,YPL202C,0,-0.69283414,0.13782894611358643,0.8363273739814758,0.5243048667907715
YBR026C,YCR096C,0,-0.6931671,0.13780628144741058,0.8363273739814758,0.5244048833847046
YBR012W-B,YOR122C,0,-0.6934624,0.13778361678123474,0.8363273739814758,0.5245048999786377
YBR276C,YER016W,0,-0.6935377,0.1377609670162201,0.8363273739814758,0.5246049165725708
YBL097W,YMR152W,0,-0.6935941,0.13773833215236664,0.8363273739814758,0.5247049331665039
YJL118W,YGL181W,0,-0.6935989,0.13771569728851318,0.8363273739814758,0.524804949760437
YOR064C,YOR362C,0,-0.69381213,0.13769306242465973,0.8363273739814758,0.5249049663543701
YBL005W-B,YGR268C,0,-0.6940764,0.13767044246196747,0.8363273739814758,0.5250049829483032
YGR068C,YDR479C,0,-0.69416296,0.1376478374004364,0.8363273739814758,0.5251049995422363
YNL102W,YML112W,0,-0.6942329,0.13762523233890533,0.8363273739814758,0.5252050161361694
YGR109C,YJL140W,0,-0.6943588,0.13760262727737427,0.8363273739814758,0.5253050327301025
YBL085W,YFR019W,1,-0.6947609,0.1377442181110382,0.8373253345489502,0.5253050327301025
YDR363W-A,YNL272C,0,-0.6948731,0.13772159814834595,0.8373253345489502,0.5254051089286804
YIL039W,YGL179C,0,-0.69512343,0.13769899308681488,0.8373253345489502,0.5255051255226135
YGL241W,YDR497C,0,-0.6951288,0.137676402926445,0.8373253345489502,0.5256051421165466
YPL149W,YOR393W,0,-0.6954732,0.13765381276607513,0.8373253345489502,0.5257051587104797
YJL106W,YPR198W,0,-0.69549763,0.13763123750686646,0.8373253345489502,0.5258051753044128
YGL125W,YPR166C,0,-0.69555813,0.13760866224765778,0.8373253345489502,0.525905191898346
YBR244W,YEL065W,0,-0.69577986,0.1375860869884491,0.8373253345489502,0.526005208492279
YER091C,YPL249C,0,-0.6957906,0.1375635415315628,0.8373253345489502,0.5261052250862122
YGL233W,YKR042W,0,-0.69583833,0.13754098117351532,0.8373253345489502,0.5262052416801453
YDR465C,YDL064W,0,-0.6960534,0.13751843571662903,0.8373253345489502,0.5263052582740784
YPL123C,YDR172W,0,-0.6961509,0.13749590516090393,0.8373253345489502,0.5264052748680115
YJL101C,YBR127C,0,-0.6967489,0.13747337460517883,0.8373253345489502,0.5265052914619446
YEL002C,YLR028C,0,-0.6969284,0.13745085895061493,0.8373253345489502,0.5266053080558777
YBL075C,YFR052W,0,-0.69705874,0.13742834329605103,0.8373253345489502,0.5267053246498108
YDL043C,YEL070W,0,-0.6971485,0.13740582764148712,0.8373253345489502,0.5268053412437439
YDR146C,YNR012W,0,-0.6971494,0.1373833268880844,0.8373253345489502,0.526905357837677
YHR105W,YBL105C,1,-0.69799304,0.1375245600938797,0.8383233547210693,0.526905357837677
YER058W,YMR179W,0,-0.6986331,0.1375020444393158,0.8383233547210693,0.5270053744316101
YHR034C,YHR132C,0,-0.6988417,0.13747954368591309,0.8383233547210693,0.527105450630188
YMR314W,YDR226W,0,-0.6991247,0.13745704293251038,0.8383233547210693,0.5272054672241211
YHR121W,YML034W,0,-0.69922376,0.13743455708026886,0.8383233547210693,0.5273054838180542
YKL137W,YCR017C,0,-0.69924754,0.13741207122802734,0.8383233547210693,0.5274055004119873
YJL076W,YML115C,0,-0.69928575,0.13738960027694702,0.8383233547210693,0.5275055170059204
YOR179C,YPL139C,0,-0.69946253,0.1373671293258667,0.8383233547210693,0.5276055335998535
YCL052C,YDR076W,0,-0.6999409,0.13734467327594757,0.8383233547210693,0.5277055501937866
YKL183W,YHR129C,0,-0.7000765,0.13732221722602844,0.8383233547210693,0.5278055667877197
YEL034W,YOL145C,0,-0.7002341,0.1372997760772705,0.8383233547210693,0.5279055833816528
YJL159W,YPL164C,0,-0.70026565,0.13727733492851257,0.8383233547210693,0.5280055999755859
YDL142C,YLL040C,0,-0.70039594,0.13725490868091583,0.8383233547210693,0.528105616569519
YKL181W,YOR354C,0,-0.70048547,0.1372324824333191,0.8383233547210693,0.5282056331634521
YDL239C,YDL024C,0,-0.70076543,0.13721005618572235,0.8383233547210693,0.5283056497573853
YMR264W,YGR089W,0,-0.7012208,0.137187659740448,0.8383233547210693,0.5284056663513184
YGR112W,YKR003W,0,-0.70151836,0.13716524839401245,0.8383233547210693,0.5285056829452515
YER150W,YFR029W,0,-0.7015797,0.1371428519487381,0.8383233547210693,0.5286056995391846
YLR178C,YPR097W,1,-0.7016526,0.13728371262550354,0.8393213748931885,0.5286056995391846
YJL114W,YHL024W,0,-0.70204604,0.137261301279068,0.8393213748931885,0.5287057161331177
YPL217C,YOR349W,0,-0.7022459,0.13723890483379364,0.8393213748931885,0.5288057327270508
YNL075W,YNL126W,0,-0.70227325,0.1372165083885193,0.8393213748931885,0.5289058089256287
YBR161W,YPL099C,0,-0.7023873,0.13719412684440613,0.8393213748931885,0.5290058255195618
YNL299W,YDL110C,0,-0.70266205,0.13717174530029297,0.8393213748931885,0.5291058421134949
YJR139C,YNR006W,0,-0.70302653,0.137149378657341,0.8393213748931885,0.529205858707428
YHR105W,YOR132W,1,-0.70322555,0.1372900754213333,0.8403193354606628,0.529205858707428
YNL282W,YKL152C,0,-0.7033949,0.13726769387722015,0.8403193354606628,0.5293058753013611
YBL069W,YOR127W,0,-0.7034282,0.137245312333107,0.8403193354606628,0.5294058918952942
YOR237W,YDL225W,1,-0.703541,0.13738591969013214,0.841317355632782,0.5294058918952942
YBL057C,YDL239C,0,-0.7037455,0.13736353814601898,0.841317355632782,0.5295059084892273
YMR287C,YMR240C,0,-0.7038433,0.13734115660190582,0.841317355632782,0.5296059250831604
YGL145W,YHR023W,0,-0.70389503,0.13731877505779266,0.841317355632782,0.5297059416770935
YLL051C,YBR177C,0,-0.7040045,0.1372964233160019,0.841317355632782,0.5298059582710266
YJL066C,YPL194W,0,-0.70472515,0.13727405667304993,0.841317355632782,0.5299059748649597
YOR211C,YFR015C,0,-0.7047478,0.13725170493125916,0.841317355632782,0.5300059914588928
YBR166C,YJR019C,0,-0.70477426,0.13722936809062958,0.841317355632782,0.5301060080528259
YPR163C,YOR353C,0,-0.7048079,0.13720703125,0.841317355632782,0.530206024646759
YMR293C,YNR043W,0,-0.7050134,0.13718470931053162,0.841317355632782,0.5303060412406921
YAL044C,YNL152W,1,-0.70527405,0.13732509315013885,0.8423153758049011,0.5303060412406921
YBR297W,YML124C,0,-0.705486,0.13730275630950928,0.8423153758049011,0.5304060578346252
YLR421C,YGL168W,0,-0.70570475,0.1372804194688797,0.8423153758049011,0.5305060744285583
YLR130C,YDR354W,0,-0.7057946,0.13725809752941132,0.8423153758049011,0.5306061506271362
YOL108C,YIL115C,0,-0.7058343,0.13723577558994293,0.8423153758049011,0.5307061672210693
YBR161W,YGL065C,0,-0.70615894,0.13721346855163574,0.8423153758049011,0.5308061838150024
YKL212W,YMR288W,0,-0.70631886,0.13719116151332855,0.8423153758049011,0.5309062004089355
YLR237W,YIL113W,0,-0.70634055,0.13716885447502136,0.8423153758049011,0.5310062170028687
YOL115W,YLL050C,0,-0.70664555,0.13714657723903656,0.8423153758049011,0.5311062335968018
YDR351W,YHR032W,0,-0.707322,0.13712428510189056,0.8423153758049011,0.5312062501907349
YMR167W,YGL170C,0,-0.7073569,0.13710200786590576,0.8423153758049011,0.531306266784668
YFR055W,YDR137W,0,-0.70785445,0.13707974553108215,0.8423153758049011,0.5314062833786011
YBR012W-B,YHR168W,0,-0.70801073,0.13705748319625854,0.8423153758049011,0.5315062999725342
YML121W,YGR276C,0,-0.7081319,0.13703523576259613,0.8423153758049011,0.5316063165664673
YMR241W,YKR050W,0,-0.70832646,0.13701298832893372,0.8423153758049011,0.5317063331604004
YDL161W,YDL079C,0,-0.70857286,0.1369907408952713,0.8423153758049011,0.5318063497543335
YLR385C,YOL054W,0,-0.70871425,0.13696852326393127,0.8423153758049011,0.5319063663482666
YAL061W,YBR061C,0,-0.70885986,0.13694629073143005,0.8423153758049011,0.5320063829421997
YHR001W,YDR314C,0,-0.70889515,0.13692407310009003,0.8423153758049011,0.5321063995361328
YMR023C,YOR212W,0,-0.7091318,0.1369018703699112,0.8423153758049011,0.5322064161300659
YOL028C,YFL039C,0,-0.709218,0.13687966763973236,0.8423153758049011,0.532306432723999
YKL152C,YOL045W,0,-0.709274,0.13685746490955353,0.8423153758049011,0.5324065089225769
YDR022C,YPR171W,0,-0.7093245,0.1368352770805359,0.8423153758049011,0.53250652551651
YLR287C-A,YMR100W,0,-0.70953333,0.13681310415267944,0.8423153758049011,0.5326065421104431
YDL171C,YNL077W,0,-0.70968926,0.136790931224823,0.8423153758049011,0.5327065587043762
YML039W,YLR270W,0,-0.71011937,0.13676875829696655,0.8423153758049011,0.5328065752983093
YOR301W,YDR281C,0,-0.7102823,0.1367466002702713,0.8423153758049011,0.5329065918922424
YOR074C,YMR117C,0,-0.71062464,0.13672444224357605,0.8423153758049011,0.5330066084861755
YMR221C,YML036W,0,-0.71067977,0.136702299118042,0.8423153758049011,0.5331066250801086
YBR261C,YIR033W,0,-0.7107303,0.13668015599250793,0.8423153758049011,0.5332066416740417
YNL071W,YER125W,1,-0.71074826,0.13681994378566742,0.8433133959770203,0.5332066416740417
YER052C,YJR113C,0,-0.7108444,0.13679780066013336,0.8433133959770203,0.5333066582679749
YBL040C,YMR238W,0,-0.71100307,0.1367756575345993,0.8433133959770203,0.533406674861908
YLR155C,YGL180W,0,-0.71119475,0.13675351440906525,0.8433133959770203,0.5335066914558411
YNR043W,YCR047C,0,-0.711202,0.13673138618469238,0.8433133959770203,0.5336067080497742
YPL007C,YPR138C,0,-0.7112399,0.1367092728614807,0.8433133959770203,0.5337067246437073
YLR433C,YEL009C,0,-0.71135634,0.13668715953826904,0.8433133959770203,0.5338067412376404
YEL029C,YOL017W,0,-0.7114041,0.13666504621505737,0.8433133959770203,0.5339067578315735
YKL135C,YML034W,0,-0.71171355,0.1366429477930069,0.8433133959770203,0.5340067744255066
YOL157C,YKR059W,0,-0.71179724,0.13662086427211761,0.8433133959770203,0.5341068506240845
YPL111W,YLR266C,0,-0.7120602,0.13659876585006714,0.8433133959770203,0.5342068672180176
YNL308C,YCR081W,0,-0.71211636,0.13657669723033905,0.8433133959770203,0.5343068838119507
YOL072W,YGL225W,0,-0.7122124,0.13655462861061096,0.8433133959770203,0.5344069004058838
YHL033C,YER168C,0,-0.71233994,0.13653255999088287,0.8433133959770203,0.5345069169998169
YMR218C,YCR098C,0,-0.71263945,0.13651050627231598,0.8433133959770203,0.53460693359375
YDR037W,YPL019C,0,-0.7129178,0.13648845255374908,0.8433133959770203,0.5347069501876831
YHR084W,YIR014W,0,-0.71316373,0.13646641373634338,0.8433133959770203,0.5348069667816162
YDR524C,YMR172W,0,-0.71339536,0.13644437491893768,0.8433133959770203,0.5349069833755493
YKR105C,YPR032W,0,-0.71432555,0.13642235100269318,0.8433133959770203,0.5350069999694824
YKL168C,YMR123W,0,-0.7143728,0.13640032708644867,0.8433133959770203,0.5351070165634155
YOL103W,YBR014C,0,-0.71440196,0.13637830317020416,0.8433133959770203,0.5352070331573486
YMR301C,YPR054W,0,-0.71450305,0.13635629415512085,0.8433133959770203,0.5353070497512817
YLR151C,YGR023W,0,-0.7145128,0.13633430004119873,0.8433133959770203,0.5354070663452148
YJL178C,YLR206W,1,-0.7148321,0.1364736258983612,0.8443113565444946,0.5354070663452148
YIL158W,YKL190W,0,-0.71495557,0.1364516168832779,0.8443113565444946,0.535507082939148
YPR001W,YLR103C,0,-0.7150062,0.13642960786819458,0.8443113565444946,0.535607099533081
YKR044W,YBR217W,0,-0.71522105,0.13640761375427246,0.8443113565444946,0.5357071161270142
YBR161W,YJL194W,0,-0.71530086,0.13638561964035034,0.8443113565444946,0.5358071327209473
YNR040W,YGR048W,0,-0.7153364,0.13636364042758942,0.8443113565444946,0.5359072089195251
YGR154C,YFL022C,0,-0.71543515,0.1363416612148285,0.8443113565444946,0.5360072255134583
YAL013W,YHR084W,0,-0.71545947,0.13631969690322876,0.8443113565444946,0.5361072421073914
YGR096W,YHR143W-A,0,-0.7156708,0.13629773259162903,0.8443113565444946,0.5362072587013245
YLR110C,YDL239C,0,-0.71590173,0.1362757682800293,0.8443113565444946,0.5363072752952576
YDR266C,YOR077W,0,-0.71593213,0.13625381886959076,0.8443113565444946,0.5364072918891907
YGL205W,YDL017W,0,-0.71604455,0.13623188436031342,0.8443113565444946,0.5365073084831238
YDL029W,YGL031C,0,-0.71614826,0.13620994985103607,0.8443113565444946,0.5366073250770569
YLR186W,YDR051C,0,-0.71626055,0.13618803024291992,0.8443113565444946,0.53670734167099
YBR136W,YIL082W-A,0,-0.71627736,0.13616611063480377,0.8443113565444946,0.5368073582649231
YER068W,YPL151C,0,-0.7168404,0.13614419102668762,0.8443113565444946,0.5369073748588562
YDR522C,YLR145W,0,-0.71689594,0.13612228631973267,0.8443113565444946,0.5370073914527893
YNL069C,YGL051W,0,-0.71719086,0.1361003816127777,0.8443113565444946,0.5371074080467224
YBR084W,YJL097W,0,-0.7172602,0.13607849180698395,0.8443113565444946,0.5372074246406555
YDL020C,YGL137W,0,-0.7173254,0.13605661690235138,0.8443113565444946,0.5373074412345886
YIL140W,YOR237W,0,-0.7174778,0.13603472709655762,0.8443113565444946,0.5374074578285217
YLR385C,YGR035C,0,-0.71777165,0.13601286709308624,0.8443113565444946,0.5375074744224548
YDR311W,YBR282W,0,-0.7180791,0.13599099218845367,0.8443113565444946,0.5376075506210327
YGR288W,YEL017C-A,0,-0.71824074,0.1359691470861435,0.8443113565444946,0.5377075672149658
YKL119C,YOR180C,0,-0.7182853,0.13594728708267212,0.8443113565444946,0.5378075838088989
YKL193C,YFR046C,0,-0.7184298,0.13592545688152313,0.8443113565444946,0.537907600402832
YML026C,YOR070C,0,-0.71849966,0.13590361177921295,0.8443113565444946,0.5380076169967651
YGL145W,YDR173C,0,-0.7185987,0.13588178157806396,0.8443113565444946,0.5381076335906982
YPL078C,YLR166C,0,-0.71882045,0.13585996627807617,0.8443113565444946,0.5382076501846313
YPL143W,YDL035C,0,-0.7193946,0.13583815097808838,0.8443113565444946,0.5383076667785645
YNL227C,YJL219W,0,-0.7195375,0.13581633567810059,0.8443113565444946,0.5384076833724976
YLR203C,YPL192C,0,-0.7195972,0.135794535279274,0.8443113565444946,0.5385076999664307
YBR030W,YPL042C,0,-0.71961737,0.13577274978160858,0.8443113565444946,0.5386077165603638
YPL016W,YER058W,0,-0.7198918,0.13575096428394318,0.8443113565444946,0.5387077331542969
YOR328W,YDR320C,0,-0.72040176,0.13572917878627777,0.8443113565444946,0.53880774974823
YBR267W,YDR218C,0,-0.7206738,0.13570740818977356,0.8443113565444946,0.5389077663421631
YAL010C,YHR105W,0,-0.720844,0.13568565249443054,0.8443113565444946,0.5390077829360962
YKL163W,YKL126W,0,-0.7209399,0.13566388189792633,0.8443113565444946,0.5391077995300293
YPL048W,YIR007W,0,-0.72095895,0.1356421411037445,0.8443113565444946,0.5392078161239624
YGR156W,YGL121C,0,-0.7210033,0.1356203854084015,0.8443113565444946,0.5393078327178955
YPL017C,YNL323W,0,-0.7210253,0.13559865951538086,0.8443113565444946,0.5394079089164734
YGR292W,YMR056C,0,-0.7212693,0.13557691872119904,0.8443113565444946,0.5395079255104065
YDR470C,YGL113W,0,-0.7216802,0.1355551928281784,0.8443113565444946,0.5396079421043396
YNL093W,YNL121C,0,-0.7218272,0.13553348183631897,0.8443113565444946,0.5397079586982727
YML009C,YBR152W,0,-0.721892,0.13551177084445953,0.8443113565444946,0.5398079752922058
YBR156C,YOR201C,0,-0.72196716,0.1354900747537613,0.8443113565444946,0.5399079918861389
YLR119W,YDR312W,0,-0.7221855,0.13546837866306305,0.8443113565444946,0.540008008480072
YBR240C,YAL024C,0,-0.72227013,0.1354466825723648,0.8443113565444946,0.5401080250740051
YMR039C,YGR295C,0,-0.72235036,0.13542500138282776,0.8443113565444946,0.5402080416679382
YGL233W,YPR030W,0,-0.7225685,0.1354033350944519,0.8443113565444946,0.5403080582618713
YOR116C,YPL157W,0,-0.72294575,0.13538165390491486,0.8443113565444946,0.5404080748558044
YNL222W,YKR039W,0,-0.7230799,0.1353600025177002,0.8443113565444946,0.5405080914497375
YGR068C,YJR058C,0,-0.7231113,0.13533835113048553,0.8443113565444946,0.5406081080436707
YDR318W,YNL217W,0,-0.7231661,0.13531669974327087,0.8443113565444946,0.5407081246376038
YGR032W,YDL078C,0,-0.7233366,0.1352950632572174,0.8443113565444946,0.5408081412315369
YIR017C,YBL082C,0,-0.723488,0.13527342677116394,0.8443113565444946,0.54090815782547
YAR010C,YNL323W,0,-0.7235428,0.13525180518627167,0.8443113565444946,0.5410081744194031
YDR342C,YCL014W,0,-0.7237426,0.1352301836013794,0.8443113565444946,0.541108250617981
YGR215W,YBR055C,0,-0.7239476,0.13520856201648712,0.8443113565444946,0.5412082672119141
YOR066W,YIR035C,0,-0.7241553,0.13518695533275604,0.8443113565444946,0.5413082838058472
YOR304W,YOR151C,0,-0.72417367,0.13516536355018616,0.8443113565444946,0.5414083003997803
YML005W,YHR023W,0,-0.7246269,0.13514377176761627,0.8443113565444946,0.5415083169937134
YER030W,YNR023W,0,-0.7247548,0.1351221799850464,0.8443113565444946,0.5416083335876465
YPL108W,YGL134W,0,-0.72477794,0.1351006031036377,0.8443113565444946,0.5417083501815796
YML118W,YLL002W,0,-0.72488797,0.1350790411233902,0.8443113565444946,0.5418083667755127
YGR162W,YNL272C,0,-0.7255636,0.1350574642419815,0.8443113565444946,0.5419083833694458
YBL106C,YJL213W,0,-0.7256775,0.1350359171628952,0.8443113565444946,0.5420083999633789
YBL039C,YLR414C,0,-0.726047,0.1350143700838089,0.8443113565444946,0.542108416557312
YOL013C,YHR046C,0,-0.7261495,0.1349928230047226,0.8443113565444946,0.5422084331512451
YOL109W,YGL083W,0,-0.7261791,0.1349712759256363,0.8443113565444946,0.5423084497451782
YGR240C,YGL158W,0,-0.7262459,0.13494975864887238,0.8443113565444946,0.5424084663391113
YLR103C,YDL002C,0,-0.7264908,0.13492822647094727,0.8443113565444946,0.5425084829330444
YKL095W,YHR187W,0,-0.7265135,0.13490670919418335,0.8443113565444946,0.5426084995269775
YDL008W,YFR019W,0,-0.72652835,0.13488520681858063,0.8443113565444946,0.5427085161209106
YKL001C,YBR247C,0,-0.7265286,0.1348637044429779,0.8443113565444946,0.5428085327148438
YIR028W,YKR105C,0,-0.7268434,0.13484220206737518,0.8443113565444946,0.5429086089134216
YER157W,YBR125C,0,-0.7270758,0.13482071459293365,0.8443113565444946,0.5430086255073547
YBL022C,YDR177W,0,-0.7276307,0.13479924201965332,0.8443113565444946,0.5431086421012878
YDL193W,YIL157C,0,-0.7281549,0.1347777545452118,0.8443113565444946,0.543208658695221
YBL098W,YLR133W,0,-0.7282686,0.13475629687309265,0.8443113565444946,0.543308675289154
YEL002C,YPR191W,0,-0.7284305,0.13473482429981232,0.8443113565444946,0.5434086918830872
YOR298W,YLR013W,0,-0.72854555,0.13471338152885437,0.8443113565444946,0.5435087084770203
YOR291W,YHL018W,0,-0.72861826,0.13469192385673523,0.8443113565444946,0.5436087250709534
YHR136C,YJL041W,0,-0.72883326,0.13467048108577728,0.8443113565444946,0.5437087416648865
YLR307W,YDR465C,0,-0.72904134,0.13464905321598053,0.8443113565444946,0.5438087582588196
YOR297C,YDR456W,0,-0.7295395,0.13462762534618378,0.8443113565444946,0.5439087748527527
YPL082C,YMR238W,0,-0.72968566,0.13460621237754822,0.8443113565444946,0.5440087914466858
YPL259C,YPR001W,0,-0.7297166,0.13458478450775146,0.8443113565444946,0.5441088080406189
YKL119C,YNR003C,0,-0.7299155,0.1345633864402771,0.8443113565444946,0.544208824634552
YLR110C,YML018C,0,-0.7300488,0.13454198837280273,0.8443113565444946,0.5443088412284851
YPR168W,YPL237W,0,-0.73016477,0.13452059030532837,0.8443113565444946,0.5444088578224182
YKL139W,YLR029C,0,-0.730166,0.1344992071390152,0.8443113565444946,0.5445088744163513
YGL103W,YIL160C,0,-0.73025525,0.13447782397270203,0.8443113565444946,0.5446089506149292
YMR283C,YKR010C,0,-0.73027855,0.13445645570755005,0.8443113565444946,0.5447089672088623
YNL078W,YLR440C,0,-0.73028874,0.13443508744239807,0.8443113565444946,0.5448089838027954
YKL166C,YOR339C,0,-0.73055166,0.1344137340784073,0.8443113565444946,0.5449090003967285
YJL082W,YER019C-A,0,-0.7307539,0.1343923807144165,0.8443113565444946,0.5450090169906616
YNL146W,YDR338C,0,-0.73112875,0.13437102735042572,0.8443113565444946,0.5451090335845947
YFR036W,YAL053W,0,-0.7316176,0.13434968888759613,0.8443113565444946,0.5452090501785278
YER001W,YJL020C,0,-0.7317795,0.13432836532592773,0.8443113565444946,0.5453090667724609
YDR159W,YIL023C,0,-0.7317863,0.13430702686309814,0.8443113565444946,0.545409083366394
YLL004W,YGR247W,0,-0.73213536,0.13428571820259094,0.8443113565444946,0.5455090999603271
YOR228C,YBR239C,0,-0.73255265,0.13426440954208374,0.8443113565444946,0.5456091165542603
YDR338C,YHR007C,0,-0.73333305,0.13424310088157654,0.8443113565444946,0.5457091331481934
YGR128C,YOR133W,0,-0.7336279,0.13422179222106934,0.8443113565444946,0.5458091497421265
YOR080W,YOL041C,0,-0.7339144,0.13420051336288452,0.8443113565444946,0.5459091663360596
YDL140C,YGL079W,0,-0.7340075,0.1341792196035385,0.8443113565444946,0.5460091829299927
YAL029C,YGL209W,0,-0.73402333,0.1341579407453537,0.8443113565444946,0.5461091995239258
YEL061C,YLL051C,0,-0.7340785,0.13413667678833008,0.8443113565444946,0.5462092161178589
YHR168W,YOL090W,0,-0.7342937,0.13411541283130646,0.8443113565444946,0.546309232711792
YPR184W,YAR002C-A,0,-0.73433,0.13409414887428284,0.8443113565444946,0.5464093089103699
YHR011W,YBR118W,0,-0.73461205,0.1340728998184204,0.8443113565444946,0.546509325504303
YPL103C,YHL012W,0,-0.7347885,0.13405165076255798,0.8443113565444946,0.5466093420982361
YKL157W,YJL158C,0,-0.735167,0.13403041660785675,0.8443113565444946,0.5467093586921692
YJL139C,YNL308C,0,-0.7352183,0.13400918245315552,0.8443113565444946,0.5468093752861023
YPR031W,YJR075W,0,-0.7353198,0.13398796319961548,0.8443113565444946,0.5469093918800354
YOR351C,YJL117W,0,-0.73547614,0.13396674394607544,0.8443113565444946,0.5470094084739685
YML025C,YHR167W,0,-0.73552835,0.1339455395936966,0.8443113565444946,0.5471094250679016
YOR338W,YHR168W,0,-0.7355541,0.13392433524131775,0.8443113565444946,0.5472094416618347
YKR081C,YGL097W,0,-0.73623806,0.1339031308889389,0.8443113565444946,0.5473094582557678
YPR119W,YHR076W,0,-0.73633444,0.13388194143772125,0.8443113565444946,0.5474094748497009
YER054C,YIL115C,0,-0.73685867,0.1338607668876648,0.8443113565444946,0.547509491443634
YDL153C,YBR070C,0,-0.73689926,0.13383957743644714,0.8443113565444946,0.5476095080375671
YDR313C,YER120W,1,-0.7370407,0.13397659361362457,0.8453093767166138,0.5476095080375671
YDR524C,YML069W,0,-0.73704827,0.13395540416240692,0.8453093767166138,0.5477095246315002
YDR126W,YAR008W,0,-0.73743665,0.13393421471118927,0.8453093767166138,0.5478095412254333
YOR178C,YHR117W,0,-0.7375148,0.1339130401611328,0.8453093767166138,0.5479095578193665
YMR017W,YDL111C,0,-0.73759985,0.13389188051223755,0.8453093767166138,0.5480095744132996
YJL166W,YBL088C,0,-0.737653,0.1338707059621811,0.8453093767166138,0.5481096506118774
YMR308C,YOR311C,0,-0.73771656,0.13384956121444702,0.8453093767166138,0.5482096672058105
YEL034W,YAL041W,0,-0.7378301,0.13382840156555176,0.8453093767166138,0.5483096837997437
YIL066C,YHR034C,0,-0.7378726,0.13380727171897888,0.8453093767166138,0.5484097003936768
YBR129C,YNL314W,0,-0.73811567,0.1337861269712448,0.8453093767166138,0.5485097169876099
YDR354W,YHR143W-A,0,-0.738891,0.13376499712467194,0.8453093767166138,0.548609733581543
YJL025W,YDR067C,0,-0.73898315,0.13374388217926025,0.8453093767166138,0.5487097501754761
YNL124W,YPL174C,0,-0.73907834,0.13372276723384857,0.8453093767166138,0.5488097667694092
YFR032C-A,YDR079W,0,-0.73909193,0.1337016522884369,0.8453093767166138,0.5489097833633423
YBR120C,YER091C,0,-0.7392967,0.1336805522441864,0.8453093767166138,0.5490097999572754
YBR294W,YFL008W,0,-0.7393792,0.1336594671010971,0.8453093767166138,0.5491098165512085
YJL113W,YLR405W,0,-0.7396785,0.13363836705684662,0.8453093767166138,0.5492098331451416
YFR031C,YBR142W,0,-0.7399741,0.13361729681491852,0.8453093767166138,0.5493098497390747
YBR264C,YCR077C,0,-0.7402969,0.13359621167182922,0.8453093767166138,0.5494098663330078
YBR036C,YDR224C,0,-0.7402979,0.13357514142990112,0.8453093767166138,0.5495098829269409
YDL245C,YLR172C,0,-0.740363,0.13355408608913422,0.8453093767166138,0.549609899520874
YDR071C,YKL090W,0,-0.74064994,0.1335330307483673,0.8453093767166138,0.5497099161148071
YPR192W,YJR070C,0,-0.74089646,0.1335119754076004,0.8453093767166138,0.5498099327087402
YLL038C,YGR284C,0,-0.7412938,0.1334909349679947,0.8453093767166138,0.5499100089073181
YLR047C,YCR043C,0,-0.74132806,0.13346990942955017,0.8453093767166138,0.5500100255012512
YJR134C,YLR126C,0,-0.74148667,0.13344886898994446,0.8453093767166138,0.5501100420951843
YGR175C,YHL013C,0,-0.74155635,0.13342785835266113,0.8453093767166138,0.5502100586891174
YLR286C,YJL221C,0,-0.74203193,0.1334068328142166,0.8453093767166138,0.5503100752830505
YPL111W,YNL311C,0,-0.7422812,0.1333858221769333,0.8453093767166138,0.5504100918769836
YDR424C,YKR008W,0,-0.7424681,0.13336482644081116,0.8453093767166138,0.5505101084709167
YPL240C,YLR414C,0,-0.7424967,0.13334383070468903,0.8453093767166138,0.5506101250648499
YLL015W,YPL113C,0,-0.74277425,0.1333228349685669,0.8453093767166138,0.550710141658783
YIL117C,YPL200W,0,-0.7429153,0.13330185413360596,0.8453093767166138,0.5508101582527161
YPR070W,YPL057C,0,-0.7429313,0.1332808881998062,0.8453093767166138,0.5509101748466492
YBR018C,YNL330C,0,-0.74308366,0.13325990736484528,0.8453093767166138,0.5510101914405823
YPR104C,YOR127W,0,-0.74324393,0.13323895633220673,0.8453093767166138,0.5511102080345154
YDL207W,YPL159C,0,-0.7432474,0.13321799039840698,0.8453093767166138,0.5512102246284485
YIL041W,YPR164W,0,-0.7439147,0.13319703936576843,0.8453093767166138,0.5513102412223816
YGR059W,YPL121C,0,-0.7440326,0.13317610323429108,0.8453093767166138,0.5514102578163147
YNL071W,YFR019W,1,-0.74423146,0.1333123743534088,0.8463073968887329,0.5514102578163147
YGR251W,YOL062C,0,-0.7444906,0.13329142332077026,0.8463073968887329,0.5515102744102478
YJL157C,YDL049C,0,-0.7445657,0.1332704722881317,0.8463073968887329,0.5516103506088257
YER114C,YBL105C,1,-0.7450547,0.13340666890144348,0.847305417060852,0.5516103506088257
YNL021W,YIR039C,0,-0.7454887,0.13338570296764374,0.847305417060852,0.5517103672027588
YDL101C,YML034W,0,-0.74559367,0.1333647519350052,0.847305417060852,0.5518103837966919
YMR109W,YCR003W,0,-0.745747,0.13334380090236664,0.847305417060852,0.551910400390625
YML071C,YJL118W,0,-0.7460451,0.13332286477088928,0.847305417060852,0.5520104169845581
YOR237W,YIL105C,1,-0.74636453,0.1334589421749115,0.8483033776283264,0.5520104169845581
YPL090C,YMR121C,0,-0.7464422,0.13343799114227295,0.8483033776283264,0.5521104335784912
YJR065C,YIL067C,0,-0.7468435,0.1334170401096344,0.8483033776283264,0.5522104501724243
YBR298C,YFL050C,0,-0.74690264,0.13339610397815704,0.8483033776283264,0.5523104667663574
YAL054C,YDL007W,0,-0.74695104,0.13337518274784088,0.8483033776283264,0.5524104833602905
YHR209W,YGL001C,0,-0.7470876,0.13335424661636353,0.8483033776283264,0.5525104999542236
YOR245C,YPL104W,0,-0.7471603,0.13333334028720856,0.8483033776283264,0.5526105165481567
YDL127W,YER171W,0,-0.74716675,0.1333124190568924,0.8483033776283264,0.5527105331420898
YLR119W,YML009C,0,-0.74742806,0.13329151272773743,0.8483033776283264,0.552810549736023
YOR198C,YNL227C,0,-0.7474773,0.13327062129974365,0.8483033776283264,0.552910566329956
YLR390W,YCR073C,0,-0.74809116,0.13324972987174988,0.8483033776283264,0.5530105829238892
YDR101C,YCR012W,0,-0.74820983,0.1332288384437561,0.8483033776283264,0.5531105995178223
YOR367W,YLR394W,0,-0.74881625,0.13320796191692352,0.8483033776283264,0.5532106161117554
YOR356W,YNL070W,0,-0.74908817,0.13318708539009094,0.8483033776283264,0.5533106327056885
YOR096W,YHR105W,0,-0.7492498,0.13316622376441956,0.8483033776283264,0.5534107089042664
YGL131C,YDR436W,0,-0.74935204,0.13314536213874817,0.8483033776283264,0.5535107254981995
YMR295C,YBR096W,0,-0.7497512,0.13312451541423798,0.8483033776283264,0.5536107420921326
YMR058W,YDR536W,0,-0.7497881,0.13310366868972778,0.8483033776283264,0.5537107586860657
YBL017C,YPR113W,0,-0.749905,0.1330828219652176,0.8483033776283264,0.5538107752799988
YDR540C,YNL159C,0,-0.7499657,0.1330619901418686,0.8483033776283264,0.5539107918739319
YDL153C,YJR053W,0,-0.7502029,0.1330411583185196,0.8483033776283264,0.554010808467865
YDL232W,YMR288W,0,-0.7502402,0.1330203413963318,0.8483033776283264,0.5541108250617981
YMR202W,YCL061C,0,-0.7503195,0.13299952447414398,0.8483033776283264,0.5542108416557312
YLR086W,YNL316C,0,-0.75048816,0.13297872245311737,0.8483033776283264,0.5543108582496643
YDR245W,YAL060W,0,-0.75056523,0.13295792043209076,0.8483033776283264,0.5544108748435974
YGR227W,YBL085W,0,-0.7505766,0.13293713331222534,0.8483033776283264,0.5545108914375305
YOR336W,YDR055W,0,-0.7507267,0.13291634619235992,0.8483033776283264,0.5546109080314636
YIL091C,YJR135W-A,0,-0.75086427,0.1328955590724945,0.8483033776283264,0.5547109246253967
YOR388C,YGL123W,0,-0.7509445,0.13287478685379028,0.8483033776283264,0.5548109412193298
YKR065C,YNR050C,0,-0.7509575,0.13285401463508606,0.8483033776283264,0.5549109578132629
YLL019C,YGR292W,0,-0.75160205,0.13283325731754303,0.8483033776283264,0.555010974407196
YNL242W,YHR129C,0,-0.7517114,0.1328125,0.8483033776283264,0.5551110506057739
YDR050C,YLR343W,0,-0.7517358,0.13279175758361816,0.8483033776283264,0.555211067199707
YNR067C,YJL158C,0,-0.75184083,0.13277101516723633,0.8483033776283264,0.5553110837936401
YPL084W,YMR014W,0,-0.7522189,0.1327502727508545,0.8483033776283264,0.5554111003875732
YBL036C,YGL236C,0,-0.75222194,0.13272954523563385,0.8483033776283264,0.5555111169815063
YBL097W,YPL206C,0,-0.7522675,0.1327088177204132,0.8483033776283264,0.5556111335754395
YBL098W,YPL045W,0,-0.752344,0.13268810510635376,0.8483033776283264,0.5557111501693726
YBR118W,YAL005C,0,-0.7524911,0.1326673924922943,0.8483033776283264,0.5558111667633057
YGR027C,YOR150W,0,-0.752737,0.13264669477939606,0.8483033776283264,0.5559111833572388
YLR309C,YCL061C,0,-0.7528351,0.1326259970664978,0.8483033776283264,0.5560111999511719
YJL166W,YBR125C,0,-0.75294304,0.13260529935359955,0.8483033776283264,0.556111216545105
YMR303C,YMR097C,0,-0.75306636,0.1325846165418625,0.8483033776283264,0.5562112331390381
YGL163C,YDR086C,0,-0.75313663,0.13256394863128662,0.8483033776283264,0.5563112497329712
YDR225W,YDR177W,0,-0.7533034,0.13254326581954956,0.8483033776283264,0.5564112663269043
YLL027W,YBL017C,0,-0.7533347,0.1325226128101349,0.8483033776283264,0.5565112829208374
YAL044C,YER078C,0,-0.75350857,0.13250194489955902,0.8483033776283264,0.5566112995147705
YOR214C,YBL084C,0,-0.7537642,0.13248129189014435,0.8483033776283264,0.5567113161087036
YDL079C,YPR162C,0,-0.75378907,0.13246065378189087,0.8483033776283264,0.5568113327026367
YHR188C,YDR383C,0,-0.75396883,0.1324400156736374,0.8483033776283264,0.5569114089012146
YKL049C,YKL109W,0,-0.75414324,0.1324193775653839,0.8483033776283264,0.5570114254951477
YOL120C,YGR279C,0,-0.7542953,0.13239875435829163,0.8483033776283264,0.5571114420890808
YMR116C,YIL099W,0,-0.75479484,0.13237813115119934,0.8483033776283264,0.5572114586830139
YBL022C,YHR056C,0,-0.7549912,0.13235752284526825,0.8483033776283264,0.557311475276947
YOL002C,YLR300W,0,-0.7550717,0.13233691453933716,0.8483033776283264,0.5574114918708801
YER052C,YOR007C,0,-0.7552549,0.13231632113456726,0.8483033776283264,0.5575115084648132
YBR161W,YER133W,0,-0.7553018,0.13229571282863617,0.8483033776283264,0.5576115250587463
YER026C,YNL306W,0,-0.7556685,0.13227513432502747,0.8483033776283264,0.5577115416526794
YBR135W,YDL079C,0,-0.755875,0.13225455582141876,0.8483033776283264,0.5578115582466125
YGR061C,YCL018W,0,-0.75608003,0.13223397731781006,0.8483033776283264,0.5579115748405457
YJL114W,YDR067C,0,-0.7561946,0.13221341371536255,0.8483033776283264,0.5580115914344788
YMR154C,YPR049C,0,-0.7563282,0.13219285011291504,0.8483033776283264,0.5581116080284119
YNR070W,YLL003W,0,-0.75659,0.13217228651046753,0.8483033776283264,0.558211624622345
YLR116W,YJL153C,0,-0.75725603,0.1321517378091812,0.8483033776283264,0.5583116412162781
YLR398C,YDL159W,0,-0.7572875,0.1321312040090561,0.8483033776283264,0.5584116578102112
YLR105C,YDR371W,0,-0.7573491,0.13211065530776978,0.8483033776283264,0.5585116744041443
YHR119W,YHR046C,0,-0.7574872,0.13209013640880585,0.8483033776283264,0.5586117506027222
YNL138W,YDL079C,0,-0.75769925,0.13206960260868073,0.8483033776283264,0.5587117671966553
YKL093W,YGR257C,0,-0.75780624,0.132049098610878,0.8483033776283264,0.5588117837905884
YGL249W,YER150W,0,-0.75796115,0.13202857971191406,0.8483033776283264,0.5589118003845215
YBR199W,YLR081W,0,-0.7580957,0.13200807571411133,0.8483033776283264,0.5590118169784546
YJR047C,YLR032W,0,-0.75835407,0.1319875717163086,0.8483033776283264,0.5591118335723877
YKR094C,YHR183W,0,-0.7586974,0.13196708261966705,0.8483033776283264,0.5592118501663208
YDR478W,YLR268W,0,-0.75885314,0.1319465935230255,0.8483033776283264,0.5593118667602539
YHR167W,YCL026C-A,0,-0.75888205,0.13192611932754517,0.8483033776283264,0.559411883354187
YMR306W,YGR041W,0,-0.75892705,0.13190564513206482,0.8483033776283264,0.5595118999481201
YKL011C,YLR441C,0,-0.7590405,0.13188518583774567,0.8483033776283264,0.5596119165420532
YGR128C,YKL193C,0,-0.7592929,0.1318647265434265,0.8483033776283264,0.5597119331359863
YHR134W,YOR349W,0,-0.759478,0.13184426724910736,0.8483033776283264,0.5598119497299194
YGR132C,YNL178W,0,-0.7595292,0.1318238228559494,0.8483033776283264,0.5599119663238525
YDR508C,YBR072W,0,-0.7596781,0.13180337846279144,0.8483033776283264,0.5600119829177856
YBR057C,YJR060W,0,-0.7597033,0.13178294897079468,0.8483033776283264,0.5601119995117188
YLR155C,YDL017W,0,-0.75981903,0.1317625194787979,0.8483033776283264,0.5602120161056519
YML022W,YMR165C,0,-0.75998074,0.13174208998680115,0.8483033776283264,0.560312032699585
YGR229C,YPR166C,0,-0.7600099,0.13172167539596558,0.8483033776283264,0.5604121088981628
YOL094C,YNL218W,0,-0.76008475,0.1317012757062912,0.8483033776283264,0.560512125492096
YNR056C,YML091C,0,-0.76009274,0.13168086111545563,0.8483033776283264,0.560612142086029
YOR214C,YGL136C,0,-0.76052845,0.13166047632694244,0.8483033776283264,0.5607121586799622
YDL231C,YNL058C,0,-0.76085335,0.13164007663726807,0.8483033776283264,0.5608121752738953
YGL163C,YBR030W,0,-0.76088727,0.13161969184875488,0.8483033776283264,0.5609121918678284
YML123C,YGR276C,0,-0.7610625,0.1315993219614029,0.8483033776283264,0.5610122084617615
YOR143C,YLR045C,0,-0.76122713,0.1315789520740509,0.8483033776283264,0.5611122250556946
YLR452C,YOR255W,0,-0.7613822,0.1315585821866989,0.8483033776283264,0.5612122416496277
YJL123C,YBL088C,0,-0.76140404,0.13153822720050812,0.8483033776283264,0.5613122582435608
YKR055W,YOL147C,0,-0.7614064,0.13151787221431732,0.8483033776283264,0.5614122748374939
YER048C,YBR299W,0,-0.76142186,0.13149753212928772,0.8483033776283264,0.561512291431427
YDR236C,YHR058C,0,-0.7614712,0.13147719204425812,0.8483033776283264,0.5616123080253601
YHR156C,YLR244C,0,-0.761475,0.13145685195922852,0.8483033776283264,0.5617123246192932
YDR205W,YGR098C,0,-0.7615529,0.1314365267753601,0.8483033776283264,0.5618123412132263
YDL017W,YLR427W,0,-0.76160127,0.1314162015914917,0.8483033776283264,0.5619123578071594
YER120W,YFR021W,1,-0.7616396,0.13155047595500946,0.8493013978004456,0.5619123578071594
YMR114C,YMR093W,0,-0.76245,0.13153013586997986,0.8493013978004456,0.5620123744010925
YDR326C,YDR541C,0,-0.76250994,0.13150981068611145,0.8493013978004456,0.5621124505996704
YBR040W,YMR077C,0,-0.76251924,0.13148950040340424,0.8493013978004456,0.5622124671936035
YDR540C,YML012W,0,-0.76275474,0.13146917521953583,0.8493013978004456,0.5623124837875366
YGR124W,YGL211W,0,-0.762779,0.1314488798379898,0.8493013978004456,0.5624125003814697
YDR362C,YKL212W,0,-0.76278245,0.1314285695552826,0.8493013978004456,0.5625125169754028
YOR295W,YLR212C,0,-0.7628031,0.13140827417373657,0.8493013978004456,0.5626125335693359
YJL214W,YBL052C,0,-0.76315105,0.13138799369335175,0.8493013978004456,0.562712550163269
YPR043W,YOR124C,0,-0.7631739,0.13136771321296692,0.8493013978004456,0.5628125667572021
YGR171C,YOR212W,0,-0.7633934,0.1313474327325821,0.8493013978004456,0.5629125833511353
YGL135W,YHR052W,0,-0.7634249,0.13132716715335846,0.8493013978004456,0.5630125999450684
YJR083C,YHR070W,0,-0.76343894,0.13130690157413483,0.8493013978004456,0.5631126165390015
YPR137W,YOR070C,0,-0.76344264,0.1312866359949112,0.8493013978004456,0.5632126331329346
YIL085C,YNL135C,0,-0.7636349,0.13126638531684875,0.8493013978004456,0.5633126497268677
YGR148C,YAL055W,0,-0.7637309,0.1312461495399475,0.8493013978004456,0.5634126663208008
YGR203W,YFR008W,0,-0.7637386,0.13122589886188507,0.8493013978004456,0.5635126829147339
YDR231C,YOR212W,0,-0.7637487,0.13120567798614502,0.8493013978004456,0.563612699508667
YLR308W,YOR209C,0,-0.76395464,0.13118544220924377,0.8493013978004456,0.5637127161026001
YCR003W,YDR385W,0,-0.7642187,0.13116522133350372,0.8493013978004456,0.563812792301178
YMR175W,YMR004W,1,-0.7644555,0.13129912316799164,0.8502994179725647,0.563812792301178
YLR386W,YIL040W,0,-0.7654098,0.1312788873910904,0.8502994179725647,0.5639128088951111
YGL162W,YPL134C,0,-0.7657757,0.13125866651535034,0.8502994179725647,0.5640128254890442
YGR166W,YHR079C,0,-0.76601094,0.1312384456396103,0.8502994179725647,0.5641128420829773
YNL101W,YMR303C,0,-0.7661448,0.13121823966503143,0.8502994179725647,0.5642128586769104
YBL082C,YJL024C,0,-0.76620626,0.13119803369045258,0.8502994179725647,0.5643128752708435
YBL003C,YHR203C,0,-0.7663672,0.13117782771587372,0.8502994179725647,0.5644128918647766
YKR001C,YDR536W,0,-0.7669898,0.13115763664245605,0.8502994179725647,0.5645129084587097
YGR081C,YMR304W,0,-0.76712644,0.1311374455690384,0.8502994179725647,0.5646129250526428
YJL052W,YAR002C-A,0,-0.767182,0.13111726939678192,0.8502994179725647,0.5647129416465759
YDL113C,YGR241C,1,-0.76773936,0.13125096261501312,0.8512973785400391,0.5647129416465759
YOL041C,YOL060C,0,-0.7678462,0.13123077154159546,0.8512973785400391,0.564812958240509
YNR023W,YGL183C,0,-0.7679017,0.1312105804681778,0.8512973785400391,0.5649129748344421
YFL014W,YGR238C,0,-0.7680054,0.13119040429592133,0.8512973785400391,0.5650129914283752
YNL090W,YKR060W,0,-0.76863945,0.13117022812366486,0.8512973785400391,0.5651130080223083
YPL129W,YCR014C,0,-0.76893467,0.13115006685256958,0.8512973785400391,0.5652130246162415
YOR312C,YHR062C,0,-0.76921403,0.1311299055814743,0.8512973785400391,0.5653130412101746
YML123C,YPL274W,0,-0.76925975,0.13110974431037903,0.8512973785400391,0.5654130578041077
YER120W,YAR042W,1,-0.7695859,0.1312432736158371,0.8522953987121582,0.5654130578041077
YLR388W,YCL011C,0,-0.7695888,0.13122311234474182,0.8522953987121582,0.5655130743980408
YAR050W,YOR069W,0,-0.76959884,0.13120295107364655,0.8522953987121582,0.5656131505966187
YDR309C,YHR161C,1,-0.7696432,0.13133640587329865,0.8532934188842773,0.5656131505966187
YLL052C,YIR033W,0,-0.7696979,0.13131622970104218,0.8532934188842773,0.5657131671905518
YIR015W,YPL162C,0,-0.7699077,0.1312960684299469,0.8532934188842773,0.5658131837844849
YGR183C,YLL051C,0,-0.77079886,0.13127590715885162,0.8532934188842773,0.565913200378418
YEL036C,YKR026C,0,-0.7709088,0.13125576078891754,0.8532934188842773,0.5660132169723511
YER137C,YER011W,0,-0.77093244,0.13123561441898346,0.8532934188842773,0.5661132335662842
YML072C,YLL042C,0,-0.77182686,0.13121546804904938,0.8532934188842773,0.5662132501602173
YOR205C,YPL086C,0,-0.7719132,0.1311953365802765,0.8532934188842773,0.5663132667541504
YHR026W,YOL026C,0,-0.7719166,0.1311752051115036,0.8532934188842773,0.5664132833480835
YCL025C,YKL018W,0,-0.7719455,0.1311550885438919,0.8532934188842773,0.5665132999420166
YBR115C,YGL213C,0,-0.7722598,0.1311349719762802,0.8532934188842773,0.5666133165359497
YKL101W,YIR014W,0,-0.772293,0.13111485540866852,0.8532934188842773,0.5667133331298828
YDR170C,YGL245W,0,-0.7724149,0.13109475374221802,0.8532934188842773,0.5668133497238159
YCR039C,YPL204W,0,-0.77257943,0.13107465207576752,0.8532934188842773,0.566913366317749
YGR223C,YOR237W,1,-0.77269083,0.13120785355567932,0.8542914390563965,0.566913366317749
YDR446W,YLR187W,0,-0.7727895,0.13118773698806763,0.8542914390563965,0.5670133829116821
YBR123C,YBR009C,0,-0.77291185,0.13116763532161713,0.8542914390563965,0.5671133995056152
YBR088C,YOL108C,0,-0.7735193,0.13114753365516663,0.8542914390563965,0.5672134160995483
YBR182C,YLR141W,0,-0.773741,0.13112744688987732,0.8542914390563965,0.5673134922981262
YJR051W,YDL014W,0,-0.77389324,0.131107360124588,0.8542914390563965,0.5674135088920593
YML128C,YJR127C,0,-0.7741966,0.1310872882604599,0.8542914390563965,0.5675135254859924
YNL047C,YHR105W,1,-0.7742866,0.13122034072875977,0.8552893996238708,0.5675135254859924
YGL180W,YOR092W,0,-0.7743885,0.13120023906230927,0.8552893996238708,0.5676135420799255
YLR013W,YDR222W,0,-0.77438927,0.13118016719818115,0.8552893996238708,0.5677135586738586
YJR047C,YPL266W,0,-0.77448094,0.13116008043289185,0.8552893996238708,0.5678135752677917
YGR271C-A,YDR446W,0,-0.774507,0.13114000856876373,0.8552893996238708,0.5679135918617249
YOL104C,YPL118W,0,-0.775451,0.13111995160579681,0.8552893996238708,0.568013608455658
YKL139W,YFL031W,0,-0.7755609,0.1310998946428299,0.8552893996238708,0.5681136250495911
YIL134W,YGR171C,0,-0.7756882,0.13107983767986298,0.8552893996238708,0.5682136416435242
YLR226W,YKL170W,0,-0.7760984,0.13105979561805725,0.8552893996238708,0.5683136582374573
YGL212W,YDR311W,0,-0.77622384,0.13103975355625153,0.8552893996238708,0.5684136748313904
YGR035C,YJR013W,0,-0.77638674,0.131019726395607,0.8552893996238708,0.5685136914253235
YPL217C,YLR183C,0,-0.7765349,0.13099969923496246,0.8552893996238708,0.5686137080192566
YKL095W,YMR276W,0,-0.77659285,0.13097967207431793,0.8552893996238708,0.5687137246131897
YGL223C,YLR186W,0,-0.7766527,0.1309596598148346,0.8552893996238708,0.5688137412071228
YNL087W,YHR001W,1,-0.77668446,0.13109244406223297,0.85628741979599,0.5688137412071228
YPL083C,YBR156C,0,-0.77697843,0.13107241690158844,0.85628741979599,0.5689137578010559
YBR222C,YHL009C,0,-0.7773121,0.1310523897409439,0.85628741979599,0.569013774394989
YBR167C,YJR014W,0,-0.7779056,0.13103237748146057,0.85628741979599,0.5691138505935669
YHR141C,YBL026W,0,-0.7779422,0.13101236522197723,0.85628741979599,0.5692138671875
YHR117W,YLL041C,0,-0.7780676,0.1309923678636551,0.85628741979599,0.5693138837814331
YBR098W,YPR033C,0,-0.778082,0.13097237050533295,0.85628741979599,0.5694139003753662
YNL257C,YJR095W,0,-0.77815115,0.130952388048172,0.85628741979599,0.5695139169692993
YML019W,YKL096W,0,-0.7782042,0.13093239068984985,0.85628741979599,0.5696139335632324
YLL042C,YDR449C,0,-0.7782441,0.1309124231338501,0.85628741979599,0.5697139501571655
YOR229W,YNL148C,0,-0.7783314,0.13089245557785034,0.85628741979599,0.5698139667510986
YMR175W,YOR086C,1,-0.77841246,0.1310250163078308,0.8572854399681091,0.5698139667510986
YJR099W,YNR049C,0,-0.77845263,0.13100503385066986,0.8572854399681091,0.5699139833450317
YJL219W,YJL006C,0,-0.7786137,0.1309850513935089,0.8572854399681091,0.5700139999389648
YGR203W,YIL126W,0,-0.7788365,0.13096508383750916,0.8572854399681091,0.570114016532898
YGR225W,YBR115C,0,-0.77886784,0.1309451162815094,0.8572854399681091,0.570214033126831
YCL057C-A,YPR082C,0,-0.77894056,0.13092516362667084,0.8572854399681091,0.5703140497207642
YGR062C,YHL024W,0,-0.7789665,0.13090521097183228,0.8572854399681091,0.5704140663146973
YLR295C,YFL029C,0,-0.7790742,0.1308852732181549,0.8572854399681091,0.5705140829086304
YKL010C,YER011W,0,-0.77918243,0.13086532056331635,0.8572854399681091,0.5706140995025635
YDL008W,YJL204C,0,-0.7792059,0.13084539771080017,0.8572854399681091,0.5707141160964966
YBR022W,YDL082W,0,-0.779289,0.1308254599571228,0.8572854399681091,0.5708141922950745
YGR081C,YER086W,0,-0.77936655,0.13080553710460663,0.8572854399681091,0.5709142088890076
YDL194W,YNL072W,0,-0.77978,0.13078562915325165,0.8572854399681091,0.5710142254829407
YDR060W,YMR292W,0,-0.779886,0.13076572120189667,0.8572854399681091,0.5711142420768738
YGR206W,YOR384W,0,-0.7799514,0.1307458132505417,0.8572854399681091,0.5712142586708069
YPL048W,YDL113C,1,-0.7800933,0.13087810575962067,0.8582834601402283,0.5712142586708069
YER120W,YDL061C,0,-0.7805998,0.1308581829071045,0.8582834601402283,0.57131427526474
YDR147W,YAL043C,0,-0.7806082,0.1308382749557495,0.8582834601402283,0.5714142918586731
YGL122C,YOL086C,0,-0.78061515,0.13081838190555573,0.8582834601402283,0.5715143084526062
YIL004C,YDR208W,0,-0.78074396,0.13079847395420074,0.8582834601402283,0.5716143250465393
YEL022W,YDL202W,0,-0.78083247,0.13077859580516815,0.8582834601402283,0.5717143416404724
YLR266C,YOR147W,0,-0.7808354,0.13075870275497437,0.8582834601402283,0.5718143582344055
YNR067C,YDR093W,0,-0.7809562,0.13073882460594177,0.8582834601402283,0.5719143748283386
YEL050C,YDR342C,0,-0.78102165,0.13071896135807037,0.8582834601402283,0.5720143914222717
YCR008W,YNL077W,0,-0.7811339,0.13069908320903778,0.8582834601402283,0.5721144080162048
YJL042W,YNL292W,0,-0.78132844,0.13067923486232758,0.8582834601402283,0.5722144246101379
YDR299W,YNL046W,0,-0.78134084,0.13065937161445618,0.8582834601402283,0.572314441204071
YOL067C,YLL010C,0,-0.7813759,0.13063952326774597,0.8582834601402283,0.5724144577980042
YIL073C,YHR124W,0,-0.78161156,0.13061968982219696,0.8582834601402283,0.5725144743919373
YOL102C,YGL187C,0,-0.78196424,0.13059984147548676,0.8582834601402283,0.5726145505905151
YLR348C,YMR221C,0,-0.7824247,0.13058002293109894,0.8582834601402283,0.5727145671844482
YDR170C,YLR421C,0,-0.7825873,0.13056018948554993,0.8582834601402283,0.5728145837783813
YPR025C,YFR018C,0,-0.78269833,0.1305403709411621,0.8582834601402283,0.5729146003723145
YPL148C,YJR051W,0,-0.7827672,0.13052056729793549,0.8582834601402283,0.5730146169662476
YNL075W,YLR330W,0,-0.78328115,0.13050076365470886,0.8582834601402283,0.5731146335601807
YCL069W,YOR362C,0,-0.78341997,0.13048096001148224,0.8582834601402283,0.5732146501541138
YOR222W,YLL003W,0,-0.7838144,0.1304611712694168,0.8582834601402283,0.5733146667480469
YMR032W,YOL137W,0,-0.78384787,0.13044138252735138,0.8582834601402283,0.57341468334198
YPR021C,YBR092C,0,-0.7841386,0.13042159378528595,0.8582834601402283,0.5735146999359131
YJL139C,YNR075W,0,-0.7842948,0.1304018199443817,0.8582834601402283,0.5736147165298462
YFL037W,YGL236C,0,-0.78452814,0.13038204610347748,0.8582834601402283,0.5737147331237793
YMR172W,YFL057C,0,-0.784567,0.13036228716373444,0.8582834601402283,0.5738147497177124
YJL172W,YBR077C,0,-0.7846148,0.1303425282239914,0.8582834601402283,0.5739147663116455
YMR314W,YJR077C,0,-0.7847005,0.13032276928424835,0.8582834601402283,0.5740147829055786
YLR453C,YKL073W,0,-0.7848753,0.1303030252456665,0.8582834601402283,0.5741147994995117
YLR237W,YHL001W,0,-0.78499484,0.13028329610824585,0.8582834601402283,0.5742148160934448
YJR059W,YPR112C,0,-0.78529686,0.130263552069664,0.8582834601402283,0.5743148922920227
YOR069W,YBL085W,1,-0.7854583,0.13039527833461761,0.8592814207077026,0.5743148922920227
YEL030W,YDR440W,0,-0.78549117,0.13037553429603577,0.8592814207077026,0.5744149088859558
YOR037W,YDL232W,0,-0.785782,0.13035579025745392,0.8592814207077026,0.5745149254798889
YGL185C,YDR501W,0,-0.7857842,0.13033606112003326,0.8592814207077026,0.574614942073822
YGR152C,YCL040W,0,-0.78587943,0.1303163319826126,0.8592814207077026,0.5747149586677551
YJL129C,YLR467W,0,-0.7864245,0.13029660284519196,0.8592814207077026,0.5748149752616882
YGR218W,YKL120W,0,-0.786647,0.1302768886089325,0.8592814207077026,0.5749149918556213
YEL036C,YLR268W,0,-0.786656,0.13025718927383423,0.8592814207077026,0.5750150084495544
YHR099W,YPL068C,0,-0.7870477,0.13023748993873596,0.8592814207077026,0.5751150250434875
YKL095W,YGR177C,0,-0.78710246,0.1302177906036377,0.8592814207077026,0.5752150416374207
YBR291C,YDR296W,0,-0.7874371,0.13019809126853943,0.8592814207077026,0.5753150582313538
YNL281W,YJL079C,0,-0.7879626,0.13017840683460236,0.8592814207077026,0.5754150748252869
YDL144C,YOL147C,0,-0.78806305,0.13015873730182648,0.8592814207077026,0.57551509141922
YGR240C,YFL055W,0,-0.78820175,0.1301390528678894,0.8592814207077026,0.5756151080131531
YOR044W,YCL052C,0,-0.7891424,0.13011938333511353,0.8592814207077026,0.5757151246070862
YMR189W,YBR275C,0,-0.7892047,0.13009972870349884,0.8592814207077026,0.5758151412010193
YPL050C,YIL115C,0,-0.7893781,0.13008007407188416,0.8592814207077026,0.5759151577949524
YGR061C,YGL222C,0,-0.7895725,0.13006041944026947,0.8592814207077026,0.5760151743888855
YFL055W,YLR378C,0,-0.7896916,0.13004077970981598,0.8592814207077026,0.5761152505874634
YIR008C,YDL153C,0,-0.7897099,0.1300211399793625,0.8592814207077026,0.5762152671813965
YKR078W,YAR042W,1,-0.78988695,0.13015249371528625,0.8602794408798218,0.5762152671813965
YHR070W,YBR022W,0,-0.790199,0.13013285398483276,0.8602794408798218,0.5763152837753296
YPL276W,YKL038W,0,-0.7902707,0.13011321425437927,0.8602794408798218,0.5764153003692627
YDR167W,YOR025W,0,-0.7909016,0.13009357452392578,0.8602794408798218,0.5765153169631958
YOL071W,YNL239W,0,-0.7909034,0.1300739347934723,0.8602794408798218,0.5766153335571289
YHL022C,YKL190W,0,-0.7909331,0.13005430996418,0.8602794408798218,0.576715350151062
YLR089C,YJR063W,0,-0.79096353,0.1300347000360489,0.8602794408798218,0.5768153667449951
YBR198C,YMR266W,0,-0.7910542,0.13001509010791779,0.8602794408798218,0.5769153833389282
YDR163W,YBR210W,0,-0.79107445,0.12999548017978668,0.8602794408798218,0.5770153999328613
YOR224C,YKR006C,0,-0.79121995,0.12997587025165558,0.8602794408798218,0.5771154165267944
YHR045W,YLR325C,0,-0.79140735,0.12995627522468567,0.8602794408798218,0.5772154331207275
YDR128W,YJR158W,0,-0.79181176,0.12993669509887695,0.8602794408798218,0.5773154497146606
YHR156C,YGR090W,0,-0.7921823,0.12991710007190704,0.8602794408798218,0.5774154663085938
YOR124C,YJL158C,0,-0.79219997,0.12989753484725952,0.8602794408798218,0.5775154829025269
YBL021C,YPR149W,0,-0.7922596,0.1298779547214508,0.8602794408798218,0.57761549949646
YGL166W,YAL033W,0,-0.7924119,0.12985838949680328,0.8602794408798218,0.5777155160903931
YML130C,YOR292C,0,-0.79259837,0.12983882427215576,0.8602794408798218,0.577815592288971
YDR425W,YNL087W,1,-0.7927691,0.12996987998485565,0.8612774610519409,0.577815592288971
YNR004W,YLR329W,0,-0.7931719,0.12995031476020813,0.8612774610519409,0.577915608882904
YDR508C,YPL101W,0,-0.7932186,0.1299307495355606,0.8612774610519409,0.5780156254768372
YEL043W,YDR527W,0,-0.793392,0.12991118431091309,0.8612774610519409,0.5781156420707703
YGR095C,YBL102W,0,-0.79382366,0.12989163398742676,0.8612774610519409,0.5782156586647034
YOR215C,YLR394W,0,-0.7938499,0.12987208366394043,0.8612774610519409,0.5783156752586365
YBR030W,YIL111W,0,-0.7940855,0.1298525482416153,0.8612774610519409,0.5784156918525696
YMR235C,YBR132C,0,-0.79429895,0.12983301281929016,0.8612774610519409,0.5785157084465027
YPL183W-A,YGR258C,0,-0.7943076,0.12981347739696503,0.8612774610519409,0.5786157250404358
YOR133W,YAL060W,0,-0.79450095,0.1297939568758011,0.8612774610519409,0.5787157416343689
YGR198W,YGR052W,0,-0.79484993,0.12977443635463715,0.8612774610519409,0.578815758228302
YNR006W,YGL212W,1,-0.79486036,0.12990528345108032,0.8622754216194153,0.578815758228302
YPL270W,YBL100W-A,0,-0.7948648,0.1298857480287552,0.8622754216194153,0.5789157748222351
YJR083C,YHR021C,0,-0.7948776,0.12986622750759125,0.8622754216194153,0.5790157914161682
YNL071W,YPL100W,1,-0.7955258,0.12999700009822845,0.8632734417915344,0.5790157914161682
YOR222W,YDR144C,0,-0.7955651,0.12997746467590332,0.8632734417915344,0.5791158080101013
YGL122C,YOR304C-A,0,-0.79567015,0.12995792925357819,0.8632734417915344,0.5792158246040344
YKL203C,YBR227C,0,-0.7957723,0.12993840873241425,0.8632734417915344,0.5793158411979675
YML110C,YNL186W,0,-0.7959528,0.1299188882112503,0.8632734417915344,0.5794158577919006
YPL187W,YNL178W,0,-0.7960311,0.12989938259124756,0.8632734417915344,0.5795158743858337
YER183C,YML008C,0,-0.7962785,0.1298798769712448,0.8632734417915344,0.5796159505844116
YPR164W,YCL043C,0,-0.7963064,0.12986038625240326,0.8632734417915344,0.5797159671783447
YBR223C,YOR324C,0,-0.79645956,0.1298408955335617,0.8632734417915344,0.5798159837722778
YDL084W,YLL003W,0,-0.79688257,0.12982140481472015,0.8632734417915344,0.5799160003662109
YMR287C,YCL008C,0,-0.7968929,0.1298019140958786,0.8632734417915344,0.580016016960144
YEL041W,YGR084C,0,-0.79711765,0.12978243827819824,0.8632734417915344,0.5801160335540771
YPL083C,YBR061C,0,-0.797418,0.12976297736167908,0.8632734417915344,0.5802160501480103
YBR132C,YER048W-A,0,-0.7974295,0.1297435164451599,0.8632734417915344,0.5803160667419434
YGR156W,YDR147W,0,-0.7975249,0.12972405552864075,0.8632734417915344,0.5804160833358765
YHR203C,YJR129C,0,-0.79762435,0.12970460951328278,0.8632734417915344,0.5805160999298096
YPR005C,YOR378W,0,-0.7977096,0.1296851634979248,0.8632734417915344,0.5806161165237427
YDL212W,YGL169W,0,-0.7979051,0.12966571748256683,0.8632734417915344,0.5807161331176758
YDR363W-A,YDL004W,0,-0.79805696,0.12964628636837006,0.8632734417915344,0.5808161497116089
YLL017W,YFL047W,0,-0.7980574,0.12962685525417328,0.8632734417915344,0.580916166305542
YNL213C,YJL117W,0,-0.79901195,0.1296074390411377,0.8632734417915344,0.5810161828994751
YHR156C,YOR084W,0,-0.79903924,0.12958800792694092,0.8632734417915344,0.5811161994934082
YGL227W,YMR269W,0,-0.799386,0.12956860661506653,0.8632734417915344,0.5812162160873413
YHR031C,YNL189W,0,-0.79948854,0.12954920530319214,0.8632734417915344,0.5813162922859192
YCR033W,YGL124C,0,-0.8001922,0.12952980399131775,0.8632734417915344,0.5814163088798523
YPL167C,YLR208W,0,-0.80026865,0.12951040267944336,0.8632734417915344,0.5815163254737854
YNL329C,YPL037C,0,-0.8002968,0.12949101626873016,0.8632734417915344,0.5816163420677185
YDL136W,YCL034W,0,-0.80043447,0.12947162985801697,0.8632734417915344,0.5817163586616516
YDR197W,YNL309W,0,-0.8004409,0.12945225834846497,0.8632734417915344,0.5818163752555847
YJL143W,YOR208W,0,-0.8004464,0.12943288683891296,0.8632734417915344,0.5819163918495178
YDR424C,YIL162W,0,-0.8008874,0.12941353023052216,0.8632734417915344,0.5820164084434509
YCL043C,YDR155C,0,-0.8011246,0.12939415872097015,0.8632734417915344,0.582116425037384
YNL110C,YBR092C,0,-0.80115336,0.12937481701374054,0.8632734417915344,0.5822164416313171
YDL005C,YLR383W,0,-0.8013754,0.12935546040534973,0.8632734417915344,0.5823164582252502
YOR290C,YPL252C,0,-0.80168575,0.12933611869812012,0.8632734417915344,0.5824164748191833
YNR073C,YCL047C,0,-0.80169743,0.1293167918920517,0.8632734417915344,0.5825164914131165
YLR110C,YCR081W,0,-0.8017359,0.12929746508598328,0.8632734417915344,0.5826165080070496
YIL132C,YBR230C,0,-0.80181485,0.12927813827991486,0.8632734417915344,0.5827165246009827
YJR078W,YPR181C,0,-0.80191505,0.12925881147384644,0.8632734417915344,0.5828165411949158
YPR065W,YGR091W,0,-0.80201757,0.1292394995689392,0.8632734417915344,0.5829165577888489
YHR023W,YJR005W,0,-0.80206853,0.12922020256519318,0.8632734417915344,0.583016574382782
YOL102C,YAR007C,0,-0.8020991,0.12920089066028595,0.8632734417915344,0.5831166505813599
YOR243C,YOR066W,0,-0.80238855,0.12918159365653992,0.8632734417915344,0.583216667175293
YPL031C,YIL099W,0,-0.8025493,0.12916231155395508,0.8632734417915344,0.5833166837692261
YHR161C,YGL212W,1,-0.80264986,0.1292923241853714,0.8642714619636536,0.5833166837692261
YJR133W,YIL103W,0,-0.8030084,0.12927302718162537,0.8642714619636536,0.5834167003631592
YCR003W,YJL143W,0,-0.8031095,0.12925373017787933,0.8642714619636536,0.5835167169570923
YEL012W,YNL148C,0,-0.80318916,0.1292344480752945,0.8642714619636536,0.5836167335510254
YDR518W,YPR201W,0,-0.8033591,0.12921516597270966,0.8642714619636536,0.5837167501449585
YKR078W,YER114C,1,-0.8039409,0.12934507429599762,0.8652694821357727,0.5837167501449585
YGL145W,YKL148C,0,-0.80437,0.1293257772922516,0.8652694821357727,0.5838167667388916
YDR177W,YDR446W,0,-0.8044847,0.12930648028850555,0.8652694821357727,0.5839167833328247
YER013W,YLL017W,0,-0.8045206,0.12928719818592072,0.8652694821357727,0.5840167999267578
YLR372W,YLR035C,0,-0.8046725,0.12926793098449707,0.8652694821357727,0.5841168165206909
YJL079C,YLL033W,0,-0.8047818,0.12924866378307343,0.8652694821357727,0.584216833114624
YGR264C,YFL039C,0,-0.80559385,0.12922939658164978,0.8652694821357727,0.5843168497085571
YKL091C,YAR071W,0,-0.8056346,0.12921012938022614,0.8652694821357727,0.5844168663024902
YKR042W,YJR077C,0,-0.80569303,0.12919087707996368,0.8652694821357727,0.5845168828964233
YBR132C,YOL113W,0,-0.80571747,0.12917163968086243,0.8652694821357727,0.5846168994903564
YDR447C,YPR072W,0,-0.80589014,0.12915238738059998,0.8652694821357727,0.5847169160842896
YNL301C,YPL275W,0,-0.8060384,0.12913314998149872,0.8652694821357727,0.5848169922828674
YOR208W,YAL031C,0,-0.80633724,0.12911392748355865,0.8652694821357727,0.5849170088768005
YFR031C,YOL041C,0,-0.80646616,0.1290947049856186,0.8652694821357727,0.5850170254707336
YDL033C,YBR058C-A,0,-0.8064949,0.12907548248767853,0.8652694821357727,0.5851170420646667
YHR214C-B,YHR211W,0,-0.8066243,0.12905625998973846,0.8652694821357727,0.5852170586585999
YLL042C,YBR042C,0,-0.8068746,0.1290370523929596,0.8652694821357727,0.585317075252533
YGL054C,YFR036W,0,-0.8069202,0.12901785969734192,0.8652694821357727,0.5854170918464661
YMR019W,YOL045W,0,-0.80712724,0.12899866700172424,0.8652694821357727,0.5855171084403992
YLR467W,YHR119W,0,-0.8071764,0.12897947430610657,0.8652694821357727,0.5856171250343323
YOR214C,YJR040W,0,-0.80718416,0.1289602816104889,0.8652694821357727,0.5857171416282654
YKL139W,YDR285W,0,-0.8071847,0.1289411038160324,0.8652694821357727,0.5858171582221985
YOR298C-A,YGR252W,0,-0.80728245,0.12892192602157593,0.8652694821357727,0.5859171748161316
YNL229C,YPR167C,0,-0.8073063,0.12890276312828064,0.8652694821357727,0.5860171914100647
YDR389W,YPL273W,0,-0.80735946,0.12888360023498535,0.8652694821357727,0.5861172080039978
YCR054C,YOL155C,0,-0.8074884,0.12886445224285126,0.8652694821357727,0.5862172245979309
YPR070W,YEL071W,0,-0.80765146,0.12884528934955597,0.8652694821357727,0.586317241191864
YJR104C,YFL004W,0,-0.8080158,0.12882615625858307,0.8652694821357727,0.5864172577857971
YKR057W,YGL256W,0,-0.80807173,0.12880700826644897,0.8652694821357727,0.5865172743797302
YJL177W,YPR198W,0,-0.8080955,0.12878787517547607,0.8652694821357727,0.5866173505783081
YDR472W,YNL270C,0,-0.8082385,0.12876875698566437,0.8652694821357727,0.5867173671722412
YNL331C,YLR040C,0,-0.80847704,0.12874962389469147,0.8652694821357727,0.5868173837661743
YKL100C,YGR220C,0,-0.8085668,0.12873050570487976,0.8652694821357727,0.5869174003601074
YDL008W,YBR196C,0,-0.80874074,0.12871140241622925,0.8652694821357727,0.5870174169540405
YGR234W,YCR081W,0,-0.8091493,0.12869229912757874,0.8652694821357727,0.5871174335479736
YDR030C,YNL163C,0,-0.8092071,0.12867319583892822,0.8652694821357727,0.5872174501419067
YFR041C,YKL167C,0,-0.8092389,0.1286541074514389,0.8652694821357727,0.5873174667358398
YJL030W,YPR166C,0,-0.8092726,0.12863501906394958,0.8652694821357727,0.587417483329773
YJR083C,YNL119W,0,-0.80939335,0.12861593067646027,0.8652694821357727,0.587517499923706
YDL168W,YPR119W,0,-0.8094859,0.12859685719013214,0.8652694821357727,0.5876175165176392
YGR218W,YLR197W,0,-0.80970126,0.12857778370380402,0.8652694821357727,0.5877175331115723
YBR019C,YGR275W,0,-0.8100095,0.12855872511863708,0.8652694821357727,0.5878175497055054
YJL114W,YBL026W,0,-0.8100704,0.12853965163230896,0.8652694821357727,0.5879175662994385
YMR092C,YMR290C,0,-0.81023234,0.12852060794830322,0.8652694821357727,0.5880175828933716
YMR146C,YJR010W,0,-0.8102697,0.1285015493631363,0.8652694821357727,0.5881175994873047
YFL057C,YOR303W,0,-0.810645,0.12848252058029175,0.8652694821357727,0.5882176160812378
YHR026W,YNL001W,0,-0.81108755,0.128463476896286,0.8652694821357727,0.5883176922798157
YFL034C-A,YHR191C,0,-0.81133276,0.12844444811344147,0.8652694821357727,0.5884177088737488
YPR133W-A,YEL016C,0,-0.8114423,0.12842541933059692,0.8652694821357727,0.5885177254676819
YCL074W,YMR150C,0,-0.8116767,0.12840640544891357,0.8652694821357727,0.588617742061615
YMR106C,YLR029C,0,-0.81169295,0.12838737666606903,0.8652694821357727,0.5887177586555481
YJL114W,YHR132C,0,-0.81172264,0.12836837768554688,0.8652694821357727,0.5888177752494812
YPL131W,YGR072W,0,-0.81178105,0.12834936380386353,0.8652694821357727,0.5889177918434143
YHL036W,YPL103C,0,-0.81213427,0.12833037972450256,0.8652694821357727,0.5890178084373474
YGL249W,YHR143W,0,-0.81213826,0.1283113807439804,0.8652694821357727,0.5891178250312805
YLR364W,YLL045C,0,-0.81223994,0.12829239666461945,0.8652694821357727,0.5892178416252136
YDL178W,YFL045C,0,-0.812273,0.12827341258525848,0.8652694821357727,0.5893178582191467
YGR105W,YJL095W,0,-0.81243443,0.12825444340705872,0.8652694821357727,0.5894178748130798
YDR501W,YNR060W,0,-0.8124758,0.12823547422885895,0.8652694821357727,0.5895178914070129
YGL023C,YBL105C,1,-0.8131052,0.12836438417434692,0.8662674427032471,0.5895178914070129
YLR228C,YHR136C,0,-0.8133323,0.12834541499614716,0.8662674427032471,0.589617908000946
YNR047W,YJL097W,0,-0.81364655,0.1283264309167862,0.8662674427032471,0.5897179245948792
YML071C,YHL012W,0,-0.81382704,0.12830746173858643,0.8662674427032471,0.5898179411888123
YPR189W,YDR460W,0,-0.81403166,0.12828850746154785,0.8662674427032471,0.5899179577827454
YPL086C,YMR070W,0,-0.81430686,0.12826953828334808,0.8662674427032471,0.5900179743766785
YOR287C,YLR229C,0,-0.81451523,0.1282505840063095,0.8662674427032471,0.5901180505752563
YDL110C,YOR017W,0,-0.8145968,0.12823164463043213,0.8662674427032471,0.5902180671691895
YDR309C,YKR078W,1,-0.81472266,0.12836042046546936,0.8672654628753662,0.5902180671691895
YLR070C,YCR083W,0,-0.8147606,0.1283414512872696,0.8672654628753662,0.5903180837631226
YLR452C,YHR134W,0,-0.8148095,0.12832249701023102,0.8672654628753662,0.5904181003570557
YBL082C,YIL103W,0,-0.8152944,0.12830355763435364,0.8672654628753662,0.5905181169509888
YCL020W,YLR163C,0,-0.8158023,0.12828461825847626,0.8672654628753662,0.5906181335449219
YPL032C,YNL222W,0,-0.815867,0.12826567888259888,0.8672654628753662,0.590718150138855
YNL014W,YOR073W,0,-0.81613797,0.1282467544078827,0.8672654628753662,0.5908181667327881
YBR196C,YLR229C,0,-0.816151,0.1282278299331665,0.8672654628753662,0.5909181833267212
YHR196W,YBR077C,0,-0.81635094,0.12820890545845032,0.8672654628753662,0.5910181999206543
YPR191W,YOR306C,0,-0.816633,0.12818999588489532,0.8672654628753662,0.5911182165145874
YOR347C,YDR099W,0,-0.8167354,0.12817108631134033,0.8672654628753662,0.5912182331085205
YLR364W,YDR332W,0,-0.81683815,0.12815219163894653,0.8672654628753662,0.5913182497024536
YHR062C,YGL135W,0,-0.81692505,0.12813329696655273,0.8672654628753662,0.5914182662963867
YNL331C,YHL013C,0,-0.81700075,0.12811440229415894,0.8672654628753662,0.5915182828903198
YLR139C,YAR071W,0,-0.81702423,0.12809552252292633,0.8672654628753662,0.5916182994842529
YKR068C,YBR142W,0,-0.81703603,0.12807664275169373,0.8672654628753662,0.591718316078186
YGR061C,YDR173C,0,-0.817229,0.12805776298046112,0.8672654628753662,0.5918183922767639
YOR356W,YDR138W,0,-0.81738967,0.1280388981103897,0.8672654628753662,0.591918408870697
YNR045W,YOR070C,0,-0.8174696,0.1280200332403183,0.8672654628753662,0.5920184254646301
YBR185C,YPL128C,0,-0.8176541,0.12800118327140808,0.8672654628753662,0.5921184420585632
YOL071W,YPR163C,0,-0.8186361,0.12798233330249786,0.8672654628753662,0.5922184586524963
YBL091C-A,YDR379W,0,-0.81869054,0.12796348333358765,0.8672654628753662,0.5923184752464294
YMR079W,YPL230W,0,-0.8187299,0.12794463336467743,0.8672654628753662,0.5924184918403625
YMR172W,YGR221C,0,-0.81874293,0.1279258131980896,0.8672654628753662,0.5925185084342957
YCR046C,YMR159C,0,-0.81881547,0.12790697813034058,0.8672654628753662,0.5926185250282288
YLR103C,YEL053C,0,-0.8188385,0.12788815796375275,0.8672654628753662,0.5927185416221619
YDL208W,YPL106C,0,-0.81886125,0.12786933779716492,0.8672654628753662,0.592818558216095
YHR069C,YHR206W,0,-0.81918,0.1278505176305771,0.8672654628753662,0.5929185748100281
YDR507C,YLL011W,0,-0.8192505,0.12783171236515045,0.8672654628753662,0.5930185914039612
YHR143W,YML085C,0,-0.819324,0.12781290709972382,0.8672654628753662,0.5931186079978943
YLR164W,YDR194C,0,-0.8193323,0.12779411673545837,0.8672654628753662,0.5932186245918274
YOR308C,YDR461W,0,-0.81952333,0.12777532637119293,0.8672654628753662,0.5933186411857605
YPR118W,YNL152W,0,-0.8195287,0.1277565360069275,0.8672654628753662,0.5934186577796936
YOR064C,YOR301W,0,-0.8197368,0.12773776054382324,0.8672654628753662,0.5935186743736267
YGR012W,YDR123C,0,-0.81991166,0.127718985080719,0.8672654628753662,0.5936187505722046
YJR110W,YDR218C,0,-0.82062227,0.12770022451877594,0.8672654628753662,0.5937187671661377
YML131W,YIR036C,0,-0.82065356,0.12768146395683289,0.8672654628753662,0.5938187837600708
YMR308C,YER087W,0,-0.8209877,0.12766270339488983,0.8672654628753662,0.5939188003540039
YDR037W,YOR290C,0,-0.82107234,0.12764394283294678,0.8672654628753662,0.594018816947937
YLR327C,YOR131C,0,-0.8212131,0.12762519717216492,0.8672654628753662,0.5941188335418701
YDL108W,YIL066C,0,-0.8214248,0.12760646641254425,0.8672654628753662,0.5942188501358032
YOL068C,YIL095W,0,-0.8214379,0.1275877207517624,0.8672654628753662,0.5943188667297363
YNL262W,YNR004W,0,-0.82188916,0.12756898999214172,0.8672654628753662,0.5944188833236694
YOL156W,YKL073W,0,-0.822047,0.12755027413368225,0.8672654628753662,0.5945188999176025
YOR003W,YMR184W,0,-0.82216465,0.12753155827522278,0.8672654628753662,0.5946189165115356
YOR167C,YDR055W,0,-0.8225133,0.1275128424167633,0.8672654628753662,0.5947189331054688
YGR026W,YKL109W,0,-0.8225333,0.12749412655830383,0.8672654628753662,0.5948189496994019
YDR310C,YKL056C,0,-0.822539,0.12747542560100555,0.8672654628753662,0.594918966293335
YDR402C,YGR257C,0,-0.8227813,0.12745673954486847,0.8672654628753662,0.5950189828872681
YDR043C,YML040W,0,-0.82313496,0.1274380385875702,0.8672654628753662,0.5951189994812012
YHR209W,YJL104W,0,-0.8233247,0.1274193525314331,0.8672654628753662,0.5952190160751343
YPL194W,YPR049C,0,-0.8234832,0.12740068137645721,0.8672654628753662,0.5953190922737122
YMR034C,YIL076W,0,-0.82397056,0.12738199532032013,0.8672654628753662,0.5954191088676453
YHR134W,YBL102W,0,-0.82413155,0.12736332416534424,0.8672654628753662,0.5955191254615784
YLR077W,YLR394W,0,-0.82416195,0.12734466791152954,0.8672654628753662,0.5956191420555115
YDR495C,YOR303W,0,-0.8244774,0.12732601165771484,0.8672654628753662,0.5957191586494446
YDR172W,YPL060W,0,-0.82449317,0.12730735540390015,0.8672654628753662,0.5958191752433777
YJR043C,YHR032W,0,-0.8245387,0.12728871405124664,0.8672654628753662,0.5959191918373108
YLR395C,YDR506C,0,-0.8245493,0.12727005779743195,0.8672654628753662,0.5960192084312439
YLR178C,YML072C,1,-0.8247694,0.12739786505699158,0.8682634830474854,0.5960192084312439
YDR077W,YKL167C,0,-0.8251426,0.12737920880317688,0.8682634830474854,0.596119225025177
YMR221C,YHL009C,0,-0.825467,0.12736056745052338,0.8682634830474854,0.5962192416191101
YDR285W,YGR156W,0,-0.825703,0.12734192609786987,0.8682634830474854,0.5963192582130432
YNL124W,YGL013C,0,-0.826023,0.12732328474521637,0.8682634830474854,0.5964192748069763
YBR136W,YDR191W,0,-0.8263685,0.12730465829372406,0.8682634830474854,0.5965192914009094
YJL005W,YOR375C,0,-0.82654685,0.12728603184223175,0.8682634830474854,0.5966193079948425
YOL028C,YBR056W,0,-0.82674956,0.12726740539073944,0.8682634830474854,0.5967193245887756
YDR322C-A,YHR105W,0,-0.82731056,0.12724879384040833,0.8682634830474854,0.5968193411827087
YPL228W,YLR226W,0,-0.82736707,0.1272301822900772,0.8682634830474854,0.5969193577766418
YMR054W,YAR002C-A,0,-0.82747257,0.1272115856409073,0.8682634830474854,0.597019374370575
YGL068W,YDR090C,0,-0.8276199,0.12719298899173737,0.8682634830474854,0.5971194505691528
YJR135W-A,YML042W,0,-0.82772064,0.12717439234256744,0.8682634830474854,0.5972194671630859
YMR106C,YJR005W,0,-0.8282598,0.12715579569339752,0.8682634830474854,0.597319483757019
YGR047C,YNL166C,0,-0.82827806,0.1271372139453888,0.8682634830474854,0.5974195003509521
YOR297C,YGR192C,0,-0.8285006,0.12711864709854126,0.8682634830474854,0.5975195169448853
YDL216C,YHR017W,0,-0.82856494,0.12710008025169373,0.8682634830474854,0.5976195335388184
YMR176W,YGL119W,0,-0.8286552,0.1270815134048462,0.8682634830474854,0.5977195501327515
YJR044C,YLR134W,0,-0.82890624,0.12706294655799866,0.8682634830474854,0.5978195667266846
YHR070W,YIL160C,0,-0.8290634,0.12704439461231232,0.8682634830474854,0.5979195833206177
YLR090W,YNL075W,0,-0.82908976,0.12702584266662598,0.8682634830474854,0.5980195999145508
YNL053W,YJL128C,0,-0.8294821,0.12700730562210083,0.8682634830474854,0.5981196165084839
YBR289W,YMR017W,0,-0.82955486,0.1269887536764145,0.8682634830474854,0.598219633102417
YPR063C,YPL113C,0,-0.82988745,0.12697023153305054,0.8682634830474854,0.5983196496963501
YDL141W,YIL004C,0,-0.82996386,0.1269516944885254,0.8682634830474854,0.5984196662902832
YML066C,YML040W,0,-0.83027244,0.12693317234516144,0.8682634830474854,0.5985196828842163
YGR189C,YDR238C,0,-0.83034015,0.12691466510295868,0.8682634830474854,0.5986196994781494
YDR216W,YGL245W,0,-0.8304515,0.12689614295959473,0.8682634830474854,0.5987197160720825
YGL172W,YGR065C,0,-0.8313808,0.12687765061855316,0.8682634830474854,0.5988197922706604
YCR075C,YML009C,0,-0.8313969,0.1268591433763504,0.8682634830474854,0.5989198088645935
YMR251W-A,YOR188W,0,-0.8314899,0.12684065103530884,0.8682634830474854,0.5990198254585266
YDR288W,YDR536W,0,-0.8315027,0.12682215869426727,0.8682634830474854,0.5991198420524597
YBR201W,YDR116C,0,-0.83165085,0.1268036663532257,0.8682634830474854,0.5992198586463928
YJL200C,YOR368W,0,-0.8316563,0.12678518891334534,0.8682634830474854,0.5993198752403259
YOL067C,YBL023C,0,-0.831689,0.12676672637462616,0.8682634830474854,0.599419891834259
YMR236W,YDR055W,0,-0.8317162,0.1267482489347458,0.8682634830474854,0.5995199084281921
YDR113C,YNR012W,0,-0.8317269,0.1267297863960266,0.8682634830474854,0.5996199250221252
YPL055C,YKL179C,0,-0.8318168,0.12671132385730743,0.8682634830474854,0.5997199416160583
YPL084W,YPL200W,0,-0.8319444,0.12669287621974945,0.8682634830474854,0.5998199582099915
YHR094C,YLR274W,0,-0.8319795,0.12667442858219147,0.8682634830474854,0.5999199748039246
YOR256C,YMR159C,0,-0.83216065,0.12665599584579468,0.8682634830474854,0.6000199913978577
YDR034C,YOL146W,0,-0.83223546,0.1266375482082367,0.8682634830474854,0.6001200079917908
YNL220W,YBR073W,0,-0.8324553,0.1266191303730011,0.8682634830474854,0.6002200245857239
YPL064C,YJL138C,0,-0.83255696,0.1266006976366043,0.8682634830474854,0.600320041179657
YMR090W,YNL119W,0,-0.8327655,0.1265822798013687,0.8682634830474854,0.6004200577735901
YGL223C,YPR001W,0,-0.8336725,0.12656386196613312,0.8682634830474854,0.6005200743675232
YOR061W,YFL057C,0,-0.8337704,0.12654545903205872,0.8682634830474854,0.6006201505661011
YER073W,YNL070W,0,-0.8337865,0.12652705609798431,0.8682634830474854,0.6007201671600342
YPL068C,YMR090W,0,-0.83391494,0.1265086531639099,0.8682634830474854,0.6008201837539673
YER036C,YJL062W,0,-0.83392364,0.1264902651309967,0.8682634830474854,0.6009202003479004
YKL211C,YJR075W,0,-0.8340298,0.1264718770980835,0.8682634830474854,0.6010202169418335
YOR221C,YDR448W,0,-0.8341501,0.1264534890651703,0.8682634830474854,0.6011202335357666
YNL305C,YPL281C,0,-0.83422357,0.12643511593341827,0.8682634830474854,0.6012202501296997
YOR083W,YDR156W,0,-0.8343605,0.12641674280166626,0.8682634830474854,0.6013202667236328
YJR055W,YMR240C,0,-0.83466285,0.12639836966991425,0.8682634830474854,0.6014202833175659
YJR147W,YCL019W,0,-0.8346869,0.12638001143932343,0.8682634830474854,0.601520299911499
YBR128C,YOL110W,0,-0.83474493,0.1263616532087326,0.8682634830474854,0.6016203165054321
YLL061W,YPL019C,0,-0.83484375,0.12634330987930298,0.8682634830474854,0.6017203330993652
YHR069C,YGL089C,0,-0.8350951,0.12632496654987335,0.8682634830474854,0.6018203496932983
YLR013W,YGL123W,0,-0.8352051,0.12630662322044373,0.8682634830474854,0.6019203662872314
YIL026C,YLL032C,0,-0.83525497,0.1262882798910141,0.8682634830474854,0.6020203828811646
YDL040C,YOL136C,0,-0.83527124,0.12626995146274567,0.8682634830474854,0.6021203994750977
YDR446W,YLR201C,0,-0.8353975,0.12625163793563843,0.8682634830474854,0.6022204160690308
YNL079C,YLR213C,0,-0.83547294,0.12623330950737,0.8682634830474854,0.6023204922676086
YLR081W,YLR121C,0,-0.8356036,0.12621499598026276,0.8682634830474854,0.6024205088615417
YLR350W,YOR340C,0,-0.8356527,0.1261966973543167,0.8682634830474854,0.6025205254554749
YKL143W,YGL256W,0,-0.83567977,0.12617838382720947,0.8682634830474854,0.602620542049408
YDR447C,YNL091W,0,-0.8360685,0.12616010010242462,0.8682634830474854,0.6027205586433411
YGL133W,YGR225W,0,-0.8360864,0.12614180147647858,0.8682634830474854,0.6028205752372742
YOR346W,YCR014C,0,-0.8366166,0.12612351775169373,0.8682634830474854,0.6029205918312073
YLR151C,YHR176W,0,-0.8366382,0.12610523402690887,0.8682634830474854,0.6030206084251404
YBR044C,YDR410C,0,-0.83664817,0.12608695030212402,0.8682634830474854,0.6031206250190735
YOR338W,YOL043C,0,-0.8366722,0.12606868147850037,0.8682634830474854,0.6032206416130066
YDR425W,YAL044C,1,-0.8366866,0.12619531154632568,0.8692615032196045,0.6032206416130066
YBL021C,YDL006W,0,-0.8368556,0.12617702782154083,0.8692615032196045,0.6033206582069397
YPL143W,YGL224C,0,-0.8368716,0.12615874409675598,0.8692615032196045,0.6034206748008728
YNL248C,YOR153W,0,-0.8369639,0.12614047527313232,0.8692615032196045,0.6035206913948059
YBL057C,YDR443C,0,-0.83725756,0.12612220644950867,0.8692615032196045,0.603620707988739
YDR472W,YML027W,0,-0.8378272,0.1261039525270462,0.8692615032196045,0.6037207245826721
YHR069C,YGL185C,0,-0.8378328,0.12608569860458374,0.8692615032196045,0.6038207411766052
YJL010C,YMR281W,0,-0.83796525,0.12606744468212128,0.8692615032196045,0.6039207577705383
YLR206W,YGL212W,1,-0.8381666,0.12619392573833466,0.8702594637870789,0.6039207577705383
YDR017C,YPL085W,0,-0.838181,0.126175656914711,0.8702594637870789,0.6040207743644714
YDR443C,YHR021C,0,-0.8383006,0.12615740299224854,0.8702594637870789,0.6041208505630493
YGL043W,YIL103W,0,-0.8389004,0.12613916397094727,0.8702594637870789,0.6042208671569824
YKL163W,YLL013C,0,-0.838978,0.1261209100484848,0.8702594637870789,0.6043208837509155
YOR361C,YBR260C,0,-0.8390759,0.12610267102718353,0.8702594637870789,0.6044209003448486
YKL082C,YER052C,0,-0.83936346,0.12608444690704346,0.8702594637870789,0.6045209169387817
YBR026C,YHR076W,0,-0.83950293,0.1260662078857422,0.8702594637870789,0.6046209335327148
YER130C,YHR070W,0,-0.8395284,0.1260479837656021,0.8702594637870789,0.604720950126648
YMR026C,YBR141C,0,-0.8395575,0.12602977454662323,0.8702594637870789,0.604820966720581
YMR046C,YHL018W,0,-0.8399091,0.12601156532764435,0.8702594637870789,0.6049209833145142
YOR340C,YLR121C,0,-0.84039426,0.12599335610866547,0.8702594637870789,0.6050209999084473
YLR421C,YPL200W,0,-0.8410077,0.12597514688968658,0.8702594637870789,0.6051210165023804
YOL145C,YBL030C,0,-0.8414923,0.1259569525718689,0.8702594637870789,0.6052210330963135
YOL158C,YDL129W,0,-0.841535,0.1259387582540512,0.8702594637870789,0.6053210496902466
YPR194C,YFR029W,0,-0.8416066,0.12592057883739471,0.8702594637870789,0.6054210662841797
YML036W,YLR312W-A,0,-0.8416873,0.12590239942073822,0.8702594637870789,0.6055210828781128
YHR171W,YER106W,0,-0.84177244,0.12588422000408173,0.8702594637870789,0.6056210994720459
YER137C,YOR317W,0,-0.84191906,0.12586605548858643,0.8702594637870789,0.605721116065979
YDR309C,YNL087W,1,-0.8421393,0.12599220871925354,0.871257483959198,0.605721116065979
YKL181W,YHR059W,0,-0.84218884,0.12597402930259705,0.871257483959198,0.6058211922645569
YBR192W,YER054C,0,-0.8426728,0.12595584988594055,0.871257483959198,0.60592120885849
YCL008C,YNL316C,0,-0.8427461,0.12593768537044525,0.871257483959198,0.6060212254524231
YLR119W,YMR123W,0,-0.84278834,0.12591952085494995,0.871257483959198,0.6061212420463562
YER153C,YIL142W,0,-0.84283924,0.12590135633945465,0.871257483959198,0.6062212586402893
YML052W,YML040W,0,-0.8431636,0.12588320672512054,0.871257483959198,0.6063212752342224
YDR501W,YCL020W,0,-0.84333324,0.12586505711078644,0.871257483959198,0.6064212918281555
YKL120W,YMR238W,0,-0.84339964,0.12584690749645233,0.871257483959198,0.6065213084220886
YJR028W,YDR368W,0,-0.84340554,0.12582877278327942,0.871257483959198,0.6066213250160217
YNL248C,YHL008C,0,-0.843433,0.1258106380701065,0.871257483959198,0.6067213416099548
YLR307W,YPL204W,0,-0.84348655,0.1257925033569336,0.871257483959198,0.6068213582038879
YDR046C,YJL004C,0,-0.84366447,0.12577438354492188,0.871257483959198,0.606921374797821
YNL189W,YLR357W,0,-0.8436855,0.12575626373291016,0.871257483959198,0.6070213913917542
YER049W,YML124C,0,-0.84386134,0.12573815882205963,0.871257483959198,0.6071214079856873
YKL117W,YBR298C,0,-0.8442722,0.1257200390100479,0.871257483959198,0.6072214245796204
YMR175W,YFR019W,1,-0.84477997,0.12584593892097473,0.8722555041313171,0.6072214245796204
YDR097C,YOL157C,0,-0.844922,0.125827819108963,0.8722555041313171,0.6073214411735535
YPR171W,YHR003C,0,-0.84493697,0.1258096992969513,0.8722555041313171,0.6074214577674866
YLR289W,YDR346C,0,-0.8450111,0.12579159438610077,0.8722555041313171,0.6075215339660645
YKL085W,YEL021W,0,-0.84505063,0.12577348947525024,0.8722555041313171,0.6076215505599976
YOR095C,YKL190W,0,-0.8450515,0.1257553994655609,0.8722555041313171,0.6077215671539307
YOL101C,YDR329C,0,-0.84509873,0.12573730945587158,0.8722555041313171,0.6078215837478638
YNL220W,YDR408C,0,-0.84515536,0.12571921944618225,0.8722555041313171,0.6079216003417969
YMR024W,YNL259C,0,-0.84526557,0.12570112943649292,0.8722555041313171,0.60802161693573
YOR067C,YOL112W,0,-0.8454984,0.12568305432796478,0.8722555041313171,0.6081216335296631
YML131W,YOL056W,0,-0.8462161,0.12566499412059784,0.8722555041313171,0.6082216501235962
YGR123C,YNL125C,0,-0.8464817,0.1256469190120697,0.8722555041313171,0.6083216667175293
YIL155C,YNL231C,0,-0.8465029,0.12562885880470276,0.8722555041313171,0.6084216833114624
YOR204W,YDL142C,0,-0.8466847,0.125610813498497,0.8722555041313171,0.6085216999053955
YOR046C,YHR059W,0,-0.8470634,0.12559275329113007,0.8722555041313171,0.6086217164993286
YFL004W,YIL047C,0,-0.8472273,0.12557470798492432,0.8722555041313171,0.6087217330932617
YBR139W,YHR007C,0,-0.8474918,0.12555667757987976,0.8722555041313171,0.6088217496871948
YGL203C,YFL002C,0,-0.84771323,0.125538632273674,0.8722555041313171,0.6089217662811279
YNL021W,YLR286C,0,-0.8480079,0.12552060186862946,0.8722555041313171,0.609021782875061
YHR056C,YDR123C,0,-0.8480718,0.1255025863647461,0.8722555041313171,0.6091217994689941
YJL010C,YDR310C,0,-0.84822536,0.12548457086086273,0.8722555041313171,0.6092218160629272
YDR012W,YPL181W,0,-0.8486245,0.12546655535697937,0.8722555041313171,0.6093218922615051
YNR063W,YDR446W,0,-0.8486328,0.125448539853096,0.8722555041313171,0.6094219088554382
YJL092W,YIL155C,0,-0.8486744,0.12543053925037384,0.8722555041313171,0.6095219254493713
YBL085W,YOR357C,1,-0.8486984,0.12555603682994843,0.8732534646987915,0.6095219254493713
YNL293W,YPL157W,0,-0.8488211,0.12553802132606506,0.8732534646987915,0.6096219420433044
YNL316C,YBR216C,0,-0.84935546,0.1255200058221817,0.8732534646987915,0.6097219586372375
YPL003W,YJL028W,0,-0.8497824,0.12550200521945953,0.8732534646987915,0.6098219752311707
YOR270C,YMR056C,0,-0.85025555,0.12548400461673737,0.8732534646987915,0.6099219918251038
YER115C,YHL034C,0,-0.85052454,0.1254660189151764,0.8732534646987915,0.6100220084190369
YBL067C,YGR179C,0,-0.85062164,0.12544803321361542,0.8732534646987915,0.61012202501297
YGL212W,YFR019W,1,-0.8506448,0.12557339668273926,0.8742514848709106,0.61012202501297
YPL172C,YPR194C,0,-0.850675,0.1255553960800171,0.8742514848709106,0.6102220416069031
YHR045W,YGL183C,0,-0.8506979,0.12553741037845612,0.8742514848709106,0.6103220582008362
YDR529C,YML099C,0,-0.8509713,0.12551940977573395,0.8742514848709106,0.6104220747947693
YFR031C,YOR255W,0,-0.85134816,0.12550143897533417,0.8742514848709106,0.6105220913887024
YMR235C,YFL017W-A,0,-0.8517519,0.1254834532737732,0.8742514848709106,0.6106221079826355
YMR071C,YMR150C,0,-0.8519526,0.1254654824733734,0.8742514848709106,0.6107221245765686
YOR355W,YNL080C,0,-0.85196424,0.12544751167297363,0.8742514848709106,0.6108221411705017
YPL241C,YML058W-A,0,-0.85202366,0.12542955577373505,0.8742514848709106,0.6109221577644348
YLR268W,YDL025C,0,-0.85210145,0.12541159987449646,0.8742514848709106,0.6110222339630127
YDR140W,YDL042C,0,-0.8521886,0.12539364397525787,0.8742514848709106,0.6111222505569458
YDR050C,YDL112W,0,-0.8530744,0.12537570297718048,0.8742514848709106,0.6112222671508789
YHR143W,YPL088W,0,-0.85321105,0.1253577619791031,0.8742514848709106,0.611322283744812
YCR020W-B,YML009C,0,-0.85328996,0.1253398209810257,0.8742514848709106,0.6114223003387451
YKL157W,YHR047C,0,-0.8535369,0.1253218948841095,0.8742514848709106,0.6115223169326782
YDR352W,YBR276C,0,-0.8535662,0.1253039687871933,0.8742514848709106,0.6116223335266113
YCR033W,YGL103W,0,-0.8539822,0.1252860426902771,0.8742514848709106,0.6117223501205444
YIL134W,YHR124W,0,-0.85408515,0.1252681314945221,0.8742514848709106,0.6118223667144775
YKL206C,YKL164C,0,-0.85438615,0.1252502202987671,0.8742514848709106,0.6119223833084106
YLR151C,YJL006C,0,-0.85443455,0.12523230910301208,0.8742514848709106,0.6120223999023438
YJL143W,YLR449W,0,-0.85502326,0.12521441280841827,0.8742514848709106,0.6121224164962769
YMR065W,YNL308C,0,-0.85538244,0.12519651651382446,0.8742514848709106,0.61222243309021
YDR297W,YBR287W,0,-0.8559178,0.12517862021923065,0.8742514848709106,0.6123224496841431
YKL213C,YKR060W,0,-0.8559545,0.12516073882579803,0.8742514848709106,0.6124224662780762
YLR178C,YDR148C,1,-0.85627496,0.12528571486473083,0.8752495050430298,0.6124224662780762
YNR061C,YPL057C,0,-0.8562823,0.12526781857013702,0.8752495050430298,0.6125224828720093
YGR249W,YER125W,0,-0.85650426,0.1252499222755432,0.8752495050430298,0.6126224994659424
YGL026C,YLR297W,0,-0.8568655,0.1252320408821106,0.8752495050430298,0.6127225160598755
YDL085W,YGR054W,0,-0.85690266,0.12521415948867798,0.8752495050430298,0.6128225922584534
YLR110C,YNL099C,0,-0.85720867,0.12519629299640656,0.8752495050430298,0.6129226088523865
YER083C,YDR522C,0,-0.857445,0.12517841160297394,0.8752495050430298,0.6130226254463196
YAR042W,YNL243W,1,-0.8575903,0.1253032684326172,0.8762475252151489,0.6130226254463196
YAL044C,YLR376C,0,-0.8576425,0.12528538703918457,0.8762475252151489,0.6131226420402527
YGR275W,YOR315W,0,-0.8577398,0.12526752054691315,0.8762475252151489,0.6132226586341858
YBR132C,YPR102C,0,-0.8579416,0.12524963915348053,0.8762475252151489,0.6133226752281189
YMR017W,YBR164C,0,-0.8580285,0.1252317726612091,0.8762475252151489,0.613422691822052
YER007W,YLR032W,0,-0.85804856,0.12521392107009888,0.8762475252151489,0.6135227084159851
YOL092W,YLR151C,0,-0.85842174,0.12519606947898865,0.8762475252151489,0.6136227250099182
YDR488C,YFL057C,0,-0.8586806,0.12517821788787842,0.8762475252151489,0.6137227416038513
YAL044C,YLR314C,1,-0.8588854,0.12530292570590973,0.8772454857826233,0.6137227416038513
YML032C,YGR166W,0,-0.8589854,0.1252850592136383,0.8772454857826233,0.6138227581977844
YDR488C,YPL131W,0,-0.8590703,0.12526720762252808,0.8772454857826233,0.6139227747917175
YLR051C,YBR103W,0,-0.8591758,0.12524935603141785,0.8772454857826233,0.6140227913856506
YNR073C,YJR060W,0,-0.85930383,0.1252315193414688,0.8772454857826233,0.6141228079795837
YJR066W,YIL136W,0,-0.8595878,0.12521368265151978,0.8772454857826233,0.6142228245735168
YNL312W,YDL120W,0,-0.8598428,0.12519584596157074,0.8772454857826233,0.61432284116745
YBR019C,YDL217C,0,-0.86003006,0.1251780092716217,0.8772454857826233,0.6144228577613831
YDL212W,YDR163W,0,-0.860081,0.12516018748283386,0.8772454857826233,0.6145229339599609
YFL010W-A,YGL004C,0,-0.86021864,0.12514236569404602,0.8772454857826233,0.614622950553894
YDR140W,YDL184C,0,-0.8602632,0.12512455880641937,0.8772454857826233,0.6147229671478271
YOR064C,YBR040W,0,-0.8607416,0.12510675191879272,0.8772454857826233,0.6148229837417603
YOR329C,YOR237W,0,-0.86122525,0.12508894503116608,0.8772454857826233,0.6149230003356934
YHR143W,YBR217W,0,-0.8619003,0.12507113814353943,0.8772454857826233,0.6150230169296265
YNL248C,YBL040C,0,-0.862117,0.12505334615707397,0.8772454857826233,0.6151230335235596
YDL108W,YLR452C,0,-0.8621867,0.12503556907176971,0.8772454857826233,0.6152230501174927
YHR105W,YGR241C,1,-0.86246175,0.12516000866889954,0.8782435059547424,0.6152230501174927
YER068W,YGR090W,0,-0.8629746,0.1251422017812729,0.8782435059547424,0.6153230667114258
YLR268W,YJR158W,0,-0.8630086,0.12512440979480743,0.8782435059547424,0.6154230833053589
YGL043W,YLL042C,0,-0.8630265,0.12510661780834198,0.8782435059547424,0.615523099899292
YNL016W,YLL045C,0,-0.8632991,0.12508884072303772,0.8782435059547424,0.6156231164932251
YPL181W,YPL162C,0,-0.8634534,0.12507106363773346,0.8782435059547424,0.6157231330871582
YDR139C,YER161C,0,-0.86385334,0.1250532865524292,0.8782435059547424,0.6158231496810913
YML128C,YLR343W,0,-0.8638767,0.12503552436828613,0.8782435059547424,0.6159231662750244
YJL042W,YKL183W,0,-0.863925,0.12501776218414307,0.8782435059547424,0.6160231828689575
YIL090W,YFL057C,0,-0.8640197,0.125,0.8782435059547424,0.6161231994628906
YDR254W,YPR080W,0,-0.86405504,0.12498224526643753,0.8782435059547424,0.6162232160568237
YJL020C,YPR083W,0,-0.8642752,0.12496449798345566,0.8782435059547424,0.6163232922554016
YBR247C,YHR007C,0,-0.8643697,0.12494675815105438,0.8782435059547424,0.6164233088493347
YDR073W,YLR160C,0,-0.86453664,0.1249290183186531,0.8782435059547424,0.6165233254432678
YGR162W,YDL017W,0,-0.86463535,0.12491128593683243,0.8782435059547424,0.6166233420372009
YMR194W,YLL032C,0,-0.8648919,0.12489355355501175,0.8782435059547424,0.616723358631134
YOR329C,YLR448W,0,-0.86554307,0.12487583607435226,0.8782435059547424,0.6168233752250671
YDR389W,YDL006W,0,-0.86557007,0.12485811859369278,0.8782435059547424,0.6169233918190002
YNL052W,YPL032C,0,-0.8656836,0.1248404011130333,0.8782435059547424,0.6170234084129333
YGR058W,YMR042W,0,-0.86574537,0.124822698533535,0.8782435059547424,0.6171234250068665
YPL192C,YDR096W,0,-0.8658377,0.12480498850345612,0.8782435059547424,0.6172234416007996
YKL120W,YDR151C,0,-0.8658857,0.12478729337453842,0.8782435059547424,0.6173234581947327
YGL113W,YDR420W,0,-0.86592877,0.12476959824562073,0.8782435059547424,0.6174234747886658
YJL143W,YMR268C,0,-0.8659556,0.12475191056728363,0.8782435059547424,0.6175234913825989
YEL022W,YHR166C,0,-0.8659786,0.12473423033952713,0.8782435059547424,0.617623507976532
YKR080W,YBR158W,0,-0.866022,0.12471655011177063,0.8782435059547424,0.6177235245704651
YGR241C,YBR083W,0,-0.8663594,0.12469887733459473,0.8782435059547424,0.6178235411643982
YEL020C,YPL101W,0,-0.86658674,0.12468121200799942,0.8782435059547424,0.6179235577583313
YLR142W,YOL064C,0,-0.8667105,0.12466354668140411,0.8782435059547424,0.6180236339569092
YDR392W,YBR012W-B,0,-0.86691225,0.1246458888053894,0.8782435059547424,0.6181236505508423
YBR033W,YER029C,0,-0.8671914,0.12462823837995529,0.8782435059547424,0.6182236671447754
YJL020C,YOR369C,0,-0.86734325,0.12461059540510178,0.8782435059547424,0.6183236837387085
YGL065C,YMR014W,0,-0.8674999,0.12459295243024826,0.8782435059547424,0.6184237003326416
YNL071W,YDL019C,1,-0.86754835,0.1247168779373169,0.8792415261268616,0.6184237003326416
YNR056C,YOL007C,0,-0.86830837,0.12469922006130219,0.8792415261268616,0.6185237169265747
YNR018W,YJR047C,0,-0.8683152,0.12468157708644867,0.8792415261268616,0.6186237335205078
YOR356W,YJL014W,0,-0.868482,0.12466393411159515,0.8792415261268616,0.6187237501144409
YPR072W,YLR314C,0,-0.8685535,0.12464629113674164,0.8792415261268616,0.618823766708374
YGR140W,YNR020C,0,-0.8691021,0.12462866306304932,0.8792415261268616,0.6189237833023071
YAL005C,YKL041W,0,-0.8692808,0.124611034989357,0.8792415261268616,0.6190237998962402
YPL003W,YDL129W,0,-0.8693714,0.12459340691566467,0.8792415261268616,0.6191238164901733
YMR160W,YHR005C-A,0,-0.8693849,0.12457579374313354,0.8792415261268616,0.6192238330841064
YOL136C,YDR074W,0,-0.86959124,0.12455818057060242,0.8792415261268616,0.6193238496780396
YKL038W,YLL055W,0,-0.8696936,0.12454056739807129,0.8792415261268616,0.6194238662719727
YMR272C,YHR002W,0,-0.8699621,0.12452296912670135,0.8792415261268616,0.6195238828659058
YOL057W,YOR020C,0,-0.8700551,0.12450537085533142,0.8792415261268616,0.6196238994598389
YJR016C,YBL055C,0,-0.870093,0.12448778003454208,0.8792415261268616,0.619723916053772
YJR040W,YOR243C,0,-0.8703851,0.12447018921375275,0.8792415261268616,0.6198239922523499
YEL020C,YML024W,0,-0.8707154,0.124452605843544,0.8792415261268616,0.619924008846283
YBL009W,YNR056C,0,-0.8707273,0.12443502992391586,0.8792415261268616,0.6200240254402161
YBR298C,YEL002C,0,-0.871169,0.12441745400428772,0.8792415261268616,0.6201240420341492
YDR380W,YNL146W,0,-0.87194365,0.12439988553524017,0.8792415261268616,0.6202240586280823
YER065C,YKL013C,0,-0.87203085,0.12438232451677322,0.8792415261268616,0.6203240752220154
YJL048C,YBR247C,0,-0.8721451,0.12436476349830627,0.8792415261268616,0.6204240918159485
YPL005W,YDR450W,0,-0.87217724,0.12434720993041992,0.8792415261268616,0.6205241084098816
YPL093W,YLR066W,0,-0.87244743,0.12432966381311417,0.8792415261268616,0.6206241250038147
YLR206W,YDR363W-A,0,-0.8724958,0.12431211769580841,0.8792415261268616,0.6207241415977478
YLL051C,YGR252W,0,-0.87260497,0.12429457902908325,0.8792415261268616,0.6208241581916809
YJR161C,YML043C,0,-0.87275445,0.12427704781293869,0.8792415261268616,0.620924174785614
YNR017W,YLR020C,0,-0.8733852,0.12425952404737473,0.8792415261268616,0.6210241913795471
YIL072W,YOR196C,0,-0.8736011,0.12424200028181076,0.8792415261268616,0.6211242079734802
YIL048W,YMR272C,0,-0.87362295,0.1242244765162468,0.8792415261268616,0.6212242245674133
YNL071W,YOR086C,1,-0.8737466,0.12434794753789902,0.8802395462989807,0.6212242245674133
YBR289W,YBL067C,0,-0.8739023,0.12433042377233505,0.8802395462989807,0.6213242411613464
YLR399C,YJR005W,0,-0.87417114,0.12431290000677109,0.8802395462989807,0.6214242577552795
YDR245W,YFR015C,0,-0.8741995,0.12429537624120712,0.8802395462989807,0.6215243339538574
YDR031W,YIL101C,0,-0.874205,0.12427786737680435,0.8802395462989807,0.6216243505477905
YJL123C,YML106W,0,-0.87426627,0.12426035851240158,0.8802395462989807,0.6217243671417236
YJR059W,YJL116C,0,-0.874347,0.12424284964799881,0.8802395462989807,0.6218243837356567
YOR003W,YJL063C,0,-0.8744554,0.12422535568475723,0.8802395462989807,0.6219244003295898
YJL030W,YDR011W,0,-0.87455404,0.12420786172151566,0.8802395462989807,0.622024416923523
YOR100C,YPL150W,0,-0.87468123,0.12419036775827408,0.8802395462989807,0.622124433517456
YIL158W,YJR051W,0,-0.87526923,0.1241728812456131,0.8802395462989807,0.6222244501113892
YDL109C,YOL149W,0,-0.87528807,0.12415540218353271,0.8802395462989807,0.6223244667053223
YPR192W,YPR108W,0,-0.87530357,0.12413793057203293,0.8802395462989807,0.6224244832992554
YKL175W,YGL148W,0,-0.87548447,0.12412045896053314,0.8802395462989807,0.6225244998931885
YKL135C,YGL175C,0,-0.87566495,0.12410299479961395,0.8802395462989807,0.6226245164871216
YFR037C,YDR191W,0,-0.8756789,0.12408553808927536,0.8802395462989807,0.6227245330810547
YOR234C,YLR028C,0,-0.8757667,0.12406808137893677,0.8802395462989807,0.6228245496749878
YFL052W,YGR135W,0,-0.8758805,0.12405063211917877,0.8802395462989807,0.6229245662689209
YNL212W,YCR004C,0,-0.87588453,0.12403319031000137,0.8802395462989807,0.623024582862854
YLR099C,YNL232W,0,-0.8760426,0.12401574850082397,0.8802395462989807,0.6231245994567871
YFR032C-A,YJL036W,0,-0.8765421,0.12399831414222717,0.8802395462989807,0.6232246160507202
YDR131C,YNL012W,0,-0.8766784,0.12398087978363037,0.8802395462989807,0.6233246922492981
YOR216C,YBL068W,0,-0.87687325,0.12396346032619476,0.8802395462989807,0.6234247088432312
YJL153C,YJL207C,0,-0.87692374,0.12394603341817856,0.8802395462989807,0.6235247254371643
YGL133W,YHR160C,0,-0.8769706,0.12392862141132355,0.8802395462989807,0.6236247420310974
YBR183W,YJR119C,0,-0.877115,0.12391120940446854,0.8802395462989807,0.6237247586250305
YDR495C,YDR446W,0,-0.87715816,0.12389380484819412,0.8802395462989807,0.6238247752189636
YBL085W,YDR103W,1,-0.8774684,0.12401685118675232,0.8812375068664551,0.6238247752189636
YPR022C,YGR041W,0,-0.8777093,0.12399943917989731,0.8812375068664551,0.6239247918128967
YNL101W,YKL154W,0,-0.8777682,0.1239820271730423,0.8812375068664551,0.6240248084068298
YBR057C,YHR019C,0,-0.87777925,0.12396462261676788,0.8812375068664551,0.6241248250007629
YOL021C,YNL134C,0,-0.87811834,0.12394721806049347,0.8812375068664551,0.624224841594696
YPL083C,YJL033W,0,-0.8784759,0.12392982095479965,0.8812375068664551,0.6243248581886292
YLR197W,YJR127C,0,-0.87885016,0.12391243129968643,0.8812375068664551,0.6244248747825623
YJL178C,YBR200W,1,-0.878978,0.12403535842895508,0.8822355270385742,0.6244248747825623
YFR005C,YDR171W,0,-0.8790021,0.12401795387268066,0.8822355270385742,0.6245248913764954
YBR067C,YNL268W,0,-0.87914336,0.12400056421756744,0.8822355270385742,0.6246249079704285
YFL052W,YGR169C,0,-0.8796168,0.12398316711187363,0.8822355270385742,0.6247249245643616
YKR056W,YPL268W,0,-0.8797703,0.123965784907341,0.8822355270385742,0.6248249411582947
YKR003W,YHR105W,1,-0.8800907,0.12408861517906189,0.8832335472106934,0.6248249411582947
YER117W,YHR002W,0,-0.88009626,0.12407121807336807,0.8832335472106934,0.6249249577522278
YLR008C,YOR057W,0,-0.88020915,0.12405382841825485,0.8832335472106934,0.6250250339508057
YPL017C,YBR159W,0,-0.88038933,0.12403643876314163,0.8832335472106934,0.6251250505447388
YGR155W,YMR166C,0,-0.8805319,0.12401905655860901,0.8832335472106934,0.6252250671386719
YIL091C,YER146W,0,-0.8805629,0.12400168180465698,0.8832335472106934,0.625325083732605
YHR031C,YLR138W,0,-0.8805985,0.12398430705070496,0.8832335472106934,0.6254251003265381
YKR104W,YDR326C,0,-0.88064253,0.12396693974733353,0.8832335472106934,0.6255251169204712
YGR132C,YMR238W,0,-0.8806477,0.1239495798945427,0.8832335472106934,0.6256251335144043
YPL265W,YHL044W,0,-0.8806895,0.12393222004175186,0.8832335472106934,0.6257251501083374
YLR033W,YLR262C,0,-0.8809205,0.12391486763954163,0.8832335472106934,0.6258251667022705
YJL148W,YNL070W,0,-0.8810407,0.12389752268791199,0.8832335472106934,0.6259251832962036
YDL191W,YML038C,0,-0.8814782,0.12388017773628235,0.8832335472106934,0.6260251998901367
YCR057C,YLR120C,0,-0.88275033,0.1238628402352333,0.8832335472106934,0.6261252164840698
YGL068W,YNL030W,0,-0.8827829,0.12384551018476486,0.8832335472106934,0.6262252330780029
YGL062W,YLR423C,0,-0.88290143,0.12382818013429642,0.8832335472106934,0.626325249671936
YOR243C,YDR018C,0,-0.88294053,0.12381085753440857,0.8832335472106934,0.6264252662658691
YKR046C,YJL176C,0,-0.88316846,0.12379353493452072,0.8832335472106934,0.6265252828598022
YBR241C,YFL062W,0,-0.8834193,0.12377622723579407,0.8832335472106934,0.6266252994537354
YGL186C,YBL004W,0,-0.88362455,0.12375891208648682,0.8832335472106934,0.6267253160476685
YMR117C,YJL137C,0,-0.8836264,0.12374161183834076,0.8832335472106934,0.6268253922462463
YPL015C,YOR084W,0,-0.88366634,0.1237243115901947,0.8832335472106934,0.6269254088401794
YJR119C,YMR032W,0,-0.88399637,0.12370701879262924,0.8832335472106934,0.6270254254341125
YBR001C,YPL231W,0,-0.8840709,0.12368972599506378,0.8832335472106934,0.6271254420280457
YPR026W,YKL003C,0,-0.8845874,0.12367244064807892,0.8832335472106934,0.6272254586219788
YFL021W,YBR073W,0,-0.88465405,0.12365516275167465,0.8832335472106934,0.6273254752159119
YDR477W,YOR175C,0,-0.8846667,0.12363788485527039,0.8832335472106934,0.627425491809845
YDR034C,YJL051W,0,-0.8847093,0.12362061440944672,0.8832335472106934,0.6275255084037781
YMR224C,YMR122W-A,0,-0.8847433,0.12360335141420364,0.8832335472106934,0.6276255249977112
YBL052C,YJL221C,0,-0.88488126,0.12358608841896057,0.8832335472106934,0.6277255415916443
YJR068W,YCR083W,0,-0.8854158,0.1235688328742981,0.8832335472106934,0.6278255581855774
YER138C,YPL019C,0,-0.88579476,0.12355158478021622,0.8832335472106934,0.6279255747795105
YPL104W,YGR264C,0,-0.8858066,0.12353433668613434,0.8832335472106934,0.6280255913734436
YLR166C,YPR033C,0,-0.8858415,0.12351709604263306,0.8832335472106934,0.6281256079673767
YGR271W,YKL178C,0,-0.88593197,0.12349986284971237,0.8832335472106934,0.6282256245613098
YGL200C,YDR446W,0,-0.8860288,0.12348262965679169,0.8832335472106934,0.6283256411552429
YBR216C,YML014W,0,-0.8862308,0.1234654039144516,0.8832335472106934,0.628425657749176
YDR298C,YPL268W,0,-0.8862417,0.12344817817211151,0.8832335472106934,0.6285257339477539
YJR125C,YHR105W,1,-0.88627064,0.12357043474912643,0.8842315077781677,0.6285257339477539
YDR214W,YLR342W,0,-0.88663137,0.12355320155620575,0.8842315077781677,0.628625750541687
YNL244C,YDR065W,0,-0.8866552,0.12353597581386566,0.8842315077781677,0.6287257671356201
YPR133W-A,YNL274C,0,-0.88666576,0.12351875007152557,0.8842315077781677,0.6288257837295532
YDR038C,YOR315W,0,-0.88672996,0.12350153177976608,0.8842315077781677,0.6289258003234863
YER124C,YPL012W,0,-0.8867915,0.12348432093858719,0.8842315077781677,0.6290258169174194
YFR032C-A,YBR229C,0,-0.88683283,0.1234671100974083,0.8842315077781677,0.6291258335113525
YDL156W,YLR008C,0,-0.88695145,0.12344990670681,0.8842315077781677,0.6292258501052856
YJL160C,YJL124C,0,-0.88725096,0.1234327107667923,0.8842315077781677,0.6293258666992188
YOR010C,YLR343W,0,-0.88726825,0.1234155148267746,0.8842315077781677,0.6294258832931519
YDR240C,YHR025W,0,-0.8874277,0.1233983263373375,0.8842315077781677,0.629525899887085
YJR009C,YDL171C,0,-0.8874434,0.12338114529848099,0.8842315077781677,0.6296259164810181
YKL119C,YDR523C,0,-0.88787496,0.12336396425962448,0.8842315077781677,0.6297259330749512
YOR122C,YPL231W,0,-0.88847715,0.12334679067134857,0.8842315077781677,0.6298259496688843
YDR349C,YDR299W,0,-0.88885516,0.12332962453365326,0.8842315077781677,0.6299259662628174
YDR090C,YDR177W,0,-0.8889749,0.12331245839595795,0.8842315077781677,0.6300259828567505
YJL053W,YOL140W,0,-0.889076,0.12329529970884323,0.8842315077781677,0.6301259994506836
YFL041W,YHR046C,0,-0.88918126,0.12327814102172852,0.8842315077781677,0.6302260160446167
YLR356W,YLL054C,0,-0.88923275,0.1232609897851944,0.8842315077781677,0.6303260922431946
YKR030W,YHR044C,0,-0.88937175,0.12324384599924088,0.8842315077781677,0.6304261088371277
YJL051W,YJL160C,0,-0.8895223,0.12322670221328735,0.8842315077781677,0.6305261254310608
YCR079W,YMR287C,0,-0.88954586,0.12320956587791443,0.8842315077781677,0.6306261420249939
YML022W,YOR047C,0,-0.8895699,0.1231924369931221,0.8842315077781677,0.630726158618927
YER006W,YLR295C,0,-0.8898145,0.12317530810832977,0.8842315077781677,0.6308261752128601
YMR247C,YNL086W,0,-0.8900124,0.12315818667411804,0.8842315077781677,0.6309261918067932
YGR276C,YBR127C,0,-0.8900854,0.12314107269048691,0.8842315077781677,0.6310262084007263
YKL095W,YBR203W,0,-0.89060736,0.12312395870685577,0.8842315077781677,0.6311262249946594
YGL123W,YNL008C,0,-0.89080274,0.12310685217380524,0.8842315077781677,0.6312262415885925
YNL244C,YPR049C,0,-0.89094543,0.1230897456407547,0.8842315077781677,0.6313262581825256
YKR044W,YBL006C,0,-0.8911958,0.12307264655828476,0.8842315077781677,0.6314262747764587
YKL217W,YGR206W,0,-0.8912338,0.12305555492639542,0.8842315077781677,0.6315262913703918
YMR146C,YCR071C,0,-0.89143145,0.12303846329450607,0.8842315077781677,0.631626307964325
YJL044C,YLR205C,0,-0.8916463,0.12302138656377792,0.8842315077781677,0.6317263245582581
YMR306W,YEL047C,0,-0.8916836,0.12300430238246918,0.8842315077781677,0.6318263411521912
YMR208W,YHR036W,0,-0.8918391,0.12298722565174103,0.8842315077781677,0.6319263577461243
YLL043W,YDR159W,0,-0.8918978,0.12297015637159348,0.8842315077781677,0.6320264339447021
YDL206W,YJL138C,0,-0.89195955,0.12295309454202652,0.8842315077781677,0.6321264505386353
YJL092W,YOR378W,0,-0.8920086,0.12293603271245956,0.8842315077781677,0.6322264671325684
YMR240C,YCL061C,0,-0.89209074,0.1229189783334732,0.8842315077781677,0.6323264837265015
YDR153C,YBL085W,1,-0.89210904,0.12304064631462097,0.8852295279502869,0.6323264837265015
YMR079W,YKR035W-A,0,-0.8921726,0.12302357703447342,0.8852295279502869,0.6324265003204346
YFR001W,YPR042C,0,-0.89218014,0.12300651520490646,0.8852295279502869,0.6325265169143677
YJR104C,YPL242C,0,-0.89218867,0.1229894608259201,0.8852295279502869,0.6326265335083008
YEL077C,YMR020W,0,-0.89238214,0.12297241389751434,0.8852295279502869,0.6327265501022339
YNR004W,YOR155C,0,-0.89264476,0.12295536696910858,0.8852295279502869,0.632826566696167
YDR447C,YDR116C,0,-0.89331967,0.12293832004070282,0.8852295279502869,0.6329265832901001
YBR282W,YPL016W,0,-0.8934682,0.12292128801345825,0.8852295279502869,0.6330265998840332
YPL269W,YCL075W,0,-0.8935095,0.12290425598621368,0.8852295279502869,0.6331266164779663
YPR124W,YLR410W,0,-0.8937436,0.12288722395896912,0.8852295279502869,0.6332266330718994
YLR312W-A,YJR129C,0,-0.8938414,0.12287020683288574,0.8852295279502869,0.6333266496658325
YNL078W,YOR338W,0,-0.89425087,0.12285318225622177,0.8852295279502869,0.6334266662597656
YKR038C,YDR369C,0,-0.89446265,0.122836172580719,0.8852295279502869,0.6335266828536987
YML074C,YMR256C,0,-0.89455974,0.12281916290521622,0.8852295279502869,0.6336266994476318
YBR202W,YGL002W,0,-0.8946644,0.12280216068029404,0.8852295279502869,0.6337267160415649
YCL032W,YOR237W,0,-0.89476043,0.12278515845537186,0.8852295279502869,0.6338267922401428
YAL013W,YDR414C,0,-0.8949933,0.12276816368103027,0.8852295279502869,0.6339268088340759
YML071C,YNL210W,0,-0.89516973,0.12275117635726929,0.8852295279502869,0.634026825428009
YOR347C,YGR287C,0,-0.8952726,0.1227341890335083,0.8852295279502869,0.6341268420219421
YOL111C,YLR022C,0,-0.89602494,0.12271720916032791,0.8852295279502869,0.6342268586158752
YPR065W,YDR281C,0,-0.89610523,0.12270023673772812,0.8852295279502869,0.6343268752098083
YDL033C,YOL077C,0,-0.8964053,0.12268326431512833,0.8852295279502869,0.6344268918037415
YDR058C,YMR184W,0,-0.8967573,0.12266629934310913,0.8852295279502869,0.6345269083976746
YML110C,YDR055W,0,-0.89721376,0.12264933437108994,0.8852295279502869,0.6346269249916077
YHR062C,YPL177C,0,-0.8980472,0.12263237684965134,0.8852295279502869,0.6347269415855408
YJL004C,YNL186W,0,-0.89809394,0.12261542677879333,0.8852295279502869,0.6348269581794739
YMR214W,YOL010W,0,-0.89835316,0.12259847670793533,0.8852295279502869,0.634926974773407
YJL030W,YLR244C,0,-0.89867055,0.12258153408765793,0.8852295279502869,0.6350269913673401
YJL133W,YLR262C,0,-0.89879644,0.12256459891796112,0.8852295279502869,0.6351270079612732
YBR198C,YGR106C,0,-0.8992822,0.12254766374826431,0.8852295279502869,0.6352270245552063
YDL146W,YHR061C,0,-0.8993536,0.1225307360291481,0.8852295279502869,0.6353270411491394
YAR042W,YHR073W,1,-0.8995159,0.12265193462371826,0.886227548122406,0.6353270411491394
YJL109C,YCR039C,0,-0.8995658,0.12263499200344086,0.886227548122406,0.6354270577430725
YKR019C,YJL041W,0,-0.8996253,0.12261806428432465,0.886227548122406,0.6355271339416504
YML104C,YAL044C,1,-0.90025824,0.12273919582366943,0.8872255682945251,0.6355271339416504
YHR178W,YNR015W,0,-0.90028745,0.12272225320339203,0.8872255682945251,0.6356271505355835
YOR308C,YIL040W,0,-0.9005507,0.12270531058311462,0.8872255682945251,0.6357271671295166
YDR309C,YHR105W,1,-0.90056515,0.12282638996839523,0.8882235288619995,0.6357271671295166
YDR331W,YCR012W,0,-0.9010705,0.12280943989753723,0.8882235288619995,0.6358271837234497
YDR302W,YLL036C,0,-0.9010923,0.12279249727725983,0.8882235288619995,0.6359272003173828
YOL109W,YGR118W,0,-0.9012022,0.12277555465698242,0.8882235288619995,0.6360272169113159
YLR353W,YER175C,0,-0.9012048,0.12275861948728561,0.8882235288619995,0.636127233505249
YGL043W,YER131W,0,-0.9014587,0.1227416917681694,0.8882235288619995,0.6362272500991821
YOR336W,YLR010C,0,-0.9015845,0.12272476404905319,0.8882235288619995,0.6363272666931152
YHR105W,YDR323C,1,-0.90161777,0.12284571677446365,0.8892215490341187,0.6363272666931152
YLR298C,YDR405W,0,-0.90166664,0.12282878160476685,0.8892215490341187,0.6364272832870483
YER106W,YGL236C,0,-0.90176076,0.12281185388565063,0.8892215490341187,0.6365272998809814
YDL129W,YPL231W,0,-0.9018144,0.12279492616653442,0.8892215490341187,0.6366273164749146
YMR188C,YPL068C,0,-0.90200007,0.12277800589799881,0.8892215490341187,0.6367273330688477
YMR172W,YIL143C,0,-0.9021705,0.12276109308004379,0.8892215490341187,0.6368273496627808
YLR119W,YKL124W,0,-0.9021884,0.12274418026208878,0.8892215490341187,0.6369273662567139
YGR085C,YCR033W,0,-0.90219605,0.12272727489471436,0.8892215490341187,0.637027382850647
YJL164C,YHR007C,0,-0.90249777,0.12271036952733994,0.8892215490341187,0.6371273994445801
YBR008C,YER019W,0,-0.9027406,0.12269347161054611,0.8892215490341187,0.6372274160385132
YDL083C,YOR008C,0,-0.9027453,0.12267658114433289,0.8892215490341187,0.6373274922370911
YOR337W,YGR071C,0,-0.9028108,0.12265969067811966,0.8892215490341187,0.6374275088310242
YBR223C,YLR446W,0,-0.90287197,0.12264280766248703,0.8892215490341187,0.6375275254249573
YJL214W,YKR038C,0,-0.90308464,0.122625932097435,0.8892215490341187,0.6376275420188904
YMR285C,YPR171W,0,-0.90346086,0.12260905653238297,0.8892215490341187,0.6377275586128235
YDR363W,YCR040W,0,-0.90369356,0.12259218841791153,0.8892215490341187,0.6378275752067566
YBR298C,YJL121C,0,-0.90372103,0.1225753203034401,0.8892215490341187,0.6379275918006897
YER190W,YGR116W,0,-0.9037318,0.12255845963954926,0.8892215490341187,0.6380276083946228
YLR166C,YLL008W,0,-0.90382147,0.12254160642623901,0.8892215490341187,0.6381276249885559
YGR292W,YJR135C,0,-0.9039591,0.12252475321292877,0.8892215490341187,0.638227641582489
YOR237W,YML104C,1,-0.9039917,0.12264540046453476,0.8902195692062378,0.638227641582489
YKL093W,YGR258C,0,-0.90446776,0.12262853980064392,0.8902195692062378,0.6383276581764221
YPL055C,YBR275C,0,-0.90455043,0.12261168658733368,0.8902195692062378,0.6384276747703552
YOR077W,YLR226W,0,-0.9046293,0.12259483337402344,0.8902195692062378,0.6385276913642883
YHR044C,YHR143W-A,0,-0.90485424,0.12257798761129379,0.8902195692062378,0.6386277079582214
YDR140W,YLL036C,0,-0.9051817,0.12256114184856415,0.8902195692062378,0.6387277245521545
YOL052C,YNL308C,0,-0.90532684,0.1225443035364151,0.8902195692062378,0.6388277411460876
YKR003W,YER114C,1,-0.9055574,0.12266483157873154,0.8912175893783569,0.6388277411460876
YLR256W,YOR313C,0,-0.905581,0.12264798581600189,0.8912175893783569,0.6389277577400208
YMR065W,YKL166C,0,-0.90569806,0.12263114750385284,0.8912175893783569,0.6390278339385986
YCR079W,YPR082C,0,-0.90572536,0.1226143091917038,0.8912175893783569,0.6391278505325317
YLR207W,YGL055W,0,-0.90602183,0.12259747087955475,0.8912175893783569,0.6392278671264648
YDL227C,YOR188W,0,-0.9061981,0.1225806474685669,0.8912175893783569,0.639327883720398
YIL048W,YJL004C,0,-0.90650344,0.12256382405757904,0.8912175893783569,0.639427900314331
YMR099C,YLR329W,0,-0.90658045,0.12254700064659119,0.8912175893783569,0.6395279169082642
YOL057W,YBR205W,0,-0.90690804,0.12253018468618393,0.8912175893783569,0.6396279335021973
YNL186W,YBR072W,0,-0.9073314,0.12251337617635727,0.8912175893783569,0.6397279500961304
YHR039C-A,YMR012W,0,-0.90752137,0.12249656766653061,0.8912175893783569,0.6398279666900635
YGR012W,YJL118W,0,-0.9076357,0.12247976660728455,0.8912175893783569,0.6399279832839966
YOL156W,YDR432W,0,-0.90780973,0.12246297299861908,0.8912175893783569,0.6400279998779297
YPL217C,YJL051W,0,-0.9078461,0.12244617938995361,0.8912175893783569,0.6401280164718628
YBR156C,YAR008W,0,-0.908557,0.12242939323186874,0.8912175893783569,0.6402280330657959
YLR205C,YEL063C,0,-0.9086042,0.12241261452436447,0.8912175893783569,0.640328049659729
YJR155W,YPL101W,0,-0.90873885,0.1223958358168602,0.8912175893783569,0.6404280662536621
YDR419W,YGR225W,0,-0.90879834,0.12237905710935593,0.8912175893783569,0.6405280828475952
YKL160W,YDR326C,0,-0.9088457,0.12236229330301285,0.8912175893783569,0.6406280994415283
YDR104C,YNL207W,0,-0.9090874,0.12234552949666977,0.8912175893783569,0.6407281160354614
YOL092W,YGL031C,0,-0.9092748,0.12232876569032669,0.8912175893783569,0.6408281922340393
YLL027W,YDL150W,0,-0.90929776,0.12231200933456421,0.8912175893783569,0.6409282088279724
YLR141W,YKR105C,0,-0.9096471,0.12229526042938232,0.8912175893783569,0.6410282254219055
YLR153C,YNL323W,0,-0.91009444,0.12227851897478104,0.8912175893783569,0.6411282420158386
YJR119C,YBR172C,0,-0.91018164,0.12226177752017975,0.8912175893783569,0.6412282586097717
YMR163C,YHR085W,0,-0.9102594,0.12224503606557846,0.8912175893783569,0.6413282752037048
YNL302C,YBL024W,0,-0.9105778,0.12222830206155777,0.8912175893783569,0.6414282917976379
YKL139W,YGL124C,0,-0.91148233,0.12221157550811768,0.8912175893783569,0.641528308391571
YLR135W,YBR022W,0,-0.9117838,0.12219485640525818,0.8912175893783569,0.6416283249855042
YHR107C,YMR004W,1,-0.91206014,0.1223149523139,0.8922155499458313,0.6416283249855042
YPR200C,YPL112C,0,-0.9121089,0.1222982183098793,0.8922155499458313,0.6417283415794373
YOL113W,YOL108C,0,-0.9121953,0.12228149175643921,0.8922155499458313,0.6418283581733704
YML019W,YIL124W,0,-0.9122422,0.12226477265357971,0.8922155499458313,0.6419283747673035
YDL232W,YNR072W,0,-0.9122463,0.12224805355072021,0.8922155499458313,0.6420283913612366
YAL021C,YLL035W,0,-0.9123117,0.12223133444786072,0.8922155499458313,0.6421284079551697
YML123C,YIL031W,0,-0.91253734,0.12221463024616241,0.8922155499458313,0.6422284245491028
YOL075C,YKL042W,0,-0.9125936,0.12219792604446411,0.8922155499458313,0.6423284411430359
YNL078W,YNL166C,0,-0.9127561,0.12218122184276581,0.8922155499458313,0.642428457736969
YOL093W,YOR153W,0,-0.9130674,0.1221645250916481,0.8922155499458313,0.6425285339355469
YDL130W-A,YHR021C,0,-0.91335183,0.12214783579111099,0.8922155499458313,0.64262855052948
YMR264W,YNR060W,0,-0.9133731,0.12213114649057388,0.8922155499458313,0.6427285671234131
YJL129C,YOL052C,0,-0.91339105,0.12211446464061737,0.8922155499458313,0.6428285837173462
YHR175W,YLR404W,0,-0.9134671,0.12209779024124146,0.8922155499458313,0.6429286003112793
YLR141W,YDL148C,0,-0.9139333,0.12208111584186554,0.8922155499458313,0.6430286169052124
YIL155C,YNL238W,0,-0.9141283,0.12206444889307022,0.8922155499458313,0.6431286334991455
YMR189W,YBR240C,0,-0.91436946,0.1220477819442749,0.8922155499458313,0.6432286500930786
YPR048W,YGR047C,0,-0.91458213,0.12203112244606018,0.8922155499458313,0.6433286666870117
YDR012W,YIL093C,0,-0.9148491,0.12201447039842606,0.8922155499458313,0.6434286832809448
YLR197W,YKL042W,0,-0.91507673,0.12199781835079193,0.8922155499458313,0.6435286998748779
YBL074C,YIL020C,0,-0.91522735,0.1219811737537384,0.8922155499458313,0.643628716468811
YCR054C,YNR063W,0,-0.9152689,0.12196452915668488,0.8922155499458313,0.6437287330627441
YJL137C,YHR161C,0,-0.91545224,0.12194789201021194,0.8922155499458313,0.6438287496566772
YEL077C,YDR324C,0,-0.9154642,0.12193126231431961,0.8922155499458313,0.6439287662506104
YOL155C,YAL029C,0,-0.9155593,0.12191463261842728,0.8922155499458313,0.6440287828445435
YLR016C,YGL191W,0,-0.9155919,0.12189801037311554,0.8922155499458313,0.6441287994384766
YDR347W,YBR126C,0,-0.9156693,0.1218813881278038,0.8922155499458313,0.6442288160324097
YPR065W,YHL027W,0,-0.9157276,0.12186477333307266,0.8922155499458313,0.6443288922309875
YOR237W,YOR132W,1,-0.91579294,0.12198445945978165,0.8932135701179504,0.6443288922309875
YDR522C,YPR113W,0,-0.9164241,0.12196783721446991,0.8932135701179504,0.6444289088249207
YPR063C,YLR327C,0,-0.9175744,0.12195122241973877,0.8932135701179504,0.6445289254188538
YDR408C,YML008C,0,-0.9175868,0.12193460762500763,0.8932135701179504,0.6446289420127869
YAL044C,YBR200W,1,-0.9176466,0.12205421924591064,0.8942115902900696,0.6446289420127869
YDR309C,YPR097W,1,-0.9179371,0.12217379361391068,0.8952096104621887,0.6446289420127869
YNL053W,YLR022C,0,-0.9179593,0.12215715646743774,0.8952096104621887,0.64472895860672
YDL064W,YOL041C,0,-0.9180441,0.12214051932096481,0.8952096104621887,0.6448289752006531
YDR309C,YER114C,1,-0.9181678,0.12226004153490067,0.8962075710296631,0.6448289752006531
YER125W,YOR063W,0,-0.9182615,0.12224339693784714,0.8962075710296631,0.6449289917945862
YOR208W,YGL001C,0,-0.91894424,0.1222267597913742,0.8962075710296631,0.6450290083885193
YGR124W,YLL062C,0,-0.9191042,0.12221012264490128,0.8962075710296631,0.6451290249824524
YGR032W,YNL163C,0,-0.91921866,0.12219349294900894,0.8962075710296631,0.6452290415763855
YER018C,YJR140C,0,-0.91932666,0.1221768707036972,0.8962075710296631,0.6453290581703186
YLR051C,YNL016W,0,-0.9194419,0.12216024845838547,0.8962075710296631,0.6454290747642517
YIL039W,YGL133W,0,-0.91949505,0.12214363366365433,0.8962075710296631,0.6455290913581848
YDR172W,YGL257C,0,-0.9196012,0.12212702631950378,0.8962075710296631,0.6456291079521179
YPL220W,YOR080W,0,-0.9196417,0.12211041897535324,0.8962075710296631,0.645729124546051
YAL013W,YML071C,0,-0.91965693,0.1220938116312027,0.8962075710296631,0.6458291411399841
YPL055C,YJL191W,0,-0.9201672,0.12207721918821335,0.8962075710296631,0.6459291577339172
YHR062C,YML049C,0,-0.92023724,0.1220606192946434,0.8962075710296631,0.6460292339324951
YOR179C,YDL002C,0,-0.9202471,0.12204403430223465,0.8962075710296631,0.6461292505264282
YHR200W,YER025W,0,-0.9202709,0.1220274493098259,0.8962075710296631,0.6462292671203613
YOR005C,YOL127W,0,-0.9204837,0.12201087176799774,0.8962075710296631,0.6463292837142944
YJL145W,YDR351W,0,-0.9205544,0.12199429422616959,0.8962075710296631,0.6464293003082275
YIL004C,YHR066W,0,-0.92060125,0.12197772413492203,0.8962075710296631,0.6465293169021606
YOR237W,YGL023C,1,-0.92077667,0.1220969706773758,0.8972055912017822,0.6465293169021606
YEL061C,YCR027C,0,-0.92081773,0.12208039313554764,0.8972055912017822,0.6466293334960938
YML037C,YHR102W,0,-0.92085046,0.12206381559371948,0.8972055912017822,0.6467293500900269
YJL148W,YKL130C,0,-0.9209044,0.12204724550247192,0.8972055912017822,0.64682936668396
YOR337W,YPR186C,0,-0.9210746,0.12203067541122437,0.8972055912017822,0.6469293832778931
YDR077W,YIL172C,0,-0.9213371,0.1220141127705574,0.8972055912017822,0.6470293998718262
YBR104W,YHR021C,0,-0.92154676,0.12199755758047104,0.8972055912017822,0.6471294164657593
YNL110C,YJL149W,0,-0.9219317,0.12198100239038467,0.8972055912017822,0.6472294330596924
YER117W,YLL010C,0,-0.9219932,0.1219644546508789,0.8972055912017822,0.6473294496536255
YJL177W,YNR046W,0,-0.92203474,0.12194791436195374,0.8972055912017822,0.6474294662475586
YNL002C,YOR382W,0,-0.92237306,0.12193137407302856,0.8972055912017822,0.6475294828414917
YOR025W,YOL112W,0,-0.9226143,0.1219148337841034,0.8972055912017822,0.6476294994354248
YBR175W,YMR058W,0,-0.92276216,0.12189830839633942,0.8972055912017822,0.6477295756340027
YER162C,YBR084W,0,-0.9229348,0.12188177555799484,0.8972055912017822,0.6478295922279358
YPR061C,YOL130W,0,-0.92307717,0.12186525762081146,0.8972055912017822,0.6479296088218689
YML104C,YNL087W,1,-0.9231367,0.12198428064584732,0.8982036113739014,0.6479296088218689
YBR187W,YPL204W,0,-0.92322046,0.12196774780750275,0.8982036113739014,0.648029625415802
YCR039C,YDL171C,0,-0.9233306,0.12195122241973877,0.8982036113739014,0.6481296420097351
YDR043C,YPL268W,0,-0.9233929,0.12193469703197479,0.8982036113739014,0.6482296586036682
YPL090C,YKL025C,0,-0.923542,0.12191817909479141,0.8982036113739014,0.6483296751976013
YGL084C,YDR076W,0,-0.924058,0.12190166860818863,0.8982036113739014,0.6484296917915344
YOL140W,YJR082C,0,-0.92434174,0.12188515812158585,0.8982036113739014,0.6485297083854675
YDR309C,YDR148C,1,-0.9245297,0.12200406193733215,0.8992015719413757,0.6485297083854675
YBR009C,YDL082W,0,-0.92504144,0.12198754400014877,0.8992015719413757,0.6486297249794006
YDL140C,YLR142W,0,-0.92562956,0.12197103351354599,0.8992015719413757,0.6487297415733337
YNL058C,YLR453C,0,-0.9256528,0.1219545230269432,0.8992015719413757,0.6488297581672668
YCR073C,YJR129C,0,-0.9261384,0.12193801254034042,0.8992015719413757,0.6489297747612
YML118W,YBL061C,0,-0.92641914,0.12192151695489883,0.8992015719413757,0.6490297913551331
YLL022C,YDR461W,0,-0.92667633,0.12190502136945724,0.8992015719413757,0.6491298079490662
YAL044C,YGL212W,1,-0.92677945,0.122023805975914,0.9001995921134949,0.6491298079490662
YCR020W-B,YHR003C,0,-0.9271981,0.12200730293989182,0.9001995921134949,0.6492298245429993
YGL234W,YJR033C,0,-0.9272858,0.12199079990386963,0.9001995921134949,0.6493298411369324
YGL175C,YDR519W,0,-0.9272932,0.12197430431842804,0.9001995921134949,0.6494298577308655
YPL186C,YEL029C,0,-0.9273256,0.12195781618356705,0.9001995921134949,0.6495299339294434
YER094C,YJL144W,0,-0.9278021,0.12194132804870605,0.9001995921134949,0.6496299505233765
YKR078W,YER008C,1,-0.9278432,0.12206001579761505,0.901197612285614,0.6496299505233765
YOR373W,YHR203C,0,-0.92809665,0.12204352021217346,0.901197612285614,0.6497299671173096
YDL059C,YPR101W,0,-0.9282779,0.12202702462673187,0.901197612285614,0.6498299837112427
YOR237W,YHR073W,1,-0.92882323,0.1221456527709961,0.9021956324577332,0.6498299837112427
YMR283C,YOR355W,0,-0.92886317,0.1221291571855545,0.9021956324577332,0.6499300003051758
YIL140W,YPR138C,0,-0.9288998,0.12211265414953232,0.9021956324577332,0.6500300168991089
YJR001W,YEL009C,0,-0.928903,0.12209616601467133,0.9021956324577332,0.650130033493042
YJL115W,YLR423C,0,-0.92900705,0.12207967787981033,0.9021956324577332,0.6502300500869751
YEL058W,YBR084W,0,-0.92902213,0.12206318974494934,0.9021956324577332,0.6503300666809082
YJR135C,YDR415C,0,-0.9293168,0.12204670906066895,0.9021956324577332,0.6504300832748413
YBR136W,YJL006C,0,-0.9294248,0.12203023582696915,0.9021956324577332,0.6505300998687744
YPL074W,YPL111W,0,-0.9296615,0.12201377004384995,0.9021956324577332,0.6506301164627075
YPR002W,YOL010W,0,-0.9297703,0.12199730426073074,0.9021956324577332,0.6507301330566406
YBL092W,YDR443C,0,-0.929772,0.12198083847761154,0.9021956324577332,0.6508301496505737
YDR390C,YOL108C,0,-0.92998993,0.12196438014507294,0.9021956324577332,0.6509301662445068
YLR222C,YBR160W,0,-0.9301512,0.12194792926311493,0.9021956324577332,0.6510301828384399
YGL023C,YBR200W,1,-0.930702,0.12206636369228363,0.9031935930252075,0.6510301828384399
YHL020C,YAL058W,0,-0.9308663,0.12204989790916443,0.9031935930252075,0.651130199432373
YDL166C,YPR054W,0,-0.9313593,0.12203343957662582,0.9031935930252075,0.6512302756309509
YNL223W,YPL024W,0,-0.9314225,0.12201698869466782,0.9031935930252075,0.651330292224884
YHR069C,YLR359W,0,-0.93151915,0.12200053781270981,0.9031935930252075,0.6514303088188171
YGR268C,YER089C,0,-0.9315736,0.1219840943813324,0.9031935930252075,0.6515303254127502
YPR043W,YDR038C,0,-0.93165255,0.12196765840053558,0.9031935930252075,0.6516303420066833
YDR017C,YGR104C,0,-0.9318942,0.12195122241973877,0.9031935930252075,0.6517303586006165
YFL034C-A,YBL021C,0,-0.9322794,0.12193478643894196,0.9031935930252075,0.6518303751945496
YGR207C,YLR393W,0,-0.9325605,0.12191836535930634,0.9031935930252075,0.6519303917884827
YGR143W,YMR280C,0,-0.93260604,0.12190193682909012,0.9031935930252075,0.6520304083824158
YNL302C,YIR014W,0,-0.9328614,0.1218855232000351,0.9031935930252075,0.6521304249763489
YOR237W,YJL085W,1,-0.9329385,0.12200377136468887,0.9041916131973267,0.6521304249763489
YMR121C,YLL009C,0,-0.932968,0.12198734283447266,0.9041916131973267,0.652230441570282
YFL010W-A,YNL008C,0,-0.93297654,0.12197092175483704,0.9041916131973267,0.6523304581642151
YLR362W,YBR118W,0,-0.9331374,0.12195450067520142,0.9041916131973267,0.6524304747581482
YLR242C,YPL256C,0,-0.9332086,0.12193808704614639,0.9041916131973267,0.6525304913520813
YCR066W,YDR020C,0,-0.9333298,0.12192168086767197,0.9041916131973267,0.6526305079460144
YBL055C,YLR371W,0,-0.9333637,0.12190527468919754,0.9041916131973267,0.6527305245399475
YKR001C,YDR020C,0,-0.93364024,0.12188887596130371,0.9041916131973267,0.6528305411338806
YML039W,YGL137W,0,-0.9339215,0.12187247723340988,0.9041916131973267,0.6529305577278137
YML113W,YBL102W,0,-0.93392706,0.12185608595609665,0.9041916131973267,0.6530306339263916
YJR002W,YJL099W,0,-0.9340776,0.12183970212936401,0.9041916131973267,0.6531306505203247
YCR079W,YOR354C,0,-0.93431264,0.12182331830263138,0.9041916131973267,0.6532306671142578
YBR154C,YIL140W,0,-0.93436736,0.12180693447589874,0.9041916131973267,0.6533306837081909
YGR206W,YOR133W,0,-0.93522763,0.1217905655503273,0.9041916131973267,0.653430700302124
YLR308W,YHR079C,0,-0.9353057,0.12177419662475586,0.9041916131973267,0.6535307168960571
YIL171W,YAR027W,0,-0.9353665,0.12175782769918442,0.9041916131973267,0.6536307334899902
YGL022W,YDR297W,0,-0.93557787,0.12174146622419357,0.9041916131973267,0.6537307500839233
YJR001W,YJL191W,0,-0.93562037,0.12172511219978333,0.9041916131973267,0.6538307666778564
YIL006W,YGL047W,0,-0.93594486,0.12170875817537308,0.9041916131973267,0.6539307832717896
YPL200W,YHL018W,0,-0.9361316,0.12169241160154343,0.9041916131973267,0.6540307998657227
YOL068C,YPR001W,0,-0.93620116,0.12167606502771378,0.9041916131973267,0.6541308164596558
YDR540C,YDL111C,0,-0.93634063,0.12165972590446472,0.9041916131973267,0.6542308330535889
YER019C-A,YDL122W,0,-0.93648434,0.12164339423179626,0.9041916131973267,0.654330849647522
YOR346W,YFR004W,0,-0.93659246,0.12162706255912781,0.9041916131973267,0.6544308662414551
YHR094C,YFR051C,0,-0.93695605,0.12161073833703995,0.9041916131973267,0.6545308828353882
YLR178C,YER120W,1,-0.9371676,0.12172862887382507,0.9051896333694458,0.6545308828353882
YCL008C,YOR243C,0,-0.9372853,0.12171228975057602,0.9051896333694458,0.6546308994293213
YNL061W,YPL283C,0,-0.9373348,0.12169595807790756,0.9051896333694458,0.6547309756278992
YGR262C,YHL016C,0,-0.93750095,0.1216796338558197,0.9051896333694458,0.6548309922218323
YCL032W,YGR128C,0,-0.9376555,0.12166330963373184,0.9051896333694458,0.6549310088157654
YFL031W,YER144C,0,-0.9376777,0.12164699286222458,0.9051896333694458,0.6550310254096985
YJL111W,YGL201C,0,-0.93769985,0.12163068354129791,0.9051896333694458,0.6551310420036316
YDR071C,YGR249W,0,-0.93784225,0.12161437422037125,0.9051896333694458,0.6552310585975647
YJL103C,YEL026W,0,-0.93796813,0.12159807235002518,0.9051896333694458,0.6553310751914978
YBL016W,YOL044W,0,-0.93800056,0.12158177047967911,0.9051896333694458,0.6554310917854309
YER026C,YNL248C,0,-0.93824685,0.12156547605991364,0.9051896333694458,0.655531108379364
YBR067C,YLR301W,0,-0.9383465,0.12154918164014816,0.9051896333694458,0.6556311249732971
YDR536W,YPL281C,0,-0.9386133,0.12153289467096329,0.9051896333694458,0.6557311415672302
YML006C,YOL165C,0,-0.9387734,0.12151661515235901,0.9051896333694458,0.6558311581611633
YIR028W,YDR252W,0,-0.93930864,0.12150033563375473,0.9051896333694458,0.6559311747550964
YEL041W,YPR125W,0,-0.9396631,0.12148406356573105,0.9051896333694458,0.6560311913490295
YMR264W,YIL129C,0,-0.93966377,0.12146779149770737,0.9051896333694458,0.6561312079429626
YDR038C,YDL092W,0,-0.93973434,0.12145152688026428,0.9051896333694458,0.6562312245368958
YJR147W,YOL007C,0,-0.9401589,0.1214352622628212,0.9051896333694458,0.6563312411308289
YNL252C,YAR050W,0,-0.9402902,0.1214190125465393,0.9051896333694458,0.656431257724762
YOL070C,YKL074C,0,-0.94034994,0.12140275537967682,0.9051896333694458,0.6565313339233398
YNL115C,YGR194C,0,-0.94047844,0.12138651311397552,0.9051896333694458,0.656631350517273
YOR098C,YDR164C,0,-0.9407659,0.12137026339769363,0.9051896333694458,0.656731367111206
YDR309C,YDR425W,1,-0.9411021,0.1214878261089325,0.9061876535415649,0.656731367111206
YCL010C,YEL021W,0,-0.94112194,0.12147156894207001,0.9061876535415649,0.6568313837051392
YNL189W,YGR034W,0,-0.941167,0.12145532667636871,0.9061876535415649,0.6569314002990723
YDR156W,YNL086W,0,-0.9414455,0.12143907696008682,0.9061876535415649,0.6570314168930054
YHR105W,YBR200W,1,-0.9415783,0.12155656516551971,0.9071856141090393,0.6570314168930054
YLR176C,YBL085W,0,-0.9416015,0.12154031544923782,0.9071856141090393,0.6571314334869385
YPL241C,YML087C,0,-0.94185305,0.12152406573295593,0.9071856141090393,0.6572314500808716
YMR022W,YLR342W,0,-0.94205755,0.12150782346725464,0.9071856141090393,0.6573314666748047
YOL128C,YPR133W-A,0,-0.94250983,0.12149158120155334,0.9071856141090393,0.6574314832687378
YEL020C,YLR285W,0,-0.9426757,0.12147534638643265,0.9071856141090393,0.6575314998626709
YBR010W,YNL202W,0,-0.9433585,0.12145911157131195,0.9071856141090393,0.657631516456604
YEL038W,YBR009C,0,-0.94337016,0.12144288420677185,0.9071856141090393,0.6577315330505371
YPL022W,YBR187W,0,-0.94345593,0.12142666429281235,0.9071856141090393,0.6578315496444702
YBR133C,YNL300W,0,-0.9438277,0.12141044437885284,0.9071856141090393,0.6579315662384033
YGL227W,YLR336C,0,-0.9439668,0.12139423191547394,0.9071856141090393,0.6580315828323364
YER016W,YBR072W,0,-0.94399714,0.12137801945209503,0.9071856141090393,0.6581315994262695
YER026C,YML116W,0,-0.9440697,0.12136181443929672,0.9071856141090393,0.6582316756248474
YFR042W,YBR002C,0,-0.94418305,0.12134561687707901,0.9071856141090393,0.6583316922187805
YCL018W,YGL113W,0,-0.9444615,0.1213294193148613,0.9071856141090393,0.6584317088127136
YIR005W,YKL186C,0,-0.9445877,0.12131322920322418,0.9071856141090393,0.6585317254066467
YGR109C,YLR097C,0,-0.9448018,0.12129703909158707,0.9071856141090393,0.6586317420005798
YPL192C,YLR022C,0,-0.9449308,0.12128085643053055,0.9071856141090393,0.6587317585945129
YFL052W,YGL014W,0,-0.9452562,0.12126467376947403,0.9071856141090393,0.658831775188446
YNL271C,YJL190C,0,-0.945262,0.12124849855899811,0.9071856141090393,0.6589317917823792
YDL165W,YPL026C,0,-0.94549775,0.12123233079910278,0.9071856141090393,0.6590318083763123
YOL071W,YJR067C,0,-0.94553196,0.12121616303920746,0.9071856141090393,0.6591318249702454
YLR298C,YEL069C,0,-0.94577295,0.12120000272989273,0.9071856141090393,0.6592318415641785
YLR047C,YHL016C,0,-0.94579124,0.121183842420578,0.9071856141090393,0.6593318581581116
YKL143W,YNL283C,0,-0.9463755,0.12116768956184387,0.9071856141090393,0.6594318747520447
YLR441C,YOL010W,0,-0.94661623,0.12115153670310974,0.9071856141090393,0.6595318913459778
YER018C,YDR247W,0,-0.9466725,0.12113539129495621,0.9071856141090393,0.6596319079399109
YPL271W,YPR001W,0,-0.94687223,0.12111925333738327,0.9071856141090393,0.659731924533844
YPL037C,YGL183C,0,-0.94693625,0.12110311537981033,0.9071856141090393,0.6598319411277771
YML074C,YGR133W,0,-0.9472966,0.121086984872818,0.9071856141090393,0.6599319577217102
YOL019W,YBL068W,0,-0.947755,0.12107085436582565,0.9071856141090393,0.6600320339202881
YMR241W,YBR265W,0,-0.94809467,0.12105473130941391,0.9071856141090393,0.6601320505142212
YOR126C,YLR405W,0,-0.94828856,0.12103861570358276,0.9071856141090393,0.6602320671081543
YPL048W,YLR371W,1,-0.9483564,0.12115564197301865,0.9081836342811584,0.6602320671081543
YOR025W,YLR134W,0,-0.9483993,0.1211395114660263,0.9081836342811584,0.6603320837020874
YBR122C,YKR105C,0,-0.9495208,0.12112338840961456,0.9081836342811584,0.6604321002960205
YLR298C,YDR403W,0,-0.9497216,0.12110726535320282,0.9081836342811584,0.6605321168899536
YKL059C,YGR035C,0,-0.94984853,0.12109114974737167,0.9081836342811584,0.6606321334838867
YDR281C,YPR083W,0,-0.9499285,0.12107504159212112,0.9081836342811584,0.6607321500778198
YLL035W,YNL008C,0,-0.95044583,0.12105893343687057,0.9081836342811584,0.6608321666717529
YIL041W,YNL093W,0,-0.95062554,0.12104283273220062,0.9081836342811584,0.660932183265686
YKL139W,YBR275C,0,-0.95074075,0.12102673202753067,0.9081836342811584,0.6610321998596191
YGL170C,YDR302W,0,-0.9515414,0.12101063877344131,0.9081836342811584,0.6611322164535522
YDL130W,YLR300W,0,-0.9516206,0.12099454551935196,0.9081836342811584,0.6612322330474854
YBR185C,YOR187W,0,-0.9520647,0.1209784597158432,0.9081836342811584,0.6613322496414185
YGL038C,YNL232W,0,-0.9520893,0.12096238136291504,0.9081836342811584,0.6614322662353516
YOL097C,YML125C,0,-0.95209414,0.12094630300998688,0.9081836342811584,0.6615322828292847
YLR372W,YNR051C,0,-0.95262074,0.12093023210763931,0.9081836342811584,0.6616322994232178
YGL206C,YPR049C,0,-0.95271415,0.12091416120529175,0.9081836342811584,0.6617323756217957
YAR042W,YOR086C,1,-0.95288396,0.12103095650672913,0.9091816544532776,0.6617323756217957
YBR203W,YDR143C,0,-0.9534639,0.12101487815380096,0.9091816544532776,0.6618323922157288
YGR289C,YFL022C,0,-0.9536173,0.1209988072514534,0.9091816544532776,0.6619324088096619
YDR443C,YOL077C,0,-0.95375836,0.12098273634910583,0.9091816544532776,0.662032425403595
YML123C,YLR414C,0,-0.95379364,0.12096667289733887,0.9091816544532776,0.6621324419975281
YLR467W,YGL097W,0,-0.95392805,0.1209506094455719,0.9091816544532776,0.6622324585914612
YJL066C,YER104W,0,-0.9540887,0.12093455344438553,0.9091816544532776,0.6623324751853943
YNR004W,YDR062W,0,-0.9544563,0.12091850489377975,0.9091816544532776,0.6624324917793274
YGL040C,YNR012W,0,-0.9548839,0.12090245634317398,0.9091816544532776,0.6625325083732605
YNL091W,YGL201C,0,-0.95526004,0.1208864152431488,0.9091816544532776,0.6626325249671936
YOL016C,YDR497C,0,-0.9553328,0.12087037414312363,0.9091816544532776,0.6627325415611267
YFR028C,YNL016W,0,-0.9554262,0.12085434049367905,0.9091816544532776,0.6628325581550598
YML040W,YKL167C,0,-0.9562553,0.12083830684423447,0.9091816544532776,0.6629325747489929
YHR099W,YLR314C,0,-0.95633286,0.12082228064537048,0.9091816544532776,0.663032591342926
YCL074W,YLR172C,0,-0.95640355,0.1208062618970871,0.9091816544532776,0.6631326079368591
YJL210W,YKR042W,0,-0.95658755,0.12079024314880371,0.9091816544532776,0.6632326245307922
YJL178C,YBL105C,1,-0.95674574,0.12090680003166199,0.910179615020752,0.6632326245307922
YDR139C,YJL008C,0,-0.9569733,0.120890773832798,0.910179615020752,0.6633326411247253
YDL213C,YGL135W,0,-0.95699096,0.12087475508451462,0.910179615020752,0.6634326577186584
YOR190W,YHR044C,0,-0.9570213,0.12085873633623123,0.910179615020752,0.6635327339172363
YGR225W,YDR062W,0,-0.9573957,0.12084271758794785,0.910179615020752,0.6636327505111694
YMR065W,YIR032C,0,-0.9574051,0.12082670629024506,0.910179615020752,0.6637327671051025
YDL121C,YBR182C,0,-0.95746803,0.12081070244312286,0.910179615020752,0.6638327836990356
YPL083C,YBR073W,0,-0.9578204,0.12079469859600067,0.910179615020752,0.6639328002929688
YCL014W,YLR073C,0,-0.95783865,0.12077870219945908,0.910179615020752,0.6640328168869019
YJL004C,YDL129W,0,-0.9582785,0.12076271325349808,0.910179615020752,0.664132833480835
YKL103C,YDR116C,0,-0.9582792,0.12074672430753708,0.910179615020752,0.6642328500747681
YPR198W,YBR276C,0,-0.9586179,0.12073073536157608,0.910179615020752,0.6643328666687012
YKR078W,YHR105W,1,-0.9586873,0.12084712088108063,0.9111776351928711,0.6643328666687012
YIL009C-A,YGL184C,0,-0.9589533,0.12083112448453903,0.9111776351928711,0.6644328832626343
YFR055W,YLR145W,0,-0.95917535,0.12081513553857803,0.9111776351928711,0.6645328998565674
YOR243C,YJR006W,0,-0.9597388,0.12079915404319763,0.9111776351928711,0.6646329164505005
YAL039C,YNL009W,0,-0.96026987,0.12078317254781723,0.9111776351928711,0.6647329330444336
YOR328W,YNL218W,0,-0.96037596,0.12076719850301743,0.9111776351928711,0.6648329496383667
YNL117W,YDR523C,0,-0.96047354,0.12075122445821762,0.9111776351928711,0.6649329662322998
YER112W,YBL113C,0,-0.9608624,0.12073525786399841,0.9111776351928711,0.6650329828262329
YMR169C,YIL162W,0,-0.96093637,0.1207192912697792,0.9111776351928711,0.665132999420166
YDR507C,YLR327C,0,-0.9610909,0.1207033321261406,0.9111776351928711,0.6652330756187439
YHR018C,YIR025W,0,-0.9612388,0.12068737298250198,0.9111776351928711,0.665333092212677
YLR406C,YKL148C,0,-0.96126676,0.12067142128944397,0.9111776351928711,0.6654331088066101
YBL067C,YPR140W,0,-0.9613172,0.12065547704696655,0.9111776351928711,0.6655331254005432
YOL105C,YGL103W,0,-0.9613805,0.12063953280448914,0.9111776351928711,0.6656331419944763
YFR021W,YOR086C,1,-0.9616797,0.12075571715831757,0.9121756553649902,0.6656331419944763
YML072C,YER002W,0,-0.962274,0.12073976546525955,0.9121756553649902,0.6657331585884094
YER183C,YNL082W,0,-0.9623401,0.12072381377220154,0.9121756553649902,0.6658331751823425
YIL073C,YLR309C,0,-0.9623562,0.12070786952972412,0.9121756553649902,0.6659331917762756
YCR068W,YPR101W,0,-0.96242964,0.1206919327378273,0.9121756553649902,0.6660332083702087
YPL202C,YOL124C,0,-0.9626277,0.12067599594593048,0.9121756553649902,0.6661332249641418
YGL205W,YOL156W,0,-0.96277297,0.12066006660461426,0.9121756553649902,0.666233241558075
YOR069W,YMR175W,1,-0.9628449,0.12077613174915314,0.9131736755371094,0.666233241558075
YCR028C-A,YDR054C,0,-0.96312505,0.12076019495725632,0.9131736755371094,0.6663332581520081
YDR079W,YDR281C,0,-0.9632815,0.1207442581653595,0.9131736755371094,0.6664332747459412
YCR087C-A,YMR056C,0,-0.9633742,0.12072832882404327,0.9131736755371094,0.6665332913398743
YGR036C,YJR130C,0,-0.9633776,0.12071239948272705,0.9131736755371094,0.6666333079338074
YJL073W,YHR215W,0,-0.9635411,0.12069647759199142,0.9131736755371094,0.6667333245277405
YAL039C,YMR137C,0,-0.9636667,0.1206805557012558,0.9131736755371094,0.6668333411216736
YLL012W,YKL201C,0,-0.9637662,0.12066464126110077,0.9131736755371094,0.6669333577156067
YGL130W,YGL222C,0,-0.963888,0.12064873427152634,0.9131736755371094,0.6670334339141846
YOR198C,YKR062W,0,-0.9639504,0.1206328272819519,0.9131736755371094,0.6671334505081177
YDR051C,YIR035C,0,-0.96417797,0.12061692774295807,0.9131736755371094,0.6672334671020508
YER004W,YIL091C,0,-0.96424574,0.12060102820396423,0.9131736755371094,0.6673334836959839
YOR329C,YOL139C,0,-0.9643171,0.120585136115551,0.9131736755371094,0.667433500289917
YGR035C,YHR067W,0,-0.9646224,0.12056924402713776,0.9131736755371094,0.6675335168838501
YOR312C,YBR118W,0,-0.96466565,0.12055335938930511,0.9131736755371094,0.6676335334777832
YLR404W,YJL028W,0,-0.9650256,0.12053748220205307,0.9131736755371094,0.6677335500717163
YGL191W,YKR037C,0,-0.9653277,0.12052160501480103,0.9131736755371094,0.6678335666656494
YMR099C,YMR045C,0,-0.9654436,0.12050572782754898,0.9131736755371094,0.6679335832595825
YJR002W,YGL001C,0,-0.96548164,0.12048985809087753,0.9131736755371094,0.6680335998535156
YOR339C,YDR182W,0,-0.965592,0.12047399580478668,0.9131736755371094,0.6681336164474487
YDL229W,YER025W,0,-0.9657667,0.12045813351869583,0.9131736755371094,0.6682336330413818
YLR401C,YML091C,0,-0.96631914,0.12044227868318558,0.9131736755371094,0.6683336496353149
YJR034W,YPL143W,0,-0.9665389,0.12042643129825592,0.9131736755371094,0.668433666229248
YJL114W,YNR032W,0,-0.9665396,0.12041058391332626,0.9131736755371094,0.6685336828231812
YGL222C,YDR402C,0,-0.96661466,0.1203947365283966,0.9131736755371094,0.6686336994171143
YLR307W,YNL129W,0,-0.9666541,0.12037889659404755,0.9131736755371094,0.6687337756156921
YML028W,YNR015W,0,-0.9666807,0.12036306411027908,0.9131736755371094,0.6688337922096252
YER048C,YOR295W,0,-0.9668132,0.12034723162651062,0.9131736755371094,0.6689338088035583
YJR015W,YNL139C,0,-0.9669988,0.12033140659332275,0.9131736755371094,0.6690338253974915
YML106W,YGL208W,0,-0.96704376,0.12031558156013489,0.9131736755371094,0.6691338419914246
YLL013C,YGL147C,0,-0.96713495,0.12029976397752762,0.9131736755371094,0.6692338585853577
YDR224C,YBR204C,0,-0.967492,0.12028394639492035,0.9131736755371094,0.6693338751792908
YNR001C,YIL105C,0,-0.9676514,0.12026813626289368,0.9131736755371094,0.6694338917732239
YFR009W,YGR134W,0,-0.9677294,0.1202523335814476,0.9131736755371094,0.669533908367157
YLR192C,YBR297W,0,-0.9677378,0.12023653090000153,0.9131736755371094,0.6696339249610901
YGR081C,YMR165C,0,-0.9677706,0.12022073566913605,0.9131736755371094,0.6697339415550232
YLR174W,YFL024C,0,-0.96808195,0.12020494043827057,0.9131736755371094,0.6698339581489563
YGR035C,YOL018C,0,-0.9682114,0.12018915265798569,0.9131736755371094,0.6699339747428894
YDR425W,YMR175W,1,-0.968815,0.12030470371246338,0.9141716361045837,0.6699339747428894
YPL124W,YDL184C,0,-0.9689454,0.1202889010310173,0.9141716361045837,0.6700339913368225
YPR096C,YAL043C,0,-0.9689636,0.12027310580015182,0.9141716361045837,0.6701340079307556
YMR026C,YFR052W,0,-0.96924376,0.12025731801986694,0.9141716361045837,0.6702340245246887
YOR089C,YPL194W,0,-0.9699569,0.12024153023958206,0.9141716361045837,0.6703340411186218
YHL022C,YNL322C,0,-0.9700706,0.12022574990987778,0.9141716361045837,0.6704340577125549
YMR210W,YAR027W,0,-0.9700811,0.12020997703075409,0.9141716361045837,0.6705341339111328
YML025C,YDR499W,0,-0.9702106,0.1201941967010498,0.9141716361045837,0.6706341505050659
YAL062W,YLR447C,0,-0.9702721,0.12017843127250671,0.9141716361045837,0.670734167098999
YML054C,YOR243C,0,-0.97028434,0.12016266584396362,0.9141716361045837,0.6708341836929321
YJL060W,YAR035W,0,-0.97042763,0.12014690786600113,0.9141716361045837,0.6709342002868652
YNL175C,YGR063C,0,-0.9708725,0.12013114988803864,0.9141716361045837,0.6710342168807983
YDL155W,YCL066W,0,-0.97089535,0.12011539191007614,0.9141716361045837,0.6711342334747314
YDR449C,YLR278C,0,-0.9711035,0.12009964883327484,0.9141716361045837,0.6712342500686646
YOR368W,YDL217C,0,-0.9712862,0.12008389830589294,0.9141716361045837,0.6713342666625977
YGR035C,YMR121C,0,-0.9717118,0.12006816267967224,0.9141716361045837,0.6714342832565308
YHR214C-B,YDR523C,0,-0.9717414,0.12005242705345154,0.9141716361045837,0.6715342998504639
YDR472W,YGL014W,0,-0.97187674,0.12003669142723083,0.9141716361045837,0.671634316444397
YGL130W,YLR285W,0,-0.97219443,0.12002096325159073,0.9141716361045837,0.6717343330383301
YCR020W-B,YLR388W,0,-0.97236335,0.12000524252653122,0.9141716361045837,0.6718343496322632
YAL062W,YOR354C,0,-0.9724262,0.11998952180147171,0.9141716361045837,0.6719343662261963
YOL157C,YNR028W,0,-0.9724873,0.1199738085269928,0.9141716361045837,0.6720343828201294
YPL276W,YCR012W,0,-0.97256476,0.11995809525251389,0.9141716361045837,0.6721343994140625
YJL129C,YJL080C,0,-0.97271764,0.11994238942861557,0.9141716361045837,0.6722344756126404
YHR072W,YCL010C,0,-0.9727688,0.11992668360471725,0.9141716361045837,0.6723344922065735
YDL226C,YGL014W,0,-0.97292507,0.11991098523139954,0.9141716361045837,0.6724345088005066
YOL113W,YHR183W,0,-0.9729937,0.11989528685808182,0.9141716361045837,0.6725345253944397
YJL178C,YIR013C,0,-0.9730092,0.1198795959353447,0.9141716361045837,0.6726345419883728
YGR145W,YDL165W,0,-0.97319674,0.11986391246318817,0.9141716361045837,0.6727345585823059
YOR340C,YBR179C,0,-0.9733017,0.11984822899103165,0.9141716361045837,0.672834575176239
YOR178C,YLR128W,0,-0.9734881,0.11983254551887512,0.9141716361045837,0.6729345917701721
YMR211W,YLR274W,0,-0.9737421,0.11981687694787979,0.9141716361045837,0.6730346083641052
YJL125C,YKL086W,0,-0.97418946,0.11980120092630386,0.9141716361045837,0.6731346249580383
YMR034C,YHR025W,0,-0.97440624,0.11978553980588913,0.9141716361045837,0.6732346415519714
YDR197W,YGR049W,0,-0.97511375,0.1197698712348938,0.9141716361045837,0.6733346581459045
YFL022C,YOR007C,0,-0.97517437,0.11975421756505966,0.9141716361045837,0.6734346747398376
YNL075W,YLL051C,0,-0.9752675,0.11973856389522552,0.9141716361045837,0.6735346913337708
YBR234C,YPL019C,0,-0.97586274,0.11972291022539139,0.9141716361045837,0.6736347079277039
YNL153C,YPL088W,0,-0.9759411,0.11970726400613785,0.9141716361045837,0.673734724521637
YBR012W-A,YBR199W,0,-0.9760855,0.1196916252374649,0.9141716361045837,0.6738347411155701
YDR540C,YLR154C,0,-0.9761957,0.11967598646879196,0.9141716361045837,0.6739347577095032
YPR009W,YHR164C,0,-0.97624177,0.11966035515069962,0.9141716361045837,0.674034833908081
YBR031W,YDR453C,0,-0.9763895,0.11964472383260727,0.9141716361045837,0.6741348505020142
YBR215W,YOL070C,0,-0.976409,0.11962909996509552,0.9141716361045837,0.6742348670959473
YNL106C,YKL183W,0,-0.97642577,0.11961347609758377,0.9141716361045837,0.6743348836898804
YMR071C,YER078C,0,-0.9768982,0.11959785968065262,0.9141716361045837,0.6744349002838135
YOR149C,YLL008W,0,-0.9773447,0.11958224326372147,0.9141716361045837,0.6745349168777466
YHR214C-B,YDR353W,0,-0.97766316,0.11956663429737091,0.9141716361045837,0.6746349334716797
YPL151C,YMR038C,0,-0.9778281,0.11955103278160095,0.9141716361045837,0.6747349500656128
YGL022W,YMR117C,0,-0.97784865,0.119535431265831,0.9141716361045837,0.6748349666595459
YAL047C,YKL041W,0,-0.9778731,0.11951982975006104,0.9141716361045837,0.674934983253479
YFL022C,YCR102C,0,-0.97795343,0.11950424313545227,0.9141716361045837,0.6750349998474121
YOR391C,YNL009W,0,-0.9785555,0.11948864907026291,0.9141716361045837,0.6751350164413452
YDR298C,YOL097C,0,-0.9786755,0.11947306990623474,0.9141716361045837,0.6752350330352783
YDL008W,YDR314C,0,-0.97888184,0.11945748329162598,0.9141716361045837,0.6753350496292114
YJL225C,YDR120C,0,-0.97891146,0.1194419115781784,0.9141716361045837,0.6754350662231445
YDR309C,YLR178C,1,-0.9794527,0.1195567175745964,0.9151696562767029,0.6754350662231445
YOL139C,YOR147W,0,-0.9795675,0.11954113095998764,0.9151696562767029,0.6755350828170776
YIL083C,YKL086W,0,-0.9795798,0.11952554434537888,0.9151696562767029,0.6756350994110107
YDR184C,YCR102C,0,-0.9799983,0.1195099726319313,0.9151696562767029,0.6757351756095886
YOL058W,YDR096W,0,-0.9804789,0.11949439346790314,0.9151696562767029,0.6758351922035217
YKL143W,YGR268C,0,-0.9806468,0.11947882920503616,0.9151696562767029,0.6759352087974548
YLL005C,YOR201C,0,-0.9807484,0.11946326494216919,0.9151696562767029,0.6760352253913879
YOR368W,YHR070W,0,-0.9809799,0.11944770067930222,0.9151696562767029,0.676135241985321
YLR088W,YOL040C,0,-0.9810689,0.11943214386701584,0.9151696562767029,0.6762352585792542
YKL074C,YPR101W,0,-0.9815024,0.11941658705472946,0.9151696562767029,0.6763352751731873
YOR151C,YMR130W,0,-0.9820299,0.11940104514360428,0.9151696562767029,0.6764352917671204
YHR019C,YKL183W,0,-0.9820489,0.1193854957818985,0.9151696562767029,0.6765353083610535
YLR295C,YOR369C,0,-0.9820982,0.11936995387077332,0.9151696562767029,0.6766353249549866
YBL018C,YIL097W,0,-0.98213303,0.11935441941022873,0.9151696562767029,0.6767353415489197
YER157W,YDR450W,0,-0.9823115,0.11933888494968414,0.9151696562767029,0.6768353581428528
YJR147W,YIL088C,0,-0.98253036,0.11932335793972015,0.9151696562767029,0.6769353747367859
YLR319C,YMR238W,0,-0.98254746,0.11930783092975616,0.9151696562767029,0.677035391330719
YGL222C,YER042W,0,-0.98262364,0.11929231137037277,0.9151696562767029,0.6771354079246521
YLR008C,YDR184C,0,-0.98264486,0.11927679181098938,0.9151696562767029,0.6772354245185852
YBR265W,YOL146W,0,-0.98281586,0.11926127970218658,0.9151696562767029,0.6773354411125183
YOR362C,YKL004W,0,-0.98297536,0.11924577504396439,0.9151696562767029,0.6774354577064514
YLR304C,YBR283C,0,-0.9830317,0.11923027038574219,0.9151696562767029,0.6775355339050293
YNL290W,YGL169W,0,-0.98317695,0.11921476572751999,0.9151696562767029,0.6776355504989624
YGR061C,YMR022W,0,-0.98334575,0.11919926851987839,0.9151696562767029,0.6777355670928955
YDR429C,YJL213W,0,-0.98427504,0.11918377876281738,0.9151696562767029,0.6778355836868286
YPR024W,YLR160C,0,-0.9843667,0.11916828900575638,0.9151696562767029,0.6779356002807617
YBR239C,YDR126W,0,-0.98472023,0.11915280669927597,0.9151696562767029,0.6780356168746948
YGR221C,YJL134W,0,-0.98488474,0.11913732439279556,0.9151696562767029,0.6781356334686279
YOR228C,YPL019C,0,-0.9849455,0.11912184953689575,0.9151696562767029,0.678235650062561
YGR277C,YEL016C,0,-0.9849467,0.11910637468099594,0.9151696562767029,0.6783356666564941
YDR418W,YBR214W,0,-0.9851761,0.11909090727567673,0.9151696562767029,0.6784356832504272
YNL315C,YML012W,0,-0.98525864,0.11907544732093811,0.9151696562767029,0.6785356998443604
YBR110W,YJL109C,0,-0.9855411,0.1190599873661995,0.9151696562767029,0.6786357164382935
YBR244W,YLL003W,0,-0.98579085,0.11904452741146088,0.9151696562767029,0.6787357330322266
YKR087C,YIR035C,0,-0.98580086,0.11902907490730286,0.9151696562767029,0.6788357496261597
YGR207C,YBR291C,0,-0.98581874,0.11901362985372543,0.9151696562767029,0.6789357662200928
YPR096C,YKR098C,0,-0.98696005,0.11899818480014801,0.9151696562767029,0.6790357828140259
YDR099W,YKL156W,0,-0.987061,0.11898273974657059,0.9151696562767029,0.679135799407959
YGR169C,YBL105C,0,-0.98721844,0.11896730959415436,0.9151696562767029,0.6792358756065369
YNL037C,YGL010W,0,-0.98734087,0.11895187199115753,0.9151696562767029,0.67933589220047
YMR143W,YGR203W,0,-0.98752564,0.1189364492893219,0.9151696562767029,0.6794359087944031
YKR013W,YMR086W,0,-0.9880326,0.11892101913690567,0.9151696562767029,0.6795359253883362
YJL157C,YDR143C,0,-0.9882522,0.11890560388565063,0.9151696562767029,0.6796359419822693
YER161C,YGL169W,0,-0.98844403,0.1188901886343956,0.9151696562767029,0.6797359585762024
YLR043C,YLR244C,0,-0.9887463,0.11887477338314056,0.9151696562767029,0.6798359751701355
YPL183W-A,YKL220C,0,-0.9891107,0.11885936558246613,0.9151696562767029,0.6799359917640686
YIL015W,YOL006C,0,-0.98961323,0.11884395778179169,0.9151696562767029,0.6800360083580017
YIL127C,YKL195W,0,-0.9896771,0.11882855743169785,0.9151696562767029,0.6801360249519348
YLR117C,YDL024C,0,-0.989828,0.1188131645321846,0.9151696562767029,0.6802360415458679
YAL020C,YHR184W,0,-0.99003184,0.11879777163267136,0.9151696562767029,0.680336058139801
YIL026C,YKR103W,0,-0.99005306,0.11878238618373871,0.9151696562767029,0.6804360747337341
YPL078C,YFR037C,0,-0.99046314,0.11876700073480606,0.9151696562767029,0.6805360913276672
YFL066C,YHR152W,0,-0.99073,0.11875161528587341,0.9151696562767029,0.6806361079216003
YOL088C,YLR336C,0,-0.9910928,0.11873624473810196,0.9151696562767029,0.6807361245155334
YDR479C,YLR423C,0,-0.99132264,0.11872086673974991,0.9151696562767029,0.6808361411094666
YKL085W,YPL162C,0,-0.99139124,0.11870550364255905,0.9151696562767029,0.6809361577033997
YBR223C,YPR016C,0,-0.99153507,0.1186901405453682,0.9151696562767029,0.6810362339019775
YLR291C,YHR161C,0,-0.9916172,0.11867477744817734,0.9151696562767029,0.6811362504959106
YER013W,YDR520C,0,-0.99188626,0.11865942180156708,0.9151696562767029,0.6812362670898438
YOR047C,YLR325C,0,-0.9919895,0.11864406615495682,0.9151696562767029,0.6813362836837769
YLL022C,YOL034W,0,-0.99199826,0.11862871795892715,0.9151696562767029,0.68143630027771
YIR012W,YER075C,0,-0.99252504,0.11861337721347809,0.9151696562767029,0.6815363168716431
YOR351C,YIL139C,0,-0.99274683,0.11859803646802902,0.9151696562767029,0.6816363334655762
YMR036C,YCL036W,0,-0.9930414,0.11858269572257996,0.9151696562767029,0.6817363500595093
YOL070C,YPL213W,0,-0.99331546,0.11856736242771149,0.9151696562767029,0.6818363666534424
YNR054C,YEL061C,0,-0.9933474,0.11855203658342361,0.9151696562767029,0.6819363832473755
YOR337W,YNL229C,0,-0.9934368,0.11853671073913574,0.9151696562767029,0.6820363998413086
YNL096C,YNL050C,0,-0.99371135,0.11852139234542847,0.9151696562767029,0.6821364164352417
YPL103C,YHR061C,0,-0.99376386,0.11850607395172119,0.9151696562767029,0.6822364330291748
YLR015W,YGR271W,0,-0.99392587,0.11849076300859451,0.9151696562767029,0.6823364496231079
YCR003W,YDR085C,0,-0.99397415,0.11847545206546783,0.9151696562767029,0.682436466217041
YDR524C,YNL149C,0,-0.99399465,0.11846014857292175,0.9151696562767029,0.6825364828109741
YML099C,YOL010W,0,-0.9939998,0.11844484508037567,0.9151696562767029,0.6826364994049072
YHR051W,YIR035C,0,-0.99416167,0.11842954903841019,0.9151696562767029,0.6827365756034851
YER083C,YCL066W,0,-0.9951212,0.1184142529964447,0.9151696562767029,0.6828365921974182
YIL142W,YJR028W,0,-0.99519384,0.11839896440505981,0.9151696562767029,0.6829366087913513
YLR022C,YOR384W,0,-0.99563205,0.11838368326425552,0.9151696562767029,0.6830366253852844
YJR016C,YLR136C,0,-0.9957397,0.11836840212345123,0.9151696562767029,0.6831366419792175
YMR136W,YKR026C,0,-0.99604553,0.11835312098264694,0.9151696562767029,0.6832366585731506
YDL170W,YIL023C,0,-0.9962443,0.11833784729242325,0.9151696562767029,0.6833366751670837
YDR304C,YNL015W,0,-0.9963665,0.11832258105278015,0.9151696562767029,0.6834366917610168
YBL006C,YNL279W,0,-0.9968941,0.11830731481313705,0.9151696562767029,0.68353670835495
YDL166C,YNL241C,0,-0.99710715,0.11829205602407455,0.9151696562767029,0.6836367249488831
YEL054C,YDR072C,0,-0.99721014,0.11827679723501205,0.9151696562767029,0.6837367415428162
YDL067C,YNL185C,0,-0.99733436,0.11826154589653015,0.9151696562767029,0.6838367581367493
YGR034W,YOR244W,0,-0.99740446,0.11824629455804825,0.9151696562767029,0.6839367747306824
YKL107W,YPR103W,0,-0.997542,0.11823104321956635,0.9151696562767029,0.6840367913246155
YDL141W,YMR121C,0,-0.9975863,0.11821580678224564,0.9151696562767029,0.6841368079185486
YER065C,YDR498C,0,-0.9978377,0.11820057034492493,0.9151696562767029,0.6842368245124817
YFL057C,YDL064W,0,-0.99834555,0.11818533390760422,0.9151696562767029,0.6843368411064148
YFL034C-A,YER096W,0,-0.9985589,0.1181701049208641,0.9151696562767029,0.6844368577003479
YPL226W,YOR389W,0,-0.99861616,0.11815487593412399,0.9151696562767029,0.6845369338989258
YHR051W,YMR089C,0,-0.99946356,0.11813965439796448,0.9151696562767029,0.6846369504928589
YKR002W,YMR288W,0,-0.9994702,0.11812443286180496,0.9151696562767029,0.684736967086792
YER150W,YGL047W,0,-0.9995897,0.11810921877622604,0.9151696562767029,0.6848369836807251
YMR136W,YFL050C,0,-0.99980724,0.11809401214122772,0.9151696562767029,0.6849370002746582
YBR018C,YPL089C,0,-0.9998629,0.1180788055062294,0.9151696562767029,0.6850370168685913
YMR282C,YER011W,0,-0.99992174,0.11806359887123108,0.9151696562767029,0.6851370334625244
YOR014W,YBR158W,0,-1.0000663,0.11804840713739395,0.9151696562767029,0.6852370500564575
YOR056C,YDR003W,0,-1.0004154,0.11803320795297623,0.9151696562767029,0.6853370666503906
YOR237W,YER114C,1,-1.0005438,0.11814671754837036,0.916167676448822,0.6853370666503906
YER120W,YFR019W,1,-1.0006288,0.11826019734144211,0.9171656966209412,0.6853370666503906
YNL129W,YOR304W,0,-1.0007615,0.11824498325586319,0.9171656966209412,0.6854370832443237
YPL271W,YDL216C,0,-1.0010275,0.11822976917028427,0.9171656966209412,0.6855370998382568
YKR058W,YLR394W,0,-1.0010294,0.11821456253528595,0.9171656966209412,0.6856371164321899
YOL123W,YKR028W,0,-1.0013998,0.11819935590028763,0.9171656966209412,0.685737133026123
YHR203C,YKR061W,0,-1.0016787,0.1181841567158699,0.9171656966209412,0.6858371496200562
YPR184W,YDL112W,0,-1.0016907,0.11816895753145218,0.9171656966209412,0.6859371662139893
YDR299W,YNL006W,0,-1.0017734,0.11815376579761505,0.9171656966209412,0.6860371828079224
YOL058W,YDL065C,0,-1.0022578,0.11813858151435852,0.9171656966209412,0.6861371994018555
YER096W,YLR274W,0,-1.0030372,0.11812338978052139,0.9171656966209412,0.6862372756004333
YNL096C,YAL016W,0,-1.0030484,0.11810821294784546,0.9171656966209412,0.6863372921943665
YLL008W,YFR008W,0,-1.0030897,0.11809303611516953,0.9171656966209412,0.6864373087882996
YEL077C,YLR110C,0,-1.0033993,0.11807785928249359,0.9171656966209412,0.6865373253822327
YGL099W,YNL027W,0,-1.003801,0.11806268990039825,0.9171656966209412,0.6866373419761658
YLR164W,YJL164C,0,-1.0039818,0.11804752796888351,0.9171656966209412,0.6867373585700989
YMR032W,YOR255W,0,-1.004001,0.11803236603736877,0.9171656966209412,0.686837375164032
YBR104W,YDR291W,0,-1.0045251,0.11801721155643463,0.9171656966209412,0.6869373917579651
YMR307W,YOR025W,0,-1.0047206,0.11800205707550049,0.9171656966209412,0.6870374083518982
YDL232W,YHR066W,0,-1.0049555,0.11798690259456635,0.9171656966209412,0.6871374249458313
YOL091W,YIR003W,0,-1.0051037,0.1179717555642128,0.9171656966209412,0.6872374415397644
YMR204C,YDL198C,0,-1.0054157,0.11795661598443985,0.9171656966209412,0.6873374581336975
YDR387C,YMR182C,0,-1.0056665,0.1179414764046669,0.9171656966209412,0.6874374747276306
YHR105W,YJR076C,1,-1.0061474,0.11805466562509537,0.9181636571884155,0.6874374747276306
YJR149W,YDR033W,0,-1.006267,0.11803951859474182,0.9181636571884155,0.6875374913215637
YCL020W,YGL147C,0,-1.0071664,0.11802437156438828,0.9181636571884155,0.6876375079154968
YJR161C,YML026C,0,-1.0075959,0.11800923198461533,0.9181636571884155,0.6877375245094299
YJL122W,YDL082W,0,-1.0076675,0.11799409985542297,0.9181636571884155,0.687837541103363
YCR079W,YKL174C,0,-1.0077516,0.11797896772623062,0.9181636571884155,0.6879376173019409
YMR020W,YHL001W,0,-1.007952,0.11796384304761887,0.9181636571884155,0.688037633895874
YOR344C,YBR179C,0,-1.0082545,0.11794871836900711,0.9181636571884155,0.6881376504898071
YML005W,YOL120C,0,-1.0087762,0.11793360114097595,0.9181636571884155,0.6882376670837402
YBR282W,YNR015W,0,-1.0090785,0.1179184839129448,0.9181636571884155,0.6883376836776733
YOR339C,YLR427W,0,-1.0099388,0.11790337413549423,0.9181636571884155,0.6884377002716064
YML064C,YIL103W,0,-1.0102128,0.11788826435804367,0.9181636571884155,0.6885377168655396
YJR133W,YOR233W,0,-1.0104282,0.11787315458059311,0.9181636571884155,0.6886377334594727
YJL166W,YER098W,0,-1.0107827,0.11785805970430374,0.9181636571884155,0.6887377500534058
YJL190C,YFR006W,0,-1.0108386,0.11784296482801437,0.9181636571884155,0.6888377666473389
YDL245C,YDR126W,0,-1.0110501,0.117827869951725,0.9181636571884155,0.688937783241272
YCR028C,YMR088C,0,-1.0110518,0.11781278252601624,0.9181636571884155,0.6890377998352051
YDR540C,YOL145C,0,-1.0113299,0.11779769510030746,0.9181636571884155,0.6891378164291382
YLR359W,YOR058C,0,-1.0113832,0.11778261512517929,0.9181636571884155,0.6892378330230713
YPR026W,YBR267W,0,-1.0113856,0.11776753515005112,0.9181636571884155,0.6893378496170044
YLR043C,YBR186W,0,-1.0113912,0.11775246262550354,0.9181636571884155,0.6894378662109375
YHR089C,YBR084W,0,-1.0115178,0.11773739755153656,0.9181636571884155,0.6895378828048706
YOL002C,YDL200C,0,-1.0115669,0.11772233247756958,0.9181636571884155,0.6896378993988037
YCR003W,YPL099C,0,-1.0121529,0.1177072674036026,0.9181636571884155,0.6897379755973816
YGR249W,YMR246W,0,-1.0124768,0.11769220978021622,0.9181636571884155,0.6898379921913147
YBL042C,YDR255C,0,-1.0125095,0.11767715215682983,0.9181636571884155,0.6899380087852478
YIL006W,YLR155C,0,-1.0125289,0.11766210198402405,0.9181636571884155,0.6900380253791809
YOR245C,YBR294W,0,-1.0126977,0.11764705926179886,0.9181636571884155,0.690138041973114
YMR045C,YEL011W,0,-1.0129992,0.11763201653957367,0.9181636571884155,0.6902380585670471
YLR033W,YIL160C,0,-1.013143,0.11761698126792908,0.9181636571884155,0.6903380751609802
YER078C,YEL054C,0,-1.0131972,0.11760194599628448,0.9181636571884155,0.6904380917549133
YPR162C,YGR158C,0,-1.0132258,0.11758691072463989,0.9181636571884155,0.6905381083488464
YKL179C,YPR082C,0,-1.0136387,0.1175718829035759,0.9181636571884155,0.6906381249427795
YNL148C,YGR257C,0,-1.014019,0.1175568625330925,0.9181636571884155,0.6907381415367126
YIL078W,YGL010W,0,-1.0140693,0.1175418421626091,0.9181636571884155,0.6908381581306458
YHR039C,YOR007C,0,-1.0141474,0.1175268292427063,0.9181636571884155,0.6909381747245789
YOL054W,YLR343W,0,-1.0142139,0.1175118163228035,0.9181636571884155,0.691038191318512
YML037C,YPL157W,0,-1.0144259,0.11749681085348129,0.9181636571884155,0.6911382079124451
YOR064C,YER133W,0,-1.014776,0.11748180538415909,0.9181636571884155,0.6912382245063782
YGL122C,YBL093C,0,-1.0148984,0.11746679991483688,0.9181636571884155,0.6913382411003113
YHR058C,YPL231W,0,-1.0151116,0.11745180934667587,0.9181636571884155,0.6914383172988892
YGR077C,YHR018C,0,-1.0151119,0.11743681132793427,0.9181636571884155,0.6915383338928223
YMR012W,YBR037C,0,-1.015479,0.11742182821035385,0.9181636571884155,0.6916383504867554
YMR300C,YIL114C,0,-1.0157396,0.11740683764219284,0.9181636571884155,0.6917383670806885
YJR135W-A,YPR187W,0,-1.0162207,0.11739186197519302,0.9181636571884155,0.6918383836746216
YGR285C,YGR109C,0,-1.0162473,0.11737687885761261,0.9181636571884155,0.6919384002685547
YMR016C,YLR141W,0,-1.0166755,0.11736191064119339,0.9181636571884155,0.6920384168624878
YBL084C,YOL146W,0,-1.0167873,0.11734694242477417,0.9181636571884155,0.6921384334564209
YBL017C,YOR234C,0,-1.0170581,0.11733197420835495,0.9181636571884155,0.692238450050354
YBL079W,YOR294W,0,-1.0171517,0.11731701344251633,0.9181636571884155,0.6923384666442871
YNL238W,YML087C,0,-1.017316,0.1173020526766777,0.9181636571884155,0.6924384832382202
YNR022C,YOR232W,0,-1.0174646,0.11728709936141968,0.9181636571884155,0.6925384998321533
YML088W,YPL249C,0,-1.0178986,0.11727214604616165,0.9181636571884155,0.6926385164260864
YIL158W,YDR226W,0,-1.0179317,0.11725720018148422,0.9181636571884155,0.6927385330200195
YLR264W,YOR329C,0,-1.0181999,0.11724226176738739,0.9181636571884155,0.6928385496139526
YMR051C,YHR025W,0,-1.018623,0.11722731590270996,0.9181636571884155,0.6929385662078857
YHR059W,YOR167C,0,-1.0187036,0.11721238493919373,0.9181636571884155,0.6930385828018188
YHR041C,YOR322C,0,-1.0187396,0.11719745397567749,0.9181636571884155,0.693138599395752
YDR014W,YJR026W,0,-1.0187883,0.11718252301216125,0.9181636571884155,0.6932386755943298
YOR229W,YOR210W,0,-1.0190209,0.11716759949922562,0.9181636571884155,0.6933386921882629
YDR030C,YGL106W,0,-1.0197144,0.11715268343687057,0.9181636571884155,0.693438708782196
YDR382W,YPR171W,0,-1.0197566,0.11713776737451553,0.9181636571884155,0.6935387253761292
YGL048C,YPL269W,0,-1.0201343,0.11712285131216049,0.9181636571884155,0.6936387419700623
YPL047W,YGL120C,0,-1.0203089,0.11710794270038605,0.9181636571884155,0.6937387585639954
YGR275W,YCR014C,0,-1.0206302,0.1170930415391922,0.9181636571884155,0.6938387751579285
YCL059C,YKL096W-A,0,-1.0208476,0.11707814037799835,0.9181636571884155,0.6939387917518616
YKL009W,YBR273C,0,-1.0208913,0.1170632392168045,0.9181636571884155,0.6940388083457947
YCL027W,YJL117W,0,-1.0213206,0.11704834550619125,0.9181636571884155,0.6941388249397278
YDL236W,YML087C,0,-1.021966,0.1170334592461586,0.9181636571884155,0.6942388415336609
YDR522C,YDR332W,0,-1.0220494,0.11701857298612595,0.9181636571884155,0.694338858127594
YEL013W,YLR388W,0,-1.0222967,0.11700368672609329,0.9181636571884155,0.6944388747215271
YBR223C,YOR197W,0,-1.0224578,0.11698880791664124,0.9181636571884155,0.6945388913154602
YDR162C,YMR307W,0,-1.0225319,0.11697393655776978,0.9181636571884155,0.6946389079093933
YBR150C,YBL024W,0,-1.0228443,0.11695906519889832,0.9181636571884155,0.6947389245033264
YHR179W,YDR518W,0,-1.0233325,0.11694419384002686,0.9181636571884155,0.6948389410972595
YJL114W,YNR040W,0,-1.0237596,0.11692933738231659,0.9181636571884155,0.6949390172958374
YJL148W,YJL149W,0,-1.0238812,0.11691447347402573,0.9181636571884155,0.6950390338897705
YPL085W,YGR034W,0,-1.0238945,0.11689961701631546,0.9181636571884155,0.6951390504837036
YBL022C,YPL026C,0,-1.0241083,0.11688476800918579,0.9181636571884155,0.6952390670776367
YNL257C,YJR135W-A,0,-1.0241901,0.11686991900205612,0.9181636571884155,0.6953390836715698
YOL052C,YPR132W,0,-1.024296,0.11685507744550705,0.9181636571884155,0.6954391002655029
YPL121C,YJL104W,0,-1.0243117,0.11684023588895798,0.9181636571884155,0.695539116859436
YDL029W,YBR186W,0,-1.0245739,0.1168253943324089,0.9181636571884155,0.6956391334533691
YOR237W,YAL044C,1,-1.0246116,0.1169375330209732,0.9191616773605347,0.6956391334533691
YER173W,YJR158W,0,-1.0247684,0.11692268401384354,0.9191616773605347,0.6957391500473022
YMR058W,YOR043W,0,-1.0248637,0.11690784245729446,0.9191616773605347,0.6958391666412354
YOR306C,YAR008W,0,-1.0249587,0.11689300835132599,0.9191616773605347,0.6959391832351685
YEL043W,YCL074W,0,-1.0249698,0.11687817424535751,0.9191616773605347,0.6960391998291016
YML060W,YMR321C,0,-1.0252883,0.11686334013938904,0.9191616773605347,0.6961392164230347
YGR034W,YDL006W,0,-1.0254524,0.11684851348400116,0.9191616773605347,0.6962392330169678
YOR371C,YKL182W,0,-1.0258294,0.11683369427919388,0.9191616773605347,0.6963392496109009
YLR205C,YEL042W,0,-1.0259377,0.1168188750743866,0.9191616773605347,0.696439266204834
YEL055C,YLR393W,0,-1.0260304,0.11680405586957932,0.9191616773605347,0.6965392827987671
YBR136W,YJR068W,0,-1.0261376,0.11678924411535263,0.9191616773605347,0.6966392993927002
YAL044C,YKL205W,0,-1.0266011,0.11677443981170654,0.9191616773605347,0.6967393755912781
YIL050W,YFR007W,0,-1.0268209,0.11675963550806046,0.9191616773605347,0.6968393921852112
YHL004W,YER148W,0,-1.02707,0.11674483120441437,0.9191616773605347,0.6969394087791443
YLR449W,YGR169C,0,-1.0271884,0.11673003435134888,0.9191616773605347,0.6970394253730774
YLR406C,YHR044C,0,-1.0272776,0.11671524494886398,0.9191616773605347,0.6971394419670105
YBR118W,YFL029C,0,-1.0278077,0.11670045554637909,0.9191616773605347,0.6972394585609436
YPR194C,YKL089W,0,-1.0278903,0.11668567359447479,0.9191616773605347,0.6973394751548767
YJR010W,YBR058C-A,0,-1.0279582,0.1166708916425705,0.9191616773605347,0.6974394917488098
YNL267W,YDR156W,0,-1.0281736,0.1166561096906662,0.9191616773605347,0.6975395083427429
YFR044C,YDR403W,0,-1.0282155,0.1166413351893425,0.9191616773605347,0.697639524936676
YOR074C,YPR138C,0,-1.0282514,0.1166265681385994,0.9191616773605347,0.6977395415306091
YOL111C,YGR106C,0,-1.0282898,0.11661180108785629,0.9191616773605347,0.6978395581245422
YGR027C,YPL085W,0,-1.0291668,0.11659703403711319,0.9191616773605347,0.6979395747184753
YBL106C,YER075C,0,-1.0291708,0.11658228188753128,0.9191616773605347,0.6980395913124084
YKR026C,YHR109W,0,-1.029352,0.11656752228736877,0.9191616773605347,0.6981396079063416
YDR242W,YGL183C,0,-1.029943,0.11655277013778687,0.9191616773605347,0.6982396245002747
YLR079W,YLR383W,0,-1.0300865,0.11653802543878555,0.9191616773605347,0.6983396410942078
YOL093W,YBL071W-A,0,-1.0302685,0.11652328073978424,0.9191616773605347,0.6984397172927856
YJL103C,YOR219C,0,-1.0306847,0.11650853604078293,0.9191616773605347,0.6985397338867188
YDR267C,YLR205C,0,-1.0307921,0.11649379879236221,0.9191616773605347,0.6986397504806519
YKR094C,YDR247W,0,-1.0309154,0.1164790689945221,0.9191616773605347,0.698739767074585
YJL189W,YPL101W,0,-1.0311197,0.11646433919668198,0.9191616773605347,0.6988397836685181
YGL099W,YGR063C,0,-1.0312704,0.11644961684942245,0.9191616773605347,0.6989398002624512
YNL087W,YGL023C,1,-1.031635,0.11656131595373154,0.9201596975326538,0.6989398002624512
YGR157W,YJR160C,0,-1.0319701,0.11654657870531082,0.9201596975326538,0.6990398168563843
YER006W,YDR182W,0,-1.0320328,0.1165318489074707,0.9201596975326538,0.6991398334503174
YLR385C,YLR438C-A,0,-1.032165,0.11651712656021118,0.9201596975326538,0.6992398500442505
YHL036W,YDR206W,0,-1.0327413,0.11650240421295166,0.9201596975326538,0.6993398666381836
YDL213C,YAR035W,0,-1.0330471,0.11648768186569214,0.9201596975326538,0.6994398832321167
YBR135W,YCR048W,0,-1.0332755,0.11647296696901321,0.9201596975326538,0.6995398998260498
YJL130C,YOL148C,0,-1.0337002,0.11645825207233429,0.9201596975326538,0.6996399164199829
YKL120W,YBR280C,0,-1.0337237,0.11644354462623596,0.9201596975326538,0.699739933013916
YHR209W,YOR295W,0,-1.0338762,0.11642884463071823,0.9201596975326538,0.6998399496078491
YMR075W,YNR004W,0,-1.0339913,0.1164141446352005,0.9201596975326538,0.6999399662017822
YLR329W,YOL133W,0,-1.0340234,0.11639944463968277,0.9201596975326538,0.7000399827957153
YHL001W,YHR134W,0,-1.0342466,0.11638475209474564,0.9201596975326538,0.7001399993896484
YIL066C,YDL002C,0,-1.0343716,0.1163700595498085,0.9201596975326538,0.7002400755882263
YAL021C,YPL088W,0,-1.0347705,0.11635537445545197,0.9201596975326538,0.7003400921821594
YEL056W,YGR286C,0,-1.0353332,0.11634069681167603,0.9201596975326538,0.7004401087760925
YNR032W,YKL172W,0,-1.0355662,0.11632601916790009,0.9201596975326538,0.7005401253700256
YDR146C,YFR028C,0,-1.0356495,0.11631134152412415,0.9201596975326538,0.7006401419639587
YGL184C,YAL010C,0,-1.0359256,0.1162966713309288,0.9201596975326538,0.7007401585578918
YGR061C,YIL168W,0,-1.0360025,0.11628200113773346,0.9201596975326538,0.700840175151825
YJR155W,YLR453C,0,-1.0360504,0.11626733839511871,0.9201596975326538,0.7009401917457581
YPL228W,YJL194W,0,-1.0364382,0.11625267565250397,0.9201596975326538,0.7010402083396912
YKR035W-A,YNR003C,0,-1.0365945,0.11623802036046982,0.9201596975326538,0.7011402249336243
YAL022C,YMR278W,0,-1.037052,0.11622337251901627,0.9201596975326538,0.7012402415275574
YDR224C,YMR146C,0,-1.0371213,0.11620872467756271,0.9201596975326538,0.7013402581214905
YBL092W,YMR268C,0,-1.0372682,0.11619407683610916,0.9201596975326538,0.7014402747154236
YDR245W,YNL301C,0,-1.0374211,0.1161794364452362,0.9201596975326538,0.7015402913093567
YJL177W,YLL008W,0,-1.0382305,0.11616479605436325,0.9201596975326538,0.7016403079032898
YDR264C,YOL102C,0,-1.0383414,0.11615016311407089,0.9201596975326538,0.7017403244972229
YOL028C,YOL108C,0,-1.0383935,0.11613553017377853,0.9201596975326538,0.701840341091156
YML007W,YDR527W,0,-1.0384843,0.11612090468406677,0.9201596975326538,0.7019404172897339
YAL034W-A,YLR341W,0,-1.0385653,0.11610628664493561,0.9201596975326538,0.702040433883667
YJL198W,YDR198C,0,-1.038645,0.11609166115522385,0.9201596975326538,0.7021404504776001
YDR424C,YDR138W,0,-1.0388627,0.11607705056667328,0.9201596975326538,0.7022404670715332
YFL038C,YNL119W,0,-1.0388746,0.11606243997812271,0.9201596975326538,0.7023404836654663
YDR291W,YHL018W,0,-1.0391928,0.11604782938957214,0.9201596975326538,0.7024405002593994
YDR082W,YPR113W,0,-1.0393547,0.11603322625160217,0.9201596975326538,0.7025405168533325
YGR085C,YNL047C,0,-1.0394144,0.1160186231136322,0.9201596975326538,0.7026405334472656
YPL108W,YOR047C,0,-1.0395314,0.11600402742624283,0.9201596975326538,0.7027405500411987
YJL225C,YOR224C,0,-1.0396395,0.11598943173885345,0.9201596975326538,0.7028405666351318
YDL099W,YNL163C,0,-1.039819,0.11597484350204468,0.9201596975326538,0.7029405832290649
YNL071W,YIL105C,1,-1.0399784,0.11608602851629257,0.9211576581001282,0.7029405832290649
YER110C,YML124C,0,-1.0403849,0.1160714253783226,0.9211576581001282,0.703040599822998
YDL064W,YHR089C,0,-1.0405002,0.11605683714151382,0.9211576581001282,0.7031406164169312
YOR243C,YLR098C,0,-1.0407917,0.11604224145412445,0.9211576581001282,0.7032406330108643
YEL070W,YHR172W,0,-1.0409459,0.11602765321731567,0.9211576581001282,0.7033406496047974
YDL179W,YER118C,0,-1.0409933,0.1160130724310875,0.9211576581001282,0.7034406661987305
YBR068C,YPR183W,0,-1.0410618,0.11599849164485931,0.9211576581001282,0.7035406827926636
YMR034C,YOR323C,0,-1.0410817,0.11598391830921173,0.9211576581001282,0.7036406993865967
YMR293C,YEL021W,0,-1.041143,0.11596934497356415,0.9211576581001282,0.7037407755851746
YBL076C,YNL311C,0,-1.0414422,0.11595477163791656,0.9211576581001282,0.7038407921791077
YBR265W,YNR003C,0,-1.0416992,0.11594020575284958,0.9211576581001282,0.7039408087730408
YJL157C,YLL038C,0,-1.0418589,0.11592564731836319,0.9211576581001282,0.7040408253669739
YKR046C,YBR265W,0,-1.0419999,0.1159110888838768,0.9211576581001282,0.704140841960907
YNL080C,YPR018W,0,-1.0420214,0.11589653789997101,0.9211576581001282,0.7042408585548401
YDL150W,YKL167C,0,-1.0420831,0.11588198691606522,0.9211576581001282,0.7043408751487732
YJR056C,YIR033W,0,-1.0421287,0.11586743593215942,0.9211576581001282,0.7044408917427063
YER140W,YML062C,0,-1.0422949,0.11585289239883423,0.9211576581001282,0.7045409083366394
YKR101W,YGR185C,0,-1.0425571,0.11583835631608963,0.9211576581001282,0.7046409249305725
YNL175C,YDR051C,0,-1.0425885,0.11582382023334503,0.9211576581001282,0.7047409415245056
YER082C,YGR292W,0,-1.0426039,0.11580928415060043,0.9211576581001282,0.7048409581184387
YDR508C,YPR190C,0,-1.0426413,0.11579475551843643,0.9211576581001282,0.7049409747123718
YBR170C,YOR063W,0,-1.0426745,0.11578023433685303,0.9211576581001282,0.7050409913063049
YBR296C,YBR092C,0,-1.0428215,0.11576570570468903,0.9211576581001282,0.705141007900238
YNL061W,YDR444W,0,-1.0428675,0.11575119197368622,0.9211576581001282,0.7052410244941711
YMR098C,YOR237W,0,-1.0430559,0.11573667824268341,0.9211576581001282,0.7053410410881042
YDR495C,YGL209W,0,-1.0434922,0.1157221645116806,0.9211576581001282,0.7054411172866821
YGL148W,YJL171C,0,-1.0438082,0.11570765823125839,0.9211576581001282,0.7055411338806152
YER044C,YJR017C,0,-1.043857,0.11569315940141678,0.9211576581001282,0.7056411504745483
YPL055C,YMR269W,0,-1.044531,0.11567865312099457,0.9211576581001282,0.7057411670684814
YDR107C,YMR269W,0,-1.0447137,0.11566416174173355,0.9211576581001282,0.7058411836624146
YKL173W,YDR461W,0,-1.0451636,0.11564967036247253,0.9211576581001282,0.7059412002563477
YHR072W,YOR234C,0,-1.0453408,0.11563517898321152,0.9211576581001282,0.7060412168502808
YOL130W,YMR260C,0,-1.0458688,0.1156206950545311,0.9211576581001282,0.7061412334442139
YBR241C,YPL060W,0,-1.0458854,0.11560621112585068,0.9211576581001282,0.706241250038147
YGL030W,YLR042C,0,-1.0462432,0.11559173464775085,0.9211576581001282,0.7063412666320801
YNL293W,YGR156W,0,-1.0462594,0.11557725816965103,0.9211576581001282,0.7064412832260132
YGR065C,YDR408C,0,-1.0465702,0.1155627891421318,0.9211576581001282,0.7065412998199463
YLR003C,YLR113W,0,-1.0466765,0.11554832011461258,0.9211576581001282,0.7066413164138794
YML077W,YGR049W,0,-1.0473244,0.11553385853767395,0.9211576581001282,0.7067413330078125
YKL012W,YMR016C,0,-1.0475398,0.11551939696073532,0.9211576581001282,0.7068413496017456
YPR200C,YBR239C,0,-1.0476168,0.11550494283437729,0.9211576581001282,0.7069413661956787
YKL146W,YBR201W,0,-1.0477214,0.11549048870801926,0.9211576581001282,0.7070413827896118
YHL007C,YBR093C,0,-1.0479586,0.11547604203224182,0.9211576581001282,0.7071413993835449
YPL265W,YGR023W,0,-1.0479845,0.11546159535646439,0.9211576581001282,0.7072414755821228
YER145C,YGL133W,0,-1.0484086,0.11544715613126755,0.9211576581001282,0.7073414921760559
YAL044C,YER120W,1,-1.0485151,0.11555778235197067,0.9221556782722473,0.7073414921760559
YML026C,YJR098C,0,-1.0489916,0.11554332822561264,0.9221556782722473,0.707441508769989
YHR050W,YFL002W-A,0,-1.0492895,0.1155288815498352,0.9221556782722473,0.7075415253639221
YOR237W,YPL048W,1,-1.0495709,0.11563945561647415,0.9231536984443665,0.7075415253639221
YIL172C,YOR096W,0,-1.0498285,0.11562500149011612,0.9231536984443665,0.7076415419578552
YFR052W,YKL042W,0,-1.0499214,0.11561054736375809,0.9231536984443665,0.7077415585517883
YOL117W,YGL055W,0,-1.0500679,0.11559610068798065,0.9231536984443665,0.7078415751457214
YCL030C,YMR134W,0,-1.0501785,0.11558165401220322,0.9231536984443665,0.7079415917396545
YDR478W,YGL131C,0,-1.0511369,0.11556721478700638,0.9231536984443665,0.7080416083335876
YJL225C,YFL052W,0,-1.0511904,0.11555278301239014,0.9231536984443665,0.7081416249275208
YBR302C,YIL145C,0,-1.0514657,0.1155383437871933,0.9231536984443665,0.7082416415214539
YDR224C,YDR022C,0,-1.0520931,0.11552391946315765,0.9231536984443665,0.708341658115387
YMR160W,YAL054C,0,-1.0526228,0.11550948768854141,0.9231536984443665,0.7084416747093201
YOR237W,YOR086C,1,-1.0527172,0.11561992764472961,0.9241517186164856,0.7084416747093201
YBR058C,YML034W,0,-1.0530349,0.11560549587011337,0.9241517186164856,0.7085416913032532
YGL084C,YJL191W,0,-1.0532135,0.11559106409549713,0.9241517186164856,0.7086417078971863
YDR529C,YDL114W,0,-1.053221,0.11557663232088089,0.9241517186164856,0.7087417244911194
YAL062W,YOL104C,0,-1.0534786,0.11556220799684525,0.9241517186164856,0.7088417410850525
YPR054W,YDL231C,0,-1.0542113,0.1155477911233902,0.9241517186164856,0.7089418172836304
YLR439W,YML039W,0,-1.0542353,0.11553337424993515,0.9241517186164856,0.7090418338775635
YJL095W,YDR501W,0,-1.0542775,0.1155189648270607,0.9241517186164856,0.7091418504714966
YCR046C,YML066C,0,-1.0544571,0.11550455540418625,0.9241517186164856,0.7092418670654297
YDR298C,YNL311C,0,-1.0545015,0.1154901459813118,0.9241517186164856,0.7093418836593628
YJL151C,YKL038W,0,-1.0547408,0.11547574400901794,0.9241517186164856,0.7094419002532959
YGR027C,YDR443C,0,-1.0549341,0.11546134948730469,0.9241517186164856,0.709541916847229
YNL267W,YGL185C,0,-1.0552435,0.11544695496559143,0.9241517186164856,0.7096419334411621
YBR172C,YHR079C,0,-1.0554256,0.11543256044387817,0.9241517186164856,0.7097419500350952
YKR104W,YKR044W,0,-1.0554616,0.11541817337274551,0.9241517186164856,0.7098419666290283
YBR267W,YKL112W,0,-1.0556543,0.11540378630161285,0.9241517186164856,0.7099419832229614
YPL104W,YGR048W,0,-1.055865,0.11538940668106079,0.9241517186164856,0.7100419998168945
YDR207C,YNL046W,0,-1.0563136,0.11537503451108932,0.9241517186164856,0.7101420164108276
YER138C,YPL065W,0,-1.0563252,0.11536065489053726,0.9241517186164856,0.7102420330047607
YFR055W,YLR336C,0,-1.0563476,0.11534629017114639,0.9241517186164856,0.7103420495986938
YLR141W,YLR029C,0,-1.0564975,0.11533192545175552,0.9241517186164856,0.710442066192627
YNL110C,YHR047C,0,-1.0567029,0.11531756073236465,0.9241517186164856,0.7105420827865601
YPL009C,YOR393W,0,-1.056749,0.11530320346355438,0.9241517186164856,0.7106420993804932
YDR088C,YKL004W,0,-1.0567957,0.11528884619474411,0.9241517186164856,0.710742175579071
YGL205W,YLR038C,0,-1.0569948,0.11527449637651443,0.9241517186164856,0.7108421921730042
YGL184C,YBR164C,0,-1.0570058,0.11526014655828476,0.9241517186164856,0.7109422087669373
YIL159W,YIL162W,0,-1.0574255,0.11524579674005508,0.9241517186164856,0.7110422253608704
YMR098C,YGL032C,0,-1.05771,0.1152314618229866,0.9241517186164856,0.7111422419548035
YGR277C,YFL002C,0,-1.0578642,0.11521711945533752,0.9241517186164856,0.7112422585487366
YJR104C,YPR002W,0,-1.057998,0.11520278453826904,0.9241517186164856,0.7113422751426697
YKL180W,YDR497C,0,-1.0581689,0.11518845707178116,0.9241517186164856,0.7114422917366028
YDR014W,YMR312W,0,-1.0587393,0.11517412960529327,0.9241517186164856,0.7115423083305359
YGR006W,YJR057W,0,-1.0587676,0.11515980958938599,0.9241517186164856,0.711642324924469
YER007W,YKL018W,0,-1.0588123,0.1151454895734787,0.9241517186164856,0.7117423415184021
YKL009W,YDR497C,0,-1.0591792,0.11513116955757141,0.9241517186164856,0.7118423581123352
YFR028C,YDR017C,0,-1.0592862,0.11511685699224472,0.9241517186164856,0.7119423747062683
YLL043W,YPL283C,0,-1.0594329,0.11510255187749863,0.9241517186164856,0.7120423913002014
YER082C,YPR082C,0,-1.059686,0.11508823931217194,0.9241517186164856,0.7121424078941345
YNL202W,YGL044C,0,-1.0606729,0.11507394164800644,0.9241517186164856,0.7122424244880676
YGR002C,YDL042C,0,-1.0607417,0.11505964398384094,0.9241517186164856,0.7123424410820007
YHL022C,YJL104W,0,-1.060893,0.11504534631967545,0.9241517186164856,0.7124425172805786
YDR337W,YKR062W,0,-1.0611182,0.11503105610609055,0.9241517186164856,0.7125425338745117
YER048C,YOR133W,0,-1.0614313,0.11501676589250565,0.9241517186164856,0.7126425504684448
YDR119W,YBR001C,0,-1.0615546,0.11500248312950134,0.9241517186164856,0.7127425670623779
YHR011W,YFR009W,0,-1.0616891,0.11498820036649704,0.9241517186164856,0.712842583656311
YER125W,YPR097W,1,-1.0619109,0.11509808897972107,0.92514967918396,0.712842583656311
YLR089C,YJL063C,0,-1.0623026,0.11508379876613617,0.92514967918396,0.7129426002502441
YJR105W,YBL101C,0,-1.0625042,0.11506951600313187,0.92514967918396,0.7130426168441772
YBL089W,YJR135C,0,-1.0625906,0.11505523324012756,0.92514967918396,0.7131426334381104
YGL047W,YJR158W,0,-1.0631375,0.11504095047712326,0.92514967918396,0.7132426500320435
YMR281W,YIR039C,0,-1.0632926,0.11502667516469955,0.92514967918396,0.7133426666259766
YHR105W,YHR001W,1,-1.0633348,0.11513647437095642,0.9261476993560791,0.7133426666259766
YOR388C,YOR125C,0,-1.0633358,0.11512219160795212,0.9261476993560791,0.7134426832199097
YMR143W,YBR299W,0,-1.0639751,0.11510791629552841,0.9261476993560791,0.7135426998138428
YMR114C,YCL025C,0,-1.0641764,0.1150936409831047,0.9261476993560791,0.7136427164077759
YGR274C,YLR320W,0,-1.0642115,0.115079365670681,0.9261476993560791,0.713742733001709
YKR030W,YDR077W,0,-1.0643936,0.11506509780883789,0.9261476993560791,0.7138427495956421
YFL022C,YHR116W,0,-1.0645183,0.11505082994699478,0.9261476993560791,0.7139427661895752
YOR190W,YHR160C,0,-1.0646994,0.11503656953573227,0.9261476993560791,0.7140427827835083
YGL255W,YHR105W,0,-1.0648241,0.11502230912446976,0.9261476993560791,0.7141427993774414
YOR106W,YKR038C,0,-1.0648568,0.11500805616378784,0.9261476993560791,0.7142428755760193
YDL181W,YJR086W,0,-1.0650002,0.11499380320310593,0.9261476993560791,0.7143428921699524
YLR221C,YNL279W,0,-1.0650655,0.11497955769300461,0.9261476993560791,0.7144429087638855
YNL080C,YKR105C,0,-1.065241,0.11496531218290329,0.9261476993560791,0.7145429253578186
YBR240C,YGL055W,0,-1.0656668,0.11495107412338257,0.9261476993560791,0.7146429419517517
YBR156C,YAR035W,0,-1.065805,0.11493683606386185,0.9261476993560791,0.7147429585456848
YAR066W,YOL018C,0,-1.0660131,0.11492259800434113,0.9261476993560791,0.7148429751396179
YJR047C,YGR255C,0,-1.0661184,0.114908367395401,0.9261476993560791,0.714942991733551
YGL131C,YKL008C,0,-1.066549,0.11489414423704147,0.9261476993560791,0.7150430083274841
YAL035W,YLR449W,0,-1.066691,0.11487992107868195,0.9261476993560791,0.7151430249214172
YPR137W,YNL275W,0,-1.0672174,0.11486569792032242,0.9261476993560791,0.7152430415153503
YLR206W,YHR105W,1,-1.0678005,0.11497524380683899,0.9271457195281982,0.7152430415153503
YPL283C,YJR089W,0,-1.067836,0.11496102064847946,0.9271457195281982,0.7153430581092834
YGR223C,YGL212W,1,-1.0680599,0.11507052928209305,0.9281437397003174,0.7153430581092834
YBR088C,YJR005W,0,-1.0687354,0.11505629122257233,0.9281437397003174,0.7154430747032166
YLR139C,YJR077C,0,-1.068981,0.1150420606136322,0.9281437397003174,0.7155430912971497
YOR071C,YBR128C,0,-1.0690051,0.11502783000469208,0.9281437397003174,0.7156431078910828
YOL008W,YNR075W,0,-1.0690691,0.11501360684633255,0.9281437397003174,0.7157431244850159
YDR385W,YMR016C,0,-1.069226,0.11499938368797302,0.9281437397003174,0.715843141078949
YGR035C,YMR078C,0,-1.0692421,0.1149851605296135,0.9281437397003174,0.7159432172775269
YKR080W,YJR090C,0,-1.0693902,0.11497094482183456,0.9281437397003174,0.71604323387146
YLR048W,YKR067W,0,-1.0695441,0.11495673656463623,0.9281437397003174,0.7161432504653931
YLR399C,YBR066C,0,-1.0698534,0.1149425283074379,0.9281437397003174,0.7162432670593262
YHR107C,YER114C,1,-1.0699123,0.11505190283060074,0.9291417002677917,0.7162432670593262
YGR225W,YHL032C,0,-1.0700693,0.11503768712282181,0.9291417002677917,0.7163432836532593
YMR006C,YHR119W,0,-1.0704545,0.11502347141504288,0.9291417002677917,0.7164433002471924
YIL171W,YGR054W,0,-1.0706346,0.11500926315784454,0.9291417002677917,0.7165433168411255
YDR531W,YOL080C,0,-1.0706947,0.1149950623512268,0.9291417002677917,0.7166433334350586
YMR210W,YOL104C,0,-1.0710375,0.11498085409402847,0.9291417002677917,0.7167433500289917
YPL217C,YNL122C,0,-1.0711609,0.11496666073799133,0.9291417002677917,0.7168433666229248
YGR264C,YEL016C,0,-1.0712285,0.1149524599313736,0.9291417002677917,0.7169433832168579
YDL164C,YMR319C,0,-1.0712289,0.11493827402591705,0.9291417002677917,0.717043399810791
YBR104W,YER087W,0,-1.0713601,0.11492408066987991,0.9291417002677917,0.7171434164047241
YOR245C,YIL020C,0,-1.0716466,0.11490990221500397,0.9291417002677917,0.7172434329986572
YBR167C,YPR189W,0,-1.0718163,0.11489571630954742,0.9291417002677917,0.7173434495925903
YNL124W,YEL052W,0,-1.0718696,0.11488153785467148,0.9291417002677917,0.7174434661865234
YHL022C,YCR098C,0,-1.0723358,0.11486736685037613,0.9291417002677917,0.7175434827804565
YMR170C,YDR218C,0,-1.0728498,0.11485319584608078,0.9291417002677917,0.7176434993743896
YCL026C-B,YGR128C,0,-1.0728587,0.11483902484178543,0.9291417002677917,0.7177435755729675
YGR087C,YGL254W,0,-1.0741593,0.11482486128807068,0.9291417002677917,0.7178435921669006
YGR105W,YOR151C,0,-1.0741671,0.11481070518493652,0.9291417002677917,0.7179436087608337
YDR101C,YGL055W,0,-1.0743161,0.11479654908180237,0.9291417002677917,0.7180436253547668
YDR392W,YHR007C,0,-1.0743616,0.11478239297866821,0.9291417002677917,0.7181436419487
YDL191W,YDL108W,0,-1.0746082,0.11476824432611465,0.9291417002677917,0.7182436585426331
YDR225W,YDR363W-A,0,-1.0746831,0.1147540956735611,0.9291417002677917,0.7183436751365662
YLR306W,YOR327C,0,-1.0749483,0.11473995447158813,0.9291417002677917,0.7184436917304993
YDR452W,YNR075W,0,-1.0750444,0.11472581326961517,0.9291417002677917,0.7185437083244324
YIR028W,YOR181W,0,-1.0751793,0.11471167951822281,0.9291417002677917,0.7186437249183655
YDR144C,YGR257C,0,-1.0752296,0.11469754576683044,0.9291417002677917,0.7187437415122986
YDL222C,YKL193C,0,-1.075292,0.11468341946601868,0.9291417002677917,0.7188437581062317
YER180C,YDL205C,0,-1.0753857,0.11466929316520691,0.9291417002677917,0.7189437747001648
YBR132C,YGL033W,0,-1.0755959,0.11465517431497574,0.9291417002677917,0.7190437912940979
YPL111W,YER166W,0,-1.0760083,0.11464105546474457,0.9291417002677917,0.719143807888031
YJL200C,YOR196C,0,-1.0761,0.1146269366145134,0.9291417002677917,0.7192438244819641
YOR265W,YNL292W,0,-1.0762413,0.11461282521486282,0.9291417002677917,0.7193438410758972
YDR266C,YLR452C,0,-1.0764599,0.11459872126579285,0.9291417002677917,0.7194439172744751
YDL113C,YDR148C,1,-1.0765092,0.11470769345760345,0.9301397204399109,0.7194439172744751
YKL053C-A,YDL055C,0,-1.0765344,0.11469357460737228,0.9301397204399109,0.7195439338684082
YPR183W,YBL004W,0,-1.0766822,0.11467946320772171,0.9301397204399109,0.7196439504623413
YLR086W,YLR135W,0,-1.076746,0.11466535180807114,0.9301397204399109,0.7197439670562744
YGR068C,YNL126W,0,-1.0770092,0.11465124785900116,0.9301397204399109,0.7198439836502075
YNL135C,YLR013W,0,-1.077169,0.11463714390993118,0.9301397204399109,0.7199440002441406
YBR183W,YLL052C,0,-1.0772871,0.1146230474114418,0.9301397204399109,0.7200440168380737
YDR011W,YPL170W,0,-1.0778275,0.11460895091295242,0.9301397204399109,0.7201440334320068
YBL006C,YDR198C,0,-1.0783185,0.11459486186504364,0.9301397204399109,0.7202440500259399
YML026C,YLL029W,0,-1.0785154,0.11458077281713486,0.9301397204399109,0.720344066619873
YGR223C,YEL040W,0,-1.0785306,0.11456668376922607,0.9301397204399109,0.7204440832138062
YPL078C,YIL015W,0,-1.0785452,0.11455260217189789,0.9301397204399109,0.7205440998077393
YOR378W,YGR063C,0,-1.078582,0.1145385280251503,0.9301397204399109,0.7206441164016724
YJR032W,YGR032W,0,-1.0790002,0.11452445387840271,0.9301397204399109,0.7207441329956055
YGL106W,YNL300W,0,-1.0794307,0.11451037973165512,0.9301397204399109,0.7208441495895386
YOR308C,YDL044C,0,-1.0795882,0.11449631303548813,0.9301397204399109,0.7209441661834717
YKL201C,YOR292C,0,-1.0799354,0.11448225378990173,0.9301397204399109,0.7210441827774048
YLR134W,YMR229C,0,-1.0799359,0.11446818709373474,0.9301397204399109,0.7211441993713379
YJR104C,YOR092W,0,-1.0800117,0.11445413529872894,0.9301397204399109,0.7212442755699158
YFR005C,YCR047C,0,-1.0801171,0.11444007605314255,0.9301397204399109,0.7213442921638489
YNL213C,YOR083W,0,-1.0801921,0.11442603170871735,0.9301397204399109,0.721444308757782
YCR048W,YOR143C,0,-1.0802333,0.11441197991371155,0.9301397204399109,0.7215443253517151
YLR141W,YDR378C,0,-1.0803841,0.11439793556928635,0.9301397204399109,0.7216443419456482
YBR079C,YDR107C,0,-1.0807904,0.11438389867544174,0.9301397204399109,0.7217443585395813
YEL071W,YLR097C,0,-1.0808071,0.11436986178159714,0.9301397204399109,0.7218443751335144
YJL002C,YEL009C,0,-1.0808225,0.11435582488775253,0.9301397204399109,0.7219443917274475
YHR099W,YGR225W,0,-1.0808414,0.11434179544448853,0.9301397204399109,0.7220444083213806
YFL017W-A,YJL140W,0,-1.0811348,0.11432777345180511,0.9301397204399109,0.7221444249153137
YGL163C,YLR410W,0,-1.0814531,0.1143137514591217,0.9301397204399109,0.7222444415092468
YPL027W,YOL075C,0,-1.0815656,0.1142997294664383,0.9301397204399109,0.7223444581031799
YDL212W,YLR163C,0,-1.0821234,0.11428571492433548,0.9301397204399109,0.722444474697113
YNL093W,YPR035W,0,-1.0824163,0.11427170038223267,0.9301397204399109,0.7225444912910461
YEL069C,YDL004W,0,-1.082477,0.11425769329071045,0.9301397204399109,0.7226445078849792
YOR035C,YGL175C,0,-1.082511,0.11424368619918823,0.9301397204399109,0.7227445244789124
YGL245W,YOR234C,0,-1.082527,0.11422968655824661,0.9301397204399109,0.7228445410728455
YBR010W,YGR056W,0,-1.0825372,0.11421568691730499,0.9301397204399109,0.7229446172714233
YGR027C,YNR008W,0,-1.0826434,0.11420168727636337,0.9301397204399109,0.7230446338653564
YLR096W,YML060W,0,-1.0828773,0.11418770253658295,0.9301397204399109,0.7231446504592896
YGR288W,YMR297W,0,-1.0828944,0.11417371034622192,0.9301397204399109,0.7232446670532227
YER056C-A,YHR056C,0,-1.0830127,0.1141597256064415,0.9301397204399109,0.7233446836471558
YGR175C,YKR048C,0,-1.083656,0.11414574086666107,0.9301397204399109,0.7234447002410889
YFR001W,YHR147C,0,-1.0837647,0.11413176357746124,0.9301397204399109,0.723544716835022
YDR506C,YJL138C,0,-1.0838517,0.11411779373884201,0.9301397204399109,0.7236447334289551
YMR241W,YLR157C,0,-1.0838804,0.11410381644964218,0.9301397204399109,0.7237447500228882
YMR089C,YKL078W,0,-1.0841273,0.11408985406160355,0.9301397204399109,0.7238447666168213
YLR154C,YNL197C,0,-1.0842435,0.11407588422298431,0.9301397204399109,0.7239447832107544
YNL220W,YBR009C,0,-1.084339,0.11406192928552628,0.9301397204399109,0.7240447998046875
YGL043W,YGL209W,0,-1.0845053,0.11404796689748764,0.9301397204399109,0.7241448163986206
YKR056W,YJR113C,0,-1.0849438,0.1140340119600296,0.9301397204399109,0.7242448329925537
YMR083W,YBR214W,0,-1.0850781,0.11402006447315216,0.9301397204399109,0.7243448495864868
YJR028W,YOR151C,0,-1.0852019,0.11400611698627472,0.9301397204399109,0.7244448661804199
YDR022C,YLR081W,0,-1.0862263,0.11399216949939728,0.9301397204399109,0.724544882774353
YJR019C,YGL180W,0,-1.0863258,0.11397822946310043,0.9301397204399109,0.7246448993682861
YNR012W,YGR071C,0,-1.0863433,0.11396429687738419,0.9301397204399109,0.724744975566864
YGL038C,YDL153C,0,-1.0863736,0.11395036429166794,0.9301397204399109,0.7248449921607971
YLR433C,YHR143W,0,-1.0865108,0.11393643170595169,0.9301397204399109,0.7249450087547302
YNL067W,YJR098C,0,-1.086722,0.11392250657081604,0.9301397204399109,0.7250450253486633
YJR147W,YOR216C,0,-1.0869699,0.11390858143568039,0.9301397204399109,0.7251450419425964
YNR049C,YDR402C,0,-1.0871516,0.11389465630054474,0.9301397204399109,0.7252450585365295
YLR120C,YJR129C,0,-1.0873702,0.11388074606657028,0.9301397204399109,0.7253450751304626
YIL135C,YNL300W,0,-1.0874331,0.11386682838201523,0.9301397204399109,0.7254450917243958
YLR390W,YOR222W,0,-1.0878181,0.11385291814804077,0.9301397204399109,0.7255451083183289
YDL085W,YHR129C,0,-1.0879072,0.11383901536464691,0.9301397204399109,0.725645124912262
YJL148W,YGR285C,0,-1.0882983,0.11382511258125305,0.9301397204399109,0.7257451415061951
YIL085C,YDL179W,0,-1.0883375,0.11381120979785919,0.9301397204399109,0.7258451581001282
YNR004W,YOL127W,0,-1.0884199,0.11379731446504593,0.9301397204399109,0.7259451746940613
YPL211W,YOR070C,0,-1.0885198,0.11378341913223267,0.9301397204399109,0.7260451912879944
YBR274W,YJL028W,0,-1.0887711,0.11376953125,0.9301397204399109,0.7261452078819275
YPL160W,YGR065C,0,-1.0889382,0.11375564336776733,0.9301397204399109,0.7262452244758606
YGL244W,YKL179C,0,-1.0889605,0.11374176293611526,0.9301397204399109,0.7263452410697937
YNL093W,YJL213W,0,-1.0892016,0.1137278825044632,0.9301397204399109,0.7264453172683716
YDR403W,YDR408C,0,-1.0892754,0.11371400952339172,0.9301397204399109,0.7265453338623047
YPR135W,YJL138C,0,-1.089885,0.11370013654232025,0.9301397204399109,0.7266453504562378
YLR237W,YKL220C,0,-1.0899185,0.11368626356124878,0.9301397204399109,0.7267453670501709
YPL082C,YIL117C,0,-1.0901469,0.1136723980307579,0.9301397204399109,0.726845383644104
YLR040C,YKL186C,0,-1.0902817,0.11365853995084763,0.9301397204399109,0.7269454002380371
YJL113W,YGR200C,0,-1.0903134,0.11364467442035675,0.9301397204399109,0.7270454168319702
YGR106C,YPL269W,0,-1.0908675,0.11363082379102707,0.9301397204399109,0.7271454334259033
YDL039C,YJR006W,0,-1.0909407,0.11361696571111679,0.9301397204399109,0.7272454500198364
YPR132W,YGL183C,0,-1.091082,0.1136031225323677,0.9301397204399109,0.7273454666137695
YDR131C,YJL158C,0,-1.0911651,0.11358927190303802,0.9301397204399109,0.7274454832077026
YAL044C,YGR241C,1,-1.0913582,0.11369729787111282,0.93113774061203,0.7274454832077026
YNL052W,YGL136C,0,-1.0917404,0.11368343979120255,0.93113774061203,0.7275454998016357
YOR237W,YDL113C,1,-1.0918887,0.11379142105579376,0.9321357011795044,0.7275454998016357
YGR105W,YNR060W,0,-1.0919334,0.11377756297588348,0.9321357011795044,0.7276455163955688
YBL074C,YLR130C,0,-1.0919675,0.1137637048959732,0.9321357011795044,0.727745532989502
YBL005W-B,YHR070W,0,-1.0920522,0.11374984681606293,0.9321357011795044,0.7278455495834351
YGR166W,YKR022C,0,-1.0921907,0.11373599618673325,0.9321357011795044,0.7279455661773682
YDR073W,YOR348C,0,-1.0923958,0.11372214555740356,0.9321357011795044,0.7280455827713013
YBR244W,YIL023C,0,-1.0926299,0.11370830237865448,0.9321357011795044,0.7281455993652344
YKR024C,YDR492W,0,-1.0926598,0.1136944591999054,0.9321357011795044,0.7282456755638123
YAL054C,YOR080W,0,-1.0931662,0.11368062347173691,0.9321357011795044,0.7283456921577454
YDR151C,YOR255W,0,-1.0932628,0.11366678774356842,0.9321357011795044,0.7284457087516785
YMR208W,YER082C,0,-1.0933366,0.11365295946598053,0.9321357011795044,0.7285457253456116
YJL177W,YIR009W,0,-1.0935085,0.11363913118839264,0.9321357011795044,0.7286457419395447
YBL009W,YER172C,0,-1.0937164,0.11362530291080475,0.9321357011795044,0.7287457585334778
YML121W,YGL131C,0,-1.0940607,0.11361148208379745,0.9321357011795044,0.7288457751274109
YDR036C,YPL226W,0,-1.0940949,0.11359766125679016,0.9321357011795044,0.728945791721344
YOR145C,YDR044W,0,-1.0948057,0.11358384788036346,0.9321357011795044,0.7290458083152771
YHR069C,YPL143W,0,-1.0953801,0.11357004195451736,0.9321357011795044,0.7291458249092102
YLR307W,YBR128C,0,-1.095607,0.11355622857809067,0.9321357011795044,0.7292458415031433
YEL017C-A,YML087C,0,-1.0959485,0.11354243010282516,0.9321357011795044,0.7293458580970764
YMR077C,YHR072W-A,0,-1.0961293,0.11352862417697906,0.9321357011795044,0.7294458746910095
YLR222C,YER074W,0,-1.0964394,0.11351482570171356,0.9321357011795044,0.7295458912849426
YCL057C-A,YHR098C,0,-1.0965061,0.11350103467702866,0.9321357011795044,0.7296459078788757
YML081C-A,YDR432W,0,-1.0968673,0.11348724365234375,0.9321357011795044,0.7297459244728088
YDR170C,YDR279W,0,-1.0968813,0.11347345262765884,0.9321357011795044,0.7298459410667419
YNR074C,YJR135W-A,0,-1.0972056,0.11345966905355453,0.9321357011795044,0.7299460172653198
YNL282W,YKR002W,0,-1.0972179,0.11344588547945023,0.9321357011795044,0.7300460338592529
YKL212W,YHL044W,0,-1.0975405,0.11343210935592651,0.9321357011795044,0.730146050453186
YKL096W,YKL170W,0,-1.0976863,0.1134183332324028,0.9321357011795044,0.7302460670471191
YBR223C,YKL124W,0,-1.0977409,0.11340456455945969,0.9321357011795044,0.7303460836410522
YNL032W,YNL151C,0,-1.0978621,0.11339079588651657,0.9321357011795044,0.7304461002349854
YDL067C,YNL126W,0,-1.0978792,0.11337703466415405,0.9321357011795044,0.7305461168289185
YOR229W,YGL103W,0,-1.098317,0.11336327344179153,0.9321357011795044,0.7306461334228516
YNL092W,YDR226W,0,-1.0988319,0.11334951221942902,0.9321357011795044,0.7307461500167847
YDL133C-A,YLL036C,0,-1.0989885,0.1133357584476471,0.9321357011795044,0.7308461666107178
YDL061C,YPR083W,0,-1.0990286,0.11332201212644577,0.9321357011795044,0.7309461832046509
YPR021C,YOR243C,0,-1.0991709,0.11330825835466385,0.9321357011795044,0.731046199798584
YKL038W,YDR322W,0,-1.0991712,0.11329451948404312,0.9321357011795044,0.7311462163925171
YOR304C-A,YBL084C,0,-1.0993152,0.1132807731628418,0.9321357011795044,0.7312462329864502
YER103W,YGL032C,0,-1.0993607,0.11326704174280167,0.9321357011795044,0.7313462495803833
YMR241W,YPL112C,0,-1.0998262,0.11325330287218094,0.9321357011795044,0.7314462661743164
YMR292W,YLR285W,0,-1.0998347,0.11323957145214081,0.9321357011795044,0.7315462827682495
YDR099W,YCR087C-A,0,-1.1002038,0.11322584748268127,0.9321357011795044,0.7316463589668274
YLL019C,YBR019C,0,-1.100248,0.11321212351322174,0.9321357011795044,0.7317463755607605
YCR046C,YGL206C,0,-1.1004556,0.11319839954376221,0.9321357011795044,0.7318463921546936
YCR003W,YDR346C,0,-1.1007576,0.11318468302488327,0.9321357011795044,0.7319464087486267
YJR053W,YIR017C,0,-1.1007988,0.11317096650600433,0.9321357011795044,0.7320464253425598
YLL038C,YBR290W,0,-1.1010358,0.113157257437706,0.9321357011795044,0.7321464419364929
YGL205W,YDR219C,0,-1.1017158,0.11314354836940765,0.9321357011795044,0.732246458530426
YMR119W,YHR085W,0,-1.1019049,0.11312984675168991,0.9321357011795044,0.7323464751243591
YPL082C,YCR017C,0,-1.1019146,0.11311614513397217,0.9321357011795044,0.7324464917182922
YNL152W,YIL131C,0,-1.1024331,0.11310244351625443,0.9321357011795044,0.7325465083122253
YGR027C,YPR066W,0,-1.1025065,0.11308874934911728,0.9321357011795044,0.7326465249061584
YGR059W,YNL292W,0,-1.1028204,0.11307506263256073,0.9321357011795044,0.7327465415000916
YAL014C,YBR061C,0,-1.10288,0.11306137591600418,0.9321357011795044,0.7328465580940247
YFL016C,YER146W,0,-1.1029763,0.11304768919944763,0.9321357011795044,0.7329465746879578
YJR112W,YMR026C,0,-1.1036587,0.11303400993347168,0.9321357011795044,0.7330465912818909
YMR267W,YKL078W,0,-1.1040843,0.11302033066749573,0.9321357011795044,0.733146607875824
YKL117W,YOL072W,0,-1.1041394,0.11300665140151978,0.9321357011795044,0.7332466244697571
YER074W,YHR215W,0,-1.1043314,0.11299297958612442,0.9321357011795044,0.7333466410636902
YLR096W,YDL150W,0,-1.1044198,0.11297931522130966,0.9321357011795044,0.7334467172622681
YOR336W,YHR056C,0,-1.1046295,0.1129656508564949,0.9321357011795044,0.7335467338562012
YMR117C,YFL057C,0,-1.1052973,0.11295198649168015,0.9321357011795044,0.7336467504501343
YBR187W,YHR132C,0,-1.1053648,0.11293832957744598,0.9321357011795044,0.7337467670440674
YCL069W,YKL013C,0,-1.1056749,0.11292468011379242,0.9321357011795044,0.7338467836380005
YLR186W,YLR224W,0,-1.1058462,0.11291102319955826,0.9321357011795044,0.7339468002319336
YMR264W,YLR427W,0,-1.1058958,0.1128973737359047,0.9321357011795044,0.7340468168258667
YPR137W,YKR090W,0,-1.1059022,0.11288373172283173,0.9321357011795044,0.7341468334197998
YER020W,YLR129W,0,-1.1065178,0.11287008970975876,0.9321357011795044,0.7342468500137329
YLR390W,YBL030C,0,-1.1065255,0.11285645514726639,0.9321357011795044,0.734346866607666
YDR077W,YMR260C,0,-1.1067349,0.11284282058477402,0.9321357011795044,0.7344468832015991
YJR121W,YLL013C,0,-1.1069468,0.11282918602228165,0.9321357011795044,0.7345468997955322
YKL027W,YBR215W,0,-1.1069648,0.11281555891036987,0.9321357011795044,0.7346469163894653
YDR146C,YLR135W,0,-1.1070577,0.1128019317984581,0.9321357011795044,0.7347469329833984
YFL066C,YMR117C,0,-1.1070882,0.11278831213712692,0.9321357011795044,0.7348469495773315
YKL144C,YEL009C,0,-1.1071689,0.11277469247579575,0.9321357011795044,0.7349469661712646
YER039C,YIL162W,0,-1.1072658,0.11276108026504517,0.9321357011795044,0.7350469827651978
YER019C-A,YDR495C,0,-1.1072795,0.11274746805429459,0.9321357011795044,0.7351470589637756
YNL241C,YJL056C,0,-1.1074212,0.112733855843544,0.9321357011795044,0.7352470755577087
YML022W,YDR371W,0,-1.1075274,0.11272025108337402,0.9321357011795044,0.7353470921516418
YER065C,YNR011C,0,-1.1078733,0.11270664632320404,0.9321357011795044,0.735447108745575
YGL168W,YJL116C,0,-1.1082646,0.11269304901361465,0.9321357011795044,0.7355471253395081
YDR090C,YCR077C,0,-1.1083102,0.11267945170402527,0.9321357011795044,0.7356471419334412
YDR073W,YBR192W,0,-1.1083994,0.11266586184501648,0.9321357011795044,0.7357471585273743
YJL124C,YDL171C,0,-1.1087646,0.11265227198600769,0.9321357011795044,0.7358471751213074
YJR076C,YDR077W,0,-1.1088089,0.1126386895775795,0.9321357011795044,0.7359471917152405
YML064C,YLR341W,0,-1.1091452,0.1126251071691513,0.9321357011795044,0.7360472083091736
YKL107W,YBR012W-B,0,-1.1092715,0.11261152476072311,0.9321357011795044,0.7361472249031067
YGR285C,YBL005W-A,0,-1.1092794,0.11259794980287552,0.9321357011795044,0.7362472414970398
YJL065C,YER074W,0,-1.1092951,0.11258437484502792,0.9321357011795044,0.7363472580909729
YPL157W,YER122C,0,-1.1099555,0.11257080733776093,0.9321357011795044,0.736447274684906
YLR073C,YDR487C,0,-1.1100636,0.11255723983049393,0.9321357011795044,0.7365472912788391
YDL019C,YDR296W,0,-1.1101322,0.11254367977380753,0.9321357011795044,0.7366473078727722
YJR010C-A,YMR271C,0,-1.110521,0.11253011971712112,0.9321357011795044,0.7367473244667053
YLR251W,YCL036W,0,-1.110691,0.11251656711101532,0.9321357011795044,0.7368473410606384
YOR095C,YNL148C,0,-1.1107647,0.11250301450490952,0.9321357011795044,0.7369474172592163
YDR153C,YER114C,1,-1.1108732,0.11260990053415298,0.9331337213516235,0.7369474172592163
YPR164W,YGR108W,0,-1.1120813,0.11259634047746658,0.9331337213516235,0.7370474338531494
YOR188W,YPR016C,0,-1.1125743,0.11258278042078018,0.9331337213516235,0.7371474504470825
YAL062W,YJL034W,0,-1.1127369,0.11256922781467438,0.9331337213516235,0.7372474670410156
YDR347W,YNL071W,0,-1.1127865,0.11255567520856857,0.9331337213516235,0.7373474836349487
YMR260C,YHR065C,0,-1.112792,0.11254213005304337,0.9331337213516235,0.7374475002288818
YNL078W,YFR041C,0,-1.1128671,0.11252858489751816,0.9331337213516235,0.7375475168228149
YGL137W,YIR035C,0,-1.1131649,0.11251503974199295,0.9331337213516235,0.737647533416748
YKL135C,YJL072C,0,-1.1131984,0.11250150203704834,0.9331337213516235,0.7377475500106812
YMR175W,YDR103W,1,-1.1132476,0.11260827630758286,0.9341317415237427,0.7377475500106812
YBL040C,YNR016C,0,-1.1133193,0.11259473115205765,0.9341317415237427,0.7378475666046143
YEL029C,YHR050W,0,-1.1139016,0.11258118599653244,0.9341317415237427,0.7379475831985474
YNL151C,YPR052C,0,-1.1139064,0.11256764829158783,0.9341317415237427,0.7380475997924805
YPR151C,YGR074W,0,-1.1139479,0.11255411058664322,0.9341317415237427,0.7381476163864136
YEL029C,YMR300C,0,-1.114038,0.1125405803322792,0.9341317415237427,0.7382476329803467
YJL125C,YCR054C,0,-1.1143717,0.11252705007791519,0.9341317415237427,0.7383476495742798
YLR448W,YOL026C,0,-1.1154106,0.11251351982355118,0.9341317415237427,0.7384476661682129
YIL126W,YDL201W,0,-1.1157764,0.11249999701976776,0.9341317415237427,0.738547682762146
YGR200C,YML124C,0,-1.1159154,0.11248648166656494,0.9341317415237427,0.7386477589607239
YNL322C,YPR124W,0,-1.1163169,0.11247296631336212,0.9341317415237427,0.738747775554657
YBR179C,YDR076W,0,-1.1163397,0.1124594509601593,0.9341317415237427,0.7388477921485901
YDR489W,YAL012W,0,-1.1170468,0.11244594305753708,0.9341317415237427,0.7389478087425232
YOR182C,YGR238C,0,-1.1171927,0.11243243515491486,0.9341317415237427,0.7390478253364563
YLR403W,YLR401C,0,-1.1175973,0.11241892725229263,0.9341317415237427,0.7391478419303894
YMR017W,YIL095W,0,-1.1177162,0.11240542680025101,0.9341317415237427,0.7392478585243225
YFL023W,YPL019C,0,-1.1179979,0.11239193379878998,0.9341317415237427,0.7393478751182556
YFL054C,YJL062W-A,0,-1.1186733,0.11237843334674835,0.9341317415237427,0.7394478917121887
YPL022W,YFL023W,0,-1.1187329,0.11236494779586792,0.9341317415237427,0.7395479083061218
YLR130C,YDL010W,0,-1.118875,0.11235145479440689,0.9341317415237427,0.7396479249000549
YBR106W,YGL141W,0,-1.1189152,0.11233797669410706,0.9341317415237427,0.739747941493988
YKL139W,YFR033C,0,-1.1192008,0.11232449114322662,0.9341317415237427,0.7398479580879211
YHR211W,YNL121C,0,-1.1193173,0.11231101304292679,0.9341317415237427,0.7399479746818542
YBL074C,YAR050W,0,-1.1194258,0.11229754239320755,0.9341317415237427,0.7400479912757874
YBL057C,YGL225W,0,-1.1196241,0.11228407174348831,0.9341317415237427,0.7401480078697205
YDR229W,YKR078W,1,-1.1196866,0.11239054799079895,0.9351297616958618,0.7401480078697205
YMR145C,YBR260C,0,-1.1197652,0.11237706989049911,0.9351297616958618,0.7402480244636536
YKL096W-A,YBR141C,0,-1.1197886,0.11236359179019928,0.9351297616958618,0.7403480410575867
YMR039C,YHR085W,0,-1.1200794,0.11235012114048004,0.9351297616958618,0.7404481172561646
YBR183W,YPR048W,0,-1.1200795,0.1123366504907608,0.9351297616958618,0.7405481338500977
YJL025W,YGR192C,0,-1.1201699,0.11232318729162216,0.9351297616958618,0.7406481504440308
YMR020W,YHL034C,0,-1.1202168,0.11230972409248352,0.9351297616958618,0.7407481670379639
YKR048C,YOR206W,0,-1.1203191,0.11229626089334488,0.9351297616958618,0.740848183631897
YGR188C,YML043C,0,-1.1205063,0.11228280514478683,0.9351297616958618,0.7409482002258301
YMR175W,YHR073W,1,-1.1207609,0.11238916963338852,0.9361277222633362,0.7409482002258301
YNL078W,YOL157C,0,-1.1207926,0.11237570643424988,0.9361277222633362,0.7410482168197632
YDL033C,YLR336C,0,-1.1208341,0.11236224323511124,0.9361277222633362,0.7411482334136963
YIR032C,YIL160C,0,-1.1220883,0.11234878748655319,0.9361277222633362,0.7412482500076294
YHR215W,YOR089C,0,-1.1221306,0.11233533173799515,0.9361277222633362,0.7413482666015625
YNL124W,YER044C,0,-1.1221902,0.1123218759894371,0.9361277222633362,0.7414482831954956
YER045C,YPL162C,0,-1.122287,0.11230842769145966,0.9361277222633362,0.7415482997894287
YJL145W,YKR057W,0,-1.1223352,0.1122949868440628,0.9361277222633362,0.7416483163833618
YPL012W,YDR194C,0,-1.1225138,0.11228153854608536,0.9361277222633362,0.7417483329772949
YIR032C,YNL202W,0,-1.1227324,0.1122681051492691,0.9361277222633362,0.741848349571228
YOR312C,YOL128C,0,-1.122854,0.11225466430187225,0.9361277222633362,0.7419483661651611
YGL237C,YEL003W,0,-1.1228809,0.1122412383556366,0.9361277222633362,0.7420483827590942
YLR395C,YHR079C-A,0,-1.1229894,0.11222780495882034,0.9361277222633362,0.7421484589576721
YPR164W,YGR023W,0,-1.1229998,0.11221437901258469,0.9361277222633362,0.7422484755516052
YER004W,YOL039W,0,-1.1234998,0.11220096051692963,0.9361277222633362,0.7423484921455383
YOR389W,YFL002C,0,-1.1235391,0.11218753457069397,0.9361277222633362,0.7424485087394714
YDR064W,YOR190W,0,-1.1237047,0.1121741235256195,0.9361277222633362,0.7425485253334045
YGR216C,YMR127C,0,-1.1239289,0.11216070502996445,0.9361277222633362,0.7426485419273376
YLR406C,YOL123W,0,-1.1240692,0.11214730143547058,0.9361277222633362,0.7427485585212708
YER183C,YOL039W,0,-1.1242595,0.11213389039039612,0.9361277222633362,0.7428485751152039
YLR002C,YDR348C,0,-1.1244366,0.11212048679590225,0.9361277222633362,0.742948591709137
YMR312W,YDL111C,0,-1.1245174,0.11210709065198898,0.9361277222633362,0.7430486083030701
YHR161C,YPL048W,1,-1.1245285,0.11221319437026978,0.9371257424354553,0.7430486083030701
YMR281W,YER110C,0,-1.1250193,0.11219978332519531,0.9371257424354553,0.7431486248970032
YNR003C,YAR008W,0,-1.1255028,0.11218637973070145,0.9371257424354553,0.7432486414909363
YJL143W,YPL255W,0,-1.125715,0.11217297613620758,0.9371257424354553,0.7433486580848694
YGR105W,YDL205C,0,-1.1278061,0.11215957999229431,0.9371257424354553,0.7434486746788025
YNL248C,YOR181W,0,-1.1279275,0.11214618384838104,0.9371257424354553,0.7435486912727356
YDR476C,YOL045W,0,-1.1279967,0.11213279515504837,0.9371257424354553,0.7436487078666687
YPL249C,YKR097W,0,-1.1280987,0.1121194064617157,0.9371257424354553,0.7437487244606018
YDR060W,YHR215W,0,-1.1281753,0.11210601776838303,0.9371257424354553,0.7438487410545349
YMR292W,YJL122W,0,-1.1286823,0.11209263652563095,0.9371257424354553,0.7439488172531128
YNL227C,YDR123C,0,-1.1294475,0.11207925528287888,0.9371257424354553,0.7440488338470459
YLR014C,YBR158W,0,-1.1296687,0.1120658814907074,0.9371257424354553,0.744148850440979
YGL201C,YNL064C,0,-1.1298457,0.11205250769853592,0.9371257424354553,0.7442488670349121
YER049W,YDL110C,0,-1.1298804,0.11203913390636444,0.9371257424354553,0.7443488836288452
YLR251W,YHR066W,0,-1.1313246,0.11202576756477356,0.9371257424354553,0.7444489002227783
YDR496C,YDR159W,0,-1.1314878,0.11201240867376328,0.9371257424354553,0.7445489168167114
YPL012W,YBL100W-A,0,-1.132494,0.1119990423321724,0.9371257424354553,0.7446489334106445
YBR021W,YML104C,0,-1.1325344,0.1119856908917427,0.9371257424354553,0.7447489500045776
YDR052C,YML116W,0,-1.132773,0.11197233200073242,0.9371257424354553,0.7448489665985107
YKL091C,YLR178C,0,-1.133204,0.11195898056030273,0.9371257424354553,0.7449489831924438
YOL086C,YDR330W,0,-1.1332777,0.11194563657045364,0.9371257424354553,0.745048999786377
YBR122C,YLR142W,0,-1.1334772,0.11193229258060455,0.9371257424354553,0.7451490163803101
YHL036W,YGR166W,0,-1.1337436,0.11191894859075546,0.9371257424354553,0.7452490329742432
YKL120W,YNL039W,0,-1.1337986,0.11190561205148697,0.9371257424354553,0.7453490495681763
YER070W,YML022W,0,-1.1338066,0.11189227551221848,0.9371257424354553,0.7454490661621094
YNR073C,YKL101W,0,-1.13516,0.11187894642353058,0.9371257424354553,0.7455490827560425
YBR074W,YJL024C,0,-1.1353468,0.11186561733484268,0.9371257424354553,0.7456491589546204
YAR035W,YNL077W,0,-1.1354461,0.11185229569673538,0.9371257424354553,0.7457491755485535
YPL119C,YGL121C,0,-1.135759,0.11183897405862808,0.9371257424354553,0.7458491921424866
YCL057C-A,YBR258C,0,-1.1359936,0.11182565242052078,0.9371257424354553,0.7459492087364197
YHL047C,YDR454C,0,-1.1363602,0.11181233823299408,0.9371257424354553,0.7460492253303528
YBR187W,YKL220C,0,-1.1366031,0.11179902404546738,0.9371257424354553,0.7461492419242859
YJL092W,YGL136C,0,-1.1370361,0.11178571730852127,0.9371257424354553,0.746249258518219
YBL085W,YCL019W,0,-1.1374558,0.11177241057157516,0.9371257424354553,0.7463492751121521
YMR251W-A,YMR037C,0,-1.1375799,0.11175910383462906,0.9371257424354553,0.7464492917060852
YGL029W,YLR448W,0,-1.1377795,0.11174580454826355,0.9371257424354553,0.7465493083000183
YEL026W,YGR252W,0,-1.1378611,0.11173250526189804,0.9371257424354553,0.7466493248939514
YEL030W,YOR155C,0,-1.1378785,0.11171921342611313,0.9371257424354553,0.7467493414878845
YLR165C,YBL016W,0,-1.1379337,0.11170592159032822,0.9371257424354553,0.7468493580818176
YJR078W,YKR105C,0,-1.1379459,0.1116926372051239,0.9371257424354553,0.7469493746757507
YDR518W,YKL109W,0,-1.138053,0.11167935281991959,0.9371257424354553,0.7470493912696838
YIR012W,YBR073W,0,-1.1383,0.11166606843471527,0.9371257424354553,0.7471494078636169
YOR098C,YBL079W,0,-1.1395057,0.11165279150009155,0.9371257424354553,0.74724942445755
YDR242W,YNL308C,0,-1.1397672,0.11163952201604843,0.9371257424354553,0.7473494410514832
YKL156W,YMR033W,0,-1.139818,0.11162624508142471,0.9371257424354553,0.747449517250061
YEL037C,YLR372W,0,-1.14035,0.11161298304796219,0.9371257424354553,0.7475495338439941
YBL002W,YMR312W,0,-1.1407396,0.11159971356391907,0.9371257424354553,0.7476495504379272
YLR203C,YGR158C,0,-1.1409198,0.11158645153045654,0.9371257424354553,0.7477495670318604
YCR027C,YEL053C,0,-1.1410897,0.11157319694757462,0.9371257424354553,0.7478495836257935
YOL077W-A,YJR082C,0,-1.141361,0.11155993491411209,0.9371257424354553,0.7479496002197266
YLR051C,YIL160C,0,-1.1414412,0.11154668778181076,0.9371257424354553,0.7480496168136597
YMR164C,YER165W,0,-1.1421328,0.11153343319892883,0.9371257424354553,0.7481496334075928
YPR159W,YJL006C,0,-1.142359,0.1115201935172081,0.9371257424354553,0.7482496500015259
YOR384W,YGR058W,0,-1.1423637,0.11150694638490677,0.9371257424354553,0.748349666595459
YMR272C,YDR358W,0,-1.142406,0.11149370670318604,0.9371257424354553,0.7484496831893921
YKL222C,YOL136C,0,-1.1424496,0.1114804670214653,0.9371257424354553,0.7485496997833252
YBR068C,YLR364W,0,-1.1427402,0.11146723479032516,0.9371257424354553,0.7486497163772583
YDR499W,YJR029W,0,-1.142853,0.11145400255918503,0.9371257424354553,0.7487497329711914
YOR047C,YPL008W,0,-1.1434927,0.11144077777862549,0.9371257424354553,0.7488497495651245
YMR186W,YPR168W,0,-1.1435654,0.11142755299806595,0.9371257424354553,0.7489497661590576
YBR251W,YOR142W,0,-1.1435686,0.111414335668087,0.9371257424354553,0.7490497827529907
YKL096W-A,YML027W,0,-1.143856,0.11140111833810806,0.9371257424354553,0.7491498589515686
YJL191W,YOL066C,0,-1.1438837,0.11138790100812912,0.9371257424354553,0.7492498755455017
YDR267C,YBR290W,0,-1.1439835,0.11137469112873077,0.9371257424354553,0.7493498921394348
YNR040W,YHR052W,0,-1.1440237,0.11136148124933243,0.9371257424354553,0.7494499087333679
YHL008C,YMR045C,0,-1.1441557,0.11134827136993408,0.9371257424354553,0.749549925327301
YBR167C,YOL139C,0,-1.1444379,0.11133506894111633,0.9371257424354553,0.7496499419212341
YGR277C,YGR123C,0,-1.1445098,0.11132187396287918,0.9371257424354553,0.7497499585151672
YIL082W-A,YDL206W,0,-1.1454729,0.11130867898464203,0.9371257424354553,0.7498499751091003
YHR091C,YBL092W,0,-1.1455274,0.11129548400640488,0.9371257424354553,0.7499499917030334
YDL192W,YLR126C,0,-1.1464084,0.11128229647874832,0.9371257424354553,0.7500500082969666
YCR020W-B,YIL040W,0,-1.1466798,0.11126910895109177,0.9371257424354553,0.7501500248908997
YOR237W,YOR357C,1,-1.1467026,0.11137440800666809,0.9381237626075745,0.7501500248908997
YDL202W,YNR073C,0,-1.1468947,0.11136121302843094,0.9381237626075745,0.7502500414848328
YDR383C,YGL086W,0,-1.1469381,0.11134802550077438,0.9381237626075745,0.7503500580787659
YMR244C-A,YHR153C,0,-1.1471515,0.11133483052253723,0.9381237626075745,0.750450074672699
YML024W,YGL029W,0,-1.14717,0.11132165044546127,0.9381237626075745,0.7505500912666321
YDR079W,YDL049C,0,-1.1473086,0.11130846291780472,0.9381237626075745,0.7506501078605652
YMR034C,YER056C-A,0,-1.1474409,0.11129529029130936,0.9381237626075745,0.7507501244544983
YMR175W,YOR357C,1,-1.1474745,0.11140049993991852,0.9391217827796936,0.7507501244544983
YER150W,YNL310C,0,-1.1474812,0.11138731241226196,0.9391217827796936,0.7508501410484314
YDR363W-A,YLR440C,0,-1.1475362,0.11137412488460541,0.9391217827796936,0.7509502172470093
YMR175W,YNL087W,1,-1.1476401,0.11147928982973099,0.940119743347168,0.7509502172470093
YLR340W,YGL155W,0,-1.1478546,0.11146610230207443,0.940119743347168,0.7510502338409424
YDL051W,YLR394W,0,-1.1478951,0.11145290732383728,0.940119743347168,0.7511502504348755
YER106W,YLR344W,0,-1.1480119,0.11143972724676132,0.940119743347168,0.7512502670288086
YKR050W,YKL186C,0,-1.1481794,0.11142654716968536,0.940119743347168,0.7513502836227417
YJL160C,YDR519W,0,-1.1481909,0.1114133670926094,0.940119743347168,0.7514503002166748
YMR123W,YKL170W,0,-1.1482916,0.11140018701553345,0.940119743347168,0.7515503168106079
YGR128C,YHR086W,0,-1.1483486,0.11138701438903809,0.940119743347168,0.751650333404541
YBL057C,YGR006W,0,-1.1490699,0.11137384921312332,0.940119743347168,0.7517503499984741
YHR056C,YCR034W,0,-1.1500212,0.11136068403720856,0.940119743347168,0.7518503665924072
YOR287C,YNL117W,0,-1.150149,0.11134751886129379,0.940119743347168,0.7519503831863403
YER140W,YGR292W,0,-1.1503522,0.11133436113595963,0.940119743347168,0.7520503997802734
YMR044W,YDR219C,0,-1.1509384,0.11132120341062546,0.940119743347168,0.7521504163742065
YLR362W,YIL103W,0,-1.1511576,0.11130804568529129,0.940119743347168,0.7522504329681396
YLR051C,YOR155C,0,-1.1521051,0.11129489541053772,0.940119743347168,0.7523504495620728
YKL221W,YBL055C,0,-1.1523265,0.11128174513578415,0.940119743347168,0.7524504661560059
YHR117W,YJL100W,0,-1.1526477,0.11126860231161118,0.940119743347168,0.752550482749939
YGR081C,YPL050C,0,-1.1527324,0.1112554594874382,0.940119743347168,0.7526505589485168
YDL236W,YPR152C,0,-1.1528358,0.11124232411384583,0.940119743347168,0.75275057554245
YOR312C,YLR270W,0,-1.1529785,0.11122918874025345,0.940119743347168,0.7528505921363831
YOR283W,YER151C,0,-1.1532314,0.11121605336666107,0.940119743347168,0.7529506087303162
YGR289C,YNL206C,0,-1.1532655,0.11120292544364929,0.940119743347168,0.7530506253242493
YHL020C,YKL205W,0,-1.1533495,0.11118980497121811,0.940119743347168,0.7531506419181824
YKR097W,YBR105C,0,-1.1538172,0.11117667704820633,0.940119743347168,0.7532506585121155
YLL004W,YPL244C,0,-1.1545825,0.11116355657577515,0.940119743347168,0.7533506751060486
YHR041C,YPR171W,0,-1.1548412,0.11115044355392456,0.940119743347168,0.7534506916999817
YKR101W,YBR142W,0,-1.1558211,0.11113733053207397,0.940119743347168,0.7535507082939148
YAR018C,YLR117C,0,-1.1565981,0.11112421751022339,0.940119743347168,0.7536507248878479
YLR307W,YGR167W,0,-1.1566731,0.1111111119389534,0.940119743347168,0.753750741481781
YOR047C,YDR218C,0,-1.1567298,0.11109800636768341,0.940119743347168,0.7538507580757141
YIL078W,YJR135C,0,-1.1569219,0.11108490824699402,0.940119743347168,0.7539507746696472
YAL032C,YBR294W,0,-1.1569936,0.11107181012630463,0.940119743347168,0.7540507912635803
YPR191W,YPL098C,0,-1.1573175,0.11105871200561523,0.940119743347168,0.7541508078575134
YIL110W,YJR088C,0,-1.1573493,0.11104562133550644,0.940119743347168,0.7542508244514465
YPL196W,YML018C,0,-1.1575259,0.11103253066539764,0.940119743347168,0.7543508410453796
YGR075C,YJR029W,0,-1.1578411,0.11101944744586945,0.940119743347168,0.7544509172439575
YLR287C-A,YGR234W,0,-1.158184,0.11100636422634125,0.940119743347168,0.7545509338378906
YHL012W,YLL045C,0,-1.1586382,0.11099328100681305,0.940119743347168,0.7546509504318237
YNL206C,YOL039W,0,-1.1586878,0.11098020523786545,0.940119743347168,0.7547509670257568
YNL300W,YOL007C,0,-1.1590081,0.11096713691949844,0.940119743347168,0.7548509836196899
YNL186W,YPL033C,0,-1.1593031,0.11095406115055084,0.940119743347168,0.754951000213623
YDR523C,YHR021C,0,-1.1593909,0.11094099283218384,0.940119743347168,0.7550510168075562
YPL037C,YKR092C,0,-1.1600027,0.11092793196439743,0.940119743347168,0.7551510334014893
YMR172W,YGL112C,0,-1.1605525,0.11091487109661102,0.940119743347168,0.7552510499954224
YCL025C,YBR152W,0,-1.1610334,0.11090181022882462,0.940119743347168,0.7553510665893555
YIR017C,YIL150C,0,-1.1611269,0.1108887568116188,0.940119743347168,0.7554510831832886
YPL012W,YPR198W,0,-1.1611276,0.110875703394413,0.940119743347168,0.7555510997772217
YOL128C,YPL066W,0,-1.1617653,0.11086265742778778,0.940119743347168,0.7556511163711548
YCR020C,YOL101C,0,-1.1618738,0.11084961146116257,0.940119743347168,0.7557511329650879
YJL080C,YDR171W,0,-1.1621044,0.11083656549453735,0.940119743347168,0.755851149559021
YLR350W,YCR089W,0,-1.1622522,0.11082352697849274,0.940119743347168,0.7559511661529541
YBL036C,YJL080C,0,-1.162844,0.11081049591302872,0.940119743347168,0.7560511827468872
YOR382W,YNR028W,0,-1.1631668,0.1107974573969841,0.940119743347168,0.7561512589454651
YNL298W,YIL090W,0,-1.1632009,0.11078442633152008,0.940119743347168,0.7562512755393982
YCL026C-B,YOR221C,0,-1.1632197,0.11077140271663666,0.940119743347168,0.7563512921333313
YNL119W,YDR346C,0,-1.16332,0.11075837910175323,0.940119743347168,0.7564513087272644
YDR447C,YPL181W,0,-1.1633642,0.11074535548686981,0.940119743347168,0.7565513253211975
YGR027C,YJR098C,0,-1.1635048,0.11073233932256699,0.940119743347168,0.7566513419151306
YIR009W,YEL003W,0,-1.1635051,0.11071932315826416,0.940119743347168,0.7567513585090637
YHR112C,YOR344C,0,-1.1635976,0.11070631444454193,0.940119743347168,0.7568513751029968
YBR156C,YKL216W,0,-1.1636599,0.1106932982802391,0.940119743347168,0.7569513916969299
YIR010W,YLR357W,0,-1.1640016,0.11068029701709747,0.940119743347168,0.757051408290863
YPL086C,YNL027W,0,-1.1641871,0.11066729575395584,0.940119743347168,0.7571514248847961
YGL103W,YDR219C,0,-1.1642387,0.11065429449081421,0.940119743347168,0.7572514414787292
YEL022W,YGL148W,0,-1.164555,0.11064129322767258,0.940119743347168,0.7573514580726624
YJR151C,YMR117C,0,-1.1646404,0.11062829941511154,0.940119743347168,0.7574514746665955
YBL099W,YLR163C,0,-1.16515,0.1106153130531311,0.940119743347168,0.7575514912605286
YDL166C,YOR092W,0,-1.1654663,0.11060232669115067,0.940119743347168,0.7576515078544617
YPL081W,YDL069C,0,-1.1655357,0.11058934032917023,0.940119743347168,0.7577515244483948
YPR118W,YBR118W,0,-1.1660553,0.11057636141777039,0.940119743347168,0.7578515410423279
YER089C,YAL055W,0,-1.1666777,0.11056338250637054,0.940119743347168,0.7579516172409058
YLR301W,YPR030W,0,-1.1667213,0.1105504035949707,0.940119743347168,0.7580516338348389
YNL292W,YOR126C,0,-1.1667746,0.11053743213415146,0.940119743347168,0.758151650428772
YGR032W,YFL037W,0,-1.1668938,0.11052446067333221,0.940119743347168,0.7582516670227051
YGL200C,YDR534C,0,-1.1669462,0.11051149666309357,0.940119743347168,0.7583516836166382
YBR048W,YPL255W,0,-1.1676261,0.11049853265285492,0.940119743347168,0.7584517002105713
YMR306W,YJL144W,0,-1.1677763,0.11048557609319687,0.940119743347168,0.7585517168045044
YOR237W,YCR002C,1,-1.1678624,0.1105898916721344,0.9411177635192871,0.7585517168045044
YIR032C,YNL169C,0,-1.1683737,0.11057692021131516,0.9411177635192871,0.7586517333984375
YNR067C,YLR275W,0,-1.1683805,0.11056395620107651,0.9411177635192871,0.7587517499923706
YPL119C,YCL075W,0,-1.1687846,0.11055099964141846,0.9411177635192871,0.7588517665863037
YNL281W,YDL246C,0,-1.1688678,0.11053803563117981,0.9411177635192871,0.7589517831802368
YOR171C,YLL008W,0,-1.1690701,0.11052507907152176,0.9411177635192871,0.7590517997741699
YCR068W,YLR240W,0,-1.1691399,0.1105121299624443,0.9411177635192871,0.759151816368103
YIL159W,YGR185C,0,-1.1695063,0.11049918085336685,0.9411177635192871,0.7592518329620361
YPR035W,YGL141W,0,-1.1697509,0.1104862317442894,0.9411177635192871,0.7593518495559692
YJR097W,YLR100W,0,-1.170131,0.11047329008579254,0.9411177635192871,0.7594518661499023
YNL298W,YCL063W,0,-1.1702085,0.11046034842729568,0.9411177635192871,0.7595518827438354
YGL037C,YLR160C,0,-1.1702887,0.11044741421937943,0.9411177635192871,0.7596519589424133
YBR098W,YGL174W,0,-1.1704509,0.11043448001146317,0.9411177635192871,0.7597519755363464
YGL097W,YER096W,0,-1.1705111,0.1104215458035469,0.9411177635192871,0.7598519921302795
YBL039C,YOL049W,0,-1.1705734,0.11040861904621124,0.9411177635192871,0.7599520087242126
YNR070W,YBR192W,0,-1.1714752,0.11039569228887558,0.9411177635192871,0.7600520253181458
YNR026C,YMR106C,0,-1.1718068,0.11038277298212051,0.9411177635192871,0.7601520419120789
YEL050C,YGR256W,0,-1.1723815,0.11036985367536545,0.9411177635192871,0.760252058506012
YLR386W,YCR047C,0,-1.1723949,0.11035693436861038,0.9411177635192871,0.7603520750999451
YGL170C,YLR370C,0,-1.1724561,0.11034402251243591,0.9411177635192871,0.7604520916938782
YGL163C,YKR097W,0,-1.1726842,0.11033111065626144,0.9411177635192871,0.7605521082878113
YMR175W,YNL071W,1,-1.17295,0.11043518781661987,0.9421157836914062,0.7605521082878113
YNR001C,YIL114C,0,-1.1729681,0.11042226850986481,0.9421157836914062,0.7606521248817444
YKR092C,YNL030W,0,-1.1730548,0.11040935665369034,0.9421157836914062,0.7607521414756775
YML038C,YDR195W,0,-1.1731689,0.11039644479751587,0.9421157836914062,0.7608521580696106
YDR167W,YDR279W,0,-1.1732621,0.1103835329413414,0.9421157836914062,0.7609521746635437
YJR064W,YOL140W,0,-1.1735616,0.11037062853574753,0.9421157836914062,0.7610521912574768
YML113W,YKL119C,0,-1.1736882,0.11035772413015366,0.9421157836914062,0.7611522078514099
YDL133C-A,YLR370C,0,-1.1737049,0.11034482717514038,0.9421157836914062,0.761252224445343
YJL206C,YKL113C,0,-1.1739664,0.1103319302201271,0.9421157836914062,0.7613522410392761
YHR031C,YDR492W,0,-1.1741717,0.11031904071569443,0.9421157836914062,0.761452317237854
YBL042C,YAL062W,0,-1.1741983,0.11030614376068115,0.9421157836914062,0.7615523338317871
YMR239C,YOL090W,0,-1.1743188,0.11029326170682907,0.9421157836914062,0.7616523504257202
YNR074C,YML034W,0,-1.175578,0.11028037220239639,0.9421157836914062,0.7617523670196533
YBR104W,YNL154C,0,-1.1757967,0.11026749014854431,0.9421157836914062,0.7618523836135864
YOL057W,YGR286C,0,-1.1758279,0.11025461554527283,0.9421157836914062,0.7619524002075195
YGL185C,YOR233W,0,-1.1758648,0.11024174094200134,0.9421157836914062,0.7620524168014526
YJR053W,YGR118W,0,-1.1760857,0.11022886633872986,0.9421157836914062,0.7621524333953857
YMR301C,YNL311C,0,-1.1766205,0.11021599173545837,0.9421157836914062,0.7622524499893188
YDR079C-A,YCR077C,0,-1.176662,0.11020313203334808,0.9421157836914062,0.762352466583252
YLL061W,YNL339C,0,-1.1768496,0.1101902648806572,0.9421157836914062,0.7624524831771851
YHR051W,YDR440W,0,-1.1771842,0.1101774051785469,0.9421157836914062,0.7625524997711182
YNL115C,YLR329W,0,-1.1772654,0.11016454547643661,0.9421157836914062,0.7626525163650513
YDR079C-A,YDR476C,0,-1.1776633,0.11015169322490692,0.9421157836914062,0.7627525329589844
YDR520C,YDR281C,0,-1.1777048,0.11013884097337723,0.9421157836914062,0.7628525495529175
YML070W,YIL121W,0,-1.1780477,0.11012598872184753,0.9421157836914062,0.7629525661468506
YKL189W,YKL009W,0,-1.1783379,0.11011314392089844,0.9421157836914062,0.7630525827407837
YGL222C,YER044C,0,-1.1790398,0.11010030657052994,0.9421157836914062,0.7631526589393616
YPR043W,YJL112W,0,-1.1793379,0.11008746176958084,0.9421157836914062,0.7632526755332947
YNR039C,YDR324C,0,-1.1796846,0.11007462441921234,0.9421157836914062,0.7633526921272278
YGR188C,YCL026C-B,0,-1.1800541,0.11006179451942444,0.9421157836914062,0.7634527087211609
YAL047C,YGR108W,0,-1.1805286,0.11004896461963654,0.9421157836914062,0.763552725315094
YDR511W,YNL113W,0,-1.1805716,0.11003613471984863,0.9421157836914062,0.7636527419090271
YBL005W-B,YDR270W,0,-1.1807998,0.11002331227064133,0.9421157836914062,0.7637527585029602
YFL023W,YLL019C,0,-1.1810777,0.11001048982143402,0.9421157836914062,0.7638527750968933
YDR364C,YLR341W,0,-1.1812558,0.10999766737222672,0.9421157836914062,0.7639527916908264
YPL090C,YLR430W,0,-1.1814475,0.1099848523736,0.9421157836914062,0.7640528082847595
YPL275W,YGR158C,0,-1.1820614,0.1099720373749733,0.9421157836914062,0.7641528248786926
YDL153C,YGR275W,0,-1.1821709,0.10995922982692719,0.9421157836914062,0.7642528414726257
YML058W-A,YML043C,0,-1.1825168,0.10994642227888107,0.9421157836914062,0.7643528580665588
YBL023C,YMR042W,0,-1.1829112,0.10993362218141556,0.9421157836914062,0.7644528746604919
YHR105W,YIL105C,1,-1.1829863,0.11003725975751877,0.9431137442588806,0.7644528746604919
YOR337W,YBR082C,0,-1.1830156,0.11002445220947266,0.9431137442588806,0.764552891254425
YMR075W,YBR142W,0,-1.1830382,0.11001164466142654,0.9431137442588806,0.7646529078483582
YOR216C,YLR329W,0,-1.1831819,0.10999883711338043,0.9431137442588806,0.7647529244422913
YAR014C,YHR134W,0,-1.1832525,0.10998603701591492,0.9431137442588806,0.7648529410362244
YNL188W,YCL018W,0,-1.1841335,0.1099732369184494,0.9431137442588806,0.7649530172348022
YOR064C,YOL086C,0,-1.1841446,0.10996043682098389,0.9431137442588806,0.7650530338287354
YOL101C,YOR188W,0,-1.184283,0.10994764417409897,0.9431137442588806,0.7651530504226685
YGR282C,YBL064C,0,-1.1844686,0.10993485152721405,0.9431137442588806,0.7652530670166016
YGR175C,YPR135W,0,-1.1847074,0.10992206633090973,0.9431137442588806,0.7653530836105347
YBL042C,YMR159C,0,-1.1848674,0.10990928113460541,0.9431137442588806,0.7654531002044678
YNL242W,YPR192W,0,-1.1848798,0.10989649593830109,0.9431137442588806,0.7655531167984009
YOR033C,YDR079C-A,0,-1.1850057,0.10988371819257736,0.9431137442588806,0.765653133392334
YFL004W,YAL034W-A,0,-1.1851431,0.10987094789743423,0.9431137442588806,0.7657531499862671
YOR064C,YGR257C,0,-1.1855218,0.10985817015171051,0.9431137442588806,0.7658531665802002
YKL137W,YPL090C,0,-1.1856334,0.10984539985656738,0.9431137442588806,0.7659531831741333
YHR211W,YAR019C,0,-1.1859915,0.10983263701200485,0.9431137442588806,0.7660531997680664
YPL196W,YBR294W,0,-1.1867888,0.10981987416744232,0.9431137442588806,0.7661532163619995
YMR175W,YER008C,1,-1.1869006,0.10992331057786942,0.9441117644309998,0.7661532163619995
YKL180W,YKL164C,0,-1.1881931,0.10991054028272629,0.9441117644309998,0.7662532329559326
YFR003C,YLL008W,0,-1.1883361,0.10989776998758316,0.9441117644309998,0.7663532495498657
YER153C,YDL245C,0,-1.1885525,0.10988500714302063,0.9441117644309998,0.7664532661437988
YOR205C,YML046W,0,-1.1886069,0.1098722442984581,0.9441117644309998,0.7665532827377319
YGL190C,YBL029C-A,0,-1.1887434,0.10985948145389557,0.9441117644309998,0.7666533589363098
YGR274C,YMR154C,0,-1.18876,0.10984672605991364,0.9441117644309998,0.7667533755302429
YKL183W,YAL042W,0,-1.1889185,0.1098339706659317,0.9441117644309998,0.766853392124176
YIR033W,YKL086W,0,-1.18965,0.10982122272253036,0.9441117644309998,0.7669534087181091
YBR251W,YFL003C,0,-1.1896929,0.10980847477912903,0.9441117644309998,0.7670534253120422
YPL028W,YDL035C,0,-1.1898553,0.10979572683572769,0.9441117644309998,0.7671534419059753
YJL159W,YHL022C,0,-1.1899502,0.10978298634290695,0.9441117644309998,0.7672534584999084
YGR143W,YJL145W,0,-1.1902032,0.10977024585008621,0.9441117644309998,0.7673534750938416
YIL133C,YHL040C,0,-1.1902596,0.10975751280784607,0.9441117644309998,0.7674534916877747
YOR058C,YPR049C,0,-1.191316,0.10974477976560593,0.9441117644309998,0.7675535082817078
YMR235C,YDR465C,0,-1.1921753,0.10973204672336578,0.9441117644309998,0.7676535248756409
YOR182C,YGL055W,0,-1.1923229,0.10971932113170624,0.9441117644309998,0.767753541469574
YML099C,YAL010C,0,-1.1925199,0.10970659554004669,0.9441117644309998,0.7678535580635071
YER070W,YMR172W,0,-1.1934984,0.10969387739896774,0.9441117644309998,0.7679535746574402
YAR010C,YBR176W,0,-1.1941357,0.1096811592578888,0.9441117644309998,0.7680535912513733
YER046W,YPR119W,0,-1.1944869,0.10966844111680984,0.9441117644309998,0.7681536078453064
YJL113W,YBR084W,0,-1.1952939,0.10965573042631149,0.9441117644309998,0.7682536244392395
YLR318W,YPR140W,0,-1.1955016,0.10964301973581314,0.9441117644309998,0.7683536410331726
YGL011C,YIR013C,0,-1.195829,0.10963031649589539,0.9441117644309998,0.7684537172317505
YPR009W,YEL016C,0,-1.1959925,0.10961761325597763,0.9441117644309998,0.7685537338256836
YDR077W,YDL206W,0,-1.196096,0.10960491001605988,0.9441117644309998,0.7686537504196167
YNL206C,YCR077C,0,-1.1965742,0.10959221422672272,0.9441117644309998,0.7687537670135498
YMR278W,YBR084W,0,-1.1970395,0.10957951843738556,0.9441117644309998,0.7688537836074829
YLR014C,YKR008W,0,-1.1971731,0.109566830098629,0.9441117644309998,0.768953800201416
YNR018W,YNL093W,0,-1.1972915,0.10955414175987244,0.9441117644309998,0.7690538167953491
YOL137W,YFL002C,0,-1.1973276,0.10954145342111588,0.9441117644309998,0.7691538333892822
YNL282W,YLR240W,0,-1.1975029,0.10952877253293991,0.9441117644309998,0.7692538499832153
YJR043C,YDR079C-A,0,-1.1977262,0.10951609164476395,0.9441117644309998,0.7693538665771484
YER026C,YDL136W,0,-1.1979336,0.10950341820716858,0.9441117644309998,0.7694538831710815
YDR382W,YOR321W,0,-1.1985551,0.10949073731899261,0.9441117644309998,0.7695538997650146
YLR077W,YDR218C,0,-1.1987714,0.10947807133197784,0.9441117644309998,0.7696539163589478
YNL092W,YPL108W,0,-1.1987936,0.10946539789438248,0.9441117644309998,0.7697539329528809
YDL222C,YFR006W,0,-1.1995407,0.1094527393579483,0.9441117644309998,0.769853949546814
YMR075W,YMR159C,0,-1.1998622,0.10944007337093353,0.9441117644309998,0.7699539661407471
YHR039C-A,YAL032C,0,-1.2000365,0.10942741483449936,0.9441117644309998,0.7700539827346802
YDL033C,YER117W,0,-1.2001297,0.10941475629806519,0.9441117644309998,0.7701540589332581
YOR083W,YKL161C,0,-1.2003077,0.10940210521221161,0.9441117644309998,0.7702540755271912
YPR137W,YDR348C,0,-1.2005918,0.10938945412635803,0.9441117644309998,0.7703540921211243
YGR098C,YPR049C,0,-1.2008048,0.10937680304050446,0.9441117644309998,0.7704541087150574
YOR180C,YPL231W,0,-1.2008066,0.10936415940523148,0.9441117644309998,0.7705541253089905
YBR018C,YOR374W,0,-1.20084,0.10935152322053909,0.9441117644309998,0.7706541419029236
YDL216C,YPR183W,0,-1.2008603,0.10933887958526611,0.9441117644309998,0.7707541584968567
YBR070C,YOR348C,0,-1.2009706,0.10932624340057373,0.9441117644309998,0.7708541750907898
YML130C,YLR073C,0,-1.201024,0.10931361466646194,0.9441117644309998,0.7709541916847229
YOR344C,YGR048W,0,-1.2014397,0.10930097848176956,0.9441117644309998,0.771054208278656
YCL026C-B,YML012W,0,-1.2015543,0.10928835719823837,0.9441117644309998,0.7711542248725891
YJR137C,YMR116C,0,-1.2015934,0.10927572846412659,0.9441117644309998,0.7712542414665222
YLR336C,YCR093W,0,-1.202091,0.1092631071805954,0.9441117644309998,0.7713542580604553
YBR098W,YKL042W,0,-1.2024744,0.1092504933476448,0.9441117644309998,0.7714542746543884
YAR071W,YPL180W,0,-1.2026682,0.10923787206411362,0.9441117644309998,0.7715542912483215
YHR092C,YJL104W,0,-1.2026973,0.10922526568174362,0.9441117644309998,0.7716543078422546
YJL019W,YNR021W,0,-1.2028774,0.10921265184879303,0.9441117644309998,0.7717543244361877
YGL020C,YNL146W,0,-1.2028961,0.10920004546642303,0.9441117644309998,0.7718544006347656
YCL026C-B,YDL078C,0,-1.2034402,0.10918743908405304,0.9441117644309998,0.7719544172286987
YNR040W,YER011W,0,-1.2036922,0.10917484015226364,0.9441117644309998,0.7720544338226318
YER055C,YOR047C,0,-1.2038422,0.10916224122047424,0.9441117644309998,0.7721544504165649
YCL057C-A,YAL043C,0,-1.2044908,0.10914964973926544,0.9441117644309998,0.772254467010498
YBR068C,YNL300W,0,-1.20508,0.10913705825805664,0.9441117644309998,0.7723544836044312
YIL091C,YJR045C,0,-1.2051067,0.10912446677684784,0.9441117644309998,0.7724545001983643
YDR146C,YKL167C,0,-1.2056129,0.10911188274621964,0.9441117644309998,0.7725545167922974
YLR359W,YGL147C,0,-1.2058877,0.10909929871559143,0.9441117644309998,0.7726545333862305
YER141W,YCL033C,0,-1.2059745,0.10908671468496323,0.9441117644309998,0.7727545499801636
YDR331W,YJL062W-A,0,-1.2061656,0.10907413810491562,0.9441117644309998,0.7728545665740967
YCR011C,YGL010W,0,-1.2062354,0.10906156152486801,0.9441117644309998,0.7729545831680298
YNL052W,YJL046W,0,-1.206237,0.109048992395401,0.9441117644309998,0.7730545997619629
YMR208W,YJR158W,0,-1.206467,0.10903642326593399,0.9441117644309998,0.773154616355896
YHR215W,YDL137W,0,-1.2065978,0.10902385413646698,0.9441117644309998,0.7732546329498291
YBL071W-A,YDR314C,0,-1.2066009,0.10901129245758057,0.9441117644309998,0.7733546495437622
YOL077W-A,YPR102C,0,-1.2071893,0.10899873077869415,0.9441117644309998,0.7734546661376953
YGL099W,YMR097C,0,-1.207333,0.10898617655038834,0.9441117644309998,0.7735546827316284
YIR021W,YJR107W,0,-1.207426,0.10897362232208252,0.9441117644309998,0.7736547589302063
YBL009W,YLR164W,0,-1.2075887,0.1089610680937767,0.9441117644309998,0.7737547755241394
YNR057C,YLL055W,0,-1.2081099,0.10894852131605148,0.9441117644309998,0.7738547921180725
YDL075W,YPR166C,0,-1.2083167,0.10893597453832626,0.9441117644309998,0.7739548087120056
YIL127C,YLR453C,0,-1.2084013,0.10892342776060104,0.9441117644309998,0.7740548253059387
YNL232W,YLR427W,0,-1.2084286,0.10891088843345642,0.9441117644309998,0.7741548418998718
YIL070C,YPR196W,0,-1.2085342,0.1088983565568924,0.9441117644309998,0.7742548584938049
YLR121C,YMR166C,0,-1.2087129,0.10888581722974777,0.9441117644309998,0.774354875087738
YHR215W,YOR149C,0,-1.2088083,0.10887328535318375,0.9441117644309998,0.7744548916816711
YIL132C,YDR017C,0,-1.2092745,0.10886076092720032,0.9441117644309998,0.7745549082756042
YEL058W,YOR168W,0,-1.2095647,0.10884823650121689,0.9441117644309998,0.7746549248695374
YLL051C,YJR158W,0,-1.2096243,0.10883571207523346,0.9441117644309998,0.7747549414634705
YER074W-A,YDR137W,0,-1.209634,0.10882318764925003,0.9441117644309998,0.7748549580574036
YDR414C,YLR187W,0,-1.2097237,0.1088106706738472,0.9441117644309998,0.7749549746513367
YOR074C,YLR003C,0,-1.2101569,0.10879816114902496,0.9441117644309998,0.7750549912452698
YHR167W,YKR044W,0,-1.2103822,0.10878565162420273,0.9441117644309998,0.7751550078392029
YDL210W,YJR160C,0,-1.2110053,0.1087731420993805,0.9441117644309998,0.775255024433136
YLL038C,YER148W,0,-1.2110116,0.10876063257455826,0.9441117644309998,0.7753551006317139
YOR095C,YDR056C,0,-1.2115039,0.10874813050031662,0.9441117644309998,0.775455117225647
YNL153C,YDL085W,0,-1.2115268,0.10873563587665558,0.9441117644309998,0.7755551338195801
YHR174W,YPL147W,0,-1.2115724,0.10872313380241394,0.9441117644309998,0.7756551504135132
YIL078W,YLR141W,0,-1.2115935,0.1087106391787529,0.9441117644309998,0.7757551670074463
YMR023C,YPL200W,0,-1.2119052,0.10869815200567245,0.9441117644309998,0.7758551836013794
YLR244C,YER131W,0,-1.2120454,0.10868566483259201,0.9441117644309998,0.7759552001953125
YGR145W,YHL027W,0,-1.2120823,0.10867317765951157,0.9441117644309998,0.7760552167892456
YFR055W,YCL026C-B,0,-1.2121692,0.10866069048643112,0.9441117644309998,0.7761552333831787
YGL180W,YFR019W,0,-1.2122916,0.10864821076393127,0.9441117644309998,0.7762552499771118
YER160C,YML124C,0,-1.2124507,0.10863573849201202,0.9441117644309998,0.7763552665710449
YBR061C,YOL124C,0,-1.2126133,0.10862326622009277,0.9441117644309998,0.776455283164978
YIR038C,YKL170W,0,-1.2129323,0.10861079394817352,0.9441117644309998,0.7765552997589111
YGL222C,YPL124W,0,-1.213264,0.10859832167625427,0.9441117644309998,0.7766553163528442
YJL191W,YHL024W,0,-1.21327,0.10858585685491562,0.9441117644309998,0.7767553329467773
YGR092W,YJL145W,0,-1.2134974,0.10857339948415756,0.9441117644309998,0.7768553495407104
YDR379W,YHR007C,0,-1.2137496,0.10856093466281891,0.9441117644309998,0.7769553661346436
YDL097C,YLR393W,0,-1.2138261,0.10854847729206085,0.9441117644309998,0.7770553827285767
YAL017W,YJR158W,0,-1.2144555,0.10853602737188339,0.9441117644309998,0.7771554589271545
YAL042W,YPL162C,0,-1.2147105,0.10852357745170593,0.9441117644309998,0.7772554755210876
YPL228W,YLR186W,0,-1.214994,0.10851112753152847,0.9441117644309998,0.7773554921150208
YMR046C,YBR186W,0,-1.2150254,0.10849867761135101,0.9441117644309998,0.7774555087089539
YFL052W,YER165W,0,-1.215394,0.10848623514175415,0.9441117644309998,0.777555525302887
YGL009C,YCL026C-A,0,-1.2154197,0.10847380012273788,0.9441117644309998,0.7776555418968201
YNR020C,YDL129W,0,-1.2160254,0.10846136510372162,0.9441117644309998,0.7777555584907532
YHR019C,YOR346W,0,-1.2163904,0.10844893008470535,0.9441117644309998,0.7778555750846863
YOR245C,YDR492W,0,-1.2167109,0.10843649506568909,0.9441117644309998,0.7779555916786194
YLR127C,YBL054W,0,-1.216889,0.10842406749725342,0.9441117644309998,0.7780556082725525
YOL031C,YDR364C,0,-1.2169719,0.10841163992881775,0.9441117644309998,0.7781556248664856
YFR044C,YNL300W,0,-1.216984,0.10839921981096268,0.9441117644309998,0.7782556414604187
YEL069C,YDR448W,0,-1.2171583,0.1083867996931076,0.9441117644309998,0.7783556580543518
YNR063W,YBR128C,0,-1.2175078,0.10837438702583313,0.9441117644309998,0.7784556746482849
YOR224C,YAL063C,0,-1.2176925,0.10836196690797806,0.9441117644309998,0.778555691242218
YMR302C,YJL062W-A,0,-1.218056,0.10834956169128418,0.9441117644309998,0.7786557078361511
YOL120C,YDR402C,0,-1.2180965,0.1083371490240097,0.9441117644309998,0.7787557244300842
YGR282C,YNL279W,0,-1.2183533,0.10832474380731583,0.9441117644309998,0.7788558006286621
YGR061C,YLR210W,0,-1.2184144,0.10831234604120255,0.9441117644309998,0.7789558172225952
YGR035C,YGR255C,0,-1.2187998,0.10829994082450867,0.9441117644309998,0.7790558338165283
YOR083W,YLR089C,0,-1.219233,0.10828754305839539,0.9441117644309998,0.7791558504104614
YNL242W,YMR012W,0,-1.2196795,0.1082751527428627,0.9441117644309998,0.7792558670043945
YHR196W,YOR353C,0,-1.219953,0.10826276242733002,0.9441117644309998,0.7793558835983276
YBR237W,YKL220C,0,-1.2205038,0.10825037211179733,0.9441117644309998,0.7794559001922607
YGL206C,YLR141W,0,-1.2205527,0.10823798924684525,0.9441117644309998,0.7795559167861938
YBR297W,YNL241C,0,-1.2206932,0.10822560638189316,0.9441117644309998,0.779655933380127
YNL282W,YDR079C-A,0,-1.2209692,0.10821322351694107,0.9441117644309998,0.7797559499740601
YPR152C,YCR040W,0,-1.2210495,0.10820084810256958,0.9441117644309998,0.7798559665679932
YLR170C,YDR536W,0,-1.2213169,0.10818847268819809,0.9441117644309998,0.7799559831619263
YGL035C,YLL035W,0,-1.222419,0.1081760972738266,0.9441117644309998,0.7800559997558594
YMR267W,YJR026W,0,-1.2225132,0.1081637293100357,0.9441117644309998,0.7801560163497925
YDR385W,YAR071W,0,-1.2232211,0.10815136879682541,0.9441117644309998,0.7802560329437256
YJR077C,YPL281C,0,-1.2232562,0.10813900083303452,0.9441117644309998,0.7803560495376587
YOR226C,YBR083W,0,-1.2232665,0.10812664031982422,0.9441117644309998,0.7804560661315918
YBR287W,YHR052W,0,-1.2234772,0.10811428725719452,0.9441117644309998,0.7805560827255249
YBR093C,YNL154C,0,-1.2236086,0.10810193419456482,0.9441117644309998,0.7806561589241028
YDR177W,YBL004W,0,-1.2236574,0.10808958113193512,0.9441117644309998,0.7807561755180359
YKR059W,YOR304W,0,-1.2237556,0.10807722806930542,0.9441117644309998,0.780856192111969
YKR031C,YDR323C,1,-1.2238669,0.10817911475896835,0.9451097846031189,0.780856192111969
YFL022C,YJL062W-A,0,-1.2246511,0.10816676169633865,0.9451097846031189,0.7809562087059021
YEL026W,YGL185C,0,-1.2249148,0.10815440863370895,0.9451097846031189,0.7810562252998352
YBR258C,YPL112C,0,-1.2249345,0.10814205557107925,0.9451097846031189,0.7811562418937683
YOR304C-A,YGL033W,0,-1.2255113,0.10812970995903015,0.9451097846031189,0.7812562584877014
YMR175W,YGL212W,1,-1.2255166,0.10823152959346771,0.946107804775238,0.7812562584877014
YER073W,YLR057W,0,-1.2256767,0.10821917653083801,0.946107804775238,0.7813562750816345
YFL034C-A,YDR164C,0,-1.2257187,0.10820682346820831,0.946107804775238,0.7814562916755676
YGR092W,YDR101C,0,-1.2259129,0.10819447785615921,0.946107804775238,0.7815563082695007
YOR224C,YDR381C-A,0,-1.2261876,0.10818213224411011,0.946107804775238,0.7816563248634338
YFL018C,YPL124W,0,-1.2270582,0.108169786632061,0.946107804775238,0.7817563414573669
YBR050C,YHR025W,0,-1.2271266,0.1081574410200119,0.946107804775238,0.7818563580513
YPL200W,YNR044W,0,-1.2271852,0.1081451028585434,0.946107804775238,0.7819563746452332
YGL012W,YBR271W,0,-1.2276692,0.10813277214765549,0.946107804775238,0.7820563912391663
YJL158C,YJL100W,0,-1.2281277,0.10812044143676758,0.946107804775238,0.7821564078330994
YML081C-A,YIR022W,0,-1.2288857,0.10810811072587967,0.946107804775238,0.7822564244270325
YIR008C,YBL071W-A,0,-1.2291796,0.10809578001499176,0.946107804775238,0.7823565006256104
YOR332W,YER165W,0,-1.2292416,0.10808345675468445,0.946107804775238,0.7824565172195435
YJR137C,YDR226W,0,-1.2295556,0.10807113349437714,0.946107804775238,0.7825565338134766
YLL035W,YIL042C,0,-1.2299459,0.10805881768465042,0.946107804775238,0.7826565504074097
YHR005C-A,YHR124W,0,-1.2303199,0.1080465018749237,0.946107804775238,0.7827565670013428
YMR211W,YKL208W,0,-1.2307998,0.10803418606519699,0.946107804775238,0.7828565835952759
YNL049C,YGR090W,0,-1.2309777,0.10802187770605087,0.946107804775238,0.782956600189209
YFL054C,YFL002W-A,0,-1.2317691,0.10800956934690475,0.946107804775238,0.7830566167831421
YBR088C,YHR216W,0,-1.2318313,0.10799726843833923,0.946107804775238,0.7831566333770752
YLR447C,YKL086W,0,-1.2320743,0.10798496752977371,0.946107804775238,0.7832566499710083
YNR006W,YHR105W,1,-1.2323291,0.10808656364679337,0.9471057653427124,0.7832566499710083
YGR036C,YOL077W-A,0,-1.2327698,0.10807424783706665,0.9471057653427124,0.7833566665649414
YPR137C-B,YDL104C,0,-1.2329235,0.10806194692850113,0.9471057653427124,0.7834566831588745
YMR321C,YPR002W,0,-1.2333112,0.10804963856935501,0.9471057653427124,0.7835566997528076
YBL092W,YNL321W,0,-1.233797,0.10803733766078949,0.9471057653427124,0.7836567163467407
YLL055W,YPR171W,0,-1.2338543,0.10802504420280457,0.9471057653427124,0.7837567329406738
YPL017C,YDL129W,0,-1.2346445,0.10801275074481964,0.9471057653427124,0.7838567495346069
YHR214C-B,YNR016C,0,-1.2346544,0.10800045728683472,0.9471057653427124,0.78395676612854
YBL069W,YOL010W,0,-1.2347636,0.10798816382884979,0.9471057653427124,0.7840567827224731
YOL019W,YDR497C,0,-1.234904,0.10797587782144547,0.9471057653427124,0.784156858921051
YJL025W,YDR033W,0,-1.2350215,0.10796359181404114,0.9471057653427124,0.7842568755149841
YLR251W,YPL019C,0,-1.2354403,0.10795131325721741,0.9471057653427124,0.7843568921089172
YJL121C,YMR319C,0,-1.2355796,0.10793903470039368,0.9471057653427124,0.7844569087028503
YBR129C,YLR372W,0,-1.2356107,0.10792676359415054,0.9471057653427124,0.7845569252967834
YKL049C,YMR128W,0,-1.2356178,0.10791448503732681,0.9471057653427124,0.7846569418907166
YDR225W,YGR062C,0,-1.2362795,0.10790221393108368,0.9471057653427124,0.7847569584846497
YKR010C,YPR018W,0,-1.2363713,0.10788995027542114,0.9471057653427124,0.7848569750785828
YHR059W,YOL077W-A,0,-1.2364333,0.1078776866197586,0.9471057653427124,0.7849569916725159
YJR101W,YKR105C,0,-1.2367964,0.10786542296409607,0.9471057653427124,0.785057008266449
YGL172W,YKR060W,0,-1.2368045,0.10785316675901413,0.9471057653427124,0.7851570248603821
YDR346C,YER011W,0,-1.2371607,0.10784091055393219,0.9471057653427124,0.7852570414543152
YDR534C,YGL191W,0,-1.2372524,0.10782865434885025,0.9471057653427124,0.7853570580482483
YER049W,YNL290W,0,-1.2373245,0.10781640559434891,0.9471057653427124,0.7854570746421814
YLR028C,YHL009W-A,0,-1.2376927,0.10780415683984756,0.9471057653427124,0.7855570912361145
YLL041C,YCL050C,0,-1.2378409,0.10779191553592682,0.9471057653427124,0.7856571078300476
YOR214C,YLR134W,0,-1.2380085,0.10777967423200607,0.9471057653427124,0.7857571244239807
YDR079C-A,YJR135W-A,0,-1.2382648,0.10776743292808533,0.9471057653427124,0.7858572006225586
YIL110W,YLR228C,0,-1.2382673,0.10775519162416458,0.9471057653427124,0.7859572172164917
YDR186C,YJL113W,0,-1.2385188,0.10774295777082443,0.9471057653427124,0.7860572338104248
YGR154C,YGR229C,0,-1.2387418,0.10773073136806488,0.9471057653427124,0.7861572504043579
YLL034C,YIL115C,0,-1.2391403,0.10771850496530533,0.9471057653427124,0.786257266998291
YKL143W,YGR263C,0,-1.2392548,0.10770627856254578,0.9471057653427124,0.7863572835922241
YDR210W,YLR401C,0,-1.2393568,0.10769405215978622,0.9471057653427124,0.7864573001861572
YMR006C,YGR171C,0,-1.2394862,0.10768183320760727,0.9471057653427124,0.7865573167800903
YPR009W,YOR261C,0,-1.239814,0.10766961425542831,0.9471057653427124,0.7866573333740234
YOR287C,YEL016C,0,-1.2399752,0.10765740275382996,0.9471057653427124,0.7867573499679565
YFR019W,YMR319C,0,-1.2400628,0.1076451912522316,0.9471057653427124,0.7868573665618896
YAR010C,YOR336W,0,-1.2402818,0.10763297975063324,0.9471057653427124,0.7869573831558228
YBR136W,YPR187W,0,-1.2404265,0.10762077569961548,0.9471057653427124,0.7870573997497559
YDL099W,YHR081W,0,-1.2404883,0.10760857164859772,0.9471057653427124,0.787157416343689
YGR200C,YNR051C,0,-1.2407389,0.10759637504816055,0.9471057653427124,0.7872574329376221
YER007W,YLR275W,0,-1.2407929,0.10758417099714279,0.9471057653427124,0.7873574495315552
YDR079C-A,YDR231C,0,-1.240797,0.10757198184728622,0.9471057653427124,0.7874574661254883
YLR105C,YKL109W,0,-1.2408826,0.10755978524684906,0.9471057653427124,0.7875574827194214
YGL071W,YLR029C,0,-1.2409056,0.10754759609699249,0.9471057653427124,0.7876575589179993
YLR051C,YPR178W,0,-1.2409667,0.10753541439771652,0.9471057653427124,0.7877575755119324
YJL136C,YOL138C,0,-1.2410487,0.10752322524785995,0.9471057653427124,0.7878575921058655
YJL130C,YJR055W,0,-1.2411118,0.10751104354858398,0.9471057653427124,0.7879576086997986
YER069W,YOR030W,0,-1.2416096,0.10749886929988861,0.9471057653427124,0.7880576252937317
YHR196W,YDR536W,0,-1.241714,0.10748669505119324,0.9471057653427124,0.7881576418876648
YJR078W,YDR255C,0,-1.2422072,0.10747452080249786,0.9471057653427124,0.7882576584815979
YCL059C,YNL122C,0,-1.2423818,0.10746234655380249,0.9471057653427124,0.788357675075531
YOR100C,YGL169W,0,-1.2427845,0.10745017975568771,0.9471057653427124,0.7884576916694641
YIL078W,YDL078C,0,-1.2429111,0.10743801295757294,0.9471057653427124,0.7885577082633972
YML073C,YMR056C,0,-1.2429643,0.10742585361003876,0.9471057653427124,0.7886577248573303
YOR168W,YDR415C,0,-1.2430224,0.10741369426250458,0.9471057653427124,0.7887577414512634
YGL099W,YLR305C,0,-1.2433139,0.107401542365551,0.9471057653427124,0.7888577580451965
YNR001C,YAL033W,0,-1.2436436,0.10738938301801682,0.9471057653427124,0.7889577746391296
YEL071W,YNL077W,0,-1.2440724,0.10737723112106323,0.9471057653427124,0.7890577912330627
YIL110W,YGR012W,0,-1.2445563,0.10736508667469025,0.9471057653427124,0.7891578078269958
YDL115C,YDR376W,0,-1.2447523,0.10735294222831726,0.9471057653427124,0.789257824420929
YMR071C,YIL006W,0,-1.2448182,0.10734079778194427,0.9471057653427124,0.7893579006195068
YBR040W,YLR178C,0,-1.2450514,0.10732866078615189,0.9471057653427124,0.7894579172134399
YHR188C,YPL003W,0,-1.2456455,0.1073165237903595,0.9471057653427124,0.789557933807373
YIL021W,YML091C,0,-1.2456917,0.10730438679456711,0.9471057653427124,0.7896579504013062
YLR256W-A,YKR098C,0,-1.2458584,0.10729225724935532,0.9471057653427124,0.7897579669952393
YMR175W,YPL048W,1,-1.2459805,0.10739317536354065,0.9481037855148315,0.7897579669952393
YNR022C,YIL113W,0,-1.2461123,0.10738103091716766,0.9481037855148315,0.7898579835891724
YMR292W,YCR047C,0,-1.246825,0.10736889392137527,0.9481037855148315,0.7899580001831055
YBL105C,YDR210W-B,0,-1.247148,0.10735676437616348,0.9481037855148315,0.7900580167770386
YHR167W,YPL082C,0,-1.2471566,0.10734463483095169,0.9481037855148315,0.7901580333709717
YPR060C,YPL275W,0,-1.2476739,0.1073325052857399,0.9481037855148315,0.7902580499649048
YLR385C,YLR380W,0,-1.2480311,0.1073203831911087,0.9481037855148315,0.7903580665588379
YBR187W,YPR025C,0,-1.248536,0.10730825364589691,0.9481037855148315,0.790458083152771
YJL062W-A,YBL079W,0,-1.2489738,0.10729613900184631,0.9481037855148315,0.7905580997467041
YHR160C,YOL137W,0,-1.2491224,0.10728401690721512,0.9481037855148315,0.7906581163406372
YOL108C,YAL033W,0,-1.2492502,0.10727190971374512,0.9481037855148315,0.7907581329345703
YDR020C,YDR034C-C,0,-1.2493132,0.10725979506969452,0.9481037855148315,0.7908581495285034
YBR265W,YOL103W-B,0,-1.249437,0.10724768787622452,0.9481037855148315,0.7909581661224365
YOL101C,YER061C,0,-1.2497641,0.10723558068275452,0.9481037855148315,0.7910581827163696
YPR200C,YGR275W,0,-1.2498112,0.10722347348928452,0.9481037855148315,0.7911582589149475
YIL159W,YOR206W,0,-1.2503545,0.10721137374639511,0.9481037855148315,0.7912582755088806
YNL050C,YOR265W,0,-1.2505597,0.1071992814540863,0.9481037855148315,0.7913582921028137
YBL002W,YER020W,0,-1.2509241,0.1071871817111969,0.9481037855148315,0.7914583086967468
YER110C,YPL057C,0,-1.2514143,0.10717508941888809,0.9481037855148315,0.7915583252906799
YDR079C-A,YFL002C,0,-1.2515361,0.10716299712657928,0.9481037855148315,0.791658341884613
YHR023W,YCR098C,0,-1.2517133,0.10715091228485107,0.9481037855148315,0.7917583584785461
YPL183W-A,YOR188W,0,-1.2519206,0.10713882744312286,0.9481037855148315,0.7918583750724792
YKR025W,YNL284C-A,0,-1.2520095,0.10712675005197525,0.9481037855148315,0.7919583916664124
YKR055W,YHR136C,0,-1.2520267,0.10711467266082764,0.9481037855148315,0.7920584082603455
YCR030C,YHR203C,0,-1.2523842,0.10710259526968002,0.9481037855148315,0.7921584248542786
YJL177W,YJL112W,0,-1.2526288,0.10709051787853241,0.9481037855148315,0.7922584414482117
YDR320C-A,YLR212C,0,-1.252773,0.1070784479379654,0.9481037855148315,0.7923584580421448
YLR304C,YHR085W,0,-1.2527978,0.10706637799739838,0.9481037855148315,0.7924584746360779
YCL074W,YJR033C,0,-1.2528608,0.10705431550741196,0.9481037855148315,0.792558491230011
YLR176C,YJL062W-A,0,-1.2529259,0.10704225301742554,0.9481037855148315,0.7926585078239441
YOR317W,YOL021C,0,-1.2529583,0.10703019052743912,0.9481037855148315,0.7927585244178772
YHR091C,YER036C,0,-1.2531801,0.1070181354880333,0.9481037855148315,0.7928586006164551
YML109W,YPL090C,0,-1.253182,0.10700608044862747,0.9481037855148315,0.7929586172103882
YFL004W,YML091C,0,-1.253228,0.10699403285980225,0.9481037855148315,0.7930586338043213
YKL059C,YBR291C,0,-1.2533392,0.10698198527097702,0.9481037855148315,0.7931586503982544
YDR429C,YPR033C,0,-1.2538054,0.1069699376821518,0.9481037855148315,0.7932586669921875
YPR031W,YBR257W,0,-1.2539823,0.10695789009332657,0.9481037855148315,0.7933586835861206
YDL136W,YGL021W,0,-1.2540568,0.10694584995508194,0.9481037855148315,0.7934587001800537
YBR298C,YOR374W,0,-1.2542635,0.10693381726741791,0.9481037855148315,0.7935587167739868
YIL076W,YPL231W,0,-1.2546163,0.10692177712917328,0.9481037855148315,0.7936587333679199
YGR089W,YDL148C,0,-1.2546986,0.10690974444150925,0.9481037855148315,0.793758749961853
YOL092W,YDR365W-B,0,-1.255199,0.10689771920442581,0.9481037855148315,0.7938587665557861
YNL298W,YER087C-B,0,-1.2558143,0.10688568651676178,0.9481037855148315,0.7939587831497192
YGL099W,YJR105W,0,-1.2562325,0.10687366127967834,0.9481037855148315,0.7940587997436523
YNL298W,YBR239C,0,-1.2562461,0.1068616434931755,0.9481037855148315,0.7941588163375854
YEL030W,YER174C,0,-1.2564514,0.10684962570667267,0.9481037855148315,0.7942588329315186
YPR204W,YDR172W,0,-1.2564771,0.10683760792016983,0.9481037855148315,0.7943588495254517
YLR014C,YDR451C,0,-1.2566187,0.10682559013366699,0.9481037855148315,0.7944588661193848
YAR066W,YBR164C,0,-1.2566454,0.10681357979774475,0.9481037855148315,0.7945588827133179
YJR060W,YBL071W-A,0,-1.2578564,0.1068015769124031,0.9481037855148315,0.7946589589118958
YJL071W,YDR123C,0,-1.2579125,0.10678956657648087,0.9481037855148315,0.7947589755058289
YDR210W-A,YER075C,0,-1.2579868,0.10677756369113922,0.9481037855148315,0.794858992099762
YMR323W,YPR149W,0,-1.2582176,0.10676556825637817,0.9481037855148315,0.7949590086936951
YER013W,YPL183W-A,0,-1.258267,0.10675356537103653,0.9481037855148315,0.7950590252876282
YOL125W,YMR161W,0,-1.2585688,0.10674156993627548,0.9481037855148315,0.7951590418815613
YBR093C,YPR066W,0,-1.2597194,0.10672958195209503,0.9481037855148315,0.7952590584754944
YIR005W,YGL120C,0,-1.2597547,0.10671759396791458,0.9481037855148315,0.7953590750694275
YML099C,YPR152C,0,-1.2601533,0.10670560598373413,0.9481037855148315,0.7954590916633606
YEL077C,YHL033C,0,-1.260342,0.10669361799955368,0.9481037855148315,0.7955591082572937
YDR538W,YDL082W,0,-1.2606726,0.10668163746595383,0.9481037855148315,0.7956591248512268
YGR183C,YJL145W,0,-1.2608073,0.10666966438293457,0.9481037855148315,0.7957591414451599
YPL257W-A,YNL085W,0,-1.2609382,0.10665768384933472,0.9481037855148315,0.795859158039093
YNL316C,YKL182W,0,-1.2611523,0.10664571076631546,0.9481037855148315,0.7959591746330261
YPL055C,YGR038C-A,0,-1.2612554,0.1066337376832962,0.9481037855148315,0.7960591912269592
YDR309C,YNR006W,1,-1.2613704,0.1067340075969696,0.9491018056869507,0.7960591912269592
YPL068C,YDL055C,0,-1.2615331,0.10672202706336975,0.9491018056869507,0.7961592078208923
YLL027W,YNL054W-B,0,-1.2616198,0.1067100539803505,0.9491018056869507,0.7962592244148254
YPL152W,YBR084W,0,-1.2618605,0.10669808089733124,0.9491018056869507,0.7963593006134033
YDR164C,YOR378W,0,-1.2619087,0.10668611526489258,0.9491018056869507,0.7964593172073364
YML010W,YPL033C,0,-1.2621514,0.10667414218187332,0.9491018056869507,0.7965593338012695
YOR378W,YBR072W,0,-1.2623143,0.10666218400001526,0.9491018056869507,0.7966593503952026
YHL009W-B,YKL064W,0,-1.2624412,0.1066502183675766,0.9491018056869507,0.7967593669891357
YDR285W,YPR160W,0,-1.262534,0.10663826018571854,0.9491018056869507,0.7968593835830688
YLR270W,YDL179W,0,-1.2626634,0.10662630200386047,0.9491018056869507,0.796959400177002
YER151C,YCR014C,0,-1.2627201,0.10661435127258301,0.9491018056869507,0.7970594167709351
YPR163C,YGL259W,0,-1.2627931,0.10660240054130554,0.9491018056869507,0.7971594333648682
YMR032W,YGR220C,0,-1.2632107,0.10659044981002808,0.9491018056869507,0.7972594499588013
YCL026C-B,YKL208W,0,-1.2633773,0.10657850652933121,0.9491018056869507,0.7973594665527344
YDR382W,YLL032C,0,-1.2635412,0.10656656324863434,0.9491018056869507,0.7974594831466675
YOL080C,YJL165C,0,-1.2637876,0.10655461996793747,0.9491018056869507,0.7975594997406006
YGR161W-B,YBL026W,0,-1.2640903,0.1065426841378212,0.9491018056869507,0.7976595163345337
YLR264W,YEL052W,0,-1.2642757,0.10653074830770493,0.9491018056869507,0.7977595329284668
YKL020C,YDR184C,0,-1.2647123,0.10651881992816925,0.9491018056869507,0.7978595495223999
YBR057C,YPR101W,0,-1.2650023,0.10650688409805298,0.9491018056869507,0.797959566116333
YML106W,YOR127W,0,-1.2653167,0.1064949631690979,0.9491018056869507,0.7980595827102661
YOR192C-B,YKL094W,0,-1.2656169,0.10648303478956223,0.9491018056869507,0.798159658908844
YFL066C,YOL155C,0,-1.2656394,0.10647111386060715,0.9491018056869507,0.7982596755027771
YLR305C,YDR341C,0,-1.2662917,0.10645919293165207,0.9491018056869507,0.7983596920967102
YKR035W-A,YPL131W,0,-1.2667836,0.10644727945327759,0.9491018056869507,0.7984597086906433
YCR068W,YDR486C,0,-1.267356,0.1064353659749031,0.9491018056869507,0.7985597252845764
YLR130C,YDR531W,0,-1.2681637,0.10642345249652863,0.9491018056869507,0.7986597418785095
YMR189W,YCR047C,0,-1.2682877,0.10641154646873474,0.9491018056869507,0.7987597584724426
YDR170W-A,YFL048C,0,-1.2685165,0.10639964044094086,0.9491018056869507,0.7988597750663757
YER087C-B,YLR283W,0,-1.2686095,0.10638774186372757,0.9491018056869507,0.7989597916603088
YOR237W,YBL085W,1,-1.2687267,0.1064876988530159,0.9500998258590698,0.7989597916603088
YDL159W,YNL064C,0,-1.2687429,0.10647578537464142,0.9500998258590698,0.7990598082542419
YPR041W,YPL121C,0,-1.2689701,0.10646387934684753,0.9500998258590698,0.799159824848175
YGR183C,YPR167C,0,-1.2690785,0.10645197331905365,0.9500998258590698,0.7992598414421082
YPL099C,YMR038C,0,-1.2696767,0.10644007474184036,0.9500998258590698,0.7993598580360413
YNL257C,YCR043C,0,-1.2697651,0.10642816871404648,0.9500998258590698,0.7994598746299744
YLR270W,YDL232W,0,-1.2697887,0.10641627758741379,0.9500998258590698,0.7995598912239075
YDR320C-A,YOL138C,0,-1.2705286,0.1064043790102005,0.9500998258590698,0.7996599078178406
YPR041W,YAR018C,0,-1.2707738,0.10639248788356781,0.9500998258590698,0.7997599244117737
YIR013C,YNL008C,0,-1.2711021,0.10638060420751572,0.9500998258590698,0.7998600006103516
YML051W,YDR170W-A,0,-1.2711322,0.10636871308088303,0.9500998258590698,0.7999600172042847
YPL186C,YJL046W,0,-1.2712696,0.10635682940483093,0.9500998258590698,0.8000600337982178
YJR009C,YHL009W-A,0,-1.2714758,0.10634495317935944,0.9500998258590698,0.8001600503921509
YKL144C,YDR381C-A,0,-1.2715786,0.10633306950330734,0.9500998258590698,0.800260066986084
YLR433C,YGL029W,0,-1.2718766,0.10632120072841644,0.9500998258590698,0.8003600835800171
YBR274W,YJR095W,0,-1.272337,0.10630932450294495,0.9500998258590698,0.8004601001739502
YDL206W,YDL204W,0,-1.2726549,0.10629745572805405,0.9500998258590698,0.8005601167678833
YGL229C,YHR147C,0,-1.2726636,0.10628558695316315,0.9500998258590698,0.8006601333618164
YMR210W,YOR192C-A,0,-1.2726821,0.10627371817827225,0.9500998258590698,0.8007601499557495
YBR215W,YOR234C,0,-1.2734585,0.10626185685396194,0.9500998258590698,0.8008601665496826
YIL150C,YCR043C,0,-1.273782,0.10625000298023224,0.9500998258590698,0.8009601831436157
YJR077C,YPR187W,0,-1.2738389,0.10623814165592194,0.9500998258590698,0.8010601997375488
YMR021C,YJL136C,0,-1.2743989,0.10622628778219223,0.9500998258590698,0.8011602163314819
YFL034C-B,YPR112C,0,-1.2744013,0.10621443390846252,0.9500998258590698,0.801260232925415
YPL134C,YOL142W,0,-1.2748797,0.10620258748531342,0.9500998258590698,0.8013602495193481
YBR040W,YDR312W,0,-1.2749951,0.1061907410621643,0.9500998258590698,0.8014602661132812
YCR054C,YER002W,0,-1.2750878,0.1061788946390152,0.9500998258590698,0.8015602827072144
YLR318W,YGL044C,0,-1.2754861,0.10616705566644669,0.9500998258590698,0.8016603589057922
YER082C,YMR172W,0,-1.2758459,0.10615521669387817,0.9500998258590698,0.8017603754997253
YLR051C,YCL026C-B,0,-1.2762594,0.10614338517189026,0.9500998258590698,0.8018603920936584
YDR316W-A,YJL136C,0,-1.2768221,0.10613154619932175,0.9500998258590698,0.8019604086875916
YDR385W,YBL102W,0,-1.2769494,0.10611972212791443,0.9500998258590698,0.8020604252815247
YER160C,YGL022W,0,-1.2770336,0.10610789060592651,0.9500998258590698,0.8021604418754578
YOR353C,YLR172C,0,-1.2771039,0.1060960665345192,0.9500998258590698,0.8022604584693909
YGR070W,YHR160C,0,-1.2773383,0.10608424246311188,0.9500998258590698,0.802360475063324
YMR135C,YNL015W,0,-1.2776045,0.10607242584228516,0.9500998258590698,0.8024604916572571
YGR081C,YDR034C-C,0,-1.2783072,0.10606060922145844,0.9500998258590698,0.8025605082511902
YMR216C,YNL186W,0,-1.2784538,0.10604879260063171,0.9500998258590698,0.8026605248451233
YBR267W,YDR480W,0,-1.2786963,0.10603697597980499,0.9500998258590698,0.8027605414390564
YGR238C,YPR187W,0,-1.2787298,0.10602516680955887,0.9500998258590698,0.8028605580329895
YER089C,YMR134W,0,-1.2787571,0.10601336508989334,0.9500998258590698,0.8029605746269226
YPR163C,YJR152W,0,-1.2791631,0.10600155591964722,0.9500998258590698,0.8030605912208557
YHR211W,YLR214W,0,-1.2796862,0.10598975419998169,0.9500998258590698,0.8031606078147888
YOR222W,YPL081W,0,-1.2801254,0.10597795993089676,0.9500998258590698,0.8032606244087219
YML022W,YPL157W,0,-1.280229,0.10596616566181183,0.9500998258590698,0.8033607006072998
YER019W,YHR007C,0,-1.2802329,0.1059543713927269,0.9500998258590698,0.8034607172012329
YLR410W-A,YOL026C,0,-1.2803156,0.10594257712364197,0.9500998258590698,0.803560733795166
YJL062W-A,YBR221C,0,-1.2806405,0.10593079030513763,0.9500998258590698,0.8036607503890991
YIR012W,YER044C,0,-1.2806487,0.1059190034866333,0.9500998258590698,0.8037607669830322
YKL082C,YOL147C,0,-1.280764,0.10590721666812897,0.9500998258590698,0.8038607835769653
YOR391C,YNL270C,0,-1.2811725,0.10589543730020523,0.9500998258590698,0.8039608001708984
YHL012W,YKR102W,0,-1.2812276,0.1058836579322815,0.9500998258590698,0.8040608167648315
YPL257W-B,YLR287C-A,0,-1.2816293,0.10587188601493835,0.9500998258590698,0.8041608333587646
YER159C-A,YER170W,0,-1.281874,0.10586011409759521,0.9500998258590698,0.8042608499526978
YBL088C,YHR124W,0,-1.2824106,0.10584834218025208,0.9500998258590698,0.8043608665466309
YCL066W,YDL061C,0,-1.2825224,0.10583657771348953,0.9500998258590698,0.804460883140564
YML118W,YPL101W,0,-1.2828245,0.10582481324672699,0.9500998258590698,0.8045608997344971
YMR175W,YPR097W,1,-1.2832978,0.10592419654130936,0.9510977864265442,0.8045608997344971
YDR107C,YCL075W,0,-1.2844102,0.10591242462396622,0.9510977864265442,0.8046609163284302
YDR495C,YPL231W,0,-1.2844462,0.10590065270662308,0.9510977864265442,0.8047609329223633
YLR312W-A,YDL206W,0,-1.2845387,0.10588888823986053,0.9510977864265442,0.8048609495162964
YOR229W,YGR292W,0,-1.2848412,0.10587712377309799,0.9510977864265442,0.8049609661102295
YOR096W,YDR032C,0,-1.284934,0.10586536675691605,0.9510977864265442,0.8050609827041626
YLR081W,YNL136W,0,-1.2854269,0.1058536022901535,0.9510977864265442,0.8051610589027405
YBR082C,YOR393W,0,-1.2855893,0.10584184527397156,0.9510977864265442,0.8052610754966736
YFL003C,YOL043C,0,-1.2857938,0.10583009570837021,0.9510977864265442,0.8053610920906067
YDR128W,YML043C,0,-1.2863102,0.10581834614276886,0.9510977864265442,0.8054611086845398
YNL275W,YNL292W,0,-1.2863297,0.10580659657716751,0.9510977864265442,0.8055611252784729
YIL050W,YDR453C,0,-1.2863747,0.10579484701156616,0.9510977864265442,0.805661141872406
YHR012W,YER185W,0,-1.2866592,0.10578310489654541,0.9510977864265442,0.8057611584663391
YGR087C,YBR238C,0,-1.2868472,0.10577136278152466,0.9510977864265442,0.8058611750602722
YPL022W,YDR020C,0,-1.2870915,0.1057596281170845,0.9510977864265442,0.8059611916542053
YBR012W-B,YGR229C,0,-1.2871816,0.10574789345264435,0.9510977864265442,0.8060612082481384
YDL155W,YCR043C,0,-1.287353,0.1057361587882042,0.9510977864265442,0.8061612248420715
YCL069W,YPR001W,0,-1.287353,0.10572443157434464,0.9510977864265442,0.8062612414360046
YAL021C,YHL009W-B,0,-1.2877495,0.10571270436048508,0.9510977864265442,0.8063612580299377
YIL021W,YDR034C-C,0,-1.2881339,0.10570097714662552,0.9510977864265442,0.8064612746238708
YBL071W-A,YKL212W,0,-1.2882488,0.10568924993276596,0.9510977864265442,0.806561291217804
YLR164W,YCR012W,0,-1.2882633,0.105677530169487,0.9510977864265442,0.8066613078117371
YOR256C,YHR211W,0,-1.2886548,0.10566581785678864,0.9510977864265442,0.8067613244056702
YOR145C,YGL257C,0,-1.2888646,0.10565410554409027,0.9510977864265442,0.806861400604248
YGL019W,YKR101W,0,-1.2897589,0.1056423932313919,0.9510977864265442,0.8069614171981812
YER002W,YBL050W,0,-1.2900568,0.10563068091869354,0.9510977864265442,0.8070614337921143
YOR237W,YLR206W,1,-1.2901567,0.10572980344295502,0.9520958065986633,0.8070614337921143
YJL109C,YLL042C,0,-1.2903355,0.10571808367967606,0.9520958065986633,0.8071614503860474
YOL102C,YFR009W,0,-1.290405,0.10570637136697769,0.9520958065986633,0.8072614669799805
YDR020C,YGR038C-A,0,-1.2905312,0.10569465905427933,0.9520958065986633,0.8073614835739136
YLL019C,YDR320C-A,0,-1.2905807,0.10568295419216156,0.9520958065986633,0.8074615001678467
YCR097W,YDL079C,0,-1.2906327,0.1056712418794632,0.9520958065986633,0.8075615167617798
YNL279W,YDR210W-B,0,-1.2906373,0.10565954446792603,0.9520958065986633,0.8076615333557129
YKL112W,YPL033C,0,-1.2912773,0.10564783960580826,0.9520958065986633,0.807761549949646
YML028W,YLR410W-B,0,-1.2913167,0.10563614219427109,0.9520958065986633,0.8078615665435791
YHR168W,YPL033C,0,-1.2914333,0.10562444478273392,0.9520958065986633,0.8079615831375122
YHR016C,YJR101W,0,-1.291522,0.10561275482177734,0.9520958065986633,0.8080615997314453
YNR057C,YKR009C,0,-1.2920215,0.10560106486082077,0.9520958065986633,0.8081616163253784
YBR018C,YFL008W,0,-1.2925467,0.1055893748998642,0.9520958065986633,0.8082616329193115
YPL217C,YGR287C,0,-1.292644,0.10557769238948822,0.9520958065986633,0.8083616495132446
YOR205C,YGL205W,0,-1.2931861,0.10556600987911224,0.9520958065986633,0.8084616661071777
YOL115W,YDL064W,0,-1.2936883,0.10555432736873627,0.9520958065986633,0.8085616827011108
YBR088C,YDL014W,0,-1.2938734,0.10554264485836029,0.9520958065986633,0.8086617588996887
YPR104C,YFR037C,0,-1.2941198,0.10553096979856491,0.9520958065986633,0.8087617754936218
YJR065C,YAR071W,0,-1.2941679,0.10551930218935013,0.9520958065986633,0.8088617920875549
YDR365W-B,YMR166C,0,-1.2941955,0.10550763458013535,0.9520958065986633,0.808961808681488
YNR057C,YDR159W,0,-1.2948074,0.10549596697092056,0.9520958065986633,0.8090618252754211
YLR077W,YLL041C,0,-1.294892,0.10548429936170578,0.9520958065986633,0.8091618418693542
YDR425W,YHR105W,1,-1.2949061,0.10558319836854935,0.9530938267707825,0.8091618418693542
YDL136W,YCR071C,0,-1.2951791,0.10557152330875397,0.9530938267707825,0.8092618584632874
YBR127C,YDR261W-A,0,-1.2952387,0.10555985569953918,0.9530938267707825,0.8093618750572205
YDL232W,YCR102C,0,-1.2954717,0.1055481880903244,0.9530938267707825,0.8094618916511536
YGL225W,YMR256C,0,-1.2956553,0.10553652048110962,0.9530938267707825,0.8095619082450867
YMR024W,YER054C,0,-1.2956803,0.10552486032247543,0.9530938267707825,0.8096619248390198
YCR028C,YHR105W,0,-1.2958333,0.10551320016384125,0.9530938267707825,0.8097619414329529
YLR291C,YHR187W,0,-1.296251,0.10550154745578766,0.9530938267707825,0.809861958026886
YPL237W,YER111C,0,-1.2963119,0.10548989474773407,0.9530938267707825,0.8099619746208191
YER137C,YIL017C,0,-1.2963978,0.10547824203968048,0.9530938267707825,0.8100619912147522
YJR105W,YOR190W,0,-1.2968137,0.10546658933162689,0.9530938267707825,0.8101620078086853
YER074W,YOL152W,0,-1.2972358,0.1054549440741539,0.9530938267707825,0.8102620244026184
YLL012W,YGR214W,0,-1.2976549,0.1054433062672615,0.9530938267707825,0.8103621006011963
YIL158W,YHR091C,0,-1.2980822,0.10543166100978851,0.9530938267707825,0.8104621171951294
YPR200C,YPL163C,0,-1.2983332,0.10542002320289612,0.9530938267707825,0.8105621337890625
YJR032W,YJR152W,0,-1.2988224,0.10540838539600372,0.9530938267707825,0.8106621503829956
YBR127C,YDR261C-D,0,-1.2992301,0.10539675503969193,0.9530938267707825,0.8107621669769287
YER101C,YNL182C,0,-1.2994647,0.10538512468338013,0.9530938267707825,0.8108621835708618
YGR184C,YGL259W,0,-1.2995303,0.10537349432706833,0.9530938267707825,0.8109622001647949
YFL036W,YMR276W,0,-1.2996666,0.10536187142133713,0.9530938267707825,0.811062216758728
YER087C-B,YPL148C,0,-1.299912,0.10535024851560593,0.9530938267707825,0.8111622333526611
YOR304C-A,YJR029W,0,-1.2999508,0.10533862560987473,0.9530938267707825,0.8112622499465942
YOR237W,YER008C,1,-1.3001132,0.10543730109930038,0.9540917873382568,0.8112622499465942
YIL048W,YJR139C,0,-1.3001454,0.10542567074298859,0.9540917873382568,0.8113622665405273
YER117W,YGR287C,0,-1.300209,0.10541404783725739,0.9540917873382568,0.8114622831344604
YNL229C,YOR287C,0,-1.3002262,0.10540242493152618,0.9540917873382568,0.8115622997283936
YKR056W,YGR169C,0,-1.3003004,0.10539080947637558,0.9540917873382568,0.8116623163223267
YIL027C,YPL017C,0,-1.3003981,0.10537918657064438,0.9540917873382568,0.8117623329162598
YFL066C,YBR247C,0,-1.3005368,0.10536757111549377,0.9540917873382568,0.8118623495101929
YOR192C-B,YKR098C,0,-1.3005416,0.10535596311092377,0.9540917873382568,0.811962366104126
YDR146C,YDL130W-A,0,-1.3009994,0.10534435510635376,0.9540917873382568,0.8120623826980591
YML022W,YPL151C,0,-1.3010361,0.10533274710178375,0.9540917873382568,0.812162458896637
YOR353C,YDR402C,0,-1.3010645,0.10532113909721375,0.9540917873382568,0.8122624754905701
YLR024C,YDL130W,0,-1.3014505,0.10530953854322433,0.9540917873382568,0.8123624920845032
YNL299W,YIL026C,0,-1.3014979,0.10529793798923492,0.9540917873382568,0.8124625086784363
YOR312C,YJL062W-A,0,-1.3021357,0.10528634488582611,0.9540917873382568,0.8125625252723694
YOL124C,YOL138C,0,-1.3023493,0.1052747517824173,0.9540917873382568,0.8126625418663025
YDL138W,YHR072W-A,0,-1.3023577,0.10526315867900848,0.9540917873382568,0.8127625584602356
YLR332W,YBR050C,0,-1.3026557,0.10525156557559967,0.9540917873382568,0.8128625750541687
YLR329W,YDR072C,0,-1.3037928,0.10523997992277145,0.9540917873382568,0.8129625916481018
YGR081C,YER029C,0,-1.3040915,0.10522840172052383,0.9540917873382568,0.8130626082420349
YNL244C,YJR026W,0,-1.3041478,0.10521681606769562,0.9540917873382568,0.813162624835968
YOL115W,YPL276W,0,-1.3043808,0.105205237865448,0.9540917873382568,0.8132626414299011
YLR297W,YML123C,0,-1.3044498,0.10519365966320038,0.9540917873382568,0.8133626580238342
YJR047C,YOR210W,0,-1.3044932,0.10518208891153336,0.9540917873382568,0.8134626746177673
YDR421W,YDR261C-C,0,-1.3045523,0.10517051815986633,0.9540917873382568,0.8135626912117004
YDR492W,YMR260C,0,-1.3045691,0.10515894740819931,0.9540917873382568,0.8136627078056335
YBR204C,YJR070C,0,-1.3048096,0.10514738410711288,0.9540917873382568,0.8137627243995667
YHR051W,YMR167W,0,-1.3048704,0.10513582080602646,0.9540917873382568,0.8138628005981445
YDR492W,YKL130C,0,-1.3051921,0.10512425750494003,0.9540917873382568,0.8139628171920776
YFL053W,YIL103W,0,-1.3054689,0.1051127016544342,0.9540917873382568,0.8140628337860107
YGL125W,YBR105C,0,-1.3055665,0.10510114580392838,0.9540917873382568,0.8141628503799438
YER073W,YMR150C,0,-1.3057774,0.10508958995342255,0.9540917873382568,0.814262866973877
YPR189W,YHR187W,0,-1.306665,0.10507804155349731,0.9540917873382568,0.8143628835678101
YJR127C,YLR344W,0,-1.3067498,0.10506649315357208,0.9540917873382568,0.8144629001617432
YLR403W,YHL040C,0,-1.3068409,0.10505494475364685,0.9540917873382568,0.8145629167556763
YLR430W,YHR065C,0,-1.3069757,0.10504340380430222,0.9540917873382568,0.8146629333496094
YGR183C,YNL262W,0,-1.3070636,0.10503186285495758,0.9540917873382568,0.8147629499435425
YPL154C,YGL229C,0,-1.3071587,0.10502032190561295,0.9540917873382568,0.8148629665374756
YPL217C,YLR132C,0,-1.3073454,0.10500878840684891,0.9540917873382568,0.8149629831314087
YPR137W,YHR200W,0,-1.3076751,0.10499725490808487,0.9540917873382568,0.8150629997253418
YMR036C,YMR290C,0,-1.3077481,0.10498572140932083,0.9540917873382568,0.8151630163192749
YLL038C,YPR025C,0,-1.3081205,0.10497419536113739,0.9540917873382568,0.815263032913208
YEL011W,YPR149W,0,-1.3087788,0.10496266931295395,0.9540917873382568,0.8153630495071411
YPL167C,YCL069W,0,-1.3089727,0.1049511507153511,0.9540917873382568,0.8154630661010742
YLL035W,YDR414C,0,-1.3093634,0.10493962466716766,0.9540917873382568,0.8155631422996521
YDR447C,YPL078C,0,-1.3096129,0.10492810606956482,0.9540917873382568,0.8156631588935852
YPL030W,YEL065W,0,-1.3098333,0.10491659492254257,0.9540917873382568,0.8157631754875183
YOL092W,YBL090W,0,-1.3107619,0.10490508377552032,0.9540917873382568,0.8158631920814514
YIL006W,YDL061C,0,-1.3107748,0.10489357262849808,0.9540917873382568,0.8159632086753845
YML128C,YBR105C,0,-1.3108268,0.10488206148147583,0.9540917873382568,0.8160632252693176
YOR054C,YML018C,0,-1.3109705,0.10487055778503418,0.9540917873382568,0.8161632418632507
YBL082C,YKL109W,0,-1.3112569,0.10485905408859253,0.9540917873382568,0.8162632584571838
YML001W,YPR022C,0,-1.3112926,0.10484755784273148,0.9540917873382568,0.8163632750511169
YFR032C-A,YDR381C-A,0,-1.3114293,0.10483605414628983,0.9540917873382568,0.81646329164505
YML121W,YHR081W,0,-1.3115547,0.10482455790042877,0.9540917873382568,0.8165633082389832
YDR530C,YDR487C,0,-1.3117099,0.10481306910514832,0.9540917873382568,0.8166633248329163
YEL046C,YDR320C-A,0,-1.311948,0.10480158030986786,0.9540917873382568,0.8167633414268494
YMR199W,YCR102C,0,-1.311955,0.1047900915145874,0.9540917873382568,0.8168633580207825
YEL041W,YAL010C,0,-1.311959,0.10477860271930695,0.9540917873382568,0.8169633746147156
YML126C,YPL275W,0,-1.3121626,0.10476712137460709,0.9540917873382568,0.8170633912086487
YLR304C,YOL077W-A,0,-1.3121802,0.10475564002990723,0.9540917873382568,0.8171634078025818
YJR139C,YNL146W,0,-1.3127522,0.10474416613578796,0.9540917873382568,0.8172634243965149
YKL082C,YDR293C,0,-1.3127527,0.1047326922416687,0.9540917873382568,0.8173635005950928
YDR233C,YGL183C,0,-1.3129544,0.10472121834754944,0.9540917873382568,0.8174635171890259
YER124C,YKL188C,0,-1.3130516,0.10470974445343018,0.9540917873382568,0.817563533782959
YPR070W,YGL135W,0,-1.3130578,0.10469827800989151,0.9540917873382568,0.8176635503768921
YER074W,YOR310C,0,-1.3131822,0.10468681901693344,0.9540917873382568,0.8177635669708252
YCR028C-A,YPR164W,0,-1.3132248,0.10467535257339478,0.9540917873382568,0.8178635835647583
YPR190C,YER088C,0,-1.3133972,0.1046638935804367,0.9540917873382568,0.8179636001586914
YDR316W-A,YNL085W,0,-1.3136096,0.10465243458747864,0.9540917873382568,0.8180636167526245
YER027C,YOR192C-B,0,-1.3141378,0.10464098304510117,0.9540917873382568,0.8181636333465576
YNL153C,YHL024W,0,-1.3143837,0.1046295315027237,0.9540917873382568,0.8182636499404907
YKL160W,YLR305C,0,-1.3146152,0.10461807996034622,0.9540917873382568,0.8183636665344238
YLR095C,YKL078W,0,-1.314951,0.10460662841796875,0.9540917873382568,0.8184636831283569
YNL311C,YER131W,0,-1.3152223,0.10459518432617188,0.9540917873382568,0.81856369972229
YDR320C-A,YCL047C,0,-1.315344,0.104583740234375,0.9540917873382568,0.8186637163162231
YOR283W,YBL055C,0,-1.3153757,0.10457230359315872,0.9540917873382568,0.8187637329101562
YGL119W,YDR365W-B,0,-1.3158803,0.10456086695194244,0.9540917873382568,0.8188637495040894
YLR329W,YAL008W,0,-1.3163732,0.10454943031072617,0.9540917873382568,0.8189637660980225
YGL161C,YER087C-B,0,-1.3166685,0.10453800112009048,0.9540917873382568,0.8190638422966003
YLL008W,YDL045W-A,0,-1.3177302,0.1045265719294548,0.9540917873382568,0.8191638588905334
YNL139C,YJR135W-A,0,-1.3177519,0.10451514273881912,0.9540917873382568,0.8192638754844666
YHR016C,YPR183W,0,-1.3179753,0.10450371354818344,0.9540917873382568,0.8193638920783997
YGR077C,YKL181W,0,-1.3185315,0.10449229180812836,0.9540917873382568,0.8194639086723328
YKL091C,YDR281C,0,-1.3185582,0.10448087751865387,0.9540917873382568,0.8195639252662659
YKR059W,YCR014C,0,-1.3186561,0.10446945577859879,0.9540917873382568,0.819663941860199
YDR077W,YOL108C,0,-1.3189642,0.1044580414891243,0.9540917873382568,0.8197639584541321
YGR075C,YPL281C,0,-1.3191861,0.10444662719964981,0.9540917873382568,0.8198639750480652
YLR287C-A,YKR101W,0,-1.3192915,0.10443522036075592,0.9540917873382568,0.8199639916419983
YBR265W,YER099C,0,-1.3197508,0.10442381352186203,0.9540917873382568,0.8200640082359314
YMR020W,YFL053W,0,-1.3200126,0.10441240668296814,0.9540917873382568,0.8201640248298645
YLR158C,YEL058W,0,-1.3202665,0.10440100729465485,0.9540917873382568,0.8202640414237976
YHR066W,YDR206W,0,-1.3205533,0.10438960790634155,0.9540917873382568,0.8203640580177307
YPR080W,YLL017W,0,-1.320887,0.10437820851802826,0.9540917873382568,0.8204640746116638
YJR093C,YBR142W,0,-1.3209832,0.10436680912971497,0.9540917873382568,0.8205640912055969
YKR010C,YBL036C,0,-1.3211586,0.10435541719198227,0.9540917873382568,0.82066410779953
YPR158C-D,YDL179W,0,-1.3217769,0.10434403270483017,0.9540917873382568,0.8207641243934631
YFR036W,YLL013C,0,-1.3219631,0.10433264076709747,0.9540917873382568,0.820864200592041
YGL145W,YBR058C-A,0,-1.322037,0.10432125627994537,0.9540917873382568,0.8209642171859741
YGL020C,YIL170W,0,-1.3225573,0.10430987179279327,0.9540917873382568,0.8210642337799072
YDL036C,YIR014W,0,-1.3229711,0.10429849475622177,0.9540917873382568,0.8211642503738403
YMR311C,YGR038C-A,0,-1.3237734,0.10428711771965027,0.9540917873382568,0.8212642669677734
YER074W-A,YGR047C,0,-1.323776,0.10427574068307877,0.9540917873382568,0.8213642835617065
YKL221W,YJR113C,0,-1.3240435,0.10426437109708786,0.9540917873382568,0.8214643001556396
YMR123W,YLR376C,0,-1.324059,0.10425300151109695,0.9540917873382568,0.8215643167495728
YFL002W-B,YAL035W,0,-1.3244003,0.10424163192510605,0.9540917873382568,0.8216643333435059
YEL002C,YPL092W,0,-1.3245602,0.10423026233911514,0.9540917873382568,0.821764349937439
YKL175W,YJL198W,0,-1.324641,0.10421890020370483,0.9540917873382568,0.8218643665313721
YJR002W,YHR215W,0,-1.3251939,0.10420754551887512,0.9540917873382568,0.8219643831253052
YHR099W,YOR133W,0,-1.3256536,0.10419618338346481,0.9540917873382568,0.8220643997192383
YGR277C,YLL032C,0,-1.3258245,0.1041848286986351,0.9540917873382568,0.8221644163131714
YJL073W,YML075C,0,-1.3260192,0.10417347401380539,0.9540917873382568,0.8222644329071045
YMR011W,YDR121W,0,-1.3263533,0.10416212677955627,0.9540917873382568,0.8223644495010376
YGR085C,YLR389C,0,-1.3265603,0.10415077954530716,0.9540917873382568,0.8224644660949707
YHR045W,YMR217W,0,-1.3267523,0.10413943231105804,0.9540917873382568,0.8225645422935486
YOR337W,YDR117C,0,-1.3267546,0.10412809252738953,0.9540917873382568,0.8226645588874817
YLR395C,YMR217W,0,-1.3272934,0.10411675274372101,0.9540917873382568,0.8227645754814148
YFR032C-A,YNL047C,0,-1.327771,0.10410541296005249,0.9540917873382568,0.8228645920753479
YGL123W,YCR047C,0,-1.327947,0.10409407317638397,0.9540917873382568,0.822964608669281
YIL125W,YKL113C,0,-1.3281353,0.10408274084329605,0.9540917873382568,0.8230646252632141
YJR159W,YML073C,0,-1.3289186,0.10407141596078873,0.9540917873382568,0.8231646418571472
YPR137W,YPL124W,0,-1.3290858,0.1040600836277008,0.9540917873382568,0.8232646584510803
YLR348C,YFL014W,0,-1.3291298,0.10404875874519348,0.9540917873382568,0.8233646750450134
YIL027C,YLR129W,0,-1.3296077,0.10403743386268616,0.9540917873382568,0.8234646916389465
YGR199W,YPR158W-A,0,-1.3296232,0.10402611643075943,0.9540917873382568,0.8235647082328796
YER104W,YPR132W,0,-1.3298227,0.1040147989988327,0.9540917873382568,0.8236647248268127
YPR189W,YML077W,0,-1.3299954,0.10400348156690598,0.9540917873382568,0.8237647414207458
YBL088C,YIL145C,0,-1.3304104,0.10399217158555984,0.9540917873382568,0.823864758014679
YKL071W,YPR158C-C,0,-1.3307151,0.10398085415363312,0.9540917873382568,0.8239647746086121
YAR044W,YJR125C,1,-1.3309689,0.10407830029726028,0.955089807510376,0.8239647746086121
YDR522C,YJL014W,0,-1.3310297,0.10406698286533356,0.955089807510376,0.8240647912025452
YHR161C,YAR044W,1,-1.3310785,0.10416439920663834,0.9560878276824951,0.8240647912025452
YCL062W,YBR236C,0,-1.3312385,0.10415307432413101,0.9560878276824951,0.8241648077964783
YOR214C,YJL108C,0,-1.3314134,0.10414175689220428,0.9560878276824951,0.8242648243904114
YLR238W,YCR070W,0,-1.331423,0.10413043200969696,0.9560878276824951,0.8243649005889893
YLL004W,YBL101W-A,0,-1.331444,0.10411911457777023,0.9560878276824951,0.8244649171829224
YDR153C,YAR044W,1,-1.3315072,0.10421647131443024,0.9570858478546143,0.8244649171829224
YGR027W-B,YGR199W,0,-1.3315276,0.10420515388250351,0.9570858478546143,0.8245649337768555
YPL090C,YGL210W,0,-1.3315885,0.10419382899999619,0.9570858478546143,0.8246649503707886
YIL017W,YPR022C,0,-1.3316872,0.10418251156806946,0.9570858478546143,0.8247649669647217
YOR069W,YAR044W,1,-1.3316993,0.10427981615066528,0.9580838084220886,0.8247649669647217
YNL302C,YDR320C-A,0,-1.3319967,0.10426849126815796,0.9580838084220886,0.8248649835586548
YMR092C,YGR272C,0,-1.3321084,0.10425716638565063,0.9580838084220886,0.8249650001525879
YAR044W,YDL161W,1,-1.3322234,0.10435443371534348,0.9590818285942078,0.8249650001525879
YGR268C,YPR158W-A,0,-1.3324934,0.10434310883283615,0.9590818285942078,0.825065016746521
YKL024C,YNL292W,0,-1.3325264,0.10433177649974823,0.9590818285942078,0.8251650333404541
YLL004W,YLR192C,0,-1.3328463,0.1043204516172409,0.9590818285942078,0.8252650499343872
YDR046C,YJL018W,0,-1.3330243,0.10430912673473358,0.9590818285942078,0.8253650665283203
YDR210W-A,YGL019W,0,-1.3330734,0.10429780930280685,0.9590818285942078,0.8254650831222534
YLR073C,YNR021W,0,-1.333513,0.10428649187088013,0.9590818285942078,0.8255650997161865
YFL014W,YFR037C,0,-1.3337362,0.1042751744389534,0.9590818285942078,0.8256651163101196
YBR294W,YOR288C,0,-1.3343669,0.10426385700702667,0.9590818285942078,0.8257651329040527
YDR347W,YHR109W,0,-1.3344171,0.10425254702568054,0.9590818285942078,0.8258651494979858
YAR044W,YHR073W,1,-1.3344573,0.10434971004724503,0.9600798487663269,0.8258651494979858
YKL217W,YGL033W,0,-1.3344686,0.1043383926153183,0.9600798487663269,0.825965166091919
YPR137C-A,YGL229C,0,-1.3348093,0.10432708263397217,0.9600798487663269,0.8260652422904968
YLR176C,YGR272C,0,-1.3351072,0.10431576520204544,0.9600798487663269,0.8261652588844299
YKL022C,YPR158W-A,0,-1.3351231,0.10430445522069931,0.9600798487663269,0.826265275478363
YMR029C,YOL139C,0,-1.3356034,0.10429314523935318,0.9600798487663269,0.8263652920722961
YDR331W,YCR070W,0,-1.3359764,0.10428184270858765,0.9600798487663269,0.8264653086662292
YBR026C,YKR056W,0,-1.3361232,0.10427054017782211,0.9600798487663269,0.8265653252601624
YAR044W,YHR105W,1,-1.3364952,0.10436761379241943,0.961077868938446,0.8265653252601624
YKL199C,YJR010W,0,-1.336753,0.1043563038110733,0.961077868938446,0.8266653418540955
YDL122W,YMR268C,0,-1.3372756,0.10434500128030777,0.961077868938446,0.8267653584480286
YPR052C,YGR063C,0,-1.3373481,0.10433369129896164,0.961077868938446,0.8268653750419617
YOR388C,YNL124W,0,-1.3375384,0.1043223887681961,0.961077868938446,0.8269653916358948
YCR070W,YLR314C,0,-1.3377283,0.10431109368801117,0.961077868938446,0.8270654082298279
YPL269W,YDR324C,0,-1.3378909,0.10429979115724564,0.961077868938446,0.827165424823761
YBR122C,YPL118W,0,-1.338017,0.1042884960770607,0.961077868938446,0.8272654414176941
YCL063W,YIL040W,0,-1.3384001,0.10427720844745636,0.961077868938446,0.8273654580116272
YJR152W,YHR021C,0,-1.3387098,0.10426591336727142,0.961077868938446,0.8274654746055603
YNL212W,YCL018W,0,-1.3388062,0.10425462573766708,0.961077868938446,0.8275654911994934
YPR137C-A,YPR016C,0,-1.3392627,0.10424334555864334,0.961077868938446,0.8276655077934265
YNL284C-A,YMR296C,0,-1.3394892,0.104232057929039,0.961077868938446,0.8277655243873596
YLR151C,YCL074W,0,-1.3395216,0.10422077775001526,0.961077868938446,0.8278656005859375
YAL044C,YOR077W,0,-1.3395348,0.10420949757099152,0.961077868938446,0.8279656171798706
YKL059C,YKL199C,0,-1.3396088,0.10419822484254837,0.961077868938446,0.8280656337738037
YCL003W,YDL043C,0,-1.340096,0.10418695211410522,0.961077868938446,0.8281656503677368
YPL152W,YBR075W,0,-1.3403373,0.10417567938566208,0.961077868938446,0.8282656669616699
YKL027W,YJL011C,0,-1.3405422,0.10416441410779953,0.961077868938446,0.828365683555603
YER087C-B,YER148W,0,-1.3409147,0.10415314882993698,0.961077868938446,0.8284657001495361
YKL200C,YAR014C,0,-1.340987,0.10414188355207443,0.961077868938446,0.8285657167434692
YLR362W,YDR261W-B,0,-1.3413031,0.10413062572479248,0.961077868938446,0.8286657333374023
YCR039C,YDR363W,0,-1.341305,0.10411936789751053,0.961077868938446,0.8287657499313354
YPR159W,YNR070W,0,-1.3413374,0.10410811007022858,0.961077868938446,0.8288657665252686
YDR210W-A,YDR147W,0,-1.3413833,0.10409685224294662,0.961077868938446,0.8289657831192017
YHR039C-B,YLR238W,0,-1.3417624,0.10408560186624527,0.961077868938446,0.8290657997131348
YAR044W,YNR006W,1,-1.3419183,0.10418242961168289,0.9620758295059204,0.8290657997131348
YER017C,YOL103W-B,0,-1.3421181,0.10417117178440094,0.9620758295059204,0.8291658163070679
YPR009W,YOR368W,0,-1.3424745,0.10415991395711899,0.9620758295059204,0.829265832901001
YDR058C,YJL018W,0,-1.3426244,0.10414866358041763,0.9620758295059204,0.8293658494949341
YJR010C-A,YEL003W,0,-1.3427098,0.10413741320371628,0.9620758295059204,0.8294658660888672
YJL018W,YLR138W,0,-1.3434768,0.10412616282701492,0.9620758295059204,0.8295659422874451
YOL111C,YBR075W,0,-1.3435755,0.10411491245031357,0.9620758295059204,0.8296659588813782
YNL067W,YKL116C,0,-1.3439426,0.10410366952419281,0.9620758295059204,0.8297659754753113
YDR530C,YNR044W,0,-1.3439631,0.10409243404865265,0.9620758295059204,0.8298659920692444
YOR142W-A,YNL302C,0,-1.3441085,0.10408119112253189,0.9620758295059204,0.8299660086631775
YLR391W,YER168C,0,-1.3443903,0.10406995564699173,0.9620758295059204,0.8300660252571106
YOR355W,YIL145C,0,-1.3448579,0.10405872017145157,0.9620758295059204,0.8301660418510437
YJL121C,YDL014W,0,-1.3453953,0.104047492146492,0.9620758295059204,0.8302660584449768
YDR224C,YDR210C-C,0,-1.3455746,0.10403626412153244,0.9620758295059204,0.8303660750389099
YML081C-A,YIR039C,0,-1.3455858,0.10402503609657288,0.9620758295059204,0.830466091632843
YPL271W,YPL139C,0,-1.345748,0.10401380807161331,0.9620758295059204,0.8305661082267761
YKL158W,YEL062W,0,-1.3458729,0.10400258749723434,0.9620758295059204,0.8306661248207092
YNL052W,YJL018W,0,-1.3459849,0.10399136692285538,0.9620758295059204,0.8307661414146423
YNL061W,YPL268W,0,-1.3461453,0.103980153799057,0.9620758295059204,0.8308661580085754
YHL009W-B,YER175C,0,-1.3464192,0.10396894067525864,0.9620758295059204,0.8309661746025085
YLR396C,YKL056C,0,-1.3465804,0.10395772755146027,0.9620758295059204,0.8310661911964417
YIL017W,YBR050C,0,-1.34703,0.1039465144276619,0.9620758295059204,0.8311662077903748
YAR044W,YGL023C,1,-1.3470488,0.10404312610626221,0.9630738496780396,0.8311662077903748
YOR293W,YLR022C,0,-1.3472902,0.10403191298246384,0.9630738496780396,0.8312662243843079
YDR186C,YDR454C,0,-1.3476155,0.10402069985866547,0.9630738496780396,0.8313663005828857
YFL035C,YGR121C,0,-1.3478267,0.1040094867348671,0.9630738496780396,0.8314663171768188
YBR187W,YOR077W,0,-1.3478854,0.10399827361106873,0.9630738496780396,0.831566333770752
YMR321C,YBR002C,0,-1.3478922,0.10398706793785095,0.9630738496780396,0.8316663503646851
YDR485C,YKL041W,0,-1.3479655,0.10397586226463318,0.9630738496780396,0.8317663669586182
YNL245C,YDR316W-A,0,-1.3480595,0.103964664041996,0.9630738496780396,0.8318663835525513
YNL110C,YEL016C,0,-1.348155,0.10395346581935883,0.9630738496780396,0.8319664001464844
YHR099W,YLR344W,0,-1.348384,0.10394226759672165,0.9630738496780396,0.8320664167404175
YKL022C,YHL009W-A,0,-1.3487511,0.10393106937408447,0.9630738496780396,0.8321664333343506
YGR026W,YHR216W,0,-1.3488283,0.1039198786020279,0.9630738496780396,0.8322664499282837
YCL003W,YEL058W,0,-1.3489156,0.10390868782997131,0.9630738496780396,0.8323664665222168
YLR337W,YLR316C,0,-1.3490465,0.10389750450849533,0.9630738496780396,0.8324664831161499
YMR278W,YMR297W,0,-1.3490949,0.10388631373643875,0.9630738496780396,0.832566499710083
YDR511W,YJL018W,0,-1.3492697,0.10387513786554337,0.9630738496780396,0.8326665163040161
YDL150W,YGR038C-A,0,-1.3492895,0.10386395454406738,0.9630738496780396,0.8327665328979492
YGR192C,YML012W,0,-1.3494563,0.103852778673172,0.9630738496780396,0.8328665494918823
YAR044W,YOR132W,1,-1.3495016,0.10394921153783798,0.9640718698501587,0.8328665494918823
YKL166C,YBL068W,0,-1.3496864,0.103938028216362,0.9640718698501587,0.8329665660858154
YBL068W,YGR109C,0,-1.3497334,0.10392684489488602,0.9640718698501587,0.8330666422843933
YGR184C,YML093W,0,-1.3498988,0.10391566157341003,0.9640718698501587,0.8331666588783264
YDR101C,YMR134W,0,-1.3499248,0.10390448570251465,0.9640718698501587,0.8332666754722595
YKL130C,YJR160C,0,-1.3507607,0.10389330983161926,0.9640718698501587,0.8333666920661926
YPR158W-A,YMR179W,0,-1.3507742,0.10388214141130447,0.9640718698501587,0.8334667086601257
YAR018C,YLR142W,0,-1.3508611,0.10387096554040909,0.9640718698501587,0.8335667252540588
YER030W,YMR167W,0,-1.350907,0.1038597971200943,0.9640718698501587,0.8336667418479919
YPR137C-A,YKL156W,0,-1.3509748,0.10384863615036011,0.9640718698501587,0.833766758441925
YCR055C,YPL170W,0,-1.3510203,0.10383747518062592,0.9640718698501587,0.8338667750358582
YKL199C,YJL213W,0,-1.3516097,0.10382631421089172,0.9640718698501587,0.8339667916297913
YCR066W,YML033W,0,-1.3516858,0.10381515324115753,0.9640718698501587,0.8340668082237244
YBL101W-B,YLR272C,0,-1.3518369,0.10380399972200394,0.9640718698501587,0.8341668248176575
YLR391W,YER099C,0,-1.3518922,0.10379284620285034,0.9640718698501587,0.8342668414115906
YLR410W-A,YBR058C,0,-1.352124,0.10378169268369675,0.9640718698501587,0.8343668580055237
YHR072W-A,YMR228W,0,-1.3521769,0.10377054661512375,0.9640718698501587,0.8344668745994568
YNL284C-A,YLR389C,0,-1.3522227,0.10375940054655075,0.9640718698501587,0.8345668911933899
YFL045C,YKL200C,0,-1.3523365,0.10374825447797775,0.9640718698501587,0.834666907787323
YBR228W,YGR286C,0,-1.3524894,0.10373711585998535,0.9640718698501587,0.8347669243812561
YBR106W,YNL054W-B,0,-1.3527182,0.10372597724199295,0.9640718698501587,0.834867000579834
YOL102C,YBR075W,0,-1.3532394,0.10371483862400055,0.9640718698501587,0.8349670171737671
YGL050W,YGL046W,0,-1.3534589,0.10370370000600815,0.9640718698501587,0.8350670337677002
YML026C,YPR006C,0,-1.3534713,0.10369256883859634,0.9640718698501587,0.8351670503616333
YOR324C,YBR008C,0,-1.353573,0.10368144512176514,0.9640718698501587,0.8352670669555664
YCR097WB,YPL172C,0,-1.3536236,0.10367031395435333,0.9640718698501587,0.8353670835494995
YGR123C,YMR297W,0,-1.3537958,0.10365919023752213,0.9640718698501587,0.8354671001434326
YOL141W,YBR095C,0,-1.3539274,0.10364806652069092,0.9640718698501587,0.8355671167373657
YPL268W,YDR498C,0,-1.3539281,0.10363695025444031,0.9640718698501587,0.8356671333312988
YMR204C,YOR240W,0,-1.3539467,0.1036258339881897,0.9640718698501587,0.8357671499252319
YLR264W,YER190W,0,-1.3539732,0.10361471772193909,0.9640718698501587,0.835867166519165
YOR344C,YMR198W,0,-1.3543435,0.10360360145568848,0.9640718698501587,0.8359671831130981
YOL021C,YLR391W,0,-1.3552924,0.10359249264001846,0.9640718698501587,0.8360671997070312
YML030W,YDR210C-C,0,-1.3554115,0.10358138382434845,0.9640718698501587,0.8361672163009644
YKR059W,YIR014W,0,-1.3555503,0.10357028245925903,0.9640718698501587,0.8362672328948975
YIL125W,YCL057W,0,-1.3555968,0.10355917364358902,0.9640718698501587,0.8363672494888306
YDR309C,YAR044W,1,-1.3556077,0.10365527123212814,0.9650698900222778,0.8363672494888306
YLR158C,YCR087C-A,0,-1.3556079,0.10364415496587753,0.9650698900222778,0.8364672660827637
YAR044W,YNL243W,1,-1.3556209,0.10374022275209427,0.9660678505897522,0.8364672660827637
YJR078W,YGR272C,0,-1.3561018,0.10372910648584366,0.9660678505897522,0.8365673422813416
YPL144W,YOR192C-B,0,-1.3561656,0.10371799021959305,0.9660678505897522,0.8366673588752747
YKL156W,YCL062W,0,-1.3561764,0.10370688140392303,0.9660678505897522,0.8367673754692078
YJL018W,YIR035C,0,-1.3563223,0.10369576513767242,0.9660678505897522,0.8368673920631409
YMR012W,YHL016C,0,-1.3565552,0.10368466377258301,0.9660678505897522,0.836967408657074
YHR161C,YDL085W,0,-1.3568766,0.103673554956913,0.9660678505897522,0.8370674252510071
YCR055C,YOL094C,0,-1.3570819,0.10366245359182358,0.9660678505897522,0.8371674418449402
YPL257W-A,YHR042W,0,-1.357242,0.10365135222673416,0.9660678505897522,0.8372674584388733
YOL004W,YGL046W,0,-1.3575568,0.10364025831222534,0.9660678505897522,0.8373674750328064
YMR307W,YMR058W,0,-1.3576376,0.10362916439771652,0.9660678505897522,0.8374674916267395
YCR097WB,YNL304W,0,-1.3577085,0.1036180704832077,0.9660678505897522,0.8375675082206726
YML080W,YOR088W,0,-1.3578384,0.10360697656869888,0.9660678505897522,0.8376675248146057
YCR097WB,YOR096W,0,-1.3580589,0.10359589010477066,0.9660678505897522,0.8377675414085388
YBR152W,YDR195W,0,-1.3581302,0.10358480364084244,0.9660678505897522,0.8378675580024719
YCR028C,YNL309W,0,-1.358222,0.10357372462749481,0.9660678505897522,0.837967574596405
YOL028C,YLR026C,0,-1.3583,0.10356263816356659,0.9660678505897522,0.8380675911903381
YAL040C,YLR405W,0,-1.3583406,0.10355155915021896,0.9660678505897522,0.8381676077842712
YDR237W,YBR037C,0,-1.3584446,0.10354048758745193,0.9660678505897522,0.8382676243782043
YER174C,YLR337W,0,-1.358483,0.10352940857410431,0.9660678505897522,0.8383677005767822
YJL018W,YKL017C,0,-1.3584884,0.10351833701133728,0.9660678505897522,0.8384677171707153
YDR194C,YGR272C,0,-1.358578,0.10350727289915085,0.9660678505897522,0.8385677337646484
YAR044W,YDL019C,1,-1.35869,0.10360312461853027,0.9670658707618713,0.8385677337646484
YMR004W,YAR044W,1,-1.3587387,0.10369895398616791,0.9680638909339905,0.8385677337646484
YOL027C,YJL018W,0,-1.3590131,0.10368786752223969,0.9680638909339905,0.8386677503585815
YHR153C,YKL216W,0,-1.3591309,0.10367678850889206,0.9680638909339905,0.8387677669525146
YDR013W,YFL035C,0,-1.359232,0.10366570204496384,0.9680638909339905,0.8388677835464478
YKL097W-A,YGL190C,0,-1.3593318,0.10365463048219681,0.9680638909339905,0.8389678001403809
YGR026W,YOR088W,0,-1.3595096,0.10364355146884918,0.9680638909339905,0.839067816734314
YCR070W,YOR151C,0,-1.3596029,0.10363247990608215,0.9680638909339905,0.8391678333282471
YPR190C,YFL013C,0,-1.359726,0.10362140834331512,0.9680638909339905,0.8392678499221802
YKL097W-A,YJL219W,0,-1.3597277,0.1036103367805481,0.9680638909339905,0.8393678665161133
YKL097W-A,YMR065W,0,-1.3597379,0.10359927266836166,0.9680638909339905,0.8394678831100464
YFL002W-B,YER006W,0,-1.3598368,0.10358820855617523,0.9680638909339905,0.8395678997039795
YER141W,YHR039C-B,0,-1.3598889,0.1035771518945694,0.9680638909339905,0.8396679162979126
YJL149W,YCL060C,0,-1.3600736,0.10356608778238297,0.9680638909339905,0.8397679328918457
YER180C,YDR261C-D,0,-1.360179,0.10355503112077713,0.9680638909339905,0.8398679494857788
YBR275C,YDR195W,0,-1.3602381,0.10354398190975189,0.9680638909339905,0.8399679660797119
YNL099C,YBR075W,0,-1.3603731,0.10353292524814606,0.9680638909339905,0.8400680422782898
YOR237W,YPL145C,1,-1.3604486,0.10362860560417175,0.9690618515014648,0.8400680422782898
YLR033W,YEL003W,0,-1.3606431,0.10361754149198532,0.9690618515014648,0.8401680588722229
YGL055W,YJL117W,0,-1.3607073,0.10360648483037949,0.9690618515014648,0.840268075466156
YPR096C,YML116W,0,-1.3608384,0.10359543561935425,0.9690618515014648,0.8403680920600891
YLR126C,YBR075W,0,-1.3613222,0.10358437895774841,0.9690618515014648,0.8404681086540222
YER074W-A,YPL227C,0,-1.3613579,0.10357332974672318,0.9690618515014648,0.8405681252479553
YMR006C,YLR304C,0,-1.3620661,0.10356228798627853,0.9690618515014648,0.8406681418418884
YLR368W,YOR310C,0,-1.3621527,0.1035512387752533,0.9690618515014648,0.8407681584358215
YDR144C,YEL009C,0,-1.3621867,0.10354019701480865,0.9690618515014648,0.8408681750297546
YJL018W,YCR088W,0,-1.3622707,0.10352916270494461,0.9690618515014648,0.8409681916236877
YFL035C,YGR091W,0,-1.3624983,0.10351812094449997,0.9690618515014648,0.8410682082176208
YAR044W,YOR086C,1,-1.3625785,0.10361368954181671,0.970059871673584,0.8410682082176208
YCR055C,YKL180W,0,-1.3626536,0.10360264033079147,0.970059871673584,0.841168224811554
YNL047C,YAR044W,1,-1.362684,0.10369817912578583,0.9710578918457031,0.841168224811554
YPR158C-C,YNR002C,0,-1.3627119,0.10368712991476059,0.9710578918457031,0.8412682414054871
YJR139C,YCL060C,0,-1.3627412,0.10367608070373535,0.9710578918457031,0.8413682579994202
YIR028W,YCL060C,0,-1.3627474,0.10366503149271011,0.9710578918457031,0.8414682745933533
YIL170W,YJL093C,0,-1.3627617,0.10365398973226547,0.9710578918457031,0.8415682911872864
YKL097W-A,YKL193C,0,-1.3628379,0.10364294797182083,0.9710578918457031,0.8416683077812195
YCR097WB,YCR040W,0,-1.3628798,0.10363190621137619,0.9710578918457031,0.8417683243751526
YPR043W,YPL257W-A,0,-1.3629842,0.10362087190151215,0.9710578918457031,0.8418684005737305
YML121W,YFL035C,0,-1.3630583,0.1036098375916481,0.9710578918457031,0.8419684171676636
YNL301C,YOR115C,0,-1.3632423,0.10359881073236465,0.9710578918457031,0.8420684337615967
YLR005W,YKL096W-A,0,-1.3634439,0.10358777642250061,0.9710578918457031,0.8421684503555298
YDL192W,YJL028W,0,-1.3634901,0.10357674956321716,0.9710578918457031,0.8422684669494629
YHR039C-B,YDL206W,0,-1.3636067,0.10356573015451431,0.9710578918457031,0.842368483543396
YNL299W,YDR198C,0,-1.3637246,0.10355470329523087,0.9710578918457031,0.8424685001373291
YKL097W-A,YNL281W,0,-1.3637637,0.10354368388652802,0.9710578918457031,0.8425685167312622
YGR177C,YER150W,0,-1.3638141,0.10353266447782516,0.9710578918457031,0.8426685333251953
YNL071W,YNL138W-A,0,-1.3639256,0.10352165251970291,0.9710578918457031,0.8427685499191284
YGL145W,YOL053C-A,0,-1.3639256,0.10351064056158066,0.9710578918457031,0.8428685665130615
YJL012C-A,YNL152W,0,-1.3639256,0.1034996286034584,0.9710578918457031,0.8429685831069946
YAR070W-A,YBR093C,0,-1.3639256,0.10348861664533615,0.9710578918457031,0.8430685997009277
YIL126W,YOL053C-A,0,-1.3639256,0.1034776121377945,0.9710578918457031,0.8431686162948608
YGL147C,YGL258W-A,0,-1.3639256,0.10346660763025284,0.9710578918457031,0.843268632888794
YCR080W,YPL231W,0,-1.3639256,0.10345561057329178,0.9710578918457031,0.843368649482727
YJR068W,YDR524C-B,0,-1.3639256,0.10344461351633072,0.9710578918457031,0.8434686660766602
YOR396W,YMR266W,0,-1.3639256,0.10343361645936966,0.9710578918457031,0.843568742275238
YPL096C-A,YNR061C,0,-1.3639256,0.1034226194024086,0.9710578918457031,0.8436687588691711
YBR111W-A,YOR210W,0,-1.3639256,0.10341162979602814,0.9710578918457031,0.8437687754631042
YHR039C-B,YFL011W-A,0,-1.3639256,0.10340064018964767,0.9710578918457031,0.8438687920570374
YDR524C-B,YNL121C,0,-1.3639256,0.10338965058326721,0.9710578918457031,0.8439688086509705
YOR343C-B,YHR206W,0,-1.3639256,0.10337866842746735,0.9710578918457031,0.8440688252449036
YDR014W-A,YOL044W,0,-1.3639256,0.10336768627166748,0.9710578918457031,0.8441688418388367
YPL096C-A,YKL092C,0,-1.3639256,0.10335670411586761,0.9710578918457031,0.8442688584327698
YMR121C,YOR396W,0,-1.3639256,0.10334572196006775,0.9710578918457031,0.8443688750267029
YNL158W,YCL048W-A,0,-1.3639256,0.10333474725484848,0.9710578918457031,0.844468891620636
YOR317W,YGL258W-A,0,-1.3639256,0.10332377254962921,0.9710578918457031,0.8445689082145691
YPL257W-A,YHR214W-G,0,-1.3639256,0.10331280529499054,0.9710578918457031,0.8446689248085022
YHR034C,YGR031C-A,0,-1.3639256,0.10330183804035187,0.9710578918457031,0.8447689414024353
YER137C,YOR343C-B,0,-1.3639256,0.1032908707857132,0.9710578918457031,0.8448689579963684
YPL189C-A,YNR069C,0,-1.3639256,0.10327990353107452,0.9710578918457031,0.8449689745903015
YOR396W,YIR022W,0,-1.3639256,0.10326894372701645,0.9710578918457031,0.8450689911842346
YDL038C,YLL036C,0,-1.3639256,0.10325798392295837,0.9710578918457031,0.8451690077781677
YKL199C,YKL086W,0,-1.3639256,0.1032470315694809,0.9710578918457031,0.8452690243721008
YHR209W,YNL024C-A,0,-1.3639256,0.10323607176542282,0.9710578918457031,0.8453691005706787
YBL027W,YGL258W-A,0,-1.3639256,0.10322511941194534,0.9710578918457031,0.8454691171646118
YDR014W-A,YKR092C,0,-1.3639256,0.10321417450904846,0.9710578918457031,0.8455691337585449
YDL038C,YCL060C,0,-1.3639256,0.10320322215557098,0.9710578918457031,0.845669150352478
YLR312C-B,YNL272C,0,-1.3639256,0.1031922772526741,0.9710578918457031,0.8457691669464111
YOR187W,YHR214W-G,0,-1.3639256,0.10318133980035782,0.9710578918457031,0.8458691835403442
YJL129C,YGL258W-A,0,-1.3639256,0.10317039489746094,0.9710578918457031,0.8459692001342773
YCL048W-A,YML042W,0,-1.3639256,0.10315945744514465,0.9710578918457031,0.8460692167282104
YOR003W,YKR099C-A,0,-1.3639256,0.10314851999282837,0.9710578918457031,0.8461692333221436
YGL210W-A,YOL124C,0,-1.3639256,0.10313758999109268,0.9710578918457031,0.8462692499160767
YDR320C,YLR154W-A,0,-1.3639256,0.1031266525387764,0.9710578918457031,0.8463692665100098
YJL012C-A,YIL046W,0,-1.3639256,0.10311572998762131,0.9710578918457031,0.8464692831039429
YGL210W-A,YJL166W,0,-1.3639256,0.10310479998588562,0.9710578918457031,0.846569299697876
YDL067C,YOL053C-A,0,-1.3639256,0.10309387743473053,0.9710578918457031,0.8466693162918091
YER153C,YLR312C-B,0,-1.3639256,0.10308295488357544,0.9710578918457031,0.8467693328857422
YGL210W-A,YLR314C,0,-1.3639256,0.10307203233242035,0.9710578918457031,0.8468693494796753
YDR014W-A,YDL161W,0,-1.3639256,0.10306111723184586,0.9710578918457031,0.8469693660736084
YLR312C-B,YGL211W,0,-1.3639256,0.10305020213127136,0.9710578918457031,0.8470694422721863
YGR031C-A,YHR002W,0,-1.3639256,0.10303928703069687,0.9710578918457031,0.8471694588661194
YBR111W-A,YFR046C,0,-1.3639256,0.10302837938070297,0.9710578918457031,0.8472694754600525
YAR070W-A,YPL204W,0,-1.3639256,0.10301747173070908,0.9710578918457031,0.8473694920539856
YLR391W-A,YEL063C,0,-1.3639256,0.10300656408071518,0.9710578918457031,0.8474695086479187
YOR214C,YLR391W-A,0,-1.3639256,0.10299565643072128,0.9710578918457031,0.8475695252418518
YBL008W-A,YPR104C,0,-1.3639256,0.10298475623130798,0.9710578918457031,0.8476695418357849
YGL210W-A,YNL007C,0,-1.3639256,0.10297385603189468,0.9710578918457031,0.847769558429718
YOL072W,YMR268W-A,0,-1.3639256,0.10296296328306198,0.9710578918457031,0.8478695750236511
YJL012C-A,YIR003W,0,-1.3639256,0.10295207053422928,0.9710578918457031,0.8479695916175842
YDL038C,YNL154C,0,-1.3639256,0.10294117778539658,0.9710578918457031,0.8480696082115173
YHR031C,YDR524C-B,0,-1.3639256,0.10293028503656387,0.9710578918457031,0.8481696248054504
YBL008W-A,YKL189W,0,-1.3639256,0.10291939973831177,0.9710578918457031,0.8482696413993835
YAR070W-A,YEL029C,0,-1.3639256,0.10290851444005966,0.9710578918457031,0.8483696579933167
YBL008W-A,YBR159W,0,-1.3639256,0.10289762914180756,0.9710578918457031,0.8484696745872498
YHR214W-G,YBR096W,0,-1.3639256,0.10288675129413605,0.9710578918457031,0.8485696911811829
YBR067C,YLR154W-A,0,-1.3639256,0.10287587344646454,0.9710578918457031,0.848669707775116
YAR070W-A,YHR067W,0,-1.3639256,0.10286499559879303,0.9710578918457031,0.8487697243690491
YOR381W,YPL189C-A,0,-1.3639256,0.10285412520170212,0.9710578918457031,0.848869800567627
YBR166C,YGR031C-A,0,-1.3639256,0.1028432548046112,0.9710578918457031,0.8489698171615601
YCL048W-A,YLR372W,0,-1.3639256,0.1028323844075203,0.9710578918457031,0.8490698337554932
YBL008W-A,YBR142W,0,-1.3639256,0.10282151401042938,0.9710578918457031,0.8491698503494263
YLR312C-B,YDL200C,0,-1.3639256,0.10281065106391907,0.9710578918457031,0.8492698669433594
YLR312C-B,YDL184C,0,-1.3639256,0.10279978811740875,0.9710578918457031,0.8493698835372925
YLR130C,YJL012C-A,0,-1.3639256,0.10278892517089844,0.9710578918457031,0.8494699001312256
YKR024C,YGR031C-A,0,-1.3639256,0.10277806967496872,0.9710578918457031,0.8495699167251587
YBL036C,YCR029C-A,0,-1.3639256,0.102767214179039,0.9710578918457031,0.8496699333190918
YLR391W-A,YPR187W,0,-1.3639256,0.10275636613368988,0.9710578918457031,0.8497699499130249
YDR014W-A,YKL127W,0,-1.3639256,0.10274551063776016,0.9710578918457031,0.849869966506958
YAR070W-A,YNL030W,0,-1.3639256,0.10273466259241104,0.9710578918457031,0.8499699831008911
YHR156C,YJL012C-A,0,-1.3639256,0.10272381454706192,0.9710578918457031,0.8500699996948242
YNL147W,YBR111W-A,0,-1.3639256,0.1027129739522934,0.9710578918457031,0.8501700162887573
YGR035C,YJL012C-A,0,-1.3639256,0.10270213335752487,0.9710578918457031,0.8502700328826904
YOR343C-B,YIL090W,0,-1.3639256,0.10269129276275635,0.9710578918457031,0.8503700494766235
YLR066W,YFL011W-A,0,-1.3639256,0.10268045216798782,0.9710578918457031,0.8504700660705566
YAR070W-A,YML130C,0,-1.3639256,0.1026696190237999,0.9710578918457031,0.8505701422691345
YAR070W-A,YJL036W,0,-1.3639256,0.10265878587961197,0.9710578918457031,0.8506701588630676
YFL011W-A,YOR257W,0,-1.3639256,0.10264796018600464,0.9710578918457031,0.8507701754570007
YPL217C,YMR268W-A,0,-1.3639256,0.10263713449239731,0.9710578918457031,0.8508701920509338
YLR312C-B,YDL017W,0,-1.3639256,0.10262630879878998,0.9710578918457031,0.8509702086448669
YBL101W-B,YNL054W-B,0,-1.3639256,0.10261548310518265,0.9710578918457031,0.8510702252388
YGR191W,YHR214W-G,0,-1.3639256,0.10260465741157532,0.9710578918457031,0.8511702418327332
YCR029C-A,YBR253W,0,-1.3639256,0.10259383916854858,0.9710578918457031,0.8512702584266663
YDR210W-D,YDR432W,0,-1.3639256,0.10258302837610245,0.9710578918457031,0.8513702750205994
YJL080C,YNL024C-A,0,-1.3639256,0.10257221013307571,0.9710578918457031,0.8514702916145325
YDR014W-A,YOL039W,0,-1.3639256,0.10256139934062958,0.9710578918457031,0.8515703082084656
YOR221C,YCL048W-A,0,-1.3639256,0.10255058854818344,0.9710578918457031,0.8516703248023987
YDL017W,YHR214W-G,0,-1.3639256,0.1025397852063179,0.9710578918457031,0.8517703413963318
YLR391W-A,YPL163C,0,-1.3639256,0.10252897441387177,0.9710578918457031,0.8518703579902649
YCR029C-A,YDR423C,0,-1.3639256,0.10251817852258682,0.9710578918457031,0.851970374584198
YDR014W-A,YOL105C,0,-1.3639256,0.10250737518072128,0.9710578918457031,0.8520703911781311
YHR016C,YDL038C,0,-1.3639256,0.10249657928943634,0.9710578918457031,0.8521704077720642
YPL096C-A,YNL067W,0,-1.3639256,0.1024857833981514,0.9710578918457031,0.8522704243659973
YBR042C,YPL189C-A,0,-1.3639256,0.10247498750686646,0.9710578918457031,0.8523705005645752
YDR210W-D,YDL236W,0,-1.3639256,0.10246419906616211,0.9710578918457031,0.8524705171585083
YDR210W-D,YBR258C,0,-1.3639256,0.10245340317487717,0.9710578918457031,0.8525705337524414
YAR044W,YPL100W,1,-1.3639256,0.10254790633916855,0.9720559120178223,0.8525705337524414
YFL066C,YHR214W-G,0,-1.3639256,0.1025371104478836,0.9720559120178223,0.8526705503463745
YDL038C,YOR126C,0,-1.3639256,0.10252631455659866,0.9720559120178223,0.8527705669403076
YDR489W,YHR214W-G,0,-1.3639256,0.10251552611589432,0.9720559120178223,0.8528705835342407
YCL048W-A,YDL035C,0,-1.3639256,0.10250473767518997,0.9720559120178223,0.8529706001281738
YIL066C,YNL024C-A,0,-1.3639256,0.10249394923448563,0.9720559120178223,0.8530706167221069
YER150W,YNL138W-A,0,-1.3639256,0.10248316824436188,0.9720559120178223,0.85317063331604
YJL113W,YMR122W-A,0,-1.3639256,0.10247237980365753,0.9720559120178223,0.8532706499099731
YER130C,YJL012C-A,0,-1.3639256,0.10246160626411438,0.9720559120178223,0.8533706665039062
YER049W,YGR031C-A,0,-1.3639256,0.10245082527399063,0.9720559120178223,0.8534706830978394
YCL027C-A,YGL224C,0,-1.3639256,0.10244005173444748,0.9720559120178223,0.8535706996917725
YIL143C,YCL048W-A,0,-1.3639256,0.10242927819490433,0.9720559120178223,0.8536707162857056
YDL038C,YLR309C,0,-1.3639256,0.10241850465536118,0.9720559120178223,0.8537707328796387
YDR342C,YPL189C-A,0,-1.3639256,0.10240773856639862,0.9720559120178223,0.8538707494735718
YGL180W,YGR031C-A,0,-1.3639256,0.10239697247743607,0.9720559120178223,0.8539707660675049
YHR214W-G,YGL253W,0,-1.3639256,0.10238620638847351,0.9720559120178223,0.8540708422660828
YGL210W-A,YMR032W,0,-1.3639256,0.10237544775009155,0.9720559120178223,0.8541708588600159
YDL038C,YLR395C,0,-1.3639256,0.1023646891117096,0.9720559120178223,0.854270875453949
YJL200C,YGL258W-A,0,-1.3639256,0.10235393047332764,0.9720559120178223,0.8543708920478821
YLR391W-A,YDL140C,0,-1.3639256,0.10234317183494568,0.9720559120178223,0.8544709086418152
YHL047C,YLR312C-B,0,-1.3639256,0.10233242064714432,0.9720559120178223,0.8545709252357483
YKR099C-A,YPL045W,0,-1.3639256,0.10232166945934296,0.9720559120178223,0.8546709418296814
YLR312C-B,YOR022C,0,-1.3639256,0.10231092572212219,0.9720559120178223,0.8547709584236145
YLR312C-B,YML024W,0,-1.3639256,0.10230018198490143,0.9720559120178223,0.8548709750175476
YKL143W,YHR214W-G,0,-1.3639256,0.10228943824768066,0.9720559120178223,0.8549709916114807
YLR188W,YBR111W-A,0,-1.3639256,0.1022786945104599,0.9720559120178223,0.8550710082054138
YGR031C-A,YOR234C,0,-1.3639256,0.10226795822381973,0.9720559120178223,0.8551710247993469
YJL130C,YNL138W-A,0,-1.3639256,0.10225721448659897,0.9720559120178223,0.85527104139328
YGR195W,YJL012C-A,0,-1.3639256,0.1022464856505394,0.9720559120178223,0.8553710579872131
YGR031C-A,YJR090C,0,-1.3639256,0.10223574936389923,0.9720559120178223,0.8554710745811462
YMR264W,YOL053C-A,0,-1.3639256,0.10222502052783966,0.9720559120178223,0.8555710911750793
YLR406C,YCL060C,0,-1.3639256,0.10221429169178009,0.9720559120178223,0.8556711077690125
YCL048W-A,YOR393W,0,-1.3639256,0.10220357030630112,0.9720559120178223,0.8557711839675903
YJL062W-A,YFL062W,0,-1.3639256,0.10219284147024155,0.9720559120178223,0.8558712005615234
YGR031C-A,YDL045W-A,0,-1.3639256,0.10218212008476257,0.9720559120178223,0.8559712171554565
YMR301C,YDR014W-A,0,-1.3639256,0.1021714061498642,0.9720559120178223,0.8560712337493896
YNL138W-A,YEL021W,0,-1.3639256,0.10216068476438522,0.9720559120178223,0.8561712503433228
YDL038C,YHR036W,0,-1.3639256,0.10214997082948685,0.9720559120178223,0.8562712669372559
YDR026C,YMR268W-A,0,-1.3639256,0.10213926434516907,0.9720559120178223,0.856371283531189
YDR210W-D,YBR182C,0,-1.3639256,0.10212855041027069,0.9720559120178223,0.8564713001251221
YLR206W,YAR044W,1,-1.3639256,0.10222268849611282,0.9730538725852966,0.8564713001251221
YKL184W,YCL048W-A,0,-1.3639256,0.10221197456121445,0.9730538725852966,0.8565713167190552
YJL136C,YBL101W-B,0,-1.3639256,0.10220126062631607,0.9730538725852966,0.8566713333129883
YML074C,YDR524C-B,0,-1.3639256,0.1021905466914177,0.9730538725852966,0.8567713499069214
YOR343C-B,YDR480W,0,-1.3639256,0.10217984020709991,0.9730538725852966,0.8568713665008545
YGR092W,YBR111W-A,0,-1.3639256,0.10216912627220154,0.9730538725852966,0.8569713830947876
YOR343C-B,YBR014C,0,-1.3639256,0.10215842723846436,0.9730538725852966,0.8570713996887207
YJL012C-A,YDR497C,0,-1.3639256,0.10214772075414658,0.9730538725852966,0.8571714162826538
YOR343C-B,YJL204C,0,-1.3639256,0.1021370217204094,0.9730538725852966,0.8572714328765869
YNL138W-A,YHL018W,0,-1.3639256,0.10212632268667221,0.9730538725852966,0.85737144947052
YPR137C-B,YMR122W-A,0,-1.3639256,0.10211562365293503,0.9730538725852966,0.8574714660644531
YDR194C,YNL024C-A,0,-1.3639256,0.10210493206977844,0.9730538725852966,0.857571542263031
YOR153W,YBR111W-A,0,-1.3639256,0.10209424048662186,0.9730538725852966,0.8576715588569641
YBL071W-A,YLR410W-B,0,-1.3639256,0.10208354890346527,0.9730538725852966,0.8577715754508972
YCR029C-A,YLR121C,0,-1.3639256,0.10207286477088928,0.9730538725852966,0.8578715920448303
YPL167C,YNL138W-A,0,-1.3639256,0.1020621806383133,0.9730538725852966,0.8579716086387634
YDL038C,YNL307C,0,-1.3639256,0.1020514965057373,0.9730538725852966,0.8580716252326965
YDR014W-A,YBR031W,0,-1.3639256,0.10204081982374191,0.9730538725852966,0.8581716418266296
YCL003W,YLR391W-A,0,-1.3639256,0.10203013569116592,0.9730538725852966,0.8582716584205627
YBR136W,YCL048W-A,0,-1.3639256,0.10201945900917053,0.9730538725852966,0.8583716750144958
YLR312C-B,YDR195W,0,-1.3639256,0.10200878977775574,0.9730538725852966,0.858471691608429
YPL096C-A,YGR251W,0,-1.3639256,0.10199812054634094,0.9730538725852966,0.8585717082023621
YGR161W-B,YMR268W-A,0,-1.3639256,0.10198745131492615,0.9730538725852966,0.8586717247962952
YBR111W-A,YKR067W,0,-1.3639256,0.10197678208351135,0.9730538725852966,0.8587717413902283
YOR343C-B,YDL045W-A,0,-1.3639256,0.10196611285209656,0.9730538725852966,0.8588717579841614
YOR174W,YOL053C-A,0,-1.3639256,0.10195545107126236,0.9730538725852966,0.8589717745780945
YPL096C-A,YDL185W,0,-1.3639256,0.10194478929042816,0.9730538725852966,0.8590717911720276
YPL189C-A,YPL231W,0,-1.3639256,0.10193413496017456,0.9730538725852966,0.8591718077659607
YGL210W-A,YLR301W,0,-1.3639256,0.10192348062992096,0.9730538725852966,0.8592718839645386
YBR048W,YOL053C-A,0,-1.3639256,0.10191282629966736,0.9730538725852966,0.8593719005584717
YER006W,YMR268W-A,0,-1.3639256,0.10190217196941376,0.9730538725852966,0.8594719171524048
YLL054C,YGR031C-A,0,-1.3639256,0.10189152508974075,0.9730538725852966,0.8595719337463379
YNL264C,YOL053C-A,0,-1.3639256,0.10188087821006775,0.9730538725852966,0.859671950340271
YBL008W-A,YAR007C,0,-1.3639256,0.10187023133039474,0.9730538725852966,0.8597719669342041
YLR256W-A,YHR214W-G,0,-1.3639256,0.10185959190130234,0.9730538725852966,0.8598719835281372
YPL101W,YGL258W-A,0,-1.3639256,0.10184895247220993,0.9730538725852966,0.8599720001220703
YPL226W,YBL101W-B,0,-1.3639256,0.10183831304311752,0.9730538725852966,0.8600720167160034
YBL008W-A,YNL067W,0,-1.3639256,0.10182767361402512,0.9730538725852966,0.8601720333099365
YDR014W-A,YPR121W,0,-1.3639256,0.1018170416355133,0.9730538725852966,0.8602720499038696
YCL060C,YDR381C-A,0,-1.3639256,0.1018064096570015,0.9730538725852966,0.8603720664978027
YGR109W-B,YBL101W-B,0,-1.3639256,0.10179578512907028,0.9730538725852966,0.8604720830917358
YJL121C,YLR154W-A,0,-1.3639256,0.10178515315055847,0.9730538725852966,0.860572099685669
YCL048W-A,YHR216W,0,-1.3639256,0.10177452862262726,0.9730538725852966,0.860672116279602
YGL258W-A,YDL078C,0,-1.3639256,0.10176390409469604,0.9730538725852966,0.8607721328735352
YDR524C-B,YPR066W,0,-1.3639256,0.10175328701734543,0.9730538725852966,0.8608721494674683
YHR107C,YAR044W,1,-1.3641174,0.10184702277183533,0.9740518927574158,0.8608721494674683
YDL085W,YJR127C,0,-1.3641834,0.10183639079332352,0.9740518927574158,0.8609721660614014
YLR396C,YGL033W,0,-1.3641881,0.1018257662653923,0.9740518927574158,0.8610722422599792
YCR097WB,YBR018C,0,-1.3642497,0.10181514918804169,0.9740518927574158,0.8611722588539124
YGR184C,YKR025W,0,-1.3642987,0.10180452466011047,0.9740518927574158,0.8612722754478455
YGL019W,YDR261W-A,0,-1.3643723,0.10179390758275986,0.9740518927574158,0.8613722920417786
YGR239C,YCR070W,0,-1.3644187,0.10178329050540924,0.9740518927574158,0.8614723086357117
YOL130W,YGR052W,0,-1.3644596,0.10177268087863922,0.9740518927574158,0.8615723252296448
YIL125W,YGR023W,0,-1.3645601,0.1017620712518692,0.9740518927574158,0.8616723418235779
YAR044W,YPL048W,1,-1.364892,0.10185571014881134,0.9750499129295349,0.8616723418235779
YML081C-A,YGL147C,0,-1.3649094,0.10184509307146072,0.9750499129295349,0.861772358417511
YHR039C-B,YPR198W,0,-1.3651916,0.1018344834446907,0.9750499129295349,0.8618723750114441
YKL015W,YDR034C-D,0,-1.3652432,0.10182386636734009,0.9750499129295349,0.8619723916053772
YCL003W,YBL030C,0,-1.3654863,0.10181325674057007,0.9750499129295349,0.8620724081993103
YHR141C,YDR034C-D,0,-1.3655037,0.10180264711380005,0.9750499129295349,0.8621724247932434
YCL014W,YBL090W,0,-1.3656702,0.10179203748703003,0.9750499129295349,0.8622724413871765
YFL035C,YJL101C,0,-1.3657151,0.1017814353108406,0.9750499129295349,0.8623724579811096
YFL035C,YJL047C,0,-1.3659539,0.10177083313465118,0.9750499129295349,0.8624724745750427
YMR143W,YLL061W,0,-1.3660274,0.10176023095846176,0.9750499129295349,0.8625724911689758
YCR097WB,YAR015W,0,-1.3661234,0.10174963623285294,0.9750499129295349,0.8626725077629089
YKL024C,YJL018W,0,-1.3661288,0.10173904150724411,0.9750499129295349,0.8627725839614868
YER141W,YER044C,0,-1.3663502,0.10172844678163528,0.9750499129295349,0.8628726005554199
YGR216C,YGR249W,0,-1.366634,0.10171785205602646,0.9750499129295349,0.862972617149353
YHL009W-B,YDL022W,0,-1.3667088,0.10170726478099823,0.9750499129295349,0.8630726337432861
YCR020W-B,YDL030W,0,-1.366738,0.10169667750597,0.9750499129295349,0.8631726503372192
YMR302C,YLR312W-A,0,-1.3668355,0.10168609768152237,0.9750499129295349,0.8632726669311523
YKL199C,YDR470C,0,-1.3668705,0.10167551040649414,0.9750499129295349,0.8633726835250854
YEL069C,YLR226W,0,-1.3670309,0.10166493058204651,0.9750499129295349,0.8634727001190186
YPR159W,YLL038C,0,-1.3674114,0.10165435075759888,0.9750499129295349,0.8635727167129517
YOR367W,YCR080W,0,-1.3680967,0.10164377838373184,0.9750499129295349,0.8636727333068848
YCR080W,YDL114W,0,-1.3681756,0.10163320600986481,0.9750499129295349,0.8637727499008179
YPL249C,YDR261C-C,0,-1.3686429,0.10162263363599777,0.9750499129295349,0.863872766494751
YGR027C,YIL114C,0,-1.3686513,0.10161206126213074,0.9750499129295349,0.8639727830886841
YOL136C,YKR067W,0,-1.3693289,0.1016014963388443,0.9750499129295349,0.8640727996826172
YLR158C,YGL083W,0,-1.3693885,0.10159093141555786,0.9750499129295349,0.8641728162765503
YGR166W,YOL103W-B,0,-1.3694706,0.10158036649227142,0.9750499129295349,0.8642728328704834
YBR031W,YBL054W,0,-1.3694766,0.10156980901956558,0.9750499129295349,0.8643728494644165
YDL146W,YOR142W-B,0,-1.3697151,0.10155925154685974,0.9750499129295349,0.8644728660583496
YPL023C,YCR080W,0,-1.369796,0.1015486940741539,0.9750499129295349,0.8645729422569275
YHR175W,YJL018W,0,-1.3698506,0.10153814405202866,0.9750499129295349,0.8646729588508606
YMR269W,YOR058C,0,-1.3698921,0.10152758657932281,0.9750499129295349,0.8647729754447937
YNL021W,YJL062W-A,0,-1.3699036,0.10151704400777817,0.9750499129295349,0.8648729920387268
YEL011W,YMR150C,0,-1.3699753,0.10150649398565292,0.9750499129295349,0.8649730086326599
YJR053W,YGL046W,0,-1.3700938,0.10149595141410828,0.9750499129295349,0.865073025226593
YLR256W-A,YPL028W,0,-1.3701124,0.10148540884256363,0.9750499129295349,0.8651730418205261
YKL097W-A,YDR253C,0,-1.3702981,0.10147486627101898,0.9750499129295349,0.8652730584144592
YNL207W,YOR306C,0,-1.3703784,0.10146432369947433,0.9750499129295349,0.8653730750083923
YBR118W,YKL158W,0,-1.3704067,0.10145378857851028,0.9750499129295349,0.8654730916023254
YPR118W,YLR410W-B,0,-1.3704873,0.10144325345754623,0.9750499129295349,0.8655731081962585
YDL150W,YKR067W,0,-1.3705094,0.10143272578716278,0.9750499129295349,0.8656731247901917
YLR003C,YKL108W,0,-1.3706234,0.10142219811677933,0.9750499129295349,0.8657731413841248
YIR012W,YGL046W,0,-1.3712082,0.10141167044639587,0.9750499129295349,0.8658731579780579
YGL039W,YCR070W,0,-1.3713509,0.10140114277601242,0.9750499129295349,0.865973174571991
YCR080W,YLR414C,0,-1.3719484,0.10139061510562897,0.9750499129295349,0.8660731911659241
YHR211W,YKL200C,0,-1.3720827,0.10138009488582611,0.9750499129295349,0.8661732077598572
YLR391W,YLR201C,0,-1.3724127,0.10136958211660385,0.9750499129295349,0.8662732839584351
YPL121C,YPR001W,0,-1.372616,0.101359061896801,0.9750499129295349,0.8663733005523682
YCL057C-A,YGR109C,0,-1.3728286,0.10134854912757874,0.9750499129295349,0.8664733171463013
YHR039C-B,YOL136C,0,-1.3728602,0.10133803635835648,0.9750499129295349,0.8665733337402344
YJR004C,YJL145W,0,-1.3729248,0.10132752358913422,0.9750499129295349,0.8666733503341675
YOR237W,YOR069W,1,-1.3729379,0.10142072290182114,0.976047933101654,0.8666733503341675
YLL004W,YMR321C,0,-1.3729649,0.10141020268201828,0.976047933101654,0.8667733669281006
YPL241C,YJL028W,0,-1.3730752,0.10139968991279602,0.976047933101654,0.8668733835220337
YJR065C,YDR492W,0,-1.3733592,0.10138917714357376,0.976047933101654,0.8669734001159668
YGL156W,YOR240W,0,-1.3734324,0.1013786643743515,0.976047933101654,0.8670734167098999
YDR313C,YAR044W,1,-1.3736069,0.10147180408239365,0.9770458936691284,0.8670734167098999
YDR225W,YOR240W,0,-1.3738029,0.10146129131317139,0.9770458936691284,0.867173433303833
YCR009C,YMR042W,0,-1.3738985,0.10145077854394913,0.9770458936691284,0.8672734498977661
YLR391W,YDR310C,0,-1.3740251,0.10144026577472687,0.9770458936691284,0.8673734664916992
YMR170C,YLR106C,0,-1.3743316,0.10142975300550461,0.9770458936691284,0.8674734830856323
YDL075W,YLR357W,0,-1.3743532,0.10141924768686295,0.9770458936691284,0.8675734996795654
YKR068C,YPL038W,0,-1.3743683,0.10140874236822128,0.9770458936691284,0.8676735162734985
YBL101W-A,YHR136C,0,-1.3744905,0.10139823704957962,0.9770458936691284,0.8677735328674316
YNR057C,YOL041C,0,-1.374691,0.10138773918151855,0.9770458936691284,0.8678735494613647
YGR001C,YOR167C,0,-1.3750644,0.10137724131345749,0.9770458936691284,0.8679735660552979
YNL206C,YIL093C,0,-1.3751979,0.10136674344539642,0.9770458936691284,0.8680736422538757
YKL199C,YGR087C,0,-1.3755292,0.10135624557733536,0.9770458936691284,0.8681736588478088
YAR044W,YGR234W,0,-1.3756194,0.10134575515985489,0.9770458936691284,0.8682736754417419
YDL216C,YOR306C,0,-1.375743,0.10133526474237442,0.9770458936691284,0.868373692035675
YPL208W,YNL339C,0,-1.3758799,0.10132477432489395,0.9770458936691284,0.8684737086296082
YOR313C,YBL017C,0,-1.375884,0.10131429135799408,0.9770458936691284,0.8685737252235413
YBR296C,YLR337W,0,-1.376118,0.10130380839109421,0.9770458936691284,0.8686737418174744
YCL019W,YJR158W,0,-1.3761275,0.10129332542419434,0.9770458936691284,0.8687737584114075
YDR032C,YOR240W,0,-1.3762523,0.10128284990787506,0.9770458936691284,0.8688737750053406
YDR211W,YCR080W,0,-1.3763158,0.10127236694097519,0.9770458936691284,0.8689737915992737
YGL083W,YML056C,0,-1.3763698,0.10126189142465591,0.9770458936691284,0.8690738081932068
YOR192C-A,YBR294W,0,-1.3765075,0.10125142335891724,0.9770458936691284,0.8691738247871399
YDR365W-B,YMR256C,0,-1.3765905,0.10124094784259796,0.9770458936691284,0.869273841381073
YKL200C,YOR099W,0,-1.3768265,0.10123047977685928,0.9770458936691284,0.8693738579750061
YJL178C,YAR044W,1,-1.3769298,0.10132341086864471,0.9780439138412476,0.8693738579750061
YOR205C,YOR240W,0,-1.3770751,0.10131293535232544,0.9780439138412476,0.8694738745689392
YGL037C,YOR240W,0,-1.3771179,0.10130245983600616,0.9780439138412476,0.8695738911628723
YCL060C,YMR052W,0,-1.3774549,0.10129199177026749,0.9780439138412476,0.8696739077568054
YNL256W,YLR029C,0,-1.3774568,0.10128152370452881,0.9780439138412476,0.8697739839553833
YOL128C,YJL198W,0,-1.377535,0.10127105563879013,0.9780439138412476,0.8698740005493164
YGL046W,YLR336C,0,-1.3775842,0.10126058757305145,0.9780439138412476,0.8699740171432495
YAR044W,YER125W,1,-1.3777034,0.10135344415903091,0.9790419340133667,0.8699740171432495
YPL150W,YLL008W,0,-1.3777148,0.10134297609329224,0.9790419340133667,0.8700740337371826
YLR418C,YCL060C,0,-1.3778139,0.10133250802755356,0.9790419340133667,0.8701740503311157
YGL097W,YOR088W,0,-1.3778641,0.10132203996181488,0.9790419340133667,0.8702740669250488
YGR272C,YDR288W,0,-1.377868,0.1013115793466568,0.9790419340133667,0.8703740835189819
YBR164C,YOR240W,0,-1.3779037,0.10130111873149872,0.9790419340133667,0.870474100112915
YOR294W,YKL158W,0,-1.3780644,0.10129065811634064,0.9790419340133667,0.8705741167068481
YLR337W,YBR066C,0,-1.3781393,0.10128019750118256,0.9790419340133667,0.8706741333007812
YKL180W,YGR238C,0,-1.3781836,0.10126974433660507,0.9790419340133667,0.8707741498947144
YAR044W,YDL225W,1,-1.3782868,0.10136251151561737,0.9800398945808411,0.8707741498947144
YCL059C,YLR157C-A,0,-1.3784008,0.10135205090045929,0.9800398945808411,0.8708741664886475
YAL058W,YCR070W,0,-1.3784113,0.10134159028530121,0.9800398945808411,0.8709741830825806
YGR061C,YOR240W,0,-1.3785293,0.10133112967014313,0.9800398945808411,0.8710741996765137
YAR044W,YDL113C,1,-1.3786104,0.10142385214567184,0.9810379147529602,0.8710741996765137
YAR044W,YER008C,1,-1.3787572,0.10151655972003937,0.9820359349250793,0.8710741996765137
YLR147C,YCL060C,0,-1.3788105,0.10150608420372009,0.9820359349250793,0.8711742162704468
YER137C,YJR160C,0,-1.3788395,0.10149561613798141,0.9820359349250793,0.8712742328643799
YER035W,YCR097WB,0,-1.3790243,0.10148514807224274,0.9820359349250793,0.871374249458313
YOR106W,YKL158W,0,-1.3791828,0.10147468000650406,0.9820359349250793,0.8714742660522461
YPL093W,YDR410C,0,-1.379411,0.10146421939134598,0.9820359349250793,0.871574342250824
YNL209W,YBR075W,0,-1.3796215,0.1014537587761879,0.9820359349250793,0.8716743588447571
YJL109C,YOR306C,0,-1.3796445,0.10144329816102982,0.9820359349250793,0.8717743754386902
YCL003W,YDR022C,0,-1.3796461,0.10143284499645233,0.9820359349250793,0.8718743920326233
YNL117W,YGL046W,0,-1.3799651,0.10142238438129425,0.9820359349250793,0.8719744086265564
YCR070W,YJL063C,0,-1.3799865,0.10141193121671677,0.9820359349250793,0.8720744252204895
YML097C,YMR217W,0,-1.3800703,0.10140148550271988,0.9820359349250793,0.8721744418144226
YMR045C,YER170W,0,-1.3801019,0.1013910323381424,0.9820359349250793,0.8722744584083557
YFL035C,YGR159C,0,-1.3802699,0.10138058662414551,0.9820359349250793,0.8723744750022888
YPL037C,YEL016C,0,-1.3804319,0.10137014836072922,0.9820359349250793,0.8724744915962219
YBR244W,YAR044W,0,-1.3804679,0.10135970264673233,0.9820359349250793,0.872574508190155
YPL031C,YER074W-A,0,-1.3805143,0.10134926438331604,0.9820359349250793,0.8726745247840881
YNL112W,YHR060W,0,-1.3807675,0.10133882611989975,0.9820359349250793,0.8727745413780212
YLR013W,YOR180C,0,-1.3807881,0.10132838785648346,0.9820359349250793,0.8728745579719543
YLR467W,YDR448W,0,-1.3808379,0.10131795704364777,0.9820359349250793,0.8729745745658875
YAR044W,YER120W,1,-1.3808973,0.10141047835350037,0.9830339550971985,0.8729745745658875
YJL166W,YGL046W,0,-1.3809638,0.10140004009008408,0.9830339550971985,0.8730745911598206
YML033W,YNL315C,0,-1.3810025,0.10138960182666779,0.9830339550971985,0.8731746077537537
YCR080W,YPR102C,0,-1.3810254,0.10137917101383209,0.9830339550971985,0.8732746839523315
YCL003W,YDL161W,0,-1.3811424,0.1013687327504158,0.9830339550971985,0.8733747005462646
YDL150W,YGR272C,0,-1.3811985,0.10135830193758011,0.9830339550971985,0.8734747171401978
YLR308W,YGR272C,0,-1.3812382,0.10134787857532501,0.9830339550971985,0.8735747337341309
YLR337W,YPL104W,0,-1.3812559,0.10133744776248932,0.9830339550971985,0.873674750328064
YCR080W,YLR081W,0,-1.3812603,0.10132702440023422,0.9830339550971985,0.8737747669219971
YAR044W,YLR314C,1,-1.3813071,0.10141946375370026,0.9840319156646729,0.8737747669219971
YLR391W,YIL109C,0,-1.3813248,0.10140903294086456,0.9840319156646729,0.8738747835159302
YLR391W,YER049W,0,-1.38133,0.10139860212802887,0.9840319156646729,0.8739748001098633
YAR044W,YER114C,1,-1.381355,0.10149100422859192,0.985029935836792,0.8739748001098633
YER175C,YGL046W,0,-1.3813882,0.10148056596517563,0.985029935836792,0.8740748167037964
YBL101W-A,YPR125W,0,-1.3813937,0.10147013515233994,0.985029935836792,0.8741748332977295
YBR187W,YGR295C,0,-1.3814254,0.10145970433950424,0.985029935836792,0.8742748498916626
YOR076C,YAR044W,0,-1.3814334,0.10144927352666855,0.985029935836792,0.8743748664855957
YAR044W,YLR371W,1,-1.3814466,0.10154162347316742,0.9860279560089111,0.8743748664855957
YJL018W,YHR200W,0,-1.3814511,0.10153119266033173,0.9860279560089111,0.8744748830795288
YMR276W,YOR088W,0,-1.3814833,0.10152075439691544,0.9860279560089111,0.8745748996734619
YJL092W,YML033W,0,-1.3814888,0.10151032358407974,0.9860279560089111,0.874674916267395
YAR044W,YPR097W,1,-1.3815038,0.10160262882709503,0.9870259761810303,0.874674916267395
YAR044W,YGR037C,1,-1.3815124,0.10169491171836853,0.9880239367485046,0.874674916267395
YAR044W,YJL024C,0,-1.3817635,0.10168447345495224,0.9880239367485046,0.8747749328613281
YBL112C,YJL116C,0,-1.3817823,0.10167402774095535,0.9880239367485046,0.8748749494552612
YPR022C,YDR381C-A,0,-1.381808,0.10166358947753906,0.9880239367485046,0.8749749660491943
YJL051W,YCL062W,0,-1.3818774,0.10165314376354218,0.9880239367485046,0.8750750422477722
YDR205W,YIL049W,0,-1.3819618,0.10164271295070648,0.9880239367485046,0.8751750588417053
YCL003W,YER130C,0,-1.3822402,0.10163227468729019,0.9880239367485046,0.8752750754356384
YAL062W,YGL180W,0,-1.3824214,0.1016218438744545,0.9880239367485046,0.8753750920295715
YLR320W,YJL018W,0,-1.3825891,0.1016114130616188,0.9880239367485046,0.8754751086235046
YBL024W,YNR051C,0,-1.3826175,0.10160098224878311,0.9880239367485046,0.8755751252174377
YHR156C,YPR201W,0,-1.3827782,0.10159055888652802,0.9880239367485046,0.8756751418113708
YAR044W,YAR042W,1,-1.3827953,0.10168274492025375,0.9890219569206238,0.8756751418113708
YKR042W,YIL143C,0,-1.3828604,0.10167230665683746,0.9890219569206238,0.875775158405304
YER025W,YDR143C,0,-1.3829134,0.10166187584400177,0.9890219569206238,0.8758751749992371
YAR044W,YGR098C,0,-1.3831635,0.10165145248174667,0.9890219569206238,0.8759751915931702
YLR307W,YML033W,0,-1.3833681,0.10164102911949158,0.9890219569206238,0.8760752081871033
YAL013W,YKR025W,0,-1.3835566,0.10163059830665588,0.9890219569206238,0.8761752247810364
YOR192C-B,YHL001W,0,-1.3838025,0.10162018239498138,0.9890219569206238,0.8762752413749695
YGR027C,YPR125W,0,-1.3842425,0.10160975903272629,0.9890219569206238,0.8763752579689026
YDR489W,YOR083W,0,-1.3843774,0.10159934312105179,0.9890219569206238,0.8764752745628357
YOR205C,YKL216W,0,-1.3845742,0.10158892720937729,0.9890219569206238,0.8765752911567688
YEL022W,YBR012W-B,0,-1.3852597,0.10157851874828339,0.9890219569206238,0.8766753077507019
YLR221C,YNL097C,0,-1.3852882,0.10156810283660889,0.9890219569206238,0.8767753839492798
YKR086W,YPL255W,0,-1.3853472,0.10155769437551498,0.9890219569206238,0.8768754005432129
YAL013W,YDL129W,0,-1.3857054,0.10154729336500168,0.9890219569206238,0.876975417137146
YLR256W-A,YBR291C,0,-1.386158,0.10153688490390778,0.9890219569206238,0.8770754337310791
YHR140W,YNL202W,0,-1.3867445,0.10152648389339447,0.9890219569206238,0.8771754503250122
YBL098W,YER074W-A,0,-1.3868021,0.10151608288288116,0.9890219569206238,0.8772754669189453
YDR496C,YDR198C,0,-1.3868468,0.10150568187236786,0.9890219569206238,0.8773754835128784
YML062C,YOL039W,0,-1.3868575,0.10149528831243515,0.9890219569206238,0.8774755001068115
YML058W-A,YBR050C,0,-1.387387,0.10148489475250244,0.9890219569206238,0.8775755167007446
YDR261W-B,YAL041W,0,-1.387422,0.10147450119256973,0.9890219569206238,0.8776755332946777
YGR033C,YLR210W,0,-1.3877319,0.10146411508321762,0.9890219569206238,0.8777755498886108
YDR261W-B,YGR109C,0,-1.387834,0.10145372897386551,0.9890219569206238,0.877875566482544
YHR026W,YGL184C,0,-1.3880389,0.1014433428645134,0.9890219569206238,0.877975583076477
YDR440W,YGL206C,0,-1.3880775,0.10143295675516129,0.9890219569206238,0.8780755996704102
YGL003C,YJR112W,0,-1.3882186,0.10142257809638977,0.9890219569206238,0.8781756162643433
YDR058C,YGL135W,0,-1.3882992,0.10141219943761826,0.9890219569206238,0.8782756328582764
YGL153W,YDR381C-A,0,-1.3887336,0.10140182077884674,0.9890219569206238,0.8783756494522095
YNL092W,YPL181W,0,-1.3893269,0.10139144957065582,0.9890219569206238,0.8784756660461426
YJR147W,YNL113W,0,-1.3895468,0.10138107091188431,0.9890219569206238,0.8785757422447205
YER150W,YLL051C,0,-1.3898228,0.10137070715427399,0.9890219569206238,0.8786757588386536
YLR051C,YOR211C,0,-1.3898724,0.10136033594608307,0.9890219569206238,0.8787757754325867
YDR297W,YOL041C,0,-1.3898908,0.10134997218847275,0.9890219569206238,0.8788757920265198
YDR186C,YNR012W,0,-1.3901079,0.10133960843086243,0.9890219569206238,0.8789758086204529
YPR137C-A,YGR058W,0,-1.3904202,0.1013292446732521,0.9890219569206238,0.879075825214386
YPR181C,YHR136C,0,-1.3907552,0.10131888091564178,0.9890219569206238,0.8791758418083191
YLR035C-A,YDR524C,0,-1.3908846,0.10130852460861206,0.9890219569206238,0.8792758584022522
YEL030W,YPL098C,0,-1.3909717,0.10129816830158234,0.9890219569206238,0.8793758749961853
YKR054C,YPL148C,0,-1.3919814,0.10128781944513321,0.9890219569206238,0.8794758915901184
YPL060C-A,YPL188W,0,-1.3920186,0.10127746313810349,0.9890219569206238,0.8795759081840515
YLR071C,YNL067W,0,-1.392571,0.10126711428165436,0.9890219569206238,0.8796759247779846
YDL110C,YLR401C,0,-1.3926572,0.10125677287578583,0.9890219569206238,0.8797759413719177
YLR014C,YHL024W,0,-1.3926868,0.1012464240193367,0.9890219569206238,0.8798759579658508
YER049W,YPR156C,0,-1.3931676,0.10123608261346817,0.9890219569206238,0.8799759745597839
YBR187W,YGL210W,0,-1.3936383,0.10122574120759964,0.9890219569206238,0.880075991153717
YDR034C-C,YNL207W,0,-1.3937079,0.10121539980173111,0.9890219569206238,0.8801760077476501
YLR364W,YDR389W,0,-1.3940487,0.10120506584644318,0.9890219569206238,0.880276083946228
YER053C,YML045W-A,0,-1.3942646,0.10119473189115524,0.9890219569206238,0.8803761005401611
YMR175W,YDL113C,1,-1.3943537,0.10128650069236755,0.9900199770927429,0.8803761005401611
YDR478W,YLR154C,0,-1.3943834,0.10127615928649902,0.9900199770927429,0.8804761171340942
YIR010W,YDR488C,0,-1.3944116,0.10126582533121109,0.9900199770927429,0.8805761337280273
YPR158C-D,YPR033C,0,-1.3951457,0.10125548392534256,0.9900199770927429,0.8806761503219604
YPL152W,YDR033W,0,-1.3953782,0.10124514997005463,0.9900199770927429,0.8807761669158936
YPL186C,YKR026C,0,-1.3957589,0.10123482346534729,0.9900199770927429,0.8808761835098267
YPR158C-D,YMR152W,0,-1.3958501,0.10122448951005936,0.9900199770927429,0.8809762001037598
YFL055W,YBR141C,0,-1.3964285,0.10121416300535202,0.9900199770927429,0.8810762166976929
YFL052W,YGR072W,0,-1.3973018,0.10120383650064468,0.9900199770927429,0.881176233291626
YLR050C,YPL024W,0,-1.3973339,0.10119350999593735,0.9900199770927429,0.8812762498855591
YMR241W,YPL281C,0,-1.3973439,0.10118319094181061,0.9900199770927429,0.8813762664794922
YER049W,YBR203W,0,-1.3974293,0.10117287188768387,0.9900199770927429,0.8814762830734253
YIR032C,YMR115W,0,-1.3975497,0.10116255283355713,0.9900199770927429,0.8815762996673584
YOL140W,YJL207C,0,-1.3978004,0.10115224123001099,0.9900199770927429,0.8816763162612915
YML045W-A,YNL256W,0,-1.3983476,0.10114192217588425,0.9900199770927429,0.8817763328552246
YML074C,YLR142W,0,-1.3984853,0.1011316105723381,0.9900199770927429,0.8818763494491577
YJR147W,YFR046C,0,-1.3986573,0.10112130641937256,0.9900199770927429,0.8819763660430908
YPR158C-D,YBR035C,0,-1.3989532,0.10111099481582642,0.9900199770927429,0.8820764422416687
YLR147C,YER019W,0,-1.3993139,0.10110069066286087,0.9900199770927429,0.8821764588356018
YDR316W-A,YOR047C,0,-1.3995353,0.10109039396047592,0.9900199770927429,0.8822764754295349
YPL128C,YPL276W,0,-1.4019547,0.10108008980751038,0.9900199770927429,0.882376492023468
YGR289C,YLR183C,0,-1.4023684,0.10106979310512543,0.9900199770927429,0.8824765086174011
YDR261W-B,YNL327W,0,-1.402868,0.10105949640274048,0.9900199770927429,0.8825765252113342
YBR088C,YBR141C,0,-1.403225,0.10104919970035553,0.9900199770927429,0.8826765418052673
YLL041C,YDR231C,0,-1.4033475,0.10103891044855118,0.9900199770927429,0.8827765583992004
YNL050C,YBL068W,0,-1.4034839,0.10102862119674683,0.9900199770927429,0.8828765749931335
YER104W,YJL056C,0,-1.404017,0.10101833194494247,0.9900199770927429,0.8829765915870667
YDR146C,YDR316W-A,0,-1.4046345,0.10100804269313812,0.9900199770927429,0.8830766081809998
YBR012W-A,YPR108W,0,-1.4057058,0.10099776089191437,0.9900199770927429,0.8831766247749329
YMR241W,YBL034C,0,-1.4058309,0.10098747909069061,0.9900199770927429,0.883276641368866
YNL039W,YLR276C,0,-1.4062691,0.10097719728946686,0.9900199770927429,0.8833766579627991
YPL015C,YCR012W,0,-1.4063923,0.1009669229388237,0.9900199770927429,0.8834766745567322
YOR242C,YHR021C,0,-1.4068227,0.10095664858818054,0.9900199770927429,0.8835766911506653
YPR158C-C,YHR187W,0,-1.4071132,0.10094637423753738,0.9900199770927429,0.8836767077445984
YDL133C-A,YIL017C,0,-1.4072278,0.10093609988689423,0.9900199770927429,0.8837767839431763
YOL008W,YDR034C-C,0,-1.407305,0.10092583298683167,0.9900199770927429,0.8838768005371094
YIL031W,YDL082W,0,-1.4075869,0.1009155660867691,0.9900199770927429,0.8839768171310425
YDR216W,YJR097W,0,-1.4084778,0.10090529918670654,0.9900199770927429,0.8840768337249756
YOR095C,YMR135C,0,-1.4090356,0.10089503973722458,0.9900199770927429,0.8841768503189087
YPL090C,YDR081C,0,-1.4092112,0.10088477283716202,0.9900199770927429,0.8842768669128418
YLR174W,YPL275W,0,-1.4095439,0.10087451338768005,0.9900199770927429,0.8843768835067749
YFL023W,YPR118W,0,-1.4101558,0.10086426138877869,0.9900199770927429,0.884476900100708
YGR113W,YHL001W,0,-1.4101961,0.10085400938987732,0.9900199770927429,0.8845769166946411
YJL103C,YJL109C,0,-1.4109843,0.10084374994039536,0.9900199770927429,0.8846769332885742
YLR227W-B,YLR274W,0,-1.4114046,0.10083350539207458,0.9900199770927429,0.8847769498825073
YHR059W,YDR261C-C,0,-1.4115858,0.10082325339317322,0.9900199770927429,0.8848769664764404
YPL227C,YOR369C,0,-1.4118556,0.10081300884485245,0.9900199770927429,0.8849769830703735
YHR215W,YPL232W,0,-1.412425,0.10080276429653168,0.9900199770927429,0.8850769996643066
YDR146C,YBR167C,0,-1.4124758,0.10079251974821091,0.9900199770927429,0.8851770162582397
YOR337W,YLR095C,0,-1.4130001,0.10078228265047073,0.9900199770927429,0.8852770328521729
YER069W,YDR351W,0,-1.4130435,0.10077204555273056,0.9900199770927429,0.885377049446106
YML126C,YBR001C,0,-1.4131482,0.10076180845499039,0.9900199770927429,0.8854770660400391
YLL051C,YGR038C-B,0,-1.4132364,0.10075157135725021,0.9900199770927429,0.8855771422386169
YFR032C-A,YOL002C,0,-1.4134302,0.10074134171009064,0.9900199770927429,0.88567715883255
YGL254W,YMR136W,0,-1.4135702,0.10073111206293106,0.9900199770927429,0.8857771754264832
YPR184W,YLL001W,0,-1.4137942,0.10072088241577148,0.9900199770927429,0.8858771920204163
YDR416W,YLR341W,0,-1.4138262,0.1007106602191925,0.9900199770927429,0.8859772086143494
YHR092C,YDL085W,0,-1.4151328,0.10070043802261353,0.9900199770927429,0.8860772252082825
YDL217C,YBR009C,0,-1.415264,0.10069021582603455,0.9900199770927429,0.8861772418022156
YBL042C,YPL256C,0,-1.4154983,0.10067999362945557,0.9900199770927429,0.8862772583961487
YJL048C,YAL003W,0,-1.4161235,0.10066977888345718,0.9900199770927429,0.8863772749900818
YDL229W,YER103W,0,-1.416142,0.1006595641374588,0.9900199770927429,0.8864772915840149
YDR285W,YOL104C,0,-1.4162774,0.10064934939146042,0.9900199770927429,0.886577308177948
YGL249W,YAR066W,0,-1.4167511,0.10063914209604263,0.9900199770927429,0.8866773247718811
YAL034W-A,YPL019C,0,-1.4167649,0.10062892735004425,0.9900199770927429,0.8867773413658142
YFR036W,YKR038C,0,-1.4167944,0.10061872750520706,0.9900199770927429,0.8868773579597473
YAL047C,YKR022C,0,-1.4168346,0.10060852020978928,0.9900199770927429,0.8869773745536804
YCL025C,YDR210W-B,0,-1.4168595,0.10059831291437149,0.9900199770927429,0.8870773911476135
YDL229W,YMR204C,0,-1.4169436,0.1005881130695343,0.9900199770927429,0.8871774077415466
YOR343W-B,YLR135W,0,-1.417237,0.10057792067527771,0.9900199770927429,0.8872774839401245
YFR001W,YAR014C,0,-1.4172771,0.10056772083044052,0.9900199770927429,0.8873775005340576
YML005W,YLR210W,0,-1.4173015,0.10055752843618393,0.9900199770927429,0.8874775171279907
YNL308C,YJR092W,0,-1.41765,0.10054733604192734,0.9900199770927429,0.8875775337219238
YER126C,YDR202C,0,-1.4178885,0.10053714364767075,0.9900199770927429,0.8876775503158569
YLR424W,YJL136C,0,-1.4179912,0.10052695870399475,0.9900199770927429,0.88777756690979
YDR530C,YGR162W,0,-1.4183817,0.10051676630973816,0.9900199770927429,0.8878775835037231
YJL079C,YPL162C,0,-1.4187703,0.10050658881664276,0.9900199770927429,0.8879776000976562
YMR194W,YLR212C,0,-1.4192016,0.10049640387296677,0.9900199770927429,0.8880776166915894
YFL002W-B,YJL046W,0,-1.4194568,0.10048622637987137,0.9900199770927429,0.8881776332855225
YDL074C,YNL067W,0,-1.4196366,0.10047604888677597,0.9900199770927429,0.8882776498794556
YLR287C-A,YDL014W,0,-1.4197135,0.10046587139368057,0.9900199770927429,0.8883776664733887
YGL205W,YBR258C,0,-1.4212937,0.10045569390058517,0.9900199770927429,0.8884776830673218
YPR028W,YPL281C,0,-1.4225472,0.10044552385807037,0.9900199770927429,0.8885776996612549
YHR029C,YPL257W-A,0,-1.4229963,0.10043535381555557,0.9900199770927429,0.888677716255188
YBR082C,YML087C,0,-1.4230263,0.10042518377304077,0.9900199770927429,0.8887777328491211
YDL140C,YPL281C,0,-1.4239843,0.10041502118110657,0.9900199770927429,0.8888777494430542
YNR070W,YDR197W,0,-1.4242516,0.10040485858917236,0.9900199770927429,0.8889777660369873
YIL006W,YDR261W-A,0,-1.4242517,0.10039469599723816,0.9900199770927429,0.8890778422355652
YDL025C,YER159C-A,0,-1.4245031,0.10038454085588455,0.9900199770927429,0.8891778588294983
YLR038C,YBR105C,0,-1.424719,0.10037437826395035,0.9900199770927429,0.8892778754234314
YBR154C,YMR056C,0,-1.4247866,0.10036422312259674,0.9900199770927429,0.8893778920173645
YGR027W-A,YOR382W,0,-1.4249783,0.10035407543182373,0.9900199770927429,0.8894779086112976
YCR039C,YPR145W,0,-1.4251354,0.10034392029047012,0.9900199770927429,0.8895779252052307
YGR027W-B,YDR322C-A,0,-1.4252646,0.10033377259969711,0.9900199770927429,0.8896779417991638
YDR240C,YHR215W,0,-1.4258277,0.1003236249089241,0.9900199770927429,0.8897779583930969
YIL076W,YGR161W-B,0,-1.4258869,0.10031347721815109,0.9900199770927429,0.88987797498703
YGL083W,YOR192C-B,0,-1.4266949,0.10030333697795868,0.9900199770927429,0.8899779915809631
YER159C-A,YDR432W,0,-1.4272105,0.10029319673776627,0.9900199770927429,0.8900780081748962
YDR109C,YOL124C,0,-1.427371,0.10028305649757385,0.9900199770927429,0.8901780247688293
YPR137C-A,YLR013W,0,-1.4274805,0.10027292370796204,0.9900199770927429,0.8902780413627625
YOL077W-A,YNL327W,0,-1.4280298,0.10026278346776962,0.9900199770927429,0.8903780579566956
YOR096W,YDR326C,0,-1.4285692,0.1002526506781578,0.9900199770927429,0.8904780745506287
YGR027W-A,YKL140W,0,-1.428784,0.10024252533912659,0.9900199770927429,0.8905780911445618
YDR534C,YOR190W,0,-1.4289064,0.10023239254951477,0.9900199770927429,0.8906781077384949
YLR078C,YPL266W,0,-1.4289457,0.10022226721048355,0.9900199770927429,0.8907781839370728
YBL028C,YGL013C,0,-1.429275,0.10021214187145233,0.9900199770927429,0.8908782005310059
YKL216W,YLR172C,0,-1.4294775,0.10020201653242111,0.9900199770927429,0.890978217124939
YBR239C,YER113C,0,-1.4297163,0.10019189864397049,0.9900199770927429,0.8910782337188721
YKR024C,YPR082C,0,-1.4299273,0.10018178075551987,0.9900199770927429,0.8911782503128052
YGL237C,YMR266W,0,-1.4304355,0.10017166286706924,0.9900199770927429,0.8912782669067383
YLL011W,YLR103C,0,-1.4305371,0.10016155242919922,0.9900199770927429,0.8913782835006714
YOR343W-B,YKL160W,0,-1.4308065,0.1001514419913292,0.9900199770927429,0.8914783000946045
YKL091C,YOR378W,0,-1.4308182,0.10014133155345917,0.9900199770927429,0.8915783166885376
YDR119W,YIL046W,0,-1.4310238,0.10013122111558914,0.9900199770927429,0.8916783332824707
YMR197C,YOL127W,0,-1.4310462,0.10012111067771912,0.9900199770927429,0.8917783498764038
YEL050C,YDR032C,0,-1.4312073,0.10011100769042969,0.9900199770927429,0.8918783664703369
YPL220W,YMR020W,0,-1.4312398,0.10010090470314026,0.9900199770927429,0.89197838306427
YBR156C,YHR005C-A,0,-1.4312968,0.10009080916643143,0.9900199770927429,0.8920783996582031
YLR117C,YBR258C,0,-1.4319565,0.1000807136297226,0.9900199770927429,0.8921784162521362
YKL112W,YPL275W,0,-1.4322624,0.10007061064243317,0.9900199770927429,0.8922784328460693
YOR367W,YPL147W,0,-1.4323071,0.10006052255630493,0.9900199770927429,0.8923784494400024
YJL095W,YDR210C-C,0,-1.4324024,0.1000504270195961,0.9900199770927429,0.8924784660339355
YJR043C,YPR158W-A,0,-1.4326817,0.10004033893346786,0.9900199770927429,0.8925785422325134
YKL126W,YGR161W-B,0,-1.4327493,0.10003025084733963,0.9900199770927429,0.8926785588264465
YDR486C,YLR341W,0,-1.4334995,0.1000201627612114,0.9900199770927429,0.8927785754203796
YDL114W,YDR158W,0,-1.4337877,0.10001008212566376,0.9900199770927429,0.8928785920143127
YMR182C,YLR373C,0,-1.4341959,0.10000000149011612,0.9900199770927429,0.8929786086082458
YPR182W,YJR028W,0,-1.4344553,0.09998992085456848,0.9900199770927429,0.893078625202179
YPL108W,YGL060W,0,-1.4345257,0.09997984021902084,0.9900199770927429,0.8931786417961121
YGL237C,YLR341W,0,-1.4345579,0.0999697670340538,0.9900199770927429,0.8932786583900452
YPR127W,YDR365W-B,0,-1.4350483,0.09995969384908676,0.9900199770927429,0.8933786749839783
YMR264W,YOR058C,0,-1.4354746,0.09994962066411972,0.9900199770927429,0.8934786915779114
YGR061C,YBR164C,0,-1.4355967,0.09993955492973328,0.9900199770927429,0.8935787081718445
YKL178C,YGR034W,0,-1.4356282,0.09992948174476624,0.9900199770927429,0.8936787247657776
YBR291C,YFL016C,0,-1.4366385,0.09991942346096039,0.9900199770927429,0.8937787413597107
YPR167C,YGR161C-C,0,-1.4366548,0.09990935772657394,0.9900199770927429,0.8938787579536438
YNL271C,YDR017C,0,-1.436987,0.0998992919921875,0.9900199770927429,0.8939787745475769
YOR324C,YGL106W,0,-1.4370471,0.09988923370838165,0.9900199770927429,0.89407879114151
YER065C,YIL079C,0,-1.4375308,0.0998791754245758,0.9900199770927429,0.8941788077354431
YGL125W,YHR085W,0,-1.4377716,0.09986912459135056,0.9900199770927429,0.894278883934021
YGR109W-B,YGL156W,0,-1.4378347,0.09985906630754471,0.9900199770927429,0.8943789005279541
YGR274C,YHR166C,0,-1.4378698,0.09984901547431946,0.9900199770927429,0.8944789171218872
YKL108W,YMR045C,0,-1.438257,0.0998389720916748,0.9900199770927429,0.8945789337158203
YPL149W,YLR410W-B,0,-1.4387074,0.09982892125844955,0.9900199770927429,0.8946789503097534
YMR267W,YJR007W,0,-1.4387074,0.0998188778758049,0.9900199770927429,0.8947789669036865
YLR256W-A,YNL082W,0,-1.4388105,0.09980883449316025,0.9900199770927429,0.8948789834976196
YDR034C-D,YDR432W,0,-1.4389544,0.0997987911105156,0.9900199770927429,0.8949790000915527
YGL186C,YDL130W,0,-1.4392657,0.09978875517845154,0.9900199770927429,0.8950790166854858
YOL156W,YPL108W,0,-1.4393101,0.09977871924638748,0.9900199770927429,0.895179033279419
YGR087C,YBR001C,0,-1.4398077,0.09976868331432343,0.9900199770927429,0.895279049873352
YDR322C-A,YGR052W,0,-1.4398859,0.09975864738225937,0.9900199770927429,0.8953790664672852
YPL172C,YML087C,0,-1.440468,0.09974861890077591,0.9900199770927429,0.8954790830612183
YOL056W,YOR142W-B,0,-1.4407353,0.09973859041929245,0.9900199770927429,0.8955790996551514
YOR343W-B,YEL022W,0,-1.4409511,0.09972856193780899,0.9900199770927429,0.8956791162490845
YIL093C,YDR281C,0,-1.4416044,0.09971853345632553,0.9900199770927429,0.8957791328430176
YJR105W,YOR106W,0,-1.4417236,0.09970851242542267,0.9900199770927429,0.8958791494369507
YIL015W,YNL202W,0,-1.4421991,0.0996984913945198,0.9900199770927429,0.8959792256355286
YGR105W,YDL171C,0,-1.4422268,0.09968847036361694,0.9900199770927429,0.8960792422294617
YGL023C,YPL112C,0,-1.442286,0.09967845678329468,0.9900199770927429,0.8961792588233948
YDR126W,YLR160C,0,-1.4423711,0.09966844320297241,0.9900199770927429,0.8962792754173279
YOR085W,YLR227W-B,0,-1.4426904,0.09965842962265015,0.9900199770927429,0.896379292011261
YDL202W,YDR261W-B,0,-1.4427854,0.09964841604232788,0.9900199770927429,0.8964793086051941
YLR276C,YFL038C,0,-1.4429783,0.09963840991258621,0.9900199770927429,0.8965793251991272
YKR044W,YHL002W,0,-1.4431188,0.09962840378284454,0.9900199770927429,0.8966793417930603
YKL180W,YBR002C,0,-1.4432788,0.09961839765310287,0.9900199770927429,0.8967793583869934
YPR137W,YKL221W,0,-1.4434371,0.0996083915233612,0.9900199770927429,0.8968793749809265
YDR492W,YPL180W,0,-1.4436373,0.09959839284420013,0.9900199770927429,0.8969793915748596
YBL069W,YMR227C,0,-1.4438872,0.09958839416503906,0.9900199770927429,0.8970794081687927
YLR212C,YLR325C,0,-1.444386,0.09957839548587799,0.9900199770927429,0.8971794247627258
YPR190C,YDR436W,0,-1.4444437,0.09956840425729752,0.9900199770927429,0.8972794413566589
YMR087W,YBR093C,0,-1.4453042,0.09955841302871704,0.9900199770927429,0.897379457950592
YOR308C,YNL113W,0,-1.445436,0.09954842180013657,0.9900199770927429,0.8974794745445251
YNL078W,YKR059W,0,-1.4457237,0.09953843057155609,0.9900199770927429,0.8975794911384583
YDL136W,YLR074C,0,-1.4459772,0.09952844679355621,0.9900199770927429,0.8976795077323914
YBL078C,YOR315W,0,-1.4464262,0.09951845556497574,0.9900199770927429,0.8977795839309692
YFL002W-B,YDR104C,0,-1.4465796,0.09950847923755646,0.9900199770927429,0.8978796005249023
YJL062W-A,YLR341W,0,-1.4467413,0.09949849545955658,0.9900199770927429,0.8979796171188354
YDR540C,YGR038C-A,0,-1.4469328,0.0994885191321373,0.9900199770927429,0.8980796337127686
YER006W,YMR016C,0,-1.4469448,0.09947854280471802,0.9900199770927429,0.8981796503067017
YNL093W,YMR130W,0,-1.4471221,0.09946856647729874,0.9900199770927429,0.8982796669006348
YDR312W,YNL139C,0,-1.4474342,0.09945859014987946,0.9900199770927429,0.8983796834945679
YLR157C-A,YMR184W,0,-1.4476721,0.09944862127304077,0.9900199770927429,0.898479700088501
YPL060C-A,YAR035W,0,-1.4480565,0.09943865239620209,0.9900199770927429,0.8985797166824341
YML036W,YBR020W,0,-1.448113,0.0994286835193634,0.9900199770927429,0.8986797332763672
YER056C-A,YBR216C,0,-1.4483908,0.09941872209310532,0.9900199770927429,0.8987797498703003
YBL042C,YMR288W,0,-1.4487156,0.09940876066684723,0.9900199770927429,0.8988797664642334
YKR024C,YER014C-A,0,-1.4487541,0.09939879924058914,0.9900199770927429,0.8989797830581665
YKR065C,YHR052W,0,-1.4491632,0.09938883781433105,0.9900199770927429,0.8990797996520996
YNL086W,YDR033W,0,-1.4492319,0.09937888383865356,0.9900199770927429,0.8991798162460327
YER078C,YPR183W,0,-1.4492795,0.09936892986297607,0.9900199770927429,0.8992798328399658
YGL223C,YDL171C,0,-1.4494989,0.09935897588729858,0.9900199770927429,0.8993798494338989
YFR019W,YHL001W,0,-1.4498699,0.0993490219116211,0.9900199770927429,0.8994799256324768
YGR085C,YNL292W,0,-1.4500362,0.0993390753865242,0.9900199770927429,0.8995799422264099
YHR030C,YHL009W-A,0,-1.4504502,0.09932912886142731,0.9900199770927429,0.899679958820343
YBR103W,YER137C-A,0,-1.4505987,0.09931918233633041,0.9900199770927429,0.8997799754142761
YDR012W,YIR035C,0,-1.4506519,0.09930924326181412,0.9900199770927429,0.8998799920082092
YKL220C,YPL157W,0,-1.4511335,0.09929929673671722,0.9900199770927429,0.8999800086021423
YER065C,YGL099W,0,-1.4511611,0.09928935766220093,0.9900199770927429,0.9000800251960754
YDR511W,YMR269W,0,-1.4512756,0.09927942603826523,0.9900199770927429,0.9001800417900085
YBR126C,YGL208W,0,-1.4514534,0.09926948696374893,0.9900199770927429,0.9002800583839417
YML074C,YMR014W,0,-1.4517102,0.09925955533981323,0.9900199770927429,0.9003800749778748
YER110C,YKL167C,0,-1.4517922,0.09924962371587753,0.9900199770927429,0.9004800915718079
YER137C,YNL035C,0,-1.4519598,0.09923969954252243,0.9900199770927429,0.900580108165741
YER046W,YER011W,0,-1.4530241,0.09922976791858673,0.9900199770927429,0.9006801247596741
YDR365W-B,YDR314C,0,-1.4532882,0.09921984374523163,0.9900199770927429,0.9007801413536072
YLR048W,YMR060C,0,-1.4533938,0.09920991957187653,0.9900199770927429,0.9008801579475403
YPL154C,YHL009W-B,0,-1.4536729,0.09920000284910202,0.9900199770927429,0.9009801745414734
YGR112W,YOL104C,0,-1.4544106,0.09919007867574692,0.9900199770927429,0.9010801911354065
YKR056W,YOR083W,0,-1.4544114,0.09918016195297241,0.9900199770927429,0.9011802077293396
YDL122W,YJL144W,0,-1.4544487,0.0991702452301979,0.9900199770927429,0.9012802839279175
YKL176C,YER006W,0,-1.4547181,0.099160335958004,0.9900199770927429,0.9013803005218506
YGR169C,YDR527W,0,-1.4548613,0.09915042668581009,0.9900199770927429,0.9014803171157837
YLR256W-A,YDR083W,0,-1.4550598,0.09914051741361618,0.9900199770927429,0.9015803337097168
YMR046C,YDR527W,0,-1.4562674,0.09913060814142227,0.9900199770927429,0.9016803503036499
YBR067C,YDR083W,0,-1.456305,0.09912070631980896,0.9900199770927429,0.901780366897583
YBR298C,YOR142W-B,0,-1.4569643,0.09911079704761505,0.9900199770927429,0.9018803834915161
YBR274W,YML093W,0,-1.4569831,0.09910090267658234,0.9900199770927429,0.9019804000854492
YDR121W,YER159C-A,0,-1.4570315,0.09909100085496902,0.9900199770927429,0.9020804166793823
YIL035C,YPL012W,0,-1.4571548,0.09908109903335571,0.9900199770927429,0.9021804332733154
YGR112W,YOR142W-B,0,-1.4573278,0.099071204662323,0.9900199770927429,0.9022804498672485
YMR214W,YDR210W-B,0,-1.4574201,0.09906131774187088,0.9900199770927429,0.9023804664611816
YLR307W,YCR009C,0,-1.4577446,0.09905142337083817,0.9900199770927429,0.9024804830551147
YOR037W,YNL110C,0,-1.4578457,0.09904153645038605,0.9900199770927429,0.9025804996490479
YPR030W,YNL231C,0,-1.4580545,0.09903164952993393,0.9900199770927429,0.902680516242981
YDR320C,YML018C,0,-1.4581959,0.09902176260948181,0.9900199770927429,0.9027805328369141
YOR142W-A,YLR038C,0,-1.4585052,0.0990118756890297,0.9900199770927429,0.9028805494308472
YDR534C,YBL017C,0,-1.4588726,0.09900199621915817,0.9900199770927429,0.902980625629425
YKL143W,YNR045W,0,-1.4590213,0.09899211674928665,0.9900199770927429,0.9030806422233582
YBR202W,YGR185C,0,-1.4592725,0.09898223727941513,0.9900199770927429,0.9031806588172913
YLR074C,YBR166C,0,-1.4594525,0.0989723652601242,0.9900199770927429,0.9032806754112244
YDL056W,YBR271W,0,-1.4595432,0.09896249324083328,0.9900199770927429,0.9033806920051575
YLL017W,YDR210W-A,0,-1.4599819,0.09895262122154236,0.9900199770927429,0.9034807085990906
YLR099C,YER011W,0,-1.4600955,0.09894274920225143,0.9900199770927429,0.9035807251930237
YDR174W,YOR038C,0,-1.4602497,0.09893288463354111,0.9900199770927429,0.9036807417869568
YMR290C,YIL160C,0,-1.460722,0.09892301261425018,0.9900199770927429,0.9037807583808899
YIL133C,YPR182W,0,-1.4616816,0.09891315549612045,0.9900199770927429,0.903880774974823
YEL030W,YGR038C-B,0,-1.4619932,0.09890329092741013,0.9900199770927429,0.9039807915687561
YBR161W,YKL093W,0,-1.462621,0.0988934338092804,0.9900199770927429,0.9040808081626892
YML026C,YNL052W,0,-1.4627968,0.09888356924057007,0.9900199770927429,0.9041808247566223
YBL002W,YOL155C,0,-1.4629227,0.09887371957302094,0.9900199770927429,0.9042808413505554
YNL001W,YOR168W,0,-1.4631152,0.0988638624548912,0.9900199770927429,0.9043808579444885
YFL009W,YGL123W,0,-1.4632193,0.09885401278734207,0.9900199770927429,0.9044808745384216
YMR283C,YLR449W,0,-1.4632827,0.09884416311979294,0.9900199770927429,0.9045808911323547
YLR086W,YOR378W,0,-1.4635909,0.0988343134522438,0.9900199770927429,0.9046809077262878
YAL054C,YER151C,0,-1.463999,0.09882446378469467,0.9900199770927429,0.9047809839248657
YOR237W,YJL178C,1,-1.4653571,0.098914235830307,0.9910179376602173,0.9047809839248657
YOR142W-A,YPL113C,0,-1.4655933,0.09890438616275787,0.9910179376602173,0.9048810005187988
YPR158C-D,YOL108C,0,-1.4656856,0.09889452904462814,0.9910179376602173,0.9049810171127319
YJR064W,YDR534C,0,-1.4662247,0.0988846868276596,0.9910179376602173,0.905081033706665
YBL003C,YOR206W,0,-1.4665655,0.09887483716011047,0.9910179376602173,0.9051810503005981
YJL153C,YDR378C,0,-1.4672823,0.09886499494314194,0.9910179376602173,0.9052810668945312
YOL093W,YFR041C,0,-1.4676514,0.0988551527261734,0.9910179376602173,0.9053810834884644
YBL112C,YDL153C,0,-1.4676902,0.09884531050920486,0.9910179376602173,0.9054811000823975
YER138C,YMR214W,0,-1.467933,0.09883547574281693,0.9910179376602173,0.9055811166763306
YHR092C,YOL017W,0,-1.4682126,0.09882563352584839,0.9910179376602173,0.9056811332702637
YER002W,YIL138C,0,-1.4682608,0.09881580621004105,0.9910179376602173,0.9057811498641968
YER065C,YGR275W,0,-1.468281,0.0988059714436531,0.9910179376602173,0.9058811664581299
YDR403W,YPL266W,0,-1.4683945,0.09879613667726517,0.9910179376602173,0.905981183052063
YER002W,YOR322C,0,-1.4684837,0.09878630936145782,0.9910179376602173,0.9060811996459961
YLR035C-A,YNL218W,0,-1.4687049,0.09877648204565048,0.9910179376602173,0.9061812162399292
YHR028C,YLR227W-B,0,-1.4689264,0.09876666218042374,0.9910179376602173,0.9062812328338623
YPR158C-D,YPR052C,0,-1.4700022,0.0987568348646164,0.9910179376602173,0.9063812494277954
YKL015W,YPR137C-A,0,-1.4704914,0.09874701499938965,0.9910179376602173,0.9064813256263733
YPL022W,YOR095C,0,-1.470499,0.0987371951341629,0.9910179376602173,0.9065813422203064
YDR228C,YDR281C,0,-1.4706312,0.09872738271951675,0.9910179376602173,0.9066813588142395
YKL103C,YGR087C,0,-1.4708406,0.09871756285429001,0.9910179376602173,0.9067813754081726
YLR157C-A,YDL110C,0,-1.4711521,0.09870775043964386,0.9910179376602173,0.9068813920021057
YML080W,YMR077C,0,-1.4714465,0.09869794547557831,0.9910179376602173,0.9069814085960388
YNL248C,YCR011C,0,-1.4717597,0.09868813306093216,0.9910179376602173,0.9070814251899719
YNR074C,YJR077C,0,-1.4722221,0.09867832809686661,0.9910179376602173,0.907181441783905
YDR090C,YMR093W,0,-1.4723835,0.09866852313280106,0.9910179376602173,0.9072814583778381
YLL012W,YNR016C,0,-1.4730904,0.0986587181687355,0.9910179376602173,0.9073814749717712
YFR009W,YDR121W,0,-1.4738159,0.09864892065525055,0.9910179376602173,0.9074814915657043
YBL020W,YIL074C,0,-1.4746567,0.098639115691185,0.9910179376602173,0.9075815081596375
YPR061C,YHR152W,0,-1.4746689,0.09862931817770004,0.9910179376602173,0.9076815247535706
YIL158W,YDL168W,0,-1.47472,0.09861952811479568,0.9910179376602173,0.9077815413475037
YOR374W,YLR048W,0,-1.4747334,0.09860973060131073,0.9910179376602173,0.9078815579414368
YKL117W,YHR124W,0,-1.4748714,0.09859994053840637,0.9910179376602173,0.9079815745353699
YJR078W,YER061C,0,-1.4752985,0.09859015047550201,0.9910179376602173,0.908081591129303
YGR027W-A,YGR029W,0,-1.4753165,0.09858036041259766,0.9910179376602173,0.9081816077232361
YHR152W,YDL204W,0,-1.475438,0.0985705778002739,0.9910179376602173,0.908281683921814
YIL048W,YPR196W,0,-1.4762707,0.09856079518795013,0.9910179376602173,0.9083817005157471
YPL180W,YOR274W,0,-1.4762954,0.09855101257562637,0.9910179376602173,0.9084817171096802
YBR040W,YGR161W-B,0,-1.4766567,0.09854122996330261,0.9910179376602173,0.9085817337036133
YJL004C,YHL009W-A,0,-1.4769056,0.09853145480155945,0.9910179376602173,0.9086817502975464
YMR211W,YEL026W,0,-1.4779291,0.09852167963981628,0.9910179376602173,0.9087817668914795
YPL257W-A,YDR207C,0,-1.477931,0.09851190447807312,0.9910179376602173,0.9088817834854126
YPR102C,YHR136C,0,-1.47835,0.09850212931632996,0.9910179376602173,0.9089818000793457
YBR296C,YLR309C,0,-1.4793551,0.09849236160516739,0.9910179376602173,0.9090818166732788
YBL005W-A,YPL060C-A,0,-1.4798893,0.09848259389400482,0.9910179376602173,0.9091818332672119
YGR175C,YPL170W,0,-1.4807663,0.09847282618284225,0.9910179376602173,0.909281849861145
YHR094C,YDL039C,0,-1.4808394,0.09846306592226028,0.9910179376602173,0.9093818664550781
YGR161C-C,YOR299W,0,-1.480941,0.09845329821109772,0.9910179376602173,0.9094818830490112
YCR002C,YBR271W,0,-1.4812558,0.09844353795051575,0.9910179376602173,0.9095818996429443
YAL044C,YER114C,1,-1.4813972,0.09853290766477585,0.9920159578323364,0.9095818996429443
YLR025W,YPL266W,0,-1.4825268,0.09852314740419388,0.9920159578323364,0.9096819162368774
YOR098C,YML030W,0,-1.482755,0.09851337969303131,0.9920159578323364,0.9097819328308105
YKR090W,YLR013W,0,-1.4834213,0.09850361943244934,0.9920159578323364,0.9098819494247437
YIR011C,YKL095W,0,-1.4834384,0.09849385917186737,0.9920159578323364,0.9099820256233215
YEL060C,YPR006C,0,-1.4837298,0.0984840989112854,0.9920159578323364,0.9100820422172546
YPR133W-A,YMR290C,0,-1.4841878,0.09847433865070343,0.9920159578323364,0.9101820588111877
YFL018C,YIL111W,0,-1.4844452,0.09846458584070206,0.9920159578323364,0.9102820754051208
YPL212C,YDR522C,0,-1.4846404,0.09845483303070068,0.9920159578323364,0.910382091999054
YOR204W,YPR020W,0,-1.4847298,0.09844508022069931,0.9920159578323364,0.9104821085929871
YMR251W-A,YNL248C,0,-1.4849293,0.09843533486127853,0.9920159578323364,0.9105821251869202
YKR024C,YPL084W,0,-1.4850464,0.09842558950185776,0.9920159578323364,0.9106821417808533
YJL025W,YHR183W,0,-1.4850609,0.09841584414243698,0.9920159578323364,0.9107821583747864
YMR269W,YLR341W,0,-1.485107,0.0984060987830162,0.9920159578323364,0.9108821749687195
YPL082C,YDR231C,0,-1.4852122,0.09839636087417603,0.9920159578323364,0.9109821915626526
YDR182W,YLR401C,0,-1.4855635,0.09838661551475525,0.9920159578323364,0.9110822081565857
YOL092W,YDR523C,0,-1.4856329,0.09837687760591507,0.9920159578323364,0.9111822247505188
YPL257W-B,YBR236C,0,-1.486161,0.09836714714765549,0.9920159578323364,0.9112822413444519
YPL211W,YGR041W,0,-1.4863036,0.09835740923881531,0.9920159578323364,0.911382257938385
YOL119C,YPL157W,0,-1.4888282,0.09834767878055573,0.9920159578323364,0.9114822745323181
YHR164C,YMR260C,0,-1.4892292,0.09833794832229614,0.9920159578323364,0.9115822911262512
YER056C-A,YDR495C,0,-1.4898758,0.09832822531461716,0.9920159578323364,0.9116823077201843
YPL211W,YBR280C,0,-1.4907482,0.09831849485635757,0.9920159578323364,0.9117823839187622
YJL101C,YOL113W,0,-1.4909823,0.09830877184867859,0.9920159578323364,0.9118824005126953
YKL130C,YML113W,0,-1.491034,0.0982990488409996,0.9920159578323364,0.9119824171066284
YMR257C,YOL108C,0,-1.4910812,0.09828933328390121,0.9920159578323364,0.9120824337005615
YHL036W,YER065C,0,-1.4911946,0.09827961027622223,0.9920159578323364,0.9121824502944946
YNL186W,YBR037C,0,-1.4919734,0.09826989471912384,0.9920159578323364,0.9122824668884277
YDL060W,YOR025W,0,-1.4921147,0.09826017916202545,0.9920159578323364,0.9123824834823608
YNL061W,YOR140W,0,-1.4921206,0.09825047105550766,0.9920159578323364,0.912482500076294
YOR098C,YOR381W,0,-1.4923409,0.09824075549840927,0.9920159578323364,0.912582516670227
YHR141C,YDR443C,0,-1.4927615,0.09823104739189148,0.9920159578323364,0.9126825332641602
YBR067C,YPR112C,0,-1.4939659,0.09822134673595428,0.9920159578323364,0.9127825498580933
YKL217W,YPR108W,0,-1.4939753,0.09821163862943649,0.9920159578323364,0.9128825664520264
YLR035C-A,YGL011C,0,-1.4940324,0.0982019379734993,0.9920159578323364,0.9129825830459595
YIR034C,YPL033C,0,-1.4943116,0.0981922373175621,0.9920159578323364,0.9130825996398926
YBL054W,YIL099W,0,-1.4945917,0.09818253666162491,0.9920159578323364,0.9131826162338257
YPL187W,YLR401C,0,-1.4948456,0.09817283600568771,0.9920159578323364,0.9132826328277588
YLL054C,YGR038C-A,0,-1.495717,0.09816314280033112,0.9920159578323364,0.9133826494216919
YPR151C,YIL031W,0,-1.4972279,0.09815344959497452,0.9920159578323364,0.9134827256202698
YDR392W,YDR261W-A,0,-1.4976962,0.09814375638961792,0.9920159578323364,0.9135827422142029
YPR137C-B,YDR420W,0,-1.49827,0.09813407063484192,0.9920159578323364,0.913682758808136
YDR316W-A,YLR327C,0,-1.4987009,0.09812438488006592,0.9920159578323364,0.9137827754020691
YDL099W,YBL028C,0,-1.4988413,0.09811469912528992,0.9920159578323364,0.9138827919960022
YKR094C,YGR257C,0,-1.4991806,0.09810501337051392,0.9920159578323364,0.9139828085899353
YIL091C,YJR067C,0,-1.49953,0.09809533506631851,0.9920159578323364,0.9140828251838684
YLR410W-A,YKL108W,0,-1.4996207,0.09808564931154251,0.9920159578323364,0.9141828417778015
YDR465C,YDR050C,0,-1.4999113,0.0980759710073471,0.9920159578323364,0.9142828583717346
YKL211C,YMR269W,0,-1.500017,0.0980663001537323,0.9920159578323364,0.9143828749656677
YPL022W,YOL102C,0,-1.5000575,0.0980566218495369,0.9920159578323364,0.9144828915596008
YBL005W-B,YJR105W,0,-1.5003657,0.09804695099592209,0.9920159578323364,0.9145829081535339
YOL054W,YPL212C,0,-1.5003686,0.09803728014230728,0.9920159578323364,0.914682924747467
YNL117W,YPR025C,0,-1.5004263,0.09802761673927307,0.9920159578323364,0.9147829413414001
YKR009C,YGR023W,0,-1.5006737,0.09801794588565826,0.9920159578323364,0.9148829579353333
YBR289W,YPR137C-B,0,-1.5007861,0.09800828248262405,0.9920159578323364,0.9149829745292664
YBR278W,YOR294W,0,-1.500983,0.09799861907958984,0.9920159578323364,0.9150829911231995
YLL041C,YOR188W,0,-1.5015409,0.09798895567655563,0.9920159578323364,0.9151830077171326
YBR267W,YOR125C,0,-1.5023521,0.09797929972410202,0.9920159578323364,0.9152830839157104
YFL002W-B,YML129C,0,-1.5023766,0.09796964377164841,0.9920159578323364,0.9153831005096436
YGL128C,YER087C-B,0,-1.5024275,0.0979599878191948,0.9920159578323364,0.9154831171035767
YHR112C,YDR034C-C,0,-1.5026197,0.09795033186674118,0.9920159578323364,0.9155831336975098
YHR143W,YJL065C,0,-1.5026273,0.09794068336486816,0.9920159578323364,0.9156831502914429
YGR109W-B,YBR276C,0,-1.5028472,0.09793103486299515,0.9920159578323364,0.915783166885376
YNL091W,YLR157C-A,0,-1.5037487,0.09792138636112213,0.9920159578323364,0.9158831834793091
YPL090C,YLR446W,0,-1.5042727,0.09791173785924911,0.9920159578323364,0.9159832000732422
YDR113C,YJL136C,0,-1.5042801,0.0979020968079567,0.9920159578323364,0.9160832166671753
YHR084W,YLR157C-A,0,-1.50439,0.09789245575666428,0.9920159578323364,0.9161832332611084
YKL135C,YLR157C-A,0,-1.5045612,0.09788281470537186,0.9920159578323364,0.9162832498550415
YPR137C-B,YDR456W,0,-1.5050051,0.09787318110466003,0.9920159578323364,0.9163832664489746
YGR054W,YLR410W-B,0,-1.5052798,0.09786354005336761,0.9920159578323364,0.9164832830429077
YML132W,YDL153C,0,-1.5052979,0.09785390645265579,0.9920159578323364,0.9165832996368408
YLR035C-A,YOR257W,0,-1.5053034,0.09784427285194397,0.9920159578323364,0.9166833162307739
YBR002C,YPL051W,0,-1.5053453,0.09783464670181274,0.9920159578323364,0.916783332824707
YGR027W-B,YDL075W,0,-1.505441,0.09782502055168152,0.9920159578323364,0.9168833494186401
YDR261W-A,YPR162C,0,-1.5068226,0.0978153869509697,0.9920159578323364,0.916983425617218
YER055C,YPR158W-A,0,-1.5070134,0.09780576825141907,0.9920159578323364,0.9170834422111511
YDR261W-A,YML018C,0,-1.50704,0.09779614210128784,0.9920159578323364,0.9171834588050842
YJL156C,YER087C-B,0,-1.5072784,0.09778652340173721,0.9920159578323364,0.9172834753990173
YMR295C,YER091C,0,-1.5073682,0.09777690470218658,0.9920159578323364,0.9173834919929504
YLR013W,YGL033W,0,-1.5074162,0.09776728600263596,0.9920159578323364,0.9174835085868835
YJL050W,YDR065W,0,-1.5098203,0.09775767475366592,0.9920159578323364,0.9175835251808167
YJL112W,YMR202W,0,-1.5102098,0.0977480560541153,0.9920159578323364,0.9176835417747498
YFL002W-B,YBR166C,0,-1.5104578,0.09773844480514526,0.9920159578323364,0.9177835583686829
YJR010C-A,YLR410W-B,0,-1.5104653,0.09772883355617523,0.9920159578323364,0.917883574962616
YLR410W-A,YDL030W,0,-1.5105536,0.0977192297577858,0.9920159578323364,0.9179835915565491
YNL232W,YMR214W,0,-1.5109141,0.09770962595939636,0.9920159578323364,0.9180836081504822
YJR032W,YHR077C,0,-1.5111656,0.09770002216100693,0.9920159578323364,0.9181836247444153
YDR454C,YDR527W,0,-1.5118234,0.09769041836261749,0.9920159578323364,0.9182836413383484
YBR093C,YNR023W,0,-1.5122882,0.09768081456422806,0.9920159578323364,0.9183836579322815
YNL206C,YCR093W,0,-1.5122964,0.09767121821641922,0.9920159578323364,0.9184836745262146
YJL203W,YLL045C,0,-1.5138168,0.09766162186861038,0.9920159578323364,0.9185836911201477
YAR003W,YMR256C,0,-1.5144664,0.09765202552080154,0.9920159578323364,0.9186837077140808
YGR027W-B,YLR399C,0,-1.51458,0.0976424366235733,0.9920159578323364,0.9187837839126587
YOR192C-A,YGL236C,0,-1.5146403,0.09763284772634506,0.9920159578323364,0.9188838005065918
YLR359W,YHL018W,0,-1.5148909,0.09762325882911682,0.9920159578323364,0.9189838171005249
YOR100C,YOR237W,0,-1.5149665,0.09761366993188858,0.9920159578323364,0.919083833694458
YGR061C,YLR423C,0,-1.515318,0.09760408848524094,0.9920159578323364,0.9191838502883911
YJL191W,YGL113W,0,-1.5159869,0.0975944995880127,0.9920159578323364,0.9192838668823242
YOR192C-B,YOR187W,0,-1.5161979,0.09758491814136505,0.9920159578323364,0.9193838834762573
YOL127W,YBR276C,0,-1.5167263,0.097575344145298,0.9920159578323364,0.9194839000701904
YJL050W,YBL054W,0,-1.5168815,0.09756576269865036,0.9920159578323364,0.9195839166641235
YDR456W,YDR210W-B,0,-1.5177767,0.09755618870258331,0.9920159578323364,0.9196839332580566
YDR238C,YOR351C,0,-1.5177984,0.09754661470651627,0.9920159578323364,0.9197839498519897
YLR237W,YNL072W,0,-1.5179129,0.09753704071044922,0.9920159578323364,0.9198839664459229
YJL198W,YDL202W,0,-1.5187345,0.09752747416496277,0.9920159578323364,0.919983983039856
YHL009W-B,YLR106C,0,-1.5192461,0.09751790761947632,0.9920159578323364,0.9200839996337891
YER069W,YJL145W,0,-1.5196545,0.09750834107398987,0.9920159578323364,0.9201840162277222
YGR172C,YBR267W,0,-1.5203487,0.09749877452850342,0.9920159578323364,0.9202840328216553
YLL011W,YEL040W,0,-1.5208089,0.09748920798301697,0.9920159578323364,0.9203840494155884
YBR187W,YHL018W,0,-1.5209818,0.09747964888811111,0.9920159578323364,0.9204841256141663
YHR044C,YLR157C,0,-1.5211785,0.09747008979320526,0.9920159578323364,0.9205841422080994
YEL017C-A,YKL096W,0,-1.5215435,0.09746053814888,0.9920159578323364,0.9206841588020325
YOR237W,YDR425W,1,-1.5217991,0.09754902124404907,0.9930139780044556,0.9206841588020325
YJR034W,YLL041C,0,-1.5221971,0.09753945469856262,0.9930139780044556,0.9207841753959656
YER069W,YKR105C,0,-1.5228733,0.09752989560365677,0.9930139780044556,0.9208841919898987
YMR175W,YGR241C,1,-1.5230258,0.09761834889650345,0.9940119981765747,0.9208841919898987
YBR098W,YJR088C,0,-1.5231187,0.097608782351017,0.9940119981765747,0.9209842085838318
YAR018C,YJR067C,0,-1.5232452,0.09759921580553055,0.9940119981765747,0.9210842251777649
YDL103C,YOR393W,0,-1.5235122,0.0975896567106247,0.9940119981765747,0.921184241771698
YGL084C,YHL024W,0,-1.5235529,0.09758009016513824,0.9940119981765747,0.9212842583656311
YDR261W-B,YGL010W,0,-1.524257,0.09757053107023239,0.9940119981765747,0.9213842749595642
YKR056W,YBR081C,0,-1.5242963,0.09756097197532654,0.9940119981765747,0.9214842915534973
YOR010C,YJR028W,0,-1.524481,0.09755142033100128,0.9940119981765747,0.9215843081474304
YBR021W,YER096W,0,-1.5249232,0.09754186868667603,0.9940119981765747,0.9216843247413635
YOR243C,YLR320W,0,-1.5264578,0.09753231704235077,0.9940119981765747,0.9217843413352966
YJR104C,YIL127C,0,-1.5265298,0.09752276539802551,0.9940119981765747,0.9218843579292297
YHR058C,YMR049C,0,-1.5269252,0.09751321375370026,0.9940119981765747,0.9219843745231628
YNR018W,YBR192W,0,-1.5270422,0.0975036695599556,0.9940119981765747,0.922084391117096
YBR239C,YMR194W,0,-1.5272342,0.09749412536621094,0.9940119981765747,0.922184407711029
YDR119W,YGL257C,0,-1.5275253,0.09748458117246628,0.9940119981765747,0.9222844839096069
YAL063C,YLR047C,0,-1.5277451,0.09747504442930222,0.9940119981765747,0.92238450050354
YGL206C,YOL077W-A,0,-1.52801,0.09746550768613815,0.9940119981765747,0.9224845170974731
YPR186C,YDR138W,0,-1.5284824,0.09745597094297409,0.9940119981765747,0.9225845336914062
YBL002W,YNL122C,0,-1.5285313,0.09744643419981003,0.9940119981765747,0.9226845502853394
YML056C,YCL030C,0,-1.5285995,0.09743689745664597,0.9940119981765747,0.9227845668792725
YLR256W-A,YDL180W,0,-1.528878,0.0974273681640625,0.9940119981765747,0.9228845834732056
YJL109C,YDR365W-B,0,-1.5293143,0.09741783887147903,0.9940119981765747,0.9229846000671387
YPL276W,YJR063W,0,-1.5295496,0.09740830957889557,0.9940119981765747,0.9230846166610718
YBR058C-A,YGR054W,0,-1.5306699,0.0973987877368927,0.9940119981765747,0.9231846332550049
YJR064W,YOL102C,0,-1.530714,0.09738926589488983,0.9940119981765747,0.923284649848938
YGR133W,YHR079C-A,0,-1.5311601,0.09737974405288696,0.9940119981765747,0.9233846664428711
YMR314W,YKL217W,0,-1.5315521,0.0973702222108841,0.9940119981765747,0.9234846830368042
YNL053W,YOR096W,0,-1.5316296,0.09736070036888123,0.9940119981765747,0.9235846996307373
YPR098C,YKL056C,0,-1.53214,0.09735118597745895,0.9940119981765747,0.9236847162246704
YPR158C-D,YCL061C,0,-1.5321751,0.09734167158603668,0.9940119981765747,0.9237847328186035
YPL257W-A,YOL066C,0,-1.5321825,0.09733215719461441,0.9940119981765747,0.9238847494125366
YDL042C,YML014W,0,-1.5324683,0.09732265025377274,0.9940119981765747,0.9239848256111145
YER147C,YPR192W,0,-1.532978,0.09731314331293106,0.9940119981765747,0.9240848422050476
YGR109W-B,YMR270C,0,-1.5332854,0.09730363637208939,0.9940119981765747,0.9241848587989807
YDL208W,YNL099C,0,-1.5334731,0.09729412943124771,0.9940119981765747,0.9242848753929138
YIR028W,YNL001W,0,-1.5335321,0.09728462249040604,0.9940119981765747,0.9243848919868469
YKL135C,YER002W,0,-1.5338371,0.09727512300014496,0.9940119981765747,0.92448490858078
YBR182C,YMR189W,0,-1.534444,0.09726562350988388,0.9940119981765747,0.9245849251747131
YAR071W,YDR072C,0,-1.5353591,0.0972561240196228,0.9940119981765747,0.9246849417686462
YHR178W,YOL124C,0,-1.5362399,0.09724663197994232,0.9940119981765747,0.9247849583625793
YNL302C,YIL122W,0,-1.536768,0.09723713994026184,0.9940119981765747,0.9248849749565125
YGR280C,YDR144C,0,-1.5377564,0.09722764790058136,0.9940119981765747,0.9249849915504456
YLR410W-A,YDR084C,0,-1.5377828,0.09721815586090088,0.9940119981765747,0.9250850081443787
YOL031C,YDR382W,0,-1.5379176,0.0972086638212204,0.9940119981765747,0.9251850247383118
YBR186W,YHL009W-A,0,-1.5393431,0.09719917923212051,0.9940119981765747,0.9252850413322449
YGR109W-B,YHR164C,0,-1.5396262,0.09718969464302063,0.9940119981765747,0.925385057926178
YOR022C,YNL151C,0,-1.5396967,0.09718021005392075,0.9940119981765747,0.9254850745201111
YJR076C,YKR092C,0,-1.5420308,0.09717073291540146,0.9940119981765747,0.9255850911140442
YDR316W-A,YPL231W,0,-1.5424852,0.09716125577688217,0.9940119981765747,0.9256851077079773
YBR223C,YER061C,0,-1.5430801,0.09715177863836288,0.9940119981765747,0.9257851839065552
YLR287C-A,YAL038W,0,-1.5433251,0.0971423014998436,0.9940119981765747,0.9258852005004883
YIL073C,YOR046C,0,-1.5437882,0.09713282436132431,0.9940119981765747,0.9259852170944214
YBR093C,YPR058W,0,-1.5438823,0.09712335467338562,0.9940119981765747,0.9260852336883545
YDL039C,YBR288C,0,-1.5439763,0.09711388498544693,0.9940119981765747,0.9261852502822876
YJL148W,YMR090W,0,-1.54512,0.09710441529750824,0.9940119981765747,0.9262852668762207
YLR099C,YJR095W,0,-1.5456686,0.09709495306015015,0.9940119981765747,0.9263852834701538
YHR135C,YDL014W,0,-1.5457171,0.09708548337221146,0.9940119981765747,0.9264853000640869
YMR020W,YDR261W-B,0,-1.5460949,0.09707602113485336,0.9940119981765747,0.92658531665802
YMR049C,YNL220W,0,-1.5461857,0.09706656634807587,0.9940119981765747,0.9266853332519531
YJR057W,YML104C,0,-1.546488,0.09705710411071777,0.9940119981765747,0.9267853498458862
YFL057C,YDR210C-C,0,-1.5465317,0.09704764932394028,0.9940119981765747,0.9268853664398193
YNL151C,YIL103W,0,-1.5470264,0.09703819453716278,0.9940119981765747,0.9269853830337524
YGR027W-B,YKL038W,0,-1.5472164,0.09702873975038528,0.9940119981765747,0.9270853996276855
YAL061W,YER103W,0,-1.5473038,0.09701928496360779,0.9940119981765747,0.9271854162216187
YHR084W,YMR269W,0,-1.5478841,0.09700983762741089,0.9940119981765747,0.9272854328155518
YER137C-A,YOL152W,0,-1.5483675,0.09700039029121399,0.9940119981765747,0.9273854494094849
YPR107C,YOR142W-B,0,-1.5485129,0.09699094295501709,0.9940119981765747,0.9274855256080627
YER014C-A,YNL291C,0,-1.5497952,0.09698150306940079,0.9940119981765747,0.9275855422019958
YLR227W-B,YJL155C,0,-1.5499687,0.09697205573320389,0.9940119981765747,0.927685558795929
YLR327C,YHR044C,0,-1.5502759,0.09696261584758759,0.9940119981765747,0.9277855753898621
YLR002C,YDL004W,0,-1.5512576,0.09695317596197128,0.9940119981765747,0.9278855919837952
YNL197C,YIR034C,0,-1.5520549,0.09694374352693558,0.9940119981765747,0.9279856085777283
YNL299W,YHR034C,0,-1.55249,0.09693430364131927,0.9940119981765747,0.9280856251716614
YLR116W,YDR210W-A,0,-1.5535585,0.09692487120628357,0.9940119981765747,0.9281856417655945
YMR290C,YMR165C,0,-1.553902,0.09691543877124786,0.9940119981765747,0.9282856583595276
YOL123W,YMR051C,0,-1.5544248,0.09690601378679276,0.9940119981765747,0.9283856749534607
YHL009W-B,YPR201W,0,-1.5546175,0.09689658880233765,0.9940119981765747,0.9284856915473938
YJR147W,YOR084W,0,-1.5546864,0.09688715636730194,0.9940119981765747,0.9285857081413269
YPL112C,YMR238W,0,-1.5547061,0.09687773883342743,0.9940119981765747,0.92868572473526
YOL089C,YBR141C,0,-1.5550853,0.09686831384897232,0.9940119981765747,0.9287857413291931
YML045W-A,YOR057W,0,-1.5555979,0.09685889631509781,0.9940119981765747,0.9288857579231262
YOR210W,YDL045W-A,0,-1.5560194,0.0968494713306427,0.9940119981765747,0.9289857745170593
YKR056W,YDR432W,0,-1.5563636,0.09684006124734879,0.9940119981765747,0.9290857911109924
YOR224C,YBR014C,0,-1.5571648,0.09683064371347427,0.9940119981765747,0.9291858077049255
YLR154C,YHR141C,0,-1.5571799,0.09682123363018036,0.9940119981765747,0.9292858839035034
YNL232W,YPR101W,0,-1.5571909,0.09681181609630585,0.9940119981765747,0.9293859004974365
YGR161C-C,YNR044W,0,-1.5579163,0.09680241346359253,0.9940119981765747,0.9294859170913696
YMR200W,YNL284C-A,0,-1.5582191,0.09679300338029861,0.9940119981765747,0.9295859336853027
YDL110C,YOL127W,0,-1.5591263,0.0967836007475853,0.9940119981765747,0.9296859502792358
YPL192C,YGR161W-B,0,-1.5593607,0.09677419066429138,0.9940119981765747,0.929785966873169
YPL111W,YIL099W,0,-1.559715,0.09676478803157806,0.9940119981765747,0.929885983467102
YGR109W-B,YML027W,0,-1.5597568,0.09675539284944534,0.9940119981765747,0.9299860000610352
YDR541C,YDR261W-B,0,-1.5602024,0.09674599021673203,0.9940119981765747,0.9300860166549683
YNR011C,YGL031C,0,-1.5603251,0.0967365950345993,0.9940119981765747,0.9301860332489014
YOR304C-A,YDL049C,0,-1.5606283,0.09672719985246658,0.9940119981765747,0.9302860498428345
YNL014W,YCL034W,0,-1.5613396,0.09671781212091446,0.9940119981765747,0.9303860664367676
YDL028C,YPR118W,0,-1.5615151,0.09670841693878174,0.9940119981765747,0.9304860830307007
YLR009W,YGL168W,0,-1.5616065,0.09669902920722961,0.9940119981765747,0.9305860996246338
YDR478W,YOR061W,0,-1.5619965,0.09668964147567749,0.9940119981765747,0.9306861162185669
YPL183W-A,YML046W,0,-1.562048,0.09668025374412537,0.9940119981765747,0.9307861328125
YJL133W,YPL037C,0,-1.5633507,0.09667087346315384,0.9940119981765747,0.9308861494064331
YMR269W,YPR152C,0,-1.5637236,0.09666149318218231,0.9940119981765747,0.930986225605011
YKR101W,YGR090W,0,-1.5638691,0.09665211290121078,0.9940119981765747,0.9310862421989441
YNL224C,YOR343W-A,0,-1.5644846,0.09664273262023926,0.9940119981765747,0.9311862587928772
YJR161C,YFR007W,0,-1.564504,0.09663335233926773,0.9940119981765747,0.9312862753868103
YOR337W,YPL257W-A,0,-1.565382,0.0966239795088768,0.9940119981765747,0.9313862919807434
YKR046C,YPR137C-B,0,-1.565526,0.09661460667848587,0.9940119981765747,0.9314863085746765
YOR388C,YKL055C,0,-1.5656762,0.09660524129867554,0.9940119981765747,0.9315863251686096
YPR137C-B,YDL138W,0,-1.5659678,0.0965958684682846,0.9940119981765747,0.9316863417625427
YIL088C,YMR290C,0,-1.5662029,0.09658650308847427,0.9940119981765747,0.9317863583564758
YMR296C,YDL025C,0,-1.5665001,0.09657713770866394,0.9940119981765747,0.9318863749504089
YLL052C,YDR414C,0,-1.5671375,0.09656777232885361,0.9940119981765747,0.931986391544342
YGR027W-A,YJR013W,0,-1.5676898,0.09655840694904327,0.9940119981765747,0.9320864081382751
YNR045W,YOR210W,0,-1.5677104,0.09654904901981354,0.9940119981765747,0.9321864247322083
YFL002W-B,YKR061W,0,-1.5691223,0.0965396910905838,0.9940119981765747,0.9322864413261414
YLR164W,YKR067W,0,-1.5691595,0.09653033316135406,0.9940119981765747,0.9323864579200745
YDR245W,YPR080W,0,-1.569173,0.09652098268270493,0.9940119981765747,0.9324864745140076
YNL112W,YDR034C-D,0,-1.5691769,0.09651162475347519,0.9940119981765747,0.9325864911079407
YCL059C,YIL049W,0,-1.5700371,0.09650227427482605,0.9940119981765747,0.9326865077018738
YLR385C,YJR103W,0,-1.570755,0.09649293124675751,0.9940119981765747,0.9327865839004517
YHR061C,YNL259C,0,-1.5711248,0.09648358076810837,0.9940119981765747,0.9328866004943848
YPL110C,YMR269W,0,-1.5712229,0.09647423774003983,0.9940119981765747,0.9329866170883179
YHR036W,YHL012W,0,-1.5728786,0.09646489471197128,0.9940119981765747,0.933086633682251
YKR056W,YNR072W,0,-1.5730293,0.09645555168390274,0.9940119981765747,0.9331866502761841
YNL248C,YGR038C-B,0,-1.5730696,0.0964462086558342,0.9940119981765747,0.9332866668701172
YLR197W,YJL024C,0,-1.5734531,0.09643687307834625,0.9940119981765747,0.9333866834640503
YPL087W,YLL008W,0,-1.5737633,0.0964275375008583,0.9940119981765747,0.9334867000579834
YBL076C,YLR430W,0,-1.5738192,0.09641820192337036,0.9940119981765747,0.9335867166519165
YNL112W,YGL187C,0,-1.5741575,0.09640886634588242,0.9940119981765747,0.9336867332458496
YML074C,YOR343W-B,0,-1.5750692,0.09639953821897507,0.9940119981765747,0.9337867498397827
YML063W,YMR271C,0,-1.5755223,0.09639020264148712,0.9940119981765747,0.9338867664337158
YMR121C,YJR070C,0,-1.5760187,0.09638088196516037,0.9940119981765747,0.9339867830276489
YLL035W,YBR082C,0,-1.57844,0.09637155383825302,0.9940119981765747,0.934086799621582
YLR035C-A,YGR180C,0,-1.5791361,0.09636222571134567,0.9940119981765747,0.9341868162155151
YJL151C,YLR129W,0,-1.5791528,0.09635290503501892,0.9940119981765747,0.9342868328094482
YLR318W,YIL015W,0,-1.5793724,0.09634358435869217,0.9940119981765747,0.9343868494033813
YLR035C-A,YHR066W,0,-1.5803123,0.09633427113294601,0.9940119981765747,0.9344869256019592
YNL209W,YLR048W,0,-1.5805068,0.09632495045661926,0.9940119981765747,0.9345869421958923
YNL284C-A,YDR262W,0,-1.580581,0.09631563723087311,0.9940119981765747,0.9346869587898254
YDR167W,YOL028C,0,-1.5809188,0.09630632400512695,0.9940119981765747,0.9347869753837585
YOL088C,YHR052W,0,-1.5816147,0.0962970107793808,0.9940119981765747,0.9348869919776917
YDL049C,YDR456W,0,-1.5816147,0.09628770500421524,0.9940119981765747,0.9349870085716248
YCR068W,YER087C-B,0,-1.582535,0.09627839177846909,0.9940119981765747,0.9350870251655579
YHR167W,YLR256W-A,0,-1.583,0.09626908600330353,0.9940119981765747,0.935187041759491
YBL097W,YOR206W,0,-1.5833914,0.09625978767871857,0.9940119981765747,0.9352870583534241
YIL047C,YDR400W,0,-1.5836807,0.09625048190355301,0.9940119981765747,0.9353870749473572
YCL036W,YGL121C,0,-1.583777,0.09624118357896805,0.9940119981765747,0.9354870915412903
YER137C-A,YPR171W,0,-1.5839994,0.09623188525438309,0.9940119981765747,0.9355871081352234
YPL139C,YKL061W,0,-1.5842294,0.09622258692979813,0.9940119981765747,0.9356871247291565
YMR175W,YDL019C,1,-1.5844713,0.09630989283323288,0.9950099587440491,0.9356871247291565
YKR002W,YLL035W,0,-1.584862,0.09630058705806732,0.9950099587440491,0.9357871413230896
YPL094C,YDR210W-B,0,-1.5848942,0.09629128873348236,0.9950099587440491,0.9358871579170227
YMR023C,YLR438C-A,0,-1.585211,0.0962819904088974,0.9950099587440491,0.9359871745109558
YNL189W,YDR261C-D,0,-1.5862371,0.09627269208431244,0.9950099587440491,0.9360871911048889
YDL191W,YPL068C,0,-1.58671,0.09626339375972748,0.9950099587440491,0.936187207698822
YPL186C,YDL103C,0,-1.5868897,0.09625410288572311,0.9950099587440491,0.9362872838973999
YPR159W,YKR059W,0,-1.586909,0.09624481201171875,0.9950099587440491,0.936387300491333
YNL242W,YGL099W,0,-1.5870265,0.09623552113771439,0.9950099587440491,0.9364873170852661
YBR042C,YOL028C,0,-1.5883682,0.09622623026371002,0.9950099587440491,0.9365873336791992
YOL141W,YFL047W,0,-1.5887442,0.09621694684028625,0.9950099587440491,0.9366873502731323
YDL028C,YER110C,0,-1.5894277,0.09620766341686249,0.9950099587440491,0.9367873668670654
YGL103W,YIL047C,0,-1.5894394,0.09619837999343872,0.9950099587440491,0.9368873834609985
YER087C-B,YOR196C,0,-1.5897133,0.09618909657001495,0.9950099587440491,0.9369874000549316
YDL130W-A,YBL098W,0,-1.5903244,0.09617982059717178,0.9950099587440491,0.9370874166488647
YFL002W-B,YER130C,0,-1.5915327,0.09617054462432861,0.9950099587440491,0.9371874332427979
YBR092C,YKL042W,0,-1.592727,0.09616126865148544,0.9950099587440491,0.937287449836731
YPL111W,YJL190C,0,-1.5947254,0.09615199267864227,0.9950099587440491,0.9373874664306641
YIR012W,YDR311W,0,-1.59537,0.0961427167057991,0.9950099587440491,0.9374874830245972
YDL074C,YDR052C,0,-1.5954263,0.09613344818353653,0.9950099587440491,0.9375874996185303
YBR133C,YNL110C,0,-1.5959337,0.09612417966127396,0.9950099587440491,0.9376875162124634
YFL002W-B,YBR145W,0,-1.5960085,0.09611491113901138,0.9950099587440491,0.9377875328063965
YER164W,YEL040W,0,-1.5960456,0.0961056500673294,0.9950099587440491,0.9378875494003296
YMR194W,YNR046W,0,-1.5963364,0.09609638899564743,0.9950099587440491,0.9379876255989075
YKR103W,YOL103W-B,0,-1.5965005,0.09608712047338486,0.9950099587440491,0.9380876421928406
YJR137C,YGR109W-B,0,-1.597231,0.09607786685228348,0.9950099587440491,0.9381876587867737
YFR021W,YJL056C,0,-1.5974822,0.0960686057806015,0.9950099587440491,0.9382876753807068
YBR282W,YHR066W,0,-1.5983472,0.09605935215950012,0.9950099587440491,0.9383876919746399
YDR034C-C,YDR062W,0,-1.5985197,0.09605009853839874,0.9950099587440491,0.938487708568573
YJL090C,YNR067C,0,-1.5987709,0.09604084491729736,0.9950099587440491,0.9385877251625061
YOR192C-A,YGL256W,0,-1.5988337,0.09603159129619598,0.9950099587440491,0.9386877417564392
YPR158W-A,YKL055C,0,-1.5988605,0.0960223451256752,0.9950099587440491,0.9387877583503723
YLR256W-A,YHR004C,0,-1.5992312,0.09601309895515442,0.9950099587440491,0.9388877749443054
YDR137W,YLR372W,0,-1.6003644,0.09600385278463364,0.9950099587440491,0.9389877915382385
YGL170C,YPR187W,0,-1.6006647,0.09599460661411285,0.9950099587440491,0.9390878081321716
YAL039C,YGR101W,0,-1.6008236,0.09598536789417267,0.9950099587440491,0.9391878247261047
YDL245C,YLR383W,0,-1.6008525,0.09597612917423248,0.9950099587440491,0.9392878413200378
YKL125W,YBL045C,0,-1.6010575,0.0959668904542923,0.9950099587440491,0.939387857913971
YML123C,YGL224C,0,-1.6016123,0.09595765173435211,0.9950099587440491,0.939487874507904
YPR137W,YHR121W,0,-1.6021523,0.09594842046499252,0.9950099587440491,0.9395878911018372
YBR021W,YIL113W,0,-1.602986,0.09593918174505234,0.9950099587440491,0.939687967300415
YJL102W,YHR215W,0,-1.6031406,0.09592995047569275,0.9950099587440491,0.9397879838943481
YNL248C,YDR116C,0,-1.6039361,0.09592072665691376,0.9950099587440491,0.9398880004882812
YKL181W,YGR008C,0,-1.6040733,0.09591149538755417,0.9950099587440491,0.9399880170822144
YFR001W,YML046W,0,-1.6048565,0.09590227156877518,0.9950099587440491,0.9400880336761475
YDR402C,YBR105C,0,-1.6058038,0.09589304774999619,0.9950099587440491,0.9401880502700806
YFR032C-A,YJL124C,0,-1.6070943,0.0958838239312172,0.9950099587440491,0.9402880668640137
YDR506C,YCR010C,0,-1.6076586,0.0958746001124382,0.9950099587440491,0.9403880834579468
YGR277C,YNL311C,0,-1.6081142,0.09586538374423981,0.9950099587440491,0.9404881000518799
YGL244W,YGL169W,0,-1.6082419,0.09585616737604141,0.9950099587440491,0.940588116645813
YAL003W,YKR071C,0,-1.608422,0.09584695100784302,0.9950099587440491,0.9406881332397461
YNL053W,YHR010W,0,-1.6086264,0.09583774209022522,0.9950099587440491,0.9407881498336792
YIL128W,YJL145W,0,-1.6091129,0.09582852572202682,0.9950099587440491,0.9408881664276123
YBR040W,YGR067C,0,-1.6097982,0.09581931680440903,0.9950099587440491,0.9409881830215454
YHR029C,YBR050C,0,-1.6101704,0.09581010788679123,0.9950099587440491,0.9410881996154785
YHR099W,YPL050C,0,-1.611187,0.09580090641975403,0.9950099587440491,0.9411882162094116
YDR507C,YFL002W-B,0,-1.6119678,0.09579169750213623,0.9950099587440491,0.9412882328033447
YPL257W-B,YGR104C,0,-1.6123903,0.09578249603509903,0.9950099587440491,0.9413882493972778
YPR032W,YCR037C,0,-1.612575,0.09577329456806183,0.9950099587440491,0.9414883255958557
YFL002W-B,YAL021C,0,-1.6126194,0.09576409310102463,0.9950099587440491,0.9415883421897888
YDR020C,YER148W,0,-1.6128857,0.09575489908456802,0.9950099587440491,0.9416883587837219
YBL002W,YKL038W,0,-1.6131475,0.09574570506811142,0.9950099587440491,0.941788375377655
YLR157C-A,YOR344C,0,-1.6138022,0.09573651105165482,0.9950099587440491,0.9418883919715881
YBL046W,YGR214W,0,-1.6139235,0.09572731703519821,0.9950099587440491,0.9419884085655212
YLR398C,YDR153C,0,-1.6141074,0.09571812301874161,0.9950099587440491,0.9420884251594543
YPR145W,YMR014W,0,-1.6143516,0.0957089364528656,0.9950099587440491,0.9421884417533875
YJL109C,YPR091C,0,-1.6145796,0.0956997498869896,0.9950099587440491,0.9422884583473206
YLR158C,YPR138C,0,-1.6147342,0.09569056332111359,0.9950099587440491,0.9423884749412537
YPL257W-A,YMR020W,0,-1.6153059,0.09568138420581818,0.9950099587440491,0.9424884915351868
YJL198W,YOR297C,0,-1.6171921,0.09567219763994217,0.9950099587440491,0.9425885081291199
YDR363W,YOL103W-B,0,-1.6178188,0.09566301852464676,0.9950099587440491,0.942688524723053
YFL017W-A,YOR255W,0,-1.6182581,0.09565383940935135,0.9950099587440491,0.9427885413169861
YDR501W,YER036C,0,-1.6183205,0.09564466774463654,0.9950099587440491,0.9428885579109192
YPR020W,YGL245W,0,-1.6183591,0.09563548862934113,0.9950099587440491,0.9429885745048523
YMR175W,YKR003W,1,-1.6193683,0.09572223573923111,0.9960079789161682,0.9429885745048523
YKL148C,YDL021W,0,-1.6198025,0.0957130491733551,0.9960079789161682,0.9430885910987854
YPR023C,YDL014W,0,-1.6219529,0.09570387750864029,0.9960079789161682,0.9431886672973633
YDL136W,YOR175C,0,-1.624799,0.09569469839334488,0.9960079789161682,0.9432886838912964
YLR158C,YDR354W,0,-1.6248049,0.09568551927804947,0.9960079789161682,0.9433887004852295
YGL216W,YBR002C,0,-1.6250291,0.09567634761333466,0.9960079789161682,0.9434887170791626
YDR022C,YHR086W,0,-1.625184,0.09566717594861984,0.9960079789161682,0.9435887336730957
YOR025W,YKR038C,0,-1.6251893,0.09565801173448563,0.9960079789161682,0.9436887502670288
YHL018W,YKL004W,0,-1.6253502,0.09564884006977081,0.9960079789161682,0.9437887668609619
YML028W,YOR344C,0,-1.6259656,0.0956396758556366,0.9960079789161682,0.943888783454895
YHR214C-B,YBR084W,0,-1.6264473,0.09563051164150238,0.9960079789161682,0.9439888000488281
YLR002C,YMR135C,0,-1.6266351,0.09562134742736816,0.9960079789161682,0.9440888166427612
YNR057C,YNR012W,0,-1.6281781,0.09561218321323395,0.9960079789161682,0.9441888332366943
YJL114W,YDR322C-A,0,-1.6282268,0.09560302644968033,0.9960079789161682,0.9442888498306274
YNL075W,YLR160C,0,-1.6283612,0.09559386968612671,0.9960079789161682,0.9443888664245605
YLL045C,YGR148C,0,-1.6284063,0.09558471292257309,0.9960079789161682,0.9444888830184937
YML085C,YER159C-A,0,-1.628618,0.09557556360960007,0.9960079789161682,0.9445888996124268
YIL171W,YOL077C,0,-1.6293368,0.09556640684604645,0.9960079789161682,0.9446889162063599
YOR098C,YIL079C,0,-1.6294577,0.09555725753307343,0.9960079789161682,0.944788932800293
YBR031W,YML099C,0,-1.6294843,0.0955481082201004,0.9960079789161682,0.9448889493942261
YNL127W,YJL028W,0,-1.6297677,0.09553895890712738,0.9960079789161682,0.944989025592804
YNL087W,YDL067C,0,-1.63027,0.09552981704473495,0.9960079789161682,0.9450890421867371
YDR440W,YOR046C,0,-1.63098,0.09552067518234253,0.9960079789161682,0.9451890587806702
YBL027W,YNL095C,0,-1.6310111,0.0955115333199501,0.9960079789161682,0.9452890753746033
YLR410W-A,YGR169C,0,-1.6316612,0.09550239145755768,0.9960079789161682,0.9453890919685364
YCL030C,YDR195W,0,-1.6317185,0.09549325704574585,0.9960079789161682,0.9454891085624695
YOL112W,YDR261C-D,0,-1.6317327,0.09548411518335342,0.9960079789161682,0.9455891251564026
YLR106C,YMR240C,0,-1.6318635,0.0954749807715416,0.9960079789161682,0.9456891417503357
YKL088W,YFR046C,0,-1.6318831,0.09546585381031036,0.9960079789161682,0.9457891583442688
YGR140W,YMR312W,0,-1.6327167,0.09545671939849854,0.9960079789161682,0.9458891749382019
YMR006C,YMR189W,0,-1.6351956,0.0954475924372673,0.9960079789161682,0.945989191532135
YOR216C,YGR161C-C,0,-1.6354653,0.09543846547603607,0.9960079789161682,0.9460892081260681
YHL009W-B,YPL249C-A,0,-1.6364753,0.09542933851480484,0.9960079789161682,0.9461892247200012
YJL108C,YPL213W,0,-1.6372118,0.09542021155357361,0.9960079789161682,0.9462892413139343
YNL110C,YDL132W,0,-1.637603,0.09541109204292297,0.9960079789161682,0.9463892579078674
YNL163C,YOR168W,0,-1.6379018,0.09540197253227234,0.9960079789161682,0.9464892745018005
YBR213W,YIL170W,0,-1.6380314,0.0953928530216217,0.9960079789161682,0.9465892910957336
YMR182C,YKR092C,0,-1.6384287,0.09538373351097107,0.9960079789161682,0.9466893672943115
YDR034C-D,YPR171W,0,-1.6385264,0.09537462145090103,0.9960079789161682,0.9467893838882446
YER045C,YNR056C,0,-1.6389207,0.0953655019402504,0.9960079789161682,0.9468894004821777
YGL059W,YOR315W,0,-1.6391175,0.09535638988018036,0.9960079789161682,0.9469894170761108
YHR207C,YLR157C-B,0,-1.6394732,0.09534728527069092,0.9960079789161682,0.947089433670044
YLR035C-A,YAL024C,0,-1.6395726,0.09533817321062088,0.9960079789161682,0.947189450263977
YJR016C,YLL038C,0,-1.6395863,0.09532906860113144,0.9960079789161682,0.9472894668579102
YJR147W,YKR056W,0,-1.6396544,0.095319963991642,0.9960079789161682,0.9473894834518433
YML029W,YGL033W,0,-1.6397822,0.09531085938215256,0.9960079789161682,0.9474895000457764
YOR214C,YNL280C,0,-1.6399652,0.09530175477266312,0.9960079789161682,0.9475895166397095
YCR072C,YGL220W,0,-1.6407297,0.09529265761375427,0.9960079789161682,0.9476895332336426
YMR075W,YOR142W-B,0,-1.6414227,0.09528356045484543,0.9960079789161682,0.9477895498275757
YLR035C-A,YBR251W,0,-1.6420413,0.09527446329593658,0.9960079789161682,0.9478895664215088
YOR343W-B,YPR066W,0,-1.6420871,0.09526536613702774,0.9960079789161682,0.9479895830154419
YKL107W,YEL031W,0,-1.642772,0.0952562764286995,0.9960079789161682,0.948089599609375
YJR070C,YIL105C,0,-1.6440105,0.09524718672037125,0.9960079789161682,0.9481896162033081
YDR489W,YDR492W,0,-1.6442126,0.095238097012043,0.9960079789161682,0.9482896327972412
YDL174C,YFL037W,0,-1.6442604,0.09522900730371475,0.9960079789161682,0.9483896493911743
YNL245C,YMR094W,0,-1.6448479,0.0952199250459671,0.9960079789161682,0.9484897255897522
YMR173W,YDR170W-A,0,-1.6450869,0.09521083533763885,0.9960079789161682,0.9485897421836853
YDR511W,YDL021W,0,-1.6455925,0.0952017530798912,0.9960079789161682,0.9486897587776184
YJR160C,YJL097W,0,-1.6464546,0.09519267827272415,0.9960079789161682,0.9487897753715515
YPR060C,YGR264C,0,-1.6479557,0.0951835960149765,0.9960079789161682,0.9488897919654846
YML051W,YHL009W-B,0,-1.6481359,0.09517452120780945,0.9960079789161682,0.9489898085594177
YDR523C,YGL002W,0,-1.6496115,0.0951654464006424,0.9960079789161682,0.9490898251533508
YPL090C,YMR223W,0,-1.6506886,0.09515637159347534,0.9960079789161682,0.9491898417472839
YMR045C,YPL194W,0,-1.651346,0.09514729678630829,0.9960079789161682,0.949289858341217
YLL042C,YOR310C,0,-1.6525412,0.09513822942972183,0.9960079789161682,0.9493898749351501
YJR101W,YHL009W-A,0,-1.6531467,0.09512915462255478,0.9960079789161682,0.9494898915290833
YBR296C,YOR014W,0,-1.6543493,0.09512009471654892,0.9960079789161682,0.9495899081230164
YDR034C-C,YNL330C,0,-1.655153,0.09511102735996246,0.9960079789161682,0.9496899247169495
YDL075W,YPR006C,0,-1.655375,0.09510196000337601,0.9960079789161682,0.9497899413108826
YGR159C,YOR057W,0,-1.655663,0.09509290009737015,0.9960079789161682,0.9498899579048157
YNR003C,YMR122W-A,0,-1.6557279,0.09508384019136429,0.9960079789161682,0.9499899744987488
YDR489W,YAL035W,0,-1.6561456,0.09507478028535843,0.9960079789161682,0.9500899910926819
YFL034C-A,YDR400W,0,-1.6565841,0.09506572782993317,0.9960079789161682,0.9501900672912598
YJL114W,YLR325C,0,-1.6571755,0.0950566753745079,0.9960079789161682,0.9502900838851929
YER006W,YNL154C,0,-1.6577909,0.09504761546850204,0.9960079789161682,0.950390100479126
YHR099W,YLR340W,0,-1.6585791,0.09503857046365738,0.9960079789161682,0.9504901170730591
YBR021W,YLR216C,0,-1.659747,0.09502951800823212,0.9960079789161682,0.9505901336669922
YCL063W,YLR448W,0,-1.6600322,0.09502047300338745,0.9960079789161682,0.9506901502609253
YER184C,YMR229C,0,-1.6608205,0.09501142054796219,0.9960079789161682,0.9507901668548584
YJL082W,YHR203C,0,-1.6614089,0.09500238299369812,0.9960079789161682,0.9508901834487915
YLR297W,YPR163C,0,-1.6632239,0.09499333798885345,0.9960079789161682,0.9509902000427246
YOL120C,YJL056C,0,-1.6636226,0.09498429298400879,0.9960079789161682,0.9510902166366577
YIR012W,YDL010W,0,-1.6668367,0.09497525542974472,0.9960079789161682,0.9511902332305908
YLR340W,YOL091W,0,-1.6668488,0.09496621787548065,0.9960079789161682,0.9512902498245239
YNR012W,YLR157C-B,0,-1.6681492,0.09495718032121658,0.9960079789161682,0.951390266418457
YNR046W,YHR010W,0,-1.6683853,0.09494815021753311,0.9960079789161682,0.9514902830123901
YDR478W,YMR115W,0,-1.6692352,0.09493912011384964,0.9960079789161682,0.9515902996063232
YOR098C,YHR178W,0,-1.6706314,0.09493009001016617,0.9960079789161682,0.9516903162002563
YCL026C-A,YOL044W,0,-1.6707671,0.0949210599064827,0.9960079789161682,0.9517903327941895
YCR068W,YIR036C,0,-1.6715096,0.09491202980279922,0.9960079789161682,0.9518903493881226
YIL131C,YLR325C,0,-1.6718417,0.09490300714969635,0.9960079789161682,0.9519904255867004
YIL159W,YBR092C,0,-1.6720655,0.09489398449659348,0.9960079789161682,0.9520904421806335
YCL026C-A,YIR013C,0,-1.6725187,0.0948849618434906,0.9960079789161682,0.9521904587745667
YBR004C,YGL259W,0,-1.6731408,0.09487593919038773,0.9960079789161682,0.9522904753684998
YMR159C,YER171W,0,-1.6736534,0.09486691653728485,0.9960079789161682,0.9523904919624329
YKR060W,YIL103W,0,-1.6745484,0.09485790133476257,0.9960079789161682,0.952490508556366
YDL039C,YDR013W,0,-1.675359,0.0948488861322403,0.9960079789161682,0.9525905251502991
YLR178C,YNL071W,1,-1.6767192,0.09493490308523178,0.9970059990882874,0.9525905251502991
YDR342C,YDR529C,0,-1.6771334,0.0949258804321289,0.9970059990882874,0.9526905417442322
YHR027C,YPR192W,0,-1.6777667,0.09491686522960663,0.9970059990882874,0.9527905583381653
YHR135C,YJR097W,0,-1.678131,0.09490785002708435,0.9970059990882874,0.9528905749320984
YHR051W,YHR141C,0,-1.6786337,0.09489883482456207,0.9970059990882874,0.9529905915260315
YNL117W,YGR086C,0,-1.6788703,0.0948898196220398,0.9970059990882874,0.9530906081199646
YOR192C-B,YNL090W,0,-1.679248,0.09488080441951752,0.9970059990882874,0.9531906247138977
YLL015W,YGR161C-C,0,-1.6794376,0.09487179666757584,0.9970059990882874,0.9532906413078308
YDL036C,YLL009C,0,-1.6802301,0.09486278891563416,0.9970059990882874,0.9533906579017639
YDR101C,YHR094C,0,-1.6816123,0.09485378116369247,0.9970059990882874,0.953490674495697
YHR179W,YOR255W,0,-1.6817904,0.0948447734117508,0.9970059990882874,0.9535906910896301
YJR097W,YBR260C,0,-1.6818573,0.09483577311038971,0.9970059990882874,0.953690767288208
YML058W,YFL024C,0,-1.6824611,0.09482676535844803,0.9970059990882874,0.9537907838821411
YPR101W,YMR316W,0,-1.6831839,0.09481776505708694,0.9970059990882874,0.9538908004760742
YOR095C,YFR045W,0,-1.6834294,0.09480877220630646,0.9970059990882874,0.9539908170700073
YDR097C,YAR066W,0,-1.6836256,0.09479977190494537,0.9970059990882874,0.9540908336639404
YLR013W,YAL025C,0,-1.6837679,0.09479077905416489,0.9970059990882874,0.9541908502578735
YDR216W,YMR319C,0,-1.684248,0.0947817862033844,0.9970059990882874,0.9542908668518066
YJR064W,YBR296C,0,-1.6848996,0.09477279335260391,0.9970059990882874,0.9543908834457397
YPL249C-A,YCR093W,0,-1.6849276,0.09476380050182343,0.9970059990882874,0.9544909000396729
YDR060W,YBR006W,0,-1.6850734,0.09475481510162354,0.9970059990882874,0.954590916633606
YLR265C,YDL174C,0,-1.6854758,0.09474582970142365,0.9970059990882874,0.9546909332275391
YCR010C,YOR043W,0,-1.686753,0.09473684430122375,0.9970059990882874,0.9547909498214722
YGR156W,YOR206W,0,-1.6870439,0.09472785890102386,0.9970059990882874,0.9548909664154053
YAL063C,YGR038C-B,0,-1.6877431,0.09471888095140457,0.9970059990882874,0.9549909830093384
YIL020C,YOR298W,0,-1.6880913,0.09470989555120468,0.9970059990882874,0.9550909996032715
YDR485C,YNL113W,0,-1.6887844,0.09470091760158539,0.9970059990882874,0.9551910161972046
YIL091C,YOR151C,0,-1.6888877,0.0946919396519661,0.9970059990882874,0.9552910327911377
YJL148W,YMR172W,0,-1.6889424,0.0946829691529274,0.9970059990882874,0.9553910493850708
YGR239C,YML052W,0,-1.6907823,0.0946739986538887,0.9970059990882874,0.9554911255836487
YCR057C,YMR190C,0,-1.6928701,0.09466502070426941,0.9970059990882874,0.9555911421775818
YOL156W,YKL144C,0,-1.6941118,0.09465605765581131,0.9970059990882874,0.9556911587715149
YOR224C,YDR186C,0,-1.6946377,0.09464708715677261,0.9970059990882874,0.955791175365448
YER001W,YDR065W,0,-1.6956396,0.09463812410831451,0.9970059990882874,0.9558911919593811
YMR277W,YNL207W,0,-1.696902,0.09462915360927582,0.9970059990882874,0.9559912085533142
YGL054C,YAR066W,0,-1.698302,0.09462019056081772,0.9970059990882874,0.9560912251472473
YER036C,YPL118W,0,-1.6989363,0.09461123496294022,0.9970059990882874,0.9561912417411804
YDL191W,YBR012W-A,0,-1.7010972,0.09460227191448212,0.9970059990882874,0.9562912583351135
YOR351C,YOL124C,0,-1.7011868,0.09459331631660461,0.9970059990882874,0.9563912749290466
YOL145C,YLL035W,0,-1.7012513,0.09458436071872711,0.9970059990882874,0.9564912915229797
YJL189W,YDR291W,0,-1.7013643,0.09457540512084961,0.9970059990882874,0.9565913081169128
YPR163C,YNL202W,0,-1.7015898,0.0945664495229721,0.9970059990882874,0.956691324710846
YCL074W,YGR279C,0,-1.7020953,0.0945575013756752,0.9970059990882874,0.956791341304779
YJL102W,YEL026W,0,-1.7034864,0.0945485532283783,0.9970059990882874,0.9568913578987122
YER138C,YBR106W,0,-1.7036201,0.09453960508108139,0.9970059990882874,0.9569913744926453
YBR010W,YBL039C,0,-1.703994,0.09453065693378448,0.9970059990882874,0.9570913910865784
YCL075W,YCL027W,0,-1.7047881,0.09452171623706818,0.9970059990882874,0.9571914672851562
YLR256W-A,YPL111W,0,-1.7048447,0.09451277554035187,0.9970059990882874,0.9572914838790894
YDL039C,YGL174W,0,-1.7053424,0.09450383484363556,0.9970059990882874,0.9573915004730225
YBL039C,YKL018W,0,-1.7059431,0.09449489414691925,0.9970059990882874,0.9574915170669556
YIL158W,YGR257C,0,-1.7064245,0.09448595345020294,0.9970059990882874,0.9575915336608887
YNL210W,YKL007W,0,-1.7070667,0.09447702020406723,0.9970059990882874,0.9576915502548218
YPR026W,YDR116C,0,-1.7072105,0.09446808695793152,0.9970059990882874,0.9577915668487549
YDL133C-A,YGR220C,0,-1.7075464,0.0944591537117958,0.9970059990882874,0.957891583442688
YLR157C-B,YLL029W,0,-1.7077314,0.0944502204656601,0.9970059990882874,0.9579916000366211
YNL175C,YCR027C,0,-1.7080221,0.09444129467010498,0.9970059990882874,0.9580916166305542
YBR061C,YOR371C,0,-1.708651,0.09443236887454987,0.9970059990882874,0.9581916332244873
YOR337W,YBL099W,0,-1.7089138,0.09442344307899475,0.9970059990882874,0.9582916498184204
YER048W-A,YGR049W,0,-1.7106687,0.09441451728343964,0.9970059990882874,0.9583916664123535
YER106W,YOR349W,0,-1.7126031,0.09440559148788452,0.9970059990882874,0.9584916830062866
YOR020C,YFL002W-A,0,-1.7126952,0.09439667314291,0.9970059990882874,0.9585916996002197
YJL164C,YLR157C-B,0,-1.7132332,0.09438775479793549,0.9970059990882874,0.9586917161941528
YPR096C,YLR441C,0,-1.7138562,0.09437883645296097,0.9970059990882874,0.9587917327880859
YIL110W,YDL014W,0,-1.7142425,0.09436992555856705,0.9970059990882874,0.958891749382019
YKL154W,YDR184C,0,-1.714292,0.09436100721359253,0.9970059990882874,0.9589918255805969
YDR409W,YNL311C,0,-1.7144628,0.09435209631919861,0.9970059990882874,0.95909184217453
YDR466W,YKR092C,0,-1.7146012,0.09434318542480469,0.9970059990882874,0.9591918587684631
YPR112C,YHR109W,0,-1.7151467,0.09433427453041077,0.9970059990882874,0.9592918753623962
YGR092W,YFL002W-B,0,-1.7158971,0.09432537108659744,0.9970059990882874,0.9593918919563293
YDR043C,YJL148W,0,-1.717005,0.09431646764278412,0.9970059990882874,0.9594919085502625
YAR071W,YDL214C,0,-1.7176849,0.0943075641989708,0.9970059990882874,0.9595919251441956
YNL096C,YHR007C,0,-1.7207181,0.09429866075515747,0.9970059990882874,0.9596919417381287
YJL136C,YHL016C,0,-1.7214851,0.09428975731134415,0.9970059990882874,0.9597919583320618
YPL095C,YJL160C,0,-1.7227685,0.09428086131811142,0.9970059990882874,0.9598919749259949
YDR450W,YMR046C,0,-1.7233151,0.09427196532487869,0.9970059990882874,0.959991991519928
YPL064C,YMR217W,0,-1.7245101,0.09426306933164597,0.9970059990882874,0.9600920081138611
YBR282W,YPL038W,0,-1.72456,0.09425417333841324,0.9970059990882874,0.9601920247077942
YDL150W,YER148W,0,-1.7249733,0.09424528479576111,0.9970059990882874,0.9602920413017273
YJL200C,YPL143W,0,-1.7256961,0.09423639625310898,0.9970059990882874,0.9603920578956604
YGR194C,YNL134C,0,-1.7262183,0.09422750771045685,0.9970059990882874,0.9604920744895935
YCL026C-A,YER011W,0,-1.7265998,0.09421861916780472,0.9970059990882874,0.9605920910835266
YDR206W,YLR325C,0,-1.7266994,0.09420973062515259,0.9970059990882874,0.9606921672821045
YBL039C,YPR020W,0,-1.7268796,0.09420084953308105,0.9970059990882874,0.9607921838760376
YBR167C,YNL311C,0,-1.7270399,0.09419196844100952,0.9970059990882874,0.9608922004699707
YBR175W,YER049W,0,-1.7275794,0.09418308734893799,0.9970059990882874,0.9609922170639038
YLR406C,YOL113W,0,-1.7282083,0.09417420625686646,0.9970059990882874,0.9610922336578369
YOR075W,YER049W,0,-1.7295632,0.09416533261537552,0.9970059990882874,0.96119225025177
YHL032C,YEL011W,0,-1.729734,0.09415645897388458,0.9970059990882874,0.9612922668457031
YER151C,YDR184C,0,-1.7301114,0.09414758533239365,0.9970059990882874,0.9613922834396362
YLR359W,YGR140W,0,-1.730768,0.09413871169090271,0.9970059990882874,0.9614923000335693
YDR299W,YOL137W,0,-1.7308657,0.09412983804941177,0.9970059990882874,0.9615923166275024
YBR120C,YHL033C,0,-1.7317232,0.09412097185850143,0.9970059990882874,0.9616923332214355
YPR144C,YDR368W,0,-1.7319614,0.0941121056675911,0.9970059990882874,0.9617923498153687
YKL012W,YLR129W,0,-1.7349702,0.09410323947668076,0.9970059990882874,0.9618923664093018
YGR096W,YER137C-A,0,-1.7363245,0.09409437328577042,0.9970059990882874,0.9619923830032349
YER070W,YNL220W,0,-1.7377496,0.09408551454544067,0.9970059990882874,0.962092399597168
YOR237W,YLR344W,0,-1.7378293,0.09407665580511093,0.9970059990882874,0.9621924161911011
YNL224C,YPL024W,0,-1.7406845,0.09406779706478119,0.9970059990882874,0.9622924327850342
YDR492W,YNL077W,0,-1.7408032,0.09405893832445145,0.9970059990882874,0.9623924493789673
YFR032C-A,YOL149W,0,-1.7415328,0.0940500870347023,0.9970059990882874,0.9624925255775452
YGR006W,YLR341W,0,-1.7419338,0.09404122829437256,0.9970059990882874,0.9625925421714783
YOL034W,YDR341C,0,-1.7435281,0.09403237700462341,0.9970059990882874,0.9626925587654114
YDR237W,YDR324C,0,-1.7443764,0.09402352571487427,0.9970059990882874,0.9627925753593445
YPL226W,YPR196W,0,-1.744539,0.09401468187570572,0.9970059990882874,0.9628925919532776
YDR530C,YPR144C,0,-1.7470605,0.09400583058595657,0.9970059990882874,0.9629926085472107
YIL158W,YPR168W,0,-1.7475591,0.09399698674678802,0.9970059990882874,0.9630926251411438
YKL156W,YNL330C,0,-1.7478929,0.09398814290761948,0.9970059990882874,0.9631926417350769
YKL212W,YHR089C,0,-1.7482111,0.09397930651903152,0.9970059990882874,0.96329265832901
YER065C,YGR166W,0,-1.7482932,0.09397046267986298,0.9970059990882874,0.9633926749229431
YOR224C,YBR050C,0,-1.748904,0.09396162629127502,0.9970059990882874,0.9634926915168762
YNL002C,YER125W,0,-1.7498381,0.09395278990268707,0.9970059990882874,0.9635927081108093
YKL056C,YGR134W,0,-1.7503365,0.09394395351409912,0.9970059990882874,0.9636927247047424
YLR298C,YPR164W,0,-1.7511995,0.09393511712551117,0.9970059990882874,0.9637927412986755
YBL045C,YKL056C,0,-1.7515488,0.09392628818750381,0.9970059990882874,0.9638927578926086
YKL082C,YNR002C,0,-1.7551662,0.09391745924949646,0.9970059990882874,0.9639927744865417
YDR206W,YPR171W,0,-1.7552605,0.0939086303114891,0.9970059990882874,0.9640927910804749
YKL143W,YBL019W,0,-1.7556043,0.09389980137348175,0.9970059990882874,0.9641928672790527
YDR210W-A,YPR158W-A,0,-1.7559593,0.09389097988605499,0.9970059990882874,0.9642928838729858
YOL125W,YLR410W-A,0,-1.7561332,0.09388215094804764,0.9970059990882874,0.964392900466919
YBR135W,YKL206C,0,-1.7566429,0.09387332946062088,0.9970059990882874,0.964492917060852
YLR340W,YGR028W,0,-1.7567157,0.09386451542377472,0.9970059990882874,0.9645929336547852
YOR202W,YGL033W,0,-1.7571349,0.09385569393634796,0.9970059990882874,0.9646929502487183
YLR071C,YHR085W,0,-1.7580674,0.0938468798995018,0.9970059990882874,0.9647929668426514
YGR162W,YDR214W,0,-1.7581725,0.09383805841207504,0.9970059990882874,0.9648929834365845
YPL167C,YPL266W,0,-1.7582365,0.09382924437522888,0.9970059990882874,0.9649930000305176
YIL078W,YNL015W,0,-1.7599177,0.09382043778896332,0.9970059990882874,0.9650930166244507
YKR078W,YDR323C,1,-1.759949,0.09390553086996078,0.9980040192604065,0.9650930166244507
YFR001W,YNL323W,0,-1.7609608,0.09389671683311462,0.9980040192604065,0.9651930332183838
YPR186C,YDR267C,0,-1.7610888,0.09388789534568787,0.9980040192604065,0.9652930498123169
YCL074W,YML073C,0,-1.7617613,0.0938790813088417,0.9980040192604065,0.96539306640625
YOL004W,YLR341W,0,-1.7619694,0.09387027472257614,0.9980040192604065,0.9654930830001831
YBL091C-A,YMR139W,0,-1.7627118,0.09386146068572998,0.9980040192604065,0.9655930995941162
YLR318W,YGL220W,0,-1.7630832,0.09385265409946442,0.9980040192604065,0.9656931161880493
YIL091C,YGR264C,0,-1.7648213,0.09384384751319885,0.9980040192604065,0.9657931327819824
YML063W,YPR030W,0,-1.7668476,0.09383504092693329,0.9980040192604065,0.9658931493759155
YPR145W,YKL172W,0,-1.7673941,0.09382623434066772,0.9980040192604065,0.9659932255744934
YJL116C,YOR384W,0,-1.7685068,0.09381742775440216,0.9980040192604065,0.9660932421684265
YDL166C,YOL123W,0,-1.7688533,0.0938086286187172,0.9980040192604065,0.9661932587623596
YBL092W,YGL180W,0,-1.7703298,0.09379982948303223,0.9980040192604065,0.9662932753562927
YGR081C,YPR171W,0,-1.770338,0.09379103034734726,0.9980040192604065,0.9663932919502258
YJL190C,YHL016C,0,-1.7704535,0.09378223866224289,0.9980040192604065,0.9664933085441589
YAL035W,YJR158W,0,-1.7708513,0.09377344697713852,0.9980040192604065,0.966593325138092
YMR011W,YAL024C,0,-1.771131,0.09376464784145355,0.9980040192604065,0.9666933417320251
YPL132W,YBR214W,0,-1.7721022,0.09375585615634918,0.9980040192604065,0.9667933583259583
YER036C,YHR066W,0,-1.7729104,0.09374707192182541,0.9980040192604065,0.9668933749198914
YGR285C,YDR147W,0,-1.7729397,0.09373828023672104,0.9980040192604065,0.9669933915138245
YHR186C,YMR042W,0,-1.7752894,0.09372949600219727,0.9980040192604065,0.9670934081077576
YBR021W,YDR354W,0,-1.7765749,0.09372071176767349,0.9980040192604065,0.9671934247016907
YDR363W-A,YCR073C,0,-1.7772369,0.09371192753314972,0.9980040192604065,0.9672934412956238
YFL022C,YHR065C,0,-1.7783864,0.09370315074920654,0.9980040192604065,0.9673934578895569
YBR031W,YOL040C,0,-1.7784982,0.09369436651468277,0.9980040192604065,0.96749347448349
YOR100C,YGL029W,0,-1.7796783,0.0936855897307396,0.9980040192604065,0.9675934910774231
YGR109W-B,YNL071W,0,-1.7808602,0.09367681294679642,0.9980040192604065,0.967693567276001
YPL220W,YOL120C,0,-1.781238,0.09366804361343384,0.9980040192604065,0.9677935838699341
YOR328W,YJR070C,0,-1.7813132,0.09365926682949066,0.9980040192604065,0.9678936004638672
YLR359W,YJL122W,0,-1.7819531,0.09365049749612808,0.9980040192604065,0.9679936170578003
YKL156W,YJL137C,0,-1.7832674,0.0936417281627655,0.9980040192604065,0.9680936336517334
YMR199W,YPL033C,0,-1.7843508,0.09363295882940292,0.9980040192604065,0.9681936502456665
YDR115W,YKL217W,0,-1.7848899,0.09362418949604034,0.9980040192604065,0.9682936668395996
YAL063C,YBL028C,0,-1.7856424,0.09361542761325836,0.9980040192604065,0.9683936834335327
YMR239C,YAR066W,0,-1.7856553,0.09360666573047638,0.9980040192604065,0.9684937000274658
YMR303C,YML034W,0,-1.7880248,0.0935979038476944,0.9980040192604065,0.9685937166213989
YNL088W,YOL080C,0,-1.7894912,0.09358914196491241,0.9980040192604065,0.968693733215332
YDL178W,YDR083W,0,-1.7900406,0.09358038753271103,0.9980040192604065,0.9687937498092651
YJL090C,YBR271W,0,-1.7901076,0.09357162564992905,0.9980040192604065,0.9688937664031982
YKL181W,YGL156W,0,-1.791869,0.09356287121772766,0.9980040192604065,0.9689937829971313
YLR051C,YLR073C,0,-1.7924397,0.09355412423610687,0.9980040192604065,0.9690937995910645
YDR403W,YHR064C,0,-1.7937089,0.09354536980390549,0.9980040192604065,0.9691938161849976
YPL211W,YNR008W,0,-1.7937288,0.0935366228222847,0.9980040192604065,0.9692938327789307
YDR083W,YDR206W,0,-1.7958108,0.09352786839008331,0.9980040192604065,0.9693938493728638
YBR182C,YDR492W,0,-1.7958729,0.09351912140846252,0.9980040192604065,0.9694939255714417
YHR062C,YJR097W,0,-1.7966392,0.09351038187742233,0.9980040192604065,0.9695939421653748
YMR034C,YOL136C,0,-1.7974563,0.09350163489580154,0.9980040192604065,0.9696939587593079
YGR145W,YPR070W,0,-1.7984312,0.09349289536476135,0.9980040192604065,0.969793975353241
YLR340W,YPR132W,0,-1.7984827,0.09348415583372116,0.9980040192604065,0.9698939919471741
YLR298C,YHR077C,0,-1.7999921,0.09347541630268097,0.9980040192604065,0.9699940085411072
YGL255W,YMR303C,0,-1.8001559,0.09346667677164078,0.9980040192604065,0.9700940251350403
YNL154C,YBR142W,0,-1.8015538,0.09345794469118118,0.9980040192604065,0.9701940417289734
YMR239C,YML063W,0,-1.8025085,0.09344921261072159,0.9980040192604065,0.9702940583229065
YER070W,YFL053W,0,-1.8032509,0.093440480530262,0.9980040192604065,0.9703940749168396
YJR147W,YPR080W,0,-1.803395,0.0934317484498024,0.9980040192604065,0.9704940915107727
YDR207C,YPL266W,0,-1.8061371,0.0934230163693428,0.9980040192604065,0.9705941081047058
YFL002W-B,YAR002C-A,0,-1.8071219,0.0934142917394638,0.9980040192604065,0.9706941246986389
YDR309C,YMR175W,1,-1.80761,0.09349897503852844,0.9990019798278809,0.9706941246986389
YMR257C,YOL142W,0,-1.8082604,0.09349024295806885,0.9990019798278809,0.970794141292572
YIL158W,YJL025W,0,-1.8086641,0.09348151087760925,0.9990019798278809,0.9708941578865051
YNL265C,YDL014W,0,-1.8109422,0.09347277879714966,0.9990019798278809,0.9709941744804382
YDR139C,YGR241C,0,-1.8117481,0.09346405416727066,0.9990019798278809,0.9710941910743713
YLL050C,YPR160W,0,-1.8123082,0.09345532953739166,0.9990019798278809,0.9711942672729492
YGR264C,YKL065C,0,-1.8139521,0.09344660490751266,0.9990019798278809,0.9712942838668823
YPL153C,YER011W,0,-1.8149762,0.09343788027763367,0.9990019798278809,0.9713943004608154
YBR294W,YKR092C,0,-1.8154362,0.09342915564775467,0.9990019798278809,0.9714943170547485
YKR044W,YDR138W,0,-1.8175282,0.09342043846845627,0.9990019798278809,0.9715943336486816
YBR240C,YPR192W,0,-1.8181976,0.09341172128915787,0.9990019798278809,0.9716943502426147
YDR107C,YDR534C,0,-1.818368,0.09340300410985947,0.9990019798278809,0.9717943668365479
YHR196W,YKR069W,0,-1.818675,0.09339428693056107,0.9990019798278809,0.971894383430481
YJR002W,YGR206W,0,-1.8192626,0.09338557720184326,0.9990019798278809,0.9719944000244141
YDR465C,YCL026C-A,0,-1.820508,0.09337686747312546,0.9990019798278809,0.9720944166183472
YIL158W,YNL124W,0,-1.8206663,0.09336815774440765,0.9990019798278809,0.9721944332122803
YGL244W,YJL024C,0,-1.8207252,0.09335944801568985,0.9990019798278809,0.9722944498062134
YNL248C,YOR368W,0,-1.8216507,0.09335073828697205,0.9990019798278809,0.9723944664001465
YNL102W,YDL082W,0,-1.8222766,0.09334203600883484,0.9990019798278809,0.9724944829940796
YKL221W,YER113C,0,-1.8226838,0.09333333373069763,0.9990019798278809,0.9725944995880127
YAL001C,YLR048W,0,-1.8227044,0.09332463145256042,0.9990019798278809,0.9726945161819458
YLL052C,YNR075W,0,-1.8229785,0.09331592917442322,0.9990019798278809,0.9727945327758789
YOR237W,YBR200W,1,-1.8243635,0.09340044856071472,1.0,0.9727945327758789
YMR092C,YAL008W,0,-1.8244245,0.09339173883199692,1.0,0.972894549369812
YDL039C,YML063W,0,-1.8248609,0.09338303655385971,1.0,0.9729946255683899
YCR072C,YPR118W,0,-1.8264859,0.0933743342757225,1.0,0.973094642162323
YDR225W,YKR026C,0,-1.8284785,0.0933656319975853,1.0,0.9731946587562561
YLR357W,YMR005W,0,-1.8288665,0.09335693717002869,1.0,0.9732946753501892
YPR151C,YKL203C,0,-1.8291671,0.09334824234247208,1.0,0.9733946919441223
YDL122W,YLR405W,0,-1.8299638,0.09333954006433487,1.0,0.9734947085380554
YKR081C,YNR023W,0,-1.8311899,0.09333085268735886,1.0,0.9735947251319885
YER052C,YHR216W,0,-1.8335984,0.09332215785980225,1.0,0.9736947417259216
YJL148W,YOR036W,0,-1.8355803,0.09331346303224564,1.0,0.9737947583198547
YBR210W,YCL026C-A,0,-1.8356276,0.09330477565526962,1.0,0.9738947749137878
YBL091C-A,YNL070W,0,-1.8363968,0.09329608827829361,1.0,0.973994791507721
YNL112W,YLL062C,0,-1.8371402,0.0932874009013176,1.0,0.974094808101654
YLR165C,YKR059W,0,-1.8374112,0.09327872097492218,1.0,0.9741948246955872
YLL012W,YDL170W,0,-1.8409582,0.09327003359794617,1.0,0.9742948412895203
YGR203W,YLR134W,0,-1.8409964,0.09326135367155075,1.0,0.9743948578834534
YKL009W,YNL311C,0,-1.8425745,0.09325267374515533,1.0,0.9744948744773865
YPL037C,YBL105C,0,-1.8426263,0.09324400126934052,1.0,0.9745948910713196
YBL084C,YMR142C,0,-1.8433157,0.0932353213429451,1.0,0.9746949672698975
YOR187W,YHR203C,0,-1.8436747,0.09322664886713028,1.0,0.9747949838638306
YNL110C,YLR329W,0,-1.8452783,0.09321797639131546,1.0,0.9748950004577637
YJR097W,YMR030W,0,-1.845566,0.09320930391550064,1.0,0.9749950170516968
YOL123W,YLR106C,0,-1.8465767,0.09320063143968582,1.0,0.9750950336456299
YOR324C,YKL082C,0,-1.8474588,0.0931919664144516,1.0,0.975195050239563
YBR227C,YLR401C,0,-1.8481233,0.09318330138921738,1.0,0.9752950668334961
YLR129W,YBR104W,0,-1.8494384,0.09317463636398315,1.0,0.9753950834274292
YBR018C,YOR063W,0,-1.8496373,0.09316597133874893,1.0,0.9754951000213623
YHL036W,YML087C,0,-1.8503826,0.09315730631351471,1.0,0.9755951166152954
YML005W,YDR496C,0,-1.8520744,0.09314864873886108,1.0,0.9756951332092285
YFR042W,YNL151C,0,-1.8544462,0.09313999116420746,1.0,0.9757951498031616
YLR329W,YLR174W,0,-1.8548801,0.09313133358955383,1.0,0.9758951663970947
YKR024C,YOR311C,0,-1.8549222,0.09312267601490021,1.0,0.9759951829910278
YDL114W,YFL048C,0,-1.8550124,0.09311402589082718,1.0,0.9760951995849609
YMR224C,YHR052W,0,-1.8559154,0.09310536831617355,1.0,0.976195216178894
YDL108W,YMR011W,0,-1.8565264,0.09309671819210052,1.0,0.9762952327728271
YCR020C,YNL217W,0,-1.8584158,0.0930880680680275,1.0,0.9763952493667603
YJR056C,YER131W,0,-1.8587332,0.09307942539453506,1.0,0.9764953255653381
YGL050W,YJL190C,0,-1.8603945,0.09307077527046204,1.0,0.9765953421592712
YDR496C,YMR280C,0,-1.862001,0.0930621325969696,1.0,0.9766953587532043
YPR137W,YDR258C,0,-1.8672147,0.09305348992347717,1.0,0.9767953753471375
YML038C,YJR063W,0,-1.8690763,0.09304484724998474,1.0,0.9768953919410706
YGR070W,YLR227W-B,0,-1.8704413,0.0930362120270729,1.0,0.9769954085350037
YLR135W,YBR271W,0,-1.8711855,0.09302757680416107,1.0,0.9770954251289368
YNL067W,YDR085C,0,-1.8719372,0.09301894158124924,1.0,0.9771954417228699
YLR126C,YPR083W,0,-1.8745277,0.0930103063583374,1.0,0.977295458316803
YKL009W,YEL058W,0,-1.8752158,0.09300167113542557,1.0,0.9773954749107361
YKL009W,YNR010W,0,-1.87622,0.09299303591251373,1.0,0.9774954915046692
YEL026W,YLR362W,0,-1.876281,0.0929844081401825,1.0,0.9775955080986023
YLR048W,YPL153C,0,-1.8782264,0.09297578036785126,1.0,0.9776955246925354
YLR385C,YDR017C,0,-1.8782964,0.09296715259552002,1.0,0.9777955412864685
YPR096C,YBL017C,0,-1.8804332,0.09295853227376938,1.0,0.9778955578804016
YNL210W,YMR097C,0,-1.880925,0.09294990450143814,1.0,0.9779955744743347
YNL102W,YER131W,0,-1.8814746,0.0929412841796875,1.0,0.9780955910682678
YER002W,YML125C,0,-1.8821405,0.09293266385793686,1.0,0.9781956672668457
YNR069C,YGL033W,0,-1.8844223,0.09292404353618622,1.0,0.9782956838607788
YER006W,YPL086C,0,-1.8863647,0.09291543066501617,1.0,0.9783957004547119
YPR096C,YBR022W,0,-1.8867034,0.09290681779384613,1.0,0.978495717048645
YPR041W,YJL130C,0,-1.8869741,0.09289820492267609,1.0,0.9785957336425781
YGR200C,YHR003C,0,-1.8876598,0.09288959205150604,1.0,0.9786957502365112
YLL042C,YLR438C-A,0,-1.8882447,0.092880979180336,1.0,0.9787957668304443
YBL004W,YDR329C,0,-1.893971,0.09287236630916595,1.0,0.9788957834243774
YKL120W,YGR159C,0,-1.894994,0.09286376088857651,1.0,0.9789958000183105
YDR511W,YLR270W,0,-1.8952672,0.09285515546798706,1.0,0.9790958166122437
YBR187W,YOR369C,0,-1.8954705,0.09284655004739761,1.0,0.9791958332061768
YBL003C,YNL146W,0,-1.8968477,0.09283795207738876,1.0,0.9792958498001099
YPL122C,YFL034C-A,0,-1.8983827,0.09282934665679932,1.0,0.979395866394043
YLR106C,YGR194C,0,-1.8990209,0.09282074868679047,1.0,0.9794958829879761
YGR109W-B,YIL094C,0,-1.9012433,0.09281215071678162,1.0,0.9795958995819092
YBR271W,YHR089C,0,-1.9043185,0.09280356019735336,1.0,0.9796959161758423
YPR002W,YDR410C,0,-1.9061356,0.09279496222734451,1.0,0.9797959327697754
YHL047C,YKR044W,0,-1.9067992,0.09278637170791626,1.0,0.9798960089683533
YJR155W,YFR001W,0,-1.9072293,0.092777781188488,1.0,0.9799960255622864
YNL106C,YAL025C,0,-1.9080564,0.09276919066905975,1.0,0.9800960421562195
YML081C-A,YNR044W,0,-1.9094751,0.0927606001496315,1.0,0.9801960587501526
YGL008C,YBR287W,0,-1.9100027,0.09275200963020325,1.0,0.9802960753440857
YMR260C,YGL033W,0,-1.9117346,0.09274342656135559,1.0,0.9803960919380188
YKL173W,YGR271C-A,0,-1.9117931,0.09273484349250793,1.0,0.9804961085319519
YDL036C,YJL189W,0,-1.9125605,0.09272626042366028,1.0,0.980596125125885
YMR263W,YDR429C,0,-1.9131918,0.09271768480539322,1.0,0.9806961417198181
YPL180W,YGR013W,0,-1.9133724,0.09270910173654556,1.0,0.9807961583137512
YDR330W,YOR315W,0,-1.9159727,0.0927005261182785,1.0,0.9808961749076843
YBL024W,YPR018W,0,-1.9170218,0.09269195050001144,1.0,0.9809961915016174
YBR239C,YOR140W,0,-1.9201553,0.09268337488174438,1.0,0.9810962080955505
YML129C,YML052W,0,-1.9263341,0.09267480671405792,1.0,0.9811962246894836
YJR147W,YBL101C,0,-1.9287951,0.09266623854637146,1.0,0.9812962412834167
YDL136W,YLL054C,0,-1.9308107,0.0926576629281044,1.0,0.9813962578773499
YJL033W,YML094W,0,-1.9321444,0.09264909476041794,1.0,0.981496274471283
YPL249C-A,YLR286C,0,-1.9328885,0.09264053404331207,1.0,0.9815962910652161
YMR049C,YHR066W,0,-1.9348891,0.09263196587562561,1.0,0.981696367263794
YIR010W,YLR009W,0,-1.937113,0.09262340515851974,1.0,0.981796383857727
YBR297W,YKL004W,0,-1.9379665,0.09261484444141388,1.0,0.9818964004516602
YJL011C,YJR070C,0,-1.9401114,0.09260628372430801,1.0,0.9819964170455933
YNL110C,YIL067C,0,-1.9423246,0.09259772300720215,1.0,0.9820964336395264
YPL211W,YJR007W,0,-1.9466006,0.09258916974067688,1.0,0.9821964502334595
YGR109W-B,YBR281C,0,-1.9486517,0.09258061647415161,1.0,0.9822964668273926
YFL053W,YNL064C,0,-1.9499737,0.09257206320762634,1.0,0.9823964834213257
YLR320W,YLR003C,0,-1.9512409,0.09256350994110107,1.0,0.9824965000152588
YDL039C,YKR065C,0,-1.9516604,0.0925549566745758,1.0,0.9825965166091919
YCR028C,YGL033W,0,-1.9527352,0.09254641085863113,1.0,0.982696533203125
YBR155W,YPL038W,0,-1.9527414,0.09253786504268646,1.0,0.9827965497970581
YER159C-A,YJR026W,0,-1.9531069,0.09252931922674179,1.0,0.9828965663909912
YPL186C,YBL064C,0,-1.9561434,0.09252077341079712,1.0,0.9829965829849243
YER147C,YBR093C,0,-1.9573352,0.09251223504543304,1.0,0.9830965995788574
YPR082C,YDR184C,0,-1.9588224,0.09250368922948837,1.0,0.9831966161727905
YER162C,YGL029W,0,-1.9639078,0.0924951508641243,1.0,0.9832966327667236
YBR139W,YDR511W,0,-1.968218,0.09248661249876022,1.0,0.9833967089653015
YPL093W,YLR371W,0,-1.9696741,0.09247808158397675,1.0,0.9834967255592346
YLR106C,YML014W,0,-1.9700149,0.09246954321861267,1.0,0.9835967421531677
YBR087W,YPL266W,0,-1.9721425,0.0924610123038292,1.0,0.9836967587471008
YPR127W,YBR126C,0,-1.9737453,0.09245248138904572,1.0,0.9837967753410339
YLR421C,YNL014W,0,-1.9739919,0.09244395047426224,1.0,0.983896791934967
YPR144C,YPL033C,0,-1.9742928,0.09243542701005936,1.0,0.9839968085289001
YIL158W,YLR222C,0,-1.975348,0.09242689609527588,1.0,0.9840968251228333
YML131W,YGR158C,0,-1.977542,0.092418372631073,1.0,0.9841968417167664
YDL051W,YFL022C,0,-1.979425,0.09240984916687012,1.0,0.9842968583106995
YPL217C,YEL015W,0,-1.9801948,0.09240132570266724,1.0,0.9843968749046326
YKR081C,YCR020W-B,0,-1.981065,0.09239280968904495,1.0,0.9844968914985657
YER002W,YGL174W,0,-1.9828471,0.09238428622484207,1.0,0.9845969080924988
YER138C,YDR316W-A,0,-1.9832417,0.09237577021121979,1.0,0.9846969246864319
YKR101W,YOR310C,0,-1.9843559,0.0923672541975975,1.0,0.984796941280365
YNL061W,YIL145C,0,-1.9848334,0.09235874563455582,1.0,0.9848969578742981
YFL014W,YER036C,0,-1.9881414,0.09235022962093353,1.0,0.9849969744682312
YJR066W,YAL025C,0,-1.9882649,0.09234172105789185,1.0,0.9850969910621643
YLR325C,YOL033W,0,-1.9888606,0.09233321249485016,1.0,0.9851970672607422
YIL158W,YCL024W,0,-1.990049,0.09232470393180847,1.0,0.9852970838546753
YCR028C-A,YGL125W,0,-1.9927292,0.09231619536876678,1.0,0.9853971004486084
YPR204W,YOR142W-A,0,-1.9945524,0.0923076942563057,1.0,0.9854971170425415
YPR094W,YIL047C,0,-1.9949284,0.09229918569326401,1.0,0.9855971336364746
YJL191W,YLR103C,0,-1.997823,0.09229068458080292,1.0,0.9856971502304077
YOR162C,YMR229C,0,-1.9995792,0.09228219091892242,1.0,0.9857971668243408
YDR330W,YLL009C,0,-2.000118,0.09227368980646133,1.0,0.9858971834182739
YBR296C,YJR105W,0,-2.0007772,0.09226519614458084,1.0,0.985997200012207
YDL039C,YDR253C,0,-2.002815,0.09225669503211975,1.0,0.9860972166061401
YBR200W,YHR089C,0,-2.0041904,0.09224820137023926,1.0,0.9861972332000732
YKL082C,YBL037W,0,-2.0049806,0.09223971515893936,1.0,0.9862972497940063
YKL035W,YAL008W,0,-2.0053878,0.09223122149705887,1.0,0.9863972663879395
YOL101C,YHR064C,0,-2.0062375,0.09222273528575897,1.0,0.9864972829818726
YIL127C,YBR055C,0,-2.0071387,0.09221424907445908,1.0,0.9865972995758057
YBR026C,YML093W,0,-2.007809,0.09220576286315918,1.0,0.9866973161697388
YGR289C,YJR063W,0,-2.011965,0.09219727665185928,1.0,0.9867973327636719
YDL020C,YKR056W,0,-2.0122712,0.09218879044055939,1.0,0.9868974089622498
YJL076W,YBR294W,0,-2.0132167,0.09218031167984009,1.0,0.9869974255561829
YFL016C,YOL077C,0,-2.0140395,0.09217183291912079,1.0,0.987097442150116
YDR339C,YBR172C,0,-2.0156012,0.09216335415840149,1.0,0.9871974587440491
YIL016W,YJL191W,0,-2.0156446,0.09215487539768219,1.0,0.9872974753379822
YGL055W,YNL309W,0,-2.0188596,0.09214640408754349,1.0,0.9873974919319153
YGR145W,YNR015W,0,-2.0229945,0.09213793277740479,1.0,0.9874975085258484
YDL245C,YBR104W,0,-2.023028,0.09212946146726608,1.0,0.9875975251197815
YOR340C,YJL011C,0,-2.0232728,0.09212099015712738,1.0,0.9876975417137146
YMR260C,YLR178C,0,-2.0266309,0.09211251884698868,1.0,0.9877975583076477
YCL008C,YGL255W,0,-2.0268588,0.09210405498743057,1.0,0.9878975749015808
YOL128C,YIL040W,0,-2.0274196,0.09209559112787247,1.0,0.9879975914955139
YDR245W,YPL143W,0,-2.0294168,0.09208712726831436,1.0,0.988097608089447
YML129C,YKR024C,0,-2.0306044,0.09207866340875626,1.0,0.9881976246833801
YFL002W-B,YNL293W,0,-2.030651,0.09207019954919815,1.0,0.9882976412773132
YEL040W,YDR195W,0,-2.0311434,0.09206174314022064,1.0,0.9883976578712463
YEL026W,YPL258C,0,-2.0341282,0.09205328673124313,1.0,0.9884976744651794
YGL224C,YPL231W,0,-2.0380638,0.09204483032226562,1.0,0.9885976910591125
YCL057C-A,YHL044W,0,-2.039175,0.09203637391328812,1.0,0.9886977672576904
YBL042C,YHR065C,0,-2.0392427,0.09202791750431061,1.0,0.9887977838516235
YCR072C,YNL186W,0,-2.0404146,0.0920194685459137,1.0,0.9888978004455566
YHR153C,YJR070C,0,-2.040642,0.09201101958751678,1.0,0.9889978170394897
YPR009W,YGL029W,0,-2.041368,0.09200257062911987,1.0,0.9890978336334229
YLR002C,YBL052C,0,-2.0450542,0.09199412167072296,1.0,0.989197850227356
YOR344C,YIR017C,0,-2.050894,0.09198568016290665,1.0,0.9892978668212891
YPL217C,YGR148C,0,-2.0544765,0.09197723865509033,1.0,0.9893978834152222
YFR033C,YPL118W,0,-2.0565486,0.09196878969669342,1.0,0.9894979000091553
YHL013C,YHR052W,0,-2.0600944,0.0919603556394577,1.0,0.9895979166030884
YHR143W,YHL024W,0,-2.0617983,0.09195191413164139,1.0,0.9896979331970215
YNR039C,YPL033C,0,-2.0644166,0.09194347262382507,1.0,0.9897979497909546
YPR070W,YMR229C,0,-2.0660012,0.09193503856658936,1.0,0.9898979663848877
YOL124C,YDL045W-A,0,-2.0704005,0.09192660450935364,1.0,0.9899979829788208
YOL102C,YKL172W,0,-2.0743177,0.09191817045211792,1.0,0.9900979995727539
YOR095C,YBR087W,0,-2.075054,0.0919097438454628,1.0,0.990198016166687
YDR060W,YDR416W,0,-2.0816815,0.09190130978822708,1.0,0.9902980327606201
YPR132W,YBR271W,0,-2.0855114,0.09189288318157196,1.0,0.990398108959198
YPR137W,YFL016C,0,-2.0903141,0.09188445657491684,1.0,0.9904981255531311
YGR001C,YJL122W,0,-2.092152,0.09187602996826172,1.0,0.9905981421470642
YIL158W,YML129C,0,-2.0949175,0.0918676108121872,1.0,0.9906981587409973
YNL112W,YDL069C,0,-2.0971515,0.09185918420553207,1.0,0.9907981753349304
YMR016C,YCR047C,0,-2.1111274,0.09185076504945755,1.0,0.9908981919288635
YDR465C,YDR527W,0,-2.1126528,0.09184234589338303,1.0,0.9909982085227966
YGR085C,YPR138C,0,-2.1181283,0.0918339267373085,1.0,0.9910982251167297
YDR279W,YDR120C,0,-2.120835,0.09182551503181458,1.0,0.9911982417106628
YER006W,YDR339C,0,-2.1261435,0.09181709587574005,1.0,0.991298258304596
YPL220W,YDR432W,0,-2.1268785,0.09180868417024612,1.0,0.991398274898529
YCR072C,YHR200W,0,-2.1372967,0.0918002724647522,1.0,0.9914982914924622
YDR485C,YNL186W,0,-2.1389046,0.09179186820983887,1.0,0.9915983080863953
YBR282W,YLR405W,0,-2.1466932,0.09178345650434494,1.0,0.9916983246803284
YER160C,YPL257W-B,0,-2.1479,0.09177505224943161,1.0,0.9917983412742615
YHR070W,YFL001W,0,-2.1494575,0.09176664799451828,1.0,0.9918983578681946
YOR361C,YPR049C,0,-2.1508048,0.09175824373960495,1.0,0.9919983744621277
YBR120C,YJL109C,0,-2.153115,0.09174983948469162,1.0,0.9920983910560608
YGL128C,YML056C,0,-2.1544347,0.09174144268035889,1.0,0.9921984672546387
YDR478W,YMR176W,0,-2.1603045,0.09173303842544556,1.0,0.9922984838485718
YDL201W,YEL003W,0,-2.1629875,0.09172464162111282,1.0,0.9923985004425049
YNL039W,YNL308C,0,-2.1642768,0.09171624481678009,1.0,0.992498517036438
YMR190C,YKL082C,0,-2.1796935,0.09170785546302795,1.0,0.9925985336303711
YPL017C,YEL011W,0,-2.1803086,0.09169945865869522,1.0,0.9926985502243042
YGL008C,YDR306C,0,-2.1884127,0.09169106930494308,1.0,0.9927985668182373
YML065W,YIL047C,0,-2.19001,0.09168267995119095,1.0,0.9928985834121704
YPL226W,YJL136C,0,-2.193738,0.09167429059743881,1.0,0.9929986000061035
YJL198W,YBL082C,0,-2.1980274,0.09166590124368668,1.0,0.9930986166000366
YDL181W,YLR286C,0,-2.2025988,0.09165751934051514,1.0,0.9931986331939697
YLR051C,YKL021C,0,-2.206985,0.0916491374373436,1.0,0.9932986497879028
YPR190C,YDR416W,0,-2.2069943,0.09164075553417206,1.0,0.9933986663818359
YJL189W,YAL029C,0,-2.2161613,0.09163237363100052,1.0,0.993498682975769
YJL050W,YKL049C,0,-2.2190642,0.09162399172782898,1.0,0.9935986995697021
YHR066W,YDL006W,0,-2.2231388,0.09161561727523804,1.0,0.9936987161636353
YNL227C,YDL130W,0,-2.2336495,0.0916072428226471,1.0,0.9937987327575684
YDR118W,YPR189W,0,-2.2341568,0.09159886837005615,1.0,0.9938988089561462
YOL054W,YFL001W,0,-2.2370996,0.09159049391746521,1.0,0.9939988255500793
YGL187C,YGR109C,0,-2.246891,0.09158211946487427,1.0,0.9940988421440125
YLR129W,YER053C,0,-2.251535,0.09157375246286392,1.0,0.9941988587379456
YLR157C,YGL001C,0,-2.255198,0.09156538546085358,1.0,0.9942988753318787
YPL079W,YNL087W,0,-2.2585506,0.09155701845884323,1.0,0.9943988919258118
YDR138W,YGL255W,0,-2.2621913,0.09154865145683289,1.0,0.9944989085197449
YDR055W,YOR206W,0,-2.2738745,0.09154029190540314,1.0,0.994598925113678
YPR192W,YHR017W,0,-2.2757504,0.09153192490339279,1.0,0.9946989417076111
YJL122W,YBL090W,0,-2.2853417,0.09152356535196304,1.0,0.9947989583015442
YBR167C,YNL186W,0,-2.293389,0.0915152058005333,1.0,0.9948989748954773
YOR242C,YHR089C,0,-2.2942939,0.09150684624910355,1.0,0.9949989914894104
YOR310C,YER131W,0,-2.295383,0.0914984941482544,1.0,0.9950990080833435
YIL073C,YLR197W,0,-2.3077297,0.09149014204740524,1.0,0.9951990246772766
YER036C,YKL188C,0,-2.3132412,0.0914817824959755,1.0,0.9952990412712097
YPR137W,YER140W,0,-2.3186872,0.09147343784570694,1.0,0.9953990578651428
YLR074C,YOL028C,0,-2.3275619,0.09146508574485779,1.0,0.9954990744590759
YGL060W,YPL266W,0,-2.3275795,0.09145673364400864,1.0,0.995599091053009
YGL205W,YLR301W,0,-2.3342323,0.09144838899374008,1.0,0.9956991672515869
YJL189W,YGL033W,0,-2.3398654,0.09144004434347153,1.0,0.99579918384552
YER126C,YJL011C,0,-2.3455915,0.09143169969320297,1.0,0.9958992004394531
YNL001W,YOR310C,0,-2.3479805,0.09142335504293442,1.0,0.9959992170333862
YGR027W-A,YMR051C,0,-2.3483622,0.09141501784324646,1.0,0.9960992336273193
YML081C-A,YDL039C,0,-2.3558679,0.0914066806435585,1.0,0.9961992502212524
YBR198C,YJL122W,0,-2.3565836,0.09139834344387054,1.0,0.9962992668151855
YER146W,YAL025C,0,-2.3639607,0.09139000624418259,1.0,0.9963992834091187
YLL035W,YDR432W,0,-2.364989,0.09138166904449463,1.0,0.9964993000030518
YDR527W,YHR085W,0,-2.3665195,0.09137333929538727,1.0,0.9965993165969849
YKL009W,YCL025C,0,-2.3680315,0.09136500209569931,1.0,0.996699333190918
YBR238C,YGL090W,0,-2.372044,0.09135667234659195,1.0,0.9967993497848511
YGL113W,YKL172W,0,-2.3923044,0.09134834259748459,1.0,0.9968993663787842
YBR215W,YER006W,0,-2.4051542,0.09134002029895782,1.0,0.9969993829727173
YFR015C,YLL008W,0,-2.4315014,0.09133169054985046,1.0,0.9970993995666504
YPL108W,YGL050W,0,-2.4490237,0.0913233682513237,1.0,0.9971994161605835
YLL035W,YER069W,0,-2.458695,0.09131504595279694,1.0,0.9972994327545166
YNL110C,YOL146W,0,-2.4606175,0.09130672365427017,1.0,0.9973995089530945
YNR054C,YIL047C,0,-2.4802327,0.091298408806324,1.0,0.9974995255470276
YKR092C,YDR195W,0,-2.4824386,0.09129008650779724,1.0,0.9975995421409607
YOR243C,YPL249C-A,0,-2.4921598,0.09128177165985107,1.0,0.9976995587348938
YLR073C,YMR213W,0,-2.497287,0.09127345681190491,1.0,0.9977995753288269
YHR196W,YOR182C,0,-2.5019336,0.09126514196395874,1.0,0.99789959192276
YJR095W,YNR050C,0,-2.5037277,0.09125682711601257,1.0,0.9979996085166931
YOR224C,YJL025W,0,-2.5042937,0.091248519718647,1.0,0.9980996251106262
YBR104W,YPL200W,0,-2.5087118,0.09124021232128143,1.0,0.9981996417045593
YLL035W,YER148W,0,-2.5333643,0.09123190492391586,1.0,0.9982996582984924
YDL039C,YCL069W,0,-2.5407295,0.09122359752655029,1.0,0.9983996748924255
YDL213C,YDR121W,0,-2.558292,0.09121529012918472,1.0,0.9984996914863586
YGR145W,YMR127C,0,-2.580131,0.09120699018239975,1.0,0.9985997080802917
YDR101C,YPL217C,0,-2.581349,0.09119869023561478,1.0,0.9986997246742249
YLR022C,YOR310C,0,-2.5927186,0.0911903902888298,1.0,0.998799741268158
YDR034C,YKR092C,0,-2.595929,0.09118209034204483,1.0,0.9988997578620911
YPR144C,YHL044W,0,-2.6248164,0.09117379784584045,1.0,0.9989997744560242
YBR139W,YEL011W,0,-2.6546645,0.09116549789905548,1.0,0.9990997910499573
YMR229C,YNL274C,0,-2.7093225,0.0911572054028511,1.0,0.9991998672485352
YDR253C,YAL025C,0,-2.7110648,0.09114891290664673,1.0,0.9992998838424683
YGR123C,YOL077C,0,-2.712778,0.09114062041044235,1.0,0.9993999004364014
YGR177C,YMR093W,0,-2.9641848,0.09113233536481857,1.0,0.9994999170303345
YHR196W,YBR257W,0,-3.1459515,0.0911240428686142,1.0,0.9995999336242676
YKL021C,YPL266W,0,-3.163353,0.09111575782299042,1.0,0.9996999502182007
YDR478W,YIL127C,0,-3.1897235,0.09110747277736664,1.0,0.9997999668121338
YDL060W,YLR003C,0,-3.2051258,0.09109918773174286,1.0,0.9998999834060669
YPR163C,YCR087C-A,0,-3.3614535,0.09109091013669968,1.0,1.0
