Gene A,Gene B,Label,Score,Precision,Recall,False Positive Rate
YNL112W,YNL016W,1,-2.2688098,1.0,0.0010000000474974513,0.0
YER112W,YHR081W,1,-2.2776804,1.0,0.0020000000949949026,0.0
YGR158C,YGL213C,1,-2.3353624,1.0,0.003000000026077032,0.0
YHR077C,YDL165W,1,-2.3592854,1.0,0.004000000189989805,0.0
YOL115W,YBL026W,1,-2.38866,1.0,0.004999999888241291,0.0
YPR072W,YCR035C,1,-2.4230762,1.0,0.006000000052154064,0.0
YER112W,YGR158C,1,-2.4608946,1.0,0.007000000216066837,0.0
YBL026W,YGR158C,1,-2.4770412,1.0,0.00800000037997961,0.0
YDR414C,YHR088W,0,-2.482297,0.8888888955116272,0.00800000037997961,9.999999747378752e-05
YKL009W,YBL026W,1,-2.4851332,0.8999999761581421,0.008999999612569809,9.999999747378752e-05
YER112W,YDR172W,1,-2.4928222,0.9090909361839294,0.009999999776482582,9.999999747378752e-05
YEL015W,YGR195W,1,-2.5548716,0.9166666865348816,0.010999999940395355,9.999999747378752e-05
YHR094C,YGR245C,0,-2.5661063,0.8461538553237915,0.010999999940395355,0.00019999999494757503
YPR072W,YGR158C,1,-2.5689416,0.8571428656578064,0.012000000104308128,0.00019999999494757503
YNL112W,YGL014W,1,-2.5695696,0.8666666746139526,0.013000000268220901,0.00019999999494757503
YJL208C,YJL124C,1,-2.5797215,0.875,0.014000000432133675,0.00019999999494757503
YMR229C,YNL153C,0,-2.5802436,0.8235294222831726,0.014000000432133675,0.0003000000142492354
YPR072W,YKL009W,1,-2.5904102,0.8333333134651184,0.014999999664723873,0.0003000000142492354
YBR130C,YPR143W,0,-2.5932832,0.7894737124443054,0.014999999664723873,0.00039999998989515007
YER112W,YJL050W,1,-2.6354055,0.800000011920929,0.01600000075995922,0.00039999998989515007
YER049W,YHR077C,1,-2.6531582,0.8095238208770752,0.017000000923871994,0.00039999998989515007
YPL193W,YKL028W,0,-2.659068,0.7727272510528564,0.017000000923871994,0.0005000000237487257
YJL208C,YJL140W,1,-2.6938167,0.782608687877655,0.017999999225139618,0.0005000000237487257
YDL111C,YGL213C,1,-2.6995683,0.7916666865348816,0.01899999938905239,0.0005000000237487257
YPR072W,YJL050W,1,-2.7310376,0.800000011920929,0.019999999552965164,0.0005000000237487257
YER002W,YAR008W,0,-2.7331247,0.7692307829856873,0.019999999552965164,0.0006000000284984708
YDR172W,YPR072W,1,-2.7373285,0.7777777910232544,0.020999999716877937,0.0006000000284984708
YEL015W,YDL111C,1,-2.7394052,0.7857142686843872,0.02199999988079071,0.0006000000284984708
YJL124C,YGR158C,1,-2.7642288,0.7931034564971924,0.023000000044703484,0.0006000000284984708
YER112W,YGL014W,1,-2.7696228,0.800000011920929,0.024000000208616257,0.0006000000284984708
YBL026W,YGR195W,1,-2.7720747,0.8064516186714172,0.02500000037252903,0.0006000000284984708
YJL124C,YDL111C,1,-2.7725215,0.8125,0.026000000536441803,0.0006000000284984708
YOR001W,YGL213C,1,-2.7770562,0.8181818127632141,0.027000000700354576,0.0006000000284984708
YLR398C,YKL009W,1,-2.7876244,0.8235294222831726,0.02800000086426735,0.0006000000284984708
YGL213C,YGR195W,1,-2.7876964,0.8285714387893677,0.028999999165534973,0.0006000000284984708
YER112W,YOR001W,1,-2.7931948,0.8333333134651184,0.029999999329447746,0.0006000000284984708
YIL079C,YGL213C,1,-2.7994943,0.837837815284729,0.03099999949336052,0.0006000000284984708
YPL012W,YJL025W,0,-2.8039398,0.8157894611358643,0.03099999949336052,0.000699999975040555
YNL016W,YKL009W,1,-2.8085432,0.8205128312110901,0.03200000151991844,0.000699999975040555
YJL124C,YKL009W,1,-2.8136005,0.824999988079071,0.032999999821186066,0.000699999975040555
YJL208C,YBL026W,1,-2.831098,0.8292682766914368,0.03400000184774399,0.000699999975040555
YOL142W,YGL213C,1,-2.8355727,0.8333333134651184,0.03500000014901161,0.000699999975040555
YDR017C,YOR145C,0,-2.836152,0.8139534592628479,0.03500000014901161,0.0007999999797903001
YLR449W,YER022W,0,-2.8380094,0.7954545617103577,0.03500000014901161,0.0008999999845400453
YGL014W,YKL009W,1,-2.846696,0.800000011920929,0.035999998450279236,0.0008999999845400453
YKL021C,YDL074C,0,-2.8529315,0.782608687877655,0.035999998450279236,0.0010000000474974513
YOR123C,YPR019W,0,-2.8758197,0.7659574747085571,0.035999998450279236,0.0010999999940395355
YHR084W,YGL035C,0,-2.8950586,0.75,0.035999998450279236,0.0012000000569969416
YML005W,YKL099C,0,-2.9023628,0.7346938848495483,0.035999998450279236,0.0013000000035390258
YLR398C,YOR001W,1,-2.9029207,0.7400000095367432,0.03700000047683716,0.0013000000035390258
YDR172W,YGL213C,1,-2.9152622,0.7450980544090271,0.03799999877810478,0.0013000000035390258
YPR072W,YOL142W,1,-2.9237409,0.75,0.039000000804662704,0.0013000000035390258
YER112W,YGR195W,1,-2.9392605,0.7547169923782349,0.03999999910593033,0.0013000000035390258
YPL193W,YLR068W,0,-2.939786,0.7407407164573669,0.03999999910593033,0.00139999995008111
YJL208C,YDL175C,1,-2.9433064,0.7454545497894287,0.04100000113248825,0.00139999995008111
YJL124C,YGR195W,1,-2.9446583,0.75,0.041999999433755875,0.00139999995008111
YLR380W,YGR211W,0,-2.9483156,0.7368420958518982,0.041999999433755875,0.001500000013038516
YDL175C,YDL111C,1,-2.957706,0.7413793206214905,0.0430000014603138,0.001500000013038516
YMR033W,YNL075W,0,-2.9578362,0.7288135886192322,0.0430000014603138,0.0015999999595806003
YBL026W,YHR081W,1,-2.966505,0.7333333492279053,0.04399999976158142,0.0015999999595806003
YIL126W,YPR190C,0,-2.9746456,0.7213114500045776,0.04399999976158142,0.0017000000225380063
YKL009W,YER146W,1,-2.9826035,0.725806474685669,0.04500000178813934,0.0017000000225380063
YER049W,YEL015W,1,-2.9849381,0.7301587462425232,0.04600000008940697,0.0017000000225380063
YGL105W,YDL060W,0,-2.991716,0.71875,0.04600000008940697,0.0017999999690800905
YDR017C,YDL166C,0,-2.991828,0.7076923251152039,0.04600000008940697,0.0019000000320374966
YJL208C,YER146W,1,-3.0006037,0.7121211886405945,0.04699999839067459,0.0019000000320374966
YNL112W,YEL015W,1,-3.0041513,0.7164179086685181,0.04800000041723251,0.0019000000320374966
YGL014W,YDL111C,1,-3.0050359,0.720588207244873,0.04899999871850014,0.0019000000320374966
YJL208C,YGL014W,1,-3.0106893,0.7246376872062683,0.05000000074505806,0.0019000000320374966
YER112W,YNL112W,1,-3.0131674,0.7285714149475098,0.050999999046325684,0.0019000000320374966
YHR052W,YOR038C,0,-3.0171623,0.7183098793029785,0.050999999046325684,0.0020000000949949026
YER049W,YBL026W,1,-3.022108,0.7222222089767456,0.052000001072883606,0.0020000000949949026
YGR081C,YKL011C,0,-3.0253935,0.7123287916183472,0.052000001072883606,0.002099999925121665
YEL015W,YHR081W,1,-3.026824,0.7162162065505981,0.05299999937415123,0.002099999925121665
YNL112W,YPR072W,1,-3.0327454,0.7200000286102295,0.05400000140070915,0.002099999925121665
YIL128W,YLL008W,0,-3.035791,0.7105262875556946,0.05400000140070915,0.002199999988079071
YDL166C,YDL002C,0,-3.046411,0.701298713684082,0.05400000140070915,0.002300000051036477
YGR078C,YNL317W,0,-3.0510712,0.692307710647583,0.05400000140070915,0.002400000113993883
YOL115W,YJL124C,1,-3.05684,0.6962025165557861,0.054999999701976776,0.002400000113993883
YPR072W,YIL079C,1,-3.0594997,0.699999988079071,0.0560000017285347,0.002400000113993883
YHR081W,YGL213C,1,-3.0600762,0.7037037014961243,0.05700000002980232,0.002400000113993883
YJL208C,YIL079C,1,-3.0657153,0.707317054271698,0.057999998331069946,0.002400000113993883
YIL038C,YDL111C,1,-3.0662012,0.7108433842658997,0.05900000035762787,0.002400000113993883
YLR398C,YGR195W,1,-3.0723042,0.7142857313156128,0.05999999865889549,0.002400000113993883
YCR094W,YOR340C,0,-3.0762553,0.7058823704719543,0.05999999865889549,0.0024999999441206455
YGR078C,YGL029W,0,-3.078508,0.6976743936538696,0.05999999865889549,0.0026000000070780516
YPL129W,YHR065C,0,-3.0786781,0.6896551847457886,0.05999999865889549,0.0027000000700354576
YOL093W,YNL119W,0,-3.0791702,0.6818181872367859,0.05999999865889549,0.00279999990016222
YIL079C,YMR234W,1,-3.0801563,0.6853932738304138,0.061000000685453415,0.00279999990016222
YGL043W,YAR042W,0,-3.0803766,0.6777777671813965,0.061000000685453415,0.002899999963119626
YJL173C,YKR060W,0,-3.0808864,0.6703296899795532,0.061000000685453415,0.003000000026077032
YOL149W,YHR081W,1,-3.0865355,0.6739130616188049,0.06199999898672104,0.003000000026077032
YMR033W,YLR002C,0,-3.0900674,0.6666666865348816,0.06199999898672104,0.003100000089034438
YER112W,YIL079C,1,-3.1034746,0.6702127456665039,0.06300000101327896,0.003100000089034438
YNL016W,YOR001W,1,-3.1035752,0.6736842393875122,0.06400000303983688,0.003100000089034438
YPL193W,YNR003C,0,-3.105371,0.6666666865348816,0.06400000303983688,0.0031999999191612005
YOR001W,YOL139C,1,-3.113459,0.6701030731201172,0.06499999761581421,0.0031999999191612005
YJL124C,YIL079C,1,-3.1136913,0.6734693646430969,0.06599999964237213,0.0031999999191612005
YCR048W,YER019W,0,-3.1158085,0.6666666865348816,0.06599999964237213,0.0032999999821186066
YNL016W,YGR158C,1,-3.1196322,0.6700000166893005,0.06700000166893005,0.0032999999821186066
YDR172W,YNL016W,1,-3.1203132,0.6732673048973083,0.06800000369548798,0.0032999999821186066
YLR398C,YGR158C,1,-3.1236796,0.6764705777168274,0.0689999982714653,0.0032999999821186066
YJL140W,YHR081W,1,-3.1241345,0.6796116232872009,0.07000000029802322,0.0032999999821186066
YCR057C,YLR357W,0,-3.1349554,0.6730769276618958,0.07000000029802322,0.0034000000450760126
YMR112C,YDL201W,0,-3.136806,0.6666666865348816,0.07000000029802322,0.0035000001080334187
YKL144C,YGL105W,0,-3.1374927,0.6603773832321167,0.07000000029802322,0.003599999938160181
YJL209W,YCR035C,1,-3.144957,0.663551390171051,0.07100000232458115,0.003599999938160181
YDR172W,YDL111C,1,-3.1464343,0.6666666865348816,0.07199999690055847,0.003599999938160181
YER049W,YIL038C,1,-3.1527252,0.6697247624397278,0.0729999989271164,0.003599999938160181
YLR335W,YJL081C,0,-3.1613731,0.6636363863945007,0.0729999989271164,0.003700000001117587
YDR073W,YDR365C,0,-3.1682138,0.6576576828956604,0.0729999989271164,0.003800000064074993
YPR189W,YHR081W,1,-3.1684337,0.6607142686843872,0.07400000095367432,0.003800000064074993
YER049W,YDL165W,1,-3.1691833,0.6637167930603027,0.07500000298023224,0.003800000064074993
YOL115W,YGL014W,1,-3.182897,0.6666666865348816,0.07599999755620956,0.003800000064074993
YIL038C,YGL213C,1,-3.1836805,0.6695652008056641,0.07699999958276749,0.003800000064074993
YHR077C,YGL213C,1,-3.1843991,0.6724137663841248,0.07800000160932541,0.003800000064074993
YBL026W,YDL111C,1,-3.1914148,0.6752136945724487,0.07900000363588333,0.003800000064074993
YBL026W,YJL050W,1,-3.1981688,0.6779661178588867,0.07999999821186066,0.003800000064074993
YDR337W,YGR169C,0,-3.2064314,0.6722689270973206,0.07999999821186066,0.0038999998942017555
YJL209W,YDL111C,1,-3.2117105,0.675000011920929,0.08100000023841858,0.0038999998942017555
YDL175C,YGR195W,1,-3.215489,0.6776859760284424,0.0820000022649765,0.0038999998942017555
YPR072W,YOL139C,1,-3.215847,0.6803278923034668,0.08299999684095383,0.0038999998942017555
YDR245W,YPL043W,0,-3.2181792,0.6747967600822449,0.08299999684095383,0.004000000189989805
YOL115W,YDL165W,1,-3.2206573,0.6774193644523621,0.08399999886751175,0.004000000189989805
YHR077C,YCR035C,1,-3.2222881,0.6800000071525574,0.08500000089406967,0.004000000189989805
YER049W,YPR189W,1,-3.224195,0.682539701461792,0.0860000029206276,0.004000000189989805
YHR081W,YER146W,1,-3.2265916,0.6850393414497375,0.08699999749660492,0.004000000189989805
YKL143W,YHR191C,0,-3.2332244,0.6796875,0.08699999749660492,0.004100000020116568
YKL143W,YER030W,0,-3.2340631,0.6744186282157898,0.08699999749660492,0.00419999985024333
YNL113W,YMR283C,0,-3.2343597,0.6692307591438293,0.08699999749660492,0.00430000014603138
YLR449W,YER129W,0,-3.2352662,0.6641221642494202,0.08699999749660492,0.004399999976158142
YDL111C,YGR195W,1,-3.2366467,0.6666666865348816,0.08799999952316284,0.004399999976158142
YKL110C,YBR198C,0,-3.2418118,0.6616541147232056,0.08799999952316284,0.0044999998062849045
YGL153W,YGL151W,0,-3.242598,0.6567164063453674,0.08799999952316284,0.004600000102072954
YJL124C,YOR001W,1,-3.2433023,0.6592592597007751,0.08900000154972076,0.004600000102072954
YJL198W,YOR174W,0,-3.2436023,0.654411792755127,0.08900000154972076,0.004699999932199717
YDL130W,YBL003C,0,-3.253027,0.6496350169181824,0.08900000154972076,0.004800000227987766
YJR006W,YJR064W,0,-3.255394,0.6449275612831116,0.08900000154972076,0.004900000058114529
YML005W,YGR030C,0,-3.2570386,0.6402877569198608,0.08900000154972076,0.004999999888241291
YLL036C,YBR245C,0,-3.2589393,0.6357142925262451,0.08900000154972076,0.005100000184029341
YNL112W,YHR081W,1,-3.259314,0.6382978558540344,0.09000000357627869,0.005100000184029341
YJL209W,YGL213C,1,-3.2598014,0.6408450603485107,0.09099999815225601,0.005100000184029341
YNL112W,YCR077C,1,-3.2603402,0.6433566212654114,0.09200000017881393,0.005100000184029341
YOR243C,YHR191C,0,-3.26051,0.6388888955116272,0.09200000017881393,0.005200000014156103
YOR078W,YDR195W,0,-3.2621555,0.634482741355896,0.09200000017881393,0.0052999998442828655
YBL026W,YOR001W,1,-3.2675033,0.6369863152503967,0.09300000220537186,0.0052999998442828655
YNL112W,YGL213C,1,-3.2682586,0.6394557952880859,0.09399999678134918,0.0052999998442828655
YKL160W,YPL065W,0,-3.2683115,0.6351351141929626,0.09399999678134918,0.005400000140070915
YMR312W,YDR245W,0,-3.2706323,0.6308724880218506,0.09399999678134918,0.005499999970197678
YLR398C,YOL142W,1,-3.274304,0.6333333253860474,0.0949999988079071,0.005499999970197678
YDR172W,YEL015W,1,-3.2781796,0.6357616186141968,0.09600000083446503,0.005499999970197678
YER049W,YJL124C,1,-3.2782178,0.6381579041481018,0.09700000286102295,0.005499999970197678
YLR398C,YIL079C,1,-3.2851782,0.6405228972434998,0.09799999743700027,0.005499999970197678
YHR094C,YNL119W,0,-3.2860408,0.6363636255264282,0.09799999743700027,0.00559999980032444
YER049W,YLR398C,1,-3.2882843,0.6387096643447876,0.0989999994635582,0.00559999980032444
YNL112W,YBL026W,1,-3.2891283,0.6410256624221802,0.10000000149011612,0.00559999980032444
YJL208C,YEL015W,1,-3.2893167,0.6433120965957642,0.10100000351667404,0.00559999980032444
YER049W,YPR072W,1,-3.2910538,0.6455696225166321,0.10199999809265137,0.00559999980032444
YOR061W,YJL010C,0,-3.2915516,0.6415094137191772,0.10199999809265137,0.00570000009611249
YJL209W,YPL029W,1,-3.2975574,0.643750011920929,0.10300000011920929,0.00570000009611249
YOL144W,YNL153C,0,-3.2983255,0.6397515535354614,0.10300000011920929,0.005799999926239252
YPL227C,YHR052W,0,-3.2986412,0.6358024477958679,0.10300000011920929,0.005900000222027302
YHR052W,YNL119W,0,-3.301797,0.6319018602371216,0.10300000011920929,0.006000000052154064
YIL038C,YDL175C,1,-3.302082,0.6341463327407837,0.10400000214576721,0.006000000052154064
YNL029C,YER127W,0,-3.302948,0.6303030252456665,0.10400000214576721,0.006099999882280827
YLR398C,YJL050W,1,-3.3071775,0.6325300931930542,0.10499999672174454,0.006099999882280827
YER049W,YJL140W,1,-3.3092995,0.6347305178642273,0.10599999874830246,0.006099999882280827
YPR112C,YPL083C,0,-3.309379,0.6309523582458496,0.10599999874830246,0.006200000178068876
YHR077C,YJL140W,1,-3.312745,0.6331360936164856,0.10700000077486038,0.006200000178068876
YMR005W,YKR056W,0,-3.3170633,0.6294117569923401,0.10700000077486038,0.006300000008195639
YDL201W,YDL161W,0,-3.32451,0.6257309913635254,0.10700000077486038,0.006399999838322401
YBL026W,YOL142W,1,-3.32901,0.6279069781303406,0.1080000028014183,0.006399999838322401
YNL112W,YHR077C,1,-3.330728,0.6300578117370605,0.10899999737739563,0.006399999838322401
YPR072W,YGL014W,1,-3.3337054,0.6321839094161987,0.10999999940395355,0.006399999838322401
YOL077C,YER127W,0,-3.3339124,0.6285714507102966,0.10999999940395355,0.006500000134110451
YBL026W,YMR234W,1,-3.3344598,0.6306818127632141,0.11100000143051147,0.006500000134110451
YIL128W,YDL014W,0,-3.3365307,0.6271186470985413,0.11100000143051147,0.006599999964237213
YPR189W,YGL213C,1,-3.3390946,0.6292135119438171,0.1120000034570694,0.006599999964237213
YDL031W,YGL020C,0,-3.342052,0.6256983280181885,0.1120000034570694,0.0066999997943639755
YER112W,YOL139C,1,-3.343637,0.6277777552604675,0.11299999803304672,0.0066999997943639755
YBR130C,YBR167C,0,-3.3440976,0.6243094205856323,0.11299999803304672,0.006800000090152025
YDL165W,YMR234W,1,-3.349069,0.6263736486434937,0.11400000005960464,0.006800000090152025
YER171W,YFL005W,0,-3.3507676,0.6229507923126221,0.11400000005960464,0.006899999920278788
YOR001W,YPL029W,1,-3.3513741,0.625,0.11500000208616257,0.006899999920278788
YKL032C,YGL099W,0,-3.3526506,0.6216216087341309,0.11500000208616257,0.007000000216066837
YER025W,YPR144C,0,-3.3538413,0.6182795763015747,0.11500000208616257,0.0071000000461936
YER030W,YNL292W,0,-3.354259,0.614973247051239,0.11500000208616257,0.007199999876320362
YLL036C,YAR042W,0,-3.3592277,0.6117021441459656,0.11500000208616257,0.007300000172108412
YIL128W,YIL035C,0,-3.359593,0.6084656119346619,0.11500000208616257,0.007400000002235174
YHR060W,YOL077C,0,-3.3638825,0.6052631735801697,0.11500000208616257,0.007499999832361937
YCR035C,YHR081W,1,-3.3653765,0.6073298454284668,0.11599999666213989,0.007499999832361937
YOR061W,YCR072C,0,-3.3658347,0.6041666865348816,0.11599999666213989,0.007600000128149986
YKL009W,YEL015W,1,-3.3663192,0.606217622756958,0.11699999868869781,0.007600000128149986
YHR030C,YDR247W,0,-3.36768,0.6030927896499634,0.11699999868869781,0.007699999958276749
YIL079C,YEL015W,1,-3.368928,0.6051282286643982,0.11800000071525574,0.007699999958276749
YIL079C,YDL111C,1,-3.3707519,0.6071428656578064,0.11900000274181366,0.007699999958276749
YKL011C,YML093W,0,-3.3742733,0.6040608882904053,0.11900000274181366,0.007799999788403511
YDL165W,YGR195W,1,-3.3744407,0.6060606241226196,0.11999999731779099,0.007799999788403511
YDR303C,YPR190C,0,-3.3762417,0.6030150651931763,0.11999999731779099,0.007899999618530273
YKL108W,YJR002W,0,-3.3806715,0.6000000238418579,0.11999999731779099,0.00800000037997961
YML121W,YOR206W,0,-3.3811312,0.5970149040222168,0.11999999731779099,0.008100000210106373
YJL124C,YHR077C,1,-3.3819551,0.5990098714828491,0.12099999934434891,0.008100000210106373
YER112W,YOL149W,1,-3.3828669,0.6009852290153503,0.12200000137090683,0.008100000210106373
YDR172W,YOR001W,1,-3.3855243,0.6029411554336548,0.12300000339746475,0.008100000210106373
YHR197W,YMR112C,0,-3.3862934,0.6000000238418579,0.12300000339746475,0.008200000040233135
YCL059C,YDR098C,0,-3.3892488,0.5970873832702637,0.12300000339746475,0.008299999870359898
YJL209W,YHR081W,1,-3.389989,0.5990338325500488,0.12399999797344208,0.008299999870359898
YOL115W,YGL213C,1,-3.3905869,0.6009615659713745,0.125,0.008299999870359898
YOR261C,YDL074C,0,-3.3912468,0.5980861186981201,0.125,0.00839999970048666
YJL034W,YJR045C,0,-3.3915591,0.5952380895614624,0.125,0.008500000461935997
YGR083C,YBR245C,0,-3.3927112,0.5924170613288879,0.125,0.00860000029206276
YIL038C,YMR234W,1,-3.3983097,0.5943396091461182,0.12600000202655792,0.00860000029206276
YNL163C,YOR346W,0,-3.3992,0.591549277305603,0.12600000202655792,0.008700000122189522
YBL026W,YOL139C,1,-3.4004045,0.5934579372406006,0.12700000405311584,0.008700000122189522
YNL016W,YOL142W,1,-3.4042883,0.5953488349914551,0.12800000607967377,0.008700000122189522
YGL014W,YCR035C,1,-3.4052396,0.5972222089767456,0.1289999932050705,0.008700000122189522
YDL165W,YHR081W,1,-3.4061031,0.599078357219696,0.12999999523162842,0.008700000122189522
YPR187W,YBR156C,0,-3.4063492,0.5963302850723267,0.12999999523162842,0.008799999952316284
YOL115W,YNL016W,1,-3.4078546,0.5981734991073608,0.13099999725818634,0.008799999952316284
YHR077C,YDL111C,1,-3.4102845,0.6000000238418579,0.13199999928474426,0.008799999952316284
YLR212C,YDR037W,0,-3.4142714,0.5972850918769836,0.13199999928474426,0.008899999782443047
YHR077C,YKL009W,1,-3.417365,0.5990990996360779,0.13300000131130219,0.008899999782443047
YER016W,YHR065C,0,-3.4177403,0.5964125394821167,0.13300000131130219,0.008999999612569809
YGL014W,YNL016W,1,-3.4177523,0.5982142686843872,0.1340000033378601,0.008999999612569809
YOL149W,YER146W,1,-3.4186301,0.6000000238418579,0.13500000536441803,0.008999999612569809
YMR309C,YBR110W,0,-3.4253569,0.5973451137542725,0.13500000536441803,0.009100000374019146
YPR189W,YCR035C,1,-3.4278622,0.5991189479827881,0.13600000739097595,0.009100000374019146
YJL140W,YJL050W,1,-3.434176,0.6008771657943726,0.13699999451637268,0.009100000374019146
YJL208C,YDL165W,1,-3.4347868,0.6026200652122498,0.1379999965429306,0.009100000374019146
YCR053W,YLR088W,0,-3.437118,0.6000000238418579,0.1379999965429306,0.009200000204145908
YNL259C,YKR081C,0,-3.4375868,0.5974025726318359,0.1379999965429306,0.00930000003427267
YPL050C,YPR010C,0,-3.4388237,0.5948275923728943,0.1379999965429306,0.009399999864399433
YDR172W,YKL009W,1,-3.4388738,0.5965664982795715,0.13899999856948853,0.009399999864399433
YLR435W,YJR076C,0,-3.4423761,0.5940170884132385,0.13899999856948853,0.009499999694526196
YLR003C,YPL065W,0,-3.4433494,0.5914893746376038,0.13899999856948853,0.009600000455975533
YMR001C,YJR144W,0,-3.4457283,0.5889830589294434,0.13899999856948853,0.009700000286102295
YHL003C,YPR190C,0,-3.4463534,0.5864979028701782,0.13899999856948853,0.009800000116229057
YLR186W,YOR033C,0,-3.4481835,0.5840336084365845,0.13899999856948853,0.00989999994635582
YER003C,YLR002C,0,-3.448915,0.581589937210083,0.13899999856948853,0.009999999776482582
YCR020C,YCL034W,0,-3.4502802,0.5791666507720947,0.13899999856948853,0.010099999606609344
YGR030C,YDR469W,0,-3.4524994,0.5767635107040405,0.13899999856948853,0.010200000368058681
YNL062C,YDR025W,0,-3.4525461,0.5743801593780518,0.13899999856948853,0.010300000198185444
YDR062W,YPR144C,0,-3.4525757,0.5720164775848389,0.13899999856948853,0.010400000028312206
YIL079C,YDL175C,1,-3.456304,0.5737704634666443,0.14000000059604645,0.010400000028312206
YDR188W,YLL061W,0,-3.4615479,0.5714285969734192,0.14000000059604645,0.010499999858438969
YLR102C,YCR020C,0,-3.4620028,0.5691056847572327,0.14000000059604645,0.010599999688565731
YNL112W,YIL038C,1,-3.4634862,0.5708501935005188,0.14100000262260437,0.010599999688565731
YLR335W,YJL148W,0,-3.4639788,0.5685483813285828,0.14100000262260437,0.010700000450015068
YJL008C,YEL003W,0,-3.465919,0.5662650465965271,0.14100000262260437,0.01080000028014183
YKL009W,YNL118C,1,-3.4664526,0.5680000185966492,0.1420000046491623,0.01080000028014183
YHR077C,YBL026W,1,-3.4678879,0.5697211027145386,0.14300000667572021,0.01080000028014183
YLR186W,YHR193C,0,-3.4699564,0.567460298538208,0.14300000667572021,0.010900000110268593
YFL049W,YJL125C,0,-3.4772725,0.5652173757553101,0.14300000667572021,0.010999999940395355
YJL050W,YCR035C,1,-3.4786696,0.5669291615486145,0.14399999380111694,0.010999999940395355
YDR181C,YKL099C,0,-3.478716,0.5647059082984924,0.14399999380111694,0.011099999770522118
YOL054W,YKL172W,0,-3.4790072,0.5625,0.14399999380111694,0.01119999960064888
YNL016W,YIL079C,1,-3.4797525,0.5642023086547852,0.14499999582767487,0.01119999960064888
YIL079C,YER146W,1,-3.4805346,0.565891444683075,0.1459999978542328,0.01119999960064888
YCR035C,YDL160C,1,-3.480945,0.5675675868988037,0.1469999998807907,0.01119999960064888
YLR009W,YKL112W,0,-3.4820876,0.5653846263885498,0.1469999998807907,0.011300000362098217
YBL026W,YIL079C,1,-3.483214,0.5670498013496399,0.14800000190734863,0.011300000362098217
YKR056W,YML005W,0,-3.4834485,0.5648854970932007,0.14800000190734863,0.01140000019222498
YML005W,YDR429C,0,-3.4839344,0.5627376437187195,0.14800000190734863,0.011500000022351742
YER031C,YCR072C,0,-3.4839401,0.560606062412262,0.14800000190734863,0.011599999852478504
YLR398C,YDL111C,1,-3.4852815,0.5622641444206238,0.14900000393390656,0.011599999852478504
YOR001W,YDL111C,1,-3.4855995,0.5639097690582275,0.15000000596046448,0.011599999852478504
YGL014W,YGL213C,1,-3.487225,0.5655430555343628,0.1509999930858612,0.011599999852478504
YJL208C,YLR398C,1,-3.4901204,0.5671641826629639,0.15199999511241913,0.011599999852478504
YKR048C,YMR165C,0,-3.4906273,0.565055787563324,0.15199999511241913,0.011699999682605267
YLR363C,YCR035C,1,-3.4932637,0.5666666626930237,0.15299999713897705,0.011699999682605267
YLR003C,YDR207C,0,-3.4946742,0.5645756721496582,0.15299999713897705,0.011800000444054604
YOR076C,YOR001W,1,-3.4958615,0.5661764740943909,0.15399999916553497,0.011800000444054604
YMR312W,YNL038W,0,-3.4958677,0.5641025900840759,0.15399999916553497,0.011900000274181366
YER049W,YGL014W,1,-3.4973593,0.5656934380531311,0.1550000011920929,0.011900000274181366
YGR186W,YHR088W,0,-3.4973807,0.5636363625526428,0.1550000011920929,0.012000000104308128
YJL173C,YDR478W,0,-3.4976816,0.5615941882133484,0.1550000011920929,0.01209999993443489
YKL082C,YGL151W,0,-3.499373,0.5595667958259583,0.1550000011920929,0.012199999764561653
YBR167C,YKR060W,0,-3.4993877,0.5575539469718933,0.1550000011920929,0.012299999594688416
YDR023W,YLR274W,0,-3.499627,0.5555555820465088,0.1550000011920929,0.012400000356137753
YHR089C,YJR076C,0,-3.499989,0.5535714030265808,0.1550000011920929,0.012500000186264515
YDR256C,YJR070C,0,-3.5027223,0.5516014099121094,0.1550000011920929,0.012600000016391277
YBL026W,YDL175C,1,-3.5030842,0.5531914830207825,0.15600000321865082,0.012600000016391277
YGL014W,YJL050W,1,-3.503707,0.554770290851593,0.15700000524520874,0.012600000016391277
YLR200W,YAL025C,0,-3.504191,0.5528169274330139,0.15700000524520874,0.01269999984651804
YBR167C,YIL035C,0,-3.504642,0.5508772134780884,0.15700000524520874,0.012799999676644802
YHR090C,YKL082C,0,-3.5071096,0.5489510297775269,0.15700000524520874,0.012900000438094139
YGL105W,YOR206W,0,-3.5074792,0.5470383167266846,0.15700000524520874,0.013000000268220901
YKL205W,YKR083C,0,-3.5077667,0.5451388955116272,0.15700000524520874,0.013100000098347664
YNL016W,YHR081W,1,-3.5085735,0.5467128157615662,0.15800000727176666,0.013100000098347664
YDR172W,YJL209W,1,-3.5112767,0.548275887966156,0.1589999943971634,0.013100000098347664
YIL021W,YCL063W,0,-3.5134392,0.5463917255401611,0.1589999943971634,0.013199999928474426
YIL038C,YHR081W,1,-3.5134711,0.5479452013969421,0.1599999964237213,0.013199999928474426
YIL079C,YOL139C,1,-3.5137367,0.5494880676269531,0.16099999845027924,0.013199999928474426
YGL014W,YGR195W,1,-3.5169067,0.5510203838348389,0.16200000047683716,0.013199999928474426
YCL031C,YML046W,0,-3.5184908,0.5491525530815125,0.16200000047683716,0.013299999758601189
YER049W,YOL115W,1,-3.520873,0.5506756901741028,0.16300000250339508,0.013299999758601189
YLR401C,YGL162W,0,-3.5223198,0.5488215684890747,0.16300000250339508,0.013399999588727951
YGL086W,YHR193C,0,-3.5234904,0.5469798445701599,0.16300000250339508,0.013500000350177288
YDL033C,YPL093W,0,-3.5236402,0.5451505184173584,0.16300000250339508,0.01360000018030405
YGL166W,YML016C,0,-3.524619,0.5433333516120911,0.16300000250339508,0.013700000010430813
YBL026W,YER146W,1,-3.5247927,0.5448504686355591,0.164000004529953,0.013700000010430813
YLR068W,YDR071C,0,-3.525044,0.5430463552474976,0.164000004529953,0.013799999840557575
YHR077C,YHR081W,1,-3.5261197,0.5445544719696045,0.16500000655651093,0.013799999840557575
YNL118C,YDL111C,1,-3.5304313,0.5460526347160339,0.16599999368190765,0.013799999840557575
YDL165W,YCR035C,1,-3.532865,0.5475409626960754,0.16699999570846558,0.013799999840557575
YIR021W,YGL029W,0,-3.5342426,0.5457516312599182,0.16699999570846558,0.013899999670684338
YER036C,YPL254W,0,-3.5347419,0.5439739227294922,0.16699999570846558,0.014000000432133675
YIL038C,YGR195W,1,-3.536366,0.5454545617103577,0.1679999977350235,0.014000000432133675
YKL205W,YER016W,0,-3.537457,0.5436893105506897,0.1679999977350235,0.014100000262260437
YMR128W,YBR091C,0,-3.5376463,0.5419355034828186,0.1679999977350235,0.0142000000923872
YIL038C,YOL139C,1,-3.53824,0.5434083342552185,0.16899999976158142,0.0142000000923872
YJL208C,YGR195W,1,-3.5397801,0.5448718070983887,0.17000000178813934,0.0142000000923872
YOR001W,YOL142W,1,-3.543509,0.5463258624076843,0.17100000381469727,0.0142000000923872
YML114C,YKR024C,0,-3.5447497,0.5445860028266907,0.17100000381469727,0.014299999922513962
YER020W,YEL063C,0,-3.5452409,0.5428571701049805,0.17100000381469727,0.014399999752640724
YGL037C,YDL055C,0,-3.5452886,0.5411392450332642,0.17100000381469727,0.014499999582767487
YNL225C,YDL108W,0,-3.546249,0.539432168006897,0.17100000381469727,0.014600000344216824
YLR363C,YDL111C,1,-3.547429,0.5408805012702942,0.1720000058412552,0.014600000344216824
YPR072W,YDL111C,1,-3.5482264,0.5423197746276855,0.17299999296665192,0.014600000344216824
YJL176C,YDR037W,0,-3.5488281,0.5406249761581421,0.17299999296665192,0.014700000174343586
YDL165W,YDL111C,1,-3.550136,0.5420560836791992,0.17399999499320984,0.014700000174343586
YJL140W,YBL026W,1,-3.5502648,0.54347825050354,0.17499999701976776,0.014700000174343586
YDL111C,YDL160C,1,-3.550284,0.5448916554450989,0.17599999904632568,0.014700000174343586
YPL098C,YHR089C,0,-3.5505595,0.5432098507881165,0.17599999904632568,0.014800000004470348
YJL208C,YDR378C,1,-3.5513964,0.5446153879165649,0.1770000010728836,0.014800000004470348
YLR003C,YAL026C,0,-3.5529513,0.5429447889328003,0.1770000010728836,0.01489999983459711
YGL171W,YML112W,0,-3.553743,0.5412843823432922,0.1770000010728836,0.014999999664723873
YGL014W,YMR234W,1,-3.554964,0.542682945728302,0.17800000309944153,0.014999999664723873
YOR212W,YPR190C,0,-3.5555897,0.5410334467887878,0.17800000309944153,0.01510000042617321
YDR172W,YHR077C,1,-3.5592527,0.5424242615699768,0.17900000512599945,0.01510000042617321
YNL112W,YNL118C,1,-3.5593534,0.5438066720962524,0.18000000715255737,0.01510000042617321
YDL064W,YDL074C,0,-3.5594978,0.5421686768531799,0.18000000715255737,0.015200000256299973
YLR181C,YLR335W,0,-3.560245,0.5405405163764954,0.18000000715255737,0.015300000086426735
YER147C,YLR275W,0,-3.5605145,0.538922131061554,0.18000000715255737,0.015399999916553497
YOL077C,YNL286W,0,-3.56248,0.5373134613037109,0.18000000715255737,0.01549999974668026
YNL112W,YGR195W,1,-3.5638351,0.538690447807312,0.1809999942779541,0.01549999974668026
YMR061W,YHR005C,0,-3.5645418,0.5370919704437256,0.1809999942779541,0.015599999576807022
YJL050W,YCR077C,1,-3.5654535,0.5384615659713745,0.18199999630451202,0.015599999576807022
YHL020C,YDR364C,0,-3.5658965,0.5368731617927551,0.18199999630451202,0.015699999406933784
YDR172W,YJL050W,1,-3.5659971,0.5382353067398071,0.18299999833106995,0.015699999406933784
YDL042C,YOL125W,0,-3.56602,0.53665691614151,0.18299999833106995,0.015799999237060547
YIL079C,YOL149W,1,-3.5666318,0.5380116701126099,0.18400000035762787,0.015799999237060547
YCR037C,YPR122W,0,-3.5671258,0.5364431738853455,0.18400000035762787,0.01590000092983246
YIL079C,YJL209W,1,-3.5677438,0.5377907156944275,0.1850000023841858,0.01590000092983246
YJL050W,YER146W,1,-3.5682874,0.539130449295044,0.1860000044107437,0.01590000092983246
YKL009W,YPL029W,1,-3.5706387,0.5404624342918396,0.18700000643730164,0.01590000092983246
YER049W,YPL029W,1,-3.5708227,0.5417867302894592,0.18799999356269836,0.01590000092983246
YBR247C,YML048W,0,-3.571083,0.540229856967926,0.18799999356269836,0.01600000075995922
YNL016W,YGR195W,1,-3.5734377,0.5415472984313965,0.1889999955892563,0.01600000075995922
YER022W,YPR143W,0,-3.5759983,0.5400000214576721,0.1889999955892563,0.016100000590085983
YDR228C,YDR334W,0,-3.5760698,0.5384615659713745,0.1889999955892563,0.016200000420212746
YBR167C,YGR083C,0,-3.5770392,0.5369318127632141,0.1889999955892563,0.016300000250339508
YDR339C,YDL064W,0,-3.5778484,0.5354107618331909,0.1889999955892563,0.01640000008046627
YJL050W,YEL015W,1,-3.5799217,0.5367231369018555,0.1899999976158142,0.01640000008046627
YJR006W,YNL288W,0,-3.5811658,0.5352112650871277,0.1899999976158142,0.016499999910593033
YNL112W,YDR172W,1,-3.5814419,0.5365168452262878,0.19099999964237213,0.016499999910593033
YNL097C,YGR169C,0,-3.581962,0.5350140333175659,0.19099999964237213,0.016599999740719795
YDR172W,YPR189W,1,-3.5826573,0.5363128781318665,0.19200000166893005,0.016599999740719795
YFR046C,YDR145W,0,-3.582725,0.5348189473152161,0.19200000166893005,0.016699999570846558
YGR169C,YFR001W,0,-3.5833855,0.5333333611488342,0.19200000166893005,0.01679999940097332
YER049W,YNL112W,1,-3.5835834,0.5346260666847229,0.19300000369548798,0.01679999940097332
YJL050W,YMR234W,1,-3.5847425,0.5359116196632385,0.1940000057220459,0.01679999940097332
YOR001W,YIL079C,1,-3.5898762,0.5371900796890259,0.19499999284744263,0.01679999940097332
YDR440W,YDL014W,0,-3.5898948,0.5357142686843872,0.19499999284744263,0.016899999231100082
YGL043W,YDR245W,0,-3.5914412,0.534246563911438,0.19499999284744263,0.017000000923871994
YKL113C,YBR091C,0,-3.5921211,0.5327869057655334,0.19499999284744263,0.017100000753998756
YIL038C,YKL009W,1,-3.5925941,0.5340599417686462,0.19599999487400055,0.017100000753998756
YAL009W,YOR212W,0,-3.5994105,0.532608687877655,0.19599999487400055,0.01720000058412552
YNL169C,YKR024C,0,-3.5994449,0.5311653017997742,0.19599999487400055,0.01730000041425228
YOR281C,YPR010C,0,-3.6007667,0.5297297239303589,0.19599999487400055,0.017400000244379044
YML005W,YOR244W,0,-3.6036315,0.5283018946647644,0.19599999487400055,0.017500000074505806
YCR035C,YPL029W,1,-3.6039605,0.5295698642730713,0.19699999690055847,0.017500000074505806
YLR449W,YIL085C,0,-3.6043105,0.5281501412391663,0.19699999690055847,0.01759999990463257
YHR058C,YDR434W,0,-3.6053634,0.5267379879951477,0.19699999690055847,0.01769999973475933
YJL069C,YJL081C,0,-3.605657,0.5253333449363708,0.19699999690055847,0.017799999564886093
YNL317W,YJL010C,0,-3.6056743,0.5239361524581909,0.19699999690055847,0.017899999395012856
YJL208C,YNL016W,1,-3.6091256,0.5251989364624023,0.1979999989271164,0.017899999395012856
YNL112W,YOL142W,1,-3.6095066,0.5264550447463989,0.19900000095367432,0.017899999395012856
YMR283C,YJL148W,0,-3.610201,0.5250659584999084,0.19900000095367432,0.017999999225139618
YNL272C,YDR023W,0,-3.6108947,0.5236842036247253,0.19900000095367432,0.01810000091791153
YLR226W,YFR001W,0,-3.6112761,0.5223097205162048,0.19900000095367432,0.018200000748038292
YKL079W,YDR037W,0,-3.6113677,0.5209423899650574,0.19900000095367432,0.018300000578165054
YJR063W,YDL051W,0,-3.6125126,0.5195822715759277,0.19900000095367432,0.018400000408291817
YML065W,YGL029W,0,-3.6154733,0.5182291865348816,0.19900000095367432,0.01850000023841858
YPL267W,YHR060W,0,-3.6159644,0.516883134841919,0.19900000095367432,0.01860000006854534
YOR001W,YMR234W,1,-3.6167135,0.5181347131729126,0.20000000298023224,0.01860000006854534
YML113W,YNL188W,0,-3.6183243,0.5167958736419678,0.20000000298023224,0.018699999898672104
YBR106W,YJL117W,0,-3.618505,0.5154638886451721,0.20000000298023224,0.018799999728798866
YNL272C,YER021W,0,-3.6201797,0.5141388177871704,0.20000000298023224,0.01889999955892563
YOL115W,YGR195W,1,-3.6213226,0.5153846144676208,0.20100000500679016,0.01889999955892563
YER147C,YOR244W,0,-3.6214104,0.5140665173530579,0.20100000500679016,0.01899999938905239
YLR223C,YNL153C,0,-3.6239362,0.5127550959587097,0.20100000500679016,0.019099999219179153
YLR398C,YHR081W,1,-3.6239815,0.5139949321746826,0.20200000703334808,0.019099999219179153
YML043C,YGL232W,0,-3.6240926,0.5126903653144836,0.20200000703334808,0.019200000911951065
YNL002C,YNL070W,0,-3.6249418,0.5113924145698547,0.20200000703334808,0.019300000742077827
YLR401C,YJL117W,0,-3.62501,0.5101010203361511,0.20200000703334808,0.01940000057220459
YIL079C,YDL160C,1,-3.6258492,0.511335015296936,0.2029999941587448,0.01940000057220459
YOL142W,YJL209W,1,-3.626113,0.5125628113746643,0.20399999618530273,0.01940000057220459
YJL124C,YGL014W,1,-3.6261444,0.5137844681739807,0.20499999821186066,0.01940000057220459
YIL038C,YBL026W,1,-3.6263804,0.5149999856948853,0.20600000023841858,0.01940000057220459
YNL112W,YJL124C,1,-3.6287289,0.5162094831466675,0.2070000022649765,0.01940000057220459
YDR172W,YGR195W,1,-3.6295547,0.5174129605293274,0.20800000429153442,0.01940000057220459
YDL031W,YBR121C,0,-3.6300955,0.5161290168762207,0.20800000429153442,0.019500000402331352
YDR052C,YJR070C,0,-3.631259,0.5148515105247498,0.20800000429153442,0.019600000232458115
YHR169W,YOR244W,0,-3.6323638,0.5135802626609802,0.20800000429153442,0.019700000062584877
YHR118C,YNL030W,0,-3.63243,0.5123152732849121,0.20800000429153442,0.01979999989271164
YDR172W,YBL026W,1,-3.633101,0.5135135054588318,0.20900000631809235,0.01979999989271164
YDL165W,YIL079C,1,-3.6333866,0.5147058963775635,0.20999999344348907,0.01979999989271164
YGL112C,YOR030W,0,-3.6345387,0.5134474039077759,0.20999999344348907,0.019899999722838402
YPR189W,YOL149W,1,-3.636273,0.5146341323852539,0.210999995470047,0.019899999722838402
YJL209W,YOL149W,1,-3.6376138,0.5158150792121887,0.21199999749660492,0.019899999722838402
YNL002C,YOR179C,0,-3.6401,0.5145630836486816,0.21199999749660492,0.019999999552965164
YER002W,YEL037C,0,-3.6412477,0.5133171677589417,0.21199999749660492,0.020099999383091927
YHR077C,YMR234W,1,-3.643578,0.5144927501678467,0.21299999952316284,0.020099999383091927
YJR119C,YER054C,0,-3.6447263,0.5132530331611633,0.21299999952316284,0.02019999921321869
YJL034W,YIL105C,0,-3.645513,0.5120192170143127,0.21299999952316284,0.0203000009059906
YHR039C-A,YJR069C,0,-3.6474853,0.5107913613319397,0.21299999952316284,0.020400000736117363
YJL122W,YKL120W,0,-3.6484313,0.5095694065093994,0.21299999952316284,0.020500000566244125
YBR060C,YDL051W,0,-3.648984,0.5083532333374023,0.21299999952316284,0.020600000396370888
YOR001W,YDL175C,1,-3.6512718,0.5095238089561462,0.21400000154972076,0.020600000396370888
YBL022C,YMR167W,0,-3.6514697,0.5083135366439819,0.21400000154972076,0.02070000022649765
YHR081W,YPL029W,1,-3.6519785,0.5094786882400513,0.2150000035762787,0.02070000022649765
YGL255W,YJL056C,0,-3.6521845,0.508274257183075,0.2150000035762787,0.020800000056624413
YDR172W,YHR081W,1,-3.652546,0.5094339847564697,0.2160000056028366,0.020800000056624413
YPR018W,YER148W,0,-3.6549187,0.5082352757453918,0.2160000056028366,0.020899999886751175
YJL198W,YGL106W,0,-3.6556263,0.5070422291755676,0.2160000056028366,0.020999999716877937
YKL009W,YOL139C,1,-3.656743,0.5081967115402222,0.21699999272823334,0.020999999716877937
YDR181C,YLR126C,0,-3.657318,0.5070093274116516,0.21699999272823334,0.0210999995470047
YGR158C,YJL209W,1,-3.6597157,0.5081585049629211,0.21799999475479126,0.0210999995470047
YJL179W,YGL092W,0,-3.6629553,0.5069767236709595,0.21799999475479126,0.021199999377131462
YJL124C,YOL139C,1,-3.6634374,0.5081206560134888,0.21899999678134918,0.021199999377131462
YMR005W,YOR145C,0,-3.6665654,0.5069444179534912,0.21899999678134918,0.021299999207258224
YOL125W,YOR159C,0,-3.6679106,0.505773663520813,0.21899999678134918,0.021400000900030136
YLR442C,YLR355C,0,-3.6691475,0.5046082735061646,0.21899999678134918,0.0215000007301569
YIL138C,YLR399C,0,-3.6715999,0.5034482479095459,0.21899999678134918,0.02160000056028366
YNL112W,YIL079C,1,-3.6718988,0.5045871734619141,0.2199999988079071,0.02160000056028366
YGR158C,YER146W,1,-3.6720796,0.5057207942008972,0.22100000083446503,0.02160000056028366
YGL014W,YDL175C,1,-3.6731467,0.5068492889404297,0.22200000286102295,0.02160000056028366
YBR060C,YPR190C,0,-3.673473,0.5056947469711304,0.22200000286102295,0.021700000390410423
YHR169W,YDR252W,0,-3.67388,0.5045454502105713,0.22200000286102295,0.021800000220537186
YJL124C,YJL050W,1,-3.6761327,0.5056689381599426,0.22300000488758087,0.021800000220537186
YER049W,YOL149W,1,-3.677061,0.5067873597145081,0.2240000069141388,0.021800000220537186
YMR214W,YOR007C,0,-3.6777353,0.505643367767334,0.2240000069141388,0.021900000050663948
YER122C,YER012W,0,-3.6800451,0.5045045018196106,0.2240000069141388,0.02199999988079071
YEL026W,YIL035C,0,-3.6803808,0.5033707618713379,0.2240000069141388,0.022099999710917473
YOL144W,YGR285C,0,-3.6804852,0.5022421479225159,0.2240000069141388,0.022199999541044235
YOR076C,YER049W,1,-3.680922,0.5033556818962097,0.22499999403953552,0.022199999541044235
YMR309C,YDR183W,0,-3.6825328,0.5022321343421936,0.22499999403953552,0.022299999371170998
YGR116W,YGR167W,0,-3.683527,0.5011135935783386,0.22499999403953552,0.02239999920129776
YPR072W,YOR001W,1,-3.6856136,0.5022222399711609,0.22599999606609344,0.02239999920129776
YGR098C,YGR264C,0,-3.688458,0.5011086463928223,0.22599999606609344,0.02250000089406967
YER031C,YGR245C,0,-3.6896214,0.5,0.22599999606609344,0.022600000724196434
YPL188W,YBR293W,0,-3.6897464,0.4988962411880493,0.22599999606609344,0.022700000554323196
YGR162W,YDL005C,0,-3.6906009,0.4977973699569702,0.22599999606609344,0.02280000038444996
YAL025C,YMR128W,0,-3.6933746,0.49670329689979553,0.22599999606609344,0.02290000021457672
YML065W,YLR068W,0,-3.6938682,0.49561402201652527,0.22599999606609344,0.023000000044703484
YGR220C,YHR088W,0,-3.6955743,0.4945295453071594,0.22599999606609344,0.023099999874830246
YDL175C,YOL142W,1,-3.6966453,0.49563318490982056,0.22699999809265137,0.023099999874830246
YNL163C,YGL207W,0,-3.6968508,0.4945533871650696,0.22699999809265137,0.02319999970495701
YGL078C,YER171W,0,-3.6992826,0.49347826838493347,0.22699999809265137,0.02329999953508377
YOL115W,YIL079C,1,-3.7015357,0.494577020406723,0.2280000001192093,0.02329999953508377
YHR077C,YGR195W,1,-3.7016802,0.49567100405693054,0.2290000021457672,0.02329999953508377
YGR158C,YOL149W,1,-3.7022052,0.4967602491378784,0.23000000417232513,0.02329999953508377
YLR262C,YBR121C,0,-3.7044282,0.49568966031074524,0.23000000417232513,0.023399999365210533
YDL175C,YCR035C,1,-3.7047076,0.49677419662475586,0.23100000619888306,0.023399999365210533
YGR211W,YMR309C,0,-3.7050796,0.495708167552948,0.23100000619888306,0.023499999195337296
YJL208C,YPL029W,1,-3.705398,0.49678799510002136,0.23199999332427979,0.023499999195337296
YPL271W,YIL066C,0,-3.7080579,0.49572649598121643,0.23199999332427979,0.023600000888109207
YML132W,YNR044W,0,-3.7083712,0.49466949701309204,0.23199999332427979,0.02370000071823597
YBR198C,YLR147C,0,-3.708754,0.4936170279979706,0.23199999332427979,0.023800000548362732
YBR091C,YJR135W-A,0,-3.709217,0.4925689995288849,0.23199999332427979,0.023900000378489494
YJL208C,YCR035C,1,-3.7104383,0.4936440587043762,0.2329999953508377,0.023900000378489494
YCL055W,YPR175W,0,-3.7113447,0.4926004111766815,0.2329999953508377,0.024000000208616257
YER049W,YHR081W,1,-3.711555,0.49367088079452515,0.23399999737739563,0.024000000208616257
YKL110C,YNL272C,0,-3.7131119,0.49263158440589905,0.23399999737739563,0.02410000003874302
YDR108W,YDL112W,0,-3.713231,0.49159663915634155,0.23399999737739563,0.02419999986886978
YDR446W,YKL028W,0,-3.7135344,0.49056604504585266,0.23399999737739563,0.024299999698996544
YBR004C,YDR046C,0,-3.7158852,0.4895397424697876,0.23399999737739563,0.024399999529123306
YPL224C,YAL002W,0,-3.7161298,0.48851773142814636,0.23399999737739563,0.02449999935925007
YPL093W,YPL227C,0,-3.7171817,0.48750001192092896,0.23399999737739563,0.02459999918937683
YKL079W,YGL151W,0,-3.7199674,0.4864864945411682,0.23399999737739563,0.024700000882148743
YJL025W,YDR312W,0,-3.7210102,0.48547717928886414,0.23399999737739563,0.024800000712275505
YBR086C,YFL037W,0,-3.7213879,0.48447203636169434,0.23399999737739563,0.024900000542402267
YDR172W,YDL175C,1,-3.722485,0.48553720116615295,0.23499999940395355,0.024900000542402267
YGL244W,YMR061W,0,-3.7242832,0.4845360815525055,0.23499999940395355,0.02500000037252903
YHR077C,YOR001W,1,-3.724338,0.4855967164039612,0.23600000143051147,0.02500000037252903
YNL330C,YBR215W,0,-3.7245183,0.48459959030151367,0.23600000143051147,0.025100000202655792
YLR383W,YHR143W-A,0,-3.7258716,0.4836065471172333,0.23600000143051147,0.025200000032782555
YPR110C,YAL024C,0,-3.7265506,0.48261758685112,0.23600000143051147,0.025299999862909317
YNL016W,YCR035C,1,-3.728764,0.48367348313331604,0.2370000034570694,0.025299999862909317
YKL009W,YGL213C,1,-3.7306657,0.48472505807876587,0.23800000548362732,0.025299999862909317
YDR339C,YDL076C,0,-3.7309546,0.48373982310295105,0.23800000548362732,0.02539999969303608
YDR138W,YKL099C,0,-3.7339692,0.48275861144065857,0.23800000548362732,0.025499999523162842
YLR106C,YBL063W,0,-3.737166,0.48178136348724365,0.23800000548362732,0.025599999353289604
YPR072W,YJL209W,1,-3.7378373,0.482828289270401,0.23899999260902405,0.025599999353289604
YDR190C,YDR312W,0,-3.7385411,0.4818548262119293,0.23899999260902405,0.025699999183416367
YLR015W,YNL246W,0,-3.7406998,0.4808852970600128,0.23899999260902405,0.025800000876188278
YGR177C,YDR243C,0,-3.7421308,0.4799196720123291,0.23899999260902405,0.02590000070631504
YGL113W,YKL074C,0,-3.7427049,0.4789579212665558,0.23899999260902405,0.026000000536441803
YLR442C,YOL144W,0,-3.7434769,0.4779999852180481,0.23899999260902405,0.026100000366568565
YLR197W,YGR024C,0,-3.7454023,0.4770458936691284,0.23899999260902405,0.026200000196695328
YPL239W,YGR275W,0,-3.7468772,0.47609561681747437,0.23899999260902405,0.02630000002682209
YGR104C,YKR081C,0,-3.747501,0.47514909505844116,0.23899999260902405,0.026399999856948853
YLR226W,YKL025C,0,-3.7475371,0.4742063581943512,0.23899999260902405,0.026499999687075615
YOR025W,YMR202W,0,-3.7487626,0.4732673168182373,0.23899999260902405,0.026599999517202377
YHR169W,YER030W,0,-3.7490659,0.47233203053474426,0.23899999260902405,0.02669999934732914
YJL124C,YOL149W,1,-3.7508774,0.47337278723716736,0.23999999463558197,0.02669999934732914
YNL112W,YLR398C,1,-3.7533255,0.47440946102142334,0.2409999966621399,0.02669999934732914
YOR069W,YDL084W,0,-3.7564268,0.47347739338874817,0.2409999966621399,0.026799999177455902
YBR081C,YJR002W,0,-3.7575488,0.4725490212440491,0.2409999966621399,0.026900000870227814
YDR190C,YPL008W,0,-3.7578497,0.4716242551803589,0.2409999966621399,0.027000000700354576
YKL040C,YDR091C,0,-3.7578645,0.470703125,0.2409999966621399,0.02710000053048134
YNL167C,YOR298W,0,-3.760426,0.46978557109832764,0.2409999966621399,0.0272000003606081
YIL019W,YGR186W,0,-3.7614493,0.4688715934753418,0.2409999966621399,0.027300000190734863
YER049W,YDR172W,1,-3.7615008,0.469902902841568,0.24199999868869781,0.027300000190734863
YNL112W,YKL149C,1,-3.7623343,0.47093021869659424,0.24300000071525574,0.027300000190734863
YOR367W,YGL061C,0,-3.7623458,0.4700193405151367,0.24300000071525574,0.027400000020861626
YDR424C,YGR162W,0,-3.7631407,0.46911197900772095,0.24300000071525574,0.027499999850988388
YOR371C,YDL230W,0,-3.7637534,0.46820810437202454,0.24300000071525574,0.02759999968111515
YPR009W,YIL138C,0,-3.7638626,0.4673076868057251,0.24300000071525574,0.027699999511241913
YOR206W,YNL119W,0,-3.7646394,0.466410756111145,0.24300000071525574,0.027799999341368675
YER112W,YMR234W,1,-3.7651362,0.4674329459667206,0.24400000274181366,0.027799999341368675
YNL112W,YDL175C,1,-3.765265,0.46845123171806335,0.24500000476837158,0.027799999341368675
YPR025C,YKL028W,0,-3.7654743,0.46755725145339966,0.24500000476837158,0.027899999171495438
YNL016W,YDL160C,1,-3.7665186,0.46857142448425293,0.2460000067949295,0.027899999171495438
YER146W,YGR195W,1,-3.767097,0.4695817530155182,0.24699999392032623,0.027899999171495438
YER133W,YKL021C,0,-3.7685785,0.4686906933784485,0.24699999392032623,0.02800000086426735
YNL231C,YKR060W,0,-3.768746,0.467803031206131,0.24699999392032623,0.02810000069439411
YGL257C,YDR190C,0,-3.7698793,0.4669187068939209,0.24699999392032623,0.028200000524520874
YNL161W,YLR417W,0,-3.7704973,0.4660377502441406,0.24699999392032623,0.028300000354647636
YJL069C,YKL045W,0,-3.7712631,0.465160071849823,0.24699999392032623,0.0284000001847744
YGR145W,YGR047C,0,-3.7714381,0.4642857015132904,0.24699999392032623,0.02850000001490116
YGL014W,YHR081W,1,-3.7715697,0.4652908146381378,0.24799999594688416,0.02850000001490116
YOR212W,YCL059C,0,-3.7717237,0.46441948413848877,0.24799999594688416,0.028599999845027924
YPL239W,YBL024W,0,-3.7722669,0.46355140209198,0.24799999594688416,0.028699999675154686
YJL008C,YLR433C,0,-3.772447,0.46268656849861145,0.24799999594688416,0.02879999950528145
YGL229C,YHR039C,0,-3.7729516,0.4618249535560608,0.24799999594688416,0.02889999933540821
YLR448W,YLR429W,0,-3.7733488,0.460966557264328,0.24799999594688416,0.028999999165534973
YJL050W,YDL111C,1,-3.7749348,0.4619666039943695,0.24899999797344208,0.028999999165534973
YAL033W,YDL236W,0,-3.775373,0.4611110985279083,0.24899999797344208,0.029100000858306885
YOL013C,YDR043C,0,-3.776566,0.4602587819099426,0.24899999797344208,0.029200000688433647
YNL282W,YGL105W,0,-3.777151,0.45940959453582764,0.24899999797344208,0.02930000051856041
YNR053C,YER016W,0,-3.7784185,0.45856353640556335,0.24899999797344208,0.029400000348687172
YFL049W,YIL095W,0,-3.7799802,0.4577205777168274,0.24899999797344208,0.029500000178813934
YOR074C,YLR051C,0,-3.78011,0.45688074827194214,0.24899999797344208,0.029600000008940697
YLR363C,YDL165W,1,-3.7805762,0.45787546038627625,0.25,0.029600000008940697
YMR316W,YPL213W,0,-3.7815337,0.45703840255737305,0.25,0.02969999983906746
YBR193C,YDR165W,0,-3.7842884,0.4562043845653534,0.25,0.02979999966919422
YGR005C,YOL128C,0,-3.7847915,0.4553734064102173,0.25,0.029899999499320984
YBR198C,YPR187W,0,-3.7866201,0.4545454680919647,0.25,0.029999999329447746
YKR024C,YJR135W-A,0,-3.7876644,0.4537205100059509,0.25,0.03009999915957451
YLR357W,YPL117C,0,-3.7882438,0.4528985619544983,0.25,0.03020000085234642
YDR172W,YJL124C,1,-3.7883644,0.4538878798484802,0.25099998712539673,0.03020000085234642
YLR442C,YKL172W,0,-3.7887306,0.4530685842037201,0.25099998712539673,0.030300000682473183
YHR088W,YER129W,0,-3.7897205,0.45225223898887634,0.25099998712539673,0.030400000512599945
YHR169W,YER089C,0,-3.792696,0.451438844203949,0.25099998712539673,0.030500000342726707
YGR029W,YHR052W,0,-3.7936773,0.4506283700466156,0.25099998712539673,0.03060000017285347
YGL113W,YPR144C,0,-3.7948265,0.44982078671455383,0.25099998712539673,0.030700000002980232
YNL142W,YPL177C,0,-3.7964954,0.44901609420776367,0.25099998712539673,0.030799999833106995
YGR158C,YDL175C,1,-3.7970972,0.44999998807907104,0.25200000405311584,0.030799999833106995
YHR026W,YLL008W,0,-3.7993875,0.4491978585720062,0.25200000405311584,0.030899999663233757
YDL175C,YOL139C,1,-3.7994113,0.450177937746048,0.2529999911785126,0.030899999663233757
YOR244W,YHR143W-A,0,-3.800611,0.4493783414363861,0.2529999911785126,0.03099999949336052
YOR269W,YNL153C,0,-3.801208,0.4485815465450287,0.2529999911785126,0.031099999323487282
YLR242C,YPR103W,0,-3.8019514,0.4477876126766205,0.2529999911785126,0.031199999153614044
YOR076C,YKL009W,1,-3.8025908,0.44876325130462646,0.2540000081062317,0.031199999153614044
YDR245W,YER022W,0,-3.8041906,0.44797179102897644,0.2540000081062317,0.031300000846385956
YIL038C,YOR001W,1,-3.8043861,0.4489436745643616,0.2549999952316284,0.031300000846385956
YDL060W,YNR011C,0,-3.8068528,0.44815465807914734,0.2549999952316284,0.03139999881386757
YFR001W,YOL039W,0,-3.8070984,0.44736841320991516,0.2549999952316284,0.03150000050663948
YJL109C,YNL059C,0,-3.8097782,0.44658493995666504,0.2549999952316284,0.031599998474121094
YDR268W,YDL074C,0,-3.8101516,0.4458042085170746,0.2549999952316284,0.031700000166893005
YNL110C,YJR002W,0,-3.812203,0.4450261890888214,0.2549999952316284,0.03180000185966492
YMR061W,YJL204C,0,-3.8123074,0.4442508816719055,0.2549999952316284,0.03189999982714653
YHR143W-A,YLR088W,0,-3.8141398,0.4434782564640045,0.2549999952316284,0.03200000151991844
YMR128W,YOR210W,0,-3.8146477,0.4427083432674408,0.2549999952316284,0.032099999487400055
YOR047C,YMR044W,0,-3.8149447,0.4419410824775696,0.2549999952316284,0.03220000118017197
YPL083C,YNL199C,0,-3.8150458,0.44117647409439087,0.2549999952316284,0.03229999914765358
YER049W,YNL118C,1,-3.8153868,0.4421416223049164,0.25600001215934753,0.03229999914765358
YGL187C,YMR288W,0,-3.8168344,0.4413793087005615,0.25600001215934753,0.03240000084042549
YNL206C,YGL097W,0,-3.8206277,0.4406196177005768,0.25600001215934753,0.032499998807907104
YIL038C,YEL015W,1,-3.8212576,0.44158074259757996,0.25699999928474426,0.032499998807907104
YLR186W,YPL047W,0,-3.8216758,0.4408233165740967,0.25699999928474426,0.032600000500679016
YMR011W,YOR133W,0,-3.8220096,0.44006848335266113,0.25699999928474426,0.03269999846816063
YBL024W,YDR225W,0,-3.8230433,0.4393162429332733,0.25699999928474426,0.03280000016093254
YDR172W,YIL038C,1,-3.8234153,0.4402730464935303,0.257999986410141,0.03280000016093254
YDR200C,YPL126W,0,-3.823536,0.43952301144599915,0.257999986410141,0.03290000185370445
YGR186W,YLR435W,0,-3.8255053,0.43877550959587097,0.257999986410141,0.032999999821186066
YOL027C,YKL048C,0,-3.8257346,0.43803057074546814,0.257999986410141,0.03310000151395798
YHR158C,YGR280C,0,-3.825858,0.4372881352901459,0.257999986410141,0.03319999948143959
YOL027C,YJR119C,0,-3.8259254,0.43654823303222656,0.257999986410141,0.0333000011742115
YLR007W,YLR002C,0,-3.8272772,0.43581080436706543,0.257999986410141,0.033399999141693115
YKR002W,YMR058W,0,-3.8275123,0.43507587909698486,0.257999986410141,0.03350000083446503
YGL115W,YHR092C,0,-3.8276477,0.4343434274196625,0.257999986410141,0.03359999880194664
YDR138W,YOL093W,0,-3.8281908,0.43361344933509827,0.257999986410141,0.03370000049471855
YDR177W,YPR144C,0,-3.8287058,0.43288591504096985,0.257999986410141,0.033799998462200165
YJL208C,YOL139C,1,-3.8288455,0.43383583426475525,0.2590000033378601,0.033799998462200165
YGL029W,YDL208W,0,-3.8289623,0.4331103563308716,0.2590000033378601,0.033900000154972076
YCR072C,YER118C,0,-3.830144,0.4323873221874237,0.2590000033378601,0.03400000184774399
YIL038C,YJL050W,1,-3.830606,0.4333333373069763,0.25999999046325684,0.03400000184774399
YMR236W,YBR002C,0,-3.8307333,0.4326122999191284,0.25999999046325684,0.0340999998152256
YDL031W,YOR198C,0,-3.8319573,0.4318936765193939,0.25999999046325684,0.03420000150799751
YER112W,YNL016W,1,-3.8324966,0.43283581733703613,0.26100000739097595,0.03420000150799751
YGR090W,YDR389W,0,-3.832642,0.4321191906929016,0.26100000739097595,0.034299999475479126
YOL115W,YIL038C,1,-3.8331237,0.43305784463882446,0.2619999945163727,0.034299999475479126
YJR118C,YKR060W,0,-3.8334045,0.4323432445526123,0.2619999945163727,0.03440000116825104
YLR051C,YBR156C,0,-3.8335004,0.4316309690475464,0.2619999945163727,0.03449999913573265
YJL186W,YNL029C,0,-3.834927,0.4309210479259491,0.2619999945163727,0.03460000082850456
YKL017C,YKR062W,0,-3.83605,0.43021345138549805,0.2619999945163727,0.034699998795986176
YLR380W,YNL002C,0,-3.837741,0.4295082092285156,0.2619999945163727,0.03480000048875809
YGR252W,YGR285C,0,-3.8384418,0.42880523204803467,0.2619999945163727,0.0348999984562397
YMR240C,YML126C,0,-3.839034,0.42810457944869995,0.2619999945163727,0.03500000014901161
YGR211W,YOR033C,0,-3.8392506,0.4274061918258667,0.2619999945163727,0.035100001841783524
YIL079C,YHR081W,1,-3.8393126,0.42833876609802246,0.2630000114440918,0.035100001841783524
YJR002W,YGL095C,0,-3.8402805,0.427642285823822,0.2630000114440918,0.03519999980926514
YPL126W,YPL019C,0,-3.8421764,0.42694804072380066,0.2630000114440918,0.03530000150203705
YCR035C,YGR195W,1,-3.8448544,0.4278768301010132,0.2639999985694885,0.03530000150203705
YJL050W,YDL160C,1,-3.8450994,0.42880257964134216,0.26499998569488525,0.03530000150203705
YJL050W,YJL209W,1,-3.8454127,0.4297253489494324,0.26600000262260437,0.03530000150203705
YFR013W,YCR057C,0,-3.845436,0.42903226613998413,0.26600000262260437,0.03539999946951866
YHR084W,YMR128W,0,-3.8456235,0.4283413887023926,0.26600000262260437,0.03550000116229057
YKL017C,YGL120C,0,-3.8457065,0.4276527464389801,0.26600000262260437,0.035599999129772186
YBL026W,YOL149W,1,-3.8463736,0.4285714328289032,0.2669999897480011,0.035599999129772186
YNL078W,YEL037C,0,-3.8466125,0.42788460850715637,0.2669999897480011,0.0357000008225441
YNL112W,YPR189W,1,-3.851385,0.42879998683929443,0.2680000066757202,0.0357000008225441
YDL008W,YGR142W,0,-3.851457,0.42811501026153564,0.2680000066757202,0.03579999879002571
YJL050W,YOL149W,1,-3.8531332,0.42902711033821106,0.26899999380111694,0.03579999879002571
YLR363C,YER049W,1,-3.8541756,0.42993631958961487,0.27000001072883606,0.03579999879002571
YOR244W,YDR162C,0,-3.8543954,0.4292527735233307,0.27000001072883606,0.03590000048279762
YDL175C,YGL213C,1,-3.8543973,0.43015873432159424,0.2709999978542328,0.03590000048279762
YML113W,YCL029C,0,-3.8553495,0.4294770061969757,0.2709999978542328,0.035999998450279236
YNL112W,YJL209W,1,-3.8571277,0.4303797483444214,0.2720000147819519,0.035999998450279236
YGL222C,YPR072W,1,-3.8575873,0.43127962946891785,0.27300000190734863,0.035999998450279236
YMR060C,YMR049C,0,-3.8580885,0.4305993616580963,0.27300000190734863,0.03610000014305115
YBL026W,YCR035C,1,-3.8584003,0.4314960539340973,0.27399998903274536,0.03610000014305115
YDR172W,YOL139C,1,-3.8590088,0.4323899447917938,0.2750000059604645,0.03610000014305115
YGL092W,YIR008C,0,-3.860054,0.4317111372947693,0.2750000059604645,0.03620000183582306
YJR135C,YDL064W,0,-3.8603282,0.43103447556495667,0.2750000059604645,0.03629999980330467
YJL208C,YOR001W,1,-3.8607821,0.43192487955093384,0.2759999930858612,0.03629999980330467
YJL124C,YCR035C,1,-3.8615174,0.43281251192092896,0.2770000100135803,0.03629999980330467
YBL039C,YPL047W,0,-3.862866,0.43213728070259094,0.2770000100135803,0.036400001496076584
YHR052W,YIL085C,0,-3.863401,0.43146416544914246,0.2770000100135803,0.0364999994635582
YJL140W,YJL209W,1,-3.865975,0.432348370552063,0.27799999713897705,0.0364999994635582
YJL208C,YIL038C,1,-3.866037,0.43322980403900146,0.27900001406669617,0.0364999994635582
YFL017W-A,YPL022W,0,-3.8664308,0.43255814909935,0.27900001406669617,0.03660000115633011
YMR016C,YOR217W,0,-3.8674526,0.43188855051994324,0.27900001406669617,0.03669999912381172
YLR335W,YLR197W,0,-3.8690357,0.43122100830078125,0.27900001406669617,0.03680000081658363
YDR337W,YMR093W,0,-3.869676,0.4305555522441864,0.27900001406669617,0.03689999878406525
YHR065C,YNL199C,0,-3.8703713,0.4298921525478363,0.27900001406669617,0.03700000047683716
YOR151C,YDR397C,0,-3.87083,0.42923077940940857,0.27900001406669617,0.03709999844431877
YKL143W,YGR113W,0,-3.873217,0.4285714328289032,0.27900001406669617,0.03720000013709068
YKL205W,YFR001W,0,-3.876153,0.4279141128063202,0.27900001406669617,0.037300001829862595
YDR172W,YGR158C,1,-3.8765411,0.42879021167755127,0.2800000011920929,0.037300001829862595
YOL115W,YCR035C,1,-3.8775892,0.42966359853744507,0.2809999883174896,0.037300001829862595
YHR099W,YBL105C,0,-3.877604,0.4290076196193695,0.2809999883174896,0.03739999979734421
YOL139C,YEL015W,1,-3.8798928,0.4298780560493469,0.28200000524520874,0.03739999979734421
YOL054W,YER172C,0,-3.8800535,0.4292237460613251,0.28200000524520874,0.03750000149011612
YGL066W,YBR296C,0,-3.8815274,0.4285714328289032,0.28200000524520874,0.03759999945759773
YJL019W,YJR002W,0,-3.881682,0.4279210865497589,0.28200000524520874,0.037700001150369644
YIL021W,YBR158W,0,-3.882895,0.4272727370262146,0.28200000524520874,0.03779999911785126
YDR175C,YFL004W,0,-3.883483,0.4266263246536255,0.28200000524520874,0.03790000081062317
YNL112W,YDL111C,1,-3.884842,0.4274924397468567,0.28299999237060547,0.03790000081062317
YJL050W,YPR189W,1,-3.8854756,0.42835596203804016,0.2840000092983246,0.03790000081062317
YLR186W,YAR008W,0,-3.8870316,0.4277108311653137,0.2840000092983246,0.03799999877810478
YFL025C,YMR146C,0,-3.8881369,0.42706766724586487,0.2840000092983246,0.038100000470876694
YGL014W,YBL026W,1,-3.888318,0.4279279410839081,0.2849999964237213,0.038100000470876694
YLR256W,YMR165C,0,-3.889316,0.4272863566875458,0.2849999964237213,0.03819999843835831
YOR212W,YLR002C,0,-3.8907661,0.42664670944213867,0.2849999964237213,0.03830000013113022
YER112W,YCR035C,1,-3.8907776,0.4275037348270416,0.28600001335144043,0.03830000013113022
YOR349W,YOR179C,0,-3.8917365,0.42686566710472107,0.28600001335144043,0.03840000182390213
YHR120W,YGR030C,0,-3.894246,0.4262295067310333,0.28600001335144043,0.03849999979138374
YDR080W,YAL026C,0,-3.894333,0.425595223903656,0.28600001335144043,0.038600001484155655
YOL149W,YGR195W,1,-3.894936,0.4264487326145172,0.28700000047683716,0.038600001484155655
YGR158C,YDL111C,1,-3.8956738,0.42729970812797546,0.2879999876022339,0.038600001484155655
YIL038C,YCR035C,1,-3.8962111,0.42814815044403076,0.289000004529953,0.038600001484155655
YIL038C,YIL079C,1,-3.897182,0.4289940893650055,0.28999999165534973,0.038600001484155655
YJL208C,YGR158C,1,-3.8986235,0.42983752489089966,0.29100000858306885,0.038600001484155655
YHR058C,YOL006C,0,-3.8986602,0.4292035400867462,0.29100000858306885,0.03869999945163727
YNL282W,YDR416W,0,-3.9003725,0.4285714328289032,0.29100000858306885,0.03880000114440918
YOL002C,YLR452C,0,-3.9005647,0.4279411733150482,0.29100000858306885,0.03889999911189079
YCR024C-A,YKR020W,0,-3.9008274,0.4273127615451813,0.29100000858306885,0.039000000804662704
YHR197W,YDR400W,0,-3.9014277,0.42668622732162476,0.29100000858306885,0.03909999877214432
YNL110C,YOL148C,0,-3.9014797,0.4260614812374115,0.29100000858306885,0.03920000046491623
YOL142W,YCR035C,1,-3.9028654,0.42690059542655945,0.2919999957084656,0.03920000046491623
YGL172W,YHR200W,0,-3.9030309,0.42627736926078796,0.2919999957084656,0.03929999843239784
YMR283C,YEL018W,0,-3.90342,0.4256559908390045,0.2919999957084656,0.039400000125169754
YOR078W,YPR112C,0,-3.9041743,0.42503640055656433,0.2919999957084656,0.039500001817941666
YBR253W,YIL016W,0,-3.905552,0.4244185984134674,0.2919999957084656,0.03959999978542328
YKL143W,YDL033C,0,-3.9057226,0.42380261421203613,0.2919999957084656,0.03970000147819519
YPL117C,YMR049C,0,-3.905767,0.4231884181499481,0.2919999957084656,0.039799999445676804
YGL049C,YBR102C,0,-3.9066882,0.422575980424881,0.2919999957084656,0.039900001138448715
YLR126C,YGR047C,0,-3.9068437,0.4219653308391571,0.2919999957084656,0.03999999910593033
YLR197W,YFR037C,0,-3.9074187,0.4213564097881317,0.2919999957084656,0.04010000079870224
YFL037W,YPL050C,0,-3.9074435,0.4207492768764496,0.2919999957084656,0.04019999876618385
YAL034W-A,YHR089C,0,-3.907611,0.42014387249946594,0.2919999957084656,0.040300000458955765
YOL142W,YGR195W,1,-3.9082918,0.42097702622413635,0.2930000126361847,0.040300000458955765
YGL167C,YHR157W,0,-3.90909,0.42037302255630493,0.2930000126361847,0.04039999842643738
YER147C,YML005W,0,-3.9093542,0.4197707772254944,0.2930000126361847,0.04050000011920929
YDR295C,YPR190C,0,-3.9101915,0.41917023062705994,0.2930000126361847,0.0406000018119812
YHR197W,YDR081C,0,-3.9110994,0.41857144236564636,0.2930000126361847,0.040699999779462814
YGL097W,YDR167W,0,-3.9121628,0.4179743230342865,0.2930000126361847,0.040800001472234726
YPL101W,YKR024C,0,-3.9129586,0.4173789322376251,0.2930000126361847,0.04089999943971634
YPL043W,YJL117W,0,-3.9138932,0.41678521037101746,0.2930000126361847,0.04100000113248825
YOR001W,YDL165W,1,-3.9153748,0.4176136255264282,0.2939999997615814,0.04100000113248825
YNL262W,YBR195C,0,-3.9165998,0.4170212745666504,0.2939999997615814,0.041099999099969864
YLR405W,YDR478W,0,-3.9177036,0.41643059253692627,0.2939999997615814,0.041200000792741776
YNL066W,YBR289W,0,-3.91789,0.41584157943725586,0.2939999997615814,0.04129999876022339
YNL112W,YJL140W,1,-3.9180384,0.4166666567325592,0.29499998688697815,0.04129999876022339
YJL208C,YGL213C,1,-3.9186702,0.4174894094467163,0.29600000381469727,0.04129999876022339
YGL232W,YER029C,0,-3.9188676,0.4169014096260071,0.29600000381469727,0.0414000004529953
YCL008C,YLR079W,0,-3.9192877,0.4163150489330292,0.29600000381469727,0.04149999842047691
YCR020W-B,YDL076C,0,-3.9194946,0.4157303273677826,0.29600000381469727,0.041600000113248825
YIL051C,YGR055W,0,-3.9203134,0.4151472747325897,0.29600000381469727,0.04170000180602074
YKR024C,YBR002C,0,-3.920782,0.4145658314228058,0.29600000381469727,0.04179999977350235
YPL177C,YCR038C,0,-3.922196,0.4139860272407532,0.29600000381469727,0.04190000146627426
YOR001W,YER146W,1,-3.9231195,0.41480445861816406,0.296999990940094,0.04190000146627426
YHR143W-A,YML064C,0,-3.9250402,0.4142259359359741,0.296999990940094,0.041999999433755875
YNL112W,YJL208C,1,-3.9262629,0.4150417745113373,0.2980000078678131,0.041999999433755875
YOL115W,YHR081W,1,-3.9273143,0.415855348110199,0.29899999499320984,0.041999999433755875
YDR418W,YDR052C,0,-3.9274287,0.41527777910232544,0.29899999499320984,0.042100001126527786
YJL011C,YIL009W,0,-3.9276218,0.41470178961753845,0.29899999499320984,0.0421999990940094
YGL078C,YKL197C,0,-3.927638,0.4141274094581604,0.29899999499320984,0.04230000078678131
YHR169W,YKR007W,0,-3.9281716,0.4135546386241913,0.29899999499320984,0.042399998754262924
YGL014W,YOL139C,1,-3.9299536,0.41436463594436646,0.30000001192092896,0.042399998754262924
YEL015W,YMR234W,1,-3.9312153,0.41517242789268494,0.3009999990463257,0.042399998754262924
YOR087W,YNL227C,0,-3.9319878,0.41460055112838745,0.3009999990463257,0.042500000447034836
YLR197W,YML078W,0,-3.9340773,0.4140302538871765,0.3009999990463257,0.04259999841451645
YML010W,YER029C,0,-3.9347186,0.4134615361690521,0.3009999990463257,0.04270000010728836
YBR121C,YDR165W,0,-3.9348264,0.4128943681716919,0.3009999990463257,0.04280000180006027
YBR193C,YER013W,0,-3.9359875,0.4123287796974182,0.3009999990463257,0.042899999767541885
YDR013W,YER122C,0,-3.9373007,0.4117647111415863,0.3009999990463257,0.0430000014603138
YOL115W,YDL160C,1,-3.9373865,0.4125683009624481,0.3019999861717224,0.0430000014603138
YNL075W,YLR274W,0,-3.9374924,0.4120054543018341,0.3019999861717224,0.04309999942779541
YJR140C,YPR036W,0,-3.9390893,0.41144412755966187,0.3019999861717224,0.04320000112056732
YGR158C,YCR035C,1,-3.940186,0.41224488615989685,0.30300000309944153,0.04320000112056732
YGL014W,YOL149W,1,-3.9402056,0.41304346919059753,0.30399999022483826,0.04320000112056732
YEL051W,YNL059C,0,-3.9405499,0.4124830365180969,0.30399999022483826,0.043299999088048935
YKL130C,YPR010C,0,-3.9416008,0.4119241237640381,0.30399999022483826,0.04340000078082085
YJL085W,YDR060W,0,-3.9418488,0.41136670112609863,0.30399999022483826,0.04349999874830246
YOL115W,YOL149W,1,-3.9420881,0.4121621549129486,0.3050000071525574,0.04349999874830246
YDL030W,YMR288W,0,-3.9420986,0.41160592436790466,0.3050000071525574,0.04360000044107437
YDR103W,YNL025C,0,-3.9421916,0.4110512137413025,0.3050000071525574,0.043699998408555984
YER022W,YGL120C,0,-3.9423385,0.4104979932308197,0.3050000071525574,0.043800000101327896
YBL004W,YDR245W,0,-3.9428148,0.4099462330341339,0.3050000071525574,0.04390000179409981
YJL140W,YDL165W,1,-3.9431748,0.4107382595539093,0.3059999942779541,0.04390000179409981
YMR109W,YHR070W,0,-3.9431782,0.41018766164779663,0.3059999942779541,0.04399999976158142
YIL038C,YPR189W,1,-3.9437003,0.41097724437713623,0.3070000112056732,0.04399999976158142
YNL112W,YJL050W,1,-3.944097,0.4117647111415863,0.30799999833106995,0.04399999976158142
YIR010W,YKL011C,0,-3.9449816,0.4112149477005005,0.30799999833106995,0.04410000145435333
YKL055C,YOR043W,0,-3.9493241,0.41066667437553406,0.30799999833106995,0.044199999421834946
YOR335C,YFR001W,0,-3.95122,0.41011983156204224,0.30799999833106995,0.04430000111460686
YHR077C,YLR136C,1,-3.9517355,0.41090425848960876,0.3089999854564667,0.04430000111460686
YDR461W,YKR031C,0,-3.9523773,0.41035857796669006,0.3089999854564667,0.04439999908208847
YHR077C,YER146W,1,-3.9546943,0.4111405909061432,0.3100000023841858,0.04439999908208847
YJL011C,YDR440W,0,-3.9551988,0.41059601306915283,0.3100000023841858,0.04450000077486038
YJL209W,YKL149C,1,-3.9559317,0.41137567162513733,0.3109999895095825,0.04450000077486038
YGL112C,YJR060W,0,-3.9560204,0.4108322262763977,0.3109999895095825,0.044599998742341995
YHR120W,YHR083W,0,-3.9562645,0.4102902412414551,0.3109999895095825,0.04470000043511391
YKL021C,YHR120W,0,-3.957456,0.4097496569156647,0.3109999895095825,0.04479999840259552
YML016C,YKR039W,0,-3.9586077,0.40921053290367126,0.3109999895095825,0.04490000009536743
YDR418W,YBR129C,0,-3.9593377,0.4086728096008301,0.3109999895095825,0.04500000178813934
YOR076C,YER146W,1,-3.9593658,0.4094488322734833,0.31200000643730164,0.04500000178813934
YJR069C,YLL061W,0,-3.959949,0.40891218185424805,0.31200000643730164,0.045099999755620956
YLR448W,YBR156C,0,-3.9600506,0.4083769619464874,0.31200000643730164,0.04520000144839287
YPR189W,YOL142W,1,-3.9611907,0.4091503322124481,0.31299999356269836,0.04520000144839287
YDR016C,YDL060W,0,-3.9618502,0.40861618518829346,0.31299999356269836,0.04529999941587448
YLR200W,YPR161C,0,-3.9621544,0.408083438873291,0.31299999356269836,0.04540000110864639
YDR382W,YDR424C,0,-3.9625683,0.4075520932674408,0.31299999356269836,0.045499999076128006
YLR197W,YDR190C,0,-3.9638472,0.4070221185684204,0.31299999356269836,0.04560000076889992
YPL106C,YOR038C,0,-3.963882,0.40649351477622986,0.31299999356269836,0.04569999873638153
YPR189W,YIL079C,1,-3.9656806,0.40726330876350403,0.3140000104904175,0.04569999873638153
YOR243C,YCL031C,0,-3.9658256,0.40673574805259705,0.3140000104904175,0.04580000042915344
YDL031W,YMR292W,0,-3.9661522,0.4062095582485199,0.3140000104904175,0.045899998396635056
YGR083C,YGR036C,0,-3.9670029,0.40568476915359497,0.3140000104904175,0.04600000008940697
YIR011C,YLR002C,0,-3.9670558,0.4051612913608551,0.3140000104904175,0.04610000178217888
YGR140W,YFL022C,0,-3.9672365,0.40463918447494507,0.3140000104904175,0.04619999974966049
YHR077C,YOL139C,1,-3.9675932,0.4054054021835327,0.3149999976158142,0.04619999974966049
YGL014W,YJL209W,1,-3.969934,0.4061696529388428,0.3160000145435333,0.04619999974966049
YKL160W,YBR040W,0,-3.9701242,0.40564826130867004,0.3160000145435333,0.046300001442432404
YDR451C,YOR313C,0,-3.9705734,0.40512821078300476,0.3160000145435333,0.04639999940991402
YHR197W,YNL163C,0,-3.9708815,0.40460947155952454,0.3160000145435333,0.04650000110268593
YJL124C,YJL209W,1,-3.9724336,0.405370831489563,0.31700000166893005,0.04650000110268593
YDR427W,YPL175W,0,-3.9726734,0.40485313534736633,0.31700000166893005,0.04659999907016754
YJL140W,YPR189W,1,-3.972691,0.4056122303009033,0.3179999887943268,0.04659999907016754
YCR034W,YPL128C,0,-3.9740086,0.40509554743766785,0.3179999887943268,0.04670000076293945
YKL144C,YDR162C,0,-3.9740362,0.40458014607429504,0.3179999887943268,0.046799998730421066
YGR252W,YER089C,0,-3.9749413,0.4040660858154297,0.3179999887943268,0.04690000042319298
YDR443C,YGR090W,0,-3.9749675,0.403553307056427,0.3179999887943268,0.04699999839067459
YOR224C,YDR188W,0,-3.9767876,0.4030418395996094,0.3179999887943268,0.0471000000834465
YCR008W,YOR137C,0,-3.9769678,0.4025316536426544,0.3179999887943268,0.047200001776218414
YLR051C,YDL056W,0,-3.979117,0.40202274918556213,0.3179999887943268,0.04729999974370003
YOR069W,YLR022C,0,-3.9805994,0.4015151560306549,0.3179999887943268,0.04740000143647194
YDR037W,YFR008W,0,-3.9811006,0.40100881457328796,0.3179999887943268,0.04749999940395355
YNL016W,YIL038C,1,-3.9819317,0.4017632305622101,0.3190000057220459,0.04749999940395355
YMR283C,YOL135C,0,-3.982636,0.40125787258148193,0.3190000057220459,0.047600001096725464
YKR022C,YOL076W,0,-3.9833279,0.40075376629829407,0.3190000057220459,0.04769999906420708
YPL188W,YML005W,0,-3.9841294,0.40025094151496887,0.3190000057220459,0.04780000075697899
YCL016C,YGR055W,0,-3.984569,0.39974936842918396,0.3190000057220459,0.0478999987244606
YLR003C,YDR400W,0,-3.9856749,0.39924904704093933,0.3190000057220459,0.04800000041723251
YGL255W,YAL015C,0,-3.985921,0.3987500071525574,0.3190000057220459,0.04809999838471413
YDR172W,YLR398C,1,-3.986189,0.39950063824653625,0.3199999928474426,0.04809999838471413
YOR001W,YGR195W,1,-3.9868288,0.4002493619918823,0.32100000977516174,0.04809999838471413
YOR117W,YHR065C,0,-3.9872546,0.3997509479522705,0.32100000977516174,0.04820000007748604
YLR106C,YDR457W,0,-3.9873757,0.3992537260055542,0.32100000977516174,0.04830000177025795
YKL205W,YOR354C,0,-3.9874964,0.3987577557563782,0.32100000977516174,0.04839999973773956
YDR334W,YDR364C,0,-3.9880648,0.39826303720474243,0.32100000977516174,0.048500001430511475
YJL050W,YHR081W,1,-3.9882884,0.3990086615085602,0.32199999690055847,0.048500001430511475
YHR077C,YDL175C,1,-3.988388,0.3997524678707123,0.3230000138282776,0.048500001430511475
YOL112W,YBR136W,0,-3.990818,0.3992583453655243,0.3230000138282776,0.04859999939799309
YIR008C,YHR005C,0,-3.9917798,0.3987654447555542,0.3230000138282776,0.048700001090765
YPR072W,YMR234W,1,-3.9920287,0.3995067775249481,0.3240000009536743,0.048700001090765
YIL019W,YHR005C-A,0,-3.992588,0.39901477098464966,0.3240000009536743,0.04879999905824661
YJR060W,YPL227C,0,-3.9926705,0.3985239863395691,0.3240000009536743,0.048900000751018524
YAL033W,YDR469W,0,-3.9932084,0.39803439378738403,0.3240000009536743,0.04899999871850014
YBR041W,YBL056W,0,-3.9943142,0.39754602313041687,0.3240000009536743,0.04910000041127205
YDL101C,YMR214W,0,-3.9947705,0.3970588147640228,0.3240000009536743,0.04919999837875366
YGR158C,YPL029W,1,-3.995232,0.3977968096733093,0.32499998807907104,0.04919999837875366
YJL110C,YDR091C,0,-3.9962473,0.3973105251789093,0.32499998807907104,0.049300000071525574
YOR048C,YPL227C,0,-3.9969487,0.3968254029750824,0.32499998807907104,0.049400001764297485
YBR119W,YLR002C,0,-3.9977398,0.396341472864151,0.32499998807907104,0.0494999997317791
YIL038C,YOL149W,1,-3.9978766,0.39707672595977783,0.32600000500679016,0.0494999997317791
YLR075W,YHR065C,0,-3.9983912,0.3965936601161957,0.32600000500679016,0.04960000142455101
YKL041W,YJL069C,0,-3.9992208,0.39611178636550903,0.32600000500679016,0.04969999939203262
YHR193C,YGL201C,0,-3.999795,0.3956310749053955,0.32600000500679016,0.049800001084804535
YMR061W,YBR272C,0,-4.000201,0.3951515257358551,0.32600000500679016,0.04989999905228615
YOL139C,YER146W,1,-4.001065,0.3958837687969208,0.3269999921321869,0.04989999905228615
YNL016W,YHR077C,1,-4.0024266,0.39661428332328796,0.328000009059906,0.04989999905228615
YMR290C,YNL216W,0,-4.0024624,0.39613527059555054,0.328000009059906,0.05000000074505806
YDL232W,YNL244C,0,-4.004484,0.39565742015838623,0.328000009059906,0.05009999871253967
YDL160C,YGR195W,1,-4.005028,0.3963855504989624,0.32899999618530273,0.05009999871253967
YMR283C,YNL286W,0,-4.0058527,0.39590853452682495,0.32899999618530273,0.050200000405311584
YJL140W,YOL142W,1,-4.0074325,0.39663460850715637,0.33000001311302185,0.050200000405311584
YNL118C,YIL079C,1,-4.008737,0.3973589539527893,0.3310000002384186,0.050200000405311584
YDR421W,YNR049C,0,-4.008819,0.3968825042247772,0.3310000002384186,0.0502999983727932
YOR076C,YGL213C,1,-4.008971,0.3976047933101654,0.3319999873638153,0.0502999983727932
YLR166C,YDR469W,0,-4.0090227,0.3971291780471802,0.3319999873638153,0.05040000006556511
YIR005W,YML014W,0,-4.009208,0.39665472507476807,0.3319999873638153,0.05050000175833702
YDL111C,YMR234W,1,-4.0099845,0.39737468957901,0.3330000042915344,0.05050000175833702
YOR332W,YKR056W,0,-4.011055,0.39690107107162476,0.3330000042915344,0.050599999725818634
YOL115W,YKL009W,1,-4.012115,0.3976190388202667,0.33399999141693115,0.050599999725818634
YJL140W,YKL009W,1,-4.012932,0.3983353078365326,0.33500000834465027,0.050599999725818634
YKL113C,YOR224C,0,-4.0131965,0.3978622257709503,0.33500000834465027,0.050700001418590546
YDR310C,YGL013C,0,-4.013794,0.3973902761936188,0.33500000834465027,0.05079999938607216
YDR334W,YPR080W,0,-4.013993,0.3969194293022156,0.33500000834465027,0.05090000107884407
YBR156C,YER148W,0,-4.014084,0.3964497148990631,0.33500000834465027,0.050999999046325684
YHR060W,YDR052C,0,-4.0141516,0.3959810733795166,0.33500000834465027,0.051100000739097595
YER100W,YLR113W,0,-4.014193,0.3955135643482208,0.33500000834465027,0.05119999870657921
YLR208W,YGL021W,0,-4.0147166,0.3950471580028534,0.33500000834465027,0.05130000039935112
YKL110C,YLR380W,0,-4.0147204,0.3945818543434143,0.33500000834465027,0.05139999836683273
YPR072W,YPR189W,1,-4.015848,0.3952941298484802,0.335999995470047,0.05139999836683273
YJR119C,YLL026W,0,-4.0164704,0.3948296010494232,0.335999995470047,0.051500000059604645
YNL112W,YER146W,1,-4.016655,0.39553990960121155,0.3370000123977661,0.051500000059604645
YJL173C,YGR217W,0,-4.019214,0.3950762152671814,0.3370000123977661,0.051600001752376556
YBR102C,YOR179C,0,-4.0193634,0.3946135938167572,0.3370000123977661,0.05169999971985817
YKR055W,YKR031C,0,-4.021071,0.39415204524993896,0.3370000123977661,0.05180000141263008
YIL036W,YDR043C,0,-4.022272,0.3936915993690491,0.3370000123977661,0.051899999380111694
YHR090C,YEL003W,0,-4.0226026,0.39323219656944275,0.3370000123977661,0.052000001072883606
YLR126C,YPR070W,0,-4.0234118,0.39277389645576477,0.3370000123977661,0.05209999904036522
YOR287C,YBR042C,0,-4.0243683,0.39231663942337036,0.3370000123977661,0.05220000073313713
YGR158C,YOR001W,1,-4.0245657,0.3930232524871826,0.33799999952316284,0.05220000073313713
YOR037W,YLR096W,0,-4.0253673,0.3925667703151703,0.33799999952316284,0.052299998700618744
YOL127W,YBR296C,0,-4.025874,0.3921113610267639,0.33799999952316284,0.052400000393390656
YML007W,YKL028W,0,-4.0262628,0.3916570246219635,0.33799999952316284,0.05249999836087227
YNR015W,YGL195W,0,-4.0272236,0.39120370149612427,0.33799999952316284,0.05260000005364418
YGR216C,YLR068W,0,-4.027413,0.390751451253891,0.33799999952316284,0.05270000174641609
YKR056W,YFR031C,0,-4.0282497,0.3903002440929413,0.33799999952316284,0.052799999713897705
YGL043W,YNL309W,0,-4.028488,0.38985005021095276,0.33799999952316284,0.05290000140666962
YCR035C,YCR077C,1,-4.0291543,0.39055299758911133,0.33899998664855957,0.05290000140666962
YOL115W,YDL111C,1,-4.0297956,0.3912543058395386,0.3400000035762787,0.05290000140666962
YGR158C,YDL165W,1,-4.030223,0.3919540345668793,0.3409999907016754,0.05290000140666962
YNL112W,YDR378C,1,-4.0306854,0.39265212416648865,0.34200000762939453,0.05290000140666962
YNR026C,YPR133C,0,-4.030764,0.39220184087753296,0.34200000762939453,0.05299999937415123
YPL012W,YDR083W,0,-4.030782,0.39175257086753845,0.34200000762939453,0.05310000106692314
YDL175C,YHR081W,1,-4.0316424,0.3924485146999359,0.34299999475479126,0.05310000106692314
YNL259C,YPR143W,0,-4.031688,0.3919999897480011,0.34299999475479126,0.053199999034404755
YBL026W,YDL165W,1,-4.0328865,0.39269405603408813,0.3440000116825104,0.053199999034404755
YHL009C,YDL002C,0,-4.0335016,0.3922463059425354,0.3440000116825104,0.053300000727176666
YJL050W,YDL175C,1,-4.035056,0.392938494682312,0.3449999988079071,0.053300000727176666
YKL009W,YDL165W,1,-4.0359607,0.39362913370132446,0.34599998593330383,0.053300000727176666
YOR349W,YDR083W,0,-4.0363207,0.39318183064460754,0.34599998593330383,0.05339999869465828
YCR014C,YJL109C,0,-4.036887,0.3927355408668518,0.34599998593330383,0.05350000038743019
YIL063C,YKR060W,0,-4.0370407,0.39229023456573486,0.34599998593330383,0.053599998354911804
YCL031C,YHL020C,0,-4.0371246,0.3918459713459015,0.34599998593330383,0.053700000047683716
YOR033C,YJR059W,0,-4.03746,0.3914027214050293,0.34599998593330383,0.05380000174045563
YMR240C,YNL151C,0,-4.037468,0.3909604549407959,0.34599998593330383,0.05389999970793724
YCR035C,YER146W,1,-4.038257,0.3916478455066681,0.34700000286102295,0.05389999970793724
YLL041C,YHR116W,0,-4.038319,0.3912063241004944,0.34700000286102295,0.05400000140070915
YLR321C,YOR250C,0,-4.0396805,0.3907657563686371,0.34700000286102295,0.054099999368190765
YER168C,YDR078C,0,-4.0403876,0.39032620191574097,0.34700000286102295,0.05420000106096268
YKR062W,YNL248C,0,-4.0412245,0.38988763093948364,0.34700000286102295,0.05429999902844429
YDL065C,YPR020W,0,-4.0418377,0.3894500434398651,0.34700000286102295,0.0544000007212162
YJR083C,YER029C,0,-4.0419974,0.3890134394168854,0.34700000286102295,0.054499998688697815
YJL208C,YDR172W,1,-4.0423436,0.3896976411342621,0.3479999899864197,0.054499998688697815
YNL112W,YOL139C,1,-4.0426445,0.390380322933197,0.3490000069141388,0.054499998688697815
YPL227C,YAR008W,0,-4.043744,0.3899441361427307,0.3490000069141388,0.05460000038146973
YOL068C,YDR397C,0,-4.0461297,0.3895089328289032,0.3490000069141388,0.05469999834895134
YKL009W,YOL149W,1,-4.0463734,0.390189528465271,0.3499999940395355,0.05469999834895134
YJR069C,YBR188C,0,-4.0470805,0.3897550106048584,0.3499999940395355,0.05480000004172325
YLR363C,YGR158C,1,-4.04732,0.39043381810188293,0.35100001096725464,0.05480000004172325
YNL031C,YOR137C,0,-4.047667,0.38999998569488525,0.35100001096725464,0.05490000173449516
YNL110C,YIL030C,0,-4.048636,0.38956713676452637,0.35100001096725464,0.054999999701976776
YJL095W,YGR162W,0,-4.0487814,0.3891352415084839,0.35100001096725464,0.05510000139474869
YFL037W,YOL125W,0,-4.049653,0.3887043297290802,0.35100001096725464,0.0551999993622303
YJL098W,YOL116W,0,-4.0497823,0.38827434182167053,0.35100001096725464,0.05530000105500221
YOL115W,YOL139C,1,-4.050429,0.38895028829574585,0.35199999809265137,0.05530000105500221
YJL140W,YIL079C,1,-4.050584,0.3896247148513794,0.3529999852180481,0.05530000105500221
YER044C,YKR053C,0,-4.0513754,0.38919514417648315,0.3529999852180481,0.055399999022483826
YGR078C,YPL047W,0,-4.0520134,0.3887665271759033,0.3529999852180481,0.05550000071525574
YGR085C,YER029C,0,-4.0527067,0.3883388340473175,0.3529999852180481,0.05559999868273735
YLR385C,YGL169W,0,-4.053073,0.3879120945930481,0.3529999852180481,0.05570000037550926
YLR342W,YMR054W,0,-4.053553,0.3874862790107727,0.3529999852180481,0.055799998342990875
YHR089C,YIL068C,0,-4.0554147,0.3870614171028137,0.3529999852180481,0.05590000003576279
YBR060C,YBR279W,0,-4.0560403,0.38663744926452637,0.3529999852180481,0.0560000017285347
YNR053C,YLR215C,0,-4.056561,0.3862144351005554,0.3529999852180481,0.05609999969601631
YKL009W,YDL160C,1,-4.057221,0.38688525557518005,0.3540000021457672,0.05609999969601631
YJL140W,YGR158C,1,-4.0576205,0.3875545859336853,0.35499998927116394,0.05609999969601631
YPL126W,YNR003C,0,-4.0578547,0.3871319591999054,0.35499998927116394,0.05620000138878822
YOL123W,YNL216W,0,-4.0578837,0.3867102265357971,0.35499998927116394,0.056299999356269836
YDL226C,YAL029C,0,-4.058409,0.38628944754600525,0.35499998927116394,0.05640000104904175
YMR316W,YER148W,0,-4.058535,0.385869562625885,0.35499998927116394,0.05649999901652336
YJL203W,YMR146C,0,-4.0599604,0.3854506015777588,0.35499998927116394,0.05660000070929527
YJL204C,YER016W,0,-4.060103,0.3850325345993042,0.35499998927116394,0.056699998676776886
YCR035C,YDL111C,1,-4.060314,0.3856987953186035,0.35600000619888306,0.056699998676776886
YHR060W,YAR008W,0,-4.0605693,0.38528138399124146,0.35600000619888306,0.0568000003695488
YGL255W,YPL147W,0,-4.060856,0.384864866733551,0.35600000619888306,0.05689999833703041
YIL038C,YOL142W,1,-4.060966,0.38552916049957275,0.3569999933242798,0.05689999833703041
YPR010C,YHR039C,0,-4.062983,0.38511326909065247,0.3569999933242798,0.05700000002980232
YOR081C,YGL096W,0,-4.06324,0.3846982717514038,0.3569999933242798,0.057100001722574234
YNL037C,YOR354C,0,-4.0634365,0.3842841684818268,0.3569999933242798,0.05719999969005585
YMR133W,YDR025W,0,-4.0636077,0.3838709592819214,0.3569999933242798,0.05730000138282776
YOL123W,YOR069W,0,-4.065078,0.3834586441516876,0.3569999933242798,0.05739999935030937
YMR216C,YBR247C,0,-4.0664988,0.3830472230911255,0.3569999933242798,0.057500001043081284
YOL149W,YGL213C,1,-4.066735,0.38370847702026367,0.3580000102519989,0.057500001043081284
YLR401C,YFL013C,0,-4.0676494,0.3832976520061493,0.3580000102519989,0.0575999990105629
YOL112W,YDL113C,0,-4.0678124,0.38288769125938416,0.3580000102519989,0.05770000070333481
YDR060W,YLR025W,0,-4.0693274,0.38247862458229065,0.3580000102519989,0.05779999867081642
YHR142W,YIL053W,0,-4.0694056,0.3820704519748688,0.3580000102519989,0.05790000036358833
YDL148C,YNR046W,0,-4.06973,0.38166311383247375,0.3580000102519989,0.057999998331069946
YPR081C,YER013W,0,-4.070507,0.38125666975975037,0.3580000102519989,0.05810000002384186
YDR276C,YKL120W,0,-4.0709395,0.38085106015205383,0.3580000102519989,0.05820000171661377
YHR135C,YDL055C,0,-4.0722384,0.38044634461402893,0.3580000102519989,0.05829999968409538
YCR077C,YGR195W,1,-4.072493,0.3811040222644806,0.35899999737739563,0.05829999968409538
YDL030W,YLR222C,0,-4.0726867,0.38069990277290344,0.35899999737739563,0.058400001376867294
YLR186W,YML031W,0,-4.072909,0.38029661774635315,0.35899999737739563,0.05849999934434891
YCR060W,YDR183W,0,-4.07433,0.3798941671848297,0.35899999737739563,0.05860000103712082
YER049W,YMR234W,1,-4.0764055,0.38054966926574707,0.36000001430511475,0.05860000103712082
YJL140W,YMR234W,1,-4.0768013,0.3812038004398346,0.3610000014305115,0.05860000103712082
YOR361C,YDR188W,0,-4.07715,0.3808016777038574,0.3610000014305115,0.05869999900460243
YLR304C,YBL005W,0,-4.0781302,0.3804004192352295,0.3610000014305115,0.058800000697374344
YNL123W,YCR072C,0,-4.079694,0.3799999952316284,0.3610000014305115,0.05889999866485596
YGR044C,YMR313C,0,-4.0811553,0.3796004354953766,0.3610000014305115,0.05900000035762787
YBR214W,YCL043C,0,-4.0812826,0.3792016804218292,0.3610000014305115,0.05909999832510948
YOL142W,YOL149W,1,-4.081324,0.37985309958457947,0.3619999885559082,0.05909999832510948
YNL080C,YJR070C,0,-4.0821776,0.37945494055747986,0.3619999885559082,0.05920000001788139
YHR079C,YNL119W,0,-4.082388,0.3790575861930847,0.3619999885559082,0.059300001710653305
YCR035C,YGL213C,1,-4.083585,0.37970712780952454,0.3630000054836273,0.059300001710653305
YMR309C,YDL100C,0,-4.084337,0.37931033968925476,0.3630000054836273,0.05939999967813492
YLR139C,YDR207C,0,-4.084395,0.37891441583633423,0.3630000054836273,0.05950000137090683
YKR038C,YPL190C,0,-4.084943,0.37851929664611816,0.3630000054836273,0.05959999933838844
YJL208C,YHR081W,1,-4.085199,0.3791666626930237,0.36399999260902405,0.05959999933838844
YBR091C,YDR363W,0,-4.0853343,0.378772109746933,0.36399999260902405,0.059700001031160355
YPR055W,YOR267C,0,-4.08554,0.37837839126586914,0.36399999260902405,0.05979999899864197
YIL056W,YCR033W,0,-4.085579,0.3779854476451874,0.36399999260902405,0.05990000069141388
YPR137W,YNL038W,0,-4.086689,0.37759336829185486,0.36399999260902405,0.05999999865889549
YER036C,YBL106C,0,-4.0874023,0.3772020637989044,0.36399999260902405,0.060100000351667404
YNL145W,YML005W,0,-4.087596,0.37681159377098083,0.36399999260902405,0.06019999831914902
YGR161C,YJL127C,0,-4.0881877,0.3764219284057617,0.36399999260902405,0.06030000001192093
YDL166C,YKR029C,0,-4.0887575,0.37603306770324707,0.36399999260902405,0.06040000170469284
YFL037W,YDL055C,0,-4.089955,0.3756449818611145,0.36399999260902405,0.060499999672174454
YDR310C,YBR156C,0,-4.0906205,0.3752577304840088,0.36399999260902405,0.060600001364946365
YOL115W,YJL209W,1,-4.0906444,0.37590113282203674,0.36500000953674316,0.060600001364946365
YGL115W,YPL175W,0,-4.0913,0.375514417886734,0.36500000953674316,0.06069999933242798
YLR435W,YAL003W,0,-4.09141,0.37512847781181335,0.36500000953674316,0.06080000102519989
YKL017C,YJL002C,0,-4.0915594,0.3747433125972748,0.36500000953674316,0.0608999989926815
YGL112C,YOR043W,0,-4.0915627,0.37435898184776306,0.36500000953674316,0.061000000685453415
YIL016W,YKL074C,0,-4.091998,0.37397539615631104,0.36500000953674316,0.06109999865293503
YGL001C,YIL114C,0,-4.0922313,0.37359264492988586,0.36500000953674316,0.06120000034570694
YOL054W,YGL113W,0,-4.093026,0.3732106387615204,0.36500000953674316,0.06129999831318855
YPR143W,YAL026C,0,-4.0933375,0.372829407453537,0.36500000953674316,0.061400000005960464
YDR240C,YHR079C,0,-4.093544,0.37244898080825806,0.36500000953674316,0.061500001698732376
YLR398C,YCR035C,1,-4.0959473,0.37308868765830994,0.3659999966621399,0.061500001698732376
YGR157W,YPL274W,0,-4.0965357,0.3727087676525116,0.3659999966621399,0.06159999966621399
YNL061W,YPR175W,0,-4.096919,0.37232959270477295,0.3659999966621399,0.0617000013589859
YOR129C,YNL163C,0,-4.0970483,0.37195122241973877,0.3659999966621399,0.061799999326467514
YJL008C,YAL011W,0,-4.0977316,0.3715735971927643,0.3659999966621399,0.061900001019239426
YKR001C,YGL097W,0,-4.0985756,0.3711967468261719,0.3659999966621399,0.06199999898672104
YFL010W-A,YDR446W,0,-4.098792,0.37082067131996155,0.3659999966621399,0.06210000067949295
YKL134C,YOL064C,0,-4.099475,0.3704453408718109,0.3659999966621399,0.062199998646974564
YDR190C,YDR478W,0,-4.0994916,0.37007078528404236,0.3659999966621399,0.062300000339746475
YNL118C,YMR234W,1,-4.099551,0.37070706486701965,0.367000013589859,0.062300000339746475
YGL171W,YGR171C,0,-4.1000156,0.3703329861164093,0.367000013589859,0.06239999830722809
YLR467W,YGL120C,0,-4.100194,0.36995968222618103,0.367000013589859,0.0625
YHR084W,YBR061C,0,-4.1008143,0.36958712339401245,0.367000013589859,0.06260000169277191
YJL145W,YDL008W,0,-4.101352,0.3692152798175812,0.367000013589859,0.06270000338554382
YEL002C,YLR293C,0,-4.101762,0.368844211101532,0.367000013589859,0.06279999762773514
YER005W,YKL038W,0,-4.10348,0.3684738874435425,0.367000013589859,0.06289999932050705
YLR196W,YDL065C,0,-4.1034994,0.36810430884361267,0.367000013589859,0.06300000101327896
YCR020W-B,YJL148W,0,-4.1056776,0.36773547530174255,0.367000013589859,0.06310000270605087
YGL058W,YDR181C,0,-4.108109,0.36736735701560974,0.367000013589859,0.06319999694824219
YIL038C,YJL209W,1,-4.108387,0.36800000071525574,0.36800000071525574,0.06319999694824219
YOR076C,YNL112W,1,-4.1087165,0.36863136291503906,0.36899998784065247,0.06319999694824219
YML047C,YGL006W,0,-4.1090636,0.36826348304748535,0.36899998784065247,0.0632999986410141
YKL095W,YDL059C,0,-4.111155,0.36789631843566895,0.36899998784065247,0.06340000033378601
YNL062C,YIR010W,0,-4.1113515,0.36752986907958984,0.36899998784065247,0.06350000202655792
YMR005W,YBR195C,0,-4.1114016,0.36716416478157043,0.36899998784065247,0.06360000371932983
YDR172W,YDL165W,1,-4.111559,0.3677932322025299,0.3700000047683716,0.06360000371932983
YMR061W,YGR209C,0,-4.1118927,0.3674280047416687,0.3700000047683716,0.06369999796152115
YGL014W,YEL015W,1,-4.1121697,0.3680555522441864,0.3709999918937683,0.06369999796152115
YDL217C,YER127W,0,-4.1123295,0.367690771818161,0.3709999918937683,0.06379999965429306
YLR208W,YBR158W,0,-4.112863,0.3673267364501953,0.3709999918937683,0.06390000134706497
YOR288C,YDR151C,0,-4.1130204,0.3669634163379669,0.3709999918937683,0.06400000303983688
YER022W,YKL074C,0,-4.1134987,0.36660078167915344,0.3709999918937683,0.0640999972820282
YHR111W,YMR214W,0,-4.1139545,0.36623889207839966,0.3709999918937683,0.06419999897480011
YDL153C,YLR427W,0,-4.114241,0.3658777177333832,0.3709999918937683,0.06430000066757202
YJR140C,YKL114C,0,-4.1150765,0.3655172288417816,0.3709999918937683,0.06440000236034393
YER112W,YHR077C,1,-4.1155868,0.36614173650741577,0.3720000088214874,0.06440000236034393
YOL115W,YJL208C,1,-4.1159363,0.36676499247550964,0.37299999594688416,0.06440000236034393
YER104W,YOL068C,0,-4.116418,0.3664047122001648,0.37299999594688416,0.06449999660253525
YDL084W,YDL095W,0,-4.116664,0.36604514718055725,0.37299999594688416,0.06459999829530716
YDL028C,YNR038W,0,-4.1169157,0.3656862676143646,0.37299999594688416,0.06469999998807907
YER146W,YKL149C,1,-4.1173577,0.3663075268268585,0.37400001287460327,0.06469999998807907
YJL209W,YOL139C,1,-4.117449,0.3669275939464569,0.375,0.06469999998807907
YBR247C,YDR060W,0,-4.118022,0.366568922996521,0.375,0.06480000168085098
YJL208C,YMR234W,1,-4.1181073,0.3671875,0.37599998712539673,0.06480000168085098
YJL011C,YGR241C,0,-4.118506,0.3668292760848999,0.37599998712539673,0.0649000033736229
YNL112W,YOR001W,1,-4.118907,0.3674463927745819,0.37700000405311584,0.0649000033736229
YGL078C,YOR087W,0,-4.119106,0.3670886158943176,0.37700000405311584,0.06499999761581421
YDR180W,YPR122W,0,-4.120488,0.36673152446746826,0.37700000405311584,0.06509999930858612
YNL225C,YGL030W,0,-4.120546,0.3663751184940338,0.37700000405311584,0.06520000100135803
YJL110C,YDR225W,0,-4.1212077,0.36601942777633667,0.37700000405311584,0.06530000269412994
YBR195C,YDL100C,0,-4.122376,0.36566439270973206,0.37700000405311584,0.06539999693632126
YLR398C,YCR077C,1,-4.1225123,0.36627906560897827,0.3779999911785126,0.06539999693632126
YNL016W,YOL149W,1,-4.1229806,0.366892546415329,0.3790000081062317,0.06539999693632126
YOL139C,YOL149W,1,-4.1230054,0.3675048351287842,0.3799999952316284,0.06539999693632126
YCR035C,YEL015W,1,-4.1233215,0.36811593174934387,0.38100001215934753,0.06539999693632126
YGR078C,YDL108W,0,-4.1234455,0.36776062846183777,0.38100001215934753,0.06549999862909317
YCR037C,YLR196W,0,-4.1234784,0.3674059808254242,0.38100001215934753,0.06560000032186508
YAL058W,YNR046W,0,-4.1237173,0.36705201864242554,0.38100001215934753,0.065700002014637
YOL101C,YPR190C,0,-4.125076,0.3666987419128418,0.38100001215934753,0.0658000037074089
YML075C,YGL092W,0,-4.1260686,0.366346150636673,0.38100001215934753,0.06589999794960022
YEL022W,YJL035C,0,-4.126487,0.36599424481391907,0.38100001215934753,0.06599999964237213
YCR072C,YKL139W,0,-4.1269403,0.3656429946422577,0.38100001215934753,0.06610000133514404
YGL014W,YKL149C,1,-4.127453,0.3662512004375458,0.38199999928474426,0.06610000133514404
YLR265C,YDL055C,0,-4.1283464,0.3659003973007202,0.38199999928474426,0.06620000302791595
YHL034C,YLR452C,0,-4.128911,0.3655502498149872,0.38199999928474426,0.06629999727010727
YFR001W,YPL241C,0,-4.129523,0.3652007579803467,0.38199999928474426,0.06639999896287918
YJL208C,YKL009W,1,-4.129783,0.36580705642700195,0.382999986410141,0.06639999896287918
YOR076C,YCR035C,1,-4.131136,0.3664122223854065,0.3840000033378601,0.06639999896287918
YGR186W,YPR143W,0,-4.131181,0.3660629093647003,0.3840000033378601,0.06650000065565109
YGR091W,YHR005C,0,-4.131378,0.36571428179740906,0.3840000033378601,0.066600002348423
YNL016W,YJL050W,1,-4.1314178,0.3663177788257599,0.38499999046325684,0.066600002348423
YHR081W,YKL149C,1,-4.1315184,0.36692014336586,0.38600000739097595,0.066600002348423
YHR061C,YDL060W,0,-4.132828,0.36657169461250305,0.38600000739097595,0.06669999659061432
YML043C,YBR205W,0,-4.1335583,0.36622390151023865,0.38600000739097595,0.06679999828338623
YGR145W,YDR478W,0,-4.133853,0.3658767640590668,0.38600000739097595,0.06689999997615814
YKL009W,YCR077C,1,-4.13526,0.36647728085517883,0.3869999945163727,0.06689999997615814
YLL004W,YML093W,0,-4.1355224,0.3661305606365204,0.3869999945163727,0.06700000166893005
YGR216C,YGL126W,0,-4.135777,0.36578449606895447,0.3869999945163727,0.06710000336170197
YLR418C,YLR262C,0,-4.1360097,0.3654390871524811,0.3869999945163727,0.06719999760389328
YPL117C,YNR038W,0,-4.1365786,0.3650943338871002,0.3869999945163727,0.06729999929666519
YPL193W,YPL227C,0,-4.136842,0.3647502362728119,0.3869999945163727,0.0674000009894371
YAR014C,YPL266W,0,-4.137705,0.3644067943096161,0.3869999945163727,0.06750000268220901
YBR004C,YLR274W,0,-4.138261,0.36406397819519043,0.3869999945163727,0.06759999692440033
YCR086W,YNL151C,0,-4.1382637,0.3637218177318573,0.3869999945163727,0.06769999861717224
YGL255W,YPR144C,0,-4.1385794,0.3633802831172943,0.3869999945163727,0.06780000030994415
YJL176C,YDR397C,0,-4.1389413,0.36303940415382385,0.3869999945163727,0.06790000200271606
YMR033W,YOL127W,0,-4.140467,0.36269915103912354,0.3869999945163727,0.06800000369548798
YOR224C,YGR113W,0,-4.1406546,0.36235955357551575,0.3869999945163727,0.06809999793767929
YHR172W,YEL009C,0,-4.1416526,0.3620205819606781,0.3869999945163727,0.0681999996304512
YJR102C,YLR215C,0,-4.1426563,0.3616822361946106,0.3869999945163727,0.06830000132322311
YKR086W,YML005W,0,-4.142868,0.3613445460796356,0.3869999945163727,0.06840000301599503
YMR214W,YBL063W,0,-4.143425,0.3610074520111084,0.3869999945163727,0.06849999725818634
YMR128W,YML093W,0,-4.144327,0.3606710135936737,0.3869999945163727,0.06859999895095825
YJL204C,YOL072W,0,-4.145646,0.36033520102500916,0.3869999945163727,0.06870000064373016
YLR003C,YGL029W,0,-4.1457095,0.36000001430511475,0.3869999945163727,0.06880000233650208
YGL078C,YNL164C,0,-4.1467276,0.3596654236316681,0.3869999945163727,0.06889999657869339
YAL033W,YAL026C,0,-4.148437,0.35933148860931396,0.3869999945163727,0.0689999982714653
YGR241C,YJR145C,0,-4.1490064,0.3589981496334076,0.3869999945163727,0.06909999996423721
YGR037C,YKL212W,0,-4.149348,0.35866543650627136,0.3869999945163727,0.06920000165700912
YDR337W,YPL022W,0,-4.1494575,0.3583333194255829,0.3869999945163727,0.06930000334978104
YOR367W,YPR187W,0,-4.1496754,0.35800185799598694,0.3869999945163727,0.06939999759197235
YPR102C,YDL060W,0,-4.1498322,0.35767099261283875,0.3869999945163727,0.06949999928474426
YJL140W,YNL118C,1,-4.1505766,0.35826408863067627,0.3880000114440918,0.06949999928474426
YJL098W,YLR071C,0,-4.151059,0.35793358087539673,0.3880000114440918,0.06960000097751617
YCR031C,YLR088W,0,-4.1510906,0.35760369896888733,0.3880000114440918,0.06970000267028809
YOL115W,YPR189W,1,-4.151434,0.3581952154636383,0.3889999985694885,0.06970000267028809
YGR158C,YGR195W,1,-4.1514616,0.3587856590747833,0.38999998569488525,0.06970000267028809
YJL134W,YKR026C,0,-4.151874,0.3584558963775635,0.38999998569488525,0.0697999969124794
YGL043W,YGL150C,0,-4.1521516,0.3581267297267914,0.38999998569488525,0.06989999860525131
YDR038C,YML005W,0,-4.1521726,0.35779815912246704,0.38999998569488525,0.07000000029802322
YCR035C,YMR234W,1,-4.152447,0.3583868145942688,0.39100000262260437,0.07000000029802322
YAL068C,YFR014C,0,-4.1525316,0.3580586016178131,0.39100000262260437,0.07010000199079514
YGR085C,YPR120C,0,-4.152541,0.35773101449012756,0.39100000262260437,0.07020000368356705
YDL084W,YOR206W,0,-4.152554,0.35740402340888977,0.39100000262260437,0.07029999792575836
YGL043W,YLR401C,0,-4.1530795,0.35707762837409973,0.39100000262260437,0.07039999961853027
YGR116W,YOR244W,0,-4.1537514,0.35675182938575745,0.39100000262260437,0.07050000131130219
YPL175W,YHR030C,0,-4.154335,0.3564266264438629,0.39100000262260437,0.0706000030040741
YLR451W,YBR294W,0,-4.1561003,0.35610198974609375,0.39100000262260437,0.07069999724626541
YPL033C,YFR003C,0,-4.156353,0.3557779788970947,0.39100000262260437,0.07079999893903732
YDR268W,YDR219C,0,-4.1568255,0.35545453429222107,0.39100000262260437,0.07090000063180923
YNL282W,YDR083W,0,-4.1569543,0.35513168573379517,0.39100000262260437,0.07100000232458115
YNL161W,YER094C,0,-4.1585464,0.354809433221817,0.39100000262260437,0.07109999656677246
YDR295C,YDR516C,0,-4.158884,0.35448774695396423,0.39100000262260437,0.07119999825954437
YDR195W,YEL009C,0,-4.1591744,0.3541666567325592,0.39100000262260437,0.07129999995231628
YBL026W,YEL015W,1,-4.1592655,0.3547511398792267,0.3919999897480011,0.07129999995231628
YAR018C,YER002W,0,-4.1593122,0.3544303774833679,0.3919999897480011,0.0714000016450882
YCR063W,YBR212W,0,-4.1601477,0.3541102111339569,0.3919999897480011,0.07150000333786011
YGL172W,YDR021W,0,-4.1603837,0.35379061102867126,0.3919999897480011,0.07159999758005142
YJL167W,YNL059C,0,-4.1608334,0.3534716069698334,0.3919999897480011,0.07169999927282333
YPL012W,YDL005C,0,-4.160961,0.35315313935279846,0.3919999897480011,0.07180000096559525
YDR072C,YDL084W,0,-4.1610255,0.3528352975845337,0.3919999897480011,0.07190000265836716
YDR190C,YOR083W,0,-4.1610284,0.3525179922580719,0.3919999897480011,0.07199999690055847
YGR158C,YDL160C,1,-4.1626024,0.3530997335910797,0.3930000066757202,0.07199999690055847
YDR303C,YBR069C,0,-4.1629105,0.3527827560901642,0.3930000066757202,0.07209999859333038
YHR181W,YML048W,0,-4.162913,0.3524663746356964,0.3930000066757202,0.0722000002861023
YLR009W,YNL213C,0,-4.1630187,0.3521505296230316,0.3930000066757202,0.0723000019788742
YHR039C-A,YML065W,0,-4.1632013,0.3518352806568146,0.3930000066757202,0.07240000367164612
YNL188W,YOL145C,0,-4.164536,0.3515205681324005,0.3930000066757202,0.07249999791383743
YOR047C,YNL304W,0,-4.165192,0.3512064218521118,0.3930000066757202,0.07259999960660934
YDR378C,YDL111C,1,-4.1654067,0.35178571939468384,0.39399999380111694,0.07259999960660934
YLR249W,YJL168C,0,-4.1658916,0.3514719009399414,0.39399999380111694,0.07270000129938126
YDR028C,YHR006W,0,-4.1659,0.35115864872932434,0.39399999380111694,0.07280000299215317
YDL029W,YNL119W,0,-4.166048,0.35084596276283264,0.39399999380111694,0.07289999723434448
YNR003C,YKL074C,0,-4.166482,0.3505338132381439,0.39399999380111694,0.0729999989271164
YPL159C,YPL271W,0,-4.1668158,0.35022222995758057,0.39399999380111694,0.0731000006198883
YPR072W,YEL015W,1,-4.168131,0.3507992923259735,0.39500001072883606,0.0731000006198883
YOR361C,YDR083W,0,-4.1691513,0.35048800706863403,0.39500001072883606,0.07320000231266022
YDR103W,YGR036C,0,-4.1704283,0.3501773178577423,0.39500001072883606,0.07329999655485153
YKR036C,YJL139C,0,-4.1705804,0.3498671352863312,0.39500001072883606,0.07339999824762344
YKR046C,YFL026W,0,-4.1709332,0.3495575189590454,0.39500001072883606,0.07349999994039536
YBR278W,YER148W,0,-4.1712594,0.3492484390735626,0.39500001072883606,0.07360000163316727
YKR007W,YGL004C,0,-4.171287,0.3489399254322052,0.39500001072883606,0.07370000332593918
YGR216C,YNR038W,0,-4.1715803,0.34863194823265076,0.39500001072883606,0.0737999975681305
YPR137W,YGR167W,0,-4.172301,0.3483245074748993,0.39500001072883606,0.0738999992609024
YOL115W,YJL140W,1,-4.1726236,0.34889867901802063,0.3959999978542328,0.0738999992609024
YLR332W,YMR165C,0,-4.1727366,0.34859153628349304,0.3959999978542328,0.07400000095367432
YLR259C,YBR195C,0,-4.1738353,0.3482849597930908,0.3959999978542328,0.07410000264644623
YOL112W,YDL019C,0,-4.17468,0.3479789197444916,0.3959999978542328,0.07419999688863754
YLR002C,YJR002W,0,-4.1749554,0.3476733863353729,0.3959999978542328,0.07429999858140945
YOR001W,YOL149W,1,-4.1752434,0.34824562072753906,0.3970000147819519,0.07429999858140945
YKL009W,YGR195W,1,-4.175246,0.348816841840744,0.39800000190734863,0.07429999858140945
YEL036C,YOR346W,0,-4.1755776,0.34851139783859253,0.39800000190734863,0.07440000027418137
YML113W,YMR011W,0,-4.1761303,0.34820646047592163,0.39800000190734863,0.07450000196695328
YLR418C,YGL257C,0,-4.1767964,0.3479020893573761,0.39800000190734863,0.07460000365972519
YLR363C,YKL009W,1,-4.1770473,0.34847161173820496,0.39899998903274536,0.07460000365972519
YNL164C,YGR113W,0,-4.1775713,0.3481675386428833,0.39899998903274536,0.0746999979019165
YJL165C,YOR250C,0,-4.1778564,0.3478640019893646,0.39899998903274536,0.07479999959468842
YJR063W,YJR135C,0,-4.178381,0.34756097197532654,0.39899998903274536,0.07490000128746033
YIR021W,YDR021W,0,-4.178464,0.34725847840309143,0.39899998903274536,0.07500000298023224
YJL050W,YNL118C,1,-4.1791973,0.3478260934352875,0.4000000059604645,0.07500000298023224
YGR285C,YJL019W,0,-4.1792808,0.34752389788627625,0.4000000059604645,0.07509999722242355
YPL138C,YMR285C,0,-4.1798983,0.3472222089767456,0.4000000059604645,0.07519999891519547
YOL102C,YDR038C,0,-4.18026,0.34692108631134033,0.4000000059604645,0.07530000060796738
YCR018C,YPL032C,0,-4.180427,0.34662044048309326,0.4000000059604645,0.07540000230073929
YKL203C,YAR019C,0,-4.180495,0.34632036089897156,0.4000000059604645,0.0754999965429306
YPR183W,YOL020W,0,-4.181759,0.34602075815200806,0.4000000059604645,0.07559999823570251
YNR016C,YGR145W,0,-4.183355,0.34572169184684753,0.4000000059604645,0.07569999992847443
YDR038C,YDL060W,0,-4.183461,0.3454231321811676,0.4000000059604645,0.07580000162124634
YDR200C,YPR190C,0,-4.1839595,0.34512510895729065,0.4000000059604645,0.07590000331401825
YDL166C,YJR069C,0,-4.1846952,0.3448275923728943,0.4000000059604645,0.07599999755620956
YPL213W,YDL098C,0,-4.187364,0.3445305824279785,0.4000000059604645,0.07609999924898148
YPL029W,YGR195W,1,-4.1882496,0.3450946509838104,0.4009999930858612,0.07609999924898148
YOL115W,YOL142W,1,-4.1894827,0.3456577956676483,0.4020000100135803,0.07609999924898148
YLR147C,YLR369W,0,-4.1895366,0.34536081552505493,0.4020000100135803,0.07620000094175339
YER122C,YOR038C,0,-4.189593,0.3450643718242645,0.4020000100135803,0.0763000026345253
YOR001W,YCR035C,1,-4.1899157,0.3456260859966278,0.40299999713897705,0.0763000026345253
YGL120C,YDL005C,0,-4.190315,0.3453299105167389,0.40299999713897705,0.07639999687671661
YMR281W,YNL246W,0,-4.191602,0.34503424167633057,0.40299999713897705,0.07649999856948853
YJL008C,YOL010W,0,-4.192078,0.34473907947540283,0.40299999713897705,0.07660000026226044
YDL031W,YGR179C,0,-4.192341,0.3444444537162781,0.40299999713897705,0.07670000195503235
YGR171C,YKL130C,0,-4.192726,0.3441503047943115,0.40299999713897705,0.07680000364780426
YGL020C,YGL201C,0,-4.194353,0.34385666251182556,0.40299999713897705,0.07689999788999557
YGR158C,YDR378C,1,-4.194736,0.3444160223007202,0.40400001406669617,0.07689999788999557
YBR247C,YDR312W,0,-4.194968,0.34412264823913574,0.40400001406669617,0.07699999958276749
YLR071C,YPR083W,0,-4.195145,0.34382978081703186,0.40400001406669617,0.0771000012755394
YDR457W,YHR099W,0,-4.195174,0.34353742003440857,0.40400001406669617,0.07720000296831131
YGR227W,YPR143W,0,-4.1968074,0.3432455360889435,0.40400001406669617,0.07729999721050262
YBR055C,YDR166C,0,-4.19713,0.342954158782959,0.40400001406669617,0.07739999890327454
YNL257C,YDR429C,0,-4.1971636,0.3426632881164551,0.40400001406669617,0.07750000059604645
YPR073C,YJL117W,0,-4.1979966,0.3423728942871094,0.40400001406669617,0.07760000228881836
YGR074W,YOR038C,0,-4.1983995,0.3420829772949219,0.40400001406669617,0.07769999653100967
YOR194C,YMR049C,0,-4.199003,0.34179356694221497,0.40400001406669617,0.07779999822378159
YLR449W,YOL077C,0,-4.2002416,0.34150466322898865,0.40400001406669617,0.0778999999165535
YDR103W,YGL037C,0,-4.2007413,0.34121620655059814,0.40400001406669617,0.07800000160932541
YGL167C,YNL061W,0,-4.202025,0.34092825651168823,0.40400001406669617,0.07810000330209732
YPL078C,YGL249W,0,-4.202945,0.3406408131122589,0.40400001406669617,0.07819999754428864
YOL142W,YPL029W,1,-4.2036448,0.34119629859924316,0.4050000011920929,0.07819999754428864
YLR442C,YBL055C,0,-4.203825,0.34090909361839294,0.4050000011920929,0.07829999923706055
YJL122W,YCR055C,0,-4.204262,0.3406223654747009,0.4050000011920929,0.07840000092983246
YBL011W,YMR128W,0,-4.2048306,0.3403361439704895,0.4050000011920929,0.07850000262260437
YHR023W,YDL236W,0,-4.205271,0.3400503695011139,0.4050000011920929,0.07859999686479568
YOL010W,YLR275W,0,-4.2055354,0.33976510167121887,0.4050000011920929,0.0786999985575676
YLR398C,YOL139C,1,-4.205544,0.3403185307979584,0.4059999883174896,0.0786999985575676
YBR274W,YOR298W,0,-4.2056546,0.34003350138664246,0.4059999883174896,0.07880000025033951
YLR291C,YCR088W,0,-4.2057166,0.33974894881248474,0.4059999883174896,0.07890000194311142
YOR076C,YGR158C,1,-4.207629,0.3403010070323944,0.40700000524520874,0.07890000194311142
YJR040W,YIL019W,0,-4.208114,0.3400167226791382,0.40700000524520874,0.07900000363588333
YKR014C,YBL051C,0,-4.208261,0.3397328853607178,0.40700000524520874,0.07909999787807465
YKL009W,YKL149C,1,-4.2083044,0.3402835726737976,0.40799999237060547,0.07909999787807465
YER031C,YNL199C,0,-4.2093863,0.3400000035762787,0.40799999237060547,0.07919999957084656
YBR012W-A,YKR052C,0,-4.2101383,0.33971691131591797,0.40799999237060547,0.07930000126361847
YDR172W,YPL029W,1,-4.2104597,0.34026622772216797,0.4090000092983246,0.07930000126361847
YOR326W,YMR079W,0,-4.211074,0.33998337388038635,0.4090000092983246,0.07940000295639038
YMR264W,YJL004C,0,-4.2113724,0.33970099687576294,0.4090000092983246,0.0794999971985817
YOL139C,YCR035C,1,-4.211669,0.3402489721775055,0.4099999964237213,0.0794999971985817
YMR033W,YML104C,0,-4.2118053,0.3399668335914612,0.4099999964237213,0.07959999889135361
YML043C,YAR018C,0,-4.211854,0.3396851718425751,0.4099999964237213,0.07970000058412552
YLR009W,YER165W,0,-4.2127733,0.33940398693084717,0.4099999964237213,0.07980000227689743
YDR175C,YPR125W,0,-4.214264,0.3391232490539551,0.4099999964237213,0.07989999651908875
YPL176C,YNL230C,0,-4.214828,0.3388429880142212,0.4099999964237213,0.07999999821186066
YMR199W,YMR260C,0,-4.215068,0.3385631740093231,0.4099999964237213,0.08009999990463257
YPL235W,YHR083W,0,-4.215928,0.33828383684158325,0.4099999964237213,0.08020000159740448
YLL009C,YDL181W,0,-4.216531,0.3380049467086792,0.4099999964237213,0.08030000329017639
YOR076C,YMR234W,1,-4.217655,0.33855023980140686,0.41100001335144043,0.08030000329017639
YLR450W,YMR192W,0,-4.2190285,0.3382716178894043,0.41100001335144043,0.0803999975323677
YML074C,YAL011W,0,-4.219059,0.33799341320991516,0.41100001335144043,0.08049999922513962
YCR034W,YER072W,0,-4.219637,0.33771568536758423,0.41100001335144043,0.08060000091791153
YGR158C,YMR234W,1,-4.219865,0.33825942873954773,0.41200000047683716,0.08060000091791153
YMR056C,YLR304C,0,-4.219875,0.3379819393157959,0.41200000047683716,0.08070000261068344
YPR036W,YLR085C,0,-4.2207904,0.33770492672920227,0.41200000047683716,0.08079999685287476
YJL069C,YER122C,0,-4.220946,0.33742833137512207,0.41200000047683716,0.08089999854564667
YLR206W,YGL008C,0,-4.220967,0.3371522128582001,0.41200000047683716,0.08100000023841858
YLL038C,YGL172W,0,-4.2210207,0.3368765413761139,0.41200000047683716,0.08110000193119049
YOR332W,YCR040W,0,-4.221058,0.3366013169288635,0.41200000047683716,0.0812000036239624
YER122C,YGL021W,0,-4.2212205,0.336326539516449,0.41200000047683716,0.08129999786615372
YKL193C,YJL196C,0,-4.2224264,0.33605220913887024,0.41200000047683716,0.08139999955892563
YLR086W,YDR083W,0,-4.223066,0.3357783257961273,0.41200000047683716,0.08150000125169754
YJL140W,YEL015W,1,-4.2234097,0.3363192081451416,0.4129999876022339,0.08150000125169754
YDR202C,YDL100C,0,-4.223504,0.3360455632209778,0.4129999876022339,0.08160000294446945
YOL149W,YEL015W,1,-4.2238445,0.3365853726863861,0.414000004529953,0.08160000294446945
YKR066C,YOR267C,0,-4.2253222,0.336311936378479,0.414000004529953,0.08169999718666077
YDR172W,YMR234W,1,-4.225381,0.336850643157959,0.41499999165534973,0.08169999718666077
YOR266W,YNR003C,0,-4.2256446,0.336577445268631,0.41499999165534973,0.08179999887943268
YDR346C,YIL030C,0,-4.22573,0.3363046944141388,0.41499999165534973,0.08190000057220459
YNL225C,YGR216C,0,-4.2260013,0.3360323905944824,0.41499999165534973,0.0820000022649765
YNL167C,YLR215C,0,-4.226559,0.3357605040073395,0.41499999165534973,0.08209999650716782
YNL016W,YMR234W,1,-4.2276616,0.33629748225212097,0.41600000858306885,0.08209999650716782
YDR172W,YNL118C,1,-4.2280707,0.3368335962295532,0.4169999957084656,0.08209999650716782
YCR094W,YBL055C,0,-4.2282047,0.33656173944473267,0.4169999957084656,0.08219999819993973
YOR287C,YDR256C,0,-4.230056,0.3362903296947479,0.4169999957084656,0.08229999989271164
YJL148W,YER094C,0,-4.2310266,0.3360193371772766,0.4169999957084656,0.08240000158548355
YER166W,YBR195C,0,-4.2310743,0.3357487916946411,0.4169999957084656,0.08250000327825546
YLR316C,YML112W,0,-4.2313914,0.33547869324684143,0.4169999957084656,0.08259999752044678
YJL140W,YKL149C,1,-4.2317853,0.3360128700733185,0.4180000126361847,0.08259999752044678
YHL009C,YNL247W,0,-4.2319283,0.3357429802417755,0.4180000126361847,0.08269999921321869
YGR143W,YFL026W,0,-4.232454,0.33547350764274597,0.4180000126361847,0.0828000009059906
YKR072C,YHR170W,0,-4.2326565,0.33520448207855225,0.4180000126361847,0.08290000259876251
YJL204C,YBR167C,0,-4.2329807,0.33493590354919434,0.4180000126361847,0.08299999684095383
YJL140W,YCR077C,1,-4.2347884,0.3354683816432953,0.4189999997615814,0.08299999684095383
YER049W,YGR195W,1,-4.2354584,0.335999995470047,0.41999998688697815,0.08299999684095383
YOR332W,YKL113C,0,-4.2383704,0.3357314169406891,0.41999998688697815,0.08309999853372574
YDR180W,YBL063W,0,-4.2385316,0.3354632556438446,0.41999998688697815,0.08320000022649765
YLR298C,YER025W,0,-4.2389703,0.33519554138183594,0.41999998688697815,0.08330000191926956
YNL250W,YER038C,0,-4.239192,0.3349282443523407,0.41999998688697815,0.08340000361204147
YEL034W,YGL120C,0,-4.239343,0.3346613645553589,0.41999998688697815,0.08349999785423279
YOR001W,YJL209W,1,-4.2396064,0.3351910710334778,0.42100000381469727,0.08349999785423279
YBR211C,YBL006C,0,-4.2396345,0.3349244296550751,0.42100000381469727,0.0835999995470047
YJL184W,YMR112C,0,-4.239768,0.3346581757068634,0.42100000381469727,0.08370000123977661
YER112W,YJL140W,1,-4.2399836,0.3351866602897644,0.421999990940094,0.08370000123977661
YOL142W,YDL111C,1,-4.2402906,0.33571428060531616,0.4230000078678131,0.08370000123977661
YGR083C,YLL008W,0,-4.242153,0.3354480564594269,0.4230000078678131,0.08380000293254852
YDR131C,YOR089C,0,-4.242198,0.335182249546051,0.4230000078678131,0.08389999717473984
YOR344C,YMR029C,0,-4.2426944,0.3349168598651886,0.4230000078678131,0.08399999886751175
YFL037W,YOR063W,0,-4.2443624,0.3346518874168396,0.4230000078678131,0.08410000056028366
YDR025W,YIL114C,0,-4.2447615,0.3343873620033264,0.4230000078678131,0.08420000225305557
YPR072W,YIL038C,1,-4.244871,0.33491310477256775,0.42399999499320984,0.08420000225305557
YOL139C,YHR081W,1,-4.2451997,0.3354380428791046,0.42500001192092896,0.08420000225305557
YAL021C,YDL160C,1,-4.2463946,0.3359621465206146,0.4259999990463257,0.08420000225305557
YER049W,YCR077C,1,-4.247034,0.3364854156970978,0.4269999861717224,0.08420000225305557
YGL113W,YDL005C,0,-4.2472296,0.33622047305107117,0.4269999861717224,0.08429999649524689
YDR427W,YCR039C,0,-4.2477417,0.335955947637558,0.4269999861717224,0.0843999981880188
YIL065C,YHR197W,0,-4.247781,0.33569180965423584,0.4269999861717224,0.08449999988079071
YBR069C,YKL114C,0,-4.248723,0.3354281187057495,0.4269999861717224,0.08460000157356262
YPL175W,YFL017W-A,0,-4.248736,0.3351648449897766,0.4269999861717224,0.08470000326633453
YBR130C,YOL146W,0,-4.2487926,0.33490195870399475,0.4269999861717224,0.08479999750852585
YKL054C,YKR081C,0,-4.2490897,0.3346394896507263,0.4269999861717224,0.08489999920129776
YOL093W,YPL019C,0,-4.249873,0.3343774378299713,0.4269999861717224,0.08500000089406967
YBL026W,YJL209W,1,-4.2503047,0.33489829301834106,0.42800000309944153,0.08500000089406967
YGL240W,YLR002C,0,-4.250431,0.3346364200115204,0.42800000309944153,0.08510000258684158
YEL050C,YKL043W,0,-4.2504344,0.3343749940395355,0.42800000309944153,0.0851999968290329
YJL204C,YGR244C,0,-4.250514,0.3341139853000641,0.42800000309944153,0.08529999852180481
YGL014W,YHR077C,1,-4.2511477,0.33463338017463684,0.42899999022483826,0.08529999852180481
YFL034C-B,YBR236C,0,-4.2516704,0.33437255024909973,0.42899999022483826,0.08540000021457672
YPL159C,YJL204C,0,-4.25224,0.33411213755607605,0.42899999022483826,0.08550000190734863
YJL125C,YMR299C,0,-4.252355,0.3338521420955658,0.42899999022483826,0.08560000360012054
YKL064W,YJR073C,0,-4.2526937,0.3335925340652466,0.42899999022483826,0.08569999784231186
YOR076C,YGR195W,1,-4.253098,0.3341103196144104,0.4300000071525574,0.08569999784231186
YGR075C,YGR200C,0,-4.2534432,0.3338509202003479,0.4300000071525574,0.08579999953508377
YMR288W,YMR043W,0,-4.253564,0.33359193801879883,0.4300000071525574,0.08590000122785568
YKL110C,YDR016C,0,-4.255034,0.3333333432674408,0.4300000071525574,0.0860000029206276
YPL101W,YOL027C,0,-4.256575,0.3330751359462738,0.4300000071525574,0.08609999716281891
YNR032W,YDR240C,0,-4.256601,0.33281734585762024,0.4300000071525574,0.08619999885559082
YDR083W,YNL216W,0,-4.2577934,0.3325599431991577,0.4300000071525574,0.08630000054836273
YBR274W,YOR344C,0,-4.2579803,0.33230292797088623,0.4300000071525574,0.08640000224113464
YGL168W,YLR007W,0,-4.2582436,0.3320463299751282,0.4300000071525574,0.08649999648332596
YNL038W,YMR049C,0,-4.2593083,0.33179011940956116,0.4300000071525574,0.08659999817609787
YLL013C,YHR081W,1,-4.259858,0.33230531215667725,0.4309999942779541,0.08659999817609787
YLR363C,YOL142W,1,-4.260239,0.33281973004341125,0.4320000112056732,0.08659999817609787
YKR099W,YKL212W,0,-4.2604775,0.33256351947784424,0.4320000112056732,0.08669999986886978
YJR022W,YKL056C,0,-4.2613955,0.33230769634246826,0.4320000112056732,0.0868000015616417
YOR094W,YBR245C,0,-4.261427,0.3320522606372833,0.4320000112056732,0.0869000032544136
YOR211C,YMR128W,0,-4.2614465,0.3317972421646118,0.4320000112056732,0.08699999749660492
YMR033W,YFL049W,0,-4.2615275,0.33154258131980896,0.4320000112056732,0.08709999918937683
YHR204W,YDR183W,0,-4.261662,0.33128833770751953,0.4320000112056732,0.08720000088214874
YPR162C,YML064C,0,-4.262579,0.33103448152542114,0.4320000112056732,0.08730000257492065
YLR226W,YML088W,0,-4.2626724,0.3307810127735138,0.4320000112056732,0.08739999681711197
YPL086C,YGL195W,0,-4.2631574,0.3305279314517975,0.4320000112056732,0.08749999850988388
YGR158C,YNL118C,1,-4.264925,0.33103975653648376,0.43299999833106995,0.08749999850988388
YDL165W,YOL142W,1,-4.265317,0.33155080676078796,0.4339999854564667,0.08749999850988388
YER164W,YOR231W,0,-4.265848,0.33129769563674927,0.4339999854564667,0.08760000020265579
YLR383W,YGL201C,0,-4.2660446,0.331045001745224,0.4339999854564667,0.0877000018954277
YDR382W,YMR061W,0,-4.266182,0.33079269528388977,0.4339999854564667,0.08780000358819962
YMR050C,YGL066W,0,-4.266323,0.3305407464504242,0.4339999854564667,0.08789999783039093
YBR073W,YMR049C,0,-4.266599,0.33028918504714966,0.4339999854564667,0.08799999952316284
YOL115W,YLR136C,1,-4.26681,0.330798476934433,0.4350000023841858,0.08799999952316284
YGR264C,YLL043W,0,-4.2680717,0.33054712414741516,0.4350000023841858,0.08810000121593475
YKL165C,YKL021C,0,-4.2691703,0.330296128988266,0.4350000023841858,0.08820000290870667
YDR025W,YDR487C,0,-4.269198,0.33004552125930786,0.4350000023841858,0.08829999715089798
YBR088C,YLL021W,0,-4.270879,0.32979530096054077,0.4350000023841858,0.08839999884366989
YBR088C,YDR341C,0,-4.271461,0.3295454680919647,0.4350000023841858,0.0885000005364418
YGR158C,YIL079C,1,-4.271999,0.3300530016422272,0.4359999895095825,0.0885000005364418
YDR137W,YDR473C,0,-4.2755027,0.32980331778526306,0.4359999895095825,0.08860000222921371
YML074C,YNL282W,0,-4.2755585,0.3295540511608124,0.4359999895095825,0.08869999647140503
YKR056W,YDR416W,0,-4.275929,0.32930514216423035,0.4359999895095825,0.08879999816417694
YLR119W,YBR236C,0,-4.2762136,0.32905659079551697,0.4359999895095825,0.08889999985694885
YDR285W,YDR165W,0,-4.2767553,0.328808456659317,0.4359999895095825,0.08900000154972076
YOL116W,YPL268W,0,-4.277106,0.32856065034866333,0.4359999895095825,0.08910000324249268
YER112W,YIL038C,1,-4.2775373,0.32906627655029297,0.43700000643730164,0.08910000324249268
YOR001W,YDL160C,1,-4.278053,0.32957109808921814,0.43799999356269836,0.08910000324249268
YER138C,YCL010C,0,-4.2780647,0.32932332158088684,0.43799999356269836,0.08919999748468399
YLL004W,YPR019W,0,-4.27827,0.3290758728981018,0.43799999356269836,0.0892999991774559
YJL011C,YOR257W,0,-4.279086,0.3288288414478302,0.43799999356269836,0.08940000087022781
YOL010W,YCR055C,0,-4.280919,0.32858213782310486,0.43799999356269836,0.08950000256299973
YIL121W,YDR256C,0,-4.2812057,0.32833582162857056,0.43799999356269836,0.08959999680519104
YOR061W,YDL042C,0,-4.282679,0.3280898928642273,0.43799999356269836,0.08969999849796295
YGL222C,YGR158C,1,-4.2829294,0.32859280705451965,0.4390000104904175,0.08969999849796295
YLR363C,YDR172W,1,-4.2830434,0.3290949761867523,0.4399999976158142,0.08969999849796295
YDR397C,YBR195C,0,-4.2831135,0.32884901762008667,0.4399999976158142,0.08980000019073486
YAL032C,YJL148W,0,-4.283218,0.32860344648361206,0.4399999976158142,0.08990000188350677
YNL016W,YCR077C,1,-4.284816,0.329104483127594,0.4410000145435333,0.08990000188350677
YOR123C,YPL083C,0,-4.2853403,0.3288590610027313,0.4410000145435333,0.09000000357627869
YNR032W,YDL059C,0,-4.285906,0.3286139965057373,0.4410000145435333,0.09009999781847
YHR190W,YNL101W,0,-4.28613,0.3283693194389343,0.4410000145435333,0.09019999951124191
YOL115W,YDR378C,1,-4.2861476,0.3288690447807312,0.44200000166893005,0.09019999951124191
YDR165W,YLR025W,0,-4.2866993,0.32862454652786255,0.44200000166893005,0.09030000120401382
YOR206W,YDR429C,0,-4.287759,0.32838037610054016,0.44200000166893005,0.09040000289678574
YPR107C,YMR061W,0,-4.2890716,0.3281365931034088,0.44200000166893005,0.09049999713897705
YHR060W,YBR278W,0,-4.2900357,0.3278931677341461,0.44200000166893005,0.09059999883174896
YJR063W,YPL127C,0,-4.290397,0.3276500999927521,0.44200000166893005,0.09070000052452087
YOL069W,YMR058W,0,-4.291025,0.3274074196815491,0.44200000166893005,0.09080000221729279
YLR220W,YML043C,0,-4.291118,0.32716506719589233,0.44200000166893005,0.0908999964594841
YGR074W,YOR198C,0,-4.2921157,0.32692307233810425,0.44200000166893005,0.09099999815225601
YJL125C,YKR060W,0,-4.2925777,0.3266814351081848,0.44200000166893005,0.09109999984502792
YMR037C,YAL001C,0,-4.293344,0.3264401853084564,0.44200000166893005,0.09120000153779984
YPR031W,YDL166C,0,-4.293366,0.3261992633342743,0.44200000166893005,0.09130000323057175
YDR245W,YDR073W,0,-4.2933893,0.3259586989879608,0.44200000166893005,0.09139999747276306
YDR378C,YIL079C,1,-4.296624,0.32645541429519653,0.4429999887943268,0.09139999747276306
YIL135C,YDR077W,0,-4.296792,0.3262150287628174,0.4429999887943268,0.09149999916553497
YNL288W,YJL110C,0,-4.297364,0.3259749710559845,0.4429999887943268,0.09160000085830688
YLR007W,YFR037C,0,-4.2973733,0.32573530077934265,0.4429999887943268,0.0917000025510788
YNR035C,YDL084W,0,-4.2986875,0.32549595832824707,0.4429999887943268,0.09179999679327011
YPR072W,YBL026W,1,-4.298913,0.3259911835193634,0.4440000057220459,0.09179999679327011
YPR102C,YKR020W,0,-4.29899,0.32575201988220215,0.4440000057220459,0.09189999848604202
YPR080W,YJL117W,0,-4.2998075,0.32551318407058716,0.4440000057220459,0.09200000017881393
YOR047C,YDR062W,0,-4.3007765,0.3252747356891632,0.4440000057220459,0.09210000187158585
YKL144C,YOL017W,0,-4.3012133,0.3250366151332855,0.4440000057220459,0.09220000356435776
YGL163C,YDL161W,0,-4.3016925,0.3247988224029541,0.4440000057220459,0.09229999780654907
YER112W,YEL015W,1,-4.301723,0.3252924084663391,0.4449999928474426,0.09229999780654907
YAL005C,YKL064W,0,-4.3020773,0.325054794549942,0.4449999928474426,0.09239999949932098
YFL024C,YDR363W,0,-4.3028436,0.3248175084590912,0.4449999928474426,0.0925000011920929
YGR024C,YMR049C,0,-4.3034997,0.3245806097984314,0.4449999928474426,0.09260000288486481
YNL231C,YLR223C,0,-4.304152,0.3243440091609955,0.4449999928474426,0.09269999712705612
YOR260W,YDR414C,0,-4.304773,0.3241077959537506,0.4449999928474426,0.09279999881982803
YKL205W,YLR005W,0,-4.3062215,0.323871910572052,0.4449999928474426,0.09290000051259995
YOR361C,YAL032C,0,-4.307137,0.32363635301589966,0.4449999928474426,0.09300000220537186
YPR072W,YNL016W,1,-4.3071856,0.3241279125213623,0.44600000977516174,0.09300000220537186
YLR007W,YPL012W,0,-4.3072505,0.3238925337791443,0.44600000977516174,0.09309999644756317
YPL228W,YOR346W,0,-4.307459,0.32365748286247253,0.44600000977516174,0.09319999814033508
YNL112W,YDL165W,1,-4.3076897,0.32414793968200684,0.44699999690055847,0.09319999814033508
YNL016W,YGL213C,1,-4.308051,0.32463768124580383,0.4480000138282776,0.09319999814033508
YOR294W,YHR043C,0,-4.308422,0.3244026005268097,0.4480000138282776,0.093299999833107
YDL130W,YHR052W,0,-4.308981,0.3241678774356842,0.4480000138282776,0.0934000015258789
YLR362W,YNR026C,0,-4.309256,0.323933482170105,0.4480000138282776,0.09350000321865082
YPR187W,YDR515W,0,-4.3102,0.323699414730072,0.4480000138282776,0.09359999746084213
YDR023W,YDR447C,0,-4.3105817,0.3234657049179077,0.4480000138282776,0.09369999915361404
YAL043C,YJL035C,0,-4.3108234,0.3232323229312897,0.4480000138282776,0.09380000084638596
YBR091C,YOL066C,0,-4.31129,0.3229992687702179,0.4480000138282776,0.09390000253915787
YLR129W,YDR329C,0,-4.3114247,0.32276657223701477,0.4480000138282776,0.09399999678134918
YNL291C,YDR190C,0,-4.311961,0.3225342035293579,0.4480000138282776,0.0940999984741211
YDL175C,YEL015W,1,-4.3121395,0.3230215907096863,0.4490000009536743,0.0940999984741211
YKR072C,YLR167W,0,-4.312622,0.32278937101364136,0.4490000009536743,0.094200000166893
YMR208W,YBR123C,0,-4.3127,0.3225574791431427,0.4490000009536743,0.09430000185966492
YFR031C,YOR340C,0,-4.3127255,0.3223259150981903,0.4490000009536743,0.09440000355243683
YGR169C,YNL078W,0,-4.3135366,0.3220946788787842,0.4490000009536743,0.09449999779462814
YLL006W,YDR011W,0,-4.3136454,0.3218638002872467,0.4490000009536743,0.09459999948740005
YGL043W,YLL043W,0,-4.3137712,0.3216332495212555,0.4490000009536743,0.09470000118017197
YBR041W,YPL043W,0,-4.3139853,0.32140299677848816,0.4490000009536743,0.09480000287294388
YDR494W,YNL015W,0,-4.3146143,0.3211731016635895,0.4490000009536743,0.09489999711513519
YOL144W,YNL025C,0,-4.3148327,0.32094353437423706,0.4490000009536743,0.0949999988079071
YCR014C,YGL150C,0,-4.31494,0.3207142949104309,0.4490000009536743,0.09510000050067902
YNL016W,YOL139C,1,-4.315006,0.3211991488933563,0.44999998807907104,0.09510000050067902
YMR224C,YEL063C,0,-4.3153057,0.3209700286388397,0.44999998807907104,0.09520000219345093
YPL175W,YBL057C,0,-4.316276,0.3207412660121918,0.44999998807907104,0.09529999643564224
YDL051W,YNR003C,0,-4.3170257,0.3205128312110901,0.44999998807907104,0.09539999812841415
YHR108W,YLR028C,0,-4.3170667,0.3202846944332123,0.44999998807907104,0.09549999982118607
YDR483W,YLR189C,0,-4.3173866,0.32005688548088074,0.44999998807907104,0.09560000151395798
YHR011W,YPR138C,0,-4.3178196,0.31982943415641785,0.44999998807907104,0.09570000320672989
YJL050W,YOL142W,1,-4.319139,0.3203125,0.45100000500679016,0.09570000320672989
YLR075W,YJR112W,0,-4.319781,0.32008516788482666,0.45100000500679016,0.0957999974489212
YMR234W,YGL213C,1,-4.3212566,0.32056736946105957,0.4519999921321869,0.0957999974489212
YLR332W,YDR254W,0,-4.3214145,0.32034018635749817,0.4519999921321869,0.09589999914169312
YMR316W,YJR094C,0,-4.32157,0.32011330127716064,0.4519999921321869,0.09600000083446503
YNL199C,YEL019C,0,-4.321697,0.3198867738246918,0.4519999921321869,0.09610000252723694
YDR295C,YPL126W,0,-4.3224034,0.3196605443954468,0.4519999921321869,0.09619999676942825
YIL030C,YIL035C,0,-4.3228617,0.31943464279174805,0.4519999921321869,0.09629999846220016
YNL112W,YDL160C,1,-4.3236604,0.3199152648448944,0.453000009059906,0.09629999846220016
YNL250W,YPL016W,0,-4.323823,0.31968948245048523,0.453000009059906,0.09640000015497208
YMR093W,YOR250C,0,-4.3244333,0.3194640278816223,0.453000009059906,0.09650000184774399
YCR020W-B,YNL151C,0,-4.324468,0.31923890113830566,0.453000009059906,0.0966000035405159
YER089C,YDL084W,0,-4.324605,0.3190140724182129,0.453000009059906,0.09669999778270721
YDL185W,YLL008W,0,-4.3250837,0.3187895715236664,0.453000009059906,0.09679999947547913
YLR284C,YNR049C,0,-4.325251,0.31856539845466614,0.453000009059906,0.09690000116825104
YLR249W,YGL207W,0,-4.325267,0.31834152340888977,0.453000009059906,0.09700000286102295
YNR059W,YBL080C,0,-4.3254004,0.31811797618865967,0.453000009059906,0.09709999710321426
YDL036C,YDR365C,0,-4.3259916,0.31789472699165344,0.453000009059906,0.09719999879598618
YIL038C,YLR136C,1,-4.326683,0.31837308406829834,0.45399999618530273,0.09719999879598618
YGR246C,YNL250W,0,-4.326881,0.31814995408058167,0.45399999618530273,0.09730000048875809
YDL081C,YHR088W,0,-4.3278866,0.31792718172073364,0.45399999618530273,0.09740000218153
YDR138W,YBR179C,0,-4.3280535,0.3177046775817871,0.45399999618530273,0.09749999642372131
YDR172W,YDL160C,1,-4.328305,0.3181818127632141,0.45500001311302185,0.09749999642372131
YIR023W,YPR141C,0,-4.3287864,0.3179594576358795,0.45500001311302185,0.09759999811649323
YGR085C,YML075C,0,-4.3288665,0.3177374303340912,0.45500001311302185,0.09769999980926514
YBR274W,YFL025C,0,-4.32888,0.31751570105552673,0.45500001311302185,0.09780000150203705
YPR112C,YNL330C,0,-4.3289347,0.31729426980018616,0.45500001311302185,0.09790000319480896
YCR057C,YGL226C-A,0,-4.3297806,0.31707316637039185,0.45500001311302185,0.09799999743700027
YKL119C,YBR188C,0,-4.3308277,0.3168523609638214,0.45500001311302185,0.09809999912977219
YLR167W,YER148W,0,-4.3309345,0.31663188338279724,0.45500001311302185,0.0982000008225441
YPR073C,YHR005C,0,-4.331205,0.31641167402267456,0.45500001311302185,0.09830000251531601
YOR332W,YGR211W,0,-4.3314385,0.31619179248809814,0.45500001311302185,0.09839999675750732
YJL069C,YML126C,0,-4.331576,0.3159722089767456,0.45500001311302185,0.09849999845027924
YEL030W,YIL085C,0,-4.3318577,0.31575295329093933,0.45500001311302185,0.09860000014305115
YGR108W,YKL062W,0,-4.3320684,0.31553396582603455,0.45500001311302185,0.09870000183582306
YGR217W,YLR381W,0,-4.3324733,0.315315306186676,0.45500001311302185,0.09880000352859497
YLR272C,YML046W,0,-4.3324995,0.3150969445705414,0.45500001311302185,0.09889999777078629
YPL126W,YDL227C,0,-4.332557,0.3148788809776306,0.45500001311302185,0.0989999994635582
YDR320C-A,YBL071W-A,0,-4.3348002,0.3146611452102661,0.45500001311302185,0.09910000115633011
YLR183C,YDR167W,0,-4.335138,0.3144436776638031,0.45500001311302185,0.09920000284910202
YOR076C,YDL111C,1,-4.3353996,0.31491711735725403,0.4560000002384186,0.09920000284910202
YNL025C,YGL151W,0,-4.3354163,0.31469979882240295,0.4560000002384186,0.09929999709129333
YDR378C,YDL165W,1,-4.3359447,0.315172404050827,0.4569999873638153,0.09929999709129333
YDR339C,YML006C,0,-4.3362975,0.3149552047252655,0.4569999873638153,0.09939999878406525
YJL124C,YDL165W,1,-4.3363733,0.3154270052909851,0.4580000042915344,0.09939999878406525
YDR437W,YPL274W,0,-4.336678,0.31520992517471313,0.4580000042915344,0.09950000047683716
YDL166C,YLR039C,0,-4.3367743,0.31499311327934265,0.4580000042915344,0.09960000216960907
YBR133C,YDR080W,0,-4.337155,0.31477662920951843,0.4580000042915344,0.09969999641180038
YMR216C,YHR023W,0,-4.3376274,0.3145604431629181,0.4580000042915344,0.0997999981045723
YPR143W,YGR162W,0,-4.3377666,0.3143445551395416,0.4580000042915344,0.09989999979734421
YKL059C,YPR133C,0,-4.338006,0.31412893533706665,0.4580000042915344,0.10000000149011612
YKL014C,YER005W,0,-4.3395143,0.31391364336013794,0.4580000042915344,0.10010000318288803
YBL026W,YPR189W,1,-4.3397913,0.3143835663795471,0.45899999141693115,0.10010000318288803
YHR081W,YMR234W,1,-4.3399196,0.31485283374786377,0.46000000834465027,0.10010000318288803
YEL026W,YMR146C,0,-4.33999,0.3146374821662903,0.46000000834465027,0.10019999742507935
YMR319C,YGL219C,0,-4.340074,0.3144224286079407,0.46000000834465027,0.10029999911785126
YDR414C,YEL003W,0,-4.340147,0.31420764327049255,0.46000000834465027,0.10040000081062317
YJR060W,YHR143W-A,0,-4.3408537,0.3139931857585907,0.46000000834465027,0.10050000250339508
YLR398C,YMR234W,1,-4.3408904,0.3144611120223999,0.460999995470047,0.10050000250339508
YGR144W,YNL006W,0,-4.3409066,0.3142467737197876,0.460999995470047,0.1005999967455864
YJL198W,YCR053W,0,-4.3409534,0.3140327036380768,0.460999995470047,0.1006999984383583
YLR119W,YNR044W,0,-4.341466,0.31381893157958984,0.460999995470047,0.10080000013113022
YCR018C,YNL079C,0,-4.3428574,0.3136054277420044,0.460999995470047,0.10090000182390213
YNL311C,YIR005W,0,-4.343085,0.3133922517299652,0.460999995470047,0.10100000351667404
YDR030C,YFL026W,0,-4.3434854,0.3131793439388275,0.460999995470047,0.10109999775886536
YLR398C,YGL213C,1,-4.3447423,0.3136456310749054,0.4620000123977661,0.10109999775886536
YDR188W,YHR120W,0,-4.3448234,0.31343284249305725,0.4620000123977661,0.10119999945163727
YJL140W,YGL213C,1,-4.3448544,0.3138982951641083,0.46299999952316284,0.10119999945163727
YIL009W,YBR245C,0,-4.345238,0.3136856257915497,0.46299999952316284,0.10130000114440918
YLR353W,YNL053W,0,-4.3453655,0.31347325444221497,0.46299999952316284,0.10140000283718109
YPR036W,YDR365C,0,-4.345654,0.31326115131378174,0.46299999952316284,0.1014999970793724
YEL020W-A,YKL110C,0,-4.345816,0.3130493462085724,0.46299999952316284,0.10159999877214432
YOL142W,YHR081W,1,-4.345935,0.31351351737976074,0.46399998664855957,0.10159999877214432
YOR287C,YLR020C,0,-4.346045,0.31330183148384094,0.46399998664855957,0.10170000046491623
YMR077C,YLL035W,0,-4.346445,0.31309041380882263,0.46399998664855957,0.10180000215768814
YHR172W,YLR399C,0,-4.3469906,0.3128792941570282,0.46399998664855957,0.10189999639987946
YLR330W,YPR033C,0,-4.3472586,0.31266847252845764,0.46399998664855957,0.10199999809265137
YBR240C,YER020W,0,-4.347367,0.3124579191207886,0.46399998664855957,0.10209999978542328
YCR066W,YGR252W,0,-4.348141,0.312247633934021,0.46399998664855957,0.10220000147819519
YPL033C,YDR171W,0,-4.3487763,0.3120376467704773,0.46399998664855957,0.1023000031709671
YKL042W,YHR052W,0,-4.3489556,0.31182795763015747,0.46399998664855957,0.10239999741315842
YDR240C,YLR330W,0,-4.349289,0.31161853671073914,0.46399998664855957,0.10249999910593033
YBR119W,YPR190C,0,-4.349647,0.3114093840122223,0.46399998664855957,0.10260000079870224
YBR158W,YDL005C,0,-4.3499804,0.3112005293369293,0.46399998664855957,0.10270000249147415
YKL088W,YPL235W,0,-4.3504047,0.31099194288253784,0.46399998664855957,0.10279999673366547
YIL122W,YDR165W,0,-4.3510365,0.31078365445137024,0.46399998664855957,0.10289999842643738
YDR378C,YOL139C,1,-4.352074,0.31124499440193176,0.4650000035762787,0.10289999842643738
YBR119W,YLR452C,0,-4.352076,0.3110367953777313,0.4650000035762787,0.10300000011920929
YDR201W,YJR046W,0,-4.35227,0.3108288645744324,0.4650000035762787,0.1031000018119812
YIL144W,YDR165W,0,-4.3528566,0.3106212317943573,0.4650000035762787,0.10320000350475311
YKL009W,YHR081W,1,-4.3529963,0.3110814392566681,0.4659999907016754,0.10320000350475311
YPR072W,YHR077C,1,-4.3532743,0.31154102087020874,0.46700000762939453,0.10320000350475311
YKL009W,YCR035C,1,-4.3539667,0.31200000643730164,0.46799999475479126,0.10320000350475311
YMR033W,YLR242C,0,-4.354393,0.31179213523864746,0.46799999475479126,0.10329999774694443
YOR211C,YBR002C,0,-4.355016,0.31158456206321716,0.46799999475479126,0.10339999943971634
YMR213W,YHR108W,0,-4.355542,0.31137725710868835,0.46799999475479126,0.10350000113248825
YKL165C,YOR259C,0,-4.3558393,0.31117022037506104,0.46799999475479126,0.10360000282526016
YOR335C,YPR037C,0,-4.356437,0.3109634518623352,0.46799999475479126,0.10369999706745148
YIR017C,YKL190W,0,-4.356457,0.31075698137283325,0.46799999475479126,0.10379999876022339
YPR072W,YOL149W,1,-4.3569026,0.3112143278121948,0.4690000116825104,0.10379999876022339
YNL006W,YOR226C,0,-4.357391,0.31100794672966003,0.4690000116825104,0.1039000004529953
YLR295C,YHR197W,0,-4.357552,0.3108018636703491,0.4690000116825104,0.10400000214576721
YDR190C,YHR135C,0,-4.359331,0.3105960190296173,0.4690000116825104,0.10409999638795853
YDR443C,YER138C,0,-4.359371,0.3103904724121094,0.4690000116825104,0.10419999808073044
YDL175C,YER146W,1,-4.3599625,0.31084656715393066,0.4699999988079071,0.10419999808073044
YDL035C,YOR089C,0,-4.360236,0.3106411099433899,0.4699999988079071,0.10429999977350235
YKR031C,YBR068C,0,-4.3605742,0.3104359209537506,0.4699999988079071,0.10440000146627426
YBR088C,YDL140C,0,-4.36108,0.3102310299873352,0.4699999988079071,0.10450000315904617
YHR120W,YBR022W,0,-4.361112,0.3100263774394989,0.4699999988079071,0.10459999740123749
YHR065C,YOL033W,0,-4.361118,0.3098220229148865,0.4699999988079071,0.1046999990940094
YDL232W,YPL156C,0,-4.3615212,0.30961790680885315,0.4699999988079071,0.10480000078678131
YGL130W,YGL169W,0,-4.3615975,0.3094140887260437,0.4699999988079071,0.10490000247955322
YJL140W,YPL029W,1,-4.362159,0.3098684251308441,0.47099998593330383,0.10490000247955322
YKL079W,YCR018C,0,-4.362168,0.30966469645500183,0.47099998593330383,0.10499999672174454
YJL208C,YOL142W,1,-4.3630767,0.31011825799942017,0.47200000286102295,0.10499999672174454
YBR012W-B,YER168C,0,-4.363945,0.30991464853286743,0.47200000286102295,0.10509999841451645
YDR260C,YNL075W,0,-4.364235,0.3097112774848938,0.47200000286102295,0.10520000010728836
YLR291C,YKR059W,0,-4.3644276,0.30950820446014404,0.47200000286102295,0.10530000180006027
YNR026C,YLR435W,0,-4.364774,0.3093053698539734,0.47200000286102295,0.10540000349283218
YNL225C,YJR135C,0,-4.3651476,0.3091028034687042,0.47200000286102295,0.1054999977350235
YGL245W,YIL010W,0,-4.365382,0.30890053510665894,0.47200000286102295,0.10559999942779541
YPR179C,YHR089C,0,-4.3657856,0.30869850516319275,0.47200000286102295,0.10570000112056732
YLR034C,YPL240C,0,-4.36618,0.30849674344062805,0.47200000286102295,0.10580000281333923
YDR219C,YMR021C,0,-4.3670893,0.30829522013664246,0.47200000286102295,0.10589999705553055
YLR147C,YLR088W,0,-4.367213,0.30809399485588074,0.47200000286102295,0.10599999874830246
YDR025W,YHR079C-A,0,-4.367509,0.3078930079936981,0.47200000286102295,0.10610000044107437
YMR050C,YDL059C,0,-4.368014,0.3076923191547394,0.47200000286102295,0.10620000213384628
YJL124C,YNL118C,1,-4.3685775,0.3081433176994324,0.4729999899864197,0.10620000213384628
YJL209W,YER146W,1,-4.3691225,0.30859375,0.4740000069141388,0.10620000213384628
YPL037C,YKR038C,0,-4.369203,0.3083929717540741,0.4740000069141388,0.1062999963760376
YLR371W,YAL015C,0,-4.3700705,0.3081924617290497,0.4740000069141388,0.10639999806880951
YOR284W,YOL080C,0,-4.3711543,0.30799219012260437,0.4740000069141388,0.10649999976158142
YLR200W,YOL017W,0,-4.371214,0.30779221653938293,0.4740000069141388,0.10660000145435333
YDR028C,YDL148C,0,-4.371738,0.3075924813747406,0.4740000069141388,0.10670000314712524
YBR048W,YHR026W,0,-4.3720145,0.30739298462867737,0.4740000069141388,0.10679999738931656
YOL101C,YBL071W-A,0,-4.372193,0.307193785905838,0.4740000069141388,0.10689999908208847
YGR217W,YOR099W,0,-4.3723516,0.30699482560157776,0.4740000069141388,0.10700000077486038
YBR198C,YBL071W-A,0,-4.3730526,0.3067961037158966,0.4740000069141388,0.1071000024676323
YDL031W,YBR173C,0,-4.3740644,0.30659767985343933,0.4740000069141388,0.10719999670982361
YML041C,YER129W,0,-4.374104,0.30639949440956116,0.4740000069141388,0.10729999840259552
YGR289C,YPL270W,0,-4.3746467,0.3062015473842621,0.4740000069141388,0.10740000009536743
YER003C,YNL291C,0,-4.3753233,0.3060038685798645,0.4740000069141388,0.10750000178813934
YNL213C,YMR079W,0,-4.3764796,0.3058064579963684,0.4740000069141388,0.10760000348091125
YMR067C,YPL126W,0,-4.37656,0.3056092858314514,0.4740000069141388,0.10769999772310257
YDR378C,YHR081W,1,-4.37866,0.3060567080974579,0.4749999940395355,0.10769999772310257
YKR036C,YCL008C,0,-4.3786955,0.30585962533950806,0.4749999940395355,0.10779999941587448
YCL032W,YOL009C,0,-4.378742,0.3056628108024597,0.4749999940395355,0.10790000110864639
YNL145W,YNL325C,0,-4.378888,0.3054662346839905,0.4749999940395355,0.1080000028014183
YMR135C,YDR492W,0,-4.3794494,0.30526992678642273,0.4749999940395355,0.10809999704360962
YNL032W,YOL076W,0,-4.3795877,0.3050738573074341,0.4749999940395355,0.10819999873638153
YKL194C,YFL026W,0,-4.3798647,0.3048780560493469,0.4749999940395355,0.10830000042915344
YDL213C,YGR222W,0,-4.3804708,0.30468249320983887,0.4749999940395355,0.10840000212192535
YPL179W,YGL045W,0,-4.3807225,0.3044871687889099,0.4749999940395355,0.10849999636411667
YNL112W,YLL013C,1,-4.380848,0.30493274331092834,0.47600001096725464,0.10849999636411667
YAL043C,YNR003C,0,-4.380879,0.30473750829696655,0.47600001096725464,0.10859999805688858
YNR016C,YHR089C,0,-4.3809476,0.30454254150390625,0.47600001096725464,0.10869999974966049
YDR296W,YGL061C,0,-4.3810296,0.30434781312942505,0.47600001096725464,0.1088000014424324
YJR145C,YNL219C,0,-4.381625,0.30415335297584534,0.47600001096725464,0.10890000313520432
YBR119W,YIR011C,0,-4.3821907,0.3039591312408447,0.47600001096725464,0.10899999737739563
YBL019W,YIL125W,0,-4.382804,0.3037651479244232,0.47600001096725464,0.10909999907016754
YNL112W,YOL149W,1,-4.3830166,0.3042091727256775,0.47699999809265137,0.10909999907016754
YGL075C,YML123C,0,-4.383094,0.30401530861854553,0.47699999809265137,0.10920000076293945
YGL255W,YOR162C,0,-4.383518,0.3038216531276703,0.47699999809265137,0.10930000245571136
YKL079W,YMR049C,0,-4.3838043,0.30362826585769653,0.47699999809265137,0.10939999669790268
YAL025C,YIL144W,0,-4.38398,0.3034351170063019,0.47699999809265137,0.10949999839067459
YHR052W,YDR150W,0,-4.384153,0.30324220657348633,0.47699999809265137,0.1096000000834465
YPR032W,YNL151C,0,-4.384868,0.30304956436157227,0.47699999809265137,0.10970000177621841
YOR221C,YCR009C,0,-4.385494,0.3028571307659149,0.47699999809265137,0.10980000346899033
YOR194C,YDR071C,0,-4.386907,0.30266496539115906,0.47699999809265137,0.10989999771118164
YJL091C,YHR170W,0,-4.3870683,0.3024730384349823,0.47699999809265137,0.10999999940395355
YDR508C,YJL058C,0,-4.3875575,0.30228137969970703,0.47699999809265137,0.11010000109672546
YGR143W,YIL017W,0,-4.3876133,0.3020899295806885,0.47699999809265137,0.11020000278949738
YOL101C,YCL008C,0,-4.38803,0.3018987476825714,0.47699999809265137,0.11029999703168869
YOL105C,YGR211W,0,-4.389178,0.30170777440071106,0.47699999809265137,0.1103999987244606
YDR172W,YJL140W,1,-4.3898406,0.3021491765975952,0.4779999852180481,0.1103999987244606
YHR193C,YOR020C,0,-4.3901806,0.301958292722702,0.4779999852180481,0.11050000041723251
YMR106C,YMR313C,0,-4.39041,0.3017676770687103,0.4779999852180481,0.11060000211000443
YMR314W,YDL201W,0,-4.3906183,0.30157729983329773,0.4779999852180481,0.11069999635219574
YOR288C,YBL039C,0,-4.390822,0.30138713121414185,0.4779999852180481,0.11079999804496765
YOL130W,YKR020W,0,-4.3918686,0.30119723081588745,0.4779999852180481,0.11089999973773956
YJL010C,YNL247W,0,-4.3925667,0.30100756883621216,0.4779999852180481,0.11100000143051147
YEL051W,YLR133W,0,-4.392772,0.3008181154727936,0.4779999852180481,0.11110000312328339
YML043C,YPL116W,0,-4.392861,0.3006289303302765,0.4779999852180481,0.1111999973654747
YOR130C,YOL034W,0,-4.3928823,0.3004399836063385,0.4779999852180481,0.11129999905824661
YLL018C-A,YMR246W,0,-4.3935695,0.3002512454986572,0.4779999852180481,0.11140000075101852
YPR137W,YAL003W,0,-4.3937607,0.30006277561187744,0.4779999852180481,0.11150000244379044
YPL212C,YER164W,0,-4.3940988,0.29987454414367676,0.4779999852180481,0.11159999668598175
YLR429W,YKL212W,0,-4.394749,0.2996865212917328,0.4779999852180481,0.11169999837875366
YGL171W,YDL030W,0,-4.3947964,0.2994987368583679,0.4779999852180481,0.11180000007152557
YOL064C,YHR030C,0,-4.394891,0.29931122064590454,0.4779999852180481,0.11190000176429749
YDR427W,YHR191C,0,-4.394942,0.2991239130496979,0.4779999852180481,0.1120000034570694
YHR094C,YOR028C,0,-4.395252,0.2989368438720703,0.4779999852180481,0.11209999769926071
YOR037W,YOR063W,0,-4.3953314,0.29875001311302185,0.4779999852180481,0.11219999939203262
YLR363C,YBL026W,1,-4.395852,0.2991880178451538,0.4790000021457672,0.11219999939203262
YOR048C,YDL028C,0,-4.3962173,0.2990012466907501,0.4790000021457672,0.11230000108480453
YNL318C,YLR466W,0,-4.3971076,0.29881471395492554,0.4790000021457672,0.11240000277757645
YOR140W,YHR170W,0,-4.39779,0.29862841963768005,0.4790000021457672,0.11249999701976776
YKL172W,YEL063C,0,-4.3978314,0.29844236373901367,0.4790000021457672,0.11259999871253967
YKL055C,YNL318C,0,-4.398207,0.2982565462589264,0.4790000021457672,0.11270000040531158
YNL236W,YJL109C,0,-4.398398,0.2980709373950958,0.4790000021457672,0.1128000020980835
YLR332W,YOL064C,0,-4.3984814,0.29788556694984436,0.4790000021457672,0.11289999634027481
YNL264C,YPL083C,0,-4.399128,0.297700434923172,0.4790000021457672,0.11299999803304672
YKR081C,YLR210W,0,-4.399523,0.29751554131507874,0.4790000021457672,0.11309999972581863
YDR378C,YOL149W,1,-4.399562,0.2979515790939331,0.47999998927116394,0.11309999972581863
YBR198C,YKR022C,0,-4.3998756,0.2977667450904846,0.47999998927116394,0.11320000141859055
YCR020W-B,YOR217W,0,-4.4005675,0.29758214950561523,0.47999998927116394,0.11330000311136246
YER162C,YER104W,0,-4.400763,0.29739776253700256,0.47999998927116394,0.11339999735355377
YIL144W,YER013W,0,-4.4011226,0.297213613986969,0.47999998927116394,0.11349999904632568
YHR133C,YBR004C,0,-4.401345,0.2970297038555145,0.47999998927116394,0.1136000007390976
YGL168W,YPL176C,0,-4.4019923,0.2968460023403168,0.47999998927116394,0.1137000024318695
YLR201C,YBR290W,0,-4.402242,0.2966625392436981,0.47999998927116394,0.11379999667406082
YMR316W,YPL116W,0,-4.402785,0.29647931456565857,0.47999998927116394,0.11389999836683273
YDR027C,YDR375C,0,-4.4029784,0.29629629850387573,0.47999998927116394,0.11400000005960464
YCR020W-B,YDL002C,0,-4.403304,0.296113520860672,0.47999998927116394,0.11410000175237656
YDR103W,YER111C,0,-4.4036407,0.295930951833725,0.47999998927116394,0.11420000344514847
YNL094W,YOR212W,0,-4.4043984,0.29574862122535706,0.47999998927116394,0.11429999768733978
YDR517W,YPR193C,0,-4.404582,0.29556649923324585,0.47999998927116394,0.1143999993801117
YDL153C,YGL004C,0,-4.4046226,0.29538461565971375,0.47999998927116394,0.1145000010728836
YHR039C-A,YBR069C,0,-4.4049582,0.29520294070243835,0.47999998927116394,0.11460000276565552
YOR133W,YKR053C,0,-4.405501,0.29502150416374207,0.47999998927116394,0.11469999700784683
YOR048C,YDR487C,0,-4.4059877,0.2948403060436249,0.47999998927116394,0.11479999870061874
YMR290C,YBR068C,0,-4.4060016,0.294659286737442,0.47999998927116394,0.11490000039339066
YNL236W,YML040W,0,-4.406595,0.29447853565216064,0.47999998927116394,0.11500000208616257
YDR224C,YPR133C,0,-4.4068255,0.2942979633808136,0.47999998927116394,0.11509999632835388
YEL026W,YOR250C,0,-4.4080324,0.29411765933036804,0.47999998927116394,0.1151999980211258
YOR172W,YOR231W,0,-4.408266,0.2939375340938568,0.47999998927116394,0.1152999997138977
YGR162W,YBR087W,0,-4.4086013,0.2937576472759247,0.47999998927116394,0.11540000140666962
YGR217W,YJL081C,0,-4.40922,0.29357796907424927,0.47999998927116394,0.11550000309944153
YIL014W,YLL004W,0,-4.4095945,0.29339852929115295,0.47999998927116394,0.11559999734163284
YDR469W,YKL043W,0,-4.409704,0.29321929812431335,0.47999998927116394,0.11569999903440475
YLR340W,YOR224C,0,-4.4099817,0.29304030537605286,0.47999998927116394,0.11580000072717667
YGL078C,YOL113W,0,-4.410179,0.2928614914417267,0.47999998927116394,0.11590000241994858
YGR246C,YOR294W,0,-4.4107447,0.2926829159259796,0.47999998927116394,0.11599999666213989
YDL160C,YER146W,1,-4.410834,0.29311394691467285,0.48100000619888306,0.11599999666213989
YJL025W,YBR260C,0,-4.410854,0.29293543100357056,0.48100000619888306,0.1160999983549118
YPR111W,YPL076W,0,-4.411047,0.29275715351104736,0.48100000619888306,0.11620000004768372
YHR039C-A,YDR515W,0,-4.4111333,0.2925790846347809,0.48100000619888306,0.11630000174045563
YGR217W,YMR277W,0,-4.411458,0.2924012243747711,0.48100000619888306,0.11640000343322754
YBR055C,YML061C,0,-4.411589,0.29222357273101807,0.48100000619888306,0.11649999767541885
YOL115W,YMR234W,1,-4.411664,0.29265332221984863,0.4819999933242798,0.11649999767541885
YMR219W,YDL008W,0,-4.4117393,0.29247573018074036,0.4819999933242798,0.11659999936819077
YBR253W,YHR143W-A,0,-4.4119244,0.2922983765602112,0.4819999933242798,0.11670000106096268
YCR034W,YFR001W,0,-4.412244,0.29212120175361633,0.4819999933242798,0.11680000275373459
YKR036C,YPL239W,0,-4.4124093,0.2919442653656006,0.4819999933242798,0.1168999969959259
YKL009W,YLL013C,1,-4.4134293,0.2923728823661804,0.4830000102519989,0.1168999969959259
YMR309C,YNL309W,0,-4.414377,0.29219600558280945,0.4830000102519989,0.11699999868869781
YJR141W,YPL016W,0,-4.4148207,0.2920193374156952,0.4830000102519989,0.11710000038146973
YDL128W,YGR165W,0,-4.414875,0.29184290766716003,0.4830000102519989,0.11720000207424164
YLL013C,YDL160C,1,-4.4150786,0.2922705411911011,0.48399999737739563,0.11720000207424164
YMR128W,YNR038W,0,-4.4155207,0.2920941412448883,0.48399999737739563,0.11729999631643295
YBL004W,YOL069W,0,-4.415802,0.29191797971725464,0.48399999737739563,0.11739999800920486
YBR059C,YFL050C,0,-4.416007,0.2917420268058777,0.48399999737739563,0.11749999970197678
YDL128W,YOR226C,0,-4.4165564,0.29156625270843506,0.48399999737739563,0.11760000139474869
YNL325C,YPL156C,0,-4.4167776,0.29139071702957153,0.48399999737739563,0.1177000030875206
YBR159W,YKL074C,0,-4.4167924,0.2912153899669647,0.48399999737739563,0.11779999732971191
YMR049C,YKL074C,0,-4.4173245,0.291040301322937,0.48399999737739563,0.11789999902248383
YKR072C,YNL151C,0,-4.4176574,0.29086539149284363,0.48399999737739563,0.11800000071525574
YLL008W,YGL061C,0,-4.417919,0.29069069027900696,0.48399999737739563,0.11810000240802765
YIL143C,YML048W,0,-4.4180336,0.290516197681427,0.48399999737739563,0.11819999665021896
YPL029W,YER146W,1,-4.4210334,0.2909418046474457,0.48500001430511475,0.11819999665021896
YER020W,YJL166W,0,-4.4210396,0.2907673716545105,0.48500001430511475,0.11829999834299088
YNL213C,YPR110C,0,-4.4216523,0.2905931770801544,0.48500001430511475,0.11840000003576279
YHR027C,YDL198C,0,-4.422605,0.29041916131973267,0.48500001430511475,0.1185000017285347
YML041C,YOR206W,0,-4.422823,0.2902453541755676,0.48500001430511475,0.11860000342130661
YLR399C,YKL028W,0,-4.422938,0.2900717556476593,0.48500001430511475,0.11869999766349792
YCR057C,YBL106C,0,-4.4233,0.2898983955383301,0.48500001430511475,0.11879999935626984
YLR003C,YGL047W,0,-4.4243326,0.2897252142429352,0.48500001430511475,0.11890000104904175
YEL051W,YOR195W,0,-4.424517,0.289552241563797,0.48500001430511475,0.11900000274181366
YPL234C,YMR229C,0,-4.424808,0.2893794775009155,0.48500001430511475,0.11909999698400497
YKL082C,YJR050W,0,-4.4255176,0.28920692205429077,0.48500001430511475,0.11919999867677689
YJR040W,YJL098W,0,-4.4261675,0.28903457522392273,0.48500001430511475,0.1193000003695488
YNL047C,YHR026W,0,-4.4262447,0.288862407207489,0.48500001430511475,0.11940000206232071
YPR189W,YDL111C,1,-4.426286,0.28928571939468384,0.4860000014305115,0.11940000206232071
YBR107C,YER148W,0,-4.4265013,0.2891136109828949,0.4860000014305115,0.11949999630451202
YKR024C,YGL001C,0,-4.426526,0.28894174098968506,0.4860000014305115,0.11959999799728394
YOL149W,YKL149C,1,-4.427231,0.289364218711853,0.4869999885559082,0.11959999799728394
YKL015W,YMR301C,0,-4.427336,0.28919240832328796,0.4869999885559082,0.11969999969005585
YHR094C,YPL092W,0,-4.427544,0.2890207767486572,0.4869999885559082,0.11980000138282776
YEL015W,YPL029W,1,-4.427579,0.2894424796104431,0.4880000054836273,0.11980000138282776
YNL318C,YGL136C,0,-4.429008,0.28927090764045715,0.4880000054836273,0.11990000307559967
YLR383W,YJR046W,0,-4.4290113,0.2890995144844055,0.4880000054836273,0.11999999731779099
YJR089W,YOL125W,0,-4.429493,0.288928359746933,0.4880000054836273,0.1200999990105629
YOR260W,YBL011W,0,-4.4295864,0.2887573838233948,0.4880000054836273,0.12020000070333481
YKR038C,YDL051W,0,-4.429686,0.28858664631843567,0.4880000054836273,0.12030000239610672
YGL008C,YNR030W,0,-4.4303184,0.2884160876274109,0.4880000054836273,0.12039999663829803
YAL010C,YKL110C,0,-4.4304857,0.28824570775032043,0.4880000054836273,0.12049999833106995
YBR086C,YJR141W,0,-4.4304924,0.2880755662918091,0.4880000054836273,0.12060000002384186
YLR447C,YML057W,0,-4.430546,0.28790560364723206,0.4880000054836273,0.12070000171661377
YNL073W,YFL041W,0,-4.430571,0.28773584961891174,0.4880000054836273,0.12080000340938568
YKL080W,YOR103C,0,-4.4308696,0.28756630420684814,0.4880000054836273,0.120899997651577
YNL116W,YDR481C,0,-4.430971,0.28739693760871887,0.4880000054836273,0.12099999934434891
YDR156W,YGL030W,0,-4.4323187,0.2872277796268463,0.4880000054836273,0.12110000103712082
YML039W,YHR118C,0,-4.43257,0.28705883026123047,0.4880000054836273,0.12120000272989273
YLR418C,YLR175W,0,-4.4327474,0.28689005970954895,0.4880000054836273,0.12129999697208405
YER112W,YOL115W,1,-4.4330993,0.28730905055999756,0.48899999260902405,0.12129999697208405
YOR129C,YDL084W,0,-4.4336457,0.2871403396129608,0.48899999260902405,0.12139999866485596
YGL222C,YGL213C,1,-4.4337087,0.2875586748123169,0.49000000953674316,0.12139999866485596
YJL073W,YHR191C,0,-4.434104,0.2873900234699249,0.49000000953674316,0.12150000035762787
YKL080W,YPL237W,0,-4.4344482,0.2872215807437897,0.49000000953674316,0.12160000205039978
YOL043C,YOL006C,0,-4.4344497,0.28705331683158875,0.49000000953674316,0.1216999962925911
YMR314W,YLR228C,0,-4.4347153,0.28688523173332214,0.49000000953674316,0.121799997985363
YEL022W,YDR159W,0,-4.4348183,0.28671738505363464,0.49000000953674316,0.12189999967813492
YJL209W,YCR077C,1,-4.4350395,0.2871344983577728,0.4909999966621399,0.12189999967813492
YGR158C,YHR081W,1,-4.4353304,0.2875511348247528,0.492000013589859,0.12189999967813492
YHL027W,YOR043W,0,-4.436075,0.28738316893577576,0.492000013589859,0.12200000137090683
YOR048C,YCL061C,0,-4.4361157,0.2872154116630554,0.492000013589859,0.12210000306367874
YDR208W,YKL005C,0,-4.4366364,0.2870478332042694,0.492000013589859,0.12219999730587006
YPL221W,YPL203W,0,-4.4366784,0.2868804633617401,0.492000013589859,0.12229999899864197
YKL086W,YOR130C,0,-4.43737,0.28671327233314514,0.492000013589859,0.12240000069141388
YMR177W,YBR142W,0,-4.437465,0.2865462899208069,0.492000013589859,0.12250000238418579
YJL186W,YDL093W,0,-4.43778,0.28637951612472534,0.492000013589859,0.1225999966263771
YDL232W,YPL089C,0,-4.43814,0.2862129211425781,0.492000013589859,0.12269999831914902
YLR398C,YEL015W,1,-4.438401,0.2866279184818268,0.49300000071525574,0.12269999831914902
YDL033C,YMR290C,0,-4.4393225,0.28646135330200195,0.49300000071525574,0.12280000001192093
YKR001C,YKR039W,0,-4.439557,0.28629499673843384,0.49300000071525574,0.12290000170469284
YAL021C,YLL013C,1,-4.439592,0.2867092192173004,0.49399998784065247,0.12290000170469284
YNL097C,YEL063C,0,-4.439938,0.2865429222583771,0.49399998784065247,0.12300000339746475
YDL165W,YOL139C,1,-4.440269,0.2869565188884735,0.4950000047683716,0.12300000339746475
YPL093W,YDR341C,0,-4.4406366,0.28679025173187256,0.4950000047683716,0.12309999763965607
YIL128W,YML014W,0,-4.4414763,0.2866241931915283,0.4950000047683716,0.12319999933242798
YGR108W,YOL039W,0,-4.441583,0.2864583432674408,0.4950000047683716,0.12330000102519989
YJL019W,YBR069C,0,-4.4427576,0.2862926423549652,0.4950000047683716,0.1234000027179718
YHR039C-A,YGL043W,0,-4.4429884,0.2861271798610687,0.4950000047683716,0.12349999696016312
YGR251W,YLR148W,0,-4.443492,0.2859618663787842,0.4950000047683716,0.12359999865293503
YPR162C,YPR165W,0,-4.44388,0.28579676151275635,0.4950000047683716,0.12370000034570694
YEL051W,YJR112W,0,-4.4440084,0.28563186526298523,0.4950000047683716,0.12380000203847885
YDR179C,YJL141C,0,-4.4459267,0.28546711802482605,0.4950000047683716,0.12389999628067017
YPR193C,YDR439W,0,-4.4462633,0.2853025794029236,0.4950000047683716,0.12399999797344208
YPL019C,YPR070W,0,-4.4463186,0.28513824939727783,0.4950000047683716,0.12409999966621399
YOL043C,YKL038W,0,-4.446861,0.2849740982055664,0.4950000047683716,0.1242000013589859
YDR025W,YEL036C,0,-4.446964,0.2848101258277893,0.4950000047683716,0.12430000305175781
YDR137W,YMR299C,0,-4.447318,0.2846463620662689,0.4950000047683716,0.12439999729394913
YDR038C,YPL076W,0,-4.4475055,0.2844827473163605,0.4950000047683716,0.12449999898672104
YDL226C,YMR301C,0,-4.447818,0.28431937098503113,0.4950000047683716,0.12460000067949295
YER036C,YOR310C,0,-4.448111,0.2841561436653137,0.4950000047683716,0.12470000237226486
YER168C,YLL026W,0,-4.4486,0.283993124961853,0.4950000047683716,0.12479999661445618
YHR077C,YDL160C,1,-4.4486837,0.2844036817550659,0.4959999918937683,0.12479999661445618
YML052W,YHL047C,0,-4.449113,0.2842406928539276,0.4959999918937683,0.12489999830722809
YOR206W,YGL150C,0,-4.449488,0.28407788276672363,0.4959999918937683,0.125
YJL073W,YDL112W,0,-4.45048,0.28391528129577637,0.4959999918937683,0.1251000016927719
YOR332W,YDR346C,0,-4.450567,0.2837528586387634,0.4959999918937683,0.12520000338554382
YMR038C,YDL227C,0,-4.450663,0.2835906147956848,0.4959999918937683,0.12530000507831573
YCR033W,YOL044W,0,-4.4512076,0.2834285795688629,0.4959999918937683,0.12540000677108765
YNL016W,YJL209W,1,-4.4513187,0.28383779525756836,0.4970000088214874,0.12540000677108765
YKL144C,YLR069C,0,-4.451373,0.28367578983306885,0.4970000088214874,0.12549999356269836
YDR002W,YDR052C,0,-4.451491,0.28351396322250366,0.4970000088214874,0.12559999525547028
YDR517W,YGL183C,0,-4.4517117,0.2833523452281952,0.4970000088214874,0.1256999969482422
YKL205W,YOR038C,0,-4.452167,0.28319087624549866,0.4970000088214874,0.1257999986410141
YKL055C,YGL029W,0,-4.452702,0.28302961587905884,0.4970000088214874,0.125900000333786
YIL118W,YML095C,0,-4.452944,0.28286853432655334,0.4970000088214874,0.12600000202655792
YLL050C,YNR038W,0,-4.4529457,0.2827076315879822,0.4970000088214874,0.12610000371932983
YML049C,YPR080W,0,-4.4533134,0.28254690766334534,0.4970000088214874,0.12620000541210175
YIL051C,YDR036C,0,-4.4537005,0.2823863625526428,0.4970000088214874,0.12630000710487366
YKR072C,YPL043W,0,-4.4540153,0.28222599625587463,0.4970000088214874,0.12639999389648438
YFR014C,YKR039W,0,-4.4541264,0.28206583857536316,0.4970000088214874,0.1264999955892563
YGR200C,YKL114C,0,-4.454297,0.2819058299064636,0.4970000088214874,0.1265999972820282
YNL206C,YCR060W,0,-4.4543858,0.2817460298538208,0.4970000088214874,0.1266999989748001
YDR303C,YKL074C,0,-4.4551115,0.2815864086151123,0.4970000088214874,0.12680000066757202
YOR315W,YBR216C,0,-4.4552736,0.28142696619033813,0.4970000088214874,0.12690000236034393
YKL119C,YML006C,0,-4.456901,0.2812676727771759,0.4970000088214874,0.12700000405311584
YPL002C,YFL003C,0,-4.4569883,0.2811085879802704,0.4970000088214874,0.12710000574588776
YBR133C,YLR288C,0,-4.457251,0.2809496819972992,0.4970000088214874,0.12720000743865967
YHR197W,YML025C,0,-4.457513,0.28079095482826233,0.4970000088214874,0.12729999423027039
YGL099W,YGL163C,0,-4.4587927,0.2806324064731598,0.4970000088214874,0.1273999959230423
YPL175W,YKL025C,0,-4.4597874,0.2804740369319916,0.4970000088214874,0.1274999976158142
YCR060W,YMR079W,0,-4.4598966,0.2803158462047577,0.4970000088214874,0.12759999930858612
YJR040W,YOR231W,0,-4.460084,0.28015783429145813,0.4970000088214874,0.12770000100135803
YLR398C,YPL029W,1,-4.4603176,0.2805633842945099,0.49799999594688416,0.12770000100135803
YLR363C,YPR072W,1,-4.460898,0.28096845746040344,0.49900001287460327,0.12770000100135803
YPL128C,YNL123W,0,-4.4609466,0.2808103561401367,0.49900001287460327,0.12780000269412994
YPL122C,YJL125C,0,-4.461386,0.28065240383148193,0.49900001287460327,0.12790000438690186
YGR279C,YNL216W,0,-4.4620533,0.28049466013908386,0.49900001287460327,0.12800000607967377
YGR245C,YBL055C,0,-4.4623146,0.28033706545829773,0.49900001287460327,0.12809999287128448
YKL038W,YOL135C,0,-4.4628415,0.2801796793937683,0.49900001287460327,0.1281999945640564
YBR159W,YOR002W,0,-4.4630804,0.28002244234085083,0.49900001287460327,0.1282999962568283
YGL167C,YOR231W,0,-4.4633803,0.2798653841018677,0.49900001287460327,0.12839999794960022
YDL175C,YMR234W,1,-4.463652,0.280269056558609,0.5,0.12839999794960022
YDR446W,YKL014C,0,-4.464225,0.28011205792427063,0.5,0.12849999964237213
YER122C,YGL013C,0,-4.464881,0.2799552083015442,0.5,0.12860000133514404
YGR216C,YGL253W,0,-4.4651427,0.2797985374927521,0.5,0.12870000302791595
YBR130C,YNL066W,0,-4.4653363,0.2796420454978943,0.5,0.12880000472068787
YGL105W,YJL168C,0,-4.4653416,0.2794857323169708,0.5,0.12890000641345978
YGR245C,YHR170W,0,-4.465719,0.2793295979499817,0.5,0.1289999932050705
YDL165W,YGL213C,1,-4.4659014,0.27973198890686035,0.5009999871253967,0.1289999932050705
YOL128C,YOL005C,0,-4.4659963,0.2795758843421936,0.5009999871253967,0.1290999948978424
YNR044W,YLR132C,0,-4.4660473,0.2794199585914612,0.5009999871253967,0.12919999659061432
YML086C,YPL022W,0,-4.4665017,0.2792642116546631,0.5009999871253967,0.12929999828338623
YCR077C,YKL149C,1,-4.466518,0.2796657383441925,0.5019999742507935,0.12929999828338623
YIR018W,YLL061W,0,-4.467035,0.2795100212097168,0.5019999742507935,0.12939999997615814
YJL072C,YPR125W,0,-4.467113,0.2793544828891754,0.5019999742507935,0.12950000166893005
YDR489W,YNR046W,0,-4.467474,0.27919912338256836,0.5019999742507935,0.12960000336170197
YLR363C,YLR270W,1,-4.4676924,0.27959978580474854,0.503000020980835,0.12960000336170197
YNL016W,YDL175C,1,-4.469239,0.2800000011920929,0.5040000081062317,0.12960000336170197
YBR234C,YOL094C,0,-4.4693365,0.2798445224761963,0.5040000081062317,0.12970000505447388
YBR058C-A,YBR247C,0,-4.4699287,0.279689222574234,0.5040000081062317,0.1298000067472458
YLR242C,YDR518W,0,-4.4702997,0.27953410148620605,0.5040000081062317,0.1298999935388565
YOL043C,YIL036W,0,-4.470576,0.2793791592121124,0.5040000081062317,0.12999999523162842
YOR288C,YLR449W,0,-4.4709687,0.27922436594963074,0.5040000081062317,0.13009999692440033
YBL047C,YMR316W,0,-4.471289,0.27906978130340576,0.5040000081062317,0.13019999861717224
YKL062W,YJL001W,0,-4.4718375,0.27891531586647034,0.5040000081062317,0.13030000030994415
YLR215C,YDR078C,0,-4.472641,0.2787610590457916,0.5040000081062317,0.13040000200271606
YJL050W,YOL139C,1,-4.472693,0.2791597545146942,0.5049999952316284,0.13040000200271606
YER111C,YPL283C,0,-4.473979,0.2790055274963379,0.5049999952316284,0.13050000369548798
YLL024C,YIL068C,0,-4.474178,0.2788514494895935,0.5049999952316284,0.1306000053882599
YMR013C,YHR169W,0,-4.474785,0.27869758009910583,0.5049999952316284,0.1307000070810318
YEL012W,YMR214W,0,-4.4751263,0.2785438597202301,0.5049999952316284,0.13079999387264252
YKL089W,YDR046C,0,-4.475209,0.2783902883529663,0.5049999952316284,0.13089999556541443
YLR363C,YJL208C,1,-4.4752436,0.27878788113594055,0.5059999823570251,0.13089999556541443
YLR399C,YPR065W,0,-4.476641,0.27863436937332153,0.5059999823570251,0.13099999725818634
YDR004W,YLL026W,0,-4.477139,0.27848100662231445,0.5059999823570251,0.13109999895095825
YDL060W,YDR495C,0,-4.4773607,0.2783278226852417,0.5059999823570251,0.13120000064373016
YDR195W,YPL028W,0,-4.477472,0.27817481756210327,0.5059999823570251,0.13130000233650208
YMR285C,YMR299C,0,-4.477481,0.27802199125289917,0.5059999823570251,0.131400004029274
YOR078W,YJL176C,0,-4.478563,0.277869313955307,0.5059999823570251,0.1315000057220459
YLR095C,YDR363W,0,-4.479732,0.2777167856693268,0.5059999823570251,0.1316000074148178
YKL143W,YKL192C,0,-4.4808664,0.27756446599960327,0.5059999823570251,0.13169999420642853
YNL118C,YPL029W,1,-4.481144,0.27796053886413574,0.5070000290870667,0.13169999420642853
YOL123W,YDL201W,0,-4.4811983,0.27780821919441223,0.5070000290870667,0.13179999589920044
YJL098W,YDR478W,0,-4.481223,0.27765607833862305,0.5070000290870667,0.13189999759197235
YIL038C,YPL029W,1,-4.48141,0.2780514359474182,0.5080000162124634,0.13189999759197235
YLR449W,YOR250C,0,-4.481815,0.2778993546962738,0.5080000162124634,0.13199999928474426
YHR118C,YOR224C,0,-4.482325,0.27774739265441895,0.5080000162124634,0.13210000097751617
YMR188C,YDR028C,0,-4.4827404,0.2775956392288208,0.5080000162124634,0.13220000267028809
YHL027W,YNL329C,0,-4.483119,0.2774440050125122,0.5080000162124634,0.13230000436306
YGR090W,YNL248C,0,-4.4832563,0.2772925794124603,0.5080000162124634,0.1324000060558319
YGR063C,YNL188W,0,-4.483352,0.2771413028240204,0.5080000162124634,0.13249999284744263
YDR021W,YJR001W,0,-4.4834523,0.2769901752471924,0.5080000162124634,0.13259999454021454
YNL161W,YLR196W,0,-4.483652,0.2768392264842987,0.5080000162124634,0.13269999623298645
YDR217C,YDR097C,0,-4.4837146,0.27668845653533936,0.5080000162124634,0.13279999792575836
YGL049C,YDR207C,0,-4.484188,0.27653783559799194,0.5080000162124634,0.13289999961853027
YJR047C,YOR321W,0,-4.484285,0.27638736367225647,0.5080000162124634,0.13300000131130219
YOR243C,YGR024C,0,-4.4843526,0.2762370705604553,0.5080000162124634,0.1331000030040741
YHR169W,YGL063W,0,-4.484437,0.2760869562625885,0.5080000162124634,0.133200004696846
YDR101C,YAL002W,0,-4.4846272,0.2759369909763336,0.5080000162124634,0.13330000638961792
YCR077C,YER146W,1,-4.4853225,0.2763300836086273,0.5090000033378601,0.13330000638961792
YJL069C,YJL056C,0,-4.4859114,0.2761801481246948,0.5090000033378601,0.13339999318122864
YIL066C,YAL024C,0,-4.486232,0.27603036165237427,0.5090000033378601,0.13349999487400055
YKL014C,YIR023W,0,-4.4863524,0.27588075399398804,0.5090000033378601,0.13359999656677246
YML130C,YDL148C,0,-4.48658,0.27573132514953613,0.5090000033378601,0.13369999825954437
YMR309C,YPR080W,0,-4.487073,0.2755820155143738,0.5090000033378601,0.13379999995231628
YKL108W,YJL072C,0,-4.487227,0.27543291449546814,0.5090000033378601,0.1339000016450882
YPL270W,YEL009C,0,-4.4872813,0.27528393268585205,0.5090000033378601,0.1340000033378601
YIL038C,YDL160C,1,-4.4873285,0.2756756842136383,0.5099999904632568,0.1340000033378601
YGL086W,YOR174W,0,-4.4880743,0.2755267322063446,0.5099999904632568,0.13410000503063202
YMR043W,YPR070W,0,-4.488112,0.27537795901298523,0.5099999904632568,0.13420000672340393
YJR065C,YGL169W,0,-4.488133,0.2752293646335602,0.5099999904632568,0.13429999351501465
YIR010W,YDR414C,0,-4.4884434,0.27508091926574707,0.5099999904632568,0.13439999520778656
YMR260C,YDR487C,0,-4.489134,0.2749326229095459,0.5099999904632568,0.13449999690055847
YNL112W,YCR035C,1,-4.489785,0.2753232717514038,0.5109999775886536,0.13449999690055847
YIL105C,YPL043W,0,-4.4902453,0.275175005197525,0.5109999775886536,0.13459999859333038
YIL038C,YER146W,1,-4.4905005,0.27556511759757996,0.5120000243186951,0.13459999859333038
YOR212W,YER061C,0,-4.4908876,0.27541688084602356,0.5120000243186951,0.1347000002861023
YOR103C,YDR397C,0,-4.4909344,0.2752688229084015,0.5120000243186951,0.1348000019788742
YGL229C,YDL035C,0,-4.491639,0.27512091398239136,0.5120000243186951,0.13490000367164612
YMR314W,YOL004W,0,-4.492269,0.27497315406799316,0.5120000243186951,0.13500000536441803
YLL009C,YBR159W,0,-4.492532,0.2748255431652069,0.5120000243186951,0.13510000705718994
YNL251C,YBR136W,0,-4.4931393,0.274678111076355,0.5120000243186951,0.13519999384880066
YMR275C,YLL026W,0,-4.4931984,0.274530827999115,0.5120000243186951,0.13529999554157257
YPL267W,YBL056W,0,-4.4934506,0.27438369393348694,0.5120000243186951,0.13539999723434448
YML065W,YBL024W,0,-4.4937744,0.2742367386817932,0.5120000243186951,0.1354999989271164
YPR108W,YDR167W,0,-4.494357,0.2740899324417114,0.5120000243186951,0.1356000006198883
YOL054W,YGR296W,0,-4.4946303,0.2739432752132416,0.5120000243186951,0.13570000231266022
YDL232W,YIL008W,0,-4.4946413,0.27379679679870605,0.5120000243186951,0.13580000400543213
YCR035C,YKL149C,1,-4.495638,0.2741849422454834,0.5130000114440918,0.13580000400543213
YOR367W,YJL110C,0,-4.49585,0.2740384638309479,0.5130000114440918,0.13590000569820404
YIL142W,YAR042W,0,-4.4960446,0.2738921642303467,0.5130000114440918,0.13600000739097595
YFR013W,YBR041W,0,-4.496228,0.27374598383903503,0.5130000114440918,0.13609999418258667
YGL130W,YNL166C,0,-4.496465,0.2736000120639801,0.5130000114440918,0.13619999587535858
YEL051W,YOR260W,0,-4.4965096,0.2734541594982147,0.5130000114440918,0.1362999975681305
YBL097W,YNL032W,0,-4.4967694,0.27330848574638367,0.5130000114440918,0.1363999992609024
YGL155W,YGL086W,0,-4.4969435,0.27316293120384216,0.5130000114440918,0.13650000095367432
YOL128C,YOR191W,0,-4.4983673,0.273017555475235,0.5130000114440918,0.13660000264644623
YER177W,YIL095W,0,-4.4993963,0.27287232875823975,0.5130000114440918,0.13670000433921814
YCL010C,YPL239W,0,-4.4998026,0.27272728085517883,0.5130000114440918,0.13680000603199005
YJL129C,YIR005W,0,-4.499942,0.27258235216140747,0.5130000114440918,0.13689999282360077
YOL128C,YIL010W,0,-4.5005054,0.27243760228157043,0.5130000114440918,0.13699999451637268
YER112W,YER146W,1,-4.5005565,0.2728237807750702,0.5139999985694885,0.13699999451637268
YCR063W,YPL096W,0,-4.5006924,0.27267903089523315,0.5139999985694885,0.1370999962091446
YPL083C,YCR063W,0,-4.5007396,0.27253445982933044,0.5139999985694885,0.1371999979019165
YKR055W,YOR310C,0,-4.500795,0.2723900377750397,0.5139999985694885,0.13729999959468842
YDR202C,YLR126C,0,-4.5023165,0.27224576473236084,0.5139999985694885,0.13740000128746033
YGR122W,YCR038C,0,-4.5023656,0.27210164070129395,0.5139999985694885,0.13750000298023224
YIL030C,YKR008W,0,-4.502678,0.271957665681839,0.5139999985694885,0.13760000467300415
YDR516C,YGL136C,0,-4.5037265,0.27181386947631836,0.5139999985694885,0.13770000636577606
YLR133W,YNL302C,0,-4.504373,0.2716701924800873,0.5139999985694885,0.13779999315738678
YGR264C,YML114C,0,-4.5047693,0.27152666449546814,0.5139999985694885,0.1378999948501587
YDL108W,YLR048W,0,-4.5051036,0.2713833153247833,0.5139999985694885,0.1379999965429306
YDR483W,YER005W,0,-4.5052905,0.27124011516571045,0.5139999985694885,0.13809999823570251
YER122C,YGR179C,0,-4.505696,0.2710970342159271,0.5139999985694885,0.13819999992847443
YNL016W,YER146W,1,-4.50578,0.2714812755584717,0.5149999856948853,0.13819999992847443
YNR038W,YDR329C,0,-4.5058303,0.27133825421333313,0.5149999856948853,0.13830000162124634
YJL098W,YOR346W,0,-4.506092,0.27119535207748413,0.5149999856948853,0.13840000331401825
YHR206W,YJL072C,0,-4.5061097,0.27105262875556946,0.5149999856948853,0.13850000500679016
YJL204C,YER002W,0,-4.506632,0.2709100544452667,0.5149999856948853,0.13860000669956207
YDL036C,YLR452C,0,-4.5068555,0.27076759934425354,0.5149999856948853,0.1386999934911728
YCL061C,YMR029C,0,-4.5074196,0.2706253230571747,0.5149999856948853,0.1387999951839447
YNR053C,YGR083C,0,-4.5074735,0.27048319578170776,0.5149999856948853,0.1388999968767166
YBL004W,YGL097W,0,-4.5080647,0.2703412175178528,0.5149999856948853,0.13899999856948853
YJR063W,YOR355W,0,-4.5086184,0.27019935846328735,0.5149999856948853,0.13910000026226044
YGR264C,YHR043C,0,-4.5087852,0.27005767822265625,0.5149999856948853,0.13920000195503235
YPL228W,YOR007C,0,-4.509056,0.2699161469936371,0.5149999856948853,0.13930000364780426
YNL167C,YPR144C,0,-4.5103474,0.26977476477622986,0.5149999856948853,0.13940000534057617
YCL067C,YPR055W,0,-4.5103617,0.2696335017681122,0.5149999856948853,0.13950000703334808
YJR052W,YDL039C,0,-4.5104494,0.26949241757392883,0.5149999856948853,0.1395999938249588
YGR211W,YDL208W,0,-4.51093,0.26935145258903503,0.5149999856948853,0.1396999955177307
YCL008C,YBL100W-A,0,-4.5110703,0.26921066641807556,0.5149999856948853,0.13979999721050262
YBR214W,YGR175C,0,-4.5113163,0.26906999945640564,0.5149999856948853,0.13989999890327454
YOR001W,YDR378C,1,-4.5118027,0.26945170760154724,0.515999972820282,0.13989999890327454
YHR014W,YKL040C,0,-4.511837,0.2693110704421997,0.515999972820282,0.14000000059604645
YMR208W,YOL125W,0,-4.5120354,0.2691705822944641,0.515999972820282,0.14010000228881836
YDR130C,YKL028W,0,-4.512246,0.26903024315834045,0.515999972820282,0.14020000398159027
YML127W,YGL136C,0,-4.5127325,0.26889005303382874,0.515999972820282,0.14030000567436218
YJR104C,YML025C,0,-4.512913,0.26875001192092896,0.515999972820282,0.1404000073671341
YEL018W,YDR227W,0,-4.5130014,0.2686100900173187,0.515999972820282,0.1404999941587448
YDR461W,YML007W,0,-4.513077,0.2684703469276428,0.515999972820282,0.14059999585151672
YML057W,YGR055W,0,-4.513934,0.26833072304725647,0.515999972820282,0.14069999754428864
YMR163C,YIL085C,0,-4.5141296,0.26819127798080444,0.515999972820282,0.14079999923706055
YLR228C,YMR038C,0,-4.5145574,0.26805195212364197,0.515999972820282,0.14090000092983246
YPL228W,YOR145C,0,-4.51486,0.26791277527809143,0.515999972820282,0.14100000262260437
YDL134C,YBR195C,0,-4.515292,0.26777374744415283,0.515999972820282,0.14110000431537628
YML065W,YNL297C,0,-4.515648,0.26763486862182617,0.515999972820282,0.1412000060081482
YCR073W-A,YHR170W,0,-4.5162277,0.26749610900878906,0.515999972820282,0.1412999927997589
YIL143C,YHR052W,0,-4.5176954,0.2673574984073639,0.515999972820282,0.14139999449253082
YLR240W,YNL161W,0,-4.5189466,0.26721906661987305,0.515999972820282,0.14149999618530273
YHR005C,YMR060C,0,-4.5189505,0.26708075404167175,0.515999972820282,0.14159999787807465
YDR317W,YOR174W,0,-4.519113,0.2669425904750824,0.515999972820282,0.14169999957084656
YKL134C,YLR020C,0,-4.51956,0.2668045461177826,0.515999972820282,0.14180000126361847
YOR076C,YPR189W,1,-4.5200524,0.26718345284461975,0.5170000195503235,0.14180000126361847
YOL027C,YIL030C,0,-4.5204296,0.2670454680919647,0.5170000195503235,0.14190000295639038
YAL043C,YLR399C,0,-4.5204964,0.26690760254859924,0.5170000195503235,0.1420000046491623
YPR155C,YPR010C,0,-4.5208526,0.2667698562145233,0.5170000195503235,0.1421000063419342
YMR106C,YER005W,0,-4.521219,0.2666322886943817,0.5170000195503235,0.14219999313354492
YJL198W,YLR401C,0,-4.521448,0.26649484038352966,0.5170000195503235,0.14229999482631683
YNL008C,YPL274W,0,-4.5224423,0.26635754108428955,0.5170000195503235,0.14239999651908875
YNL164C,YIR010W,0,-4.522847,0.2662203907966614,0.5170000195503235,0.14249999821186066
YHR089C,YMR043W,0,-4.523573,0.26608338952064514,0.5170000195503235,0.14259999990463257
YMR026C,YKL062W,0,-4.523958,0.26594650745391846,0.5170000195503235,0.14270000159740448
YOR028C,YLL008W,0,-4.5240107,0.2658097743988037,0.5170000195503235,0.1428000032901764
YKL139W,YFR037C,0,-4.5246286,0.2656731903553009,0.5170000195503235,0.1429000049829483
YDR470C,YLR126C,0,-4.5246506,0.26553672552108765,0.5170000195503235,0.14300000667572021
YGL014W,YCR077C,1,-4.5247145,0.2659137547016144,0.5180000066757202,0.14300000667572021
YCL066W,YNL282W,0,-4.524782,0.2657773196697235,0.5180000066757202,0.14309999346733093
YJR104C,YMR060C,0,-4.5256505,0.2656410336494446,0.5180000066757202,0.14319999516010284
YDL165W,YER146W,1,-4.525701,0.26601743698120117,0.5189999938011169,0.14319999516010284
YGL013C,YPR120C,0,-4.525945,0.26588115096092224,0.5189999938011169,0.14329999685287476
YGL244W,YGL206C,0,-4.5261517,0.26574501395225525,0.5189999938011169,0.14339999854564667
YMR049C,YHR043C,0,-4.5261836,0.2656089961528778,0.5189999938011169,0.14350000023841858
YPL228W,YMR043W,0,-4.5262856,0.2654731571674347,0.5189999938011169,0.1436000019311905
YGL065C,YDR388W,0,-4.526675,0.26533743739128113,0.5189999938011169,0.1437000036239624
YJL050W,YDR378C,1,-4.526889,0.26571282744407654,0.5199999809265137,0.1437000036239624
YNR030W,YOL080C,0,-4.526916,0.265577107667923,0.5199999809265137,0.14380000531673431
YOR226C,YBL100W-A,0,-4.5270767,0.26544156670570374,0.5199999809265137,0.14390000700950623
YJL035C,YHR039C,0,-4.527995,0.26530611515045166,0.5199999809265137,0.14399999380111694
YGR098C,YNR015W,0,-4.528232,0.2651708424091339,0.5199999809265137,0.14409999549388885
YGL116W,YML088W,0,-4.5284824,0.2650356888771057,0.5199999809265137,0.14419999718666077
YDR101C,YOR261C,0,-4.528708,0.26490065455436707,0.5199999809265137,0.14429999887943268
YBR012W-A,YOR028C,0,-4.528727,0.26476576924324036,0.5199999809265137,0.1444000005722046
YKL002W,YKR099W,0,-4.528996,0.2646310329437256,0.5199999809265137,0.1445000022649765
YKR036C,YFL049W,0,-4.5290823,0.26449644565582275,0.5199999809265137,0.1446000039577484
YLR147C,YOR231W,0,-4.529595,0.2643619775772095,0.5199999809265137,0.14470000565052032
YPL117C,YDR190C,0,-4.529827,0.26422762870788574,0.5199999809265137,0.14480000734329224
YDL112W,YKR029C,0,-4.5300465,0.26409345865249634,0.5199999809265137,0.14489999413490295
YDR378C,YJL209W,1,-4.530145,0.2644670009613037,0.5210000276565552,0.14489999413490295
YNL112W,YPL029W,1,-4.530169,0.26484018564224243,0.5220000147819519,0.14489999413490295
YGL252C,YPL274W,0,-4.530349,0.2647058963775635,0.5220000147819519,0.14499999582767487
YHR011W,YOL040C,0,-4.531419,0.2645717263221741,0.5220000147819519,0.14509999752044678
YGL105W,YGR060W,0,-4.5316114,0.2644376754760742,0.5220000147819519,0.1451999992132187
YLR363C,YIL038C,1,-4.5317974,0.26481011509895325,0.5230000019073486,0.1451999992132187
YLL013C,YKL149C,1,-4.532103,0.2651821970939636,0.5239999890327454,0.1451999992132187
YPL255W,YNL079C,0,-4.5322094,0.2650480568408966,0.5239999890327454,0.1453000009059906
YML132W,YMR313C,0,-4.5323815,0.26491406559944153,0.5239999890327454,0.1454000025987625
YHR083W,YDR301W,0,-4.532478,0.264780193567276,0.5239999890327454,0.14550000429153442
YGL219C,YDL028C,0,-4.5325155,0.2646464705467224,0.5239999890327454,0.14560000598430634
YHR060W,YGL046W,0,-4.5325356,0.2645128667354584,0.5239999890327454,0.14569999277591705
YJL124C,YGL213C,1,-4.5328684,0.26488396525382996,0.5249999761581421,0.14569999277591705
YDR545W,YJR059W,0,-4.5329576,0.2647503912448883,0.5249999761581421,0.14579999446868896
YKR059W,YBR296C,0,-4.5329905,0.2646169364452362,0.5249999761581421,0.14589999616146088
YLR148W,YOR310C,0,-4.533082,0.26448363065719604,0.5249999761581421,0.1459999978542328
YFL037W,YHR005C-A,0,-4.53409,0.26435044407844543,0.5249999761581421,0.1460999995470047
YDR138W,YNL148C,0,-4.534875,0.26421740651130676,0.5249999761581421,0.1462000012397766
YAL011W,YKR029C,0,-4.53505,0.26408451795578003,0.5249999761581421,0.14630000293254852
YOR035C,YDR492W,0,-4.5353594,0.26395174860954285,0.5249999761581421,0.14640000462532043
YOR099W,YKL099C,0,-4.5354605,0.2638190984725952,0.5249999761581421,0.14650000631809235
YBR060C,YNL247W,0,-4.5361757,0.2636865973472595,0.5249999761581421,0.14659999310970306
YDL166C,YNL026W,0,-4.5361986,0.2635542154312134,0.5249999761581421,0.14669999480247498
YOL139C,YCR077C,1,-4.536523,0.2639237344264984,0.5260000228881836,0.14669999480247498
YML099C,YOR020C,0,-4.536568,0.26379138231277466,0.5260000228881836,0.1467999964952469
YDR285W,YPR144C,0,-4.5366154,0.26365914940834045,0.5260000228881836,0.1468999981880188
YNR032C-A,YDR478W,0,-4.537249,0.2635270655155182,0.5260000228881836,0.1469999998807907
YER030W,YDR071C,0,-4.5374956,0.2633951008319855,0.5260000228881836,0.14710000157356262
YNL264C,YMR186W,0,-4.5375133,0.2632632553577423,0.5260000228881836,0.14720000326633453
YPL110C,YAL053W,0,-4.537531,0.2631315588951111,0.5260000228881836,0.14730000495910645
YCR034W,YJR073C,0,-4.537608,0.2630000114440918,0.5260000228881836,0.14740000665187836
YNL025C,YPR131C,0,-4.5378213,0.2628685534000397,0.5260000228881836,0.14749999344348907
YGL252C,YER108C,0,-4.5380487,0.2627372741699219,0.5260000228881836,0.147599995136261
YGL094C,YML046W,0,-4.538253,0.26260608434677124,0.5260000228881836,0.1476999968290329
YNL097C,YLR181C,0,-4.5384026,0.26247504353523254,0.5260000228881836,0.1477999985218048
YPR173C,YDR294C,0,-4.538549,0.2623441517353058,0.5260000228881836,0.14790000021457672
YLR182W,YNL030W,0,-4.538585,0.2622133493423462,0.5260000228881836,0.14800000190734863
YJL187C,YNR019W,0,-4.5388117,0.26208269596099854,0.5260000228881836,0.14810000360012054
YPR102C,YFR037C,0,-4.5388565,0.2619521915912628,0.5260000228881836,0.14820000529289246
YIL019W,YCL067C,0,-4.5394216,0.26182180643081665,0.5260000228881836,0.14830000698566437
YGR145W,YNL101W,0,-4.540022,0.26169154047966003,0.5260000228881836,0.14839999377727509
YPR067W,YKR001C,0,-4.5403495,0.26156142354011536,0.5260000228881836,0.148499995470047
YBR237W,YNL247W,0,-4.5403967,0.26143142580986023,0.5260000228881836,0.1485999971628189
YPR107C,YGR245C,0,-4.5404897,0.26130154728889465,0.5260000228881836,0.14869999885559082
YIL144W,YMR112C,0,-4.540493,0.26117178797721863,0.5260000228881836,0.14880000054836273
YOL139C,YPL029W,1,-4.5409336,0.26153847575187683,0.5270000100135803,0.14880000054836273
YMR061W,YJR125C,0,-4.5414906,0.2614087164402008,0.5270000100135803,0.14890000224113464
YJL173C,YOR367W,0,-4.5415134,0.2612791359424591,0.5270000100135803,0.14900000393390656
YDR023W,YPR019W,0,-4.541733,0.26114964485168457,0.5270000100135803,0.14910000562667847
YNL311C,YPR193C,0,-4.542064,0.261020302772522,0.5270000100135803,0.14920000731945038
YGL092W,YOR217W,0,-4.5422025,0.2608910799026489,0.5270000100135803,0.1492999941110611
YBR060C,YOR020C,0,-4.5424585,0.2607620060443878,0.5270000100135803,0.149399995803833
YLR401C,YMR001C,0,-4.5425606,0.26063305139541626,0.5270000100135803,0.14949999749660492
YOR212W,YJR050W,0,-4.5427723,0.26050421595573425,0.5270000100135803,0.14959999918937683
YLR372W,YKR059W,0,-4.5428133,0.2603754997253418,0.5270000100135803,0.14970000088214874
YDR245W,YPL097W,0,-4.543272,0.2602469027042389,0.5270000100135803,0.14980000257492065
YDR200C,YNL113W,0,-4.5432897,0.2601184546947479,0.5270000100135803,0.14990000426769257
YKL062W,YMR056C,0,-4.543339,0.2599901258945465,0.5270000100135803,0.15000000596046448
YLR399C,YPL170W,0,-4.54349,0.25986194610595703,0.5270000100135803,0.1500999927520752
YIL121W,YFR001W,0,-4.5439005,0.2597338557243347,0.5270000100135803,0.1501999944448471
YBL064C,YAR009C,0,-4.5442495,0.25960591435432434,0.5270000100135803,0.15029999613761902
YDL059C,YER093C,0,-4.5447006,0.2594780921936035,0.5270000100135803,0.15039999783039093
YBL003C,YGL169W,0,-4.544925,0.25935038924217224,0.5270000100135803,0.15049999952316284
YCR057C,YKL014C,0,-4.5449567,0.2592228353023529,0.5270000100135803,0.15060000121593475
YJR063W,YBL002W,0,-4.545476,0.25909537076950073,0.5270000100135803,0.15070000290870667
YKL194C,YJL127C,0,-4.5461693,0.2589680552482605,0.5270000100135803,0.15080000460147858
YER125W,YMR042W,0,-4.546337,0.2588408589363098,0.5270000100135803,0.1509000062942505
YGR178C,YDR252W,0,-4.5466843,0.2587137818336487,0.5270000100135803,0.1509999930858612
YBR022W,YHR170W,0,-4.547426,0.2585868537425995,0.5270000100135803,0.15109999477863312
YDL160C,YMR234W,1,-4.547703,0.25895047187805176,0.527999997138977,0.15109999477863312
YKR001C,YJR069C,0,-4.5478907,0.25882354378700256,0.527999997138977,0.15119999647140503
YBR159W,YER032W,0,-4.5478916,0.25869670510292053,0.527999997138977,0.15129999816417694
YOL095C,YOL125W,0,-4.547999,0.25857001543045044,0.527999997138977,0.15139999985694885
YJL179W,YNL245C,0,-4.548275,0.2584434747695923,0.527999997138977,0.15150000154972076
YOR265W,YBR087W,0,-4.54828,0.2583170235157013,0.527999997138977,0.15160000324249268
YHR083W,YAL033W,0,-4.548401,0.25819072127342224,0.527999997138977,0.1517000049352646
YBL004W,YNL231C,0,-4.549125,0.25806450843811035,0.527999997138977,0.1518000066280365
YLR451W,YGL092W,0,-4.5492415,0.2579384446144104,0.527999997138977,0.15189999341964722
YGR165W,YBR110W,0,-4.5494976,0.2578125,0.527999997138977,0.15199999511241913
YJL124C,YLR136C,1,-4.550059,0.25817471742630005,0.5289999842643738,0.15199999511241913
YMR284W,YLR034C,0,-4.550131,0.25804877281188965,0.5289999842643738,0.15209999680519104
YCR048W,YGL035C,0,-4.5504656,0.2579229772090912,0.5289999842643738,0.15219999849796295
YCR008W,YDL201W,0,-4.5505705,0.2577972710132599,0.5289999842643738,0.15230000019073486
YHR077C,YPL029W,1,-4.550773,0.258158802986145,0.5299999713897705,0.15230000019073486
YGR169C,YDR365C,0,-4.5511303,0.2580330967903137,0.5299999713897705,0.15240000188350677
YLR332W,YPL028W,0,-4.5512867,0.25790753960609436,0.5299999713897705,0.1525000035762787
YLR183C,YAL033W,0,-4.5513783,0.25778210163116455,0.5299999713897705,0.1526000052690506
YLR398C,YBL026W,1,-4.5516005,0.2581429183483124,0.531000018119812,0.1526000052690506
YNL138W,YDR517W,0,-4.5517077,0.25801748037338257,0.531000018119812,0.1527000069618225
YGR108W,YOR181W,0,-4.551729,0.2578921914100647,0.531000018119812,0.15279999375343323
YOR048C,YHR005C,0,-4.552058,0.257766991853714,0.531000018119812,0.15289999544620514
YOR332W,YDR071C,0,-4.552063,0.25764191150665283,0.531000018119812,0.15299999713897705
YER049W,YER146W,1,-4.5522847,0.2580019533634186,0.5320000052452087,0.15299999713897705
YNL161W,YMR038C,0,-4.55262,0.2578768730163574,0.5320000052452087,0.15309999883174896
YOR338W,YDR092W,0,-4.553682,0.2577519416809082,0.5320000052452087,0.15320000052452087
YER089C,YER154W,0,-4.5544386,0.25762712955474854,0.5320000052452087,0.15330000221729279
YPL235W,YDR460W,0,-4.5545473,0.25750240683555603,0.5320000052452087,0.1534000039100647
YDR126W,YMR238W,0,-4.5545597,0.25737783312797546,0.5320000052452087,0.1535000056028366
YCL035C,YIL144W,0,-4.554755,0.25725337862968445,0.5320000052452087,0.15360000729560852
YGL174W,YLR102C,0,-4.5552206,0.257129043340683,0.5320000052452087,0.15369999408721924
YCR044C,YJL004C,0,-4.555264,0.25700482726097107,0.5320000052452087,0.15379999577999115
YPR162C,YDR091C,0,-4.5552964,0.2568807303905487,0.5320000052452087,0.15389999747276306
YNL159C,YJR028W,0,-4.5556345,0.2567567527294159,0.5320000052452087,0.15399999916553497
YBR024W,YLR452C,0,-4.556579,0.25663289427757263,0.5320000052452087,0.15410000085830688
YDR378C,YCR035C,1,-4.5566263,0.25699132680892944,0.5329999923706055,0.15410000085830688
YNL213C,YJR140C,0,-4.556752,0.2568674683570862,0.5329999923706055,0.1542000025510788
YFL024C,YCR020C,0,-4.556812,0.25674372911453247,0.5329999923706055,0.1543000042438507
YGR158C,YOL142W,1,-4.5569324,0.2571015954017639,0.5339999794960022,0.1543000042438507
YLR242C,YLR435W,0,-4.557327,0.2569778561592102,0.5339999794960022,0.15440000593662262
YPL254W,YPR131C,0,-4.557475,0.25685426592826843,0.5339999794960022,0.15449999272823334
YNL227C,YHR187W,0,-4.557805,0.2567307651042938,0.5339999794960022,0.15459999442100525
YBR055C,YDL155W,0,-4.5583444,0.25660741329193115,0.5339999794960022,0.15469999611377716
YLR340W,YML078W,0,-4.55869,0.25648415088653564,0.5339999794960022,0.15479999780654907
YGL222C,YOL142W,1,-4.5588427,0.25684109330177307,0.5350000262260437,0.15479999780654907
YER172C,YLR212C,0,-4.5588503,0.25671786069869995,0.5350000262260437,0.15489999949932098
YJL184W,YNR002C,0,-4.5594273,0.256594717502594,0.5350000262260437,0.1550000011920929
YKR002W,YBR142W,0,-4.560417,0.2564717233181,0.5350000262260437,0.1551000028848648
YDR320C-A,YGL206C,0,-4.5604596,0.2563488185405731,0.5350000262260437,0.15520000457763672
YJR045C,YOR162C,0,-4.560921,0.2562260627746582,0.5350000262260437,0.15530000627040863
YCR053W,YOR103C,0,-4.561362,0.25610339641571045,0.5350000262260437,0.15539999306201935
YNR030W,YNR003C,0,-4.5614147,0.25598084926605225,0.5350000262260437,0.15549999475479126
YBL079W,YJL002C,0,-4.5614557,0.255858451128006,0.5350000262260437,0.15559999644756317
YDR254W,YML081C-A,0,-4.561735,0.2557361423969269,0.5350000262260437,0.15569999814033508
YDL111C,YKL149C,1,-4.5619965,0.25609174370765686,0.5360000133514404,0.15569999814033508
YML058W,YPL130W,0,-4.56222,0.25596943497657776,0.5360000133514404,0.155799999833107
YHR079C,YOL044W,0,-4.562229,0.2558472454547882,0.5360000133514404,0.1559000015258789
YIR006C,YML039W,0,-4.5622325,0.2557252049446106,0.5360000133514404,0.15600000321865082
YLR398C,YPR189W,1,-4.5627346,0.25608012080192566,0.5370000004768372,0.15600000321865082
YDR052C,YNL001W,0,-4.5627427,0.25595805048942566,0.5370000004768372,0.15610000491142273
YOR346W,YER167W,0,-4.56289,0.2558360993862152,0.5370000004768372,0.15620000660419464
YDR483W,YIL121W,0,-4.5633163,0.2557142972946167,0.5370000004768372,0.15629999339580536
YER112W,YJL124C,1,-4.563473,0.25606852769851685,0.5379999876022339,0.15629999339580536
YOL102C,YJR070C,0,-4.563936,0.25594672560691833,0.5379999876022339,0.15639999508857727
YGR037C,YLL008W,0,-4.5639806,0.255825012922287,0.5379999876022339,0.15649999678134918
YIL073C,YGR014W,0,-4.564598,0.2557034194469452,0.5379999876022339,0.1565999984741211
YPR189W,YDL175C,1,-4.564968,0.2560569941997528,0.5389999747276306,0.1565999984741211
YGR144W,YOR267C,0,-4.564998,0.2559354305267334,0.5389999747276306,0.156700000166893
YGR134W,YDL078C,0,-4.565584,0.25581395626068115,0.5389999747276306,0.15680000185966492
YDL128W,YGR179C,0,-4.566142,0.25569260120391846,0.5389999747276306,0.15690000355243683
YBR055C,YBR069C,0,-4.566225,0.2555713653564453,0.5389999747276306,0.15700000524520874
YHR077C,YOL142W,1,-4.5663004,0.25592416524887085,0.5400000214576721,0.15700000524520874
YPL159C,YAL026C,0,-4.566311,0.2558029294013977,0.5400000214576721,0.15710000693798065
YPL234C,YLR401C,0,-4.566889,0.2556818127632141,0.5400000214576721,0.15719999372959137
YHR169W,YGR122W,0,-4.5672975,0.25556081533432007,0.5400000214576721,0.15729999542236328
YOR287C,YER118C,0,-4.5676293,0.2554399371147156,0.5400000214576721,0.1573999971151352
YNL112W,YAL021C,1,-4.56772,0.25579196214675903,0.5410000085830688,0.1573999971151352
YER112W,YPR189W,1,-4.567724,0.2561436593532562,0.5419999957084656,0.1573999971151352
YFL049W,YJL122W,0,-4.56778,0.2560226619243622,0.5419999957084656,0.1574999988079071
YEL031W,YOL144W,0,-4.567785,0.2559017837047577,0.5419999957084656,0.15760000050067902
YLL041C,YPR124W,0,-4.5678163,0.25578102469444275,0.5419999957084656,0.15770000219345093
YOL144W,YBL105C,0,-4.567862,0.25566038489341736,0.5419999957084656,0.15780000388622284
YGR085C,YGR014W,0,-4.5680237,0.25553983449935913,0.5419999957084656,0.15790000557899475
YNR002C,YJL116C,0,-4.568029,0.25541940331459045,0.5419999957084656,0.15800000727176666
YMR312W,YMR072W,0,-4.568776,0.25529909133911133,0.5419999957084656,0.15809999406337738
YNL282W,YGR296W,0,-4.568782,0.25517889857292175,0.5419999957084656,0.1581999957561493
YGL222C,YLR136C,1,-4.5692024,0.25552940368652344,0.5429999828338623,0.1581999957561493
YBR081C,YJR052W,0,-4.5692286,0.25540921092033386,0.5429999828338623,0.1582999974489212
YKR059W,YLR210W,0,-4.5702133,0.25528913736343384,0.5429999828338623,0.15839999914169312
YKR003W,YPR199C,0,-4.570608,0.25516918301582336,0.5429999828338623,0.15850000083446503
YOR315W,YGL106W,0,-4.5708857,0.25504931807518005,0.5429999828338623,0.15860000252723694
YKL009W,YLR136C,1,-4.5714526,0.25539904832839966,0.5440000295639038,0.15860000252723694
YML058W,YKL112W,0,-4.571594,0.25527921319007874,0.5440000295639038,0.15870000422000885
YCL075W,YNL169C,0,-4.5716963,0.255159467458725,0.5440000295639038,0.15880000591278076
YOR260W,YML095C,0,-4.571763,0.25503984093666077,0.5440000295639038,0.15889999270439148
YML088W,YKR048C,0,-4.572936,0.2549203336238861,0.5440000295639038,0.1589999943971634
YDR138W,YBL039C,0,-4.5741014,0.254800945520401,0.5440000295639038,0.1590999960899353
YER049W,YKL149C,1,-4.5743604,0.25514981150627136,0.5450000166893005,0.1590999960899353
YPL202C,YDL134C,0,-4.5745783,0.25503042340278625,0.5450000166893005,0.15919999778270721
YLR363C,YJL050W,1,-4.574969,0.2553788721561432,0.5460000038146973,0.15919999778270721
YPL202C,YOL013C,0,-4.5758204,0.2552594542503357,0.5460000038146973,0.15929999947547913
YLR035C,YJR046W,0,-4.575846,0.25514018535614014,0.5460000038146973,0.15940000116825104
YPR189W,YGR195W,1,-4.5760784,0.2554880976676941,0.546999990940094,0.15940000116825104
YNL123W,YGR075C,0,-4.5765576,0.25536882877349854,0.546999990940094,0.15950000286102295
YAL013W,YNL059C,0,-4.5766287,0.25524964928627014,0.546999990940094,0.15960000455379486
YMR216C,YDR021W,0,-4.576633,0.2551305890083313,0.546999990940094,0.15970000624656677
YOR269W,YOL076W,0,-4.57691,0.255011647939682,0.546999990940094,0.1597999930381775
YFL016C,YKL082C,0,-4.576923,0.25489282608032227,0.546999990940094,0.1598999947309494
YDR363W-A,YOR007C,0,-4.5770483,0.2547740936279297,0.546999990940094,0.1599999964237213
YOR048C,YBL079W,0,-4.5771976,0.25465548038482666,0.546999990940094,0.16009999811649323
YGR217W,YBR258C,0,-4.5772896,0.2545369863510132,0.546999990940094,0.16019999980926514
YML041C,YKR086W,0,-4.57764,0.25441861152648926,0.546999990940094,0.16030000150203705
YBR058C-A,YBR107C,0,-4.5778046,0.2543003261089325,0.546999990940094,0.16040000319480896
YKL208W,YBL005W-B,0,-4.5780373,0.2541821599006653,0.546999990940094,0.16050000488758087
YHR115C,YGR133W,0,-4.5788074,0.25406408309936523,0.546999990940094,0.16060000658035278
YKL088W,YBL090W,0,-4.578962,0.2539461553096771,0.546999990940094,0.1606999933719635
YDR427W,YOR231W,0,-4.5790815,0.2538283169269562,0.546999990940094,0.1607999950647354
YHR172W,YBL055C,0,-4.5794125,0.2537105679512024,0.546999990940094,0.16089999675750732
YGL043W,YKL079W,0,-4.579424,0.25359296798706055,0.546999990940094,0.16099999845027924
YDL198C,YLR039C,0,-4.580096,0.2534754276275635,0.546999990940094,0.16110000014305115
YLR451W,YNL294C,0,-4.58119,0.25335803627967834,0.546999990940094,0.16120000183582306
YNL294C,YNR043W,0,-4.581765,0.2532407343387604,0.546999990940094,0.16130000352859497
YDL100C,YGR055W,0,-4.5818105,0.25312355160713196,0.546999990940094,0.16140000522136688
YLR197W,YGR145W,0,-4.5818987,0.2530064880847931,0.546999990940094,0.1615000069141388
YJL124C,YDR378C,1,-4.5820394,0.2533518373966217,0.5479999780654907,0.1615000069141388
YNL138W,YGL225W,0,-4.5821137,0.25323474407196045,0.5479999780654907,0.1615999937057495
YBR097W,YBR133C,0,-4.582185,0.25311776995658875,0.5479999780654907,0.16169999539852142
YMR246W,YOR178C,0,-4.58219,0.2530009150505066,0.5479999780654907,0.16179999709129333
YHR154W,YGL232W,0,-4.5824533,0.252884179353714,0.5479999780654907,0.16189999878406525
YIL038C,YDR378C,1,-4.582721,0.2532287836074829,0.5490000247955322,0.16189999878406525
YBR058C-A,YDL213C,0,-4.583255,0.2531120479106903,0.5490000247955322,0.16200000047683716
YBL084C,YER190W,0,-4.5836086,0.25299540162086487,0.5490000247955322,0.16210000216960907
YHR043C,YNL064C,0,-4.5838804,0.2528788447380066,0.5490000247955322,0.16220000386238098
YJR125C,YML078W,0,-4.584595,0.25276243686676025,0.5490000247955322,0.1623000055551529
YER162C,YGR063C,0,-4.5847707,0.2526461184024811,0.5490000247955322,0.1624000072479248
YDR487C,YOR346W,0,-4.585091,0.25252988934516907,0.5490000247955322,0.16249999403953552
YGR158C,YOL139C,1,-4.585188,0.25287356972694397,0.550000011920929,0.16249999403953552
YGL222C,YCR035C,1,-4.58625,0.2532169222831726,0.5509999990463257,0.16249999403953552
YLR113W,YKR008W,0,-4.586288,0.25310060381889343,0.5509999990463257,0.16259999573230743
YOR275C,YOL066C,0,-4.587355,0.2529843747615814,0.5509999990463257,0.16269999742507935
YCL029C,YHR005C,0,-4.587506,0.25286829471588135,0.5509999990463257,0.16279999911785126
YLR197W,YOR294W,0,-4.588491,0.25275230407714844,0.5509999990463257,0.16290000081062317
YOR231W,YMR054W,0,-4.5890102,0.2526364028453827,0.5509999990463257,0.16300000250339508
YFR013W,YNL199C,0,-4.5890546,0.2525206208229065,0.5509999990463257,0.163100004196167
YNL161W,YMR001C,0,-4.5895114,0.25240495800971985,0.5509999990463257,0.1632000058889389
YPL037C,YER171W,0,-4.589681,0.25228938460350037,0.5509999990463257,0.16329999268054962
YER118C,YNL030W,0,-4.589717,0.25217390060424805,0.5509999990463257,0.16339999437332153
YDL055C,YCL061C,0,-4.589856,0.25205856561660767,0.5509999990463257,0.16349999606609344
YPR083W,YIL046W,0,-4.590946,0.25194329023361206,0.5509999990463257,0.16359999775886536
YNL116W,YPR168W,0,-4.591203,0.2518281638622284,0.5509999990463257,0.16369999945163727
YDR190C,YPL190C,0,-4.5912337,0.2517130970954895,0.5509999990463257,0.16380000114440918
YDL039C,YPL152W,0,-4.591593,0.25159817934036255,0.5509999990463257,0.1639000028371811
YJL025W,YGL195W,0,-4.5916886,0.25148335099220276,0.5509999990463257,0.164000004529953
YLR284C,YNR039C,0,-4.59181,0.25136861205101013,0.5509999990463257,0.16410000622272491
YDL232W,YCR038C,0,-4.592255,0.25125399231910706,0.5509999990463257,0.16419999301433563
YJL011C,YNL309W,0,-4.5925045,0.25113946199417114,0.5509999990463257,0.16429999470710754
YMR292W,YIL026C,0,-4.593431,0.2510250508785248,0.5509999990463257,0.16439999639987946
YLR009W,YOR244W,0,-4.593577,0.25091075897216797,0.5509999990463257,0.16449999809265137
YDR240C,YDR083W,0,-4.5939846,0.25079652667045593,0.5509999990463257,0.16459999978542328
YLR129W,YDL065C,0,-4.5940204,0.25068244338035583,0.5509999990463257,0.1647000014781952
YLR262C,YGR097W,0,-4.5941334,0.2505684494972229,0.5509999990463257,0.1648000031709671
YLR208W,YDR167W,0,-4.594305,0.25045454502105713,0.5509999990463257,0.164900004863739
YMR264W,YBL005W-A,0,-4.5944242,0.2503407597541809,0.5509999990463257,0.16500000655651093
YHR070W,YDR083W,0,-4.594966,0.25022706389427185,0.5509999990463257,0.16509999334812164
YPL042C,YGL120C,0,-4.595005,0.25011348724365234,0.5509999990463257,0.16519999504089355
YLL012W,YLR433C,0,-4.59552,0.25,0.5509999990463257,0.16529999673366547
YDR457W,YLL035W,0,-4.5955534,0.249886617064476,0.5509999990463257,0.16539999842643738
YOR361C,YKR072C,0,-4.595923,0.24977333843708038,0.5509999990463257,0.1655000001192093
YLR363C,YNL118C,1,-4.5962663,0.25011327862739563,0.5519999861717224,0.1655000001192093
YNR035C,YDR312W,0,-4.597153,0.25,0.5519999861717224,0.1656000018119812
YMR182C,YNL153C,0,-4.597302,0.24988682568073273,0.5519999861717224,0.1657000035047531
YNL164C,YDR376W,0,-4.5979176,0.2497737556695938,0.5519999861717224,0.16580000519752502
YCL066W,YLR011W,0,-4.598093,0.24966078996658325,0.5519999861717224,0.16590000689029694
YPL002C,YDL230W,0,-4.598719,0.24954791367053986,0.5519999861717224,0.16599999368190765
YOR061W,YGL001C,0,-4.599163,0.249435156583786,0.5519999861717224,0.16609999537467957
YLR363C,YOL139C,1,-4.599223,0.24977415800094604,0.5529999732971191,0.16609999537467957
YAL013W,YGL013C,0,-4.6002336,0.2496614009141922,0.5529999732971191,0.16619999706745148
YOR327C,YJR052W,0,-4.6011615,0.24954873323440552,0.5529999732971191,0.1662999987602234
YDR062W,YMR065W,0,-4.601198,0.2494361698627472,0.5529999732971191,0.1664000004529953
YKL014C,YHR026W,0,-4.601251,0.24932371079921722,0.5529999732971191,0.1665000021457672
YKR055W,YCR028C,0,-4.6014805,0.2492113560438156,0.5529999732971191,0.16660000383853912
YBL088C,YDL226C,0,-4.601734,0.24909910559654236,0.5529999732971191,0.16670000553131104
YCR077C,YDL160C,1,-4.6022615,0.24943718314170837,0.5540000200271606,0.16670000553131104
YLR022C,YOR038C,0,-4.6025248,0.24932493269443512,0.5540000200271606,0.16680000722408295
YJL050W,YDL165W,1,-4.603589,0.2496626228094101,0.5550000071525574,0.16680000722408295
YLR363C,YLR136C,1,-4.6039248,0.25,0.5559999942779541,0.16680000722408295
YFL018W-A,YDR057W,0,-4.6043367,0.2498876452445984,0.5559999942779541,0.16689999401569366
YML128C,YEL069C,0,-4.604967,0.24977537989616394,0.5559999942779541,0.16699999570846558
YDL102W,YER022W,0,-4.6053634,0.24966321885585785,0.5559999942779541,0.1670999974012375
YGL027C,YOL094C,0,-4.6056604,0.24955116212368011,0.5559999942779541,0.1671999990940094
YJR141W,YGL136C,0,-4.6056767,0.24943920969963074,0.5559999942779541,0.1673000007867813
YHR077C,YOL149W,1,-4.606489,0.24977578222751617,0.5569999814033508,0.1673000007867813
YKL138C-A,YER168C,0,-4.606794,0.2496638298034668,0.5569999814033508,0.16740000247955322
YIL051C,YNL302C,0,-4.606952,0.24955196678638458,0.5569999814033508,0.16750000417232513
YOR061W,YOL039W,0,-4.606964,0.24944020807743073,0.5569999814033508,0.16760000586509705
YGR230W,YJR083C,0,-4.6069984,0.24932855367660522,0.5569999814033508,0.16769999265670776
YMR188C,YDR296W,0,-4.6081223,0.24921700358390808,0.5569999814033508,0.16779999434947968
YLR363C,YJL124C,1,-4.608232,0.24955277144908905,0.5580000281333923,0.16779999434947968
YMR060C,YOR069W,0,-4.6083975,0.2494412213563919,0.5580000281333923,0.1678999960422516
YDL079C,YGL187C,0,-4.608679,0.24932976067066193,0.5580000281333923,0.1679999977350235
YOR130C,YOR099W,0,-4.6087937,0.2492184042930603,0.5580000281333923,0.1680999994277954
YPR162C,YNL006W,0,-4.6088524,0.24910713732242584,0.5580000281333923,0.16820000112056732
YJL209W,YLL013C,1,-4.609004,0.2494422197341919,0.5590000152587891,0.16820000112056732
YBL018C,YBR142W,0,-4.60912,0.24933095276355743,0.5590000152587891,0.16830000281333923
YCR034W,YGR241C,0,-4.609363,0.24921979010105133,0.5590000152587891,0.16840000450611115
YLR200W,YNL102W,0,-4.6093864,0.24910873174667358,0.5590000152587891,0.16850000619888306
YOR329C,YAR009C,0,-4.6097593,0.2489977777004242,0.5590000152587891,0.16859999299049377
YBL022C,YGL086W,0,-4.609823,0.24888691306114197,0.5590000152587891,0.16869999468326569
YGR217W,YGL169W,0,-4.6098475,0.2487761527299881,0.5590000152587891,0.1687999963760376
YML016C,YKL120W,0,-4.610114,0.2486654818058014,0.5590000152587891,0.1688999980688095
YPR110C,YJL112W,0,-4.610247,0.24855491518974304,0.5590000152587891,0.16899999976158142
YMR301C,YOR198C,0,-4.6105547,0.24844443798065186,0.5590000152587891,0.16910000145435333
YLR113W,YKL112W,0,-4.610676,0.24833407998085022,0.5590000152587891,0.16920000314712524
YIL135C,YOR035C,0,-4.6113276,0.24822379648685455,0.5590000152587891,0.16930000483989716
YBR152W,YDR040C,0,-4.612086,0.24811363220214844,0.5590000152587891,0.16940000653266907
YHL027W,YDR485C,0,-4.612152,0.2480035424232483,0.5590000152587891,0.16949999332427979
YER036C,YAL033W,0,-4.612523,0.2478935718536377,0.5590000152587891,0.1695999950170517
YDR477W,YKL120W,0,-4.6125383,0.24778369069099426,0.5590000152587891,0.1696999967098236
YML014W,YFL013C,0,-4.6127877,0.247673898935318,0.5590000152587891,0.16979999840259552
YIL030C,YLR132C,0,-4.612957,0.24756421148777008,0.5590000152587891,0.16990000009536743
YHR072W,YGL065C,0,-4.613294,0.24745462834835052,0.5590000152587891,0.17000000178813934
YBL026W,YCR077C,1,-4.613431,0.24778760969638824,0.5600000023841858,0.17000000178813934
YBR012W-A,YOR120W,0,-4.6136193,0.2476780116558075,0.5600000023841858,0.17010000348091125
YGL222C,YIL079C,1,-4.6136723,0.24801060557365417,0.5609999895095825,0.17010000348091125
YJL140W,YLL013C,1,-4.613933,0.24834290146827698,0.5619999766349792,0.17010000348091125
YBL041W,YDL112W,0,-4.6143165,0.24823321402072906,0.5619999766349792,0.17020000517368317
YEL062W,YBR109C,0,-4.6144075,0.24812361598014832,0.5619999766349792,0.17030000686645508
YJR060W,YGR108W,0,-4.614461,0.24801412224769592,0.5619999766349792,0.1703999936580658
YNL008C,YBR041W,0,-4.614668,0.2479047179222107,0.5619999766349792,0.1704999953508377
YBR082C,YPR037C,0,-4.614898,0.24779541790485382,0.5619999766349792,0.17059999704360962
YJR002W,YPL032C,0,-4.615554,0.2476862072944641,0.5619999766349792,0.17069999873638153
YLR433C,YBL055C,0,-4.615751,0.24757708609104156,0.5619999766349792,0.17080000042915344
YGL136C,YHR157W,0,-4.6160097,0.24746806919574738,0.5619999766349792,0.17090000212192535
YJL018W,YFL026W,0,-4.616301,0.24735915660858154,0.5619999766349792,0.17100000381469727
YNL020C,YHR007C,0,-4.616548,0.24725033342838287,0.5619999766349792,0.17110000550746918
YDL102W,YFR041C,0,-4.6166115,0.24714159965515137,0.5619999766349792,0.1712000072002411
YLR035C,YFL036W,0,-4.6166654,0.24703297019004822,0.5619999766349792,0.1712999939918518
YKL079W,YLR175W,0,-4.616836,0.24692443013191223,0.5619999766349792,0.17139999568462372
YOL064C,YIL017W,0,-4.6169252,0.2468159794807434,0.5619999766349792,0.17149999737739563
YLR051C,YER013W,0,-4.617236,0.24670763313770294,0.5619999766349792,0.17159999907016754
YJL208C,YJL209W,1,-4.6176405,0.24703817069530487,0.5630000233650208,0.17159999907016754
YOL008W,YDR137W,0,-4.6181536,0.2469298243522644,0.5630000233650208,0.17170000076293945
YKL042W,YKL056C,0,-4.618214,0.2468215674161911,0.5630000233650208,0.17180000245571136
YAL011W,YPL032C,0,-4.619096,0.24671341478824615,0.5630000233650208,0.17190000414848328
YDR101C,YPL032C,0,-4.619554,0.24660533666610718,0.5630000233650208,0.1720000058412552
YGL229C,YOR120W,0,-4.619611,0.24649737775325775,0.5630000233650208,0.1720999926328659
YMR208W,YER118C,0,-4.619751,0.2463894933462143,0.5630000233650208,0.17219999432563782
YGL014W,YLR136C,1,-4.6198115,0.24671916663646698,0.5640000104904175,0.17219999432563782
YGR078C,YGR081C,0,-4.6200047,0.24661128222942352,0.5640000104904175,0.17229999601840973
YOR326W,YLR048W,0,-4.620449,0.24650350213050842,0.5640000104904175,0.17239999771118164
YGR116W,YJR125C,0,-4.620454,0.24639581143856049,0.5640000104904175,0.17249999940395355
YIL079C,YCR077C,1,-4.620838,0.24672488868236542,0.5649999976158142,0.17249999940395355
YNL145W,YOR089C,0,-4.6210747,0.24661719799041748,0.5649999976158142,0.17260000109672546
YKL080W,YBR279W,0,-4.6215115,0.2465095967054367,0.5649999976158142,0.17270000278949738
YMR021C,YLR035C-A,0,-4.6220326,0.2464020997285843,0.5649999976158142,0.1728000044822693
YMR052W,YPL213W,0,-4.622115,0.24629467725753784,0.5649999976158142,0.1729000061750412
YFR046C,YNL166C,0,-4.6221614,0.24618735909461975,0.5649999976158142,0.17299999296665192
YBL061C,YNL323W,0,-4.62323,0.24608014523983002,0.5649999976158142,0.17309999465942383
YBL003C,YGR113W,0,-4.6233573,0.24597300589084625,0.5649999976158142,0.17319999635219574
YNL110C,YHR070W,0,-4.6241655,0.24586597084999084,0.5649999976158142,0.17329999804496765
YDR260C,YNL006W,0,-4.6246734,0.2457590252161026,0.5649999976158142,0.17339999973773956
YJR084W,YJL145W,0,-4.624755,0.24565216898918152,0.5649999976158142,0.17350000143051147
YFL025C,YBL005W-B,0,-4.6249175,0.2455454170703888,0.5649999976158142,0.1736000031232834
YHL027W,YLR153C,0,-4.625136,0.24543875455856323,0.5649999976158142,0.1737000048160553
YKR059W,YOL004W,0,-4.6253448,0.24533218145370483,0.5649999976158142,0.1738000065088272
YPL011C,YDR200C,0,-4.6255617,0.2452256977558136,0.5649999976158142,0.17389999330043793
YJL124C,YDL160C,1,-4.625651,0.2455531507730484,0.5659999847412109,0.17389999330043793
YPL050C,YGR036C,0,-4.626328,0.24544666707515717,0.5659999847412109,0.17399999499320984
YKL055C,YMR038C,0,-4.6269245,0.2453402727842331,0.5659999847412109,0.17409999668598175
YOR195W,YOR187W,0,-4.6271214,0.24523396790027618,0.5659999847412109,0.17419999837875366
YNL164C,YBR091C,0,-4.6277056,0.24512776732444763,0.5659999847412109,0.17430000007152557
YKL113C,YLR277C,0,-4.6299033,0.24502164125442505,0.5659999847412109,0.17440000176429749
YMR263W,YCR084C,0,-4.6299434,0.24491561949253082,0.5659999847412109,0.1745000034570694
YLR136C,YCR077C,1,-4.630084,0.24524220824241638,0.5669999718666077,0.1745000034570694
YGL252C,YOL044W,0,-4.630151,0.24513618648052216,0.5669999718666077,0.1746000051498413
YPL093W,YNL290W,0,-4.6303635,0.2450302541255951,0.5669999718666077,0.17470000684261322
YBR073W,YBL034C,0,-4.631424,0.2449244111776352,0.5669999718666077,0.17479999363422394
YMR075W,YFR041C,0,-4.631767,0.24481865763664246,0.5669999718666077,0.17489999532699585
YDR362C,YKL054C,0,-4.6319838,0.24471299350261688,0.5669999718666077,0.17499999701976776
YKL009W,YAL021C,1,-4.6322045,0.24503882229328156,0.5680000185966492,0.17499999701976776
YHR096C,YML123C,0,-4.632535,0.24493315815925598,0.5680000185966492,0.17509999871253967
YBR201W,YFL055W,0,-4.6332216,0.24482758343219757,0.5680000185966492,0.17520000040531158
YER044C,YCR031C,0,-4.6335025,0.24472209811210632,0.5680000185966492,0.1753000020980835
YNR044W,YFL018W-A,0,-4.63358,0.24461671710014343,0.5680000185966492,0.1754000037908554
YLR275W,YOR224C,0,-4.633755,0.2445114105939865,0.5680000185966492,0.17550000548362732
YLR293C,YJL019W,0,-4.6338143,0.24440619349479675,0.5680000185966492,0.17560000717639923
YMR190C,YKR007W,0,-4.6338406,0.24430108070373535,0.5680000185966492,0.17569999396800995
YOL149W,YPL029W,1,-4.633975,0.2446259707212448,0.5690000057220459,0.17569999396800995
YHL003C,YCR053W,0,-4.6340065,0.24452084302902222,0.5690000057220459,0.17579999566078186
YMR276W,YIR021W,0,-4.6340613,0.24441580474376678,0.5690000057220459,0.17589999735355377
YFR004W,YBR012W-A,0,-4.634164,0.24431085586547852,0.5690000057220459,0.17599999904632568
YKL082C,YBL100W-A,0,-4.634184,0.2442060112953186,0.5690000057220459,0.1761000007390976
YNL314W,YOR240W,0,-4.634508,0.24410124123096466,0.5690000057220459,0.1762000024318695
YDR363W-A,YPR120C,0,-4.63468,0.24399657547473907,0.5690000057220459,0.17630000412464142
YFL037W,YKR052C,0,-4.6348815,0.24389198422431946,0.5690000057220459,0.17640000581741333
YBR042C,YNR043W,0,-4.635344,0.243787482380867,0.5690000057220459,0.17649999260902405
YGR195W,YKL149C,1,-4.6359005,0.2441113442182541,0.5699999928474426,0.17649999260902405
YBR275C,YGL153W,0,-4.636011,0.24400684237480164,0.5699999928474426,0.17659999430179596
YKR083C,YNR043W,0,-4.6361456,0.24390244483947754,0.5699999928474426,0.17669999599456787
YKR056W,YGL061C,0,-4.636535,0.2437981218099594,0.5699999928474426,0.17679999768733978
YMR238W,YJL187C,0,-4.6369896,0.24369388818740845,0.5699999928474426,0.1768999993801117
YCR037C,YJL214W,0,-4.63756,0.24358974397182465,0.5699999928474426,0.1770000010728836
YHR077C,YEL015W,1,-4.6376348,0.24391286075115204,0.5709999799728394,0.1770000010728836
YER122C,YLR028C,0,-4.6384416,0.24380871653556824,0.5709999799728394,0.17710000276565552
YNL123W,YLR298C,0,-4.6385207,0.2437046468257904,0.5709999799728394,0.17720000445842743
YOR294W,YAR007C,0,-4.638638,0.24360068142414093,0.5709999799728394,0.17730000615119934
YNL098C,YDR447C,0,-4.638876,0.24349680542945862,0.5709999799728394,0.17739999294281006
YER104W,YCR066W,0,-4.6389046,0.24339300394058228,0.5709999799728394,0.17749999463558197
YBR068C,YDR495C,0,-4.6389217,0.2432893067598343,0.5709999799728394,0.17759999632835388
YPL234C,YMR220W,0,-4.6393123,0.24318568408489227,0.5709999799728394,0.1776999980211258
YNR031C,YML001W,0,-4.6394653,0.2430821657180786,0.5709999799728394,0.1777999997138977
YOL139C,YDL160C,1,-4.6400776,0.24340425431728363,0.5720000267028809,0.1777999997138977
YNL264C,YDR138W,0,-4.6401687,0.24330072104930878,0.5720000267028809,0.17790000140666962
YOR078W,YBL106C,0,-4.6411495,0.2431972771883011,0.5720000267028809,0.17800000309944153
YGR274C,YDR091C,0,-4.641705,0.24309392273426056,0.5720000267028809,0.17810000479221344
YNL112W,YGR158C,1,-4.642294,0.2434154599905014,0.5730000138282776,0.17810000479221344
YOR294W,YOR351C,0,-4.6425676,0.24331210553646088,0.5730000138282776,0.17820000648498535
YGL093W,YMR219W,0,-4.6427007,0.24320882558822632,0.5730000138282776,0.17829999327659607
YBL013W,YER167W,0,-4.643605,0.24310564994812012,0.5730000138282776,0.17839999496936798
YIL143C,YBR293W,0,-4.644321,0.24300254881381989,0.5730000138282776,0.1784999966621399
YFR052W,YPL008W,0,-4.6443415,0.24289953708648682,0.5730000138282776,0.1785999983549118
YJR120W,YMR037C,0,-4.644366,0.2427966147661209,0.5730000138282776,0.17870000004768372
YER049W,YDL111C,1,-4.644427,0.2431173175573349,0.5740000009536743,0.17870000004768372
YLR166C,YDR037W,0,-4.6445403,0.243014395236969,0.5740000009536743,0.17880000174045563
YDL112W,YGL095C,0,-4.6451044,0.24291154742240906,0.5740000009536743,0.17890000343322754
YER029C,YER032W,0,-4.645124,0.24280880391597748,0.5740000009536743,0.17900000512599945
YOR195W,YDL201W,0,-4.6455374,0.24270613491535187,0.5740000009536743,0.17910000681877136
YCR020C,YER016W,0,-4.64595,0.24260355532169342,0.5740000009536743,0.17919999361038208
YJL208C,YDL160C,1,-4.6460505,0.2429235279560089,0.574999988079071,0.17919999361038208
YHR084W,YPR128C,0,-4.646329,0.24282094836235046,0.574999988079071,0.179299995303154
YGR075C,YOR315W,0,-4.6472588,0.24271844327449799,0.574999988079071,0.1793999969959259
YHR204W,YOR210W,0,-4.647753,0.24261602759361267,0.574999988079071,0.17949999868869781
YLR126C,YOR007C,0,-4.648704,0.24251370131969452,0.574999988079071,0.17960000038146973
YDR081C,YBR236C,0,-4.6487164,0.24241146445274353,0.574999988079071,0.17970000207424164
YNL066W,YLL031C,0,-4.6487412,0.2423093169927597,0.574999988079071,0.17980000376701355
YBR236C,YMR285C,0,-4.648778,0.24220724403858185,0.574999988079071,0.17990000545978546
YOL095C,YER125W,0,-4.6488853,0.24210526049137115,0.574999988079071,0.18000000715255737
YIR010W,YML064C,0,-4.649102,0.24200336635112762,0.574999988079071,0.1800999939441681
YIL019W,YBR022W,0,-4.650056,0.24190156161785126,0.574999988079071,0.18019999563694
YBR012W-B,YML005W,0,-4.650637,0.24179983139038086,0.574999988079071,0.18029999732971191
YLR045C,YIL016W,0,-4.6508307,0.24169819056987762,0.574999988079071,0.18039999902248383
YDR443C,YBL075C,0,-4.6513157,0.24159663915634155,0.574999988079071,0.18050000071525574
YDR277C,YIL160C,0,-4.6513186,0.24149517714977264,0.574999988079071,0.18060000240802765
YLR262C,YHR023W,0,-4.651341,0.2413937896490097,0.574999988079071,0.18070000410079956
YHR088W,YOL004W,0,-4.652291,0.24129249155521393,0.574999988079071,0.18080000579357147
YML025C,YIL080W,0,-4.652813,0.24119126796722412,0.574999988079071,0.1808999925851822
YNL250W,YDR143C,0,-4.652856,0.24109014868736267,0.574999988079071,0.1809999942779541
YGR178C,YDL198C,0,-4.6529427,0.2409891039133072,0.574999988079071,0.181099995970726
YOR076C,YGL014W,1,-4.653033,0.2413070797920227,0.5759999752044678,0.181099995970726
YJR120W,YBR236C,0,-4.65309,0.24120603501796722,0.5759999752044678,0.18119999766349792
YER177W,YKL062W,0,-4.6536255,0.2411050647497177,0.5759999752044678,0.18129999935626984
YPL188W,YHR079C,0,-4.653639,0.24100418388843536,0.5759999752044678,0.18140000104904175
YPL016W,YIL080W,0,-4.6537046,0.24090339243412018,0.5759999752044678,0.18150000274181366
YOR076C,YJL208C,1,-4.6537676,0.24122074246406555,0.5770000219345093,0.18150000274181366
YNL311C,YDL059C,0,-4.6541414,0.24111993610858917,0.5770000219345093,0.18160000443458557
YFL037W,YIL056W,0,-4.654441,0.24101921916007996,0.5770000219345093,0.18170000612735748
YGL043W,YJL081C,0,-4.654731,0.2409185767173767,0.5770000219345093,0.1817999929189682
YGR246C,YPR122W,0,-4.6548057,0.24081802368164062,0.5770000219345093,0.1818999946117401
YMR005W,YKR019C,0,-4.6550627,0.2407175600528717,0.5770000219345093,0.18199999630451202
YFL016C,YJL148W,0,-4.6553745,0.24061718583106995,0.5770000219345093,0.18209999799728394
YCL066W,YJL008C,0,-4.6554527,0.24051688611507416,0.5770000219345093,0.18219999969005585
YBL050W,YNL006W,0,-4.6556206,0.24041666090488434,0.5770000219345093,0.18230000138282776
YLR298C,YLR405W,0,-4.656161,0.24031654000282288,0.5770000219345093,0.18240000307559967
YJL110C,YPL019C,0,-4.656281,0.24021649360656738,0.5770000219345093,0.18250000476837158
YLR196W,YPL118W,0,-4.6567764,0.24011652171611786,0.5770000219345093,0.1826000064611435
YNR053C,YHR072W-A,0,-4.6567917,0.2400166392326355,0.5770000219345093,0.1826999932527542
YJR083C,YPR173C,0,-4.6572967,0.2399168461561203,0.5770000219345093,0.18279999494552612
YMR264W,YOL072W,0,-4.6574535,0.23981712758541107,0.5770000219345093,0.18289999663829803
YOR037W,YGR063C,0,-4.6576366,0.2397174835205078,0.5770000219345093,0.18299999833106995
YIR010W,YDR130C,0,-4.657743,0.2396179437637329,0.5770000219345093,0.18310000002384186
YGR140W,YGR030C,0,-4.657928,0.23951847851276398,0.5770000219345093,0.18320000171661377
YJL003W,YLR071C,0,-4.658039,0.239419087767601,0.5770000219345093,0.18330000340938568
YNL329C,YDR228C,0,-4.659105,0.2393197864294052,0.5770000219345093,0.1834000051021576
YKL113C,YJL115W,0,-4.659663,0.23922055959701538,0.5770000219345093,0.1835000067949295
YPR031W,YNL213C,0,-4.6596737,0.2391214221715927,0.5770000219345093,0.18359999358654022
YNL291C,YER165W,0,-4.6598,0.2390223741531372,0.5770000219345093,0.18369999527931213
YLR262C,YDR217C,0,-4.65982,0.23892340064048767,0.5770000219345093,0.18379999697208405
YGR047C,YNL014W,0,-4.659859,0.2388245016336441,0.5770000219345093,0.18389999866485596
YDL081C,YHR056C,0,-4.6600814,0.2387256920337677,0.5770000219345093,0.18400000035762787
YIR017C,YGL136C,0,-4.660244,0.23862697184085846,0.5770000219345093,0.18410000205039978
YMR050C,YDL198C,0,-4.6604486,0.238528311252594,0.5770000219345093,0.1842000037431717
YMR067C,YOL068C,0,-4.660943,0.23842975497245789,0.5770000219345093,0.1843000054359436
YOR326W,YOR231W,0,-4.6612883,0.23833127319812775,0.5770000219345093,0.18440000712871552
YLR045C,YER002W,0,-4.6612935,0.23823286592960358,0.5770000219345093,0.18449999392032623
YNL257C,YEL031W,0,-4.6613264,0.23813454806804657,0.5770000219345093,0.18459999561309814
YPR137W,YER021W,0,-4.6613693,0.23803630471229553,0.5770000219345093,0.18469999730587006
YMR305C,YKL205W,0,-4.6613855,0.23793815076351166,0.5770000219345093,0.18479999899864197
YMR037C,YDL155W,0,-4.6614313,0.23784007132053375,0.5770000219345093,0.18490000069141388
YAL043C,YFL016C,0,-4.6615496,0.23774206638336182,0.5770000219345093,0.1850000023841858
YBR290W,YDL002C,0,-4.6618247,0.23764415085315704,0.5770000219345093,0.1851000040769577
YOL142W,YOL139C,1,-4.6626277,0.23795801401138306,0.578000009059906,0.1851000040769577
YNL302C,YLR215C,0,-4.662935,0.2378600835800171,0.578000009059906,0.18520000576972961
YEL051W,YPR161C,0,-4.6633396,0.2377622425556183,0.578000009059906,0.18529999256134033
YGL136C,YPL170W,0,-4.663861,0.23766447603702545,0.578000009059906,0.18539999425411224
YOL027C,YLR095C,0,-4.6649776,0.2375667840242386,0.578000009059906,0.18549999594688416
YGL222C,YIL038C,1,-4.6650777,0.23788003623485565,0.5789999961853027,0.18549999594688416
YBL019W,YBL057C,0,-4.6652246,0.2377823442220688,0.5789999961853027,0.18559999763965607
YDR138W,YOR260W,0,-4.6655817,0.2376847267150879,0.5789999961853027,0.18569999933242798
YKL015W,YGL153W,0,-4.6658697,0.23758719861507416,0.5789999961853027,0.1858000010251999
YFR046C,YKL206C,0,-4.6669927,0.2374897450208664,0.5789999961853027,0.1859000027179718
YMR087W,YBR258C,0,-4.6670613,0.2373923808336258,0.5789999961853027,0.1860000044107437
YGL155W,YOR335C,0,-4.66709,0.23729507625102997,0.5789999961853027,0.18610000610351562
YGR024C,YGR083C,0,-4.6671076,0.2371978759765625,0.5789999961853027,0.18619999289512634
YDR076W,YDR429C,0,-4.6674914,0.2371007353067398,0.5789999961853027,0.18629999458789825
YOR076C,YLR136C,1,-4.667655,0.23741301894187927,0.5799999833106995,0.18629999458789825
YLR410W,YAL058W,0,-4.668058,0.23731587827205658,0.5799999833106995,0.18639999628067017
YMR229C,YOL123W,0,-4.668325,0.23721881210803986,0.5799999833106995,0.18649999797344208
YFL010W-A,YKL011C,0,-4.668751,0.2371218353509903,0.5799999833106995,0.186599999666214
YDR101C,YPL016W,0,-4.668931,0.2370249330997467,0.5799999833106995,0.1867000013589859
YKL145W,YKL025C,0,-4.668958,0.23692810535430908,0.5799999833106995,0.1868000030517578
YAR014C,YFL037W,0,-4.6694274,0.23683136701583862,0.5799999833106995,0.18690000474452972
YIL065C,YGL201C,0,-4.6697607,0.23673468828201294,0.5799999833106995,0.18700000643730164
YGL153W,YOL094C,0,-4.6698275,0.2366381138563156,0.5799999833106995,0.18709999322891235
YDR296W,YDR175C,0,-4.6704025,0.23654159903526306,0.5799999833106995,0.18719999492168427
YOR349W,YMR038C,0,-4.6708865,0.23644517362117767,0.5799999833106995,0.18729999661445618
YLR442C,YER179W,0,-4.6709,0.23634882271289825,0.5799999833106995,0.1873999983072281
YJL026W,YEL069C,0,-4.6716824,0.2362525463104248,0.5799999833106995,0.1875
YPL076W,YGL181W,0,-4.6717296,0.23615634441375732,0.5799999833106995,0.1876000016927719
YKR059W,YER118C,0,-4.67208,0.236060231924057,0.5799999833106995,0.18770000338554382
YCL010C,YDL074C,0,-4.6721487,0.23596419394016266,0.5799999833106995,0.18780000507831573
YGR180C,YDR099W,0,-4.672299,0.23586824536323547,0.5799999833106995,0.18790000677108765
YDL059C,YDR478W,0,-4.672512,0.23577235639095306,0.5799999833106995,0.18799999356269836
YPL101W,YHR206W,0,-4.672554,0.23567655682563782,0.5799999833106995,0.18809999525547028
YBR106W,YPL078C,0,-4.672728,0.23558083176612854,0.5799999833106995,0.1881999969482422
YMR012W,YPR128C,0,-4.673956,0.23548518121242523,0.5799999833106995,0.1882999986410141
YMR211W,YLL024C,0,-4.6740527,0.2353896051645279,0.5799999833106995,0.188400000333786
YNL288W,YHR039C,0,-4.6742506,0.23529411852359772,0.5799999833106995,0.18850000202655792
YJR141W,YKL160W,0,-4.6742654,0.2351987063884735,0.5799999833106995,0.18860000371932983
YJL018W,YDR083W,0,-4.6748023,0.23510336875915527,0.5799999833106995,0.18870000541210175
YNL163C,YPL118W,0,-4.6752563,0.235008105635643,0.5799999833106995,0.18880000710487366
YKL205W,YPL240C,0,-4.6758437,0.2349129170179367,0.5799999833106995,0.18889999389648438
YOL149W,YDL160C,1,-4.6758695,0.23522266745567322,0.5809999704360962,0.18889999389648438
YER177W,YGR140W,0,-4.675925,0.23512747883796692,0.5809999704360962,0.1889999955892563
YJL050W,YLR136C,1,-4.6765175,0.23543688654899597,0.5820000171661377,0.1889999955892563
YBR274W,YOL008W,0,-4.6765757,0.23534168303012848,0.5820000171661377,0.1890999972820282
YOL071W,YPR037C,0,-4.6766295,0.23524656891822815,0.5820000171661377,0.1891999989748001
YIL079C,YCR035C,1,-4.677342,0.23555555939674377,0.5830000042915344,0.1891999989748001
YLR335W,YKL197C,0,-4.6778026,0.23546041548252106,0.5830000042915344,0.18930000066757202
YPL048W,YNL317W,0,-4.6778736,0.2353653609752655,0.5830000042915344,0.18940000236034393
YHR081W,YGR195W,1,-4.678245,0.2356739342212677,0.5839999914169312,0.18940000236034393
YLR467W,YHR187W,0,-4.6782846,0.23557886481285095,0.5839999914169312,0.18950000405311584
YPR189W,YMR234W,1,-4.678806,0.2358870953321457,0.5849999785423279,0.18950000405311584
YGR085C,YHR058C,0,-4.679007,0.23579202592372894,0.5849999785423279,0.18960000574588776
YEL036C,YHR191C,0,-4.679206,0.23569701611995697,0.5849999785423279,0.18970000743865967
YMR119W,YDR126W,0,-4.6793547,0.23560209572315216,0.5849999785423279,0.18979999423027039
YCL032W,YGL021W,0,-4.679429,0.23550724983215332,0.5849999785423279,0.1898999959230423
YIL117C,YBR136W,0,-4.679459,0.23541247844696045,0.5849999785423279,0.1899999976158142
YNL015W,YBL074C,0,-4.679578,0.23531778156757355,0.5849999785423279,0.19009999930858612
YNR032C-A,YLR025W,0,-4.6796527,0.23522315919399261,0.5849999785423279,0.19020000100135803
YDR330W,YER168C,0,-4.6798887,0.23512861132621765,0.5849999785423279,0.19030000269412994
YER049W,YDR378C,1,-4.6805167,0.23543591797351837,0.5860000252723694,0.19030000269412994
YNL156C,YNL059C,0,-4.680857,0.2353413701057434,0.5860000252723694,0.19040000438690186
YIL153W,YGL046W,0,-4.6810865,0.23524688184261322,0.5860000252723694,0.19050000607967377
YNL118C,YJL209W,1,-4.681624,0.2355537712574005,0.5870000123977661,0.19050000607967377
YOR069W,YOR089C,0,-4.6816955,0.23545928299427032,0.5870000123977661,0.19059999287128448
YOR140W,YNR006W,0,-4.681708,0.2353648692369461,0.5870000123977661,0.1906999945640564
YJR147W,YGL095C,0,-4.6818457,0.23527054488658905,0.5870000123977661,0.1907999962568283
YMR301C,YKL120W,0,-4.6826854,0.23517628014087677,0.5870000123977661,0.19089999794960022
YDR177W,YDR151C,0,-4.6827326,0.23508210480213165,0.5870000123977661,0.19099999964237213
YEL069C,YER145C,0,-4.682784,0.2349879890680313,0.5870000123977661,0.19110000133514404
YOR210W,YPL268W,0,-4.6830163,0.23489396274089813,0.5870000123977661,0.19120000302791595
YPR138C,YCL008C,0,-4.6832595,0.23479999601840973,0.5870000123977661,0.19130000472068787
YLR166C,YOR275C,0,-4.683562,0.2347061187028885,0.5870000123977661,0.19140000641345978
YMR314W,YJL110C,0,-4.683744,0.23461231589317322,0.5870000123977661,0.1914999932050705
YCL019W,YML057W,0,-4.68392,0.23451857268810272,0.5870000123977661,0.1915999948978424
YGR142W,YDL093W,0,-4.684516,0.2344249188899994,0.5870000123977661,0.19169999659061432
YGL222C,YCR077C,1,-4.684585,0.2347305417060852,0.5879999995231628,0.19169999659061432
YCR042C,YGR134W,0,-4.684883,0.23463687300682068,0.5879999995231628,0.19179999828338623
YJL101C,YML126C,0,-4.686067,0.23454327881336212,0.5879999995231628,0.19189999997615814
YFR003C,YEL069C,0,-4.6862082,0.23444975912570953,0.5879999995231628,0.19200000166893005
YBL079W,YGL169W,0,-4.6862097,0.23435631394386292,0.5879999995231628,0.19210000336170197
YNL090W,YMR048W,0,-4.686271,0.23426294326782227,0.5879999995231628,0.19220000505447388
YJL124C,YEL015W,1,-4.6866665,0.23456789553165436,0.5889999866485596,0.19220000505447388
YDL059C,YDR329C,0,-4.687302,0.2344745248556137,0.5889999866485596,0.1923000067472458
YDR494W,YOR226C,0,-4.687659,0.23438121378421783,0.5889999866485596,0.1923999935388565
YKL009W,YJL050W,1,-4.6876698,0.2346857637166977,0.5899999737739563,0.1923999935388565
YJL204C,YOL122C,0,-4.687831,0.23459245264530182,0.5899999737739563,0.19249999523162842
YER049W,YLL013C,1,-4.688224,0.23489665985107422,0.5910000205039978,0.19249999523162842
YGR063C,YJR073C,0,-4.688936,0.23480333387851715,0.5910000205039978,0.19259999692440033
YJL018W,YGR179C,0,-4.688972,0.23471008241176605,0.5910000205039978,0.19269999861717224
YPR072W,YGL213C,1,-4.6890745,0.23501388728618622,0.5920000076293945,0.19269999861717224
YAL034W-A,YBL079W,0,-4.6891775,0.23492063581943512,0.5920000076293945,0.19280000030994415
YDR188W,YGL029W,0,-4.689234,0.2348274439573288,0.5920000076293945,0.19290000200271606
YJL124C,YDL175C,1,-4.6896405,0.23513084650039673,0.5929999947547913,0.19290000200271606
YGL049C,YPL213W,0,-4.6897206,0.2350376546382904,0.5929999947547913,0.19300000369548798
YGL043W,YOL095C,0,-4.6901236,0.23494453728199005,0.5929999947547913,0.1931000053882599
YCR077C,YPL029W,1,-4.6905937,0.23524752259254456,0.593999981880188,0.1931000053882599
YLR056W,YAL058W,0,-4.6908736,0.235154390335083,0.593999981880188,0.1932000070810318
YFR008W,YBR179C,0,-4.690901,0.23506133258342743,0.593999981880188,0.19329999387264252
YHR089C,YDR046C,0,-4.691053,0.23496834933757782,0.593999981880188,0.19339999556541443
YER031C,YEL030W,0,-4.6910734,0.23487544059753418,0.593999981880188,0.19349999725818634
YDL165W,YEL015W,1,-4.691098,0.23517785966396332,0.5950000286102295,0.19349999725818634
YER142C,YJL091C,0,-4.691716,0.23508495092391968,0.5950000286102295,0.19359999895095825
YKL193C,YDR137W,0,-4.6919675,0.2349921017885208,0.5950000286102295,0.19370000064373016
YFR019W,YPL086C,0,-4.6919823,0.23489932715892792,0.5950000286102295,0.19380000233650208
YNL271C,YDR060W,0,-4.692852,0.234806627035141,0.5950000286102295,0.193900004029274
YGR134W,YCR020W-B,0,-4.6929135,0.23471400141716003,0.5950000286102295,0.1940000057220459
YMR163C,YMR219W,0,-4.6931067,0.23462145030498505,0.5950000286102295,0.1941000074148178
YPL164C,YLL035W,0,-4.693142,0.23452897369861603,0.5950000286102295,0.19419999420642853
YLR305C,YBL055C,0,-4.6933084,0.23443657159805298,0.5950000286102295,0.19429999589920044
YBR119W,YJL166W,0,-4.693309,0.2343442291021347,0.5950000286102295,0.19439999759197235
YGR029W,YGR005C,0,-4.693742,0.2342519611120224,0.5950000286102295,0.19449999928474426
YFR027W,YDL005C,0,-4.6940913,0.23415978252887726,0.5950000286102295,0.19460000097751617
YPR072W,YJL140W,1,-4.694571,0.23446105420589447,0.5960000157356262,0.19460000097751617
YDR058C,YPL048W,0,-4.694584,0.23436886072158813,0.5960000157356262,0.19470000267028809
YLR240W,YCL059C,0,-4.6947727,0.23427672684192657,0.5960000157356262,0.19480000436306
YPL268W,YDR097C,0,-4.694827,0.23418468236923218,0.5960000157356262,0.1949000060558319
YMR260C,YML040W,0,-4.6953053,0.23409269750118256,0.5960000157356262,0.19499999284744263
YLR071C,YLR088W,0,-4.6955714,0.2340007871389389,0.5960000157356262,0.19509999454021454
YER122C,YLR403W,0,-4.6956353,0.23390895128250122,0.5960000157356262,0.19519999623298645
YCR077C,YGL213C,1,-4.695871,0.23420949280261993,0.597000002861023,0.19519999623298645
YPL130W,YOR287C,0,-4.6965423,0.23411764204502106,0.597000002861023,0.19529999792575836
YKL146W,YOR049C,0,-4.6967077,0.23402586579322815,0.597000002861023,0.19539999961853027
YPL130W,YKL052C,0,-4.697029,0.2339341640472412,0.597000002861023,0.19550000131130219
YHR191C,YDR151C,0,-4.698003,0.23384253680706024,0.597000002861023,0.1956000030040741
YLR022C,YDR376W,0,-4.69835,0.23375098407268524,0.597000002861023,0.195700004696846
YGR091W,YOR213C,0,-4.6987114,0.23365949094295502,0.597000002861023,0.19580000638961792
YIR011C,YDR052C,0,-4.6988144,0.23356807231903076,0.597000002861023,0.19589999318122864
YPL055C,YNL006W,0,-4.699482,0.23347672820091248,0.597000002861023,0.19599999487400055
YOL077C,YIL105C,0,-4.7001734,0.23338545858860016,0.597000002861023,0.19609999656677246
YBR091C,YGR142W,0,-4.700269,0.23329424858093262,0.597000002861023,0.19619999825954437
YLR363C,YGR195W,1,-4.700468,0.23359374701976776,0.5979999899864197,0.19619999825954437
YNL047C,YDR091C,0,-4.700997,0.23350253701210022,0.5979999899864197,0.19629999995231628
YLR212C,YJR070C,0,-4.7011595,0.23341140151023865,0.5979999899864197,0.1964000016450882
YBL024W,YPR141C,0,-4.701613,0.23332032561302185,0.5979999899864197,0.1965000033378601
YMR050C,YDR508C,0,-4.701949,0.23322932422161102,0.5979999899864197,0.19660000503063202
YOL078W,YNL053W,0,-4.702164,0.23313839733600616,0.5979999899864197,0.19670000672340393
YML052W,YNL169C,0,-4.7026243,0.23304754495620728,0.5979999899864197,0.19679999351501465
YLR002C,YFL036W,0,-4.7026787,0.23295675218105316,0.5979999899864197,0.19689999520778656
YHR190W,YOL069W,0,-4.702725,0.2328660488128662,0.5979999899864197,0.19699999690055847
YMR119W,YLL024C,0,-4.702933,0.23277540504932404,0.5979999899864197,0.19709999859333038
YKL002W,YBR119W,0,-4.7029657,0.23268482089042664,0.5979999899864197,0.1972000002861023
YGR005C,YMR263W,0,-4.7034464,0.2325943261384964,0.5979999899864197,0.1973000019788742
YGL240W,YGR175C,0,-4.7035127,0.23250389099121094,0.5979999899864197,0.19740000367164612
YGL112C,YKR028W,0,-4.704262,0.23241353034973145,0.5979999899864197,0.19750000536441803
YNL288W,YHR099W,0,-4.704519,0.23232322931289673,0.5979999899864197,0.19760000705718994
YHR166C,YPL026C,0,-4.704804,0.23223300278186798,0.5979999899864197,0.19769999384880066
YNL227C,YLR005W,0,-4.704937,0.2321428507566452,0.5979999899864197,0.19779999554157257
YCL063W,YML032C,0,-4.7053366,0.2320527732372284,0.5979999899864197,0.19789999723434448
YGR217W,YDR225W,0,-4.7053714,0.23196275532245636,0.5979999899864197,0.1979999989271164
YGL094C,YDL093W,0,-4.7059956,0.2318728119134903,0.5979999899864197,0.1981000006198883
YDR378C,YKL149C,1,-4.7062526,0.23217053711414337,0.5989999771118164,0.1981000006198883
YGL257C,YDR071C,0,-4.706363,0.2320805937051773,0.5989999771118164,0.19820000231266022
YLR451W,YER044C-A,0,-4.7064476,0.23199070990085602,0.5989999771118164,0.19830000400543213
YLR298C,YGR024C,0,-4.7066965,0.2319008857011795,0.5989999771118164,0.19840000569820404
YLR226W,YNL311C,0,-4.707337,0.23181115090847015,0.5989999771118164,0.19850000739097595
YDR073W,YER118C,0,-4.7073536,0.23172147572040558,0.5989999771118164,0.19859999418258667
YDR545W,YCR033W,0,-4.7081404,0.23163186013698578,0.5989999771118164,0.19869999587535858
YER089C,YMR043W,0,-4.70876,0.23154233396053314,0.5989999771118164,0.1987999975681305
YCR038C,YKL213C,0,-4.708775,0.2314528524875641,0.5989999771118164,0.1988999992609024
YKL110C,YPL204W,0,-4.708802,0.2313634604215622,0.5989999771118164,0.19900000095367432
YDL074C,YAL026C,0,-4.708955,0.23127412796020508,0.5989999771118164,0.19910000264644623
YLR035C,YOR120W,0,-4.709376,0.23118487000465393,0.5989999771118164,0.19920000433921814
YGL222C,YNL118C,1,-4.709895,0.23148147761821747,0.6000000238418579,0.19920000433921814
YDL142C,YCR063W,0,-4.7101398,0.23139220476150513,0.6000000238418579,0.19930000603199005
YMR216C,YOL078W,0,-4.7102313,0.23130300641059875,0.6000000238418579,0.19939999282360077
YNL167C,YBR142W,0,-4.710453,0.23121386766433716,0.6000000238418579,0.19949999451637268
YLR102C,YPR032W,0,-4.710642,0.23112480342388153,0.6000000238418579,0.1995999962091446
YJR084W,YDR254W,0,-4.7107806,0.23103581368923187,0.6000000238418579,0.1996999979019165
YAL043C,YBL105C,0,-4.7108064,0.230946883559227,0.6000000238418579,0.19979999959468842
YDR245W,YDL126C,0,-4.7109866,0.23085802793502808,0.6000000238418579,0.19990000128746033
YDR499W,YIL085C,0,-4.7118516,0.23076923191547394,0.6000000238418579,0.20000000298023224
YLR435W,YPR143W,0,-4.7119803,0.23068051040172577,0.6000000238418579,0.20010000467300415
YDR378C,YLR136C,1,-4.7132506,0.2309761792421341,0.6010000109672546,0.20010000467300415
YGR008C,YNL053W,0,-4.713364,0.23088744282722473,0.6010000109672546,0.20020000636577606
YBR012W-A,YER094C,0,-4.713846,0.23079876601696014,0.6010000109672546,0.20029999315738678
YAL001C,YJR046W,0,-4.713897,0.23071017861366272,0.6010000109672546,0.2003999948501587
YCR031C,YOR187W,0,-4.714006,0.23062163591384888,0.6010000109672546,0.2004999965429306
YBR083W,YJR145C,0,-4.7147813,0.2305331826210022,0.6010000109672546,0.20059999823570251
YJL124C,YMR234W,1,-4.7152367,0.23082822561264038,0.6019999980926514,0.20059999823570251
YCR086W,YOL077C,0,-4.7156506,0.2307397425174713,0.6019999980926514,0.20069999992847443
YBR247C,YJL065C,0,-4.7157135,0.23065133392810822,0.6019999980926514,0.20080000162124634
YML014W,YHR170W,0,-4.7157946,0.2305629998445511,0.6019999980926514,0.20090000331401825
YDR040C,YPR070W,0,-4.7157974,0.23047472536563873,0.6019999980926514,0.20100000500679016
YLR380W,YGL029W,0,-4.716884,0.23038652539253235,0.6019999980926514,0.20110000669956207
YBR119W,YDL039C,0,-4.716921,0.23029839992523193,0.6019999980926514,0.2011999934911728
YBL057C,YNL286W,0,-4.717171,0.2302103191614151,0.6019999980926514,0.2012999951839447
YGR158C,YLR136C,1,-4.717265,0.2305045872926712,0.6029999852180481,0.2012999951839447
YDR320C-A,YGL162W,0,-4.7172756,0.23041650652885437,0.6029999852180481,0.2013999968767166
YBR214W,YPL093W,0,-4.717286,0.2303285002708435,0.6029999852180481,0.20149999856948853
YFR024C,YIL009W,0,-4.717359,0.23024055361747742,0.6029999852180481,0.20160000026226044
YER045C,YIL037C,0,-4.7173753,0.2301526665687561,0.6029999852180481,0.20170000195503235
YJR076C,YER145C,0,-4.717835,0.23006485402584076,0.6029999852180481,0.20180000364780426
YGR104C,YJL198W,0,-4.718034,0.22997711598873138,0.6029999852180481,0.20190000534057617
YOR076C,YLR363C,1,-4.719433,0.23027068376541138,0.6039999723434448,0.20190000534057617
YOL115W,YEL015W,1,-4.7197347,0.23056402802467346,0.6050000190734863,0.20190000534057617
YNL230C,YJR021C,0,-4.7197475,0.23047618567943573,0.6050000190734863,0.20200000703334808
YML047C,YML006C,0,-4.7202153,0.23038841784000397,0.6050000190734863,0.2020999938249588
YDR172W,YCR035C,1,-4.7209325,0.2306813895702362,0.6060000061988831,0.2020999938249588
YHR166C,YDL209C,0,-4.720962,0.23059360682964325,0.6060000061988831,0.2021999955177307
YNL037C,YER154W,0,-4.7210703,0.23050589859485626,0.6060000061988831,0.20229999721050262
YGL240W,YOR094W,0,-4.7211037,0.23041824996471405,0.6060000061988831,0.20239999890327454
YHR072W-A,YHR023W,0,-4.7216673,0.2303306758403778,0.6060000061988831,0.20250000059604645
YNL286W,YDR040C,0,-4.721896,0.23024316132068634,0.6060000061988831,0.20260000228881836
YGL216W,YDL098C,0,-4.722397,0.23015572130680084,0.6060000061988831,0.20270000398159027
YFR037C,YFR008W,0,-4.722397,0.23006834089756012,0.6060000061988831,0.20280000567436218
YJL089W,YKL080W,0,-4.72271,0.22998102009296417,0.6060000061988831,0.2029000073671341
YHL040C,YLL043W,0,-4.7227106,0.2298937737941742,0.6060000061988831,0.2029999941587448
YKL203C,YDR040C,0,-4.7227163,0.22980660200119019,0.6060000061988831,0.20309999585151672
YDL080C,YMR043W,0,-4.7228794,0.22971948981285095,0.6060000061988831,0.20319999754428864
YLR398C,YNL118C,1,-4.723117,0.23001137375831604,0.6069999933242798,0.20319999754428864
YCL066W,YKR022C,0,-4.723701,0.2299242466688156,0.6069999933242798,0.20329999923706055
YKR086W,YGL045W,0,-4.723727,0.22983717918395996,0.6069999933242798,0.20340000092983246
YMR065W,YDL208W,0,-4.724073,0.22975018620491028,0.6069999933242798,0.20350000262260437
YLL026W,YDR323C,0,-4.7241054,0.22966326773166656,0.6069999933242798,0.20360000431537628
YJR141W,YOR191W,0,-4.7242,0.22957639396190643,0.6069999933242798,0.2037000060081482
YGR054W,YPL227C,0,-4.7246795,0.22948960959911346,0.6069999933242798,0.2037999927997589
YGR078C,YLR145W,0,-4.725427,0.22940286993980408,0.6069999933242798,0.20389999449253082
YHR099W,YGL032C,0,-4.7255335,0.22931620478630066,0.6069999933242798,0.20399999618530273
YEL020W-A,YNR015W,0,-4.725715,0.2292296141386032,0.6069999933242798,0.20409999787807465
YNL080C,YGR081C,0,-4.726423,0.22914306819438934,0.6069999933242798,0.20419999957084656
YMR072W,YJR070C,0,-4.726593,0.22905659675598145,0.6069999933242798,0.20430000126361847
YJL138C,YDL198C,0,-4.7266655,0.22897019982337952,0.6069999933242798,0.20440000295639038
YMR069W,YFL017W-A,0,-4.7267017,0.22888386249542236,0.6069999933242798,0.2045000046491623
YBL004W,YHR084W,0,-4.726763,0.22879758477210999,0.6069999933242798,0.2046000063419342
YJL148W,YOR089C,0,-4.7268357,0.22871138155460358,0.6069999933242798,0.20469999313354492
YLR363C,YIL079C,1,-4.7269096,0.22900187969207764,0.6079999804496765,0.20469999313354492
YLR355C,YCR040W,0,-4.7272463,0.22891566157341003,0.6079999804496765,0.20479999482631683
YDR103W,YMR264W,0,-4.7272506,0.2288295030593872,0.6079999804496765,0.20489999651908875
YDL042C,YLR410W,0,-4.7273326,0.22874341905117035,0.6079999804496765,0.20499999821186066
YMR033W,YOR179C,0,-4.7276783,0.22865739464759827,0.6079999804496765,0.20509999990463257
YOR076C,YPR072W,1,-4.727852,0.22894737124443054,0.609000027179718,0.20509999990463257
YOL101C,YFL024C,0,-4.727989,0.22886133193969727,0.609000027179718,0.20520000159740448
YDR451C,YGR200C,0,-4.7281866,0.22877535223960876,0.609000027179718,0.2053000032901764
YHR167W,YIL053W,0,-4.7282166,0.22868944704532623,0.609000027179718,0.2054000049829483
YHL020C,YDR151C,0,-4.728714,0.22860360145568848,0.609000027179718,0.20550000667572021
YJR120W,YDL166C,0,-4.7287216,0.2285178303718567,0.609000027179718,0.20559999346733093
YPL026C,YKL093W,0,-4.728749,0.22843210399150848,0.609000027179718,0.20569999516010284
YER174C,YIL008W,0,-4.728764,0.22834645211696625,0.609000027179718,0.20579999685287476
YGL001C,YJL025W,0,-4.7289677,0.22826087474822998,0.609000027179718,0.20589999854564667
YCR040W,YKL120W,0,-4.729082,0.2281753420829773,0.609000027179718,0.20600000023841858
YOR269W,YOR231W,0,-4.7291102,0.22808988392353058,0.609000027179718,0.2061000019311905
YDR172W,YCR077C,1,-4.7293353,0.22837887704372406,0.6100000143051147,0.2061000019311905
YKL015W,YDR091C,0,-4.72942,0.22829341888427734,0.6100000143051147,0.2062000036239624
YNL112W,YGL222C,1,-4.7295012,0.22858211398124695,0.6110000014305115,0.2062000036239624
YDR073W,YPR080W,0,-4.7296476,0.22849664092063904,0.6110000014305115,0.20630000531673431
YMR220W,YHR052W,0,-4.7297487,0.2284112125635147,0.6110000014305115,0.20640000700950623
YLL015W,YPR001W,0,-4.730481,0.22832585871219635,0.6110000014305115,0.20649999380111694
YGL172W,YPL106C,0,-4.73084,0.22824056446552277,0.6110000014305115,0.20659999549388885
YJR119C,YAL016W,0,-4.731674,0.22815534472465515,0.6110000014305115,0.20669999718666077
YML039W,YPL097W,0,-4.732107,0.22807016968727112,0.6110000014305115,0.20679999887943268
YJL008C,YDL226C,0,-4.732431,0.22798506915569305,0.6110000014305115,0.2069000005722046
YGR245C,YKL119C,0,-4.7326665,0.22790004312992096,0.6110000014305115,0.2070000022649765
YGR091W,YOR221C,0,-4.73317,0.22781506180763245,0.6110000014305115,0.2071000039577484
YLR291C,YFL008W,0,-4.733613,0.2277301549911499,0.6110000014305115,0.20720000565052032
YOL077C,YDR376W,0,-4.7338924,0.22764530777931213,0.6110000014305115,0.20730000734329224
YJL138C,YFL008W,0,-4.734475,0.22756052017211914,0.6110000014305115,0.20739999413490295
YOR076C,YOL139C,1,-4.7344832,0.2278480976819992,0.6119999885559082,0.20739999413490295
YDR508C,YER160C,0,-4.7348604,0.2277633100748062,0.6119999885559082,0.20749999582767487
YCL051W,YLR079W,0,-4.7349505,0.2276785671710968,0.6119999885559082,0.20759999752044678
YDR378C,YER146W,1,-4.735529,0.22796578705310822,0.6129999756813049,0.20759999752044678
YER138C,YPR131C,0,-4.735652,0.2278810441493988,0.6129999756813049,0.2076999992132187
YLR002C,YJR043C,0,-4.736586,0.22779636085033417,0.6129999756813049,0.2078000009059906
YFL022C,YJR069C,0,-4.736869,0.2277117371559143,0.6129999756813049,0.2079000025987625
YDR016C,YJL002C,0,-4.7371397,0.22762718796730042,0.6129999756813049,0.20800000429153442
YLR277C,YJL065C,0,-4.737278,0.2275426834821701,0.6129999756813049,0.20810000598430634
YEL015W,YER146W,1,-4.738289,0.22782930731773376,0.6140000224113464,0.20810000598430634
YIR017C,YJL141C,0,-4.7383366,0.22774480283260345,0.6140000224113464,0.20819999277591705
YML001W,YDL185W,0,-4.7394333,0.22766035795211792,0.6140000224113464,0.20829999446868896
YOL091W,YDR397C,0,-4.739739,0.22757598757743835,0.6140000224113464,0.20839999616146088
YDL078C,YDR190C,0,-4.7405653,0.22749166190624237,0.6140000224113464,0.2084999978542328
YOR076C,YDR378C,1,-4.7405915,0.22777777910232544,0.6150000095367432,0.2084999978542328
YLR005W,YLR132C,0,-4.7407455,0.22769345343112946,0.6150000095367432,0.2085999995470047
YCL031C,YJR102C,0,-4.740749,0.22760917246341705,0.6150000095367432,0.2087000012397766
YOL142W,YKL149C,1,-4.7413793,0.22789493203163147,0.6159999966621399,0.2087000012397766
YLR003C,YGL187C,0,-4.741816,0.22781065106391907,0.6159999966621399,0.20880000293254852
YPR054W,YIL053W,0,-4.7419386,0.22772642970085144,0.6159999966621399,0.20890000462532043
YCL031C,YGL097W,0,-4.742048,0.22764228284358978,0.6159999966621399,0.20900000631809235
YML127W,YNR015W,0,-4.7421384,0.2275581806898117,0.6159999966621399,0.20909999310970306
YPL002C,YPR083W,0,-4.742215,0.2274741530418396,0.6159999966621399,0.20919999480247498
YLR022C,YCL062W,0,-4.742581,0.22739018499851227,0.6159999966621399,0.2092999964952469
YOR076C,YBL026W,1,-4.7428102,0.22767527401447296,0.6169999837875366,0.2092999964952469
YJL053W,YDL059C,0,-4.743033,0.22759129106998444,0.6169999837875366,0.2093999981880188
YMR243C,YOR354C,0,-4.743164,0.22750736773014069,0.6169999837875366,0.2094999998807907
YPL097W,YKR039W,0,-4.743342,0.2274235188961029,0.6169999837875366,0.20960000157356262
YNL227C,YER138C,0,-4.744417,0.2273397147655487,0.6169999837875366,0.20970000326633453
YDR172W,YAL021C,1,-4.7446694,0.22762431204319,0.6179999709129333,0.20970000326633453
YFR041C,YJR046W,0,-4.745035,0.2275405079126358,0.6179999709129333,0.20980000495910645
YJL122W,YHR111W,0,-4.74547,0.22745674848556519,0.6179999709129333,0.20990000665187836
YNL075W,YIL121W,0,-4.745592,0.22737306356430054,0.6179999709129333,0.20999999344348907
YGR101W,YJL127C,0,-4.7458787,0.22728943824768066,0.6179999709129333,0.210099995136261
YOL112W,YDR005C,0,-4.74596,0.22720588743686676,0.6179999709129333,0.2101999968290329
YBR055C,YBR133C,0,-4.746068,0.22712238132953644,0.6179999709129333,0.2102999985218048
YBL051C,YMR190C,0,-4.7462807,0.2270389348268509,0.6179999709129333,0.21040000021457672
YML048W,YLL061W,0,-4.7468743,0.2269555628299713,0.6179999709129333,0.21050000190734863
YCR055C,YER129W,0,-4.7475076,0.2268722504377365,0.6179999709129333,0.21060000360012054
YOL111C,YDR043C,0,-4.747547,0.22678899765014648,0.6179999709129333,0.21070000529289246
YJL114W,YGL037C,0,-4.7475524,0.22670578956604004,0.6179999709129333,0.21080000698566437
YGL222C,YAL021C,1,-4.74799,0.22698935866355896,0.6190000176429749,0.21080000698566437
YLR047C,YBR136W,0,-4.748064,0.2269061654806137,0.6190000176429749,0.21089999377727509
YNL318C,YJL134W,0,-4.748152,0.22682301700115204,0.6190000176429749,0.210999995470047
YJL129C,YML062C,0,-4.748553,0.22673992812633514,0.6190000176429749,0.2110999971628189
YLL006W,YMR281W,0,-4.7490573,0.22665689885616302,0.6190000176429749,0.21119999885559082
YPL036W,YJL219W,0,-4.749431,0.22657394409179688,0.6190000176429749,0.21130000054836273
YDR101C,YDR227W,0,-4.7496686,0.2264910340309143,0.6190000176429749,0.21140000224113464
YML099C,YDL226C,0,-4.7500763,0.2264081984758377,0.6190000176429749,0.21150000393390656
YGR108W,YLR048W,0,-4.7501154,0.2263254076242447,0.6190000176429749,0.21160000562667847
YOR076C,YNL016W,1,-4.7504063,0.22660818696022034,0.6200000047683716,0.21160000562667847
YOR233W,YJR077C,0,-4.750756,0.22652539610862732,0.6200000047683716,0.21170000731945038
YJL050W,YGR195W,1,-4.7507577,0.22680789232254028,0.6209999918937683,0.21170000731945038
YOR207C,YJR135C,0,-4.751357,0.22672508656978607,0.6209999918937683,0.2117999941110611
YFR004W,YDR043C,0,-4.751487,0.22664234042167664,0.6209999918937683,0.211899995803833
YGR134W,YER012W,0,-4.751536,0.22655965387821198,0.6209999918937683,0.21199999749660492
YOL093W,YCR031C,0,-4.7515445,0.2264770269393921,0.6209999918937683,0.21209999918937683
YOR329C,YIL121W,0,-4.751631,0.22639445960521698,0.6209999918937683,0.21220000088214874
YKR053C,YDR077W,0,-4.751733,0.22631195187568665,0.6209999918937683,0.21230000257492065
YKR039W,YHR170W,0,-4.752138,0.2262295037508011,0.6209999918937683,0.21240000426769257
YBL013W,YNL003C,0,-4.752203,0.2261471301317215,0.6209999918937683,0.21250000596046448
YKL011C,YBL005W-B,0,-4.752301,0.2260648012161255,0.6209999918937683,0.2125999927520752
YDR296W,YEL003W,0,-4.752379,0.22598253190517426,0.6209999918937683,0.2126999944448471
YNL128W,YIL036W,0,-4.7524843,0.2259003221988678,0.6209999918937683,0.21279999613761902
YLR003C,YPL138C,0,-4.7525578,0.2258181869983673,0.6209999918937683,0.21289999783039093
YPL117C,YLR272C,0,-4.752725,0.2257360965013504,0.6209999918937683,0.21299999952316284
YOR068C,YLL061W,0,-4.7530723,0.22565406560897827,0.6209999918937683,0.21310000121593475
YDR345C,YGR181W,0,-4.753112,0.2255721092224121,0.6209999918937683,0.21320000290870667
YMR076C,YDR397C,0,-4.7532277,0.22549019753932953,0.6209999918937683,0.21330000460147858
YHR118C,YBL034C,0,-4.7534175,0.22540834546089172,0.6209999918937683,0.2134000062942505
YOL091W,YPR036W,0,-4.7537537,0.2253265529870987,0.6209999918937683,0.2134999930858612
YCR060W,YOR150W,0,-4.7541895,0.22524483501911163,0.6209999918937683,0.21359999477863312
YLL012W,YOR326W,0,-4.7543664,0.22516316175460815,0.6209999918937683,0.21369999647140503
YGR144W,YKL074C,0,-4.754439,0.22508154809474945,0.6209999918937683,0.21379999816417694
YLR411W,YLR223C,0,-4.754797,0.22499999403953552,0.6209999918937683,0.21389999985694885
YMR204C,YGL008C,0,-4.754891,0.22491851449012756,0.6209999918937683,0.21400000154972076
YKR099W,YER054C,0,-4.7554793,0.22483707964420319,0.6209999918937683,0.21410000324249268
YJR141W,YBR133C,0,-4.755572,0.22475570440292358,0.6209999918937683,0.2142000049352646
YER049W,YKL009W,1,-4.755727,0.22503617405891418,0.621999979019165,0.2142000049352646
YBL064C,YBL016W,0,-4.7558703,0.22495479881763458,0.621999979019165,0.2143000066280365
YMR204C,YDR469W,0,-4.755986,0.22487346827983856,0.621999979019165,0.21439999341964722
YFL035C,YMR309C,0,-4.756052,0.22479219734668732,0.621999979019165,0.21449999511241913
YGL011C,YMR292W,0,-4.7563868,0.22471098601818085,0.621999979019165,0.21459999680519104
YIR017C,YPL204W,0,-4.756609,0.22462983429431915,0.621999979019165,0.21469999849796295
YNL311C,YLR086W,0,-4.756975,0.22454874217510223,0.621999979019165,0.21480000019073486
YBR086C,YBR236C,0,-4.7575407,0.2244676947593689,0.621999979019165,0.21490000188350677
YDR131C,YNL025C,0,-4.757566,0.22438672184944153,0.621999979019165,0.2150000035762787
YNR059W,YDR376W,0,-4.7577033,0.22430580854415894,0.621999979019165,0.2151000052690506
YPR189W,YOL139C,1,-4.7579308,0.2245854288339615,0.6230000257492065,0.2151000052690506
YFL035C-A,YNL262W,0,-4.7581444,0.2245045006275177,0.6230000257492065,0.2152000069618225
YJL124C,YNL016W,1,-4.7582664,0.22478386759757996,0.6240000128746033,0.2152000069618225
YMR106C,YPL028W,0,-4.7582865,0.22470290958881378,0.6240000128746033,0.21529999375343323
YKL205W,YGR238C,0,-4.758344,0.22462202608585358,0.6240000128746033,0.21539999544620514
YDL059C,YBR110W,0,-4.7586737,0.22454120218753815,0.6240000128746033,0.21549999713897705
YMR052W,YDL209C,0,-4.759216,0.2244604378938675,0.6240000128746033,0.21559999883174896
YER044C-A,YMR049C,0,-4.759529,0.22437971830368042,0.6240000128746033,0.21570000052452087
YGR161C,YLR189C,0,-4.7598042,0.22429905831813812,0.6240000128746033,0.21580000221729279
YJR060W,YDR225W,0,-4.7598133,0.2242184728384018,0.6240000128746033,0.2159000039100647
YJL018W,YPR190C,0,-4.7600746,0.22413793206214905,0.6240000128746033,0.2160000056028366
YMR202W,YDL064W,0,-4.7601566,0.22405745089054108,0.6240000128746033,0.21610000729560852
YNL080C,YDR021W,0,-4.760163,0.22397702932357788,0.6240000128746033,0.21619999408721924
YML059C,YJL164C,0,-4.7605495,0.22389666736125946,0.6240000128746033,0.21629999577999115
YFL018W-A,YHR079C,0,-4.7610917,0.22381635010242462,0.6240000128746033,0.21639999747276306
YBL051C,YEL009C,0,-4.7612467,0.22373610734939575,0.6240000128746033,0.21649999916553497
YLR291C,YFL035C,0,-4.7613316,0.22365590929985046,0.6240000128746033,0.21660000085830688
YKL141W,YBR192W,0,-4.7615337,0.22357578575611115,0.6240000128746033,0.2167000025510788
YPL175W,YFR037C,0,-4.761771,0.2234957069158554,0.6240000128746033,0.2168000042438507
YDR062W,YIL037C,0,-4.7621555,0.22341568768024445,0.6240000128746033,0.21690000593662262
YFL029C,YAL033W,0,-4.76253,0.22333571314811707,0.6240000128746033,0.21699999272823334
YMR264W,YBL014C,0,-4.7626667,0.22325581312179565,0.6240000128746033,0.21709999442100525
YGR063C,YMR133W,0,-4.762838,0.22317597270011902,0.6240000128746033,0.21719999611377716
YMR243C,YJR131W,0,-4.762963,0.22309617698192596,0.6240000128746033,0.21729999780654907
YFL024C,YDL208W,0,-4.7632995,0.22301644086837769,0.6240000128746033,0.21739999949932098
YBR055C,YLL001W,0,-4.7633305,0.22293676435947418,0.6240000128746033,0.2175000011920929
YCR034W,YLL035W,0,-4.7634153,0.22285714745521545,0.6240000128746033,0.2176000028848648
YOR078W,YDL185W,0,-4.7635136,0.2227775752544403,0.6240000128746033,0.21770000457763672
YPL179W,YBL079W,0,-4.7636037,0.22269807755947113,0.6240000128746033,0.21780000627040863
YPL130W,YML130C,0,-4.7644987,0.22261862456798553,0.6240000128746033,0.21789999306201935
YER111C,YPL118W,0,-4.764646,0.22253923118114471,0.6240000128746033,0.21799999475479126
YDL153C,YJL003W,0,-4.7655582,0.22245989739894867,0.6240000128746033,0.21809999644756317
YDR025W,YER154W,0,-4.7657576,0.2223806083202362,0.6240000128746033,0.21819999814033508
YDL213C,YLR068W,0,-4.7658854,0.2223013937473297,0.6240000128746033,0.218299999833107
YKR038C,YLR399C,0,-4.76605,0.2222222238779068,0.6240000128746033,0.2184000015258789
YGL232W,YNL037C,0,-4.766208,0.22214311361312866,0.6240000128746033,0.21850000321865082
YBR240C,YIL122W,0,-4.766235,0.2220640629529953,0.6240000128746033,0.21860000491142273
YHR194W,YCR063W,0,-4.767953,0.22198505699634552,0.6240000128746033,0.21870000660419464
YER070W,YOL078W,0,-4.7679863,0.22190611064434052,0.6240000128746033,0.21879999339580536
YDL102W,YIL017W,0,-4.768044,0.22182722389698029,0.6240000128746033,0.21889999508857727
YML046W,YGR275W,0,-4.768482,0.22174839675426483,0.6240000128746033,0.21899999678134918
YDR298C,YJR145C,0,-4.7685804,0.22166962921619415,0.6240000128746033,0.2190999984741211
YPL101W,YDR494W,0,-4.7691565,0.22159090638160706,0.6240000128746033,0.219200000166893
YHR111W,YLR075W,0,-4.7694926,0.22151224315166473,0.6240000128746033,0.21930000185966492
YEL022W,YFL037W,0,-4.769757,0.2214336395263672,0.6240000128746033,0.21940000355243683
YFL016C,YBR278W,0,-4.7698803,0.22135509550571442,0.6240000128746033,0.21950000524520874
YKL206C,YKR062W,0,-4.7702746,0.22127659618854523,0.6240000128746033,0.21960000693798065
YGR144W,YMR232W,0,-4.7703543,0.2211981564760208,0.6240000128746033,0.21969999372959137
YKL011C,YNL070W,0,-4.7704577,0.22111977636814117,0.6240000128746033,0.21979999542236328
YMR119W,YML046W,0,-4.7707224,0.22104144096374512,0.6240000128746033,0.2198999971151352
YGL030W,YCL020W,0,-4.7708125,0.22096318006515503,0.6240000128746033,0.2199999988079071
YLR363C,YGL222C,1,-4.770959,0.22123894095420837,0.625,0.2199999988079071
YLR262C,YDR303C,0,-4.77106,0.2211606502532959,0.625,0.22010000050067902
YCR080W,YNL314W,0,-4.7712984,0.2210824191570282,0.625,0.22020000219345093
YLL022C,YNR046W,0,-4.7718105,0.22100424766540527,0.625,0.22030000388622284
YDL006W,YJL093C,0,-4.771904,0.22092612087726593,0.625,0.22040000557899475
YBL006C,YHR056C,0,-4.772035,0.22084805369377136,0.625,0.22050000727176666
YEL022W,YKR099W,0,-4.7721043,0.22077004611492157,0.625,0.22059999406337738
YNL243W,YDR461W,0,-4.772175,0.22069208323955536,0.625,0.2206999957561493
YCR073C,YDR073W,0,-4.77252,0.22061419486999512,0.625,0.2207999974489212
YNL148C,YDL201W,0,-4.7725277,0.22053635120391846,0.625,0.22089999914169312
YPR072W,YDL160C,1,-4.7726107,0.22081129252910614,0.6259999871253967,0.22089999914169312
YDR427W,YDR004W,0,-4.77288,0.2207334339618683,0.6259999871253967,0.22100000083446503
YKL082C,YPR065W,0,-4.773033,0.220655620098114,0.6259999871253967,0.22110000252723694
YKR099W,YGR036C,0,-4.7731514,0.22057786583900452,0.6259999871253967,0.22120000422000885
YBL004W,YML092C,0,-4.7735963,0.2205001711845398,0.6259999871253967,0.22130000591278076
YDL080C,YGR289C,0,-4.7739196,0.22042253613471985,0.6259999871253967,0.22139999270439148
YLR175W,YPR100W,0,-4.7739763,0.22034494578838348,0.6259999871253967,0.2214999943971634
YDR151C,YKL114C,0,-4.774243,0.2202674150466919,0.6259999871253967,0.2215999960899353
YML113W,YPL016W,0,-4.774295,0.22018994390964508,0.6259999871253967,0.22169999778270721
YDR025W,YDL236W,0,-4.7747736,0.22011251747608185,0.6259999871253967,0.22179999947547913
YJR102C,YOL010W,0,-4.775057,0.2200351506471634,0.6259999871253967,0.22190000116825104
YJL018W,YMR079W,0,-4.775201,0.21995782852172852,0.6259999871253967,0.22200000286102295
YIL009W,YGR054W,0,-4.7755604,0.2198805809020996,0.6259999871253967,0.22210000455379486
YER070W,YJR064W,0,-4.7758236,0.21980337798595428,0.6259999871253967,0.22220000624656677
YDR443C,YKR039W,0,-4.775941,0.21972621977329254,0.6259999871253967,0.2222999930381775
YBR102C,YDR013W,0,-4.7761726,0.21964912116527557,0.6259999871253967,0.2223999947309494
YDL134C,YJL168C,0,-4.776376,0.21957208216190338,0.6259999871253967,0.2224999964237213
YNR044W,YBR072W,0,-4.7765393,0.21949508786201477,0.6259999871253967,0.22259999811649323
YDR058C,YOR020C,0,-4.7782035,0.21941815316677094,0.6259999871253967,0.22269999980926514
YOL115W,YDL175C,1,-4.778406,0.219691663980484,0.6269999742507935,0.22269999980926514
YKR009C,YCL019W,0,-4.778557,0.21961471438407898,0.6269999742507935,0.22280000150203705
YJR141W,YOR159C,0,-4.7786093,0.21953780949115753,0.6269999742507935,0.22290000319480896
YDR040C,YPL032C,0,-4.7789054,0.21946097910404205,0.6269999742507935,0.22300000488758087
YFL049W,YHL020C,0,-4.7789106,0.21938417851924896,0.6269999742507935,0.22310000658035278
YDR259C,YNL064C,0,-4.7791395,0.21930745244026184,0.6269999742507935,0.2231999933719635
YEL020W-A,YLR272C,0,-4.7793803,0.2192307710647583,0.6269999742507935,0.2232999950647354
YMR240C,YDR150W,0,-4.779576,0.21915414929389954,0.6269999742507935,0.22339999675750732
YGR180C,YGR253C,0,-4.7797613,0.21907757222652435,0.6269999742507935,0.22349999845027924
YNL297C,YKL082C,0,-4.7801714,0.21900105476379395,0.6269999742507935,0.22360000014305115
YHR034C,YCL062W,0,-4.780308,0.21892458200454712,0.6269999742507935,0.22370000183582306
YOL128C,YCL010C,0,-4.7805505,0.21884816884994507,0.6269999742507935,0.22380000352859497
YBL004W,YJR073C,0,-4.780656,0.2187718003988266,0.6269999742507935,0.22390000522136688
YLL009C,YGL191W,0,-4.780781,0.2186955064535141,0.6269999742507935,0.2240000069141388
YPL193W,YNL136W,0,-4.7810783,0.218619242310524,0.6269999742507935,0.2240999937057495
YPL179W,YPR037C,0,-4.7810864,0.21854305267333984,0.6269999742507935,0.22419999539852142
YOR361C,YLL043W,0,-4.7812204,0.2184668928384781,0.6269999742507935,0.22429999709129333
YNR016C,YCL029C,0,-4.781432,0.2183908075094223,0.6269999742507935,0.22439999878406525
YBL075C,YOR237W,0,-4.7815194,0.2183147668838501,0.6269999742507935,0.22450000047683716
YCR077C,YMR234W,1,-4.7816157,0.21858684718608856,0.628000020980835,0.22450000047683716
YDR330W,YER138C,0,-4.781857,0.21851079165935516,0.628000020980835,0.22460000216960907
YOL123W,YFL026W,0,-4.7818623,0.21843478083610535,0.628000020980835,0.22470000386238098
YPR183W,YBR188C,0,-4.781908,0.2183588296175003,0.628000020980835,0.2248000055551529
YMR077C,YNL314W,0,-4.782291,0.21828293800354004,0.628000020980835,0.2249000072479248
YFL004W,YPR054W,0,-4.7823205,0.21820709109306335,0.628000020980835,0.22499999403953552
YBL026W,YNL118C,1,-4.782329,0.21847863495349884,0.6290000081062317,0.22499999403953552
YJL184W,YHR026W,0,-4.7823734,0.21840277314186096,0.6290000081062317,0.22509999573230743
YPL033C,YDL128W,0,-4.7824154,0.21832697093486786,0.6290000081062317,0.22519999742507935
YKL054C,YBL051C,0,-4.782676,0.21825121343135834,0.6290000081062317,0.22529999911785126
YGR080W,YCL067C,0,-4.7829795,0.2181755155324936,0.6290000081062317,0.22540000081062317
YGR264C,YCL067C,0,-4.783268,0.21809986233711243,0.6290000081062317,0.22550000250339508
YDL035C,YDR072C,0,-4.7842493,0.21802426874637604,0.6290000081062317,0.225600004196167
YMR284W,YOR346W,0,-4.7848077,0.21794871985912323,0.6290000081062317,0.2257000058889389
YER070W,YMR186W,0,-4.784967,0.2178732305765152,0.6290000081062317,0.22579999268054962
YKL220C,YER160C,0,-4.7854366,0.21779778599739075,0.6290000081062317,0.22589999437332153
YDR480W,YAL025C,0,-4.7860484,0.21772240102291107,0.6290000081062317,0.22599999606609344
YNL339C,YGL225W,0,-4.786075,0.21764706075191498,0.6290000081062317,0.22609999775886536
YDR353W,YDR507C,0,-4.7862635,0.21757178008556366,0.6290000081062317,0.22619999945163727
YPL040C,YOR201C,0,-4.78633,0.21749654412269592,0.6290000081062317,0.22630000114440918
YER018C,YPR155C,0,-4.7872496,0.21742136776447296,0.6290000081062317,0.2264000028371811
YLR003C,YDR508C,0,-4.787652,0.21734623610973358,0.6290000081062317,0.226500004529953
YER040W,YDR040C,0,-4.7878256,0.21727116405963898,0.6290000081062317,0.22660000622272491
YCL026C-A,YKL190W,0,-4.7878494,0.21719613671302795,0.6290000081062317,0.22669999301433563
YNL167C,YAL024C,0,-4.7879477,0.2171211540699005,0.6290000081062317,0.22679999470710754
YML112W,YML095C,0,-4.7880936,0.21704624593257904,0.6290000081062317,0.22689999639987946
YMR238W,YNL113W,0,-4.7881236,0.21697136759757996,0.6290000081062317,0.22699999809265137
YMR079W,YBR068C,0,-4.789482,0.21689654886722565,0.6290000081062317,0.22709999978542328
YDR320C-A,YGL027C,0,-4.789896,0.2168217897415161,0.6290000081062317,0.2272000014781952
YHR172W,YNL244C,0,-4.790084,0.21674707531929016,0.6290000081062317,0.2273000031709671
YPL239W,YOR338W,0,-4.7903013,0.2166724056005478,0.6290000081062317,0.227400004863739
YLL021W,YJR021C,0,-4.790638,0.2165977954864502,0.6290000081062317,0.22750000655651093
YER165W,YML007W,0,-4.790984,0.21652323007583618,0.6290000081062317,0.22759999334812164
YDR378C,YCR077C,1,-4.7911744,0.21679283678531647,0.6299999952316284,0.22759999334812164
YDR030C,YGL021W,0,-4.7914715,0.21671827137470245,0.6299999952316284,0.22769999504089355
YOL105C,YLR002C,0,-4.7916746,0.21664373576641083,0.6299999952316284,0.22779999673366547
YER089C,YER005W,0,-4.7920027,0.21656927466392517,0.6299999952316284,0.22789999842643738
YHR060W,YMR301C,0,-4.792488,0.2164948433637619,0.6299999952316284,0.2280000001192093
YLR190W,YKL005C,0,-4.7925253,0.2164204716682434,0.6299999952316284,0.2281000018119812
YDR488C,YHR088W,0,-4.792617,0.2163461595773697,0.6299999952316284,0.2282000035047531
YKL143W,YFL016C,0,-4.792686,0.21627187728881836,0.6299999952316284,0.22830000519752502
YGR070W,YOR043W,0,-4.7927046,0.216197669506073,0.6299999952316284,0.22840000689029694
YNL008C,YDR130C,0,-4.7928143,0.21612350642681122,0.6299999952316284,0.22849999368190765
YMR065W,YOR249C,0,-4.7930846,0.21604938805103302,0.6299999952316284,0.22859999537467957
YOL027C,YAR019C,0,-4.793226,0.2159753143787384,0.6299999952316284,0.22869999706745148
YML041C,YPR081C,0,-4.7932773,0.21590130031108856,0.6299999952316284,0.2287999987602234
YCL075W,YKR060W,0,-4.793324,0.2158273309469223,0.6299999952316284,0.2289000004529953
YMR134W,YLR109W,0,-4.7935476,0.21575342118740082,0.6299999952316284,0.2290000021457672
YHL038C,YDR309C,0,-4.793694,0.21567955613136292,0.6299999952316284,0.22910000383853912
YHR052W,YDR142C,0,-4.7939143,0.2156057506799698,0.6299999952316284,0.22920000553131104
YDR328C,YCL061C,0,-4.793934,0.21553198993206024,0.6299999952316284,0.22930000722408295
YCL020W,YJR046W,0,-4.794319,0.21545827388763428,0.6299999952316284,0.22939999401569366
YGL168W,YHR084W,0,-4.7944036,0.2153846174478531,0.6299999952316284,0.22949999570846558
YDL142C,YDR148C,0,-4.7953734,0.21531100571155548,0.6299999952316284,0.2295999974012375
YMR281W,YHR030C,0,-4.795434,0.21523743867874146,0.6299999952316284,0.2296999990940094
YML132W,YJL045W,0,-4.7955127,0.2151639312505722,0.6299999952316284,0.2298000007867813
YJR043C,YCL062W,0,-4.7956634,0.21509046852588654,0.6299999952316284,0.22990000247955322
YLR435W,YOR213C,0,-4.795931,0.21501706540584564,0.6299999952316284,0.23000000417232513
YLR048W,YNR032C-A,0,-4.7969837,0.21494370698928833,0.6299999952316284,0.23010000586509705
YFL024C,YEL022W,0,-4.797026,0.2148703932762146,0.6299999952316284,0.23019999265670776
YCR053W,YCL055W,0,-4.7975326,0.21479713916778564,0.6299999952316284,0.23029999434947968
YLR068W,YPL187W,0,-4.797713,0.21472392976284027,0.6299999952316284,0.2303999960422516
YBR175W,YOR180C,0,-4.7980566,0.21465076506137848,0.6299999952316284,0.2304999977350235
YMR133W,YER133W,0,-4.798592,0.21457765996456146,0.6299999952316284,0.2305999994277954
YDR173C,YJR026W,0,-4.7986116,0.21450459957122803,0.6299999952316284,0.23070000112056732
YGR044C,YBR012W-B,0,-4.79865,0.21443158388137817,0.6299999952316284,0.23080000281333923
YMR277W,YNR060W,0,-4.7988296,0.2143586277961731,0.6299999952316284,0.23090000450611115
YOR212W,YDL102W,0,-4.7989697,0.2142857164144516,0.6299999952316284,0.23100000619888306
YOL149W,YMR234W,1,-4.7991815,0.2145528793334961,0.6309999823570251,0.23100000619888306
YBR081C,YHR167W,0,-4.799707,0.2144799530506134,0.6309999823570251,0.23109999299049377
YPL204W,YBL074C,0,-4.799787,0.2144070714712143,0.6309999823570251,0.23119999468326569
YPL093W,YIL143C,0,-4.7998543,0.21433423459529877,0.6309999823570251,0.2312999963760376
YPL267W,YDR489W,0,-4.8001246,0.21426145732402802,0.6309999823570251,0.2313999980688095
YFR021W,YLR005W,0,-4.8001876,0.21418872475624084,0.6309999823570251,0.23149999976158142
YIL095W,YDR251W,0,-4.8004007,0.21411605179309845,0.6309999823570251,0.23160000145435333
YMR188C,YCL074W,0,-4.800841,0.21404342353343964,0.6309999823570251,0.23170000314712524
YNL290W,YDL076C,0,-4.801088,0.2139708399772644,0.6309999823570251,0.23180000483989716
YBR295W,YDR489W,0,-4.801498,0.21389830112457275,0.6309999823570251,0.23190000653266907
YDL081C,YBR061C,0,-4.801755,0.21382582187652588,0.6309999823570251,0.23199999332427979
YCR053W,YPR187W,0,-4.8018484,0.21375338733196259,0.6309999823570251,0.2320999950170517
YJL072C,YKR019C,0,-4.801885,0.21368099749088287,0.6309999823570251,0.2321999967098236
YBL039C,YLR266C,0,-4.8021917,0.21360866725444794,0.6309999823570251,0.23229999840259552
YCL069W,YML057W,0,-4.8022466,0.21353638172149658,0.6309999823570251,0.23240000009536743
YKL054C,YDR545W,0,-4.802439,0.2134641408920288,0.6309999823570251,0.23250000178813934
YER104W,YDR038C,0,-4.8028584,0.21339194476604462,0.6309999823570251,0.23260000348091125
YCR086W,YDR071C,0,-4.8033376,0.2133198082447052,0.6309999823570251,0.23270000517368317
YGL244W,YLR316C,0,-4.803339,0.21324771642684937,0.6309999823570251,0.23280000686645508
YER122C,YDR495C,0,-4.8035393,0.2131756693124771,0.6309999823570251,0.2328999936580658
YDR156W,YJL018W,0,-4.8035793,0.21310368180274963,0.6309999823570251,0.2329999953508377
YPL101W,YAR044W,0,-4.8036003,0.21303173899650574,0.6309999823570251,0.23309999704360962
YJR091C,YMR234W,1,-4.8036885,0.21329733729362488,0.6320000290870667,0.23309999704360962
YGL225W,YOL122C,0,-4.8038607,0.2132253646850586,0.6320000290870667,0.23319999873638153
YNL118C,YEL015W,1,-4.804133,0.21349072456359863,0.6330000162124634,0.23319999873638153
YDR122W,YNL037C,0,-4.804489,0.21341875195503235,0.6330000162124634,0.23330000042915344
YDR022C,YCL019W,0,-4.804625,0.21334680914878845,0.6330000162124634,0.23340000212192535
YLR447C,YBL018C,0,-4.805067,0.21327492594718933,0.6330000162124634,0.23350000381469727
YER127W,YDR142C,0,-4.805105,0.21320310235023499,0.6330000162124634,0.23360000550746918
YML062C,YGR109C,0,-4.805126,0.21313130855560303,0.6330000162124634,0.2337000072002411
YPL060W,YFR033C,0,-4.805154,0.21305957436561584,0.6330000162124634,0.2337999939918518
YGL222C,YJR091C,1,-4.8054514,0.21332436800003052,0.6340000033378601,0.2337999939918518
YGL172W,YJL167W,0,-4.8055186,0.21325260400772095,0.6340000033378601,0.23389999568462372
YDL064W,YDR167W,0,-4.806039,0.21318089962005615,0.6340000033378601,0.23399999737739563
YER051W,YPL078C,0,-4.806044,0.21310923993587494,0.6340000033378601,0.23409999907016754
YBR192W,YBL005W-B,0,-4.8061776,0.2130376398563385,0.6340000033378601,0.23420000076293945
YFL035C-A,YER022W,0,-4.806527,0.21296606957912445,0.6340000033378601,0.23430000245571136
YJL208C,YLR136C,1,-4.8066554,0.21323035657405853,0.6349999904632568,0.23430000245571136
YGL130W,YJL030W,0,-4.8066893,0.2131587713956833,0.6349999904632568,0.23440000414848328
YLL013C,YER146W,1,-4.8067074,0.21342281997203827,0.6359999775886536,0.23440000414848328
YNL062C,YLR340W,0,-4.8067737,0.21335121989250183,0.6359999775886536,0.2345000058412552
YPL159C,YPR001W,0,-4.806966,0.21327967941761017,0.6359999775886536,0.2345999926328659
YMR044W,YML013W,0,-4.807255,0.2132081836462021,0.6359999775886536,0.23469999432563782
YBL084C,YPL203W,0,-4.807338,0.2131367325782776,0.6359999775886536,0.23479999601840973
YPL269W,YEL009C,0,-4.807429,0.21306532621383667,0.6359999775886536,0.23489999771118164
YDR108W,YDR170W-A,0,-4.8081355,0.21299396455287933,0.6359999775886536,0.23499999940395355
YMR013C,YDL084W,0,-4.8087287,0.21292266249656677,0.6359999775886536,0.23510000109672546
YHR142W,YPL083C,0,-4.8089495,0.2128514051437378,0.6359999775886536,0.23520000278949738
YOL040C,YPL093W,0,-4.809005,0.2127801924943924,0.6359999775886536,0.2353000044822693
YMR204C,YDR057W,0,-4.8092,0.21270902454853058,0.6359999775886536,0.2354000061750412
YMR200W,YIR005W,0,-4.809469,0.21263791620731354,0.6359999775886536,0.23549999296665192
YFL005W,YFL013C,0,-4.809532,0.21256683766841888,0.6359999775886536,0.23559999465942383
YGL075C,YMR128W,0,-4.8095894,0.212495818734169,0.6359999775886536,0.23569999635219574
YFL004W,YOR145C,0,-4.8100433,0.2124248445034027,0.6359999775886536,0.23579999804496765
YMR050C,YPR020W,0,-4.8100853,0.2123539298772812,0.6359999775886536,0.23589999973773956
YKL143W,YDL134C,0,-4.8101087,0.21228304505348206,0.6359999775886536,0.23600000143051147
YDL039C,YNL133C,0,-4.81018,0.2122122049331665,0.6359999775886536,0.2361000031232834
YAL009W,YFR037C,0,-4.8107924,0.21214142441749573,0.6359999775886536,0.2362000048160553
YJL012C-A,YDL019C,0,-4.8108826,0.21207068860530853,0.6359999775886536,0.2363000065088272
YJR147W,YNL030W,0,-4.8111963,0.21199999749660492,0.6359999775886536,0.23639999330043793
YOR162C,YDL093W,0,-4.8113036,0.2119293510913849,0.6359999775886536,0.23649999499320984
YBR121C,YPR032W,0,-4.8114467,0.21185876429080963,0.6359999775886536,0.23659999668598175
YER172C,YKL165C,0,-4.8115087,0.21178820729255676,0.6359999775886536,0.23669999837875366
YOR266W,YBR158W,0,-4.8115406,0.21171770989894867,0.6359999775886536,0.23680000007152557
YER049W,YOR001W,1,-4.8119698,0.21198002994060516,0.6370000243186951,0.23680000007152557
YML039W,YAL032C,0,-4.812029,0.21190951764583588,0.6370000243186951,0.23690000176429749
YLR433C,YBR061C,0,-4.812067,0.21183903515338898,0.6370000243186951,0.2370000034570694
YKL088W,YOR310C,0,-4.812204,0.21176861226558685,0.6370000243186951,0.2371000051498413
YNL225C,YBL016W,0,-4.812417,0.2116982340812683,0.6370000243186951,0.23720000684261322
YLR449W,YDR473C,0,-4.81246,0.21162790060043335,0.6370000243186951,0.23729999363422394
YLR418C,YNR046W,0,-4.812585,0.21155762672424316,0.6370000243186951,0.23739999532699585
YCR080W,YLR342W,0,-4.8126717,0.21148738265037537,0.6370000243186951,0.23749999701976776
YNL006W,YPR032W,0,-4.8126907,0.21141719818115234,0.6370000243186951,0.23759999871253967
YJR084W,YKR095W-A,0,-4.81294,0.2113470435142517,0.6370000243186951,0.23770000040531158
YGR217W,YNL262W,0,-4.8137794,0.21127694845199585,0.6370000243186951,0.2378000020980835
YGL236C,YOL125W,0,-4.8143983,0.21120689809322357,0.6370000243186951,0.2379000037908554
YLR405W,YNL073W,0,-4.814594,0.21113689243793488,0.6370000243186951,0.23800000548362732
YDR103W,YGL191W,0,-4.8146243,0.21106693148612976,0.6370000243186951,0.23810000717639923
YKR095W-A,YFL011W-A,0,-4.8150644,0.21099701523780823,0.6370000243186951,0.23819999396800995
YNL312W,YIL118W,0,-4.815512,0.21092715859413147,0.6370000243186951,0.23829999566078186
YJL138C,YMR006C,0,-4.8161325,0.2108573317527771,0.6370000243186951,0.23839999735355377
YBR042C,YOR310C,0,-4.8162045,0.2107875645160675,0.6370000243186951,0.23849999904632568
YLR259C,YOR150W,0,-4.8162456,0.2107178270816803,0.6370000243186951,0.2386000007390976
YMR128W,YPL042C,0,-4.816414,0.21064814925193787,0.6370000243186951,0.2387000024318695
YGR029W,YLR466W,0,-4.8165374,0.21057851612567902,0.6370000243186951,0.23880000412464142
YNR053C,YGR145W,0,-4.817065,0.21050892770290375,0.6370000243186951,0.23890000581741333
YDR170W-A,YOR057W,0,-4.8171473,0.21043938398361206,0.6370000243186951,0.23899999260902405
YLL013C,YGR195W,1,-4.8172793,0.2107001394033432,0.6380000114440918,0.23899999260902405
YNL317W,YGL249W,0,-4.817527,0.21063056588172913,0.6380000114440918,0.23909999430179596
YIR006C,YPL175W,0,-4.817829,0.21056105196475983,0.6380000114440918,0.23919999599456787
YGR251W,YAL056W,0,-4.8178916,0.2104915827512741,0.6380000114440918,0.23929999768733978
YNL016W,YBL026W,1,-4.8179855,0.2107519805431366,0.6389999985694885,0.23929999768733978
YJL073W,YJR045C,0,-4.8180847,0.21068249642848969,0.6389999985694885,0.2393999993801117
YER100W,YHR084W,0,-4.8185887,0.21061305701732635,0.6389999985694885,0.2395000010728836
YMR101C,YDL005C,0,-4.818767,0.2105436623096466,0.6389999985694885,0.23960000276565552
YLR136C,YGL213C,1,-4.8188057,0.21080368757247925,0.6399999856948853,0.23960000276565552
YMR135C,YAR009C,0,-4.8189154,0.2107342779636383,0.6399999856948853,0.23970000445842743
YJL124C,YLR398C,1,-4.8189445,0.21099407970905304,0.640999972820282,0.23970000445842743
YNL015W,YDR022C,0,-4.8189588,0.2109246402978897,0.640999972820282,0.23980000615119934
YKL201C,YCR053W,0,-4.818985,0.21085526049137115,0.640999972820282,0.23989999294281006
YMR008C,YIR023W,0,-4.819147,0.21078592538833618,0.640999972820282,0.23999999463558197
YER112W,YDL160C,1,-4.8192396,0.21104536950588226,0.6420000195503235,0.23999999463558197
YPL188W,YDR080W,0,-4.81925,0.2109760046005249,0.6420000195503235,0.24009999632835388
YIR011C,YOR089C,0,-4.8192763,0.21090669929981232,0.6420000195503235,0.2401999980211258
YGR078C,YHR135C,0,-4.819523,0.2108374387025833,0.6420000195503235,0.2402999997138977
YLR262C,YNL031C,0,-4.819726,0.2107682228088379,0.6420000195503235,0.24040000140666962
YBR042C,YJL091C,0,-4.8207803,0.21069905161857605,0.6420000195503235,0.24050000309944153
YPL082C,YKL138C-A,0,-4.8209333,0.2106299251317978,0.6420000195503235,0.24060000479221344
YIL084C,YFL011W-A,0,-4.821007,0.2105608433485031,0.6420000195503235,0.24070000648498535
YGL119W,YKL130C,0,-4.8210425,0.21049180626869202,0.6420000195503235,0.24079999327659607
YBR119W,YGL029W,0,-4.8214154,0.2104228138923645,0.6420000195503235,0.24089999496936798
YMR243C,YHR204W,0,-4.821855,0.21035386621952057,0.6420000195503235,0.2409999966621399
YPL021W,YHR161C,0,-4.8219757,0.21028496325016022,0.6420000195503235,0.2410999983549118
YMR175W,YIL037C,0,-4.8221436,0.21021610498428345,0.6420000195503235,0.24120000004768372
YLL004W,YPL209C,0,-4.8221645,0.21014730632305145,0.6420000195503235,0.24130000174045563
YAR018C,YER160C,0,-4.822303,0.21007853746414185,0.6420000195503235,0.24140000343322754
YGL151W,YPR119W,0,-4.8225083,0.21000981330871582,0.6420000195503235,0.24150000512599945
YGR091W,YPL076W,0,-4.822855,0.20994113385677338,0.6420000195503235,0.24160000681877136
YGR098C,YNL153C,0,-4.82337,0.2098725140094757,0.6420000195503235,0.24169999361038208
YHR116W,YDR247W,0,-4.8234043,0.20980392396450043,0.6420000195503235,0.241799995303154
YDR173C,YDL201W,0,-4.8234453,0.20973537862300873,0.6420000195503235,0.2418999969959259
YFL018W-A,YLR075W,0,-4.823821,0.2096668779850006,0.6420000195503235,0.24199999868869781
YML001W,YMR283C,0,-4.8239527,0.20959843695163727,0.6420000195503235,0.24210000038146973
YIR017C,YBR039W,0,-4.8240438,0.2095300257205963,0.6420000195503235,0.24220000207424164
YGL245W,YFR008W,0,-4.8240976,0.20946165919303894,0.6420000195503235,0.24230000376701355
YHR090C,YPR133C,0,-4.8241105,0.20939335227012634,0.6420000195503235,0.24240000545978546
YMR011W,YKL190W,0,-4.8243303,0.20932507514953613,0.6420000195503235,0.24250000715255737
YNL278W,YOL077C,0,-4.824579,0.2092568427324295,0.6420000195503235,0.2425999939441681
YDR439W,YDR473C,0,-4.8248487,0.20918865501880646,0.6420000195503235,0.24269999563694
YNL090W,YDR167W,0,-4.824971,0.20912052690982819,0.6420000195503235,0.24279999732971191
YPL082C,YDL128W,0,-4.8250055,0.2090524286031723,0.6420000195503235,0.24289999902248383
YIL038C,YLL013C,1,-4.825016,0.2093098908662796,0.6430000066757202,0.24289999902248383
YBR293W,YIL010W,0,-4.82538,0.20924177765846252,0.6430000066757202,0.24300000071525574
YMR293C,YPR143W,0,-4.825578,0.20917370915412903,0.6430000066757202,0.24310000240802765
YML007W,YAR044W,0,-4.826,0.2091056853532791,0.6430000066757202,0.24320000410079956
YCL063W,YBR289W,0,-4.826088,0.20903770625591278,0.6430000066757202,0.24330000579357147
YAL009W,YHR072W,0,-4.8264594,0.20896977186203003,0.6430000066757202,0.2433999925851822
YBR123C,YLR145W,0,-4.8265886,0.20890188217163086,0.6430000066757202,0.2434999942779541
YKR060W,YAL047C,0,-4.82668,0.20883403718471527,0.6430000066757202,0.243599995970726
YGL181W,YNR043W,0,-4.8268023,0.20876623690128326,0.6430000066757202,0.24369999766349792
YOL115W,YOR001W,1,-4.827115,0.20902304351329803,0.6439999938011169,0.24369999766349792
YPR018W,YDR225W,0,-4.827429,0.20895522832870483,0.6439999938011169,0.24379999935626984
YER122C,YMR292W,0,-4.8278074,0.20888744294643402,0.6439999938011169,0.24390000104904175
YHR158C,YMR177W,0,-4.828155,0.20881971716880798,0.6439999938011169,0.24400000274181366
YBL019W,YCR033W,0,-4.8282413,0.20875202119350433,0.6439999938011169,0.24410000443458557
YPL234C,YBR012W-B,0,-4.8282914,0.20868438482284546,0.6439999938011169,0.24420000612735748
YDR122W,YLR452C,0,-4.8284874,0.20861677825450897,0.6439999938011169,0.2442999929189682
YNL037C,YJR110W,0,-4.8288326,0.20854921638965607,0.6439999938011169,0.2443999946117401
YOR027W,YIL009W,0,-4.828871,0.20848171412944794,0.6439999938011169,0.24449999630451202
YBR107C,YJR002W,0,-4.829155,0.2084142416715622,0.6439999938011169,0.24459999799728394
YGR122W,YAL041W,0,-4.8291903,0.20834681391716003,0.6439999938011169,0.24469999969005585
YNR059W,YKL025C,0,-4.8294206,0.20827943086624146,0.6439999938011169,0.24480000138282776
YLR401C,YPL059W,0,-4.8295193,0.20821209251880646,0.6439999938011169,0.24490000307559967
YDL028C,YLR132C,0,-4.8295646,0.20814479887485504,0.6439999938011169,0.24500000476837158
YMR305C,YAL033W,0,-4.829594,0.2080775499343872,0.6439999938011169,0.2451000064611435
YFL011W-A,YER002W,0,-4.829647,0.20801033079624176,0.6439999938011169,0.2451999932527542
YMR167W,YML057W,0,-4.829856,0.2079431712627411,0.6439999938011169,0.24529999494552612
YNL142W,YGL190C,0,-4.8298635,0.207876056432724,0.6439999938011169,0.24539999663829803
YML074C,YBR211C,0,-4.830016,0.2078089714050293,0.6439999938011169,0.24549999833106995
YMR165C,YOR240W,0,-4.8300667,0.20774193108081818,0.6439999938011169,0.24560000002384186
YNL210W,YNL070W,0,-4.83009,0.20767495036125183,0.6439999938011169,0.24570000171661377
YNL090W,YIL056W,0,-4.830163,0.20760799944400787,0.6439999938011169,0.24580000340938568
YJL092W,YBR154C,0,-4.8302064,0.2075410932302475,0.6439999938011169,0.2459000051021576
YLR106C,YDR142C,0,-4.8304214,0.2074742317199707,0.6439999938011169,0.2460000067949295
YOR047C,YNR038W,0,-4.8304505,0.2074074000120163,0.6439999938011169,0.24609999358654022
YLR228C,YLR002C,0,-4.831836,0.20734062790870667,0.6439999938011169,0.24619999527931213
YER020W,YDR247W,0,-4.832293,0.20727390050888062,0.6439999938011169,0.24629999697208405
YOL066C,YAL024C,0,-4.83266,0.20720720291137695,0.6439999938011169,0.24639999866485596
YNL206C,YNR011C,0,-4.8326616,0.20714056491851807,0.6439999938011169,0.24650000035762787
YMR067C,YOR063W,0,-4.8326745,0.20707395672798157,0.6439999938011169,0.24660000205039978
YCR080W,YLR079W,0,-4.83302,0.20700739324092865,0.6439999938011169,0.2467000037431717
YPL055C,YDL185W,0,-4.833074,0.20694087445735931,0.6439999938011169,0.2468000054359436
YBR158W,YBR154C,0,-4.8336973,0.20687440037727356,0.6439999938011169,0.24690000712871552
YLR023C,YAL058W,0,-4.8337264,0.2068079710006714,0.6439999938011169,0.24699999392032623
YLR242C,YKR083C,0,-4.8341703,0.2067415714263916,0.6439999938011169,0.24709999561309814
YOR315W,YDL109C,0,-4.83435,0.2066752314567566,0.6439999938011169,0.24719999730587006
YCR075C,YPL076W,0,-4.8348265,0.20660892128944397,0.6439999938011169,0.24729999899864197
YMR313C,YLR410W,0,-4.8349857,0.20654265582561493,0.6439999938011169,0.24740000069141388
YGR122W,YNL030W,0,-4.835067,0.20647643506526947,0.6439999938011169,0.2475000023841858
YLR208W,YNL247W,0,-4.8353376,0.2064102590084076,0.6439999938011169,0.2476000040769577
YLR335W,YPR162C,0,-4.8356094,0.2063441276550293,0.6439999938011169,0.24770000576972961
YFR019W,YOR201C,0,-4.8356323,0.2062780261039734,0.6439999938011169,0.24779999256134033
YKL082C,YJL012C-A,0,-4.8357825,0.20621196925640106,0.6439999938011169,0.24789999425411224
YKL143W,YGR097W,0,-4.8360662,0.2061459720134735,0.6439999938011169,0.24799999594688416
YFR003C,YGR055W,0,-4.836365,0.20608000457286835,0.6439999938011169,0.24809999763965607
YNL272C,YJL026W,0,-4.836366,0.20601408183574677,0.6439999938011169,0.24819999933242798
YNL271C,YBR040W,0,-4.8367534,0.20594818890094757,0.6439999938011169,0.2483000010251999
YPL135W,YBR068C,0,-4.8371115,0.20588235557079315,0.6439999938011169,0.2484000027179718
YLL018C-A,YCL026C-A,0,-4.837672,0.20581655204296112,0.6439999938011169,0.2485000044107437
YDR254W,YBL045C,0,-4.838041,0.20575079321861267,0.6439999938011169,0.24860000610351562
YHR039C-A,YCR018C,0,-4.838225,0.2056850790977478,0.6439999938011169,0.24869999289512634
YGL130W,YCL035C,0,-4.8385673,0.20561940968036652,0.6439999938011169,0.24879999458789825
YGL027C,YPL213W,0,-4.8387322,0.2055537849664688,0.6439999938011169,0.24889999628067017
YER112W,YDL175C,1,-4.838801,0.20580726861953735,0.6449999809265137,0.24889999628067017
YDL077C,YDR363W-A,0,-4.839551,0.20574162900447845,0.6449999809265137,0.24899999797344208
YML039W,YBL047C,0,-4.839688,0.20567601919174194,0.6449999809265137,0.249099999666214
YMR202W,YPR100W,0,-4.8399644,0.205610454082489,0.6449999809265137,0.2492000013589859
YGR005C,YDR288W,0,-4.8401327,0.20554493367671967,0.6449999809265137,0.2493000030517578
YBR012W-B,YJL166W,0,-4.8403096,0.2054794579744339,0.6449999809265137,0.24940000474452972
YJL129C,YDR036C,0,-4.8403773,0.20541401207447052,0.6449999809265137,0.24950000643730164
YCR077C,YLL013C,1,-4.840754,0.20566698908805847,0.6460000276565552,0.24950000643730164
YNL116W,YIL121W,0,-4.840872,0.2056015282869339,0.6460000276565552,0.24959999322891235
YBR060C,YHR061C,0,-4.840988,0.2055361121892929,0.6460000276565552,0.24969999492168427
YPR125W,YGL095C,0,-4.841831,0.2054707407951355,0.6460000276565552,0.24979999661445618
YOL078W,YBL005W-A,0,-4.842201,0.20540539920330048,0.6460000276565552,0.2498999983072281
YGL046W,YGL181W,0,-4.842348,0.20534011721611023,0.6460000276565552,0.25
YLR285W,YDR221W,0,-4.8425465,0.20527486503124237,0.6460000276565552,0.2500999867916107
YAL009W,YBR198C,0,-4.8428035,0.2052096575498581,0.6460000276565552,0.2502000033855438
YML099C,YLR335W,0,-4.8430657,0.2051444947719574,0.6460000276565552,0.25029999017715454
YBR106W,YOL144W,0,-4.8434873,0.2050793617963791,0.6460000276565552,0.25040000677108765
YMR204C,YOR063W,0,-4.84374,0.20501428842544556,0.6460000276565552,0.25049999356269836
YNL272C,YLR039C,0,-4.843845,0.2049492448568344,0.6460000276565552,0.25060001015663147
YMR236W,YCL016C,0,-4.8438873,0.20488423109054565,0.6460000276565552,0.2506999969482422
YNL138W,YPL204W,0,-4.843985,0.20481927692890167,0.6460000276565552,0.2508000135421753
YBL026W,YKL149C,1,-4.8439884,0.2050713151693344,0.6470000147819519,0.2508000135421753
YBR030W,YBR070C,0,-4.8441315,0.20500633120536804,0.6470000147819519,0.250900000333786
YGR177C,YOR372C,0,-4.8443666,0.20494140684604645,0.6470000147819519,0.25099998712539673
YCL061C,YHR099W,0,-4.8453116,0.20487649738788605,0.6470000147819519,0.25110000371932983
YDL046W,YPL175W,0,-4.8460603,0.20481164753437042,0.6470000147819519,0.25119999051094055
YHR090C,YDR310C,0,-4.8461223,0.20474684238433838,0.6470000147819519,0.25130000710487366
YML113W,YML043C,0,-4.8465962,0.20468206703662872,0.6470000147819519,0.2513999938964844
YOL139C,YMR234W,1,-4.846612,0.20493358373641968,0.6480000019073486,0.2513999938964844
YPL235W,YCL019W,0,-4.847271,0.20486879348754883,0.6480000019073486,0.2515000104904175
YPL096C-A,YOL147C,0,-4.8473287,0.20480404794216156,0.6480000019073486,0.2515999972820282
YOR047C,YKL182W,0,-4.8473587,0.20473933219909668,0.6480000019073486,0.2517000138759613
YGL048C,YLR005W,0,-4.847422,0.20467466115951538,0.6480000019073486,0.251800000667572
YDR470C,YOR206W,0,-4.8474526,0.20461003482341766,0.6480000019073486,0.25189998745918274
YMR272C,YPL187W,0,-4.8476887,0.20454545319080353,0.6480000019073486,0.25200000405311584
YLR206W,YGL046W,0,-4.8483577,0.20448090136051178,0.6480000019073486,0.25209999084472656
YNL002C,YNL026W,0,-4.84838,0.2044164091348648,0.6480000019073486,0.25220000743865967
YGR222W,YJR121W,0,-4.848794,0.20435194671154022,0.6480000019073486,0.2522999942302704
YJL179W,YBL063W,0,-4.848909,0.20428751409053802,0.6480000019073486,0.2524000108242035
YJL106W,YLR403W,0,-4.8489857,0.2042231261730194,0.6480000019073486,0.2524999976158142
YLR223C,YEL036C,0,-4.849189,0.20415878295898438,0.6480000019073486,0.2526000142097473
YJR083C,YBL051C,0,-4.84923,0.20409448444843292,0.6480000019073486,0.25270000100135803
YJL030W,YLR223C,0,-4.849271,0.20403023064136505,0.6480000019073486,0.25279998779296875
YDR092W,YJR059W,0,-4.8500824,0.20396600663661957,0.6480000019073486,0.25290000438690186
YDL175C,YLL013C,1,-4.8501573,0.20421649515628815,0.6489999890327454,0.25290000438690186
YLR009W,YMR055C,0,-4.8504577,0.20415225625038147,0.6489999890327454,0.2529999911785126
YOR231W,YER072W,0,-4.8504906,0.20408804714679718,0.6489999890327454,0.2531000077724457
YPR162C,YJL091C,0,-4.850791,0.20402389764785767,0.6489999890327454,0.2531999945640564
YML062C,YHR089C,0,-4.8508253,0.20395977795124054,0.6489999890327454,0.2533000111579895
YLR129W,YIL121W,0,-4.8508334,0.203895702958107,0.6489999890327454,0.2533999979496002
YCL055W,YDR091C,0,-4.851321,0.20383165776729584,0.6489999890327454,0.2535000145435333
YGL183C,YLR410W,0,-4.85155,0.20376765727996826,0.6489999890327454,0.25360000133514404
YLL009C,YDL166C,0,-4.8520308,0.20370370149612427,0.6489999890327454,0.25369998812675476
YLR249W,YLR222C,0,-4.8521547,0.20363979041576385,0.6489999890327454,0.25380000472068787
YML001W,YGL097W,0,-4.852481,0.20357590913772583,0.6489999890327454,0.2538999915122986
YDR138W,YOL069W,0,-4.8527594,0.2035120725631714,0.6489999890327454,0.2540000081062317
YHR027C,YGR081C,0,-4.8530364,0.20344828069210052,0.6489999890327454,0.2540999948978424
YNL293W,YPR001W,0,-4.85362,0.20338451862335205,0.6489999890327454,0.2542000114917755
YJL050W,YIL079C,1,-4.8538213,0.2036340832710266,0.6499999761581421,0.2542000114917755
YPR173C,YBL057C,0,-4.8539286,0.20357030630111694,0.6499999761581421,0.25429999828338623
YDL134C,YPL235W,0,-4.8540106,0.20350657403469086,0.6499999761581421,0.25440001487731934
YOR001W,YHR081W,1,-4.854178,0.20375587046146393,0.6510000228881836,0.25440001487731934
YJL013C,YLR034C,0,-4.8542113,0.20369210839271545,0.6510000228881836,0.25450000166893005
YNL288W,YML109W,0,-4.8542266,0.20362840592861176,0.6510000228881836,0.25459998846054077
YLR056W,YOR178C,0,-4.854343,0.20356473326683044,0.6510000228881836,0.2547000050544739
YOL128C,YHR052W,0,-4.8545976,0.20350109040737152,0.6510000228881836,0.2547999918460846
YPR025C,YOR210W,0,-4.8546786,0.20343750715255737,0.6510000228881836,0.2549000084400177
YOR310C,YMR207C,0,-4.855093,0.20337393879890442,0.6510000228881836,0.2549999952316284
YJR086W,YPR199C,0,-4.8551,0.20331043004989624,0.6510000228881836,0.2551000118255615
YBR133C,YMR238W,0,-4.855527,0.20324695110321045,0.6510000228881836,0.25519999861717224
YLR260W,YLR403W,0,-4.855974,0.20318351686000824,0.6510000228881836,0.25529998540878296
YLR020C,YMR161W,0,-4.856119,0.2031201273202896,0.6510000228881836,0.25540000200271606
YKR046C,YER154W,0,-4.8564873,0.20305676758289337,0.6510000228881836,0.2554999887943268
YMR001C,YMR208W,0,-4.856619,0.2029934525489807,0.6510000228881836,0.2556000053882599
YBR211C,YNL259C,0,-4.856637,0.20293016731739044,0.6510000228881836,0.2556999921798706
YOR250C,YOR057W,0,-4.8566594,0.20286694169044495,0.6510000228881836,0.2558000087738037
YDL226C,YGR175C,0,-4.856665,0.20280373096466064,0.6510000228881836,0.25589999556541443
YHR077C,YLR398C,1,-4.856716,0.20305201411247253,0.6520000100135803,0.25589999556541443
YCR080W,YDL174C,0,-4.8570857,0.20298878848552704,0.6520000100135803,0.25600001215934753
YBR142W,YPL190C,0,-4.857598,0.20292560756206512,0.6520000100135803,0.25609999895095825
YDR191W,YOR007C,0,-4.857812,0.2028624713420868,0.6520000100135803,0.25619998574256897
YCR034W,YML038C,0,-4.857908,0.20279937982559204,0.6520000100135803,0.2563000023365021
YDL109C,YJR027W,0,-4.8590765,0.20273631811141968,0.6520000100135803,0.2563999891281128
YDR328C,YDL101C,0,-4.8593073,0.2026733011007309,0.6520000100135803,0.2565000057220459
YBR159W,YGR279C,0,-4.859607,0.2026103138923645,0.6520000100135803,0.2565999925136566
YKL082C,YJL013C,0,-4.8597546,0.2025473713874817,0.6520000100135803,0.2567000091075897
YPL212C,YDR072C,0,-4.859902,0.20248447358608246,0.6520000100135803,0.25679999589920044
YLL015W,YMR056C,0,-4.8602915,0.20242160558700562,0.6520000100135803,0.25690001249313354
YNL244C,YDL109C,0,-4.860325,0.20235878229141235,0.6520000100135803,0.25699999928474426
YER019W,YDR122W,0,-4.860606,0.20229600369930267,0.6520000100135803,0.257099986076355
YPL021W,YJL020C,0,-4.860714,0.20223325490951538,0.6520000100135803,0.2572000026702881
YGL236C,YKL032C,0,-4.860885,0.20217053592205048,0.6520000100135803,0.2572999894618988
YMR001C,YGR175C,0,-4.8609495,0.20210787653923035,0.6520000100135803,0.2574000060558319
YPR125W,YAR044W,0,-4.861137,0.2020452469587326,0.6520000100135803,0.2574999928474426
YMR075W,YLR165C,0,-4.8613286,0.20198264718055725,0.6520000100135803,0.25760000944137573
YKL206C,YJL058C,0,-4.8617315,0.20192009210586548,0.6520000100135803,0.25769999623298645
YJR047C,YDR356W,0,-4.8619995,0.2018575817346573,0.6520000100135803,0.25780001282691956
YCR080W,YMR156C,0,-4.862586,0.20179511606693268,0.6520000100135803,0.2578999996185303
YDR378C,YDL175C,1,-4.8631043,0.20204207301139832,0.652999997138977,0.2578999996185303
YJR160C,YBL005W-A,0,-4.863175,0.2019795924425125,0.652999997138977,0.257999986410141
YFL018W-A,YJR021C,0,-4.8634224,0.2019171267747879,0.652999997138977,0.2581000030040741
YJL012C-A,YDR217C,0,-4.864137,0.20185472071170807,0.652999997138977,0.2581999897956848
YER177W,YBR158W,0,-4.8644376,0.20179232954978943,0.652999997138977,0.2583000063896179
YJR028W,YJL141C,0,-4.864439,0.20172999799251556,0.652999997138977,0.25839999318122864
YBR211C,YGL172W,0,-4.8646584,0.2016676962375641,0.652999997138977,0.25850000977516174
YER162C,YBR211C,0,-4.864796,0.2016054391860962,0.652999997138977,0.25859999656677246
YBR081C,YCR055C,0,-4.864849,0.20154321193695068,0.652999997138977,0.25870001316070557
YFL002W-A,YNL314W,0,-4.864927,0.20148102939128876,0.652999997138977,0.2587999999523163
YKR054C,YPL212C,0,-4.8649535,0.20141887664794922,0.652999997138977,0.258899986743927
YOR288C,YDR225W,0,-4.865062,0.20135676860809326,0.652999997138977,0.2590000033378601
YNL279W,YPR119W,0,-4.8656707,0.2012947052717209,0.652999997138977,0.2590999901294708
YGL257C,YIL035C,0,-4.8657727,0.2012326717376709,0.652999997138977,0.25920000672340393
YML127W,YBR129C,0,-4.8660426,0.2011706680059433,0.652999997138977,0.25929999351501465
YPR031W,YLR215C,0,-4.866487,0.20110870897769928,0.652999997138977,0.25940001010894775
YNL084C,YMR011W,0,-4.8666005,0.20104679465293884,0.652999997138977,0.25949999690055847
YNL062C,YOR162C,0,-4.866929,0.200984925031662,0.652999997138977,0.2596000134944916
YDR002W,YMR190C,0,-4.867505,0.20092307031154633,0.652999997138977,0.2597000002861023
YMR260C,YLL036C,0,-4.867995,0.20086127519607544,0.652999997138977,0.259799987077713
YLL024C,YER003C,0,-4.868162,0.20079950988292694,0.652999997138977,0.2599000036716461
YLR190W,YGR216C,0,-4.868237,0.20073777437210083,0.652999997138977,0.25999999046325684
YDR341C,YNR026C,0,-4.868352,0.2006760835647583,0.652999997138977,0.26010000705718994
YHL040C,YOL076W,0,-4.8686223,0.20061443746089935,0.652999997138977,0.26019999384880066
YCL066W,YDR143C,0,-4.8691363,0.2005528211593628,0.652999997138977,0.26030001044273376
YBR211C,YKL020C,0,-4.8691816,0.20049124956130981,0.652999997138977,0.2603999972343445
YGL229C,YGR090W,0,-4.869936,0.20042970776557922,0.652999997138977,0.2605000138282776
YLR223C,YKL150W,0,-4.870013,0.20036821067333221,0.652999997138977,0.2606000006198883
YOR123C,YOL005C,0,-4.870516,0.2003067433834076,0.652999997138977,0.260699987411499
YDR219C,YNR030W,0,-4.87137,0.20024532079696655,0.652999997138977,0.26080000400543213
YHR039C-B,YAL001C,0,-4.8714833,0.2001839429140091,0.652999997138977,0.26089999079704285
YBR130C,YBR081C,0,-4.8715334,0.20012257993221283,0.652999997138977,0.26100000739097595
YLR136C,YPL029W,1,-4.871912,0.20036764442920685,0.6539999842643738,0.26100000739097595
YPR033C,YDR298C,0,-4.8719807,0.20030628144741058,0.6539999842643738,0.26109999418258667
YJL053W,YNL314W,0,-4.872092,0.2002449482679367,0.6539999842643738,0.2612000107765198
YLR022C,YER013W,0,-4.872094,0.2001836597919464,0.6539999842643738,0.2612999975681305
YCR044C,YFL035C,0,-4.872173,0.2001224011182785,0.6539999842643738,0.2614000141620636
YER138C,YOL072W,0,-4.872358,0.20006118714809418,0.6539999842643738,0.2615000009536743
YMR284W,YFL002W-A,0,-4.8729014,0.20000000298023224,0.6539999842643738,0.26159998774528503
YLR129W,YHR090C,0,-4.8735676,0.19993886351585388,0.6539999842643738,0.26170000433921814
YLR363C,YLR398C,1,-4.8737106,0.20018337666988373,0.6549999713897705,0.26170000433921814
YJL138C,YGL029W,0,-4.8745246,0.20012220740318298,0.6549999713897705,0.26179999113082886
YOR011W,YOL148C,0,-4.8745456,0.20006108283996582,0.6549999713897705,0.26190000772476196
YLR035C-A,YJL019W,0,-4.874708,0.20000000298023224,0.6549999713897705,0.2619999945163727
YOL034W,YBL018C,0,-4.8748217,0.19993895292282104,0.6549999713897705,0.2621000111103058
YMR211W,YML033W,0,-4.8748984,0.19987793266773224,0.6549999713897705,0.2621999979019165
YPL040C,YDR025W,0,-4.874929,0.19981695711612701,0.6549999713897705,0.2623000144958496
YPR137W,YJL095W,0,-4.8749347,0.19975602626800537,0.6549999713897705,0.2624000012874603
YDR030C,YAL026C,0,-4.875129,0.19969512522220612,0.6549999713897705,0.26249998807907104
YHR084W,YBR089C-A,0,-4.8751893,0.19963425397872925,0.6549999713897705,0.26260000467300415
YGL222C,YDR172W,1,-4.8752923,0.19987812638282776,0.656000018119812,0.26260000467300415
YJL124C,YLL013C,1,-4.8753014,0.20012183487415314,0.6570000052452087,0.26260000467300415
YBL022C,YDL093W,0,-4.8757367,0.2000609040260315,0.6570000052452087,0.26269999146461487
YBR133C,YOR372C,0,-4.875744,0.20000000298023224,0.6570000052452087,0.262800008058548
YLL036C,YHR200W,0,-4.875884,0.19993913173675537,0.6570000052452087,0.2628999948501587
YDR103W,YBL041W,0,-4.876102,0.19987830519676208,0.6570000052452087,0.2630000114440918
YMR231W,YLR337W,0,-4.8761754,0.19981752336025238,0.6570000052452087,0.2630999982357025
YMR305C,YGL058W,0,-4.8763795,0.19975677132606506,0.6570000052452087,0.2632000148296356
YOL139C,YKL149C,1,-4.8768806,0.20000000298023224,0.6579999923706055,0.2632000148296356
YOL094C,YCL062W,0,-4.877058,0.19993922114372253,0.6579999923706055,0.26330000162124634
YLR133W,YKL130C,0,-4.877142,0.1998784989118576,0.6579999923706055,0.26339998841285706
YML065W,YGL027C,0,-4.8772306,0.19981779158115387,0.6579999923706055,0.26350000500679016
YNL084C,YNL288W,0,-4.877886,0.19975712895393372,0.6579999923706055,0.2635999917984009
YMR229C,YJR086W,0,-4.8780956,0.19969651103019714,0.6579999923706055,0.263700008392334
YDR311W,YIL080W,0,-4.8784575,0.19963592290878296,0.6579999923706055,0.2637999951839447
YPR078C,YNL213C,0,-4.878638,0.19957536458969116,0.6579999923706055,0.2639000117778778
YBL018C,YDR046C,0,-4.8786397,0.19951485097408295,0.6579999923706055,0.2639999985694885
YCL019W,YKL016C,0,-4.878923,0.1994543820619583,0.6579999923706055,0.26409998536109924
YBR060C,YLR145W,0,-4.8789306,0.19939394295215607,0.6579999923706055,0.26420000195503235
YGL035C,YKR008W,0,-4.8789806,0.1993335336446762,0.6579999923706055,0.26429998874664307
YJR158W,YMR058W,0,-4.8797574,0.19927316904067993,0.6579999923706055,0.26440000534057617
YDR013W,YDL190C,0,-4.879908,0.19921283423900604,0.6579999923706055,0.2644999921321869
YDL245C,YDR151C,0,-4.8800583,0.19915254414081573,0.6579999923706055,0.26460000872612
YKR009C,YJL204C,0,-4.8802595,0.19909228384494781,0.6579999923706055,0.2646999955177307
YKL054C,YHR157W,0,-4.880309,0.19903206825256348,0.6579999923706055,0.2648000121116638
YNL118C,YCR077C,1,-4.8803577,0.19927427172660828,0.6589999794960022,0.2648000121116638
YHR060W,YIL061C,0,-4.880818,0.19921402633190155,0.6589999794960022,0.26489999890327454
YNL008C,YML061C,0,-4.880952,0.1991538256406784,0.6589999794960022,0.26499998569488525
YGL014W,YDL165W,1,-4.881097,0.1993957757949829,0.6600000262260437,0.26499998569488525
YGR252W,YJR135W-A,0,-4.881289,0.19933554530143738,0.6600000262260437,0.26510000228881836
YCL019W,YKR008W,0,-4.881355,0.19927535951137543,0.6600000262260437,0.2651999890804291
YCL075W,YOR150W,0,-4.881612,0.19921521842479706,0.6600000262260437,0.2653000056743622
YGL116W,YCL020W,0,-4.8819,0.19915509223937988,0.6600000262260437,0.2653999924659729
YPL082C,YKL011C,0,-4.8823094,0.19909502565860748,0.6600000262260437,0.265500009059906
YBR193C,YFR021W,0,-4.8823156,0.19903498888015747,0.6600000262260437,0.2655999958515167
YNL133C,YNR046W,0,-4.882414,0.19897498190402985,0.6600000262260437,0.26570001244544983
YCR028C,YOR240W,0,-4.8824396,0.1989150047302246,0.6600000262260437,0.26579999923706055
YMR264W,YLR182W,0,-4.8828716,0.19885507225990295,0.6600000262260437,0.26589998602867126
YMR011W,YCL016C,0,-4.882872,0.19879518449306488,0.6600000262260437,0.26600000262260437
YIR006C,YMR134W,0,-4.883129,0.1987353265285492,0.6600000262260437,0.2660999894142151
YDR311W,YGL033W,0,-4.8833256,0.1986754983663559,0.6600000262260437,0.2662000060081482
YBR060C,YJL117W,0,-4.883417,0.19861571490764618,0.6600000262260437,0.2662999927997589
YKL110C,YER129W,0,-4.8835387,0.19855596125125885,0.6600000262260437,0.266400009393692
YGL020C,YLR385C,0,-4.8842945,0.1984962373971939,0.6600000262260437,0.26649999618530273
YIL117C,YDR052C,0,-4.8844514,0.19843655824661255,0.6600000262260437,0.26660001277923584
YGL014W,YJL140W,1,-4.8846154,0.19867748022079468,0.6610000133514404,0.26660001277923584
YLR003C,YLR360W,0,-4.8850794,0.19861778616905212,0.6610000133514404,0.26669999957084656
YGL168W,YNL216W,0,-4.8852577,0.19855812191963196,0.6610000133514404,0.2667999863624573
YDR221W,YDR311W,0,-4.8852763,0.19849850237369537,0.6610000133514404,0.2669000029563904
YOL142W,YAL021C,1,-4.8857775,0.19873911142349243,0.6620000004768372,0.2669000029563904
YFL035C-A,YEL019C,0,-4.8859887,0.19867947697639465,0.6620000004768372,0.2669999897480011
YOR310C,YBR207W,0,-4.886183,0.19861985743045807,0.6620000004768372,0.2671000063419342
YIL062C,YPL239W,0,-4.886615,0.19856028258800507,0.6620000004768372,0.2671999931335449
YML124C,YCL020W,0,-4.8866577,0.19850075244903564,0.6620000004768372,0.267300009727478
YBR236C,YGR055W,0,-4.886851,0.1984412521123886,0.6620000004768372,0.26739999651908875
YDR382W,YAR007C,0,-4.886898,0.19838178157806396,0.6620000004768372,0.26750001311302185
YPR107C,YBL074C,0,-4.8870687,0.1983223557472229,0.6620000004768372,0.26759999990463257
YHR094C,YFR004W,0,-4.887558,0.19826295971870422,0.6620000004768372,0.2676999866962433
YGR171C,YDR414C,0,-4.8877473,0.19820359349250793,0.6620000004768372,0.2678000032901764
YOR083W,YPR144C,0,-4.8880386,0.19814427196979523,0.6620000004768372,0.2678999900817871
YCR020C,YDR247W,0,-4.888281,0.1980849802494049,0.6620000004768372,0.2680000066757202
YFR004W,YOR180C,0,-4.8885174,0.19802571833133698,0.6620000004768372,0.26809999346733093
YDR200C,YJR027W,0,-4.8885202,0.19796650111675262,0.6620000004768372,0.26820001006126404
YPL193W,YGL167C,0,-4.88903,0.19790732860565186,0.6620000004768372,0.26829999685287476
YBR247C,YBR133C,0,-4.88905,0.19784817099571228,0.6620000004768372,0.26840001344680786
YER061C,YLR369W,0,-4.889085,0.1977890580892563,0.6620000004768372,0.2685000002384186
YCR033W,YKL028W,0,-4.8894453,0.19772998988628387,0.6620000004768372,0.2685999870300293
YMR184W,YBR110W,0,-4.8896775,0.19767095148563385,0.6620000004768372,0.2687000036239624
YDR131C,YNL329C,0,-4.8897533,0.1976119428873062,0.6620000004768372,0.2687999904155731
YAL009W,YML039W,0,-4.8898196,0.19755296409130096,0.6620000004768372,0.2689000070095062
YJL026W,YDR179C,0,-4.8899155,0.1974940299987793,0.6620000004768372,0.26899999380111694
YLR293C,YLR126C,0,-4.8902006,0.19743512570858002,0.6620000004768372,0.26910001039505005
YIL123W,YML064C,0,-4.890213,0.19737626612186432,0.6620000004768372,0.26919999718666077
YDR143C,YAR008W,0,-4.8902283,0.197317436337471,0.6620000004768372,0.26930001378059387
YGR085C,YOR195W,0,-4.890259,0.19725863635540009,0.6620000004768372,0.2694000005722046
YDR254W,YBR004C,0,-4.890648,0.19719988107681274,0.6620000004768372,0.2694999873638153
YNL279W,YGL017W,0,-4.8907046,0.1971411556005478,0.6620000004768372,0.2696000039577484
YIL033C,YJL187C,0,-4.890838,0.19708245992660522,0.6620000004768372,0.26969999074935913
YHR204W,YNL262W,0,-4.8915195,0.19702380895614624,0.6620000004768372,0.26980000734329224
YMR033W,YNL102W,0,-4.8915496,0.19696518778800964,0.6620000004768372,0.26989999413490295
YPL026C,YBR110W,0,-4.891572,0.19690659642219543,0.6620000004768372,0.27000001072883606
YMR204C,YML127W,0,-4.891812,0.1968480497598648,0.6620000004768372,0.2700999975204468
YGR216C,YNR011C,0,-4.891861,0.19678953289985657,0.6620000004768372,0.2702000141143799
YIL030C,YFL035C,0,-4.891945,0.1967310607433319,0.6620000004768372,0.2703000009059906
YNL282W,YFL002W-A,0,-4.891982,0.19667260348796844,0.6620000004768372,0.2703999876976013
YER174C,YGL046W,0,-4.8923187,0.19661419093608856,0.6620000004768372,0.2705000042915344
YPR036W,YJL112W,0,-4.8923416,0.19655582308769226,0.6620000004768372,0.27059999108314514
YGL112C,YIL080W,0,-4.8925586,0.19649747014045715,0.6620000004768372,0.27070000767707825
YBR133C,YHR206W,0,-4.893319,0.19643916189670563,0.6620000004768372,0.27079999446868896
YGL038C,YOL100W,0,-4.8935685,0.19638089835643768,0.6620000004768372,0.27090001106262207
YGR274C,YPL193W,0,-4.8938303,0.19632266461849213,0.6620000004768372,0.2709999978542328
YKL059C,YNR003C,0,-4.894192,0.19626444578170776,0.6620000004768372,0.2711000144481659
YJL018W,YFR021W,0,-4.894283,0.19620628654956818,0.6620000004768372,0.2712000012397766
YDL175C,YCR077C,1,-4.8943777,0.19644445180892944,0.6629999876022339,0.2712000012397766
YML126C,YOL039W,0,-4.894482,0.19638626277446747,0.6629999876022339,0.27129998803138733
YKL041W,YEL069C,0,-4.894885,0.19632810354232788,0.6629999876022339,0.27140000462532043
YLR181C,YNL102W,0,-4.895591,0.19626998901367188,0.6629999876022339,0.27149999141693115
YKL020C,YDR301W,0,-4.8957024,0.19621190428733826,0.6629999876022339,0.27160000801086426
YCL029C,YPL092W,0,-4.8957615,0.19615384936332703,0.6629999876022339,0.271699994802475
YMR319C,YOR294W,0,-4.895831,0.19609582424163818,0.6629999876022339,0.2718000113964081
YDR320C-A,YHR084W,0,-4.895896,0.19603784382343292,0.6629999876022339,0.2718999981880188
YBR159W,YBR298C,0,-4.8959403,0.19597989320755005,0.6629999876022339,0.2720000147819519
YPR138C,YPR010C,0,-4.8960953,0.19592198729515076,0.6629999876022339,0.2721000015735626
YNR075W,YOR035C,0,-4.896176,0.19586411118507385,0.6629999876022339,0.27219998836517334
YBL088C,YCL034W,0,-4.8961916,0.19580626487731934,0.6629999876022339,0.27230000495910645
YCL075W,YOR120W,0,-4.896437,0.1957484483718872,0.6629999876022339,0.27239999175071716
YFL035C-A,YGR047C,0,-4.8968825,0.19569067656993866,0.6629999876022339,0.27250000834465027
YOR231W,YER129W,0,-4.8971643,0.1956329345703125,0.6629999876022339,0.272599995136261
YDR054C,YIR010W,0,-4.897172,0.19557522237300873,0.6629999876022339,0.2727000117301941
YHL003C,YJL091C,0,-4.8973103,0.19551753997802734,0.6629999876022339,0.2727999985218048
YCL074W,YNL070W,0,-4.897402,0.19545990228652954,0.6629999876022339,0.2728999853134155
YBR214W,YOR032C,0,-4.8981338,0.19540229439735413,0.6629999876022339,0.27300000190734863
YER112W,YCR077C,1,-4.8981833,0.19563935697078705,0.6639999747276306,0.27300000190734863
YGL090W,YER160C,0,-4.8985615,0.19558173418045044,0.6639999747276306,0.27309998869895935
YGL222C,YDL111C,1,-4.898605,0.19581860303878784,0.6650000214576721,0.27309998869895935
YHR172W,YGL025C,0,-4.899173,0.19576096534729004,0.6650000214576721,0.27320000529289246
YGR171C,YBR129C,0,-4.899749,0.19570335745811462,0.6650000214576721,0.2732999920845032
YER045C,YCL020W,0,-4.8998284,0.1956457793712616,0.6650000214576721,0.2734000086784363
YOR287C,YLR394W,0,-4.900056,0.19558823108673096,0.6650000214576721,0.273499995470047
YDR412W,YML007W,0,-4.9002895,0.1955307275056839,0.6650000214576721,0.2736000120639801
YHR123W,YKR039W,0,-4.9003873,0.19547325372695923,0.6650000214576721,0.2736999988555908
YML039W,YCL024W,0,-4.9004536,0.19541580975055695,0.6650000214576721,0.27379998564720154
YLR451W,YDR481C,0,-4.9005117,0.19535839557647705,0.6650000214576721,0.27390000224113464
YOR151C,YOL127W,0,-4.9007664,0.19530102610588074,0.6650000214576721,0.27399998903274536
YER049W,YIL079C,1,-4.9008627,0.1955372840166092,0.6660000085830688,0.27399998903274536
YML038C,YMR078C,0,-4.901082,0.19547989964485168,0.6660000085830688,0.27410000562667847
YCR086W,YGL201C,0,-4.901086,0.19542253017425537,0.6660000085830688,0.2741999924182892
YBR026C,YNL159C,0,-4.9014254,0.19536520540714264,0.6660000085830688,0.2743000090122223
YOL128C,YCL063W,0,-4.901452,0.1953079104423523,0.6660000085830688,0.274399995803833
YKL173W,YKL160W,0,-4.9014807,0.19525066018104553,0.6660000085830688,0.2745000123977661
YOR087W,YBR154C,0,-4.901518,0.19519343972206116,0.6660000085830688,0.27459999918937683
YNL156C,YML043C,0,-4.9017997,0.19513624906539917,0.6660000085830688,0.27469998598098755
YCL027W,YMR156C,0,-4.9020667,0.19507908821105957,0.6660000085830688,0.27480000257492065
YGL020C,YBR091C,0,-4.902093,0.19502195715904236,0.6660000085830688,0.27489998936653137
YDL077C,YLR007W,0,-4.9021845,0.19496487081050873,0.6660000085830688,0.2750000059604645
YLR357W,YPR019W,0,-4.9024615,0.19490781426429749,0.6660000085830688,0.2750999927520752
YLR304C,YML093W,0,-4.902596,0.19485078752040863,0.6660000085830688,0.2752000093460083
YLR316C,YIL030C,0,-4.902893,0.19479380548000336,0.6660000085830688,0.275299996137619
YFL010W-A,YPL089C,0,-4.9029503,0.19473683834075928,0.6660000085830688,0.2754000127315521
YGL058W,YGL046W,0,-4.902954,0.19467991590499878,0.6660000085830688,0.27549999952316284
YNR001C,YGL150C,0,-4.9033175,0.19462302327156067,0.6660000085830688,0.27559998631477356
YGL229C,YKL150W,0,-4.9033375,0.19456617534160614,0.6660000085830688,0.27570000290870667
YBR060C,YDR296W,0,-4.9033947,0.1945093423128128,0.6660000085830688,0.2757999897003174
YIL030C,YJR052W,0,-4.903794,0.19445255398750305,0.6660000085830688,0.2759000062942505
YJL050W,YLL013C,1,-4.9042363,0.19468767940998077,0.6669999957084656,0.2759000062942505
YPL117C,YPR171W,0,-4.9044356,0.19463087618350983,0.6669999957084656,0.2759999930858612
YBR247C,YPR112C,0,-4.9045305,0.19457410275936127,0.6669999957084656,0.2761000096797943
YGL090W,YOL100W,0,-4.9045453,0.1945173591375351,0.6669999957084656,0.27619999647140503
YDR317W,YGR211W,0,-4.9046793,0.1944606453180313,0.6669999957084656,0.27630001306533813
YDR485C,YDR083W,0,-4.9052315,0.19440396130084991,0.6669999957084656,0.27639999985694885
YBR127C,YGL068W,0,-4.9053507,0.1943473219871521,0.6669999957084656,0.27649998664855957
YOR043W,YHR206W,0,-4.905848,0.19429071247577667,0.6669999957084656,0.2766000032424927
YDR076W,YDL181W,0,-4.9058886,0.19423413276672363,0.6669999957084656,0.2766999900341034
YOR201C,YBR243C,0,-4.9065027,0.19417758285999298,0.6669999957084656,0.2768000066280365
YDR131C,YPR007C,0,-4.9067492,0.1941210776567459,0.6669999957084656,0.2768999934196472
YBL097W,YDL236W,0,-4.9067736,0.19406458735466003,0.6669999957084656,0.2770000100135803
YEL015W,YDL160C,1,-4.9074035,0.19429901242256165,0.6679999828338623,0.2770000100135803
YLR265C,YBL005W-A,0,-4.9078565,0.19424250721931458,0.6679999828338623,0.27709999680519104
YER138C,YKL190W,0,-4.9078865,0.1941860467195511,0.6679999828338623,0.27720001339912415
YGR145W,YKL134C,0,-4.907981,0.19412961602210999,0.6679999828338623,0.27730000019073486
YOL128C,YOR313C,0,-4.9084926,0.19407321512699127,0.6679999828338623,0.2773999869823456
YDR240C,YOR120W,0,-4.9087963,0.19401684403419495,0.6679999828338623,0.2775000035762787
YBR186W,YMR288W,0,-4.909019,0.1939605176448822,0.6679999828338623,0.2775999903678894
YGR145W,YPR010C,0,-4.909113,0.19390420615673065,0.6679999828338623,0.2777000069618225
YDR418W,YPR173C,0,-4.9094486,0.19384793937206268,0.6679999828338623,0.2777999937534332
YOR069W,YFL011W-A,0,-4.9094696,0.1937917023897171,0.6679999828338623,0.27790001034736633
YCR034W,YMR112C,0,-4.9101744,0.1937354952096939,0.6679999828338623,0.27799999713897705
YDR483W,YGR078C,0,-4.910181,0.1936793327331543,0.6679999828338623,0.27810001373291016
YMR290C,YOR136W,0,-4.9104204,0.19362318515777588,0.6679999828338623,0.2782000005245209
YDR330W,YFL022C,0,-4.910923,0.19356708228588104,0.6679999828338623,0.2782999873161316
YDR418W,YNL025C,0,-4.9110413,0.1935110092163086,0.6679999828338623,0.2784000039100647
YGL222C,YHR077C,1,-4.9113917,0.19374457001686096,0.6690000295639038,0.2784000039100647
YLR332W,YDR545W,0,-4.9115086,0.19368848204612732,0.6690000295639038,0.2784999907016754
YBL100W-A,YPR001W,0,-4.9115415,0.19363242387771606,0.6690000295639038,0.2786000072956085
YNL161W,YER051W,0,-4.9116993,0.1935763955116272,0.6690000295639038,0.27869999408721924
YPL188W,YOR210W,0,-4.911763,0.19352039694786072,0.6690000295639038,0.27880001068115234
YKL208W,YBL075C,0,-4.9120812,0.19346442818641663,0.6690000295639038,0.27889999747276306
YJL065C,YKL213C,0,-4.912239,0.19340850412845612,0.6690000295639038,0.27900001406669617
YLL024C,YBR107C,0,-4.912256,0.1933525949716568,0.6690000295639038,0.2791000008583069
YNR016C,YER032W,0,-4.9127135,0.19329673051834106,0.6690000295639038,0.2791999876499176
YJR089W,YBL071W-A,0,-4.9127626,0.19324089586734772,0.6690000295639038,0.2793000042438507
YIL038C,YAL021C,1,-4.912854,0.19347386062145233,0.6700000166893005,0.2793000042438507
YIL021W,YJR040W,0,-4.9132786,0.1934180110692978,0.6700000166893005,0.2793999910354614
YDR437W,YDR487C,0,-4.9132805,0.19336219131946564,0.6700000166893005,0.27950000762939453
YCL063W,YGL181W,0,-4.9137483,0.19330640137195587,0.6700000166893005,0.27959999442100525
YJL018W,YPR081C,0,-4.9139223,0.1932506561279297,0.6700000166893005,0.27970001101493835
YOR032C,YKL052C,0,-4.9141145,0.1931949257850647,0.6700000166893005,0.2797999978065491
YJR135C,YPL170W,0,-4.9142256,0.1931392401456833,0.6700000166893005,0.2799000144004822
YOR288C,YJR002W,0,-4.914341,0.19308356940746307,0.6700000166893005,0.2800000011920929
YOL006C,YLR035C-A,0,-4.914499,0.19302794337272644,0.6700000166893005,0.2800999879837036
YJR120W,YPL050C,0,-4.91484,0.1929723471403122,0.6700000166893005,0.2802000045776367
YNL231C,YJL012C-A,0,-4.914855,0.19291678071022034,0.6700000166893005,0.28029999136924744
YCL008C,YGL163C,0,-4.9151697,0.19286125898361206,0.6700000166893005,0.28040000796318054
YDL213C,YLR126C,0,-4.9152155,0.19280575215816498,0.6700000166893005,0.28049999475479126
YML075C,YLL008W,0,-4.9152927,0.19275029003620148,0.6700000166893005,0.28060001134872437
YGL093W,YNL064C,0,-4.9153137,0.19269485771656036,0.6700000166893005,0.2806999981403351
YIR021W,YMR177W,0,-4.915415,0.19263945519924164,0.6700000166893005,0.2808000147342682
YOR014W,YIL053W,0,-4.915551,0.1925840824842453,0.6700000166893005,0.2809000015258789
YOL117W,YML093W,0,-4.9157057,0.19252873957157135,0.6700000166893005,0.2809999883174896
YOR047C,YGR169C,0,-4.915752,0.1924734264612198,0.6700000166893005,0.28110000491142273
YDL029W,YNL001W,0,-4.9157844,0.1924181431531906,0.6700000166893005,0.28119999170303345
YOR110W,YOR224C,0,-4.915801,0.19236290454864502,0.6700000166893005,0.28130000829696655
YCR034W,YOR110W,0,-4.915949,0.19230769574642181,0.6700000166893005,0.28139999508857727
YOL020W,YJR144W,0,-4.916536,0.192252516746521,0.6700000166893005,0.2815000116825104
YHR154W,YDR071C,0,-4.9166512,0.19219736754894257,0.6700000166893005,0.2815999984741211
YDL042C,YPL037C,0,-4.9167004,0.19214224815368652,0.6700000166893005,0.2816999852657318
YCR057C,YBR048W,0,-4.9168158,0.19208715856075287,0.6700000166893005,0.2818000018596649
YBR048W,YGR055W,0,-4.9168863,0.1920320987701416,0.6700000166893005,0.28189998865127563
YDR470C,YDR365C,0,-4.91717,0.19197708368301392,0.6700000166893005,0.28200000524520874
YPR163C,YMR022W,0,-4.917806,0.19192208349704742,0.6700000166893005,0.28209999203681946
YDR126W,YPL164C,0,-4.9182367,0.19186712801456451,0.6700000166893005,0.28220000863075256
YKR095W-A,YML123C,0,-4.9182825,0.191812202334404,0.6700000166893005,0.2822999954223633
YKL088W,YLR071C,0,-4.9187193,0.19175729155540466,0.6700000166893005,0.2824000120162964
YLL018C-A,YCL020W,0,-4.918793,0.19170242547988892,0.6700000166893005,0.2824999988079071
YLR330W,YNL136W,0,-4.918813,0.19164760410785675,0.6700000166893005,0.2825999855995178
YLR219W,YOR035C,0,-4.9189925,0.19159279763698578,0.6700000166893005,0.2827000021934509
YMR263W,YDR040C,0,-4.918993,0.1915380209684372,0.6700000166893005,0.28279998898506165
YPL159C,YDR508C,0,-4.9192657,0.191483274102211,0.6700000166893005,0.28290000557899475
YDR221W,YCL019W,0,-4.9196496,0.19142857193946838,0.6700000166893005,0.28299999237060547
YBR133C,YOR137C,0,-4.9198303,0.19137389957904816,0.6700000166893005,0.2831000089645386
YKR066C,YDR517W,0,-4.919957,0.19131924211978912,0.6700000166893005,0.2831999957561493
YOL115W,YLL013C,1,-4.920106,0.1915501058101654,0.6710000038146973,0.2831999957561493
YOR061W,YKR007W,0,-4.9204087,0.19149543344974518,0.6710000038146973,0.2833000123500824
YDR523C,YOR078W,0,-4.9204187,0.19144080579280853,0.6710000038146973,0.2833999991416931
YGL066W,YGL225W,0,-4.9205384,0.19138619303703308,0.6710000038146973,0.28349998593330383
YIL030C,YDR081C,0,-4.920716,0.1913316249847412,0.6710000038146973,0.28360000252723694
YGL222C,YHR081W,1,-4.92117,0.19156214594841003,0.671999990940094,0.28360000252723694
YBR119W,YLR034C,0,-4.9214163,0.19150754809379578,0.671999990940094,0.28369998931884766
YER190W,YMR135C,0,-4.921463,0.1914529949426651,0.671999990940094,0.28380000591278076
YER142C,YDR005C,0,-4.921572,0.19139845669269562,0.671999990940094,0.2838999927043915
YNL142W,YGL236C,0,-4.921698,0.19134396314620972,0.671999990940094,0.2840000092983246
YOL093W,YDR093W,0,-4.9217343,0.1912894994020462,0.671999990940094,0.2840999960899353
YOR078W,YAL040C,0,-4.921924,0.19123506546020508,0.671999990940094,0.2842000126838684
YDR214W,YDR183W,0,-4.921925,0.19118066132068634,0.671999990940094,0.2842999994754791
YOL147C,YDL159W,0,-4.9220266,0.19112628698349,0.671999990940094,0.28439998626708984
YFL034C-B,YIL121W,0,-4.9223447,0.19107194244861603,0.671999990940094,0.28450000286102295
YLR277C,YFL016C,0,-4.9226236,0.19101762771606445,0.671999990940094,0.28459998965263367
YOR265W,YER100W,0,-4.922637,0.19096334278583527,0.671999990940094,0.2847000062465668
YFL004W,YCL075W,0,-4.9227533,0.19090908765792847,0.671999990940094,0.2847999930381775
YJL168C,YNL216W,0,-4.923463,0.19085487723350525,0.671999990940094,0.2849000096321106
YMR134W,YJR004C,0,-4.9235144,0.19080068171024323,0.671999990940094,0.2849999964237213
YNL164C,YMR312W,0,-4.9235263,0.1907465159893036,0.671999990940094,0.2851000130176544
YOR145C,YFR036W,0,-4.9238386,0.19069239497184753,0.671999990940094,0.28519999980926514
YNL145W,YKR083C,0,-4.9243145,0.19063830375671387,0.671999990940094,0.28529998660087585
YDR365C,YDR425W,0,-4.924329,0.1905842274427414,0.671999990940094,0.28540000319480896
YDL064W,YCL019W,0,-4.924375,0.1905301958322525,0.671999990940094,0.2854999899864197
YKL201C,YBR158W,0,-4.9245996,0.190476194024086,0.671999990940094,0.2856000065803528
YKL088W,YFL013C,0,-4.924627,0.19042222201824188,0.671999990940094,0.2856999933719635
YMR033W,YBR237W,0,-4.9246655,0.19036826491355896,0.671999990940094,0.2858000099658966
YPL082C,YDR036C,0,-4.9249825,0.19031435251235962,0.671999990940094,0.2858999967575073
YML099C,YLR201C,0,-4.9250546,0.19026046991348267,0.671999990940094,0.28600001335144043
YNL116W,YBL100W-A,0,-4.925056,0.1902066171169281,0.671999990940094,0.28610000014305115
YCR020W-B,YBR260C,0,-4.9251156,0.19015279412269592,0.671999990940094,0.28619998693466187
YPL265W,YDR052C,0,-4.925148,0.19009901583194733,0.671999990940094,0.28630000352859497
YBL013W,YLR023C,0,-4.925319,0.19004525244235992,0.671999990940094,0.2863999903202057
YPR137W,YNR075W,0,-4.9255443,0.1899915188550949,0.671999990940094,0.2865000069141388
YCR020W-B,YJL002C,0,-4.9262085,0.18993781507015228,0.671999990940094,0.2865999937057495
YER051W,YJR144W,0,-4.926442,0.18988414108753204,0.671999990940094,0.2867000102996826
YOR172W,YHR070W,0,-4.9267445,0.18983051180839539,0.671999990940094,0.28679999709129333
YJL047C,YJR043C,0,-4.9267626,0.18977689743041992,0.671999990940094,0.28690001368522644
YJL198W,YDL230W,0,-4.9268546,0.18972331285476685,0.671999990940094,0.28700000047683716
YGL014W,YDR378C,1,-4.9271398,0.18995201587677002,0.6729999780654907,0.28700000047683716
YOR117W,YMR079W,0,-4.927213,0.18989841639995575,0.6729999780654907,0.2870999872684479
YPL234C,YER038C,0,-4.9273853,0.18984484672546387,0.6729999780654907,0.287200003862381
YJL018W,YOR103C,0,-4.927624,0.18979130685329437,0.6729999780654907,0.2872999906539917
YCL029C,YGL163C,0,-4.927852,0.18973781168460846,0.6729999780654907,0.2874000072479248
YIL079C,YLR136C,1,-4.9278812,0.18996617197990417,0.6740000247955322,0.2874000072479248
YMR231W,YFL003C,0,-4.9280024,0.18991264700889587,0.6740000247955322,0.2874999940395355
YOL017W,YFL026W,0,-4.9281616,0.18985915184020996,0.6740000247955322,0.28760001063346863
YNR053C,YDL059C,0,-4.928461,0.18980568647384644,0.6740000247955322,0.28769999742507935
YLR223C,YMR022W,0,-4.928672,0.1897522509098053,0.6740000247955322,0.28780001401901245
YOL105C,YPL089C,0,-4.928813,0.18969884514808655,0.6740000247955322,0.28790000081062317
YCR094W,YML040W,0,-4.9290595,0.18964546918869019,0.6740000247955322,0.2879999876022339
YIL114C,YDR469W,0,-4.9291387,0.1895921230316162,0.6740000247955322,0.288100004196167
YMR036C,YHR197W,0,-4.9292192,0.18953880667686462,0.6740000247955322,0.2881999909877777
YLR212C,YAL016W,0,-4.929449,0.18948552012443542,0.6740000247955322,0.2883000075817108
YPL093W,YMR038C,0,-4.929475,0.1894322633743286,0.6740000247955322,0.28839999437332153
YDL130W,YNL241C,0,-4.9299927,0.1893790364265442,0.6740000247955322,0.28850001096725464
YPR173C,YCL016C,0,-4.929999,0.18932583928108215,0.6740000247955322,0.28859999775886536
YHR039C-A,YOR201C,0,-4.930249,0.1892726719379425,0.6740000247955322,0.28870001435279846
YNL280C,YPR190C,0,-4.930269,0.18921953439712524,0.6740000247955322,0.2888000011444092
YDR517W,YGL096W,0,-4.930376,0.18916642665863037,0.6740000247955322,0.2888999879360199
YER162C,YJR027W,0,-4.9306555,0.18911334872245789,0.6740000247955322,0.289000004529953
YGR211W,YBR275C,0,-4.930656,0.18906031548976898,0.6740000247955322,0.2890999913215637
YLL024C,YDR227W,0,-4.930824,0.18900729715824127,0.6740000247955322,0.2892000079154968
YLR321C,YLR417W,0,-4.931409,0.18895430862903595,0.6740000247955322,0.28929999470710754
YBR159W,YIL010W,0,-4.9314346,0.18890134990215302,0.6740000247955322,0.28940001130104065
YGR217W,YOR344C,0,-4.931696,0.18884842097759247,0.6740000247955322,0.28949999809265137
YBL055C,YHR030C,0,-4.9318314,0.1887955218553543,0.6740000247955322,0.2896000146865845
YHR079C,YDL059C,0,-4.931888,0.18874265253543854,0.6740000247955322,0.2897000014781952
YIL144W,YLR022C,0,-4.9318914,0.18868981301784515,0.6740000247955322,0.2897999882698059
YJL012C-A,YPR010C,0,-4.931954,0.18863700330257416,0.6740000247955322,0.289900004863739
YDR317W,YDL198C,0,-4.9321265,0.18858422338962555,0.6740000247955322,0.28999999165534973
YFR024C,YJL170C,0,-4.932166,0.18853147327899933,0.6740000247955322,0.29010000824928284
YGR098C,YER168C,0,-4.9325523,0.1884787529706955,0.6740000247955322,0.29019999504089355
YHL036W,YBR070C,0,-4.932736,0.18842606246471405,0.6740000247955322,0.29030001163482666
YCL075W,YGL033W,0,-4.9327817,0.1883733868598938,0.6740000247955322,0.2903999984264374
YCL005W-A,YER025W,0,-4.932905,0.18832075595855713,0.6740000247955322,0.2904999852180481
YIR006C,YGL106W,0,-4.9329844,0.18826815485954285,0.6740000247955322,0.2906000018119812
YCR034W,YOR099W,0,-4.933335,0.18821558356285095,0.6740000247955322,0.2906999886035919
YDR378C,YAL021C,1,-4.933381,0.18844221532344818,0.675000011920929,0.2906999886035919
YPL011C,YNL302C,0,-4.9339256,0.1883896142244339,0.675000011920929,0.290800005197525
YJL012C-A,YMR042W,0,-4.9342003,0.1883370578289032,0.675000011920929,0.29089999198913574
YDR478W,YNL136W,0,-4.9346356,0.1882845163345337,0.675000011920929,0.29100000858306885
YOL063C,YER160C,0,-4.9346952,0.18823201954364777,0.675000011920929,0.29109999537467957
YEL020W-A,YKR037C,0,-4.93488,0.18817953765392303,0.675000011920929,0.29120001196861267
YMR087W,YLR399C,0,-4.9349446,0.1881270855665207,0.675000011920929,0.2912999987602234
YCR042C,YGL092W,0,-4.93509,0.18807467818260193,0.675000011920929,0.2913999855518341
YAR014C,YML061C,0,-4.9355507,0.18802228569984436,0.675000011920929,0.2915000021457672
YJR120W,YBR024W,0,-4.9358397,0.18796992301940918,0.675000011920929,0.29159998893737793
YDR191W,YOL034W,0,-4.9359255,0.1879175901412964,0.675000011920929,0.29170000553131104
YMR087W,YLR362W,0,-4.936067,0.18786528706550598,0.675000011920929,0.29179999232292175
YFL010W-A,YIL009W,0,-4.936227,0.18781302869319916,0.675000011920929,0.29190000891685486
YJR160C,YPL270W,0,-4.936345,0.18776078522205353,0.675000011920929,0.2919999957084656
YER018C,YKR056W,0,-4.936438,0.18770857155323029,0.675000011920929,0.2921000123023987
YPR031W,YML024W,0,-4.9370127,0.18765638768672943,0.675000011920929,0.2921999990940094
YGR085C,YGL004C,0,-4.9373,0.18760421872138977,0.675000011920929,0.2922999858856201
YPL180W,YIR017C,0,-4.937417,0.1875520944595337,0.675000011920929,0.2924000024795532
YML074C,YDR523C,0,-4.9376307,0.1875,0.675000011920929,0.29249998927116394
YNL272C,YLL036C,0,-4.937745,0.1874479353427887,0.675000011920929,0.29260000586509705
YLR113W,YAL003W,0,-4.9385767,0.1873958855867386,0.675000011920929,0.29269999265670776
YER177W,YMR272C,0,-4.938814,0.18734388053417206,0.675000011920929,0.29280000925064087
YMR231W,YKL016C,0,-4.939033,0.18729190528392792,0.675000011920929,0.2928999960422516
YML075C,YAR018C,0,-4.9390993,0.18723994493484497,0.675000011920929,0.2930000126361847
YEL050C,YOR198C,0,-4.9392357,0.1871880143880844,0.675000011920929,0.2930999994277954
YDL084W,YPR141C,0,-4.9392977,0.18713612854480743,0.675000011920929,0.29319998621940613
YHR005C,YBL079W,0,-4.939886,0.18708425760269165,0.675000011920929,0.29330000281333923
YDR126W,YGL090W,0,-4.940014,0.18703241646289825,0.675000011920929,0.29339998960494995
YJL219W,YPL089C,0,-4.9400735,0.18698060512542725,0.675000011920929,0.29350000619888306
YPR102C,YDR167W,0,-4.940608,0.18692882359027863,0.675000011920929,0.2935999929904938
YFL035C-A,YGR157W,0,-4.9411244,0.1868770718574524,0.675000011920929,0.2937000095844269
YDR341C,YER160C,0,-4.9417276,0.18682534992694855,0.675000011920929,0.2937999963760376
YDR481C,YGR024C,0,-4.9417496,0.1867736577987671,0.675000011920929,0.2939000129699707
YBL100W-A,YBR057C,0,-4.9420433,0.18672199547290802,0.675000011920929,0.2939999997615814
YER025W,YGL249W,0,-4.9424787,0.18667034804821014,0.675000011920929,0.29409998655319214
YJL139C,YNL314W,0,-4.943282,0.18661874532699585,0.675000011920929,0.29420000314712524
YOR315W,YPR125W,0,-4.943557,0.18656715750694275,0.675000011920929,0.29429998993873596
YFR024C,YOR315W,0,-4.9440165,0.18651561439037323,0.675000011920929,0.29440000653266907
YNL090W,YNL279W,0,-4.9441767,0.1864640861749649,0.675000011920929,0.2944999933242798
YIL017W,YAL016W,0,-4.944225,0.18641258776187897,0.675000011920929,0.2946000099182129
YBR058C-A,YLR451W,0,-4.9442763,0.18636111915111542,0.675000011920929,0.2946999967098236
YOR288C,YKR037C,0,-4.944283,0.18630969524383545,0.675000011920929,0.2948000133037567
YHR096C,YIL019W,0,-4.9445477,0.18625827133655548,0.675000011920929,0.29490000009536743
YOR074C,YDR023W,0,-4.94476,0.1862068921327591,0.675000011920929,0.29499998688697815
YOR173W,YMR234W,1,-4.9448953,0.18643133342266083,0.6759999990463257,0.29499998688697815
YBR012W-A,YGL192W,0,-4.94491,0.18637992441654205,0.6759999990463257,0.29510000348091125
YGL166W,YJL109C,0,-4.9453397,0.18632856011390686,0.6759999990463257,0.295199990272522
YJL106W,YKL043W,0,-4.945362,0.18627721071243286,0.6759999990463257,0.2953000068664551
YPR137W,YDR328C,0,-4.945876,0.18622589111328125,0.6759999990463257,0.2953999936580658
YJL008C,YNL102W,0,-4.9460797,0.18617460131645203,0.6759999990463257,0.2955000102519989
YOR123C,YCL075W,0,-4.946641,0.1861233413219452,0.6759999990463257,0.2955999970436096
YHR123W,YML064C,0,-4.9466534,0.18607211112976074,0.6759999990463257,0.2957000136375427
YOR233W,YHR143W-A,0,-4.9466705,0.18602091073989868,0.6759999990463257,0.29580000042915344
YDR098C,YDR495C,0,-4.9467626,0.185969740152359,0.6759999990463257,0.29589998722076416
YDR179C,YML032C,0,-4.946808,0.18591858446598053,0.6759999990463257,0.29600000381469727
YDR470C,YOL076W,0,-4.9468317,0.18586747348308563,0.6759999990463257,0.296099990606308
YML031W,YMR069W,0,-4.946848,0.18581637740135193,0.6759999990463257,0.2962000072002411
YGL244W,YDL198C,0,-4.946957,0.1857653260231018,0.6759999990463257,0.2962999939918518
YPR081C,YKL213C,0,-4.947299,0.18571428954601288,0.6759999990463257,0.2964000105857849
YLR332W,YDR177W,0,-4.9473004,0.18566328287124634,0.6759999990463257,0.29649999737739563
YOR085W,YFL035C,0,-4.9473176,0.18561230599880219,0.6759999990463257,0.29660001397132874
YJL167W,YJL092W,0,-4.947537,0.18556134402751923,0.6759999990463257,0.29670000076293945
YMR026C,YNL059C,0,-4.9475827,0.18551042675971985,0.6759999990463257,0.29679998755455017
YHL034C,YKR008W,0,-4.9481506,0.18545953929424286,0.6759999990463257,0.2969000041484833
YLR386W,YDL051W,0,-4.948262,0.18540866672992706,0.6759999990463257,0.296999990940094
YER036C,YEL003W,0,-4.948386,0.18535782396793365,0.6759999990463257,0.2971000075340271
YOL128C,YCR075C,0,-4.948394,0.18530701100826263,0.6759999990463257,0.2971999943256378
YLR045C,YLR272C,0,-4.9486766,0.185256227850914,0.6759999990463257,0.2973000109195709
YNL118C,YGL213C,1,-4.9488134,0.18547944724559784,0.6769999861717224,0.2973000109195709
YGL172W,YCL027W,0,-4.948892,0.185428649187088,0.6769999861717224,0.29739999771118164
YLR011W,YKR095W-A,0,-4.9490256,0.18537788093090057,0.6769999861717224,0.29750001430511475
YGR274C,YGR113W,0,-4.9492526,0.18532712757587433,0.6769999861717224,0.29760000109672546
YKL114C,YMR058W,0,-4.9492726,0.18527640402317047,0.6769999861717224,0.2976999878883362
YGR122W,YBR275C,0,-4.949331,0.1852257251739502,0.6769999861717224,0.2978000044822693
YDR295C,YGL219C,0,-4.949582,0.1851750612258911,0.6769999861717224,0.29789999127388
YDL166C,YCL074W,0,-4.949586,0.18512441217899323,0.6769999861717224,0.2980000078678131
YGR241C,YJL187C,0,-4.949676,0.18507380783557892,0.6769999861717224,0.29809999465942383
YLR133W,YDR364C,0,-4.9503026,0.185023233294487,0.6769999861717224,0.29820001125335693
YOR371C,YCR073C,0,-4.95039,0.18497267365455627,0.6769999861717224,0.29829999804496765
YDL029W,YNL123W,0,-4.9507303,0.18492215871810913,0.6769999861717224,0.29840001463890076
YJR019C,YLR035C-A,0,-4.9513483,0.18487165868282318,0.6769999861717224,0.2985000014305115
YOR250C,YML126C,0,-4.9515667,0.18482118844985962,0.6769999861717224,0.2985999882221222
YHR194W,YLR337W,0,-4.9517303,0.18477074801921844,0.6769999861717224,0.2987000048160553
YKL185W,YMR246W,0,-4.951853,0.18472032248973846,0.6769999861717224,0.298799991607666
YLR335W,YLR071C,0,-4.9519796,0.18466994166374207,0.6769999861717224,0.2989000082015991
YJR052W,YBR294W,0,-4.952456,0.18461957573890686,0.6769999861717224,0.29899999499320984
YML038C,YHR005C,0,-4.95253,0.18456925451755524,0.6769999861717224,0.29910001158714294
YJL145W,YPR141C,0,-4.952566,0.1845189481973648,0.6769999861717224,0.29919999837875366
YGL207W,YGL201C,0,-4.9527397,0.18446867167949677,0.6769999861717224,0.2992999851703644
YDR175C,YCL074W,0,-4.952743,0.18441841006278992,0.6769999861717224,0.2994000017642975
YPR104C,YJR043C,0,-4.952921,0.18436819314956665,0.6769999861717224,0.2994999885559082
YOR371C,YMR224C,0,-4.9532127,0.18431799113750458,0.6769999861717224,0.2996000051498413
YER049W,YLR270W,1,-4.9532537,0.1845400035381317,0.6779999732971191,0.2996000051498413
YGL245W,YDR477W,0,-4.953746,0.18448980152606964,0.6779999732971191,0.299699991941452
YLR035C,YJR059W,0,-4.954283,0.18443961441516876,0.6779999732971191,0.29980000853538513
YDR240C,YMR198W,0,-4.9545274,0.18438944220542908,0.6779999732971191,0.29989999532699585
YOR265W,YCR055C,0,-4.9545283,0.18433931469917297,0.6779999732971191,0.30000001192092896
YIR017C,YDR481C,0,-4.9546137,0.18428920209407806,0.6779999732971191,0.3000999987125397
YER003C,YDR460W,0,-4.954873,0.18423913419246674,0.6779999732971191,0.3001999855041504
YGL222C,YOR173W,1,-4.955138,0.18446074426174164,0.6790000200271606,0.3001999855041504
YNL047C,YIL056W,0,-4.9552593,0.18441064655780792,0.6790000200271606,0.3003000020980835
YKL025C,YOR320C,0,-4.9554324,0.1843605786561966,0.6790000200271606,0.3003999888896942
YBL019W,YBR212W,0,-4.9561887,0.18431052565574646,0.6790000200271606,0.3005000054836273
YPR102C,YGR134W,0,-4.956222,0.1842605173587799,0.6790000200271606,0.30059999227523804
YPR067W,YIL061C,0,-4.9565487,0.18421052396297455,0.6790000200271606,0.30070000886917114
YBR024W,YAR042W,0,-4.9566927,0.18416056036949158,0.6790000200271606,0.30079999566078186
YPR138C,YFL017W-A,0,-4.9570255,0.184110626578331,0.6790000200271606,0.30090001225471497
YGL257C,YML123C,0,-4.957554,0.1840607225894928,0.6790000200271606,0.3009999990463257
YEL034W,YLR079W,0,-4.957637,0.1840108335018158,0.6790000200271606,0.3010999858379364
YKL016C,YMR058W,0,-4.957659,0.18396098911762238,0.6790000200271606,0.3012000024318695
YHR039C-B,YDR507C,0,-4.9576645,0.18391115963459015,0.6790000200271606,0.3012999892234802
YLR340W,YBR129C,0,-4.9579015,0.1838613599538803,0.6790000200271606,0.30140000581741333
YKL088W,YPR007C,0,-4.958045,0.18381159007549286,0.6790000200271606,0.30149999260902405
YBR060C,YDR177W,0,-4.958048,0.1837618350982666,0.6790000200271606,0.30160000920295715
YDR285W,YJL018W,0,-4.9583654,0.18371212482452393,0.6790000200271606,0.30169999599456787
YML099C,YCL075W,0,-4.9585543,0.18366242945194244,0.6790000200271606,0.301800012588501
YOL093W,YOR249C,0,-4.9585953,0.18361276388168335,0.6790000200271606,0.3018999993801117
YDR004W,YDR545W,0,-4.9586563,0.18356312811374664,0.6790000200271606,0.3019999861717224
YGR004W,YBR290W,0,-4.958824,0.18351350724697113,0.6790000200271606,0.3021000027656555
YCL008C,YDR314C,0,-4.958907,0.1834639310836792,0.6790000200271606,0.30219998955726624
YNL206C,YBL005W-B,0,-4.95899,0.18341436982154846,0.6790000200271606,0.30230000615119934
YOR049C,YOL013C,0,-4.9590263,0.1833648383617401,0.6790000200271606,0.30239999294281006
YBR159W,YNL268W,0,-4.9590592,0.18331533670425415,0.6790000200271606,0.30250000953674316
YOL027C,YFL011W-A,0,-4.959319,0.18326584994792938,0.6790000200271606,0.3025999963283539
YOL128C,YDR256C,0,-4.9593306,0.1832164078950882,0.6790000200271606,0.302700012922287
YOR025W,YGL011C,0,-4.959334,0.1831669807434082,0.6790000200271606,0.3027999997138977
YER119C,YJR027W,0,-4.9594336,0.1831175833940506,0.6790000200271606,0.3028999865055084
YNL325C,YNL014W,0,-4.9594526,0.18306821584701538,0.6790000200271606,0.30300000309944153
YKL145W,YCL019W,0,-4.959456,0.18301886320114136,0.6790000200271606,0.30309998989105225
YIL153W,YPR154W,0,-4.9600487,0.18296955525875092,0.6790000200271606,0.30320000648498535
YDR098C,YDR425W,0,-4.960123,0.18292026221752167,0.6790000200271606,0.30329999327659607
YBR060C,YGL022W,0,-4.960348,0.1828709989786148,0.6790000200271606,0.3034000098705292
YJL073W,YOR194C,0,-4.9603767,0.18282175064086914,0.6790000200271606,0.3034999966621399
YGL206C,YKL139W,0,-4.9604597,0.18277254700660706,0.6790000200271606,0.303600013256073
YNR032W,YFL035C-A,0,-4.961177,0.18272335827350616,0.6790000200271606,0.3037000000476837
YOL117W,YBL039C,0,-4.961507,0.18267419934272766,0.6790000200271606,0.30379998683929443
YPL130W,YJL094C,0,-4.9617867,0.18262507021427155,0.6790000200271606,0.30390000343322754
YDR138W,YDR072C,0,-4.961837,0.18257595598697662,0.6790000200271606,0.30399999022483826
YFR027W,YOR174W,0,-4.962113,0.18252688646316528,0.6790000200271606,0.30410000681877136
YOR211C,YPR133C,0,-4.9621134,0.18247783184051514,0.6790000200271606,0.3041999936103821
YGL094C,YPR125W,0,-4.962124,0.18242880702018738,0.6790000200271606,0.3043000102043152
YIL143C,YMR049C,0,-4.9622173,0.1823797971010208,0.6790000200271606,0.3043999969959259
YGL094C,YPR124W,0,-4.962712,0.18233083188533783,0.6790000200271606,0.304500013589859
YNR053C,YKR002W,0,-4.9636006,0.18228188157081604,0.6790000200271606,0.3046000003814697
YDR325W,YER072W,0,-4.9636116,0.18223296105861664,0.6790000200271606,0.30469998717308044
YMR246W,YIL142W,0,-4.964061,0.18218405544757843,0.6790000200271606,0.30480000376701355
YML046W,YBR057C,0,-4.964513,0.1821351945400238,0.6790000200271606,0.30489999055862427
YKL175W,YOR137C,0,-4.964516,0.18208634853363037,0.6790000200271606,0.3050000071525574
YGL171W,YER108C,0,-4.9645605,0.18203753232955933,0.6790000200271606,0.3050999939441681
YOR221C,YDR142C,0,-4.964693,0.18198874592781067,0.6790000200271606,0.3052000105381012
YKR038C,YER148W,0,-4.9646974,0.1819399744272232,0.6790000200271606,0.3052999973297119
YLR363C,YHR077C,1,-4.9654484,0.18215912580490112,0.6800000071525574,0.3052999973297119
YAR009C,YDR485C,0,-4.9655924,0.18211033940315247,0.6800000071525574,0.305400013923645
YDR288W,YBR129C,0,-4.9658127,0.1820615828037262,0.6800000071525574,0.30550000071525574
YFL018W-A,YNL250W,0,-4.9658194,0.18201284110546112,0.6800000071525574,0.30559998750686646
YDL120W,YNL311C,0,-4.966744,0.18196414411067963,0.6800000071525574,0.30570000410079956
YGR252W,YOR194C,0,-4.967742,0.18191546201705933,0.6800000071525574,0.3057999908924103
YGL168W,YJL116C,0,-4.9678826,0.1818668097257614,0.6800000071525574,0.3059000074863434
YDL113C,YIL053W,0,-4.9681797,0.1818181872367859,0.6800000071525574,0.3059999942779541
YJR060W,YAL040C,0,-4.9682064,0.18176957964897156,0.6800000071525574,0.3061000108718872
YHR111W,YOR198C,0,-4.9682126,0.18172100186347961,0.6800000071525574,0.3061999976634979
YKL138C-A,YPL098C,0,-4.968232,0.18167245388031006,0.6800000071525574,0.30630001425743103
YIL121W,YDR363W,0,-4.96829,0.1816239356994629,0.6800000071525574,0.30640000104904175
YIL017W,YPL206C,0,-4.9683456,0.18157543241977692,0.6800000071525574,0.30649998784065247
YDL077C,YOL112W,0,-4.9685926,0.18152695894241333,0.6800000071525574,0.30660000443458557
YOR078W,YNR030W,0,-4.968677,0.18147851526737213,0.6800000071525574,0.3066999912261963
YMR029C,YGL106W,0,-4.9689374,0.18143010139465332,0.6800000071525574,0.3068000078201294
YDR310C,YOR147W,0,-4.9694324,0.1813817024230957,0.6800000071525574,0.3068999946117401
YNL272C,YIL016W,0,-4.9697375,0.18133333325386047,0.6800000071525574,0.3070000112056732
YDL035C,YNR049C,0,-4.9697413,0.18128499388694763,0.6800000071525574,0.30709999799728394
YML065W,YPL187W,0,-4.969802,0.18123666942119598,0.6800000071525574,0.30720001459121704
YDR446W,YEL066W,0,-4.9699674,0.18118838965892792,0.6800000071525574,0.30730000138282776
YFL002W-A,YMR167W,0,-4.9700265,0.18114010989665985,0.6800000071525574,0.3073999881744385
YDR382W,YOR162C,0,-4.9701886,0.18109187483787537,0.6800000071525574,0.3075000047683716
YDR311W,YJR043C,0,-4.9702168,0.18104366958141327,0.6800000071525574,0.3075999915599823
YBR260C,YPL016W,0,-4.9707193,0.18099547922611237,0.6800000071525574,0.3077000081539154
YJL110C,YAR044W,0,-4.970746,0.18094731867313385,0.6800000071525574,0.3077999949455261
YML113W,YBL055C,0,-4.970858,0.18089917302131653,0.6800000071525574,0.30790001153945923
YLR136C,YLL013C,1,-4.9708843,0.18111702799797058,0.6809999942779541,0.30790001153945923
YLR242C,YMR224C,0,-4.971348,0.18106886744499207,0.6809999942779541,0.30799999833106995
YBR253W,YAR009C,0,-4.9714384,0.18102073669433594,0.6809999942779541,0.30809998512268066
YER070W,YDR375C,0,-4.97152,0.180972620844841,0.6809999942779541,0.30820000171661377
YMR011W,YJL108C,0,-4.9716687,0.18092454969882965,0.6809999942779541,0.3082999885082245
YGL252C,YIL118W,0,-4.972203,0.1808764934539795,0.6809999942779541,0.3084000051021576
YDR175C,YML001W,0,-4.9722033,0.18082846701145172,0.6809999942779541,0.3084999918937683
YFR024C,YKL185W,0,-4.9726896,0.18078045547008514,0.6809999942779541,0.3086000084877014
YKL095W,YDR181C,0,-4.97269,0.18073248863220215,0.6809999942779541,0.30869999527931213
YNL262W,YDL148C,0,-4.973021,0.18068453669548035,0.6809999942779541,0.30880001187324524
YOR371C,YDR142C,0,-4.9732985,0.18063659965991974,0.6809999942779541,0.30889999866485596
YLR467W,YOL148C,0,-4.973451,0.1805887073278427,0.6809999942779541,0.3089999854564667
YGL240W,YBL024W,0,-4.9740734,0.18054082989692688,0.6809999942779541,0.3091000020503998
YDR138W,YOR069W,0,-4.974288,0.18049298226833344,0.6809999942779541,0.3091999888420105
YGL222C,YER146W,1,-4.97433,0.18071012198925018,0.6819999814033508,0.3091999888420105
YDR310C,YMR043W,0,-4.9747148,0.18066224455833435,0.6819999814033508,0.3093000054359436
YMR224C,YGR036C,0,-4.9747753,0.1806144118309021,0.6819999814033508,0.3093999922275543
YNL090W,YPR036W,0,-4.9750986,0.18056659400463104,0.6819999814033508,0.3095000088214874
YMR313C,YML057W,0,-4.9753613,0.18051879107952118,0.6819999814033508,0.30959999561309814
YIL079C,YLL013C,1,-4.975802,0.18073564767837524,0.6830000281333923,0.30959999561309814
YGL115W,YFL018W-A,0,-4.97595,0.1806878298521042,0.6830000281333923,0.30970001220703125
YOL117W,YGL245W,0,-4.9762163,0.18064004182815552,0.6830000281333923,0.30979999899864197
YJR125C,YKL042W,0,-4.976289,0.18059228360652924,0.6830000281333923,0.3098999857902527
YDR025W,YCL019W,0,-4.976302,0.18054454028606415,0.6830000281333923,0.3100000023841858
YLR201C,YLR035C-A,0,-4.9765396,0.18049682676792145,0.6830000281333923,0.3100999891757965
YFL055W,YJL018W,0,-4.976541,0.18044914305210114,0.6830000281333923,0.3102000057697296
YLR242C,YGR083C,0,-4.9767027,0.18040147423744202,0.6830000281333923,0.31029999256134033
YDR101C,YDR314C,0,-4.976793,0.18035383522510529,0.6830000281333923,0.31040000915527344
YCR042C,YPL110C,0,-4.977495,0.18030622601509094,0.6830000281333923,0.31049999594688416
YGR109W-B,YDR288W,0,-4.9775953,0.180258646607399,0.6830000281333923,0.31060001254081726
YGL078C,YPR158C-C,0,-4.9776154,0.18021108210086823,0.6830000281333923,0.310699999332428
YOR192C-A,YLR304C,0,-4.9776287,0.18016354739665985,0.6830000281333923,0.3107999861240387
YJL124C,YJL140W,1,-4.977638,0.1803797483444214,0.6840000152587891,0.3107999861240387
YMR067C,YKL212W,0,-4.977717,0.18033218383789062,0.6840000152587891,0.3109000027179718
YOR142W-A,YNL280C,0,-4.977764,0.18028466403484344,0.6840000152587891,0.3109999895095825
YML031W,YAL026C,0,-4.977838,0.18023715913295746,0.6840000152587891,0.3111000061035156
YAR014C,YCR053W,0,-4.9778466,0.18018966913223267,0.6840000152587891,0.31119999289512634
YCL066W,YEL037C,0,-4.9778576,0.18014222383499146,0.6840000152587891,0.31130000948905945
YMR049C,YNL284C-B,0,-4.977866,0.18009479343891144,0.6840000152587891,0.31139999628067017
YGR109W-A,YJL020C,0,-4.977913,0.18004737794399261,0.6840000152587891,0.31150001287460327
YGR101W,YDR409W,0,-4.9779186,0.18000000715255737,0.6840000152587891,0.311599999666214
YMR036C,YGR038C-A,0,-4.977978,0.17995265126228333,0.6840000152587891,0.3116999864578247
YJR001W,YGR027W-A,0,-4.977978,0.17990531027317047,0.6840000152587891,0.3118000030517578
YFL018W-A,YGL021W,0,-4.978114,0.1798580139875412,0.6840000152587891,0.31189998984336853
YBL079W,YOL103W-A,0,-4.978117,0.17981073260307312,0.6840000152587891,0.31200000643730164
YER049W,YGR158C,1,-4.978117,0.18002627789974213,0.6850000023841858,0.31200000643730164
YMR036C,YDR210W-A,0,-4.9781365,0.17997898161411285,0.6850000023841858,0.31209999322891235
YKL144C,YDR261C-C,0,-4.9782095,0.17993170022964478,0.6850000023841858,0.31220000982284546
YML027W,YPL022W,0,-4.9783435,0.17988444864749908,0.6850000023841858,0.3122999966144562
YML025C,YEL037C,0,-4.978347,0.17983722686767578,0.6850000023841858,0.3124000132083893
YHR005C-A,YNL317W,0,-4.9783487,0.17979001998901367,0.6850000023841858,0.3125
YOL078W,YDR261C-C,0,-4.9783545,0.17974284291267395,0.6850000023841858,0.3125999867916107
YOR275C,YHR039C-B,0,-4.9783583,0.17969569563865662,0.6850000023841858,0.3127000033855438
YER104W,YPR158C-C,0,-4.97838,0.17964856326580048,0.6850000023841858,0.31279999017715454
YLR144C,YDR098C-B,0,-4.978445,0.17960147559642792,0.6850000023841858,0.31290000677108765
YGR038C-B,YPL060C-A,0,-4.9784513,0.17955438792705536,0.6850000023841858,0.31299999356269836
YFR013W,YPL060C-A,0,-4.9787035,0.17950734496116638,0.6850000023841858,0.31310001015663147
YHR183W,YLR222C,0,-4.978737,0.1794603019952774,0.6850000023841858,0.3131999969482422
YML052W,YDR098C-A,0,-4.978763,0.179413303732872,0.6850000023841858,0.3133000135421753
YKR081C,YBR272C,0,-4.9788055,0.1793663203716278,0.6850000023841858,0.313400000333786
YML093W,YDR098C-A,0,-4.9788284,0.179319366812706,0.6850000023841858,0.31349998712539673
YLR227W-B,YMR284W,0,-4.9789057,0.17927244305610657,0.6850000023841858,0.31360000371932983
YLR139C,YOR117W,0,-4.9791026,0.17922553420066833,0.6850000023841858,0.31369999051094055
YKL134C,YGR038C-B,0,-4.9792113,0.1791786551475525,0.6850000023841858,0.31380000710487366
YGR246C,YOR192C-B,0,-4.979231,0.17913180589675903,0.6850000023841858,0.3138999938964844
YIL121W,YER159C-A,0,-4.979264,0.17908497154712677,0.6850000023841858,0.3140000104904175
YOR343W-A,YBR201W,0,-4.9792705,0.1790381669998169,0.6850000023841858,0.3140999972820282
YBL003C,YOR192C-B,0,-4.979481,0.1789913773536682,0.6850000023841858,0.3142000138759613
YGR161C-C,YAL016W,0,-4.979495,0.17894461750984192,0.6850000023841858,0.314300000667572
YGL017W,YDR316W-B,0,-4.9797034,0.178897887468338,0.6850000023841858,0.31439998745918274
YDR131C,YLR256W-A,0,-4.979768,0.1788511723279953,0.6850000023841858,0.31450000405311584
YDR210W-A,YLL043W,0,-4.97982,0.17880448698997498,0.6850000023841858,0.31459999084472656
YDR170W-A,YBL055C,0,-4.9798307,0.17875783145427704,0.6850000023841858,0.31470000743865967
YDR316W-B,YBL099W,0,-4.9798393,0.1787111908197403,0.6850000023841858,0.3147999942302704
YOR191W,YOR007C,0,-4.979938,0.17866457998752594,0.6850000023841858,0.3149000108242035
YPR158W-A,YOR266W,0,-4.980008,0.17861799895763397,0.6850000023841858,0.3149999976158142
YGR121C,YDR210C-C,0,-4.98006,0.1785714328289032,0.6850000023841858,0.3151000142097473
YKL144C,YDR210W-A,0,-4.9800725,0.1785248965024948,0.6850000023841858,0.31520000100135803
YPR158C-C,YFR031C,0,-4.980154,0.17847837507724762,0.6850000023841858,0.31529998779296875
YDR210W-A,YCR037C,0,-4.980196,0.17843188345432281,0.6850000023841858,0.31540000438690186
YIL036W,YPL060C-A,0,-4.9802003,0.1783854216337204,0.6850000023841858,0.3154999911785126
YGR296W,YER051W,0,-4.9802265,0.17833897471427917,0.6850000023841858,0.3156000077724457
YHR142W,YDR098C-A,0,-4.98029,0.17829255759716034,0.6850000023841858,0.3156999945640564
YKR095W-A,YGR113W,0,-4.980682,0.1782461553812027,0.6850000023841858,0.3158000111579895
YOR192C-A,YLR165C,0,-4.9807215,0.17819979786872864,0.6850000023841858,0.3158999979496002
YGR161C-C,YLR254C,0,-4.980851,0.17815344035625458,0.6850000023841858,0.3160000145435333
YPR158W-B,YJR121W,0,-4.981143,0.1781071275472641,0.6850000023841858,0.31610000133514404
YJR131W,YIL114C,0,-4.981172,0.17806082963943481,0.6850000023841858,0.31619998812675476
YNR035C,YNL025C,0,-4.9812117,0.17801454663276672,0.6850000023841858,0.31630000472068787
YPR137C-A,YBR175W,0,-4.9812684,0.17796830832958221,0.6850000023841858,0.3163999915122986
YPR158W-B,YOL093W,0,-4.9813476,0.1779220849275589,0.6850000023841858,0.3165000081062317
YLR452C,YDR077W,0,-4.9813876,0.17787587642669678,0.6850000023841858,0.3165999948978424
YOR142W-A,YBL019W,0,-4.9814024,0.17782969772815704,0.6850000023841858,0.3167000114917755
YDR210W-A,YHR167W,0,-4.981493,0.1777835488319397,0.6850000023841858,0.31679999828338623
YBR004C,YNL284C-B,0,-4.9814997,0.17773741483688354,0.6850000023841858,0.31690001487731934
YDR002W,YER159C-A,0,-4.981503,0.17769131064414978,0.6850000023841858,0.31700000166893005
YGL075C,YNL284C-B,0,-4.98161,0.1776452213525772,0.6850000023841858,0.31709998846054077
YOR237W,YGR038C-A,0,-4.9816904,0.17759917676448822,0.6850000023841858,0.3172000050544739
YPL200W,YBR048W,0,-4.981712,0.17755313217639923,0.6850000023841858,0.3172999918460846
YKL194C,YPR124W,0,-4.9817557,0.17750713229179382,0.6850000023841858,0.3174000084400177
YNL227C,YDR210W-A,0,-4.9818597,0.1774611473083496,0.6850000023841858,0.3174999952316284
YML130C,YJL058C,0,-4.9819994,0.1774151772260666,0.6850000023841858,0.3176000118255615
YMR072W,YDR210C-D,0,-4.982073,0.17736923694610596,0.6850000023841858,0.31769999861717224
YJL098W,YGR109W-A,0,-4.9821644,0.1773233264684677,0.6850000023841858,0.31779998540878296
YCR038C,YDR261C-C,0,-4.982446,0.17727743089199066,0.6850000023841858,0.31790000200271606
YPL042C,YNL119W,0,-4.982477,0.177231565117836,0.6850000023841858,0.3179999887943268
YJR119C,YDR210C-D,0,-4.9825892,0.17718571424484253,0.6850000023841858,0.3181000053882599
YGR108W,YDR210W-A,0,-4.9826217,0.17713990807533264,0.6850000023841858,0.3181999921798706
YPL011C,YLR353W,0,-4.9828153,0.17709410190582275,0.6850000023841858,0.3183000087738037
YMR036C,YOR192C-A,0,-4.982875,0.17704832553863525,0.6850000023841858,0.31839999556541443
YDR316W-B,YLR229C,0,-4.9828906,0.17700257897377014,0.6850000023841858,0.31850001215934753
YKL130C,YPR124W,0,-4.982978,0.17695686221122742,0.6850000023841858,0.31859999895095825
YOR343W-A,YOR266W,0,-4.983088,0.1769111603498459,0.6850000023841858,0.31869998574256897
YDR377W,YOL066C,0,-4.983154,0.17686547338962555,0.6850000023841858,0.3188000023365021
YDR028C,YDR190C,0,-4.9831915,0.1768198311328888,0.6850000023841858,0.3188999891281128
YGL011C,YBR188C,0,-4.983194,0.17677418887615204,0.6850000023841858,0.3190000057220459
YCL010C,YDR316W-B,0,-4.9832067,0.17672859132289886,0.6850000023841858,0.3190999925136566
YIL061C,YGR109W-A,0,-4.983474,0.17668300867080688,0.6850000023841858,0.3192000091075897
YGR216C,YBL005W-B,0,-4.983571,0.1766374409198761,0.6850000023841858,0.31929999589920044
YJR060W,YBR081C,0,-4.98371,0.1765919029712677,0.6850000023841858,0.31940001249313354
YML085C,YGR038C-B,0,-4.983743,0.1765463948249817,0.6850000023841858,0.31949999928474426
YKL002W,YPR158C-C,0,-4.983823,0.17650090157985687,0.6850000023841858,0.319599986076355
YBL041W,YGR038C-B,0,-4.983966,0.17645543813705444,0.6850000023841858,0.3197000026702881
YKL113C,YGR038C-B,0,-4.9839983,0.1764099895954132,0.6850000023841858,0.3197999894618988
YOR217W,YPR137C-B,0,-4.984103,0.17636457085609436,0.6850000023841858,0.3199000060558319
YGR264C,YAR044W,0,-4.9843273,0.1763191819190979,0.6850000023841858,0.3199999928474426
YHR077C,YLL013C,1,-4.9845166,0.1765311360359192,0.6859999895095825,0.3199999928474426
YDR494W,YNL284C-B,0,-4.984644,0.17648571729660034,0.6859999895095825,0.32010000944137573
YGR161C-C,YCL044C,0,-4.984658,0.17644032835960388,0.6859999895095825,0.32019999623298645
YBR156C,YOR343W-B,0,-4.9846644,0.17639495432376862,0.6859999895095825,0.32030001282691956
YPR009W,YOR192C-A,0,-4.984684,0.17634961009025574,0.6859999895095825,0.3203999996185303
YGL014W,YPL029W,1,-4.984763,0.17656129598617554,0.6869999766349792,0.3203999996185303
YFR013W,YGL195W,0,-4.9847746,0.17651593685150146,0.6869999766349792,0.320499986410141
YCR060W,YGR027W-B,0,-4.984857,0.1764705926179886,0.6869999766349792,0.3206000030040741
YHR061C,YLR410W-B,0,-4.9849477,0.1764252632856369,0.6869999766349792,0.3206999897956848
YBR202W,YGR038C-B,0,-4.9849563,0.1763799786567688,0.6869999766349792,0.3208000063896179
YNL311C,YDR072C,0,-4.9850154,0.1763347089290619,0.6869999766349792,0.32089999318122864
YGL181W,YCR052W,0,-4.9850364,0.17628945410251617,0.6869999766349792,0.32100000977516174
YGL208W,YGR027W-B,0,-4.98524,0.17624422907829285,0.6869999766349792,0.32109999656677246
YMR314W,YER159C-A,0,-4.985377,0.1761990189552307,0.6869999766349792,0.32120001316070557
YEL012W,YDR098C-B,0,-4.9854164,0.17615385353565216,0.6869999766349792,0.3212999999523163
YPL096C-A,YPL254W,0,-4.985422,0.1761086881160736,0.6869999766349792,0.321399986743927
YOL130W,YPL060C-A,0,-4.9854956,0.17606355249881744,0.6869999766349792,0.3215000033378601
YOR201C,YDR098C-A,0,-4.985567,0.17601844668388367,0.6869999766349792,0.3215999901294708
YPL257W-A,YDR162C,0,-4.985765,0.17597335577011108,0.6869999766349792,0.32170000672340393
YPR054W,YDR495C,0,-4.9858794,0.1759282946586609,0.6869999766349792,0.32179999351501465
YPL271W,YGR161W-B,0,-4.985897,0.17588326334953308,0.6869999766349792,0.32190001010894775
YFR003C,YOR192C-A,0,-4.9859633,0.17583823204040527,0.6869999766349792,0.32199999690055847
YCR014C,YDR228C,0,-4.9860525,0.17579324543476105,0.6869999766349792,0.3221000134944916
YPL203W,YGR109W-A,0,-4.9861193,0.17574827373027802,0.6869999766349792,0.3222000002861023
YOR192C-A,YLR028C,0,-4.986336,0.17570333182811737,0.6869999766349792,0.322299987077713
YLR075W,YGR004W,0,-4.9863467,0.17565840482711792,0.6869999766349792,0.3224000036716461
YJR083C,YIL080W,0,-4.9863505,0.17561349272727966,0.6869999766349792,0.32249999046325684
YNL318C,YDR167W,0,-4.9863634,0.1755686104297638,0.6869999766349792,0.32260000705718994
YHR123W,YJL204C,0,-4.98669,0.1755237579345703,0.6869999766349792,0.32269999384880066
YLR227W-B,YNL053W,0,-4.9867225,0.17547892034053802,0.6869999766349792,0.32280001044273376
YNL282W,YBL101W-B,0,-4.986907,0.17543411254882812,0.6869999766349792,0.3228999972343445
YJL164C,YHL009W-A,0,-4.986907,0.1753893345594406,0.6869999766349792,0.3230000138282776
YFR024C,YOR192C-A,0,-4.986907,0.1753445565700531,0.6869999766349792,0.3231000006198883
YGR227W,YOR142W-A,0,-4.986907,0.17529982328414917,0.6869999766349792,0.323199987411499
YDR098C-A,YJR110W,0,-4.986907,0.17525510489940643,0.6869999766349792,0.32330000400543213
YBL101W-A,YDR451C,0,-4.986907,0.1752104014158249,0.6869999766349792,0.32339999079704285
YGR038C-A,YBL005W,0,-4.986907,0.17516572773456573,0.6869999766349792,0.32350000739097595
YMR284W,YBL101W-B,0,-4.986907,0.17512108385562897,0.6869999766349792,0.32359999418258667
YOR343C-B,YLL002W,0,-4.986907,0.1750764548778534,0.6869999766349792,0.3237000107765198
YOR343C-B,YDR096W,0,-4.986907,0.175031840801239,0.6869999766349792,0.3237999975681305
YBL101W-A,YOR178C,0,-4.986907,0.17498727142810822,0.6869999766349792,0.3239000141620636
YLL038C,YOR343C-B,0,-4.986907,0.17494270205497742,0.6869999766349792,0.3240000009536743
YOR159C,YDR210W-D,0,-4.986907,0.174898162484169,0.6869999766349792,0.32409998774528503
YJR104C,YDR210W-C,0,-4.986907,0.17485365271568298,0.6869999766349792,0.32420000433921814
YNL284C-A,YKL213C,0,-4.986907,0.17480915784835815,0.6869999766349792,0.32429999113082886
YOR343C-A,YPL055C,0,-4.986907,0.1747646927833557,0.6869999766349792,0.32440000772476196
YLR157C-A,YHR043C,0,-4.986907,0.17472024261951447,0.6869999766349792,0.3244999945163727
YOR343C-B,YAL016W,0,-4.986907,0.1746758222579956,0.6869999766349792,0.3246000111103058
YDR210W-C,YPR112C,0,-4.986907,0.17463141679763794,0.6869999766349792,0.3246999979019165
YKL141W,YML045W-A,0,-4.986907,0.17458704113960266,0.6869999766349792,0.3248000144958496
YDR210W-C,YHR142W,0,-4.986907,0.17454268038272858,0.6869999766349792,0.3249000012874603
YBL101W-A,YMR260C,0,-4.986907,0.17449834942817688,0.6869999766349792,0.32499998807907104
YBL101W-A,YGR024C,0,-4.986907,0.17445403337478638,0.6869999766349792,0.32510000467300415
YLR157C-A,YJL002C,0,-4.986907,0.17440974712371826,0.6869999766349792,0.32519999146461487
YLR157C-A,YDL076C,0,-4.986907,0.17436547577381134,0.6869999766349792,0.325300008058548
YPR158W-B,YAL024C,0,-4.986907,0.1743212342262268,0.6869999766349792,0.3253999948501587
YGR161C-C,YBL071W-A,0,-4.986907,0.17427702248096466,0.6869999766349792,0.3255000114440918
YBL101W-B,YKL130C,0,-4.986907,0.17423281073570251,0.6869999766349792,0.3255999982357025
YKR019C,YHL009W-A,0,-4.986907,0.17418864369392395,0.6869999766349792,0.3257000148296356
YDR210W-C,YOR372C,0,-4.986907,0.17414449155330658,0.6869999766349792,0.32580000162124634
YJR026W,YFL035C,0,-4.986907,0.1741003543138504,0.6869999766349792,0.32589998841285706
YOR343C-A,YDR098C,0,-4.986907,0.1740562468767166,0.6869999766349792,0.32600000500679016
YBL101W-A,YLR133W,0,-4.986907,0.17401215434074402,0.6869999766349792,0.3260999917984009
YBL041W,YDR210W-D,0,-4.986907,0.1739680916070938,0.6869999766349792,0.326200008392334
YOL054W,YOR343C-A,0,-4.986907,0.1739240437746048,0.6869999766349792,0.3262999951839447
YER032W,YLR410W-B,0,-4.986907,0.17388002574443817,0.6869999766349792,0.3264000117778778
YNL080C,YOR343C-B,0,-4.986907,0.17383603751659393,0.6869999766349792,0.3264999985694885
YJR047C,YNL284C-A,0,-4.986907,0.1737920492887497,0.6869999766349792,0.32659998536109924
YOR343C-A,YDR320C-A,0,-4.986907,0.17374810576438904,0.6869999766349792,0.32670000195503235
YLR157C-A,YNL248C,0,-4.986907,0.17370417714118958,0.6869999766349792,0.32679998874664307
YCR080W,YGR161C-C,0,-4.986907,0.1736602634191513,0.6869999766349792,0.32690000534057617
YLR157C-A,YBR279W,0,-4.986907,0.17361637949943542,0.6869999766349792,0.3269999921321869
YOR343C-B,YGL167C,0,-4.986907,0.17357251048088074,0.6869999766349792,0.32710000872612
YNL161W,YLR157C-A,0,-4.986907,0.17352867126464844,0.6869999766349792,0.3271999955177307
YDR219C,YDR316W-B,0,-4.986907,0.17348484694957733,0.6869999766349792,0.3273000121116638
YKL032C,YLR157C-A,0,-4.986907,0.1734410524368286,0.6869999766349792,0.32739999890327454
YNL284C-A,YER148W,0,-4.986907,0.1733972728252411,0.6869999766349792,0.32749998569488525
YLR369W,YHL009W-A,0,-4.986907,0.17335352301597595,0.6869999766349792,0.32760000228881836
YBL101W-B,YOR351C,0,-4.986907,0.173309788107872,0.6869999766349792,0.3276999890804291
YOR332W,YML045W-A,0,-4.986907,0.17326608300209045,0.6869999766349792,0.3278000056743622
YOR343C-A,YHR181W,0,-4.986907,0.1732223927974701,0.6869999766349792,0.3278999924659729
YOR343C-A,YLL040C,0,-4.986907,0.17317871749401093,0.6869999766349792,0.328000009059906
YPR134W,YNL284C-A,0,-4.986907,0.17313508689403534,0.6869999766349792,0.3280999958515167
YBR260C,YDR210W-D,0,-4.986907,0.17309145629405975,0.6869999766349792,0.32820001244544983
YNL257C,YGR161W-B,0,-4.986907,0.17304785549640656,0.6869999766349792,0.32829999923706055
YPL040C,YBL101W-B,0,-4.986907,0.17300428450107574,0.6869999766349792,0.32839998602867126
YKL025C,YER159C-A,0,-4.986907,0.17296072840690613,0.6869999766349792,0.32850000262260437
YHR079C-A,YDR261C-C,0,-4.986907,0.1729171872138977,0.6869999766349792,0.3285999894142151
YDR309C,YLR157C-A,0,-4.986907,0.17287367582321167,0.6869999766349792,0.3287000060081482
YOR343C-B,YLR028C,0,-4.986907,0.17283019423484802,0.6869999766349792,0.3287999927997589
YBL101W-B,YCR038C,0,-4.986907,0.17278672754764557,0.6869999766349792,0.328900009393692
YBL101W-B,YJR004C,0,-4.986907,0.1727432757616043,0.6869999766349792,0.32899999618530273
YNL284C-A,YFL041W,0,-4.986907,0.17269985377788544,0.6869999766349792,0.32910001277923584
YAL009W,YNL284C-A,0,-4.986907,0.17265644669532776,0.6869999766349792,0.32919999957084656
YNL284C-A,YPR138C,0,-4.986907,0.17261306941509247,0.6869999766349792,0.3292999863624573
YDR175C,YHL009W-A,0,-4.986907,0.17256970703601837,0.6869999766349792,0.3294000029563904
YHR154W,YDR210W-C,0,-4.986907,0.17252637445926666,0.6869999766349792,0.3294999897480011
YLR450W,YHL009W-A,0,-4.986907,0.17248305678367615,0.6869999766349792,0.3296000063419342
YOL135C,YDR210W-D,0,-4.986907,0.17243975400924683,0.6869999766349792,0.3296999931335449
YDR210W-C,YOR023C,0,-4.986907,0.1723964810371399,0.6869999766349792,0.329800009727478
YGR161C-C,YCL029C,0,-4.986907,0.17235323786735535,0.6869999766349792,0.32989999651908875
YPL006W,YDR210W-C,0,-4.986907,0.172310009598732,0.6869999766349792,0.33000001311302185
YBL101W-B,YDL230W,0,-4.986907,0.17226679623126984,0.6869999766349792,0.33009999990463257
YML045W-A,YOR351C,0,-4.986907,0.17222361266613007,0.6869999766349792,0.3301999866962433
YNL284C-A,YDR323C,0,-4.986907,0.1721804440021515,0.6869999766349792,0.3303000032901764
YFL002W-A,YJL012C-A,0,-4.986907,0.1721373051404953,0.6869999766349792,0.3303999900817871
YBR088C,YOR343C-B,0,-4.986907,0.1720941811800003,0.6869999766349792,0.3305000066757202
YOR343C-A,YCL075W,0,-4.986907,0.1720510870218277,0.6869999766349792,0.33059999346733093
YPL257W-A,YBL005W,0,-4.986907,0.17200800776481628,0.6869999766349792,0.33070001006126404
YGR241C,YDR210W-D,0,-4.986907,0.17196495831012726,0.6869999766349792,0.33079999685287476
YNL284C-A,YGL169W,0,-4.986907,0.17192192375659943,0.6869999766349792,0.33090001344680786
YBR072W,YLR157C-A,0,-4.986907,0.1718789041042328,0.6869999766349792,0.3310000002384186
YBL101W-B,YBR258C,0,-4.986907,0.17183591425418854,0.6869999766349792,0.3310999870300293
YJR040W,YBL101W-B,0,-4.986907,0.17179295420646667,0.6869999766349792,0.3312000036239624
YDR210W-C,YER190W,0,-4.986907,0.1717499941587448,0.6869999766349792,0.3312999904155731
YBR030W,YHL009W-A,0,-4.986907,0.17170707881450653,0.6869999766349792,0.3314000070095062
YHR039C-B,YDR170W-A,0,-4.986907,0.17166416347026825,0.6869999766349792,0.33149999380111694
YDR210W-C,YKR038C,0,-4.986907,0.17162127792835236,0.6869999766349792,0.33160001039505005
YML045W-A,YJL112W,0,-4.986907,0.17157842218875885,0.6869999766349792,0.33169999718666077
YOR343C-A,YGL163C,0,-4.986907,0.17153558135032654,0.6869999766349792,0.33180001378059387
YOR343C-A,YBR026C,0,-4.986907,0.17149275541305542,0.6869999766349792,0.3319000005722046
YOR343C-B,YMR260C,0,-4.986907,0.1714499592781067,0.6869999766349792,0.3319999873638153
YGL013C,YKL114C,0,-4.9869537,0.17140719294548035,0.6869999766349792,0.3321000039577484
YGR289C,YLR410W-B,0,-4.986978,0.171364426612854,0.6869999766349792,0.33219999074935913
YGL022W,YGR027W-B,0,-4.987057,0.17132169008255005,0.6869999766349792,0.33230000734329224
YMR264W,YKL056C,0,-4.987131,0.17127898335456848,0.6869999766349792,0.33239999413490295
YJR131W,YGR027W-B,0,-4.9872155,0.1712362915277481,0.6869999766349792,0.33250001072883606
YGL075C,YOL123W,0,-4.987217,0.17119361460208893,0.6869999766349792,0.3325999975204468
YPR158W-A,YOR354C,0,-4.9873424,0.17115096747875214,0.6869999766349792,0.3327000141143799
YNL029C,YDR261C-C,0,-4.9873734,0.17110835015773773,0.6869999766349792,0.3328000009059906
YDR386W,YDR098C-A,0,-4.987445,0.17106573283672333,0.6869999766349792,0.3328999876976013
YPR102C,YGR161C-C,0,-4.9874887,0.1710231453180313,0.6869999766349792,0.3330000042915344
YDR123C,YGR161C-D,0,-4.9875717,0.17098058760166168,0.6869999766349792,0.33309999108314514
YPR137C-B,YKR052C,0,-4.9878883,0.17093804478645325,0.6869999766349792,0.33320000767707825
YPR158W-B,YNL245C,0,-4.9880595,0.170895516872406,0.6869999766349792,0.33329999446868896
YBL005W-A,YGR161C-D,0,-4.9881434,0.17085301876068115,0.6869999766349792,0.33340001106262207
YGR186W,YPR111W,0,-4.988184,0.1708105355501175,0.6869999766349792,0.3334999978542328
YIR018W,YPL193W,0,-4.9882326,0.17076808214187622,0.6869999766349792,0.3336000144481659
YBR154C,YGR027W-B,0,-4.988248,0.17072564363479614,0.6869999766349792,0.3337000012397766
YNR053C,YLR410W-B,0,-4.9883733,0.17068323493003845,0.6869999766349792,0.33379998803138733
YOR151C,YDR151C,0,-4.988427,0.17064084112644196,0.6869999766349792,0.33390000462532043
YPR168W,YDL236W,0,-4.988488,0.17059846222400665,0.6869999766349792,0.33399999141693115
YHL027W,YOR338W,0,-4.9885015,0.17055611312389374,0.6869999766349792,0.33410000801086426
YDL074C,YMR192W,0,-4.98853,0.17051377892494202,0.6869999766349792,0.334199994802475
YLR227W-B,YHR034C,0,-4.9886694,0.1704714596271515,0.6869999766349792,0.3343000113964081
YGR230W,YOL103W-A,0,-4.988676,0.17042917013168335,0.6869999766349792,0.3343999981880188
YOR142W-A,YLR081W,0,-4.9886794,0.1703869104385376,0.6869999766349792,0.3345000147819519
YKL011C,YDR210C-C,0,-4.9887595,0.17034465074539185,0.6869999766349792,0.3346000015735626
YJR091C,YLR136C,1,-4.9890037,0.17055031657218933,0.6880000233650208,0.3346000015735626
YCR024C-A,YPL060C-A,0,-4.989087,0.17050805687904358,0.6880000233650208,0.33469998836517334
YLR227W-B,YGL120C,0,-4.9891014,0.17046581208705902,0.6880000233650208,0.33480000495910645
YOR284W,YPL257W-A,0,-4.9891734,0.17042358219623566,0.6880000233650208,0.33489999175071716
YER003C,YML059C,0,-4.9892306,0.17038138210773468,0.6880000233650208,0.33500000834465027
YDL031W,YDR298C,0,-4.9892526,0.1703391969203949,0.6880000233650208,0.335099995136261
YPR110C,YDR098C-A,0,-4.9893017,0.1702970266342163,0.6880000233650208,0.3352000117301941
YGL222C,YKL009W,1,-4.989327,0.17050234973430634,0.6890000104904175,0.3352000117301941
YOL103W-A,YOR159C,0,-4.989563,0.17046016454696655,0.6890000104904175,0.3352999985218048
YBR279W,YKL052C,0,-4.9897194,0.17041800916194916,0.6890000104904175,0.3353999853134155
YKL088W,YLR410W-B,0,-4.989731,0.17037586867809296,0.6890000104904175,0.33550000190734863
YNL202W,YDR210W-A,0,-4.9897423,0.17033374309539795,0.6890000104904175,0.33559998869895935
YML027W,YDR170W-A,0,-4.989811,0.17029164731502533,0.6890000104904175,0.33570000529289246
YDR137W,YOL103W-A,0,-4.989814,0.1702495664358139,0.6890000104904175,0.3357999920845032
YDL175C,YJL209W,1,-4.989823,0.17045454680919647,0.6899999976158142,0.3357999920845032
YIL046W,YDL093W,0,-4.989898,0.17041245102882385,0.6899999976158142,0.3359000086784363
YLR154C,YDR245W,0,-4.9899497,0.17037037014961243,0.6899999976158142,0.335999995470047
YDR261C-C,YJR004C,0,-4.9900317,0.1703283190727234,0.6899999976158142,0.3361000120639801
YER137C-A,YGL018C,0,-4.9901376,0.17028628289699554,0.6899999976158142,0.3361999988555908
YPR158C-C,YDR488C,0,-4.9901433,0.1702442616224289,0.6899999976158142,0.33629998564720154
YOR142W-A,YIL051C,0,-4.9901686,0.17020227015018463,0.6899999976158142,0.33640000224113464
YLR363C,YPL029W,1,-4.990258,0.17040690779685974,0.6909999847412109,0.33640000224113464
YPR158C-C,YLR417W,0,-4.990262,0.1703648865222931,0.6909999847412109,0.33649998903274536
YGL035C,YGR027W-A,0,-4.9903398,0.17032289505004883,0.6909999847412109,0.33660000562667847
YOR020C,YOR343W-B,0,-4.9904513,0.17028093338012695,0.6909999847412109,0.3366999924182892
YDR339C,YMR246W,0,-4.9905224,0.17023897171020508,0.6909999847412109,0.3368000090122223
YJL219W,YMR165C,0,-4.990642,0.1701970398426056,0.6909999847412109,0.336899995803833
YPR179C,YGR109W-A,0,-4.9906535,0.1701551377773285,0.6909999847412109,0.3370000123977661
YPR158W-A,YGR108W,0,-4.990765,0.17011325061321259,0.6909999847412109,0.33709999918937683
YPR158C-C,YGR244C,0,-4.99095,0.17007137835025787,0.6909999847412109,0.33719998598098755
YDR416W,YOL103W-A,0,-4.9911613,0.17002952098846436,0.6909999847412109,0.33730000257492065
YOR133W,YLR079W,0,-4.9911985,0.16998769342899323,0.6909999847412109,0.33739998936653137
YOL054W,YPL060C-A,0,-4.9913063,0.16994589567184448,0.6909999847412109,0.3375000059604645
YPR137C-A,YML048W,0,-4.991349,0.16990411281585693,0.6909999847412109,0.3375999927520752
YLR210W,YPR010C,0,-4.9913573,0.16986234486103058,0.6909999847412109,0.3377000093460083
YOR257W,YPL060C-A,0,-4.991383,0.16982059180736542,0.6909999847412109,0.337799996137619
YMR210W,YBR195C,0,-4.9913874,0.16977886855602264,0.6909999847412109,0.3379000127315521
YBR192W,YOR192C-B,0,-4.991449,0.16973716020584106,0.6909999847412109,0.33799999952316284
YOR343W-A,YIL117C,0,-4.991455,0.16969548165798187,0.6909999847412109,0.33809998631477356
YOR192C-A,YDL213C,0,-4.991475,0.16965381801128387,0.6909999847412109,0.33820000290870667
YHR214C-C,YHR142W,0,-4.9915276,0.16961216926574707,0.6909999847412109,0.3382999897003174
YDR377W,YGR161C-D,0,-4.9915433,0.16957055032253265,0.6909999847412109,0.3384000062942505
YOR269W,YKL079W,0,-4.991639,0.16952894628047943,0.6909999847412109,0.3384999930858612
YGR027W-B,YGL096W,0,-4.99164,0.1694873720407486,0.6909999847412109,0.3386000096797943
YLR034C,YAL001C,0,-4.9916553,0.16944581270217896,0.6909999847412109,0.33869999647140503
YLR182W,YDR316W-B,0,-4.9917455,0.1694042682647705,0.6909999847412109,0.33880001306533813
YPR178W,YDR217C,0,-4.991764,0.16936273872852325,0.6909999847412109,0.33889999985694885
YPR158C-C,YJL065C,0,-4.9918704,0.1693212389945984,0.6909999847412109,0.33899998664855957
YDR261C-C,YER145C,0,-4.9919853,0.1692797690629959,0.6909999847412109,0.3391000032424927
YAL009W,YHR214C-C,0,-4.9919963,0.16923829913139343,0.6909999847412109,0.3391999900341034
YCR066W,YHR079C,0,-4.992007,0.16919685900211334,0.6909999847412109,0.3393000066280365
YOL146W,YDR098C,0,-4.992022,0.16915544867515564,0.6909999847412109,0.3393999934196472
YOL093W,YPR158C-C,0,-4.992182,0.16911405324935913,0.6909999847412109,0.3395000100135803
YMR293C,YDR210W-A,0,-4.9922476,0.16907267272472382,0.6909999847412109,0.33959999680519104
YGL222C,YOR001W,1,-4.9923034,0.1692759245634079,0.6919999718666077,0.33959999680519104
YFR004W,YLR085C,0,-4.9923983,0.1692345291376114,0.6919999718666077,0.33970001339912415
YJR064W,YDR098C-A,0,-4.99241,0.16919314861297607,0.6919999718666077,0.33980000019073486
YNL259C,YEL012W,0,-4.992483,0.16915179789066315,0.6919999718666077,0.3398999869823456
YJL129C,YDR210C-D,0,-4.992504,0.1691104620695114,0.6919999718666077,0.3400000035762787
YHR166C,YPR158W-B,0,-4.99257,0.16906914114952087,0.6919999718666077,0.3400999903678894
YMR048W,YHL025W,0,-4.992658,0.16902785003185272,0.6919999718666077,0.3402000069618225
YDR210W-A,YLR022C,0,-4.992715,0.16898657381534576,0.6919999718666077,0.3402999937534332
YGR161C-C,YKL150W,0,-4.99286,0.1689453125,0.6919999718666077,0.34040001034736633
YPR137C-A,YMR011W,0,-4.9929123,0.16890408098697662,0.6919999718666077,0.34049999713897705
YLR227W-B,YNL259C,0,-4.993018,0.16886286437511444,0.6919999718666077,0.34060001373291016
YLR256W-A,YOR136W,0,-4.9930573,0.16882166266441345,0.6919999718666077,0.3407000005245209
YCL063W,YDR486C,0,-4.9932923,0.16878049075603485,0.6919999718666077,0.3407999873161316
YPR158C-C,YGR169C,0,-4.9933143,0.16873933374881744,0.6919999718666077,0.3409000039100647
YPR158W-A,YBR082C,0,-4.9935594,0.16869819164276123,0.6919999718666077,0.3409999907016754
YBR161W,YOR343W-B,0,-4.993639,0.1686570793390274,0.6919999718666077,0.3411000072956085
YLR383W,YML112W,0,-4.993658,0.16861598193645477,0.6919999718666077,0.34119999408721924
YOR231W,YLR410W-B,0,-4.993702,0.16857491433620453,0.6919999718666077,0.34130001068115234
YBL090W,YNL284C-B,0,-4.993717,0.16853384673595428,0.6919999718666077,0.34139999747276306
YML058W-A,YOR094W,0,-4.993759,0.16849282383918762,0.6919999718666077,0.34150001406669617
YGR091W,YDR098C-A,0,-4.993783,0.16845180094242096,0.6919999718666077,0.3416000008583069
YIL138C,YGR161C-D,0,-4.993828,0.16841080784797668,0.6919999718666077,0.3416999876499176
YLR410W-B,YER145C,0,-4.9939475,0.1683698296546936,0.6919999718666077,0.3418000042438507
YJR125C,YLL041C,0,-4.9940615,0.16832886636257172,0.6919999718666077,0.3418999910354614
YGR038C-B,YNL309W,0,-4.994073,0.16828793287277222,0.6919999718666077,0.34200000762939453
YJR104C,YJL125C,0,-4.9941797,0.1682470142841339,0.6919999718666077,0.34209999442100525
YDL006W,YDR316W-B,0,-4.994204,0.168206125497818,0.6919999718666077,0.34220001101493835
YLR207W,YNL284C-B,0,-4.99435,0.16816525161266327,0.6919999718666077,0.3422999978065491
YKR055W,YDR195W,0,-4.9943852,0.16812439262866974,0.6919999718666077,0.3424000144004822
YIL144W,YBL024W,0,-4.9945517,0.1680835485458374,0.6919999718666077,0.3425000011920929
YOR061W,YGR054W,0,-4.9946957,0.16804273426532745,0.6919999718666077,0.3425999879837036
YGR245C,YPL060C-A,0,-4.9947004,0.1680019348859787,0.6919999718666077,0.3427000045776367
YBR186W,YPL116W,0,-4.9947047,0.16796116530895233,0.6919999718666077,0.34279999136924744
YOR142W-A,YOR210W,0,-4.9947324,0.16792041063308716,0.6919999718666077,0.34290000796318054
YPR158C-C,YJL072C,0,-4.9947453,0.16787967085838318,0.6919999718666077,0.34299999475479126
YOL125W,YNL284C-B,0,-4.9947686,0.1678389459848404,0.6919999718666077,0.34310001134872437
YPR137C-A,YJR059W,0,-4.9947853,0.16779825091362,0.6919999718666077,0.3431999981403351
YML132W,YPR137C-B,0,-4.995139,0.1677575707435608,0.6919999718666077,0.3433000147342682
YPR140W,YJL134W,0,-4.995164,0.16771692037582397,0.6919999718666077,0.3434000015258789
YLR106C,YIL061C,0,-4.995268,0.16767628490924835,0.6919999718666077,0.3434999883174896
YDL109C,YDR183W,0,-4.9953294,0.16763566434383392,0.6919999718666077,0.34360000491142273
YNL280C,YGR161C,0,-4.99554,0.1675950586795807,0.6919999718666077,0.34369999170303345
YHR079C,YER108C,0,-4.9955482,0.16755448281764984,0.6919999718666077,0.34380000829696655
YCR072C,YGR238C,0,-4.9956355,0.1675139218568802,0.6919999718666077,0.34389999508857727
YDR461W,YOL103W-A,0,-4.9956756,0.16747337579727173,0.6919999718666077,0.3440000116825104
YER133W,YOL103W-A,0,-4.99571,0.16743285953998566,0.6919999718666077,0.3440999984741211
YGR144W,YHR214C-C,0,-4.9958353,0.16739235818386078,0.6919999718666077,0.3441999852657318
YPL106C,YOR192C-B,0,-4.9959836,0.1673518717288971,0.6919999718666077,0.3443000018596649
YGR038C-A,YBL063W,0,-4.995985,0.1673114150762558,0.6919999718666077,0.34439998865127563
YKR002W,YDR210C-C,0,-4.9961605,0.1672709733247757,0.6919999718666077,0.34450000524520874
YOL103W-A,YDR363W-A,0,-4.9961696,0.1672305464744568,0.6919999718666077,0.34459999203681946
YFR014C,YDR261C-C,0,-4.9962063,0.16719014942646027,0.6919999718666077,0.34470000863075256
YDR316W-B,YOL145C,0,-4.9962573,0.16714975237846375,0.6919999718666077,0.3447999954223633
YGR109W-B,YDL042C,0,-4.9963403,0.1671094000339508,0.6919999718666077,0.3449000120162964
YKL088W,YIL138C,0,-4.9963593,0.16706904768943787,0.6919999718666077,0.3449999988079071
YIR021W,YPR137C-B,0,-4.99671,0.16702872514724731,0.6919999718666077,0.3450999855995178
YOR363C,YGR038C-A,0,-4.9967766,0.16698841750621796,0.6919999718666077,0.3452000021934509
YLR385C,YPR131C,0,-4.996815,0.1669481247663498,0.6919999718666077,0.34529998898506165
YHR094C,YHR190W,0,-4.9968486,0.16690786182880402,0.6919999718666077,0.34540000557899475
YOR287C,YBR086C,0,-4.996909,0.16686761379241943,0.6919999718666077,0.34549999237060547
YFR013W,YPL204W,0,-4.9969287,0.16682738065719604,0.6919999718666077,0.3456000089645386
YPL239W,YDR170W-A,0,-4.9969573,0.16678717732429504,0.6919999718666077,0.3456999957561493
YGR109W-B,YDR205W,0,-4.996958,0.16674698889255524,0.6919999718666077,0.3458000123500824
YMR186W,YGR027W-A,0,-4.99709,0.16670681536197662,0.6919999718666077,0.3458999991416931
YOR142W-A,YDR317W,0,-4.9971213,0.1666666716337204,0.6919999718666077,0.34599998593330383
YDR356W,YLL035W,0,-4.9971385,0.16662652790546417,0.6919999718666077,0.34610000252723694
YMR047C,YPL265W,0,-4.997143,0.16658642888069153,0.6919999718666077,0.34619998931884766
YGR038C-B,YDR092W,0,-4.9971585,0.16654632985591888,0.6919999718666077,0.34630000591278076
YIR008C,YKL043W,0,-4.997214,0.16650626063346863,0.6919999718666077,0.3463999927043915
YFL016C,YLR071C,0,-4.9973593,0.16646620631217957,0.6919999718666077,0.3465000092983246
YLR435W,YGL163C,0,-4.9974403,0.1664261668920517,0.6919999718666077,0.3465999960899353
YNL270C,YDL130W,0,-4.997488,0.16638615727424622,0.6919999718666077,0.3467000126838684
YNL166C,YGR038C-B,0,-4.9974914,0.16634614765644073,0.6919999718666077,0.3467999994754791
YOR142W-A,YGL244W,0,-4.997567,0.16630618274211884,0.6919999718666077,0.34689998626708984
YNR001C,YGR161C-D,0,-4.997628,0.16626621782779694,0.6919999718666077,0.34700000286102295
YPL060W,YLR410W-B,0,-4.997644,0.16622628271579742,0.6919999718666077,0.34709998965263367
YNL286W,YDR210C-D,0,-4.997908,0.1661863625049591,0.6919999718666077,0.3472000062465668
YDL056W,YNL284C-B,0,-4.9979897,0.16614645719528198,0.6919999718666077,0.3472999930381775
YGR161C-C,YDR080W,0,-4.998042,0.16610658168792725,0.6919999718666077,0.3474000096321106
YPR158W-A,YER165W,0,-4.998061,0.1660667210817337,0.6919999718666077,0.3474999964237213
YGL222C,YKL149C,1,-4.998106,0.1662667989730835,0.6930000185966492,0.3474999964237213
YDR210C-C,YJL187C,0,-4.9982038,0.16622690856456757,0.6930000185966492,0.3476000130176544
YER137C-A,YDL084W,0,-4.9982142,0.16618704795837402,0.6930000185966492,0.34769999980926514
YDR210C-C,YOL009C,0,-4.9983325,0.16614720225334167,0.6930000185966492,0.34779998660087585
YIL036W,YDR210C-C,0,-4.998431,0.1661073863506317,0.6930000185966492,0.34790000319480896
YDR446W,YGR275W,0,-4.9984846,0.16606757044792175,0.6930000185966492,0.3479999899864197
YIL014W,YDR098C-B,0,-4.9986105,0.16602778434753418,0.6930000185966492,0.3481000065803528
YGR171C,YFL022C,0,-4.9986663,0.165988028049469,0.6930000185966492,0.3481999933719635
YPR158W-B,YJR013W,0,-4.9986753,0.1659482717514038,0.6930000185966492,0.3483000099658966
YDR166C,YDR098C-A,0,-4.998811,0.165908545255661,0.6930000185966492,0.3483999967575073
YER137C-A,YML027W,0,-4.998948,0.1658688336610794,0.6930000185966492,0.34850001335144043
YOR343W-A,YJL170C,0,-4.9989653,0.1658291518688202,0.6930000185966492,0.34860000014305115
YPL060C-A,YDL201W,0,-4.9989796,0.16578947007656097,0.6930000185966492,0.34869998693466187
YGR101W,YPL255W,0,-4.9991164,0.16574981808662415,0.6930000185966492,0.34880000352859497
YPL257W-A,YGR180C,0,-4.999138,0.1657101809978485,0.6930000185966492,0.3488999903202057
YER137C-A,YMR011W,0,-4.99917,0.16567057371139526,0.6930000185966492,0.3490000069141388
YMR314W,YGR027W-B,0,-4.9991803,0.1656309813261032,0.6930000185966492,0.3490999937057495
YLR369W,YDR210C-D,0,-4.9991803,0.16559140384197235,0.6930000185966492,0.3492000102996826
YOR027W,YGL019W,0,-4.999225,0.16555184125900269,0.6930000185966492,0.34929999709129333
YHR005C-A,YGL181W,0,-4.9993696,0.1655122935771942,0.6930000185966492,0.34940001368522644
YPR158W-B,YGR161C-C,0,-4.9996133,0.16547277569770813,0.6930000185966492,0.34950000047683716
YLR068W,YER165W,0,-4.999743,0.16543327271938324,0.6930000185966492,0.3495999872684479
YJL059W,YAR044W,0,-4.999836,0.16539379954338074,0.6930000185966492,0.349700003862381
YJL008C,YGL210W,0,-4.9998856,0.16535432636737823,0.6930000185966492,0.3497999906539917
YBR198C,YNL284C-B,0,-4.9998884,0.16531488299369812,0.6930000185966492,0.3499000072479248
YER137C-A,YDR470C,0,-4.9998984,0.1652754545211792,0.6930000185966492,0.3499999940395355
YMR167W,YDR210C-D,0,-5.000025,0.16523605585098267,0.6930000185966492,0.35010001063346863
YDR268W,YGR180C,0,-5.0000396,0.16519665718078613,0.6930000185966492,0.35019999742507935
YBL075C,YDR210C-D,0,-5.0001197,0.165157288312912,0.6930000185966492,0.35030001401901245
YJL035C,YDR098C-A,0,-5.000337,0.16511793434619904,0.6930000185966492,0.35040000081062317
YDR214W,YGR027W-B,0,-5.0003943,0.16507861018180847,0.6930000185966492,0.3504999876022339
YFL035C,YER013W,0,-5.0004067,0.1650393009185791,0.6930000185966492,0.350600004196167
YMR087W,YDR316W-B,0,-5.0005217,0.16500000655651093,0.6930000185966492,0.3506999909877777
YDL079C,YPL060C-A,0,-5.000574,0.16496072709560394,0.6930000185966492,0.3508000075817108
YGR101W,YGR038C-A,0,-5.000595,0.16492146253585815,0.6930000185966492,0.35089999437332153
YGR109W-B,YGR167W,0,-5.0007534,0.16488222777843475,0.6930000185966492,0.35100001096725464
YBL005W-A,YPL060C-A,0,-5.000922,0.16484300792217255,0.6930000185966492,0.35109999775886536
YOR212W,YOR343W-B,0,-5.000996,0.16480380296707153,0.6930000185966492,0.35120001435279846
YMR316W,YGR027W-B,0,-5.001028,0.1647646278142929,0.6930000185966492,0.3513000011444092
YBR083W,YDR210C-D,0,-5.0010805,0.16472545266151428,0.6930000185966492,0.3513999879360199
YKR001C,YBR040W,0,-5.001531,0.16468630731105804,0.6930000185966492,0.351500004529953
YBR097W,YFL035C,0,-5.001611,0.1646471917629242,0.6930000185966492,0.3515999913215637
YOR349W,YGR289C,0,-5.0017643,0.16460807621479034,0.6930000185966492,0.3517000079154968
YOR343W-A,YDR499W,0,-5.0018406,0.16456899046897888,0.6930000185966492,0.35179999470710754
YGL019W,YEL019C,0,-5.001853,0.1645299196243286,0.6930000185966492,0.35190001130104065
YGR109W-B,YNL188W,0,-5.001862,0.16449086368083954,0.6930000185966492,0.35199999809265137
YML074C,YHR214C-C,0,-5.001957,0.16445182263851166,0.6930000185966492,0.3521000146865845
YGL240W,YDR188W,0,-5.0020075,0.16441281139850616,0.6930000185966492,0.3522000014781952
YFR024C,YER174C,0,-5.0020156,0.16437381505966187,0.6930000185966492,0.3522999882698059
YDR294C,YNL284C-B,0,-5.0020733,0.16433483362197876,0.6930000185966492,0.352400004863739
YMR016C,YOR206W,0,-5.0020876,0.16429588198661804,0.6930000185966492,0.35249999165534973
YBL106C,YOR192C-B,0,-5.0021152,0.16425693035125732,0.6930000185966492,0.35260000824928284
YBR102C,YOR201C,0,-5.002271,0.164218008518219,0.6930000185966492,0.35269999504089355
YGL213C,YER146W,1,-5.002283,0.16441601514816284,0.6940000057220459,0.35269999504089355
YER045C,YNL284C-B,0,-5.002316,0.16437707841396332,0.6940000057220459,0.35280001163482666
YPR137C-A,YGL252C,0,-5.002464,0.1643381416797638,0.6940000057220459,0.3528999984264374
YDR145W,YOR192C-B,0,-5.0025268,0.16429924964904785,0.6940000057220459,0.3529999852180481
YOL027C,YKR052C,0,-5.0025377,0.1642603576183319,0.6940000057220459,0.3531000018119812
YPL011C,YGL226C-A,0,-5.0025544,0.16422148048877716,0.6940000057220459,0.3531999886035919
YOR120W,YOR343W-B,0,-5.002907,0.1641826331615448,0.6940000057220459,0.353300005197525
YPR073C,YCL061C,0,-5.0029793,0.16414380073547363,0.6940000057220459,0.35339999198913574
YGR222W,YPL060C-A,0,-5.0030003,0.16410498321056366,0.6940000057220459,0.35350000858306885
YGR216C,YDR316W-B,0,-5.0030656,0.16406619548797607,0.6940000057220459,0.35359999537467957
YDR483W,YFL002W-A,0,-5.003089,0.16402742266654968,0.6940000057220459,0.35370001196861267
YNL016W,YPL029W,1,-5.003125,0.16422495245933533,0.6949999928474426,0.35370001196861267
YER137C-A,YDR414C,0,-5.003277,0.16418614983558655,0.6949999928474426,0.3537999987602234
YDL142C,YOR192C-A,0,-5.003317,0.16414737701416016,0.6949999928474426,0.3538999855518341
YER018C,YPR158C-C,0,-5.003456,0.16410861909389496,0.6949999928474426,0.3540000021457672
YLR136C,YAL021C,1,-5.0034876,0.16430595517158508,0.6959999799728394,0.3540000021457672
YPR104C,YCL034W,0,-5.003543,0.1642671674489975,0.6959999799728394,0.35409998893737793
YER137C-A,YER179W,0,-5.003555,0.1642284095287323,0.6959999799728394,0.35420000553131104
YDR418W,YDR098C-A,0,-5.0036564,0.1641896665096283,0.6959999799728394,0.35429999232292175
YPR162C,YDR005C,0,-5.0036664,0.16415093839168549,0.6959999799728394,0.35440000891685486
YLR399C,YDR316W-B,0,-5.0036674,0.16411224007606506,0.6959999799728394,0.3544999957084656
YPL265W,YPR065W,0,-5.003756,0.16407355666160583,0.6959999799728394,0.3546000123023987
YLR265C,YER159C-A,0,-5.003857,0.1640348881483078,0.6959999799728394,0.3546999990940094
YNR038W,YOR343W-B,0,-5.003871,0.16399623453617096,0.6959999799728394,0.3547999858856201
YFL049W,YMR146C,0,-5.004134,0.1639575958251953,0.6959999799728394,0.3549000024795532
YLR226W,YGL254W,0,-5.004206,0.16391898691654205,0.6959999799728394,0.35499998927116394
YER016W,YGR027W-B,0,-5.0042686,0.16388039290905,0.6959999799728394,0.35510000586509705
YPR067W,YPL206C,0,-5.0043263,0.16384181380271912,0.6959999799728394,0.35519999265670776
YDL077C,YDR210W-A,0,-5.0043325,0.16380324959754944,0.6959999799728394,0.35530000925064087
YPR018W,YGR161C-C,0,-5.0043325,0.16376470029354095,0.6959999799728394,0.3553999960422516
YCL005W-A,YDR247W,0,-5.0043902,0.16372618079185486,0.6959999799728394,0.3555000126361847
YHL034C,YDR210C-D,0,-5.0043983,0.16368767619132996,0.6959999799728394,0.3555999994277954
YKL055C,YLR467W,0,-5.0044045,0.16364918649196625,0.6959999799728394,0.35569998621940613
YOL091W,YGR161C-D,0,-5.0044274,0.16361072659492493,0.6959999799728394,0.35580000281333923
YNL003C,YOR192C-B,0,-5.004609,0.1635722666978836,0.6959999799728394,0.35589998960494995
YGR268C,YGR027W-B,0,-5.0047145,0.16353383660316467,0.6959999799728394,0.35600000619888306
YGR063C,YLR394W,0,-5.004837,0.16349542140960693,0.6959999799728394,0.3560999929904938
YMR305C,YHR214C-C,0,-5.0049024,0.1634570211172104,0.6959999799728394,0.3562000095844269
YPR158C-C,YPR120C,0,-5.0049133,0.16341863572597504,0.6959999799728394,0.3562999963760376
YBR026C,YNL284C-B,0,-5.0049343,0.16338028013706207,0.6959999799728394,0.3564000129699707
YLR227W-B,YJL010C,0,-5.005029,0.1633419394493103,0.6959999799728394,0.3564999997615814
YDL006W,YPR137C-B,0,-5.0051246,0.16330361366271973,0.6959999799728394,0.35659998655319214
YIL038C,YCR077C,1,-5.0052905,0.1634998768568039,0.6970000267028809,0.35659998655319214
YLR295C,YPL060C-A,0,-5.005348,0.16346153616905212,0.6970000267028809,0.35670000314712524
YER045C,YML007W,0,-5.0053716,0.16342321038246155,0.6970000267028809,0.35679998993873596
YNL169C,YGR027W-A,0,-5.00548,0.16338489949703217,0.6970000267028809,0.35690000653266907
YBL080C,YER094C,0,-5.0054884,0.16334661841392517,0.6970000267028809,0.3569999933242798
YGR027W-A,YDL140C,0,-5.0055027,0.16330833733081818,0.6970000267028809,0.3571000099182129
YOR109W,YER145C,0,-5.005655,0.16327008605003357,0.6970000267028809,0.3571999967098236
YLR295C,YKL141W,0,-5.005678,0.16323184967041016,0.6970000267028809,0.3573000133037567
YJL010C,YGR027W-B,0,-5.005692,0.16319362819194794,0.6970000267028809,0.35740000009536743
YDR397C,YDR057W,0,-5.0057817,0.1631554365158081,0.6970000267028809,0.35749998688697815
YOR243C,YPL274W,0,-5.0058007,0.16311724483966827,0.6970000267028809,0.35760000348091125
YKR056W,YOR210W,0,-5.0059834,0.16307908296585083,0.6970000267028809,0.357699990272522
YMR184W,YJR112W,0,-5.006107,0.16304093599319458,0.6970000267028809,0.3578000068664551
YHR214C-C,YLR403W,0,-5.0061183,0.16300280392169952,0.6970000267028809,0.3578999936580658
YLR256W-A,YDR217C,0,-5.00626,0.16296470165252686,0.6970000267028809,0.3580000102519989
YPL101W,YDL046W,0,-5.006453,0.1629265993833542,0.6970000267028809,0.3580999970436096
YPL202C,YMR011W,0,-5.0066714,0.1628885269165039,0.6970000267028809,0.3582000136375427
YML024W,YOR038C,0,-5.006675,0.16285046935081482,0.6970000267028809,0.35830000042915344
YKL206C,YFL024C,0,-5.0068707,0.16281242668628693,0.6970000267028809,0.35839998722076416
YLR015W,YGR275W,0,-5.0070543,0.16277439892292023,0.6970000267028809,0.35850000381469727
YLL021W,YDR495C,0,-5.0071235,0.16273640096187592,0.6970000267028809,0.358599990606308
YCR020C,YOR192C-B,0,-5.0073247,0.1626984179019928,0.6970000267028809,0.3587000072002411
YLR215C,YER159C-A,0,-5.007408,0.16266044974327087,0.6970000267028809,0.3587999939918518
YPL050C,YER159C-A,0,-5.00755,0.16262249648571014,0.6970000267028809,0.3589000105857849
YDL055C,YOR343W-B,0,-5.00759,0.1625845581293106,0.6970000267028809,0.35899999737739563
YIR008C,YOL020W,0,-5.0076466,0.16254663467407227,0.6970000267028809,0.35910001397132874
YDR079W,YGR027W-B,0,-5.0077214,0.1625087410211563,0.6970000267028809,0.35920000076293945
YHR133C,YHR214C-C,0,-5.007798,0.16247086226940155,0.6970000267028809,0.35929998755455017
YGR085C,YOR348C,0,-5.0078053,0.16243299841880798,0.6970000267028809,0.3594000041484833
YOR192C-A,YMR104C,0,-5.0079856,0.1623951494693756,0.6970000267028809,0.359499990940094
YDR210W-A,YKL190W,0,-5.008106,0.16235733032226562,0.6970000267028809,0.3596000075340271
YIL014W,YCR084C,0,-5.008157,0.16231951117515564,0.6970000267028809,0.3596999943256378
YKL220C,YNL061W,0,-5.0083356,0.16228172183036804,0.6970000267028809,0.3598000109195709
YKR022C,YBR082C,0,-5.008401,0.16224394738674164,0.6970000267028809,0.35989999771118164
YHR115C,YDR210C-D,0,-5.008449,0.16220618784427643,0.6970000267028809,0.36000001430511475
YER159C-A,YBR069C,0,-5.0084844,0.1621684432029724,0.6970000267028809,0.36010000109672546
YKL145W,YPR158C-C,0,-5.008544,0.16213072836399078,0.6970000267028809,0.3601999878883362
YKL095W,YOR343W-A,0,-5.0085793,0.16209302842617035,0.6970000267028809,0.3603000044822693
YGR161C-C,YDR516C,0,-5.008776,0.1620553433895111,0.6970000267028809,0.36039999127388
YDR205W,YGL226C-A,0,-5.0087833,0.16201767325401306,0.6970000267028809,0.3605000078678131
YAL020C,YOR343W-B,0,-5.008829,0.1619800180196762,0.6970000267028809,0.36059999465942383
YLR418C,YMR087W,0,-5.0089974,0.16194237768650055,0.6970000267028809,0.36070001125335693
YMR238W,YOR343W-B,0,-5.009064,0.16190476715564728,0.6970000267028809,0.36079999804496765
YMR275C,YER005W,0,-5.0091076,0.161867156624794,0.6970000267028809,0.36090001463890076
YJR120W,YJL168C,0,-5.009319,0.16182957589626312,0.6970000267028809,0.3610000014305115
YLR056W,YPR055W,0,-5.0093927,0.16179201006889343,0.6970000267028809,0.3610999882221222
YLL002W,YBR110W,0,-5.0093975,0.16175447404384613,0.6970000267028809,0.3612000048160553
YGL240W,YIL143C,0,-5.009398,0.16171693801879883,0.6970000267028809,0.361299991607666
YHR190W,YPL213W,0,-5.0094028,0.1616794317960739,0.6970000267028809,0.3614000082015991
YLR335W,YMR087W,0,-5.0099454,0.161641925573349,0.6970000267028809,0.36149999499320984
YDR210W-A,YOL145C,0,-5.009987,0.16160444915294647,0.6970000267028809,0.36160001158714294
YNL202W,YBR012W-A,0,-5.010077,0.16156698763370514,0.6970000267028809,0.36169999837875366
YLR157C-B,YJR046W,0,-5.0103893,0.161529541015625,0.6970000267028809,0.3617999851703644
YAL021C,YHR081W,1,-5.010408,0.16172382235527039,0.6980000138282776,0.3617999851703644
YOL077C,YOL103W-A,0,-5.010484,0.16168636083602905,0.6980000138282776,0.3619000017642975
YER045C,YGR027W-A,0,-5.0105696,0.1616489142179489,0.6980000138282776,0.3619999885559082
YGR220C,YDL217C,0,-5.010571,0.16161148250102997,0.6980000138282776,0.3621000051498413
YKL112W,YDR227W,0,-5.010703,0.1615740805864334,0.6980000138282776,0.362199991941452
YLR229C,YIL063C,0,-5.010809,0.16153667867183685,0.6980000138282776,0.36230000853538513
YOR142W-A,YER007W,0,-5.0108624,0.16149930655956268,0.6980000138282776,0.36239999532699585
YGR109W-A,YMR272C,0,-5.010886,0.1614619493484497,0.6980000138282776,0.36250001192092896
YOR001W,YKL149C,1,-5.0108933,0.16165587306022644,0.6990000009536743,0.36250001192092896
YBR156C,YGR027W-B,0,-5.0109806,0.16161850094795227,0.6990000009536743,0.3625999987125397
YDR098C-B,YGL061C,0,-5.011071,0.1615811437368393,0.6990000009536743,0.3626999855041504
YMR277W,YOR038C,0,-5.0111547,0.1615438014268875,0.6990000009536743,0.3628000020980835
YKL041W,YCR034W,0,-5.0112314,0.16150647401809692,0.6990000009536743,0.3628999888896942
YGL191W,YDR098C-B,0,-5.0112886,0.16146916151046753,0.6990000009536743,0.3630000054836273
YOR142W-A,YLR291C,0,-5.011308,0.16143186390399933,0.6990000009536743,0.36309999227523804
YPR158C-C,YOL020W,0,-5.011312,0.16139459609985352,0.6990000009536743,0.36320000886917114
YLR242C,YML104C,0,-5.0116053,0.1613573431968689,0.6990000009536743,0.36329999566078186
YER111C,YPL037C,0,-5.011653,0.16132010519504547,0.6990000009536743,0.36340001225471497
YKL013C,YER108C,0,-5.0117855,0.16128288209438324,0.6990000009536743,0.3634999990463257
YHR190W,YBR293W,0,-5.011808,0.1612456738948822,0.6990000009536743,0.3635999858379364
YKL040C,YIL112W,0,-5.0118957,0.16120848059654236,0.6990000009536743,0.3637000024318695
YKL082C,YGR027W-B,0,-5.012022,0.1611713171005249,0.6990000009536743,0.3637999892234802
YNL080C,YOL080C,0,-5.012097,0.16113416850566864,0.6990000009536743,0.36390000581741333
YOR343W-A,YKR014C,0,-5.0124717,0.16109701991081238,0.6990000009536743,0.36399999260902405
YOR343W-A,YIL036W,0,-5.0125427,0.1610599011182785,0.6990000009536743,0.36410000920295715
YPL200W,YBL005W-B,0,-5.0127745,0.16102281212806702,0.6990000009536743,0.36419999599456787
YLR207W,YDR214W,0,-5.0128436,0.16098572313785553,0.6990000009536743,0.364300012588501
YNL142W,YJR045C,0,-5.0129147,0.16094864904880524,0.6990000009536743,0.3643999993801117
YHR214C-C,YLR196W,0,-5.0129685,0.16091160476207733,0.6990000009536743,0.3644999861717224
YPR137C-A,YHR079C,0,-5.0133915,0.16087457537651062,0.6990000009536743,0.3646000027656555
YJR063W,YGR092W,0,-5.01345,0.1608375459909439,0.6990000009536743,0.36469998955726624
YGR109W-B,YAL058W,0,-5.013471,0.16080054640769958,0.6990000009536743,0.36480000615119934
YHR214C-C,YDR046C,0,-5.0134892,0.16076357662677765,0.6990000009536743,0.36489999294281006
YOR212W,YJL176C,0,-5.01355,0.1607266068458557,0.6990000009536743,0.36500000953674316
YNL047C,YKR024C,0,-5.0136247,0.16068965196609497,0.6990000009536743,0.3650999963283539
YLL022C,YBL014C,0,-5.013733,0.16065272688865662,0.6990000009536743,0.365200012922287
YMR087W,YDR040C,0,-5.0139008,0.16061580181121826,0.6990000009536743,0.3652999997138977
YPR158W-B,YFR008W,0,-5.013915,0.1605789065361023,0.6990000009536743,0.3653999865055084
YFR014C,YGR027W-B,0,-5.0140777,0.16054202616214752,0.6990000009536743,0.36550000309944153
YLR136C,YOL139C,1,-5.014182,0.16073478758335114,0.699999988079071,0.36550000309944153
YLR256W-A,YAL033W,0,-5.0142937,0.16069789230823517,0.699999988079071,0.36559998989105225
YDL035C,YGL086W,0,-5.0144773,0.1606610119342804,0.699999988079071,0.36570000648498535
YPR158W-A,YDL126C,0,-5.014625,0.16062414646148682,0.699999988079071,0.36579999327659607
YOR192C-B,YML047C,0,-5.0146723,0.16058729588985443,0.699999988079071,0.3659000098705292
YMR313C,YIL105C,0,-5.0150414,0.16055046021938324,0.699999988079071,0.3659999966621399
YLR227W-B,YEL034W,0,-5.0150533,0.16051363945007324,0.699999988079071,0.366100013256073
YLR293C,YGR038C-B,0,-5.0152383,0.16047684848308563,0.699999988079071,0.3662000000476837
YOR142W-A,YGL183C,0,-5.0153346,0.16044005751609802,0.699999988079071,0.36629998683929443
YDL102W,YBR278W,0,-5.015669,0.1604032963514328,0.699999988079071,0.36640000343322754
YER137C-A,YGL068W,0,-5.0157843,0.16036655008792877,0.699999988079071,0.36649999022483826
YDR362C,YGR027W-A,0,-5.0158443,0.16032981872558594,0.699999988079071,0.36660000681877136
YDR210C-D,YBR154C,0,-5.0158973,0.1602931022644043,0.699999988079071,0.3666999936103821
YLR418C,YDR080W,0,-5.0160213,0.16025641560554504,0.699999988079071,0.3668000102043152
YKL101W,YDR375C,0,-5.0160522,0.1602197289466858,0.699999988079071,0.3668999969959259
YHR204W,YLR157C-B,0,-5.0163283,0.16018307209014893,0.699999988079071,0.367000013589859
YAR019C,YNL246W,0,-5.016409,0.16014641523361206,0.699999988079071,0.3671000003814697
YHR039C-B,YJL058C,0,-5.0164347,0.16010978817939758,0.699999988079071,0.36719998717308044
YPR032W,YDR388W,0,-5.0164566,0.1600731760263443,0.699999988079071,0.36730000376701355
YOR287C,YDR294C,0,-5.0164795,0.1600365787744522,0.699999988079071,0.36739999055862427
YLR047C,YEL037C,0,-5.0164957,0.1599999964237213,0.699999988079071,0.3675000071525574
YLL021W,YNL136W,0,-5.0165305,0.1599634438753128,0.699999988079071,0.3675999939441681
YOL006C,YAL033W,0,-5.016795,0.1599268913269043,0.699999988079071,0.3677000105381012
YER137C-A,YML061C,0,-5.017062,0.15989035367965698,0.699999988079071,0.3677999973297119
YBR211C,YGR161C-C,0,-5.0171633,0.15985384583473206,0.699999988079071,0.367900013923645
YLR133W,YGL119W,0,-5.0172048,0.15981735289096832,0.699999988079071,0.36800000071525574
YPR158W-A,YOR287C,0,-5.0172276,0.15978087484836578,0.699999988079071,0.36809998750686646
YML132W,YER168C,0,-5.017278,0.15974441170692444,0.699999988079071,0.36820000410079956
YBR159W,YGR275W,0,-5.017496,0.1597079634666443,0.699999988079071,0.3682999908924103
YDR096W,YGL033W,0,-5.0175815,0.15967153012752533,0.699999988079071,0.3684000074863434
YBL005W-B,YFR001W,0,-5.0179763,0.15963512659072876,0.699999988079071,0.3684999942779541
YJL012C-A,YNL037C,0,-5.0179777,0.1595987230539322,0.699999988079071,0.3686000108718872
YFL011W-A,YDR143C,0,-5.01826,0.159562349319458,0.699999988079071,0.3686999976634979
YJL127C,YER054C,0,-5.018428,0.15952597558498383,0.699999988079071,0.36880001425743103
YOR076C,YDL165W,1,-5.0187106,0.15971747040748596,0.7009999752044678,0.36880001425743103
YBL026W,YLR136C,1,-5.0187945,0.15990889072418213,0.7020000219345093,0.36880001425743103
YGR109W-B,YGL136C,0,-5.018979,0.15987247228622437,0.7020000219345093,0.36890000104904175
YHR119W,YLR410W-B,0,-5.0190263,0.1598360687494278,0.7020000219345093,0.36899998784065247
YMR026C,YGR004W,0,-5.019059,0.15979968011379242,0.7020000219345093,0.36910000443458557
YCR066W,YBR296C,0,-5.0191197,0.15976330637931824,0.7020000219345093,0.3691999912261963
YGR027W-A,YJR069C,0,-5.0191445,0.15972696244716644,0.7020000219345093,0.3693000078201294
YOL128C,YNL026W,0,-5.019186,0.15969063341617584,0.7020000219345093,0.3693999946117401
YGR027W-A,YGL151W,0,-5.0194755,0.15965430438518524,0.7020000219345093,0.3695000112056732
YCR072C,YKR039W,0,-5.0198007,0.15961800515651703,0.7020000219345093,0.36959999799728394
YFL049W,YDR210C-D,0,-5.0198307,0.15958172082901,0.7020000219345093,0.36970001459121704
YGL120C,YDR142C,0,-5.019873,0.15954545140266418,0.7020000219345093,0.36980000138282776
YBL090W,YGL183C,0,-5.0199933,0.15950919687747955,0.7020000219345093,0.3698999881744385
YKL113C,YGR109W-A,0,-5.0202093,0.1594729721546173,0.7020000219345093,0.3700000047683716
YOR298W,YOR343W-B,0,-5.020327,0.15943674743175507,0.7020000219345093,0.3700999915599823
YCR014C,YCL031C,0,-5.0204887,0.15940053761005402,0.7020000219345093,0.3702000081539154
YPL122C,YBL005W-B,0,-5.020525,0.15936435759067535,0.7020000219345093,0.3702999949455261
YGR161W-B,YFL013C,0,-5.0205407,0.15932819247245789,0.7020000219345093,0.37040001153945923
YPR137C-A,YML075C,0,-5.0207534,0.1592920422554016,0.7020000219345093,0.37049999833106995
YGL142C,YOR315W,0,-5.0208735,0.15925589203834534,0.7020000219345093,0.37059998512268066
YOR049C,YJR033C,0,-5.02104,0.15921977162361145,0.7020000219345093,0.37070000171661377
YDR451C,YPL078C,0,-5.021049,0.15918366611003876,0.7020000219345093,0.3707999885082245
YJR063W,YBR231C,0,-5.021134,0.15914759039878845,0.7020000219345093,0.3709000051021576
YNL094W,YGR038C-A,0,-5.021146,0.15911151468753815,0.7020000219345093,0.3709999918937683
YGR200C,YOL103W-A,0,-5.0213213,0.15907545387744904,0.7020000219345093,0.3711000084877014
YNL161W,YBL013W,0,-5.0214224,0.1590394228696823,0.7020000219345093,0.37119999527931213
YDL064W,YDR515W,0,-5.0214324,0.1590033918619156,0.7020000219345093,0.37130001187324524
YMR224C,YGR038C-A,0,-5.021652,0.15896739065647125,0.7020000219345093,0.37139999866485596
YIR011C,YOR023C,0,-5.021674,0.1589314043521881,0.7020000219345093,0.3714999854564667
YOR260W,YER089C,0,-5.0217705,0.15889543294906616,0.7020000219345093,0.3716000020503998
YLR405W,YHR135C,0,-5.021771,0.1588594764471054,0.7020000219345093,0.3716999888420105
YBR295W,YER125W,0,-5.0219283,0.15882353484630585,0.7020000219345093,0.3718000054359436
YNL169C,YFR037C,0,-5.0219564,0.15878760814666748,0.7020000219345093,0.3718999922275543
YPR158W-A,YKL013C,0,-5.02199,0.1587516963481903,0.7020000219345093,0.3720000088214874
YLR405W,YER159C-A,0,-5.0221024,0.15871579945087433,0.7020000219345093,0.37209999561309814
YGR178C,YHR056C,0,-5.0223284,0.15867993235588074,0.7020000219345093,0.37220001220703125
YPR137C-A,YMR087W,0,-5.0223856,0.15864406526088715,0.7020000219345093,0.37229999899864197
YHR214C-C,YLR189C,0,-5.022438,0.15860822796821594,0.7020000219345093,0.3723999857902527
YML052W,YEL003W,0,-5.022479,0.15857239067554474,0.7020000219345093,0.3725000023841858
YNL271C,YNR046W,0,-5.022648,0.15853658318519592,0.7020000219345093,0.3725999891757965
YMR050C,YPR032W,0,-5.022663,0.1585007905960083,0.7020000219345093,0.3727000057697296
YFR024C,YFL026W,0,-5.022721,0.15846501290798187,0.7020000219345093,0.37279999256134033
YER159C-A,YGL126W,0,-5.02293,0.15842925012111664,0.7020000219345093,0.37290000915527344
YGR091W,YPL227C,0,-5.0230274,0.1583935022354126,0.7020000219345093,0.37299999594688416
YNL110C,YGR133W,0,-5.023039,0.15835776925086975,0.7020000219345093,0.37310001254081726
YCL027W,YBL039C,0,-5.0231,0.1583220511674881,0.7020000219345093,0.373199999332428
YDR461W,YBL056W,0,-5.0233417,0.15828636288642883,0.7020000219345093,0.3732999861240387
YHR214C-C,YNL248C,0,-5.02338,0.15825067460536957,0.7020000219345093,0.3734000027179718
YLR227W-B,YBR280C,0,-5.023593,0.1582150161266327,0.7020000219345093,0.3734999895095825
YPL257W-A,YLR048W,0,-5.0242844,0.1581793576478958,0.7020000219345093,0.3736000061035156
YMR026C,YER051W,0,-5.02465,0.15814372897148132,0.7020000219345093,0.37369999289512634
YDL051W,YHR214C-C,0,-5.0247526,0.15810811519622803,0.7020000219345093,0.37380000948905945
YCL075W,YBR004C,0,-5.024765,0.15807250142097473,0.7020000219345093,0.37389999628067017
YFL010W-A,YIL121W,0,-5.024811,0.15803691744804382,0.7020000219345093,0.37400001287460327
YJL106W,YJR141W,0,-5.025312,0.1580013483762741,0.7020000219345093,0.374099999666214
YNL166C,YMR213W,0,-5.025424,0.1579657942056656,0.7020000219345093,0.3741999864578247
YHR030C,YGR027W-B,0,-5.0254974,0.15793025493621826,0.7020000219345093,0.3743000030517578
YLR277C,YFL050C,0,-5.0255466,0.15789473056793213,0.7020000219345093,0.37439998984336853
YOR381W,YLR424W,0,-5.0258255,0.15785923600196838,0.7020000219345093,0.37450000643730164
YOR349W,YDL006W,0,-5.02627,0.15782374143600464,0.7020000219345093,0.37459999322891235
YMR005W,YER070W,0,-5.0263834,0.1577882617712021,0.7020000219345093,0.37470000982284546
YFR033C,YML025C,0,-5.0264926,0.15775281190872192,0.7020000219345093,0.3747999966144562
YGR216C,YPR199C,0,-5.0265455,0.15771736204624176,0.7020000219345093,0.3749000132083893
YLR340W,YDR098C-B,0,-5.026605,0.15768194198608398,0.7020000219345093,0.375
YKL138C-A,YGL105W,0,-5.0266795,0.1576465368270874,0.7020000219345093,0.3750999867916107
YLR206W,YPL048W,0,-5.026711,0.15761113166809082,0.7020000219345093,0.3752000033855438
YFL010W-A,YOL103W-A,0,-5.0268693,0.15757575631141663,0.7020000219345093,0.37529999017715454
YDL217C,YNL247W,0,-5.0268984,0.15754039585590363,0.7020000219345093,0.37540000677108765
YDR440W,YOL133W,0,-5.0270586,0.15750505030155182,0.7020000219345093,0.37549999356269836
YNL026W,YER072W,0,-5.0270777,0.1574697196483612,0.7020000219345093,0.37560001015663147
YCL035C,YPL257W-A,0,-5.0271425,0.1574344038963318,0.7020000219345093,0.3756999969482422
YDR477W,YDL064W,0,-5.027183,0.15739910304546356,0.7020000219345093,0.3758000135421753
YDR311W,YOR351C,0,-5.0272975,0.15736381709575653,0.7020000219345093,0.375900000333786
YER137C-A,YOL009C,0,-5.027396,0.1573285460472107,0.7020000219345093,0.37599998712539673
YJL065C,YJR086W,0,-5.027476,0.15729330480098724,0.7020000219345093,0.37610000371932983
YKR001C,YKL197C,0,-5.02755,0.1572580635547638,0.7020000219345093,0.37619999051094055
YPR158W-B,YMR067C,0,-5.0276155,0.15722283720970154,0.7020000219345093,0.37630000710487366
YNL020C,YGR027W-B,0,-5.0276866,0.15718764066696167,0.7020000219345093,0.3763999938964844
YKL055C,YOR023C,0,-5.0278378,0.1571524441242218,0.7020000219345093,0.3765000104904175
YMR202W,YKL143W,0,-5.0280614,0.15711727738380432,0.7020000219345093,0.3765999972820282
YER016W,YEL037C,0,-5.0281487,0.15708212554454803,0.7020000219345093,0.3767000138759613
YGR013W,YKL021C,0,-5.028384,0.15704697370529175,0.7020000219345093,0.376800000667572
YIL061C,YGL105W,0,-5.0286,0.15701185166835785,0.7020000219345093,0.37689998745918274
YFR027W,YDR170W-A,0,-5.02873,0.15697674453258514,0.7020000219345093,0.37700000405311584
YGR253C,YJR046W,0,-5.0289106,0.15694165229797363,0.7020000219345093,0.37709999084472656
YNR031C,YLR259C,0,-5.028925,0.15690657496452332,0.7020000219345093,0.37720000743865967
YCL005W-A,YBR289W,0,-5.0289536,0.1568715125322342,0.7020000219345093,0.3772999942302704
YOR014W,YDR170W-A,0,-5.0290184,0.15683646500110626,0.7020000219345093,0.3774000108242035
YCR073W-A,YLR403W,0,-5.0293307,0.15680143237113953,0.7020000219345093,0.3774999976158142
YJL001W,YCL020W,0,-5.029527,0.15676641464233398,0.7020000219345093,0.3776000142097473
YGR109W-B,YKL205W,0,-5.029769,0.15673141181468964,0.7020000219345093,0.37770000100135803
YHR039C-B,YBR233W-A,0,-5.029809,0.15669642388820648,0.7020000219345093,0.37779998779296875
YPL145C,YNL061W,0,-5.0301375,0.15666146576404572,0.7020000219345093,0.37790000438690186
YCL005W-A,YBR290W,0,-5.0302777,0.15662650763988495,0.7020000219345093,0.3779999911785126
YPL135W,YLL036C,0,-5.030374,0.15659156441688538,0.7020000219345093,0.3781000077724457
YLR129W,YLR316C,0,-5.0304956,0.1565566509962082,0.7020000219345093,0.3781999945640564
YER104W,YOR033C,0,-5.0308332,0.156521737575531,0.7020000219345093,0.3783000111579895
YMR087W,YFR008W,0,-5.0308766,0.1564868539571762,0.7020000219345093,0.3783999979496002
YHR111W,YDL028C,0,-5.0309715,0.1564519703388214,0.7020000219345093,0.3785000145435333
YNL075W,YDR323C,0,-5.031049,0.156417116522789,0.7020000219345093,0.37860000133514404
YPL096C-A,YOR373W,0,-5.0311117,0.1563822627067566,0.7020000219345093,0.37869998812675476
YLR186W,YLR424W,0,-5.03149,0.15634743869304657,0.7020000219345093,0.37880000472068787
YCL035C,YOL044W,0,-5.031537,0.15631262958049774,0.7020000219345093,0.3788999915122986
YJL186W,YLR157C-B,0,-5.0315633,0.1562778204679489,0.7020000219345093,0.3790000081062317
YOR076C,YIL079C,1,-5.0320964,0.15646561980247498,0.703000009059906,0.3790000081062317
YDL226C,YBR245C,0,-5.0325723,0.15643079578876495,0.703000009059906,0.3790999948978424
YLR363C,YJL140W,1,-5.0326304,0.15661846101284027,0.7039999961853027,0.3790999948978424
YKR095W-A,YPR055W,0,-5.033037,0.15658363699913025,0.7039999961853027,0.3792000114917755
YOR061W,YGR133W,0,-5.0331063,0.15654881298542023,0.7039999961853027,0.37929999828338623
YGR145W,YDR130C,0,-5.033277,0.1565140038728714,0.7039999961853027,0.37940001487731934
YKR089C,YBL005W-A,0,-5.0340047,0.15647922456264496,0.7039999961853027,0.37950000166893005
YOR349W,YJL018W,0,-5.034075,0.15644444525241852,0.7039999961853027,0.37959998846054077
YBR183W,YCR055C,0,-5.0344167,0.15640968084335327,0.7039999961853027,0.3797000050544739
YJL011C,YML033W,0,-5.0345244,0.1563749462366104,0.7039999961853027,0.3797999918460846
YFL011W-A,YOR373W,0,-5.0346036,0.15634021162986755,0.7039999961853027,0.3799000084400177
YPL155C,YHR170W,0,-5.034615,0.15630550682544708,0.7039999961853027,0.3799999952316284
YER108C,YBR070C,0,-5.0346923,0.1562708169221878,0.7039999961853027,0.3801000118255615
YOL105C,YDR062W,0,-5.0347114,0.15623612701892853,0.7039999961853027,0.38019999861717224
YHR005C-A,YOL103W-A,0,-5.0348086,0.15620146691799164,0.7039999961853027,0.38029998540878296
YDR337W,YOL012C,0,-5.03484,0.15616682171821594,0.7039999961853027,0.38040000200271606
YHR154W,YGL207W,0,-5.034965,0.15613217651844025,0.7039999961853027,0.3804999887943268
YOL113W,YML040W,0,-5.035126,0.15609756112098694,0.7039999961853027,0.3806000053882599
YKL080W,YML010W,0,-5.0354967,0.15606296062469482,0.7039999961853027,0.3806999921798706
YOR206W,YGR027W-A,0,-5.035708,0.1560283750295639,0.7039999961853027,0.3808000087738037
YOL139C,YLL013C,1,-5.0358467,0.1562153846025467,0.7049999833106995,0.3808000087738037
YKL108W,YLR410W-B,0,-5.0358973,0.15618076920509338,0.7049999833106995,0.38089999556541443
YHR007C,YMR038C,0,-5.0359383,0.15614618360996246,0.7049999833106995,0.38100001215934753
YER005W,YDR376W,0,-5.036196,0.15611159801483154,0.7049999833106995,0.38109999895095825
YBR159W,YBL055C,0,-5.036256,0.156077042222023,0.7049999833106995,0.38119998574256897
YOR033C,YGR253C,0,-5.036337,0.15604250133037567,0.7049999833106995,0.3813000023365021
YER051W,YLR410W-B,0,-5.0363703,0.15600796043872833,0.7049999833106995,0.3813999891281128
YBR102C,YLR337W,0,-5.036445,0.15597344934940338,0.7049999833106995,0.3815000057220459
YJL011C,YPL181W,0,-5.0367694,0.15593895316123962,0.7049999833106995,0.3815999925136566
YLR096W,YML130C,0,-5.0369415,0.15590447187423706,0.7049999833106995,0.3817000091075897
YFL041W,YNL001W,0,-5.037194,0.1558699905872345,0.7049999833106995,0.38179999589920044
YOR187W,YOL076W,0,-5.0372105,0.15583553910255432,0.7049999833106995,0.38190001249313354
YGR264C,YGR027W-A,0,-5.0377426,0.15580110251903534,0.7049999833106995,0.38199999928474426
YGR109W-B,YDR339C,0,-5.038169,0.15576668083667755,0.7049999833106995,0.382099986076355
YLR266C,YNL133C,0,-5.0382376,0.15573227405548096,0.7049999833106995,0.3822000026702881
YLR361C,YNL151C,0,-5.038615,0.15569788217544556,0.7049999833106995,0.3822999894618988
YPR138C,YDR316W-B,0,-5.038689,0.15566350519657135,0.7049999833106995,0.3824000060558319
YLR226W,YER108C,0,-5.038824,0.15562914311885834,0.7049999833106995,0.3824999928474426
YPR018W,YMR240C,0,-5.0388536,0.15559479594230652,0.7049999833106995,0.38260000944137573
YPR018W,YMR042W,0,-5.039003,0.1555604636669159,0.7049999833106995,0.38269999623298645
YAL068C,YKL048C,0,-5.039278,0.15552614629268646,0.7049999833106995,0.38280001282691956
YPL117C,YML047C,0,-5.0394607,0.15549184381961823,0.7049999833106995,0.3828999996185303
YJR120W,YOR174W,0,-5.0395193,0.15545755624771118,0.7049999833106995,0.382999986410141
YML109W,YML123C,0,-5.0396657,0.15542328357696533,0.7049999833106995,0.3831000030040741
YJR084W,YFL013C,0,-5.03975,0.15538902580738068,0.7049999833106995,0.3831999897956848
YPR122W,YOR343W-B,0,-5.039825,0.15535478293895721,0.7049999833106995,0.3833000063896179
YBL075C,YNR044W,0,-5.040241,0.15532055497169495,0.7049999833106995,0.38339999318122864
YBR240C,YDR080W,0,-5.0403,0.15528634190559387,0.7049999833106995,0.38350000977516174
YPR100W,YOL116W,0,-5.04047,0.155252143740654,0.7049999833106995,0.38359999656677246
YLR227W-B,YHR096C,0,-5.040535,0.1552179604768753,0.7049999833106995,0.38370001316070557
YKR029C,YBL016W,0,-5.0407367,0.1551837921142578,0.7049999833106995,0.3837999999523163
YGL092W,YPL283C,0,-5.0407453,0.1551496535539627,0.7049999833106995,0.383899986743927
YBR253W,YBL024W,0,-5.0407457,0.1551155149936676,0.7049999833106995,0.3840000033378601
YPL181W,YMR038C,0,-5.0409966,0.1550813913345337,0.7049999833106995,0.3840999901294708
YOR094W,YGR161C-D,0,-5.041164,0.15504728257656097,0.7049999833106995,0.38420000672340393
YJR063W,YEL017C-A,0,-5.041321,0.15501318871974945,0.7049999833106995,0.38429999351501465
YCR055C,YBR294W,0,-5.0417724,0.15497910976409912,0.7049999833106995,0.38440001010894775
YML033W,YDR323C,0,-5.041811,0.15494506061077118,0.7049999833106995,0.38449999690055847
YLR085C,YPR122W,0,-5.0418425,0.15491101145744324,0.7049999833106995,0.3846000134944916
YDR205W,YLR223C,0,-5.04193,0.1548769772052765,0.7049999833106995,0.3847000002861023
YBR042C,YNL312W,0,-5.0420794,0.15484295785427094,0.7049999833106995,0.384799987077713
YGR165W,YDR043C,0,-5.042128,0.15480895340442657,0.7049999833106995,0.3849000036716461
YJR022W,YLR452C,0,-5.0422144,0.1547749787569046,0.7049999833106995,0.38499999046325684
YOR076C,YER112W,1,-5.0426846,0.154960498213768,0.7059999704360962,0.38499999046325684
YLR153C,YPL155C,0,-5.0429187,0.15492649376392365,0.7059999704360962,0.38510000705718994
YOL130W,YAR044W,0,-5.0432196,0.15489248931407928,0.7059999704360962,0.38519999384880066
YDL232W,YJR043C,0,-5.043413,0.1548585146665573,0.7059999704360962,0.38530001044273376
YDR101C,YBR085W,0,-5.0434904,0.15482455492019653,0.7059999704360962,0.3853999972343445
YLR071C,YIL026C,0,-5.043887,0.15479061007499695,0.7059999704360962,0.3855000138282776
YKL220C,YCR075C,0,-5.043958,0.15475668013095856,0.7059999704360962,0.3856000006198883
YOR085W,YHR157W,0,-5.044358,0.15472276508808136,0.7059999704360962,0.385699987411499
YDR343C,YFL035C,0,-5.0448003,0.15468886494636536,0.7059999704360962,0.38580000400543213
YCL031C,YOR033C,0,-5.044872,0.15465497970581055,0.7059999704360962,0.38589999079704285
YMR021C,YHR167W,0,-5.045033,0.15462110936641693,0.7059999704360962,0.38600000739097595
YNR053C,YCR038C,0,-5.045437,0.1545872539281845,0.7059999704360962,0.38609999418258667
YGL172W,YDR002W,0,-5.0459642,0.15455341339111328,0.7059999704360962,0.3862000107765198
YBR193C,YBL003C,0,-5.0461435,0.15451958775520325,0.7059999704360962,0.3862999975681305
YHL009C,YLR002C,0,-5.0463843,0.1544857770204544,0.7059999704360962,0.3864000141620636
YNL008C,YML013W,0,-5.0466475,0.15445198118686676,0.7059999704360962,0.3865000009536743
YOR081C,YGR101W,0,-5.0466847,0.1544182002544403,0.7059999704360962,0.38659998774528503
YLR181C,YOR326W,0,-5.0471106,0.15438443422317505,0.7059999704360962,0.38670000433921814
YFR014C,YGL004C,0,-5.047124,0.15435068309307098,0.7059999704360962,0.38679999113082886
YJL122W,YLR126C,0,-5.047126,0.1543169468641281,0.7059999704360962,0.38690000772476196
YNL202W,YDL159W,0,-5.04741,0.15428321063518524,0.7059999704360962,0.3869999945163727
YGR268C,YBR004C,0,-5.047588,0.15424950420856476,0.7059999704360962,0.3871000111103058
YMR036C,YKR039W,0,-5.0480237,0.15421581268310547,0.7059999704360962,0.3871999979019165
YBR041W,YIL124W,0,-5.048155,0.15418213605880737,0.7059999704360962,0.3873000144958496
YGR109W-B,YHR006W,0,-5.048179,0.15414847433567047,0.7059999704360962,0.3874000012874603
YIL062C,YPL237W,0,-5.048388,0.15411482751369476,0.7059999704360962,0.38749998807907104
YNL016W,YPR189W,1,-5.048528,0.15429943799972534,0.7070000171661377,0.38749998807907104
YLR321C,YDR273W,0,-5.0486574,0.15426576137542725,0.7070000171661377,0.38760000467300415
YPL082C,YJR102C,0,-5.048675,0.15423211455345154,0.7070000171661377,0.38769999146461487
YAL023C,YKR095W-A,0,-5.0489006,0.15419846773147583,0.7070000171661377,0.387800008058548
YJL012C-A,YER129W,0,-5.048909,0.1541648507118225,0.7070000171661377,0.3878999948501587
YIL131C,YNR032C-A,0,-5.049859,0.1541312336921692,0.7070000171661377,0.3880000114440918
YDR027C,YGL030W,0,-5.0501394,0.15409764647483826,0.7070000171661377,0.3880999982357025
YDR296W,YOR078W,0,-5.0501404,0.15406405925750732,0.7070000171661377,0.3882000148296356
YML121W,YDR356W,0,-5.0501986,0.15403050184249878,0.7070000171661377,0.38830000162124634
YBR154C,YOR180C,0,-5.0505896,0.15399694442749023,0.7070000171661377,0.38839998841285706
YMR175W,YGR161C-D,0,-5.0506153,0.15396341681480408,0.7070000171661377,0.38850000500679016
YLR427W,YDR227W,0,-5.050911,0.15392988920211792,0.7070000171661377,0.3885999917984009
YFL035C-A,YBL075C,0,-5.050931,0.15389639139175415,0.7070000171661377,0.388700008392334
YHR124W,YDL059C,0,-5.0512652,0.15386289358139038,0.7070000171661377,0.3887999951839447
YCL074W,YLR274W,0,-5.051652,0.1538294106721878,0.7070000171661377,0.3889000117778778
YDL079C,YOL122C,0,-5.051755,0.15379595756530762,0.7070000171661377,0.3889999985694885
YLR034C,YBR109C,0,-5.0520144,0.15376250445842743,0.7070000171661377,0.38909998536109924
YMR211W,YPL181W,0,-5.052178,0.15372906625270844,0.7070000171661377,0.38920000195503235
YKR059W,YBR215W,0,-5.0522957,0.15369565784931183,0.7070000171661377,0.38929998874664307
YLR249W,YJL115W,0,-5.0523443,0.15366224944591522,0.7070000171661377,0.38940000534057617
YCL051W,YIL160C,0,-5.0523505,0.1536288559436798,0.7070000171661377,0.3894999921321869
YLR321C,YJL018W,0,-5.0524783,0.1535954773426056,0.7070000171661377,0.38960000872612
YEL002C,YML062C,0,-5.0525393,0.15356211364269257,0.7070000171661377,0.3896999955177307
YIL017W,YPL274W,0,-5.0526466,0.15352877974510193,0.7070000171661377,0.3898000121116638
YBR130C,YJL127C,0,-5.052705,0.1534954458475113,0.7070000171661377,0.38989999890327454
YNL008C,YBR158W,0,-5.052733,0.15346212685108185,0.7070000171661377,0.38999998569488525
YML064C,YDR225W,0,-5.0528274,0.1534288227558136,0.7070000171661377,0.39010000228881836
YLR447C,YJL093C,0,-5.0533557,0.15339553356170654,0.7070000171661377,0.3901999890804291
YMR139W,YBL099W,0,-5.0534344,0.15336225926876068,0.7070000171661377,0.3903000056743622
YPL021W,YGL047W,0,-5.0536594,0.153328999876976,0.7070000171661377,0.3903999924659729
YLR005W,YBR296C,0,-5.053714,0.15329575538635254,0.7070000171661377,0.390500009059906
YAL068C,YIL122W,0,-5.053716,0.15326252579689026,0.7070000171661377,0.3905999958515167
YBR274W,YDR303C,0,-5.053718,0.15322929620742798,0.7070000171661377,0.39070001244544983
YBL013W,YPL145C,0,-5.053796,0.15319609642028809,0.7070000171661377,0.39079999923706055
YKR052C,YBR002C,0,-5.0546265,0.1531629115343094,0.7070000171661377,0.39089998602867126
YGR279C,YER160C,0,-5.0549374,0.15312974154949188,0.7070000171661377,0.39100000262260437
YLR048W,YBL041W,0,-5.0551314,0.15309657156467438,0.7070000171661377,0.3910999894142151
YLR450W,YHR204W,0,-5.0557804,0.15306343138217926,0.7070000171661377,0.3912000060081482
YFL035C-A,YLL027W,0,-5.0561686,0.15303030610084534,0.7070000171661377,0.3912999927997589
YBR168W,YGL150C,0,-5.056183,0.1529971808195114,0.7070000171661377,0.391400009393692
YNL330C,YGR162W,0,-5.056266,0.15296408534049988,0.7070000171661377,0.39149999618530273
YGR109W-B,YFR041C,0,-5.056294,0.15293098986148834,0.7070000171661377,0.39160001277923584
YER133W,YPR033C,0,-5.0564303,0.1528979241847992,0.7070000171661377,0.39169999957084656
YNR075W,YGL168W,0,-5.0568733,0.15286485850811005,0.7070000171661377,0.3917999863624573
YCL027W,YMR104C,0,-5.057079,0.1528318226337433,0.7070000171661377,0.3919000029563904
YLR398C,YDL175C,1,-5.0571957,0.1530149132013321,0.7080000042915344,0.3919000029563904
YPR102C,YJL129C,0,-5.057216,0.15298184752464294,0.7080000042915344,0.3919999897480011
YNL243W,YML027W,0,-5.0572886,0.152948796749115,0.7080000042915344,0.3921000063419342
YJR141W,YGR008C,0,-5.0575094,0.15291576087474823,0.7080000042915344,0.3921999931335449
YDR337W,YBR200W,0,-5.058117,0.15288273990154266,0.7080000042915344,0.392300009727478
YLR399C,YLR071C,0,-5.058118,0.1528497338294983,0.7080000042915344,0.39239999651908875
YPR078C,YMR001C,0,-5.0582685,0.1528167426586151,0.7080000042915344,0.39250001311302185
YJL092W,YJL148W,0,-5.0583105,0.15278376638889313,0.7080000042915344,0.39259999990463257
YLR449W,YCR020C,0,-5.058776,0.15275080502033234,0.7080000042915344,0.3926999866962433
YDL142C,YCL074W,0,-5.0588703,0.15271785855293274,0.7080000042915344,0.3928000032901764
YBL084C,YIL124W,0,-5.0588794,0.15268492698669434,0.7080000042915344,0.3928999900817871
YBR030W,YHR079C,0,-5.0590625,0.15265201032161713,0.7080000042915344,0.3930000066757202
YOR224C,YBR107C,0,-5.0591917,0.15261909365653992,0.7080000042915344,0.39309999346733093
YKL009W,YJR091C,1,-5.0595145,0.1528017222881317,0.7089999914169312,0.39309999346733093
YER160C,YNL064C,0,-5.060113,0.1527688056230545,0.7089999914169312,0.39320001006126404
YDR156W,YJL170C,0,-5.0602436,0.1527358889579773,0.7089999914169312,0.39329999685287476
YNL008C,YCL062W,0,-5.0602875,0.15270298719406128,0.7089999914169312,0.39340001344680786
YDR151C,YDR183W,0,-5.060689,0.15267011523246765,0.7089999914169312,0.3935000002384186
YNL145W,YOL002C,0,-5.060958,0.15263724327087402,0.7089999914169312,0.3935999870300293
YMR188C,YBL005W-B,0,-5.061023,0.1526043862104416,0.7089999914169312,0.3937000036239624
YHR094C,YGR055W,0,-5.061036,0.15257155895233154,0.7089999914169312,0.3937999904155731
YDL101C,YMR240C,0,-5.061582,0.1525387316942215,0.7089999914169312,0.3939000070095062
YER061C,YOL039W,0,-5.0618386,0.15250591933727264,0.7089999914169312,0.39399999380111694
YGL066W,YGL112C,0,-5.061841,0.15247312188148499,0.7089999914169312,0.39410001039505005
YPR108W,YOL094C,0,-5.0619946,0.15244033932685852,0.7089999914169312,0.39419999718666077
YDR205W,YOL076W,0,-5.061999,0.15240757167339325,0.7089999914169312,0.39430001378059387
YLL018C-A,YER154W,0,-5.0620065,0.15237481892108917,0.7089999914169312,0.3944000005722046
YNL202W,YGR279C,0,-5.0620356,0.1523420661687851,0.7089999914169312,0.3944999873638153
YNL008C,YFR021W,0,-5.062208,0.1523093432188034,0.7089999914169312,0.3946000039577484
YDR030C,YBR040W,0,-5.0622487,0.1522766351699829,0.7089999914169312,0.39469999074935913
YDL095W,YIL123W,0,-5.0622625,0.15224392712116241,0.7089999914169312,0.39480000734329224
YML128C,YOR298W,0,-5.062347,0.1522112488746643,0.7089999914169312,0.39489999413490295
YIL065C,YDR400W,0,-5.062366,0.1521785855293274,0.7089999914169312,0.39500001072883606
YLR153C,YCR094W,0,-5.0624676,0.15214592218399048,0.7089999914169312,0.3950999975204468
YFL017W-A,YFL003C,0,-5.0625305,0.15211327373981476,0.7089999914169312,0.3952000141143799
YNL045W,YBR216C,0,-5.0628223,0.15208065509796143,0.7089999914169312,0.3953000009059906
YDL081C,YBR057C,0,-5.063103,0.1520480364561081,0.7089999914169312,0.3953999876976013
YKL025C,YDR375C,0,-5.0633173,0.15201543271541595,0.7089999914169312,0.3955000042915344
YGR108W,YCL032W,0,-5.0634646,0.151982843875885,0.7089999914169312,0.39559999108314514
YCR075C,YJL018W,0,-5.06362,0.15195028483867645,0.7089999914169312,0.39570000767707825
YOR363C,YBR039W,0,-5.0636435,0.1519177258014679,0.7089999914169312,0.39579999446868896
YDR025W,YLR381W,0,-5.0641026,0.15188518166542053,0.7089999914169312,0.39590001106262207
YGL092W,YDR320C-A,0,-5.0642934,0.15185265243053436,0.7089999914169312,0.3959999978542328
YGR122W,YDL087C,0,-5.0643463,0.1518201231956482,0.7089999914169312,0.3961000144481659
YGR085C,YKL101W,0,-5.0645733,0.1517876237630844,0.7089999914169312,0.3962000012397766
YGL226C-A,YBR296C,0,-5.064577,0.15175513923168182,0.7089999914169312,0.39629998803138733
YIL036W,YNL151C,0,-5.064632,0.15172265470027924,0.7089999914169312,0.39640000462532043
YMR204C,YKR081C,0,-5.064779,0.15169019997119904,0.7089999914169312,0.39649999141693115
YHR083W,YGL106W,0,-5.0648975,0.15165776014328003,0.7089999914169312,0.39660000801086426
YPR183W,YBL003C,0,-5.0649595,0.15162532031536102,0.7089999914169312,0.396699994802475
YDL033C,YGL225W,0,-5.065083,0.1515928953886032,0.7089999914169312,0.3968000113964081
YHR079C,YLR132C,0,-5.0654726,0.15156050026416779,0.7089999914169312,0.3968999981880188
YGL045W,YJL109C,0,-5.065765,0.15152810513973236,0.7089999914169312,0.3970000147819519
YJL085W,YMR177W,0,-5.0658736,0.15149572491645813,0.7089999914169312,0.3971000015735626
YNL227C,YBR247C,0,-5.0659933,0.1514633595943451,0.7089999914169312,0.39719998836517334
YGR054W,YNL317W,0,-5.066076,0.15143100917339325,0.7089999914169312,0.39730000495910645
YOL027C,YBR048W,0,-5.066114,0.1513986736536026,0.7089999914169312,0.39739999175071716
YOR076C,YOL142W,1,-5.0661573,0.1515798419713974,0.7099999785423279,0.39739999175071716
YOL091W,YPL206C,0,-5.0668674,0.15154749155044556,0.7099999785423279,0.39750000834465027
YIL017W,YJL214W,0,-5.067266,0.1515151560306549,0.7099999785423279,0.397599995136261
YGR074W,YOR372C,0,-5.067404,0.15148282051086426,0.7099999785423279,0.3977000117301941
YHR088W,YDL056W,0,-5.067413,0.151450514793396,0.7099999785423279,0.3977999985218048
YGL219C,YBR121C,0,-5.067478,0.15141820907592773,0.7099999785423279,0.3978999853134155
YEL030W,YHR167W,0,-5.0675907,0.15138593316078186,0.7099999785423279,0.39800000190734863
YMR013C,YGL257C,0,-5.0676427,0.151353657245636,0.7099999785423279,0.39809998869895935
YDL077C,YAR009C,0,-5.0682006,0.1513213962316513,0.7099999785423279,0.39820000529289246
YCR020W-B,YLR127C,0,-5.0682154,0.15128915011882782,0.7099999785423279,0.3982999920845032
YKR099W,YCL019W,0,-5.068299,0.15125691890716553,0.7099999785423279,0.3984000086784363
YOR201C,YHR086W,0,-5.068732,0.15122470259666443,0.7099999785423279,0.398499995470047
YER036C,YBR247C,0,-5.069076,0.15119250118732452,0.7099999785423279,0.3986000120639801
YOR287C,YGL136C,0,-5.0691786,0.1511603146791458,0.7099999785423279,0.3986999988555908
YJL034W,YDR170W-A,0,-5.0698724,0.1511281430721283,0.7099999785423279,0.39879998564720154
YLR372W,YPR070W,0,-5.069912,0.15109597146511078,0.7099999785423279,0.39890000224113464
YJL110C,YNL026W,0,-5.070138,0.15106382966041565,0.7099999785423279,0.39899998903274536
YER005W,YAR009C,0,-5.0702786,0.1510317027568817,0.7099999785423279,0.39910000562667847
YPL092W,YGR081C,0,-5.070395,0.15099957585334778,0.7099999785423279,0.3991999924182892
YJL138C,YLR288C,0,-5.070559,0.15096746385097504,0.7099999785423279,0.3993000090122223
YGR044C,YBR086C,0,-5.070706,0.1509353667497635,0.7099999785423279,0.399399995803833
YJL208C,YNL118C,1,-5.071038,0.15111583471298218,0.7110000252723694,0.399399995803833
YPR137W,YLR068W,0,-5.07139,0.15108372271060944,0.7110000252723694,0.3995000123977661
YGL035C,YPL241C,0,-5.0715938,0.1510516256093979,0.7110000252723694,0.39959999918937683
YDR443C,YMR214W,0,-5.071733,0.15101954340934753,0.7110000252723694,0.39969998598098755
YOL067C,YMR246W,0,-5.072067,0.15098747611045837,0.7110000252723694,0.39980000257492065
YGR186W,YBL071W-A,0,-5.0720825,0.1509554088115692,0.7110000252723694,0.39989998936653137
YKL020C,YDL056W,0,-5.072087,0.15092337131500244,0.7110000252723694,0.4000000059604645
YFL011W-A,YJL093C,0,-5.0721855,0.15089133381843567,0.7110000252723694,0.4000999927520752
YMR275C,YDR311W,0,-5.072287,0.15085932612419128,0.7110000252723694,0.4002000093460083
YNL329C,YKR062W,0,-5.0724716,0.1508273184299469,0.7110000252723694,0.400299996137619
YDL153C,YBL071W-A,0,-5.0725145,0.1507953405380249,0.7110000252723694,0.4004000127315521
YLR201C,YDL056W,0,-5.0725265,0.1507633626461029,0.7110000252723694,0.40049999952316284
YLL041C,YDR170W-A,0,-5.072803,0.1507313996553421,0.7110000252723694,0.40059998631477356
YGR037C,YLR035C-A,0,-5.0729036,0.1506994515657425,0.7110000252723694,0.40070000290870667
YDR260C,YHR023W,0,-5.072938,0.15066751837730408,0.7110000252723694,0.4007999897003174
YPL159C,YDL148C,0,-5.072951,0.15063560009002686,0.7110000252723694,0.4009000062942505
YKR036C,YBL045C,0,-5.073073,0.15060368180274963,0.7110000252723694,0.4009999930858612
YNL123W,YNL219C,0,-5.073207,0.1505717933177948,0.7110000252723694,0.4011000096797943
YNL225C,YFL002W-A,0,-5.0733013,0.15053990483283997,0.7110000252723694,0.40119999647140503
YDR424C,YOL020W,0,-5.073663,0.15050804615020752,0.7110000252723694,0.40130001306533813
YFR024C,YMR301C,0,-5.073675,0.15047618746757507,0.7110000252723694,0.40139999985694885
YPL234C,YCR020C,0,-5.0737104,0.15044434368610382,0.7110000252723694,0.40149998664855957
YGR158C,YLL013C,1,-5.0737505,0.150624081492424,0.7120000123977661,0.40149998664855957
YER049W,YJR091C,1,-5.074518,0.15080372989177704,0.7129999995231628,0.40149998664855957
YDR439W,YBL071W-A,0,-5.0746565,0.150771826505661,0.7129999995231628,0.4016000032424927
YBL024W,YBR278W,0,-5.0747433,0.15073995292186737,0.7129999995231628,0.4016999900341034
YGL183C,YPL118W,0,-5.075544,0.15070809423923492,0.7129999995231628,0.4018000066280365
YPL237W,YLL043W,0,-5.0756526,0.15067625045776367,0.7129999995231628,0.4018999934196472
YER154W,YPL065W,0,-5.0757666,0.15064440667629242,0.7129999995231628,0.4020000100135803
YBL090W,YBR085W,0,-5.076067,0.15061259269714355,0.7129999995231628,0.40209999680519104
YOL115W,YGL222C,1,-5.0763474,0.1507919728755951,0.7139999866485596,0.40209999680519104
YOR030W,YDL236W,0,-5.0764146,0.15076012909412384,0.7139999866485596,0.40220001339912415
YBR083W,YLR467W,0,-5.076528,0.15072831511497498,0.7139999866485596,0.40230000019073486
YMR119W,YNL026W,0,-5.0767655,0.1506965011358261,0.7139999866485596,0.4023999869823456
YMR240C,YOR007C,0,-5.0767765,0.15066470205783844,0.7139999866485596,0.4025000035762787
YPR102C,YBR233W-A,0,-5.076887,0.15063291788101196,0.7139999866485596,0.4025999903678894
YGL183C,YNL136W,0,-5.077165,0.15060113370418549,0.7139999866485596,0.4027000069618225
YBR119W,YNR015W,0,-5.0773377,0.1505693793296814,0.7139999866485596,0.4027999937534332
YDR325W,YPL096C-A,0,-5.0774274,0.1505376398563385,0.7139999866485596,0.40290001034736633
YNL279W,YGR008C,0,-5.0774384,0.1505059003829956,0.7139999866485596,0.40299999713897705
YML088W,YLR372W,0,-5.077672,0.1504741907119751,0.7139999866485596,0.40310001373291016
YGR161C,YLR424W,0,-5.0778375,0.1504424810409546,0.7139999866485596,0.4032000005245209
YDR508C,YLL021W,0,-5.0782228,0.15041078627109528,0.7139999866485596,0.4032999873161316
YLL012W,YNL164C,0,-5.078374,0.15037910640239716,0.7139999866485596,0.4034000039100647
YEL020W-A,YLR132C,0,-5.0783844,0.15034744143486023,0.7139999866485596,0.4034999907016754
YGL168W,YGR081C,0,-5.078495,0.1503157913684845,0.7139999866485596,0.4036000072956085
YJR119C,YFL039C,0,-5.0786195,0.15028415620326996,0.7139999866485596,0.40369999408721924
YCL066W,YGR132C,0,-5.0788374,0.15025252103805542,0.7139999866485596,0.40380001068115234
YIR018W,YHR099W,0,-5.0790124,0.15022091567516327,0.7139999866485596,0.40389999747276306
YJL209W,YEL015W,1,-5.079228,0.15039967000484467,0.7149999737739563,0.40389999747276306
YHR133C,YBL006C,0,-5.079306,0.15036803483963013,0.7149999737739563,0.40400001406669617
YGR268C,YJL127C,0,-5.079448,0.15033641457557678,0.7149999737739563,0.4041000008583069
YOL054W,YDR443C,0,-5.0805583,0.15030480921268463,0.7149999737739563,0.4041999876499176
YOR310C,YCL055W,0,-5.080709,0.15027321875095367,0.7149999737739563,0.4043000042438507
YGR171C,YGL254W,0,-5.0810275,0.1502416431903839,0.7149999737739563,0.4043999910354614
YGR104C,YLR277C,0,-5.0810747,0.15021008253097534,0.7149999737739563,0.40450000762939453
YMR210W,YBR247C,0,-5.0813794,0.15017853677272797,0.7149999737739563,0.40459999442100525
YCL008C,YDR457W,0,-5.0814977,0.1501469910144806,0.7149999737739563,0.40470001101493835
YGL216W,YLR132C,0,-5.0816526,0.1501154750585556,0.7149999737739563,0.4047999978065491
YPL203W,YLR265C,0,-5.081664,0.15008395910263062,0.7149999737739563,0.4049000144004822
YIL019W,YOR338W,0,-5.082043,0.15005247294902802,0.7149999737739563,0.4050000011920929
YIL062C,YOL008W,0,-5.082588,0.15002098679542542,0.7149999737739563,0.4050999879837036
YDR443C,YDL198C,0,-5.082812,0.149989515542984,0.7149999737739563,0.4052000045776367
YNL047C,YJL030W,0,-5.083206,0.1499580591917038,0.7149999737739563,0.40529999136924744
YJR006W,YGR296W,0,-5.0832977,0.14992660284042358,0.7149999737739563,0.40540000796318054
YGR024C,YPR020W,0,-5.083617,0.14989517629146576,0.7149999737739563,0.40549999475479126
YOL133W,YGL163C,0,-5.0841084,0.14986376464366913,0.7149999737739563,0.40560001134872437
YLR433C,YHR181W,0,-5.0841117,0.1498323529958725,0.7149999737739563,0.4056999981403351
YBR106W,YHR070W,0,-5.084395,0.14980097115039825,0.7149999737739563,0.4058000147342682
YKL185W,YJL019W,0,-5.0848513,0.149769589304924,0.7149999737739563,0.4059000015258789
YJR047C,YKL088W,0,-5.0852575,0.14973822236061096,0.7149999737739563,0.4059999883174896
YJL122W,YDR446W,0,-5.085327,0.1497068703174591,0.7149999737739563,0.40610000491142273
YGR178C,YEL003W,0,-5.085409,0.14967553317546844,0.7149999737739563,0.40619999170303345
YJL073W,YLR166C,0,-5.085822,0.14964419603347778,0.7149999737739563,0.40630000829696655
YPR068C,YLR165C,0,-5.085907,0.1496128886938095,0.7149999737739563,0.40639999508857727
YLR126C,YML085C,0,-5.08593,0.14958159625530243,0.7149999737739563,0.4065000116825104
YKR062W,YGR178C,0,-5.086116,0.14955030381679535,0.7149999737739563,0.4065999984741211
YLR223C,YLR035C,0,-5.08621,0.14951902627944946,0.7149999737739563,0.4066999852657318
YLR401C,YER007W,0,-5.0862927,0.14948776364326477,0.7149999737739563,0.4068000018596649
YHR181W,YFL026W,0,-5.086625,0.14945651590824127,0.7149999737739563,0.40689998865127563
YJL102W,YKR026C,0,-5.086918,0.14942528307437897,0.7149999737739563,0.40700000524520874
YPL175W,YKL130C,0,-5.087022,0.14939406514167786,0.7149999737739563,0.40709999203681946
YML114C,YBL005W-B,0,-5.0873117,0.14936286211013794,0.7149999737739563,0.40720000863075256
YER148W,YMR164C,0,-5.0874853,0.14933165907859802,0.7149999737739563,0.4072999954223633
YDL126C,YFR027W,0,-5.0874944,0.1493004858493805,0.7149999737739563,0.4074000120162964
YDL120W,YGL017W,0,-5.087768,0.14926931262016296,0.7149999737739563,0.4074999988079071
YJL102W,YDL201W,0,-5.0878043,0.14923815429210663,0.7149999737739563,0.4075999855995178
YBR211C,YJR112W,0,-5.088264,0.1492070108652115,0.7149999737739563,0.4077000021934509
YKR001C,YJR070C,0,-5.0883393,0.14917588233947754,0.7149999737739563,0.40779998898506165
YOR371C,YDR011W,0,-5.0883713,0.14914476871490479,0.7149999737739563,0.40790000557899475
YOL128C,YCR072C,0,-5.088674,0.14911365509033203,0.7149999737739563,0.40799999237060547
YOR048C,YDR425W,0,-5.0892096,0.14908257126808167,0.7149999737739563,0.4081000089645386
YBR012W-A,YPL118W,0,-5.089783,0.1490514874458313,0.7149999737739563,0.4081999957561493
YLR298C,YDR545W,0,-5.0901227,0.14902041852474213,0.7149999737739563,0.4083000123500824
YLR335W,YMR026C,0,-5.090631,0.14898937940597534,0.7149999737739563,0.4083999991416931
YLR183C,YHR190W,0,-5.0906897,0.14895834028720856,0.7149999737739563,0.40849998593330383
YOR110W,YOR032C,0,-5.0907054,0.14892730116844177,0.7149999737739563,0.40860000252723694
YPR112C,YDR409W,0,-5.0907907,0.14889629185199738,0.7149999737739563,0.40869998931884766
YPL078C,YDL109C,0,-5.0910053,0.14886529743671417,0.7149999737739563,0.40880000591278076
YBR278W,YCR088W,0,-5.0914664,0.14883430302143097,0.7149999737739563,0.4088999927043915
YBR136W,YIL112W,0,-5.0916023,0.14880332350730896,0.7149999737739563,0.4090000092983246
YBR201W,YNR038W,0,-5.0918274,0.14877237379550934,0.7149999737739563,0.4090999960899353
YML001W,YDL130W,0,-5.092732,0.14874142408370972,0.7149999737739563,0.4092000126838684
YNL075W,YLR337W,0,-5.093026,0.1487104892730713,0.7149999737739563,0.4092999994754791
YNL098C,YIL009W,0,-5.0933294,0.14867955446243286,0.7149999737739563,0.40939998626708984
YOR037W,YBR042C,0,-5.0934343,0.14864864945411682,0.7149999737739563,0.40950000286102295
YDL120W,YGL216W,0,-5.0934415,0.14861774444580078,0.7149999737739563,0.40959998965263367
YBR012W-A,YKL052C,0,-5.0936747,0.14858686923980713,0.7149999737739563,0.4097000062465668
YOR381W,YOR344C,0,-5.093837,0.14855599403381348,0.7149999737739563,0.4097999930381775
YCL026C-A,YKL040C,0,-5.09384,0.14852513372898102,0.7149999737739563,0.4099000096321106
YLR071C,YPR128C,0,-5.09389,0.14849428832530975,0.7149999737739563,0.4099999964237213
YLR035C-A,YGR113W,0,-5.0942454,0.14846345782279968,0.7149999737739563,0.4101000130176544
YDL078C,YBR107C,0,-5.0949435,0.1484326273202896,0.7149999737739563,0.41019999980926514
YDR171W,YGL151W,0,-5.094961,0.14840182662010193,0.7149999737739563,0.41029998660087585
YIL013C,YLR452C,0,-5.0950303,0.14837102591991425,0.7149999737739563,0.41040000319480896
YER154W,YLL061W,0,-5.0953965,0.14834025502204895,0.7149999737739563,0.4104999899864197
YDR259C,YBR109C,0,-5.095483,0.14830948412418365,0.7149999737739563,0.4106000065803528
YHR058C,YJL101C,0,-5.0957193,0.14827872812747955,0.7149999737739563,0.4106999933719635
YJL148W,YOR368W,0,-5.0958323,0.14824797213077545,0.7149999737739563,0.4108000099658966
YJR119C,YDR294C,0,-5.096035,0.14821724593639374,0.7149999737739563,0.4108999967575073
YNL227C,YDR150W,0,-5.096485,0.14818653464317322,0.7149999737739563,0.41100001335144043
YHR084W,YCR055C,0,-5.0965247,0.1481558233499527,0.7149999737739563,0.41110000014305115
YHR154W,YHL034C,0,-5.0965953,0.14812512695789337,0.7149999737739563,0.41119998693466187
YNL166C,YKL042W,0,-5.0966735,0.14809444546699524,0.7149999737739563,0.41130000352859497
YMR284W,YHR058C,0,-5.0967736,0.1480637788772583,0.7149999737739563,0.4113999903202057
YDR027C,YDR295C,0,-5.0968256,0.14803312718868256,0.7149999737739563,0.4115000069141388
YGR241C,YCL005W-A,0,-5.096829,0.148002490401268,0.7149999737739563,0.4115999937057495
YGL142C,YNL199C,0,-5.0968943,0.14797185361385345,0.7149999737739563,0.4117000102996826
YHL027W,YCL040W,0,-5.0969315,0.1479412317276001,0.7149999737739563,0.41179999709129333
YDR190C,YBR233W-A,0,-5.0970106,0.14791063964366913,0.7149999737739563,0.41190001368522644
YNL075W,YDL190C,0,-5.0970325,0.14788004755973816,0.7149999737739563,0.41200000047683716
YOL034W,YGR090W,0,-5.097467,0.1478494554758072,0.7149999737739563,0.4120999872684479
YNL259C,YGL249W,0,-5.0975,0.1478188931941986,0.7149999737739563,0.412200003862381
YCL067C,YBL005W-B,0,-5.0975637,0.14778834581375122,0.7149999737739563,0.4122999906539917
YMR072W,YIL117C,0,-5.0975904,0.14775779843330383,0.7149999737739563,0.4124000072479248
YLR071C,YCR083W,0,-5.0982723,0.14772726595401764,0.7149999737739563,0.4124999940395355
YCL066W,YLR357W,0,-5.0982904,0.14769676327705383,0.7149999737739563,0.41260001063346863
YGR044C,YDL093W,0,-5.0983925,0.14766626060009003,0.7149999737739563,0.41269999742507935
YGL252C,YNR011C,0,-5.098583,0.14763575792312622,0.7149999737739563,0.41280001401901245
YPL065W,YAL026C,0,-5.0986605,0.1476052850484848,0.7149999737739563,0.41290000081062317
YCL017C,YOL005C,0,-5.0991573,0.14757481217384338,0.7149999737739563,0.4129999876022339
YLR096W,YDR170W-A,0,-5.0993237,0.14754436910152435,0.7149999737739563,0.413100004196167
YHR050W,YDR083W,0,-5.099775,0.14751392602920532,0.7149999737739563,0.4131999909877777
YDR025W,YML109W,0,-5.099803,0.14748349785804749,0.7149999737739563,0.4133000075817108
YLR272C,YMR167W,0,-5.1000223,0.14745308458805084,0.7149999737739563,0.41339999437332153
YGL014W,YAL021C,1,-5.1001062,0.14762885868549347,0.7160000205039978,0.41339999437332153
YFL039C,YPR103W,0,-5.1004124,0.14759843051433563,0.7160000205039978,0.41350001096725464
YML092C,YAR014C,0,-5.100565,0.147568017244339,0.7160000205039978,0.41359999775886536
YDR138W,YNL279W,0,-5.1010365,0.14753760397434235,0.7160000205039978,0.41370001435279846
YHR157W,YHR120W,0,-5.1011295,0.1475072056055069,0.7160000205039978,0.4138000011444092
YCR035C,YLL013C,1,-5.1014524,0.1476828008890152,0.7170000076293945,0.4138000011444092
YIR010W,YDR170W-A,0,-5.101882,0.14765238761901855,0.7170000076293945,0.4138999879360199
YHR106W,YPR119W,0,-5.1020565,0.1476219892501831,0.7170000076293945,0.414000004529953
YPL055C,YGR055W,0,-5.102422,0.14759160578250885,0.7170000076293945,0.4140999913215637
YCL005W-A,YBL014C,0,-5.1024985,0.1475612223148346,0.7170000076293945,0.4142000079154968
YOL147C,YKR060W,0,-5.102695,0.14753086864948273,0.7170000076293945,0.41429999470710754
YNL311C,YJR026W,0,-5.1030574,0.14750051498413086,0.7170000076293945,0.41440001130104065
YGR217W,YML109W,0,-5.103154,0.14747017621994019,0.7170000076293945,0.41449999809265137
YOR363C,YOR171C,0,-5.103218,0.1474398523569107,0.7170000076293945,0.4146000146865845
YGL253W,YLR399C,0,-5.103267,0.14740954339504242,0.7170000076293945,0.4147000014781952
YPR007C,YBR069C,0,-5.1033406,0.14737923443317413,0.7170000076293945,0.4147999882698059
YDR224C,YNL279W,0,-5.1040244,0.14734895527362823,0.7170000076293945,0.414900004863739
YCL031C,YLR342W,0,-5.104346,0.14731867611408234,0.7170000076293945,0.41499999165534973
YMR211W,YDR481C,0,-5.104768,0.14728841185569763,0.7170000076293945,0.41510000824928284
YEL002C,YBL079W,0,-5.104883,0.14725816249847412,0.7170000076293945,0.41519999504089355
YKL009W,YDL111C,1,-5.1049223,0.14743326604366302,0.7179999947547913,0.41519999504089355
YNL202W,YPR081C,0,-5.105054,0.14740300178527832,0.7179999947547913,0.41530001163482666
YCL074W,YJL053W,0,-5.1051188,0.14737273752689362,0.7179999947547913,0.4153999984264374
YCR034W,YGR253C,0,-5.105155,0.1473425030708313,0.7179999947547913,0.4154999852180481
YDL056W,YAL026C,0,-5.1060452,0.14731226861476898,0.7179999947547913,0.4156000018119812
YFR027W,YML046W,0,-5.1061244,0.14728204905986786,0.7179999947547913,0.4156999886035919
YHR079C-A,YOR083W,0,-5.1064367,0.14725184440612793,0.7179999947547913,0.415800005197525
YOL093W,YGR279C,0,-5.1064415,0.1472216546535492,0.7179999947547913,0.41589999198913574
YCL026C-A,YKL099C,0,-5.1068225,0.14719146490097046,0.7179999947547913,0.41600000858306885
YLR360W,YPL204W,0,-5.107056,0.1471613049507141,0.7179999947547913,0.41609999537467957
YLR304C,YDR043C,0,-5.1073017,0.14713114500045776,0.7179999947547913,0.41620001196861267
YJL129C,YLR304C,0,-5.107361,0.1471009999513626,0.7179999947547913,0.4162999987602234
YFL035C-A,YLR362W,0,-5.108163,0.14707086980342865,0.7179999947547913,0.4163999855518341
YPL240C,YDR460W,0,-5.1081753,0.14704075455665588,0.7179999947547913,0.4165000021457672
YNR031C,YGR101W,0,-5.1084824,0.1470106542110443,0.7179999947547913,0.41659998893737793
YFR024C-A,YGL151W,0,-5.1085873,0.14698055386543274,0.7179999947547913,0.41670000553131104
YHR194W,YNR049C,0,-5.1086597,0.14695046842098236,0.7179999947547913,0.41679999232292175
YNL286W,YIL068C,0,-5.1087885,0.14692039787769318,0.7179999947547913,0.41690000891685486
YJL091C,YKR099W,0,-5.1089215,0.14689034223556519,0.7179999947547913,0.4169999957084656
YPL096C-A,YPR190C,0,-5.109101,0.1468603014945984,0.7179999947547913,0.4171000123023987
YMR055C,YLR051C,0,-5.109111,0.1468302607536316,0.7179999947547913,0.4171999990940094
YML128C,YDR143C,0,-5.109153,0.14680024981498718,0.7179999947547913,0.4172999858856201
YHR007C,YJL018W,0,-5.109255,0.14677023887634277,0.7179999947547913,0.4174000024795532
YLR242C,YDR259C,0,-5.1092896,0.14674024283885956,0.7179999947547913,0.41749998927116394
YJL109C,YGL249W,0,-5.109419,0.14671026170253754,0.7179999947547913,0.41760000586509705
YNR060W,YDR170W-A,0,-5.109676,0.14668028056621552,0.7179999947547913,0.41769999265670776
YFL011W-A,YDR363W,0,-5.109746,0.14665032923221588,0.7179999947547913,0.41780000925064087
YLR035C-A,YBR245C,0,-5.1098385,0.14662037789821625,0.7179999947547913,0.4178999960422516
YHR050W,YCR028C,0,-5.1099834,0.1465904414653778,0.7179999947547913,0.4180000126361847
YPL122C,YOR266W,0,-5.1101284,0.14656051993370056,0.7179999947547913,0.4180999994277954
YHL040C,YCL008C,0,-5.110366,0.1465306133031845,0.7179999947547913,0.41819998621940613
YOR243C,YBR233W-A,0,-5.110403,0.14650072157382965,0.7179999947547913,0.41830000281333923
YPL283C,YGL226C-A,0,-5.11045,0.1464708298444748,0.7179999947547913,0.41839998960494995
YBR247C,YBR061C,0,-5.1108985,0.14644095301628113,0.7179999947547913,0.41850000619888306
YOR078W,YBL016W,0,-5.110918,0.14641109108924866,0.7179999947547913,0.4185999929904938
YJL124C,YCR077C,1,-5.1111484,0.1465851217508316,0.718999981880188,0.4185999929904938
YDR156W,YGR013W,0,-5.111335,0.14655524492263794,0.718999981880188,0.4187000095844269
YHR094C,YAL029C,0,-5.111431,0.14652536809444427,0.718999981880188,0.4187999963760376
YDR175C,YGR113W,0,-5.111455,0.146495521068573,0.718999981880188,0.4189000129699707
YDR170W-A,YER032W,0,-5.111662,0.14646567404270172,0.718999981880188,0.4189999997615814
YPL011C,YML010W,0,-5.111667,0.14643584191799164,0.718999981880188,0.41909998655319214
YPR031W,YDR221W,0,-5.111712,0.14640602469444275,0.718999981880188,0.41920000314712524
YPL180W,YER025W,0,-5.1118813,0.14637622237205505,0.718999981880188,0.41929998993873596
YHL020C,YGR075C,0,-5.112117,0.14634643495082855,0.718999981880188,0.41940000653266907
YNL119W,YOL044W,0,-5.1121416,0.14631664752960205,0.718999981880188,0.4194999933242798
YDR221W,YCR031C,0,-5.112177,0.14628687500953674,0.718999981880188,0.4196000099182129
YEL002C,YER095W,0,-5.112322,0.14625711739063263,0.718999981880188,0.4196999967098236
YHL020C,YFL003C,0,-5.1125813,0.1462273746728897,0.718999981880188,0.4198000133037567
YMR161W,YLR085C,0,-5.112806,0.14619764685630798,0.718999981880188,0.41990000009536743
YBR236C,YOR007C,0,-5.112828,0.14616791903972626,0.718999981880188,0.41999998688697815
YKL009W,YOR001W,1,-5.1132646,0.1463414579629898,0.7200000286102295,0.41999998688697815
YHR193C,YPL124W,0,-5.1133337,0.14631173014640808,0.7200000286102295,0.42010000348091125
YHR158C,YNL312W,0,-5.113359,0.14628200232982635,0.7200000286102295,0.420199990272522
YGL025C,YDR469W,0,-5.1134863,0.14625228941440582,0.7200000286102295,0.4203000068664551
YPL234C,YOR298W,0,-5.113613,0.1462225764989853,0.7200000286102295,0.4203999936580658
YJR147W,YHR142W,0,-5.11374,0.14619289338588715,0.7200000286102295,0.4205000102519989
YPL106C,YHR118C,0,-5.1141295,0.146163210272789,0.7200000286102295,0.4205999970436096
YLR386W,YPL176C,0,-5.114177,0.14613355696201324,0.7200000286102295,0.4207000136375427
YGL011C,YER005W,0,-5.1142,0.1461038887500763,0.7200000286102295,0.42080000042915344
YFL025C,YHR120W,0,-5.114647,0.14607425034046173,0.7200000286102295,0.42089998722076416
YJL018W,YOR035C,0,-5.1147976,0.14604462683200836,0.7200000286102295,0.42100000381469727
YML031W,YDR225W,0,-5.115235,0.146015003323555,0.7200000286102295,0.421099990606308
YBR295W,YDR081C,0,-5.115486,0.14598539471626282,0.7200000286102295,0.4212000072002411
YBL097W,YAL011W,0,-5.115514,0.14595580101013184,0.7200000286102295,0.4212999939918518
YOR275C,YGR162W,0,-5.115925,0.14592622220516205,0.7200000286102295,0.4214000105857849
YLR372W,YKL074C,0,-5.116184,0.14589665830135345,0.7200000286102295,0.42149999737739563
YLR119W,YLR429W,0,-5.116244,0.14586709439754486,0.7200000286102295,0.42160001397132874
YDR320C-A,YOL148C,0,-5.116326,0.14583756029605865,0.7200000286102295,0.42170000076293945
YFL029C,YKR066C,0,-5.11648,0.14580802619457245,0.7200000286102295,0.42179998755455017
YDR224C,YOR171C,0,-5.1165314,0.14577849209308624,0.7200000286102295,0.4219000041484833
YOR327C,YML124C,0,-5.1165476,0.14574898779392242,0.7200000286102295,0.421999990940094
YDR310C,YGR122W,0,-5.1169505,0.1457194834947586,0.7200000286102295,0.4221000075340271
YGL049C,YNL188W,0,-5.117012,0.14569000899791718,0.7200000286102295,0.4221999943256378
YDR362C,YCR084C,0,-5.117281,0.14566053450107574,0.7200000286102295,0.4223000109195709
YLR189C,YLR215C,0,-5.1173167,0.1456310749053955,0.7200000286102295,0.42239999771118164
YNL112W,YJR091C,1,-5.1174088,0.14580383896827698,0.7210000157356262,0.42239999771118164
YOR047C,YJL003W,0,-5.1174297,0.14577436447143555,0.7210000157356262,0.42250001430511475
YDR437W,YDR108W,0,-5.1175575,0.14574488997459412,0.7210000157356262,0.42260000109672546
YOR294W,YCR063W,0,-5.11756,0.14571544528007507,0.7210000157356262,0.4226999878883362
YLR355C,YDR397C,0,-5.1175804,0.14568600058555603,0.7210000157356262,0.4228000044822693
YJL050W,YJR091C,1,-5.1177807,0.14585858583450317,0.722000002861023,0.4228000044822693
YMR188C,YNR043W,0,-5.1181097,0.14582912623882294,0.722000002861023,0.42289999127388
YOR284W,YOL125W,0,-5.1181374,0.1457996815443039,0.722000002861023,0.4230000078678131
YEL026W,YDR060W,0,-5.118162,0.14577023684978485,0.722000002861023,0.42309999465942383
YGL155W,YNL031C,0,-5.118359,0.1457408219575882,0.722000002861023,0.42320001125335693
YPL042C,YJR069C,0,-5.11841,0.14571140706539154,0.722000002861023,0.42329999804496765
YGL166W,YFL011W-A,0,-5.1187716,0.14568200707435608,0.722000002861023,0.42340001463890076
YPL271W,YCL020W,0,-5.1189756,0.14565260708332062,0.722000002861023,0.4235000014305115
YDR440W,YMR293C,0,-5.1192265,0.14562323689460754,0.722000002861023,0.4235999882221222
YOR047C,YDL014W,0,-5.1194887,0.14559386670589447,0.722000002861023,0.4237000048160553
YGR078C,YLR355C,0,-5.119606,0.1455645114183426,0.722000002861023,0.423799991607666
YIL017W,YHR079C,0,-5.119657,0.1455351710319519,0.722000002861023,0.4239000082015991
YDR060W,YPR010C,0,-5.119668,0.1455058455467224,0.722000002861023,0.42399999499320984
YLR238W,YDR091C,0,-5.1198473,0.14547652006149292,0.722000002861023,0.42410001158714294
YJR077C,YGL032C,0,-5.119881,0.14544722437858582,0.722000002861023,0.42419999837875366
YJL114W,YGL151W,0,-5.119981,0.1454179286956787,0.722000002861023,0.4242999851703644
YOR371C,YGL029W,0,-5.120306,0.1453886479139328,0.722000002861023,0.4244000017642975
YGR258C,YJL010C,0,-5.120402,0.1453593671321869,0.722000002861023,0.4244999885559082
YDL175C,YKL149C,1,-5.1205215,0.14553140103816986,0.7229999899864197,0.4244999885559082
YLL018C-A,YPR128C,0,-5.1208014,0.14550212025642395,0.7229999899864197,0.4246000051498413
YHR096C,YIL114C,0,-5.121035,0.14547283947467804,0.7229999899864197,0.424699991941452
YNL318C,YHR056C,0,-5.121054,0.14544357359409332,0.7229999899864197,0.42480000853538513
YDR145W,YIL080W,0,-5.121068,0.1454143226146698,0.7229999899864197,0.42489999532699585
YGL049C,YDR508C,0,-5.121561,0.14538508653640747,0.7229999899864197,0.42500001192092896
YPL040C,YLL041C,0,-5.1215935,0.14535585045814514,0.7229999899864197,0.4250999987125397
YDR416W,YHR187W,0,-5.121775,0.145326629281044,0.7229999899864197,0.4251999855041504
YBR214W,YJL018W,0,-5.1220403,0.14529742300510406,0.7229999899864197,0.4253000020980835
YGR161C,YAL056W,0,-5.1222587,0.14526823163032532,0.7229999899864197,0.4253999888896942
YER030W,YDL161W,0,-5.122301,0.14523905515670776,0.7229999899864197,0.4255000054836273
YGR181W,YKL056C,0,-5.1232896,0.1452098786830902,0.7229999899864197,0.42559999227523804
YER138C,YCR039C,0,-5.123351,0.14518071711063385,0.7229999899864197,0.42570000886917114
YLR451W,YML109W,0,-5.123415,0.14515157043933868,0.7229999899864197,0.42579999566078186
YIL072W,YOR020C,0,-5.1234264,0.1451224386692047,0.7229999899864197,0.42590001225471497
YBR012W-A,YBR040W,0,-5.123516,0.14509332180023193,0.7229999899864197,0.4259999990463257
YMR260C,YDL109C,0,-5.1237864,0.14506420493125916,0.7229999899864197,0.4260999858379364
YPL022W,YOL130W,0,-5.1239176,0.14503510296344757,0.7229999899864197,0.4262000024318695
YGR080W,YDL077C,0,-5.124096,0.14500601589679718,0.7229999899864197,0.4262999892234802
YOR367W,YJR028W,0,-5.1241474,0.14497694373130798,0.7229999899864197,0.42640000581741333
YDL142C,YOR207C,0,-5.124284,0.1449478715658188,0.7229999899864197,0.42649999260902405
YDR025W,YNR039C,0,-5.12429,0.14491881430149078,0.7229999899864197,0.42660000920295715
YPL164C,YDL074C,0,-5.1244764,0.14488978683948517,0.7229999899864197,0.42669999599456787
YNL031C,YNR003C,0,-5.124673,0.14486074447631836,0.7229999899864197,0.426800012588501
YMR006C,YBR061C,0,-5.1246753,0.14483173191547394,0.7229999899864197,0.4268999993801117
YKR086W,YLR399C,0,-5.1248016,0.14480271935462952,0.7229999899864197,0.4269999861717224
YPR187W,YBR233W-A,0,-5.1249547,0.1447737216949463,0.7229999899864197,0.4271000027656555
YPL159C,YDR256C,0,-5.1250734,0.14474473893642426,0.7229999899864197,0.42719998955726624
YMR133W,YDL190C,0,-5.125163,0.14471577107906342,0.7229999899864197,0.42730000615119934
YDR058C,YBR290W,0,-5.125361,0.14468681812286377,0.7229999899864197,0.42739999294281006
YFL035C-A,YBR207W,0,-5.1257324,0.14465786516666412,0.7229999899864197,0.42750000953674316
YOL004W,YPR065W,0,-5.1260986,0.14462892711162567,0.7229999899864197,0.4275999963283539
YIL042C,YOR298W,0,-5.126351,0.1446000039577484,0.7229999899864197,0.427700012922287
YPL228W,YOR136W,0,-5.126423,0.14457108080387115,0.7229999899864197,0.4277999997138977
YGL049C,YDL074C,0,-5.126939,0.14454218745231628,0.7229999899864197,0.4278999865055084
YOR117W,YGR178C,0,-5.127243,0.1445132941007614,0.7229999899864197,0.42800000309944153
YGL030W,YOR344C,0,-5.1272974,0.14448441565036774,0.7229999899864197,0.42809998989105225
YJR026W,YGR217W,0,-5.1272974,0.14445553719997406,0.7229999899864197,0.42820000648498535
YMR200W,YBR091C,0,-5.1273956,0.14442668855190277,0.7229999899864197,0.42829999327659607
YDL060W,YHR039C-B,0,-5.1276684,0.14439783990383148,0.7229999899864197,0.4284000098705292
YCR033W,YNL054W,0,-5.1277437,0.1443690061569214,0.7229999899864197,0.4284999966621399
YLR127C,YAL015C,0,-5.128189,0.14434018731117249,0.7229999899864197,0.428600013256073
YDR214W,YCR083W,0,-5.1284494,0.14431138336658478,0.7229999899864197,0.4287000000476837
YGL008C,YPL042C,0,-5.128532,0.14428257942199707,0.7229999899864197,0.42879998683929443
YER142C,YIL019W,0,-5.1286097,0.14425379037857056,0.7229999899864197,0.42890000343322754
YEL004W,YCR027C,0,-5.128643,0.14422501623630524,0.7229999899864197,0.42899999022483826
YPL086C,YHR039C-B,0,-5.128695,0.1441962569952011,0.7229999899864197,0.42910000681877136
YOR037W,YKR052C,0,-5.1287656,0.14416749775409698,0.7229999899864197,0.4291999936103821
YER103W,YJR044C,0,-5.1289153,0.14413875341415405,0.7229999899864197,0.4293000102043152
YNR053C,YJL056C,0,-5.129298,0.14411002397537231,0.7229999899864197,0.4293999969959259
YDR113C,YLL036C,0,-5.129371,0.14408130943775177,0.7229999899864197,0.429500013589859
YBL041W,YDL005C,0,-5.129584,0.14405259490013123,0.7229999899864197,0.4296000003814697
YNR059W,YNL304W,0,-5.130133,0.14402391016483307,0.7229999899864197,0.42969998717308044
YNR032W,YJL025W,0,-5.1304107,0.1439952254295349,0.7229999899864197,0.42980000376701355
YLR228C,YEL031W,0,-5.1306744,0.14396654069423676,0.7229999899864197,0.42989999055862427
YMR243C,YLR427W,0,-5.1309233,0.143937885761261,0.7229999899864197,0.4300000071525574
YKR009C,YMR246W,0,-5.1310787,0.14390923082828522,0.7229999899864197,0.4300999939441681
YMR087W,YOL033W,0,-5.1311884,0.14388059079647064,0.7229999899864197,0.4302000105381012
YPL096C-A,YLR206W,0,-5.131344,0.14385196566581726,0.7229999899864197,0.4302999973297119
YKR054C,YJL072C,0,-5.131369,0.14382335543632507,0.7229999899864197,0.430400013923645
YHR050W,YNL188W,0,-5.1316485,0.14379474520683289,0.7229999899864197,0.43050000071525574
YHR204W,YBR156C,0,-5.132039,0.1437661498785019,0.7229999899864197,0.43059998750686646
YDL111C,YPL029W,1,-5.13212,0.1439363807439804,0.7239999771118164,0.43059998750686646
YDL028C,YJL093C,0,-5.13225,0.14390777051448822,0.7239999771118164,0.43070000410079956
YNL225C,YLR429W,0,-5.1324286,0.14387917518615723,0.7239999771118164,0.4307999908924103
YER108C,YOR084W,0,-5.1324553,0.14385057985782623,0.7239999771118164,0.4309000074863434
YDR138W,YGL063W,0,-5.132819,0.14382201433181763,0.7239999771118164,0.4309999942779541
YNL329C,YOR240W,0,-5.132952,0.14379344880580902,0.7239999771118164,0.4311000108718872
YKL220C,YGR167W,0,-5.1338153,0.1437648981809616,0.7239999771118164,0.4311999976634979
YPL130W,YEL022W,0,-5.1340547,0.1437363475561142,0.7239999771118164,0.43130001425743103
YPL095C,YER054C,0,-5.1340714,0.14370782673358917,0.7239999771118164,0.43140000104904175
YDL175C,YOL149W,1,-5.1344175,0.1438777595758438,0.7250000238418579,0.43140000104904175
YER122C,YJR050W,0,-5.1345935,0.1438492089509964,0.7250000238418579,0.43149998784065247
YGL090W,YOR068C,0,-5.1346745,0.14382067322731018,0.7250000238418579,0.43160000443458557
YOL038W,YMR264W,0,-5.1348524,0.14379215240478516,0.7250000238418579,0.4316999912261963
YOL068C,YMR081C,0,-5.1348524,0.14376363158226013,0.7250000238418579,0.4318000078201294
YLR265C,YJR046W,0,-5.1350307,0.1437351256608963,0.7250000238418579,0.4318999946117401
YKL138C-A,YLR085C,0,-5.1352153,0.14370663464069366,0.7250000238418579,0.4320000112056732
YKL138C-A,YPL118W,0,-5.1353173,0.14367815852165222,0.7250000238418579,0.43209999799728394
YLR153C,YDR363W,0,-5.1353216,0.14364969730377197,0.7250000238418579,0.43220001459121704
YHR039C-B,YHR170W,0,-5.1354494,0.14362123608589172,0.7250000238418579,0.43230000138282776
YPL122C,YJL002C,0,-5.1355042,0.14359278976917267,0.7250000238418579,0.4323999881744385
YPL029W,YMR234W,1,-5.135805,0.14376237988471985,0.7260000109672546,0.4323999881744385
YDR487C,YLR467W,0,-5.1360044,0.1437339186668396,0.7260000109672546,0.4325000047683716
YDR376W,YDR473C,0,-5.1360097,0.14370545744895935,0.7260000109672546,0.4325999915599823
YDL095W,YJR070C,0,-5.13602,0.1436770260334015,0.7260000109672546,0.4327000081539154
YBR243C,YDR424C,0,-5.1360583,0.14364859461784363,0.7260000109672546,0.4327999949455261
YCR063W,YDL113C,0,-5.136485,0.14362017810344696,0.7260000109672546,0.43290001153945923
YPL176C,YBR280C,0,-5.1372213,0.1435917764902115,0.7260000109672546,0.43299999833106995
YDL165W,YCR077C,1,-5.1375403,0.14376112818717957,0.7269999980926514,0.43299999833106995
YLR451W,YOR338W,0,-5.1376133,0.1437326967716217,0.7269999980926514,0.43309998512268066
YNL302C,YHR039C-B,0,-5.137709,0.14370429515838623,0.7269999980926514,0.43320000171661377
YBR130C,YNL219C,0,-5.1377244,0.14367589354515076,0.7269999980926514,0.4332999885082245
YJR084W,YEL030W,0,-5.137736,0.14364750683307648,0.7269999980926514,0.4334000051021576
YGL105W,YPR081C,0,-5.138177,0.1436191201210022,0.7269999980926514,0.4334999918937683
YJL208C,YAL021C,1,-5.1382565,0.14378826320171356,0.7279999852180481,0.4334999918937683
YFR031C,YCR055C,0,-5.13838,0.14375987648963928,0.7279999852180481,0.4336000084877014
YCR020W-B,YOL069W,0,-5.1385674,0.143731489777565,0.7279999852180481,0.43369999527931213
YCR086W,YJR045C,0,-5.139159,0.14370311796665192,0.7279999852180481,0.43380001187324524
YNL016W,YNL118C,1,-5.1392035,0.14387211203575134,0.7289999723434448,0.43380001187324524
YJR006W,YDR150W,0,-5.1392174,0.14384372532367706,0.7289999723434448,0.43389999866485596
YDR480W,YNL268W,0,-5.139288,0.14381535351276398,0.7289999723434448,0.4339999854564667
YFL002W-A,YER145C,0,-5.139292,0.1437869817018509,0.7289999723434448,0.4341000020503998
YOR207C,YGL136C,0,-5.1393023,0.143758624792099,0.7289999723434448,0.4341999888420105
YGL229C,YOL077C,0,-5.139393,0.1437302827835083,0.7289999723434448,0.4343000054359436
YDL005C,YDR301W,0,-5.139499,0.1437019556760788,0.7289999723434448,0.4343999922275543
YMR236W,YOR244W,0,-5.1396203,0.1436736285686493,0.7289999723434448,0.4345000088214874
YPL227C,YML057W,0,-5.1407456,0.14364531636238098,0.7289999723434448,0.43459999561309814
YGL255W,YOL006C,0,-5.140792,0.14361701905727386,0.7289999723434448,0.43470001220703125
YDR481C,YGL120C,0,-5.140975,0.14358873665332794,0.7289999723434448,0.43479999899864197
YIL084C,YOR094W,0,-5.1410227,0.14356045424938202,0.7289999723434448,0.4348999857902527
YOR140W,YMR313C,0,-5.1411915,0.1435321867465973,0.7289999723434448,0.4350000023841858
YMR281W,YJR121W,0,-5.141298,0.14350393414497375,0.7289999723434448,0.4350999891757965
YNL246W,YPR055W,0,-5.1413937,0.1434756964445114,0.7289999723434448,0.4352000057697296
YMR052W,YJR120W,0,-5.141561,0.14344745874404907,0.7289999723434448,0.43529999256134033
YJL073W,YJR028W,0,-5.141606,0.14341923594474792,0.7289999723434448,0.43540000915527344
YNL231C,YLR417W,0,-5.1417327,0.14339102804660797,0.7289999723434448,0.43549999594688416
YPL202C,YBR121C,0,-5.1417437,0.1433628350496292,0.7289999723434448,0.43560001254081726
YKL138C-A,YDR092W,0,-5.141782,0.14333464205265045,0.7289999723434448,0.435699999332428
YCR018C,YDL005C,0,-5.141791,0.14330646395683289,0.7289999723434448,0.4357999861240387
YNL055C,YCL062W,0,-5.1419096,0.1432783007621765,0.7289999723434448,0.4359000027179718
YLR197W,YAL005C,0,-5.1426535,0.14325015246868134,0.7289999723434448,0.4359999895095825
YCR083W,YPR199C,0,-5.14275,0.14322200417518616,0.7289999723434448,0.4361000061035156
YPL050C,YLR337W,0,-5.142926,0.14319387078285217,0.7289999723434448,0.43619999289512634
YPR067W,YNL045W,0,-5.142939,0.14316575229167938,0.7289999723434448,0.43630000948905945
YHL009C,YGL021W,0,-5.1432858,0.1431376338005066,0.7289999723434448,0.43639999628067017
YNR038W,YPL096W,0,-5.143414,0.1431095451116562,0.7289999723434448,0.43650001287460327
YOR207C,YOR080W,0,-5.143545,0.1430814564228058,0.7289999723434448,0.436599999666214
YFL010W-A,YLR085C,0,-5.143589,0.14305338263511658,0.7289999723434448,0.4366999864578247
YBR055C,YLR337W,0,-5.1435947,0.14302530884742737,0.7289999723434448,0.4368000030517578
YCR083W,YFR052W,0,-5.1441708,0.14299724996089935,0.7289999723434448,0.43689998984336853
YNL169C,YKL175W,0,-5.1443343,0.14296920597553253,0.7289999723434448,0.43700000643730164
YBR029C,YGR036C,0,-5.144738,0.1429411768913269,0.7289999723434448,0.43709999322891235
YLR451W,YCR009C,0,-5.1451015,0.14291314780712128,0.7289999723434448,0.43720000982284546
YCL062W,YDR388W,0,-5.1458187,0.14288514852523804,0.7289999723434448,0.4372999966144562
YDR483W,YPL116W,0,-5.1458488,0.1428571492433548,0.7289999723434448,0.4374000132083893
YPL283C,YNR003C,0,-5.1460466,0.14282914996147156,0.7289999723434448,0.4375
YJL102W,YFL002W-A,0,-5.1463313,0.1428011804819107,0.7289999723434448,0.4375999867916107
YMR065W,YML058W-A,0,-5.146711,0.14277321100234985,0.7289999723434448,0.4377000033855438
YOR047C,YPL187W,0,-5.146735,0.1427452564239502,0.7289999723434448,0.43779999017715454
YNL264C,YJL054W,0,-5.1468115,0.14271730184555054,0.7289999723434448,0.43790000677108765
YNL148C,YER029C,0,-5.14682,0.14268937706947327,0.7289999723434448,0.43799999356269836
YBR237W,YDR227W,0,-5.1468525,0.142661452293396,0.7289999723434448,0.43810001015663147
YNL006W,YPL007C,0,-5.146989,0.14263354241847992,0.7289999723434448,0.4381999969482422
YLR144C,YBL064C,0,-5.1471605,0.14260563254356384,0.7289999723434448,0.4383000135421753
YIL068C,YBR110W,0,-5.147184,0.14257773756980896,0.7289999723434448,0.438400000333786
YKR029C,YLL061W,0,-5.1473074,0.14254985749721527,0.7289999723434448,0.43849998712539673
YCR084C,YDR077W,0,-5.1476407,0.14252199232578278,0.7289999723434448,0.43860000371932983
YIL079C,YKL149C,1,-5.147749,0.14268960058689117,0.7300000190734863,0.43860000371932983
YLR249W,YLR424W,0,-5.1478806,0.14266172051429749,0.7300000190734863,0.43869999051094055
YLR126C,YDR414C,0,-5.1478863,0.1426338404417038,0.7300000190734863,0.43880000710487366
YKR009C,YJR145C,0,-5.1479225,0.1426059752702713,0.7300000190734863,0.4388999938964844
YGL045W,YGL027C,0,-5.148118,0.142578125,0.7300000190734863,0.4390000104904175
YJR001W,YDL095W,0,-5.1484575,0.1425502896308899,0.7300000190734863,0.4390999972820282
YDL006W,YFR003C,0,-5.1485677,0.14252245426177979,0.7300000190734863,0.4392000138759613
YCL005W-A,YDL078C,0,-5.148927,0.14249463379383087,0.7300000190734863,0.439300000667572
YOR326W,YLR069C,0,-5.1491547,0.14246682822704315,0.7300000190734863,0.43939998745918274
YLR277C,YDR243C,0,-5.149217,0.14243902266025543,0.7300000190734863,0.43950000405311584
YHR116W,YLL040C,0,-5.149294,0.1424112319946289,0.7300000190734863,0.43959999084472656
YPL221W,YDR171W,0,-5.1495686,0.14238345623016357,0.7300000190734863,0.43970000743865967
YCL031C,YBR293W,0,-5.1498733,0.14235569536685944,0.7300000190734863,0.4397999942302704
YGL048C,YBR107C,0,-5.149913,0.1423279345035553,0.7300000190734863,0.4399000108242035
YPL096C-A,YHR161C,0,-5.15,0.14230018854141235,0.7300000190734863,0.4399999976158142
YCL067C,YKL026C,0,-5.1500006,0.1422724574804306,0.7300000190734863,0.4401000142097473
YJL210W,YPL065W,0,-5.1504703,0.14224474132061005,0.7300000190734863,0.44020000100135803
YNR032W,YCR038C,0,-5.15135,0.1422170251607895,0.7300000190734863,0.44029998779296875
YPR165W,YPR168W,0,-5.151602,0.14218932390213013,0.7300000190734863,0.44040000438690186
YFL033C,YML006C,0,-5.1516585,0.14216163754463196,0.7300000190734863,0.4404999911785126
YNL066W,YPL255W,0,-5.152134,0.1421339511871338,0.7300000190734863,0.4406000077724457
YLR071C,YPL116W,0,-5.15281,0.142106294631958,0.7300000190734863,0.4406999945640564
YGR279C,YML058W-A,0,-5.1530604,0.14207862317562103,0.7300000190734863,0.4408000111579895
YJL026W,YJL034W,0,-5.153124,0.14205098152160645,0.7300000190734863,0.4408999979496002
YNL047C,YGL226C-A,0,-5.1531305,0.14202333986759186,0.7300000190734863,0.4410000145435333
YPR178W,YMR236W,0,-5.153187,0.14199572801589966,0.7300000190734863,0.44110000133514404
YJR091C,YIL079C,1,-5.153194,0.14216257631778717,0.7310000061988831,0.44110000133514404
YLR197W,YOL043C,0,-5.1533175,0.14213493466377258,0.7310000061988831,0.44119998812675476
YIL056W,YDL109C,0,-5.1536255,0.1421073079109192,0.7310000061988831,0.44130000472068787
YPL033C,YOL112W,0,-5.15392,0.142079696059227,0.7310000061988831,0.4413999915122986
YDR221W,YKL138C-A,0,-5.1541877,0.1420520842075348,0.7310000061988831,0.4415000081062317
YDR126W,YOR099W,0,-5.154325,0.14202448725700378,0.7310000061988831,0.4415999948978424
YBR091C,YLR132C,0,-5.1545253,0.14199689030647278,0.7310000061988831,0.4417000114917755
YBR236C,YJL187C,0,-5.1545553,0.14196930825710297,0.7310000061988831,0.44179999828338623
YHR077C,YAL021C,1,-5.1548433,0.14213591814041138,0.7319999933242798,0.44179999828338623
YNL311C,YFL004W,0,-5.1549015,0.14210832118988037,0.7319999933242798,0.44190001487731934
YNR032W,YLR360W,0,-5.1552114,0.14208073914051056,0.7319999933242798,0.44200000166893005
YMR236W,YOR089C,0,-5.155213,0.14205317199230194,0.7319999933242798,0.44209998846054077
YGL229C,YBR121C,0,-5.155264,0.14202560484409332,0.7319999933242798,0.4422000050544739
YPR102C,YBR012W-B,0,-5.1555324,0.1419980674982071,0.7319999933242798,0.4422999918460846
YGR245C,YLR399C,0,-5.155761,0.14197051525115967,0.7319999933242798,0.4424000084400177
YMR243C,YDR079W,0,-5.1558228,0.14194299280643463,0.7319999933242798,0.4424999952316284
YLR411W,YBR086C,0,-5.1559563,0.1419154703617096,0.7319999933242798,0.4426000118255615
YMR238W,YHR052W,0,-5.156299,0.14188796281814575,0.7319999933242798,0.44269999861717224
YLR262C,YCL019W,0,-5.156411,0.1418604701757431,0.7319999933242798,0.44279998540878296
YPL048W,YHR120W,0,-5.156564,0.14183297753334045,0.7319999933242798,0.44290000200271606
YCL035C,YFL035C,0,-5.156607,0.141805499792099,0.7319999933242798,0.4429999887943268
YJR104C,YNL032W,0,-5.156853,0.14177803695201874,0.7319999933242798,0.4431000053882599
YOR274W,YGL021W,0,-5.1570826,0.14175057411193848,0.7319999933242798,0.4431999921798706
YIL144W,YNL290W,0,-5.1571226,0.1417231410741806,0.7319999933242798,0.4433000087738037
YNL206C,YMR055C,0,-5.1573343,0.14169570803642273,0.7319999933242798,0.44339999556541443
YKR001C,YDR412W,0,-5.1575055,0.14166827499866486,0.7319999933242798,0.44350001215934753
YIL131C,YGL257C,0,-5.158162,0.14164087176322937,0.7319999933242798,0.44359999895095825
YFL035C-A,YJR153W,0,-5.1582313,0.14161346852779388,0.7319999933242798,0.44369998574256897
YPR104C,YCR066W,0,-5.158309,0.1415860801935196,0.7319999933242798,0.4438000023365021
YKR014C,YCR055C,0,-5.158503,0.1415586918592453,0.7319999933242798,0.4438999891281128
YOR109W,YMR058W,0,-5.1586294,0.1415313184261322,0.7319999933242798,0.4440000057220459
YBR060C,YOR162C,0,-5.1587334,0.1415039598941803,0.7319999933242798,0.4440999925136566
YJR047C,YOL080C,0,-5.1588697,0.1414766162633896,0.7319999933242798,0.4442000091075897
YKR095W-A,YPL012W,0,-5.1589437,0.14144927263259888,0.7319999933242798,0.44429999589920044
YJR001W,YDR113C,0,-5.159054,0.14142194390296936,0.7319999933242798,0.44440001249313354
YDR073W,YDR251W,0,-5.159282,0.14139463007450104,0.7319999933242798,0.44449999928474426
YBL051C,YML058W-A,0,-5.159343,0.14136731624603271,0.7319999933242798,0.444599986076355
YBR119W,YCL062W,0,-5.1594005,0.14134003221988678,0.7319999933242798,0.4447000026702881
YCL031C,YOL064C,0,-5.159621,0.14131274819374084,0.7319999933242798,0.4447999894618988
YLR020C,YJL166W,0,-5.159855,0.1412854641675949,0.7319999933242798,0.4449000060558319
YDR303C,YBR289W,0,-5.1605167,0.14125819504261017,0.7319999933242798,0.4449999928474426
YLR212C,YFL011W-A,0,-5.1611223,0.14123094081878662,0.7319999933242798,0.44510000944137573
YMR008C,YJL141C,0,-5.161256,0.14120370149612427,0.7319999933242798,0.44519999623298645
YGL255W,YAR007C,0,-5.1617203,0.1411764770746231,0.7319999933242798,0.44530001282691956
YHR084W,YGL253W,0,-5.1617565,0.14114925265312195,0.7319999933242798,0.4453999996185303
YOR284W,YOL076W,0,-5.1618247,0.14112204313278198,0.7319999933242798,0.445499986410141
YDL080C,YGR097W,0,-5.161879,0.14109483361244202,0.7319999933242798,0.4456000030040741
YDR138W,YDR202C,0,-5.1627073,0.14106763899326324,0.7319999933242798,0.4456999897956848
YMR050C,YJL025W,0,-5.162792,0.14104045927524567,0.7319999933242798,0.4458000063896179
YPL011C,YDR311W,0,-5.1628256,0.14101329445838928,0.7319999933242798,0.44589999318122864
YKL101W,YLR182W,0,-5.162953,0.1409861296415329,0.7319999933242798,0.44600000977516174
YFL011W-A,YBR236C,0,-5.1630654,0.1409589797258377,0.7319999933242798,0.44609999656677246
YOR047C,YAL002W,0,-5.1630716,0.1409318447113037,0.7319999933242798,0.44620001316070557
YGR227W,YEL018W,0,-5.163312,0.14090470969676971,0.7319999933242798,0.4462999999523163
YFR004W,YPR102C,0,-5.16333,0.1408776044845581,0.7319999933242798,0.446399986743927
YCL035C,YER108C,0,-5.1638837,0.1408504843711853,0.7319999933242798,0.4465000033378601
YDR191W,YKL043W,0,-5.1641817,0.1408233940601349,0.7319999933242798,0.4465999901294708
YHR079C,YOR259C,0,-5.164229,0.14079630374908447,0.7319999933242798,0.44670000672340393
YDL227C,YHR006W,0,-5.164403,0.14076922833919525,0.7319999933242798,0.44679999351501465
YGR220C,YKR095W-A,0,-5.164437,0.14074216783046722,0.7319999933242798,0.44690001010894775
YGL025C,YLR265C,0,-5.16451,0.1407151073217392,0.7319999933242798,0.44699999690055847
YBR024W,YMR054W,0,-5.164689,0.14068806171417236,0.7319999933242798,0.4471000134944916
YLR398C,YJR091C,1,-5.164979,0.14085319638252258,0.7329999804496765,0.4471000134944916
YGR013W,YLR424W,0,-5.1653733,0.14082613587379456,0.7329999804496765,0.4472000002861023
YOR130C,YNL038W,0,-5.165559,0.14079907536506653,0.7329999804496765,0.447299987077713
YCR073C,YCL026C-A,0,-5.1656094,0.1407720446586609,0.7329999804496765,0.4474000036716461
YHR120W,YPR111W,0,-5.165902,0.14074501395225525,0.7329999804496765,0.44749999046325684
YLR270W,YHR077C,1,-5.165941,0.14090996980667114,0.734000027179718,0.44749999046325684
YMR106C,YML016C,0,-5.1662116,0.1408829241991043,0.734000027179718,0.44760000705718994
YJL165C,YPL022W,0,-5.166237,0.14085587859153748,0.734000027179718,0.44769999384880066
YLR226W,YBR233W-A,0,-5.166302,0.14082886278629303,0.734000027179718,0.44780001044273376
YCR080W,YDR054C,0,-5.1667747,0.14080184698104858,0.734000027179718,0.4478999972343445
YKR059W,YGL096W,0,-5.167059,0.14077483117580414,0.734000027179718,0.4480000138282776
YHR094C,YLR329W,0,-5.1674104,0.14074784517288208,0.734000027179718,0.4481000006198883
YDR076W,YLL024C,0,-5.1675353,0.14072085916996002,0.734000027179718,0.448199987411499
YNL167C,YDL236W,0,-5.168151,0.14069388806819916,0.734000027179718,0.44830000400543213
YLR385C,YAL040C,0,-5.168295,0.1406669169664383,0.734000027179718,0.44839999079704285
YOR287C,YCR033W,0,-5.168395,0.14063997566699982,0.734000027179718,0.44850000739097595
YLR186W,YAL002W,0,-5.169174,0.14061301946640015,0.734000027179718,0.44859999418258667
YDR427W,YIL143C,0,-5.1692996,0.14058609306812286,0.734000027179718,0.4487000107765198
YNR002C,YJR059W,0,-5.1695776,0.14055916666984558,0.734000027179718,0.4487999975681305
YKL040C,YAR007C,0,-5.169792,0.1405322551727295,0.734000027179718,0.4489000141620636
YJL140W,YDL175C,1,-5.170007,0.14069677889347076,0.7350000143051147,0.4489000141620636
YEL034W,YDR478W,0,-5.170241,0.14066985249519348,0.7350000143051147,0.4490000009536743
YML099C,YGL046W,0,-5.1704626,0.1406429409980774,0.7350000143051147,0.44909998774528503
YDR488C,YIL035C,0,-5.170556,0.1406160295009613,0.7350000143051147,0.44920000433921814
YDR424C,YBR069C,0,-5.170637,0.1405891329050064,0.7350000143051147,0.44929999113082886
YOL147C,YJR110W,0,-5.170758,0.1405622512102127,0.7350000143051147,0.44940000772476196
YOR087W,YPL188W,0,-5.1709633,0.140535369515419,0.7350000143051147,0.4494999945163727
YKR001C,YLR385C,0,-5.171336,0.1405085027217865,0.7350000143051147,0.4496000111103058
YLR007W,YJL062W,0,-5.171569,0.14048165082931519,0.7350000143051147,0.4496999979019165
YOL111C,YGL020C,0,-5.172051,0.14045479893684387,0.7350000143051147,0.4498000144958496
YPL156C,YJL148W,0,-5.1729937,0.14042797684669495,0.7350000143051147,0.4499000012874603
YPL128C,YKL062W,0,-5.1732078,0.14040113985538483,0.7350000143051147,0.44999998807907104
YHL034C,YPL116W,0,-5.1732807,0.1403743326663971,0.7350000143051147,0.45010000467300415
YPL006W,YPL152W,0,-5.173579,0.14034752547740936,0.7350000143051147,0.45019999146461487
YPL101W,YML112W,0,-5.1741734,0.14032073318958282,0.7350000143051147,0.450300008058548
YGR074W,YOL123W,0,-5.1748104,0.14029395580291748,0.7350000143051147,0.4503999948501587
YCR094W,YPR103W,0,-5.1750355,0.14026717841625214,0.7350000143051147,0.4505000114440918
YER036C,YMR229C,0,-5.175255,0.14024041593074799,0.7350000143051147,0.4505999982357025
YBR085W,YGR109C,0,-5.1753297,0.14021365344524384,0.7350000143051147,0.4507000148296356
YDR488C,YBR279W,0,-5.1758533,0.14018692076206207,0.7350000143051147,0.45080000162124634
YLR102C,YAR019C,0,-5.1763,0.1401601880788803,0.7350000143051147,0.45089998841285706
YPL043W,YDR388W,0,-5.176348,0.14013345539569855,0.7350000143051147,0.45100000500679016
YNL202W,YPL076W,0,-5.176373,0.14010675251483917,0.7350000143051147,0.4510999917984009
YLR186W,YDL087C,0,-5.176448,0.1400800496339798,0.7350000143051147,0.451200008392334
YJL173C,YDL039C,0,-5.1765366,0.14005334675312042,0.7350000143051147,0.4512999951839447
YPR162C,YBR041W,0,-5.177157,0.14002667367458344,0.7350000143051147,0.4514000117778778
YMR056C,YGL095C,0,-5.1773324,0.14000000059604645,0.7350000143051147,0.4514999985694885
YCR048W,YFL011W-A,0,-5.1776533,0.13997334241867065,0.7350000143051147,0.45159998536109924
YER122C,YDR416W,0,-5.1782055,0.13994668424129486,0.7350000143051147,0.45170000195503235
YBR193C,YBR022W,0,-5.178503,0.13992004096508026,0.7350000143051147,0.45179998874664307
YBL019W,YKR007W,0,-5.178931,0.13989341259002686,0.7350000143051147,0.45190000534057617
YKL165C,YML126C,0,-5.1790504,0.13986679911613464,0.7350000143051147,0.4519999921321869
YOR371C,YAL015C,0,-5.179062,0.13984018564224243,0.7350000143051147,0.45210000872612
YML127W,YBR260C,0,-5.179412,0.1398135870695114,0.7350000143051147,0.4521999955177307
YDR181C,YMR029C,0,-5.1796455,0.1397869884967804,0.7350000143051147,0.4523000121116638
YBL039C,YJL062W,0,-5.179652,0.13976040482521057,0.7350000143051147,0.45239999890327454
YMR016C,YBR022W,0,-5.1798506,0.13973383605480194,0.7350000143051147,0.45249998569488525
YDR038C,YHR111W,0,-5.1799,0.1397072821855545,0.7350000143051147,0.45260000228881836
YOL068C,YKL114C,0,-5.1800656,0.13968072831630707,0.7350000143051147,0.4526999890804291
YHL003C,YDR040C,0,-5.180072,0.13965418934822083,0.7350000143051147,0.4528000056743622
YCR024C-A,YHR200W,0,-5.1806717,0.13962766528129578,0.7350000143051147,0.4528999924659729
YLR398C,YIL038C,1,-5.180742,0.1397910714149475,0.7360000014305115,0.4528999924659729
YKL220C,YMR290C,0,-5.18081,0.13976453244686127,0.7360000014305115,0.453000009059906
YJL098W,YBL039C,0,-5.180848,0.13973799347877502,0.7360000014305115,0.4530999958515167
YDR054C,YKL138C-A,0,-5.18176,0.13971146941184998,0.7360000014305115,0.45320001244544983
YNL047C,YDL181W,0,-5.181797,0.13968494534492493,0.7360000014305115,0.45329999923706055
YCL075W,YPR168W,0,-5.181896,0.13965845108032227,0.7360000014305115,0.45339998602867126
YCR034W,YBR107C,0,-5.1819787,0.1396319419145584,0.7360000014305115,0.45350000262260437
YDL165W,YLR136C,1,-5.1820583,0.13979513943195343,0.7369999885559082,0.45350000262260437
YHR154W,YJL127C,0,-5.182297,0.13976863026618958,0.7369999885559082,0.4535999894142151
YJR160C,YER013W,0,-5.182324,0.13974213600158691,0.7369999885559082,0.4537000060081482
YML065W,YDR098C,0,-5.1823826,0.13971564173698425,0.7369999885559082,0.4537999927997589
YLR386W,YGL061C,0,-5.1824036,0.13968916237354279,0.7369999885559082,0.453900009393692
YPR178W,YBR136W,0,-5.182556,0.13966268301010132,0.7369999885559082,0.45399999618530273
YMR055C,YIL123W,0,-5.183025,0.13963621854782104,0.7369999885559082,0.45410001277923584
YCL031C,YOR187W,0,-5.1831455,0.13960976898670197,0.7369999885559082,0.45419999957084656
YJL008C,YDL161W,0,-5.1836166,0.13958333432674408,0.7369999885559082,0.4542999863624573
YFL035C-A,YPL213W,0,-5.1837306,0.1395568996667862,0.7369999885559082,0.4544000029563904
YPR178W,YGL065C,0,-5.1838346,0.1395304799079895,0.7369999885559082,0.4544999897480011
YER171W,YFL041W,0,-5.183928,0.139504075050354,0.7369999885559082,0.4546000063419342
YDR221W,YOR224C,0,-5.184362,0.1394776701927185,0.7369999885559082,0.4546999931335449
YIL065C,YNL038W,0,-5.184467,0.1394512802362442,0.7369999885559082,0.454800009727478
YDR202C,YMR232W,0,-5.1847563,0.1394248902797699,0.7369999885559082,0.45489999651908875
YMR013C,YPL224C,0,-5.1847687,0.13939853012561798,0.7369999885559082,0.45500001311302185
YLR372W,YHR118C,0,-5.1849747,0.13937216997146606,0.7369999885559082,0.45509999990463257
YKL079W,YHL036W,0,-5.1850147,0.13934580981731415,0.7369999885559082,0.4551999866962433
YJL102W,YHR006W,0,-5.185068,0.13931946456432343,0.7369999885559082,0.4553000032901764
YKL193C,YDL039C,0,-5.185488,0.1392931342124939,0.7369999885559082,0.4553999900817871
YDR240C,YLR277C,0,-5.1854897,0.13926681876182556,0.7369999885559082,0.4555000066757202
YEL034W,YEL050C,0,-5.185536,0.13924050331115723,0.7369999885559082,0.45559999346733093
YOR087W,YPL204W,0,-5.1856203,0.13921420276165009,0.7369999885559082,0.45570001006126404
YEL030W,YIL017W,0,-5.185828,0.13918791711330414,0.7369999885559082,0.45579999685287476
YLR293C,YGL019W,0,-5.1861653,0.1391616314649582,0.7369999885559082,0.45590001344680786
YKR038C,YGR296W,0,-5.1866097,0.13913536071777344,0.7369999885559082,0.4560000002384186
YBR211C,YKL015W,0,-5.1866117,0.13910910487174988,0.7369999885559082,0.4560999870300293
YEL063C,YLR025W,0,-5.187045,0.13908284902572632,0.7369999885559082,0.4562000036239624
YMR069W,YBR278W,0,-5.1873,0.13905660808086395,0.7369999885559082,0.4562999904155731
YDR447C,YKL093W,0,-5.1874366,0.1390303671360016,0.7369999885559082,0.4564000070095062
YBR123C,YJR065C,0,-5.1879444,0.1390041559934616,0.7369999885559082,0.45649999380111694
YMR202W,YOR057W,0,-5.1879582,0.13897792994976044,0.7369999885559082,0.45660001039505005
YDR325W,YPL083C,0,-5.188102,0.13895173370838165,0.7369999885559082,0.45669999718666077
YAL068C,YPL055C,0,-5.1885676,0.13892553746700287,0.7369999885559082,0.45680001378059387
YNL227C,YJL170C,0,-5.1885843,0.13889935612678528,0.7369999885559082,0.4569000005722046
YKR031C,YOR267C,0,-5.1889224,0.13887318968772888,0.7369999885559082,0.4569999873638153
YHL028W,YPL127C,0,-5.189161,0.13884702324867249,0.7369999885559082,0.4571000039577484
YDR240C,YMR053C,0,-5.1892557,0.13882087171077728,0.7369999885559082,0.45719999074935913
YGL232W,YGL022W,0,-5.189514,0.13879472017288208,0.7369999885559082,0.45730000734329224
YGL209W,YLR219W,0,-5.1896043,0.13876859843730927,0.7369999885559082,0.45739999413490295
YCR086W,YGL226C-A,0,-5.1901093,0.13874247670173645,0.7369999885559082,0.45750001072883606
YGL020C,YOL130W,0,-5.190816,0.13871635496616364,0.7369999885559082,0.4575999975204468
YGL025C,YKR060W,0,-5.1908164,0.13869024813175201,0.7369999885559082,0.4577000141143799
YEL051W,YJL115W,0,-5.191143,0.1386641561985016,0.7369999885559082,0.4578000009059906
YKL165C,YPR119W,0,-5.1916156,0.13863807916641235,0.7369999885559082,0.4578999876976013
YMR243C,YDR046C,0,-5.1916776,0.13861200213432312,0.7369999885559082,0.4580000042915344
YLR133W,YDR108W,0,-5.191758,0.13858594000339508,0.7369999885559082,0.45809999108314514
YJL129C,YDR180W,0,-5.1917753,0.13855987787246704,0.7369999885559082,0.45820000767707825
YPL096C-A,YOR054C,0,-5.191786,0.1385338306427002,0.7369999885559082,0.45829999446868896
YPL181W,YBL056W,0,-5.191945,0.13850779831409454,0.7369999885559082,0.45840001106262207
YJL001W,YPR128C,0,-5.191994,0.13848178088665009,0.7369999885559082,0.4584999978542328
YMR137C,YDR460W,0,-5.192194,0.13845576345920563,0.7369999885559082,0.4586000144481659
YGR145W,YGL090W,0,-5.1923995,0.13842974603176117,0.7369999885559082,0.4587000012397766
YKR086W,YLL041C,0,-5.192466,0.1384037584066391,0.7369999885559082,0.45879998803138733
YCL005W-A,YMR053C,0,-5.192521,0.13837777078151703,0.7369999885559082,0.45890000462532043
YNL271C,YGR109C,0,-5.192563,0.13835179805755615,0.7369999885559082,0.45899999141693115
YLR011W,YPR168W,0,-5.1932864,0.13832582533359528,0.7369999885559082,0.45910000801086426
YML016C,YBL102W,0,-5.193646,0.1382998675107956,0.7369999885559082,0.459199994802475
YMR210W,YBR057C,0,-5.193963,0.1382739245891571,0.7369999885559082,0.4593000113964081
YER061C,YDL112W,0,-5.1940556,0.13824798166751862,0.7369999885559082,0.4593999981880188
YGR253C,YNL216W,0,-5.1941295,0.13822205364704132,0.7369999885559082,0.4595000147819519
YJL208C,YLL013C,1,-5.1945167,0.1383836418390274,0.7379999756813049,0.4595000147819519
YNL006W,YOR261C,0,-5.194583,0.13835769891738892,0.7379999756813049,0.4596000015735626
YJR091C,YOL139C,1,-5.1946225,0.13851921260356903,0.7390000224113464,0.4596000015735626
YEL026W,YGL047W,0,-5.194662,0.13849325478076935,0.7390000224113464,0.45969998836517334
YOR068C,YML007W,0,-5.1946964,0.13846729695796967,0.7390000224113464,0.45980000495910645
YDR138W,YNR006W,0,-5.1948166,0.13844136893749237,0.7390000224113464,0.45989999175071716
YBR236C,YBR002C,0,-5.1949453,0.13841544091701508,0.7390000224113464,0.46000000834465027
YMR093W,YPL177C,0,-5.194998,0.13838951289653778,0.7390000224113464,0.460099995136261
YHR007C,YDL076C,0,-5.1950436,0.13836359977722168,0.7390000224113464,0.4602000117301941
YML033W,YLL008W,0,-5.1953278,0.13833770155906677,0.7390000224113464,0.4602999985218048
YFL049W,YER160C,0,-5.195563,0.13831180334091187,0.7390000224113464,0.4603999853134155
YOR061W,YMR072W,0,-5.195659,0.13828593492507935,0.7390000224113464,0.46050000190734863
YOL105C,YGL190C,0,-5.1961813,0.13826005160808563,0.7390000224113464,0.46059998869895935
YNL166C,YCR039C,0,-5.1961994,0.1382341980934143,0.7390000224113464,0.46070000529289246
YER029C,YOR338W,0,-5.197214,0.13820834457874298,0.7390000224113464,0.4607999920845032
YAL011W,YMR165C,0,-5.1972904,0.13818249106407166,0.7390000224113464,0.4609000086784363
YDR489W,YHR030C,0,-5.19742,0.13815666735172272,0.7390000224113464,0.460999995470047
YIL079C,YOL142W,1,-5.1975045,0.1383177638053894,0.7400000095367432,0.460999995470047
YKL165C,YKL025C,0,-5.197628,0.13829191029071808,0.7400000095367432,0.4611000120639801
YDR181C,YOR338W,0,-5.1976495,0.13826607167720795,0.7400000095367432,0.4611999988555908
YML121W,YDL247W,0,-5.1978984,0.13824023306369781,0.7400000095367432,0.46129998564720154
YDR172W,YKL149C,1,-5.197929,0.13840119540691376,0.7409999966621399,0.46129998564720154
YPL040C,YIL061C,0,-5.1979403,0.13837535679340363,0.7409999966621399,0.46140000224113464
YPR078C,YKR046C,0,-5.19798,0.1383495181798935,0.7409999966621399,0.46149998903274536
YGR246C,YDL035C,0,-5.1982317,0.13832369446754456,0.7409999966621399,0.46160000562667847
YER103W,YPL283C,0,-5.198359,0.13829787075519562,0.7409999966621399,0.4616999924182892
YGL155W,YHR041C,0,-5.198482,0.13827206194400787,0.7409999966621399,0.4618000090122223
YGR211W,YGL249W,0,-5.198723,0.13824626803398132,0.7409999966621399,0.461899995803833
YJR141W,YDL217C,0,-5.1989193,0.13822047412395477,0.7409999966621399,0.4620000123977661
YPL135W,YPR144C,0,-5.199132,0.1381947100162506,0.7409999966621399,0.46209999918937683
YNR016C,YPR110C,0,-5.199249,0.13816893100738525,0.7409999966621399,0.46219998598098755
YGR134W,YDR298C,0,-5.1995687,0.13814318180084229,0.7409999966621399,0.46230000257492065
YMR050C,YPL008W,0,-5.1997404,0.13811743259429932,0.7409999966621399,0.46239998936653137
YDR123C,YDL109C,0,-5.199882,0.13809168338775635,0.7409999966621399,0.4625000059604645
YPL267W,YOR338W,0,-5.200242,0.13806596398353577,0.7409999966621399,0.4625999927520752
YGL222C,YJL050W,1,-5.2003284,0.13822652399539948,0.7419999837875366,0.4625999927520752
YFL035C-A,YLR256W,0,-5.2004557,0.1382007896900177,0.7419999837875366,0.4627000093460083
YBR247C,YOR338W,0,-5.200577,0.13817504048347473,0.7419999837875366,0.462799996137619
YKR086W,YNL025C,0,-5.2007527,0.13814932107925415,0.7419999837875366,0.4629000127315521
YGR063C,YHR115C,0,-5.2011185,0.13812360167503357,0.7419999837875366,0.46299999952316284
YBR109C,YJL058C,0,-5.201292,0.13809789717197418,0.7419999837875366,0.46309998631477356
YPR072W,YCR077C,1,-5.2013073,0.13825827836990356,0.7429999709129333,0.46309998631477356
YHL028W,YGL240W,0,-5.2014785,0.13823255896568298,0.7429999709129333,0.46320000290870667
YOL115W,YKL149C,1,-5.201508,0.1383928507566452,0.7440000176429749,0.46320000290870667
YGL209W,YDL140C,0,-5.201588,0.13836711645126343,0.7440000176429749,0.4632999897003174
YGL206C,YEL022W,0,-5.2023935,0.13834139704704285,0.7440000176429749,0.4634000062942505
YNL290W,YJR044C,0,-5.202456,0.13831567764282227,0.7440000176429749,0.4634999930858612
YMR276W,YCL062W,0,-5.2025633,0.13828995823860168,0.7440000176429749,0.4636000096797943
YNR053C,YPL206C,0,-5.203083,0.1382642686367035,0.7440000176429749,0.46369999647140503
YMR106C,YMR038C,0,-5.203257,0.1382385790348053,0.7440000176429749,0.46380001306533813
YDR421W,YGL150C,0,-5.2032623,0.1382128894329071,0.7440000176429749,0.46389999985694885
YCR038C,YDR037W,0,-5.2032633,0.1381872147321701,0.7440000176429749,0.46399998664855957
YCL016C,YBR260C,0,-5.2033715,0.1381615549325943,0.7440000176429749,0.4641000032424927
YBR088C,YMR022W,0,-5.2035255,0.1381359100341797,0.7440000176429749,0.4641999900341034
YER061C,YMR054W,0,-5.2045856,0.13811026513576508,0.7440000176429749,0.4643000066280365
YDR343C,YDR356W,0,-5.2048335,0.13808463513851166,0.7440000176429749,0.4643999934196472
YFR021W,YML093W,0,-5.204856,0.13805900514125824,0.7440000176429749,0.4645000100135803
YFR027W,YMR167W,0,-5.2048726,0.13803339004516602,0.7440000176429749,0.46459999680519104
YPL076W,YIR019C,0,-5.2051473,0.13800778985023499,0.7440000176429749,0.46470001339912415
YDL102W,YAR008W,0,-5.205261,0.13798218965530396,0.7440000176429749,0.46480000019073486
YER133W,YDR252W,0,-5.2055087,0.13795660436153412,0.7440000176429749,0.4648999869823456
YNL164C,YLR197W,0,-5.205605,0.13793103396892548,0.7440000176429749,0.4650000035762787
YLR363C,YNL016W,1,-5.2058587,0.1380908191204071,0.7450000047683716,0.4650000035762787
YIL061C,YOL039W,0,-5.206019,0.13806523382663727,0.7450000047683716,0.4650999903678894
YJL124C,YPL029W,1,-5.206398,0.13822494447231293,0.7459999918937683,0.4650999903678894
YCL027W,YFL008W,0,-5.2066083,0.1381993293762207,0.7459999918937683,0.4652000069618225
YLR136C,YJL209W,1,-5.2069774,0.1383589506149292,0.746999979019165,0.4652000069618225
YNR031C,YDR060W,0,-5.2070417,0.13833333551883698,0.746999979019165,0.4652999937534332
YBR290W,YJR070C,0,-5.207188,0.13830772042274475,0.746999979019165,0.46540001034736633
YLR129W,YNL054W,0,-5.2072124,0.13828212022781372,0.746999979019165,0.46549999713897705
YGR091W,YJL138C,0,-5.207362,0.1382565200328827,0.746999979019165,0.46560001373291016
YOR140W,YPR009W,0,-5.207478,0.13823093473911285,0.746999979019165,0.4657000005245209
YPR104C,YDL185W,0,-5.207699,0.1382053643465042,0.746999979019165,0.4657999873161316
YGL222C,YGR195W,1,-5.207737,0.138364776968956,0.7480000257492065,0.4657999873161316
YJL108C,YDR077W,0,-5.2077837,0.13833919167518616,0.7480000257492065,0.4659000039100647
YPR183W,YDR162C,0,-5.2080345,0.13831360638141632,0.7480000257492065,0.4659999907016754
YCL005W-A,YER174C,0,-5.208638,0.13828803598880768,0.7480000257492065,0.4661000072956085
YAL030W,YOR120W,0,-5.208885,0.13826248049736023,0.7480000257492065,0.46619999408721924
YER111C,YJL168C,0,-5.2089744,0.13823692500591278,0.7480000257492065,0.46630001068115234
YPR137W,YBL075C,0,-5.2090907,0.13821138441562653,0.7480000257492065,0.46639999747276306
YER020W,YPR080W,0,-5.209511,0.13818584382534027,0.7480000257492065,0.46650001406669617
YKL182W,YOR038C,0,-5.2097206,0.1381603181362152,0.7480000257492065,0.4666000008583069
YDL036C,YIL122W,0,-5.2098465,0.13813480734825134,0.7480000257492065,0.4666999876499176
YPL221W,YCL069W,0,-5.2100887,0.13810931146144867,0.7480000257492065,0.4668000042438507
YMR134W,YFL033C,0,-5.2101135,0.138083815574646,0.7480000257492065,0.4668999910354614
YJL134W,YGR083C,0,-5.210147,0.13805831968784332,0.7480000257492065,0.46700000762939453
YBR042C,YBR233W-A,0,-5.2102833,0.13803285360336304,0.7480000257492065,0.46709999442100525
YJL210W,YOR083W,0,-5.210363,0.13800738751888275,0.7480000257492065,0.46720001101493835
YGL255W,YBL018C,0,-5.210733,0.13798192143440247,0.7480000257492065,0.4672999978065491
YMR050C,YOR043W,0,-5.2108183,0.13795647025108337,0.7480000257492065,0.4674000144004822
YKL005C,YBR158W,0,-5.211034,0.13793103396892548,0.7480000257492065,0.4675000011920929
YLR284C,YNL246W,0,-5.211569,0.13790559768676758,0.7480000257492065,0.4675999879837036
YGL014W,YLL013C,1,-5.2116375,0.13806451857089996,0.7490000128746033,0.4675999879837036
YPR078C,YNL113W,0,-5.2118177,0.13803906738758087,0.7490000128746033,0.4677000045776367
YJL081C,YDR397C,0,-5.2122073,0.13801363110542297,0.7490000128746033,0.46779999136924744
YPL096C-A,YPR119W,0,-5.2128053,0.13798820972442627,0.7490000128746033,0.46790000796318054
YER021W,YLR238W,0,-5.2128086,0.13796278834342957,0.7490000128746033,0.46799999475479126
YGR169C,YLR452C,0,-5.2128778,0.13793738186359406,0.7490000128746033,0.46810001134872437
YPL221W,YNL247W,0,-5.212919,0.13791199028491974,0.7490000128746033,0.4681999981403351
YDR046C,YHR099W,0,-5.212994,0.13788659870624542,0.7490000128746033,0.4683000147342682
YJL208C,YCR077C,1,-5.2135663,0.1380452811717987,0.75,0.4683000147342682
YLR113W,YKL120W,0,-5.2137384,0.1380198746919632,0.75,0.4684000015258789
YGL116W,YKL043W,0,-5.213977,0.13799448311328888,0.75,0.4684999883174896
YDR145W,YML085C,0,-5.213978,0.13796909153461456,0.75,0.46860000491142273
YGL073W,YDR098C,0,-5.214131,0.13794371485710144,0.75,0.46869999170303345
YJL114W,YKL055C,0,-5.2143044,0.1379183530807495,0.75,0.46880000829696655
YMR214W,YBR110W,0,-5.2145147,0.13789299130439758,0.75,0.46889999508857727
YMR052W,YJR150C,0,-5.2148952,0.13786764442920685,0.75,0.4690000116825104
YDR310C,YCL005W-A,0,-5.2150793,0.1378423124551773,0.75,0.4690999984741211
YOR355W,YDL226C,0,-5.2151227,0.13781698048114777,0.75,0.4691999852657318
YGL216W,YBR083W,0,-5.215142,0.13779166340827942,0.75,0.4693000018596649
YIR006C,YBR127C,0,-5.215174,0.13776634633541107,0.75,0.46939998865127563
YLR119W,YMR216C,0,-5.21528,0.13774104416370392,0.75,0.46950000524520874
YBL002W,YBR061C,0,-5.2152853,0.13771575689315796,0.75,0.46959999203681946
YLR048W,YHR193C,0,-5.215361,0.137690469622612,0.75,0.46970000863075256
YOR233W,YMR182C,0,-5.2154875,0.13766519725322723,0.75,0.4697999954223633
YPL031C,YDL028C,0,-5.2155075,0.13763993978500366,0.75,0.4699000120162964
YDR046C,YDR097C,0,-5.2155623,0.1376146823167801,0.75,0.4699999988079071
YMR210W,YBL023C,0,-5.215598,0.1375894397497177,0.75,0.4700999855995178
YKL145W,YNL312W,0,-5.2156506,0.13756419718265533,0.75,0.4702000021934509
YER018C,YKL120W,0,-5.215673,0.13753896951675415,0.75,0.47029998898506165
YKR095W-A,YMR056C,0,-5.2156987,0.13751375675201416,0.75,0.47040000557899475
YOL115W,YCR077C,1,-5.215752,0.13767185807228088,0.7509999871253967,0.47040000557899475
YMR305C,YHL040C,0,-5.2161813,0.1376466304063797,0.7509999871253967,0.47049999237060547
YMR240C,YBR127C,0,-5.2164946,0.13762140274047852,0.7509999871253967,0.4706000089645386
YBL014C,YBR024W,0,-5.216811,0.13759618997573853,0.7509999871253967,0.4706999957561493
YER190W,YDR219C,0,-5.2169795,0.13757097721099854,0.7509999871253967,0.4708000123500824
YLL038C,YPL268W,0,-5.2169952,0.13754579424858093,0.7509999871253967,0.4708999991416931
YOR074C,YDR046C,0,-5.217166,0.13752059638500214,0.7509999871253967,0.47099998593330383
YNL213C,YHR124W,0,-5.2172756,0.13749542832374573,0.7509999871253967,0.47110000252723694
YMR135C,YGL025C,0,-5.2177773,0.13747026026248932,0.7509999871253967,0.47119998931884766
YGR104C,YBR129C,0,-5.2179837,0.1374450922012329,0.7509999871253967,0.47130000591278076
YOL115W,YPL029W,1,-5.217998,0.13760292530059814,0.7519999742507935,0.47130000591278076
YML132W,YDR425W,0,-5.218288,0.13757775723934174,0.7519999742507935,0.4713999927043915
YKL080W,YGR054W,0,-5.218634,0.13755258917808533,0.7519999742507935,0.4715000092983246
YGR180C,YDL064W,0,-5.219025,0.1375274360179901,0.7519999742507935,0.4715999960899353
YDR451C,YGR055W,0,-5.2190924,0.1375022828578949,0.7519999742507935,0.4717000126838684
YHR039C-A,YDR427W,0,-5.219124,0.13747714459896088,0.7519999742507935,0.4717999994754791
YDR004W,YOR244W,0,-5.2191324,0.13745202124118805,0.7519999742507935,0.47189998626708984
YKL145W,YGR199W,0,-5.219367,0.13742689788341522,0.7519999742507935,0.47200000286102295
YDR421W,YIL019W,0,-5.2193737,0.1374017894268036,0.7519999742507935,0.47209998965263367
YJL196C,YFR052W,0,-5.219529,0.13737669587135315,0.7519999742507935,0.4722000062465668
YKL208W,YOR054C,0,-5.2197113,0.1373516023159027,0.7519999742507935,0.4722999930381775
YLL009C,YNR039C,0,-5.2198496,0.13732650876045227,0.7519999742507935,0.4724000096321106
YLR220W,YOR032C,0,-5.2201347,0.13730144500732422,0.7519999742507935,0.4724999964237213
YGR030C,YML064C,0,-5.220335,0.13727638125419617,0.7519999742507935,0.4726000130176544
YOR284W,YDL056W,0,-5.220378,0.13725131750106812,0.7519999742507935,0.47269999980926514
YPL036W,YCR055C,0,-5.220497,0.13722628355026245,0.7519999742507935,0.47279998660087585
YPL155C,YML040W,0,-5.2204995,0.1372012346982956,0.7519999742507935,0.47290000319480896
YDL035C,YAR042W,0,-5.220608,0.13717621564865112,0.7519999742507935,0.4729999899864197
YBR237W,YLL004W,0,-5.220787,0.13715119659900665,0.7519999742507935,0.4731000065803528
YOR002W,YGR165W,0,-5.2208095,0.13712619245052338,0.7519999742507935,0.4731999933719635
YDL217C,YPR036W,0,-5.221339,0.1371011883020401,0.7519999742507935,0.4733000099658966
YDR523C,YAL056W,0,-5.2216005,0.13707619905471802,0.7519999742507935,0.4733999967575073
YDR156W,YGL097W,0,-5.221649,0.13705120980739594,0.7519999742507935,0.47350001335144043
YGL008C,YNL309W,0,-5.2218976,0.13702623546123505,0.7519999742507935,0.47360000014305115
YGL201C,YOR373W,0,-5.2222347,0.13700127601623535,0.7519999742507935,0.47369998693466187
YJL003W,YBR179C,0,-5.2224083,0.13697631657123566,0.7519999742507935,0.47380000352859497
YKL095W,YOR162C,0,-5.222953,0.13695137202739716,0.7519999742507935,0.4738999903202057
YJR135W-A,YOR198C,0,-5.2231717,0.13692644238471985,0.7519999742507935,0.4740000069141388
YDR080W,YDL002C,0,-5.223209,0.13690151274204254,0.7519999742507935,0.4740999937057495
YDL130W,YBL105C,0,-5.2235594,0.13687659800052643,0.7519999742507935,0.4742000102996826
YML013W,YCR083W,0,-5.2235904,0.13685168325901031,0.7519999742507935,0.47429999709129333
YFR003C,YDR057W,0,-5.223773,0.1368267834186554,0.7519999742507935,0.47440001368522644
YLR068W,YDR040C,0,-5.223954,0.13680189847946167,0.7519999742507935,0.47450000047683716
YOR061W,YIL051C,0,-5.22405,0.13677701354026794,0.7519999742507935,0.4745999872684479
YNR016C,YNL102W,0,-5.2242084,0.1367521435022354,0.7519999742507935,0.474700003862381
YER003C,YMR060C,0,-5.2242785,0.13672727346420288,0.7519999742507935,0.4747999906539917
YPL096C-A,YLR228C,0,-5.224621,0.13670241832733154,0.7519999742507935,0.4749000072479248
YDL159W,YMR161W,0,-5.2246556,0.1366775780916214,0.7519999742507935,0.4749999940395355
YOR085W,YIL046W,0,-5.2247024,0.13665273785591125,0.7519999742507935,0.47510001063346863
YLR284C,YJL081C,0,-5.2251153,0.1366279125213623,0.7519999742507935,0.47519999742507935
YNL166C,YDR227W,0,-5.225289,0.13660308718681335,0.7519999742507935,0.47530001401901245
YBL075C,YMR058W,0,-5.225429,0.1365782767534256,0.7519999742507935,0.47540000081062317
YOL133W,YOL069W,0,-5.2254825,0.13655348122119904,0.7519999742507935,0.4754999876022339
YER031C,YNL250W,0,-5.2258554,0.13652868568897247,0.7519999742507935,0.475600004196167
YBR193C,YGL245W,0,-5.225918,0.1365039050579071,0.7519999742507935,0.4756999909877777
YOR076C,YJL140W,1,-5.225943,0.1366606205701828,0.753000020980835,0.4756999909877777
YGR268C,YDR028C,0,-5.22606,0.13663582503795624,0.753000020980835,0.4758000075817108
YNL329C,YJL187C,0,-5.2260804,0.13661102950572968,0.753000020980835,0.47589999437332153
YDR268W,YPR183W,0,-5.226081,0.1365862488746643,0.753000020980835,0.47600001096725464
YGL115W,YEL034W,0,-5.2261906,0.13656148314476013,0.753000020980835,0.47609999775886536
YER111C,YHR072W-A,0,-5.2263055,0.13653671741485596,0.753000020980835,0.47620001435279846
YDL108W,YKR083C,0,-5.226763,0.13651196658611298,0.753000020980835,0.4763000011444092
YDR113C,YOR373W,0,-5.2270007,0.13648721575737,0.753000020980835,0.4763999879360199
YOR335C,YFR008W,0,-5.2270265,0.1364624798297882,0.753000020980835,0.476500004529953
YDR058C,YGL142C,0,-5.2272434,0.13643775880336761,0.753000020980835,0.4765999913215637
YPL106C,YDR363W,0,-5.227568,0.13641303777694702,0.753000020980835,0.4767000079154968
YDR166C,YOR080W,0,-5.2275887,0.13638833165168762,0.753000020980835,0.47679999470710754
YJL122W,YDR028C,0,-5.2276015,0.13636364042758942,0.753000020980835,0.47690001130104065
YFL050C,YNL030W,0,-5.228002,0.1363389492034912,0.753000020980835,0.47699999809265137
YLR285W,YER051W,0,-5.228149,0.136314257979393,0.753000020980835,0.4771000146865845
YNL031C,YOR181W,0,-5.228316,0.1362895965576172,0.753000020980835,0.4772000014781952
YDR021W,YJL004C,0,-5.228697,0.13626493513584137,0.753000020980835,0.4772999882698059
YGL030W,YDR323C,0,-5.2288027,0.13624027371406555,0.753000020980835,0.477400004863739
YLR190W,YJR065C,0,-5.2288294,0.13621562719345093,0.753000020980835,0.47749999165534973
YDR080W,YIL010W,0,-5.2290726,0.1361909955739975,0.753000020980835,0.47760000824928284
YHL038C,YOL065C,0,-5.229155,0.13616636395454407,0.753000020980835,0.47769999504089355
YHL028W,YLR139C,0,-5.229784,0.13614174723625183,0.753000020980835,0.47780001163482666
YJR141W,YKL099C,0,-5.230066,0.1361171305179596,0.753000020980835,0.4778999984264374
YHR083W,YDR495C,0,-5.2303753,0.13609252870082855,0.753000020980835,0.4779999852180481
YOL012C,YMR301C,0,-5.2305613,0.1360679417848587,0.753000020980835,0.4781000018119812
YAL024C,YKR008W,0,-5.230607,0.13604335486888885,0.753000020980835,0.4781999886035919
YNL047C,YCL043C,0,-5.230624,0.1360187828540802,0.753000020980835,0.478300005197525
YMR264W,YER118C,0,-5.2311673,0.13599422574043274,0.753000020980835,0.47839999198913574
YGL090W,YGR200C,0,-5.2317753,0.13596966862678528,0.753000020980835,0.47850000858306885
YEL009C,YGL032C,0,-5.231848,0.13594511151313782,0.753000020980835,0.47859999537467957
YBR058C-A,YLR305C,0,-5.2319794,0.13592058420181274,0.753000020980835,0.47870001196861267
YNL213C,YPL187W,0,-5.2320375,0.13589604198932648,0.753000020980835,0.4787999987602234
YOL010W,YDR142C,0,-5.232072,0.1358715295791626,0.753000020980835,0.4788999855518341
YJL114W,YOR260W,0,-5.2321825,0.13584701716899872,0.753000020980835,0.4790000021457672
YOR117W,YNL026W,0,-5.232343,0.13582250475883484,0.753000020980835,0.47909998893737793
YNL008C,YGL192W,0,-5.2328744,0.13579802215099335,0.753000020980835,0.47920000553131104
YER177W,YBR136W,0,-5.233243,0.13577352464199066,0.753000020980835,0.47929999232292175
YJL042W,YHR056C,0,-5.2333436,0.13574905693531036,0.753000020980835,0.47940000891685486
YPL193W,YIL150C,0,-5.233462,0.13572458922863007,0.753000020980835,0.4794999957084656
YLL012W,YER154W,0,-5.234039,0.13570012152194977,0.753000020980835,0.4796000123023987
YGL229C,YBR278W,0,-5.2340627,0.13567566871643066,0.753000020980835,0.4796999990940094
YOL147C,YPL138C,0,-5.234149,0.13565123081207275,0.753000020980835,0.4797999858856201
YBR186W,YOR150W,0,-5.234338,0.13562680780887604,0.753000020980835,0.4799000024795532
YDL130W,YDL236W,0,-5.234354,0.13560236990451813,0.753000020980835,0.47999998927116394
YOR269W,YBR279W,0,-5.234839,0.1355779618024826,0.753000020980835,0.48010000586509705
YJL073W,YLR069C,0,-5.235672,0.13555355370044708,0.753000020980835,0.48019999265670776
YNL053W,YMR272C,0,-5.235845,0.13552916049957275,0.753000020980835,0.48030000925064087
YAL068C,YOR078W,0,-5.2359805,0.13550476729869843,0.753000020980835,0.4803999960422516
YLR196W,YDL087C,0,-5.2362566,0.1354803889989853,0.753000020980835,0.4805000126361847
YPL164C,YKL048C,0,-5.23631,0.13545601069927216,0.753000020980835,0.4805999994277954
YNL286W,YOR147W,0,-5.236419,0.13543164730072021,0.753000020980835,0.48069998621940613
YOR287C,YNL138W,0,-5.236499,0.13540729880332947,0.753000020980835,0.48080000281333923
YBR247C,YGL253W,0,-5.2367215,0.13538295030593872,0.753000020980835,0.48089998960494995
YMR012W,YBL058W,0,-5.236825,0.13535861670970917,0.753000020980835,0.48100000619888306
YHR172W,YPL268W,0,-5.237068,0.1353342980146408,0.753000020980835,0.4810999929904938
YML081C-A,YNL294C,0,-5.2376256,0.13530997931957245,0.753000020980835,0.4812000095844269
YJR091C,YCR077C,1,-5.23795,0.1354653239250183,0.7540000081062317,0.4812000095844269
YOR288C,YFL003C,0,-5.2381454,0.13544099032878876,0.7540000081062317,0.4812999963760376
YER147C,YBR123C,0,-5.238202,0.1354166716337204,0.7540000081062317,0.4814000129699707
YCR018C,YGL251C,0,-5.238305,0.13539235293865204,0.7540000081062317,0.4814999997615814
YGL115W,YDR062W,0,-5.2384596,0.13536804914474487,0.7540000081062317,0.48159998655319214
YER172C,YPR068C,0,-5.238619,0.1353437453508377,0.7540000081062317,0.48170000314712524
YGL226C-A,YBL003C,0,-5.2389317,0.13531945645809174,0.7540000081062317,0.48179998993873596
YLL038C,YJL106W,0,-5.2389536,0.13529516756534576,0.7540000081062317,0.48190000653266907
YJL065C,YML046W,0,-5.2389565,0.135270893573761,0.7540000081062317,0.4819999933242798
YLR226W,YPL028W,0,-5.239171,0.1352466344833374,0.7540000081062317,0.4821000099182129
YPR033C,YCL010C,0,-5.23925,0.13522237539291382,0.7540000081062317,0.4821999967098236
YBL050W,YNL151C,0,-5.239312,0.13519813120365143,0.7540000081062317,0.4823000133037567
YOL130W,YGL254W,0,-5.239421,0.13517390191555023,0.7540000081062317,0.48240000009536743
YMR186W,YGL169W,0,-5.2394714,0.13514967262744904,0.7540000081062317,0.48249998688697815
YOR162C,YLR337W,0,-5.2396603,0.13512544333934784,0.7540000081062317,0.48260000348091125
YML092C,YOL125W,0,-5.239667,0.13510122895240784,0.7540000081062317,0.482699990272522
YIL114C,YDR176W,0,-5.2399135,0.13507702946662903,0.7540000081062317,0.4828000068664551
YPL093W,YGL163C,0,-5.240339,0.1350528448820114,0.7540000081062317,0.4828999936580658
YLR398C,YDR378C,1,-5.240617,0.13520774245262146,0.7549999952316284,0.4828999936580658
YKL108W,YBR069C,0,-5.240936,0.13518352806568146,0.7549999952316284,0.4830000102519989
YOL002C,YDR346C,0,-5.240994,0.13515932857990265,0.7549999952316284,0.4830999970436096
YFL004W,YEL009C,0,-5.2412724,0.13513512909412384,0.7549999952316284,0.4832000136375427
YAL013W,YPR168W,0,-5.2417216,0.13511095941066742,0.7549999952316284,0.48330000042915344
YOR250C,YIL153W,0,-5.2424836,0.1350867748260498,0.7549999952316284,0.48339998722076416
YJL092W,YAL011W,0,-5.242792,0.13506260514259338,0.7549999952316284,0.48350000381469727
YDR221W,YBR179C,0,-5.2432365,0.13503845036029816,0.7549999952316284,0.483599990606308
YBR127C,YPL097W,0,-5.243393,0.13501431047916412,0.7549999952316284,0.4837000072002411
YPL049C,YPL065W,0,-5.2436447,0.1349901705980301,0.7549999952316284,0.4837999939918518
YML092C,YDL005C,0,-5.24389,0.13496603071689606,0.7549999952316284,0.4839000105857849
YAL009W,YDR346C,0,-5.2442636,0.13494190573692322,0.7549999952316284,0.48399999737739563
YCR055C,YDL226C,0,-5.2442703,0.13491779565811157,0.7549999952316284,0.48410001397132874
YNL008C,YGL017W,0,-5.2445636,0.13489370048046112,0.7549999952316284,0.48420000076293945
YEL017C-A,YGL045W,0,-5.2448387,0.13486959040164948,0.7549999952316284,0.48429998755455017
YBR243C,YOR109W,0,-5.2450237,0.13484551012516022,0.7549999952316284,0.4844000041484833
YER013W,YKL150W,0,-5.2450876,0.13482142984867096,0.7549999952316284,0.484499990940094
YER190W,YER145C,0,-5.245343,0.1347973644733429,0.7549999952316284,0.4846000075340271
YBR129C,YBL082C,0,-5.2453656,0.13477329909801483,0.7549999952316284,0.4846999943256378
YMR177W,YOR320C,0,-5.245379,0.13474924862384796,0.7549999952316284,0.4848000109195709
YLR154C,YLR274W,0,-5.245382,0.1347251981496811,0.7549999952316284,0.48489999771118164
YJR091C,YGR195W,1,-5.2460938,0.13487957417964935,0.7559999823570251,0.48489999771118164
YKL020C,YDR037W,0,-5.2461348,0.1348555088043213,0.7559999823570251,0.48500001430511475
YNL156C,YLR399C,0,-5.2461443,0.13483145833015442,0.7559999823570251,0.48510000109672546
YMR267W,YHR167W,0,-5.246503,0.13480742275714874,0.7559999823570251,0.4851999878883362
YOR151C,YDL098C,0,-5.246526,0.13478338718414307,0.7559999823570251,0.4853000044822693
YBR042C,YOR027W,0,-5.2469006,0.1347593516111374,0.7559999823570251,0.48539999127388
YDR363W-A,YPR070W,0,-5.247101,0.1347353458404541,0.7559999823570251,0.4855000078678131
YJL129C,YER171W,0,-5.24749,0.1347113400697708,0.7559999823570251,0.48559999465942383
YJL219W,YBR237W,0,-5.2479067,0.13468733429908752,0.7559999823570251,0.48570001125335693
YLR007W,YHR083W,0,-5.247998,0.13466334342956543,0.7559999823570251,0.48579999804496765
YGR140W,YCL020W,0,-5.248088,0.13463935256004333,0.7559999823570251,0.48590001463890076
YBR167C,YOL072W,0,-5.2482433,0.13461539149284363,0.7559999823570251,0.4860000014305115
YNL159C,YER007W,0,-5.248251,0.13459141552448273,0.7559999823570251,0.4860999882221222
YDL084W,YMR207C,0,-5.248376,0.13456745445728302,0.7559999823570251,0.4862000048160553
YMR049C,YIL053W,0,-5.2484446,0.1345435082912445,0.7559999823570251,0.486299991607666
YJL034W,YDL101C,0,-5.2484627,0.1345195770263672,0.7559999823570251,0.4864000082015991
YPR179C,YCL063W,0,-5.248498,0.13449564576148987,0.7559999823570251,0.48649999499320984
YJL127C,YGR122W,0,-5.248747,0.13447171449661255,0.7559999823570251,0.48660001158714294
YPL202C,YHR142W,0,-5.2487955,0.13444779813289642,0.7559999823570251,0.48669999837875366
YJL034W,YMR263W,0,-5.2488933,0.1344238966703415,0.7559999823570251,0.4867999851703644
YER112W,YDL165W,1,-5.2491446,0.13457778096199036,0.7570000290870667,0.4867999851703644
YBL006C,YPR124W,0,-5.2492003,0.13455384969711304,0.7570000290870667,0.4869000017642975
YBL013W,YEL066W,0,-5.249202,0.1345299482345581,0.7570000290870667,0.4869999885559082
YOR142W,YNL262W,0,-5.2492228,0.13450604677200317,0.7570000290870667,0.4871000051498413
YOR130C,YOR038C,0,-5.249272,0.13448214530944824,0.7570000290870667,0.487199991941452
YNL008C,YGR013W,0,-5.2497272,0.1344582587480545,0.7570000290870667,0.48730000853538513
YPR072W,YER146W,1,-5.249778,0.13461196422576904,0.7580000162124634,0.48730000853538513
YNL142W,YDR473C,0,-5.2502246,0.1345880627632141,0.7580000162124634,0.48739999532699585
YGR275W,YOL033W,0,-5.2504215,0.13456417620182037,0.7580000162124634,0.48750001192092896
YIL061C,YFL005W,0,-5.250593,0.13454028964042664,0.7580000162124634,0.4875999987125397
YBL100W-A,YAR007C,0,-5.2507114,0.1345164179801941,0.7580000162124634,0.4876999855041504
YDR038C,YDL113C,0,-5.251256,0.13449254631996155,0.7580000162124634,0.4878000020980835
YDL102W,YPL187W,0,-5.25146,0.1344686895608902,0.7580000162124634,0.4878999888896942
YOR221C,YOR002W,0,-5.2519665,0.13444483280181885,0.7580000162124634,0.4880000054836273
YPL011C,YDR418W,0,-5.2520733,0.1344209909439087,0.7580000162124634,0.48809999227523804
YDL077C,YDL148C,0,-5.252299,0.13439716398715973,0.7580000162124634,0.48820000886917114
YMR008C,YNL066W,0,-5.252322,0.13437333703041077,0.7580000162124634,0.48829999566078186
YLL024C,YMR042W,0,-5.2524476,0.134349524974823,0.7580000162124634,0.48840001225471497
YNL053W,YDR363W-A,0,-5.252678,0.13432571291923523,0.7580000162124634,0.4884999990463257
YDR446W,YIL153W,0,-5.2536755,0.13430191576480865,0.7580000162124634,0.4885999858379364
YML047C,YDL109C,0,-5.2538157,0.13427811861038208,0.7580000162124634,0.4887000024318695
YBR119W,YDR148C,0,-5.254672,0.1342543363571167,0.7580000162124634,0.4887999892234802
YER160C,YLR182W,0,-5.254784,0.1342305690050125,0.7580000162124634,0.48890000581741333
YGL174W,YNL101W,0,-5.2547874,0.13420680165290833,0.7580000162124634,0.48899999260902405
YFL016C,YBR216C,0,-5.2548523,0.13418303430080414,0.7580000162124634,0.48910000920295715
YGL116W,YML078W,0,-5.2549076,0.13415929675102234,0.7580000162124634,0.48919999599456787
YKL062W,YLR002C,0,-5.255205,0.13413554430007935,0.7580000162124634,0.489300012588501
YBR055C,YPL078C,0,-5.2552896,0.13411182165145874,0.7580000162124634,0.4893999993801117
YOR221C,YOR320C,0,-5.2553635,0.13408809900283813,0.7580000162124634,0.4894999861717224
YKR086W,YHR026W,0,-5.25546,0.13406437635421753,0.7580000162124634,0.4896000027656555
YJL196C,YLR222C,0,-5.25551,0.13404066860675812,0.7580000162124634,0.48969998955726624
YBR127C,YGL201C,0,-5.2555866,0.1340169757604599,0.7580000162124634,0.48980000615119934
YDR221W,YCR018C,0,-5.2557006,0.13399328291416168,0.7580000162124634,0.48989999294281006
YLR166C,YOR210W,0,-5.255715,0.13396960496902466,0.7580000162124634,0.49000000953674316
YOR081C,YLR022C,0,-5.2558713,0.13394592702388763,0.7580000162124634,0.4900999963283539
YBR060C,YLR417W,0,-5.256131,0.1339222639799118,0.7580000162124634,0.490200012922287
YJR120W,YBR039W,0,-5.2562327,0.13389860093593597,0.7580000162124634,0.4902999997138977
YPL026C,YGL244W,0,-5.256256,0.13387495279312134,0.7580000162124634,0.4903999865055084
YNL008C,YJL166W,0,-5.256322,0.1338513195514679,0.7580000162124634,0.49050000309944153
YIL036W,YER166W,0,-5.2568035,0.13382768630981445,0.7580000162124634,0.49059998989105225
YFL017W-A,YDL059C,0,-5.257161,0.133804053068161,0.7580000162124634,0.49070000648498535
YFR003C,YBR159W,0,-5.2576184,0.13378044962882996,0.7580000162124634,0.49079999327659607
YMR013C,YCL005W-A,0,-5.2579937,0.1337568312883377,0.7580000162124634,0.4909000098705292
YHR072W-A,YGL086W,0,-5.258493,0.13373324275016785,0.7580000162124634,0.4909999966621399
YGL113W,YBL106C,0,-5.258699,0.13370965421199799,0.7580000162124634,0.491100013256073
YMR312W,YBL075C,0,-5.2587786,0.13368606567382812,0.7580000162124634,0.4912000000476837
YJL101C,YAR044W,0,-5.2588897,0.13366249203681946,0.7580000162124634,0.49129998683929443
YBR089C-A,YPR125W,0,-5.259052,0.13363893330097198,0.7580000162124634,0.49140000343322754
YMR093W,YCL043C,0,-5.259052,0.1336153745651245,0.7580000162124634,0.49149999022483826
YMR104C,YKR019C,0,-5.2593803,0.13359181582927704,0.7580000162124634,0.49160000681877136
YOR081C,YIL135C,0,-5.2595387,0.13356828689575195,0.7580000162124634,0.4916999936103821
YJR158W,YBR089C-A,0,-5.2598867,0.13354474306106567,0.7580000162124634,0.4918000102043152
YJL167W,YGL163C,0,-5.2602353,0.13352122902870178,0.7580000162124634,0.4918999969959259
YMR069W,YLR071C,0,-5.2602515,0.1334977149963379,0.7580000162124634,0.492000013589859
YPL130W,YLR085C,0,-5.260663,0.133474200963974,0.7580000162124634,0.4921000003814697
YGL049C,YGR216C,0,-5.261102,0.1334507018327713,0.7580000162124634,0.49219998717308044
YER177W,YPL026C,0,-5.261488,0.1334272176027298,0.7580000162124634,0.49230000376701355
YDR298C,YDR294C,0,-5.261536,0.1334037333726883,0.7580000162124634,0.49239999055862427
YDR004W,YBR207W,0,-5.261591,0.13338026404380798,0.7580000162124634,0.4925000071525574
YDR418W,YPR111W,0,-5.2617106,0.13335679471492767,0.7580000162124634,0.4925999939441681
YHR026W,YOR120W,0,-5.262232,0.13333334028720856,0.7580000162124634,0.4927000105381012
YKR053C,YLR210W,0,-5.2625165,0.13330988585948944,0.7580000162124634,0.4927999973297119
YDR126W,YMR311C,0,-5.2628036,0.13328644633293152,0.7580000162124634,0.492900013923645
YNL318C,YLR166C,0,-5.26283,0.1332630068063736,0.7580000162124634,0.49300000071525574
YPL095C,YHR089C,0,-5.263054,0.13323958218097687,0.7580000162124634,0.49309998750686646
YGR037C,YNR034W,0,-5.2631197,0.13321617245674133,0.7580000162124634,0.49320000410079956
YDR418W,YGL029W,0,-5.2634892,0.1331927627325058,0.7580000162124634,0.4932999908924103
YNL073W,YPR032W,0,-5.263849,0.13316936790943146,0.7580000162124634,0.4934000074863434
YJL198W,YLR210W,0,-5.263959,0.13314597308635712,0.7580000162124634,0.4934999942779541
YDR434W,YLL015W,0,-5.2640147,0.13312257826328278,0.7580000162124634,0.4936000108718872
YJR022W,YHR115C,0,-5.2640204,0.13309921324253082,0.7580000162124634,0.4936999976634979
YCL066W,YDL014W,0,-5.264063,0.13307584822177887,0.7580000162124634,0.49380001425743103
YGR013W,YBR004C,0,-5.2643566,0.13305248320102692,0.7580000162124634,0.49390000104904175
YHR058C,YCL016C,0,-5.264425,0.13302913308143616,0.7580000162124634,0.49399998784065247
YNL094W,YOR351C,0,-5.2647686,0.1330057978630066,0.7580000162124634,0.49410000443458557
YKL055C,YMR240C,0,-5.264841,0.13298246264457703,0.7580000162124634,0.4941999912261963
YMR293C,YIL080W,0,-5.264949,0.13295912742614746,0.7580000162124634,0.4943000078201294
YBR029C,YMR112C,0,-5.265362,0.1329358071088791,0.7580000162124634,0.4943999946117401
YOR180C,YPR080W,0,-5.265367,0.1329125016927719,0.7580000162124634,0.4945000112056732
YER111C,YDL185W,0,-5.2654433,0.13288919627666473,0.7580000162124634,0.49459999799728394
YJL013C,YOR080W,0,-5.2665052,0.13286590576171875,0.7580000162124634,0.49470001459121704
YDR320C-A,YCR033W,0,-5.267005,0.13284261524677277,0.7580000162124634,0.49480000138282776
YGR085C,YNL310C,0,-5.2671905,0.13281933963298798,0.7580000162124634,0.4948999881744385
YGR253C,YDR386W,0,-5.2671976,0.13279607892036438,0.7580000162124634,0.4950000047683716
YGL047W,YGR090W,0,-5.2673845,0.13277281820774078,0.7580000162124634,0.4950999915599823
YDR303C,YGR253C,0,-5.267456,0.1327495574951172,0.7580000162124634,0.4952000081539154
YBL005W-B,YHR056C,0,-5.2674665,0.13272631168365479,0.7580000162124634,0.4952999949455261
YIL008W,YHR083W,0,-5.2676573,0.13270308077335358,0.7580000162124634,0.49540001153945923
YOR275C,YDR429C,0,-5.268083,0.13267984986305237,0.7580000162124634,0.49549999833106995
YOL066C,YDR148C,0,-5.2681108,0.13265663385391235,0.7580000162124634,0.49559998512268066
YDR378C,YOL142W,1,-5.2683077,0.1328084021806717,0.7590000033378601,0.49559998512268066
YGR179C,YOR103C,0,-5.268579,0.13278517127037048,0.7590000033378601,0.49570000171661377
YOR178C,YLR028C,0,-5.268619,0.13276194036006927,0.7590000033378601,0.4957999885082245
YBR022W,YGR060W,0,-5.2686677,0.13273872435092926,0.7590000033378601,0.4959000051021576
YMR134W,YPR190C,0,-5.26872,0.13271550834178925,0.7590000033378601,0.4959999918937683
YEL030W,YJR118C,0,-5.2688756,0.13269230723381042,0.7590000033378601,0.4961000084877014
YGL183C,YPR119W,0,-5.2690763,0.1326691210269928,0.7590000033378601,0.49619999527931213
YML130C,YPR020W,0,-5.269145,0.13264593482017517,0.7590000033378601,0.49630001187324524
YMR044W,YFL026W,0,-5.2691746,0.13262274861335754,0.7590000033378601,0.49639999866485596
YNL264C,YLL024C,0,-5.269212,0.1325995773077011,0.7590000033378601,0.4964999854564667
YLL027W,YJL019W,0,-5.2692256,0.13257642090320587,0.7590000033378601,0.4966000020503998
YJL091C,YDR021W,0,-5.269615,0.13255326449871063,0.7590000033378601,0.4966999888420105
YHR181W,YBR070C,0,-5.269643,0.1325301229953766,0.7590000033378601,0.4968000054359436
YFL018W-A,YHR183W,0,-5.269882,0.13250698149204254,0.7590000033378601,0.4968999922275543
YOR381W,YCL043C,0,-5.2700596,0.1324838548898697,0.7590000033378601,0.4970000088214874
YPL193W,YGL032C,0,-5.2701874,0.13246072828769684,0.7590000033378601,0.49709999561309814
YJL114W,YAL058W,0,-5.2708087,0.13243761658668518,0.7590000033378601,0.49720001220703125
YER049W,YJL050W,1,-5.2708445,0.1325889676809311,0.7599999904632568,0.49720001220703125
YNL053W,YGL181W,0,-5.270925,0.13256584107875824,0.7599999904632568,0.49729999899864197
YOR069W,YER013W,0,-5.271364,0.13254272937774658,0.7599999904632568,0.4973999857902527
YOR221C,YDR485C,0,-5.271497,0.13251961767673492,0.7599999904632568,0.4975000023841858
YFR004W,YHR158C,0,-5.27177,0.13249650597572327,0.7599999904632568,0.4975999891757965
YOR211C,YGR241C,0,-5.2718115,0.132473424077034,0.7599999904632568,0.4977000057697296
YPL227C,YOL066C,0,-5.2718277,0.13245032727718353,0.7599999904632568,0.49779999256134033
YLR081W,YHR005C-A,0,-5.271874,0.13242724537849426,0.7599999904632568,0.49790000915527344
YGL183C,YGL021W,0,-5.2719216,0.1324041783809662,0.7599999904632568,0.49799999594688416
YLR206W,YOR035C,0,-5.2722673,0.1323811113834381,0.7599999904632568,0.49810001254081726
YML052W,YML109W,0,-5.272322,0.13235805928707123,0.7599999904632568,0.498199999332428
YAL020C,YLR429W,0,-5.2724857,0.13233502209186554,0.7599999904632568,0.4982999861240387
YPL059W,YOL066C,0,-5.2725415,0.13231198489665985,0.7599999904632568,0.4984000027179718
YML033W,YHR079C-A,0,-5.2725773,0.13228894770145416,0.7599999904632568,0.4984999895095825
YNR053C,YPL076W,0,-5.2727194,0.13226592540740967,0.7599999904632568,0.4986000061035156
YLR362W,YAL003W,0,-5.273033,0.13224290311336517,0.7599999904632568,0.49869999289512634
YGR121C,YPL031C,0,-5.2733827,0.13221989572048187,0.7599999904632568,0.49880000948905945
YCR018C,YLR109W,0,-5.273957,0.13219690322875977,0.7599999904632568,0.49889999628067017
YDL126C,YOR038C,0,-5.2739882,0.13217391073703766,0.7599999904632568,0.49900001287460327
YML041C,YER104W,0,-5.274537,0.13215093314647675,0.7599999904632568,0.499099999666214
YFL039C,YDR369C,0,-5.2746763,0.13212795555591583,0.7599999904632568,0.4991999864578247
YBR201W,YOL144W,0,-5.2752876,0.1321049928665161,0.7599999904632568,0.4993000030517578
YER171W,YNL053W,0,-5.2754707,0.1320820301771164,0.7599999904632568,0.49939998984336853
YEL026W,YEL030W,0,-5.275771,0.13205908238887787,0.7599999904632568,0.49950000643730164
YEL051W,YJL030W,0,-5.275846,0.13203613460063934,0.7599999904632568,0.49959999322891235
YGR230W,YDR159W,0,-5.275847,0.132013201713562,0.7599999904632568,0.49970000982284546
YJL186W,YFL013C,0,-5.2760353,0.13199026882648468,0.7599999904632568,0.4997999966144562
YKL042W,YIL026C,0,-5.2763567,0.13196735084056854,0.7599999904632568,0.4999000132083893
YDR254W,YJR104C,0,-5.2767897,0.1319444477558136,0.7599999904632568,0.5
YML086C,YBR233W-A,0,-5.277148,0.13192154467105865,0.7599999904632568,0.5001000165939331
YDR240C,YDR098C,0,-5.277199,0.1318986415863037,0.7599999904632568,0.5001999735832214
YPR120C,YPL187W,0,-5.2776046,0.13187575340270996,0.7599999904632568,0.5002999901771545
YHR143W-A,YGL251C,0,-5.277839,0.1318528801202774,0.7599999904632568,0.5004000067710876
YIL061C,YNL102W,0,-5.2779145,0.13183000683784485,0.7599999904632568,0.5005000233650208
YKL032C,YCL020W,0,-5.2782664,0.1318071484565735,0.7599999904632568,0.5005999803543091
YGR085C,YPL268W,0,-5.2783775,0.13178429007530212,0.7599999904632568,0.5006999969482422
YNL073W,YML057W,0,-5.278755,0.13176144659519196,0.7599999904632568,0.5008000135421753
YDR013W,YLL040C,0,-5.278783,0.1317386031150818,0.7599999904632568,0.5008999705314636
YBR103W,YER164W,0,-5.2788386,0.1317157745361328,0.7599999904632568,0.5009999871253967
YLR270W,YJL050W,1,-5.2790017,0.1318662315607071,0.7609999775886536,0.5009999871253967
YER061C,YLR075W,0,-5.2791953,0.13184338808059692,0.7609999775886536,0.5011000037193298
YER190W,YOL116W,0,-5.279275,0.13182054460048676,0.7609999775886536,0.5012000203132629
YJL106W,YPL239W,0,-5.2793202,0.13179771602153778,0.7609999775886536,0.5012999773025513
YMR276W,YNL317W,0,-5.279388,0.1317748874425888,0.7609999775886536,0.5013999938964844
YNL323W,YOR038C,0,-5.2798986,0.13175207376480103,0.7609999775886536,0.5015000104904175
YLR383W,YPL254W,0,-5.280853,0.13172927498817444,0.7609999775886536,0.5016000270843506
YGL166W,YOR025W,0,-5.2808743,0.13170647621154785,0.7609999775886536,0.5016999840736389
YMR199W,YJR046W,0,-5.280951,0.13168367743492126,0.7609999775886536,0.501800000667572
YDR358W,YDR165W,0,-5.2812395,0.13166089355945587,0.7609999775886536,0.5019000172615051
YGL252C,YOR033C,0,-5.281271,0.13163812458515167,0.7609999775886536,0.5019999742507935
YBR237W,YPL065W,0,-5.2813373,0.13161535561084747,0.7609999775886536,0.5020999908447266
YER075C,YBL006C,0,-5.281581,0.13159260153770447,0.7609999775886536,0.5022000074386597
YIL118W,YBL105C,0,-5.281876,0.13156984746456146,0.7609999775886536,0.5023000240325928
YOR284W,YGL257C,0,-5.2818913,0.13154710829257965,0.7609999775886536,0.5023999810218811
YGR171C,YPL193W,0,-5.2822537,0.13152436912059784,0.7609999775886536,0.5024999976158142
YBR070C,YPL213W,0,-5.282448,0.13150164484977722,0.7609999775886536,0.5026000142097473
YOR335C,YDL093W,0,-5.2825146,0.1314789205789566,0.7609999775886536,0.5026999711990356
YNL029C,YFR041C,0,-5.282537,0.13145621120929718,0.7609999775886536,0.5027999877929688
YGL090W,YER016W,0,-5.2827187,0.13143350183963776,0.7609999775886536,0.5029000043869019
YOR061W,YML058W-A,0,-5.282762,0.13141080737113953,0.7609999775886536,0.503000020980835
YBL061C,YNL094W,0,-5.2828546,0.1313881278038025,0.7609999775886536,0.5030999779701233
YKR081C,YCL044C,0,-5.282953,0.13136544823646545,0.7609999775886536,0.5031999945640564
YNR075W,YKL064W,0,-5.282981,0.13134276866912842,0.7609999775886536,0.5033000111579895
YLR133W,YMR146C,0,-5.2830143,0.13132010400295258,0.7609999775886536,0.5034000277519226
YBL075C,YDR310C,0,-5.2830315,0.13129743933677673,0.7609999775886536,0.5034999847412109
YKL080W,YBR037C,0,-5.2832685,0.13127480447292328,0.7609999775886536,0.503600001335144
YPL019C,YNL037C,0,-5.2835436,0.13125215470790863,0.7609999775886536,0.5037000179290771
YGR220C,YKL042W,0,-5.283751,0.13122951984405518,0.7609999775886536,0.5037999749183655
YMR198W,YKL043W,0,-5.283865,0.13120689988136292,0.7609999775886536,0.5038999915122986
YDR060W,YDL019C,0,-5.2841434,0.13118427991867065,0.7609999775886536,0.5040000081062317
YHR123W,YLR399C,0,-5.2842264,0.1311616748571396,0.7609999775886536,0.5041000247001648
YPR072W,YDL175C,1,-5.2842865,0.13131138682365417,0.7620000243186951,0.5041000247001648
YOR123C,YGL162W,0,-5.2844076,0.13128876686096191,0.7620000243186951,0.5041999816894531
YPL093W,YNL136W,0,-5.2846465,0.13126614689826965,0.7620000243186951,0.5042999982833862
YML099C,YMR029C,0,-5.284772,0.1312435418367386,0.7620000243186951,0.5044000148773193
YJL050W,YGR158C,1,-5.284891,0.13139314949512482,0.7630000114440918,0.5044000148773193
YOR287C,YFL005W,0,-5.2850413,0.13137052953243256,0.7630000114440918,0.5044999718666077
YEL020W-A,YLR148W,0,-5.285233,0.1313479095697403,0.7630000114440918,0.5045999884605408
YER075C,YJR064W,0,-5.2855587,0.13132530450820923,0.7630000114440918,0.5047000050544739
YLR256W,YER051W,0,-5.2856264,0.13130269944667816,0.7630000114440918,0.504800021648407
YKL193C,YJL010C,0,-5.285717,0.1312801092863083,0.7630000114440918,0.5048999786376953
YHR039C-A,YEL022W,0,-5.2859483,0.13125751912593842,0.7630000114440918,0.5049999952316284
YLR316C,YHR079C-A,0,-5.2863846,0.13123494386672974,0.7630000114440918,0.5051000118255615
YCL024W,YJR002W,0,-5.286837,0.13121238350868225,0.7630000114440918,0.5052000284194946
YPL200W,YIR037W,0,-5.287017,0.13118982315063477,0.7630000114440918,0.505299985408783
YKR002W,YDL039C,0,-5.2875514,0.13116726279258728,0.7630000114440918,0.5054000020027161
YIL128W,YER020W,0,-5.287555,0.131144717335701,0.7630000114440918,0.5055000185966492
YBR142W,YDR092W,0,-5.2878437,0.1311221867799759,0.7630000114440918,0.5055999755859375
YDR200C,YGR167W,0,-5.2881603,0.1310996562242508,0.7630000114440918,0.5056999921798706
YDL153C,YLR337W,0,-5.288198,0.1310771405696869,0.7630000114440918,0.5058000087738037
YBR253W,YKR086W,0,-5.2882004,0.13105462491512299,0.7630000114440918,0.5059000253677368
YDL161W,YOR057W,0,-5.288263,0.13103210926055908,0.7630000114440918,0.5059999823570251
YBR042C,YGR014W,0,-5.2885346,0.13100960850715637,0.7630000114440918,0.5060999989509583
YPR078C,YJR064W,0,-5.2885876,0.13098712265491486,0.7630000114440918,0.5062000155448914
YDR358W,YHR088W,0,-5.288767,0.13096463680267334,0.7630000114440918,0.5062999725341797
YFL049W,YNL094W,0,-5.2890005,0.13094216585159302,0.7630000114440918,0.5063999891281128
YAL013W,YGL151W,0,-5.2890444,0.1309196949005127,0.7630000114440918,0.5065000057220459
YOR129C,YOL130W,0,-5.289203,0.13089723885059357,0.7630000114440918,0.506600022315979
YJR002W,YFL026W,0,-5.289294,0.13087478280067444,0.7630000114440918,0.5066999793052673
YOL101C,YML086C,0,-5.2896385,0.1308523416519165,0.7630000114440918,0.5067999958992004
YHR094C,YBR107C,0,-5.289747,0.13082990050315857,0.7630000114440918,0.5069000124931335
YDL128W,YDR488C,0,-5.289795,0.13080747425556183,0.7630000114440918,0.5070000290870667
YDR145W,YMR029C,0,-5.289818,0.1307850480079651,0.7630000114440918,0.507099986076355
YKR089C,YGL119W,0,-5.2901087,0.13076263666152954,0.7630000114440918,0.5072000026702881
YGL008C,YEL012W,0,-5.2901363,0.1307402402162552,0.7630000114440918,0.5073000192642212
YER089C,YDL226C,0,-5.2903376,0.13071782886981964,0.7630000114440918,0.5073999762535095
YOR179C,YLR466W,0,-5.2908893,0.13069544732570648,0.7630000114440918,0.5074999928474426
YNL153C,YEL063C,0,-5.2911425,0.13067306578159332,0.7630000114440918,0.5076000094413757
YOL038W,YHR181W,0,-5.2916827,0.13065068423748016,0.7630000114440918,0.5077000260353088
YLR136C,YOL149W,1,-5.291733,0.13079951703548431,0.7639999985694885,0.5077000260353088
YGL169W,YLR165C,0,-5.291828,0.13077713549137115,0.7639999985694885,0.5077999830245972
YOR038C,YML124C,0,-5.291847,0.130754753947258,0.7639999985694885,0.5078999996185303
YMR011W,YOR109W,0,-5.29259,0.13073237240314484,0.7639999985694885,0.5080000162124634
YNL128W,YBL003C,0,-5.2926216,0.13071000576019287,0.7639999985694885,0.5080999732017517
YPR140W,YLR401C,0,-5.2931056,0.1306876540184021,0.7639999985694885,0.5081999897956848
YJL129C,YDR298C,0,-5.29311,0.13066530227661133,0.7639999985694885,0.5083000063896179
YOR027W,YAL011W,0,-5.2931967,0.13064295053482056,0.7639999985694885,0.508400022983551
YJL091C,YDR376W,0,-5.293236,0.13062061369419098,0.7639999985694885,0.5084999799728394
YDL153C,YGR199W,0,-5.2936845,0.1305982917547226,0.7639999985694885,0.5085999965667725
YDL051W,YDL028C,0,-5.2941594,0.1305759698152542,0.7639999985694885,0.5087000131607056
YGL075C,YLR028C,0,-5.294255,0.13055366277694702,0.7639999985694885,0.5088000297546387
YPL130W,YDR022C,0,-5.294365,0.13053135573863983,0.7639999985694885,0.508899986743927
YPL135W,YDR489W,0,-5.2944517,0.13050904870033264,0.7639999985694885,0.5090000033378601
YOL133W,YOR310C,0,-5.2946243,0.13048675656318665,0.7639999985694885,0.5091000199317932
YML099C,YOR025W,0,-5.294647,0.13046447932720184,0.7639999985694885,0.5091999769210815
YBR133C,YDL093W,0,-5.2947927,0.13044220209121704,0.7639999985694885,0.5092999935150146
YMR036C,YPR163C,0,-5.294984,0.13041993975639343,0.7639999985694885,0.5094000101089478
YNL167C,YBR029C,0,-5.295021,0.13039767742156982,0.7639999985694885,0.5095000267028809
YML058W-A,YJL025W,0,-5.2950916,0.1303754299879074,0.7639999985694885,0.5095999836921692
YJL210W,YNL271C,0,-5.2952676,0.130353182554245,0.7639999985694885,0.5097000002861023
YDL029W,YLR097C,0,-5.2953763,0.13033095002174377,0.7639999985694885,0.5098000168800354
YLR372W,YMR076C,0,-5.2953887,0.13030871748924255,0.7639999985694885,0.5098999738693237
YOL128C,YMR128W,0,-5.2954273,0.13028649985790253,0.7639999985694885,0.5099999904632568
YER166W,YNL054W,0,-5.2955647,0.1302642822265625,0.7639999985694885,0.5101000070571899
YKL197C,YOL146W,0,-5.295852,0.13024207949638367,0.7639999985694885,0.510200023651123
YMR128W,YJL001W,0,-5.295918,0.13021987676620483,0.7639999985694885,0.5102999806404114
YCR014C,YFL037W,0,-5.2960353,0.1301976889371872,0.7639999985694885,0.5103999972343445
YGL222C,YBL026W,1,-5.296052,0.13034588098526,0.7649999856948853,0.5103999972343445
YBR295W,YNL070W,0,-5.296115,0.13032367825508118,0.7649999856948853,0.5105000138282776
YPR103W,YMR058W,0,-5.2962375,0.13030147552490234,0.7649999856948853,0.5105999708175659
YBL051C,YKL197C,0,-5.2963543,0.1302792876958847,0.7649999856948853,0.510699987411499
YGR116W,YDR028C,0,-5.2970123,0.13025711476802826,0.7649999856948853,0.5108000040054321
YDL076C,YJL062W,0,-5.2971835,0.13023492693901062,0.7649999856948853,0.5109000205993652
YDL108W,YKL192C,0,-5.297511,0.13021276891231537,0.7649999856948853,0.5109999775886536
YGL222C,YLL013C,1,-5.2975764,0.13036079704761505,0.765999972820282,0.5109999775886536
YNL142W,YER190W,0,-5.2977753,0.1303386092185974,0.765999972820282,0.5110999941825867
YLR335W,YOR084W,0,-5.298073,0.13031643629074097,0.765999972820282,0.5112000107765198
YNL009W,YMR316W,0,-5.2980747,0.13029426336288452,0.765999972820282,0.5113000273704529
YBR278W,YJR050W,0,-5.2980995,0.13027210533618927,0.765999972820282,0.5113999843597412
YKL040C,YPL083C,0,-5.298236,0.1302499622106552,0.765999972820282,0.5115000009536743
YOL133W,YJL045W,0,-5.2982416,0.13022781908512115,0.765999972820282,0.5116000175476074
YOL117W,YDR092W,0,-5.2982845,0.1302056759595871,0.765999972820282,0.5116999745368958
YDR021W,YIL017W,0,-5.2982945,0.13018354773521423,0.765999972820282,0.5117999911308289
YBR233W-A,YBR154C,0,-5.2984824,0.13016143441200256,0.765999972820282,0.511900007724762
YPR165W,YDL109C,0,-5.298727,0.1301393061876297,0.765999972820282,0.5120000243186951
YDR446W,YCR037C,0,-5.2988358,0.13011720776557922,0.765999972820282,0.5120999813079834
YBR030W,YDR486C,0,-5.2991567,0.13009510934352875,0.765999972820282,0.5121999979019165
YLR119W,YCR040W,0,-5.299161,0.13007301092147827,0.765999972820282,0.5123000144958496
YER027C,YOR340C,0,-5.2992125,0.130050927400589,0.765999972820282,0.5123999714851379
YLR144C,YDR077W,0,-5.2992573,0.1300288587808609,0.765999972820282,0.512499988079071
YOL077C,YPL177C,0,-5.299287,0.1300067901611328,0.765999972820282,0.5126000046730042
YFL024C,YOL148C,0,-5.299378,0.12998472154140472,0.765999972820282,0.5127000212669373
YHR077C,YPR189W,1,-5.299555,0.13013233244419098,0.7670000195503235,0.5127000212669373
YGL093W,YPL274W,0,-5.2996826,0.1301102638244629,0.7670000195503235,0.5127999782562256
YBL051C,YBR068C,0,-5.3004,0.1300881952047348,0.7670000195503235,0.5128999948501587
YDR489W,YLR385C,0,-5.3009477,0.1300661414861679,0.7670000195503235,0.5130000114440918
YNL047C,YPL042C,0,-5.3009996,0.130044087767601,0.7670000195503235,0.5131000280380249
YDL014W,YMR104C,0,-5.30161,0.13002203404903412,0.7670000195503235,0.5131999850273132
YDL077C,YBL039C,0,-5.301797,0.12999999523162842,0.7670000195503235,0.5133000016212463
YAL068C,YDR363W-A,0,-5.3019857,0.1299779713153839,0.7670000195503235,0.5134000182151794
YOR001W,YJR091C,1,-5.3020253,0.13012538850307465,0.7680000066757202,0.5134000182151794
YKL206C,YGR275W,0,-5.302043,0.13010333478450775,0.7680000066757202,0.5134999752044678
YFL025C,YGR238C,0,-5.3020706,0.13008129596710205,0.7680000066757202,0.5135999917984009
YPL156C,YPR141C,0,-5.302158,0.13005927205085754,0.7680000066757202,0.513700008392334
YAL025C,YBR012W-B,0,-5.3021874,0.13003724813461304,0.7680000066757202,0.5138000249862671
YNL262W,YNL246W,0,-5.3026543,0.13001523911952972,0.7680000066757202,0.5138999819755554
YPL203W,YDR363W,0,-5.302925,0.1299932301044464,0.7680000066757202,0.5139999985694885
YBR107C,YDR447C,0,-5.3031855,0.1299712359905243,0.7680000066757202,0.5141000151634216
YJR028W,YPR171W,0,-5.303207,0.12994924187660217,0.7680000066757202,0.51419997215271
YCR048W,YOR332W,0,-5.3032613,0.12992724776268005,0.7680000066757202,0.5142999887466431
YAL010C,YDL153C,0,-5.303318,0.12990528345108032,0.7680000066757202,0.5144000053405762
YDR240C,YJL093C,0,-5.3036084,0.1298833042383194,0.7680000066757202,0.5145000219345093
YOL040C,YJL101C,0,-5.303614,0.12986133992671967,0.7680000066757202,0.5145999789237976
YDR036C,YPR128C,0,-5.3039956,0.12983939051628113,0.7680000066757202,0.5146999955177307
YML049C,YMR207C,0,-5.304075,0.1298174411058426,0.7680000066757202,0.5148000121116638
YLR270W,YKL009W,1,-5.304305,0.12996451556682587,0.7689999938011169,0.5148000121116638
YLR270W,YNL118C,1,-5.304603,0.13011153042316437,0.7699999809265137,0.5148000121116638
YFR013W,YER075C,0,-5.3049197,0.13008953630924225,0.7699999809265137,0.5149000287055969
YLR380W,YGR167W,0,-5.3050785,0.13006757199764252,0.7699999809265137,0.5149999856948853
YLL043W,YBL100W-A,0,-5.305126,0.13004560768604279,0.7699999809265137,0.5151000022888184
YGR104C,YJR073C,0,-5.305332,0.13002364337444305,0.7699999809265137,0.5152000188827515
YKR038C,YER154W,0,-5.3057003,0.13000169396400452,0.7699999809265137,0.5152999758720398
YHR079C-A,YOR381W,0,-5.3060226,0.12997974455356598,0.7699999809265137,0.5153999924659729
YBL023C,YPR122W,0,-5.3062983,0.12995781004428864,0.7699999809265137,0.515500009059906
YOR069W,YMR214W,0,-5.306331,0.1299358755350113,0.7699999809265137,0.5156000256538391
YPL188W,YBR272C,0,-5.3064837,0.12991395592689514,0.7699999809265137,0.5156999826431274
YBR258C,YOL039W,0,-5.3065143,0.129892036318779,0.7699999809265137,0.5157999992370605
YKR072C,YJR110W,0,-5.306919,0.12987013161182404,0.7699999809265137,0.5159000158309937
YGR008C,YJR046W,0,-5.3072433,0.12984822690486908,0.7699999809265137,0.515999972820282
YEL012W,YLL004W,0,-5.3072457,0.12982633709907532,0.7699999809265137,0.5160999894142151
YBR295W,YJL139C,0,-5.307247,0.12980444729328156,0.7699999809265137,0.5162000060081482
YLR410W,YPR080W,0,-5.3079143,0.129782572388649,0.7699999809265137,0.5163000226020813
YPL033C,YLR144C,0,-5.308136,0.12976069748401642,0.7699999809265137,0.5163999795913696
YHR166C,YER054C,0,-5.308259,0.12973883748054504,0.7699999809265137,0.5164999961853027
YKR022C,YPR080W,0,-5.3083014,0.12971697747707367,0.7699999809265137,0.5166000127792358
YCL067C,YAL016W,0,-5.3083386,0.1296951323747635,0.7699999809265137,0.516700029373169
YNL112W,YKL009W,1,-5.309103,0.12984170019626617,0.7710000276565552,0.516700029373169
YDR523C,YKR048C,0,-5.309259,0.1298198401927948,0.7710000276565552,0.5167999863624573
YNL072W,YDR052C,0,-5.3095403,0.12979798018932343,0.7710000276565552,0.5169000029563904
YGR258C,YLR274W,0,-5.3100653,0.12977613508701324,0.7710000276565552,0.5170000195503235
YJR066W,YMR104C,0,-5.310408,0.12975428998470306,0.7710000276565552,0.5170999765396118
YDR356W,YPR183W,0,-5.310542,0.12973245978355408,0.7710000276565552,0.5171999931335449
YOR321W,YKL139W,0,-5.3107166,0.1297106295824051,0.7710000276565552,0.517300009727478
YML038C,YLR403W,0,-5.3108697,0.1296888142824173,0.7710000276565552,0.5174000263214111
YCR039C,YPR120C,0,-5.3108845,0.1296669989824295,0.7710000276565552,0.5174999833106995
YLR449W,YER145C,0,-5.310945,0.1296451985836029,0.7710000276565552,0.5175999999046326
YOR266W,YML130C,0,-5.311134,0.1296233981847763,0.7710000276565552,0.5177000164985657
YKR089C,YIL014W,0,-5.311387,0.1296016126871109,0.7710000276565552,0.517799973487854
YNL213C,YER093C,0,-5.311447,0.1295798271894455,0.7710000276565552,0.5178999900817871
YLR316C,YKL194C,0,-5.3118763,0.12955805659294128,0.7710000276565552,0.5180000066757202
YDL160C,YKL149C,1,-5.312196,0.1297042965888977,0.7720000147819519,0.5180000066757202
YBR253W,YOL044W,0,-5.3122945,0.1296825110912323,0.7720000147819519,0.5181000232696533
YER174C,YHR190W,0,-5.3125224,0.1296607255935669,0.7720000147819519,0.5181999802589417
YPL096C-A,YOL069W,0,-5.31298,0.12963895499706268,0.7720000147819519,0.5182999968528748
YBR198C,YGR004W,0,-5.31325,0.12961719930171967,0.7720000147819519,0.5184000134468079
YHL020C,YHL036W,0,-5.313384,0.12959542870521545,0.7720000147819519,0.5184999704360962
YKL145W,YML109W,0,-5.313596,0.12957368791103363,0.7720000147819519,0.5185999870300293
YMR231W,YDL227C,0,-5.3136106,0.1295519322156906,0.7720000147819519,0.5187000036239624
YLR427W,YDR414C,0,-5.313878,0.12953020632266998,0.7720000147819519,0.5188000202178955
YLR447C,YCL026C-A,0,-5.314005,0.12950846552848816,0.7720000147819519,0.5188999772071838
YGL045W,YLR259C,0,-5.314101,0.12948675453662872,0.7720000147819519,0.5189999938011169
YNL016W,YAL021C,1,-5.314199,0.12963274121284485,0.7730000019073486,0.5189999938011169
YOL009C,YDR098C,0,-5.314199,0.12961100041866302,0.7730000019073486,0.51910001039505
YLR360W,YMR292W,0,-5.31427,0.1295892745256424,0.7730000019073486,0.5192000269889832
YAL024C,YDR252W,0,-5.3143272,0.12956754863262177,0.7730000019073486,0.5192999839782715
YPR138C,YDR077W,0,-5.3147264,0.12954583764076233,0.7730000019073486,0.5194000005722046
YKL185W,YAR042W,0,-5.314987,0.1295241266489029,0.7730000019073486,0.5195000171661377
YGL001C,YJR086W,0,-5.3159,0.12950243055820465,0.7730000019073486,0.519599974155426
YLL038C,YJL139C,0,-5.3160257,0.1294807344675064,0.7730000019073486,0.5196999907493591
YMR076C,YPR128C,0,-5.316161,0.12945905327796936,0.7730000019073486,0.5198000073432922
YBR037C,YLR189C,0,-5.316229,0.1294373720884323,0.7730000019073486,0.5199000239372253
YBR156C,YJR135W-A,0,-5.316374,0.12941570580005646,0.7730000019073486,0.5199999809265137
YHL027W,YFR033C,0,-5.3165116,0.1293940395116806,0.7730000019073486,0.5200999975204468
YJR104C,YBR158W,0,-5.316593,0.12937238812446594,0.7730000019073486,0.5202000141143799
YDR317W,YNL116W,0,-5.3166256,0.12935073673725128,0.7730000019073486,0.5202999711036682
YPR189W,YCR077C,1,-5.31663,0.12949639558792114,0.7739999890327454,0.5202999711036682
YLR208W,YDR072C,0,-5.316748,0.12947474420070648,0.7739999890327454,0.5203999876976013
YLR363C,YER112W,1,-5.317023,0.12962034344673157,0.7749999761581421,0.5203999876976013
YAL068C,YLR126C,0,-5.3170357,0.12959866225719452,0.7749999761581421,0.5205000042915344
YOR335C,YMR165C,0,-5.3171234,0.12957699596881866,0.7749999761581421,0.5206000208854675
YER142C,YDR310C,0,-5.3173323,0.1295553296804428,0.7749999761581421,0.5206999778747559
YNL206C,YHR191C,0,-5.317522,0.12953367829322815,0.7749999761581421,0.520799994468689
YIL079C,YAL021C,1,-5.317627,0.1296791434288025,0.7760000228881836,0.520799994468689
YDL046W,YPR125W,0,-5.317794,0.12965747714042664,0.7760000228881836,0.5209000110626221
YKL110C,YDR412W,0,-5.31864,0.12963581085205078,0.7760000228881836,0.5210000276565552
YER020W,YBR024W,0,-5.3187428,0.12961415946483612,0.7760000228881836,0.5210999846458435
YLL006W,YDR159W,0,-5.3187466,0.12959252297878265,0.7760000228881836,0.5212000012397766
YOR230W,YJL116C,0,-5.3188114,0.1295708864927292,0.7760000228881836,0.5213000178337097
YLR011W,YBR278W,0,-5.3195257,0.12954925000667572,0.7760000228881836,0.521399974822998
YGL078C,YLR207W,0,-5.319641,0.12952762842178345,0.7760000228881836,0.5214999914169312
YLR166C,YLR340W,0,-5.319827,0.12950600683689117,0.7760000228881836,0.5216000080108643
YLR284C,YBR110W,0,-5.31987,0.1294844001531601,0.7760000228881836,0.5217000246047974
YJL210W,YDR062W,0,-5.319907,0.12946279346942902,0.7760000228881836,0.5217999815940857
YAL020C,YJL112W,0,-5.320175,0.12944120168685913,0.7760000228881836,0.5218999981880188
YMR231W,YAL026C,0,-5.3202834,0.12941960990428925,0.7760000228881836,0.5220000147819519
YNL014W,YDL093W,0,-5.320421,0.12939803302288055,0.7760000228881836,0.5220999717712402
YKR038C,YKL150W,0,-5.320547,0.12937645614147186,0.7760000228881836,0.5221999883651733
YLR011W,YOR030W,0,-5.320616,0.12935489416122437,0.7760000228881836,0.5223000049591064
YGL207W,YMR161W,0,-5.320721,0.12933333218097687,0.7760000228881836,0.5224000215530396
YCR020W-B,YMR296C,0,-5.3208165,0.12931178510189056,0.7760000228881836,0.5224999785423279
YJL166W,YNL119W,0,-5.3208714,0.12929023802280426,0.7760000228881836,0.522599995136261
YLL050C,YML001W,0,-5.320908,0.12926870584487915,0.7760000228881836,0.5227000117301941
YOR140W,YKL062W,0,-5.3210115,0.12924717366695404,0.7760000228881836,0.5228000283241272
YFL008W,YJL187C,0,-5.321762,0.12922564148902893,0.7760000228881836,0.5228999853134155
YGR134W,YML048W,0,-5.3218036,0.12920412421226501,0.7760000228881836,0.5230000019073486
YER044C-A,YDR098C,0,-5.3218465,0.1291826218366623,0.7760000228881836,0.5231000185012817
YPR068C,YLL035W,0,-5.32207,0.12916111946105957,0.7760000228881836,0.5231999754905701
YPL018W,YDR183W,0,-5.3229804,0.12913961708545685,0.7760000228881836,0.5232999920845032
YGR177C,YIL062C,0,-5.3231745,0.12911812961101532,0.7760000228881836,0.5234000086784363
YLR403W,YBL063W,0,-5.3234453,0.12909665703773499,0.7760000228881836,0.5235000252723694
YAL055W,YLR028C,0,-5.3236046,0.12907518446445465,0.7760000228881836,0.5235999822616577
YHR005C-A,YOL130W,0,-5.323827,0.12905371189117432,0.7760000228881836,0.5236999988555908
YLL001W,YBR158W,0,-5.324231,0.12903225421905518,0.7760000228881836,0.5238000154495239
YHR116W,YPR119W,0,-5.324375,0.12901081144809723,0.7760000228881836,0.5238999724388123
YNL029C,YPL118W,0,-5.3248153,0.12898936867713928,0.7760000228881836,0.5239999890327454
YMR177W,YOR084W,0,-5.325018,0.12896792590618134,0.7760000228881836,0.5241000056266785
YHR011W,YBR069C,0,-5.3252096,0.12894649803638458,0.7760000228881836,0.5242000222206116
YGR104C,YBR290W,0,-5.325301,0.12892507016658783,0.7760000228881836,0.5242999792098999
YDL030W,YDR314C,0,-5.325335,0.12890365719795227,0.7760000228881836,0.524399995803833
YBR223C,YMR109W,0,-5.3253503,0.1288822442293167,0.7760000228881836,0.5245000123977661
YHR072W,YOR187W,0,-5.325426,0.12886084616184235,0.7760000228881836,0.5246000289916992
YOR081C,YDR334W,0,-5.325469,0.12883944809436798,0.7760000228881836,0.5246999859809875
YLL050C,YNL163C,0,-5.3258038,0.1288180649280548,0.7760000228881836,0.5248000025749207
YBL061C,YAL001C,0,-5.3265123,0.12879668176174164,0.7760000228881836,0.5249000191688538
YDR108W,YGR161C,0,-5.326576,0.12877531349658966,0.7760000228881836,0.5249999761581421
YHL028W,YGR133W,0,-5.326688,0.12875394523143768,0.7760000228881836,0.5250999927520752
YCR048W,YOR275C,0,-5.326689,0.1287325769662857,0.7760000228881836,0.5252000093460083
YPR031W,YML006C,0,-5.3268657,0.12871122360229492,0.7760000228881836,0.5253000259399414
YLR256W,YLR259C,0,-5.326875,0.12868988513946533,0.7760000228881836,0.5253999829292297
YOR061W,YJL030W,0,-5.326949,0.12866854667663574,0.7760000228881836,0.5254999995231628
YGR178C,YBR069C,0,-5.3270626,0.12864720821380615,0.7760000228881836,0.525600016117096
YDL108W,YKL108W,0,-5.327088,0.12862588465213776,0.7760000228881836,0.5256999731063843
YDR494W,YIL144W,0,-5.3275814,0.12860457599163055,0.7760000228881836,0.5257999897003174
YDR254W,YIL051C,0,-5.3276024,0.12858326733112335,0.7760000228881836,0.5259000062942505
YCL066W,YNL059C,0,-5.32787,0.12856195867061615,0.7760000228881836,0.5260000228881836
YEL034W,YDR276C,0,-5.3279185,0.12854066491127014,0.7760000228881836,0.5260999798774719
YPR133C,YNL304W,0,-5.3280516,0.12851937115192413,0.7760000228881836,0.526199996471405
YIL013C,YIL160C,0,-5.328097,0.12849809229373932,0.7760000228881836,0.5263000130653381
YLR284C,YPL078C,0,-5.3281164,0.1284768283367157,0.7760000228881836,0.5264000296592712
YLR219W,YDR143C,0,-5.328138,0.12845554947853088,0.7760000228881836,0.5264999866485596
YPL212C,YNL312W,0,-5.3284717,0.12843430042266846,0.7760000228881836,0.5266000032424927
YDR131C,YDR492W,0,-5.3285823,0.12841303646564484,0.7760000228881836,0.5267000198364258
YDL029W,YFL050C,0,-5.3287506,0.1283917874097824,0.7760000228881836,0.5267999768257141
YHL003C,YPR128C,0,-5.329665,0.12837055325508118,0.7760000228881836,0.5268999934196472
YHR077C,YIL038C,1,-5.330386,0.12851472198963165,0.7770000100135803,0.5268999934196472
YKL101W,YLR405W,0,-5.330692,0.12849347293376923,0.7770000100135803,0.5270000100135803
YMR204C,YBR154C,0,-5.3307304,0.1284722238779068,0.7770000100135803,0.5271000266075134
YNL282W,YOL100W,0,-5.330744,0.12845098972320557,0.7770000100135803,0.5271999835968018
YNL213C,YDR276C,0,-5.3309336,0.12842975556850433,0.7770000100135803,0.5273000001907349
YJR141W,YDR214W,0,-5.3315506,0.1284085214138031,0.7770000100135803,0.527400016784668
YPL096W,YBR002C,0,-5.331563,0.12838731706142426,0.7770000100135803,0.5274999737739563
YDR011W,YOR313C,0,-5.3316774,0.12836609780788422,0.7770000100135803,0.5275999903678894
YNL072W,YDR188W,0,-5.3318286,0.12834489345550537,0.7770000100135803,0.5277000069618225
YAL043C,YGL021W,0,-5.332134,0.12832370400428772,0.7770000100135803,0.5278000235557556
YJL129C,YBR188C,0,-5.3323708,0.12830251455307007,0.7770000100135803,0.527899980545044
YMR072W,YER013W,0,-5.332375,0.12828132510185242,0.7770000100135803,0.527999997138977
YKL141W,YOR338W,0,-5.332631,0.12826015055179596,0.7770000100135803,0.5281000137329102
YPR104C,YKL002W,0,-5.332903,0.1282389760017395,0.7770000100135803,0.5281999707221985
YJL204C,YAL056W,0,-5.3329086,0.12821781635284424,0.7770000100135803,0.5282999873161316
YOR061W,YCL027W,0,-5.3330865,0.12819667160511017,0.7770000100135803,0.5284000039100647
YHR193C,YEL066W,0,-5.333153,0.1281755268573761,0.7770000100135803,0.5285000205039978
YLR270W,YDR172W,1,-5.3331923,0.12831930816173553,0.777999997138977,0.5285000205039978
YKR089C,YFR027W,0,-5.3334503,0.12829814851284027,0.777999997138977,0.5285999774932861
YBL013W,YGR251W,0,-5.3334637,0.1282770037651062,0.777999997138977,0.5286999940872192
YCL051W,YDR025W,0,-5.3335238,0.12825585901737213,0.777999997138977,0.5288000106811523
YPL176C,YAL047C,0,-5.3335567,0.12823471426963806,0.777999997138977,0.5289000272750854
YKL108W,YJR001W,0,-5.3340883,0.12821358442306519,0.777999997138977,0.5289999842643738
YKL173W,YML059C,0,-5.3342047,0.1281924545764923,0.777999997138977,0.5291000008583069
YGL043W,YBR082C,0,-5.334212,0.12817133963108063,0.777999997138977,0.52920001745224
YOR162C,YHR023W,0,-5.334343,0.12815022468566895,0.777999997138977,0.5292999744415283
YAR009C,YER093C,0,-5.3345027,0.12812912464141846,0.777999997138977,0.5293999910354614
YBR106W,YOR207C,0,-5.334939,0.12810802459716797,0.777999997138977,0.5295000076293945
YNL245C,YFL037W,0,-5.3350387,0.12808692455291748,0.777999997138977,0.5296000242233276
YAL020C,YOR261C,0,-5.335198,0.12806583940982819,0.777999997138977,0.529699981212616
YLL036C,YMR042W,0,-5.335302,0.12804476916790009,0.777999997138977,0.5297999978065491
YIR018W,YGL257C,0,-5.335316,0.12802369892597198,0.777999997138977,0.5299000144004822
YLR270W,YOR001W,1,-5.3354673,0.12816716730594635,0.7789999842643738,0.5299000144004822
YGL021W,YPR143W,0,-5.336201,0.12814608216285706,0.7789999842643738,0.5299999713897705
YGL166W,YCR031C,0,-5.336322,0.12812499701976776,0.7789999842643738,0.5300999879837036
YKL165C,YIL080W,0,-5.3365836,0.12810392677783966,0.7789999842643738,0.5302000045776367
YJL138C,YMR165C,0,-5.3368053,0.12808287143707275,0.7789999842643738,0.5303000211715698
YMR292W,YBL023C,0,-5.3368807,0.12806181609630585,0.7789999842643738,0.5303999781608582
YOR260W,YPR111W,0,-5.3369603,0.12804076075553894,0.7789999842643738,0.5304999947547913
YAL055W,YPR055W,0,-5.337138,0.12801972031593323,0.7789999842643738,0.5306000113487244
YJR040W,YDR499W,0,-5.3371935,0.12799867987632751,0.7789999842643738,0.5307000279426575
YIL007C,YMR093W,0,-5.3373017,0.127977654337883,0.7789999842643738,0.5307999849319458
YJR158W,YLR035C,0,-5.3374414,0.12795662879943848,0.7789999842643738,0.5309000015258789
YGL097W,YCR039C,0,-5.337476,0.12793561816215515,0.7789999842643738,0.531000018119812
YOR335C,YCL044C,0,-5.3375335,0.12791460752487183,0.7789999842643738,0.5310999751091003
YLR266C,YNL163C,0,-5.3377,0.1278936117887497,0.7789999842643738,0.5311999917030334
YOL117W,YNL094W,0,-5.3381443,0.12787261605262756,0.7789999842643738,0.5313000082969666
YFL002W-A,YNL169C,0,-5.3384,0.12785163521766663,0.7789999842643738,0.5314000248908997
YOR243C,YFL039C,0,-5.338587,0.1278306543827057,0.7789999842643738,0.531499981880188
YOR275C,YAR042W,0,-5.3387065,0.12780967354774475,0.7789999842643738,0.5315999984741211
YBR006W,YPR010C,0,-5.338997,0.127788707613945,0.7789999842643738,0.5317000150680542
YNL231C,YLR467W,0,-5.3390017,0.12776775658130646,0.7789999842643738,0.5317999720573425
YKR099W,YPL241C,0,-5.3392467,0.1277468055486679,0.7789999842643738,0.5318999886512756
YER020W,YLR081W,0,-5.3397846,0.12772585451602936,0.7789999842643738,0.5320000052452087
YBR102C,YBR290W,0,-5.339906,0.127704918384552,0.7789999842643738,0.5321000218391418
YBL002W,YMR054W,0,-5.339907,0.12768398225307465,0.7789999842643738,0.5321999788284302
YCL035C,YFL013C,0,-5.340004,0.12766306102275848,0.7789999842643738,0.5322999954223633
YCL026C-A,YPR155C,0,-5.340068,0.12764213979244232,0.7789999842643738,0.5324000120162964
YBR289W,YDR414C,0,-5.3401675,0.12762123346328735,0.7789999842643738,0.5325000286102295
YBL024W,YOR351C,0,-5.340188,0.12760032713413239,0.7789999842643738,0.5325999855995178
YCR053W,YER021W,0,-5.3403506,0.1275794357061386,0.7789999842643738,0.5327000021934509
YDR156W,YOR037W,0,-5.3404264,0.12755854427814484,0.7789999842643738,0.532800018787384
YDR517W,YDL019C,0,-5.3406405,0.12753765285015106,0.7789999842643738,0.5328999757766724
YOR179C,YOR023C,0,-5.3409266,0.12751677632331848,0.7789999842643738,0.5329999923706055
YJR047C,YPL012W,0,-5.3410416,0.1274959146976471,0.7789999842643738,0.5331000089645386
YBR253W,YPL254W,0,-5.3410754,0.12747503817081451,0.7789999842643738,0.5332000255584717
YMR216C,YOR047C,0,-5.341308,0.12745419144630432,0.7789999842643738,0.53329998254776
YMR275C,YNL070W,0,-5.3413396,0.12743334472179413,0.7789999842643738,0.5333999991416931
YIR011C,YGL219C,0,-5.341384,0.12741249799728394,0.7789999842643738,0.5335000157356262
YNL066W,YGL033W,0,-5.3415627,0.12739166617393494,0.7789999842643738,0.5335999727249146
YDR173C,YPL083C,0,-5.3416076,0.12737083435058594,0.7789999842643738,0.5336999893188477
YNR001C,YER051W,0,-5.3418765,0.12735000252723694,0.7789999842643738,0.5338000059127808
YFL016C,YMR101C,0,-5.3419943,0.12732918560504913,0.7789999842643738,0.5339000225067139
YMR056C,YGR179C,0,-5.342291,0.12730838358402252,0.7789999842643738,0.5339999794960022
YLL024C,YLR284C,0,-5.3423395,0.1272875815629959,0.7789999842643738,0.5340999960899353
YJL056C,YLR109W,0,-5.3426576,0.1272667795419693,0.7789999842643738,0.5342000126838684
YJL013C,YGL150C,0,-5.342839,0.12724599242210388,0.7789999842643738,0.5343000292778015
YCL051W,YPL127C,0,-5.3430696,0.12722522020339966,0.7789999842643738,0.5343999862670898
YBL080C,YDR083W,0,-5.343381,0.12720444798469543,0.7789999842643738,0.534500002861023
YLR363C,YDL160C,1,-5.3436427,0.127346932888031,0.7799999713897705,0.534500002861023
YDR151C,YOR267C,0,-5.3437967,0.1273261457681656,0.7799999713897705,0.534600019454956
YLR372W,YCR057C,0,-5.34385,0.12730537354946136,0.7799999713897705,0.5346999764442444
YMR292W,YNL053W,0,-5.344,0.12728460133075714,0.7799999713897705,0.5347999930381775
YML052W,YJR083C,0,-5.344067,0.12726382911205292,0.7799999713897705,0.5349000096321106
YLR340W,YOL112W,0,-5.3441925,0.1272430717945099,0.7799999713897705,0.5350000262260437
YIL036W,YLR132C,0,-5.34429,0.12722231447696686,0.7799999713897705,0.535099983215332
YJL102W,YPL227C,0,-5.3448033,0.12720157206058502,0.7799999713897705,0.5351999998092651
YGL066W,YLR451W,0,-5.3449144,0.12718082964420319,0.7799999713897705,0.5353000164031982
YKL101W,YLR466W,0,-5.345055,0.12716008722782135,0.7799999713897705,0.5353999733924866
YNL026W,YNL059C,0,-5.3455915,0.1271393597126007,0.7799999713897705,0.5354999899864197
YBR240C,YCR024C-A,0,-5.345746,0.12711864709854126,0.7799999713897705,0.5356000065803528
YKR038C,YCR052W,0,-5.345792,0.1270979344844818,0.7799999713897705,0.5357000231742859
YNR053C,YCL026C-A,0,-5.345955,0.12707722187042236,0.7799999713897705,0.5357999801635742
YML031W,YFL002W-A,0,-5.346051,0.1270565241575241,0.7799999713897705,0.5358999967575073
YMR284W,YKL014C,0,-5.3462286,0.12703582644462585,0.7799999713897705,0.5360000133514404
YOL111C,YML061C,0,-5.3463025,0.1270151436328888,0.7799999713897705,0.5360999703407288
YPR111W,YER127W,0,-5.3469715,0.12699446082115173,0.7799999713897705,0.5361999869346619
YAL043C,YBR258C,0,-5.3472056,0.12697379291057587,0.7799999713897705,0.536300003528595
YNL161W,YBR121C,0,-5.3476086,0.126953125,0.7799999713897705,0.5364000201225281
YNL339C,YDL113C,0,-5.3479285,0.12693247199058533,0.7799999713897705,0.5364999771118164
YPL271W,YJL058C,0,-5.3486705,0.12691181898117065,0.7799999713897705,0.5365999937057495
YER162C,YPR037C,0,-5.3489075,0.12689116597175598,0.7799999713897705,0.5367000102996826
YJR045C,YML013W,0,-5.3492007,0.1268705278635025,0.7799999713897705,0.5368000268936157
YOL065C,YDR113C,0,-5.349222,0.12684988975524902,0.7799999713897705,0.536899983882904
YIL026C,YLR274W,0,-5.349399,0.12682926654815674,0.7799999713897705,0.5370000004768372
YGR078C,YML130C,0,-5.349814,0.12680864334106445,0.7799999713897705,0.5371000170707703
YPR072W,YDL165W,1,-5.349866,0.12695059180259705,0.781000018119812,0.5371000170707703
YMR087W,YNR030W,0,-5.349924,0.12692995369434357,0.781000018119812,0.5371999740600586
YDR412W,YOR213C,0,-5.350037,0.12690933048725128,0.781000018119812,0.5372999906539917
YLR154C,YNL030W,0,-5.3501024,0.126888707280159,0.781000018119812,0.5374000072479248
YAL010C,YFL010W-A,0,-5.3507433,0.1268680989742279,0.781000018119812,0.5375000238418579
YDR079W,YDR414C,0,-5.350855,0.12684749066829681,0.781000018119812,0.5375999808311462
YDR072C,YCL010C,0,-5.350869,0.12682689726352692,0.781000018119812,0.5376999974250793
YCR020C,YLR075W,0,-5.350974,0.12680630385875702,0.781000018119812,0.5378000140190125
YOL033W,YDR247W,0,-5.3510847,0.12678571045398712,0.781000018119812,0.5378999710083008
YDR137W,YKL064W,0,-5.351383,0.12676513195037842,0.781000018119812,0.5379999876022339
YCR037C,YER165W,0,-5.3514185,0.1267445683479309,0.781000018119812,0.538100004196167
YJL003W,YKR060W,0,-5.3517447,0.1267240047454834,0.781000018119812,0.5382000207901001
YER070W,YKL143W,0,-5.3518124,0.1267034411430359,0.781000018119812,0.5382999777793884
YPR189W,YPL029W,1,-5.351915,0.1268450915813446,0.7820000052452087,0.5382999777793884
YLR394W,YOR023C,0,-5.3520164,0.1268245279788971,0.7820000052452087,0.5383999943733215
YLR009W,YGL048C,0,-5.3521395,0.1268039494752884,0.7820000052452087,0.5385000109672546
YEL002C,YPR081C,0,-5.35245,0.12678340077400208,0.7820000052452087,0.5386000275611877
YPL036W,YHR090C,0,-5.3525677,0.12676285207271576,0.7820000052452087,0.5386999845504761
YNL101W,YOR083W,0,-5.352726,0.12674230337142944,0.7820000052452087,0.5388000011444092
YBL013W,YDL113C,0,-5.352857,0.12672176957130432,0.7820000052452087,0.5389000177383423
YNL314W,YCR038C,0,-5.352861,0.1267012357711792,0.7820000052452087,0.5389999747276306
YGR209C,YOR315W,0,-5.3531475,0.12668070197105408,0.7820000052452087,0.5390999913215637
YNL230C,YNR003C,0,-5.3531723,0.12666018307209015,0.7820000052452087,0.5392000079154968
YBL019W,YHR005C-A,0,-5.353202,0.12663967907428741,0.7820000052452087,0.5393000245094299
YCR024C-A,YJL112W,0,-5.3532085,0.12661917507648468,0.7820000052452087,0.5393999814987183
YHR072W-A,YOL012C,0,-5.3533316,0.12659867107868195,0.7820000052452087,0.5394999980926514
YLR249W,YGR175C,0,-5.3536534,0.1265781819820404,0.7820000052452087,0.5396000146865845
YKL205W,YGR014W,0,-5.3539715,0.12655769288539886,0.7820000052452087,0.5396999716758728
YMR072W,YDR092W,0,-5.354086,0.12653721868991852,0.7820000052452087,0.5397999882698059
YLR183C,YJL010C,0,-5.354557,0.12651674449443817,0.7820000052452087,0.539900004863739
YNL188W,YHR119W,0,-5.3546796,0.12649628520011902,0.7820000052452087,0.5400000214576721
YJL208C,YGL222C,1,-5.354726,0.1266375482082367,0.7829999923706055,0.5400000214576721
YMR186W,YNL304W,0,-5.3547277,0.12661707401275635,0.7829999923706055,0.5400999784469604
YLR249W,YPL089C,0,-5.3551846,0.126596599817276,0.7829999923706055,0.5401999950408936
YDL006W,YOR266W,0,-5.3552504,0.12657614052295685,0.7829999923706055,0.5403000116348267
YGR054W,YCR028C,0,-5.3552675,0.1265556812286377,0.7829999923706055,0.5404000282287598
YGR108W,YML114C,0,-5.3553452,0.12653523683547974,0.7829999923706055,0.5404999852180481
YDR345C,YMR272C,0,-5.355406,0.12651477754116058,0.7829999923706055,0.5406000018119812
YLR417W,YLR153C,0,-5.3555465,0.12649434804916382,0.7829999923706055,0.5407000184059143
YNL271C,YPL164C,0,-5.3557653,0.12647391855716705,0.7829999923706055,0.5407999753952026
YPR155C,YBR200W,0,-5.355836,0.1264534890651703,0.7829999923706055,0.5408999919891357
YOR001W,YLL013C,1,-5.356168,0.12659454345703125,0.7839999794960022,0.5408999919891357
YMR137C,YLR222C,0,-5.3563604,0.1265740990638733,0.7839999794960022,0.5410000085830688
YDR323C,YDL002C,0,-5.356454,0.12655366957187653,0.7839999794960022,0.541100025177002
YER020W,YPR171W,0,-5.357063,0.12653324007987976,0.7839999794960022,0.5411999821662903
YNL090W,YHR120W,0,-5.357415,0.1265128254890442,0.7839999794960022,0.5412999987602234
YGL219C,YKR022C,0,-5.357425,0.12649241089820862,0.7839999794960022,0.5414000153541565
YKR053C,YDL130W,0,-5.3575735,0.12647201120853424,0.7839999794960022,0.5414999723434448
YPR083W,YJL025W,0,-5.3578477,0.12645161151885986,0.7839999794960022,0.5415999889373779
YML127W,YMR081C,0,-5.3579245,0.12643122673034668,0.7839999794960022,0.541700005531311
YGL043W,YDR425W,0,-5.358031,0.1264108419418335,0.7839999794960022,0.5418000221252441
YGR098C,YJL187C,0,-5.358066,0.1263904571533203,0.7839999794960022,0.5418999791145325
YOL091W,YJR158W,0,-5.358132,0.12637008726596832,0.7839999794960022,0.5419999957084656
YHR096C,YCL069W,0,-5.3581433,0.12634971737861633,0.7839999794960022,0.5421000123023987
YBL002W,YCR055C,0,-5.358489,0.12632936239242554,0.7839999794960022,0.5422000288963318
YHL027W,YLR369W,0,-5.3585505,0.12630900740623474,0.7839999794960022,0.5422999858856201
YDR437W,YKR020W,0,-5.359305,0.12628865242004395,0.7839999794960022,0.5424000024795532
YJL025W,YNL079C,0,-5.359555,0.12626832723617554,0.7839999794960022,0.5425000190734863
YDR268W,YGR181W,0,-5.3597956,0.12624798715114594,0.7839999794960022,0.5425999760627747
YKL145W,YKL194C,0,-5.3599873,0.12622766196727753,0.7839999794960022,0.5426999926567078
YJR052W,YOL071W,0,-5.360075,0.12620733678340912,0.7839999794960022,0.5428000092506409
YGR144W,YDL198C,0,-5.3601446,0.1261870265007019,0.7839999794960022,0.542900025844574
YKL020C,YLL036C,0,-5.3603787,0.1261667162179947,0.7839999794960022,0.5429999828338623
YCR098C,YGR238C,0,-5.360486,0.12614642083644867,0.7839999794960022,0.5430999994277954
YJR026W,YLR222C,0,-5.3606234,0.12612612545490265,0.7839999794960022,0.5432000160217285
YLR240W,YPL135W,0,-5.3608875,0.12610584497451782,0.7839999794960022,0.5432999730110168
YFL016C,YCR031C,0,-5.361024,0.126085564494133,0.7839999794960022,0.54339998960495
YNL210W,YDL074C,0,-5.3612185,0.12606528401374817,0.7839999794960022,0.5435000061988831
YJL035C,YBR195C,0,-5.361446,0.12604501843452454,0.7839999794960022,0.5436000227928162
YHL003C,YKL150W,0,-5.361571,0.1260247528553009,0.7839999794960022,0.5436999797821045
YDR358W,YOR231W,0,-5.361598,0.12600450217723846,0.7839999794960022,0.5437999963760376
YCR098C,YBL023C,0,-5.3616724,0.12598425149917603,0.7839999794960022,0.5439000129699707
YAR014C,YJL102W,0,-5.3619623,0.12596401572227478,0.7839999794960022,0.5440000295639038
YDR156W,YBR121C,0,-5.362485,0.12594377994537354,0.7839999794960022,0.5440999865531921
YKL165C,YHR026W,0,-5.3627853,0.1259235441684723,0.7839999794960022,0.5442000031471252
YER019W,YJL092W,0,-5.3628516,0.12590332329273224,0.7839999794960022,0.5443000197410583
YLL006W,YMR275C,0,-5.3628974,0.1258831024169922,0.7839999794960022,0.5443999767303467
YDR309C,YER129W,0,-5.363057,0.12586289644241333,0.7839999794960022,0.5444999933242798
YBR234C,YNL163C,0,-5.363075,0.12584269046783447,0.7839999794960022,0.5446000099182129
YKR055W,YNL006W,0,-5.363801,0.1258224993944168,0.7839999794960022,0.544700026512146
YPR031W,YDR073W,0,-5.363823,0.12580230832099915,0.7839999794960022,0.5447999835014343
YBL097W,YJL210W,0,-5.363843,0.12578213214874268,0.7839999794960022,0.5449000000953674
YCR018C,YGL061C,0,-5.364169,0.1257619559764862,0.7839999794960022,0.5450000166893005
YKL020C,YPR162C,0,-5.364477,0.12574177980422974,0.7839999794960022,0.5450999736785889
YJL102W,YPL127C,0,-5.364847,0.12572161853313446,0.7839999794960022,0.545199990272522
YKR086W,YNL262W,0,-5.3648987,0.12570145726203918,0.7839999794960022,0.5453000068664551
YKL089W,YKL213C,0,-5.3650823,0.1256813108921051,0.7839999794960022,0.5454000234603882
YOR001W,YNL118C,1,-5.365418,0.12582144141197205,0.7850000262260437,0.5454000234603882
YNL236W,YKL043W,0,-5.365462,0.12580128014087677,0.7850000262260437,0.5454999804496765
YNR030W,YBL023C,0,-5.3655033,0.1257811188697815,0.7850000262260437,0.5455999970436096
YJR153W,YOL009C,0,-5.3657255,0.1257609724998474,0.7850000262260437,0.5457000136375427
YCR037C,YOR344C,0,-5.3668146,0.12574082612991333,0.7850000262260437,0.545799970626831
YGR101W,YDR217C,0,-5.366864,0.12572069466114044,0.7850000262260437,0.5458999872207642
YDL030W,YNL166C,0,-5.366885,0.12570056319236755,0.7850000262260437,0.5460000038146973
YMR011W,YPL283C,0,-5.3668966,0.12568043172359467,0.7850000262260437,0.5461000204086304
YJL196C,YMR006C,0,-5.367071,0.12566031515598297,0.7850000262260437,0.5461999773979187
YDR016C,YPL048W,0,-5.367652,0.12564019858837128,0.7850000262260437,0.5462999939918518
YML052W,YHR194W,0,-5.3679705,0.12562009692192078,0.7850000262260437,0.5464000105857849
YER111C,YDR028C,0,-5.3679914,0.12559999525547028,0.7850000262260437,0.546500027179718
YDR046C,YAR007C,0,-5.3686094,0.12557990849018097,0.7850000262260437,0.5465999841690063
YKL089W,YDR473C,0,-5.368635,0.12555982172489166,0.7850000262260437,0.5467000007629395
YDR173C,YLR079W,0,-5.368679,0.12553973495960236,0.7850000262260437,0.5468000173568726
YAL009W,YOR087W,0,-5.3686943,0.12551966309547424,0.7850000262260437,0.5468999743461609
YLR398C,YER146W,1,-5.3687005,0.12565946578979492,0.7860000133514404,0.5468999743461609
YDR298C,YPL239W,0,-5.3691444,0.12563937902450562,0.7860000133514404,0.546999990940094
YCR048W,YOR094W,0,-5.3697677,0.1256193071603775,0.7860000133514404,0.5471000075340271
YMR190C,YDL028C,0,-5.3697925,0.1255992352962494,0.7860000133514404,0.5472000241279602
YDR195W,YDL065C,0,-5.370329,0.12557916343212128,0.7860000133514404,0.5472999811172485
YCL029C,YOR249C,0,-5.3706923,0.12555910646915436,0.7860000133514404,0.5473999977111816
YJL208C,YJR091C,1,-5.3707705,0.1256987750530243,0.7870000004768372,0.5473999977111816
YBR294W,YGR121C,0,-5.3708553,0.12567870318889618,0.7870000004768372,0.5475000143051147
YGR186W,YAL003W,0,-5.3712873,0.12565863132476807,0.7870000004768372,0.5475999712944031
YLL006W,YJR047C,0,-5.371455,0.12563857436180115,0.7870000004768372,0.5476999878883362
YOR063W,YAR008W,0,-5.371538,0.12561851739883423,0.7870000004768372,0.5478000044822693
YLR189C,YGL181W,0,-5.3715796,0.1255984753370285,0.7870000004768372,0.5479000210762024
YBR030W,YDR219C,0,-5.3720846,0.12557843327522278,0.7870000004768372,0.5479999780654907
YGR244C,YKL175W,0,-5.3721,0.12555839121341705,0.7870000004768372,0.5480999946594238
YPL093W,YMR156C,0,-5.372231,0.12553836405277252,0.7870000004768372,0.5482000112533569
YGL116W,YEL031W,0,-5.373233,0.125518336892128,0.7870000004768372,0.54830002784729
YDR004W,YMR079W,0,-5.373448,0.12549832463264465,0.7870000004768372,0.5483999848365784
YAL043C,YHR079C,0,-5.373783,0.12547831237316132,0.7870000004768372,0.5485000014305115
YDL055C,YDR365C,0,-5.3737965,0.12545831501483917,0.7870000004768372,0.5486000180244446
YDL230W,YHR119W,0,-5.3739634,0.12543831765651703,0.7870000004768372,0.5486999750137329
YOR076C,YIL038C,1,-5.374029,0.12557768821716309,0.7879999876022339,0.5486999750137329
YPR078C,YFR031C,0,-5.3744383,0.12555767595767975,0.7879999876022339,0.548799991607666
YLR106C,YMR021C,0,-5.374706,0.1255376785993576,0.7879999876022339,0.5489000082015991
YDR224C,YDR470C,0,-5.374948,0.12551768124103546,0.7879999876022339,0.5490000247955322
YKR056W,YGR289C,0,-5.3749614,0.12549768388271332,0.7879999876022339,0.5490999817848206
YLR262C,YHL040C,0,-5.3754635,0.12547770142555237,0.7879999876022339,0.5491999983787537
YGL163C,YLR109W,0,-5.3757668,0.1254577338695526,0.7879999876022339,0.5493000149726868
YDR072C,YGL226C-A,0,-5.375767,0.12543775141239166,0.7879999876022339,0.5493999719619751
YJR120W,YOL123W,0,-5.375838,0.1254177987575531,0.7879999876022339,0.5494999885559082
YGR177C,YNR030W,0,-5.3759346,0.12539783120155334,0.7879999876022339,0.5496000051498413
YER111C,YNL268W,0,-5.3763194,0.12537787854671478,0.7879999876022339,0.5497000217437744
YLR363C,YMR234W,1,-5.376404,0.12551702558994293,0.7889999747276306,0.5497000217437744
YNL210W,YPL177C,0,-5.3767753,0.12549705803394318,0.7889999747276306,0.5497999787330627
YML109W,YNL101W,0,-5.376979,0.12547710537910461,0.7889999747276306,0.5498999953269958
YOL077C,YPL255W,0,-5.3770084,0.12545715272426605,0.7889999747276306,0.550000011920929
YKL197C,YPL170W,0,-5.3772607,0.1254372000694275,0.7889999747276306,0.5501000285148621
YCL051W,YPR037C,0,-5.3772755,0.12541726231575012,0.7889999747276306,0.5501999855041504
YNL026W,YDR092W,0,-5.3773394,0.12539732456207275,0.7889999747276306,0.5503000020980835
YDL175C,YLR136C,1,-5.3777847,0.12553630769252777,0.7900000214576721,0.5503000020980835
YGR005C,YML127W,0,-5.378365,0.1255163699388504,0.7900000214576721,0.5504000186920166
YOR117W,YKL194C,0,-5.378467,0.12549643218517303,0.7900000214576721,0.5504999756813049
YJR019C,YLR429W,0,-5.378539,0.12547649443149567,0.7900000214576721,0.550599992275238
YJR135W-A,YLR467W,0,-5.378698,0.1254565715789795,0.7900000214576721,0.5507000088691711
YJL115W,YCR060W,0,-5.379081,0.12543664872646332,0.7900000214576721,0.5508000254631042
YLR183C,YHR099W,0,-5.3795447,0.12541672587394714,0.7900000214576721,0.5508999824523926
YDR545W,YOR346W,0,-5.379877,0.12539683282375336,0.7900000214576721,0.5509999990463257
YBR188C,YJR086W,0,-5.3799286,0.12537692487239838,0.7900000214576721,0.5511000156402588
YOL101C,YLR086W,0,-5.3802047,0.1253570318222046,0.7900000214576721,0.5511999726295471
YKR038C,YDR481C,0,-5.380574,0.1253371387720108,0.7900000214576721,0.5512999892234802
YNL311C,YER007W,0,-5.3806324,0.1253172606229782,0.7900000214576721,0.5514000058174133
YBR156C,YIL105C,0,-5.380639,0.12529738247394562,0.7900000214576721,0.5515000224113464
YJL081C,YFR008W,0,-5.380704,0.12527751922607422,0.7900000214576721,0.5515999794006348
YJL186W,YPL164C,0,-5.3807273,0.12525765597820282,0.7900000214576721,0.5516999959945679
YMR052W,YOL040C,0,-5.3807874,0.12523779273033142,0.7900000214576721,0.551800012588501
YDR205W,YMR207C,0,-5.3808823,0.12521794438362122,0.7900000214576721,0.5519000291824341
YLR355C,YLR329W,0,-5.380973,0.125198096036911,0.7900000214576721,0.5519999861717224
YML032C,YER032W,0,-5.3809924,0.125178262591362,0.7900000214576721,0.5521000027656555
YLL013C,YPL029W,1,-5.381098,0.12531685829162598,0.7910000085830688,0.5521000027656555
YNR031C,YER119C,0,-5.3813186,0.12529700994491577,0.7910000085830688,0.5522000193595886
YBR037C,YJL056C,0,-5.381332,0.12527716159820557,0.7910000085830688,0.552299976348877
YNL257C,YOL039W,0,-5.3817873,0.12525732815265656,0.7910000085830688,0.5523999929428101
YBR158W,YFL013C,0,-5.3820395,0.12523749470710754,0.7910000085830688,0.5525000095367432
YBR192W,YBL034C,0,-5.382085,0.12521766126155853,0.7910000085830688,0.5526000261306763
YIL056W,YBR192W,0,-5.3820963,0.12519784271717072,0.7910000085830688,0.5526999831199646
YDR378C,YNL118C,1,-5.3825574,0.12533628940582275,0.7919999957084656,0.5526999831199646
YDL165W,YLL013C,1,-5.3827114,0.12547467648983002,0.7929999828338623,0.5526999831199646
YGR217W,YJR118C,0,-5.3827686,0.1254548281431198,0.7929999828338623,0.5527999997138977
YMR229C,YNL003C,0,-5.3827934,0.1254349946975708,0.7929999828338623,0.5529000163078308
YFR019W,YPR173C,0,-5.383359,0.1254151463508606,0.7929999828338623,0.5529999732971191
YBL003C,YDR092W,0,-5.383909,0.12539531290531158,0.7929999828338623,0.5530999898910522
YFR004W,YLR293C,0,-5.3843975,0.12537549436092377,0.7929999828338623,0.5532000064849854
YML114C,YJR150C,0,-5.384489,0.12535567581653595,0.7929999828338623,0.5533000230789185
YPR140W,YMR048W,0,-5.3844995,0.12533585727214813,0.7929999828338623,0.5533999800682068
YNL072W,YHR187W,0,-5.384672,0.1253160536289215,0.7929999828338623,0.5534999966621399
YDR076W,YOL105C,0,-5.3847494,0.12529624998569489,0.7929999828338623,0.553600013256073
YCR073W-A,YPR124W,0,-5.385251,0.12527646124362946,0.7929999828338623,0.5536999702453613
YDR130C,YLL004W,0,-5.385579,0.12525667250156403,0.7929999828338623,0.5537999868392944
YEL030W,YOL006C,0,-5.385835,0.1252368986606598,0.7929999828338623,0.5539000034332275
YIL042C,YHR056C,0,-5.386204,0.12521710991859436,0.7929999828338623,0.5540000200271606
YBL014C,YPL018W,0,-5.3863664,0.12519735097885132,0.7929999828338623,0.554099977016449
YDL079C,YER167W,0,-5.3866787,0.12517759203910828,0.7929999828338623,0.5541999936103821
YML043C,YIL114C,0,-5.387157,0.12515783309936523,0.7929999828338623,0.5543000102043152
YPL212C,YBL018C,0,-5.3872857,0.1251380741596222,0.7929999828338623,0.5544000267982483
YMR067C,YJL100W,0,-5.387419,0.12511833012104034,0.7929999828338623,0.5544999837875366
YLR201C,YOR354C,0,-5.3876076,0.1250986009836197,0.7929999828338623,0.5546000003814697
YPL202C,YNL270C,0,-5.3877306,0.12507885694503784,0.7929999828338623,0.5547000169754028
YHR005C,YJR160C,0,-5.388053,0.12505914270877838,0.7929999828338623,0.5547999739646912
YFR001W,YPR065W,0,-5.3882203,0.12503941357135773,0.7929999828338623,0.5548999905586243
YER103W,YBR214W,0,-5.3882403,0.12501969933509827,0.7929999828338623,0.5550000071525574
YOR266W,YGR024C,0,-5.388642,0.125,0.7929999828338623,0.5551000237464905
YCL024W,YHR005C-A,0,-5.388988,0.12498030066490173,0.7929999828338623,0.5551999807357788
YHR123W,YDL035C,0,-5.389199,0.12496060878038406,0.7929999828338623,0.5552999973297119
YMR163C,YDR508C,0,-5.3895736,0.1249409168958664,0.7929999828338623,0.555400013923645
YHR014W,YNL066W,0,-5.3898106,0.12492123246192932,0.7929999828338623,0.5554999709129333
YLR048W,YGL096W,0,-5.3898296,0.12490156292915344,0.7929999828338623,0.5555999875068665
YML052W,YDL002C,0,-5.3901596,0.12488189339637756,0.7929999828338623,0.5557000041007996
YJL219W,YOL008W,0,-5.390182,0.12486222386360168,0.7929999828338623,0.5558000206947327
YPL110C,YCR055C,0,-5.3905067,0.124842569231987,0.7929999828338623,0.555899977684021
YGR158C,YJR091C,1,-5.3912253,0.12498032301664352,0.7940000295639038,0.555899977684021
YMR229C,YIL007C,0,-5.3914576,0.12496065348386765,0.7940000295639038,0.5559999942779541
YML058W,YNL241C,0,-5.3915243,0.12494099140167236,0.7940000295639038,0.5561000108718872
YOR381W,YER093C,0,-5.3918104,0.12492133677005768,0.7940000295639038,0.5562000274658203
YGL065C,YBL045C,0,-5.391816,0.124901682138443,0.7940000295639038,0.5562999844551086
YEL034W,YCL010C,0,-5.3918543,0.1248820349574089,0.7940000295639038,0.5564000010490417
YLR081W,YMR049C,0,-5.3920674,0.12486240267753601,0.7940000295639038,0.5565000176429749
YHR083W,YIL026C,0,-5.393248,0.12484277039766312,0.7940000295639038,0.5565999746322632
YHR183W,YOR351C,0,-5.393369,0.12482313811779022,0.7940000295639038,0.5566999912261963
YJL173C,YAL030W,0,-5.3935013,0.12480352073907852,0.7940000295639038,0.5568000078201294
YKR009C,YOL044W,0,-5.3938737,0.12478390336036682,0.7940000295639038,0.5569000244140625
YPL086C,YJL170C,0,-5.3938994,0.12476430088281631,0.7940000295639038,0.5569999814033508
YLR270W,YLR136C,1,-5.393976,0.12490180879831314,0.7950000166893005,0.5569999814033508
YPL095C,YPL092W,0,-5.3940887,0.12488218396902084,0.7950000166893005,0.5570999979972839
YGR177C,YDL055C,0,-5.3941145,0.12486257404088974,0.7950000166893005,0.557200014591217
YNL112W,YLR270W,1,-5.3944244,0.125,0.7960000038146973,0.557200014591217
YMR134W,YAL056W,0,-5.3947334,0.1249803751707077,0.7960000038146973,0.5572999715805054
YHR039C-A,YNL210W,0,-5.394749,0.1249607503414154,0.7960000038146973,0.5573999881744385
YJR119C,YFR037C,0,-5.395089,0.1249411404132843,0.7960000038146973,0.5575000047683716
YPL021W,YNR059W,0,-5.3951073,0.1249215304851532,0.7960000038146973,0.5576000213623047
YPL187W,YCL040W,0,-5.3951535,0.12490192800760269,0.7960000038146973,0.557699978351593
YMR128W,YNL304W,0,-5.395202,0.12488233298063278,0.7960000038146973,0.5577999949455261
YOR035C,YDR273W,0,-5.3960457,0.12486274540424347,0.7960000038146973,0.5579000115394592
YDL190C,YJL108C,0,-5.396209,0.12484316527843475,0.7960000038146973,0.5580000281333923
YJR013W,YLR385C,0,-5.39629,0.12482358515262604,0.7960000038146973,0.5580999851226807
YGR085C,YJL116C,0,-5.3963113,0.12480401247739792,0.7960000038146973,0.5582000017166138
YLR371W,YPL164C,0,-5.3967333,0.1247844472527504,0.7960000038146973,0.5583000183105469
YPR007C,YJL072C,0,-5.396817,0.12476488947868347,0.7960000038146973,0.5583999752998352
YGL183C,YMR214W,0,-5.396894,0.12474533915519714,0.7960000038146973,0.5584999918937683
YFR046C,YML081C-A,0,-5.3969555,0.12472578883171082,0.7960000038146973,0.5586000084877014
YPL235W,YIL112W,0,-5.397275,0.12470625340938568,0.7960000038146973,0.5587000250816345
YDL209C,YKR020W,0,-5.39758,0.12468671798706055,0.7960000038146973,0.5587999820709229
YGL206C,YGR030C,0,-5.3978643,0.12466719001531601,0.7960000038146973,0.558899998664856
YPL212C,YBR082C,0,-5.398096,0.12464766949415207,0.7960000038146973,0.5590000152587891
YBR175W,YKR003W,0,-5.3982205,0.12462814897298813,0.7960000038146973,0.5590999722480774
YDL175C,YPL029W,1,-5.398474,0.12476518750190735,0.796999990940094,0.5590999722480774
YGR132C,YFL003C,0,-5.3986287,0.12474565953016281,0.796999990940094,0.5591999888420105
YER049W,YOL142W,1,-5.399357,0.12488263100385666,0.7979999780654907,0.5591999888420105
YNL161W,YLR380W,0,-5.3994455,0.12486308813095093,0.7979999780654907,0.5593000054359436
YFL010W-A,YEL012W,0,-5.3998823,0.1248435527086258,0.7979999780654907,0.5594000220298767
YDR461W,YOR078W,0,-5.3999443,0.12482402473688126,0.7979999780654907,0.559499979019165
YIL150C,YBR041W,0,-5.400259,0.12480450421571732,0.7979999780654907,0.5595999956130981
YNL094W,YKR008W,0,-5.40038,0.12478499114513397,0.7979999780654907,0.5597000122070312
YOR237W,YNL314W,0,-5.400784,0.12476547807455063,0.7979999780654907,0.5598000288009644
YML095C,YDR301W,0,-5.400857,0.12474597245454788,0.7979999780654907,0.5598999857902527
YDR201W,YLR189C,0,-5.4011936,0.12472647428512573,0.7979999780654907,0.5600000023841858
YKL206C,YKL045W,0,-5.4016585,0.12470698356628418,0.7979999780654907,0.5601000189781189
YLR009W,YLR207W,0,-5.4020014,0.12468750029802322,0.7979999780654907,0.5601999759674072
YGR074W,YHR119W,0,-5.4021845,0.12466801702976227,0.7979999780654907,0.5602999925613403
YDR523C,YPR133C,0,-5.4021897,0.1246485486626625,0.7979999780654907,0.5604000091552734
YNL291C,YLR238W,0,-5.4024773,0.12462908029556274,0.7979999780654907,0.5605000257492065
YGR274C,YLR265C,0,-5.402569,0.12460961937904358,0.7979999780654907,0.5605999827384949
YOR233W,YER016W,0,-5.4028635,0.12459016591310501,0.7979999780654907,0.560699999332428
YDL084W,YAR009C,0,-5.403204,0.12457071244716644,0.7979999780654907,0.5608000159263611
YHR094C,YER103W,0,-5.403273,0.12455127388238907,0.7979999780654907,0.5608999729156494
YMR275C,YML048W,0,-5.4032784,0.1245318353176117,0.7979999780654907,0.5609999895095825
YJL109C,YPR065W,0,-5.4035616,0.12451240420341492,0.7979999780654907,0.5611000061035156
YMR211W,YHR034C,0,-5.4036436,0.12449298053979874,0.7979999780654907,0.5612000226974487
YDL102W,YBR024W,0,-5.4037437,0.12447356432676315,0.7979999780654907,0.5612999796867371
YJL179W,YBR201W,0,-5.4038076,0.12445414811372757,0.7979999780654907,0.5613999962806702
YPL049C,YDL095W,0,-5.4038444,0.12443473935127258,0.7979999780654907,0.5615000128746033
YBR083W,YGR121C,0,-5.403983,0.1244153380393982,0.7979999780654907,0.5616000294685364
YPL022W,YLR394W,0,-5.4040217,0.1243959441781044,0.7979999780654907,0.5616999864578247
YGL209W,YMR216C,0,-5.404552,0.1243765577673912,0.7979999780654907,0.5618000030517578
YDR443C,YEL066W,0,-5.40473,0.1243571788072586,0.7979999780654907,0.5619000196456909
YBR042C,YBR037C,0,-5.4047537,0.12433779984712601,0.7979999780654907,0.5619999766349792
YNL245C,YPL203W,0,-5.40498,0.124318428337574,0.7979999780654907,0.5620999932289124
YLR448W,YDL209C,0,-5.405388,0.1242990642786026,0.7979999780654907,0.5622000098228455
YHR115C,YDR364C,0,-5.4054103,0.12427970767021179,0.7979999780654907,0.5623000264167786
YKL220C,YFL013C,0,-5.405698,0.12426035851240158,0.7979999780654907,0.5623999834060669
YMR077C,YDR167W,0,-5.4057417,0.12424100935459137,0.7979999780654907,0.5625
YMR202W,YGL106W,0,-5.405821,0.12422166764736176,0.7979999780654907,0.5626000165939331
YNL119W,YDR256C,0,-5.406331,0.12420233339071274,0.7979999780654907,0.5626999735832214
YNL166C,YLR212C,0,-5.406599,0.12418300658464432,0.7979999780654907,0.5627999901771545
YGR268C,YLR189C,0,-5.40713,0.1241636872291565,0.7979999780654907,0.5629000067710876
YNR031C,YDR022C,0,-5.40763,0.12414436787366867,0.7979999780654907,0.5630000233650208
YCR035C,YAL021C,1,-5.4079757,0.12428060173988342,0.7990000247955322,0.5630000233650208
YLL018C-A,YDR473C,0,-5.4080067,0.124261274933815,0.7990000247955322,0.5630999803543091
YML128C,YMR293C,0,-5.408166,0.12424195557832718,0.7990000247955322,0.5631999969482422
YDR378C,YPL029W,1,-5.4086647,0.12437810748815536,0.800000011920929,0.5631999969482422
YJL092W,YDR180W,0,-5.4090657,0.12435877323150635,0.800000011920929,0.5633000135421753
YPL036W,YIR011C,0,-5.409227,0.12433944642543793,0.800000011920929,0.5633999705314636
YLR355C,YIL126W,0,-5.4092817,0.1243201270699501,0.800000011920929,0.5634999871253967
YGL174W,YNL262W,0,-5.409728,0.12430080771446228,0.800000011920929,0.5636000037193298
YCR066W,YBR253W,0,-5.4099593,0.12428149580955505,0.800000011920929,0.5637000203132629
YLR398C,YAL021C,1,-5.410224,0.12441752105951309,0.8009999990463257,0.5637000203132629
YJL138C,YNL314W,0,-5.41041,0.12439820170402527,0.8009999990463257,0.5637999773025513
YGL166W,YNL014W,0,-5.4108534,0.12437888234853745,0.8009999990463257,0.5638999938964844
YLR353W,YNL216W,0,-5.410957,0.12435957044363022,0.8009999990463257,0.5640000104904175
YDL059C,YCL044C,0,-5.411317,0.12434026598930359,0.8009999990463257,0.5641000270843506
YGL187C,YOR178C,0,-5.4114113,0.12432096898555756,0.8009999990463257,0.5641999840736389
YEL030W,YAL058W,0,-5.4114714,0.12430167943239212,0.8009999990463257,0.564300000667572
YIL144W,YJL020C,0,-5.4116597,0.12428238987922668,0.8009999990463257,0.5644000172615051
YOR329C,YPL239W,0,-5.411808,0.12426310777664185,0.8009999990463257,0.5644999742507935
YMR219W,YPL155C,0,-5.411892,0.1242438331246376,0.8009999990463257,0.5645999908447266
YOR211C,YJL059W,0,-5.412099,0.12422456592321396,0.8009999990463257,0.5647000074386597
YLR321C,YKL089W,0,-5.41219,0.12420530617237091,0.8009999990463257,0.5648000240325928
YHR204W,YNL079C,0,-5.41291,0.12418604642152786,0.8009999990463257,0.5648999810218811
YOR076C,YKL149C,1,-5.4130063,0.12432181090116501,0.8019999861717224,0.5648999810218811
YNL325C,YIL053W,0,-5.413279,0.12430254369974136,0.8019999861717224,0.5649999976158142
YNR001C,YOR351C,0,-5.4137836,0.12428327649831772,0.8019999861717224,0.5651000142097473
YML075C,YOR266W,0,-5.4137983,0.12426402419805527,0.8019999861717224,0.5651999711990356
YAL030W,YKR026C,0,-5.413817,0.12424477189779282,0.8019999861717224,0.5652999877929688
YGL099W,YBR212W,0,-5.4138484,0.12422552704811096,0.8019999861717224,0.5654000043869019
YLR009W,YDR443C,0,-5.4141617,0.1242062896490097,0.8019999861717224,0.565500020980835
YAR014C,YMR207C,0,-5.4142494,0.12418705224990845,0.8019999861717224,0.5655999779701233
YLR119W,YOL034W,0,-5.414282,0.12416782975196838,0.8019999861717224,0.5656999945640564
YJL127C,YBR136W,0,-5.4145536,0.12414860725402832,0.8019999861717224,0.5658000111579895
YJL145W,YHR058C,0,-5.4146214,0.12412939220666885,0.8019999861717224,0.5659000277519226
YGR075C,YAR008W,0,-5.414787,0.12411018460988998,0.8019999861717224,0.5659999847412109
YGL236C,YDR131C,0,-5.4155526,0.12409097701311111,0.8019999861717224,0.566100001335144
YPL026C,YMR283C,0,-5.4156456,0.12407178431749344,0.8019999861717224,0.5662000179290771
YLL041C,YER054C,0,-5.415884,0.12405259162187576,0.8019999861717224,0.5662999749183655
YPR107C,YMR137C,0,-5.4159985,0.12403340637683868,0.8019999861717224,0.5663999915122986
YPR120C,YGR036C,0,-5.4162016,0.1240142285823822,0.8019999861717224,0.5665000081062317
YOL115W,YAL021C,1,-5.416275,0.12414965778589249,0.8029999732971191,0.5665000081062317
YLL022C,YBL055C,0,-5.4165597,0.12413046509027481,0.8029999732971191,0.5666000247001648
YML061C,YGL181W,0,-5.4168677,0.12411127984523773,0.8029999732971191,0.5666999816894531
YMR210W,YPL239W,0,-5.4171605,0.12409210205078125,0.8029999732971191,0.5667999982833862
YKR066C,YHR099W,0,-5.417281,0.12407293170690536,0.8029999732971191,0.5669000148773193
YER104W,YKR066C,0,-5.4176073,0.12405376136302948,0.8029999732971191,0.5669999718666077
YPL083C,YOR187W,0,-5.417917,0.12403459846973419,0.8029999732971191,0.5670999884605408
YML052W,YER025W,0,-5.417979,0.1240154430270195,0.8029999732971191,0.5672000050544739
YLR136C,YER146W,1,-5.4181833,0.12415070831775665,0.8040000200271606,0.5672000050544739
YML130C,YOR313C,0,-5.418225,0.12413154542446136,0.8040000200271606,0.567300021648407
YLR353W,YHR183W,0,-5.418746,0.12411238253116608,0.8040000200271606,0.5673999786376953
YPL159C,YBR127C,0,-5.418852,0.12409322708845139,0.8040000200271606,0.5674999952316284
YNL138W,YLR342W,0,-5.4188776,0.1240740716457367,0.8040000200271606,0.5676000118255615
YER111C,YJR022W,0,-5.419149,0.1240549311041832,0.8040000200271606,0.5677000284194946
YPL006W,YJL210W,0,-5.4192524,0.1240357905626297,0.8040000200271606,0.567799985408783
YLR398C,YDL165W,1,-5.4193068,0.12417090684175491,0.8050000071525574,0.567799985408783
YGR167W,YGL183C,0,-5.41938,0.12415175884962082,0.8050000071525574,0.5679000020027161
YHR188C,YLR466W,0,-5.4194884,0.12413261085748672,0.8050000071525574,0.5680000185966492
YGR142W,YNL248C,0,-5.419678,0.12411347776651382,0.8050000071525574,0.5680999755859375
YNL080C,YGL249W,0,-5.4197016,0.12409434467554092,0.8050000071525574,0.5681999921798706
YOL067C,YMR204C,0,-5.4197865,0.12407521903514862,0.8050000071525574,0.5683000087738037
YER177W,YBL084C,0,-5.41989,0.12405609339475632,0.8050000071525574,0.5684000253677368
YKR036C,YCL016C,0,-5.4203606,0.12403698265552521,0.8050000071525574,0.5684999823570251
YLR362W,YHR034C,0,-5.4204073,0.1240178719162941,0.8050000071525574,0.5685999989509583
YBL026W,YDR378C,1,-5.4204674,0.12415280193090439,0.8059999942779541,0.5685999989509583
YPR187W,YBR136W,0,-5.420509,0.12413368374109268,0.8059999942779541,0.5687000155448914
YER174C,YMR049C,0,-5.420906,0.12411456555128098,0.8059999942779541,0.5687999725341797
YER103W,YNL330C,0,-5.4213853,0.12409545481204987,0.8059999942779541,0.5688999891281128
YLR136C,YKL149C,1,-5.421836,0.124230295419693,0.8069999814033508,0.5688999891281128
YFR036W,YOR103C,0,-5.4219694,0.12421117722988129,0.8069999814033508,0.5690000057220459
YDR093W,YBL058W,0,-5.4220533,0.12419205904006958,0.8069999814033508,0.569100022315979
YOR011W,YDR298C,0,-5.422521,0.12417294830083847,0.8069999814033508,0.5691999793052673
YPL011C,YDR004W,0,-5.422759,0.12415384501218796,0.8069999814033508,0.5692999958992004
YFR014C,YBR030W,0,-5.4227943,0.12413474917411804,0.8069999814033508,0.5694000124931335
YOL034W,YJL098W,0,-5.423026,0.12411565333604813,0.8069999814033508,0.5695000290870667
YBR295W,YOR231W,0,-5.423059,0.1240965723991394,0.8069999814033508,0.569599986076355
YLL038C,YOR172W,0,-5.423094,0.12407749146223068,0.8069999814033508,0.5697000026702881
YJR135W-A,YDR043C,0,-5.423338,0.12405841797590256,0.8069999814033508,0.5698000192642212
YPL138C,YDR243C,0,-5.423557,0.12403935194015503,0.8069999814033508,0.5698999762535095
YLR240W,YCR073W-A,0,-5.4238772,0.1240202859044075,0.8069999814033508,0.5699999928474426
YDR378C,YDL160C,1,-5.424173,0.12415488809347153,0.8080000281333923,0.5699999928474426
YPR054W,YPL076W,0,-5.4249587,0.1241358146071434,0.8080000281333923,0.5701000094413757
YGL093W,YMR128W,0,-5.425066,0.12411674112081528,0.8080000281333923,0.5702000260353088
YDR251W,YLR238W,0,-5.4259906,0.12409768253564835,0.8080000281333923,0.5702999830245972
YPR072W,YLL013C,1,-5.4261975,0.12423218786716461,0.8090000152587891,0.5702999830245972
YLR207W,YLR385C,0,-5.42623,0.12421311438083649,0.8090000152587891,0.5703999996185303
YPL188W,YNR044W,0,-5.4263153,0.12419404089450836,0.8090000152587891,0.5705000162124634
YBL041W,YGR004W,0,-5.426358,0.12417498230934143,0.8090000152587891,0.5705999732017517
YLR240W,YHL040C,0,-5.4264755,0.1241559237241745,0.8090000152587891,0.5706999897956848
YPL212C,YBL056W,0,-5.426561,0.12413687258958817,0.8090000152587891,0.5708000063896179
YJL102W,YER030W,0,-5.4269066,0.12411782890558243,0.8090000152587891,0.570900022983551
YDR108W,YJL056C,0,-5.4272227,0.12409878522157669,0.8090000152587891,0.5709999799728394
YGL020C,YNR060W,0,-5.427341,0.12407975643873215,0.8090000152587891,0.5710999965667725
YLL006W,YBR040W,0,-5.4275546,0.1240607276558876,0.8090000152587891,0.5712000131607056
YKR086W,YDL028C,0,-5.4276204,0.12404170632362366,0.8090000152587891,0.5713000297546387
YML109W,YGR238C,0,-5.4276342,0.12402269244194031,0.8090000152587891,0.571399986743927
YLR417W,YDL056W,0,-5.427799,0.12400367856025696,0.8090000152587891,0.5715000033378601
YIL122W,YOL135C,0,-5.4284687,0.1239846721291542,0.8090000152587891,0.5716000199317932
YOR129C,YDR227W,0,-5.428668,0.12396567314863205,0.8090000152587891,0.5716999769210815
YMR214W,YER154W,0,-5.428994,0.12394668161869049,0.8090000152587891,0.5717999935150146
YNL012W,YBR103W,0,-5.429037,0.12392769753932953,0.8090000152587891,0.5719000101089478
YPR112C,YDR425W,0,-5.429401,0.12390871345996857,0.8090000152587891,0.5720000267028809
YLR136C,YDL160C,1,-5.4294724,0.12404287606477737,0.8100000023841858,0.5720000267028809
YDL051W,YER038C,0,-5.4296026,0.12402388453483582,0.8100000023841858,0.5720999836921692
YKR037C,YDL098C,0,-5.430139,0.12400490045547485,0.8100000023841858,0.5722000002861023
YJL020C,YJL062W,0,-5.4302583,0.12398591637611389,0.8100000023841858,0.5723000168800354
YIL038C,YNL118C,1,-5.4302607,0.12411998957395554,0.8109999895095825,0.5723000168800354
YIL114C,YGL126W,0,-5.43029,0.12410099804401398,0.8109999895095825,0.5723999738693237
YKL045W,YIL135C,0,-5.4311132,0.12408200651407242,0.8109999895095825,0.5724999904632568
YPL016W,YDL098C,0,-5.4312162,0.12406302243471146,0.8109999895095825,0.5726000070571899
YBL018C,YDR487C,0,-5.4313493,0.12404405325651169,0.8109999895095825,0.572700023651123
YGL151W,YJR144W,0,-5.4316974,0.12402507662773132,0.8109999895095825,0.5727999806404114
YCR073C,YHR027C,0,-5.4317284,0.12400611490011215,0.8109999895095825,0.5728999972343445
YBR133C,YOR080W,0,-5.431811,0.12398716062307358,0.8109999895095825,0.5730000138282776
YNL202W,YPR163C,0,-5.4323955,0.123968206346035,0.8109999895095825,0.5730999708175659
YPL179W,YFR019W,0,-5.432431,0.12394925951957703,0.8109999895095825,0.573199987411499
YDL142C,YDL100C,0,-5.4326267,0.12393032014369965,0.8109999895095825,0.5733000040054321
YFR004W,YGR289C,0,-5.4328427,0.12391138076782227,0.8109999895095825,0.5734000205993652
YLR372W,YKR038C,0,-5.432975,0.12389245629310608,0.8109999895095825,0.5734999775886536
YGR044C,YIL112W,0,-5.4336567,0.12387353181838989,0.8109999895095825,0.5735999941825867
YJL173C,YLR096W,0,-5.43404,0.1238546147942543,0.8109999895095825,0.5737000107765198
YPL268W,YJR073C,0,-5.434494,0.12383569777011871,0.8109999895095825,0.5738000273704529
YDL101C,YJL002C,0,-5.4345493,0.12381679564714432,0.8109999895095825,0.5738999843597412
YJL187C,YDL236W,0,-5.434553,0.12379789352416992,0.8109999895095825,0.5740000009536743
YLR394W,YJL100W,0,-5.434781,0.12377899885177612,0.8109999895095825,0.5741000175476074
YPL095C,YMR067C,0,-5.4349027,0.12376011162996292,0.8109999895095825,0.5741999745368958
YPL096C-A,YCL063W,0,-5.4349055,0.12374122440814972,0.8109999895095825,0.5742999911308289
YLR304C,YOL148C,0,-5.4353004,0.12372235208749771,0.8109999895095825,0.574400007724762
YOR076C,YAL021C,1,-5.436044,0.12385600805282593,0.8119999766349792,0.574400007724762
YDL042C,YBR253W,0,-5.436123,0.12383712083101273,0.8119999766349792,0.5745000243186951
YGR167W,YPL032C,0,-5.436163,0.12381823360919952,0.8119999766349792,0.5745999813079834
YDR205W,YBR026C,0,-5.4362526,0.12379936128854752,0.8119999766349792,0.5746999979019165
YKL208W,YOL123W,0,-5.4362874,0.12378048896789551,0.8119999766349792,0.5748000144958496
YCR014C,YHL047C,0,-5.436541,0.1237616240978241,0.8119999766349792,0.5748999714851379
YML039W,YOL123W,0,-5.436598,0.12374275922775269,0.8119999766349792,0.574999988079071
YLR197W,YJL164C,0,-5.4367666,0.12372390925884247,0.8119999766349792,0.5751000046730042
YDR488C,YBR132C,0,-5.4369764,0.12370505928993225,0.8119999766349792,0.5752000212669373
YLR398C,YLR136C,1,-5.437065,0.12383853644132614,0.8130000233650208,0.5752000212669373
YJL196C,YBR278W,0,-5.437516,0.12381967902183533,0.8130000233650208,0.5752999782562256
YOL002C,YNL156C,0,-5.4380035,0.12380082160234451,0.8130000233650208,0.5753999948501587
YDR337W,YGR036C,0,-5.4381137,0.1237819716334343,0.8130000233650208,0.5755000114440918
YBR294W,YCR009C,0,-5.4382615,0.12376312911510468,0.8130000233650208,0.5756000280380249
YDR251W,YOL069W,0,-5.438381,0.12374429404735565,0.8130000233650208,0.5756999850273132
YER020W,YPL042C,0,-5.4387894,0.12372545897960663,0.8130000233650208,0.5758000016212463
YJR006W,YJR102C,0,-5.4388113,0.1237066313624382,0.8130000233650208,0.5759000182151794
YOL012C,YDR358W,0,-5.438934,0.12368781119585037,0.8130000233650208,0.5759999752044678
YPL011C,YCL063W,0,-5.4391265,0.12366899847984314,0.8130000233650208,0.5760999917984009
YJR001W,YHR079C-A,0,-5.4391775,0.1236501932144165,0.8130000233650208,0.576200008392334
YOR224C,YER038C,0,-5.4400706,0.12363138794898987,0.8130000233650208,0.5763000249862671
YBL063W,YBR245C,0,-5.44093,0.12361259013414383,0.8130000233650208,0.5763999819755554
YDR378C,YEL015W,1,-5.4410567,0.12374582141637802,0.8140000104904175,0.5763999819755554
YHR206W,YDR176W,0,-5.4412374,0.12372700870037079,0.8140000104904175,0.5764999985694885
YCL067C,YOR210W,0,-5.4414153,0.12370820343494415,0.8140000104904175,0.5766000151634216
YMR314W,YDR309C,0,-5.4414883,0.12368940562009811,0.8140000104904175,0.57669997215271
YOL039W,YCL040W,0,-5.441519,0.12367061525583267,0.8140000104904175,0.5767999887466431
YPL037C,YFL039C,0,-5.441603,0.12365183234214783,0.8140000104904175,0.5769000053405762
YDR221W,YBL051C,0,-5.4423656,0.12363304942846298,0.8140000104904175,0.5770000219345093
YKR072C,YBL045C,0,-5.4430094,0.12361427396535873,0.8140000104904175,0.5770999789237976
YFL036W,YBL023C,0,-5.4432583,0.12359550595283508,0.8140000104904175,0.5771999955177307
YGL222C,YGL014W,1,-5.444065,0.12372855842113495,0.8149999976158142,0.5771999955177307
YEL015W,YLL013C,1,-5.444384,0.12386156618595123,0.8159999847412109,0.5771999955177307
YIL061C,YOR313C,0,-5.444628,0.1238427683711052,0.8159999847412109,0.5773000121116638
YFL016C,YDR148C,0,-5.4447727,0.12382397800683975,0.8159999847412109,0.5774000287055969
YIL066C,YJL170C,0,-5.444831,0.12380518764257431,0.8159999847412109,0.5774999856948853
YDR214W,YFR001W,0,-5.4449906,0.12378640472888947,0.8159999847412109,0.5776000022888184
YDR073W,YKR007W,0,-5.44528,0.12376762926578522,0.8159999847412109,0.5777000188827515
YHR160C,YOL013C,0,-5.4454293,0.12374886125326157,0.8159999847412109,0.5777999758720398
YOL105C,YKL022C,0,-5.445833,0.12373010069131851,0.8159999847412109,0.5778999924659729
YAR042W,YBL099W,0,-5.446158,0.12371134012937546,0.8159999847412109,0.578000009059906
YLR182W,YLR210W,0,-5.446211,0.123692587018013,0.8159999847412109,0.5781000256538391
YOL102C,YPL076W,0,-5.446245,0.12367384135723114,0.8159999847412109,0.5781999826431274
YKL190W,YOL116W,0,-5.4462605,0.12365509569644928,0.8159999847412109,0.5782999992370605
YBR179C,YAL058W,0,-5.446332,0.12363636493682861,0.8159999847412109,0.5784000158309937
YOR187W,YFL041W,0,-5.446435,0.12361763417720795,0.8159999847412109,0.578499972820282
YNL248C,YGL181W,0,-5.4464707,0.12359891086816788,0.8159999847412109,0.5785999894142151
YER179W,YNL159C,0,-5.446577,0.12358018755912781,0.8159999847412109,0.5787000060081482
YAL005C,YMR316W,0,-5.446724,0.12356147915124893,0.8159999847412109,0.5788000226020813
YOR129C,YBR185C,0,-5.4469175,0.12354277074337006,0.8159999847412109,0.5788999795913696
YMR043W,YIL063C,0,-5.447077,0.12352406978607178,0.8159999847412109,0.5789999961853027
YLR401C,YNL094W,0,-5.447149,0.1235053762793541,0.8159999847412109,0.5791000127792358
YNL038W,YIR011C,0,-5.4471626,0.12348668277263641,0.8159999847412109,0.579200029373169
YLR181C,YKL074C,0,-5.4473324,0.12346799671649933,0.8159999847412109,0.5792999863624573
YKL175W,YFL013C,0,-5.447855,0.12344931811094284,0.8159999847412109,0.5794000029563904
YOR140W,YML058W-A,0,-5.448034,0.12343064695596695,0.8159999847412109,0.5795000195503235
YLR363C,YOL115W,1,-5.4480586,0.12356321513652802,0.8169999718666077,0.5795000195503235
YLR447C,YHR006W,0,-5.448191,0.12354453653097153,0.8169999718666077,0.5795999765396118
YCR066W,YKL043W,0,-5.448451,0.12352585792541504,0.8169999718666077,0.5796999931335449
YLR045C,YDR062W,0,-5.4485064,0.12350717931985855,0.8169999718666077,0.579800009727478
YNL045W,YEL050C,0,-5.448556,0.12348851561546326,0.8169999718666077,0.5799000263214111
YGL209W,YJR070C,0,-5.4485908,0.12346985191106796,0.8169999718666077,0.5799999833106995
YOR028C,YKR039W,0,-5.44876,0.12345119565725327,0.8169999718666077,0.5800999999046326
YER049W,YOR173W,1,-5.4489365,0.12358362227678299,0.8180000185966492,0.5800999999046326
YGR171C,YEL063C,0,-5.44919,0.1235649511218071,0.8180000185966492,0.5802000164985657
YDR173C,YOL005C,0,-5.449442,0.1235462948679924,0.8180000185966492,0.580299973487854
YDL036C,YOR099W,0,-5.449478,0.1235276386141777,0.8180000185966492,0.5803999900817871
YPL130W,YFL029C,0,-5.4499807,0.123508982360363,0.8180000185966492,0.5805000066757202
YHR039C-A,YAL011W,0,-5.450187,0.1234903410077095,0.8180000185966492,0.5806000232696533
YGL126W,YBR061C,0,-5.4502444,0.123471699655056,0.8180000185966492,0.5806999802589417
YDR296W,YOR344C,0,-5.450435,0.1234530657529831,0.8180000185966492,0.5807999968528748
YJR091C,YDL111C,1,-5.450866,0.12358533591032028,0.8190000057220459,0.5807999968528748
YJR102C,YGL225W,0,-5.4508834,0.12356668710708618,0.8190000057220459,0.5809000134468079
YCR084C,YDL155W,0,-5.4509234,0.12354804575443268,0.8190000057220459,0.5809999704360962
YIL084C,YBR154C,0,-5.4509716,0.12352941185235977,0.8190000057220459,0.5810999870300293
YHR181W,YMR177W,0,-5.4511633,0.12351078540086746,0.8190000057220459,0.5812000036239624
YOL101C,YDR224C,0,-5.4514217,0.12349215894937515,0.8190000057220459,0.5813000202178955
YML025C,YLR028C,0,-5.4531927,0.12347353994846344,0.8190000057220459,0.5813999772071838
YNL097C,YAL047C,0,-5.4533157,0.12345492839813232,0.8190000057220459,0.5814999938011169
YOR129C,YGR108W,0,-5.454075,0.1234363242983818,0.8190000057220459,0.58160001039505
YEL017C-A,YMR001C,0,-5.4542756,0.12341772019863129,0.8190000057220459,0.5817000269889832
YGL113W,YIL117C,0,-5.4542823,0.12339912354946136,0.8190000057220459,0.5817999839782715
YIL128W,YJL127C,0,-5.45433,0.12338053435087204,0.8190000057220459,0.5819000005722046
YBL014C,YBR123C,0,-5.4543767,0.12336195260286331,0.8190000057220459,0.5820000171661377
YOR001W,YCR077C,1,-5.4544563,0.1234939768910408,0.8199999928474426,0.5820000171661377
YHR011W,YLR175W,0,-5.4546685,0.12347538024187088,0.8199999928474426,0.582099974155426
YPR100W,YKR020W,0,-5.455199,0.12345679104328156,0.8199999928474426,0.5821999907493591
YLR145W,YIL085C,0,-5.4552193,0.12343820929527283,0.8199999928474426,0.5823000073432922
YGL210W,YNR013C,0,-5.455385,0.1234196275472641,0.8199999928474426,0.5824000239372253
YNL118C,YER146W,1,-5.4554734,0.12355154007673264,0.8209999799728394,0.5824000239372253
YNL314W,YER127W,0,-5.4560614,0.12353295087814331,0.8209999799728394,0.5824999809265137
YOL008W,YBR280C,0,-5.4560766,0.12351436913013458,0.8209999799728394,0.5825999975204468
YGR101W,YDL087C,0,-5.456294,0.12349578738212585,0.8209999799728394,0.5827000141143799
YER147C,YML128C,0,-5.4566054,0.12347721308469772,0.8209999799728394,0.5827999711036682
YJL020C,YFR001W,0,-5.456698,0.12345864623785019,0.8209999799728394,0.5828999876976013
YDL029W,YIL061C,0,-5.4567184,0.12344008684158325,0.8209999799728394,0.5830000042915344
YGR181W,YMR207C,0,-5.4569583,0.12342152744531631,0.8209999799728394,0.5831000208854675
YOR329C,YPL032C,0,-5.457248,0.12340297549962997,0.8209999799728394,0.5831999778747559
YBR295W,YNL241C,0,-5.457332,0.12338443100452423,0.8209999799728394,0.583299994468689
YFL024C,YHR181W,0,-5.4575157,0.12336589395999908,0.8209999799728394,0.5834000110626221
YLR270W,YIL079C,1,-5.457581,0.12349759787321091,0.8220000267028809,0.5834000110626221
YNL061W,YBR195C,0,-5.4576015,0.12347904592752457,0.8220000267028809,0.5835000276565552
YGL086W,YPR168W,0,-5.457716,0.12346050143241882,0.8220000267028809,0.5835999846458435
YKL080W,YDR098C,0,-5.4577913,0.12344195693731308,0.8220000267028809,0.5837000012397766
YNL231C,YML085C,0,-5.458048,0.12342341989278793,0.8220000267028809,0.5838000178337097
YPL164C,YML048W,0,-5.4583187,0.12340489774942398,0.8220000267028809,0.583899974822998
YJL020C,YML085C,0,-5.4585633,0.12338636815547943,0.8220000267028809,0.5839999914169312
YML058W-A,YKL011C,0,-5.458642,0.12336785346269608,0.8220000267028809,0.5841000080108643
YNR075W,YGL018C,0,-5.4587502,0.12334933876991272,0.8220000267028809,0.5842000246047974
YBR240C,YOL004W,0,-5.458899,0.12333083152770996,0.8220000267028809,0.5842999815940857
YMR048W,YER118C,0,-5.459011,0.1233123317360878,0.8220000267028809,0.5843999981880188
YEL012W,YHR006W,0,-5.4590654,0.12329383194446564,0.8220000267028809,0.5845000147819519
YNL062C,YGR086C,0,-5.4596024,0.12327534705400467,0.8220000267028809,0.5845999717712402
YLL050C,YBR085W,0,-5.4598117,0.1232568621635437,0.8220000267028809,0.5846999883651733
YGR142W,YOR136W,0,-5.4598203,0.12323837727308273,0.8220000267028809,0.5848000049591064
YJR135W-A,YBR002C,0,-5.4601264,0.12321990728378296,0.8220000267028809,0.5849000215530396
YDR058C,YJR147W,0,-5.4607043,0.12320143729448318,0.8220000267028809,0.5849999785423279
YDR483W,YER054C,0,-5.460722,0.12318297475576401,0.8220000267028809,0.585099995136261
YOR027W,YGR169C,0,-5.460781,0.12316451966762543,0.8220000267028809,0.5852000117301941
YPR104C,YNL070W,0,-5.46092,0.12314606457948685,0.8220000267028809,0.5853000283241272
YKR007W,YJR004C,0,-5.4610286,0.12312762439250946,0.8220000267028809,0.5853999853134155
YBR091C,YOR217W,0,-5.4615145,0.12310918420553207,0.8220000267028809,0.5855000019073486
YPL095C,YDR312W,0,-5.4617004,0.12309074401855469,0.8220000267028809,0.5856000185012817
YGL206C,YBR274W,0,-5.462043,0.1230723187327385,0.8220000267028809,0.5856999754905701
YKL208W,YKL134C,0,-5.462786,0.1230538934469223,0.8220000267028809,0.5857999920845032
YFR019W,YPL127C,0,-5.463414,0.1230354756116867,0.8220000267028809,0.5859000086784363
YOR288C,YMR081C,0,-5.4634485,0.12301705777645111,0.8220000267028809,0.5860000252723694
YML041C,YDR098C,0,-5.4638586,0.12299865484237671,0.8220000267028809,0.5860999822616577
YNL062C,YHR161C,0,-5.463859,0.12298025190830231,0.8220000267028809,0.5861999988555908
YNL080C,YIL143C,0,-5.464205,0.1229618564248085,0.8220000267028809,0.5863000154495239
YDL126C,YNL330C,0,-5.4648447,0.1229434609413147,0.8220000267028809,0.5863999724388123
YMR293C,YCR020W-B,0,-5.4649377,0.12292508035898209,0.8220000267028809,0.5864999890327454
YJL089W,YKR020W,0,-5.465195,0.12290669977664948,0.8220000267028809,0.5866000056266785
YPL228W,YEL036C,0,-5.4659925,0.12288832664489746,0.8220000267028809,0.5867000222206116
YDR499W,YPL018W,0,-5.46611,0.12286995351314545,0.8220000267028809,0.5867999792098999
YGR116W,YNL297C,0,-5.466302,0.12285159528255463,0.8220000267028809,0.586899995803833
YMR101C,YDR425W,0,-5.46682,0.1228332370519638,0.8220000267028809,0.5870000123977661
YKL064W,YPL268W,0,-5.46686,0.12281487882137299,0.8220000267028809,0.5871000289916992
YGR158C,YCR077C,1,-5.4673104,0.12294591963291168,0.8230000138282776,0.5871000289916992
YNL045W,YDR256C,0,-5.467334,0.12292756140232086,0.8230000138282776,0.5871999859809875
YIL051C,YBR070C,0,-5.46755,0.12290920317173004,0.8230000138282776,0.5873000025749207
YLR380W,YNL231C,0,-5.468174,0.12289084494113922,0.8230000138282776,0.5874000191688538
YDR038C,YHR135C,0,-5.4681883,0.1228725016117096,0.8230000138282776,0.5874999761581421
YLL009C,YNR044W,0,-5.4683127,0.12285415828227997,0.8230000138282776,0.5875999927520752
YNL271C,YDR021W,0,-5.4684353,0.12283582240343094,0.8230000138282776,0.5877000093460083
YNL230C,YIL036W,0,-5.4690323,0.12281748652458191,0.8230000138282776,0.5878000259399414
YOR327C,YMR207C,0,-5.4691596,0.12279916554689407,0.8230000138282776,0.5878999829292297
YPL006W,YJR021C,0,-5.4693985,0.12278084456920624,0.8230000138282776,0.5879999995231628
YJR077C,YCL044C,0,-5.469449,0.122762531042099,0.8230000138282776,0.588100016117096
YDL077C,YPR193C,0,-5.469541,0.12274421751499176,0.8230000138282776,0.5881999731063843
YML128C,YBR243C,0,-5.4695582,0.12272591888904572,0.8230000138282776,0.5882999897003174
YGL167C,YPL016W,0,-5.4699206,0.12270762026309967,0.8230000138282776,0.5884000062942505
YOR332W,YLR147C,0,-5.470206,0.12268932908773422,0.8230000138282776,0.5885000228881836
YHR086W,YMR006C,0,-5.470474,0.12267103791236877,0.8230000138282776,0.5885999798774719
YOR151C,YNL318C,0,-5.4706974,0.12265275418758392,0.8230000138282776,0.588699996471405
YMR313C,YAL016W,0,-5.471022,0.12263447791337967,0.8230000138282776,0.5888000130653381
YOR367W,YBR082C,0,-5.471417,0.12261620908975601,0.8230000138282776,0.5889000296592712
YLR363C,YJL209W,1,-5.4715886,0.12274690717458725,0.8240000009536743,0.5889000296592712
YPL128C,YPL274W,0,-5.471696,0.1227286234498024,0.8240000009536743,0.5889999866485596
YNL245C,YAL041W,0,-5.4720135,0.12271034717559814,0.8240000009536743,0.5891000032424927
YIL009W,YGL169W,0,-5.4721885,0.12269207835197449,0.8240000009536743,0.5892000198364258
YHL027W,YPR133C,0,-5.4723024,0.12267380952835083,0.8240000009536743,0.5892999768257141
YHR006W,YCR028C,0,-5.4725933,0.12265555560588837,0.8240000009536743,0.5893999934196472
YHL047C,YMR088C,0,-5.4727497,0.1226372942328453,0.8240000009536743,0.5895000100135803
YLR270W,YPL029W,1,-5.4730263,0.1227678582072258,0.824999988079071,0.5895000100135803
YHR077C,YJL209W,1,-5.4730453,0.12289837747812271,0.8259999752044678,0.5895000100135803
YDR469W,YER094C,0,-5.4731836,0.12288009375333786,0.8259999752044678,0.5896000266075134
YOL115W,YNL118C,1,-5.473209,0.1230105608701706,0.8270000219345093,0.5896000266075134
YOR110W,YCR066W,0,-5.473339,0.12299226969480515,0.8270000219345093,0.5896999835968018
YDR296W,YGR142W,0,-5.4735093,0.1229739785194397,0.8270000219345093,0.5898000001907349
YBR258C,YJL094C,0,-5.4735475,0.12295569479465485,0.8270000219345093,0.589900016784668
YML113W,YDR298C,0,-5.4737067,0.12293741852045059,0.8270000219345093,0.5899999737739563
YJL203W,YMR078C,0,-5.4737654,0.12291914224624634,0.8270000219345093,0.5900999903678894
YJL203W,YFL034C-B,0,-5.473959,0.12290087342262268,0.8270000219345093,0.5902000069618225
YPR104C,YJL108C,0,-5.474252,0.12288261204957962,0.8270000219345093,0.5903000235557556
YBR231C,YGR024C,0,-5.4743814,0.12286435812711716,0.8270000219345093,0.590399980545044
YGR251W,YOR181W,0,-5.4745154,0.12284611165523529,0.8270000219345093,0.590499997138977
YMR200W,YGR216C,0,-5.474885,0.12282786518335342,0.8270000219345093,0.5906000137329102
YOL133W,YGR175C,0,-5.4749613,0.12280962616205215,0.8270000219345093,0.5906999707221985
YOR011W,YKL112W,0,-5.475385,0.12279138714075089,0.8270000219345093,0.5907999873161316
YPL028W,YOL080C,0,-5.475388,0.12277315557003021,0.8270000219345093,0.5909000039100647
YGL011C,YPL177C,0,-5.4754515,0.12275493890047073,0.8270000219345093,0.5910000205039978
YLR181C,YPR067W,0,-5.4757147,0.12273671478033066,0.8270000219345093,0.5910999774932861
YNL038W,YDL230W,0,-5.475913,0.12271850556135178,0.8270000219345093,0.5911999940872192
YMR284W,YKL011C,0,-5.4759364,0.1227002963423729,0.8270000219345093,0.5913000106811523
YDR515W,YOL033W,0,-5.476183,0.12268209457397461,0.8270000219345093,0.5914000272750854
YIL008W,YJL059W,0,-5.4764314,0.12266390025615692,0.8270000219345093,0.5914999842643738
YEL002C,YEL036C,0,-5.4765606,0.12264570593833923,0.8270000219345093,0.5916000008583069
YDR320C-A,YCL027W,0,-5.476671,0.12262751907110214,0.8270000219345093,0.59170001745224
YLR190W,YBR211C,0,-5.476817,0.12260933965444565,0.8270000219345093,0.5917999744415283
YPL098C,YDL087C,0,-5.4770274,0.12259116768836975,0.8270000219345093,0.5918999910354614
YLL002W,YHR070W,0,-5.477094,0.12257299572229385,0.8270000219345093,0.5920000076293945
YDR378C,YLL013C,1,-5.4771633,0.12270302325487137,0.828000009059906,0.5920000076293945
YOL034W,YOR162C,0,-5.4772196,0.12268484383821487,0.828000009059906,0.5921000242233276
YDL095W,YJR076C,0,-5.477278,0.12266666442155838,0.828000009059906,0.592199981212616
YOR048C,YJL138C,0,-5.4774513,0.12264849990606308,0.828000009059906,0.5922999978065491
YMR011W,YML001W,0,-5.477472,0.12263033539056778,0.828000009059906,0.5924000144004822
YLL018C-A,YNL329C,0,-5.477806,0.12261217087507248,0.828000009059906,0.5924999713897705
YLR355C,YCL034W,0,-5.477902,0.12259402126073837,0.828000009059906,0.5925999879837036
YPR138C,YDL014W,0,-5.47809,0.12257587164640427,0.828000009059906,0.5927000045776367
YPL193W,YCL061C,0,-5.4782915,0.12255772948265076,0.828000009059906,0.5928000211715698
YNL159C,YGR157W,0,-5.478445,0.12253958731889725,0.828000009059906,0.5928999781608582
YML121W,YKL005C,0,-5.478516,0.12252145260572433,0.828000009059906,0.5929999947547913
YGL112C,YJR140C,0,-5.4787607,0.12250332534313202,0.828000009059906,0.5931000113487244
YGR179C,YPR065W,0,-5.4792757,0.1224852055311203,0.828000009059906,0.5932000279426575
YHR084W,YOR142W,0,-5.4801826,0.12246709316968918,0.828000009059906,0.5932999849319458
YLR383W,YJR119C,0,-5.4802337,0.12244898080825806,0.828000009059906,0.5934000015258789
YLR007W,YMR054W,0,-5.480318,0.12243087589740753,0.828000009059906,0.593500018119812
YHR194W,YNL055C,0,-5.480526,0.122412770986557,0.828000009059906,0.5935999751091003
YBL084C,YAL033W,0,-5.481019,0.12239468097686768,0.828000009059906,0.5936999917030334
YDR081C,YOL009C,0,-5.481274,0.12237659096717834,0.828000009059906,0.5938000082969666
YKL145W,YIL143C,0,-5.4815598,0.12235850095748901,0.828000009059906,0.5939000248908997
YCR077C,YAL021C,1,-5.482034,0.12248817831277847,0.8289999961853027,0.5939000248908997
YOR179C,YNL188W,0,-5.4823065,0.12247008085250854,0.8289999961853027,0.593999981880188
YGR108W,YMR290C,0,-5.482327,0.12245199084281921,0.8289999961853027,0.5940999984741211
YPR103W,YPL127C,0,-5.482575,0.12243390828371048,0.8289999961853027,0.5942000150680542
YKR059W,YJL164C,0,-5.4831643,0.12241583317518234,0.8289999961853027,0.5942999720573425
YMR128W,YJR131W,0,-5.4831824,0.1223977580666542,0.8289999961853027,0.5943999886512756
YDR021W,YKL093W,0,-5.4832006,0.12237969040870667,0.8289999961853027,0.5945000052452087
YLR127C,YDR312W,0,-5.483247,0.12236162275075912,0.8289999961853027,0.5946000218391418
YLR166C,YOR244W,0,-5.4834747,0.12234356254339218,0.8289999961853027,0.5946999788284302
YJL034W,YKL201C,0,-5.4840302,0.12232550978660583,0.8289999961853027,0.5947999954223633
YLR270W,YLR398C,1,-5.484375,0.12245500087738037,0.8299999833106995,0.5947999954223633
YLR129W,YBR039W,0,-5.4845686,0.12243694067001343,0.8299999833106995,0.5949000120162964
YOR243C,YOR195W,0,-5.484586,0.12241888046264648,0.8299999833106995,0.5950000286102295
YLR056W,YER168C,0,-5.484643,0.12240082770586014,0.8299999833106995,0.5950999855995178
YDR362C,YLR361C,0,-5.484669,0.12238277494907379,0.8299999833106995,0.5952000021934509
YKL042W,YCR039C,0,-5.484763,0.12236473709344864,0.8299999833106995,0.595300018787384
YGL055W,YGL192W,0,-5.48497,0.12234669923782349,0.8299999833106995,0.5953999757766724
YLR394W,YLR399C,0,-5.4850187,0.12232866883277893,0.8299999833106995,0.5954999923706055
YLR242C,YPL124W,0,-5.485075,0.12231063842773438,0.8299999833106995,0.5956000089645386
YDR345C,YCR039C,0,-5.485146,0.12229261547327042,0.8299999833106995,0.5957000255584717
YLR129W,YIL051C,0,-5.485368,0.12227459996938705,0.8299999833106995,0.59579998254776
YKR001C,YDR363W-A,0,-5.4855328,0.12225659191608429,0.8299999833106995,0.5958999991416931
YML058W-A,YHR108W,0,-5.4856815,0.12223858386278152,0.8299999833106995,0.5960000157356262
YJR141W,YGL191W,0,-5.4859543,0.12222058326005936,0.8299999833106995,0.5960999727249146
YOL040C,YOL100W,0,-5.4864316,0.12220259010791779,0.8299999833106995,0.5961999893188477
YBL088C,YOL063C,0,-5.486797,0.12218460440635681,0.8299999833106995,0.5963000059127808
YKL013C,YPR125W,0,-5.4868126,0.12216661870479584,0.8299999833106995,0.5964000225067139
YGL058W,YKL043W,0,-5.4869175,0.12214864045381546,0.8299999833106995,0.5964999794960022
YLR284C,YHR193C,0,-5.4871936,0.12213066220283508,0.8299999833106995,0.5965999960899353
YKL079W,YER005W,0,-5.487535,0.1221126988530159,0.8299999833106995,0.5967000126838684
YDR205W,YMR054W,0,-5.4885592,0.12209473550319672,0.8299999833106995,0.5968000292778015
YBL079W,YIL036W,0,-5.4886823,0.12207677960395813,0.8299999833106995,0.5968999862670898
YER005W,YGL013C,0,-5.4889526,0.12205882370471954,0.8299999833106995,0.597000002861023
YGR091W,YDR418W,0,-5.488982,0.12204087525606155,0.8299999833106995,0.597100019454956
YNL015W,YAL047C,0,-5.4890165,0.12202293425798416,0.8299999833106995,0.5971999764442444
YGR140W,YJL145W,0,-5.4891305,0.12200500071048737,0.8299999833106995,0.5972999930381775
YCL059C,YOR178C,0,-5.4895096,0.12198706716299057,0.8299999833106995,0.5974000096321106
YDR437W,YOR068C,0,-5.490074,0.12196914106607437,0.8299999833106995,0.5975000262260437
YJR091C,YAL021C,1,-5.490221,0.12209814786911011,0.8309999704360962,0.5975000262260437
YGR211W,YHL025W,0,-5.4902406,0.12208021432161331,0.8309999704360962,0.597599983215332
YGL115W,YKL150W,0,-5.4904294,0.12206228077411652,0.8309999704360962,0.5976999998092651
YLR119W,YOR340C,0,-5.4909277,0.12204435467720032,0.8309999704360962,0.5978000164031982
YNL142W,YPL106C,0,-5.491417,0.12202642858028412,0.8309999704360962,0.5978999733924866
YIL042C,YKR086W,0,-5.4915824,0.12200851738452911,0.8309999704360962,0.5979999899864197
YGL190C,YOR094W,0,-5.4922233,0.12199060618877411,0.8309999704360962,0.5981000065803528
YNL075W,YKL054C,0,-5.492584,0.1219727024435997,0.8309999704360962,0.5982000231742859
YMR243C,YER119C,0,-5.4926815,0.12195479869842529,0.8309999704360962,0.5982999801635742
YER029C,YBR294W,0,-5.492969,0.12193690240383148,0.8309999704360962,0.5983999967575073
YKR007W,YJL062W,0,-5.493346,0.12191901355981827,0.8309999704360962,0.5985000133514404
YDL229W,YJR066W,0,-5.493391,0.12190113216638565,0.8309999704360962,0.5985999703407288
YGL008C,YOR274W,0,-5.493431,0.12188325077295303,0.8309999704360962,0.5986999869346619
YOL034W,YLR403W,0,-5.4937196,0.12186537683010101,0.8309999704360962,0.598800003528595
YOR265W,YNR075W,0,-5.4937263,0.12184751033782959,0.8309999704360962,0.5989000201225281
YIL019W,YMR088C,0,-5.493937,0.12182964384555817,0.8309999704360962,0.5989999771118164
YLL050C,YBR279W,0,-5.4939914,0.12181178480386734,0.8309999704360962,0.5990999937057495
YHR077C,YJR091C,1,-5.494334,0.1219404935836792,0.8320000171661377,0.5990999937057495
YBR161W,YOL113W,0,-5.4944706,0.12192262709140778,0.8320000171661377,0.5992000102996826
YOR076C,YPL029W,1,-5.494505,0.12205128371715546,0.8330000042915344,0.5992000102996826
YAL040C,YGL106W,0,-5.494802,0.12203340232372284,0.8330000042915344,0.5993000268936157
YLR154C,YFL039C,0,-5.494866,0.12201552838087082,0.8330000042915344,0.599399983882904
YFL010W-A,YDL113C,0,-5.494877,0.1219976544380188,0.8330000042915344,0.5995000004768372
YCL075W,YBL088C,0,-5.494895,0.12197979539632797,0.8330000042915344,0.5996000170707703
YJL167W,YEL009C,0,-5.4948974,0.12196193635463715,0.8330000042915344,0.5996999740600586
YLR153C,YKL194C,0,-5.4950767,0.12194407731294632,0.8330000042915344,0.5997999906539917
YBL019W,YDR388W,0,-5.495169,0.12192623317241669,0.8330000042915344,0.5999000072479248
YGR268C,YBR069C,0,-5.4952593,0.12190838903188705,0.8330000042915344,0.6000000238418579
YDL190C,YPR120C,0,-5.495413,0.12189054489135742,0.8330000042915344,0.6000999808311462
YGR186W,YGL192W,0,-5.4954543,0.12187271565198898,0.8330000042915344,0.6001999974250793
YGL244W,YNL053W,0,-5.495652,0.12185488641262054,0.8330000042915344,0.6003000140190125
YOR226C,YAL001C,0,-5.4958005,0.1218370646238327,0.8330000042915344,0.6003999710083008
YLR035C,YOR326W,0,-5.495926,0.12181924283504486,0.8330000042915344,0.6004999876022339
YJL035C,YKL022C,0,-5.4960237,0.12180143594741821,0.8330000042915344,0.600600004196167
YIL014W,YFR036W,0,-5.496236,0.12178362905979156,0.8330000042915344,0.6007000207901001
YLL009C,YKL134C,0,-5.496238,0.12176582217216492,0.8330000042915344,0.6007999777793884
YMR008C,YGL219C,0,-5.496488,0.12174803018569946,0.8330000042915344,0.6008999943733215
YGR162W,YPL240C,0,-5.496793,0.12173023819923401,0.8330000042915344,0.6010000109672546
YOR025W,YKL213C,0,-5.4970107,0.12171244621276855,0.8330000042915344,0.6011000275611877
YLL006W,YBR278W,0,-5.497037,0.1216946691274643,0.8330000042915344,0.6011999845504761
YGR227W,YGL047W,0,-5.4971414,0.12167689204216003,0.8330000042915344,0.6013000011444092
YJR073C,YLR274W,0,-5.497461,0.12165912240743637,0.8330000042915344,0.6014000177383423
YAR019C,YDR323C,0,-5.49761,0.12164135277271271,0.8330000042915344,0.6014999747276306
YKL079W,YAL029C,0,-5.497695,0.12162359803915024,0.8330000042915344,0.6015999913215637
YOR211C,YGR121C,0,-5.49802,0.12160583585500717,0.8330000042915344,0.6017000079154968
YCL051W,YLR212C,0,-5.4981484,0.1215880885720253,0.8330000042915344,0.6018000245094299
YHR181W,YGL183C,0,-5.4981976,0.12157034128904343,0.8330000042915344,0.6018999814987183
YNL244C,YNR013C,0,-5.4982185,0.12155260145664215,0.8330000042915344,0.6019999980926514
YJL020C,YDR375C,0,-5.498236,0.12153486907482147,0.8330000042915344,0.6021000146865845
YNL097C,YHR167W,0,-5.4982557,0.12151714414358139,0.8330000042915344,0.6021999716758728
YEL051W,YPR007C,0,-5.4983864,0.12149941921234131,0.8330000042915344,0.6022999882698059
YJL091C,YKL028W,0,-5.4984894,0.12148169428110123,0.8330000042915344,0.602400004863739
YAL024C,YFL041W,0,-5.498732,0.12146398425102234,0.8330000042915344,0.6025000214576721
YIL135C,YNL268W,0,-5.4994035,0.12144627422094345,0.8330000042915344,0.6025999784469604
YER164W,YDR251W,0,-5.499429,0.12142857164144516,0.8330000042915344,0.6026999950408936
YDR508C,YPR143W,0,-5.4995017,0.12141087651252747,0.8330000042915344,0.6028000116348267
YKL144C,YJR033C,0,-5.499757,0.12139318138360977,0.8330000042915344,0.6029000282287598
YDR427W,YAL002W,0,-5.499946,0.12137549370527267,0.8330000042915344,0.6029999852180481
YOL067C,YLR153C,0,-5.5001264,0.12135780602693558,0.8330000042915344,0.6031000018119812
YOR340C,YPL206C,0,-5.5002356,0.12134013324975967,0.8330000042915344,0.6032000184059143
YKR086W,YGR296W,0,-5.5002527,0.12132246047258377,0.8330000042915344,0.6032999753952026
YMR211W,YER093C,0,-5.500799,0.12130478769540787,0.8330000042915344,0.6033999919891357
YLR363C,YPR189W,1,-5.500943,0.12143272906541824,0.8339999914169312,0.6033999919891357
YPL145C,YPL204W,0,-5.501045,0.12141505628824234,0.8339999914169312,0.6035000085830688
YGR074W,YHR061C,0,-5.5010953,0.12139738351106644,0.8339999914169312,0.603600025177002
YLR119W,YGL004C,0,-5.5014887,0.12137971073389053,0.8339999914169312,0.6036999821662903
YDR038C,YOL005C,0,-5.501805,0.12136204540729523,0.8339999914169312,0.6037999987602234
YJR040W,YJR065C,0,-5.5019627,0.12134438753128052,0.8339999914169312,0.6039000153541565
YJL085W,YHR190W,0,-5.5021715,0.1213267371058464,0.8339999914169312,0.6039999723434448
YJL122W,YKL016C,0,-5.5023637,0.12130909413099289,0.8339999914169312,0.6040999889373779
YNL097C,YDR507C,0,-5.502412,0.12129145115613937,0.8339999914169312,0.604200005531311
YDL165W,YKL149C,1,-5.502466,0.12141922116279602,0.8349999785423279,0.604200005531311
YGR063C,YPL255W,0,-5.50306,0.12140157073736191,0.8349999785423279,0.6043000221252441
YMR216C,YOR284W,0,-5.5030723,0.1213839203119278,0.8349999785423279,0.6043999791145325
YGR157W,YOR213C,0,-5.5037136,0.12136627733707428,0.8349999785423279,0.6044999957084656
YBL097W,YDR099W,0,-5.504209,0.12134864181280136,0.8349999785423279,0.6046000123023987
YNL090W,YPL241C,0,-5.504386,0.12133100628852844,0.8349999785423279,0.6047000288963318
YMR061W,YGL191W,0,-5.505166,0.12131337821483612,0.8349999785423279,0.6047999858856201
YDL134C,YJR022W,0,-5.5053015,0.1212957575917244,0.8349999785423279,0.6049000024795532
YMR186W,YGL022W,0,-5.5054364,0.12127814441919327,0.8349999785423279,0.6050000190734863
YOR110W,YEL062W,0,-5.5057387,0.12126053124666214,0.8349999785423279,0.6050999760627747
YDL108W,YEL063C,0,-5.506024,0.12124291807413101,0.8349999785423279,0.6051999926567078
YKL080W,YNR044W,0,-5.506187,0.12122531980276108,0.8349999785423279,0.6053000092506409
YAL029C,YCL055W,0,-5.5062976,0.12120772153139114,0.8349999785423279,0.605400025844574
YEL050C,YKR099W,0,-5.5063787,0.1211901307106018,0.8349999785423279,0.6054999828338623
YOL017W,YER005W,0,-5.506419,0.12117254734039307,0.8349999785423279,0.6055999994277954
YDR517W,YBR087W,0,-5.506822,0.12115496397018433,0.8349999785423279,0.6057000160217285
YCL066W,YDR099W,0,-5.5069103,0.12113738805055618,0.8349999785423279,0.6057999730110168
YOR076C,YGL222C,1,-5.50698,0.12126486748456955,0.8360000252723694,0.6057999730110168
YLR166C,YDL227C,0,-5.5071335,0.12124728411436081,0.8360000252723694,0.60589998960495
YDR427W,YER089C,0,-5.5071654,0.12122970074415207,0.8360000252723694,0.6060000061988831
YDR440W,YJR050W,0,-5.5074096,0.12121212482452393,0.8360000252723694,0.6061000227928162
YGL001C,YBL056W,0,-5.507553,0.12119454890489578,0.8360000252723694,0.6061999797821045
YDR101C,YJR045C,0,-5.5078073,0.12117698043584824,0.8360000252723694,0.6062999963760376
YGR108W,YML062C,0,-5.5078793,0.12115941941738129,0.8360000252723694,0.6064000129699707
YDR457W,YPR080W,0,-5.508013,0.12114186584949493,0.8360000252723694,0.6065000295639038
YMR156C,YBR233W-A,0,-5.508139,0.12112431228160858,0.8360000252723694,0.6065999865531921
YOL034W,YPR108W,0,-5.5083,0.12110676616430283,0.8360000252723694,0.6067000031471252
YDR202C,YJR035W,0,-5.5085955,0.12108922004699707,0.8360000252723694,0.6068000197410583
YOR351C,YKL022C,0,-5.508644,0.12107168883085251,0.8360000252723694,0.6068999767303467
YLR433C,YBR119W,0,-5.509174,0.12105415761470795,0.8360000252723694,0.6069999933242798
YGL209W,YDL064W,0,-5.5092382,0.12103662639856339,0.8360000252723694,0.6071000099182129
YDR177W,YPR037C,0,-5.509698,0.12101911008358002,0.8360000252723694,0.607200026512146
YMR213W,YOL009C,0,-5.509709,0.12100159376859665,0.8360000252723694,0.6072999835014343
YGR157W,YJR064W,0,-5.5097895,0.12098407745361328,0.8360000252723694,0.6074000000953674
YOL123W,YGR036C,0,-5.5097914,0.12096657603979111,0.8360000252723694,0.6075000166893005
YPL033C,YLL001W,0,-5.5097966,0.12094907462596893,0.8360000252723694,0.6075999736785889
YER162C,YPR163C,0,-5.5099277,0.12093158066272736,0.8360000252723694,0.607699990272522
YMR219W,YJR076C,0,-5.5100017,0.12091408669948578,0.8360000252723694,0.6078000068664551
YBR085W,YOR381W,0,-5.510022,0.1208966001868248,0.8360000252723694,0.6079000234603882
YBR253W,YNL279W,0,-5.510062,0.12087912112474442,0.8360000252723694,0.6079999804496765
YNR060W,YHR091C,0,-5.510128,0.12086164206266403,0.8360000252723694,0.6080999970436096
YPL092W,YGL038C,0,-5.5101852,0.12084417790174484,0.8360000252723694,0.6082000136375427
YPL122C,YHR061C,0,-5.5102277,0.12082670629024506,0.8360000252723694,0.608299970626831
YLR254C,YBR289W,0,-5.5103064,0.12080924957990646,0.8360000252723694,0.6083999872207642
YMR197C,YDL074C,0,-5.51039,0.12079179286956787,0.8360000252723694,0.6085000038146973
YJL112W,YGL061C,0,-5.510435,0.12077434360980988,0.8360000252723694,0.6086000204086304
YDL209C,YJL139C,0,-5.510631,0.12075689435005188,0.8360000252723694,0.6086999773979187
YHR194W,YKL028W,0,-5.5107565,0.12073945999145508,0.8360000252723694,0.6087999939918518
YNL243W,YHR079C-A,0,-5.511509,0.12072201818227768,0.8360000252723694,0.6089000105857849
YKR054C,YOR211C,0,-5.5116916,0.12070459127426147,0.8360000252723694,0.609000027179718
YJL166W,YMR029C,0,-5.511858,0.12068716436624527,0.8360000252723694,0.6090999841690063
YBR087W,YBL045C,0,-5.5119514,0.12066974490880966,0.8360000252723694,0.6092000007629395
YCL010C,YNL037C,0,-5.51249,0.12065233290195465,0.8360000252723694,0.6093000173568726
YDL006W,YNL280C,0,-5.5133405,0.12063492089509964,0.8360000252723694,0.6093999743461609
YDL042C,YIL121W,0,-5.5135765,0.12061751633882523,0.8360000252723694,0.609499990940094
YDL134C,YNL241C,0,-5.5138817,0.12060011178255081,0.8360000252723694,0.6096000075340271
YER072W,YOR298W,0,-5.5139003,0.12058272212743759,0.8360000252723694,0.6097000241279602
YIL009W,YFR021W,0,-5.5140386,0.12056533247232437,0.8360000252723694,0.6097999811172485
YDL165W,YPL029W,1,-5.5140877,0.12069214135408401,0.8370000123977661,0.6097999811172485
YHL028W,YNL055C,0,-5.5141563,0.1206747367978096,0.8370000123977661,0.6098999977111816
YNL008C,YFR019W,0,-5.514516,0.12065734714269638,0.8370000123977661,0.6100000143051147
YCL051W,YDR092W,0,-5.514798,0.12063995748758316,0.8370000123977661,0.6100999712944031
YCL051W,YOR103C,0,-5.515409,0.12062256783246994,0.8370000123977661,0.6101999878883362
YDR434W,YHR108W,0,-5.5154667,0.12060518562793732,0.8370000123977661,0.6103000044822693
YKL208W,YOR123C,0,-5.5155272,0.12058781087398529,0.8370000123977661,0.6104000210762024
YAL023C,YCR014C,0,-5.5155888,0.12057044357061386,0.8370000123977661,0.6104999780654907
YBR214W,YGL240W,0,-5.5157127,0.12055307626724243,0.8370000123977661,0.6105999946594238
YNL156C,YNL167C,0,-5.516423,0.1205357164144516,0.8370000123977661,0.6107000112533569
YFL034C-B,YNL014W,0,-5.516591,0.12051835656166077,0.8370000123977661,0.61080002784729
YMR139W,YLR403W,0,-5.516608,0.12050100415945053,0.8370000123977661,0.6108999848365784
YJL054W,YPL241C,0,-5.5166373,0.12048365920782089,0.8370000123977661,0.6110000014305115
YDR523C,YPR112C,0,-5.516671,0.12046632170677185,0.8370000123977661,0.6111000180244446
YNL112W,YOR173W,1,-5.5169353,0.12059289216995239,0.8379999995231628,0.6111000180244446
YLR353W,YKR031C,0,-5.5171566,0.12057553976774216,0.8379999995231628,0.6111999750137329
YPR031W,YDL185W,0,-5.5172753,0.12055819481611252,0.8379999995231628,0.611299991607666
YDR126W,YPR055W,0,-5.517775,0.12054084986448288,0.8379999995231628,0.6114000082015991
YNL047C,YDR145W,0,-5.517809,0.12052351236343384,0.8379999995231628,0.6115000247955322
YOR179C,YPR119W,0,-5.517965,0.1205061823129654,0.8379999995231628,0.6115999817848206
YMR139W,YPL018W,0,-5.5181427,0.12048885971307755,0.8379999995231628,0.6116999983787537
YBR289W,YDR113C,0,-5.518215,0.1204715371131897,0.8379999995231628,0.6118000149726868
YOR212W,YLR304C,0,-5.5185084,0.12045422196388245,0.8379999995231628,0.6118999719619751
YPL200W,YOL065C,0,-5.519348,0.1204369068145752,0.8379999995231628,0.6119999885559082
YLL006W,YER012W,0,-5.5212765,0.12041959911584854,0.8379999995231628,0.6121000051498413
YOR371C,YLR256W,0,-5.521514,0.12040229886770248,0.8379999995231628,0.6122000217437744
YML052W,YIL019W,0,-5.5216336,0.12038499861955643,0.8379999995231628,0.6122999787330627
YNL262W,YGL096W,0,-5.5217514,0.12036771327257156,0.8379999995231628,0.6123999953269958
YEL051W,YJL106W,0,-5.522048,0.1203504204750061,0.8379999995231628,0.612500011920929
YLR075W,YOR181W,0,-5.522246,0.12033314257860184,0.8379999995231628,0.6126000285148621
YIL128W,YIL122W,0,-5.5222974,0.12031586468219757,0.8379999995231628,0.6126999855041504
YDL120W,YDR243C,0,-5.5223484,0.1202985942363739,0.8379999995231628,0.6128000020980835
YGR241C,YER061C,0,-5.5226154,0.12028132379055023,0.8379999995231628,0.6129000186920166
YLR086W,YDR092W,0,-5.522709,0.12026406079530716,0.8379999995231628,0.6129999756813049
YLR357W,YBR121C,0,-5.5228825,0.12024680525064468,0.8379999995231628,0.613099992275238
YKL108W,YIR005W,0,-5.5230665,0.1202295571565628,0.8379999995231628,0.6132000088691711
YPL031C,YDR447C,0,-5.523526,0.12021230906248093,0.8379999995231628,0.6133000254631042
YML046W,YMR006C,0,-5.5237436,0.12019506841897964,0.8379999995231628,0.6133999824523926
YJL054W,YIL009W,0,-5.5237513,0.12017782777547836,0.8379999995231628,0.6134999990463257
YMR013C,YKL146W,0,-5.5238914,0.12016059458255768,0.8379999995231628,0.6136000156402588
YPL147W,YHL040C,0,-5.5241785,0.12014336884021759,0.8379999995231628,0.6136999726295471
YOL091W,YNL262W,0,-5.5242023,0.1201261430978775,0.8379999995231628,0.6137999892234802
YKL113C,YMR204C,0,-5.524273,0.12010893225669861,0.8379999995231628,0.6139000058174133
YLL022C,YMR038C,0,-5.5242887,0.12009171396493912,0.8379999995231628,0.6140000224113464
YDL081C,YBL016W,0,-5.524521,0.12007451057434082,0.8379999995231628,0.6140999794006348
YOR332W,YGL063W,0,-5.5245533,0.12005730718374252,0.8379999995231628,0.6141999959945679
YNR002C,YOR136W,0,-5.524705,0.12004011124372482,0.8379999995231628,0.614300012588501
YKL201C,YPR124W,0,-5.5249834,0.12002291530370712,0.8379999995231628,0.6144000291824341
YBR083W,YFL008W,0,-5.524988,0.12000572681427002,0.8379999995231628,0.6144999861717224
YCL026C-A,YMR192W,0,-5.525285,0.11998854577541351,0.8379999995231628,0.6146000027656555
YNR049C,YBL045C,0,-5.5254397,0.119971364736557,0.8379999995231628,0.6147000193595886
YMR135C,YPR144C,0,-5.5256753,0.1199541911482811,0.8379999995231628,0.614799976348877
YLR009W,YIL013C,0,-5.525761,0.11993702501058578,0.8379999995231628,0.6148999929428101
YMR293C,YPL049C,0,-5.5258493,0.11991986632347107,0.8379999995231628,0.6150000095367432
YKR002W,YOR084W,0,-5.5260468,0.11990270763635635,0.8379999995231628,0.6151000261306763
YOL040C,YNL314W,0,-5.526109,0.11988554894924164,0.8379999995231628,0.6151999831199646
YJL124C,YJR091C,1,-5.5262065,0.12001144140958786,0.8389999866485596,0.6151999831199646
YBR240C,YMR119W,0,-5.526278,0.11999428272247314,0.8389999866485596,0.6152999997138977
YOR033C,YLR165C,0,-5.526346,0.11997711658477783,0.8389999866485596,0.6154000163078308
YHR160C,YBR107C,0,-5.5267043,0.11995996534824371,0.8389999866485596,0.6154999732971191
YIL061C,YEL018W,0,-5.5272617,0.1199428141117096,0.8389999866485596,0.6155999898910522
YDR325W,YDR005C,0,-5.5272717,0.11992567032575607,0.8389999866485596,0.6157000064849854
YGL229C,YML126C,0,-5.5274568,0.11990853399038315,0.8389999866485596,0.6158000230789185
YMR088C,YDL201W,0,-5.5277004,0.11989139765501022,0.8389999866485596,0.6158999800682068
YMR309C,YEL063C,0,-5.5278263,0.1198742687702179,0.8389999866485596,0.6159999966621399
YNR044W,YER007W,0,-5.527877,0.11985713988542557,0.8389999866485596,0.616100013256073
YEL002C,YML064C,0,-5.5281515,0.11984002590179443,0.8389999866485596,0.6161999702453613
YEL017C-A,YML062C,0,-5.5284467,0.1198229044675827,0.8389999866485596,0.6162999868392944
YDR295C,YPL032C,0,-5.5287952,0.11980579793453217,0.8389999866485596,0.6164000034332275
YML038C,YNL066W,0,-5.52886,0.11978869140148163,0.8389999866485596,0.6165000200271606
YLR467W,YGL195W,0,-5.5291233,0.11977159231901169,0.8389999866485596,0.616599977016449
YBR058C-A,YLR371W,0,-5.5293384,0.11975449323654175,0.8389999866485596,0.6166999936103821
YML059C,YBR216C,0,-5.529514,0.119737409055233,0.8389999866485596,0.6168000102043152
YNL231C,YHR115C,0,-5.5297403,0.11972031742334366,0.8389999866485596,0.6169000267982483
YER018C,YJR021C,0,-5.529853,0.11970324069261551,0.8389999866485596,0.6169999837875366
YLR154C,YDR201W,0,-5.530059,0.11968616396188736,0.8389999866485596,0.6171000003814697
YLR435W,YGL208W,0,-5.530077,0.11966909468173981,0.8389999866485596,0.6172000169754028
YKL165C,YER160C,0,-5.530418,0.11965202540159225,0.8389999866485596,0.6172999739646912
YDL226C,YMR232W,0,-5.5305634,0.1196349635720253,0.8389999866485596,0.6173999905586243
YMR177W,YJL058C,0,-5.5309234,0.11961790919303894,0.8389999866485596,0.6175000071525574
YMR054W,YDR363W-A,0,-5.530956,0.11960085481405258,0.8389999866485596,0.6176000237464905
YGR180C,YOR250C,0,-5.5310507,0.11958380788564682,0.8389999866485596,0.6176999807357788
YMR072W,YLR005W,0,-5.531295,0.11956676840782166,0.8389999866485596,0.6177999973297119
YOR269W,YCL024W,0,-5.5317144,0.11954972892999649,0.8389999866485596,0.617900013923645
YCR014C,YHL027W,0,-5.5317574,0.11953269690275192,0.8389999866485596,0.6179999709129333
YHR181W,YFR033C,0,-5.531892,0.11951567232608795,0.8389999866485596,0.6180999875068665
YMR055C,YJL062W,0,-5.5319624,0.11949864774942398,0.8389999866485596,0.6182000041007996
YBR211C,YLR088W,0,-5.5322504,0.1194816306233406,0.8389999866485596,0.6183000206947327
YPR189W,YNL118C,1,-5.5327444,0.11960700899362564,0.8399999737739563,0.6183000206947327
YMR135C,YDL098C,0,-5.5328007,0.11958997696638107,0.8399999737739563,0.618399977684021
YJL073W,YFL029C,0,-5.532846,0.1195729523897171,0.8399999737739563,0.6184999942779541
YDR339C,YKL043W,0,-5.533003,0.11955593526363373,0.8399999737739563,0.6186000108718872
YOR103C,YOL072W,0,-5.533065,0.11953891813755035,0.8399999737739563,0.6187000274658203
YHR041C,YDR078C,0,-5.5337086,0.11952191591262817,0.8399999737739563,0.6187999844551086
YPL033C,YHR142W,0,-5.533725,0.1195049062371254,0.8399999737739563,0.6189000010490417
YPL060W,YPR010C,0,-5.533868,0.11948791146278381,0.8399999737739563,0.6190000176429749
YLR068W,YLR424W,0,-5.534044,0.11947091668844223,0.8399999737739563,0.6190999746322632
YOR226C,YJL187C,0,-5.5341654,0.11945392191410065,0.8399999737739563,0.6191999912261963
YLR259C,YPL227C,0,-5.5341673,0.11943694204092026,0.8399999737739563,0.6193000078201294
YNL245C,YPR083W,0,-5.534236,0.11941996216773987,0.8399999737739563,0.6194000244140625
YOR130C,YBR002C,0,-5.534243,0.11940298229455948,0.8399999737739563,0.6194999814033508
YOR061W,YJL026W,0,-5.5344977,0.11938601732254028,0.8399999737739563,0.6195999979972839
YGR245C,YDR508C,0,-5.5349073,0.11936905235052109,0.8399999737739563,0.619700014591217
YPL106C,YAL029C,0,-5.5349827,0.11935208737850189,0.8399999737739563,0.6197999715805054
YBL026W,YPL029W,1,-5.535102,0.11947719752788544,0.8410000205039978,0.6197999715805054
YER072W,YPL096W,0,-5.5351686,0.11946022510528564,0.8410000205039978,0.6198999881744385
YKR055W,YGL183C,0,-5.535234,0.11944326013326645,0.8410000205039978,0.6200000047683716
YFR024C-A,YBL057C,0,-5.53525,0.11942630261182785,0.8410000205039978,0.6201000213623047
YPL203W,YLR467W,0,-5.5357895,0.11940934509038925,0.8410000205039978,0.620199978351593
YLR133W,YER013W,0,-5.5361233,0.11939238756895065,0.8410000205039978,0.6202999949455261
YLR035C,YDR412W,0,-5.5361648,0.11937544494867325,0.8410000205039978,0.6204000115394592
YER162C,YPL122C,0,-5.5365324,0.11935850232839584,0.8410000205039978,0.6205000281333923
YBR243C,YOL068C,0,-5.5365725,0.11934156715869904,0.8410000205039978,0.6205999851226807
YBR121C,YOR083W,0,-5.5367527,0.11932463198900223,0.8410000205039978,0.6207000017166138
YLR450W,YLL027W,0,-5.5369086,0.11930770426988602,0.8410000205039978,0.6208000183105469
YIL016W,YER143W,0,-5.5373764,0.1192907765507698,0.8410000205039978,0.6208999752998352
YDR176W,YHR200W,0,-5.5373783,0.11927386373281479,0.8410000205039978,0.6209999918937683
YML024W,YPL170W,0,-5.5373993,0.11925695091485977,0.8410000205039978,0.6211000084877014
YMR311C,YGR109C,0,-5.5375066,0.11924003809690475,0.8410000205039978,0.6212000250816345
YCR094W,YIL063C,0,-5.5375085,0.11922313272953033,0.8410000205039978,0.6212999820709229
YKL002W,YDR130C,0,-5.537536,0.11920623481273651,0.8410000205039978,0.621399998664856
YNL080C,YGR014W,0,-5.537574,0.11918934434652328,0.8410000205039978,0.6215000152587891
YKL145W,YDL140C,0,-5.5379996,0.11917245388031006,0.8410000205039978,0.6215999722480774
YDR427W,YOR033C,0,-5.538205,0.11915557086467743,0.8410000205039978,0.6216999888420105
YGR162W,YJL059W,0,-5.5383096,0.1191386878490448,0.8410000205039978,0.6218000054359436
YLR332W,YJL019W,0,-5.5383883,0.11912181228399277,0.8410000205039978,0.6219000220298767
YIL121W,YGL004C,0,-5.538765,0.11910494416952133,0.8410000205039978,0.621999979019165
YML048W,YMR042W,0,-5.5387783,0.1190880760550499,0.8410000205039978,0.6220999956130981
YJL209W,YAL021C,1,-5.539183,0.1192127987742424,0.8420000076293945,0.6220999956130981
YPL082C,YLR260W,0,-5.539419,0.11919592320919037,0.8420000076293945,0.6222000122070312
YBR215W,YBR069C,0,-5.5398893,0.11917905509471893,0.8420000076293945,0.6223000288009644
YLR262C,YDL046W,0,-5.5402837,0.1191621869802475,0.8420000076293945,0.6223999857902527
YKR003W,YDR469W,0,-5.5409474,0.11914532631635666,0.8420000076293945,0.6225000023841858
YDL229W,YBL019W,0,-5.541031,0.11912846565246582,0.8420000076293945,0.6226000189781189
YNR011C,YOL135C,0,-5.5413656,0.11911161243915558,0.8420000076293945,0.6226999759674072
YBR081C,YJL045W,0,-5.541491,0.11909476667642593,0.8420000076293945,0.6227999925613403
YJR120W,YGL115W,0,-5.541589,0.11907792091369629,0.8420000076293945,0.6229000091552734
YNL264C,YMR319C,0,-5.541702,0.11906108260154724,0.8420000076293945,0.6230000257492065
YGR209C,YER129W,0,-5.541821,0.11904425173997879,0.8420000076293945,0.6230999827384949
YEL056W,YGL232W,0,-5.541875,0.11902742087841034,0.8420000076293945,0.623199999332428
YOR087W,YPL097W,0,-5.5421467,0.11901059746742249,0.8420000076293945,0.6233000159263611
YJL102W,YDL198C,0,-5.5422974,0.11899378150701523,0.8420000076293945,0.6233999729156494
YLR011W,YGL029W,0,-5.542556,0.11897696554660797,0.8420000076293945,0.6234999895095825
YOR049C,YMR208W,0,-5.5432434,0.11896015703678131,0.8420000076293945,0.6236000061035156
YDL019C,YGL249W,0,-5.5437527,0.11894335597753525,0.8420000076293945,0.6237000226974487
YKL064W,YAL016W,0,-5.5438147,0.11892655491828918,0.8420000076293945,0.6237999796867371
YLR254C,YBR245C,0,-5.5438385,0.11890976130962372,0.8420000076293945,0.6238999962806702
YOR361C,YBL056W,0,-5.5439954,0.11889296770095825,0.8420000076293945,0.6240000128746033
YJL047C,YLR222C,0,-5.5442963,0.11887618154287338,0.8420000076293945,0.6241000294685364
YCL027W,YNR038W,0,-5.544599,0.11885940283536911,0.8420000076293945,0.6241999864578247
YDL128W,YCR018C,0,-5.544609,0.11884262412786484,0.8420000076293945,0.6243000030517578
YOR274W,YDR081C,0,-5.5446143,0.11882585287094116,0.8420000076293945,0.6244000196456909
YOR037W,YPR065W,0,-5.544795,0.11880908906459808,0.8420000076293945,0.6244999766349792
YOL063C,YNL006W,0,-5.544879,0.118792325258255,0.8420000076293945,0.6245999932289124
YDR011W,YPR138C,0,-5.5450773,0.11877556890249252,0.8420000076293945,0.6247000098228455
YJR091C,YDR378C,1,-5.5452766,0.1188998594880104,0.8429999947547913,0.6247000098228455
YKL089W,YPR133C,0,-5.545446,0.11888308823108673,0.8429999947547913,0.6248000264167786
YML032C,YDL245C,0,-5.545459,0.11886633187532425,0.8429999947547913,0.6248999834060669
YOR315W,YHR088W,0,-5.545494,0.11884956806898117,0.8429999947547913,0.625
YDR103W,YPL037C,0,-5.545504,0.11883281916379929,0.8429999947547913,0.6251000165939331
YKR009C,YPL089C,0,-5.5458713,0.1188160702586174,0.8429999947547913,0.6251999735832214
YLR385C,YDR495C,0,-5.546199,0.11879932135343552,0.8429999947547913,0.6252999901771545
YDR320C-A,YLR025W,0,-5.5464954,0.11878258734941483,0.8429999947547913,0.6254000067710876
YGL151W,YJL187C,0,-5.54653,0.11876584589481354,0.8429999947547913,0.6255000233650208
YGL116W,YJR019C,0,-5.547071,0.11874911934137344,0.8429999947547913,0.6255999803543091
YPR128C,YDL093W,0,-5.547512,0.11873239278793335,0.8429999947547913,0.6256999969482422
YMR069W,YIL138C,0,-5.5476446,0.11871567368507385,0.8429999947547913,0.6258000135421753
YLR330W,YDR113C,0,-5.547837,0.11869895458221436,0.8429999947547913,0.6258999705314636
YDR030C,YMR112C,0,-5.548075,0.11868225038051605,0.8429999947547913,0.6259999871253967
YBR234C,YOL005C,0,-5.548087,0.11866553872823715,0.8429999947547913,0.6261000037193298
YIL030C,YNL268W,0,-5.5484376,0.11864884197711945,0.8429999947547913,0.6262000203132629
YLR097C,YNL030W,0,-5.548697,0.11863214522600174,0.8429999947547913,0.6262999773025513
YOR076C,YDL175C,1,-5.5489984,0.11875615268945694,0.843999981880188,0.6262999773025513
YOL095C,YNL291C,0,-5.5494857,0.11873944848775864,0.843999981880188,0.6263999938964844
YHR188C,YDL236W,0,-5.549547,0.11872274428606033,0.843999981880188,0.6265000104904175
YPL176C,YOR069W,0,-5.549777,0.11870604753494263,0.843999981880188,0.6266000270843506
YOL010W,YFR036W,0,-5.54986,0.11868935823440552,0.843999981880188,0.6266999840736389
YKL185W,YBR107C,0,-5.549948,0.11867266893386841,0.843999981880188,0.626800000667572
YJL186W,YFL003C,0,-5.5505133,0.1186559796333313,0.843999981880188,0.6269000172615051
YAL068C,YDR016C,0,-5.5508213,0.11863930523395538,0.843999981880188,0.6269999742507935
YER095W,YML048W,0,-5.55083,0.11862263083457947,0.843999981880188,0.6270999908447266
YGL029W,YGR014W,0,-5.5508947,0.11860595643520355,0.843999981880188,0.6272000074386597
YJL110C,YMR006C,0,-5.5510173,0.11858929693698883,0.843999981880188,0.6273000240325928
YBL075C,YLR222C,0,-5.5512443,0.11857262998819351,0.843999981880188,0.6273999810218811
YJR063W,YNR044W,0,-5.551539,0.11855597794055939,0.843999981880188,0.6274999976158142
YOR084W,YNL247W,0,-5.5515823,0.11853932589292526,0.843999981880188,0.6276000142097473
YNL206C,YLR025W,0,-5.551691,0.11852268129587173,0.843999981880188,0.6276999711990356
YGR142W,YDL109C,0,-5.551708,0.1185060366988182,0.843999981880188,0.6277999877929688
YMR037C,YGL063W,0,-5.5518155,0.11848939955234528,0.843999981880188,0.6279000043869019
YEL020W-A,YBR279W,0,-5.551976,0.11847276985645294,0.843999981880188,0.628000020980835
YOL111C,YPL241C,0,-5.552046,0.11845614016056061,0.843999981880188,0.6280999779701233
YMR075W,YJL047C,0,-5.552071,0.11843951791524887,0.843999981880188,0.6281999945640564
YBL080C,YKL139W,0,-5.55237,0.11842289566993713,0.843999981880188,0.6283000111579895
YER142C,YJR066W,0,-5.552551,0.11840628832578659,0.843999981880188,0.6284000277519226
YDR259C,YDL109C,0,-5.5527973,0.11838967353105545,0.843999981880188,0.6284999847412109
YIL066C,YDR083W,0,-5.5529737,0.1183730736374855,0.843999981880188,0.628600001335144
YOR103C,YKL213C,0,-5.5529857,0.11835647374391556,0.843999981880188,0.6287000179290771
YPL156C,YNR006W,0,-5.5531197,0.11833987385034561,0.843999981880188,0.6287999749183655
YOR221C,YKL015W,0,-5.55312,0.11832328885793686,0.843999981880188,0.6288999915122986
YBR237W,YCR033W,0,-5.553362,0.1183067038655281,0.843999981880188,0.6290000081062317
YER147C,YLR298C,0,-5.5533876,0.11829011887311935,0.843999981880188,0.6291000247001648
YLR206W,YBR006W,0,-5.5535145,0.1182735413312912,0.843999981880188,0.6291999816894531
YDL077C,YPL130W,0,-5.5539455,0.11825697124004364,0.843999981880188,0.6292999982833862
YIR017C,YER051W,0,-5.5544662,0.11824040114879608,0.843999981880188,0.6294000148773193
YHR120W,YOL033W,0,-5.554702,0.11822383850812912,0.843999981880188,0.6294999718666077
YJL165C,YKR014C,0,-5.5548887,0.11820728331804276,0.843999981880188,0.6295999884605408
YLR355C,YJR033C,0,-5.5549345,0.11819072812795639,0.843999981880188,0.6297000050544739
YOR151C,YPL271W,0,-5.555254,0.11817418038845062,0.843999981880188,0.629800021648407
YGL022W,YBR258C,0,-5.5554376,0.11815764009952545,0.843999981880188,0.6298999786376953
YJR112W,YDL100C,0,-5.5554495,0.11814109981060028,0.843999981880188,0.6299999952316284
YJR121W,YER143W,0,-5.5554714,0.11812455952167511,0.843999981880188,0.6301000118255615
YCR037C,YKR029C,0,-5.555602,0.11810803413391113,0.843999981880188,0.6302000284194946
YHR188C,YKL093W,0,-5.555697,0.11809150874614716,0.843999981880188,0.630299985408783
YDR173C,YGL192W,0,-5.555773,0.11807498335838318,0.843999981880188,0.6304000020027161
YAL011W,YNR006W,0,-5.555977,0.1180584728717804,0.843999981880188,0.6305000185966492
YDL226C,YKR008W,0,-5.555988,0.11804195493459702,0.843999981880188,0.6305999755859375
YLR270W,YJL209W,1,-5.556395,0.11816529184579849,0.8450000286102295,0.6305999755859375
YMR313C,YER129W,0,-5.556422,0.11814876645803452,0.8450000286102295,0.6306999921798706
YMR026C,YJL115W,0,-5.5569754,0.11813224852085114,0.8450000286102295,0.6308000087738037
YFR037C,YLR265C,0,-5.5569797,0.11811573803424835,0.8450000286102295,0.6309000253677368
YER025W,YEL066W,0,-5.557049,0.11809923499822617,0.8450000286102295,0.6309999823570251
YDR130C,YIL066C,0,-5.5571375,0.11808272451162338,0.8450000286102295,0.6310999989509583
YGL075C,YNR001C,0,-5.5571384,0.1180662289261818,0.8450000286102295,0.6312000155448914
YKR054C,YPL026C,0,-5.557456,0.1180497333407402,0.8450000286102295,0.6312999725341797
YHR079C,YML006C,0,-5.557554,0.11803324520587921,0.8450000286102295,0.6313999891281128
YGL058W,YBR260C,0,-5.5575542,0.11801675707101822,0.8450000286102295,0.6315000057220459
YHR005C,YER040W,0,-5.557719,0.11800027638673782,0.8450000286102295,0.631600022315979
YPL164C,YPL187W,0,-5.5578403,0.11798380315303802,0.8450000286102295,0.6316999793052673
YDR159W,YBL082C,0,-5.55788,0.11796732991933823,0.8450000286102295,0.6317999958992004
YDR451C,YIL035C,0,-5.558579,0.11795086413621902,0.8450000286102295,0.6319000124931335
YOR151C,YGR092W,0,-5.5586476,0.11793440580368042,0.8450000286102295,0.6320000290870667
YLR277C,YHR005C,0,-5.55871,0.11791794747114182,0.8450000286102295,0.632099986076355
YPL228W,YAL058W,0,-5.5590334,0.11790149658918381,0.8450000286102295,0.6322000026702881
YGL226C-A,YLR410W,0,-5.5591736,0.1178850457072258,0.8450000286102295,0.6323000192642212
YFR024C-A,YER171W,0,-5.559185,0.11786860227584839,0.8450000286102295,0.6323999762535095
YPR032W,YNL244C,0,-5.559499,0.11785215884447098,0.8450000286102295,0.6324999928474426
YLR095C,YAR007C,0,-5.559751,0.11783573031425476,0.8450000286102295,0.6326000094413757
YDL153C,YKL062W,0,-5.5599284,0.11781929433345795,0.8450000286102295,0.6327000260353088
YOR054C,YDR077W,0,-5.560919,0.11780287325382233,0.8450000286102295,0.6327999830245972
YDR181C,YGR008C,0,-5.561428,0.1177864521741867,0.8450000286102295,0.6328999996185303
YDR446W,YLR183C,0,-5.5617614,0.11777003854513168,0.8450000286102295,0.6330000162124634
YPR137W,YKL082C,0,-5.5618477,0.11775362491607666,0.8450000286102295,0.6330999732017517
YOR269W,YPR120C,0,-5.5620656,0.11773721873760223,0.8450000286102295,0.6331999897956848
YJL173C,YGL096W,0,-5.5620675,0.11772081255912781,0.8450000286102295,0.6333000063896179
YCR048W,YFL016C,0,-5.562182,0.11770441383123398,0.8450000286102295,0.633400022983551
YDR317W,YFL016C,0,-5.562309,0.11768802255392075,0.8450000286102295,0.6334999799728394
YGL045W,YLL004W,0,-5.5625634,0.11767163127660751,0.8450000286102295,0.6335999965667725
YDR205W,YPL110C,0,-5.5625925,0.11765524744987488,0.8450000286102295,0.6337000131607056
YOL038W,YGR162W,0,-5.563186,0.11763887107372284,0.8450000286102295,0.6338000297546387
YGL245W,YOR244W,0,-5.5633154,0.1176224946975708,0.8450000286102295,0.633899986743927
YLR190W,YKL021C,0,-5.5636373,0.11760612577199936,0.8450000286102295,0.6340000033378601
YER095W,YDL019C,0,-5.5638895,0.11758975684642792,0.8450000286102295,0.6341000199317932
YGL105W,YGR036C,0,-5.564061,0.11757339537143707,0.8450000286102295,0.6341999769210815
YNL311C,YBR029C,0,-5.564619,0.11755704134702682,0.8450000286102295,0.6342999935150146
YOL040C,YOR191W,0,-5.5646744,0.11754068732261658,0.8450000286102295,0.6344000101089478
YDR108W,YOL113W,0,-5.5649824,0.11752434074878693,0.8450000286102295,0.6345000267028809
YDR126W,YBR279W,0,-5.5650864,0.11750799417495728,0.8450000286102295,0.6345999836921692
YDR143C,YOR094W,0,-5.5657163,0.11749165505170822,0.8450000286102295,0.6347000002861023
YJR022W,YPR131C,0,-5.5659494,0.11747532337903976,0.8450000286102295,0.6348000168800354
YMR199W,YOR130C,0,-5.566594,0.11745899170637131,0.8450000286102295,0.6348999738693237
YGL222C,YLR270W,1,-5.5666428,0.11758165061473846,0.8460000157356262,0.6348999738693237
YJR083C,YBR296C,0,-5.5666656,0.11756531149148941,0.8460000157356262,0.6349999904632568
YCL026C-A,YDR478W,0,-5.5666876,0.11754897981882095,0.8460000157356262,0.6351000070571899
YKL026C,YBL071W-A,0,-5.5670757,0.1175326481461525,0.8460000157356262,0.635200023651123
YGR217W,YJR001W,0,-5.5671453,0.11751632392406464,0.8460000157356262,0.6352999806404114
YPL159C,YCR053W,0,-5.5674067,0.11749999970197678,0.8460000157356262,0.6353999972343445
YER018C,YPL110C,0,-5.5674286,0.11748368293046951,0.8460000157356262,0.6355000138282776
YPR025C,YJL164C,0,-5.5682173,0.11746737360954285,0.8460000157356262,0.6355999708175659
YFR021W,YLR210W,0,-5.5687027,0.11745106428861618,0.8460000157356262,0.635699987411499
YAL009W,YGR142W,0,-5.5687337,0.11743475496768951,0.8460000157356262,0.6358000040054321
YLR220W,YDR303C,0,-5.568771,0.11741846054792404,0.8460000157356262,0.6359000205993652
YPL092W,YNR046W,0,-5.568952,0.11740216612815857,0.8460000157356262,0.6359999775886536
YMR011W,YGR258C,0,-5.5693583,0.1173858717083931,0.8460000157356262,0.6360999941825867
YER019W,YDL046W,0,-5.569708,0.11736959218978882,0.8460000157356262,0.6362000107765198
YMR186W,YNL330C,0,-5.570287,0.11735330522060394,0.8460000157356262,0.6363000273704529
YNL325C,YML059C,0,-5.570357,0.11733703315258026,0.8460000157356262,0.6363999843597412
YER165W,YOL033W,0,-5.570682,0.11732076108455658,0.8460000157356262,0.6365000009536743
YJL129C,YOR372C,0,-5.571033,0.1173044890165329,0.8460000157356262,0.6366000175476074
YKL086W,YAL005C,0,-5.5711184,0.11728823184967041,0.8460000157356262,0.6366999745368958
YHR072W-A,YMR137C,0,-5.5713525,0.11727197468280792,0.8460000157356262,0.6367999911308289
YGR132C,YDL198C,0,-5.5722322,0.11725571751594543,0.8460000157356262,0.636900007724762
YNL080C,YNL128W,0,-5.5722704,0.11723946779966354,0.8460000157356262,0.6370000243186951
YOR080W,YBR082C,0,-5.572593,0.11722322553396225,0.8460000157356262,0.6370999813079834
YDR418W,YBR082C,0,-5.572901,0.11720698326826096,0.8460000157356262,0.6371999979019165
YHR188C,YDL208W,0,-5.5729246,0.11719074845314026,0.8460000157356262,0.6373000144958496
YNL016W,YLL013C,1,-5.5730114,0.11731301993131638,0.847000002861023,0.6373000144958496
YHR166C,YML092C,0,-5.573113,0.11729677021503448,0.847000002861023,0.6373999714851379
YOL115W,YJR091C,1,-5.573317,0.11741899698972702,0.8479999899864197,0.6373999714851379
YKL173W,YDR285W,0,-5.573325,0.11740273982286453,0.8479999899864197,0.637499988079071
YJL001W,YOR089C,0,-5.5734005,0.11738649010658264,0.8479999899864197,0.6376000046730042
YLR383W,YAL058W,0,-5.573456,0.11737024039030075,0.8479999899864197,0.6377000212669373
YAR018C,YDL148C,0,-5.573552,0.11735399812459946,0.8479999899864197,0.6377999782562256
YNL297C,YHR026W,0,-5.5740027,0.11733776330947876,0.8479999899864197,0.6378999948501587
YBR207W,YLR165C,0,-5.5741587,0.11732152849435806,0.8479999899864197,0.6380000114440918
YEL002C,YDR173C,0,-5.5749273,0.11730530112981796,0.8479999899864197,0.6381000280380249
YGL014W,YJR091C,1,-5.575368,0.11742738634347916,0.8489999771118164,0.6381000280380249
YPL234C,YLR086W,0,-5.575551,0.11741114407777786,0.8489999771118164,0.6381999850273132
YGR134W,YLR394W,0,-5.575689,0.11739490926265717,0.8489999771118164,0.6383000016212463
YHL036W,YER167W,0,-5.575803,0.11737868189811707,0.8489999771118164,0.6384000182151794
YOL027C,YDR091C,0,-5.5758247,0.11736245453357697,0.8489999771118164,0.6384999752044678
YMR075W,YHR187W,0,-5.575934,0.11734623461961746,0.8489999771118164,0.6385999917984009
YKL146W,YPR019W,0,-5.5761156,0.11733001470565796,0.8489999771118164,0.638700008392334
YDR425W,YJR050W,0,-5.5762053,0.11731380224227905,0.8489999771118164,0.6388000249862671
YML121W,YLR369W,0,-5.57625,0.11729759722948074,0.8489999771118164,0.6388999819755554
YPL086C,YER051W,0,-5.5763617,0.11728139221668243,0.8489999771118164,0.6389999985694885
YCL026C-A,YDR298C,0,-5.57658,0.11726519465446472,0.8489999771118164,0.6391000151634216
YMR161W,YOR180C,0,-5.5771623,0.11724899709224701,0.8489999771118164,0.63919997215271
YNL009W,YIL007C,0,-5.5774164,0.1172328069806099,0.8489999771118164,0.6392999887466431
YHL038C,YMR044W,0,-5.577581,0.11721662431955338,0.8489999771118164,0.6394000053405762
YGR086C,YAR008W,0,-5.57763,0.11720044165849686,0.8489999771118164,0.6395000219345093
YDR202C,YGL209W,0,-5.5782995,0.11718426644802094,0.8489999771118164,0.6395999789237976
YDL078C,YOR083W,0,-5.578341,0.11716809123754501,0.8489999771118164,0.6396999955177307
YNL001W,YGL032C,0,-5.5784407,0.11715192347764969,0.8489999771118164,0.6398000121116638
YBL016W,YML006C,0,-5.5787106,0.11713576316833496,0.8489999771118164,0.6399000287055969
YIR008C,YGR142W,0,-5.57873,0.11711960285902023,0.8489999771118164,0.6399999856948853
YJL179W,YCL034W,0,-5.5789285,0.1171034500002861,0.8489999771118164,0.6401000022888184
YFR008W,YBR087W,0,-5.5789447,0.11708729714155197,0.8489999771118164,0.6402000188827515
YLR085C,YFL036W,0,-5.5790033,0.11707115173339844,0.8489999771118164,0.6402999758720398
YCR053W,YPL096W,0,-5.5790224,0.1170550137758255,0.8489999771118164,0.6403999924659729
YMR026C,YNL075W,0,-5.5790305,0.11703887581825256,0.8489999771118164,0.640500009059906
YFL034C-B,YAL024C,0,-5.5794744,0.11702274531126022,0.8489999771118164,0.6406000256538391
YPL040C,YJR059W,0,-5.579524,0.11700661480426788,0.8489999771118164,0.6406999826431274
YDR288W,YDR409W,0,-5.5795546,0.11699049174785614,0.8489999771118164,0.6407999992370605
YOR173W,YKL009W,1,-5.5795803,0.11711215227842331,0.8500000238418579,0.6407999992370605
YMR056C,YGL033W,0,-5.5795918,0.11709602177143097,0.8500000238418579,0.6409000158309937
YML074C,YOL064C,0,-5.5798345,0.11707989126443863,0.8500000238418579,0.640999972820282
YGL058W,YPL110C,0,-5.5798635,0.11706376820802689,0.8500000238418579,0.6410999894142151
YNL230C,YOR174W,0,-5.5798745,0.11704764515161514,0.8500000238418579,0.6412000060081482
YGL240W,YBL002W,0,-5.5798836,0.117031529545784,0.8500000238418579,0.6413000226020813
YKL080W,YOR038C,0,-5.579962,0.11701542139053345,0.8500000238418579,0.6413999795913696
YMR075W,YJL214W,0,-5.580222,0.1169993132352829,0.8500000238418579,0.6414999961853027
YHR106W,YER148W,0,-5.5802684,0.11698321253061295,0.8500000238418579,0.6416000127792358
YLR285W,YIL066C,0,-5.580646,0.116967111825943,0.8500000238418579,0.641700029373169
YDR221W,YKL056C,0,-5.580987,0.11695101857185364,0.8500000238418579,0.6417999863624573
YPR162C,YPR134W,0,-5.5812206,0.11693493276834488,0.8500000238418579,0.6419000029563904
YLR181C,YGL174W,0,-5.581257,0.11691884696483612,0.8500000238418579,0.6420000195503235
YML031W,YKL150W,0,-5.5812645,0.11690276116132736,0.8500000238418579,0.6420999765396118
YNL297C,YNL244C,0,-5.5816693,0.1168866902589798,0.8500000238418579,0.6421999931335449
YJL186W,YCR037C,0,-5.5826197,0.11687061935663223,0.8500000238418579,0.642300009727478
YBR211C,YDL190C,0,-5.582826,0.11685454845428467,0.8500000238418579,0.6424000263214111
YPL283C,YMR049C,0,-5.583622,0.1168384850025177,0.8500000238418579,0.6424999833106995
YHR001W,YLR068W,0,-5.583975,0.11682242900133133,0.8500000238418579,0.6425999999046326
YHR197W,YDR309C,0,-5.5841966,0.11680637300014496,0.8500000238418579,0.6427000164985657
YOR381W,YOL005C,0,-5.5848966,0.11679032444953918,0.8500000238418579,0.642799973487854
YOR257W,YLL036C,0,-5.5849047,0.11677428334951401,0.8500000238418579,0.6428999900817871
YDR011W,YJR043C,0,-5.58529,0.11675824224948883,0.8500000238418579,0.6430000066757202
YFL034C-B,YMR054W,0,-5.5854387,0.11674220860004425,0.8500000238418579,0.6431000232696533
YDR443C,YJL110C,0,-5.5855446,0.11672617495059967,0.8500000238418579,0.6431999802589417
YDR309C,YGL096W,0,-5.585642,0.11671014875173569,0.8500000238418579,0.6432999968528748
YLR270W,YOL139C,1,-5.5857286,0.11683141440153122,0.8510000109672546,0.6432999968528748
YGR085C,YMR109W,0,-5.5858297,0.11681537330150604,0.8510000109672546,0.6434000134468079
YLR113W,YHR099W,0,-5.58606,0.11679933965206146,0.8510000109672546,0.6434999704360962
YLR047C,YNL053W,0,-5.586873,0.11678331345319748,0.8510000109672546,0.6435999870300293
YBL075C,YHR206W,0,-5.587092,0.1167672872543335,0.8510000109672546,0.6437000036239624
YLR265C,YPL116W,0,-5.587204,0.11675126850605011,0.8510000109672546,0.6438000202178955
YLL050C,YGL027C,0,-5.587351,0.11673525720834732,0.8510000109672546,0.6438999772071838
YML130C,YGL038C,0,-5.587414,0.11671924591064453,0.8510000109672546,0.6439999938011169
YOR076C,YLL013C,1,-5.58801,0.11684036999940872,0.8519999980926514,0.6439999938011169
YPL200W,YGL068W,0,-5.588414,0.11682435125112534,0.8519999980926514,0.64410001039505
YLR190W,YBR236C,0,-5.588535,0.11680833250284195,0.8519999980926514,0.6442000269889832
YNL084C,YDR421W,0,-5.589118,0.11679232120513916,0.8519999980926514,0.6442999839782715
YBL075C,YOR159C,0,-5.5894427,0.11677631735801697,0.8519999980926514,0.6444000005722046
YOR074C,YOR083W,0,-5.589716,0.11676031351089478,0.8519999980926514,0.6445000171661377
YMR133W,YDR071C,0,-5.589746,0.11674431711435318,0.8519999980926514,0.644599974155426
YOR001W,YAL021C,1,-5.589987,0.11686532199382782,0.8529999852180481,0.644599974155426
YKL095W,YNL246W,0,-5.5900316,0.11684931814670563,0.8529999852180481,0.6446999907493591
YNL288W,YOR274W,0,-5.5905304,0.11683330684900284,0.8529999852180481,0.6448000073432922
YPR072W,YLR136C,1,-5.5906057,0.1169542595744133,0.8539999723434448,0.6448000073432922
YOR025W,YLR353W,0,-5.590722,0.11693824827671051,0.8539999723434448,0.6449000239372253
YLL031C,YBL063W,0,-5.590917,0.11692223697900772,0.8539999723434448,0.6449999809265137
YHR060W,YJL091C,0,-5.590931,0.11690622568130493,0.8539999723434448,0.6450999975204468
YBL034C,YPR119W,0,-5.592205,0.11689022928476334,0.8539999723434448,0.6452000141143799
YLR079W,YPR168W,0,-5.592379,0.11687423288822174,0.8539999723434448,0.6452999711036682
YDR208W,YDR224C,0,-5.5923963,0.11685823649168015,0.8539999723434448,0.6453999876976013
YML074C,YNL243W,0,-5.5928006,0.11684224754571915,0.8539999723434448,0.6455000042915344
YOR117W,YMR077C,0,-5.592996,0.11682626605033875,0.8539999723434448,0.6456000208854675
YIL143C,YDR093W,0,-5.5934715,0.11681028455495834,0.8539999723434448,0.6456999778747559
YBR103W,YMR055C,0,-5.59379,0.11679431051015854,0.8539999723434448,0.645799994468689
YHR183W,YOL122C,0,-5.5938206,0.11677833646535873,0.8539999723434448,0.6459000110626221
YDR054C,YDR487C,0,-5.593904,0.11676236987113953,0.8539999723434448,0.6460000276565552
YFR046C,YMR216C,0,-5.594667,0.11674641072750092,0.8539999723434448,0.6460999846458435
YER044C,YDR200C,0,-5.594734,0.1167304515838623,0.8539999723434448,0.6462000012397766
YGL078C,YGL045W,0,-5.594846,0.11671449989080429,0.8539999723434448,0.6463000178337097
YGR109C,YKR003W,0,-5.5948725,0.11669854819774628,0.8539999723434448,0.646399974822998
YAR019C,YDR276C,0,-5.594922,0.11668260395526886,0.8539999723434448,0.6464999914169312
YKL002W,YGR134W,0,-5.5951242,0.11666666716337204,0.8539999723434448,0.6466000080108643
YPR111W,YEL003W,0,-5.5951524,0.11665073037147522,0.8539999723434448,0.6467000246047974
YLR181C,YGL032C,0,-5.595355,0.116634801030159,0.8539999723434448,0.6467999815940857
YIL072W,YNL219C,0,-5.5954943,0.11661887168884277,0.8539999723434448,0.6468999981880188
YNL325C,YPR031W,0,-5.595532,0.11660294979810715,0.8539999723434448,0.6470000147819519
YGL167C,YMR088C,0,-5.5956964,0.11658702790737152,0.8539999723434448,0.6470999717712402
YGR037C,YKR002W,0,-5.5957003,0.11657111346721649,0.8539999723434448,0.6471999883651733
YGL167C,YML024W,0,-5.595984,0.11655520647764206,0.8539999723434448,0.6473000049591064
YJR045C,YAL015C,0,-5.596002,0.11653929948806763,0.8539999723434448,0.6474000215530396
YHL027W,YBR228W,0,-5.5961833,0.11652339994907379,0.8539999723434448,0.6474999785423279
YIR010W,YCR044C,0,-5.5967674,0.11650750041007996,0.8539999723434448,0.647599995136261
YLR417W,YOR054C,0,-5.5968065,0.11649160832166672,0.8539999723434448,0.6477000117301941
YNR053C,YDL113C,0,-5.5969625,0.11647572368383408,0.8539999723434448,0.6478000283241272
YJL196C,YDR093W,0,-5.5971565,0.11645983904600143,0.8539999723434448,0.6478999853134155
YHR154W,YKL015W,0,-5.5971856,0.11644396185874939,0.8539999723434448,0.6480000019073486
YER162C,YPL266W,0,-5.5972824,0.11642808467149734,0.8539999723434448,0.6481000185012817
YGL092W,YER154W,0,-5.5976343,0.1164122149348259,0.8539999723434448,0.6481999754905701
YAL023C,YHR167W,0,-5.597714,0.11639634519815445,0.8539999723434448,0.6482999920845032
YNL312W,YNL278W,0,-5.597803,0.1163804829120636,0.8539999723434448,0.6484000086784363
YMR281W,YDL078C,0,-5.597967,0.11636462807655334,0.8539999723434448,0.6485000252723694
YDR156W,YGL252C,0,-5.5983725,0.11634877324104309,0.8539999723434448,0.6485999822616577
YJL102W,YPL268W,0,-5.5996275,0.11633292585611343,0.8539999723434448,0.6486999988555908
YGL240W,YFL010W-A,0,-5.5997066,0.11631707847118378,0.8539999723434448,0.6488000154495239
YLR242C,YPR161C,0,-5.599717,0.11630123853683472,0.8539999723434448,0.6488999724388123
YFR037C,YJL112W,0,-5.5997458,0.11628540605306625,0.8539999723434448,0.6489999890327454
YLR451W,YMR029C,0,-5.5997753,0.11626957356929779,0.8539999723434448,0.6491000056266785
YMR101C,YPR190C,0,-5.600525,0.11625374108552933,0.8539999723434448,0.6492000222206116
YDR046C,YDL155W,0,-5.600595,0.11623792350292206,0.8539999723434448,0.6492999792098999
YPR107C,YLR259C,0,-5.6007113,0.11622209846973419,0.8539999723434448,0.649399995803833
YGR274C,YOR368W,0,-5.601004,0.11620628833770752,0.8539999723434448,0.6495000123977661
YEL020W-A,YKL146W,0,-5.6011305,0.11619047820568085,0.8539999723434448,0.6496000289916992
YMR236W,YIL063C,0,-5.6012735,0.11617466807365417,0.8539999723434448,0.6496999859809875
YKR001C,YMR232W,0,-5.601343,0.1161588653922081,0.8539999723434448,0.6498000025749207
YEL034W,YDR080W,0,-5.6020823,0.11614307016134262,0.8539999723434448,0.6499000191688538
YGR171C,YHR061C,0,-5.602209,0.11612727493047714,0.8539999723434448,0.6499999761581421
YMR076C,YOR145C,0,-5.6023655,0.11611148715019226,0.8539999723434448,0.6500999927520752
YGR157W,YBR236C,0,-5.6023903,0.11609570682048798,0.8539999723434448,0.6502000093460083
YBR280C,YER051W,0,-5.6025515,0.11607992649078369,0.8539999723434448,0.6503000259399414
YLL006W,YMR285C,0,-5.6027646,0.1160641461610794,0.8539999723434448,0.6503999829292297
YMR069W,YMR301C,0,-5.603054,0.11604837328195572,0.8539999723434448,0.6504999995231628
YIL142W,YBR083W,0,-5.6032724,0.11603260785341263,0.8539999723434448,0.650600016117096
YER164W,YDR099W,0,-5.6035767,0.11601684242486954,0.8539999723434448,0.6506999731063843
YDR523C,YKR060W,0,-5.6038513,0.11600108444690704,0.8539999723434448,0.6507999897003174
YOL127W,YFR033C,0,-5.6038594,0.11598533391952515,0.8539999723434448,0.6509000062942505
YJR141W,YPR183W,0,-5.6039357,0.11596958339214325,0.8539999723434448,0.6510000228881836
YAL009W,YLR342W,0,-5.604179,0.11595383286476135,0.8539999723434448,0.6510999798774719
YDL081C,YBR223C,0,-5.6044946,0.11593809723854065,0.8539999723434448,0.651199996471405
YCR072C,YBL064C,0,-5.604535,0.11592235416173935,0.8539999723434448,0.6513000130653381
YMR238W,YNL006W,0,-5.6046968,0.11590662598609924,0.8539999723434448,0.6514000296592712
YOR265W,YJL072C,0,-5.604834,0.11589089781045914,0.8539999723434448,0.6514999866485596
YGR134W,YGR005C,0,-5.6050034,0.11587516963481903,0.8539999723434448,0.6516000032424927
YGL049C,YIL068C,0,-5.6050577,0.11585944890975952,0.8539999723434448,0.6517000198364258
YER162C,YGR013W,0,-5.605728,0.11584373563528061,0.8539999723434448,0.6517999768257141
YKL045W,YNL079C,0,-5.6057568,0.1158280223608017,0.8539999723434448,0.6518999934196472
YPL221W,YGL106W,0,-5.60577,0.11581231653690338,0.8539999723434448,0.6520000100135803
YBR004C,YMR313C,0,-5.6058054,0.11579661071300507,0.8539999723434448,0.6521000266075134
YLR212C,YJL059W,0,-5.6060443,0.11578091233968735,0.8539999723434448,0.6521999835968018
YOL123W,YDL002C,0,-5.6061845,0.11576521396636963,0.8539999723434448,0.6523000001907349
YLR270W,YLL013C,1,-5.606322,0.11588506400585175,0.8550000190734863,0.6523000001907349
YNL016W,YDL165W,1,-5.606568,0.11600487679243088,0.8560000061988831,0.6523000001907349
YLR007W,YFR021W,0,-5.606774,0.11598916351795197,0.8560000061988831,0.652400016784668
YHR090C,YBR179C,0,-5.6068625,0.11597344279289246,0.8560000061988831,0.6524999737739563
YDR025W,YAL016W,0,-5.6070485,0.11595773696899414,0.8560000061988831,0.6525999903678894
YHR083W,YBR290W,0,-5.6073837,0.11594203114509583,0.8560000061988831,0.6527000069618225
YOR032C,YER166W,0,-5.607455,0.11592632532119751,0.8560000061988831,0.6528000235557556
YOR133W,YMR048W,0,-5.6078706,0.11591062694787979,0.8560000061988831,0.652899980545044
YGR179C,YNR013C,0,-5.60814,0.11589493602514267,0.8560000061988831,0.652999997138977
YER018C,YPL047W,0,-5.6081595,0.11587924510240555,0.8560000061988831,0.6531000137329102
YPL060W,YAL058W,0,-5.6084986,0.11586356163024902,0.8560000061988831,0.6531999707221985
YGR070W,YGR036C,0,-5.6085124,0.1158478856086731,0.8560000061988831,0.6532999873161316
YJL008C,YOR237W,0,-5.6090255,0.11583220213651657,0.8560000061988831,0.6534000039100647
YLR144C,YBR002C,0,-5.6092334,0.11581653356552124,0.8560000061988831,0.6535000205039978
YMR133W,YOR147W,0,-5.6093163,0.11580086499452591,0.8560000061988831,0.6535999774932861
YKR007W,YJL093C,0,-5.609947,0.11578520387411118,0.8560000061988831,0.6536999940872192
YOR338W,YJR076C,0,-5.6102448,0.11576954275369644,0.8560000061988831,0.6538000106811523
YGL253W,YPL050C,0,-5.6103644,0.1157538890838623,0.8560000061988831,0.6539000272750854
YNL119W,YAL001C,0,-5.6104565,0.11573823541402817,0.8560000061988831,0.6539999842643738
YDR205W,YGL027C,0,-5.610634,0.11572258919477463,0.8560000061988831,0.6541000008583069
YGL187C,YDR341C,0,-5.6112423,0.11570695042610168,0.8560000061988831,0.65420001745224
YNL118C,YLR136C,1,-5.6114593,0.11582646518945694,0.8569999933242798,0.65420001745224
YDR188W,YDR481C,0,-5.6116643,0.1158108115196228,0.8569999933242798,0.6542999744415283
YPL031C,YAL015C,0,-5.6118484,0.11579516530036926,0.8569999933242798,0.6543999910354614
YBR159W,YKL160W,0,-5.611993,0.11577951908111572,0.8569999933242798,0.6545000076293945
YJR120W,YLL002W,0,-5.6122823,0.11576388031244278,0.8569999933242798,0.6546000242233276
YBR168W,YHR083W,0,-5.6122885,0.11574824154376984,0.8569999933242798,0.654699981212616
YPL224C,YAL024C,0,-5.612517,0.11573261022567749,0.8569999933242798,0.6547999978065491
YKL054C,YJL116C,0,-5.6129355,0.11571698635816574,0.8569999933242798,0.6549000144004822
YPL012W,YER160C,0,-5.6132417,0.11570136249065399,0.8569999933242798,0.6549999713897705
YOR361C,YGL045W,0,-5.613323,0.11568574607372284,0.8569999933242798,0.6550999879837036
YLR228C,YBL071W-A,0,-5.6134276,0.11567012965679169,0.8569999933242798,0.6552000045776367
YAL013W,YPL177C,0,-5.613468,0.11565452069044113,0.8569999933242798,0.6553000211715698
YBR274W,YPR128C,0,-5.6134834,0.11563891172409058,0.8569999933242798,0.6553999781608582
YBR158W,YNL309W,0,-5.6136656,0.11562331020832062,0.8569999933242798,0.6554999947547913
YMR264W,YOR351C,0,-5.6137314,0.11560771614313126,0.8569999933242798,0.6556000113487244
YHR142W,YDR495C,0,-5.6138706,0.1155921220779419,0.8569999933242798,0.6557000279426575
YPR104C,YGL201C,0,-5.613965,0.11557653546333313,0.8569999933242798,0.6557999849319458
YBR200W,YOR030W,0,-5.6142225,0.11556094884872437,0.8569999933242798,0.6559000015258789
YMR060C,YER021W,0,-5.6144295,0.1155453696846962,0.8569999933242798,0.656000018119812
YLR069C,YML104C,0,-5.614593,0.11552979052066803,0.8569999933242798,0.6560999751091003
YMR056C,YBR107C,0,-5.6146502,0.11551421880722046,0.8569999933242798,0.6561999917030334
YLR153C,YDR523C,0,-5.6147065,0.11549865454435349,0.8569999933242798,0.6563000082969666
YCR014C,YPL037C,0,-5.6147985,0.11548309028148651,0.8569999933242798,0.6564000248908997
YGR140W,YMR133W,0,-5.6149473,0.11546752601861954,0.8569999933242798,0.656499981880188
YDR443C,YMR008C,0,-5.614988,0.11545197665691376,0.8569999933242798,0.6565999984741211
YML114C,YDL155W,0,-5.615131,0.11543641984462738,0.8569999933242798,0.6567000150680542
YLR361C,YDL148C,0,-5.6152816,0.1154208779335022,0.8569999933242798,0.6567999720573425
YHL034C,YDL019C,0,-5.6158447,0.11540533602237701,0.8569999933242798,0.6568999886512756
YNR075W,YDR494W,0,-5.616643,0.11538979411125183,0.8569999933242798,0.6570000052452087
YKL079W,YER029C,0,-5.616814,0.11537425965070724,0.8569999933242798,0.6571000218391418
YLR079W,YCL069W,0,-5.6170425,0.11535873264074326,0.8569999933242798,0.6571999788284302
YGL222C,YMR234W,1,-5.6171265,0.1154777929186821,0.8579999804496765,0.6571999788284302
YHR058C,YGL208W,0,-5.61722,0.11546225100755692,0.8579999804496765,0.6572999954223633
YLR096W,YMR272C,0,-5.6173835,0.11544671654701233,0.8579999804496765,0.6574000120162964
YGR246C,YKR038C,0,-5.6176033,0.11543118208646774,0.8579999804496765,0.6575000286102295
YJR073C,YKR008W,0,-5.618081,0.11541565507650375,0.8579999804496765,0.6575999855995178
YDR062W,YLR362W,0,-5.6182537,0.11540013551712036,0.8579999804496765,0.6577000021934509
YJR066W,YOR147W,0,-5.6189227,0.11538461595773697,0.8579999804496765,0.657800018787384
YJR118C,YGL006W,0,-5.618975,0.11536910384893417,0.8579999804496765,0.6578999757766724
YMR283C,YNL330C,0,-5.6189957,0.11535359174013138,0.8579999804496765,0.6579999923706055
YDR208W,YCR031C,0,-5.6192746,0.11533807963132858,0.8579999804496765,0.6581000089645386
YDR314C,YPR125W,0,-5.619382,0.11532258242368698,0.8579999804496765,0.6582000255584717
YDR310C,YCL034W,0,-5.619435,0.11530708521604538,0.8579999804496765,0.65829998254776
YOL063C,YLR145W,0,-5.6194906,0.11529158800840378,0.8579999804496765,0.6583999991416931
YDR219C,YLR229C,0,-5.6202884,0.11527609825134277,0.8579999804496765,0.6585000157356262
YBR161W,YGL038C,0,-5.6204634,0.11526061594486237,0.8579999804496765,0.6585999727249146
YLR266C,YJR118C,0,-5.620524,0.11524513363838196,0.8579999804496765,0.6586999893188477
YHR142W,YOR023C,0,-5.620623,0.11522965133190155,0.8579999804496765,0.6588000059127808
YEL017C-A,YGR175C,0,-5.620701,0.11521418392658234,0.8579999804496765,0.6589000225067139
YFL050C,YPL049C,0,-5.620988,0.11519870907068253,0.8579999804496765,0.6589999794960022
YDR156W,YER013W,0,-5.621898,0.11518324911594391,0.8579999804496765,0.6590999960899353
YJL204C,YHR200W,0,-5.6222777,0.1151677817106247,0.8579999804496765,0.6592000126838684
YKL197C,YAR019C,0,-5.622278,0.11515232920646667,0.8579999804496765,0.6593000292778015
YPR189W,YDL160C,1,-5.623211,0.11527106910943985,0.859000027179718,0.6593000292778015
YGL142C,YNR013C,0,-5.623698,0.11525560170412064,0.859000027179718,0.6593999862670898
YMR202W,YJR064W,0,-5.6238256,0.11524014174938202,0.859000027179718,0.659500002861023
YML086C,YGL038C,0,-5.6241665,0.1152246817946434,0.859000027179718,0.659600019454956
YOR109W,YBR293W,0,-5.624532,0.11520922929048538,0.859000027179718,0.6596999764442444
YLR372W,YIL160C,0,-5.6246037,0.11519377678632736,0.859000027179718,0.6597999930381775
YAL030W,YOR315W,0,-5.6246624,0.11517833173274994,0.859000027179718,0.6599000096321106
YOR287C,YIL125W,0,-5.6247015,0.11516289412975311,0.859000027179718,0.6600000262260437
YNL015W,YGR258C,0,-5.62498,0.11514745652675629,0.859000027179718,0.660099983215332
YOR329C,YNL136W,0,-5.625082,0.11513201892375946,0.859000027179718,0.6601999998092651
YDR156W,YKL213C,0,-5.625609,0.11511658877134323,0.859000027179718,0.6603000164031982
YNL029C,YOR187W,0,-5.625863,0.1151011660695076,0.859000027179718,0.6603999733924866
YGL094C,YOR226C,0,-5.6260157,0.11508574336767197,0.859000027179718,0.6604999899864197
YOL054W,YHR079C,0,-5.6267395,0.11507032811641693,0.859000027179718,0.6606000065803528
YLR305C,YLR371W,0,-5.6271415,0.1150549128651619,0.859000027179718,0.6607000231742859
YDR334W,YDR177W,0,-5.627149,0.11503950506448746,0.859000027179718,0.6607999801635742
YOL017W,YNL291C,0,-5.627279,0.11502410471439362,0.859000027179718,0.6608999967575073
YKR036C,YPL016W,0,-5.6274767,0.11500870436429977,0.859000027179718,0.6610000133514404
YEL017C-A,YDR460W,0,-5.627889,0.11499330401420593,0.859000027179718,0.6610999703407288
YJL184W,YDL247W,0,-5.6278925,0.11497791111469269,0.859000027179718,0.6611999869346619
YIR011C,YOR120W,0,-5.628065,0.11496252566576004,0.859000027179718,0.661300003528595
YBL014C,YBL063W,0,-5.62831,0.11494714021682739,0.859000027179718,0.6614000201225281
YML092C,YGL253W,0,-5.628388,0.11493176221847534,0.859000027179718,0.6614999771118164
YMR305C,YJR026W,0,-5.6285214,0.11491639167070389,0.859000027179718,0.6615999937057495
YFL055W,YCR057C,0,-5.628575,0.11490101367235184,0.859000027179718,0.6617000102996826
YOL111C,YOL095C,0,-5.628734,0.11488565057516098,0.859000027179718,0.6618000268936157
YPL266W,YLR361C,0,-5.628741,0.11487028747797012,0.859000027179718,0.661899983882904
YBR237W,YKL114C,0,-5.629065,0.11485492438077927,0.859000027179718,0.6620000004768372
YHR005C-A,YIL036W,0,-5.629102,0.114839568734169,0.859000027179718,0.6621000170707703
YGL116W,YJR050W,0,-5.629593,0.11482422053813934,0.859000027179718,0.6621999740600586
YGR080W,YCL008C,0,-5.6297913,0.11480887234210968,0.859000027179718,0.6622999906539917
YJL091C,YDR369C,0,-5.6301184,0.11479353159666061,0.859000027179718,0.6624000072479248
YKR036C,YJL002C,0,-5.630343,0.11477819085121155,0.859000027179718,0.6625000238418579
YBL047C,YLR405W,0,-5.6306257,0.11476285755634308,0.859000027179718,0.6625999808311462
YJL003W,YDR183W,0,-5.6307898,0.1147475317120552,0.859000027179718,0.6626999974250793
YPL006W,YPL093W,0,-5.6309223,0.11473220586776733,0.859000027179718,0.6628000140190125
YGL166W,YPL031C,0,-5.630991,0.11471688002347946,0.859000027179718,0.6628999710083008
YPL176C,YNR046W,0,-5.631195,0.11470156162977219,0.859000027179718,0.6629999876022339
YFR046C,YDR480W,0,-5.631411,0.11468625068664551,0.859000027179718,0.663100004196167
YOR025W,YER038C,0,-5.6315174,0.11467093974351883,0.859000027179718,0.6632000207901001
YNL080C,YMR101C,0,-5.632008,0.11465563625097275,0.859000027179718,0.6632999777793884
YDL128W,YNL014W,0,-5.6323338,0.11464033275842667,0.859000027179718,0.6633999943733215
YLR363C,YKL149C,1,-5.632809,0.11475847661495209,0.8600000143051147,0.6633999943733215
YNL264C,YBR136W,0,-5.6329765,0.11474316567182541,0.8600000143051147,0.6635000109672546
YLR051C,YJL164C,0,-5.6332746,0.11472785472869873,0.8600000143051147,0.6636000275611877
YIL095W,YLR127C,0,-5.6336374,0.11471255123615265,0.8600000143051147,0.6636999845504761
YNL161W,YOR348C,0,-5.6336794,0.11469725519418716,0.8600000143051147,0.6638000011444092
YMR281W,YFR037C,0,-5.634244,0.11468195915222168,0.8600000143051147,0.6639000177383423
YOL113W,YJR050W,0,-5.634282,0.1146666631102562,0.8600000143051147,0.6639999747276306
YNR075W,YBR228W,0,-5.634415,0.1146513819694519,0.8600000143051147,0.6640999913215637
YPL228W,YJR120W,0,-5.6346297,0.11463609337806702,0.8600000143051147,0.6642000079154968
YJL184W,YNL293W,0,-5.635106,0.11462081968784332,0.8600000143051147,0.6643000245094299
YBR186W,YLR260W,0,-5.6351085,0.11460554599761963,0.8600000143051147,0.6643999814987183
YPR104C,YFL034C-B,0,-5.6353207,0.11459027230739594,0.8600000143051147,0.6644999980926514
YGR171C,YNL250W,0,-5.6356688,0.11457500606775284,0.8600000143051147,0.6646000146865845
YPL060W,YDR388W,0,-5.6357536,0.11455974727869034,0.8600000143051147,0.6646999716758728
YNR032W,YIL008W,0,-5.6358304,0.11454448848962784,0.8600000143051147,0.6647999882698059
YFL010W-A,YDR513W,0,-5.6359158,0.11452922970056534,0.8600000143051147,0.664900004863739
YBR002C,YDR093W,0,-5.6361628,0.11451397836208344,0.8600000143051147,0.6650000214576721
YDL081C,YIL124W,0,-5.6362877,0.11449873447418213,0.8600000143051147,0.6650999784469604
YDL181W,YIL095W,0,-5.636488,0.11448349058628082,0.8600000143051147,0.6651999950408936
YDR276C,YGL018C,0,-5.6365147,0.11446825414896011,0.8600000143051147,0.6653000116348267
YLR097C,YOR294W,0,-5.6368885,0.1144530177116394,0.8600000143051147,0.6654000282287598
YPL040C,YMR246W,0,-5.637037,0.11443778872489929,0.8600000143051147,0.6654999852180481
YGR177C,YDR358W,0,-5.637293,0.11442256718873978,0.8600000143051147,0.6656000018119812
YLR398C,YDL160C,1,-5.637433,0.11454037576913834,0.8610000014305115,0.6656000018119812
YOL128C,YBR168W,0,-5.6376038,0.11452513933181763,0.8610000014305115,0.6657000184059143
YLL018C-A,YKL160W,0,-5.6378016,0.11450991034507751,0.8610000014305115,0.6657999753952026
YLL040C,YOR373W,0,-5.637854,0.1144946813583374,0.8610000014305115,0.6658999919891357
YDL229W,YPR171W,0,-5.637969,0.11447945982217789,0.8610000014305115,0.6660000085830688
YML127W,YKL119C,0,-5.6379967,0.11446423828601837,0.8610000014305115,0.666100025177002
YKL017C,YBL058W,0,-5.6382093,0.11444902420043945,0.8610000014305115,0.6661999821662903
YGL195W,YOR174W,0,-5.638377,0.11443381011486053,0.8610000014305115,0.6662999987602234
YHR172W,YJR135C,0,-5.6385894,0.11441860347986221,0.8610000014305115,0.6664000153541565
YNL202W,YCR033W,0,-5.6386986,0.11440340429544449,0.8610000014305115,0.6664999723434448
YMR236W,YBR298C,0,-5.639028,0.11438820511102676,0.8610000014305115,0.6665999889373779
YEL050C,YJR135W-A,0,-5.6392536,0.11437300592660904,0.8610000014305115,0.666700005531311
YMR075W,YFL026W,0,-5.639518,0.11435781419277191,0.8610000014305115,0.6668000221252441
YHL024W,YGL025C,0,-5.6395483,0.11434262990951538,0.8610000014305115,0.6668999791145325
YPL106C,YEL031W,0,-5.6395745,0.11432744562625885,0.8610000014305115,0.6669999957084656
YBL045C,YOL145C,0,-5.639861,0.11431226879358292,0.8610000014305115,0.6671000123023987
YKR067W,YNR032C-A,0,-5.6399703,0.11429709196090698,0.8610000014305115,0.6672000288963318
YJL030W,YDR108W,0,-5.639999,0.11428192257881165,0.8610000014305115,0.6672999858856201
YLL018C-A,YGL086W,0,-5.64012,0.11426675319671631,0.8610000014305115,0.6674000024795532
YER112W,YLR398C,1,-5.6404305,0.11438428610563278,0.8619999885559082,0.6674000024795532
YLR353W,YPL018W,0,-5.640535,0.11436910927295685,0.8619999885559082,0.6675000190734863
YOL010W,YOL008W,0,-5.6405396,0.11435393989086151,0.8619999885559082,0.6675999760627747
YLR022C,YPL152W,0,-5.6407714,0.11433877050876617,0.8619999885559082,0.6676999926567078
YGR296W,YDR323C,0,-5.6407933,0.11432360857725143,0.8619999885559082,0.6678000092506409
YFR013W,YIL142W,0,-5.640906,0.1143084466457367,0.8619999885559082,0.667900025844574
YDR156W,YPL015C,0,-5.6409464,0.11429329216480255,0.8619999885559082,0.6679999828338623
YBR097W,YOR172W,0,-5.64106,0.11427813768386841,0.8619999885559082,0.6680999994277954
YBR154C,YJR073C,0,-5.641078,0.11426299065351486,0.8619999885559082,0.6682000160217285
YER027C,YOL008W,0,-5.64132,0.11424784362316132,0.8619999885559082,0.6682999730110168
YDR076W,YDR518W,0,-5.64144,0.11423270404338837,0.8619999885559082,0.66839998960495
YLR002C,YGR086C,0,-5.6425586,0.11421757191419601,0.8619999885559082,0.6685000061988831
YPL036W,YLR222C,0,-5.6427,0.11420243978500366,0.8619999885559082,0.6686000227928162
YMR246W,YKL062W,0,-5.6428156,0.11418730765581131,0.8619999885559082,0.6686999797821045
YDR177W,YDL028C,0,-5.6437154,0.11417218297719955,0.8619999885559082,0.6687999963760376
YIL037C,YOR213C,0,-5.644007,0.1141570657491684,0.8619999885559082,0.6689000129699707
YER104W,YDR320C-A,0,-5.6446314,0.11414194852113724,0.8619999885559082,0.6690000295639038
YLR360W,YKL143W,0,-5.644685,0.11412683874368668,0.8619999885559082,0.6690999865531921
YDR362C,YGL025C,0,-5.6447177,0.11411172896623611,0.8619999885559082,0.6692000031471252
YGL244W,YBL005W,0,-5.6448298,0.11409662663936615,0.8619999885559082,0.6693000197410583
YLR386W,YMR088C,0,-5.645002,0.11408152431249619,0.8619999885559082,0.6693999767303467
YLR015W,YER075C,0,-5.6450286,0.11406642943620682,0.8619999885559082,0.6694999933242798
YMR087W,YNR031C,0,-5.6450634,0.11405133455991745,0.8619999885559082,0.6696000099182129
YML058W,YNL309W,0,-5.645516,0.11403624713420868,0.8619999885559082,0.669700026512146
YDL142C,YOR089C,0,-5.6457047,0.1140211671590805,0.8619999885559082,0.6697999835014343
YCL063W,YJL116C,0,-5.64586,0.11400608718395233,0.8619999885559082,0.6699000000953674
YLR226W,YJR028W,0,-5.646123,0.11399100720882416,0.8619999885559082,0.6700000166893005
YPL135W,YKL015W,0,-5.6462474,0.11397593468427658,0.8619999885559082,0.6700999736785889
YNL339C,YDR162C,0,-5.6463,0.1139608696103096,0.8619999885559082,0.670199990272522
YGL222C,YOL139C,1,-5.646603,0.11407799273729324,0.8629999756813049,0.670199990272522
YLR182W,YOR057W,0,-5.6466484,0.11406291276216507,0.8629999756813049,0.6703000068664551
YGR116W,YGR180C,0,-5.6467533,0.11404784023761749,0.8629999756813049,0.6704000234603882
YAR014C,YIL017W,0,-5.6469812,0.11403276771306992,0.8629999756813049,0.6704999804496765
YDR516C,YPL138C,0,-5.647043,0.11401770263910294,0.8629999756813049,0.6705999970436096
YJR091C,YOL149W,1,-5.647175,0.11413474380970001,0.8640000224113464,0.6705999970436096
YLR433C,YNL054W,0,-5.6474075,0.11411966383457184,0.8640000224113464,0.6707000136375427
YBR086C,YGR030C,0,-5.647824,0.11410459876060486,0.8640000224113464,0.670799970626831
YLR398C,YKL149C,1,-5.647917,0.11422158032655716,0.8650000095367432,0.670799970626831
YMR137C,YBR228W,0,-5.648835,0.11420649290084839,0.8650000095367432,0.6708999872207642
YLR166C,YMR263W,0,-5.649523,0.11419142037630081,0.8650000095367432,0.6710000038146973
YBR026C,YBL023C,0,-5.6495647,0.11417634785175323,0.8650000095367432,0.6711000204086304
YJL203W,YLR183C,0,-5.649713,0.11416127532720566,0.8650000095367432,0.6711999773979187
YER095W,YDR030C,0,-5.649726,0.11414621025323868,0.8650000095367432,0.6712999939918518
YLR330W,YFR021W,0,-5.650017,0.1141311526298523,0.8650000095367432,0.6714000105857849
YDL153C,YDR151C,0,-5.6500998,0.11411609500646591,0.8650000095367432,0.671500027179718
YML074C,YDR142C,0,-5.6502304,0.11410104483366013,0.8650000095367432,0.6715999841690063
YDL128W,YGR279C,0,-5.6503634,0.11408599466085434,0.8650000095367432,0.6717000007629395
YPL095C,YDL227C,0,-5.6504555,0.11407094448804855,0.8650000095367432,0.6718000173568726
YDR081C,YDR495C,0,-5.6507406,0.11405590921640396,0.8650000095367432,0.6718999743461609
YDR202C,YBR223C,0,-5.6508074,0.11404086649417877,0.8650000095367432,0.671999990940094
YBR223C,YIL066C,0,-5.6513205,0.11402583867311478,0.8650000095367432,0.6721000075340271
YJR019C,YML058W-A,0,-5.65142,0.11401081085205078,0.8650000095367432,0.6722000241279602
YLR298C,YMR101C,0,-5.65152,0.11399578303098679,0.8650000095367432,0.6722999811172485
YDR285W,YCR037C,0,-5.651628,0.11398076266050339,0.8650000095367432,0.6723999977111816
YOL125W,YPR124W,0,-5.652024,0.11396574229001999,0.8650000095367432,0.6725000143051147
YMR060C,YLR085C,0,-5.6522255,0.11395072937011719,0.8650000095367432,0.6725999712944031
YOR074C,YJL020C,0,-5.652435,0.11393572390079498,0.8650000095367432,0.6726999878883362
YOL027C,YAL056W,0,-5.653101,0.11392071843147278,0.8650000095367432,0.6728000044822693
YJR019C,YOL135C,0,-5.6531324,0.11390571296215057,0.8650000095367432,0.6729000210762024
YDR480W,YGL183C,0,-5.6531687,0.11389071494340897,0.8650000095367432,0.6729999780654907
YGR085C,YHR027C,0,-5.6534023,0.11387572437524796,0.8650000095367432,0.6730999946594238
YFL029C,YHL025W,0,-5.6537466,0.11386073380708694,0.8650000095367432,0.6732000112533569
YKL011C,YML013W,0,-5.6539674,0.11384575068950653,0.8650000095367432,0.67330002784729
YKL086W,YKL021C,0,-5.6539826,0.11383076757192612,0.8650000095367432,0.6733999848365784
YOR142W,YMR044W,0,-5.654067,0.1138157919049263,0.8650000095367432,0.6735000014305115
YOL115W,YOR173W,1,-5.654382,0.11393237859010696,0.8659999966621399,0.6735000014305115
YPL033C,YDR243C,0,-5.654422,0.11391738802194595,0.8659999966621399,0.6736000180244446
YJR043C,YGR097W,0,-5.6545815,0.11390240490436554,0.8659999966621399,0.6736999750137329
YDR434W,YOR002W,0,-5.6548524,0.11388742923736572,0.8659999966621399,0.673799991607666
YPR183W,YMR238W,0,-5.655189,0.1138724535703659,0.8659999966621399,0.6739000082015991
YMR197C,YNR010W,0,-5.655229,0.11385747790336609,0.8659999966621399,0.6740000247955322
YBR274W,YER040W,0,-5.6553464,0.11384251713752747,0.8659999966621399,0.6740999817848206
YGR132C,YIL105C,0,-5.6554165,0.11382754892110825,0.8659999966621399,0.6741999983787537
YOR274W,YMR198W,0,-5.6558356,0.11381258815526962,0.8659999966621399,0.6743000149726868
YLR081W,YBL071W-A,0,-5.6560097,0.1137976348400116,0.8659999966621399,0.6743999719619751
YKR019C,YBR061C,0,-5.6563187,0.11378268152475357,0.8659999966621399,0.6744999885559082
YDL165W,YDL160C,1,-5.656581,0.1138991042971611,0.8669999837875366,0.6744999885559082
YMR033W,YLR362W,0,-5.6571875,0.11388414353132248,0.8669999837875366,0.6746000051498413
YKL190W,YGR133W,0,-5.657862,0.11386919021606445,0.8669999837875366,0.6747000217437744
YMR087W,YBR298C,0,-5.658016,0.11385423690080643,0.8669999837875366,0.6747999787330627
YDR130C,YPL227C,0,-5.6582394,0.1138392835855484,0.8669999837875366,0.6748999953269958
YPL055C,YOL004W,0,-5.65838,0.11382433772087097,0.8669999837875366,0.675000011920929
YGR047C,YDR113C,0,-5.658472,0.11380939930677414,0.8669999837875366,0.6751000285148621
YMR047C,YJR150C,0,-5.658527,0.11379446089267731,0.8669999837875366,0.6751999855041504
YAL021C,YGL213C,1,-5.658744,0.11391076445579529,0.8679999709129333,0.6751999855041504
YDR440W,YGR209C,0,-5.6590586,0.11389581114053726,0.8679999709129333,0.6753000020980835
YJL034W,YMR231W,0,-5.6593933,0.11388087272644043,0.8679999709129333,0.6754000186920166
YPL117C,YKR007W,0,-5.659463,0.1138659343123436,0.8679999709129333,0.6754999756813049
YCL067C,YDR190C,0,-5.659597,0.11385099589824677,0.8679999709129333,0.675599992275238
YLR220W,YBR091C,0,-5.6596117,0.11383606493473053,0.8679999709129333,0.6757000088691711
YDR480W,YBR215W,0,-5.6603594,0.11382114142179489,0.8679999709129333,0.6758000254631042
YDR092W,YJL004C,0,-5.661108,0.11380621790885925,0.8679999709129333,0.6758999824523926
YDL120W,YPR025C,0,-5.6611085,0.11379129439592361,0.8679999709129333,0.6759999990463257
YLL013C,YGL213C,1,-5.662218,0.11390745639801025,0.8690000176429749,0.6759999990463257
YBR298C,YOR206W,0,-5.66243,0.11389253288507462,0.8690000176429749,0.6761000156402588
YPR134W,YGR142W,0,-5.6625357,0.11387760192155838,0.8690000176429749,0.6761999726295471
YBR211C,YBR294W,0,-5.66268,0.11386268585920334,0.8690000176429749,0.6762999892234802
YMR186W,YHR070W,0,-5.662718,0.1138477697968483,0.8690000176429749,0.6764000058174133
YFL050C,YJR153W,0,-5.6627827,0.11383285373449326,0.8690000176429749,0.6765000224113464
YBL090W,YDR363W-A,0,-5.6629343,0.11381794512271881,0.8690000176429749,0.6765999794006348
YDL209C,YGR088W,0,-5.6635065,0.11380303651094437,0.8690000176429749,0.6766999959945679
YHR092C,YFR021W,0,-5.6641154,0.11378813534975052,0.8690000176429749,0.676800012588501
YGR116W,YJR135C,0,-5.664212,0.11377324163913727,0.8690000176429749,0.6769000291824341
YML127W,YOL044W,0,-5.664281,0.11375834792852402,0.8690000176429749,0.6769999861717224
YOR081C,YNL169C,0,-5.6643853,0.11374345421791077,0.8690000176429749,0.6771000027656555
YLR295C,YDR046C,0,-5.664431,0.11372856795787811,0.8690000176429749,0.6772000193595886
YLR023C,YOR344C,0,-5.6644344,0.11371368914842606,0.8690000176429749,0.677299976348877
YDL128W,YFL039C,0,-5.6650305,0.113698810338974,0.8690000176429749,0.6773999929428101
YFL036W,YDL174C,0,-5.6655397,0.11368393152952194,0.8690000176429749,0.6775000095367432
YNL227C,YNL219C,0,-5.6658273,0.11366906762123108,0.8690000176429749,0.6776000261306763
YDR362C,YPL237W,0,-5.6660833,0.11365419626235962,0.8690000176429749,0.6776999831199646
YJR022W,YKL089W,0,-5.667041,0.11363933235406876,0.8690000176429749,0.6777999997138977
YHR090C,YOR351C,0,-5.6670904,0.11362447589635849,0.8690000176429749,0.6779000163078308
YMR076C,YOL077C,0,-5.6672406,0.11360961943864822,0.8690000176429749,0.6779999732971191
YJR120W,YDR195W,0,-5.6672573,0.11359477043151855,0.8690000176429749,0.6780999898910522
YDL160C,YPL029W,1,-5.6675487,0.11371062695980072,0.8700000047683716,0.6780999898910522
YIL009W,YFR033C,0,-5.667551,0.11369576305150986,0.8700000047683716,0.6782000064849854
YPL078C,YHR041C,0,-5.668392,0.11368090659379959,0.8700000047683716,0.6783000230789185
YML031W,YKL015W,0,-5.6684866,0.11366605758666992,0.8700000047683716,0.6783999800682068
YDR205W,YDR259C,0,-5.6685543,0.11365120857954025,0.8700000047683716,0.6784999966621399
YJR013W,YLR381W,0,-5.668886,0.11363636702299118,0.8700000047683716,0.678600013256073
YLR330W,YNL259C,0,-5.6689553,0.11362152546644211,0.8700000047683716,0.6786999702453613
YER179W,YHR108W,0,-5.669389,0.11360668390989304,0.8700000047683716,0.6787999868392944
YBL013W,YMR164C,0,-5.6698484,0.11359184980392456,0.8700000047683716,0.6789000034332275
YKL201C,YKL089W,0,-5.669954,0.11357702314853668,0.8700000047683716,0.6790000200271606
YDR303C,YBL102W,0,-5.6701837,0.1135621964931488,0.8700000047683716,0.679099977016449
YKL113C,YPR107C,0,-5.6705217,0.11354737728834152,0.8700000047683716,0.6791999936103821
YER075C,YPR119W,0,-5.6711006,0.11353255808353424,0.8700000047683716,0.6793000102043152
YGR092W,YDR298C,0,-5.671311,0.11351774632930756,0.8700000047683716,0.6794000267982483
YGL094C,YDR227W,0,-5.671835,0.11350293457508087,0.8700000047683716,0.6794999837875366
YNL016W,YJR091C,1,-5.67202,0.11361857503652573,0.8709999918937683,0.6794999837875366
YEL030W,YDR247W,0,-5.67212,0.11360375583171844,0.8709999918937683,0.6796000003814697
YMR069W,YJL127C,0,-5.672161,0.11358894407749176,0.8709999918937683,0.6797000169754028
YDR162C,YMR167W,0,-5.672255,0.11357413232326508,0.8709999918937683,0.6797999739646912
YER030W,YDL093W,0,-5.6726837,0.11355932056903839,0.8709999918937683,0.6798999905586243
YHL040C,YMR167W,0,-5.672954,0.1135445162653923,0.8709999918937683,0.6800000071525574
YPL209C,YLR086W,0,-5.6731844,0.11352971941232681,0.8709999918937683,0.6801000237464905
YGL073W,YDL008W,0,-5.6733856,0.11351492255926132,0.8709999918937683,0.6801999807357788
YOR207C,YJR033C,0,-5.6734223,0.11350013315677643,0.8709999918937683,0.6802999973297119
YLR288C,YBR132C,0,-5.6740894,0.11348534375429153,0.8709999918937683,0.680400013923645
YKL108W,YNL101W,0,-5.6746426,0.11347055435180664,0.8709999918937683,0.6804999709129333
YJL129C,YJL058C,0,-5.674826,0.11345577985048294,0.8709999918937683,0.6805999875068665
YCR024C-A,YJL186W,0,-5.6748915,0.11344099789857864,0.8709999918937683,0.6807000041007996
YKL208W,YAL058W,0,-5.674903,0.11342623084783554,0.8709999918937683,0.6808000206947327
YGR078C,YHL024W,0,-5.6749244,0.11341145634651184,0.8709999918937683,0.680899977684021
YKL220C,YJL110C,0,-5.675079,0.11339669674634933,0.8709999918937683,0.6809999942779541
YBR243C,YPL265W,0,-5.676056,0.11338192969560623,0.8709999918937683,0.6811000108718872
YIL160C,YPL018W,0,-5.6763296,0.11336717754602432,0.8709999918937683,0.6812000274658203
YML075C,YKL015W,0,-5.676384,0.11335241794586182,0.8709999918937683,0.6812999844551086
YBR186W,YIR008C,0,-5.6763954,0.1133376732468605,0.8709999918937683,0.6814000010490417
YAL021C,YKL149C,1,-5.677024,0.11345303058624268,0.871999979019165,0.6814000010490417
YDR180W,YGL018C,0,-5.677146,0.11343827098608017,0.871999979019165,0.6815000176429749
YML081C-A,YBL099W,0,-5.677183,0.11342351883649826,0.871999979019165,0.6815999746322632
YKL041W,YHR133C,0,-5.67726,0.11340876668691635,0.871999979019165,0.6816999912261963
YOL095C,YIL070C,0,-5.6773825,0.11339401453733444,0.871999979019165,0.6818000078201294
YKL045W,YGR275W,0,-5.677514,0.11337927728891373,0.871999979019165,0.6819000244140625
YMR026C,YBL057C,0,-5.6778746,0.11336453258991241,0.871999979019165,0.6819999814033508
YJL045W,YOR080W,0,-5.6780963,0.1133497953414917,0.871999979019165,0.6820999979972839
YGL020C,YJL127C,0,-5.678319,0.11333506554365158,0.871999979019165,0.682200014591217
YFR003C,YDR245W,0,-5.678912,0.11332033574581146,0.871999979019165,0.6822999715805054
YDR092W,YLR088W,0,-5.6791058,0.11330561339855194,0.871999979019165,0.6823999881744385
YGL253W,YEL066W,0,-5.679261,0.11329089105129242,0.871999979019165,0.6825000047683716
YOR361C,YJR065C,0,-5.67969,0.1132761761546135,0.871999979019165,0.6826000213623047
YKL165C,YBR293W,0,-5.679758,0.11326146125793457,0.871999979019165,0.682699978351593
YJL127C,YKL114C,0,-5.6801934,0.11324675381183624,0.871999979019165,0.6827999949455261
YDL081C,YOR191W,0,-5.6802387,0.11323204636573792,0.871999979019165,0.6829000115394592
YGL210W,YLR329W,0,-5.68028,0.11321734637022018,0.871999979019165,0.6830000281333923
YPR189W,YKL149C,1,-5.6803336,0.11333246529102325,0.8730000257492065,0.6830000281333923
YDR481C,YIL153W,0,-5.6804075,0.11331775784492493,0.8730000257492065,0.6830999851226807
YCL051W,YDR188W,0,-5.680421,0.1133030503988266,0.8730000257492065,0.6832000017166138
YJL098W,YMR055C,0,-5.680469,0.11328835040330887,0.8730000257492065,0.6833000183105469
YDR028C,YIL063C,0,-5.6805053,0.11327365040779114,0.8730000257492065,0.6833999752998352
YMR078C,YGL150C,0,-5.680657,0.11325895041227341,0.8730000257492065,0.6834999918937683
YML052W,YGR070W,0,-5.6807528,0.11324425786733627,0.8730000257492065,0.6836000084877014
YKR059W,YPR065W,0,-5.681115,0.11322957277297974,0.8730000257492065,0.6837000250816345
YJL073W,YOR035C,0,-5.68126,0.1132148876786232,0.8730000257492065,0.6837999820709229
YLR190W,YGL201C,0,-5.6816955,0.11320021003484726,0.8730000257492065,0.683899998664856
YOL112W,YCR088W,0,-5.681856,0.11318553239107132,0.8730000257492065,0.6840000152587891
YCR084C,YDR251W,0,-5.681952,0.11317085474729538,0.8730000257492065,0.6840999722480774
YLR212C,YKR029C,0,-5.6826057,0.11315619200468063,0.8730000257492065,0.6841999888420105
YPL082C,YKR001C,0,-5.6826744,0.11314152181148529,0.8730000257492065,0.6843000054359436
YGL150C,YDR301W,0,-5.682677,0.11312685906887054,0.8730000257492065,0.6844000220298767
YMR016C,YOL113W,0,-5.6831193,0.1131122037768364,0.8730000257492065,0.684499979019165
YPL179W,YER029C,0,-5.683269,0.11309754848480225,0.8730000257492065,0.6845999956130981
YLR332W,YKL120W,0,-5.6834106,0.1130829006433487,0.8730000257492065,0.6847000122070312
YLR316C,YKL150W,0,-5.6836653,0.11306825280189514,0.8730000257492065,0.6848000288009644
YOR257W,YNL244C,0,-5.6839542,0.11305361241102219,0.8730000257492065,0.6848999857902527
YPL234C,YGL105W,0,-5.6840773,0.11303897202014923,0.8730000257492065,0.6850000023841858
YML130C,YFR008W,0,-5.6842237,0.11302433907985687,0.8730000257492065,0.6851000189781189
YMR319C,YER145C,0,-5.684276,0.11300970613956451,0.8730000257492065,0.6851999759674072
YOL127W,YFR036W,0,-5.6843834,0.11299508064985275,0.8730000257492065,0.6852999925613403
YOL117W,YIL160C,0,-5.685566,0.11298045516014099,0.8730000257492065,0.6854000091552734
YGL038C,YNL064C,0,-5.685647,0.11296583712100983,0.8730000257492065,0.6855000257492065
YKR072C,YLR372W,0,-5.6862035,0.11295121908187866,0.8730000257492065,0.6855999827384949
YML099C,YNL148C,0,-5.686327,0.1129366084933281,0.8730000257492065,0.685699999332428
YER007W,YHR056C,0,-5.686544,0.11292200535535812,0.8730000257492065,0.6858000159263611
YOL105C,YLR165C,0,-5.686779,0.11290739476680756,0.8730000257492065,0.6858999729156494
YHR111W,YGR086C,0,-5.687397,0.11289279907941818,0.8730000257492065,0.6859999895095825
YJR091C,YCR035C,1,-5.6874347,0.11300750076770782,0.8740000128746033,0.6859999895095825
YGR029W,YDR171W,0,-5.687504,0.11299289017915726,0.8740000128746033,0.6861000061035156
YBR097W,YIL150C,0,-5.6880207,0.11297828704118729,0.8740000128746033,0.6862000226974487
YML058W,YCR034W,0,-5.688055,0.11296368390321732,0.8740000128746033,0.6862999796867371
YGR098C,YCR044C,0,-5.68806,0.11294908076524734,0.8740000128746033,0.6863999962806702
YJL176C,YBR109C,0,-5.6883907,0.11293448507785797,0.8740000128746033,0.6865000128746033
YLR034C,YPL155C,0,-5.6884265,0.1129198968410492,0.8740000128746033,0.6866000294685364
YPL200W,YOR117W,0,-5.6884975,0.11290530860424042,0.8740000128746033,0.6866999864578247
YDR221W,YKL016C,0,-5.68851,0.11289072781801224,0.8740000128746033,0.6868000030517578
YKR031C,YJR069C,0,-5.688762,0.11287614703178406,0.8740000128746033,0.6869000196456909
YLR363C,YJR091C,1,-5.688821,0.11299069970846176,0.875,0.6869000196456909
YJR083C,YAL053W,0,-5.689497,0.11297611147165298,0.875,0.6869999766349792
YKL014C,YKL016C,0,-5.689547,0.1129615306854248,0.875,0.6870999932289124
YLR293C,YML081C-A,0,-5.69011,0.11294694989919662,0.875,0.6872000098228455
YKR036C,YKR048C,0,-5.6903725,0.11293236911296844,0.875,0.6873000264167786
YNL202W,YPL235W,0,-5.690373,0.11291779577732086,0.875,0.6873999834060669
YML010W,YGR144W,0,-5.690423,0.11290322244167328,0.875,0.6875
YPL147W,YJR160C,0,-5.690428,0.11288865655660629,0.875,0.6876000165939331
YNL245C,YOL049W,0,-5.690757,0.1128740981221199,0.875,0.6876999735832214
YOR237W,YKL088W,0,-5.691401,0.11285953968763351,0.875,0.6877999901771545
YPR072W,YDR378C,1,-5.6914034,0.11297395080327988,0.8759999871253967,0.6877999901771545
YHR007C,YGL025C,0,-5.6914396,0.1129593774676323,0.8759999871253967,0.6879000067710876
YKR062W,YNR002C,0,-5.6914997,0.1129448190331459,0.8759999871253967,0.6880000233650208
YCL016C,YGL183C,0,-5.691502,0.11293025314807892,0.8759999871253967,0.6880999803543091
YJL203W,YDL065C,0,-5.692085,0.11291570216417313,0.8759999871253967,0.6881999969482422
YLR451W,YNL029C,0,-5.69273,0.11290114372968674,0.8759999871253967,0.6883000135421753
YLR102C,YGR285C,0,-5.69283,0.11288660019636154,0.8759999871253967,0.6883999705314636
YKR054C,YMR190C,0,-5.69289,0.11287204921245575,0.8759999871253967,0.6884999871253967
YML128C,YDR151C,0,-5.693138,0.11285751312971115,0.8759999871253967,0.6886000037193298
YMR008C,YKR022C,0,-5.693153,0.11284296959638596,0.8759999871253967,0.6887000203132629
YIL084C,YPL059W,0,-5.693256,0.11282844096422195,0.8759999871253967,0.6887999773025513
YCL063W,YJR019C,0,-5.693415,0.11281390488147736,0.8759999871253967,0.6888999938964844
YAL043C,YKL139W,0,-5.6934576,0.11279938369989395,0.8759999871253967,0.6890000104904175
YML031W,YNR002C,0,-5.693761,0.11278486251831055,0.8759999871253967,0.6891000270843506
YGR101W,YJR059W,0,-5.6938467,0.11277034133672714,0.8759999871253967,0.6891999840736389
YLR228C,YBL006C,0,-5.6940384,0.11275582760572433,0.8759999871253967,0.689300000667572
YGL240W,YGL022W,0,-5.6941404,0.11274131387472153,0.8759999871253967,0.6894000172615051
YEL003W,YGL126W,0,-5.6945786,0.11272680759429932,0.8759999871253967,0.6894999742507935
YOR335C,YPR141C,0,-5.694645,0.1127123013138771,0.8759999871253967,0.6895999908447266
YPL228W,YLR154C,0,-5.6948752,0.11269780248403549,0.8759999871253967,0.6897000074386597
YDR377W,YMR037C,0,-5.6954765,0.11268330365419388,0.8759999871253967,0.6898000240325928
YHR190W,YBL105C,0,-5.695528,0.11266881227493286,0.8759999871253967,0.6898999810218811
YHR161C,YER007W,0,-5.6957893,0.11265432089567184,0.8759999871253967,0.6899999976158142
YFL016C,YPR187W,0,-5.6958437,0.11263983696699142,0.8759999871253967,0.6901000142097473
YOR048C,YDR040C,0,-5.695945,0.112625353038311,0.8759999871253967,0.6901999711990356
YGR161C,YAL003W,0,-5.6961284,0.11261087656021118,0.8759999871253967,0.6902999877929688
YJR006W,YPL026C,0,-5.696909,0.11259640008211136,0.8759999871253967,0.6904000043869019
YBL013W,YIL126W,0,-5.6969495,0.11258193105459213,0.8759999871253967,0.690500020980835
YJL054W,YOR103C,0,-5.6979284,0.1125674620270729,0.8759999871253967,0.6905999779701233
YPR138C,YNL061W,0,-5.69847,0.11255300045013428,0.8759999871253967,0.6906999945640564
YDR173C,YOL094C,0,-5.69866,0.11253853887319565,0.8759999871253967,0.6908000111579895
YGR167W,YOL020W,0,-5.698665,0.11252408474683762,0.8759999871253967,0.6909000277519226
YFR027W,YLR399C,0,-5.6987834,0.11250963062047958,0.8759999871253967,0.6909999847412109
YPR009W,YGL254W,0,-5.69897,0.11249518394470215,0.8759999871253967,0.691100001335144
YNL325C,YJR112W,0,-5.6990395,0.11248073726892471,0.8759999871253967,0.6912000179290771
YML104C,YDR092W,0,-5.6991096,0.11246629804372787,0.8759999871253967,0.6912999749183655
YNL210W,YIL051C,0,-5.6997023,0.11245185881853104,0.8759999871253967,0.6913999915122986
YMR104C,YPR125W,0,-5.700077,0.1124374270439148,0.8759999871253967,0.6915000081062317
YOR231W,YHR106W,0,-5.700131,0.11242299526929855,0.8759999871253967,0.6916000247001648
YER164W,YKL213C,0,-5.7002635,0.11240857094526291,0.8759999871253967,0.6916999816894531
YOL072W,YKR060W,0,-5.700333,0.11239414662122726,0.8759999871253967,0.6917999982833862
YFR031C,YDR247W,0,-5.7004886,0.11237972974777222,0.8759999871253967,0.6919000148773193
YNL145W,YDR180W,0,-5.7005982,0.11236531287431717,0.8759999871253967,0.6919999718666077
YPR036W,YOR174W,0,-5.7008095,0.11235090345144272,0.8759999871253967,0.6920999884605408
YDR323C,YNL216W,0,-5.700938,0.11233649402856827,0.8759999871253967,0.6922000050544739
YMR133W,YLR047C,0,-5.7014346,0.11232209205627441,0.8759999871253967,0.692300021648407
YPL203W,YMR231W,0,-5.702386,0.11230769008398056,0.8759999871253967,0.6923999786376953
YER133W,YGL094C,0,-5.7024593,0.1122932955622673,0.8759999871253967,0.6924999952316284
YGR244C,YDR176W,0,-5.7030582,0.11227890104055405,0.8759999871253967,0.6926000118255615
YLL050C,YOR187W,0,-5.703363,0.11226451396942139,0.8759999871253967,0.6927000284194946
YPL181W,YMR065W,0,-5.703648,0.11225012689828873,0.8759999871253967,0.692799985408783
YJR045C,YML132W,0,-5.703992,0.11223574727773666,0.8759999871253967,0.6929000020027161
YKR046C,YLL061W,0,-5.7041817,0.1122213676571846,0.8759999871253967,0.6930000185966492
YPL234C,YJL072C,0,-5.7051272,0.11220699548721313,0.8759999871253967,0.6930999755859375
YPL110C,YOR351C,0,-5.7052116,0.11219262331724167,0.8759999871253967,0.6931999921798706
YKL145W,YML124C,0,-5.7052774,0.1121782585978508,0.8759999871253967,0.6933000087738037
YGR085C,YFR004W,0,-5.705364,0.11216389387845993,0.8759999871253967,0.6934000253677368
YOR076C,YLR398C,1,-5.7057967,0.1122775599360466,0.8769999742507935,0.6934000253677368
YLL002W,YDL078C,0,-5.7063866,0.11226318776607513,0.8769999742507935,0.6934999823570251
YMR056C,YPL118W,0,-5.706467,0.11224881559610367,0.8769999742507935,0.6935999989509583
YNL138W,YIL131C,0,-5.7067018,0.1122344508767128,0.8769999742507935,0.6937000155448914
YPL101W,YMR214W,0,-5.707076,0.11222008615732193,0.8769999742507935,0.6937999725341797
YGL236C,YMR088C,0,-5.708579,0.11220572888851166,0.8769999742507935,0.6938999891281128
YJR135W-A,YKL213C,0,-5.7088203,0.11219137907028198,0.8769999742507935,0.6940000057220459
YOL102C,YDR425W,0,-5.709081,0.11217702925205231,0.8769999742507935,0.694100022315979
YPL118W,YDR148C,0,-5.70916,0.11216267943382263,0.8769999742507935,0.6941999793052673
YFL037W,YML025C,0,-5.7091823,0.11214833706617355,0.8769999742507935,0.6942999958992004
YGR005C,YBR070C,0,-5.7094297,0.11213399469852448,0.8769999742507935,0.6944000124931335
YOR162C,YDR225W,0,-5.710601,0.112119659781456,0.8769999742507935,0.6945000290870667
YJL140W,YAL021C,1,-5.710812,0.11223316192626953,0.878000020980835,0.6945000290870667
YBR183W,YNL292W,0,-5.7108784,0.11221881210803986,0.878000020980835,0.694599986076355
YJL140W,YDL160C,1,-5.7109423,0.11233226954936981,0.8790000081062317,0.694599986076355
YIL014W,YOR226C,0,-5.7117443,0.11231791228055954,0.8790000081062317,0.6947000026702881
YOL078W,YCL044C,0,-5.71227,0.11230356246232986,0.8790000081062317,0.6948000192642212
YLR035C,YHR039C,0,-5.7123513,0.11228922009468079,0.8790000081062317,0.6948999762535095
YNL116W,YGL169W,0,-5.7124023,0.11227487772703171,0.8790000081062317,0.6949999928474426
YOR025W,YNL227C,0,-5.7127585,0.11226053535938263,0.8790000081062317,0.6951000094413757
YKL145W,YCL044C,0,-5.7128067,0.11224620044231415,0.8790000081062317,0.6952000260353088
YNL272C,YPL018W,0,-5.713485,0.11223187297582626,0.8790000081062317,0.6952999830245972
YHR172W,YLR238W,0,-5.713596,0.11221753805875778,0.8790000081062317,0.6953999996185303
YBL022C,YJL093C,0,-5.7138686,0.1122032180428505,0.8790000081062317,0.6955000162124634
YDL033C,YOR373W,0,-5.713938,0.1121888980269432,0.8790000081062317,0.6955999732017517
YBR193C,YJL102W,0,-5.714123,0.11217457801103592,0.8790000081062317,0.6956999897956848
YBR004C,YDR460W,0,-5.7143526,0.11216026544570923,0.8790000081062317,0.6958000063896179
YMR156C,YNL031C,0,-5.7150187,0.11214595288038254,0.8790000081062317,0.695900022983551
YBR237W,YDR376W,0,-5.715438,0.11213164776563644,0.8790000081062317,0.6959999799728394
YHL036W,YKL048C,0,-5.715585,0.11211735010147095,0.8790000081062317,0.6960999965667725
YDR027C,YLL040C,0,-5.715705,0.11210304498672485,0.8790000081062317,0.6962000131607056
YGL065C,YOR057W,0,-5.7168703,0.11208875477313995,0.8790000081062317,0.6963000297546387
YDL081C,YLR025W,0,-5.716877,0.11207446455955505,0.8790000081062317,0.696399986743927
YLR144C,YGR296W,0,-5.7169595,0.11206017434597015,0.8790000081062317,0.6965000033378601
YCR073W-A,YDR303C,0,-5.7169857,0.11204589158296585,0.8790000081062317,0.6966000199317932
YOL054W,YBR127C,0,-5.7170734,0.11203160881996155,0.8790000081062317,0.6966999769210815
YKL059C,YML024W,0,-5.717223,0.11201733350753784,0.8790000081062317,0.6967999935150146
YOR320C,YPR122W,0,-5.717273,0.11200305819511414,0.8790000081062317,0.6969000101089478
YGR143W,YNL236W,0,-5.7173457,0.11198879033327103,0.8790000081062317,0.6970000267028809
YDR260C,YBR041W,0,-5.717847,0.11197452247142792,0.8790000081062317,0.6970999836921692
YER148W,YPR080W,0,-5.718098,0.1119602620601654,0.8790000081062317,0.6972000002861023
YJL145W,YGR222W,0,-5.7182307,0.1119460016489029,0.8790000081062317,0.6973000168800354
YOR363C,YGR142W,0,-5.7182975,0.11193174868822098,0.8790000081062317,0.6973999738693237
YFL049W,YPL203W,0,-5.718507,0.11191749572753906,0.8790000081062317,0.6974999904632568
YCR060W,YPR070W,0,-5.719057,0.11190324276685715,0.8790000081062317,0.6976000070571899
YER013W,YJL019W,0,-5.719113,0.11188900470733643,0.8790000081062317,0.697700023651123
YMR055C,YDL245C,0,-5.7191443,0.11187475919723511,0.8790000081062317,0.6977999806404114
YDR320C-A,YCL061C,0,-5.7191963,0.11186052113771439,0.8790000081062317,0.6978999972343445
YGL038C,YHR135C,0,-5.7193027,0.11184629052877426,0.8790000081062317,0.6980000138282776
YKL041W,YDL229W,0,-5.7196374,0.11183205991983414,0.8790000081062317,0.6980999708175659
YIL061C,YDR529C,0,-5.71968,0.11181783676147461,0.8790000081062317,0.698199987411499
YJR158W,YGL018C,0,-5.719693,0.11180361360311508,0.8790000081062317,0.6983000040054321
YER133W,YLL040C,0,-5.7198434,0.11178939044475555,0.8790000081062317,0.6984000205993652
YML074C,YGL253W,0,-5.720118,0.11177517473697662,0.8790000081062317,0.6984999775886536
YJR121W,YDR457W,0,-5.7201314,0.11176096647977829,0.8790000081062317,0.6985999941825867
YDR202C,YJL166W,0,-5.7201824,0.11174675822257996,0.8790000081062317,0.6987000107765198
YDL120W,YKR009C,0,-5.7201943,0.11173255741596222,0.8790000081062317,0.6988000273704529
YLR139C,YOL049W,0,-5.7207284,0.11171834915876389,0.8790000081062317,0.6988999843597412
YPL147W,YHR039C,0,-5.7208424,0.11170415580272675,0.8790000081062317,0.6990000009536743
YNL230C,YLR005W,0,-5.7211714,0.1116899624466896,0.8790000081062317,0.6991000175476074
YOR201C,YJL196C,0,-5.7212915,0.11167576909065247,0.8790000081062317,0.6991999745368958
YHL047C,YKR048C,0,-5.721589,0.11166158318519592,0.8790000081062317,0.6992999911308289
YOR180C,YDR077W,0,-5.7218256,0.11164740473031998,0.8790000081062317,0.699400007724762
YOL095C,YPR001W,0,-5.7222123,0.11163322627544403,0.8790000081062317,0.6995000243186951
YBR026C,YNL188W,0,-5.722492,0.11161904782056808,0.8790000081062317,0.6995999813079834
YKL009W,YGR158C,1,-5.7225437,0.11173184216022491,0.8799999952316284,0.6995999813079834
YPL101W,YOR136W,0,-5.7225637,0.11171765625476837,0.8799999952316284,0.6996999979019165
YMR069W,YNR003C,0,-5.722698,0.11170347779989243,0.8799999952316284,0.6998000144958496
YOR217W,YOL004W,0,-5.7233295,0.11168929934501648,0.8799999952316284,0.6998999714851379
YGL190C,YPL065W,0,-5.723428,0.11167512834072113,0.8799999952316284,0.699999988079071
YPR165W,YBR070C,0,-5.7236633,0.11166095733642578,0.8799999952316284,0.7001000046730042
YDR096W,YKL064W,0,-5.7238016,0.11164679378271103,0.8799999952316284,0.7002000212669373
YGR101W,YOR344C,0,-5.7239285,0.11163263022899628,0.8799999952316284,0.7002999782562256
YGR217W,YGR199W,0,-5.724746,0.11161846667528152,0.8799999952316284,0.7003999948501587
YLR148W,YGR109C,0,-5.7247915,0.11160431057214737,0.8799999952316284,0.7005000114440918
YGL093W,YDL056W,0,-5.724818,0.11159016191959381,0.8799999952316284,0.7006000280380249
YMR311C,YGR275W,0,-5.725236,0.11157601326704025,0.8799999952316284,0.7006999850273132
YOR014W,YOR133W,0,-5.725379,0.1115618646144867,0.8799999952316284,0.7008000016212463
YAL013W,YKL197C,0,-5.725524,0.11154772341251373,0.8799999952316284,0.7009000182151794
YDL079C,YER166W,0,-5.7257433,0.11153358966112137,0.8799999952316284,0.7009999752044678
YGL191W,YKL052C,0,-5.7258754,0.111519455909729,0.8799999952316284,0.7010999917984009
YNL142W,YGR175C,0,-5.7258987,0.11150532215833664,0.8799999952316284,0.701200008392334
YBR058C-A,YKL086W,0,-5.7262697,0.11149119585752487,0.8799999952316284,0.7013000249862671
YBR152W,YNL278W,0,-5.726417,0.1114770695567131,0.8799999952316284,0.7013999819755554
YKL193C,YDR183W,0,-5.7270184,0.11146295070648193,0.8799999952316284,0.7014999985694885
YMR133W,YHR086W,0,-5.727199,0.11144883185625076,0.8799999952316284,0.7016000151634216
YOR237W,YCL010C,0,-5.7277617,0.11143472045660019,0.8799999952316284,0.70169997215271
YMR119W,YHR043C,0,-5.727788,0.11142061650753021,0.8799999952316284,0.7017999887466431
YIL143C,YER129W,0,-5.727823,0.11140650510787964,0.8799999952316284,0.7019000053405762
YBR088C,YER095W,0,-5.7279577,0.11139240860939026,0.8799999952316284,0.7020000219345093
YLR136C,YCR035C,1,-5.7282724,0.11150487512350082,0.8809999823570251,0.7020000219345093
YHR014W,YHR204W,0,-5.7283177,0.11149076372385025,0.8809999823570251,0.7020999789237976
YNL259C,YGL225W,0,-5.7284718,0.11147665232419968,0.8809999823570251,0.7021999955177307
YGL008C,YFL050C,0,-5.728542,0.1114625483751297,0.8809999823570251,0.7023000121116638
YPL106C,YLR394W,0,-5.728993,0.11144845187664032,0.8809999823570251,0.7024000287055969
YGR274C,YOL071W,0,-5.7289987,0.11143435537815094,0.8809999823570251,0.7024999856948853
YGR029W,YOR084W,0,-5.729729,0.11142025887966156,0.8809999823570251,0.7026000022888184
YOL105C,YBL005W,0,-5.729762,0.11140616983175278,0.8809999823570251,0.7027000188827515
YOR142W,YJR059W,0,-5.730034,0.11139208823442459,0.8809999823570251,0.7027999758720398
YKR054C,YAL053W,0,-5.7301826,0.11137799918651581,0.8809999823570251,0.7028999924659729
YMR224C,YGL183C,0,-5.7304344,0.11136392503976822,0.8809999823570251,0.703000009059906
YLR305C,YMR277W,0,-5.730467,0.11134985089302063,0.8809999823570251,0.7031000256538391
YOR373W,YIL125W,0,-5.7305326,0.11133577674627304,0.8809999823570251,0.7031999826431274
YMR033W,YNL325C,0,-5.731345,0.11132171005010605,0.8809999823570251,0.7032999992370605
YIL118W,YML059C,0,-5.7320914,0.11130764335393906,0.8809999823570251,0.7034000158309937
YIL042C,YOR011W,0,-5.732682,0.11129358410835266,0.8809999823570251,0.703499972820282
YER044C-A,YGL027C,0,-5.732958,0.11127952486276627,0.8809999823570251,0.7035999894142151
YMR175W,YOR174W,0,-5.733011,0.11126547306776047,0.8809999823570251,0.7037000060081482
YCR024C-A,YBR024W,0,-5.7333407,0.11125142127275467,0.8809999823570251,0.7038000226020813
YML123C,YPL274W,0,-5.7334986,0.11123737692832947,0.8809999823570251,0.7038999795913696
YGL045W,YMR128W,0,-5.733632,0.11122333258390427,0.8809999823570251,0.7039999961853027
YGR080W,YDL042C,0,-5.7336726,0.11120928823947906,0.8809999823570251,0.7041000127792358
YDR079W,YNL064C,0,-5.7336965,0.11119525134563446,0.8809999823570251,0.704200029373169
YGR186W,YKR028W,0,-5.733738,0.11118122190237045,0.8809999823570251,0.7042999863624573
YHR123W,YMR076C,0,-5.733885,0.11116719245910645,0.8809999823570251,0.7044000029563904
YGR144W,YBR132C,0,-5.7341623,0.11115317046642303,0.8809999823570251,0.7045000195503235
YOR381W,YBR207W,0,-5.7347746,0.11113914102315903,0.8809999823570251,0.7045999765396118
YDR457W,YER093C,0,-5.734829,0.11112512648105621,0.8809999823570251,0.7046999931335449
YCL031C,YAL034W-A,0,-5.7354,0.1111111119389534,0.8809999823570251,0.704800009727478
YKL040C,YOR120W,0,-5.7354355,0.11109709739685059,0.8809999823570251,0.7049000263214111
YGL037C,YIL009W,0,-5.735738,0.11108309030532837,0.8809999823570251,0.7049999833106995
YER165W,YDR093W,0,-5.735925,0.11106909066438675,0.8809999823570251,0.7050999999046326
YDR219C,YLR210W,0,-5.735978,0.11105508357286453,0.8809999823570251,0.7052000164985657
YPL271W,YJL148W,0,-5.7361755,0.11104109138250351,0.8809999823570251,0.705299973487854
YLR197W,YKL165C,0,-5.736354,0.11102709174156189,0.8809999823570251,0.7053999900817871
YMR008C,YDL076C,0,-5.73636,0.11101310700178146,0.8809999823570251,0.7055000066757202
YOL117W,YNL151C,0,-5.736404,0.11099911481142044,0.8809999823570251,0.7056000232696533
YOR130C,YOL145C,0,-5.736614,0.11098513752222061,0.8809999823570251,0.7056999802589417
YJR160C,YML114C,0,-5.7366896,0.11097115278244019,0.8809999823570251,0.7057999968528748
YOR085W,YER168C,0,-5.736809,0.11095717549324036,0.8809999823570251,0.7059000134468079
YPR179C,YER005W,0,-5.73685,0.11094320565462112,0.8809999823570251,0.7059999704360962
YML109W,YMR135C,0,-5.7369585,0.11092923581600189,0.8809999823570251,0.7060999870300293
YDR376W,YPL170W,0,-5.736983,0.11091527342796326,0.8809999823570251,0.7062000036239624
YPL190C,YDR243C,0,-5.7375994,0.11090131103992462,0.8809999823570251,0.7063000202178955
YML074C,YEL066W,0,-5.737608,0.11088734865188599,0.8809999823570251,0.7063999772071838
YML121W,YBR295W,0,-5.7377424,0.11087339371442795,0.8809999823570251,0.7064999938011169
YGL225W,YDR150W,0,-5.7379932,0.1108594462275505,0.8809999823570251,0.70660001039505
YGL187C,YIL150C,0,-5.738245,0.11084549874067307,0.8809999823570251,0.7067000269889832
YGL115W,YHR194W,0,-5.7386265,0.11083155125379562,0.8809999823570251,0.7067999839782715
YOL091W,YNL257C,0,-5.738832,0.11081761121749878,0.8809999823570251,0.7069000005722046
YLR182W,YOL044W,0,-5.738866,0.11080367118120193,0.8809999823570251,0.7070000171661377
YJL098W,YHR157W,0,-5.7395663,0.11078973859548569,0.8809999823570251,0.707099974155426
YCR073C,YJL186W,0,-5.7397146,0.11077580600976944,0.8809999823570251,0.7071999907493591
YJL176C,YPL187W,0,-5.740061,0.11076188087463379,0.8809999823570251,0.7073000073432922
YFR031C,YOR261C,0,-5.740189,0.11074795573949814,0.8809999823570251,0.7074000239372253
YNL094W,YML085C,0,-5.740399,0.11073403805494308,0.8809999823570251,0.7074999809265137
YBR186W,YOL113W,0,-5.740538,0.11072012037038803,0.8809999823570251,0.7075999975204468
YML128C,YIL153W,0,-5.741437,0.11070621013641357,0.8809999823570251,0.7077000141143799
YPL147W,YDL153C,0,-5.7416677,0.11069229990243912,0.8809999823570251,0.7077999711036682
YOR035C,YDR386W,0,-5.741737,0.11067838966846466,0.8809999823570251,0.7078999876976013
YOR099W,YDR492W,0,-5.741845,0.1106644868850708,0.8809999823570251,0.7080000042915344
YKR028W,YGL055W,0,-5.7418766,0.11065059155225754,0.8809999823570251,0.7081000208854675
YBL097W,YGL168W,0,-5.7419014,0.11063669621944427,0.8809999823570251,0.7081999778747559
YJL102W,YER129W,0,-5.7419176,0.11062280088663101,0.8809999823570251,0.708299994468689
YKL201C,YDR425W,0,-5.742091,0.11060891300439835,0.8809999823570251,0.7084000110626221
YHR188C,YLR265C,0,-5.7424626,0.11059503257274628,0.8809999823570251,0.7085000276565552
YMR229C,YIL135C,0,-5.7425942,0.11058114469051361,0.8809999823570251,0.7085999846458435
YKL208W,YGR121C,0,-5.7428474,0.11056727170944214,0.8809999823570251,0.7087000012397766
YCR040W,YKL150W,0,-5.7428794,0.11055339127779007,0.8809999823570251,0.7088000178337097
YLR200W,YKL119C,0,-5.7429214,0.1105395257472992,0.8809999823570251,0.708899974822998
YOR201C,YGR180C,0,-5.742997,0.11052565276622772,0.8809999823570251,0.7089999914169312
YML058W,YLR256W,0,-5.743008,0.11051179468631744,0.8809999823570251,0.7091000080108643
YOR173W,YLL013C,1,-5.7430353,0.11062335222959518,0.8820000290870667,0.7091000080108643
YCR086W,YDR243C,0,-5.7433934,0.11060947924852371,0.8820000290870667,0.7092000246047974
YNR031C,YNL102W,0,-5.743485,0.11059561371803284,0.8820000290870667,0.7092999815940857
YMR139W,YJR076C,0,-5.743818,0.11058174818754196,0.8820000290870667,0.7093999981880188
YKL062W,YBR289W,0,-5.7438755,0.11056788265705109,0.8820000290870667,0.7095000147819519
YMR211W,YCL035C,0,-5.743931,0.11055402457714081,0.8820000290870667,0.7095999717712402
YMR119W,YOL017W,0,-5.74395,0.11054016649723053,0.8820000290870667,0.7096999883651733
YKL086W,YPR190C,0,-5.744087,0.11052631586790085,0.8820000290870667,0.7098000049591064
YMR011W,YBR195C,0,-5.744381,0.11051246523857117,0.8820000290870667,0.7099000215530396
YGL225W,YJR035W,0,-5.7445884,0.11049862205982208,0.8820000290870667,0.7099999785423279
YDR172W,YLL013C,1,-5.744971,0.11061004549264908,0.8830000162124634,0.7099999785423279
YJR153W,YPL076W,0,-5.745276,0.1105961948633194,0.8830000162124634,0.710099995136261
YDR028C,YDL008W,0,-5.7454123,0.11058234423398972,0.8830000162124634,0.7102000117301941
YBR173C,YHR120W,0,-5.7456307,0.11056849360466003,0.8830000162124634,0.7103000283241272
YPR072W,YKL149C,1,-5.745671,0.11067985743284225,0.8840000033378601,0.7103000283241272
YGR074W,YLR450W,0,-5.7461576,0.11066599935293198,0.8840000033378601,0.7103999853134155
YKL146W,YIL009W,0,-5.7462206,0.1106521487236023,0.8840000033378601,0.7105000019073486
YPL026C,YGR165W,0,-5.7465086,0.11063829809427261,0.8840000033378601,0.7106000185012817
YDR443C,YPR165W,0,-5.7466154,0.11062445491552353,0.8840000033378601,0.7106999754905701
YKL208W,YGR264C,0,-5.746716,0.11061061173677444,0.8840000033378601,0.7107999920845032
YBR006W,YPR173C,0,-5.7472067,0.11059676855802536,0.8840000033378601,0.7109000086784363
YLL031C,YER005W,0,-5.74743,0.11058294028043747,0.8840000033378601,0.7110000252723694
YFR036W,YJL148W,0,-5.7477083,0.11056910455226898,0.8840000033378601,0.7110999822616577
YDR273W,YPR199C,0,-5.747828,0.11055527627468109,0.8840000033378601,0.7111999988555908
YLR226W,YMR119W,0,-5.7478695,0.1105414554476738,0.8840000033378601,0.7113000154495239
YLR295C,YCR075C,0,-5.748138,0.1105276346206665,0.8840000033378601,0.7113999724388123
YML046W,YML059C,0,-5.74879,0.11051381379365921,0.8840000033378601,0.7114999890327454
YCR073W-A,YHR118C,0,-5.7488923,0.11050000041723251,0.8840000033378601,0.7116000056266785
YHR005C,YMR054W,0,-5.7489634,0.11048618704080582,0.8840000033378601,0.7117000222206116
YOL006C,YNR046W,0,-5.7491226,0.11047238111495972,0.8840000033378601,0.7117999792098999
YDR513W,YGL099W,0,-5.749281,0.11045857518911362,0.8840000033378601,0.711899995803833
YLL038C,YNR044W,0,-5.74945,0.11044477671384811,0.8840000033378601,0.7120000123977661
YOR109W,YIL123W,0,-5.749525,0.11043097823858261,0.8840000033378601,0.7121000289916992
YNL142W,YNL001W,0,-5.7496204,0.1104171872138977,0.8840000033378601,0.7121999859809875
YDL120W,YNL079C,0,-5.749692,0.1104033961892128,0.8840000033378601,0.7123000025749207
YER125W,YOR094W,0,-5.749732,0.11038961261510849,0.8840000033378601,0.7124000191688538
YOR213C,YNL102W,0,-5.7498264,0.11037582904100418,0.8840000033378601,0.7124999761581421
YOR224C,YPR111W,0,-5.7499495,0.11036204546689987,0.8840000033378601,0.7125999927520752
YML074C,YBL102W,0,-5.7501364,0.11034826934337616,0.8840000033378601,0.7127000093460083
YPL234C,YMR053C,0,-5.750181,0.11033450067043304,0.8840000033378601,0.7128000259399414
YNL098C,YMR283C,0,-5.750414,0.11032073199748993,0.8840000033378601,0.7128999829292297
YHL028W,YNL286W,0,-5.75061,0.11030696332454681,0.8840000033378601,0.7129999995231628
YMR210W,YCL010C,0,-5.7506714,0.1102932021021843,0.8840000033378601,0.713100016117096
YGR088W,YJR004C,0,-5.750683,0.11027944087982178,0.8840000033378601,0.7131999731063843
YNL098C,YBL079W,0,-5.7509813,0.11026568710803986,0.8840000033378601,0.7132999897003174
YPL240C,YFR052W,0,-5.751623,0.11025193333625793,0.8840000033378601,0.7134000062942505
YEL020W-A,YMR316W,0,-5.7518907,0.11023818701505661,0.8840000033378601,0.7135000228881836
YIL019W,YGL055W,0,-5.7518935,0.11022444069385529,0.8840000033378601,0.7135999798774719
YML114C,YMR299C,0,-5.751948,0.11021069437265396,0.8840000033378601,0.713699996471405
YFR004W,YBR081C,0,-5.7521386,0.11019695550203323,0.8840000033378601,0.7138000130653381
YKL041W,YIR037W,0,-5.752347,0.1101832240819931,0.8840000033378601,0.7139000296592712
YGL119W,YML126C,0,-5.752423,0.11016949266195297,0.8840000033378601,0.7139999866485596
YLL015W,YOR120W,0,-5.7530985,0.11015576124191284,0.8840000033378601,0.7141000032424927
YOR110W,YDR416W,0,-5.753186,0.11014203727245331,0.8840000033378601,0.7142000198364258
YOR257W,YER165W,0,-5.7534056,0.11012831330299377,0.8840000033378601,0.7142999768257141
YPL176C,YHR190W,0,-5.7535496,0.11011459678411484,0.8840000033378601,0.7143999934196472
YPR108W,YJL002C,0,-5.753568,0.1101008877158165,0.8840000033378601,0.7145000100135803
YNL026W,YDR424C,0,-5.7537117,0.11008717119693756,0.8840000033378601,0.7146000266075134
YOL034W,YIL125W,0,-5.7537665,0.11007346212863922,0.8840000033378601,0.7146999835968018
YNL297C,YJR094C,0,-5.7538986,0.11005976051092148,0.8840000033378601,0.7148000001907349
YOR207C,YBR037C,0,-5.754252,0.11004605889320374,0.8840000033378601,0.714900016784668
YDR330W,YLR189C,0,-5.75426,0.11003236472606659,0.8840000033378601,0.7149999737739563
YFR003C,YOR206W,0,-5.754525,0.11001867055892944,0.8840000033378601,0.7150999903678894
YJL138C,YOR023C,0,-5.7546597,0.1100049763917923,0.8840000033378601,0.7152000069618225
YJL042W,YBL039C,0,-5.7546973,0.10999128967523575,0.8840000033378601,0.7153000235557556
YKL055C,YCR020W-B,0,-5.7554865,0.1099776029586792,0.8840000033378601,0.715399980545044
YLR371W,YNL236W,0,-5.7555504,0.10996392369270325,0.8840000033378601,0.715499997138977
YPL037C,YDL098C,0,-5.755646,0.10995025187730789,0.8840000033378601,0.7156000137329102
YNL245C,YJR131W,0,-5.756013,0.10993657261133194,0.8840000033378601,0.7156999707221985
YHR166C,YJL164C,0,-5.756023,0.10992290824651718,0.8840000033378601,0.7157999873161316
YJL219W,YBR296C,0,-5.7563496,0.10990923643112183,0.8840000033378601,0.7159000039100647
YDR151C,YML006C,0,-5.756467,0.10989557206630707,0.8840000033378601,0.7160000205039978
YKL134C,YGR109C,0,-5.757271,0.1098819151520729,0.8840000033378601,0.7160999774932861
YLR394W,YGL207W,0,-5.75731,0.10986825823783875,0.8840000033378601,0.7161999940872192
YDL209C,YBR123C,0,-5.758017,0.10985460132360458,0.8840000033378601,0.7163000106811523
YML109W,YIR005W,0,-5.7585874,0.10984095185995102,0.8840000033378601,0.7164000272750854
YDL033C,YBR159W,0,-5.7586255,0.10982730984687805,0.8840000033378601,0.7164999842643738
YOL104C,YMR285C,0,-5.7586727,0.10981366783380508,0.8840000033378601,0.7166000008583069
YPR137W,YDR487C,0,-5.758941,0.10980002582073212,0.8840000033378601,0.71670001745224
YKL197C,YLR329W,0,-5.7590494,0.10978639125823975,0.8840000033378601,0.7167999744415283
YGR134W,YAL013W,0,-5.759418,0.10977275669574738,0.8840000033378601,0.7168999910354614
YLR242C,YEL019C,0,-5.7594323,0.1097591295838356,0.8840000033378601,0.7170000076293945
YJL053W,YKR026C,0,-5.7601037,0.10974550247192383,0.8840000033378601,0.7171000242233276
YIL143C,YPR154W,0,-5.760147,0.10973187536001205,0.8840000033378601,0.717199981212616
YPR165W,YBL023C,0,-5.7603884,0.10971825569868088,0.8840000033378601,0.7172999978065491
YBR168W,YGR209C,0,-5.760855,0.1097046434879303,0.8840000033378601,0.7174000144004822
YPL190C,YCR083W,0,-5.7610836,0.10969103127717972,0.8840000033378601,0.7174999713897705
YJR013W,YJL093C,0,-5.7615137,0.10967741906642914,0.8840000033378601,0.7175999879837036
YDL077C,YNL231C,0,-5.7618017,0.10966381430625916,0.8840000033378601,0.7177000045776367
YIL062C,YLR175W,0,-5.761819,0.10965020954608917,0.8840000033378601,0.7178000211715698
YKL220C,YHR079C,0,-5.761878,0.10963661223649979,0.8840000033378601,0.7178999781608582
YPR108W,YEL050C,0,-5.762038,0.1096230149269104,0.8840000033378601,0.7179999947547913
YKL020C,YGL181W,0,-5.7621183,0.10960942506790161,0.8840000033378601,0.7181000113487244
YDR013W,YGL183C,0,-5.762656,0.10959583520889282,0.8840000033378601,0.7182000279426575
YPL007C,YCL043C,0,-5.763312,0.10958224534988403,0.8840000033378601,0.7182999849319458
YDR172W,YJR091C,1,-5.763342,0.10969261080026627,0.8849999904632568,0.7182999849319458
YMR234W,YER146W,1,-5.7634754,0.10980294644832611,0.8859999775886536,0.7182999849319458
YCR048W,YDR439W,0,-5.763835,0.10978934168815613,0.8859999775886536,0.7184000015258789
YDR181C,YNL309W,0,-5.7638965,0.10977573692798615,0.8859999775886536,0.718500018119812
YGR177C,YOR313C,0,-5.7640285,0.10976213961839676,0.8859999775886536,0.7185999751091003
YOR173W,YOL139C,1,-5.764057,0.10987241566181183,0.8870000243186951,0.7185999751091003
YKR038C,YJR131W,0,-5.7641387,0.10985880345106125,0.8870000243186951,0.7186999917030334
YNR030W,YDR243C,0,-5.764427,0.10984519869089127,0.8870000243186951,0.7188000082969666
YGR014W,YBR272C,0,-5.764641,0.10983160138130188,0.8870000243186951,0.7189000248908997
YER020W,YER032W,0,-5.7647085,0.1098180040717125,0.8870000243186951,0.718999981880188
YCR040W,YPR083W,0,-5.764951,0.10980440676212311,0.8870000243186951,0.7190999984741211
YIL117C,YBR069C,0,-5.7651033,0.10979081690311432,0.8870000243186951,0.7192000150680542
YDR259C,YDR108W,0,-5.7652063,0.10977722704410553,0.8870000243186951,0.7192999720573425
YML027W,YHR106W,0,-5.76522,0.10976364463567734,0.8870000243186951,0.7193999886512756
YLR133W,YLR381W,0,-5.7654324,0.10975006222724915,0.8870000243186951,0.7195000052452087
YDR518W,YOL044W,0,-5.765883,0.10973648726940155,0.8870000243186951,0.7196000218391418
YPL021W,YJR153W,0,-5.765995,0.10972291231155396,0.8870000243186951,0.7196999788284302
YDL134C,YPL008W,0,-5.766186,0.10970933735370636,0.8870000243186951,0.7197999954223633
YDL175C,YDL160C,1,-5.7670507,0.1098194420337677,0.8880000114440918,0.7197999954223633
YHR014W,YHR206W,0,-5.7672396,0.10980585962533951,0.8880000114440918,0.7199000120162964
YIL131C,YDR251W,0,-5.7673697,0.10979228466749191,0.8880000114440918,0.7200000286102295
YAL021C,YMR234W,1,-5.767789,0.10990233719348907,0.8889999985694885,0.7200000286102295
YFL034C-B,YER013W,0,-5.768538,0.10988875478506088,0.8889999985694885,0.7200999855995178
YOR207C,YGL055W,0,-5.7687216,0.10987517237663269,0.8889999985694885,0.7202000021934509
YCL029C,YDR488C,0,-5.7688465,0.1098615899682045,0.8889999985694885,0.720300018787384
YML088W,YJL002C,0,-5.7689457,0.1098480150103569,0.8889999985694885,0.7203999757766724
YER177W,YCR014C,0,-5.768963,0.1098344475030899,0.8889999985694885,0.7204999923706055
YDL036C,YNL098C,0,-5.769125,0.1098208799958229,0.8889999985694885,0.7206000089645386
YGR088W,YMR037C,0,-5.76937,0.10980731248855591,0.8889999985694885,0.7207000255584717
YDR294C,YKL038W,0,-5.7695136,0.1097937524318695,0.8889999985694885,0.72079998254776
YBR294W,YML064C,0,-5.769959,0.1097801923751831,0.8889999985694885,0.7208999991416931
YCR033W,YGR004W,0,-5.7700167,0.1097666397690773,0.8889999985694885,0.7210000157356262
YNL302C,YDR005C,0,-5.770373,0.1097530871629715,0.8889999985694885,0.7210999727249146
YLR048W,YFL036W,0,-5.770584,0.10973954200744629,0.8889999985694885,0.7211999893188477
YMR128W,YOR032C,0,-5.7709227,0.10972599685192108,0.8889999985694885,0.7213000059127808
YBL084C,YDR477W,0,-5.771056,0.10971245169639587,0.8889999985694885,0.7214000225067139
YBR156C,YDR080W,0,-5.771081,0.10969891399145126,0.8889999985694885,0.7214999794960022
YGL090W,YLR329W,0,-5.7711267,0.10968537628650665,0.8889999985694885,0.7215999960899353
YKL220C,YBR243C,0,-5.771139,0.10967184603214264,0.8889999985694885,0.7217000126838684
YLL031C,YKL038W,0,-5.7713914,0.10965832322835922,0.8889999985694885,0.7218000292778015
YDR260C,YDL064W,0,-5.771738,0.10964479297399521,0.8889999985694885,0.7218999862670898
YPR067W,YIL066C,0,-5.771839,0.10963127017021179,0.8889999985694885,0.722000002861023
YJR121W,YKR048C,0,-5.772393,0.10961775481700897,0.8889999985694885,0.722100019454956
YIL150C,YGL032C,0,-5.772742,0.10960423946380615,0.8889999985694885,0.7221999764442444
YKL042W,YHR106W,0,-5.7736278,0.10959073156118393,0.8889999985694885,0.7222999930381775
YLR262C,YPL078C,0,-5.77413,0.1095772236585617,0.8889999985694885,0.7224000096321106
YCR048W,YJL003W,0,-5.7745404,0.10956371575593948,0.8889999985694885,0.7225000262260437
YAL043C,YML088W,0,-5.774793,0.10955021530389786,0.8889999985694885,0.722599983215332
YDR356W,YDR377W,0,-5.774925,0.10953671485185623,0.8889999985694885,0.7226999998092651
YER030W,YFL005W,0,-5.7750463,0.1095232218503952,0.8889999985694885,0.7228000164031982
YIL121W,YCR033W,0,-5.775506,0.10950972884893417,0.8889999985694885,0.7228999733924866
YPL159C,YIL070C,0,-5.775551,0.10949624329805374,0.8889999985694885,0.7229999899864197
YIL118W,YDR376W,0,-5.7763515,0.10948275774717331,0.8889999985694885,0.7231000065803528
YLR442C,YIL150C,0,-5.7763705,0.10946927964687347,0.8889999985694885,0.7232000231742859
YAL034W-A,YJL035C,0,-5.7764287,0.10945580154657364,0.8889999985694885,0.7232999801635742
YOR027W,YDR276C,0,-5.7764635,0.1094423234462738,0.8889999985694885,0.7233999967575073
YMR175W,YMR224C,0,-5.7769833,0.10942885279655457,0.8889999985694885,0.7235000133514404
YBR060C,YER089C,0,-5.777155,0.10941538214683533,0.8889999985694885,0.7235999703407288
YPR104C,YBR186W,0,-5.777404,0.10940191894769669,0.8889999985694885,0.7236999869346619
YJL112W,YKL048C,0,-5.77778,0.10938845574855804,0.8889999985694885,0.723800003528595
YJL164C,YDR092W,0,-5.777833,0.109375,0.8889999985694885,0.7239000201225281
YJL124C,YKL149C,1,-5.7781186,0.10948456078767776,0.8899999856948853,0.7239000201225281
YLL038C,YLR154C,0,-5.7781754,0.10947109758853912,0.8899999856948853,0.7239999771118164
YBR042C,YDR221W,0,-5.7783327,0.10945763438940048,0.8899999856948853,0.7240999937057495
YOR054C,YJR050W,0,-5.7784457,0.10944417119026184,0.8899999856948853,0.7242000102996826
YMR204C,YPL083C,0,-5.7789006,0.1094307154417038,0.8899999856948853,0.7243000268936157
YKL040C,YBL055C,0,-5.7789764,0.10941725969314575,0.8899999856948853,0.724399983882904
YER049W,YAL021C,1,-5.77927,0.10952673852443695,0.890999972820282,0.724399983882904
YDR353W,YNL236W,0,-5.7793217,0.10951327532529831,0.890999972820282,0.7245000004768372
YNL297C,YNL236W,0,-5.779658,0.10949981212615967,0.890999972820282,0.7246000170707703
YPR072W,YPL029W,1,-5.779719,0.10960923880338669,0.8920000195503235,0.7246000170707703
YML065W,YML025C,0,-5.7797427,0.10959577560424805,0.8920000195503235,0.7246999740600586
YMR199W,YNL015W,0,-5.7799206,0.1095823124051094,0.8920000195503235,0.7247999906539917
YER016W,YOR020C,0,-5.7799425,0.10956884920597076,0.8920000195503235,0.7249000072479248
YBL005W,YNL309W,0,-5.780269,0.10955539345741272,0.8920000195503235,0.7250000238418579
YPL212C,YDR122W,0,-5.780307,0.10954193770885468,0.8920000195503235,0.7250999808311462
YOR335C,YKL026C,0,-5.780343,0.10952848941087723,0.8920000195503235,0.7251999974250793
YJR125C,YML114C,0,-5.7806273,0.10951504111289978,0.8920000195503235,0.7253000140190125
YML057W,YAL058W,0,-5.7807155,0.10950159281492233,0.8920000195503235,0.7253999710083008
YHR058C,YKL062W,0,-5.7808414,0.10948815196752548,0.8920000195503235,0.7254999876022339
YPL135W,YKL213C,0,-5.781151,0.10947471857070923,0.8920000195503235,0.725600004196167
YML007W,YBR228W,0,-5.781477,0.10946128517389297,0.8920000195503235,0.7257000207901001
YIL084C,YOR315W,0,-5.782545,0.10944785177707672,0.8920000195503235,0.7257999777793884
YGR133W,YHR006W,0,-5.7826166,0.10943442583084106,0.8920000195503235,0.7258999943733215
YMR296C,YDR409W,0,-5.782622,0.10942099988460541,0.8920000195503235,0.7260000109672546
YLR045C,YDR073W,0,-5.782798,0.10940758138895035,0.8920000195503235,0.7261000275611877
YOR048C,YMR037C,0,-5.782898,0.10939416289329529,0.8920000195503235,0.7261999845504761
YPL152W,YGR088W,0,-5.782998,0.10938074439764023,0.8920000195503235,0.7263000011444092
YIL036W,YFL036W,0,-5.783082,0.10936733335256577,0.8920000195503235,0.7264000177383423
YNL251C,YNL119W,0,-5.783614,0.1093539297580719,0.8920000195503235,0.7264999747276306
YLL004W,YGL162W,0,-5.7837663,0.10934052616357803,0.8920000195503235,0.7265999913215637
YDL198C,YGR097W,0,-5.783826,0.10932712256908417,0.8920000195503235,0.7267000079154968
YOR099W,YML126C,0,-5.7843494,0.1093137264251709,0.8920000195503235,0.7268000245094299
YGL209W,YNL309W,0,-5.7843885,0.10930033028125763,0.8920000195503235,0.7268999814987183
YCR027C,YDR434W,0,-5.7844157,0.10928694158792496,0.8920000195503235,0.7269999980926514
YDR296W,YDR080W,0,-5.784501,0.10927355289459229,0.8920000195503235,0.7271000146865845
YGR134W,YOR230W,0,-5.784603,0.10926016420125961,0.8920000195503235,0.7271999716758728
YGL240W,YNL246W,0,-5.784663,0.10924678295850754,0.8920000195503235,0.7272999882698059
YGR246C,YJL069C,0,-5.7847404,0.10923340916633606,0.8920000195503235,0.727400004863739
YER072W,YMR037C,0,-5.7848463,0.10922003537416458,0.8920000195503235,0.7275000214576721
YLR270W,YOL142W,1,-5.7849674,0.10932908952236176,0.8930000066757202,0.7275000214576721
YLL019C,YGL195W,0,-5.78547,0.10931570827960968,0.8930000066757202,0.7275999784469604
YGL001C,YHR187W,0,-5.7857556,0.1093023270368576,0.8930000066757202,0.7276999950408936
YGL113W,YGL004C,0,-5.785857,0.10928894579410553,0.8930000066757202,0.7278000116348267
YNL272C,YCR037C,0,-5.7862067,0.10927557200193405,0.8930000066757202,0.7279000282287598
YGL022W,YPR083W,0,-5.786379,0.10926220566034317,0.8930000066757202,0.7279999852180481
YML065W,YJL093C,0,-5.7865224,0.10924883931875229,0.8930000066757202,0.7281000018119812
YDR208W,YBR294W,0,-5.7871327,0.10923547297716141,0.8930000066757202,0.7282000184059143
YPL048W,YDR143C,0,-5.7872076,0.10922211408615112,0.8930000066757202,0.7282999753952026
YLR340W,YGL208W,0,-5.787241,0.10920875519514084,0.8930000066757202,0.7283999919891357
YJR019C,YKL028W,0,-5.7872543,0.10919540375471115,0.8930000066757202,0.7285000085830688
YOR362C,YBR029C,0,-5.7874146,0.10918205231428146,0.8930000066757202,0.728600025177002
YJR066W,YBR275C,0,-5.7874475,0.10916870087385178,0.8930000066757202,0.7286999821662903
YDL042C,YBL005W,0,-5.787747,0.10915535688400269,0.8930000066757202,0.7287999987602234
YLR190W,YOR191W,0,-5.787858,0.10914202034473419,0.8930000066757202,0.7289000153541565
YHR157W,YDR478W,0,-5.7878766,0.1091286838054657,0.8930000066757202,0.7289999723434448
YLR047C,YKL015W,0,-5.787982,0.1091153472661972,0.8930000066757202,0.7290999889373779
YDL209C,YAR019C,0,-5.78802,0.10910201817750931,0.8930000066757202,0.729200005531311
YJL122W,YOR315W,0,-5.788224,0.10908868908882141,0.8930000066757202,0.7293000221252441
YOL111C,YBR173C,0,-5.7887883,0.10907536000013351,0.8930000066757202,0.7293999791145325
YOR081C,YDL227C,0,-5.788829,0.10906203836202621,0.8930000066757202,0.7294999957084656
YAL010C,YPR103W,0,-5.7888536,0.10904872417449951,0.8930000066757202,0.7296000123023987
YNL293W,YBR030W,0,-5.7894773,0.10903540998697281,0.8930000066757202,0.7297000288963318
YLR113W,YLR095C,0,-5.7895346,0.1090220957994461,0.8930000066757202,0.7297999858856201
YER112W,YGL222C,1,-5.78986,0.109130859375,0.8939999938011169,0.7297999858856201
YOR069W,YDR487C,0,-5.7898602,0.1091175377368927,0.8939999938011169,0.7299000024795532
YOL054W,YPL096W,0,-5.789933,0.109104223549366,0.8939999938011169,0.7300000190734863
YPL095C,YOR261C,0,-5.790636,0.1090909093618393,0.8939999938011169,0.7300999760627747
YPR067W,YDR311W,0,-5.790893,0.10907759517431259,0.8939999938011169,0.7301999926567078
YOR049C,YGL201C,0,-5.7913165,0.10906428843736649,0.8939999938011169,0.7303000092506409
YGL093W,YLR466W,0,-5.7915673,0.10905098915100098,0.8939999938011169,0.730400025844574
YBL026W,YDL160C,1,-5.7918825,0.10915965586900711,0.8949999809265137,0.730400025844574
YPL048W,YBR136W,0,-5.792179,0.10914634168148041,0.8949999809265137,0.7304999828338623
YDL035C,YDR092W,0,-5.79243,0.1091330349445343,0.8949999809265137,0.7305999994277954
YOR173W,YAL021C,1,-5.7925363,0.10924164950847626,0.8960000276565552,0.7305999994277954
YKL014C,YHR106W,0,-5.7926135,0.10922832787036896,0.8960000276565552,0.7307000160217285
YML074C,YMR232W,0,-5.792958,0.10921501368284225,0.8960000276565552,0.7307999730110168
YLR154C,YDL232W,0,-5.79374,0.10920170694589615,0.8960000276565552,0.73089998960495
YCR066W,YDL247W,0,-5.794139,0.10918840020895004,0.8960000276565552,0.7310000061988831
YDR518W,YMR312W,0,-5.794917,0.10917509347200394,0.8960000276565552,0.7311000227928162
YGR054W,YDR022C,0,-5.795091,0.10916179418563843,0.8960000276565552,0.7311999797821045
YDL028C,YPR122W,0,-5.7952547,0.10914849489927292,0.8960000276565552,0.7312999963760376
YDR516C,YLL015W,0,-5.7956715,0.109135203063488,0.8960000276565552,0.7314000129699707
YML025C,YML029W,0,-5.7956886,0.1091219112277031,0.8960000276565552,0.7315000295639038
YMR197C,YIR021W,0,-5.795837,0.10910861939191818,0.8960000276565552,0.7315999865531921
YOR014W,YML124C,0,-5.796109,0.10909533500671387,0.8960000276565552,0.7317000031471252
YDR358W,YDR529C,0,-5.796324,0.10908205807209015,0.8960000276565552,0.7318000197410583
YDR145W,YCL016C,0,-5.7964272,0.10906877368688583,0.8960000276565552,0.7318999767303467
YIL123W,YJR027W,0,-5.7964654,0.10905550420284271,0.8960000276565552,0.7319999933242798
YEL020W-A,YNL079C,0,-5.7977047,0.109042227268219,0.8960000276565552,0.7321000099182129
YGL065C,YBR205W,0,-5.797787,0.10902895778417587,0.8960000276565552,0.732200026512146
YGL045W,YGL004C,0,-5.7979136,0.10901569575071335,0.8960000276565552,0.7322999835014343
YBR029C,YGR186W,0,-5.7983937,0.10900243371725082,0.8960000276565552,0.7324000000953674
YGL130W,YGL022W,0,-5.798563,0.1089891716837883,0.8960000276565552,0.7325000166893005
YLR201C,YBL063W,0,-5.798657,0.10897591710090637,0.8960000276565552,0.7325999736785889
YLL041C,YAL026C,0,-5.7987375,0.10896266251802444,0.8960000276565552,0.732699990272522
YLR015W,YBL034C,0,-5.798797,0.10894941538572311,0.8960000276565552,0.7328000068664551
YBR198C,YBL050W,0,-5.7988625,0.10893616825342178,0.8960000276565552,0.7329000234603882
YDR023W,YOR032C,0,-5.7989454,0.10892292857170105,0.8960000276565552,0.7329999804496765
YJR147W,YOR159C,0,-5.799269,0.10890968888998032,0.8960000276565552,0.7330999970436096
YEL030W,YBR228W,0,-5.799334,0.10889644920825958,0.8960000276565552,0.7332000136375427
YDR523C,YIL125W,0,-5.799584,0.10888321697711945,0.8960000276565552,0.733299970626831
YLR166C,YGL168W,0,-5.7995877,0.10886998474597931,0.8960000276565552,0.7333999872207642
YNR011C,YGL061C,0,-5.800024,0.10885675996541977,0.8960000276565552,0.7335000038146973
YGR133W,YPL254W,0,-5.8002033,0.10884353518486023,0.8960000276565552,0.7336000204086304
YML041C,YML088W,0,-5.800227,0.10883031785488129,0.8960000276565552,0.7336999773979187
YPL036W,YNL151C,0,-5.800324,0.10881710052490234,0.8960000276565552,0.7337999939918518
YJL115W,YNL286W,0,-5.800606,0.1088038831949234,0.8960000276565552,0.7339000105857849
YOL034W,YIR010W,0,-5.8007574,0.10879067331552505,0.8960000276565552,0.734000027179718
YER019W,YIL131C,0,-5.8010826,0.1087774708867073,0.8960000276565552,0.7340999841690063
YER174C,YKL130C,0,-5.8016224,0.10876426100730896,0.8960000276565552,0.7342000007629395
YBL011W,YOR020C,0,-5.8016844,0.10875105857849121,0.8960000276565552,0.7343000173568726
YDR028C,YGR090W,0,-5.8026323,0.10873786360025406,0.8960000276565552,0.7343999743461609
YJL184W,YNL225C,0,-5.8030605,0.1087246686220169,0.8960000276565552,0.734499990940094
YOR032C,YMR190C,0,-5.8034005,0.10871148109436035,0.8960000276565552,0.7346000075340271
YER019W,YOR078W,0,-5.8038225,0.1086982861161232,0.8960000276565552,0.7347000241279602
YKL002W,YDR201W,0,-5.8038483,0.10868510603904724,0.8960000276565552,0.7347999811172485
YDR418W,YJR004C,0,-5.803974,0.10867192596197128,0.8960000276565552,0.7348999977111816
YLL031C,YDL005C,0,-5.80454,0.10865874588489532,0.8960000276565552,0.7350000143051147
YKR022C,YPR154W,0,-5.804549,0.10864556580781937,0.8960000276565552,0.7350999712944031
YKR072C,YJL164C,0,-5.8047485,0.108632393181324,0.8960000276565552,0.7351999878883362
YHR172W,YAL032C,0,-5.8052816,0.10861922800540924,0.8960000276565552,0.7353000044822693
YER119C,YGR238C,0,-5.8063383,0.10860606282949448,0.8960000276565552,0.7354000210762024
YLR189C,YDR312W,0,-5.806916,0.10859289765357971,0.8960000276565552,0.7354999780654907
YJR066W,YDR142C,0,-5.8069572,0.10857973992824554,0.8960000276565552,0.7355999946594238
YMR052W,YBL045C,0,-5.80697,0.10856658220291138,0.8960000276565552,0.7357000112533569
YER054C,YCL044C,0,-5.8070364,0.1085534319281578,0.8960000276565552,0.73580002784729
YMR211W,YDR296W,0,-5.8072634,0.10854028165340424,0.8960000276565552,0.7358999848365784
YIL150C,YPR124W,0,-5.8075123,0.10852713137865067,0.8960000276565552,0.7360000014305115
YHR058C,YDR477W,0,-5.807725,0.10851398855447769,0.8960000276565552,0.7361000180244446
YFR019W,YKL032C,0,-5.8079667,0.10850084573030472,0.8960000276565552,0.7361999750137329
YGL008C,YBL050W,0,-5.8081207,0.10848771035671234,0.8960000276565552,0.736299991607666
YMR313C,YNL136W,0,-5.8084297,0.10847457498311996,0.8960000276565552,0.7364000082015991
YER040W,YMR137C,0,-5.8086014,0.10846144706010818,0.8960000276565552,0.7365000247955322
YNR059W,YIL143C,0,-5.8086824,0.1084483191370964,0.8960000276565552,0.7365999817848206
YOL105C,YCR052W,0,-5.8087735,0.10843519121408463,0.8960000276565552,0.7366999983787537
YCR024C-A,YDR093W,0,-5.809329,0.10842207074165344,0.8960000276565552,0.7368000149726868
YPR067W,YLR127C,0,-5.809479,0.10840895026922226,0.8960000276565552,0.7368999719619751
YDL055C,YNL064C,0,-5.80972,0.10839583724737167,0.8960000276565552,0.7369999885559082
YHR115C,YPL124W,0,-5.8101387,0.10838272422552109,0.8960000276565552,0.7371000051498413
YER061C,YNR043W,0,-5.8104653,0.1083696186542511,0.8960000276565552,0.7372000217437744
YGL119W,YEL069C,0,-5.810486,0.10835651308298111,0.8960000276565552,0.7372999787330627
YGL011C,YMR135C,0,-5.810692,0.10834340751171112,0.8960000276565552,0.7373999953269958
YJL210W,YOR354C,0,-5.8109684,0.10833030939102173,0.8960000276565552,0.737500011920929
YCL017C,YPL241C,0,-5.8110266,0.10831721127033234,0.8960000276565552,0.7376000285148621
YKR089C,YKL192C,0,-5.8110633,0.10830412060022354,0.8960000276565552,0.7376999855041504
YJR043C,YMR037C,0,-5.8111935,0.10829102993011475,0.8960000276565552,0.7378000020980835
YLR305C,YDR256C,0,-5.811464,0.10827794671058655,0.8960000276565552,0.7379000186920166
YLR106C,YKR067W,0,-5.812191,0.10826486349105835,0.8960000276565552,0.7379999756813049
YBR185C,YFL013C,0,-5.8122635,0.10825178027153015,0.8960000276565552,0.738099992275238
YER002W,YAL056W,0,-5.8128834,0.10823870450258255,0.8960000276565552,0.7382000088691711
YOR173W,YJL050W,1,-5.813095,0.10834641754627228,0.8970000147819519,0.7382000088691711
YNL280C,YLL043W,0,-5.8131113,0.10833333432674408,0.8970000147819519,0.7383000254631042
YGR085C,YDL098C,0,-5.8131695,0.10832025110721588,0.8970000147819519,0.7383999824523926
YPR128C,YDR077W,0,-5.81386,0.10830717533826828,0.8970000147819519,0.7384999990463257
YKL197C,YDR489W,0,-5.813973,0.10829409956932068,0.8970000147819519,0.7386000156402588
YPL097W,YLL040C,0,-5.814385,0.10828102380037308,0.8970000147819519,0.7386999726295471
YLL038C,YDR447C,0,-5.8146877,0.10826795548200607,0.8970000147819519,0.7387999892234802
YGR014W,YOR094W,0,-5.815218,0.10825488716363907,0.8970000147819519,0.7389000058174133
YNR032W,YOR027W,0,-5.8153143,0.10824182629585266,0.8970000147819519,0.7390000224113464
YDL142C,YPL055C,0,-5.81539,0.10822876542806625,0.8970000147819519,0.7390999794006348
YIL036W,YPL127C,0,-5.815405,0.10821570456027985,0.8970000147819519,0.7391999959945679
YHR197W,YGL032C,0,-5.815898,0.10820265114307404,0.8970000147819519,0.739300012588501
YIR006C,YNL166C,0,-5.815963,0.10818960517644882,0.8970000147819519,0.7394000291824341
YER012W,YBL050W,0,-5.8165097,0.10817655920982361,0.8970000147819519,0.7394999861717224
YBR175W,YOR351C,0,-5.816736,0.1081635132431984,0.8970000147819519,0.7396000027656555
YER112W,YNL118C,1,-5.817477,0.1082710400223732,0.8980000019073486,0.7396000027656555
YNL164C,YNL026W,0,-5.817791,0.10825798660516739,0.8980000019073486,0.7397000193595886
YKL095W,YGL095C,0,-5.818028,0.10824494063854218,0.8980000019073486,0.739799976348877
YGR037C,YJL167W,0,-5.8180923,0.10823189467191696,0.8980000019073486,0.7398999929428101
YPL126W,YGL251C,0,-5.8186584,0.10821884870529175,0.8980000019073486,0.7400000095367432
YMR260C,YER190W,0,-5.8187037,0.10820581018924713,0.8980000019073486,0.7401000261306763
YOL034W,YIR023W,0,-5.8187733,0.10819277167320251,0.8980000019073486,0.7401999831199646
YPL176C,YPL254W,0,-5.819054,0.1081797406077385,0.8980000019073486,0.7402999997138977
YIL121W,YLR086W,0,-5.819215,0.10816670954227448,0.8980000019073486,0.7404000163078308
YML095C,YGL254W,0,-5.8192496,0.10815367847681046,0.8980000019073486,0.7404999732971191
YPR025C,YDR288W,0,-5.819505,0.10814065486192703,0.8980000019073486,0.7405999898910522
YGL190C,YKL114C,0,-5.8196235,0.10812763124704361,0.8980000019073486,0.7407000064849854
YPL116W,YFL013C,0,-5.8198977,0.10811461508274078,0.8980000019073486,0.7408000230789185
YBR183W,YBL064C,0,-5.820518,0.10810159891843796,0.8980000019073486,0.7408999800682068
YBR167C,YOR351C,0,-5.820605,0.10808859020471573,0.8980000019073486,0.7409999966621399
YJL170C,YCR033W,0,-5.820681,0.1080755814909935,0.8980000019073486,0.741100013256073
YJR040W,YFR014C,0,-5.821022,0.10806257277727127,0.8980000019073486,0.7411999702453613
YNL020C,YDR314C,0,-5.8221455,0.10804957151412964,0.8980000019073486,0.7412999868392944
YHR092C,YML025C,0,-5.822627,0.108036570250988,0.8980000019073486,0.7414000034332275
YJL173C,YNL231C,0,-5.8226805,0.10802357643842697,0.8980000019073486,0.7415000200271606
YBR030W,YIL072W,0,-5.823244,0.10801058262586594,0.8980000019073486,0.741599977016449
YDR004W,YIL068C,0,-5.8243065,0.1079975962638855,0.8980000019073486,0.7416999936103821
YGR080W,YGR142W,0,-5.8243093,0.10798460990190506,0.8980000019073486,0.7418000102043152
YDR181C,YER051W,0,-5.824444,0.10797162353992462,0.8980000019073486,0.7419000267982483
YDR356W,YKL017C,0,-5.8252487,0.10795864462852478,0.8980000019073486,0.7419999837875366
YBR127C,YLR069C,0,-5.8253675,0.10794566571712494,0.8980000019073486,0.7421000003814697
YDL128W,YPR131C,0,-5.8253913,0.1079326942563057,0.8980000019073486,0.7422000169754028
YOR130C,YIL121W,0,-5.825742,0.10791972279548645,0.8980000019073486,0.7422999739646912
YPL213W,YML104C,0,-5.825911,0.1079067513346672,0.8980000019073486,0.7423999905586243
YDR296W,YML104C,0,-5.8262615,0.10789378732442856,0.8980000019073486,0.7425000071525574
YBL022C,YDR004W,0,-5.826412,0.10788082331418991,0.8980000019073486,0.7426000237464905
YLL006W,YLR222C,0,-5.8265414,0.10786786675453186,0.8980000019073486,0.7426999807357788
YER005W,YLR369W,0,-5.826585,0.10785491019487381,0.8980000019073486,0.7427999973297119
YGR171C,YPL118W,0,-5.8267946,0.10784196108579636,0.8980000019073486,0.742900013923645
YGR186W,YNL230C,0,-5.8270683,0.1078290119767189,0.8980000019073486,0.7429999709129333
YNL188W,YIL124W,0,-5.827687,0.10781606286764145,0.8980000019073486,0.7430999875068665
YGL014W,YOR173W,1,-5.827875,0.10792317241430283,0.8989999890327454,0.7430999875068665
YKL101W,YML025C,0,-5.827896,0.10791021585464478,0.8989999890327454,0.7432000041007996
YBR026C,YNL244C,0,-5.828377,0.10789726674556732,0.8989999890327454,0.7433000206947327
YMR109W,YJR021C,0,-5.828641,0.10788431763648987,0.8989999890327454,0.743399977684021
YDR011W,YLL061W,0,-5.8288937,0.10787136852741241,0.8989999890327454,0.7434999942779541
YDR025W,YLR189C,0,-5.829061,0.10785842686891556,0.8989999890327454,0.7436000108718872
YMR075W,YJL004C,0,-5.8294415,0.1078454926609993,0.8989999890327454,0.7437000274658203
YER044C,YGL190C,0,-5.829685,0.10783255100250244,0.8989999890327454,0.7437999844551086
YGR104C,YGL251C,0,-5.8297477,0.10781962424516678,0.8989999890327454,0.7439000010490417
YER103W,YDR425W,0,-5.829773,0.10780669003725052,0.8989999890327454,0.7440000176429749
YDR208W,YHR099W,0,-5.829884,0.10779376327991486,0.8989999890327454,0.7440999746322632
YBR183W,YGL226C-A,0,-5.8301315,0.10778084397315979,0.8989999890327454,0.7441999912261963
YGR274C,YJL059W,0,-5.8305283,0.10776792466640472,0.8989999890327454,0.7443000078201294
YJL010C,YPR119W,0,-5.830724,0.10775500535964966,0.8989999890327454,0.7444000244140625
YNL270C,YMR021C,0,-5.8312974,0.10774209350347519,0.8989999890327454,0.7444999814033508
YMR200W,YGL096W,0,-5.8315387,0.10772918164730072,0.8989999890327454,0.7445999979972839
YHR190W,YDR083W,0,-5.8317103,0.10771626979112625,0.8989999890327454,0.744700014591217
YGR086C,YCR052W,0,-5.832115,0.10770336538553238,0.8989999890327454,0.7447999715805054
YDR513W,YHR190W,0,-5.832653,0.1076904684305191,0.8989999890327454,0.7448999881744385
YGL037C,YPL059W,0,-5.8328094,0.10767756402492523,0.8989999890327454,0.7450000047683716
YLR270W,YGL014W,1,-5.8329864,0.10778442770242691,0.8999999761581421,0.7450000047683716
YLR186W,YIL007C,0,-5.833014,0.10777152329683304,0.8999999761581421,0.7451000213623047
YGL222C,YJL140W,1,-5.83321,0.10787834972143173,0.9010000228881836,0.7451000213623047
YGL022W,YDR301W,0,-5.8335643,0.10786543786525726,0.9010000228881836,0.745199978351593
YLR270W,YGR195W,1,-5.833597,0.10797222703695297,0.9020000100135803,0.745199978351593
YHR111W,YMR292W,0,-5.834244,0.1079593077301979,0.9020000100135803,0.7452999949455261
YPL032C,YOL033W,0,-5.8345566,0.10794638842344284,0.9020000100135803,0.7454000115394592
YDR523C,YIL121W,0,-5.83527,0.10793346911668777,0.9020000100135803,0.7455000281333923
YDR099W,YNL073W,0,-5.8355703,0.1079205572605133,0.9020000100135803,0.7455999851226807
YFR024C-A,YML025C,0,-5.835632,0.10790764540433884,0.9020000100135803,0.7457000017166138
YDR207C,YLR466W,0,-5.8357015,0.10789473354816437,0.9020000100135803,0.7458000183105469
YMR163C,YDL065C,0,-5.835724,0.1078818291425705,0.9020000100135803,0.7458999752998352
YJL058C,YEL019C,0,-5.8369727,0.10786893218755722,0.9020000100135803,0.7459999918937683
YOR191W,YOL063C,0,-5.8369937,0.10785603523254395,0.9020000100135803,0.7461000084877014
YKL034W,YKL212W,0,-5.837307,0.10784313827753067,0.9020000100135803,0.7462000250816345
YIR006C,YMR036C,0,-5.8373356,0.10783024877309799,0.9020000100135803,0.7462999820709229
YMR146C,YNL219C,0,-5.837379,0.10781735926866531,0.9020000100135803,0.746399998664856
YPR155C,YIL117C,0,-5.837459,0.10780446976423264,0.9020000100135803,0.7465000152587891
YLR304C,YAL002W,0,-5.837712,0.10779158771038055,0.9020000100135803,0.7465999722480774
YGR078C,YMR021C,0,-5.8380165,0.10777870565652847,0.9020000100135803,0.7466999888420105
YGL112C,YMR078C,0,-5.838037,0.10776583105325699,0.9020000100135803,0.7468000054359436
YNL047C,YDL078C,0,-5.8380957,0.1077529564499855,0.9020000100135803,0.7469000220298767
YBR121C,YIL153W,0,-5.83819,0.10774008929729462,0.9020000100135803,0.746999979019165
YOL065C,YBR236C,0,-5.838355,0.10772722214460373,0.9020000100135803,0.7470999956130981
YMR012W,YDR130C,0,-5.838513,0.10771435499191284,0.9020000100135803,0.7472000122070312
YPL175W,YGR199W,0,-5.8388424,0.10770149528980255,0.9020000100135803,0.7473000288009644
YCR034W,YBR088C,0,-5.839075,0.10768863558769226,0.9020000100135803,0.7473999857902527
YOR033C,YDL174C,0,-5.8391786,0.10767577588558197,0.9020000100135803,0.7475000023841858
YDL046W,YBR133C,0,-5.839219,0.10766292363405228,0.9020000100135803,0.7476000189781189
YBR030W,YPL241C,0,-5.8395696,0.10765007883310318,0.9020000100135803,0.7476999759674072
YNL270C,YGL058W,0,-5.839774,0.10763723403215408,0.9020000100135803,0.7477999925613403
YML099C,YGL078C,0,-5.8398027,0.10762438923120499,0.9020000100135803,0.7479000091552734
YOR002W,YGL254W,0,-5.8398514,0.10761155188083649,0.9020000100135803,0.7480000257492065
YGL130W,YPL033C,0,-5.84004,0.10759871453046799,0.9020000100135803,0.7480999827384949
YER125W,YDL113C,0,-5.840234,0.10758587718009949,0.9020000100135803,0.748199999332428
YDL181W,YMR312W,0,-5.84035,0.10757304728031158,0.9020000100135803,0.7483000159263611
YBR173C,YIL121W,0,-5.8404775,0.10756021738052368,0.9020000100135803,0.7483999729156494
YKL193C,YOR274W,0,-5.840874,0.10754739493131638,0.9020000100135803,0.7484999895095825
YOR367W,YHR006W,0,-5.841711,0.10753457248210907,0.9020000100135803,0.7486000061035156
YLR256W,YER094C,0,-5.841723,0.10752175748348236,0.9020000100135803,0.7487000226974487
YFL055W,YBR057C,0,-5.842022,0.10750894248485565,0.9020000100135803,0.7487999796867371
YDR424C,YDR386W,0,-5.8421345,0.10749612748622894,0.9020000100135803,0.7488999962806702
YKL182W,YNL219C,0,-5.8424454,0.10748331993818283,0.9020000100135803,0.7490000128746033
YBR298C,YAL015C,0,-5.842541,0.10747051239013672,0.9020000100135803,0.7491000294685364
YMR075W,YPL098C,0,-5.843078,0.1074577048420906,0.9020000100135803,0.7491999864578247
YNL153C,YDR005C,0,-5.8432055,0.10744490474462509,0.9020000100135803,0.7493000030517578
YKL113C,YPR165W,0,-5.8437314,0.10743211209774017,0.9020000100135803,0.7494000196456909
YGR098C,YML049C,0,-5.8437686,0.10741931945085526,0.9020000100135803,0.7494999766349792
YIL051C,YBR136W,0,-5.84378,0.10740652680397034,0.9020000100135803,0.7495999932289124
YNL094W,YDR424C,0,-5.843989,0.10739373415708542,0.9020000100135803,0.7497000098228455
YGR108W,YAL026C,0,-5.844182,0.1073809489607811,0.9020000100135803,0.7498000264167786
YHR007C,YKR022C,0,-5.84468,0.10736817121505737,0.9020000100135803,0.7498999834060669
YGL113W,YFL050C,0,-5.8448906,0.10735539346933365,0.9020000100135803,0.75
YDR076W,YOR081C,0,-5.8449774,0.10734261572360992,0.9020000100135803,0.7501000165939331
YMR184W,YKL017C,0,-5.845102,0.1073298454284668,0.9020000100135803,0.7501999735832214
YOR081C,YLR068W,0,-5.845552,0.10731707513332367,0.9020000100135803,0.7502999901771545
YDL077C,YDR097C,0,-5.845852,0.10730430483818054,0.9020000100135803,0.7504000067710876
YNL329C,YGL045W,0,-5.846067,0.10729154199361801,0.9020000100135803,0.7505000233650208
YNL138W,YKR026C,0,-5.8462677,0.10727877914905548,0.9020000100135803,0.7505999803543091
YKL041W,YIL066C,0,-5.8463078,0.10726602375507355,0.9020000100135803,0.7506999969482422
YLR113W,YMR146C,0,-5.84682,0.10725326836109161,0.9020000100135803,0.7508000135421753
YOL040C,YGL095C,0,-5.846991,0.10724052041769028,0.9020000100135803,0.7508999705314636
YGR085C,YMR200W,0,-5.8470297,0.10722777247428894,0.9020000100135803,0.7509999871253967
YLR330W,YOL100W,0,-5.847185,0.1072150245308876,0.9020000100135803,0.7511000037193298
YDL120W,YKL213C,0,-5.847271,0.10720228403806686,0.9020000100135803,0.7512000203132629
YBR201W,YCR028C,0,-5.847284,0.10718954354524612,0.9020000100135803,0.7512999773025513
YER022W,YDR376W,0,-5.8473573,0.10717680305242538,0.9020000100135803,0.7513999938964844
YPR001W,YPR010C,0,-5.847493,0.10716407001018524,0.9020000100135803,0.7515000104904175
YPL221W,YGL192W,0,-5.847943,0.1071513444185257,0.9020000100135803,0.7516000270843506
YCR073W-A,YBR087W,0,-5.8481784,0.10713861137628555,0.9020000100135803,0.7516999840736389
YMR022W,YIL153W,0,-5.8485165,0.1071258932352066,0.9020000100135803,0.751800000667572
YCR028C,YJR059W,0,-5.848621,0.10711316764354706,0.9020000100135803,0.7519000172615051
YDL120W,YML065W,0,-5.8487334,0.10710044950246811,0.9020000100135803,0.7519999742507935
YOR281C,YER072W,0,-5.849014,0.10708773881196976,0.9020000100135803,0.7520999908447266
YGL006W,YDR150W,0,-5.849317,0.10707502067089081,0.9020000100135803,0.7522000074386597
YPL188W,YNL251C,0,-5.849594,0.10706231743097305,0.9020000100135803,0.7523000240325928
YNL323W,YOR259C,0,-5.849913,0.1070496067404747,0.9020000100135803,0.7523999810218811
YBR087W,YDR225W,0,-5.8499956,0.10703690350055695,0.9020000100135803,0.7524999976158142
YDR054C,YGL006W,0,-5.850073,0.10702420771121979,0.9020000100135803,0.7526000142097473
YDR460W,YEL019C,0,-5.8505545,0.10701150447130203,0.9020000100135803,0.7526999711990356
YCR014C,YGL075C,0,-5.8505974,0.10699881613254547,0.9020000100135803,0.7527999877929688
YOR043W,YBR068C,0,-5.8507166,0.10698612034320831,0.9020000100135803,0.7529000043869019
YLR284C,YDR389W,0,-5.8508344,0.10697343200445175,0.9020000100135803,0.753000020980835
YDL077C,YBR103W,0,-5.8512177,0.10696075111627579,0.9020000100135803,0.7530999779701233
YHR007C,YCR044C,0,-5.8515177,0.10694807022809982,0.9020000100135803,0.7531999945640564
YML132W,YOR020C,0,-5.851635,0.10693538933992386,0.9020000100135803,0.7533000111579895
YJL054W,YGL030W,0,-5.85184,0.10692271590232849,0.9020000100135803,0.7534000277519226
YML121W,YHR027C,0,-5.851841,0.10691004246473312,0.9020000100135803,0.7534999847412109
YJL053W,YPR112C,0,-5.8531275,0.10689736902713776,0.9020000100135803,0.753600001335144
YGR063C,YMR081C,0,-5.853172,0.10688470304012299,0.9020000100135803,0.7537000179290771
YNL206C,YDR073W,0,-5.8535886,0.10687203705310822,0.9020000100135803,0.7537999749183655
YML109W,YDR143C,0,-5.8540325,0.10685937851667404,0.9020000100135803,0.7538999915122986
YMR284W,YGR280C,0,-5.854234,0.10684671998023987,0.9020000100135803,0.7540000081062317
YBR037C,YOR023C,0,-5.8551807,0.1068340614438057,0.9020000100135803,0.7541000247001648
YHR005C,YDR143C,0,-5.8557,0.10682141035795212,0.9020000100135803,0.7541999816894531
YJL010C,YPL170W,0,-5.855841,0.10680875927209854,0.9020000100135803,0.7542999982833862
YDR334W,YOR084W,0,-5.856543,0.10679611563682556,0.9020000100135803,0.7544000148773193
YJL034W,YOL043C,0,-5.8565526,0.10678347200155258,0.9020000100135803,0.7544999718666077
YDR517W,YCR038C,0,-5.8566556,0.1067708358168602,0.9020000100135803,0.7545999884605408
YNL082W,YNL026W,0,-5.856804,0.10675819963216782,0.9020000100135803,0.7547000050544739
YER044C-A,YLR207W,0,-5.857331,0.10674556344747543,0.9020000100135803,0.754800021648407
YHR050W,YIL035C,0,-5.857353,0.10673293471336365,0.9020000100135803,0.7548999786376953
YDR375C,YOR368W,0,-5.8575926,0.10672030597925186,0.9020000100135803,0.7549999952316284
YPL128C,YDL101C,0,-5.85781,0.10670767724514008,0.9020000100135803,0.7551000118255615
YJL139C,YJR077C,0,-5.857901,0.10669505596160889,0.9020000100135803,0.7552000284194946
YOR265W,YIL026C,0,-5.857906,0.1066824346780777,0.9020000100135803,0.755299985408783
YCR008W,YJR050W,0,-5.858288,0.1066698208451271,0.9020000100135803,0.7554000020027161
YDR256C,YNL030W,0,-5.858511,0.10665720701217651,0.9020000100135803,0.7555000185966492
YNL145W,YDR123C,0,-5.859193,0.10664459317922592,0.9020000100135803,0.7555999755859375
YOR033C,YOR068C,0,-5.859525,0.10663198679685593,0.9020000100135803,0.7556999921798706
YOR069W,YDR150W,0,-5.860526,0.10661938786506653,0.9020000100135803,0.7558000087738037
YOL104C,YDR294C,0,-5.8606176,0.10660678148269653,0.9020000100135803,0.7559000253677368
YJL196C,YMR214W,0,-5.8607635,0.10659418255090714,0.9020000100135803,0.7559999823570251
YNR038W,YBR068C,0,-5.8608546,0.10658159106969833,0.9020000100135803,0.7560999989509583
YKL002W,YDL093W,0,-5.8609495,0.10656899958848953,0.9020000100135803,0.7562000155448914
YDR311W,YLR329W,0,-5.8611364,0.10655640810728073,0.9020000100135803,0.7562999725341797
YPL101W,YNL026W,0,-5.8613367,0.10654382407665253,0.9020000100135803,0.7563999891281128
YPL266W,YPR124W,0,-5.8613653,0.10653124004602432,0.9020000100135803,0.7565000057220459
YER162C,YCL027W,0,-5.861661,0.10651865601539612,0.9020000100135803,0.756600022315979
YGR241C,YDR388W,0,-5.8619943,0.10650607943534851,0.9020000100135803,0.7566999793052673
YBR088C,YDL087C,0,-5.8620152,0.1064935028553009,0.9020000100135803,0.7567999958992004
YCL017C,YBL064C,0,-5.8620863,0.10648093372583389,0.9020000100135803,0.7569000124931335
YJL011C,YNL159C,0,-5.8629375,0.10646836459636688,0.9020000100135803,0.7570000290870667
YNL250W,YGL061C,0,-5.8631597,0.10645580291748047,0.9020000100135803,0.757099986076355
YLR295C,YNL167C,0,-5.863605,0.10644324123859406,0.9020000100135803,0.7572000026702881
YMR076C,YJL072C,0,-5.8643785,0.10643067955970764,0.9020000100135803,0.7573000192642212
YLR270W,YGR158C,1,-5.864503,0.10653610527515411,0.902999997138977,0.7573000192642212
YEL022W,YDR294C,0,-5.864594,0.1065235361456871,0.902999997138977,0.7573999762535095
YBR186W,YOR014W,0,-5.864622,0.10651096701622009,0.902999997138977,0.7574999928474426
YGL112C,YER103W,0,-5.864721,0.10649840533733368,0.902999997138977,0.7576000094413757
YML132W,YBR039W,0,-5.864793,0.10648585110902786,0.902999997138977,0.7577000260353088
YPL224C,YHR142W,0,-5.864979,0.10647329688072205,0.902999997138977,0.7577999830245972
YJL089W,YJL198W,0,-5.8657727,0.10646074265241623,0.902999997138977,0.7578999996185303
YLR147C,YER143W,0,-5.8658547,0.10644818842411041,0.902999997138977,0.7580000162124634
YOR173W,YIL079C,1,-5.865958,0.10655350983142853,0.9039999842643738,0.7580000162124634
YBR185C,YAL026C,0,-5.8661237,0.10654095560312271,0.9039999842643738,0.7580999732017517
YLR228C,YJR150C,0,-5.8661876,0.1065284013748169,0.9039999842643738,0.7581999897956848
YML123C,YJL187C,0,-5.8662767,0.10651584714651108,0.9039999842643738,0.7583000063896179
YCR042C,YJL170C,0,-5.866355,0.10650330036878586,0.9039999842643738,0.758400022983551
YLR056W,YPL092W,0,-5.8668194,0.10649075359106064,0.9039999842643738,0.7584999799728394
YOR274W,YLL061W,0,-5.867,0.10647820681333542,0.9039999842643738,0.7585999965667725
YGR140W,YLR045C,0,-5.8671565,0.1064656674861908,0.9039999842643738,0.7587000131607056
YBR133C,YCL044C,0,-5.867317,0.10645313560962677,0.9039999842643738,0.7588000297546387
YNL138W,YOL012C,0,-5.867433,0.10644059628248215,0.9039999842643738,0.758899986743927
YNL015W,YDR389W,0,-5.867814,0.10642806440591812,0.9039999842643738,0.7590000033378601
YER031C,YGL253W,0,-5.8679276,0.10641553997993469,0.9039999842643738,0.7591000199317932
YGL142C,YJL141C,0,-5.868128,0.10640301555395126,0.9039999842643738,0.7591999769210815
YDR309C,YPL227C,0,-5.8683987,0.10639049112796783,0.9039999842643738,0.7592999935150146
YGR116W,YML127W,0,-5.8690624,0.106377974152565,0.9039999842643738,0.7594000101089478
YJR091C,YLL013C,1,-5.869627,0.10648311674594879,0.9049999713897705,0.7594000101089478
YDR434W,YCL044C,0,-5.869804,0.10647058486938477,0.9049999713897705,0.7595000267028809
YGL030W,YML006C,0,-5.869929,0.10645806044340134,0.9049999713897705,0.7595999836921692
YDR427W,YLL043W,0,-5.8704085,0.1064455434679985,0.9049999713897705,0.7597000002861023
YKL197C,YJR076C,0,-5.8706737,0.10643302649259567,0.9049999713897705,0.7598000168800354
YHR118C,YDR277C,0,-5.8707905,0.10642050951719284,0.9049999713897705,0.7598999738693237
YOR348C,YML126C,0,-5.871403,0.10640799254179001,0.9049999713897705,0.7599999904632568
YPL176C,YMR220W,0,-5.8716836,0.10639548301696777,0.9049999713897705,0.7601000070571899
YLR357W,YLR109W,0,-5.871813,0.10638298094272614,0.9049999713897705,0.760200023651123
YMR165C,YOR137C,0,-5.8721247,0.1063704714179039,0.9049999713897705,0.7602999806404114
YKL013C,YGR078C,0,-5.872787,0.10635797679424286,0.9049999713897705,0.7603999972343445
YGR116W,YJL141C,0,-5.8732843,0.10634547472000122,0.9049999713897705,0.7605000138282776
YAR007C,YLL061W,0,-5.873623,0.10633298009634018,0.9049999713897705,0.7605999708175659
YNR039C,YAR007C,0,-5.8737826,0.10632048547267914,0.9049999713897705,0.760699987411499
YNL110C,YCR083W,0,-5.873825,0.1063079982995987,0.9049999713897705,0.7608000040054321
YLR342W,YCL069W,0,-5.873975,0.10629551112651825,0.9049999713897705,0.7609000205993652
YCR075C,YLR305C,0,-5.874226,0.1062830314040184,0.9049999713897705,0.7609999775886536
YNL015W,YOR373W,0,-5.874238,0.10627055168151855,0.9049999713897705,0.7610999941825867
YCR048W,YER168C,0,-5.87486,0.10625807195901871,0.9049999713897705,0.7612000107765198
YPR107C,YGL183C,0,-5.8749857,0.10624559968709946,0.9049999713897705,0.7613000273704529
YOR355W,YGR097W,0,-5.8753858,0.1062331274151802,0.9049999713897705,0.7613999843597412
YJL004C,YOL033W,0,-5.8753858,0.10622065514326096,0.9049999713897705,0.7615000009536743
YER148W,YJR050W,0,-5.8755064,0.1062081903219223,0.9049999713897705,0.7616000175476074
YGL171W,YPL177C,0,-5.876362,0.10619572550058365,0.9049999713897705,0.7616999745368958
YML121W,YNR060W,0,-5.8764486,0.10618326812982559,0.9049999713897705,0.7617999911308289
YKR072C,YCL040W,0,-5.8774095,0.10617081075906754,0.9049999713897705,0.761900007724762
YKL040C,YBL063W,0,-5.8776374,0.10615836083889008,0.9049999713897705,0.7620000243186951
YHR061C,YGL106W,0,-5.8782864,0.10614590346813202,0.9049999713897705,0.7620999813079834
YFL036W,YDR447C,0,-5.878574,0.10613346099853516,0.9049999713897705,0.7621999979019165
YHR160C,YGL254W,0,-5.8786216,0.1061210110783577,0.9049999713897705,0.7623000144958496
YMR052W,YMR056C,0,-5.878796,0.10610856860876083,0.9049999713897705,0.7623999714851379
YGL075C,YNL312W,0,-5.8789134,0.10609613358974457,0.9049999713897705,0.762499988079071
YOR063W,YGL126W,0,-5.8790364,0.1060836911201477,0.9049999713897705,0.7626000046730042
YDL153C,YBL016W,0,-5.8791995,0.10607126355171204,0.9049999713897705,0.7627000212669373
YML128C,YPL124W,0,-5.8792124,0.10605882853269577,0.9049999713897705,0.7627999782562256
YMR139W,YIL009W,0,-5.879297,0.1060464009642601,0.9049999713897705,0.7628999948501587
YLR081W,YDR513W,0,-5.879677,0.10603398084640503,0.9049999713897705,0.7630000114440918
YJR102C,YBR156C,0,-5.880065,0.10602155327796936,0.9049999713897705,0.7631000280380249
YML032C,YOR084W,0,-5.8803287,0.10600913316011429,0.9049999713897705,0.7631999850273132
YGR014W,YGL004C,0,-5.880909,0.10599672049283981,0.9049999713897705,0.7633000016212463
YJL026W,YMR011W,0,-5.880972,0.10598430782556534,0.9049999713897705,0.7634000182151794
YKL002W,YPR137W,0,-5.8814645,0.10597189515829086,0.9049999713897705,0.7634999752044678
YFR046C,YLR045C,0,-5.881695,0.10595948994159698,0.9049999713897705,0.7635999917984009
YLR189C,YPR125W,0,-5.881858,0.1059470847249031,0.9049999713897705,0.763700008392334
YNL015W,YGL099W,0,-5.8820896,0.10593468695878983,0.9049999713897705,0.7638000249862671
YNR035C,YPR175W,0,-5.8830023,0.10592228174209595,0.9049999713897705,0.7638999819755554
YDR156W,YGR175C,0,-5.883636,0.10590989142656326,0.9049999713897705,0.7639999985694885
YDR298C,YOL076W,0,-5.88378,0.10589749366044998,0.9049999713897705,0.7641000151634216
YBR289W,YBR293W,0,-5.88406,0.1058851033449173,0.9049999713897705,0.76419997215271
YMR199W,YHL025W,0,-5.884089,0.10587272047996521,0.9049999713897705,0.7642999887466431
YKL022C,YLL061W,0,-5.884192,0.10586033761501312,0.9049999713897705,0.7644000053405762
YMR052W,YLR266C,0,-5.8847084,0.10584795475006104,0.9049999713897705,0.7645000219345093
YNR001C,YMR043W,0,-5.884945,0.10583557188510895,0.9049999713897705,0.7645999789237976
YLR047C,YLR079W,0,-5.8849783,0.10582319647073746,0.9049999713897705,0.7646999955177307
YPL040C,YLL019C,0,-5.8851466,0.10581082850694656,0.9049999713897705,0.7648000121116638
YLR418C,YBR152W,0,-5.8855114,0.10579846054315567,0.9049999713897705,0.7649000287055969
YBR156C,YPL118W,0,-5.88588,0.10578609257936478,0.9049999713897705,0.7649999856948853
YNL003C,YMR088C,0,-5.885972,0.10577372461557388,0.9049999713897705,0.7651000022888184
YHR133C,YMR029C,0,-5.8861804,0.10576136410236359,0.9049999713897705,0.7652000188827515
YJR022W,YGL192W,0,-5.8862042,0.10574900358915329,0.9049999713897705,0.7652999758720398
YLR181C,YLR166C,0,-5.886224,0.10573665052652359,0.9049999713897705,0.7653999924659729
YEL030W,YNL317W,0,-5.8864985,0.10572429746389389,0.9049999713897705,0.765500009059906
YPL018W,YGL201C,0,-5.886507,0.10571195185184479,0.9049999713897705,0.7656000256538391
YOL149W,YAL021C,1,-5.8865294,0.10581640154123306,0.906000018119812,0.7656000256538391
YBR240C,YNL225C,0,-5.886738,0.10580404102802277,0.906000018119812,0.7656999826431274
YDR143C,YJR046W,0,-5.8868184,0.10579168796539307,0.906000018119812,0.7657999992370605
YPL235W,YPL015C,0,-5.8868785,0.10577933490276337,0.906000018119812,0.7659000158309937
YMR263W,YBL105C,0,-5.8868804,0.10576698929071426,0.906000018119812,0.765999972820282
YNL169C,YIL070C,0,-5.88727,0.10575463622808456,0.906000018119812,0.7660999894142151
YIL085C,YOR372C,0,-5.8875504,0.10574229806661606,0.906000018119812,0.7662000060081482
YDR330W,YDL232W,0,-5.887846,0.10572995990514755,0.906000018119812,0.7663000226020813
YEL036C,YOR195W,0,-5.88797,0.10571762174367905,0.906000018119812,0.7663999795913696
YGR075C,YNL251C,0,-5.888051,0.10570528358221054,0.906000018119812,0.7664999961853027
YHR158C,YDR159W,0,-5.8881235,0.10569295287132263,0.906000018119812,0.7666000127792358
YOL054W,YBL102W,0,-5.888335,0.10568062216043472,0.906000018119812,0.766700029373169
YDR516C,YNL102W,0,-5.8883677,0.10566829890012741,0.906000018119812,0.7667999863624573
YDR023W,YNR049C,0,-5.8884416,0.1056559756398201,0.906000018119812,0.7669000029563904
YGL240W,YGL032C,0,-5.888498,0.10564365983009338,0.906000018119812,0.7670000195503235
YOR049C,YDL217C,0,-5.8885107,0.10563133656978607,0.906000018119812,0.7670999765396118
YGL201C,YDR386W,0,-5.888547,0.10561902821063995,0.906000018119812,0.7671999931335449
YEL022W,YMR301C,0,-5.888553,0.10560671240091324,0.906000018119812,0.767300009727478
YLL022C,YKL192C,0,-5.8886576,0.10559440404176712,0.906000018119812,0.7674000263214111
YML027W,YGR230W,0,-5.8888493,0.1055821031332016,0.906000018119812,0.7674999833106995
YGR005C,YIR019C,0,-5.8889704,0.10556979477405548,0.906000018119812,0.7675999999046326
YKL143W,YGL006W,0,-5.889409,0.10555749386548996,0.906000018119812,0.7677000164985657
YPR009W,YJL072C,0,-5.8895297,0.10554520040750504,0.906000018119812,0.767799973487854
YDR439W,YMR299C,0,-5.8902836,0.10553290694952011,0.906000018119812,0.7678999900817871
YJL140W,YLR136C,1,-5.890359,0.1056370809674263,0.9070000052452087,0.7678999900817871
YBL080C,YHR170W,0,-5.891299,0.10562478005886078,0.9070000052452087,0.7680000066757202
YNL016W,YJL140W,1,-5.8914657,0.10572892427444458,0.9079999923706055,0.7680000066757202
YLR102C,YLL035W,0,-5.891564,0.10571661591529846,0.9079999923706055,0.7681000232696533
YER020W,YBR123C,0,-5.892377,0.10570430755615234,0.9079999923706055,0.7681999802589417
YMR305C,YLR127C,0,-5.892439,0.10569200664758682,0.9079999923706055,0.7682999968528748
YBR214W,YMR077C,0,-5.893155,0.1056797057390213,0.9079999923706055,0.7684000134468079
YGR289C,YDR113C,0,-5.8935385,0.10566740483045578,0.9079999923706055,0.7684999704360962
YOR224C,YML059C,0,-5.893856,0.10565511137247086,0.9079999923706055,0.7685999870300293
YOR179C,YDR022C,0,-5.8939123,0.10564281791448593,0.9079999923706055,0.7687000036239624
YNL072W,YMR161W,0,-5.894042,0.10563052445650101,0.9079999923706055,0.7688000202178955
YJR104C,YDR081C,0,-5.894067,0.10561823844909668,0.9079999923706055,0.7688999772071838
YLR386W,YPL042C,0,-5.8940735,0.10560595244169235,0.9079999923706055,0.7689999938011169
YKL185W,YOR080W,0,-5.8942537,0.10559367388486862,0.9079999923706055,0.76910001039505
YJL013C,YOR181W,0,-5.894291,0.10558139532804489,0.9079999923706055,0.7692000269889832
YPL002C,YKR059W,0,-5.894317,0.10556911677122116,0.9079999923706055,0.7692999839782715
YBL013W,YBR205W,0,-5.8948812,0.10555684566497803,0.9079999923706055,0.7694000005722046
YGL073W,YJL170C,0,-5.8949823,0.1055445745587349,0.9079999923706055,0.7695000171661377
YDL033C,YLR272C,0,-5.895382,0.10553231090307236,0.9079999923706055,0.769599974155426
YJR022W,YJR121W,0,-5.8955765,0.10552004724740982,0.9079999923706055,0.7696999907493591
YIL046W,YKL026C,0,-5.895692,0.10550778359174728,0.9079999923706055,0.7698000073432922
YML128C,YKL119C,0,-5.8957767,0.10549552738666534,0.9079999923706055,0.7699000239372253
YDL166C,YLR047C,0,-5.8958,0.1054832711815834,0.9079999923706055,0.7699999809265137
YPL050C,YDR080W,0,-5.8958273,0.10547101497650146,0.9079999923706055,0.7700999975204468
YBL106C,YJL108C,0,-5.896442,0.10545876622200012,0.9079999923706055,0.7702000141143799
YDL229W,YBR175W,0,-5.896594,0.10544652491807938,0.9079999923706055,0.7702999711036682
YMR044W,YDR256C,0,-5.8966784,0.10543427616357803,0.9079999923706055,0.7703999876976013
YLR410W,YHR043C,0,-5.8969064,0.10542203485965729,0.9079999923706055,0.7705000042915344
YDR412W,YHR030C,0,-5.8974023,0.10540980100631714,0.9079999923706055,0.7706000208854675
YBL026W,YLL013C,1,-5.898025,0.10551363974809647,0.9089999794960022,0.7706000208854675
YDR310C,YGL226C-A,0,-5.8982224,0.10550139099359512,0.9089999794960022,0.7706999778747559
YHR204W,YPR054W,0,-5.898266,0.10548914968967438,0.9089999794960022,0.770799994468689
YDL208W,YPR124W,0,-5.8987746,0.10547690838575363,0.9089999794960022,0.7709000110626221
YMR055C,YPR171W,0,-5.898866,0.10546467453241348,0.9089999794960022,0.7710000276565552
YLL006W,YPL271W,0,-5.8993187,0.10545243322849274,0.9089999794960022,0.7710999846458435
YDR076W,YMR011W,0,-5.8995414,0.10544020682573318,0.9089999794960022,0.7712000012397766
YDR353W,YLR342W,0,-5.8997436,0.10542797297239304,0.9089999794960022,0.7713000178337097
YGL066W,YOR120W,0,-5.899895,0.10541574656963348,0.9089999794960022,0.771399974822998
YLR260W,YMR061W,0,-5.9014044,0.10540352761745453,0.9089999794960022,0.7714999914169312
YBR069C,YBL099W,0,-5.901445,0.10539130121469498,0.9089999794960022,0.7716000080108643
YGL163C,YEL009C,0,-5.901584,0.10537908971309662,0.9089999794960022,0.7717000246047974
YOR233W,YOR187W,0,-5.9020653,0.10536687076091766,0.9089999794960022,0.7717999815940857
YEL026W,YPL106C,0,-5.9027233,0.1053546592593193,0.9089999794960022,0.7718999981880188
YMR283C,YJL116C,0,-5.9028425,0.10534244775772095,0.9089999794960022,0.7720000147819519
YGR092W,YGL096W,0,-5.9028974,0.10533024370670319,0.9089999794960022,0.7720999717712402
YKR055W,YPL127C,0,-5.9037633,0.10531803965568542,0.9089999794960022,0.7721999883651733
YIL007C,YMR022W,0,-5.904463,0.10530583560466766,0.9089999794960022,0.7723000049591064
YLR197W,YNR002C,0,-5.904497,0.1052936390042305,0.9089999794960022,0.7724000215530396
YMR109W,YHR005C-A,0,-5.905053,0.10528144240379333,0.9089999794960022,0.7724999785423279
YER012W,YIR019C,0,-5.905145,0.10526925325393677,0.9089999794960022,0.772599995136261
YDR137W,YNL302C,0,-5.9055815,0.1052570641040802,0.9089999794960022,0.7727000117301941
YKL062W,YKL038W,0,-5.9064984,0.10524487495422363,0.9089999794960022,0.7728000283241272
YPR165W,YJR059W,0,-5.906704,0.10523269325494766,0.9089999794960022,0.7728999853134155
YDR343C,YBR280C,0,-5.9074,0.10522051155567169,0.9089999794960022,0.7730000019073486
YDL101C,YDR080W,0,-5.908205,0.10520832985639572,0.9089999794960022,0.7731000185012817
YMR112C,YBL005W,0,-5.908664,0.10519615560770035,0.9089999794960022,0.7731999754905701
YLL038C,YOL078W,0,-5.9087796,0.10518398880958557,0.9089999794960022,0.7732999920845032
YKL197C,YJL187C,0,-5.9091654,0.1051718145608902,0.9089999794960022,0.7734000086784363
YAR018C,YDR485C,0,-5.90976,0.10515964776277542,0.9089999794960022,0.7735000252723694
YKL146W,YPL116W,0,-5.910327,0.10514748096466064,0.9089999794960022,0.7735999822616577
YGR143W,YJR033C,0,-5.9105062,0.10513532161712646,0.9089999794960022,0.7736999988555908
YOR099W,YER038C,0,-5.9106812,0.10512316226959229,0.9089999794960022,0.7738000154495239
YLR147C,YPL274W,0,-5.910805,0.1051110103726387,0.9089999794960022,0.7738999724388123
YDL079C,YLR219W,0,-5.9110765,0.10509885847568512,0.9089999794960022,0.7739999890327454
YNR035C,YOR266W,0,-5.911397,0.10508670657873154,0.9089999794960022,0.7741000056266785
YGL216W,YJL004C,0,-5.91147,0.10507455468177795,0.9089999794960022,0.7742000222206116
YPR103W,YDR142C,0,-5.911599,0.10506241023540497,0.9089999794960022,0.7742999792098999
YPR189W,YLL013C,1,-5.912077,0.10516583919525146,0.9100000262260437,0.7742999792098999
YKL055C,YNL084C,0,-5.912144,0.10515368729829788,0.9100000262260437,0.774399995803833
YMR188C,YDR171W,0,-5.912512,0.1051415354013443,0.9100000262260437,0.7745000123977661
YGR258C,YGR088W,0,-5.9127526,0.10512939095497131,0.9100000262260437,0.7746000289916992
YML128C,YGL206C,0,-5.913227,0.10511724650859833,0.9100000262260437,0.7746999859809875
YHR160C,YOR030W,0,-5.9137397,0.10510510206222534,0.9100000262260437,0.7748000025749207
YGL115W,YML048W,0,-5.9143286,0.10509296506643295,0.9100000262260437,0.7749000191688538
YHR086W,YDR400W,0,-5.9145274,0.10508082807064056,0.9100000262260437,0.7749999761581421
YDL108W,YJL139C,0,-5.914576,0.10506869852542877,0.9100000262260437,0.7750999927520752
YHR039C-A,YIL072W,0,-5.914784,0.10505656898021698,0.9100000262260437,0.7752000093460083
YDR177W,YNR034W,0,-5.914877,0.10504443943500519,0.9100000262260437,0.7753000259399414
YPL101W,YDL035C,0,-5.9149327,0.10503231734037399,0.9100000262260437,0.7753999829292297
YOR085W,YPL097W,0,-5.9152374,0.1050201952457428,0.9100000262260437,0.7754999995231628
YMR243C,YDR310C,0,-5.915511,0.1050080806016922,0.9100000262260437,0.775600016117096
YJL170C,YKL015W,0,-5.9156914,0.104995958507061,0.9100000262260437,0.7756999731063843
YML043C,YIL061C,0,-5.9157004,0.104983851313591,0.9100000262260437,0.7757999897003174
YNR035C,YJL019W,0,-5.9157376,0.1049717366695404,0.9100000262260437,0.7759000062942505
YDR173C,YDR080W,0,-5.916254,0.1049596294760704,0.9100000262260437,0.7760000228881836
YDR138W,YGR279C,0,-5.9162893,0.104947529733181,0.9100000262260437,0.7760999798774719
YMR312W,YBR280C,0,-5.916323,0.104935422539711,0.9100000262260437,0.776199996471405
YPR137W,YLR207W,0,-5.916827,0.1049233227968216,0.9100000262260437,0.7763000130653381
YFL037W,YLL031C,0,-5.916839,0.10491123050451279,0.9100000262260437,0.7764000296592712
YGR171C,YJL186W,0,-5.9174905,0.10489913821220398,0.9100000262260437,0.7764999866485596
YML121W,YMR164C,0,-5.917636,0.10488704591989517,0.9100000262260437,0.7766000032424927
YOL128C,YPR124W,0,-5.917843,0.10487495362758636,0.9100000262260437,0.7767000198364258
YLR363C,YOL149W,1,-5.918108,0.10497810691595078,0.9110000133514404,0.7767000198364258
YGL209W,YKR022C,0,-5.91819,0.10496600717306137,0.9110000133514404,0.7767999768257141
YHL003C,YOR007C,0,-5.9183874,0.10495391488075256,0.9110000133514404,0.7768999934196472
YMR056C,YGR097W,0,-5.9186463,0.10494183003902435,0.9110000133514404,0.7770000100135803
YLL040C,YDR251W,0,-5.919419,0.10492973774671555,0.9110000133514404,0.7771000266075134
YDR310C,YMR008C,0,-5.919548,0.10491765290498734,0.9110000133514404,0.7771999835968018
YNL118C,YDL175C,1,-5.9196653,0.10502072423696518,0.9120000004768372,0.7771999835968018
YGR143W,YGL058W,0,-5.919999,0.10500863194465637,0.9120000004768372,0.7773000001907349
YLR277C,YLR034C,0,-5.9200964,0.10499654710292816,0.9120000004768372,0.777400016784668
YNL026W,YKR007W,0,-5.9202394,0.10498446226119995,0.9120000004768372,0.7774999737739563
YLR139C,YOL113W,0,-5.920724,0.10497237741947174,0.9120000004768372,0.7775999903678894
YJR013W,YBR205W,0,-5.920924,0.10496029257774353,0.9120000004768372,0.7777000069618225
YLR433C,YPR154W,0,-5.9211674,0.10494821518659592,0.9120000004768372,0.7778000235557556
YJL203W,YPL032C,0,-5.921248,0.1049361377954483,0.9120000004768372,0.777899980545044
YLR270W,YOR173W,1,-5.92192,0.10503911972045898,0.9129999876022339,0.777899980545044
YNR016C,YOR103C,0,-5.922176,0.10502703487873077,0.9129999876022339,0.777999997138977
YDL213C,YHR194W,0,-5.9226227,0.10501495003700256,0.9129999876022339,0.7781000137329102
YHR065C,YOR178C,0,-5.922675,0.10500287264585495,0.9129999876022339,0.7781999707221985
YML014W,YDR251W,0,-5.9228525,0.10499080270528793,0.9129999876022339,0.7782999873161316
YML027W,YGR220C,0,-5.923442,0.10497872531414032,0.9129999876022339,0.7784000039100647
YLL024C,YOL112W,0,-5.924671,0.1049666553735733,0.9129999876022339,0.7785000205039978
YJL073W,YKL173W,0,-5.9250655,0.10495459288358688,0.9129999876022339,0.7785999774932861
YGR070W,YBL041W,0,-5.9251804,0.10494253039360046,0.9129999876022339,0.7786999940872192
YJL112W,YNR002C,0,-5.92527,0.10493046790361404,0.9129999876022339,0.7788000106811523
YLR003C,YLR206W,0,-5.925415,0.10491841286420822,0.9129999876022339,0.7789000272750854
YGL065C,YKR022C,0,-5.925811,0.1049063578248024,0.9129999876022339,0.7789999842643738
YLR220W,YDR440W,0,-5.9258757,0.10489430278539658,0.9129999876022339,0.7791000008583069
YJR066W,YJR147W,0,-5.9260197,0.10488225519657135,0.9129999876022339,0.77920001745224
YOR025W,YGL210W,0,-5.9261127,0.10487020760774612,0.9129999876022339,0.7792999744415283
YOR284W,YBL011W,0,-5.9264803,0.1048581600189209,0.9129999876022339,0.7793999910354614
YJR052W,YKL064W,0,-5.926523,0.10484611988067627,0.9129999876022339,0.7795000076293945
YML092C,YLR427W,0,-5.9266014,0.10483407974243164,0.9129999876022339,0.7796000242233276
YMR182C,YNL025C,0,-5.9266353,0.10482204705476761,0.9129999876022339,0.779699981212616
YER112W,YLL013C,1,-5.9270782,0.10492480546236038,0.9139999747276306,0.779699981212616
YLR260W,YPR162C,0,-5.9274225,0.10491276532411575,0.9139999747276306,0.7797999978065491
YNL167C,YLR109W,0,-5.9274855,0.10490072518587112,0.9139999747276306,0.7799000144004822
YGL163C,YPL170W,0,-5.9278193,0.1048886850476265,0.9139999747276306,0.7799999713897705
YBR236C,YLR039C,0,-5.927895,0.10487665235996246,0.9139999747276306,0.7800999879837036
YKR066C,YDR345C,0,-5.9279943,0.10486461967229843,0.9139999747276306,0.7802000045776367
YMR109W,YCR037C,0,-5.928391,0.1048525869846344,0.9139999747276306,0.7803000211715698
YGR080W,YJL093C,0,-5.9285574,0.10484056174755096,0.9139999747276306,0.7803999781608582
YOR346W,YIL153W,0,-5.9287143,0.10482853651046753,0.9139999747276306,0.7804999947547913
YLR095C,YMR104C,0,-5.928757,0.1048165112733841,0.9139999747276306,0.7806000113487244
YJL106W,YIL010W,0,-5.9287786,0.10480449348688126,0.9139999747276306,0.7807000279426575
YBL018C,YML078W,0,-5.928873,0.10479247570037842,0.9139999747276306,0.7807999849319458
YKL144C,YJR153W,0,-5.929023,0.10478046536445618,0.9139999747276306,0.7809000015258789
YLR047C,YCL010C,0,-5.929637,0.10476845502853394,0.9139999747276306,0.781000018119812
YLR136C,YMR234W,1,-5.929798,0.10487105697393417,0.9150000214576721,0.781000018119812
YNL279W,YDR446W,0,-5.93006,0.10485903918743134,0.9150000214576721,0.7810999751091003
YML001W,YIL068C,0,-5.930292,0.1048470288515091,0.9150000214576721,0.7811999917030334
YNL128W,YDR037W,0,-5.930484,0.10483501106500626,0.9150000214576721,0.7813000082969666
YER044C,YOR226C,0,-5.93053,0.10482300072908401,0.9150000214576721,0.7814000248908997
YOR179C,YPR103W,0,-5.930852,0.10481099784374237,0.9150000214576721,0.781499981880188
YCR086W,YJL004C,0,-5.931018,0.10479899495840073,0.9150000214576721,0.7815999984741211
YKL035W,YFR014C,0,-5.9313393,0.10478699207305908,0.9150000214576721,0.7817000150680542
YDR317W,YPR019W,0,-5.9314327,0.10477498918771744,0.9150000214576721,0.7817999720573425
YGL216W,YGR230W,0,-5.931662,0.10476299375295639,0.9150000214576721,0.7818999886512756
YER072W,YOR351C,0,-5.9318266,0.10475099831819534,0.9150000214576721,0.7820000052452087
YDR166C,YDR273W,0,-5.9328775,0.10473901033401489,0.9150000214576721,0.7821000218391418
YBL011W,YPL031C,0,-5.9330297,0.10472702234983444,0.9150000214576721,0.7821999788284302
YOL068C,YDL174C,0,-5.93309,0.10471503436565399,0.9150000214576721,0.7822999954223633
YER104W,YHR158C,0,-5.9337764,0.10470305383205414,0.9150000214576721,0.7824000120162964
YNL156C,YLR086W,0,-5.933979,0.10469107329845428,0.9150000214576721,0.7825000286102295
YMR293C,YGL163C,0,-5.9342346,0.10467910021543503,0.9150000214576721,0.7825999855995178
YCR048W,YHR158C,0,-5.93433,0.10466712713241577,0.9150000214576721,0.7827000021934509
YJL026W,YKL213C,0,-5.934392,0.10465515404939651,0.9150000214576721,0.782800018787384
YDL078C,YGL181W,0,-5.9346256,0.10464318096637726,0.9150000214576721,0.7828999757766724
YML032C,YAL002W,0,-5.934654,0.1046312153339386,0.9150000214576721,0.7829999923706055
YML038C,YGL096W,0,-5.9347277,0.10461925715208054,0.9150000214576721,0.7831000089645386
YPL083C,YOR023C,0,-5.934741,0.10460729151964188,0.9150000214576721,0.7832000255584717
YGL240W,YJR013W,0,-5.935445,0.10459533333778381,0.9150000214576721,0.78329998254776
YER142C,YJR121W,0,-5.9354796,0.10458338260650635,0.9150000214576721,0.7833999991416931
YFR003C,YML104C,0,-5.935562,0.10457143187522888,0.9150000214576721,0.7835000157356262
YJR091C,YEL015W,1,-5.9357443,0.10467375069856644,0.9160000085830688,0.7835000157356262
YJL164C,YIL125W,0,-5.9361987,0.10466179251670837,0.9160000085830688,0.7835999727249146
YDR023W,YLR189C,0,-5.938157,0.10464983433485031,0.9160000085830688,0.7836999893188477
YGR140W,YNR039C,0,-5.9382696,0.10463787615299225,0.9160000085830688,0.7838000059127808
YIR010W,YKR019C,0,-5.938617,0.10462592542171478,0.9160000085830688,0.7839000225067139
YJL072C,YDR369C,0,-5.9391537,0.10461398214101791,0.9160000085830688,0.7839999794960022
YMR069W,YDL126C,0,-5.939157,0.10460203140974045,0.9160000085830688,0.7840999960899353
YNL278W,YGL017W,0,-5.9394245,0.10459008812904358,0.9160000085830688,0.7842000126838684
YNL210W,YLL026W,0,-5.939453,0.10457814484834671,0.9160000085830688,0.7843000292778015
YER177W,YGR145W,0,-5.9396377,0.10456620901823044,0.9160000085830688,0.7843999862670898
YJR102C,YKL054C,0,-5.940052,0.10455427318811417,0.9160000085830688,0.784500002861023
YLR226W,YLR381W,0,-5.9403114,0.10454234480857849,0.9160000085830688,0.784600019454956
YHR193C,YMR161W,0,-5.9404163,0.10453040897846222,0.9160000085830688,0.7846999764442444
YMR296C,YOR381W,0,-5.940502,0.10451848804950714,0.9160000085830688,0.7847999930381775
YKR072C,YNL293W,0,-5.9405713,0.10450655966997147,0.9160000085830688,0.7849000096321106
YNL169C,YAR007C,0,-5.9408846,0.10449463874101639,0.9160000085830688,0.7850000262260437
YOR037W,YGR074W,0,-5.9409237,0.10448271781206131,0.9160000085830688,0.785099983215332
YLR372W,YMR048W,0,-5.9413753,0.10447080433368683,0.9160000085830688,0.7851999998092651
YGL168W,YJR035W,0,-5.9414306,0.10445889085531235,0.9160000085830688,0.7853000164031982
YHR096C,YOL130W,0,-5.941613,0.10444697737693787,0.9160000085830688,0.7853999733924866
YDR328C,YPL083C,0,-5.941901,0.10443507134914398,0.9160000085830688,0.7854999899864197
YKR046C,YOR162C,0,-5.942095,0.1044231653213501,0.9160000085830688,0.7856000065803528
YMR236W,YMR088C,0,-5.9433165,0.10441125929355621,0.9160000085830688,0.7857000231742859
YPR083W,YBL045C,0,-5.943534,0.10439936071634293,0.9160000085830688,0.7857999801635742
YNL012W,YKL141W,0,-5.9442787,0.10438746213912964,0.9160000085830688,0.7858999967575073
YDL142C,YNL167C,0,-5.9447355,0.10437557101249695,0.9160000085830688,0.7860000133514404
YGR186W,YDR377W,0,-5.944848,0.10436367988586426,0.9160000085830688,0.7860999703407288
YBR119W,YLR219W,0,-5.9451847,0.10435178875923157,0.9160000085830688,0.7861999869346619
YLR181C,YJR046W,0,-5.945296,0.10433990508317947,0.9160000085830688,0.786300003528595
YPL135W,YNL148C,0,-5.9457507,0.10432802140712738,0.9160000085830688,0.7864000201225281
YJL176C,YMR232W,0,-5.9457912,0.10431613773107529,0.9160000085830688,0.7864999771118164
YPL177C,YAL047C,0,-5.9459276,0.10430426150560379,0.9160000085830688,0.7865999937057495
YLR284C,YPR103W,0,-5.946474,0.1042923852801323,0.9160000085830688,0.7867000102996826
YLR201C,YPL018W,0,-5.946541,0.1042805090546608,0.9160000085830688,0.7868000268936157
YJL008C,YOR032C,0,-5.946638,0.1042686402797699,0.9160000085830688,0.786899983882904
YNR015W,YDR251W,0,-5.9466395,0.104256771504879,0.9160000085830688,0.7870000004768372
YER070W,YHR106W,0,-5.9467425,0.1042449101805687,0.9160000085830688,0.7871000170707703
YNR038W,YBL016W,0,-5.946959,0.1042330414056778,0.9160000085830688,0.7871999740600586
YKL206C,YER154W,0,-5.9472475,0.10422118753194809,0.9160000085830688,0.7872999906539917
YOR076C,YNL118C,1,-5.9475546,0.10432309657335281,0.9169999957084656,0.7872999906539917
YNL270C,YJL059W,0,-5.947653,0.10431122779846191,0.9169999957084656,0.7874000072479248
YKR046C,YKL022C,0,-5.947754,0.10429936647415161,0.9169999957084656,0.7875000238418579
YER162C,YCR031C,0,-5.9482203,0.10428749769926071,0.9169999957084656,0.7875999808311462
YGL119W,YMR220W,0,-5.9488726,0.104275643825531,0.9169999957084656,0.7876999974250793
YHR014W,YBL014C,0,-5.948888,0.1042637899518013,0.9169999957084656,0.7878000140190125
YGL219C,YJL141C,0,-5.9491177,0.1042519360780716,0.9169999957084656,0.7878999710083008
YOL069W,YLL061W,0,-5.9491253,0.10424008220434189,0.9169999957084656,0.7879999876022339
YBR106W,YDL181W,0,-5.9491796,0.10422823578119278,0.9169999957084656,0.788100004196167
YCL034W,YDR515W,0,-5.9493437,0.10421638935804367,0.9169999957084656,0.7882000207901001
YKL175W,YNL199C,0,-5.9494233,0.10420454293489456,0.9169999957084656,0.7882999777793884
YMR200W,YDR386W,0,-5.949758,0.10419270396232605,0.9169999957084656,0.7883999943733215
YMR314W,YBR156C,0,-5.9512,0.10418086498975754,0.9169999957084656,0.7885000109672546
YDR058C,YNL054W,0,-5.9512424,0.10416903346776962,0.9169999957084656,0.7886000275611877
YNR001C,YDR071C,0,-5.9513083,0.10415720194578171,0.9169999957084656,0.7886999845504761
YCR027C,YMR077C,0,-5.9519725,0.10414537042379379,0.9169999957084656,0.7888000011444092
YHR206W,YDR043C,0,-5.95205,0.10413354635238647,0.9169999957084656,0.7889000177383423
YIL143C,YPL076W,0,-5.9521685,0.10412172228097916,0.9169999957084656,0.7889999747276306
YIR011C,YDL076C,0,-5.9522696,0.10410989820957184,0.9169999957084656,0.7890999913215637
YGL206C,YOL005C,0,-5.952544,0.10409808158874512,0.9169999957084656,0.7892000079154968
YPL190C,YEL018W,0,-5.9531746,0.1040862649679184,0.9169999957084656,0.7893000245094299
YGR220C,YBL088C,0,-5.9535027,0.10407445579767227,0.9169999957084656,0.7893999814987183
YLR433C,YBR070C,0,-5.953516,0.10406263917684555,0.9169999957084656,0.7894999980926514
YLR034C,YNL119W,0,-5.954264,0.10405083745718002,0.9169999957084656,0.7896000146865845
YBR103W,YLR095C,0,-5.954434,0.1040390282869339,0.9169999957084656,0.7896999716758728
YBR280C,YAL033W,0,-5.9558887,0.10402722656726837,0.9169999957084656,0.7897999882698059
YMR264W,YDR329C,0,-5.9559155,0.10401542484760284,0.9169999957084656,0.789900004863739
YEL022W,YOR230W,0,-5.9561214,0.10400363057851791,0.9169999957084656,0.7900000214576721
YGR220C,YDR096W,0,-5.9563384,0.10399183630943298,0.9169999957084656,0.7900999784469604
YPR138C,YKL089W,0,-5.956379,0.10398004204034805,0.9169999957084656,0.7901999950408936
YGR230W,YLR399C,0,-5.9564905,0.10396825522184372,0.9169999957084656,0.7903000116348267
YDR259C,YHR167W,0,-5.956564,0.10395646840333939,0.9169999957084656,0.7904000282287598
YHR161C,YGR088W,0,-5.9573665,0.10394468158483505,0.9169999957084656,0.7904999852180481
YNL279W,YDR245W,0,-5.957558,0.10393290221691132,0.9169999957084656,0.7906000018119812
YNL297C,YDR285W,0,-5.9577436,0.10392112284898758,0.9169999957084656,0.7907000184059143
YPL159C,YEL022W,0,-5.9579816,0.10390935093164444,0.9169999957084656,0.7907999753952026
YML123C,YLR069C,0,-5.958066,0.1038975790143013,0.9169999957084656,0.7908999919891357
YJL008C,YPL036W,0,-5.958168,0.10388580709695816,0.9169999957084656,0.7910000085830688
YDL006W,YDR523C,0,-5.9583125,0.10387403517961502,0.9169999957084656,0.791100025177002
YKL017C,YDR113C,0,-5.9584846,0.10386227071285248,0.9169999957084656,0.7911999821662903
YGL219C,YPR154W,0,-5.9585705,0.10385050624608994,0.9169999957084656,0.7912999987602234
YOL117W,YLR085C,0,-5.958639,0.10383874922990799,0.9169999957084656,0.7914000153541565
YCR053W,YDR298C,0,-5.9586806,0.10382699221372604,0.9169999957084656,0.7914999723434448
YCR040W,YFL036W,0,-5.9594493,0.1038152351975441,0.9169999957084656,0.7915999889373779
YLR418C,YMR232W,0,-5.959464,0.10380348563194275,0.9169999957084656,0.791700005531311
YJR006W,YNL202W,0,-5.959836,0.1037917360663414,0.9169999957084656,0.7918000221252441
YGR086C,YAL001C,0,-5.9599514,0.10377999395132065,0.9169999957084656,0.7918999791145325
YML001W,YMR037C,0,-5.960225,0.1037682443857193,0.9169999957084656,0.7919999957084656
YER103W,YGL030W,0,-5.9605436,0.10375650972127914,0.9169999957084656,0.7921000123023987
YLR262C,YOR028C,0,-5.9611588,0.10374476760625839,0.9169999957084656,0.7922000288963318
YDL226C,YJL001W,0,-5.96174,0.10373303294181824,0.9169999957084656,0.7922999858856201
YKR031C,YIL122W,0,-5.9618187,0.10372129827737808,0.9169999957084656,0.7924000024795532
YDR126W,YBR154C,0,-5.961934,0.10370957106351852,0.9169999957084656,0.7925000190734863
YDL232W,YGL025C,0,-5.9619393,0.10369783639907837,0.9169999957084656,0.7925999760627747
YNL199C,YOR180C,0,-5.9619603,0.10368611663579941,0.9169999957084656,0.7926999926567078
YGL225W,YPL096W,0,-5.9620943,0.10367438942193985,0.9169999957084656,0.7928000092506409
YGR047C,YGR142W,0,-5.962155,0.10366266965866089,0.9169999957084656,0.792900025844574
YGR209C,YMR309C,0,-5.962519,0.10365095734596252,0.9169999957084656,0.7929999828338623
YDR072C,YML126C,0,-5.962881,0.10363923758268356,0.9169999957084656,0.7930999994277954
YBR253W,YOL148C,0,-5.9630003,0.1036275252699852,0.9169999957084656,0.7932000160217285
YNL304W,YPL156C,0,-5.963051,0.10361582040786743,0.9169999957084656,0.7932999730110168
YCR053W,YLL026W,0,-5.9632077,0.10360411554574966,0.9169999957084656,0.79339998960495
YJL208C,YLR270W,1,-5.963256,0.10370537638664246,0.9179999828338623,0.79339998960495
YMR037C,YDR098C,0,-5.9634123,0.10369366407394409,0.9179999828338623,0.7935000061988831
YMR104C,YNL061W,0,-5.963444,0.10368195176124573,0.9179999828338623,0.7936000227928162
YNL123W,YMR156C,0,-5.9635396,0.10367023944854736,0.9179999828338623,0.7936999797821045
YOR321W,YNL055C,0,-5.96355,0.1036585345864296,0.9179999828338623,0.7937999963760376
YDR421W,YMR192W,0,-5.9637904,0.10364682972431183,0.9179999828338623,0.7939000129699707
YPR072W,YAL021C,1,-5.964201,0.10374802350997925,0.9190000295639038,0.7939000129699707
YLR353W,YGL163C,0,-5.964332,0.10373631119728088,0.9190000295639038,0.7940000295639038
YNL243W,YPL116W,0,-5.9644856,0.10372460633516312,0.9190000295639038,0.7940999865531921
YOR172W,YGL061C,0,-5.964825,0.10371290147304535,0.9190000295639038,0.7942000031471252
YOL105C,YGL033W,0,-5.9648967,0.10370119661092758,0.9190000295639038,0.7943000197410583
YBR212W,YDR176W,0,-5.9652576,0.10368949919939041,0.9190000295639038,0.7943999767303467
YJL069C,YPL015C,0,-5.9655495,0.10367779433727264,0.9190000295639038,0.7944999933242798
YLR113W,YER040W,0,-5.965909,0.10366610437631607,0.9190000295639038,0.7946000099182129
YLR007W,YGR086C,0,-5.966045,0.1036544069647789,0.9190000295639038,0.794700026512146
YDL079C,YFL017W-A,0,-5.966085,0.10364271700382233,0.9190000295639038,0.7947999835014343
YDR108W,YGL096W,0,-5.9661026,0.10363103449344635,0.9190000295639038,0.7949000000953674
YJL203W,YBR129C,0,-5.9664,0.10361935198307037,0.9190000295639038,0.7950000166893005
YMR231W,YMR069W,0,-5.966984,0.1036076694726944,0.9190000295639038,0.7950999736785889
YDR151C,YHR041C,0,-5.967436,0.10359598696231842,0.9190000295639038,0.795199990272522
YMR199W,YLR153C,0,-5.967611,0.10358431190252304,0.9190000295639038,0.7953000068664551
YEL012W,YOR320C,0,-5.9679103,0.10357263684272766,0.9190000295639038,0.7954000234603882
YLR411W,YER093C,0,-5.968464,0.10356096178293228,0.9190000295639038,0.7954999804496765
YPL202C,YDR507C,0,-5.9686227,0.1035492941737175,0.9190000295639038,0.7955999970436096
YKR066C,YDR311W,0,-5.9688253,0.10353762656450272,0.9190000295639038,0.7957000136375427
YOL093W,YLR035C,0,-5.9692416,0.10352596640586853,0.9190000295639038,0.795799970626831
YOL113W,YJL059W,0,-5.9693785,0.10351430624723434,0.9190000295639038,0.7958999872207642
YIR018W,YJR147W,0,-5.9698977,0.10350264608860016,0.9190000295639038,0.7960000038146973
YOR266W,YER148W,0,-5.9699216,0.10349099338054657,0.9190000295639038,0.7961000204086304
YGR246C,YLR361C,0,-5.9700165,0.10347934067249298,0.9190000295639038,0.7961999773979187
YKR066C,YCR031C,0,-5.9701877,0.10346768796443939,0.9190000295639038,0.7962999939918518
YBR240C,YOR310C,0,-5.9704847,0.1034560427069664,0.9190000295639038,0.7964000105857849
YKL173W,YLR081W,0,-5.970724,0.10344439744949341,0.9190000295639038,0.796500027179718
YBL022C,YJL102W,0,-5.9713902,0.10343275219202042,0.9190000295639038,0.7965999841690063
YDL181W,YDR097C,0,-5.971548,0.10342111438512802,0.9190000295639038,0.7967000007629395
YBR048W,YKR002W,0,-5.971662,0.10340947657823563,0.9190000295639038,0.7968000173568726
YDR353W,YMR190C,0,-5.9719205,0.10339783877134323,0.9190000295639038,0.7968999743461609
YNR001C,YJL139C,0,-5.9724956,0.10338620841503143,0.9190000295639038,0.796999990940094
YIL065C,YPL078C,0,-5.972764,0.10337457805871964,0.9190000295639038,0.7971000075340271
YOR142W,YKL038W,0,-5.972982,0.10336294770240784,0.9190000295639038,0.7972000241279602
YKL201C,YGL201C,0,-5.9733963,0.10335132479667664,0.9190000295639038,0.7972999811172485
YJL073W,YLR095C,0,-5.9735107,0.10333970189094543,0.9190000295639038,0.7973999977111816
YBL090W,YJL013C,0,-5.97365,0.10332808643579483,0.9190000295639038,0.7975000143051147
YMR119W,YNL061W,0,-5.9738007,0.10331647098064423,0.9190000295639038,0.7975999712944031
YOL139C,YAL021C,1,-5.9739985,0.10341726988554001,0.9200000166893005,0.7975999712944031
YIL007C,YOL071W,0,-5.974547,0.10340563952922821,0.9200000166893005,0.7976999878883362
YBR167C,YLR385C,0,-5.9748406,0.1033940240740776,0.9200000166893005,0.7978000044822693
YJL095W,YOR226C,0,-5.974956,0.1033824011683464,0.9200000166893005,0.7979000210762024
YBR240C,YDL161W,0,-5.975051,0.1033707857131958,0.9200000166893005,0.7979999780654907
YPR100W,YDR424C,0,-5.9757357,0.1033591702580452,0.9200000166893005,0.7980999946594238
YIL008W,YJR153W,0,-5.976165,0.10334756225347519,0.9200000166893005,0.7982000112533569
YDL046W,YKL034W,0,-5.9769697,0.10333595424890518,0.9200000166893005,0.79830002784729
YJR013W,YDR323C,0,-5.977066,0.10332434624433517,0.9200000166893005,0.7983999848365784
YDR451C,YLR427W,0,-5.977082,0.10331274569034576,0.9200000166893005,0.7985000014305115
YGL090W,YNL314W,0,-5.977119,0.10330114513635635,0.9200000166893005,0.7986000180244446
YOR198C,YDR425W,0,-5.977182,0.10328954458236694,0.9200000166893005,0.7986999750137329
YBR211C,YMR006C,0,-5.9783053,0.10327795147895813,0.9200000166893005,0.798799991607666
YIL150C,YOR244W,0,-5.978511,0.10326635837554932,0.9200000166893005,0.7989000082015991
YDR207C,YCR075C,0,-5.97894,0.1032547727227211,0.9200000166893005,0.7990000247955322
YDL247W,YJR064W,0,-5.9789824,0.10324317961931229,0.9200000166893005,0.7990999817848206
YDR254W,YMR056C,0,-5.979364,0.10323160141706467,0.9200000166893005,0.7991999983787537
YHR077C,YNL118C,1,-5.9796286,0.10333221405744553,0.9210000038146973,0.7991999983787537
YBR158W,YMR079W,0,-5.9797497,0.10332062095403671,0.9210000038146973,0.7993000149726868
YNL097C,YLR097C,0,-5.980442,0.1033090278506279,0.9210000038146973,0.7993999719619751
YER040W,YJL112W,0,-5.980714,0.10329744219779968,0.9210000038146973,0.7994999885559082
YHR161C,YPL255W,0,-5.9808283,0.10328585654497147,0.9210000038146973,0.7996000051498413
YOL123W,YLR095C,0,-5.9808826,0.10327427834272385,0.9210000038146973,0.7997000217437744
YDR437W,YPR031W,0,-5.9809456,0.10326270014047623,0.9210000038146973,0.7997999787330627
YPR007C,YGL017W,0,-5.9813304,0.10325112193822861,0.9210000038146973,0.7998999953269958
YER027C,YOR191W,0,-5.981441,0.10323954373598099,0.9210000038146973,0.800000011920929
YJR158W,YML124C,0,-5.9822536,0.10322797298431396,0.9210000038146973,0.8001000285148621
YMR106C,YBR173C,0,-5.982295,0.10321640968322754,0.9210000038146973,0.8001999855041504
YJL011C,YOR035C,0,-5.9823017,0.10320483893156052,0.9210000038146973,0.8003000020980835
YKL015W,YML048W,0,-5.9823585,0.10319327563047409,0.9210000038146973,0.8004000186920166
YOR014W,YGR179C,0,-5.982428,0.10318171977996826,0.9210000038146973,0.8004999756813049
YBR223C,YER094C,0,-5.9824905,0.10317015647888184,0.9210000038146973,0.800599992275238
YNL123W,YPL116W,0,-5.982776,0.10315860062837601,0.9210000038146973,0.8007000088691711
YHL034C,YKR067W,0,-5.9827795,0.10314705222845078,0.9210000038146973,0.8008000254631042
YDR156W,YOR346W,0,-5.983574,0.10313549637794495,0.9210000038146973,0.8008999824523926
YGR029W,YBL058W,0,-5.983708,0.10312394797801971,0.9210000038146973,0.8009999990463257
YPR100W,YKR081C,0,-5.9838104,0.10311240702867508,0.9210000038146973,0.8011000156402588
YDR310C,YGR252W,0,-5.9841075,0.10310085862874985,0.9210000038146973,0.8011999726295471
YDL079C,YIL128W,0,-5.9841437,0.10308932512998581,0.9210000038146973,0.8012999892234802
YOR338W,YHR005C-A,0,-5.984355,0.10307778418064117,0.9210000038146973,0.8014000058174133
YHR172W,YLR097C,0,-5.984474,0.10306625068187714,0.9210000038146973,0.8015000224113464
YGL043W,YDL095W,0,-5.9852204,0.1030547171831131,0.9210000038146973,0.8015999794006348
YJL198W,YER093C,0,-5.985354,0.10304318368434906,0.9210000038146973,0.8016999959945679
YHR111W,YBR073W,0,-5.9858904,0.10303165763616562,0.9210000038146973,0.801800012588501
YHL020C,YLR381W,0,-5.986084,0.10302013158798218,0.9210000038146973,0.8019000291824341
YJL030W,YAL034W-A,0,-5.9861355,0.10300861299037933,0.9210000038146973,0.8019999861717224
YGL166W,YMR058W,0,-5.9872136,0.10299709439277649,0.9210000038146973,0.8021000027656555
YIL153W,YNL216W,0,-5.987231,0.10298557579517365,0.9210000038146973,0.8022000193595886
YHR005C,YLR095C,0,-5.9875374,0.1029740571975708,0.9210000038146973,0.802299976348877
YKR002W,YNR019W,0,-5.987856,0.10296254605054855,0.9210000038146973,0.8023999929428101
YBL047C,YOR194C,0,-5.9889812,0.1029510423541069,0.9210000038146973,0.8025000095367432
YML075C,YDR443C,0,-5.989538,0.10293953120708466,0.9210000038146973,0.8026000261306763
YBR156C,YDR301W,0,-5.989865,0.102928027510643,0.9210000038146973,0.8026999831199646
YLR256W,YLR215C,0,-5.990106,0.10291652381420135,0.9210000038146973,0.8027999997138977
YPR125W,YBR068C,0,-5.9905005,0.1029050275683403,0.9210000038146973,0.8029000163078308
YJR160C,YLR427W,0,-5.9909964,0.10289353132247925,0.9210000038146973,0.8029999732971191
YDR259C,YPR001W,0,-5.991158,0.1028820350766182,0.9210000038146973,0.8030999898910522
YDR036C,YIL143C,0,-5.991955,0.10287054628133774,0.9210000038146973,0.8032000064849854
YGL252C,YNL251C,0,-5.991971,0.10285905748605728,0.9210000038146973,0.8033000230789185
YBR202W,YPL007C,0,-5.992102,0.10284756869077682,0.9210000038146973,0.8033999800682068
YNL097C,YPL065W,0,-5.992447,0.10283608734607697,0.9210000038146973,0.8034999966621399
YEL003W,YCL040W,0,-5.9924936,0.1028246060013771,0.9210000038146973,0.803600013256073
YDR362C,YPL255W,0,-5.992992,0.10281312465667725,0.9210000038146973,0.8036999702453613
YNL293W,YMR207C,0,-5.9930825,0.10280165076255798,0.9210000038146973,0.8037999868392944
YKR008W,YDL002C,0,-5.99311,0.10279017686843872,0.9210000038146973,0.8039000034332275
YJL042W,YOR145C,0,-5.9931126,0.10277871042490005,0.9210000038146973,0.8040000200271606
YLR298C,YBR175W,0,-5.993387,0.10276723653078079,0.9210000038146973,0.804099977016449
YAL029C,YLR369W,0,-5.9937897,0.10275577008724213,0.9210000038146973,0.8041999936103821
YMR013C,YGR132C,0,-5.993831,0.10274431109428406,0.9210000038146973,0.8043000102043152
YOR033C,YAL024C,0,-5.993857,0.10273285210132599,0.9210000038146973,0.8044000267982483
YIR017C,YCR037C,0,-5.9939723,0.10272139310836792,0.9210000038146973,0.8044999837875366
YER143W,YMR192W,0,-5.9939814,0.10270993411540985,0.9210000038146973,0.8046000003814697
YNR026C,YJL094C,0,-5.9940715,0.10269848257303238,0.9210000038146973,0.8047000169754028
YKL185W,YKR031C,0,-5.994282,0.10268703103065491,0.9210000038146973,0.8047999739646912
YPL271W,YMR263W,0,-5.994683,0.10267558693885803,0.9210000038146973,0.8048999905586243
YNL202W,YGR036C,0,-5.9950705,0.10266414284706116,0.9210000038146973,0.8050000071525574
YKL054C,YLL040C,0,-5.9954624,0.10265269875526428,0.9210000038146973,0.8051000237464905
YKR066C,YJL125C,0,-5.9958844,0.10264125466346741,0.9210000038146973,0.8051999807357788
YPL130W,YPR112C,0,-5.996262,0.10262981802225113,0.9210000038146973,0.8052999973297119
YIL038C,YJR091C,1,-5.996518,0.10272980481386185,0.921999990940094,0.8052999973297119
YOR349W,YKL112W,0,-5.996555,0.10271836072206497,0.921999990940094,0.805400013923645
YOR320C,YER166W,0,-5.9968123,0.1027069166302681,0.921999990940094,0.8054999709129333
YML092C,YBL023C,0,-5.997201,0.10269547998905182,0.921999990940094,0.8055999875068665
YGL187C,YOR321W,0,-5.997336,0.10268404334783554,0.921999990940094,0.8057000041007996
YOL095C,YNL318C,0,-5.9977593,0.10267260670661926,0.921999990940094,0.8058000206947327
YNL243W,YKL045W,0,-5.9978824,0.10266117006540298,0.921999990940094,0.805899977684021
YMR314W,YEL031W,0,-5.997888,0.1026497408747673,0.921999990940094,0.8059999942779541
YDL140C,YDR078C,0,-5.9981127,0.10263831913471222,0.921999990940094,0.8061000108718872
YLR293C,YBR048W,0,-5.99817,0.10262688994407654,0.921999990940094,0.8062000274658203
YGR157W,YBR245C,0,-5.998485,0.10261546820402145,0.921999990940094,0.8062999844551086
YOL017W,YBR212W,0,-5.998731,0.10260405391454697,0.921999990940094,0.8064000010490417
YDL081C,YER012W,0,-5.9991946,0.10259263217449188,0.921999990940094,0.8065000176429749
YGR143W,YDR251W,0,-5.9995794,0.1025812178850174,0.921999990940094,0.8065999746322632
YER020W,YNL259C,0,-5.999838,0.1025698110461235,0.921999990940094,0.8066999912261963
YGR161C,YOL072W,0,-6.0002313,0.10255839675664902,0.921999990940094,0.8068000078201294
YGL172W,YNL053W,0,-6.000409,0.10254698991775513,0.921999990940094,0.8069000244140625
YJL122W,YGR289C,0,-6.0005674,0.10253559052944183,0.921999990940094,0.8069999814033508
YLR048W,YLR466W,0,-6.0005774,0.10252418369054794,0.921999990940094,0.8070999979972839
YCR048W,YOL117W,0,-6.000666,0.10251278430223465,0.921999990940094,0.807200014591217
YKL086W,YGL075C,0,-6.0016837,0.10250139236450195,0.921999990940094,0.8072999715805054
YPL078C,YCR083W,0,-6.002221,0.10248999297618866,0.921999990940094,0.8073999881744385
YNL045W,YOL020W,0,-6.0031652,0.10247860103845596,0.921999990940094,0.8075000047683716
YDR208W,YER070W,0,-6.003561,0.10246721655130386,0.921999990940094,0.8076000213623047
YNL302C,YDR425W,0,-6.003664,0.10245583206415176,0.921999990940094,0.807699978351593
YLR240W,YML065W,0,-6.003789,0.10244444757699966,0.921999990940094,0.8077999949455261
YML001W,YGR144W,0,-6.00467,0.10243306308984756,0.921999990940094,0.8079000115394592
YPR140W,YDR091C,0,-6.00467,0.10242168605327606,0.921999990940094,0.8080000281333923
YPL274W,YJR086W,0,-6.00469,0.10241030901670456,0.921999990940094,0.8080999851226807
YDR427W,YEL050C,0,-6.0051866,0.10239893198013306,0.921999990940094,0.8082000017166138
YLR270W,YDR378C,1,-6.0062313,0.1024986132979393,0.9229999780654907,0.8082000017166138
YOR332W,YDR004W,0,-6.0063086,0.1024872288107872,0.9229999780654907,0.8083000183105469
YLR398C,YJL140W,1,-6.0065117,0.10258688032627106,0.9240000247955322,0.8083000183105469
YFR008W,YOR259C,0,-6.0067167,0.10257548838853836,0.9240000247955322,0.8083999752998352
YDR295C,YJL019W,0,-6.0069675,0.10256410390138626,0.9240000247955322,0.8084999918937683
YLL015W,YOR080W,0,-6.007348,0.10255271941423416,0.9240000247955322,0.8086000084877014
YKL028W,YDR225W,0,-6.007452,0.10254133492708206,0.9240000247955322,0.8087000250816345
YMR243C,YML128C,0,-6.007949,0.10252995789051056,0.9240000247955322,0.8087999820709229
YIL117C,YLR219W,0,-6.008171,0.10251858085393906,0.9240000247955322,0.808899998664856
YBR168W,YJR033C,0,-6.0081778,0.10250721126794815,0.9240000247955322,0.8090000152587891
YBR294W,YBR129C,0,-6.008397,0.10249584168195724,0.9240000247955322,0.8090999722480774
YGR013W,YOR103C,0,-6.0084305,0.10248447209596634,0.9240000247955322,0.8091999888420105
YBR102C,YPR134W,0,-6.008622,0.10247310996055603,0.9240000247955322,0.8093000054359436
YOR061W,YBR132C,0,-6.008757,0.10246174037456512,0.9240000247955322,0.8094000220298767
YCR073W-A,YKR001C,0,-6.009089,0.10245038568973541,0.9240000247955322,0.809499979019165
YDL142C,YLR208W,0,-6.009289,0.1024390235543251,0.9240000247955322,0.8095999956130981
YIR021W,YBL047C,0,-6.0093307,0.10242766886949539,0.9240000247955322,0.8097000122070312
YER003C,YBL099W,0,-6.009364,0.10241631418466568,0.9240000247955322,0.8098000288009644
YGR244C,YBL056W,0,-6.010108,0.10240496695041656,0.9240000247955322,0.8098999857902527
YGL252C,YBR072W,0,-6.01079,0.10239361971616745,0.9240000247955322,0.8100000023841858
YJL127C,YPR119W,0,-6.010909,0.10238227248191833,0.9240000247955322,0.8101000189781189
YKL035W,YDL030W,0,-6.011381,0.10237092524766922,0.9240000247955322,0.8101999759674072
YGL073W,YMR053C,0,-6.011683,0.1023595854640007,0.9240000247955322,0.8102999925613403
YIL062C,YDR181C,0,-6.011902,0.10234825313091278,0.9240000247955322,0.8104000091552734
YKL059C,YCR024C-A,0,-6.01205,0.10233691334724426,0.9240000247955322,0.8105000257492065
YMR104C,YGR200C,0,-6.012053,0.10232558101415634,0.9240000247955322,0.8105999827384949
YBL023C,YLR165C,0,-6.012077,0.10231424868106842,0.9240000247955322,0.810699999332428
YHR172W,YNL025C,0,-6.0132523,0.1023029237985611,0.9240000247955322,0.8108000159263611
YML007W,YJL062W,0,-6.0133147,0.10229159891605377,0.9240000247955322,0.8108999729156494
YMR208W,YMR042W,0,-6.0133204,0.10228027403354645,0.9240000247955322,0.8109999895095825
YMR036C,YEL063C,0,-6.013961,0.10226895660161972,0.9240000247955322,0.8111000061035156
YLR270W,YMR234W,1,-6.0146813,0.1023683026432991,0.925000011920929,0.8111000061035156
YOR172W,YJR119C,0,-6.015528,0.10235697776079178,0.925000011920929,0.8112000226974487
YNL113W,YKL026C,0,-6.015609,0.10234565287828445,0.925000011920929,0.8112999796867371
YDR058C,YPL098C,0,-6.0165434,0.10233432799577713,0.925000011920929,0.8113999962806702
YMR067C,YHR191C,0,-6.0166426,0.1023230105638504,0.925000011920929,0.8115000128746033
YPR163C,YJL042W,0,-6.0170245,0.10231169313192368,0.925000011920929,0.8116000294685364
YER177W,YBL041W,0,-6.0173397,0.10230037569999695,0.925000011920929,0.8116999864578247
YFL029C,YGL063W,0,-6.017622,0.10228906571865082,0.925000011920929,0.8118000030517578
YJL026W,YOL012C,0,-6.0179787,0.10227775573730469,0.925000011920929,0.8119000196456909
YKL020C,YJL166W,0,-6.0182395,0.10226644575595856,0.925000011920929,0.8119999766349792
YCR057C,YPR111W,0,-6.018319,0.10225514322519302,0.925000011920929,0.8120999932289124
YGL029W,YOR035C,0,-6.0184593,0.10224384069442749,0.925000011920929,0.8122000098228455
YGR113W,YGL096W,0,-6.018465,0.10223253816366196,0.925000011920929,0.8123000264167786
YJL091C,YFR037C,0,-6.021243,0.10222124308347702,0.925000011920929,0.8123999834060669
YLR362W,YDR052C,0,-6.02198,0.10220994800329208,0.925000011920929,0.8125
YPL147W,YJR043C,0,-6.0223265,0.10219865292310715,0.925000011920929,0.8126000165939331
YDR172W,YOR173W,1,-6.0224113,0.1022978350520134,0.9259999990463257,0.8126000165939331
YGL047W,YNL219C,0,-6.0228395,0.10228653252124786,0.9259999990463257,0.8126999735832214
YGL066W,YDL078C,0,-6.0228634,0.10227523744106293,0.9259999990463257,0.8127999901771545
YBR295W,YER165W,0,-6.022985,0.10226394236087799,0.9259999990463257,0.8129000067710876
YLR385C,YNL309W,0,-6.023278,0.10225264728069305,0.9259999990463257,0.8130000233650208
YDR311W,YKR019C,0,-6.023665,0.10224135965108871,0.9259999990463257,0.8130999803543091
YHR005C-A,YGR209C,0,-6.0242553,0.10223007202148438,0.9259999990463257,0.8131999969482422
YGL219C,YJR069C,0,-6.024421,0.10221878439188004,0.9259999990463257,0.8133000135421753
YKR052C,YGL192W,0,-6.0249043,0.10220750421285629,0.9259999990463257,0.8133999705314636
YKL064W,YDL208W,0,-6.0253077,0.10219622403383255,0.9259999990463257,0.8134999871253967
YGR217W,YCR052W,0,-6.02551,0.1021849513053894,0.9259999990463257,0.8136000037193298
YNR035C,YPR083W,0,-6.0259705,0.10217367112636566,0.9259999990463257,0.8137000203132629
YMR238W,YFR008W,0,-6.0261297,0.10216239839792252,0.9259999990463257,0.8137999773025513
YBR161W,YBL050W,0,-6.0262547,0.10215113312005997,0.9259999990463257,0.8138999938964844
YMR012W,YBR293W,0,-6.026573,0.10213986039161682,0.9259999990463257,0.8140000104904175
YLR254C,YDR099W,0,-6.0272193,0.10212859511375427,0.9259999990463257,0.8141000270843506
YDL126C,YGL195W,0,-6.027357,0.10211733728647232,0.9259999990463257,0.8141999840736389
YDR205W,YNL038W,0,-6.027465,0.10210607200860977,0.9259999990463257,0.814300000667572
YBR275C,YBL099W,0,-6.0280113,0.10209482163190842,0.9259999990463257,0.8144000172615051
YGR157W,YDR515W,0,-6.0282154,0.10208356380462646,0.9259999990463257,0.8144999742507935
YPL118W,YNL294C,0,-6.028265,0.10207231342792511,0.9259999990463257,0.8145999908447266
YJR091C,YHR081W,1,-6.0284047,0.10217127948999405,0.9269999861717224,0.8145999908447266
YDR177W,YPR165W,0,-6.028494,0.1021600142121315,0.9269999861717224,0.8147000074386597
YHR188C,YAR007C,0,-6.0284967,0.10214876383543015,0.9269999861717224,0.8148000240325928
YOL148C,YGR169C,0,-6.028607,0.1021375060081482,0.9269999861717224,0.8148999810218811
YHR027C,YKL190W,0,-6.0289392,0.10212625563144684,0.9269999861717224,0.8149999976158142
YBR109C,YMR207C,0,-6.028996,0.10211500525474548,0.9269999861717224,0.8151000142097473
YMR283C,YPL206C,0,-6.029215,0.10210375487804413,0.9269999861717224,0.8151999711990356
YJR060W,YER075C,0,-6.029268,0.10209251195192337,0.9269999861717224,0.8152999877929688
YLR399C,YER119C,0,-6.0298915,0.10208126902580261,0.9269999861717224,0.8154000043869019
YGL167C,YOR142W,0,-6.029914,0.10207002609968185,0.9269999861717224,0.815500020980835
YBL097W,YGR109C,0,-6.0304356,0.1020587906241417,0.9269999861717224,0.8155999779701233
YHR011W,YOR274W,0,-6.0304704,0.10204755514860153,0.9269999861717224,0.8156999945640564
YDR072C,YHR190W,0,-6.0305586,0.10203632712364197,0.9269999861717224,0.8158000111579895
YIL143C,YOR217W,0,-6.030965,0.1020250916481018,0.9269999861717224,0.8159000277519226
YPL049C,YOR162C,0,-6.030999,0.10201386362314224,0.9269999861717224,0.8159999847412109
YER005W,YOL072W,0,-6.0316644,0.10200264304876328,0.9269999861717224,0.816100001335144
YPL049C,YPL255W,0,-6.0318217,0.10199141502380371,0.9269999861717224,0.8162000179290771
YLR270W,YHR081W,1,-6.0324407,0.10209020972251892,0.9279999732971191,0.8162000179290771
YGL222C,YPL029W,1,-6.0324583,0.10218897461891174,0.9290000200271606,0.8162000179290771
YNL128W,YHR119W,0,-6.0327034,0.10217773914337158,0.9290000200271606,0.8162999749183655
YFR027W,YMR198W,0,-6.03292,0.10216650366783142,0.9290000200271606,0.8163999915122986
YPL269W,YPR131C,0,-6.0334992,0.10215526819229126,0.9290000200271606,0.8165000081062317
YMR188C,YKL062W,0,-6.033866,0.1021440327167511,0.9290000200271606,0.8166000247001648
YCR083W,YPL096W,0,-6.0344195,0.10213280469179153,0.9290000200271606,0.8166999816894531
YCR073W-A,YJL164C,0,-6.0347385,0.10212157666683197,0.9290000200271606,0.8167999982833862
YJL210W,YMR224C,0,-6.035019,0.102110356092453,0.9290000200271606,0.8169000148773193
YGL130W,YNL164C,0,-6.035243,0.10209912806749344,0.9290000200271606,0.8169999718666077
YDR080W,YJL108C,0,-6.0356092,0.10208791494369507,0.9290000200271606,0.8170999884605408
YGL047W,YOL068C,0,-6.036013,0.1020766943693161,0.9290000200271606,0.8172000050544739
YDL247W,YLR069C,0,-6.03603,0.10206548124551773,0.9290000200271606,0.817300021648407
YNL282W,YKR067W,0,-6.0365505,0.10205426812171936,0.9290000200271606,0.8173999786376953
YNL164C,YBR298C,0,-6.036553,0.10204305499792099,0.9290000200271606,0.8174999952316284
YGR013W,YER125W,0,-6.0381427,0.10203184932470322,0.9290000200271606,0.8176000118255615
YLR330W,YDR177W,0,-6.0381584,0.10202064365148544,0.9290000200271606,0.8177000284194946
YNL330C,YDR097C,0,-6.038412,0.10200944542884827,0.9290000200271606,0.817799985408783
YLL031C,YNL310C,0,-6.0384693,0.1019982397556305,0.9290000200271606,0.8179000020027161
YJR158W,YJL054W,0,-6.0390043,0.10198704898357391,0.9290000200271606,0.8180000185966492
YDR377W,YBR082C,0,-6.039042,0.10197585076093674,0.9290000200271606,0.8180999755859375
YER100W,YMR055C,0,-6.040136,0.10196465998888016,0.9290000200271606,0.8181999921798706
YBL004W,YBR183W,0,-6.0407705,0.10195346921682358,0.9290000200271606,0.8183000087738037
YDL247W,YLR265C,0,-6.0412774,0.101942278444767,0.9290000200271606,0.8184000253677368
YML061C,YIL153W,0,-6.0426617,0.10193109512329102,0.9290000200271606,0.8184999823570251
YLR127C,YPR168W,0,-6.04278,0.10191991180181503,0.9290000200271606,0.8185999989509583
YOL093W,YMR101C,0,-6.0431986,0.10190872848033905,0.9290000200271606,0.8187000155448914
YDR013W,YIL123W,0,-6.0435696,0.10189755260944366,0.9290000200271606,0.8187999725341797
YBR236C,YEL037C,0,-6.0436425,0.10188637673854828,0.9290000200271606,0.8188999891281128
YNL236W,YMR022W,0,-6.0437145,0.10187520831823349,0.9290000200271606,0.8190000057220459
YMR186W,YGR289C,0,-6.043725,0.1018640324473381,0.9290000200271606,0.819100022315979
YML075C,YOL063C,0,-6.044274,0.10185286402702332,0.9290000200271606,0.8191999793052673
YBR223C,YKR028W,0,-6.045001,0.10184170305728912,0.9290000200271606,0.8192999958992004
YER162C,YGL136C,0,-6.04524,0.10183053463697433,0.9290000200271606,0.8194000124931335
YER154W,YEL019C,0,-6.0453825,0.10181938111782074,0.9290000200271606,0.8195000290870667
YDR470C,YPR100W,0,-6.0457797,0.10180822014808655,0.9290000200271606,0.819599986076355
YJL085W,YPR124W,0,-6.0461273,0.10179706662893295,0.9290000200271606,0.8197000026702881
YEL022W,YDL247W,0,-6.047003,0.10178591310977936,0.9290000200271606,0.8198000192642212
YPL265W,YPR175W,0,-6.047102,0.10177475959062576,0.9290000200271606,0.8198999762535095
YBR216C,YBR068C,0,-6.047149,0.10176361352205276,0.9290000200271606,0.8199999928474426
YLR220W,YML049C,0,-6.047291,0.10175246745347977,0.9290000200271606,0.8201000094413757
YGL035C,YPR037C,0,-6.0473785,0.10174132138490677,0.9290000200271606,0.8202000260353088
YJL085W,YLR201C,0,-6.0474486,0.10173018276691437,0.9290000200271606,0.8202999830245972
YBR215W,YLR403W,0,-6.047536,0.10171904414892197,0.9290000200271606,0.8203999996185303
YDL102W,YGL033W,0,-6.0478287,0.10170790553092957,0.9290000200271606,0.8205000162124634
YLR272C,YER125W,0,-6.048213,0.10169677436351776,0.9290000200271606,0.8205999732017517
YNL250W,YFL041W,0,-6.0482507,0.10168563574552536,0.9290000200271606,0.8206999897956848
YPL203W,YPR128C,0,-6.048811,0.10167451202869415,0.9290000200271606,0.8208000063896179
YGL252C,YHR188C,0,-6.0489073,0.10166338086128235,0.9290000200271606,0.820900022983551
YOL027C,YBL057C,0,-6.0491037,0.10165225714445114,0.9290000200271606,0.8209999799728394
YNL272C,YDR028C,0,-6.0494256,0.10164114087820053,0.9290000200271606,0.8210999965667725
YDR523C,YLR085C,0,-6.049685,0.10163001716136932,0.9290000200271606,0.8212000131607056
YLR045C,YKL026C,0,-6.0505795,0.10161890089511871,0.9290000200271606,0.8213000297546387
YJL176C,YLR265C,0,-6.050773,0.1016077846288681,0.9290000200271606,0.821399986743927
YIL042C,YNL292W,0,-6.0511045,0.10159667581319809,0.9290000200271606,0.8215000033378601
YHR007C,YJR043C,0,-6.0513105,0.10158556699752808,0.9290000200271606,0.8216000199317932
YEL051W,YLR219W,0,-6.0514574,0.10157445818185806,0.9290000200271606,0.8216999769210815
YLR190W,YML025C,0,-6.0516796,0.10156335681676865,0.9290000200271606,0.8217999935150146
YMR292W,YPR168W,0,-6.0516996,0.10155225545167923,0.9290000200271606,0.8219000101089478
YPR155C,YJR112W,0,-6.0518165,0.10154115408658981,0.9290000200271606,0.8220000267028809
YJL102W,YMR135C,0,-6.05221,0.1015300527215004,0.9290000200271606,0.8220999836921692
YMR276W,YKL038W,0,-6.0522842,0.10151895880699158,0.9290000200271606,0.8222000002861023
YEL069C,YHR187W,0,-6.052362,0.10150786489248276,0.9290000200271606,0.8223000168800354
YMR139W,YPL124W,0,-6.052467,0.10149677842855453,0.9290000200271606,0.8223999738693237
YDR330W,YNL259C,0,-6.0526237,0.10148569196462631,0.9290000200271606,0.8224999904632568
YNL270C,YGL018C,0,-6.05269,0.10147460550069809,0.9290000200271606,0.8226000070571899
YDL142C,YLR154C,0,-6.05332,0.10146351903676987,0.9290000200271606,0.822700023651123
YDR362C,YJR094C,0,-6.0540915,0.10145244002342224,0.9290000200271606,0.8227999806404114
YLL040C,YDR225W,0,-6.0541925,0.10144136101007462,0.9290000200271606,0.8228999972343445
YOR173W,YOL149W,1,-6.054298,0.10153947025537491,0.9300000071525574,0.8228999972343445
YKL130C,YBR132C,0,-6.054328,0.10152838379144669,0.9300000071525574,0.8230000138282776
YIR021W,YBL088C,0,-6.054418,0.10151730477809906,0.9300000071525574,0.8230999708175659
YGR157W,YHR124W,0,-6.055374,0.10150621831417084,0.9300000071525574,0.823199987411499
YIL073C,YJR153W,0,-6.0554256,0.10149514675140381,0.9300000071525574,0.8233000040054321
YPL176C,YJR043C,0,-6.055501,0.10148406773805618,0.9300000071525574,0.8234000205993652
YPL255W,YNL268W,0,-6.055685,0.10147299617528915,0.9300000071525574,0.8234999775886536
YIL105C,YMR198W,0,-6.055794,0.10146192461252213,0.9300000071525574,0.8235999941825867
YGL244W,YKR002W,0,-6.0562305,0.1014508530497551,0.9300000071525574,0.8237000107765198
YNL210W,YGL216W,0,-6.056493,0.10143978893756866,0.9300000071525574,0.8238000273704529
YPR173C,YIL153W,0,-6.0565653,0.10142872482538223,0.9300000071525574,0.8238999843597412
YBL026W,YAL021C,1,-6.0568075,0.10152671486139297,0.9309999942779541,0.8238999843597412
YHR161C,YOR174W,0,-6.056919,0.10151565074920654,0.9309999942779541,0.8240000009536743
YDR480W,YDR485C,0,-6.0569253,0.10150457918643951,0.9309999942779541,0.8241000175476074
YOR362C,YDR130C,0,-6.057207,0.10149351507425308,0.9309999942779541,0.8241999745368958
YGL245W,YFL039C,0,-6.0573077,0.10148245096206665,0.9309999942779541,0.8242999911308289
YBL050W,YPL031C,0,-6.0573254,0.10147138684988022,0.9309999942779541,0.824400007724762
YFL055W,YBR167C,0,-6.057702,0.10146033018827438,0.9309999942779541,0.8245000243186951
YDL120W,YBL105C,0,-6.057786,0.10144927352666855,0.9309999942779541,0.8245999813079834
YJL170C,YPR065W,0,-6.057939,0.10143822431564331,0.9309999942779541,0.8246999979019165
YFL029C,YNL271C,0,-6.0584855,0.10142716765403748,0.9309999942779541,0.8248000144958496
YKL043W,YBL099W,0,-6.058544,0.10141611844301224,0.9309999942779541,0.8248999714851379
YLL001W,YFR008W,0,-6.058667,0.1014050766825676,0.9309999942779541,0.824999988079071
YDL095W,YDR386W,0,-6.0589476,0.10139403492212296,0.9309999942779541,0.8251000046730042
YOL072W,YMR042W,0,-6.059008,0.10138299316167831,0.9309999942779541,0.8252000212669373
YPR067W,YOR033C,0,-6.059347,0.10137195140123367,0.9309999942779541,0.8252999782562256
YDR437W,YLL031C,0,-6.0595303,0.10136091709136963,0.9309999942779541,0.8253999948501587
YDR513W,YPL016W,0,-6.0596,0.10134988278150558,0.9309999942779541,0.8255000114440918
YLL041C,YDL227C,0,-6.0597067,0.10133884847164154,0.9309999942779541,0.8256000280380249
YDL077C,YGL191W,0,-6.060052,0.1013278216123581,0.9309999942779541,0.8256999850273132
YHR077C,YOR173W,1,-6.060205,0.10142561793327332,0.9319999814033508,0.8256999850273132
YLL019C,YDR113C,0,-6.0616055,0.10141458362340927,0.9319999814033508,0.8258000016212463
YCL026C-A,YKL194C,0,-6.061618,0.10140354931354523,0.9319999814033508,0.8259000182151794
YKL055C,YDR202C,0,-6.061817,0.10139251500368118,0.9319999814033508,0.8259999752044678
YGL112C,YGR014W,0,-6.0621223,0.10138148814439774,0.9319999814033508,0.8260999917984009
YOR014W,YCR052W,0,-6.062714,0.10137046128511429,0.9319999814033508,0.826200008392334
YCL026C-A,YJL134W,0,-6.06274,0.10135943442583084,0.9319999814033508,0.8263000249862671
YFL010W-A,YMR043W,0,-6.0631166,0.10134841501712799,0.9319999814033508,0.8263999819755554
YLL001W,YPL047W,0,-6.063135,0.10133739560842514,0.9319999814033508,0.8264999985694885
YLR361C,YDR137W,0,-6.0640492,0.10132637619972229,0.9319999814033508,0.8266000151634216
YDR254W,YBR231C,0,-6.0642037,0.10131535679101944,0.9319999814033508,0.82669997215271
YCR008W,YLR259C,0,-6.064849,0.10130434483289719,0.9319999814033508,0.8267999887466431
YLL031C,YDR071C,0,-6.065439,0.10129334032535553,0.9319999814033508,0.8269000053405762
YOR173W,YBL026W,1,-6.0659223,0.10139100253582001,0.9330000281333923,0.8269000053405762
YDR376W,YJL141C,0,-6.0660677,0.10137998312711716,0.9330000281333923,0.8270000219345093
YKL130C,YGR088W,0,-6.06612,0.1013689711689949,0.9330000281333923,0.8270999789237976
YJR064W,YDL065C,0,-6.066268,0.10135795921087265,0.9330000281333923,0.8271999955177307
YHR039C-A,YOR231W,0,-6.066435,0.1013469472527504,0.9330000281333923,0.8273000121116638
YHR090C,YDR376W,0,-6.0666924,0.10133594274520874,0.9330000281333923,0.8274000287055969
YML081C-A,YJL139C,0,-6.0672092,0.10132493823766708,0.9330000281333923,0.8274999856948853
YJL089W,YKR083C,0,-6.067316,0.10131393373012543,0.9330000281333923,0.8276000022888184
YJL140W,YDR378C,1,-6.0673313,0.10141150653362274,0.9340000152587891,0.8276000022888184
YGL166W,YER095W,0,-6.067423,0.10140050202608109,0.9340000152587891,0.8277000188827515
YBR183W,YJR144W,0,-6.067549,0.10138949006795883,0.9340000152587891,0.8277999758720398
YGR070W,YPR128C,0,-6.068101,0.10137848556041718,0.9340000152587891,0.8278999924659729
YBR042C,YLR466W,0,-6.068451,0.10136748105287552,0.9340000152587891,0.828000009059906
YOL044W,YBR039W,0,-6.0694823,0.10135648399591446,0.9340000152587891,0.8281000256538391
YDR477W,YMR161W,0,-6.0695076,0.1013454869389534,0.9340000152587891,0.8281999826431274
YBR260C,YNL294C,0,-6.069688,0.10133448988199234,0.9340000152587891,0.8282999992370605
YDR425W,YBR061C,0,-6.0700927,0.10132350027561188,0.9340000152587891,0.8284000158309937
YFR033C,YOR057W,0,-6.071004,0.10131250321865082,0.9340000152587891,0.828499972820282
YEL018W,YEL009C,0,-6.071866,0.10130152106285095,0.9340000152587891,0.8285999894142151
YMR119W,YOR179C,0,-6.072113,0.10129053145647049,0.9340000152587891,0.8287000060081482
YGL030W,YFR052W,0,-6.0729394,0.10127954930067062,0.9340000152587891,0.8288000226020813
YBR102C,YGR121C,0,-6.073079,0.10126856714487076,0.9340000152587891,0.8288999795913696
YKR046C,YPL012W,0,-6.0734215,0.10125759243965149,0.9340000152587891,0.8289999961853027
YOL005C,YDR176W,0,-6.0734487,0.10124661028385162,0.9340000152587891,0.8291000127792358
YDL079C,YJR147W,0,-6.073533,0.10123563557863235,0.9340000152587891,0.829200029373169
YIL061C,YKR039W,0,-6.0736413,0.10122466832399368,0.9340000152587891,0.8292999863624573
YOR173W,YOL142W,1,-6.073787,0.10132206231355667,0.9350000023841858,0.8292999863624573
YNL072W,YOR213C,0,-6.075237,0.1013110876083374,0.9350000023841858,0.8294000029563904
YMR263W,YKR029C,0,-6.0759583,0.10130010545253754,0.9350000023841858,0.8295000195503235
YDL042C,YNL015W,0,-6.076414,0.10128913074731827,0.9350000023841858,0.8295999765396118
YPL002C,YNL001W,0,-6.0765047,0.1012781634926796,0.9350000023841858,0.8296999931335449
YJL011C,YLL040C,0,-6.0771027,0.10126719623804092,0.9350000023841858,0.829800009727478
YCR094W,YKL150W,0,-6.0772133,0.10125622898340225,0.9350000023841858,0.8299000263214111
YGL094C,YOR057W,0,-6.0772448,0.10124526172876358,0.9350000023841858,0.8299999833106995
YER125W,YER072W,0,-6.0772653,0.1012343019247055,0.9350000023841858,0.8300999999046326
YLR433C,YPR019W,0,-6.0777683,0.10122334212064743,0.9350000023841858,0.8302000164985657
YOR288C,YDR487C,0,-6.07782,0.10121238231658936,0.9350000023841858,0.830299973487854
YDR376W,YGR199W,0,-6.0778303,0.10120142996311188,0.9350000023841858,0.8303999900817871
YNL272C,YDR252W,0,-6.0780516,0.1011904776096344,0.9350000023841858,0.8305000066757202
YLR394W,YCL034W,0,-6.078149,0.10117952525615692,0.9350000023841858,0.8306000232696533
YGL142C,YDR494W,0,-6.078494,0.10116858035326004,0.9350000023841858,0.8306999802589417
YHR006W,YIL033C,0,-6.0786414,0.10115763545036316,0.9350000023841858,0.8307999968528748
YHR181W,YGL063W,0,-6.0790544,0.10114669054746628,0.9350000023841858,0.8309000134468079
YNL003C,YPL164C,0,-6.0791664,0.1011357456445694,0.9350000023841858,0.8309999704360962
YML095C,YDR057W,0,-6.079602,0.10112480819225311,0.9350000023841858,0.8310999870300293
YMR281W,YNL290W,0,-6.0798254,0.10111387819051743,0.9350000023841858,0.8312000036239624
YBR086C,YGR075C,0,-6.079873,0.10110294073820114,0.9350000023841858,0.8313000202178955
YER100W,YPR155C,0,-6.080015,0.10109201073646545,0.9350000023841858,0.8313999772071838
YKL113C,YGR047C,0,-6.080175,0.10108108073472977,0.9350000023841858,0.8314999938011169
YDR202C,YLR081W,0,-6.0805254,0.10107015818357468,0.9350000023841858,0.83160001039505
YMR109W,YHR079C,0,-6.0807385,0.10105922818183899,0.9350000023841858,0.8317000269889832
YDR191W,YER040W,0,-6.080845,0.1010483056306839,0.9350000023841858,0.8317999839782715
YGR108W,YLR127C,0,-6.08085,0.1010373905301094,0.9350000023841858,0.8319000005722046
YNL090W,YLL018C-A,0,-6.0808516,0.10102647542953491,0.9350000023841858,0.8320000171661377
YPL270W,YBR154C,0,-6.081071,0.10101556032896042,0.9350000023841858,0.832099974155426
YEL062W,YGL207W,0,-6.0811467,0.10100464522838593,0.9350000023841858,0.8321999907493591
YML064C,YKL026C,0,-6.0813527,0.10099373757839203,0.9350000023841858,0.8323000073432922
YOL067C,YCR094W,0,-6.0826235,0.10098282992839813,0.9350000023841858,0.8324000239372253
YPL265W,YJL100W,0,-6.0832825,0.10097192227840424,0.9350000023841858,0.8324999809265137
YBR106W,YBR158W,0,-6.0835495,0.10096102207899094,0.9350000023841858,0.8325999975204468
YKL194C,YKR053C,0,-6.083596,0.10095012187957764,0.9350000023841858,0.8327000141143799
YDR295C,YOR266W,0,-6.084184,0.10093922168016434,0.9350000023841858,0.8327999711036682
YPL049C,YBL056W,0,-6.084487,0.10092832148075104,0.9350000023841858,0.8328999876976013
YOR201C,YML029W,0,-6.0846934,0.10091742873191833,0.9350000023841858,0.8330000042915344
YOR011W,YNL199C,0,-6.0849934,0.10090654343366623,0.9350000023841858,0.8331000208854675
YLL022C,YDR301W,0,-6.085081,0.10089565068483353,0.9350000023841858,0.8331999778747559
YLR360W,YNL280C,0,-6.0860505,0.10088476538658142,0.9350000023841858,0.833299994468689
YGL113W,YPR154W,0,-6.086054,0.10087388008832932,0.9350000023841858,0.8334000110626221
YPL152W,YPL209C,0,-6.086142,0.1008630022406578,0.9350000023841858,0.8335000276565552
YFR021W,YFL036W,0,-6.086368,0.1008521169424057,0.9350000023841858,0.8335999846458435
YFL024C,YDR515W,0,-6.086423,0.10084123909473419,0.9350000023841858,0.8337000012397766
YDR480W,YMR263W,0,-6.087162,0.10083036869764328,0.9350000023841858,0.8338000178337097
YOL064C,YKR048C,0,-6.087415,0.10081949830055237,0.9350000023841858,0.833899974822998
YDR099W,YER118C,0,-6.087508,0.10080862790346146,0.9350000023841858,0.8339999914169312
YCL024W,YGL210W,0,-6.087682,0.10079775750637054,0.9350000023841858,0.8341000080108643
YKL045W,YER054C,0,-6.088313,0.10078689455986023,0.9350000023841858,0.8342000246047974
YOL065C,YPL255W,0,-6.088336,0.10077603161334991,0.9350000023841858,0.8342999815940857
YCR066W,YJR086W,0,-6.0885563,0.1007651686668396,0.9350000023841858,0.8343999981880188
YDR480W,YOL078W,0,-6.08864,0.10075431317090988,0.9350000023841858,0.8345000147819519
YKL206C,YDR499W,0,-6.0888987,0.10074345767498016,0.9350000023841858,0.8345999717712402
YNL020C,YMR224C,0,-6.089737,0.10073260217905045,0.9350000023841858,0.8346999883651733
YCL035C,YHR089C,0,-6.089934,0.10072174668312073,0.9350000023841858,0.8348000049591064
YOR081C,YHR084W,0,-6.0907583,0.1007108986377716,0.9350000023841858,0.8349000215530396
YBR088C,YOR230W,0,-6.0913563,0.10070005059242249,0.9350000023841858,0.8349999785423279
YGL045W,YNR034W,0,-6.0917487,0.10068920999765396,0.9350000023841858,0.835099995136261
YGL115W,YOR257W,0,-6.0923195,0.10067836940288544,0.9350000023841858,0.8352000117301941
YAL023C,YEL012W,0,-6.092676,0.10066752880811691,0.9350000023841858,0.8353000283241272
YOL147C,YMR264W,0,-6.092796,0.10065668821334839,0.9350000023841858,0.8353999853134155
YIR017C,YNL078W,0,-6.092821,0.10064585506916046,0.9350000023841858,0.8355000019073486
YGR074W,YLR035C,0,-6.092876,0.10063502192497253,0.9350000023841858,0.8356000185012817
YCL024W,YAL040C,0,-6.093527,0.1006241962313652,0.9350000023841858,0.8356999754905701
YDR518W,YJR060W,0,-6.0936027,0.10061336308717728,0.9350000023841858,0.8357999920845032
YPL203W,YGR055W,0,-6.093728,0.10060253739356995,0.9350000023841858,0.8359000086784363
YDR081C,YDL028C,0,-6.0940166,0.10059171915054321,0.9350000023841858,0.8360000252723694
YER112W,YDR378C,1,-6.09435,0.10068846493959427,0.9359999895095825,0.8360000252723694
YKL208W,YOL078W,0,-6.094728,0.10067763924598694,0.9359999895095825,0.8360999822616577
YML092C,YBL057C,0,-6.0947857,0.10066681355237961,0.9359999895095825,0.8361999988555908
YBR081C,YOR150W,0,-6.095108,0.10065598785877228,0.9359999895095825,0.8363000154495239
YDR228C,YOR178C,0,-6.095294,0.10064516216516495,0.9359999895095825,0.8363999724388123
YNL302C,YBR280C,0,-6.0963564,0.10063434392213821,0.9359999895095825,0.8364999890327454
YLR329W,YGL151W,0,-6.096991,0.10062351822853088,0.9359999895095825,0.8366000056266785
YOL049W,YBR245C,0,-6.0971227,0.10061270743608475,0.9359999895095825,0.8367000222206116
YKL013C,YHR200W,0,-6.097516,0.10060188919305801,0.9359999895095825,0.8367999792098999
YLR181C,YJR040W,0,-6.097844,0.10059107840061188,0.9359999895095825,0.836899995803833
YMR076C,YJR110W,0,-6.097952,0.10058026760816574,0.9359999895095825,0.8370000123977661
YNL282W,YIR019C,0,-6.0982895,0.1005694642663002,0.9359999895095825,0.8371000289916992
YPL180W,YHR123W,0,-6.099106,0.10055866092443466,0.9359999895095825,0.8371999859809875
YKL086W,YKR060W,0,-6.099474,0.10054785758256912,0.9359999895095825,0.8373000025749207
YOL054W,YJR004C,0,-6.099987,0.10053705424070358,0.9359999895095825,0.8374000191688538
YDL226C,YIL124W,0,-6.100476,0.10052625834941864,0.9359999895095825,0.8374999761581421
YNL164C,YHR027C,0,-6.1011367,0.1005154624581337,0.9359999895095825,0.8375999927520752
YMR234W,YKL149C,1,-6.101352,0.10061204433441162,0.9369999766349792,0.8375999927520752
YMR016C,YDR334W,0,-6.1021056,0.10060124844312668,0.9369999766349792,0.8377000093460083
YER044C,YBL105C,0,-6.1021733,0.10059044510126114,0.9369999766349792,0.8378000259399414
YGL195W,YOR137C,0,-6.1033926,0.1005796492099762,0.9369999766349792,0.8378999829292297
YPR140W,YOL071W,0,-6.1036425,0.10056885331869125,0.9369999766349792,0.8379999995231628
YIL042C,YOL039W,0,-6.103984,0.10055805742740631,0.9369999766349792,0.838100016117096
YNL090W,YMR167W,0,-6.10402,0.10054726898670197,0.9369999766349792,0.8381999731063843
YOL071W,YGL065C,0,-6.1047883,0.10053648054599762,0.9369999766349792,0.8382999897003174
YML081C-A,YOL065C,0,-6.1051383,0.10052569210529327,0.9369999766349792,0.8384000062942505
YBR179C,YKL022C,0,-6.1052966,0.10051491111516953,0.9369999766349792,0.8385000228881836
YOR371C,YOR354C,0,-6.1053023,0.10050413012504578,0.9369999766349792,0.8385999798774719
YGL116W,YGL126W,0,-6.1054325,0.10049334913492203,0.9369999766349792,0.838699996471405
YGL115W,YOR035C,0,-6.1058364,0.10048257559537888,0.9369999766349792,0.8388000130653381
YBR103W,YGL253W,0,-6.1060166,0.10047180205583572,0.9369999766349792,0.8389000296592712
YER044C-A,YPL118W,0,-6.1060266,0.10046102851629257,0.9369999766349792,0.8389999866485596
YDL033C,YLR450W,0,-6.1062913,0.10045025497674942,0.9369999766349792,0.8391000032424927
YKL013C,YBL088C,0,-6.106463,0.10043948888778687,0.9369999766349792,0.8392000198364258
YLR342W,YJR046W,0,-6.1064725,0.10042872279882431,0.9369999766349792,0.8392999768257141
YDL033C,YGR143W,0,-6.1071124,0.10041796416044235,0.9369999766349792,0.8393999934196472
YML074C,YKL203C,0,-6.107127,0.1004071980714798,0.9369999766349792,0.8395000100135803
YJL210W,YBR183W,0,-6.1073895,0.10039643943309784,0.9369999766349792,0.8396000266075134
YLR153C,YMR112C,0,-6.1075287,0.10038568824529648,0.9369999766349792,0.8396999835968018
YOR129C,YBR083W,0,-6.1077447,0.10037492960691452,0.9369999766349792,0.8398000001907349
YJL047C,YBR245C,0,-6.1077847,0.10036417841911316,0.9369999766349792,0.839900016784668
YDR343C,YNL169C,0,-6.107934,0.1003534346818924,0.9369999766349792,0.8399999737739563
YOR025W,YER013W,0,-6.1083965,0.10034268349409103,0.9369999766349792,0.8400999903678894
YPL095C,YPR007C,0,-6.108538,0.10033193975687027,0.9369999766349792,0.8402000069618225
YIL118W,YJR150C,0,-6.109568,0.1003211960196495,0.9369999766349792,0.8403000235557556
YLL018C-A,YBL003C,0,-6.110031,0.10031045973300934,0.9369999766349792,0.840399980545044
YDL081C,YLR371W,0,-6.110252,0.10029972344636917,0.9369999766349792,0.840499997138977
YGL225W,YDR183W,0,-6.11051,0.100288987159729,0.9369999766349792,0.8406000137329102
YMR275C,YFR024C-A,0,-6.1112895,0.10027825087308884,0.9369999766349792,0.8406999707221985
YKR022C,YKL026C,0,-6.111331,0.10026752203702927,0.9369999766349792,0.8407999873161316
YGR070W,YDL130W,0,-6.1113615,0.1002567932009697,0.9369999766349792,0.8409000039100647
YML088W,YAL016W,0,-6.1115294,0.10024607181549072,0.9369999766349792,0.8410000205039978
YIL036W,YJL214W,0,-6.1115694,0.10023534297943115,0.9369999766349792,0.8410999774932861
YDR323C,YJL117W,0,-6.1116505,0.10022462159395218,0.9369999766349792,0.8411999940872192
YKL055C,YIR019C,0,-6.1119213,0.1002139002084732,0.9369999766349792,0.8413000106811523
YLR045C,YPL016W,0,-6.1120844,0.10020318627357483,0.9369999766349792,0.8414000272750854
YFR021W,YFL005W,0,-6.1127453,0.10019247233867645,0.9369999766349792,0.8414999842643738
YOR348C,YPL254W,0,-6.113083,0.10018175840377808,0.9369999766349792,0.8416000008583069
YHL003C,YPR131C,0,-6.1132135,0.1001710519194603,0.9369999766349792,0.84170001745224
YOL063C,YDL002C,0,-6.114586,0.10016034543514252,0.9369999766349792,0.8417999744415283
YMR275C,YLR285W,0,-6.114623,0.10014963895082474,0.9369999766349792,0.8418999910354614
YOR076C,YOR173W,1,-6.1150465,0.10024580359458923,0.9380000233650208,0.8418999910354614
YDR108W,YNL055C,0,-6.1153708,0.10023508965969086,0.9380000233650208,0.8420000076293945
YIL123W,YJR086W,0,-6.1157675,0.10022438317537308,0.9380000233650208,0.8421000242233276
YMR075W,YIL014W,0,-6.116189,0.1002136766910553,0.9380000233650208,0.842199981212616
YDR447C,YNR002C,0,-6.116249,0.10020297020673752,0.9380000233650208,0.8422999978065491
YIL117C,YMR283C,0,-6.116626,0.10019226372241974,0.9380000233650208,0.8424000144004822
YPL203W,YLR429W,0,-6.116974,0.10018156468868256,0.9380000233650208,0.8424999713897705
YNR016C,YPR068C,0,-6.11702,0.10017086565494537,0.9380000233650208,0.8425999879837036
YLR270W,YCR035C,1,-6.11707,0.1002669483423233,0.9390000104904175,0.8425999879837036
YKL089W,YDL059C,0,-6.117858,0.10025624930858612,0.9390000104904175,0.8427000045776367
YKL110C,YPL177C,0,-6.117896,0.10024554282426834,0.9390000104904175,0.8428000211715698
YLR418C,YAL015C,0,-6.1180353,0.10023484379053116,0.9390000104904175,0.8428999781608582
YOR210W,YPL274W,0,-6.118553,0.10022414475679398,0.9390000104904175,0.8429999947547913
YHL024W,YOR094W,0,-6.118662,0.1002134457230568,0.9390000104904175,0.8431000113487244
YGR230W,YOR074C,0,-6.1187277,0.10020275413990021,0.9390000104904175,0.8432000279426575
YJL101C,YJL045W,0,-6.1187534,0.10019206255674362,0.9390000104904175,0.8432999849319458
YLR353W,YOL113W,0,-6.1189265,0.10018137097358704,0.9390000104904175,0.8434000015258789
YFL029C,YBR200W,0,-6.1194987,0.10017068684101105,0.9390000104904175,0.843500018119812
YGR268C,YJR073C,0,-6.1197653,0.10016000270843506,0.9390000104904175,0.8435999751091003
YOL067C,YDL185W,0,-6.120032,0.10014931857585907,0.9390000104904175,0.8436999917030334
YKR009C,YML093W,0,-6.120315,0.10013863444328308,0.9390000104904175,0.8438000082969666
YNR016C,YGL006W,0,-6.121396,0.10012795776128769,0.9390000104904175,0.8439000248908997
YOR173W,YOR001W,1,-6.1219273,0.10022390633821487,0.9399999976158142,0.8439000248908997
YKL192C,YFL008W,0,-6.121935,0.10021322220563889,0.9399999976158142,0.843999981880188
YOR332W,YEL012W,0,-6.122184,0.1002025380730629,0.9399999976158142,0.8440999984741211
YAR008W,YOR023C,0,-6.1230383,0.10019185394048691,0.9399999976158142,0.8442000150680542
YDL217C,YDR369C,0,-6.123108,0.10018117725849152,0.9399999976158142,0.8442999720573425
YLR181C,YIL026C,0,-6.12342,0.10017050057649612,0.9399999976158142,0.8443999886512756
YBR039W,YBR002C,0,-6.123461,0.10015983134508133,0.9399999976158142,0.8445000052452087
YCL024W,YFR008W,0,-6.124078,0.10014915466308594,0.9399999976158142,0.8446000218391418
YIL131C,YBR207W,0,-6.124435,0.10013849288225174,0.9399999976158142,0.8446999788284302
YAL024C,YKL043W,0,-6.125213,0.10012782365083694,0.9399999976158142,0.8447999954223633
YER003C,YJR044C,0,-6.1252937,0.10011716187000275,0.9399999976158142,0.8449000120162964
YDR517W,YKR001C,0,-6.125334,0.10010649263858795,0.9399999976158142,0.8450000286102295
YEL037C,YDR460W,0,-6.1258836,0.10009583830833435,0.9399999976158142,0.8450999855995178
YIL037C,YOL072W,0,-6.12641,0.10008517652750015,0.9399999976158142,0.8452000021934509
YNL080C,YCL027W,0,-6.1267986,0.10007452219724655,0.9399999976158142,0.845300018787384
YLR011W,YML043C,0,-6.1271653,0.10006386786699295,0.9399999976158142,0.8453999757766724
YER119C,YMR049C,0,-6.127239,0.10005322098731995,0.9399999976158142,0.8454999923706055
YHL024W,YNL317W,0,-6.127357,0.10004257410764694,0.9399999976158142,0.8456000089645386
YER111C,YCR088W,0,-6.1278644,0.10003192722797394,0.9399999976158142,0.8457000255584717
YOR249C,YJR021C,0,-6.128102,0.10002128034830093,0.9399999976158142,0.84579998254776
YCL029C,YHR092C,0,-6.12825,0.10001064091920853,0.9399999976158142,0.8458999991416931
YGR216C,YIL026C,0,-6.1283283,0.10000000149011612,0.9399999976158142,0.8460000157356262
YNL257C,YKL002W,0,-6.1283727,0.09998936206102371,0.9399999976158142,0.8460999727249146
YGR044C,YPR020W,0,-6.1284857,0.0999787300825119,0.9399999976158142,0.8461999893188477
YPL203W,YOR063W,0,-6.128517,0.09996809810400009,0.9399999976158142,0.8463000059127808
YIL021W,YLR362W,0,-6.1296043,0.09995746612548828,0.9399999976158142,0.8464000225067139
YEL056W,YBR185C,0,-6.130015,0.09994683414697647,0.9399999976158142,0.8464999794960022
YBR215W,YAL056W,0,-6.1303,0.09993620961904526,0.9399999976158142,0.8465999960899353
YBR295W,YER154W,0,-6.1304626,0.09992558509111404,0.9399999976158142,0.8467000126838684
YNL003C,YPR120C,0,-6.1313324,0.09991496801376343,0.9399999976158142,0.8468000292778015
YLR277C,YFR003C,0,-6.1314816,0.09990434348583221,0.9399999976158142,0.8468999862670898
YHR014W,YDL087C,0,-6.131539,0.0998937264084816,0.9399999976158142,0.847000002861023
YDR376W,YML064C,0,-6.131708,0.09988311678171158,0.9399999976158142,0.847100019454956
YNR060W,YPR111W,0,-6.1319723,0.09987249970436096,0.9399999976158142,0.8471999764442444
YER044C-A,YBR237W,0,-6.132852,0.09986189007759094,0.9399999976158142,0.8472999930381775
YPR165W,YDR487C,0,-6.133092,0.09985128790140152,0.9399999976158142,0.8474000096321106
YNL045W,YDL213C,0,-6.133348,0.0998406782746315,0.9399999976158142,0.8475000262260437
YNL270C,YOR179C,0,-6.1334267,0.09983007609844208,0.9399999976158142,0.847599983215332
YAR008W,YCL040W,0,-6.1340814,0.09981947392225266,0.9399999976158142,0.8476999998092651
YNL110C,YMR081C,0,-6.1344914,0.09980887919664383,0.9399999976158142,0.8478000164031982
YLR265C,YCL043C,0,-6.1345263,0.0997982770204544,0.9399999976158142,0.8478999733924866
YMR119W,YLR005W,0,-6.1345344,0.09978768229484558,0.9399999976158142,0.8479999899864197
YDR437W,YDR414C,0,-6.1346602,0.09977709501981735,0.9399999976158142,0.8481000065803528
YNL009W,YBL011W,0,-6.135302,0.09976650029420853,0.9399999976158142,0.8482000231742859
YER019W,YKL089W,0,-6.135364,0.0997559130191803,0.9399999976158142,0.8482999801635742
YDR314C,YBR109C,0,-6.135584,0.09974533319473267,0.9399999976158142,0.8483999967575073
YBR119W,YIL135C,0,-6.1358223,0.09973474591970444,0.9399999976158142,0.8485000133514404
YCL024W,YHR188C,0,-6.1362743,0.0997241660952568,0.9399999976158142,0.8485999703407288
YPR179C,YCL029C,0,-6.1364193,0.09971358627080917,0.9399999976158142,0.8486999869346619
YER154W,YDR409W,0,-6.136554,0.09970301389694214,0.9399999976158142,0.848800003528595
YMR238W,YDL095W,0,-6.1367016,0.0996924415230751,0.9399999976158142,0.8489000201225281
YFR013W,YJL053W,0,-6.136928,0.09968186914920807,0.9399999976158142,0.8489999771118164
YKL055C,YGL163C,0,-6.137319,0.09967129677534103,0.9399999976158142,0.8490999937057495
YOR173W,YGR195W,1,-6.1376805,0.09976675361394882,0.9409999847412109,0.8490999937057495
YNL329C,YML010W,0,-6.1377726,0.09975617378950119,0.9409999847412109,0.8492000102996826
YOR061W,YPR140W,0,-6.138485,0.09974560141563416,0.9409999847412109,0.8493000268936157
YGR268C,YDL033C,0,-6.138811,0.09973502904176712,0.9409999847412109,0.849399983882904
YDR062W,YAL055W,0,-6.1389313,0.09972445666790009,0.9409999847412109,0.8495000004768372
YOL063C,YJR050W,0,-6.1392655,0.09971389174461365,0.9409999847412109,0.8496000170707703
YMR186W,YKR067W,0,-6.1394787,0.09970332682132721,0.9409999847412109,0.8496999740600586
YNL006W,YJL020C,0,-6.1396055,0.09969276189804077,0.9409999847412109,0.8497999906539917
YLR068W,YHR092C,0,-6.139823,0.09968220442533493,0.9409999847412109,0.8499000072479248
YDR076W,YNL166C,0,-6.1400566,0.09967164695262909,0.9409999847412109,0.8500000238418579
YML041C,YAL056W,0,-6.140089,0.09966108947992325,0.9409999847412109,0.8500999808311462
YKL192C,YMR208W,0,-6.1405134,0.09965053200721741,0.9409999847412109,0.8501999974250793
YBR258C,YNL055C,0,-6.1414447,0.09963998198509216,0.9409999847412109,0.8503000140190125
YEL022W,YBR006W,0,-6.1415305,0.09962943196296692,0.9409999847412109,0.8503999710083008
YKL042W,YNL250W,0,-6.1418757,0.09961888939142227,0.9409999847412109,0.8504999876022339
YJR110W,YGR086C,0,-6.1425734,0.09960833936929703,0.9409999847412109,0.850600004196167
YCL067C,YDR416W,0,-6.142782,0.09959779679775238,0.9409999847412109,0.8507000207901001
YKL080W,YJL127C,0,-6.143167,0.09958725422620773,0.9409999847412109,0.8507999777793884
YAR014C,YBR024W,0,-6.143168,0.09957671910524368,0.9409999847412109,0.8508999943733215
YDR137W,YMR165C,0,-6.143427,0.09956618398427963,0.9409999847412109,0.8510000109672546
YBR215W,YHL036W,0,-6.143561,0.09955564886331558,0.9409999847412109,0.8511000275611877
YGL063W,YPR131C,0,-6.1437507,0.09954512119293213,0.9409999847412109,0.8511999845504761
YDR072C,YDR488C,0,-6.1442156,0.09953458607196808,0.9409999847412109,0.8513000011444092
YMR076C,YCR052W,0,-6.144594,0.09952405840158463,0.9409999847412109,0.8514000177383423
YGL254W,YNR019W,0,-6.144971,0.09951353818178177,0.9409999847412109,0.8514999747276306
YFL055W,YKL205W,0,-6.1451097,0.09950301051139832,0.9409999847412109,0.8515999913215637
YJL047C,YML085C,0,-6.145422,0.09949249029159546,0.9409999847412109,0.8517000079154968
YOR171C,YMR207C,0,-6.1455927,0.0994819775223732,0.9409999847412109,0.8518000245094299
YMR139W,YDR200C,0,-6.14563,0.09947145730257034,0.9409999847412109,0.8518999814987183
YML029W,YBR002C,0,-6.145747,0.09946094453334808,0.9409999847412109,0.8519999980926514
YDR076W,YGR157W,0,-6.146209,0.09945043176412582,0.9409999847412109,0.8521000146865845
YGL055W,YPR141C,0,-6.14652,0.09943992644548416,0.9409999847412109,0.8521999716758728
YNL243W,YPL270W,0,-6.1474094,0.0994294136762619,0.9409999847412109,0.8522999882698059
YBR059C,YFR003C,0,-6.1483326,0.09941890835762024,0.9409999847412109,0.852400004863739
YGR108W,YDL247W,0,-6.148398,0.09940841048955917,0.9409999847412109,0.8525000214576721
YOL127W,YLR086W,0,-6.149153,0.09939790517091751,0.9409999847412109,0.8525999784469604
YMR292W,YPL110C,0,-6.1494355,0.09938740730285645,0.9409999847412109,0.8526999950408936
YPL029W,YGL213C,1,-6.14952,0.09948252141475677,0.9419999718666077,0.8526999950408936
YJL141C,YDR515W,0,-6.1497407,0.09947201609611511,0.9419999718666077,0.8528000116348267
YML093W,YPR144C,0,-6.150901,0.09946151077747345,0.9419999718666077,0.8529000282287598
YBL022C,YJR104C,0,-6.151019,0.09945101290941238,0.9419999718666077,0.8529999852180481
YJR091C,YER146W,1,-6.151025,0.09954607486724854,0.9430000185966492,0.8529999852180481
YOR064C,YCL043C,0,-6.151209,0.09953556954860687,0.9430000185966492,0.8531000018119812
YLR208W,YGL096W,0,-6.1513367,0.09952506422996521,0.9430000185966492,0.8532000184059143
YOL064C,YBL063W,0,-6.151446,0.09951456636190414,0.9430000185966492,0.8532999753952026
YMR104C,YNL119W,0,-6.151587,0.09950406104326248,0.9430000185966492,0.8533999919891357
YDL095W,YPL089C,0,-6.1520615,0.09949356317520142,0.9430000185966492,0.8535000085830688
YGL229C,YLL021W,0,-6.152422,0.09948306530714035,0.9430000185966492,0.853600025177002
YDR518W,YLR096W,0,-6.152466,0.09947257488965988,0.9430000185966492,0.8536999821662903
YGR175C,YIL063C,0,-6.152649,0.09946208447217941,0.9430000185966492,0.8537999987602234
YJL166W,YPL043W,0,-6.152817,0.09945159405469894,0.9430000185966492,0.8539000153541565
YMR135C,YDR515W,0,-6.1529155,0.09944110363721848,0.9430000185966492,0.8539999723434448
YOR274W,YPL007C,0,-6.153,0.0994306206703186,0.9430000185966492,0.8540999889373779
YOR043W,YER030W,0,-6.153079,0.09942013770341873,0.9430000185966492,0.854200005531311
YLR256W,YJL186W,0,-6.1531773,0.09940965473651886,0.9430000185966492,0.8543000221252441
YPR140W,YNL297C,0,-6.153537,0.09939917922019958,0.9430000185966492,0.8543999791145325
YPL135W,YMR078C,0,-6.1538324,0.09938870370388031,0.9430000185966492,0.8544999957084656
YNL012W,YDL102W,0,-6.153925,0.09937822818756104,0.9430000185966492,0.8546000123023987
YGL153W,YER054C,0,-6.154252,0.09936775267124176,0.9430000185966492,0.8547000288963318
YBL061C,YEL062W,0,-6.1544466,0.09935728460550308,0.9430000185966492,0.8547999858856201
YKL160W,YIR017C,0,-6.1550264,0.0993468165397644,0.9430000185966492,0.8549000024795532
YBR214W,YDR260C,0,-6.155403,0.09933635592460632,0.9430000185966492,0.8550000190734863
YPR104C,YMR175W,0,-6.155581,0.09932588785886765,0.9430000185966492,0.8550999760627747
YDR224C,YBR223C,0,-6.1556835,0.09931542724370956,0.9430000185966492,0.8551999926567078
YLR371W,YBR234C,0,-6.155978,0.09930497407913208,0.9430000185966492,0.8553000092506409
YHR058C,YFR014C,0,-6.1564794,0.099294513463974,0.9430000185966492,0.855400025844574
YOR327C,YER054C,0,-6.156587,0.09928406029939651,0.9430000185966492,0.8554999828338623
YDL236W,YOR372C,0,-6.1567993,0.09927360713481903,0.9430000185966492,0.8555999994277954
YDR217C,YCL040W,0,-6.1572924,0.09926316142082214,0.9430000185966492,0.8557000160217285
YML128C,YGL195W,0,-6.1580267,0.09925270825624466,0.9430000185966492,0.8557999730110168
YJR004C,YHR056C,0,-6.1581936,0.09924226254224777,0.9430000185966492,0.85589998960495
YBR201W,YOR237W,0,-6.1583962,0.09923182427883148,0.9430000185966492,0.8560000061988831
YDR036C,YGL106W,0,-6.158613,0.0992213785648346,0.9430000185966492,0.8561000227928162
YJL179W,YPR054W,0,-6.159044,0.0992109403014183,0.9430000185966492,0.8561999797821045
YOR371C,YMR001C,0,-6.1592484,0.09920050203800201,0.9430000185966492,0.8562999963760376
YPR163C,YJR104C,0,-6.1604457,0.09919007122516632,0.9430000185966492,0.8564000129699707
YAL005C,YLL041C,0,-6.160452,0.09917964041233063,0.9430000185966492,0.8565000295639038
YOR110W,YDL209C,0,-6.160611,0.09916920959949493,0.9430000185966492,0.8565999865531921
YPL224C,YOL077C,0,-6.1612496,0.09915877878665924,0.9430000185966492,0.8567000031471252
YBL106C,YOR094W,0,-6.161333,0.09914835542440414,0.9430000185966492,0.8568000197410583
YDR221W,YLR182W,0,-6.1616364,0.09913793206214905,0.9430000185966492,0.8568999767303467
YPR100W,YPL156C,0,-6.1622043,0.09912750869989395,0.9430000185966492,0.8569999933242798
YMR076C,YBR215W,0,-6.16278,0.09911709278821945,0.9430000185966492,0.8571000099182129
YBR059C,YOR257W,0,-6.162909,0.09910667687654495,0.9430000185966492,0.857200026512146
YBL041W,YGL025C,0,-6.1631546,0.09909626096487045,0.9430000185966492,0.8572999835014343
YGL113W,YLL019C,0,-6.1632195,0.09908584505319595,0.9430000185966492,0.8574000000953674
YFR019W,YOR329C,0,-6.163407,0.09907543659210205,0.9430000185966492,0.8575000166893005
YFR041C,YHR200W,0,-6.1634774,0.09906502813100815,0.9430000185966492,0.8575999736785889
YHR194W,YIL053W,0,-6.163482,0.09905461966991425,0.9430000185966492,0.857699990272522
YNR016C,YCL040W,0,-6.1635075,0.09904421865940094,0.9430000185966492,0.8578000068664551
YCL017C,YHR161C,0,-6.1637278,0.09903381764888763,0.9430000185966492,0.8579000234603882
YGL229C,YGL099W,0,-6.163934,0.09902341663837433,0.9430000185966492,0.8579999804496765
YDR277C,YNR001C,0,-6.164647,0.09901302307844162,0.9430000185966492,0.8580999970436096
YGR179C,YFL003C,0,-6.1649103,0.09900262206792831,0.9430000185966492,0.8582000136375427
YAL009W,YFR008W,0,-6.1654186,0.0989922285079956,0.9430000185966492,0.858299970626831
YEL030W,YJL019W,0,-6.1656313,0.0989818423986435,0.9430000185966492,0.8583999872207642
YCR075C,YJL170C,0,-6.165658,0.09897144883871078,0.9430000185966492,0.8585000038146973
YDR288W,YLR086W,0,-6.1661005,0.09896106272935867,0.9430000185966492,0.8586000204086304
YCL010C,YDR142C,0,-6.166262,0.09895068407058716,0.9430000185966492,0.8586999773979187
YNL268W,YPR103W,0,-6.1665087,0.09894029796123505,0.9430000185966492,0.8587999939918518
YDR191W,YGR258C,0,-6.1674404,0.09892991930246353,0.9430000185966492,0.8589000105857849
YDR159W,YJR073C,0,-6.1674824,0.09891954064369202,0.9430000185966492,0.859000027179718
YDL042C,YAL056W,0,-6.1691356,0.0989091694355011,0.9430000185966492,0.8590999841690063
YGR140W,YDR179C,0,-6.1691704,0.09889879077672958,0.9430000185966492,0.8592000007629395
YER112W,YPL029W,1,-6.169558,0.09899328649044037,0.9440000057220459,0.8592000007629395
YBR091C,YIR005W,0,-6.169589,0.09898290783166885,0.9440000057220459,0.8593000173568726
YMR165C,YDR388W,0,-6.1698546,0.09897252917289734,0.9440000057220459,0.8593999743461609
YLR270W,YEL015W,1,-6.170395,0.09906698763370514,0.9449999928474426,0.8593999743461609
YLR270W,YJL124C,1,-6.170693,0.09916142374277115,0.9459999799728394,0.8593999743461609
YCR073W-A,YJL002C,0,-6.170978,0.09915103018283844,0.9459999799728394,0.859499990940094
YGL020C,YAL053W,0,-6.1713133,0.09914064407348633,0.9459999799728394,0.8596000075340271
YKR062W,YPL156C,0,-6.1713676,0.09913025051355362,0.9459999799728394,0.8597000241279602
YOL095C,YOL128C,0,-6.172178,0.09911986440420151,0.9459999799728394,0.8597999811172485
YJL001W,YBR002C,0,-6.1723566,0.0991094782948494,0.9459999799728394,0.8598999977111816
YGR220C,YNL279W,0,-6.172882,0.09909909963607788,0.9459999799728394,0.8600000143051147
YJL042W,YIL124W,0,-6.173169,0.09908872097730637,0.9459999799728394,0.8600999712944031
YBR048W,YCL043C,0,-6.1733203,0.09907834231853485,0.9459999799728394,0.8601999878883362
YPR110C,YNL294C,0,-6.1733227,0.09906796365976334,0.9459999799728394,0.8603000044822693
YNL080C,YLR371W,0,-6.1733303,0.09905759245157242,0.9459999799728394,0.8604000210762024
YIL153W,YNR010W,0,-6.1740274,0.0990472212433815,0.9459999799728394,0.8604999780654907
YPR140W,YER020W,0,-6.174283,0.09903685003519058,0.9459999799728394,0.8605999946594238
YGL113W,YOL033W,0,-6.1753445,0.09902648627758026,0.9459999799728394,0.8607000112533569
YDR343C,YPL059W,0,-6.175658,0.09901612251996994,0.9459999799728394,0.86080002784729
YLR361C,YFL037W,0,-6.175889,0.09900575876235962,0.9459999799728394,0.8608999848365784
YLR095C,YJR112W,0,-6.176315,0.0989953950047493,0.9459999799728394,0.8610000014305115
YDR285W,YIL135C,0,-6.176442,0.09898503869771957,0.9459999799728394,0.8611000180244446
YMR156C,YIL112W,0,-6.177433,0.09897468239068985,0.9459999799728394,0.8611999750137329
YLL018C-A,YHR072W,0,-6.1780376,0.09896432608366013,0.9459999799728394,0.861299991607666
YMR288W,YGL061C,0,-6.1786814,0.098953977227211,0.9459999799728394,0.8614000082015991
YCR048W,YER005W,0,-6.178765,0.09894362837076187,0.9459999799728394,0.8615000247955322
YIR037W,YOL080C,0,-6.1787987,0.09893327951431274,0.9459999799728394,0.8615999817848206
YIL118W,YDR099W,0,-6.178808,0.09892293065786362,0.9459999799728394,0.8616999983787537
YNL148C,YDR425W,0,-6.178939,0.09891258925199509,0.9459999799728394,0.8618000149726868
YDR294C,YPR032W,0,-6.1789885,0.09890224784612656,0.9459999799728394,0.8618999719619751
YER104W,YNL080C,0,-6.179089,0.09889190644025803,0.9459999799728394,0.8619999885559082
YKL055C,YMR109W,0,-6.179364,0.09888157248497009,0.9459999799728394,0.8621000051498413
YEL004W,YMR077C,0,-6.1796303,0.09887123852968216,0.9459999799728394,0.8622000217437744
YGL112C,YLR045C,0,-6.179934,0.09886090457439423,0.9459999799728394,0.8622999787330627
YJL204C,YMR190C,0,-6.180008,0.09885057806968689,0.9459999799728394,0.8623999953269958
YGR165W,YOR213C,0,-6.1801844,0.09884024411439896,0.9459999799728394,0.862500011920929
YDR254W,YCL069W,0,-6.180367,0.09882991760969162,0.9459999799728394,0.8626000285148621
YLR353W,YBL102W,0,-6.1804676,0.09881959855556488,0.9459999799728394,0.8626999855041504
YDR137W,YNL133C,0,-6.180958,0.09880927205085754,0.9459999799728394,0.8628000020980835
YER095W,YLL043W,0,-6.181232,0.0987989529967308,0.9459999799728394,0.8629000186920166
YBR037C,YBR279W,0,-6.181292,0.09878864139318466,0.9459999799728394,0.8629999756813049
YPL159C,YDL140C,0,-6.182054,0.09877832233905792,0.9459999799728394,0.863099992275238
YOR173W,YIL038C,1,-6.1820993,0.09887241572141647,0.9470000267028809,0.863099992275238
YNL110C,YMR008C,0,-6.1825385,0.09886209666728973,0.9470000267028809,0.8632000088691711
YLR023C,YNL075W,0,-6.1826625,0.098851777613163,0.9470000267028809,0.8633000254631042
YPL060W,YPL118W,0,-6.1831565,0.09884145855903625,0.9470000267028809,0.8633999824523926
YLR249W,YGL011C,0,-6.183303,0.09883113950490952,0.9470000267028809,0.8634999990463257
YGR144W,YMR260C,0,-6.18367,0.09882082790136337,0.9470000267028809,0.8636000156402588
YGL093W,YDR176W,0,-6.1838937,0.09881051629781723,0.9470000267028809,0.8636999726295471
YML024W,YPL206C,0,-6.1842527,0.09880021214485168,0.9470000267028809,0.8637999892234802
YNL098C,YBR026C,0,-6.1847816,0.09878990054130554,0.9470000267028809,0.8639000058174133
YIR008C,YHR014W,0,-6.1858068,0.09877959638834,0.9470000267028809,0.8640000224113464
YDL142C,YPR100W,0,-6.185836,0.09876929223537445,0.9470000267028809,0.8640999794006348
YMR200W,YDL064W,0,-6.1862793,0.0987589955329895,0.9470000267028809,0.8641999959945679
YER007W,YPR080W,0,-6.1863465,0.09874869883060455,0.9470000267028809,0.864300012588501
YOR355W,YGR181W,0,-6.1865377,0.0987384021282196,0.9470000267028809,0.8644000291824341
YJR001W,YGR036C,0,-6.1869955,0.09872810542583466,0.9470000267028809,0.8644999861717224
YDR254W,YER095W,0,-6.187348,0.0987178161740303,0.9470000267028809,0.8646000027656555
YLR270W,YCR077C,1,-6.1874638,0.09881176054477692,0.9480000138282776,0.8646000027656555
YNL270C,YJR150C,0,-6.187657,0.09880145639181137,0.9480000138282776,0.8647000193595886
YGR008C,YER029C,0,-6.187832,0.09879115968942642,0.9480000138282776,0.864799976348877
YJR147W,YOL006C,0,-6.188374,0.09878087043762207,0.9480000138282776,0.8648999929428101
YOR329C,YPL059W,0,-6.1886587,0.09877057373523712,0.9480000138282776,0.8650000095367432
YLR335W,YGR230W,0,-6.1887755,0.09876028448343277,0.9480000138282776,0.8651000261306763
YBR083W,YAR042W,0,-6.188963,0.09875000268220901,0.9480000138282776,0.8651999831199646
YER103W,YML016C,0,-6.1891856,0.09873971343040466,0.9480000138282776,0.8652999997138977
YLL002W,YJL059W,0,-6.1894627,0.09872943162918091,0.9480000138282776,0.8654000163078308
YHR197W,YNR044W,0,-6.189513,0.09871914982795715,0.9480000138282776,0.8654999732971191
YOL091W,YGL119W,0,-6.190149,0.0987088680267334,0.9480000138282776,0.8655999898910522
YOR368W,YDR078C,0,-6.19024,0.09869859367609024,0.9480000138282776,0.8657000064849854
YDL230W,YDR507C,0,-6.190484,0.09868831932544708,0.9480000138282776,0.8658000230789185
YMR288W,YIL066C,0,-6.190544,0.09867804497480392,0.9480000138282776,0.8658999800682068
YPL203W,YML109W,0,-6.190653,0.09866777807474136,0.9480000138282776,0.8659999966621399
YJL139C,YDR478W,0,-6.1908746,0.0986575111746788,0.9480000138282776,0.866100013256073
YMR119W,YML007W,0,-6.190898,0.09864724427461624,0.9480000138282776,0.8661999702453613
YLL002W,YDL008W,0,-6.191204,0.09863697737455368,0.9480000138282776,0.8662999868392944
YDR054C,YDL190C,0,-6.1915426,0.09862671792507172,0.9480000138282776,0.8664000034332275
YDR156W,YBL056W,0,-6.1918516,0.09861645847558975,0.9480000138282776,0.8665000200271606
YHR011W,YLR207W,0,-6.191882,0.09860619902610779,0.9480000138282776,0.866599977016449
YGL244W,YMR182C,0,-6.191988,0.09859594702720642,0.9480000138282776,0.8666999936103821
YPR193C,YPL018W,0,-6.192141,0.09858568757772446,0.9480000138282776,0.8668000102043152
YOL112W,YNR019W,0,-6.1926665,0.09857544302940369,0.9480000138282776,0.8669000267982483
YLR096W,YDR460W,0,-6.1933117,0.09856519103050232,0.9480000138282776,0.8669999837875366
YKL042W,YBR295W,0,-6.193499,0.09855494648218155,0.9480000138282776,0.8671000003814697
YIL153W,YNL309W,0,-6.1938977,0.09854470193386078,0.9480000138282776,0.8672000169754028
YDR314C,YOL049W,0,-6.193957,0.09853445738554001,0.9480000138282776,0.8672999739646912
YLR372W,YML029W,0,-6.1940136,0.09852421283721924,0.9480000138282776,0.8673999905586243
YLR410W,YDL055C,0,-6.195589,0.09851397573947906,0.9480000138282776,0.8675000071525574
YKR009C,YLR353W,0,-6.1957226,0.09850373864173889,0.9480000138282776,0.8676000237464905
YOL095C,YDL230W,0,-6.1961527,0.09849350899457932,0.9480000138282776,0.8676999807357788
YMR011W,YER012W,0,-6.196167,0.09848327189683914,0.9480000138282776,0.8677999973297119
YBL074C,YNR038W,0,-6.1962576,0.09847304224967957,0.9480000138282776,0.867900013923645
YGR285C,YDR077W,0,-6.1967382,0.09846282005310059,0.9480000138282776,0.8679999709129333
YMR281W,YJL013C,0,-6.196871,0.09845259040594101,0.9480000138282776,0.8680999875068665
YHR133C,YLR266C,0,-6.197093,0.09844236820936203,0.9480000138282776,0.8682000041007996
YDL120W,YGR143W,0,-6.197189,0.09843214601278305,0.9480000138282776,0.8683000206947327
YJR040W,YNL014W,0,-6.1972136,0.09842192381620407,0.9480000138282776,0.868399977684021
YFL041W,YJL187C,0,-6.19767,0.09841170907020569,0.9480000138282776,0.8684999942779541
YKR053C,YHL020C,0,-6.1979074,0.0984014943242073,0.9480000138282776,0.8686000108718872
YER174C,YMR267W,0,-6.1979575,0.09839127957820892,0.9480000138282776,0.8687000274658203
YLR207W,YOR313C,0,-6.198716,0.09838107228279114,0.9480000138282776,0.8687999844551086
YLR133W,YIL114C,0,-6.198719,0.09837086498737335,0.9480000138282776,0.8689000010490417
YGR268C,YLR410W,0,-6.1996737,0.09836065769195557,0.9480000138282776,0.8690000176429749
YPL203W,YLR212C,0,-6.199744,0.09835045039653778,0.9480000138282776,0.8690999746322632
YOR099W,YER167W,0,-6.199994,0.09834025055170059,0.9480000138282776,0.8691999912261963
YNL278W,YHR190W,0,-6.2001123,0.0983300507068634,0.9480000138282776,0.8693000078201294
YDR205W,YGL061C,0,-6.200674,0.09831985086202621,0.9480000138282776,0.8694000244140625
YGR044C,YIR008C,0,-6.2009287,0.09830965101718903,0.9480000138282776,0.8694999814033508
YHL024W,YIL118W,0,-6.2009683,0.09829945862293243,0.9480000138282776,0.8695999979972839
YKL035W,YGL119W,0,-6.2014265,0.09828926622867584,0.9480000138282776,0.869700014591217
YBR183W,YNL006W,0,-6.20152,0.09827908128499985,0.9480000138282776,0.8697999715805054
YNL264C,YDR183W,0,-6.2021675,0.09826888889074326,0.9480000138282776,0.8698999881744385
YPL097W,YLR165C,0,-6.2021894,0.09825870394706726,0.9480000138282776,0.8700000047683716
YBR006W,YPL209C,0,-6.202367,0.09824852645397186,0.9480000138282776,0.8701000213623047
YLR219W,YML032C,0,-6.2025986,0.09823834151029587,0.9480000138282776,0.870199978351593
YFR027W,YDR036C,0,-6.202717,0.09822816401720047,0.9480000138282776,0.8702999949455261
YKL110C,YDR529C,0,-6.2033367,0.09821798652410507,0.9480000138282776,0.8704000115394592
YDR309C,YDR021W,0,-6.203549,0.09820780903100967,0.9480000138282776,0.8705000281333923
YLR353W,YKR029C,0,-6.203594,0.09819763898849487,0.9480000138282776,0.8705999851226807
YLR260W,YHR183W,0,-6.2036166,0.09818746894598007,0.9480000138282776,0.8707000017166138
YBR088C,YKL197C,0,-6.2039785,0.09817729890346527,0.9480000138282776,0.8708000183105469
YLL015W,YER166W,0,-6.204645,0.09816713631153107,0.9480000138282776,0.8708999752998352
YGL075C,YNL291C,0,-6.2050066,0.09815696626901627,0.9480000138282776,0.8709999918937683
YNL325C,YDL226C,0,-6.205325,0.09814680367708206,0.9480000138282776,0.8711000084877014
YDR513W,YGR178C,0,-6.205328,0.09813664853572845,0.9480000138282776,0.8712000250816345
YLR219W,YIL138C,0,-6.205593,0.09812648594379425,0.9480000138282776,0.8712999820709229
YDL079C,YOR179C,0,-6.2057323,0.09811633080244064,0.9480000138282776,0.871399998664856
YPR068C,YGR289C,0,-6.2057457,0.09810617566108704,0.9480000138282776,0.8715000152587891
YJR140C,YDL087C,0,-6.2060375,0.09809602797031403,0.9480000138282776,0.8715999722480774
YMR109W,YOR181W,0,-6.2060604,0.09808588027954102,0.9480000138282776,0.8716999888420105
YLL050C,YJR019C,0,-6.2062607,0.098075732588768,0.9480000138282776,0.8718000054359436
YNR035C,YGL187C,0,-6.2069335,0.098065584897995,0.9480000138282776,0.8719000220298767
YOR284W,YDR078C,0,-6.2076335,0.09805543720722198,0.9480000138282776,0.871999979019165
YLR293C,YNL159C,0,-6.2085915,0.09804529696702957,0.9480000138282776,0.8720999956130981
YLR418C,YNL271C,0,-6.2094064,0.09803515672683716,0.9480000138282776,0.8722000122070312
YMR311C,YLR210W,0,-6.2098184,0.09802502393722534,0.9480000138282776,0.8723000288009644
YGR157W,YBR068C,0,-6.2099085,0.09801489114761353,0.9480000138282776,0.8723999857902527
YBL047C,YHR083W,0,-6.2109966,0.09800475835800171,0.9480000138282776,0.8725000023841858
YIR006C,YML104C,0,-6.2111263,0.09799462556838989,0.9480000138282776,0.8726000189781189
YGL093W,YKR008W,0,-6.211763,0.09798449277877808,0.9480000138282776,0.8726999759674072
YPR083W,YBR212W,0,-6.2120075,0.09797436743974686,0.9480000138282776,0.8727999925613403
YLR208W,YCL034W,0,-6.212306,0.09796424210071564,0.9480000138282776,0.8729000091552734
YHR091C,YML029W,0,-6.2125216,0.09795412421226501,0.9480000138282776,0.8730000257492065
YBL018C,YJL166W,0,-6.2126756,0.0979439988732338,0.9480000138282776,0.8730999827384949
YBR296C,YBR188C,0,-6.2126894,0.09793388098478317,0.9480000138282776,0.873199999332428
YER044C,YOL008W,0,-6.2133245,0.09792377054691315,0.9480000138282776,0.8733000159263611
YDR079W,YDR365C,0,-6.2134223,0.09791365265846252,0.9480000138282776,0.8733999729156494
YGL219C,YAL024C,0,-6.2140026,0.0979035422205925,0.9480000138282776,0.8734999895095825
YLR047C,YMR198W,0,-6.2140875,0.09789343178272247,0.9480000138282776,0.8736000061035156
YPR072W,YJR091C,1,-6.2141333,0.09798657894134521,0.9490000009536743,0.8736000061035156
YLR411W,YBR289W,0,-6.2142525,0.09797646105289459,0.9490000009536743,0.8737000226974487
YGR092W,YHR119W,0,-6.2143793,0.09796634316444397,0.9490000009536743,0.8737999796867371
YGR008C,YGR238C,0,-6.214964,0.09795623272657394,0.9490000009536743,0.8738999962806702
YDR181C,YBR072W,0,-6.2150984,0.09794612228870392,0.9490000009536743,0.8740000128746033
YIL138C,YPL042C,0,-6.2152867,0.09793601930141449,0.9490000009536743,0.8741000294685364
YOR265W,YDR151C,0,-6.21542,0.09792590886354446,0.9490000009536743,0.8741999864578247
YPL203W,YLR207W,0,-6.2154884,0.09791580587625504,0.9490000009536743,0.8743000030517578
YPR178W,YOR310C,0,-6.2157583,0.0979057028889656,0.9490000009536743,0.8744000196456909
YGR030C,YJL093C,0,-6.2157793,0.09789560735225677,0.9490000009536743,0.8744999766349792
YDR076W,YER007W,0,-6.2158756,0.09788550436496735,0.9490000009536743,0.8745999932289124
YJR158W,YHR111W,0,-6.2161884,0.09787540882825851,0.9490000009536743,0.8747000098228455
YER072W,YPL269W,0,-6.2166166,0.09786532074213028,0.9490000009536743,0.8748000264167786
YHR161C,YMR112C,0,-6.2172256,0.09785522520542145,0.9490000009536743,0.8748999834060669
YGR140W,YMR029C,0,-6.218169,0.09784513711929321,0.9490000009536743,0.875
YCR066W,YJR094C,0,-6.2182364,0.09783504903316498,0.9490000009536743,0.8751000165939331
YKL110C,YLR034C,0,-6.218454,0.09782496839761734,0.9490000009536743,0.8751999735832214
YER070W,YNL078W,0,-6.2189054,0.0978148803114891,0.9490000009536743,0.8752999901771545
YDR517W,YNL310C,0,-6.219416,0.09780479967594147,0.9490000009536743,0.8754000067710876
YKL045W,YPR168W,0,-6.2198524,0.09779472649097443,0.9490000009536743,0.8755000233650208
YDR145W,YPL170W,0,-6.220072,0.09778464585542679,0.9490000009536743,0.8755999803543091
YGL252C,YPL170W,0,-6.2203493,0.09777457267045975,0.9490000009536743,0.8756999969482422
YDR076W,YKL112W,0,-6.2209015,0.0977644994854927,0.9490000009536743,0.8758000135421753
YOR261C,YLR079W,0,-6.2211676,0.09775442630052567,0.9490000009536743,0.8758999705314636
YOL065C,YBL023C,0,-6.221334,0.09774436056613922,0.9490000009536743,0.8759999871253967
YHL040C,YOL125W,0,-6.222331,0.09773429483175278,0.9490000009536743,0.8761000037193298
YER179W,YPR175W,0,-6.223215,0.09772422909736633,0.9490000009536743,0.8762000203132629
YNL250W,YER007W,0,-6.2241116,0.09771417081356049,0.9490000009536743,0.8762999773025513
YDR122W,YMR137C,0,-6.224639,0.09770410507917404,0.9490000009536743,0.8763999938964844
YMR163C,YBR228W,0,-6.225184,0.0976940467953682,0.9490000009536743,0.8765000104904175
YBR179C,YOR267C,0,-6.2253475,0.09768399596214294,0.9490000009536743,0.8766000270843506
YHR086W,YLR182W,0,-6.225501,0.0976739376783371,0.9490000009536743,0.8766999840736389
YOR191W,YGL004C,0,-6.225786,0.09766388684511185,0.9490000009536743,0.876800000667572
YDR259C,YOR266W,0,-6.22604,0.0976538360118866,0.9490000009536743,0.8769000172615051
YLR190W,YBR234C,0,-6.226509,0.09764379262924194,0.9490000009536743,0.8769999742507935
YML025C,YIL105C,0,-6.2271037,0.0976337417960167,0.9490000009536743,0.8770999908447266
YNL202W,YOR064C,0,-6.2272625,0.09762369841337204,0.9490000009536743,0.8772000074386597
YGL171W,YKL099C,0,-6.227521,0.09761366248130798,0.9490000009536743,0.8773000240325928
YBR109C,YDR225W,0,-6.2278566,0.09760361909866333,0.9490000009536743,0.8773999810218811
YMR135C,YIL123W,0,-6.227983,0.09759358316659927,0.9490000009536743,0.8774999976158142
YDL028C,YOR372C,0,-6.228221,0.09758354723453522,0.9490000009536743,0.8776000142097473
YGR230W,YER166W,0,-6.228278,0.09757351130247116,0.9490000009536743,0.8776999711990356
YDR191W,YER166W,0,-6.2284517,0.0975634828209877,0.9490000009536743,0.8777999877929688
YBR042C,YMR231W,0,-6.2286367,0.09755345433950424,0.9490000009536743,0.8779000043869019
YDL077C,YGR167W,0,-6.2287455,0.09754342585802078,0.9490000009536743,0.878000020980835
YMR293C,YOL135C,0,-6.2290974,0.09753340482711792,0.9490000009536743,0.8780999779701233
YML065W,YBR223C,0,-6.230591,0.09752337634563446,0.9490000009536743,0.8781999945640564
YDL113C,YOR354C,0,-6.230871,0.0975133553147316,0.9490000009536743,0.8783000111579895
YDR142C,YGR036C,0,-6.2311716,0.09750334173440933,0.9490000009536743,0.8784000277519226
YIL065C,YNL030W,0,-6.2313814,0.09749332070350647,0.9490000009536743,0.8784999847412109
YKL034W,YOR372C,0,-6.2315555,0.0974833071231842,0.9490000009536743,0.878600001335144
YIL124W,YOR147W,0,-6.2320685,0.09747329354286194,0.9490000009536743,0.8787000179290771
YPL101W,YKL035W,0,-6.2323008,0.09746328741312027,0.9490000009536743,0.8787999749183655
YML130C,YDR099W,0,-6.2323103,0.097453273832798,0.9490000009536743,0.8788999915122986
YCL051W,YLR288C,0,-6.2327633,0.09744326770305634,0.9490000009536743,0.8790000081062317
YIL019W,YFL039C,0,-6.233103,0.09743326157331467,0.9490000009536743,0.8791000247001648
YDL217C,YIL073C,0,-6.233917,0.0974232628941536,0.9490000009536743,0.8791999816894531
YMR053C,YDR247W,0,-6.234342,0.09741326421499252,0.9490000009536743,0.8792999982833862
YOL133W,YLR417W,0,-6.2347903,0.09740326553583145,0.9490000009536743,0.8794000148773193
YOL068C,YPL255W,0,-6.2351117,0.09739326685667038,0.9490000009536743,0.8794999718666077
YOR329C,YHR181W,0,-6.235361,0.0973832756280899,0.9490000009536743,0.8795999884605408
YNL280C,YKL112W,0,-6.236086,0.09737328439950943,0.9490000009536743,0.8797000050544739
YJL108C,YBR278W,0,-6.2369137,0.09736329317092896,0.9490000009536743,0.879800021648407
YJL030W,YEL050C,0,-6.2371106,0.09735330194234848,0.9490000009536743,0.8798999786376953
YJL124C,YOR173W,1,-6.2378416,0.09744589030742645,0.949999988079071,0.8798999786376953
YIL123W,YLR238W,0,-6.237955,0.09743589907884598,0.949999988079071,0.8799999952316284
YER019W,YPL118W,0,-6.2382913,0.0974259078502655,0.949999988079071,0.8801000118255615
YOR361C,YDL079C,0,-6.2386155,0.09741591662168503,0.949999988079071,0.8802000284194946
YJR013W,YPR128C,0,-6.238865,0.09740592539310455,0.949999988079071,0.880299985408783
YPR019W,YOR368W,0,-6.239128,0.09739594161510468,0.949999988079071,0.8804000020027161
YIL062C,YDR303C,0,-6.2392035,0.0973859578371048,0.949999988079071,0.8805000185966492
YOL133W,YBR212W,0,-6.239364,0.09737597405910492,0.949999988079071,0.8805999755859375
YMR047C,YKL101W,0,-6.239454,0.09736599028110504,0.949999988079071,0.8806999921798706
YNL280C,YBR200W,0,-6.2399282,0.09735601395368576,0.949999988079071,0.8808000087738037
YMR047C,YOR368W,0,-6.2400627,0.09734603762626648,0.949999988079071,0.8809000253677368
YCR048W,YCL051W,0,-6.240571,0.0973360687494278,0.949999988079071,0.8809999823570251
YHL036W,YGL061C,0,-6.241193,0.09732609242200851,0.949999988079071,0.8810999989509583
YER095W,YNL271C,0,-6.2414885,0.09731612354516983,0.949999988079071,0.8812000155448914
YNL311C,YAL040C,0,-6.241597,0.09730615466833115,0.949999988079071,0.8812999725341797
YOL078W,YER040W,0,-6.2417965,0.09729619324207306,0.949999988079071,0.8813999891281128
YML025C,YDR217C,0,-6.241815,0.09728622436523438,0.949999988079071,0.8815000057220459
YGR211W,YLL041C,0,-6.241902,0.09727626293897629,0.949999988079071,0.881600022315979
YGR171C,YOR023C,0,-6.242161,0.0972663015127182,0.949999988079071,0.8816999793052673
YOR130C,YNL268W,0,-6.2427216,0.09725634753704071,0.949999988079071,0.8817999958992004
YDR016C,YBR200W,0,-6.243191,0.09724639356136322,0.949999988079071,0.8819000124931335
YPL181W,YDL042C,0,-6.243312,0.09723643958568573,0.949999988079071,0.8820000290870667
YLL018C-A,YBL099W,0,-6.2438717,0.09722648561000824,0.949999988079071,0.882099986076355
YJL011C,YPL015C,0,-6.244025,0.09721653908491135,0.949999988079071,0.8822000026702881
YOR194C,YER174C,0,-6.244246,0.09720659255981445,0.949999988079071,0.8823000192642212
YDL006W,YIL125W,0,-6.245878,0.09719664603471756,0.949999988079071,0.8823999762535095
YOR349W,YER018C,0,-6.246232,0.09718669950962067,0.949999988079071,0.8824999928474426
YGR070W,YDR489W,0,-6.246774,0.09717676043510437,0.949999988079071,0.8826000094413757
YER095W,YBL090W,0,-6.247052,0.09716682136058807,0.949999988079071,0.8827000260353088
YDR038C,YKL026C,0,-6.2471886,0.09715688228607178,0.949999988079071,0.8827999830245972
YPL031C,YOR150W,0,-6.247924,0.09714695066213608,0.949999988079071,0.8828999996185303
YIL030C,YOR057W,0,-6.248156,0.09713701158761978,0.949999988079071,0.8830000162124634
YFR004W,YKL032C,0,-6.248857,0.09712707996368408,0.949999988079071,0.8830999732017517
YEL034W,YJL094C,0,-6.249511,0.09711715579032898,0.949999988079071,0.8831999897956848
YMR197C,YOR226C,0,-6.2495465,0.09710722416639328,0.949999988079071,0.8833000063896179
YGL021W,YKL022C,0,-6.249754,0.09709729999303818,0.949999988079071,0.883400022983551
YPR138C,YBR048W,0,-6.249957,0.09708737581968307,0.949999988079071,0.8834999799728394
YKR028W,YBL034C,0,-6.250385,0.09707745909690857,0.949999988079071,0.8835999965667725
YLR201C,YLR385C,0,-6.2505245,0.09706753492355347,0.949999988079071,0.8837000131607056
YIL095W,YNL262W,0,-6.2505937,0.09705761820077896,0.949999988079071,0.8838000297546387
YAR019C,YER094C,0,-6.2509823,0.09704770892858505,0.949999988079071,0.883899986743927
YGR227W,YML047C,0,-6.2511673,0.09703779220581055,0.949999988079071,0.8840000033378601
YHR160C,YPR161C,0,-6.2513885,0.09702788293361664,0.949999988079071,0.8841000199317932
YCR073W-A,YKR052C,0,-6.2514105,0.09701797366142273,0.949999988079071,0.8841999769210815
YOR087W,YIL073C,0,-6.252125,0.09700806438922882,0.949999988079071,0.8842999935150146
YGR165W,YPR161C,0,-6.2528033,0.09699816256761551,0.949999988079071,0.8844000101089478
YDR013W,YDR323C,0,-6.252911,0.0969882607460022,0.949999988079071,0.8845000267028809
YMR301C,YJL116C,0,-6.253018,0.09697835892438889,0.949999988079071,0.8845999836921692
YGR246C,YKL165C,0,-6.25305,0.09696845710277557,0.949999988079071,0.8847000002861023
YLR433C,YOL135C,0,-6.2533236,0.09695856273174286,0.949999988079071,0.8848000168800354
YNL128W,YJL092W,0,-6.2534657,0.09694866836071014,0.949999988079071,0.8848999738693237
YDR122W,YGL068W,0,-6.253688,0.09693877398967743,0.949999988079071,0.8849999904632568
YMR088C,YPL127C,0,-6.253721,0.09692888706922531,0.949999988079071,0.8851000070571899
YNL098C,YNL029C,0,-6.253749,0.0969189926981926,0.949999988079071,0.885200023651123
YDR323C,YKL052C,0,-6.2539454,0.09690910577774048,0.949999988079071,0.8852999806404114
YLR403W,YOR354C,0,-6.2541523,0.09689922630786896,0.949999988079071,0.8853999972343445
YOR081C,YHR124W,0,-6.255742,0.09688933938741684,0.949999988079071,0.8855000138282776
YBR231C,YOL006C,0,-6.255787,0.09687945991754532,0.949999988079071,0.8855999708175659
YDR273W,YDR183W,0,-6.2558513,0.0968695804476738,0.949999988079071,0.885699987411499
YBR121C,YOR267C,0,-6.256372,0.09685970842838287,0.949999988079071,0.8858000040054321
YPR072W,YOR173W,1,-6.2568808,0.09695178270339966,0.9509999752044678,0.8858000040054321
YNL206C,YLR028C,0,-6.257247,0.09694189578294754,0.9509999752044678,0.8859000205993652
YER111C,YJL062W,0,-6.2580204,0.09693201631307602,0.9509999752044678,0.8859999775886536
YLR127C,YLL043W,0,-6.2587523,0.0969221368432045,0.9509999752044678,0.8860999941825867
YNL118C,YAL021C,1,-6.2587905,0.0970141664147377,0.9520000219345093,0.8860999941825867
YBR081C,YJR110W,0,-6.259112,0.09700427949428558,0.9520000219345093,0.8862000107765198
YCR014C,YEL019C,0,-6.2594585,0.09699440002441406,0.9520000219345093,0.8863000273704529
YLR183C,YMR190C,0,-6.259882,0.09698451310396194,0.9520000219345093,0.8863999843597412
YBR274W,YDR143C,0,-6.2599044,0.09697463363409042,0.9520000219345093,0.8865000009536743
YDL226C,YLR025W,0,-6.2603593,0.0969647616147995,0.9520000219345093,0.8866000175476074
YJL056C,YJL047C,0,-6.261939,0.09695488214492798,0.9520000219345093,0.8866999745368958
YPR007C,YJR043C,0,-6.262088,0.09694501012563705,0.9520000219345093,0.8867999911308289
YML029W,YNL064C,0,-6.2622285,0.09693513810634613,0.9520000219345093,0.886900007724762
YPL122C,YCL043C,0,-6.2623835,0.0969252660870552,0.9520000219345093,0.8870000243186951
YGL090W,YOR084W,0,-6.2624254,0.09691540151834488,0.9520000219345093,0.8870999813079834
YOR327C,YJR019C,0,-6.2625422,0.09690553694963455,0.9520000219345093,0.8871999979019165
YGR230W,YDR179C,0,-6.2627335,0.09689567238092422,0.9520000219345093,0.8873000144958496
YIL042C,YPL156C,0,-6.263011,0.0968858152627945,0.9520000219345093,0.8873999714851379
YDR288W,YDR487C,0,-6.263844,0.09687595069408417,0.9520000219345093,0.887499988079071
YGL236C,YLR039C,0,-6.263972,0.09686609357595444,0.9520000219345093,0.8876000046730042
YGR044C,YIL150C,0,-6.264089,0.0968562439084053,0.9520000219345093,0.8877000212669373
YOL020W,YDR294C,0,-6.264658,0.09684638679027557,0.9520000219345093,0.8877999782562256
YMR088C,YPL209C,0,-6.2649226,0.09683653712272644,0.9520000219345093,0.8878999948501587
YPL040C,YBR103W,0,-6.264923,0.09682668745517731,0.9520000219345093,0.8880000114440918
YNL090W,YLR249W,0,-6.26707,0.09681683778762817,0.9520000219345093,0.8881000280380249
YKL086W,YML085C,0,-6.26805,0.09680699557065964,0.9520000219345093,0.8881999850273132
YHR111W,YHR083W,0,-6.268262,0.0967971533536911,0.9520000219345093,0.8883000016212463
YMR243C,YPR161C,0,-6.2686696,0.09678731113672256,0.9520000219345093,0.8884000182151794
YKL089W,YPR124W,0,-6.26871,0.09677747637033463,0.9520000219345093,0.8884999752044678
YMR288W,YGL142C,0,-6.2690363,0.09676763415336609,0.9520000219345093,0.8885999917984009
YIL026C,YPR065W,0,-6.269615,0.09675779938697815,0.9520000219345093,0.888700008392334
YOL078W,YML048W,0,-6.2700863,0.09674796462059021,0.9520000219345093,0.8888000249862671
YOR371C,YHL020C,0,-6.270128,0.09673813730478287,0.9520000219345093,0.8888999819755554
YNL225C,YLR097C,0,-6.270335,0.09672830998897552,0.9520000219345093,0.8889999985694885
YOR327C,YPL203W,0,-6.2705894,0.09671848267316818,0.9520000219345093,0.8891000151634216
YDL142C,YLR088W,0,-6.2711086,0.09670865535736084,0.9520000219345093,0.88919997215271
YIL063C,YDR301W,0,-6.2713594,0.0966988354921341,0.9520000219345093,0.8892999887466431
YNL288W,YDR159W,0,-6.2713733,0.09668900817632675,0.9520000219345093,0.8894000053405762
YGR268C,YDR254W,0,-6.2715774,0.0966791883111,0.9520000219345093,0.8895000219345093
YOR207C,YHR160C,0,-6.2725616,0.09666937589645386,0.9520000219345093,0.8895999789237976
YNL025C,YOL009C,0,-6.273037,0.09665955603122711,0.9520000219345093,0.8896999955177307
YLR330W,YJL091C,0,-6.273464,0.09664974361658096,0.9520000219345093,0.8898000121116638
YPL055C,YBR192W,0,-6.273969,0.09663993865251541,0.9520000219345093,0.8899000287055969
YGR044C,YLR222C,0,-6.274128,0.09663012623786926,0.9520000219345093,0.8899999856948853
YBR223C,YBR212W,0,-6.274802,0.09662032127380371,0.9520000219345093,0.8901000022888184
YPR018W,YPL269W,0,-6.2753515,0.09661051630973816,0.9520000219345093,0.8902000188827515
YLL050C,YKL064W,0,-6.275423,0.09660071134567261,0.9520000219345093,0.8902999758720398
YBL080C,YGR060W,0,-6.2755203,0.09659090638160706,0.9520000219345093,0.8903999924659729
YIL121W,YHR023W,0,-6.2756333,0.0965811088681221,0.9520000219345093,0.890500009059906
YPR083W,YNL055C,0,-6.2759075,0.09657131135463715,0.9520000219345093,0.8906000256538391
YHR187W,YNR002C,0,-6.275958,0.09656151384115219,0.9520000219345093,0.8906999826431274
YLR398C,YOR173W,1,-6.2762866,0.09665314108133316,0.953000009059906,0.8906999826431274
YOR363C,YNL098C,0,-6.276331,0.0966433435678482,0.953000009059906,0.8907999992370605
YGL020C,YBR272C,0,-6.276343,0.09663354605436325,0.953000009059906,0.8909000158309937
YDL159W,YPR168W,0,-6.2763705,0.0966237485408783,0.953000009059906,0.890999972820282
YJR066W,YBR216C,0,-6.276723,0.09661395102739334,0.953000009059906,0.8910999894142151
YOR172W,YNR026C,0,-6.2771387,0.09660415351390839,0.953000009059906,0.8912000060081482
YDL229W,YGL095C,0,-6.278674,0.09659436345100403,0.953000009059906,0.8913000226020813
YGL136C,YMR021C,0,-6.2803545,0.09658457338809967,0.953000009059906,0.8913999795913696
YHR034C,YHR181W,0,-6.2803864,0.09657479077577591,0.953000009059906,0.8914999961853027
YJL054W,YMR272C,0,-6.280566,0.09656500071287155,0.953000009059906,0.8916000127792358
YAL053W,YLR039C,0,-6.280677,0.09655521810054779,0.953000009059906,0.891700029373169
YJR091C,YDL160C,1,-6.280818,0.0966467410326004,0.9539999961853027,0.891700029373169
YLL001W,YDL095W,0,-6.2812576,0.09663695096969604,0.9539999961853027,0.8917999863624573
YNL325C,YJL065C,0,-6.281576,0.09662716835737228,0.9539999961853027,0.8919000029563904
YMR311C,YDR447C,0,-6.2815914,0.09661737829446793,0.9539999961853027,0.8920000195503235
YDL229W,YBR168W,0,-6.2824435,0.09660759568214417,0.9539999961853027,0.8920999765396118
YLR285W,YHR001W,0,-6.282593,0.0965978130698204,0.9539999961853027,0.8921999931335449
YLR369W,YOR180C,0,-6.2827334,0.09658803045749664,0.9539999961853027,0.892300009727478
YJL166W,YBL105C,0,-6.2831283,0.09657825529575348,0.9539999961853027,0.8924000263214111
YPL002C,YOR123C,0,-6.2832074,0.09656848013401031,0.9539999961853027,0.8924999833106995
YJL042W,YPL065W,0,-6.2836757,0.09655870497226715,0.9539999961853027,0.8925999999046326
YNL243W,YBR193C,0,-6.283721,0.09654892981052399,0.9539999961853027,0.8927000164985657
YJR091C,YKL149C,1,-6.28383,0.09664035588502884,0.9549999833106995,0.8927000164985657
YDL229W,YNR006W,0,-6.284601,0.09663058072328568,0.9549999833106995,0.892799973487854
YJL170C,YML109W,0,-6.2846546,0.09662079811096191,0.9549999833106995,0.8928999900817871
YOR211C,YIL037C,0,-6.284832,0.09661103039979935,0.9549999833106995,0.8930000066757202
YER018C,YNL288W,0,-6.285021,0.09660125523805618,0.9549999833106995,0.8931000232696533
YOR230W,YGL226C-A,0,-6.2852926,0.09659148007631302,0.9549999833106995,0.8931999802589417
YOL128C,YBR048W,0,-6.2855263,0.09658171236515045,0.9549999833106995,0.8932999968528748
YGL020C,YKL032C,0,-6.286501,0.09657195210456848,0.9549999833106995,0.8934000134468079
YOR011W,YLR127C,0,-6.2867217,0.09656218439340591,0.9549999833106995,0.8934999704360962
YOR083W,YDR301W,0,-6.287177,0.09655242413282394,0.9549999833106995,0.8935999870300293
YMR065W,YMR081C,0,-6.287353,0.09654266387224197,0.9549999833106995,0.8937000036239624
YPL036W,YML010W,0,-6.287678,0.09653290361166,0.9549999833106995,0.8938000202178955
YDL120W,YNL206C,0,-6.288143,0.09652314335107803,0.9549999833106995,0.8938999772071838
YDL077C,YAL056W,0,-6.2885222,0.09651339054107666,0.9549999833106995,0.8939999938011169
YOL133W,YGR186W,0,-6.288581,0.09650363773107529,0.9549999833106995,0.89410001039505
YDR058C,YOL033W,0,-6.2886996,0.09649388492107391,0.9549999833106995,0.8942000269889832
YBL006C,YML049C,0,-6.2897897,0.09648413956165314,0.9549999833106995,0.8942999839782715
YBR030W,YPR193C,0,-6.290456,0.09647439420223236,0.9549999833106995,0.8944000005722046
YDR518W,YMR220W,0,-6.2907867,0.09646464884281158,0.9549999833106995,0.8945000171661377
YPR067W,YHR167W,0,-6.29126,0.09645490348339081,0.9549999833106995,0.894599974155426
YGR246C,YLR380W,0,-6.2917957,0.09644516557455063,0.9549999833106995,0.8946999907493591
YDR298C,YPR141C,0,-6.29204,0.09643542021512985,0.9549999833106995,0.8948000073432922
YJR091C,YPR189W,1,-6.2931595,0.09652665257453918,0.9559999704360962,0.8948000073432922
YHL024W,YLR127C,0,-6.293274,0.09651690721511841,0.9559999704360962,0.8949000239372253
YCR066W,YDR099W,0,-6.2937593,0.09650716930627823,0.9559999704360962,0.8949999809265137
YLR448W,YJR077C,0,-6.294024,0.09649742394685745,0.9559999704360962,0.8950999975204468
YDL080C,YLR381W,0,-6.294797,0.09648768603801727,0.9559999704360962,0.8952000141143799
YLR274W,YML047C,0,-6.2951794,0.0964779481291771,0.9559999704360962,0.8952999711036682
YGR104C,YHR061C,0,-6.2957,0.09646821022033691,0.9559999704360962,0.8953999876976013
YGL190C,YJL054W,0,-6.295757,0.09645847976207733,0.9559999704360962,0.8955000042915344
YDR256C,YGR169C,0,-6.29581,0.09644874930381775,0.9559999704360962,0.8956000208854675
YDR437W,YHR084W,0,-6.2960587,0.09643901884555817,0.9559999704360962,0.8956999778747559
YLR206W,YBL088C,0,-6.2960906,0.09642928838729858,0.9559999704360962,0.895799994468689
YDR513W,YDR389W,0,-6.2964296,0.0964195653796196,0.9559999704360962,0.8959000110626221
YDL080C,YJR160C,0,-6.296879,0.09640984237194061,0.9559999704360962,0.8960000276565552
YDL128W,YJL094C,0,-6.2970905,0.09640011936426163,0.9559999704360962,0.8960999846458435
YER147C,YGR092W,0,-6.297807,0.09639040380716324,0.9559999704360962,0.8962000012397766
YGL190C,YKR031C,0,-6.297823,0.09638068079948425,0.9559999704360962,0.8963000178337097
YBR275C,YMR299C,0,-6.29873,0.09637096524238586,0.9559999704360962,0.896399974822998
YER103W,YLR266C,0,-6.2989473,0.09636125713586807,0.9559999704360962,0.8964999914169312
YLR154C,YNR006W,0,-6.3005605,0.09635154157876968,0.9559999704360962,0.8966000080108643
YLR332W,YBR048W,0,-6.3005753,0.09634183347225189,0.9559999704360962,0.8967000246047974
YGR091W,YIL153W,0,-6.3006964,0.0963321253657341,0.9559999704360962,0.8967999815940857
YGR220C,YBR237W,0,-6.3012238,0.09632241725921631,0.9559999704360962,0.8968999981880188
YFL037W,YCL040W,0,-6.3015356,0.09631271660327911,0.9559999704360962,0.8970000147819519
YGL075C,YGR181W,0,-6.302691,0.09630300849676132,0.9559999704360962,0.8970999717712402
YOR237W,YEL069C,0,-6.3032007,0.09629331529140472,0.9559999704360962,0.8971999883651733
YDL159W,YGR014W,0,-6.30355,0.09628361463546753,0.9559999704360962,0.8973000049591064
YKR066C,YOL020W,0,-6.303745,0.09627391397953033,0.9559999704360962,0.8974000215530396
YPR083W,YBR245C,0,-6.304009,0.09626422077417374,0.9559999704360962,0.8974999785423279
YDR487C,YNL246W,0,-6.3055687,0.09625452756881714,0.9559999704360962,0.897599995136261
YPL147W,YBR296C,0,-6.3056064,0.09624484181404114,0.9559999704360962,0.8977000117301941
YNL148C,YGL006W,0,-6.305736,0.09623514860868454,0.9559999704360962,0.8978000283241272
YDL080C,YJL053W,0,-6.305825,0.09622546285390854,0.9559999704360962,0.8978999853134155
YDR162C,YBL105C,0,-6.305954,0.09621578454971313,0.9559999704360962,0.8980000019073486
YPL018W,YLR215C,0,-6.3061337,0.09620609879493713,0.9559999704360962,0.8981000185012817
YBR059C,YER031C,0,-6.306759,0.09619642049074173,0.9559999704360962,0.8981999754905701
YLR270W,YOL149W,1,-6.3073244,0.09628735482692719,0.9570000171661377,0.8981999754905701
YLR270W,YAL021C,1,-6.307436,0.09637826681137085,0.9580000042915344,0.8981999754905701
YOR348C,YBR280C,0,-6.3082857,0.09636857360601425,0.9580000042915344,0.8982999920845032
YIL135C,YIL153W,0,-6.309188,0.09635888040065765,0.9580000042915344,0.8984000086784363
YHR091C,YJL108C,0,-6.3095565,0.09634918719530106,0.9580000042915344,0.8985000252723694
YMR260C,YHR086W,0,-6.31014,0.09633950144052505,0.9580000042915344,0.8985999822616577
YDR251W,YOL009C,0,-6.31039,0.09632981568574905,0.9580000042915344,0.8986999988555908
YOR011W,YAL013W,0,-6.310401,0.09632012993097305,0.9580000042915344,0.8988000154495239
YGR217W,YOL100W,0,-6.3106136,0.09631044417619705,0.9580000042915344,0.8988999724388123
YLR190W,YBR205W,0,-6.3106813,0.09630076587200165,0.9580000042915344,0.8989999890327454
YBR085W,YBR136W,0,-6.3109865,0.09629108756780624,0.9580000042915344,0.8991000056266785
YDR485C,YJL100W,0,-6.311467,0.09628140926361084,0.9580000042915344,0.8992000222206116
YLR270W,YBL026W,1,-6.3124156,0.09637222439050674,0.9589999914169312,0.8992000222206116
YPL188W,YHR135C,0,-6.3129272,0.09636253863573074,0.9589999914169312,0.8992999792098999
YER070W,YKL040C,0,-6.3131037,0.09635286033153534,0.9589999914169312,0.899399995803833
YDL079C,YLR369W,0,-6.3132067,0.09634318202733994,0.9589999914169312,0.8995000123977661
YKR019C,YNL216W,0,-6.313678,0.09633350372314453,0.9589999914169312,0.8996000289916992
YJL106W,YMR213W,0,-6.31441,0.09632382541894913,0.9589999914169312,0.8996999859809875
YNL145W,YGR285C,0,-6.3144937,0.09631415456533432,0.9589999914169312,0.8998000025749207
YBL014C,YFL003C,0,-6.314593,0.09630447626113892,0.9589999914169312,0.8999000191688538
YDL126C,YJL020C,0,-6.314929,0.09629480540752411,0.9589999914169312,0.8999999761581421
YMR052W,YIL068C,0,-6.315025,0.0962851420044899,0.9589999914169312,0.9000999927520752
YLR285W,YIL051C,0,-6.3153257,0.09627547115087509,0.9589999914169312,0.9002000093460083
YOL104C,YAL024C,0,-6.315675,0.09626580774784088,0.9589999914169312,0.9003000259399414
YPL006W,YOR367W,0,-6.3162007,0.09625614434480667,0.9589999914169312,0.9003999829292297
YGR222W,YMR053C,0,-6.3164864,0.09624648839235306,0.9589999914169312,0.9004999995231628
YLR240W,YMR283C,0,-6.3170376,0.09623683243989944,0.9589999914169312,0.900600016117096
YDR080W,YGL055W,0,-6.3172193,0.09622716903686523,0.9589999914169312,0.9006999731063843
YIL160C,YDL113C,0,-6.3173847,0.09621752053499222,0.9589999914169312,0.9007999897003174
YLR003C,YML058W,0,-6.3174467,0.0962078645825386,0.9589999914169312,0.9009000062942505
YAL034W-A,YDR273W,0,-6.318124,0.09619821608066559,0.9589999914169312,0.9010000228881836
YKL086W,YDR457W,0,-6.3187265,0.09618856757879257,0.9589999914169312,0.9010999798774719
YMR119W,YGR222W,0,-6.3195944,0.09617891907691956,0.9589999914169312,0.901199996471405
YIL153W,YFR041C,0,-6.3202624,0.09616927057504654,0.9589999914169312,0.9013000130653381
YGR171C,YMR213W,0,-6.321265,0.09615962952375412,0.9589999914169312,0.9014000296592712
YMR276W,YNL006W,0,-6.321336,0.0961499884724617,0.9589999914169312,0.9014999866485596
YLL026W,YJR073C,0,-6.3213453,0.09614034742116928,0.9589999914169312,0.9016000032424927
YDR323C,YOL122C,0,-6.3213854,0.09613071382045746,0.9589999914169312,0.9017000198364258
YPR032W,YML078W,0,-6.321702,0.09612108021974564,0.9589999914169312,0.9017999768257141
YIL051C,YLR381W,0,-6.3219223,0.09611144661903381,0.9589999914169312,0.9018999934196472
YLR119W,YDR488C,0,-6.322227,0.09610181301832199,0.9589999914169312,0.9020000100135803
YHR001W,YIL122W,0,-6.3223906,0.09609218686819077,0.9589999914169312,0.9021000266075134
YKL192C,YNL055C,0,-6.3233085,0.09608255326747894,0.9589999914169312,0.9021999835968018
YGR044C,YKL015W,0,-6.3238287,0.09607293456792831,0.9589999914169312,0.9023000001907349
YHR143W-A,YJR059W,0,-6.3240137,0.09606330841779709,0.9589999914169312,0.902400016784668
YMR055C,YOR180C,0,-6.3242702,0.09605368226766586,0.9589999914169312,0.9024999737739563
YKL002W,YKR009C,0,-6.3243413,0.09604406356811523,0.9589999914169312,0.9025999903678894
YLR417W,YBL102W,0,-6.3250895,0.0960344448685646,0.9589999914169312,0.9027000069618225
YKR055W,YER022W,0,-6.3253264,0.09602483361959457,0.9589999914169312,0.9028000235557556
YDR480W,YLL018C-A,0,-6.3257475,0.09601521492004395,0.9589999914169312,0.902899980545044
YGR186W,YGL030W,0,-6.3263426,0.09600560367107391,0.9589999914169312,0.902999997138977
YKL035W,YGL232W,0,-6.3277807,0.09599599242210388,0.9589999914169312,0.9031000137329102
YDR488C,YDR057W,0,-6.3283186,0.09598638862371445,0.9589999914169312,0.9031999707221985
YDR303C,YPL155C,0,-6.3283978,0.09597678482532501,0.9589999914169312,0.9032999873161316
YOR217W,YIL046W,0,-6.328406,0.09596717357635498,0.9589999914169312,0.9034000039100647
YCR048W,YAL009W,0,-6.328745,0.09595757722854614,0.9589999914169312,0.9035000205039978
YGL066W,YML112W,0,-6.3296967,0.09594797343015671,0.9589999914169312,0.9035999774932861
YLR023C,YDR123C,0,-6.3298073,0.09593837708234787,0.9589999914169312,0.9036999940872192
YML128C,YIL036W,0,-6.329876,0.09592878073453903,0.9589999914169312,0.9038000106811523
YNL270C,YLR165C,0,-6.33109,0.0959191843867302,0.9589999914169312,0.9039000272750854
YIL026C,YBL023C,0,-6.331425,0.09590958803892136,0.9589999914169312,0.9039999842643738
YNL259C,YHR106W,0,-6.3329363,0.09589999914169312,0.9589999914169312,0.9041000008583069
YLR363C,YER146W,1,-6.3336425,0.09599040448665619,0.9599999785423279,0.9041000008583069
YOR207C,YDR099W,0,-6.333972,0.09598080068826675,0.9599999785423279,0.90420001745224
YKL034W,YPL255W,0,-6.3345327,0.09597121179103851,0.9599999785423279,0.9042999744415283
YNL329C,YNL291C,0,-6.334798,0.09596161544322968,0.9599999785423279,0.9043999910354614
YDL042C,YJL196C,0,-6.3350835,0.09595202654600143,0.9599999785423279,0.9045000076293945
YKL194C,YPL018W,0,-6.3351517,0.0959424376487732,0.9599999785423279,0.9046000242233276
YIR006C,YDR358W,0,-6.336221,0.09593284875154495,0.9599999785423279,0.904699981212616
YDR062W,YDR294C,0,-6.336352,0.09592325985431671,0.9599999785423279,0.9047999978065491
YNL080C,YLR262C,0,-6.3364277,0.09591367840766907,0.9599999785423279,0.9049000144004822
YML128C,YKL013C,0,-6.337067,0.09590409696102142,0.9599999785423279,0.9049999713897705
YNR031C,YDR251W,0,-6.3374233,0.09589451551437378,0.9599999785423279,0.9050999879837036
YOR212W,YDL247W,0,-6.3379383,0.09588494151830673,0.9599999785423279,0.9052000045776367
YBR029C,YOR257W,0,-6.3380356,0.09587536007165909,0.9599999785423279,0.9053000211715698
YOL101C,YER044C-A,0,-6.3385763,0.09586578607559204,0.9599999785423279,0.9053999781608582
YNL270C,YPR112C,0,-6.338959,0.095856212079525,0.9599999785423279,0.9054999947547913
YLR166C,YGL068W,0,-6.33943,0.09584664553403854,0.9599999785423279,0.9056000113487244
YPL117C,YBR041W,0,-6.3394794,0.0958370789885521,0.9599999785423279,0.9057000279426575
YOR173W,YPL029W,1,-6.3402367,0.09592732787132263,0.9610000252723694,0.9057000279426575
YMR163C,YLR145W,0,-6.340383,0.09591775387525558,0.9610000252723694,0.9057999849319458
YML088W,YOL063C,0,-6.341821,0.09590818732976913,0.9610000252723694,0.9059000015258789
YNL038W,YOR080W,0,-6.3421082,0.09589861333370209,0.9610000252723694,0.906000018119812
YOL078W,YKL011C,0,-6.3421483,0.09588904678821564,0.9610000252723694,0.9060999751091003
YAL023C,YDR028C,0,-6.3421564,0.09587948024272919,0.9610000252723694,0.9061999917030334
YLR226W,YBR072W,0,-6.3421903,0.09586991369724274,0.9610000252723694,0.9063000082969666
YBL022C,YGR044C,0,-6.342684,0.09586034715175629,0.9610000252723694,0.9064000248908997
YBR107C,YBR228W,0,-6.343531,0.09585078805685043,0.9610000252723694,0.906499981880188
YBR179C,YPR037C,0,-6.3440323,0.09584122896194458,0.9610000252723694,0.9065999984741211
YDR325W,YBL016W,0,-6.3441935,0.09583166986703873,0.9610000252723694,0.9067000150680542
YMR052W,YEL063C,0,-6.344347,0.09582211822271347,0.9610000252723694,0.9067999720573425
YDR205W,YDR180W,0,-6.346354,0.09581255912780762,0.9610000252723694,0.9068999886512756
YNL128W,YDR460W,0,-6.347,0.09580300748348236,0.9610000252723694,0.9070000052452087
YHR194W,YLR403W,0,-6.347148,0.0957934632897377,0.9610000252723694,0.9071000218391418
YMR305C,YBR097W,0,-6.347781,0.09578391164541245,0.9610000252723694,0.9071999788284302
YPL006W,YCL031C,0,-6.3487625,0.09577436745166779,0.9610000252723694,0.9072999954223633
YDR518W,YMR214W,0,-6.3492517,0.09576482325792313,0.9610000252723694,0.9074000120162964
YGL093W,YPL127C,0,-6.3503947,0.09575527906417847,0.9610000252723694,0.9075000286102295
YLR207W,YER129W,0,-6.350805,0.0957457423210144,0.9610000252723694,0.9075999855995178
YER044C,YIL135C,0,-6.350902,0.09573620557785034,0.9610000252723694,0.9077000021934509
YDR314C,YMR207C,0,-6.3520074,0.09572666883468628,0.9610000252723694,0.907800018787384
YJL102W,YDR080W,0,-6.3544025,0.09571713209152222,0.9610000252723694,0.9078999757766724
YMR012W,YBR072W,0,-6.3549976,0.09570759534835815,0.9610000252723694,0.9079999923706055
YBR037C,YPR083W,0,-6.355588,0.09569806605577469,0.9610000252723694,0.9081000089645386
YHL038C,YPR120C,0,-6.357068,0.09568853676319122,0.9610000252723694,0.9082000255584717
YPL040C,YJL047C,0,-6.3571467,0.09567901492118835,0.9610000252723694,0.90829998254776
YKL035W,YDR254W,0,-6.3571672,0.09566948562860489,0.9610000252723694,0.9083999991416931
YJL170C,YOL033W,0,-6.357291,0.09565996378660202,0.9610000252723694,0.9085000157356262
YLR450W,YDR096W,0,-6.3575406,0.09565044194459915,0.9610000252723694,0.9085999727249146
YNL288W,YBR107C,0,-6.3577347,0.09564092010259628,0.9610000252723694,0.9086999893188477
YLR405W,YOL112W,0,-6.361286,0.09563140571117401,0.9610000252723694,0.9088000059127808
YOR335C,YJL127C,0,-6.361494,0.09562189131975174,0.9610000252723694,0.9089000225067139
YJL210W,YGL163C,0,-6.3618255,0.09561237692832947,0.9610000252723694,0.9089999794960022
YLR228C,YGL201C,0,-6.3618326,0.0956028625369072,0.9610000252723694,0.9090999960899353
YKR054C,YDR301W,0,-6.361877,0.09559335559606552,0.9610000252723694,0.9092000126838684
YFL036W,YDR225W,0,-6.362462,0.09558384865522385,0.9610000252723694,0.9093000292778015
YLR119W,YJL062W,0,-6.362563,0.09557434171438217,0.9610000252723694,0.9093999862670898
YML075C,YPR133C,0,-6.3627386,0.0955648347735405,0.9610000252723694,0.909500002861023
YPR189W,YAL021C,1,-6.3631487,0.09565477073192596,0.9620000123977661,0.909500002861023
YNL318C,YNL317W,0,-6.363511,0.09564525634050369,0.9620000123977661,0.909600019454956
YBR214W,YNL030W,0,-6.363587,0.09563574939966202,0.9620000123977661,0.9096999764442444
YLR466W,YKL119C,0,-6.364214,0.09562624245882034,0.9620000123977661,0.9097999930381775
YMR200W,YGL257C,0,-6.3646317,0.09561673551797867,0.9620000123977661,0.9099000096321106
YEL012W,YER165W,0,-6.3653355,0.09560723602771759,0.9620000123977661,0.9100000262260437
YBR260C,YMR161W,0,-6.3676343,0.09559773653745651,0.9620000123977661,0.910099983215332
YKR083C,YBR070C,0,-6.368082,0.09558823704719543,0.9620000123977661,0.9101999998092651
YPL006W,YLR448W,0,-6.3683023,0.09557873755693436,0.9620000123977661,0.9103000164031982
YKL034W,YPR161C,0,-6.3698463,0.09556924551725388,0.9620000123977661,0.9103999733924866
YOL100W,YGR162W,0,-6.3712378,0.0955597460269928,0.9620000123977661,0.9104999899864197
YBR039W,YBR068C,0,-6.371421,0.09555026143789291,0.9620000123977661,0.9106000065803528
YPR025C,YLR399C,0,-6.3715954,0.09554076939821243,0.9620000123977661,0.9107000231742859
YNL145W,YPR161C,0,-6.372034,0.09553127735853195,0.9620000123977661,0.9107999801635742
YCR094W,YER125W,0,-6.372072,0.09552179276943207,0.9620000123977661,0.9108999967575073
YLR047C,YGL048C,0,-6.3728666,0.09551230818033218,0.9620000123977661,0.9110000133514404
YJL089W,YGL004C,0,-6.373027,0.0955028310418129,0.9620000123977661,0.9110999703407288
YDR191W,YBR168W,0,-6.3733644,0.09549334645271301,0.9620000123977661,0.9111999869346619
YNL159C,YDR486C,0,-6.3738575,0.09548386931419373,0.9620000123977661,0.911300003528595
YNL159C,YBR298C,0,-6.3739834,0.09547439217567444,0.9620000123977661,0.9114000201225281
YMR204C,YNR019W,0,-6.374321,0.09546492248773575,0.9620000123977661,0.9114999771118164
YMR314W,YNR043W,0,-6.3744936,0.09545544534921646,0.9620000123977661,0.9115999937057495
YEL036C,YPL152W,0,-6.376507,0.09544597566127777,0.9620000123977661,0.9117000102996826
YIL007C,YBR279W,0,-6.3771324,0.09543650597333908,0.9620000123977661,0.9118000268936157
YNL097C,YOR367W,0,-6.3774643,0.09542704373598099,0.9620000123977661,0.911899983882904
YDR208W,YGL038C,0,-6.3775506,0.0954175740480423,0.9620000123977661,0.9120000004768372
YKL146W,YEL022W,0,-6.3779993,0.0954081118106842,0.9620000123977661,0.9121000170707703
YPL011C,YMR275C,0,-6.378075,0.09539864957332611,0.9620000123977661,0.9121999740600586
YDR013W,YJL100W,0,-6.378738,0.09538919478654861,0.9620000123977661,0.9122999906539917
YKR046C,YBR068C,0,-6.379303,0.09537973254919052,0.9620000123977661,0.9124000072479248
YJL210W,YDR175C,0,-6.379663,0.09537027776241302,0.9620000123977661,0.9125000238418579
YER104W,YGL075C,0,-6.379709,0.09536082297563553,0.9620000123977661,0.9125999808311462
YNL148C,YDR298C,0,-6.3799477,0.09535137563943863,0.9620000123977661,0.9126999974250793
YBL026W,YJR091C,1,-6.3799686,0.09544102847576141,0.9629999995231628,0.9126999974250793
YLR068W,YKR099W,0,-6.3809175,0.09543157368898392,0.9629999995231628,0.9128000140190125
YPL130W,YOR266W,0,-6.381585,0.09542211890220642,0.9629999995231628,0.9128999710083008
YLR411W,YBL090W,0,-6.381696,0.09541266411542892,0.9629999995231628,0.9129999876022339
YAL043C,YJR086W,0,-6.3821135,0.09540320932865143,0.9629999995231628,0.913100004196167
YKR053C,YOR142W,0,-6.3823013,0.09539376199245453,0.9629999995231628,0.9132000207901001
YLR219W,YDR303C,0,-6.3824086,0.09538430720567703,0.9629999995231628,0.9132999777793884
YFR036W,YHR135C,0,-6.382616,0.09537486732006073,0.9629999995231628,0.9133999943733215
YDR477W,YIL123W,0,-6.3830376,0.09536541998386383,0.9629999995231628,0.9135000109672546
YMR047C,YDR260C,0,-6.38315,0.09535597264766693,0.9629999995231628,0.9136000275611877
YCR037C,YPL042C,0,-6.3835616,0.09534653276205063,0.9629999995231628,0.9136999845504761
YOL005C,YDR251W,0,-6.3836083,0.09533709287643433,0.9629999995231628,0.9138000011444092
YER147C,YMR192W,0,-6.383829,0.09532766044139862,0.9629999995231628,0.9139000177383423
YDR446W,YNR060W,0,-6.384104,0.09531822055578232,0.9629999995231628,0.9139999747276306
YDR173C,YOR054C,0,-6.384137,0.09530878812074661,0.9629999995231628,0.9140999913215637
YNR016C,YDL230W,0,-6.3850694,0.09529935568571091,0.9629999995231628,0.9142000079154968
YLR270W,YIL038C,1,-6.385888,0.09538887441158295,0.9639999866485596,0.9142000079154968
YIL007C,YBL024W,0,-6.3860607,0.09537944197654724,0.9639999866485596,0.9143000245094299
YER162C,YBR173C,0,-6.387989,0.09537000209093094,0.9639999866485596,0.9143999814987183
YEL031W,YGR209C,0,-6.388356,0.09536056965589523,0.9639999866485596,0.9144999980926514
YNL330C,YJL168C,0,-6.388413,0.09535113722085953,0.9639999866485596,0.9146000146865845
YDR171W,YOR217W,0,-6.3885784,0.09534170478582382,0.9639999866485596,0.9146999716758728
YEL031W,YJL166W,0,-6.3889937,0.09533227980136871,0.9639999866485596,0.9147999882698059
YGR044C,YGR180C,0,-6.389392,0.0953228548169136,0.9639999866485596,0.914900004863739
YBR026C,YGL210W,0,-6.3895607,0.0953134298324585,0.9639999866485596,0.9150000214576721
YLR035C,YDL046W,0,-6.390551,0.09530400484800339,0.9639999866485596,0.9150999784469604
YML041C,YKR031C,0,-6.3906717,0.09529457986354828,0.9639999866485596,0.9151999950408936
YMR056C,YBL018C,0,-6.3916836,0.09528516232967377,0.9639999866485596,0.9153000116348267
YGR044C,YMR285C,0,-6.39178,0.09527574479579926,0.9639999866485596,0.9154000282287598
YOR173W,YCR077C,1,-6.391857,0.09536515176296234,0.9649999737739563,0.9154000282287598
YKL015W,YNL055C,0,-6.3924103,0.09535573422908783,0.9649999737739563,0.9154999852180481
YDR130C,YLR007W,0,-6.3924274,0.09534630924463272,0.9649999737739563,0.9156000018119812
YNL297C,YDR005C,0,-6.3929443,0.09533689171075821,0.9649999737739563,0.9157000184059143
YJR083C,YLR369W,0,-6.3938437,0.0953274741768837,0.9649999737739563,0.9157999753952026
YGR217W,YCR044C,0,-6.394038,0.09531805664300919,0.9649999737739563,0.9158999919891357
YDR529C,YNL241C,0,-6.3964396,0.09530863910913467,0.9649999737739563,0.9160000085830688
YBR240C,YGR167W,0,-6.398015,0.09529922902584076,0.9649999737739563,0.916100025177002
YKL203C,YBR107C,0,-6.3984914,0.09528981894254684,0.9649999737739563,0.9161999821662903
YGR098C,YAR018C,0,-6.3986807,0.09528040885925293,0.9649999737739563,0.9162999987602234
YBR173C,YNL304W,0,-6.399044,0.09527100622653961,0.9649999737739563,0.9164000153541565
YKR007W,YDR057W,0,-6.399104,0.0952615961432457,0.9649999737739563,0.9164999723434448
YMR186W,YDR036C,0,-6.3993278,0.09525219351053238,0.9649999737739563,0.9165999889373779
YBR201W,YER016W,0,-6.399353,0.09524279832839966,0.9649999737739563,0.916700005531311
YOR281C,YER020W,0,-6.3996534,0.09523339569568634,0.9649999737739563,0.9168000221252441
YDL002C,YPR154W,0,-6.399947,0.09522400051355362,0.9649999737739563,0.9168999791145325
YFL004W,YGR161C,0,-6.400364,0.0952146053314209,0.9649999737739563,0.9169999957084656
YIL062C,YBR089C-A,0,-6.4005246,0.09520521014928818,0.9649999737739563,0.9171000123023987
YJR160C,YGL151W,0,-6.4007754,0.09519581496715546,0.9649999737739563,0.9172000288963318
YCR034W,YLR256W,0,-6.4009256,0.09518642723560333,0.9649999737739563,0.9172999858856201
YDL078C,YIL125W,0,-6.401312,0.09517703950405121,0.9649999737739563,0.9174000024795532
YDR386W,YHR056C,0,-6.4033556,0.09516765177249908,0.9649999737739563,0.9175000190734863
YPR119W,YER167W,0,-6.403386,0.09515827149152756,0.9649999737739563,0.9175999760627747
YOR032C,YDR478W,0,-6.4046416,0.09514888375997543,0.9649999737739563,0.9176999926567078
YLR045C,YNL294C,0,-6.4056044,0.0951395034790039,0.9649999737739563,0.9178000092506409
YOR087W,YLR467W,0,-6.4061546,0.09513012319803238,0.9649999737739563,0.917900025844574
YJL010C,YJR046W,0,-6.4061856,0.09512075036764145,0.9649999737739563,0.9179999828338623
YNL080C,YOR023C,0,-6.4063625,0.09511137753725052,0.9649999737739563,0.9180999994277954
YLR200W,YDR513W,0,-6.4091263,0.09510199725627899,0.9649999737739563,0.9182000160217285
YOR173W,YCR035C,1,-6.409599,0.09519117325544357,0.9660000205039978,0.9182000160217285
YBL090W,YJL019W,0,-6.4096184,0.09518179297447205,0.9660000205039978,0.9182999730110168
YHR190W,YKL032C,0,-6.410389,0.09517241269350052,0.9660000205039978,0.91839998960495
YOR320C,YCL034W,0,-6.4108076,0.09516303986310959,0.9660000205039978,0.9185000061988831
YLR398C,YLL013C,1,-6.410836,0.09525216370820999,0.9670000076293945,0.9185000061988831
YER147C,YDR092W,0,-6.411402,0.09524278342723846,0.9670000076293945,0.9186000227928162
YGL058W,YOR099W,0,-6.411997,0.09523340314626694,0.9670000076293945,0.9186999797821045
YGR268C,YJR110W,0,-6.4124193,0.09522403031587601,0.9670000076293945,0.9187999963760376
YIL065C,YJR040W,0,-6.4127493,0.09521465003490448,0.9670000076293945,0.9189000129699707
YNL210W,YOR085W,0,-6.4131246,0.09520527720451355,0.9670000076293945,0.9190000295639038
YDR296W,YOR103C,0,-6.4135466,0.09519590437412262,0.9670000076293945,0.9190999865531921
YPR108W,YMR109W,0,-6.413807,0.09518653154373169,0.9670000076293945,0.9192000031471252
YLR295C,YBR234C,0,-6.4151444,0.09517716616392136,0.9670000076293945,0.9193000197410583
YOR191W,YDR481C,0,-6.4159546,0.09516780078411102,0.9670000076293945,0.9193999767303467
YDL227C,YBL106C,0,-6.4159937,0.09515843540430069,0.9670000076293945,0.9194999933242798
YKL139W,YOR162C,0,-6.416162,0.09514907002449036,0.9670000076293945,0.9196000099182129
YDR245W,YMR219W,0,-6.4168544,0.09513971209526062,0.9670000076293945,0.919700026512146
YJR119C,YJL176C,0,-6.4183607,0.09513034671545029,0.9670000076293945,0.9197999835014343
YER044C,YOR244W,0,-6.418413,0.09512098878622055,0.9670000076293945,0.9199000000953674
YBR202W,YCR098C,0,-6.4205036,0.09511163830757141,0.9670000076293945,0.9200000166893005
YCL067C,YGL013C,0,-6.420669,0.09510228037834167,0.9670000076293945,0.9200999736785889
YDR353W,YDR043C,0,-6.425179,0.09509292989969254,0.9670000076293945,0.920199990272522
YBR214W,YDR416W,0,-6.4267073,0.0950835794210434,0.9670000076293945,0.9203000068664551
YBR086C,YOR028C,0,-6.4268107,0.09507422894239426,0.9670000076293945,0.9204000234603882
YGL011C,YJR065C,0,-6.426914,0.09506488591432571,0.9670000076293945,0.9204999804496765
YNL312W,YOR244W,0,-6.427187,0.09505554288625717,0.9670000076293945,0.9205999970436096
YFL003C,YNL309W,0,-6.4272885,0.09504619985818863,0.9670000076293945,0.9207000136375427
YHR154W,YOR363C,0,-6.4277306,0.09503685683012009,0.9670000076293945,0.920799970626831
YPL203W,YDL102W,0,-6.4280863,0.09502751380205154,0.9670000076293945,0.9208999872207642
YMR052W,YOL122C,0,-6.4283442,0.0950181782245636,0.9670000076293945,0.9210000038146973
YDR054C,YHL024W,0,-6.428801,0.09500884264707565,0.9670000076293945,0.9211000204086304
YDR285W,YNL015W,0,-6.4294004,0.09499950706958771,0.9670000076293945,0.9211999773979187
YGR098C,YPL224C,0,-6.4297137,0.09499017894268036,0.9670000076293945,0.9212999939918518
YMR036C,YOL135C,0,-6.429865,0.09498084336519241,0.9670000076293945,0.9214000105857849
YDR486C,YPR020W,0,-6.4300356,0.09497151523828506,0.9670000076293945,0.921500027179718
YOR140W,YOR368W,0,-6.430194,0.09496219456195831,0.9670000076293945,0.9215999841690063
YKL041W,YOR023C,0,-6.4304123,0.09495286643505096,0.9670000076293945,0.9217000007629395
YPR032W,YER118C,0,-6.430973,0.09494354575872421,0.9670000076293945,0.9218000173568726
YAL034W-A,YNL101W,0,-6.430985,0.09493422508239746,0.9670000076293945,0.9218999743461609
YKR037C,YGR133W,0,-6.4316816,0.09492490440607071,0.9670000076293945,0.921999990940094
YMR313C,YDL084W,0,-6.431908,0.09491558372974396,0.9670000076293945,0.9221000075340271
YCR027C,YNL290W,0,-6.432411,0.0949062705039978,0.9670000076293945,0.9222000241279602
YER093C,YAL040C,0,-6.4326024,0.09489695727825165,0.9670000076293945,0.9222999811172485
YGR171C,YIL084C,0,-6.4326468,0.0948876440525055,0.9670000076293945,0.9223999977111816
YGR132C,YDR040C,0,-6.433632,0.09487833827733994,0.9670000076293945,0.9225000143051147
YLR047C,YDR195W,0,-6.4336634,0.09486902505159378,0.9670000076293945,0.9225999712944031
YPL002C,YDR078C,0,-6.4351735,0.09485971927642822,0.9670000076293945,0.9226999878883362
YBL047C,YDR481C,0,-6.435563,0.09485041350126266,0.9670000076293945,0.9228000044822693
YDR377W,YDR492W,0,-6.4357147,0.0948411151766777,0.9670000076293945,0.9229000210762024
YKL041W,YKR052C,0,-6.436216,0.09483181685209274,0.9670000076293945,0.9229999780654907
YLR181C,YOR368W,0,-6.4377327,0.09482251107692719,0.9670000076293945,0.9230999946594238
YFR046C,YOR142W,0,-6.4384594,0.09481322020292282,0.9670000076293945,0.9232000112533569
YML031W,YBR103W,0,-6.439348,0.09480392187833786,0.9670000076293945,0.92330002784729
YIR023W,YML006C,0,-6.4398847,0.0947946310043335,0.9670000076293945,0.9233999848365784
YNL270C,YBR030W,0,-6.439946,0.09478533267974854,0.9670000076293945,0.9235000014305115
YPL129W,YEL019C,0,-6.442177,0.09477604925632477,0.9670000076293945,0.9236000180244446
YDR518W,YDR495C,0,-6.443345,0.0947667583823204,0.9670000076293945,0.9236999750137329
YPR007C,YGL022W,0,-6.443703,0.09475747495889664,0.9670000076293945,0.923799991607666
YNL314W,YLR028C,0,-6.443783,0.09474818408489227,0.9670000076293945,0.9239000082015991
YIL126W,YCL040W,0,-6.444372,0.0947389081120491,0.9670000076293945,0.9240000247955322
YLR270W,YJR091C,1,-6.445133,0.09482758492231369,0.9679999947547913,0.9240000247955322
YKL005C,YER051W,0,-6.4451904,0.09481829404830933,0.9679999947547913,0.9240999817848206
YLR183C,YOR147W,0,-6.445243,0.09480901062488556,0.9679999947547913,0.9241999983787537
YHL028W,YDR183W,0,-6.445482,0.09479972720146179,0.9679999947547913,0.9243000149726868
YIL042C,YGL192W,0,-6.4455976,0.09479044377803802,0.9679999947547913,0.9243999719619751
YHR160C,YGL169W,0,-6.4456315,0.09478116035461426,0.9679999947547913,0.9244999885559082
YIL143C,YHR043C,0,-6.445878,0.09477188438177109,0.9679999947547913,0.9246000051498413
YGR177C,YDR377W,0,-6.446457,0.09476260095834732,0.9679999947547913,0.9247000217437744
YKL002W,YOL135C,0,-6.44734,0.09475332498550415,0.9679999947547913,0.9247999787330627
YLR448W,YGL008C,0,-6.44781,0.09474405646324158,0.9679999947547913,0.9248999953269958
YLR097C,YGR030C,0,-6.448414,0.09473478049039841,0.9679999947547913,0.925000011920929
YIL084C,YGL142C,0,-6.4491396,0.09472551196813583,0.9679999947547913,0.9251000285148621
YNL210W,YOR362C,0,-6.449807,0.09471624344587326,0.9679999947547913,0.9251999855041504
YHR194W,YDR247W,0,-6.45078,0.09470697492361069,0.9679999947547913,0.9253000020980835
YDR288W,YCR040W,0,-6.4511385,0.09469771385192871,0.9679999947547913,0.9254000186920166
YOR076C,YLR270W,1,-6.4518414,0.09478626400232315,0.968999981880188,0.9254000186920166
YML075C,YLR056W,0,-6.452236,0.09477699548006058,0.968999981880188,0.9254999756813049
YMR263W,YDL078C,0,-6.4523554,0.094767726957798,0.968999981880188,0.925599992275238
YLR467W,YIL068C,0,-6.4525757,0.09475845843553543,0.968999981880188,0.9257000088691711
YPR107C,YLR266C,0,-6.4530582,0.09474918991327286,0.968999981880188,0.9258000254631042
YBR026C,YEL062W,0,-6.4536943,0.09473992884159088,0.968999981880188,0.9258999824523926
YJR125C,YDR091C,0,-6.4540224,0.0947306677699089,0.968999981880188,0.9259999990463257
YMR305C,YDR517W,0,-6.4541264,0.09472140669822693,0.968999981880188,0.9261000156402588
YBL005W,YJR059W,0,-6.45482,0.09471214562654495,0.968999981880188,0.9261999726295471
YJR094C,YPR131C,0,-6.455417,0.09470289200544357,0.968999981880188,0.9262999892234802
YER133W,YHR106W,0,-6.4555435,0.0946936383843422,0.968999981880188,0.9264000058174133
YOR173W,YDR378C,1,-6.4560847,0.09478209912776947,0.9700000286102295,0.9264000058174133
YCR048W,YPL086C,0,-6.4564533,0.0947728380560875,0.9700000286102295,0.9265000224113464
YLR154C,YPR020W,0,-6.4567633,0.09476357698440552,0.9700000286102295,0.9265999794006348
YAL032C,YCL043C,0,-6.4568987,0.09475432336330414,0.9700000286102295,0.9266999959945679
YER166W,YNL241C,0,-6.4577227,0.09474506974220276,0.9700000286102295,0.926800012588501
YDR486C,YGR113W,0,-6.4578633,0.09473581612110138,0.9700000286102295,0.9269000291824341
YPR083W,YKL213C,0,-6.4590263,0.0947265625,0.9700000286102295,0.9269999861717224
YNL262W,YOR174W,0,-6.459417,0.09471731632947922,0.9700000286102295,0.9271000027656555
YLR102C,YPL019C,0,-6.460196,0.09470806270837784,0.9700000286102295,0.9272000193595886
YLR360W,YBR081C,0,-6.460923,0.09469881653785706,0.9700000286102295,0.927299976348877
YGR080W,YDR260C,0,-6.4610724,0.09468957781791687,0.9700000286102295,0.9273999929428101
YER133W,YPL270W,0,-6.461297,0.09468033164739609,0.9700000286102295,0.9275000095367432
YDR126W,YAL047C,0,-6.461367,0.0946710929274559,0.9700000286102295,0.9276000261306763
YNR016C,YKL130C,0,-6.461626,0.09466185420751572,0.9700000286102295,0.9276999831199646
YKL089W,YPL028W,0,-6.4616337,0.09465261548757553,0.9700000286102295,0.9277999997138977
YOR275C,YBR279W,0,-6.461927,0.09464337676763535,0.9700000286102295,0.9279000163078308
YNR031C,YBR295W,0,-6.461987,0.09463414549827576,0.9700000286102295,0.9279999732971191
YMR011W,YOR150W,0,-6.463722,0.09462491422891617,0.9700000286102295,0.9280999898910522
YKR083C,YMR104C,0,-6.4643054,0.09461568295955658,0.9700000286102295,0.9282000064849854
YOL054W,YBR042C,0,-6.4646626,0.09460645914077759,0.9700000286102295,0.9283000230789185
YFR027W,YKR029C,0,-6.4647884,0.094597227871418,0.9700000286102295,0.9283999800682068
YDR162C,YOR038C,0,-6.465856,0.09458800405263901,0.9700000286102295,0.9284999966621399
YJL214W,YDR369C,0,-6.4668913,0.09457878023386002,0.9700000286102295,0.928600013256073
YLR270W,YPR189W,1,-6.4668956,0.09466705471277237,0.9710000157356262,0.928600013256073
YGL020C,YPR193C,0,-6.467053,0.09465783089399338,0.9710000157356262,0.9286999702453613
YDR011W,YHR135C,0,-6.467693,0.09464859962463379,0.9710000157356262,0.9287999868392944
YHR039C,YOR213C,0,-6.468505,0.0946393758058548,0.9710000157356262,0.9289000034332275
YGR108W,YMR042W,0,-6.4685326,0.0946301519870758,0.9710000157356262,0.9290000200271606
YKL035W,YER029C,0,-6.4685607,0.09462092816829681,0.9710000157356262,0.929099977016449
YNL148C,YDL100C,0,-6.4689465,0.09461171180009842,0.9710000157356262,0.9291999936103821
YEL004W,YGR179C,0,-6.469093,0.09460249543190002,0.9710000157356262,0.9293000102043152
YGL112C,YKL182W,0,-6.469162,0.09459327906370163,0.9710000157356262,0.9294000267982483
YML041C,YNL288W,0,-6.469225,0.09458406269550323,0.9710000157356262,0.9294999837875366
YKL035W,YER154W,0,-6.469612,0.09457485377788544,0.9710000157356262,0.9296000003814697
YDR175C,YGL251C,0,-6.46972,0.09456563740968704,0.9710000157356262,0.9297000169754028
YFL033C,YHR079C-A,0,-6.470377,0.09455642849206924,0.9710000157356262,0.9297999739646912
YLR129W,YCR083W,0,-6.470417,0.09454722702503204,0.9710000157356262,0.9298999905586243
YML088W,YCL040W,0,-6.470911,0.09453801810741425,0.9710000157356262,0.9300000071525574
YKL002W,YOR354C,0,-6.4715033,0.09452881664037704,0.9710000157356262,0.9301000237464905
YLR206W,YPL116W,0,-6.4729843,0.09451961517333984,0.9710000157356262,0.9301999807357788
YBL022C,YGR230W,0,-6.473607,0.09451041370630264,0.9710000157356262,0.9302999973297119
YER104W,YDR201W,0,-6.4737387,0.09450121968984604,0.9710000157356262,0.930400013923645
YDL159W,YPL155C,0,-6.474002,0.09449201822280884,0.9710000157356262,0.9304999709129333
YLL015W,YGL055W,0,-6.474087,0.09448282420635223,0.9710000157356262,0.9305999875068665
YER020W,YGL004C,0,-6.475396,0.09447363018989563,0.9710000157356262,0.9307000041007996
YAL009W,YDL033C,0,-6.4762664,0.09446444362401962,0.9710000157356262,0.9308000206947327
YMR284W,YOR354C,0,-6.477134,0.09445524960756302,0.9710000157356262,0.930899977684021
YER122C,YFL039C,0,-6.4775195,0.09444606304168701,0.9710000157356262,0.9309999942779541
YML132W,YJL081C,0,-6.47813,0.094436876475811,0.9710000157356262,0.9311000108718872
YGL166W,YLR272C,0,-6.4783535,0.0944276973605156,0.9710000157356262,0.9312000274658203
YIL126W,YBR024W,0,-6.4783545,0.09441851079463959,0.9710000157356262,0.9312999844551086
YPR019W,YJL059W,0,-6.4789867,0.09440933167934418,0.9710000157356262,0.9314000010490417
YNL142W,YKL130C,0,-6.4790525,0.09440015256404877,0.9710000157356262,0.9315000176429749
YOR123C,YKL150W,0,-6.4798307,0.09439098089933395,0.9710000157356262,0.9315999746322632
YCR044C,YJL204C,0,-6.4802394,0.09438180178403854,0.9710000157356262,0.9316999912261963
YIL122W,YPL270W,0,-6.48066,0.09437263011932373,0.9710000157356262,0.9318000078201294
YMR139W,YCR052W,0,-6.4810343,0.09436345845460892,0.9710000157356262,0.9319000244140625
YOR349W,YBL047C,0,-6.481199,0.0943542867898941,0.9710000157356262,0.9319999814033508
YGL078C,YPL221W,0,-6.481991,0.09434512257575989,0.9710000157356262,0.9320999979972839
YPL127C,YBR061C,0,-6.4823,0.09433595836162567,0.9710000157356262,0.932200014591217
YPL006W,YML065W,0,-6.4824095,0.09432679414749146,0.9710000157356262,0.9322999715805054
YOR260W,YBR207W,0,-6.48325,0.09431762993335724,0.9710000157356262,0.9323999881744385
YGR005C,YMR281W,0,-6.4842157,0.09430846571922302,0.9710000157356262,0.9325000047683716
YLR330W,YDR096W,0,-6.486507,0.0942993089556694,0.9710000157356262,0.9326000213623047
YJL008C,YKL026C,0,-6.4865313,0.09429015219211578,0.9710000157356262,0.932699978351593
YDR200C,YHR034C,0,-6.4868875,0.09428099542856216,0.9710000157356262,0.9327999949455261
YPR032W,YGL061C,0,-6.4871006,0.09427184611558914,0.9710000157356262,0.9329000115394592
YAL032C,YDR097C,0,-6.487267,0.09426268935203552,0.9710000157356262,0.9330000281333923
YDR516C,YNL250W,0,-6.4882574,0.0942535400390625,0.9710000157356262,0.9330999851226807
YOL067C,YCL043C,0,-6.489895,0.09424439817667007,0.9710000157356262,0.9332000017166138
YFR004W,YLR028C,0,-6.4915934,0.09423524886369705,0.9710000157356262,0.9333000183105469
YKL032C,YMR299C,0,-6.4921713,0.09422610700130463,0.9710000157356262,0.9333999752998352
YBR202W,YER119C,0,-6.4925714,0.0942169576883316,0.9710000157356262,0.9334999918937683
YHL024W,YJL072C,0,-6.4928765,0.09420782327651978,0.9710000157356262,0.9336000084877014
YML132W,YER032W,0,-6.493034,0.09419868141412735,0.9710000157356262,0.9337000250816345
YLR355C,YGL047W,0,-6.4937797,0.09418953955173492,0.9710000157356262,0.9337999820709229
YOL147C,YAR007C,0,-6.493949,0.0941804051399231,0.9710000157356262,0.933899998664856
YPL021W,YMR198W,0,-6.493964,0.09417127072811127,0.9710000157356262,0.9340000152587891
YOR363C,YMR213W,0,-6.4945755,0.09416214376688004,0.9710000157356262,0.9340999722480774
YFR019W,YDR079W,0,-6.495882,0.0941530093550682,0.9710000157356262,0.9341999888420105
YLR081W,YJL134W,0,-6.496037,0.09414388239383698,0.9710000157356262,0.9343000054359436
YPL147W,YOR187W,0,-6.4960465,0.09413475543260574,0.9710000157356262,0.9344000220298767
YOR076C,YJR091C,1,-6.497025,0.09422256797552109,0.972000002861023,0.9344000220298767
YNL020C,YKR029C,0,-6.497587,0.09421343356370926,0.972000002861023,0.934499979019165
YMR137C,YDL019C,0,-6.4977016,0.09420430660247803,0.972000002861023,0.9345999956130981
YMR052W,YPR120C,0,-6.4979086,0.0941951721906662,0.972000002861023,0.9347000122070312
YOL065C,YAL056W,0,-6.498165,0.09418604522943497,0.972000002861023,0.9348000288009644
YJR091C,YGL213C,1,-6.4989815,0.09427381306886673,0.9729999899864197,0.9348000288009644
YOL067C,YPR165W,0,-6.4997983,0.0942646786570549,0.9729999899864197,0.9348999857902527
YCL026C-A,YAL040C,0,-6.5008373,0.09425554424524307,0.9729999899864197,0.9350000023841858
YHR007C,YNL026W,0,-6.5011463,0.09424641728401184,0.9729999899864197,0.9351000189781189
YNR006W,YJR076C,0,-6.5015945,0.09423729032278061,0.9729999899864197,0.9351999759674072
YJR091C,YDL165W,1,-6.5031934,0.0943250060081482,0.9739999771118164,0.9351999759674072
YKR001C,YOR057W,0,-6.5032277,0.09431587159633636,0.9739999771118164,0.9352999925613403
YDR224C,YDR150W,0,-6.5049233,0.09430673718452454,0.9739999771118164,0.9354000091552734
YJL208C,YOR173W,1,-6.505226,0.09439442306756973,0.9750000238418579,0.9354000091552734
YMR276W,YOR136W,0,-6.5073256,0.0943852886557579,0.9750000238418579,0.9355000257492065
YNL097C,YBL047C,0,-6.508749,0.09437614679336548,0.9750000238418579,0.9355999827384949
YDL029W,YOR120W,0,-6.509056,0.09436701238155365,0.9750000238418579,0.935699999332428
YOL043C,YML109W,0,-6.509715,0.09435788542032242,0.9750000238418579,0.9358000159263611
YLR363C,YLL013C,1,-6.510216,0.09444551914930344,0.9760000109672546,0.9358000159263611
YCR053W,YNL031C,0,-6.511074,0.09443638473749161,0.9760000109672546,0.9358999729156494
YDR123C,YPL241C,0,-6.512247,0.09442724287509918,0.9760000109672546,0.9359999895095825
YGL037C,YLR200W,0,-6.5125036,0.09441810846328735,0.9760000109672546,0.9361000061035156
YKR037C,YMR161W,0,-6.5127263,0.09440897405147552,0.9760000109672546,0.9362000226974487
YML092C,YPL187W,0,-6.5147943,0.0943998470902443,0.9760000109672546,0.9362999796867371
YBR223C,YGR181W,0,-6.516161,0.09439071267843246,0.9760000109672546,0.9363999962806702
YDR443C,YJR050W,0,-6.516448,0.09438158571720123,0.9760000109672546,0.9365000128746033
YBR152W,YNR060W,0,-6.517597,0.09437245875597,0.9760000109672546,0.9366000294685364
YCR018C,YGL254W,0,-6.518674,0.09436333924531937,0.9760000109672546,0.9366999864578247
YGR070W,YIL007C,0,-6.5193024,0.09435421228408813,0.9760000109672546,0.9368000030517578
YDR388W,YJR044C,0,-6.5196056,0.0943450927734375,0.9760000109672546,0.9369000196456909
YLR285W,YNR002C,0,-6.5197816,0.09433597326278687,0.9760000109672546,0.9369999766349792
YLR442C,YDR516C,0,-6.5208397,0.09432686120271683,0.9760000109672546,0.9370999932289124
YLR284C,YDR477W,0,-6.520914,0.09431774169206619,0.9760000109672546,0.9372000098228455
YLR045C,YIL073C,0,-6.5213795,0.09430862963199615,0.9760000109672546,0.9373000264167786
YDR057W,YOR137C,0,-6.52316,0.09429951757192612,0.9760000109672546,0.9373999834060669
YNR039C,YPL049C,0,-6.5236316,0.09429040551185608,0.9760000109672546,0.9375
YBR173C,YNL241C,0,-6.52394,0.09428130090236664,0.9760000109672546,0.9376000165939331
YLR256W,YPL235W,0,-6.5241494,0.0942721888422966,0.9760000109672546,0.9376999735832214
YMR243C,YGL038C,0,-6.524277,0.09426308423280716,0.9760000109672546,0.9377999901771545
YOR142W,YMR048W,0,-6.5246005,0.09425398707389832,0.9760000109672546,0.9379000067710876
YLR190W,YDR079W,0,-6.5258183,0.09424488246440887,0.9760000109672546,0.9380000233650208
YEL002C,YGL187C,0,-6.526306,0.09423578530550003,0.9760000109672546,0.9380999803543091
YGR161C,YJL004C,0,-6.5276284,0.09422668814659119,0.9760000109672546,0.9381999969482422
YNL282W,YOR351C,0,-6.5281267,0.09421759098768234,0.9760000109672546,0.9383000135421753
YBL022C,YNL159C,0,-6.5282087,0.0942084938287735,0.9760000109672546,0.9383999705314636
YKL002W,YAL041W,0,-6.5282607,0.09419940412044525,0.9760000109672546,0.9384999871253967
YDR330W,YHR050W,0,-6.5283966,0.094190314412117,0.9760000109672546,0.9386000037193298
YMR036C,YIL131C,0,-6.528702,0.09418122470378876,0.9760000109672546,0.9387000203132629
YJL095W,YKL150W,0,-6.5289135,0.09417213499546051,0.9760000109672546,0.9387999773025513
YEL012W,YMR081C,0,-6.5289435,0.09416304528713226,0.9760000109672546,0.9388999938964844
YEL062W,YML049C,0,-6.5292063,0.09415396302938461,0.9760000109672546,0.9390000104904175
YGR104C,YMR047C,0,-6.5300226,0.09414488077163696,0.9760000109672546,0.9391000270843506
YBR198C,YOL071W,0,-6.530371,0.09413580596446991,0.9760000109672546,0.9391999840736389
YMR267W,YPR168W,0,-6.531319,0.09412672370672226,0.9760000109672546,0.939300000667572
YMR293C,YDR130C,0,-6.5320606,0.0941176488995552,0.9760000109672546,0.9394000172615051
YGL222C,YOL149W,1,-6.5321794,0.09420499205589294,0.9769999980926514,0.9394000172615051
YOR260W,YMR053C,0,-6.5324254,0.0941959097981453,0.9769999980926514,0.9394999742507935
YJL034W,YKR089C,0,-6.53481,0.09418682754039764,0.9769999980926514,0.9395999908447266
YNL325C,YGR014W,0,-6.5348797,0.09417775273323059,0.9769999980926514,0.9397000074386597
YNL072W,YJL047C,0,-6.535984,0.09416867792606354,0.9769999980926514,0.9398000240325928
YKR014C,YLR086W,0,-6.536126,0.09415959566831589,0.9769999980926514,0.9398999810218811
YDR358W,YDL093W,0,-6.5361776,0.09415052831172943,0.9769999980926514,0.9399999976158142
YPL065W,YML057W,0,-6.5363073,0.09414145350456238,0.9769999980926514,0.9401000142097473
YPL089C,YMR058W,0,-6.536354,0.09413238614797592,0.9769999980926514,0.9401999711990356
YPL036W,YGR211W,0,-6.5369806,0.09412331134080887,0.9769999980926514,0.9402999877929688
YMR200W,YOR321W,0,-6.5371127,0.09411424398422241,0.9769999980926514,0.9404000043869019
YOR151C,YJR086W,0,-6.5371795,0.09410518407821655,0.9769999980926514,0.940500020980835
YNL294C,YIL070C,0,-6.537629,0.0940961167216301,0.9769999980926514,0.9405999779701233
YOR173W,YGR158C,1,-6.5386653,0.09418335556983948,0.9779999852180481,0.9405999779701233
YNR039C,YBR236C,0,-6.5391426,0.09417428821325302,0.9779999852180481,0.9406999945640564
YOR028C,YOR137C,0,-6.5398846,0.09416522085666656,0.9779999852180481,0.9408000111579895
YGR171C,YBR024W,0,-6.54021,0.09415615350008011,0.9779999852180481,0.9409000277519226
YKR055W,YGL192W,0,-6.540455,0.09414709359407425,0.9779999852180481,0.9409999847412109
YKR055W,YGR142W,0,-6.5408583,0.09413803368806839,0.9779999852180481,0.941100001335144
YNL009W,YDL113C,0,-6.5412903,0.09412897378206253,0.9779999852180481,0.9412000179290771
YGL232W,YDR148C,0,-6.5414643,0.09411991387605667,0.9779999852180481,0.9412999749183655
YPR019W,YDR369C,0,-6.5416374,0.09411085397005081,0.9779999852180481,0.9413999915122986
YDR437W,YOL072W,0,-6.542206,0.09410180151462555,0.9779999852180481,0.9415000081062317
YKR020W,YMR207C,0,-6.542272,0.09409274905920029,0.9779999852180481,0.9416000247001648
YOR172W,YKL190W,0,-6.5426116,0.09408369660377502,0.9779999852180481,0.9416999816894531
YPR179C,YNR006W,0,-6.544116,0.09407464414834976,0.9779999852180481,0.9417999982833862
YDR285W,YGL191W,0,-6.544618,0.0940655991435051,0.9779999852180481,0.9419000148773193
YNL323W,YDL002C,0,-6.5452156,0.09405654668807983,0.9779999852180481,0.9419999718666077
YGR157W,YDR477W,0,-6.545818,0.09404750168323517,0.9779999852180481,0.9420999884605408
YMR175W,YCL024W,0,-6.5463076,0.0940384641289711,0.9779999852180481,0.9422000050544739
YBR059C,YNL079C,0,-6.5464053,0.09402941912412643,0.9779999852180481,0.942300021648407
YML046W,YPR111W,0,-6.5494146,0.09402038156986237,0.9779999852180481,0.9423999786376953
YMR109W,YDR217C,0,-6.5498257,0.0940113440155983,0.9779999852180481,0.9424999952316284
YDR080W,YBR275C,0,-6.550885,0.09400230646133423,0.9779999852180481,0.9426000118255615
YDR285W,YBR295W,0,-6.551757,0.09399326890707016,0.9779999852180481,0.9427000284194946
YOR047C,YLR047C,0,-6.553611,0.09398423880338669,0.9779999852180481,0.942799985408783
YMR101C,YMR076C,0,-6.5545425,0.09397520869970322,0.9779999852180481,0.9429000020027161
YLR183C,YIL073C,0,-6.555084,0.09396617859601974,0.9779999852180481,0.9430000185966492
YJR158W,YFL034C-B,0,-6.556567,0.09395715594291687,0.9779999852180481,0.9430999755859375
YLR102C,YLR265C,0,-6.5574517,0.0939481258392334,0.9779999852180481,0.9431999921798706
YBR223C,YCR028C,0,-6.557459,0.09393910318613052,0.9779999852180481,0.9433000087738037
YKL095W,YOR069W,0,-6.557971,0.09393008053302765,0.9779999852180481,0.9434000253677368
YPR134W,YGR275W,0,-6.559028,0.09392105787992477,0.9779999852180481,0.9434999823570251
YMR182C,YPR122W,0,-6.560692,0.0939120426774025,0.9779999852180481,0.9435999989509583
YPR108W,YHR026W,0,-6.560834,0.09390302747488022,0.9779999852180481,0.9437000155448914
YKL145W,YIL160C,0,-6.562229,0.09389401227235794,0.9779999852180481,0.9437999725341797
YCL035C,YBR279W,0,-6.563366,0.09388499706983566,0.9779999852180481,0.9438999891281128
YBR041W,YJL214W,0,-6.564223,0.09387598186731339,0.9779999852180481,0.9440000057220459
YDR099W,YML014W,0,-6.5643277,0.0938669741153717,0.9779999852180481,0.944100022315979
YGL048C,YBL099W,0,-6.564434,0.09385796636343002,0.9779999852180481,0.9441999793052673
YLR056W,YJR144W,0,-6.5660453,0.09384895861148834,0.9779999852180481,0.9442999958992004
YAL034W-A,YLL019C,0,-6.5662737,0.09383995085954666,0.9779999852180481,0.9444000124931335
YGR078C,YFL004W,0,-6.5682077,0.09383095055818558,0.9779999852180481,0.9445000290870667
YPL234C,YKL141W,0,-6.570879,0.0938219502568245,0.9779999852180481,0.944599986076355
YPR178W,YER103W,0,-6.571475,0.09381294995546341,0.9779999852180481,0.9447000026702881
YDL080C,YBL057C,0,-6.574547,0.09380394965410233,0.9779999852180481,0.9448000192642212
YLR361C,YCR052W,0,-6.57568,0.09379495680332184,0.9779999852180481,0.9448999762535095
YGL166W,YML128C,0,-6.5764065,0.09378596395254135,0.9779999852180481,0.9449999928474426
YOR117W,YFL033C,0,-6.5801888,0.09377697110176086,0.9779999852180481,0.9451000094413757
YMR276W,YGR244C,0,-6.580517,0.09376797825098038,0.9779999852180481,0.9452000260353088
YLR433C,YLL021W,0,-6.580541,0.09375898540019989,0.9779999852180481,0.9452999830245972
YKR053C,YIL010W,0,-6.5805764,0.09375,0.9779999852180481,0.9453999996185303
YKL197C,YBR041W,0,-6.580779,0.09374101459980011,0.9779999852180481,0.9455000162124634
YKL112W,YBR132C,0,-6.582923,0.09373202919960022,0.9779999852180481,0.9455999732017517
YPR067W,YPR141C,0,-6.583619,0.09372304379940033,0.9779999852180481,0.9456999897956848
YDR030C,YOR120W,0,-6.5836644,0.09371406584978104,0.9779999852180481,0.9458000063896179
YJL008C,YPL206C,0,-6.5839,0.09370508790016174,0.9779999852180481,0.945900022983551
YLR226W,YIL070C,0,-6.584817,0.09369610995054245,0.9779999852180481,0.9459999799728394
YKL108W,YGL018C,0,-6.584832,0.09368713200092316,0.9779999852180481,0.9460999965667725
YDL209C,YDR314C,0,-6.5854416,0.09367816150188446,0.9779999852180481,0.9462000131607056
YOL101C,YGL065C,0,-6.586052,0.09366919100284576,0.9779999852180481,0.9463000297546387
YGR013W,YNL317W,0,-6.5868444,0.09366022050380707,0.9779999852180481,0.946399986743927
YFR003C,YBR185C,0,-6.5877695,0.09365125000476837,0.9779999852180481,0.9465000033378601
YFL016C,YIL123W,0,-6.588301,0.09364227950572968,0.9779999852180481,0.9466000199317932
YMR275C,YKR024C,0,-6.589139,0.09363331645727158,0.9779999852180481,0.9466999769210815
YNL243W,YKL201C,0,-6.589224,0.09362435340881348,0.9779999852180481,0.9467999935150146
YOR014W,YKL042W,0,-6.5893536,0.09361539036035538,0.9779999852180481,0.9469000101089478
YFR013W,YDR137W,0,-6.5894146,0.09360643476247787,0.9779999852180481,0.9470000267028809
YOR368W,YIL112W,0,-6.589467,0.09359747171401978,0.9779999852180481,0.9470999836921692
YJL214W,YIL026C,0,-6.590801,0.09358851611614227,0.9779999852180481,0.9472000002861023
YIL131C,YER174C,0,-6.590902,0.09357956051826477,0.9779999852180481,0.9473000168800354
YGL030W,YPL089C,0,-6.591326,0.09357060492038727,0.9779999852180481,0.9473999738693237
YDL005C,YBR290W,0,-6.592066,0.09356165677309036,0.9779999852180481,0.9474999904632568
YOL063C,YNL241C,0,-6.592178,0.09355270862579346,0.9779999852180481,0.9476000070571899
YLR357W,YPL059W,0,-6.5927854,0.09354376047849655,0.9779999852180481,0.947700023651123
YNL325C,YMR077C,0,-6.593126,0.09353481233119965,0.9779999852180481,0.9477999806404114
YPL242C,YKL042W,0,-6.594081,0.09352586418390274,0.9779999852180481,0.9478999972343445
YKR002W,YOR244W,0,-6.5943522,0.09351692348718643,0.9779999852180481,0.9480000138282776
YFL008W,YMR006C,0,-6.595323,0.09350798279047012,0.9779999852180481,0.9480999708175659
YLR332W,YDR021W,0,-6.5956926,0.09349904209375381,0.9779999852180481,0.948199987411499
YNL012W,YDR294C,0,-6.5957775,0.0934901088476181,0.9779999852180481,0.9483000040054321
YEL002C,YNL072W,0,-6.596405,0.0934811681509018,0.9779999852180481,0.9484000205993652
YER018C,YBR081C,0,-6.5972104,0.09347223490476608,0.9779999852180481,0.9484999775886536
YMR008C,YLR405W,0,-6.5973663,0.09346330165863037,0.9779999852180481,0.9485999941825867
YPL242C,YGL208W,0,-6.5988226,0.09345436841249466,0.9779999852180481,0.9487000107765198
YHR011W,YFR008W,0,-6.600016,0.09344544261693954,0.9779999852180481,0.9488000273704529
YFL004W,YJR066W,0,-6.6009054,0.09343651682138443,0.9779999852180481,0.9488999843597412
YJR052W,YOR057W,0,-6.6026974,0.09342759102582932,0.9779999852180481,0.9490000009536743
YLR015W,YGL181W,0,-6.603736,0.0934186652302742,0.9779999852180481,0.9491000175476074
YBR258C,YML029W,0,-6.603856,0.09340973943471909,0.9779999852180481,0.9491999745368958
YOR085W,YOL104C,0,-6.604181,0.09340082108974457,0.9779999852180481,0.9492999911308289
YFR013W,YLR362W,0,-6.6044364,0.09339190274477005,0.9779999852180481,0.949400007724762
YDR054C,YJL042W,0,-6.6044736,0.09338298439979553,0.9779999852180481,0.9495000243186951
YHR190W,YDR123C,0,-6.604927,0.09337406605482101,0.9779999852180481,0.9495999813079834
YPR073C,YDR457W,0,-6.604992,0.0933651551604271,0.9779999852180481,0.9496999979019165
YOL102C,YBR183W,0,-6.6080055,0.09335624426603317,0.9779999852180481,0.9498000144958496
YER119C,YDR507C,0,-6.609068,0.09334733337163925,0.9779999852180481,0.9498999714851379
YDR416W,YGR238C,0,-6.6103754,0.09333842247724533,0.9779999852180481,0.949999988079071
YDR516C,YBR039W,0,-6.6104736,0.093329519033432,0.9779999852180481,0.9501000046730042
YGL172W,YKL213C,0,-6.6106777,0.09332060813903809,0.9779999852180481,0.9502000212669373
YJR119C,YPL049C,0,-6.6118813,0.09331170469522476,0.9779999852180481,0.9502999782562256
YNL297C,YPL190C,0,-6.6119857,0.09330280125141144,0.9779999852180481,0.9503999948501587
YMR101C,YNL290W,0,-6.6122913,0.09329390525817871,0.9779999852180481,0.9505000114440918
YKL141W,YMR078C,0,-6.613123,0.09328500926494598,0.9779999852180481,0.9506000280380249
YOR368W,YCR052W,0,-6.613593,0.09327610582113266,0.9779999852180481,0.9506999850273132
YNL166C,YGL253W,0,-6.61411,0.09326720982789993,0.9779999852180481,0.9508000016212463
YNL026W,YDR515W,0,-6.614249,0.0932583212852478,0.9779999852180481,0.9509000182151794
YNL082W,YGL018C,0,-6.6148686,0.09324942529201508,0.9779999852180481,0.9509999752044678
YDR494W,YGL208W,0,-6.615077,0.09324053674936295,0.9779999852180481,0.9510999917984009
YNR049C,YDR159W,0,-6.6151857,0.09323164820671082,0.9779999852180481,0.951200008392334
YDR191W,YLR266C,0,-6.6168566,0.09322275966405869,0.9779999852180481,0.9513000249862671
YGR222W,YDR276C,0,-6.621599,0.09321387857198715,0.9779999852180481,0.9513999819755554
YER040W,YJR050W,0,-6.62193,0.09320499747991562,0.9779999852180481,0.9514999985694885
YGL213C,YKL149C,1,-6.6225495,0.09329140186309814,0.9789999723434448,0.9514999985694885
YGL190C,YCL061C,0,-6.6246333,0.09328251332044601,0.9789999723434448,0.9516000151634216
YMR081C,YOR187W,0,-6.6259284,0.09327362477779388,0.9789999723434448,0.95169997215271
YMR036C,YER061C,0,-6.6264763,0.09326474368572235,0.9789999723434448,0.9517999887466431
YDL079C,YDL236W,0,-6.6282196,0.09325585514307022,0.9789999723434448,0.9519000053405762
YLR086W,YBL063W,0,-6.6284685,0.09324697405099869,0.9789999723434448,0.9520000219345093
YMR044W,YML059C,0,-6.630707,0.09323809295892715,0.9789999723434448,0.9520999789237976
YPL011C,YMR167W,0,-6.6308312,0.09322921931743622,0.9789999723434448,0.9521999955177307
YPL040C,YHR023W,0,-6.6323133,0.09322033822536469,0.9789999723434448,0.9523000121116638
YJL013C,YPL164C,0,-6.632455,0.09321146458387375,0.9789999723434448,0.9524000287055969
YNL015W,YDR162C,0,-6.6332593,0.09320259094238281,0.9789999723434448,0.9524999856948853
YMR106C,YOR120W,0,-6.633376,0.09319371730089188,0.9789999723434448,0.9526000022888184
YER143W,YKL022C,0,-6.6335735,0.09318484365940094,0.9789999723434448,0.9527000188827515
YDL030W,YIL135C,0,-6.633655,0.0931759774684906,0.9789999723434448,0.9527999758720398
YGL017W,YPL164C,0,-6.633899,0.09316711127758026,0.9789999723434448,0.9528999924659729
YOL078W,YGL020C,0,-6.6342974,0.09315824508666992,0.9789999723434448,0.953000009059906
YBR253W,YKL062W,0,-6.6360936,0.09314937889575958,0.9789999723434448,0.9531000256538391
YLR363C,YAL021C,1,-6.6379843,0.09323565661907196,0.9800000190734863,0.9531000256538391
YGR220C,YBR290W,0,-6.638055,0.09322679042816162,0.9800000190734863,0.9531999826431274
YLR133W,YOR198C,0,-6.6381774,0.09321792423725128,0.9800000190734863,0.9532999992370605
YCR063W,YML047C,0,-6.6382484,0.09320905804634094,0.9800000190734863,0.9534000158309937
YPL147W,YGR180C,0,-6.638386,0.0932001918554306,0.9800000190734863,0.953499972820282
YKL206C,YKL062W,0,-6.6395216,0.09319132566452026,0.9800000190734863,0.9535999894142151
YDR494W,YCR088W,0,-6.640108,0.09318246692419052,0.9800000190734863,0.9537000060081482
YER103W,YDL198C,0,-6.6423607,0.09317360818386078,0.9800000190734863,0.9538000226020813
YDL142C,YDR457W,0,-6.642849,0.09316474944353104,0.9800000190734863,0.9538999795913696
YDL078C,YJR065C,0,-6.6428537,0.0931558907032013,0.9800000190734863,0.9539999961853027
YPL015C,YGL095C,0,-6.6436167,0.09314703941345215,0.9800000190734863,0.9541000127792358
YDR011W,YGL190C,0,-6.6440744,0.093138188123703,0.9800000190734863,0.954200029373169
YMR293C,YHR084W,0,-6.644293,0.09312933683395386,0.9800000190734863,0.9542999863624573
YLL015W,YIL008W,0,-6.64507,0.09312048554420471,0.9800000190734863,0.9544000029563904
YGL236C,YLR102C,0,-6.6467285,0.09311164170503616,0.9800000190734863,0.9545000195503235
YOR265W,YPR138C,0,-6.646778,0.09310279041528702,0.9800000190734863,0.9545999765396118
YKL146W,YDL100C,0,-6.648967,0.09309394657611847,0.9800000190734863,0.9546999931335449
YGL166W,YMR026C,0,-6.6497774,0.09308510273694992,0.9800000190734863,0.954800009727478
YNL016W,YOR173W,1,-6.6499314,0.09317123889923096,0.9810000061988831,0.954800009727478
YJR089W,YDR409W,0,-6.653453,0.09316239506006241,0.9810000061988831,0.9549000263214111
YGR211W,YDR148C,0,-6.653681,0.09315354377031326,0.9810000061988831,0.9549999833106995
YBR119W,YHR091C,0,-6.653857,0.09314469993114471,0.9810000061988831,0.9550999999046326
YFL050C,YHR181W,0,-6.654559,0.09313585609197617,0.9810000061988831,0.9552000164985657
YDR437W,YNL225C,0,-6.655386,0.09312701970338821,0.9810000061988831,0.955299973487854
YOR054C,YKL089W,0,-6.655461,0.09311817586421967,0.9810000061988831,0.9553999900817871
YOL105C,YPL209C,0,-6.656041,0.09310933947563171,0.9810000061988831,0.9555000066757202
YFL022C,YPL159C,0,-6.6572957,0.09310050308704376,0.9810000061988831,0.9556000232696533
YFL022C,YPL221W,0,-6.657419,0.09309166669845581,0.9810000061988831,0.9556999802589417
YOR064C,YNL241C,0,-6.6577597,0.09308283776044846,0.9810000061988831,0.9557999968528748
YGL037C,YNL219C,0,-6.659794,0.0930740013718605,0.9810000061988831,0.9559000134468079
YOR033C,YBR179C,0,-6.6599846,0.09306517243385315,0.9810000061988831,0.9559999704360962
YDL008W,YBR275C,0,-6.665302,0.0930563434958458,0.9810000061988831,0.9560999870300293
YPR179C,YPL016W,0,-6.666997,0.09304752200841904,0.9810000061988831,0.9562000036239624
YOR048C,YOR178C,0,-6.667014,0.09303869307041168,0.9810000061988831,0.9563000202178955
YJL045W,YDR177W,0,-6.667839,0.09302987158298492,0.9810000061988831,0.9563999772071838
YDR027C,YNL317W,0,-6.668064,0.09302105009555817,0.9810000061988831,0.9564999938011169
YCR073C,YNL291C,0,-6.6682763,0.09301222860813141,0.9810000061988831,0.95660001039505
YKL005C,YPL059W,0,-6.671071,0.09300341457128525,0.9810000061988831,0.9567000269889832
YKL193C,YBR188C,0,-6.6728644,0.09299459308385849,0.9810000061988831,0.9567999839782715
YMR267W,YLR079W,0,-6.67319,0.09298577904701233,0.9810000061988831,0.9569000005722046
YIL073C,YGR036C,0,-6.673518,0.09297697246074677,0.9810000061988831,0.9570000171661377
YLR450W,YDL074C,0,-6.675763,0.0929681584239006,0.9810000061988831,0.957099974155426
YKL062W,YDR477W,0,-6.6764193,0.09295934438705444,0.9810000061988831,0.9571999907493591
YBL002W,YBR188C,0,-6.6773973,0.09295053780078888,0.9810000061988831,0.9573000073432922
YER112W,YAL021C,1,-6.678775,0.0930364727973938,0.9819999933242798,0.9573000073432922
YAL055W,YNL310C,0,-6.679312,0.09302765876054764,0.9819999933242798,0.9574000239372253
YJL030W,YBR234C,0,-6.6808243,0.09301885217428207,0.9819999933242798,0.9574999809265137
YJL141C,YDL019C,0,-6.681027,0.09301003813743591,0.9819999933242798,0.9575999975204468
YGR180C,YDR057W,0,-6.6833825,0.09300123155117035,0.9819999933242798,0.9577000141143799
YKL194C,YBR167C,0,-6.683633,0.09299242496490479,0.9819999933242798,0.9577999711036682
YER030W,YER166W,0,-6.6838274,0.09298361837863922,0.9819999933242798,0.9578999876976013
YLL001W,YIL035C,0,-6.68479,0.09297481179237366,0.9819999933242798,0.9580000042915344
YPL095C,YLR023C,0,-6.685869,0.09296601265668869,0.9819999933242798,0.9581000208854675
YJL045W,YKR008W,0,-6.6862164,0.09295721352100372,0.9819999933242798,0.9581999778747559
YHL034C,YBR274W,0,-6.686901,0.09294841438531876,0.9819999933242798,0.958299994468689
YCR033W,YOR213C,0,-6.6874866,0.09293961524963379,0.9819999933242798,0.9584000110626221
YLR056W,YER093C,0,-6.688816,0.09293082356452942,0.9819999933242798,0.9585000276565552
YKL080W,YOR109W,0,-6.688895,0.09292203187942505,0.9819999933242798,0.9585999846458435
YNL009W,YML085C,0,-6.688961,0.09291324019432068,0.9819999933242798,0.9587000012397766
YOR230W,YDR529C,0,-6.6909456,0.09290444850921631,0.9819999933242798,0.9588000178337097
YOR288C,YPR007C,0,-6.6915846,0.09289565682411194,0.9819999933242798,0.958899974822998
YJL042W,YPL059W,0,-6.6929927,0.09288687258958817,0.9819999933242798,0.9589999914169312
YCR066W,YDR113C,0,-6.6940207,0.09287808835506439,0.9819999933242798,0.9591000080108643
YGL037C,YIL033C,0,-6.6944003,0.09286930412054062,0.9819999933242798,0.9592000246047974
YGL232W,YCL040W,0,-6.6960807,0.09286051988601685,0.9819999933242798,0.9592999815940857
YKR054C,YDR427W,0,-6.696622,0.09285174310207367,0.9819999933242798,0.9593999981880188
YHR190W,YDR447C,0,-6.6969843,0.0928429588675499,0.9819999933242798,0.9595000147819519
YBR152W,YCL043C,0,-6.6977644,0.09283418208360672,0.9819999933242798,0.9595999717712402
YPR007C,YGR036C,0,-6.6980133,0.09282540529966354,0.9819999933242798,0.9596999883651733
YKR014C,YDR096W,0,-6.698471,0.09281663596630096,0.9819999933242798,0.9598000049591064
YBR103W,YJR044C,0,-6.698643,0.09280786663293839,0.9819999933242798,0.9599000215530396
YJL173C,YMR164C,0,-6.699296,0.09279908984899521,0.9819999933242798,0.9599999785423279
YKR046C,YGR280C,0,-6.7002673,0.09279032051563263,0.9819999933242798,0.960099995136261
YBR103W,YAL034W-A,0,-6.7026567,0.09278155863285065,0.9819999933242798,0.9602000117301941
YKL201C,YJL013C,0,-6.704588,0.09277278929948807,0.9819999933242798,0.9603000283241272
YMR186W,YOL122C,0,-6.7053313,0.09276402741670609,0.9819999933242798,0.9603999853134155
YNL009W,YCR044C,0,-6.7053876,0.0927552655339241,0.9819999933242798,0.9605000019073486
YOL065C,YGR088W,0,-6.705641,0.09274650365114212,0.9819999933242798,0.9606000185012817
YHR079C,YER054C,0,-6.7061815,0.09273774921894073,0.9819999933242798,0.9606999754905701
YGR157W,YDR529C,0,-6.7064037,0.09272898733615875,0.9819999933242798,0.9607999920845032
YLL043W,YPL116W,0,-6.706484,0.09272023290395737,0.9819999933242798,0.9609000086784363
YDR079W,YIL084C,0,-6.7071004,0.09271147847175598,0.9819999933242798,0.9610000252723694
YPL128C,YJL013C,0,-6.7071543,0.09270273149013519,0.9819999933242798,0.9610999822616577
YLL006W,YGL105W,0,-6.709813,0.09269397705793381,0.9819999933242798,0.9611999988555908
YOR076C,YDL160C,1,-6.7102647,0.09277961403131485,0.9829999804496765,0.9611999988555908
YGR029W,YMR208W,0,-6.711188,0.09277085959911346,0.9829999804496765,0.9613000154495239
YJL176C,YGR133W,0,-6.712681,0.09276210516691208,0.9829999804496765,0.9613999724388123
YOR233W,YCL055W,0,-6.7131686,0.0927533507347107,0.9829999804496765,0.9614999890327454
YGL252C,YLL021W,0,-6.714323,0.09274459630250931,0.9829999804496765,0.9616000056266785
YFR046C,YGL011C,0,-6.714758,0.09273584932088852,0.9829999804496765,0.9617000222206116
YOR054C,YML025C,0,-6.716005,0.09272710233926773,0.9829999804496765,0.9617999792098999
YNL167C,YNL309W,0,-6.7163754,0.09271835535764694,0.9829999804496765,0.961899995803833
YBR130C,YKL064W,0,-6.7164617,0.09270960837602615,0.9829999804496765,0.9620000123977661
YNL090W,YJL094C,0,-6.716915,0.09270086884498596,0.9829999804496765,0.9621000289916992
YNL116W,YIL035C,0,-6.7173586,0.09269212931394577,0.9829999804496765,0.9621999859809875
YLR270W,YGL213C,1,-6.7174053,0.09277766942977905,0.984000027179718,0.9621999859809875
YNL008C,YOR181W,0,-6.718195,0.09276892989873886,0.984000027179718,0.9623000025749207
YPR138C,YGL105W,0,-6.7191496,0.09276018291711807,0.984000027179718,0.9624000191688538
YMR313C,YGR179C,0,-6.7202663,0.09275143593549728,0.984000027179718,0.9624999761581421
YMR202W,YJL042W,0,-6.721705,0.09274269640445709,0.984000027179718,0.9625999927520752
YGR070W,YER022W,0,-6.7226744,0.0927339568734169,0.984000027179718,0.9627000093460083
YER089C,YDR159W,0,-6.722853,0.09272521734237671,0.984000027179718,0.9628000259399414
YFR004W,YGL219C,0,-6.7237015,0.09271647781133652,0.984000027179718,0.9628999829292297
YPL042C,YOR180C,0,-6.724185,0.09270774573087692,0.984000027179718,0.9629999995231628
YOL147C,YOR002W,0,-6.7251463,0.09269901365041733,0.984000027179718,0.963100016117096
YMR036C,YLR097C,0,-6.7263336,0.09269028156995773,0.984000027179718,0.9631999731063843
YLR144C,YOR181W,0,-6.728181,0.09268154948949814,0.984000027179718,0.9632999897003174
YOL116W,YNL133C,0,-6.72993,0.09267281740903854,0.984000027179718,0.9634000062942505
YDL101C,YBL006C,0,-6.73017,0.09266409277915955,0.984000027179718,0.9635000228881836
YKL040C,YJR059W,0,-6.7323546,0.09265536814928055,0.984000027179718,0.9635999798774719
YML132W,YDR005C,0,-6.7328825,0.09264664351940155,0.984000027179718,0.963699996471405
YOR037W,YKL119C,0,-6.7339873,0.09263791888952255,0.984000027179718,0.9638000130653381
YFL016C,YLR007W,0,-6.7341,0.09262920171022415,0.984000027179718,0.9639000296592712
YOR281C,YDL126C,0,-6.7344522,0.09262048453092575,0.984000027179718,0.9639999866485596
YDR057W,YJR059W,0,-6.7347035,0.09261176735162735,0.984000027179718,0.9641000032424927
YER125W,YPL240C,0,-6.7360144,0.09260305017232895,0.984000027179718,0.9642000198364258
YML088W,YFR052W,0,-6.736972,0.09259433299303055,0.984000027179718,0.9642999768257141
YMR021C,YJL164C,0,-6.737188,0.09258562326431274,0.984000027179718,0.9643999934196472
YOR081C,YPR054W,0,-6.737887,0.09257691353559494,0.984000027179718,0.9645000100135803
YHR007C,YCL061C,0,-6.7380395,0.09256820380687714,0.984000027179718,0.9646000266075134
YCR094W,YGR088W,0,-6.738843,0.09255949407815933,0.984000027179718,0.9646999835968018
YDR054C,YBL045C,0,-6.739165,0.09255079180002213,0.984000027179718,0.9648000001907349
YGL142C,YLR005W,0,-6.740161,0.09254208952188492,0.984000027179718,0.964900016784668
YIL131C,YDR077W,0,-6.7417135,0.09253337979316711,0.984000027179718,0.9649999737739563
YLR448W,YIL135C,0,-6.7421923,0.0925246849656105,0.984000027179718,0.9650999903678894
YCR066W,YIR019C,0,-6.7427187,0.0925159826874733,0.984000027179718,0.9652000069618225
YGL166W,YER143W,0,-6.744281,0.09250728785991669,0.984000027179718,0.9653000235557556
YMR186W,YDR447C,0,-6.745553,0.09249859303236008,0.984000027179718,0.965399980545044
YLR220W,YNL009W,0,-6.7469068,0.09248989820480347,0.984000027179718,0.965499997138977
YNL169C,YDL078C,0,-6.747405,0.09248120337724686,0.984000027179718,0.9656000137329102
YDR073W,YMR021C,0,-6.7489166,0.09247250854969025,0.984000027179718,0.9656999707221985
YER072W,YHR006W,0,-6.749242,0.09246382117271423,0.984000027179718,0.9657999873161316
YOR173W,YGL213C,1,-6.7516184,0.09254909306764603,0.9850000143051147,0.9657999873161316
YLR270W,YDL165W,1,-6.7523346,0.09263435006141663,0.9860000014305115,0.9657999873161316
YDR202C,YDR285W,0,-6.752918,0.09262564778327942,0.9860000014305115,0.9659000039100647
YCR027C,YGR097W,0,-6.7543488,0.09261694550514221,0.9860000014305115,0.9660000205039978
YMR163C,YPL224C,0,-6.7549973,0.092608243227005,0.9860000014305115,0.9660999774932861
YOR094W,YMR037C,0,-6.7550797,0.0925995483994484,0.9860000014305115,0.9661999940872192
YNL032W,YHR106W,0,-6.756991,0.09259085357189178,0.9860000014305115,0.9663000106811523
YPL193W,YJR059W,0,-6.7573633,0.09258215874433517,0.9860000014305115,0.9664000272750854
YER119C,YKR029C,0,-6.757865,0.09257346391677856,0.9860000014305115,0.9664999842643738
YBR214W,YBR175W,0,-6.7594857,0.09256477653980255,0.9860000014305115,0.9666000008583069
YPR025C,YCR075C,0,-6.761281,0.09255608916282654,0.9860000014305115,0.96670001745224
YER111C,YPR134W,0,-6.7614994,0.09254740178585052,0.9860000014305115,0.9667999744415283
YML095C,YGL006W,0,-6.7616663,0.09253871440887451,0.9860000014305115,0.9668999910354614
YKL206C,YHR050W,0,-6.7621217,0.0925300270318985,0.9860000014305115,0.9670000076293945
YGL236C,YDL076C,0,-6.764682,0.09252134710550308,0.9860000014305115,0.9671000242233276
YBR059C,YCL040W,0,-6.7660303,0.09251266717910767,0.9860000014305115,0.967199981212616
YER095W,YGL065C,0,-6.766538,0.09250398725271225,0.9860000014305115,0.9672999978065491
YMR204C,YJL100W,0,-6.767085,0.09249530732631683,0.9860000014305115,0.9674000144004822
YKR009C,YHR183W,0,-6.7677584,0.09248663485050201,0.9860000014305115,0.9674999713897705
YOR032C,YHR119W,0,-6.767831,0.0924779623746872,0.9860000014305115,0.9675999879837036
YJR119C,YJR150C,0,-6.768444,0.09246928989887238,0.9860000014305115,0.9677000045776367
YDR414C,YDR439W,0,-6.770835,0.09246061742305756,0.9860000014305115,0.9678000211715698
YLR045C,YML095C,0,-6.7717648,0.09245194494724274,0.9860000014305115,0.9678999781608582
YOR327C,YNL268W,0,-6.7721353,0.09244327992200851,0.9860000014305115,0.9679999947547913
YJL089W,YNL082W,0,-6.773305,0.09243461489677429,0.9860000014305115,0.9681000113487244
YLR330W,YJR102C,0,-6.775056,0.09242594987154007,0.9860000014305115,0.9682000279426575
YOL100W,YBL058W,0,-6.7760777,0.09241728484630585,0.9860000014305115,0.9682999849319458
YPR025C,YDL159W,0,-6.776538,0.09240861982107162,0.9860000014305115,0.9684000015258789
YKR055W,YMR311C,0,-6.77662,0.092399962246418,0.9860000014305115,0.968500018119812
YGL187C,YLR200W,0,-6.778181,0.09239130467176437,0.9860000014305115,0.9685999751091003
YGL047W,YJR140C,0,-6.778401,0.09238264709711075,0.9860000014305115,0.9686999917030334
YGL190C,YDR122W,0,-6.779847,0.09237398952245712,0.9860000014305115,0.9688000082969666
YGR161C,YML001W,0,-6.7829013,0.0923653393983841,0.9860000014305115,0.9689000248908997
YBR024W,YCL044C,0,-6.7832165,0.09235668927431107,0.9860000014305115,0.968999981880188
YOR014W,YHR001W,0,-6.7832785,0.09234803915023804,0.9860000014305115,0.9690999984741211
YDR079W,YOR362C,0,-6.7838035,0.09233938902616501,0.9860000014305115,0.9692000150680542
YGR074W,YOL100W,0,-6.785733,0.09233073890209198,0.9860000014305115,0.9692999720573425
YMR186W,YDR294C,0,-6.786454,0.09232209622859955,0.9860000014305115,0.9693999886512756
YLR330W,YKL193C,0,-6.787386,0.09231345355510712,0.9860000014305115,0.9695000052452087
YKL182W,YLR005W,0,-6.787797,0.09230481088161469,0.9860000014305115,0.9696000218391418
YGL225W,YBR272C,0,-6.7879605,0.09229616820812225,0.9860000014305115,0.9696999788284302
YKL034W,YPL043W,0,-6.7879715,0.09228753298521042,0.9860000014305115,0.9697999954223633
YDL079C,YDR317W,0,-6.788101,0.09227889776229858,0.9860000014305115,0.9699000120162964
YHR160C,YLR274W,0,-6.7885733,0.09227026253938675,0.9860000014305115,0.9700000286102295
YOL100W,YMR299C,0,-6.789949,0.09226162731647491,0.9860000014305115,0.9700999855995178
YOR173W,YEL015W,1,-6.7902727,0.09234655648469925,0.9869999885559082,0.9700999855995178
YMR156C,YLR148W,0,-6.792709,0.09233791381120682,0.9869999885559082,0.9702000021934509
YDR171W,YGR280C,0,-6.7935133,0.09232927858829498,0.9869999885559082,0.970300018787384
YMR047C,YIL153W,0,-6.7941093,0.09232064336538315,0.9869999885559082,0.9703999757766724
YLR081W,YBR272C,0,-6.7944136,0.09231200814247131,0.9869999885559082,0.9704999923706055
YJL184W,YBR195C,0,-6.7962465,0.09230337291955948,0.9869999885559082,0.9706000089645386
YLR442C,YIR037W,0,-6.796569,0.09229474514722824,0.9869999885559082,0.9707000255584717
YOR275C,YML049C,0,-6.797989,0.092286117374897,0.9869999885559082,0.97079998254776
YML128C,YMR284W,0,-6.7984686,0.09227748960256577,0.9869999885559082,0.9708999991416931
YDR191W,YDR375C,0,-6.7990255,0.09226886183023453,0.9869999885559082,0.9710000157356262
YOR085W,YDL126C,0,-6.801819,0.09226023405790329,0.9869999885559082,0.9710999727249146
YHR096C,YJR104C,0,-6.802312,0.09225161373615265,0.9869999885559082,0.9711999893188477
YIL142W,YDR022C,0,-6.8038077,0.09224299341440201,0.9869999885559082,0.9713000059127808
YPL176C,YOL039W,0,-6.8051567,0.09223437309265137,0.9869999885559082,0.9714000225067139
YMR163C,YOR083W,0,-6.805831,0.09222575277090073,0.9869999885559082,0.9714999794960022
YPL181W,YOR103C,0,-6.809236,0.09221713244915009,0.9869999885559082,0.9715999960899353
YKL193C,YEL062W,0,-6.8097258,0.09220851957798004,0.9869999885559082,0.9717000126838684
YAL024C,YDR148C,0,-6.81289,0.09219990670681,0.9869999885559082,0.9718000292778015
YOR173W,YDL111C,1,-6.8131666,0.09228470176458359,0.9879999756813049,0.9718000292778015
YER021W,YGR086C,0,-6.813712,0.09227608144283295,0.9879999756813049,0.9718999862670898
YBL011W,YJR110W,0,-6.8144517,0.0922674611210823,0.9879999756813049,0.972000002861023
YKL042W,YPL042C,0,-6.814681,0.09225884824991226,0.9879999756813049,0.972100019454956
YNL142W,YNR010W,0,-6.8155694,0.09225023537874222,0.9879999756813049,0.9721999764442444
YLR219W,YER025W,0,-6.8161173,0.09224162250757217,0.9879999756813049,0.9722999930381775
YOR348C,YKR008W,0,-6.8172283,0.09223300963640213,0.9879999756813049,0.9724000096321106
YAL055W,YDR477W,0,-6.818122,0.09222439676523209,0.9879999756813049,0.9725000262260437
YDL028C,YPL254W,0,-6.8181915,0.09221579134464264,0.9879999756813049,0.972599983215332
YMR188C,YLL043W,0,-6.8189654,0.09220718592405319,0.9879999756813049,0.9726999998092651
YJL008C,YML029W,0,-6.8203135,0.09219858050346375,0.9879999756813049,0.9728000164031982
YMR077C,YML124C,0,-6.821124,0.0921899750828743,0.9879999756813049,0.9728999733924866
YGR274C,YOR261C,0,-6.822482,0.09218137711286545,0.9879999756813049,0.9729999899864197
YHR079C-A,YKL048C,0,-6.822896,0.0921727791428566,0.9879999756813049,0.9731000065803528
YOR099W,YGR275W,0,-6.822959,0.09216418117284775,0.9879999756813049,0.9732000231742859
YDR256C,YMR137C,0,-6.8235493,0.0921555832028389,0.9879999756813049,0.9732999801635742
YOL105C,YAL034W-A,0,-6.8252378,0.09214698523283005,0.9879999756813049,0.9733999967575073
YNL080C,YFR052W,0,-6.8254423,0.0921383947134018,0.9879999756813049,0.9735000133514404
YDL019C,YKL022C,0,-6.827113,0.09212980419397354,0.9879999756813049,0.9735999703407288
YMR005W,YOL078W,0,-6.8272977,0.09212121367454529,0.9879999756813049,0.9736999869346619
YDR004W,YMR263W,0,-6.8279004,0.09211262315511703,0.9879999756813049,0.973800003528595
YNL118C,YLL013C,1,-6.829845,0.09219726175069809,0.9890000224113464,0.973800003528595
YPL203W,YLR079W,0,-6.8317027,0.09218866378068924,0.9890000224113464,0.9739000201225281
YNL219C,YER167W,0,-6.8338394,0.09218007326126099,0.9890000224113464,0.9739999771118164
YOR288C,YDR256C,0,-6.8344545,0.09217148274183273,0.9890000224113464,0.9740999937057495
YNL133C,YJL112W,0,-6.837261,0.09216289222240448,0.9890000224113464,0.9742000102996826
YIL131C,YCR038C,0,-6.8390503,0.09215430170297623,0.9890000224113464,0.9743000268936157
YGR253C,YAL053W,0,-6.841609,0.09214571863412857,0.9890000224113464,0.974399983882904
YNL097C,YBR081C,0,-6.842769,0.09213713556528091,0.9890000224113464,0.9745000004768372
YNL118C,YKL149C,1,-6.8438063,0.0922217071056366,0.9900000095367432,0.9745000004768372
YPR067W,YOL034W,0,-6.8484626,0.09221311658620834,0.9900000095367432,0.9746000170707703
YMR119W,YDR247W,0,-6.8499746,0.09220452606678009,0.9900000095367432,0.9746999740600586
YJR035W,YMR006C,0,-6.8500996,0.09219594299793243,0.9900000095367432,0.9747999906539917
YLR275W,YNL268W,0,-6.850771,0.09218735247850418,0.9900000095367432,0.9749000072479248
YDL128W,YOR023C,0,-6.851655,0.09217876940965652,0.9900000095367432,0.9750000238418579
YIL042C,YJL214W,0,-6.8526726,0.09217018634080887,0.9900000095367432,0.9750999808311462
YOR173W,YNL118C,1,-6.8531284,0.09225469827651978,0.9909999966621399,0.9750999808311462
YCR048W,YKR060W,0,-6.855315,0.09224611520767212,0.9909999966621399,0.9751999974250793
YER112W,YJR091C,1,-6.8567333,0.09233060479164124,0.9919999837875366,0.9751999974250793
YBR185C,YGL004C,0,-6.857582,0.09232200682163239,0.9919999837875366,0.9753000140190125
YDR166C,YER125W,0,-6.8594365,0.09231341630220413,0.9919999837875366,0.9753999710083008
YNL278W,YJR019C,0,-6.8620424,0.09230482578277588,0.9919999837875366,0.9754999876022339
YOR265W,YLL041C,0,-6.8625813,0.09229624271392822,0.9919999837875366,0.975600004196167
YJL141C,YBR179C,0,-6.8627996,0.09228765219449997,0.9919999837875366,0.9757000207901001
YDR207C,YMR311C,0,-6.863646,0.09227906912565231,0.9919999837875366,0.9757999777793884
YOR117W,YGR209C,0,-6.8645306,0.09227048605680466,0.9919999837875366,0.9758999943733215
YLR254C,YPL152W,0,-6.8655314,0.092261902987957,0.9919999837875366,0.9760000109672546
YOR230W,YPL078C,0,-6.867343,0.09225332736968994,0.9919999837875366,0.9761000275611877
YBR097W,YIL142W,0,-6.868889,0.09224474430084229,0.9919999837875366,0.9761999845504761
YOR371C,YPL037C,0,-6.869302,0.09223616868257523,0.9919999837875366,0.9763000011444092
YGR241C,YLL019C,0,-6.869607,0.09222759306430817,0.9919999837875366,0.9764000177383423
YGR140W,YDR079W,0,-6.869919,0.09221901744604111,0.9919999837875366,0.9764999747276306
YGR241C,YBR272C,0,-6.8710713,0.09221044927835464,0.9919999837875366,0.9765999913215637
YMR197C,YDR375C,0,-6.8712654,0.09220188111066818,0.9919999837875366,0.9767000079154968
YDR052C,YPR019W,0,-6.873513,0.09219330549240112,0.9919999837875366,0.9768000245094299
YOR320C,YGL095C,0,-6.87381,0.09218474477529526,0.9919999837875366,0.9768999814987183
YER162C,YOR261C,0,-6.8739395,0.0921761766076088,0.9919999837875366,0.9769999980926514
YLR011W,YDR273W,0,-6.8747997,0.09216760843992233,0.9919999837875366,0.9771000146865845
YDR337W,YMR156C,0,-6.8752017,0.09215904772281647,0.9919999837875366,0.9771999716758728
YPR179C,YER061C,0,-6.8772593,0.0921504870057106,0.9919999837875366,0.9772999882698059
YDR113C,YDR251W,0,-6.881256,0.09214192628860474,0.9919999837875366,0.977400004863739
YMR231W,YHR111W,0,-6.883585,0.09213337302207947,0.9919999837875366,0.9775000214576721
YJR083C,YOL033W,0,-6.8843246,0.0921248123049736,0.9919999837875366,0.9775999784469604
YBR298C,YPR083W,0,-6.884899,0.09211625903844833,0.9919999837875366,0.9776999950408936
YOR179C,YFL039C,0,-6.888036,0.09210770577192307,0.9919999837875366,0.9778000116348267
YOR237W,YDR021W,0,-6.8885765,0.0920991525053978,0.9919999837875366,0.9779000282287598
YDR166C,YDR175C,0,-6.889998,0.09209060668945312,0.9919999837875366,0.9779999852180481
YIL150C,YHR124W,0,-6.8926,0.09208205342292786,0.9919999837875366,0.9781000018119812
YBR234C,YMR135C,0,-6.893971,0.09207350760698318,0.9919999837875366,0.9782000184059143
YKL185W,YBR275C,0,-6.8957596,0.09206496179103851,0.9919999837875366,0.9782999753952026
YIL042C,YKR026C,0,-6.897687,0.09205642342567444,0.9919999837875366,0.9783999919891357
YMR204C,YDR183W,0,-6.8989625,0.09204787760972977,0.9919999837875366,0.9785000085830688
YEL004W,YIL026C,0,-6.8990097,0.09203933924436569,0.9919999837875366,0.978600025177002
YIL138C,YMR054W,0,-6.900936,0.09203080087900162,0.9919999837875366,0.9786999821662903
YHL020C,YEL012W,0,-6.902179,0.09202226251363754,0.9919999837875366,0.9787999987602234
YPL180W,YJL101C,0,-6.9025126,0.09201372414827347,0.9919999837875366,0.9789000153541565
YHR072W,YPR155C,0,-6.9026833,0.09200519323348999,0.9919999837875366,0.9789999723434448
YMR156C,YLR201C,0,-6.904346,0.09199666231870651,0.9919999837875366,0.9790999889373779
YBR081C,YML029W,0,-6.904856,0.09198813140392303,0.9919999837875366,0.979200005531311
YLR332W,YAR018C,0,-6.9054775,0.09197960048913956,0.9919999837875366,0.9793000221252441
YML092C,YDR323C,0,-6.906827,0.09197107702493668,0.9919999837875366,0.9793999791145325
YDR073W,YMR078C,0,-6.9079933,0.0919625461101532,0.9919999837875366,0.9794999957084656
YOR217W,YKR003W,0,-6.9142017,0.09195402264595032,0.9919999837875366,0.9796000123023987
YIR018W,YBR258C,0,-6.914488,0.09194549918174744,0.9919999837875366,0.9797000288963318
YMR314W,YOR362C,0,-6.9185963,0.09193697571754456,0.9919999837875366,0.9797999858856201
YMR119W,YIL138C,0,-6.92175,0.09192845970392227,0.9919999837875366,0.9799000024795532
YKL005C,YGL251C,0,-6.9218855,0.09191994369029999,0.9919999837875366,0.9800000190734863
YKL089W,YOL013C,0,-6.9237328,0.0919114276766777,0.9919999837875366,0.9800999760627747
YDR036C,YOR249C,0,-6.9245625,0.09190291166305542,0.9919999837875366,0.9801999926567078
YKL095W,YGL142C,0,-6.9250455,0.09189439564943314,0.9919999837875366,0.9803000092506409
YPL006W,YNL169C,0,-6.9254684,0.09188588708639145,0.9919999837875366,0.980400025844574
YKR053C,YJL062W,0,-6.926282,0.09187737107276917,0.9919999837875366,0.9804999828338623
YER143W,YPR154W,0,-6.9269333,0.09186886250972748,0.9919999837875366,0.9805999994277954
YDR427W,YMR139W,0,-6.9284935,0.09186035394668579,0.9919999837875366,0.9807000160217285
YKL197C,YDR375C,0,-6.928889,0.0918518528342247,0.9919999837875366,0.9807999730110168
YOR087W,YJL026W,0,-6.928922,0.09184334427118301,0.9919999837875366,0.98089998960495
YLR270W,YDL111C,1,-6.9291787,0.0919274240732193,0.9929999709129333,0.98089998960495
YGL172W,YEL012W,0,-6.930149,0.09191890805959702,0.9929999709129333,0.9810000061988831
YML058W,YMR081C,0,-6.9307475,0.09191040694713593,0.9929999709129333,0.9811000227928162
YBL084C,YLR045C,0,-6.9334135,0.09190189838409424,0.9929999709129333,0.9811999797821045
YBR059C,YCR066W,0,-6.938986,0.09189338982105255,0.9929999709129333,0.9812999963760376
YPL155C,YMR078C,0,-6.9402823,0.09188488870859146,0.9929999709129333,0.9814000129699707
YMR281W,YKL052C,0,-6.941843,0.09187638759613037,0.9929999709129333,0.9815000295639038
YOL067C,YIL072W,0,-6.944707,0.09186788648366928,0.9929999709129333,0.9815999865531921
YGL038C,YML032C,0,-6.945075,0.09185939282178879,0.9929999709129333,0.9817000031471252
YKL034W,YDR091C,0,-6.94819,0.0918508917093277,0.9929999709129333,0.9818000197410583
YGL073W,YNR006W,0,-6.948338,0.0918423980474472,0.9929999709129333,0.9818999767303467
YKR055W,YDR259C,0,-6.949297,0.09183390438556671,0.9929999709129333,0.9819999933242798
YNL079C,YCL040W,0,-6.9510336,0.09182541072368622,0.9929999709129333,0.9821000099182129
YKR055W,YBL041W,0,-6.952095,0.09181692451238632,0.9929999709129333,0.982200026512146
YPL203W,YHR070W,0,-6.953001,0.09180843085050583,0.9929999709129333,0.9822999835014343
YAR014C,YJL100W,0,-6.953419,0.09179994463920593,0.9929999709129333,0.9824000000953674
YER031C,YFL039C,0,-6.959073,0.09179145842790604,0.9929999709129333,0.9825000166893005
YDL095W,YFR052W,0,-6.9594707,0.09178297221660614,0.9929999709129333,0.9825999736785889
YMR112C,YPL078C,0,-6.962452,0.09177449345588684,0.9929999709129333,0.982699990272522
YPL270W,YPR020W,0,-6.9649,0.09176600724458694,0.9929999709129333,0.9828000068664551
YBR223C,YPR070W,0,-6.9685245,0.09175752848386765,0.9929999709129333,0.9829000234603882
YKL038W,YOL122C,0,-6.970866,0.09174904972314835,0.9929999709129333,0.9829999804496765
YBL011W,YLR219W,0,-6.973199,0.09174057841300964,0.9929999709129333,0.9830999970436096
YHR011W,YBR295W,0,-6.9738603,0.09173209965229034,0.9929999709129333,0.9832000136375427
YDL181W,YPL240C,0,-6.9744887,0.09172362834215164,0.9929999709129333,0.983299970626831
YOR103C,YCR083W,0,-6.9750147,0.09171515703201294,0.9929999709129333,0.9833999872207642
YPL221W,YJL081C,0,-6.9755464,0.09170668572187424,0.9929999709129333,0.9835000038146973
YOR257W,YNL116W,0,-6.9789414,0.09169821441173553,0.9929999709129333,0.9836000204086304
YNL264C,YHR167W,0,-6.9797153,0.09168975055217743,0.9929999709129333,0.9836999773979187
YJR125C,YNL271C,0,-6.980735,0.09168128669261932,0.9929999709129333,0.9837999939918518
YER177W,YGR013W,0,-6.984876,0.09167282283306122,0.9929999709129333,0.9839000105857849
YDR079W,YJR153W,0,-6.9852057,0.09166435897350311,0.9929999709129333,0.984000027179718
YLR206W,YIL122W,0,-6.9897747,0.09165589511394501,0.9929999709129333,0.9840999841690063
YKL089W,YGR199W,0,-6.99119,0.0916474387049675,0.9929999709129333,0.9842000007629395
YDL079C,YLR095C,0,-6.994544,0.09163898229598999,0.9929999709129333,0.9843000173568726
YDR079W,YLR447C,0,-6.994631,0.09163052588701248,0.9929999709129333,0.9843999743461609
YGL047W,YDR485C,0,-6.9961834,0.09162206947803497,0.9929999709129333,0.984499990940094
YLR427W,YMR078C,0,-6.998388,0.09161362051963806,0.9929999709129333,0.9846000075340271
YGL055W,YPR175W,0,-6.998543,0.09160516411066055,0.9929999709129333,0.9847000241279602
YMR175W,YIR037W,0,-6.9990225,0.09159671515226364,0.9929999709129333,0.9847999811172485
YBR168W,YIL122W,0,-7.0004597,0.09158826619386673,0.9929999709129333,0.9848999977111816
YBR037C,YPR165W,0,-7.0019255,0.09157982468605042,0.9929999709129333,0.9850000143051147
YOL038W,YGR161C,0,-7.0036206,0.0915713757276535,0.9929999709129333,0.9850999712944031
YNL012W,YBR295W,0,-7.0106735,0.09156293421983719,0.9929999709129333,0.9851999878883362
YOR207C,YDR022C,0,-7.0107594,0.09155449271202087,0.9929999709129333,0.9853000044822693
YOR087W,YDR077W,0,-7.0116253,0.09154605120420456,0.9929999709129333,0.9854000210762024
YJR013W,YDR052C,0,-7.0116415,0.09153760969638824,0.9929999709129333,0.9854999780654907
YBR072W,YNL153C,0,-7.0128136,0.09152917563915253,0.9929999709129333,0.9855999946594238
YDL190C,YBR183W,0,-7.012925,0.09152073413133621,0.9929999709129333,0.9857000112533569
YER020W,YHR083W,0,-7.015957,0.0915123000741005,0.9929999709129333,0.98580002784729
YGR220C,YNL169C,0,-7.020397,0.09150387346744537,0.9929999709129333,0.9858999848365784
YOR371C,YAL016W,0,-7.0239477,0.09149543941020966,0.9929999709129333,0.9860000014305115
YER112W,YOR173W,1,-7.024132,0.0915791392326355,0.9940000176429749,0.9860000014305115
YOR362C,YGR209C,0,-7.027708,0.09157070517539978,0.9940000176429749,0.9861000180244446
YEL050C,YCL040W,0,-7.027858,0.09156227111816406,0.9940000176429749,0.9861999750137329
YDR208W,YPL127C,0,-7.02928,0.09155383706092834,0.9940000176429749,0.986299991607666
YGL090W,YJL139C,0,-7.0310583,0.09154540300369263,0.9940000176429749,0.9864000082015991
YLR383W,YKL052C,0,-7.035152,0.0915369763970375,0.9940000176429749,0.9865000247955322
YKR002W,YOR099W,0,-7.041548,0.09152854233980179,0.9940000176429749,0.9865999817848206
YJL008C,YJR066W,0,-7.0437474,0.09152011573314667,0.9940000176429749,0.9866999983787537
YFR041C,YJR004C,0,-7.0440373,0.09151168912649155,0.9940000176429749,0.9868000149726868
YHL034C,YJL141C,0,-7.0442877,0.09150326997041702,0.9940000176429749,0.9868999719619751
YDL005C,YDR388W,0,-7.0447593,0.0914948433637619,0.9940000176429749,0.9869999885559082
YDR369C,YNR010W,0,-7.045352,0.09148642420768738,0.9940000176429749,0.9871000051498413
YBL022C,YDR183W,0,-7.050386,0.09147800505161285,0.9940000176429749,0.9872000217437744
YDR004W,YKR060W,0,-7.0529094,0.09146958589553833,0.9940000176429749,0.9872999787330627
YOR069W,YNR030W,0,-7.0562873,0.0914611667394638,0.9940000176429749,0.9873999953269958
YGR098C,YPL059W,0,-7.059718,0.09145275503396988,0.9940000176429749,0.987500011920929
YLR023C,YIR010W,0,-7.061094,0.09144434332847595,0.9940000176429749,0.9876000285148621
YNL047C,YOR181W,0,-7.06719,0.09143593162298203,0.9940000176429749,0.9876999855041504
YNL293W,YBL011W,0,-7.069915,0.0914275199174881,0.9940000176429749,0.9878000020980835
YDR108W,YNL188W,0,-7.071478,0.09141910821199417,0.9940000176429749,0.9879000186920166
YLR011W,YMR076C,0,-7.0750904,0.09141070395708084,0.9940000176429749,0.9879999756813049
YJR040W,YKL034W,0,-7.078685,0.09140229970216751,0.9940000176429749,0.988099992275238
YGR005C,YJL045W,0,-7.0813684,0.09139389544725418,0.9940000176429749,0.9882000088691711
YAL034W-A,YOR011W,0,-7.0856953,0.09138549119234085,0.9940000176429749,0.9883000254631042
YPR134W,YGL219C,0,-7.085799,0.09137709438800812,0.9940000176429749,0.9883999824523926
YFR019W,YOR261C,0,-7.0870075,0.09136869013309479,0.9940000176429749,0.9884999990463257
YOR087W,YDR358W,0,-7.090372,0.09136029332876205,0.9940000176429749,0.9886000156402588
YBL075C,YKL026C,0,-7.0905704,0.09135189652442932,0.9940000176429749,0.9886999726295471
YDL046W,YPR103W,0,-7.1019135,0.09134349972009659,0.9940000176429749,0.9887999892234802
YBR006W,YBR129C,0,-7.103644,0.09133511036634445,0.9940000176429749,0.9889000058174133
YIL142W,YJL094C,0,-7.1054096,0.09132672101259232,0.9940000176429749,0.9890000224113464
YGL190C,YBL011W,0,-7.1087537,0.09131833165884018,0.9940000176429749,0.9890999794006348
YGL181W,YIL125W,0,-7.109071,0.09130994230508804,0.9940000176429749,0.9891999959945679
YOR367W,YKL134C,0,-7.1133385,0.09130155295133591,0.9940000176429749,0.989300012588501
YDR166C,YAR007C,0,-7.1155825,0.09129316359758377,0.9940000176429749,0.9894000291824341
YOR140W,YNL225C,0,-7.1288233,0.09128478169441223,0.9940000176429749,0.9894999861717224
YBL079W,YPL015C,0,-7.139835,0.09127639979124069,0.9940000176429749,0.9896000027656555
YOL117W,YBL105C,0,-7.140894,0.09126801788806915,0.9940000176429749,0.9897000193595886
YNL148C,YBL019W,0,-7.146646,0.09125964343547821,0.9940000176429749,0.989799976348877
YJL047C,YPL008W,0,-7.1468906,0.09125126153230667,0.9940000176429749,0.9898999929428101
YKL002W,YNR019W,0,-7.1471834,0.09124288707971573,0.9940000176429749,0.9900000095367432
YBL064C,YDR123C,0,-7.1488037,0.09123451262712479,0.9940000176429749,0.9901000261306763
YMR052W,YMR037C,0,-7.1525497,0.09122613817453384,0.9940000176429749,0.9901999831199646
YPR155C,YLR403W,0,-7.154953,0.0912177637219429,0.9940000176429749,0.9902999997138977
YNL210W,YJL170C,0,-7.1558685,0.09120939671993256,0.9940000176429749,0.9904000163078308
YLR047C,YBR236C,0,-7.1757884,0.09120102971792221,0.9940000176429749,0.9904999732971191
YKL146W,YGR092W,0,-7.180784,0.09119266271591187,0.9940000176429749,0.9905999898910522
YOR173W,YDL175C,1,-7.183524,0.09127602726221085,0.9950000047683716,0.9905999898910522
YGR143W,YPL007C,0,-7.1857376,0.0912676602602005,0.9950000047683716,0.9907000064849854
YBR059C,YOR371C,0,-7.1880207,0.09125928580760956,0.9950000047683716,0.9908000230789185
YML093W,YOR267C,0,-7.188823,0.09125091880559921,0.9950000047683716,0.9908999800682068
YKL146W,YOR068C,0,-7.1926394,0.09124255180358887,0.9950000047683716,0.9909999966621399
YKR053C,YGL004C,0,-7.1932344,0.09123418480157852,0.9950000047683716,0.991100013256073
YNL167C,YIL033C,0,-7.20086,0.09122581779956818,0.9950000047683716,0.9911999702453613
YOR284W,YAL015C,0,-7.200959,0.09121745824813843,0.9950000047683716,0.9912999868392944
YNL243W,YGL095C,0,-7.20164,0.09120909124612808,0.9950000047683716,0.9914000034332275
YLR256W,YCL063W,0,-7.2039332,0.09120073169469833,0.9950000047683716,0.9915000200271606
YOR173W,YJR091C,1,-7.2086673,0.09128402173519135,0.9959999918937683,0.9915000200271606
YLR127C,YDR523C,0,-7.2096643,0.0912756621837616,0.9959999918937683,0.991599977016449
YGL011C,YDR150W,0,-7.2102647,0.09126729518175125,0.9959999918937683,0.9916999936103821
YMR163C,YIL122W,0,-7.2274494,0.0912589356303215,0.9959999918937683,0.9918000102043152
YGR037C,YKR031C,0,-7.230875,0.09125057607889175,0.9959999918937683,0.9919000267982483
YMR276W,YBR183W,0,-7.2347617,0.091242216527462,0.9959999918937683,0.9919999837875366
YLR270W,YER146W,1,-7.2352166,0.09132545441389084,0.996999979019165,0.9919999837875366
YOR173W,YKL149C,1,-7.235614,0.09140868484973907,0.9980000257492065,0.9919999837875366
YBR081C,YHR161C,0,-7.2361426,0.09140031039714813,0.9980000257492065,0.9921000003814697
YGR220C,YJR033C,0,-7.2364264,0.09139194339513779,0.9980000257492065,0.9922000169754028
YGR037C,YMR313C,0,-7.250907,0.09138357639312744,0.9980000257492065,0.9922999739646912
YER044C,YOR136W,0,-7.2514343,0.0913752093911171,0.9980000257492065,0.9923999905586243
YGR268C,YIL070C,0,-7.2554655,0.09136684238910675,0.9980000257492065,0.9925000071525574
YMR139W,YEL037C,0,-7.2617936,0.0913584753870964,0.9980000257492065,0.9926000237464905
YMR200W,YAL016W,0,-7.270485,0.09135011583566666,0.9980000257492065,0.9926999807357788
YOL133W,YHR161C,0,-7.271904,0.09134175628423691,0.9980000257492065,0.9927999973297119
YIL013C,YOL116W,0,-7.274119,0.09133339673280716,0.9980000257492065,0.992900013923645
YCR073W-A,YDL008W,0,-7.276753,0.09132503718137741,0.9980000257492065,0.9929999709129333
YDR017C,YCR075C,0,-7.279014,0.09131667762994766,0.9980000257492065,0.9930999875068665
YBR081C,YNL055C,0,-7.2826357,0.09130832552909851,0.9980000257492065,0.9932000041007996
YGL166W,YKL203C,0,-7.28265,0.09129997342824936,0.9980000257492065,0.9933000206947327
YDR285W,YGL254W,0,-7.2852497,0.09129162132740021,0.9980000257492065,0.993399977684021
YNL009W,YOR180C,0,-7.29138,0.09128326922655106,0.9980000257492065,0.9934999942779541
YER112W,YLR270W,1,-7.294043,0.09136638045310974,0.9990000128746033,0.9934999942779541
YPR140W,YMR047C,0,-7.2982354,0.09135802835226059,0.9990000128746033,0.9936000108718872
YNL272C,YLR219W,0,-7.2988544,0.09134966880083084,0.9990000128746033,0.9937000274658203
YGL190C,YMR267W,0,-7.2989664,0.09134131669998169,0.9990000128746033,0.9937999844551086
YML032C,YBL080C,0,-7.304342,0.09133296459913254,0.9990000128746033,0.9939000010490417
YJL106W,YHR187W,0,-7.3102255,0.09132461994886398,0.9990000128746033,0.9940000176429749
YJL020C,YLR039C,0,-7.3208427,0.09131626784801483,0.9990000128746033,0.9940999746322632
YDL029W,YJR089W,0,-7.3226104,0.09130792319774628,0.9990000128746033,0.9941999912261963
YPL180W,YMR200W,0,-7.327338,0.09129957854747772,0.9990000128746033,0.9943000078201294
YJL042W,YKL022C,0,-7.3344746,0.09129123389720917,0.9990000128746033,0.9944000244140625
YPR100W,YPR083W,0,-7.336172,0.09128289669752121,0.9990000128746033,0.9944999814033508
YHL034C,YPR001W,0,-7.337179,0.09127455204725266,0.9990000128746033,0.9945999979972839
YML092C,YPL221W,0,-7.338108,0.0912662148475647,0.9990000128746033,0.994700014591217
YDR397C,YDR388W,0,-7.3578568,0.09125787764787674,0.9990000128746033,0.9947999715805054
YLR417W,YHR194W,0,-7.365874,0.09124954044818878,0.9990000128746033,0.9948999881744385
YFL016C,YNL159C,0,-7.3742695,0.09124121069908142,0.9990000128746033,0.9950000047683716
YDR130C,YIL122W,0,-7.3818936,0.09123287349939346,0.9990000128746033,0.9951000213623047
YMR313C,YOL146W,0,-7.3868794,0.0912245437502861,0.9990000128746033,0.995199978351593
YIL051C,YML048W,0,-7.392162,0.09121621400117874,0.9990000128746033,0.9952999949455261
YPR134W,YCR052W,0,-7.4002867,0.09120789170265198,0.9990000128746033,0.9954000115394592
YKL035W,YGL035C,0,-7.407462,0.09119956195354462,0.9990000128746033,0.9955000281333923
YDR004W,YNR006W,0,-7.413623,0.09119123965501785,0.9990000128746033,0.9955999851226807
YDR480W,YDL247W,0,-7.413927,0.09118290990591049,0.9990000128746033,0.9957000017166138
YDR072C,YDR329C,0,-7.4202785,0.09117459505796432,0.9990000128746033,0.9958000183105469
YDR208W,YFL036W,0,-7.433557,0.09116627275943756,0.9990000128746033,0.9958999752998352
YMR197C,YGR037C,0,-7.4399486,0.0911579504609108,0.9990000128746033,0.9959999918937683
YKR009C,YJL094C,0,-7.4657106,0.09114963561296463,0.9990000128746033,0.9961000084877014
YLR330W,YCL034W,0,-7.492222,0.09114132076501846,0.9990000128746033,0.9962000250816345
YLR266C,YDL028C,0,-7.5099134,0.0911330059170723,0.9990000128746033,0.9962999820709229
YGL191W,YOR217W,0,-7.5108824,0.09112469106912613,0.9990000128746033,0.996399998664856
YLR208W,YJL053W,0,-7.515875,0.09111638367176056,0.9990000128746033,0.9965000152587891
YLR270W,YKL149C,1,-7.530105,0.09119927138090134,1.0,0.9965000152587891
YMR036C,YJL020C,0,-7.5366917,0.09119095653295517,1.0,0.9965999722480774
YNL257C,YBR280C,0,-7.5452905,0.091182641685009,1.0,0.9966999888420105
YJL001W,YEL037C,0,-7.5532446,0.09117432683706284,1.0,0.9968000054359436
YJR094C,YMR078C,0,-7.557769,0.09116601198911667,1.0,0.9969000220298767
YBR193C,YMR137C,0,-7.5671415,0.0911577045917511,1.0,0.996999979019165
YGL219C,YGL257C,0,-7.5717916,0.09114939719438553,1.0,0.9970999956130981
YNL225C,YPL110C,0,-7.5774503,0.09114108979701996,1.0,0.9972000122070312
YNL097C,YKL020C,0,-7.5902147,0.09113278239965439,1.0,0.9973000288009644
YLR330W,YDR171W,0,-7.591818,0.09112447500228882,1.0,0.9973999857902527
YOR162C,YDR425W,0,-7.595644,0.09111617505550385,1.0,0.9975000023841858
YGL112C,YGL208W,0,-7.6137705,0.09110787510871887,1.0,0.9976000189781189
YOR230W,YDR329C,0,-7.6168623,0.0910995751619339,1.0,0.9976999759674072
YKL035W,YFR052W,0,-7.6179175,0.09109127521514893,1.0,0.9977999925613403
YNL072W,YLL015W,0,-7.631671,0.09108297526836395,1.0,0.9979000091552734
YIL037C,YBR216C,0,-7.6371307,0.09107468277215958,1.0,0.9980000257492065
YLR109W,YGL006W,0,-7.646224,0.0910663902759552,1.0,0.9980999827384949
YGR227W,YJR110W,0,-7.6593513,0.09105809777975082,1.0,0.998199999332428
YDR328C,YML013W,0,-7.6663218,0.09104980528354645,1.0,0.9983000159263611
YML128C,YDL046W,0,-7.6668177,0.09104151278734207,1.0,0.9983999729156494
YOR230W,YFR052W,0,-7.678784,0.09103322774171829,1.0,0.9984999895095825
YML086C,YLR079W,0,-7.684455,0.09102494269609451,1.0,0.9986000061035156
YDR480W,YBR168W,0,-7.6859922,0.09101665765047073,1.0,0.9987000226974487
YLR127C,YBR289W,0,-7.699073,0.09100837260484695,1.0,0.9987999796867371
YNL080C,YDR175C,0,-7.7114596,0.09100008755922318,1.0,0.9988999962806702
YNL009W,YBR298C,0,-7.7247543,0.09099180996417999,1.0,0.9990000128746033
YGL116W,YNL128W,0,-7.7467165,0.09098353236913681,1.0,0.9991000294685364
YKL141W,YDR334W,0,-7.780004,0.09097525477409363,1.0,0.9991999864578247
YPL015C,YPL096W,0,-7.7864456,0.09096697717905045,1.0,0.9993000030517578
YOR109W,YBR215W,0,-7.792225,0.09095870703458786,1.0,0.9994000196456909
YMR139W,YGR030C,0,-7.9501076,0.09095042943954468,1.0,0.9994999766349792
YDR356W,YML025C,0,-8.035211,0.09094215929508209,1.0,0.9995999932289124
YGL011C,YKR053C,0,-8.114853,0.0909338891506195,1.0,0.9997000098228455
YNL225C,YJR110W,0,-8.179113,0.09092562645673752,1.0,0.9998000264167786
YNL156C,YJL081C,0,-8.337566,0.09091735631227493,1.0,0.9998999834060669
YHR001W,YHR190W,0,-8.425474,0.09090909361839294,1.0,1.0
