Gene A,Gene B,Label,Score,Precision,Recall,False Positive Rate
YMR316W,YHR143W,1,16.045755,1.0,0.0009990009712055326,0.0
YBR066C,YNL119W,1,13.808058,1.0,0.001998001942411065,0.0
YHL007C,YBR066C,1,13.633497,1.0,0.0029970030300319195,0.0
YLR325C,YER039C,0,13.6254635,0.75,0.0029970030300319195,0.00010001000191550702
YNL098C,YNL119W,1,12.974178,0.800000011920929,0.00399600388482213,0.00010001000191550702
YJL191W,YJR019C,0,12.405588,0.6666666865348816,0.00399600388482213,0.00020002000383101404
YJL191W,YLR289W,0,12.209743,0.5714285969734192,0.00399600388482213,0.00030002999119460583
YJR147W,YDL085W,0,11.792168,0.5,0.00399600388482213,0.0004000400076620281
YER020W,YNL119W,1,11.6210785,0.5555555820465088,0.004995005205273628,0.0004000400076620281
YNL271C,YBR083W,1,11.3368,0.6000000238418579,0.005994006060063839,0.0004000400076620281
YLR353W,YBR066C,1,11.282837,0.6363636255264282,0.00699300691485405,0.0004000400076620281
YLR083C,YMR316W,1,10.981535,0.6666666865348816,0.00799200776964426,0.0004000400076620281
YML052W,YKL103C,0,10.795479,0.6153846383094788,0.00799200776964426,0.0005000500241294503
YOR315W,YBR066C,1,10.534975,0.6428571343421936,0.008991008624434471,0.0005000500241294503
YIL131C,YJR147W,1,10.480349,0.6666666865348816,0.009990010410547256,0.0005000500241294503
YNL098C,YMR016C,1,10.395503,0.6875,0.010989011265337467,0.0005000500241294503
YOR348C,YLR276C,0,9.963627,0.6470588445663452,0.010989011265337467,0.0006000599823892117
YKL113C,YKL093W,0,9.9056225,0.6111111044883728,0.010989011265337467,0.0007000699988566339
YHR011W,YOR030W,1,9.666677,0.6315789222717285,0.011988012120127678,0.0007000699988566339
YHR143W,YLR353W,1,9.6404915,0.6499999761581421,0.012987012974917889,0.0007000699988566339
YKL048C,YBR066C,1,9.63727,0.6666666865348816,0.0139860138297081,0.0007000699988566339
YKL096W,YLL034C,0,9.635014,0.6363636255264282,0.0139860138297081,0.0008000800153240561
YER020W,YBR066C,1,9.609087,0.6521739363670349,0.01498501468449831,0.0008000800153240561
YLR083C,YDR043C,1,9.594145,0.6666666865348816,0.01598401553928852,0.0008000800153240561
YJL108C,YGL148W,0,9.576074,0.6399999856948853,0.01598401553928852,0.0009000900317914784
YMR312W,YNL098C,0,9.55493,0.6153846383094788,0.01598401553928852,0.0010001000482589006
YJR147W,YIR039C,0,9.5029335,0.5925925970077515,0.01598401553928852,0.001100110006518662
YER150W,YNL283C,0,9.467883,0.5714285969734192,0.01598401553928852,0.0012001199647784233
YHR143W,YDR043C,1,9.3242855,0.5862069129943848,0.016983017325401306,0.0012001199647784233
YOR315W,YDR379W,1,9.320705,0.6000000238418579,0.017982017248868942,0.0012001199647784233
YNL098C,YHL007C,1,9.054627,0.6129032373428345,0.018981019034981728,0.0012001199647784233
YER149C,YHR143W,1,9.013817,0.625,0.019980020821094513,0.0012001199647784233
YPR151C,YOR168W,0,8.982714,0.6060606241226196,0.019980020821094513,0.0013001300394535065
YLR362W,YMR189W,0,8.910498,0.5882353186607361,0.019980020821094513,0.0014001399977132678
YNL079C,YJR147W,1,8.903531,0.6000000238418579,0.02097902074456215,0.0014001399977132678
YML052W,YNL279W,0,8.898779,0.5833333134651184,0.02097902074456215,0.001500150072388351
YLR362W,YNL119W,1,8.86315,0.5945945978164673,0.021978022530674934,0.001500150072388351
YML060W,YBR183W,0,8.790312,0.5789473652839661,0.021978022530674934,0.0016001600306481123
YLR362W,YDR432W,1,8.549248,0.5897436141967773,0.02297702245414257,0.0016001600306481123
YER020W,YHR143W,1,8.533684,0.6000000238418579,0.023976024240255356,0.0016001600306481123
YDL130W,YMR154C,0,8.387873,0.5853658318519592,0.023976024240255356,0.0017001699889078736
YBR066C,YHR084W,1,8.377982,0.5952380895614624,0.024975024163722992,0.0017001699889078736
YMR303C,YOL123W,0,8.373531,0.5813953280448914,0.024975024163722992,0.0018001800635829568
YNL098C,YJR147W,1,8.356807,0.5909090638160706,0.025974025949835777,0.0018001800635829568
YBR110W,YKL103C,0,8.339048,0.5777778029441833,0.025974025949835777,0.0019001900218427181
YML052W,YKL126W,0,8.311701,0.5652173757553101,0.025974025949835777,0.0020002000965178013
YMR164C,YJR147W,1,8.237588,0.5744680762290955,0.026973027735948563,0.0020002000965178013
YMR238W,YNL119W,1,8.22403,0.5833333134651184,0.0279720276594162,0.0020002000965178013
YDR416W,YJL158C,0,8.198397,0.5714285969734192,0.0279720276594162,0.002100209938362241
YMR316W,YEL050C,0,8.173431,0.5600000023841858,0.0279720276594162,0.002200220013037324
YFR015C,YKL148C,0,8.143696,0.5490196347236633,0.0279720276594162,0.002300230087712407
YHR011W,YJR147W,1,8.10691,0.557692289352417,0.028971029445528984,0.002300230087712407
YGL097W,YNR035C,0,8.033287,0.5471698045730591,0.028971029445528984,0.0024002399295568466
YPL212C,YBR199W,0,8.001534,0.5370370149612427,0.028971029445528984,0.0025002500042319298
YOR230W,YOL021C,0,7.889471,0.5272727012634277,0.028971029445528984,0.002600260078907013
YAL013W,YMR303C,0,7.8661523,0.5178571343421936,0.028971029445528984,0.0027002699207514524
YNL001W,YBR083W,1,7.863172,0.5263158082962036,0.02997002936899662,0.0027002699207514524
YNL098C,YHR084W,1,7.850622,0.5344827771186829,0.030969031155109406,0.0027002699207514524
YHR143W,YPL206C,0,7.8419566,0.5254237055778503,0.030969031155109406,0.0028002799954265356
YMR271C,YBL024W,0,7.834262,0.5166666507720947,0.030969031155109406,0.0029002900701016188
YCR047C,YDR072C,0,7.785774,0.5081967115402222,0.030969031155109406,0.003000300144776702
YOR371C,YBR066C,1,7.750512,0.5161290168762207,0.03196803107857704,0.003000300144776702
YOR122C,YFL001W,0,7.6730976,0.5079365372657776,0.03196803107857704,0.0031003099866211414
YNL298W,YDR432W,1,7.6677265,0.515625,0.032967034727334976,0.0031003099866211414
YDR270W,YDR449C,0,7.6381607,0.5076923370361328,0.032967034727334976,0.0032003200612962246
YLR080W,YKL056C,0,7.6288395,0.5,0.032967034727334976,0.0033003301359713078
YCL040W,YNL099C,0,7.556278,0.49253731966018677,0.032967034727334976,0.0034003399778157473
YEL065W,YBR066C,0,7.5389023,0.4852941036224365,0.032967034727334976,0.0035003500524908304
YDL060W,YMR251W-A,0,7.53654,0.47826087474823,0.032967034727334976,0.0036003601271659136
YHR111W,YJR147W,1,7.5032334,0.48571428656578064,0.03396603465080261,0.0036003601271659136
YDR043C,YCR093W,1,7.499281,0.49295774102211,0.03496503457427025,0.0036003601271659136
YLR348C,YGR264C,0,7.458585,0.4861111044883728,0.03496503457427025,0.003700369969010353
YNL298W,YHR143W,1,7.443939,0.4931506812572479,0.035964034497737885,0.003700369969010353
YNL124W,YEL071W,0,7.4361725,0.4864864945411682,0.035964034497737885,0.0038003800436854362
YMR316W,YHR084W,1,7.429839,0.4933333396911621,0.03696303814649582,0.0038003800436854362
YOR348C,YBL092W,0,7.4162717,0.4868420958518982,0.03696303814649582,0.0039003901183605194
YIL131C,YDL035C,1,7.4162483,0.4935064911842346,0.037962038069963455,0.0039003901183605194
YMR238W,YDL024C,1,7.408001,0.5,0.03896103799343109,0.0039003901183605194
YML123C,YPL217C,0,7.397087,0.49367088079452515,0.03896103799343109,0.004000400193035603
YER150W,YKL148C,0,7.377726,0.48750001192092896,0.03896103799343109,0.004100410267710686
YHR011W,YBR066C,1,7.3717613,0.4938271641731262,0.039960041642189026,0.004100410267710686
YHR143W,YHR084W,1,7.3500643,0.5,0.04095904156565666,0.004100410267710686
YOR230W,YKL009W,0,7.335104,0.4939759075641632,0.04095904156565666,0.004200419876724482
YMR316W,YLR186W,0,7.31991,0.488095223903656,0.04095904156565666,0.004300429951399565
YNL298W,YDR043C,1,7.282651,0.4941176474094391,0.0419580414891243,0.004300429951399565
YCR048W,YJL103C,0,7.281839,0.4883720874786377,0.0419580414891243,0.004400440026074648
YHR143W,YMR016C,1,7.2116213,0.49425286054611206,0.042957041412591934,0.004400440026074648
YJL158C,YIL155C,0,7.2088175,0.4886363744735718,0.042957041412591934,0.004500450100749731
YNL298W,YJR147W,1,7.200591,0.49438202381134033,0.04395604506134987,0.004500450100749731
YDR530C,YDL060W,0,7.1879444,0.4888888895511627,0.04395604506134987,0.004600460175424814
YOR036W,YOR098C,0,7.1702375,0.48351648449897766,0.04395604506134987,0.004700470250099897
YOR315W,YIL049W,1,7.108861,0.489130437374115,0.044955044984817505,0.004700470250099897
YLL029W,YMR189W,0,7.10318,0.4838709533214569,0.044955044984817505,0.004800479859113693
YER149C,YBR066C,1,7.050871,0.4893617033958435,0.04595404490828514,0.004800479859113693
YFR008W,YKL172W,0,7.038879,0.4842105209827423,0.04595404490828514,0.004900489933788776
YJR036C,YHR196W,0,7.014023,0.4791666567325592,0.04595404490828514,0.0050005000084638596
YPR102C,YIL111W,0,7.0047836,0.47422680258750916,0.04595404490828514,0.005100510083138943
YJL087C,YDL021W,0,6.9904723,0.4693877696990967,0.04595404490828514,0.005200520157814026
YNL001W,YHR011W,1,6.980875,0.4747474789619446,0.046953048557043076,0.005200520157814026
YJL129C,YMR305C,0,6.962327,0.4699999988079071,0.046953048557043076,0.005300530232489109
YER177W,YNL119W,1,6.930058,0.4752475321292877,0.04795204848051071,0.005300530232489109
YLR083C,YER020W,1,6.8929358,0.4803921580314636,0.04895104840397835,0.005300530232489109
YDL024C,YLR264W,0,6.889125,0.4757281541824341,0.04895104840397835,0.005400539841502905
YAL003W,YOR374W,0,6.8585544,0.4711538553237915,0.04895104840397835,0.005500549916177988
YLR362W,YBR083W,1,6.84976,0.4761904776096344,0.049950048327445984,0.005500549916177988
YEL041W,YKL004W,0,6.8043513,0.4716981053352356,0.049950048327445984,0.005600559990853071
YHR094C,YDL082W,0,6.7888823,0.4672897160053253,0.049950048327445984,0.005700570065528154
YNL301C,YOL141W,0,6.7797813,0.46296295523643494,0.049950048327445984,0.0058005801402032375
YER020W,YMR016C,1,6.770445,0.4678899049758911,0.05094905197620392,0.0058005801402032375
YJL159W,YLR383W,0,6.7699885,0.4636363685131073,0.05094905197620392,0.005900590214878321
YNL202W,YPL255W,0,6.7622385,0.45945945382118225,0.05094905197620392,0.006000600289553404
YJL101C,YGR027C,0,6.7615576,0.4553571343421936,0.05094905197620392,0.0061006098985672
YDR251W,YDR043C,1,6.761425,0.4601770043373108,0.051948051899671555,0.0061006098985672
YPR026W,YLL034C,0,6.7315016,0.45614033937454224,0.051948051899671555,0.006200619973242283
YNL138W,YLR362W,1,6.724956,0.46086955070495605,0.05294705182313919,0.006200619973242283
YPL030W,YDR158W,0,6.7127633,0.4568965435028076,0.05294705182313919,0.006300630047917366
YML123C,YHL040C,0,6.706852,0.45299145579338074,0.05294705182313919,0.006400640122592449
YNL292W,YKL096W,0,6.7032447,0.44915252923965454,0.05294705182313919,0.006500650197267532
YDR107C,YER020W,1,6.6949987,0.45378151535987854,0.053946055471897125,0.006500650197267532
YIL117C,YOL030W,0,6.685953,0.44999998807907104,0.053946055471897125,0.0066006602719426155
YER118C,YHR143W,1,6.6692514,0.4545454680919647,0.05494505539536476,0.0066006602719426155
YGL190C,YJR147W,1,6.669148,0.4590163826942444,0.0559440553188324,0.0066006602719426155
YMR260C,YNL279W,0,6.6632695,0.45528456568717957,0.0559440553188324,0.006700669880956411
YNR075W,YML022W,0,6.6508427,0.4516128897666931,0.0559440553188324,0.0068006799556314945
YNL271C,YBR066C,1,6.6355567,0.4560000002384186,0.056943055242300034,0.0068006799556314945
YMR052W,YGL077C,0,6.6141586,0.4523809552192688,0.056943055242300034,0.006900690030306578
YML099C,YAR031W,0,6.6108437,0.4488188922405243,0.056943055242300034,0.007000700104981661
YLR083C,YDL024C,1,6.6097593,0.453125,0.05794205889105797,0.007000700104981661
YNL280C,YBL054W,0,6.6061854,0.44961240887641907,0.05794205889105797,0.007100710179656744
YNL016W,YIL160C,0,6.590422,0.446153849363327,0.05794205889105797,0.007200720254331827
YDR107C,YJR147W,1,6.573344,0.45038166642189026,0.058941058814525604,0.007200720254331827
YGL059W,YNL209W,0,6.5717196,0.4469696879386902,0.058941058814525604,0.007300729863345623
YGR189C,YJL100W,0,6.5431943,0.4436090290546417,0.058941058814525604,0.007400739938020706
YHL007C,YDL024C,1,6.528365,0.447761207818985,0.05994005873799324,0.007400739938020706
YOR315W,YDR107C,1,6.5263023,0.45185184478759766,0.060939062386751175,0.007400739938020706
YNL175C,YNR002C,0,6.486538,0.4485294222831726,0.060939062386751175,0.007500750012695789
YEL070W,YOL097C,0,6.4859257,0.44525548815727234,0.060939062386751175,0.0076007600873708725
YAL041W,YDL110C,0,6.4459457,0.4420289993286133,0.060939062386751175,0.007700770162045956
YEL070W,YHL001W,0,6.4440064,0.43884891271591187,0.060939062386751175,0.007800780236721039
YHR011W,YKL185W,1,6.4313197,0.44285714626312256,0.06193806231021881,0.007800780236721039
YOR382W,YIL101C,0,6.423007,0.43971630930900574,0.06193806231021881,0.007900790311396122
YDR432W,YIL049W,1,6.4120665,0.44366195797920227,0.06293706595897675,0.007900790311396122
YLR304C,YBL061C,0,6.400721,0.440559446811676,0.06293706595897675,0.008000800386071205
YPL086C,YPR198W,0,6.380755,0.4375,0.06293706595897675,0.008100810460746288
YJL125C,YLR350W,0,6.377054,0.43448275327682495,0.06293706595897675,0.008200820535421371
YFR001W,YJR040W,0,6.368914,0.43150684237480164,0.06293706595897675,0.00830082967877388
YIR010W,YGL089C,0,6.3466034,0.4285714328289032,0.06293706595897675,0.008400839753448963
YHR174W,YNL008C,0,6.326579,0.4256756901741028,0.06293706595897675,0.008500849828124046
YEL034W,YPR159W,0,6.321205,0.42281877994537354,0.06293706595897675,0.00860085990279913
YBL022C,YLR327C,0,6.317541,0.41999998688697815,0.06293706595897675,0.008700869977474213
YOR315W,YLR362W,1,6.306935,0.42384105920791626,0.06393606215715408,0.008700869977474213
YOR315W,YNL079C,1,6.292673,0.42763158679008484,0.06493506580591202,0.008700869977474213
YBR018C,YGR186W,0,6.2811837,0.4248366057872772,0.06493506580591202,0.008800880052149296
YDR392W,YBR083W,1,6.2787757,0.4285714328289032,0.06593406945466995,0.008800880052149296
YPR159W,YPL273W,0,6.2787423,0.42580646276474,0.06593406945466995,0.008900890126824379
YDR330W,YHL033C,0,6.277364,0.42307692766189575,0.06593406945466995,0.009000900201499462
YNL197C,YDR043C,1,6.275178,0.42675158381462097,0.06693306565284729,0.009000900201499462
YGL123W,YGR092W,0,6.2541213,0.42405062913894653,0.06693306565284729,0.009100910276174545
YPR137W,YMR038C,0,6.251917,0.42138364911079407,0.06693306565284729,0.009200920350849628
YHL036W,YDR324C,0,6.2511497,0.41874998807907104,0.06693306565284729,0.009300930425524712
YNL298W,YNL197C,1,6.234695,0.42236024141311646,0.06793206930160522,0.009300930425524712
YDR144C,YPR001W,0,6.234519,0.4197530746459961,0.06793206930160522,0.009400940500199795
YJR147W,YNL271C,1,6.2325726,0.42331287264823914,0.06893106549978256,0.009400940500199795
YJR147W,YLR353W,1,6.209376,0.4268292784690857,0.0699300691485405,0.009400940500199795
YHR171W,YDR184C,0,6.2089243,0.42424243688583374,0.0699300691485405,0.009500949643552303
YOR181W,YLR359W,0,6.20022,0.42168673872947693,0.0699300691485405,0.009600959718227386
YBL075C,YKL091C,0,6.1913667,0.41916167736053467,0.0699300691485405,0.00970096979290247
YDL024C,YBR083W,1,6.1759324,0.4226190447807312,0.07092907279729843,0.00970096979290247
YMR316W,YER113C,1,6.1594315,0.42603549361228943,0.07192806899547577,0.00970096979290247
YER118C,YLR362W,1,6.1527605,0.42941176891326904,0.0729270726442337,0.00970096979290247
YMR214W,YPR151C,0,6.1491313,0.42690059542655945,0.0729270726442337,0.009800979867577553
YBL052C,YAL061W,0,6.145444,0.4244185984134674,0.0729270726442337,0.009900989942252636
YDR379W,YBR083W,1,6.1436253,0.42774567008018494,0.07392607629299164,0.009900989942252636
YHR094C,YDL215C,0,6.1221104,0.4252873659133911,0.07392607629299164,0.010001000016927719
YDR322W,YOR096W,0,6.11854,0.4228571355342865,0.07392607629299164,0.010101010091602802
YNL151C,YBR296C,0,6.1050587,0.4204545319080353,0.07392607629299164,0.010201020166277885
YOR224C,YOR028C,0,6.104589,0.41807910799980164,0.07392607629299164,0.010301030240952969
YNL281W,YLR251W,0,6.097161,0.4157303273677826,0.07392607629299164,0.010401040315628052
YER109C,YHR143W,1,6.076639,0.4189944267272949,0.07492507249116898,0.010401040315628052
YPL154C,YOR293W,0,6.057679,0.4166666567325592,0.07492507249116898,0.010501050390303135
YHR011W,YDR099W,1,6.056264,0.41988950967788696,0.07592407613992691,0.010501050390303135
YMR164C,YBR083W,1,6.0519,0.42307692766189575,0.07692307978868484,0.010501050390303135
YPL212C,YGR112W,0,6.05163,0.4207650125026703,0.07692307978868484,0.010601060464978218
YKL185W,YNL119W,1,6.0381413,0.42391303181648254,0.07792207598686218,0.010601060464978218
YDR107C,YOR371C,1,6.0358963,0.42702701687812805,0.07892107963562012,0.010601060464978218
YLR083C,YDL035C,1,6.014723,0.4301075339317322,0.07992008328437805,0.010601060464978218
YMR189W,YDR293C,0,6.0127316,0.427807480096817,0.07992008328437805,0.010701070539653301
YHR052W,YBR298C,0,6.007135,0.42553192377090454,0.07992008328437805,0.01080107968300581
YHR209W,YJL157C,0,6.004426,0.42328041791915894,0.07992008328437805,0.010901089757680893
YNL138W,YIL131C,1,5.9985447,0.4263157844543457,0.08091907948255539,0.010901089757680893
YML054C,YGR255C,0,5.963378,0.42408376932144165,0.08091907948255539,0.011001099832355976
YHR132C,YML056C,0,5.937628,0.421875,0.08091907948255539,0.01110110990703106
YFR009W,YBR223C,0,5.9352627,0.4196891188621521,0.08091907948255539,0.011201119981706142
YNL001W,YMR238W,1,5.9340715,0.42268040776252747,0.08191808313131332,0.011201119981706142
YDR322W,YAL062W,0,5.929002,0.4205128252506256,0.08191808313131332,0.011301130056381226
YER118C,YAL056W,1,5.915613,0.4234693944454193,0.08291707932949066,0.011301130056381226
YIL049W,YBR083W,1,5.8961554,0.4263959527015686,0.0839160829782486,0.011301130056381226
YJL151C,YER165W,0,5.88219,0.42424243688583374,0.0839160829782486,0.011401140131056309
YMR104C,YIL121W,0,5.8805933,0.42211055755615234,0.0839160829782486,0.011501150205731392
YLR083C,YDR379W,1,5.879928,0.42500001192092896,0.08491508662700653,0.011501150205731392
YMR011W,YER131W,0,5.8745775,0.42288556694984436,0.08491508662700653,0.011601160280406475
YNL079C,YNL142W,1,5.8475256,0.42574256658554077,0.08591408282518387,0.011601160280406475
YBR050C,YDR144C,0,5.8471894,0.4236453175544739,0.08591408282518387,0.011701170355081558
YMR250W,YDL201W,0,5.84639,0.4215686321258545,0.08591408282518387,0.011801180429756641
YNL027W,YMR189W,0,5.8381805,0.41951218247413635,0.08591408282518387,0.011901190504431725
YKL021C,YER011W,0,5.833612,0.41747573018074036,0.08591408282518387,0.012001200579106808
YMR238W,YDR432W,1,5.833132,0.4202898442745209,0.0869130864739418,0.012001200579106808
YGL043W,YLR251W,0,5.8312244,0.41826921701431274,0.0869130864739418,0.012101209722459316
YGL190C,YDR043C,1,5.824548,0.42105263471603394,0.08791209012269974,0.012101209722459316
YPL160W,YOR083W,0,5.796032,0.41904762387275696,0.08791209012269974,0.0122012197971344
YER036C,YDR069C,0,5.7907624,0.41706159710884094,0.08791209012269974,0.012301229871809483
YBL052C,YMR170C,0,5.780987,0.4150943458080292,0.08791209012269974,0.012401239946484566
YHR176W,YGR185C,0,5.78045,0.4131455421447754,0.08791209012269974,0.012501250021159649
YDR477W,YOR315W,1,5.779278,0.41588786244392395,0.08891108632087708,0.012501250021159649
YER118C,YDR043C,1,5.76804,0.41860464215278625,0.08991008996963501,0.012501250021159649
YHR111W,YHR143W,1,5.7619734,0.42129629850387573,0.09090909361839294,0.012501250021159649
YGL055W,YBR104W,0,5.7177014,0.4193548262119293,0.09090909361839294,0.012601260095834732
YLR009W,YDR059C,0,5.7073784,0.41743120551109314,0.09090909361839294,0.012701270170509815
YOR324C,YNL175C,0,5.7052674,0.4155251085758209,0.09090909361839294,0.012801280245184898
YAL060W,YDL082W,0,5.699129,0.41363635659217834,0.09090909361839294,0.012901290319859982
YNL163C,YJL079C,0,5.675198,0.4117647111415863,0.09090909361839294,0.013001300394535065
YBL076C,YDL079C,0,5.6612644,0.4099099040031433,0.09090909361839294,0.013101310469210148
YLR325C,YLR015W,0,5.656557,0.40807175636291504,0.09090909361839294,0.013201320543885231
YOR311C,YKL163W,0,5.6411858,0.40625,0.09090909361839294,0.01330132968723774
YLR020C,YBL075C,0,5.626316,0.40444445610046387,0.09090909361839294,0.013401339761912823
YMR104C,YOL006C,0,5.6243105,0.40265485644340515,0.09090909361839294,0.013501349836587906
YML054C,YHR041C,0,5.608677,0.4008810520172119,0.09090909361839294,0.013601359911262989
YNL119W,YGL059W,0,5.5988674,0.39912280440330505,0.09090909361839294,0.013701369985938072
YMR250W,YKR071C,0,5.5972724,0.39737990498542786,0.09090909361839294,0.013801380060613155
YBR067C,YML060W,0,5.5905495,0.395652174949646,0.09090909361839294,0.013901390135288239
YNL169C,YLR129W,0,5.589612,0.39393940567970276,0.09090909361839294,0.014001400209963322
YCL004W,YKL103C,0,5.5706577,0.39224138855934143,0.09090909361839294,0.014101410284638405
YOL086C,YGR186W,0,5.561043,0.3905579447746277,0.09090909361839294,0.014201420359313488
YER113C,YDR379W,1,5.560014,0.39316239953041077,0.09190808981657028,0.014201420359313488
YJL073W,YBR183W,0,5.5516853,0.3914893567562103,0.09190808981657028,0.014301430433988571
YBL101C,YLR264W,0,5.551533,0.38983049988746643,0.09190808981657028,0.014401440508663654
YNL001W,YNL098C,1,5.5295544,0.39240506291389465,0.09290709346532822,0.014401440508663654
YDR107C,YMR070W,0,5.526413,0.3907563090324402,0.09290709346532822,0.014501450583338737
YDR258C,YPL106C,0,5.5193195,0.3891213536262512,0.09290709346532822,0.014601459726691246
YJL219W,YPL273W,0,5.5158687,0.38749998807907104,0.09290709346532822,0.01470146980136633
YPL091W,YNL078W,0,5.515607,0.3858921229839325,0.09290709346532822,0.014801479876041412
YKR067W,YOR327C,0,5.5093565,0.38429751992225647,0.09290709346532822,0.014901489950716496
YMR240C,YJR016C,0,5.5006843,0.3827160596847534,0.09290709346532822,0.015001500025391579
YLR325C,YIL136W,0,5.493528,0.3811475336551666,0.09290709346532822,0.015101510100066662
YOR071C,YAL034W-A,0,5.4741526,0.37959182262420654,0.09290709346532822,0.015201520174741745
YMR164C,YMR016C,1,5.4735994,0.38211381435394287,0.09390609711408615,0.015201520174741745
YNL001W,YLR353W,1,5.4348087,0.38461539149284363,0.09490509331226349,0.015201520174741745
YKL035W,YHR052W,0,5.4317703,0.38306450843811035,0.09490509331226349,0.015301530249416828
YBR122C,YHR052W,0,5.42255,0.3815261125564575,0.09490509331226349,0.015401540324091911
YMR164C,YBR093C,0,5.4208803,0.3799999952316284,0.09490509331226349,0.015501550398766994
YNR057C,YMR272C,0,5.4180646,0.3784860670566559,0.09490509331226349,0.015601560473442078
YDR251W,YER118C,1,5.4149284,0.380952388048172,0.09590409696102142,0.015601560473442078
YHR011W,YBR083W,1,5.412222,0.38339921832084656,0.09690310060977936,0.015601560473442078
YMR238W,YHL007C,1,5.393339,0.3858267664909363,0.0979020968079567,0.015601560473442078
YML093W,YGL233W,0,5.391321,0.3843137323856354,0.0979020968079567,0.015701569616794586
YDR477W,YER118C,1,5.3832183,0.38671875,0.09890110045671463,0.015701569616794586
YAR018C,YLL040C,0,5.3809595,0.3852140009403229,0.09890110045671463,0.015801580622792244
YLR406C,YPR082C,0,5.3714128,0.38372093439102173,0.09890110045671463,0.015901589766144753
YBR035C,YLR172C,0,5.3643565,0.38223937153816223,0.09890110045671463,0.01600160077214241
YKL140W,YJL122W,0,5.363853,0.3807692229747772,0.09890110045671463,0.01610160991549492
YNL185C,YEL011W,0,5.3600707,0.37931033968925476,0.09890110045671463,0.016201620921492577
YPL190C,YBR072W,0,5.3588247,0.3778626024723053,0.09890110045671463,0.016301630064845085
YER109C,YER177W,1,5.358397,0.3802281320095062,0.09990009665489197,0.016301630064845085
YDR518W,YNL102W,0,5.355642,0.3787878751754761,0.09990009665489197,0.016401641070842743
YIR032C,YNL298W,0,5.3294516,0.37735849618911743,0.09990009665489197,0.01650165021419525
YNL142W,YER113C,1,5.321371,0.3796992599964142,0.1008991003036499,0.01650165021419525
YMR189W,YDR534C,0,5.318757,0.37827715277671814,0.1008991003036499,0.01660165935754776
YIL155C,YJL109C,0,5.312054,0.3768656849861145,0.1008991003036499,0.016701670363545418
YLR142W,YLR424W,0,5.307748,0.37546467781066895,0.1008991003036499,0.016801679506897926
YHR156C,YIL125W,0,5.29561,0.3740740716457367,0.1008991003036499,0.016901690512895584
YDR030C,YGL184C,0,5.292655,0.3726937174797058,0.1008991003036499,0.017001699656248093
YDL185W,YAL047C,0,5.285034,0.37132352590560913,0.1008991003036499,0.01710171066224575
YML132W,YPL131W,0,5.2836885,0.3699633777141571,0.1008991003036499,0.01720171980559826
YEL060C,YOR145C,0,5.2820454,0.3686131238937378,0.1008991003036499,0.017301730811595917
YJR147W,YOR030W,1,5.27118,0.37090909481048584,0.10189810395240784,0.017301730811595917
YDR392W,YDR432W,1,5.266315,0.37318840622901917,0.10289710015058517,0.017301730811595917
YNL138W,YJR147W,1,5.262725,0.3754512667655945,0.10389610379934311,0.017301730811595917
YLR083C,YMR238W,1,5.2531424,0.3776978552341461,0.10489510744810104,0.017301730811595917
YML123C,YDL084W,0,5.247876,0.37634408473968506,0.10489510744810104,0.017401739954948425
YLR394W,YGR008C,0,5.235092,0.375,0.10489510744810104,0.017501750960946083
YFL017W-A,YNL037C,0,5.2281346,0.3736654818058014,0.10489510744810104,0.01760176010429859
YGL256W,YDR172W,0,5.2266593,0.3723404109477997,0.10489510744810104,0.0177017692476511
YDL022W,YKL179C,0,5.2237306,0.3710247278213501,0.10489510744810104,0.017801780253648758
YEL009C,YEL011W,0,5.215886,0.3697183132171631,0.10489510744810104,0.017901789397001266
YDR477W,YLR083C,1,5.214739,0.3719298243522644,0.10589410364627838,0.017901789397001266
YMR316W,YLR353W,1,5.2069693,0.3741258680820465,0.10689310729503632,0.017901789397001266
YER073W,YDR420W,0,5.199551,0.3728223145008087,0.10689310729503632,0.018001800402998924
YDR099W,YHR143W,1,5.184188,0.375,0.10789211094379425,0.018001800402998924
YKR094C,YOR368W,0,5.1832604,0.37370243668556213,0.10789211094379425,0.018101809546351433
YJR147W,YLR229C,1,5.1782565,0.3758620619773865,0.10889110714197159,0.018101809546351433
YNL142W,YBR083W,1,5.156528,0.37800687551498413,0.10989011079072952,0.018101809546351433
YHR011W,YMR164C,1,5.1356916,0.38013699650764465,0.11088911443948746,0.018101809546351433
YNL151C,YDL055C,0,5.132847,0.3788395822048187,0.11088911443948746,0.01820182055234909
YBL076C,YKL157W,0,5.1318617,0.37755101919174194,0.11088911443948746,0.0183018296957016
YKL124W,YFR044C,0,5.131859,0.37627118825912476,0.11088911443948746,0.018401840701699257
YER175C,YLL035W,0,5.1268387,0.375,0.11088911443948746,0.018501849845051765
YEL042W,YMR092C,0,5.121399,0.3737373650074005,0.11088911443948746,0.018601860851049423
YAL041W,YBR066C,1,5.1141315,0.3758389353752136,0.1118881106376648,0.018601860851049423
YER058W,YBL078C,0,5.09161,0.3745819330215454,0.1118881106376648,0.018701869994401932
YJR143C,YCR009C,0,5.0908184,0.3733333349227905,0.1118881106376648,0.01880188100039959
YLR336C,YDL055C,0,5.086622,0.3720930218696594,0.1118881106376648,0.018901890143752098
YLR002C,YLR110C,0,5.080901,0.3708609342575073,0.1118881106376648,0.019001899287104607
YLR441C,YDR285W,0,5.0721636,0.3696369528770447,0.1118881106376648,0.019101910293102264
YOR014W,YIR039C,0,5.07185,0.3684210479259491,0.1118881106376648,0.019201919436454773
YHR011W,YHR084W,1,5.06711,0.37049180269241333,0.11288711428642273,0.019201919436454773
YBL052C,YAR027W,0,5.061029,0.3692810535430908,0.11288711428642273,0.01930193044245243
YKL157W,YBR158W,0,5.0550356,0.36807817220687866,0.11288711428642273,0.01940193958580494
YLR286C,YGL205W,0,5.050474,0.36688312888145447,0.11288711428642273,0.019501950591802597
YBR177C,YNR051C,0,5.0455704,0.3656958043575287,0.11288711428642273,0.019601959735155106
YHL007C,YER113C,1,5.0353127,0.3677419424057007,0.11388611048460007,0.019601959735155106
YNL001W,YER020W,1,5.035213,0.3697749078273773,0.114885114133358,0.019601959735155106
YOR293W,YER068W,0,5.030958,0.36858972907066345,0.114885114133358,0.019701970741152763
YMR006C,YKL059C,0,5.0309324,0.36741214990615845,0.114885114133358,0.019801979884505272
YDL210W,YDR461W,0,5.0255814,0.36624205112457275,0.114885114133358,0.01990199089050293
YCL040W,YDL197C,0,5.0252247,0.3650793731212616,0.114885114133358,0.020002000033855438
YJR147W,YDR379W,1,5.0203238,0.3670886158943176,0.11588411778211594,0.020002000033855438
YOR128C,YJL108C,0,5.0064483,0.36593058705329895,0.11588411778211594,0.020102011039853096
YCR003W,YCL043C,0,5.0053926,0.36477985978126526,0.11588411778211594,0.020202020183205605
YKR024C,YCR069W,0,5.001441,0.3636363744735718,0.11588411778211594,0.020302029326558113
YBR066C,YKL043W,1,4.987671,0.3656249940395355,0.11688311398029327,0.020302029326558113
YHR172W,YKL065C,0,4.986547,0.3644859790802002,0.11688311398029327,0.02040204033255577
YMR116C,YBR203W,0,4.9859643,0.36335402727127075,0.11688311398029327,0.02050204947590828
YPR102C,YKR044W,0,4.9773316,0.3622291088104248,0.11688311398029327,0.020602060481905937
YBL090W,YBL078C,0,4.9683466,0.3611111044883728,0.11688311398029327,0.020702069625258446
YMR293C,YIR038C,0,4.9655027,0.36000001430511475,0.11688311398029327,0.020802080631256104
YBL016W,YDL130W-A,0,4.9642334,0.3588957190513611,0.11688311398029327,0.020902089774608612
YIL042C,YDR324C,0,4.961772,0.35779815912246704,0.11688311398029327,0.02100210078060627
YHR011W,YMR016C,1,4.960699,0.35975611209869385,0.11788211762905121,0.02100210078060627
YDR536W,YDR382W,0,4.9595466,0.35866260528564453,0.11788211762905121,0.02110210992395878
YNL197C,YMR238W,1,4.9506493,0.3606060743331909,0.11888112127780914,0.02110210992395878
YNL271C,YDL024C,1,4.933096,0.36253777146339417,0.11988011747598648,0.02110210992395878
YER020W,YAL041W,1,4.9318542,0.3644578456878662,0.12087912112474442,0.02110210992395878
YPR065W,YKR026C,0,4.9303975,0.3633633553981781,0.12087912112474442,0.021202120929956436
YJR113C,YOR298W,0,4.9300537,0.36227545142173767,0.12087912112474442,0.021302130073308945
YDR107C,YNL119W,1,4.925151,0.3641791045665741,0.12187812477350235,0.021302130073308945
YBL037W,YGL120C,0,4.924678,0.363095223903656,0.12187812477350235,0.021402141079306602
YDL078C,YOR167C,0,4.919328,0.36201781034469604,0.12187812477350235,0.02150215022265911
YBR291C,YMR121C,0,4.9171844,0.36094674468040466,0.12187812477350235,0.02160215936601162
YGR124W,YOL155C,0,4.9110403,0.3598819971084595,0.12187812477350235,0.021702170372009277
YJR145C,YPR164W,0,4.9099073,0.3588235378265381,0.12187812477350235,0.021802179515361786
YDL194W,YLL008W,0,4.9069476,0.35777124762535095,0.12187812477350235,0.021902190521359444
YER124C,YKL125W,0,4.894577,0.35672515630722046,0.12187812477350235,0.022002199664711952
YKL178C,YGL256W,0,4.890517,0.35568514466285706,0.12187812477350235,0.02210221067070961
YNL182C,YNL327W,0,4.888921,0.35465115308761597,0.12187812477350235,0.02220221981406212
YGL172W,YLR327C,0,4.881572,0.3536231815814972,0.12187812477350235,0.022302230820059776
YDR392W,YDR107C,1,4.8719444,0.3554913401603699,0.12287712097167969,0.022302230820059776
YOR312C,YJR155W,0,4.871826,0.35446685552597046,0.12287712097167969,0.022402239963412285
YNL068C,YBR066C,1,4.864073,0.3563218414783478,0.12387612462043762,0.022402239963412285
YDR099W,YOR371C,1,4.8627806,0.3581661880016327,0.12487512826919556,0.022402239963412285
YNL079C,YHR143W,1,4.862076,0.36000001430511475,0.1258741319179535,0.022402239963412285
YNL001W,YNL271C,1,4.8604603,0.36182335019111633,0.12687312066555023,0.022402239963412285
YKL001C,YGL122C,0,4.8554096,0.3607954680919647,0.12687312066555023,0.022502250969409943
YDR074W,YLR405W,0,4.851536,0.3597733676433563,0.12687312066555023,0.02260226011276245
YNL160W,YHR153C,0,4.849802,0.35875704884529114,0.12687312066555023,0.02270227111876011
YMR186W,YDL141W,0,4.8401604,0.3577464818954468,0.12687312066555023,0.022802280262112617
YJR047C,YJR091C,0,4.8331738,0.3567415773868561,0.12687312066555023,0.022902289405465126
YER161C,YBR244W,0,4.8279634,0.35574230551719666,0.12687312066555023,0.023002300411462784
YIL117C,YJL164C,0,4.822279,0.35474860668182373,0.12687312066555023,0.023102309554815292
YOR315W,YDR251W,1,4.817636,0.35654595494270325,0.12787212431430817,0.023102309554815292
YIL040W,YIL111W,0,4.815929,0.35555556416511536,0.12787212431430817,0.02320232056081295
YML074C,YGL250W,0,4.8090467,0.3545706272125244,0.12787212431430817,0.02330232970416546
YGR268C,YER165W,0,4.8032484,0.3535911738872528,0.12787212431430817,0.023402340710163116
YML010W,YJR152W,0,4.7998147,0.352617084980011,0.12787212431430817,0.023502349853515625
YOL005C,YNL067W,0,4.7925158,0.35164836049079895,0.12787212431430817,0.023602360859513283
YDR392W,YBR066C,1,4.78271,0.35342466831207275,0.1288711279630661,0.023602360859513283
YAL056W,YIR019C,1,4.7818794,0.35519126057624817,0.12987013161182404,0.023602360859513283
YFR044C,YNR002C,0,4.775296,0.35422343015670776,0.12987013161182404,0.02370237000286579
YPR159W,YNR011C,0,4.7737665,0.35326087474823,0.12987013161182404,0.02380238100886345
YJR002W,YNL126W,0,4.773717,0.35230353474617004,0.12987013161182404,0.023902390152215958
YOR206W,YLR362W,0,4.767612,0.3513513505458832,0.12987013161182404,0.024002401158213615
YOR315W,YER113C,1,4.7663617,0.3530997335910797,0.13086913526058197,0.024002401158213615
YHR026W,YDL215C,0,4.763135,0.3521505296230316,0.13086913526058197,0.024102410301566124
YHR052W,YIR039C,0,4.7613564,0.3512064218521118,0.13086913526058197,0.024202419444918633
YNL292W,YBR286W,0,4.758491,0.3502673804759979,0.13086913526058197,0.02430243045091629
YDR432W,YHR073W,1,4.7521925,0.35199999809265137,0.1318681389093399,0.02430243045091629
YDR146C,YDL079C,0,4.752119,0.3510638177394867,0.1318681389093399,0.0244024395942688
YDL045C,YDL083C,0,4.7512913,0.35013261437416077,0.1318681389093399,0.024502450600266457
YLR209C,YER131W,0,4.742597,0.3492063581943512,0.1318681389093399,0.024602459743618965
YKL185W,YDL024C,1,4.7424536,0.35092347860336304,0.13286712765693665,0.024602459743618965
YGL125W,YFL014W,0,4.735781,0.3499999940395355,0.13286712765693665,0.024702470749616623
YDL075W,YDR043C,0,4.728914,0.3490813672542572,0.13286712765693665,0.02480247989296913
YKL085W,YKL090W,0,4.727924,0.3481675386428833,0.13286712765693665,0.02490249089896679
YNL001W,YJR147W,1,4.7173624,0.3498694598674774,0.13386613130569458,0.02490249089896679
YBR040W,YMR193W,0,4.7172265,0.3489583432674408,0.13386613130569458,0.025002500042319298
YDR369C,YCR053W,0,4.7159357,0.34805193543434143,0.13386613130569458,0.025102511048316956
YHR107C,YIL111W,0,4.7103205,0.3471502661705017,0.13386613130569458,0.025202520191669464
YGL253W,YOL125W,0,4.706677,0.3462532162666321,0.13386613130569458,0.025302529335021973
YLL055W,YPR103W,0,4.70592,0.34536081552505493,0.13386613130569458,0.02540254034101963
YHL040C,YOR175C,0,4.7020326,0.3444730043411255,0.13386613130569458,0.02550254948437214
YDR302W,YER162C,0,4.697806,0.34358975291252136,0.13386613130569458,0.025602560490369797
YDR051C,YLL010C,0,4.6936083,0.3427110016345978,0.13386613130569458,0.025702569633722305
YGL190C,YNL119W,1,4.6935616,0.3443877696990967,0.13486513495445251,0.025702569633722305
YML123C,YMR218C,0,4.689806,0.3435114622116089,0.13486513495445251,0.025802580639719963
YOR127W,YJR147W,1,4.6844707,0.34517765045166016,0.13586413860321045,0.025802580639719963
YHR143W,YIL049W,1,4.669575,0.3468354344367981,0.13686314225196838,0.025802580639719963
YMR266W,YDR001C,0,4.6689796,0.3459596037864685,0.13686314225196838,0.02590258978307247
YGR128C,YDR320C,0,4.66323,0.3450881540775299,0.13686314225196838,0.02600260078907013
YGR143W,YMR127C,0,4.663227,0.3442211151123047,0.13686314225196838,0.026102609932422638
YHL007C,YIR019C,1,4.657914,0.3458646535873413,0.13786213099956512,0.026102609932422638
YCR038C,YIL131C,1,4.657548,0.3474999964237213,0.13886113464832306,0.026102609932422638
YHR011W,YDL024C,1,4.6568727,0.3491271734237671,0.139860138297081,0.026102609932422638
YNL192W,YNL248C,0,4.650918,0.34825870394706726,0.139860138297081,0.026202620938420296
YDR072C,YBL027W,0,4.6467175,0.34739455580711365,0.139860138297081,0.026302630081772804
YEL022W,YJL170C,0,4.6421585,0.3465346395969391,0.139860138297081,0.026402641087770462
YNL007C,YNL225C,0,4.6414332,0.34567901492118835,0.139860138297081,0.02650265023112297
YIL131C,YGL190C,1,4.641239,0.34729063510894775,0.14085914194583893,0.02650265023112297
YFR055W,YPL095C,0,4.6361465,0.34643733501434326,0.14085914194583893,0.02660265937447548
YKL048C,YJR147W,1,4.6290445,0.3480392098426819,0.14185814559459686,0.02660265937447548
YIL094C,YLR327C,0,4.626993,0.347188264131546,0.14185814559459686,0.026702670380473137
YAL032C,YMR202W,0,4.626326,0.34634146094322205,0.14185814559459686,0.026802679523825645
YMR316W,YNL142W,1,4.621087,0.3479318618774414,0.1428571492433548,0.026802679523825645
YJL006C,YBL002W,0,4.6203465,0.34708738327026367,0.1428571492433548,0.026902690529823303
YMR319C,YGR214W,0,4.6181626,0.34624698758125305,0.1428571492433548,0.027002699673175812
YPR080W,YDR402C,0,4.616119,0.34541061520576477,0.1428571492433548,0.02710271067917347
YIL015W,YDL066W,0,4.615473,0.3445783257484436,0.1428571492433548,0.027202719822525978
YMR300C,YIL101C,0,4.6047792,0.34375,0.1428571492433548,0.027302730828523636
YGR155W,YLR174W,0,4.6042595,0.34292566776275635,0.1428571492433548,0.027402739971876144
YDL130W,YKR054C,0,4.6025133,0.34210526943206787,0.1428571492433548,0.027502750977873802
YDR214W,YER074W,0,4.6017857,0.3412887752056122,0.1428571492433548,0.02760276012122631
YBL066C,YAL038W,0,4.5965614,0.3404761850833893,0.1428571492433548,0.02770277112722397
YDR059C,YLR340W,0,4.5949726,0.3396674692630768,0.1428571492433548,0.027802780270576477
YER006W,YJR092W,0,4.5884333,0.3388625681400299,0.1428571492433548,0.027902789413928986
YAL013W,YIL135C,0,4.5775127,0.33806145191192627,0.1428571492433548,0.028002800419926643
YPR065W,YLR440C,0,4.575964,0.33726415038108826,0.1428571492433548,0.028102809563279152
YLR291C,YDL077C,0,4.5688195,0.3364705741405487,0.1428571492433548,0.02820282056927681
YER002W,YOR188W,0,4.564419,0.33568075299263,0.1428571492433548,0.028302829712629318
YIL131C,YLR083C,1,4.5605116,0.33723652362823486,0.14385613799095154,0.028302829712629318
YDR363W,YOR122C,0,4.560377,0.336448609828949,0.14385613799095154,0.028402840718626976
YPR102C,YDR218C,0,4.558973,0.3356643319129944,0.14385613799095154,0.028502849861979485
YGR124W,YBR258C,0,4.5523148,0.3348837196826935,0.14385613799095154,0.028602860867977142
YOR348C,YJL153C,0,4.5457973,0.3341067433357239,0.14385613799095154,0.02870287001132965
YOL097C,YDR218C,0,4.545231,0.3333333432674408,0.14385613799095154,0.02880288101732731
YDR392W,YIL131C,1,4.542303,0.3348729908466339,0.14485514163970947,0.02880288101732731
YPL256C,YBR072W,0,4.538658,0.3341013789176941,0.14485514163970947,0.028902890160679817
YHR143W,YKL149C,1,4.5335655,0.33563217520713806,0.1458541452884674,0.028902890160679817
YER118C,YNL197C,1,4.5319386,0.3371559679508209,0.14685314893722534,0.028902890160679817
YBR273C,YHR025W,0,4.5300875,0.33638444542884827,0.14685314893722534,0.029002901166677475
YOR080W,YGL253W,0,4.530031,0.33561643958091736,0.14685314893722534,0.029102910310029984
YER088C,YBR033W,0,4.5262046,0.3348519504070282,0.14685314893722534,0.029202919453382492
YMR238W,YLR362W,1,4.5236588,0.33636364340782166,0.14785215258598328,0.029202919453382492
YJR147W,YIR019C,1,4.523628,0.33786848187446594,0.1488511562347412,0.029202919453382492
YGL031C,YKL173W,0,4.520919,0.33710408210754395,0.1488511562347412,0.02930293045938015
YDR107C,YHR084W,1,4.5195093,0.3386004567146301,0.14985014498233795,0.02930293045938015
YDR477W,YDR432W,1,4.5185924,0.3400900959968567,0.1508491486310959,0.02930293045938015
YNL098C,YER113C,1,4.5155964,0.341573029756546,0.15184815227985382,0.02930293045938015
YLR353W,YCR093W,1,4.5116086,0.3430493175983429,0.15284715592861176,0.02930293045938015
YNL220W,YPL258C,0,4.510039,0.34228187799453735,0.15284715592861176,0.02940293960273266
YHR143W,YLR229C,1,4.5010977,0.34375,0.1538461595773697,0.02940293960273266
YMR019W,YNL245C,0,4.498716,0.3429844081401825,0.1538461595773697,0.029502950608730316
YNL119W,YKL043W,1,4.497155,0.3444444537162781,0.15484514832496643,0.029502950608730316
YER055C,YHR176W,0,4.49247,0.3436807096004486,0.15484514832496643,0.029602959752082825
YER013W,YML054C,0,4.4860716,0.34292036294937134,0.15484514832496643,0.029702970758080482
YKL096W,YMR021C,0,4.4820986,0.3421633541584015,0.15484514832496643,0.02980297990143299
YER074W,YGR084C,0,4.4798636,0.34140968322753906,0.15484514832496643,0.02990299090743065
YJR001W,YNR011C,0,4.4702754,0.34065935015678406,0.15484514832496643,0.030003000050783157
YOR315W,YIL131C,1,4.456756,0.34210526943206787,0.15584415197372437,0.030003000050783157
YDR264C,YDR297W,0,4.456627,0.34135666489601135,0.15584415197372437,0.030103011056780815
YHR143W,YHR073W,1,4.454383,0.3427947461605072,0.1568431556224823,0.030103011056780815
YNL223W,YNR051C,0,4.451494,0.34204792976379395,0.1568431556224823,0.030203020200133324
YER026C,YJL006C,0,4.4458976,0.34130436182022095,0.1568431556224823,0.03030303120613098
YKL130C,YHR008C,0,4.4458795,0.34056398272514343,0.1568431556224823,0.03040304034948349
YDR107C,YMR164C,1,4.4432497,0.3419913351535797,0.15784215927124023,0.03040304034948349
YDL021W,YOR171C,0,4.441245,0.34125271439552307,0.15784215927124023,0.030503049492836
YPL240C,YOR140W,0,4.438151,0.3405172526836395,0.15784215927124023,0.030603060498833656
YNL079C,YDL035C,1,4.41891,0.34193548560142517,0.15884116291999817,0.030603060498833656
YJR147W,YDR283C,0,4.413474,0.3412017226219177,0.15884116291999817,0.030703069642186165
YML043C,YGL206C,0,4.408692,0.340471088886261,0.15884116291999817,0.030803080648183823
YMR016C,YDL024C,1,4.4073315,0.34188035130500793,0.1598401665687561,0.030803080648183823
YDR392W,YJR147W,1,4.4046144,0.34328359365463257,0.16083915531635284,0.030803080648183823
YPL072W,YDL143W,0,4.4021845,0.34255319833755493,0.16083915531635284,0.03090308979153633
YGL055W,YLR262C,0,4.3970375,0.3418259024620056,0.16083915531635284,0.03100310079753399
YBL011W,YDR171W,0,4.392673,0.3411017060279846,0.16083915531635284,0.031103109940886497
YNL271C,YIL049W,1,4.3863287,0.3424947261810303,0.16183815896511078,0.031103109940886497
YBR296C,YOL128C,0,4.385026,0.3417721390724182,0.16183815896511078,0.031203120946884155
YKR014C,YIL121W,0,4.382525,0.3410526216030121,0.16183815896511078,0.031303130090236664
YBR066C,YOR242C,0,4.3815694,0.3403361439704895,0.16183815896511078,0.03140313923358917
YMR307W,YDR083W,0,4.3768044,0.3396226465702057,0.16183815896511078,0.03150315210223198
YAL013W,YGR214W,0,4.3756647,0.33891212940216064,0.16183815896511078,0.03160316124558449
YMR058W,YOL123W,0,4.3741803,0.33820459246635437,0.16183815896511078,0.031703170388936996
YNL274C,YNL191W,0,4.371894,0.3375000059604645,0.16183815896511078,0.031803179532289505
YNL001W,YCR093W,1,4.3711042,0.3388773500919342,0.1628371626138687,0.031803179532289505
YKL172W,YGL121C,0,4.3695793,0.3381742835044861,0.1628371626138687,0.031903188675642014
YJL103C,YER148W,0,4.3555393,0.33747410774230957,0.1628371626138687,0.03200320154428482
YOR173W,YOR046C,0,4.3496895,0.33677685260772705,0.1628371626138687,0.03210321068763733
YBR221C,YDR326C,0,4.3481507,0.33608248829841614,0.1628371626138687,0.03220321983098984
YGL037C,YJL157C,0,4.345477,0.33539095520973206,0.1628371626138687,0.032303228974342346
YGR198W,YLR364W,0,4.344447,0.3347022533416748,0.1628371626138687,0.03240324184298515
YIL131C,YMR016C,1,4.343956,0.3360655605792999,0.16383616626262665,0.03240324184298515
YLR106C,YPL078C,0,4.340459,0.3353783190250397,0.16383616626262665,0.03250325098633766
YFL004W,YDR034C,0,4.33646,0.33469387888908386,0.16383616626262665,0.03260326012969017
YPL081W,YIL113W,0,4.334877,0.3340122103691101,0.16383616626262665,0.03270326927304268
YIL133C,YNL270C,0,4.332419,0.3333333432674408,0.16383616626262665,0.032803282141685486
YKR024C,YGL062W,0,4.3277016,0.33265718817710876,0.16383616626262665,0.032903291285037994
YML009C,YGL179C,0,4.326755,0.3319838047027588,0.16383616626262665,0.0330033004283905
YHR011W,YER113C,1,4.326401,0.3333333432674408,0.16483516991138458,0.0330033004283905
YDR326C,YDR508C,0,4.324146,0.33266130089759827,0.16483516991138458,0.03310330957174301
YOR130C,YGR214W,0,4.321472,0.33199194073677063,0.16483516991138458,0.03320331871509552
YJR047C,YDR283C,0,4.3157034,0.3313252925872803,0.16483516991138458,0.03330333158373833
YJL102W,YJL056C,0,4.3150005,0.3306613266468048,0.16483516991138458,0.033403340727090836
YKR081C,YDR503C,0,4.313448,0.33000001311302185,0.16483516991138458,0.033503349870443344
YJR009C,YKL188C,0,4.3093843,0.329341322183609,0.16483516991138458,0.03360335901379585
YBR291C,YGL089C,0,4.305104,0.3286852538585663,0.16483516991138458,0.03370337188243866
YBR192W,YIR033W,0,4.30375,0.3280318081378937,0.16483516991138458,0.03380338102579117
YMR316W,YKL185W,1,4.301326,0.329365074634552,0.16583415865898132,0.03380338102579117
YNL197C,YER020W,1,4.297884,0.3306930661201477,0.16683316230773926,0.03380338102579117
YGL172W,YDL130W-A,0,4.2974415,0.33003953099250793,0.16683316230773926,0.03390339016914368
YPL030W,YKL096W-A,0,4.2943416,0.3293885588645935,0.16683316230773926,0.034003399312496185
YKL172W,YDR116C,0,4.2874913,0.3287401497364044,0.16683316230773926,0.03410341218113899
YNL098C,YER109C,1,4.2850704,0.3300589323043823,0.1678321659564972,0.03410341218113899
YER177W,YDL024C,1,4.2821827,0.33137255907058716,0.16883116960525513,0.03410341218113899
YPL241C,YBR196C,0,4.281209,0.3307240605354309,0.16883116960525513,0.0342034213244915
YPL274W,YMR270C,0,4.277875,0.330078125,0.16883116960525513,0.03430343046784401
YAR027W,YMR117C,0,4.2767963,0.32943469285964966,0.16883116960525513,0.03440343961119652
YPR026W,YDR529C,0,4.2760158,0.3287937641143799,0.16883116960525513,0.034503448754549026
YHR011W,YOR032C,1,4.2752523,0.3300970792770386,0.16983017325401306,0.034503448754549026
YLR083C,YHR073W,1,4.263973,0.33139535784721375,0.170829176902771,0.034503448754549026
YOR127W,YNL098C,1,4.2634716,0.3326885998249054,0.17182816565036774,0.034503448754549026
YKL024C,YIL150C,0,4.2596116,0.3320463299751282,0.17182816565036774,0.034603461623191833
YJL072C,YLR343W,0,4.254348,0.3314065635204315,0.17182816565036774,0.03470347076654434
YOL124C,YBR093C,0,4.2540827,0.33076924085617065,0.17182816565036774,0.03480347990989685
YFL018C,YDL130W,0,4.251564,0.3301343619823456,0.17182816565036774,0.03490348905324936
YHR011W,YER149C,1,4.2502837,0.33141762018203735,0.17282716929912567,0.03490348905324936
YKL172W,YMR199W,0,4.2493906,0.3307839334011078,0.17282716929912567,0.035003501921892166
YIR002C,YPL220W,0,4.247816,0.3301526606082916,0.17282716929912567,0.035103511065244675
YHR143W,YGL059W,0,4.247483,0.32952380180358887,0.17282716929912567,0.03520352020859718
YIR039C,YCR088W,0,4.2424726,0.3288973271846771,0.17282716929912567,0.03530352935194969
YNL079C,YIL049W,1,4.231476,0.33017078042030334,0.1738261729478836,0.03530352935194969
YNL292W,YBR298C,0,4.2242646,0.3295454680919647,0.1738261729478836,0.0354035384953022
YPL021W,YBR066C,1,4.205679,0.33081284165382385,0.17482517659664154,0.0354035384953022
YGL120C,YBL105C,0,4.2032475,0.33018869161605835,0.17482517659664154,0.03550355136394501
YJR147W,YBL091C-A,0,4.200535,0.3295668661594391,0.17482517659664154,0.035603560507297516
YDR247W,YIR034C,0,4.199812,0.32894736528396606,0.17482517659664154,0.035703569650650024
YNL192W,YMR235C,0,4.1990757,0.32833021879196167,0.17482517659664154,0.03580357879400253
YLR009W,YNL073W,0,4.197263,0.32771536707878113,0.17482517659664154,0.03590359166264534
YPL160W,YJL154C,0,4.1949897,0.32710281014442444,0.17482517659664154,0.03600360080599785
YHR105W,YJR067C,0,4.1946507,0.3264925479888916,0.17482517659664154,0.03610360994935036
YJL138C,YIL020C,0,4.1917167,0.32588455080986023,0.17482517659664154,0.036203619092702866
YOR030W,YER113C,1,4.1893835,0.3271375596523285,0.17582418024539948,0.036203619092702866
YMR006C,YCR011C,0,4.188725,0.3265306055545807,0.17582418024539948,0.03630363196134567
YNL186W,YDR411C,0,4.185938,0.32592591643333435,0.17582418024539948,0.03640364110469818
YMR136W,YER114C,0,4.1850834,0.3253234624862671,0.17582418024539948,0.03650365024805069
YBR024W,YHR084W,0,4.184785,0.3247232437133789,0.17582418024539948,0.0366036593914032
YNL098C,YKL043W,1,4.1803474,0.32596686482429504,0.1768231838941574,0.0366036593914032
YNL298W,YCR093W,1,4.180009,0.3272058963775635,0.17782217264175415,0.0366036593914032
YKR003W,YJL125C,0,4.1795506,0.32660549879074097,0.17782217264175415,0.03670366853475571
YDL042C,YJL177W,0,4.1786337,0.32600733637809753,0.17782217264175415,0.036803681403398514
YAR018C,YBL078C,0,4.1785345,0.325411319732666,0.17782217264175415,0.03690369054675102
YIL162W,YER185W,0,4.1766944,0.3248175084590912,0.17782217264175415,0.03700369969010353
YCR038C,YBR066C,1,4.170173,0.3260473608970642,0.17882117629051208,0.03700369969010353
YDL079C,YPL255W,0,4.1653757,0.3254545331001282,0.17882117629051208,0.03710370883345604
YLL038C,YDR099W,0,4.1646795,0.32486388087272644,0.17882117629051208,0.037203721702098846
YGR288W,YER111C,0,4.162573,0.3242753744125366,0.17882117629051208,0.037303730845451355
YHR011W,YMR238W,1,4.1615,0.3254972994327545,0.17982017993927002,0.037303730845451355
YDR341C,YIL034C,0,4.1603413,0.3249097466468811,0.17982017993927002,0.037403739988803864
YDR043C,YCR094W,0,4.1524014,0.3243243098258972,0.17982017993927002,0.03750374913215637
YDR085C,YKR006C,0,4.1510687,0.32374101877212524,0.17982017993927002,0.03760376200079918
YHR203C,YPL268W,0,4.1498485,0.323159784078598,0.17982017993927002,0.03770377114415169
YOR010C,YDR324C,0,4.144496,0.32258063554763794,0.17982017993927002,0.037803780287504196
YCR075C,YBR247C,0,4.143528,0.322003573179245,0.17982017993927002,0.037903789430856705
YKL185W,YER113C,1,4.139685,0.3232142925262451,0.18081918358802795,0.037903789430856705
YLR353W,YDR043C,1,4.1394033,0.324420690536499,0.1818181872367859,0.037903789430856705
YEL011W,YLR272C,0,4.133835,0.32384341955184937,0.1818181872367859,0.03800379857420921
YFR015C,YGR124W,0,4.128332,0.32326820492744446,0.1818181872367859,0.03810381144285202
YIR010W,YOR230W,0,4.1267643,0.3226950466632843,0.1818181872367859,0.03820382058620453
YOR382W,YKL167C,0,4.125215,0.3221238851547241,0.1818181872367859,0.03830382972955704
YEL047C,YDL150W,0,4.1216855,0.3215547800064087,0.1818181872367859,0.038403838872909546
YOL086C,YGL166W,0,4.119438,0.32098764181137085,0.1818181872367859,0.03850385174155235
YGR186W,YMR152W,0,4.1171274,0.32042253017425537,0.1818181872367859,0.03860386088490486
YMR164C,YMR316W,1,4.1090484,0.32161685824394226,0.18281717598438263,0.03860386088490486
YIL099W,YGL050W,0,4.1039057,0.3210526406764984,0.18281717598438263,0.03870387002825737
YHR079C,YKR057W,0,4.099701,0.32049036026000977,0.18281717598438263,0.03880387917160988
YML062C,YDL083C,0,4.0962048,0.3199300765991211,0.18281717598438263,0.038903892040252686
YLL045C,YDR218C,0,4.095927,0.3193717300891876,0.18281717598438263,0.039003901183605194
YIL010W,YMR078C,0,4.0942154,0.31881532073020935,0.18281717598438263,0.0391039103269577
YHR084W,YDR043C,1,4.0941806,0.3199999928474426,0.18381617963314056,0.0391039103269577
YNL098C,YAL041W,1,4.0870447,0.3211805522441864,0.1848151832818985,0.0391039103269577
YDL035C,YCR093W,1,4.084319,0.32235702872276306,0.18581418693065643,0.0391039103269577
YBR196C,YML111W,0,4.080997,0.32179930806159973,0.18581418693065643,0.03920391947031021
YOR106W,YPR124W,0,4.0734777,0.3212435245513916,0.18581418693065643,0.03930392861366272
YOR127W,YLR229C,1,4.073436,0.3224138021469116,0.18681319057941437,0.03930392861366272
YLR128W,YBR042C,0,4.0733366,0.32185885310173035,0.18681319057941437,0.03940394148230553
YGR145W,YKL168C,0,4.069646,0.3213058412075043,0.18681319057941437,0.039503950625658035
YML054C,YPR132W,0,4.0635853,0.3207547068595886,0.18681319057941437,0.039603959769010544
YNL067W,YGR292W,0,4.062892,0.3202054798603058,0.18681319057941437,0.03970396891236305
YDL195W,YHR084W,0,4.0621862,0.3196581304073334,0.18681319057941437,0.03980398178100586
YGL037C,YHR019C,0,4.0585256,0.319112628698349,0.18681319057941437,0.03990399092435837
YOR337W,YGR132C,0,4.05296,0.31856900453567505,0.18681319057941437,0.040004000067710876
YNL178W,YFR005C,0,4.0473304,0.31802719831466675,0.18681319057941437,0.040104009211063385
YNL001W,YDL024C,1,4.0471754,0.3191850483417511,0.1878121942281723,0.040104009211063385
YDR251W,YDR432W,1,4.0439625,0.32033899426460266,0.18881118297576904,0.040104009211063385
YER118C,YDR107C,1,4.041112,0.32148900628089905,0.18981018662452698,0.040104009211063385
YGR185C,YPL064C,0,4.039365,0.32094594836235046,0.18981018662452698,0.04020402207970619
YGL173C,YLR222C,0,4.039116,0.32040470838546753,0.18981018662452698,0.0403040312230587
YJL010C,YIL121W,0,4.0368795,0.31986531615257263,0.18981018662452698,0.04040404036641121
YJR147W,YKL149C,1,4.03095,0.3210084140300751,0.1908091902732849,0.04040404036641121
YAR007C,YMR303C,0,4.01831,0.32046979665756226,0.1908091902732849,0.04050404950976372
YMR302C,YPL240C,0,4.0111303,0.3199329972267151,0.1908091902732849,0.040604058653116226
YNL160W,YML126C,0,4.0070724,0.3193979859352112,0.1908091902732849,0.04070407152175903
YJR112W,YKR059W,0,4.005204,0.31886476278305054,0.1908091902732849,0.04080408066511154
YGR010W,YKL056C,0,4.000848,0.31833332777023315,0.1908091902732849,0.04090408980846405
YKL189W,YLR286C,0,3.9998355,0.31780365109443665,0.1908091902732849,0.04100409895181656
YMR037C,YFL037W,0,3.9993935,0.317275732755661,0.1908091902732849,0.041104111820459366
YNL096C,YAR027W,0,3.997001,0.31674957275390625,0.1908091902732849,0.041204120963811874
YLL021W,YJR147W,1,3.9955256,0.3178808093070984,0.19180819392204285,0.041204120963811874
YHR065C,YPR121W,0,3.9857838,0.31735536456108093,0.19180819392204285,0.04130413010716438
YER177W,YHR084W,1,3.9833143,0.3184818625450134,0.19280719757080078,0.04130413010716438
YGR041W,YGR133W,0,3.9806895,0.31795716285705566,0.19280719757080078,0.04140413925051689
YJL157C,YLR158C,0,3.980448,0.3174342215061188,0.19280719757080078,0.0415041521191597
YJL204C,YER166W,0,3.9747138,0.316912978887558,0.19280719757080078,0.04160416126251221
YGR285C,YLR070C,0,3.9736397,0.3163934350013733,0.19280719757080078,0.041704170405864716
YMR173W,YLR381W,0,3.9616802,0.3158756196498871,0.19280719757080078,0.041804179549217224
YPL055C,YFL018C,0,3.9533415,0.3153594732284546,0.19280719757080078,0.04190418869256973
YDR084C,YNR050C,0,3.9506257,0.3148450255393982,0.19280719757080078,0.04200420156121254
YGL035C,YPL103C,0,3.9475455,0.3143322467803955,0.19280719757080078,0.04210421070456505
YGL190C,YDL024C,1,3.944375,0.3154471516609192,0.19380620121955872,0.04210421070456505
YOR361C,YLR110C,0,3.9421644,0.3149350583553314,0.19380620121955872,0.04220421984791756
YEL063C,YEL040W,0,3.9346318,0.31442463397979736,0.19380620121955872,0.042304228991270065
YNL279W,YNL124W,0,3.929904,0.31391584873199463,0.19380620121955872,0.04240424185991287
YDR523C,YLR089C,0,3.9293985,0.3134087324142456,0.19380620121955872,0.04250425100326538
YOR003W,YFL034C-A,0,3.9255466,0.3129032254219055,0.19380620121955872,0.04260426014661789
YOR297C,YPL095C,0,3.9244075,0.31239935755729675,0.19380620121955872,0.0427042692899704
YPL230W,YDR006C,0,3.9194834,0.3118970990180969,0.19380620121955872,0.042804282158613205
YCR067C,YIL111W,0,3.9178576,0.3113964796066284,0.19380620121955872,0.042904291301965714
YJR092W,YIR006C,0,3.9163196,0.31089743971824646,0.19380620121955872,0.04300430044531822
YER141W,YLR272C,0,3.9155679,0.31040000915527344,0.19380620121955872,0.04310430958867073
YNL327W,YGR167W,0,3.9145443,0.30990415811538696,0.19380620121955872,0.04320431873202324
YOR301W,YPR201W,0,3.9129362,0.30940988659858704,0.19380620121955872,0.043304331600666046
YJR092W,YAL062W,0,3.911261,0.30891719460487366,0.19380620121955872,0.043404340744018555
YDR383C,YOL068C,0,3.9109845,0.3084260821342468,0.19380620121955872,0.04350434988737106
YKL020C,YGR008C,0,3.906092,0.30793651938438416,0.19380620121955872,0.04360435903072357
YLL062C,YMR202W,0,3.9029512,0.30744850635528564,0.19380620121955872,0.04370437189936638
YNL001W,YKL185W,1,3.9024668,0.3085443079471588,0.19480518996715546,0.04370437189936638
YOR010C,YIL095W,0,3.9017773,0.30805686116218567,0.19480518996715546,0.04380438104271889
YIL131C,YDR043C,1,3.9004617,0.30914825201034546,0.1958041936159134,0.04380438104271889
YDR219C,YER088C,0,3.8996434,0.30866143107414246,0.1958041936159134,0.043904390186071396
YMR012W,YOL058W,0,3.8995013,0.30817610025405884,0.1958041936159134,0.044004399329423904
YDR069C,YBR267W,0,3.8985555,0.3076923191547394,0.1958041936159134,0.04410441219806671
YNL298W,YOR127W,1,3.8889103,0.30877742171287537,0.19680319726467133,0.04410441219806671
YDR425W,YGL229C,0,3.8855052,0.3082942068576813,0.19680319726467133,0.04420442134141922
YLR304C,YLR298C,0,3.8833609,0.30781251192092896,0.19680319726467133,0.04430443048477173
YDR432W,YNL142W,1,3.8783307,0.3088923692703247,0.19780220091342926,0.04430443048477173
YDR432W,YHR143W,1,3.8720655,0.30996885895729065,0.1988012045621872,0.04430443048477173
YDR477W,YLR362W,1,3.8706036,0.3110419809818268,0.19980019330978394,0.04430443048477173
YDR432W,YMR180C,0,3.8646283,0.3105590045452118,0.19980019330978394,0.04440443962812424
YKL012W,YOR133W,0,3.8606267,0.3100775182247162,0.19980019330978394,0.044504448771476746
YLL021W,YHR143W,1,3.8579571,0.31114551424980164,0.20079919695854187,0.044504448771476746
YOR371C,YBR203W,0,3.8539472,0.3106645941734314,0.20079919695854187,0.04460446164011955
YER118C,YNL142W,1,3.8537383,0.3117283880710602,0.2017982006072998,0.04460446164011955
YMR292W,YPR102C,0,3.8519611,0.3112480640411377,0.2017982006072998,0.04470447078347206
YGL030W,YIR038C,0,3.8512802,0.3107692301273346,0.2017982006072998,0.04480447992682457
YGR249W,YCR094W,0,3.8511758,0.3102918565273285,0.2017982006072998,0.04490448907017708
YNR057C,YOR085W,0,3.84944,0.3098159432411194,0.2017982006072998,0.045004501938819885
YLR380W,YJL103C,0,3.8468566,0.3093414902687073,0.2017982006072998,0.045104511082172394
YOR230W,YBL027W,0,3.8442159,0.30886849761009216,0.2017982006072998,0.0452045202255249
YOR381W,YLR084C,0,3.8395994,0.30839693546295166,0.2017982006072998,0.04530452936887741
YLR348C,YLR048W,0,3.8336275,0.30792683362960815,0.2017982006072998,0.04540454223752022
YLR103C,YER020W,0,3.8294294,0.30745813250541687,0.2017982006072998,0.045504551380872726
YNL159C,YDR534C,0,3.8279533,0.3069908916950226,0.2017982006072998,0.045604560524225235
YGR068C,YIL168W,0,3.8275714,0.3065250515937805,0.2017982006072998,0.045704569667577744
YPL115C,YBR083W,1,3.8187146,0.3075757622718811,0.20279720425605774,0.045704569667577744
YOL112W,YOL097C,0,3.8173938,0.30711042881011963,0.20279720425605774,0.04580457881093025
YOR371C,YER113C,1,3.8152611,0.3081570863723755,0.20379620790481567,0.04580457881093025
YDR043C,YEL021W,0,3.8132899,0.3076923191547394,0.20379620790481567,0.04590459167957306
YJR151C,YJL100W,0,3.810191,0.3072289228439331,0.20379620790481567,0.04600460082292557
YMR032W,YNL279W,0,3.805549,0.30676692724227905,0.20379620790481567,0.046104609966278076
YBR296C,YOL045W,0,3.8036883,0.30630630254745483,0.20379620790481567,0.046204619109630585
YNL079C,YDR251W,1,3.8013406,0.30734631419181824,0.2047952115535736,0.046204619109630585
YDR055W,YPL024W,0,3.8012452,0.306886225938797,0.2047952115535736,0.04630463197827339
YLR348C,YDL084W,0,3.800806,0.3064275085926056,0.2047952115535736,0.0464046411216259
YDL035C,YIL049W,1,3.7997246,0.3074626922607422,0.20579420030117035,0.0464046411216259
YMR278W,YKR013W,0,3.7967825,0.30700448155403137,0.20579420030117035,0.04650465026497841
YNL197C,YHR143W,1,3.794454,0.3080357015132904,0.20679320394992828,0.04650465026497841
YPL005W,YPL174C,0,3.79247,0.3075779974460602,0.20679320394992828,0.04660465940833092
YOR127W,YLR083C,1,3.7889943,0.3086053431034088,0.20779220759868622,0.04660465940833092
YOR332W,YDR449C,0,3.7869053,0.3081481456756592,0.20779220759868622,0.046704672276973724
YPR194C,YPR184W,0,3.7855518,0.3076923191547394,0.20779220759868622,0.04680468142032623
YBR156C,YKL126W,0,3.7850204,0.30723780393600464,0.20779220759868622,0.04690469056367874
YGR171C,YLR287C-A,0,3.782481,0.30678465962409973,0.20779220759868622,0.04700469970703125
YBR202W,YER011W,0,3.7775087,0.30633285641670227,0.20779220759868622,0.04710470885038376
YNL098C,YDL024C,1,3.7751484,0.3073529303073883,0.20879121124744415,0.04710470885038376
YHR143W,YOR371C,1,3.774527,0.30837005376815796,0.2097902148962021,0.04710470885038376
YOL040C,YLL055W,0,3.7685192,0.30791789293289185,0.2097902148962021,0.047204721719026566
YPR183W,YOL077C,0,3.7677968,0.3074670433998108,0.2097902148962021,0.047304730862379074
YPL249C-A,YNL044W,0,3.7673473,0.3070175349712372,0.2097902148962021,0.04740474000573158
YHR143W,YDR529C,0,3.7656555,0.30656933784484863,0.2097902148962021,0.04750474914908409
YML104C,YGL257C,0,3.7632654,0.30612245202064514,0.2097902148962021,0.0476047620177269
YCR048W,YLR038C,0,3.763042,0.3056768476963043,0.2097902148962021,0.04770477116107941
YKL180W,YJR103W,0,3.7625613,0.30523255467414856,0.2097902148962021,0.047804780304431915
YBR257W,YNR016C,0,3.7603278,0.30478954315185547,0.2097902148962021,0.047904789447784424
YDL040C,YPL019C,0,3.75527,0.30434781312942505,0.2097902148962021,0.04800480231642723
YPL022W,YER026C,0,3.755238,0.3039073944091797,0.2097902148962021,0.04810481145977974
YKR094C,YMR306W,0,3.752483,0.3034681975841522,0.2097902148962021,0.04820482060313225
YNL248C,YLR246W,0,3.7503147,0.3030303120613098,0.2097902148962021,0.048304829746484756
YHR016C,YOL101C,0,3.7492647,0.3025936484336853,0.2097902148962021,0.048404838889837265
YPL147W,YCL032W,0,3.7476003,0.30215826630592346,0.2097902148962021,0.04850485175848007
YGL253W,YDR130C,0,3.7441082,0.3017241358757019,0.2097902148962021,0.04860486090183258
YDR341C,YBR033W,0,3.7428188,0.30129125714302063,0.2097902148962021,0.04870487004518509
YNL327W,YIL159W,0,3.7426662,0.30085960030555725,0.2097902148962021,0.0488048791885376
YMR016C,YDR043C,1,3.7413616,0.3018597960472107,0.21078920364379883,0.0488048791885376
YKL059C,YHR057C,0,3.7396965,0.30142858624458313,0.21078920364379883,0.048904892057180405
YAR031W,YDR494W,0,3.7386541,0.3009985685348511,0.21078920364379883,0.04900490120053291
YHR147C,YIL046W,0,3.7315874,0.3005698025226593,0.21078920364379883,0.04910491034388542
YHR010W,YPL095C,0,3.7314048,0.3001422584056854,0.21078920364379883,0.04920491948723793
YDL222C,YPR048W,0,3.7312415,0.29971590638160706,0.21078920364379883,0.04930492863059044
YJL066C,YBR205W,0,3.7300973,0.2992907762527466,0.21078920364379883,0.049404941499233246
YOR032C,YDR043C,1,3.729395,0.300283282995224,0.21178820729255676,0.049404941499233246
YKL092C,YPL089C,0,3.7282257,0.29985857009887695,0.21178820729255676,0.049504950642585754
YOR313C,YOL086C,0,3.727315,0.299435019493103,0.21178820729255676,0.04960495978593826
YGR286C,YPR119W,0,3.725574,0.299012690782547,0.21178820729255676,0.04970496892929077
YAL012W,YDR177W,0,3.7226596,0.2985915541648865,0.21178820729255676,0.04980498179793358
YIL133C,YAL034W-A,0,3.721655,0.2981715798377991,0.21178820729255676,0.04990499094128609
YBR164C,YKL038W,0,3.7193637,0.2977527976036072,0.21178820729255676,0.050005000084638596
YLR430W,YGR112W,0,3.718246,0.2973352074623108,0.21178820729255676,0.050105009227991104
YDR432W,YOR030W,1,3.71457,0.29831933975219727,0.2127872109413147,0.050105009227991104
YDR031W,YDL039C,0,3.7092707,0.29790210723876953,0.2127872109413147,0.05020502209663391
YBR210W,YOL030W,0,3.7083857,0.2974860370159149,0.2127872109413147,0.05030503123998642
YGR081C,YKL126W,0,3.706944,0.2970711290836334,0.2127872109413147,0.05040504038333893
YLR097C,YBL002W,0,3.700918,0.29665738344192505,0.2127872109413147,0.05050504952669144
YOR030W,YCR093W,1,3.6989748,0.29763561487197876,0.21378621459007263,0.05050504952669144
YJL116C,YNL259C,0,3.6983986,0.29722222685813904,0.21378621459007263,0.050605058670043945
YBR158W,YKL188C,0,3.6974528,0.29680997133255005,0.21378621459007263,0.05070507153868675
YNL135C,YGL162W,0,3.6946368,0.2963988780975342,0.21378621459007263,0.05080508068203926
YJL158C,YIL117C,0,3.6942377,0.29598894715309143,0.21378621459007263,0.05090508982539177
YDR488C,YPL213W,0,3.6915374,0.295580118894577,0.21378621459007263,0.05100509896874428
YNL147W,YPR164W,0,3.6835346,0.29517242312431335,0.21378621459007263,0.051105111837387085
YCL040W,YPR122W,0,3.6813192,0.294765830039978,0.21378621459007263,0.051205120980739594
YNL323W,YHR216W,0,3.6766224,0.2943603992462158,0.21378621459007263,0.0513051301240921
YDL069C,YHR092C,0,3.6712527,0.29395604133605957,0.21378621459007263,0.05140513926744461
YML005W,YGL184C,0,3.6709132,0.29355281591415405,0.21378621459007263,0.05150515213608742
YOR386W,YMR233W,0,3.6675217,0.2931506931781769,0.21378621459007263,0.051605161279439926
YNL162W,YPR020W,0,3.6655598,0.29274964332580566,0.21378621459007263,0.051705170422792435
YDR418W,YIL168W,0,3.6651258,0.2923497259616852,0.21378621459007263,0.05180517956614494
YJR076C,YGL077C,0,3.6618466,0.29195088148117065,0.21378621459007263,0.05190518870949745
YMR016C,YKL043W,1,3.661554,0.2929155230522156,0.21478521823883057,0.05190518870949745
YDR477W,YDL024C,1,3.657631,0.2938775420188904,0.2157842218875885,0.05190518870949745
YFL045C,YDR033W,0,3.6567767,0.29347825050354004,0.2157842218875885,0.05200520157814026
YDR221W,YML046W,0,3.6540828,0.29308006167411804,0.2157842218875885,0.05210521072149277
YNR012W,YNL217W,0,3.649283,0.2926829159259796,0.2157842218875885,0.052205219864845276
YOR315W,YLR229C,1,3.646659,0.29364004731178284,0.21678321063518524,0.052205219864845276
YHR143W,YNL119W,1,3.6439872,0.29459458589553833,0.21778221428394318,0.052205219864845276
YKL182W,YHR063C,0,3.6438208,0.2941970229148865,0.21778221428394318,0.052305229008197784
YNL001W,YMR316W,1,3.6393473,0.29514825344085693,0.2187812179327011,0.052305229008197784
YMR016C,YDL035C,1,3.6371343,0.29609689116477966,0.21978022158145905,0.052305229008197784
YMR056C,YDR034C,0,3.6348448,0.2956989109516144,0.21978022158145905,0.05240524187684059
YNL149C,YDR012W,0,3.6331782,0.29530200362205505,0.21978022158145905,0.0525052510201931
YDR099W,YER118C,1,3.6327796,0.29624664783477783,0.22077922523021698,0.0525052510201931
YLL021W,YMR316W,1,3.6320486,0.29718875885009766,0.22177822887897491,0.0525052510201931
YPL092W,YNL008C,0,3.6233215,0.2967914342880249,0.22177822887897491,0.05260526016354561
YDR077W,YDL077C,0,3.6229494,0.2963951826095581,0.22177822887897491,0.05270526930689812
YDR184C,YHR079C,0,3.620438,0.29600000381469727,0.22177822887897491,0.052805282175540924
YHL007C,YBR083W,1,3.6130872,0.29693740606307983,0.22277721762657166,0.052805282175540924
YNL079C,YBR066C,1,3.6119142,0.2978723347187042,0.2237762212753296,0.052805282175540924
YGL147C,YNL121C,0,3.6111054,0.29747676849365234,0.2237762212753296,0.05290529131889343
YBR092C,YBL105C,0,3.6105917,0.29708221554756165,0.2237762212753296,0.05300530046224594
YIR019C,YBR066C,1,3.6089313,0.29801324009895325,0.22477522492408752,0.05300530046224594
YHL007C,YLR362W,1,3.6088865,0.29894179105758667,0.22577422857284546,0.05300530046224594
YIL131C,YER118C,1,3.6085846,0.2998678982257843,0.2267732322216034,0.05300530046224594
YOR032C,YBR066C,1,3.607761,0.30079156160354614,0.22777222096920013,0.05300530046224594
YNL138W,YNL197C,1,3.605497,0.3017127811908722,0.22877122461795807,0.05300530046224594
YNR020C,YIL111W,0,3.6031091,0.3013157844543457,0.22877122461795807,0.05310530960559845
YBR257W,YDL146W,0,3.6008906,0.3009198307991028,0.22877122461795807,0.05320531874895096
YNL001W,YKL043W,1,3.5995169,0.3018372654914856,0.229770228266716,0.05320531874895096
YOR328W,YPR151C,0,3.5969293,0.30144166946411133,0.229770228266716,0.053305331617593765
YNL210W,YPR189W,0,3.5921574,0.30104711651802063,0.229770228266716,0.053405340760946274
YMR016C,YPR081C,0,3.5881705,0.3006536066532135,0.229770228266716,0.05350534990429878
YPR190C,YHR067W,0,3.587697,0.30026111006736755,0.229770228266716,0.05360535904765129
YOR116C,YER185W,0,3.587358,0.2998696267604828,0.229770228266716,0.0537053719162941
YMR012W,YPR079W,0,3.586801,0.2994791567325592,0.229770228266716,0.053805381059646606
YBL009W,YNR050C,0,3.586388,0.2990897297859192,0.229770228266716,0.053905390202999115
YGL225W,YPR070W,0,3.5858889,0.29870128631591797,0.229770228266716,0.054005399346351624
YNR049C,YGR234W,0,3.585697,0.2983138859272003,0.229770228266716,0.05410541221499443
YOR301W,YBR081C,0,3.5839708,0.29792746901512146,0.229770228266716,0.05420542135834694
YKL064W,YOR315W,0,3.5838518,0.2975420355796814,0.229770228266716,0.05430543050169945
YDR064W,YIL122W,0,3.5791483,0.2971576154232025,0.229770228266716,0.054405439645051956
YNL085W,YDR534C,0,3.5777402,0.2967741787433624,0.229770228266716,0.054505448788404465
YJL095W,YPL265W,0,3.5772853,0.2963917553424835,0.229770228266716,0.05460546165704727
YEL042W,YLR369W,0,3.5695171,0.296010285615921,0.229770228266716,0.05470547080039978
YOR036W,YNL113W,0,3.5694718,0.2956298291683197,0.229770228266716,0.05480547994375229
YDR251W,YLR083C,1,3.5666704,0.2965340316295624,0.23076923191547394,0.05480547994375229
YNL079C,YCR093W,1,3.5656068,0.2974359095096588,0.23176823556423187,0.05480547994375229
YPL127C,YMR159C,0,3.565081,0.29705506563186646,0.23176823556423187,0.0549054890871048
YNL271C,YLR353W,1,3.5644956,0.2979539632797241,0.2327672392129898,0.0549054890871048
YMR021C,YOR234C,0,3.5624619,0.297573447227478,0.2327672392129898,0.055005501955747604
YMR164C,YER020W,1,3.5620797,0.2984693944454193,0.23376622796058655,0.055005501955747604
YLR165C,YDR297W,0,3.5521264,0.2980891764163971,0.23376622796058655,0.05510551109910011
YKL084W,YLR423C,0,3.5490677,0.2977099120616913,0.23376622796058655,0.05520552024245262
YJR068W,YDR388W,0,3.5473318,0.29733163118362427,0.23376622796058655,0.05530552938580513
YBR122C,YOL127W,0,3.5467198,0.29695430397987366,0.23376622796058655,0.05540554225444794
YMR169C,YMR067C,0,3.5462933,0.29657796025276184,0.23376622796058655,0.055505551397800446
YOR237W,YNL309W,0,3.5383828,0.29620254039764404,0.23376622796058655,0.055605560541152954
YER002W,YOR175C,0,3.5372977,0.29582807421684265,0.23376622796058655,0.05570556968450546
YIL117C,YGR020C,0,3.5367687,0.2954545319080353,0.23376622796058655,0.05580557882785797
YER118C,YAL041W,1,3.5286927,0.29634299874305725,0.23476523160934448,0.05580557882785797
YAL041W,YNL119W,1,3.5149806,0.29722923040390015,0.23576423525810242,0.05580557882785797
YDL171C,YIL049W,0,3.5148082,0.2968553602695465,0.23576423525810242,0.05590559169650078
YDR530C,YDR465C,0,3.512967,0.2964824140071869,0.23576423525810242,0.05600560083985329
YNL220W,YLR364W,0,3.5115595,0.2961104214191437,0.23576423525810242,0.056105609983205795
YOR208W,YBR230C,0,3.5102139,0.2957393527030945,0.23576423525810242,0.056205619126558304
YCR047C,YDR164C,0,3.509954,0.2953692078590393,0.23576423525810242,0.05630563199520111
YER053C,YPL101W,0,3.5087337,0.29499998688697815,0.23576423525810242,0.05640564113855362
YDR293C,YJR077C,0,3.5077403,0.2946317195892334,0.23576423525810242,0.05650565028190613
YBR298C,YGL191W,0,3.5052109,0.2942643463611603,0.23576423525810242,0.056605659425258636
YLR083C,YNL271C,1,3.5050583,0.2951432168483734,0.23676323890686035,0.056605659425258636
YPL211W,YBR302C,0,3.5045397,0.2947761118412018,0.23676323890686035,0.056705672293901443
YLL027W,YDL055C,0,3.5036354,0.29440993070602417,0.23676323890686035,0.05680568143725395
YHL007C,YDL035C,1,3.4977183,0.2952853739261627,0.2377622425556183,0.05680568143725395
YPL123C,YMR047C,0,3.4956622,0.2949194610118866,0.2377622425556183,0.05690569058060646
YBR291C,YDR034C,0,3.4943168,0.2945544421672821,0.2377622425556183,0.05700569972395897
YHR002W,YDR481C,0,3.4934533,0.29419034719467163,0.2377622425556183,0.05710570886731148
YER020W,YDL024C,1,3.492816,0.29506173729896545,0.23876124620437622,0.05710570886731148
YOR127W,YNL001W,1,3.4900765,0.295930951833725,0.23976023495197296,0.05710570886731148
YIL162W,YNL309W,0,3.4890184,0.29556649923324585,0.23976023495197296,0.057205721735954285
YJR065C,YML043C,0,3.485303,0.29520294070243835,0.23976023495197296,0.05730573087930679
YHR215W,YDL130W,0,3.4851973,0.2948403060436249,0.23976023495197296,0.0574057400226593
YHR141C,YGL254W,0,3.483439,0.29447853565216064,0.23976023495197296,0.05750574916601181
YPL148C,YGL255W,0,3.4829173,0.29411765933036804,0.23976023495197296,0.05760576203465462
YNL091W,YML042W,0,3.481232,0.2937576472759247,0.23976023495197296,0.057705771178007126
YJL190C,YER174C,0,3.4731503,0.29339852929115295,0.23976023495197296,0.057805780321359634
YJR014W,YPR066W,0,3.4685578,0.29304030537605286,0.23976023495197296,0.05790578946471214
YKL164C,YNL210W,0,3.4683418,0.2926829159259796,0.23976023495197296,0.05800580233335495
YNR035C,YEL053C,0,3.4682531,0.292326420545578,0.23976023495197296,0.05810581147670746
YAL016W,YGR070W,0,3.4673166,0.29197078943252563,0.23976023495197296,0.05820582062005997
YKL035W,YIR025W,0,3.465148,0.2916160523891449,0.23976023495197296,0.058305829763412476
YNR069C,YLR134W,0,3.4646518,0.291262149810791,0.23976023495197296,0.058405838906764984
YJL207C,YNL014W,0,3.4626606,0.290909081697464,0.23976023495197296,0.05850585177540779
YOR074C,YMR056C,0,3.4623725,0.2905569076538086,0.23976023495197296,0.0586058609187603
YGR006W,YHR141C,0,3.4621983,0.29020556807518005,0.23976023495197296,0.05870587006211281
YDL148C,YGR143W,0,3.4611077,0.28985506296157837,0.23976023495197296,0.05880587920546532
YDR085C,YGR221C,0,3.4596384,0.2895054221153259,0.23976023495197296,0.058905892074108124
YKL182W,YOR307C,0,3.4583192,0.28915661573410034,0.23976023495197296,0.05900590121746063
YNL138W,YER113C,1,3.4556332,0.29001203179359436,0.2407592386007309,0.05900590121746063
YNL298W,YAL056W,1,3.452458,0.29086539149284363,0.24175824224948883,0.05900590121746063
YLL055W,YDR147W,0,3.4509463,0.290516197681427,0.24175824224948883,0.05910591036081314
YJR053W,YGL245W,0,3.442473,0.2901678681373596,0.24175824224948883,0.05920591950416565
YNL138W,YGL190C,1,3.4421673,0.29101794958114624,0.24275724589824677,0.05920591950416565
YBR183W,YDR126W,0,3.4413862,0.29066985845565796,0.24275724589824677,0.059305932372808456
YBR035C,YDR101C,0,3.4409678,0.29032257199287415,0.24275724589824677,0.059405941516160965
YLR325C,YCL018W,0,3.431519,0.2899761199951172,0.24275724589824677,0.059505950659513474
YIL131C,YOR032C,1,3.4308763,0.29082241654396057,0.2437562495470047,0.059505950659513474
YJR001W,YER039C,0,3.429843,0.2904762029647827,0.2437562495470047,0.05960595980286598
YJL042W,YBR240C,0,3.4277916,0.2901307940483093,0.2437562495470047,0.05970596894621849
YOR315W,YCR038C,1,3.4275723,0.29097387194633484,0.24475523829460144,0.05970596894621849
YBR084C-A,YDR245W,0,3.4270287,0.29062870144844055,0.24475523829460144,0.0598059818148613
YNL142W,YDR043C,1,3.4264853,0.29146918654441833,0.24575424194335938,0.0598059818148613
YPL212C,YJR010C-A,0,3.4264011,0.29112425446510315,0.24575424194335938,0.059905990958213806
YMR307W,YHR081W,0,3.4248085,0.29078012704849243,0.24575424194335938,0.060006000101566315
YLL021W,YER020W,1,3.422019,0.2916174829006195,0.2467532455921173,0.060006000101566315
YBR156C,YFR044C,0,3.4186869,0.2912735939025879,0.2467532455921173,0.06010600924491882
YOL119C,YBR083W,0,3.4158716,0.29093050956726074,0.2467532455921173,0.06020602211356163
YHR011W,YNL271C,1,3.4132767,0.2917647063732147,0.24775224924087524,0.06020602211356163
YNL099C,YDL014W,0,3.4121993,0.2914218604564667,0.24775224924087524,0.06030603125691414
YNL162W,YDL039C,0,3.4119701,0.2910798192024231,0.24775224924087524,0.06040604040026665
YGL168W,YGR108W,0,3.4097962,0.290738582611084,0.24775224924087524,0.060506049543619156
YML085C,YGL123W,0,3.4075718,0.29039812088012695,0.24775224924087524,0.06060606241226196
YDR174W,YML111W,0,3.4022899,0.2900584936141968,0.24775224924087524,0.06070607155561447
YER003C,YJL191W,0,3.4006906,0.2897196114063263,0.24775224924087524,0.06080608069896698
YMR014W,YGR238C,0,3.3963447,0.28938156366348267,0.24775224924087524,0.06090608984231949
YGL062W,YNL002C,0,3.3948865,0.2890442907810211,0.24775224924087524,0.061006098985672
YPL030W,YHR123W,0,3.3895268,0.28870779275894165,0.24775224924087524,0.061106111854314804
YCL031C,YAR050W,0,3.3865142,0.28837209939956665,0.24775224924087524,0.06120612099766731
YGL156W,YGR252W,0,3.3807244,0.28803718090057373,0.24775224924087524,0.06130613014101982
YCR028C-A,YDR465C,0,3.3788645,0.2877030074596405,0.24775224924087524,0.06140613928437233
YFR031C,YCR034W,0,3.3754659,0.28736963868141174,0.24775224924087524,0.06150615215301514
YPL030W,YLL052C,0,3.3748112,0.28703704476356506,0.24775224924087524,0.061606161296367645
YDL184C,YFL039C,0,3.3717756,0.2867051959037781,0.24775224924087524,0.061706170439720154
YNL015W,YBL039C,0,3.3716087,0.28637412190437317,0.24775224924087524,0.06180617958307266
YOR032C,YBR083W,1,3.3713517,0.2871972322463989,0.24875125288963318,0.06180617958307266
YLL021W,YNL098C,1,3.3711777,0.28801843523979187,0.2497502565383911,0.06180617958307266
YMR314W,YMR246W,0,3.3705027,0.2876870036125183,0.2497502565383911,0.06190619245171547
YNL182C,YLR350W,0,3.3692393,0.28735631704330444,0.2497502565383911,0.06200620159506798
YGL184C,YGR070W,0,3.367967,0.28702640533447266,0.2497502565383911,0.062106210738420486
YOR094W,YGL026C,0,3.3679597,0.28669723868370056,0.2497502565383911,0.062206219881772995
YJL051W,YNR003C,0,3.367272,0.28636884689331055,0.2497502565383911,0.062306229025125504
YGR209C,YOL141W,0,3.3670816,0.2860412001609802,0.2497502565383911,0.06240624189376831
YCL030C,YER049W,0,3.3663604,0.2857142984867096,0.2497502565383911,0.06250625103712082
YIL131C,YPL050C,0,3.3654518,0.28538814187049866,0.2497502565383911,0.06260626018047333
YLR154C,YJR125C,0,3.3644004,0.285062700510025,0.2497502565383911,0.06270626932382584
YBL069W,YOR221C,0,3.3632681,0.28473803400993347,0.2497502565383911,0.06280627846717834
YOL115W,YAR027W,0,3.3596294,0.2844141125679016,0.2497502565383911,0.06290628761053085
YGR192C,YGR132C,0,3.3594341,0.28409090638160706,0.2497502565383911,0.06300630420446396
YCR075C,YHR089C,0,3.3529894,0.2837684452533722,0.2497502565383911,0.06310631334781647
YJR147W,YHR073W,1,3.3507354,0.2845804989337921,0.25074926018714905,0.06310631334781647
YGR286C,YDR033W,0,3.3482418,0.2842582166194916,0.25074926018714905,0.06320632249116898
YJR016C,YLR127C,0,3.3459563,0.28393664956092834,0.25074926018714905,0.06330633163452148
YJL085W,YIL121W,0,3.3440464,0.2836158275604248,0.25074926018714905,0.06340634077787399
YBR182C,YGR274C,0,3.3394718,0.28329572081565857,0.25074926018714905,0.0635063499212265
YGR027C,YBR267W,0,3.33813,0.28297632932662964,0.25074926018714905,0.06360635906457901
YKL127W,YNL047C,0,3.338059,0.282657653093338,0.25074926018714905,0.06370636820793152
YGL183C,YLR178C,0,3.329855,0.2823397219181061,0.25074926018714905,0.06380637735128403
YKL020C,YDR155C,0,3.328843,0.28202247619628906,0.25074926018714905,0.06390639394521713
YBL034C,YAL016W,0,3.3274186,0.28170594573020935,0.25074926018714905,0.06400640308856964
YDR107C,YHR111W,1,3.323411,0.2825112044811249,0.251748263835907,0.06400640308856964
YJL204C,YGR027C,0,3.32268,0.2821948528289795,0.251748263835907,0.06410641223192215
YGL225W,YKL074C,0,3.3209045,0.281879186630249,0.251748263835907,0.06420642137527466
YCR014C,YBR083W,0,3.3185449,0.28156423568725586,0.251748263835907,0.06430643051862717
YMR143W,YDR402C,0,3.3173637,0.28125,0.251748263835907,0.06440643966197968
YBR006W,YGL255W,0,3.3169932,0.28093644976615906,0.251748263835907,0.06450644880533218
YKR042W,YNL012W,0,3.315015,0.2806236147880554,0.251748263835907,0.06460645794868469
YLR380W,YKR065C,0,3.3122106,0.2803114652633667,0.251748263835907,0.0647064670920372
YER091C,YDR473C,0,3.3078456,0.2800000011920929,0.251748263835907,0.0648064836859703
YIL114C,YKR103W,0,3.304898,0.279689222574234,0.251748263835907,0.06490649282932281
YDR012W,YGR108W,0,3.3034916,0.2793791592121124,0.251748263835907,0.06500650197267532
YBR201W,YLR340W,0,3.3002853,0.27906978130340576,0.251748263835907,0.06510651111602783
YER020W,YNL271C,1,3.3002553,0.2798672616481781,0.2527472674846649,0.06510651111602783
YDR531W,YDR074W,0,3.298174,0.279558002948761,0.2527472674846649,0.06520652025938034
YNR001C,YJR055W,0,3.2947853,0.2792494595050812,0.2527472674846649,0.06530652940273285
YOR353C,YBR283C,0,3.2908382,0.2789415717124939,0.2527472674846649,0.06540653854608536
YNL117W,YJL157C,0,3.2896771,0.27863436937332153,0.2527472674846649,0.06550654768943787
YKL186C,YDR003W,0,3.2884812,0.2783278226852417,0.2527472674846649,0.06560656428337097
YMR164C,YLR229C,1,3.2867484,0.27912089228630066,0.25374624133110046,0.06560656428337097
YOL060C,YPR094W,0,3.286207,0.27881449460983276,0.25374624133110046,0.06570657342672348
YJR070C,YJR066W,0,3.2826128,0.2785087823867798,0.25374624133110046,0.06580658257007599
YGL055W,YJL154C,0,3.2785697,0.27820372581481934,0.25374624133110046,0.0659065917134285
YKL048C,YDR432W,1,3.2769475,0.2789934277534485,0.2547452449798584,0.0659065917134285
YNR007C,YAL044C,0,3.275837,0.2786885201931,0.2547452449798584,0.066006600856781
YPL164C,YHR042W,0,3.2751913,0.278384268283844,0.2547452449798584,0.06610661000013351
YLR399C,YDR093W,0,3.2746825,0.27808070182800293,0.2547452449798584,0.06620661914348602
YFR015C,YER036C,0,3.2728257,0.2777777910232544,0.2547452449798584,0.06630662828683853
YNR069C,YHR179W,0,3.2727842,0.277475506067276,0.2547452449798584,0.06640663743019104
YLR139C,YJL053W,0,3.2725043,0.2771739065647125,0.2547452449798584,0.06650665402412415
YHR025W,YDL022W,0,3.2705355,0.2768729627132416,0.2547452449798584,0.06660666316747665
YGR013W,YGL229C,0,3.269321,0.27657267451286316,0.2547452449798584,0.06670667231082916
YPL079W,YDL030W,0,3.265158,0.2762730121612549,0.2547452449798584,0.06680668145418167
YOR298W,YCR071C,0,3.2646165,0.2759740352630615,0.2547452449798584,0.06690669059753418
YHR011W,YLR362W,1,3.26156,0.27675676345825195,0.25574424862861633,0.06690669059753418
YNL209W,YHR018C,0,3.2581098,0.27645787596702576,0.25574424862861633,0.06700669974088669
YJL033W,YDR072C,0,3.2567983,0.2761596441268921,0.25574424862861633,0.0671067088842392
YBR156C,YER082C,0,3.2564564,0.27586206793785095,0.25574424862861633,0.0672067180275917
YNL208W,YER161C,0,3.2542622,0.27556511759757996,0.25574424862861633,0.06730672717094421
YBL103C,YOR175C,0,3.2525635,0.2752688229084015,0.25574424862861633,0.06740674376487732
YER011W,YDR538W,0,3.2514856,0.27497315406799316,0.25574424862861633,0.06750675290822983
YNL079C,YER020W,1,3.2504752,0.2757510840892792,0.25674325227737427,0.06750675290822983
YNL197C,YGL123W,0,3.2496107,0.2754555344581604,0.25674325227737427,0.06760676205158234
YNL224C,YDR050C,0,3.2462568,0.27516061067581177,0.25674325227737427,0.06770677119493484
YGL047W,YPL273W,0,3.2436597,0.2748663127422333,0.25674325227737427,0.06780678033828735
YLR270W,YNL302C,0,3.2419288,0.2745726406574249,0.25674325227737427,0.06790678948163986
YLR362W,YAL041W,1,3.2394748,0.2753468453884125,0.2577422559261322,0.06790678948163986
YDL014W,YFR003C,0,3.2393904,0.2750532925128937,0.2577422559261322,0.06800679862499237
YLR329W,YKL038W,0,3.2376204,0.2747603952884674,0.2577422559261322,0.06810680776834488
YLR080W,YDR046C,0,3.2361073,0.2744680941104889,0.2577422559261322,0.06820682436227798
YBR173C,YKL103C,0,3.2347946,0.2741764187812805,0.2577422559261322,0.0683068335056305
YBR018C,YDR198C,0,3.23335,0.2738853394985199,0.2577422559261322,0.068406842648983
YDR496C,YDL168W,0,3.2270477,0.2735949158668518,0.2577422559261322,0.06850685179233551
YDR099W,YLR362W,1,3.224218,0.2743644118309021,0.25874125957489014,0.06850685179233551
YDR107C,YOR030W,1,3.2239237,0.27513226866722107,0.25974026322364807,0.06850685179233551
YDL005C,YCR012W,0,3.2233806,0.27484142780303955,0.25974026322364807,0.06860686093568802
YMR079W,YKL173W,0,3.223074,0.2745512127876282,0.25974026322364807,0.06870687007904053
YGL179C,YNL207W,0,3.2220201,0.27426159381866455,0.25974026322364807,0.06880687922239304
YMR005W,YMR173W,0,3.212675,0.27397260069847107,0.25974026322364807,0.06890688836574554
YBR026C,YDR440W,0,3.2113845,0.27368420362472534,0.25974026322364807,0.06900689750909805
YFL004W,YAL020C,0,3.2092898,0.27339643239974976,0.25974026322364807,0.06910691410303116
YEL038W,YER049W,0,3.2091584,0.2731092572212219,0.25974026322364807,0.06920692324638367
YER118C,YNL271C,1,3.1997776,0.2738719880580902,0.260739266872406,0.06920692324638367
YIL026C,YKL212W,0,3.197467,0.27358490228652954,0.260739266872406,0.06930693238973618
YHR203C,YKR060W,0,3.1916916,0.273298442363739,0.260739266872406,0.06940694153308868
YMR173W,YGL213C,0,3.185905,0.27301254868507385,0.260739266872406,0.06950695067644119
YHR123W,YPR189W,0,3.1851315,0.27272728085517883,0.260739266872406,0.0696069598197937
YDR530C,YDL198C,0,3.184188,0.2724425792694092,0.260739266872406,0.06970696896314621
YLR398C,YOR063W,0,3.1809175,0.27215850353240967,0.260739266872406,0.06980697810649872
YPL030W,YGL084C,0,3.1788983,0.2718749940395355,0.260739266872406,0.06990698724985123
YDR451C,YML008C,0,3.1781573,0.27159208059310913,0.260739266872406,0.07000700384378433
YMR240C,YGR023W,0,3.1760778,0.2713097631931305,0.260739266872406,0.07010701298713684
YOR092W,YJL109C,0,3.1754127,0.2710280418395996,0.260739266872406,0.07020702213048935
YMR173W,YKL127W,0,3.1747062,0.2707468867301941,0.260739266872406,0.07030703127384186
YGR286C,YJL125C,0,3.1740422,0.27046632766723633,0.260739266872406,0.07040704041719437
YER149C,YKL043W,1,3.1712267,0.2712215185165405,0.26173827052116394,0.07040704041719437
YNL159C,YLR228C,0,3.170826,0.2709410488605499,0.26173827052116394,0.07050704956054688
YNL030W,YNR056C,0,3.1707277,0.2706611454486847,0.26173827052116394,0.07060705870389938
YBR110W,YER168C,0,3.163302,0.2703818380832672,0.26173827052116394,0.07070706784725189
YCR083W,YLR381W,0,3.163096,0.2701030969619751,0.26173827052116394,0.0708070769906044
YOR303W,YFR036W,0,3.1615217,0.26982492208480835,0.26173827052116394,0.0709070935845375
YDR060W,YPL218W,0,3.158064,0.26954731345176697,0.26173827052116394,0.07100710272789001
YJR145C,YML060W,0,3.157279,0.26927030086517334,0.26173827052116394,0.07110711187124252
YBR006W,YHR206W,0,3.1572232,0.2689938545227051,0.26173827052116394,0.07120712101459503
YGL190C,YKL043W,1,3.1528435,0.26974359154701233,0.2627372741699219,0.07120712101459503
YJR095W,YDR440W,0,3.1517568,0.26946720480918884,0.2627372741699219,0.07130713015794754
YBR019C,YMR216C,0,3.1457396,0.2691914141178131,0.2627372741699219,0.07140713930130005
YKL180W,YML132W,0,3.1440494,0.26891615986824036,0.2627372741699219,0.07150714844465256
YNL079C,YER109C,1,3.143901,0.26966291666030884,0.2637362778186798,0.07150714844465256
YNL321W,YDR409W,0,3.143227,0.26938775181770325,0.2637362778186798,0.07160715758800507
YLR047C,YMR268C,0,3.1427572,0.269113153219223,0.2637362778186798,0.07170717418193817
YOR301W,YDL208W,0,3.142715,0.2688390910625458,0.2637362778186798,0.07180718332529068
YOL030W,YGL017W,0,3.1417859,0.2685656249523163,0.2637362778186798,0.07190719246864319
YEL046C,YCL011C,0,3.1409864,0.26829269528388977,0.2637362778186798,0.0720072016119957
YER045C,YGR172C,0,3.1405034,0.26802030205726624,0.2637362778186798,0.0721072107553482
YDL028C,YPL017C,0,3.1403432,0.26774847507476807,0.2637362778186798,0.07220721989870071
YLR362W,YBR066C,1,3.1403327,0.26849037408828735,0.26473525166511536,0.07220721989870071
YML032C,YPR119W,0,3.1366649,0.26821863651275635,0.26473525166511536,0.07230722904205322
YGR285C,YBR059C,0,3.1357455,0.2679474353790283,0.26473525166511536,0.07240723818540573
YNL301C,YML070W,0,3.1356907,0.26767677068710327,0.26473525166511536,0.07250724732875824
YMR316W,YLL040C,0,3.1319695,0.2674066722393036,0.26473525166511536,0.07260726392269135
YCR030C,YDL036C,0,3.131559,0.2671371102333069,0.26473525166511536,0.07270727306604385
YDR055W,YER185W,0,3.1314406,0.26686808466911316,0.26473525166511536,0.07280728220939636
YBR074W,YOL060C,0,3.1297693,0.2665995955467224,0.26473525166511536,0.07290729135274887
YOR347C,YBR183W,0,3.1294231,0.26633167266845703,0.26473525166511536,0.07300730049610138
YDR237W,YLL039C,0,3.1282895,0.26606425642967224,0.26473525166511536,0.07310730963945389
YGL211W,YJL092W,0,3.1276612,0.2657974064350128,0.26473525166511536,0.0732073187828064
YPL186C,YKR105C,0,3.1268806,0.265531063079834,0.26473525166511536,0.0733073279261589
YNL001W,YLR313C,1,3.1264057,0.26626625657081604,0.2657342553138733,0.0733073279261589
YJR078W,YML094W,0,3.1262994,0.26600000262260437,0.2657342553138733,0.07340733706951141
YOR321W,YMR288W,0,3.1250238,0.2657342553138733,0.2657342553138733,0.07350735366344452
YOR120W,YJR045C,0,3.1248937,0.2654690742492676,0.2657342553138733,0.07360736280679703
YDR341C,YKL011C,0,3.1219296,0.26520439982414246,0.2657342553138733,0.07370737195014954
YPL048W,YOL141W,0,3.12174,0.2649402320384979,0.2657342553138733,0.07380738109350204
YJL200C,YCL059C,0,3.1187127,0.26467663049697876,0.2657342553138733,0.07390739023685455
YDR390C,YJR143C,0,3.1182318,0.2644135057926178,0.2657342553138733,0.07400739938020706
YER131W,YNL008C,0,3.117565,0.2641509473323822,0.2657342553138733,0.07410740852355957
YMR282C,YPL106C,0,3.1172266,0.2638888955116272,0.2657342553138733,0.07420741766691208
YJR147W,YCR093W,1,3.1158266,0.2646184265613556,0.2667332589626312,0.07420741766691208
YDR099W,YBR083W,1,3.115111,0.2653465270996094,0.26773226261138916,0.07420741766691208
YOR242C,YBL066C,0,3.1143732,0.26508408784866333,0.26773226261138916,0.07430743426084518
YNL330C,YLR406C,0,3.113665,0.2648221254348755,0.26773226261138916,0.07440744340419769
YMR049C,YBR299W,0,3.1133702,0.2645606994628906,0.26773226261138916,0.0745074525475502
YIL131C,YAL041W,1,3.11227,0.26528599858283997,0.2687312662601471,0.0745074525475502
YNL197C,YER177W,1,3.1117594,0.2660098373889923,0.26973026990890503,0.0745074525475502
YNL008C,YDL051W,0,3.1115139,0.2657480239868164,0.26973026990890503,0.07460746169090271
YNR049C,YIL145C,0,3.110759,0.2654867172241211,0.26973026990890503,0.07470747083425522
YOR298W,YMR194W,0,3.1107574,0.26522594690322876,0.26973026990890503,0.07480747997760773
YHR073W,YER113C,1,3.10887,0.26594701409339905,0.27072927355766296,0.07480747997760773
YDR356W,YLR029C,0,3.1083028,0.2656862735748291,0.27072927355766296,0.07490748912096024
YNL327W,YAL003W,0,3.107631,0.26542603969573975,0.27072927355766296,0.07500749826431274
YPR145W,YPL188W,0,3.1070867,0.26516634225845337,0.27072927355766296,0.07510750740766525
YER145C,YGR091W,0,3.1069043,0.2649071216583252,0.27072927355766296,0.07520752400159836
YER149C,YJR147W,1,3.106738,0.265625,0.2717282772064209,0.07520752400159836
YJR095W,YLR178C,0,3.1020203,0.2653658390045166,0.2717282772064209,0.07530753314495087
YIL097W,YNL209W,0,3.0994704,0.2651072144508362,0.2717282772064209,0.07540754228830338
YJR065C,YNL298W,0,3.0985956,0.26484906673431396,0.2717282772064209,0.07550755143165588
YBR105C,YCR002C,0,3.0943656,0.26459142565727234,0.2717282772064209,0.07560756057500839
YHR156C,YBR230C,0,3.093845,0.2643342912197113,0.2717282772064209,0.0757075697183609
YMR164C,YOR371C,1,3.0936742,0.2650485336780548,0.27272728085517883,0.0757075697183609
YOL136C,YMR163C,0,3.0929036,0.26479145884513855,0.27272728085517883,0.07580757886171341
YJL051W,YLR095C,0,3.0914273,0.2645348906517029,0.27272728085517883,0.07590758800506592
YJL155C,YGL023C,0,3.0859141,0.2642787992954254,0.27272728085517883,0.07600759714841843
YPL259C,YNL207W,0,3.085764,0.26402321457862854,0.27272728085517883,0.07610761374235153
YJR153W,YLR083C,1,3.0836117,0.26473429799079895,0.27372628450393677,0.07610761374235153
YIL101C,YNL049C,0,3.0833106,0.26447877287864685,0.27372628450393677,0.07620762288570404
YIL150C,YLL050C,0,3.0829244,0.26422372460365295,0.27372628450393677,0.07630763202905655
YNL271C,YLR348C,0,3.0828683,0.26396918296813965,0.27372628450393677,0.07640764117240906
YDR477W,YKL185W,1,3.0825653,0.26467758417129517,0.2747252881526947,0.07640764117240906
YER154W,YFR001W,0,3.0801237,0.26442307233810425,0.2747252881526947,0.07650765031576157
YPL174C,YNL073W,0,3.0793352,0.2641690671443939,0.2747252881526947,0.07660765945911407
YGR276C,YDR529C,0,3.0768533,0.2639155387878418,0.2747252881526947,0.07670766860246658
YLL038C,YEL053C,0,3.0764399,0.26366251707077026,0.2747252881526947,0.07680767774581909
YKL220C,YHR079C,0,3.0753207,0.26340997219085693,0.2747252881526947,0.0769076943397522
YPL023C,YER039C,0,3.0732727,0.2631579041481018,0.2747252881526947,0.0770077034831047
YCR054C,YLR308W,0,3.0729465,0.2629063129425049,0.2747252881526947,0.07710771262645721
YHR101C,YNL321W,0,3.0726986,0.26265519857406616,0.2747252881526947,0.07720772176980972
YOL155C,YNR010W,0,3.0714881,0.26240459084510803,0.2747252881526947,0.07730773091316223
YBR127C,YDR522C,0,3.0713215,0.2621544301509857,0.2747252881526947,0.07740774005651474
YBL064C,YGR186W,0,3.067746,0.261904776096344,0.2747252881526947,0.07750774919986725
YNL121C,YIL046W,0,3.0669446,0.2616555690765381,0.2747252881526947,0.07760775834321976
YGR271C-A,YDL103C,0,3.0649712,0.2614068388938904,0.2747252881526947,0.07770776748657227
YBL054W,YJL124C,0,3.064424,0.2611585855484009,0.2747252881526947,0.07780778408050537
YEL058W,YKR026C,0,3.0632372,0.2609108090400696,0.2747252881526947,0.07790779322385788
YOL052C,YBR177C,0,3.0613692,0.2606635093688965,0.2747252881526947,0.07800780236721039
YHR011W,YOR371C,1,3.0545998,0.2613636255264282,0.27572426199913025,0.07800780236721039
YHR160C,YCR094W,0,3.0544329,0.2611163556575775,0.27572426199913025,0.0781078115105629
YLL029W,YBR281C,0,3.0517874,0.260869562625885,0.27572426199913025,0.0782078206539154
YHR004C,YLR129W,0,3.051651,0.2606232166290283,0.27572426199913025,0.07830782979726791
YKR039W,YDL227C,0,3.0511737,0.26037734746932983,0.27572426199913025,0.07840783894062042
YOL125W,YPL131W,0,3.0500674,0.26013195514678955,0.27572426199913025,0.07850784808397293
YJR151C,YMR190C,0,3.0498004,0.2598870098590851,0.27572426199913025,0.07860785722732544
YIR028W,YBR115C,0,3.0479946,0.25964251160621643,0.27572426199913025,0.07870787382125854
YDR144C,YNR035C,0,3.0459228,0.259398490190506,0.27572426199913025,0.07880788296461105
YLR268W,YBR110W,0,3.0457678,0.25915491580963135,0.27572426199913025,0.07890789210796356
YLR024C,YBR093C,0,3.0456495,0.2589118182659149,0.27572426199913025,0.07900790125131607
YDR184C,YGR288W,0,3.0453982,0.2586691677570343,0.27572426199913025,0.07910791039466858
YNL151C,YER054C,0,3.0449858,0.2584269642829895,0.27572426199913025,0.07920791953802109
YPL214C,YDR172W,0,3.0435438,0.2581852078437805,0.27572426199913025,0.0793079286813736
YLR153C,YAL054C,0,3.0407462,0.25794392824172974,0.27572426199913025,0.0794079378247261
YJR036C,YGR034W,0,3.0402875,0.25770309567451477,0.27572426199913025,0.07950795441865921
YJR047C,YDR326C,0,3.0388613,0.25746268033981323,0.27572426199913025,0.07960796356201172
YKL165C,YOL115W,0,3.0360456,0.2572227418422699,0.27572426199913025,0.07970797270536423
YDR496C,YOR202W,0,3.0344691,0.2569832503795624,0.27572426199913025,0.07980798184871674
YAL041W,YIL049W,1,3.0343297,0.2576744258403778,0.2767232656478882,0.07980798184871674
YNL207W,YDL038C,0,3.034236,0.2574349343776703,0.2767232656478882,0.07990799099206924
YCR075C,YDR450W,0,3.033172,0.25719591975212097,0.2767232656478882,0.08000800013542175
YER053C,YIL132C,0,3.0289268,0.2569573223590851,0.2767232656478882,0.08010800927877426
YGL095C,YNL210W,0,3.0287132,0.256719172000885,0.2767232656478882,0.08020801842212677
YOL002C,YDR158W,0,3.0264015,0.25648146867752075,0.2767232656478882,0.08030802756547928
YKR102W,YLR233C,0,3.0230439,0.2562442123889923,0.2767232656478882,0.08040804415941238
YNL186W,YAL013W,0,3.0230262,0.2560074031352997,0.2767232656478882,0.08050805330276489
YKL041W,YLR043C,0,3.0176015,0.2557710111141205,0.2767232656478882,0.0806080624461174
YNL298W,YER177W,1,3.0173748,0.2564575672149658,0.2777222692966461,0.0806080624461174
YIR036C,YBR182C,0,3.0173733,0.256221204996109,0.2777222692966461,0.08070807158946991
YOL145C,YHR092C,0,3.017122,0.2559852600097656,0.2777222692966461,0.08080808073282242
YOR128C,YJR155W,0,3.014245,0.25574976205825806,0.2777222692966461,0.08090808987617493
YKL156W,YNL115C,0,3.0096576,0.2555147111415863,0.2777222692966461,0.08100809901952744
YDR138W,YMR008C,0,3.0073438,0.255280077457428,0.2777222692966461,0.08110810816287994
YBL003C,YOL138C,0,3.0050826,0.2550458610057831,0.2777222692966461,0.08120811730623245
YOL093W,YLR174W,0,3.0046322,0.254812091588974,0.2777222692966461,0.08130813390016556
YDR251W,YMR016C,1,3.0040643,0.25549450516700745,0.27872127294540405,0.08130813390016556
YLR343W,YDR224C,0,3.0021653,0.25526073575019836,0.27872127294540405,0.08140814304351807
YBR177C,YBR265W,0,3.0018322,0.2550274133682251,0.27872127294540405,0.08150815218687057
YMR024W,YKL096W,0,3.0007157,0.25479450821876526,0.27872127294540405,0.08160816133022308
YAR071W,YKR038C,0,2.99916,0.25456205010414124,0.27872127294540405,0.08170817047357559
YPR033C,YBR253W,0,2.9960372,0.25432997941970825,0.27872127294540405,0.0818081796169281
YDL159W,YDR043C,1,2.9931128,0.25500911474227905,0.279720276594162,0.0818081796169281
YDL159W,YNL142W,1,2.9916701,0.25568699836730957,0.2807192802429199,0.0818081796169281
YBR020W,YIR023W,0,2.9915667,0.25545454025268555,0.2807192802429199,0.08190818876028061
YBR132C,YGL224C,0,2.988949,0.25522252917289734,0.2807192802429199,0.08200819790363312
YMR300C,YML038C,0,2.9889295,0.25499093532562256,0.2807192802429199,0.08210821449756622
YGL099W,YGL225W,0,2.9875689,0.2547597587108612,0.2807192802429199,0.08220822364091873
YCL024W,YPL079W,0,2.9872842,0.2545289993286133,0.2807192802429199,0.08230823278427124
YIL131C,YKL185W,1,2.9861493,0.25520363450050354,0.28171828389167786,0.08230823278427124
YPL091W,YJL145W,0,2.9846704,0.2549728751182556,0.28171828389167786,0.08240824192762375
YLL011W,YJR147W,0,2.9839578,0.2547425329685211,0.28171828389167786,0.08250825107097626
YGL001C,YOR307C,0,2.981503,0.25451263785362244,0.28171828389167786,0.08260826021432877
YMR164C,YOL021C,0,2.9754353,0.2542831301689148,0.28171828389167786,0.08270826935768127
YNL001W,YGL190C,1,2.973095,0.2549549639225006,0.2827172875404358,0.08270826935768127
YLL023C,YJL198W,0,2.9727159,0.25472548604011536,0.2827172875404358,0.08280827850103378
YLR286C,YBR126C,0,2.9711263,0.25449639558792114,0.2827172875404358,0.08290828764438629
YNL298W,YMR316W,1,2.969602,0.2551662027835846,0.2837162911891937,0.08290828764438629
YMR271C,YHL002W,0,2.966979,0.25493717193603516,0.2837162911891937,0.0830083042383194
YBR106W,YLR289W,0,2.964777,0.25470852851867676,0.2837162911891937,0.0831083133816719
YOR036W,YMR203W,0,2.9645748,0.2544802725315094,0.2837162911891937,0.08320832252502441
YMR061W,YGR225W,0,2.964058,0.25425246357917786,0.2837162911891937,0.08330833166837692
YGR163W,YBR031W,0,2.9634995,0.25402504205703735,0.2837162911891937,0.08340834081172943
YNL175C,YKL008C,0,2.9615858,0.2537980377674103,0.2837162911891937,0.08350834995508194
YBR150C,YOR143C,0,2.9615731,0.25357142090797424,0.2837162911891937,0.08360835909843445
YDR536W,YMR112C,0,2.9610672,0.25334522128105164,0.2837162911891937,0.08370836824178696
YJL170C,YDR060W,0,2.958916,0.25311943888664246,0.2837162911891937,0.08380837738513947
YAL060W,YFR051C,0,2.95809,0.2528940439224243,0.2837162911891937,0.08390839397907257
YJR139C,YCL010C,0,2.9575663,0.2526690363883972,0.2837162911891937,0.08400840312242508
YLR029C,YNL139C,0,2.9562674,0.25244444608688354,0.2837162911891937,0.08410841226577759
YPL072W,YDL140C,0,2.953406,0.2522202432155609,0.2837162911891937,0.0842084214091301
YER118C,YOR371C,1,2.9506721,0.25288376212120056,0.28471529483795166,0.0842084214091301
YMR013C,YGR189C,0,2.9503403,0.2526595890522003,0.28471529483795166,0.0843084305524826
YPR183W,YLR084C,0,2.9481773,0.2524357736110687,0.28471529483795166,0.08440843969583511
YHR184W,YPL132W,0,2.947164,0.25221237540245056,0.28471529483795166,0.08450844883918762
YML015C,YDR533C,0,2.940901,0.2519893944263458,0.28471529483795166,0.08460845798254013
YNL224C,YFL045C,0,2.9407732,0.25176677107810974,0.28471529483795166,0.08470846712589264
YOR348C,YJL047C,0,2.9368856,0.2515445649623871,0.28471529483795166,0.08480848371982574
YJL184W,YML056C,0,2.936496,0.25132274627685547,0.28471529483795166,0.08490849286317825
YPL091W,YMR180C,0,2.9327264,0.2511013150215149,0.28471529483795166,0.08500850200653076
YMR316W,YNL271C,1,2.9301438,0.2517605721950531,0.2857142984867096,0.08500850200653076
YMR287C,YBL078C,0,2.9286287,0.2515391409397125,0.2857142984867096,0.08510851114988327
YHR092C,YNR074C,0,2.9285898,0.251318097114563,0.2857142984867096,0.08520852029323578
YHR041C,YKL038W,0,2.926683,0.2510974407196045,0.2857142984867096,0.08530852943658829
YOR125C,YGL120C,0,2.9227395,0.2508772015571594,0.2857142984867096,0.0854085385799408
YIL094C,YLR376C,0,2.9215825,0.250657320022583,0.2857142984867096,0.0855085477232933
YJR112W,YIL125W,0,2.9187412,0.25043782591819763,0.2857142984867096,0.08560856431722641
YLR309C,YDR141C,0,2.9161043,0.2502187192440033,0.2857142984867096,0.08570857346057892
YPL074W,YDR032C,0,2.9152565,0.25,0.2857142984867096,0.08580858260393143
YJR032W,YCR097W,0,2.9115667,0.24978165328502655,0.2857142984867096,0.08590859174728394
YER144C,YMR068W,0,2.9111187,0.24956369400024414,0.2857142984867096,0.08600860089063644
YCR038C,YMR164C,1,2.9100204,0.2502179741859436,0.28671327233314514,0.08600860089063644
YKL164C,YJR086W,0,2.9080625,0.25,0.28671327233314514,0.08610861003398895
YHR183W,YKL190W,0,2.9072566,0.24978241324424744,0.28671327233314514,0.08620861917734146
YDR059C,YLR389C,0,2.9026384,0.2495652139186859,0.28671327233314514,0.08630862832069397
YML114C,YFL031W,0,2.9010293,0.24934838712215424,0.28671327233314514,0.08640863746404648
YLR295C,YGR148C,0,2.8990269,0.2491319477558136,0.28671327233314514,0.08650865405797958
YKL059C,YPL111W,0,2.8966172,0.2489158660173416,0.28671327233314514,0.08660866320133209
YFL055W,YPR102C,0,2.8944154,0.24870017170906067,0.28671327233314514,0.0867086723446846
YDL181W,YLR221C,0,2.8942275,0.24848484992980957,0.28671327233314514,0.08680868148803711
YBL024W,YBR070C,0,2.894168,0.24826990067958832,0.28671327233314514,0.08690869063138962
YKL096W-A,YOR288C,0,2.8928041,0.24805530905723572,0.28671327233314514,0.08700869977474213
YGL031C,YAL014C,0,2.8908796,0.24784110486507416,0.28671327233314514,0.08710870891809464
YMR121C,YDR332W,0,2.8897853,0.24762725830078125,0.28671327233314514,0.08720871806144714
YHR143W,YNL068C,1,2.8856716,0.24827586114406586,0.2877122759819031,0.08720871806144714
YDR099W,YMR164C,1,2.8848634,0.24892334640026093,0.288711279630661,0.08720871806144714
YNL030W,YNL009W,0,2.8846827,0.24870912730693817,0.288711279630661,0.08730872720479965
YDL227C,YOL101C,0,2.883204,0.24849526584148407,0.288711279630661,0.08740874379873276
YAL008W,YCR012W,0,2.8794003,0.248281791806221,0.288711279630661,0.08750875294208527
YLR362W,YLR229C,1,2.8791423,0.248927041888237,0.28971028327941895,0.08750875294208527
YOR337W,YBL060W,0,2.877077,0.24871355295181274,0.28971028327941895,0.08760876208543777
YPR080W,YDR082W,0,2.8761435,0.24850042164325714,0.28971028327941895,0.08770877122879028
YDR251W,YDR451C,0,2.8758905,0.24828767776489258,0.28971028327941895,0.08780878037214279
YHR183W,YKL144C,0,2.874813,0.24807527661323547,0.28971028327941895,0.0879087895154953
YJR009C,YDR288W,0,2.872961,0.24786324799060822,0.28971028327941895,0.08800879865884781
YLR449W,YLR110C,0,2.8720791,0.2476515769958496,0.28971028327941895,0.08810880780220032
YER149C,YDL035C,1,2.86907,0.24829351902008057,0.2907092869281769,0.08810880780220032
YJL209W,YGL008C,0,2.8674364,0.24808184802532196,0.2907092869281769,0.08820882439613342
YDR418W,YOR340C,0,2.8670225,0.247870534658432,0.2907092869281769,0.08830883353948593
YMR121C,YBR278W,0,2.8654544,0.2476595789194107,0.2907092869281769,0.08840884268283844
YHR188C,YMR017W,0,2.863748,0.24744898080825806,0.2907092869281769,0.08850885182619095
YDR392W,YNL119W,1,2.863182,0.24808835983276367,0.2917082905769348,0.08850885182619095
YHL009C,YIL046W,0,2.8627827,0.24787776172161102,0.2917082905769348,0.08860886096954346
YOR322C,YMR142C,0,2.8626268,0.24766752123832703,0.2917082905769348,0.08870887011289597
YDR260C,YJL159W,0,2.8615806,0.2474576234817505,0.2917082905769348,0.08880887925624847
YDR518W,YER141W,0,2.8592296,0.2472480982542038,0.2917082905769348,0.08890888839960098
YDL035C,YMR282C,0,2.8585978,0.24703891575336456,0.2917082905769348,0.08900889754295349
YHR111W,YDR432W,1,2.8548107,0.24767540395259857,0.29270729422569275,0.08900889754295349
YMR300C,YLR034C,0,2.8526664,0.24746622145175934,0.29270729422569275,0.0891089141368866
YDR358W,YLL036C,0,2.851461,0.24725738167762756,0.29270729422569275,0.0892089232802391
YGL237C,YEL042W,0,2.8506513,0.24704889953136444,0.29270729422569275,0.08930893242359161
YNL119W,YDL107W,0,2.8465965,0.24684077501296997,0.29270729422569275,0.08940894156694412
YNL242W,YLL050C,0,2.8416796,0.24663299322128296,0.29270729422569275,0.08950895071029663
YLR083C,YNL142W,1,2.8373013,0.24726660549640656,0.2937062978744507,0.08950895071029663
YDR258C,YDR362C,0,2.836317,0.24705882370471954,0.2937062978744507,0.08960895985364914
YDR155C,YEL055C,0,2.8344193,0.24685138463974,0.2937062978744507,0.08970896899700165
YOL155C,YCR067C,0,2.8336787,0.2466442883014679,0.2937062978744507,0.08980897814035416
YMR036C,YBL078C,0,2.8308692,0.24643754959106445,0.2937062978744507,0.08990898728370667
YOR140W,YBR093C,0,2.8301651,0.24623115360736847,0.2937062978744507,0.09000900387763977
YGL141W,YHR143W,0,2.8296576,0.24602510035037994,0.2937062978744507,0.09010901302099228
YJL076W,YHR060W,0,2.8287914,0.24581940472126007,0.2937062978744507,0.09020902216434479
YLR312C-B,YNL001W,1,2.8280008,0.24644945561885834,0.2947053015232086,0.09020902216434479
YJR153W,YKL043W,1,2.827468,0.24707846343517303,0.29570430517196655,0.09020902216434479
YHR196W,YHR175W,0,2.8271854,0.24687239527702332,0.29570430517196655,0.0903090313076973
YNL079C,YKL185W,1,2.8268726,0.2475000023841858,0.2967033088207245,0.0903090313076973
YKR013W,YDR454C,0,2.826561,0.24729391932487488,0.2967033088207245,0.0904090404510498
YHR171W,YMR075W,0,2.8241458,0.24708817899227142,0.2967033088207245,0.09050904959440231
YBR110W,YKL112W,0,2.8235486,0.24688279628753662,0.2967033088207245,0.09060905873775482
YOR301W,YLR308W,0,2.8219008,0.24667774140834808,0.2967033088207245,0.09070906788110733
YLR100W,YBR037C,0,2.8212504,0.246473029255867,0.2967033088207245,0.09080908447504044
YLR362W,YOR371C,1,2.8176227,0.24709784984588623,0.2977023124694824,0.09080908447504044
YDR043C,YJL121C,0,2.8164878,0.24689312279224396,0.2977023124694824,0.09090909361839294
YGR192C,YPL139C,0,2.8156629,0.24668873846530914,0.2977023124694824,0.09100910276174545
YGL021W,YGR199W,0,2.8148432,0.2464846968650818,0.2977023124694824,0.09110911190509796
YMR238W,YDR043C,1,2.8118324,0.24710743129253387,0.29870128631591797,0.09110911190509796
YDR037W,YIL072W,0,2.80906,0.24690338969230652,0.29870128631591797,0.09120912104845047
YLR214W,YOR153W,0,2.8071337,0.24669967591762543,0.29870128631591797,0.09130913019180298
YLR089C,YNL309W,0,2.8060575,0.2464962899684906,0.29870128631591797,0.09140913933515549
YCR093W,YPR122W,0,2.8057804,0.24629324674606323,0.29870128631591797,0.091509148478508
YOR181W,YER036C,0,2.8042414,0.24609053134918213,0.29870128631591797,0.0916091576218605
YLL013C,YOR348C,0,2.803997,0.24588815867900848,0.29870128631591797,0.09170917421579361
YDR198C,YPR005C,0,2.8016698,0.2456861138343811,0.29870128631591797,0.09180918335914612
YAL022C,YPR122W,0,2.8006542,0.2454843968153,0.29870128631591797,0.09190919250249863
YLR362W,YIL049W,1,2.8004236,0.24610336124897003,0.2997002899646759,0.09190919250249863
YOR127W,YCR011C,0,2.7984805,0.24590164422988892,0.2997002899646759,0.09200920164585114
YKL164C,YFR037C,0,2.7981772,0.24570024013519287,0.2997002899646759,0.09210921078920364
YBR229C,YDR492W,0,2.797791,0.24549917876720428,0.2997002899646759,0.09220921993255615
YOR148C,YDL191W,0,2.796228,0.24529844522476196,0.2997002899646759,0.09230922907590866
YNL072W,YER141W,0,2.7958093,0.2450980395078659,0.2997002899646759,0.09240923821926117
YFL023W,YOR179C,0,2.7956953,0.2448979616165161,0.2997002899646759,0.09250924736261368
YBR243C,YDL227C,0,2.7935221,0.24469821155071259,0.2997002899646759,0.09260926395654678
YKL130C,YGR092W,0,2.7916512,0.24449877440929413,0.2997002899646759,0.09270927309989929
YJR140C,YPL095C,0,2.7858014,0.24429967999458313,0.2997002899646759,0.0928092822432518
YDR448W,YMR202W,0,2.7856388,0.2441008985042572,0.2997002899646759,0.09290929138660431
YJL151C,YOR140W,0,2.7805376,0.24390244483947754,0.2997002899646759,0.09300930052995682
YGR023W,YBR020W,0,2.7804575,0.24370430409908295,0.2997002899646759,0.09310930967330933
YPL127C,YGR092W,0,2.780215,0.24350649118423462,0.2997002899646759,0.09320931881666183
YPR145W,YGL029W,0,2.7801867,0.24330900609493256,0.2997002899646759,0.09330932796001434
YCR010C,YGL071W,0,2.7788568,0.24311183393001556,0.2997002899646759,0.09340934455394745
YMR016C,YAL041W,1,2.7774498,0.24372470378875732,0.30069929361343384,0.09340934455394745
YNL248C,YBL017C,0,2.775266,0.24352750182151794,0.30069929361343384,0.09350935369729996
YGR087C,YPL232W,0,2.7743006,0.24333064258098602,0.30069929361343384,0.09360936284065247
YBR125C,YML024W,0,2.7733595,0.24313408136367798,0.30069929361343384,0.09370937198400497
YJR019C,YJL111W,0,2.7708528,0.2429378479719162,0.30069929361343384,0.09380938112735748
YAL041W,YDR043C,1,2.7707126,0.24354839324951172,0.3016982972621918,0.09380938112735748
YKL182W,YMR154C,0,2.7696495,0.24335213005542755,0.3016982972621918,0.09390939027070999
YIL074C,YDR488C,0,2.7685137,0.24315619468688965,0.3016982972621918,0.0940093994140625
YJL042W,YOL054W,0,2.766914,0.24296057224273682,0.3016982972621918,0.09410940855741501
YJL034W,YGL174W,0,2.766854,0.24276527762413025,0.3016982972621918,0.09420941770076752
YNL138W,YBR066C,1,2.7662203,0.24337349832057953,0.3026973009109497,0.09420941770076752
YHR072W,YJR033C,0,2.765934,0.24317817389965057,0.3026973009109497,0.09430943429470062
YBR066C,YJL172W,0,2.76574,0.2429831624031067,0.3026973009109497,0.09440944343805313
YCR039C,YPR061C,0,2.7655964,0.24278846383094788,0.3026973009109497,0.09450945258140564
YMR016C,YHR084W,1,2.7646525,0.24339471757411957,0.30369630455970764,0.09450945258140564
YGL245W,YNR015W,0,2.7604082,0.24320000410079956,0.30369630455970764,0.09460946172475815
YDR432W,YER177W,1,2.7601528,0.2438049614429474,0.3046953082084656,0.09460946172475815
YLR237W,YGR085C,0,2.7591712,0.243610218167305,0.3046953082084656,0.09470947086811066
YDR121W,YNL101W,0,2.7566774,0.24341580271720886,0.3046953082084656,0.09480948001146317
YJR032W,YLL029W,0,2.756557,0.2432216852903366,0.3046953082084656,0.09490948915481567
YOR069W,YOL021C,0,2.7543473,0.24302789568901062,0.3046953082084656,0.09500949829816818
YDR099W,YNL197C,1,2.7541065,0.2436305731534958,0.3056943118572235,0.09500949829816818
YKL188C,YDL055C,0,2.7523317,0.2434367537498474,0.3056943118572235,0.09510950744152069
YBR014C,YDR012W,0,2.7479508,0.2432432472705841,0.3056943118572235,0.0952095240354538
YJL159W,YOR028C,0,2.7457945,0.24305003881454468,0.3056943118572235,0.0953095331788063
YML054C,YGR144W,0,2.7456613,0.24285714328289032,0.3056943118572235,0.09540954232215881
YPL032C,YPL093W,0,2.7449892,0.24266454577445984,0.3056943118572235,0.09550955146551132
YPL144W,YMR263W,0,2.742352,0.24247226119041443,0.3056943118572235,0.09560956060886383
YMR121C,YHL024W,0,2.7411249,0.2422802895307541,0.3056943118572235,0.09570956975221634
YGL123W,YIL109C,0,2.7408967,0.24208860099315643,0.3056943118572235,0.09580957889556885
YGL190C,YLR362W,1,2.7393098,0.24268774688243866,0.30669331550598145,0.09580957889556885
YHR007C,YOR299W,0,2.7382164,0.2424960434436798,0.30669331550598145,0.09590958803892136
YFL018C,YDL213C,0,2.7377923,0.24230465292930603,0.30669331550598145,0.09600960463285446
YFR008W,YBR061C,0,2.7345092,0.24211356043815613,0.30669331550598145,0.09610961377620697
YGR280C,YIL051C,0,2.7329335,0.2419227808713913,0.30669331550598145,0.09620962291955948
YOR083W,YMR136W,0,2.7325022,0.24173228442668915,0.30669331550598145,0.09630963206291199
YKL168C,YPR124W,0,2.7309227,0.24154208600521088,0.30669331550598145,0.0964096412062645
YEL038W,YER036C,0,2.730185,0.24135220050811768,0.30669331550598145,0.096509650349617
YGR121C,YDR001C,0,2.7301188,0.24116261303424835,0.30669331550598145,0.09660965949296951
YDL174C,YDR038C,0,2.7285597,0.2409733086824417,0.30669331550598145,0.09670966863632202
YLR312W-A,YIR033W,0,2.7274559,0.24078431725502014,0.30669331550598145,0.09680967777967453
YAL008W,YOL054W,0,2.7272434,0.24059560894966125,0.30669331550598145,0.09690969437360764
YBL052C,YOR206W,0,2.726917,0.24040719866752625,0.30669331550598145,0.09700970351696014
YPR021C,YDL212W,0,2.724906,0.2402190864086151,0.30669331550598145,0.09710971266031265
YHR074W,YJR155W,0,2.7245526,0.24003127217292786,0.30669331550598145,0.09720972180366516
YDR036C,YMR189W,0,2.722433,0.23984375596046448,0.30669331550598145,0.09730973094701767
YNL175C,YLR077W,0,2.7215652,0.23965652287006378,0.30669331550598145,0.09740974009037018
YLR368W,YEL016C,0,2.720346,0.23946957290172577,0.30669331550598145,0.09750974923372269
YPL150W,YJL140W,0,2.720049,0.23928293585777283,0.30669331550598145,0.0976097583770752
YPL144W,YGR218W,0,2.7193427,0.23909656703472137,0.30669331550598145,0.0977097675204277
YMR025W,YPL103C,0,2.7190485,0.238910511136055,0.30669331550598145,0.09780978411436081
YPR080W,YPL019C,0,2.7184644,0.2387247234582901,0.30669331550598145,0.09790979325771332
YOR221C,YDL024C,0,2.7172866,0.23853923380374908,0.30669331550598145,0.09800980240106583
YJL048C,YKL127W,0,2.717154,0.23835404217243195,0.30669331550598145,0.09810981154441833
YEL022W,YER055C,0,2.7158682,0.2381691187620163,0.30669331550598145,0.09820982068777084
YJL159W,YOR144C,0,2.7156475,0.23798449337482452,0.30669331550598145,0.09830982983112335
YOR239W,YDR508C,0,2.7153072,0.23780015110969543,0.30669331550598145,0.09840983897447586
YER109C,YIR019C,1,2.7135162,0.23839008808135986,0.3076923191547394,0.09840983897447586
YPL093W,YHR028C,0,2.7131264,0.2382057160139084,0.3076923191547394,0.09850984811782837
YIR009W,YDR180W,0,2.7123141,0.2380216419696808,0.3076923191547394,0.09860985726118088
YAL044C,YDR288W,0,2.7121098,0.23783783614635468,0.3076923191547394,0.09870987385511398
YNL138W,YDR043C,1,2.7101476,0.23842592537403107,0.3086913228034973,0.09870987385511398
YHL007C,YPL021W,1,2.7091472,0.23901310563087463,0.30969029664993286,0.09870987385511398
YDR527W,YOL031C,0,2.70759,0.23882897198200226,0.30969029664993286,0.09880988299846649
YLR313C,YDL024C,1,2.7072344,0.23941493034362793,0.3106893002986908,0.09880988299846649
YJL129C,YER039C,0,2.7041473,0.23923076689243317,0.3106893002986908,0.098909892141819
YJL101C,YOL123W,0,2.7028458,0.2390468865633011,0.3106893002986908,0.09900990128517151
YDR449C,YNL058C,0,2.7027354,0.2388632893562317,0.3106893002986908,0.09910991042852402
YBR214W,YLL061W,0,2.702129,0.23867997527122498,0.3106893002986908,0.09920991957187653
YDL045C,YDL074C,0,2.7001166,0.23849692940711975,0.3106893002986908,0.09930992871522903
YPL093W,YOR321W,0,2.6995769,0.2383141815662384,0.3106893002986908,0.09940993785858154
YLR119W,YJR009C,0,2.6989136,0.23813170194625854,0.3106893002986908,0.09950995445251465
YOR128C,YNL014W,0,2.6960683,0.23794950544834137,0.3106893002986908,0.09960996359586716
YLR097C,YKL125W,0,2.6960392,0.23776757717132568,0.3106893002986908,0.09970997273921967
YBR247C,YOL026C,0,2.6956682,0.23758594691753387,0.3106893002986908,0.09980998188257217
YHL020C,YPL226W,0,2.6934536,0.23740458488464355,0.3106893002986908,0.09990999102592468
YLL012W,YGL148W,0,2.6921606,0.23722349107265472,0.3106893002986908,0.10001000016927719
YHR143W,YJR147W,1,2.6899648,0.23780487477779388,0.31168830394744873,0.10001000016927719
YPL079W,YBR036C,0,2.6872358,0.23762376606464386,0.31168830394744873,0.1001100093126297
YLR033W,YGR225W,0,2.6865842,0.23744292557239532,0.31168830394744873,0.10021001845598221
YHR002W,YLR022C,0,2.6863623,0.23726235330104828,0.31168830394744873,0.10031002759933472
YNL300W,YOL148C,0,2.684082,0.23708206415176392,0.31168830394744873,0.10041004419326782
YJL060W,YKL042W,0,2.6830444,0.23690204322338104,0.31168830394744873,0.10051005333662033
YNL314W,YMR272C,0,2.6806893,0.23672230541706085,0.31168830394744873,0.10061006247997284
YIL027C,YGL156W,0,2.6800323,0.23654283583164215,0.31168830394744873,0.10071007162332535
YOL044W,YBL079W,0,2.6765385,0.23636363446712494,0.31168830394744873,0.10081008076667786
YLR344W,YLR425W,0,2.6762307,0.23618470132350922,0.31168830394744873,0.10091008991003036
YOR028C,YCL008C,0,2.6750448,0.23600605130195618,0.31168830394744873,0.10101009905338287
YOR312C,YNL175C,0,2.674833,0.23582766950130463,0.31168830394744873,0.10111010819673538
YKL093W,YDR492W,0,2.6747653,0.23564954102039337,0.31168830394744873,0.10121011734008789
YGR288W,YBR010W,0,2.67444,0.2354716956615448,0.31168830394744873,0.101310133934021
YNL327W,YMR171C,0,2.6707487,0.23529411852359772,0.31168830394744873,0.1014101430773735
YPR023C,YMR246W,0,2.66996,0.23511680960655212,0.31168830394744873,0.10151015222072601
YHL040C,YML038C,0,2.6685376,0.23493975400924683,0.31168830394744873,0.10161016136407852
YKR062W,YLR197W,0,2.6681528,0.2347629815340042,0.31168830394744873,0.10171017050743103
YKL172W,YJL171C,0,2.6653852,0.2345864623785019,0.31168830394744873,0.10181017965078354
YDR251W,YER020W,1,2.6646671,0.23516152799129486,0.31268730759620667,0.10181017965078354
YKL170W,YBR083W,0,2.6640944,0.23498497903347015,0.31268730759620667,0.10191018879413605
YOR032C,YKL185W,1,2.6625876,0.23555888235569,0.3136863112449646,0.10191018879413605
YGR198W,YHL032C,0,2.6623082,0.2353823035955429,0.3136863112449646,0.10201019793748856
YDL112W,YOL071W,0,2.6622229,0.2352059930562973,0.3136863112449646,0.10211021453142166
YGL141W,YOL109W,0,2.6614187,0.235029935836792,0.3136863112449646,0.10221022367477417
YML078W,YPL266W,0,2.6610434,0.23485414683818817,0.3136863112449646,0.10231023281812668
YBR156C,YOR061W,0,2.6600099,0.23467862606048584,0.3136863112449646,0.10241024196147919
YOL018C,YDL212W,0,2.6576986,0.2345033586025238,0.3136863112449646,0.1025102511048317
YHR143W,YNL142W,1,2.6573133,0.23507462441921234,0.31468531489372253,0.1025102511048317
YDR085C,YPL131W,0,2.656774,0.23489932715892792,0.31468531489372253,0.1026102602481842
YKL160W,YOR290C,0,2.6545806,0.23472429811954498,0.31468531489372253,0.10271026939153671
YDR451C,YGL003C,0,2.6535244,0.23454952239990234,0.31468531489372253,0.10281027853488922
YOR127W,YHL007C,1,2.653497,0.2351190447807312,0.31568431854248047,0.10281027853488922
YGL094C,YDR342C,0,2.653429,0.23494423925876617,0.31568431854248047,0.10291028767824173
YPR191W,YHR042W,0,2.652758,0.23476968705654144,0.31568431854248047,0.10301030427217484
YOR337W,YKL085W,0,2.6516843,0.2345954030752182,0.31568431854248047,0.10311031341552734
YJL079C,YGR085C,0,2.6514492,0.23442137241363525,0.31568431854248047,0.10321032255887985
YLR362W,YER114C,0,2.6510344,0.2342475950717926,0.31568431854248047,0.10331033170223236
YNL209W,YJR077C,0,2.6500683,0.23407407104969025,0.31568431854248047,0.10341034084558487
YPL220W,YCL059C,0,2.6486378,0.23390081524848938,0.31568431854248047,0.10351034998893738
YNL274C,YPL103C,0,2.6450415,0.2337278127670288,0.31568431854248047,0.10361035913228989
YDR107C,YLR353W,1,2.6428642,0.23429416120052338,0.3166833221912384,0.10361035913228989
YLR178C,YMR128W,0,2.642323,0.23412112891674042,0.3166833221912384,0.1037103682756424
YLR074C,YAR019C,0,2.6410344,0.23394833505153656,0.3166833221912384,0.1038103774189949
YLR229C,YAL025C,0,2.6409802,0.2337758094072342,0.3166833221912384,0.10391039401292801
YOL090W,YDR465C,0,2.6407692,0.23360353708267212,0.3166833221912384,0.10401040315628052
YIL084C,YMR263W,0,2.6406717,0.23343151807785034,0.3166833221912384,0.10411041229963303
YOL108C,YDR033W,0,2.640507,0.23325975239276886,0.3166833221912384,0.10421042144298553
YLR050C,YBR073W,0,2.6394758,0.23308824002742767,0.3166833221912384,0.10431043058633804
YGR177C,YFR028C,0,2.6367083,0.2329169660806656,0.3166833221912384,0.10441043972969055
YDR043C,YLR229C,1,2.6366234,0.23348017036914825,0.31768232583999634,0.10441043972969055
YJL143W,YMR179W,0,2.6361256,0.23330888152122498,0.31768232583999634,0.10451044887304306
YPR060C,YLR153C,0,2.6349711,0.2331378310918808,0.31768232583999634,0.10461045801639557
YAL016W,YAL039C,0,2.6342983,0.23296703398227692,0.31768232583999634,0.10471047461032867
YGR006W,YHR062C,0,2.6321144,0.23279649019241333,0.31768232583999634,0.10481048375368118
YNR011C,YML019W,0,2.632101,0.23262618482112885,0.31768232583999634,0.10491049289703369
YMR143W,YAL025C,0,2.6291702,0.23245614767074585,0.31768232583999634,0.1050105020403862
YHR160C,YOL041C,0,2.6277149,0.23228633403778076,0.31768232583999634,0.10511051118373871
YDR432W,YER113C,1,2.6271749,0.2328467220067978,0.3186813294887543,0.10511051118373871
YJL095W,YER113C,0,2.622549,0.23267687857151031,0.3186813294887543,0.10521052032709122
YJL006C,YEL050C,0,2.6222043,0.23250728845596313,0.3186813294887543,0.10531052947044373
YLL038C,YGL220W,0,2.6221573,0.23233795166015625,0.3186813294887543,0.10541053861379623
YJR155W,YMR088C,0,2.62163,0.23216885328292847,0.3186813294887543,0.10551054775714874
YNL001W,YDR432W,1,2.6206431,0.2327272742986679,0.3196803331375122,0.10551054775714874
YGR159C,YDR389W,0,2.6180582,0.23255814611911774,0.3196803331375122,0.10561056435108185
YLR449W,YOL030W,0,2.6171055,0.23238925635814667,0.3196803331375122,0.10571057349443436
YPR138C,YGR148C,0,2.6163893,0.2322206050157547,0.3196803331375122,0.10581058263778687
YNL232W,YOR384W,0,2.6157372,0.23205220699310303,0.3196803331375122,0.10591059178113937
YNL175C,YGL009C,0,2.6153405,0.23188406229019165,0.3196803331375122,0.10601060092449188
YCL057W,YGL014W,0,2.6141121,0.23171614110469818,0.3196803331375122,0.10611061006784439
YIL131C,YBR083W,1,2.6140273,0.23227207362651825,0.32067930698394775,0.10611061006784439
YMR169C,YML019W,0,2.6133947,0.2321041226387024,0.32067930698394775,0.1062106192111969
YGL150C,YNL309W,0,2.61264,0.23193641006946564,0.32067930698394775,0.10631062835454941
YPR028W,YLR300W,0,2.610555,0.23176895081996918,0.32067930698394775,0.10641063749790192
YJL056C,YNL129W,0,2.6098278,0.23160172998905182,0.32067930698394775,0.10651065409183502
YER036C,YIL160C,0,2.6082115,0.23143474757671356,0.32067930698394775,0.10661066323518753
YPL096W,YGR286C,0,2.6046915,0.2312680184841156,0.32067930698394775,0.10671067237854004
YOR386W,YHR047C,0,2.6037939,0.23110151290893555,0.32067930698394775,0.10681068152189255
YHR129C,YIL145C,0,2.602876,0.2309352457523346,0.32067930698394775,0.10691069066524506
YPR036W,YGR112W,0,2.6017203,0.23076923191547394,0.32067930698394775,0.10701069980859756
YPL230W,YNL267W,0,2.5993576,0.2306034415960312,0.32067930698394775,0.10711070895195007
YBR083W,YLR264W,0,2.598881,0.23043790459632874,0.32067930698394775,0.10721071809530258
YBR139W,YEL042W,0,2.5916533,0.2302725911140442,0.32067930698394775,0.10731073468923569
YMR316W,YNL068C,1,2.5910788,0.23082436621189117,0.3216783106327057,0.10731073468923569
YOR096W,YHR134W,0,2.5857973,0.23065902292728424,0.3216783106327057,0.1074107438325882
YIL097W,YLR210W,0,2.58464,0.2304939180612564,0.3216783106327057,0.1075107529759407
YER150W,YIL170W,0,2.5846353,0.23032903671264648,0.3216783106327057,0.10761076211929321
YER039C,YJL143W,0,2.5841641,0.23016440868377686,0.3216783106327057,0.10771077126264572
YGL008C,YER154W,0,2.583848,0.23000000417232513,0.3216783106327057,0.10781078040599823
YEL034W,YHR123W,0,2.5806417,0.22983583807945251,0.3216783106327057,0.10791078954935074
YML129C,YAR031W,0,2.5797122,0.2296718955039978,0.3216783106327057,0.10801079869270325
YKL109W,YNL206C,0,2.5787518,0.2295081913471222,0.3216783106327057,0.10811080783605576
YPL232W,YHR025W,0,2.5754566,0.22934472560882568,0.3216783106327057,0.10821082442998886
YGL141W,YMR268C,0,2.5753875,0.22918149828910828,0.3216783106327057,0.10831083357334137
YIL099W,YKL181W,0,2.5752833,0.22901849448680878,0.3216783106327057,0.10841084271669388
YLL041C,YKR044W,0,2.5745428,0.22885571420192719,0.3216783106327057,0.10851085186004639
YBR273C,YFR028C,0,2.5720453,0.2286931872367859,0.3216783106327057,0.1086108610033989
YOR127W,YMR238W,1,2.5713217,0.22924059629440308,0.3226773142814636,0.1086108610033989
YHR105W,YGR034W,0,2.570988,0.229078009724617,0.3226773142814636,0.1087108701467514
YLR401C,YER018C,0,2.5699291,0.22891566157341003,0.3226773142814636,0.10881087929010391
YHR174W,YDR283C,0,2.5693705,0.22875353693962097,0.3226773142814636,0.10891088843345642
YLR077W,YHR141C,0,2.5692148,0.228591650724411,0.3226773142814636,0.10901089757680893
YDR453C,YOR382W,0,2.569212,0.22842998802661896,0.3226773142814636,0.10911091417074203
YKR056W,YBR127C,0,2.567956,0.2282685488462448,0.3226773142814636,0.10921092331409454
YNL160W,YLL027W,0,2.5675783,0.22810734808444977,0.3226773142814636,0.10931093245744705
YBR243C,YHR031C,0,2.5653052,0.22794637084007263,0.3226773142814636,0.10941094160079956
YML064C,YDR538W,0,2.5626035,0.2277856171131134,0.3226773142814636,0.10951095074415207
YOR315W,YCR093W,1,2.5619228,0.22832980751991272,0.32367631793022156,0.10951095074415207
YML012W,YML060W,0,2.560989,0.2281690090894699,0.32367631793022156,0.10961095988750458
YLR128W,YDR184C,0,2.5592575,0.2280084490776062,0.32367631793022156,0.10971096903085709
YHR147C,YER190W,0,2.5578988,0.2278480976819992,0.32367631793022156,0.1098109781742096
YMR307W,YNL217W,0,2.5577457,0.2276879847049713,0.32367631793022156,0.1099109947681427
YGL055W,YGL090W,0,2.5565023,0.22752809524536133,0.32367631793022156,0.11001100391149521
YLR081W,YOR033C,0,2.5559838,0.22736841440200806,0.32367631793022156,0.11011101305484772
YDR476C,YNR021W,0,2.554719,0.2272089719772339,0.32367631793022156,0.11021102219820023
YHL007C,YDR379W,1,2.552638,0.2277505248785019,0.3246753215789795,0.11021102219820023
YOR127W,YAL041W,1,2.5522165,0.228291317820549,0.3256743252277374,0.11021102219820023
YOR347C,YKR022C,0,2.5518417,0.22813156247138977,0.3256743252277374,0.11031103134155273
YDR022C,YOR071C,0,2.5512347,0.22797203063964844,0.3256743252277374,0.11041104048490524
YNL271C,YOR030W,1,2.5510588,0.2285115271806717,0.32667332887649536,0.11041104048490524
YER020W,YAL056W,1,2.5501604,0.22905027866363525,0.3276723325252533,0.11041104048490524
YOR315W,YHR011W,1,2.5496054,0.22958827018737793,0.32867133617401123,0.11041104048490524
YHR010W,YLR307W,0,2.5490198,0.22942817211151123,0.32867133617401123,0.11051104962825775
YGR180C,YKR094C,0,2.5480676,0.22926829755306244,0.32867133617401123,0.11061105877161026
YER035W,YKL164C,0,2.5454807,0.22910863161087036,0.32867133617401123,0.11071106791496277
YMR223W,YMR197C,0,2.5451114,0.22894920408725739,0.32867133617401123,0.11081108450889587
YLR026C,YDL022W,0,2.544015,0.22878998517990112,0.32867133617401123,0.11091109365224838
YMR246W,YDR167W,0,2.543952,0.22863098978996277,0.32867133617401123,0.11101110279560089
YPR035W,YPL213W,0,2.5435507,0.22847221791744232,0.32867133617401123,0.1111111119389534
YER073W,YLR388W,0,2.5434077,0.22831366956233978,0.32867133617401123,0.11121112108230591
YBR291C,YHR057C,0,2.542408,0.22815534472465515,0.32867133617401123,0.11131113022565842
YPL249C,YKL082C,0,2.542059,0.22799722850322723,0.32867133617401123,0.11141113936901093
YIL138C,YDL059C,0,2.5414276,0.22783933579921722,0.32867133617401123,0.11151114851236343
YAL035W,YIL157C,0,2.540805,0.22768166661262512,0.32867133617401123,0.11161115765571594
YNR007C,YNL188W,0,2.5401719,0.22752420604228973,0.32867133617401123,0.11171117424964905
YOL018C,YPL086C,0,2.5396488,0.22736696898937225,0.32867133617401123,0.11181118339300156
YBL018C,YBR031W,0,2.5394692,0.2272099405527115,0.32867133617401123,0.11191119253635406
YDL179W,YMR136W,0,2.538887,0.22705313563346863,0.32867133617401123,0.11201120167970657
YGR274C,YMR204C,0,2.5367022,0.22689655423164368,0.32867133617401123,0.11211121082305908
YCR038C,YER020W,1,2.5362859,0.2274293601512909,0.32967033982276917,0.11211121082305908
YOR096W,YLR370C,0,2.535891,0.22727273404598236,0.32967033982276917,0.11221121996641159
YOR120W,YHR058C,0,2.5353007,0.22711631655693054,0.32967033982276917,0.1123112291097641
YMR238W,YBR123C,0,2.5342946,0.22696010768413544,0.32967033982276917,0.11241123825311661
YJL116C,YLR467W,0,2.5338445,0.22680412232875824,0.32967033982276917,0.11251125484704971
YMR223W,YML072C,0,2.5316691,0.22664834558963776,0.32967033982276917,0.11261126399040222
YBR068C,YLR268W,0,2.5316622,0.22649279236793518,0.32967033982276917,0.11271127313375473
YBR006W,YNL188W,0,2.5279336,0.22633744776248932,0.32967033982276917,0.11281128227710724
YGR041W,YOR323C,0,2.525559,0.22618231177330017,0.32967033982276917,0.11291129142045975
YER149C,YER108C,1,2.5244083,0.22671233117580414,0.3306693434715271,0.11291129142045975
YDL159W,YDL035C,1,2.5231075,0.2272416204214096,0.33166831731796265,0.11291129142045975
YPL132W,YMR088C,0,2.5219607,0.22708618640899658,0.33166831731796265,0.11301130056381226
YLL011W,YJL154C,0,2.5218644,0.22693096101284027,0.33166831731796265,0.11311130970716476
YAR018C,YIL047C,0,2.5216622,0.22677595913410187,0.33166831731796265,0.11321131885051727
YHL027W,YDL181W,0,2.520728,0.22662116587162018,0.33166831731796265,0.11331132799386978
YGR275W,YHR079C-A,0,2.5206952,0.2264665812253952,0.33166831731796265,0.11341134458780289
YOR033C,YDL022W,0,2.520064,0.22631220519542694,0.33166831731796265,0.1135113537311554
YNL248C,YNL158W,0,2.5143797,0.2261580377817154,0.33166831731796265,0.1136113628745079
YNL151C,YGR225W,0,2.513975,0.22600407898426056,0.33166831731796265,0.11371137201786041
YHR011W,YCR093W,1,2.511118,0.22653061151504517,0.3326673209667206,0.11371137201786041
YOR347C,YFL013C,0,2.5109143,0.22637660801410675,0.3326673209667206,0.11381138116121292
YGL222C,YCR052W,0,2.5104427,0.22622282803058624,0.3326673209667206,0.11391139030456543
YER003C,YLL003W,0,2.5089688,0.22606924176216125,0.3326673209667206,0.11401139944791794
YNL052W,YHR081W,0,2.5086458,0.22591587901115417,0.3326673209667206,0.11411140859127045
YKL109W,YJR143C,0,2.5081758,0.22576270997524261,0.3326673209667206,0.11421141773462296
YMR083W,YBR120C,0,2.50746,0.22560974955558777,0.3326673209667206,0.11431143432855606
YGL084C,YGL023C,0,2.5071445,0.22545701265335083,0.3326673209667206,0.11441144347190857
YBR066C,YBR058C-A,0,2.5068069,0.2253044694662094,0.3326673209667206,0.11451145261526108
YPL079W,YMR167W,0,2.5058675,0.2251521348953247,0.3326673209667206,0.11461146175861359
YBR118W,YDL141W,0,2.5051765,0.22499999403953552,0.3326673209667206,0.1147114709019661
YGL184C,YJR151C,0,2.5035417,0.22484807670116425,0.3326673209667206,0.1148114800453186
YER131W,YMR163C,0,2.5028186,0.2246963530778885,0.3326673209667206,0.11491148918867111
YDR164C,YPR094W,0,2.5010922,0.22454483807086945,0.3326673209667206,0.11501149833202362
YPL021W,YDR043C,1,2.4994206,0.2250673919916153,0.3336663246154785,0.11501149833202362
YOR347C,YNL271C,0,2.4967942,0.22491583228111267,0.3336663246154785,0.11511150747537613
YNL302C,YDR379W,0,2.4959931,0.22476446628570557,0.3336663246154785,0.11521152406930923
YDR071C,YJR147W,0,2.4959009,0.22461330890655518,0.3336663246154785,0.11531153321266174
YLR237W,YML049C,0,2.4925623,0.2244623601436615,0.3336663246154785,0.11541154235601425
YPR194C,YOR179C,0,2.4916878,0.22431161999702454,0.3336663246154785,0.11551155149936676
YDR429C,YBR258C,0,2.48888,0.2241610735654831,0.3336663246154785,0.11561156064271927
YGR246C,YML073C,0,2.4878895,0.22401073575019836,0.3336663246154785,0.11571156978607178
YMR238W,YNL068C,1,2.48356,0.22453083097934723,0.33466532826423645,0.11571156978607178
YJL137C,YKL059C,0,2.4835358,0.22438044846057892,0.33466532826423645,0.11581157892942429
YIL136W,YDR103W,0,2.4823997,0.22423025965690613,0.33466532826423645,0.1159115880727768
YHR111W,YBR066C,1,2.4813616,0.22474916279315948,0.3356643319129944,0.1159115880727768
YOR030W,YNL119W,1,2.4800608,0.22526738047599792,0.3366633355617523,0.1159115880727768
YBR154C,YLR201C,0,2.478024,0.22511689364910126,0.3366633355617523,0.1160116046667099
YEL021W,YIL084C,0,2.4779801,0.2249666154384613,0.3366633355617523,0.11611161381006241
YNL197C,YBR083W,1,2.4772975,0.22548365592956543,0.33766233921051025,0.11611161381006241
YGL100W,YIR032C,0,2.4747858,0.2253333330154419,0.33766233921051025,0.11621162295341492
YBR087W,YMR297W,0,2.4734173,0.22518320381641388,0.33766233921051025,0.11631163209676743
YIL132C,YFR003C,0,2.4729638,0.22503328323364258,0.33766233921051025,0.11641164124011993
YLR388W,YFL031W,0,2.4705412,0.224883571267128,0.33766233921051025,0.11651165038347244
YDL036C,YBL002W,0,2.4695363,0.22473403811454773,0.33766233921051025,0.11661165952682495
YGR090W,YPL220W,0,2.4650903,0.22458471357822418,0.33766233921051025,0.11671166867017746
YDL024C,YEL002C,0,2.464607,0.22443559765815735,0.33766233921051025,0.11681167781352997
YLR081W,YOR171C,0,2.461979,0.22428666055202484,0.33766233921051025,0.11691169440746307
YBR281C,YIL066C,0,2.4556801,0.22413793206214905,0.33766233921051025,0.11701170355081558
YLR083C,YOR030W,1,2.4534664,0.22465208172798157,0.3386613428592682,0.11701170355081558
YLR020C,YOL071W,0,2.4530022,0.2245033085346222,0.3386613428592682,0.11711171269416809
YPR052C,YNL239W,0,2.4499907,0.22435472905635834,0.3386613428592682,0.1172117218375206
YER177W,YDR043C,1,2.4489121,0.22486773133277893,0.3396603465080261,0.1172117218375206
YCR066W,YDR086C,0,2.4478993,0.2247191071510315,0.3396603465080261,0.11731173098087311
YIL131C,YHL007C,1,2.4473724,0.22523117065429688,0.34065935015678406,0.11731173098087311
YDR453C,YMR190C,0,2.4469485,0.22508250176906586,0.34065935015678406,0.11741174012422562
YBL061C,YKL218C,0,2.4440513,0.22493404150009155,0.34065935015678406,0.11751174926757812
YOR337W,YML091C,0,2.4426584,0.22478576004505157,0.34065935015678406,0.11761175841093063
YMR016C,YAL056W,1,2.442567,0.22529643774032593,0.341658353805542,0.11761175841093063
YNL208W,YJR129C,0,2.440947,0.22514812648296356,0.341658353805542,0.11771176755428314
YHR136C,YOL066C,0,2.4383686,0.22499999403953552,0.341658353805542,0.11781178414821625
YMR213W,YER088C,0,2.4363914,0.2248520702123642,0.341658353805542,0.11791179329156876
YBR230C,YKL183W,0,2.4349942,0.2247043401002884,0.341658353805542,0.11801180243492126
YJL052W,YMR106C,0,2.432444,0.2245567888021469,0.341658353805542,0.11811181157827377
YGL158W,YGL259W,0,2.4324021,0.22440944612026215,0.341658353805542,0.11821182072162628
YGR216C,YPL258C,0,2.432189,0.2242622971534729,0.341658353805542,0.11831182986497879
YBR122C,YLR399C,0,2.4311218,0.22411532700061798,0.341658353805542,0.1184118390083313
YDR462W,YLL041C,0,2.4267309,0.22396856546401978,0.341658353805542,0.11851184815168381
YKL206C,YKL078W,0,2.421679,0.2238219827413559,0.341658353805542,0.11861186474561691
YOR036W,YPR159W,0,2.4154162,0.22367560863494873,0.341658353805542,0.11871187388896942
YML113W,YER019W,0,2.4129472,0.2235294133424759,0.341658353805542,0.11881188303232193
YER074W,YEL069C,0,2.4124832,0.22338341176509857,0.341658353805542,0.11891189217567444
YJL151C,YGL251C,0,2.4116135,0.22323760390281677,0.341658353805542,0.11901190131902695
YCR020C,YDL055C,0,2.4089894,0.2230919748544693,0.341658353805542,0.11911191046237946
YGL001C,YGL203C,0,2.408587,0.22294653952121735,0.341658353805542,0.11921191960573196
YJR091C,YNR051C,0,2.4070082,0.2228012979030609,0.341658353805542,0.11931192874908447
YPL005W,YCR053W,0,2.40518,0.22265625,0.341658353805542,0.11941193789243698
YBR231C,YML022W,0,2.4039774,0.2225113809108734,0.341658353805542,0.11951195448637009
YNR075W,YPR020W,0,2.4038813,0.22236670553684235,0.341658353805542,0.1196119636297226
YER013W,YBL058W,0,2.4036858,0.2222222238779068,0.341658353805542,0.1197119727730751
YHR089C,YDR392W,0,2.403258,0.22207792103290558,0.341658353805542,0.11981198191642761
YJR034W,YLR388W,0,2.4030378,0.22193381190299988,0.341658353805542,0.11991199105978012
YDR518W,YDR180W,0,2.4026055,0.2217898815870285,0.341658353805542,0.12001200020313263
YMR247C,YGR172C,0,2.4020643,0.22164614498615265,0.341658353805542,0.12011200934648514
YDL130W,YLR364W,0,2.4015653,0.22150258719921112,0.341658353805542,0.12021201848983765
YKL048C,YDR107C,1,2.4008727,0.22200646996498108,0.3426573574542999,0.12021201848983765
YLR318W,YER145C,0,2.399418,0.22186286747455597,0.3426573574542999,0.12031202763319016
YIR019C,YNL142W,1,2.3986452,0.2223658710718155,0.3436563313007355,0.12031202763319016
YMR300C,YCR004C,0,2.3982015,0.2222222238779068,0.3436563313007355,0.12041204422712326
YKR038C,YPL132W,0,2.3981504,0.22207875549793243,0.3436563313007355,0.12051205337047577
YKL025C,YLR256W,0,2.3951669,0.2219354808330536,0.3436563313007355,0.12061206251382828
YPL123C,YNL273W,0,2.3949332,0.22179238498210907,0.3436563313007355,0.12071207165718079
YLR312C-B,YBR083W,1,2.3948803,0.22229380905628204,0.3446553349494934,0.12071207165718079
YKL146W,YNL299W,0,2.3941038,0.22215068340301514,0.3446553349494934,0.1208120808005333
YOR140W,YOR182C,0,2.3932714,0.22200772166252136,0.3446553349494934,0.1209120899438858
YHR111W,YDL035C,1,2.3922806,0.222508043050766,0.34565433859825134,0.1209120899438858
YAL038W,YBR175W,0,2.3918958,0.22236503660678864,0.34565433859825134,0.12101209908723831
YDR060W,YKL179C,0,2.3917742,0.2222222238779068,0.34565433859825134,0.12111210823059082
YJL191W,YNL207W,0,2.3915982,0.2220795899629593,0.34565433859825134,0.12121212482452393
YDR477W,YIL049W,1,2.3911762,0.22257857024669647,0.3466533422470093,0.12121212482452393
YIL026C,YNL093W,0,2.3909295,0.22243589162826538,0.3466533422470093,0.12131213396787643
YNL021W,YOR384W,0,2.3907504,0.2222934067249298,0.3466533422470093,0.12141214311122894
YNR044W,YOR047C,0,2.389985,0.22215108573436737,0.3466533422470093,0.12151215225458145
YJL051W,YOL008W,0,2.387841,0.22200895845890045,0.3466533422470093,0.12161216139793396
YBL041W,YCL014W,0,2.3877025,0.22186700999736786,0.3466533422470093,0.12171217054128647
YKL172W,YLR380W,0,2.3875692,0.2217252403497696,0.3466533422470093,0.12181217968463898
YGR180C,YPL098C,0,2.3874583,0.22158364951610565,0.3466533422470093,0.12191218882799149
YJL117W,YKR020W,0,2.3870864,0.22144225239753723,0.3466533422470093,0.122012197971344
YOR127W,YHR143W,1,2.387005,0.22193877398967743,0.3476523458957672,0.122012197971344
YJL138C,YOR294W,0,2.3860838,0.22179731726646423,0.3476523458957672,0.1221122145652771
YMR305C,YMR169C,0,2.3850124,0.22165605425834656,0.3476523458957672,0.12221222370862961
YIL140W,YFL004W,0,2.3839931,0.22151495516300201,0.3476523458957672,0.12231223285198212
YMR104C,YOR022C,0,2.3839812,0.221374049782753,0.3476523458957672,0.12241224199533463
YDR076W,YMR276W,0,2.380137,0.2212333083152771,0.3476523458957672,0.12251225113868713
YJL171C,YGL181W,0,2.3771605,0.22109276056289673,0.3476523458957672,0.12261226028203964
YOR375C,YOR295W,0,2.3767219,0.2209523767232895,0.3476523458957672,0.12271226942539215
YIL050W,YIL114C,0,2.3749452,0.22081218659877777,0.3476523458957672,0.12281227856874466
YNL308C,YOR179C,0,2.3746972,0.22067216038703918,0.3476523458957672,0.12291228771209717
YML060W,YKR102W,0,2.3734245,0.22053231298923492,0.3476523458957672,0.12301230430603027
YBL006C,YDL022W,0,2.3721118,0.22039265930652618,0.3476523458957672,0.12311231344938278
YAL041W,YER177W,1,2.3701267,0.22088608145713806,0.34865134954452515,0.12311231344938278
YMR250W,YPL149W,0,2.3697171,0.22074636816978455,0.34865134954452515,0.12321232259273529
YBR006W,YOR244W,0,2.36875,0.22060683369636536,0.34865134954452515,0.1233123317360878
YDR432W,YKL185W,1,2.3681133,0.22109918296337128,0.3496503531932831,0.1233123317360878
YER096W,YMR078C,0,2.3678122,0.2209595888853073,0.3496503531932831,0.12341234087944031
YKR036C,YOR303W,0,2.3672633,0.22082018852233887,0.3496503531932831,0.12351235002279282
YDL184C,YMR189W,0,2.366666,0.22068095207214355,0.3496503531932831,0.12361235916614532
YOR074C,YDL079C,0,2.365991,0.22054190933704376,0.3496503531932831,0.12371236830949783
YDR191W,YDR240C,0,2.364767,0.2204030156135559,0.3496503531932831,0.12381238490343094
YLR009W,YIL155C,0,2.3637848,0.22026431560516357,0.3496503531932831,0.12391239404678345
YDR084C,YDR044W,0,2.363519,0.22012577950954437,0.3496503531932831,0.12401240319013596
YDR392W,YER020W,1,2.362866,0.22061596810817719,0.350649356842041,0.12401240319013596
YNL261W,YGL255W,0,2.362783,0.2204773873090744,0.350649356842041,0.12411241233348846
YFR015C,YDR497C,0,2.3600445,0.22033898532390594,0.350649356842041,0.12421242147684097
YJR143C,YMR112C,0,2.3593535,0.22020074725151062,0.350649356842041,0.12431243062019348
YPL084W,YFL045C,0,2.3591802,0.22006270289421082,0.350649356842041,0.12441243976354599
YBR004C,YPL094C,0,2.3570352,0.21992480754852295,0.350649356842041,0.1245124489068985
YNL027W,YGL259W,0,2.3560634,0.2197871059179306,0.350649356842041,0.12461245805025101
YPR159W,YPL231W,0,2.3543692,0.2196495682001114,0.350649356842041,0.12471247464418411
YDL115C,YMR235C,0,2.352523,0.2195121943950653,0.350649356842041,0.12481248378753662
YBL058W,YPR042C,0,2.3514228,0.21937499940395355,0.350649356842041,0.12491249293088913
YHR128W,YGL062W,0,2.3490887,0.21923798322677612,0.350649356842041,0.12501250207424164
YMR323W,YJR140C,0,2.3463922,0.21910113096237183,0.350649356842041,0.12511251866817474
YML058W,YGR032W,0,2.3451135,0.21896444261074066,0.350649356842041,0.12521252036094666
YIL083C,YOL140W,0,2.3397288,0.21882793307304382,0.350649356842041,0.12531253695487976
YNL098C,YGL190C,1,2.339572,0.21931463479995728,0.35164836049079895,0.12531253695487976
YOR032C,YIL049W,1,2.338253,0.21980074048042297,0.3526473641395569,0.12531253695487976
YGL183C,YDR376W,0,2.3354368,0.21966396272182465,0.3526473641395569,0.12541253864765167
YDL227C,YNL209W,0,2.3350787,0.21952736377716064,0.3526473641395569,0.12551255524158478
YDL095W,YER039C,0,2.334538,0.21939092874526978,0.3526473641395569,0.1256125569343567
YMR083W,YLR219W,0,2.3338888,0.21925465762615204,0.3526473641395569,0.1257125735282898
YLR083C,YAL056W,1,2.3309402,0.21973928809165955,0.3536463677883148,0.1257125735282898
YPL033C,YIR010W,0,2.3294923,0.21960297226905823,0.3536463677883148,0.1258125752210617
YGL089C,YKL206C,0,2.3289917,0.21946683526039124,0.3536463677883148,0.1259125918149948
YGR041W,YDR385W,0,2.3283129,0.21933086216449738,0.3536463677883148,0.12601260840892792
YLR304C,YNL275W,0,2.3265314,0.21919505298137665,0.3536463677883148,0.12611261010169983
YPL072W,YMR229C,0,2.324914,0.21905940771102905,0.3536463677883148,0.12621262669563293
YOR384W,YDL104C,0,2.324653,0.2189239263534546,0.3536463677883148,0.12631262838840485
YGL190C,YBR083W,1,2.3233404,0.21940667927265167,0.35464534163475037,0.12631262838840485
YHL013C,YHL032C,0,2.3223233,0.21927115321159363,0.35464534163475037,0.12641264498233795
YJL190C,YML093W,0,2.3201947,0.2191358059644699,0.35464534163475037,0.12651264667510986
YOR202W,YNL106C,0,2.3199558,0.21900062263011932,0.35464534163475037,0.12661266326904297
YNL138W,YIL049W,1,2.3187842,0.21948212385177612,0.3556443452835083,0.12661266326904297
YGR180C,YDR195W,0,2.3185594,0.21934689581394196,0.3556443452835083,0.12671266496181488
YCR003W,YER113C,0,2.3183386,0.21921181678771973,0.3556443452835083,0.12681268155574799
YLR047C,YLR357W,0,2.3173003,0.21907691657543182,0.3556443452835083,0.1269126981496811
YDR447C,YFL017W-A,0,2.3166623,0.21894219517707825,0.3556443452835083,0.127012699842453
YOR125C,YER110C,0,2.316175,0.2188076227903366,0.3556443452835083,0.1271127164363861
YLL021W,YNL271C,1,2.31408,0.2192874699831009,0.35664334893226624,0.1271127164363861
YNR069C,YMR056C,0,2.312985,0.21915285289287567,0.35664334893226624,0.12721271812915802
YBL052C,YFL004W,0,2.312584,0.21901839971542358,0.35664334893226624,0.12731273472309113
YJL128C,YNR051C,0,2.3112547,0.21888412535190582,0.35664334893226624,0.12741273641586304
YOL031C,YDR258C,0,2.3095527,0.21875,0.35664334893226624,0.12751275300979614
YGL213C,YLR350W,0,2.3083742,0.2186160385608673,0.35664334893226624,0.12761275470256805
YJR143C,YPL217C,0,2.3053799,0.21848225593566895,0.35664334893226624,0.12771277129650116
YCR010C,YIR005W,0,2.3052707,0.21834862232208252,0.35664334893226624,0.12781278789043427
YGR029W,YBL092W,0,2.305069,0.21821515262126923,0.35664334893226624,0.12791278958320618
YDR390C,YJL052W,0,2.3049023,0.21808186173439026,0.35664334893226624,0.12801280617713928
YBL075C,YER069W,0,2.302886,0.21794871985912323,0.35664334893226624,0.1281128078699112
YLR155C,YLR262C,0,2.3026817,0.21781574189662933,0.35664334893226624,0.1282128244638443
YNL298W,YOR315W,1,2.3003602,0.21829268336296082,0.35764235258102417,0.1282128244638443
YKL124W,YLR043C,0,2.3001764,0.21815966069698334,0.35764235258102417,0.1283128261566162
YLR071C,YMR169C,0,2.3000972,0.218026801943779,0.35764235258102417,0.12841284275054932
YGR058W,YJL051W,0,2.2987058,0.21789409220218658,0.35764235258102417,0.12851284444332123
YDR043C,YMR208W,0,2.2986555,0.2177615612745285,0.35764235258102417,0.12861286103725433
YOR210W,YAL054C,0,2.2969446,0.21762917935848236,0.35764235258102417,0.12871287763118744
YNL197C,YOR032C,1,2.2958508,0.2181044965982437,0.3586413562297821,0.12871287763118744
YIL150C,YPR122W,0,2.295379,0.217972069978714,0.3586413562297821,0.12881287932395935
YJL158C,YLR430W,0,2.294584,0.2178398072719574,0.3586413562297821,0.12891289591789246
YOR293W,YJR034W,0,2.293067,0.21770770847797394,0.3586413562297821,0.12901289761066437
YNL283C,YER086W,0,2.29255,0.21757575869560242,0.3586413562297821,0.12911291420459747
YIR017C,YDR016C,0,2.2913685,0.21744397282600403,0.3586413562297821,0.12921291589736938
YBL058W,YKL213C,0,2.2909265,0.21731235086917877,0.3586413562297821,0.1293129324913025
YJL170C,YDL045W-A,0,2.2908945,0.21718087792396545,0.3586413562297821,0.1294129341840744
YER153C,YJR070C,0,2.2901895,0.21704958379268646,0.3586413562297821,0.1295129507780075
YGL190C,YHL007C,1,2.2879536,0.21752266585826874,0.35964035987854004,0.1295129507780075
YLR086W,YDR508C,0,2.2877517,0.21739129722118378,0.35964035987854004,0.1296129673719406
YLR431C,YLR229C,0,2.2871683,0.21726010739803314,0.35964035987854004,0.12971296906471252
YML006C,YGR239C,0,2.2870386,0.21712906658649445,0.35964035987854004,0.12981298565864563
YBR067C,YPL269W,0,2.2861373,0.21699818968772888,0.35964035987854004,0.12991298735141754
YOR127W,YER113C,1,2.285087,0.21746988594532013,0.360639363527298,0.12991298735141754
YPR101W,YLR174W,0,2.2840943,0.2173389494419098,0.360639363527298,0.13001300394535065
YNL001W,YIR019C,1,2.2820752,0.21780987083911896,0.3616383671760559,0.13001300394535065
YKR092C,YDL024C,0,2.2812316,0.21767888963222504,0.3616383671760559,0.13011300563812256
YHR124W,YBR129C,0,2.2798297,0.21754807233810425,0.3616383671760559,0.13021302223205566
YEL012W,YDL060W,0,2.2797656,0.2174174189567566,0.3616383671760559,0.13031302392482758
YBR214W,YKR014C,0,2.2795134,0.21728691458702087,0.3616383671760559,0.13041304051876068
YKL067W,YDR446W,0,2.2787485,0.2171565741300583,0.3616383671760559,0.1305130571126938
YDL227C,YML111W,0,2.2786322,0.21702638268470764,0.3616383671760559,0.1306130588054657
YOR324C,YKL212W,0,2.278543,0.21689634025096893,0.3616383671760559,0.1307130753993988
YPR031W,YOR377W,0,2.2784948,0.21676646173000336,0.3616383671760559,0.13081307709217072
YHR209W,YML070W,0,2.2781987,0.2166367471218109,0.3616383671760559,0.13091309368610382
YOR206W,YMR281W,0,2.2776685,0.2165071815252304,0.3616383671760559,0.13101309537887573
YHR134W,YLR116W,0,2.2770708,0.21637776494026184,0.3616383671760559,0.13111311197280884
YPR056W,YLR110C,0,2.2767153,0.2162485122680664,0.3616383671760559,0.13121312856674194
YDR146C,YAL062W,0,2.2759883,0.2161194086074829,0.3616383671760559,0.13131313025951385
YGL059W,YBL042C,0,2.2747588,0.21599045395851135,0.3616383671760559,0.13141314685344696
YBL075C,YML038C,0,2.2726412,0.21586166322231293,0.3616383671760559,0.13151314854621887
YIL049W,YPL050C,0,2.2721314,0.21573302149772644,0.3616383671760559,0.13161316514015198
YGR026W,YOR369C,0,2.2713926,0.2156045287847519,0.3616383671760559,0.1317131668329239
YER083C,YDR014W,0,2.26898,0.21547618508338928,0.3616383671760559,0.131813183426857
YBR293W,YLR450W,0,2.2686625,0.2153480052947998,0.3616383671760559,0.1319131851196289
YBR261C,YJL214W,0,2.2686148,0.21521997451782227,0.3616383671760559,0.132013201713562
YOR261C,YBR234C,0,2.2676957,0.21509209275245667,0.3616383671760559,0.13211321830749512
YDR446W,YKL065C,0,2.266755,0.2149643748998642,0.3616383671760559,0.13221322000026703
YDR432W,YIR015W,0,2.265573,0.21483679115772247,0.3616383671760559,0.13231323659420013
YPL170W,YPL086C,0,2.2648392,0.21470937132835388,0.3616383671760559,0.13241323828697205
YCL026C-B,YBR150C,0,2.2637107,0.21458210051059723,0.3616383671760559,0.13251325488090515
YJR153W,YMR316W,1,2.2632744,0.21504738926887512,0.36263737082481384,0.13251325488090515
YPL259C,YOL052C,0,2.2614732,0.2149200737476349,0.36263737082481384,0.13261325657367706
YLR312W-A,YLR237W,0,2.260866,0.2147928923368454,0.36263737082481384,0.13271327316761017
YHR011W,YIL049W,1,2.2606206,0.21525724232196808,0.3636363744735718,0.13271327316761017
YPL030W,YJR094W-A,0,2.2591026,0.215130016207695,0.3636363744735718,0.13281327486038208
YOR317W,YJL164C,0,2.2578216,0.21500295400619507,0.3636363744735718,0.13291329145431519
YDR489W,YBR182C,0,2.256635,0.21487602591514587,0.3636363744735718,0.1330133080482483
YOR127W,YDL035C,1,2.2559457,0.21533922851085663,0.3646353781223297,0.1330133080482483
YBL064C,YKL008C,0,2.2550373,0.21521227061748505,0.3646353781223297,0.1331133097410202
YGR061C,YDR538W,0,2.2545564,0.2150854468345642,0.3646353781223297,0.1332133263349533
YER073W,YNR056C,0,2.2525625,0.2149587720632553,0.3646353781223297,0.13331332802772522
YKL146W,YCL027W,0,2.2512188,0.21483226120471954,0.3646353781223297,0.13341334462165833
YDR429C,YGR282C,0,2.24845,0.21470588445663452,0.3646353781223297,0.13351334631443024
YHR061C,YGR289C,0,2.2483716,0.21457965672016144,0.3646353781223297,0.13361336290836334
YPL090C,YBL017C,0,2.248137,0.2144535779953003,0.3646353781223297,0.13371336460113525
YGR246C,YOR155C,0,2.2480345,0.21432766318321228,0.3646353781223297,0.13381338119506836
YBR247C,YBL002W,0,2.2461696,0.214201882481575,0.3646353781223297,0.13391339778900146
YOR230W,YIL117C,0,2.2461376,0.21407625079154968,0.3646353781223297,0.13401339948177338
YJL095W,YDR519W,0,2.2458124,0.2139507681131363,0.3646353781223297,0.13411341607570648
YDR501W,YNR043W,0,2.2450395,0.21382541954517365,0.3646353781223297,0.1342134177684784
YLR305C,YPR049C,0,2.2438545,0.21370023488998413,0.3646353781223297,0.1343134343624115
YMR121C,YER025W,0,2.2428617,0.21357518434524536,0.3646353781223297,0.1344134360551834
YHR007C,YBR247C,0,2.2428212,0.21345029771327972,0.3646353781223297,0.13451345264911652
YOR127W,YNL068C,1,2.2424283,0.21390999853610992,0.36563435196876526,0.13451345264911652
YOR066W,YAL010C,0,2.2422862,0.2137850522994995,0.36563435196876526,0.13461345434188843
YER126C,YDR171W,0,2.2418852,0.21366024017333984,0.36563435196876526,0.13471347093582153
YMR307W,YPR041W,0,2.2416854,0.2135355919599533,0.36563435196876526,0.13481348752975464
YJR110W,YBL009W,0,2.2410972,0.21341107785701752,0.36563435196876526,0.13491348922252655
YOL145C,YLR116W,0,2.2405672,0.21328671276569366,0.36563435196876526,0.13501350581645966
YGL011C,YBR083W,0,2.2386386,0.21316249668598175,0.36563435196876526,0.13511350750923157
YER020W,YBR083W,1,2.2385652,0.21362048387527466,0.3666333556175232,0.13511350750923157
YAL041W,YOL125W,0,2.2380638,0.21349622309207916,0.3666333556175232,0.13521352410316467
YKR102W,YER164W,0,2.2379477,0.2133720964193344,0.3666333556175232,0.13531352579593658
YDL035C,YDR380W,0,2.2353582,0.2132481187582016,0.3666333556175232,0.1354135423898697
YOL040C,YOR373W,0,2.2336233,0.21312427520751953,0.3666333556175232,0.1355135440826416
YOR311C,YNR051C,0,2.232767,0.2130005806684494,0.3666333556175232,0.1356135606765747
YPR167C,YBL082C,0,2.2321587,0.2128770351409912,0.3666333556175232,0.1357135772705078
YHR011W,YPL115C,1,2.2312932,0.2133333384990692,0.36763235926628113,0.1357135772705078
YKL003C,YJL066C,0,2.2291284,0.21320973336696625,0.36763235926628113,0.13581357896327972
YBR203W,YGR061C,0,2.228285,0.21308627724647522,0.36763235926628113,0.13591359555721283
YGL099W,YIL049W,0,2.228182,0.21296297013759613,0.36763235926628113,0.13601359724998474
YOR143C,YDL197C,0,2.2276185,0.21283979713916779,0.36763235926628113,0.13611361384391785
YNL001W,YDR043C,1,2.2271986,0.21329480409622192,0.36863136291503906,0.13611361384391785
YOR245C,YER086W,0,2.2266364,0.2131715714931488,0.36863136291503906,0.13621361553668976
YAL058W,YOR096W,0,2.2263823,0.21304850280284882,0.36863136291503906,0.13631363213062286
YMR142C,YDR420W,0,2.2260141,0.21292556822299957,0.36863136291503906,0.13641364872455597
YOR329C,YOR145C,0,2.2256467,0.21280276775360107,0.36863136291503906,0.13651365041732788
YCR083W,YOL155C,0,2.223874,0.21268011629581451,0.36863136291503906,0.136613667011261
YMR251W-A,YDR197W,0,2.2223504,0.2125575989484787,0.36863136291503906,0.1367136687040329
YEL009C,YMR159C,0,2.2214875,0.21243523061275482,0.36863136291503906,0.136813685297966
YPL021W,YDR432W,1,2.2214751,0.21288837492465973,0.369630366563797,0.136813685297966
YKL208W,YPR184W,0,2.2172835,0.21276596188545227,0.369630366563797,0.13691368699073792
YDR036C,YKR081C,0,2.2153084,0.21264368295669556,0.369630366563797,0.13701370358467102
YHR004C,YPR132W,0,2.215116,0.2125215381383896,0.369630366563797,0.13711370527744293
YPL003W,YCR068W,0,2.2135785,0.21239954233169556,0.369630366563797,0.13721372187137604
YKL185W,YIL049W,1,2.2135136,0.2128514051437378,0.37062937021255493,0.13721372187137604
YNL001W,YLL012W,0,2.2126734,0.21272936463356018,0.37062937021255493,0.13731373846530914
YNL197C,YER149C,1,2.2103324,0.2131805121898651,0.37162837386131287,0.13731373846530914
YLR010C,YLR022C,0,2.2100296,0.21305841207504272,0.37162837386131287,0.13741374015808105
YCR024C-A,YIL159W,0,2.209089,0.21293646097183228,0.37162837386131287,0.13751375675201416
YNL079C,YLR312C-B,1,2.2086172,0.21338672935962677,0.3726273775100708,0.13751375675201416
YNL163C,YHR072W,0,2.2075038,0.21326471865177155,0.3726273775100708,0.13761375844478607
YIL117C,YDR163W,0,2.2067227,0.21314285695552826,0.3726273775100708,0.13771377503871918
YER020W,YMR316W,1,2.2064128,0.21359223127365112,0.37362638115882874,0.13771377503871918
YNL191W,YKL065C,0,2.2048712,0.21347032487392426,0.37362638115882874,0.1378137767314911
YER161C,YDR298C,0,2.2039306,0.21334855258464813,0.37362638115882874,0.1379137933254242
YML015C,YIL041W,0,2.2037191,0.21322691440582275,0.37362638115882874,0.1380137950181961
YGL068W,YJL159W,0,2.2034411,0.21310541033744812,0.37362638115882874,0.1381138116121292
YFL055W,YJR152W,0,2.2025914,0.21298405528068542,0.37362638115882874,0.13821382820606232
YJL100W,YEL003W,0,2.2013288,0.21286283433437347,0.37362638115882874,0.13831382989883423
YKL085W,YHL009C,0,2.2001886,0.21274174749851227,0.37362638115882874,0.13841384649276733
YEL022W,YPR145W,0,2.1981378,0.212620809674263,0.37362638115882874,0.13851384818553925
YER113C,YHR084W,1,2.1980839,0.2130681872367859,0.37462538480758667,0.13851384818553925
YNL248C,YNL049C,0,2.1977317,0.21294718980789185,0.37462538480758667,0.13861386477947235
YPL265W,YGR091W,0,2.1930416,0.21282632648944855,0.37462538480758667,0.13871386647224426
YOL002C,YMR283C,0,2.1924953,0.2127056121826172,0.37462538480758667,0.13881388306617737
YOR373W,YDL229W,0,2.1916318,0.21258503198623657,0.37462538480758667,0.13891388475894928
YHR111W,YER020W,1,2.1910825,0.21303115785121918,0.3756243884563446,0.13891388475894928
YBR026C,YKL182W,0,2.1900535,0.21291053295135498,0.3756243884563446,0.13901390135288239
YGR274C,YDR180W,0,2.1886163,0.21279004216194153,0.3756243884563446,0.1391139179468155
YKL220C,YHR056C,0,2.1875741,0.21266968548297882,0.3756243884563446,0.1392139196395874
YGR191W,YBR095C,0,2.1871877,0.21254946291446686,0.3756243884563446,0.1393139362335205
YIR036C,YPR171W,0,2.1869059,0.21242937445640564,0.3756243884563446,0.13941393792629242
YCR010C,YCR046C,0,2.1828365,0.21230943500995636,0.3756243884563446,0.13951395452022552
YMR165C,YMR152W,0,2.18273,0.21218961477279663,0.3756243884563446,0.13961395621299744
YOR037W,YOR071C,0,2.1820097,0.21206994354724884,0.3756243884563446,0.13971397280693054
YML058W-A,YOR014W,0,2.1798165,0.2119503915309906,0.3756243884563446,0.13981397449970245
YOR025W,YFL009W,0,2.178547,0.2118309885263443,0.3756243884563446,0.13991399109363556
YLR070C,YJL164C,0,2.178248,0.21171170473098755,0.3756243884563446,0.14001400768756866
YMR278W,YIR013C,0,2.1781588,0.21159256994724274,0.3756243884563446,0.14011400938034058
YBL021C,YKL126W,0,2.177529,0.21147356927394867,0.3756243884563446,0.14021402597427368
YBL061C,YMR168C,0,2.1753058,0.21135468780994415,0.3756243884563446,0.1403140276670456
YLR441C,YDR014W,0,2.175128,0.21123595535755157,0.3756243884563446,0.1404140442609787
YMR227C,YDR488C,0,2.1744695,0.21111735701560974,0.3756243884563446,0.1405140459537506
YLR433C,YJR015W,0,2.174373,0.21099887788295746,0.3756243884563446,0.14061406254768372
YBR231C,YBR083W,0,2.1742642,0.21088053286075592,0.3756243884563446,0.14071406424045563
YJR076C,YLR022C,0,2.1741772,0.21076233685016632,0.3756243884563446,0.14081408083438873
YEL041W,YJR155W,0,2.1738336,0.21064426004886627,0.3756243884563446,0.14091409742832184
YLR099C,YDR520C,0,2.1723878,0.21052631735801697,0.3756243884563446,0.14101409912109375
YDR423C,YOR337W,0,2.1703243,0.2104085087776184,0.3756243884563446,0.14111411571502686
YDL104C,YPR082C,0,2.1678743,0.2102908343076706,0.3756243884563446,0.14121411740779877
YOR127W,YER109C,1,2.1677227,0.21073225140571594,0.37662336230278015,0.14121411740779877
YPR001W,YLR163C,0,2.1669223,0.21061453223228455,0.37662336230278015,0.14131413400173187
YMR316W,YJL128C,0,2.1661777,0.2104969322681427,0.37662336230278015,0.14141413569450378
YJR092W,YOL019W,0,2.164932,0.2103794664144516,0.37662336230278015,0.1415141522884369
YIR019C,YCR093W,1,2.163551,0.21081985533237457,0.3776223659515381,0.1415141522884369
YEL047C,YDL070W,0,2.1602051,0.2107023447751999,0.3776223659515381,0.1416141539812088
YOR032C,YER020W,1,2.1564298,0.21114206314086914,0.378621369600296,0.1416141539812088
YPL242C,YBR156C,0,2.1559758,0.21102449297904968,0.378621369600296,0.1417141705751419
YLR336C,YKR019C,0,2.155903,0.21090707182884216,0.378621369600296,0.141814187169075
YOR388C,YOL019W,0,2.155002,0.2107897698879242,0.378621369600296,0.14191418886184692
YDR496C,YHL034C,0,2.1519172,0.21067260205745697,0.378621369600296,0.14201420545578003
YOR127W,YOR032C,1,2.1510515,0.21111111342906952,0.37962037324905396,0.14201420545578003
YAL041W,YNL271C,1,2.1506653,0.21154913306236267,0.3806193768978119,0.14201420545578003
YMR293C,YDR476C,0,2.1504622,0.21143174171447754,0.3806193768978119,0.14211420714855194
YOR208W,YFR037C,0,2.1479044,0.21131446957588196,0.3806193768978119,0.14221422374248505
YMR114C,YGR116W,0,2.1476672,0.21119734644889832,0.3806193768978119,0.14231422543525696
YOR036W,YIL066C,0,2.1470587,0.21108032763004303,0.3806193768978119,0.14241424202919006
YNL197C,YKL043W,1,2.146992,0.21151717007160187,0.3816183805465698,0.14241424202919006
YER004W,YNL027W,0,2.1468863,0.211400106549263,0.3816183805465698,0.14251425862312317
YNL077W,YAL034W-A,0,2.1459205,0.21128319203853607,0.3816183805465698,0.14261426031589508
YMR236W,YBR127C,0,2.1458898,0.2111663967370987,0.3816183805465698,0.14271427690982819
YDR022C,YPR137W,0,2.145425,0.21104972064495087,0.3816183805465698,0.1428142786026001
YLR389C,YDR518W,0,2.1449993,0.21093317866325378,0.3816183805465698,0.1429142951965332
YBL105C,YHR072W,0,2.1438308,0.21081677079200745,0.3816183805465698,0.14301429688930511
YBR142W,YMR098C,0,2.1427803,0.21070049703121185,0.3816183805465698,0.14311431348323822
YKR001C,YJL198W,0,2.1402764,0.2105843424797058,0.3816183805465698,0.14321431517601013
YOL112W,YOR145C,0,2.1400604,0.2104683220386505,0.3816183805465698,0.14331433176994324
YOL003C,YDR055W,0,2.1399827,0.21035242080688477,0.3816183805465698,0.14341434836387634
YIL023C,YOR128C,0,2.1399388,0.21023665368556976,0.3816183805465698,0.14351435005664825
YDR477W,YHL007C,1,2.1399074,0.210671067237854,0.38261738419532776,0.14351435005664825
YNR011C,YIL113W,0,2.1392574,0.21055525541305542,0.38261738419532776,0.14361436665058136
YDR236C,YGR090W,0,2.1364918,0.2104395627975464,0.38261738419532776,0.14371436834335327
YEL065W,YIR028W,0,2.136479,0.2103240042924881,0.38261738419532776,0.14381438493728638
YMR233W,YJL172W,0,2.136127,0.21020856499671936,0.38261738419532776,0.1439143866300583
YLR099C,YLR453C,0,2.13609,0.21009325981140137,0.38261738419532776,0.1440144032239914
YKL022C,YML025C,0,2.1342015,0.20997807383537292,0.38261738419532776,0.1441144049167633
YGR132C,YDL024C,0,2.133792,0.20986300706863403,0.38261738419532776,0.1442144215106964
YPR030W,YPR036W,0,2.1318526,0.20974808931350708,0.38261738419532776,0.14431443810462952
YOR240W,YIL111W,0,2.1316762,0.20963327586650848,0.38261738419532776,0.14441443979740143
YNL298W,YDR379W,1,2.131205,0.21006564795970917,0.3836163878440857,0.14441443979740143
YKL089W,YGR214W,0,2.1305375,0.209950789809227,0.3836163878440857,0.14451445639133453
YNL270C,YIL111W,0,2.1292465,0.20983606576919556,0.3836163878440857,0.14461445808410645
YKL092C,YJR075W,0,2.1292057,0.20972146093845367,0.3836163878440857,0.14471447467803955
YIL138C,YDR285W,0,2.1281586,0.20960699021816254,0.3836163878440857,0.14481447637081146
YNL290W,YNL321W,0,2.1280346,0.20949263870716095,0.3836163878440857,0.14491449296474457
YER088C,YCL059C,0,2.127699,0.2093784064054489,0.3836163878440857,0.14501449465751648
YHR059W,YEL002C,0,2.1265519,0.20926430821418762,0.3836163878440857,0.14511451125144958
YLL034C,YGR038W,0,2.1245842,0.20915032923221588,0.3836163878440857,0.1452145278453827
YBR026C,YOR371C,0,2.1243541,0.2090364694595337,0.3836163878440857,0.1453145295381546
YOR077W,YHL034C,0,2.1238394,0.20892274379730225,0.3836163878440857,0.1454145461320877
YER144C,YLR229C,0,2.1236815,0.20880913734436035,0.3836163878440857,0.14551454782485962
YKR062W,YKR059W,0,2.123478,0.208695650100708,0.3836163878440857,0.14561456441879272
YGR081C,YML066C,0,2.1230323,0.2085822969675064,0.3836163878440857,0.14571456611156464
YHR136C,YHR167W,0,2.122397,0.20846904814243317,0.3836163878440857,0.14581458270549774
YDR530C,YGR234W,0,2.120608,0.20835594832897186,0.3836163878440857,0.14591458439826965
YHL022C,YPL106C,0,2.1204586,0.20824295282363892,0.3836163878440857,0.14601460099220276
YDR383C,YPL019C,0,2.1202672,0.20813007652759552,0.3836163878440857,0.14611461758613586
YJR143C,YLR242C,0,2.119739,0.20801733434200287,0.3836163878440857,0.14621461927890778
YIL094C,YMR106C,0,2.116561,0.20790471136569977,0.3836163878440857,0.14631463587284088
YKL182W,YPR041W,0,2.1160128,0.20779220759868622,0.3836163878440857,0.1464146375656128
YLR441C,YDR143C,0,2.1144981,0.20767982304096222,0.3836163878440857,0.1465146541595459
YPL172C,YKL004W,0,2.1108227,0.20756757259368896,0.3836163878440857,0.1466146558523178
YNR050C,YDR466W,0,2.1099367,0.20745542645454407,0.3836163878440857,0.14671467244625092
YPL170W,YPR201W,0,2.109686,0.20734341442584991,0.3836163878440857,0.14681467413902283
YIL095W,YGR085C,0,2.1092105,0.2072315216064453,0.3836163878440857,0.14691469073295593
YCR053W,YLR240W,0,2.108571,0.20711974799633026,0.3836163878440857,0.14701470732688904
YBR244W,YMR042W,0,2.1060827,0.20700809359550476,0.3836163878440857,0.14711470901966095
YMR312W,YDL015C,0,2.1060653,0.2068965584039688,0.3836163878440857,0.14721472561359406
YOR208W,YOR142W,0,2.10557,0.2067851424217224,0.3836163878440857,0.14731472730636597
YLR313C,YCR093W,1,2.105198,0.20721206068992615,0.38461539149284363,0.14731472730636597
YIL093C,YBL027W,0,2.1040173,0.20710058510303497,0.38461539149284363,0.14741474390029907
YLR083C,YER118C,1,2.1030946,0.20752687752246857,0.38561439514160156,0.14741474390029907
YIR017C,YNR001C,0,2.1026769,0.207415372133255,0.38561439514160156,0.14751474559307098
YJL213W,YLL034C,0,2.102583,0.2073039710521698,0.38561439514160156,0.1476147621870041
YIR010W,YGR256W,0,2.1012325,0.20719270408153534,0.38561439514160156,0.1477147787809372
YIL133C,YPL038W,0,2.1001518,0.20708154141902924,0.38561439514160156,0.1478147804737091
YNL301C,YDR116C,0,2.1000748,0.20697051286697388,0.38561439514160156,0.1479147970676422
YCL057W,YOR092W,0,2.0991735,0.20685958862304688,0.38561439514160156,0.14801479876041412
YML106W,YDR099W,0,2.09894,0.20674879848957062,0.38561439514160156,0.14811481535434723
YGR240C,YOL113W,0,2.098283,0.20663811266422272,0.38561439514160156,0.14821481704711914
YDR085C,YOR094W,0,2.0978668,0.20652756094932556,0.38561439514160156,0.14831483364105225
YDR368W,YDR466W,0,2.0974298,0.20641711354255676,0.38561439514160156,0.14841483533382416
YOL117W,YPR028W,0,2.095587,0.20630678534507751,0.38561439514160156,0.14851485192775726
YAL041W,YDL195W,0,2.0938087,0.20619657635688782,0.38561439514160156,0.14861486852169037
YMR316W,YLR313C,1,2.0932467,0.20662039518356323,0.3866133987903595,0.14861486852169037
YBR026C,YDL150W,0,2.0916896,0.20651014149188995,0.3866133987903595,0.14871487021446228
YMR307W,YPL174C,0,2.0901008,0.20640000700950623,0.3866133987903595,0.14881488680839539
YBR239C,YDR155C,0,2.0887976,0.20628997683525085,0.3866133987903595,0.1489148885011673
YNL192W,YIR038C,0,2.0882053,0.20618008077144623,0.3866133987903595,0.1490149050951004
YGL220W,YKR103W,0,2.0881314,0.20607028901576996,0.3866133987903595,0.14911490678787231
YDL170W,YJL029C,0,2.0866249,0.20596061646938324,0.3866133987903595,0.14921492338180542
YLR083C,YOR032C,1,2.0860581,0.20638297498226166,0.38761240243911743,0.14921492338180542
YMR068W,YLL039C,0,2.085709,0.20627325773239136,0.38761240243911743,0.14931492507457733
YJR105W,YDR046C,0,2.084927,0.2061636596918106,0.38761240243911743,0.14941494166851044
YOR311C,YKR020W,0,2.0840259,0.20605416595935822,0.38761240243911743,0.14951495826244354
YMR250W,YNL136W,0,2.0827305,0.20594479143619537,0.38761240243911743,0.14961495995521545
YPR194C,YGR198W,0,2.0809684,0.20583555102348328,0.38761240243911743,0.14971497654914856
YDL207W,YKR046C,0,2.0797334,0.20572640001773834,0.38761240243911743,0.14981497824192047
YNL301C,YER114C,0,2.079597,0.20561738312244415,0.38761240243911743,0.14991499483585358
YFR055W,YNR011C,0,2.0792696,0.20550847053527832,0.38761240243911743,0.1500149965286255
YOR149C,YOL007C,0,2.079066,0.20539967715740204,0.38761240243911743,0.1501150131225586
YAR031W,YDR324C,0,2.0779233,0.2052910029888153,0.38761240243911743,0.1502150148153305
YLR047C,YPL269W,0,2.0774398,0.20518244802951813,0.38761240243911743,0.1503150314092636
YDR316W,YLR110C,0,2.0764325,0.2050739973783493,0.38761240243911743,0.15041504800319672
YDR101C,YOR332W,0,2.0761852,0.20496566593647003,0.38761240243911743,0.15051504969596863
YOR206W,YER166W,0,2.0748045,0.20485743880271912,0.38761240243911743,0.15061506628990173
YBR160W,YGL147C,0,2.073078,0.20474934577941895,0.38761240243911743,0.15071506798267365
YCR057C,YDR238C,0,2.0728474,0.20464135706424713,0.38761240243911743,0.15081508457660675
YMR136W,YOR351C,0,2.0723531,0.20453347265720367,0.38761240243911743,0.15091508626937866
YKL109W,YJL121C,0,2.0717008,0.20442570745944977,0.38761240243911743,0.15101510286331177
YER017C,YMR098C,0,2.0708869,0.2043180614709854,0.38761240243911743,0.15111510455608368
YGL029W,YLR332W,0,2.070796,0.20421051979064941,0.38761240243911743,0.15121512115001678
YIL049W,YKL043W,1,2.069382,0.20462913811206818,0.388611376285553,0.15121512115001678
YLR029C,YJR104C,0,2.0692832,0.2045215517282486,0.388611376285553,0.1513151377439499
YLL011W,YBR299W,0,2.0687976,0.20441408455371857,0.388611376285553,0.1514151394367218
YLR398C,YHR141C,0,2.0681581,0.2043067216873169,0.388611376285553,0.1515151560306549
YKR069W,YOL064C,0,2.0681415,0.20419947803020477,0.388611376285553,0.15161515772342682
YDL159W,YER118C,1,2.0662582,0.2046169936656952,0.3896103799343109,0.15161515772342682
YOR315W,YBR083W,1,2.0642886,0.20503409206867218,0.39060938358306885,0.15161515772342682
YOL066C,YCR017C,0,2.0641572,0.20492662489414215,0.39060938358306885,0.15171517431735992
YJR047C,YOR039W,0,2.063625,0.20481927692890167,0.39060938358306885,0.15181517601013184
YIL158W,YDR050C,0,2.063454,0.20471204817295074,0.39060938358306885,0.15191519260406494
YKL217W,YOR222W,0,2.062254,0.20460492372512817,0.39060938358306885,0.15201519429683685
YGL245W,YML104C,0,2.0618694,0.20449790358543396,0.39060938358306885,0.15211521089076996
YKL120W,YGR262C,0,2.0618415,0.2043910026550293,0.39060938358306885,0.15221522748470306
YMR024W,YGL009C,0,2.0616996,0.20428422093391418,0.39060938358306885,0.15231522917747498
YOL003C,YPR192W,0,2.0615752,0.20417754352092743,0.39060938358306885,0.15241524577140808
YBL023C,YGR268C,0,2.059906,0.20407098531723022,0.39060938358306885,0.15251524746418
YMR043W,YJL002C,0,2.0557954,0.20396453142166138,0.39060938358306885,0.1526152640581131
YJR015W,YDR180W,0,2.0541244,0.2038581818342209,0.39060938358306885,0.152715265750885
YLR304C,YOR147W,0,2.0541208,0.20375195145606995,0.39060938358306885,0.15281528234481812
YPL065W,YGR189C,0,2.0534642,0.20364584028720856,0.39060938358306885,0.15291529893875122
YOL140W,YBR135W,0,2.0525987,0.20353981852531433,0.39060938358306885,0.15301530063152313
YDR522C,YLL045C,0,2.0523477,0.20343391597270966,0.39060938358306885,0.15311531722545624
YNR006W,YFL001W,0,2.049538,0.20332813262939453,0.39060938358306885,0.15321531891822815
YBR037C,YDR382W,0,2.049014,0.20322245359420776,0.39060938358306885,0.15331533551216125
YDR379W,YDR043C,1,2.048796,0.20363636314868927,0.3916083872318268,0.15331533551216125
YGR216C,YJL170C,0,2.048633,0.20353063941001892,0.3916083872318268,0.15341533720493317
YBR145W,YHR184W,0,2.048616,0.20342501997947693,0.3916083872318268,0.15351535379886627
YCL057W,YJL153C,0,2.0471702,0.2033195048570633,0.3916083872318268,0.15361535549163818
YOR384W,YKL067W,0,2.0470784,0.20321409404277802,0.3916083872318268,0.1537153720855713
YOR386W,YKR010C,0,2.0457776,0.2031088024377823,0.3916083872318268,0.1538153886795044
YDL066W,YMR152W,0,2.0437083,0.2030036300420761,0.3916083872318268,0.1539153903722763
YPR033C,YKL203C,0,2.04357,0.2028985470533371,0.3916083872318268,0.1540154069662094
YML014W,YDR258C,0,2.0429602,0.20279358327388763,0.3916083872318268,0.15411540865898132
YLR029C,YOL044W,0,2.0419629,0.20268872380256653,0.3916083872318268,0.15421542525291443
YGL168W,YIL006W,0,2.0418868,0.20258398354053497,0.3916083872318268,0.15431542694568634
YDR533C,YGL021W,0,2.0412881,0.20247933268547058,0.3916083872318268,0.15441544353961945
YJR034W,YIR025W,0,2.0407267,0.20237480103969574,0.3916083872318268,0.15451544523239136
YDR392W,YNL271C,1,2.0403233,0.2027863711118698,0.3926073908805847,0.15451544523239136
YHR026W,YKL198C,0,2.0401278,0.2026817947626114,0.3926073908805847,0.15461546182632446
YOL151W,YNL153C,0,2.039784,0.20257732272148132,0.3926073908805847,0.15471547842025757
YDR351W,YGR218W,0,2.039038,0.20247295498847961,0.3926073908805847,0.15481548011302948
YLR325C,YDR400W,0,2.0389707,0.20236869156360626,0.3926073908805847,0.15491549670696259
YER118C,YMR164C,1,2.0382292,0.20277920365333557,0.39360639452934265,0.15491549670696259
YDR279W,YPR171W,0,2.0382159,0.20267489552497864,0.39360639452934265,0.1550154983997345
YDR392W,YNL197C,1,2.0368242,0.2030848264694214,0.3946053981781006,0.1550154983997345
YPR029C,YGL134W,0,2.0367556,0.20298047363758087,0.3946053981781006,0.1551155149936676
YJR103W,YNL307C,0,2.0350194,0.2028762251138687,0.3946053981781006,0.15521551668643951
YPL194W,YNL007C,0,2.034243,0.2027720808982849,0.3946053981781006,0.15531553328037262
YOL070C,YNL012W,0,2.0340443,0.20266804099082947,0.3946053981781006,0.15541553497314453
YNR008W,YNL222W,0,2.0331504,0.20256410539150238,0.3946053981781006,0.15551555156707764
YDR440W,YIR015W,0,2.0330598,0.20246027410030365,0.3946053981781006,0.15561556816101074
YPR048W,YMR083W,0,2.0322857,0.20235656201839447,0.3946053981781006,0.15571556985378265
YGR047C,YPR165W,0,2.0316725,0.20225293934345245,0.3946053981781006,0.15581558644771576
YDR518W,YNR039C,0,2.0314546,0.2021494358778,0.3946053981781006,0.15591558814048767
YLL008W,YKL012W,0,2.031328,0.20204603672027588,0.3946053981781006,0.15601560473442078
YIL133C,YAL029C,0,2.0313063,0.20194274187088013,0.3946053981781006,0.1561156064271927
YDR392W,YHR143W,1,2.0303218,0.20235054194927216,0.3956044018268585,0.1561156064271927
YCR038C,YOR030W,1,2.029946,0.20275790989398956,0.39660340547561646,0.1561156064271927
YCR037C,YDL147W,0,2.028481,0.2026544213294983,0.39660340547561646,0.1562156230211258
YER020W,YNL142W,1,2.0272038,0.20306122303009033,0.3976024091243744,0.1562156230211258
YBR235W,YKL059C,0,2.0271873,0.20295767486095428,0.3976024091243744,0.1563156247138977
YNL078W,YDR293C,0,2.0261526,0.2028542309999466,0.3976024091243744,0.1564156413078308
YHR209W,YNL169C,0,2.026011,0.20275089144706726,0.3976024091243744,0.15651565790176392
YOR261C,YOR178C,0,2.025833,0.20264765620231628,0.3976024091243744,0.15661565959453583
YKL182W,YOR361C,0,2.0255637,0.20254452526569366,0.3976024091243744,0.15671567618846893
YBL102W,YDL150W,0,2.024035,0.2024414986371994,0.3976024091243744,0.15681567788124084
YKL043W,YCR093W,1,2.023416,0.2028469741344452,0.3986014127731323,0.15681567788124084
YJL052W,YNL125C,0,2.0221481,0.20274390280246735,0.3986014127731323,0.15691569447517395
YLR103C,YGR048W,0,2.021335,0.20264093577861786,0.3986014127731323,0.15701569616794586
YGL256W,YJL124C,0,2.0199974,0.20253807306289673,0.3986014127731323,0.15711571276187897
YLR378C,YLR080W,0,2.019813,0.20243531465530396,0.3986014127731323,0.15721571445465088
YOR198C,YGL047W,0,2.0197942,0.20233266055583954,0.3986014127731323,0.15731573104858398
YGL190C,YAL023C,0,2.0187962,0.20223011076450348,0.3986014127731323,0.1574157476425171
YIL070C,YML112W,0,2.0182047,0.20212766528129578,0.3986014127731323,0.157515749335289
YBR286W,YPR002W,0,2.017933,0.20202530920505524,0.3986014127731323,0.1576157659292221
YNL312W,YFR004W,0,2.017817,0.20192307233810425,0.3986014127731323,0.15771576762199402
YDL045W-A,YLR099C,0,2.0152786,0.20182093977928162,0.3986014127731323,0.15781578421592712
YIL031W,YOR124C,0,2.015071,0.20171891152858734,0.3986014127731323,0.15791578590869904
YMR200W,YER140W,0,2.014894,0.20161697268486023,0.3986014127731323,0.15801580250263214
YJR151C,YER016W,0,2.0135665,0.20151515305042267,0.3986014127731323,0.15811580419540405
YPL127C,YGL259W,0,2.0128279,0.20141342282295227,0.3986014127731323,0.15821582078933716
YOR128C,YOL033W,0,2.0121121,0.20131181180477142,0.3986014127731323,0.15831583738327026
YLR035C,YER019C-A,0,2.0115452,0.20121029019355774,0.3986014127731323,0.15841583907604218
YJL204C,YHR132C,0,2.0110729,0.2011088728904724,0.3986014127731323,0.15851585566997528
YIL020C,YBR297W,0,2.0089984,0.20100755989551544,0.3986014127731323,0.1586158573627472
YJR031C,YNL148C,0,2.0088472,0.20090635120868683,0.3986014127731323,0.1587158739566803
YOL007C,YGR092W,0,2.007743,0.20080523192882538,0.3986014127731323,0.1588158756494522
YAL058W,YNL125C,0,2.007401,0.20070423185825348,0.3986014127731323,0.15891589224338531
YFR052W,YLR182W,0,2.005309,0.20060332119464874,0.3986014127731323,0.15901590883731842
YNL001W,YER113C,1,2.00386,0.2010050266981125,0.39960038661956787,0.15901590883731842
YDR036C,YAL063C,0,2.0023522,0.20090407133102417,0.39960038661956787,0.15911591053009033
YPR006C,YLR025W,0,2.0013847,0.2008032202720642,0.39960038661956787,0.15921592712402344
YGL033W,YPR028W,0,2.0004704,0.2007024586200714,0.39960038661956787,0.15931592881679535
YLL021W,YNL001W,1,1.9983964,0.2011033147573471,0.4005993902683258,0.15931592881679535
YLR154C,YNL073W,0,1.9976246,0.20100250840187073,0.4005993902683258,0.15941594541072845
YNL271C,YHR084W,1,1.9957987,0.20140279829502106,0.40159839391708374,0.15941594541072845
YLR348C,YKL004W,0,1.9941282,0.2013019472360611,0.40159839391708374,0.15951594710350037
YOR317W,YGL059W,0,1.9924705,0.2012012004852295,0.40159839391708374,0.15961596369743347
YGR158C,YDR457W,0,1.9922128,0.20110054314136505,0.40159839391708374,0.15971596539020538
YLR229C,YNL311C,0,1.991973,0.20100000500679016,0.40159839391708374,0.1598159819841385
YDR107C,YKL185W,1,1.9899355,0.2013992965221405,0.4025973975658417,0.1598159819841385
YPL226W,YDR233C,0,1.9899266,0.20129869878292084,0.4025973975658417,0.1599159985780716
YLR191W,YDL066W,0,1.9894227,0.20119820535182953,0.4025973975658417,0.1600160002708435
YMR025W,YKL100C,0,1.9888407,0.20109780132770538,0.4025973975658417,0.1601160168647766
YBR278W,YBR048W,0,1.9884999,0.2009975016117096,0.4025973975658417,0.16021601855754852
YJR060W,YBR294W,0,1.9866904,0.20089730620384216,0.4025973975658417,0.16031603515148163
YNL098C,YNL068C,1,1.9833701,0.20129546523094177,0.4035964012145996,0.16031603515148163
YDL204W,YER065C,0,1.9826086,0.20119522511959076,0.4035964012145996,0.16041603684425354
YCR060W,YNL297C,0,1.9816675,0.2010950744152069,0.4035964012145996,0.16051605343818665
YER104W,YCR033W,0,1.9815314,0.20099502801895142,0.4035964012145996,0.16061605513095856
YMR238W,YNL079C,1,1.9813735,0.20139233767986298,0.40459540486335754,0.16061605513095856
YDL127W,YDR450W,0,1.9805374,0.2012922465801239,0.40459540486335754,0.16071607172489166
YPL030W,YBR251W,0,1.9791224,0.201192244887352,0.40459540486335754,0.16081608831882477
YNL117W,YDL054C,0,1.9753346,0.20109234750270844,0.40459540486335754,0.16091609001159668
YPL124W,YCR009C,0,1.9745704,0.20099255442619324,0.40459540486335754,0.16101610660552979
YML005W,YNL117W,0,1.9745021,0.2008928507566452,0.40459540486335754,0.1611161082983017
YMR121C,YHR084W,0,1.9742262,0.20079325139522552,0.40459540486335754,0.1612161248922348
YBR105C,YBR008C,0,1.9724622,0.2006937563419342,0.40459540486335754,0.1613161265850067
YMR173W,YEL052W,0,1.9717339,0.20059435069561005,0.40459540486335754,0.16141614317893982
YOR224C,YNL283C,0,1.9709759,0.20049504935741425,0.40459540486335754,0.16151614487171173
YGL035C,YNL281W,0,1.9705087,0.2003958374261856,0.40459540486335754,0.16161616146564484
YHR128W,YLR222C,0,1.9701204,0.20029672980308533,0.40459540486335754,0.16171617805957794
YNL282W,YLR027C,0,1.9700413,0.2001977264881134,0.40459540486335754,0.16181617975234985
YNL050C,YLR201C,0,1.9698687,0.20009881258010864,0.40459540486335754,0.16191619634628296
YPR048W,YER117W,0,1.9695879,0.20000000298023224,0.40459540486335754,0.16201619803905487
YOR297C,YML115C,0,1.9673258,0.199901282787323,0.40459540486335754,0.16211621463298798
YDL143W,YFL031W,0,1.9658772,0.19980266690254211,0.40459540486335754,0.1622162163257599
YJL134W,YLL041C,0,1.9650444,0.1997041404247284,0.40459540486335754,0.162316232919693
YOR032C,YER177W,1,1.9648149,0.20009857416152954,0.4055944085121155,0.162316232919693
YOR127W,YLR353W,1,1.9647945,0.20049260556697845,0.4065934121608734,0.162316232919693
YPL163C,YMR021C,0,1.9645704,0.2003939002752304,0.4065934121608734,0.1624162346124649
YLR003C,YLR048W,0,1.9637315,0.20029526948928833,0.4065934121608734,0.162516251206398
YBR132C,YER020W,0,1.9614083,0.2001967579126358,0.4065934121608734,0.16261626780033112
YGR118W,YMR293C,0,1.9608968,0.20009833574295044,0.4065934121608734,0.16271626949310303
YLR362W,YDR379W,1,1.9605324,0.20049139857292175,0.40759241580963135,0.16271626949310303
YKR050W,YDR001C,0,1.9533861,0.2003929316997528,0.40759241580963135,0.16281628608703613
YHL001W,YKR008W,0,1.9530921,0.20029455423355103,0.40759241580963135,0.16291628777980804
YJL130C,YGL200C,0,1.9526927,0.2001962661743164,0.40759241580963135,0.16301630437374115
YIR014W,YLR406C,0,1.9523592,0.20009808242321014,0.40759241580963135,0.16311630606651306
YLR172C,YJL184W,0,1.9523424,0.20000000298023224,0.40759241580963135,0.16321632266044617
YJL138C,YKL213C,0,1.9515355,0.1999020129442215,0.40759241580963135,0.16331632435321808
YNL220W,YIL002C,0,1.9514363,0.19980411231517792,0.40759241580963135,0.16341634094715118
YLR270W,YGR251W,0,1.9510865,0.1997063159942627,0.40759241580963135,0.1635163575410843
YNR001C,YER174C,0,1.9506285,0.19960860908031464,0.40759241580963135,0.1636163592338562
YLR304C,YDL174C,0,1.9501381,0.19951100647449493,0.40759241580963135,0.1637163758277893
YDL216C,YJL125C,0,1.9500679,0.1994134932756424,0.40759241580963135,0.16381637752056122
YLR449W,YER183C,0,1.9482794,0.19931606948375702,0.40759241580963135,0.16391639411449432
YKL119C,YKL163W,0,1.9481678,0.19921875,0.40759241580963135,0.16401639580726624
YDR392W,YNL001W,1,1.9480362,0.19960956275463104,0.4085914194583893,0.16401639580726624
YHR143W,YLR313C,1,1.9475307,0.20000000298023224,0.4095904231071472,0.16401639580726624
YNR036C,YMR186W,0,1.9461045,0.1999024897813797,0.4095904231071472,0.16411641240119934
YHR092C,YNL012W,0,1.9457338,0.19980506598949432,0.4095904231071472,0.16421642899513245
YDL024C,YDR331W,0,1.9445801,0.1997077465057373,0.4095904231071472,0.16431643068790436
YMR022W,YIR005W,0,1.9443773,0.19961051642894745,0.4095904231071472,0.16441644728183746
YLR003C,YMR198W,0,1.9437696,0.19951337575912476,0.4095904231071472,0.16451644897460938
YLR074C,YKL167C,0,1.9433968,0.19941633939743042,0.4095904231071472,0.16461646556854248
YLR274W,YHR098C,0,1.9407777,0.19931939244270325,0.4095904231071472,0.1647164672613144
YDL178W,YPL149W,0,1.940594,0.19922254979610443,0.4095904231071472,0.1648164838552475
YMR011W,YKL112W,0,1.9404186,0.19912579655647278,0.4095904231071472,0.1649164855480194
YNL079C,YLR083C,1,1.9391246,0.19951456785202026,0.41058939695358276,0.1649164855480194
YGR047C,YNL299W,0,1.9389036,0.19941775500774384,0.41058939695358276,0.16501650214195251
YFL011W-A,YCR097WB,0,1.9387996,0.19932104647159576,0.41058939695358276,0.16511651873588562
YAL013W,YPR072W,0,1.9377398,0.19922442734241486,0.41058939695358276,0.16521652042865753
YMR246W,YDR536W,0,1.9366875,0.1991279125213623,0.41058939695358276,0.16531653702259064
YNL097C,YFL023W,0,1.9355786,0.19903147220611572,0.41058939695358276,0.16541653871536255
YHR001W,YBR156C,0,1.9348816,0.1989351361989975,0.41058939695358276,0.16551655530929565
YLR003C,YHR001W,0,1.9337403,0.19883888959884644,0.41058939695358276,0.16561655700206757
YML114C,YBR058C-A,0,1.9304527,0.19874274730682373,0.41058939695358276,0.16571657359600067
YNL230C,YDL171C,0,1.9299145,0.1986466944217682,0.41058939695358276,0.16581657528877258
YGL255W,YDL055C,0,1.9298815,0.1985507309436798,0.41058939695358276,0.1659165918827057
YMR316W,YMR172W,0,1.9292195,0.1984548568725586,0.41058939695358276,0.1660166084766388
YDR477W,YBR083W,1,1.9282411,0.19884170591831207,0.4115884006023407,0.1660166084766388
YAL032C,YGR295C,0,1.9271917,0.19874577224254608,0.4115884006023407,0.1661166101694107
YNL160W,YDL198C,0,1.9270594,0.19864995777606964,0.4115884006023407,0.1662166267633438
YLR244C,YGL137W,0,1.926348,0.19855421781539917,0.4115884006023407,0.16631662845611572
YOL044W,YOR212W,0,1.9257586,0.19845856726169586,0.4115884006023407,0.16641664505004883
YCL050C,YMR200W,0,1.924044,0.1983630210161209,0.4115884006023407,0.16651664674282074
YPL023C,YIL162W,0,1.923907,0.19826756417751312,0.4115884006023407,0.16661666333675385
YER011W,YDR281C,0,1.9230318,0.1981721967458725,0.4115884006023407,0.16671666502952576
YGR006W,YIL035C,0,1.9221109,0.19807691872119904,0.4115884006023407,0.16681668162345886
YPL081W,YDR446W,0,1.9217293,0.19798174500465393,0.4115884006023407,0.16691669821739197
YKL178C,YGL145W,0,1.9207647,0.1978866457939148,0.4115884006023407,0.16701669991016388
YDR027C,YDL066W,0,1.9199839,0.19779165089130402,0.4115884006023407,0.16711671650409698
YDR128W,YHR116W,0,1.9182568,0.1976967304944992,0.4115884006023407,0.1672167181968689
YDL155W,YGR258C,0,1.9173495,0.19760191440582275,0.4115884006023407,0.167316734790802
YMR145C,YJL060W,0,1.916545,0.19750718772411346,0.4115884006023407,0.1674167364835739
YDL159W,YER113C,1,1.9150892,0.1978917121887207,0.41258740425109863,0.1674167364835739
YDR141C,YLR350W,0,1.9148726,0.19779694080352783,0.41258740425109863,0.16751675307750702
YLR226W,YER165W,0,1.9143755,0.19770224392414093,0.41258740425109863,0.16761675477027893
YJL219W,YNL244C,0,1.9130229,0.19760765135288239,0.41258740425109863,0.16771677136421204
YDR151C,YDR388W,0,1.911693,0.197513148188591,0.41258740425109863,0.16781678795814514
YIR019C,YLR353W,1,1.9113073,0.19789674878120422,0.41358640789985657,0.16781678795814514
YDR119W,YGR035C,0,1.9110227,0.19780220091342926,0.41358640789985657,0.16791678965091705
YMR233W,YJR001W,0,1.9109893,0.19770774245262146,0.41358640789985657,0.16801680624485016
YHR007C,YBR240C,0,1.9106189,0.19761335849761963,0.41358640789985657,0.16811680793762207
YLR403W,YMR173W,0,1.9103638,0.19751907885074615,0.41358640789985657,0.16821682453155518
YLR083C,YKL185W,1,1.9096162,0.19790177047252655,0.4145854115486145,0.16821682453155518
YML118W,YBR216C,0,1.9077713,0.1978074312210083,0.4145854115486145,0.1683168262243271
YNL001W,YLR229C,1,1.9063745,0.1981896162033081,0.41558441519737244,0.1683168262243271
YMR049C,YJR147W,0,1.9059782,0.19809523224830627,0.41558441519737244,0.1684168428182602
YGL077C,YJL165C,0,1.9056962,0.1980009526014328,0.41558441519737244,0.1685168445110321
YKR036C,YGL137W,0,1.905008,0.1979067623615265,0.41558441519737244,0.1686168611049652
YLR157C,YDR447C,0,1.904181,0.19781264662742615,0.41558441519737244,0.16871687769889832
YKL140W,YCR042C,0,1.90416,0.19771863520145416,0.41558441519737244,0.16881687939167023
YMR266W,YPR002W,0,1.9040295,0.19762469828128815,0.41558441519737244,0.16891689598560333
YNL197C,YHR084W,1,1.9005594,0.19800569117069244,0.41658341884613037,0.16891689598560333
YCR093W,YGR186W,0,1.8988681,0.19791172444820404,0.41658341884613037,0.16901689767837524
YNL072W,YKL056C,0,1.8980641,0.1978178322315216,0.41658341884613037,0.16911691427230835
YIL034C,YNL310C,0,1.8979732,0.19772404432296753,0.41658341884613037,0.16921691596508026
YIL131C,YNL197C,1,1.8965375,0.19810426235198975,0.4175824224948883,0.16921691596508026
YIR019C,YNL271C,1,1.8964247,0.1984841376543045,0.41858142614364624,0.16921691596508026
YBL011W,YOR153W,0,1.8959851,0.1983901560306549,0.41858142614364624,0.16931693255901337
YLL019C,YMR042W,0,1.8936304,0.19829626381397247,0.41858142614364624,0.16941693425178528
YLR083C,YLR353W,1,1.8911878,0.1986754983663559,0.4195804297924042,0.16941693425178528
YLL055W,YJL019W,0,1.8905728,0.19858156144618988,0.4195804297924042,0.16951695084571838
YLR003C,YMR273C,0,1.889663,0.19848771393299103,0.4195804297924042,0.1696169674396515
YPL089C,YLR369W,0,1.8880515,0.19839395582675934,0.4195804297924042,0.1697169691324234
YGR241C,YAR027W,0,1.8877642,0.1983002871274948,0.4195804297924042,0.1698169857263565
YCR038C,YPL021W,1,1.8873963,0.1986786276102066,0.4205794334411621,0.1698169857263565
YJR155W,YOR130C,0,1.8872516,0.1985848993062973,0.4205794334411621,0.16991698741912842
YLR313C,YDR379W,1,1.8872298,0.1989627480506897,0.42157840728759766,0.16991698741912842
YAL041W,YER113C,1,1.8856279,0.19934023916721344,0.4225774109363556,0.16991698741912842
YGL021W,YGL017W,0,1.8838878,0.199246346950531,0.4225774109363556,0.17001700401306152
YKL156W,YBR302C,0,1.8807712,0.19915254414081573,0.4225774109363556,0.17011700570583344
YKL120W,YLR013W,0,1.8805958,0.19905883073806763,0.4225774109363556,0.17021702229976654
YPL170W,YPL200W,0,1.879164,0.1989651918411255,0.4225774109363556,0.17031703889369965
YNR001C,YBR133C,0,1.877924,0.1988716572523117,0.4225774109363556,0.17041704058647156
YDL179W,YOL077C,0,1.8753691,0.1987781971693039,0.4225774109363556,0.17051705718040466
YMR016C,YBR074W,0,1.8738077,0.19868482649326324,0.4225774109363556,0.17061705887317657
YLR106C,YMR180C,0,1.8726549,0.19859154522418976,0.4225774109363556,0.17071707546710968
YOL109W,YDR191W,0,1.8719074,0.19849835336208344,0.4225774109363556,0.1708170771598816
YPR135W,YIR028W,0,1.8714472,0.19840525090694427,0.4225774109363556,0.1709170937538147
YNL326C,YLR406C,0,1.8704847,0.19831223785877228,0.4225774109363556,0.1710170954465866
YLR399C,YMR087W,0,1.8690817,0.19821929931640625,0.4225774109363556,0.17111711204051971
YOR233W,YMR136W,0,1.8690645,0.19812646508216858,0.4225774109363556,0.17121712863445282
YCR069W,YLR340W,0,1.8687882,0.19803370535373688,0.4225774109363556,0.17131713032722473
YNL001W,YNL197C,1,1.8651187,0.19840899109840393,0.4235764145851135,0.17131713032722473
YPL046C,YMR216C,0,1.8650914,0.19831618666648865,0.4235764145851135,0.17141714692115784
YNL279W,YGR281W,0,1.8645662,0.19822347164154053,0.4235764145851135,0.17151714861392975
YGL257C,YJL164C,0,1.864448,0.19813084602355957,0.4235764145851135,0.17161716520786285
YNL298W,YLR353W,1,1.864341,0.19850537180900574,0.42457541823387146,0.17161716520786285
YMR016C,YLR229C,1,1.8642592,0.19887955486774445,0.4255744218826294,0.17161716520786285
YJR002W,YNL152W,0,1.8637891,0.19878675043582916,0.4255744218826294,0.17171716690063477
YKL120W,YIR039C,0,1.8634455,0.19869403541088104,0.4255744218826294,0.17181718349456787
YMR109W,YMR128W,0,1.862704,0.1986013948917389,0.4255744218826294,0.17191718518733978
YPR006C,YGL009C,0,1.8618839,0.1985088586807251,0.4255744218826294,0.1720172017812729
YOR374W,YLR174W,0,1.8608397,0.19841639697551727,0.4255744218826294,0.172117218375206
YDR229W,YNL186W,0,1.8605771,0.1983240246772766,0.4255744218826294,0.1722172200679779
YDL205C,YMR241W,0,1.8604939,0.1982317417860031,0.4255744218826294,0.172317236661911
YER008C,YNL001W,0,1.8604779,0.19813953340053558,0.4255744218826294,0.17241723835468292
YLL012W,YNL297C,0,1.8588736,0.19804741442203522,0.4255744218826294,0.17251725494861603
YHR203C,YHR134W,0,1.8585113,0.19795538485050201,0.4255744218826294,0.17261725664138794
YDL049C,YPL255W,0,1.858355,0.19786344468593597,0.4255744218826294,0.17271727323532104
YJR002W,YMR094W,0,1.8579506,0.1977715939283371,0.4255744218826294,0.17281727492809296
YIL078W,YFL009W,0,1.8576486,0.1976798176765442,0.4255744218826294,0.17291729152202606
YJL125C,YAL038W,0,1.8568358,0.19758813083171844,0.4255744218826294,0.17301730811595917
YOL010W,YDL008W,0,1.8559997,0.19749651849269867,0.4255744218826294,0.17311730980873108
YAR035W,YGR167W,0,1.8559513,0.19740501046180725,0.4255744218826294,0.17321732640266418
YCL004W,YEL059C-A,0,1.8556907,0.1973135769367218,0.4255744218826294,0.1733173280954361
YPL027W,YDL082W,0,1.8543015,0.19722221791744232,0.4255744218826294,0.1734173446893692
YML077W,YMR145C,0,1.8538312,0.1971309632062912,0.4255744218826294,0.1735173463821411
YJR147W,YKL043W,1,1.853737,0.19750231504440308,0.42657342553138733,0.1735173463821411
YPL228W,YBR052C,0,1.8535639,0.19741100072860718,0.42657342553138733,0.17361736297607422
YDL075W,YMR136W,0,1.8532753,0.19731977581977844,0.42657342553138733,0.17371736466884613
YBR125C,YBR115C,0,1.8530682,0.19722864031791687,0.42657342553138733,0.17381738126277924
YKL183W,YPR082C,0,1.8529122,0.19713757932186127,0.42657342553138733,0.17391739785671234
YKL046C,YER190W,0,1.8517177,0.19704660773277283,0.42657342553138733,0.17401739954948425
YLR083C,YER149C,1,1.8510709,0.1974169760942459,0.42757242918014526,0.17401739954948425
YFL018C,YAL010C,0,1.8502176,0.1973259598016739,0.42757242918014526,0.17411741614341736
YJR043C,YGR238C,0,1.8487096,0.19723501801490784,0.42757242918014526,0.17421741783618927
YER013W,YDR032C,0,1.8484926,0.19714418053627014,0.42757242918014526,0.17431743443012238
YBR082C,YJL103C,0,1.8463645,0.19705340266227722,0.42757242918014526,0.1744174361228943
YMR257C,YJR143C,0,1.8454678,0.19696272909641266,0.42757242918014526,0.1745174527168274
YLR238W,YNL309W,0,1.845408,0.19687213003635406,0.42757242918014526,0.1746174544095993
YDR082W,YDL202W,0,1.8453939,0.19678160548210144,0.42757242918014526,0.1747174710035324
YHR031C,YMR280C,0,1.8452022,0.19669117033481598,0.42757242918014526,0.17481748759746552
YDR291W,YER052C,0,1.8436289,0.19660082459449768,0.42757242918014526,0.17491748929023743
YLL055W,YNL009W,0,1.8435774,0.19651055335998535,0.42757242918014526,0.17501750588417053
YPL038W,YMR241W,0,1.843575,0.19642037153244019,0.42757242918014526,0.17511750757694244
YIL090W,YJL080C,0,1.8420839,0.19633027911186218,0.42757242918014526,0.17521752417087555
YOL052C,YDR380W,0,1.8400058,0.19624026119709015,0.42757242918014526,0.17531752586364746
YLR362W,YDL035C,1,1.8396046,0.19660861790180206,0.4285714328289032,0.17531752586364746
YMR291W,YOL027C,0,1.8392515,0.19651855528354645,0.4285714328289032,0.17541754245758057
YBR105C,YLR139C,0,1.8390214,0.1964285671710968,0.4285714328289032,0.17551755905151367
YDR465C,YOR047C,0,1.8384565,0.19633866846561432,0.4285714328289032,0.17561756074428558
YBR297W,YLR160C,0,1.8378019,0.196248859167099,0.4285714328289032,0.1757175773382187
YOR270C,YJL092W,0,1.8374794,0.19615912437438965,0.4285714328289032,0.1758175790309906
YOR275C,YLR139C,0,1.8369819,0.19606946408748627,0.4285714328289032,0.1759175956249237
YER177W,YBR066C,1,1.8364103,0.19643673300743103,0.42957043647766113,0.1759175956249237
YOR083W,YPR005C,0,1.8356286,0.19634702801704407,0.42957043647766113,0.17601759731769562
YHR011W,YNL197C,1,1.8335848,0.19671383500099182,0.43056944012641907,0.17601759731769562
YDR389W,YMR300C,0,1.8326526,0.19662408530712128,0.43056944012641907,0.17611761391162872
YLL008W,YPR108W,0,1.8314267,0.1965344250202179,0.43056944012641907,0.17621761560440063
YBR159W,YKL179C,0,1.8312416,0.19644485414028168,0.43056944012641907,0.17631763219833374
YMR208W,YNL258C,0,1.8311518,0.19635535776615143,0.43056944012641907,0.17641764879226685
YPR113W,YBR245C,0,1.8282342,0.19626593589782715,0.43056944012641907,0.17651765048503876
YBR214W,YLR070C,0,1.8277497,0.19617660343647003,0.43056944012641907,0.17661766707897186
YPL151C,YDR536W,0,1.8276123,0.19608734548091888,0.43056944012641907,0.17671766877174377
YER175C,YDR497C,0,1.8275675,0.1959981769323349,0.43056944012641907,0.17681768536567688
YHR143W,YIR019C,1,1.8273655,0.1963636428117752,0.431568443775177,0.17681768536567688
YOL067C,YLR418C,0,1.8240591,0.19627441465854645,0.431568443775177,0.1769176870584488
YJL130C,YIL079C,0,1.8232666,0.19618529081344604,0.431568443775177,0.1770177036523819
YJL145W,YBL066C,0,1.8229916,0.19609622657299042,0.431568443775177,0.1771177053451538
YCR047C,YJL076W,0,1.822157,0.19600726664066315,0.431568443775177,0.17721772193908691
YNL275W,YDR006C,0,1.8220918,0.19591836631298065,0.431568443775177,0.17731773853302002
YMR208W,YDR499W,0,1.8218837,0.19582955539226532,0.431568443775177,0.17741774022579193
YOL141W,YOR311C,0,1.8216903,0.19574081897735596,0.431568443775177,0.17751775681972504
YLR353W,YMR078C,0,1.8215232,0.19565217196941376,0.431568443775177,0.17761775851249695
YKR060W,YPR061C,0,1.8212821,0.19556359946727753,0.431568443775177,0.17771777510643005
YHR066W,YLR116W,0,1.8208561,0.19547511637210846,0.431568443775177,0.17781777679920197
YBR280C,YPR194C,0,1.8199953,0.19538670778274536,0.431568443775177,0.17791779339313507
YOR003W,YKL188C,0,1.819382,0.19529837369918823,0.431568443775177,0.17801779508590698
YER045C,YBR231C,0,1.8182664,0.19521012902259827,0.431568443775177,0.1781178116798401
YHR041C,YML130C,0,1.8182085,0.19512194395065308,0.431568443775177,0.1782178282737732
YCL003W,YKL092C,0,1.8178824,0.19503386318683624,0.431568443775177,0.1783178299665451
YOR337W,YBL068W,0,1.8178043,0.19494584202766418,0.431568443775177,0.1784178465604782
YPL154C,YDR052C,0,1.8174381,0.1948579102754593,0.431568443775177,0.17851784825325012
YHR085W,YFL039C,0,1.8150864,0.19477006793022156,0.431568443775177,0.17861786484718323
YGL097W,YLL022C,0,1.8146653,0.1946822851896286,0.431568443775177,0.17871786653995514
YMR316W,YIL049W,1,1.8121254,0.19504503905773163,0.43256744742393494,0.17871786653995514
YPR054W,YDR054C,0,1.8118676,0.19495722651481628,0.43256744742393494,0.17881788313388824
YNL064C,YOL077W-A,0,1.8093718,0.1948694884777069,0.43256744742393494,0.17891788482666016
YOR063W,YMR172W,0,1.809341,0.1947818249464035,0.43256744742393494,0.17901790142059326
YLR081W,YOL102C,0,1.8086011,0.19469425082206726,0.43256744742393494,0.17911791801452637
YPR030W,YMR047C,0,1.8082782,0.1946067363023758,0.43256744742393494,0.17921791970729828
YPL055C,YLR025W,0,1.8063555,0.1945193111896515,0.43256744742393494,0.17931793630123138
YOR297C,YPR140W,0,1.8051534,0.19443197548389435,0.43256744742393494,0.1794179379940033
YDR363W,YOR133W,0,1.8050026,0.19434469938278198,0.43256744742393494,0.1795179545879364
YLR138W,YIL004C,0,1.8050008,0.19425751268863678,0.43256744742393494,0.1796179562807083
YOL017W,YDR425W,0,1.8037773,0.19417040050029755,0.43256744742393494,0.17971797287464142
YGR124W,YNL227C,0,1.8028936,0.19408337771892548,0.43256744742393494,0.17981797456741333
YHR084W,YCR093W,1,1.8026422,0.1944444477558136,0.4335664212703705,0.17981797456741333
YHR136C,YPR159W,0,1.8004723,0.19435736536979675,0.4335664212703705,0.17991799116134644
YOR388C,YGR086C,0,1.8003235,0.19427037239074707,0.4335664212703705,0.18001800775527954
YMR307W,YGL137W,0,1.8003149,0.19418343901634216,0.4335664212703705,0.18011800944805145
YDR310C,YPR160W,0,1.7991693,0.19409659504890442,0.4335664212703705,0.18021802604198456
YOR106W,YLL062C,0,1.7991164,0.19400984048843384,0.4335664212703705,0.18031802773475647
YEL011W,YPL206C,0,1.798959,0.19392314553260803,0.4335664212703705,0.18041804432868958
YDL159W,YMR316W,1,1.7986231,0.1942831575870514,0.4345654249191284,0.18041804432868958
YNL098C,YDR379W,1,1.7980654,0.19464285671710968,0.43556442856788635,0.18041804432868958
YDR097C,YAL016W,0,1.79773,0.19455599784851074,0.43556442856788635,0.1805180460214615
YNL098C,YKL152C,0,1.7975835,0.19446922838687897,0.43556442856788635,0.1806180626153946
YDL067C,YDR524C,0,1.7955571,0.19438251852989197,0.43556442856788635,0.1807180792093277
YPL104W,YAR027W,0,1.7945528,0.19429589807987213,0.43556442856788635,0.1808180809020996
YJL207C,YMR308C,0,1.7938501,0.19420935213565826,0.43556442856788635,0.18091809749603271
YMR204C,YDL202W,0,1.7938473,0.19412288069725037,0.43556442856788635,0.18101809918880463
YER020W,YLR229C,1,1.7936637,0.19448153674602509,0.4365634322166443,0.18101809918880463
YOR037W,YPL068C,0,1.7926831,0.1943950206041336,0.4365634322166443,0.18111811578273773
YER169W,YDR402C,0,1.7921009,0.1943085789680481,0.4365634322166443,0.18121811747550964
YKR013W,YBL089W,0,1.7917006,0.19422222673892975,0.4365634322166443,0.18131813406944275
YLR096W,YOR092W,0,1.7909973,0.19413593411445618,0.4365634322166443,0.18141813576221466
YJR153W,YAL056W,1,1.7906134,0.19449378550052643,0.4375624358654022,0.18141813576221466
YHR104W,YJR086W,0,1.7905785,0.19440746307373047,0.4375624358654022,0.18151815235614777
YLR172C,YJL010C,0,1.7900004,0.19432120025157928,0.4375624358654022,0.18161816895008087
YDR358W,YIL111W,0,1.7897079,0.19423502683639526,0.4375624358654022,0.18171817064285278
YFL010W-A,YDL005C,0,1.7884836,0.1941489428281784,0.4375624358654022,0.1818181872367859
YHL040C,YDR128W,0,1.788327,0.19406291842460632,0.4375624358654022,0.1819181889295578
YLL021W,YDR099W,1,1.7882428,0.19441984593868256,0.43856143951416016,0.1819181889295578
YHR101C,YEL055C,0,1.7864115,0.1943337768316269,0.43856143951416016,0.1820182055234909
YGR048W,YBR283C,0,1.7863727,0.1942477822303772,0.43856143951416016,0.18211820721626282
YLR353W,YHR084W,1,1.7862564,0.19460415840148926,0.4395604431629181,0.18211820721626282
YLR448W,YLL062C,0,1.7855629,0.19451811909675598,0.4395604431629181,0.18221822381019592
YCL024W,YKL010C,0,1.7845916,0.19443216919898987,0.4395604431629181,0.18231822550296783
YCR060W,YMR264W,0,1.7842526,0.19434629380702972,0.4395604431629181,0.18241824209690094
YDL179W,YBR050C,0,1.7835808,0.19426049292087555,0.4395604431629181,0.18251825869083405
YKL146W,YJR047C,0,1.7830924,0.19417475163936615,0.4395604431629181,0.18261826038360596
YNL010W,YEL034W,0,1.782667,0.1940890997648239,0.4395604431629181,0.18271827697753906
YDR060W,YNR001C,0,1.7821727,0.19400352239608765,0.4395604431629181,0.18281827867031097
YKR081C,YNL270C,0,1.7819993,0.19391801953315735,0.4395604431629181,0.18291829526424408
YNL138W,YLR353W,1,1.779778,0.19427312910556793,0.440559446811676,0.18291829526424408
YDR103W,YGL175C,0,1.7792883,0.19418758153915405,0.440559446811676,0.183018296957016
YOR369C,YJL192C,0,1.7779497,0.19410210847854614,0.440559446811676,0.1831183135509491
YLR237W,YGR239C,0,1.7779262,0.1940167248249054,0.440559446811676,0.183218315243721
YLR423C,YGR238C,0,1.7760618,0.19393140077590942,0.440559446811676,0.1833183318376541
YBR182C,YPL098C,0,1.7756709,0.19384615123271942,0.440559446811676,0.18341834843158722
YHR084W,YLR229C,1,1.7754803,0.19420035183429718,0.44155845046043396,0.18341834843158722
YEL037C,YDR059C,0,1.7753962,0.1941150575876236,0.44155845046043396,0.18351835012435913
YBL076C,YOR336W,0,1.7744666,0.19402985274791718,0.44155845046043396,0.18361836671829224
YGL254W,YNR012W,0,1.7714498,0.19394470751285553,0.44155845046043396,0.18371836841106415
YGR065C,YFL031W,0,1.7712548,0.19385965168476105,0.44155845046043396,0.18381838500499725
YHL036W,YMR197C,0,1.7704213,0.19377465546131134,0.44155845046043396,0.18391838669776917
YNL001W,YER109C,1,1.7696946,0.19412796199321747,0.4425574541091919,0.18391838669776917
YIL170W,YMR304W,0,1.7695434,0.19404292106628418,0.4425574541091919,0.18401840329170227
YAL005C,YKR056W,0,1.7689676,0.19395796954631805,0.4425574541091919,0.18411840498447418
YHR211W,YKL174C,0,1.7676764,0.1938730925321579,0.4425574541091919,0.1842184215784073
YGL046W,YOL148C,0,1.7670904,0.19378827512264252,0.4425574541091919,0.1843184381723404
YOR307C,YGR223C,0,1.7645929,0.1937035471200943,0.4425574541091919,0.1844184398651123
YPR073C,YAL047C,0,1.7642467,0.19361887872219086,0.4425574541091919,0.1845184564590454
YKR056W,YDL212W,0,1.7637187,0.19353429973125458,0.4425574541091919,0.18461845815181732
YJL085W,YGR177C,0,1.7623489,0.19344978034496307,0.4425574541091919,0.18471847474575043
YEL004W,YGL181W,0,1.7615793,0.19336533546447754,0.4425574541091919,0.18481847643852234
YJR001W,YOR175C,0,1.7613621,0.19328097999095917,0.4425574541091919,0.18491849303245544
YJR083C,YCL008C,0,1.7611042,0.19319668412208557,0.4425574541091919,0.18501849472522736
YOR311C,YFL017W-A,0,1.7607956,0.19311246275901794,0.4425574541091919,0.18511851131916046
YDR523C,YJR010W,0,1.7601137,0.1930283159017563,0.4425574541091919,0.18521852791309357
YDR251W,YHR143W,1,1.7597377,0.19337978959083557,0.44355645775794983,0.18521852791309357
YBL052C,YBL011W,0,1.759428,0.19329559803009033,0.44355645775794983,0.18531852960586548
YPL005W,YNL301C,0,1.7592342,0.19321148097515106,0.44355645775794983,0.18541854619979858
YLR048W,YBR020W,0,1.7583888,0.19312745332717896,0.44355645775794983,0.1855185478925705
YNL153C,YLL041C,0,1.7579548,0.19304348528385162,0.44355645775794983,0.1856185644865036
YPR083W,YBL085W,0,1.757414,0.19295957684516907,0.44355645775794983,0.1857185661792755
YNL138W,YER109C,1,1.7571993,0.19331017136573792,0.4445554316043854,0.1857185661792755
YDR099W,YLR229C,1,1.7538334,0.1936604380607605,0.4455544352531433,0.1857185661792755
YFL036W,YGL094C,0,1.7533581,0.1935763955116272,0.4455544352531433,0.18581858277320862
YJR139C,YPR200C,0,1.751346,0.19349241256713867,0.4455544352531433,0.18591858446598053
YKL048C,YDR099W,1,1.7491282,0.19384215772151947,0.44655343890190125,0.18591858446598053
YLR359W,YPR052C,0,1.7481372,0.19375813007354736,0.44655343890190125,0.18601860105991364
YJL155C,YOR182C,0,1.7479718,0.19367417693138123,0.44655343890190125,0.18611861765384674
YGL051W,YDR454C,0,1.7479045,0.19359029829502106,0.44655343890190125,0.18621861934661865
YNL044W,YJR055W,0,1.7473866,0.19350649416446686,0.44655343890190125,0.18631863594055176
YER056C-A,YDR182W,0,1.7466698,0.19342276453971863,0.44655343890190125,0.18641863763332367
YBR299W,YMR167W,0,1.7457782,0.19333909451961517,0.44655343890190125,0.18651865422725677
YOR063W,YFR013W,0,1.7457149,0.19325551390647888,0.44655343890190125,0.1866186559200287
YJL115W,YDL007W,0,1.7453762,0.19317199289798737,0.44655343890190125,0.1867186725139618
YML051W,YER153C,0,1.7450752,0.19308854639530182,0.44655343890190125,0.1868186891078949
YDR270W,YGL035C,0,1.7425526,0.19300517439842224,0.44655343890190125,0.1869186908006668
YBR142W,YKL201C,0,1.7411044,0.19292187690734863,0.44655343890190125,0.18701870739459991
YIL044C,YJL192C,0,1.7408146,0.192838653922081,0.44655343890190125,0.18711870908737183
YBR145W,YOR216C,0,1.7403066,0.19275550544261932,0.44655343890190125,0.18721872568130493
YDL192W,YNL230C,0,1.7381015,0.19267241656780243,0.44655343890190125,0.18731872737407684
YDL049C,YPL249C-A,0,1.737672,0.1925894021987915,0.44655343890190125,0.18741874396800995
YGR158C,YBL039C,0,1.7322636,0.19250646233558655,0.44655343890190125,0.18751874566078186
YJR057W,YHL047C,0,1.7318742,0.19242359697818756,0.44655343890190125,0.18761876225471497
YML070W,YHR012W,0,1.7311019,0.19234079122543335,0.44655343890190125,0.18771877884864807
YOR127W,YLR362W,1,1.7307715,0.19268816709518433,0.4475524425506592,0.18771877884864807
YML058W-A,YDR143C,0,1.729259,0.19260533154010773,0.4475524425506592,0.18781878054141998
YLR045C,YJR044C,0,1.7287084,0.1925225555896759,0.4475524425506592,0.1879187971353531
YNL138W,YKL149C,1,1.7269335,0.1928694099187851,0.4485514461994171,0.1879187971353531
YOL030W,YPL104W,0,1.7268908,0.19278660416603088,0.4485514461994171,0.188018798828125
YNL297C,YBL027W,0,1.7261358,0.19270385801792145,0.4485514461994171,0.1881188154220581
YIL157C,YGL033W,0,1.7253987,0.19262118637561798,0.4485514461994171,0.18821881711483002
YER109C,YBR083W,1,1.7253246,0.19296741485595703,0.44955044984817505,0.18821881711483002
YBR298C,YJL198W,0,1.7235541,0.19288469851016998,0.44955044984817505,0.18831883370876312
YDL208W,YNL026W,0,1.72247,0.1928020566701889,0.44955044984817505,0.18841883540153503
YHR052W,YKL173W,0,1.7223603,0.1927194893360138,0.44955044984817505,0.18851885199546814
YNL138W,YDL159W,1,1.721571,0.19306506216526031,0.450549453496933,0.18851885199546814
YEL041W,YBR183W,0,1.7211585,0.19298245012760162,0.450549453496933,0.18861886858940125
YCL057W,YBR103W,0,1.721031,0.1928999125957489,0.450549453496933,0.18871887028217316
YOR231W,YDR030C,0,1.7192054,0.19281744956970215,0.450549453496933,0.18881888687610626
YLR157C,YJR094W-A,0,1.7190459,0.19273504614830017,0.450549453496933,0.18891888856887817
YBL090W,YOL026C,0,1.7185767,0.19265271723270416,0.450549453496933,0.18901890516281128
YMR171C,YJL047C,0,1.7179105,0.19257044792175293,0.450549453496933,0.1891189068555832
YNL001W,YDR099W,1,1.7176065,0.19291506707668304,0.4515484571456909,0.1891189068555832
YDR107C,YNL142W,1,1.7173543,0.19325938820838928,0.45254746079444885,0.1891189068555832
YDR392W,YDR043C,1,1.716234,0.19360341131687164,0.4535464644432068,0.1891189068555832
YGL097W,YDL133C-A,0,1.7159488,0.19352088868618011,0.4535464644432068,0.1892189234495163
YJR130C,YPL268W,0,1.7151587,0.19343842566013336,0.4535464644432068,0.1893189251422882
YNL030W,YGR108W,0,1.7150067,0.19335605204105377,0.4535464644432068,0.1894189417362213
YNL298W,YNL119W,1,1.7142289,0.193699449300766,0.4545454680919647,0.1894189417362213
YIR019C,YIL049W,1,1.7137825,0.19404254853725433,0.45554444193840027,0.1894189417362213
YGL084C,YNL327W,0,1.7113504,0.1939600110054016,0.45554444193840027,0.18951895833015442
YLR359W,YJL006C,0,1.7111644,0.19387754797935486,0.45554444193840027,0.18961896002292633
YKR029C,YIL079C,0,1.7110783,0.19379515945911407,0.45554444193840027,0.18971897661685944
YLR089C,YOL113W,0,1.711071,0.19371283054351807,0.45554444193840027,0.18981897830963135
YBR066C,YGR282C,0,1.7110584,0.19363057613372803,0.45554444193840027,0.18991899490356445
YBR185C,YLR071C,0,1.7098578,0.19354838132858276,0.45554444193840027,0.19001899659633636
YPR072W,YPL213W,0,1.7095749,0.19346627593040466,0.45554444193840027,0.19011901319026947
YLL021W,YER113C,1,1.70841,0.19380831718444824,0.4565434455871582,0.19011901319026947
YMR173W,YDR362C,0,1.7078753,0.19372615218162537,0.4565434455871582,0.19021901488304138
YPL157W,YEL013W,0,1.7077174,0.19364406168460846,0.4565434455871582,0.1903190314769745
YGR163W,YNL079C,0,1.705886,0.19356204569339752,0.4565434455871582,0.1904190480709076
YOR230W,YPR029C,0,1.7054877,0.19348010420799255,0.4565434455871582,0.1905190497636795
YOL052C,YDR538W,0,1.7051698,0.19339822232723236,0.4565434455871582,0.1906190663576126
YBR095C,YGR148C,0,1.7050683,0.19331641495227814,0.4565434455871582,0.19071906805038452
YBL093C,YJL210W,0,1.7044237,0.1932346671819687,0.4565434455871582,0.19081908464431763
YBR097W,YNL270C,0,1.7042342,0.1931529939174652,0.4565434455871582,0.19091908633708954
YJR059W,YMR184W,0,1.7036476,0.1930713951587677,0.4565434455871582,0.19101910293102264
YBR205W,YGR148C,0,1.7032654,0.19298987090587616,0.4565434455871582,0.19111910462379456
YER095W,YLL027W,0,1.7031281,0.1929084062576294,0.4565434455871582,0.19121912121772766
YDR477W,YKL043W,1,1.7027205,0.1932489424943924,0.45754244923591614,0.19121912121772766
YKL125W,YBL039C,0,1.7012529,0.19316743314266205,0.45754244923591614,0.19131913781166077
YCL040W,YNL095C,0,1.7003906,0.19308599829673767,0.45754244923591614,0.19141913950443268
YOR221C,YNL101W,0,1.6996584,0.19300463795661926,0.45754244923591614,0.19151915609836578
YIR017C,YPL060W,0,1.6988801,0.19292333722114563,0.45754244923591614,0.1916191577911377
YGL135W,YPR192W,0,1.6986742,0.19284211099147797,0.45754244923591614,0.1917191743850708
YPR083W,YKL091C,0,1.6981053,0.19276094436645508,0.45754244923591614,0.1918191760778427
YGL191W,YDL082W,0,1.6972023,0.19267985224723816,0.45754244923591614,0.19191919267177582
YMR012W,YMR233W,0,1.6958908,0.19259881973266602,0.45754244923591614,0.19201920926570892
YOR322C,YKL157W,0,1.6951463,0.19251786172389984,0.45754244923591614,0.19211921095848083
YDR043C,YJL036W,0,1.6947742,0.19243697822093964,0.45754244923591614,0.19221922755241394
YOR032C,YAL041W,1,1.6932346,0.1927761435508728,0.4585414528846741,0.19221922755241394
YJL051W,YFL009W,0,1.6926286,0.19269521534442902,0.4585414528846741,0.19231922924518585
YPR032W,YML056C,0,1.6912903,0.19261434674263,0.4585414528846741,0.19241924583911896
YOR032C,YER113C,1,1.6905186,0.19295302033424377,0.459540456533432,0.19241924583911896
YLR197W,YDR540C,0,1.6903098,0.19287212193012238,0.459540456533432,0.19251924753189087
YGL021W,YJL133W,0,1.6898685,0.19279128313064575,0.459540456533432,0.19261926412582397
YJR007W,YHR160C,0,1.6884621,0.1927105188369751,0.459540456533432,0.1927192658185959
YOR315W,YHR084W,1,1.6876626,0.19304858148097992,0.46053946018218994,0.1927192658185959
YMR239C,YGL023C,0,1.6876025,0.19296777248382568,0.46053946018218994,0.192819282412529
YDR379W,YHR084W,1,1.687313,0.19330543279647827,0.4615384638309479,0.192819282412529
YAL056W,YNL142W,1,1.6871896,0.19364282488822937,0.4625374674797058,0.192819282412529
YLL038C,YGL136C,0,1.6848232,0.1935618668794632,0.4625374674797058,0.1929192990064621
YDL155W,YAL060W,0,1.684293,0.193480983376503,0.4625374674797058,0.193019300699234
YLR268W,YLR423C,0,1.6835415,0.19340017437934875,0.4625374674797058,0.19311931729316711
YOR323C,YDL055C,0,1.6829565,0.1933194100856781,0.4625374674797058,0.19321931898593903
YJR036C,YCR027C,0,1.6817069,0.1932387351989746,0.4625374674797058,0.19331933557987213
YER096W,YGR047C,0,1.6814657,0.1931581199169159,0.4625374674797058,0.19341933727264404
YOL147C,YIR033W,0,1.6790936,0.19307756423950195,0.4625374674797058,0.19351935386657715
YPR190C,YOL027C,0,1.6776403,0.19299708306789398,0.4625374674797058,0.19361935555934906
YHR152W,YNR008W,0,1.6776103,0.1929166615009308,0.4625374674797058,0.19371937215328217
YNL245C,YOL006C,0,1.6768444,0.19283631443977356,0.4625374674797058,0.19381938874721527
YKL146W,YDR324C,0,1.6765513,0.1927560418844223,0.4625374674797058,0.19391939043998718
YDR099W,YKL149C,1,1.6762009,0.1930919736623764,0.46353647112846375,0.19391939043998718
YIL093C,YDR518W,0,1.6760423,0.19301164150238037,0.46353647112846375,0.1940194070339203
YOR076C,YPL103C,0,1.6754717,0.1929313987493515,0.46353647112846375,0.1941194087266922
YGL125W,YLR370C,0,1.6751686,0.1928512006998062,0.46353647112846375,0.1942194253206253
YER001W,YIL004C,0,1.674709,0.1927710771560669,0.46353647112846375,0.19431942701339722
YMR006C,YDR055W,0,1.674683,0.19269102811813354,0.46353647112846375,0.19441944360733032
YLR155C,YPR103W,0,1.6738119,0.19261103868484497,0.46353647112846375,0.19451944530010223
YML014W,YGL017W,0,1.6735471,0.19253112375736237,0.46353647112846375,0.19461946189403534
YLR047C,YBR215W,0,1.672838,0.19245126843452454,0.46353647112846375,0.19471947848796844
YNL021W,YEL016C,0,1.6727808,0.19237147271633148,0.46353647112846375,0.19481948018074036
YIL136W,YER185W,0,1.6708382,0.1922917515039444,0.46353647112846375,0.19491949677467346
YBL069W,YOR148C,0,1.6707139,0.1922120898962021,0.46353647112846375,0.19501949846744537
YPL274W,YBL003C,0,1.6705573,0.19213250279426575,0.46353647112846375,0.19511951506137848
YNL126W,YML126C,0,1.6700917,0.19205297529697418,0.46353647112846375,0.1952195167541504
YGR249W,YGL131C,0,1.6697417,0.1919735223054886,0.46353647112846375,0.1953195333480835
YDR099W,YNL098C,1,1.6693473,0.19230769574642181,0.4645354747772217,0.1953195333480835
YNL083W,YLR429W,0,1.669285,0.19222819805145264,0.4645354747772217,0.1954195350408554
YNL152W,YNL302C,0,1.6692066,0.19214875996112823,0.4645354747772217,0.1955195516347885
YLL022C,YGR282C,0,1.6686745,0.1920693963766098,0.4645354747772217,0.19561956822872162
YDR197W,YDL191W,0,1.6684313,0.19199009239673615,0.4645354747772217,0.19571956992149353
YER144C,YHR123W,0,1.6671474,0.19191084802150726,0.4645354747772217,0.19581958651542664
YMR276W,YLR172C,0,1.6665766,0.19183167815208435,0.4645354747772217,0.19591958820819855
YPL218W,YMR277W,0,1.6657579,0.1917525827884674,0.4645354747772217,0.19601960480213165
YPR029C,YBR257W,0,1.663425,0.19167353212833405,0.4645354747772217,0.19611960649490356
YKL181W,YBR118W,0,1.6632129,0.19159455597400665,0.4645354747772217,0.19621962308883667
YKL161C,YNL101W,0,1.6628501,0.19151565432548523,0.4645354747772217,0.19631962478160858
YDR043C,YKL043W,1,1.6627841,0.1918485015630722,0.4655344784259796,0.19631962478160858
YKL055C,YDL002C,0,1.6626989,0.191769540309906,0.4655344784259796,0.1964196413755417
YPR121W,YBR271W,0,1.6622348,0.19169066846370697,0.4655344784259796,0.1965196579694748
YOR150W,YIL079C,0,1.6621573,0.19161184132099152,0.4655344784259796,0.1966196596622467
YLR369W,YBR129C,0,1.6612272,0.19153308868408203,0.4655344784259796,0.1967196762561798
YLL021W,YOR127W,1,1.6608198,0.1918652355670929,0.46653345227241516,0.1967196762561798
YIR011C,YDL066W,0,1.6602907,0.19178645312786102,0.46653345227241516,0.19681967794895172
YOR197W,YDL198C,0,1.6597157,0.19170771539211273,0.46653345227241516,0.19691969454288483
YIR017C,YMR276W,0,1.6589804,0.1916290521621704,0.46653345227241516,0.19701969623565674
YPL091W,YPL151C,0,1.6584581,0.19155044853687286,0.46653345227241516,0.19711971282958984
YOR219C,YJL203W,0,1.6579808,0.1914719194173813,0.46653345227241516,0.19721971452236176
YJR017C,YNR075W,0,1.6576644,0.19139344990253448,0.46653345227241516,0.19731973111629486
YGL008C,YGL226C-A,0,1.6574665,0.19131503999233246,0.46653345227241516,0.19741974771022797
YCR038C,YNL068C,1,1.6556487,0.19164618849754333,0.4675324559211731,0.19741974771022797
YPR111W,YNL282W,0,1.6555278,0.19156774878501892,0.4675324559211731,0.19751974940299988
YOR315W,YNL001W,1,1.6552622,0.19189852476119995,0.46853145956993103,0.19751974940299988
YLR459W,YFL055W,0,1.654672,0.19182004034519196,0.46853145956993103,0.19761976599693298
YDR107C,YER177W,1,1.6526794,0.19215044379234314,0.46953046321868896,0.19761976599693298
YKR061W,YEL009C,0,1.652428,0.19207192957401276,0.46953046321868896,0.1977197676897049
YJR110W,YNL044W,0,1.6523204,0.19199346005916595,0.46953046321868896,0.197819784283638
YLR316C,YLR048W,0,1.6491821,0.19191506505012512,0.46953046321868896,0.1979197859764099
YDR472W,YCR009C,0,1.6485574,0.19183672964572906,0.46953046321868896,0.19801980257034302
YNL079C,YMR016C,1,1.6483989,0.19216646254062653,0.4705294668674469,0.19801980257034302
YER109C,YNL271C,1,1.6481377,0.1924959272146225,0.47152847051620483,0.19801980257034302
YKL020C,YOL060C,0,1.6478572,0.1924174427986145,0.47152847051620483,0.19811981916427612
YDL092W,YOR288C,0,1.6473968,0.19233903288841248,0.47152847051620483,0.19821982085704803
YKL048C,YMR016C,1,1.6470969,0.19266802072525024,0.47252747416496277,0.19821982085704803
YNL252C,YML027W,0,1.6458272,0.19258958101272583,0.47252747416496277,0.19831983745098114
YLL008W,YOR064C,0,1.6457832,0.192511186003685,0.47252747416496277,0.19841983914375305
YAR035W,YKL086W,0,1.6456761,0.19243286550045013,0.47252747416496277,0.19851985573768616
YMR238W,YHR073W,1,1.6450793,0.19276128709316254,0.4735264778137207,0.19851985573768616
YPR081C,YEL011W,0,1.6448069,0.1926829218864441,0.4735264778137207,0.19861985743045807
YMR235C,YJL166W,0,1.6447074,0.19260463118553162,0.4735264778137207,0.19871987402439117
YHR181W,YNL256W,0,1.6442744,0.19252640008926392,0.4735264778137207,0.19881987571716309
YLL021W,YLR362W,1,1.6435888,0.19285424053668976,0.47452548146247864,0.19881987571716309
YCL031C,YGR092W,0,1.6434262,0.19277597963809967,0.47452548146247864,0.1989198923110962
YOR196C,YNL322C,0,1.6431504,0.19269776344299316,0.47452548146247864,0.1990199089050293
YDL194W,YKL003C,0,1.6431057,0.19261962175369263,0.47452548146247864,0.1991199105978012
YDR518W,YNL188W,0,1.6427385,0.19254155457019806,0.47452548146247864,0.19921992719173431
YER020W,YNL077W,0,1.6423905,0.19246353209018707,0.47452548146247864,0.19931992888450623
YIR010W,YDR492W,0,1.6422052,0.19238558411598206,0.47452548146247864,0.19941994547843933
YHR143W,YJL207C,0,1.6413429,0.19230769574642181,0.47452548146247864,0.19951994717121124
YOR032C,YMR238W,1,1.6403489,0.19263456761837006,0.4755244851112366,0.19951994717121124
YNL197C,YLR229C,1,1.6400701,0.1929611712694168,0.4765234887599945,0.19951994717121124
YJL090C,YKR046C,0,1.6399115,0.19288313388824463,0.4765234887599945,0.19961996376514435
YCR060W,YLL005C,0,1.6394174,0.19280517101287842,0.4765234887599945,0.19971996545791626
YLL055W,YGR227W,0,1.6390069,0.19272726774215698,0.4765234887599945,0.19981998205184937
YDL216C,YPL127C,0,1.6389637,0.19264943897724152,0.4765234887599945,0.19991999864578247
YMR042W,YCR046C,0,1.6386514,0.19257165491580963,0.4765234887599945,0.20002000033855438
YNL152W,YBL055C,0,1.6379251,0.19249394536018372,0.4765234887599945,0.2001200169324875
YNL175C,YER069W,0,1.637861,0.19241629540920258,0.4765234887599945,0.2002200186252594
YOL100W,YLR142W,0,1.6378263,0.1923387050628662,0.4765234887599945,0.2003200352191925
YBR106W,YOR178C,0,1.6376818,0.19226118922233582,0.4765234887599945,0.20042003691196442
YBR039W,YGL255W,0,1.6367087,0.192183718085289,0.4765234887599945,0.20052005350589752
YCR028C,YJR034W,0,1.636621,0.19210632145404816,0.4765234887599945,0.20062005519866943
YOR229W,YBL057C,0,1.6354744,0.1920289844274521,0.4765234887599945,0.20072007179260254
YLR005W,YML091C,0,1.6353356,0.1919517070055008,0.4765234887599945,0.20082008838653564
YER150W,YBR293W,0,1.6338807,0.19187450408935547,0.4765234887599945,0.20092009007930756
YKR061W,YCR094W,0,1.6337562,0.19179734587669373,0.4765234887599945,0.20102010667324066
YNR069C,YBR044C,0,1.6331981,0.19172026216983795,0.4765234887599945,0.20112010836601257
YLR188W,YDL143W,0,1.6329516,0.19164322316646576,0.4765234887599945,0.20122012495994568
YOR315W,YDR432W,1,1.6324501,0.19196787476539612,0.47752249240875244,0.20122012495994568
YCR093W,YLR038C,0,1.6316378,0.19189080595970154,0.47752249240875244,0.2013201266527176
YDL060W,YGL249W,0,1.6314962,0.19181379675865173,0.47752249240875244,0.2014201432466507
YBL054W,YDL079C,0,1.6295834,0.1917368620634079,0.47752249240875244,0.2015201449394226
YKR001C,YPL200W,0,1.62917,0.19165998697280884,0.47752249240875244,0.2016201615333557
YKL211C,YOR239W,0,1.6254864,0.19158317148685455,0.47752249240875244,0.20172017812728882
YDR099W,YLR353W,1,1.6249585,0.19190704822540283,0.478521466255188,0.20172017812728882
YAL014C,YER091C,0,1.6241598,0.19183020293712616,0.478521466255188,0.20182017982006073
YER141W,YOL054W,0,1.6231453,0.19175340235233307,0.478521466255188,0.20192019641399384
YDR107C,YAL041W,1,1.6213156,0.19207683205604553,0.4795204699039459,0.20192019641399384
YOR080W,YJR113C,0,1.6197782,0.19200000166893005,0.4795204699039459,0.20202019810676575
YCR014C,YML025C,0,1.6183779,0.19192323088645935,0.4795204699039459,0.20212021470069885
YBR283C,YBR044C,0,1.6181779,0.19184651970863342,0.4795204699039459,0.20222021639347076
YNR012W,YLR364W,0,1.6179225,0.19176988303661346,0.4795204699039459,0.20232023298740387
YEL030W,YML066C,0,1.6170323,0.1916932910680771,0.4795204699039459,0.20242023468017578
YKL185W,YBR066C,1,1.6166955,0.19201596081256866,0.48051947355270386,0.20242023468017578
YDL155W,YOR367W,0,1.6161628,0.1919393390417099,0.48051947355270386,0.2025202512741089
YNR067C,YOR180C,0,1.6159296,0.1918627768754959,0.48051947355270386,0.202620267868042
YML113W,YDR410C,0,1.6152244,0.1917862892150879,0.48051947355270386,0.2027202695608139
YDR270W,YOR174W,0,1.614855,0.19170984625816345,0.48051947355270386,0.202820286154747
YPR164W,YPR101W,0,1.6147839,0.1916334629058838,0.48051947355270386,0.20292028784751892
YFR006W,YGL009C,0,1.6144357,0.1915571540594101,0.48051947355270386,0.20302030444145203
YKL035W,YKL167C,0,1.6136658,0.19148088991641998,0.48051947355270386,0.20312030613422394
YER114C,YDL126C,0,1.6123636,0.19140470027923584,0.48051947355270386,0.20322032272815704
YBR230C,YJR066W,0,1.6121154,0.19132855534553528,0.48051947355270386,0.20332033932209015
YPL055C,YPR001W,0,1.611728,0.19125248491764069,0.48051947355270386,0.20342034101486206
YOL053C-A,YJR010C-A,0,1.6108667,0.19117647409439087,0.48051947355270386,0.20352035760879517
YGL233W,YIL112W,0,1.6099852,0.19110052287578583,0.48051947355270386,0.20362035930156708
YIL061C,YJR040W,0,1.6097386,0.19102461636066437,0.48051947355270386,0.20372037589550018
YDR144C,YDR337W,0,1.6075869,0.19094878435134888,0.48051947355270386,0.2038203775882721
YMR323W,YFR033C,0,1.6074041,0.19087301194667816,0.48051947355270386,0.2039203941822052
YBR088C,YDR342C,0,1.606149,0.19079729914665222,0.48051947355270386,0.2040203958749771
YDR429C,YGR257C,0,1.6060976,0.19072164595127106,0.48051947355270386,0.20412041246891022
YBL040C,YGR140W,0,1.6057174,0.19064605236053467,0.48051947355270386,0.20422042906284332
YGL008C,YNL307C,0,1.605338,0.19057051837444305,0.48051947355270386,0.20432043075561523
YJL190C,YPL149W,0,1.6042312,0.19049504399299622,0.48051947355270386,0.20442044734954834
YFR041C,YNL310C,0,1.6039891,0.19041962921619415,0.48051947355270386,0.20452044904232025
YJL130C,YDL115C,0,1.603867,0.19034428894519806,0.48051947355270386,0.20462046563625336
YBR084C-A,YKL143W,0,1.6037354,0.19026899337768555,0.48051947355270386,0.20472046732902527
YPR200C,YGR095C,0,1.603351,0.1901937574148178,0.48051947355270386,0.20482048392295837
YHR143W,YER177W,1,1.6025727,0.19051383435726166,0.4815184772014618,0.20482048392295837
YOR224C,YOR149C,0,1.6025298,0.19043856859207153,0.4815184772014618,0.20492048561573029
YOR298C-A,YOR239W,0,1.6022182,0.190363347530365,0.4815184772014618,0.2050205022096634
YHR039C-A,YLR364W,0,1.6015295,0.19028820097446442,0.4815184772014618,0.2051205188035965
YPL170W,YHR171W,0,1.6007097,0.19021309912204742,0.4815184772014618,0.2052205204963684
YMR266W,YPR138C,0,1.5992496,0.1901380717754364,0.4815184772014618,0.2053205370903015
YDR159W,YJL042W,0,1.598329,0.19006308913230896,0.4815184772014618,0.20542053878307343
YLR336C,YDL047W,0,1.5978088,0.1899881809949875,0.4815184772014618,0.20552055537700653
YMR264W,YFR037C,0,1.5971171,0.1899133175611496,0.4815184772014618,0.20562055706977844
YKL055C,YOL006C,0,1.5970168,0.18983851373195648,0.4815184772014618,0.20572057366371155
YCR073C,YOR178C,0,1.5965526,0.18976378440856934,0.4815184772014618,0.20582057535648346
YML022W,YIL168W,0,1.5958663,0.18968909978866577,0.4815184772014618,0.20592059195041656
YOR332W,YBR057C,0,1.5958383,0.18961447477340698,0.4815184772014618,0.20602060854434967
YBL061C,YML123C,0,1.5956545,0.18953990936279297,0.4815184772014618,0.20612061023712158
YMR142C,YLR151C,0,1.5951535,0.18946540355682373,0.4815184772014618,0.2062206268310547
YOR322C,YCR057C,0,1.5939155,0.18939095735549927,0.4815184772014618,0.2063206285238266
YDR388W,YDR318W,0,1.5938861,0.18931657075881958,0.4815184772014618,0.2064206451177597
YGR152C,YAL043C,0,1.5914304,0.18924224376678467,0.4815184772014618,0.20652064681053162
YDR330W,YIL113W,0,1.591105,0.18916797637939453,0.4815184772014618,0.20662066340446472
YGR014W,YDR518W,0,1.5909482,0.18909376859664917,0.4815184772014618,0.20672066509723663
YNL323W,YPL131W,0,1.5902495,0.1890196055173874,0.4815184772014618,0.20682068169116974
YPL085W,YJR014W,0,1.5902157,0.18894551694393158,0.4815184772014618,0.20692069828510284
YLL043W,YCL014W,0,1.5894294,0.18887147307395935,0.4815184772014618,0.20702069997787476
YPL147W,YPR181C,0,1.589088,0.1887974888086319,0.4815184772014618,0.20712071657180786
YKL127W,YGR101W,0,1.588653,0.18872356414794922,0.4815184772014618,0.20722071826457977
YKL185W,YDR043C,1,1.5878167,0.18904109299182892,0.4825174808502197,0.20722071826457977
YOL089C,YGR156W,0,1.5876786,0.18896713852882385,0.4825174808502197,0.20732073485851288
YJL213W,YDL208W,0,1.5873078,0.18889322876930237,0.4825174808502197,0.2074207365512848
YDR194C,YLR286C,0,1.5861148,0.18881939351558685,0.4825174808502197,0.2075207531452179
YER002W,YBR014C,0,1.5857556,0.18874560296535492,0.4825174808502197,0.2076207548379898
YLL021W,YIL049W,1,1.5851173,0.18906250596046448,0.48351648449897766,0.2076207548379898
YHR140W,YGL055W,0,1.5841498,0.18898867070674896,0.48351648449897766,0.2077207714319229
YGR037C,YER111C,0,1.5823345,0.18891490995883942,0.48351648449897766,0.20782078802585602
YMR238W,YCR093W,1,1.58057,0.18923136591911316,0.4845154881477356,0.20782078802585602
YMR164C,YKL185W,1,1.5804422,0.1895475834608078,0.48551449179649353,0.20782078802585602
YLL008W,YBR175W,0,1.5800536,0.1894736886024475,0.48551449179649353,0.20792078971862793
YCL057W,YGR023W,0,1.5797298,0.1893998384475708,0.48551449179649353,0.20802080631256104
YFR055W,YNL323W,0,1.5779335,0.18932606279850006,0.48551449179649353,0.20812080800533295
YJL060W,YAL043C,0,1.5771852,0.1892523318529129,0.48551449179649353,0.20822082459926605
YDR411C,YMR271C,0,1.5754714,0.1891786754131317,0.48551449179649353,0.20832082629203796
YMR284W,YOR010C,0,1.5742702,0.1891050636768341,0.48551449179649353,0.20842084288597107
YDR119W,YGR274C,0,1.5740043,0.18903151154518127,0.48551449179649353,0.20852085947990417
YHR207C,YHR010W,0,1.5737306,0.18895800411701202,0.48551449179649353,0.2086208611726761
YCR098C,YDR043C,0,1.5734853,0.18888457119464874,0.48551449179649353,0.2087208777666092
YCL040W,YDL215C,0,1.5732491,0.18881118297576904,0.48551449179649353,0.2088208794593811
YMR146C,YIL042C,0,1.572531,0.1887378692626953,0.48551449179649353,0.2089208960533142
YLR312C-B,YER113C,1,1.5725269,0.1890527904033661,0.48651349544525146,0.2089208960533142
YJL209W,YHR043C,0,1.5720589,0.18897943198680878,0.48651349544525146,0.20902089774608612
YNL207W,YML066C,0,1.5718427,0.18890613317489624,0.48651349544525146,0.20912091434001923
YJR125C,YDR451C,0,1.5712991,0.18883287906646729,0.48651349544525146,0.20922091603279114
YGL043W,YFR013W,0,1.571283,0.1887596845626831,0.48651349544525146,0.20932093262672424
YHR161C,YER174C,0,1.5712588,0.1886865496635437,0.48651349544525146,0.20942094922065735
YLR312W-A,YBR072W,0,1.5703094,0.18861347436904907,0.48651349544525146,0.20952095091342926
YLR399C,YJR055W,0,1.5701965,0.18854045867919922,0.48651349544525146,0.20962096750736237
YLR176C,YDR449C,0,1.5699327,0.18846748769283295,0.48651349544525146,0.20972096920013428
YER003C,YPL024W,0,1.5698493,0.18839459121227264,0.48651349544525146,0.20982098579406738
YIL027C,YDR536W,0,1.5692797,0.18832173943519592,0.48651349544525146,0.2099209874868393
YEL046C,YOL097C,0,1.5685489,0.18824893236160278,0.48651349544525146,0.2100210040807724
YEL065W,YMR280C,0,1.5670145,0.1881761997938156,0.48651349544525146,0.2101210057735443
YGR075C,YDR450W,0,1.5667974,0.18810351192951202,0.48651349544525146,0.21022102236747742
YNR057C,YMR176W,0,1.5663223,0.1880308836698532,0.48651349544525146,0.21032103896141052
YDR251W,YHR084W,1,1.5642257,0.18834426999092102,0.4875124990940094,0.21032103896141052
YDR524C,YNR001C,0,1.561569,0.18827161192893982,0.4875124990940094,0.21042104065418243
YGR221C,YJR134C,0,1.5614343,0.1881989985704422,0.4875124990940094,0.21052105724811554
YHR073W,YIL049W,1,1.5600688,0.1885119527578354,0.48851150274276733,0.21052105724811554
YML014W,YPL026C,0,1.5580256,0.18843930959701538,0.48851150274276733,0.21062105894088745
YOR293W,YJL020C,0,1.5577178,0.18836671113967896,0.48851150274276733,0.21072107553482056
YDL080C,YOL086C,0,1.557656,0.1882941871881485,0.48851150274276733,0.21082107722759247
YNL005C,YFL034C-A,0,1.5576173,0.18822170794010162,0.48851150274276733,0.21092109382152557
YDL200C,YKL103C,0,1.5575814,0.18814928829669952,0.48851150274276733,0.21102109551429749
YOL137W,YOR232W,0,1.5572083,0.1880769282579422,0.48851150274276733,0.2111211121082306
YHR147C,YGL234W,0,1.5568553,0.18800461292266846,0.48851150274276733,0.2112211287021637
YDR392W,YOR032C,1,1.5561854,0.18831667304039001,0.4895104765892029,0.2112211287021637
YKR030W,YGR177C,0,1.5561252,0.18824432790279388,0.4895104765892029,0.2113211303949356
YBL074C,YBL045C,0,1.5554907,0.18817204236984253,0.4895104765892029,0.2114211469888687
YLR028C,YMR146C,0,1.5546904,0.18809980154037476,0.4895104765892029,0.21152114868164062
YBR068C,YLR043C,0,1.5544894,0.18802763521671295,0.4895104765892029,0.21162116527557373
YBR039W,YDR416W,0,1.5515436,0.18795549869537354,0.4895104765892029,0.21172116696834564
YEL026W,YHR046C,0,1.5513115,0.1878834366798401,0.4895104765892029,0.21182118356227875
YOL088C,YER174C,0,1.5505009,0.18781141936779022,0.4895104765892029,0.21192118525505066
YNL305C,YHR018C,0,1.5500917,0.18773946166038513,0.4895104765892029,0.21202120184898376
YOR178C,YDL159W,0,1.5490339,0.18766756355762482,0.4895104765892029,0.21212121844291687
YIL131C,YLR353W,1,1.5475365,0.1879785656929016,0.4905094802379608,0.21212121844291687
YGL008C,YDR123C,0,1.5472257,0.18790662288665771,0.4905094802379608,0.21222122013568878
YAL024C,YJR019C,0,1.5467727,0.1878347396850586,0.4905094802379608,0.2123212367296219
YLR096W,YLR343W,0,1.5465766,0.18776290118694305,0.4905094802379608,0.2124212384223938
YER020W,YER177W,1,1.5461261,0.18807339668273926,0.49150848388671875,0.2124212384223938
YNR049C,YKL161C,0,1.5458137,0.18800152838230133,0.49150848388671875,0.2125212550163269
YOR084W,YLR219W,0,1.5456803,0.18792971968650818,0.49150848388671875,0.21262125670909882
YDR018C,YPR124W,0,1.5450665,0.1878579556941986,0.49150848388671875,0.21272127330303192
YLR423C,YHL001W,0,1.5449185,0.187786266207695,0.49150848388671875,0.21282127499580383
YLR081W,YLR219W,0,1.5447865,0.1877146065235138,0.49150848388671875,0.21292129158973694
YPL007C,YER030W,0,1.5444349,0.18764302134513855,0.49150848388671875,0.21302130818367004
YNL169C,YNL009W,0,1.54438,0.1875714808702469,0.49150848388671875,0.21312130987644196
YDR477W,YDL159W,1,1.5443217,0.18788109719753265,0.4925074875354767,0.21312130987644196
YNL230C,YDR285W,0,1.5438514,0.1878095269203186,0.4925074875354767,0.21322132647037506
YCL004W,YCR020W-B,0,1.5432842,0.18773800134658813,0.4925074875354767,0.21332132816314697
YJR051W,YPL016W,0,1.5424436,0.18766653537750244,0.4925074875354767,0.21342134475708008
YPL020C,YHR061C,0,1.541533,0.18759512901306152,0.4925074875354767,0.213521346449852
YIL070C,YOL002C,0,1.5387161,0.1875237673521042,0.4925074875354767,0.2136213630437851
YLR286C,YDR143C,0,1.5383482,0.18745246529579163,0.4925074875354767,0.213721364736557
YLR138W,YNL270C,0,1.5381615,0.18738122284412384,0.4925074875354767,0.2138213813304901
YLR359W,YNL209W,0,1.5377457,0.18731002509593964,0.4925074875354767,0.21392139792442322
YMR164C,YOR030W,1,1.5376433,0.187618687748909,0.4935064911842346,0.21392139792442322
YOR032C,YLR313C,1,1.5367002,0.18792711198329926,0.49450549483299255,0.21392139792442322
YDR483W,YFL034C-A,0,1.5366743,0.1878557801246643,0.49450549483299255,0.21402139961719513
YAL054C,YOL142W,0,1.5361011,0.18778452277183533,0.49450549483299255,0.21412141621112823
YPR026W,YDL005C,0,1.5354851,0.18771331012248993,0.49450549483299255,0.21422141790390015
YOR032C,YKL043W,1,1.5339239,0.1880212277173996,0.4955044984817505,0.21422141790390015
YHR012W,YAL042W,0,1.5334734,0.1879499852657318,0.4955044984817505,0.21432143449783325
YGR052W,YDL036C,0,1.5323079,0.1878787875175476,0.4955044984817505,0.21442143619060516
YNL061W,YOR278W,0,1.5319184,0.18780764937400818,0.4955044984817505,0.21452145278453827
YGR275W,YIL039W,0,1.53179,0.18773655593395233,0.4955044984817505,0.21462146937847137
YHR143W,YKL043W,1,1.5316806,0.18804389238357544,0.4965035021305084,0.21462146937847137
YGL083W,YML070W,0,1.529733,0.1879727691411972,0.4965035021305084,0.2147214710712433
YJR088C,YLR453C,0,1.5294011,0.18790170550346375,0.4965035021305084,0.2148214876651764
YDL060W,YDR191W,0,1.5288656,0.18783068656921387,0.4965035021305084,0.2149214893579483
YOL019W,YPL206C,0,1.5285115,0.18775972723960876,0.4965035021305084,0.2150215059518814
YOR076C,YOR028C,0,1.5276667,0.18768882751464844,0.4965035021305084,0.21512150764465332
YLR090W,YLR051C,0,1.5270128,0.1876179724931717,0.4965035021305084,0.21522152423858643
YDR120C,YDL126C,0,1.5269,0.18754717707633972,0.4965035021305084,0.21532152593135834
YLR343W,YDR034C,0,1.526372,0.18747642636299133,0.4965035021305084,0.21542154252529144
YCL025C,YHR081W,0,1.5258961,0.18740573525428772,0.4965035021305084,0.21552155911922455
YDR477W,YIR019C,1,1.5233979,0.18771202862262726,0.49750250577926636,0.21552155911922455
YNL064C,YGR295C,0,1.5233059,0.18764129281044006,0.49750250577926636,0.21562156081199646
YKR068C,YER141W,0,1.5222316,0.18757061660289764,0.49750250577926636,0.21572157740592957
YGR128C,YPL150W,0,1.5214744,0.1875,0.49750250577926636,0.21582157909870148
YEL002C,YMR100W,0,1.5213856,0.18742942810058594,0.49750250577926636,0.21592159569263458
YER006W,YIR015W,0,1.521075,0.18735891580581665,0.49750250577926636,0.2160215973854065
YLR423C,YMR218C,0,1.5209167,0.18728844821453094,0.49750250577926636,0.2161216139793396
YER029C,YBL003C,0,1.5202634,0.18721804022789001,0.49750250577926636,0.2162216156721115
YNL107W,YAL038W,0,1.5196044,0.18714769184589386,0.49750250577926636,0.21632163226604462
YLR121C,YBR040W,0,1.519411,0.1870773881673813,0.49750250577926636,0.21642164885997772
YGR183C,YER090W,0,1.519207,0.1870071291923523,0.49750250577926636,0.21652165055274963
YNL298W,YGL190C,1,1.5190327,0.1873123049736023,0.4985015094280243,0.21652165055274963
YLR313C,YLR229C,1,1.5189736,0.1876172572374344,0.4995005130767822,0.21652165055274963
YJR059W,YOR073W,0,1.5189432,0.18754689395427704,0.4995005130767822,0.21662166714668274
YGL174W,YGR089W,0,1.5186244,0.18747656047344208,0.4995005130767822,0.21672166883945465
YHR065C,YOR148C,0,1.5185648,0.18740630149841309,0.4995005130767822,0.21682168543338776
YIR018W,YOR151C,0,1.517983,0.18733608722686768,0.4995005130767822,0.21692168712615967
YBR040W,YLR029C,0,1.5177593,0.18726591765880585,0.4995005130767822,0.21702170372009277
YDL065C,YLR403W,0,1.5176871,0.1871958076953888,0.4995005130767822,0.21712170541286469
YIL039W,YDR180W,0,1.5152004,0.18712574243545532,0.4995005130767822,0.2172217220067978
YER090W,YDR033W,0,1.515089,0.18705573678016663,0.4995005130767822,0.2173217386007309
YBR102C,YDR450W,0,1.5150189,0.1869857907295227,0.4995005130767822,0.2174217402935028
YIR036C,YMR204C,0,1.5143868,0.18691588938236237,0.4995005130767822,0.2175217568874359
YLL004W,YJR033C,0,1.5121896,0.1868460327386856,0.4995005130767822,0.21762175858020782
YNL163C,YER148W,0,1.5119438,0.18677623569965363,0.4995005130767822,0.21772177517414093
YDR107C,YNL197C,1,1.5119419,0.18707990646362305,0.5004994869232178,0.21772177517414093
YIL010W,YPR005C,0,1.5115534,0.18701007962226868,0.5004994869232178,0.21782177686691284
YBR057C,YOR285W,0,1.5106356,0.1869402974843979,0.5004994869232178,0.21792179346084595
YHR059W,YDR349C,0,1.5097457,0.18687057495117188,0.5004994869232178,0.21802179515361786
YGL044C,YHL047C,0,1.5097253,0.18680089712142944,0.5004994869232178,0.21812181174755096
YDR487C,YPL112C,0,1.5090425,0.1867312639951706,0.5004994869232178,0.21822182834148407
YMR311C,YPR042C,0,1.5083377,0.1866617053747177,0.5004994869232178,0.21832183003425598
YBL024W,YJR089W,0,1.5083091,0.18659217655658722,0.5004994869232178,0.2184218466281891
YMR182C,YPR016C,0,1.5072467,0.1865227073431015,0.5004994869232178,0.218521848320961
YPL115C,YBR066C,1,1.5061941,0.1868254542350769,0.5014985203742981,0.218521848320961
YOR030W,YER177W,1,1.5053997,0.1871279776096344,0.5024974942207336,0.218521848320961
YOR210W,YFR021W,0,1.5049455,0.18705838918685913,0.5024974942207336,0.2186218649148941
YOR028C,YAL016W,0,1.5049373,0.18698884546756744,0.5024974942207336,0.21872186660766602
YDL083C,YDL006W,0,1.5049175,0.18691936135292053,0.5024974942207336,0.21882188320159912
YGR240C,YHR207C,0,1.5033433,0.1868499219417572,0.5024974942207336,0.21892188489437103
YGR218W,YPR049C,0,1.5026221,0.18678054213523865,0.5024974942207336,0.21902190148830414
YDR299W,YJR101W,0,1.5013384,0.18671120703220367,0.5024974942207336,0.21912191808223724
YMR071C,YNL310C,0,1.5007486,0.18664193153381348,0.5024974942207336,0.21922191977500916
YDR524C,YNL270C,0,1.5002409,0.18657270073890686,0.5024974942207336,0.21932193636894226
YGR288W,YIL101C,0,1.4991529,0.18650352954864502,0.5024974942207336,0.21942193806171417
YGR284C,YHR076W,0,1.499145,0.18643440306186676,0.5024974942207336,0.21952195465564728
YJL046W,YIL103W,0,1.4989507,0.18636532127857208,0.5024974942207336,0.2196219563484192
YDR477W,YNL098C,1,1.4986374,0.18666666746139526,0.503496527671814,0.2196219563484192
YDL075W,YCR009C,0,1.4972332,0.1865975558757782,0.503496527671814,0.2197219729423523
YNL272C,YER098W,0,1.4963199,0.1865285038948059,0.503496527671814,0.2198219895362854
YLR344W,YNL252C,0,1.4954988,0.1864594966173172,0.503496527671814,0.2199219912290573
YDR483W,YKR008W,0,1.4952744,0.18639053404331207,0.503496527671814,0.22002200782299042
YHR179W,YER140W,0,1.4946308,0.18632163107395172,0.503496527671814,0.22012200951576233
YDL155W,YPR201W,0,1.4941828,0.18625277280807495,0.503496527671814,0.22022202610969543
YOR127W,YDL017W,0,1.4923592,0.18618397414684296,0.503496527671814,0.22032202780246735
YDL082W,YPR019W,0,1.4911153,0.18611522018909454,0.503496527671814,0.22042204439640045
YJL172W,YOR175C,0,1.4908974,0.1860465109348297,0.503496527671814,0.22052204608917236
YLR313C,YLR353W,1,1.4895834,0.1863468587398529,0.5044955015182495,0.22052204608917236
YGR123C,YIL115C,0,1.4876747,0.18627811968326569,0.5044955015182495,0.22062206268310547
YDR062W,YKL167C,0,1.4875641,0.18620944023132324,0.5044955015182495,0.22072207927703857
YGL212W,YDR313C,0,1.487033,0.18614080548286438,0.5044955015182495,0.22082208096981049
YLR398C,YKR058W,0,1.4863462,0.1860722154378891,0.5044955015182495,0.2209220975637436
YLR425W,YPL177C,0,1.4861636,0.1860036849975586,0.5044955015182495,0.2210220992565155
YER183C,YGL012W,0,1.485909,0.18593519926071167,0.5044955015182495,0.2211221158504486
YOR312C,YPR016C,0,1.4845589,0.18586675822734833,0.5044955015182495,0.22122211754322052
YLR027C,YGL137W,0,1.4843938,0.18579837679862976,0.5044955015182495,0.22132213413715363
YHR099W,YDL107W,0,1.4841483,0.18573005497455597,0.5044955015182495,0.22142213582992554
YHR027C,YJL121C,0,1.4839295,0.18566176295280457,0.5044955015182495,0.22152215242385864
YDR207C,YOR168W,0,1.4838886,0.18559353053569794,0.5044955015182495,0.22162216901779175
YMR267W,YJL157C,0,1.4826237,0.1855253428220749,0.5044955015182495,0.22172217071056366
YKL049C,YER151C,0,1.4822295,0.18545721471309662,0.5044955015182495,0.22182218730449677
YHR174W,YPL085W,0,1.4819059,0.18538913130760193,0.5044955015182495,0.22192218899726868
YPL038W,YBR093C,0,1.4814523,0.18532110750675201,0.5044955015182495,0.22202220559120178
YLR106C,YCR075C,0,1.4800048,0.1852531135082245,0.5044955015182495,0.2221222072839737
YPL069C,YFL045C,0,1.4793854,0.18518517911434174,0.5044955015182495,0.2222222238779068
YLL061W,YBL041W,0,1.4777023,0.18511730432510376,0.5044955015182495,0.2223222255706787
YDR356W,YMR305C,0,1.4776297,0.18504947423934937,0.5044955015182495,0.22242224216461182
YLR050C,YKL203C,0,1.4775021,0.18498168885707855,0.5044955015182495,0.22252225875854492
YMR297W,YGL086W,0,1.477035,0.18491394817829132,0.5044955015182495,0.22262226045131683
YOR092W,YNL131W,0,1.4767253,0.18484626710414886,0.5044955015182495,0.22272227704524994
YFL023W,YLR406C,0,1.4765376,0.18477863073349,0.5044955015182495,0.22282227873802185
YOR066W,YHR076W,0,1.4759125,0.1847110390663147,0.5044955015182495,0.22292229533195496
YOR099W,YDL030W,0,1.4755831,0.18464350700378418,0.5044955015182495,0.22302229702472687
YGL173C,YGL055W,0,1.4755787,0.18457601964473724,0.5044955015182495,0.22312231361865997
YGR037C,YML065W,0,1.4755075,0.18450859189033508,0.5044955015182495,0.22322231531143188
YDR055W,YLR265C,0,1.4744937,0.1844411939382553,0.5044955015182495,0.223322331905365
YNL298W,YDL024C,1,1.4739913,0.18473894894123077,0.5054945349693298,0.223322331905365
YDL136W,YGR061C,0,1.4737083,0.1846715360879898,0.5054945349693298,0.2234223484992981
YNL273W,YPL188W,0,1.4737061,0.18460415303707123,0.5054945349693298,0.22352235019207
YJR143C,YER052C,0,1.4733157,0.18453682959079742,0.5054945349693298,0.2236223667860031
YEL026W,YLR233C,0,1.4732525,0.1844695657491684,0.5054945349693298,0.22372236847877502
YOL136C,YGL003C,0,1.4729557,0.18440233170986176,0.5054945349693298,0.22382238507270813
YNL098C,YOR032C,1,1.4728882,0.18469946086406708,0.5064935088157654,0.22382238507270813
YJL214W,YLR022C,0,1.4724772,0.18463219702243805,0.5064935088157654,0.22392238676548004
YMR127C,YJL046W,0,1.472214,0.1845649778842926,0.5064935088157654,0.22402240335941315
YPL115C,YDL035C,1,1.4721419,0.18486171960830688,0.5074924826622009,0.22402240335941315
YBR067C,YER148W,0,1.4715592,0.18479447066783905,0.5074924826622009,0.22412240505218506
YPL011C,YLR034C,0,1.4709401,0.1847272664308548,0.5074924826622009,0.22422242164611816
YFR046C,YDR302W,0,1.4690778,0.18466012179851532,0.5074924826622009,0.22432243824005127
YIL140W,YIL145C,0,1.4684485,0.18459302186965942,0.5074924826622009,0.22442243993282318
YML054C,YLR304C,0,1.4672523,0.1845259666442871,0.5074924826622009,0.2245224565267563
YLR274W,YDR487C,0,1.4671276,0.18445897102355957,0.5074924826622009,0.2246224582195282
YML064C,YOL147C,0,1.4669394,0.1843920201063156,0.5074924826622009,0.2247224748134613
YMR231W,YMR083W,0,1.4667265,0.18432511389255524,0.5074924826622009,0.22482247650623322
YGL097W,YHR132C,0,1.4667137,0.18425825238227844,0.5074924826622009,0.22492249310016632
YJL034W,YDR240C,0,1.4660068,0.18419145047664642,0.5074924826622009,0.22502250969409943
YLR312C-B,YNL197C,1,1.4657359,0.18448713421821594,0.5084915161132812,0.22502250969409943
YDR392W,YIL049W,1,1.4648548,0.18478260934352875,0.5094904899597168,0.22502250969409943
YPR103W,YIL072W,0,1.4645065,0.18471568822860718,0.5094904899597168,0.22512251138687134
YKL048C,YER109C,1,1.4639049,0.1850108653306961,0.5104895234107971,0.22512251138687134
YJL112W,YGL226C-A,0,1.462833,0.18494389951229095,0.5104895234107971,0.22522252798080444
YMR268C,YMR256C,0,1.4627018,0.18487699329853058,0.5104895234107971,0.22532252967357635
YDR405W,YHL008C,0,1.4622902,0.18481013178825378,0.5104895234107971,0.22542254626750946
YLR431C,YLR242C,0,1.4620496,0.18474331498146057,0.5104895234107971,0.22552254796028137
YPR164W,YJL074C,0,1.4619143,0.18467654287815094,0.5104895234107971,0.22562256455421448
YMR024W,YAL035W,0,1.4619008,0.18460983037948608,0.5104895234107971,0.2257225662469864
YGL172W,YAL042W,0,1.4608629,0.1845431625843048,0.5104895234107971,0.2258225828409195
YLR389C,YMR186W,0,1.4605204,0.18447653949260712,0.5104895234107971,0.2259225994348526
YMR238W,YAL056W,1,1.4604541,0.1847708374261856,0.5114884972572327,0.2259225994348526
YNL224C,YEL069C,0,1.4590591,0.18470418453216553,0.5114884972572327,0.2260226011276245
YGR041W,YDR163W,0,1.4587675,0.18463757634162903,0.5114884972572327,0.22612261772155762
YJL198W,YPR165W,0,1.4578192,0.1845710128545761,0.5114884972572327,0.22622261941432953
YLR371W,YJL125C,0,1.4570391,0.18450450897216797,0.5114884972572327,0.22632263600826263
YDL111C,YKR058W,0,1.4568832,0.18443803489208221,0.5114884972572327,0.22642263770103455
YBL022C,YDR362C,0,1.4563361,0.18437162041664124,0.5114884972572327,0.22652265429496765
YDR315C,YMR297W,0,1.4543241,0.18430525064468384,0.5114884972572327,0.22662265598773956
YGL203C,YBR042C,0,1.4541752,0.18423894047737122,0.5114884972572327,0.22672267258167267
YDR298C,YER124C,0,1.4540303,0.18417266011238098,0.5114884972572327,0.22682268917560577
YDR472W,YPL095C,0,1.4537693,0.18410643935203552,0.5114884972572327,0.22692269086837769
YJR160C,YJL155C,0,1.4536707,0.18404026329517365,0.5114884972572327,0.2270227074623108
YDL159W,YER020W,1,1.4532759,0.1843334585428238,0.512487530708313,0.2270227074623108
YMR171C,YAR027W,0,1.4532644,0.18426723778247833,0.512487530708313,0.2271227091550827
YDR368W,YDR169C,0,1.4531128,0.18420107662677765,0.512487530708313,0.2272227257490158
YFL047W,YDL130W,0,1.4522243,0.18413496017456055,0.512487530708313,0.22732272744178772
YGL054C,YJL092W,0,1.452085,0.18406888842582703,0.512487530708313,0.22742274403572083
YGL124C,YPR043W,0,1.4519308,0.18400287628173828,0.512487530708313,0.22752274572849274
YNR032W,YLR421C,0,1.451652,0.18393689393997192,0.512487530708313,0.22762276232242584
YOR224C,YJR119C,0,1.4507352,0.18387097120285034,0.512487530708313,0.22772277891635895
YBR087W,YBR059C,0,1.4505497,0.18380509316921234,0.512487530708313,0.22782278060913086
YKL012W,YAR050W,0,1.4496942,0.18373925983905792,0.512487530708313,0.22792279720306396
YMR143W,YER070W,0,1.4493272,0.18367347121238708,0.512487530708313,0.22802279889583588
YMR169C,YBL085W,0,1.4492483,0.18360772728919983,0.512487530708313,0.22812281548976898
YDR221W,YBR231C,0,1.4488505,0.18354204297065735,0.512487530708313,0.2282228171825409
YDR311W,YMR202W,0,1.4487083,0.18347638845443726,0.512487530708313,0.228322833776474
YDR457W,YIL112W,0,1.4477558,0.18341079354286194,0.512487530708313,0.2284228354692459
YOR070C,YKL096W,0,1.4472814,0.1833452433347702,0.512487530708313,0.22852285206317902
YDR014W,YNR051C,0,1.4458178,0.18327973783016205,0.512487530708313,0.22862286865711212
YNL224C,YAL023C,0,1.4457748,0.18321429193019867,0.512487530708313,0.22872287034988403
YPL127C,YMR306W,0,1.4441324,0.18314887583255768,0.512487530708313,0.22882288694381714
YNL182C,YBL092W,0,1.4437968,0.18308350443840027,0.512487530708313,0.22892288863658905
YPL017C,YLR343W,0,1.4403023,0.18301819264888763,0.512487530708313,0.22902290523052216
YPL129W,YDR126W,0,1.439632,0.18295292556285858,0.512487530708313,0.22912290692329407
YLR431C,YDR536W,0,1.438407,0.1828877031803131,0.512487530708313,0.22922292351722717
YLR090W,YKL013C,0,1.4373925,0.18282252550125122,0.512487530708313,0.22932292520999908
YIL111W,YLR262C,0,1.4369161,0.1827573925256729,0.512487530708313,0.2294229418039322
YNR046W,YPL206C,0,1.435721,0.18269230425357819,0.512487530708313,0.2295229583978653
YKL172W,YPL249C,0,1.4355189,0.18262727558612823,0.512487530708313,0.2296229600906372
YGL099W,YOR212W,0,1.4350598,0.18256227672100067,0.512487530708313,0.2297229766845703
YML009C,YER190W,0,1.4346583,0.18249733746051788,0.512487530708313,0.22982297837734222
YLR079W,YDR137W,0,1.4344552,0.18243242800235748,0.512487530708313,0.22992299497127533
YMR240C,YOL001W,0,1.4340858,0.18236757814884186,0.512487530708313,0.23002299666404724
YNL142W,YCR093W,1,1.4337687,0.1826581358909607,0.5134865045547485,0.23002299666404724
YMR246W,YHL027W,0,1.4335604,0.18259325623512268,0.5134865045547485,0.23012301325798035
YIL171W,YBR276C,0,1.4315653,0.18252840638160706,0.5134865045547485,0.23022301495075226
YNL125C,YJR161C,0,1.4303691,0.1824636161327362,0.5134865045547485,0.23032303154468536
YKL017C,YML128C,0,1.429703,0.18239887058734894,0.5134865045547485,0.23042304813861847
YLR081W,YGL236C,0,1.4294769,0.18233415484428406,0.5134865045547485,0.23052304983139038
YMR312W,YLR371W,0,1.428927,0.18226949870586395,0.5134865045547485,0.2306230664253235
YIL051C,YKL144C,0,1.428837,0.18220488727092743,0.5134865045547485,0.2307230681180954
YMR093W,YKL174C,0,1.4283032,0.1821403205394745,0.5134865045547485,0.2308230847120285
YLL055W,YDL033C,0,1.42698,0.18207579851150513,0.5134865045547485,0.23092308640480042
YBR214W,YPL089C,0,1.4269634,0.18201133608818054,0.5134865045547485,0.23102310299873352
YGR188C,YBR161W,0,1.426896,0.18194690346717834,0.5134865045547485,0.23112311959266663
YNL010W,YDR405W,0,1.4262784,0.18188251554965973,0.5134865045547485,0.23122312128543854
YDL159W,YDR099W,1,1.4255735,0.18217191100120544,0.5144855380058289,0.23122312128543854
YLR325C,YGR059W,0,1.4250882,0.18210749328136444,0.5144855380058289,0.23132313787937164
YGR036C,YGL207W,0,1.4247296,0.18204312026500702,0.5144855380058289,0.23142313957214355
YDL191W,YLL050C,0,1.4243169,0.18197879195213318,0.5144855380058289,0.23152315616607666
YDR421W,YHR200W,0,1.4242758,0.1819145232439041,0.5144855380058289,0.23162315785884857
YOL130W,YDR448W,0,1.4238691,0.18185028433799744,0.5144855380058289,0.23172317445278168
YLR136C,YOR313C,0,1.4235127,0.18178609013557434,0.5144855380058289,0.2318231761455536
YEL060C,YDR520C,0,1.4233389,0.18172194063663483,0.5144855380058289,0.2319231927394867
YOR297C,YNR045W,0,1.4232227,0.1816578507423401,0.5144855380058289,0.2320232093334198
YPR001W,YOL041C,0,1.4231641,0.18159379065036774,0.5144855380058289,0.2321232110261917
YMR301C,YDR388W,0,1.4229789,0.18152979016304016,0.5144855380058289,0.23222322762012482
YOL034W,YJR152W,0,1.4229207,0.18146581947803497,0.5144855380058289,0.23232322931289673
YFL037W,YOR125C,0,1.4227397,0.18140190839767456,0.5144855380058289,0.23242324590682983
YOR003W,YFL050C,0,1.4215698,0.18133802711963654,0.5144855380058289,0.23252324759960175
YLR206W,YBR008C,0,1.420043,0.1812742054462433,0.5144855380058289,0.23262326419353485
YOR032C,YKL149C,1,1.419796,0.18156227469444275,0.5154845118522644,0.23262326419353485
YLR353W,YDL035C,1,1.4197876,0.18185016512870789,0.5164835453033447,0.23262326419353485
YMR089C,YDL083C,0,1.419234,0.1817862093448639,0.5164835453033447,0.23272326588630676
YHR082C,YKL015W,0,1.4191793,0.18172231316566467,0.5164835453033447,0.23282328248023987
YNL298W,YLR393W,0,1.4187059,0.18165846168994904,0.5164835453033447,0.23292329907417297
YBR154C,YML038C,0,1.4184628,0.18159465491771698,0.5164835453033447,0.23302330076694489
YPR006C,YKL195W,0,1.4184489,0.1815308928489685,0.5164835453033447,0.233123317360878
YOR182C,YDR079W,0,1.4183118,0.1814671754837036,0.5164835453033447,0.2332233190536499
YBR231C,YOR188W,0,1.4179971,0.1814035028219223,0.5164835453033447,0.233323335647583
YNL014W,YGR207C,0,1.417524,0.18133987486362457,0.5164835453033447,0.23342333734035492
YHR111W,YMR316W,1,1.4172287,0.18162693083286285,0.5174825191497803,0.23342333734035492
YGR077C,YOL006C,0,1.4172051,0.18156327307224274,0.5174825191497803,0.23352335393428802
YOR337W,YCL032W,0,1.4163159,0.181499645113945,0.5174825191497803,0.23362335562705994
YLR312C-B,YER149C,1,1.4162531,0.18178634345531464,0.5184814929962158,0.23362335562705994
YPR194C,YML093W,0,1.4162,0.18172268569469452,0.5184814929962158,0.23372337222099304
YPL195W,YOR245C,0,1.4160305,0.18165908753871918,0.5184814929962158,0.23382338881492615
YLR362W,YKL185W,1,1.4148352,0.18194541335105896,0.5194805264472961,0.23382338881492615
YNL084C,YEL003W,0,1.4136071,0.18188177049160004,0.5194805264472961,0.23392339050769806
YDR037W,YPR107C,0,1.4129379,0.1818181872367859,0.5194805264472961,0.23402340710163116
YHL007C,YLR313C,1,1.4126232,0.18210415542125702,0.5204795002937317,0.23402340710163116
YML012W,YBL058W,0,1.4118083,0.1820405274629593,0.5204795002937317,0.23412340879440308
YCR003W,YDR534C,0,1.4114561,0.18197694420814514,0.5204795002937317,0.23422342538833618
YHR117W,YDR404C,0,1.4113748,0.18191340565681458,0.5204795002937317,0.2343234270811081
YBR241C,YIL135C,0,1.4113629,0.1818499118089676,0.5204795002937317,0.2344234436750412
YDR436W,YLR342W,0,1.4110191,0.1817864626646042,0.5204795002937317,0.2345234453678131
YOR128C,YLR160C,0,1.4100742,0.18172305822372437,0.5204795002937317,0.23462346196174622
YLL002W,YOL138C,0,1.4095759,0.18165969848632812,0.5204795002937317,0.23472347855567932
YDR208W,YNL124W,0,1.4091651,0.18159636855125427,0.5204795002937317,0.23482348024845123
YLR404W,YBR297W,0,1.4081602,0.1815330982208252,0.5204795002937317,0.23492349684238434
YDR016C,YDL030W,0,1.4081059,0.1814698725938797,0.5204795002937317,0.23502349853515625
YGR189C,YOL043C,0,1.4076546,0.18140669167041779,0.5204795002937317,0.23512351512908936
YER114C,YML058W-A,0,1.4061346,0.18134354054927826,0.5204795002937317,0.23522351682186127
YDR107C,YKL149C,1,1.4061164,0.18162839114665985,0.521478533744812,0.23522351682186127
YMR247C,YLR370C,0,1.4055076,0.18156521022319794,0.521478533744812,0.23532353341579437
YCR020C,YCR081W,0,1.403646,0.1815020889043808,0.521478533744812,0.23542353510856628
YPL236C,YOR084W,0,1.4034921,0.18143899738788605,0.521478533744812,0.2355235517024994
YBR040W,YNR039C,0,1.402134,0.18137595057487488,0.521478533744812,0.2356235682964325
YIL138C,YPL011C,0,1.4018717,0.1813129484653473,0.521478533744812,0.2357235699892044
YMR246W,YKL082C,0,1.4009287,0.18125000596046448,0.521478533744812,0.2358235865831375
YCR028C-A,YIL095W,0,1.4007893,0.18118709325790405,0.521478533744812,0.23592358827590942
YDR294C,YLR381W,0,1.3993698,0.1811242252588272,0.521478533744812,0.23602360486984253
YOR003W,YLR386W,0,1.3993484,0.18106138706207275,0.521478533744812,0.23612360656261444
YMR094W,YDR079W,0,1.3991266,0.18099860846996307,0.521478533744812,0.23622362315654755
YER169W,YIL006W,0,1.3984408,0.18093587458133698,0.521478533744812,0.23632363975048065
YMR236W,YGR061C,0,1.3975062,0.18087318539619446,0.521478533744812,0.23642364144325256
YEL022W,YNL325C,0,1.396753,0.18081052601337433,0.521478533744812,0.23652365803718567
YDR207C,YNL271C,0,1.3965319,0.18074792623519897,0.521478533744812,0.23662365972995758
YGL068W,YNL314W,0,1.39619,0.180685356259346,0.521478533744812,0.23672367632389069
YJR005W,YLR237W,0,1.396122,0.18062283098697662,0.521478533744812,0.2368236780166626
YHR082C,YDR456W,0,1.3956959,0.18056036531925201,0.521478533744812,0.2369236946105957
YER120W,YMR251W-A,0,1.3955488,0.1804979294538498,0.521478533744812,0.23702369630336761
YNL172W,YBR261C,0,1.3954624,0.18043553829193115,0.521478533744812,0.23712371289730072
YLR081W,YAL038W,0,1.3949393,0.1803731918334961,0.521478533744812,0.23722372949123383
YFL044C,YJL074C,0,1.3938072,0.18031087517738342,0.521478533744812,0.23732373118400574
YOR371C,YMR016C,1,1.393485,0.18059392273426056,0.5224775075912476,0.23732373118400574
YCL004W,YNL244C,0,1.392846,0.1805315911769867,0.5224775075912476,0.23742374777793884
YDR338C,YDL015C,0,1.3920178,0.18046928942203522,0.5224775075912476,0.23752374947071075
YER109C,YMR016C,1,1.3911035,0.1807519793510437,0.5234765410423279,0.23752374947071075
YNL331C,YER049W,0,1.3910053,0.18068964779376984,0.5234765410423279,0.23762376606464386
YML030W,YGL106W,0,1.3910012,0.18062737584114075,0.5234765410423279,0.23772376775741577
YOR391C,YNL003C,0,1.3900129,0.18056513369083405,0.5234765410423279,0.23782378435134888
YNL207W,YPL206C,0,1.3888493,0.18050292134284973,0.5234765410423279,0.2379237860441208
YIL026C,YDR349C,0,1.3887818,0.1804407685995102,0.5234765410423279,0.2380238026380539
YOL094C,YDR197W,0,1.3881617,0.18037866055965424,0.5234765410423279,0.238123819231987
YGL190C,YHR143W,1,1.3876703,0.1806606948375702,0.5244755148887634,0.238123819231987
YBL024W,YER118C,0,1.3860998,0.18059855699539185,0.5244755148887634,0.2382238209247589
YGR171C,YOR304W,0,1.3854332,0.1805364489555359,0.5244755148887634,0.23832383751869202
YHR119W,YML081C-A,0,1.3849812,0.1804743856191635,0.5244755148887634,0.23842383921146393
YKR062W,YLR042C,0,1.3847623,0.18041236698627472,0.5244755148887634,0.23852385580539703
YNL142W,YIL049W,1,1.3843327,0.18069392442703247,0.5254745483398438,0.23852385580539703
YPL095C,YGL175C,0,1.3837857,0.1806318610906601,0.5254745483398438,0.23862385749816895
YOR381W,YIL085C,0,1.3829015,0.1805698573589325,0.5254745483398438,0.23872387409210205
YLR312C-B,YDR291W,0,1.3827341,0.18050789833068848,0.5254745483398438,0.23882387578487396
YKL028W,YDL198C,0,1.3813022,0.18044596910476685,0.5254745483398438,0.23892389237880707
YPR137W,YOR145C,0,1.3803551,0.1803840845823288,0.5254745483398438,0.23902390897274017
YJL072C,YDR418W,0,1.379407,0.18032224476337433,0.5254745483398438,0.23912391066551208
YGL084C,YDR476C,0,1.3791696,0.18026044964790344,0.5254745483398438,0.2392239272594452
YKL211C,YBL058W,0,1.3791145,0.18019869923591614,0.5254745483398438,0.2393239289522171
YMR266W,YMR202W,0,1.3790869,0.18013699352741241,0.5254745483398438,0.2394239455461502
YPR125W,YLR158C,0,1.3776515,0.18007531762123108,0.5254745483398438,0.23952394723892212
YBR083W,YCR009C,0,1.3768663,0.18001368641853333,0.5254745483398438,0.23962396383285522
YDR503C,YPL273W,0,1.3762661,0.17995209991931915,0.5254745483398438,0.23972396552562714
YML125C,YNR008W,0,1.3757257,0.17989055812358856,0.5254745483398438,0.23982398211956024
YJL036W,YOR150W,0,1.3754377,0.17982906103134155,0.5254745483398438,0.23992399871349335
YDR099W,YDR379W,1,1.3748634,0.18010936677455902,0.5264735221862793,0.23992399871349335
YKL117W,YNL136W,0,1.3740156,0.18004782497882843,0.5264735221862793,0.24002400040626526
YOR127W,YGL190C,1,1.3739294,0.1803278625011444,0.5274725556373596,0.24002400040626526
YNL298W,YCR038C,1,1.3736575,0.18060772120952606,0.5284715294837952,0.24002400040626526
YOR353C,YAL034W-A,0,1.3733451,0.18054607510566711,0.5284715294837952,0.24012401700019836
YOR233W,YDR337W,0,1.372145,0.18048447370529175,0.5284715294837952,0.24022401869297028
YJL066C,YEL011W,0,1.3720629,0.18042291700839996,0.5284715294837952,0.24032403528690338
YML015C,YFL045C,0,1.3714466,0.18036140501499176,0.5284715294837952,0.2404240369796753
YKL124W,YNL227C,0,1.3713387,0.18029993772506714,0.5284715294837952,0.2405240535736084
YGL003C,YDL159W,0,1.3708168,0.1802385002374649,0.5284715294837952,0.2406240552663803
YEL016C,YEL058W,0,1.3703176,0.18017710745334625,0.5284715294837952,0.24072407186031342
YJL200C,YLR369W,0,1.370261,0.18011575937271118,0.5284715294837952,0.24082408845424652
YCR014C,YLR327C,0,1.3689001,0.1800544559955597,0.5284715294837952,0.24092409014701843
YML024W,YMR268C,0,1.3686244,0.17999319732189178,0.5284715294837952,0.24102410674095154
YFR041C,YML028W,0,1.3685213,0.17993196845054626,0.5284715294837952,0.24112410843372345
YMR241W,YER172C,0,1.3684955,0.17987079918384552,0.5284715294837952,0.24122412502765656
YDR074W,YCL010C,0,1.3677862,0.17980965971946716,0.5284715294837952,0.24132412672042847
YOR278W,YJR014W,0,1.3672116,0.1797485500574112,0.5284715294837952,0.24142414331436157
YLL021W,YDL035C,1,1.3664838,0.18002717196941376,0.5294705033302307,0.24142414331436157
YAL012W,YFL048C,0,1.3653405,0.1799660474061966,0.5294705033302307,0.24152414500713348
YBR039W,YLR386W,0,1.3651891,0.17990495264530182,0.5294705033302307,0.2416241616010666
YFL010W-A,YGR256W,0,1.365039,0.17984390258789062,0.5294705033302307,0.2417241781949997
YJR021C,YDR228C,0,1.3641326,0.179782897233963,0.5294705033302307,0.2418241798877716
YOR219C,YOR368W,0,1.3638624,0.17972193658351898,0.5294705033302307,0.2419241964817047
YMR119W,YLR010C,0,1.3633393,0.17966102063655853,0.5294705033302307,0.24202419817447662
YGR209C,YJR089W,0,1.3627661,0.17960013449192047,0.5294705033302307,0.24212421476840973
YLR083C,YER113C,1,1.3625913,0.17987805604934692,0.530469536781311,0.24212421476840973
YDL060W,YER046W,0,1.3617889,0.17981714010238647,0.530469536781311,0.24222421646118164
YPL098C,YIR013C,0,1.3612808,0.1797562688589096,0.530469536781311,0.24232423305511475
YOL058W,YMR164C,0,1.3612626,0.17969542741775513,0.530469536781311,0.24242424964904785
YBR035C,YGR047C,0,1.3606787,0.17963464558124542,0.530469536781311,0.24252425134181976
YMR037C,YLR364W,0,1.3585045,0.1795738935470581,0.530469536781311,0.24262426793575287
YNL323W,YOL070C,0,1.3578241,0.17951318621635437,0.530469536781311,0.24272426962852478
YLL013C,YLR272C,0,1.3565718,0.17945252358913422,0.530469536781311,0.24282428622245789
YKR061W,YPL023C,0,1.3563385,0.17939189076423645,0.530469536781311,0.2429242879152298
YNL079C,YKL048C,1,1.3556087,0.17966903746128082,0.5314685106277466,0.2429242879152298
YJR130C,YIL101C,0,1.3554842,0.17960837483406067,0.5314685106277466,0.2430243045091629
YDL126C,YBR160W,0,1.3542153,0.1795477569103241,0.5314685106277466,0.24312430620193481
YOR386W,YMR104C,0,1.3539335,0.1794871836900711,0.5314685106277466,0.24322432279586792
YKL152C,YOR298C-A,0,1.3537931,0.1794266402721405,0.5314685106277466,0.24332433938980103
YIR019C,YDL024C,1,1.3532524,0.17970331013202667,0.5324675440788269,0.24332433938980103
YGR047C,YGR071C,0,1.3529016,0.17964273691177368,0.5324675440788269,0.24342434108257294
YLR153C,YLR318W,0,1.3514692,0.17958220839500427,0.5324675440788269,0.24352435767650604
YBR110W,YOR295W,0,1.3512145,0.17952172458171844,0.5324675440788269,0.24362435936927795
YDL035C,YDR074W,0,1.3508388,0.1794612854719162,0.5324675440788269,0.24372437596321106
YPR156C,YKR028W,0,1.3502762,0.17940087616443634,0.5324675440788269,0.24382437765598297
YGR223C,YLR237W,0,1.3497018,0.17934051156044006,0.5324675440788269,0.24392439424991608
YHR011W,YER177W,1,1.3491249,0.1796165555715561,0.5334665179252625,0.24392439424991608
YER115C,YJR152W,0,1.3479959,0.17955614626407623,0.5334665179252625,0.244024395942688
YNL273W,YFR029W,0,1.3476734,0.17949579656124115,0.5334665179252625,0.2441244125366211
YIL066C,YER068W,0,1.3470736,0.17943547666072845,0.5334665179252625,0.2442244291305542
YOR187W,YDR472W,0,1.3468745,0.17937521636486053,0.5334665179252625,0.2443244308233261
YNL078W,YPL134C,0,1.3466508,0.1793149709701538,0.5334665179252625,0.24442444741725922
YML114C,YJR107W,0,1.3461616,0.17925478518009186,0.5334665179252625,0.24452444911003113
YDR018C,YGR038W,0,1.3456194,0.1791946291923523,0.5334665179252625,0.24462446570396423
YLL012W,YLR452C,0,1.3445511,0.1791345179080963,0.5334665179252625,0.24472446739673615
YDR315C,YLR015W,0,1.3445271,0.1790744513273239,0.5334665179252625,0.24482448399066925
YMR013C,YPR124W,0,1.3444474,0.1790144145488739,0.5334665179252625,0.24492448568344116
YAL055W,YGL241W,0,1.3444065,0.17895442247390747,0.5334665179252625,0.24502450227737427
YOR301W,YNR054C,0,1.34338,0.17889447510242462,0.5334665179252625,0.24512451887130737
YCR038C,YAL056W,1,1.3424726,0.1791694611310959,0.5344655513763428,0.24512451887130737
YDR158W,YCL032W,0,1.3420262,0.17910946905612946,0.5344655513763428,0.24522452056407928
YBR009C,YGR163W,0,1.3416438,0.1790495365858078,0.5344655513763428,0.2453245371580124
YNR018W,YKL008C,0,1.3414551,0.17898963391780853,0.5344655513763428,0.2454245388507843
YOL145C,YOL141W,0,1.3414332,0.17892976105213165,0.5344655513763428,0.2455245554447174
YDR099W,YGL190C,1,1.3408599,0.1792042851448059,0.5354645252227783,0.2455245554447174
YGR200C,YLR025W,0,1.3405439,0.17914438247680664,0.5354645252227783,0.24562455713748932
YOR116C,YPR047W,0,1.3399389,0.17908452451229095,0.5354645252227783,0.24572457373142242
YBR283C,YMR068W,0,1.3397939,0.17902471125125885,0.5354645252227783,0.24582457542419434
YOR030W,YCL010C,0,1.3395236,0.17896494269371033,0.5354645252227783,0.24592459201812744
YKR002W,YML066C,0,1.3391187,0.1789052039384842,0.5354645252227783,0.24602460861206055
YPL021W,YAL056W,1,1.3385538,0.17917917668819427,0.5364635586738586,0.24602460861206055
YOR181W,YKL166C,0,1.3374568,0.17911940813064575,0.5364635586738586,0.24612461030483246
YGL256W,YIL113W,0,1.3374336,0.1790596842765808,0.5364635586738586,0.24622462689876556
YDR251W,YCR093W,1,1.3366237,0.17933332920074463,0.5374625325202942,0.24622462689876556
YML116W,YMR180C,0,1.3365127,0.1792735755443573,0.5374625325202942,0.24632462859153748
YLL029W,YLR120C,0,1.3363478,0.17921385169029236,0.5374625325202942,0.24642464518547058
YHR121W,YJL093C,0,1.3358653,0.179154172539711,0.5374625325202942,0.2465246468782425
YPL072W,YKR062W,0,1.3350968,0.17909453809261322,0.5374625325202942,0.2466246634721756
YPL230W,YBL106C,0,1.3350205,0.17903494834899902,0.5374625325202942,0.2467246651649475
YLR275W,YEL070W,0,1.3337189,0.17897538840770721,0.5374625325202942,0.24682468175888062
YLR127C,YOR168W,0,1.3334649,0.1789158582687378,0.5374625325202942,0.24692469835281372
YLR106C,YHR160C,0,1.3332063,0.17885638773441315,0.5374625325202942,0.24702470004558563
YBR066C,YER108C,1,1.3331666,0.17912927269935608,0.5384615659713745,0.24702470004558563
YLR330W,YPR005C,0,1.3317176,0.17906977236270905,0.5384615659713745,0.24712471663951874
YKR069W,YKR024C,0,1.3312304,0.1790103018283844,0.5384615659713745,0.24722471833229065
YBR128C,YDR529C,0,1.3307025,0.17895086109638214,0.5384615659713745,0.24732473492622375
YHR183W,YLR073C,0,1.3300838,0.17889146506786346,0.5384615659713745,0.24742473661899567
YOL145C,YFL022C,0,1.3300432,0.17883211374282837,0.5384615659713745,0.24752475321292877
YLR035C,YKL112W,0,1.3293542,0.17877280712127686,0.5384615659713745,0.24762476980686188
YBL076C,YOR374W,0,1.3281645,0.17871353030204773,0.5384615659713745,0.2477247714996338
YNL098C,YGR272C,0,1.3279257,0.17865429818630219,0.5384615659713745,0.2478247880935669
YIL145C,YKL188C,0,1.3256136,0.17859509587287903,0.5384615659713745,0.2479247897863388
YGR077C,YML088W,0,1.324749,0.17853593826293945,0.5384615659713745,0.2480248063802719
YNR017W,YBL105C,0,1.3243695,0.17847682535648346,0.5384615659713745,0.24812480807304382
YML043C,YCR026C,0,1.3237491,0.17841774225234985,0.5384615659713745,0.24822482466697693
YER058W,YNR013C,0,1.3234417,0.17835870385169983,0.5384615659713745,0.24832482635974884
YGR123C,YLR090W,0,1.322691,0.1782996952533722,0.5384615659713745,0.24842484295368195
YOR145C,YNL217W,0,1.321849,0.17824074625968933,0.5384615659713745,0.24852485954761505
YAL041W,YNR044W,0,1.3215046,0.17818181216716766,0.5384615659713745,0.24862486124038696
YML118W,YAL008W,0,1.3214355,0.17812293767929077,0.5384615659713745,0.24872487783432007
YGL173C,YJR044C,0,1.3199216,0.17806409299373627,0.5384615659713745,0.24882487952709198
YOL028C,YGR140W,0,1.319174,0.17800527811050415,0.5384615659713745,0.24892489612102509
YNL125C,YGR063C,0,1.3190904,0.1779465228319168,0.5384615659713745,0.249024897813797
YNL238W,YLL019C,0,1.3189887,0.17788778245449066,0.5384615659713745,0.2491249144077301
YGL071W,YDR538W,0,1.3189814,0.1778291016817093,0.5384615659713745,0.24922491610050201
YAL017W,YLR192C,0,1.3186142,0.1777704507112503,0.5384615659713745,0.24932493269443512
YMR145C,YGR277C,0,1.3186088,0.1777118295431137,0.5384615659713745,0.24942494928836823
YDR353W,YPL016W,0,1.3176357,0.1776532679796219,0.5384615659713745,0.24952495098114014
YIR032C,YDR239C,0,1.3173447,0.17759472131729126,0.5384615659713745,0.24962496757507324
YGL208W,YER020W,0,1.3165784,0.1775362342596054,0.5384615659713745,0.24972496926784515
YKR068C,YDR378C,0,1.3159521,0.17747777700424194,0.5384615659713745,0.24982498586177826
YGR276C,YGR189C,0,1.3158436,0.17741934955120087,0.5384615659713745,0.24992498755455017
YDL208W,YLL022C,0,1.3154087,0.17736096680164337,0.5384615659713745,0.2500250041484833
YFR046C,YAL061W,0,1.3153946,0.17730262875556946,0.5384615659713745,0.2501250207424164
YBL082C,YNL162W,0,1.3151443,0.17724432051181793,0.5384615659713745,0.2502250373363495
YBL068W,YDR477W,0,1.3144727,0.17718605697155,0.5384615659713745,0.2503250241279602
YMR193W,YJR094W-A,0,1.3132538,0.17712783813476562,0.5384615659713745,0.2504250407218933
YNL197C,YIR019C,1,1.3127446,0.17739816009998322,0.5394605398178101,0.2504250407218933
YDL024C,YJR126C,0,1.3116846,0.17733989655971527,0.5394605398178101,0.2505250573158264
YOL125W,YBR265W,0,1.3111064,0.1772816777229309,0.5394605398178101,0.2506250739097595
YDL005C,YCL052C,0,1.310277,0.17722350358963013,0.5394605398178101,0.25072506070137024
YBR282W,YMR029C,0,1.3098857,0.17716535925865173,0.5394605398178101,0.25082507729530334
YMR160W,YLR332W,0,1.308954,0.17710724472999573,0.5394605398178101,0.25092509388923645
YPR192W,YCL018W,0,1.3082315,0.1770491749048233,0.5394605398178101,0.25102511048316956
YER149C,YLR313C,1,1.3077943,0.17731891572475433,0.5404595136642456,0.25102511048316956
YPL090C,YMR150C,0,1.3077285,0.17726081609725952,0.5404595136642456,0.25112512707710266
YGR155W,YNL149C,0,1.307518,0.1772027462720871,0.5404595136642456,0.2512251138687134
YOR208W,YML081C-A,0,1.3071314,0.17714472115039825,0.5404595136642456,0.2513251304626465
YKL053C-A,YMR172W,0,1.3068397,0.177086740732193,0.5404595136642456,0.2514251470565796
YNL119W,YDL136W,0,1.3066227,0.17702879011631012,0.5404595136642456,0.2515251636505127
YCR038C,YHL007C,1,1.3054491,0.17729800939559937,0.5414585471153259,0.2515251636505127
YNL197C,YOR030W,1,1.3050988,0.1775670349597931,0.5424575209617615,0.2515251636505127
YJR143C,YMR200W,0,1.3050122,0.17750899493694305,0.5424575209617615,0.2516251504421234
YDR231C,YKL201C,0,1.3048879,0.1774509847164154,0.5424575209617615,0.2517251670360565
YNL086W,YPL012W,0,1.3020433,0.17739300429821014,0.5424575209617615,0.2518251836299896
YMR235C,YML029W,0,1.3004866,0.17733506858348846,0.5424575209617615,0.25192520022392273
YBR104W,YKR035W-A,0,1.3004738,0.17727717757225037,0.5424575209617615,0.25202521681785583
YHR099W,YBL103C,0,1.2986418,0.17721931636333466,0.5424575209617615,0.25212520360946655
YPL118W,YPL042C,0,1.2983377,0.17716149985790253,0.5424575209617615,0.25222522020339966
YLR287C-A,YOR295W,0,1.298041,0.17710371315479279,0.5424575209617615,0.25232523679733276
YJL104W,YFL024C,0,1.2979084,0.17704597115516663,0.5424575209617615,0.25242525339126587
YDL159W,YMR016C,1,1.2976787,0.17731420695781708,0.5434565544128418,0.25242525339126587
YML019W,YMR218C,0,1.296694,0.17725643515586853,0.5434565544128418,0.2525252401828766
YPR144C,YAL001C,0,1.2964765,0.17719869315624237,0.5434565544128418,0.2526252567768097
YPL274W,YLL005C,0,1.2963753,0.1771409958600998,0.5434565544128418,0.2527252733707428
YOR005C,YHR105W,0,1.2963499,0.1770833283662796,0.5434565544128418,0.2528252899646759
YCR039C,YLR341W,0,1.2956462,0.177025705575943,0.5434565544128418,0.252925306558609
YEL063C,YPL139C,0,1.2936085,0.17696811258792877,0.5434565544128418,0.2530252933502197
YEL065W,YLR098C,0,1.292788,0.17691056430339813,0.5434565544128418,0.25312530994415283
YGL019W,YLR350W,0,1.2920505,0.17685306072235107,0.5434565544128418,0.25322532653808594
YDR392W,YDL024C,1,1.2908337,0.17712056636810303,0.5444555282592773,0.25322532653808594
YBR057C,YDR358W,0,1.2903664,0.17706303298473358,0.5444555282592773,0.25332534313201904
YER118C,YIL049W,1,1.2900751,0.17733030021190643,0.5454545617103577,0.25332534313201904
YDR104C,YJL194W,0,1.2899204,0.1772727221250534,0.5454545617103577,0.25342532992362976
YGL205W,YKL091C,0,1.2896,0.17721518874168396,0.5454545617103577,0.25352534651756287
YBL061C,YGL047W,0,1.2894458,0.1771576851606369,0.5454545617103577,0.25362536311149597
YML130C,YGL207W,0,1.2891121,0.17710022628307343,0.5454545617103577,0.2537253797054291
YPR187W,YDR326C,0,1.2884948,0.17704279720783234,0.5454545617103577,0.2538253962993622
YCR096C,YKL172W,0,1.2883297,0.17698541283607483,0.5454545617103577,0.2539253830909729
YLR197W,YOR368W,0,1.287528,0.1769280582666397,0.5454545617103577,0.254025399684906
YGR234W,YNL080C,0,1.2875118,0.17687074840068817,0.5454545617103577,0.2541254162788391
YMR058W,YGL035C,0,1.2874452,0.17681346833705902,0.5454545617103577,0.2542254328727722
YLR312W-A,YNR003C,0,1.2866352,0.17675623297691345,0.5454545617103577,0.25432541966438293
YOR216C,YOR240W,0,1.286577,0.17669902741909027,0.5454545617103577,0.25442543625831604
YAL041W,YLR353W,1,1.2860091,0.1769653856754303,0.5464535355567932,0.25442543625831604
YLR135W,YMR164C,0,1.2857132,0.17690815031528473,0.5464535355567932,0.25452545285224915
YBR037C,YJL164C,0,1.2843161,0.17685095965862274,0.5464535355567932,0.25462546944618225
YMR056C,YDR483W,0,1.2838546,0.17679379880428314,0.5464535355567932,0.25472548604011536
YJL102W,YPR001W,0,1.2836046,0.17673666775226593,0.5464535355567932,0.2548254728317261
YML058W-A,YPR149W,0,1.2818799,0.1766795814037323,0.5464535355567932,0.2549254894256592
YDR143C,YNL307C,0,1.2813464,0.17662253975868225,0.5464535355567932,0.2550255060195923
YGR256W,YGR241C,0,1.2809677,0.1765655279159546,0.5464535355567932,0.2551255226135254
YPL050C,YDR382W,0,1.2799507,0.17650854587554932,0.5464535355567932,0.2552255094051361
YPL026C,YBR288C,0,1.2796602,0.17645160853862762,0.5464535355567932,0.2553255259990692
YGL084C,YMR070W,0,1.2774725,0.17639471590518951,0.5464535355567932,0.2554255425930023
YLL042C,YHR041C,0,1.2771398,0.1763378530740738,0.5464535355567932,0.2555255591869354
YKL015W,YLR206W,0,1.2768912,0.17628102004528046,0.5464535355567932,0.25562557578086853
YOL130W,YLR099C,0,1.276597,0.1762242317199707,0.5464535355567932,0.25572556257247925
YJL080C,YBL089W,0,1.2765365,0.17616747319698334,0.5464535355567932,0.25582557916641235
YPL228W,YBR177C,0,1.2762512,0.17611075937747955,0.5464535355567932,0.25592559576034546
YDR140W,YER130C,0,1.275612,0.17605407536029816,0.5464535355567932,0.25602561235427856
YJR147W,YMR075W,0,1.275248,0.17599742114543915,0.5464535355567932,0.2561255991458893
YOL044W,YGR191W,0,1.27459,0.17594081163406372,0.5464535355567932,0.2562256157398224
YJR014W,YPL103C,0,1.2734814,0.17588424682617188,0.5464535355567932,0.2563256323337555
YPR058W,YNL014W,0,1.2733053,0.17582771182060242,0.5464535355567932,0.2564256489276886
YPR036W,YDR362C,0,1.2723391,0.17577120661735535,0.5464535355567932,0.2565256655216217
YLR336C,YBL078C,0,1.2718453,0.17571474611759186,0.5464535355567932,0.2566256523132324
YNL283C,YKL117W,0,1.2714809,0.17565831542015076,0.5464535355567932,0.2567256689071655
YCR038C,YNL271C,1,1.2712243,0.1759229600429535,0.5474525690078735,0.2567256689071655
YJR139C,YBR205W,0,1.2705024,0.17586649954319,0.5474525690078735,0.25682568550109863
YCR003W,YJR145C,0,1.2701162,0.1758100688457489,0.5474525690078735,0.25692570209503174
YKL018W,YEL062W,0,1.2694983,0.17575368285179138,0.5474525690078735,0.25702568888664246
YAL032C,YOR047C,0,1.2694728,0.17569734156131744,0.5474525690078735,0.25712570548057556
YER007W,YER070W,0,1.2689589,0.1756410300731659,0.5474525690078735,0.25722572207450867
YDR158W,YDR519W,0,1.2688434,0.17558474838733673,0.5474525690078735,0.2573257386684418
YPL208W,YDR409W,0,1.2683415,0.17552851140499115,0.5474525690078735,0.2574257552623749
YKL164C,YOL097C,0,1.2677581,0.17547230422496796,0.5474525690078735,0.2575257420539856
YNR032W,YHR171W,0,1.2677205,0.17541612684726715,0.5474525690078735,0.2576257586479187
YOR127W,YAL056W,1,1.2672658,0.1756799966096878,0.5484515428543091,0.2576257586479187
YOR210W,YBR234C,0,1.266358,0.1756238043308258,0.5484515428543091,0.2577257752418518
YDR334W,YOR226C,0,1.2656252,0.1755676418542862,0.5484515428543091,0.2578257918357849
YBL084C,YER148W,0,1.2651216,0.17551150918006897,0.5484515428543091,0.25792577862739563
YPR112C,YPL183W-A,0,1.2649447,0.17545542120933533,0.5484515428543091,0.25802579522132874
YGL168W,YDR472W,0,1.2645303,0.17539936304092407,0.5484515428543091,0.25812581181526184
YJL149W,YLR163C,0,1.2624633,0.1753433346748352,0.5484515428543091,0.25822582840919495
YJR153W,YDL035C,1,1.2624025,0.1756066381931305,0.5494505763053894,0.25822582840919495
YJL145W,YCR071C,0,1.2623835,0.17555059492588043,0.5494505763053894,0.25832584500312805
YLR356W,YNR011C,0,1.2623019,0.17549458146095276,0.5494505763053894,0.25842583179473877
YDR486C,YDL055C,0,1.2615485,0.17543859779834747,0.5494505763053894,0.2585258483886719
YNR032W,YOR168W,0,1.2602963,0.17538265883922577,0.5494505763053894,0.258625864982605
YIL051C,YLR192C,0,1.2593415,0.17532674968242645,0.5494505763053894,0.2587258815765381
YGR169C,YPL143W,0,1.2588623,0.17527087032794952,0.5494505763053894,0.2588258683681488
YKL216W,YPL164C,0,1.2588372,0.17521503567695618,0.5494505763053894,0.2589258849620819
YNL097C,YOR393W,0,1.2588348,0.17515923082828522,0.5494505763053894,0.259025901556015
YNL222W,YKR071C,0,1.2582521,0.17510347068309784,0.5494505763053894,0.2591259181499481
YGL190C,YPL021W,1,1.2577751,0.17536601424217224,0.550449550151825,0.2591259181499481
YPL094C,YDR182W,0,1.2575984,0.17531020939350128,0.550449550151825,0.2592259347438812
YMR292W,YER173W,0,1.256098,0.1752544492483139,0.550449550151825,0.25932592153549194
YOL005C,YGR278W,0,1.2555447,0.1751987338066101,0.550449550151825,0.25942593812942505
YDR059C,YAL010C,0,1.2550745,0.1751430332660675,0.550449550151825,0.25952595472335815
YGR246C,YGR109C,0,1.2549903,0.17508737742900848,0.550449550151825,0.25962597131729126
YPL214C,YJR033C,0,1.2544844,0.17503176629543304,0.550449550151825,0.259725958108902
YGR071C,YER174C,0,1.2533543,0.17497618496418,0.550449550151825,0.2598259747028351
YHR124W,YJL074C,0,1.2529312,0.17492063343524933,0.550449550151825,0.2599259912967682
YAL014C,YPL266W,0,1.2526786,0.17486512660980225,0.550449550151825,0.2600260078907013
YBR142W,YLL015W,0,1.2523605,0.17480964958667755,0.550449550151825,0.2601260244846344
YDR390C,YJL154C,0,1.252227,0.17475420236587524,0.550449550151825,0.2602260112762451
YOR085W,YDR379W,0,1.2521744,0.17469879984855652,0.550449550151825,0.2603260278701782
YOL130W,YML081C-A,0,1.2518299,0.17464342713356018,0.550449550151825,0.26042604446411133
YHR010W,YJL194W,0,1.2498785,0.17458808422088623,0.550449550151825,0.26052606105804443
YNL001W,YMR016C,1,1.2497609,0.17484953999519348,0.5514485239982605,0.26052606105804443
YML075C,YHR143W,0,1.249531,0.17479416728019714,0.5514485239982605,0.26062604784965515
YJL184W,YJR103W,0,1.2493007,0.1747388392686844,0.5514485239982605,0.26072606444358826
YLR404W,YGL234W,0,1.2488904,0.17468354105949402,0.5514485239982605,0.26082608103752136
YJR095W,YJL005W,0,1.2476995,0.17462828755378723,0.5514485239982605,0.26092609763145447
YGL145W,YNL310C,0,1.2469032,0.17457304894924164,0.5514485239982605,0.2610261142253876
YNR018W,YAL042W,0,1.2468541,0.17451786994934082,0.5514485239982605,0.2611261010169983
YMR034C,YCL074W,0,1.2467618,0.1744627058506012,0.5514485239982605,0.2612261176109314
YPL078C,YAR027W,0,1.2460274,0.17440758645534515,0.5514485239982605,0.2613261342048645
YNL142W,YHR073W,1,1.2458297,0.1746683567762375,0.5524475574493408,0.2613261342048645
YNL292W,YNL316C,0,1.2451514,0.17461319267749786,0.5524475574493408,0.2614261507987976
YBL097W,YGL244W,0,1.2432438,0.17455808818340302,0.5524475574493408,0.2615261673927307
YKL013C,YGL205W,0,1.2431004,0.17450299859046936,0.5524475574493408,0.26162615418434143
YER149C,YGL190C,1,1.2430301,0.17476341128349304,0.5534465312957764,0.26162615418434143
YDR392W,YKL149C,1,1.242445,0.1750236451625824,0.5544455647468567,0.26162615418434143
YLL043W,YBR221C,0,1.2416079,0.17496848106384277,0.5544455647468567,0.26172617077827454
YGL059W,YJR077C,0,1.2414576,0.17491333186626434,0.5544455647468567,0.26182618737220764
YMR075W,YCR077C,0,1.2413614,0.1748582273721695,0.5544455647468567,0.26192620396614075
YDR403W,YDL056W,0,1.2406952,0.17480315268039703,0.5544455647468567,0.26202619075775146
YJR065C,YBR129C,0,1.2405926,0.17474810779094696,0.5544455647468567,0.26212620735168457
YMR128W,YJL177W,0,1.2397273,0.17469310760498047,0.5544455647468567,0.2622262239456177
YAL041W,YNL142W,1,1.2393177,0.17495280504226685,0.5554445385932922,0.2622262239456177
YCR028C,YJL019W,0,1.2392116,0.17489776015281677,0.5554445385932922,0.2623262405395508
YGL079W,YDR520C,0,1.2377207,0.17484275996685028,0.5554445385932922,0.2624262571334839
YBL019W,YBR237W,0,1.237417,0.17478780448436737,0.5554445385932922,0.2625262439250946
YOR388C,YPL015C,0,1.2374055,0.17473287880420685,0.5554445385932922,0.2626262605190277
YMR049C,YLR050C,0,1.237298,0.1746779829263687,0.5554445385932922,0.2627262771129608
YEL012W,YAL063C,0,1.2367654,0.17462311685085297,0.5554445385932922,0.2628262937068939
YKL222C,YER020W,0,1.236605,0.1745682954788208,0.5554445385932922,0.26292628049850464
YNL331C,YPL258C,0,1.2364385,0.17451350390911102,0.5554445385932922,0.26302629709243774
YJL091C,YGR112W,0,1.2357252,0.17445874214172363,0.5554445385932922,0.26312631368637085
YMR043W,YMR266W,0,1.2356579,0.17440401017665863,0.5554445385932922,0.26322633028030396
YMR167W,YPR043W,0,1.2351246,0.1743493229150772,0.5554445385932922,0.26332634687423706
YIL113W,YDR128W,0,1.2350788,0.17429466545581818,0.5554445385932922,0.2634263336658478
YJL192C,YLL045C,0,1.2343609,0.17424005270004272,0.5554445385932922,0.2635263502597809
YEL012W,YIL093C,0,1.2334936,0.17418546974658966,0.5554445385932922,0.263626366853714
YDR155C,YPL132W,0,1.2326624,0.17413091659545898,0.5554445385932922,0.2637263834476471
YGR134W,YDL239C,0,1.2324258,0.1740763932466507,0.5554445385932922,0.2638263702392578
YML123C,YGL012W,0,1.2323844,0.174021914601326,0.5554445385932922,0.2639263868331909
YGR282C,YBR031W,0,1.2323033,0.17396746575832367,0.5554445385932922,0.264026403427124
YOR278W,YPR171W,0,1.2321634,0.17391304671764374,0.5554445385932922,0.26412642002105713
YLR441C,YOR353C,0,1.2306848,0.1738586574792862,0.5554445385932922,0.26422643661499023
YLL001W,YML058W,0,1.2302083,0.17380431294441223,0.5554445385932922,0.26432642340660095
YJL160C,YDL227C,0,1.2298267,0.17374999821186066,0.5554445385932922,0.26442644000053406
YNL197C,YOR371C,1,1.228706,0.17400811612606049,0.5564435720443726,0.26442644000053406
YFL033C,YPL172C,0,1.22768,0.17395377159118652,0.5564435720443726,0.26452645659446716
YKL220C,YMR241W,0,1.2275966,0.17389947175979614,0.5564435720443726,0.26462647318840027
YNL082W,YGL234W,0,1.2275329,0.17384518682956696,0.5564435720443726,0.264726459980011
YIR002C,YMR017W,0,1.2270026,0.17379094660282135,0.5564435720443726,0.2648264765739441
YML113W,YPL106C,0,1.2267572,0.17373673617839813,0.5564435720443726,0.2649264931678772
YOL077C,YPL143W,0,1.2258804,0.1736825704574585,0.5564435720443726,0.2650265097618103
YNL079C,YLR229C,1,1.2257984,0.17394015192985535,0.5574425458908081,0.2650265097618103
YKL015W,YBR161W,0,1.2248901,0.17388594150543213,0.5574425458908081,0.2651265263557434
YJL115W,YEL069C,0,1.2242342,0.1738317757844925,0.5574425458908081,0.2652265131473541
YPL089C,YGR186W,0,1.2240833,0.17377763986587524,0.5574425458908081,0.26532652974128723
YIR019C,YLR313C,1,1.2237377,0.17403486371040344,0.5584415793418884,0.26532652974128723
YBR245C,YGR191W,0,1.2228525,0.1739806979894638,0.5584415793418884,0.26542654633522034
YGR189C,YKL220C,0,1.2223898,0.17392657697200775,0.5584415793418884,0.26552656292915344
YDR219C,YOR182C,0,1.221908,0.1738724708557129,0.5584415793418884,0.26562654972076416
YML088W,YKL038W,0,1.2199972,0.1738184094429016,0.5584415793418884,0.26572656631469727
YBR055C,YDL019C,0,1.2196867,0.17376437783241272,0.5584415793418884,0.26582658290863037
YDR489W,YHL034C,0,1.2196687,0.17371037602424622,0.5584415793418884,0.2659265995025635
YBR192W,YPL213W,0,1.2192941,0.1736564189195633,0.5584415793418884,0.2660266160964966
YLR272C,YNL307C,0,1.218503,0.17360249161720276,0.5584415793418884,0.2661266028881073
YHR164C,YIL125W,0,1.2182193,0.1735485941171646,0.5584415793418884,0.2662266194820404
YDR107C,YKL043W,1,1.2172096,0.1738050878047943,0.559440553188324,0.2662266194820404
YNL209W,YDL109C,0,1.2166457,0.17375116050243378,0.559440553188324,0.2663266360759735
YBR281C,YNL037C,0,1.2148521,0.17369727790355682,0.559440553188324,0.2664266526699066
YER140W,YGL022W,0,1.2146776,0.17364341020584106,0.559440553188324,0.26652663946151733
YER118C,YHR073W,1,1.2145638,0.1738995611667633,0.5604395866394043,0.26652663946151733
YLR304C,YMR184W,0,1.21449,0.17384567856788635,0.5604395866394043,0.26662665605545044
YOL112W,YNL121C,0,1.2142663,0.1737918257713318,0.5604395866394043,0.26672667264938354
YLR414C,YLR341W,0,1.2141705,0.1737380027770996,0.5604395866394043,0.26682668924331665
YNL006W,YLL019C,0,1.2138767,0.17368420958518982,0.5604395866394043,0.26692670583724976
YDR499W,YDL137W,0,1.213152,0.1736304610967636,0.5604395866394043,0.2670266926288605
YER012W,YNL218W,0,1.2126933,0.1735767275094986,0.5604395866394043,0.2671267092227936
YOL139C,YGR257C,0,1.2125727,0.17352303862571716,0.5604395866394043,0.2672267258167267
YLR376C,YJR090C,0,1.2122152,0.1734693944454193,0.5604395866394043,0.2673267424106598
YCR010C,YPL012W,0,1.2118417,0.17341576516628265,0.5604395866394043,0.2674267292022705
YOR233W,YOR168W,0,1.2109101,0.17336218059062958,0.5604395866394043,0.2675267457962036
YOR070C,YLR158C,0,1.2103353,0.1733086258172989,0.5604395866394043,0.2676267623901367
YJR112W,YOL130W,0,1.2081687,0.1732551008462906,0.5604395866394043,0.2677267789840698
YML058W,YDR011W,0,1.2079033,0.17320160567760468,0.5604395866394043,0.26782679557800293
YMR079W,YBR077C,0,1.2076381,0.17314815521240234,0.5604395866394043,0.26792678236961365
YGL190C,YDL035C,1,1.2067984,0.1734032779932022,0.5614385604858398,0.26792678236961365
YDR351W,YNR007C,0,1.2058095,0.1733497828245163,0.5614385604858398,0.26802679896354675
YOL091W,YMR038C,0,1.2056663,0.17329633235931396,0.5614385604858398,0.26812681555747986
YOR243C,YKL173W,0,1.2040541,0.17324291169643402,0.5614385604858398,0.26822683215141296
YNL138W,YNL079C,1,1.2040343,0.17349769175052643,0.5624375343322754,0.26822683215141296
YLR404W,YMR161W,0,1.2029766,0.1734442412853241,0.5624375343322754,0.2683268189430237
YJR153W,YHR011W,1,1.2023013,0.1736987978219986,0.5634365677833557,0.2683268189430237
YNL283C,YMR236W,0,1.2018017,0.17364531755447388,0.5634365677833557,0.2684268355369568
YGR123C,YGL203C,0,1.2017877,0.17359186708927155,0.5634365677833557,0.2685268521308899
YNR040W,YML018C,0,1.2011799,0.1735384613275528,0.5634365677833557,0.268626868724823
YHR160C,YGR070W,0,1.2003459,0.17348508536815643,0.5634365677833557,0.2687268853187561
YMR061W,YKL184W,0,1.2002587,0.17343173921108246,0.5634365677833557,0.2688268721103668
YMR014W,YBR289W,0,1.2002435,0.17337842285633087,0.5634365677833557,0.2689268887042999
YBR154C,YOR229W,0,1.2001728,0.17332513630390167,0.5634365677833557,0.26902690529823303
YHR098C,YOR162C,0,1.1997719,0.17327189445495605,0.5634365677833557,0.26912692189216614
YPL089C,YIL128W,0,1.1991267,0.17321866750717163,0.5634365677833557,0.26922690868377686
YKL195W,YKL174C,0,1.1986525,0.1731654852628708,0.5634365677833557,0.26932692527770996
YGR220C,YMR061W,0,1.1982136,0.17311233282089233,0.5634365677833557,0.26942694187164307
YDR062W,YNL098C,0,1.1981251,0.17305922508239746,0.5634365677833557,0.26952695846557617
YDL179W,YPL110C,0,1.1978122,0.17300613224506378,0.5634365677833557,0.2696269750595093
YML009C,YOR083W,0,1.1976268,0.17295308411121368,0.5634365677833557,0.26972696185112
YBR293W,YJR159W,0,1.1970366,0.17290006577968597,0.5634365677833557,0.2698269784450531
YKR080W,YLR240W,0,1.1961522,0.17284707725048065,0.5634365677833557,0.2699269950389862
YLR204W,YDR541C,0,1.1955898,0.17279411852359772,0.5634365677833557,0.2700270116329193
YIL129C,YGL145W,0,1.1955659,0.17274118959903717,0.5634365677833557,0.27012699842453003
YLR355C,YML001W,0,1.1951274,0.1726883053779602,0.5634365677833557,0.27022701501846313
YMR164C,YDR043C,1,1.1947918,0.17294153571128845,0.5644355416297913,0.27022701501846313
YMR292W,YMR167W,0,1.1947066,0.1728886216878891,0.5644355416297913,0.27032703161239624
YOL001W,YNL188W,0,1.1945508,0.17283572256565094,0.5644355416297913,0.27042704820632935
YNL010W,YPL103C,0,1.1945288,0.17278286814689636,0.5644355416297913,0.27052706480026245
YNL149C,YDR216W,0,1.1936678,0.17273005843162537,0.5644355416297913,0.27062705159187317
YOL094C,YAL022C,0,1.1934403,0.17267726361751556,0.5644355416297913,0.2707270681858063
YCR055C,YBR070C,0,1.193406,0.17262449860572815,0.5644355416297913,0.2708270847797394
YBR260C,YER117W,0,1.192801,0.17257177829742432,0.5644355416297913,0.2709271013736725
YPR016C,YGL017W,0,1.1922042,0.17251908779144287,0.5644355416297913,0.2710270881652832
YOR127W,YNL119W,1,1.1921738,0.17277167737483978,0.5654345750808716,0.2710270881652832
YNL098C,YNL271C,1,1.191839,0.17302410304546356,0.5664335489273071,0.2710270881652832
YMR238W,YPL021W,1,1.1916765,0.1732763946056366,0.5674325823783875,0.2710270881652832
YLR320W,YOL016C,0,1.1913869,0.17322354018688202,0.5674325823783875,0.2711271047592163
YOR315W,YNL142W,1,1.1910213,0.17347560822963715,0.568431556224823,0.2711271047592163
YNL252C,YLR405W,0,1.1908286,0.17342273890972137,0.568431556224823,0.2712271213531494
YLR157C,YLR341W,0,1.1903172,0.173369899392128,0.568431556224823,0.2713271379470825
YGR175C,YPR019W,0,1.189907,0.173317089676857,0.568431556224823,0.2714271545410156
YPR028W,YGL135W,0,1.1894636,0.1732643097639084,0.568431556224823,0.27152714133262634
YDR247W,YBL101C,0,1.1891453,0.17321157455444336,0.568431556224823,0.27162715792655945
YOL067C,YML062C,0,1.1883844,0.17315885424613953,0.568431556224823,0.27172717452049255
YGL004C,YML006C,0,1.1880592,0.17310617864131927,0.568431556224823,0.27182719111442566
YBR172C,YCR077C,0,1.1878619,0.1730535328388214,0.568431556224823,0.2719271779060364
YIL072W,YLR410W,0,1.1877959,0.17300091683864594,0.568431556224823,0.2720271944999695
YNL299W,YDR304C,0,1.1873006,0.17294833064079285,0.568431556224823,0.2721272110939026
YOL158C,YBR175W,0,1.185597,0.17289577424526215,0.568431556224823,0.2722272276878357
YDL239C,YBR172C,0,1.1848158,0.17284326255321503,0.568431556224823,0.2723272442817688
YDR166C,YPL157W,0,1.1843576,0.1727907657623291,0.568431556224823,0.2724272310733795
YOR354C,YKL074C,0,1.1842144,0.17273831367492676,0.568431556224823,0.2725272476673126
YGR118W,YLR134W,0,1.1832747,0.1726858913898468,0.568431556224823,0.2726272642612457
YMR231W,YLR081W,0,1.1827868,0.17263349890708923,0.568431556224823,0.27272728085517883
YDR403W,YJL143W,0,1.1823468,0.17258113622665405,0.568431556224823,0.27282729744911194
YPR083W,YHL008C,0,1.1822195,0.17252880334854126,0.568431556224823,0.27292728424072266
YLR212C,YHR168W,0,1.1809952,0.17247651517391205,0.568431556224823,0.27302730083465576
YJL072C,YDL195W,0,1.1807775,0.17242424190044403,0.568431556224823,0.27312731742858887
YOL104C,YNL273W,0,1.1795841,0.1723720133304596,0.568431556224823,0.273227334022522
YLR305C,YJL157C,0,1.1794306,0.17231979966163635,0.568431556224823,0.2733273208141327
YDR237W,YIR005W,0,1.1777081,0.1722676306962967,0.568431556224823,0.2734273374080658
YJL139C,YGR034W,0,1.177645,0.17221549153327942,0.568431556224823,0.2735273540019989
YGL048C,YOL147C,0,1.1776366,0.17216338217258453,0.568431556224823,0.273627370595932
YGL121C,YGR070W,0,1.1763442,0.17211131751537323,0.568431556224823,0.2737273871898651
YML058W-A,YDR334W,0,1.176158,0.17205926775932312,0.568431556224823,0.27382737398147583
YPR159W,YJL133W,0,1.1751227,0.1720072478055954,0.568431556224823,0.27392739057540894
YER012W,YNL280C,0,1.173959,0.17195527255535126,0.568431556224823,0.27402740716934204
YGL097W,YLR453C,0,1.1731972,0.1719033271074295,0.568431556224823,0.27412742376327515
YMR307W,YKL163W,0,1.1731929,0.17185141146183014,0.568431556224823,0.27422741055488586
YCL033C,YIL067C,0,1.172667,0.17179951071739197,0.568431556224823,0.27432742714881897
YLR035C,YOL060C,0,1.1721654,0.17174765467643738,0.568431556224823,0.2744274437427521
YLR244C,YDR508C,0,1.1705225,0.17169582843780518,0.568431556224823,0.2745274603366852
YMR251W-A,YER173W,0,1.1700072,0.17164404690265656,0.568431556224823,0.2746274769306183
YDR477W,YDR251W,1,1.1698813,0.17189384996891022,0.5694305896759033,0.2746274769306183
YMR146C,YIL079C,0,1.1692032,0.17184202373027802,0.5694305896759033,0.274727463722229
YOR315W,YNL068C,1,1.1691129,0.17209161818027496,0.5704295635223389,0.274727463722229
YKL049C,YLR099C,0,1.1686037,0.17203977704048157,0.5704295635223389,0.2748274803161621
YJL076W,YDR518W,0,1.1682763,0.17198795080184937,0.5704295635223389,0.2749274969100952
YLR256W,YNR021W,0,1.168079,0.17193616926670074,0.5704295635223389,0.2750275135040283
YBR082C,YOR147W,0,1.167947,0.17188440263271332,0.5704295635223389,0.27512750029563904
YIL042C,YKL213C,0,1.1676178,0.17183268070220947,0.5704295635223389,0.27522751688957214
YOR149C,YKR101W,0,1.1659597,0.17178098857402802,0.5704295635223389,0.27532753348350525
YJR047C,YNL125C,0,1.1658838,0.17172932624816895,0.5704295635223389,0.27542755007743835
YDR082W,YHR081W,0,1.1656377,0.17167769372463226,0.5704295635223389,0.27552756667137146
YNL131W,YKL203C,0,1.1655315,0.17162609100341797,0.5704295635223389,0.2756275534629822
YJL091C,YLR003C,0,1.1654564,0.17157451808452606,0.5704295635223389,0.2757275700569153
YGR006W,YLR107W,0,1.1648921,0.17152297496795654,0.5704295635223389,0.2758275866508484
YOR084W,YNR013C,0,1.1636163,0.1714714765548706,0.5704295635223389,0.2759276032447815
YER089C,YLR010C,0,1.162904,0.17141999304294586,0.5704295635223389,0.2760275900363922
YGL169W,YOR338W,0,1.1620774,0.1713685542345047,0.5704295635223389,0.2761276066303253
YPL106C,YCL059C,0,1.162039,0.17131713032722473,0.5704295635223389,0.2762276232242584
YIL050W,YGR061C,0,1.161802,0.17126575112342834,0.5704295635223389,0.27632763981819153
YPL269W,YMR218C,0,1.1616479,0.17121438682079315,0.5704295635223389,0.27642765641212463
YER157W,YCR097WB,0,1.1606965,0.17116306722164154,0.5704295635223389,0.27652764320373535
YMR112C,YNL012W,0,1.1603286,0.17111177742481232,0.5704295635223389,0.27662765979766846
YNR028W,YGL136C,0,1.1603214,0.17106051743030548,0.5704295635223389,0.27672767639160156
YNL339C,YGL119W,0,1.1589105,0.17100928723812103,0.5704295635223389,0.27682769298553467
YIL170W,YBR031W,0,1.1588199,0.17095808684825897,0.5704295635223389,0.2769276797771454
YKL096W-A,YMR098C,0,1.1586895,0.1709069162607193,0.5704295635223389,0.2770276963710785
YDL179W,YML066C,0,1.1582562,0.17085577547550201,0.5704295635223389,0.2771277129650116
YPR026W,YOR173W,0,1.1579216,0.17080466449260712,0.5704295635223389,0.2772277295589447
YNL282W,YDR318W,0,1.1576684,0.1707535833120346,0.5704295635223389,0.2773277461528778
YFL004W,YJL047C,0,1.1563245,0.17070254683494568,0.5704295635223389,0.2774277329444885
YKL182W,YBR155W,0,1.1560385,0.17065152525901794,0.5704295635223389,0.27752774953842163
YDL159W,YGL190C,1,1.1557803,0.17089931666851044,0.5714285969734192,0.27752774953842163
YJR014W,YPR103W,0,1.1557648,0.17084826529026031,0.5714285969734192,0.27762776613235474
YGL002W,YHR066W,0,1.1555092,0.17079725861549377,0.5714285969734192,0.27772778272628784
YLR047C,YHR092C,0,1.1551001,0.17074626684188843,0.5714285969734192,0.27782776951789856
YLR459W,YIL004C,0,1.1543602,0.17069531977176666,0.5714285969734192,0.27792778611183167
YNL238W,YGR084C,0,1.1537688,0.1706443876028061,0.5714285969734192,0.27802780270576477
YDR265W,YDR379W,0,1.153613,0.1705935001373291,0.5714285969734192,0.2781278192996979
YER149C,YAL056W,1,1.1535127,0.170840784907341,0.5724275708198547,0.2781278192996979
YDR461W,YIL090W,0,1.1527613,0.17078986763954163,0.5724275708198547,0.278227835893631
YLR404W,YBL106C,0,1.1522912,0.17073898017406464,0.5724275708198547,0.2783278226852417
YGL190C,YOR030W,1,1.1519576,0.17098599672317505,0.5734265446662903,0.2783278226852417
YKR003W,YOR130C,0,1.1514071,0.17093507945537567,0.5734265446662903,0.2784278392791748
YDL191W,YMR117C,0,1.1507343,0.17088419198989868,0.5734265446662903,0.2785278558731079
YER115C,YML042W,0,1.1506876,0.17083333432674408,0.5734265446662903,0.278627872467041
YDR251W,YKL185W,1,1.1504903,0.17108003795146942,0.5744255781173706,0.278627872467041
YOR017W,YEL004W,0,1.1504217,0.17102915048599243,0.5744255781173706,0.27872785925865173
YDR477W,YMR164C,1,1.1502458,0.17127564549446106,0.5754245519638062,0.27872785925865173
YER088C,YAL001C,0,1.1501698,0.17122472822666168,0.5754245519638062,0.27882787585258484
YLR128W,YJL073W,0,1.1501238,0.1711738556623459,0.5754245519638062,0.27892789244651794
YDR263C,YKR068C,0,1.1480968,0.17112299799919128,0.5754245519638062,0.27902790904045105
YNL098C,YHR143W,1,1.146312,0.17136916518211365,0.5764235854148865,0.27902790904045105
YLR119W,YOL102C,0,1.1460526,0.17131829261779785,0.5764235854148865,0.27912792563438416
YKL074C,YNL079C,0,1.1454756,0.17126743495464325,0.5764235854148865,0.2792279124259949
YBL082C,YBR129C,0,1.1443255,0.17121662199497223,0.5764235854148865,0.279327929019928
YNL282W,YGL032C,0,1.1440163,0.1711658239364624,0.5764235854148865,0.2794279456138611
YDR085C,YLR316C,0,1.1434793,0.17111507058143616,0.5764235854148865,0.2795279622077942
YMR233W,YKL090W,0,1.1431303,0.1710643321275711,0.5764235854148865,0.2796279489994049
YOR212W,YML074C,0,1.1418326,0.17101363837718964,0.5764235854148865,0.279727965593338
YGL223C,YGR263C,0,1.1417482,0.17096295952796936,0.5764235854148865,0.2798279821872711
YJL097W,YOL112W,0,1.1410009,0.17091232538223267,0.5764235854148865,0.2799279987812042
YNL206C,YDR484W,0,1.1409143,0.17086170613765717,0.5764235854148865,0.28002801537513733
YKL035W,YLL004W,0,1.1406307,0.17081113159656525,0.5764235854148865,0.28012800216674805
YLR151C,YMR067C,0,1.1399951,0.17076058685779572,0.5764235854148865,0.28022801876068115
YGR013W,YGL020C,0,1.139378,0.17071005702018738,0.5764235854148865,0.28032803535461426
YPL147W,YOL019W,0,1.1390791,0.17065957188606262,0.5764235854148865,0.28042805194854736
YLR399C,YIL131C,0,1.1379452,0.17060910165309906,0.5764235854148865,0.2805280387401581
YER109C,YKL043W,1,1.1376523,0.17085427045822144,0.577422559261322,0.2805280387401581
YER118C,YKL149C,1,1.1375055,0.17109929025173187,0.5784215927124023,0.2805280387401581
YJL145W,YIR003W,0,1.1364207,0.17104874551296234,0.5784215927124023,0.2806280553340912
YPL230W,YER044C,0,1.1362407,0.1709982305765152,0.5784215927124023,0.2807280719280243
YMR089C,YPR181C,0,1.1356717,0.17094774544239044,0.5784215927124023,0.2808280885219574
YLR266C,YDR267C,0,1.1352732,0.17089729011058807,0.5784215927124023,0.2809281051158905
YPR113W,YGR227W,0,1.1352303,0.1708468645811081,0.5784215927124023,0.2810280919075012
YMR163C,YLL054C,0,1.1346877,0.1707964539527893,0.5784215927124023,0.2811281085014343
YOR096W,YLR450W,0,1.134318,0.1707460880279541,0.5784215927124023,0.28122812509536743
YKL090W,YDL146W,0,1.1342263,0.17069575190544128,0.5784215927124023,0.28132814168930054
YOR323C,YKL065C,0,1.1339395,0.17064544558525085,0.5784215927124023,0.28142812848091125
YNL298W,YMR164C,1,1.1338425,0.17088980972766876,0.5794205665588379,0.28142812848091125
YGR014W,YIL162W,0,1.1330965,0.17083947360515594,0.5794205665588379,0.28152814507484436
YDR147W,YAR050W,0,1.1315613,0.17078916728496552,0.5794205665588379,0.28162816166877747
YLL002W,YKL091C,0,1.1314111,0.17073889076709747,0.5794205665588379,0.28172817826271057
YDL097C,YMR164C,0,1.1311995,0.17068864405155182,0.5794205665588379,0.2818281948566437
YER020W,YIR019C,1,1.1307478,0.1709326207637787,0.5804196000099182,0.2818281948566437
YIR019C,YKL185W,1,1.1306734,0.1711764633655548,0.5814185738563538,0.2818281948566437
YOR261C,YDR536W,0,1.1301438,0.17112614214420319,0.5814185738563538,0.2819281816482544
YJR056C,YIR038C,0,1.1300986,0.17107583582401276,0.5814185738563538,0.2820281982421875
YDR169C,YBL089W,0,1.1299465,0.17102555930614471,0.5814185738563538,0.2821282148361206
YDR052C,YPR140W,0,1.1296873,0.17097532749176025,0.5814185738563538,0.2822282314300537
YCL038C,YNL088W,0,1.12936,0.170925110578537,0.5814185738563538,0.28232821822166443
YNL075W,YEL055C,0,1.1292107,0.1708749234676361,0.5814185738563538,0.28242823481559753
YDR251W,YNL271C,1,1.1291564,0.17111828923225403,0.5824176073074341,0.28242823481559753
YMR025W,YMR251W-A,0,1.1288757,0.17106807231903076,0.5824176073074341,0.28252825140953064
YER053C,YDR265W,0,1.1287428,0.17101790010929108,0.5824176073074341,0.28262826800346375
YDR403W,YKR050W,0,1.1286877,0.17096774280071259,0.5824176073074341,0.28272828459739685
YGL208W,YAL044C,0,1.1286117,0.17091761529445648,0.5824176073074341,0.28282827138900757
YMR037C,YOR124C,0,1.1282098,0.17086753249168396,0.5824176073074341,0.2829282879829407
YBR182C,YLR297W,0,1.1280396,0.17081746459007263,0.5824176073074341,0.2830283045768738
YNL030W,YOL031C,0,1.1279038,0.1707674264907837,0.5824176073074341,0.2831283211708069
YIR010W,YKL213C,0,1.1278614,0.17071741819381714,0.5824176073074341,0.2832283079624176
YLL021W,YIR019C,1,1.1276867,0.1709601879119873,0.5834165811538696,0.2832283079624176
YGL244W,YOL027C,0,1.1273038,0.17091014981269836,0.5834165811538696,0.2833283245563507
YER008C,YDR156W,0,1.1271753,0.170860156416893,0.5834165811538696,0.2834283411502838
YLR359W,YMR150C,0,1.127141,0.17081017792224884,0.5834165811538696,0.2835283577442169
YHR134W,YGL135W,0,1.12677,0.17076022922992706,0.5834165811538696,0.28362837433815
YNL298W,YLL021W,1,1.1267259,0.17100262641906738,0.5844155550003052,0.28362837433815
YDR037W,YGR032W,0,1.1265568,0.1709526628255844,0.5844155550003052,0.28372836112976074
YGR125W,YMR171C,0,1.125929,0.17090271413326263,0.5844155550003052,0.28382837772369385
YGL187C,YGR116W,0,1.1255692,0.17085281014442444,0.5844155550003052,0.28392839431762695
YOL127W,YAL033W,0,1.1236393,0.17080292105674744,0.5844155550003052,0.28402841091156006
YOR386W,YAL005C,0,1.1231523,0.17075306177139282,0.5844155550003052,0.28412842750549316
YHR147C,YPL223C,0,1.1230145,0.1707032322883606,0.5844155550003052,0.2842284142971039
YLR344W,YMR216C,0,1.1208735,0.17065344750881195,0.5844155550003052,0.284328430891037
YJR121W,YDR072C,0,1.1208636,0.1706036776304245,0.5844155550003052,0.2844284474849701
YGR085C,YPR168W,0,1.1207316,0.17055393755435944,0.5844155550003052,0.2845284640789032
YER101C,YGR292W,0,1.1207142,0.17050422728061676,0.5844155550003052,0.2846284508705139
YML010W,YPL256C,0,1.12028,0.17045454680919647,0.5844155550003052,0.284728467464447
YJL184W,YDR191W,0,1.1196053,0.17040489614009857,0.5844155550003052,0.2848284840583801
YMR236W,YGL162W,0,1.1195322,0.17035527527332306,0.5844155550003052,0.28492850065231323
YKR066C,YKL041W,0,1.1184819,0.17030568420886993,0.5844155550003052,0.28502851724624634
YNR026C,YML025C,0,1.1170945,0.170256108045578,0.5844155550003052,0.28512850403785706
YNR003C,YDL035C,0,1.1167355,0.17020657658576965,0.5844155550003052,0.28522852063179016
YPR204W,YDR364C,0,1.1157031,0.1701570749282837,0.5844155550003052,0.28532853722572327
YJR007W,YIR002C,0,1.1147163,0.17010758817195892,0.5844155550003052,0.28542855381965637
YOL103W,YNR002C,0,1.1146154,0.17005814611911774,0.5844155550003052,0.2855285406112671
YCR028C-A,YDR409W,0,1.1143104,0.17000871896743774,0.5844155550003052,0.2856285572052002
YHR004C,YBL058W,0,1.1133859,0.16995932161808014,0.5844155550003052,0.2857285737991333
YNL128W,YMR269W,0,1.1131172,0.16990996897220612,0.5844155550003052,0.2858285903930664
YBR096W,YAR066W,0,1.1130466,0.1698606312274933,0.5844155550003052,0.2859286069869995
YNL213C,YBL092W,0,1.1130042,0.16981132328510284,0.5844155550003052,0.28602859377861023
YLR057W,YHR018C,0,1.112887,0.1697620451450348,0.5844155550003052,0.28612861037254333
YDL130W,YDR527W,0,1.1125952,0.16971279680728912,0.5844155550003052,0.28622862696647644
YKR018C,YPR192W,0,1.1114869,0.16966357827186584,0.5844155550003052,0.28632864356040955
YJR067C,YDR050C,0,1.110821,0.16961437463760376,0.5844155550003052,0.28642863035202026
YPR182W,YDR038C,0,1.1095558,0.16956521570682526,0.5844155550003052,0.28652864694595337
YLR095C,YNL037C,0,1.1095281,0.16951608657836914,0.5844155550003052,0.2866286635398865
YDR030C,YDR460W,0,1.1086538,0.16946697235107422,0.5844155550003052,0.2867286801338196
YMR314W,YMR088C,0,1.10827,0.16941790282726288,0.5844155550003052,0.2868286967277527
YKL048C,YNL197C,1,1.1079335,0.169658362865448,0.5854145884513855,0.2868286967277527
YDR423C,YPL110C,0,1.107858,0.16960926353931427,0.5854145884513855,0.2869286835193634
YBL071W-A,YJR021C,0,1.1075581,0.16956017911434174,0.5854145884513855,0.2870287001132965
YOR130C,YER185W,0,1.1071031,0.16951113939285278,0.5854145884513855,0.2871287167072296
YPL123C,YNL219C,0,1.1070535,0.16946211457252502,0.5854145884513855,0.2872287333011627
YNL138W,YNL142W,1,1.106655,0.16970223188400269,0.586413562297821,0.2872287333011627
YGL047W,YOR094W,0,1.1063665,0.16965317726135254,0.586413562297821,0.28732872009277344
YNL330C,YKL073W,0,1.1059799,0.16960416734218597,0.586413562297821,0.28742873668670654
YML095C,YGL147C,0,1.1057425,0.1695551723241806,0.586413562297821,0.28752875328063965
YNL238W,YLR406C,0,1.1056182,0.16950620710849762,0.586413562297821,0.28762876987457275
YLL035W,YMR298W,0,1.1056024,0.16945727169513702,0.586413562297821,0.28772878646850586
YGR058W,YER120W,0,1.1046221,0.16940836608409882,0.586413562297821,0.2878287732601166
YDR383C,YPR032W,0,1.1045537,0.169359490275383,0.586413562297821,0.2879287898540497
YOR025W,YJL184W,0,1.1041948,0.16931064426898956,0.586413562297821,0.2880288064479828
YOR270C,YJR090C,0,1.1037791,0.16926182806491852,0.586413562297821,0.2881288230419159
YCR020C,YJL143W,0,1.103427,0.16921302676200867,0.586413562297821,0.2882288098335266
YLR033W,YML019W,0,1.1027329,0.1691642701625824,0.586413562297821,0.2883288264274597
YNL138W,YER183C,0,1.1026628,0.16911552846431732,0.586413562297821,0.2884288430213928
YNL264C,YLR393W,0,1.1016408,0.16906681656837463,0.586413562297821,0.2885288596153259
YNL006W,YGL170C,0,1.100621,0.16901813447475433,0.586413562297821,0.28862887620925903
YLR109W,YKR036C,0,1.1005425,0.16896948218345642,0.586413562297821,0.28872886300086975
YAR014C,YGL227W,0,1.0999092,0.1689208596944809,0.586413562297821,0.28882887959480286
YMR278W,YFL053W,0,1.099601,0.16887226700782776,0.586413562297821,0.28892889618873596
YLR228C,YNR039C,0,1.0991871,0.168823704123497,0.586413562297821,0.28902891278266907
YNL284C,YMR136W,0,1.0989548,0.16877515614032745,0.586413562297821,0.2891288995742798
YML110C,YNL093W,0,1.0988292,0.16872665286064148,0.586413562297821,0.2892289161682129
YLL038C,YHR056C,0,1.0980648,0.1686781644821167,0.586413562297821,0.289328932762146
YJR153W,YIL049W,1,1.0978473,0.1689169704914093,0.5874125957489014,0.289328932762146
YKL208W,YDR532C,0,1.0972804,0.16886846721172333,0.5874125957489014,0.2894289493560791
YML012W,YKL059C,0,1.0966315,0.16881997883319855,0.5874125957489014,0.2895289659500122
YLR329W,YGR188C,0,1.096188,0.16877152025699615,0.5874125957489014,0.2896289527416229
YDR251W,YGL190C,1,1.0954483,0.16901004314422607,0.5884115695953369,0.2896289527416229
YPL242C,YOR278W,0,1.0954365,0.1689615547657013,0.5884115695953369,0.28972896933555603
YDR481C,YGL120C,0,1.0954239,0.1689131110906601,0.5884115695953369,0.28982898592948914
YGL249W,YHR153C,0,1.0951991,0.1688646823167801,0.5884115695953369,0.28992900252342224
YJL204C,YER003C,0,1.0948832,0.16881628334522247,0.5884115695953369,0.29002898931503296
YLR448W,YFR005C,0,1.0942917,0.16876791417598724,0.5884115695953369,0.29012900590896606
YKL156W,YOR140W,0,1.0940228,0.1687195599079132,0.5884115695953369,0.29022902250289917
YBL052C,YLR209C,0,1.0940001,0.16867125034332275,0.5884115695953369,0.2903290390968323
YHL001W,YER007W,0,1.0930766,0.1686229556798935,0.5884115695953369,0.2904290556907654
YOR116C,YBL058W,0,1.0925617,0.16857470571994781,0.5884115695953369,0.2905290424823761
YLR128W,YNR006W,0,1.0921946,0.16852647066116333,0.5884115695953369,0.2906290590763092
YGR013W,YIL061C,0,1.0917237,0.16847826540470123,0.5884115695953369,0.2907290756702423
YJR004C,YCL027W,0,1.0910445,0.16843008995056152,0.5884115695953369,0.2908290922641754
YCL026C-B,YNL209W,0,1.090311,0.168381929397583,0.5884115695953369,0.29092907905578613
YDL010W,YJR134C,0,1.0897051,0.16833381354808807,0.5884115695953369,0.29102909564971924
YDR334W,YKL065C,0,1.0886763,0.16828571259975433,0.5884115695953369,0.29112911224365234
YOR371C,YAL041W,1,1.088167,0.16852328181266785,0.5894106030464172,0.29112911224365234
YGL190C,YNL271C,1,1.0868709,0.16876070201396942,0.5904095768928528,0.29112911224365234
YJL101C,YEL070W,0,1.0863007,0.1687125265598297,0.5904095768928528,0.29122912883758545
YOL133W,YIL049W,0,1.0860672,0.1686643809080124,0.5904095768928528,0.29132914543151855
YGL156W,YLR300W,0,1.0857509,0.16861626505851746,0.5904095768928528,0.2914291322231293
YDR424C,YJL140W,0,1.0854938,0.16856816411018372,0.5904095768928528,0.2915291488170624
YBR187W,YBL085W,0,1.0852798,0.16852010786533356,0.5904095768928528,0.2916291654109955
YHR117W,YNL192W,0,1.0847309,0.1684720665216446,0.5904095768928528,0.2917291820049286
YOR020C,YPL255W,0,1.0839007,0.16842405498027802,0.5904095768928528,0.2918291687965393
YHR041C,YMR106C,0,1.0809994,0.16837607324123383,0.5904095768928528,0.2919291853904724
YER109C,YOR032C,1,1.0798925,0.16861292719841003,0.5914086103439331,0.2919291853904724
YKL053C-A,YHR047C,0,1.0792038,0.16856491565704346,0.5914086103439331,0.2920292019844055
YMR268W-A,YKL078W,0,1.0785017,0.16851693391799927,0.5914086103439331,0.2921292185783386
YDR169C,YDR047W,0,1.0784955,0.16846898198127747,0.5914086103439331,0.29222923517227173
YGL150C,YHR079C,0,1.0776061,0.16842105984687805,0.5914086103439331,0.29232922196388245
YPL149W,YIL072W,0,1.0772088,0.16837315261363983,0.5914086103439331,0.29242923855781555
YCL061C,YER162C,0,1.0768793,0.168325275182724,0.5914086103439331,0.29252925515174866
YDR030C,YPL110C,0,1.0767651,0.16827742755413055,0.5914086103439331,0.29262927174568176
YGR284C,YOL052C,0,1.0756298,0.1682296097278595,0.5914086103439331,0.2927292585372925
YGL131C,YBL040C,0,1.0748463,0.16818182170391083,0.5914086103439331,0.2928292751312256
YKR099C-A,YMR165C,0,1.0742748,0.16813404858112335,0.5914086103439331,0.2929292917251587
YDR202C,YLR226W,0,1.0738361,0.16808632016181946,0.5914086103439331,0.2930293083190918
YDR511W,YJL143W,0,1.0736885,0.16803860664367676,0.5914086103439331,0.2931293249130249
YGR086C,YDR421W,0,1.0736821,0.16799092292785645,0.5914086103439331,0.2932293117046356
YDR099W,YAL041W,1,1.0729451,0.168226957321167,0.5924075841903687,0.2932293117046356
YBR186W,YLL050C,0,1.072875,0.1681792438030243,0.5924075841903687,0.2933293282985687
YOL021C,YLR450W,0,1.072736,0.16813156008720398,0.5924075841903687,0.29342934489250183
YDR251W,YKL149C,1,1.0722966,0.16836734116077423,0.593406617641449,0.29342934489250183
YOR039W,YDL164C,0,1.0718598,0.16831964254379272,0.593406617641449,0.29352936148643494
YDR316W,YER183C,0,1.0709708,0.1682719588279724,0.593406617641449,0.29362934827804565
YLR312C-B,YNL119W,1,1.0708072,0.16850750148296356,0.5944055914878845,0.29362934827804565
YOR035C,YJL085W,0,1.0706778,0.16845980286598206,0.5944055914878845,0.29372936487197876
YJL030W,YLR314C,0,1.0700126,0.16841211915016174,0.5944055914878845,0.29382938146591187
YLR353W,YIL049W,1,1.068029,0.1686474233865738,0.5954046249389648,0.29382938146591187
YKL094W,YDR409W,0,1.067109,0.1685997098684311,0.5954046249389648,0.29392939805984497
YPL123C,YDR297W,0,1.0660405,0.16855204105377197,0.5954046249389648,0.2940294146537781
YBR001C,YKL089W,0,1.0657165,0.16850438714027405,0.5954046249389648,0.2941294014453888
YGR134W,YCL004W,0,1.0651379,0.16845674812793732,0.5954046249389648,0.2942294180393219
YPR047W,YMR200W,0,1.0648003,0.16840915381908417,0.5954046249389648,0.294329434633255
YBR126C,YIL061C,0,1.064737,0.1683615893125534,0.5954046249389648,0.2944294512271881
YJL221C,YDL007W,0,1.0644577,0.16831403970718384,0.5954046249389648,0.2945294678211212
YDR477W,YCR038C,1,1.0633173,0.1685488373041153,0.5964035987854004,0.2945294678211212
YDL028C,YCL032W,0,1.063007,0.16850127279758453,0.5964035987854004,0.29462945461273193
YCR042C,YHL047C,0,1.0614938,0.16845372319221497,0.5964035987854004,0.29472947120666504
YGR275W,YLR219W,0,1.0613973,0.16840620338916779,0.5964035987854004,0.29482948780059814
YKR048C,YHR079C-A,0,1.0613414,0.168358713388443,0.5964035987854004,0.29492950439453125
YER036C,YOR315W,0,1.0612121,0.1683112531900406,0.5964035987854004,0.29502949118614197
YKR060W,YPL015C,0,1.0604382,0.16826380789279938,0.5964035987854004,0.2951295077800751
YKR061W,YOL117W,0,1.0601304,0.16821639239788055,0.5964035987854004,0.2952295243740082
YGR258C,YPR181C,0,1.060039,0.16816900670528412,0.5964035987854004,0.2953295409679413
YIL109C,YDR400W,0,1.0594366,0.16812165081501007,0.5964035987854004,0.2954295575618744
YCR024C-A,YLL034C,0,1.0592992,0.1680743247270584,0.5964035987854004,0.2955295443534851
YJR121W,YPL019C,0,1.0591599,0.16802701354026794,0.5964035987854004,0.2956295609474182
YOR032C,YNL271C,1,1.058642,0.1682611107826233,0.5974025726318359,0.2956295609474182
YGR166W,YGR070W,0,1.0581758,0.16821378469467163,0.5974025726318359,0.2957295775413513
YDL040C,YIL126W,0,1.0574647,0.16816647350788116,0.5974025726318359,0.2958295941352844
YKL048C,YDR043C,1,1.056063,0.1684003323316574,0.5984016060829163,0.2958295941352844
YIR034C,YER042W,0,1.0546976,0.16835300624370575,0.5984016060829163,0.29592958092689514
YBR036C,YOR168W,0,1.0539914,0.16830570995807648,0.5984016060829163,0.29602959752082825
YHR016C,YOR288C,0,1.0527039,0.1682584285736084,0.5984016060829163,0.29612961411476135
YOR036W,YJL081C,0,1.0514572,0.1682111769914627,0.5984016060829163,0.29622963070869446
YIR021W,YLR078C,0,1.0510411,0.1681639552116394,0.5984016060829163,0.29632964730262756
YLR216C,YMR005W,0,1.0510268,0.1681167483329773,0.5984016060829163,0.2964296340942383
YOL066C,YJL095W,0,1.0500848,0.16806958615779877,0.5984016060829163,0.2965296506881714
YOR120W,YKL003C,0,1.0500014,0.16802243888378143,0.5984016060829163,0.2966296672821045
YHR099W,YCL063W,0,1.0499191,0.1679753214120865,0.5984016060829163,0.2967296838760376
YIL113W,YDL052C,0,1.0497591,0.16792823374271393,0.5984016060829163,0.2968296706676483
YBR273C,YGL251C,0,1.0488312,0.16788116097450256,0.5984016060829163,0.2969296872615814
YJR078W,YLR368W,0,1.0488055,0.16783413290977478,0.5984016060829163,0.2970297038555145
YMR019W,YPL128C,0,1.0483152,0.1677871197462082,0.5984016060829163,0.29712972044944763
YCL069W,YBR160W,0,1.0482544,0.1677401214838028,0.5984016060829163,0.29722973704338074
YGL043W,YLR355C,0,1.048156,0.16769316792488098,0.5984016060829163,0.29732972383499146
YHR004C,YGR062C,0,1.0477179,0.16764622926712036,0.5984016060829163,0.29742974042892456
YBR236C,YIR015W,0,1.0472542,0.16759933531284332,0.5984016060829163,0.29752975702285767
YNL197C,YLR353W,1,1.0471292,0.1678321659564972,0.5994005799293518,0.29752975702285767
YKL056C,YNL047C,0,1.0453308,0.16778524219989777,0.5994005799293518,0.29762977361679077
YNL271C,YDL035C,1,1.0451086,0.1680178940296173,0.6003996133804321,0.29762977361679077
YNL050C,YDR285W,0,1.0450206,0.1679709404706955,0.6003996133804321,0.2977297604084015
YBL004W,YFR051C,0,1.0448883,0.16792400181293488,0.6003996133804321,0.2978297770023346
YCR098C,YDR017C,0,1.0442854,0.16787709295749664,0.6003996133804321,0.2979297935962677
YKR086W,YHR005C-A,0,1.0435848,0.1678302139043808,0.6003996133804321,0.2980298101902008
YMR033W,YGL010W,0,1.0434997,0.16778336465358734,0.6003996133804321,0.2981298267841339
YGL059W,YGR112W,0,1.0434339,0.16773653030395508,0.6003996133804321,0.29822981357574463
YFL022C,YOL064C,0,1.0426112,0.1676897257566452,0.6003996133804321,0.29832983016967773
YMR034C,YPR151C,0,1.0424017,0.16764295101165771,0.6003996133804321,0.29842984676361084
YPL055C,YAL009W,0,1.0405601,0.16759620606899261,0.6003996133804321,0.29852986335754395
YDR477W,YKL048C,1,1.0404875,0.1678282618522644,0.6013985872268677,0.29852986335754395
YNL202W,YNL259C,0,1.0403281,0.16778148710727692,0.6013985872268677,0.29862985014915466
YPL206C,YOR064C,0,1.0394751,0.16773474216461182,0.6013985872268677,0.29872986674308777
YML018C,YDR380W,0,1.038425,0.1676880270242691,0.6013985872268677,0.2988298833370209
YLR136C,YER017C,0,1.0379965,0.16764132678508759,0.6013985872268677,0.298929899930954
YMR060C,YMR088C,0,1.0377855,0.16759465634822845,0.6013985872268677,0.2990299165248871
YMR109W,YPL123C,0,1.0374856,0.1675480157136917,0.6013985872268677,0.2991299033164978
YFL053W,YBL011W,0,1.0373578,0.16750138998031616,0.6013985872268677,0.2992299199104309
YML029W,YHR029C,0,1.0365746,0.167454794049263,0.6013985872268677,0.299329936504364
YIL048W,YER165W,0,1.0349859,0.16740822792053223,0.6013985872268677,0.2994299530982971
YLR035C,YLR421C,0,1.0348516,0.16736169159412384,0.6013985872268677,0.29952993988990784
YHR011W,YNL068C,1,1.0346395,0.1675931066274643,0.602397620677948,0.29952993988990784
YOR269W,YLR040C,0,1.0340331,0.16754654049873352,0.602397620677948,0.29962995648384094
YDR432W,YMR016C,1,1.0339966,0.16777777671813965,0.6033965945243835,0.29962995648384094
YMR146C,YFR005C,0,1.033767,0.1677311807870865,0.6033965945243835,0.29972997307777405
YDR487C,YOL092W,0,1.0337327,0.1676846146583557,0.6033965945243835,0.29982998967170715
YFR015C,YNL015W,0,1.0336897,0.16763807833194733,0.6033965945243835,0.29993000626564026
YDR062W,YDR497C,0,1.0334803,0.16759157180786133,0.6033965945243835,0.300029993057251
YOR251C,YDL051W,0,1.0318899,0.16754508018493652,0.6033965945243835,0.3001300096511841
YNL001W,YER177W,1,1.0317824,0.1677759289741516,0.6043956279754639,0.3001300096511841
YDR352W,YPR163C,0,1.0311675,0.1677294224500656,0.6043956279754639,0.3002300262451172
YNL098C,YMR164C,1,1.0309218,0.16796009242534637,0.6053946018218994,0.3002300262451172
YNL279W,YPR066W,0,1.0302464,0.167913556098938,0.6053946018218994,0.3003300428390503
YHR179W,YLL035W,0,1.0296849,0.1678670346736908,0.6053946018218994,0.300430029630661
YNL138W,YHR143W,1,1.0286226,0.16809748113155365,0.6063936352729797,0.300430029630661
YPL091W,YHR025W,0,1.028616,0.16805094480514526,0.6063936352729797,0.3005300462245941
YLR201C,YGL134W,0,1.0276479,0.16800442337989807,0.6063936352729797,0.3006300628185272
YER177W,YKL043W,1,1.0275216,0.16823464632034302,0.6073926091194153,0.3006300628185272
YMR006C,YML081C-A,0,1.0268421,0.16818810999393463,0.6073926091194153,0.3007300794124603
YJR056C,YLR204W,0,1.0268307,0.16814158856868744,0.6073926091194153,0.30083009600639343
YNL209W,YDR473C,0,1.0267416,0.16809511184692383,0.6073926091194153,0.30093008279800415
YGR124W,YDL061C,0,1.0260493,0.1680486500263214,0.6073926091194153,0.30103009939193726
YMR233W,YDL051W,0,1.0246936,0.1680022031068802,0.6073926091194153,0.30113011598587036
YCL031C,YER086W,0,1.0244249,0.16795580089092255,0.6073926091194153,0.30123013257980347
YGL223C,YKL171W,0,1.024424,0.1679094135761261,0.6073926091194153,0.3013301193714142
YAL041W,YDR379W,1,1.0239491,0.16813914477825165,0.6083915829658508,0.3013301193714142
YKL152C,YPL252C,0,1.0226939,0.168092742562294,0.6083915829658508,0.3014301359653473
YGL008C,YHL034C,0,1.0224695,0.16804635524749756,0.6083915829658508,0.3015301525592804
YLR448W,YML025C,0,1.0213273,0.1679999977350235,0.6083915829658508,0.3016301691532135
YDR477W,YOR127W,1,1.0208284,0.16822946071624756,0.6093906164169312,0.3016301691532135
YJL204C,YOR375C,0,1.0207388,0.1681830734014511,0.6093906164169312,0.3017301857471466
YOL090W,YKR006C,0,1.0201585,0.16813671588897705,0.6093906164169312,0.3018301725387573
YNL007C,YIL136W,0,1.0201445,0.16809038817882538,0.6093906164169312,0.30193018913269043
YLR406C,YNL095C,0,1.0199354,0.1680440753698349,0.6093906164169312,0.30203020572662354
YMR308C,YJR158W,0,1.0199299,0.1679977923631668,0.6093906164169312,0.30213022232055664
YKR055W,YER098W,0,1.0197202,0.1679515391588211,0.6093906164169312,0.30223020911216736
YCR029C-A,YFR003C,0,1.0195242,0.1679053157567978,0.6093906164169312,0.30233022570610046
YPR113W,YGR034W,0,1.0190499,0.16785910725593567,0.6093906164169312,0.30243024230003357
YDR540C,YDR252W,0,1.0189651,0.16781292855739594,0.6093906164169312,0.3025302588939667
YBR098W,YDR409W,0,1.0173523,0.1677667796611786,0.6093906164169312,0.3026302754878998
YMR228W,YAL063C,0,1.0173378,0.16772064566612244,0.6093906164169312,0.3027302622795105
YJR044C,YGR238C,0,1.0170796,0.16767454147338867,0.6093906164169312,0.3028302788734436
YPR016C,YBL060W,0,1.0170196,0.1676284670829773,0.6093906164169312,0.3029302954673767
YMR121C,YDR137W,0,1.016908,0.1675824224948883,0.6093906164169312,0.3030303120613098
YBL011W,YAL025C,0,1.0169054,0.1675363928079605,0.6093906164169312,0.30313029885292053
YJL157C,YCR088W,0,1.0168189,0.1674903929233551,0.6093906164169312,0.30323031544685364
YPR080W,YPL016W,0,1.0162725,0.1674444079399109,0.6093906164169312,0.30333033204078674
YPL228W,YHR181W,0,1.0154759,0.16739846765995026,0.6093906164169312,0.30343034863471985
YLR316C,YCR088W,0,1.0151706,0.16735254228115082,0.6093906164169312,0.30353036522865295
YKR069W,YNL261W,0,1.014483,0.16730663180351257,0.6093906164169312,0.30363035202026367
YIR028W,YPL122C,0,1.0144751,0.1672607660293579,0.6093906164169312,0.3037303686141968
YIL122W,YDR392W,0,1.0135819,0.16721491515636444,0.6093906164169312,0.3038303852081299
YKR019C,YJR083C,0,1.0121163,0.16716909408569336,0.6093906164169312,0.303930401802063
YHR167W,YLR107W,0,1.0120579,0.16712328791618347,0.6093906164169312,0.3040303885936737
YBR128C,YOR118W,0,1.0104893,0.16707751154899597,0.6093906164169312,0.3041304051876068
YBL106C,YJL109C,0,1.0098515,0.16703176498413086,0.6093906164169312,0.3042304217815399
YGL187C,YHR029C,0,1.0092415,0.16698603332042694,0.6093906164169312,0.304330438375473
YDR151C,YOR388C,0,1.0091966,0.1669403463602066,0.6093906164169312,0.30443045496940613
YDL069C,YDR436W,0,1.0087994,0.16689465939998627,0.6093906164169312,0.30453044176101685
YIR010W,YBR058C-A,0,1.0087675,0.1668490171432495,0.6093906164169312,0.30463045835494995
YJL020C,YPL152W,0,1.0085219,0.16680338978767395,0.6093906164169312,0.30473047494888306
YMR056C,YKL220C,0,1.0085118,0.16675779223442078,0.6093906164169312,0.30483049154281616
YFR052W,YER153C,0,1.0081258,0.1667122095823288,0.6093906164169312,0.3049304783344269
YBR035C,YIL010W,0,1.0081097,0.1666666716337204,0.6093906164169312,0.30503049492836
YIR009W,YOR239W,0,1.008088,0.1666211485862732,0.6093906164169312,0.3051305115222931
YLR256W,YNL080C,0,1.0078561,0.16657564043998718,0.6093906164169312,0.3052305281162262
YOL067C,YHL007C,0,1.0074067,0.16653016209602356,0.6093906164169312,0.3053305447101593
YGL157W,YMR283C,0,1.007122,0.16648471355438232,0.6093906164169312,0.30543053150177
YNL079C,YER118C,1,1.00653,0.16671213507652283,0.6103895902633667,0.30543053150177
YJR001W,YML115C,0,1.006447,0.1666666716337204,0.6103895902633667,0.3055305480957031
YIL131C,YDL024C,1,1.0061641,0.16689391434192657,0.611388623714447,0.3055305480957031
YPL227C,YGL090W,0,1.005326,0.16684842109680176,0.611388623714447,0.30563056468963623
YGL180W,YLR192C,0,1.0051996,0.16680294275283813,0.611388623714447,0.30573058128356934
YNL314W,YLR405W,0,1.004981,0.1667574942111969,0.611388623714447,0.30583059787750244
YGL060W,YDR003W,0,1.0041373,0.16671206057071686,0.611388623714447,0.30593058466911316
YDL069C,YOR094W,0,1.0032938,0.1666666716337204,0.611388623714447,0.30603060126304626
YOR332W,YBR176W,0,1.0028436,0.16662129759788513,0.611388623714447,0.30613061785697937
YIL140W,YMR004W,0,1.0024905,0.16657593846321106,0.611388623714447,0.3062306344509125
YBR288C,YNL236W,0,1.0021429,0.16653060913085938,0.611388623714447,0.3063306212425232
YNL138W,YKL048C,1,1.0016487,0.16675734519958496,0.6123875975608826,0.3063306212425232
YCR073C,YDR240C,0,0.99873656,0.1667119860649109,0.6123875975608826,0.3064306378364563
YDR486C,YOR297C,0,0.9981261,0.1666666716337204,0.6123875975608826,0.3065306544303894
YDR036C,YGL086W,0,0.9978986,0.1666213572025299,0.6123875975608826,0.3066306710243225
YMR022W,YLL052C,0,0.9973383,0.166576087474823,0.6123875975608826,0.3067306876182556
YMR238W,YDL101C,0,0.99715686,0.16653083264827728,0.6123875975608826,0.30683067440986633
YMR173W,YGR085C,0,0.99703217,0.16648560762405396,0.6123875975608826,0.30693069100379944
YDR104C,YOR275C,0,0.9964011,0.16644039750099182,0.6123875975608826,0.30703070759773254
YER050C,YLR213C,0,0.99624956,0.16639521718025208,0.6123875975608826,0.30713072419166565
YBR084C-A,YDR096W,0,0.99605983,0.16635006666183472,0.6123875975608826,0.30723071098327637
YFR037C,YLR174W,0,0.9951232,0.16630493104457855,0.6123875975608826,0.3073307275772095
YDR316W,YBR081C,0,0.99480164,0.16625982522964478,0.6123875975608826,0.3074307441711426
YDR369C,YDR358W,0,0.99475384,0.1662147492170334,0.6123875975608826,0.3075307607650757
YKL084W,YMR075W,0,0.994455,0.1661696881055832,0.6123875975608826,0.3076307773590088
YBR171W,YLR178C,0,0.99438053,0.16612465679645538,0.6123875975608826,0.3077307641506195
YMR164C,YLR362W,1,0.9943286,0.1663505882024765,0.6133866310119629,0.3077307641506195
YHR031C,YGR268C,0,0.993882,0.1663055270910263,0.6133866310119629,0.3078307807445526
YPL081W,YMR070W,0,0.9934999,0.1662604957818985,0.6133866310119629,0.3079307973384857
YDR314C,YDL191W,0,0.9932593,0.16621547937393188,0.6133866310119629,0.3080308139324188
YHR073W,YDL024C,1,0.99309134,0.1664411425590515,0.6143856048583984,0.3080308139324188
YDR012W,YIL101C,0,0.99246824,0.1663961112499237,0.6143856048583984,0.30813080072402954
YHR186C,YLR079W,0,0.99240786,0.1663510948419571,0.6143856048583984,0.30823081731796265
YJL158C,YLR164W,0,0.9920346,0.16630610823631287,0.6143856048583984,0.30833083391189575
YDR197W,YCR027C,0,0.9920148,0.16626115143299103,0.6143856048583984,0.30843085050582886
YLR098C,YCL026C-A,0,0.9920068,0.16621620953083038,0.6143856048583984,0.30853086709976196
YDL059C,YLR166C,0,0.99144936,0.16617131233215332,0.6143856048583984,0.3086308538913727
YGR056W,YFL041W,0,0.9911636,0.16612641513347626,0.6143856048583984,0.3087308704853058
YHR136C,YDR454C,0,0.99081534,0.16608156263828278,0.6143856048583984,0.3088308870792389
YML032C,YDR031W,0,0.9904196,0.1660367101430893,0.6143856048583984,0.308930903673172
YDR432W,YAL041W,1,0.9902163,0.16626180708408356,0.6153846383094788,0.308930903673172
YGL089C,YKR054C,0,0.99005693,0.16621693968772888,0.6153846383094788,0.3090308904647827
YGL190C,YHR084W,1,0.9894695,0.16644187271595,0.6163836121559143,0.3090308904647827
YGR135W,YDL227C,0,0.9890994,0.16639697551727295,0.6163836121559143,0.3091309070587158
YDR052C,YGR277C,0,0.988406,0.16635212302207947,0.6163836121559143,0.3092309236526489
YPL104W,YDR099W,0,0.98818517,0.166307270526886,0.6163836121559143,0.30933094024658203
YOR354C,YDR519W,0,0.9876975,0.1662624627351761,0.6163836121559143,0.30943095684051514
YDR294C,YPL046C,0,0.98659897,0.16621766984462738,0.6163836121559143,0.30953094363212585
YMR287C,YGL191W,0,0.98638844,0.16617290675640106,0.6163836121559143,0.30963096022605896
YAR035W,YBR296C,0,0.9862284,0.16612815856933594,0.6163836121559143,0.30973097681999207
YKL222C,YAL039C,0,0.9854431,0.1660834401845932,0.6163836121559143,0.30983099341392517
YPR196W,YFL053W,0,0.98507863,0.16603875160217285,0.6163836121559143,0.3099309802055359
YGL150C,YER148W,0,0.9844192,0.1659940779209137,0.6163836121559143,0.310030996799469
YJR093C,YLR206W,0,0.9829985,0.16594943404197693,0.6163836121559143,0.3101310133934021
YLR095C,YHR079C-A,0,0.9829433,0.16590481996536255,0.6163836121559143,0.3102310299873352
YBR030W,YJR155W,0,0.9828571,0.16586022078990936,0.6163836121559143,0.3103310465812683
YDL159W,YDR251W,1,0.9827533,0.1660843789577484,0.6173826456069946,0.3103310465812683
YOR275C,YBR084W,0,0.98232543,0.16603976488113403,0.6173826456069946,0.31043103337287903
YNL079C,YLR362W,1,0.9820234,0.16626375913619995,0.6183816194534302,0.31043103337287903
YKL178C,YDR524C,0,0.9819802,0.16621911525726318,0.6183816194534302,0.31053104996681213
YPR025C,YOR221C,0,0.98070395,0.1661745011806488,0.6183816194534302,0.31063106656074524
YLR289W,YPL213W,0,0.9806547,0.16612990200519562,0.6183816194534302,0.31073108315467834
YDR144C,YKR025W,0,0.98036045,0.16608531773090363,0.6183816194534302,0.31083106994628906
YPL082C,YPR119W,0,0.9802625,0.16604077816009521,0.6183816194534302,0.31093108654022217
YKL185W,YHR084W,1,0.97981274,0.16626441478729248,0.6193805932998657,0.31093108654022217
YKL049C,YHR042W,0,0.9791315,0.16621984541416168,0.6193805932998657,0.3110311031341553
YJL065C,YGL039W,0,0.979094,0.16617529094219208,0.6193805932998657,0.3111311197280884
YAL021C,YKL221W,0,0.97851264,0.16613076627254486,0.6193805932998657,0.3112311363220215
YLR028C,YCR042C,0,0.9779203,0.16608625650405884,0.6193805932998657,0.3113311231136322
YGL222C,YDR014W,0,0.97776234,0.1660417765378952,0.6193805932998657,0.3114311397075653
YPL122C,YHR018C,0,0.9771581,0.16599732637405396,0.6193805932998657,0.3115311563014984
YNL192W,YOL117W,0,0.9762012,0.1659528911113739,0.6193805932998657,0.3116311728954315
YER144C,YKR048C,0,0.976083,0.16590848565101624,0.6193805932998657,0.31173115968704224
YIL074C,YMR268W-A,0,0.97606957,0.16586409509181976,0.6193805932998657,0.31183117628097534
YER164W,YLR170C,0,0.97569597,0.16581973433494568,0.6193805932998657,0.31193119287490845
YJL047C,YEL055C,0,0.97519946,0.16577540338039398,0.6193805932998657,0.31203120946884155
YOR310C,YDR453C,0,0.97448915,0.16573108732700348,0.6193805932998657,0.31213122606277466
YBR203W,YJR140C,0,0.9743407,0.16568680107593536,0.6193805932998657,0.3122312128543854
YER083C,YGL112C,0,0.97423863,0.16564252972602844,0.6193805932998657,0.3123312294483185
YBR066C,YDR304C,0,0.97379416,0.1655982881784439,0.6193805932998657,0.3124312460422516
YIL009C-A,YML125C,0,0.9736694,0.16555407643318176,0.6193805932998657,0.3125312626361847
YNL290W,YGR089W,0,0.97359335,0.1655098795890808,0.6193805932998657,0.3126312494277954
YLR214W,YKR030W,0,0.97271764,0.16546571254730225,0.6193805932998657,0.3127312660217285
YOR077W,YOR080W,0,0.9716979,0.16542156040668488,0.6193805932998657,0.3128312826156616
YNR049C,YJL066C,0,0.97146064,0.1653774380683899,0.6193805932998657,0.3129312992095947
YMR260C,YCR011C,0,0.96913403,0.1653333306312561,0.6193805932998657,0.31303131580352783
YHR164C,YPR042C,0,0.969127,0.1652892529964447,0.6193805932998657,0.31313130259513855
YMR314W,YKR009C,0,0.9685586,0.1652452051639557,0.6193805932998657,0.31323131918907166
YER154W,YPR102C,0,0.96839654,0.16520117223262787,0.6193805932998657,0.31333133578300476
YDL015C,YKL143W,0,0.96826494,0.16515716910362244,0.6193805932998657,0.31343135237693787
YER089C,YFL018C,0,0.96796185,0.1651131808757782,0.6193805932998657,0.3135313391685486
YPL218W,YBL042C,0,0.9677559,0.16506922245025635,0.6193805932998657,0.3136313557624817
YDR096W,YDR484W,0,0.9673586,0.1650252789258957,0.6193805932998657,0.3137313723564148
YLL021W,YMR016C,1,0.9671948,0.16524747014045715,0.620379626750946,0.3137313723564148
YFL018C,YMR029C,0,0.9667665,0.1652035117149353,0.620379626750946,0.3138313889503479
YGL172W,YBR177C,0,0.9665258,0.16515956819057465,0.620379626750946,0.313931405544281
YBR139W,YHR066W,0,0.96616465,0.16511565446853638,0.620379626750946,0.3140313923358917
YDL222C,YAL034W-A,0,0.9652395,0.1650717705488205,0.620379626750946,0.31413140892982483
YDR251W,YNL068C,1,0.9652159,0.1652936488389969,0.6213786005973816,0.31413140892982483
YJR155W,YBR215W,0,0.96463156,0.16524973511695862,0.6213786005973816,0.31423142552375793
YJL087C,YEL056W,0,0.96457636,0.16520583629608154,0.6213786005973816,0.31433144211769104
YOR304W,YNL297C,0,0.9645581,0.16516198217868805,0.6213786005973816,0.31443142890930176
YIR002C,YDR349C,0,0.9630992,0.16511812806129456,0.6213786005973816,0.31453144550323486
YGL120C,YNL322C,0,0.9628866,0.16507430374622345,0.6213786005973816,0.31463146209716797
YOR116C,YKR010C,0,0.9616895,0.16503050923347473,0.6213786005973816,0.3147314786911011
YAR018C,YDR414C,0,0.96155405,0.1649867445230484,0.6213786005973816,0.3148314952850342
YBR257W,YCR034W,0,0.95995796,0.16494297981262207,0.6213786005973816,0.3149314820766449
YOR240W,YPL119C,0,0.959175,0.16489925980567932,0.6213786005973816,0.315031498670578
YDR144C,YMR270C,0,0.9585116,0.16485555469989777,0.6213786005973816,0.3151315152645111
YEL061C,YKL085W,0,0.95797455,0.1648118644952774,0.6213786005973816,0.3152315318584442
YMR238W,YNL142W,1,0.9576102,0.16503311693668365,0.6223776340484619,0.3152315318584442
YEL065W,YPL172C,0,0.9571835,0.1649894118309021,0.6223776340484619,0.31533151865005493
YIL009C-A,YPL030W,0,0.9571237,0.16494572162628174,0.6223776340484619,0.31543153524398804
YOL158C,YLR201C,0,0.95666474,0.16490206122398376,0.6223776340484619,0.31553155183792114
YMR301C,YOR106W,0,0.95653343,0.16485843062400818,0.6223776340484619,0.31563156843185425
YMR268C,YNR073C,0,0.9561347,0.1648148149251938,0.6223776340484619,0.31573158502578735
YJR053W,YOL102C,0,0.956119,0.16477122902870178,0.6223776340484619,0.31583157181739807
YOL067C,YMR267W,0,0.9557631,0.16472765803337097,0.6223776340484619,0.3159315884113312
YDR141C,YMR287C,0,0.9550252,0.16468411684036255,0.6223776340484619,0.3160316050052643
YLR332W,YDL070W,0,0.95424974,0.16464059054851532,0.6223776340484619,0.3161316215991974
YPL046C,YML010W,0,0.9537935,0.16459709405899048,0.6223776340484619,0.3162316083908081
YDR495C,YKL056C,0,0.95283735,0.16455361247062683,0.6223776340484619,0.3163316249847412
YHR117W,YLR308W,0,0.9518775,0.16451016068458557,0.6223776340484619,0.3164316415786743
YJR090C,YDL082W,0,0.95101565,0.1644667387008667,0.6223776340484619,0.3165316581726074
YAL040C,YLR410W,0,0.95077163,0.16442333161830902,0.6223776340484619,0.3166316747665405
YPL259C,YIL160C,0,0.95038897,0.16437995433807373,0.6223776340484619,0.31673166155815125
YPR185W,YGR089W,0,0.95038843,0.16433659195899963,0.6223776340484619,0.31683167815208435
YGL175C,YGR229C,0,0.95015657,0.16429324448108673,0.6223776340484619,0.31693169474601746
YLR206W,YEL071W,0,0.95008695,0.16424992680549622,0.6223776340484619,0.31703171133995056
YPL115C,YJR147W,1,0.9485374,0.16447021067142487,0.6233766078948975,0.31703171133995056
YDR107C,YAL056W,1,0.94825506,0.16469037532806396,0.6243756413459778,0.31703171133995056
YBR080C,YGR192C,0,0.94790834,0.16464699804782867,0.6243756413459778,0.31713172793388367
YNL175C,YOR295W,0,0.94731337,0.16460363566875458,0.6243756413459778,0.3172317147254944
YOR298C-A,YNL008C,0,0.9467624,0.16456028819084167,0.6243756413459778,0.3173317313194275
YIL129C,YDR202C,0,0.94670355,0.16451698541641235,0.6243756413459778,0.3174317479133606
YGR257C,YPL211W,0,0.9461192,0.16447368264198303,0.6243756413459778,0.3175317645072937
YCR072C,YIL160C,0,0.9459116,0.1644304096698761,0.6243756413459778,0.3176317512989044
YER088C,YKL211C,0,0.9457314,0.16438716650009155,0.6243756413459778,0.3177317678928375
YMR302C,YGL084C,0,0.94548166,0.1643439382314682,0.6243756413459778,0.31783178448677063
YLL036C,YLL005C,0,0.9446317,0.16430073976516724,0.6243756413459778,0.31793180108070374
YNL175C,YPL027W,0,0.94431436,0.16425755620002747,0.6243756413459778,0.31803181767463684
YPL011C,YNL245C,0,0.94356275,0.16421440243721008,0.6243756413459778,0.31813180446624756
YDR037W,YCR012W,0,0.9432993,0.1641712635755539,0.6243756413459778,0.31823182106018066
YER112W,YER051W,0,0.94187015,0.1641281545162201,0.6243756413459778,0.31833183765411377
YJR067C,YBR283C,0,0.94136894,0.16408506035804749,0.6243756413459778,0.3184318542480469
YMR068W,YDR473C,0,0.9407278,0.16404199600219727,0.6243756413459778,0.3185318410396576
YBL028C,YGR002C,0,0.94055367,0.16399894654750824,0.6243756413459778,0.3186318576335907
YDL099W,YMR106C,0,0.9396975,0.1639559268951416,0.6243756413459778,0.3187318742275238
YBL101C,YDL168W,0,0.9394872,0.16391292214393616,0.6243756413459778,0.3188318908214569
YGR218W,YLR306W,0,0.93897825,0.1638699471950531,0.6243756413459778,0.31893190741539
YPR023C,YJL206C,0,0.93808246,0.16382700204849243,0.6243756413459778,0.31903189420700073
YLR066W,YDL136W,0,0.9375884,0.16378407180309296,0.6243756413459778,0.31913191080093384
YMR260C,YBL084C,0,0.93723774,0.16374115645885468,0.6243756413459778,0.31923192739486694
YMR217W,YLR424W,0,0.93622756,0.16369827091693878,0.6243756413459778,0.31933194398880005
YDL150W,YJR083C,0,0.9355524,0.16365540027618408,0.6243756413459778,0.31943193078041077
YNL147W,YEL069C,0,0.9352883,0.16361255943775177,0.6243756413459778,0.31953194737434387
YMR013C,YOR140W,0,0.9352245,0.16356974840164185,0.6243756413459778,0.319631963968277
YPR185W,YML088W,0,0.93499243,0.16352695226669312,0.6243756413459778,0.3197319805622101
YLR424W,YHR072W,0,0.93485475,0.16348417103290558,0.6243756413459778,0.3198319971561432
YER180C,YNL101W,0,0.9342977,0.16344141960144043,0.6243756413459778,0.3199319839477539
YIL078W,YNL162W,0,0.9342179,0.16339869797229767,0.6243756413459778,0.320032000541687
YGL125W,YOR147W,0,0.9331985,0.1633559912443161,0.6243756413459778,0.3201320171356201
YLR419W,YBR077C,0,0.9325936,0.16331329941749573,0.6243756413459778,0.3202320337295532
YJR139C,YNR027W,0,0.931901,0.16327063739299774,0.6243756413459778,0.32033202052116394
YKL015W,YDL126C,0,0.93077105,0.16322799026966095,0.6243756413459778,0.32043203711509705
YFR015C,YDL033C,0,0.9305302,0.16318537294864655,0.6243756413459778,0.32053205370903015
YCR028C,YFL024C,0,0.92997146,0.16314278542995453,0.6243756413459778,0.32063207030296326
YOR044W,YCR027C,0,0.9296045,0.1631002128124237,0.6243756413459778,0.32073208689689636
YDR424C,YNL147W,0,0.92913973,0.16305765509605408,0.6243756413459778,0.3208320736885071
YDL164C,YPR049C,0,0.9281186,0.16301512718200684,0.6243756413459778,0.3209320902824402
YHL007C,YHR084W,1,0.9267686,0.16323336958885193,0.6253746151924133,0.3209320902824402
YGL172W,YLR027C,0,0.9265499,0.1631908267736435,0.6253746151924133,0.3210321068763733
YER046W,YPR082C,0,0.92519635,0.16314829885959625,0.6253746151924133,0.3211321234703064
YLR214W,YHR058C,0,0.9251168,0.1631057858467102,0.6253746151924133,0.3212321102619171
YDR487C,YOL019W,0,0.92488337,0.16306330263614655,0.6253746151924133,0.3213321268558502
YBR079C,YER166W,0,0.9240445,0.16302083432674408,0.6253746151924133,0.3214321434497833
YJL129C,YDR055W,0,0.9237304,0.162978395819664,0.6253746151924133,0.32153216004371643
YHR062C,YMR287C,0,0.92346495,0.16293597221374512,0.6253746151924133,0.32163217663764954
YDR501W,YMR065W,0,0.9234388,0.16289357841014862,0.6253746151924133,0.32173216342926025
YBR079C,YJL143W,0,0.92316186,0.16285119950771332,0.6253746151924133,0.32183218002319336
YOR285W,YPL244C,0,0.92283595,0.1628088355064392,0.6253746151924133,0.32193219661712646
YOL102C,YLR110C,0,0.92257166,0.16276651620864868,0.6253746151924133,0.32203221321105957
YMR024W,YER157W,0,0.92254347,0.16272419691085815,0.6253746151924133,0.3221322000026703
YJR153W,YGL190C,1,0.922332,0.16294178366661072,0.6263736486434937,0.3221322000026703
YIL021W,YBR167C,0,0.92215765,0.162899449467659,0.6263736486434937,0.3222322165966034
YKL218C,YCL030C,0,0.9211624,0.16285714507102966,0.6263736486434937,0.3223322331905365
YML069W,YBR273C,0,0.9210491,0.16281485557556152,0.6263736486434937,0.3224322497844696
YKL172W,YPL112C,0,0.9209089,0.16277258098125458,0.6263736486434937,0.3225322663784027
YDR347W,YDR099W,0,0.92037,0.16273033618927002,0.6263736486434937,0.3226322531700134
YNL275W,YGL211W,0,0.9192596,0.16268812119960785,0.6263736486434937,0.32273226976394653
YOL067C,YMR022W,0,0.91849923,0.16264592111110687,0.6263736486434937,0.32283228635787964
YLR134W,YKR039W,0,0.91775644,0.1626037359237671,0.6263736486434937,0.32293230295181274
YER109C,YDL035C,1,0.9148687,0.16282084584236145,0.6273726224899292,0.32293230295181274
YBR052C,YBR258C,0,0.91463387,0.16277864575386047,0.6273726224899292,0.32303228974342346
YGR128C,YNR073C,0,0.9139878,0.1627364605665207,0.6273726224899292,0.32313230633735657
YHR052W,YML073C,0,0.9139701,0.1626943051815033,0.6273726224899292,0.3232323229312897
YLR077W,YJL087C,0,0.9133253,0.1626521646976471,0.6273726224899292,0.3233323395252228
YDR196C,YGR133W,0,0.91312814,0.16261005401611328,0.6273726224899292,0.3234323561191559
YDR485C,YLR080W,0,0.9129691,0.16256795823574066,0.6273726224899292,0.3235323429107666
YDL201W,YFR005C,0,0.91277117,0.16252587735652924,0.6273726224899292,0.3236323595046997
YJL066C,YOL147C,0,0.91226673,0.1624838262796402,0.6273726224899292,0.3237323760986328
YAL033W,YGR251W,0,0.9122476,0.16244180500507355,0.6273726224899292,0.3238323926925659
YLR077W,YLR015W,0,0.9122226,0.1623997986316681,0.6273726224899292,0.32393237948417664
YHR074W,YMR214W,0,0.91181564,0.16235780715942383,0.6273726224899292,0.32403239607810974
YHR060W,YJL143W,0,0.9117614,0.16231584548950195,0.6273726224899292,0.32413241267204285
YBR205W,YGL145W,0,0.9117149,0.16227389872074127,0.6273726224899292,0.32423242926597595
YCL057C-A,YER069W,0,0.9112687,0.16223198175430298,0.6273726224899292,0.32433244585990906
YPL189C-A,YDR326C,0,0.91116077,0.16219007968902588,0.6273726224899292,0.3244324326515198
YKL024C,YIR014W,0,0.9111374,0.16214820742607117,0.6273726224899292,0.3245324492454529
YBR177C,YDR318W,0,0.91045827,0.16210635006427765,0.6273726224899292,0.324632465839386
YOL034W,YIR039C,0,0.9092363,0.16206452250480652,0.6273726224899292,0.3247324824333191
YOR201C,YDR195W,0,0.9088743,0.16202270984649658,0.6273726224899292,0.3248324692249298
YLR394W,YBL045C,0,0.9085978,0.16198091208934784,0.6273726224899292,0.3249324858188629
YDR392W,YLR353W,1,0.9085572,0.16219700872898102,0.6283716559410095,0.3249324858188629
YCR087C-A,YML132W,0,0.9085474,0.16215519607067108,0.6283716559410095,0.325032502412796
YLL002W,YOR095C,0,0.9084139,0.16211339831352234,0.6283716559410095,0.3251325190067291
YLR229C,YCR093W,1,0.9081083,0.16232930123806,0.6293706297874451,0.3251325190067291
YHL007C,YHR073W,1,0.9077055,0.1625450849533081,0.6303696036338806,0.3251325190067291
YIL016W,YCL066W,0,0.90741414,0.1625032126903534,0.6303696036338806,0.32523253560066223
YLR074C,YIL079C,0,0.90692765,0.16246138513088226,0.6303696036338806,0.32533252239227295
YPR186C,YER070W,0,0.9068775,0.16241955757141113,0.6303696036338806,0.32543253898620605
YBR260C,YJL087C,0,0.9067443,0.1623777598142624,0.6303696036338806,0.32553255558013916
YBL101C,YFL055W,0,0.90651745,0.16233599185943604,0.6303696036338806,0.32563257217407227
YOR304W,YOR171C,0,0.90649694,0.16229423880577087,0.6303696036338806,0.325732558965683
YCR008W,YDR186C,0,0.9051806,0.1622525006532669,0.6303696036338806,0.3258325755596161
YMR042W,YGL209W,0,0.9049243,0.16221079230308533,0.6303696036338806,0.3259325921535492
YNL218W,YDL204W,0,0.90465295,0.16216911375522614,0.6303696036338806,0.3260326087474823
YHR209W,YBL105C,0,0.9045036,0.16212743520736694,0.6303696036338806,0.3261326253414154
YNL117W,YCR079W,0,0.9040439,0.16208580136299133,0.6303696036338806,0.3262326121330261
YJR034W,YLR297W,0,0.9038022,0.16204416751861572,0.6303696036338806,0.32633262872695923
YHL033C,YOL112W,0,0.90324426,0.1620025634765625,0.6303696036338806,0.32643264532089233
YPR047W,YDR479C,0,0.9023418,0.16196098923683167,0.6303696036338806,0.32653266191482544
YDR486C,YNL202W,0,0.90043604,0.16191942989826202,0.6303696036338806,0.32663264870643616
YOR270C,YGR229C,0,0.9000628,0.16187788546085358,0.6303696036338806,0.32673266530036926
YOR347C,YNR022C,0,0.8998345,0.16183637082576752,0.6303696036338806,0.32683268189430237
YKL086W,YDR214W,0,0.89977384,0.16179487109184265,0.6303696036338806,0.3269326984882355
YLR316C,YPL283C,0,0.8991351,0.16175340116024017,0.6303696036338806,0.3270327150821686
YML114C,YOR127W,0,0.8986281,0.1617119461297989,0.6303696036338806,0.3271327018737793
YGR249W,YLR013W,0,0.89719903,0.1616705060005188,0.6303696036338806,0.3272327184677124
YOR070C,YMR024W,0,0.8967766,0.1616290956735611,0.6303696036338806,0.3273327350616455
YMR146C,YOL030W,0,0.8956345,0.16158771514892578,0.6303696036338806,0.3274327516555786
YBR061C,YOL070C,0,0.8948242,0.16154633462429047,0.6303696036338806,0.32753273844718933
YPR035W,YDR288W,0,0.89365864,0.16150498390197754,0.6303696036338806,0.32763275504112244
YNL016W,YDR532C,0,0.89354455,0.161463662981987,0.6303696036338806,0.32773277163505554
YJR068W,YBL082C,0,0.8933789,0.16142235696315765,0.6303696036338806,0.32783278822898865
YDL200C,YGR070W,0,0.8929864,0.1613810807466507,0.6303696036338806,0.32793280482292175
YJR078W,YKL161C,0,0.8928131,0.16133980453014374,0.6303696036338806,0.32803279161453247
YOR194C,YNL189W,0,0.89271307,0.16129857301712036,0.6303696036338806,0.3281328082084656
YDR006C,YAL039C,0,0.8925721,0.16125734150409698,0.6303696036338806,0.3282328248023987
YML034W,YOL010W,0,0.8925086,0.161216139793396,0.6303696036338806,0.3283328413963318
YMR162C,YMR198W,0,0.8919928,0.1611749678850174,0.6303696036338806,0.3284328579902649
YLR312C-B,YHR060W,0,0.8918202,0.1611338108778,0.6303696036338806,0.3285328447818756
YNL292W,YPL085W,0,0.89154977,0.16109266877174377,0.6303696036338806,0.3286328613758087
YDR447C,YPR018W,0,0.89144725,0.16105155646800995,0.6303696036338806,0.3287328779697418
YDR477W,YOR032C,1,0.8909263,0.16126562654972076,0.6313686370849609,0.3287328779697418
YER149C,YHL007C,1,0.89068377,0.16147959232330322,0.6323676109313965,0.3287328779697418
YDR081C,YPR182W,0,0.89046746,0.16143840551376343,0.6323676109313965,0.3288328945636749
YNL271C,YKL185W,1,0.8901124,0.16165222227573395,0.6333666443824768,0.3288328945636749
YDR349C,YDR460W,0,0.89002794,0.16161100566387177,0.6333666443824768,0.32893288135528564
YLR134W,YML072C,0,0.8899612,0.16156983375549316,0.6333666443824768,0.32903289794921875
YIL063C,YJR088C,0,0.8894734,0.16152866184711456,0.6333666443824768,0.32913291454315186
YGL207W,YPR066W,0,0.88907605,0.16148751974105835,0.6333666443824768,0.32923293113708496
YCR081W,YDR123C,0,0.8890746,0.16144639253616333,0.6333666443824768,0.32933294773101807
YNL218W,YPR145W,0,0.88882995,0.1614052951335907,0.6333666443824768,0.3294329345226288
YAR035W,YNL027W,0,0.8879167,0.16136421263217926,0.6333666443824768,0.3295329511165619
YJL128C,YDR228C,0,0.88791573,0.1613231599330902,0.6333666443824768,0.329632967710495
YDR501W,YFR003C,0,0.88725185,0.16128212213516235,0.6333666443824768,0.3297329843044281
YJL091C,YOR362C,0,0.88714623,0.1612410992383957,0.6333666443824768,0.3298329710960388
YDR034C,YLR205C,0,0.8868964,0.16120010614395142,0.6333666443824768,0.3299329876899719
YGR166W,YCR046C,0,0.8868556,0.16115912795066833,0.6333666443824768,0.33003300428390503
YKR069W,YNL219C,0,0.88682896,0.16111816465854645,0.6333666443824768,0.33013302087783813
YFR055W,YGL131C,0,0.8868223,0.16107723116874695,0.6333666443824768,0.33023303747177124
YEL004W,YNL129W,0,0.88608074,0.16103632748126984,0.6333666443824768,0.33033302426338196
YER110C,YLR237W,0,0.88577425,0.16099542379379272,0.6333666443824768,0.33043304085731506
YLR414C,YOR239W,0,0.8856365,0.160954549908638,0.6333666443824768,0.33053305745124817
YGL035C,YAL054C,0,0.8856125,0.16091370582580566,0.6333666443824768,0.3306330740451813
YJR009C,YCR004C,0,0.8849945,0.16087287664413452,0.6333666443824768,0.330733060836792
YDR207C,YDR299W,0,0.88473713,0.16083206236362457,0.6333666443824768,0.3308330774307251
YIL073C,YJR101W,0,0.88444525,0.160791277885437,0.6333666443824768,0.3309330940246582
YPR113W,YMR159C,0,0.8839325,0.16075050830841064,0.6333666443824768,0.3310331106185913
YOR120W,YIL124W,0,0.88363296,0.16070975363254547,0.6333666443824768,0.3311331272125244
YHR067W,YMR094W,0,0.8832762,0.16066902875900269,0.6333666443824768,0.33123311400413513
YOL111C,YOR174W,0,0.88249147,0.1606283187866211,0.6333666443824768,0.33133313059806824
YNL010W,YNR010W,0,0.8822449,0.1605876386165619,0.6333666443824768,0.33143314719200134
YDR251W,YMR238W,1,0.88205314,0.16080020368099213,0.6343656182289124,0.33143314719200134
YDL049C,YOR180C,0,0.88200486,0.16075949370861053,0.6343656182289124,0.33153316378593445
YPR035W,YDR074W,0,0.88083225,0.16071879863739014,0.6343656182289124,0.33163315057754517
YJL052W,YDL174C,0,0.88079643,0.16067813336849213,0.6343656182289124,0.33173316717147827
YLR453C,YMR038C,0,0.8798493,0.1606374979019165,0.6343656182289124,0.3318331837654114
YOR360C,YDL226C,0,0.8798067,0.16059686243534088,0.6343656182289124,0.3319332003593445
YGL227W,YNR051C,0,0.8796079,0.16055625677108765,0.6343656182289124,0.3320332169532776
YIL155C,YEL002C,0,0.87931323,0.1605156660079956,0.6343656182289124,0.3321332037448883
YFL047W,YKL181W,0,0.87924564,0.16047510504722595,0.6343656182289124,0.3322332203388214
YDL132W,YHR161C,0,0.87875384,0.1604345589876175,0.6343656182289124,0.3323332369327545
YMR119W,YBR152W,0,0.87841916,0.16039404273033142,0.6343656182289124,0.3324332535266876
YJR153W,YHR084W,1,0.87810016,0.16060605645179749,0.6353646516799927,0.3324332535266876
YFL024C,YGR163W,0,0.87664497,0.16056551039218903,0.6353646516799927,0.33253324031829834
YBL084C,YGL003C,0,0.8766064,0.16052499413490295,0.6353646516799927,0.33263325691223145
YKL117W,YAL016W,0,0.8763612,0.16048447787761688,0.6353646516799927,0.33273327350616455
YPL115C,YER177W,1,0.875634,0.16069626808166504,0.6363636255264282,0.33273327350616455
YCR094W,YKL158W,0,0.8756192,0.16065573692321777,0.6363636255264282,0.33283329010009766
YDR022C,YJL203W,0,0.8750323,0.1606152355670929,0.6363636255264282,0.33293330669403076
YNL068C,YDR379W,1,0.8737671,0.16082681715488434,0.6373626589775085,0.33293330669403076
YMR025W,YOR017W,0,0.87338406,0.16078628599643707,0.6373626589775085,0.3330332934856415
YOR202W,YLR371W,0,0.8731221,0.1607457846403122,0.6373626589775085,0.3331333100795746
YJL036W,YBR265W,0,0.8731023,0.16070528328418732,0.6373626589775085,0.3332333266735077
YDR356W,YHL034C,0,0.87303734,0.16066482663154602,0.6373626589775085,0.3333333432674408
YIL131C,YNL119W,1,0.87284255,0.16087613999843597,0.6383616328239441,0.3333333432674408
YNR061C,YLR342W,0,0.8721996,0.1608356386423111,0.6383616328239441,0.3334333300590515
YLR165C,YHR029C,0,0.87203133,0.1607951670885086,0.6383616328239441,0.3335333466529846
YBL003C,YBL009W,0,0.8702444,0.1607547104358673,0.6383616328239441,0.3336333632469177
YDR020C,YMR038C,0,0.8700763,0.1607142835855484,0.6383616328239441,0.33373337984085083
YAL053W,YIR021W,0,0.8700144,0.16067387163639069,0.6383616328239441,0.33383339643478394
YGR056W,YGR262C,0,0.8695874,0.16063348948955536,0.6383616328239441,0.33393338322639465
YPR073C,YHR072W,0,0.86944157,0.16059310734272003,0.6383616328239441,0.33403339982032776
YGL181W,YDR233C,0,0.86936146,0.1605527698993683,0.6383616328239441,0.33413341641426086
YPL008W,YBL002W,0,0.86918944,0.16051243245601654,0.6383616328239441,0.33423343300819397
YJL160C,YIL150C,0,0.8690984,0.16047212481498718,0.6383616328239441,0.3343334197998047
YKR061W,YPL270W,0,0.86765766,0.16043183207511902,0.6383616328239441,0.3344334363937378
YGR002C,YOR005C,0,0.86763746,0.16039156913757324,0.6383616328239441,0.3345334529876709
YLR459W,YPR192W,0,0.86739427,0.16035132110118866,0.6383616328239441,0.334633469581604
YLR394W,YHR140W,0,0.86731505,0.16031108796596527,0.6383616328239441,0.3347334861755371
YOR291W,YGR090W,0,0.8669883,0.16027088463306427,0.6383616328239441,0.3348334729671478
YFL017W-A,YJR031C,0,0.8666683,0.16023069620132446,0.6383616328239441,0.33493348956108093
YPL115C,YER113C,1,0.864797,0.16044121980667114,0.6393606662750244,0.33493348956108093
YOR120W,YDL143W,0,0.86452526,0.16040100157260895,0.6393606662750244,0.33503350615501404
YGR172C,YJL136C,0,0.86377025,0.16036081314086914,0.6393606662750244,0.33513352274894714
YDR393W,YGL185C,0,0.86250365,0.16032063961029053,0.6393606662750244,0.33523350954055786
YGL131C,YGR027C,0,0.86239856,0.1602804958820343,0.6393606662750244,0.33533352613449097
YDR518W,YAL020C,0,0.86218274,0.16024036705493927,0.6393606662750244,0.3354335427284241
YJR025C,YER048C,0,0.86127096,0.16020025312900543,0.6393606662750244,0.3355335593223572
YOL108C,YNL073W,0,0.8611383,0.1601601541042328,0.6393606662750244,0.3356335759162903
YIL020C,YPR171W,0,0.8609576,0.16012008488178253,0.6393606662750244,0.335733562707901
YIL138C,YNL239W,0,0.86085135,0.16008004546165466,0.6393606662750244,0.3358335793018341
YKL140W,YGL119W,0,0.85985446,0.1600400060415268,0.6393606662750244,0.3359335958957672
YNL207W,YOL031C,0,0.8595858,0.1599999964237213,0.6393606662750244,0.3360336124897003
YLR423C,YKR102W,0,0.8595536,0.15996001660823822,0.6393606662750244,0.33613359928131104
YFL057C,YKL139W,0,0.85915196,0.15992003679275513,0.6393606662750244,0.33623361587524414
YOR313C,YML058W-A,0,0.85801846,0.15988008677959442,0.6393606662750244,0.33633363246917725
YJL024C,YNR051C,0,0.8579888,0.1598401665687561,0.6393606662750244,0.33643364906311035
YJL085W,YMR143W,0,0.8574861,0.15980024635791779,0.6393606662750244,0.33653366565704346
YNL098C,YOR371C,1,0.85633785,0.1600099802017212,0.64035964012146,0.33653366565704346
YJR153W,YDR379W,1,0.8552922,0.16021960973739624,0.6413586139678955,0.33653366565704346
YGR171C,YOR188W,0,0.8550856,0.16017964482307434,0.6413586139678955,0.3366336524486542
YLR191W,YJR094W-A,0,0.85470825,0.16013967990875244,0.6413586139678955,0.3367336690425873
YBL103C,YDR143C,0,0.8545582,0.16009974479675293,0.6413586139678955,0.3368336856365204
YPL074W,YBL039C,0,0.8543046,0.1600598394870758,0.6413586139678955,0.3369337022304535
YDR067C,YLR206W,0,0.85428476,0.16001993417739868,0.6413586139678955,0.3370336890220642
YKR039W,YCR077C,0,0.8541921,0.15998005867004395,0.6413586139678955,0.3371337056159973
YMR312W,YMR047C,0,0.85297894,0.1599402129650116,0.6413586139678955,0.3372337222099304
YNL290W,YDR034C,0,0.851158,0.15990036725997925,0.6413586139678955,0.3373337388038635
YDR299W,YER165W,0,0.8509807,0.1598605513572693,0.6413586139678955,0.33743375539779663
YHL027W,YLR332W,0,0.8509675,0.1598207652568817,0.6413586139678955,0.33753374218940735
YAR035W,YNL330C,0,0.8490834,0.15978097915649414,0.6413586139678955,0.33763375878334045
YNL169C,YEL041W,0,0.8486393,0.15974122285842896,0.6413586139678955,0.33773377537727356
YJL104W,YJL053W,0,0.8484717,0.15970149636268616,0.6413586139678955,0.33783379197120667
YOR373W,YPL092W,0,0.8480363,0.15966176986694336,0.6413586139678955,0.3379337787628174
YNL298W,YHR084W,1,0.84798396,0.1598707139492035,0.6423576474189758,0.3379337787628174
YBR213W,YKL024C,0,0.8475692,0.1598309725522995,0.6423576474189758,0.3380337953567505
YOL158C,YER039C,0,0.84651995,0.1597912460565567,0.6423576474189758,0.3381338119506836
YGL220W,YJL087C,0,0.8460386,0.1597515493631363,0.6423576474189758,0.3382338285446167
YBR039W,YNL160W,0,0.8458063,0.15971186757087708,0.6423576474189758,0.3383338451385498
YMR070W,YGR144W,0,0.84556603,0.15967221558094025,0.6423576474189758,0.3384338319301605
YDR302W,YPL143W,0,0.84527695,0.1596325784921646,0.6423576474189758,0.33853384852409363
YMR019W,YOR155C,0,0.8445029,0.15959295630455017,0.6423576474189758,0.33863386511802673
YOR324C,YMR164C,0,0.84392345,0.15955334901809692,0.6423576474189758,0.33873388171195984
YDR264C,YHR119W,0,0.8433631,0.15951377153396606,0.6423576474189758,0.33883386850357056
YLR399C,YOR234C,0,0.84307396,0.1594742089509964,0.6423576474189758,0.33893388509750366
YBR221C,YDR033W,0,0.84247124,0.15943466126918793,0.6423576474189758,0.33903390169143677
YCR094W,YML038C,0,0.84226966,0.15939514338970184,0.6423576474189758,0.3391339182853699
YNL147W,YDR248C,0,0.842184,0.15935564041137695,0.6423576474189758,0.339233934879303
YDR107C,YLR313C,1,0.8421719,0.15956392884254456,0.6433566212654114,0.339233934879303
YHL004W,YDL036C,0,0.8421698,0.15952439606189728,0.6433566212654114,0.3393339216709137
YML116W,YGR072W,0,0.84167403,0.1594848930835724,0.6433566212654114,0.3394339382648468
YLR089C,YGR185C,0,0.8408589,0.1594454050064087,0.6433566212654114,0.3395339548587799
YKL096W-A,YDL022W,0,0.840767,0.15940594673156738,0.6433566212654114,0.339633971452713
YLR304C,YOL125W,0,0.8407176,0.15936648845672607,0.6433566212654114,0.3397339880466461
YLR274W,YNL138W,0,0.8400212,0.15932705998420715,0.6433566212654114,0.33983397483825684
YNL010W,YDR385W,0,0.84000725,0.15928766131401062,0.6433566212654114,0.33993399143218994
YFL047W,YGR109C,0,0.83921874,0.1592482626438141,0.6433566212654114,0.34003400802612305
YGR180C,YLR408C,0,0.83917993,0.15920889377593994,0.6433566212654114,0.34013402462005615
YCR042C,YLL009C,0,0.83911633,0.15916955471038818,0.6433566212654114,0.34023401141166687
YOR092W,YBR009C,0,0.83862203,0.15913021564483643,0.6433566212654114,0.3403340280056
YKR037C,YMR116C,0,0.83852893,0.15909090638160706,0.6433566212654114,0.3404340445995331
YAL013W,YGL249W,0,0.83829606,0.15905161201953888,0.6433566212654114,0.3405340611934662
YLR089C,YLR369W,0,0.8376827,0.1590123474597931,0.6433566212654114,0.3406340777873993
YJR149W,YBL030C,0,0.83726287,0.1589730978012085,0.6433566212654114,0.34073406457901
YGR049W,YBR110W,0,0.8371199,0.1589338630437851,0.6433566212654114,0.3408340811729431
YLR330W,YBR160W,0,0.83670497,0.1588946431875229,0.6433566212654114,0.3409340977668762
YHR005C-A,YGR159C,0,0.8360442,0.15885545313358307,0.6433566212654114,0.3410341143608093
YOR315W,YER149C,1,0.8357064,0.15906289219856262,0.6443556547164917,0.3410341143608093
YGR234W,YJL095W,0,0.83570504,0.15902367234230042,0.6443556547164917,0.34113410115242004
YLR359W,YOR130C,0,0.8356712,0.1589844673871994,0.6443556547164917,0.34123411774635315
YMR315W,YOR022C,0,0.8352045,0.15894529223442078,0.6443556547164917,0.34133413434028625
YGR047C,YFR021W,0,0.8330288,0.15890613198280334,0.6443556547164917,0.34143415093421936
YBL074C,YKL167C,0,0.83096504,0.1588670015335083,0.6443556547164917,0.34153416752815247
YLL021W,YAL041W,1,0.8309261,0.1590741127729416,0.6453546285629272,0.34153416752815247
YJR137C,YBR129C,0,0.8304234,0.15903495252132416,0.6453546285629272,0.3416341543197632
YOR075W,YAL061W,0,0.8302369,0.1589958220720291,0.6453546285629272,0.3417341709136963
YGR258C,YGL019W,0,0.83021665,0.15895669162273407,0.6453546285629272,0.3418341875076294
YDR454C,YML072C,0,0.8290492,0.1589175909757614,0.6453546285629272,0.3419342041015625
YGL033W,YOL156W,0,0.82874167,0.15887850522994995,0.6453546285629272,0.3420341908931732
YKL158W,YER113C,0,0.8280836,0.15883943438529968,0.6453546285629272,0.3421342074871063
YDL205C,YLR359W,0,0.8278056,0.1588003933429718,0.6453546285629272,0.34223422408103943
YCL034W,YLR350W,0,0.8270668,0.15876136720180511,0.6453546285629272,0.34233424067497253
YLR404W,YBR118W,0,0.8265209,0.15872235596179962,0.6453546285629272,0.34243425726890564
YLR208W,YDR478W,0,0.826221,0.15868337452411652,0.6453546285629272,0.34253424406051636
YIL110W,YOR239W,0,0.82590234,0.1586444079875946,0.6453546285629272,0.34263426065444946
YDR140W,YGL017W,0,0.8244571,0.1586054563522339,0.6453546285629272,0.34273427724838257
YBL006C,YNL073W,0,0.82429254,0.15856651961803436,0.6453546285629272,0.3428342938423157
YJL034W,YER190W,0,0.8236733,0.15852761268615723,0.6453546285629272,0.3429342806339264
YAR018C,YGL180W,0,0.8236606,0.15848872065544128,0.6453546285629272,0.3430342972278595
YGR036C,YCR072C,0,0.8236304,0.15844984352588654,0.6453546285629272,0.3431343138217926
YDL040C,YLR164W,0,0.82330036,0.15841098129749298,0.6453546285629272,0.3432343304157257
YPR032W,YNR008W,0,0.82306254,0.15837214887142181,0.6453546285629272,0.3433343470096588
YGR278W,YLL033W,0,0.8228462,0.15833333134651184,0.6453546285629272,0.34343433380126953
YJR151C,YER007W,0,0.8224608,0.15829452872276306,0.6453546285629272,0.34353435039520264
YNL197C,YGL190C,1,0.8219727,0.15850073099136353,0.6463536620140076,0.34353435039520264
YAL041W,YHR084W,1,0.8217128,0.15870682895183563,0.6473526358604431,0.34353435039520264
YJL149W,YNL110C,0,0.8211566,0.15866796672344208,0.6473526358604431,0.34363436698913574
YKR054C,YPL095C,0,0.82090384,0.1586291342973709,0.6473526358604431,0.34373438358306885
YDR226W,YLR350W,0,0.820649,0.15859030187129974,0.6473526358604431,0.34383437037467957
YDL097C,YMR165C,0,0.8202455,0.15855149924755096,0.6473526358604431,0.34393438696861267
YAL058W,YDL132W,0,0.82016623,0.15851272642612457,0.6473526358604431,0.3440344035625458
YPL269W,YDR228C,0,0.8201092,0.15847395360469818,0.6473526358604431,0.3441344201564789
YOR037W,YJL141C,0,0.82004225,0.15843521058559418,0.6473526358604431,0.344234436750412
YOR327C,YOR100C,0,0.8196991,0.15839648246765137,0.6473526358604431,0.3443344235420227
YDR107C,YGL163C,0,0.81968766,0.15835776925086975,0.6473526358604431,0.3444344401359558
YJR057W,YOR098C,0,0.8192945,0.15831908583641052,0.6473526358604431,0.3445344567298889
YCL032W,YNL070W,0,0.8185806,0.1582804173231125,0.6473526358604431,0.344634473323822
YCR048W,YHL019C,0,0.81798786,0.15824176371097565,0.6473526358604431,0.34473446011543274
YLR238W,YPL192C,0,0.8178066,0.158203125,0.6473526358604431,0.34483447670936584
YBL052C,YMR270C,0,0.8176706,0.15816451609134674,0.6473526358604431,0.34493449330329895
YLL008W,YJR083C,0,0.8172075,0.15812592208385468,0.6473526358604431,0.34503450989723206
YOR127W,YKL149C,1,0.8168608,0.15833130478858948,0.6483516693115234,0.34503450989723206
YKL217W,YGR068C,0,0.8165809,0.15829268097877502,0.6483516693115234,0.34513452649116516
YKL059C,YPR011C,0,0.8164376,0.15825408697128296,0.6483516693115234,0.3452345132827759
YCL034W,YBR111W-A,0,0.8159992,0.1582155078649521,0.6483516693115234,0.345334529876709
YKR090W,YNR067C,0,0.81590533,0.1581769436597824,0.6483516693115234,0.3454345464706421
YPL127C,YMR282C,0,0.8153782,0.15813839435577393,0.6483516693115234,0.3455345630645752
YHR046C,YBL019W,0,0.81489944,0.15809987485408783,0.6483516693115234,0.3456345498561859
YJL106W,YIR033W,0,0.8147607,0.15806137025356293,0.6483516693115234,0.345734566450119
YDR030C,YNL080C,0,0.8147092,0.15802288055419922,0.6483516693115234,0.3458345830440521
YJL157C,YMR152W,0,0.8141569,0.1579844206571579,0.6483516693115234,0.34593459963798523
YKL209C,YPL157W,0,0.81413305,0.15794597566127777,0.6483516693115234,0.34603461623191833
YJR007W,YOR033C,0,0.8137092,0.15790754556655884,0.6483516693115234,0.34613460302352905
YMR164C,YHR073W,1,0.81356996,0.15811237692832947,0.649350643157959,0.34613460302352905
YDR034C,YDL033C,0,0.81318974,0.15807393193244934,0.649350643157959,0.34623461961746216
YPL065W,YOL136C,0,0.8129082,0.1580355018377304,0.649350643157959,0.34633463621139526
YPR052C,YDR206W,0,0.81148034,0.15799708664417267,0.649350643157959,0.34643465280532837
YJL056C,YDL108W,0,0.81123435,0.15795868635177612,0.649350643157959,0.3465346395969391
YOL104C,YFL031W,0,0.80842835,0.15792031586170197,0.649350643157959,0.3466346561908722
YJL030W,YNL241C,0,0.8083618,0.157881960272789,0.649350643157959,0.3467346727848053
YOR069W,YGR186W,0,0.80741096,0.15784361958503723,0.649350643157959,0.3468346893787384
YOR035C,YGR020C,0,0.8070005,0.15780529379844666,0.649350643157959,0.3469347059726715
YOR003W,YPR140W,0,0.8065754,0.15776698291301727,0.649350643157959,0.3470346927642822
YDR283C,YER069W,0,0.80505896,0.15772870182991028,0.649350643157959,0.34713470935821533
YOR275C,YOR339C,0,0.8044669,0.15769043564796448,0.649350643157959,0.34723472595214844
YDL144C,YAL060W,0,0.80441976,0.15765219926834106,0.649350643157959,0.34733474254608154
YKL116C,YAL040C,0,0.80326176,0.15761396288871765,0.649350643157959,0.34743472933769226
YOR232W,YLR246W,0,0.8030207,0.15757575631141663,0.649350643157959,0.34753474593162537
YHR105W,YJR070C,0,0.80256903,0.1575375646352768,0.649350643157959,0.34763476252555847
YJL213W,YIR014W,0,0.8025445,0.15749938786029816,0.649350643157959,0.3477347791194916
YGL124C,YDR390C,0,0.80251324,0.1574612408876419,0.649350643157959,0.3478347957134247
YML009C,YHL001W,0,0.8024481,0.15742310881614685,0.649350643157959,0.3479347825050354
YBR084C-A,YML125C,0,0.8012953,0.157384991645813,0.649350643157959,0.3480347990989685
YPL204W,YER154W,0,0.8006361,0.15734688937664032,0.649350643157959,0.3481348156929016
YBR079C,YAL005C,0,0.8005048,0.15730880200862885,0.649350643157959,0.3482348322868347
YIL140W,YPR054W,0,0.7988247,0.15727074444293976,0.649350643157959,0.34833481907844543
YJR088C,YNL102W,0,0.79876184,0.15723270177841187,0.649350643157959,0.34843483567237854
YEL053C,YJR070C,0,0.7986859,0.15719467401504517,0.649350643157959,0.34853485226631165
YHR117W,YCR034W,0,0.79843736,0.15715667605400085,0.649350643157959,0.34863486886024475
YDL159W,YLR313C,1,0.7976062,0.15736040472984314,0.6503496766090393,0.34863486886024475
YDR088C,YFL047W,0,0.7972617,0.15732237696647644,0.6503496766090393,0.34873488545417786
YMR039C,YBR297W,0,0.79694486,0.15728436410427094,0.6503496766090393,0.3488348722457886
YDR251W,YHR111W,1,0.7968731,0.1574879288673401,0.6513486504554749,0.3488348722457886
YKL120W,YBL005W-B,0,0.79651356,0.1574498862028122,0.6513486504554749,0.3489348888397217
YJL160C,YJL014W,0,0.796242,0.1574118733406067,0.6513486504554749,0.3490349054336548
YJL130C,YJL140W,0,0.79545766,0.15737389028072357,0.6513486504554749,0.3491349220275879
YFR013W,YDL055C,0,0.795003,0.15733590722084045,0.6513486504554749,0.3492349088191986
YLR372W,YBR055C,0,0.79498667,0.15729795396327972,0.6513486504554749,0.3493349254131317
YPL115C,YNL271C,1,0.79464424,0.1575012058019638,0.6523476243019104,0.3493349254131317
YPL118W,YBR093C,0,0.79455185,0.1574632227420807,0.6523476243019104,0.3494349420070648
YHR047C,YFL034C-A,0,0.7945046,0.15742526948451996,0.6523476243019104,0.3495349586009979
YIR019C,YDL035C,1,0.79398894,0.15762834250926971,0.6533466577529907,0.3495349586009979
YGL099W,YBR179C,0,0.79378986,0.1575903594493866,0.6533466577529907,0.34963497519493103
YPR178W,YBR195C,0,0.79326344,0.15755239129066467,0.6533466577529907,0.34973496198654175
YMR288W,YHR207C,0,0.79308057,0.15751445293426514,0.6533466577529907,0.34983497858047485
YER174C,YGL137W,0,0.79305017,0.1574765294790268,0.6533466577529907,0.34993499517440796
YGR092W,YDR245W,0,0.7908898,0.15743860602378845,0.6533466577529907,0.35003501176834106
YDR288W,YDL191W,0,0.78970236,0.1574007272720337,0.6533466577529907,0.35013502836227417
YMR071C,YDR099W,0,0.7896433,0.15736284852027893,0.6533466577529907,0.3502350151538849
YMR025W,YFR029W,0,0.78907627,0.15732499957084656,0.6533466577529907,0.350335031747818
YNL230C,YBR297W,0,0.78816116,0.15728715062141418,0.6533466577529907,0.3504350483417511
YHR132C,YJL140W,0,0.7870168,0.1572493314743042,0.6533466577529907,0.3505350649356842
YKL074C,YNL116W,0,0.7866977,0.1572115421295166,0.6533466577529907,0.3506350517272949
YGL200C,YGL020C,0,0.78639454,0.157173752784729,0.6533466577529907,0.350735068321228
YNL298W,YER109C,1,0.78634894,0.1573762595653534,0.6543456315994263,0.350735068321228
YBR229C,YMR060C,0,0.7853358,0.1573384553194046,0.6543456315994263,0.35083508491516113
YIR035C,YLR084C,0,0.78499854,0.157300665974617,0.6543456315994263,0.35093510150909424
YJR010W,YDR477W,0,0.7849714,0.1572629064321518,0.6543456315994263,0.35103511810302734
YCL026C-B,YDR288W,0,0.78486097,0.15722516179084778,0.6543456315994263,0.35113510489463806
YPL241C,YIR005W,0,0.78463876,0.15718743205070496,0.6543456315994263,0.35123512148857117
YML033W,YLR099C,0,0.78449285,0.15714971721172333,0.6543456315994263,0.3513351380825043
YKR001C,YPL217C,0,0.7841511,0.1571120172739029,0.6543456315994263,0.3514351546764374
YGR029W,YBR106W,0,0.78369504,0.15707434713840485,0.6543456315994263,0.3515351414680481
YMR321C,YDR322C-A,0,0.783584,0.1570366770029068,0.6543456315994263,0.3516351580619812
YGR221C,YLR174W,0,0.78312385,0.15699903666973114,0.6543456315994263,0.3517351746559143
YDR363W,YBR207W,0,0.7830751,0.15696141123771667,0.6543456315994263,0.3518351912498474
YNR045W,YOL117W,0,0.7827758,0.1569238156080246,0.6543456315994263,0.3519352078437805
YLR305C,YFL024C,0,0.78197277,0.1568862348794937,0.6543456315994263,0.35203519463539124
YCR008W,YHR031C,0,0.78097063,0.15684865415096283,0.6543456315994263,0.35213521122932434
YMR285C,YBL101C,0,0.78085697,0.15681110322475433,0.6543456315994263,0.35223522782325745
YER126C,YHR141C,0,0.7803652,0.15677358210086823,0.6543456315994263,0.35233524441719055
YOR224C,YPL181W,0,0.7800019,0.15673606097698212,0.6543456315994263,0.35243523120880127
YMR323W,YPL121C,0,0.77951527,0.1566985696554184,0.6543456315994263,0.3525352478027344
YGL225W,YJL093C,0,0.7794946,0.15666109323501587,0.6543456315994263,0.3526352643966675
YGR106C,YML063W,0,0.7794039,0.15662363171577454,0.6543456315994263,0.3527352809906006
YHR186C,YKL220C,0,0.7793703,0.1565861850976944,0.6543456315994263,0.3528352975845337
YKL020C,YKL170W,0,0.77888834,0.15654875338077545,0.6543456315994263,0.3529352843761444
YLL021W,YDR251W,1,0.7787649,0.15675029158592224,0.6553446650505066,0.3529352843761444
YKR024C,YIL126W,0,0.7785591,0.1567128449678421,0.6553446650505066,0.3530353009700775
YBL028C,YOL010W,0,0.77773154,0.15667542815208435,0.6553446650505066,0.3531353175640106
YLR344W,YJR021C,0,0.77770853,0.1566380113363266,0.6553446650505066,0.3532353341579437
YIR006C,YLL009C,0,0.7767995,0.15660062432289124,0.6553446650505066,0.35333532094955444
YOR070C,YLR389C,0,0.7764708,0.15656325221061707,0.6553446650505066,0.35343533754348755
YNL322C,YOR346W,0,0.77559906,0.1565258949995041,0.6553446650505066,0.35353535413742065
YMR238W,YKL185W,1,0.7755523,0.15672710537910461,0.6563436388969421,0.35353535413742065
YDR414C,YBR179C,0,0.77530795,0.15668971836566925,0.6563436388969421,0.35363537073135376
YGL077C,YKL125W,0,0.7747297,0.15665236115455627,0.6563436388969421,0.35373538732528687
YCR004C,YFL048C,0,0.7733766,0.1566150188446045,0.6563436388969421,0.3538353741168976
YOR360C,YGR255C,0,0.77334714,0.1565776914358139,0.6563436388969421,0.3539353907108307
YHR129C,YJR101W,0,0.77307725,0.1565403789281845,0.6563436388969421,0.3540354073047638
YDL214C,YDR314C,0,0.7730595,0.1565030962228775,0.6563436388969421,0.3541354238986969
YOL004W,YNL088W,0,0.7728571,0.1564658284187317,0.6563436388969421,0.3542354106903076
YLR089C,YNL322C,0,0.7724655,0.15642857551574707,0.6563436388969421,0.3543354272842407
YGL079W,YNL268W,0,0.7724458,0.15639133751392365,0.6563436388969421,0.35443544387817383
YEL034W,YGL226C-A,0,0.7715862,0.1563541144132614,0.6563436388969421,0.35453546047210693
YHL019C,YGL004C,0,0.7715627,0.15631692111492157,0.6563436388969421,0.35463547706604004
YOR197W,YOR205C,0,0.77127016,0.15627972781658173,0.6563436388969421,0.35473546385765076
YDR071C,YKL221W,0,0.77112585,0.15624256432056427,0.6563436388969421,0.35483548045158386
YDR207C,YPL119C,0,0.7710871,0.156205415725708,0.6563436388969421,0.35493549704551697
YKR030W,YKL117W,0,0.7697604,0.15616829693317413,0.6563436388969421,0.3550355136394501
YGL062W,YBR105C,0,0.7696151,0.15613117814064026,0.6563436388969421,0.3551355004310608
YOR354C,YOR306C,0,0.7692574,0.15609408915042877,0.6563436388969421,0.3552355170249939
YNL142W,YKL043W,1,0.76890326,0.1562945395708084,0.6573426723480225,0.3552355170249939
YJR153W,YAL041W,1,0.7686803,0.1564949005842209,0.658341646194458,0.3552355170249939
YOL080C,YOL044W,0,0.76848716,0.15645773708820343,0.658341646194458,0.355335533618927
YNL305C,YGR271W,0,0.7678971,0.15642060339450836,0.658341646194458,0.3554355502128601
YLR355C,YMR288W,0,0.76767194,0.1563834846019745,0.658341646194458,0.3555355668067932
YBR122C,YMR088C,0,0.7662976,0.1563463807106018,0.658341646194458,0.35563555359840393
YGL068W,YJL184W,0,0.7655193,0.15630929172039032,0.658341646194458,0.35573557019233704
YBR079C,YMR116C,0,0.7654894,0.15627223253250122,0.658341646194458,0.35583558678627014
YHR011W,YAL041W,1,0.76512086,0.15647226572036743,0.6593406796455383,0.35583558678627014
YDR208W,YGR225W,0,0.76492405,0.15643517673015594,0.6593406796455383,0.35593560338020325
YPL174C,YKL199C,0,0.7646786,0.15639810264110565,0.6593406796455383,0.35603559017181396
YHR101C,YPR189W,0,0.7646575,0.15636105835437775,0.6593406796455383,0.35613560676574707
YER087C-B,YNL188W,0,0.7641674,0.15632401406764984,0.6593406796455383,0.3562356233596802
YCR040W,YHR011W,0,0.76395285,0.15628699958324432,0.6593406796455383,0.3563356399536133
YGR172C,YNL008C,0,0.761981,0.15625,0.6593406796455383,0.3564356565475464
YKL198C,YGL062W,0,0.76110286,0.15621301531791687,0.6593406796455383,0.3565356433391571
YPL149W,YPL023C,0,0.76060927,0.15617606043815613,0.6593406796455383,0.3566356599330902
YJR093C,YHR056C,0,0.7605599,0.15613910555839539,0.6593406796455383,0.3567356765270233
YGR105W,YKR060W,0,0.7591666,0.15610218048095703,0.6593406796455383,0.3568356931209564
YCR081W,YGL178W,0,0.7591397,0.15606527030467987,0.6593406796455383,0.35693567991256714
YDR477W,YHR143W,1,0.75883186,0.1562647819519043,0.6603396534919739,0.35693567991256714
YGL119W,YKL046C,0,0.7584385,0.15622784197330475,0.6603396534919739,0.35703569650650024
YBR286W,YNR056C,0,0.7582915,0.1561909317970276,0.6603396534919739,0.35713571310043335
YLR404W,YDL150W,0,0.7569876,0.15615402162075043,0.6603396534919739,0.35723572969436646
YCR029C-A,YCR075C,0,0.75680447,0.15611714124679565,0.6603396534919739,0.35733574628829956
YPL190C,YOR377W,0,0.7565618,0.15608029067516327,0.6603396534919739,0.3574357330799103
YER026C,YOR147W,0,0.7561058,0.15604344010353088,0.6603396534919739,0.3575357496738434
YNL290W,YDR461W,0,0.7558379,0.1560066044330597,0.6603396534919739,0.3576357662677765
YDR351W,YMR168C,0,0.7545019,0.1559697985649109,0.6603396534919739,0.3577357828617096
YLR404W,YLR226W,0,0.7544824,0.15593300759792328,0.6603396534919739,0.3578357696533203
YPL259C,YKR028W,0,0.7542776,0.15589623153209686,0.6603396534919739,0.3579357862472534
YGR158C,YKR022C,0,0.7541991,0.15585947036743164,0.6603396534919739,0.3580358028411865
YDR389W,YER122C,0,0.7541008,0.1558227241039276,0.6603396534919739,0.35813581943511963
YBR079C,YNL329C,0,0.7537954,0.15578600764274597,0.6603396534919739,0.35823583602905273
YGR194C,YAL063C,0,0.75346303,0.15574929118156433,0.6603396534919739,0.35833582282066345
YNL207W,YIL049W,0,0.75184155,0.15571260452270508,0.6603396534919739,0.35843583941459656
YPL087W,YHR116W,0,0.7515854,0.15567593276500702,0.6603396534919739,0.35853585600852966
YDR294C,YPL123C,0,0.7515113,0.15563927590847015,0.6603396534919739,0.35863587260246277
YDR356W,YAR007C,0,0.7505188,0.15560263395309448,0.6603396534919739,0.3587358593940735
YMR056C,YER153C,0,0.75038815,0.1555660218000412,0.6603396534919739,0.3588358759880066
YLR154C,YNR073C,0,0.75008774,0.15552940964698792,0.6603396534919739,0.3589358925819397
YBR202W,YLR353W,0,0.7498555,0.15549282729625702,0.6603396534919739,0.3590359091758728
YMR182C,YGR264C,0,0.74964744,0.15545625984668732,0.6603396534919739,0.3591359257698059
YMR290C,YOR071C,0,0.7494738,0.1554197072982788,0.6603396534919739,0.3592359125614166
YNR023W,YOR381W,0,0.7494612,0.1553831696510315,0.6603396534919739,0.35933592915534973
YBR052C,YLR203C,0,0.7485905,0.15534664690494537,0.6603396534919739,0.35943594574928284
YOL151W,YPR094W,0,0.74858934,0.15531015396118164,0.6603396534919739,0.35953596234321594
YOR217W,YNL297C,0,0.7483593,0.1552736610174179,0.6603396534919739,0.35963594913482666
YDL227C,YCR075C,0,0.7479632,0.15523719787597656,0.6603396534919739,0.35973596572875977
YML095C,YGR207C,0,0.74795187,0.1552007496356964,0.6603396534919739,0.35983598232269287
YGL022W,YIL111W,0,0.74761784,0.15516431629657745,0.6603396534919739,0.359935998916626
YDR018C,YDR191W,0,0.7470313,0.1551278978586197,0.6603396534919739,0.3600360155105591
YDR251W,YLR313C,1,0.7460988,0.15532614290714264,0.6613386869430542,0.3600360155105591
YMR267W,YNL106C,0,0.7459389,0.1552896946668625,0.6613386869430542,0.3601360023021698
YDR151C,YPL177C,0,0.74534345,0.15525327622890472,0.6613386869430542,0.3602360188961029
YHR121W,YDR488C,0,0.74527013,0.15521688759326935,0.6613386869430542,0.360336035490036
YBR192W,YDR371W,0,0.7452003,0.15518049895763397,0.6613386869430542,0.3604360520839691
YBR081C,YMR164C,0,0.7445863,0.1551441252231598,0.6613386869430542,0.36053603887557983
YIL009C-A,YKR039W,0,0.74457526,0.155107781291008,0.6613386869430542,0.36063605546951294
YPL127C,YIL010W,0,0.744225,0.1550714522600174,0.6613386869430542,0.36073607206344604
YER014C-A,YDR304C,0,0.744141,0.1550351232290268,0.6613386869430542,0.36083608865737915
YGR189C,YBR196C,0,0.7439461,0.15499882400035858,0.6613386869430542,0.36093610525131226
YLR353W,YFR021W,0,0.7431054,0.15496253967285156,0.6613386869430542,0.361036092042923
YHR135C,YLR116W,0,0.74247384,0.15492628514766693,0.6613386869430542,0.3611361086368561
YKL064W,YJR155W,0,0.742378,0.1548900306224823,0.6613386869430542,0.3612361252307892
YBL017C,YIL139C,0,0.74198323,0.15485380589962006,0.6613386869430542,0.3613361418247223
YIL063C,YGR156W,0,0.74196595,0.1548175811767578,0.6613386869430542,0.3614361584186554
YOR039W,YDR116C,0,0.7413851,0.15478138625621796,0.6613386869430542,0.3615361452102661
YDR052C,YOL088C,0,0.74058247,0.1547452062368393,0.6613386869430542,0.3616361618041992
YPR021C,YPL103C,0,0.7400342,0.15470904111862183,0.6613386869430542,0.3617361783981323
YDL216C,YGR074W,0,0.7396921,0.15467289090156555,0.6613386869430542,0.36183619499206543
YCR003W,YFR028C,0,0.7393248,0.15463677048683167,0.6613386869430542,0.36193618178367615
YNL330C,YKL127W,0,0.73796177,0.15460065007209778,0.6613386869430542,0.36203619837760925
YDR477W,YDR379W,1,0.73789734,0.15479804575443268,0.6623376607894897,0.36203619837760925
YLL001W,YJR126C,0,0.73771405,0.1547619104385376,0.6623376607894897,0.36213621497154236
YDR497C,YGL137W,0,0.7376871,0.1547257900238037,0.6623376607894897,0.36223623156547546
YER175C,YFR003C,0,0.7376534,0.15468968451023102,0.6623376607894897,0.36233624815940857
YDR462W,YBL022C,0,0.73636305,0.1546536087989807,0.6623376607894897,0.3624362349510193
YOR032C,YOR030W,1,0.73631525,0.15485075116157532,0.6633366346359253,0.3624362349510193
YDR470C,YPR005C,0,0.7360587,0.15481464564800262,0.6633366346359253,0.3625362515449524
YDR207C,YIR036C,0,0.73591954,0.15477855503559113,0.6633366346359253,0.3626362681388855
YPR190C,YJL213W,0,0.73565173,0.15474247932434082,0.6633366346359253,0.3627362847328186
YOR230W,YGR152C,0,0.7354444,0.1547064334154129,0.6633366346359253,0.3628362715244293
YJR152W,YKL135C,0,0.7350658,0.15467038750648499,0.6633366346359253,0.3629362881183624
YHR143W,YCR093W,1,0.73499125,0.1548672616481781,0.6643356680870056,0.3629362881183624
YGL169W,YOL006C,0,0.73462987,0.154831200838089,0.6643356680870056,0.36303630471229553
YBR236C,YNR039C,0,0.7345382,0.15479515492916107,0.6643356680870056,0.36313632130622864
YJL085W,YLR246W,0,0.734412,0.15475913882255554,0.6643356680870056,0.36323633790016174
YGL212W,YMR100W,0,0.7344068,0.15472312271595,0.6643356680870056,0.36333632469177246
YCR098C,YBR084W,0,0.73398006,0.15468713641166687,0.6643356680870056,0.36343634128570557
YIL021W,YEL013W,0,0.7337655,0.15465116500854492,0.6643356680870056,0.36353635787963867
YNL113W,YBR267W,0,0.73356825,0.15461520850658417,0.6643356680870056,0.3636363744735718
YBR068C,YPL106C,0,0.73325914,0.1545792669057846,0.6643356680870056,0.3637363612651825
YJR140C,YIL061C,0,0.7331438,0.15454334020614624,0.6643356680870056,0.3638363778591156
YBL040C,YKR057W,0,0.7326973,0.15450742840766907,0.6643356680870056,0.3639363944530487
YMR070W,YHR187W,0,0.7325407,0.15447154641151428,0.6643356680870056,0.3640364110469818
YHR172W,YPR108W,0,0.7316532,0.1544356644153595,0.6643356680870056,0.3641364276409149
YNL099C,YLR081W,0,0.73087263,0.1543998122215271,0.6643356680870056,0.36423641443252563
YLR096W,YDR255C,0,0.7298859,0.1543639749288559,0.6643356680870056,0.36433643102645874
YOL145C,YBR127C,0,0.7293614,0.1543281525373459,0.6643356680870056,0.36443644762039185
YOR126C,YJR103W,0,0.72908545,0.15429234504699707,0.6643356680870056,0.36453646421432495
YDR379W,YDR011W,0,0.7281456,0.15425655245780945,0.6643356680870056,0.36463645100593567
YNL001W,YLR083C,1,0.7267842,0.15445269644260406,0.6653346419334412,0.36463645100593567
YMR309C,YDL083C,0,0.72638655,0.15441687405109406,0.6653346419334412,0.3647364675998688
YIL155C,YCR026C,0,0.726158,0.15438108146190643,0.6653346419334412,0.3648364841938019
YIL131C,YER109C,1,0.72604537,0.15457706153392792,0.6663336753845215,0.3648364841938019
YLR187W,YJR089W,0,0.72589844,0.1545412391424179,0.6663336753845215,0.364936500787735
YLR287C-A,YOR278W,0,0.7255934,0.15450544655323029,0.6663336753845215,0.3650365173816681
YIR007W,YGL169W,0,0.72523224,0.15446966886520386,0.6663336753845215,0.3651365041732788
YHR039C,YIL091C,0,0.72506166,0.15443389117717743,0.6663336753845215,0.3652365207672119
YNR074C,YGL020C,0,0.7248628,0.1543981432914734,0.6663336753845215,0.365336537361145
YER140W,YBR093C,0,0.72362494,0.15436241030693054,0.6663336753845215,0.3654365539550781
YPL033C,YKL203C,0,0.72362375,0.15432670712471008,0.6663336753845215,0.36553654074668884
YDR120C,YJL046W,0,0.7232748,0.15429100394248962,0.6663336753845215,0.36563655734062195
YKL020C,YDR166C,0,0.72296023,0.15425531566143036,0.6663336753845215,0.36573657393455505
YAL031C,YPR028W,0,0.7227291,0.15421965718269348,0.6663336753845215,0.36583659052848816
YDR093W,YDR389W,0,0.7224608,0.1541839987039566,0.6663336753845215,0.36593660712242126
YDR414C,YBR293W,0,0.72210145,0.15414837002754211,0.6663336753845215,0.366036593914032
YGL059W,YDR379W,0,0.7216866,0.15411275625228882,0.6663336753845215,0.3661366105079651
YMR167W,YFL038C,0,0.7210015,0.15407715737819672,0.6663336753845215,0.3662366271018982
YHR001W,YBL009W,0,0.7208996,0.1540415734052658,0.6663336753845215,0.3663366436958313
YJL200C,YBL057C,0,0.7186011,0.1540060043334961,0.6663336753845215,0.366436630487442
YOL111C,YDR052C,0,0.7181959,0.15397045016288757,0.6663336753845215,0.3665366470813751
YJL101C,YDL140C,0,0.7181679,0.15393491089344025,0.6663336753845215,0.3666366636753082
YCR047C,YPR020W,0,0.71792626,0.1538994014263153,0.6663336753845215,0.36673668026924133
YLR229C,YOR155C,0,0.7174725,0.15386389195919037,0.6663336753845215,0.36683669686317444
YLR188W,YOL070C,0,0.7165004,0.15382841229438782,0.6663336753845215,0.36693668365478516
YGL220W,YPR171W,0,0.7163557,0.15379294753074646,0.6663336753845215,0.36703670024871826
YEL038W,YMR033W,0,0.7163517,0.1537574976682663,0.6663336753845215,0.36713671684265137
YGR285C,YGL190C,0,0.71621966,0.15372206270694733,0.6663336753845215,0.3672367334365845
YGL237C,YBR057C,0,0.7158508,0.15368664264678955,0.6663336753845215,0.3673367202281952
YGL022W,YLR203C,0,0.7157198,0.15365123748779297,0.6663336753845215,0.3674367368221283
YPL046C,YGL191W,0,0.7152686,0.15361584722995758,0.6663336753845215,0.3675367534160614
YDR472W,YHR030C,0,0.7151294,0.1535804718732834,0.6663336753845215,0.3676367700099945
YHL007C,YER177W,1,0.7150958,0.15377531945705414,0.667332649230957,0.3676367700099945
YBR291C,YER013W,0,0.7146102,0.15373992919921875,0.667332649230957,0.3677367866039276
YJL121C,YBR183W,0,0.71459556,0.15370455384254456,0.667332649230957,0.36783677339553833
YKR105C,YMR186W,0,0.71425176,0.15366919338703156,0.667332649230957,0.36793678998947144
YHR047C,YOL113W,0,0.7141472,0.15363384783267975,0.667332649230957,0.36803680658340454
YBR074W,YDR033W,0,0.7140081,0.15359853208065033,0.667332649230957,0.36813682317733765
YDL159W,YAL041W,1,0.7137281,0.1537930965423584,0.6683316826820374,0.36813682317733765
YJR125C,YDL092W,0,0.71259224,0.1537577509880066,0.6683316826820374,0.36823680996894836
YML130C,YGR121C,0,0.71247643,0.15372242033481598,0.6683316826820374,0.36833682656288147
YBR260C,YCR052W,0,0.712059,0.15368711948394775,0.6683316826820374,0.3684368431568146
YNL085W,YNL138W,0,0.71171564,0.15365181863307953,0.6683316826820374,0.3685368597507477
YDR016C,YJR033C,0,0.7115141,0.1536165326833725,0.6683316826820374,0.3686368763446808
YGR220C,YER049W,0,0.7114346,0.15358126163482666,0.6683316826820374,0.3687368631362915
YNL068C,YCR093W,1,0.7114234,0.15377552807331085,0.6693306565284729,0.3687368631362915
YEL022W,YAL058W,0,0.7109178,0.15374024212360382,0.6693306565284729,0.3688368797302246
YJL129C,YMR256C,0,0.7103847,0.15370497107505798,0.6693306565284729,0.3689368963241577
YKL156W,YCR081W,0,0.7101835,0.15366972982883453,0.6693306565284729,0.3690369129180908
YDL159W,YHR111W,1,0.7097593,0.153863787651062,0.6703296899795532,0.3690369129180908
YDR304C,YDR332W,0,0.70974666,0.15382851660251617,0.6703296899795532,0.36913689970970154
YBR251W,YAL061W,0,0.7094595,0.15379326045513153,0.6703296899795532,0.36923691630363464
YLR268W,YOL156W,0,0.708946,0.15375801920890808,0.6703296899795532,0.36933693289756775
YKR092C,YOR133W,0,0.70893264,0.15372279286384583,0.6703296899795532,0.36943694949150085
YMR208W,YNR046W,0,0.708818,0.15368758141994476,0.6703296899795532,0.36953696608543396
YKR054C,YOL097C,0,0.7085372,0.1536523997783661,0.6703296899795532,0.3696369528770447
YBR243C,YOR089C,0,0.708402,0.15361721813678741,0.6703296899795532,0.3697369694709778
YGR247W,YNL039W,0,0.7078805,0.15358205139636993,0.6703296899795532,0.3698369860649109
YOR354C,YDL029W,0,0.7069287,0.15354691445827484,0.6703296899795532,0.369937002658844
YCR048W,YNL330C,0,0.70686674,0.15351177752017975,0.6703296899795532,0.3700369894504547
YHR156C,YAR015W,0,0.70683146,0.15347667038440704,0.6703296899795532,0.3701370060443878
YGL257C,YDR126W,0,0.7062802,0.15344157814979553,0.6703296899795532,0.3702370226383209
YIL138C,YIR023W,0,0.7056741,0.15340648591518402,0.6703296899795532,0.37033703923225403
YKL172W,YKR099C-A,0,0.7052724,0.1533714234828949,0.6703296899795532,0.37043705582618713
YOR298W,YPR103W,0,0.7048664,0.15333637595176697,0.6703296899795532,0.37053704261779785
YDR118W,YOR128C,0,0.7040166,0.15330134332180023,0.6703296899795532,0.37063705921173096
YDR251W,YDL035C,1,0.7039972,0.15349474549293518,0.6713286638259888,0.37063705921173096
YDR174W,YMR087W,0,0.70362955,0.15345969796180725,0.6713286638259888,0.37073707580566406
YJR121W,YAR031W,0,0.7034601,0.15342465043067932,0.6713286638259888,0.37083709239959717
YNL153C,YDL025C,0,0.703151,0.15338963270187378,0.6713286638259888,0.3709370791912079
YOR290C,YOR054C,0,0.70266163,0.15335462987422943,0.6713286638259888,0.371037095785141
YJR143C,YBR158W,0,0.7021689,0.15331964194774628,0.6713286638259888,0.3711371123790741
YNL284C,YJL051W,0,0.7014208,0.15328466892242432,0.6713286638259888,0.3712371289730072
YNL304W,YNR026C,0,0.69998115,0.15324971079826355,0.6713286638259888,0.3713371455669403
YOR032C,YLR362W,1,0.6994077,0.15344277024269104,0.6723276972770691,0.3713371455669403
YIL097W,YFL045C,0,0.6992714,0.15340779721736908,0.6723276972770691,0.371437132358551
YLR208W,YPR189W,0,0.698863,0.1533728390932083,0.6723276972770691,0.37153714895248413
YNR004W,YPR151C,0,0.69859976,0.15333789587020874,0.6723276972770691,0.37163716554641724
YBR297W,YOR279C,0,0.6977736,0.15330296754837036,0.6723276972770691,0.37173718214035034
YMR093W,YDR131C,0,0.69738346,0.15326805412769318,0.6723276972770691,0.37183716893196106
YDR205W,YOR071C,0,0.6972005,0.15323315560817719,0.6723276972770691,0.37193718552589417
YMR054W,YMR285C,0,0.69685125,0.1531982719898224,0.6723276972770691,0.37203720211982727
YDR512C,YGL226C-A,0,0.6966487,0.15316340327262878,0.6723276972770691,0.3721372187137604
YPL089C,YNL236W,0,0.6965266,0.15312854945659637,0.6723276972770691,0.3722372353076935
YGL237C,YKL220C,0,0.6963556,0.15309372544288635,0.6723276972770691,0.3723372220993042
YFL016C,YBR173C,0,0.69611406,0.15305890142917633,0.6723276972770691,0.3724372386932373
YIL171W,YIL112W,0,0.6960153,0.1530241072177887,0.6723276972770691,0.3725372552871704
YNL098C,YPL115C,1,0.695268,0.1532166451215744,0.6733266711235046,0.3725372552871704
YER108C,YKL043W,1,0.69516474,0.15340909361839294,0.6743256449699402,0.3725372552871704
YNL280C,YGR199W,0,0.6944747,0.15337423980236053,0.6743256449699402,0.3726372718811035
YLR130C,YNR045W,0,0.6936505,0.15333938598632812,0.6743256449699402,0.3727372884750366
YDR477W,YNL079C,1,0.69342446,0.15353168547153473,0.6753246784210205,0.3727372884750366
YPL079W,YPL098C,0,0.6933434,0.15349681675434113,0.6753246784210205,0.37283727526664734
YER114C,YJR097W,0,0.6931906,0.1534619778394699,0.6753246784210205,0.37293729186058044
YOR037W,YDR240C,0,0.69318175,0.1534271389245987,0.6753246784210205,0.37303730845451355
YCR038C,YER177W,1,0.6929531,0.15361924469470978,0.676323652267456,0.37303730845451355
YOR159C,YHR016C,0,0.6926067,0.15358439087867737,0.676323652267456,0.37313732504844666
YJR147W,YLR313C,1,0.69118255,0.1537763625383377,0.6773226857185364,0.37313732504844666
YHR111W,YAL041W,1,0.69094557,0.15396825969219208,0.6783216595649719,0.37313732504844666
YNL197C,YPL021W,1,0.6907059,0.1541600525379181,0.6793206930160522,0.37313732504844666
YDR392W,YMR316W,1,0.6899967,0.15435177087783813,0.6803196668624878,0.37313732504844666
YIL125W,YOR202W,0,0.68980694,0.15431679785251617,0.6803196668624878,0.3732373118400574
YOR301W,YEL004W,0,0.68964136,0.1542818248271942,0.6803196668624878,0.3733373284339905
YPR111W,YIL132C,0,0.68920183,0.15424688160419464,0.6803196668624878,0.3734373450279236
YMR264W,YKR028W,0,0.6877423,0.15421195328235626,0.6803196668624878,0.3735373616218567
YJR065C,YDR228C,0,0.6877208,0.15417703986167908,0.6803196668624878,0.3736373782157898
YCR071C,YMR169C,0,0.68752915,0.15414214134216309,0.6803196668624878,0.3737373650074005
YDL078C,YJL052W,0,0.6874524,0.1541072577238083,0.6803196668624878,0.3738373816013336
YAL016W,YPL174C,0,0.6872207,0.15407240390777588,0.6803196668624878,0.3739373981952667
YLR070C,YBR294W,0,0.6860666,0.15403755009174347,0.6803196668624878,0.37403741478919983
YBR186W,YLR224W,0,0.6855374,0.15400271117687225,0.6803196668624878,0.37413740158081055
YBR257W,YHR079C-A,0,0.6853597,0.15396790206432343,0.6803196668624878,0.37423741817474365
YDR533C,YER087C-A,0,0.6848004,0.1539330929517746,0.6803196668624878,0.37433743476867676
YHR111W,YLR353W,1,0.6844154,0.15412428975105286,0.6813187003135681,0.37433743476867676
YKR102W,YDR522C,0,0.6835004,0.15408946573734283,0.6813187003135681,0.37443745136260986
YHL020C,YLR256W,0,0.6829305,0.1540546715259552,0.6813187003135681,0.37453746795654297
YLL021W,YIL131C,1,0.68289655,0.15424570441246033,0.6823176741600037,0.37453746795654297
YER153C,YDR501W,0,0.68281776,0.1542108803987503,0.6823176741600037,0.3746374547481537
YJR101W,YHL034C,0,0.68271494,0.15417607128620148,0.6823176741600037,0.3747374713420868
YLL055W,YHR041C,0,0.68264115,0.15414127707481384,0.6823176741600037,0.3748374879360199
YGL040C,YKL161C,0,0.6825183,0.1541064977645874,0.6823176741600037,0.374937504529953
YJL104W,YNL298W,0,0.6816217,0.15407173335552216,0.6823176741600037,0.3750374913215637
YDR310C,YBR129C,0,0.6813872,0.1540369838476181,0.6823176741600037,0.3751375079154968
YER027C,YJL117W,0,0.68106186,0.15400224924087524,0.6823176741600037,0.37523752450942993
YKL089W,YDL103C,0,0.680694,0.15396754443645477,0.6823176741600037,0.37533754110336304
YML005W,YML027W,0,0.6802603,0.1539328396320343,0.6823176741600037,0.37543755769729614
YML099C,YPR058W,0,0.67977107,0.15389814972877502,0.6823176741600037,0.37553754448890686
YEL041W,YJL046W,0,0.67930514,0.15386348962783813,0.6823176741600037,0.37563756108283997
YHR164C,YPL276W,0,0.6792529,0.15382882952690125,0.6823176741600037,0.37573757767677307
YDL024C,YGR074W,0,0.6790358,0.15379418432712555,0.6823176741600037,0.3758375942707062
YLR423C,YER022W,0,0.6784034,0.15375956892967224,0.6823176741600037,0.3759375810623169
YOR245C,YAL038W,0,0.6781968,0.15372495353221893,0.6823176741600037,0.37603759765625
YML034W,YML124C,0,0.67803484,0.153690367937088,0.6823176741600037,0.3761376142501831
YBR294W,YNL322C,0,0.6773381,0.1536557972431183,0.6823176741600037,0.3762376308441162
YOL043C,YAL063C,0,0.67696655,0.15362122654914856,0.6823176741600037,0.3763376474380493
YOR025W,YGR251W,0,0.6768091,0.15358668565750122,0.6823176741600037,0.37643763422966003
YFR015C,YKL055C,0,0.67605925,0.15355215966701508,0.6823176741600037,0.37653765082359314
YOR010C,YGL212W,0,0.6753563,0.15351764857769012,0.6823176741600037,0.37663766741752625
YKL094W,YER101C,0,0.6753077,0.15348315238952637,0.6823176741600037,0.37673768401145935
YML078W,YKL094W,0,0.67488503,0.1534486562013626,0.6823176741600037,0.37683767080307007
YHR135C,YEL062W,0,0.6747925,0.15341418981552124,0.6823176741600037,0.3769376873970032
YJL010C,YDR479C,0,0.6747671,0.15337973833084106,0.6823176741600037,0.3770377039909363
YNL301C,YDR498C,0,0.674507,0.15334530174732208,0.6823176741600037,0.3771377205848694
YDR059C,YER185W,0,0.67445874,0.1533108800649643,0.6823176741600037,0.3772377371788025
YPR119W,YHR025W,0,0.67383933,0.1532764881849289,0.6823176741600037,0.3773377239704132
YIL138C,YPR072W,0,0.6734344,0.1532420963048935,0.6823176741600037,0.3774377405643463
YPL033C,YHR027C,0,0.6728861,0.1532077193260193,0.6823176741600037,0.3775377571582794
YCR023C,YDR376W,0,0.67283875,0.15317335724830627,0.6823176741600037,0.3776377737522125
YGL200C,YOR246C,0,0.6727536,0.15313901007175446,0.6823176741600037,0.37773776054382324
YOR092W,YOR125C,0,0.6719519,0.15310467779636383,0.6823176741600037,0.37783777713775635
YKL061W,YBR066C,0,0.6710933,0.1530703753232956,0.6823176741600037,0.37793779373168945
YBR098W,YJL124C,0,0.6706524,0.15303607285022736,0.6823176741600037,0.37803781032562256
YBL054W,YER106W,0,0.6702792,0.1530017852783203,0.6823176741600037,0.37813782691955566
YPL236C,YDR285W,0,0.6687807,0.15296752750873566,0.6823176741600037,0.3782378137111664
YNR035C,YDL052C,0,0.66860926,0.152933269739151,0.6823176741600037,0.3783378303050995
YOL077C,YIL108W,0,0.6675764,0.15289904177188873,0.6823176741600037,0.3784378468990326
YDR251W,YOR030W,1,0.6672859,0.15308862924575806,0.683316707611084,0.3784378468990326
YKL198C,YLR210W,0,0.66644984,0.1530543714761734,0.683316707611084,0.3785378634929657
YML077W,YPR159W,0,0.66636,0.15302012860774994,0.683316707611084,0.3786378502845764
YDR120C,YGR184C,0,0.66603696,0.15298591554164886,0.683316707611084,0.3787378668785095
YHR143W,YAL056W,1,0.6658062,0.15317530930042267,0.6843156814575195,0.3787378668785095
YPR186C,YGL150C,0,0.6657165,0.1531410664319992,0.6843156814575195,0.3788378834724426
YOR321W,YGL130W,0,0.6652489,0.15310683846473694,0.6843156814575195,0.37893790006637573
YKL013C,YDR478W,0,0.66508406,0.15307262539863586,0.6843156814575195,0.37903791666030884
YFR006W,YPL057C,0,0.66504854,0.15303842723369598,0.6843156814575195,0.37913790345191956
YGL200C,YKR026C,0,0.66444284,0.1530042439699173,0.6843156814575195,0.37923792004585266
YKL217W,YHR086W,0,0.66434276,0.1529700756072998,0.6843156814575195,0.37933793663978577
YLR096W,YIL041W,0,0.6642896,0.1529359221458435,0.6843156814575195,0.37943795323371887
YIL031W,YAL047C,0,0.66403985,0.1529017835855484,0.6843156814575195,0.3795379400253296
YKL173W,YHR072W,0,0.66396284,0.1528676599264145,0.6843156814575195,0.3796379566192627
YOL021C,YLR381W,0,0.66348934,0.15283355116844177,0.6843156814575195,0.3797379732131958
YPL042C,YAL029C,0,0.663275,0.15279945731163025,0.6843156814575195,0.3798379898071289
YGL200C,YJL108C,0,0.6619179,0.1527653932571411,0.6843156814575195,0.379938006401062
YGL068W,YEL054C,0,0.66146326,0.15273132920265198,0.6843156814575195,0.38003799319267273
YLL023C,YHR029C,0,0.6609919,0.15269728004932404,0.6843156814575195,0.38013800978660583
YGR027C,YGR271W,0,0.6607858,0.1526632457971573,0.6843156814575195,0.38023802638053894
YJL128C,YPL101W,0,0.6606906,0.15262922644615173,0.6843156814575195,0.38033804297447205
YPR102C,YML066C,0,0.6603694,0.15259523689746857,0.6843156814575195,0.38043802976608276
YBR093C,YGR020C,0,0.6601713,0.1525612473487854,0.6843156814575195,0.38053804636001587
YER112W,YKR065C,0,0.6597799,0.15252727270126343,0.6843156814575195,0.380638062953949
YIR008C,YLR014C,0,0.65813327,0.15249332785606384,0.6843156814575195,0.3807380795478821
YDR453C,YNL236W,0,0.6578479,0.15245938301086426,0.6843156814575195,0.3808380961418152
YML131W,YCR033W,0,0.6568744,0.15242545306682587,0.6843156814575195,0.3809380829334259
YNL072W,YDR380W,0,0.65666723,0.15239155292510986,0.6843156814575195,0.381038099527359
YGR156W,YNL314W,0,0.656412,0.15235765278339386,0.6843156814575195,0.3811381161212921
YAL041W,YOR030W,1,0.6550305,0.15254613757133484,0.6853147149085999,0.3811381161212921
YML124C,YLR450W,0,0.6544124,0.15251222252845764,0.6853147149085999,0.3812381327152252
YLR083C,YPL021W,1,0.6537161,0.15270060300827026,0.6863136887550354,0.3812381327152252
YIL125W,YCR014C,0,0.6536907,0.15266667306423187,0.6863136887550354,0.38133811950683594
YER144C,YCR020W-B,0,0.6530866,0.15263274312019348,0.6863136887550354,0.38143813610076904
YPR133W-A,YLR166C,0,0.65261686,0.15259884297847748,0.6863136887550354,0.38153815269470215
YPL150W,YOR226C,0,0.65256196,0.15256495773792267,0.6863136887550354,0.38163816928863525
YDR363W-A,YGR020C,0,0.65253973,0.15253108739852905,0.6863136887550354,0.38173818588256836
YCR096C,YLR359W,0,0.6520323,0.15249723196029663,0.6863136887550354,0.3818381726741791
YPR066W,YJL108C,0,0.6513817,0.1524633765220642,0.6863136887550354,0.3819381892681122
YCR068W,YEL071W,0,0.6513159,0.15242955088615417,0.6863136887550354,0.3820382058620453
YDR060W,YCR043C,0,0.65113246,0.15239574015140533,0.6863136887550354,0.3821382224559784
YDL024C,YKL043W,1,0.6502845,0.15258371829986572,0.687312662601471,0.3821382224559784
YJR032W,YPL214C,0,0.6498477,0.1525498926639557,0.687312662601471,0.3822382092475891
YNL225C,YDR479C,0,0.6496022,0.15251606702804565,0.687312662601471,0.3823382258415222
YLR166C,YIR012W,0,0.64936876,0.152482271194458,0.687312662601471,0.3824382424354553
YNL138W,YKL185W,1,0.648075,0.15267007052898407,0.6883116960525513,0.3824382424354553
YML073C,YJL029C,0,0.64800185,0.15263624489307404,0.6883116960525513,0.3825382590293884
YGL236C,YAL039C,0,0.64771515,0.1526024341583252,0.6883116960525513,0.38263827562332153
YLR151C,YLR134W,0,0.6469071,0.15256863832473755,0.6883116960525513,0.38273826241493225
YJL207C,YLR045C,0,0.64655435,0.1525348722934723,0.6883116960525513,0.38283827900886536
YER184C,YFR003C,0,0.6445487,0.15250110626220703,0.6883116960525513,0.38293829560279846
YOL028C,YIL126W,0,0.64414763,0.15246735513210297,0.6883116960525513,0.38303831219673157
YGL259W,YCR034W,0,0.6425665,0.1524336338043213,0.6883116960525513,0.3831382989883423
YEL017C-A,YBR048W,0,0.64245,0.1523999124765396,0.6883116960525513,0.3832383155822754
YPL259C,YGL253W,0,0.641859,0.15236620604991913,0.6883116960525513,0.3833383321762085
YOL057W,YJL143W,0,0.64142334,0.15233252942562103,0.6883116960525513,0.3834383487701416
YGL062W,YJR161C,0,0.6414026,0.15229885280132294,0.6883116960525513,0.3835383653640747
YDR527W,YDR177W,0,0.6411241,0.15226519107818604,0.6883116960525513,0.3836383521556854
YCR042C,YIL109C,0,0.6410761,0.15223154425621033,0.6883116960525513,0.38373836874961853
YNL128W,YNL026W,0,0.6410007,0.152197927236557,0.6883116960525513,0.38383838534355164
YMR020W,YPL202C,0,0.64017534,0.1521643102169037,0.6883116960525513,0.38393840193748474
YJL149W,YLR225C,0,0.64016545,0.15213070809841156,0.6883116960525513,0.38403841853141785
YDL245C,YKL078W,0,0.6385389,0.15209713578224182,0.6883116960525513,0.38413840532302856
YPR024W,YEL062W,0,0.6384733,0.15206356346607208,0.6883116960525513,0.38423842191696167
YJL004C,YDR038C,0,0.6372191,0.15203000605106354,0.6883116960525513,0.3843384385108948
YJR093C,YER012W,0,0.6364612,0.1519964635372162,0.6883116960525513,0.3844384551048279
YFL047W,YOR298W,0,0.6363863,0.15196295082569122,0.6883116960525513,0.3845384418964386
YPL212C,YDL136W,0,0.6363116,0.15192943811416626,0.6883116960525513,0.3846384584903717
YDL078C,YIL124W,0,0.635941,0.1518959403038025,0.6883116960525513,0.3847384750843048
YDR088C,YLR390W,0,0.63554406,0.15186245739459991,0.6883116960525513,0.3848384916782379
YDR226W,YBL046W,0,0.63544047,0.15182900428771973,0.6883116960525513,0.384938508272171
YPL268W,YMR179W,0,0.63452446,0.15179555118083954,0.6883116960525513,0.38503849506378174
YGL201C,YOR369C,0,0.634074,0.15176211297512054,0.6883116960525513,0.38513851165771484
YGL124C,YDR349C,0,0.6337972,0.15172868967056274,0.6883116960525513,0.38523852825164795
YPL242C,YJL164C,0,0.6334906,0.15169528126716614,0.6883116960525513,0.38533854484558105
YKL176C,YER173W,0,0.63324845,0.15166190266609192,0.6883116960525513,0.3854385316371918
YCL055W,YJR103W,0,0.6332309,0.1516285240650177,0.6883116960525513,0.3855385482311249
YPL011C,YJR059W,0,0.63285935,0.15159516036510468,0.6883116960525513,0.385638564825058
YAL024C,YPL249C-A,0,0.6326836,0.15156181156635284,0.6883116960525513,0.3857385814189911
YLR359W,YGR184C,0,0.6326486,0.1515284776687622,0.6883116960525513,0.3858385980129242
YDR166C,YKR056W,0,0.6325258,0.15149515867233276,0.6883116960525513,0.3859385848045349
YOR371C,YKL149C,1,0.63239074,0.15168169140815735,0.6893106698989868,0.3859385848045349
YBR070C,YKR058W,0,0.63234353,0.1516483575105667,0.6893106698989868,0.386038601398468
YER027C,YMR223W,0,0.6316825,0.15161502361297607,0.6893106698989868,0.3861386179924011
YEL053C,YML028W,0,0.63155633,0.15158171951770782,0.6893106698989868,0.38623863458633423
YKR067W,YLR222C,0,0.6299509,0.15154843032360077,0.6893106698989868,0.38633862137794495
YKL053C-A,YDR534C,0,0.62830436,0.1515151560306549,0.6893106698989868,0.38643863797187805
YPL038W,YKL173W,0,0.6279091,0.15148188173770905,0.6893106698989868,0.38653865456581116
YNL131W,YJL087C,0,0.6264714,0.15144863724708557,0.6893106698989868,0.38663867115974426
YER042W,YBR133C,0,0.6258162,0.1514154076576233,0.6893106698989868,0.38673868775367737
YJL219W,YNR017W,0,0.62581444,0.151382178068161,0.6893106698989868,0.3868386745452881
YLR033W,YOR130C,0,0.6251377,0.15134897828102112,0.6893106698989868,0.3869386911392212
YBR039W,YML006C,0,0.6244177,0.15131579339504242,0.6893106698989868,0.3870387077331543
YER103W,YJL149W,0,0.62356997,0.15128260850906372,0.6893106698989868,0.3871387243270874
YNL189W,YIR012W,0,0.623372,0.1512494534254074,0.6893106698989868,0.3872387111186981
YNL159C,YBR283C,0,0.623213,0.1512162983417511,0.6893106698989868,0.3873387277126312
YCL026C-B,YNL139C,0,0.6226106,0.15118317306041718,0.6893106698989868,0.38743874430656433
YNL267W,YPR119W,0,0.6220115,0.15115004777908325,0.6893106698989868,0.38753876090049744
YLR313C,YKL043W,1,0.62176263,0.1513359546661377,0.6903097033500671,0.38753876090049744
YDR446W,YGL250W,0,0.62161374,0.15130282938480377,0.6903097033500671,0.38763877749443054
YLR050C,YHR007C,0,0.620584,0.15126970410346985,0.6903097033500671,0.38773876428604126
YGL161C,YFL022C,0,0.6195543,0.15123659372329712,0.6903097033500671,0.38783878087997437
YPL072W,YNL326C,0,0.6193239,0.15120349824428558,0.6903097033500671,0.38793879747390747
YMR293C,YBR059C,0,0.6192806,0.15117041766643524,0.6903097033500671,0.3880388140678406
YOR127W,YCR093W,1,0.6187433,0.15135608613491058,0.6913086771965027,0.3880388140678406
YOL108C,YPR058W,0,0.6183618,0.15132297575473785,0.6913086771965027,0.3881388008594513
YHR141C,YHL034C,0,0.61792254,0.1512898951768875,0.6913086771965027,0.3882388174533844
YFL031W,YAL023C,0,0.61791646,0.15125682950019836,0.6913086771965027,0.3883388340473175
YNL006W,YNL316C,0,0.6173135,0.1512237787246704,0.6913086771965027,0.3884388506412506
YOL021C,YDL006W,0,0.6172775,0.15119074285030365,0.6913086771965027,0.3885388672351837
YHR027C,YNL003C,0,0.61722076,0.1511577069759369,0.6913086771965027,0.38863885402679443
YPL091W,YDR254W,0,0.61700964,0.15112470090389252,0.6913086771965027,0.38873887062072754
YDR107C,YGL032C,0,0.616451,0.15109170973300934,0.6913086771965027,0.38883888721466064
YDR307W,YJL141C,0,0.6163571,0.15105871856212616,0.6913086771965027,0.38893890380859375
YDL207W,YGR032W,0,0.61629456,0.15102575719356537,0.6913086771965027,0.38903889060020447
YMR012W,YBR057C,0,0.6161064,0.15099279582500458,0.6913086771965027,0.3891389071941376
YLR256W,YOR153W,0,0.61547554,0.15095986425876617,0.6913086771965027,0.3892389237880707
YKL172W,YAL063C,0,0.61501175,0.15092693269252777,0.6913086771965027,0.3893389403820038
YIR021W,YKL092C,0,0.6143453,0.15089403092861176,0.6913086771965027,0.3894389569759369
YDR071C,YPR190C,0,0.6141906,0.15086112916469574,0.6913086771965027,0.3895389437675476
YDL036C,YDR016C,0,0.61291766,0.15082824230194092,0.6913086771965027,0.3896389603614807
YDR101C,YLR390W,0,0.6128053,0.15079538524150848,0.6913086771965027,0.3897389769554138
YPL154C,YDL215C,0,0.6125518,0.15076252818107605,0.6913086771965027,0.3898389935493469
YLR309C,YPR054W,0,0.6120646,0.1507296860218048,0.6913086771965027,0.38993898034095764
YMR193W,YGR277C,0,0.61177313,0.15069685876369476,0.6913086771965027,0.39003899693489075
YHR109W,YLR142W,0,0.6117499,0.1506640613079071,0.6913086771965027,0.39013901352882385
YJL128C,YGR020C,0,0.611499,0.15063126385211945,0.6913086771965027,0.39023903012275696
YJR076C,YDR478W,0,0.6107166,0.15059848129749298,0.6913086771965027,0.39033904671669006
YGR124W,YCL030C,0,0.61067104,0.1505657136440277,0.6913086771965027,0.3904390335083008
YIL150C,YBR215W,0,0.60987353,0.15053296089172363,0.6913086771965027,0.3905390501022339
YKL178C,YER048W-A,0,0.60965383,0.15050022304058075,0.6913086771965027,0.390639066696167
YGR251W,YDR538W,0,0.6093011,0.15046750009059906,0.6913086771965027,0.3907390832901001
YNR070W,YDR182W,0,0.60854185,0.15043477714061737,0.6913086771965027,0.3908390700817108
YOR337W,YOR229W,0,0.6082765,0.15040208399295807,0.6913086771965027,0.3909390866756439
YGL079W,YKL059C,0,0.6080791,0.15036940574645996,0.6913086771965027,0.391039103269577
YGL190C,YKL185W,1,0.607717,0.15055398643016815,0.692307710647583,0.391039103269577
YDR322W,YNL009W,0,0.6075395,0.15052129328250885,0.692307710647583,0.39113911986351013
YBR276C,YGR089W,0,0.6072445,0.15048860013484955,0.692307710647583,0.39123913645744324
YMR119W,YDR081C,0,0.6071947,0.15045592188835144,0.692307710647583,0.39133912324905396
YIL063C,YDL132W,0,0.60564035,0.15042327344417572,0.692307710647583,0.39143913984298706
YJR078W,YOL077C,0,0.6051135,0.150390625,0.692307710647583,0.39153915643692017
YCR057C,YHR059W,0,0.6048301,0.15035799145698547,0.692307710647583,0.39163917303085327
YOL119C,YGL158W,0,0.60432494,0.15032537281513214,0.692307710647583,0.391739159822464
YDL056W,YDR506C,0,0.6043179,0.1502927839756012,0.692307710647583,0.3918391764163971
YBR150C,YDR529C,0,0.6037749,0.15026019513607025,0.692307710647583,0.3919391930103302
YCR039C,YOR329C,0,0.6037142,0.1502276211977005,0.692307710647583,0.3920392096042633
YEL020C,YER061C,0,0.6026913,0.15019506216049194,0.692307710647583,0.3921392261981964
YDR139C,YKL073W,0,0.60268074,0.15016251802444458,0.692307710647583,0.39223921298980713
YJR147W,YJL191W,0,0.6020454,0.1501299887895584,0.692307710647583,0.39233922958374023
YOR181W,YMR280C,0,0.6010719,0.15009745955467224,0.692307710647583,0.39243924617767334
YOL137W,YKL053C-A,0,0.59993124,0.15006496012210846,0.692307710647583,0.39253926277160645
YPR041W,YGR132C,0,0.5996964,0.15003247559070587,0.692307710647583,0.39263924956321716
YHR039C-A,YPL172C,0,0.59870386,0.15000000596046448,0.692307710647583,0.39273926615715027
YDR251W,YLR229C,1,0.59858227,0.15018394589424133,0.6933066844940186,0.39273926615715027
YGL205W,YDR446W,0,0.5984066,0.15015144646167755,0.6933066844940186,0.3928392827510834
YLR038C,YNL129W,0,0.5979519,0.15011897683143616,0.6933066844940186,0.3929392993450165
YLL022C,YBR022W,0,0.5978942,0.15008650720119476,0.6933066844940186,0.3930393159389496
YBR152W,YMR152W,0,0.5977998,0.15005405247211456,0.6933066844940186,0.3931393027305603
YDL056W,YDL239C,0,0.5977752,0.15002161264419556,0.6933066844940186,0.3932393193244934
YJR076C,YMR115W,0,0.59759414,0.14998918771743774,0.6933066844940186,0.3933393359184265
YHR084W,YGR089W,0,0.5975112,0.14995677769184113,0.6933066844940186,0.3934393525123596
YDL204W,YNL312W,0,0.59712523,0.1499243825674057,0.6933066844940186,0.39353933930397034
YKL015W,YPR103W,0,0.5961915,0.14989200234413147,0.6933066844940186,0.39363935589790344
YIL094C,YNL032W,0,0.5959188,0.14985963702201843,0.6933066844940186,0.39373937249183655
YCR055C,YHR099W,0,0.595862,0.1498272866010666,0.6933066844940186,0.39383938908576965
YDR320C-A,YLL010C,0,0.5956419,0.14979495108127594,0.6933066844940186,0.39393940567970276
YNR045W,YPL217C,0,0.5955946,0.14976263046264648,0.6933066844940186,0.3940393924713135
YBR171W,YNL306W,0,0.59515536,0.14973030984401703,0.6933066844940186,0.3941394090652466
YBL019W,YLR078C,0,0.5950298,0.14969801902770996,0.6933066844940186,0.3942394256591797
YNL241C,YPL206C,0,0.59475803,0.1496657282114029,0.6933066844940186,0.3943394422531128
YHR016C,YDR538W,0,0.5943378,0.1496334671974182,0.6933066844940186,0.3944394290447235
YPL051W,YOL065C,0,0.59410465,0.14960120618343353,0.6933066844940186,0.3945394456386566
YGL207W,YJR138W,0,0.5939908,0.14956896007061005,0.6933066844940186,0.3946394622325897
YMR307W,YNL014W,0,0.5937464,0.14953674376010895,0.6933066844940186,0.3947394788265228
YNL252C,YJL117W,0,0.59369123,0.14950452744960785,0.6933066844940186,0.39483949542045593
YNL272C,YOR085W,0,0.5936682,0.14947232604026794,0.6933066844940186,0.39493948221206665
YNL010W,YOR133W,0,0.5935674,0.14944013953208923,0.6933066844940186,0.39503949880599976
YJL138C,YLL028W,0,0.59308285,0.14940796792507172,0.6933066844940186,0.39513951539993286
YBR196C,YCL030C,0,0.5930164,0.1493758112192154,0.6933066844940186,0.39523953199386597
YER101C,YLR350W,0,0.59293425,0.14934366941452026,0.6933066844940186,0.3953395485877991
YBR077C,YNL207W,0,0.5927596,0.14931152760982513,0.6933066844940186,0.3954395353794098
YLR050C,YGL094C,0,0.592487,0.1492794156074524,0.6933066844940186,0.3955395519733429
YBR050C,YBL099W,0,0.59173185,0.14924731850624084,0.6933066844940186,0.395639568567276
YHR034C,YBR267W,0,0.59046316,0.1492152214050293,0.6933066844940186,0.3957395851612091
YBR294W,YGR241C,0,0.59040254,0.14918315410614014,0.6933066844940186,0.3958395719528198
YLR119W,YPR072W,0,0.58997095,0.14915108680725098,0.6933066844940186,0.39593958854675293
YNL192W,YNL172W,0,0.58987826,0.149119034409523,0.6933066844940186,0.39603960514068604
YNL270C,YGL023C,0,0.5898081,0.14908699691295624,0.6933066844940186,0.39613962173461914
YOR070C,YDL153C,0,0.5895777,0.14905498921871185,0.6933066844940186,0.39623963832855225
YMR199W,YHR056C,0,0.5878707,0.14902298152446747,0.6933066844940186,0.39633962512016296
YPR073C,YNL129W,0,0.5874094,0.14899098873138428,0.6933066844940186,0.39643964171409607
YDR519W,YER098W,0,0.5873408,0.14895901083946228,0.6933066844940186,0.3965396583080292
YMR210W,YBR126C,0,0.5871918,0.14892703294754028,0.6933066844940186,0.3966396749019623
YBL017C,YIL177C,0,0.58671606,0.14889508485794067,0.6933066844940186,0.396739661693573
YAL041W,YLR229C,1,0.5859666,0.1490776538848877,0.6943057179450989,0.396739661693573
YDL200C,YGR282C,0,0.58550704,0.1490456759929657,0.6943057179450989,0.3968396782875061
YJL112W,YNL236W,0,0.5849689,0.1490137279033661,0.6943057179450989,0.3969396948814392
YMR022W,YPL274W,0,0.58487755,0.14898177981376648,0.6943057179450989,0.3970397114753723
YCR020W-B,YGR225W,0,0.58448344,0.14894984662532806,0.6943057179450989,0.3971397280693054
YBR282W,YER087C-A,0,0.58307385,0.14891792833805084,0.6943057179450989,0.39723971486091614
YPL127C,YGL173C,0,0.5827245,0.148886039853096,0.6943057179450989,0.39733973145484924
YMR075W,YPR061C,0,0.5826874,0.14885415136814117,0.6943057179450989,0.39743974804878235
YDL097C,YGR241C,0,0.58246183,0.14882226288318634,0.6943057179450989,0.39753976464271545
YDL132W,YFL009W,0,0.58222187,0.1487904042005539,0.6943057179450989,0.39763975143432617
YNR061C,YCR024C-A,0,0.58122563,0.14875856041908264,0.6943057179450989,0.3977397680282593
YGR209C,YKL089W,0,0.58098364,0.14872673153877258,0.6943057179450989,0.3978397846221924
YJL189W,YKL125W,0,0.57997954,0.14869490265846252,0.6943057179450989,0.3979398012161255
YHR083W,YJL133W,0,0.5797448,0.14866310358047485,0.6943057179450989,0.3980398178100586
YBR084C-A,YOR209C,0,0.5796203,0.14863130450248718,0.6943057179450989,0.3981398046016693
YPL057C,YFR028C,0,0.5796045,0.1485995352268219,0.6943057179450989,0.3982398211956024
YMR193W,YBR231C,0,0.5792187,0.14856776595115662,0.6943057179450989,0.3983398377895355
YOR127W,YOR030W,1,0.57880366,0.14874973893165588,0.6953046917915344,0.3983398377895355
YDR146C,YJL194W,0,0.57825446,0.1487179547548294,0.6953046917915344,0.39843985438346863
YOR237W,YML070W,0,0.57808465,0.14868618547916412,0.6953046917915344,0.39853984117507935
YDR030C,YLR071C,0,0.5775199,0.14865441620349884,0.6953046917915344,0.39863985776901245
YHR160C,YNL084C,0,0.5774672,0.14862267673015594,0.6953046917915344,0.39873987436294556
YPL187W,YMR093W,0,0.5768781,0.14859095215797424,0.6953046917915344,0.39883989095687866
YJL165C,YPR004C,0,0.57687145,0.14855922758579254,0.6953046917915344,0.39893990755081177
YDL225W,YFL039C,0,0.5767938,0.14852753281593323,0.6953046917915344,0.3990398943424225
YNL098C,YKL185W,1,0.5767574,0.14870919287204742,0.6963037252426147,0.3990398943424225
YFR005C,YOR168W,0,0.5765183,0.14867746829986572,0.6963037252426147,0.3991399109363556
YGR172C,YHR200W,0,0.5756393,0.1486457735300064,0.6963037252426147,0.3992399275302887
YNL016W,YLR073C,0,0.575325,0.1486140787601471,0.6963037252426147,0.3993399441242218
YOL027C,YJR066W,0,0.5752101,0.14858239889144897,0.6963037252426147,0.3994399309158325
YML113W,YNL329C,0,0.57502216,0.14855071902275085,0.6963037252426147,0.3995399475097656
YLR216C,YPL068C,0,0.5749033,0.14851906895637512,0.6963037252426147,0.39963996410369873
YLR425W,YDR171W,0,0.5746074,0.14848743379116058,0.6963037252426147,0.39973998069763184
YBR035C,YNL082W,0,0.57451546,0.14845579862594604,0.6963037252426147,0.39983999729156494
YMR319C,YGL013C,0,0.5733979,0.1484241932630539,0.6963037252426147,0.39993998408317566
YMR260C,YGR262C,0,0.57227135,0.14839258790016174,0.6963037252426147,0.40004000067710876
YFL057C,YLR132C,0,0.5720098,0.1483609974384308,0.6963037252426147,0.40014001727104187
YKL183W,YNR012W,0,0.57181406,0.14832943677902222,0.6963037252426147,0.400240033864975
YKL048C,YAL041W,1,0.57139355,0.1485106348991394,0.6973026990890503,0.400240033864975
YLL021W,YKL048C,1,0.5705075,0.14869177341461182,0.6983016729354858,0.400240033864975
YLR136C,YDR032C,0,0.56971693,0.14866013824939728,0.6983016729354858,0.4003400206565857
YKL003C,YGL226C-A,0,0.56935245,0.14862853288650513,0.6983016729354858,0.4004400372505188
YAL001C,YGR062C,0,0.5690574,0.14859694242477417,0.6983016729354858,0.4005400538444519
YNR018W,YBR231C,0,0.5678567,0.1485653519630432,0.6983016729354858,0.400640070438385
YFR046C,YPR073C,0,0.567786,0.14853379130363464,0.6983016729354858,0.4007400870323181
YML034W,YKL206C,0,0.5677169,0.14850223064422607,0.6983016729354858,0.40084007382392883
YJL225C,YMR152W,0,0.5676333,0.1484706848859787,0.6983016729354858,0.40094009041786194
YPL059W,YER053C,0,0.567491,0.14843915402889252,0.6983016729354858,0.40104010701179504
YPR181C,YMR171C,0,0.5670397,0.14840763807296753,0.6983016729354858,0.40114012360572815
YAL056W,YHR073W,1,0.56697774,0.1485884040594101,0.6993007063865662,0.40114012360572815
YLR396C,YDL127W,0,0.56666946,0.1485568732023239,0.6993007063865662,0.40124011039733887
YDL099W,YPL016W,0,0.5664321,0.14852535724639893,0.6993007063865662,0.401340126991272
YOR035C,YDL197C,0,0.5658808,0.14849384129047394,0.6993007063865662,0.4014401435852051
YPL232W,YLR078C,0,0.5658225,0.14846235513687134,0.6993007063865662,0.4015401601791382
YBR021W,YPL268W,0,0.56579566,0.14843086898326874,0.6993007063865662,0.4016401767730713
YHR027C,YPL159C,0,0.56537974,0.14839941263198853,0.6993007063865662,0.401740163564682
YGL097W,YIL083C,0,0.5651332,0.1483679562807083,0.6993007063865662,0.4018401801586151
YLR362W,YMR316W,1,0.5644572,0.148548424243927,0.7002996802330017,0.4018401801586151
YDL188C,YJR070C,0,0.5641901,0.1485169529914856,0.7002996802330017,0.4019401967525482
YDL045W-A,YLR225C,0,0.5641599,0.14848549664020538,0.7002996802330017,0.4020402133464813
YBL017C,YML049C,0,0.5640084,0.14845404028892517,0.7002996802330017,0.40214020013809204
YDR107C,YNL070W,0,0.5639359,0.14842261373996735,0.7002996802330017,0.40224021673202515
YPR024W,YLR453C,0,0.56355894,0.14839118719100952,0.7002996802330017,0.40234023332595825
YBR261C,YCR024C-A,0,0.5625552,0.14835979044437408,0.7002996802330017,0.40244024991989136
YBR039W,YML036W,0,0.56251585,0.14832839369773865,0.7002996802330017,0.40254026651382446
YPL147W,YMR165C,0,0.56234705,0.1482970118522644,0.7002996802330017,0.4026402533054352
YGL039W,YML025C,0,0.56204945,0.14826564490795135,0.7002996802330017,0.4027402698993683
YNL339C,YNL267W,0,0.5616964,0.1482342928647995,0.7002996802330017,0.4028402864933014
YNL035C,YOL064C,0,0.5614543,0.14820295572280884,0.7002996802330017,0.4029403030872345
YGR231C,YDR495C,0,0.5612389,0.14817163348197937,0.7002996802330017,0.4030402898788452
YER133W,YBL039C,0,0.5612157,0.1481403261423111,0.7002996802330017,0.4031403064727783
YLR214W,YOL060C,0,0.5601752,0.14810901880264282,0.7002996802330017,0.4032403230667114
YOR301W,YIL150C,0,0.5590105,0.14807774126529694,0.7002996802330017,0.40334033966064453
YLR304C,YGR144W,0,0.55890024,0.14804646372795105,0.7002996802330017,0.40344035625457764
YDL198C,YBR228W,0,0.5578824,0.14801520109176636,0.7002996802330017,0.40354034304618835
YBR026C,YLR138W,0,0.5578803,0.14798395335674286,0.7002996802330017,0.40364035964012146
YBR281C,YER075C,0,0.5573597,0.14795272052288055,0.7002996802330017,0.40374037623405457
YGR054W,YER165W,0,0.55439293,0.14792150259017944,0.7002996802330017,0.40384039282798767
YDR347W,YJL158C,0,0.55433905,0.14789029955863953,0.7002996802330017,0.4039403796195984
YIL132C,YOR145C,0,0.5543183,0.1478590965270996,0.7002996802330017,0.4040403962135315
YNL197C,YDR432W,1,0.5542381,0.1480388045310974,0.701298713684082,0.4040403962135315
YIL093C,YJR058C,0,0.55394876,0.1480075865983963,0.701298713684082,0.4041404128074646
YPL115C,YOR032C,1,0.55345106,0.14818719029426575,0.7022976875305176,0.4041404128074646
YLR318W,YDR038C,0,0.5533366,0.14815595746040344,0.7022976875305176,0.4042404294013977
YHR214C-B,YGL094C,0,0.55207217,0.14812473952770233,0.7022976875305176,0.4043404459953308
YDR037W,YPL059W,0,0.55196524,0.14809353649616241,0.7022976875305176,0.40444043278694153
YKR054C,YHR028C,0,0.5515266,0.1480623483657837,0.7022976875305176,0.40454044938087463
YDL132W,YOL030W,0,0.5513853,0.14803116023540497,0.7022976875305176,0.40464046597480774
YBR276C,YIL135C,0,0.5507808,0.14800000190734863,0.7022976875305176,0.40474048256874084
YMR323W,YBR044C,0,0.5491587,0.1479688435792923,0.7022976875305176,0.40484046936035156
YNL293W,YMR005W,0,0.5489131,0.14793771505355835,0.7022976875305176,0.40494048595428467
YFL003C,YKR087C,0,0.54812574,0.1479065865278244,0.7022976875305176,0.4050405025482178
YOR003W,YPL110C,0,0.5480621,0.14787547290325165,0.7022976875305176,0.4051405191421509
YDR237W,YIL073C,0,0.5480484,0.1478443741798401,0.7022976875305176,0.405240535736084
YPL074W,YNL271C,0,0.54700565,0.14781329035758972,0.7022976875305176,0.4053405225276947
YNL220W,YHR174W,0,0.5459006,0.14778222143650055,0.7022976875305176,0.4054405391216278
YNL078W,YPL106C,0,0.54557127,0.14775115251541138,0.7022976875305176,0.4055405557155609
YOR201C,YPR094W,0,0.54538095,0.1477201133966446,0.7022976875305176,0.405640572309494
YNL084C,YLR221C,0,0.5452259,0.1476890742778778,0.7022976875305176,0.4057405889034271
YAL033W,YCR089W,0,0.5452051,0.14765805006027222,0.7022976875305176,0.40584057569503784
YGL113W,YGL206C,0,0.54516417,0.14762704074382782,0.7022976875305176,0.40594059228897095
YML128C,YDR460W,0,0.5450443,0.14759604632854462,0.7022976875305176,0.40604060888290405
YMR089C,YIR008C,0,0.54503715,0.1475650668144226,0.7022976875305176,0.40614062547683716
YDR194C,YGR229C,0,0.5446007,0.1475341022014618,0.7022976875305176,0.4062406122684479
YDL159W,YDL024C,1,0.54400146,0.14771296083927155,0.7032967209815979,0.4062406122684479
YFR055W,YNL298W,0,0.54396677,0.14768198132514954,0.7032967209815979,0.406340628862381
YLR353W,YHR073W,1,0.54358023,0.14786073565483093,0.7042956948280334,0.406340628862381
YLR312C-B,YDR432W,1,0.5426234,0.14803941547870636,0.7052947282791138,0.406340628862381
YBR106W,YEL009C,0,0.54172844,0.14800839126110077,0.7052947282791138,0.4064406454563141
YMR233W,YMR077C,0,0.5402962,0.14797736704349518,0.7052947282791138,0.4065406620502472
YNL050C,YOL094C,0,0.5399388,0.14794635772705078,0.7052947282791138,0.4066406786441803
YEL047C,YPL122C,0,0.5399013,0.14791536331176758,0.7052947282791138,0.406740665435791
YDR332W,YML066C,0,0.5396724,0.14788436889648438,0.7052947282791138,0.4068406820297241
YGL100W,YEL011W,0,0.53960365,0.14785340428352356,0.7052947282791138,0.4069406986236572
YBR210W,YPL242C,0,0.5393211,0.14782243967056274,0.7052947282791138,0.40704071521759033
YPL072W,YMR087W,0,0.53907335,0.14779150485992432,0.7052947282791138,0.40714070200920105
YOR371C,YKL161C,0,0.53852063,0.1477605700492859,0.7052947282791138,0.40724071860313416
YDR141C,YDL146W,0,0.5382803,0.14772965013980865,0.7052947282791138,0.40734073519706726
YGL203C,YDR173C,0,0.53816384,0.14769874513149261,0.7052947282791138,0.40744075179100037
YCL057W,YNL265C,0,0.53815687,0.14766785502433777,0.7052947282791138,0.40754076838493347
YGL100W,YNL095C,0,0.5381193,0.14763696491718292,0.7052947282791138,0.4076407551765442
YMR092C,YDL022W,0,0.53797233,0.14760610461235046,0.7052947282791138,0.4077407717704773
YIL171W,YGR081C,0,0.53773,0.147575244307518,0.7052947282791138,0.4078407883644104
YDR405W,YNR026C,0,0.53763175,0.14754441380500793,0.7052947282791138,0.4079408049583435
YNL244C,YNL126W,0,0.5372462,0.14751358330249786,0.7052947282791138,0.4080407917499542
YDL044C,YJL118W,0,0.5369967,0.147482767701149,0.7052947282791138,0.40814080834388733
YGL180W,YDL015C,0,0.53631574,0.1474519670009613,0.7052947282791138,0.40824082493782043
YDR392W,YHR011W,1,0.53613573,0.1476299911737442,0.7062937021255493,0.40824082493782043
YMR137C,YDR155C,0,0.53601646,0.14759916067123413,0.7062937021255493,0.40834084153175354
YML085C,YFR041C,0,0.5358032,0.14756835997104645,0.7062937021255493,0.40844085812568665
YKL168C,YAR044W,0,0.53566444,0.14753755927085876,0.7062937021255493,0.40854084491729736
YDR214W,YOR360C,0,0.5351566,0.14750677347183228,0.7062937021255493,0.40864086151123047
YLR096W,YDR363W,0,0.5346521,0.14747601747512817,0.7062937021255493,0.4087408781051636
YOL102C,YNL158W,0,0.5336478,0.14744526147842407,0.7062937021255493,0.4088408946990967
YPL118W,YKL011C,0,0.5312823,0.14741450548171997,0.7062937021255493,0.4089408814907074
YMR044W,YJR159W,0,0.5312681,0.14738377928733826,0.7062937021255493,0.4090408980846405
YIL138C,YMR236W,0,0.5308352,0.14735306799411774,0.7062937021255493,0.4091409146785736
YDR477W,YHR011W,1,0.5307062,0.14753073453903198,0.7072927355766296,0.4091409146785736
YCR052W,YBR120C,0,0.5304573,0.14749999344348907,0.7072927355766296,0.4092409312725067
YNL079C,YNL119W,1,0.5301529,0.14767757058143616,0.7082917094230652,0.4092409312725067
YKL049C,YLR192C,0,0.52927566,0.14764681458473206,0.7082917094230652,0.4093409478664398
YBR039W,YPR171W,0,0.52925307,0.14761607348918915,0.7082917094230652,0.40944093465805054
YDL213C,YGR191W,0,0.5286268,0.14758534729480743,0.7082917094230652,0.40954095125198364
YNL010W,YMR006C,0,0.528558,0.14755463600158691,0.7082917094230652,0.40964096784591675
YBR098W,YGL123W,0,0.5283531,0.1475239247083664,0.7082917094230652,0.40974098443984985
YBR293W,YOR145C,0,0.5279886,0.14749324321746826,0.7082917094230652,0.40984097123146057
YLR441C,YJL095W,0,0.52769965,0.14746256172657013,0.7082917094230652,0.4099409878253937
YKR009C,YMR021C,0,0.5275501,0.1474318951368332,0.7082917094230652,0.4100410044193268
YGR262C,YOR064C,0,0.52745116,0.14740124344825745,0.7082917094230652,0.4101410210132599
YIL039W,YGL086W,0,0.5274158,0.1473706066608429,0.7082917094230652,0.410241037607193
YML078W,YLR378C,0,0.52731574,0.14733998477458954,0.7082917094230652,0.4103410243988037
YCR069W,YLR166C,0,0.5270995,0.14730937778949738,0.7082917094230652,0.4104410409927368
YBR154C,YDR429C,0,0.526673,0.1472787708044052,0.7082917094230652,0.4105410575866699
YOR144C,YHL007C,0,0.5266458,0.14724817872047424,0.7082917094230652,0.410641074180603
YJL044C,YGR026W,0,0.5252919,0.14721760153770447,0.7082917094230652,0.41074106097221375
YGL124C,YHR171W,0,0.52466,0.1471870392560959,0.7082917094230652,0.41084107756614685
YOR210W,YIR022W,0,0.5236964,0.1471564918756485,0.7082917094230652,0.41094109416007996
YKL149C,YCR093W,1,0.5230835,0.14733347296714783,0.7092906832695007,0.41094109416007996
YER001W,YKR105C,0,0.5229528,0.14730291068553925,0.7092906832695007,0.41104111075401306
YKR060W,YCR024C-A,0,0.5227625,0.14727234840393066,0.7092906832695007,0.41114112734794617
YLR386W,YDL085W,0,0.5216703,0.14724180102348328,0.7092906832695007,0.4112411141395569
YGL084C,YHR076W,0,0.52088785,0.14721128344535828,0.7092906832695007,0.41134113073349
YGR098C,YPL089C,0,0.52084863,0.14718076586723328,0.7092906832695007,0.4114411473274231
YJL102W,YBL105C,0,0.5200465,0.14715026319026947,0.7092906832695007,0.4115411639213562
YKL022C,YNL185C,0,0.5195326,0.14711976051330566,0.7092906832695007,0.4116411507129669
YOR206W,YIL047C,0,0.5192001,0.14708928763866425,0.7092906832695007,0.4117411673069
YPL079W,YOR122C,0,0.518652,0.14705882966518402,0.7092906832695007,0.41184118390083313
YDR329C,YHL034C,0,0.51864266,0.1470283716917038,0.7092906832695007,0.41194120049476624
YLR418C,YPL273W,0,0.51717436,0.14699792861938477,0.7092906832695007,0.41204121708869934
YMR030W,YPL244C,0,0.51686853,0.14696750044822693,0.7092906832695007,0.41214120388031006
YOL021C,YGR035C,0,0.51654977,0.14693708717823029,0.7092906832695007,0.41224122047424316
YGR155W,YJL130C,0,0.51644564,0.14690668880939484,0.7092906832695007,0.41234123706817627
YML009C,YDR380W,0,0.51522696,0.1468762904405594,0.7092906832695007,0.4124412536621094
YPR022C,YOR242C,0,0.5144911,0.14684592187404633,0.7092906832695007,0.4125412404537201
YHR069C,YDL136W,0,0.51309043,0.14681555330753326,0.7092906832695007,0.4126412570476532
YKL182W,YHR083W,0,0.51124716,0.1467851996421814,0.7092906832695007,0.4127412736415863
YNL125C,YJR040W,0,0.51117814,0.14675486087799072,0.7092906832695007,0.4128412902355194
YDL069C,YLR016C,0,0.51073927,0.14672453701496124,0.7092906832695007,0.4129413068294525
YNL147W,YGL208W,0,0.51051116,0.14669421315193176,0.7092906832695007,0.41304129362106323
YER149C,YKL149C,1,0.509833,0.1468704789876938,0.710289716720581,0.41304129362106323
YOL077C,YGR081C,0,0.50970465,0.1468401551246643,0.710289716720581,0.41314131021499634
YLR431C,YBR125C,0,0.5091176,0.14680983126163483,0.710289716720581,0.41324132680892944
YGR028W,YBR135W,0,0.5090888,0.14677952229976654,0.710289716720581,0.41334134340286255
YMR214W,YDR499W,0,0.50882757,0.14674922823905945,0.710289716720581,0.41344133019447327
YBL076C,YBR118W,0,0.50870293,0.14671894907951355,0.710289716720581,0.41354134678840637
YER096W,YHR039C-A,0,0.5085517,0.14668866991996765,0.710289716720581,0.4136413633823395
YAL016W,YNL124W,0,0.5081798,0.14665842056274414,0.710289716720581,0.4137413799762726
YGL055W,YGL175C,0,0.50808865,0.14662817120552063,0.710289716720581,0.4138413965702057
YLR035C,YGR049W,0,0.5079268,0.1465979367494583,0.710289716720581,0.4139413833618164
YOL130W,YKR013W,0,0.5071657,0.1465677171945572,0.710289716720581,0.4140413999557495
YGL170C,YJR063W,0,0.5071498,0.14653751254081726,0.710289716720581,0.4141414165496826
YML037C,YDR533C,0,0.50705266,0.14650730788707733,0.710289716720581,0.4142414331436157
YLR128W,YKL198C,0,0.5061724,0.1464771330356598,0.710289716720581,0.41434141993522644
YPR196W,YBR237W,0,0.5059227,0.14644695818424225,0.710289716720581,0.41444143652915955
YKL205W,YPL026C,0,0.505521,0.1464167982339859,0.710289716720581,0.41454145312309265
YPL079W,YLR295C,0,0.50476646,0.14638665318489075,0.710289716720581,0.41464146971702576
YGL037C,YOL165C,0,0.5046694,0.1463565230369568,0.710289716720581,0.41474148631095886
YDR206W,YER113C,0,0.5043821,0.14632640779018402,0.710289716720581,0.4148414731025696
YLR390W,YMR071C,0,0.50421,0.14629629254341125,0.710289716720581,0.4149414896965027
YDR316W,YPL031C,0,0.5039342,0.14626620709896088,0.710289716720581,0.4150415062904358
YJR017C,YGL128C,0,0.5027929,0.1462361216545105,0.710289716720581,0.4151415228843689
YJL014W,YFL024C,0,0.5027883,0.1462060511112213,0.710289716720581,0.4152415096759796
YOL005C,YGR206W,0,0.5022671,0.14617598056793213,0.710289716720581,0.4153415262699127
YOR149C,YLR024C,0,0.50206006,0.14614593982696533,0.710289716720581,0.4154415428638458
YDR264C,YPR024W,0,0.5018466,0.14611589908599854,0.710289716720581,0.41554155945777893
YDR385W,YML010W,0,0.5012191,0.14608588814735413,0.710289716720581,0.41564157605171204
YIL050W,YDL159W,0,0.50117046,0.14605587720870972,0.710289716720581,0.41574156284332275
YPL228W,YDR389W,0,0.50020415,0.1460258811712265,0.710289716720581,0.41584157943725586
YPL003W,YOR088W,0,0.49982017,0.14599590003490448,0.710289716720581,0.41594159603118896
YDR071C,YPL212C,0,0.49977577,0.14596591889858246,0.710289716720581,0.41604161262512207
YGR158C,YHR045W,0,0.49961185,0.14593596756458282,0.710289716720581,0.4161415994167328
YNL291C,YKL073W,0,0.49955913,0.1459060162305832,0.710289716720581,0.4162416160106659
YKL137W,YLR385C,0,0.49856275,0.14587607979774475,0.710289716720581,0.416341632604599
YGL213C,YPR019W,0,0.49797228,0.1458461582660675,0.710289716720581,0.4164416491985321
YDR076W,YBR283C,0,0.49762368,0.14581623673439026,0.710289716720581,0.4165416657924652
YPL021W,YDL024C,1,0.49751267,0.14599138498306274,0.7112886905670166,0.4165416657924652
YIR014W,YIL048W,0,0.49668744,0.1459614634513855,0.7112886905670166,0.4166416525840759
YDL201W,YPL024W,0,0.49618173,0.14593154191970825,0.7112886905670166,0.41674166917800903
YDR238C,YOR212W,0,0.4955793,0.1459016352891922,0.7112886905670166,0.41684168577194214
YDR088C,YOR298C-A,0,0.4955351,0.14587174355983734,0.7112886905670166,0.41694170236587524
YFL038C,YJL111W,0,0.4950502,0.14584186673164368,0.7112886905670166,0.41704171895980835
YCR038C,YKL149C,1,0.49500984,0.14601679146289825,0.7122877240180969,0.41704171895980835
YPL186C,YOL031C,0,0.49430555,0.1459868997335434,0.7122877240180969,0.41714170575141907
YBL079W,YJL166W,0,0.4934293,0.14595700800418854,0.7122877240180969,0.4172417223453522
YML033W,YDL164C,0,0.49333823,0.14592714607715607,0.7122877240180969,0.4173417389392853
YIL083C,YOR143C,0,0.49228168,0.1458972841501236,0.7122877240180969,0.4174417555332184
YOR362C,YLR423C,0,0.49183962,0.14586743712425232,0.7122877240180969,0.4175417423248291
YIL051C,YDL245C,0,0.49134216,0.14583759009838104,0.7122877240180969,0.4176417589187622
YOL155C,YIL040W,0,0.49119312,0.14580777287483215,0.7122877240180969,0.4177417755126953
YNL169C,YNL316C,0,0.49090344,0.14577795565128326,0.7122877240180969,0.4178417921066284
YPR029C,YOL091W,0,0.49056605,0.14574815332889557,0.7122877240180969,0.4179418087005615
YBR084C-A,YER087C-A,0,0.49041575,0.14571836590766907,0.7122877240180969,0.41804179549217224
YNL129W,YER122C,0,0.4904089,0.14568859338760376,0.7122877240180969,0.41814181208610535
YPL046C,YGL254W,0,0.4902633,0.14565883576869965,0.7122877240180969,0.41824182868003845
YPL113C,YDR334W,0,0.4902601,0.14562907814979553,0.7122877240180969,0.41834184527397156
YIL131C,YPL021W,1,0.49010855,0.1458035558462143,0.7132866978645325,0.41834184527397156
YOR178C,YFL031W,0,0.48976132,0.145773783326149,0.7132866978645325,0.4184418320655823
YHR183W,YMR056C,0,0.4897561,0.14574402570724487,0.7132866978645325,0.4185418486595154
YNL256W,YDR449C,0,0.48973167,0.14571428298950195,0.7132866978645325,0.4186418652534485
YCR038C,YHR073W,1,0.48941636,0.14588859677314758,0.7142857313156128,0.4186418652534485
YMR056C,YMR236W,0,0.48823503,0.14585883915424347,0.7142857313156128,0.4187418818473816
YJL130C,YNL336W,0,0.48752072,0.14582908153533936,0.7142857313156128,0.4188418984413147
YHL001W,YIL079C,0,0.48704025,0.14579935371875763,0.7142857313156128,0.4189418852329254
YIR015W,YDR376W,0,0.48628026,0.1457696259021759,0.7142857313156128,0.4190419018268585
YGR077C,YLR421C,0,0.4850939,0.14573991298675537,0.7142857313156128,0.4191419184207916
YDR236C,YDL132W,0,0.48424947,0.14571021497249603,0.7142857313156128,0.41924193501472473
YMR238W,YKL043W,1,0.48367363,0.14588427543640137,0.7152847051620483,0.41924193501472473
YER118C,YER113C,1,0.4835236,0.14605826139450073,0.7162837386131287,0.41924193501472473
YCR083W,YBR019C,0,0.4834317,0.1460285186767578,0.7162837386131287,0.41934192180633545
YLR113W,YMR278W,0,0.4833419,0.1459987759590149,0.7162837386131287,0.41944193840026855
YER096W,YOL016C,0,0.48334056,0.14596904814243317,0.7162837386131287,0.41954195499420166
YLR404W,YHR059W,0,0.48333997,0.14593935012817383,0.7162837386131287,0.41964197158813477
YNL282W,YML046W,0,0.48228455,0.1459096521139145,0.7162837386131287,0.41974198818206787
YJL206C,YGL106W,0,0.4818795,0.14587995409965515,0.7162837386131287,0.4198419749736786
YPR047W,YOL060C,0,0.48103386,0.1458502858877182,0.7162837386131287,0.4199419915676117
YER013W,YLR106C,0,0.48047784,0.14582061767578125,0.7162837386131287,0.4200420081615448
YOR099W,YDR448W,0,0.48040292,0.1457909792661667,0.7162837386131287,0.4201420247554779
YGR258C,YLR226W,0,0.48038727,0.14576134085655212,0.7162837386131287,0.4202420115470886
YKL049C,YNR051C,0,0.47942483,0.14573170244693756,0.7162837386131287,0.42034202814102173
YML015C,YNL268W,0,0.47888702,0.14570209383964539,0.7162837386131287,0.42044204473495483
YGR072W,YDL024C,0,0.4786202,0.1456724852323532,0.7162837386131287,0.42054206132888794
YGL084C,YNL052W,0,0.4784677,0.14564290642738342,0.7162837386131287,0.42064207792282104
YMR164C,YER109C,1,0.4783997,0.14581641554832458,0.7172827124595642,0.42064207792282104
YLR136C,YJR112W,0,0.47839788,0.1457868069410324,0.7172827124595642,0.42074206471443176
YCL038C,YGR047C,0,0.4781291,0.14575721323490143,0.7172827124595642,0.42084208130836487
YHR046C,YKL125W,0,0.47796744,0.14572761952877045,0.7172827124595642,0.420942097902298
YGR121C,YDR067C,0,0.47794598,0.14569805562496185,0.7172827124595642,0.4210421144962311
YMR060C,YDR126W,0,0.47773033,0.14566849172115326,0.7172827124595642,0.4211421012878418
YDL198C,YGL095C,0,0.47763085,0.14563894271850586,0.7172827124595642,0.4212421178817749
YPL208W,YDR074W,0,0.4775836,0.14560940861701965,0.7172827124595642,0.421342134475708
YKL186C,YPL258C,0,0.47742248,0.14557988941669464,0.7172827124595642,0.4214421510696411
YJR134C,YJL006C,0,0.47678664,0.14555037021636963,0.7172827124595642,0.4215421676635742
YOL124C,YER070W,0,0.4760828,0.145520880818367,0.7172827124595642,0.42164215445518494
YDR414C,YDR084C,0,0.47599462,0.14549139142036438,0.7172827124595642,0.42174217104911804
YOR025W,YGR071C,0,0.4757404,0.14546191692352295,0.7172827124595642,0.42184218764305115
YNL197C,YHR073W,1,0.4752267,0.1456349939107895,0.7182817459106445,0.42184218764305115
YJR088C,YJL213W,0,0.47521383,0.14560550451278687,0.7182817459106445,0.42194220423698425
YLR274W,YLR138W,0,0.47490588,0.14557603001594543,0.7182817459106445,0.42204219102859497
YGR216C,YPR159W,0,0.47481534,0.145546555519104,0.7182817459106445,0.4221422076225281
YPR132W,YER117W,0,0.4734441,0.14551709592342377,0.7182817459106445,0.4222422242164612
YPR111W,YGL094C,0,0.47325307,0.14548765122890472,0.7182817459106445,0.4223422408103943
YOL066C,YNR031C,0,0.47243422,0.14545822143554688,0.7182817459106445,0.4224422574043274
YMR238W,YAL041W,1,0.47159418,0.1456310749053955,0.7192807197570801,0.4224422574043274
YMR112C,YPR189W,0,0.4712348,0.14560161530971527,0.7192807197570801,0.4225422441959381
YOL038W,YER118C,0,0.47122693,0.14557218551635742,0.7192807197570801,0.4226422607898712
YOL018C,YOL054W,0,0.47111425,0.14554275572299957,0.7192807197570801,0.4227422773838043
YDR420W,YIR023W,0,0.47091535,0.14551334083080292,0.7192807197570801,0.4228422939777374
YBR096W,YML056C,0,0.470347,0.14548394083976746,0.7192807197570801,0.42294228076934814
YDR477W,YGL190C,1,0.47008198,0.14565657079219818,0.7202796936035156,0.42294228076934814
YGL023C,YDR245W,0,0.4698587,0.14562714099884033,0.7202796936035156,0.42304229736328125
YBR127C,YNL158W,0,0.4695201,0.14559774100780487,0.7202796936035156,0.42314231395721436
YLR010C,YDL111C,0,0.46870393,0.1455683410167694,0.7202796936035156,0.42324233055114746
YGR062C,YDR143C,0,0.46869197,0.14553895592689514,0.7202796936035156,0.42334234714508057
YFL052W,YNL330C,0,0.46747297,0.14550958573818207,0.7202796936035156,0.4234423339366913
YLR418C,YNL093W,0,0.46725807,0.1454802304506302,0.7202796936035156,0.4235423505306244
YGL032C,YOR140W,0,0.4670968,0.1454508751630783,0.7202796936035156,0.4236423671245575
YDR423C,YCR028C,0,0.46698937,0.14542153477668762,0.7202796936035156,0.4237423837184906
YER050C,YOR106W,0,0.46692815,0.14539220929145813,0.7202796936035156,0.4238423705101013
YML111W,YGR227W,0,0.46601784,0.14536289870738983,0.7202796936035156,0.4239423871040344
YAL041W,YMR023C,0,0.46586865,0.14533360302448273,0.7202796936035156,0.42404240369796753
YBR154C,YHL012W,0,0.46535408,0.14530430734157562,0.7202796936035156,0.42414242029190063
YNL085W,YER074W,0,0.4650009,0.1452750414609909,0.7202796936035156,0.42424243688583374
YNL300W,YMR088C,0,0.46462378,0.1452457755804062,0.7202796936035156,0.42434242367744446
YMR312W,YKL143W,0,0.46444413,0.14521650969982147,0.7202796936035156,0.42444244027137756
YOL038W,YMR017W,0,0.46379414,0.14518727362155914,0.7202796936035156,0.42454245686531067
YNL138W,YER108C,1,0.46372193,0.1453593671321869,0.721278727054596,0.42454245686531067
YOR221C,YBL060W,0,0.46215004,0.14533011615276337,0.721278727054596,0.4246424734592438
YAL041W,YHR042W,0,0.4617312,0.14530086517333984,0.721278727054596,0.4247424602508545
YNL079C,YHR073W,1,0.4613071,0.14547283947467804,0.7222777009010315,0.4247424602508545
YGL244W,YGR238C,0,0.46128225,0.14544357359409332,0.7222777009010315,0.4248424768447876
YGL190C,YDR027C,0,0.4612513,0.1454143226146698,0.7222777009010315,0.4249424934387207
YCR081W,YDR479C,0,0.46124142,0.14538508653640747,0.7222777009010315,0.4250425100326538
YDR318W,YKR006C,0,0.46092317,0.14535585045814514,0.7222777009010315,0.4251425266265869
YBR280C,YOR126C,0,0.46058148,0.145326629281044,0.7222777009010315,0.42524251341819763
YPL208W,YNL257C,0,0.46052694,0.14529742300510406,0.7222777009010315,0.42534253001213074
YDR140W,YGL011C,0,0.46042877,0.14526823163032532,0.7222777009010315,0.42544254660606384
YOL165C,YDR410C,0,0.46023655,0.14523905515670776,0.7222777009010315,0.42554256319999695
YMR134W,YML063W,0,0.46012026,0.1452098786830902,0.7222777009010315,0.42564254999160767
YOR270C,YOR071C,0,0.4600587,0.14518071711063385,0.7222777009010315,0.42574256658554077
YBR164C,YIR017C,0,0.4600495,0.14515157043933868,0.7222777009010315,0.4258425831794739
YGR001C,YOR295W,0,0.45934236,0.1451224386692047,0.7222777009010315,0.425942599773407
YNL169C,YML018C,0,0.45924765,0.14509332180023193,0.7222777009010315,0.4260426163673401
YNL192W,YLL051C,0,0.45884025,0.14506420493125916,0.7222777009010315,0.4261426031589508
YGL029W,YGR061C,0,0.45856112,0.14503510296344757,0.7222777009010315,0.4262426197528839
YIL066C,YDR534C,0,0.458041,0.14500601589679718,0.7222777009010315,0.426342636346817
YHL002W,YLR079W,0,0.45799977,0.14497694373130798,0.7222777009010315,0.4264426529407501
YHR011W,YLR313C,1,0.45789084,0.1451483517885208,0.7232767343521118,0.4264426529407501
YPL022W,YBL067C,0,0.45622465,0.14511926472187042,0.7232767343521118,0.42654263973236084
YLR219W,YPL180W,0,0.45578608,0.14509017765522003,0.7232767343521118,0.42664265632629395
YDL178W,YGL112C,0,0.45489243,0.14506110548973083,0.7232767343521118,0.42674267292022705
YNL261W,YHL007C,0,0.45467764,0.14503204822540283,0.7232767343521118,0.42684268951416016
YIL016W,YLR206W,0,0.45429978,0.14500300586223602,0.7232767343521118,0.42694270610809326
YGR086C,YPL053C,0,0.45424885,0.1449739634990692,0.7232767343521118,0.427042692899704
YJL024C,YDL127W,0,0.4539591,0.1449449509382248,0.7232767343521118,0.4271427094936371
YBR021W,YDR079W,0,0.4535263,0.14491593837738037,0.7232767343521118,0.4272427260875702
YGL190C,YLR396C,0,0.45301744,0.14488692581653595,0.7232767343521118,0.4273427426815033
YER172C,YMR117C,0,0.45293793,0.14485794305801392,0.7232767343521118,0.427442729473114
YLR083C,YER109C,1,0.45262226,0.1450290083885193,0.7242757081985474,0.427442729473114
YBL078C,YIR033W,0,0.4524662,0.14499999582767487,0.7242757081985474,0.4275427460670471
YLR050C,YOR194C,0,0.45242235,0.14497101306915283,0.7242757081985474,0.4276427626609802
YGR158C,YGR009C,0,0.45203525,0.1449420303106308,0.7242757081985474,0.42774277925491333
YJL159W,YMR305C,0,0.45168942,0.14491304755210876,0.7242757081985474,0.42784279584884644
YLR100W,YMR024W,0,0.45158157,0.14488409459590912,0.7242757081985474,0.42794278264045715
YPL154C,YJL149W,0,0.45094007,0.14485514163970947,0.7242757081985474,0.42804279923439026
YBL023C,YOL127W,0,0.4505813,0.14482620358467102,0.7242757081985474,0.42814281582832336
YER118C,YLR229C,1,0.45023033,0.1449970006942749,0.7252747416496277,0.42814281582832336
YBR118W,YJR143C,0,0.45016852,0.14496804773807526,0.7252747416496277,0.42824283242225647
YNL258C,YPR019W,0,0.45014483,0.1449391096830368,0.7252747416496277,0.4283428490161896
YEL037C,YDL039C,0,0.45008233,0.14491018652915955,0.7252747416496277,0.4284428358078003
YDR164C,YKL034W,0,0.448622,0.1448812633752823,0.7252747416496277,0.4285428524017334
YBR158W,YDL055C,0,0.44834518,0.14485235512256622,0.7252747416496277,0.4286428689956665
YNL117W,YHL019C,0,0.44826713,0.14482346177101135,0.7252747416496277,0.4287428855895996
YLR423C,YJR159W,0,0.44812804,0.14479456841945648,0.7252747416496277,0.4288428723812103
YIL016W,YER018C,0,0.44797412,0.144765704870224,0.7252747416496277,0.42894288897514343
YPL082C,YEL013W,0,0.44776183,0.14473684132099152,0.7252747416496277,0.42904290556907654
YKL090W,YOR014W,0,0.44769987,0.14470799267292023,0.7252747416496277,0.42914292216300964
YPL115C,YGL190C,1,0.44726408,0.14487843215465546,0.7262737154960632,0.42914292216300964
YGL210W,YKL201C,0,0.4472342,0.14484956860542297,0.7262737154960632,0.42924293875694275
YHR011W,YKL043W,1,0.44721296,0.14501991868019104,0.7272727489471436,0.42924293875694275
YBR261C,YJR126C,0,0.4469391,0.14499104022979736,0.7272727489471436,0.42934292554855347
YBR098W,YER068W,0,0.44665742,0.1449621617794037,0.7272727489471436,0.4294429421424866
YBR275C,YJR126C,0,0.44608983,0.1449333131313324,0.7272727489471436,0.4295429587364197
YDR347W,YIL016W,0,0.44601482,0.1449044644832611,0.7272727489471436,0.4296429753303528
YDR531W,YBL098W,0,0.44569775,0.14487561583518982,0.7272727489471436,0.4297429621219635
YNL272C,YMR163C,0,0.4455392,0.14484679698944092,0.7272727489471436,0.4298429787158966
YCR098C,YPL206C,0,0.445456,0.14481797814369202,0.7272727489471436,0.4299429953098297
YNL289W,YBL017C,0,0.44535005,0.1447891741991043,0.7272727489471436,0.4300430119037628
YPL045W,YPL085W,0,0.44482628,0.1447603851556778,0.7272727489471436,0.4301430284976959
YPL217C,YPR091C,0,0.44438368,0.14473161101341248,0.7272727489471436,0.43024301528930664
YLR238W,YAL016W,0,0.44359574,0.14470283687114716,0.7272727489471436,0.43034303188323975
YMR013C,YBR044C,0,0.44358277,0.14467409253120422,0.7272727489471436,0.43044304847717285
YER019W,YPL095C,0,0.44349933,0.1446453481912613,0.7272727489471436,0.43054306507110596
YBR299W,YOL068C,0,0.44281012,0.14461660385131836,0.7272727489471436,0.4306430518627167
YPL048W,YLR439W,0,0.44277227,0.14458788931369781,0.7272727489471436,0.4307430684566498
YKL024C,YPR187W,0,0.4426018,0.14455917477607727,0.7272727489471436,0.4308430850505829
YER001W,YDL132W,0,0.44246238,0.14453047513961792,0.7272727489471436,0.430943101644516
YKR065C,YER124C,0,0.4420644,0.14450179040431976,0.7272727489471436,0.4310431182384491
YDR081C,YDR202C,0,0.4417646,0.1444731056690216,0.7272727489471436,0.4311431050300598
YMR083W,YDR047W,0,0.44169813,0.14444445073604584,0.7272727489471436,0.4312431216239929
YHL027W,YGL100W,0,0.44159275,0.14441579580307007,0.7272727489471436,0.431343138217926
YGL019W,YPL106C,0,0.4414887,0.1443871408700943,0.7272727489471436,0.43144315481185913
YBR024W,YDL092W,0,0.4407271,0.14435851573944092,0.7272727489471436,0.43154314160346985
YNR031C,YGL170C,0,0.44047827,0.14432989060878754,0.7272727489471436,0.43164315819740295
YMR296C,YDR510W,0,0.44030082,0.14430129528045654,0.7272727489471436,0.43174317479133606
YOR035C,YDR452W,0,0.44029284,0.14427268505096436,0.7272727489471436,0.43184319138526917
YBR058C-A,YER104W,0,0.44018745,0.14424410462379456,0.7272727489471436,0.43194320797920227
YDR496C,YHR112C,0,0.44016427,0.14421552419662476,0.7272727489471436,0.432043194770813
YCR042C,YEL071W,0,0.4398829,0.14418697357177734,0.7272727489471436,0.4321432113647461
YOR255W,YER039C,0,0.4398825,0.14415842294692993,0.7272727489471436,0.4322432279586792
YPR070W,YJL062W,0,0.43974704,0.14412987232208252,0.7272727489471436,0.4323432445526123
YKL195W,YBR223C,0,0.43955034,0.1441013514995575,0.7272727489471436,0.432443231344223
YGL158W,YMR139W,0,0.43942255,0.14407283067703247,0.7272727489471436,0.43254324793815613
YJL165C,YOR153W,0,0.43878472,0.14404432475566864,0.7272727489471436,0.43264326453208923
YLR086W,YLR069C,0,0.4387836,0.1440158188343048,0.7272727489471436,0.43274328112602234
YJL115W,YDL133C-A,0,0.43841997,0.14398734271526337,0.7272727489471436,0.43284329771995544
YDR405W,YBR298C,0,0.43802524,0.14395886659622192,0.7272727489471436,0.43294328451156616
YER058W,YDR202C,0,0.43798912,0.14393040537834167,0.7272727489471436,0.43304330110549927
YML075C,YGL148W,0,0.43747887,0.14390195906162262,0.7272727489471436,0.4331433176994324
YBR176W,YBL066C,0,0.437476,0.14387351274490356,0.7272727489471436,0.4332433342933655
YLR343W,YLR203C,0,0.43689328,0.1438450962305069,0.7272727489471436,0.4333433210849762
YHR016C,YPL214C,0,0.43673807,0.14381667971611023,0.7272727489471436,0.4334433376789093
YDL115C,YFL029C,0,0.4365442,0.14378826320171356,0.7272727489471436,0.4335433542728424
YNL098C,YER108C,1,0.43578386,0.14395734667778015,0.7282717227935791,0.4335433542728424
YER020W,YOR054C,0,0.43556368,0.14392893016338348,0.7282717227935791,0.4336433708667755
YHR115C,YMR025W,0,0.43551177,0.14390051364898682,0.7282717227935791,0.4337433874607086
YDR440W,YJL071W,0,0.4351708,0.14387211203575134,0.7282717227935791,0.43384337425231934
YPL084W,YNR035C,0,0.43496284,0.14384372532367706,0.7282717227935791,0.43394339084625244
YKR068C,YJL036W,0,0.4347981,0.14381535351276398,0.7282717227935791,0.43404340744018555
YOL010W,YBR058C,0,0.43453613,0.1437869817018509,0.7282717227935791,0.43414342403411865
YOL001W,YIL035C,0,0.4345065,0.143758624792099,0.7282717227935791,0.43424341082572937
YLR219W,YJR077C,0,0.43389118,0.1437302827835083,0.7282717227935791,0.4343434274196625
YDR012W,YMR223W,0,0.43345633,0.1437019556760788,0.7282717227935791,0.4344434440135956
YLR130C,YBR014C,0,0.43274635,0.1436736285686493,0.7282717227935791,0.4345434606075287
YNL331C,YAL058W,0,0.43246615,0.14364531636238098,0.7282717227935791,0.4346434772014618
YKR054C,YJR140C,0,0.43220615,0.14361701905727386,0.7282717227935791,0.4347434639930725
YNL079C,YLR313C,1,0.4314379,0.14378570020198822,0.7292707562446594,0.4347434639930725
YJR153W,YER177W,1,0.4304319,0.1439543068408966,0.730269730091095,0.4347434639930725
YPL046C,YDL126C,0,0.43039787,0.1439259648323059,0.730269730091095,0.4348434805870056
YDL097C,YOR057W,0,0.4295627,0.1438976377248764,0.730269730091095,0.4349434971809387
YNL097C,YNL279W,0,0.4291436,0.1438693106174469,0.730269730091095,0.4350435137748718
YOR198C,YNL261W,0,0.42859584,0.14384101331233978,0.730269730091095,0.43514350056648254
YMR287C,YFR036W,0,0.42835253,0.14381271600723267,0.730269730091095,0.43524351716041565
YGL089C,YHR043C,0,0.42806193,0.14378441870212555,0.730269730091095,0.43534353375434875
YPR125W,YBR260C,0,0.427743,0.14375615119934082,0.730269730091095,0.43544355034828186
YFL003C,YBR281C,0,0.4277015,0.1437278836965561,0.730269730091095,0.43554356694221497
YJL172W,YJL128C,0,0.42765665,0.14369963109493256,0.730269730091095,0.4356435537338257
YKL185W,YKL043W,1,0.42720655,0.14386792480945587,0.7312687039375305,0.4356435537338257
YOR173W,YKL171W,0,0.42467088,0.14383965730667114,0.7312687039375305,0.4357435703277588
YOL066C,YJL042W,0,0.4244715,0.1438113898038864,0.7312687039375305,0.4358435869216919
YMR013C,YOR083W,0,0.42439416,0.14378315210342407,0.7312687039375305,0.435943603515625
YGR118W,YDR140W,0,0.4242939,0.14375491440296173,0.7312687039375305,0.4360435903072357
YOR328W,YOR080W,0,0.42387733,0.1437266767024994,0.7312687039375305,0.4361436069011688
YJL145W,YIL040W,0,0.42352572,0.14369846880435944,0.7312687039375305,0.43624362349510193
YDR489W,YKR101W,0,0.42352122,0.14367026090621948,0.7312687039375305,0.43634364008903503
YOR284W,YGR074W,0,0.42341506,0.14364206790924072,0.7312687039375305,0.43644365668296814
YMR159C,YMR161W,0,0.4226975,0.14361388981342316,0.7312687039375305,0.43654364347457886
YER130C,YBR036C,0,0.4218508,0.14358572661876678,0.7312687039375305,0.43664366006851196
YNR069C,YJR083C,0,0.42155567,0.1435575634241104,0.7312687039375305,0.43674367666244507
YJR126C,YNL321W,0,0.42151535,0.14352941513061523,0.7312687039375305,0.4368436932563782
YLR313C,YER108C,1,0.4211951,0.1436973214149475,0.7322677373886108,0.4368436932563782
YGL212W,YHR091C,0,0.4210597,0.14366914331912994,0.7322677373886108,0.4369436800479889
YJR110W,YKL173W,0,0.42084014,0.14364099502563477,0.7322677373886108,0.437043696641922
YCR026C,YDR478W,0,0.42064267,0.1436128467321396,0.7322677373886108,0.4371437132358551
YPR023C,YMR211W,0,0.42050213,0.1435847282409668,0.7322677373886108,0.4372437298297882
YLR135W,YIL027C,0,0.4204191,0.1435565948486328,0.7322677373886108,0.4373437464237213
YNR004W,YKL095W,0,0.41934437,0.14352849125862122,0.7322677373886108,0.43744373321533203
YOR371C,YKR046C,0,0.41805765,0.14350038766860962,0.7322677373886108,0.43754374980926514
YDR363W-A,YDL146W,0,0.4174261,0.14347229897975922,0.7322677373886108,0.43764376640319824
YNL272C,YHL004W,0,0.41741338,0.14344422519207,0.7322677373886108,0.43774378299713135
YFR041C,YGL060W,0,0.41706878,0.143416166305542,0.7322677373886108,0.43784376978874207
YKL208W,YNL037C,0,0.41700396,0.14338810741901398,0.7322677373886108,0.43794378638267517
YFR021W,YLL039C,0,0.4168291,0.14336006343364716,0.7322677373886108,0.4380438029766083
YDR208W,YBR160W,0,0.41629332,0.14333203434944153,0.7322677373886108,0.4381438195705414
YPR079W,YPR171W,0,0.41629308,0.1433040052652359,0.7322677373886108,0.4382438361644745
YLR086W,YPR002W,0,0.4157991,0.14327599108219147,0.7322677373886108,0.4383438229560852
YDR162C,YDL028C,0,0.41559586,0.14324799180030823,0.7322677373886108,0.4384438395500183
YDR371W,YNL085W,0,0.4146562,0.14322000741958618,0.7322677373886108,0.4385438561439514
YOL094C,YPL252C,0,0.41432,0.14319202303886414,0.7322677373886108,0.4386438727378845
YOR028C,YMR281W,0,0.41429776,0.14316406846046448,0.7322677373886108,0.43874385952949524
YIL076W,YDR389W,0,0.41387454,0.14313609898090363,0.7322677373886108,0.43884387612342834
YBL066C,YMR282C,0,0.41369057,0.14310815930366516,0.7322677373886108,0.43894389271736145
YKL210W,YNL086W,0,0.412951,0.1430802196264267,0.7322677373886108,0.43904390931129456
YDR018C,YDR408C,0,0.41204736,0.14305230975151062,0.7322677373886108,0.43914392590522766
YOR291W,YOL138C,0,0.4118339,0.14302438497543335,0.7322677373886108,0.4392439126968384
YOR317W,YBL091C-A,0,0.41174984,0.14299649000167847,0.7322677373886108,0.4393439292907715
YMR214W,YMR150C,0,0.41154194,0.14296859502792358,0.7322677373886108,0.4394439458847046
YEL036C,YOL147C,0,0.41073403,0.1429407149553299,0.7322677373886108,0.4395439624786377
YAL056W,YDL035C,1,0.41030005,0.1431078165769577,0.7332667112350464,0.4395439624786377
YPR094W,YGL131C,0,0.40999228,0.14307992160320282,0.7332667112350464,0.4396439790725708
YDL159W,YOR032C,1,0.4095618,0.14324693381786346,0.7342657446861267,0.4396439790725708
YKL028W,YDL107W,0,0.4093568,0.1432190239429474,0.7342657446861267,0.4397439658641815
YHR058C,YJR110W,0,0.4083406,0.1431911140680313,0.7342657446861267,0.4398439824581146
YDR130C,YIR015W,0,0.40826327,0.14316321909427643,0.7342657446861267,0.43994399905204773
YOR179C,YIL040W,0,0.40822655,0.14313533902168274,0.7342657446861267,0.44004401564598083
YCR008W,YJL178C,0,0.4078786,0.14310747385025024,0.7342657446861267,0.44014400243759155
YDR356W,YJL005W,0,0.4067452,0.14307962357997894,0.7342657446861267,0.44024401903152466
YML033W,YFL055W,0,0.40668494,0.14305177330970764,0.7342657446861267,0.44034403562545776
YER112W,YER052C,0,0.40619546,0.14302393794059753,0.7342657446861267,0.44044405221939087
YBR058C-A,YDL020C,0,0.4061674,0.14299610257148743,0.7342657446861267,0.440544068813324
YDR477W,YPL115C,1,0.40586072,0.143162801861763,0.7352647185325623,0.440544068813324
YGR036C,YDR368W,0,0.40552503,0.1431349664926529,0.7352647185325623,0.4406440556049347
YNL008C,YKL212W,0,0.40298104,0.14310713112354279,0.7352647185325623,0.4407440721988678
YKL185W,YDL035C,1,0.40285456,0.1432737112045288,0.7362637519836426,0.4407440721988678
YJR134C,YMR198W,0,0.402766,0.1432458758354187,0.7362637519836426,0.4408440887928009
YOR115C,YOL031C,0,0.40206414,0.1432180404663086,0.7362637519836426,0.440944105386734
YPL177C,YGR251W,0,0.4018961,0.1431902050971985,0.7362637519836426,0.4410440921783447
YLR025W,YER087C-A,0,0.40181398,0.14316239953041077,0.7362637519836426,0.44114410877227783
YKL020C,YDR252W,0,0.4017193,0.14313459396362305,0.7362637519836426,0.44124412536621094
YJR099W,YPL101W,0,0.4014749,0.14310680329799652,0.7362637519836426,0.44134414196014404
YGL232W,YDL022W,0,0.40096158,0.14307901263237,0.7362637519836426,0.44144415855407715
YBR291C,YPL181W,0,0.40016615,0.14305123686790466,0.7362637519836426,0.44154414534568787
YOR061W,YGL175C,0,0.39971715,0.14302347600460052,0.7362637519836426,0.44164416193962097
YDR410C,YER074W-A,0,0.39940554,0.14299573004245758,0.7362637519836426,0.4417441785335541
YPL032C,YJL207C,0,0.39912134,0.14296799898147583,0.7362637519836426,0.4418441951274872
YGR054W,YGR192C,0,0.3986956,0.14294026792049408,0.7362637519836426,0.4419441819190979
YNR028W,YBL103C,0,0.3982805,0.14291255176067352,0.7362637519836426,0.442044198513031
YDR476C,YMR123W,0,0.39675403,0.14288483560085297,0.7362637519836426,0.4421442151069641
YLR216C,YBR234C,0,0.39661637,0.1428571492433548,0.7362637519836426,0.4422442317008972
YOR298C-A,YMR179W,0,0.3961999,0.14282946288585663,0.7362637519836426,0.4423442482948303
YDR043C,YOR298W,0,0.3958569,0.14280177652835846,0.7362637519836426,0.44244423508644104
YER109C,YDR432W,1,0.3958333,0.1429678350687027,0.7372627258300781,0.44244423508644104
YER027C,YBR037C,0,0.39576963,0.14294014871120453,0.7372627258300781,0.44254425168037415
YKL160W,YDL236W,0,0.39551714,0.14291247725486755,0.7372627258300781,0.44264426827430725
YOL066C,YBR294W,0,0.39449358,0.14288480579853058,0.7372627258300781,0.44274428486824036
YAL033W,YLR057W,0,0.3943829,0.1428571492433548,0.7372627258300781,0.4428442716598511
YDR294C,YNR020C,0,0.39418346,0.14282949268817902,0.7372627258300781,0.4429442882537842
YOR261C,YBR129C,0,0.3940438,0.14280185103416443,0.7372627258300781,0.4430443048477173
YMR204C,YMR319C,0,0.39397952,0.14277422428131104,0.7372627258300781,0.4431443214416504
YLR414C,YKL011C,0,0.3938652,0.14274661242961884,0.7372627258300781,0.4432443380355835
YOR054C,YOR188W,0,0.39382678,0.14271901547908783,0.7372627258300781,0.4433443248271942
YJR025C,YGR163W,0,0.39372137,0.14269141852855682,0.7372627258300781,0.4434443414211273
YJL095W,YNL239W,0,0.3935358,0.142663836479187,0.7372627258300781,0.4435443580150604
YDR334W,YOR143C,0,0.39328176,0.1426362544298172,0.7372627258300781,0.44364437460899353
YDL065C,YHR050W,0,0.3930059,0.14260870218276978,0.7372627258300781,0.44374436140060425
YDL222C,YMR165C,0,0.3924102,0.14258114993572235,0.7372627258300781,0.44384437799453735
YER074W,YDL232W,0,0.39185193,0.14255359768867493,0.7372627258300781,0.44394439458847046
YDR294C,YMR078C,0,0.39172623,0.1425260752439499,0.7372627258300781,0.44404441118240356
YNL110C,YGR214W,0,0.39165288,0.14249855279922485,0.7372627258300781,0.44414442777633667
YOL016C,YER061C,0,0.39116222,0.142471045255661,0.7372627258300781,0.4442444145679474
YER109C,YER149C,1,0.3911162,0.14263655245304108,0.7382617592811584,0.4442444145679474
YHR115C,YNL021W,0,0.3909101,0.14260903000831604,0.7382617592811584,0.4443444311618805
YLR313C,YNL271C,1,0.39082694,0.14277444779872894,0.739260733127594,0.4443444311618805
YMR164C,YHR050W,0,0.39072758,0.1427469104528427,0.739260733127594,0.4444444477558136
YML132W,YBR274W,0,0.39023614,0.14271938800811768,0.739260733127594,0.4445444643497467
YPR029C,YDR540C,0,0.39002222,0.14269186556339264,0.739260733127594,0.4446444511413574
YDL042C,YJL103C,0,0.38971046,0.1426643580198288,0.739260733127594,0.4447444677352905
YLR095C,YCL018W,0,0.3891706,0.14263685047626495,0.739260733127594,0.44484448432922363
YLR105C,YML073C,0,0.38912258,0.1426093727350235,0.739260733127594,0.44494450092315674
YLR165C,YKL139W,0,0.38903847,0.14258189499378204,0.739260733127594,0.44504451751708984
YOR321W,YDR085C,0,0.3883309,0.1425544172525406,0.739260733127594,0.44514450430870056
YGR159C,YMR199W,0,0.38829404,0.14252696931362152,0.739260733127594,0.44524452090263367
YMR314W,YLR155C,0,0.38825658,0.14249952137470245,0.739260733127594,0.4453445374965668
YBL058W,YDR478W,0,0.3879974,0.14247208833694458,0.739260733127594,0.4454445540904999
YMR266W,YDR529C,0,0.38797194,0.1424446552991867,0.739260733127594,0.4455445408821106
YCR083W,YPR005C,0,0.38787156,0.14241723716259003,0.739260733127594,0.4456445574760437
YGR171C,YML110C,0,0.3877597,0.14238983392715454,0.739260733127594,0.4457445740699768
YFR006W,YGL249W,0,0.38736302,0.14236244559288025,0.739260733127594,0.4458445906639099
YNL030W,YLL003W,0,0.38688737,0.14233505725860596,0.739260733127594,0.445944607257843
YNL072W,YCL069W,0,0.3857979,0.14230769872665405,0.739260733127594,0.44604459404945374
YAL041W,YJL151C,0,0.38555312,0.14228032529354095,0.739260733127594,0.44614461064338684
YDL171C,YGR188C,0,0.3854893,0.14225298166275024,0.739260733127594,0.44624462723731995
YIL110W,YDR079W,0,0.38498834,0.14222563803195953,0.739260733127594,0.44634464383125305
YGR240C,YLL010C,0,0.38490283,0.14219830930233002,0.739260733127594,0.44644463062286377
YDL132W,YLR371W,0,0.38488388,0.1421709954738617,0.739260733127594,0.4465446472167969
YMR023C,YOR311C,0,0.3847608,0.14214368164539337,0.739260733127594,0.44664466381073
YIL016W,YBL057C,0,0.38419998,0.14211638271808624,0.739260733127594,0.4467446804046631
YDR162C,YER110C,0,0.38369164,0.1420890986919403,0.739260733127594,0.4468446969985962
YKL189W,YBR120C,0,0.38301742,0.14206181466579437,0.739260733127594,0.4469446837902069
YDR294C,YGR089W,0,0.3826911,0.14203454554080963,0.739260733127594,0.44704470038414
YFR044C,YJR064W,0,0.3821069,0.14200729131698608,0.739260733127594,0.4471447169780731
YER089C,YBR058C-A,0,0.38203973,0.14198005199432373,0.739260733127594,0.4472447335720062
YBR035C,YBR150C,0,0.38199663,0.14195281267166138,0.739260733127594,0.44734472036361694
YOR198C,YLR295C,0,0.3817677,0.14192558825016022,0.739260733127594,0.44744473695755005
YOR125C,YJL176C,0,0.38111755,0.14189836382865906,0.739260733127594,0.44754475355148315
YMR094W,YGR076C,0,0.38056996,0.14187116920948029,0.739260733127594,0.44764477014541626
YDR392W,YER177W,1,0.3803786,0.14203564822673798,0.7402597665786743,0.44764477014541626
YER109C,YHR073W,1,0.38025498,0.14220008254051208,0.7412587404251099,0.44764477014541626
YDR392W,YCR093W,1,0.38023216,0.14236444234848022,0.7422577142715454,0.44764477014541626
YLR188W,YEL037C,0,0.37983373,0.1423371583223343,0.7422577142715454,0.44774478673934937
YGR289C,YMR165C,0,0.37957636,0.14230990409851074,0.7422577142715454,0.4478447735309601
YOR386W,YLR372W,0,0.3793349,0.1422826498746872,0.7422577142715454,0.4479447901248932
YMR005W,YGR239C,0,0.3790626,0.14225541055202484,0.7422577142715454,0.4480448067188263
YML112W,YNL067W,0,0.3782918,0.1422281712293625,0.7422577142715454,0.4481448233127594
YDR485C,YLR233C,0,0.37821025,0.14220096170902252,0.7422577142715454,0.4482448101043701
YPL037C,YFR004W,0,0.3766837,0.14217375218868256,0.7422577142715454,0.4483448266983032
YDR450W,YER122C,0,0.3761939,0.1421465426683426,0.7422577142715454,0.44844484329223633
YMR083W,YJR091C,0,0.37609053,0.142119362950325,0.7422577142715454,0.44854485988616943
YJL121C,YOL071W,0,0.37604538,0.14209218323230743,0.7422577142715454,0.44864487648010254
YKL189W,YLR038C,0,0.37596056,0.14206500351428986,0.7422577142715454,0.44874486327171326
YCL026C-B,YBR103W,0,0.37568793,0.14203785359859467,0.7422577142715454,0.44884487986564636
YOL145C,YMR280C,0,0.37558594,0.14201070368289948,0.7422577142715454,0.44894489645957947
YBL006C,YBR217W,0,0.37368396,0.14198356866836548,0.7422577142715454,0.4490449130535126
YLR359W,YHL004W,0,0.3735942,0.14195643365383148,0.7422577142715454,0.4491448998451233
YNL281W,YGR206W,0,0.37356848,0.14192932844161987,0.7422577142715454,0.4492449164390564
YNL138W,YDR107C,1,0.37353805,0.14209319651126862,0.7432567477226257,0.4492449164390564
YKR048C,YLR183C,0,0.37344676,0.14206606149673462,0.7432567477226257,0.4493449330329895
YDR446W,YHR057C,0,0.37344033,0.14203894138336182,0.7432567477226257,0.4494449496269226
YJL178C,YGR199W,0,0.37334463,0.1420118361711502,0.7432567477226257,0.4495449662208557
YJL209W,YHR101C,0,0.37330526,0.1419847309589386,0.7432567477226257,0.44964495301246643
YPL227C,YOL088C,0,0.37330317,0.14195764064788818,0.7432567477226257,0.44974496960639954
YMR198W,YER172C,0,0.37258634,0.14193056523799896,0.7432567477226257,0.44984498620033264
YJL085W,YOL064C,0,0.37202346,0.14190348982810974,0.7432567477226257,0.44994500279426575
YDR460W,YLR126C,0,0.3710674,0.1418764293193817,0.7432567477226257,0.45004501938819885
YMR135C,YDR494W,0,0.37077978,0.14184938371181488,0.7432567477226257,0.45014500617980957
YHL002W,YLR186W,0,0.3707601,0.14182233810424805,0.7432567477226257,0.4502450227737427
YNL147W,YPL232W,0,0.37019354,0.1417953073978424,0.7432567477226257,0.4503450393676758
YNL270C,YLR427W,0,0.37009603,0.14176829159259796,0.7432567477226257,0.4504450559616089
YDR330W,YJL062W,0,0.37005982,0.1417412906885147,0.7432567477226257,0.4505450427532196
YDR205W,YCR011C,0,0.3697855,0.14171428978443146,0.7432567477226257,0.4506450593471527
YOR303W,YCR034W,0,0.36950675,0.1416873037815094,0.7432567477226257,0.4507450759410858
YBR082C,YER019W,0,0.36944938,0.14166031777858734,0.7432567477226257,0.4508450925350189
YIL150C,YER083C,0,0.3692898,0.14163334667682648,0.7432567477226257,0.450945109128952
YBL026W,YLR088W,0,0.36913028,0.1416063904762268,0.7432567477226257,0.45104509592056274
YBR236C,YGR186W,0,0.3689235,0.14157944917678833,0.7432567477226257,0.45114511251449585
YBR251W,YOR122C,0,0.3687183,0.14155250787734985,0.7432567477226257,0.45124512910842896
YIL039W,YPL183W-A,0,0.36808914,0.14152558147907257,0.7432567477226257,0.45134514570236206
YKR002W,YOL006C,0,0.367466,0.14149866998195648,0.7432567477226257,0.4514451324939728
YDR456W,YAL033W,0,0.36743832,0.1414717584848404,0.7432567477226257,0.4515451490879059
YMR020W,YNL281W,0,0.36683002,0.1414448618888855,0.7432567477226257,0.451645165681839
YNL284C,YDR448W,0,0.3665437,0.1414179801940918,0.7432567477226257,0.4517451822757721
YJR044C,YBL020W,0,0.36627793,0.1413911134004593,0.7432567477226257,0.4518451988697052
YDR392W,YKL048C,1,0.36598906,0.14155425131320953,0.7442557215690613,0.4518451988697052
YJR153W,YPL115C,1,0.36463845,0.141717329621315,0.7452547550201416,0.4518451988697052
YGL157W,YDR356W,0,0.3639474,0.14169040322303772,0.7452547550201416,0.4519451856613159
YMR316W,YER108C,1,0.36368686,0.14185339212417603,0.7462537288665771,0.4519451856613159
YPL149W,YGR113W,0,0.3634021,0.14182646572589874,0.7462537288665771,0.452045202255249
YNR049C,YOL149W,0,0.36330077,0.14179953932762146,0.7462537288665771,0.45214521884918213
YJR060W,YDR518W,0,0.3630913,0.14177262783050537,0.7462537288665771,0.45224523544311523
YML123C,YLR380W,0,0.36288428,0.14174573123455048,0.7462537288665771,0.45234522223472595
YNL309W,YJR058C,0,0.36202097,0.14171883463859558,0.7462537288665771,0.45244523882865906
YLR216C,YDR064W,0,0.36196935,0.14169195294380188,0.7462537288665771,0.45254525542259216
YMR268W-A,YCR072C,0,0.3612517,0.14166508615016937,0.7462537288665771,0.45264527201652527
YMR168C,YJL092W,0,0.36116275,0.14163821935653687,0.7462537288665771,0.4527452886104584
YGL035C,YMR112C,0,0.36082435,0.14161136746406555,0.7462537288665771,0.4528452754020691
YLR089C,YIR005W,0,0.36062872,0.14158453047275543,0.7462537288665771,0.4529452919960022
YMR164C,YER149C,1,0.3603964,0.14174720644950867,0.7472527623176575,0.4529452919960022
YOR221C,YGL254W,0,0.35986263,0.14172035455703735,0.7472527623176575,0.4530453085899353
YHR026W,YLR237W,0,0.35944295,0.14169350266456604,0.7472527623176575,0.4531453251838684
YGR258C,YHR025W,0,0.3593418,0.14166666567325592,0.7472527623176575,0.4532453119754791
YDR254W,YNL116W,0,0.35926548,0.141639843583107,0.7472527623176575,0.45334532856941223
YBR222C,YMR287C,0,0.3592443,0.14161302149295807,0.7472527623176575,0.45344534516334534
YOL052C,YPR016C,0,0.35923997,0.14158621430397034,0.7472527623176575,0.45354536175727844
YNR008W,YIR033W,0,0.359082,0.1415594220161438,0.7472527623176575,0.45364537835121155
YHR129C,YMR270C,0,0.35742286,0.14153264462947845,0.7472527623176575,0.45374536514282227
YBR132C,YDR450W,0,0.3568282,0.1415058672428131,0.7472527623176575,0.45384538173675537
YNR060W,YBL091C-A,0,0.35669205,0.14147910475730896,0.7472527623176575,0.4539453983306885
YNL001W,YHL001W,0,0.35599557,0.1414523422718048,0.7472527623176575,0.4540454149246216
YJR029W,YLR332W,0,0.35587886,0.14142559468746185,0.7472527623176575,0.4541454017162323
YNL282W,YOR118W,0,0.35586393,0.1413988620042801,0.7472527623176575,0.4542454183101654
YOR328W,YGR074W,0,0.35565034,0.14137214422225952,0.7472527623176575,0.4543454349040985
YGR220C,YFR037C,0,0.3549825,0.14134542644023895,0.7472527623176575,0.4544454514980316
YDR107C,YPL021W,1,0.35490367,0.14150765538215637,0.748251736164093,0.4544454514980316
YPR162C,YDL066W,0,0.35356295,0.1414809226989746,0.748251736164093,0.4545454680919647
YBR217W,YDR311W,0,0.35286725,0.14145420491695404,0.748251736164093,0.45464545488357544
YIL026C,YNL169C,0,0.35222882,0.14142748713493347,0.748251736164093,0.45474547147750854
YLR026C,YGL003C,0,0.35137668,0.1414007991552353,0.748251736164093,0.45484548807144165
YJL046W,YOR064C,0,0.35104114,0.14137409627437592,0.748251736164093,0.45494550466537476
YOL058W,YIL159W,0,0.35061297,0.14134742319583893,0.748251736164093,0.4550454914569855
YJL102W,YMR244C-A,0,0.35049176,0.14132075011730194,0.748251736164093,0.4551455080509186
YGR278W,YHR135C,0,0.34964925,0.14129409193992615,0.748251736164093,0.4552455246448517
YFL024C,YGR020C,0,0.34904215,0.14126744866371155,0.748251736164093,0.4553455412387848
YDR099W,YHR111W,1,0.34880495,0.1414293795824051,0.7492507696151733,0.4553455412387848
YIL110W,YOL140W,0,0.3476991,0.1414027214050293,0.7492507696151733,0.4554455578327179
YBL071W-A,YIL159W,0,0.34769642,0.1413760632276535,0.7492507696151733,0.4555455446243286
YDR211W,YDL171C,0,0.34766865,0.1413494199514389,0.7492507696151733,0.4556455612182617
YKL048C,YIR019C,1,0.34722072,0.1415112167596817,0.7502497434616089,0.4556455612182617
YCR038C,YHR084W,1,0.34710667,0.14167293906211853,0.7512487769126892,0.4556455612182617
YKL126W,YGL137W,0,0.34666735,0.14164626598358154,0.7512487769126892,0.4557455778121948
YKL124W,YGR009C,0,0.34640867,0.14161959290504456,0.7512487769126892,0.45584559440612793
YDR096W,YDL070W,0,0.34632358,0.14159291982650757,0.7512487769126892,0.45594558119773865
YIR035C,YMR283C,0,0.34518725,0.14156626164913177,0.7512487769126892,0.45604559779167175
YLR385C,YMR218C,0,0.34507537,0.14153961837291718,0.7512487769126892,0.45614561438560486
YMR013C,YOR270C,0,0.34342808,0.14151298999786377,0.7512487769126892,0.45624563097953796
YER025W,YPL090C,0,0.3432511,0.14148636162281036,0.7512487769126892,0.45634564757347107
YHR111W,YKL149C,1,0.34285334,0.14164786040782928,0.7522477507591248,0.45634564757347107
YDR404C,YNL071W,0,0.34271082,0.14162121713161469,0.7522477507591248,0.4564456343650818
YML027W,YPL026C,0,0.34208298,0.14159458875656128,0.7522477507591248,0.4565456509590149
YOR061W,YIR025W,0,0.34083673,0.14156796038150787,0.7522477507591248,0.456645667552948
YNR072W,YPR138C,0,0.34082738,0.14154134690761566,0.7522477507591248,0.4567456841468811
YDR298C,YLR359W,0,0.34076694,0.14151474833488464,0.7522477507591248,0.4568456709384918
YDR358W,YML118W,0,0.34064326,0.14148816466331482,0.7522477507591248,0.4569456875324249
YLR362W,YKL139W,0,0.33854428,0.141461580991745,0.7522477507591248,0.45704570412635803
YIR022W,YHL047C,0,0.33843744,0.14143501222133636,0.7522477507591248,0.45714572072029114
YMR017W,YGL241W,0,0.33837014,0.14140844345092773,0.7522477507591248,0.45724573731422424
YGR258C,YDL028C,0,0.3378445,0.1413819044828415,0.7522477507591248,0.45734572410583496
YPL022W,YJL082W,0,0.33710602,0.14135536551475525,0.7522477507591248,0.45744574069976807
YHL032C,YGR263C,0,0.33703336,0.141328826546669,0.7522477507591248,0.45754575729370117
YOR030W,YHR073W,1,0.33664376,0.14148996770381927,0.7532467246055603,0.45754575729370117
YOR332W,YBR172C,0,0.33656618,0.14146341383457184,0.7532467246055603,0.4576457738876343
YDR477W,YHR084W,1,0.33650684,0.14162446558475494,0.7542457580566406,0.4576457738876343
YOL136C,YPR020W,0,0.3362964,0.1415978968143463,0.7542457580566406,0.457745760679245
YNL135C,YOR251C,0,0.33501303,0.14157134294509888,0.7542457580566406,0.4578457772731781
YDL056W,YML056C,0,0.33464733,0.14154480397701263,0.7542457580566406,0.4579457938671112
YPR026W,YOL113W,0,0.33439186,0.14151827991008759,0.7542457580566406,0.4580458104610443
YIL088C,YLR266C,0,0.33427066,0.14149175584316254,0.7542457580566406,0.4581458270549774
YKL027W,YBL019W,0,0.33404756,0.14146524667739868,0.7542457580566406,0.45824581384658813
YBR111W-A,YDR206W,0,0.33398566,0.14143873751163483,0.7542457580566406,0.45834583044052124
YJL138C,YDR051C,0,0.333958,0.14141224324703217,0.7542457580566406,0.45844584703445435
YLR151C,YPR079W,0,0.33389485,0.1413857638835907,0.7542457580566406,0.45854586362838745
YLR064W,YGL014W,0,0.33367866,0.14135929942131042,0.7542457580566406,0.45864585041999817
YIR032C,YGL191W,0,0.3334064,0.14133283495903015,0.7542457580566406,0.4587458670139313
YLR312C-B,YNL142W,1,0.3332767,0.1414935439825058,0.7552447319030762,0.4587458670139313
YDR216W,YPR192W,0,0.3328141,0.14146706461906433,0.7552447319030762,0.4588458836078644
YGL010W,YOR329C,0,0.33276403,0.14144060015678406,0.7552447319030762,0.4589459002017975
YDR006C,YER106W,0,0.3316373,0.14141413569450378,0.7552447319030762,0.4590459167957306
YLR148W,YBL105C,0,0.3310718,0.1413877010345459,0.7552447319030762,0.4591459035873413
YOR147W,YJL056C,0,0.33094862,0.14136125147342682,0.7552447319030762,0.4592459201812744
YKL200C,YLL033W,0,0.33090612,0.14133483171463013,0.7552447319030762,0.4593459367752075
YJR153W,YER118C,1,0.3307219,0.14149533212184906,0.7562437653541565,0.4593459367752075
YOL018C,YFL054C,0,0.3305936,0.14146888256072998,0.7562437653541565,0.4594459533691406
YDL059C,YHR152W,0,0.3304963,0.1414424479007721,0.7562437653541565,0.45954594016075134
YLR390W,YGR063C,0,0.3304844,0.1414160281419754,0.7562437653541565,0.45964595675468445
YAR066W,YER021W,0,0.33028948,0.1413896083831787,0.7562437653541565,0.45974597334861755
YHR067W,YML037C,0,0.32997614,0.1413632184267044,0.7562437653541565,0.45984598994255066
YNL116W,YLR117C,0,0.32979667,0.1413368135690689,0.7562437653541565,0.45994600653648376
YKR001C,YOR306C,0,0.32951722,0.1413104385137558,0.7562437653541565,0.4600459933280945
YOR032C,YOR371C,1,0.32917777,0.14147070050239563,0.757242739200592,0.4600459933280945
YBR041W,YMR203W,0,0.3285129,0.14144429564476013,0.757242739200592,0.4601460099220276
YDR138W,YLR381W,0,0.32725066,0.14141790568828583,0.757242739200592,0.4602460265159607
YDR031W,YKL193C,0,0.32675296,0.14139153063297272,0.757242739200592,0.4603460431098938
YOR301W,YPL232W,0,0.3265587,0.1413651555776596,0.757242739200592,0.4604460299015045
YOR324C,YLR307W,0,0.32563943,0.14133881032466888,0.757242739200592,0.4605460464954376
YNL182C,YGR272C,0,0.3250798,0.14131245017051697,0.757242739200592,0.4606460630893707
YCL004W,YKL074C,0,0.32478625,0.14128611981868744,0.757242739200592,0.46074607968330383
YGR028W,YNL322C,0,0.32344735,0.1412597894668579,0.757242739200592,0.46084609627723694
YNL050C,YAL016W,0,0.32318068,0.14123345911502838,0.757242739200592,0.46094608306884766
YNL304W,YDR523C,0,0.32317296,0.14120715856552124,0.757242739200592,0.46104609966278076
YPR204W,YNR012W,0,0.32303795,0.1411808580160141,0.757242739200592,0.46114611625671387
YJL204C,YDR054C,0,0.3228811,0.14115455746650696,0.757242739200592,0.461246132850647
YPR144C,YLR228C,0,0.32114574,0.1411282867193222,0.757242739200592,0.4613461494445801
YGL184C,YOR299W,0,0.32078987,0.14110201597213745,0.757242739200592,0.4614461362361908
YGR221C,YML112W,0,0.32036522,0.1410757452249527,0.757242739200592,0.4615461528301239
YDR211W,YHR129C,0,0.31954914,0.14104950428009033,0.757242739200592,0.461646169424057
YDR285W,YBR240C,0,0.31952086,0.14102324843406677,0.757242739200592,0.4617461860179901
YBR009C,YBL050W,0,0.31934488,0.1409970223903656,0.757242739200592,0.46184617280960083
YMR188C,YGL191W,0,0.3190224,0.14097079634666443,0.757242739200592,0.46194618940353394
YKL012W,YDR320C,0,0.31873187,0.14094458520412445,0.757242739200592,0.46204620599746704
YDL056W,YFL047W,0,0.31871825,0.14091838896274567,0.757242739200592,0.46214622259140015
YGL212W,YLR373C,0,0.31870803,0.14089219272136688,0.757242739200592,0.46224623918533325
YGL121C,YPL211W,0,0.31870526,0.1408660113811493,0.757242739200592,0.46234622597694397
YHR181W,YER101C,0,0.31792673,0.1408398300409317,0.757242739200592,0.4624462425708771
YDR251W,YER149C,1,0.31753016,0.140999436378479,0.7582417726516724,0.4624462425708771
YOL062C,YPL188W,0,0.31748062,0.1409732550382614,0.7582417726516724,0.4625462591648102
YLR272C,YOR244W,0,0.31720337,0.14094707369804382,0.7582417726516724,0.4626462757587433
YHR188C,YMR067C,0,0.31720215,0.14092090725898743,0.7582417726516724,0.462746262550354
YKR054C,YBR186W,0,0.3171784,0.14089474081993103,0.7582417726516724,0.4628462791442871
YML009C,YPL008W,0,0.31676963,0.14086860418319702,0.7582417726516724,0.4629462957382202
YAL039C,YDR126W,0,0.31674325,0.14084245264530182,0.7582417726516724,0.4630463123321533
YNL086W,YGR112W,0,0.3167226,0.140816330909729,0.7582417726516724,0.4631463289260864
YBR158W,YNL030W,0,0.3163764,0.1407902091741562,0.7582417726516724,0.46324631571769714
YGR209C,YLR034C,0,0.3159272,0.14076410233974457,0.7582417726516724,0.46334633231163025
YNL115C,YFR003C,0,0.31572342,0.14073799550533295,0.7582417726516724,0.46344634890556335
YML012W,YFL055W,0,0.31571728,0.14071190357208252,0.7582417726516724,0.46354636549949646
YMR034C,YHR147C,0,0.31479222,0.1406858265399933,0.7582417726516724,0.4636463522911072
YLR197W,YMR143W,0,0.31471375,0.14065974950790405,0.7582417726516724,0.4637463688850403
YHR111W,YIR019C,1,0.31471214,0.14081896841526031,0.7592407464981079,0.4637463688850403
YER109C,YOR030W,1,0.31457844,0.140978142619133,0.7602397799491882,0.4637463688850403
YOR279C,YLR453C,0,0.3145222,0.14095202088356018,0.7602397799491882,0.4638463854789734
YHR174W,YHR042W,0,0.31430364,0.14092592895030975,0.7602397799491882,0.4639464020729065
YDR299W,YLL005C,0,0.3139193,0.14089983701705933,0.7602397799491882,0.4640464186668396
YJR139C,YKR103W,0,0.31382737,0.1408737450838089,0.7602397799491882,0.4641464054584503
YNL207W,YKL184W,0,0.3129055,0.14084768295288086,0.7602397799491882,0.4642464220523834
YIR034C,YMR223W,0,0.31284106,0.14082162082195282,0.7602397799491882,0.46434643864631653
YNL149C,YDL126C,0,0.31252807,0.14079555869102478,0.7602397799491882,0.46444645524024963
YER113C,YNL119W,1,0.3122388,0.14095449447631836,0.7612387537956238,0.46444645524024963
YPL096W,YDL156W,0,0.31166393,0.14092843234539032,0.7612387537956238,0.46454644203186035
YIR019C,YHR073W,1,0.31106555,0.14108727872371674,0.7622377872467041,0.46454644203186035
YPR025C,YDR093W,0,0.31104273,0.1410612016916275,0.7622377872467041,0.46464645862579346
YLR316C,YGR229C,0,0.31042194,0.14103512465953827,0.7622377872467041,0.46474647521972656
YDR001C,YGL181W,0,0.3101721,0.14100906252861023,0.7622377872467041,0.46484649181365967
YOR269W,YER148W,0,0.31010455,0.1409830003976822,0.7622377872467041,0.4649465084075928
YBL023C,YLL033W,0,0.31009457,0.14095695316791534,0.7622377872467041,0.4650464951992035
YPL200W,YNL153C,0,0.3098455,0.1409309208393097,0.7622377872467041,0.4651465117931366
YNL289W,YOL038W,0,0.30981016,0.14090488851070404,0.7622377872467041,0.4652465283870697
YHR018C,YGR074W,0,0.30888265,0.14087887108325958,0.7622377872467041,0.4653465449810028
YBR241C,YOR234C,0,0.30676693,0.14085286855697632,0.7622377872467041,0.4654465317726135
YDR378C,YBR070C,0,0.30675355,0.14082686603069305,0.7622377872467041,0.46554654836654663
YDL185W,YML115C,0,0.30628723,0.14080087840557098,0.7622377872467041,0.46564656496047974
YCL075W,YJR089W,0,0.30603614,0.1407749056816101,0.7622377872467041,0.46574658155441284
YHR008C,YDL108W,0,0.30600518,0.14074893295764923,0.7622377872467041,0.46584659814834595
YDL166C,YER172C,0,0.305312,0.14072297513484955,0.7622377872467041,0.46594658493995667
YML128C,YPL152W,0,0.3052252,0.14069703221321106,0.7622377872467041,0.46604660153388977
YGR194C,YDR392W,0,0.30469915,0.14067108929157257,0.7622377872467041,0.4661466181278229
YOR315W,YPL115C,1,0.30465603,0.14082948863506317,0.7632367610931396,0.4661466181278229
YAR018C,YGL158W,0,0.3045365,0.14080354571342468,0.7632367610931396,0.466246634721756
YDR480W,YLL035W,0,0.3043455,0.140777587890625,0.7632367610931396,0.4663466215133667
YPR063C,YER117W,0,0.3041451,0.1407516598701477,0.7632367610931396,0.4664466381072998
YLR229C,YLR381W,0,0.30375424,0.1407257318496704,0.7632367610931396,0.4665466547012329
YJL137C,YAL053W,0,0.3036529,0.1406998187303543,0.7632367610931396,0.466646671295166
YPR103W,YPL181W,0,0.3027092,0.1406739056110382,0.7632367610931396,0.4667466878890991
YJL128C,YNR012W,0,0.302382,0.1406480073928833,0.7632367610931396,0.46684667468070984
YKR042W,YJR086W,0,0.30228114,0.1406221240758896,0.7632367610931396,0.46694669127464294
YKL160W,YDL078C,0,0.3019097,0.14059624075889587,0.7632367610931396,0.46704670786857605
YOR275C,YJL140W,0,0.3017971,0.14057037234306335,0.7632367610931396,0.46714672446250916
YHR187W,YNL073W,0,0.3011642,0.14054451882839203,0.7632367610931396,0.4672467112541199
YLL021W,YJR153W,1,0.3009981,0.14070259034633636,0.7642357349395752,0.4672467112541199
YBL090W,YHL012W,0,0.30092686,0.14067672193050385,0.7642357349395752,0.467346727848053
YHR129C,YKR039W,0,0.30084008,0.14065085351467133,0.7642357349395752,0.4674467444419861
YCR052W,YMR229C,0,0.29903305,0.140625,0.7642357349395752,0.4675467610359192
YHR111W,YHR073W,1,0.29864693,0.1407829374074936,0.7652347683906555,0.4675467610359192
YJL184W,YPR094W,0,0.29859477,0.14075706899166107,0.7652347683906555,0.4676467776298523
YER087C-B,YJL154C,0,0.2981838,0.14073121547698975,0.7652347683906555,0.467746764421463
YLR229C,YJR058C,0,0.29776114,0.14070536196231842,0.7652347683906555,0.4678467810153961
YJL090C,YMR203W,0,0.29753897,0.1406795233488083,0.7652347683906555,0.4679467976093292
YDR540C,YKR056W,0,0.2975366,0.14065368473529816,0.7652347683906555,0.46804681420326233
YER027C,YHR057C,0,0.29721692,0.1406278759241104,0.7652347683906555,0.46814680099487305
YDL156W,YDL140C,0,0.29678714,0.14060205221176147,0.7652347683906555,0.46824681758880615
YLL021W,YNL119W,1,0.29642138,0.14075976610183716,0.7662337422370911,0.46824681758880615
YFL002C,YGL216W,0,0.29487693,0.14073394238948822,0.7662337422370911,0.46834683418273926
YOL148C,YDL180W,0,0.2947073,0.14070813357830048,0.7662337422370911,0.46844685077667236
YPL192C,YDL174C,0,0.29410285,0.14068232476711273,0.7662337422370911,0.46854686737060547
YOR290C,YER019C-A,0,0.29389718,0.140656515955925,0.7662337422370911,0.4686468541622162
YBR159W,YJR015W,0,0.29384547,0.14063073694705963,0.7662337422370911,0.4687468707561493
YNL329C,YDR011W,0,0.2933077,0.14060494303703308,0.7662337422370911,0.4688468873500824
YML077W,YDL049C,0,0.29250336,0.14057917892932892,0.7662337422370911,0.4689469039440155
YER149C,YLR229C,1,0.29150316,0.1407366693019867,0.7672327756881714,0.4689469039440155
YLR313C,YDL035C,1,0.2913549,0.1408941000699997,0.7682317495346069,0.4689469039440155
YBL089W,YHR042W,0,0.29112223,0.14086829125881195,0.7682317495346069,0.4690468907356262
YKL195W,YIL085C,0,0.29087454,0.1408424973487854,0.7682317495346069,0.4691469073295593
YDR221W,YBR103W,0,0.29035285,0.14081670343875885,0.7682317495346069,0.46924692392349243
YOL010W,YBL099W,0,0.28980106,0.1407909244298935,0.7682317495346069,0.46934694051742554
YCL004W,YJL137C,0,0.28932837,0.14076514542102814,0.7682317495346069,0.46944695711135864
YDR062W,YOL003C,0,0.28927237,0.14073938131332397,0.7682317495346069,0.46954694390296936
YBR098W,YMR297W,0,0.2891155,0.140713632106781,0.7682317495346069,0.46964696049690247
YIL076W,YMR165C,0,0.28906628,0.14068788290023804,0.7682317495346069,0.46974697709083557
YNL209W,YHL001W,0,0.28903317,0.14066214859485626,0.7682317495346069,0.4698469936847687
YNL229C,YFR032C-A,0,0.2888466,0.14063642919063568,0.7682317495346069,0.4699469804763794
YBR002C,YML087C,0,0.2886822,0.1406107097864151,0.7682317495346069,0.4700469970703125
YEL065W,YFL053W,0,0.28802824,0.1405850052833557,0.7682317495346069,0.4701470136642456
YIL142W,YML036W,0,0.28791696,0.14055931568145752,0.7682317495346069,0.4702470302581787
YBR105C,YOL006C,0,0.2874097,0.14053362607955933,0.7682317495346069,0.4703470468521118
YGL043W,YDL079C,0,0.2874071,0.14050795137882233,0.7682317495346069,0.47044703364372253
YER147C,YLR221C,0,0.28734747,0.14048227667808533,0.7682317495346069,0.47054705023765564
YCL038C,YMR315W,0,0.28734612,0.14045661687850952,0.7682317495346069,0.47064706683158875
YOR269W,YOL077W-A,0,0.28717834,0.1404309719800949,0.7682317495346069,0.47074708342552185
YDL171C,YKL179C,0,0.28671855,0.1404053270816803,0.7682317495346069,0.47084707021713257
YNL021W,YKL053C-A,0,0.28568524,0.14037969708442688,0.7682317495346069,0.4709470868110657
YLR209C,YOL054W,0,0.28564763,0.14035408198833466,0.7682317495346069,0.4710471034049988
YDR137W,YHR072W-A,0,0.28522003,0.14032846689224243,0.7682317495346069,0.4711471199989319
YOR126C,YBR110W,0,0.2849489,0.1403028666973114,0.7682317495346069,0.471247136592865
YJR144W,YDR137W,0,0.28478086,0.14027726650238037,0.7682317495346069,0.4713471233844757
YMR266W,YMR171C,0,0.28476426,0.14025168120861053,0.7682317495346069,0.4714471399784088
YGR158C,YNR073C,0,0.2841796,0.1402261108160019,0.7682317495346069,0.4715471565723419
YDR067C,YBR123C,0,0.28374124,0.14020054042339325,0.7682317495346069,0.471647173166275
YNR032W,YKR059W,0,0.28371114,0.1401749849319458,0.7682317495346069,0.47174715995788574
YCR055C,YNL169C,0,0.2831138,0.14014944434165955,0.7682317495346069,0.47184717655181885
YNL282W,YPL271W,0,0.28208688,0.1401239037513733,0.7682317495346069,0.47194719314575195
YHR073W,YER108C,1,0.28173685,0.1402805596590042,0.7692307829856873,0.47194719314575195
YBR274W,YDR518W,0,0.28077096,0.14025500416755676,0.7692307829856873,0.47204720973968506
YOR100C,YER162C,0,0.28058964,0.1402294635772705,0.7692307829856873,0.47214722633361816
YPR066W,YLR166C,0,0.28038803,0.14020393788814545,0.7692307829856873,0.4722472131252289
YHR089C,YGR038W,0,0.28036052,0.14017841219902039,0.7692307829856873,0.472347229719162
YLR389C,YOR066W,0,0.27999175,0.14015290141105652,0.7692307829856873,0.4724472463130951
YHL018W,YEL043W,0,0.2792892,0.14012739062309265,0.7692307829856873,0.4725472629070282
YOR298C-A,YGL178W,0,0.2792606,0.14010189473628998,0.7692307829856873,0.4726472795009613
YNL001W,YDR137W,0,0.27914524,0.1400763988494873,0.7692307829856873,0.472747266292572
YBR154C,YML065W,0,0.2790528,0.14005093276500702,0.7692307829856873,0.4728472828865051
YPL153C,YPL118W,0,0.27841926,0.14002545177936554,0.7692307829856873,0.47294729948043823
YDL210W,YLR385C,0,0.27809024,0.14000000059604645,0.7692307829856873,0.47304731607437134
YER058W,YCR067C,0,0.2776652,0.13997454941272736,0.7692307829856873,0.47314730286598206
YGL012W,YGL122C,0,0.2765688,0.13994911313056946,0.7692307829856873,0.47324731945991516
YGL043W,YOR212W,0,0.27640045,0.13992367684841156,0.7692307829856873,0.47334733605384827
YDR318W,YDL226C,0,0.27590656,0.13989825546741486,0.7692307829856873,0.47344735264778137
YOR020C,YDR533C,0,0.2757178,0.13987284898757935,0.7692307829856873,0.4735473692417145
YOR070C,YMR143W,0,0.27561578,0.13984744250774384,0.7692307829856873,0.4736473560333252
YLR034C,YOR095C,0,0.27535677,0.13982205092906952,0.7692307829856873,0.4737473726272583
YKL022C,YOR244W,0,0.27502027,0.1397966593503952,0.7692307829856873,0.4738473892211914
YAL053W,YOL072W,0,0.27489856,0.13977128267288208,0.7692307829856873,0.4739474058151245
YOL124C,YJR028W,0,0.27472603,0.13974592089653015,0.7692307829856873,0.47404739260673523
YDR403W,YOR148C,0,0.27408722,0.13972055912017822,0.7692307829856873,0.47414740920066833
YGL030W,YDR400W,0,0.2740548,0.1396952122449875,0.7692307829856873,0.47424742579460144
YPL255W,YPL085W,0,0.27344567,0.13966986536979675,0.7692307829856873,0.47434744238853455
YDL121C,YGR287C,0,0.27305776,0.1396445482969284,0.7692307829856873,0.47444745898246765
YGL083W,YJR033C,0,0.27272967,0.13961921632289886,0.7692307829856873,0.47454744577407837
YHR056C,YDR466W,0,0.27271825,0.1395939141511917,0.7692307829856873,0.4746474623680115
YPL020C,YPL200W,0,0.27250174,0.13956861197948456,0.7692307829856873,0.4747474789619446
YHR026W,YLR224W,0,0.27161166,0.1395433098077774,0.7692307829856873,0.4748474955558777
YER125W,YHR098C,0,0.27046502,0.13951802253723145,0.7692307829856873,0.4749474823474884
YPL208W,YGR286C,0,0.2704044,0.13949275016784668,0.7692307829856873,0.4750474989414215
YNL098C,YHR073W,1,0.2697632,0.13964861631393433,0.7702297568321228,0.4750474989414215
YGL048C,YIL067C,0,0.26938885,0.13962332904338837,0.7702297568321228,0.4751475155353546
YCR037C,YGR085C,0,0.26845717,0.1395980417728424,0.7702297568321228,0.4752475321292877
YDR085C,YNR010W,0,0.26816997,0.13957276940345764,0.7702297568321228,0.4753475487232208
YPL228W,YMR229C,0,0.2679665,0.13954751193523407,0.7702297568321228,0.47544753551483154
YIL026C,YML005W,0,0.267801,0.1395222544670105,0.7702297568321228,0.47554755210876465
YPL090C,YDR419W,0,0.2676847,0.13949701189994812,0.7702297568321228,0.47564756870269775
YGR052W,YLR073C,0,0.26689345,0.13947178423404694,0.7702297568321228,0.47574758529663086
YIR019C,YKL149C,1,0.2665149,0.13962741196155548,0.7712287902832031,0.47574758529663086
YNL220W,YNL026W,0,0.26645368,0.1396021693944931,0.7712287902832031,0.4758475720882416
YLR130C,YDR483W,0,0.2663705,0.13957692682743073,0.7712287902832031,0.4759475886821747
YOL089C,YDR060W,0,0.26633692,0.13955169916152954,0.7712287902832031,0.4760476052761078
YBR057C,YPL183W-A,0,0.2662108,0.13952647149562836,0.7712287902832031,0.4761476218700409
YOL033W,YJR010C-A,0,0.26572967,0.13950125873088837,0.7712287902832031,0.476247638463974
YPL020C,YNL122C,0,0.2655371,0.13947606086730957,0.7712287902832031,0.4763476252555847
YGR156W,YOR391C,0,0.26525265,0.13945086300373077,0.7712287902832031,0.4764476418495178
YJL097W,YCR043C,0,0.2648727,0.13942568004131317,0.7712287902832031,0.4765476584434509
YPR048W,YOR148C,0,0.26435983,0.13940051198005676,0.7712287902832031,0.47664767503738403
YOR216C,YDR314C,0,0.26359695,0.13937534391880035,0.7712287902832031,0.47674766182899475
YMR160W,YNL314W,0,0.26345748,0.13935017585754395,0.7712287902832031,0.47684767842292786
YAL056W,YAL041W,1,0.26343942,0.1395055055618286,0.7722277641296387,0.47684767842292786
YIL040W,YIL049W,0,0.26294714,0.1394803375005722,0.7722277641296387,0.47694769501686096
YDR531W,YLR078C,0,0.2627661,0.1394551694393158,0.7722277641296387,0.47704771161079407
YGL254W,YGR295C,0,0.26259452,0.13943001627922058,0.7722277641296387,0.4771477282047272
YJL006C,YLR353W,0,0.2625427,0.13940486311912537,0.7722277641296387,0.4772477149963379
YNR070W,YPR112C,0,0.26198453,0.13937973976135254,0.7722277641296387,0.477347731590271
YER029C,YGL128C,0,0.2614758,0.13935460150241852,0.7722277641296387,0.4774477481842041
YOR328W,YJR065C,0,0.26102018,0.13932949304580688,0.7722277641296387,0.4775477647781372
YDR043C,YBR104W,0,0.2603992,0.13930438458919525,0.7722277641296387,0.4776477515697479
YLR287C-A,YKR054C,0,0.2592575,0.13927927613258362,0.7722277641296387,0.47774776816368103
YNR018W,YFR037C,0,0.25852114,0.13925418257713318,0.7722277641296387,0.47784778475761414
YJL189W,YOR162C,0,0.2584505,0.13922910392284393,0.7722277641296387,0.47794780135154724
YNL016W,YOR391C,0,0.25745657,0.13920404016971588,0.7722277641296387,0.47804781794548035
YPL059W,YPL118W,0,0.257088,0.13917897641658783,0.7722277641296387,0.47814780473709106
YBR080C,YMR067C,0,0.25701898,0.13915391266345978,0.7722277641296387,0.47824782133102417
YDR260C,YLR332W,0,0.25645226,0.13912886381149292,0.7722277641296387,0.4783478379249573
YKL152C,YGR279C,0,0.25645116,0.13910382986068726,0.7722277641296387,0.4784478545188904
YNR072W,YPL152W,0,0.25629282,0.13907881081104279,0.7722277641296387,0.4785478413105011
YLR312C-B,YFR007W,0,0.2557932,0.13905379176139832,0.7722277641296387,0.4786478579044342
YGL184C,YJL029C,0,0.25557816,0.13902877271175385,0.7722277641296387,0.4787478744983673
YNL283C,YKR028W,0,0.25544095,0.13900378346443176,0.7722277641296387,0.4788478910923004
YBL067C,YIL076W,0,0.25539687,0.1389787793159485,0.7722277641296387,0.4789479076862335
YPR171W,YMR098C,0,0.2550521,0.1389538049697876,0.7722277641296387,0.47904789447784424
YLR106C,YPR054W,0,0.25495368,0.1389288306236267,0.7722277641296387,0.47914791107177734
YMR251W-A,YHL008C,0,0.25480974,0.13890385627746582,0.7722277641296387,0.47924792766571045
YJL062W,YMR098C,0,0.25445443,0.13887891173362732,0.7722277641296387,0.47934794425964355
YDR118W,YOR303W,0,0.25409183,0.13885396718978882,0.7722277641296387,0.4794479310512543
YER118C,YIR019C,1,0.2540915,0.13900862634181976,0.773226797580719,0.4794479310512543
YDR084C,YLR097C,0,0.2539611,0.13898366689682007,0.773226797580719,0.4795479476451874
YDR351W,YHR039C-A,0,0.25377157,0.13895870745182037,0.773226797580719,0.4796479642391205
YLL038C,YOR070C,0,0.25369242,0.13893376290798187,0.773226797580719,0.4797479808330536
YLR430W,YDL191W,0,0.25342935,0.13890883326530457,0.773226797580719,0.4798479974269867
YDL095W,YBL004W,0,0.2531005,0.13888390362262726,0.773226797580719,0.4799479842185974
YHR050W,YKR035W-A,0,0.25299653,0.13885898888111115,0.773226797580719,0.4800480008125305
YLR312C-B,YHR084W,1,0.2526796,0.13901345431804657,0.7742257714271545,0.4800480008125305
YJR029W,YDR119W,0,0.2526545,0.13898852467536926,0.7742257714271545,0.4801480174064636
YOR147W,YDR081C,0,0.25240204,0.13896359503269196,0.7742257714271545,0.48024803400039673
YBR009C,YDR452W,0,0.25225002,0.13893868029117584,0.7742257714271545,0.48034802079200745
YGL001C,YCL036W,0,0.25086987,0.13891378045082092,0.7742257714271545,0.48044803738594055
YER153C,YNL300W,0,0.25082874,0.1388888955116272,0.7742257714271545,0.48054805397987366
YOL060C,YGR062C,0,0.25007236,0.13886399567127228,0.7742257714271545,0.48064807057380676
YNL001W,YKL149C,1,0.24981728,0.13901826739311218,0.7752248048782349,0.48064807057380676
YMR037C,YER007W,0,0.24956895,0.13899336755275726,0.7752248048782349,0.48074808716773987
YJL118W,YFL017W-A,0,0.24940242,0.13896848261356354,0.7752248048782349,0.4808480739593506
YLR325C,YPL029W,0,0.2481064,0.1389435976743698,0.7752248048782349,0.4809480905532837
YKL028W,YGL029W,0,0.24806035,0.13891872763633728,0.7752248048782349,0.4810481071472168
YNL312W,YDR163W,0,0.24804583,0.13889385759830475,0.7752248048782349,0.4811481237411499
YDL065C,YNL113W,0,0.24766421,0.1388690024614334,0.7752248048782349,0.4812481105327606
YHR156C,YPL129W,0,0.24741739,0.13884416222572327,0.7752248048782349,0.4813481271266937
YJL005W,YDL195W,0,0.24731442,0.13881932199001312,0.7752248048782349,0.48144814372062683
YDR536W,YLL005C,0,0.2467877,0.13879449665546417,0.7752248048782349,0.48154816031455994
YKL021C,YNL293W,0,0.2450796,0.13876967132091522,0.7752248048782349,0.48164817690849304
YBR156C,YDR196C,0,0.24497971,0.13874486088752747,0.7752248048782349,0.48174816370010376
YKL015W,YML038C,0,0.24438334,0.1387200504541397,0.7752248048782349,0.48184818029403687
YJR153W,YPL021W,1,0.2441175,0.13887399435043335,0.7762237787246704,0.48184818029403687
YHL047C,YOL041C,0,0.24409458,0.1388491839170456,0.7762237787246704,0.48194819688796997
YDR123C,YGR203W,0,0.24393085,0.13882437348365784,0.7762237787246704,0.4820482134819031
YBR185C,YDR444W,0,0.2435449,0.13879957795143127,0.7762237787246704,0.4821482002735138
YJR093C,YKL135C,0,0.24306753,0.1387747824192047,0.7762237787246704,0.4822482168674469
YGR054W,YDR477W,0,0.2429593,0.13875000178813934,0.7762237787246704,0.48234823346138
YCR010C,YOR211C,0,0.24239689,0.13872522115707397,0.7762237787246704,0.4824482500553131
YDR222W,YDL226C,0,0.2423107,0.138700470328331,0.7762237787246704,0.4825482666492462
YBR276C,YKR003W,0,0.24207613,0.13867570459842682,0.7762237787246704,0.48264825344085693
YGL157W,YML070W,0,0.24197201,0.13865096867084503,0.7762237787246704,0.48274827003479004
YNL212W,YER101C,0,0.24099538,0.13862623274326324,0.7762237787246704,0.48284828662872314
YDR099W,YMR316W,1,0.24032193,0.138779878616333,0.777222752571106,0.48284828662872314
YPR118W,YDR251W,0,0.24010473,0.13875512778759003,0.777222752571106,0.48294830322265625
YJL050W,YKL135C,0,0.23997287,0.13873039186000824,0.777222752571106,0.48304829001426697
YLR096W,YOL138C,0,0.23981303,0.13870565593242645,0.777222752571106,0.4831483066082001
YDL028C,YMR097C,0,0.23970103,0.13868092000484467,0.777222752571106,0.4832483232021332
YHR064C,YPL024W,0,0.23863465,0.13865621387958527,0.777222752571106,0.4833483397960663
YOR209C,YDR180W,0,0.23787391,0.13863150775432587,0.777222752571106,0.4834483563899994
YJL095W,YAR019C,0,0.23688644,0.13860680162906647,0.777222752571106,0.4835483431816101
YJR053W,YNL281W,0,0.23679617,0.13858211040496826,0.777222752571106,0.4836483597755432
YDR332W,YGR277C,0,0.2364195,0.13855743408203125,0.777222752571106,0.4837483763694763
YCR028C-A,YNR073C,0,0.23636842,0.13853275775909424,0.777222752571106,0.4838483929634094
YCL026C-B,YBL058W,0,0.23622024,0.13850809633731842,0.777222752571106,0.48394840955734253
YPL050C,YMR204C,0,0.23600747,0.1384834498167038,0.777222752571106,0.48404839634895325
YKL176C,YDL103C,0,0.23532781,0.13845880329608917,0.777222752571106,0.48414841294288635
YDL150W,YLR079W,0,0.23520777,0.13843415677547455,0.777222752571106,0.48424842953681946
YMR282C,YBR041W,0,0.23494315,0.1384095400571823,0.777222752571106,0.48434844613075256
YLR423C,YJR040W,0,0.23484549,0.13838492333889008,0.777222752571106,0.4844484329223633
YPL021W,YNL119W,1,0.23465243,0.1385381519794464,0.7782217860221863,0.4844484329223633
YBR152W,YPR070W,0,0.23456557,0.13851352035999298,0.7782217860221863,0.4845484495162964
YNR046W,YJL052W,0,0.23441517,0.13848888874053955,0.7782217860221863,0.4846484661102295
YML062C,YLL035W,0,0.23434037,0.13846427202224731,0.7782217860221863,0.4847484827041626
YJL092W,YFL031W,0,0.23424417,0.13843967020511627,0.7782217860221863,0.4848484992980957
YBL004W,YCL014W,0,0.23368922,0.13841506838798523,0.7782217860221863,0.4849484860897064
YLR329W,YDL078C,0,0.23337162,0.13839048147201538,0.7782217860221863,0.4850485026836395
YIL016W,YNR046W,0,0.23302013,0.13836589455604553,0.7782217860221863,0.48514851927757263
YMR136W,YPL064C,0,0.23296413,0.13834132254123688,0.7782217860221863,0.48524853587150574
YOR077W,YJR147W,0,0.2324776,0.13831676542758942,0.7782217860221863,0.48534852266311646
YBR004C,YBL023C,0,0.23247498,0.13829220831394196,0.7782217860221863,0.48544853925704956
YDL059C,YKL170W,0,0.23221621,0.1382676661014557,0.7782217860221863,0.48554855585098267
YOL094C,YMR176W,0,0.23182079,0.13824312388896942,0.7782217860221863,0.48564857244491577
YOR361C,YPL128C,0,0.23155652,0.13821859657764435,0.7782217860221863,0.4857485890388489
YPL150W,YOR374W,0,0.23094004,0.13819406926631927,0.7782217860221863,0.4858485758304596
YGR020C,YJR103W,0,0.22927636,0.1381695568561554,0.7782217860221863,0.4859485924243927
YFR009W,YPL174C,0,0.22900976,0.1381450593471527,0.7782217860221863,0.4860486090183258
YJR059W,YJL029C,0,0.22889118,0.13812056183815002,0.7782217860221863,0.4861486256122589
YKL007W,YBR059C,0,0.22852188,0.13809607923030853,0.7782217860221863,0.48624861240386963
YMR301C,YMR306W,0,0.22832745,0.13807161152362823,0.7782217860221863,0.48634862899780273
YGR143W,YPR043W,0,0.22775659,0.13804714381694794,0.7782217860221863,0.48644864559173584
YGL019W,YDR519W,0,0.2276433,0.13802267611026764,0.7782217860221863,0.48654866218566895
YCL003W,YOL128C,0,0.22670609,0.13799822330474854,0.7782217860221863,0.48664867877960205
YLR136C,YHR031C,0,0.22656217,0.13797378540039062,0.7782217860221863,0.48674866557121277
YOR085W,YPL157W,0,0.22593296,0.13794934749603271,0.7782217860221863,0.4868486821651459
YOR371C,YJL121C,0,0.22589251,0.137924924492836,0.7782217860221863,0.486948698759079
YHL019C,YMR198W,0,0.22576243,0.13790051639080048,0.7782217860221863,0.4870487153530121
YKR090W,YHR160C,0,0.22568642,0.13787610828876495,0.7782217860221863,0.4871487021446228
YDR120C,YJR005W,0,0.22563161,0.13785171508789062,0.7782217860221863,0.4872487187385559
YIL158W,YJR066W,0,0.22523041,0.1378273218870163,0.7782217860221863,0.487348735332489
YAL047C,YJR086W,0,0.2243356,0.13780294358730316,0.7782217860221863,0.4874487519264221
YDL120W,YHR013C,0,0.22410454,0.13777856528759003,0.7782217860221863,0.4875487685203552
YDR242W,YMR282C,0,0.22407672,0.13775420188903809,0.7782217860221863,0.48764875531196594
YKR037C,YKL211C,0,0.22304691,0.13772983849048615,0.7782217860221863,0.48774877190589905
YHR074W,YBR207W,0,0.22275564,0.1377055048942566,0.7782217860221863,0.48784878849983215
YGL021W,YKL190W,0,0.22218919,0.13768115639686584,0.7782217860221863,0.48794880509376526
YPR133W-A,YAL031C,0,0.22195067,0.1376568228006363,0.7782217860221863,0.488048791885376
YOL115W,YGL241W,0,0.22109039,0.13763250410556793,0.7782217860221863,0.4881488084793091
YDR404C,YGL123W,0,0.22085688,0.13760820031166077,0.7782217860221863,0.4882488250732422
YPL154C,YFL023W,0,0.2207432,0.1375838965177536,0.7782217860221863,0.4883488416671753
YDL065C,YMR021C,0,0.22071734,0.13755959272384644,0.7782217860221863,0.4884488582611084
YPR066W,YPL064C,0,0.22039087,0.13753530383110046,0.7782217860221863,0.4885488450527191
YDR519W,YOR162C,0,0.21993026,0.13751102983951569,0.7782217860221863,0.4886488616466522
YEL026W,YKR028W,0,0.21971452,0.1374867558479309,0.7782217860221863,0.4887488782405853
YOR127W,YMR164C,1,0.21962887,0.13763895630836487,0.7792207598686218,0.4887488782405853
YEL041W,YPL246C,0,0.21947604,0.1376146823167801,0.7792207598686218,0.48884889483451843
YIR019C,YER177W,1,0.2177087,0.13776680827140808,0.7802197933197021,0.48884889483451843
YCR003W,YDR245W,0,0.21769945,0.13774250447750092,0.7802197933197021,0.48894888162612915
YER096W,YAL020C,0,0.2176044,0.13771821558475494,0.7802197933197021,0.48904889822006226
YKR050W,YOR066W,0,0.21746624,0.13769394159317017,0.7802197933197021,0.48914891481399536
YKL185W,YHR073W,1,0.21685216,0.1378459334373474,0.7812187671661377,0.48914891481399536
YOR232W,YPL078C,0,0.21660039,0.13782164454460144,0.7812187671661377,0.48924893140792847
YML024W,YJL111W,0,0.21618913,0.13779735565185547,0.7812187671661377,0.4893489480018616
YGR023W,YNR072W,0,0.21594742,0.1377730816602707,0.7812187671661377,0.4894489347934723
YJL033W,YLR406C,0,0.21534261,0.1377488076686859,0.7812187671661377,0.4895489513874054
YJL011C,YFR029W,0,0.2153311,0.13772454857826233,0.7812187671661377,0.4896489679813385
YDR519W,YMR067C,0,0.2151554,0.13770030438899994,0.7812187671661377,0.4897489845752716
YML062C,YOR251C,0,0.21406454,0.13767606019973755,0.7812187671661377,0.4898489713668823
YPR031W,YOR393W,0,0.21280551,0.13765181601047516,0.7812187671661377,0.48994898796081543
YDR477W,YNL068C,1,0.21277401,0.1378035843372345,0.782217800617218,0.48994898796081543
YPR024W,YPR083W,0,0.21218927,0.1377793401479721,0.782217800617218,0.49004900455474854
YGR152C,YPL050C,0,0.21209547,0.13775509595870972,0.782217800617218,0.49014902114868164
YDL208W,YHR084W,0,0.21205497,0.13773086667060852,0.782217800617218,0.49024903774261475
YPR151C,YOR214C,0,0.21203162,0.13770665228366852,0.782217800617218,0.49034902453422546
YOR368W,YGR207C,0,0.21148336,0.13768243789672852,0.782217800617218,0.49044904112815857
YER149C,YIR019C,1,0.21136145,0.13783404231071472,0.7832167744636536,0.49044904112815857
YML015C,YMR139W,0,0.21131127,0.13780981302261353,0.7832167744636536,0.4905490577220917
YIL134W,YMR005W,0,0.21123767,0.13778558373451233,0.7832167744636536,0.4906490743160248
YNL326C,YLR095C,0,0.21118373,0.13776138424873352,0.7832167744636536,0.4907490611076355
YAL014C,YLR207W,0,0.20976977,0.13773716986179352,0.7832167744636536,0.4908490777015686
YCR024C-A,YDR123C,0,0.20913808,0.1377129852771759,0.7832167744636536,0.4909490942955017
YCR053W,YPL003W,0,0.20913553,0.1376888006925583,0.7832167744636536,0.4910491108894348
YIL134W,YKL089W,0,0.20908138,0.13766461610794067,0.7832167744636536,0.4911491274833679
YNL046W,YDL104C,0,0.20726427,0.13764044642448425,0.7832167744636536,0.49124911427497864
YIL172C,YOL115W,0,0.20687559,0.13761629164218903,0.7832167744636536,0.49134913086891174
YNR032W,YOR326W,0,0.20668761,0.1375921368598938,0.7832167744636536,0.49144914746284485
YPR133W-A,YBR135W,0,0.2057383,0.13756799697875977,0.7832167744636536,0.49154916405677795
YOR035C,YLR369W,0,0.20546931,0.13754385709762573,0.7832167744636536,0.49164915084838867
YBL082C,YIL041W,0,0.20529464,0.1375197321176529,0.7832167744636536,0.4917491674423218
YPL259C,YDR174W,0,0.205031,0.13749562203884125,0.7832167744636536,0.4918491840362549
YKL004W,YNL257C,0,0.20485918,0.1374715119600296,0.7832167744636536,0.491949200630188
YDL006W,YIL127C,0,0.20458221,0.13744740188121796,0.7832167744636536,0.4920492172241211
YDL142C,YDR507C,0,0.20409006,0.1374233067035675,0.7832167744636536,0.4921492040157318
YGR105W,YOR239W,0,0.20386612,0.13739922642707825,0.7832167744636536,0.4922492206096649
YPR079W,YDR326C,0,0.20340702,0.137375146150589,0.7832167744636536,0.492349237203598
YLR309C,YOR240W,0,0.20318794,0.13735108077526093,0.7832167744636536,0.49244925379753113
YDR156W,YKL210W,0,0.20288473,0.13732703030109406,0.7832167744636536,0.49254924058914185
YBR236C,YNR056C,0,0.20247903,0.13730297982692719,0.7832167744636536,0.49264925718307495
YCL057W,YDL222C,0,0.20183522,0.13727892935276031,0.7832167744636536,0.49274927377700806
YHR061C,YHR171W,0,0.20171791,0.13725490868091583,0.7832167744636536,0.49284929037094116
YML110C,YMR285C,0,0.20159835,0.13723087310791016,0.7832167744636536,0.49294930696487427
YBR213W,YEL061C,0,0.20145512,0.13720686733722687,0.7832167744636536,0.493049293756485
YLR371W,YNL073W,0,0.2008287,0.13718284666538239,0.7832167744636536,0.4931493103504181
YDL007W,YOR130C,0,0.20081526,0.1371588557958603,0.7832167744636536,0.4932493269443512
YNL222W,YIL143C,0,0.20074189,0.1371348649263382,0.7832167744636536,0.4933493435382843
YDR211W,YGR218W,0,0.20036426,0.1371108740568161,0.7832167744636536,0.493449330329895
YDR307W,YJL172W,0,0.20003808,0.1370868980884552,0.7832167744636536,0.4935493469238281
YGR277C,YDL111C,0,0.19952282,0.1370629370212555,0.7832167744636536,0.49364936351776123
YJL005W,YDL066W,0,0.1991545,0.1370389759540558,0.7832167744636536,0.49374938011169434
YCL038C,YDR084C,0,0.1990203,0.13701502978801727,0.7832167744636536,0.49384939670562744
YJR002W,YKR055W,0,0.1984779,0.13699108362197876,0.7832167744636536,0.49394938349723816
YBR202W,YDR229W,0,0.19820943,0.13696715235710144,0.7832167744636536,0.49404940009117126
YGL128C,YDR379W,0,0.19793424,0.13694323599338531,0.7832167744636536,0.49414941668510437
YDR164C,YJR014W,0,0.19787222,0.1369193196296692,0.7832167744636536,0.4942494332790375
YMR114C,YPL132W,0,0.19754061,0.13689540326595306,0.7832167744636536,0.4943494200706482
YJL011C,YLR321C,0,0.19752878,0.13687150180339813,0.7832167744636536,0.4944494366645813
YKL064W,YKL119C,0,0.19720739,0.1368476152420044,0.7832167744636536,0.4945494532585144
YDR392W,YPL115C,1,0.19677964,0.136998251080513,0.7842158079147339,0.4945494532585144
YNL068C,YOR030W,1,0.19651358,0.13714884221553802,0.7852147817611694,0.4945494532585144
YER174C,YMR203W,0,0.19646546,0.1371249109506607,0.7852147817611694,0.4946494698524475
YER138C,YPR056W,0,0.19632876,0.13710099458694458,0.7852147817611694,0.4947494864463806
YOL119C,YGL255W,0,0.1961688,0.13707707822322845,0.7852147817611694,0.49484947323799133
YFL053W,YLL033W,0,0.19545746,0.13705317676067352,0.7852147817611694,0.49494948983192444
YDL028C,YBR265W,0,0.19539604,0.13702929019927979,0.7852147817611694,0.49504950642585754
YNL238W,YNL245C,0,0.19498926,0.13700540363788605,0.7852147817611694,0.49514952301979065
YPL157W,YHR072W,0,0.19464579,0.1369815319776535,0.7852147817611694,0.49524953961372375
YLR398C,YOR360C,0,0.19378614,0.13695766031742096,0.7852147817611694,0.4953495264053345
YGL155W,YOR251C,0,0.19292495,0.1369338035583496,0.7852147817611694,0.4954495429992676
YGL047W,YBR155W,0,0.19284537,0.13690994679927826,0.7852147817611694,0.4955495595932007
YDR518W,YGR295C,0,0.19261637,0.1368861049413681,0.7852147817611694,0.4956495761871338
YGL253W,YLR429W,0,0.19248384,0.13686226308345795,0.7852147817611694,0.4957495629787445
YPL144W,YPL194W,0,0.19229749,0.13683843612670898,0.7852147817611694,0.4958495795726776
YGL065C,YDR460W,0,0.19220944,0.13681462407112122,0.7852147817611694,0.4959495961666107
YPL281C,YDR086C,0,0.19213961,0.13679081201553345,0.7852147817611694,0.4960496127605438
YPL122C,YAR031W,0,0.19211844,0.13676701486110687,0.7852147817611694,0.49614962935447693
YDR318W,YGR281W,0,0.19206673,0.1367432177066803,0.7852147817611694,0.49624961614608765
YKR068C,YGL130W,0,0.19140989,0.13671943545341492,0.7852147817611694,0.49634963274002075
YKL152C,YML124C,0,0.1909064,0.13669565320014954,0.7852147817611694,0.49644964933395386
YPL020C,YLR013W,0,0.19085327,0.13667188584804535,0.7852147817611694,0.49654966592788696
YDR488C,YPR019W,0,0.19066411,0.13664811849594116,0.7852147817611694,0.4966496527194977
YJR153W,YDR107C,1,0.19003177,0.1367981880903244,0.7862138152122498,0.4966496527194977
YMR164C,YDL035C,1,0.18991828,0.13694821298122406,0.7872127890586853,0.4966496527194977
YLR425W,YJL010C,0,0.18930721,0.13692441582679749,0.7872127890586853,0.4967496693134308
YNL224C,YPR152C,0,0.1883121,0.1369006186723709,0.7872127890586853,0.4968496859073639
YJR078W,YPL113C,0,0.18800375,0.13687685132026672,0.7872127890586853,0.496949702501297
YBR260C,YOR257W,0,0.18792862,0.13685306906700134,0.7872127890586853,0.4970497190952301
YIL162W,YDR448W,0,0.18783763,0.13682931661605835,0.7872127890586853,0.4971497058868408
YHL040C,YKR059W,0,0.18751554,0.13680554926395416,0.7872127890586853,0.4972497224807739
YGL113W,YLR135W,0,0.18698655,0.13678181171417236,0.7872127890586853,0.49734973907470703
YER020W,YER108C,1,0.18696797,0.1369316279888153,0.7882117629051208,0.49734973907470703
YJR001W,YJR017C,0,0.18676999,0.13690786063671112,0.7882117629051208,0.49744975566864014
YNL289W,YJL194W,0,0.18575622,0.13688410818576813,0.7882117629051208,0.49754974246025085
YDR260C,YDL054C,0,0.18561143,0.13686037063598633,0.7882117629051208,0.49764975905418396
YNL212W,YDR420W,0,0.18549487,0.13683663308620453,0.7882117629051208,0.49774977564811707
YIL126W,YLR016C,0,0.18456,0.13681289553642273,0.7882117629051208,0.49784979224205017
YGL237C,YDR281C,0,0.18445826,0.13678918778896332,0.7882117629051208,0.4979498088359833
YDL231C,YDL212W,0,0.18432231,0.1367654651403427,0.7882117629051208,0.498049795627594
YBR290W,YMR210W,0,0.18411335,0.1367417722940445,0.7882117629051208,0.4981498122215271
YPL190C,YDR117C,0,0.1841038,0.13671807944774628,0.7882117629051208,0.4982498288154602
YML094W,YDR311W,0,0.18394819,0.13669438660144806,0.7882117629051208,0.4983498454093933
YPR022C,YOL093W,0,0.18324944,0.13667070865631104,0.7882117629051208,0.49844983220100403
YNL329C,YIL002C,0,0.18309356,0.1366470456123352,0.7882117629051208,0.49854984879493713
YGL086W,YFL048C,0,0.18270922,0.13662338256835938,0.7882117629051208,0.49864986538887024
YKL165C,YGL120C,0,0.18215694,0.13659971952438354,0.7882117629051208,0.49874988198280334
YER104W,YCR002C,0,0.18121997,0.1365760713815689,0.7882117629051208,0.49884989857673645
YOR212W,YOR226C,0,0.18116346,0.13655243813991547,0.7882117629051208,0.49894988536834717
YPR083W,YNL191W,0,0.18083331,0.13652880489826202,0.7882117629051208,0.4990499019622803
YNR026C,YPL112C,0,0.18020691,0.13650518655776978,0.7882117629051208,0.4991499185562134
YPL236C,YLR129W,0,0.18009305,0.13648158311843872,0.7882117629051208,0.4992499351501465
YKL195W,YIL177C,0,0.17996973,0.13645797967910767,0.7882117629051208,0.4993499219417572
YLR278C,YML125C,0,0.17988786,0.1364343762397766,0.7882117629051208,0.4994499385356903
YBR058C,YNL241C,0,0.1798212,0.13641078770160675,0.7882117629051208,0.4995499551296234
YDR527W,YML074C,0,0.17969088,0.13638721406459808,0.7882117629051208,0.4996499717235565
YDR389W,YLR117C,0,0.17935306,0.13636364042758942,0.7882117629051208,0.4997499883174896
YMR014W,YNL306W,0,0.17918818,0.13634006679058075,0.7882117629051208,0.49984997510910034
YLR163C,YDL136W,0,0.17915495,0.13631652295589447,0.7882117629051208,0.49994999170303345
YDL147W,YGL241W,0,0.17894141,0.136292964220047,0.7882117629051208,0.5000500082969666
YJL080C,YOR171C,0,0.17878774,0.1362694352865219,0.7882117629051208,0.5001500248908997
YOL104C,YOL060C,0,0.17674488,0.13624589145183563,0.7882117629051208,0.5002500414848328
YML078W,YDL130W-A,0,0.17668128,0.13622237741947174,0.7882117629051208,0.5003500580787659
YER022W,YGL094C,0,0.17666784,0.13619886338710785,0.7882117629051208,0.500450074672699
YLR106C,YPR163C,0,0.1765163,0.13617534935474396,0.7882117629051208,0.5005500316619873
YLR127C,YNL217W,0,0.1763927,0.13615185022354126,0.7882117629051208,0.5006500482559204
YGR059W,YBR205W,0,0.17602319,0.13612836599349976,0.7882117629051208,0.5007500648498535
YAL047C,YGL254W,0,0.17485149,0.13610488176345825,0.7882117629051208,0.5008500814437866
YNL292W,YML131W,0,0.1743831,0.13608141243457794,0.7882117629051208,0.5009500980377197
YKR003W,YDR394W,0,0.17420541,0.13605794310569763,0.7882117629051208,0.5010501146316528
YBL054W,YFR009W,0,0.17359796,0.13603448867797852,0.7882117629051208,0.5011501312255859
YMR093W,YGR074W,0,0.17353041,0.1360110342502594,0.7882117629051208,0.501250147819519
YOR388C,YKL093W,0,0.17336747,0.13598759472370148,0.7882117629051208,0.5013501644134521
YJR139C,YGL048C,0,0.17263277,0.13596415519714355,0.7882117629051208,0.5014501214027405
YPL236C,YIL016W,0,0.17222431,0.13594073057174683,0.7882117629051208,0.5015501379966736
YNL049C,YDR033W,0,0.17215955,0.1359173059463501,0.7882117629051208,0.5016501545906067
YFL038C,YDR326C,0,0.17054987,0.13589389622211456,0.7882117629051208,0.5017501711845398
YCR020C,YMR043W,0,0.17054476,0.13587050139904022,0.7882117629051208,0.5018501877784729
YKL008C,YPR091C,0,0.16907719,0.13584710657596588,0.7882117629051208,0.501950204372406
YDL178W,YDR378C,0,0.16890877,0.13582372665405273,0.7882117629051208,0.5020502209663391
YDL146W,YKR044W,0,0.16889982,0.1358003467321396,0.7882117629051208,0.5021502375602722
YLR206W,YMR038C,0,0.16878045,0.13577698171138763,0.7882117629051208,0.5022502541542053
YBR278W,YMR128W,0,0.16851532,0.13575361669063568,0.7882117629051208,0.5023502111434937
YDR512C,YPR184W,0,0.1684257,0.13573026657104492,0.7882117629051208,0.5024502277374268
YBL069W,YDL074C,0,0.16840687,0.13570691645145416,0.7882117629051208,0.5025502443313599
YNL262W,YLR439W,0,0.1683955,0.1356835812330246,0.7882117629051208,0.502650260925293
YNL058C,YDL015C,0,0.1675277,0.13566024601459503,0.7882117629051208,0.5027502775192261
YER019C-A,YPL028W,0,0.16749755,0.13563692569732666,0.7882117629051208,0.5028502941131592
YMR176W,YBL021C,0,0.1673708,0.13561362028121948,0.7882117629051208,0.5029503107070923
YDR050C,YDR197W,0,0.16706382,0.1355903148651123,0.7882117629051208,0.5030503273010254
YPL200W,YPR108W,0,0.16655752,0.13556700944900513,0.7882117629051208,0.5031503438949585
YPL021W,YLR229C,1,0.16639331,0.135715514421463,0.7892107963562012,0.5031503438949585
YMR119W,YOR336W,0,0.16584961,0.13569220900535583,0.7892107963562012,0.5032503008842468
YLR229C,YGL012W,0,0.1653923,0.13566890358924866,0.7892107963562012,0.5033503174781799
YER118C,YER109C,1,0.16430458,0.13581730425357819,0.7902097702026367,0.5033503174781799
YKL140W,YOR239W,0,0.162745,0.135793998837471,0.7902097702026367,0.503450334072113
YBR210W,YBR020W,0,0.16271622,0.13577067852020264,0.7902097702026367,0.5035503506660461
YMR217W,YOL077W-A,0,0.16166538,0.13574738800525665,0.7902097702026367,0.5036503672599792
YPR036W,YPL244C,0,0.16130017,0.13572409749031067,0.7902097702026367,0.5037503838539124
YMR316W,YOR118W,0,0.1608638,0.13570080697536469,0.7902097702026367,0.5038504004478455
YLR103C,YOL003C,0,0.16071936,0.1356775313615799,0.7902097702026367,0.5039504170417786
YMR314W,YLR165C,0,0.16069551,0.1356542557477951,0.7902097702026367,0.5040504336357117
YIL131C,YER149C,1,0.16068839,0.1358024626970291,0.791208803653717,0.5040504336357117
YJR153W,YER109C,1,0.16063724,0.13595062494277954,0.7922077775001526,0.5040504336357117
YDL159W,YCR038C,1,0.16058895,0.1360987275838852,0.7932068109512329,0.5040504336357117
YOR070C,YLL061W,0,0.15999997,0.13607540726661682,0.7932068109512329,0.504150390625
YFL004W,YJR104C,0,0.15979011,0.13605208694934845,0.7932068109512329,0.5042504072189331
YDR226W,YFL016C,0,0.1594951,0.13602878153324127,0.7932068109512329,0.5043504238128662
YMR284W,YKR069W,0,0.15919834,0.1360054761171341,0.7932068109512329,0.5044504404067993
YOR070C,YJR059W,0,0.15909983,0.1359821856021881,0.7932068109512329,0.5045504570007324
YNL327W,YLR301W,0,0.15741464,0.13595890998840332,0.7932068109512329,0.5046504735946655
YDL188C,YKL124W,0,0.1567795,0.13593563437461853,0.7932068109512329,0.5047504901885986
YHR065C,YDR198C,0,0.1566771,0.13591235876083374,0.7932068109512329,0.5048505067825317
YGR123C,YHR005C-A,0,0.15648326,0.13588909804821014,0.7932068109512329,0.5049505233764648
YJR153W,YDR043C,1,0.15611777,0.1360369622707367,0.7942057847976685,0.5049505233764648
YFL023W,YLR079W,0,0.15599583,0.1360136866569519,0.7942057847976685,0.5050504803657532
YDR315C,YAL060W,0,0.15561715,0.1359904259443283,0.7942057847976685,0.5051504969596863
YLR151C,YKL094W,0,0.15421069,0.1359671652317047,0.7942057847976685,0.5052505135536194
YFR008W,YOL113W,0,0.153963,0.1359439194202423,0.7942057847976685,0.5053505301475525
YGL155W,YLR192C,0,0.15348381,0.1359206736087799,0.7942057847976685,0.5054505467414856
YDR054C,YMR186W,0,0.1534655,0.1358974426984787,0.7942057847976685,0.5055505633354187
YDR130C,YML111W,0,0.15315312,0.1358742117881775,0.7942057847976685,0.5056505799293518
YDR251W,YAL041W,1,0.15215597,0.13602186739444733,0.7952048182487488,0.5056505799293518
YJR093C,YHR066W,0,0.15188527,0.13599863648414612,0.7952048182487488,0.5057505965232849
YJL187C,YPL129W,0,0.15076736,0.1359754055738449,0.7952048182487488,0.505850613117218
YBR118W,YGL226C-A,0,0.1507265,0.1359521746635437,0.7952048182487488,0.5059505701065063
YDR251W,YER177W,1,0.15037772,0.13609972596168518,0.7962037920951843,0.5059505701065063
YGL035C,YEL055C,0,0.15018493,0.13607649505138397,0.7962037920951843,0.5060505867004395
YGR222W,YER087C-A,0,0.14948821,0.13605326414108276,0.7962037920951843,0.5061506032943726
YNL079C,YER075C,0,0.14940362,0.13603003323078156,0.7962037920951843,0.5062506198883057
YLR182W,YIL047C,0,0.14921822,0.13600683212280273,0.7962037920951843,0.5063506364822388
YKL193C,YJR063W,0,0.1487925,0.13598361611366272,0.7962037920951843,0.5064506530761719
YCL026C-B,YNL147W,0,0.14877748,0.1359604299068451,0.7962037920951843,0.506550669670105
YKL178C,YGL035C,0,0.1486758,0.13593722879886627,0.7962037920951843,0.5066506862640381
YGR199W,YDL138W,0,0.14798222,0.13591405749320984,0.7962037920951843,0.5067507028579712
YNL336W,YPL051W,0,0.14797103,0.1358908712863922,0.7962037920951843,0.5068506598472595
YNL329C,YHR072W-A,0,0.14792007,0.13586771488189697,0.7962037920951843,0.5069506764411926
YER147C,YKL091C,0,0.14770746,0.13584455847740173,0.7962037920951843,0.5070506930351257
YNL087W,YDR103W,0,0.14754105,0.1358214020729065,0.7962037920951843,0.5071507096290588
YIL027C,YGR203W,0,0.14742339,0.13579826056957245,0.7962037920951843,0.5072507262229919
YOR244W,YER099C,0,0.14719306,0.1357751339673996,0.7962037920951843,0.507350742816925
YGL044C,YDL193W,0,0.14699425,0.13575200736522675,0.7962037920951843,0.5074507594108582
YDL056W,YKL167C,0,0.14692843,0.1357288807630539,0.7962037920951843,0.5075507760047913
YER175C,YDR079W,0,0.14691027,0.13570576906204224,0.7962037920951843,0.5076507925987244
YKL001C,YML049C,0,0.146748,0.13568267226219177,0.7962037920951843,0.5077507495880127
YGR014W,YIL002C,0,0.14657274,0.1356595754623413,0.7962037920951843,0.5078507661819458
YDL190C,YMR106C,0,0.14634362,0.13563649356365204,0.7962037920951843,0.5079507827758789
YOL017W,YJL108C,0,0.14598477,0.13561341166496277,0.7962037920951843,0.508050799369812
YMR221C,YNL225C,0,0.14598368,0.1355903297662735,0.7962037920951843,0.5081508159637451
YLR064W,YIL097W,0,0.14575669,0.13556727766990662,0.7962037920951843,0.5082508325576782
YGL249W,YOR311C,0,0.14511138,0.13554421067237854,0.7962037920951843,0.5083508491516113
YGL201C,YDL190C,0,0.14503342,0.13552117347717285,0.7962037920951843,0.5084508657455444
YAL024C,YFL029C,0,0.14494917,0.13549813628196716,0.7962037920951843,0.5085508823394775
YDR453C,YCR102C,0,0.14486614,0.13547509908676147,0.7962037920951843,0.5086508393287659
YGL022W,YOL112W,0,0.14473155,0.13545207679271698,0.7962037920951843,0.508750855922699
YGR154C,YMR204C,0,0.14464304,0.13542905449867249,0.7962037920951843,0.5088508725166321
YOR396W,YBR221C,0,0.14428756,0.13540604710578918,0.7962037920951843,0.5089508891105652
YER118C,YHR111W,1,0.14427558,0.13555291295051575,0.7972028255462646,0.5089508891105652
YGR134W,YDR159W,0,0.14310753,0.13552989065647125,0.7972028255462646,0.5090509057044983
YOR303W,YKR094C,0,0.14286521,0.13550688326358795,0.7972028255462646,0.5091509222984314
YMR167W,YGR113W,0,0.1425558,0.13548387587070465,0.7972028255462646,0.5092509388923645
YFR031C,YJL095W,0,0.14251867,0.13546086847782135,0.7972028255462646,0.5093509554862976
YOR070C,YPR189W,0,0.1423682,0.13543787598609924,0.7972028255462646,0.5094509720802307
YPL227C,YIL157C,0,0.14227891,0.13541489839553833,0.7972028255462646,0.509550929069519
YLR394W,YMR070W,0,0.14167355,0.13539192080497742,0.7972028255462646,0.5096509456634521
YGL163C,YFL044C,0,0.14147368,0.1353689581155777,0.7972028255462646,0.5097509622573853
YLR133W,YLR447C,0,0.14118269,0.13534599542617798,0.7972028255462646,0.5098509788513184
YOR353C,YNL188W,0,0.13970903,0.13532304763793945,0.7972028255462646,0.5099509954452515
YHR030C,YML049C,0,0.13969523,0.13530009984970093,0.7972028255462646,0.5100510120391846
YMR164C,YHR111W,1,0.13934314,0.1354466825723648,0.7982017993927002,0.5100510120391846
YDR226W,YKL217W,0,0.1392926,0.13542373478412628,0.7982017993927002,0.5101510286331177
YOR290C,YBL079W,0,0.13869387,0.13540077209472656,0.7982017993927002,0.5102510452270508
YJL134W,YBR042C,0,0.13818744,0.13537783920764923,0.7982017993927002,0.5103510618209839
YPL115C,YOR371C,1,0.13815375,0.13552430272102356,0.7992007732391357,0.5103510618209839
YLR398C,YNL163C,0,0.13779764,0.13550135493278503,0.7992007732391357,0.5104510188102722
YEL011W,YJR058C,0,0.13748085,0.1354784071445465,0.7992007732391357,0.5105510354042053
YFL055W,YKR026C,0,0.13722253,0.13545547425746918,0.7992007732391357,0.5106510519981384
YDL045W-A,YPL213W,0,0.13636972,0.13543254137039185,0.7992007732391357,0.5107510685920715
YJL203W,YHR076W,0,0.13623197,0.13540960848331451,0.7992007732391357,0.5108510851860046
YLR136C,YML030W,0,0.13577837,0.13538670539855957,0.7992007732391357,0.5109511017799377
YGR175C,YHR186C,0,0.13562682,0.13536378741264343,0.7992007732391357,0.5110511183738708
YPR035W,YOR211C,0,0.13528657,0.1353408843278885,0.7992007732391357,0.511151134967804
YGL122C,YER190W,0,0.13414297,0.13531799614429474,0.7992007732391357,0.5112511515617371
YGR271C-A,YDL002C,0,0.13396767,0.135295107960701,0.7992007732391357,0.5113511085510254
YJR029W,YKL209C,0,0.13369405,0.13527223467826843,0.7992007732391357,0.5114511251449585
YGL174W,YNL067W,0,0.1333556,0.13524936139583588,0.7992007732391357,0.5115511417388916
YIL094C,YJL225C,0,0.13335294,0.13522650301456451,0.7992007732391357,0.5116511583328247
YHR164C,YLR145W,0,0.13323705,0.13520364463329315,0.7992007732391357,0.5117511749267578
YPL164C,YEL071W,0,0.13288468,0.13518080115318298,0.7992007732391357,0.5118511915206909
YDR067C,YGL020C,0,0.13236085,0.135157972574234,0.7992007732391357,0.511951208114624
YKL161C,YDL006W,0,0.13164264,0.13513512909412384,0.7992007732391357,0.5120512247085571
YPL048W,YOL091W,0,0.1311648,0.13511231541633606,0.7992007732391357,0.5121512413024902
YDL035C,YKL149C,1,0.13112515,0.13525836169719696,0.8001998066902161,0.5121512413024902
YJL178C,YJL156C,0,0.13095295,0.1352355182170868,0.8001998066902161,0.5122511982917786
YGL019W,YGR061C,0,0.13012989,0.13521268963813782,0.8001998066902161,0.5123512148857117
YKL035W,YPL139C,0,0.12947659,0.13518987596035004,0.8001998066902161,0.5124512314796448
YOR231W,YPL068C,0,0.12907219,0.13516706228256226,0.8001998066902161,0.5125512480735779
YKL064W,YDR065W,0,0.1284477,0.13514424860477448,0.8001998066902161,0.512651264667511
YDR423C,YER122C,0,0.1280266,0.13512146472930908,0.8001998066902161,0.5127512812614441
YOR251C,YDR331W,0,0.12742004,0.1350986659526825,0.8001998066902161,0.5128512978553772
YOR340C,YDR097C,0,0.12720612,0.1350758820772171,0.8001998066902161,0.5129513144493103
YJR068W,YOR099W,0,0.12720172,0.1350531131029129,0.8001998066902161,0.5130513310432434
YOR229W,YLR166C,0,0.1268751,0.1350303441286087,0.8001998066902161,0.5131512880325317
YNL016W,YGL161C,0,0.1268089,0.1350075900554657,0.8001998066902161,0.5132513046264648
YNL078W,YBR093C,0,0.12678409,0.1349848359823227,0.8001998066902161,0.513351321220398
YBR127C,YMR270C,0,0.1260591,0.1349620819091797,0.8001998066902161,0.513451337814331
YPR063C,YDL174C,0,0.12590428,0.13493935763835907,0.8001998066902161,0.5135513544082642
YEL041W,YHR057C,0,0.12588951,0.13491661846637726,0.8001998066902161,0.5136513710021973
YNL259C,YIL065C,0,0.12569433,0.13489390909671783,0.8001998066902161,0.5137513875961304
YIR018W,YBR159W,0,0.12551427,0.13487118482589722,0.8001998066902161,0.5138514041900635
YOR299W,YBR059C,0,0.12540507,0.134848490357399,0.8001998066902161,0.5139514207839966
YPR033C,YPL158C,0,0.12478112,0.13482578098773956,0.8001998066902161,0.5140513777732849
YKL059C,YDR265W,0,0.124203205,0.13480310142040253,0.8001998066902161,0.514151394367218
YDR371W,YPL151C,0,0.12397594,0.1347804069519043,0.8001998066902161,0.5142514109611511
YMR099C,YGL051W,0,0.12380991,0.13475774228572845,0.8001998066902161,0.5143514275550842
YDR329C,YGR271W,0,0.12276928,0.1347350776195526,0.8001998066902161,0.5144514441490173
YNL209W,YDR334W,0,0.12276435,0.13471241295337677,0.8001998066902161,0.5145514607429504
YLR421C,YGR063C,0,0.12263759,0.13468976318836212,0.8001998066902161,0.5146514773368835
YMR014W,YMR289W,0,0.12244992,0.13466711342334747,0.8001998066902161,0.5147514939308167
YPR151C,YHR028C,0,0.12235562,0.13464447855949402,0.8001998066902161,0.5148515105247498
YPR065W,YPL016W,0,0.12177466,0.13462184369564056,0.8001998066902161,0.5149514675140381
YBL034C,YGR172C,0,0.121371344,0.1345992237329483,0.8001998066902161,0.5150514841079712
YOL001W,YPL108W,0,0.12130678,0.13457661867141724,0.8001998066902161,0.5151515007019043
YOL077W-A,YJL080C,0,0.120592564,0.13455401360988617,0.8001998066902161,0.5152515172958374
YBR068C,YOR124C,0,0.12058172,0.1345314085483551,0.8001998066902161,0.5153515338897705
YOR233W,YGL185C,0,0.12056576,0.13450881838798523,0.8001998066902161,0.5154515504837036
YIR008C,YLR386W,0,0.120553024,0.13448622822761536,0.8001998066902161,0.5155515670776367
YNR063W,YPL196W,0,0.120255254,0.13446365296840668,0.8001998066902161,0.5156515836715698
YJR025C,YLR207W,0,0.11996834,0.1344410926103592,0.8001998066902161,0.5157516002655029
YEL063C,YBL089W,0,0.11916241,0.1344185322523117,0.8001998066902161,0.5158515572547913
YIR006C,YDL133C-A,0,0.119152725,0.13439597189426422,0.8001998066902161,0.5159515738487244
YNL082W,YFL034C-A,0,0.11901346,0.13437342643737793,0.8001998066902161,0.5160515904426575
YDR011W,YOR215C,0,0.118783295,0.13435089588165283,0.8001998066902161,0.5161516070365906
YKL160W,YDR174W,0,0.11874407,0.13432836532592773,0.8001998066902161,0.5162516236305237
YOR323C,YGL065C,0,0.11860457,0.13430583477020264,0.8001998066902161,0.5163516402244568
YOR217W,YPL022W,0,0.11857447,0.13428331911563873,0.8001998066902161,0.5164516568183899
YBR182C,YOR215C,0,0.11817367,0.13426081836223602,0.8001998066902161,0.516551673412323
YGL141W,YBR020W,0,0.11816591,0.1342383176088333,0.8001998066902161,0.5166516900062561
YBR274W,YGL150C,0,0.11776848,0.1342158168554306,0.8001998066902161,0.5167516469955444
YNR028W,YJL136C,0,0.11734322,0.1341933310031891,0.8001998066902161,0.5168516635894775
YLR403W,YHR056C,0,0.11628844,0.13417086005210876,0.8001998066902161,0.5169516801834106
YJL030W,YNR003C,0,0.11614357,0.13414838910102844,0.8001998066902161,0.5170516967773438
YML114C,YOR054C,0,0.11604803,0.13412591814994812,0.8001998066902161,0.5171517133712769
YJL036W,YDR420W,0,0.11514264,0.134103462100029,0.8001998066902161,0.51725172996521
YBR258C,YMR198W,0,0.11489037,0.13408102095127106,0.8001998066902161,0.5173517465591431
YER069W,YER119C,0,0.114729196,0.13405857980251312,0.8001998066902161,0.5174517631530762
YNL178W,YOR251C,0,0.11412267,0.1340361386537552,0.8001998066902161,0.5175517797470093
YDR162C,YER049W,0,0.113880344,0.13401371240615845,0.8001998066902161,0.5176517367362976
YGL237C,YGL083W,0,0.11359386,0.1339913010597229,0.8001998066902161,0.5177517533302307
YOR307C,YDL092W,0,0.11353276,0.13396888971328735,0.8001998066902161,0.5178517699241638
YLR380W,YOL091W,0,0.112277,0.133946493268013,0.8001998066902161,0.5179517865180969
YDR059C,YGR038W,0,0.112084866,0.13392409682273865,0.8001998066902161,0.51805180311203
YKL186C,YGR009C,0,0.111680076,0.1339017003774643,0.8001998066902161,0.5181518197059631
YPL152W,YGL181W,0,0.11129099,0.13387931883335114,0.8001998066902161,0.5182518362998962
YPR048W,YER051W,0,0.11104889,0.13385695219039917,0.8001998066902161,0.5183518528938293
YLR388W,YKR045C,0,0.11103776,0.1338345855474472,0.8001998066902161,0.5184518694877625
YIL110W,YMR039C,0,0.110411465,0.13381223380565643,0.8001998066902161,0.5185518264770508
YJR151C,YOR145C,0,0.11031389,0.13378988206386566,0.8001998066902161,0.5186518430709839
YML109W,YPL110C,0,0.11023235,0.1337675303220749,0.8001998066902161,0.518751859664917
YCR042C,YML111W,0,0.10894284,0.1337451934814453,0.8001998066902161,0.5188518762588501
YER101C,YEL077C,0,0.108420886,0.13372287154197693,0.8001998066902161,0.5189518928527832
YDR051C,YBL052C,0,0.108198375,0.13370054960250854,0.8001998066902161,0.5190519094467163
YJR129C,YPR052C,0,0.10780615,0.13367824256420135,0.8001998066902161,0.5191519260406494
YLR135W,YAL039C,0,0.10732007,0.13365593552589417,0.8001998066902161,0.5192519426345825
YPL096C-A,YPL094C,0,0.10688007,0.13363362848758698,0.8001998066902161,0.5193519592285156
YOR126C,YFL009W,0,0.106690794,0.13361133635044098,0.8001998066902161,0.519451916217804
YKL084W,YLR135W,0,0.10643875,0.13358905911445618,0.8001998066902161,0.5195519328117371
YER149C,YOR030W,1,0.10563502,0.13373354077339172,0.8011987805366516,0.5195519328117371
YLR032W,YDR177W,0,0.104587555,0.13371123373508453,0.8011987805366516,0.5196519494056702
YMR019W,YGR175C,0,0.104493886,0.13368894159793854,0.8011987805366516,0.5197519659996033
YMR250W,YPL127C,0,0.10422397,0.13366666436195374,0.8011987805366516,0.5198519825935364
YCR028C,YPL218W,0,0.10402447,0.13364438712596893,0.8011987805366516,0.5199519991874695
YDL056W,YOR033C,0,0.10384619,0.13362212479114532,0.8011987805366516,0.5200520157814026
YPL085W,YDR103W,0,0.10379502,0.13359986245632172,0.8011987805366516,0.5201520323753357
YPL164C,YGR225W,0,0.10366185,0.1335776150226593,0.8011987805366516,0.5202520489692688
YML040W,YHL009C,0,0.1034944,0.1335553675889969,0.8011987805366516,0.5203520059585571
YOR046C,YLR418C,0,0.10306387,0.13353313505649567,0.8011987805366516,0.5204520225524902
YIR021W,YBL021C,0,0.10304288,0.13351090252399445,0.8011987805366516,0.5205520391464233
YIL099W,YML104C,0,0.10298374,0.13348868489265442,0.8011987805366516,0.5206520557403564
YOR308C,YDR279W,0,0.102975085,0.1334664672613144,0.8011987805366516,0.5207520723342896
YLL013C,YLR008C,0,0.10281961,0.13344426453113556,0.8011987805366516,0.5208520889282227
YHR034C,YBL090W,0,0.102786854,0.13342206180095673,0.8011987805366516,0.5209521055221558
YGL190C,YDR379W,1,0.102229714,0.13356620073318481,0.8021978139877319,0.5209521055221558
YMR034C,YFR055W,0,0.102003306,0.1335439831018448,0.8021978139877319,0.5210521221160889
YPL020C,YKL126W,0,0.10167913,0.13352178037166595,0.8021978139877319,0.521152138710022
YGR288W,YDR123C,0,0.10160232,0.13349957764148712,0.8021978139877319,0.5212520956993103
YNL142W,YOR030W,1,0.10140267,0.13364361226558685,0.8031967878341675,0.5212520956993103
YLR362W,YKL149C,1,0.101034254,0.133787602186203,0.8041958212852478,0.5212520956993103
YJL008C,YLR222C,0,0.10098022,0.13376536965370178,0.8041958212852478,0.5213521122932434
YDL155W,YBL042C,0,0.100374356,0.13374315202236176,0.8041958212852478,0.5214521288871765
YCR068W,YBR127C,0,0.10021948,0.13372093439102173,0.8041958212852478,0.5215521454811096
YHR123W,YDR519W,0,0.10009506,0.1336987167596817,0.8041958212852478,0.5216521620750427
YDR477W,YER149C,1,0.09996727,0.1338425725698471,0.8051947951316833,0.5216521620750427
YIL097W,YDR320C-A,0,0.099576004,0.13382035493850708,0.8051947951316833,0.5217521786689758
YOR315W,YHR111W,1,0.0994671,0.13396413624286652,0.8061938285827637,0.5217521786689758
YBR222C,YOR061W,0,0.098784655,0.1339419037103653,0.8061938285827637,0.5218521952629089
YPL275W,YKL201C,0,0.09860344,0.13391968607902527,0.8061938285827637,0.521952211856842
YOR174W,YLR285W,0,0.09833525,0.13389746844768524,0.8061938285827637,0.5220522284507751
YOR190W,YPL029W,0,0.09814721,0.13387525081634521,0.8061938285827637,0.5221521854400635
YDR524C,YGL213C,0,0.09811355,0.13385304808616638,0.8061938285827637,0.5222522020339966
YDR283C,YLR385C,0,0.098092996,0.13383084535598755,0.8061938285827637,0.5223522186279297
YGR198W,YLR183C,0,0.09738137,0.1338086575269699,0.8061938285827637,0.5224522352218628
YLR344W,YGL062W,0,0.09730224,0.13378646969795227,0.8061938285827637,0.5225522518157959
YER115C,YNL241C,0,0.0970557,0.13376429677009583,0.8061938285827637,0.522652268409729
YNL298W,YHR111W,1,0.09699063,0.13390785455703735,0.8071928024291992,0.522652268409729
YOR297C,YLR126C,0,0.09682944,0.13388566672801971,0.8071928024291992,0.5227522850036621
YCR087C-A,YLR380W,0,0.0960136,0.13386347889900208,0.8071928024291992,0.5228523015975952
YLR418C,YGL150C,0,0.09560931,0.13384130597114563,0.8071928024291992,0.5229523181915283
YHR191C,YDR143C,0,0.09519422,0.13381914794445038,0.8071928024291992,0.5230523347854614
YDL054C,YJL125C,0,0.09495616,0.13379698991775513,0.8071928024291992,0.5231522917747498
YNL298W,YER149C,1,0.09463833,0.13394039869308472,0.8081918358802795,0.5231522917747498
YDL246C,YPL281C,0,0.09457081,0.13391822576522827,0.8081918358802795,0.5232523083686829
YIL076W,YJL085W,0,0.09439221,0.13389606773853302,0.8081918358802795,0.523352324962616
YGR121C,YOL128C,0,0.09432237,0.13387390971183777,0.8081918358802795,0.5234523415565491
YCR087C-A,YDR481C,0,0.0942361,0.13385175168514252,0.8081918358802795,0.5235523581504822
YIL110W,YBR175W,0,0.09334499,0.13382960855960846,0.8081918358802795,0.5236523747444153
YMR119W,YHR079C,0,0.09302874,0.1338074803352356,0.8081918358802795,0.5237523913383484
YBR057C,YJL024C,0,0.09237158,0.13378535211086273,0.8081918358802795,0.5238524079322815
YKL158W,YHR200W,0,0.092350364,0.13376322388648987,0.8081918358802795,0.5239524245262146
YIL157C,YMR172W,0,0.09148857,0.1337411105632782,0.8081918358802795,0.5240523815155029
YPL227C,YJR143C,0,0.090820506,0.13371901214122772,0.8081918358802795,0.524152398109436
YGR274C,YOR118W,0,0.09019099,0.13369691371917725,0.8081918358802795,0.5242524147033691
YJL101C,YOR353C,0,0.089402884,0.13367481529712677,0.8081918358802795,0.5243524312973022
YLR320W,YML010W,0,0.08877027,0.1336527317762375,0.8081918358802795,0.5244524478912354
YGR013W,YMR197C,0,0.08868605,0.1336306631565094,0.8081918358802795,0.5245524644851685
YIL023C,YFR021W,0,0.08866609,0.1336085945367813,0.8081918358802795,0.5246524810791016
YER073W,YIR033W,0,0.08858463,0.13358652591705322,0.8081918358802795,0.5247524976730347
YOR388C,YMR135C,0,0.088022485,0.13356447219848633,0.8081918358802795,0.5248525142669678
YOR187W,YFR052W,0,0.08784804,0.13354241847991943,0.8081918358802795,0.5249524712562561
YGR231C,YHR058C,0,0.08783515,0.13352037966251373,0.8081918358802795,0.5250524878501892
YER094C,YKL174C,0,0.0872896,0.13349835574626923,0.8081918358802795,0.5251525044441223
YIL073C,YLR032W,0,0.08708955,0.13347631692886353,0.8081918358802795,0.5252525210380554
YML077W,YPL089C,0,0.08690649,0.1334543079137802,0.8081918358802795,0.5253525376319885
YOL004W,YBR302C,0,0.08646564,0.1334322988986969,0.8081918358802795,0.5254525542259216
YIL138C,YLL004W,0,0.08640352,0.1334102898836136,0.8081918358802795,0.5255525708198547
YPL148C,YOR088W,0,0.08614135,0.13338829576969147,0.8081918358802795,0.5256525874137878
YKL053C-A,YIL108W,0,0.08614044,0.13336630165576935,0.8081918358802795,0.525752604007721
YJR068W,YPL099C,0,0.08601773,0.13334432244300842,0.8081918358802795,0.5258525609970093
YOL104C,YHR069C,0,0.0858059,0.1333223432302475,0.8081918358802795,0.5259525775909424
YOR243C,YPR043W,0,0.085739836,0.13330037891864777,0.8081918358802795,0.5260525941848755
YLL015W,YDR520C,0,0.085371494,0.13327841460704803,0.8081918358802795,0.5261526107788086
YNL244C,YHR072W-A,0,0.08520025,0.1332564651966095,0.8081918358802795,0.5262526273727417
YMR298W,YNL306W,0,0.08519507,0.13323451578617096,0.8081918358802795,0.5263526439666748
YJL072C,YDR104C,0,0.08482235,0.13321258127689362,0.8081918358802795,0.5264526605606079
YIL017W,YHR076W,0,0.084788814,0.13319064676761627,0.8081918358802795,0.526552677154541
YJL111W,YHR072W,0,0.08477342,0.13316872715950012,0.8081918358802795,0.5266526937484741
YLR151C,YLR242C,0,0.08471325,0.13314680755138397,0.8081918358802795,0.5267526507377625
YMR034C,YER184C,0,0.084708124,0.13312490284442902,0.8081918358802795,0.5268526673316956
YPL115C,YMR238W,1,0.08420044,0.13326752185821533,0.8091908097267151,0.5268526673316956
YDR294C,YHR052W,0,0.08414954,0.13324560225009918,0.8091908097267151,0.5269526839256287
YPL153C,YBL079W,0,0.08390465,0.13322368264198303,0.8091908097267151,0.5270527005195618
YGR155W,YGL054C,0,0.08381008,0.13320177793502808,0.8091908097267151,0.5271527171134949
YOR355W,YMR026C,0,0.08368309,0.13317987322807312,0.8091908097267151,0.527252733707428
YDR260C,YKL186C,0,0.0830812,0.13315798342227936,0.8091908097267151,0.5273527503013611
YKR068C,YPL206C,0,0.08229548,0.1331360936164856,0.8091908097267151,0.5274527668952942
YJL030W,YIL072W,0,0.08208084,0.13311421871185303,0.8091908097267151,0.5275527834892273
YML091C,YNR013C,0,0.08179255,0.13309234380722046,0.8091908097267151,0.5276527404785156
YMR188C,YDR182W,0,0.081760645,0.13307048380374908,0.8091908097267151,0.5277527570724487
YOR058C,YBL099W,0,0.08165789,0.1330486238002777,0.8091908097267151,0.5278527736663818
YMR240C,YEL061C,0,0.08162263,0.13302676379680634,0.8091908097267151,0.5279527902603149
YDR079C-A,YOR043W,0,0.08161339,0.13300491869449615,0.8091908097267151,0.528052806854248
YIR028W,YNL325C,0,0.08124068,0.13298308849334717,0.8091908097267151,0.5281528234481812
YPL051W,YNR020C,0,0.08112553,0.13296125829219818,0.8091908097267151,0.5282528400421143
YKL067W,YMR090W,0,0.08074695,0.1329394429922104,0.8091908097267151,0.5283528566360474
YER113C,YLR229C,1,0.079221964,0.13308171927928925,0.8101897835731506,0.5283528566360474
YOR210W,YDR065W,0,0.07892681,0.13305988907814026,0.8101897835731506,0.5284528732299805
YHR203C,YGR013W,0,0.07889792,0.13303805887699127,0.8101897835731506,0.5285528302192688
YGL079W,YJR026W,0,0.07804249,0.13301624357700348,0.8101897835731506,0.5286528468132019
YPR047W,YML046W,0,0.07788621,0.13299442827701569,0.8101897835731506,0.528752863407135
YAL056W,YKL149C,1,0.07716517,0.133136585354805,0.811188817024231,0.528752863407135
YGR194C,YMR214W,0,0.077034146,0.133114755153656,0.811188817024231,0.5288528800010681
YKL090W,YIR006C,0,0.076791756,0.1330929398536682,0.811188817024231,0.5289528965950012
YLR034C,YEL077C,0,0.07678276,0.13307112455368042,0.811188817024231,0.5290529131889343
YGL141W,YOL092W,0,0.07592273,0.13304932415485382,0.811188817024231,0.5291529297828674
YIR018W,YDR511W,0,0.075891,0.13302752375602722,0.811188817024231,0.5292529463768005
YIL017W,YAL020C,0,0.07583282,0.13300573825836182,0.811188817024231,0.5293529629707336
YPL091W,YDR481C,0,0.07568243,0.1329839527606964,0.811188817024231,0.529452919960022
YDL080C,YJR056C,0,0.075536005,0.132962167263031,0.811188817024231,0.5295529365539551
YMR303C,YLR381W,0,0.07544646,0.132940411567688,0.811188817024231,0.5296529531478882
YLR086W,YNL241C,0,0.07534976,0.13291864097118378,0.811188817024231,0.5297529697418213
YLR028C,YGR156W,0,0.07504322,0.13289688527584076,0.811188817024231,0.5298529863357544
YLR313C,YNL142W,1,0.07498169,0.13303878903388977,0.8121877908706665,0.5298529863357544
YPR137W,YCR097WB,0,0.07489166,0.13301701843738556,0.8121877908706665,0.5299530029296875
YBR198C,YBR041W,0,0.074884355,0.13299526274204254,0.8121877908706665,0.5300530195236206
YBR199W,YBR123C,0,0.07478427,0.13297350704669952,0.8121877908706665,0.5301530361175537
YLR214W,YDR109C,0,0.07428078,0.1329517513513565,0.8121877908706665,0.5302530527114868
YBR001C,YHR092C,0,0.074008286,0.13293002545833588,0.8121877908706665,0.5303530097007751
YNL224C,YER018C,0,0.073528156,0.13290828466415405,0.8121877908706665,0.5304530262947083
YLL021W,YNL142W,1,0.07346063,0.13305000960826874,0.8131868243217468,0.5304530262947083
YDR392W,YOR030W,1,0.07294324,0.13319170475006104,0.8141857981681824,0.5304530262947083
YGL050W,YNL270C,0,0.07176272,0.13316993415355682,0.8141857981681824,0.5305530428886414
YBR052C,YOR063W,0,0.071557164,0.1331481784582138,0.8141857981681824,0.5306530594825745
YGL124C,YNL224C,0,0.07132356,0.1331264227628708,0.8141857981681824,0.5307530760765076
YKL172W,YJL160C,0,0.07090414,0.13310468196868896,0.8141857981681824,0.5308530926704407
YDL101C,YDR020C,0,0.070495605,0.13308295607566833,0.8141857981681824,0.5309531092643738
YGL038C,YDR481C,0,0.07028278,0.1330612301826477,0.8141857981681824,0.5310531258583069
YOR317W,YKR045C,0,0.06941795,0.13303950428962708,0.8141857981681824,0.53115314245224
YBL006C,YNL219C,0,0.068933114,0.13301779329776764,0.8141857981681824,0.5312530994415283
YNL098C,YER177W,1,0.06877294,0.13315926492214203,0.8151848316192627,0.5312530994415283
YLR394W,YAL031C,0,0.06847207,0.1331375390291214,0.8151848316192627,0.5313531160354614
YNL267W,YMR098C,0,0.06806715,0.13311582803726196,0.8151848316192627,0.5314531326293945
YIL067C,YNL188W,0,0.06801607,0.13309411704540253,0.8151848316192627,0.5315531492233276
YPL029W,YCL052C,0,0.067937784,0.1330724060535431,0.8151848316192627,0.5316531658172607
YOR340C,YMR293C,0,0.067912,0.13305070996284485,0.8151848316192627,0.5317531824111938
YHR153C,YOR196C,0,0.067117065,0.1330290138721466,0.8151848316192627,0.531853199005127
YGR028W,YKR025W,0,0.06705201,0.13300733268260956,0.8151848316192627,0.5319532155990601
YER042W,YER030W,0,0.067038916,0.1329856514930725,0.8151848316192627,0.5320532321929932
YKR061W,YDL005C,0,0.06691943,0.13296398520469666,0.8151848316192627,0.5321531891822815
YKL208W,YML043C,0,0.06649965,0.132942333817482,0.8151848316192627,0.5322532057762146
YNL335W,YDR245W,0,0.06609973,0.13292066752910614,0.8151848316192627,0.5323532223701477
YNL146W,YNR075W,0,0.06562984,0.13289901614189148,0.8151848316192627,0.5324532389640808
YDR211W,YAL039C,0,0.06489584,0.132877379655838,0.8151848316192627,0.5325532555580139
YOR324C,YKL007W,0,0.064599335,0.13285574316978455,0.8151848316192627,0.532653272151947
YER111C,YLR025W,0,0.06423295,0.13283412158489227,0.8151848316192627,0.5327532887458801
YJL190C,YBR204C,0,0.064220935,0.1328125,0.8151848316192627,0.5328533053398132
YDL155W,YGL032C,0,0.06403789,0.13279089331626892,0.8151848316192627,0.5329533219337463
YBR058C-A,YJL154C,0,0.06384559,0.13276928663253784,0.8151848316192627,0.5330532789230347
YPL164C,YOR005C,0,0.063833684,0.13274767994880676,0.8151848316192627,0.5331532955169678
YGL254W,YOR346W,0,0.06379187,0.13272608816623688,0.8151848316192627,0.5332533121109009
YBR018C,YBL040C,0,0.06376999,0.13270451128482819,0.8151848316192627,0.533353328704834
YGL148W,YCR097WB,0,0.06372169,0.1326829195022583,0.8151848316192627,0.5334533452987671
YCL030C,YNL121C,0,0.06360376,0.1326613575220108,0.8151848316192627,0.5335533618927002
YPR081C,YPL192C,0,0.06340112,0.1326397955417633,0.8151848316192627,0.5336533784866333
YGR279C,YAL038W,0,0.063012496,0.1326182335615158,0.8151848316192627,0.5337533950805664
YER109C,YLR313C,1,0.0629051,0.1327591836452484,0.8161838054656982,0.5337533950805664
YGL113W,YLL035W,0,0.062856756,0.13273760676383972,0.8161838054656982,0.5338534116744995
YDL078C,YHR092C,0,0.06279221,0.13271604478359222,0.8161838054656982,0.5339533686637878
YFL023W,YNL219C,0,0.061657794,0.13269449770450592,0.8161838054656982,0.534053385257721
YGL026C,YKR071C,0,0.06143403,0.13267295062541962,0.8161838054656982,0.534153401851654
YPR048W,YHR050W,0,0.061184645,0.1326514035463333,0.8161838054656982,0.5342534184455872
YLR144C,YLL050C,0,0.060571373,0.1326298713684082,0.8161838054656982,0.5343534350395203
YGL048C,YML006C,0,0.06041296,0.1326083391904831,0.8161838054656982,0.5344534516334534
YPR001W,YDL239C,0,0.06030032,0.13258682191371918,0.8161838054656982,0.5345534682273865
YER108C,YIL049W,1,0.060063392,0.13272756338119507,0.8171828389167786,0.5345534682273865
YGL157W,YBR059C,0,0.060027853,0.13270603120326996,0.8171828389167786,0.5346534848213196
YCR002C,YLR440C,0,0.05938232,0.13268451392650604,0.8171828389167786,0.5347535014152527
YOR030W,YNL107W,0,0.058466315,0.13266299664974213,0.8171828389167786,0.534853458404541
YML113W,YHR143W-A,0,0.05804172,0.1326414793729782,0.8171828389167786,0.5349534749984741
YFR006W,YKL144C,0,0.058036786,0.1326199769973755,0.8171828389167786,0.5350534915924072
YMR054W,YNL159C,0,0.057961583,0.13259847462177277,0.8171828389167786,0.5351535081863403
YMR229C,YLR182W,0,0.057674386,0.13257698714733124,0.8171828389167786,0.5352535247802734
YCL040W,YDR231C,0,0.05738932,0.1325554996728897,0.8171828389167786,0.5353535413742065
YGL186C,YIR032C,0,0.057294786,0.13253402709960938,0.8171828389167786,0.5354535579681396
YPR030W,YDR065W,0,0.05715567,0.13251255452632904,0.8171828389167786,0.5355535745620728
YIL076W,YER190W,0,0.05707389,0.1324910968542099,0.8171828389167786,0.5356535911560059
YDR453C,YER030W,0,0.056844696,0.13246963918209076,0.8171828389167786,0.5357535481452942
YDR067C,YKR002W,0,0.05670595,0.13244818150997162,0.8171828389167786,0.5358535647392273
YKL178C,YNL058C,0,0.05630666,0.13242673873901367,0.8171828389167786,0.5359535813331604
YFR029W,YNR021W,0,0.054525316,0.13240531086921692,0.8171828389167786,0.5360535979270935
YBR186W,YLL033W,0,0.054413047,0.13238388299942017,0.8171828389167786,0.5361536145210266
YBR198C,YJL060W,0,0.054393135,0.1323624551296234,0.8171828389167786,0.5362536311149597
YOL044W,YCR089W,0,0.054161757,0.13234104216098785,0.8171828389167786,0.5363536477088928
YNL231C,YDR519W,0,0.05411902,0.1323196440935135,0.8171828389167786,0.5364536643028259
YOR061W,YCL018W,0,0.053957313,0.13229823112487793,0.8171828389167786,0.536553680896759
YGL257C,YDL039C,0,0.0528816,0.13227684795856476,0.8171828389167786,0.5366536378860474
YNL213C,YBL002W,0,0.05283802,0.1322554498910904,0.8171828389167786,0.5367536544799805
YPL082C,YKL107W,0,0.052597582,0.13223408162593842,0.8171828389167786,0.5368536710739136
YBR106W,YBR288C,0,0.05252418,0.13221269845962524,0.8171828389167786,0.5369536876678467
YML027W,YOR056C,0,0.05239345,0.13219134509563446,0.8171828389167786,0.5370537042617798
YGR059W,YHR167W,0,0.052289233,0.13216997683048248,0.8171828389167786,0.5371537208557129
YDR411C,YDR086C,0,0.051761404,0.1321486234664917,0.8171828389167786,0.537253737449646
YMR273C,YNL070W,0,0.051032573,0.1321272850036621,0.8171828389167786,0.5373537540435791
YNL182C,YOR242C,0,0.051031113,0.13210594654083252,0.8171828389167786,0.5374537706375122
YPL084W,YGL254W,0,0.05095111,0.13208460807800293,0.8171828389167786,0.5375537276268005
YPL042C,YNL217W,0,0.050894797,0.13206328451633453,0.8171828389167786,0.5376537442207336
YMR244C-A,YHR025W,0,0.049061447,0.13204197585582733,0.8171828389167786,0.5377537608146667
YDR167W,YFR003C,0,0.049000382,0.13202065229415894,0.8171828389167786,0.5378537774085999
YLL002W,YHR083W,0,0.0488939,0.13199935853481293,0.8171828389167786,0.537953794002533
YML039W,YPR091C,0,0.04877928,0.13197806477546692,0.8171828389167786,0.5380538105964661
YLL021W,YDR379W,1,0.048347175,0.1321180909872055,0.8181818127632141,0.5380538105964661
YHR074W,YER052C,0,0.04786837,0.1320967674255371,0.8181818127632141,0.5381538271903992
YER050C,YOL007C,0,0.0475099,0.1320754736661911,0.8181818127632141,0.5382538437843323
YPL134C,YBR289W,0,0.047366142,0.1320541799068451,0.8181818127632141,0.5383538603782654
YOR173W,YIL095W,0,0.04717189,0.13203288614749908,0.8181818127632141,0.5384538173675537
YNL096C,YGL254W,0,0.0471265,0.13201160728931427,0.8181818127632141,0.5385538339614868
YJR017C,YDR130C,0,0.046431363,0.13199032843112946,0.8181818127632141,0.5386538505554199
YKR068C,YDR052C,0,0.045757353,0.13196906447410583,0.8181818127632141,0.538753867149353
YNR018W,YKL210W,0,0.04560949,0.13194780051708221,0.8181818127632141,0.5388538837432861
YIR018W,YER021W,0,0.04543169,0.1319265514612198,0.8181818127632141,0.5389539003372192
YNL312W,YNL254C,0,0.045430794,0.13190530240535736,0.8181818127632141,0.5390539169311523
YGR251W,YKL119C,0,0.04472205,0.13188405334949493,0.8181818127632141,0.5391539335250854
YOR347C,YIL109C,0,0.044533014,0.1318628191947937,0.8181818127632141,0.5392539501190186
YDL225W,YDR449C,0,0.044217482,0.13184159994125366,0.8181818127632141,0.5393539071083069
YPL012W,YDR400W,0,0.04380563,0.13182038068771362,0.8181818127632141,0.53945392370224
YLR090W,YDL101C,0,0.04371664,0.13179916143417358,0.8181818127632141,0.5395539402961731
YKL190W,YCR033W,0,0.043379635,0.13177795708179474,0.8181818127632141,0.5396539568901062
YNL274C,YLR142W,0,0.042584732,0.1317567527294159,0.8181818127632141,0.5397539734840393
YGL209W,YDR354W,0,0.042163104,0.13173556327819824,0.8181818127632141,0.5398539900779724
YNL339C,YIR013C,0,0.041883945,0.1317143738269806,0.8181818127632141,0.5399540066719055
YML030W,YIL067C,0,0.04144433,0.13169319927692413,0.8181818127632141,0.5400540232658386
YKR036C,YGL169W,0,0.04124531,0.13167202472686768,0.8181818127632141,0.5401540398597717
YDR353W,YIL035C,0,0.040751033,0.1316508650779724,0.8181818127632141,0.5402539968490601
YOL111C,YGR113W,0,0.040489346,0.13162970542907715,0.8181818127632141,0.5403540134429932
YBR088C,YOR106W,0,0.04022509,0.13160854578018188,0.8181818127632141,0.5404540300369263
YAL056W,YLR313C,1,0.040166862,0.13174806535243988,0.8191808462142944,0.5404540300369263
YER184C,YBL042C,0,0.04002863,0.13172690570354462,0.8191808462142944,0.5405540466308594
YOL082W,YML081C-A,0,0.039940715,0.13170574605464935,0.8191808462142944,0.5406540632247925
YCR028C-A,YGR262C,0,0.038854003,0.13168460130691528,0.8191808462142944,0.5407540798187256
YGR216C,YLR113W,0,0.037912685,0.1316634565591812,0.8191808462142944,0.5408540964126587
YDR051C,YFR001W,0,0.03743231,0.13164231181144714,0.8191808462142944,0.5409541130065918
YJL166W,YML019W,0,0.037155986,0.13162118196487427,0.8191808462142944,0.5410541296005249
YJR099W,YCL043C,0,0.037093222,0.13160006701946259,0.8191808462142944,0.5411540865898132
YNL049C,YJR033C,0,0.036579825,0.1315789520740509,0.8191808462142944,0.5412541031837463
YGL113W,YHR172W,0,0.03657873,0.13155783712863922,0.8191808462142944,0.5413541197776794
YOR340C,YPL128C,0,0.036339678,0.13153673708438873,0.8191808462142944,0.5414541363716125
YPL003W,YMR099C,0,0.035338905,0.13151563704013824,0.8191808462142944,0.5415541529655457
YJL085W,YGR261C,0,0.034117073,0.13149455189704895,0.8191808462142944,0.5416541695594788
YJL117W,YIL085C,0,0.034100167,0.13147346675395966,0.8191808462142944,0.5417541861534119
YLR133W,YDR394W,0,0.03403797,0.13145238161087036,0.8191808462142944,0.541854202747345
YKL127W,YPR189W,0,0.033961136,0.13143132627010345,0.8191808462142944,0.5419542193412781
YLR423C,YDR137W,0,0.033841334,0.13141025602817535,0.8191808462142944,0.5420541763305664
YGR026W,YJR077C,0,0.033609226,0.13138920068740845,0.8191808462142944,0.5421541929244995
YDR151C,YDL156W,0,0.03284934,0.13136814534664154,0.8191808462142944,0.5422542095184326
YDR107C,YMR238W,1,0.031475395,0.1315072923898697,0.82017982006073,0.5422542095184326
YLL004W,YJL207C,0,0.03142172,0.1314862221479416,0.82017982006073,0.5423542261123657
YJR147W,YFL011W-A,0,0.0310472,0.13146516680717468,0.82017982006073,0.5424542427062988
YDR079C-A,YGR252W,0,0.030642934,0.13144412636756897,0.82017982006073,0.5425542593002319
YGR001C,YBR244W,0,0.03008835,0.13142308592796326,0.82017982006073,0.542654275894165
YDR347W,YEL053C,0,0.029048009,0.13140204548835754,0.82017982006073,0.5427542924880981
YDR358W,YOR391C,0,0.028842315,0.13138101994991302,0.82017982006073,0.5428543090820312
YGL120C,YJL081C,0,0.02880282,0.1313599944114685,0.82017982006073,0.5429542660713196
YMR267W,YOR125C,0,0.02834639,0.13133898377418518,0.82017982006073,0.5430542826652527
YDR153C,YER104W,0,0.028051555,0.13131797313690186,0.82017982006073,0.5431542992591858
YMR049C,YBR012W-B,0,0.027947895,0.13129697740077972,0.82017982006073,0.5432543158531189
YLR441C,YDR079C-A,0,0.027799383,0.1312759816646576,0.82017982006073,0.543354332447052
YER096W,YOL043C,0,0.027719647,0.13125500082969666,0.82017982006073,0.5434543490409851
YPR047W,YIL155C,0,0.027668655,0.13123401999473572,0.82017982006073,0.5435543656349182
YGL190C,YMR115W,0,0.027361386,0.13121303915977478,0.82017982006073,0.5436543822288513
YOL056W,YDR320C-A,0,0.027135186,0.13119207322597504,0.82017982006073,0.5437543988227844
YGR175C,YNR032W,0,0.026427537,0.1311711072921753,0.82017982006073,0.5438543558120728
YBR128C,YML058W-A,0,0.025675148,0.13115015625953674,0.82017982006073,0.5439543724060059
YGR041W,YJL024C,0,0.025143743,0.1311292052268982,0.82017982006073,0.544054388999939
YCL025C,YBR273C,0,0.025070436,0.13110826909542084,0.82017982006073,0.5441544055938721
YHL004W,YGL158W,0,0.024859093,0.13108733296394348,0.82017982006073,0.5442544221878052
YKL100C,YFL029C,0,0.024559911,0.13106641173362732,0.82017982006073,0.5443544387817383
YHR112C,YLR289W,0,0.02402386,0.13104549050331116,0.82017982006073,0.5444544553756714
YDL136W,YKL171W,0,0.023926005,0.1310245841741562,0.82017982006073,0.5445544719696045
YDR379W,YKL149C,1,0.023898538,0.13116323947906494,0.8211787939071655,0.5445544719696045
YPL030W,YLR188W,0,0.023404628,0.13114230334758759,0.8211787939071655,0.5446544885635376
YBL079W,YIL079C,0,0.023090735,0.13112139701843262,0.8211787939071655,0.5447545051574707
YPL227C,YDR402C,0,0.023052342,0.13110047578811646,0.8211787939071655,0.544854462146759
YLR020C,YGL046W,0,0.023032982,0.1310795694589615,0.8211787939071655,0.5449544787406921
YOL007C,YGR076C,0,0.022974856,0.1310586780309677,0.8211787939071655,0.5450544953346252
YGL225W,YMR323W,0,0.022553027,0.13103778660297394,0.8211787939071655,0.5451545119285583
YDR497C,YNL189W,0,0.021735515,0.13101689517498016,0.8211787939071655,0.5452545285224915
YGR225W,YPL104W,0,0.01964406,0.13099601864814758,0.8211787939071655,0.5453545451164246
YKL048C,YDR379W,1,0.019551575,0.13113448023796082,0.8221778273582458,0.5453545451164246
YNL070W,YDL212W,0,0.019076794,0.13111358880996704,0.8221778273582458,0.5454545617103577
YML025C,YNL310C,0,0.018913716,0.13109269738197327,0.8221778273582458,0.5455545783042908
YOR201C,YER030W,0,0.018820494,0.13107182085514069,0.8221778273582458,0.5456545948982239
YCL027C-A,YDR460W,0,0.018539865,0.1310509592294693,0.8221778273582458,0.5457545518875122
YOL075C,YOR127W,0,0.018335626,0.1310300976037979,0.8221778273582458,0.5458545684814453
YMR200W,YGR162W,0,0.017810017,0.13100923597812653,0.8221778273582458,0.5459545850753784
YER002W,YPR072W,0,0.017783582,0.13098837435245514,0.8221778273582458,0.5460546016693115
YPL228W,YNL075W,0,0.0177369,0.13096754252910614,0.8221778273582458,0.5461546182632446
YKR065C,YDL130W-A,0,0.017727911,0.13094669580459595,0.8221778273582458,0.5462546348571777
YPL007C,YLR155C,0,0.01732663,0.13092586398124695,0.8221778273582458,0.5463546514511108
YIL138C,YGR135W,0,0.017071247,0.13090504705905914,0.8221778273582458,0.546454668045044
YLR344W,YNR010W,0,0.016843908,0.13088423013687134,0.8221778273582458,0.546554684638977
YPR191W,YPL008W,0,0.015425153,0.13086341321468353,0.8221778273582458,0.5466546416282654
YMR056C,YKL065C,0,0.015390635,0.13084261119365692,0.8221778273582458,0.5467546582221985
YDL045C,YCR067C,0,0.014671579,0.1308218091726303,0.8221778273582458,0.5468546748161316
YHR174W,YDL232W,0,0.014575124,0.1308010220527649,0.8221778273582458,0.5469546914100647
YKL175W,YDR473C,0,0.014402337,0.13078023493289948,0.8221778273582458,0.5470547080039978
YPR166C,YDR382W,0,0.014334559,0.13075944781303406,0.8221778273582458,0.5471547245979309
YER051W,YAR015W,0,0.013978139,0.13073867559432983,0.8221778273582458,0.547254741191864
YDR462W,YGL145W,0,0.013804421,0.1307179182767868,0.8221778273582458,0.5473547577857971
YDR031W,YER018C,0,0.013438128,0.13069716095924377,0.8221778273582458,0.5474547743797302
YGL229C,YOR393W,0,0.012733132,0.13067640364170074,0.8221778273582458,0.5475547313690186
YGR284C,YLL040C,0,0.012224972,0.1306556612253189,0.8221778273582458,0.5476547479629517
YIL138C,YJL125C,0,0.012205653,0.13063491880893707,0.8221778273582458,0.5477547645568848
YCR038C,YLR362W,1,0.01193082,0.1307728886604309,0.8231768012046814,0.5477547645568848
YJL024C,YMR021C,0,0.010625005,0.13075214624404907,0.8231768012046814,0.5478547811508179
YBR198C,YIL049W,0,0.009588763,0.13073140382766724,0.8231768012046814,0.547954797744751
YBL068W,YGR076C,0,0.009344935,0.1307106614112854,0.8231768012046814,0.5480548143386841
YML085C,YGR251W,0,0.009288579,0.13068993389606476,0.8231768012046814,0.5481548309326172
YAL010C,YNR010W,0,0.0090984255,0.13066920638084412,0.8231768012046814,0.5482548475265503
YDR496C,YLR204W,0,0.008729875,0.13064847886562347,0.8231768012046814,0.5483548641204834
YKL097W-A,YPR031W,0,0.008705571,0.13062778115272522,0.8231768012046814,0.5484548211097717
YMR233W,YCL061C,0,0.008571699,0.13060706853866577,0.8231768012046814,0.5485548377037048
YOR106W,YNL219C,0,0.008504987,0.13058637082576752,0.8231768012046814,0.5486548542976379
YKR048C,YPR061C,0,0.008044004,0.13056567311286926,0.8231768012046814,0.548754870891571
YDL178W,YMR182C,0,0.007971212,0.1305449903011322,0.8231768012046814,0.5488548874855042
YDL077C,YKL071W,0,0.007157542,0.13052430748939514,0.8231768012046814,0.5489549040794373
YDR436W,YKL089W,0,0.0063731074,0.13050363957881927,0.8231768012046814,0.5490549206733704
YJR056C,YKL161C,0,0.006308615,0.1304829716682434,0.8231768012046814,0.5491549372673035
YER109C,YAL041W,1,0.0061793253,0.13062064349651337,0.8241758346557617,0.5491549372673035
YDR348C,YFR029W,0,0.0057301074,0.1305999755859375,0.8241758346557617,0.5492549538612366
YHR168W,YKL082C,0,0.004824966,0.13057929277420044,0.8241758346557617,0.5493549108505249
YJL036W,YDR392W,0,0.004298255,0.13055863976478577,0.8241758346557617,0.549454927444458
YPR065W,YGL153W,0,0.0031466633,0.1305379718542099,0.8241758346557617,0.5495549440383911
YJL065C,YLR386W,0,0.0025566071,0.13051731884479523,0.8241758346557617,0.5496549606323242
YDR258C,YPL256C,0,0.0018691123,0.13049668073654175,0.8241758346557617,0.5497549772262573
YEL029C,YBR247C,0,0.001655221,0.13047604262828827,0.8241758346557617,0.5498549938201904
YFL054C,YBR024W,0,0.0016158223,0.1304554045200348,0.8241758346557617,0.5499550104141235
YJR103W,YIL002C,0,0.001585573,0.1304347813129425,0.8241758346557617,0.5500550270080566
YCR047C,YDL166C,0,0.0015004352,0.13041415810585022,0.8241758346557617,0.5501550436019897
YNL068C,YDL035C,1,0.00095650554,0.13055160641670227,0.8251748085021973,0.5501550436019897
YGL161C,YJL172W,0,0.0003245324,0.1305309683084488,0.8251748085021973,0.5502550005912781
YBL099W,YNL047C,0,0.00023779273,0.1305103451013565,0.8251748085021973,0.5503550171852112
YCL057C-A,YNL270C,0,-0.00019314885,0.13048973679542542,0.8251748085021973,0.5504550337791443
YGR171C,YDR402C,0,-0.0002760142,0.13046911358833313,0.8251748085021973,0.5505550503730774
YIR018W,YJL005W,0,-0.00038835406,0.13044852018356323,0.8251748085021973,0.5506550669670105
YBR276C,YOL075C,0,-0.0009819865,0.13042791187763214,0.8251748085021973,0.5507550835609436
YJR127C,YPL134C,0,-0.0025746226,0.13040731847286224,0.8251748085021973,0.5508551001548767
YLL015W,YDR202C,0,-0.0034442842,0.13038673996925354,0.8251748085021973,0.5509551167488098
YJL219W,YKL012W,0,-0.0036984272,0.13036616146564484,0.8251748085021973,0.5510551333427429
YLR383W,YGL160W,0,-0.0040151775,0.13034558296203613,0.8251748085021973,0.5511550903320312
YBR030W,YPL002C,0,-0.0040160194,0.13032501935958862,0.8251748085021973,0.5512551069259644
YER048W-A,YMR172W,0,-0.004339911,0.1303044706583023,0.8251748085021973,0.5513551235198975
YBL023C,YNL330C,0,-0.0044094026,0.1302839070558548,0.8251748085021973,0.5514551401138306
YNL131W,YDR251W,0,-0.0047480315,0.13026335835456848,0.8251748085021973,0.5515551567077637
YDR281C,YIL122W,0,-0.004895553,0.13024282455444336,0.8251748085021973,0.5516551733016968
YER013W,YPR041W,0,-0.0049100965,0.13022229075431824,0.8251748085021973,0.5517551898956299
YGR200C,YPL217C,0,-0.0060284734,0.1302017718553543,0.8251748085021973,0.551855206489563
YHR183W,YNL072W,0,-0.0070339143,0.1301812380552292,0.8251748085021973,0.5519552230834961
YLL061W,YGL178W,0,-0.0071181655,0.13016073405742645,0.8251748085021973,0.5520551800727844
YMR043W,YNR016C,0,-0.0072081685,0.13014023005962372,0.8251748085021973,0.5521551966667175
YCR096C,YGL220W,0,-0.0073293447,0.13011972606182098,0.8251748085021973,0.5522552132606506
YGR012W,YBR095C,0,-0.0074497163,0.13009922206401825,0.8251748085021973,0.5523552298545837
YGR104C,YGL183C,0,-0.0077371746,0.1300787329673767,0.8251748085021973,0.5524552464485168
YDL056W,YJR086W,0,-0.008025207,0.13005825877189636,0.8251748085021973,0.55255526304245
YIL080W,YDR320C,0,-0.00870055,0.13003778457641602,0.8251748085021973,0.5526552796363831
YOL088C,YNR039C,0,-0.008877799,0.13001731038093567,0.8251748085021973,0.5527552962303162
YHR147C,YPL086C,0,-0.009142607,0.12999685108661652,0.8251748085021973,0.5528553128242493
YHR160C,YMR052W,0,-0.009202644,0.12997639179229736,0.8251748085021973,0.5529552698135376
YDR067C,YDR180W,0,-0.0093610585,0.1299559473991394,0.8251748085021973,0.5530552864074707
YCL014W,YOR043W,0,-0.010230824,0.12993550300598145,0.8251748085021973,0.5531553030014038
YGR218W,YGR070W,0,-0.010267124,0.12991507351398468,0.8251748085021973,0.5532553195953369
YOR127W,YHR073W,1,-0.010913506,0.1300518959760666,0.8261738419532776,0.5532553195953369
YCR077C,YNL158W,0,-0.01099661,0.13003145158290863,0.8261738419532776,0.55335533618927
YOR353C,YKL170W,0,-0.01170589,0.13001100718975067,0.8261738419532776,0.5534553527832031
YLR312C-B,YDR043C,1,-0.01210439,0.1301477551460266,0.8271728157997131,0.5534553527832031
YBL041W,YOR141C,0,-0.012173351,0.13012729585170746,0.8271728157997131,0.5535553693771362
YNR044W,YAR002C-A,0,-0.012314051,0.1301068514585495,0.8271728157997131,0.5536553859710693
YJR129C,YOR028C,0,-0.012323342,0.13008640706539154,0.8271728157997131,0.5537554025650024
YOR005C,YJR086W,0,-0.012557931,0.13006597757339478,0.8271728157997131,0.5538553595542908
YOR355W,YMR204C,0,-0.0133809745,0.130045548081398,0.8271728157997131,0.5539553761482239
YML019W,YOL146W,0,-0.013510346,0.13002511858940125,0.8271728157997131,0.554055392742157
YAL055W,YBR058C,0,-0.013671249,0.13000470399856567,0.8271728157997131,0.5541554093360901
YHR191C,YJR034W,0,-0.015644304,0.1299843043088913,0.8271728157997131,0.5542554259300232
YIR019C,YER108C,1,-0.015710413,0.13012085855007172,0.8281718492507935,0.5542554259300232
YDR104C,YDL044C,0,-0.016019966,0.13010044395923615,0.8281718492507935,0.5543554425239563
YPL055C,YOR226C,0,-0.01727873,0.13008002936840057,0.8281718492507935,0.5544554591178894
YMR273C,YLR405W,0,-0.017751157,0.130059614777565,0.8281718492507935,0.5545554757118225
YHR211W,YKR092C,0,-0.01811862,0.13003921508789062,0.8281718492507935,0.5546554923057556
YER042W,YML126C,0,-0.018297449,0.13001881539821625,0.8281718492507935,0.554755449295044
YGR076C,YBR022W,0,-0.01911828,0.12999843060970306,0.8281718492507935,0.554855465888977
YJL121C,YNL310C,0,-0.0192409,0.12997804582118988,0.8281718492507935,0.5549554824829102
YDR006C,YGL160W,0,-0.019356638,0.1299576759338379,0.8281718492507935,0.5550554990768433
YJR107W,YIL103W,0,-0.019474149,0.1299373060464859,0.8281718492507935,0.5551555156707764
YBR185C,YAR044W,0,-0.019574534,0.1299169361591339,0.8281718492507935,0.5552555322647095
YMR022W,YJL062W,0,-0.01960361,0.12989658117294312,0.8281718492507935,0.5553555488586426
YDR332W,YBR240C,0,-0.02118577,0.1298762410879135,0.8281718492507935,0.5554555654525757
YLR313C,YHR084W,1,-0.021643326,0.13001252710819244,0.829170823097229,0.5554555654525757
YAR071W,YMR071C,0,-0.02188158,0.12999217212200165,0.829170823097229,0.5555555820465088
YER108C,YBR083W,1,-0.022520259,0.1301283985376358,0.8301698565483093,0.5555555820465088
YDL222C,YNL218W,0,-0.022803515,0.1301080286502838,0.8301698565483093,0.5556555390357971
YBR068C,YLR423C,0,-0.022847727,0.13008765876293182,0.8301698565483093,0.5557555556297302
YPR004C,YLR210W,0,-0.0231449,0.13006730377674103,0.8301698565483093,0.5558555722236633
YLL021W,YMR164C,1,-0.023467466,0.13020344078540802,0.8311688303947449,0.5558555722236633
YNL163C,YGR272C,0,-0.02399142,0.13018307089805603,0.8311688303947449,0.5559555888175964
YNL305C,YDR139C,0,-0.024714261,0.13016270101070404,0.8311688303947449,0.5560556054115295
YHL007C,YKL149C,1,-0.024982631,0.13029876351356506,0.8321678042411804,0.5560556054115295
YNL256W,YMR029C,0,-0.025144767,0.13027837872505188,0.8321678042411804,0.5561556220054626
YCL040W,YLR446W,0,-0.025925428,0.1302580088376999,0.8321678042411804,0.5562556385993958
YMR016C,YCR093W,1,-0.026119873,0.13039399683475494,0.8331668376922607,0.5562556385993958
YBR092C,YKL175W,0,-0.026419364,0.13037361204624176,0.8331668376922607,0.5563556551933289
YGR195W,YLR306W,0,-0.026458532,0.13035324215888977,0.8331668376922607,0.556455671787262
YBR105C,YNL115C,0,-0.026794046,0.1303328573703766,0.8331668376922607,0.5565556287765503
YKR014C,YDL058W,0,-0.027034607,0.1303125023841858,0.8331668376922607,0.5566556453704834
YBR128C,YBR022W,0,-0.027398348,0.130292147397995,0.8331668376922607,0.5567556619644165
YDR229W,YPL223C,0,-0.027547956,0.1302717924118042,0.8331668376922607,0.5568556785583496
YNL311C,YML091C,0,-0.027757242,0.1302514374256134,0.8331668376922607,0.5569556951522827
YDR088C,YHR135C,0,-0.028329581,0.130231112241745,0.8331668376922607,0.5570557117462158
YDR123C,YKL213C,0,-0.028937042,0.1302107721567154,0.8331668376922607,0.5571557283401489
YIL016W,YBR020W,0,-0.02900745,0.13019044697284698,0.8331668376922607,0.557255744934082
YOL139C,YFR051C,0,-0.02929531,0.13017012178897858,0.8331668376922607,0.5573557615280151
YNL010W,YKL165C,0,-0.029662713,0.13014981150627136,0.8331668376922607,0.5574557185173035
YGR068C,YFR033C,0,-0.030052215,0.13012950122356415,0.8331668376922607,0.5575557351112366
YOR039W,YOR304W,0,-0.030105487,0.13010920584201813,0.8331668376922607,0.5576557517051697
YDR027C,YDR001C,0,-0.030243248,0.1300889104604721,0.8331668376922607,0.5577557682991028
YHR084W,YKL043W,1,-0.03029278,0.1302245855331421,0.8341658115386963,0.5577557682991028
YPR178W,YNR031C,0,-0.030710153,0.13020427525043488,0.8341658115386963,0.5578557848930359
YFR031C,YKR022C,0,-0.030910008,0.13018397986888885,0.8341658115386963,0.557955801486969
YKR101W,YPR198W,0,-0.031311795,0.13016368448734283,0.8341658115386963,0.5580558180809021
YOR310C,YPR102C,0,-0.031764217,0.13014338910579681,0.8341658115386963,0.5581558346748352
YOR020C,YER168C,0,-0.03182526,0.130123108625412,0.8341658115386963,0.5582558512687683
YMR246W,YJR026W,0,-0.03256671,0.13010284304618835,0.8341658115386963,0.5583558082580566
YML116W,YPL029W,0,-0.03323172,0.13008256256580353,0.8341658115386963,0.5584558248519897
YLR438C-A,YGL209W,0,-0.03325814,0.1300623118877411,0.8341658115386963,0.5585558414459229
YNL099C,YKL154W,0,-0.033409685,0.13004204630851746,0.8341658115386963,0.558655858039856
YEL012W,YKL027W,0,-0.034471497,0.13002179563045502,0.8341658115386963,0.5587558746337891
YKL092C,YJL171C,0,-0.03450764,0.13000155985355377,0.8341658115386963,0.5588558912277222
YHR152W,YNL188W,0,-0.03471329,0.12998132407665253,0.8341658115386963,0.5589559078216553
YCR069W,YDR119W,0,-0.0353691,0.12996108829975128,0.8341658115386963,0.5590559244155884
YHR156C,YPR200C,0,-0.035541147,0.12994086742401123,0.8341658115386963,0.5591559410095215
YGR220C,YGL232W,0,-0.035564214,0.12992064654827118,0.8341658115386963,0.5592558979988098
YNR036C,YMR305C,0,-0.035843194,0.12990044057369232,0.8341658115386963,0.5593559145927429
YOR332W,YIL103W,0,-0.03626462,0.12988023459911346,0.8341658115386963,0.559455931186676
YJR125C,YDR103W,0,-0.036483243,0.1298600286245346,0.8341658115386963,0.5595559477806091
YDL049C,YJR059W,0,-0.03655508,0.12983983755111694,0.8341658115386963,0.5596559643745422
YKL189W,YGL086W,0,-0.036589175,0.12981964647769928,0.8341658115386963,0.5597559809684753
YPL132W,YMR078C,0,-0.037372738,0.1297994703054428,0.8341658115386963,0.5598559975624084
YCR026C,YIL113W,0,-0.03756231,0.12977929413318634,0.8341658115386963,0.5599560141563416
YPR185W,YML128C,0,-0.03781853,0.12975913286209106,0.8341658115386963,0.5600560307502747
YMR134W,YIL080W,0,-0.037905455,0.1297389715909958,0.8341658115386963,0.560155987739563
YBR290W,YDR267C,0,-0.0381547,0.1297188103199005,0.8341658115386963,0.5602560043334961
YLR421C,YOL092W,0,-0.03914185,0.12969866394996643,0.8341658115386963,0.5603560209274292
YBL006C,YPL059W,0,-0.039926898,0.12967851758003235,0.8341658115386963,0.5604560375213623
YDR332W,YHL007C,0,-0.03997311,0.12965838611125946,0.8341658115386963,0.5605560541152954
YKL061W,YIL047C,0,-0.04004626,0.12963825464248657,0.8341658115386963,0.5606560707092285
YJL178C,YPL008W,0,-0.040841818,0.12961813807487488,0.8341658115386963,0.5607560873031616
YML012W,YGL209W,0,-0.041136146,0.129598006606102,0.8341658115386963,0.5608561038970947
YMR273C,YIL021W,0,-0.041825637,0.1295779049396515,0.8341658115386963,0.5609561204910278
YGL112C,YLR233C,0,-0.041830614,0.129557803273201,0.8341658115386963,0.5610560774803162
YDR414C,YEL053C,0,-0.041841052,0.1295377016067505,0.8341658115386963,0.5611560940742493
YHR117W,YPL083C,0,-0.04184878,0.1295175999403,0.8341658115386963,0.5612561106681824
YLR246W,YMR029C,0,-0.042168617,0.12949751317501068,0.8341658115386963,0.5613561272621155
YHR099W,YDL038C,0,-0.042738687,0.12947744131088257,0.8341658115386963,0.5614561438560486
YHR041C,YDL020C,0,-0.042851716,0.12945736944675446,0.8341658115386963,0.5615561604499817
YLR446W,YHL016C,0,-0.042972237,0.12943729758262634,0.8341658115386963,0.5616561770439148
YPL057C,YCR040W,0,-0.04330539,0.12941724061965942,0.8341658115386963,0.5617561936378479
YBR251W,YDR047W,0,-0.04340808,0.1293971836566925,0.8341658115386963,0.561856210231781
YOR115C,YBR215W,0,-0.04404282,0.12937712669372559,0.8341658115386963,0.5619561672210693
YGR286C,YJL014W,0,-0.044162616,0.12935708463191986,0.8341658115386963,0.5620561838150024
YKL140W,YLL013C,0,-0.044378698,0.12933705747127533,0.8341658115386963,0.5621562004089355
YDR387C,YNL271C,0,-0.0447044,0.1293170154094696,0.8341658115386963,0.5622562170028687
YAL054C,YFR021W,0,-0.045464367,0.12929700314998627,0.8341658115386963,0.5623562335968018
YOR017W,YLR127C,0,-0.04558952,0.12927697598934174,0.8341658115386963,0.5624562501907349
YLR105C,YOR140W,0,-0.045693267,0.1292569637298584,0.8341658115386963,0.562556266784668
YFR036W,YJR058C,0,-0.045848787,0.12923696637153625,0.8341658115386963,0.5626562833786011
YBR281C,YGR002C,0,-0.046922967,0.12921695411205292,0.8341658115386963,0.5627562999725342
YGL062W,YIL159W,0,-0.047259808,0.12919697165489197,0.8341658115386963,0.5628562569618225
YMR033W,YJR001W,0,-0.04729233,0.12917697429656982,0.8341658115386963,0.5629562735557556
YMR188C,YDR233C,0,-0.04743582,0.12915699183940887,0.8341658115386963,0.5630562901496887
YNL225C,YDR507C,0,-0.047527075,0.12913702428340912,0.8341658115386963,0.5631563067436218
YKL048C,YNL119W,1,-0.047730923,0.12927168607711792,0.8351648449897766,0.5631563067436218
YNL160W,YPL127C,0,-0.04777512,0.12925170361995697,0.8351648449897766,0.5632563233375549
YAL035W,YMR159C,0,-0.04797823,0.12923172116279602,0.8351648449897766,0.563356339931488
YNL197C,YNL119W,1,-0.04844884,0.12936630845069885,0.8361638188362122,0.563356339931488
YJL024C,YMR159C,0,-0.048606243,0.1293463110923767,0.8361638188362122,0.5634563565254211
YLR105C,YMR122W-A,0,-0.048693813,0.12932632863521576,0.8361638188362122,0.5635563731193542
YPL211W,YPL088W,0,-0.04893887,0.1293063461780548,0.8361638188362122,0.5636563897132874
YLR353W,YKL149C,1,-0.04942578,0.12944084405899048,0.8371628522872925,0.5636563897132874
YER002W,YBR111W-A,0,-0.049545012,0.12942084670066833,0.8371628522872925,0.5637563467025757
YLR264W,YDL025C,0,-0.051051915,0.12940086424350739,0.8371628522872925,0.5638563632965088
YLR020C,YAL017W,0,-0.051757365,0.12938088178634644,0.8371628522872925,0.5639563798904419
YMR314W,YKL193C,0,-0.05178547,0.12936091423034668,0.8371628522872925,0.564056396484375
YDR524C,YDR499W,0,-0.05219868,0.12934094667434692,0.8371628522872925,0.5641564130783081
YIL171W,YGR116W,0,-0.05289787,0.12932099401950836,0.8371628522872925,0.5642564296722412
YDL222C,YNL070W,0,-0.053975612,0.1293010264635086,0.8371628522872925,0.5643564462661743
YBR201W,YER021W,0,-0.054394722,0.12928108870983124,0.8371628522872925,0.5644564628601074
YDR101C,YNL321W,0,-0.05445317,0.12926115095615387,0.8371628522872925,0.5645564794540405
YKL139W,YBR216C,0,-0.05464027,0.1292412132024765,0.8371628522872925,0.5646564364433289
YDR238C,YEL031W,0,-0.055409845,0.12922127544879913,0.8371628522872925,0.564756453037262
YLR107W,YML081C-A,0,-0.055498272,0.12920135259628296,0.8371628522872925,0.5648564696311951
YKL119C,YGL119W,0,-0.055802066,0.12918144464492798,0.8371628522872925,0.5649564862251282
YPL030W,YMR014W,0,-0.055940136,0.1291615217924118,0.8371628522872925,0.5650565028190613
YGL220W,YBL027W,0,-0.05612299,0.12914162874221802,0.8371628522872925,0.5651565194129944
YDL246C,YPL244C,0,-0.057401642,0.12912172079086304,0.8371628522872925,0.5652565360069275
YMR046C,YLR330W,0,-0.057470083,0.12910182774066925,0.8371628522872925,0.5653565526008606
YNR032W,YMR061W,0,-0.05748272,0.12908194959163666,0.8371628522872925,0.5654565691947937
YNL289W,YOR215C,0,-0.05806227,0.12906207144260406,0.8371628522872925,0.565556526184082
YLR145W,YOR073W,0,-0.058105998,0.12904219329357147,0.8371628522872925,0.5656565427780151
YDR159W,YPR108W,0,-0.058446676,0.12902233004570007,0.8371628522872925,0.5657565593719482
YBL052C,YNL268W,0,-0.058501646,0.12900246679782867,0.8371628522872925,0.5658565759658813
YKR080W,YIR002C,0,-0.058806032,0.12898260354995728,0.8371628522872925,0.5659565925598145
YHR082C,YDR013W,0,-0.059122503,0.12896275520324707,0.8371628522872925,0.5660566091537476
YPR035W,YDR079C-A,0,-0.05926793,0.12894290685653687,0.8371628522872925,0.5661566257476807
YAL033W,YGL191W,0,-0.05937785,0.12892307341098785,0.8371628522872925,0.5662566423416138
YHR034C,YBR201W,0,-0.059495002,0.12890323996543884,0.8371628522872925,0.5663566589355469
YPL275W,YDR166C,0,-0.05956213,0.12888342142105103,0.8371628522872925,0.5664566159248352
YDR018C,YNR028W,0,-0.06003286,0.1288636028766632,0.8371628522872925,0.5665566325187683
YGR108W,YIL159W,0,-0.060062602,0.1288437843322754,0.8371628522872925,0.5666566491127014
YDL184C,YLR364W,0,-0.06017597,0.12882398068904877,0.8371628522872925,0.5667566657066345
YOR046C,YFL039C,0,-0.060574472,0.12880417704582214,0.8371628522872925,0.5668566823005676
YOR279C,YGR191W,0,-0.0615772,0.1287843883037567,0.8371628522872925,0.5669566988945007
YLR304C,YDR017C,0,-0.061793983,0.12876459956169128,0.8371628522872925,0.5670567154884338
YIR019C,YER113C,1,-0.061837614,0.12889844179153442,0.838161826133728,0.5670567154884338
YAL035W,YLR340W,0,-0.062106505,0.128878653049469,0.838161826133728,0.5671567320823669
YIL020C,YGL166W,0,-0.06250727,0.12885884940624237,0.838161826133728,0.5672567486763
YJL141C,YIL097W,0,-0.06253956,0.12883906066417694,0.838161826133728,0.5673567652702332
YDR071C,YFR008W,0,-0.06315591,0.1288192868232727,0.838161826133728,0.5674567222595215
YKL034W,YKL199C,0,-0.06476502,0.12879951298236847,0.838161826133728,0.5675567388534546
YLR423C,YKL010C,0,-0.0648871,0.12877973914146423,0.838161826133728,0.5676567554473877
YLR178C,YDR216W,0,-0.06509137,0.1287599802017212,0.838161826133728,0.5677567720413208
YNL131W,YER068W,0,-0.06545225,0.12874022126197815,0.838161826133728,0.5678567886352539
YGL047W,YLR342W,0,-0.065815255,0.1287204623222351,0.838161826133728,0.567956805229187
YMR022W,YMR270C,0,-0.06651546,0.12870071828365326,0.838161826133728,0.5680568218231201
YML129C,YCR079W,0,-0.06698446,0.1286809742450714,0.838161826133728,0.5681568384170532
YNL232W,YFL022C,0,-0.06710555,0.12866124510765076,0.838161826133728,0.5682568550109863
YGR194C,YGL051W,0,-0.067331225,0.1286415159702301,0.838161826133728,0.5683568120002747
YBR291C,YMR078C,0,-0.0676249,0.12862180173397064,0.838161826133728,0.5684568285942078
YML104C,YOL033W,0,-0.0680027,0.12860208749771118,0.838161826133728,0.5685568451881409
YKL216W,YPR096C,0,-0.06939426,0.12858237326145172,0.838161826133728,0.568656861782074
YNL086W,YIR033W,0,-0.06960316,0.12856267392635345,0.838161826133728,0.5687568783760071
YDR016C,YDR103W,0,-0.069669545,0.1285429745912552,0.838161826133728,0.5688568949699402
YLR026C,YJR086W,0,-0.0700553,0.12852329015731812,0.838161826133728,0.5689569115638733
YJR153W,YKL185W,1,-0.07041546,0.1286567598581314,0.8391608595848083,0.5689569115638733
YJR134C,YLR467W,0,-0.07043657,0.12863706052303314,0.8391608595848083,0.5690569281578064
YGR285C,YNL113W,0,-0.07060383,0.12861736118793488,0.8391608595848083,0.5691569447517395
YML129C,YCL062W,0,-0.07089,0.1285976767539978,0.8391608595848083,0.5692569017410278
YMR127C,YLR265C,0,-0.070914395,0.12857799232006073,0.8391608595848083,0.5693569183349609
YGL141W,YFL008W,0,-0.07158579,0.12855830788612366,0.8391608595848083,0.569456934928894
YPR029C,YGL048C,0,-0.07201056,0.12853863835334778,0.8391608595848083,0.5695569515228271
YML042W,YJR082C,0,-0.072427526,0.1285189688205719,0.8391608595848083,0.5696569681167603
YEL065W,YBR275C,0,-0.07283452,0.12849931418895721,0.8391608595848083,0.5697569847106934
YIR032C,YDR020C,0,-0.07310632,0.12847965955734253,0.8391608595848083,0.5698570013046265
YOR217W,YDR322C-A,0,-0.07326315,0.12846000492572784,0.8391608595848083,0.5699570178985596
YHR051W,YMR223W,0,-0.07327971,0.12844036519527435,0.8391608595848083,0.5700570344924927
YKR067W,YGR090W,0,-0.07397388,0.12842072546482086,0.8391608595848083,0.570156991481781
YNL021W,YGL180W,0,-0.074108236,0.12840110063552856,0.8391608595848083,0.5702570080757141
YBL074C,YIL121W,0,-0.07425976,0.12838147580623627,0.8391608595848083,0.5703570246696472
YCL031C,YIL040W,0,-0.074331164,0.12836185097694397,0.8391608595848083,0.5704570412635803
YKL172W,YCL045C,0,-0.07435137,0.12834224104881287,0.8391608595848083,0.5705570578575134
YLR109W,YDL022W,0,-0.07470572,0.12832264602184296,0.8391608595848083,0.5706570744514465
YIL114C,YOL115W,0,-0.07501268,0.12830303609371185,0.8391608595848083,0.5707570910453796
YMR023C,YLR308W,0,-0.075568885,0.12828344106674194,0.8391608595848083,0.5708571076393127
YBR068C,YLR240W,0,-0.07563272,0.12826386094093323,0.8391608595848083,0.5709571242332458
YDR294C,YBR278W,0,-0.07572228,0.1282442808151245,0.8391608595848083,0.5710570812225342
YFR018C,YFL039C,0,-0.07586856,0.1282247006893158,0.8391608595848083,0.5711570978164673
YHR178W,YNL015W,0,-0.07598218,0.12820513546466827,0.8391608595848083,0.5712571144104004
YMR137C,YMR221C,0,-0.07616009,0.12818557024002075,0.8391608595848083,0.5713571310043335
YGL209W,YNR039C,0,-0.07619085,0.12816600501537323,0.8391608595848083,0.5714571475982666
YDR405W,YER184C,0,-0.07652447,0.1281464546918869,0.8391608595848083,0.5715571641921997
YFR029W,YPR004C,0,-0.0765443,0.12812690436840057,0.8391608595848083,0.5716571807861328
YML124C,YDL051W,0,-0.07656506,0.12810736894607544,0.8391608595848083,0.5717571973800659
YDR196C,YJL164C,0,-0.07661284,0.1280878335237503,0.8391608595848083,0.571857213973999
YDR059C,YOR176W,0,-0.07700932,0.12806829810142517,0.8391608595848083,0.5719571709632874
YNL128W,YBR234C,0,-0.077062294,0.12804877758026123,0.8391608595848083,0.5720571875572205
YOR037W,YGR198W,0,-0.077555224,0.1280292570590973,0.8391608595848083,0.5721572041511536
YOR338W,YCL074W,0,-0.07763017,0.12800975143909454,0.8391608595848083,0.5722572207450867
YKL048C,YER113C,1,-0.07769663,0.12814262509346008,0.8401598334312439,0.5722572207450867
YMR137C,YPR200C,0,-0.077742144,0.12812308967113495,0.8401598334312439,0.5723572373390198
YGR006W,YBL055C,0,-0.078528315,0.1281035840511322,0.8401598334312439,0.5724572539329529
YLR403W,YKL201C,0,-0.07870686,0.12808406352996826,0.8401598334312439,0.572557270526886
YMR070W,YNR021W,0,-0.079340905,0.12806455790996552,0.8401598334312439,0.5726572871208191
YMR194W,YPR107C,0,-0.079634875,0.12804506719112396,0.8401598334312439,0.5727573037147522
YIR010W,YPL051W,0,-0.079955295,0.1280255764722824,0.8401598334312439,0.5728572607040405
YGL259W,YPR181C,0,-0.08053586,0.12800608575344086,0.8401598334312439,0.5729572772979736
YAR071W,YDR221W,0,-0.08098903,0.1279866099357605,0.8401598334312439,0.5730572938919067
YNL079C,YHL007C,1,-0.081236556,0.12811928987503052,0.8411588668823242,0.5730572938919067
YGL200C,YPL131W,0,-0.081848875,0.12809979915618896,0.8411588668823242,0.5731573104858398
YMR227C,YHL019C,0,-0.08186513,0.1280803233385086,0.8411588668823242,0.573257327079773
YMR026C,YMR239C,0,-0.08190659,0.12806083261966705,0.8411588668823242,0.573357343673706
YHL036W,YFL045C,0,-0.08212939,0.1280413568019867,0.8411588668823242,0.5734573602676392
YDL035C,YDL024C,1,-0.08214609,0.12817393243312836,0.8421578407287598,0.5734573602676392
YMR043W,YCR071C,0,-0.08222155,0.128154456615448,0.8421578407287598,0.5735573768615723
YDR449C,YNL008C,0,-0.08257818,0.12813498079776764,0.8421578407287598,0.5736573934555054
YHR051W,YDL232W,0,-0.08311532,0.12811550498008728,0.8421578407287598,0.5737573504447937
YDR524C,YHR045W,0,-0.08333347,0.12809602916240692,0.8421578407287598,0.5738573670387268
YAL055W,YFL044C,0,-0.08344561,0.12807656824588776,0.8421578407287598,0.5739573836326599
YOR244W,YKL213C,0,-0.08347566,0.12805712223052979,0.8421578407287598,0.574057400226593
YMR014W,YOL028C,0,-0.0835364,0.12803766131401062,0.8421578407287598,0.5741574168205261
YLR389C,YCR011C,0,-0.08354303,0.12801823019981384,0.8421578407287598,0.5742574334144592
YGR047C,YNL256W,0,-0.08354692,0.12799878418445587,0.8421578407287598,0.5743574500083923
YBL016W,YNR010W,0,-0.08396124,0.1279793530702591,0.8421578407287598,0.5744574666023254
YOR036W,YDR208W,0,-0.08452779,0.12795992195606232,0.8421578407287598,0.5745574831962585
YOR371C,YDR337W,0,-0.08457027,0.12794050574302673,0.8421578407287598,0.5746574401855469
YNL329C,YOL027C,0,-0.0846062,0.12792108952999115,0.8421578407287598,0.57475745677948
YOR127W,YBR240C,0,-0.084830195,0.12790168821811676,0.8421578407287598,0.5748574733734131
YER026C,YML048W,0,-0.085863024,0.12788228690624237,0.8421578407287598,0.5749574899673462
YOR347C,YJR005W,0,-0.08594599,0.12786288559436798,0.8421578407287598,0.5750575065612793
YDL236W,YDR388W,0,-0.086368196,0.12784349918365479,0.8421578407287598,0.5751575231552124
YCR052W,YJL010C,0,-0.08673148,0.1278241127729416,0.8421578407287598,0.5752575397491455
YDR034C,YIL091C,0,-0.08692443,0.1278047263622284,0.8421578407287598,0.5753575563430786
YNL001W,YPL021W,1,-0.08718027,0.1279369443655014,0.8431568145751953,0.5753575563430786
YPL115C,YOR030W,1,-0.08730272,0.12806911766529083,0.8441558480262756,0.5753575563430786
YNL084C,YBR129C,0,-0.08730299,0.12804970145225525,0.8441558480262756,0.5754575729370117
YER012W,YLR390W,0,-0.08810064,0.12803030014038086,0.8441558480262756,0.5755575299263
YGL153W,YKL108W,0,-0.08840872,0.12801091372966766,0.8441558480262756,0.5756575465202332
YJL082W,YGL158W,0,-0.08870958,0.12799151241779327,0.8441558480262756,0.5757575631141663
YDR330W,YEL011W,0,-0.088826716,0.12797214090824127,0.8441558480262756,0.5758575797080994
YPL115C,YMR016C,1,-0.089869976,0.12810418009757996,0.8451548218727112,0.5758575797080994
YNL327W,YMR204C,0,-0.08987975,0.12808477878570557,0.8451548218727112,0.5759575963020325
YHR005C-A,YBR264C,0,-0.09178412,0.12806539237499237,0.8451548218727112,0.5760576128959656
YNL068C,YLR353W,1,-0.09208052,0.12819737195968628,0.8461538553237915,0.5760576128959656
YLR312C-B,YCR093W,1,-0.09240398,0.1283292919397354,0.847152829170227,0.5760576128959656
YNR003C,YER051W,0,-0.09249967,0.12830987572669983,0.847152829170227,0.5761576294898987
YKL015W,YAR031W,0,-0.09252686,0.12829047441482544,0.847152829170227,0.5762576460838318
YIL026C,YCR073C,0,-0.09254092,0.12827105820178986,0.847152829170227,0.5763576626777649
YKL017C,YNL163C,0,-0.092617445,0.12825165688991547,0.847152829170227,0.5764576196670532
YNR036C,YBL089W,0,-0.093039595,0.12823227047920227,0.847152829170227,0.5765576362609863
YJL011C,YGR229C,0,-0.093628846,0.12821288406848907,0.847152829170227,0.5766576528549194
YDL120W,YGL216W,0,-0.09435971,0.12819349765777588,0.847152829170227,0.5767576694488525
YBR155W,YHL047C,0,-0.09468339,0.12817412614822388,0.847152829170227,0.5768576860427856
YHR128W,YKL012W,0,-0.0947119,0.12815475463867188,0.847152829170227,0.5769577026367188
YHR112C,YMR163C,0,-0.09497594,0.12813538312911987,0.847152829170227,0.5770577192306519
YER146W,YNL330C,0,-0.0969371,0.12811602652072906,0.847152829170227,0.577157735824585
YFR036W,YML049C,0,-0.097128354,0.12809666991233826,0.847152829170227,0.5772577524185181
YBL004W,YLL005C,0,-0.097205035,0.12807732820510864,0.847152829170227,0.5773577094078064
YPL200W,YOR150W,0,-0.097289175,0.12805798649787903,0.847152829170227,0.5774577260017395
YMR228W,YGL249W,0,-0.09780417,0.1280386596918106,0.847152829170227,0.5775577425956726
YBL089W,YGL181W,0,-0.098214895,0.128019317984581,0.847152829170227,0.5776577591896057
YBL041W,YNR057C,0,-0.098392546,0.12800000607967377,0.847152829170227,0.5777577757835388
YGR172C,YBL009W,0,-0.09863476,0.12798067927360535,0.847152829170227,0.5778577923774719
YGR087C,YBL041W,0,-0.10295476,0.12796136736869812,0.847152829170227,0.577957808971405
YCR047C,YJL029C,0,-0.10329962,0.1279420703649521,0.847152829170227,0.5780578255653381
YKL208W,YLR396C,0,-0.10360292,0.12792275846004486,0.847152829170227,0.5781578421592712
YMR043W,YKL008C,0,-0.10375762,0.12790347635746002,0.847152829170227,0.5782577991485596
YIL134W,YGR091W,0,-0.103777036,0.127884179353714,0.847152829170227,0.5783578157424927
YMR307W,YKR035W-A,0,-0.103888266,0.12786489725112915,0.847152829170227,0.5784578323364258
YDR107C,YLR229C,1,-0.104120746,0.12799638509750366,0.8481518626213074,0.5784578323364258
YDR139C,YDR279W,0,-0.10428882,0.12797708809375763,0.8481518626213074,0.5785578489303589
YGL097W,YMR080C,0,-0.10512807,0.1279578059911728,0.8481518626213074,0.578657865524292
YNL293W,YLR224W,0,-0.1052327,0.12793852388858795,0.8481518626213074,0.5787578821182251
YJL160C,YDR083W,0,-0.10595241,0.1279192417860031,0.8481518626213074,0.5788578987121582
YPL104W,YER095W,0,-0.10611591,0.12789997458457947,0.8481518626213074,0.5789579153060913
YHR168W,YBR120C,0,-0.10613058,0.12788070738315582,0.8481518626213074,0.5790579319000244
YMR165C,YBR008C,0,-0.10613157,0.12786144018173218,0.8481518626213074,0.5791578888893127
YLR423C,YPL045W,0,-0.10666978,0.12784218788146973,0.8481518626213074,0.5792579054832458
YNL336W,YCR043C,0,-0.106883675,0.12782295048236847,0.8481518626213074,0.579357922077179
YHR065C,YMR134W,0,-0.10701427,0.12780369818210602,0.8481518626213074,0.5794579386711121
YER183C,YDL002C,0,-0.107676014,0.12778446078300476,0.8481518626213074,0.5795579552650452
YIL157C,YDR511W,0,-0.10827715,0.1277652382850647,0.8481518626213074,0.5796579718589783
YNL331C,YJR021C,0,-0.10857238,0.12774601578712463,0.8481518626213074,0.5797579884529114
YNL229C,YIL101C,0,-0.10966635,0.12772679328918457,0.8481518626213074,0.5798580050468445
YKL178C,YLR310C,0,-0.10966754,0.1277075856924057,0.8481518626213074,0.5799580216407776
YHL002W,YML058W-A,0,-0.11006403,0.12768837809562683,0.8481518626213074,0.5800579786300659
YPL096W,YJR060W,0,-0.110183984,0.12766917049884796,0.8481518626213074,0.580157995223999
YHR004C,YNL202W,0,-0.110311165,0.12764997780323029,0.8481518626213074,0.5802580118179321
YBR185C,YDL166C,0,-0.11034366,0.1276307851076126,0.8481518626213074,0.5803580284118652
YGR028W,YDR003W,0,-0.11038874,0.12761160731315613,0.8481518626213074,0.5804580450057983
YDR071C,YIL049W,0,-0.11052087,0.12759242951869965,0.8481518626213074,0.5805580615997314
YOL094C,YGL095C,0,-0.11133049,0.12757325172424316,0.8481518626213074,0.5806580781936646
YMR189W,YGR035C,0,-0.11197567,0.12755408883094788,0.8481518626213074,0.5807580947875977
YCR038C,YDR251W,1,-0.11239732,0.12768514454364777,0.8491508364677429,0.5807580947875977
YNL046W,YDR006C,0,-0.11276214,0.12766596674919128,0.8491508364677429,0.5808581113815308
YMR099C,YER124C,0,-0.1128657,0.1276467889547348,0.8491508364677429,0.5809580683708191
YOL028C,YCL030C,0,-0.113356635,0.12762762606143951,0.8491508364677429,0.5810580849647522
YHR059W,YJL097W,0,-0.113361806,0.12760846316814423,0.8491508364677429,0.5811581015586853
YMR079W,YDR420W,0,-0.1134329,0.12758931517601013,0.8491508364677429,0.5812581181526184
YKL119C,YEL016C,0,-0.11356499,0.12757016718387604,0.8491508364677429,0.5813581347465515
YJR064W,YDL017W,0,-0.113638364,0.12755101919174194,0.8491508364677429,0.5814581513404846
YER177W,YCR093W,1,-0.11453736,0.1276819258928299,0.8501498699188232,0.5814581513404846
YJL046W,YDR177W,0,-0.11460586,0.1276627629995346,0.8501498699188232,0.5815581679344177
YKR030W,YJL002C,0,-0.11486816,0.1276436150074005,0.8501498699188232,0.5816581845283508
YLR133W,YHR077C,0,-0.11532751,0.1276244819164276,0.8501498699188232,0.5817582011222839
YPL096W,YMR088C,0,-0.11617999,0.12760533392429352,0.8501498699188232,0.5818581581115723
YPL074W,YPR132W,0,-0.1163244,0.12758620083332062,0.8501498699188232,0.5819581747055054
YIL044C,YOR162C,0,-0.11696367,0.1275670826435089,0.8501498699188232,0.5820581912994385
YBR274W,YMR282C,0,-0.11874174,0.1275479644536972,0.8501498699188232,0.5821582078933716
YIL072W,YBR072W,0,-0.11921239,0.1275288462638855,0.8501498699188232,0.5822582244873047
YNR026C,YLR228C,0,-0.11961857,0.12750974297523499,0.8501498699188232,0.5823582410812378
YLR221C,YHL008C,0,-0.11998844,0.12749063968658447,0.8501498699188232,0.5824582576751709
YJR088C,YAR014C,0,-0.120882675,0.12747153639793396,0.8501498699188232,0.582558274269104
YIL140W,YDR265W,0,-0.12104914,0.12745244801044464,0.8501498699188232,0.5826582908630371
YLR050C,YIL091C,0,-0.12145446,0.12743335962295532,0.8501498699188232,0.5827582478523254
YLR403W,YMR211W,0,-0.12155063,0.1274142861366272,0.8501498699188232,0.5828582644462585
YKR045C,YHR101C,0,-0.12155475,0.12739521265029907,0.8501498699188232,0.5829582810401917
YDL099W,YDR198C,0,-0.121741615,0.12737613916397095,0.8501498699188232,0.5830582976341248
YNL075W,YDL136W,0,-0.12221867,0.12735708057880402,0.8501498699188232,0.5831583142280579
YLR224W,YMR065W,0,-0.1223844,0.12733802199363708,0.8501498699188232,0.583258330821991
YDR186C,YER185W,0,-0.12240282,0.12731896340847015,0.8501498699188232,0.5833583474159241
YBR214W,YER119C,0,-0.12264656,0.12729991972446442,0.8501498699188232,0.5834583640098572
YER168C,YER157W,0,-0.123325095,0.12728089094161987,0.8501498699188232,0.5835583806037903
YLR135W,YPR056W,0,-0.12374107,0.12726184725761414,0.8501498699188232,0.5836583375930786
YJR055W,YOR064C,0,-0.12379572,0.1272428184747696,0.8501498699188232,0.5837583541870117
YDL222C,YKL042W,0,-0.123981774,0.12722380459308624,0.8501498699188232,0.5838583707809448
YDR518W,YDR510W,0,-0.124258816,0.1272047758102417,0.8501498699188232,0.5839583873748779
YDR126W,YGR238C,0,-0.12516618,0.12718577682971954,0.8501498699188232,0.584058403968811
YPL249C-A,YOR351C,0,-0.12526956,0.1271667629480362,0.8501498699188232,0.5841584205627441
YJR093C,YOR221C,0,-0.12550217,0.12714776396751404,0.8501498699188232,0.5842584371566772
YLR042C,YMR038C,0,-0.12555106,0.12712876498699188,0.8501498699188232,0.5843584537506104
YER022W,YHL013C,0,-0.12564501,0.12710978090763092,0.8501498699188232,0.5844584703445435
YKR030W,YOR100C,0,-0.1256758,0.12709079682826996,0.8501498699188232,0.5845584273338318
YMR093W,YMR176W,0,-0.12581432,0.1270718276500702,0.8501498699188232,0.5846584439277649
YOR378W,YMR165C,0,-0.12601411,0.12705285847187042,0.8501498699188232,0.584758460521698
YMR150C,YJR135C,0,-0.12602699,0.12703388929367065,0.8501498699188232,0.5848584771156311
YPL092W,YBR048W,0,-0.12664875,0.1270149201154709,0.8501498699188232,0.5849584937095642
YMR164C,YIR019C,1,-0.1280179,0.1271452009677887,0.8511488437652588,0.5849584937095642
YDR294C,YDR031W,0,-0.12805998,0.12712623178958893,0.8511488437652588,0.5850585103034973
YHR036W,YMR130W,0,-0.12829392,0.12710726261138916,0.8511488437652588,0.5851585268974304
YOR336W,YDL195W,0,-0.12883225,0.12708830833435059,0.8511488437652588,0.5852585434913635
YPR032W,YML118W,0,-0.12895279,0.127069354057312,0.8511488437652588,0.5853585600852966
YCL047C,YOL108C,0,-0.1292032,0.12705039978027344,0.8511488437652588,0.585458517074585
YJL134W,YBL112C,0,-0.1296272,0.12703146040439606,0.8511488437652588,0.5855585336685181
YNL003C,YOL092W,0,-0.12971163,0.12701252102851868,0.8511488437652588,0.5856585502624512
YLR005W,YGR278W,0,-0.12979946,0.1269935965538025,0.8511488437652588,0.5857585668563843
YHR084W,YKL149C,1,-0.13110717,0.12712369859218597,0.8521478772163391,0.5857585668563843
YLR274W,YML028W,0,-0.13133588,0.1271047592163086,0.8521478772163391,0.5858585834503174
YOL028C,YGR075C,0,-0.1314098,0.1270858198404312,0.8521478772163391,0.5859586000442505
YGL170C,YDR047W,0,-0.13185945,0.12706688046455383,0.8521478772163391,0.5860586166381836
YGR194C,YPR187W,0,-0.13209464,0.12704795598983765,0.8521478772163391,0.5861586332321167
YKR097W,YBR133C,0,-0.1322633,0.12702904641628265,0.8521478772163391,0.5862586498260498
YDR387C,YJR090C,0,-0.13274565,0.12701012194156647,0.8521478772163391,0.5863586068153381
YLR216C,YOR095C,0,-0.13325286,0.12699121236801147,0.8521478772163391,0.5864586234092712
YHR041C,YLR105C,0,-0.1340044,0.12697231769561768,0.8521478772163391,0.5865586400032043
YDR164C,YJL189W,0,-0.13504168,0.12695342302322388,0.8521478772163391,0.5866586565971375
YPR056W,YHR077C,0,-0.13548288,0.12693452835083008,0.8521478772163391,0.5867586731910706
YJL139C,YMR154C,0,-0.13557377,0.12691563367843628,0.8521478772163391,0.5868586897850037
YDR262W,YKR035W-A,0,-0.13593009,0.12689675390720367,0.8521478772163391,0.5869587063789368
YGR106C,YDR166C,0,-0.13633433,0.12687788903713226,0.8521478772163391,0.5870587229728699
YER164W,YNL236W,0,-0.13645989,0.12685900926589966,0.8521478772163391,0.587158739566803
YNL122C,YKL220C,0,-0.13653529,0.12684014439582825,0.8521478772163391,0.5872586965560913
YBR286W,YMR115W,0,-0.13680351,0.12682129442691803,0.8521478772163391,0.5873587131500244
YLR371W,YJR119C,0,-0.13684008,0.1268024444580078,0.8521478772163391,0.5874587297439575
YKR019C,YKL042W,0,-0.13687627,0.1267835944890976,0.8521478772163391,0.5875587463378906
YMR127C,YNL058C,0,-0.13733414,0.12676474452018738,0.8521478772163391,0.5876587629318237
YCR028C,YPL129W,0,-0.13761821,0.12674590945243835,0.8521478772163391,0.5877587795257568
YGR276C,YLR394W,0,-0.13767031,0.12672708928585052,0.8521478772163391,0.5878587961196899
YOL088C,YHR081W,0,-0.13781773,0.1267082542181015,0.8521478772163391,0.587958812713623
YLL021W,YER109C,1,-0.13839619,0.12683796882629395,0.8531468510627747,0.587958812713623
YMR293C,YDL025C,0,-0.13875628,0.12681913375854492,0.8531468510627747,0.5880588293075562
YLR312C-B,YER118C,1,-0.13910997,0.1269487738609314,0.8541458249092102,0.5880588293075562
YNL064C,YKR097W,0,-0.13949108,0.12692992389202118,0.8541458249092102,0.5881587862968445
YFR008W,YDR518W,0,-0.13971502,0.12691108882427216,0.8541458249092102,0.5882588028907776
YGL011C,YER141W,0,-0.14029142,0.12689225375652313,0.8541458249092102,0.5883588194847107
YER089C,YDL213C,0,-0.14146495,0.1268734186887741,0.8541458249092102,0.5884588360786438
YHR111W,YLR313C,1,-0.1415831,0.12700296938419342,0.8551448583602905,0.5884588360786438
YPL187W,YNL309W,0,-0.14169611,0.1269841343164444,0.8551448583602905,0.5885588526725769
YER056C-A,YNL075W,0,-0.14186698,0.12696529924869537,0.8551448583602905,0.58865886926651
YBR166C,YBR264C,0,-0.14231867,0.12694646418094635,0.8551448583602905,0.5887588858604431
YPR047W,YDL210W,0,-0.14243408,0.12692764401435852,0.8551448583602905,0.5888589024543762
YGL051W,YDR499W,0,-0.14248915,0.1269088238477707,0.8551448583602905,0.5889589190483093
YBR152W,YGR191W,0,-0.14252684,0.12689000368118286,0.8551448583602905,0.5890589356422424
YBR251W,YLR238W,0,-0.14257567,0.12687119841575623,0.8551448583602905,0.5891588926315308
YML018C,YPR002W,0,-0.14304686,0.12685240805149078,0.8551448583602905,0.5892589092254639
YNL090W,YNR008W,0,-0.14308414,0.12683360278606415,0.8551448583602905,0.589358925819397
YOR298W,YHL013C,0,-0.14382969,0.1268148124217987,0.8551448583602905,0.5894589424133301
YOL112W,YNL148C,0,-0.14384086,0.12679603695869446,0.8551448583602905,0.5895589590072632
YDR065W,YJL164C,0,-0.1439669,0.12677724659442902,0.8551448583602905,0.5896589756011963
YPL115C,YIL049W,1,-0.1446684,0.12690655887126923,0.8561438322067261,0.5896589756011963
YNR049C,YDR258C,0,-0.14574912,0.12688776850700378,0.8561438322067261,0.5897589921951294
YNL079C,YNL001W,1,-0.14609966,0.12701702117919922,0.8571428656578064,0.5897589921951294
YFL038C,YNL330C,0,-0.14616658,0.12699823081493378,0.8571428656578064,0.5898590087890625
YLR325C,YLR002C,0,-0.14688626,0.12697942554950714,0.8571428656578064,0.5899590253829956
YLR097C,YNL268W,0,-0.14734185,0.1269606351852417,0.8571428656578064,0.5900589823722839
YBL088C,YDR182W,0,-0.147377,0.12694185972213745,0.8571428656578064,0.590158998966217
YCR094W,YJL166W,0,-0.14740634,0.1269230842590332,0.8571428656578064,0.5902590155601501
YDR156W,YOR141C,0,-0.14770973,0.12690430879592896,0.8571428656578064,0.5903590321540833
YBR020W,YOR215C,0,-0.14788559,0.1268855333328247,0.8571428656578064,0.5904590487480164
YJR093C,YPL167C,0,-0.14825785,0.12686677277088165,0.8571428656578064,0.5905590653419495
YLR022C,YKL078W,0,-0.14871864,0.1268480122089386,0.8571428656578064,0.5906590819358826
YDL014W,YDR182W,0,-0.14885199,0.12682926654815674,0.8571428656578064,0.5907590985298157
YLR399C,YKL055C,0,-0.14902908,0.12681052088737488,0.8571428656578064,0.5908591151237488
YGR047C,YBR123C,0,-0.14921385,0.1267917901277542,0.8571428656578064,0.5909590721130371
YLL017W,YMR198W,0,-0.14950638,0.12677304446697235,0.8571428656578064,0.5910590887069702
YLR357W,YMR083W,0,-0.14961064,0.12675432860851288,0.8571428656578064,0.5911591053009033
YKR030W,YDR313C,0,-0.14981687,0.1267355978488922,0.8571428656578064,0.5912591218948364
YJR112W,YLR071C,0,-0.15033753,0.12671688199043274,0.8571428656578064,0.5913591384887695
YEL003W,YPR020W,0,-0.15108754,0.12669816613197327,0.8571428656578064,0.5914591550827026
YOR347C,YDR452W,0,-0.15116473,0.126679465174675,0.8571428656578064,0.5915591716766357
YDR026C,YNL122C,0,-0.15129066,0.1266607642173767,0.8571428656578064,0.5916591882705688
YLR309C,YJL151C,0,-0.1513258,0.12664206326007843,0.8571428656578064,0.591759204864502
YDL185W,YDL066W,0,-0.15185243,0.12662337720394135,0.8571428656578064,0.5918591618537903
YDR146C,YGR252W,0,-0.15200906,0.12660469114780426,0.8571428656578064,0.5919591784477234
YEL026W,YNL289W,0,-0.15223476,0.12658601999282837,0.8571428656578064,0.5920591950416565
YKR068C,YMR030W,0,-0.15293053,0.12656733393669128,0.8571428656578064,0.5921592116355896
YMR097C,YLR376C,0,-0.15300429,0.1265486776828766,0.8571428656578064,0.5922592282295227
YLR414C,YGL212W,0,-0.15306126,0.1265300065279007,0.8571428656578064,0.5923592448234558
YOR396W,YNR039C,0,-0.15310264,0.126511350274086,0.8571428656578064,0.5924592614173889
YMR315W,YKR102W,0,-0.15329278,0.1264927089214325,0.8571428656578064,0.592559278011322
YPL096C-A,YER118C,0,-0.15359059,0.1264740526676178,0.8571428656578064,0.5926592946052551
YGR038W,YDR400W,0,-0.15369403,0.1264554113149643,0.8571428656578064,0.5927592515945435
YMR221C,YPR152C,0,-0.15416844,0.12643678486347198,0.8571428656578064,0.5928592681884766
YJR138W,YEL015W,0,-0.15433119,0.12641815841197968,0.8571428656578064,0.5929592847824097
YGL203C,YDL022W,0,-0.15478662,0.12639953196048737,0.8571428656578064,0.5930593013763428
YER169W,YFL011W-A,0,-0.15501675,0.12638090550899506,0.8571428656578064,0.5931593179702759
YLR130C,YCR008W,0,-0.15538472,0.12636229395866394,0.8571428656578064,0.593259334564209
YBR024W,YLR204W,0,-0.15573223,0.12634369730949402,0.8571428656578064,0.5933593511581421
YCL038C,YOL137W,0,-0.15596001,0.1263250857591629,0.8571428656578064,0.5934593677520752
YPL237W,YPL242C,0,-0.15620717,0.12630648910999298,0.8571428656578064,0.5935593843460083
YPL011C,YKL168C,0,-0.15652418,0.12628790736198425,0.8571428656578064,0.5936593413352966
YLR348C,YAR031W,0,-0.15690714,0.12626931071281433,0.8571428656578064,0.5937593579292297
YIL088C,YLR285W,0,-0.15782881,0.1262507289648056,0.8571428656578064,0.5938593745231628
YPR096C,YDR196C,0,-0.15784505,0.12623216211795807,0.8571428656578064,0.593959391117096
YLR155C,YGR199W,0,-0.15805605,0.12621359527111053,0.8571428656578064,0.594059407711029
YBL084C,YMR026C,0,-0.15820622,0.126195028424263,0.8571428656578064,0.5941594243049622
YGL133W,YOR233W,0,-0.15923896,0.12617647647857666,0.8571428656578064,0.5942594408988953
YDR392W,YAL056W,1,-0.15931271,0.12630495429039001,0.8581418395042419,0.5942594408988953
YMR058W,YKL164C,0,-0.15935892,0.12628638744354248,0.8581418395042419,0.5943594574928284
YIL138C,YDL191W,0,-0.15952441,0.12626782059669495,0.8581418395042419,0.5944594740867615
YGR231C,YOR118W,0,-0.15972377,0.1262492686510086,0.8581418395042419,0.5945594310760498
YHR161C,YKL135C,0,-0.15980144,0.12623071670532227,0.8581418395042419,0.5946594476699829
YER175C,YHL032C,0,-0.1603247,0.12621216475963593,0.8581418395042419,0.594759464263916
YML033W,YIL105C,0,-0.16035262,0.12619362771511078,0.8581418395042419,0.5948594808578491
YDR006C,YIR025W,0,-0.16040845,0.12617509067058563,0.8581418395042419,0.5949594974517822
YPL242C,YLR307W,0,-0.16045585,0.12615655362606049,0.8581418395042419,0.5950595140457153
YKL100C,YNL162W,0,-0.1606645,0.12613803148269653,0.8581418395042419,0.5951595306396484
YML058W,YNR035C,0,-0.16067928,0.12611950933933258,0.8581418395042419,0.5952595472335815
YCR037C,YEL016C,0,-0.16120484,0.12610100209712982,0.8581418395042419,0.5953595638275146
YDR389W,YML030W,0,-0.16218992,0.12608249485492706,0.8581418395042419,0.595459520816803
YDR074W,YKL206C,0,-0.16249895,0.1260639876127243,0.8581418395042419,0.5955595374107361
YDR196C,YKL093W,0,-0.16258898,0.12604549527168274,0.8581418395042419,0.5956595540046692
YLR423C,YNL082W,0,-0.1627321,0.12602698802947998,0.8581418395042419,0.5957595705986023
YNL326C,YML048W,0,-0.16307187,0.1260085105895996,0.8581418395042419,0.5958595871925354
YOR007C,YML049C,0,-0.16326395,0.12599003314971924,0.8581418395042419,0.5959596037864685
YDR532C,YGL175C,0,-0.16333996,0.12597155570983887,0.8581418395042419,0.5960596203804016
YJL156C,YGR229C,0,-0.1641848,0.1259530782699585,0.8581418395042419,0.5961596369743347
YNR054C,YLL022C,0,-0.16438517,0.12593461573123932,0.8581418395042419,0.5962596535682678
YKL018W,YDL128W,0,-0.16454402,0.12591615319252014,0.8581418395042419,0.5963596105575562
YNL222W,YOR168W,0,-0.16473597,0.12589770555496216,0.8581418395042419,0.5964596271514893
YPR121W,YKL088W,0,-0.16529801,0.12587924301624298,0.8581418395042419,0.5965596437454224
YIL143C,YGR101W,0,-0.16600469,0.1258608102798462,0.8581418395042419,0.5966596603393555
YHR111W,YOR030W,1,-0.16635361,0.12598887085914612,0.8591408729553223,0.5966596603393555
YML039W,YLR341W,0,-0.1673888,0.12597040832042694,0.8591408729553223,0.5967596769332886
YLR419W,YJR121W,0,-0.16739723,0.12595196068286896,0.8591408729553223,0.5968596935272217
YGR231C,YMR026C,0,-0.1679316,0.12593351304531097,0.8591408729553223,0.5969597101211548
YJR076C,YNL014W,0,-0.16799912,0.12591508030891418,0.8591408729553223,0.5970597267150879
YPL011C,YER098W,0,-0.16803935,0.1258966475725174,0.8591408729553223,0.597159743309021
YLR028C,YLR188W,0,-0.16857357,0.1258782148361206,0.8591408729553223,0.5972597002983093
YMR314W,YOL052C,0,-0.16927785,0.125859797000885,0.8591408729553223,0.5973597168922424
YDR251W,YHR073W,1,-0.16928673,0.125987708568573,0.8601398468017578,0.5973597168922424
YBR239C,YCR024C-A,0,-0.16958247,0.1259692758321762,0.8601398468017578,0.5974597334861755
YNL197C,YLR174W,0,-0.16974442,0.12595084309577942,0.8601398468017578,0.5975597500801086
YKL175W,YIR033W,0,-0.17007312,0.12593242526054382,0.8601398468017578,0.5976597666740417
YDR221W,YCR054C,0,-0.17013298,0.12591400742530823,0.8601398468017578,0.5977597832679749
YJR092W,YFL055W,0,-0.17045727,0.12589560449123383,0.8601398468017578,0.597859799861908
YOR351C,YKL179C,0,-0.1709103,0.12587718665599823,0.8601398468017578,0.5979598164558411
YMR284W,YER025W,0,-0.17104864,0.12585879862308502,0.8601398468017578,0.5980598330497742
YBR215W,YGR206W,0,-0.17111525,0.12584039568901062,0.8601398468017578,0.5981597900390625
YKL015W,YLR301W,0,-0.17120677,0.1258220076560974,0.8601398468017578,0.5982598066329956
YGR231C,YLR027C,0,-0.17193715,0.1258036196231842,0.8601398468017578,0.5983598232269287
YGR105W,YBR036C,0,-0.17198768,0.1257852464914322,0.8601398468017578,0.5984598398208618
YPL153C,YNL071W,0,-0.17238441,0.12576687335968018,0.8601398468017578,0.5985598564147949
YIL063C,YDR342C,0,-0.17270583,0.12574850022792816,0.8601398468017578,0.598659873008728
YFL023W,YDR182W,0,-0.1728316,0.12573014199733734,0.8601398468017578,0.5987598896026611
YBR210W,YDR423C,0,-0.17341277,0.12571178376674652,0.8601398468017578,0.5988599061965942
YOR270C,YGL020C,0,-0.17343697,0.1256934255361557,0.8601398468017578,0.5989599227905273
YDL132W,YDR239C,0,-0.1737091,0.12567508220672607,0.8601398468017578,0.5990598797798157
YGR033C,YBL102W,0,-0.17427944,0.12565673887729645,0.8601398468017578,0.5991598963737488
YNL323W,YNL124W,0,-0.17437738,0.12563841044902802,0.8601398468017578,0.5992599129676819
YHR074W,YCR009C,0,-0.1746,0.12562008202075958,0.8601398468017578,0.599359929561615
YDL178W,YHR063C,0,-0.17497116,0.12560175359249115,0.8601398468017578,0.5994599461555481
YNL291C,YDR073W,0,-0.17517546,0.12558342516422272,0.8601398468017578,0.5995599627494812
YPR047W,YJR126C,0,-0.17564428,0.12556511163711548,0.8601398468017578,0.5996599793434143
YPR029C,YPL268W,0,-0.17599402,0.12554681301116943,0.8601398468017578,0.5997599959373474
YCL004W,YKL178C,0,-0.17650267,0.1255284994840622,0.8601398468017578,0.5998600125312805
YOR142W,YMR143W,0,-0.17702103,0.12551020085811615,0.8601398468017578,0.5999599695205688
YGL094C,YPR016C,0,-0.17729262,0.1254919171333313,0.8601398468017578,0.600059986114502
YBR236C,YFR021W,0,-0.178233,0.12547361850738525,0.8601398468017578,0.6001600027084351
YNR017W,YDR252W,0,-0.17884612,0.1254553347826004,0.8601398468017578,0.6002600193023682
YLR389C,YPL104W,0,-0.1789024,0.12543706595897675,0.8601398468017578,0.6003600358963013
YJL104W,YJR098C,0,-0.1791925,0.1254187971353531,0.8601398468017578,0.6004600524902344
YDR166C,YNR041C,0,-0.1792393,0.12540052831172943,0.8601398468017578,0.6005600690841675
YGL068W,YML106W,0,-0.17927653,0.12538225948810577,0.8601398468017578,0.6006600856781006
YFR001W,YER016W,0,-0.17936328,0.1253640055656433,0.8601398468017578,0.6007601022720337
YKL013C,YNL219C,0,-0.17949376,0.12534575164318085,0.8601398468017578,0.600860059261322
YIL171W,YDL156W,0,-0.17995177,0.12532751262187958,0.8601398468017578,0.6009600758552551
YKL198C,YFL011W-A,0,-0.18003196,0.1253092736005783,0.8601398468017578,0.6010600924491882
YGR285C,YHR046C,0,-0.18069467,0.12529103457927704,0.8601398468017578,0.6011601090431213
YJL178C,YBL011W,0,-0.18069781,0.12527281045913696,0.8601398468017578,0.6012601256370544
YDR506C,YEL015W,0,-0.18074332,0.1252545863389969,0.8601398468017578,0.6013601422309875
YBL061C,YLR380W,0,-0.18123655,0.1252363622188568,0.8601398468017578,0.6014601588249207
YNL053W,YLR113W,0,-0.18149132,0.12521815299987793,0.8601398468017578,0.6015601754188538
YOR360C,YDL140C,0,-0.1824344,0.12519994378089905,0.8601398468017578,0.6016601920127869
YKR029C,YGR121C,0,-0.18254638,0.12518173456192017,0.8601398468017578,0.6017601490020752
YOR338W,YDR532C,0,-0.18369658,0.12516354024410248,0.8601398468017578,0.6018601655960083
YIR037W,YKL097W-A,0,-0.18431203,0.1251453459262848,0.8601398468017578,0.6019601821899414
YOR298C-A,YLR385C,0,-0.1845409,0.1251271665096283,0.8601398468017578,0.6020601987838745
YLR212C,YML111W,0,-0.1849769,0.1251089870929718,0.8601398468017578,0.6021602153778076
YDL207W,YNL231C,0,-0.18499702,0.1250908076763153,0.8601398468017578,0.6022602319717407
YEL038W,YOR327C,0,-0.18535632,0.1250726282596588,0.8601398468017578,0.6023602485656738
YOL157C,YMR200W,0,-0.18543838,0.1250544637441635,0.8601398468017578,0.6024602651596069
YDR264C,YHR214C-B,0,-0.18550432,0.1250362992286682,0.8601398468017578,0.60256028175354
YMR203W,YOL077W-A,0,-0.1856687,0.1250181496143341,0.8601398468017578,0.6026602387428284
YDR351W,YDL246C,0,-0.1857185,0.125,0.8601398468017578,0.6027602553367615
YAR035W,YGR036C,0,-0.18609348,0.12498185783624649,0.8601398468017578,0.6028602719306946
YMR046C,YDL007W,0,-0.18612142,0.12496371567249298,0.8601398468017578,0.6029602885246277
YBR288C,YOL065C,0,-0.18617512,0.12494558095932007,0.8601398468017578,0.6030603051185608
YER160C,YGL113W,0,-0.18661268,0.12492745369672775,0.8601398468017578,0.6031603217124939
YGR123C,YNL001W,0,-0.18693101,0.12490932643413544,0.8601398468017578,0.603260338306427
YHR064C,YDR182W,0,-0.18728504,0.12489120662212372,0.8601398468017578,0.6033603549003601
YER026C,YEL002C,0,-0.18749027,0.1248730942606926,0.8601398468017578,0.6034603714942932
YNL271C,YKL149C,1,-0.18853495,0.125,0.8611388802528381,0.6034603714942932
YEL070W,YDR210W,0,-0.1889014,0.12498187273740768,0.8611388802528381,0.6035603284835815
YOR217W,YIR025W,0,-0.18908212,0.12496376037597656,0.8611388802528381,0.6036603450775146
YDR032C,YDL004W,0,-0.18921566,0.12494564801454544,0.8611388802528381,0.6037603616714478
YMR005W,YHR140W,0,-0.19033307,0.12492753565311432,0.8611388802528381,0.6038603782653809
YFL023W,YJR044C,0,-0.19035305,0.1249094307422638,0.8611388802528381,0.603960394859314
YLR151C,YBR058C,0,-0.19056559,0.12489133328199387,0.8611388802528381,0.6040604114532471
YJR153W,YJR147W,1,-0.19067974,0.12501810491085052,0.8621378540992737,0.6040604114532471
YBR179C,YGR095C,0,-0.19072072,0.125,0.8621378540992737,0.6041604280471802
YOR251C,YLR433C,0,-0.19103125,0.12498189508914948,0.8621378540992737,0.6042604446411133
YNL186W,YMR090W,0,-0.19135053,0.12496379762887955,0.8621378540992737,0.6043604612350464
YLR086W,YKL171W,0,-0.19140399,0.12494570761919022,0.8621378540992737,0.6044604182243347
YOL082W,YCR102C,0,-0.1914188,0.12492761760950089,0.8621378540992737,0.6045604348182678
YDR064W,YGR063C,0,-0.1914411,0.12490953505039215,0.8621378540992737,0.6046604514122009
YLR312C-B,YOR032C,1,-0.19151132,0.12503618001937866,0.863136887550354,0.6046604514122009
YIL145C,YOR205C,0,-0.19274466,0.12501809000968933,0.863136887550354,0.604760468006134
YDR436W,YDR173C,0,-0.19306454,0.125,0.863136887550354,0.6048604846000671
YGR047C,YDR126W,0,-0.19371575,0.12498191744089127,0.863136887550354,0.6049605011940002
YMR093W,YJR088C,0,-0.1941526,0.12496384233236313,0.863136887550354,0.6050605177879333
YLR373C,YDR046C,0,-0.19426695,0.12494576722383499,0.863136887550354,0.6051605343818665
YER013W,YGR284C,0,-0.19430865,0.12492770701646805,0.863136887550354,0.6052605509757996
YDL206W,YML006C,0,-0.19471578,0.12490963935852051,0.863136887550354,0.6053605079650879
YKR058W,YDL025C,0,-0.19475907,0.12489158660173416,0.863136887550354,0.605460524559021
YGL174W,YJL111W,0,-0.19479042,0.12487353384494781,0.863136887550354,0.6055605411529541
YJR153W,YLR353W,1,-0.19552708,0.125,0.8641358613967896,0.6055605411529541
YAR035W,YDL208W,0,-0.19580445,0.12498193979263306,0.8641358613967896,0.6056605577468872
YGL253W,YJL092W,0,-0.19609097,0.12496387958526611,0.8641358613967896,0.6057605743408203
YER027C,YML014W,0,-0.19747122,0.12494583427906036,0.8641358613967896,0.6058605909347534
YGR278W,YLR170C,0,-0.19763245,0.12492778897285461,0.8641358613967896,0.6059606075286865
YDR498C,YIL035C,0,-0.19793418,0.12490974366664886,0.8641358613967896,0.6060606241226196
YPL139C,YER106W,0,-0.1980897,0.12489171326160431,0.8641358613967896,0.6061606407165527
YAR018C,YMR099C,0,-0.19901639,0.12487368285655975,0.8641358613967896,0.6062605977058411
YJR005W,YBR024W,0,-0.1992021,0.1248556599020958,0.8641358613967896,0.6063606142997742
YDR036C,YML065W,0,-0.19941248,0.12483763694763184,0.8641358613967896,0.6064606308937073
YLR438C-A,YKL211C,0,-0.1997487,0.12481962144374847,0.8641358613967896,0.6065606474876404
YDR322W,YGR252W,0,-0.19992766,0.12480161339044571,0.8641358613967896,0.6066606640815735
YJR088C,YGL134W,0,-0.2001255,0.12478361278772354,0.8641358613967896,0.6067606806755066
YER008C,YPL268W,0,-0.20037268,0.12476561218500137,0.8641358613967896,0.6068606972694397
YDR170C,YMR034C,0,-0.20092973,0.1247476190328598,0.8641358613967896,0.6069607138633728
YML081C-A,YMR172W,0,-0.20098087,0.12472963333129883,0.8641358613967896,0.6070607304573059
YBR056W,YDR233C,0,-0.2017629,0.12471164762973785,0.8641358613967896,0.6071606874465942
YHR011W,YNL142W,1,-0.20198789,0.12483782321214676,0.8651348948478699,0.6071606874465942
YHL004W,YJR031C,0,-0.20225799,0.12481983006000519,0.8651348948478699,0.6072607040405273
YGL166W,YPR016C,0,-0.20259818,0.12480184435844421,0.8651348948478699,0.6073607206344604
YPL020C,YPL181W,0,-0.20279142,0.12478385865688324,0.8651348948478699,0.6074607372283936
YDR432W,YCR093W,1,-0.20298511,0.12490995228290558,0.8661338686943054,0.6074607372283936
YLR103C,YPL031C,0,-0.20300338,0.12489195913076401,0.8661338686943054,0.6075607538223267
YKL186C,YMR283C,0,-0.20329402,0.12487397342920303,0.8661338686943054,0.6076607704162598
YDR237W,YKL176C,0,-0.20370725,0.12485598772764206,0.8661338686943054,0.6077607870101929
YMR224C,YER099C,0,-0.20373213,0.12483800947666168,0.8661338686943054,0.607860803604126
YNR036C,YBR176W,0,-0.20383087,0.1248200386762619,0.8661338686943054,0.6079608201980591
YBR061C,YBL092W,0,-0.20425034,0.12480207532644272,0.8661338686943054,0.6080607771873474
YBR171W,YGL029W,0,-0.2043499,0.12478411197662354,0.8661338686943054,0.6081607937812805
YMR023C,YGR247W,0,-0.20457962,0.12476615607738495,0.8661338686943054,0.6082608103752136
YBR024W,YHR141C,0,-0.20465286,0.12474820017814636,0.8661338686943054,0.6083608269691467
YDR231C,YNL309W,0,-0.20491439,0.12473025172948837,0.8661338686943054,0.6084608435630798
YIL067C,YHR187W,0,-0.20524715,0.12471231073141098,0.8661338686943054,0.6085608601570129
YLR047C,YDR518W,0,-0.20530206,0.12469437718391418,0.8661338686943054,0.608660876750946
YMR113W,YDL060W,0,-0.20532244,0.12467644363641739,0.8661338686943054,0.6087608933448792
YDR423C,YOR083W,0,-0.20600702,0.12465851753950119,0.8661338686943054,0.6088609099388123
YBR271W,YDR465C,0,-0.2066394,0.12464059889316559,0.8661338686943054,0.6089608669281006
YBR229C,YLR381W,0,-0.2068861,0.12462268024682999,0.8661338686943054,0.6090608835220337
YOR284W,YGL185C,0,-0.20709877,0.12460476905107498,0.8661338686943054,0.6091609001159668
YER025W,YNL188W,0,-0.20768425,0.12458686530590057,0.8661338686943054,0.6092609167098999
YLR446W,YDL059C,0,-0.2079485,0.12456896901130676,0.8661338686943054,0.609360933303833
YHL019C,YER021W,0,-0.20822574,0.12455107271671295,0.8661338686943054,0.6094609498977661
YMR119W,YGR282C,0,-0.2083884,0.12453317642211914,0.8661338686943054,0.6095609664916992
YKR090W,YHR062C,0,-0.20936748,0.12451529502868652,0.8661338686943054,0.6096609830856323
YNR031C,YJL100W,0,-0.2096357,0.1244974136352539,0.8661338686943054,0.6097609996795654
YML124C,YLR306W,0,-0.20981587,0.12447953969240189,0.8661338686943054,0.6098609566688538
YLR318W,YDL004W,0,-0.21128534,0.12446167320013046,0.8661338686943054,0.6099609732627869
YDR404C,YPL079W,0,-0.21132457,0.12444380670785904,0.8661338686943054,0.61006098985672
YPL066W,YIL085C,0,-0.21161936,0.12442594766616821,0.8661338686943054,0.6101610064506531
YLR066W,YOR304C-A,0,-0.21162748,0.12440809607505798,0.8661338686943054,0.6102610230445862
YDR018C,YMR170C,0,-0.21168396,0.12439024448394775,0.8661338686943054,0.6103610396385193
YLR089C,YGL100W,0,-0.2118768,0.12437240034341812,0.8661338686943054,0.6104610562324524
YOL057W,YML080W,0,-0.2121005,0.12435456365346909,0.8661338686943054,0.6105610728263855
YOR310C,YDR473C,0,-0.2122294,0.12433672696352005,0.8661338686943054,0.6106610894203186
YJL213W,YDL044C,0,-0.21273741,0.12431889772415161,0.8661338686943054,0.6107610464096069
YLR376C,YIR023W,0,-0.21311802,0.12430107593536377,0.8661338686943054,0.61086106300354
YKR105C,YML118W,0,-0.21341005,0.12428325414657593,0.8661338686943054,0.6109610795974731
YLR045C,YER140W,0,-0.21373473,0.12426544725894928,0.8661338686943054,0.6110610961914062
YOR360C,YBL040C,0,-0.21374977,0.12424763292074203,0.8661338686943054,0.6111611127853394
YDL101C,YEL059C-A,0,-0.2141689,0.12422983348369598,0.8661338686943054,0.6112611293792725
YPR056W,YMR097C,0,-0.21447316,0.12421203404664993,0.8661338686943054,0.6113611459732056
YLL023C,YIL160C,0,-0.214651,0.12419424206018448,0.8661338686943054,0.6114611625671387
YPR060C,YOR323C,0,-0.2155017,0.12417645007371902,0.8661338686943054,0.6115611791610718
YOR322C,YLR321C,0,-0.21628498,0.12415867298841476,0.8661338686943054,0.6116611957550049
YJL153C,YLR008C,0,-0.21631104,0.1241408959031105,0.8661338686943054,0.6117611527442932
YIR032C,YHR109W,0,-0.2167556,0.12412311881780624,0.8661338686943054,0.6118611693382263
YER036C,YNL312W,0,-0.21680024,0.12410535663366318,0.8661338686943054,0.6119611859321594
YGL158W,YBL091C-A,0,-0.21684934,0.12408759444952011,0.8661338686943054,0.6120612025260925
YGL232W,YKL148C,0,-0.21697567,0.12406983226537704,0.8661338686943054,0.6121612191200256
YOL040C,YPL096C-A,0,-0.21735808,0.12405208498239517,0.8661338686943054,0.6122612357139587
YNL172W,YJR029W,0,-0.21746142,0.1240343376994133,0.8661338686943054,0.6123612523078918
YKR086W,YMR150C,0,-0.21766143,0.12401659041643143,0.8661338686943054,0.612461268901825
YGL123W,YPL096C-A,0,-0.21782684,0.12399885803461075,0.8661338686943054,0.6125612854957581
YPR024W,YLR097C,0,-0.21804708,0.12398112565279007,0.8661338686943054,0.6126612424850464
YOR291W,YDL070W,0,-0.2183116,0.12396340072154999,0.8661338686943054,0.6127612590789795
YDL208W,YER070W,0,-0.21869844,0.1239456757903099,0.8661338686943054,0.6128612756729126
YDL170W,YBR195C,0,-0.21914467,0.12392795830965042,0.8661338686943054,0.6129612922668457
YIL109C,YNL116W,0,-0.2192842,0.12391024827957153,0.8661338686943054,0.6130613088607788
YJL145W,YDR394W,0,-0.21977577,0.12389253824949265,0.8661338686943054,0.6131613254547119
YER146W,YLR034C,0,-0.22030969,0.12387483566999435,0.8661338686943054,0.613261342048645
YNL315C,YDR231C,0,-0.22065957,0.12385714054107666,0.8661338686943054,0.6133613586425781
YPL268W,YLR440C,0,-0.22084907,0.12383945286273956,0.8661338686943054,0.6134613752365112
YNL212W,YBR133C,0,-0.22151354,0.12382176518440247,0.8661338686943054,0.6135613322257996
YDL080C,YNL122C,0,-0.22236389,0.12380408495664597,0.8661338686943054,0.6136613488197327
YDR076W,YGR241C,0,-0.22241157,0.12378640472888947,0.8661338686943054,0.6137613654136658
YOR094W,YDR103W,0,-0.22268674,0.12376873940229416,0.8661338686943054,0.6138613820075989
YHR111W,YHL007C,1,-0.22293818,0.12389380484819412,0.867132842540741,0.6138613820075989
YNL079C,YNL068C,1,-0.22319615,0.1240188404917717,0.8681318759918213,0.6138613820075989
YIR009W,YBR298C,0,-0.22359568,0.12400113791227341,0.8681318759918213,0.613961398601532
YNL242W,YMR170C,0,-0.22362417,0.12398345023393631,0.8681318759918213,0.6140614151954651
YEL029C,YKL193C,0,-0.22370213,0.12396576255559921,0.8681318759918213,0.6141614317893982
YDR392W,YJR153W,1,-0.2238197,0.12409071624279022,0.8691308498382568,0.6141614317893982
YPL154C,YER162C,0,-0.2238208,0.12407302111387253,0.8691308498382568,0.6142614483833313
YLR188W,YBR215W,0,-0.22455524,0.12405532598495483,0.8691308498382568,0.6143614649772644
YDR307W,YBL041W,0,-0.22472447,0.12403763830661774,0.8691308498382568,0.6144614219665527
YOR007C,YDR421W,0,-0.22530684,0.12401995807886124,0.8691308498382568,0.6145614385604858
YLR191W,YPR198W,0,-0.22557619,0.12400227785110474,0.8691308498382568,0.614661455154419
YLL017W,YDL104C,0,-0.22566503,0.12398461252450943,0.8691308498382568,0.614761471748352
YBR280C,YBL019W,0,-0.22628352,0.12396693974733353,0.8691308498382568,0.6148614883422852
YNL119W,YKL149C,1,-0.22628726,0.1240917518734932,0.8701298832893372,0.6148614883422852
YLR077W,YNL139C,0,-0.22646672,0.1240740716457367,0.8701298832893372,0.6149615049362183
YNL339C,YBL101C,0,-0.2268058,0.12405639886856079,0.8701298832893372,0.6150615215301514
YNL021W,YKR060W,0,-0.22681776,0.12403873354196548,0.8701298832893372,0.6151615381240845
YLR133W,YGR048W,0,-0.22710416,0.12402107566595078,0.8701298832893372,0.6152615547180176
YDR052C,YNR057C,0,-0.22717479,0.12400341778993607,0.8701298832893372,0.6153615117073059
YER166W,YNR074C,0,-0.22759074,0.12398576736450195,0.8701298832893372,0.615461528301239
YJL151C,YDR358W,0,-0.22789879,0.12396811693906784,0.8701298832893372,0.6155615448951721
YMR013C,YMR168C,0,-0.22803822,0.12395047396421432,0.8701298832893372,0.6156615614891052
YNR022C,YGR282C,0,-0.22827625,0.1239328384399414,0.8701298832893372,0.6157615780830383
YHR004C,YKL199C,0,-0.22880845,0.12391521036624908,0.8701298832893372,0.6158615946769714
YDL161W,YBR155W,0,-0.22910316,0.12389758229255676,0.8701298832893372,0.6159616112709045
YIL044C,YBL079W,0,-0.22959816,0.12387996166944504,0.8701298832893372,0.6160616278648376
YLR050C,YGL241W,0,-0.22968301,0.12386234104633331,0.8701298832893372,0.6161616444587708
YJL139C,YMR319C,0,-0.22990999,0.12384473532438278,0.8701298832893372,0.6162616014480591
YPR156C,YAL038W,0,-0.2300109,0.12382712215185165,0.8701298832893372,0.6163616180419922
YDL014W,YBL020W,0,-0.230055,0.12380952388048172,0.8701298832893372,0.6164616346359253
YOR138C,YNL302C,0,-0.23023641,0.12379192560911179,0.8701298832893372,0.6165616512298584
YKL091C,YJL041W,0,-0.23037414,0.12377433478832245,0.8701298832893372,0.6166616678237915
YBR057C,YJR017C,0,-0.23068762,0.12375675141811371,0.8701298832893372,0.6167616844177246
YML114C,YEL036C,0,-0.23082617,0.12373916804790497,0.8701298832893372,0.6168617010116577
YDR030C,YDR448W,0,-0.23084533,0.12372159212827682,0.8701298832893372,0.6169617176055908
YHR011W,YER108C,1,-0.23110013,0.12384604662656784,0.8711288571357727,0.6169617176055908
YGL245W,YPL208W,0,-0.23140499,0.1238284558057785,0.8711288571357727,0.6170617341995239
YNR063W,YJL141C,0,-0.23170373,0.12381087243556976,0.8711288571357727,0.6171616911888123
YPL270W,YPL252C,0,-0.23188102,0.12379329651594162,0.8711288571357727,0.6172617077827454
YLR191W,YBR273C,0,-0.23252484,0.12377572804689407,0.8711288571357727,0.6173617243766785
YGL153W,YEL047C,0,-0.2325643,0.12375815957784653,0.8711288571357727,0.6174617409706116
YMR130W,YDR173C,0,-0.23272875,0.12374059855937958,0.8711288571357727,0.6175617575645447
YLR275W,YOL068C,0,-0.2327849,0.12372304499149323,0.8711288571357727,0.6176617741584778
YKL222C,YJL158C,0,-0.2328296,0.12370549142360687,0.8711288571357727,0.6177617907524109
YLR121C,YHR191C,0,-0.23300958,0.12368794530630112,0.8711288571357727,0.617861807346344
YML125C,YGR271W,0,-0.2331833,0.12367039918899536,0.8711288571357727,0.6179618239402771
YDL231C,YCR037C,0,-0.23349091,0.1236528679728508,0.8711288571357727,0.6180617809295654
YIL172C,YOR346W,0,-0.23400846,0.12363532930612564,0.8711288571357727,0.6181617975234985
YOL004W,YOR336W,0,-0.23402582,0.12361780554056168,0.8711288571357727,0.6182618141174316
YDR101C,YOR150W,0,-0.23413286,0.12360028177499771,0.8711288571357727,0.6183618307113647
YPR144C,YDR081C,0,-0.23421031,0.12358276546001434,0.8711288571357727,0.6184618473052979
YDL185W,YML030W,0,-0.23429163,0.12356525659561157,0.8711288571357727,0.618561863899231
YPR033C,YJR016C,0,-0.23480591,0.1235477477312088,0.8711288571357727,0.6186618804931641
YLR312W-A,YMR301C,0,-0.23481679,0.12353024631738663,0.8711288571357727,0.6187618970870972
YER008C,YNL218W,0,-0.23497826,0.12351274490356445,0.8711288571357727,0.6188619136810303
YGR262C,YHR069C,0,-0.23498426,0.12349525839090347,0.8711288571357727,0.6189618706703186
YDL067C,YGL160W,0,-0.23543374,0.12347777187824249,0.8711288571357727,0.6190618872642517
YDL200C,YHR045W,0,-0.23546006,0.12346028536558151,0.8711288571357727,0.6191619038581848
YCR067C,YDL138W,0,-0.23561835,0.12344280630350113,0.8711288571357727,0.6192619204521179
YGR106C,YGL160W,0,-0.23658594,0.12342533469200134,0.8711288571357727,0.619361937046051
YBR210W,YHR135C,0,-0.2366056,0.12340787053108215,0.8711288571357727,0.6194619536399841
YNL082W,YIL093C,0,-0.23751862,0.12339040637016296,0.8711288571357727,0.6195619702339172
YIR010W,YKL152C,0,-0.2376261,0.12337294965982437,0.8711288571357727,0.6196619868278503
YKL140W,YCL008C,0,-0.23768625,0.12335549294948578,0.8711288571357727,0.6197620034217834
YHL007C,YNL068C,1,-0.23794518,0.12347949296236038,0.872127890586853,0.6197620034217834
YDR184C,YJR021C,0,-0.23811084,0.12346202880144119,0.872127890586853,0.6198619604110718
YPL090C,YOR085W,0,-0.23829444,0.1234445720911026,0.872127890586853,0.6199619770050049
YMR268C,YCR027C,0,-0.23870426,0.12342711538076401,0.872127890586853,0.620061993598938
YCL050C,YER133W,0,-0.23918974,0.12340966612100601,0.872127890586853,0.6201620101928711
YBR087W,YNL307C,0,-0.2398111,0.12339222431182861,0.872127890586853,0.6202620267868042
YBR159W,YER190W,0,-0.24047749,0.12337478995323181,0.872127890586853,0.6203620433807373
YDR530C,YDR103W,0,-0.24053623,0.12335735559463501,0.872127890586853,0.6204620599746704
YDL178W,YPL158C,0,-0.24082054,0.1233399286866188,0.872127890586853,0.6205620765686035
YLR219W,YCL074W,0,-0.24102277,0.1233225017786026,0.872127890586853,0.6206620931625366
YGL166W,YMR112C,0,-0.2414417,0.12330508232116699,0.872127890586853,0.620762050151825
YGR192C,YKR098C,0,-0.24167173,0.12328767031431198,0.872127890586853,0.6208620667457581
YGL190C,YPL152W,0,-0.24183953,0.12327026575803757,0.872127890586853,0.6209620833396912
YML077W,YGR013W,0,-0.24190035,0.12325286120176315,0.872127890586853,0.6210620999336243
YDR356W,YOR323C,0,-0.24199241,0.12323545664548874,0.872127890586853,0.6211621165275574
YDL042C,YGL089C,0,-0.24255475,0.12321806699037552,0.872127890586853,0.6212621331214905
YJR001W,YIL004C,0,-0.24261972,0.1232006773352623,0.872127890586853,0.6213621497154236
YDR408C,YBL011W,0,-0.24262705,0.12318329513072968,0.872127890586853,0.6214621663093567
YFR013W,YGR292W,0,-0.2430537,0.12316591292619705,0.872127890586853,0.6215621829032898
YKL007W,YJL143W,0,-0.24356249,0.12314853817224503,0.872127890586853,0.6216621398925781
YOR126C,YDR248C,0,-0.24379489,0.1231311708688736,0.872127890586853,0.6217621564865112
YMR092C,YOL026C,0,-0.24401869,0.12311380356550217,0.872127890586853,0.6218621730804443
YPL270W,YAL001C,0,-0.24412844,0.12309644371271133,0.872127890586853,0.6219621896743774
YFL057C,YPR004C,0,-0.24478348,0.1230790913105011,0.872127890586853,0.6220622062683105
YDL126C,YFL029C,0,-0.24520092,0.12306173890829086,0.872127890586853,0.6221622228622437
YGL236C,YDR506C,0,-0.24524361,0.12304439395666122,0.872127890586853,0.6222622394561768
YDR099W,YER177W,1,-0.24550396,0.123167984187603,0.8731268644332886,0.6222622394561768
YNL290W,YGR121C,0,-0.24565044,0.12315062433481216,0.8731268644332886,0.6223622560501099
YDR062W,YBR055C,0,-0.24570525,0.12313327938318253,0.8731268644332886,0.622462272644043
YIL159W,YBL098W,0,-0.24573559,0.12311593443155289,0.8731268644332886,0.6225622296333313
YJL102W,YJL133W,0,-0.24619083,0.12309858947992325,0.8731268644332886,0.6226622462272644
YDR117C,YHR143W-A,0,-0.24641787,0.1230812594294548,0.8731268644332886,0.6227622628211975
YHR051W,YHR206W,0,-0.2471422,0.12306392937898636,0.8731268644332886,0.6228622794151306
YLR003C,YML062C,0,-0.24746557,0.12304659932851791,0.8731268644332886,0.6229622960090637
YDR245W,YKR006C,0,-0.24798517,0.12302927672863007,0.8731268644332886,0.6230623126029968
YOR396W,YJL081C,0,-0.24821824,0.12301196157932281,0.8731268644332886,0.6231623291969299
YER114C,YBR172C,0,-0.2486793,0.12299465388059616,0.8731268644332886,0.623262345790863
YNR010W,YGR074W,0,-0.24903259,0.1229773461818695,0.8731268644332886,0.6233623623847961
YCR038C,YDR099W,1,-0.24936017,0.12310073524713516,0.8741258978843689,0.6233623623847961
YDR072C,YOL016C,0,-0.24944901,0.12308341264724731,0.8741258978843689,0.6234623193740845
YGL010W,YCR075C,0,-0.25001097,0.12306610494852066,0.8741258978843689,0.6235623359680176
YEL053C,YMR281W,0,-0.25222534,0.123048797249794,0.8741258978843689,0.6236623525619507
YNL068C,YKL149C,1,-0.2533447,0.1231721043586731,0.8751248717308044,0.6236623525619507
YOL066C,YPL273W,0,-0.25347182,0.12315478920936584,0.8751248717308044,0.6237623691558838
YKL085W,YBR159W,0,-0.2535621,0.1231374740600586,0.8751248717308044,0.6238623857498169
YHR160C,YMR024W,0,-0.25507027,0.12312016636133194,0.8751248717308044,0.62396240234375
YBL099W,YER172C,0,-0.2558003,0.12310286611318588,0.8751248717308044,0.6240624189376831
YIR019C,YOR030W,1,-0.25580764,0.12322607636451721,0.8761239051818848,0.6240624189376831
YHR032W,YHR047C,0,-0.25645214,0.12320876866579056,0.8761239051818848,0.6241624355316162
YDL222C,YJL103C,0,-0.25649297,0.1231914609670639,0.8761239051818848,0.6242624521255493
YNL091W,YER016W,0,-0.2566388,0.12317416071891785,0.8761239051818848,0.6243624091148376
YIL017C,YGL044C,0,-0.25744945,0.12315686047077179,0.8761239051818848,0.6244624257087708
YNR036C,YBL036C,0,-0.25745267,0.12313956767320633,0.8761239051818848,0.6245624423027039
YPR191W,YIR022W,0,-0.25802892,0.12312228232622147,0.8761239051818848,0.624662458896637
YPR018W,YLR022C,0,-0.25803632,0.1231049969792366,0.8761239051818848,0.6247624754905701
YDR424C,YLR088W,0,-0.25807923,0.12308771908283234,0.8761239051818848,0.6248624920845032
YGR289C,YKL049C,0,-0.25810757,0.12307044863700867,0.8761239051818848,0.6249625086784363
YPR186C,YOR304C-A,0,-0.25819662,0.123053178191185,0.8761239051818848,0.6250625252723694
YCR055C,YPR002W,0,-0.25888002,0.12303591519594193,0.8761239051818848,0.6251625418663025
YCR083W,YOR180C,0,-0.25924793,0.12301865965127945,0.8761239051818848,0.6252624988555908
YER149C,YNL068C,1,-0.25932014,0.12314165383577347,0.8771228790283203,0.6252624988555908
YNL135C,YJR077C,0,-0.25941813,0.1231243833899498,0.8771228790283203,0.6253625154495239
YOL152W,YOR214C,0,-0.25967962,0.12310712039470673,0.8771228790283203,0.625462532043457
YMR208W,YOR130C,0,-0.2600636,0.12308986485004425,0.8771228790283203,0.6255625486373901
YDR260C,YHR052W,0,-0.26131618,0.12307260930538177,0.8771228790283203,0.6256625652313232
YEL062W,YOR124C,0,-0.2615594,0.1230553612112999,0.8771228790283203,0.6257625818252563
YDR081C,YDL197C,0,-0.2617148,0.12303811311721802,0.8771228790283203,0.6258625984191895
YGL133W,YIL046W,0,-0.2620962,0.12302087992429733,0.8771228790283203,0.6259626150131226
YGL032C,YGR048W,0,-0.26217395,0.12300363928079605,0.8771228790283203,0.6260626316070557
YFR052W,YIL017W,0,-0.26239628,0.12298641353845596,0.8771228790283203,0.626162588596344
YIL041W,YDR349C,0,-0.26271495,0.12296918779611588,0.8771228790283203,0.6262626051902771
YLR197W,YOL127W,0,-0.2628115,0.12295196950435638,0.8771228790283203,0.6263626217842102
YJL221C,YAR044W,0,-0.2628951,0.1229347512125969,0.8771228790283203,0.6264626383781433
YCR029C-A,YOR155C,0,-0.2630464,0.122917540371418,0.8771228790283203,0.6265626549720764
YMR008C,YJL062W,0,-0.26316383,0.1229003369808197,0.8771228790283203,0.6266626715660095
YDR473C,YJR097W,0,-0.26342297,0.1228831335902214,0.8771228790283203,0.6267626881599426
YKL091C,YCR052W,0,-0.2641418,0.1228659376502037,0.8771228790283203,0.6268627047538757
YPL020C,YBR123C,0,-0.26525354,0.1228487491607666,0.8771228790283203,0.6269627213478088
YPL009C,YBR158W,0,-0.26617652,0.1228315606713295,0.8771228790283203,0.6270626783370972
YLR105C,YKL206C,0,-0.26644096,0.12281437963247299,0.8771228790283203,0.6271626949310303
YPL115C,YNL068C,1,-0.26656082,0.12293706089258194,0.8781218528747559,0.6271626949310303
YPR081C,YIL017W,0,-0.26719594,0.12291987240314484,0.8781218528747559,0.6272627115249634
YLR287C-A,YDR013W,0,-0.26743388,0.12290268391370773,0.8781218528747559,0.6273627281188965
YDR207C,YJR140C,0,-0.26746175,0.12288550287485123,0.8781218528747559,0.6274627447128296
YBL030C,YNL116W,0,-0.26754823,0.12286832183599472,0.8781218528747559,0.6275627613067627
YPR043W,YPR036W,0,-0.26778907,0.12285115569829941,0.8781218528747559,0.6276627779006958
YBR021W,YML042W,0,-0.26815104,0.1228339821100235,0.8781218528747559,0.6277627944946289
YGL173C,YDL202W,0,-0.2681927,0.12281682342290878,0.8781218528747559,0.627862811088562
YLR305C,YBR115C,0,-0.2684647,0.12279966473579407,0.8781218528747559,0.6279627680778503
YNL099C,YKL018W,0,-0.26967326,0.12278251349925995,0.8781218528747559,0.6280627846717834
YOL137W,YOL147C,0,-0.2700814,0.12276536226272583,0.8781218528747559,0.6281628012657166
YGL021W,YLR166C,0,-0.27009296,0.12274821847677231,0.8781218528747559,0.6282628178596497
YDR281C,YOR127W,0,-0.2702222,0.12273108214139938,0.8781218528747559,0.6283628344535828
YAR031W,YNL139C,0,-0.27081934,0.12271394580602646,0.8781218528747559,0.6284628510475159
YHR039C-A,YNL306W,0,-0.27098235,0.12269681692123413,0.8781218528747559,0.628562867641449
YNL191W,YPR061C,0,-0.27112943,0.1226796954870224,0.8781218528747559,0.6286628842353821
YER109C,YOR371C,1,-0.2719945,0.12280212342739105,0.8791208863258362,0.6286628842353821
YLR395C,YDR069C,0,-0.2735192,0.12278498709201813,0.8791208863258362,0.6287629008293152
YDL097C,YAL039C,0,-0.2736916,0.1227678582072258,0.8791208863258362,0.6288628578186035
YHR175W,YMR065W,0,-0.273888,0.12275072932243347,0.8791208863258362,0.6289628744125366
YJL157C,YNR027W,0,-0.27428693,0.12273361533880234,0.8791208863258362,0.6290628910064697
YDR353W,YKL180W,0,-0.27438456,0.1227164939045906,0.8791208863258362,0.6291629076004028
YPL249C,YOR304W,0,-0.27475017,0.12269938737154007,0.8791208863258362,0.6292629241943359
YLR013W,YLR025W,0,-0.27587712,0.12268228083848953,0.8791208863258362,0.629362940788269
YKL103C,YHR003C,0,-0.276222,0.12266518175601959,0.8791208863258362,0.6294629573822021
YHR186C,YDR349C,0,-0.2764163,0.12264808267354965,0.8791208863258362,0.6295629739761353
YGR246C,YLR069C,0,-0.27654102,0.12263099104166031,0.8791208863258362,0.6296629905700684
YOR032C,YHR073W,1,-0.27655557,0.12275324016809464,0.8801198601722717,0.6296629905700684
YGR059W,YML033W,0,-0.27659157,0.1227361410856247,0.8801198601722717,0.6297629475593567
YCL024W,YER017C,0,-0.2769922,0.12271904200315475,0.8801198601722717,0.6298629641532898
YNL241C,YPR063C,0,-0.27709988,0.12270195037126541,0.8801198601722717,0.6299629807472229
YEL004W,YIL136W,0,-0.2775832,0.12268486618995667,0.8801198601722717,0.630062997341156
YHR124W,YGR277C,0,-0.27801645,0.12266778200864792,0.8801198601722717,0.6301630139350891
YDL166C,YPR073C,0,-0.27903187,0.12265070527791977,0.8801198601722717,0.6302630305290222
YNL330C,YLR205C,0,-0.27986932,0.12263362854719162,0.8801198601722717,0.6303630471229553
YNL208W,YBR058C,0,-0.2800203,0.12261655926704407,0.8801198601722717,0.6304630637168884
YCR037C,YML036W,0,-0.28029886,0.12259949743747711,0.8801198601722717,0.6305630803108215
YMR034C,YDR074W,0,-0.28080302,0.12258244305849075,0.8801198601722717,0.6306630373001099
YLR074C,YCR053W,0,-0.28084388,0.1225653886795044,0.8801198601722717,0.630763053894043
YPL113C,YKR104W,0,-0.28118646,0.12254833430051804,0.8801198601722717,0.6308630704879761
YMR086W,YKR081C,0,-0.28244436,0.12253129482269287,0.8801198601722717,0.6309630870819092
YPL007C,YMR109W,0,-0.28246257,0.1225142553448677,0.8801198601722717,0.6310631036758423
YGR113W,YKR028W,0,-0.28252804,0.12249721586704254,0.8801198601722717,0.6311631202697754
YOL018C,YER087C-B,0,-0.28309482,0.12248019129037857,0.8801198601722717,0.6312631368637085
YDR208W,YER154W,0,-0.283113,0.1224631667137146,0.8801198601722717,0.6313631534576416
YMR257C,YLL028W,0,-0.283285,0.12244614213705063,0.8801198601722717,0.6314631700515747
YGR121C,YGR108W,0,-0.28426865,0.12242912501096725,0.8801198601722717,0.631563127040863
YHR135C,YDR313C,0,-0.28441525,0.12241211533546448,0.8801198601722717,0.6316631436347961
YER101C,YDL198C,0,-0.2851635,0.1223951131105423,0.8801198601722717,0.6317631602287292
YER149C,YHR073W,1,-0.2852406,0.12251701951026917,0.881118893623352,0.6317631602287292
YGL050W,YDR131C,0,-0.2853014,0.12250000238418579,0.881118893623352,0.6318631768226624
YIL090W,YML112W,0,-0.2853437,0.12248298525810242,0.881118893623352,0.6319631934165955
YKR037C,YDL159W,0,-0.28544456,0.12246598303318024,0.881118893623352,0.6320632100105286
YER013W,YDL006W,0,-0.2859939,0.12244898080825806,0.881118893623352,0.6321632266044617
YML118W,YPL268W,0,-0.28657213,0.12243197858333588,0.881118893623352,0.6322632431983948
YPL029W,YIL015W,0,-0.28702784,0.12241499125957489,0.881118893623352,0.6323632597923279
YBL006C,YCL069W,0,-0.28822356,0.1223980039358139,0.881118893623352,0.6324632167816162
YLR212C,YJL090C,0,-0.2882242,0.12238101661205292,0.881118893623352,0.6325632333755493
YMR024W,YDR487C,0,-0.2886395,0.12236403673887253,0.881118893623352,0.6326632499694824
YGL223C,YDR527W,0,-0.28868783,0.12234706431627274,0.881118893623352,0.6327632665634155
YHR005C-A,YIL027C,0,-0.28875104,0.12233009934425354,0.881118893623352,0.6328632831573486
YPL232W,YGL130W,0,-0.28899413,0.12231313437223434,0.881118893623352,0.6329632997512817
YDR143C,YPR018W,0,-0.28995043,0.12229616940021515,0.881118893623352,0.6330633163452148
YKL012W,YOR391C,0,-0.2903313,0.12227921932935715,0.881118893623352,0.633163332939148
YER050C,YAR019C,0,-0.29043204,0.12226226925849915,0.881118893623352,0.633263349533081
YNL284C,YOR373W,0,-0.29063907,0.12224531918764114,0.881118893623352,0.6333633661270142
YOR131C,YLR329W,0,-0.29116586,0.12222838401794434,0.881118893623352,0.6334633231163025
YLR433C,YOL072W,0,-0.29119378,0.12221144884824753,0.881118893623352,0.6335633397102356
YBR145W,YPL083C,0,-0.29142007,0.12219451367855072,0.881118893623352,0.6336633563041687
YBR164C,YJR086W,0,-0.29149666,0.12217758595943451,0.881118893623352,0.6337633728981018
YKR019C,YGR091W,0,-0.2918573,0.1221606656908989,0.881118893623352,0.6338633894920349
YKL086W,YGR277C,0,-0.29202604,0.12214374542236328,0.881118893623352,0.633963406085968
YNL044W,YJR086W,0,-0.29319885,0.12212683260440826,0.881118893623352,0.6340634226799011
YPL047W,YMR197C,0,-0.293867,0.12210992723703384,0.881118893623352,0.6341634392738342
YPL026C,YNL012W,0,-0.29396284,0.12209302186965942,0.881118893623352,0.6342634558677673
YHR135C,YGL128C,0,-0.29473892,0.1220761239528656,0.881118893623352,0.6343634128570557
YOL130W,YNR006W,0,-0.2947507,0.12205923348665237,0.881118893623352,0.6344634294509888
YLR212C,YLR459W,0,-0.29483825,0.12204234302043915,0.881118893623352,0.6345634460449219
YPL180W,YBR179C,0,-0.29491332,0.12202546000480652,0.881118893623352,0.634663462638855
YJR045C,YER074W-A,0,-0.29510415,0.12200857698917389,0.881118893623352,0.6347634792327881
YGL040C,YOL077W-A,0,-0.2954299,0.12199170142412186,0.881118893623352,0.6348634958267212
YNL245C,YMR166C,0,-0.29553723,0.12197483330965042,0.881118893623352,0.6349635124206543
YCR038C,YKL043W,1,-0.29563123,0.1220962405204773,0.8821178674697876,0.6349635124206543
YDR369C,YGL020C,0,-0.2959106,0.12207935750484467,0.8821178674697876,0.6350635290145874
YJL024C,YOL147C,0,-0.29604828,0.12206248193979263,0.8821178674697876,0.6351635456085205
YBR125C,YFL008W,0,-0.29620296,0.1220456138253212,0.8821178674697876,0.6352635025978088
YNL068C,YIL049W,1,-0.29620427,0.1221669465303421,0.8831169009208679,0.6352635025978088
YDR169C,YOR368W,0,-0.29644072,0.12215006351470947,0.8831169009208679,0.6353635191917419
YBR236C,YMR278W,0,-0.29686478,0.12213318794965744,0.8831169009208679,0.635463535785675
YGR026W,YHR109W,0,-0.29687512,0.12211631238460541,0.8831169009208679,0.6355635523796082
YOR071C,YGR061C,0,-0.29699847,0.12209944427013397,0.8831169009208679,0.6356635689735413
YGL031C,YGL009C,0,-0.2972223,0.12208258360624313,0.8831169009208679,0.6357635855674744
YDR121W,YPL217C,0,-0.29724917,0.12206573039293289,0.8831169009208679,0.6358636021614075
YIL125W,YEL013W,0,-0.29772088,0.12204887717962265,0.8831169009208679,0.6359636187553406
YLR130C,YNL206C,0,-0.29796177,0.12203202396631241,0.8831169009208679,0.6360636353492737
YGL158W,YPL213W,0,-0.29812184,0.12201518565416336,0.8831169009208679,0.636163592338562
YLR047C,YPL155C,0,-0.29826057,0.12199834734201431,0.8831169009208679,0.6362636089324951
YKR067W,YMR272C,0,-0.2988236,0.12198150902986526,0.8831169009208679,0.6363636255264282
YOR106W,YOL152W,0,-0.2990587,0.12196467816829681,0.8831169009208679,0.6364636421203613
YLR130C,YPL108W,0,-0.30047095,0.12194785475730896,0.8831169009208679,0.6365636587142944
YDL045C,YDR465C,0,-0.30087554,0.1219310313463211,0.8831169009208679,0.6366636753082275
YHR098C,YML001W,0,-0.3009497,0.12191421538591385,0.8831169009208679,0.6367636919021606
YOL158C,YDL147W,0,-0.30127686,0.12189740687608719,0.8831169009208679,0.6368637084960938
YMR127C,YGL020C,0,-0.30158964,0.12188059836626053,0.8831169009208679,0.6369637250900269
YOR030W,YJR055W,0,-0.30194792,0.12186379730701447,0.8831169009208679,0.6370636820793152
YFR018C,YNL322C,0,-0.30273676,0.121847003698349,0.8831169009208679,0.6371636986732483
YPL087W,YFL014W,0,-0.3028012,0.12183021008968353,0.8831169009208679,0.6372637152671814
YAL024C,YLR015W,0,-0.30341166,0.12181342393159866,0.8831169009208679,0.6373637318611145
YJR143C,YBL011W,0,-0.3038897,0.1217966377735138,0.8831169009208679,0.6374637484550476
YKR036C,YOR180C,0,-0.3041364,0.12177985906600952,0.8831169009208679,0.6375637650489807
YMR284W,YMR146C,0,-0.304169,0.12176308780908585,0.8831169009208679,0.6376637816429138
YOR106W,YHR187W,0,-0.30534035,0.12174631655216217,0.8831169009208679,0.6377637982368469
YHL044W,YHR141C,0,-0.30553094,0.12172955274581909,0.8831169009208679,0.63786381483078
YHR026W,YLR401C,0,-0.3057923,0.12171278893947601,0.8831169009208679,0.6379637718200684
YOR190W,YLR038C,0,-0.3062922,0.12169603258371353,0.8831169009208679,0.6380637884140015
YNL078W,YNR022C,0,-0.30655003,0.12167928367853165,0.8831169009208679,0.6381638050079346
YNL182C,YHR077C,0,-0.30677354,0.12166253477334976,0.8831169009208679,0.6382638216018677
YGR123C,YGL023C,0,-0.30738693,0.12164579331874847,0.8831169009208679,0.6383638381958008
YBL006C,YGL022W,0,-0.30776417,0.12162905931472778,0.8831169009208679,0.6384638547897339
YNL284C,YIL114C,0,-0.3086607,0.12161232531070709,0.8831169009208679,0.638563871383667
YBR039W,YHR086W,0,-0.3087976,0.121595598757267,0.8831169009208679,0.6386638879776001
YGL125W,YER078C,0,-0.30941057,0.1215788722038269,0.8831169009208679,0.6387639045715332
YDR330W,YKL061W,0,-0.30947298,0.12156215310096741,0.8831169009208679,0.6388638615608215
YAL058W,YMR021C,0,-0.30953163,0.12154544144868851,0.8831169009208679,0.6389638781547546
YHL016C,YGL170C,0,-0.3097878,0.1215287297964096,0.8831169009208679,0.6390638947486877
YPL274W,YGR113W,0,-0.30984682,0.1215120255947113,0.8831169009208679,0.6391639113426208
YPL270W,YFR007W,0,-0.31007814,0.1214953288435936,0.8831169009208679,0.639263927936554
YDR051C,YPL271W,0,-0.31022945,0.12147863209247589,0.8831169009208679,0.6393639445304871
YDR487C,YML048W,0,-0.31049454,0.12146194279193878,0.8831169009208679,0.6394639611244202
YPL129W,YNR051C,0,-0.31106862,0.12144525349140167,0.8831169009208679,0.6395639777183533
YCL026C-A,YLR225C,0,-0.3117806,0.12142857164144516,0.8831169009208679,0.6396639943122864
YBR213W,YHR206W,0,-0.311801,0.12141189724206924,0.8831169009208679,0.6397639513015747
YNR069C,YAL023C,0,-0.3119914,0.12139522284269333,0.8831169009208679,0.6398639678955078
YDR079C-A,YLR309C,0,-0.31205803,0.12137855589389801,0.8831169009208679,0.6399639844894409
YDL229W,YHL018W,0,-0.31213844,0.12136188894510269,0.8831169009208679,0.640064001083374
YDR461W,YJR094W-A,0,-0.31294137,0.12134522944688797,0.8831169009208679,0.6401640176773071
YPL096C-A,YHR010W,0,-0.31295338,0.12132857739925385,0.8831169009208679,0.6402640342712402
YML069W,YNL072W,0,-0.31340152,0.12131192535161972,0.8831169009208679,0.6403640508651733
YCR038C,YIL049W,1,-0.31361246,0.12143249064683914,0.8841158747673035,0.6403640508651733
YMR165C,YGR199W,0,-0.31384325,0.12141583114862442,0.8841158747673035,0.6404640674591064
YOL094C,YLR014C,0,-0.31413376,0.1213991791009903,0.8841158747673035,0.6405640840530396
YMR093W,YKL082C,0,-0.3145259,0.12138252705335617,0.8841158747673035,0.6406640410423279
YGR167W,YER039C,0,-0.31464326,0.12136588245630264,0.8841158747673035,0.640764057636261
YGL161C,YLR295C,0,-0.31490487,0.12134923785924911,0.8841158747673035,0.6408640742301941
YDL150W,YHR140W,0,-0.31521967,0.12133260071277618,0.8841158747673035,0.6409640908241272
YBR235W,YDL044C,0,-0.31531417,0.12131597101688385,0.8841158747673035,0.6410641074180603
YML109W,YDL239C,0,-0.31635362,0.12129934132099152,0.8841158747673035,0.6411641240119934
YNL001W,YNL119W,1,-0.31648022,0.1214197650551796,0.8851149082183838,0.6411641240119934
YLL004W,YKR025W,0,-0.31676042,0.12140312045812607,0.8851149082183838,0.6412641406059265
YBR036C,YJL062W,0,-0.3171567,0.12138649076223373,0.8851149082183838,0.6413641571998596
YLR316C,YLR389C,0,-0.31729192,0.1213698610663414,0.8851149082183838,0.6414641737937927
YAL001C,YJR058C,0,-0.31752557,0.12135323882102966,0.8851149082183838,0.641564130783081
YDR109C,YJL092W,0,-0.3176435,0.12133661657571793,0.8851149082183838,0.6416641473770142
YDL193W,YML131W,0,-0.31770203,0.12132000178098679,0.8851149082183838,0.6417641639709473
YIL004C,YML097C,0,-0.31787908,0.12130339443683624,0.8851149082183838,0.6418641805648804
YJL190C,YNL039W,0,-0.3186538,0.1212867870926857,0.8851149082183838,0.6419641971588135
YGL201C,YOR083W,0,-0.31869256,0.12127018719911575,0.8851149082183838,0.6420642137527466
YCL004W,YLL043W,0,-0.3197832,0.1212535947561264,0.8851149082183838,0.6421642303466797
YBR166C,YJR140C,0,-0.3208714,0.12123700231313705,0.8851149082183838,0.6422642469406128
YDL010W,YKL221W,0,-0.32159984,0.1212204098701477,0.8851149082183838,0.6423642635345459
YKL048C,YER149C,1,-0.32171136,0.12134063243865967,0.8861138820648193,0.6423642635345459
YDR107C,YDR379W,1,-0.32224694,0.12146081030368805,0.8871129155158997,0.6423642635345459
YPL093W,YOR073W,0,-0.3223874,0.1214442029595375,0.8871129155158997,0.6424642205238342
YIL125W,YDL120W,0,-0.322581,0.12142759561538696,0.8871129155158997,0.6425642371177673
YKL090W,YGR292W,0,-0.32272103,0.12141099572181702,0.8871129155158997,0.6426642537117004
YGL001C,YLR069C,0,-0.32320547,0.12139439582824707,0.8871129155158997,0.6427642703056335
YHL044W,YJR055W,0,-0.3232279,0.12137780338525772,0.8871129155158997,0.6428642868995667
YHR111W,YKL043W,1,-0.32329184,0.12149788439273834,0.8881118893623352,0.6428642868995667
YLR088W,YMR229C,0,-0.32332534,0.1214812770485878,0.8881118893623352,0.6429643034934998
YBR123C,YFL009W,0,-0.32332897,0.12146468460559845,0.8881118893623352,0.6430643200874329
YDL164C,YDR541C,0,-0.32357305,0.1214480847120285,0.8881118893623352,0.643164336681366
YMR167W,YPR140W,0,-0.32379365,0.12143149971961975,0.8881118893623352,0.6432643532752991
YLL042C,YHR099W,0,-0.32415855,0.121414914727211,0.8881118893623352,0.6433643102645874
YML032C,YDR239C,0,-0.32449403,0.12139833718538284,0.8881118893623352,0.6434643268585205
YPR054W,YLL050C,0,-0.32466486,0.12138175964355469,0.8881118893623352,0.6435643434524536
YER053C,YEL041W,0,-0.3247141,0.12136518955230713,0.8881118893623352,0.6436643600463867
YAL056W,YOR030W,1,-0.32529464,0.12148512154817581,0.8891108632087708,0.6436643600463867
YJR059W,YHR092C,0,-0.32585675,0.12146854400634766,0.8891108632087708,0.6437643766403198
YMR323W,YMR163C,0,-0.32658458,0.1214519664645195,0.8891108632087708,0.6438643932342529
YNL314W,YDR410C,0,-0.32668453,0.12143539637327194,0.8891108632087708,0.643964409828186
YBR039W,YLR408C,0,-0.3269069,0.12141882628202438,0.8891108632087708,0.6440644264221191
YMR277W,YCR089W,0,-0.3273018,0.12140226364135742,0.8891108632087708,0.6441644430160522
YER089C,YNL102W,0,-0.32806307,0.12138570845127106,0.8891108632087708,0.6442644000053406
YDR014W,YHR018C,0,-0.32811493,0.12136915326118469,0.8891108632087708,0.6443644165992737
YDR334W,YDL126C,0,-0.3282374,0.12135260552167892,0.8891108632087708,0.6444644331932068
YOR311C,YLR057W,0,-0.3283907,0.12133605778217316,0.8891108632087708,0.6445644497871399
YNL134C,YIL048W,0,-0.32847616,0.12131951749324799,0.8891108632087708,0.644664466381073
YDR012W,YDL161W,0,-0.32861686,0.12130298465490341,0.8891108632087708,0.6447644829750061
YBL103C,YCR072C,0,-0.32887018,0.12128645181655884,0.8891108632087708,0.6448644995689392
YJR113C,YML072C,0,-0.32966414,0.12126992642879486,0.8891108632087708,0.6449645161628723
YJR005W,YHR023W,0,-0.33004713,0.12125340849161148,0.8891108632087708,0.6450645327568054
YDR315C,YKR035W-A,0,-0.33011582,0.1212368905544281,0.8891108632087708,0.6451644897460938
YPL159C,YML112W,0,-0.33029708,0.12122037261724472,0.8891108632087708,0.6452645063400269
YER095W,YLR127C,0,-0.3304633,0.12120386958122253,0.8891108632087708,0.64536452293396
YGR285C,YDR418W,0,-0.33063114,0.12118736654520035,0.8891108632087708,0.6454645395278931
YOR030W,YER108C,1,-0.33074737,0.12130700796842575,0.8901098966598511,0.6454645395278931
YFR032C-A,YKR098C,0,-0.33132142,0.12129049748182297,0.8901098966598511,0.6455645561218262
YPR166C,YIL010W,0,-0.33153015,0.12127398699522018,0.8901098966598511,0.6456645727157593
YBR082C,YFL050C,0,-0.33196214,0.121257483959198,0.8901098966598511,0.6457645893096924
YDL042C,YKR105C,0,-0.3324397,0.12124098837375641,0.8901098966598511,0.6458646059036255
YOR037W,YJR110W,0,-0.33302686,0.12122449278831482,0.8901098966598511,0.6459646224975586
YLR069C,YGR241C,0,-0.33348614,0.12120799720287323,0.8901098966598511,0.6460645794868469
YAL041W,YHR073W,1,-0.33419985,0.12132752686738968,0.8911088705062866,0.6460645794868469
YCL045C,YGL251C,0,-0.3350646,0.12131103128194809,0.8911088705062866,0.64616459608078
YBL103C,YPR137W,0,-0.33514193,0.1212945356965065,0.8911088705062866,0.6462646126747131
YHR111W,YLR362W,1,-0.33541393,0.12141400575637817,0.8921079039573669,0.6462646126747131
YLR459W,YPL143W,0,-0.33598113,0.12139749526977539,0.8921079039573669,0.6463646292686462
YLL039C,YDL110C,0,-0.33609027,0.1213809996843338,0.8921079039573669,0.6464646458625793
YGR104C,YNL239W,0,-0.3363073,0.12136450409889221,0.8921079039573669,0.6465646624565125
YMR231W,YOR251C,0,-0.3368106,0.12134800851345062,0.8921079039573669,0.6466646790504456
YLR083C,YER108C,1,-0.33702135,0.12146738916635513,0.8931068778038025,0.6466646790504456
YIL170W,YJL028W,0,-0.3371966,0.12145088613033295,0.8931068778038025,0.6467646956443787
YDR472W,YNL127W,0,-0.33746246,0.12143439054489136,0.8931068778038025,0.6468647122383118
YDL103C,YGL250W,0,-0.33765656,0.12141790241003036,0.8931068778038025,0.6469646692276001
YGL205W,YIL080W,0,-0.33850297,0.12140141427516937,0.8931068778038025,0.6470646858215332
YGR033C,YDR195W,0,-0.3385636,0.12138492614030838,0.8931068778038025,0.6471647024154663
YJL102W,YER185W,0,-0.3386119,0.12136845290660858,0.8931068778038025,0.6472647190093994
YOL103W,YDL191W,0,-0.33910823,0.12135197222232819,0.8931068778038025,0.6473647356033325
YEL070W,YLR078C,0,-0.33943182,0.12133550643920898,0.8931068778038025,0.6474647521972656
YFL066C,YGR167W,0,-0.33969226,0.12131904065608978,0.8931068778038025,0.6475647687911987
YPL189C-A,YEL042W,0,-0.33982798,0.12130257487297058,0.8931068778038025,0.6476647853851318
YKR029C,YHR153C,0,-0.33988842,0.12128612399101257,0.8931068778038025,0.6477648019790649
YGL062W,YDR420W,0,-0.34016567,0.12126966565847397,0.8931068778038025,0.6478647589683533
YMR087W,YLR139C,0,-0.34017342,0.12125322222709656,0.8931068778038025,0.6479647755622864
YOR030W,YKR035W-A,0,-0.3404657,0.12123677879571915,0.8931068778038025,0.6480647921562195
YML015C,YKL200C,0,-0.3414235,0.12122033536434174,0.8931068778038025,0.6481648087501526
YMR200W,YOL140W,0,-0.34196696,0.12120390683412552,0.8931068778038025,0.6482648253440857
YFL047W,YDR248C,0,-0.34212506,0.1211874783039093,0.8931068778038025,0.6483648419380188
YFR045W,YMR311C,0,-0.34222883,0.12117104977369308,0.8931068778038025,0.6484648585319519
YNL229C,YMR200W,0,-0.34255812,0.12115462869405746,0.8931068778038025,0.648564875125885
YPR023C,YEL022W,0,-0.34270114,0.12113821506500244,0.8931068778038025,0.6486648917198181
YDR062W,YAL021C,0,-0.3434164,0.12112180143594742,0.8931068778038025,0.6487648487091064
YNR039C,YHR072W,0,-0.34399506,0.1211053878068924,0.8931068778038025,0.6488648653030396
YBL006C,YNL152W,0,-0.34400475,0.12108898907899857,0.8931068778038025,0.6489648818969727
YPL045W,YDR248C,0,-0.344106,0.12107259035110474,0.8931068778038025,0.6490648984909058
YLR312W-A,YLL015W,0,-0.3445269,0.12105619162321091,0.8931068778038025,0.6491649150848389
YGR194C,YKL059C,0,-0.3445615,0.12103980779647827,0.8931068778038025,0.649264931678772
YLR208W,YMR304W,0,-0.34480858,0.12102341651916504,0.8931068778038025,0.6493649482727051
YMR016C,YNL068C,1,-0.34493023,0.12114239484071732,0.8941059112548828,0.6493649482727051
YGR180C,YMR097C,0,-0.34539935,0.12112599611282349,0.8941059112548828,0.6494649648666382
YHR203C,YIL067C,0,-0.3458485,0.12110960483551025,0.8941059112548828,0.6495649814605713
YER138C,YNL227C,0,-0.34594142,0.12109322100877762,0.8941059112548828,0.6496649384498596
YML040W,YOL156W,0,-0.34643507,0.12107683718204498,0.8941059112548828,0.6497649550437927
YDR088C,YLR312W-A,0,-0.34678483,0.12106046080589294,0.8941059112548828,0.6498649716377258
YMR036C,YNL152W,0,-0.3468009,0.1210440918803215,0.8941059112548828,0.6499649882316589
YJL005W,YLR132C,0,-0.34696794,0.12102772295475006,0.8941059112548828,0.650065004825592
YIL171W,YKR036C,0,-0.34740046,0.12101135402917862,0.8941059112548828,0.6501650214195251
YAL021C,YGL212W,0,-0.34821993,0.12099500000476837,0.8941059112548828,0.6502650380134583
YOL133W,YHR116W,0,-0.34837753,0.12097864598035812,0.8941059112548828,0.6503650546073914
YPL194W,YPR016C,0,-0.3484756,0.12096229195594788,0.8941059112548828,0.6504650712013245
YPL072W,YMR023C,0,-0.34877676,0.12094594538211823,0.8941059112548828,0.6505650281906128
YOR069W,YOL026C,0,-0.3495793,0.12092960625886917,0.8941059112548828,0.6506650447845459
YDR288W,YOR123C,0,-0.3496616,0.12091326713562012,0.8941059112548828,0.650765061378479
YLR208W,YDL006W,0,-0.3511586,0.12089693546295166,0.8941059112548828,0.6508650779724121
YNL236W,YMR044W,0,-0.35126585,0.1208806037902832,0.8941059112548828,0.6509650945663452
YOL093W,YLL054C,0,-0.35308093,0.12086427956819534,0.8941059112548828,0.6510651111602783
YGR032W,YER030W,0,-0.35323185,0.12084796279668808,0.8941059112548828,0.6511651277542114
YOL107W,YER146W,0,-0.35347944,0.12083164602518082,0.8941059112548828,0.6512651443481445
YDR456W,YFL053W,0,-0.35468206,0.12081533670425415,0.8941059112548828,0.6513651609420776
YPL164C,YOL145C,0,-0.35498238,0.12079902738332748,0.8941059112548828,0.651465117931366
YBR229C,YLR289W,0,-0.35594314,0.12078272551298141,0.8941059112548828,0.6515651345252991
YJR161C,YDL084W,0,-0.35624522,0.12076643109321594,0.8941059112548828,0.6516651511192322
YOR317W,YER190W,0,-0.3563771,0.12075013667345047,0.8941059112548828,0.6517651677131653
YMR079W,YIL027C,0,-0.35729778,0.120733842253685,0.8941059112548828,0.6518651843070984
YCL075W,YLR213C,0,-0.35757706,0.12071756273508072,0.8941059112548828,0.6519652009010315
YDL045W-A,YDL002C,0,-0.35783097,0.12070128321647644,0.8941059112548828,0.6520652174949646
YMR042W,YLR057W,0,-0.3580848,0.12068500369787216,0.8941059112548828,0.6521652340888977
YLR310C,YCR009C,0,-0.35849023,0.12066873162984848,0.8941059112548828,0.6522652506828308
YKR102W,YDL043C,0,-0.35863322,0.1206524670124054,0.8941059112548828,0.6523652076721191
YGL168W,YDL184C,0,-0.35906047,0.12063620239496231,0.8941059112548828,0.6524652242660522
YHR043C,YJR044C,0,-0.35910165,0.12061994522809982,0.8941059112548828,0.6525652408599854
YPR191W,YHR028C,0,-0.35917497,0.12060369551181793,0.8941059112548828,0.6526652574539185
YGR012W,YGR144W,0,-0.3607553,0.12058744579553604,0.8941059112548828,0.6527652740478516
YKR022C,YPR028W,0,-0.36131975,0.12057119607925415,0.8941059112548828,0.6528652906417847
YHR046C,YNL122C,0,-0.36143038,0.12055495381355286,0.8941059112548828,0.6529653072357178
YDL065C,YNL305C,0,-0.361585,0.12053871899843216,0.8941059112548828,0.6530653238296509
YOR092W,YOR283W,0,-0.36166254,0.12052249163389206,0.8941059112548828,0.653165340423584
YPL177C,YFR029W,0,-0.3618455,0.12050626426935196,0.8941059112548828,0.6532652974128723
YPL023C,YBR097W,0,-0.3620929,0.12049003690481186,0.8941059112548828,0.6533653140068054
YNL099C,YBL005W-B,0,-0.36228397,0.12047381699085236,0.8941059112548828,0.6534653306007385
YIL009C-A,YOR176W,0,-0.362383,0.12045760452747345,0.8941059112548828,0.6535653471946716
YJL085W,YEL015W,0,-0.36297077,0.12044139206409454,0.8941059112548828,0.6536653637886047
YBL084C,YDR173C,0,-0.36358038,0.12042518705129623,0.8941059112548828,0.6537653803825378
YDL150W,YER074W-A,0,-0.3636252,0.12040898948907852,0.8941059112548828,0.653865396976471
YMR270C,YNL316C,0,-0.36372292,0.12039279192686081,0.8941059112548828,0.653965413570404
YOR142W,YNR060W,0,-0.36381108,0.1203765943646431,0.8941059112548828,0.6540654301643372
YPL066W,YDR385W,0,-0.36431912,0.12036041170358658,0.8941059112548828,0.6541653871536255
YDR351W,YML030W,0,-0.3645239,0.12034422159194946,0.8941059112548828,0.6542654037475586
YOR032C,YNL142W,1,-0.36497018,0.12046249210834503,0.8951048851013184,0.6542654037475586
YGL211W,YFR029W,0,-0.36542466,0.12044629454612732,0.8951048851013184,0.6543654203414917
YDL040C,YIL124W,0,-0.36569092,0.1204301044344902,0.8951048851013184,0.6544654369354248
YNL126W,YDR027C,0,-0.36621934,0.12041392177343369,0.8951048851013184,0.6545654535293579
YBL101C,YNR021W,0,-0.367047,0.12039773911237717,0.8951048851013184,0.654665470123291
YEL009C,YHR025W,0,-0.367285,0.12038156390190125,0.8951048851013184,0.6547654867172241
YOR308C,YLL028W,0,-0.3675113,0.12036539614200592,0.8951048851013184,0.6548655033111572
YMR236W,YGR263C,0,-0.36778587,0.1203492283821106,0.8951048851013184,0.6549655199050903
YER036C,YDL014W,0,-0.36796787,0.12033306807279587,0.8951048851013184,0.6550654768943787
YOR288C,YMR029C,0,-0.36829266,0.12031690776348114,0.8951048851013184,0.6551654934883118
YAL060W,YKL199C,0,-0.36868787,0.12030075490474701,0.8951048851013184,0.6552655100822449
YLR216C,YDR329C,0,-0.36875594,0.12028460204601288,0.8951048851013184,0.655365526676178
YGL224C,YDR279W,0,-0.36897296,0.12026845663785934,0.8951048851013184,0.6554655432701111
YML037C,YFL009W,0,-0.36935642,0.12025231868028641,0.8951048851013184,0.6555655598640442
YDR425W,YLR389C,0,-0.3701112,0.12023618072271347,0.8951048851013184,0.6556655764579773
YLL013C,YMR186W,0,-0.37082815,0.12022004276514053,0.8951048851013184,0.6557655930519104
YLL001W,YKR099C-A,0,-0.37142703,0.12020391970872879,0.8951048851013184,0.6558656096458435
YOR388C,YPL060W,0,-0.37216,0.12018779665231705,0.8951048851013184,0.6559656262397766
YFL016C,YJR064W,0,-0.37218088,0.1201716735959053,0.8951048851013184,0.6560655832290649
YLR028C,YHR115C,0,-0.37219742,0.12015555799007416,0.8951048851013184,0.656165599822998
YOR217W,YDL080C,0,-0.3726179,0.12013944983482361,0.8951048851013184,0.6562656164169312
YOR265W,YMR150C,0,-0.37264782,0.12012334167957306,0.8951048851013184,0.6563656330108643
YJL044C,YDR378C,0,-0.37323338,0.1201072409749031,0.8951048851013184,0.6564656496047974
YGL068W,YDR020C,0,-0.37340176,0.12009114027023315,0.8951048851013184,0.6565656661987305
YMR250W,YOL053C-A,0,-0.3738299,0.1200750470161438,0.8951048851013184,0.6566656827926636
YDR387C,YCL069W,0,-0.3740583,0.12005896121263504,0.8951048851013184,0.6567656993865967
YIL031W,YOL070C,0,-0.37421632,0.12004287540912628,0.8951048851013184,0.6568657159805298
YNL122C,YMR229C,0,-0.37441197,0.12002678960561752,0.8951048851013184,0.6569656729698181
YDL236W,YDR320C-A,0,-0.37442312,0.12001071870326996,0.8951048851013184,0.6570656895637512
YPL270W,YOR308C,0,-0.3745583,0.1199946403503418,0.8951048851013184,0.6571657061576843
YNL252C,YJL104W,0,-0.37487248,0.11997857689857483,0.8951048851013184,0.6572657227516174
YGR246C,YGL026C,0,-0.374962,0.11996251344680786,0.8951048851013184,0.6573657393455505
YIR011C,YLR332W,0,-0.37556803,0.1199464499950409,0.8951048851013184,0.6574657559394836
YJL187C,YBL009W,0,-0.37567002,0.11993039399385452,0.8951048851013184,0.6575657725334167
YHR039C-A,YLR264W,0,-0.37604263,0.11991434544324875,0.8951048851013184,0.6576657891273499
YNL169C,YHR116W,0,-0.3761181,0.11989829689264297,0.8951048851013184,0.657765805721283
YNL175C,YML043C,0,-0.3762287,0.1198822557926178,0.8951048851013184,0.6578657627105713
YGR077C,YLL062C,0,-0.37660992,0.11986622214317322,0.8951048851013184,0.6579657793045044
YLR028C,YLR201C,0,-0.37669438,0.11985018849372864,0.8951048851013184,0.6580657958984375
YKL176C,YOL038W,0,-0.37676153,0.11983415484428406,0.8951048851013184,0.6581658124923706
YHR183W,YMR165C,0,-0.37756258,0.11981813609600067,0.8951048851013184,0.6582658290863037
YDL147W,YBL021C,0,-0.37781468,0.11980210989713669,0.8951048851013184,0.6583658456802368
YBR084C-A,YIR008C,0,-0.3785561,0.1197860985994339,0.8951048851013184,0.6584658622741699
YIL016W,YKL205W,0,-0.37886065,0.11977008730173111,0.8951048851013184,0.658565878868103
YNL312W,YKL179C,0,-0.3789592,0.11975407600402832,0.8951048851013184,0.6586658954620361
YML001W,YER119C,0,-0.37907276,0.11973807215690613,0.8951048851013184,0.6587658524513245
YMR311C,YCL074W,0,-0.37914297,0.11972207576036453,0.8951048851013184,0.6588658690452576
YPL148C,YJL156C,0,-0.37936142,0.11970607936382294,0.8951048851013184,0.6589658856391907
YKR018C,YMR039C,0,-0.37944037,0.11969009041786194,0.8951048851013184,0.6590659022331238
YIL094C,YDR461W,0,-0.37997532,0.11967410147190094,0.8951048851013184,0.6591659188270569
YPL084W,YKL107W,0,-0.3803903,0.11965811997652054,0.8951048851013184,0.65926593542099
YPR194C,YBR087W,0,-0.3805881,0.11964213848114014,0.8951048851013184,0.6593659520149231
YOR181W,YKR066C,0,-0.38215408,0.11962617188692093,0.8951048851013184,0.6594659686088562
YBR267W,YNR027W,0,-0.38231355,0.11961019784212112,0.8951048851013184,0.6595659852027893
YML064C,YHR072W-A,0,-0.38234797,0.11959423124790192,0.8951048851013184,0.6596659421920776
YHR050W,YNL316C,0,-0.38308942,0.1195782721042633,0.8951048851013184,0.6597659587860107
YGR132C,YIR003W,0,-0.38338557,0.1195623129606247,0.8951048851013184,0.6598659753799438
YNR072W,YGR203W,0,-0.38344473,0.11954636126756668,0.8951048851013184,0.659965991973877
YHR039C-A,YOR168W,0,-0.38345376,0.11953041702508926,0.8951048851013184,0.6600660085678101
YPL232W,YBR271W,0,-0.38385266,0.11951447278261185,0.8951048851013184,0.6601660251617432
YBR229C,YBL089W,0,-0.38409942,0.11949853599071503,0.8951048851013184,0.6602660417556763
YJR043C,YPL098C,0,-0.3854153,0.1194825991988182,0.8951048851013184,0.6603660583496094
YKL119C,YMR071C,0,-0.385507,0.11946666985750198,0.8951048851013184,0.6604660749435425
YIL051C,YOL092W,0,-0.38624474,0.11945074051618576,0.8951048851013184,0.6605660319328308
YHR039C-A,YOR141C,0,-0.38631266,0.11943481862545013,0.8951048851013184,0.6606660485267639
YPL021W,YKL185W,1,-0.38665983,0.11955218017101288,0.8961039185523987,0.6606660485267639
YPL021W,YIR019C,1,-0.3866672,0.11966951191425323,0.8971028923988342,0.6606660485267639
YFL017W-A,YBR302C,0,-0.38676,0.11965356767177582,0.8971028923988342,0.660766065120697
YJR143C,YFL011W-A,0,-0.38683075,0.1196376234292984,0.8971028923988342,0.6608660817146301
YJR092W,YDR421W,0,-0.38702095,0.11962168663740158,0.8971028923988342,0.6609660983085632
YGR262C,YKL201C,0,-0.38754445,0.11960575729608536,0.8971028923988342,0.6610661149024963
YLL038C,YLR421C,0,-0.38769194,0.11958982795476913,0.8971028923988342,0.6611661314964294
YPL110C,YBL055C,0,-0.38865325,0.11957389861345291,0.8971028923988342,0.6612661480903625
YLR386W,YLR410W,0,-0.38869995,0.11955798417329788,0.8971028923988342,0.6613661646842957
YOR201C,YOR088W,0,-0.38971862,0.11954206973314285,0.8971028923988342,0.661466121673584
YDL201W,YLR203C,0,-0.38971996,0.11952615529298782,0.8971028923988342,0.6615661382675171
YER027C,YGL095C,0,-0.39025822,0.11951024830341339,0.8971028923988342,0.6616661548614502
YKR001C,YJR045C,0,-0.3905079,0.11949434131383896,0.8971028923988342,0.6617661714553833
YBR286W,YAL022C,0,-0.39085394,0.11947844922542572,0.8971028923988342,0.6618661880493164
YDL188C,YNL283C,0,-0.390858,0.11946254968643188,0.8971028923988342,0.6619662046432495
YDR443C,YGL014W,0,-0.39087945,0.11944666504859924,0.8971028923988342,0.6620662212371826
YMR180C,YDR228C,0,-0.39098904,0.119430772960186,0.8971028923988342,0.6621662378311157
YOL001W,YIL168W,0,-0.39105788,0.11941489577293396,0.8971028923988342,0.6622662544250488
YFL039C,YLR285W,0,-0.3911261,0.11939901858568192,0.8971028923988342,0.6623662114143372
YMR276W,YHR181W,0,-0.3914315,0.11938314139842987,0.8971028923988342,0.6624662280082703
YOR144C,YPR016C,0,-0.39179394,0.11936727166175842,0.8971028923988342,0.6625662446022034
YCR003W,YOL148C,0,-0.3918,0.11935140937566757,0.8971028923988342,0.6626662611961365
YNL298W,YKL149C,1,-0.3920272,0.11946843564510345,0.8981019258499146,0.6626662611961365
YNL280C,YGL163C,0,-0.39224768,0.119452565908432,0.8981019258499146,0.6627662777900696
YDL067C,YML124C,0,-0.3923599,0.11943669617176056,0.8981019258499146,0.6628662943840027
YGL203C,YBR111W-A,0,-0.3925672,0.11942082643508911,0.8981019258499146,0.6629663109779358
YPL159C,YBR196C,0,-0.39310315,0.11940496414899826,0.8981019258499146,0.6630663275718689
YDL159W,YKL185W,1,-0.39348105,0.11952191591262817,0.8991008996963501,0.6630663275718689
YLR383W,YGL216W,0,-0.39397758,0.11950603872537613,0.8991008996963501,0.663166344165802
YDR285W,YOR279C,0,-0.394203,0.11949017643928528,0.8991008996963501,0.6632663011550903
YDL127W,YDR334W,0,-0.39450982,0.11947431415319443,0.8991008996963501,0.6633663177490234
YMR016C,YER108C,1,-0.39460444,0.11959118396043777,0.9000998735427856,0.6633663177490234
YIL015W,YDR014W,0,-0.39502382,0.11957531422376633,0.9000998735427856,0.6634663343429565
YLR219W,YML066C,0,-0.3952908,0.11955944448709488,0.9000998735427856,0.6635663509368896
YNL121C,YPR019W,0,-0.39543825,0.11954358220100403,0.9000998735427856,0.6636663675308228
YHR167W,YMR167W,0,-0.3955544,0.11952772736549377,0.9000998735427856,0.6637663841247559
YJL123C,YNL127W,0,-0.39595863,0.11951187252998352,0.9000998735427856,0.663866400718689
YDL069C,YLR357W,0,-0.39625874,0.11949601769447327,0.9000998735427856,0.6639664173126221
YPR030W,YHL018W,0,-0.39831382,0.1194801777601242,0.9000998735427856,0.6640664339065552
YBL045C,YPL053C,0,-0.3983249,0.11946433037519455,0.9000998735427856,0.6641663908958435
YLR275W,YDL226C,0,-0.3986222,0.11944849789142609,0.9000998735427856,0.6642664074897766
YPL249C,YDR466W,0,-0.39910188,0.11943266540765762,0.9000998735427856,0.6643664240837097
YNL267W,YGL234W,0,-0.39917874,0.11941683292388916,0.9000998735427856,0.6644664406776428
YBL011W,YOR133W,0,-0.3992334,0.1194010078907013,0.9000998735427856,0.6645664572715759
YPR127W,YGL234W,0,-0.39935422,0.11938518285751343,0.9000998735427856,0.664666473865509
YLR353W,YER108C,1,-0.39944133,0.11950185149908066,0.901098906993866,0.664666473865509
YMR142C,YDR266C,0,-0.39984167,0.11948602646589279,0.901098906993866,0.6647664904594421
YBL006C,YPR189W,0,-0.39993238,0.11947020143270493,0.901098906993866,0.6648665070533752
YPL038W,YBL054W,0,-0.40030545,0.11945437639951706,0.901098906993866,0.6649665236473083
YBL061C,YJL200C,0,-0.4004386,0.11943855881690979,0.901098906993866,0.6650664806365967
YBR227C,YNL169C,0,-0.40148544,0.11942274868488312,0.901098906993866,0.6651664972305298
YAL062W,YMR154C,0,-0.401752,0.11940693855285645,0.901098906993866,0.6652665138244629
YDR332W,YNL084C,0,-0.4022054,0.11939112842082977,0.901098906993866,0.665366530418396
YDR099W,YER108C,1,-0.402706,0.11950767785310745,0.9020978808403015,0.665366530418396
YPR031W,YER190W,0,-0.40326682,0.11949186027050018,0.9020978808403015,0.6654665470123291
YML114C,YDR027C,0,-0.40347922,0.11947605013847351,0.9020978808403015,0.6655665636062622
YPL007C,YHR153C,0,-0.40355322,0.11946024745702744,0.9020978808403015,0.6656665802001953
YBL046W,YOR353C,0,-0.40479866,0.11944444477558136,0.9020978808403015,0.6657665967941284
YBL037W,YGR222W,0,-0.4048468,0.11942864954471588,0.9020978808403015,0.6658666133880615
YBR061C,YOL157C,0,-0.40507182,0.1194128543138504,0.9020978808403015,0.6659665703773499
YKR086W,YMR077C,0,-0.40550062,0.11939706653356552,0.9020978808403015,0.666066586971283
YPL096C-A,YLR027C,0,-0.40591308,0.11938127875328064,0.9020978808403015,0.6661666035652161
YKL108W,YPR192W,0,-0.40634453,0.11936549842357635,0.9020978808403015,0.6662666201591492
YCR046C,YPL172C,0,-0.40637958,0.11934972554445267,0.9020978808403015,0.6663666367530823
YDR006C,YPL241C,0,-0.40651977,0.11933395266532898,0.9020978808403015,0.6664666533470154
YDR020C,YKR035W-A,0,-0.4067995,0.11931817978620529,0.9020978808403015,0.6665666699409485
YLL028W,YGL029W,0,-0.4069757,0.1193024143576622,0.9020978808403015,0.6666666865348816
YDR026C,YBR073W,0,-0.4086747,0.11928665637969971,0.9020978808403015,0.6667667031288147
YMR130W,YOR039W,0,-0.4100602,0.11927089840173721,0.9020978808403015,0.666866660118103
YLR100W,YDL044C,0,-0.4100883,0.11925514787435532,0.9020978808403015,0.6669666767120361
YER146W,YBR014C,0,-0.41022846,0.11923940479755402,0.9020978808403015,0.6670666933059692
YLR003C,YOR196C,0,-0.41087765,0.11922366172075272,0.9020978808403015,0.6671667098999023
YLL043W,YKL103C,0,-0.4109374,0.11920791864395142,0.9020978808403015,0.6672667264938354
YPR075C,YFR001W,0,-0.4110412,0.11919218301773071,0.9020978808403015,0.6673667430877686
YJL060W,YLR160C,0,-0.41144383,0.1191764548420906,0.9020978808403015,0.6674667596817017
YBR068C,YMR179W,0,-0.41268736,0.1191607266664505,0.9020978808403015,0.6675667762756348
YLL021W,YHR111W,1,-0.41304064,0.11927694827318192,0.9030969142913818,0.6675667762756348
YLR438C-A,YDR510W,0,-0.4134048,0.11926121264696121,0.9030969142913818,0.6676667928695679
YCR087C-A,YBR227C,0,-0.4136007,0.1192454844713211,0.9030969142913818,0.6677667498588562
YHR030C,YAL040C,0,-0.4141356,0.119229756295681,0.9030969142913818,0.6678667664527893
YGR135W,YDL047W,0,-0.41416168,0.1192140281200409,0.9030969142913818,0.6679667830467224
YDR432W,YLR229C,1,-0.41421074,0.11933016777038574,0.9040958881378174,0.6679667830467224
YOR180C,YMR268C,0,-0.41424546,0.11931443959474564,0.9040958881378174,0.6680667996406555
YOR232W,YBR172C,0,-0.41445488,0.11929871141910553,0.9040958881378174,0.6681668162345886
YOR149C,YDR003W,0,-0.41471255,0.11928298324346542,0.9040958881378174,0.6682668328285217
YOR240W,YBR205W,0,-0.4147988,0.11926726251840591,0.9040958881378174,0.6683668494224548
YDR496C,YBL018C,0,-0.41497466,0.119251549243927,0.9040958881378174,0.6684668660163879
YOR216C,YMR163C,0,-0.41579384,0.11923583596944809,0.9040958881378174,0.668566882610321
YBR122C,YDR036C,0,-0.415799,0.11922013014554977,0.9040958881378174,0.6686668395996094
YKL048C,YMR164C,1,-0.41643488,0.11933614313602448,0.9050949215888977,0.6686668395996094
YLL002W,YNR026C,0,-0.41650438,0.11932042986154556,0.9050949215888977,0.6687668561935425
YML062C,YEL042W,0,-0.41654584,0.11930471658706665,0.9050949215888977,0.6688668727874756
YDR330W,YPL276W,0,-0.41660202,0.11928900331258774,0.9050949215888977,0.6689668893814087
YLR404W,YDR382W,0,-0.41665322,0.11927330493927002,0.9050949215888977,0.6690669059753418
YIL158W,YOL105C,0,-0.41668522,0.1192575991153717,0.9050949215888977,0.6691669225692749
YLR069C,YJL041W,0,-0.4170375,0.11924190819263458,0.9050949215888977,0.669266939163208
YBL061C,YKR059W,0,-0.41713703,0.11922621726989746,0.9050949215888977,0.6693669557571411
YGL187C,YDR143C,0,-0.41754198,0.11921052634716034,0.9050949215888977,0.6694669723510742
YBR286W,YNR040W,0,-0.4176194,0.11919484287500381,0.9050949215888977,0.6695669293403625
YFL017W-A,YMR078C,0,-0.41779745,0.11917916685342789,0.9050949215888977,0.6696669459342957
YGR272C,YLR427W,0,-0.41796094,0.11916349083185196,0.9050949215888977,0.6697669625282288
YLR219W,YGR268C,0,-0.41838932,0.11914781481027603,0.9050949215888977,0.6698669791221619
YAL016W,YMR135C,0,-0.41882613,0.1191321462392807,0.9050949215888977,0.669966995716095
YDR086C,YCR097WB,0,-0.41883796,0.11911648511886597,0.9050949215888977,0.6700670123100281
YOL124C,YNL138W-A,0,-0.4191561,0.11910083144903183,0.9050949215888977,0.6701670289039612
YOR233W,YPL122C,0,-0.4196717,0.1190851703286171,0.9050949215888977,0.6702670454978943
YBR171W,YJL178C,0,-0.41980463,0.11906952410936356,0.9050949215888977,0.6703670620918274
YGR183C,YDR346C,0,-0.42081636,0.11905387789011002,0.9050949215888977,0.6704670190811157
YIL142W,YDR103W,0,-0.42117724,0.11903823167085648,0.9050949215888977,0.6705670356750488
YBL084C,YDR518W,0,-0.42121252,0.11902259290218353,0.9050949215888977,0.6706670522689819
YIL090W,YIL046W,0,-0.4213128,0.11900696158409119,0.9050949215888977,0.670767068862915
YBR111W-A,YAR014C,0,-0.4220879,0.11899133026599884,0.9050949215888977,0.6708670854568481
YDR065W,YFL050C,0,-0.42229515,0.11897570639848709,0.9050949215888977,0.6709671020507812
YLR272C,YDL047W,0,-0.42260993,0.11896008253097534,0.9050949215888977,0.6710671186447144
YOR036W,YPR075C,0,-0.42281365,0.11894446611404419,0.9050949215888977,0.6711671352386475
YMR167W,YHL001W,0,-0.42299253,0.11892884969711304,0.9050949215888977,0.6712671518325806
YEL017C-A,YLR224W,0,-0.4231846,0.11891324073076248,0.9050949215888977,0.6713671088218689
YDR421W,YDR337W,0,-0.4232058,0.11889763921499252,0.9050949215888977,0.671467125415802
YBR274W,YFL062W,0,-0.42404205,0.11888203769922256,0.9050949215888977,0.6715671420097351
YJL092W,YBR008C,0,-0.42417762,0.1188664361834526,0.9050949215888977,0.6716671586036682
YNL097C,YBR096W,0,-0.42434418,0.11885084956884384,0.9050949215888977,0.6717671751976013
YNR072W,YGR239C,0,-0.42482477,0.11883525550365448,0.9050949215888977,0.6718671917915344
YOL139C,YPL241C,0,-0.42560497,0.11881966888904572,0.9050949215888977,0.6719672083854675
YLR391W-A,YAL061W,0,-0.4259482,0.11880408972501755,0.9050949215888977,0.6720672249794006
YPR070W,YER087W,0,-0.42634884,0.11878851801156998,0.9050949215888977,0.6721672415733337
YBR074W,YMR116C,0,-0.42713058,0.11877293884754181,0.9050949215888977,0.6722671985626221
YKL088W,YML080W,0,-0.4274473,0.11875737458467484,0.9050949215888977,0.6723672151565552
YDR363W,YER180C,0,-0.42758483,0.11874181032180786,0.9050949215888977,0.6724672317504883
YDR444W,YBR103W,0,-0.42766428,0.11872624605894089,0.9050949215888977,0.6725672483444214
YBR170C,YCL027W,0,-0.4279791,0.11871068924665451,0.9050949215888977,0.6726672649383545
YPL087W,YOR351C,0,-0.42826837,0.11869513988494873,0.9050949215888977,0.6727672815322876
YPR144C,YGR276C,0,-0.42875686,0.11867959052324295,0.9050949215888977,0.6728672981262207
YER006W,YPL281C,0,-0.42881316,0.11866404861211777,0.9050949215888977,0.6729673147201538
YGL162W,YLR127C,0,-0.42905253,0.11864850670099258,0.9050949215888977,0.6730673313140869
YNL223W,YFR032C-A,0,-0.42968994,0.118632972240448,0.9050949215888977,0.6731672883033752
YPL084W,YNR032W,0,-0.4298451,0.11861743777990341,0.9050949215888977,0.6732673048973083
YLR064W,YJR152W,0,-0.42995074,0.11860191076993942,0.9050949215888977,0.6733673214912415
YPL232W,YBR010W,0,-0.43013275,0.11858638375997543,0.9050949215888977,0.6734673380851746
YDR134C,YKL221W,0,-0.43024844,0.11857086420059204,0.9050949215888977,0.6735673546791077
YBR159W,YNL273W,0,-0.4312134,0.11855535209178925,0.9050949215888977,0.6736673712730408
YDR444W,YLR015W,0,-0.4315883,0.11853983998298645,0.9050949215888977,0.6737673878669739
YDR527W,YFR007W,0,-0.43256083,0.11852433532476425,0.9050949215888977,0.673867404460907
YLR138W,YGR143W,0,-0.43295053,0.11850883066654205,0.9050949215888977,0.6739674210548401
YJL214W,YPL098C,0,-0.43300772,0.11849333345890045,0.9050949215888977,0.6740673780441284
YCL014W,YLR262C,0,-0.43340197,0.11847783625125885,0.9050949215888977,0.6741673946380615
YMR099C,YBR260C,0,-0.43372786,0.11846234649419785,0.9050949215888977,0.6742674112319946
YFL021W,YGR063C,0,-0.43391675,0.11844685673713684,0.9050949215888977,0.6743674278259277
YDR205W,YPL098C,0,-0.43443805,0.11843137443065643,0.9050949215888977,0.6744674444198608
YLL021W,YPL115C,1,-0.4355217,0.11854659765958786,0.9060938954353333,0.6744674444198608
YHR207C,YJR159W,0,-0.43598145,0.11853110045194626,0.9060938954353333,0.674567461013794
YGR240C,YER053C,0,-0.43647462,0.11851561814546585,0.9060938954353333,0.674667477607727
YOR270C,YBL024W,0,-0.43665612,0.11850012838840485,0.9060938954353333,0.6747674942016602
YNL064C,YPL132W,0,-0.4369556,0.11848465353250504,0.9060938954353333,0.6748675107955933
YIL076W,YMR004W,0,-0.43718463,0.11846917122602463,0.9060938954353333,0.6749674677848816
YMR026C,YKL184W,0,-0.4373154,0.11845370382070541,0.9060938954353333,0.6750674843788147
YNL147W,YJR067C,0,-0.43741828,0.1184382364153862,0.9060938954353333,0.6751675009727478
YCR092C,YHL009C,0,-0.43755937,0.11842276901006699,0.9060938954353333,0.6752675175666809
YGR012W,YJR161C,0,-0.4376704,0.11840730905532837,0.9060938954353333,0.675367534160614
YNL206C,YHR084W,0,-0.43777195,0.11839185655117035,0.9060938954353333,0.6754675507545471
YIL114C,YKL206C,0,-0.43823382,0.11837640404701233,0.9060938954353333,0.6755675673484802
YML118W,YPR125W,0,-0.4382384,0.11836095154285431,0.9060938954353333,0.6756675839424133
YKL181W,YLR380W,0,-0.4382427,0.11834551393985748,0.9060938954353333,0.6757676005363464
YDR020C,YJL165C,0,-0.43825042,0.11833006888628006,0.9060938954353333,0.6758675575256348
YHR132C,YOR054C,0,-0.43895385,0.11831463873386383,0.9060938954353333,0.6759675741195679
YDR107C,YER108C,1,-0.4393276,0.11842963099479675,0.9070929288864136,0.6759675741195679
YDR196C,YOL071W,0,-0.43996507,0.11841418594121933,0.9070929288864136,0.676067590713501
YIL108W,YLR226W,0,-0.4403601,0.1183987483382225,0.9070929288864136,0.6761676073074341
YAL014C,YMR200W,0,-0.44115782,0.11838331073522568,0.9070929288864136,0.6762676239013672
YOR127W,YPL021W,1,-0.44124663,0.11849824339151382,0.9080919027328491,0.6762676239013672
YOR194C,YNL112W,0,-0.44133914,0.1184827908873558,0.9080919027328491,0.6763676404953003
YPR047W,YOL027C,0,-0.4419344,0.11846735328435898,0.9080919027328491,0.6764676570892334
YFR028C,YNL032W,0,-0.4420626,0.11845191568136215,0.9080919027328491,0.6765676736831665
YNL122C,YBL057C,0,-0.442082,0.11843648552894592,0.9080919027328491,0.6766676902770996
YGR169C,YMR017W,0,-0.44210038,0.1184210553765297,0.9080919027328491,0.6767676472663879
YMR289W,YNL095C,0,-0.44282255,0.11840562522411346,0.9080919027328491,0.676867663860321
YDR540C,YMR218C,0,-0.4432919,0.11839020252227783,0.9080919027328491,0.6769676804542542
YNL078W,YLR225C,0,-0.44330555,0.1183747872710228,0.9080919027328491,0.6770676970481873
YDR373W,YER122C,0,-0.4433517,0.11835937201976776,0.9080919027328491,0.6771677136421204
YOL034W,YBR247C,0,-0.4437585,0.11834396421909332,0.9080919027328491,0.6772677302360535
YKR081C,YMR267W,0,-0.44397694,0.11832856386899948,0.9080919027328491,0.6773677468299866
YMR127C,YLR183C,0,-0.444548,0.11831315606832504,0.9080919027328491,0.6774677634239197
YNR004W,YHR011W,0,-0.4450404,0.1182977631688118,0.9080919027328491,0.6775677800178528
YNL305C,YGR084C,0,-0.4455351,0.11828237026929855,0.9080919027328491,0.6776677370071411
YLR274W,YGR203W,0,-0.44585747,0.11826697736978531,0.9080919027328491,0.6777677536010742
YJR021C,YBR240C,0,-0.44607174,0.11825159192085266,0.9080919027328491,0.6778677701950073
YGL236C,YIL041W,0,-0.446768,0.11823621392250061,0.9080919027328491,0.6779677867889404
YNR063W,YKR102W,0,-0.4469509,0.11822083592414856,0.9080919027328491,0.6780678033828735
YJL072C,YMR198W,0,-0.4472544,0.11820545792579651,0.9080919027328491,0.6781678199768066
YLR151C,YMR264W,0,-0.44736767,0.11819009482860565,0.9080919027328491,0.6782678365707397
YHR117W,YLR295C,0,-0.4475875,0.1181747242808342,0.9080919027328491,0.6783678531646729
YMR164C,YJL144W,0,-0.44775054,0.11815936863422394,0.9080919027328491,0.678467869758606
YDR461W,YDL055C,0,-0.44855064,0.11814400553703308,0.9080919027328491,0.6785678863525391
YOL008W,YBR287W,0,-0.4486442,0.11812865734100342,0.9080919027328491,0.6786678433418274
YLR404W,YGL205W,0,-0.4491707,0.11811330914497375,0.9080919027328491,0.6787678599357605
YDL006W,YML081C-A,0,-0.44924906,0.11809796094894409,0.9080919027328491,0.6788678765296936
YOR182C,YDL051W,0,-0.44949487,0.11808262020349503,0.9080919027328491,0.6789678931236267
YDL226C,YML006C,0,-0.44952303,0.11806727945804596,0.9080919027328491,0.6790679097175598
YMR044W,YML022W,0,-0.4496602,0.11805194616317749,0.9080919027328491,0.6791679263114929
YLR153C,YMR268C,0,-0.45000184,0.11803662031888962,0.9080919027328491,0.679267942905426
YJL072C,YGL172W,0,-0.45002457,0.11802129447460175,0.9080919027328491,0.6793679594993591
YAL016W,YEL016C,0,-0.45009676,0.11800596863031387,0.9080919027328491,0.6794679760932922
YOR036W,YKL028W,0,-0.45069945,0.1179906576871872,0.9080919027328491,0.6795679330825806
YGL190C,YHR073W,1,-0.45118064,0.11810512840747833,0.9090909361839294,0.6795679330825806
YLR362W,YIR019C,1,-0.45160156,0.11821956932544708,0.910089910030365,0.6795679330825806
YDR076W,YJR077C,0,-0.45207787,0.11820422857999802,0.910089910030365,0.6796679496765137
YOR356W,YJR091C,0,-0.45252055,0.11818889528512955,0.910089910030365,0.6797679662704468
YOR369C,YGL112C,0,-0.45269483,0.11817356199026108,0.910089910030365,0.6798679828643799
YIR017C,YHR216W,0,-0.454148,0.1181582361459732,0.910089910030365,0.679967999458313
YDR477W,YHR111W,1,-0.45439094,0.11827259510755539,0.9110888838768005,0.679967999458313
YLR083C,YDR432W,1,-0.454914,0.11838693171739578,0.9120879173278809,0.679967999458313
YIL085C,YGR091W,0,-0.45599154,0.11837158352136612,0.9120879173278809,0.6800680160522461
YMR268C,YNL125C,0,-0.456111,0.11835623532533646,0.9120879173278809,0.6801680326461792
YDL079C,YGR116W,0,-0.45634857,0.11834089457988739,0.9120879173278809,0.6802680492401123
YOL045W,YOL072W,0,-0.45660073,0.11832555383443832,0.9120879173278809,0.6803680658340454
YLR028C,YNR056C,0,-0.4566213,0.11831022053956985,0.9120879173278809,0.6804680228233337
YHR002W,YGR089W,0,-0.45675486,0.11829489469528198,0.9120879173278809,0.6805680394172668
YMR083W,YBR159W,0,-0.4576007,0.11827956885099411,0.9120879173278809,0.6806680560112
YPL081W,YKL180W,0,-0.4576369,0.11826425045728683,0.9120879173278809,0.6807680726051331
YGR086C,YPL113C,0,-0.45768243,0.11824893206357956,0.9120879173278809,0.6808680891990662
YFL022C,YDR511W,0,-0.45773286,0.11823362112045288,0.9120879173278809,0.6809681057929993
YDL080C,YGR116W,0,-0.45782614,0.1182183101773262,0.9120879173278809,0.6810681223869324
YER137C,YBR012W-A,0,-0.45789158,0.11820300668478012,0.9120879173278809,0.6811681389808655
YHR017W,YGL003C,0,-0.45793378,0.11818770319223404,0.9120879173278809,0.6812681555747986
YHR166C,YKR104W,0,-0.45933568,0.11817240715026855,0.9120879173278809,0.6813681125640869
YOR240W,YPR019W,0,-0.46015987,0.11815711110830307,0.9120879173278809,0.68146812915802
YDR088C,YDL164C,0,-0.46048045,0.11814182251691818,0.9120879173278809,0.6815681457519531
YMR150C,YFR003C,0,-0.46078843,0.1181265339255333,0.9120879173278809,0.6816681623458862
YGR199W,YPL024W,0,-0.46128762,0.118111252784729,0.9120879173278809,0.6817681789398193
YOR292C,YNL305C,0,-0.46190393,0.11809597909450531,0.9120879173278809,0.6818681955337524
YGR284C,YNL077W,0,-0.46252754,0.11808070540428162,0.9120879173278809,0.6819682121276855
YML110C,YER184C,0,-0.46261257,0.11806543171405792,0.9120879173278809,0.6820682287216187
YNL209W,YJR021C,0,-0.46309748,0.11805016547441483,0.9120879173278809,0.6821682453155518
YNL101W,YPL012W,0,-0.46315408,0.11803490668535233,0.9120879173278809,0.6822682023048401
YLR368W,YPL103C,0,-0.46321034,0.11801964789628983,0.9120879173278809,0.6823682188987732
YLR276C,YDR180W,0,-0.46340767,0.11800439655780792,0.9120879173278809,0.6824682354927063
YPL096C-A,YMR211W,0,-0.46349677,0.11798914521932602,0.9120879173278809,0.6825682520866394
YJL138C,YIL112W,0,-0.46430746,0.11797390133142471,0.9120879173278809,0.6826682686805725
YML015C,YHR184W,0,-0.46456102,0.11795865744352341,0.9120879173278809,0.6827682852745056
YLR147C,YLR022C,0,-0.4650817,0.1179434210062027,0.9120879173278809,0.6828683018684387
YKR068C,YOR083W,0,-0.4651454,0.11792818456888199,0.9120879173278809,0.6829683184623718
YOL056W,YDL044C,0,-0.46544173,0.11791295558214188,0.9120879173278809,0.6830683350563049
YOL031C,YDR415C,0,-0.4657335,0.11789772659540176,0.9120879173278809,0.6831682920455933
YDR404C,YBL112C,0,-0.4663399,0.11788250505924225,0.9120879173278809,0.6832683086395264
YJL099W,YGR281W,0,-0.4667313,0.11786728352308273,0.9120879173278809,0.6833683252334595
YLR320W,YDR065W,0,-0.466738,0.11785206943750381,0.9120879173278809,0.6834683418273926
YBL113C,YDR400W,0,-0.4668331,0.1178368628025055,0.9120879173278809,0.6835683584213257
YJR044C,YCL060C,0,-0.4668845,0.11782165616750717,0.9120879173278809,0.6836683750152588
YBR183W,YGL012W,0,-0.46731067,0.11780644953250885,0.9120879173278809,0.6837683916091919
YDR404C,YGL212W,0,-0.46733284,0.11779125034809113,0.9120879173278809,0.683868408203125
YIL035C,YFL034C-A,0,-0.46768332,0.117776058614254,0.9120879173278809,0.6839684247970581
YHR109W,YLR013W,0,-0.4686185,0.11776086688041687,0.9120879173278809,0.6840683817863464
YBR280C,YMR143W,0,-0.4695169,0.11774568259716034,0.9120879173278809,0.6841683983802795
YNL135C,YDR532C,0,-0.46974355,0.11773049831390381,0.9120879173278809,0.6842684149742126
YGR285C,YGL020C,0,-0.4697647,0.11771531403064728,0.9120879173278809,0.6843684315681458
YPL003W,YNL129W,0,-0.47046626,0.11770014464855194,0.9120879173278809,0.6844684481620789
YHR203C,YNL101W,0,-0.47068638,0.11768496781587601,0.9120879173278809,0.684568464756012
YJR056C,YCR081W,0,-0.47108135,0.11766980588436127,0.9120879173278809,0.6846684813499451
YDR462W,YLR209C,0,-0.47154367,0.11765463650226593,0.9120879173278809,0.6847684979438782
YCL061C,YJL041W,0,-0.47166312,0.11763948202133179,0.9120879173278809,0.6848685145378113
YPR113W,YDR388W,0,-0.47182035,0.11762432008981705,0.9120879173278809,0.6849684715270996
YOR064C,YLL039C,0,-0.47184277,0.1176091730594635,0.9120879173278809,0.6850684881210327
YDR120C,YHR187W,0,-0.4719007,0.11759402602910995,0.9120879173278809,0.6851685047149658
YPR144C,YBR087W,0,-0.4722709,0.11757887899875641,0.9120879173278809,0.6852685213088989
YDR251W,YAL056W,1,-0.473364,0.1176925078034401,0.9130868911743164,0.6852685213088989
YLR003C,YOR151C,0,-0.4735086,0.11767735332250595,0.9130868911743164,0.685368537902832
YGL048C,YDR339C,0,-0.4736195,0.1176622062921524,0.9130868911743164,0.6854685544967651
YJR029W,YJR065C,0,-0.47390437,0.11764705926179886,0.9130868911743164,0.6855685710906982
YPR021C,YOL004W,0,-0.4739852,0.11763191968202591,0.9130868911743164,0.6856685876846313
YNL208W,YLL022C,0,-0.4740504,0.11761678010225296,0.9130868911743164,0.6857686042785645
YPR018W,YDR483W,0,-0.474326,0.11760164797306061,0.9130868911743164,0.6858685612678528
YOR080W,YEL029C,0,-0.4746336,0.11758651584386826,0.9130868911743164,0.6859685778617859
YKL061W,YLR393W,0,-0.47469902,0.1175713911652565,0.9130868911743164,0.686068594455719
YBR039W,YGR133W,0,-0.47573406,0.11755626648664474,0.9130868911743164,0.6861686110496521
YNL224C,YDR400W,0,-0.47585452,0.11754114925861359,0.9130868911743164,0.6862686276435852
YOR141C,YNL254C,0,-0.4758665,0.11752603948116302,0.9130868911743164,0.6863686442375183
YCL031C,YBR227C,0,-0.47596624,0.11751092970371246,0.9130868911743164,0.6864686608314514
YKL027W,YGL212W,0,-0.47603804,0.1174958199262619,0.9130868911743164,0.6865686774253845
YLR285W,YNR073C,0,-0.47634643,0.11748071759939194,0.9130868911743164,0.6866686940193176
YOR046C,YML039W,0,-0.47657707,0.11746562272310257,0.9130868911743164,0.686768651008606
YJR007W,YPL217C,0,-0.47684574,0.1174505278468132,0.9130868911743164,0.6868686676025391
YDR512C,YDR408C,0,-0.476888,0.11743543297052383,0.9130868911743164,0.6869686841964722
YNL119W,YJR004C,0,-0.47748414,0.11742035299539566,0.9130868911743164,0.6870687007904053
YFR029W,YKR020W,0,-0.47766072,0.11740526556968689,0.9130868911743164,0.6871687173843384
YKL017C,YPR094W,0,-0.47826248,0.11739018559455872,0.9130868911743164,0.6872687339782715
YGR286C,YLR057W,0,-0.47883648,0.11737511307001114,0.9130868911743164,0.6873687505722046
YNL147W,YGL038C,0,-0.47988677,0.11736004054546356,0.9130868911743164,0.6874687671661377
YJL113W,YBR264C,0,-0.48030394,0.11734497547149658,0.9130868911743164,0.6875687837600708
YIR021W,YIR013C,0,-0.48049724,0.1173299103975296,0.9130868911743164,0.6876687407493591
YHR002W,YER122C,0,-0.48149619,0.11731485277414322,0.9130868911743164,0.6877687573432922
YDR499W,YLR353W,0,-0.4817766,0.11729979515075684,0.9130868911743164,0.6878687739372253
YER004W,YER007W,0,-0.48240137,0.11728474497795105,0.9130868911743164,0.6879687905311584
YGR056W,YCR042C,0,-0.4826088,0.11726969480514526,0.9130868911743164,0.6880688071250916
YGR125W,YAR050W,0,-0.4830827,0.11725465208292007,0.9130868911743164,0.6881688237190247
YHR052W,YDL191W,0,-0.48311442,0.11723960936069489,0.9130868911743164,0.6882688403129578
YCR102C,YGR013W,0,-0.48318112,0.11722457408905029,0.9130868911743164,0.6883688569068909
YER149C,YLR362W,1,-0.4833862,0.11733777821063995,0.9140859246253967,0.6883688569068909
YPL048W,YLR155C,0,-0.48359936,0.11732273548841476,0.9140859246253967,0.688468873500824
YDL108W,YEL062W,0,-0.48396936,0.11730769276618958,0.9140859246253967,0.6885688304901123
YBR244W,YPR002W,0,-0.48400152,0.11729265749454498,0.9140859246253967,0.6886688470840454
YFL057C,YKL088W,0,-0.48402217,0.11727762222290039,0.9140859246253967,0.6887688636779785
YMR238W,YER108C,1,-0.48444852,0.11739074438810349,0.9150848984718323,0.6887688636779785
YNL261W,YPL189C-A,0,-0.48445132,0.1173757016658783,0.9150848984718323,0.6888688802719116
YPL164C,YBR033W,0,-0.4846147,0.1173606663942337,0.9150848984718323,0.6889688968658447
YDR358W,YDR410C,0,-0.4846766,0.11734563112258911,0.9150848984718323,0.6890689134597778
YDR022C,YML115C,0,-0.48499072,0.11733060330152512,0.9150848984718323,0.6891689300537109
YMR289W,YPL002C,0,-0.48502403,0.11731557548046112,0.9150848984718323,0.689268946647644
YOR348C,YKR022C,0,-0.48514938,0.11730054765939713,0.9150848984718323,0.6893689632415771
YNR004W,YPL078C,0,-0.48635033,0.11728553473949432,0.9150848984718323,0.6894689202308655
YGR285C,YKL172W,0,-0.486644,0.11727051436901093,0.9150848984718323,0.6895689368247986
YMR043W,YLR414C,0,-0.48888406,0.11725550144910812,0.9150848984718323,0.6896689534187317
YBL113C,YDL085W,0,-0.48904634,0.11724049597978592,0.9150848984718323,0.6897689700126648
YNR040W,YER083C,0,-0.48930833,0.11722549051046371,0.9150848984718323,0.6898689866065979
YKL125W,YLR228C,0,-0.48950666,0.1172104924917221,0.9150848984718323,0.689969003200531
YDR037W,YMR273C,0,-0.4901289,0.1171954944729805,0.9150848984718323,0.6900690197944641
YMR284W,YBL060W,0,-0.49066344,0.11718050390481949,0.9150848984718323,0.6901690363883972
YLR088W,YAL022C,0,-0.4907253,0.11716551333665848,0.9150848984718323,0.6902690529823303
YGR104C,YBR290W,0,-0.4913118,0.11715053021907806,0.9150848984718323,0.6903690099716187
YDR162C,YJR044C,0,-0.4916842,0.11713554710149765,0.9150848984718323,0.6904690265655518
YPL154C,YCR067C,0,-0.49171355,0.11712057143449783,0.9150848984718323,0.6905690431594849
YPR006C,YJL085W,0,-0.49185592,0.11710560321807861,0.9150848984718323,0.690669059753418
YOL137W,YLR042C,0,-0.4923896,0.1170906275510788,0.9150848984718323,0.6907690763473511
YNR022C,YDR252W,0,-0.49253386,0.11707566678524017,0.9150848984718323,0.6908690929412842
YOR181W,YMR056C,0,-0.49367952,0.11706070601940155,0.9150848984718323,0.6909691095352173
YGR058W,YML116W,0,-0.49475387,0.11704574525356293,0.9150848984718323,0.6910691261291504
YMR285C,YGR084C,0,-0.4956081,0.1170307919383049,0.9150848984718323,0.6911691427230835
YGL133W,YDR499W,0,-0.49561042,0.11701583862304688,0.9150848984718323,0.6912690997123718
YLR312W-A,YLR204W,0,-0.49587688,0.11700089275836945,0.9150848984718323,0.6913691163063049
YER019C-A,YDL007W,0,-0.49611995,0.11698595434427261,0.9150848984718323,0.691469132900238
YOR301W,YER173W,0,-0.49625832,0.11697101593017578,0.9150848984718323,0.6915691494941711
YMR312W,YGL211W,0,-0.49675417,0.11695607751607895,0.9150848984718323,0.6916691660881042
YBR281C,YML099C,0,-0.4968593,0.11694114655256271,0.9150848984718323,0.6917691826820374
YJL018W,YPR145W,0,-0.4975435,0.11692621558904648,0.9150848984718323,0.6918691992759705
YOL093W,YIL177C,0,-0.49787372,0.11691129207611084,0.9150848984718323,0.6919692158699036
YLR430W,YER016W,0,-0.49798292,0.1168963760137558,0.9150848984718323,0.6920692324638367
YLR408C,YGL086W,0,-0.49802676,0.11688145995140076,0.9150848984718323,0.692169189453125
YOR245C,YEL064C,0,-0.4981972,0.11686654388904572,0.9150848984718323,0.6922692060470581
YHR073W,YDR379W,1,-0.50025856,0.1169792041182518,0.9160839319229126,0.6922692060470581
YOR047C,YDR131C,0,-0.50049347,0.11696428805589676,0.9160839319229126,0.6923692226409912
YPL055C,YNL232W,0,-0.50079703,0.11694937199354172,0.9160839319229126,0.6924692392349243
YML060W,YNL151C,0,-0.50104845,0.11693445593118668,0.9160839319229126,0.6925692558288574
YBL103C,YHR064C,0,-0.50180495,0.11691954731941223,0.9160839319229126,0.6926692724227905
YJR064W,YKR002W,0,-0.5018412,0.11690463870763779,0.9160839319229126,0.6927692890167236
YJR007W,YJR067C,0,-0.501973,0.11688973754644394,0.9160839319229126,0.6928693056106567
YOR159C,YML063W,0,-0.5020181,0.11687484383583069,0.9160839319229126,0.6929693222045898
YLR040C,YLR256W,0,-0.5021043,0.11685995012521744,0.9160839319229126,0.6930692791938782
YPL236C,YBR176W,0,-0.50231236,0.11684505641460419,0.9160839319229126,0.6931692957878113
YNL021W,YLR286C,0,-0.502349,0.11683017015457153,0.9160839319229126,0.6932693123817444
YML001W,YFR045W,0,-0.5023888,0.11681528389453888,0.9160839319229126,0.6933693289756775
YBR288C,YDR448W,0,-0.5028012,0.11680040508508682,0.9160839319229126,0.6934693455696106
YIR009W,YBR282W,0,-0.50280565,0.11678553372621536,0.9160839319229126,0.6935693621635437
YMR046C,YPL157W,0,-0.503569,0.1167706623673439,0.9160839319229126,0.6936693787574768
YBR123C,YDR342C,0,-0.5042121,0.11675579100847244,0.9160839319229126,0.6937693953514099
YER048W-A,YJL210W,0,-0.50489986,0.11674092710018158,0.9160839319229126,0.693869411945343
YKL041W,YPL096C-A,0,-0.5049036,0.11672607064247131,0.9160839319229126,0.6939693689346313
YJL113W,YNR008W,0,-0.50556815,0.11671121418476105,0.9160839319229126,0.6940693855285645
YOR275C,YBL064C,0,-0.506053,0.11669635772705078,0.9160839319229126,0.6941694021224976
YLR446W,YDR143C,0,-0.5061201,0.11668150871992111,0.9160839319229126,0.6942694187164307
YJR098C,YOR311C,0,-0.5064292,0.11666666716337204,0.9160839319229126,0.6943694353103638
YDR036C,YBR012W-A,0,-0.5064622,0.11665182560682297,0.9160839319229126,0.6944694519042969
YBR084C-A,YBR175W,0,-0.50674945,0.11663699150085449,0.9160839319229126,0.69456946849823
YGL051W,YOL031C,0,-0.5071003,0.11662215739488602,0.9160839319229126,0.6946694850921631
YJL090C,YDR331W,0,-0.5071155,0.11660732328891754,0.9160839319229126,0.6947695016860962
YML034W,YPL045W,0,-0.5074981,0.11659249663352966,0.9160839319229126,0.6948694586753845
YIL138C,YLR145W,0,-0.5079221,0.11657767742872238,0.9160839319229126,0.6949694752693176
YLR043C,YPR011C,0,-0.5081276,0.1165628582239151,0.9160839319229126,0.6950694918632507
YMR127C,YOR389W,0,-0.50836116,0.11654803901910782,0.9160839319229126,0.6951695084571838
YNL147W,YPL211W,0,-0.5088797,0.11653323471546173,0.9160839319229126,0.6952695250511169
YLR312C-B,YKL043W,1,-0.509032,0.11664549261331558,0.9170829057693481,0.6952695250511169
YGR188C,YGL119W,0,-0.5090644,0.1166306659579277,0.9170829057693481,0.69536954164505
YCL052C,YPL157W,0,-0.50950724,0.11661585420370102,0.9170829057693481,0.6954695582389832
YCL027C-A,YLR116W,0,-0.5099422,0.11660104244947433,0.9170829057693481,0.6955695748329163
YOR291W,YGL206C,0,-0.5114006,0.11658623069524765,0.9170829057693481,0.6956695914268494
YPR031W,YMR305C,0,-0.51153266,0.11657142639160156,0.9170829057693481,0.6957695484161377
YLR330W,YMR288W,0,-0.51153874,0.11655662953853607,0.9170829057693481,0.6958695650100708
YOR179C,YHR134W,0,-0.5118858,0.11654183268547058,0.9170829057693481,0.6959695816040039
YER073W,YMR123W,0,-0.51225793,0.11652703583240509,0.9170829057693481,0.696069598197937
YGR067C,YMR176W,0,-0.51248246,0.1165122464299202,0.9170829057693481,0.6961696147918701
YGR133W,YKR054C,0,-0.5134791,0.1164974644780159,0.9170829057693481,0.6962696313858032
YDR346C,YPL113C,0,-0.514269,0.1164826825261116,0.9170829057693481,0.6963696479797363
YPR113W,YGL001C,0,-0.5146665,0.1164679005742073,0.9170829057693481,0.6964696645736694
YLR133W,YML066C,0,-0.5149731,0.1164531260728836,0.9170829057693481,0.6965696811676025
YDR315C,YDR531W,0,-0.5151255,0.1164383590221405,0.9170829057693481,0.6966696381568909
YLR385C,YNL325C,0,-0.5155034,0.1164235919713974,0.9170829057693481,0.696769654750824
YOL052C,YHL007C,0,-0.5155084,0.1164088249206543,0.9170829057693481,0.6968696713447571
YBL106C,YJR043C,0,-0.5161418,0.11639406532049179,0.9170829057693481,0.6969696879386902
YBL074C,YDR113C,0,-0.5161923,0.11637931317090988,0.9170829057693481,0.6970697045326233
YDR470C,YEL017C-A,0,-0.51622236,0.11636456102132797,0.9170829057693481,0.6971697211265564
YDL111C,YLR262C,0,-0.51652473,0.11634980887174606,0.9170829057693481,0.6972697377204895
YDR251W,YPL021W,1,-0.5170748,0.11646179109811783,0.9180819392204285,0.6972697377204895
YNL227C,YLR381W,0,-0.51738495,0.11644703149795532,0.9180819392204285,0.6973697543144226
YER013W,YDR332W,0,-0.517496,0.11643227934837341,0.9180819392204285,0.6974697709083557
YJL090C,YOR147W,0,-0.5177355,0.1164175346493721,0.9180819392204285,0.697569727897644
YCL027C-A,YAL009W,0,-0.517854,0.11640278995037079,0.9180819392204285,0.6976697444915771
YMR268W-A,YOR375C,0,-0.51790154,0.11638804525136948,0.9180819392204285,0.6977697610855103
YOR020C,YPL188W,0,-0.5183023,0.11637330800294876,0.9180819392204285,0.6978697776794434
YHR211W,YGL212W,0,-0.5183553,0.11635857075452805,0.9180819392204285,0.6979697942733765
YDL216C,YJL117W,0,-0.5185676,0.11634384095668793,0.9180819392204285,0.6980698108673096
YIL044C,YHR058C,0,-0.5188285,0.11632911115884781,0.9180819392204285,0.6981698274612427
YOR354C,YDR030C,0,-0.51957846,0.11631438881158829,0.9180819392204285,0.6982698440551758
YPR002W,YMR004W,0,-0.5199536,0.11629967391490936,0.9180819392204285,0.6983698606491089
YER111C,YIL082W-A,0,-0.5199827,0.11628495156764984,0.9180819392204285,0.6984698176383972
YLR313C,YKL185W,1,-0.5200113,0.11639676243066788,0.919080913066864,0.6984698176383972
YIL142W,YPR187W,0,-0.5200834,0.11638204008340836,0.919080913066864,0.6985698342323303
YLR105C,YGR251W,0,-0.52036834,0.11636731773614883,0.919080913066864,0.6986698508262634
YIL072W,YIR015W,0,-0.52058107,0.11635259538888931,0.919080913066864,0.6987698674201965
YDR346C,YOL068C,0,-0.52078414,0.11633788794279099,0.919080913066864,0.6988698840141296
YPR022C,YLR355C,0,-0.5210078,0.11632317304611206,0.919080913066864,0.6989699006080627
YBR271W,YLR388W,0,-0.52113116,0.11630847305059433,0.919080913066864,0.6990699172019958
YMR315W,YNL207W,0,-0.5211555,0.116293765604496,0.919080913066864,0.699169933795929
YOL058W,YHR042W,0,-0.52116895,0.11627907305955887,0.919080913066864,0.6992699503898621
YHR160C,YPL172C,0,-0.52132654,0.11626437306404114,0.919080913066864,0.6993699073791504
YOR175C,YBR265W,0,-0.5215988,0.116249680519104,0.919080913066864,0.6994699239730835
YCR055C,YBR170C,0,-0.5222232,0.11623499542474747,0.919080913066864,0.6995699405670166
YGL120C,YPL050C,0,-0.52237433,0.11622031033039093,0.919080913066864,0.6996699571609497
YGL124C,YGR009C,0,-0.5226034,0.11620563268661499,0.919080913066864,0.6997699737548828
YDR222W,YOL091W,0,-0.52265906,0.11619095504283905,0.919080913066864,0.6998699903488159
YBR026C,YKR039W,0,-0.5231693,0.11617628484964371,0.919080913066864,0.699970006942749
YLR274W,YOR246C,0,-0.52324384,0.11616161465644836,0.919080913066864,0.7000700235366821
YDL155W,YDR047W,0,-0.5236789,0.11614695191383362,0.919080913066864,0.7001700401306152
YBR080C,YBL105C,0,-0.5241724,0.11613228917121887,0.919080913066864,0.7002700567245483
YMR092C,YGR112W,0,-0.5244085,0.11611763387918472,0.919080913066864,0.7003700137138367
YLR341W,YEL063C,0,-0.52481735,0.11610297858715057,0.919080913066864,0.7004700303077698
YKL185W,YLR353W,1,-0.5248899,0.11621451377868652,0.9200799465179443,0.7004700303077698
YPL083C,YDR483W,0,-0.52526236,0.11619985103607178,0.9200799465179443,0.7005700469017029
YKL022C,YLR285W,0,-0.5252775,0.11618518829345703,0.9200799465179443,0.700670063495636
YDR423C,YDL246C,0,-0.52594984,0.11617053300142288,0.9200799465179443,0.7007700800895691
YPR104C,YJL024C,0,-0.5260841,0.11615588515996933,0.9200799465179443,0.7008700966835022
YGR275W,YOL148C,0,-0.52609766,0.11614123731851578,0.9200799465179443,0.7009701132774353
YBR057C,YMR165C,0,-0.5261129,0.11612658947706223,0.9200799465179443,0.7010701298713684
YFL054C,YDL021W,0,-0.52643585,0.11611194908618927,0.9200799465179443,0.7011701464653015
YPL057C,YJL139C,0,-0.5266272,0.11609731614589691,0.9200799465179443,0.7012701034545898
YER082C,YLR097C,0,-0.5266522,0.11608268320560455,0.9200799465179443,0.701370120048523
YMR104C,YGR037C,0,-0.5271813,0.1160680502653122,0.9200799465179443,0.701470136642456
YLR136C,YDR191W,0,-0.52732146,0.11605342477560043,0.9200799465179443,0.7015701532363892
YPL129W,YGR203W,0,-0.5282149,0.11603880673646927,0.9200799465179443,0.7016701698303223
YDR174W,YER016W,0,-0.5291194,0.1160241886973381,0.9200799465179443,0.7017701864242554
YER036C,YDL082W,0,-0.5292419,0.11600957065820694,0.9200799465179443,0.7018702030181885
YDR071C,YOR396W,0,-0.5294875,0.11599496006965637,0.9200799465179443,0.7019702196121216
YIR009W,YJL046W,0,-0.53057355,0.1159803569316864,0.9200799465179443,0.7020702362060547
YOR099W,YPR182W,0,-0.53145796,0.11596575379371643,0.9200799465179443,0.702170193195343
YHR121W,YOR311C,0,-0.531767,0.11595115065574646,0.9200799465179443,0.7022702097892761
YER019C-A,YOR329C,0,-0.5322288,0.11593655496835709,0.9200799465179443,0.7023702263832092
YMR134W,YDR318W,0,-0.5325289,0.11592196673154831,0.9200799465179443,0.7024702429771423
YMR315W,YPL095C,0,-0.5326957,0.11590737849473953,0.9200799465179443,0.7025702595710754
YKL088W,YDR296W,0,-0.53304636,0.11589279025793076,0.9200799465179443,0.7026702761650085
YJR005W,YDL133C-A,0,-0.5336233,0.11587820947170258,0.9200799465179443,0.7027702927589417
YGR020C,YML112W,0,-0.5338059,0.1158636286854744,0.9200799465179443,0.7028703093528748
YPL258C,YGL130W,0,-0.533965,0.11584905534982681,0.9200799465179443,0.7029703259468079
YPR127W,YJR140C,0,-0.5344725,0.11583448946475983,0.9200799465179443,0.7030702829360962
YLR318W,YNR006W,0,-0.5345941,0.11581991612911224,0.9200799465179443,0.7031702995300293
YOR270C,YML104C,0,-0.53606975,0.11580535769462585,0.9200799465179443,0.7032703161239624
YOR020C,YOR148C,0,-0.5368122,0.11579079926013947,0.9200799465179443,0.7033703327178955
YLR312C-B,YCR038C,1,-0.5373087,0.11590194702148438,0.9210789203643799,0.7033703327178955
YGR008C,YGL227W,0,-0.53747916,0.11588738113641739,0.9210789203643799,0.7034703493118286
YHR099W,YAL014C,0,-0.5375637,0.1158728152513504,0.9210789203643799,0.7035703659057617
YDR337W,YJL095W,0,-0.5376692,0.11585825681686401,0.9210789203643799,0.7036703824996948
YFR031C,YAR019C,0,-0.5376835,0.11584369838237762,0.9210789203643799,0.7037703990936279
YHR074W,YGL244W,0,-0.5378095,0.11582914739847183,0.9210789203643799,0.703870415687561
YMR106C,YOL045W,0,-0.5379531,0.11581459641456604,0.9210789203643799,0.7039703726768494
YMR312W,YNL186W,0,-0.53799194,0.11580005288124084,0.9210789203643799,0.7040703892707825
YGL062W,YOL026C,0,-0.53807384,0.11578550934791565,0.9210789203643799,0.7041704058647156
YGR006W,YHR140W,0,-0.5382505,0.11577096581459045,0.9210789203643799,0.7042704224586487
YNL290W,YGR229C,0,-0.5383029,0.11575643718242645,0.9210789203643799,0.7043704390525818
YOL088C,YOR283W,0,-0.53900504,0.11574190109968185,0.9210789203643799,0.7044704556465149
YDR440W,YAL063C,0,-0.53931403,0.11572737246751785,0.9210789203643799,0.704570472240448
YJR032W,YNL259C,0,-0.5394708,0.11571285128593445,0.9210789203643799,0.7046704888343811
YBR202W,YGR246C,0,-0.54016936,0.11569833010435104,0.9210789203643799,0.7047705054283142
YHL018W,YML049C,0,-0.54068685,0.11568381637334824,0.9210789203643799,0.7048704624176025
YDR404C,YDR454C,0,-0.54081905,0.11566930264234543,0.9210789203643799,0.7049704790115356
YAL056W,YDR043C,1,-0.5409852,0.11578023433685303,0.9220778942108154,0.7049704790115356
YDR408C,YDR239C,0,-0.5411803,0.11576570570468903,0.9220778942108154,0.7050704956054688
YBR077C,YPR049C,0,-0.541224,0.11575119197368622,0.9220778942108154,0.7051705121994019
YPL265W,YBR302C,0,-0.54126406,0.11573667824268341,0.9220778942108154,0.705270528793335
YNL147W,YPR075C,0,-0.5415246,0.1157221645116806,0.9220778942108154,0.7053705453872681
YDR069C,YCR067C,0,-0.541613,0.11570765823125839,0.9220778942108154,0.7054705619812012
YDR156W,YGR077C,0,-0.5423529,0.11569315940141678,0.9220778942108154,0.7055705785751343
YOL075C,YLR116W,0,-0.54237306,0.11567865312099457,0.9220778942108154,0.7056705951690674
YLR446W,YGR271W,0,-0.5424792,0.11566416174173355,0.9220778942108154,0.7057705521583557
YFL004W,YGL166W,0,-0.54284847,0.11564967036247253,0.9220778942108154,0.7058705687522888
YOR219C,YJL012C-A,0,-0.54293495,0.11563517898321152,0.9220778942108154,0.7059705853462219
YPL038W,YGL050W,0,-0.543123,0.1156206950545311,0.9220778942108154,0.706070601940155
YEL030W,YLL009C,0,-0.54350746,0.11560621112585068,0.9220778942108154,0.7061706185340881
YBR021W,YNL312W,0,-0.54354364,0.11559173464775085,0.9220778942108154,0.7062706351280212
YOR190W,YBL064C,0,-0.5437366,0.11557725816965103,0.9220778942108154,0.7063706517219543
YLR051C,YPL086C,0,-0.54443455,0.1155627891421318,0.9220778942108154,0.7064706683158875
YOL088C,YLR132C,0,-0.54491043,0.11554832011461258,0.9220778942108154,0.7065706849098206
YNL153C,YNL321W,0,-0.5450289,0.11553385853767395,0.9220778942108154,0.7066706418991089
YHR034C,YNL030W,0,-0.5454454,0.11551939696073532,0.9220778942108154,0.706770658493042
YBR058C-A,YOR054C,0,-0.5461705,0.11550494283437729,0.9220778942108154,0.7068706750869751
YLR312C-B,YKL048C,1,-0.5462829,0.115615613758564,0.9230769276618958,0.7068706750869751
YIR014W,YIL159W,0,-0.5475153,0.11560115218162537,0.9230769276618958,0.7069706916809082
YJR153W,YER149C,1,-0.548701,0.11571178585290909,0.9240759015083313,0.7069706916809082
YHR019C,YBR204C,0,-0.5496786,0.11569730937480927,0.9240759015083313,0.7070707082748413
YOR198C,YFL066C,0,-0.550098,0.11568284034729004,0.9240759015083313,0.7071707248687744
YPL007C,YMR217W,0,-0.55091226,0.11566837877035141,0.9240759015083313,0.7072707414627075
YIR015W,YKR104W,0,-0.55139726,0.11565391719341278,0.9240759015083313,0.7073707580566406
YGL044C,YER086W,0,-0.5516257,0.11563945561647415,0.9240759015083313,0.7074707746505737
YOL140W,YOR008C,0,-0.5517746,0.11562500149011612,0.9240759015083313,0.7075707316398621
YNL122C,YEL003W,0,-0.5519697,0.11561054736375809,0.9240759015083313,0.7076707482337952
YOR304C-A,YPR201W,0,-0.552168,0.11559610068798065,0.9240759015083313,0.7077707648277283
YDL042C,YNL238W,0,-0.55242056,0.11558165401220322,0.9240759015083313,0.7078707814216614
YJR160C,YJL198W,0,-0.5532415,0.11556721478700638,0.9240759015083313,0.7079707980155945
YNL006W,YDR090C,0,-0.55472976,0.11555278301239014,0.9240759015083313,0.7080708146095276
YKL017C,YHR023W,0,-0.55482125,0.1155383437871933,0.9240759015083313,0.7081708312034607
YML012W,YDR411C,0,-0.55511534,0.11552391946315765,0.9240759015083313,0.7082708477973938
YHR082C,YOL113W,0,-0.5559885,0.11550948768854141,0.9240759015083313,0.7083708643913269
YLR096W,YPR104C,0,-0.55606216,0.11549507081508636,0.9240759015083313,0.7084708213806152
YJL204C,YGL050W,0,-0.556132,0.11548064649105072,0.9240759015083313,0.7085708379745483
YFR045W,YGL120C,0,-0.5562254,0.11546623706817627,0.9240759015083313,0.7086708545684814
YPR021C,YIL042C,0,-0.55627084,0.11545182019472122,0.9240759015083313,0.7087708711624146
YHR039C-A,YLR405W,0,-0.55645883,0.11543741077184677,0.9240759015083313,0.7088708877563477
YNL050C,YNL257C,0,-0.556695,0.11542300879955292,0.9240759015083313,0.7089709043502808
YML018C,YDR147W,0,-0.5568179,0.11540860682725906,0.9240759015083313,0.7090709209442139
YOR176W,YNL125C,0,-0.5568445,0.1153942123055458,0.9240759015083313,0.709170937538147
YHR066W,YIL082W-A,0,-0.55701715,0.11537981778383255,0.9240759015083313,0.7092709541320801
YCR028C,YNL163C,0,-0.5577634,0.11536543071269989,0.9240759015083313,0.7093709111213684
YGL156W,YGL166W,0,-0.55785453,0.11535104364156723,0.9240759015083313,0.7094709277153015
YPL087W,YMR180C,0,-0.55882144,0.11533665657043457,0.9240759015083313,0.7095709443092346
YLR208W,YLR203C,0,-0.55883235,0.11532227694988251,0.9240759015083313,0.7096709609031677
YDL207W,YLR301W,0,-0.5600972,0.11530790477991104,0.9240759015083313,0.7097709774971008
YIL094C,YOR246C,0,-0.56085885,0.11529353260993958,0.9240759015083313,0.7098709940910339
YHR083W,YDR425W,0,-0.56134766,0.11527916043996811,0.9240759015083313,0.709971010684967
YDR016C,YMR060C,0,-0.56141055,0.11526479572057724,0.9240759015083313,0.7100710272789001
YNR061C,YPR063C,0,-0.5615673,0.11525043845176697,0.9240759015083313,0.7101710438728333
YPL096C-A,YGR068C,0,-0.56170845,0.1152360811829567,0.9240759015083313,0.7102710008621216
YMR264W,YNL321W,0,-0.5617429,0.11522172391414642,0.9240759015083313,0.7103710174560547
YBL002W,YPL112C,0,-0.5618787,0.11520737409591675,0.9240759015083313,0.7104710340499878
YER161C,YGL253W,0,-0.5632118,0.11519302427768707,0.9240759015083313,0.7105710506439209
YJR014W,YCR043C,0,-0.56327957,0.115178681910038,0.9240759015083313,0.710671067237854
YGR105W,YGL225W,0,-0.5639905,0.11516433954238892,0.9240759015083313,0.7107710838317871
YJR093C,YAL043C,0,-0.5643742,0.11515000462532043,0.9240759015083313,0.7108711004257202
YHR188C,YMR283C,0,-0.56497467,0.11513566970825195,0.9240759015083313,0.7109711170196533
YCR053W,YIL128W,0,-0.56508607,0.11512134224176407,0.9240759015083313,0.7110711336135864
YKL193C,YHR012W,0,-0.5655597,0.11510701477527618,0.9240759015083313,0.7111710906028748
YMR228W,YBL009W,0,-0.56570315,0.1150926947593689,0.9240759015083313,0.7112711071968079
YLR100W,YGR063C,0,-0.5657728,0.11507837474346161,0.9240759015083313,0.711371123790741
YMR289W,YGR184C,0,-0.5660199,0.11506406217813492,0.9240759015083313,0.7114711403846741
YJL020C,YPL083C,0,-0.5661293,0.11504974961280823,0.9240759015083313,0.7115711569786072
YOL056W,YLR401C,0,-0.5671039,0.11503544449806213,0.9240759015083313,0.7116711735725403
YER061C,YBR302C,0,-0.5674054,0.11502113938331604,0.9240759015083313,0.7117711901664734
YPL108W,YLR276C,0,-0.5680821,0.11500684171915054,0.9240759015083313,0.7118712067604065
YPL276W,YGL128C,0,-0.5691763,0.11499254405498505,0.9240759015083313,0.7119712233543396
YHR206W,YGL023C,0,-0.5694027,0.11497824639081955,0.9240759015083313,0.7120711803436279
YLR362W,YDL038C,0,-0.57049096,0.11496395617723465,0.9240759015083313,0.712171196937561
YPL208W,YLR166C,0,-0.5708175,0.11494967341423035,0.9240759015083313,0.7122712135314941
YNL091W,YLL035W,0,-0.5708808,0.11493539065122604,0.9240759015083313,0.7123712301254272
YLR026C,YLR424W,0,-0.57088196,0.11492110788822174,0.9240759015083313,0.7124712467193604
YOR127W,YKL043W,1,-0.5713312,0.11503105610609055,0.9250749349594116,0.7124712467193604
YHR183W,YNL325C,0,-0.5715973,0.11501676589250565,0.9250749349594116,0.7125712633132935
YDR314C,YIL072W,0,-0.5722052,0.11500248312950134,0.9250749349594116,0.7126712799072266
YPR127W,YPR104C,0,-0.5722308,0.11498820036649704,0.9250749349594116,0.7127712965011597
YER087C-B,YGL017W,0,-0.57310975,0.11497392505407333,0.9250749349594116,0.7128713130950928
YNR031C,YHR013C,0,-0.5738622,0.11495964974164963,0.9250749349594116,0.7129712700843811
YLR431C,YGR185C,0,-0.5740601,0.11494538187980652,0.9250749349594116,0.7130712866783142
YPL160W,YGR054W,0,-0.5742973,0.11493111401796341,0.9250749349594116,0.7131713032722473
YLR423C,YKR003W,0,-0.5744799,0.1149168536067009,0.9250749349594116,0.7132713198661804
YPL096C-A,YHR076W,0,-0.5753805,0.11490259319543839,0.9250749349594116,0.7133713364601135
YDR123C,YHL012W,0,-0.57541406,0.11488834023475647,0.9250749349594116,0.7134713530540466
YNR036C,YBR037C,0,-0.5759914,0.11487408727407455,0.9250749349594116,0.7135713696479797
YGR104C,YJL165C,0,-0.5762997,0.11485983431339264,0.9250749349594116,0.7136713862419128
YPL270W,YKL148C,0,-0.5765109,0.11484558880329132,0.9250749349594116,0.713771402835846
YLR212C,YEL042W,0,-0.57675874,0.1148313507437706,0.9250749349594116,0.7138713598251343
YDL201W,YPL103C,0,-0.57703114,0.11481711268424988,0.9250749349594116,0.7139713764190674
YGR135W,YGL210W,0,-0.5771036,0.11480287462472916,0.9250749349594116,0.7140713930130005
YNL291C,YER069W,0,-0.57727575,0.11478864401578903,0.9250749349594116,0.7141714096069336
YMR295C,YOL054W,0,-0.57739663,0.1147744208574295,0.9250749349594116,0.7142714262008667
YCR040W,YML037C,0,-0.57837003,0.11476019024848938,0.9250749349594116,0.7143714427947998
YOR356W,YPL188W,0,-0.57968473,0.11474597454071045,0.9250749349594116,0.7144714593887329
YCR066W,YBR159W,0,-0.5801254,0.11473175883293152,0.9250749349594116,0.714571475982666
YOL021C,YPR011C,0,-0.5801355,0.11471754312515259,0.9250749349594116,0.7146714925765991
YER035W,YBR111W-A,0,-0.58061486,0.11470333486795425,0.9250749349594116,0.7147714495658875
YPL002C,YHL034C,0,-0.5811399,0.11468912661075592,0.9250749349594116,0.7148714661598206
YDL010W,YFR001W,0,-0.5811908,0.11467492580413818,0.9250749349594116,0.7149714827537537
YDR496C,YJR028W,0,-0.5814568,0.11466072499752045,0.9250749349594116,0.7150714993476868
YJL117W,YMR263W,0,-0.58235717,0.11464652419090271,0.9250749349594116,0.7151715159416199
YPL096C-A,YLL027W,0,-0.5824972,0.11463233828544617,0.9250749349594116,0.715271532535553
YCL045C,YMR304W,0,-0.5828587,0.11461814492940903,0.9250749349594116,0.7153715491294861
YBL005W-B,YDR052C,0,-0.58289486,0.11460395902395248,0.9250749349594116,0.7154715657234192
YDR166C,YCR027C,0,-0.58291006,0.11458978056907654,0.9250749349594116,0.7155715823173523
YPL031C,YIR028W,0,-0.5831159,0.11457560211420059,0.9250749349594116,0.7156715393066406
YJL062W,YBR044C,0,-0.583305,0.11456142365932465,0.9250749349594116,0.7157715559005737
YDL181W,YPL213W,0,-0.58493984,0.1145472526550293,0.9250749349594116,0.7158715724945068
YDL143W,YLL054C,0,-0.58535826,0.11453308910131454,0.9250749349594116,0.7159715890884399
YOL109W,YDR362C,0,-0.585559,0.1145189180970192,0.9250749349594116,0.716071605682373
YPR058W,YOL027C,0,-0.58557045,0.11450476199388504,0.9250749349594116,0.7161716222763062
YDR128W,YDR324C,0,-0.58593124,0.11449060589075089,0.9250749349594116,0.7162716388702393
YIL078W,YPL164C,0,-0.586268,0.11447644978761673,0.9250749349594116,0.7163716554641724
YDR461W,YIL010W,0,-0.58809125,0.11446230113506317,0.9250749349594116,0.7164716720581055
YHR039C-B,YER099C,0,-0.5881053,0.11444815248250961,0.9250749349594116,0.7165716290473938
YPL187W,YPL003W,0,-0.5883524,0.11443401128053665,0.9250749349594116,0.7166716456413269
YBR227C,YPR190C,0,-0.5890376,0.11441987007856369,0.9250749349594116,0.71677166223526
YNR036C,YOL006C,0,-0.58922374,0.11440573632717133,0.9250749349594116,0.7168716788291931
YCR028C,YDR014W,0,-0.58936906,0.11439160257577896,0.9250749349594116,0.7169716954231262
YKL061W,YGR209C,0,-0.5895482,0.1143774688243866,0.9250749349594116,0.7170717120170593
YKL001C,YBL055C,0,-0.5902653,0.11436334252357483,0.9250749349594116,0.7171717286109924
YOL058W,YNL071W,0,-0.5905499,0.11434922367334366,0.9250749349594116,0.7172717452049255
YNL271C,YBR186W,0,-0.5907898,0.11433510482311249,0.9250749349594116,0.7173717617988586
YOR278W,YMR070W,0,-0.5913824,0.11432098597288132,0.9250749349594116,0.717471718788147
YPR140W,YBR041W,0,-0.5914352,0.11430687457323074,0.9250749349594116,0.7175717353820801
YPL242C,YDR115W,0,-0.59174144,0.11429277062416077,0.9250749349594116,0.7176717519760132
YBR173C,YIL088C,0,-0.59221107,0.11427865922451019,0.9250749349594116,0.7177717685699463
YMR217W,YER172C,0,-0.5925751,0.11426456272602081,0.9250749349594116,0.7178717851638794
YDL225W,YPR072W,0,-0.59259635,0.11425046622753143,0.9250749349594116,0.7179718017578125
YHR128W,YLL011W,0,-0.59303075,0.11423636972904205,0.9250749349594116,0.7180718183517456
YGR026W,YNL310C,0,-0.5933988,0.11422228068113327,0.9250749349594116,0.7181718349456787
YLR278C,YPL015C,0,-0.59362054,0.11420819163322449,0.9250749349594116,0.7182718515396118
YGR048W,YJL166W,0,-0.5936258,0.1141941025853157,0.9250749349594116,0.7183718085289001
YDR167W,YJL139C,0,-0.5944243,0.11418002098798752,0.9250749349594116,0.7184718251228333
YHR206W,YAL014C,0,-0.5944387,0.11416594684123993,0.9250749349594116,0.7185718417167664
YMR293C,YLR438C-A,0,-0.5948554,0.11415187269449234,0.9250749349594116,0.7186718583106995
YBR207W,YKR028W,0,-0.5951938,0.11413780599832535,0.9250749349594116,0.7187718749046326
YMR164C,YOR032C,1,-0.59531415,0.11424697935581207,0.9260739088058472,0.7187718749046326
YNR049C,YJL113W,0,-0.5953932,0.11423290520906448,0.9260739088058472,0.7188718914985657
YDR030C,YIL132C,0,-0.59556544,0.1142188236117363,0.9260739088058472,0.7189719080924988
YLL017W,YBR030W,0,-0.59588933,0.1142047569155693,0.9260739088058472,0.7190719246864319
YGL113W,YDR420W,0,-0.59612966,0.11419069021940231,0.9260739088058472,0.719171941280365
YDR392W,YIR019C,1,-0.59639364,0.11429978907108307,0.9270729422569275,0.719171941280365
YGR056W,YDR242W,0,-0.5972188,0.11428571492433548,0.9270729422569275,0.7192718982696533
YML112W,YGL020C,0,-0.59748405,0.11427164077758789,0.9270729422569275,0.7193719148635864
YMR127C,YCL020W,0,-0.597695,0.1142575740814209,0.9270729422569275,0.7194719314575195
YDR248C,YGR074W,0,-0.59789723,0.1142435073852539,0.9270729422569275,0.7195719480514526
YBR231C,YOR030W,0,-0.59809524,0.11422944068908691,0.9270729422569275,0.7196719646453857
YGR157W,YNR035C,0,-0.5982296,0.11421538144350052,0.9270729422569275,0.7197719812393188
YOR007C,YAR050W,0,-0.59878886,0.11420132964849472,0.9270729422569275,0.719871997833252
YLL012W,YCR033W,0,-0.59898,0.11418727785348892,0.9270729422569275,0.7199720144271851
YOR255W,YLR240W,0,-0.5991779,0.11417322605848312,0.9270729422569275,0.7200720310211182
YDR151C,YMR244C-A,0,-0.5997839,0.11415918171405792,0.9270729422569275,0.7201719880104065
YLR356W,YBR229C,0,-0.60010564,0.11414514482021332,0.9270729422569275,0.7202720046043396
YOL093W,YOR143C,0,-0.6009992,0.11413110047578812,0.9270729422569275,0.7203720211982727
YMR221C,YBR182C,0,-0.6013415,0.11411707103252411,0.9270729422569275,0.7204720377922058
YOR159C,YDR083W,0,-0.6017217,0.1141030341386795,0.9270729422569275,0.7205720543861389
YNL191W,YPL183W-A,0,-0.6020615,0.1140890121459961,0.9270729422569275,0.720672070980072
YBR294W,YGR101W,0,-0.6020753,0.11407498270273209,0.9270729422569275,0.7207720875740051
YJR057W,YJL203W,0,-0.60312736,0.11406096071004868,0.9270729422569275,0.7208721041679382
YPR001W,YCL066W,0,-0.60340106,0.11404694616794586,0.9270729422569275,0.7209721207618713
YMR127C,YGL212W,0,-0.6034341,0.11403293162584305,0.9270729422569275,0.7210720777511597
YML129C,YDR182W,0,-0.6035715,0.11401892453432083,0.9270729422569275,0.7211720943450928
YNL138W,YDL035C,1,-0.6038073,0.1141277626156807,0.928071916103363,0.7211720943450928
YKL158W,YMR112C,0,-0.60443014,0.11411374807357788,0.928071916103363,0.7212721109390259
YMR167W,YPL281C,0,-0.6045935,0.11409972608089447,0.928071916103363,0.721372127532959
YPL088W,YOL092W,0,-0.6051885,0.11408571898937225,0.928071916103363,0.7214721441268921
YLR244C,YOR058C,0,-0.60528964,0.11407171189785004,0.928071916103363,0.7215721607208252
YCR028C-A,YMR150C,0,-0.6062003,0.11405770480632782,0.928071916103363,0.7216721773147583
YGL180W,YOR279C,0,-0.606879,0.1140437051653862,0.928071916103363,0.7217721939086914
YJR095W,YDR484W,0,-0.6069075,0.11402970552444458,0.928071916103363,0.7218722105026245
YPL023C,YOR389W,0,-0.6072462,0.11401570588350296,0.928071916103363,0.7219721674919128
YDR044W,YJL115W,0,-0.6073593,0.11400172114372253,0.928071916103363,0.722072184085846
YDR013W,YOR278W,0,-0.60829777,0.11398772895336151,0.928071916103363,0.722172200679779
YDR120C,YBL009W,0,-0.60846007,0.11397374421358109,0.928071916103363,0.7222722172737122
YOL141W,YPL096C-A,0,-0.6087798,0.11395976692438126,0.928071916103363,0.7223722338676453
YFR044C,YCR070W,0,-0.6092263,0.11394578963518143,0.928071916103363,0.7224722504615784
YLR320W,YBR136W,0,-0.6097698,0.1139318123459816,0.928071916103363,0.7225722670555115
YDR306C,YGR261C,0,-0.61004186,0.11391784250736237,0.928071916103363,0.7226722836494446
YOR389W,YCL011C,0,-0.6101389,0.11390387266874313,0.928071916103363,0.7227723002433777
YLR306W,YAL031C,0,-0.61040795,0.1138899102807045,0.928071916103363,0.7228723168373108
YLL003W,YLR272C,0,-0.61063397,0.11387594789266586,0.928071916103363,0.7229722738265991
YDR462W,YOR315W,0,-0.6110162,0.11386199295520782,0.928071916103363,0.7230722904205322
YMR097C,YEL069C,0,-0.61190224,0.11384803801774979,0.928071916103363,0.7231723070144653
YJR076C,YBR098W,0,-0.6123265,0.11383409053087234,0.928071916103363,0.7232723236083984
YFL047W,YJL189W,0,-0.61243546,0.1138201430439949,0.928071916103363,0.7233723402023315
YER160C,YHR019C,0,-0.6142509,0.11380619555711746,0.928071916103363,0.7234723567962646
YBR152W,YML039W,0,-0.61432326,0.11379225552082062,0.928071916103363,0.7235723733901978
YDR351W,YDR310C,0,-0.61450887,0.11377832293510437,0.928071916103363,0.7236723899841309
YNR021W,YNL307C,0,-0.6158146,0.11376439034938812,0.928071916103363,0.723772406578064
YDR341C,YGR203W,0,-0.6159297,0.11375045776367188,0.928071916103363,0.7238723635673523
YNL147W,YCR003W,0,-0.616277,0.11373653262853622,0.928071916103363,0.7239723801612854
YER036C,YOR133W,0,-0.61655164,0.11372260749340057,0.928071916103363,0.7240723967552185
YCL075W,YGL203C,0,-0.61687464,0.11370868980884552,0.928071916103363,0.7241724133491516
YCL019W,YNL047C,0,-0.61810255,0.11369477212429047,0.928071916103363,0.7242724299430847
YDL217C,YDR531W,0,-0.6185839,0.11368086189031601,0.928071916103363,0.7243724465370178
YMR014W,YMR224C,0,-0.61903185,0.11366695165634155,0.928071916103363,0.7244724631309509
YGR195W,YNL261W,0,-0.619277,0.11365304887294769,0.928071916103363,0.724572479724884
YLR320W,YKL183W,0,-0.61951613,0.11363914608955383,0.928071916103363,0.7246724963188171
YDR226W,YDR518W,0,-0.61971796,0.11362524330615997,0.928071916103363,0.7247724533081055
YBR080C,YDR258C,0,-0.61983395,0.11361134797334671,0.928071916103363,0.7248724699020386
YPL069C,YNL323W,0,-0.6201018,0.11359746009111404,0.928071916103363,0.7249724864959717
YOR067C,YCL057C-A,0,-0.620105,0.11358356475830078,0.928071916103363,0.7250725030899048
YPL072W,YFR042W,0,-0.6207701,0.11356968432664871,0.928071916103363,0.7251725196838379
YMR257C,YBL010C,0,-0.6213881,0.11355579644441605,0.928071916103363,0.725272536277771
YDL084W,YML081C-A,0,-0.62157655,0.11354192346334457,0.928071916103363,0.7253725528717041
YOR224C,YDR311W,0,-0.62183136,0.1135280430316925,0.928071916103363,0.7254725694656372
YPR021C,YJR077C,0,-0.6221817,0.11351417750120163,0.928071916103363,0.7255725860595703
YDL030W,YPR075C,0,-0.6223691,0.11350030452013016,0.928071916103363,0.7256725430488586
YOR269W,YGR095C,0,-0.6225529,0.11348643898963928,0.928071916103363,0.7257725596427917
YJR060W,YJL028W,0,-0.6227832,0.113472580909729,0.928071916103363,0.7258725762367249
YHR032W,YLR341W,0,-0.6233915,0.11345872282981873,0.928071916103363,0.725972592830658
YMR272C,YHR021C,0,-0.6235229,0.11344486474990845,0.928071916103363,0.7260726094245911
YGR054W,YLR285W,0,-0.62476104,0.11343101412057877,0.928071916103363,0.7261726260185242
YML034W,YDR362C,0,-0.626225,0.11341716349124908,0.928071916103363,0.7262726426124573
YLR398C,YNL310C,0,-0.62742853,0.1134033203125,0.928071916103363,0.7263726592063904
YGR180C,YCR066W,0,-0.6281646,0.11338947713375092,0.928071916103363,0.7264726758003235
YDR113C,YBR294W,0,-0.62816983,0.11337564140558243,0.928071916103363,0.7265726327896118
YGL040C,YMR045C,0,-0.6282078,0.11336180567741394,0.928071916103363,0.7266726493835449
YDR013W,YDR265W,0,-0.6282344,0.11334797739982605,0.928071916103363,0.726772665977478
YNR061C,YDR266C,0,-0.6282786,0.11333414912223816,0.928071916103363,0.7268726825714111
YNL064C,YOR246C,0,-0.6283685,0.11332032084465027,0.928071916103363,0.7269726991653442
YBR199W,YMR150C,0,-0.62837815,0.11330650001764297,0.928071916103363,0.7270727157592773
YER108C,YNL119W,1,-0.62861264,0.11341463774442673,0.9290709495544434,0.7270727157592773
YBR158W,YMR122W-A,0,-0.62913585,0.11340080201625824,0.9290709495544434,0.7271727323532104
YKR003W,YOL133W,0,-0.62999713,0.11338698118925095,0.9290709495544434,0.7272727489471436
YBR170C,YMR169C,0,-0.6314453,0.11337315291166306,0.9290709495544434,0.7273727655410767
YHR178W,YPL099C,0,-0.631648,0.11335933953523636,0.9290709495544434,0.727472722530365
YNL147W,YGL227W,0,-0.6329119,0.11334551870822906,0.9290709495544434,0.7275727391242981
YOR367W,YDR283C,0,-0.63308847,0.11333170533180237,0.9290709495544434,0.7276727557182312
YJL145W,YFL013C,0,-0.633513,0.11331789940595627,0.9290709495544434,0.7277727723121643
YCL075W,YOR384W,0,-0.63396484,0.11330409348011017,0.9290709495544434,0.7278727889060974
YFL055W,YGL095C,0,-0.6340109,0.11329028755426407,0.9290709495544434,0.7279728055000305
YLR242C,YMR117C,0,-0.63401437,0.11327648907899857,0.9290709495544434,0.7280728220939636
YOL053C-A,YDL239C,0,-0.634416,0.11326269805431366,0.9290709495544434,0.7281728386878967
YHL044W,YJR159W,0,-0.6352973,0.11324890702962875,0.9290709495544434,0.7282728552818298
YKL158W,YGL163C,0,-0.6357001,0.11323511600494385,0.9290709495544434,0.7283728122711182
YNL134C,YLL039C,0,-0.6357031,0.11322133243083954,0.9290709495544434,0.7284728288650513
YOR148C,YPL086C,0,-0.6357832,0.11320754885673523,0.9290709495544434,0.7285728454589844
YMR188C,YDR071C,0,-0.635834,0.11319376528263092,0.9290709495544434,0.7286728620529175
YCR020W-B,YDL014W,0,-0.6360254,0.11317998915910721,0.9290709495544434,0.7287728786468506
YHR211W,YOL158C,0,-0.6361629,0.11316622048616409,0.9290709495544434,0.7288728952407837
YDR097C,YDR214W,0,-0.6363786,0.11315245181322098,0.9290709495544434,0.7289729118347168
YLR113W,YJR161C,0,-0.636467,0.11313868314027786,0.9290709495544434,0.7290729284286499
YGR271C-A,YCL060C,0,-0.6367358,0.11312492191791534,0.9290709495544434,0.729172945022583
YBL028C,YBR158W,0,-0.6367694,0.11311116814613342,0.9290709495544434,0.7292729020118713
YLR028C,YPL095C,0,-0.63715994,0.1130974069237709,0.9290709495544434,0.7293729186058044
YPL148C,YPR189W,0,-0.6371682,0.11308366060256958,0.9290709495544434,0.7294729351997375
YHR188C,YBR018C,0,-0.6397336,0.11306990683078766,0.9290709495544434,0.7295729517936707
YLL008W,YPL208W,0,-0.63974404,0.11305616050958633,0.9290709495544434,0.7296729683876038
YMR302C,YBR253W,0,-0.6403605,0.1130424216389656,0.9290709495544434,0.7297729849815369
YOR233W,YNR027W,0,-0.6420156,0.11302868276834488,0.9290709495544434,0.72987300157547
YOR201C,YFL041W,0,-0.6427517,0.11301494389772415,0.9290709495544434,0.7299730181694031
YIL138C,YDL028C,0,-0.64285135,0.11300121247768402,0.9290709495544434,0.7300730347633362
YKR013W,YJL225C,0,-0.64327204,0.11298748850822449,0.9290709495544434,0.7301729917526245
YKL097W-A,YBL060W,0,-0.64362377,0.11297376453876495,0.9290709495544434,0.7302730083465576
YMR114C,YNL308C,0,-0.64378726,0.11296004056930542,0.9290709495544434,0.7303730249404907
YDL159W,YJR153W,1,-0.6440879,0.11306776851415634,0.9300699234008789,0.7303730249404907
YML110C,YDR421W,0,-0.6445493,0.11305403709411621,0.9300699234008789,0.7304730415344238
YOR043W,YNL257C,0,-0.64467585,0.11304031312465668,0.9300699234008789,0.7305730581283569
YFR007W,YJL144W,0,-0.64473957,0.11302658915519714,0.9300699234008789,0.73067307472229
YNL232W,YBR215W,0,-0.64505625,0.11301286518573761,0.9300699234008789,0.7307730913162231
YER004W,YLR127C,0,-0.64509434,0.11299914866685867,0.9300699234008789,0.7308731079101562
YGL125W,YHL013C,0,-0.6455344,0.11298543959856033,0.9300699234008789,0.7309731245040894
YCR054C,YOR039W,0,-0.6458838,0.1129717230796814,0.9300699234008789,0.7310730814933777
YMR198W,YDR488C,0,-0.6461574,0.11295802146196365,0.9300699234008789,0.7311730980873108
YJL030W,YNL206C,0,-0.6466533,0.11294431984424591,0.9300699234008789,0.7312731146812439
YDR170C,YOL049W,0,-0.6485404,0.11293061822652817,0.9300699234008789,0.731373131275177
YPR035W,YOR194C,0,-0.6488671,0.11291691660881042,0.9300699234008789,0.7314731478691101
YJR113C,YPL088W,0,-0.65023947,0.11290322244167328,0.9300699234008789,0.7315731644630432
YPR094W,YBL055C,0,-0.65047956,0.11288953572511673,0.9300699234008789,0.7316731810569763
YGR275W,YMR071C,0,-0.6506,0.11287584900856018,0.9300699234008789,0.7317731976509094
YDR081C,YER007W,0,-0.65094024,0.11286216229200363,0.9300699234008789,0.7318732142448425
YLR028C,YIR017C,0,-0.6511208,0.11284848302602768,0.9300699234008789,0.7319731712341309
YER109C,YKL149C,1,-0.6512145,0.11295600235462189,0.9310689568519592,0.7319731712341309
YHR164C,YPL104W,0,-0.65157515,0.11294231563806534,0.9310689568519592,0.732073187828064
YGR076C,YPR181C,0,-0.6517606,0.11292862892150879,0.9310689568519592,0.7321732044219971
YJL063C,YPR124W,0,-0.65219486,0.11291494965553284,0.9310689568519592,0.7322732210159302
YKL119C,YLR427W,0,-0.6533314,0.11290127038955688,0.9310689568519592,0.7323732376098633
YDR477W,YHR073W,1,-0.6535399,0.11300872266292572,0.9320679306983948,0.7323732376098633
YGR014W,YIR018W,0,-0.65409946,0.11299503594636917,0.9320679306983948,0.7324732542037964
YGL222C,YAL020C,0,-0.6542174,0.11298134922981262,0.9320679306983948,0.7325732707977295
YHR115C,YOR194C,0,-0.65423167,0.11296766996383667,0.9320679306983948,0.7326732873916626
YPR023C,YIR035C,0,-0.65423894,0.11295399814844131,0.9320679306983948,0.7327733039855957
YER001W,YPL113C,0,-0.65479624,0.11294031888246536,0.9320679306983948,0.732873260974884
YPL226W,YNL106C,0,-0.6548244,0.1129266545176506,0.9320679306983948,0.7329732775688171
YOL103W,YNL148C,0,-0.65498865,0.11291298270225525,0.9320679306983948,0.7330732941627502
YIL031W,YOR214C,0,-0.6552294,0.11289932578802109,0.9320679306983948,0.7331733107566833
YJL073W,YER162C,0,-0.65532637,0.11288566142320633,0.9320679306983948,0.7332733273506165
YPL242C,YPL017C,0,-0.65537536,0.11287200450897217,0.9320679306983948,0.7333733439445496
YBL023C,YDR139C,0,-0.65579456,0.1128583550453186,0.9320679306983948,0.7334733605384827
YNL218W,YOL019W,0,-0.6564476,0.11284470558166504,0.9320679306983948,0.7335733771324158
YKR101W,YFR028C,0,-0.6574278,0.11283105611801147,0.9320679306983948,0.7336733937263489
YBL036C,YPL106C,0,-0.65754807,0.11281741410493851,0.9320679306983948,0.7337733507156372
YBR271W,YHR172W,0,-0.6576565,0.11280377209186554,0.9320679306983948,0.7338733673095703
YBR055C,YKL084W,0,-0.65774745,0.11279013752937317,0.9320679306983948,0.7339733839035034
YMR019W,YHR175W,0,-0.65775687,0.1127765029668808,0.9320679306983948,0.7340734004974365
YER087C-B,YDR446W,0,-0.6579965,0.11276286840438843,0.9320679306983948,0.7341734170913696
YDR443C,YDR279W,0,-0.65831876,0.11274924129247665,0.9320679306983948,0.7342734336853027
YDL214C,YNL148C,0,-0.658588,0.11273562163114548,0.9320679306983948,0.7343734502792358
YDR081C,YHR168W,0,-0.6587572,0.1127220019698143,0.9320679306983948,0.734473466873169
YER112W,YGR071C,0,-0.6595215,0.11270838230848312,0.9320679306983948,0.734573483467102
YNL298W,YLR312C-B,1,-0.65971166,0.11281555891036987,0.9330669045448303,0.734573483467102
YLR383W,YGL013C,0,-0.66011643,0.1128019317984581,0.9330669045448303,0.7346734404563904
YMR109W,YLR427W,0,-0.6604712,0.11278831213712692,0.9330669045448303,0.7347734570503235
YPL237W,YAL035W,0,-0.66093266,0.11277469247579575,0.9330669045448303,0.7348734736442566
YGL113W,YGL136C,0,-0.6620327,0.11276108026504517,0.9330669045448303,0.7349734902381897
YDR522C,YER087C-A,0,-0.66206753,0.11274746805429459,0.9330669045448303,0.7350735068321228
YCR081W,YJR010C-A,0,-0.66261643,0.112733855843544,0.9330669045448303,0.7351735234260559
YMR034C,YIR014W,0,-0.6626252,0.11272025108337402,0.9330669045448303,0.735273540019989
YBR061C,YOR317W,0,-0.6626556,0.11270664632320404,0.9330669045448303,0.7353735566139221
YBL006C,YOR147W,0,-0.66280687,0.11269304901361465,0.9330669045448303,0.7354735732078552
YDR143C,YIL143C,0,-0.6628925,0.11267945170402527,0.9330669045448303,0.7355735301971436
YKL167C,YJL029C,0,-0.66417503,0.11266586184501648,0.9330669045448303,0.7356735467910767
YER003C,YKL199C,0,-0.664207,0.11265227198600769,0.9330669045448303,0.7357735633850098
YKL097W-A,YJL116C,0,-0.66484153,0.1126386895775795,0.9330669045448303,0.7358735799789429
YHL018W,YPL111W,0,-0.665044,0.1126251071691513,0.9330669045448303,0.735973596572876
YDR443C,YIL002C,0,-0.6653898,0.11261152476072311,0.9330669045448303,0.7360736131668091
YDL097C,YOL077W-A,0,-0.6662951,0.11259794980287552,0.9330669045448303,0.7361736297607422
YBR274W,YDL245C,0,-0.6665547,0.11258437484502792,0.9330669045448303,0.7362736463546753
YPL096C-A,YNR050C,0,-0.66674167,0.11257080733776093,0.9330669045448303,0.7363736629486084
YNL085W,YNR045W,0,-0.6669266,0.11255723983049393,0.9330669045448303,0.7364736199378967
YPL051W,YGL145W,0,-0.6674007,0.11254367977380753,0.9330669045448303,0.7365736365318298
YDR026C,YDR099W,0,-0.66854644,0.11253011971712112,0.9330669045448303,0.7366736531257629
YMR316W,YOR030W,1,-0.6698872,0.11263702809810638,0.9340659379959106,0.7366736531257629
YOL062C,YPL231W,0,-0.67133904,0.11262346059083939,0.9340659379959106,0.736773669719696
YML087C,YDR283C,0,-0.6718906,0.11260990053415298,0.9340659379959106,0.7368736863136292
YER022W,YLR148W,0,-0.67373836,0.11259634047746658,0.9340659379959106,0.7369737029075623
YDR452W,YDR349C,0,-0.67564994,0.11258278042078018,0.9340659379959106,0.7370737195014954
YPL030W,YKL209C,0,-0.6761485,0.11256922781467438,0.9340659379959106,0.7371737360954285
YMR199W,YCL060C,0,-0.67739886,0.11255567520856857,0.9340659379959106,0.7372737526893616
YKR065C,YBR056W,0,-0.6784114,0.11254213005304337,0.9340659379959106,0.7373737096786499
YPR066W,YNL291C,0,-0.6786462,0.11252858489751816,0.9340659379959106,0.737473726272583
YGL022W,YHR003C,0,-0.67922413,0.11251503974199295,0.9340659379959106,0.7375737428665161
YAL041W,YLR313C,1,-0.6797274,0.11262182891368866,0.9350649118423462,0.7375737428665161
YDL132W,YJL014W,0,-0.67978156,0.11260827630758286,0.9350649118423462,0.7376737594604492
YML040W,YDL036C,0,-0.6800079,0.11259473115205765,0.9350649118423462,0.7377737760543823
YJL051W,YNR021W,0,-0.6805792,0.11258118599653244,0.9350649118423462,0.7378737926483154
YBL100W-A,YOR234C,0,-0.6808856,0.11256764829158783,0.9350649118423462,0.7379738092422485
YNL223W,YOR292C,0,-0.68097246,0.11255411058664322,0.9350649118423462,0.7380738258361816
YBR235W,YEL053C,0,-0.6809809,0.1125405803322792,0.9350649118423462,0.7381738424301147
YKR061W,YPL048W,0,-0.68101054,0.11252705007791519,0.9350649118423462,0.7382737994194031
YJL103C,YCR072C,0,-0.68116665,0.11251351982355118,0.9350649118423462,0.7383738160133362
YOR317W,YOL052C,0,-0.68222344,0.11249999701976776,0.9350649118423462,0.7384738326072693
YKR067W,YNR040W,0,-0.6822545,0.11248648166656494,0.9350649118423462,0.7385738492012024
YMR247C,YOL112W,0,-0.68274426,0.11247296631336212,0.9350649118423462,0.7386738657951355
YOL136C,YER054C,0,-0.68357027,0.1124594509601593,0.9350649118423462,0.7387738823890686
YPL271W,YGL060W,0,-0.6840555,0.11244594305753708,0.9350649118423462,0.7388738989830017
YCL036W,YDR329C,0,-0.6846149,0.11243243515491486,0.9350649118423462,0.7389739155769348
YAL014C,YNL267W,0,-0.6847904,0.11241892725229263,0.9350649118423462,0.7390739321708679
YIL113W,YCR043C,0,-0.68496937,0.11240542680025101,0.9350649118423462,0.7391738891601562
YNL272C,YNL079C,0,-0.68573534,0.11239193379878998,0.9350649118423462,0.7392739057540894
YJR153W,YHR073W,1,-0.68586063,0.11249849945306778,0.9360639452934265,0.7392739057540894
YKL124W,YJL160C,0,-0.686069,0.11248499155044556,0.9360639452934265,0.7393739223480225
YHR005C-A,YCR081W,0,-0.6864337,0.11247149109840393,0.9360639452934265,0.7394739389419556
YML010W,YOR100C,0,-0.6869677,0.1124579906463623,0.9360639452934265,0.7395739555358887
YOR367W,YLL033W,0,-0.6878572,0.11244449764490128,0.9360639452934265,0.7396739721298218
YGR288W,YIR006C,0,-0.6882955,0.11243100464344025,0.9360639452934265,0.7397739887237549
YOR074C,YGL145W,0,-0.688535,0.11241751909255981,0.9360639452934265,0.739874005317688
YGL044C,YHR102W,0,-0.68880755,0.11240403354167938,0.9360639452934265,0.7399740219116211
YHR156C,YMR214W,0,-0.68907124,0.11239054799079895,0.9360639452934265,0.7400739789009094
YER109C,YHR084W,1,-0.69012505,0.1124970018863678,0.9370629191398621,0.7400739789009094
YMR134W,YPL046C,0,-0.690374,0.11248350888490677,0.9370629191398621,0.7401739954948425
YBR239C,YMR042W,0,-0.6905439,0.11247002333402634,0.9370629191398621,0.7402740120887756
YLL021W,YPL021W,1,-0.6910703,0.1125764325261116,0.9380619525909424,0.7402740120887756
YJR129C,YMR022W,0,-0.6910901,0.11256293207406998,0.9380619525909424,0.7403740286827087
YDL067C,YOL137W,0,-0.6917958,0.11254943907260895,0.9380619525909424,0.7404740452766418
YLR430W,YBL042C,0,-0.6920121,0.11253595352172852,0.9380619525909424,0.740574061870575
YBR129C,YCR089W,0,-0.6925359,0.11252246797084808,0.9380619525909424,0.7406740784645081
YMR268W-A,YGR020C,0,-0.69274664,0.11250898987054825,0.9380619525909424,0.7407740950584412
YPR025C,YML009C,0,-0.6930801,0.11249550431966782,0.9380619525909424,0.7408741116523743
YKL216W,YBR215W,0,-0.69324905,0.11248203366994858,0.9380619525909424,0.7409740686416626
YML080W,YGL122C,0,-0.69337314,0.11246855556964874,0.9380619525909424,0.7410740852355957
YNL075W,YMR080C,0,-0.69360995,0.1124550923705101,0.9380619525909424,0.7411741018295288
YJL149W,YDR540C,0,-0.69408566,0.11244162172079086,0.9380619525909424,0.7412741184234619
YDR155C,YPR165W,0,-0.69412446,0.11242815852165222,0.9380619525909424,0.741374135017395
YOL101C,YOL075C,0,-0.6947011,0.11241470277309418,0.9380619525909424,0.7414741516113281
YGR276C,YOL115W,0,-0.6950738,0.11240124702453613,0.9380619525909424,0.7415741682052612
YDR443C,YLR045C,0,-0.6955142,0.11238779127597809,0.9380619525909424,0.7416741847991943
YMR284W,YGR223C,0,-0.69563925,0.11237434297800064,0.9380619525909424,0.7417742013931274
YKL108W,YHL047C,0,-0.69589806,0.1123608946800232,0.9380619525909424,0.7418741583824158
YPL150W,YMR128W,0,-0.696769,0.11234745383262634,0.9380619525909424,0.7419741749763489
YDL064W,YMR078C,0,-0.6970322,0.11233401298522949,0.9380619525909424,0.742074191570282
YAL058W,YKL173W,0,-0.6970862,0.11232057213783264,0.9380619525909424,0.7421742081642151
YDR026C,YPL045W,0,-0.6972655,0.11230713874101639,0.9380619525909424,0.7422742247581482
YFL066C,YJL025W,0,-0.6983013,0.11229371279478073,0.9380619525909424,0.7423742413520813
YKL161C,YJR090C,0,-0.6987988,0.11228027939796448,0.9380619525909424,0.7424742579460144
YHR017W,YLR314C,0,-0.69901025,0.11226686090230942,0.9380619525909424,0.7425742745399475
YNR040W,YLR024C,0,-0.69903,0.11225343495607376,0.9380619525909424,0.7426742911338806
YGR090W,YDR362C,0,-0.6994049,0.1122400164604187,0.9380619525909424,0.742774248123169
YAR071W,YDR090C,0,-0.6995722,0.11222660541534424,0.9380619525909424,0.742874264717102
YOL157C,YIL160C,0,-0.6998559,0.11221319437026978,0.9380619525909424,0.7429742813110352
YNR046W,YLR057W,0,-0.7001872,0.11219978332519531,0.9380619525909424,0.7430742979049683
YIL078W,YBR139W,0,-0.7003926,0.11218637973070145,0.9380619525909424,0.7431743144989014
YLR449W,YCR039C,0,-0.700545,0.11217297613620758,0.9380619525909424,0.7432743310928345
YNL014W,YPR168W,0,-0.70101184,0.11215957999229431,0.9380619525909424,0.7433743476867676
YGL220W,YBR231C,0,-0.7027352,0.11214618384838104,0.9380619525909424,0.7434743642807007
YML118W,YIL136W,0,-0.7030382,0.11213279515504837,0.9380619525909424,0.7435743808746338
YOR362C,YKR002W,0,-0.7032492,0.1121194064617157,0.9380619525909424,0.7436743378639221
YKL181W,YDR291W,0,-0.703839,0.11210601776838303,0.9380619525909424,0.7437743544578552
YOL157C,YDR329C,0,-0.7039077,0.11209263652563095,0.9380619525909424,0.7438743710517883
YOR285W,YDL180W,0,-0.7040483,0.11207925528287888,0.9380619525909424,0.7439743876457214
YOR317W,YPL148C,0,-0.7042258,0.1120658814907074,0.9380619525909424,0.7440744042396545
YOL127W,YBL093C,0,-0.7046733,0.11205250769853592,0.9380619525909424,0.7441744208335876
YDR104C,YKR090W,0,-0.70473164,0.11203913390636444,0.9380619525909424,0.7442744374275208
YGR054W,YGL183C,0,-0.7048428,0.11202576756477356,0.9380619525909424,0.7443744540214539
YGR006W,YLR446W,0,-0.70521045,0.11201240867376328,0.9380619525909424,0.744474470615387
YJR026W,YGL059W,0,-0.70744324,0.1119990423321724,0.9380619525909424,0.7445744872093201
YJL200C,YMR172W,0,-0.7075543,0.1119856908917427,0.9380619525909424,0.7446744441986084
YLR119W,YBR302C,0,-0.70788115,0.11197233200073242,0.9380619525909424,0.7447744607925415
YDR018C,YHR011W,0,-0.7083392,0.11195898056030273,0.9380619525909424,0.7448744773864746
YFL054C,YCR077C,0,-0.7086079,0.11194563657045364,0.9380619525909424,0.7449744939804077
YLR242C,YOR073W,0,-0.70946705,0.11193229258060455,0.9380619525909424,0.7450745105743408
YKL193C,YMR017W,0,-0.7103188,0.11191894859075546,0.9380619525909424,0.7451745271682739
YBR278W,YMR263W,0,-0.7108071,0.11190561205148697,0.9380619525909424,0.745274543762207
YDL192W,YPR137W,0,-0.711244,0.11189227551221848,0.9380619525909424,0.7453745603561401
YER137C,YBR103W,0,-0.71138996,0.11187894642353058,0.9380619525909424,0.7454745769500732
YDR453C,YMR025W,0,-0.71144235,0.11186561733484268,0.9380619525909424,0.7455745339393616
YDR311W,YDL084W,0,-0.71184325,0.11185229569673538,0.9380619525909424,0.7456745505332947
YMR295C,YOR115C,0,-0.71189356,0.11183897405862808,0.9380619525909424,0.7457745671272278
YMR309C,YGL023C,0,-0.71197134,0.11182565242052078,0.9380619525909424,0.7458745837211609
YHR034C,YGR116W,0,-0.7126001,0.11181233823299408,0.9380619525909424,0.745974600315094
YKL218C,YCL062W,0,-0.712767,0.11179902404546738,0.9380619525909424,0.7460746169090271
YHR132C,YML007W,0,-0.71280026,0.11178571730852127,0.9380619525909424,0.7461746335029602
YKL181W,YPL119C,0,-0.7145392,0.11177241057157516,0.9380619525909424,0.7462746500968933
YDL188C,YKL170W,0,-0.71499294,0.11175910383462906,0.9380619525909424,0.7463746666908264
YEL061C,YER164W,0,-0.7151774,0.11174580454826355,0.9380619525909424,0.7464746236801147
YGR068C,YPL012W,0,-0.7152729,0.11173250526189804,0.9380619525909424,0.7465746402740479
YMR268W-A,YER173W,0,-0.7154922,0.11171921342611313,0.9380619525909424,0.746674656867981
YDL024C,YHR084W,1,-0.71590203,0.1118248850107193,0.9390609264373779,0.746674656867981
YAR044W,YFL001W,0,-0.7160951,0.11181158572435379,0.9390609264373779,0.7467746734619141
YOR261C,YML018C,0,-0.7164885,0.11179828643798828,0.9390609264373779,0.7468746900558472
YDL028C,YER183C,0,-0.7170458,0.11178499460220337,0.9390609264373779,0.7469747066497803
YHR073W,YKL149C,1,-0.71709484,0.11189060658216476,0.9400599598884583,0.7469747066497803
YJL159W,YGL095C,0,-0.71752936,0.11187729984521866,0.9400599598884583,0.7470747232437134
YBR288C,YDR073W,0,-0.71791416,0.11186400055885315,0.9400599598884583,0.7471747398376465
YML062C,YIL142W,0,-0.7180381,0.11185070872306824,0.9400599598884583,0.7472747564315796
YMR019W,YKL137W,0,-0.7182245,0.11183741688728333,0.9400599598884583,0.7473747134208679
YOR147W,YMR162C,0,-0.7182738,0.11182412505149841,0.9400599598884583,0.747474730014801
YDR418W,YHL024W,0,-0.71847385,0.1118108332157135,0.9400599598884583,0.7475747466087341
YLR343W,YKR045C,0,-0.7185862,0.11179755628108978,0.9400599598884583,0.7476747632026672
YLR069C,YNL322C,0,-0.7192039,0.11178427189588547,0.9400599598884583,0.7477747797966003
YML087C,YLR183C,0,-0.7197779,0.11177099496126175,0.9400599598884583,0.7478747963905334
YBL069W,YLL032C,0,-0.719881,0.11175771802663803,0.9400599598884583,0.7479748129844666
YDR524C,YHR003C,0,-0.71988916,0.11174444854259491,0.9400599598884583,0.7480748295783997
YGL185C,YOR085W,0,-0.7200755,0.11173117905855179,0.9400599598884583,0.7481748461723328
YMR164C,YDR056C,0,-0.7204158,0.11171791702508926,0.9400599598884583,0.7482748031616211
YNR004W,YGR169C,0,-0.7209958,0.11170465499162674,0.9400599598884583,0.7483748197555542
YGR171C,YDR503C,0,-0.72099996,0.11169139295816422,0.9400599598884583,0.7484748363494873
YHR147C,YCR093W,0,-0.72179806,0.11167813837528229,0.9400599598884583,0.7485748529434204
YNL050C,YOR337W,0,-0.7220165,0.11166488379240036,0.9400599598884583,0.7486748695373535
YER160C,YGL002W,0,-0.72226924,0.11165163666009903,0.9400599598884583,0.7487748861312866
YDL058W,YNR010W,0,-0.7225776,0.1116383895277977,0.9400599598884583,0.7488749027252197
YLR106C,YCR066W,0,-0.72312737,0.11162514984607697,0.9400599598884583,0.7489749193191528
YGL079W,YIL115C,0,-0.7232591,0.11161191016435623,0.9400599598884583,0.7490749359130859
YCL045C,YLR246W,0,-0.7247527,0.1115986704826355,0.9400599598884583,0.7491748929023743
YAL017W,YLR408C,0,-0.7248533,0.11158543825149536,0.9400599598884583,0.7492749094963074
YKL206C,YDR400W,0,-0.72548425,0.11157220602035522,0.9400599598884583,0.7493749260902405
YNL231C,YDL132W,0,-0.72568154,0.11155898123979568,0.9400599598884583,0.7494749426841736
YOR367W,YHR072W-A,0,-0.7259467,0.11154575645923615,0.9400599598884583,0.7495749592781067
YBR040W,YPL202C,0,-0.72657156,0.1115325316786766,0.9400599598884583,0.7496749758720398
YCR048W,YLR207W,0,-0.72700495,0.11151931434869766,0.9400599598884583,0.7497749924659729
YML099C,YNL159C,0,-0.7271012,0.11150610446929932,0.9400599598884583,0.749875009059906
YJL118W,YGR108W,0,-0.7276764,0.11149289458990097,0.9400599598884583,0.7499750256538391
YLL002W,YIL042C,0,-0.72773397,0.11147968471050262,0.9400599598884583,0.7500749826431274
YLR418C,YMR306W,0,-0.72810185,0.11146647483110428,0.9400599598884583,0.7501749992370605
YKL090W,YLR306W,0,-0.7282301,0.11145327240228653,0.9400599598884583,0.7502750158309937
YOR190W,YBL099W,0,-0.72832084,0.11144007742404938,0.9400599598884583,0.7503750324249268
YER055C,YFL022C,0,-0.728492,0.11142688244581223,0.9400599598884583,0.7504750490188599
YDR414C,YDR363W,0,-0.7289809,0.11141368746757507,0.9400599598884583,0.750575065612793
YBL113C,YOR179C,0,-0.72909427,0.11140049993991852,0.9400599598884583,0.7506750822067261
YMR167W,YBR283C,0,-0.7291186,0.11138731241226196,0.9400599598884583,0.7507750988006592
YOL137W,YER030W,0,-0.7291211,0.11137412488460541,0.9400599598884583,0.7508751153945923
YNR074C,YNL148C,0,-0.7293358,0.11136094480752945,0.9400599598884583,0.7509750723838806
YPR159W,YNL310C,0,-0.7296301,0.11134777218103409,0.9400599598884583,0.7510750889778137
YMR305C,YOL092W,0,-0.7298995,0.11133459210395813,0.9400599598884583,0.7511751055717468
YKL022C,YFL001W,0,-0.7299945,0.11132142692804337,0.9400599598884583,0.7512751221656799
YFL054C,YBL082C,0,-0.7301078,0.111308254301548,0.9400599598884583,0.751375138759613
YIL066C,YLR385C,0,-0.7304318,0.11129508912563324,0.9400599598884583,0.7514751553535461
YGL237C,YJR026W,0,-0.73055196,0.11128193140029907,0.9400599598884583,0.7515751719474792
YJR099W,YIR038C,0,-0.73064196,0.1112687736749649,0.9400599598884583,0.7516751885414124
YER157W,YDR466W,0,-0.73084176,0.11125561594963074,0.9400599598884583,0.7517752051353455
YGL160W,YGL206C,0,-0.7315239,0.11124246567487717,0.9400599598884583,0.7518751621246338
YHR086W,YJL125C,0,-0.7318883,0.1112293154001236,0.9400599598884583,0.7519751787185669
YDR210W,YLR364W,0,-0.73265356,0.11121616512537003,0.9400599598884583,0.7520751953125
YLR362W,YIL177C,0,-0.7338855,0.11120302230119705,0.9400599598884583,0.7521752119064331
YHR081W,YOL068C,0,-0.7342391,0.11118988692760468,0.9400599598884583,0.7522752285003662
YNR072W,YDR507C,0,-0.73443455,0.1111767515540123,0.9400599598884583,0.7523752450942993
YPL099C,YKR002W,0,-0.7344621,0.11116361618041992,0.9400599598884583,0.7524752616882324
YDR065W,YPL152W,0,-0.7346854,0.11115048080682755,0.9400599598884583,0.7525752782821655
YOR020C,YNR057C,0,-0.73475856,0.11113736033439636,0.9400599598884583,0.7526752948760986
YCR004C,YOR215C,0,-0.73548824,0.11112423241138458,0.9400599598884583,0.752775251865387
YKL190W,YGL254W,0,-0.73665786,0.1111111119389534,0.9400599598884583,0.7528752684593201
YOL108C,YGR195W,0,-0.7374654,0.11109799146652222,0.9400599598884583,0.7529752850532532
YOR369C,YDR090C,0,-0.73807037,0.11108487844467163,0.9400599598884583,0.7530753016471863
YHR128W,YDR480W,0,-0.73811364,0.11107176542282104,0.9400599598884583,0.7531753182411194
YDR156W,YLR285W,0,-0.7384354,0.11105865985155106,0.9400599598884583,0.7532753348350525
YBR018C,YIL168W,0,-0.7384766,0.11104555428028107,0.9400599598884583,0.7533753514289856
YAR044W,YGR081C,0,-0.7394717,0.11103244870901108,0.9400599598884583,0.7534753680229187
YDR107C,YIR037W,0,-0.7399039,0.11101935058832169,0.9400599598884583,0.7535753846168518
YDR316W,YLL004W,0,-0.7400578,0.1110062524676323,0.9400599598884583,0.7536753416061401
YGL037C,YGR268C,0,-0.74010515,0.1109931617975235,0.9400599598884583,0.7537753582000732
YBR217W,YFR028C,0,-0.7404294,0.1109800711274147,0.9400599598884583,0.7538753747940063
YGR098C,YGL106W,0,-0.74055576,0.11096698045730591,0.9400599598884583,0.7539753913879395
YPL163C,YGL128C,0,-0.74079585,0.11095389723777771,0.9400599598884583,0.7540754079818726
YLL013C,YFL022C,0,-0.74118257,0.11094081401824951,0.9400599598884583,0.7541754245758057
YKL074C,YCL052C,0,-0.7413989,0.11092773824930191,0.9400599598884583,0.7542754411697388
YPR204W,YNL222W,0,-0.74143153,0.11091466248035431,0.9400599598884583,0.7543754577636719
YGR032W,YDL085W,0,-0.74320984,0.1109015941619873,0.9400599598884583,0.754475474357605
YOR176W,YDR507C,0,-0.7437631,0.1108885258436203,0.9400599598884583,0.7545754313468933
YPL208W,YKL010C,0,-0.7441863,0.1108754575252533,0.9400599598884583,0.7546754479408264
YDR373W,YMR280C,0,-0.7443331,0.11086239665746689,0.9400599598884583,0.7547754645347595
YHR019C,YML001W,0,-0.744532,0.11084933578968048,0.9400599598884583,0.7548754811286926
YMR160W,YHL018W,0,-0.74461704,0.11083627492189407,0.9400599598884583,0.7549754977226257
YIL084C,YNL202W,0,-0.7449712,0.11082322150468826,0.9400599598884583,0.7550755143165588
YJR004C,YMR236W,0,-0.7454505,0.11081017553806305,0.9400599598884583,0.7551755309104919
YMR130W,YOR038C,0,-0.7454715,0.11079712957143784,0.9400599598884583,0.755275547504425
YIL177C,YAR003W,0,-0.7463915,0.11078408360481262,0.9400599598884583,0.7553755640983582
YMR045C,YGR116W,0,-0.7467638,0.110771045088768,0.9400599598884583,0.7554755210876465
YLR332W,YDL051W,0,-0.7467681,0.11075800657272339,0.9400599598884583,0.7555755376815796
YAL063C,YER130C,0,-0.7474623,0.11074496805667877,0.9400599598884583,0.7556755542755127
YGL157W,YNR069C,0,-0.74747163,0.11073193699121475,0.9400599598884583,0.7557755708694458
YEL002C,YIR013C,0,-0.7477173,0.11071890592575073,0.9400599598884583,0.7558755874633789
YCR042C,YML080W,0,-0.7478062,0.11070588231086731,0.9400599598884583,0.755975604057312
YDR051C,YBR055C,0,-0.74905056,0.11069285869598389,0.9400599598884583,0.7560756206512451
YNL197C,YER108C,1,-0.7493415,0.1107974573969841,0.9410589337348938,0.7560756206512451
YKR069W,YFR019W,0,-0.75023293,0.11078442633152008,0.9410589337348938,0.7561756372451782
YER045C,YPL017C,0,-0.75024724,0.11077140271663666,0.9410589337348938,0.7562756538391113
YDR460W,YPL244C,0,-0.7505828,0.11075837910175323,0.9410589337348938,0.7563756108283997
YPL127C,YGL035C,0,-0.7506529,0.11074535548686981,0.9410589337348938,0.7564756274223328
YDR310C,YNL217W,0,-0.7507215,0.11073233932256699,0.9410589337348938,0.7565756440162659
YDR079C-A,YCR073C,0,-0.75095946,0.11071932315826416,0.9410589337348938,0.756675660610199
YDR453C,YFL038C,0,-0.7512479,0.11070631444454193,0.9410589337348938,0.7567756772041321
YDR485C,YMR166C,0,-0.7515413,0.1106932982802391,0.9410589337348938,0.7568756937980652
YDL137W,YEL043W,0,-0.7519132,0.11068029701709747,0.9410589337348938,0.7569757103919983
YNL138W,YIR019C,1,-0.7523131,0.11078477650880814,0.9420579671859741,0.7569757103919983
YIL131C,YHR073W,1,-0.7523866,0.11088922619819641,0.9430569410324097,0.7569757103919983
YNL098C,YOR299W,0,-0.7526768,0.11087620258331299,0.9430569410324097,0.7570757269859314
YDL217C,YDR494W,0,-0.75298357,0.11086317896842957,0.9430569410324097,0.7571757435798645
YHR112C,YJR044C,0,-0.75317156,0.11085016280412674,0.9430569410324097,0.7572757005691528
YGR281W,YDL055C,0,-0.75353885,0.11083714663982391,0.9430569410324097,0.7573757171630859
YJR153W,YDL024C,1,-0.75431895,0.11094153672456741,0.9440559148788452,0.7573757171630859
YCR070W,YNL316C,0,-0.7543205,0.11092851310968399,0.9440559148788452,0.757475733757019
YLR130C,YJR098C,0,-0.75600564,0.11091548949480057,0.9440559148788452,0.7575757503509521
YNL220W,YKL010C,0,-0.757155,0.11090247333049774,0.9440559148788452,0.7576757669448853
YDR480W,YBL002W,0,-0.757156,0.11088946461677551,0.9440559148788452,0.7577757835388184
YOR008C,YDR218C,0,-0.7573961,0.11087644845247269,0.9440559148788452,0.7578758001327515
YJL214W,YDR218C,0,-0.75741696,0.11086344718933105,0.9440559148788452,0.7579758167266846
YOL157C,YLR201C,0,-0.7581906,0.11085043847560883,0.9440559148788452,0.7580758333206177
YDR416W,YJL085W,0,-0.75820565,0.1108374372124672,0.9440559148788452,0.758175790309906
YGL044C,YDR266C,0,-0.758709,0.11082444339990616,0.9440559148788452,0.7582758069038391
YGL133W,YMR264W,0,-0.75908756,0.11081144213676453,0.9440559148788452,0.7583758234977722
YCR053W,YDR408C,0,-0.7613288,0.11079845577478409,0.9440559148788452,0.7584758400917053
YNR016C,YOR234C,0,-0.7618114,0.11078546196222305,0.9440559148788452,0.7585758566856384
YJR026W,YPL085W,0,-0.76219666,0.11077247560024261,0.9440559148788452,0.7586758732795715
YJL091C,YDR378C,0,-0.76273453,0.11075949668884277,0.9440559148788452,0.7587758898735046
YPR160W,YML111W,0,-0.76304775,0.11074651032686234,0.9440559148788452,0.7588759064674377
YJL221C,YJR063W,0,-0.763085,0.11073353886604309,0.9440559148788452,0.7589759230613708
YLL036C,YIL088C,0,-0.7631747,0.11072055995464325,0.9440559148788452,0.7590758800506592
YOR145C,YOL070C,0,-0.7640895,0.110707588493824,0.9440559148788452,0.7591758966445923
YHR099W,YDL195W,0,-0.7643452,0.11069462448358536,0.9440559148788452,0.7592759132385254
YNL323W,YPL211W,0,-0.76439154,0.11068166047334671,0.9440559148788452,0.7593759298324585
YEL012W,YGL019W,0,-0.7648342,0.11066869646310806,0.9440559148788452,0.7594759464263916
YGL012W,YCL060C,0,-0.7649622,0.11065573990345001,0.9440559148788452,0.7595759630203247
YML091C,YLR440C,0,-0.764996,0.11064278334379196,0.9440559148788452,0.7596759796142578
YOR115C,YMR236W,0,-0.76513636,0.11062982678413391,0.9440559148788452,0.7597759962081909
YHR184W,YPR032W,0,-0.7654189,0.11061687767505646,0.9440559148788452,0.759876012802124
YMR292W,YBL040C,0,-0.7654251,0.1106039360165596,0.9440559148788452,0.7599759697914124
YGR272C,YFL044C,0,-0.7656044,0.11059098690748215,0.9440559148788452,0.7600759863853455
YFL034C-B,YFL066C,0,-0.7657238,0.11057804524898529,0.9440559148788452,0.7601760029792786
YDR085C,YDR022C,0,-0.76579696,0.11056511104106903,0.9440559148788452,0.7602760195732117
YBL102W,YHR187W,0,-0.7670221,0.11055217683315277,0.9440559148788452,0.7603760361671448
YAL003W,YDR297W,0,-0.7674858,0.11053924262523651,0.9440559148788452,0.7604760527610779
YKL093W,YLR205C,0,-0.76802444,0.11052631586790085,0.9440559148788452,0.760576069355011
YDR099W,YPL115C,1,-0.76857555,0.1106303334236145,0.9450549483299255,0.760576069355011
YJL122W,YKR019C,0,-0.7688291,0.11061739921569824,0.9450549483299255,0.7606760859489441
YDR485C,YNL122C,0,-0.76918584,0.11060446500778198,0.9450549483299255,0.7607761025428772
YER035W,YHL012W,0,-0.7692263,0.11059153825044632,0.9450549483299255,0.7608760595321655
YML001W,YDR248C,0,-0.7694402,0.11057861149311066,0.9450549483299255,0.7609760761260986
YMR280C,YDR362C,0,-0.76983315,0.110565684735775,0.9450549483299255,0.7610760927200317
YHR074W,YGR065C,0,-0.7698369,0.11055276542901993,0.9450549483299255,0.7611761093139648
YER035W,YAR027W,0,-0.7703592,0.11053984612226486,0.9450549483299255,0.761276125907898
YMR130W,YIL115C,0,-0.7707737,0.1105269342660904,0.9450549483299255,0.761376142501831
YBL064C,YPL088W,0,-0.7708672,0.11051402240991592,0.9450549483299255,0.7614761590957642
YJL002C,YJL140W,0,-0.77093697,0.11050111055374146,0.9450549483299255,0.7615761756896973
YOL089C,YIR014W,0,-0.77105534,0.11048820614814758,0.9450549483299255,0.7616761922836304
YCR096C,YER147C,0,-0.7712854,0.11047530174255371,0.9450549483299255,0.7617761492729187
YML114C,YMR221C,0,-0.77143514,0.11046239733695984,0.9450549483299255,0.7618761658668518
YIL170W,YMR172W,0,-0.7716137,0.11044950038194656,0.9450549483299255,0.7619761824607849
YBL101C,YBR103W,0,-0.7719877,0.11043661087751389,0.9450549483299255,0.762076199054718
YCL055W,YLR446W,0,-0.7728434,0.11042372137308121,0.9450549483299255,0.7621762156486511
YDR452W,YOL146W,0,-0.7730363,0.11041083186864853,0.9450549483299255,0.7622762322425842
YBR281C,YPL099C,0,-0.77323246,0.11039794236421585,0.9450549483299255,0.7623762488365173
YKL199C,YER070W,0,-0.773854,0.11038506776094437,0.9450549483299255,0.7624762654304504
YOL064C,YIL051C,0,-0.77406776,0.11037218570709229,0.9450549483299255,0.7625762820243835
YIL085C,YDR137W,0,-0.7745545,0.1103593111038208,0.9450549483299255,0.7626762390136719
YBL018C,YDL103C,0,-0.7748645,0.11034643650054932,0.9450549483299255,0.762776255607605
YCR020W-B,YER154W,0,-0.77498174,0.11033356934785843,0.9450549483299255,0.7628762722015381
YKR046C,YLR132C,0,-0.7759607,0.11032070219516754,0.9450549483299255,0.7629762887954712
YKR056W,YNL039W,0,-0.77598083,0.11030783504247665,0.9450549483299255,0.7630763053894043
YLL042C,YIR023W,0,-0.7775925,0.11029497534036636,0.9450549483299255,0.7631763219833374
YDR432W,YOR371C,1,-0.7782269,0.11039869487285614,0.9460539221763611,0.7631763219833374
YPR029C,YBR036C,0,-0.77931416,0.11038582772016525,0.9460539221763611,0.7632763385772705
YOL103W,YLR229C,0,-0.7793151,0.11037296056747437,0.9460539221763611,0.7633763551712036
YML126C,YGL206C,0,-0.7794273,0.11036010086536407,0.9460539221763611,0.7634763717651367
YGR225W,YML042W,0,-0.7797261,0.11034724116325378,0.9460539221763611,0.763576328754425
YGL050W,YDR465C,0,-0.77977914,0.1103343814611435,0.9460539221763611,0.7636763453483582
YJL160C,YLR401C,0,-0.7799668,0.1103215292096138,0.9460539221763611,0.7637763619422913
YML007W,YOL123W,0,-0.7800453,0.1103086769580841,0.9460539221763611,0.7638763785362244
YPR159W,YBL036C,0,-0.78025395,0.11029583215713501,0.9460539221763611,0.7639763951301575
YOR008C,YBL020W,0,-0.7808136,0.11028298735618591,0.9460539221763611,0.7640764117240906
YOL090W,YHR207C,0,-0.7808932,0.11027014255523682,0.9460539221763611,0.7641764283180237
YIL131C,YER108C,1,-0.7813002,0.11037373542785645,0.9470529556274414,0.7641764283180237
YER101C,YHR172W,0,-0.78227687,0.11036088317632675,0.9470529556274414,0.7642764449119568
YKL195W,YGL011C,0,-0.78251016,0.11034803837537766,0.9470529556274414,0.7643764615058899
YNL252C,YPL078C,0,-0.7827398,0.11033519357442856,0.9470529556274414,0.7644764184951782
YDR107C,YOL003C,0,-0.7829716,0.11032235622406006,0.9470529556274414,0.7645764350891113
YBL041W,YFL009W,0,-0.7831644,0.11030951887369156,0.9470529556274414,0.7646764516830444
YDR306C,YJL206C,0,-0.7833315,0.11029668152332306,0.9470529556274414,0.7647764682769775
YNL197C,YNL142W,1,-0.7836571,0.11040018498897552,0.948051929473877,0.7647764682769775
YIL088C,YDL128W,0,-0.7839232,0.11038734763860703,0.948051929473877,0.7648764848709106
YMR112C,YGL086W,0,-0.78398263,0.11037450283765793,0.948051929473877,0.7649765014648438
YDL058W,YFR021W,0,-0.7840769,0.11036167293787003,0.948051929473877,0.7650765180587769
YPL153C,YLR226W,0,-0.7850235,0.11034883558750153,0.948051929473877,0.76517653465271
YDL192W,YJL014W,0,-0.785591,0.11033600568771362,0.948051929473877,0.7652765512466431
YOR242C,YOR228C,0,-0.7856641,0.11032318323850632,0.948051929473877,0.7653765082359314
YLR142W,YKL199C,0,-0.7856885,0.11031035333871841,0.948051929473877,0.7654765248298645
YJL036W,YDR210W,0,-0.78617096,0.1102975383400917,0.948051929473877,0.7655765414237976
YDR429C,YOL092W,0,-0.78667927,0.1102847158908844,0.948051929473877,0.7656765580177307
YIL132C,YHR039C,0,-0.78701305,0.11027190089225769,0.948051929473877,0.7657765746116638
YLR172C,YLR186W,0,-0.788,0.11025909334421158,0.948051929473877,0.7658765912055969
YDR405W,YLR208W,0,-0.7881484,0.11024628579616547,0.948051929473877,0.76597660779953
YOR332W,YFL053W,0,-0.78819454,0.11023347824811935,0.948051929473877,0.7660766243934631
YJL190C,YML014W,0,-0.7888302,0.11022067070007324,0.948051929473877,0.7661766409873962
YPR162C,YGL180W,0,-0.7888664,0.11020787060260773,0.948051929473877,0.7662765979766846
YOR327C,YKL144C,0,-0.7895857,0.11019507795572281,0.948051929473877,0.7663766145706177
YDL143W,YBR048W,0,-0.7899665,0.11018228530883789,0.948051929473877,0.7664766311645508
YMR295C,YHR063C,0,-0.7920187,0.11016949266195297,0.948051929473877,0.7665766477584839
YDR351W,YNL335W,0,-0.79225886,0.11015670001506805,0.948051929473877,0.766676664352417
YCR054C,YOL093W,0,-0.79241693,0.11014391481876373,0.948051929473877,0.7667766809463501
YOR039W,YBR135W,0,-0.79264426,0.11013113707304001,0.948051929473877,0.7668766975402832
YLL008W,YBR102C,0,-0.7927616,0.11011835932731628,0.948051929473877,0.7669767141342163
YDL181W,YDR147W,0,-0.7929136,0.11010558158159256,0.948051929473877,0.7670767307281494
YHR084W,YKL071W,0,-0.7939957,0.11009280383586884,0.948051929473877,0.7671767473220825
YPL078C,YMR172W,0,-0.7944262,0.11008003354072571,0.948051929473877,0.7672767043113708
YLR390W,YML072C,0,-0.79500175,0.11006727069616318,0.948051929473877,0.767376720905304
YMR201C,YDR245W,0,-0.79567426,0.11005450785160065,0.948051929473877,0.7674767374992371
YKL124W,YPL121C,0,-0.795707,0.11004174500703812,0.948051929473877,0.7675767540931702
YPR083W,YMR080C,0,-0.7959485,0.11002898216247559,0.948051929473877,0.7676767706871033
YAL022C,YOR008C,0,-0.7964688,0.11001622676849365,0.948051929473877,0.7677767872810364
YJL018W,YLR120C,0,-0.79722655,0.11000347882509232,0.948051929473877,0.7678768038749695
YIL066C,YOR155C,0,-0.79775727,0.10999073088169098,0.948051929473877,0.7679768204689026
YDR062W,YLL045C,0,-0.7988609,0.10997798293828964,0.948051929473877,0.7680768370628357
YGR287C,YKL222C,0,-0.79944086,0.1099652349948883,0.948051929473877,0.768176794052124
YGL249W,YPR063C,0,-0.7995446,0.10995249450206757,0.948051929473877,0.7682768106460571
YBR239C,YDL141W,0,-0.8006631,0.10993976145982742,0.948051929473877,0.7683768272399902
YMR130W,YLR038C,0,-0.8019974,0.10992702096700668,0.948051929473877,0.7684768438339233
YOR251C,YBR282W,0,-0.8021705,0.10991429537534714,0.948051929473877,0.7685768604278564
YBR081C,YGL014W,0,-0.8043741,0.109901562333107,0.948051929473877,0.7686768770217896
YDR006C,YKR099C-A,0,-0.8044244,0.10988883674144745,0.948051929473877,0.7687768936157227
YNL122C,YLL028W,0,-0.80456036,0.1098761111497879,0.948051929473877,0.7688769102096558
YJR088C,YJR127C,0,-0.8051904,0.10986339300870895,0.948051929473877,0.7689769268035889
YDL049C,YIL108W,0,-0.80530787,0.10985067486763,0.948051929473877,0.7690768837928772
YOR035C,YPR056W,0,-0.8067871,0.10983796417713165,0.948051929473877,0.7691769003868103
YML037C,YNL236W,0,-0.80721736,0.1098252534866333,0.948051929473877,0.7692769169807434
YBR087W,YPL024W,0,-0.8073244,0.10981254279613495,0.948051929473877,0.7693769335746765
YER087W,YGR252W,0,-0.80736536,0.1097998395562172,0.948051929473877,0.7694769501686096
YGR221C,YPL012W,0,-0.8073926,0.10978713631629944,0.948051929473877,0.7695769667625427
YBR276C,YPL273W,0,-0.80746245,0.10977443307638168,0.948051929473877,0.7696769833564758
YDR196C,YBR102C,0,-0.80767757,0.10976173728704453,0.948051929473877,0.7697769999504089
YLR136C,YGL046W,0,-0.8093238,0.10974904894828796,0.948051929473877,0.769877016544342
YPL038W,YKL065C,0,-0.8100164,0.1097363531589508,0.948051929473877,0.7699769735336304
YLR151C,YML094W,0,-0.8100953,0.10972366482019424,0.948051929473877,0.7700769901275635
YKL222C,YCL055W,0,-0.8119813,0.10971098393201828,0.948051929473877,0.7701770067214966
YER109C,YDR379W,1,-0.81204736,0.10981389135122299,0.9490509629249573,0.7701770067214966
YKL195W,YAR007C,0,-0.8127712,0.10980120301246643,0.9490509629249573,0.7702770233154297
YJL044C,YFL009W,0,-0.813121,0.10978851467370987,0.9490509629249573,0.7703770399093628
YPR101W,YBR070C,0,-0.81322086,0.10977582633495331,0.9490509629249573,0.7704770565032959
YMR077C,YOR278W,0,-0.81382775,0.10976314544677734,0.9490509629249573,0.770577073097229
YDL159W,YER109C,1,-0.8144668,0.10986598581075668,0.9500499367713928,0.770577073097229
YMR094W,YNL153C,0,-0.8153641,0.10985329747200012,0.9500499367713928,0.7706770896911621
YBR132C,YER019W,0,-0.81561655,0.10984060913324356,0.9500499367713928,0.7707771062850952
YEL053C,YJL100W,0,-0.8166704,0.1098279282450676,0.9500499367713928,0.7708770632743835
YGR183C,YHR031C,0,-0.8171091,0.10981523990631104,0.9500499367713928,0.7709770798683167
YBR075W,YJR103W,0,-0.8174615,0.10980256646871567,0.9500499367713928,0.7710770964622498
YCR010C,YIL159W,0,-0.8176557,0.1097898855805397,0.9500499367713928,0.7711771130561829
YOL013C,YAL042W,0,-0.81770605,0.10977721214294434,0.9500499367713928,0.771277129650116
YJL073W,YJR125C,0,-0.81781197,0.10976454615592957,0.9500499367713928,0.7713771462440491
YDR205W,YLR224W,0,-0.81782365,0.1097518727183342,0.9500499367713928,0.7714771628379822
YOR179C,YDL092W,0,-0.81795627,0.10973921418190002,0.9500499367713928,0.7715771794319153
YDL085W,YNL177C,0,-0.8189931,0.10972654819488525,0.9500499367713928,0.7716771960258484
YER169W,YIL108W,0,-0.81915665,0.10971388965845108,0.9500499367713928,0.7717771530151367
YGL043W,YJR045C,0,-0.8191861,0.1097012311220169,0.9500499367713928,0.7718771696090698
YNL087W,YOL148C,0,-0.8194678,0.10968858003616333,0.9500499367713928,0.7719771862030029
YDR363W,YPR103W,0,-0.8198542,0.10967592895030975,0.9500499367713928,0.772077202796936
YJR095W,YDR318W,0,-0.8210578,0.10966328531503677,0.9500499367713928,0.7721772193908691
YPL009C,YMR272C,0,-0.8211719,0.1096506416797638,0.9500499367713928,0.7722772359848022
YBR239C,YEL047C,0,-0.8212553,0.10963799804449081,0.9500499367713928,0.7723772525787354
YBR035C,YKL171W,0,-0.8218136,0.10962536185979843,0.9500499367713928,0.7724772691726685
YHR111W,YER149C,1,-0.8228696,0.10972798615694046,0.9510489702224731,0.7724772691726685
YKL109W,YMR051C,0,-0.8230649,0.10971534252166748,0.9510489702224731,0.7725772857666016
YLR050C,YLR113W,0,-0.8232925,0.1097026988863945,0.9510489702224731,0.7726772427558899
YCL027W,YKL199C,0,-0.8238432,0.10969005525112152,0.9510489702224731,0.772777259349823
YJL171C,YBL041W,0,-0.8243981,0.10967741906642914,0.9510489702224731,0.7728772759437561
YLR343W,YKR056W,0,-0.82466936,0.10966478288173676,0.9510489702224731,0.7729772925376892
YGL039W,YGR012W,0,-0.8247478,0.10965215414762497,0.9510489702224731,0.7730773091316223
YPL276W,YDR216W,0,-0.8247621,0.10963952541351318,0.9510489702224731,0.7731773257255554
YJR144W,YGL100W,0,-0.8249241,0.1096268966794014,0.9510489702224731,0.7732773423194885
YPL066W,YBL041W,0,-0.8250127,0.10961427539587021,0.9510489702224731,0.7733773589134216
YJR016C,YAL043C,0,-0.82634306,0.10960166156291962,0.9510489702224731,0.7734773755073547
YOR228C,YNL136W,0,-0.8267274,0.10958904027938843,0.9510489702224731,0.7735773324966431
YGR071C,YLR097C,0,-0.8268112,0.10957642644643784,0.9510489702224731,0.7736773490905762
YGR123C,YKR026C,0,-0.82730794,0.10956381261348724,0.9510489702224731,0.7737773656845093
YOR356W,YOL068C,0,-0.8284844,0.10955120623111725,0.9510489702224731,0.7738773822784424
YDR512C,YKR045C,0,-0.828649,0.10953859984874725,0.9510489702224731,0.7739773988723755
YMR113W,YDL077C,0,-0.8288313,0.10952600091695786,0.9510489702224731,0.7740774154663086
YGL095C,YIL124W,0,-0.8292223,0.10951340198516846,0.9510489702224731,0.7741774320602417
YMR025W,YIL091C,0,-0.8293079,0.10950080305337906,0.9510489702224731,0.7742774486541748
YFL035C,YFL031W,0,-0.8293848,0.10948821157217026,0.9510489702224731,0.7743774652481079
YER004W,YMR135C,0,-0.8293852,0.10947562009096146,0.9510489702224731,0.7744774222373962
YNL335W,YBR196C,0,-0.8296809,0.10946303606033325,0.9510489702224731,0.7745774388313293
YHR129C,YDL213C,0,-0.8301569,0.10945045202970505,0.9510489702224731,0.7746774554252625
YLR278C,YER065C,0,-0.83022636,0.10943786799907684,0.9510489702224731,0.7747774720191956
YKL003C,YJR107W,0,-0.83131886,0.10942528396844864,0.9510489702224731,0.7748774886131287
YMR099C,YPR103W,0,-0.8319128,0.10941271483898163,0.9510489702224731,0.7749775052070618
YOR080W,YER026C,0,-0.8336552,0.10940013825893402,0.9510489702224731,0.7750775218009949
YJR036C,YLR164W,0,-0.83439195,0.10938756912946701,0.9510489702224731,0.775177538394928
YFL034C-B,YKR025W,0,-0.83466935,0.109375,0.9510489702224731,0.7752775549888611
YPR190C,YJR159W,0,-0.8349241,0.10936243832111359,0.9510489702224731,0.7753775119781494
YEL017C-A,YBR012W-B,0,-0.8350431,0.10934987664222717,0.9510489702224731,0.7754775285720825
YKR080W,YML131W,0,-0.8354064,0.10933731496334076,0.9510489702224731,0.7755775451660156
YER086W,YPR137C-A,0,-0.83541864,0.10932476073503494,0.9510489702224731,0.7756775617599487
YOR173W,YNL054W-B,0,-0.83544105,0.10931220650672913,0.9510489702224731,0.7757775783538818
YLR157C-B,YCL074W,0,-0.8354556,0.10929965227842331,0.9510489702224731,0.7758775949478149
YOR343W-A,YLR306W,0,-0.8355167,0.10928710550069809,0.9510489702224731,0.775977611541748
YML049C,YHL034C,0,-0.8355434,0.10927456617355347,0.9510489702224731,0.7760776281356812
YLR227W-B,YGR276C,0,-0.83557427,0.10926201939582825,0.9510489702224731,0.7761776447296143
YDR261C-D,YNL169C,0,-0.8355831,0.10924948006868362,0.9510489702224731,0.7762776017189026
YKL041W,YGR027W-B,0,-0.83563614,0.1092369481921196,0.9510489702224731,0.7763776183128357
YAR035W,YPL204W,0,-0.8356758,0.10922441631555557,0.9510489702224731,0.7764776349067688
YNL312W,YOR066W,0,-0.83568573,0.10921188443899155,0.9510489702224731,0.7765776515007019
YPL257W-A,YLR438C-A,0,-0.83569974,0.10919936001300812,0.9510489702224731,0.776677668094635
YOR175C,YGR161C-C,0,-0.8357562,0.10918683558702469,0.9510489702224731,0.7767776846885681
YOR339C,YDR261C-C,0,-0.83582103,0.10917431116104126,0.9510489702224731,0.7768777012825012
YER058W,YER159C-A,0,-0.8359027,0.10916179418563843,0.9510489702224731,0.7769777178764343
YPL180W,YDR034C-C,0,-0.8359353,0.1091492772102356,0.9510489702224731,0.7770777344703674
YLR128W,YOL103W-B,0,-0.83607936,0.10913676768541336,0.9510489702224731,0.7771776914596558
YPR158W-A,YDL212W,0,-0.83612764,0.10912425816059113,0.9510489702224731,0.7772777080535889
YOL053C-A,YLR224W,0,-0.8362349,0.10911174863576889,0.9510489702224731,0.777377724647522
YOR206W,YNL284C-A,0,-0.8362349,0.10909924656152725,0.9510489702224731,0.7774777412414551
YLR348C,YAR070W-A,0,-0.8362349,0.10908674448728561,0.9510489702224731,0.7775777578353882
YNL284C,YNL024C-A,0,-0.8362349,0.10907424241304398,0.9510489702224731,0.7776777744293213
YLR256W-A,YGR061C,0,-0.8362349,0.10906174778938293,0.9510489702224731,0.7777777910232544
YDR210W-D,YIL047C,0,-0.8362349,0.1090492531657219,0.9510489702224731,0.7778778076171875
YBR030W,YGL258W-A,0,-0.8362349,0.10903676599264145,0.9510489702224731,0.7779778242111206
YBL101W-B,YCR011C,0,-0.8362349,0.109024278819561,0.9510489702224731,0.7780777812004089
YCL048W-A,YGL131C,0,-0.8362349,0.10901179164648056,0.9510489702224731,0.778177797794342
YMR020W,YDR014W-A,0,-0.8362349,0.10899931192398071,0.9510489702224731,0.7782778143882751
YGR105W,YDR014W-A,0,-0.8362349,0.10898683220148087,0.9510489702224731,0.7783778309822083
YML045W-A,YPL099C,0,-0.8362349,0.10897435992956161,0.9510489702224731,0.7784778475761414
YDR381C-A,YGR238C,0,-0.8362349,0.10896188765764236,0.9510489702224731,0.7785778641700745
YCL048W-A,YAL016W,0,-0.8362349,0.10894941538572311,0.9510489702224731,0.7786778807640076
YBL029C-A,YIL017W,0,-0.8362349,0.10893695056438446,0.9510489702224731,0.7787778973579407
YBL101W-B,YDR419W,0,-0.8362349,0.1089244857430458,0.9510489702224731,0.7788779139518738
YCR057C,YOR343C-B,0,-0.8362349,0.10891202092170715,0.9510489702224731,0.7789778709411621
YCL048W-A,YGR038C-A,0,-0.8362349,0.1088995635509491,0.9510489702224731,0.7790778875350952
YNL284C-A,YNL325C,0,-0.8362349,0.10888710618019104,0.9510489702224731,0.7791779041290283
YNL024C-A,YBR037C,0,-0.8362349,0.10887465626001358,0.9510489702224731,0.7792779207229614
YLR391W,YDR186C,0,-0.8362349,0.10886220633983612,0.9510489702224731,0.7793779373168945
YNL284C-A,YPL202C,0,-0.8362349,0.10884975641965866,0.9510489702224731,0.7794779539108276
YHR045W,YHL009W-A,0,-0.8362349,0.1088373139500618,0.9510489702224731,0.7795779705047607
YNL024C-A,YMR139W,0,-0.8362349,0.10882487148046494,0.9510489702224731,0.7796779870986938
YBL008W-A,YPL057C,0,-0.8362349,0.10881243646144867,0.9510489702224731,0.779778003692627
YGR074W,YOR343C-B,0,-0.8362349,0.1088000014424324,0.9510489702224731,0.7798779606819153
YGL258W-A,YMR184W,0,-0.8362349,0.10878756642341614,0.9510489702224731,0.7799779772758484
YFL003C,YPL257W-B,0,-0.8362349,0.10877513885498047,0.9510489702224731,0.7800779938697815
YKL160W,YAR070W-A,0,-0.8362349,0.1087627112865448,0.9510489702224731,0.7801780104637146
YDR489W,YDR014W-A,0,-0.8362349,0.10875028371810913,0.9510489702224731,0.7802780270576477
YFR045W,YBR111W-A,0,-0.8362349,0.10873786360025406,0.9510489702224731,0.7803780436515808
YER008C,YPR137C-B,0,-0.8362349,0.10872544348239899,0.9510489702224731,0.7804780602455139
YCL048W-A,YLR410W-B,0,-0.8362349,0.10871303081512451,0.9510489702224731,0.780578076839447
YNL064C,YAR070W-A,0,-0.8362349,0.10870061814785004,0.9510489702224731,0.7806780934333801
YBL029C-A,YMR239C,0,-0.8362349,0.10868820548057556,0.9510489702224731,0.7807780504226685
YCL048W-A,YKL167C,0,-0.8362349,0.10867580026388168,0.9510489702224731,0.7808780670166016
YJR028W,YER074W-A,0,-0.8362349,0.1086633950471878,0.9510489702224731,0.7809780836105347
YML062C,YCL048W-A,0,-0.8362349,0.10865098983049393,0.9510489702224731,0.7810781002044678
YGL046W,YHR214W-G,0,-0.8362349,0.10863859206438065,0.9510489702224731,0.7811781167984009
YDR524C-B,YLR348C,0,-0.8362349,0.10862620174884796,0.9510489702224731,0.781278133392334
YDR034C-D,YNR067C,0,-0.8362349,0.10861380398273468,0.9510489702224731,0.7813781499862671
YOL103W-B,YOL044W,0,-0.8362349,0.108601413667202,0.9510489702224731,0.7814781665802002
YGR155W,YHL009W-A,0,-0.8362349,0.10858902335166931,0.9510489702224731,0.7815781831741333
YDR261W-A,YLR095C,0,-0.8362349,0.10857664048671722,0.9510489702224731,0.7816781401634216
YDR261W-A,YCR017C,0,-0.8362349,0.10856425762176514,0.9510489702224731,0.7817781567573547
YNL024C-A,YER172C,0,-0.8362349,0.10855188220739365,0.9510489702224731,0.7818781733512878
YNL258C,YOR343C-B,0,-0.8362349,0.10853950679302216,0.9510489702224731,0.781978189945221
YHL009W-A,YMR117C,0,-0.8362349,0.10852713137865067,0.9510489702224731,0.782078206539154
YGR194C,YDR381C-A,0,-0.8362349,0.10851476341485977,0.9510489702224731,0.7821782231330872
YER029C,YHL009W-A,0,-0.8362349,0.10850239545106888,0.9510489702224731,0.7822782397270203
YIL020C,YCL048W-A,0,-0.8362349,0.10849002748727798,0.9510489702224731,0.7823782563209534
YGL178W,YDR381C-A,0,-0.8362349,0.10847766697406769,0.9510489702224731,0.7824782729148865
YNL284C-A,YBR133C,0,-0.8362349,0.10846530646085739,0.9510489702224731,0.7825782299041748
YAR070W-A,YJR152W,0,-0.8362349,0.10845295339822769,0.9510489702224731,0.7826782464981079
YCL027C-A,YBR012W-B,0,-0.8362349,0.10844060033559799,0.9510489702224731,0.782778263092041
YCL048W-A,YOR098C,0,-0.8362349,0.10842824727296829,0.9510489702224731,0.7828782796859741
YDR524C-B,YOL044W,0,-0.8362349,0.10841590166091919,0.9510489702224731,0.7829782962799072
YNL308C,YDR014W-A,0,-0.8362349,0.10840355604887009,0.9510489702224731,0.7830783128738403
YNL024C-A,YNL268W,0,-0.8362349,0.10839121043682098,0.9510489702224731,0.7831783294677734
YLR395C,YHL009W-A,0,-0.8362349,0.10837887227535248,0.9510489702224731,0.7832783460617065
YAR070W-A,YGL234W,0,-0.8362349,0.10836653411388397,0.9510489702224731,0.7833783626556396
YLR128W,YDR524C-B,0,-0.8362349,0.10835420340299606,0.9510489702224731,0.783478319644928
YGL258W-A,YDL030W,0,-0.8362349,0.10834186524152756,0.9510489702224731,0.7835783362388611
YGL083W,YBL101W-B,0,-0.8362349,0.10832954198122025,0.9510489702224731,0.7836783528327942
YBL008W-A,YDR003W,0,-0.8362349,0.10831721127033234,0.9510489702224731,0.7837783694267273
YDL156W,YPL189C-A,0,-0.8362349,0.10830489546060562,0.9510489702224731,0.7838783860206604
YDR320C-A,YNL054W-B,0,-0.8362349,0.10829257220029831,0.9510489702224731,0.7839784026145935
YBR075W,YBL101W-B,0,-0.8362349,0.1082802563905716,0.9510489702224731,0.7840784192085266
YOR368W,YLR157C-A,0,-0.8362349,0.10826794058084488,0.9510489702224731,0.7841784358024597
YBL029C-A,YLR439W,0,-0.8362349,0.10825563222169876,0.9510489702224731,0.7842784523963928
YNL024C-A,YNL014W,0,-0.8362349,0.10824331641197205,0.9510489702224731,0.7843784093856812
YOR222W,YDR014W-A,0,-0.8362349,0.10823101550340652,0.9510489702224731,0.7844784259796143
YKL109W,YOR343C-B,0,-0.8362349,0.108218714594841,0.9510489702224731,0.7845784425735474
YPR029C,YML045W-A,0,-0.8362349,0.10820641368627548,0.9510489702224731,0.7846784591674805
YBL008W-A,YDR219C,0,-0.8362349,0.10819411277770996,0.9510489702224731,0.7847784757614136
YHL009W-A,YAR031W,0,-0.8362349,0.10818181931972504,0.9510489702224731,0.7848784923553467
YNL335W,YHL009W-A,0,-0.8362349,0.10816952586174011,0.9510489702224731,0.7849785089492798
YBL008W-A,YPL252C,0,-0.8362349,0.10815723985433578,0.9510489702224731,0.7850785255432129
YCL062W,YDL109C,0,-0.8362349,0.10814495384693146,0.9510489702224731,0.785178542137146
YNL024C-A,YCL033C,0,-0.8362349,0.10813266783952713,0.9510489702224731,0.7852784991264343
YGL062W,YDR381C-A,0,-0.8362349,0.1081203892827034,0.9510489702224731,0.7853785157203674
YBL008W-A,YBR075W,0,-0.8362349,0.10810811072587967,0.9510489702224731,0.7854785323143005
YMR164C,YAR070W-A,0,-0.8362349,0.10809583216905594,0.9510489702224731,0.7855785489082336
YDR405W,YNL284C-A,0,-0.8362349,0.1080835610628128,0.9510489702224731,0.7856785655021667
YJL149W,YNL284C-A,0,-0.8362349,0.10807128995656967,0.9510489702224731,0.7857785820960999
YLR312C-B,YJR015W,0,-0.8362349,0.10805902630090714,0.9510489702224731,0.785878598690033
YHR214W-G,YMR227C,0,-0.8362349,0.1080467626452446,0.9510489702224731,0.7859786152839661
YHR214W-G,YDR281C,0,-0.8362349,0.10803449898958206,0.9510489702224731,0.7860786318778992
YOR221C,YOR343C-B,0,-0.8362349,0.10802224278450012,0.9510489702224731,0.7861785888671875
YOR343C-B,YPL244C,0,-0.8362349,0.10800998657941818,0.9510489702224731,0.7862786054611206
YMR087W,YOR396W,0,-0.8362349,0.10799773037433624,0.9510489702224731,0.7863786220550537
YOR396W,YBL101W-B,0,-0.8362349,0.1079854816198349,0.9510489702224731,0.7864786386489868
YOR297C,YAR070W-A,0,-0.8362349,0.10797323286533356,0.9510489702224731,0.7865786552429199
YGL001C,YHL009W-A,0,-0.8362349,0.10796099156141281,0.9510489702224731,0.786678671836853
YDR202C,YOR343C-B,0,-0.8362349,0.10794875025749207,0.9510489702224731,0.7867786884307861
YHR214W-G,YPL047W,0,-0.8362349,0.10793650895357132,0.9510489702224731,0.7868787050247192
YML045W-A,YPR189W,0,-0.8362349,0.10792427510023117,0.9510489702224731,0.7869787216186523
YDR210W-D,YBR128C,0,-0.8362349,0.10791204124689102,0.9510489702224731,0.7870786786079407
YOL124C,YBL101W-B,0,-0.8362349,0.10789980739355087,0.9510489702224731,0.7871786952018738
YCR055C,YCR102C,0,-0.8362349,0.10788758099079132,0.9510489702224731,0.7872787117958069
YDL144C,YML045W-A,0,-0.8362349,0.10787535458803177,0.9510489702224731,0.78737872838974
YJL008C,YCL048W-A,0,-0.8362349,0.10786312818527222,0.9510489702224731,0.7874787449836731
YDR210W-D,YNR011C,0,-0.8362349,0.10785090923309326,0.9510489702224731,0.7875787615776062
YBL101W-A,YDR197W,0,-0.8362349,0.1078386977314949,0.9510489702224731,0.7876787781715393
YJR002W,YAR070W-A,0,-0.8362349,0.10782647877931595,0.9510489702224731,0.7877787947654724
YDR296W,YOR343C-B,0,-0.8362349,0.10781426727771759,0.9510489702224731,0.7878788113594055
YLR359W,YAR070W-A,0,-0.8362349,0.10780206322669983,0.9510489702224731,0.7879787683486938
YOR201C,YLR157C-A,0,-0.8362349,0.10778985172510147,0.9510489702224731,0.788078784942627
YDR210W-D,YPL266W,0,-0.8362349,0.1077776551246643,0.9510489702224731,0.7881788015365601
YML045W-A,YPL257W-B,0,-0.8362349,0.10776545107364655,0.9510489702224731,0.7882788181304932
YAR070W-A,YOR368W,0,-0.8362349,0.10775325447320938,0.9510489702224731,0.7883788347244263
YNL024C-A,YAL001C,0,-0.8362349,0.10774105787277222,0.9510489702224731,0.7884788513183594
YCL048W-A,YGL106W,0,-0.8362349,0.10772886872291565,0.9510489702224731,0.7885788679122925
YIL140W,YDR014W-A,0,-0.8362349,0.10771667957305908,0.9510489702224731,0.7886788845062256
YOL158C,YHL009W-B,0,-0.8362349,0.10770449042320251,0.9510489702224731,0.7887789011001587
YAR070W-A,YNL162W,0,-0.8362349,0.10769230872392654,0.9510489702224731,0.788878858089447
YGR038C-B,YDL206W,0,-0.8362349,0.10768012702465057,0.9510489702224731,0.7889788746833801
YPL118W,YDR381C-A,0,-0.8362349,0.1076679453253746,0.9510489702224731,0.7890788912773132
YGL046W,YJR056C,0,-0.8362349,0.10765577107667923,0.9510489702224731,0.7891789078712463
YLR391W-A,YDR316W-A,0,-0.8362349,0.10764359682798386,0.9510489702224731,0.7892789244651794
YLR095C,YDR316W-A,0,-0.8362349,0.10763143002986908,0.9510489702224731,0.7893789410591125
YLR278C,YPL152W,0,-0.836293,0.1076192632317543,0.9510489702224731,0.7894789576530457
YKL208W,YOR192C-B,0,-0.83638096,0.10760709643363953,0.9510489702224731,0.7895789742469788
YMR315W,YOR142W-B,0,-0.8364868,0.10759493708610535,0.9510489702224731,0.7896789908409119
YPL029W,YDR261C-C,0,-0.8365407,0.10758277773857117,0.9510489702224731,0.789779007434845
YKR009C,YLR157C-B,0,-0.83677447,0.10757061839103699,0.9510489702224731,0.7898789644241333
YHR079C-A,YBR058C,0,-0.8374349,0.1075584664940834,0.9510489702224731,0.7899789810180664
YPL009C,YOR294W,0,-0.8381038,0.10754631459712982,0.9510489702224731,0.7900789976119995
YKL021C,YNL054W-B,0,-0.8382116,0.10753417015075684,0.9510489702224731,0.7901790142059326
YKL168C,YER159C-A,0,-0.83826005,0.10752202570438385,0.9510489702224731,0.7902790307998657
YLR312C-B,YGL190C,1,-0.83869207,0.10762280970811844,0.9520479440689087,0.7902790307998657
YKL179C,YDR316W-A,0,-0.8388338,0.10761065781116486,0.9520479440689087,0.7903790473937988
YGR161W-B,YKL175W,0,-0.8388559,0.10759851336479187,0.9520479440689087,0.7904790639877319
YML054C,YLL054C,0,-0.83952487,0.10758636146783829,0.9520479440689087,0.790579080581665
YER172C,YKL199C,0,-0.839749,0.1075742170214653,0.9520479440689087,0.7906790971755981
YCR038C,YMR238W,1,-0.83976614,0.10767494142055511,0.953046977519989,0.7906790971755981
YML129C,YLR157C-B,0,-0.84005356,0.10766278952360153,0.953046977519989,0.7907790541648865
YDR261C-C,YBL105C,0,-0.8400742,0.10765064507722855,0.953046977519989,0.7908790707588196
YKR054C,YNL054W-B,0,-0.84033215,0.10763850063085556,0.953046977519989,0.7909790873527527
YDR208W,YMR065W,0,-0.840461,0.10762635618448257,0.953046977519989,0.7910791039466858
YDR261W-B,YHR166C,0,-0.8404949,0.10761421173810959,0.953046977519989,0.7911791205406189
YFL002W-B,YDR158W,0,-0.8409009,0.1076020747423172,0.953046977519989,0.791279137134552
YPR158C-C,YIR025W,0,-0.8410793,0.10758993774652481,0.953046977519989,0.7913791537284851
YGR096W,YDR261C-C,0,-0.8413159,0.10757780820131302,0.953046977519989,0.7914791703224182
YBR136W,YLR027C,0,-0.84135604,0.10756567865610123,0.953046977519989,0.7915791869163513
YDR104C,YHL009W-B,0,-0.8421016,0.10755354911088943,0.953046977519989,0.7916791439056396
YOL090W,YJR110W,0,-0.8421401,0.10754142701625824,0.953046977519989,0.7917791604995728
YIL109C,YHL009W-B,0,-0.84234303,0.10752930492162704,0.953046977519989,0.7918791770935059
YKL139W,YKL071W,0,-0.8424858,0.10751719027757645,0.953046977519989,0.791979193687439
YKL166C,YGR161C-C,0,-0.84277594,0.10750506818294525,0.953046977519989,0.7920792102813721
YBR196C,YOR061W,0,-0.842849,0.10749296098947525,0.953046977519989,0.7921792268753052
YLR147C,YNR018W,0,-0.8431127,0.10748084634542465,0.953046977519989,0.7922792434692383
YIR011C,YJR063W,0,-0.84330046,0.10746873915195465,0.953046977519989,0.7923792600631714
YIL070C,YER119C,0,-0.8436892,0.10745663195848465,0.953046977519989,0.7924792766571045
YHR066W,YJL002C,0,-0.8437034,0.10744453221559525,0.953046977519989,0.7925792336463928
YJL092W,YNR039C,0,-0.8437046,0.10743243247270584,0.953046977519989,0.7926792502403259
YCR066W,YDL007W,0,-0.8440195,0.10742033272981644,0.953046977519989,0.792779266834259
YDR214W,YPR158W-A,0,-0.8441684,0.10740824043750763,0.953046977519989,0.7928792834281921
YDR128W,YOR142W-A,0,-0.84436417,0.10739614814519882,0.953046977519989,0.7929793000221252
YBL018C,YKR045C,0,-0.84439206,0.10738406330347061,0.953046977519989,0.7930793166160583
YKL217W,YLR154W-A,0,-0.8445729,0.1073719784617424,0.953046977519989,0.7931793332099915
YNL213C,YJR028W,0,-0.84473693,0.10735989362001419,0.953046977519989,0.7932793498039246
YDR034C-D,YOL026C,0,-0.8447449,0.10734780877828598,0.953046977519989,0.7933793663978577
YGL065C,YHR039C-B,0,-0.8448318,0.10733573138713837,0.953046977519989,0.793479323387146
YDL165W,YPR158C-C,0,-0.84486854,0.10732366144657135,0.953046977519989,0.7935793399810791
YLR024C,YGL181W,0,-0.844926,0.10731158405542374,0.953046977519989,0.7936793565750122
YJL014W,YCL063W,0,-0.84512657,0.10729951411485672,0.953046977519989,0.7937793731689453
YJL033W,YGR161C-C,0,-0.8451431,0.1072874516248703,0.953046977519989,0.7938793897628784
YER096W,YGR027W-B,0,-0.84524107,0.10727538168430328,0.953046977519989,0.7939794063568115
YMR173W,YBL112C,0,-0.84577715,0.10726332664489746,0.953046977519989,0.7940794229507446
YFR041C,YDR238C,0,-0.84594524,0.10725126415491104,0.953046977519989,0.7941794395446777
YLR391W,YOL044W,0,-0.8460028,0.10723920911550522,0.953046977519989,0.7942794561386108
YMR260C,YBL100W-A,0,-0.8462152,0.1072271540760994,0.953046977519989,0.7943794131278992
YBR098W,YOR311C,0,-0.8462585,0.10721510648727417,0.953046977519989,0.7944794297218323
YPR158C-C,YJL056C,0,-0.846341,0.10720305889844894,0.953046977519989,0.7945794463157654
YGL068W,YKR009C,0,-0.8463515,0.10719101130962372,0.953046977519989,0.7946794629096985
YGR249W,YGR163W,0,-0.8464304,0.10717897117137909,0.953046977519989,0.7947794795036316
YOR290C,YDR261W-A,0,-0.8465633,0.10716693103313446,0.953046977519989,0.7948794960975647
YDR086C,YOL148C,0,-0.8467787,0.10715489089488983,0.953046977519989,0.7949795126914978
YPL069C,YKL193C,0,-0.84685487,0.1071428582072258,0.953046977519989,0.7950795292854309
YLR410W-A,YER153C,0,-0.8470031,0.10713082551956177,0.953046977519989,0.795179545879364
YJL136C,YGR027W-B,0,-0.8477938,0.10711879283189774,0.953046977519989,0.7952795028686523
YCL036W,YIR015W,0,-0.8480738,0.1071067675948143,0.953046977519989,0.7953795194625854
YDL104C,YNL222W,0,-0.8492045,0.10709474980831146,0.953046977519989,0.7954795360565186
YBR185C,YDR210C-C,0,-0.84922373,0.10708272457122803,0.953046977519989,0.7955795526504517
YPR023C,YMR080C,0,-0.8493707,0.10707070678472519,0.953046977519989,0.7956795692443848
YPL060C-A,YNL124W,0,-0.8494234,0.10705868899822235,0.953046977519989,0.7957795858383179
YIR010W,YJR092W,0,-0.84949446,0.10704667866230011,0.953046977519989,0.795879602432251
YNL021W,YJL010C,0,-0.84985435,0.10703466832637787,0.953046977519989,0.7959796190261841
YKL018W,YGR275W,0,-0.85012096,0.10702265799045563,0.953046977519989,0.7960796356201172
YDR371W,YGR198W,0,-0.8504272,0.10701065510511398,0.953046977519989,0.7961795926094055
YFL035C,YDL015C,0,-0.85059524,0.10699865221977234,0.953046977519989,0.7962796092033386
YMR208W,YOR120W,0,-0.85073686,0.10698665678501129,0.953046977519989,0.7963796257972717
YPR137C-A,YOL027C,0,-0.8509124,0.10697466135025024,0.953046977519989,0.7964796423912048
YKL168C,YCR081W,0,-0.851383,0.1069626659154892,0.953046977519989,0.7965796589851379
YDR060W,YJL062W-A,0,-0.85164464,0.10695067048072815,0.953046977519989,0.796679675579071
YPR158W-A,YKR002W,0,-0.85200083,0.1069386824965477,0.953046977519989,0.7967796921730042
YJL190C,YBL010C,0,-0.8521482,0.10692669451236725,0.953046977519989,0.7968797087669373
YDL004W,YHL019C,0,-0.85285634,0.1069147139787674,0.953046977519989,0.7969797253608704
YJL123C,YDR210W-A,0,-0.853686,0.10690273344516754,0.953046977519989,0.7970796823501587
YOR033C,YCR097WB,0,-0.8537586,0.10689075291156769,0.953046977519989,0.7971796989440918
YJR029W,YIR023W,0,-0.85419464,0.10687877982854843,0.953046977519989,0.7972797155380249
YBR057C,YDR261C-C,0,-0.8542235,0.10686680674552917,0.953046977519989,0.797379732131958
YLR395C,YOL119C,0,-0.8542457,0.10685484111309052,0.953046977519989,0.7974797487258911
YOR321W,YER110C,0,-0.85471034,0.10684286803007126,0.953046977519989,0.7975797653198242
YNL227C,YKR044W,0,-0.8547915,0.1068309098482132,0.953046977519989,0.7976797819137573
YJL008C,YGR085C,0,-0.85515034,0.10681894421577454,0.953046977519989,0.7977797985076904
YLR128W,YMR241W,0,-0.8556212,0.10680698603391647,0.953046977519989,0.7978798151016235
YEL012W,YNL117W,0,-0.8557569,0.10679502785205841,0.953046977519989,0.7979797720909119
YLR285W,YNL310C,0,-0.8557885,0.10678307712078094,0.953046977519989,0.798079788684845
YLR089C,YOL157C,0,-0.85580397,0.10677112638950348,0.953046977519989,0.7981798052787781
YJR104C,YLR237W,0,-0.8561647,0.10675917565822601,0.953046977519989,0.7982798218727112
YDR069C,YFL022C,0,-0.85620654,0.10674723237752914,0.953046977519989,0.7983798384666443
YOR176W,YPR028W,0,-0.85653454,0.10673528909683228,0.953046977519989,0.7984798550605774
YGR038C-B,YGR222W,0,-0.8566955,0.1067233458161354,0.953046977519989,0.7985798716545105
YDR093W,YML115C,0,-0.85685986,0.10671140998601913,0.953046977519989,0.7986798882484436
YCR047C,YKL166C,0,-0.8574124,0.10669947415590286,0.953046977519989,0.7987799048423767
YPR137C-B,YLR306W,0,-0.85752606,0.10668753832578659,0.953046977519989,0.798879861831665
YOR322C,YOL103W-B,0,-0.8575665,0.10667560994625092,0.953046977519989,0.7989798784255981
YLR325C,YDL197C,0,-0.8576237,0.10666368156671524,0.953046977519989,0.7990798950195312
YAL005C,YGL209W,0,-0.8578009,0.10665176063776016,0.953046977519989,0.7991799116134644
YKR036C,YDR116C,0,-0.85795426,0.10663983970880508,0.953046977519989,0.7992799282073975
YPL087W,YLR027C,0,-0.85858333,0.10662791877985,0.953046977519989,0.7993799448013306
YNL312W,YBR070C,0,-0.858617,0.10661600530147552,0.953046977519989,0.7994799613952637
YML126C,YOR142W-A,0,-0.8586425,0.10660409182310104,0.953046977519989,0.7995799779891968
YOR339C,YPL060C-A,0,-0.8591709,0.10659217834472656,0.953046977519989,0.7996799945831299
YFL024C,YHR047C,0,-0.859963,0.10658027231693268,0.953046977519989,0.7997799515724182
YLR312C-B,YDR107C,1,-0.8602171,0.10668007284402847,0.9540459513664246,0.7997799515724182
YLR227W-B,YOR038C,0,-0.86028135,0.10666815936565399,0.9540459513664246,0.7998799681663513
YPR158C-D,YLR226W,0,-0.8603871,0.10665624588727951,0.9540459513664246,0.7999799847602844
YDR226W,YCL074W,0,-0.8607308,0.10664433240890503,0.9540459513664246,0.8000800013542175
YDR222W,YJL033W,0,-0.86100143,0.10663242638111115,0.9540459513664246,0.8001800179481506
YKL064W,YDR034C-C,0,-0.86141765,0.10662052035331726,0.9540459513664246,0.8002800345420837
YBR040W,YBR018C,0,-0.8615732,0.10660861432552338,0.9540459513664246,0.8003800511360168
YER111C,YGR161C-C,0,-0.8616194,0.10659671574831009,0.9540459513664246,0.80048006772995
YCR020C,YMR150C,0,-0.86203676,0.1065848246216774,0.9540459513664246,0.8005800843238831
YJL106W,YGR161C-C,0,-0.8628289,0.10657292604446411,0.9540459513664246,0.8006800413131714
YIL026C,YPL155C,0,-0.8633938,0.10656103491783142,0.9540459513664246,0.8007800579071045
YGR031C-A,YBL085W,0,-0.8634436,0.10654914379119873,0.9540459513664246,0.8008800745010376
YAL056W,YDR379W,1,-0.86380553,0.10664881765842438,0.9550449848175049,0.8008800745010376
YCL036W,YDR529C,0,-0.86382955,0.10663691908121109,0.9550449848175049,0.8009800910949707
YBR257W,YHR039C-B,0,-0.8643727,0.1066250279545784,0.9550449848175049,0.8010801076889038
YLR410W-A,YLR127C,0,-0.8645683,0.10661313682794571,0.9550449848175049,0.8011801242828369
YJR121W,YMR092C,0,-0.86468416,0.10660124570131302,0.9550449848175049,0.80128014087677
YDR261W-A,YGR109C,0,-0.8650706,0.10658936202526093,0.9550449848175049,0.8013801574707031
YPR191W,YDR380W,0,-0.8650862,0.10657747834920883,0.9550449848175049,0.8014801740646362
YLR410W-B,YNR039C,0,-0.8653547,0.10656560212373734,0.9550449848175049,0.8015801310539246
YJL206C,YJL207C,0,-0.8655491,0.10655372589826584,0.9550449848175049,0.8016801476478577
YMR170C,YER046W,0,-0.865763,0.10654184967279434,0.9550449848175049,0.8017801642417908
YBR195C,YJR044C,0,-0.8661196,0.10652997344732285,0.9550449848175049,0.8018801808357239
YHR184W,YOR005C,0,-0.86659837,0.10651810467243195,0.9550449848175049,0.801980197429657
YNL298W,YDR392W,1,-0.86695075,0.10661764442920685,0.9560439586639404,0.801980197429657
YIR002C,YMR169C,0,-0.8671725,0.10660576820373535,0.9560439586639404,0.8020802140235901
YER174C,YJL062W-A,0,-0.8674463,0.10659389942884445,0.9560439586639404,0.8021802306175232
YMR077C,YGL039W,0,-0.8674784,0.10658202320337296,0.9560439586639404,0.8022802472114563
YKR087C,YKR044W,0,-0.8676699,0.10657015442848206,0.9560439586639404,0.8023802638053894
YNR026C,YGR038C-A,0,-0.8680966,0.10655829310417175,0.9560439586639404,0.8024802207946777
YLL021W,YER108C,1,-0.8681866,0.10665775835514069,0.957042932510376,0.8024802207946777
YBR235W,YLR144C,0,-0.8682409,0.10664588958024979,0.957042932510376,0.8025802373886108
YMR292W,YLR268W,0,-0.86851704,0.10663401335477829,0.957042932510376,0.802680253982544
YCL027C-A,YLR170C,0,-0.86889946,0.10662214457988739,0.957042932510376,0.802780270576477
YJR143C,YDR405W,0,-0.8693156,0.10661028325557709,0.957042932510376,0.8028802871704102
YLR359W,YOR150W,0,-0.86964077,0.10659842193126678,0.957042932510376,0.8029803037643433
YCR023C,YOR294W,0,-0.8696999,0.10658656060695648,0.957042932510376,0.8030803203582764
YER131W,YGR027W-B,0,-0.8699254,0.10657469928264618,0.957042932510376,0.8031803369522095
YDL101C,YKR105C,0,-0.8709268,0.10656284540891647,0.957042932510376,0.8032803535461426
YML116W,YLR357W,0,-0.87134844,0.10655099898576736,0.957042932510376,0.8033803105354309
YBR235W,YNL244C,0,-0.8713529,0.10653914511203766,0.957042932510376,0.803480327129364
YDL127W,YCL033C,0,-0.87142706,0.10652729868888855,0.957042932510376,0.8035803437232971
YDL213C,YOR246C,0,-0.8715451,0.10651545226573944,0.957042932510376,0.8036803603172302
YPL212C,YJR103W,0,-0.87180173,0.10650361329317093,0.957042932510376,0.8037803769111633
YPR166C,YPR137C-A,0,-0.87194,0.10649177432060242,0.957042932510376,0.8038803935050964
YDR472W,YLL054C,0,-0.8720242,0.1064799353480339,0.957042932510376,0.8039804100990295
YOR362C,YDL191W,0,-0.8720851,0.10646810382604599,0.957042932510376,0.8040804266929626
YER141W,YNL058C,0,-0.8721391,0.10645627230405807,0.957042932510376,0.8041804432868958
YJL165C,YNL054W-B,0,-0.87239385,0.10644444078207016,0.957042932510376,0.8042804002761841
YOR338W,YIL085C,0,-0.8725333,0.10643261671066284,0.957042932510376,0.8043804168701172
YGR161C-C,YER145C,0,-0.8728688,0.10642079263925552,0.957042932510376,0.8044804334640503
YJR160C,YLR172C,0,-0.8734181,0.1064089760184288,0.957042932510376,0.8045804500579834
YER042W,YEL020C,0,-0.8735976,0.10639715939760208,0.957042932510376,0.8046804666519165
YER130C,YNL321W,0,-0.8754532,0.10638534277677536,0.957042932510376,0.8047804832458496
YIL115C,YBL050W,0,-0.87565756,0.10637352615594864,0.957042932510376,0.8048804998397827
YLR113W,YDR349C,0,-0.87572587,0.10636171698570251,0.957042932510376,0.8049805164337158
YJL052W,YLR319C,0,-0.87611294,0.10634990781545639,0.957042932510376,0.8050805330276489
YBR186W,YOR329C,0,-0.8771074,0.10633810609579086,0.957042932510376,0.8051804900169373
YMR114C,YDR038C,0,-0.87711644,0.10632630437612534,0.957042932510376,0.8052805066108704
YNL064C,YOR142W-A,0,-0.8774161,0.10631450265645981,0.957042932510376,0.8053805232048035
YLR268W,YBR271W,0,-0.8777616,0.10630270838737488,0.957042932510376,0.8054805397987366
YDL045W-A,YPR137C-A,0,-0.87794715,0.10629091411828995,0.957042932510376,0.8055805563926697
YNL138W,YDL038C,0,-0.87848485,0.10627911984920502,0.957042932510376,0.8056805729866028
YGL212W,YAL034W-A,0,-0.8789909,0.10626733303070068,0.957042932510376,0.8057805895805359
YFL002W-B,YGR221C,0,-0.8790985,0.10625554621219635,0.957042932510376,0.805880606174469
YOR056C,YFL002W-A,0,-0.8794692,0.10624375939369202,0.957042932510376,0.8059806227684021
YDR332W,YDR137W,0,-0.87962306,0.10623198002576828,0.957042932510376,0.8060805797576904
YCR055C,YNL005C,0,-0.8807416,0.10622020065784454,0.957042932510376,0.8061805963516235
YOR070C,YLR406C,0,-0.8807785,0.1062084287405014,0.957042932510376,0.8062806129455566
YDR016C,YGR074W,0,-0.8810488,0.10619664937257767,0.957042932510376,0.8063806295394897
YOR142W-A,YKR058W,0,-0.88123393,0.10618488490581512,0.957042932510376,0.8064806461334229
YGL224C,YKL100C,0,-0.88127446,0.10617311298847198,0.957042932510376,0.806580662727356
YPR023C,YMR004W,0,-0.8814801,0.10616134852170944,0.957042932510376,0.8066806793212891
YOR233W,YDR017C,0,-0.882651,0.1061495840549469,0.957042932510376,0.8067806959152222
YEL012W,YHL002W,0,-0.88304794,0.10613782703876495,0.957042932510376,0.8068807125091553
YBL042C,YPR049C,0,-0.88325614,0.10612606257200241,0.957042932510376,0.8069806694984436
YOL152W,YIL065C,0,-0.8833387,0.10611431300640106,0.957042932510376,0.8070806860923767
YJL018W,YDR293C,0,-0.8842437,0.10610255599021912,0.957042932510376,0.8071807026863098
YFR044C,YDR170W-A,0,-0.88448215,0.10609080642461777,0.957042932510376,0.8072807192802429
YDR392W,YMR164C,1,-0.8854319,0.1061897873878479,0.9580419659614563,0.8072807192802429
YBR297W,YDR210W-B,0,-0.88548565,0.10617803037166595,0.9580419659614563,0.807380735874176
YGR105W,YDR177W,0,-0.88559544,0.1061662808060646,0.9580419659614563,0.8074807524681091
YDR210W-A,YIR023W,0,-0.8857073,0.10615452378988266,0.9580419659614563,0.8075807690620422
YNL006W,YKL049C,0,-0.8862936,0.10614278167486191,0.9580419659614563,0.8076807856559753
YDR205W,YCR004C,0,-0.8863822,0.10613103210926056,0.9580419659614563,0.8077808022499084
YGR195W,YLR401C,0,-0.8872775,0.10611928999423981,0.9580419659614563,0.8078807592391968
YJL170C,YPL088W,0,-0.887774,0.10610754787921906,0.9580419659614563,0.8079807758331299
YMR130W,YBR021W,0,-0.88984764,0.1060958057641983,0.9580419659614563,0.808080792427063
YKL015W,YDR240C,0,-0.89024776,0.10608407109975815,0.9580419659614563,0.8081808090209961
YHR045W,YER061C,0,-0.89037216,0.106072336435318,0.9580419659614563,0.8082808256149292
YGL160W,YAL040C,0,-0.8908967,0.10606060922145844,0.9580419659614563,0.8083808422088623
YNL005C,YLR446W,0,-0.8910688,0.10604887455701828,0.9580419659614563,0.8084808588027954
YOR127W,YER108C,1,-0.891348,0.10614772140979767,0.9590409398078918,0.8084808588027954
YDL148C,YJL145W,0,-0.89138454,0.10613598674535751,0.9590409398078918,0.8085808753967285
YER164W,YKR006C,0,-0.89240247,0.10612425208091736,0.9590409398078918,0.8086808919906616
YGL133W,YIL145C,0,-0.8924135,0.1061125248670578,0.9590409398078918,0.80878084897995
YDL210W,YMR026C,0,-0.8926529,0.10610079765319824,0.9590409398078918,0.8088808655738831
YPL241C,YGR188C,0,-0.89277756,0.10608907043933868,0.9590409398078918,0.8089808821678162
YHL027W,YHR135C,0,-0.8930009,0.10607735067605972,0.9590409398078918,0.8090808987617493
YBL103C,YDR014W,0,-0.89329374,0.10606563091278076,0.9590409398078918,0.8091809153556824
YER001W,YOR291W,0,-0.8933068,0.1060539111495018,0.9590409398078918,0.8092809319496155
YMR162C,YNR013C,0,-0.8933083,0.10604219883680344,0.9590409398078918,0.8093809485435486
YGL244W,YNL256W,0,-0.89364284,0.10603048652410507,0.9590409398078918,0.8094809651374817
YMR280C,YLR295C,0,-0.8941387,0.10601877421140671,0.9590409398078918,0.8095809817314148
YDR236C,YDL216C,0,-0.89421356,0.10600706934928894,0.9590409398078918,0.8096809387207031
YIL026C,YJL062W-A,0,-0.8948772,0.10599536448717117,0.9590409398078918,0.8097809553146362
YBR024W,YNR016C,0,-0.8949666,0.1059836596250534,0.9590409398078918,0.8098809719085693
YJL172W,YOR306C,0,-0.89504194,0.10597196221351624,0.9590409398078918,0.8099809885025024
YBR074W,YER159C-A,0,-0.89537156,0.10596026480197906,0.9590409398078918,0.8100810050964355
YPL212C,YCL027C-A,0,-0.89538836,0.1059485673904419,0.9590409398078918,0.8101810216903687
YPL111W,YOR064C,0,-0.8954278,0.10593687742948532,0.9590409398078918,0.8102810382843018
YGL001C,YFL062W,0,-0.89543587,0.10592518746852875,0.9590409398078918,0.8103810548782349
YIL142W,YLR154W-A,0,-0.8955157,0.10591350495815277,0.9590409398078918,0.810481071472168
YEL016C,YJL047C,0,-0.895766,0.1059018224477768,0.9590409398078918,0.8105810284614563
YPL190C,YPL101W,0,-0.89591324,0.10589013993740082,0.9590409398078918,0.8106810450553894
YEL020C,YPL269W,0,-0.8960401,0.10587845742702484,0.9590409398078918,0.8107810616493225
YDR408C,YDR060W,0,-0.8960655,0.10586678236722946,0.9590409398078918,0.8108810782432556
YER045C,YOL086C,0,-0.8968049,0.10585510730743408,0.9590409398078918,0.8109810948371887
YIL017W,YMR078C,0,-0.89731455,0.1058434396982193,0.9590409398078918,0.8110811114311218
YDR210W-B,YBL105C,0,-0.89742815,0.10583177208900452,0.9590409398078918,0.8111811280250549
YGL210W,YHR011W,0,-0.8976897,0.10582010447978973,0.9590409398078918,0.811281144618988
YMR239C,YPL012W,0,-0.89775455,0.10580844432115555,0.9590409398078918,0.8113811612129211
YPR163C,YGR038C-A,0,-0.89796394,0.10579678416252136,0.9590409398078918,0.8114811778068542
YML080W,YER016W,0,-0.8983872,0.10578512400388718,0.9590409398078918,0.8115811347961426
YBR271W,YGR035C,0,-0.8990985,0.10577347129583359,0.9590409398078918,0.8116811513900757
YGL163C,YDL079C,0,-0.8991176,0.10576181858778,0.9590409398078918,0.8117811679840088
YDR097C,YPR158W-A,0,-0.89951295,0.10575016587972641,0.9590409398078918,0.8118811845779419
YLR278C,YLR014C,0,-0.8996871,0.10573852062225342,0.9590409398078918,0.811981201171875
YGL121C,YER147C,0,-0.9002501,0.10572687536478043,0.9590409398078918,0.8120812177658081
YLR312C-B,YOR351C,0,-0.9007644,0.10571523010730743,0.9590409398078918,0.8121812343597412
YGL046W,YLR312C-B,0,-0.9010693,0.10570359230041504,0.9590409398078918,0.8122812509536743
YIL160C,YCR009C,0,-0.90167373,0.10569195449352264,0.9590409398078918,0.8123812675476074
YBR004C,YDL020C,0,-0.9022831,0.10568031668663025,0.9590409398078918,0.8124812245368958
YDL200C,YDR363W-A,0,-0.9026277,0.10566868633031845,0.9590409398078918,0.8125812411308289
YCR093W,YHR060W,0,-0.90314496,0.10565705597400665,0.9590409398078918,0.812681257724762
YNL232W,YDL150W,0,-0.90403664,0.10564542561769485,0.9590409398078918,0.8127812743186951
YLR069C,YJL115W,0,-0.9040575,0.10563380271196365,0.9590409398078918,0.8128812909126282
YCL027C-A,YPL083C,0,-0.90414846,0.10562217980623245,0.9590409398078918,0.8129813075065613
YMR244C-A,YDR261C-D,0,-0.9042096,0.10561056435108185,0.9590409398078918,0.8130813241004944
YLL040C,YMR197C,0,-0.904716,0.10559894144535065,0.9590409398078918,0.8131813406944275
YJL012C-A,YJL210W,0,-0.90507215,0.10558732599020004,0.9590409398078918,0.8132813572883606
YDR302W,YPR192W,0,-0.90569174,0.10557571798563004,0.9590409398078918,0.8133813142776489
YNL113W,YFL035C,0,-0.9058845,0.10556410998106003,0.9590409398078918,0.813481330871582
YER002W,YAL005C,0,-0.9066159,0.10555250197649002,0.9590409398078918,0.8135813474655151
YNL138W,YOR088W,0,-0.9071373,0.10554089397192001,0.9590409398078918,0.8136813640594482
YCL075W,YPL012W,0,-0.90714777,0.1055292934179306,0.9590409398078918,0.8137813806533813
YPL129W,YOR205C,0,-0.9076146,0.10551769286394119,0.9590409398078918,0.8138813972473145
YPL259C,YJL071W,0,-0.9077292,0.10550609976053238,0.9590409398078918,0.8139814138412476
YFR015C,YBR297W,0,-0.90830517,0.10549450665712357,0.9590409398078918,0.8140814304351807
YHR052W,YKR026C,0,-0.90854335,0.10548291355371475,0.9590409398078918,0.8141814470291138
YJR017C,YIR023W,0,-0.9086667,0.10547132790088654,0.9590409398078918,0.8142814040184021
YER003C,YDR378C,0,-0.9088524,0.10545974224805832,0.9590409398078918,0.8143814206123352
YPL011C,YDL166C,0,-0.9094349,0.1054481565952301,0.9590409398078918,0.8144814372062683
YDR424C,YKR025W,0,-0.9094802,0.10543657094240189,0.9590409398078918,0.8145814538002014
YLR337W,YGR144W,0,-0.91037345,0.10542499274015427,0.9590409398078918,0.8146814703941345
YMR282C,YDR034C-C,0,-0.910554,0.10541341453790665,0.9590409398078918,0.8147814869880676
YDR034C-D,YER111C,0,-0.910554,0.10540184378623962,0.9590409398078918,0.8148815035820007
YMR134W,YDR331W,0,-0.91131836,0.1053902730345726,0.9590409398078918,0.8149815201759338
YLR337W,YOR211C,0,-0.9122354,0.10537870228290558,0.9590409398078918,0.8150815367698669
YNL335W,YLR057W,0,-0.9143941,0.10536713898181915,0.9590409398078918,0.8151814937591553
YKL120W,YDL056W,0,-0.9145577,0.10535557568073273,0.9590409398078918,0.8152815103530884
YGL100W,YLR157C-B,0,-0.9145644,0.1053440123796463,0.9590409398078918,0.8153815269470215
YDL112W,YDR409W,0,-0.9145684,0.10533245652914047,0.9590409398078918,0.8154815435409546
YDR255C,YDR402C,0,-0.9149205,0.10532090067863464,0.9590409398078918,0.8155815601348877
YIL083C,YDR363W-A,0,-0.91537046,0.10530934482812881,0.9590409398078918,0.8156815767288208
YNL107W,YBR087W,0,-0.91545856,0.10529779642820358,0.9590409398078918,0.8157815933227539
YAL017W,YHR140W,0,-0.91598386,0.10528624802827835,0.9590409398078918,0.815881609916687
YBR222C,YKL096W,0,-0.9177317,0.10527469962835312,0.9590409398078918,0.8159816265106201
YHR184W,YLR224W,0,-0.9178413,0.10526315867900848,0.9590409398078918,0.8160815834999084
YJR056C,YAL063C,0,-0.91883,0.10525161772966385,0.9590409398078918,0.8161816000938416
YNL271C,YML018C,0,-0.9200313,0.10524007678031921,0.9590409398078918,0.8162816166877747
YDR140W,YEL058W,0,-0.9201907,0.10522854328155518,0.9590409398078918,0.8163816332817078
YOR381W,YCL057C-A,0,-0.92029196,0.10521700978279114,0.9590409398078918,0.8164816498756409
YGL155W,YLR032W,0,-0.92035747,0.1052054762840271,0.9590409398078918,0.816581666469574
YPR133W-A,YPR137C-A,0,-0.92118275,0.10519395023584366,0.9590409398078918,0.8166816830635071
YPL150W,YCR009C,0,-0.9218668,0.10518242418766022,0.9590409398078918,0.8167816996574402
YLR227W-B,YOR057W,0,-0.9218799,0.10517090559005737,0.9590409398078918,0.8168817162513733
YOR198C,YMR228W,0,-0.9222336,0.10515937954187393,0.9590409398078918,0.8169816732406616
YLR097C,YLR262C,0,-0.9225144,0.10514786094427109,0.9590409398078918,0.8170816898345947
YDR134C,YDR460W,0,-0.9226857,0.10513634979724884,0.9590409398078918,0.8171817064285278
YLR214W,YJL062W-A,0,-0.9234344,0.10512483865022659,0.9590409398078918,0.8172817230224609
YLR309C,YNR003C,0,-0.9247171,0.10511332750320435,0.9590409398078918,0.817381739616394
YKL146W,YIL073C,0,-0.9247718,0.1051018163561821,0.9590409398078918,0.8174817562103271
YGL227W,YER075C,0,-0.92526394,0.10509031265974045,0.9590409398078918,0.8175817728042603
YOR312C,YOR054C,0,-0.92577946,0.1050788089632988,0.9590409398078918,0.8176817893981934
YPL158C,YER099C,0,-0.9266417,0.10506730526685715,0.9590409398078918,0.8177818059921265
YER137C-A,YKL148C,0,-0.92734814,0.1050558090209961,0.9590409398078918,0.8178817629814148
YML039W,YPL108W,0,-0.92742753,0.10504431277513504,0.9590409398078918,0.8179817795753479
YPR002W,YGR161C-C,0,-0.9275168,0.10503282397985458,0.9590409398078918,0.818081796169281
YDR090C,YOL138C,0,-0.9276769,0.10502133518457413,0.9590409398078918,0.8181818127632141
YOR367W,YLR312C-B,0,-0.9276841,0.10500984638929367,0.9590409398078918,0.8182818293571472
YGR109W-B,YIL162W,0,-0.9280276,0.10499835759401321,0.9590409398078918,0.8183818459510803
YNL227C,YDL111C,0,-0.9280404,0.10498687624931335,0.9590409398078918,0.8184818625450134
YNL129W,YDR141C,0,-0.9281421,0.1049753949046135,0.9590409398078918,0.8185818791389465
YNR070W,YJL095W,0,-0.92823654,0.10496392101049423,0.9590409398078918,0.8186818957328796
YBR239C,YGR074W,0,-0.9283271,0.10495244711637497,0.9590409398078918,0.818781852722168
YPR083W,YGR071C,0,-0.9287466,0.1049409732222557,0.9590409398078918,0.8188818693161011
YCL062W,YOL156W,0,-0.92901504,0.10492949932813644,0.9590409398078918,0.8189818859100342
YPR103W,YLR342W,0,-0.9290246,0.10491803288459778,0.9590409398078918,0.8190819025039673
YOL108C,YPR189W,0,-0.9298222,0.10490656644105911,0.9590409398078918,0.8191819190979004
YLR312C-B,YNL068C,1,-0.93045753,0.10500437021255493,0.9600399732589722,0.8191819190979004
YCL033C,YNR056C,0,-0.93065345,0.10499289631843567,0.9600399732589722,0.8192819356918335
YNL106C,YGL017W,0,-0.9312305,0.104981429874897,0.9600399732589722,0.8193819522857666
YDR261W-B,YDR329C,0,-0.9322029,0.10496996343135834,0.9600399732589722,0.8194819688796997
YER002W,YOR159C,0,-0.93231046,0.10495849698781967,0.9600399732589722,0.8195819854736328
YOR373W,YDL133C-A,0,-0.93241906,0.1049470379948616,0.9600399732589722,0.8196819424629211
YMR119W,YNL291C,0,-0.9331903,0.10493557900190353,0.9600399732589722,0.8197819590568542
YMR087W,YHR174W,0,-0.93330497,0.10492412000894547,0.9600399732589722,0.8198819756507874
YNL182C,YGL254W,0,-0.9334245,0.1049126610159874,0.9600399732589722,0.8199819922447205
YGR087C,YDR261C-D,0,-0.93343335,0.10490120947360992,0.9600399732589722,0.8200820088386536
YLR188W,YBL019W,0,-0.9354126,0.10488976538181305,0.9600399732589722,0.8201820254325867
YGR161W-B,YMR044W,0,-0.9356028,0.10487831383943558,0.9600399732589722,0.8202820420265198
YOR361C,YDR313C,0,-0.9356148,0.1048668697476387,0.9600399732589722,0.8203820586204529
YJR044C,YDL006W,0,-0.935821,0.10485542565584183,0.9600399732589722,0.820482075214386
YHR147C,YFL041W,0,-0.9358375,0.10484398901462555,0.9600399732589722,0.8205820322036743
YIL041W,YJR126C,0,-0.9358687,0.10483255237340927,0.9600399732589722,0.8206820487976074
YMR247C,YMR038C,0,-0.93587315,0.104821115732193,0.9600399732589722,0.8207820653915405
YIL134W,YNL268W,0,-0.93702376,0.10480968654155731,0.9600399732589722,0.8208820819854736
YDR052C,YGR061C,0,-0.9380903,0.10479825735092163,0.9600399732589722,0.8209820985794067
YER026C,YDR003W,0,-0.938253,0.10478682816028595,0.9600399732589722,0.8210821151733398
YMR270C,YLL054C,0,-0.93848807,0.10477540642023087,0.9600399732589722,0.821182131767273
YHR214C-B,YIL101C,0,-0.93853676,0.10476398468017578,0.9600399732589722,0.821282148361206
YBR253W,YOL054W,0,-0.938805,0.1047525629401207,0.9600399732589722,0.8213821649551392
YLR312C-B,YPL177C,0,-0.9391767,0.10474114120006561,0.9600399732589722,0.8214821219444275
YPR098C,YLL034C,0,-0.93931216,0.10472972691059113,0.9600399732589722,0.8215821385383606
YPR096C,YOL138C,0,-0.93968177,0.10471832007169724,0.9600399732589722,0.8216821551322937
YGL237C,YOR360C,0,-0.93970126,0.10470690578222275,0.9600399732589722,0.8217821717262268
YDR211W,YDR186C,0,-0.93980384,0.10469549894332886,0.9600399732589722,0.8218821883201599
YGL121C,YDR034C-C,0,-0.9398916,0.10468409955501556,0.9600399732589722,0.821982204914093
YKR054C,YPL101W,0,-0.9400289,0.10467269271612167,0.9600399732589722,0.8220822215080261
YJR093C,YLR410W-A,0,-0.9400749,0.10466129332780838,0.9600399732589722,0.8221822381019592
YKL084W,YDL171C,0,-0.94046193,0.10464989393949509,0.9600399732589722,0.8222822546958923
YOR205C,YGR281W,0,-0.9406732,0.10463850200176239,0.9600399732589722,0.8223822116851807
YLR312C-B,YDR251W,1,-0.9408748,0.10473598539829254,0.9610389471054077,0.8223822116851807
YDR291W,YOR142W-A,0,-0.9414545,0.10472457855939865,0.9610389471054077,0.8224822282791138
YDR307W,YDR316W-A,0,-0.9416392,0.10471317917108536,0.9610389471054077,0.8225822448730469
YKL093W,YAL029C,0,-0.9422521,0.10470178723335266,0.9610389471054077,0.82268226146698
YIL131C,YGR031C-A,0,-0.9423473,0.10469038784503937,0.9610389471054077,0.8227822780609131
YJR004C,YKL084W,0,-0.94249344,0.10467899590730667,0.9610389471054077,0.8228822946548462
YAL039C,YGL250W,0,-0.94346166,0.10466761142015457,0.9610389471054077,0.8229823112487793
YCR067C,YDR177W,0,-0.94417506,0.10465621948242188,0.9610389471054077,0.8230823278427124
YJL137C,YGR284C,0,-0.944214,0.10464483499526978,0.9610389471054077,0.8231823444366455
YCL074W,YMR172W,0,-0.9444463,0.10463345795869827,0.9610389471054077,0.8232823014259338
YCR028C-A,YGR092W,0,-0.9444491,0.10462208092212677,0.9610389471054077,0.8233823180198669
YBR122C,YKL209C,0,-0.94504833,0.10461070388555527,0.9610389471054077,0.8234823346138
YCR020W-B,YHR094C,0,-0.94515204,0.10459932684898376,0.9610389471054077,0.8235823512077332
YGR287C,YCR009C,0,-0.9454013,0.10458795726299286,0.9610389471054077,0.8236823678016663
YLR410W-A,YAL014C,0,-0.9454832,0.10457658767700195,0.9610389471054077,0.8237823843955994
YMR061W,YNL258C,0,-0.94555724,0.10456521809101105,0.9610389471054077,0.8238824009895325
YOR007C,YBR172C,0,-0.9459021,0.10455385595560074,0.9610389471054077,0.8239824175834656
YLR309C,YIL142W,0,-0.9467616,0.10454249382019043,0.9610389471054077,0.8240824341773987
YOL027C,YJL071W,0,-0.9468744,0.10453113168478012,0.9610389471054077,0.824182391166687
YGR027W-A,YBR258C,0,-0.9469025,0.10451977699995041,0.9610389471054077,0.8242824077606201
YBR281C,YEL004W,0,-0.9470588,0.1045084223151207,0.9610389471054077,0.8243824243545532
YNL134C,YML058W-A,0,-0.94714046,0.10449706763029099,0.9610389471054077,0.8244824409484863
YMR315W,YHR134W,0,-0.9472427,0.10448572039604187,0.9610389471054077,0.8245824575424194
YBR059C,YJR103W,0,-0.9484276,0.10447437316179276,0.9610389471054077,0.8246824741363525
YNL331C,YNL134C,0,-0.9489887,0.10446302592754364,0.9610389471054077,0.8247824907302856
YCR098C,YHR039C-B,0,-0.94906086,0.10445168614387512,0.9610389471054077,0.8248825073242188
YDR236C,YHR081W,0,-0.9490914,0.1044403463602066,0.9610389471054077,0.8249825239181519
YKL074C,YOR142W-B,0,-0.95064235,0.10442900657653809,0.9610389471054077,0.8250824809074402
YCR060W,YDL126C,0,-0.9515141,0.10441767424345016,0.9610389471054077,0.8251824975013733
YIL159W,YPL269W,0,-0.9516368,0.10440633445978165,0.9610389471054077,0.8252825140953064
YMR004W,YGL134W,0,-0.9518261,0.10439500957727432,0.9610389471054077,0.8253825306892395
YMR227C,YOR123C,0,-0.95261276,0.1043836772441864,0.9610389471054077,0.8254825472831726
YOR391C,YAR044W,0,-0.9526231,0.10437235236167908,0.9610389471054077,0.8255825638771057
YOR324C,YMR295C,0,-0.95310795,0.10436103492975235,0.9610389471054077,0.8256825804710388
YOL003C,YGR031C-A,0,-0.9537267,0.10434971004724503,0.9610389471054077,0.8257825970649719
YDR302W,YCL020W,0,-0.9538379,0.1043383926153183,0.9610389471054077,0.825882613658905
YJR026W,YLR117C,0,-0.95400655,0.10432708263397217,0.9610389471054077,0.8259825706481934
YMR277W,YOR151C,0,-0.95425564,0.10431576520204544,0.9610389471054077,0.8260825872421265
YLR362W,YDL024C,1,-0.95469785,0.10441288352012634,0.962037980556488,0.8260825872421265
YJR036C,YPL060C-A,0,-0.95472944,0.10440155863761902,0.962037980556488,0.8261826038360596
YHL022C,YDL111C,0,-0.95487285,0.10439024120569229,0.962037980556488,0.8262826204299927
YFR031C,YCR003W,0,-0.95497286,0.10437893122434616,0.962037980556488,0.8263826370239258
YCL020W,YDR225W,0,-0.95553875,0.10436761379241943,0.962037980556488,0.8264826536178589
YLL001W,YNL244C,0,-0.9556955,0.1043563038110733,0.962037980556488,0.826582670211792
YDR143C,YOR171C,0,-0.95593727,0.10434500128030777,0.962037980556488,0.8266826868057251
YGR272C,YOL156W,0,-0.9561113,0.10433369129896164,0.962037980556488,0.8267827033996582
YPR190C,YBL079W,0,-0.95675087,0.1043223887681961,0.962037980556488,0.8268826603889465
YLR133W,YKL176C,0,-0.9567671,0.10431109368801117,0.962037980556488,0.8269826769828796
YDR210C-C,YIL021W,0,-0.9576343,0.10429979115724564,0.962037980556488,0.8270826935768127
YGR002C,YFL002W-A,0,-0.9577418,0.1042884960770607,0.962037980556488,0.8271827101707458
YER108C,YHR084W,1,-0.9584886,0.10438548773527145,0.9630369544029236,0.8271827101707458
YPR022C,YDL201W,0,-0.9585366,0.10437418520450592,0.9630369544029236,0.827282726764679
YML085C,YGR247W,0,-0.9586069,0.10436289012432098,0.9630369544029236,0.8273827433586121
YOR054C,YJL177W,0,-0.95861626,0.10435158759355545,0.9630369544029236,0.8274827599525452
YKL178C,YIR035C,0,-0.9587204,0.10434029996395111,0.9630369544029236,0.8275827765464783
YGR090W,YNL191W,0,-0.9588493,0.10432900488376617,0.9630369544029236,0.8276827931404114
YHR111W,YER108C,1,-0.9594659,0.10442592948675156,0.9640359878540039,0.8276827931404114
YPR158C-C,YHR081W,0,-0.95975757,0.10441462695598602,0.9640359878540039,0.8277827501296997
YKR061W,YDR134C,0,-0.96062756,0.10440333187580109,0.9640359878540039,0.8278827667236328
YML039W,YLL062C,0,-0.96122444,0.10439203679561615,0.9640359878540039,0.8279827833175659
YHR045W,YAL024C,0,-0.96123713,0.10438074916601181,0.9640359878540039,0.828082799911499
YJL008C,YOR143C,0,-0.96171844,0.10436945408582687,0.9640359878540039,0.8281828165054321
YOL057W,YKL093W,0,-0.96193326,0.10435817390680313,0.9640359878540039,0.8282828330993652
YDR518W,YLR132C,0,-0.9625692,0.10434688627719879,0.9640359878540039,0.8283828496932983
YCR097W,YDR210W-A,0,-0.9629426,0.10433560609817505,0.9640359878540039,0.8284828662872314
YJR160C,YMR086W,0,-0.96324456,0.1043243259191513,0.9640359878540039,0.8285828828811646
YLR256W-A,YER088C,0,-0.9637675,0.10431304574012756,0.9640359878540039,0.8286828398704529
YIL108W,YJL047C,0,-0.963905,0.10430177301168442,0.9640359878540039,0.828782856464386
YDR210W-A,YIL126W,0,-0.96391886,0.10429050028324127,0.9640359878540039,0.8288828730583191
YPR118W,YBR296C,0,-0.96395665,0.10427922755479813,0.9640359878540039,0.8289828896522522
YDR365W-B,YDR081C,0,-0.9641148,0.10426796227693558,0.9640359878540039,0.8290829062461853
YAL005C,YBR288C,0,-0.96445477,0.10425669699907303,0.9640359878540039,0.8291829228401184
YLR227W-B,YDR126W,0,-0.96509814,0.10424543917179108,0.9640359878540039,0.8292829394340515
YGR012W,YNR051C,0,-0.96530545,0.10423417389392853,0.9640359878540039,0.8293829560279846
YER048C,YOR343W-B,0,-0.9654914,0.10422291606664658,0.9640359878540039,0.8294829726219177
YOL082W,YBR261C,0,-0.9657476,0.10421166568994522,0.9640359878540039,0.829582929611206
YNL267W,YGR038W,0,-0.96612453,0.10420040786266327,0.9640359878540039,0.8296829462051392
YDR210W,YOL065C,0,-0.9661913,0.10418915748596191,0.9640359878540039,0.8297829627990723
YML069W,YER113C,0,-0.96679497,0.10417791455984116,0.9640359878540039,0.8298829793930054
YDR402C,YDR034C-C,0,-0.96688664,0.1041666641831398,0.9640359878540039,0.8299829959869385
YDL056W,YDR393W,0,-0.9675213,0.10415542125701904,0.9640359878540039,0.8300830125808716
YLR233C,YOR142W-A,0,-0.9687991,0.10414418578147888,0.9640359878540039,0.8301830291748047
YGR155W,YMR056C,0,-0.9689549,0.10413294285535812,0.9640359878540039,0.8302830457687378
YCR070W,YLR406C,0,-0.9692162,0.10412170737981796,0.9640359878540039,0.8303830623626709
YKL035W,YDL114W,0,-0.9692558,0.1041104793548584,0.9640359878540039,0.8304830193519592
YOR378W,YOR279C,0,-0.96953374,0.10409924387931824,0.9640359878540039,0.8305830359458923
YDR034C-D,YML060W,0,-0.96962476,0.10408801585435867,0.9640359878540039,0.8306830525398254
YER146W,YKL179C,0,-0.96977067,0.10407678782939911,0.9640359878540039,0.8307830691337585
YGL184C,YKL158W,0,-0.97006184,0.10406556725502014,0.9640359878540039,0.8308830857276917
YPL074W,YJL148W,0,-0.9701756,0.10405434668064117,0.9640359878540039,0.8309831023216248
YGL090W,YPL101W,0,-0.9702177,0.10404312610626221,0.9640359878540039,0.8310831189155579
YJL178C,YNL098C,0,-0.97037494,0.10403191298246384,0.9640359878540039,0.831183135509491
YGL244W,YOR343W-A,0,-0.9712095,0.10402069985866547,0.9640359878540039,0.8312831521034241
YER042W,YDR115W,0,-0.9716575,0.1040094867348671,0.9640359878540039,0.8313831090927124
YCR087C-A,YGL172W,0,-0.97203183,0.10399827361106873,0.9640359878540039,0.8314831256866455
YHR065C,YPL212C,0,-0.97206527,0.10398706793785095,0.9640359878540039,0.8315831422805786
YJL130C,YLR410W-A,0,-0.9720751,0.10397586226463318,0.9640359878540039,0.8316831588745117
YPL072W,YGR154C,0,-0.97256637,0.103964664041996,0.9640359878540039,0.8317831754684448
YPR166C,YMR264W,0,-0.9734908,0.10395346581935883,0.9640359878540039,0.8318831920623779
YDR358W,YDR261C-C,0,-0.97372806,0.10394226759672165,0.9640359878540039,0.831983208656311
YER109C,YNL119W,1,-0.9737635,0.1040387749671936,0.9650349617004395,0.831983208656311
YOL157C,YGL145W,0,-0.9738808,0.10402756929397583,0.9650349617004395,0.8320832252502441
YBL069W,YHR039C-B,0,-0.974012,0.10401636362075806,0.9650349617004395,0.8321832418441772
YKR024C,YIL004C,0,-0.97425413,0.10400516539812088,0.9650349617004395,0.8322831988334656
YHR039C-A,YNL102W,0,-0.9743663,0.1039939746260643,0.9650349617004395,0.8323832154273987
YIL155C,YKL038W,0,-0.9751774,0.10398277640342712,0.9650349617004395,0.8324832320213318
YDR255C,YER098W,0,-0.9760584,0.10397158563137054,0.9650349617004395,0.8325832486152649
YBR235W,YKR022C,0,-0.97650087,0.10396039485931396,0.9650349617004395,0.832683265209198
YPR191W,YCL003W,0,-0.97666,0.10394921153783798,0.9650349617004395,0.8327832818031311
YMR164C,YKL043W,1,-0.97732824,0.10404562205076218,0.9660339951515198,0.8327832818031311
YGR009C,YMR128W,0,-0.97735065,0.104034423828125,0.9660339951515198,0.8328832983970642
YML087C,YOL107W,0,-0.9776513,0.10402323305606842,0.9660339951515198,0.8329833149909973
YIR039C,YCR080W,0,-0.97783077,0.10401204973459244,0.9660339951515198,0.8330833315849304
YGR121C,YGR027W-B,0,-0.97785825,0.10400085896253586,0.9660339951515198,0.8331832885742188
YGR216C,YMR051C,0,-0.9779639,0.10398967564105988,0.9660339951515198,0.8332833051681519
YDR369C,YAR003W,0,-0.9781438,0.10397849231958389,0.9660339951515198,0.833383321762085
YML009C,YPR183W,0,-0.9782484,0.10396731644868851,0.9660339951515198,0.8334833383560181
YNL231C,YKL154W,0,-0.9786701,0.10395614057779312,0.9660339951515198,0.8335833549499512
YFR029W,YML097C,0,-0.9789396,0.10394496470689774,0.9660339951515198,0.8336833715438843
YFL044C,YMR135C,0,-0.97911584,0.10393378883600235,0.9660339951515198,0.8337833881378174
YOR301W,YDL217C,0,-0.9791844,0.10392262041568756,0.9660339951515198,0.8338834047317505
YLR419W,YKR060W,0,-0.97943157,0.10391145199537277,0.9660339951515198,0.8339834213256836
YDR264C,YNL003C,0,-0.9797137,0.10390029102563858,0.9660339951515198,0.8340834379196167
YOR075W,YER133W,0,-0.98000276,0.10388913005590439,0.9660339951515198,0.834183394908905
YKL022C,YMR051C,0,-0.9805368,0.1038779690861702,0.9660339951515198,0.8342834115028381
YPL159C,YGR089W,0,-0.9806635,0.103866808116436,0.9660339951515198,0.8343834280967712
YPR005C,YNL054W-B,0,-0.9808871,0.10385565459728241,0.9660339951515198,0.8344834446907043
YGR036C,YER069W,0,-0.9809942,0.10384450107812881,0.9660339951515198,0.8345834612846375
YPR158W-A,YGR038C-B,0,-0.9830122,0.10383334755897522,0.9660339951515198,0.8346834778785706
YPL027W,YLR157C-B,0,-0.9848571,0.10382220149040222,0.9660339951515198,0.8347834944725037
YMR043W,YNL302C,0,-0.9873142,0.10381105542182922,0.9660339951515198,0.8348835110664368
YDR155C,YML065W,0,-0.9877224,0.10379991680383682,0.9660339951515198,0.8349835276603699
YGL185C,YCL074W,0,-0.98784107,0.10378877073526382,0.9660339951515198,0.8350834846496582
YCL063W,YJR021C,0,-0.98813725,0.10377763211727142,0.9660339951515198,0.8351835012435913
YOL094C,YPR158W-A,0,-0.9884581,0.10376650094985962,0.9660339951515198,0.8352835178375244
YER048W-A,YNR073C,0,-0.9888561,0.10375536233186722,0.9660339951515198,0.8353835344314575
YLR071C,YJL111W,0,-0.9889535,0.10374423116445541,0.9660339951515198,0.8354835510253906
YCR094W,YPL083C,0,-0.9892155,0.1037331074476242,0.9660339951515198,0.8355835676193237
YPL021W,YER108C,1,-0.9900409,0.10382924228906631,0.9670329689979553,0.8355835676193237
YCL075W,YFL008W,0,-0.99097455,0.10381810367107391,0.9670329689979553,0.8356835842132568
YFL002W-B,YKR056W,0,-0.9913485,0.10380697250366211,0.9670329689979553,0.8357836008071899
YFL029C,YDR017C,0,-0.9914291,0.1037958413362503,0.9670329689979553,0.835883617401123
YGR285C,YCR026C,0,-0.9917917,0.1037847101688385,0.9670329689979553,0.8359835743904114
YNL061W,YCR080W,0,-0.9919392,0.1037735864520073,0.9670329689979553,0.8360835909843445
YLL062C,YJL165C,0,-0.99197584,0.10376246273517609,0.9670329689979553,0.8361836075782776
YOR339C,YKL108W,0,-0.9920475,0.10375133901834488,0.9670329689979553,0.8362836241722107
YCR002C,YER098W,0,-0.99231553,0.10374022275209427,0.9670329689979553,0.8363836407661438
YDR036C,YDL008W,0,-0.99244237,0.10372910648584366,0.9670329689979553,0.8364836573600769
YBR281C,YLR154W-A,0,-0.9925281,0.10371799021959305,0.9670329689979553,0.83658367395401
YER137C-A,YBR201W,0,-0.99275696,0.10370688140392303,0.9670329689979553,0.8366836905479431
YCL011C,YNL071W,0,-0.99306417,0.10369576513767242,0.9670329689979553,0.8367837071418762
YDR229W,YGR101W,0,-0.99368083,0.10368466377258301,0.9670329689979553,0.8368836641311646
YDR044W,YOR278W,0,-0.99384356,0.103673554956913,0.9670329689979553,0.8369836807250977
YCR057C,YKL035W,0,-0.99396616,0.10366245359182358,0.9670329689979553,0.8370836973190308
YBR115C,YDR210W-B,0,-0.994106,0.10365135222673416,0.9670329689979553,0.8371837139129639
YHR060W,YDR186C,0,-0.9943644,0.10364025831222534,0.9670329689979553,0.837283730506897
YNL330C,YDL077C,0,-0.99453795,0.10362916439771652,0.9670329689979553,0.8373837471008301
YNL197C,YDL213C,0,-0.99481654,0.1036180704832077,0.9670329689979553,0.8374837636947632
YMR268W-A,YPR201W,0,-0.9952303,0.10360697656869888,0.9670329689979553,0.8375837802886963
YMR240C,YBL078C,0,-0.995426,0.10359589010477066,0.9670329689979553,0.8376837968826294
YHL019C,YBR221C,0,-0.99733657,0.10358480364084244,0.9670329689979553,0.8377837538719177
YPL236C,YEL046C,0,-0.9975553,0.10357372462749481,0.9670329689979553,0.8378837704658508
YJR147W,YER108C,1,-0.9975897,0.10366962850093842,0.9680319428443909,0.8378837704658508
YBR217W,YMR099C,0,-0.9980211,0.1036585345864296,0.9680319428443909,0.8379837870597839
YPL276W,YJR103W,0,-0.99856627,0.10364744812250137,0.9680319428443909,0.838083803653717
YML104C,YBR041W,0,-0.9988536,0.10363636165857315,0.9680319428443909,0.8381838202476501
YOR174W,YNL265C,0,-0.99885774,0.10362528264522552,0.9680319428443909,0.8382838368415833
YPR080W,YOL040C,0,-0.9989662,0.1036142036318779,0.9680319428443909,0.8383838534355164
YDR481C,YGR038C-B,0,-0.99907756,0.10360312461853027,0.9680319428443909,0.8384838700294495
YIL132C,YJR097W,0,-0.9997913,0.10359204560518265,0.9680319428443909,0.8385838866233826
YDR392W,YER108C,1,-0.9997945,0.10368786752223969,0.9690309762954712,0.8385838866233826
YMR032W,YMR176W,0,-0.9998463,0.10367678850889206,0.9690309762954712,0.8386838436126709
YPL017C,YER069W,0,-0.9999349,0.10366570204496384,0.9690309762954712,0.838783860206604
YDL150W,YOR151C,0,-1.0002587,0.10365463048219681,0.9690309762954712,0.8388838768005371
YAL017W,YJR013W,0,-1.0004297,0.10364355146884918,0.9690309762954712,0.8389838933944702
YKR081C,YNL138W-A,0,-1.001746,0.10363247990608215,0.9690309762954712,0.8390839099884033
YGR035C,YPR124W,0,-1.0021453,0.10362140834331512,0.9690309762954712,0.8391839265823364
YHR034C,YDR003W,0,-1.0024712,0.1036103367805481,0.9690309762954712,0.8392839431762695
YDR494W,YDL066W,0,-1.0027677,0.10359927266836166,0.9690309762954712,0.8393839597702026
YER161C,YKR020W,0,-1.0032527,0.10358820855617523,0.9690309762954712,0.8394839763641357
YPR011C,YKL174C,0,-1.0032948,0.1035771518945694,0.9690309762954712,0.8395839333534241
YHL044W,YOR216C,0,-1.0037067,0.10356608778238297,0.9690309762954712,0.8396839499473572
YDL109C,YJL125C,0,-1.0044501,0.10355503112077713,0.9690309762954712,0.8397839665412903
YGL136C,YDR197W,0,-1.0044719,0.10354398190975189,0.9690309762954712,0.8398839831352234
YMR240C,YOR037W,0,-1.0053505,0.10353292524814606,0.9690309762954712,0.8399839997291565
YCR053W,YBR175W,0,-1.0058353,0.10352187603712082,0.9690309762954712,0.8400840163230896
YJL113W,YLR388W,0,-1.0089405,0.10351083427667618,0.9690309762954712,0.8401840329170227
YLR015W,YOR257W,0,-1.0093428,0.10349978506565094,0.9690309762954712,0.8402840495109558
YCR017C,YGL234W,0,-1.0093912,0.1034887433052063,0.9690309762954712,0.8403840661048889
YPL190C,YOR304C-A,0,-1.0095732,0.10347770154476166,0.9690309762954712,0.8404840230941772
YML015C,YPL231W,0,-1.0095831,0.10346666723489761,0.9690309762954712,0.8405840396881104
YAR008W,YPR168W,0,-1.0100324,0.10345563292503357,0.9690309762954712,0.8406840562820435
YDR166C,YHR200W,0,-1.0101473,0.10344459861516953,0.9690309762954712,0.8407840728759766
YJR158W,YGR116W,0,-1.0104661,0.10343356430530548,0.9690309762954712,0.8408840894699097
YKL090W,YPR073C,0,-1.0105085,0.10342253744602203,0.9690309762954712,0.8409841060638428
YCR026C,YDR267C,0,-1.0111078,0.10341151058673859,0.9690309762954712,0.8410841226577759
YER160C,YNL122C,0,-1.012114,0.10340049117803574,0.9690309762954712,0.841184139251709
YLR187W,YNL256W,0,-1.0124555,0.10338947176933289,0.9690309762954712,0.8412841558456421
YPL204W,YOR151C,0,-1.0128015,0.10337845236063004,0.9690309762954712,0.8413841128349304
YDR156W,YPL257W-B,0,-1.0131457,0.10336743295192719,0.9690309762954712,0.8414841294288635
YPL066W,YOR089C,0,-1.0134013,0.10335642099380493,0.9690309762954712,0.8415841460227966
YML118W,YGL060W,0,-1.0139115,0.10334540903568268,0.9690309762954712,0.8416841626167297
YJL213W,YMR143W,0,-1.014406,0.10333439707756042,0.9690309762954712,0.8417841792106628
YNL178W,YCR020W-B,0,-1.0150459,0.10332339257001877,0.9690309762954712,0.841884195804596
YJL130C,YOR304C-A,0,-1.0159861,0.10331238806247711,0.9690309762954712,0.841984212398529
YKL092C,YKL096W,0,-1.0162275,0.10330138355493546,0.9690309762954712,0.8420842289924622
YIL017W,YJR044C,0,-1.0164983,0.1032903864979744,0.9690309762954712,0.8421842455863953
YPL094C,YDR316W-A,0,-1.0166904,0.10327938944101334,0.9690309762954712,0.8422842025756836
YJR025C,YDL021W,0,-1.0172966,0.10326839238405228,0.9690309762954712,0.8423842191696167
YKR020W,YJR082C,0,-1.017388,0.10325739532709122,0.9690309762954712,0.8424842357635498
YKL198C,YAL063C,0,-1.0174532,0.10324640572071075,0.9690309762954712,0.8425842523574829
YCR081W,YLR390W,0,-1.0174584,0.10323541611433029,0.9690309762954712,0.842684268951416
YER008C,YHL034C,0,-1.017611,0.10322443395853043,0.9690309762954712,0.8427842855453491
YHR045W,YML042W,0,-1.0177746,0.10321345180273056,0.9690309762954712,0.8428843021392822
YIR035C,YHR059W,0,-1.0182582,0.1032024696469307,0.9690309762954712,0.8429843187332153
YLL021W,YMR238W,1,-1.0189685,0.1032978743314743,0.9700299501419067,0.8429843187332153
YDL159W,YER108C,1,-1.0197034,0.10339325666427612,0.9710289835929871,0.8429843187332153
YBR159W,YJL156C,0,-1.0210999,0.10338225960731506,0.9710289835929871,0.8430843353271484
YDR524C,YCR094W,0,-1.0211782,0.103371262550354,0.9710289835929871,0.8431842923164368
YOR391C,YHR060W,0,-1.021251,0.10336027294397354,0.9710289835929871,0.8432843089103699
YNL138W,YJL012C-A,0,-1.0214647,0.10334928333759308,0.9710289835929871,0.843384325504303
YOL119C,YCR070W,0,-1.0215155,0.10333829373121262,0.9710289835929871,0.8434843420982361
YBL074C,YBR096W,0,-1.0224085,0.10332731157541275,0.9710289835929871,0.8435843586921692
YER002W,YER173W,0,-1.0233005,0.10331632941961288,0.9710289835929871,0.8436843752861023
YOR308C,YGR188C,0,-1.0235133,0.10330534726381302,0.9710289835929871,0.8437843918800354
YPR133W-A,YNL259C,0,-1.0236762,0.10329436510801315,0.9710289835929871,0.8438844084739685
YER147C,YLR266C,0,-1.0245781,0.10328339040279388,0.9710289835929871,0.8439844250679016
YHR058C,YML111W,0,-1.0249988,0.10327241569757462,0.9710289835929871,0.8440843820571899
YDR104C,YDR014W,0,-1.0255169,0.10326144844293594,0.9710289835929871,0.844184398651123
YBL036C,YKL112W,0,-1.025577,0.10325048118829727,0.9710289835929871,0.8442844152450562
YGL158W,YBR234C,0,-1.0261348,0.1032395139336586,0.9710289835929871,0.8443844318389893
YDR196C,YGR027W-B,0,-1.0267097,0.10322854667901993,0.9710289835929871,0.8444844484329224
YDR205W,YJL099W,0,-1.0268455,0.10321758687496185,0.9710289835929871,0.8445844650268555
YMR267W,YBR264C,0,-1.0271486,0.10320662707090378,0.9710289835929871,0.8446844816207886
YKR003W,YLL027W,0,-1.0272317,0.1031956672668457,0.9710289835929871,0.8447844982147217
YNR041C,YBR056W,0,-1.0273365,0.10318471491336823,0.9710289835929871,0.8448845148086548
YHR214C-B,YER159C-A,0,-1.0274899,0.10317376255989075,0.9710289835929871,0.8449844717979431
YKR022C,YBR287W,0,-1.0277373,0.10316281020641327,0.9710289835929871,0.8450844883918762
YBR021W,YPL122C,0,-1.0286864,0.10315186530351639,0.9710289835929871,0.8451845049858093
YDR238C,YNL095C,0,-1.029799,0.1031409204006195,0.9710289835929871,0.8452845215797424
YLR312C-B,YIL131C,1,-1.030427,0.10323607176542282,0.9720279574394226,0.8452845215797424
YDR210W,YFL002W-A,0,-1.0308728,0.10322511941194534,0.9720279574394226,0.8453845381736755
YGR163W,YCL060C,0,-1.0313787,0.10321417450904846,0.9720279574394226,0.8454845547676086
YCL055W,YDL195W,0,-1.0314934,0.10320322215557098,0.9720279574394226,0.8455845713615417
YIL177C,YDR316W-A,0,-1.0319989,0.1031922772526741,0.9720279574394226,0.8456845879554749
YNR032W,YGR010W,0,-1.0321503,0.10318133980035782,0.9720279574394226,0.845784604549408
YKL103C,YLR262C,0,-1.0329392,0.10317039489746094,0.9720279574394226,0.8458845615386963
YGL222C,YDR307W,0,-1.032942,0.10315945744514465,0.9720279574394226,0.8459845781326294
YOR131C,YDL054C,0,-1.033118,0.10314851999282837,0.9720279574394226,0.8460845947265625
YLR410W-A,YDR265W,0,-1.0339701,0.10313758999109268,0.9720279574394226,0.8461846113204956
YCR028C,YGR095C,0,-1.0342488,0.1031266525387764,0.9720279574394226,0.8462846279144287
YKR009C,YLR081W,0,-1.0345323,0.10311572998762131,0.9720279574394226,0.8463846445083618
YKL158W,YNR070W,0,-1.0345967,0.10310479998588562,0.9720279574394226,0.8464846611022949
YNR061C,YNL245C,0,-1.0351558,0.10309387743473053,0.9720279574394226,0.846584677696228
YML132W,YDR261W-B,0,-1.0353887,0.10308295488357544,0.9720279574394226,0.8466846942901611
YDR382W,YOR246C,0,-1.0356226,0.10307203233242035,0.9720279574394226,0.8467846512794495
YNL326C,YCL045C,0,-1.0363004,0.10306111723184586,0.9720279574394226,0.8468846678733826
YPR137C-B,YKL206C,0,-1.036382,0.10305020213127136,0.9720279574394226,0.8469846844673157
YJR065C,YMR122W-A,0,-1.0370839,0.10303928703069687,0.9720279574394226,0.8470847010612488
YOL062C,YDR034C-C,0,-1.0375676,0.10302837938070297,0.9720279574394226,0.8471847176551819
YPL101W,YDR320C,0,-1.0376966,0.10301747173070908,0.9720279574394226,0.847284734249115
YEL017C-A,YBR289W,0,-1.038125,0.10300656408071518,0.9720279574394226,0.8473847508430481
YJL114W,YKL010C,0,-1.0383987,0.10299565643072128,0.9720279574394226,0.8474847674369812
YKR046C,YDR170W-A,0,-1.0392056,0.10298475623130798,0.9720279574394226,0.8475847840309143
YGR014W,YGR092W,0,-1.0395489,0.10297385603189468,0.9720279574394226,0.8476847410202026
YJR145C,YPL060C-A,0,-1.0405133,0.10296296328306198,0.9720279574394226,0.8477847576141357
YJR119C,YLR272C,0,-1.040591,0.10295207053422928,0.9720279574394226,0.8478847742080688
YPL162C,YMR211W,0,-1.0406376,0.10294117778539658,0.9720279574394226,0.847984790802002
YLR066W,YLR157C-B,0,-1.0409582,0.10293028503656387,0.9720279574394226,0.8480848073959351
YPL257W-A,YHR216W,0,-1.0417616,0.10291939973831177,0.9720279574394226,0.8481848239898682
YJR137C,YLR133W,0,-1.0418595,0.10290851444005966,0.9720279574394226,0.8482848405838013
YBL018C,YOR142W-B,0,-1.0435604,0.10289762914180756,0.9720279574394226,0.8483848571777344
YJR091C,YHR123W,0,-1.0440435,0.10288675129413605,0.9720279574394226,0.8484848737716675
YLR086W,YDR245W,0,-1.044491,0.10287587344646454,0.9720279574394226,0.8485848307609558
YKL222C,YDL143W,0,-1.0446968,0.10286499559879303,0.9720279574394226,0.8486848473548889
YJR135W-A,YER159C-A,0,-1.0453507,0.10285412520170212,0.9720279574394226,0.848784863948822
YLR035C-A,YNR007C,0,-1.0459619,0.1028432548046112,0.9720279574394226,0.8488848805427551
YLR188W,YDR320C,0,-1.0460747,0.1028323844075203,0.9720279574394226,0.8489848971366882
YFL055W,YBR020W,0,-1.0468485,0.10282151401042938,0.9720279574394226,0.8490849137306213
YIL171W,YBL091C-A,0,-1.048291,0.10281065106391907,0.9720279574394226,0.8491849303245544
YGR278W,YDR210W-B,0,-1.0482976,0.10279978811740875,0.9720279574394226,0.8492849469184875
YGR033C,YMR184W,0,-1.0486025,0.10278892517089844,0.9720279574394226,0.8493849635124207
YOR291W,YDL190C,0,-1.0488291,0.10277806967496872,0.9720279574394226,0.849484920501709
YJR110W,YML046W,0,-1.0489143,0.102767214179039,0.9720279574394226,0.8495849370956421
YPL065W,YBL079W,0,-1.0497898,0.10275636613368988,0.9720279574394226,0.8496849536895752
YOR217W,YGL178W,0,-1.0499752,0.10274551063776016,0.9720279574394226,0.8497849702835083
YLR433C,YLR368W,0,-1.0500956,0.10273466259241104,0.9720279574394226,0.8498849868774414
YGL019W,YGL236C,0,-1.0510669,0.10272381454706192,0.9720279574394226,0.8499850034713745
YLR227W-B,YDR390C,0,-1.0511017,0.1027129739522934,0.9720279574394226,0.8500850200653076
YHR082C,YBL005W-B,0,-1.0511541,0.10270213335752487,0.9720279574394226,0.8501850366592407
YDR071C,YGR089W,0,-1.0515136,0.10269129276275635,0.9720279574394226,0.8502850532531738
YBR082C,YNL101W,0,-1.0519729,0.10268045216798782,0.9720279574394226,0.8503850102424622
YLR106C,YHR186C,0,-1.0521102,0.1026696190237999,0.9720279574394226,0.8504850268363953
YJL141C,YLR410W-B,0,-1.0524459,0.10265878587961197,0.9720279574394226,0.8505850434303284
YBL101C,YGL026C,0,-1.0528643,0.10264796018600464,0.9720279574394226,0.8506850600242615
YKL003C,YNR054C,0,-1.0532664,0.10263713449239731,0.9720279574394226,0.8507850766181946
YIL074C,YEL015W,0,-1.0533354,0.10262630879878998,0.9720279574394226,0.8508850932121277
YIL122W,YLR237W,0,-1.0552493,0.10261548310518265,0.9720279574394226,0.8509851098060608
YJL206C,YBR264C,0,-1.0553086,0.10260465741157532,0.9720279574394226,0.8510851263999939
YKL061W,YDL127W,0,-1.0557289,0.10259383916854858,0.9720279574394226,0.851185142993927
YER052C,YDR503C,0,-1.0562062,0.10258302837610245,0.9720279574394226,0.8512850999832153
YDL185W,YMR097C,0,-1.056676,0.10257221013307571,0.9720279574394226,0.8513851165771484
YAL032C,YIL168W,0,-1.0567566,0.10256139934062958,0.9720279574394226,0.8514851331710815
YER008C,YGL175C,0,-1.0571036,0.10255058854818344,0.9720279574394226,0.8515851497650146
YDR034C-D,YJL019W,0,-1.0573909,0.1025397852063179,0.9720279574394226,0.8516851663589478
YLR256W-A,YGL095C,0,-1.0575602,0.10252897441387177,0.9720279574394226,0.8517851829528809
YOR322C,YLR376C,0,-1.0579126,0.10251817852258682,0.9720279574394226,0.851885199546814
YOL142W,YJL029C,0,-1.0581027,0.10250737518072128,0.9720279574394226,0.8519852161407471
YPL011C,YER099C,0,-1.0586855,0.10249657928943634,0.9720279574394226,0.8520852327346802
YGR277C,YDL017W,0,-1.0599782,0.1024857833981514,0.9720279574394226,0.8521851897239685
YDR140W,YJL133W,0,-1.0600014,0.10247498750686646,0.9720279574394226,0.8522852063179016
YOR198C,YOR336W,0,-1.0600162,0.10246419906616211,0.9720279574394226,0.8523852229118347
YER039C,YDL007W,0,-1.0602255,0.10245340317487717,0.9720279574394226,0.8524852395057678
YPL021W,YER113C,1,-1.0604881,0.10254790633916855,0.9730269908905029,0.8524852395057678
YBR199W,YPL134C,0,-1.0607255,0.1025371104478836,0.9730269908905029,0.8525852560997009
YPL236C,YBR296C,0,-1.0622582,0.10252631455659866,0.9730269908905029,0.852685272693634
YDR353W,YBL071W-A,0,-1.064092,0.10251552611589432,0.9730269908905029,0.8527852892875671
YJR160C,YLR410W-B,0,-1.0644853,0.10250473767518997,0.9730269908905029,0.8528853058815002
YDL045C,YGR063C,0,-1.0647051,0.10249394923448563,0.9730269908905029,0.8529853224754333
YLR050C,YLR206W,0,-1.0649195,0.10248316824436188,0.9730269908905029,0.8530852794647217
YBL006C,YGL137W,0,-1.0655053,0.10247237980365753,0.9730269908905029,0.8531852960586548
YGL094C,YNL015W,0,-1.0659325,0.10246160626411438,0.9730269908905029,0.8532853126525879
YPR204W,YDR079W,0,-1.0662551,0.10245082527399063,0.9730269908905029,0.853385329246521
YFL034C-B,YCR060W,0,-1.066529,0.10244005173444748,0.9730269908905029,0.8534853458404541
YNL283C,YDR291W,0,-1.0666106,0.10242927819490433,0.9730269908905029,0.8535853624343872
YHR160C,YMR135C,0,-1.0669888,0.10241850465536118,0.9730269908905029,0.8536853790283203
YJL149W,YDL129W,0,-1.0673615,0.10240773856639862,0.9730269908905029,0.8537853956222534
YNR061C,YDR314C,0,-1.0674168,0.10239697247743607,0.9730269908905029,0.8538854122161865
YEL058W,YER159C-A,0,-1.0676522,0.10238620638847351,0.9730269908905029,0.8539853692054749
YGR157W,YKR099C-A,0,-1.0683753,0.10237544775009155,0.9730269908905029,0.854085385799408
YLR219W,YBR223C,0,-1.0687151,0.1023646891117096,0.9730269908905029,0.8541854023933411
YFL055W,YGL250W,0,-1.0692564,0.10235393047332764,0.9730269908905029,0.8542854189872742
YMR070W,YGR038C-B,0,-1.0698246,0.10234317183494568,0.9730269908905029,0.8543854355812073
YDR369C,YOR257W,0,-1.069991,0.10233242064714432,0.9730269908905029,0.8544854521751404
YIL114C,YPL012W,0,-1.0700113,0.10232166945934296,0.9730269908905029,0.8545854687690735
YCR070W,YPR151C,0,-1.0709323,0.10231092572212219,0.9730269908905029,0.8546854853630066
YDR432W,YMR044W,0,-1.0709358,0.10230018198490143,0.9730269908905029,0.8547855019569397
YPR135W,YPL024W,0,-1.0714012,0.10228943824768066,0.9730269908905029,0.854885458946228
YBR067C,YCL060C,0,-1.0715728,0.1022786945104599,0.9730269908905029,0.8549854755401611
YBL089W,YFL002W-A,0,-1.0719435,0.10226795822381973,0.9730269908905029,0.8550854921340942
YGR086C,YPL108W,0,-1.0720558,0.10225721448659897,0.9730269908905029,0.8551855087280273
YCL033C,YML006C,0,-1.072263,0.1022464856505394,0.9730269908905029,0.8552855253219604
YMR289W,YBL045C,0,-1.0727292,0.10223574936389923,0.9730269908905029,0.8553855419158936
YML033W,YDL058W,0,-1.0727558,0.10222502052783966,0.9730269908905029,0.8554855585098267
YGR027W-A,YGR163W,0,-1.073206,0.10221429169178009,0.9730269908905029,0.8555855751037598
YML099C,YGR038C-A,0,-1.0737901,0.10220357030630112,0.9730269908905029,0.8556855916976929
YKL117W,YDR261W-B,0,-1.074338,0.10219284147024155,0.9730269908905029,0.855785608291626
YDR365W-B,YMR159C,0,-1.0749124,0.10218212008476257,0.9730269908905029,0.8558855652809143
YJR051W,YJL214W,0,-1.0751681,0.1021714061498642,0.9730269908905029,0.8559855818748474
YDL103C,YBL105C,0,-1.0759062,0.10216068476438522,0.9730269908905029,0.8560855984687805
YLR113W,YHL009W-B,0,-1.0761442,0.10214997082948685,0.9730269908905029,0.8561856150627136
YDR210W-B,YBL098W,0,-1.0763829,0.10213926434516907,0.9730269908905029,0.8562856316566467
YDL159W,YPL021W,1,-1.0773914,0.1022334098815918,0.9740259647369385,0.8562856316566467
YOR388C,YDL143W,0,-1.0775248,0.10222268849611282,0.9740259647369385,0.8563856482505798
YMR284W,YCL062W,0,-1.0786154,0.10221197456121445,0.9740259647369385,0.8564856648445129
YDR307W,YML039W,0,-1.0786237,0.10220126062631607,0.9740259647369385,0.856585681438446
YKL135C,YDR056C,0,-1.079646,0.1021905466914177,0.9740259647369385,0.8566856980323792
YLR421C,YDL025C,0,-1.0796973,0.10217984020709991,0.9740259647369385,0.8567856550216675
YBR239C,YJL012C-A,0,-1.0813302,0.10216912627220154,0.9740259647369385,0.8568856716156006
YCL027C-A,YKL148C,0,-1.0831778,0.10215842723846436,0.9740259647369385,0.8569856882095337
YOR299W,YCL069W,0,-1.0831821,0.10214772075414658,0.9740259647369385,0.8570857048034668
YPL129W,YLR391W,0,-1.0834702,0.1021370217204094,0.9740259647369385,0.8571857213973999
YNL213C,YBR102C,0,-1.0840375,0.10212632268667221,0.9740259647369385,0.857285737991333
YMR214W,YCR034W,0,-1.0840406,0.10211562365293503,0.9740259647369385,0.8573857545852661
YDR392W,YLR312C-B,1,-1.0842345,0.1022096574306488,0.9750249981880188,0.8573857545852661
YMR112C,YIL047C,0,-1.0844007,0.10219895094633102,0.9750249981880188,0.8574857711791992
YGR272C,YDR408C,0,-1.0854545,0.10218825191259384,0.9750249981880188,0.8575857877731323
YDR143C,YGR229C,0,-1.0856771,0.10217755287885666,0.9750249981880188,0.8576857447624207
YDR216W,YOR155C,0,-1.0857164,0.10216686129570007,0.9750249981880188,0.8577857613563538
YNL050C,YHR002W,0,-1.0870401,0.10215616226196289,0.9750249981880188,0.8578857779502869
YJR129C,YJL214W,0,-1.0871761,0.1021454706788063,0.9750249981880188,0.85798579454422
YHR112C,YMR306W,0,-1.0877644,0.10213478654623032,0.9750249981880188,0.8580858111381531
YOR356W,YGL071W,0,-1.088584,0.10212409496307373,0.9750249981880188,0.8581858277320862
YJR113C,YGL120C,0,-1.0891644,0.10211341083049774,0.9750249981880188,0.8582858443260193
YPL249C-A,YEL077C,0,-1.0897415,0.10210272669792175,0.9750249981880188,0.8583858609199524
YIL093C,YOR304C-A,0,-1.0903313,0.10209205001592636,0.9750249981880188,0.8584858775138855
YIL131C,YHR111W,1,-1.090706,0.10218596458435059,0.9760239720344543,0.8584858775138855
YCR055C,YOR194C,0,-1.0908606,0.1021752804517746,0.9760239720344543,0.8585858345031738
YPL281C,YGR203W,0,-1.0908675,0.10216459631919861,0.9760239720344543,0.8586858510971069
YLR344W,YOR270C,0,-1.0911138,0.10215391218662262,0.9760239720344543,0.85878586769104
YLR314C,YAL020C,0,-1.0914348,0.10214322805404663,0.9760239720344543,0.8588858842849731
YOR159C,YPL180W,0,-1.0915308,0.10213255137205124,0.9760239720344543,0.8589859008789062
YDL095W,YPR137C-A,0,-1.0915949,0.10212187469005585,0.9760239720344543,0.8590859174728394
YLL041C,YOR142W-A,0,-1.0920856,0.10211120545864105,0.9760239720344543,0.8591859340667725
YMR034C,YDR331W,0,-1.0923846,0.10210053622722626,0.9760239720344543,0.8592859506607056
YMR024W,YDR117C,0,-1.0927242,0.10208986699581146,0.9760239720344543,0.8593859672546387
YLR394W,YPL118W,0,-1.0932047,0.10207919776439667,0.9760239720344543,0.859485924243927
YHR214C-B,YKL221W,0,-1.0934346,0.10206853598356247,0.9760239720344543,0.8595859408378601
YMR321C,YGL060W,0,-1.0936481,0.10205787420272827,0.9760239720344543,0.8596859574317932
YCR057C,YLR410W-B,0,-1.0940535,0.10204721242189407,0.9760239720344543,0.8597859740257263
YDR170W-A,YDR518W,0,-1.0944686,0.10203655064105988,0.9760239720344543,0.8598859906196594
YDR210W,YLR424W,0,-1.0947634,0.10202589631080627,0.9760239720344543,0.8599860072135925
YDR026C,YOR142W-B,0,-1.0956775,0.10201524198055267,0.9760239720344543,0.8600860238075256
YCR020W-B,YNL044W,0,-1.0963424,0.10200459510087967,0.9760239720344543,0.8601860404014587
YBR075W,YOR073W,0,-1.0969838,0.10199394822120667,0.9760239720344543,0.8602860569953918
YNR070W,YJL154C,0,-1.0977994,0.10198330134153366,0.9760239720344543,0.8603860139846802
YNL002C,YDL197C,0,-1.0979315,0.10197265446186066,0.9760239720344543,0.8604860305786133
YDR477W,YER108C,1,-1.0984299,0.10206637531518936,0.9770230054855347,0.8604860305786133
YKR105C,YHL024W,0,-1.0990874,0.10205572098493576,0.9770230054855347,0.8605860471725464
YPL060C-A,YFR045W,0,-1.0994097,0.10204507410526276,0.9770230054855347,0.8606860637664795
YGL155W,YHR012W,0,-1.1007923,0.10203442722558975,0.9770230054855347,0.8607860803604126
YLR154W-A,YMR038C,0,-1.1016846,0.10202378779649734,0.9770230054855347,0.8608860969543457
YPL240C,YFL004W,0,-1.101704,0.10201314091682434,0.9770230054855347,0.8609861135482788
YHR002W,YOL142W,0,-1.1021888,0.10200250148773193,0.9770230054855347,0.8610861301422119
YJL063C,YDR261W-B,0,-1.1022094,0.10199186205863953,0.9770230054855347,0.861186146736145
YBL102W,YGR227W,0,-1.1026491,0.10198123008012772,0.9770230054855347,0.8612861037254333
YDL198C,YBR289W,0,-1.1027439,0.1019705981016159,0.9770230054855347,0.8613861203193665
YOL058W,YGL003C,0,-1.1047246,0.1019599661231041,0.9770230054855347,0.8614861369132996
YGL048C,YOR293W,0,-1.1048205,0.10194934159517288,0.9770230054855347,0.8615861535072327
YPR080W,YDR316W-A,0,-1.104949,0.10193870961666107,0.9770230054855347,0.8616861701011658
YML054C,YIL067C,0,-1.1050259,0.10192808508872986,0.9770230054855347,0.8617861866950989
YMR250W,YDR261C-D,0,-1.1057045,0.10191746801137924,0.9770230054855347,0.861886203289032
YBL006C,YDR020C,0,-1.1057243,0.10190684348344803,0.9770230054855347,0.8619862198829651
YLR047C,YBL088C,0,-1.1059195,0.10189622640609741,0.9770230054855347,0.8620862364768982
YGL113W,YIL016W,0,-1.1061763,0.10188561677932739,0.9770230054855347,0.8621861934661865
YDR423C,YMR092C,0,-1.1066706,0.10187499970197678,0.9770230054855347,0.8622862100601196
YOR131C,YDR436W,0,-1.1072447,0.10186439007520676,0.9770230054855347,0.8623862266540527
YJL065C,YFR018C,0,-1.107779,0.10185378044843674,0.9770230054855347,0.8624862432479858
YDR242W,YLR107W,0,-1.1083388,0.10184317082166672,0.9770230054855347,0.862586259841919
YCR098C,YDR026C,0,-1.1094383,0.1018325686454773,0.9770230054855347,0.862686276435852
YDR501W,YNL217W,0,-1.109657,0.10182196646928787,0.9770230054855347,0.8627862930297852
YOR115C,YNL310C,0,-1.1097815,0.10181136429309845,0.9770230054855347,0.8628863096237183
YOR217W,YJR070C,0,-1.110472,0.10180076956748962,0.9770230054855347,0.8629863262176514
YBR223C,YBL019W,0,-1.1104786,0.1017901748418808,0.9770230054855347,0.8630862832069397
YJR029W,YDL150W,0,-1.1104949,0.10177958011627197,0.9770230054855347,0.8631862998008728
YJR152W,YNL054W-B,0,-1.1106123,0.10176899284124374,0.9770230054855347,0.8632863163948059
YAL035W,YDR210W-A,0,-1.110722,0.10175839811563492,0.9770230054855347,0.863386332988739
YLR121C,YDR210C-C,0,-1.1117531,0.10174781829118729,0.9770230054855347,0.8634863495826721
YER048W-A,YJR152W,0,-1.1122301,0.10173723101615906,0.9770230054855347,0.8635863661766052
YLR312C-B,YHR005C-A,0,-1.112253,0.10172665119171143,0.9770230054855347,0.8636863827705383
YHR191C,YIL072W,0,-1.1122546,0.1017160713672638,0.9770230054855347,0.8637863993644714
YMR290C,YDL064W,0,-1.1123644,0.10170549154281616,0.9770230054855347,0.8638864159584045
YPL003W,YPL143W,0,-1.1123734,0.10169491171836853,0.9770230054855347,0.8639863729476929
YLR340W,YPL244C,0,-1.1138974,0.1016843393445015,0.9770230054855347,0.864086389541626
YDR432W,YER108C,1,-1.1143479,0.10177773237228394,0.9780219793319702,0.864086389541626
YDR322C-A,YCR070W,0,-1.1146184,0.1017671525478363,0.9780219793319702,0.8641864061355591
YLR410W-B,YKL078W,0,-1.1147537,0.10175657272338867,0.9780219793319702,0.8642864227294922
YBL041W,YHR039C-B,0,-1.1153752,0.10174600034952164,0.9780219793319702,0.8643864393234253
YBL022C,YMR280C,0,-1.1156294,0.1017354279756546,0.9780219793319702,0.8644864559173584
YNL289W,YGR225W,0,-1.1160004,0.10172485560178757,0.9780219793319702,0.8645864725112915
YDR261W-A,YBR298C,0,-1.1160173,0.10171428322792053,0.9780219793319702,0.8646864891052246
YNL312W,YIL082W-A,0,-1.1164207,0.1017037183046341,0.9780219793319702,0.8647865056991577
YJL118W,YGR252W,0,-1.1165869,0.10169315338134766,0.9780219793319702,0.864886462688446
YNL134C,YNR031C,0,-1.1170461,0.10168259590864182,0.9780219793319702,0.8649864792823792
YPR018W,YPL112C,0,-1.1170559,0.10167203098535538,0.9780219793319702,0.8650864958763123
YDR485C,YNL312W,0,-1.1173239,0.10166147351264954,0.9780219793319702,0.8651865124702454
YOR265W,YOR196C,0,-1.1176133,0.1016509160399437,0.9780219793319702,0.8652865290641785
YPL275W,YDR363W-A,0,-1.1183062,0.10164036601781845,0.9780219793319702,0.8653865456581116
YLR099C,YGL086W,0,-1.1184417,0.1016298159956932,0.9780219793319702,0.8654865622520447
YIR011C,YLR213C,0,-1.1185646,0.10161926597356796,0.9780219793319702,0.8655865788459778
YBL034C,YPL271W,0,-1.1201103,0.10160871595144272,0.9780219793319702,0.8656865954399109
YKL120W,YKL165C,0,-1.1205575,0.10159817337989807,0.9780219793319702,0.8657865524291992
YEL058W,YPR107C,0,-1.1206754,0.10158763080835342,0.9780219793319702,0.8658865690231323
YOR187W,YDR296W,0,-1.1206921,0.10157708823680878,0.9780219793319702,0.8659865856170654
YOR251C,YDR311W,0,-1.1209453,0.10156655311584473,0.9780219793319702,0.8660866022109985
YBR173C,YHR191C,0,-1.1221106,0.10155601799488068,0.9780219793319702,0.8661866188049316
YPR083W,YHR003C,0,-1.1225202,0.10154548287391663,0.9780219793319702,0.8662866353988647
YLL017W,YNL003C,0,-1.1227467,0.10153494775295258,0.9780219793319702,0.8663866519927979
YJR006W,YOL004W,0,-1.1229473,0.10152442008256912,0.9780219793319702,0.866486668586731
YOL008W,YFR018C,0,-1.1230838,0.10151389241218567,0.9780219793319702,0.8665866851806641
YJL128C,YDL232W,0,-1.1231382,0.10150337219238281,0.9780219793319702,0.8666866421699524
YMR077C,YML125C,0,-1.1235881,0.10149284452199936,0.9780219793319702,0.8667866587638855
YBR074W,YOR346W,0,-1.1239349,0.1014823243021965,0.9780219793319702,0.8668866753578186
YPR104C,YER019C-A,0,-1.1250961,0.10147180408239365,0.9780219793319702,0.8669866919517517
YOL018C,YOR343W-B,0,-1.1251365,0.10146129131317139,0.9780219793319702,0.8670867085456848
YLR074C,YIR005W,0,-1.1255174,0.10145077854394913,0.9780219793319702,0.8671867251396179
YDR170C,YGL094C,0,-1.1258132,0.10144026577472687,0.9780219793319702,0.867286741733551
YDR352W,YBR158W,0,-1.1273649,0.10142975300550461,0.9780219793319702,0.8673867583274841
YOR181W,YJL156C,0,-1.1275101,0.10141924768686295,0.9780219793319702,0.8674867749214172
YDR207C,YDR184C,0,-1.1276184,0.10140874236822128,0.9780219793319702,0.8675867319107056
YOR088W,YHR018C,0,-1.1286219,0.10139823704957962,0.9780219793319702,0.8676867485046387
YPR006C,YPR049C,0,-1.1288568,0.10138773918151855,0.9780219793319702,0.8677867650985718
YML042W,YER159C-A,0,-1.12943,0.10137724131345749,0.9780219793319702,0.8678867816925049
YEL061C,YLL015W,0,-1.1294637,0.10136674344539642,0.9780219793319702,0.867986798286438
YJR045C,YBR041W,0,-1.130512,0.10135624557733536,0.9780219793319702,0.8680868148803711
YDR462W,YBR275C,0,-1.1308494,0.10134575515985489,0.9780219793319702,0.8681868314743042
YOR362C,YDL082W,0,-1.1309519,0.10133526474237442,0.9780219793319702,0.8682868480682373
YKL154W,YML091C,0,-1.1311162,0.10132477432489395,0.9780219793319702,0.8683868646621704
YDL080C,YGL244W,0,-1.131583,0.10131429135799408,0.9780219793319702,0.8684868216514587
YEL052W,YDR056C,0,-1.1316264,0.10130380839109421,0.9780219793319702,0.8685868382453918
YJL145W,YPL042C,0,-1.133726,0.10129332542419434,0.9780219793319702,0.868686854839325
YFL048C,YGL206C,0,-1.1339959,0.10128284990787506,0.9780219793319702,0.8687868714332581
YNR072W,YPL108W,0,-1.1340191,0.10127236694097519,0.9780219793319702,0.8688868880271912
YMR054W,YJL047C,0,-1.1343001,0.10126189142465591,0.9780219793319702,0.8689869046211243
YDL217C,YOR038C,0,-1.1348853,0.10125142335891724,0.9780219793319702,0.8690869212150574
YCR053W,YPL275W,0,-1.1364388,0.10124094784259796,0.9780219793319702,0.8691869378089905
YLR244C,YPL087W,0,-1.1366217,0.10123047977685928,0.9780219793319702,0.8692869544029236
YNL122C,YBR172C,0,-1.1368192,0.1012200191617012,0.9780219793319702,0.8693869113922119
YDL236W,YGR038C-B,0,-1.1370659,0.10120955109596252,0.9780219793319702,0.869486927986145
YCR008W,YML030W,0,-1.1374841,0.10119909048080444,0.9780219793319702,0.8695869445800781
YPL226W,YMR078C,0,-1.1377947,0.10118862986564636,0.9780219793319702,0.8696869611740112
YMR321C,YER137C,0,-1.1384618,0.10117816925048828,0.9780219793319702,0.8697869777679443
YNL087W,YCL010C,0,-1.1393874,0.1011677160859108,0.9780219793319702,0.8698869943618774
YGL030W,YGR143W,0,-1.1394432,0.10115726292133331,0.9780219793319702,0.8699870109558105
YHR066W,YJL114W,0,-1.1400884,0.10114680975675583,0.9780219793319702,0.8700870275497437
YKL049C,YPL257W-B,0,-1.1413608,0.10113636404275894,0.9780219793319702,0.8701870441436768
YDR022C,YNL257C,0,-1.1414788,0.10112591832876205,0.9780219793319702,0.8702870011329651
YLR130C,YIR035C,0,-1.1415745,0.10111547261476517,0.9780219793319702,0.8703870177268982
YLR410W-A,YDR503C,0,-1.1418221,0.10110502690076828,0.9780219793319702,0.8704870343208313
YBR067C,YBL084C,0,-1.1419837,0.10109458863735199,0.9780219793319702,0.8705870509147644
YDR162C,YLL017W,0,-1.1421291,0.1010841503739357,0.9780219793319702,0.8706870675086975
YJL130C,YDR446W,0,-1.1421537,0.10107371211051941,0.9780219793319702,0.8707870841026306
YLR391W-A,YPL271W,0,-1.1422112,0.10106328129768372,0.9780219793319702,0.8708871006965637
YPR144C,YKL004W,0,-1.1424935,0.10105285048484802,0.9780219793319702,0.8709871172904968
YBR227C,YPL088W,0,-1.1426035,0.10104241967201233,0.9780219793319702,0.8710871338844299
YML129C,YMR024W,0,-1.1429782,0.10103198885917664,0.9780219793319702,0.8711870908737183
YFL002C,YNL330C,0,-1.1438613,0.10102156549692154,0.9780219793319702,0.8712871074676514
YJR088C,YJL008C,0,-1.1445587,0.10101114213466644,0.9780219793319702,0.8713871240615845
YPL162C,YKR044W,0,-1.1449435,0.10100071877241135,0.9780219793319702,0.8714871406555176
YJL079C,YBR012W-B,0,-1.1456212,0.10099030286073685,0.9780219793319702,0.8715871572494507
YDR311W,YOR209C,0,-1.1461976,0.10097988694906235,0.9780219793319702,0.8716871738433838
YER117W,YCL060C,0,-1.1462011,0.10096947103738785,0.9780219793319702,0.8717871904373169
YIL026C,YNL323W,0,-1.14625,0.10095906257629395,0.9780219793319702,0.87188720703125
YPL108W,YJL176C,0,-1.1462787,0.10094864666461945,0.9780219793319702,0.8719872236251831
YGL161C,YGR027W-B,0,-1.1472305,0.10093823820352554,0.9780219793319702,0.8720871806144714
YML015C,YKR104W,0,-1.1472979,0.10092783719301224,0.9780219793319702,0.8721871972084045
YBR075W,YDR184C,0,-1.1473129,0.10091742873191833,0.9780219793319702,0.8722872138023376
YLR350W,YDR218C,0,-1.1481441,0.10090702772140503,0.9780219793319702,0.8723872303962708
YFL002W-B,YNL121C,0,-1.1486139,0.10089662671089172,0.9780219793319702,0.8724872469902039
YMR090W,YKR013W,0,-1.1490235,0.10088623315095901,0.9780219793319702,0.872587263584137
YKL017C,YKL139W,0,-1.149086,0.1008758395910263,0.9780219793319702,0.8726872801780701
YGR145W,YOR047C,0,-1.1491686,0.1008654460310936,0.9780219793319702,0.8727872967720032
YOR198C,YLR340W,0,-1.1495051,0.10085505247116089,0.9780219793319702,0.8728873133659363
YDR461W,YGR161C-C,0,-1.1504318,0.10084466636180878,0.9780219793319702,0.8729872703552246
YBR179C,YCR067C,0,-1.1508392,0.10083428025245667,0.9780219793319702,0.8730872869491577
YMR052W,YGR076C,0,-1.1518848,0.10082389414310455,0.9780219793319702,0.8731873035430908
YAL014C,YDR210C-C,0,-1.1519842,0.10081350803375244,0.9780219793319702,0.8732873201370239
YLL022C,YKL046C,0,-1.1521287,0.10080312937498093,0.9780219793319702,0.873387336730957
YOR005C,YMR135C,0,-1.1533062,0.10079275071620941,0.9780219793319702,0.8734873533248901
YGR171C,YLR391W-A,0,-1.1535884,0.1007823795080185,0.9780219793319702,0.8735873699188232
YER022W,YMR038C,0,-1.1537333,0.10077200084924698,0.9780219793319702,0.8736873865127563
YBR059C,YER119C,0,-1.1543627,0.10076162964105606,0.9780219793319702,0.8737874031066895
YOL057W,YIL113W,0,-1.154372,0.10075125843286514,0.9780219793319702,0.8738873600959778
YKR061W,YER104W,0,-1.1547006,0.10074089467525482,0.9780219793319702,0.8739873766899109
YDR167W,YDL019C,0,-1.1548668,0.1007305309176445,0.9780219793319702,0.874087393283844
YML040W,YOR245C,0,-1.1551453,0.10072016716003418,0.9780219793319702,0.8741874098777771
YPR158W-A,YML046W,0,-1.1556088,0.10070980340242386,0.9780219793319702,0.8742874264717102
YDR353W,YHR025W,0,-1.1556131,0.10069944709539413,0.9780219793319702,0.8743874430656433
YJR153W,YER108C,1,-1.1559405,0.10079193860292435,0.9790209531784058,0.8743874430656433
YPL084W,YLR002C,0,-1.1559803,0.10078157484531403,0.9790209531784058,0.8744874596595764
YNL292W,YGL050W,0,-1.1563668,0.1007712110877037,0.9790209531784058,0.8745874762535095
YER042W,YNL236W,0,-1.156919,0.10076084733009338,0.9790209531784058,0.8746874928474426
YKL205W,YGR075C,0,-1.1590757,0.10075049102306366,0.9790209531784058,0.874787449836731
YLR050C,YJL085W,0,-1.1591499,0.10074013471603394,0.9790209531784058,0.8748874664306641
YPR137C-B,YOL117W,0,-1.1595107,0.10072977840900421,0.9790209531784058,0.8749874830245972
YIL044C,YLL001W,0,-1.1601982,0.10071942210197449,0.9790209531784058,0.8750874996185303
YKR057W,YHL009W-B,0,-1.1602983,0.10070907324552536,0.9790209531784058,0.8751875162124634
YER026C,YBL088C,0,-1.1605129,0.10069872438907623,0.9790209531784058,0.8752875328063965
YNL122C,YDR090C,0,-1.160702,0.1006883829832077,0.9790209531784058,0.8753875494003296
YCR023C,YBR129C,0,-1.1609579,0.10067803412675858,0.9790209531784058,0.8754875659942627
YOL155C,YIL139C,0,-1.1612494,0.10066769272089005,0.9790209531784058,0.8755875825881958
YBR026C,YGL136C,0,-1.1614745,0.10065735131502151,0.9790209531784058,0.8756875395774841
YBL011W,YDR103W,0,-1.1615076,0.10064701735973358,0.9790209531784058,0.8757875561714172
YGR038C-B,YER046W,0,-1.1630852,0.10063668340444565,0.9790209531784058,0.8758875727653503
YML037C,YOL115W,0,-1.1645923,0.10062634944915771,0.9790209531784058,0.8759875893592834
YBL078C,YNL115C,0,-1.165417,0.10061601549386978,0.9790209531784058,0.8760876059532166
YML091C,YOL070C,0,-1.1665514,0.10060568898916245,0.9790209531784058,0.8761876225471497
YAL021C,YOL027C,0,-1.1666985,0.10059536248445511,0.9790209531784058,0.8762876391410828
YLR042C,YIL095W,0,-1.1669216,0.10058503597974777,0.9790209531784058,0.8763876557350159
YGR155W,YBL078C,0,-1.1669929,0.10057470947504044,0.9790209531784058,0.876487672328949
YNL035C,YPL213W,0,-1.1672858,0.1005643904209137,0.9790209531784058,0.8765876293182373
YLR035C-A,YOL027C,0,-1.1675091,0.10055407136678696,0.9790209531784058,0.8766876459121704
YBR082C,YDR479C,0,-1.167943,0.10054375976324081,0.9790209531784058,0.8767876625061035
YBL069W,YIR007W,0,-1.1682432,0.10053344070911407,0.9790209531784058,0.8768876791000366
YJL187C,YDR511W,0,-1.1682794,0.10052312910556793,0.9790209531784058,0.8769876956939697
YBR176W,YER087W,0,-1.1689172,0.10051281750202179,0.9790209531784058,0.8770877122879028
YNR073C,YOL129W,0,-1.169512,0.10050251334905624,0.9790209531784058,0.8771877288818359
YDR207C,YJR098C,0,-1.1698881,0.1004922091960907,0.9790209531784058,0.877287745475769
YBR227C,YDL109C,0,-1.1705192,0.10048190504312515,0.9790209531784058,0.8773877620697021
YFL002W-A,YIR012W,0,-1.1705742,0.1004716008901596,0.9790209531784058,0.8774877190589905
YOR212W,YOR343W-B,0,-1.1707792,0.10046130418777466,0.9790209531784058,0.8775877356529236
YJL204C,YLR446W,0,-1.1708857,0.10045100748538971,0.9790209531784058,0.8776877522468567
YOL103W,YHR083W,0,-1.1717153,0.10044071078300476,0.9790209531784058,0.8777877688407898
YKL127W,YBR056W,0,-1.1720986,0.10043041408061981,0.9790209531784058,0.8778877854347229
YDR239C,YBR240C,0,-1.1725061,0.10042012482881546,0.9790209531784058,0.877987802028656
YDL065C,YHL008C,0,-1.1727992,0.10040983557701111,0.9790209531784058,0.8780878186225891
YKL018W,YBR024W,0,-1.1735665,0.10039954632520676,0.9790209531784058,0.8781878352165222
YPL257W-A,YMR037C,0,-1.1739945,0.100389264523983,0.9790209531784058,0.8782878518104553
YNL327W,YCL060C,0,-1.174202,0.10037898272275925,0.9790209531784058,0.8783878684043884
YNR070W,YNL217W,0,-1.1743982,0.10036870092153549,0.9790209531784058,0.8784878253936768
YLR216C,YKL108W,0,-1.1760919,0.10035842657089233,0.9790209531784058,0.8785878419876099
YDR198C,YBL030C,0,-1.1761241,0.10034814476966858,0.9790209531784058,0.878687858581543
YPR096C,YHR132C,0,-1.1764934,0.10033787041902542,0.9790209531784058,0.8787878751754761
YPR021C,YGL205W,0,-1.1765134,0.10032760351896286,0.9790209531784058,0.8788878917694092
YBR239C,YOR297C,0,-1.1771867,0.1003173291683197,0.9790209531784058,0.8789879083633423
YJR094W-A,YHL009W-B,0,-1.1774256,0.10030706226825714,0.9790209531784058,0.8790879249572754
YBR253W,YDR510W,0,-1.1777008,0.10029679536819458,0.9790209531784058,0.8791879415512085
YOR343W-B,YJR097W,0,-1.1783246,0.10028653591871262,0.9790209531784058,0.8792879581451416
YLR318W,YNL177C,0,-1.1787448,0.10027626901865005,0.9790209531784058,0.8793879151344299
YGR220C,YFR055W,0,-1.1789075,0.10026600956916809,0.9790209531784058,0.879487931728363
YKL048C,YOR032C,1,-1.1789129,0.10035805404186249,0.9800199866294861,0.879487931728363
YER078C,YOR192C-B,0,-1.1792729,0.10034778714179993,0.9800199866294861,0.8795879483222961
YNL231C,YOR192C-B,0,-1.1793904,0.10033752769231796,0.9800199866294861,0.8796879649162292
YOR340C,YML097C,0,-1.179766,0.100327268242836,0.9800199866294861,0.8797879815101624
YHR167W,YCR070W,0,-1.1800641,0.10031700879335403,0.9800199866294861,0.8798879981040955
YOL089C,YLL039C,0,-1.1802896,0.10030674934387207,0.9800199866294861,0.8799880146980286
YGR192C,YPL108W,0,-1.1819849,0.1002964898943901,0.9800199866294861,0.8800880312919617
YKR069W,YLL029W,0,-1.1834139,0.10028623789548874,0.9800199866294861,0.8801880478858948
YDR109C,YOL054W,0,-1.183596,0.10027598589658737,0.9800199866294861,0.8802880048751831
YMR039C,YOR303W,0,-1.1838887,0.1002657413482666,0.9800199866294861,0.8803880214691162
YER044C,YML126C,0,-1.185498,0.10025549679994583,0.9800199866294861,0.8804880380630493
YGR065C,YKL018W,0,-1.1859666,0.10024524480104446,0.9800199866294861,0.8805880546569824
YGR203W,YDL133C-A,0,-1.1860306,0.10023500770330429,0.9800199866294861,0.8806880712509155
YCR081W,YBR271W,0,-1.186098,0.10022476315498352,0.9800199866294861,0.8807880878448486
YJL034W,YCR024C-A,0,-1.1864353,0.10021452605724335,0.9800199866294861,0.8808881044387817
YNR061C,YBR012W-A,0,-1.1864583,0.10020428895950317,0.9800199866294861,0.8809881210327148
YDR351W,YAL047C,0,-1.1869853,0.1001940593123436,0.9800199866294861,0.881088137626648
YPL038W,YEL077C,0,-1.1872519,0.10018382221460342,0.9800199866294861,0.8811880946159363
YDL226C,YDR316W-A,0,-1.1875604,0.10017359256744385,0.9800199866294861,0.8812881112098694
YER138C,YKL094W,0,-1.1876155,0.10016336292028427,0.9800199866294861,0.8813881278038025
YNL299W,YGL178W,0,-1.1894481,0.10015314072370529,0.9800199866294861,0.8814881443977356
YDR251W,YDR107C,1,-1.1895821,0.10024499893188477,0.9810189604759216,0.8814881443977356
YNL005C,YDL181W,0,-1.1901853,0.10023476928472519,0.9810189604759216,0.8815881609916687
YJR129C,YGR125W,0,-1.1907511,0.10022453218698502,0.9810189604759216,0.8816881775856018
YKR101W,YOL026C,0,-1.1917193,0.10021430999040604,0.9810189604759216,0.8817881941795349
YDR444W,YLR319C,0,-1.1920444,0.10020408034324646,0.9810189604759216,0.881888210773468
YBR241C,YLR285W,0,-1.1923237,0.10019385814666748,0.9810189604759216,0.8819882273674011
YDR365W-B,YOR149C,0,-1.1928582,0.1001836359500885,0.9810189604759216,0.8820881843566895
YGL155W,YGL119W,0,-1.1930116,0.10017341375350952,0.9810189604759216,0.8821882009506226
YPR137C-B,YDR531W,0,-1.194396,0.10016319900751114,0.9810189604759216,0.8822882175445557
YPR200C,YLR155C,0,-1.1944057,0.10015298426151276,0.9810189604759216,0.8823882341384888
YDR123C,YGL241W,0,-1.1945624,0.10014276951551437,0.9810189604759216,0.8824882507324219
YNL197C,YOR291W,0,-1.195301,0.10013255476951599,0.9810189604759216,0.882588267326355
YPL276W,YIL016W,0,-1.1954179,0.1001223474740982,0.9810189604759216,0.8826882839202881
YLR038C,YMR122W-A,0,-1.196121,0.10011214017868042,0.9810189604759216,0.8827883005142212
YCR004C,YPR011C,0,-1.1966257,0.10010194033384323,0.9810189604759216,0.8828883171081543
YPL236C,YIL168W,0,-1.1973374,0.10009173303842545,0.9810189604759216,0.8829882740974426
YMR134W,YDR334W,0,-1.1975975,0.10008153319358826,0.9810189604759216,0.8830882906913757
YKR066C,YMR146C,0,-1.1977301,0.10007133334875107,0.9810189604759216,0.8831883072853088
YJL011C,YPL256C,0,-1.1986538,0.10006113350391388,0.9810189604759216,0.8832883238792419
YJR064W,YOR343W-A,0,-1.1988153,0.10005094110965729,0.9810189604759216,0.883388340473175
YDR261W-A,YLL040C,0,-1.1998293,0.1000407487154007,0.9810189604759216,0.8834883570671082
YOL130W,YJR121W,0,-1.2006811,0.1000305563211441,0.9810189604759216,0.8835883736610413
YMR011W,YER104W,0,-1.200949,0.10002037137746811,0.9810189604759216,0.8836883902549744
YJR026W,YOL070C,0,-1.2011423,0.10001018643379211,0.9810189604759216,0.8837884068489075
YKL004W,YCL074W,0,-1.201895,0.10000000149011612,0.9810189604759216,0.8838883638381958
YLR151C,YNL220W,0,-1.2019508,0.09998981654644012,0.9810189604759216,0.8839883804321289
YOR290C,YOR239W,0,-1.2020704,0.09997963905334473,0.9810189604759216,0.884088397026062
YIL142W,YDL039C,0,-1.2033899,0.09996946156024933,0.9810189604759216,0.8841884136199951
YOR142W-A,YDR466W,0,-1.2035731,0.09995928406715393,0.9810189604759216,0.8842884302139282
YMR033W,YBR247C,0,-1.2042356,0.09994910657405853,0.9810189604759216,0.8843884468078613
YJR028W,YMR017W,0,-1.2069762,0.09993893653154373,0.9810189604759216,0.8844884634017944
YGR140W,YDL159W,0,-1.2070336,0.09992876648902893,0.9810189604759216,0.8845884799957275
YGL190C,YKL027W,0,-1.2073746,0.09991859644651413,0.9810189604759216,0.8846884965896606
YIR017C,YKR025W,0,-1.2076977,0.09990843385457993,0.9810189604759216,0.884788453578949
YBL050W,YCL019W,0,-1.208355,0.09989827126264572,0.9810189604759216,0.8848884701728821
YKL020C,YJL149W,0,-1.2087283,0.09988810867071152,0.9810189604759216,0.8849884867668152
YGL190C,YER108C,1,-1.2095323,0.09997966140508652,0.982017993927002,0.8849884867668152
YBR239C,YML110C,0,-1.2096359,0.09996949136257172,0.982017993927002,0.8850885033607483
YDR207C,YOR232W,0,-1.2096827,0.09995932132005692,0.982017993927002,0.8851885199546814
YPR167C,YIL048W,0,-1.2097025,0.09994915872812271,0.982017993927002,0.8852885365486145
YLR109W,YGL021W,0,-1.2098489,0.09993899613618851,0.982017993927002,0.8853885531425476
YMR250W,YDR134C,0,-1.2100093,0.0999288409948349,0.982017993927002,0.8854885697364807
YOR298C-A,YDR170W-A,0,-1.2107564,0.09991868585348129,0.982017993927002,0.8855885863304138
YGL158W,YPL158C,0,-1.2114978,0.09990853071212769,0.982017993927002,0.8856885433197021
YJL091C,YHL009W-B,0,-1.2115158,0.09989837557077408,0.982017993927002,0.8857885599136353
YKL222C,YPR191W,0,-1.2118825,0.09988822042942047,0.982017993927002,0.8858885765075684
YOL049W,YER168C,0,-1.2119815,0.09987807273864746,0.982017993927002,0.8859885931015015
YPL242C,YLL017W,0,-1.2125486,0.09986792504787445,0.982017993927002,0.8860886096954346
YKR018C,YNL307C,0,-1.2127563,0.09985778480768204,0.982017993927002,0.8861886262893677
YJL011C,YLL011W,0,-1.2146721,0.09984763711690903,0.982017993927002,0.8862886428833008
YGR038C-A,YLR295C,0,-1.2157412,0.09983749687671661,0.982017993927002,0.8863886594772339
YOL018C,YBL088C,0,-1.2162406,0.0998273566365242,0.982017993927002,0.886488676071167
YER004W,YBL105C,0,-1.216423,0.09981722384691238,0.982017993927002,0.8865886330604553
YMR119W,YNL223W,0,-1.2184473,0.09980708360671997,0.982017993927002,0.8866886496543884
YLR157C,YLR127C,0,-1.2208362,0.09979695081710815,0.982017993927002,0.8867886662483215
YPL091W,YLR229C,0,-1.221764,0.09978682547807693,0.982017993927002,0.8868886828422546
YER137C-A,YBL027W,0,-1.2230511,0.09977669268846512,0.982017993927002,0.8869886994361877
YHR001W,YOL103W-B,0,-1.2235787,0.0997665673494339,0.982017993927002,0.8870887160301208
YLL021W,YLR312C-B,1,-1.2242188,0.09985792636871338,0.9830169677734375,0.8870887160301208
YJL046W,YJL210W,0,-1.2243989,0.09984779357910156,0.9830169677734375,0.887188732624054
YGL208W,YHR140W,0,-1.2244654,0.09983766078948975,0.9830169677734375,0.8872887492179871
YLR309C,YCR023C,0,-1.2247112,0.09982753545045853,0.9830169677734375,0.8873887658119202
YDR236C,YPL026C,0,-1.2247341,0.09981741011142731,0.9830169677734375,0.8874887228012085
YNL248C,YNL189W,0,-1.2249093,0.09980728477239609,0.9830169677734375,0.8875887393951416
YML018C,YOL156W,0,-1.2252378,0.09979715943336487,0.9830169677734375,0.8876887559890747
YEL041W,YDR402C,0,-1.2254682,0.09978704154491425,0.9830169677734375,0.8877887725830078
YOL151W,YMR004W,0,-1.2260998,0.09977692365646362,0.9830169677734375,0.8878887891769409
YDR306C,YLR186W,0,-1.226424,0.099766805768013,0.9830169677734375,0.887988805770874
YOR339C,YKL007W,0,-1.2264415,0.09975668787956238,0.9830169677734375,0.8880888223648071
YCR102C,YOR140W,0,-1.2266135,0.09974657744169235,0.9830169677734375,0.8881888389587402
YPL060C-A,YPR075C,0,-1.2267852,0.09973646700382233,0.9830169677734375,0.8882888555526733
YJR028W,YPL015C,0,-1.2274251,0.0997263640165329,0.9830169677734375,0.8883888125419617
YGL224C,YLR440C,0,-1.2278941,0.09971625357866287,0.9830169677734375,0.8884888291358948
YKL022C,YCL031C,0,-1.2289066,0.09970615059137344,0.9830169677734375,0.8885888457298279
YDR170W-A,YAL008W,0,-1.229659,0.09969604760408401,0.9830169677734375,0.888688862323761
YBR132C,YKL190W,0,-1.2300718,0.09968595206737518,0.9830169677734375,0.8887888789176941
YJL036W,YIR009W,0,-1.2302396,0.09967584908008575,0.9830169677734375,0.8888888955116272
YKL190W,YOR344C,0,-1.2314191,0.09966575354337692,0.9830169677734375,0.8889889121055603
YJR022W,YKL193C,0,-1.2320137,0.09965565800666809,0.9830169677734375,0.8890889286994934
YHL020C,YDR058C,0,-1.2321409,0.09964556992053986,0.9830169677734375,0.8891889452934265
YOR089C,YGR089W,0,-1.232524,0.09963548183441162,0.9830169677734375,0.8892889022827148
YKR058W,YFL002W-A,0,-1.2328675,0.09962539374828339,0.9830169677734375,0.889388918876648
YBR283C,YOR096W,0,-1.2329929,0.09961530566215515,0.9830169677734375,0.889488935470581
YEL026W,YJL113W,0,-1.2331316,0.09960522502660751,0.9830169677734375,0.8895889520645142
YLR441C,YCR102C,0,-1.2341455,0.09959514439105988,0.9830169677734375,0.8896889686584473
YGR048W,YER094C,0,-1.2341919,0.09958506375551224,0.9830169677734375,0.8897889852523804
YDR352W,YIL177C,0,-1.2351078,0.0995749831199646,0.9830169677734375,0.8898890018463135
YPL218W,YMR280C,0,-1.2359827,0.09956490993499756,0.9830169677734375,0.8899890184402466
YAR010C,YDL033C,0,-1.2364603,0.09955483675003052,0.9830169677734375,0.8900890350341797
YCR097W,YPL192C,0,-1.2375476,0.09954476356506348,0.9830169677734375,0.890188992023468
YNL224C,YHR026W,0,-1.2379942,0.09953469783067703,0.9830169677734375,0.8902890086174011
YMR123W,YJL136C,0,-1.2386615,0.09952462464570999,0.9830169677734375,0.8903890252113342
YGL141W,YHR043C,0,-1.2389896,0.09951456636190414,0.9830169677734375,0.8904890418052673
YGR195W,YPL271W,0,-1.2394692,0.0995045006275177,0.9830169677734375,0.8905890583992004
YBL069W,YJR029W,0,-1.2396762,0.09949444234371185,0.9830169677734375,0.8906890749931335
YER154W,YDR265W,0,-1.2398214,0.09948437660932541,0.9830169677734375,0.8907890915870667
YKR018C,YDR540C,0,-1.240705,0.09947432577610016,0.9830169677734375,0.8908891081809998
YLR074C,YPL048W,0,-1.2409121,0.09946426749229431,0.9830169677734375,0.8909891247749329
YDL132W,YDR408C,0,-1.240918,0.09945421665906906,0.9830169677734375,0.8910890817642212
YOL062C,YDR115W,0,-1.2411656,0.09944416582584381,0.9830169677734375,0.8911890983581543
YPR191W,YOR182C,0,-1.2414078,0.09943411499261856,0.9830169677734375,0.8912891149520874
YNL052W,YOR038C,0,-1.2420831,0.09942407160997391,0.9830169677734375,0.8913891315460205
YJL151C,YPR164W,0,-1.2430972,0.09941402077674866,0.9830169677734375,0.8914891481399536
YDR167W,YDR511W,0,-1.2433848,0.099403977394104,0.9830169677734375,0.8915891647338867
YOR321W,YEL017C-A,0,-1.2434299,0.09939394146203995,0.9830169677734375,0.8916891813278198
YNR004W,YOR017W,0,-1.2438278,0.0993838980793953,0.9830169677734375,0.8917891979217529
YLR042C,YJL189W,0,-1.2438943,0.09937386214733124,0.9830169677734375,0.891889214515686
YOR180C,YLR237W,0,-1.2440765,0.09936382621526718,0.9830169677734375,0.8919891715049744
YCR053W,YPL257W-B,0,-1.2444246,0.09935379773378372,0.9830169677734375,0.8920891880989075
YDL156W,YDR448W,0,-1.2445455,0.09934376925230026,0.9830169677734375,0.8921892046928406
YOL058W,YOR205C,0,-1.2447059,0.0993337407708168,0.9830169677734375,0.8922892212867737
YKL140W,YLL015W,0,-1.2448874,0.09932371228933334,0.9830169677734375,0.8923892378807068
YPL218W,YIL073C,0,-1.2456086,0.09931368380784988,0.9830169677734375,0.8924892544746399
YKL146W,YML111W,0,-1.2472521,0.09930366277694702,0.9830169677734375,0.892589271068573
YGL039W,YER147C,0,-1.2474484,0.09929364174604416,0.9830169677734375,0.8926892876625061
YOR369C,YKR057W,0,-1.2486659,0.0992836207151413,0.9830169677734375,0.8927893042564392
YML039W,YJR138W,0,-1.2486992,0.09927360713481903,0.9830169677734375,0.8928892612457275
YPL016W,YCR097WB,0,-1.2497005,0.09926359355449677,0.9830169677734375,0.8929892778396606
YGL040C,YDR479C,0,-1.2509059,0.0992535799741745,0.9830169677734375,0.8930892944335938
YGR207C,YLR182W,0,-1.251468,0.09924357384443283,0.9830169677734375,0.8931893110275269
YNR072W,YLR160C,0,-1.251471,0.09923356026411057,0.9830169677734375,0.89328932762146
YGR096W,YIL126W,0,-1.252093,0.0992235541343689,0.9830169677734375,0.8933893442153931
YCL055W,YOR022C,0,-1.25219,0.09921354800462723,0.9830169677734375,0.8934893608093262
YPR185W,YOR038C,0,-1.2534813,0.09920354932546616,0.9830169677734375,0.8935893774032593
YIR007W,YCR053W,0,-1.2541173,0.09919355064630508,0.9830169677734375,0.8936893939971924
YAR035W,YER130C,0,-1.2541289,0.09918355196714401,0.9830169677734375,0.8937893509864807
YOR044W,YMR165C,0,-1.2543504,0.09917355328798294,0.9830169677734375,0.8938893675804138
YPR187W,YGR070W,0,-1.2544103,0.09916356205940247,0.9830169677734375,0.8939893841743469
YOL040C,YDR064W,0,-1.2546113,0.09915357083082199,0.9830169677734375,0.89408940076828
YIR014W,YOL140W,0,-1.2559636,0.09914357960224152,0.9830169677734375,0.8941894173622131
YOR126C,YGR225W,0,-1.2576934,0.09913358837366104,0.9830169677734375,0.8942894339561462
YBR012W-B,YOR127W,0,-1.2581792,0.09912360459566116,0.9830169677734375,0.8943894505500793
YJR016C,YEL077C,0,-1.2587568,0.09911362081766129,0.9830169677734375,0.8944894671440125
YDR153C,YNR046W,0,-1.2589755,0.09910363703966141,0.9830169677734375,0.8945894837379456
YNL213C,YBR204C,0,-1.2604377,0.09909365326166153,0.9830169677734375,0.8946894407272339
YDR341C,YOR291W,0,-1.2623557,0.09908367693424225,0.9830169677734375,0.894789457321167
YBL003C,YOR151C,0,-1.2623979,0.09907370060682297,0.9830169677734375,0.8948894739151001
YJR098C,YDL159W,0,-1.2637451,0.09906372427940369,0.9830169677734375,0.8949894905090332
YOR201C,YBL085W,0,-1.26408,0.099053755402565,0.9830169677734375,0.8950895071029663
YLR399C,YJR064W,0,-1.2643816,0.09904378652572632,0.9830169677734375,0.8951895236968994
YHR115C,YLR129W,0,-1.264434,0.09903381764888763,0.9830169677734375,0.8952895402908325
YKL094W,YLR043C,0,-1.2645471,0.09902384877204895,0.9830169677734375,0.8953895568847656
YCL075W,YFR007W,0,-1.2649518,0.09901388734579086,0.9830169677734375,0.8954895734786987
YGL119W,YNL177C,0,-1.265507,0.09900392591953278,0.9830169677734375,0.8955895304679871
YDR392W,YKL043W,1,-1.2656376,0.09909456968307495,0.9840160012245178,0.8955895304679871
YDL200C,YGR047C,0,-1.2659233,0.09908460080623627,0.9840160012245178,0.8956895470619202
YOR299W,YEL062W,0,-1.2659302,0.09907463192939758,0.9840160012245178,0.8957895636558533
YER055C,YLR410W-B,0,-1.2660145,0.0990646705031395,0.9840160012245178,0.8958895802497864
YGR285C,YKL094W,0,-1.2665024,0.09905470907688141,0.9840160012245178,0.8959895968437195
YGR009C,YEL031W,0,-1.2670164,0.09904474765062332,0.9840160012245178,0.8960896134376526
YPL084W,YOR190W,0,-1.2674774,0.09903478622436523,0.9840160012245178,0.8961896300315857
YLR431C,YGR256W,0,-1.2678084,0.09902483224868774,0.9840160012245178,0.8962896466255188
YHR181W,YJR028W,0,-1.2679169,0.09901487827301025,0.9840160012245178,0.8963896632194519
YJL157C,YDR373W,0,-1.2680706,0.09900492429733276,0.9840160012245178,0.8964896202087402
YGR106C,YIL108W,0,-1.268086,0.09899497777223587,0.9840160012245178,0.8965896368026733
YNL227C,YGL175C,0,-1.2681587,0.09898502379655838,0.9840160012245178,0.8966896533966064
YDR326C,YGR281W,0,-1.2682098,0.09897507727146149,0.9840160012245178,0.8967896699905396
YIR022W,YMR068W,0,-1.268606,0.09896513819694519,0.9840160012245178,0.8968896865844727
YMR019W,YBL060W,0,-1.2697343,0.0989551916718483,0.9840160012245178,0.8969897031784058
YDL194W,YPR158C-C,0,-1.2706864,0.098945252597332,0.9840160012245178,0.8970897197723389
YLR423C,YGR038C-B,0,-1.2706864,0.0989353135228157,0.9840160012245178,0.897189736366272
YBL071W-A,YGR203W,0,-1.270824,0.09892538189888,0.9840160012245178,0.8972897529602051
YJR075W,YLR295C,0,-1.2714802,0.09891544282436371,0.9840160012245178,0.8973897099494934
YOR360C,YCR046C,0,-1.2715702,0.09890551120042801,0.9840160012245178,0.8974897265434265
YKL168C,YJL053W,0,-1.2725716,0.09889557957649231,0.9840160012245178,0.8975897431373596
YPR079W,YBR204C,0,-1.272812,0.09888565540313721,0.9840160012245178,0.8976897597312927
YNL225C,YKL107W,0,-1.2731543,0.0988757312297821,0.9840160012245178,0.8977897763252258
YMR210W,YPR042C,0,-1.2731566,0.098865807056427,0.9840160012245178,0.8978897929191589
YOR232W,YNL154C,0,-1.2732223,0.0988558828830719,0.9840160012245178,0.897989809513092
YLR064W,YCR024C-A,0,-1.2741885,0.0988459587097168,0.9840160012245178,0.8980898261070251
YMR170C,YKR087C,0,-1.2747307,0.09883604198694229,0.9840160012245178,0.8981898427009583
YKL208W,YNL306W,0,-1.2756062,0.09882612526416779,0.9840160012245178,0.8982897996902466
YFL002W-B,YGL200C,0,-1.2769165,0.09881620854139328,0.9840160012245178,0.8983898162841797
YDL148C,YIR012W,0,-1.277122,0.09880629926919937,0.9840160012245178,0.8984898328781128
YPL091W,YHR116W,0,-1.2771679,0.09879638999700546,0.9840160012245178,0.8985898494720459
YPL236C,YPR137C-B,0,-1.2775177,0.09878648072481155,0.9840160012245178,0.898689866065979
YDL058W,YOR168W,0,-1.2779155,0.09877657145261765,0.9840160012245178,0.8987898826599121
YIR014W,YPR082C,0,-1.2787182,0.09876666963100433,0.9840160012245178,0.8988898992538452
YCR054C,YOL033W,0,-1.2795863,0.09875676780939102,0.9840160012245178,0.8989899158477783
YOL077C,YJR070C,0,-1.2800574,0.09874686598777771,0.9840160012245178,0.8990899324417114
YKL095W,YMR223W,0,-1.2812109,0.098736971616745,0.9840160012245178,0.8991898894309998
YML030W,YIL160C,0,-1.2812829,0.09872706979513168,0.9840160012245178,0.8992899060249329
YCR029C-A,YHR152W,0,-1.2819071,0.09871717542409897,0.9840160012245178,0.899389922618866
YBR229C,YDR415C,0,-1.281932,0.09870728850364685,0.9840160012245178,0.8994899392127991
YGR191W,YMR115W,0,-1.2819724,0.09869739413261414,0.9840160012245178,0.8995899558067322
YDR480W,YKL206C,0,-1.2819848,0.09868750721216202,0.9840160012245178,0.8996899724006653
YDR533C,YDR210W,0,-1.2824248,0.0986776202917099,0.9840160012245178,0.8997899889945984
YNR036C,YGL013C,0,-1.2824285,0.09866773337125778,0.9840160012245178,0.8998900055885315
YBL046W,YLL061W,0,-1.2846451,0.09865785390138626,0.9840160012245178,0.8999900221824646
YHR059W,YOR228C,0,-1.2851782,0.09864797443151474,0.9840160012245178,0.9000900387763977
YDR261W-B,YGR188C,0,-1.2860677,0.09863809496164322,0.9840160012245178,0.900189995765686
YBR088C,YNL259C,0,-1.2861555,0.0986282154917717,0.9840160012245178,0.9002900123596191
YLR151C,YPR159W,0,-1.2873507,0.09861834347248077,0.9840160012245178,0.9003900289535522
YLR084C,YDR297W,0,-1.2874374,0.09860847145318985,0.9840160012245178,0.9004900455474854
YKL084W,YCL027W,0,-1.2881861,0.09859859943389893,0.9840160012245178,0.9005900621414185
YOR212W,YPL244C,0,-1.288248,0.098588727414608,0.9840160012245178,0.9006900787353516
YLR227W-B,YAR071W,0,-1.2883245,0.09857886284589767,0.9840160012245178,0.9007900953292847
YLR421C,YMR166C,0,-1.2885296,0.09856899827718735,0.9840160012245178,0.9008901119232178
YDR261C-D,YKL056C,0,-1.2891636,0.09855913370847702,0.9840160012245178,0.9009901285171509
YCR029C-A,YGL090W,0,-1.289444,0.09854927659034729,0.9840160012245178,0.9010900855064392
YDR486C,YLR096W,0,-1.2897595,0.09853941947221756,0.9840160012245178,0.9011901021003723
YLR164W,YPL111W,0,-1.2900826,0.09852956235408783,0.9840160012245178,0.9012901186943054
YDR419W,YIL143C,0,-1.2904687,0.0985197052359581,0.9840160012245178,0.9013901352882385
YLR105C,YDR349C,0,-1.2924993,0.09850984811782837,0.9840160012245178,0.9014901518821716
YOL102C,YNR046W,0,-1.2929211,0.09849999845027924,0.9840160012245178,0.9015901684761047
YPL115C,YHL007C,1,-1.2940431,0.09859014302492142,0.9850149750709534,0.9015901684761047
YBR187W,YER137C,0,-1.294189,0.09858028590679169,0.9850149750709534,0.9016901850700378
YLR391W,YPL202C,0,-1.2948511,0.09857042878866196,0.9850149750709534,0.901790201663971
YGR048W,YDR143C,0,-1.2954454,0.09856057912111282,0.9850149750709534,0.901890218257904
YNL085W,YDR196C,0,-1.2965089,0.0985507220029831,0.9850149750709534,0.9019901752471924
YOR356W,YJR017C,0,-1.299672,0.09854087233543396,0.9850149750709534,0.9020901918411255
YGR128C,YCL060C,0,-1.3003433,0.09853103011846542,0.9850149750709534,0.9021902084350586
YMR130W,YBR110W,0,-1.300353,0.09852118045091629,0.9850149750709534,0.9022902250289917
YDR261C-D,YJR043C,0,-1.301548,0.09851133823394775,0.9850149750709534,0.9023902416229248
YBR243C,YAR010C,0,-1.3015879,0.09850149601697922,0.9850149750709534,0.9024902582168579
YCR094W,YDR026C,0,-1.3015959,0.09849166125059128,0.9850149750709534,0.902590274810791
YDR536W,YKL163W,0,-1.301794,0.09848181903362274,0.9850149750709534,0.9026902914047241
YIL158W,YLR298C,0,-1.3029388,0.0984719842672348,0.9850149750709534,0.9027903079986572
YOR061W,YLL033W,0,-1.3045442,0.09846214950084686,0.9850149750709534,0.9028902649879456
YJR083C,YDL039C,0,-1.3048078,0.09845232218503952,0.9850149750709534,0.9029902815818787
YMR075W,YNL212W,0,-1.3056198,0.09844249486923218,0.9850149750709534,0.9030902981758118
YBR133C,YIR003W,0,-1.3056425,0.09843266755342484,0.9850149750709534,0.9031903147697449
YML034W,YNL227C,0,-1.3066218,0.09842284023761749,0.9850149750709534,0.903290331363678
YDR443C,YPR162C,0,-1.307005,0.09841301292181015,0.9850149750709534,0.9033903479576111
YBR260C,YGL254W,0,-1.307083,0.0984031930565834,0.9850149750709534,0.9034903645515442
YLR459W,YOL064C,0,-1.308929,0.09839337319135666,0.9850149750709534,0.9035903811454773
YKL085W,YLR204W,0,-1.3091564,0.09838355332612991,0.9850149750709534,0.9036903977394104
YKL095W,YOL128C,0,-1.3105314,0.09837374091148376,0.9850149750709534,0.9037903547286987
YCR087C-A,YMR075W,0,-1.3111976,0.09836392849683762,0.9850149750709534,0.9038903713226318
YNL256W,YDR186C,0,-1.312206,0.09835411608219147,0.9850149750709534,0.9039903879165649
YGR056W,YDL122W,0,-1.3125255,0.09834430366754532,0.9850149750709534,0.904090404510498
YDL180W,YEL050C,0,-1.3125877,0.09833449870347977,0.9850149750709534,0.9041904211044312
YDR387C,YOL103W-B,0,-1.314068,0.09832469373941422,0.9850149750709534,0.9042904376983643
YKL084W,YDL058W,0,-1.3142017,0.09831488877534866,0.9850149750709534,0.9043904542922974
YNL172W,YLR319C,0,-1.314245,0.09830508381128311,0.9850149750709534,0.9044904708862305
YOR070C,YNL046W,0,-1.3142712,0.09829528629779816,0.9850149750709534,0.9045904874801636
YFL016C,YOR306C,0,-1.3143997,0.0982854887843132,0.9850149750709534,0.9046904444694519
YGL178W,YNL009W,0,-1.3144392,0.09827569127082825,0.9850149750709534,0.904790461063385
YJR034W,YDR186C,0,-1.3154078,0.09826589375734329,0.9850149750709534,0.9048904776573181
YNR072W,YIL108W,0,-1.3154414,0.09825610369443893,0.9850149750709534,0.9049904942512512
YML109W,YAR015W,0,-1.3180413,0.09824631363153458,0.9850149750709534,0.9050905108451843
YKL154W,YBR073W,0,-1.319638,0.09823652356863022,0.9850149750709534,0.9051905274391174
YLR238W,YGR203W,0,-1.3199627,0.09822674095630646,0.9850149750709534,0.9052905440330505
YDR421W,YKL049C,0,-1.3204191,0.0982169508934021,0.9850149750709534,0.9053905606269836
YKL088W,YAL003W,0,-1.3210276,0.09820716828107834,0.9850149750709534,0.9054905772209167
YLR285W,YLR262C,0,-1.3210988,0.09819739311933517,0.9850149750709534,0.9055905342102051
YJR127C,YMR078C,0,-1.3212621,0.09818761050701141,0.9850149750709534,0.9056905508041382
YHR203C,YMR190C,0,-1.32138,0.09817783534526825,0.9850149750709534,0.9057905673980713
YLR147C,YGR289C,0,-1.321392,0.09816806018352509,0.9850149750709534,0.9058905839920044
YOR202W,YDR304C,0,-1.3226933,0.09815828502178192,0.9850149750709534,0.9059906005859375
YIL105C,YKL213C,0,-1.3228214,0.09814851731061935,0.9850149750709534,0.9060906171798706
YBL061C,YCL074W,0,-1.3234167,0.09813874959945679,0.9850149750709534,0.9061906337738037
YMR223W,YGR263C,0,-1.323804,0.09812898188829422,0.9850149750709534,0.9062906503677368
YGL103W,YLR427W,0,-1.3248417,0.09811921417713165,0.9850149750709534,0.9063906669616699
YKR054C,YGR166W,0,-1.327026,0.09810945391654968,0.9850149750709534,0.9064906239509583
YPL150W,YOR343W-B,0,-1.3281927,0.09809969365596771,0.9850149750709534,0.9065906405448914
YPR009W,YLL005C,0,-1.328954,0.09808993339538574,0.9850149750709534,0.9066906571388245
YML110C,YKL085W,0,-1.3298527,0.09808017313480377,0.9850149750709534,0.9067906737327576
YBL028C,YHL009W-B,0,-1.3308079,0.0980704203248024,0.9850149750709534,0.9068906903266907
YDR221W,YHR098C,0,-1.3321238,0.09806066751480103,0.9850149750709534,0.9069907069206238
YJR153W,YCR093W,1,-1.3325098,0.0981503576040268,0.9860140085220337,0.9069907069206238
YOL093W,YLR182W,0,-1.3331132,0.09814059734344482,0.9860140085220337,0.9070907235145569
YOL145C,YGL178W,0,-1.3342048,0.09813084453344345,0.9860140085220337,0.90719074010849
YDR421W,YDL239C,0,-1.3348473,0.09812108427286148,0.9860140085220337,0.9072907567024231
YOR217W,YDL164C,0,-1.3360078,0.09811133146286011,0.9860140085220337,0.9073907136917114
YHR039C-B,YER141W,0,-1.3360226,0.09810157865285873,0.9860140085220337,0.9074907302856445
YHL036W,YNL148C,0,-1.3364425,0.09809183329343796,0.9860140085220337,0.9075907468795776
YPR081C,YGL130W,0,-1.3365798,0.09808208048343658,0.9860140085220337,0.9076907634735107
YDL042C,YML062C,0,-1.3371817,0.09807233512401581,0.9860140085220337,0.9077907800674438
YMR086W,YDL171C,0,-1.3371897,0.09806258976459503,0.9860140085220337,0.907890796661377
YJL134W,YEL020C,0,-1.3376694,0.09805285185575485,0.9860140085220337,0.9079908132553101
YIL138C,YPL230W,0,-1.3380837,0.09804311394691467,0.9860140085220337,0.9080908298492432
YOR285W,YLR430W,0,-1.3383589,0.0980333760380745,0.9860140085220337,0.9081908464431763
YBR164C,YKR101W,0,-1.33849,0.09802363812923431,0.9860140085220337,0.9082908034324646
YGR096W,YDL025C,0,-1.3400617,0.09801390022039413,0.9860140085220337,0.9083908200263977
YML132W,YOR226C,0,-1.3405733,0.09800416976213455,0.9860140085220337,0.9084908366203308
YDL141W,YMR067C,0,-1.3411577,0.09799443930387497,0.9860140085220337,0.9085908532142639
YBR172C,YGL029W,0,-1.3419755,0.09798470884561539,0.9860140085220337,0.908690869808197
YIR037W,YOR304C-A,0,-1.3422139,0.0979749858379364,0.9860140085220337,0.9087908864021301
YDL239C,YDR141C,0,-1.3422307,0.09796526283025742,0.9860140085220337,0.9088909029960632
YBL074C,YMR164C,0,-1.344276,0.09795553982257843,0.9860140085220337,0.9089909195899963
YLR210W,YKL071W,0,-1.3445079,0.09794581681489944,0.9860140085220337,0.9090909361839294
YKL022C,YNL119W,0,-1.3453271,0.09793610125780106,0.9860140085220337,0.9091908931732178
YBR070C,YHR003C,0,-1.3458073,0.09792637825012207,0.9860140085220337,0.9092909097671509
YDR260C,YPL180W,0,-1.3460431,0.09791667014360428,0.9860140085220337,0.909390926361084
YDR298C,YKL107W,0,-1.3462687,0.09790695458650589,0.9860140085220337,0.9094909429550171
YPL208W,YMR210W,0,-1.3463624,0.0978972390294075,0.9860140085220337,0.9095909595489502
YGL090W,YBL085W,0,-1.3466468,0.09788753092288971,0.9860140085220337,0.9096909761428833
YOR192C-B,YKR057W,0,-1.347867,0.09787782281637192,0.9860140085220337,0.9097909927368164
YEL065W,YOR361C,0,-1.3478831,0.09786812216043472,0.9860140085220337,0.9098910093307495
YKL021C,YDR109C,0,-1.3481036,0.09785841405391693,0.9860140085220337,0.9099910259246826
YML015C,YDR538W,0,-1.3481349,0.09784871339797974,0.9860140085220337,0.910090982913971
YMR302C,YOR313C,0,-1.3481512,0.09783902019262314,0.9860140085220337,0.910190999507904
YEL061C,YML038C,0,-1.3488529,0.09782931953668594,0.9860140085220337,0.9102910161018372
YLR424W,YDL002C,0,-1.3490033,0.09781962633132935,0.9860140085220337,0.9103910326957703
YDR499W,YIR003W,0,-1.3495793,0.09780993312597275,0.9860140085220337,0.9104910492897034
YDL165W,YBR217W,0,-1.3524036,0.09780023992061615,0.9860140085220337,0.9105910658836365
YGL201C,YOL006C,0,-1.352594,0.09779054671525955,0.9860140085220337,0.9106910824775696
YOR382W,YER046W,0,-1.3536721,0.09778086096048355,0.9860140085220337,0.9107910990715027
YCR057C,YOR106W,0,-1.3541085,0.09777117520570755,0.9860140085220337,0.9108911156654358
YLR395C,YNL202W,0,-1.3543899,0.09776148945093155,0.9860140085220337,0.9109910726547241
YPR158C-D,YDL058W,0,-1.3546443,0.09775181114673615,0.9860140085220337,0.9110910892486572
YLR403W,YER111C,0,-1.3548658,0.09774212539196014,0.9860140085220337,0.9111911058425903
YDR062W,YLR210W,0,-1.3553975,0.09773244708776474,0.9860140085220337,0.9112911224365234
YER012W,YIL065C,0,-1.3566233,0.09772276878356934,0.9860140085220337,0.9113911390304565
YPL257W-A,YBL050W,0,-1.3567848,0.09771309792995453,0.9860140085220337,0.9114911556243896
YKR054C,YOL128C,0,-1.357306,0.09770342707633972,0.9860140085220337,0.9115911722183228
YMR049C,YGR277C,0,-1.358165,0.09769375622272491,0.9860140085220337,0.9116911888122559
YMR134W,YEL069C,0,-1.3584049,0.09768408536911011,0.9860140085220337,0.911791205406189
YLR410W-A,YDL136W,0,-1.3585858,0.0976744219660759,0.9860140085220337,0.9118911623954773
YMR201C,YGR038C-A,0,-1.3592844,0.09766475111246109,0.9860140085220337,0.9119911789894104
YDR432W,YDR210W-B,0,-1.3594571,0.09765508770942688,0.9860140085220337,0.9120911955833435
YNL230C,YNL112W,0,-1.3600217,0.09764543175697327,0.9860140085220337,0.9121912121772766
YHR115C,YLR386W,0,-1.3601183,0.09763576835393906,0.9860140085220337,0.9122912287712097
YGL161C,YOR168W,0,-1.3603768,0.09762611240148544,0.9860140085220337,0.9123912453651428
YEL041W,YJR149W,0,-1.3610144,0.09761645644903183,0.9860140085220337,0.9124912619590759
YOR083W,YKL198C,0,-1.362531,0.09760680049657822,0.9860140085220337,0.912591278553009
YGL039W,YBL112C,0,-1.3637536,0.0975971519947052,0.9860140085220337,0.9126912951469421
YLR383W,YOL043C,0,-1.3651047,0.09758750349283218,0.9860140085220337,0.9127912521362305
YDL192W,YPR137C-B,0,-1.3658209,0.09757785499095917,0.9860140085220337,0.9128912687301636
YPR026W,YPL038W,0,-1.3662391,0.09756820648908615,0.9860140085220337,0.9129912853240967
YDR067C,YLR306W,0,-1.3667337,0.09755856543779373,0.9860140085220337,0.9130913019180298
YML114C,YDR527W,0,-1.3676941,0.09754892438650131,0.9860140085220337,0.9131913185119629
YFL066C,YMR283C,0,-1.3678808,0.09753928333520889,0.9860140085220337,0.913291335105896
YJR130C,YCL020W,0,-1.3689075,0.09752964228391647,0.9860140085220337,0.9133913516998291
YGR001C,YLR176C,0,-1.369477,0.09752000868320465,0.9860140085220337,0.9134913682937622
YKL094W,YDR497C,0,-1.3696656,0.09751037508249283,0.9860140085220337,0.9135913848876953
YPR159W,YFR019W,0,-1.3699743,0.097500741481781,0.9860140085220337,0.9136913418769836
YGR166W,YMR179W,0,-1.3719418,0.09749110788106918,0.9860140085220337,0.9137913584709167
YOL077W-A,YNL257C,0,-1.3732862,0.09748148173093796,0.9860140085220337,0.9138913750648499
YMR244C-A,YNL239W,0,-1.3751647,0.09747185558080673,0.9860140085220337,0.913991391658783
YIL097W,YFR045W,0,-1.3752122,0.0974622294306755,0.9860140085220337,0.9140914082527161
YKL041W,YNL044W,0,-1.3754554,0.09745260328054428,0.9860140085220337,0.9141914248466492
YNL053W,YBL023C,0,-1.3756198,0.09744298458099365,0.9860140085220337,0.9142914414405823
YDR523C,YGR189C,0,-1.3764482,0.09743336588144302,0.9860140085220337,0.9143914580345154
YGL158W,YJL099W,0,-1.3767471,0.0974237471818924,0.9860140085220337,0.9144914746284485
YMR056C,YDR163W,0,-1.3783753,0.09741413593292236,0.9860140085220337,0.9145914316177368
YJL025W,YPL068C,0,-1.378743,0.09740451723337173,0.9860140085220337,0.9146914482116699
YLR227W-B,YPL069C,0,-1.3798954,0.0973949059844017,0.9860140085220337,0.914791464805603
YHL044W,YPR200C,0,-1.3799969,0.09738530218601227,0.9860140085220337,0.9148914813995361
YGR001C,YGL236C,0,-1.3821534,0.09737569093704224,0.9860140085220337,0.9149914979934692
YKL048C,YNL068C,1,-1.3834925,0.09746473282575607,0.9870129823684692,0.9149914979934692
YIL074C,YPR158W-A,0,-1.3840439,0.09745512157678604,0.9870129823684692,0.9150915145874023
YNL021W,YGL122C,0,-1.3845824,0.09744551032781601,0.9870129823684692,0.9151915311813354
YIR039C,YLR246W,0,-1.3858992,0.09743589907884598,0.9870129823684692,0.9152915477752686
YKR060W,YER007W,0,-1.3859583,0.09742628782987595,0.9870129823684692,0.9153915643692017
YPR113W,YDR453C,0,-1.3865366,0.09741668403148651,0.9870129823684692,0.91549152135849
YOR142W-B,YNL071W,0,-1.3872018,0.09740708023309708,0.9870129823684692,0.9155915379524231
YKR086W,YDR390C,0,-1.3872166,0.09739747643470764,0.9870129823684692,0.9156915545463562
YBL113C,YDL006W,0,-1.3872956,0.0973878726363182,0.9870129823684692,0.9157915711402893
YJL046W,YNL049C,0,-1.3873217,0.09737827628850937,0.9870129823684692,0.9158915877342224
YJL030W,YCR052W,0,-1.3877293,0.09736867994070053,0.9870129823684692,0.9159916043281555
YLR057W,YOR064C,0,-1.3881094,0.0973590835928917,0.9870129823684692,0.9160916209220886
YBL074C,YAL054C,0,-1.3881729,0.09734949469566345,0.9870129823684692,0.9161916375160217
YOR371C,YNL068C,1,-1.3883681,0.09743842482566833,0.9880120158195496,0.9161916375160217
YGR029W,YPR127W,0,-1.3894665,0.0974288210272789,0.9880120158195496,0.9162916541099548
YFR007W,YJL062W,0,-1.3900878,0.09741922467947006,0.9880120158195496,0.9163916110992432
YJR056C,YMR036C,0,-1.3908498,0.09740963578224182,0.9880120158195496,0.9164916276931763
YFL052W,YGL166W,0,-1.3912735,0.09740003943443298,0.9880120158195496,0.9165916442871094
YMR271C,YNL148C,0,-1.391891,0.09739045053720474,0.9880120158195496,0.9166916608810425
YNL298W,YLR313C,1,-1.3932756,0.09747932106256485,0.9890109896659851,0.9166916608810425
YGR271C-A,YNL095C,0,-1.3937237,0.09746972471475601,0.9890109896659851,0.9167916774749756
YJR028W,YKL193C,0,-1.3942752,0.09746012836694717,0.9890109896659851,0.9168916940689087
YPL227C,YBR247C,0,-1.3955745,0.09745053946971893,0.9890109896659851,0.9169917106628418
YLR086W,YLR438C-A,0,-1.3962986,0.0974409431219101,0.9890109896659851,0.9170917272567749
YNL115C,YDR038C,0,-1.3966346,0.09743135422468185,0.9890109896659851,0.917191743850708
YGR104C,YFL041W,0,-1.3975511,0.09742176532745361,0.9890109896659851,0.9172917008399963
YML030W,YBR221C,0,-1.3976971,0.09741218388080597,0.9890109896659851,0.9173917174339294
YLL011W,YPL257W-A,0,-1.3978127,0.09740259498357773,0.9890109896659851,0.9174917340278625
YBR290W,YDL101C,0,-1.3980383,0.09739301353693008,0.9890109896659851,0.9175917506217957
YER164W,YBL112C,0,-1.3993301,0.09738343209028244,0.9890109896659851,0.9176917672157288
YLR074C,YNL339C,0,-1.4007066,0.0973738580942154,0.9890109896659851,0.9177917838096619
YFR006W,YHR175W,0,-1.4041936,0.09736427664756775,0.9890109896659851,0.917891800403595
YOR070C,YPR107C,0,-1.4061568,0.0973547026515007,0.9890109896659851,0.9179918169975281
YEL058W,YJL176C,0,-1.4064107,0.09734513610601425,0.9890109896659851,0.9180918335914612
YGR038C-A,YLR183C,0,-1.407407,0.0973355621099472,0.9890109896659851,0.9181917905807495
YLR441C,YMR194W,0,-1.4083418,0.09732599556446075,0.9890109896659851,0.9182918071746826
YNL271C,YNL068C,1,-1.4084309,0.09741472452878952,0.9900099635124207,0.9182918071746826
YJR029W,YDR261C-D,0,-1.4091603,0.09740515053272247,0.9900099635124207,0.9183918237686157
YGL068W,YER042W,0,-1.4098129,0.09739557653665543,0.9900099635124207,0.9184918403625488
YGR161W-B,YNL302C,0,-1.4103584,0.09738600999116898,0.9900099635124207,0.9185918569564819
YLR186W,YLL034C,0,-1.4112353,0.09737643599510193,0.9900099635124207,0.918691873550415
YOR269W,YDR195W,0,-1.4113133,0.09736686944961548,0.9900099635124207,0.9187918901443481
YMR166C,YJR158W,0,-1.4131691,0.09735730290412903,0.9900099635124207,0.9188919067382812
YNL159C,YFR045W,0,-1.414627,0.09734774380922318,0.9900099635124207,0.9189919233322144
YDR419W,YNL258C,0,-1.4154203,0.09733817726373672,0.9900099635124207,0.9190918803215027
YOR285W,YDR261W-B,0,-1.4162091,0.09732861816883087,0.9900099635124207,0.9191918969154358
YIL035C,YGR229C,0,-1.4169037,0.09731905907392502,0.9900099635124207,0.9192919135093689
YDR404C,YBR260C,0,-1.4173974,0.09730950742959976,0.9900099635124207,0.919391930103302
YMR224C,YEL020C,0,-1.4176207,0.09729994833469391,0.9900099635124207,0.9194919466972351
YLR433C,YGL160W,0,-1.4190537,0.09729039669036865,0.9900099635124207,0.9195919632911682
YGL208W,YGR256W,0,-1.4191074,0.0972808450460434,0.9900099635124207,0.9196919798851013
YCL069W,YLR440C,0,-1.4193633,0.09727130085229874,0.9900099635124207,0.9197919964790344
YDR195W,YDR186C,0,-1.4204826,0.09726174920797348,0.9900099635124207,0.9198920130729675
YGR065C,YGR222W,0,-1.420683,0.09725220501422882,0.9900099635124207,0.9199919700622559
YML088W,YKL056C,0,-1.4234715,0.09724266827106476,0.9900099635124207,0.920091986656189
YBR055C,YLR014C,0,-1.4236345,0.0972331240773201,0.9900099635124207,0.9201920032501221
YCL057C-A,YER087W,0,-1.4242277,0.09722358733415604,0.9900099635124207,0.9202920198440552
YBR239C,YMR211W,0,-1.4250445,0.09721405059099197,0.9900099635124207,0.9203920364379883
YDL156W,YDR470C,0,-1.4262497,0.09720451384782791,0.9900099635124207,0.9204920530319214
YOL082W,YBR192W,0,-1.4262738,0.09719497710466385,0.9900099635124207,0.9205920696258545
YPR137C-A,YLR262C,0,-1.4264126,0.09718544781208038,0.9900099635124207,0.9206920862197876
YLR391W-A,YDR254W,0,-1.4285625,0.09717591851949692,0.9900099635124207,0.9207921028137207
YOR348C,YMR099C,0,-1.428614,0.09716638922691345,0.9900099635124207,0.920892059803009
YGL172W,YOL092W,0,-1.4286462,0.09715685993432999,0.9900099635124207,0.9209920763969421
YIR011C,YDR363W,0,-1.4298835,0.09714733809232712,0.9900099635124207,0.9210920929908752
YGR257C,YMR169C,0,-1.4308993,0.09713781625032425,0.9900099635124207,0.9211921095848083
YGL155W,YHR116W,0,-1.4311337,0.09712829440832138,0.9900099635124207,0.9212921261787415
YNR063W,YDR174W,0,-1.4317204,0.09711878001689911,0.9900099635124207,0.9213921427726746
YLL003W,YJL029C,0,-1.4339415,0.09710925817489624,0.9900099635124207,0.9214921593666077
YOL107W,YDR252W,0,-1.4343271,0.09709974378347397,0.9900099635124207,0.9215921759605408
YOR106W,YHR029C,0,-1.4348081,0.0970902293920517,0.9900099635124207,0.9216921925544739
YDL006W,YNR027W,0,-1.4355234,0.09708072245121002,0.9900099635124207,0.9217921495437622
YOR327C,YOR057W,0,-1.435927,0.09707120805978775,0.9900099635124207,0.9218921661376953
YOL027C,YJR107W,0,-1.4365678,0.09706170111894608,0.9900099635124207,0.9219921827316284
YDR446W,YOL075C,0,-1.436697,0.097052201628685,0.9900099635124207,0.9220921993255615
YPL021W,YHR073W,1,-1.438924,0.09714061766862869,0.991008996963501,0.9220921993255615
YLR074C,YBR010W,0,-1.4393004,0.09713111072778702,0.991008996963501,0.9221922159194946
YPR048W,YML001W,0,-1.4409156,0.09712159633636475,0.991008996963501,0.9222922325134277
YHR214C-B,YGR061C,0,-1.4422036,0.09711208939552307,0.991008996963501,0.9223922491073608
YPL180W,YKL143W,0,-1.4437648,0.0971025824546814,0.991008996963501,0.922492265701294
YGR284C,YJR015W,0,-1.4446652,0.09709308296442032,0.991008996963501,0.922592282295227
YBR033W,YPL139C,0,-1.4450663,0.09708357602357864,0.991008996963501,0.9226922988891602
YML014W,YOR145C,0,-1.4460874,0.09707407653331757,0.991008996963501,0.9227922558784485
YPL275W,YGL021W,0,-1.4463027,0.09706457704305649,0.991008996963501,0.9228922724723816
YCR102C,YDR205W,0,-1.4489026,0.09705508500337601,0.991008996963501,0.9229922890663147
YJL130C,YBL010C,0,-1.4498135,0.09704558551311493,0.991008996963501,0.9230923056602478
YHL032C,YDR460W,0,-1.4504311,0.09703609347343445,0.991008996963501,0.9231923222541809
YKR048C,YHL019C,0,-1.4510096,0.09702660143375397,0.991008996963501,0.923292338848114
YOR147W,YER087C-A,0,-1.4517572,0.09701711684465408,0.991008996963501,0.9233923554420471
YMR130W,YNR035C,0,-1.4522419,0.0970076248049736,0.991008996963501,0.9234923720359802
YDR076W,YNL309W,0,-1.4527141,0.09699814021587372,0.991008996963501,0.9235923886299133
YMR090W,YBR293W,0,-1.4539979,0.09698865562677383,0.991008996963501,0.9236923456192017
YDR054C,YNR054C,0,-1.4543228,0.09697917848825455,0.991008996963501,0.9237923622131348
YPR025C,YOR293W,0,-1.4556838,0.09696969389915466,0.991008996963501,0.9238923788070679
YBR274W,YHR166C,0,-1.4558399,0.09696021676063538,0.991008996963501,0.923992395401001
YOR261C,YOL157C,0,-1.4560401,0.09695073962211609,0.991008996963501,0.9240924119949341
YPL204W,YMR306W,0,-1.4577451,0.0969412699341774,0.991008996963501,0.9241924285888672
YPR127W,YKL213C,0,-1.4583437,0.09693179279565811,0.991008996963501,0.9242924451828003
YLR005W,YLR319C,0,-1.4587195,0.09692232310771942,0.991008996963501,0.9243924617767334
YIL099W,YOL005C,0,-1.459933,0.09691285341978073,0.991008996963501,0.9244924783706665
YLR089C,YOR214C,0,-1.4601176,0.09690339118242264,0.991008996963501,0.9245924353599548
YOR074C,YLR183C,0,-1.4629729,0.09689392149448395,0.991008996963501,0.9246924519538879
YMR323W,YPL111W,0,-1.4632231,0.09688445925712585,0.991008996963501,0.924792468547821
YCR030C,YLR042C,0,-1.4677801,0.09687499701976776,0.991008996963501,0.9248924851417542
YPR083W,YHR025W,0,-1.4687924,0.09686554223299026,0.991008996963501,0.9249925017356873
YMR210W,YDL030W,0,-1.4739642,0.09685607999563217,0.991008996963501,0.9250925183296204
YBR132C,YGR263C,0,-1.4742091,0.09684662520885468,0.991008996963501,0.9251925349235535
YDL040C,YKL158W,0,-1.4755417,0.09683717042207718,0.991008996963501,0.9252925515174866
YFL018C,YNR001C,0,-1.4756095,0.09682772308588028,0.991008996963501,0.9253925681114197
YOL005C,YBR296C,0,-1.4757345,0.09681826829910278,0.991008996963501,0.925492525100708
YNL162W,YDR142C,0,-1.4760156,0.09680882096290588,0.991008996963501,0.9255925416946411
YBL030C,YDR186C,0,-1.4763002,0.09679937362670898,0.991008996963501,0.9256925582885742
YKL017C,YJL111W,0,-1.4771533,0.09678993374109268,0.991008996963501,0.9257925748825073
YDL065C,YPR204W,0,-1.4780384,0.09678048640489578,0.991008996963501,0.9258925914764404
YPL099C,YIL082W-A,0,-1.479363,0.09677104651927948,0.991008996963501,0.9259926080703735
YGR001C,YHL018W,0,-1.4816618,0.09676160663366318,0.991008996963501,0.9260926246643066
YIR007W,YLR033W,0,-1.4822264,0.09675216674804688,0.991008996963501,0.9261926412582397
YPL164C,YJR110W,0,-1.4823775,0.09674273431301117,0.991008996963501,0.9262926578521729
YMR208W,YNL092W,0,-1.4823953,0.09673330187797546,0.991008996963501,0.9263926148414612
YNL006W,YAL053W,0,-1.4833944,0.09672386944293976,0.991008996963501,0.9264926314353943
YPR158C-D,YOR298C-A,0,-1.4834511,0.09671443700790405,0.991008996963501,0.9265926480293274
YNL326C,YMR043W,0,-1.48684,0.09670501202344894,0.991008996963501,0.9266926646232605
YDR365W-B,YOR292C,0,-1.4874957,0.09669558703899384,0.991008996963501,0.9267926812171936
YER013W,YJR026W,0,-1.4879385,0.09668616205453873,0.991008996963501,0.9268926978111267
YPL249C,YEL053C,0,-1.4901197,0.09667673707008362,0.991008996963501,0.9269927144050598
YMR176W,YML058W-A,0,-1.4903255,0.0966673195362091,0.991008996963501,0.9270927309989929
YDR307W,YBR207W,0,-1.4904747,0.096657894551754,0.991008996963501,0.927192747592926
YNR001C,YBL057C,0,-1.4915764,0.09664847701787949,0.991008996963501,0.9272927045822144
YNL289W,YML109W,0,-1.4925246,0.09663906693458557,0.991008996963501,0.9273927211761475
YML071C,YPL008W,0,-1.4927092,0.09662964940071106,0.991008996963501,0.9274927377700806
YLR035C-A,YFL023W,0,-1.492804,0.09662023931741714,0.991008996963501,0.9275927543640137
YOL107W,YLL039C,0,-1.4934102,0.09661082923412323,0.991008996963501,0.9276927709579468
YPR025C,YIL067C,0,-1.4940007,0.09660141915082932,0.991008996963501,0.9277927875518799
YPL115C,YLR362W,1,-1.4940009,0.0966893881559372,0.9920079708099365,0.9277927875518799
YDR415C,YMR098C,0,-1.495645,0.09667997062206268,0.9920079708099365,0.927892804145813
YNL053W,YDR090C,0,-1.496105,0.09667056053876877,0.9920079708099365,0.9279928207397461
YKL086W,YNL264C,0,-1.496418,0.09666115045547485,0.9920079708099365,0.9280928373336792
YLR138W,YOR084W,0,-1.4991863,0.09665174037218094,0.9920079708099365,0.9281927943229675
YHR156C,YGR276C,0,-1.4997165,0.09664233773946762,0.9920079708099365,0.9282928109169006
YGR058W,YMR170C,0,-1.5000417,0.0966329276561737,0.9920079708099365,0.9283928275108337
YGR284C,YDR299W,0,-1.5024719,0.09662352502346039,0.9920079708099365,0.9284928441047668
YJL063C,YHL008C,0,-1.5038927,0.09661412984132767,0.9920079708099365,0.9285928606987
YHR115C,YHR191C,0,-1.5039331,0.09660472720861435,0.9920079708099365,0.9286928772926331
YDR065W,YBR104W,0,-1.5041503,0.09659533202648163,0.9920079708099365,0.9287928938865662
YKL152C,YDL114W,0,-1.5053446,0.09658593684434891,0.9920079708099365,0.9288929104804993
YMR198W,YNR027W,0,-1.5053917,0.09657654166221619,0.9920079708099365,0.9289929270744324
YMR058W,YDL049C,0,-1.5074685,0.09656714648008347,0.9920079708099365,0.9290928840637207
YHR050W,YHR044C,0,-1.5081544,0.09655775874853134,0.9920079708099365,0.9291929006576538
YPL047W,YNL257C,0,-1.5082633,0.09654837101697922,0.9920079708099365,0.9292929172515869
YKR024C,YOR308C,0,-1.5099187,0.0965389832854271,0.9920079708099365,0.92939293384552
YLR187W,YKL144C,0,-1.5114424,0.09652960300445557,0.9920079708099365,0.9294929504394531
YBR204C,YLR373C,0,-1.5118104,0.09652021527290344,0.9920079708099365,0.9295929670333862
YNL061W,YGR027W-A,0,-1.5122961,0.09651083499193192,0.9920079708099365,0.9296929836273193
YNL064C,YHR064C,0,-1.5133086,0.09650145471096039,0.9920079708099365,0.9297930002212524
YHL044W,YOR222W,0,-1.513793,0.09649208188056946,0.9920079708099365,0.9298930168151855
YLR051C,YPR137C-A,0,-1.5153937,0.09648270159959793,0.9920079708099365,0.9299929738044739
YMR238W,YLR313C,1,-1.5159144,0.09657048434019089,0.9930070042610168,0.9299929738044739
YJR144W,YER098W,0,-1.5162724,0.09656110405921936,0.9930070042610168,0.930092990398407
YKR080W,YFR045W,0,-1.516613,0.09655172377824783,0.9930070042610168,0.9301930069923401
YGR200C,YJL014W,0,-1.5166616,0.0965423434972763,0.9930070042610168,0.9302930235862732
YAL017W,YLR188W,0,-1.5173413,0.09653297066688538,0.9930070042610168,0.9303930401802063
YNL311C,YHL022C,0,-1.517906,0.09652359783649445,0.9930070042610168,0.9304930567741394
YMR079W,YJR013W,0,-1.5189853,0.09651422500610352,0.9930070042610168,0.9305930733680725
YPL055C,YBL068W,0,-1.5191461,0.09650485217571259,0.9930070042610168,0.9306930899620056
YMR176W,YKR057W,0,-1.5193852,0.09649548679590225,0.9930070042610168,0.9307931065559387
YMR176W,YIL002C,0,-1.5194016,0.09648612141609192,0.9930070042610168,0.930893063545227
YJR010W,YDR364C,0,-1.5217183,0.09647675603628159,0.9930070042610168,0.9309930801391602
YNL172W,YCR102C,0,-1.5228033,0.09646739065647125,0.9930070042610168,0.9310930967330933
YMR011W,YOR069W,0,-1.523398,0.09645803272724152,0.9930070042610168,0.9311931133270264
YOR076C,YGR161W-B,0,-1.5246817,0.09644866734743118,0.9930070042610168,0.9312931299209595
YJR153W,YMR164C,1,-1.5247953,0.09653633087873459,0.9940059781074524,0.9312931299209595
YAL014C,YML037C,0,-1.5248646,0.09652697294950485,0.9940059781074524,0.9313931465148926
YDL069C,YDL129W,0,-1.5251616,0.09651760756969452,0.9940059781074524,0.9314931631088257
YFL054C,YPL226W,0,-1.5253596,0.09650824218988419,0.9940059781074524,0.9315931797027588
YJL172W,YOR144C,0,-1.5258467,0.09649888426065445,0.9940059781074524,0.9316931962966919
YLR341W,YLR298C,0,-1.5268126,0.09648952633142471,0.9940059781074524,0.9317931532859802
YLR119W,YHR021C,0,-1.5268219,0.09648016840219498,0.9940059781074524,0.9318931698799133
YOR298C-A,YBR287W,0,-1.5272651,0.09647081792354584,0.9940059781074524,0.9319931864738464
YHR140W,YBR166C,0,-1.527452,0.0964614674448967,0.9940059781074524,0.9320932030677795
YLR246W,YOR215C,0,-1.5277877,0.09645210951566696,0.9940059781074524,0.9321932196617126
YKL088W,YOR206W,0,-1.5282933,0.09644276648759842,0.9940059781074524,0.9322932362556458
YCL057W,YDL229W,0,-1.5284706,0.09643341600894928,0.9940059781074524,0.9323932528495789
YGL123W,YPL119C,0,-1.5310404,0.09642407298088074,0.9940059781074524,0.932493269443512
YDR368W,YPR004C,0,-1.5322207,0.0964147299528122,0.9940059781074524,0.9325932860374451
YLR133W,YPL283C,0,-1.5355563,0.09640538692474365,0.9940059781074524,0.9326932430267334
YLR064W,YIR003W,0,-1.5367777,0.09639604389667511,0.9940059781074524,0.9327932596206665
YKR097W,YOL148C,0,-1.5367786,0.09638670831918716,0.9940059781074524,0.9328932762145996
YBL074C,YKL108W,0,-1.53689,0.09637737274169922,0.9940059781074524,0.9329932928085327
YLR229C,YMR045C,0,-1.537502,0.09636803716421127,0.9940059781074524,0.9330933094024658
YCR028C,YNR026C,0,-1.5377712,0.09635870903730392,0.9940059781074524,0.9331933259963989
YNL274C,YDR077W,0,-1.5390639,0.09634937345981598,0.9940059781074524,0.933293342590332
YMR296C,YER099C,0,-1.5394553,0.09634004533290863,0.9940059781074524,0.9333933591842651
YOR231W,YDR016C,0,-1.5396813,0.09633071720600128,0.9940059781074524,0.9334933757781982
YLL019C,YER065C,0,-1.5422683,0.09632139652967453,0.9940059781074524,0.9335933327674866
YJL114W,YDL108W,0,-1.542615,0.09631206840276718,0.9940059781074524,0.9336933493614197
YPL283C,YDR388W,0,-1.5427573,0.09630274772644043,0.9940059781074524,0.9337933659553528
YBR223C,YDR173C,0,-1.5470867,0.09629342705011368,0.9940059781074524,0.9338933825492859
YNL335W,YMR036C,0,-1.5472225,0.09628411382436752,0.9940059781074524,0.933993399143219
YKL056C,YLR262C,0,-1.549865,0.09627479314804077,0.9940059781074524,0.9340934157371521
YIL099W,YNL265C,0,-1.550482,0.09626547992229462,0.9940059781074524,0.9341934323310852
YDL144C,YEL050C,0,-1.5506227,0.09625616669654846,0.9940059781074524,0.9342934489250183
YPR127W,YOR054C,0,-1.5512962,0.09624685347080231,0.9940059781074524,0.9343934655189514
YDL206W,YLR369W,0,-1.551907,0.09623754769563675,0.9940059781074524,0.9344934225082397
YDL040C,YCL075W,0,-1.5519358,0.09622824192047119,0.9940059781074524,0.9345934391021729
YER124C,YMR117C,0,-1.5520188,0.09621893614530563,0.9940059781074524,0.934693455696106
YOR321W,YMR199W,0,-1.552397,0.09620963037014008,0.9940059781074524,0.9347934722900391
YKL198C,YDR210W-B,0,-1.5524454,0.09620033204555511,0.9940059781074524,0.9348934888839722
YDR512C,YDL245C,0,-1.5528877,0.09619102627038956,0.9940059781074524,0.9349935054779053
YDR058C,YHR079C-A,0,-1.5535073,0.0961817279458046,0.9940059781074524,0.9350935220718384
YHR051W,YOL041C,0,-1.5544846,0.09617243707180023,0.9940059781074524,0.9351935386657715
YOL111C,YLR291C,0,-1.5571402,0.09616313874721527,0.9940059781074524,0.9352935552597046
YML130C,YIL128W,0,-1.5592813,0.09615384787321091,0.9940059781074524,0.9353935122489929
YJR028W,YMR204C,0,-1.5597389,0.09614455699920654,0.9940059781074524,0.935493528842926
YFR006W,YAL022C,0,-1.5603962,0.09613526612520218,0.9940059781074524,0.9355935454368591
YKR086W,YKR097W,0,-1.5610725,0.09612597525119781,0.9940059781074524,0.9356935620307922
YMR295C,YLR308W,0,-1.5611215,0.09611669182777405,0.9940059781074524,0.9357935786247253
YMR032W,YDR364C,0,-1.5622284,0.09610740840435028,0.9940059781074524,0.9358935952186584
YJR107W,YLR262C,0,-1.5623606,0.09609812498092651,0.9940059781074524,0.9359936118125916
YGR075C,YLL019C,0,-1.5625223,0.09608884900808334,0.9940059781074524,0.9360936284065247
YER089C,YEL037C,0,-1.5625355,0.09607956558465958,0.9940059781074524,0.9361936450004578
YBR136W,YFL029C,0,-1.5625875,0.0960702896118164,0.9940059781074524,0.9362936019897461
YER138C,YMR193W,0,-1.5651052,0.09606101363897324,0.9940059781074524,0.9363936185836792
YOR061W,YIL108W,0,-1.5669261,0.09605174511671066,0.9940059781074524,0.9364936351776123
YPL195W,YCR073C,0,-1.5670338,0.09604246914386749,0.9940059781074524,0.9365936517715454
YMR106C,YGR095C,0,-1.5675411,0.09603320062160492,0.9940059781074524,0.9366936683654785
YPR042C,YKL167C,0,-1.5682611,0.09602393209934235,0.9940059781074524,0.9367936849594116
YLR016C,YGL175C,0,-1.570033,0.09601467102766037,0.9940059781074524,0.9368937015533447
YGR052W,YOL026C,0,-1.5701666,0.0960054025053978,0.9940059781074524,0.9369937181472778
YFL054C,YKL084W,0,-1.5709169,0.09599614143371582,0.9940059781074524,0.9370937347412109
YOR159C,YLL004W,0,-1.5714526,0.09598688036203384,0.9940059781074524,0.9371936917304993
YDR302W,YKL071W,0,-1.571622,0.09597761929035187,0.9940059781074524,0.9372937083244324
YMR087W,YBR024W,0,-1.5718901,0.09596836566925049,0.9940059781074524,0.9373937249183655
YDL092W,YER166W,0,-1.5729123,0.09595911204814911,0.9940059781074524,0.9374937415122986
YLR341W,YGL071W,0,-1.5734162,0.09594985842704773,0.9940059781074524,0.9375937581062317
YJL206C,YMR256C,0,-1.5771055,0.09594060480594635,0.9940059781074524,0.9376937747001648
YPL022W,YDR487C,0,-1.5777118,0.09593135118484497,0.9940059781074524,0.9377937912940979
YLR224W,YMR047C,0,-1.579993,0.09592210501432419,0.9940059781074524,0.937893807888031
YBR010W,YGL023C,0,-1.5800126,0.0959128588438034,0.9940059781074524,0.9379938244819641
YGL160W,YDR258C,0,-1.5804074,0.09590361267328262,0.9940059781074524,0.9380937814712524
YMR210W,YCL010C,0,-1.5810641,0.09589437395334244,0.9940059781074524,0.9381937980651855
YOR292C,YCR068W,0,-1.5813859,0.09588512778282166,0.9940059781074524,0.9382938146591187
YMR315W,YDR470C,0,-1.5831258,0.09587588906288147,0.9940059781074524,0.9383938312530518
YGR161W-B,YOL130W,0,-1.5837638,0.09586665034294128,0.9940059781074524,0.9384938478469849
YNL090W,YPR075C,0,-1.5839152,0.0958574190735817,0.9940059781074524,0.938593864440918
YGL029W,YJR063W,0,-1.5879683,0.0958481878042221,0.9940059781074524,0.9386938810348511
YPL087W,YBL005W-A,0,-1.588624,0.09583894908428192,0.9940059781074524,0.9387938976287842
YPR204W,YOL086C,0,-1.5892235,0.09582972526550293,0.9940059781074524,0.9388939142227173
YGR134W,YPL083C,0,-1.5896327,0.09582049399614334,0.9940059781074524,0.9389938712120056
YBR202W,YFL029C,0,-1.5900192,0.09581126272678375,0.9940059781074524,0.9390938878059387
YOR251C,YCL052C,0,-1.5900686,0.09580203890800476,0.9940059781074524,0.9391939043998718
YDL078C,YDR170W-A,0,-1.5902026,0.09579281508922577,0.9940059781074524,0.9392939209938049
YMR087W,YOL077W-A,0,-1.593002,0.09578359872102737,0.9940059781074524,0.939393937587738
YAR066W,YHL007C,0,-1.5953004,0.09577437490224838,0.9940059781074524,0.9394939541816711
YMR159C,YKR059W,0,-1.5960729,0.09576515853404999,0.9940059781074524,0.9395939707756042
YHL036W,YBR261C,0,-1.5967488,0.09575594216585159,0.9940059781074524,0.9396939873695374
YIL172C,YMR300C,0,-1.5995729,0.0957467257976532,0.9940059781074524,0.9397940039634705
YDR184C,YDL020C,0,-1.6002355,0.0957375168800354,0.9940059781074524,0.9398939609527588
YDR416W,YDR216W,0,-1.6041828,0.0957283079624176,0.9940059781074524,0.9399939775466919
YLL061W,YHR058C,0,-1.6089495,0.0957190990447998,0.9940059781074524,0.940093994140625
YKL130C,YLR452C,0,-1.6123666,0.095709890127182,0.9940059781074524,0.9401940107345581
YPL276W,YKL101W,0,-1.6142963,0.09570068120956421,0.9940059781074524,0.9402940273284912
YHL013C,YPR063C,0,-1.6152968,0.09569147974252701,0.9940059781074524,0.9403940439224243
YER173W,YOR226C,0,-1.6161458,0.09568227827548981,0.9940059781074524,0.9404940605163574
YJL214W,YJL113W,0,-1.6169124,0.0956730768084526,0.9940059781074524,0.9405940771102905
YDR255C,YFL004W,0,-1.6190739,0.0956638753414154,0.9940059781074524,0.9406940937042236
YDR364C,YJL047C,0,-1.6190999,0.0956546813249588,0.9940059781074524,0.940794050693512
YPR167C,YLR283W,0,-1.6193054,0.0956454873085022,0.9940059781074524,0.9408940672874451
YNL197C,YDR306C,0,-1.6214582,0.0956362932920456,0.9940059781074524,0.9409940838813782
YMR273C,YOL133W,0,-1.6224649,0.09562709927558899,0.9940059781074524,0.9410941004753113
YNL046W,YIL084C,0,-1.62296,0.09561791270971298,0.9940059781074524,0.9411941170692444
YDL049C,YBR280C,0,-1.6243882,0.09560872614383698,0.9940059781074524,0.9412941336631775
YNL010W,YMR197C,0,-1.6249858,0.09559953957796097,0.9940059781074524,0.9413941502571106
YGR033C,YLR240W,0,-1.6258117,0.09559035301208496,0.9940059781074524,0.9414941668510437
YOR251C,YKL211C,0,-1.6270002,0.09558117389678955,0.9940059781074524,0.9415941834449768
YJR095W,YBL021C,0,-1.6278176,0.09557199478149414,0.9940059781074524,0.9416941404342651
YOR283W,YCL027W,0,-1.6289136,0.09556281566619873,0.9940059781074524,0.9417941570281982
YDR298C,YDR031W,0,-1.6290829,0.09555363655090332,0.9940059781074524,0.9418941736221313
YIL157C,YNL047C,0,-1.6295791,0.09554445743560791,0.9940059781074524,0.9419941902160645
YBL005W-B,YCR011C,0,-1.6303544,0.0955352857708931,0.9940059781074524,0.9420942068099976
YNL117W,YLL015W,0,-1.6308917,0.09552611410617828,0.9940059781074524,0.9421942234039307
YDR214W,YBR033W,0,-1.6312668,0.09551694244146347,0.9940059781074524,0.9422942399978638
YOR356W,YDR510W,0,-1.6314762,0.09550777822732925,0.9940059781074524,0.9423942565917969
YBR040W,YOL017W,0,-1.631581,0.09549860656261444,0.9940059781074524,0.94249427318573
YOL039W,YDL129W,0,-1.6330054,0.09548944234848022,0.9940059781074524,0.9425942301750183
YMR214W,YDL171C,0,-1.6334854,0.09548027813434601,0.9940059781074524,0.9426942467689514
YGR209C,YPL159C,0,-1.635741,0.09547112137079239,0.9940059781074524,0.9427942633628845
YHR156C,YLR318W,0,-1.6389751,0.09546195715665817,0.9940059781074524,0.9428942799568176
YOL004W,YFL029C,0,-1.6391728,0.09545280039310455,0.9940059781074524,0.9429942965507507
YDL217C,YPR140W,0,-1.6401472,0.09544364362955093,0.9940059781074524,0.9430943131446838
YOR037W,YJL029C,0,-1.6404319,0.09543449431657791,0.9940059781074524,0.9431943297386169
YOL133W,YEL070W,0,-1.6406538,0.09542533755302429,0.9940059781074524,0.94329434633255
YGL169W,YMR060C,0,-1.6418226,0.09541618824005127,0.9940059781074524,0.9433943629264832
YGR071C,YFL014W,0,-1.6425488,0.09540703892707825,0.9940059781074524,0.9434943199157715
YPL180W,YNL054W-B,0,-1.642613,0.09539788961410522,0.9940059781074524,0.9435943365097046
YPL162C,YLR116W,0,-1.64313,0.0953887477517128,0.9940059781074524,0.9436943531036377
YJL115W,YMR319C,0,-1.6460426,0.09537959843873978,0.9940059781074524,0.9437943696975708
YGR105W,YBL078C,0,-1.6493542,0.09537045657634735,0.9940059781074524,0.9438943862915039
YIR037W,YMR283C,0,-1.6496253,0.09536132216453552,0.9940059781074524,0.943994402885437
YGL226C-A,YNR027W,0,-1.6539437,0.0953521803021431,0.9940059781074524,0.9440944194793701
YBR275C,YBR039W,0,-1.6590316,0.09534304589033127,0.9940059781074524,0.9441944360733032
YMR012W,YKR002W,0,-1.6597538,0.09533391147851944,0.9940059781074524,0.9442944526672363
YHR066W,YDR522C,0,-1.6606344,0.09532477706670761,0.9940059781074524,0.9443944096565247
YGR029W,YDR052C,0,-1.66098,0.09531564265489578,0.9940059781074524,0.9444944262504578
YMR208W,YCL074W,0,-1.6617389,0.09530651569366455,0.9940059781074524,0.9445944428443909
YER045C,YOL043C,0,-1.6625516,0.09529738873243332,0.9940059781074524,0.944694459438324
YGL222C,YGL225W,0,-1.6628511,0.09528826177120209,0.9940059781074524,0.9447944760322571
YOL124C,YJL166W,0,-1.6638198,0.09527913480997086,0.9940059781074524,0.9448944926261902
YKL067W,YLL008W,0,-1.6642613,0.09527000784873962,0.9940059781074524,0.9449945092201233
YOR324C,YDR058C,0,-1.6647937,0.09526088833808899,0.9940059781074524,0.9450945258140564
YMR189W,YDL159W,0,-1.6661067,0.09525176882743835,0.9940059781074524,0.9451945424079895
YGR154C,YJL153C,0,-1.6661325,0.09524265676736832,0.9940059781074524,0.9452945590019226
YKL041W,YDR346C,0,-1.6670482,0.09523353725671768,0.9940059781074524,0.9453945159912109
YKL088W,YER133W,0,-1.6673179,0.09522442519664764,0.9940059781074524,0.945494532585144
YKL217W,YOR212W,0,-1.6685886,0.0952153131365776,0.9940059781074524,0.9455945491790771
YKR090W,YKR105C,0,-1.6691281,0.09520620107650757,0.9940059781074524,0.9456945657730103
YKL208W,YHR214C-B,0,-1.6713773,0.09519708901643753,0.9940059781074524,0.9457945823669434
YPL257W-B,YGR092W,0,-1.6716244,0.09518798440694809,0.9940059781074524,0.9458945989608765
YDR003W,YGL137W,0,-1.6716859,0.09517887979745865,0.9940059781074524,0.9459946155548096
YDR052C,YOR378W,0,-1.6718991,0.09516977518796921,0.9940059781074524,0.9460946321487427
YJR153W,YIR019C,1,-1.6720825,0.09525631368160248,0.9950050115585327,0.9460946321487427
YMR250W,YLR043C,0,-1.6729767,0.09524720162153244,0.9950050115585327,0.9461946487426758
YPR096C,YML095C,0,-1.674499,0.095238097012043,0.9950050115585327,0.9462946057319641
YHR039C-A,YLL054C,0,-1.6747241,0.09522899240255356,0.9950050115585327,0.9463946223258972
YNL151C,YOL100W,0,-1.6769197,0.09521988779306412,0.9950050115585327,0.9464946389198303
YLR132C,YBR095C,0,-1.6809536,0.09521078318357468,0.9950050115585327,0.9465946555137634
YGR287C,YNR013C,0,-1.6814713,0.09520167857408524,0.9950050115585327,0.9466946721076965
YOR306C,YGR295C,0,-1.6821629,0.09519258141517639,0.9950050115585327,0.9467946887016296
YFR044C,YOR215C,0,-1.6822633,0.09518348425626755,0.9950050115585327,0.9468947052955627
YOR020C,YHR084W,0,-1.6828382,0.0951743945479393,0.9950050115585327,0.9469947218894958
YJR028W,YJR090C,0,-1.683567,0.09516529738903046,0.9950050115585327,0.947094738483429
YPR079W,YPR005C,0,-1.6849241,0.09515620768070221,0.9950050115585327,0.9471946954727173
YOR142W-B,YPR138C,0,-1.6860975,0.09514711797237396,0.9950050115585327,0.9472947120666504
YMR217W,YKL175W,0,-1.6870406,0.09513802826404572,0.9950050115585327,0.9473947286605835
YLL036C,YNL259C,0,-1.68964,0.09512893855571747,0.9950050115585327,0.9474947452545166
YJR017C,YDR123C,0,-1.6897349,0.09511985629796982,0.9950050115585327,0.9475947618484497
YOR321W,YGR010W,0,-1.6932847,0.09511077404022217,0.9950050115585327,0.9476947784423828
YDR352W,YBR199W,0,-1.6939862,0.09510169178247452,0.9950050115585327,0.9477947950363159
YKR030W,YEL077C,0,-1.6958321,0.09509260952472687,0.9950050115585327,0.947894811630249
YLR153C,YNL084C,0,-1.6960361,0.09508353471755981,0.9950050115585327,0.9479948282241821
YHR105W,YJR151C,0,-1.6963239,0.09507445245981216,0.9950050115585327,0.9480947852134705
YLR418C,YNL026W,0,-1.6981322,0.09506537765264511,0.9950050115585327,0.9481948018074036
YMR221C,YBR278W,0,-1.6987097,0.09505631029605865,0.9950050115585327,0.9482948184013367
YIR009W,YPL078C,0,-1.699517,0.0950472354888916,0.9950050115585327,0.9483948349952698
YNR012W,YDR522C,0,-1.7010901,0.09503816813230515,0.9950050115585327,0.9484948515892029
YGL030W,YLR381W,0,-1.7025621,0.09502910077571869,0.9950050115585327,0.948594868183136
YMR321C,YBL020W,0,-1.7034144,0.09502003341913223,0.9950050115585327,0.9486948847770691
YDR443C,YBR288C,0,-1.704072,0.09501097351312637,0.9950050115585327,0.9487949013710022
YGR038C-A,YGR264C,0,-1.704457,0.09500190615653992,0.9950050115585327,0.9488949179649353
YDR101C,YML015C,0,-1.7106588,0.09499284625053406,0.9950050115585327,0.9489948749542236
YMR079W,YOR285W,0,-1.7107503,0.0949837863445282,0.9950050115585327,0.9490948915481567
YDL121C,YGR188C,0,-1.7125497,0.09497473388910294,0.9950050115585327,0.9491949081420898
YGR054W,YBR031W,0,-1.7131689,0.09496567398309708,0.9950050115585327,0.949294924736023
YPL143W,YDR293C,0,-1.7154156,0.09495662152767181,0.9950050115585327,0.949394941329956
YKR030W,YEL042W,0,-1.7165362,0.09494756907224655,0.9950050115585327,0.9494949579238892
YGR009C,YGR222W,0,-1.718682,0.09493851661682129,0.9950050115585327,0.9495949745178223
YLR227W-B,YPL181W,0,-1.7193364,0.09492947161197662,0.9950050115585327,0.9496949911117554
YFR006W,YOR362C,0,-1.7196311,0.09492042660713196,0.9950050115585327,0.9497950077056885
YER022W,YER111C,0,-1.7207739,0.09491138160228729,0.9950050115585327,0.9498949646949768
YPR065W,YOR181W,0,-1.7209208,0.09490233659744263,0.9950050115585327,0.9499949812889099
YGR028W,YNL245C,0,-1.7218921,0.09489329159259796,0.9950050115585327,0.950094997882843
YDR338C,YGR281W,0,-1.7244797,0.09488425403833389,0.9950050115585327,0.9501950144767761
YML113W,YNL126W,0,-1.7259498,0.09487521648406982,0.9950050115585327,0.9502950310707092
YJR026W,YBR001C,0,-1.7278972,0.09486617892980576,0.9950050115585327,0.9503950476646423
YOR003W,YDL004W,0,-1.7287667,0.09485714137554169,0.9950050115585327,0.9504950642585754
YPL078C,YPR124W,0,-1.7291269,0.09484811127185822,0.9950050115585327,0.9505950808525085
YJL104W,YNL015W,0,-1.7297751,0.09483908116817474,0.9950050115585327,0.9506950974464417
YMR036C,YDR177W,0,-1.7307588,0.09483005106449127,0.9950050115585327,0.95079505443573
YNL026W,YGL234W,0,-1.730824,0.0948210209608078,0.9950050115585327,0.9508950710296631
YDR166C,YGL200C,0,-1.7323425,0.09481199085712433,0.9950050115585327,0.9509950876235962
YFR045W,YOL123W,0,-1.7325959,0.09480296820402145,0.9950050115585327,0.9510951042175293
YNL178W,YAL003W,0,-1.7326984,0.09479394555091858,0.9950050115585327,0.9511951208114624
YML036W,YJR152W,0,-1.733909,0.0947849228978157,0.9950050115585327,0.9512951374053955
YOR326W,YNL241C,0,-1.7349799,0.09477590769529343,0.9950050115585327,0.9513951539993286
YEL037C,YOR022C,0,-1.7352456,0.09476688504219055,0.9950050115585327,0.9514951705932617
YDR118W,YHR062C,0,-1.7366693,0.09475786983966827,0.9950050115585327,0.9515951871871948
YDR380W,YOR215C,0,-1.737783,0.09474886208772659,0.9950050115585327,0.9516951441764832
YIL066C,YLR120C,0,-1.7392429,0.09473984688520432,0.9950050115585327,0.9517951607704163
YER006W,YMR044W,0,-1.7394507,0.09473083168268204,0.9950050115585327,0.9518951773643494
YGL155W,YDL161W,0,-1.7398884,0.09472182393074036,0.9950050115585327,0.9519951939582825
YLR316C,YLL062C,0,-1.7425836,0.09471281617879868,0.9950050115585327,0.9520952105522156
YAL021C,YDL028C,0,-1.7449493,0.09470381587743759,0.9950050115585327,0.9521952271461487
YDR533C,YPR070W,0,-1.7452512,0.09469480812549591,0.9950050115585327,0.9522952437400818
YML114C,YOR214C,0,-1.745814,0.09468580782413483,0.9950050115585327,0.9523952603340149
YER018C,YDR056C,0,-1.7486527,0.09467680752277374,0.9950050115585327,0.952495276927948
YOR208W,YDR056C,0,-1.7516054,0.09466780722141266,0.9950050115585327,0.9525952339172363
YPL113C,YPL143W,0,-1.7518665,0.09465880692005157,0.9950050115585327,0.9526952505111694
YJR145C,YER095W,0,-1.7522556,0.09464981406927109,0.9950050115585327,0.9527952671051025
YHL004W,YOL105C,0,-1.7552474,0.0946408212184906,0.9950050115585327,0.9528952836990356
YOR317W,YBL019W,0,-1.7555432,0.09463182836771011,0.9950050115585327,0.9529953002929688
YKL101W,YOR214C,0,-1.756371,0.09462283551692963,0.9950050115585327,0.9530953168869019
YDR099W,YAL056W,1,-1.7565764,0.09470884501934052,0.9960039854049683,0.9530953168869019
YLR191W,YKL085W,0,-1.7575357,0.09469984471797943,0.9960039854049683,0.953195333480835
YGR241C,YLR307W,0,-1.757951,0.09469085186719894,0.9960039854049683,0.9532953500747681
YMR049C,YHL002W,0,-1.7595742,0.09468185901641846,0.9960039854049683,0.9533953666687012
YJR125C,YLR301W,0,-1.7603816,0.09467287361621857,0.9960039854049683,0.9534953236579895
YKR080W,YPL096C-A,0,-1.7614436,0.09466388076543808,0.9960039854049683,0.9535953402519226
YBR296C,YOR292C,0,-1.7620134,0.09465489536523819,0.9960039854049683,0.9536953568458557
YBR004C,YPR042C,0,-1.7621529,0.0946459099650383,0.9960039854049683,0.9537953734397888
YDR117C,YKL049C,0,-1.7728968,0.09463692456483841,0.9960039854049683,0.9538953900337219
YDR253C,YPL060W,0,-1.7736788,0.09462793916463852,0.9960039854049683,0.953995406627655
YDR477W,YPL021W,1,-1.7742571,0.09471386671066284,0.9970030188560486,0.953995406627655
YOR075W,YNL135C,0,-1.777215,0.09470488131046295,0.9970030188560486,0.9540954232215881
YPL096W,YJL130C,0,-1.7785614,0.09469588845968246,0.9970030188560486,0.9541954398155212
YCR020C,YKR042W,0,-1.7791497,0.09468691051006317,0.9970030188560486,0.9542954564094543
YNL218W,YDL166C,0,-1.7793744,0.09467792510986328,0.9970030188560486,0.9543954133987427
YPL065W,YLR129W,0,-1.7821288,0.09466893970966339,0.9970030188560486,0.9544954299926758
YDL128W,YKL167C,0,-1.7828095,0.0946599617600441,0.9970030188560486,0.9545954465866089
YKR060W,YOL123W,0,-1.7831837,0.0946509838104248,0.9970030188560486,0.954695463180542
YIL129C,YPL078C,0,-1.784688,0.09464201331138611,0.9970030188560486,0.9547954797744751
YLR362W,YAL056W,1,-1.7848611,0.09472785890102386,0.9980019927024841,0.9547954797744751
YOR367W,YDL204W,0,-1.7849095,0.09471888095140457,0.9980019927024841,0.9548954963684082
YDR248C,YOL013C,0,-1.7889235,0.09470989555120468,0.9980019927024841,0.9549955129623413
YPR127W,YOL031C,0,-1.7904551,0.09470091760158539,0.9980019927024841,0.9550955295562744
YPR079W,YDR478W,0,-1.7922375,0.0946919396519661,0.9980019927024841,0.9551955461502075
YML069W,YLR448W,0,-1.7922888,0.0946829691529274,0.9980019927024841,0.9552955031394958
YDL184C,YBL005W-A,0,-1.792491,0.0946739986538887,0.9980019927024841,0.955395519733429
YPL003W,YOR257W,0,-1.7949358,0.09466502070426941,0.9980019927024841,0.9554955363273621
YGL141W,YOL057W,0,-1.7969798,0.09465605765581131,0.9980019927024841,0.9555955529212952
YNR067C,YGR274C,0,-1.7977092,0.09464708715677261,0.9980019927024841,0.9556955695152283
YDR421W,YOL092W,0,-1.7980422,0.09463812410831451,0.9980019927024841,0.9557955861091614
YDL185W,YGR026W,0,-1.7990596,0.09462915360927582,0.9980019927024841,0.9558956027030945
YML069W,YHR134W,0,-1.8032546,0.09462019056081772,0.9980019927024841,0.9559956192970276
YIR014W,YJR159W,0,-1.8056296,0.09461123496294022,0.9980019927024841,0.9560956358909607
YMR086W,YGL020C,0,-1.8078645,0.09460227191448212,0.9980019927024841,0.956195592880249
YNL316C,YDR056C,0,-1.8152896,0.09459331631660461,0.9980019927024841,0.9562956094741821
YIR036C,YCL030C,0,-1.8155015,0.09458436071872711,0.9980019927024841,0.9563956260681152
YJR091C,YER173W,0,-1.8168505,0.09457540512084961,0.9980019927024841,0.9564956426620483
YML034W,YJL122W,0,-1.8177806,0.0945664495229721,0.9980019927024841,0.9565956592559814
YNR040W,YMR173W,0,-1.8200437,0.0945575013756752,0.9980019927024841,0.9566956758499146
YDL036C,YPL012W,0,-1.8217843,0.0945485532283783,0.9980019927024841,0.9567956924438477
YDR353W,YOR285W,0,-1.8230366,0.09453960508108139,0.9980019927024841,0.9568957090377808
YHR082C,YGL121C,0,-1.8265967,0.09453065693378448,0.9980019927024841,0.9569957256317139
YPL252C,YJL194W,0,-1.8268554,0.09452171623706818,0.9980019927024841,0.9570956826210022
YGL099W,YDR510W,0,-1.8280659,0.09451277554035187,0.9980019927024841,0.9571956992149353
YOL094C,YML007W,0,-1.8294685,0.09450383484363556,0.9980019927024841,0.9572957158088684
YML065W,YJR017C,0,-1.8304212,0.09449489414691925,0.9980019927024841,0.9573957324028015
YNL115C,YGR095C,0,-1.8333976,0.09448595345020294,0.9980019927024841,0.9574957489967346
YDR082W,YBR160W,0,-1.8358114,0.09447702020406723,0.9980019927024841,0.9575957655906677
YKL061W,YNL070W,0,-1.8389076,0.09446808695793152,0.9980019927024841,0.9576957821846008
YBR012W-A,YOR343W-B,0,-1.8389126,0.0944591537117958,0.9980019927024841,0.9577957987785339
YJR014W,YDR329C,0,-1.8391833,0.0944502204656601,0.9980019927024841,0.957895815372467
YDL115C,YDL004W,0,-1.8400766,0.09444129467010498,0.9980019927024841,0.9579957723617554
YKL206C,YDL180W,0,-1.8405969,0.09443236887454987,0.9980019927024841,0.9580957889556885
YNL146W,YAL040C,0,-1.8405976,0.09442344307899475,0.9980019927024841,0.9581958055496216
YHR174W,YBR012W-A,0,-1.8412948,0.09441451728343964,0.9980019927024841,0.9582958221435547
YJR013W,YBR293W,0,-1.8422287,0.09440559148788452,0.9980019927024841,0.9583958387374878
YJL052W,YIL082W-A,0,-1.8508859,0.09439667314291,0.9980019927024841,0.9584958553314209
YDR071C,YMR221C,0,-1.8525833,0.09438775479793549,0.9980019927024841,0.958595871925354
YML039W,YHR057C,0,-1.854882,0.09437883645296097,0.9980019927024841,0.9586958885192871
YHR160C,YPR158C-D,0,-1.8561008,0.09436992555856705,0.9980019927024841,0.9587959051132202
YNL275W,YCR043C,0,-1.856596,0.09436100721359253,0.9980019927024841,0.9588958621025085
YML034W,YDR312W,0,-1.8575528,0.09435209631919861,0.9980019927024841,0.9589958786964417
YML106W,YGR281W,0,-1.8578069,0.09434318542480469,0.9980019927024841,0.9590958952903748
YPL167C,YFL029C,0,-1.8586317,0.09433427453041077,0.9980019927024841,0.9591959118843079
YCR023C,YDR394W,0,-1.8591585,0.09432537108659744,0.9980019927024841,0.959295928478241
YJR032W,YLL023C,0,-1.8596416,0.09431646764278412,0.9980019927024841,0.9593959450721741
YNL208W,YDL084W,0,-1.8624376,0.0943075641989708,0.9980019927024841,0.9594959616661072
YBR084W,YDL129W,0,-1.8656019,0.09429866075515747,0.9980019927024841,0.9595959782600403
YOR142W,YDR196C,0,-1.8683704,0.09428975731134415,0.9980019927024841,0.9596959948539734
YDL043C,YLR210W,0,-1.871281,0.09428086131811142,0.9980019927024841,0.9597959518432617
YPL082C,YMR273C,0,-1.872302,0.09427196532487869,0.9980019927024841,0.9598959684371948
YKL084W,YAL054C,0,-1.875276,0.09426306933164597,0.9980019927024841,0.9599959850311279
YKR069W,YGL065C,0,-1.875392,0.09425417333841324,0.9980019927024841,0.960096001625061
YOL080C,YGL071W,0,-1.8781374,0.09424528479576111,0.9980019927024841,0.9601960182189941
YBR122C,YDL222C,0,-1.8783861,0.09423639625310898,0.9980019927024841,0.9602960348129272
YLR404W,YKL034W,0,-1.8820368,0.09422750771045685,0.9980019927024841,0.9603960514068604
YBL071W-A,YPL124W,0,-1.8840551,0.09421861916780472,0.9980019927024841,0.9604960680007935
YBL075C,YOR234C,0,-1.8849511,0.09420973062515259,0.9980019927024841,0.9605960845947266
YLR388W,YDR364C,0,-1.8849704,0.09420084953308105,0.9980019927024841,0.9606960415840149
YNR012W,YER168C,0,-1.8859153,0.09419196844100952,0.9980019927024841,0.960796058177948
YMR022W,YER087W,0,-1.8880641,0.09418308734893799,0.9980019927024841,0.9608960747718811
YBR052C,YGR263C,0,-1.8921427,0.09417420625686646,0.9980019927024841,0.9609960913658142
YER042W,YHR214C-B,0,-1.8939626,0.09416533261537552,0.9980019927024841,0.9610961079597473
YOL004W,YHR012W,0,-1.8945066,0.09415645897388458,0.9980019927024841,0.9611961245536804
YBL069W,YML087C,0,-1.8975139,0.09414758533239365,0.9980019927024841,0.9612961411476135
YLR080W,YEL043W,0,-1.8981265,0.09413871169090271,0.9980019927024841,0.9613961577415466
YKL041W,YJL052W,0,-1.8984486,0.09412983804941177,0.9980019927024841,0.9614961743354797
YER078C,YLR390W,0,-1.8991389,0.09412097185850143,0.9980019927024841,0.9615961313247681
YHR175W,YOL140W,0,-1.9063163,0.0941121056675911,0.9980019927024841,0.9616961479187012
YLR209C,YML110C,0,-1.9067099,0.09410323947668076,0.9980019927024841,0.9617961645126343
YOR228C,YOR215C,0,-1.9079673,0.09409437328577042,0.9980019927024841,0.9618961811065674
YPL274W,YMR166C,0,-1.9128253,0.09408551454544067,0.9980019927024841,0.9619961977005005
YER045C,YER098W,0,-1.9177161,0.09407665580511093,0.9980019927024841,0.9620962142944336
YOL089C,YJR127C,0,-1.9177768,0.09406779706478119,0.9980019927024841,0.9621962308883667
YDR107C,YER109C,1,-1.9210687,0.09415309131145477,0.9990010261535645,0.9621962308883667
YFL016C,YNL264C,0,-1.9231776,0.09414423257112503,0.9990010261535645,0.9622962474822998
YLR151C,YOL003C,0,-1.9235486,0.09413536638021469,0.9990010261535645,0.9623962640762329
YNL232W,YKL042W,0,-1.9242964,0.09412650763988495,0.9990010261535645,0.9624962210655212
YLR291C,YAR066W,0,-1.9253875,0.0941176488995552,0.9990010261535645,0.9625962376594543
YLR048W,YOL068C,0,-1.9262283,0.09410879015922546,0.9990010261535645,0.9626962542533875
YLR192C,YOR393W,0,-1.9270668,0.09409993141889572,0.9990010261535645,0.9627962708473206
YDR262W,YNL322C,0,-1.92834,0.09409108012914658,0.9990010261535645,0.9628962874412537
YLR395C,YDR031W,0,-1.9316325,0.09408222883939743,0.9990010261535645,0.9629963040351868
YOR340C,YOR245C,0,-1.9319376,0.09407337754964828,0.9990010261535645,0.9630963206291199
YCL010C,YDR541C,0,-1.9324101,0.09406452625989914,0.9990010261535645,0.963196337223053
YOR128C,YNL307C,0,-1.938618,0.09405568242073059,0.9990010261535645,0.9632963538169861
YAL017W,YIR028W,0,-1.9390279,0.09404683858156204,0.9990010261535645,0.9633963108062744
YDR451C,YDL129W,0,-1.9407372,0.0940379947423935,0.9990010261535645,0.9634963274002075
YIL171W,YOL060C,0,-1.9437985,0.09402915090322495,0.9990010261535645,0.9635963439941406
YOL141W,YLR396C,0,-1.944292,0.0940203070640564,0.9990010261535645,0.9636963605880737
YIR022W,YGL250W,0,-1.9444294,0.09401147067546844,0.9990010261535645,0.9637963771820068
YHR062C,YNL222W,0,-1.9455042,0.0940026342868805,0.9990010261535645,0.9638963937759399
YGL022W,YHR012W,0,-1.9458289,0.09399379789829254,0.9990010261535645,0.963996410369873
YBR276C,YHR191C,0,-1.9479834,0.09398496150970459,0.9990010261535645,0.9640964269638062
YHR203C,YLL017W,0,-1.9491845,0.09397613257169724,0.9990010261535645,0.9641964435577393
YHR129C,YKR022C,0,-1.9517254,0.09396729618310928,0.9990010261535645,0.9642964005470276
YBR192W,YDL054C,0,-1.9519336,0.09395846724510193,0.9990010261535645,0.9643964171409607
YGR032W,YLR069C,0,-1.9548932,0.09394964575767517,0.9990010261535645,0.9644964337348938
YNL046W,YOR074C,0,-1.955532,0.09394081681966782,0.9990010261535645,0.9645964503288269
YMR165C,YPL231W,0,-1.9601552,0.09393199533224106,0.9990010261535645,0.96469646692276
YDL101C,YKL049C,0,-1.9603044,0.0939231738448143,0.9990010261535645,0.9647964835166931
YML065W,YHR056C,0,-1.9604418,0.09391435235738754,0.9990010261535645,0.9648965001106262
YNL252C,YJL071W,0,-1.9606543,0.09390553086996078,0.9990010261535645,0.9649965167045593
YDR134C,YCR030C,0,-1.9631104,0.09389671683311462,0.9990010261535645,0.9650965332984924
YPR094W,YFR005C,0,-1.9636904,0.09388789534568787,0.9990010261535645,0.9651964902877808
YER096W,YLR170C,0,-1.9653828,0.0938790813088417,0.9990010261535645,0.9652965068817139
YDL179W,YDR338C,0,-1.9670368,0.09387027472257614,0.9990010261535645,0.965396523475647
YDR387C,YOL089C,0,-1.9675652,0.09386146068572998,0.9990010261535645,0.9654965400695801
YNR018W,YFL033C,0,-1.9678059,0.09385265409946442,0.9990010261535645,0.9655965566635132
YER002W,YJR161C,0,-1.9684688,0.09384384751319885,0.9990010261535645,0.9656965732574463
YDR405W,YPL103C,0,-1.9691155,0.09383504092693329,0.9990010261535645,0.9657965898513794
YPL218W,YNR047W,0,-1.9694273,0.09382623434066772,0.9990010261535645,0.9658966064453125
YGL168W,YOR057W,0,-1.969584,0.09381742775440216,0.9990010261535645,0.9659966230392456
YCR023C,YPR101W,0,-1.9700865,0.0938086286187172,0.9990010261535645,0.9660965800285339
YLR370C,YDL212W,0,-1.9719737,0.09379982948303223,0.9990010261535645,0.966196596622467
YER160C,YPL281C,0,-1.9726735,0.09379103034734726,0.9990010261535645,0.9662966132164001
YMR168C,YLR132C,0,-1.97311,0.09378223866224289,0.9990010261535645,0.9663966298103333
YNL046W,YBR103W,0,-1.9751673,0.09377344697713852,0.9990010261535645,0.9664966464042664
YNL222W,YHR072W-A,0,-1.9755833,0.09376464784145355,0.9990010261535645,0.9665966629981995
YHR191C,YML007W,0,-1.9767143,0.09375585615634918,0.9990010261535645,0.9666966795921326
YNL046W,YPL177C,0,-1.9787772,0.09374707192182541,0.9990010261535645,0.9667966961860657
YMR233W,YBR024W,0,-1.980451,0.09373828023672104,0.9990010261535645,0.9668967127799988
YGL040C,YGR009C,0,-1.9810365,0.09372949600219727,0.9990010261535645,0.9669967293739319
YHR215W,YMR071C,0,-1.9829243,0.09372071176767349,0.9990010261535645,0.9670966863632202
YNL238W,YAR007C,0,-1.9845614,0.09371192753314972,0.9990010261535645,0.9671967029571533
YNL335W,YPR031W,0,-1.9881195,0.09370315074920654,0.9990010261535645,0.9672967195510864
YGL131C,YDR172W,0,-1.9895606,0.09369436651468277,0.9990010261535645,0.9673967361450195
YDL225W,YML018C,0,-1.9927132,0.0936855897307396,0.9990010261535645,0.9674967527389526
YNL186W,YMR044W,0,-1.9952062,0.09367681294679642,0.9990010261535645,0.9675967693328857
YGL038C,YNL014W,0,-1.9952955,0.09366804361343384,0.9990010261535645,0.9676967859268188
YIL041W,YLR127C,0,-1.9979575,0.09365926682949066,0.9990010261535645,0.967796802520752
YDL246C,YOL092W,0,-2.0067105,0.09365049749612808,0.9990010261535645,0.9678968191146851
YKL117W,YOL146W,0,-2.0094619,0.0936417281627655,0.9990010261535645,0.9679967761039734
YGR123C,YLL010C,0,-2.0115566,0.09363295882940292,0.9990010261535645,0.9680967926979065
YIR011C,YDR409W,0,-2.0132997,0.09362418949604034,0.9990010261535645,0.9681968092918396
YOL107W,YKR102W,0,-2.0149884,0.09361542761325836,0.9990010261535645,0.9682968258857727
YOR386W,YNR016C,0,-2.0210326,0.09360666573047638,0.9990010261535645,0.9683968424797058
YJL213W,YER078C,0,-2.0212865,0.0935979038476944,0.9990010261535645,0.9684968590736389
YHR121W,YNL283C,0,-2.0222695,0.09358914196491241,0.9990010261535645,0.968596875667572
YOR255W,YDR498C,0,-2.0227854,0.09358038753271103,0.9990010261535645,0.9686968922615051
YMR213W,YHR010W,0,-2.0254724,0.09357162564992905,0.9990010261535645,0.9687969088554382
YML049C,YIL047C,0,-2.0275004,0.09356287121772766,0.9990010261535645,0.9688968658447266
YDR498C,YKL082C,0,-2.0291975,0.09355412423610687,0.9990010261535645,0.9689968824386597
YBL102W,YLR210W,0,-2.0293305,0.09354536980390549,0.9990010261535645,0.9690968990325928
YMR189W,YLR027C,0,-2.0301113,0.0935366228222847,0.9990010261535645,0.9691969156265259
YGR087C,YOR256C,0,-2.0304456,0.09352786839008331,0.9990010261535645,0.969296932220459
YLR214W,YCR010C,0,-2.0348697,0.09351912140846252,0.9990010261535645,0.9693969488143921
YGL031C,YMR160W,0,-2.038185,0.09351038187742233,0.9990010261535645,0.9694969654083252
YKR097W,YMR139W,0,-2.0398667,0.09350163489580154,0.9990010261535645,0.9695969820022583
YEL059C-A,YJR033C,0,-2.040101,0.09349289536476135,0.9990010261535645,0.9696969985961914
YBR276C,YJL063C,0,-2.040883,0.09348415583372116,0.9990010261535645,0.9697969555854797
YIL051C,YPL016W,0,-2.041175,0.09347541630268097,0.9990010261535645,0.9698969721794128
YOL002C,YBR052C,0,-2.0412645,0.09346667677164078,0.9990010261535645,0.969996988773346
YML116W,YOR098C,0,-2.0416481,0.09345794469118118,0.9990010261535645,0.970097005367279
YOR046C,YKL059C,0,-2.0440016,0.09344921261072159,0.9990010261535645,0.9701970219612122
YNL208W,YGR152C,0,-2.0454109,0.093440480530262,0.9990010261535645,0.9702970385551453
YMR046C,YJL103C,0,-2.0500755,0.0934317484498024,0.9990010261535645,0.9703970551490784
YJL172W,YGR262C,0,-2.0512311,0.0934230163693428,0.9990010261535645,0.9704970717430115
YGR177C,YGR012W,0,-2.0530825,0.0934142917394638,0.9990010261535645,0.9705970883369446
YNL064C,YOL127W,0,-2.0580828,0.09340556710958481,0.9990010261535645,0.9706970453262329
YKL154W,YJL095W,0,-2.0591412,0.09339684247970581,0.9990010261535645,0.970797061920166
YGL037C,YLR208W,0,-2.0627985,0.09338811784982681,0.9990010261535645,0.9708970785140991
YAL041W,YBR298C,0,-2.062879,0.09337940067052841,0.9990010261535645,0.9709970951080322
YJL130C,YBR067C,0,-2.0634136,0.09337068349123001,0.9990010261535645,0.9710971117019653
YGR180C,YDR166C,0,-2.0642047,0.09336196631193161,0.9990010261535645,0.9711971282958984
YML029W,YNL217W,0,-2.066615,0.09335324913263321,0.9990010261535645,0.9712971448898315
YNL050C,YGR276C,0,-2.0686545,0.09334453195333481,0.9990010261535645,0.9713971614837646
YLR121C,YFR018C,0,-2.076312,0.093335822224617,0.9990010261535645,0.9714971780776978
YDR261W-A,YNR011C,0,-2.0774813,0.0933271124958992,0.9990010261535645,0.9715971350669861
YHR023W,YNL310C,0,-2.0780697,0.0933184027671814,0.9990010261535645,0.9716971516609192
YHR128W,YKL067W,0,-2.079998,0.09330969303846359,0.9990010261535645,0.9717971682548523
YDL130W,YBR288C,0,-2.0842752,0.09330099076032639,0.9990010261535645,0.9718971848487854
YER120W,YAR010C,0,-2.0853221,0.09329228103160858,0.9990010261535645,0.9719972014427185
YER126C,YBR103W,0,-2.0867348,0.09328357875347137,0.9990010261535645,0.9720972180366516
YPL232W,YNL241C,0,-2.0884585,0.09327488392591476,0.9990010261535645,0.9721972346305847
YLR421C,YGR068C,0,-2.0931208,0.09326618164777756,0.9990010261535645,0.9722972512245178
YOL082W,YPL078C,0,-2.0934575,0.09325748682022095,0.9990010261535645,0.9723972678184509
YKR105C,YPR189W,0,-2.0944157,0.09324878454208374,0.9990010261535645,0.9724972248077393
YCL036W,YBL022C,0,-2.0950422,0.09324008971452713,0.9990010261535645,0.9725972414016724
YNL172W,YGR278W,0,-2.098011,0.09323140233755112,0.9990010261535645,0.9726972579956055
YHR002W,YEL031W,0,-2.1059914,0.0932227075099945,0.9990010261535645,0.9727972745895386
YNL238W,YBR136W,0,-2.1076162,0.0932140201330185,0.9990010261535645,0.9728972911834717
YOL115W,YJR055W,0,-2.108942,0.09320533275604248,0.9990010261535645,0.9729973077774048
YGL113W,YIL097W,0,-2.1091876,0.09319664537906647,0.9990010261535645,0.9730973243713379
YER078C,YOR336W,0,-2.112387,0.09318795800209045,0.9990010261535645,0.973197340965271
YGR033C,YPL249C,0,-2.113782,0.09317927807569504,0.9990010261535645,0.9732973575592041
YER103W,YGL029W,0,-2.1168303,0.09317059814929962,0.9990010261535645,0.9733973145484924
YHR156C,YKL183W,0,-2.117222,0.0931619182229042,0.9990010261535645,0.9734973311424255
YJL221C,YMR045C,0,-2.11837,0.09315323829650879,0.9990010261535645,0.9735973477363586
YPR004C,YEL050C,0,-2.119084,0.09314455837011337,0.9990010261535645,0.9736973643302917
YHR085W,YKR087C,0,-2.120549,0.09313588589429855,0.9990010261535645,0.9737973809242249
YHR156C,YPL174C,0,-2.120933,0.09312721341848373,0.9990010261535645,0.973897397518158
YPR166C,YOL064C,0,-2.122403,0.09311854094266891,0.9990010261535645,0.9739974141120911
YGR065C,YLR396C,0,-2.122806,0.0931098684668541,0.9990010261535645,0.9740974307060242
YCL050C,YJL114W,0,-2.1283717,0.09310120344161987,0.9990010261535645,0.9741974472999573
YDL231C,YDL180W,0,-2.1285436,0.09309253096580505,0.9990010261535645,0.9742974042892456
YPL153C,YLR183C,0,-2.1297991,0.09308386594057083,0.9990010261535645,0.9743974208831787
YLR064W,YLL015W,0,-2.1301484,0.0930752083659172,0.9990010261535645,0.9744974374771118
YGR065C,YPR081C,0,-2.1355228,0.09306654334068298,0.9990010261535645,0.9745974540710449
YLR133W,YMR130W,0,-2.135912,0.09305787831544876,0.9990010261535645,0.974697470664978
YPR060C,YDR527W,0,-2.1365619,0.09304922074079514,0.9990010261535645,0.9747974872589111
YGR076C,YJL109C,0,-2.136701,0.09304056316614151,0.9990010261535645,0.9748975038528442
YER160C,YPR001W,0,-2.1391764,0.09303191304206848,0.9990010261535645,0.9749975204467773
YKR101W,YDL133C-A,0,-2.1426654,0.09302325546741486,0.9990010261535645,0.9750975370407104
YCR047C,YOR275C,0,-2.1430588,0.09301460534334183,0.9990010261535645,0.9751974940299988
YDR059C,YPL211W,0,-2.1444893,0.0930059552192688,0.9990010261535645,0.9752975106239319
YOL038W,YMR303C,0,-2.1447227,0.09299730509519577,0.9990010261535645,0.975397527217865
YOL089C,YPR079W,0,-2.1458635,0.09298865497112274,0.9990010261535645,0.9754975438117981
YGR154C,YJR149W,0,-2.1470737,0.09298001229763031,0.9990010261535645,0.9755975604057312
YHR115C,YEL029C,0,-2.1484442,0.09297136217355728,0.9990010261535645,0.9756975769996643
YLR128W,YIL128W,0,-2.1622543,0.09296271950006485,0.9990010261535645,0.9757975935935974
YHR056C,YDR017C,0,-2.1661267,0.09295408427715302,0.9990010261535645,0.9758976101875305
YOR369C,YOL133W,0,-2.1679952,0.09294544160366058,0.9990010261535645,0.9759976267814636
YMR228W,YOL057W,0,-2.1683507,0.09293680638074875,0.9990010261535645,0.976097583770752
YIR032C,YMR281W,0,-2.1686916,0.09292816370725632,0.9990010261535645,0.9761976003646851
YFR052W,YPR056W,0,-2.172041,0.09291952848434448,0.9990010261535645,0.9762976169586182
YPL093W,YMR161W,0,-2.1817203,0.09291090071201324,0.9990010261535645,0.9763976335525513
YLR028C,YNL070W,0,-2.1830375,0.09290226548910141,0.9990010261535645,0.9764976501464844
YGR216C,YLR109W,0,-2.188238,0.09289363771677017,0.9990010261535645,0.9765976667404175
YNL075W,YLR276C,0,-2.1901112,0.09288500994443893,0.9990010261535645,0.9766976833343506
YDR480W,YLR089C,0,-2.1912246,0.0928763821721077,0.9990010261535645,0.9767976999282837
YBR275C,YPL134C,0,-2.1929348,0.09286775439977646,0.9990010261535645,0.9768977165222168
YKL017C,YGL014W,0,-2.194468,0.09285913407802582,0.9990010261535645,0.9769976735115051
YMR099C,YER019W,0,-2.2013764,0.09285051375627518,0.9990010261535645,0.9770976901054382
YHR115C,YOR294W,0,-2.2052393,0.09284189343452454,0.9990010261535645,0.9771977066993713
YDR466W,YOL092W,0,-2.2097538,0.0928332731127739,0.9990010261535645,0.9772977232933044
YLR136C,YLR385C,0,-2.2134423,0.09282465279102325,0.9990010261535645,0.9773977398872375
YCR033W,YMR051C,0,-2.214502,0.09281603991985321,0.9990010261535645,0.9774977564811707
YGR028W,YBL045C,0,-2.216385,0.09280742704868317,0.9990010261535645,0.9775977730751038
YPR104C,YFR001W,0,-2.2171922,0.09279881417751312,0.9990010261535645,0.9776977896690369
YAL063C,YLR043C,0,-2.219396,0.09279020130634308,0.9990010261535645,0.97779780626297
YCR092C,YJL111W,0,-2.2194095,0.09278158843517303,0.9990010261535645,0.9778977632522583
YML130C,YDL066W,0,-2.21942,0.09277298301458359,0.9990010261535645,0.9779977798461914
YLR362W,YER078C,0,-2.2202363,0.09276437759399414,0.9990010261535645,0.9780977964401245
YLR372W,YOR221C,0,-2.223125,0.0927557721734047,0.9990010261535645,0.9781978130340576
YDR352W,YPL118W,0,-2.224112,0.09274717420339584,0.9990010261535645,0.9782978296279907
YMR240C,YGR061C,0,-2.2282457,0.0927385687828064,0.9990010261535645,0.9783978462219238
YDL049C,YLR178C,0,-2.231067,0.09272997081279755,0.9990010261535645,0.9784978628158569
YLR176C,YER174C,0,-2.2316542,0.0927213728427887,0.9990010261535645,0.97859787940979
YOR228C,YDR536W,0,-2.2317495,0.09271277487277985,0.9990010261535645,0.9786978960037231
YHR115C,YOL065C,0,-2.242481,0.09270418435335159,0.9990010261535645,0.9787978529930115
YNL146W,YGR157W,0,-2.2425735,0.09269558638334274,0.9990010261535645,0.9788978695869446
YNL163C,YMR180C,0,-2.2428021,0.09268699586391449,0.9990010261535645,0.9789978861808777
YJL151C,YDR483W,0,-2.244729,0.09267840534448624,0.9990010261535645,0.9790979027748108
YPR035W,YPL144W,0,-2.2472997,0.09266981482505798,0.9990010261535645,0.9791979193687439
YJR057W,YCR054C,0,-2.252502,0.09266123175621033,0.9990010261535645,0.979297935962677
YDL193W,YEL015W,0,-2.2539504,0.09265264868736267,0.9990010261535645,0.9793979525566101
YPL110C,YOL019W,0,-2.2552717,0.09264405816793442,0.9990010261535645,0.9794979691505432
YDR453C,YKL212W,0,-2.2569585,0.09263548254966736,0.9990010261535645,0.9795979857444763
YKL061W,YJR044C,0,-2.2582762,0.0926268994808197,0.9990010261535645,0.9796979427337646
YOR285W,YMR296C,0,-2.2586591,0.09261831641197205,0.9990010261535645,0.9797979593276978
YHR012W,YEL056W,0,-2.2586858,0.09260974079370499,0.9990010261535645,0.9798979759216309
YOR033C,YJL122W,0,-2.2596846,0.09260116517543793,0.9990010261535645,0.979997992515564
YKR025W,YHL013C,0,-2.2650867,0.09259258955717087,0.9990010261535645,0.9800980091094971
YKL195W,YMR263W,0,-2.2687209,0.0925840213894844,0.9990010261535645,0.9801980257034302
YOR356W,YJR060W,0,-2.2690964,0.09257544577121735,0.9990010261535645,0.9802980422973633
YPL042C,YBR237W,0,-2.2692602,0.09256687760353088,0.9990010261535645,0.9803980588912964
YPL276W,YJL158C,0,-2.2743726,0.09255830943584442,0.9990010261535645,0.9804980754852295
YLR226W,YNL259C,0,-2.2753997,0.09254974871873856,0.9990010261535645,0.9805980324745178
YLR238W,YOR304C-A,0,-2.2756534,0.0925411805510521,0.9990010261535645,0.9806980490684509
YDR085C,YIL095W,0,-2.2767055,0.09253261983394623,0.9990010261535645,0.980798065662384
YGL019W,YMR169C,0,-2.2781243,0.09252405911684036,0.9990010261535645,0.9808980822563171
YPR121W,YOR393W,0,-2.278364,0.0925154983997345,0.9990010261535645,0.9809980988502502
YLR430W,YKR044W,0,-2.2884805,0.09250693768262863,0.9990010261535645,0.9810981154441833
YDR380W,YGR282C,0,-2.290738,0.09249838441610336,0.9990010261535645,0.9811981320381165
YJR004C,YGL244W,0,-2.291047,0.0924898236989975,0.9990010261535645,0.9812981486320496
YGL040C,YLR362W,0,-2.2923584,0.09248127043247223,0.9990010261535645,0.9813981652259827
YBR070C,YEL015W,0,-2.2953763,0.09247271716594696,0.9990010261535645,0.981498122215271
YHR085W,YMR145C,0,-2.2957854,0.09246417135000229,0.9990010261535645,0.9815981388092041
YCR066W,YGL095C,0,-2.3025832,0.09245561808347702,0.9990010261535645,0.9816981554031372
YDL216C,YLR287C-A,0,-2.302957,0.09244707226753235,0.9990010261535645,0.9817981719970703
YLR010C,YGR223C,0,-2.3069205,0.09243852645158768,0.9990010261535645,0.9818981885910034
YOR299W,YJR159W,0,-2.3113647,0.092429980635643,0.9990010261535645,0.9819982051849365
YBR176W,YER016W,0,-2.3163567,0.09242144227027893,0.9990010261535645,0.9820982217788696
YHR098C,YNL077W,0,-2.3184562,0.09241290390491486,0.9990010261535645,0.9821982383728027
YHR196W,YLR381W,0,-2.318561,0.09240435808897018,0.9990010261535645,0.9822982549667358
YDL132W,YHR045W,0,-2.318697,0.0923958271741867,0.9990010261535645,0.9823982119560242
YHR161C,YMR080C,0,-2.3205323,0.09238728880882263,0.9990010261535645,0.9824982285499573
YBR126C,YDR338C,0,-2.3255067,0.09237875044345856,0.9990010261535645,0.9825982451438904
YKL205W,YLR376C,0,-2.3263917,0.09237021952867508,0.9990010261535645,0.9826982617378235
YLR127C,YEL077C,0,-2.3308346,0.0923616886138916,0.9990010261535645,0.9827982783317566
YML125C,YNR047W,0,-2.3328128,0.09235315769910812,0.9990010261535645,0.9828982949256897
YOR208W,YHR023W,0,-2.3450072,0.09234462678432465,0.9990010261535645,0.9829983115196228
YNL325C,YOR215C,0,-2.3568282,0.09233610332012177,0.9990010261535645,0.9830983281135559
YFL029C,YPR049C,0,-2.359844,0.09232757985591888,0.9990010261535645,0.983198344707489
YKR060W,YBL089W,0,-2.374547,0.092319056391716,0.9990010261535645,0.9832983016967773
YGR209C,YEL031W,0,-2.3844728,0.09231053292751312,0.9990010261535645,0.9833983182907104
YDL054C,YFR019W,0,-2.392002,0.09230200946331024,0.9990010261535645,0.9834983348846436
YPL021W,YKL149C,1,-2.3927412,0.09238578379154205,1.0,0.9834983348846436
YGR009C,YGL055W,0,-2.3983817,0.09237726032733917,1.0,0.9835983514785767
YCL055W,YPL217C,0,-2.4017386,0.09236873686313629,1.0,0.9836983680725098
YDR358W,YHR079C,0,-2.4024444,0.09236021339893341,1.0,0.9837983846664429
YBR173C,YOR244W,0,-2.4039989,0.09235168993473053,1.0,0.983898401260376
YFL054C,YOR010C,0,-2.4072537,0.09234317392110825,1.0,0.9839984178543091
YCL034W,YGL119W,0,-2.4117212,0.09233465790748596,1.0,0.9840984344482422
YLR359W,YKR002W,0,-2.412621,0.09232614189386368,1.0,0.9841983914375305
YNL010W,YIL034C,0,-2.4139714,0.0923176258802414,1.0,0.9842984080314636
YNL301C,YDR011W,0,-2.4139743,0.09230910986661911,1.0,0.9843984246253967
YAL014C,YFR019W,0,-2.4468322,0.09230060130357742,1.0,0.9844984412193298
YML129C,YKL024C,0,-2.4484565,0.09229209274053574,1.0,0.9845984578132629
YDL039C,YER021W,0,-2.4518719,0.09228358417749405,1.0,0.984698474407196
YLR176C,YPL211W,0,-2.4626663,0.09227507561445236,1.0,0.9847984910011292
YNL154C,YFL044C,0,-2.4708033,0.09226656705141068,1.0,0.9848985075950623
YPL223C,YML038C,0,-2.4853275,0.09225806593894958,1.0,0.9849985241889954
YNL047C,YHR116W,0,-2.5046773,0.0922495648264885,1.0,0.9850984811782837
YOR297C,YJL114W,0,-2.5066943,0.0922410637140274,1.0,0.9851984977722168
YBR288C,YLR210W,0,-2.5072005,0.09223256260156631,1.0,0.9852985143661499
YBR171W,YOR190W,0,-2.5124714,0.09222406148910522,1.0,0.985398530960083
YGR223C,YBR203W,0,-2.5228305,0.09221556782722473,1.0,0.9854985475540161
YNL230C,YNL016W,0,-2.5276284,0.09220707416534424,1.0,0.9855985641479492
YJL099W,YGR085C,0,-2.5292673,0.09219858050346375,1.0,0.9856985807418823
YCL036W,YJR104C,0,-2.5307162,0.09219008684158325,1.0,0.9857985973358154
YER114C,YOL091W,0,-2.5319796,0.09218160063028336,1.0,0.9858986139297485
YLR130C,YJR127C,0,-2.5334039,0.09217311441898346,1.0,0.9859985709190369
YBR204C,YPR036W,0,-2.533577,0.09216462820768356,1.0,0.98609858751297
YHR121W,YFL057C,0,-2.5346036,0.09215614199638367,1.0,0.9861986041069031
YNR023W,YDR013W,0,-2.5379705,0.09214765578508377,1.0,0.9862986207008362
YPL011C,YNL182C,0,-2.5423946,0.09213917702436447,1.0,0.9863986372947693
YGR065C,YDR252W,0,-2.5449095,0.09213069826364517,1.0,0.9864986538887024
YMR201C,YLR406C,0,-2.5481713,0.09212221950292587,1.0,0.9865986704826355
YMR186W,YNL112W,0,-2.5511892,0.09211374074220657,1.0,0.9866986870765686
YIL093C,YJR015W,0,-2.5598764,0.09210526198148727,1.0,0.9867987036705017
YDR294C,YML071C,0,-2.5663772,0.09209679067134857,1.0,0.98689866065979
YNR072W,YML006C,0,-2.5694342,0.09208831936120987,1.0,0.9869986772537231
YGL013C,YIL065C,0,-2.5703273,0.09207984805107117,1.0,0.9870986938476562
YNR070W,YNL189W,0,-2.5725605,0.09207137674093246,1.0,0.9871987104415894
YOR190W,YAL054C,0,-2.5757864,0.09206290543079376,1.0,0.9872987270355225
YOL077C,YGL178W,0,-2.5782933,0.09205444157123566,1.0,0.9873987436294556
YLR309C,YER011W,0,-2.57962,0.09204597771167755,1.0,0.9874987602233887
YJL172W,YNR050C,0,-2.5802414,0.09203751385211945,1.0,0.9875987768173218
YPL202C,YNL139C,0,-2.5812545,0.09202904999256134,1.0,0.9876987934112549
YOR328W,YLR208W,0,-2.5824265,0.09202059358358383,1.0,0.9877987504005432
YKL103C,YKL144C,0,-2.582466,0.09201213717460632,1.0,0.9878987669944763
YDL190C,YLR364W,0,-2.5909562,0.09200367331504822,1.0,0.9879987835884094
YOR116C,YHR156C,0,-2.5923302,0.0919952243566513,1.0,0.9880988001823425
YBL016W,YDR079W,0,-2.5946283,0.0919867679476738,1.0,0.9881988167762756
YMR159C,YDL111C,0,-2.5994694,0.09197831153869629,1.0,0.9882988333702087
YER026C,YOL133W,0,-2.6000633,0.09196986258029938,1.0,0.9883988499641418
YOR298W,YOR229W,0,-2.60044,0.09196141362190247,1.0,0.988498866558075
YOL119C,YJR067C,0,-2.6063976,0.09195296466350555,1.0,0.9885988831520081
YNL314W,YLR222C,0,-2.607274,0.09194452315568924,1.0,0.9886988401412964
YPR191W,YBR039W,0,-2.607871,0.09193607419729233,1.0,0.9887988567352295
YML051W,YER045C,0,-2.6137137,0.09192763268947601,1.0,0.9888988733291626
YDL049C,YIL067C,0,-2.6145673,0.0919191911816597,1.0,0.9889988899230957
YJL065C,YGR203W,0,-2.6160955,0.09191074967384338,1.0,0.9890989065170288
YJL102W,YBL057C,0,-2.6209917,0.09190231561660767,1.0,0.9891989231109619
YLR341W,YJR021C,0,-2.623239,0.09189387410879135,1.0,0.989298939704895
YIL150C,YPR063C,0,-2.624302,0.09188544005155563,1.0,0.9893989562988281
YNR001C,YHR200W,0,-2.6385367,0.09187700599431992,1.0,0.9894989728927612
YNR061C,YHR105W,0,-2.6539469,0.0918685719370842,1.0,0.9895989894866943
YCR057C,YML029W,0,-2.6614056,0.09186014533042908,1.0,0.9896989464759827
YKL189W,YBR186W,0,-2.6622443,0.09185171872377396,1.0,0.9897989630699158
YOL064C,YBR216C,0,-2.6648207,0.09184328466653824,1.0,0.9898989796638489
YLR209C,YHR160C,0,-2.6785243,0.09183486551046371,1.0,0.989998996257782
YDR421W,YCR034W,0,-2.680315,0.0918264389038086,1.0,0.9900990128517151
YDL185W,YBR105C,0,-2.6840143,0.09181801229715347,1.0,0.9901990294456482
YLR316C,YKR101W,0,-2.6866722,0.09180959314107895,1.0,0.9902990460395813
YNL218W,YGR166W,0,-2.694859,0.09180117398500443,1.0,0.9903990626335144
YGR032W,YGL121C,0,-2.6990314,0.0917927548289299,1.0,0.9904990792274475
YKL124W,YOR344C,0,-2.704033,0.09178433567285538,1.0,0.9905990362167358
YPL160W,YDR265W,0,-2.707017,0.09177592396736145,1.0,0.990699052810669
YMR011W,YDR137W,0,-2.7071815,0.09176751226186752,1.0,0.990799069404602
YKL157W,YFL014W,0,-2.7103214,0.0917591005563736,1.0,0.9908990859985352
YNL090W,YGR032W,0,-2.7105637,0.09175068885087967,1.0,0.9909991025924683
YER103W,YDR097C,0,-2.7171297,0.09174227714538574,1.0,0.9910991191864014
YKR048C,YNL213C,0,-2.7223547,0.09173387289047241,1.0,0.9911991357803345
YDR058C,YOR228C,0,-2.7441316,0.09172546863555908,1.0,0.9912991523742676
YOR306C,YMR071C,0,-2.74723,0.09171706438064575,1.0,0.9913991689682007
YKL181W,YKL137W,0,-2.752583,0.09170866012573242,1.0,0.991499125957489
YIL099W,YAL023C,0,-2.7660756,0.09170025587081909,1.0,0.9915991425514221
YNR061C,YLR133W,0,-2.7692003,0.09169185906648636,1.0,0.9916991591453552
YFL014W,YGR144W,0,-2.76924,0.09168345481157303,1.0,0.9917991757392883
YJR010W,YOR130C,0,-2.7697906,0.09167506545782089,1.0,0.9918991923332214
YKR009C,YNL012W,0,-2.7804813,0.09166666865348816,1.0,0.9919992089271545
YOR099W,YJR151C,0,-2.7813685,0.09165827184915543,1.0,0.9920992255210876
YHR026W,YHR166C,0,-2.7941866,0.09164988249540329,1.0,0.9921992421150208
YHR069C,YOR171C,0,-2.7953317,0.09164149314165115,1.0,0.9922992587089539
YNL085W,YJL118W,0,-2.7953782,0.09163310378789902,1.0,0.9923992156982422
YDL208W,YBR288C,0,-2.8008342,0.09162471443414688,1.0,0.9924992322921753
YER042W,YML019W,0,-2.802596,0.09161632508039474,1.0,0.9925992488861084
YKR061W,YGR086C,0,-2.8103178,0.0916079431772232,1.0,0.9926992654800415
YGL213C,YPL266W,0,-2.817925,0.09159956127405167,1.0,0.9927992820739746
YDR486C,YPL083C,0,-2.8231444,0.09159117937088013,1.0,0.9928992986679077
YDL166C,YIL006W,0,-2.8352962,0.09158279746770859,1.0,0.9929993152618408
YER018C,YDL047W,0,-2.8481908,0.09157442301511765,1.0,0.9930993318557739
YGL181W,YLR300W,0,-2.8691676,0.0915660411119461,1.0,0.993199348449707
YDL208W,YBL039C,0,-2.8697758,0.09155766665935516,1.0,0.9932993054389954
YBL068W,YFL008W,0,-2.8861132,0.09154929220676422,1.0,0.9933993220329285
YLR270W,YHR042W,0,-2.89294,0.09154092520475388,1.0,0.9934993386268616
YPL055C,YMR080C,0,-2.9122036,0.09153255075216293,1.0,0.9935993552207947
YPL271W,YNL093W,0,-2.932963,0.09152418375015259,1.0,0.9936993718147278
YOR069W,YIL159W,0,-2.934548,0.09151581674814224,1.0,0.9937993884086609
YJR029W,YNR045W,0,-2.9477549,0.0915074497461319,1.0,0.993899405002594
YJR095W,YPL223C,0,-2.9484024,0.09149908274412155,1.0,0.9939994215965271
YGL208W,YFL023W,0,-2.9527335,0.0914907231926918,1.0,0.9940994381904602
YMR114C,YPL163C,0,-2.9662905,0.09148236364126205,1.0,0.9941993951797485
YKL146W,YER170W,0,-2.9671347,0.0914740040898323,1.0,0.9942994117736816
YGR034W,YJR058C,0,-2.9758558,0.09146564453840256,1.0,0.9943994283676147
YOL007C,YKL166C,0,-3.0023012,0.09145728498697281,1.0,0.9944994449615479
YPL190C,YPL086C,0,-3.006278,0.09144893288612366,1.0,0.994599461555481
YNL232W,YML027W,0,-3.018499,0.0914405807852745,1.0,0.9946994781494141
YDL207W,YCL036W,0,-3.0317326,0.09143222868442535,1.0,0.9947994947433472
YNR054C,YER095W,0,-3.034884,0.0914238765835762,1.0,0.9948995113372803
YFL016C,YMR080C,0,-3.0615892,0.09141552448272705,1.0,0.9949995279312134
YCL034W,YER018C,0,-3.0634286,0.0914071798324585,1.0,0.9950994849205017
YEL030W,YLR449W,0,-3.0679417,0.09139882773160934,1.0,0.9951995015144348
YLL029W,YPR056W,0,-3.0978484,0.09139048308134079,1.0,0.9952995181083679
YDR090C,YDR033W,0,-3.1084547,0.09138214588165283,1.0,0.995399534702301
YPL212C,YMR189W,0,-3.111001,0.09137380123138428,1.0,0.9954995512962341
YOR231W,YDR011W,0,-3.118156,0.09136546403169632,1.0,0.9955995678901672
YIL158W,YOL045W,0,-3.1203053,0.09135712683200836,1.0,0.9956995844841003
YDR076W,YNL191W,0,-3.1214814,0.0913487896323204,1.0,0.9957996010780334
YOR382W,YOR180C,0,-3.1287344,0.09134045243263245,1.0,0.9958996176719666
YLR307W,YDR224C,0,-3.1421046,0.09133211523294449,1.0,0.9959995746612549
YJR133W,YHL040C,0,-3.1487653,0.09132378548383713,1.0,0.996099591255188
YIL171W,YJL062W,0,-3.1657841,0.09131545573472977,1.0,0.9961996078491211
YPL155C,YKR086W,0,-3.187634,0.0913071259856224,1.0,0.9962996244430542
YOR297C,YOR202W,0,-3.1895566,0.09129879623651505,1.0,0.9963996410369873
YER012W,YDR144C,0,-3.2010417,0.09129046648740768,1.0,0.9964996576309204
YLL052C,YOR180C,0,-3.240488,0.09128214418888092,1.0,0.9965996742248535
YPL204W,YNL037C,0,-3.245757,0.09127382189035416,1.0,0.9966996908187866
YOR349W,YMR071C,0,-3.28518,0.09126549959182739,1.0,0.9967997074127197
YNL160W,YAL040C,0,-3.2978024,0.09125717729330063,1.0,0.9968996644020081
YMR128W,YLR203C,0,-3.3045225,0.09124886244535446,1.0,0.9969996809959412
YKL086W,YOL088C,0,-3.322257,0.0912405401468277,1.0,0.9970996975898743
YPL223C,YPR056W,0,-3.4080591,0.09123222529888153,1.0,0.9971997141838074
YIL157C,YOR098C,0,-3.4863214,0.09122391045093536,1.0,0.9972997307777405
YLL061W,YGL227W,0,-3.53303,0.0912156030535698,1.0,0.9973997473716736
YDR304C,YNL112W,0,-3.546208,0.09120728820562363,1.0,0.9974997639656067
YML113W,YGL011C,0,-3.6573281,0.09119898080825806,1.0,0.9975997805595398
YBR008C,YDL202W,0,-3.673636,0.09119067341089249,1.0,0.9976997971534729
YBR244W,YKL074C,0,-3.6767745,0.09118236601352692,1.0,0.9977997541427612
YOR322C,YKL084W,0,-3.6900632,0.09117405861616135,1.0,0.9978997707366943
YBR199W,YPL231W,0,-3.7840085,0.09116575866937637,1.0,0.9979997873306274
YMR135C,YNL102W,0,-3.829721,0.0911574512720108,1.0,0.9980998039245605
YDR064W,YNL012W,0,-3.8662624,0.09114915132522583,1.0,0.9981998205184937
YNL053W,YDR022C,0,-3.8670065,0.09114085137844086,1.0,0.9982998371124268
YDR405W,YOR205C,0,-3.941875,0.09113255888223648,1.0,0.9983998537063599
YGR058W,YDR408C,0,-4.029356,0.09112425893545151,1.0,0.998499870300293
YCL036W,YKL139W,0,-4.041101,0.09111596643924713,1.0,0.9985998868942261
YBR132C,YPL038W,0,-4.153798,0.09110767394304276,1.0,0.9986998438835144
YLR197W,YMR004W,0,-4.2233267,0.09109938144683838,1.0,0.9987998604774475
YDL161W,YHR168W,0,-4.3970404,0.091091088950634,1.0,0.9988998770713806
YDR462W,YPR060C,0,-4.519413,0.09108280390501022,1.0,0.9989998936653137
YER020W,YHR152W,0,-4.6053514,0.09107451885938644,1.0,0.9990999102592468
YJR127C,YMR217W,0,-4.654024,0.09106622636318207,1.0,0.9991999268531799
YBR170C,YGL162W,0,-4.694927,0.09105794876813889,1.0,0.999299943447113
YDR533C,YJR010C-A,0,-4.709056,0.0910496637225151,1.0,0.9993999600410461
YGR124W,YPL152W,0,-5.1525106,0.09104138612747192,1.0,0.9994999766349792
YOR317W,YML121W,0,-5.2844086,0.09103310108184814,1.0,0.9995999336242676
YDL236W,YGR048W,0,-5.7941713,0.09102482348680496,1.0,0.9996999502182007
YJL130C,YMR189W,0,-6.2550087,0.09101654589176178,1.0,0.9997999668121338
YPL152W,YGL234W,0,-6.93665,0.0910082757472992,1.0,0.9998999834060669
YPL196W,YBL042C,0,-8.353706,0.09099999815225601,1.0,1.0
