Gene A,Gene B,Label,Score,Precision,Recall,False Positive Rate
YER150W,YBL039C,0,-0.13936971,0.0,0.0,0.0004761904710903764
YBR072W,YPR133C,0,-0.49682426,0.0,0.0,0.0009523809421807528
YKL103C,YNL308C,0,-0.5223194,0.0,0.0,0.0014285714132711291
YLR343W,YJL186W,0,-0.5619378,0.0,0.0,0.0019047618843615055
YNL151C,YDR019C,0,-0.5627232,0.0,0.0,0.0023809524718672037
YOR168W,YOR382W,0,-0.58970034,0.0,0.0,0.0028571428265422583
YNL298W,YER150W,0,-0.60913265,0.0,0.0,0.0033333334140479565
YKL009W,YPR160W,0,-0.6138597,0.0,0.0,0.003809523768723011
YBR072W,YDR310C,0,-0.63258296,0.0,0.0,0.004285714123398066
YML054C,YBR092C,0,-0.65275276,0.0,0.0,0.004761904943734407
YER091C,YDR082W,0,-0.73776704,0.0,0.0,0.005238095298409462
YKL081W,YPR026W,0,-0.7585802,0.0,0.0,0.0057142856530845165
YDR342C,YER153C,0,-0.93491435,0.0,0.0,0.006190476007759571
YJR119C,YPL131W,0,-0.95249254,0.0,0.0,0.006666666828095913
YPR125W,YIR039C,0,-0.98932236,0.0,0.0,0.0071428571827709675
YLR364W,YDL021W,0,-1.053885,0.0,0.0,0.007619047537446022
YKL164C,YDR358W,0,-1.0558262,0.0,0.0,0.008095238357782364
YPL049C,YLR327C,0,-1.0940956,0.0,0.0,0.008571428246796131
YNR052C,YFL014W,0,-1.1063457,0.0,0.0,0.009047619067132473
YPL189C-A,YAL060W,0,-1.1085746,0.0,0.0,0.009523809887468815
YGL147C,YNL107W,0,-1.1206769,0.0,0.0,0.009999999776482582
YPL090C,YOL069W,0,-1.1500076,0.0,0.0,0.010476190596818924
YNL001W,YBR066C,0,-1.1623309,0.0,0.0,0.010952381417155266
YLR343W,YGR046W,0,-1.1747617,0.0,0.0,0.011428571306169033
YDR380W,YDL055C,0,-1.1828175,0.0,0.0,0.011904762126505375
YDR077W,YLR315W,0,-1.1975383,0.0,0.0,0.012380952015519142
YGR085C,YPR046W,0,-1.2258788,0.0,0.0,0.012857142835855484
YML100W,YOR351C,0,-1.2405823,0.0,0.0,0.013333333656191826
YPL097W,YMR250W,0,-1.250098,0.0,0.0,0.013809523545205593
YMR303C,YPL252C,0,-1.262093,0.0,0.0,0.014285714365541935
YEL039C,YPR187W,0,-1.2915832,0.0,0.0,0.014761905185878277
YMR290C,YPR055W,0,-1.2949227,0.0,0.0,0.015238095074892044
YOL084W,YOL042W,0,-1.31063,0.0,0.0,0.015714285895228386
YLR224W,YOL002C,0,-1.3146143,0.0,0.0,0.016190476715564728
YDR056C,YJR022W,0,-1.3211647,0.0,0.0,0.01666666753590107
YLR189C,YIR005W,0,-1.3384429,0.0,0.0,0.017142856493592262
YDR172W,YMR303C,0,-1.3388556,0.0,0.0,0.017619047313928604
YOR063W,YHR184W,0,-1.3777426,0.0,0.0,0.018095238134264946
YOR192C,YBL075C,0,-1.3777485,0.0,0.0,0.018571428954601288
YKL063C,YDR513W,0,-1.3891875,0.0,0.0,0.01904761977493763
YBR240C,YLR251W,0,-1.404663,0.0,0.0,0.019523808732628822
YBL092W,YPR011C,0,-1.4193847,0.0,0.0,0.019999999552965164
YOL059W,YNL304W,0,-1.4301382,0.0,0.0,0.020476190373301506
YAL019W,YLR460C,0,-1.4301502,0.0,0.0,0.020952381193637848
YPR127W,YGR034W,0,-1.4329981,0.0,0.0,0.02142857201397419
YLR061W,YGR225W,0,-1.4494102,0.0,0.0,0.02190476283431053
YNL112W,YJL071W,0,-1.4606282,0.0,0.0,0.022380951792001724
YDR367W,YPL022W,0,-1.4667971,0.0,0.0,0.022857142612338066
YML133C,YKL156W,0,-1.470414,0.0,0.0,0.023333333432674408
YOL002C,YLL055W,0,-1.4726764,0.0,0.0,0.02380952425301075
YMR242C,YPR026W,0,-1.4788914,0.0,0.0,0.02428571507334709
YDL043C,YHR009C,0,-1.4873865,0.0,0.0,0.024761904031038284
YKL043W,YGR214W,0,-1.4966528,0.0,0.0,0.025238094851374626
YDR071C,YOL084W,0,-1.505443,0.0,0.0,0.025714285671710968
YBR149W,YPL121C,0,-1.5115958,0.0,0.0,0.02619047649204731
YBR282W,YKR075C,0,-1.5138772,0.0,0.0,0.02666666731238365
YBR006W,YHR052W,0,-1.5225033,0.0,0.0,0.027142856270074844
YIL120W,YKR075C,0,-1.5306565,0.0,0.0,0.027619047090411186
YOR228C,YDR304C,0,-1.5360138,0.0,0.0,0.028095237910747528
YDR080W,YHR138C,0,-1.5369197,0.0,0.0,0.02857142873108387
YKR057W,YBR169C,0,-1.5397319,0.0,0.0,0.029047619551420212
YER020W,YGR283C,0,-1.542892,0.0,0.0,0.029523810371756554
YBR114W,YNR040W,0,-1.5523242,0.0,0.0,0.029999999329447746
YLR413W,YBL026W,0,-1.5530728,0.0,0.0,0.030476190149784088
YGL103W,YJL108C,0,-1.5574855,0.0,0.0,0.03095238097012043
YDR050C,YIL170W,0,-1.5599582,0.0,0.0,0.03142857179045677
YMR262W,YCL018W,0,-1.5701529,0.0,0.0,0.031904760748147964
YGR185C,YBR012W-B,0,-1.5782877,0.0,0.0,0.032380953431129456
YDL028C,YNR021W,0,-1.5907968,0.0,0.0,0.03285714238882065
YDR213W,YOL151W,0,-1.5964268,0.0,0.0,0.03333333507180214
YOL158C,YLR151C,0,-1.6104177,0.0,0.0,0.03380952402949333
YBR072W,YMR133W,0,-1.6124877,0.0,0.0,0.034285712987184525
YKR019C,YGR138C,0,-1.622954,0.0,0.0,0.034761905670166016
YJR054W,YDR342C,0,-1.6230181,0.0,0.0,0.03523809462785721
YDR256C,YHR185C,0,-1.6249443,0.0,0.0,0.0357142873108387
YGL170C,YMR145C,0,-1.6302818,0.0,0.0,0.03619047626852989
YDR492W,YNL317W,0,-1.634307,0.0,0.0,0.036666665226221085
YNR006W,YGR026W,0,-1.6362513,0.0,0.0,0.037142857909202576
YMR090W,YGL050W,0,-1.6410879,0.0,0.0,0.03761904686689377
YHR079C-B,YDR129C,0,-1.6417598,0.0,0.0,0.03809523954987526
YKL077W,YNL160W,0,-1.6449677,0.0,0.0,0.03857142850756645
YCR055C,YMR025W,0,-1.6490525,0.0,0.0,0.039047617465257645
YFL066C,YLR292C,0,-1.6556947,0.0,0.0,0.039523810148239136
YPR114W,YJR034W,0,-1.668022,0.0,0.0,0.03999999910593033
YHR061C,YDR233C,0,-1.6680452,0.0,0.0,0.04047619178891182
YJL149W,YLR185W,0,-1.6683758,0.0,0.0,0.04095238074660301
YGL170C,YIL034C,0,-1.6695884,0.0,0.0,0.041428569704294205
YIR012W,YCL074W,0,-1.6728735,0.0,0.0,0.041904762387275696
YAL068C,YOR338W,0,-1.6776003,0.0,0.0,0.04238095134496689
YER048W-A,YCR016W,0,-1.6782717,0.0,0.0,0.04285714402794838
YKL158W,YLR385C,0,-1.686715,0.0,0.0,0.04333333298563957
YOR384W,YOR310C,0,-1.6926426,0.0,0.0,0.04380952566862106
YLR321C,YML133C,0,-1.6959928,0.0,0.0,0.044285714626312256
YNL175C,YPL141C,0,-1.7020475,0.0,0.0,0.04476190358400345
YOR264W,YDL246C,0,-1.7024802,0.0,0.0,0.04523809626698494
YKR020W,YCL047C,0,-1.7051207,0.0,0.0,0.04571428522467613
YDL133C-A,YML082W,0,-1.7103559,0.0,0.0,0.04619047790765762
YBR181C,YCR029C-A,0,-1.7121276,0.0,0.0,0.046666666865348816
YGL116W,YDR429C,0,-1.7141848,0.0,0.0,0.04714285582304001
YNR067C,YCR029C-A,0,-1.7162445,0.0,0.0,0.0476190485060215
YCR096C,YLR446W,0,-1.7177242,0.0,0.0,0.04809523746371269
YLR143W,YKR006C,0,-1.7231172,0.0,0.0,0.04857143014669418
YMR270C,YGR088W,0,-1.7286214,0.0,0.0,0.049047619104385376
YHR092C,YPR081C,0,-1.7318596,0.0,0.0,0.04952380806207657
YER023W,YPL141C,0,-1.7358859,0.0,0.0,0.05000000074505806
YMR226C,YMR128W,0,-1.7367961,0.0,0.0,0.05047618970274925
YGR239C,YFL002W-A,0,-1.7453779,0.0,0.0,0.05095238238573074
YAR018C,YML096W,0,-1.7476256,0.0,0.0,0.051428571343421936
YNL010W,YMR173W,0,-1.7496313,0.0,0.0,0.05190476030111313
YFR024C,YGR221C,0,-1.7499084,0.0,0.0,0.05238095298409462
YNL261W,YNR071C,0,-1.7516893,0.0,0.0,0.05285714194178581
YHR092C,YMR118C,0,-1.7526969,0.0,0.0,0.0533333346247673
YMR122W-A,YPL004C,0,-1.7548658,0.0,0.0,0.053809523582458496
YMR122W-A,YNR020C,0,-1.7586863,0.0,0.0,0.05428571254014969
YNL086W,YOR341W,0,-1.7587858,0.0,0.0,0.05476190522313118
YPR034W,YMR118C,0,-1.758865,0.0,0.0,0.05523809418082237
YKR059W,YGL085W,0,-1.7606833,0.0,0.0,0.055714286863803864
YHR129C,YGL096W,0,-1.766172,0.0,0.0,0.056190475821495056
YOL061W,YPR011C,0,-1.7681779,0.0,0.0,0.05666666850447655
YLR009W,YKL199C,0,-1.7684845,0.0,0.0,0.05714285746216774
YMR303C,YJL021C,0,-1.775261,0.0,0.0,0.05761904641985893
YOR383C,YDR418W,0,-1.7773001,0.0,0.0,0.058095239102840424
YCR087C-A,YMR022W,0,-1.7783732,0.0,0.0,0.058571428060531616
YDL083C,YKR054C,0,-1.7789942,0.0,0.0,0.05904762074351311
YKR072C,YKL200C,0,-1.779646,0.0,0.0,0.0595238097012043
YFR024C,YDL072C,0,-1.7799445,0.0,0.0,0.05999999865889549
YMR143W,YCL026C-B,0,-1.780113,0.0,0.0,0.060476191341876984
YPR196W,YLR419W,0,-1.7807146,0.0,0.0,0.060952380299568176
YJL181W,YGR034W,0,-1.7809457,0.0,0.0,0.06142857298254967
YGR161C,YDR109C,0,-1.7826865,0.0,0.0,0.06190476194024086
YPL006W,YDR065W,0,-1.7836348,0.0,0.0,0.06238095089793205
YBR035C,YOL103W-A,0,-1.7840201,0.0,0.0,0.06285714358091354
YOR018W,YHL040C,0,-1.7850885,0.0,0.0,0.06333333253860474
YPR091C,YMR169C,0,-1.7862357,0.0,0.0,0.06380952149629593
YCR055C,YER019C-A,0,-1.7871743,0.0,0.0,0.06428571790456772
YML040W,YNR020C,0,-1.7882758,0.0,0.0,0.06476190686225891
YOR142W-B,YDL051W,0,-1.7894824,0.0,0.0,0.0652380958199501
YOL092W,YER045C,0,-1.7898406,0.0,0.0,0.0657142847776413
YDR121W,YCL026C-B,0,-1.799087,0.0,0.0,0.06619047373533249
YER041W,YDR316W-A,0,-1.7999632,0.0,0.0,0.06666667014360428
YDL180W,YDR002W,0,-1.8007857,0.0,0.0,0.06714285910129547
YGR212W,YGR109W-B,0,-1.801124,0.0,0.0,0.06761904805898666
YKL171W,YGR165W,0,-1.8027582,0.0,0.0,0.06809523701667786
YPL214C,YHL009W-B,0,-1.806723,0.0,0.0,0.06857142597436905
YBR261C,YPR196W,0,-1.8073419,0.0,0.0,0.06904762238264084
YEL050C,YJR054W,0,-1.8152949,0.0,0.0,0.06952381134033203
YDR087C,YLR410W-A,0,-1.8163503,0.0,0.0,0.07000000029802322
YCR060W,YLR058C,0,-1.8179924,0.0,0.0,0.07047618925571442
YDR261W-A,YOR261C,0,-1.8186036,0.0,0.0,0.07095237821340561
YPR137C-B,YNR017W,0,-1.8225981,0.0,0.0,0.0714285746216774
YHR172W,YJL012C-A,0,-1.8227483,0.0,0.0,0.07190476357936859
YJR098C,YNL213C,0,-1.8231071,0.0,0.0,0.07238095253705978
YJL034W,YCL075W,0,-1.8236989,0.0,0.0,0.07285714149475098
YNR031C,YAR044W,0,-1.8239647,0.0,0.0,0.07333333045244217
YFR030W,YBR030W,0,-1.8259407,0.0,0.0,0.07380952686071396
YKL156W,YBL075C,0,-1.8269144,0.0,0.0,0.07428571581840515
YBR192W,YOR142W-A,0,-1.8273777,0.0,0.0,0.07476190477609634
YPR187W,YAR010C,0,-1.828303,0.0,0.0,0.07523809373378754
YJR065C,YLR227W-B,0,-1.8296992,0.0,0.0,0.07571428269147873
YDL080C,YNL194C,0,-1.8305782,0.0,0.0,0.07619047909975052
YOR215C,YKL181W,0,-1.8311731,0.0,0.0,0.07666666805744171
YLR256W-A,YHR161C,0,-1.8324132,0.0,0.0,0.0771428570151329
YAR009C,YDR224C,0,-1.8329707,0.0,0.0,0.0776190459728241
YER138C,YBL014C,0,-1.8330879,0.0,0.0,0.07809523493051529
YDR245W,YOR192C-B,0,-1.8343421,0.0,0.0,0.07857143133878708
YBL112C,YCR020C,0,-1.8343756,0.0,0.0,0.07904762029647827
YNR061C,YER123W,0,-1.8346848,0.0,0.0,0.07952380925416946
YGR161C-D,YLR200W,0,-1.8353492,0.0,0.0,0.07999999821186066
YLR141W,YFL035C,0,-1.8383895,0.0,0.0,0.08047618716955185
YGR161C-D,YKL080W,0,-1.8391389,0.0,0.0,0.08095238357782364
YEL018W,YOR192C-A,0,-1.839429,0.0,0.0,0.08142857253551483
YLR337W,YIL053W,0,-1.839686,0.0,0.0,0.08190476149320602
YGL231C,YOR338W,0,-1.8399667,0.0,0.0,0.08238095045089722
YDR210C-C,YOR065W,0,-1.8405899,0.0,0.0,0.08285713940858841
YDL028C,YCL012W,0,-1.8414664,0.0,0.0,0.0833333358168602
YDL006W,YBR066C,0,-1.8414978,0.0,0.0,0.08380952477455139
YKL192C,YOR142W-A,0,-1.8439014,0.0,0.0,0.08428571373224258
YDR081C,YLR413W,0,-1.8441712,0.0,0.0,0.08476190268993378
YIL145C,YLR410W-A,0,-1.8444818,0.0,0.0,0.08523809164762497
YBR078W,YCL039W,0,-1.8449363,0.0,0.0,0.08571428805589676
YDR210W-B,YKL096W-A,0,-1.8474519,0.0,0.0,0.08619047701358795
YLR352W,YER049W,0,-1.8482323,0.0,0.0,0.08666666597127914
YDL229W,YDL134C-A,0,-1.8491842,0.0,0.0,0.08714285492897034
YKL183W,YPR096C,0,-1.8495945,0.0,0.0,0.08761905133724213
YOR192C-B,YGL190C,0,-1.8503879,0.0,0.0,0.08809524029493332
YGR244C,YPL033C,0,-1.8506677,0.0,0.0,0.08857142925262451
YML076C,YGR027W-B,0,-1.8507208,0.0,0.0,0.0890476182103157
YPL269W,YGL009C,0,-1.8515981,0.0,0.0,0.0895238071680069
YGL046W,YCL016C,0,-1.8518625,0.0,0.0,0.09000000357627869
YNL267W,YOR192C-A,0,-1.8518901,0.0,0.0,0.09047619253396988
YOR250C,YOR063W,0,-1.852482,0.0,0.0,0.09095238149166107
YHR214W,YBR030W,0,-1.8525763,0.0,0.0,0.09142857044935226
YLR430W,YFR053C,0,-1.8542124,0.0,0.0,0.09190475940704346
YJL157C,YGL122C,0,-1.8543727,0.0,0.0,0.09238095581531525
YDR034C-C,YDR517W,0,-1.855142,0.0,0.0,0.09285714477300644
YDL128W,YOR292C,0,-1.8563026,0.0,0.0,0.09333333373069763
YBL024W,YLR411W,0,-1.856541,0.0,0.0,0.09380952268838882
YGR109W-A,YPR127W,0,-1.8572587,0.0,0.0,0.09428571164608002
YPL183W-A,YOR292C,0,-1.8587536,0.0,0.0,0.0947619080543518
YLR429W,YDR316W-A,0,-1.8597893,0.0,0.0,0.095238097012043
YDL077C,YPR137C-B,0,-1.8601776,0.0,0.0,0.09571428596973419
YLR312C-B,YPL202C,0,-1.861566,0.0,0.0,0.09619047492742538
YMR016C,YJL062W-A,0,-1.8625628,0.0,0.0,0.09666666388511658
YLR194C,YMR194W,0,-1.8636161,0.0,0.0,0.09714286029338837
YBR153W,YJL062W-A,0,-1.8636719,0.0,0.0,0.09761904925107956
YPL096C-A,YHR211W,0,-1.8637253,0.0,0.0,0.09809523820877075
YJL178C,YER159C-A,0,-1.864556,0.0,0.0,0.09857142716646194
YPR137C-A,YGR089W,0,-1.8650191,0.0,0.0,0.09904761612415314
YCL048W-A,YDR365C,0,-1.8662288,0.0,0.0,0.09952381253242493
YNL267W,YBL029C-A,0,-1.8662288,0.0,0.0,0.10000000149011612
YAR044W,YDR381C-A,0,-1.8662288,0.0,0.0,0.10047619044780731
YML045W-A,YMR059W,0,-1.8662288,0.0,0.0,0.1009523794054985
YBR111W-A,YMR315W,0,-1.8662288,0.0,0.0,0.1014285683631897
YDR002W,YNL284C-A,0,-1.8662288,0.0,0.0,0.10190476477146149
YPR186C,YML045W-A,0,-1.8662288,0.0,0.0,0.10238095372915268
YFR016C,YLR227W-B,0,-1.8662288,0.0,0.0,0.10285714268684387
YCL048W-A,YML082W,0,-1.8662288,0.0,0.0,0.10333333164453506
YLR370C,YOR343C-A,0,-1.8662288,0.0,0.0,0.10380952060222626
YNR021W,YOR343C-A,0,-1.8662288,0.0,0.0,0.10428571701049805
YBL029C-A,YDR039C,0,-1.8662288,0.0,0.0,0.10476190596818924
YJL110C,YGL258W-A,0,-1.8662288,0.0,0.0,0.10523809492588043
YKR078W,YFL011W-A,0,-1.8662288,0.0,0.0,0.10571428388357162
YIL017W,YBL005W-B,0,-1.8662288,0.0,0.0,0.10619047284126282
YNL208W,YFL035C-A,0,-1.8662288,0.0,0.0,0.1066666692495346
YNR048W,YDR210W-C,0,-1.8662288,0.0,0.0,0.1071428582072258
YKL138C-A,YNL010W,0,-1.8662288,0.0,0.0,0.10761904716491699
YHR214W-G,YJL094C,0,-1.8662288,0.0,0.0,0.10809523612260818
YOR078W,YDR381C-A,0,-1.8662288,0.0,0.0,0.10857142508029938
YHR076W,YDR210W-C,0,-1.8662288,0.0,0.0,0.10904762148857117
YKL200C,YOL103W-A,0,-1.8662288,0.0,0.0,0.10952381044626236
YLL016W,YOR142W-A,0,-1.8662288,0.0,0.0,0.10999999940395355
YLR410W-A,YER014C-A,0,-1.8662288,0.0,0.0,0.11047618836164474
YLR221C,YDR210W-C,0,-1.8662288,0.0,0.0,0.11095237731933594
YHL034C,YML045W-A,0,-1.8662288,0.0,0.0,0.11142857372760773
YBR010W,YBL029C-A,0,-1.8662288,0.0,0.0,0.11190476268529892
YDL180W,YDR316W-A,0,-1.8662288,0.0,0.0,0.11238095164299011
YJL128C,YAR070W-A,0,-1.8662288,0.0,0.0,0.1128571406006813
YML042W,YBL101W-A,0,-1.8662288,0.0,0.0,0.1133333370089531
YEL019C,YAR070W-A,0,-1.8662288,0.0,0.0,0.11380952596664429
YOL092W,YAR070W-A,0,-1.8662288,0.0,0.0,0.11428571492433548
YOR266W,YBL101W-A,0,-1.8662288,0.0,0.0,0.11476190388202667
YBL101W-B,YER053C,0,-1.8662288,0.0,0.0,0.11523809283971786
YER053C-A,YKL205W,0,-1.8662288,0.0,0.0,0.11571428924798965
YMR117C,YAR070W-A,0,-1.8662288,0.0,0.0,0.11619047820568085
YER053C-A,YBR200W-A,0,-1.8662288,0.0,0.0,0.11666666716337204
YDR299W,YBL029C-A,0,-1.8662288,0.0,0.0,0.11714285612106323
YFR049W,YDR381C-A,0,-1.8662288,0.0,0.0,0.11761904507875443
YGR223C,YOR378W,0,-1.8680855,0.0,0.0,0.11809524148702621
YMR186W,YJL062W-A,0,-1.8686229,0.0,0.0,0.11857143044471741
YDL059C,YLR227W-B,0,-1.8687104,0.0,0.0,0.1190476194024086
YOR049C,YDL208W,0,-1.8688673,0.0,0.0,0.11952380836009979
YCL057C-A,YCR097WB,0,-1.8689507,0.0,0.0,0.11999999731779099
YGR161W-A,YCL031C,0,-1.8690369,0.0,0.0,0.12047619372606277
YJL144W,YDL229W,0,-1.8690606,0.0,0.0,0.12095238268375397
YHR122W,YJR001W,0,-1.8712322,0.0,0.0,0.12142857164144516
YCL012W,YBR173C,0,-1.8719548,0.0,0.0,0.12190476059913635
YDR316W-A,YKR027W,0,-1.8719729,0.0,0.0,0.12238094955682755
YJR034W,YDR261W-B,0,-1.8725661,0.0,0.0,0.12285714596509933
YMR038C,YFL002W-B,0,-1.8732575,0.0,0.0,0.12333333492279053
YCR021C,YJL062W-A,0,-1.8733438,0.0,0.0,0.12380952388048172
YDR170W-A,YDL033C,0,-1.8733884,0.0,0.0,0.12428571283817291
YDR210W-B,YJL033W,0,-1.8738805,0.0,0.0,0.1247619017958641
YFL035C-B,YMR115W,0,-1.8740759,0.0,0.0,0.1252380907535553
YGR054W,YDR414C,0,-1.8751664,0.0,0.0,0.1257142871618271
YBR048W,YLR157C,0,-1.8757315,0.0,0.0,0.12619048357009888
YGR071C,YGR272C,0,-1.8766804,0.0,0.0,0.12666666507720947
YLL001W,YOR378W,0,-1.8806531,0.0,0.0,0.12714286148548126
YOR254C,YLL012W,0,-1.8810965,0.0,0.0,0.12761904299259186
YKL016C,YCL057C-A,0,-1.8820442,0.0,0.0,0.12809523940086365
YNL054W-B,YOR216C,0,-1.8828976,0.0,0.0,0.12857143580913544
YDR034C-C,YNL161W,0,-1.8849887,0.0,0.0,0.12904761731624603
YDR367W,YEL059C-A,0,-1.8857841,0.0,0.0,0.12952381372451782
YBL075C,YLR361C,0,-1.8860854,0.0,0.0,0.12999999523162842
YDL112W,YOR285W,0,-1.8873535,0.0,0.0,0.1304761916399002
YDL175C,YFL035C,0,-1.8880953,0.0,0.0,0.130952388048172
YGR088W,YPL257W-B,0,-1.8892392,0.0,0.0,0.1314285695552826
YJL021C,YNR007C,0,-1.8898855,0.0,0.0,0.13190476596355438
YPR113W,YPL141C,0,-1.89019,0.0,0.0,0.13238094747066498
YPR034W,YFR018C,0,-1.8914614,0.0,0.0,0.13285714387893677
YPL049C,YDR018C,0,-1.8914939,0.0,0.0,0.13333334028720856
YPL257W-A,YPL022W,0,-1.893063,0.0,0.0,0.13380952179431915
YOR142W-B,YDR448W,0,-1.8932678,0.0,0.0,0.13428571820259094
YPR137C-B,YKL042W,0,-1.8940188,0.0,0.0,0.13476189970970154
YNL054W-B,YOL123W,0,-1.8942407,0.0,0.0,0.13523809611797333
YPL257W-A,YDL230W,0,-1.8950429,0.0,0.0,0.13571429252624512
YFR033C,YIL171W,0,-1.8950778,0.0,0.0,0.1361904740333557
YPL078C,YPL121C,0,-1.8951857,0.0,0.0,0.1366666704416275
YFR024C,YMR081C,0,-1.8952864,0.0,0.0,0.1371428519487381
YBL058W,YOR142W-A,0,-1.8954698,0.0,0.0,0.1376190483570099
YER087W,YIR038C,0,-1.8966537,0.0,0.0,0.13809524476528168
YPL175W,YGR012W,0,-1.89935,0.0,0.0,0.13857142627239227
YDL019C,YFL002W-B,0,-1.8998395,0.0,0.0,0.13904762268066406
YJL012C-A,YFR019W,0,-1.9000454,0.0,0.0,0.13952380418777466
YOR343W-B,YOR036W,0,-1.9002663,0.0,0.0,0.14000000059604645
YNL127W,YIL083C,0,-1.9016843,0.0,0.0,0.14047619700431824
YER159C-A,YPL043W,0,-1.9054556,0.0,0.0,0.14095237851142883
YLR440C,YER137C-A,0,-1.9056604,0.0,0.0,0.14142857491970062
YGL009C,YMR118C,0,-1.9057574,0.0,0.0,0.14190475642681122
YER091C,YFR034C,0,-1.906289,0.0,0.0,0.142380952835083
YBL112C,YDR289C,0,-1.907097,0.0,0.0,0.1428571492433548
YKL061W,YER028C,0,-1.9083141,0.0,0.0,0.1433333307504654
YEL032W,YBR045C,0,-1.9084415,0.0,0.0,0.14380952715873718
YDL206W,YKL089W,0,-1.9086831,0.0,0.0,0.14428570866584778
YER108C,YIR002C,0,-1.9104782,0.0,0.0,0.14476190507411957
YKR102W,YJL225C,0,-1.9127182,0.0,0.0,0.14523810148239136
YCR055C,YNL218W,0,-1.9143773,0.0,0.0,0.14571428298950195
YGR212W,YGR109W-A,0,-1.9153904,0.0,0.0,0.14619047939777374
YNL190W,YAL017W,0,-1.918047,0.0,0.0,0.14666666090488434
YIL062C,YDR306C,0,-1.9182376,0.0,0.0,0.14714285731315613
YJR073C,YDR367W,0,-1.9187368,0.0,0.0,0.14761905372142792
YDR387C,YLR259C,0,-1.9201611,0.0,0.0,0.1480952352285385
YPR137C-A,YDR025W,0,-1.9202381,0.0,0.0,0.1485714316368103
YLR293C,YFR053C,0,-1.9207917,0.0,0.0,0.1490476131439209
YGL191W,YPL257W-A,0,-1.9213649,0.0,0.0,0.1495238095521927
YIL036W,YPR137C-B,0,-1.9217063,0.0,0.0,0.15000000596046448
YNL284C,YNL208W,0,-1.924035,0.0,0.0,0.15047618746757507
YCL012W,YDR190C,0,-1.9277862,0.0,0.0,0.15095238387584686
YDR350C,YPL198W,0,-1.9297134,0.0,0.0,0.15142856538295746
YPL038W,YLR413W,0,-1.9298664,0.0,0.0,0.15190476179122925
YDL144C,YER111C,0,-1.9299233,0.0,0.0,0.15238095819950104
YNL284C-B,YOR106W,0,-1.9312313,0.0,0.0,0.15285713970661163
YIL014W,YCR058C,0,-1.935161,0.0,0.0,0.15333333611488342
YCR058C,YOL052C,0,-1.9355608,0.0,0.0,0.15380951762199402
YLR371W,YBR066C,0,-1.9357818,0.0,0.0,0.1542857140302658
YDR098C,YOL103W-B,0,-1.9365572,0.0,0.0,0.1547619104385376
YPR137C-B,YDR262W,0,-1.9384006,0.0,0.0,0.1552380919456482
YPR174C,YFL014W,0,-1.9384183,0.0,0.0,0.15571428835391998
YFR024C,YDL154W,0,-1.9388912,0.0,0.0,0.15619046986103058
YGR055W,YOL005C,0,-1.939166,0.0,0.0,0.15666666626930237
YCR029C-A,YPL157W,0,-1.9410567,0.0,0.0,0.15714286267757416
YPR007C,YNL284C-B,0,-1.942634,0.0,0.0,0.15761904418468475
YJR131W,YDR115W,0,-1.9459976,0.0,0.0,0.15809524059295654
YGL076C,YPL186C,0,-1.9468447,0.0,0.0,0.15857142210006714
YIL080W,YCL043C,0,-1.9475332,0.0,0.0,0.15904761850833893
YHR205W,YPR003C,0,-1.9485027,0.0,0.0,0.15952381491661072
YER103W,YLL013C,0,-1.9498923,0.0,0.0,0.1599999964237213
YPL134C,YHR210C,0,-1.9530433,0.0,0.0,0.1604761928319931
YLR164W,YER028C,0,-1.9551173,0.0,0.0,0.1609523743391037
YER138C,YGR035C,0,-1.9555523,0.0,0.0,0.1614285707473755
YLR194C,YNL207W,0,-1.9567747,0.0,0.0,0.16190476715564728
YGL046W,YNL012W,0,-1.958732,0.0,0.0,0.16238094866275787
YOL165C,YLR244C,0,-1.9591204,0.0,0.0,0.16285714507102966
YLR192C,YPR011C,0,-1.960621,0.0,0.0,0.16333332657814026
YIL017W,YER162C,0,-1.961612,0.0,0.0,0.16380952298641205
YEL024W,YGR283C,0,-1.962562,0.0,0.0,0.16428571939468384
YAL068C,YML125C,0,-1.9638449,0.0,0.0,0.16476190090179443
YLR292C,YPL121C,0,-1.9638929,0.0,0.0,0.16523809731006622
YDR402C,YGL238W,0,-1.9649248,0.0,0.0,0.16571427881717682
YOR167C,YLR283W,0,-1.9663368,0.0,0.0,0.1661904752254486
YOR233W,YCR087C-A,0,-1.9681641,0.0,0.0,0.1666666716337204
YCR058C,YBR145W,0,-1.9695507,0.0,0.0,0.167142853140831
YGL037C,YHR108W,0,-1.96973,0.0,0.0,0.16761904954910278
YLL067C,YOR285W,0,-1.9698428,0.0,0.0,0.16809523105621338
YER140W,YLR384C,0,-1.9714648,0.0,0.0,0.16857142746448517
YFL035C-B,YOL102C,0,-1.9736611,0.0,0.0,0.16904762387275696
YHR020W,YLL016W,0,-1.9755018,0.0,0.0,0.16952380537986755
YER108C,YMR276W,0,-1.9799098,0.0,0.0,0.17000000178813934
YKL158W,YPL248C,0,-1.983492,0.0,0.0,0.17047618329524994
YOR019W,YPL043W,0,-1.98669,0.0,0.0,0.17095237970352173
YNL176C,YDR135C,0,-1.9870393,0.0,0.0,0.17142857611179352
YJL062W,YCR058C,0,-1.9931685,0.0,0.0,0.1719047576189041
YOL092W,YPR166C,0,-1.9933269,0.0,0.0,0.1723809540271759
YNL024C,YPL082C,0,-1.9936986,0.0,0.0,0.1728571355342865
YOR356W,YHL004W,0,-1.9970397,0.0,0.0,0.1733333319425583
YOR063W,YCR072C,0,-1.9988872,0.0,0.0,0.17380952835083008
YLR396C,YDR134C,0,-2.000021,0.0,0.0,0.17428570985794067
YML027W,YCL008C,0,-2.0003948,0.0,0.0,0.17476190626621246
YJR149W,YNL258C,0,-2.0039601,0.0,0.0,0.17523810267448425
YCR105W,YHR214C-B,0,-2.004701,0.0,0.0,0.17571428418159485
YNL147W,YCR016W,0,-2.0091329,0.0,0.0,0.17619048058986664
YKL199C,YPL252C,0,-2.009165,0.0,0.0,0.17666666209697723
YPL093W,YGR218W,1,-2.013995,0.0026881720405071974,0.004761904943734407,0.17666666209697723
YKL022C,YBR241C,0,-2.01738,0.002680965233594179,0.004761904943734407,0.17714285850524902
YNL045W,YKL161C,0,-2.0185745,0.002673796843737364,0.004761904943734407,0.1776190549135208
YNL046W,YNL273W,0,-2.019412,0.0026666666381061077,0.004761904943734407,0.1780952364206314
YCL035C,YMR050C,0,-2.0196157,0.002659574383869767,0.004761904943734407,0.1785714328289032
YHR020W,YLR134W,0,-2.0197418,0.0026525198481976986,0.004761904943734407,0.1790476143360138
YJR053W,YER014W,0,-2.023588,0.0026455025654286146,0.004761904943734407,0.17952381074428558
YKL063C,YBR107C,0,-2.0245712,0.0026385225355625153,0.004761904943734407,0.18000000715255737
YBR243C,YDL119C,0,-2.026067,0.0026315790601074696,0.004761904943734407,0.18047618865966797
YMR315W,YML071C,0,-2.0262187,0.002624671906232834,0.004761904943734407,0.18095238506793976
YJL112W,YDR065W,0,-2.0266461,0.002617801073938608,0.004761904943734407,0.18142856657505035
YKL103C,YGR283C,0,-2.0313127,0.002610966097563505,0.004761904943734407,0.18190476298332214
YDL012C,YDR487C,0,-2.0315135,0.0026041667442768812,0.004761904943734407,0.18238095939159393
YER032W,YJL225C,0,-2.0323505,0.002597402548417449,0.004761904943734407,0.18285714089870453
YLR333C,YMR211W,0,-2.0337791,0.0025906735099852085,0.004761904943734407,0.18333333730697632
YMR295C,YOR288C,0,-2.034118,0.002583979396149516,0.004761904943734407,0.18380951881408691
YNL278W,YCR005C,0,-2.03686,0.002577319508418441,0.004761904943734407,0.1842857152223587
YHL008C,YEL036C,0,-2.0385392,0.0025706940796226263,0.004761904943734407,0.1847619116306305
YER056C-A,YLR329W,0,-2.0391018,0.0025641026441007853,0.004761904943734407,0.1852380931377411
YPR174C,YLR043C,0,-2.0438797,0.0025575447361916304,0.004761904943734407,0.18571428954601288
YCR063W,YPL141C,0,-2.0467932,0.0025510203558951616,0.004761904943734407,0.18619047105312347
YJL083W,YDR196C,0,-2.0494485,0.0025445292703807354,0.004761904943734407,0.18666666746139526
YNL163C,YFL010W-A,0,-2.0517185,0.0025380710139870644,0.004761904943734407,0.18714286386966705
YNL182C,YER153C,0,-2.0521677,0.0025316455867141485,0.004761904943734407,0.18761904537677765
YDR482C,YDL121C,0,-2.0553381,0.0025252525229007006,0.004761904943734407,0.18809524178504944
YMR101C,YBR010W,0,-2.0578291,0.002518891589716077,0.004761904943734407,0.18857142329216003
YCR098C,YJL060W,0,-2.058213,0.0025125627871602774,0.004761904943734407,0.18904761970043182
YGL046W,YOR181W,0,-2.06,0.002506265649572015,0.004761904943734407,0.1895238161087036
YJR001W,YCR029C-A,0,-2.0606337,0.0024999999441206455,0.004761904943734407,0.1899999976158142
YOR047C,YLR050C,0,-2.0616672,0.0024937656708061695,0.004761904943734407,0.190476194024086
YJR054W,YGR217W,0,-2.0622394,0.002487562131136656,0.004761904943734407,0.1909523755311966
YOR227W,YML081W,0,-2.0648768,0.002481389557942748,0.004761904943734407,0.19142857193946838
YNL032W,YGL096W,0,-2.0680943,0.002475247485563159,0.004761904943734407,0.19190476834774017
YLR278C,YDL091C,0,-2.0731752,0.0024691359139978886,0.004761904943734407,0.19238094985485077
YDL129W,YHR154W,0,-2.0734434,0.002463054144755006,0.004761904943734407,0.19285714626312256
YGR008C,YGL031C,0,-2.075369,0.0024570024106651545,0.004761904943734407,0.19333332777023315
YLR353W,YER184C,0,-2.0762458,0.0024509804788976908,0.004761904943734407,0.19380952417850494
YGR112W,YML039W,0,-2.0779111,0.0024449878837913275,0.004761904943734407,0.19428572058677673
YJL225C,YMR243C,0,-2.0794652,0.002439024392515421,0.004761904943734407,0.19476190209388733
YBR023C,YJL225C,0,-2.082904,0.002433090005069971,0.004761904943734407,0.19523809850215912
YML037C,YNL217W,0,-2.0830276,0.0024271844886243343,0.004761904943734407,0.19571428000926971
YGL136C,YPL150W,0,-2.0839052,0.002421307610347867,0.004761904943734407,0.1961904764175415
YLR426W,YLR127C,0,-2.0880601,0.002415458904579282,0.004761904943734407,0.1966666728258133
YCR002C,YBR238C,0,-2.089267,0.0024096386041492224,0.004761904943734407,0.1971428543329239
YBR033W,YKL158W,0,-2.0895088,0.0024038462433964014,0.004761904943734407,0.19761905074119568
YOR306C,YDR257C,0,-2.0895488,0.0023980815894901752,0.004761904943734407,0.19809523224830627
YLR167W,YLL035W,0,-2.091645,0.0023923444095999002,0.004761904943734407,0.19857142865657806
YLR446W,YOR319W,0,-2.0929995,0.00238663493655622,0.004761904943734407,0.19904762506484985
YJR150C,YGR281W,0,-2.093564,0.0023809524718672037,0.004761904943734407,0.19952380657196045
YLR413W,YNL288W,0,-2.0967226,0.0023752970155328512,0.004761904943734407,0.20000000298023224
YCR087C-A,YLR329W,0,-2.0979674,0.002369668334722519,0.004761904943734407,0.20047618448734283
YPL189W,YAL013W,0,-2.0984082,0.002364066196605563,0.004761904943734407,0.20095238089561462
YHR169W,YKL109W,0,-2.1023943,0.002358490601181984,0.004761904943734407,0.2014285773038864
YPR113W,YER130C,0,-2.102757,0.002352941082790494,0.004761904943734407,0.201904758810997
YOR337W,YNR017W,0,-2.1029375,0.002347417874261737,0.004761904943734407,0.2023809552192688
YDL040C,YNR018W,0,-2.103793,0.0023419202771037817,0.004761904943734407,0.2028571367263794
YNL151C,YOL151W,0,-2.1055984,0.002336448524147272,0.004761904943734407,0.20333333313465118
YJR029W,YKL013C,0,-2.1073422,0.0023310023825615644,0.004761904943734407,0.20380952954292297
YHR202W,YAL062W,0,-2.1092343,0.0023255813866853714,0.004761904943734407,0.20428571105003357
YLR001C,YGL144C,0,-2.110408,0.002320185536518693,0.004761904943734407,0.20476190745830536
YCL074W,YOL102C,0,-2.1142495,0.002314814832061529,0.004761904943734407,0.20523808896541595
YGL183C,YMR074C,0,-2.1148787,0.0023094688076525927,0.004761904943734407,0.20571428537368774
YDR101C,YPR030W,0,-2.11539,0.0023041474632918835,0.004761904943734407,0.20619048178195953
YDL077C,YML037C,0,-2.1175888,0.002298850566148758,0.004761904943734407,0.20666666328907013
YOR036W,YDL227C,0,-2.1203558,0.0022935778833925724,0.004761904943734407,0.20714285969734192
YDR109C,YPR160W,0,-2.1219907,0.002288329415023327,0.004761904943734407,0.20761904120445251
YIL036W,YHR080C,0,-2.1238258,0.0022831049282103777,0.004761904943734407,0.2080952376127243
YAR009C,YBR159W,0,-2.1267958,0.002277904422953725,0.004761904943734407,0.2085714340209961
YOL107W,YBR030W,0,-2.1274188,0.0022727272007614374,0.004761904943734407,0.2090476155281067
YIL052C,YLR329W,0,-2.1288443,0.0022675737272948027,0.004761904943734407,0.20952381193637848
YOR306C,YOR159C,0,-2.1293874,0.0022624435368925333,0.004761904943734407,0.20999999344348907
YLR001C,YML113W,0,-2.1298282,0.0022573363967239857,0.004761904943734407,0.21047618985176086
YDR273W,YBR109C,0,-2.13212,0.0022522523067891598,0.004761904943734407,0.21095238626003265
YJR054W,YDR131C,0,-2.134283,0.002247191034257412,0.004761904943734407,0.21142856776714325
YHR005C,YOL057W,0,-2.1355789,0.0022421525791287422,0.004761904943734407,0.21190476417541504
YJL006C,YJL046W,0,-2.136607,0.0022371364757418633,0.004761904943734407,0.21238094568252563
YFL066C,YBR271W,0,-2.1377318,0.0022321429569274187,0.004761904943734407,0.21285714209079742
YGR076C,YPR184W,0,-2.1384485,0.0022271715570241213,0.004761904943734407,0.2133333384990692
YLR143W,YHR025W,0,-2.1396706,0.002222222276031971,0.004761904943734407,0.2138095200061798
YLR414C,YDR150W,0,-2.1397913,0.002217294881120324,0.004761904943734407,0.2142857164144516
YER074W,YDR009W,0,-2.1441493,0.0022123893722891808,0.004761904943734407,0.2147618979215622
YER087W,YCR107W,0,-2.1444323,0.002207505516707897,0.004761904943734407,0.21523809432983398
YJL213W,YDR190C,0,-2.1445773,0.0022026430815458298,0.004761904943734407,0.21571429073810577
YHR012W,YBR012W-A,0,-2.1481164,0.002197802299633622,0.004761904943734407,0.21619047224521637
YNR010W,YJL213W,0,-2.1502953,0.0021929824724793434,0.004761904943734407,0.21666666865348816
YDR306C,YLL051C,0,-2.1508014,0.002188183832913637,0.004761904943734407,0.21714285016059875
YAL016W,YMR262W,0,-2.1524704,0.0021834061481058598,0.004761904943734407,0.21761904656887054
YHL036W,YDR093W,0,-2.1529894,0.0021786491852253675,0.004761904943734407,0.21809524297714233
YOR131C,YPL126W,0,-2.1530633,0.0021739129442721605,0.004761904943734407,0.21857142448425293
YPR072W,YPR003C,0,-2.1553636,0.0021691974252462387,0.004761904943734407,0.21904762089252472
YPR063C,YJR004C,0,-2.1579015,0.0021645021624863148,0.004761904943734407,0.21952380239963531
YIL083C,YOL023W,0,-2.1581726,0.0021598271559923887,0.004761904943734407,0.2199999988079071
YNR004W,YLL019C,0,-2.1583145,0.0021551724057644606,0.004761904943734407,0.2204761952161789
YJL200C,YDR262W,0,-2.1589844,0.0021505376789718866,0.004761904943734407,0.2209523767232895
YBL010C,YHR047C,0,-2.1597404,0.0021459227427840233,0.004761904943734407,0.22142857313156128
YGL147C,YFR006W,0,-2.1623065,0.0021413275972008705,0.004761904943734407,0.22190475463867188
YDL206W,YMR127C,0,-2.163768,0.0021367522422224283,0.004761904943734407,0.22238095104694366
YBR214W,YLR033W,0,-2.1638396,0.0021321962121874094,0.004761904943734407,0.22285714745521545
YNL261W,YMR262W,0,-2.1668482,0.0021276595070958138,0.004761904943734407,0.22333332896232605
YPR071W,YOR272W,0,-2.1669362,0.002123142359778285,0.004761904943734407,0.22380952537059784
YDR268W,YJL046W,0,-2.1691287,0.0021186440717428923,0.004761904943734407,0.22428570687770844
YFL029C,YNR040W,0,-2.1710012,0.002114164875820279,0.004761904943734407,0.22476190328598022
YOR060C,YMR321C,0,-2.1710563,0.002109704539179802,0.004761904943734407,0.22523809969425201
YPL189C-A,YPL179W,0,-2.1727474,0.0021052630618214607,0.004761904943734407,0.2257142812013626
YKL194C,YAL003W,0,-2.1804163,0.0021008404437452555,0.004761904943734407,0.2261904776096344
YDL204W,YNR052C,0,-2.182867,0.0020964359864592552,0.004761904943734407,0.2266666740179062
YBR212W,YBR111W-A,0,-2.1833818,0.0020920501556247473,0.004761904943734407,0.22714285552501678
YIL155C,YPL113C,0,-2.1848664,0.002087682718411088,0.004761904943734407,0.22761905193328857
YPL090C,YFR053C,0,-2.1855004,0.0020833334419876337,0.004761904943734407,0.22809523344039917
YLR446W,YML125C,0,-2.1863887,0.0020790020935237408,0.004761904943734407,0.22857142984867096
YOL104C,YIL118W,0,-2.1872475,0.002074688905850053,0.004761904943734407,0.22904762625694275
YDR383C,YCL003W,0,-2.1891806,0.0020703934133052826,0.004761904943734407,0.22952380776405334
YEL070W,YIL064W,0,-2.1923559,0.00206611561588943,0.004761904943734407,0.23000000417232513
YGR037C,YPR192W,0,-2.1945288,0.002061855746433139,0.004761904943734407,0.23047618567943573
YPL099C,YER184C,0,-2.1963718,0.002057613106444478,0.004761904943734407,0.23095238208770752
YHL026C,YBR291C,0,-2.1976407,0.002053388161584735,0.004761904943734407,0.2314285784959793
YKL134C,YLR150W,0,-2.202924,0.0020491802133619785,0.004761904943734407,0.2319047600030899
YOR252W,YBR043C,0,-2.2033455,0.002044989727437496,0.004761904943734407,0.2323809564113617
YJL162C,YGR017W,0,-2.204325,0.0020408162381500006,0.004761904943734407,0.2328571379184723
YJR108W,YMR046C,0,-2.2045114,0.0020366599783301353,0.004761904943734407,0.23333333432674408
YNL122C,YML129C,0,-2.2080224,0.0020325202494859695,0.004761904943734407,0.23380953073501587
YLR315W,YLR276C,0,-2.2123039,0.0020283975172787905,0.004761904943734407,0.23428571224212646
YLR143W,YJL078C,0,-2.2123444,0.0020242915488779545,0.004761904943734407,0.23476190865039825
YMR086W,YOR123C,0,-2.2133248,0.002020202111452818,0.004761904943734407,0.23523809015750885
YDL206W,YGR002C,0,-2.213796,0.002016128972172737,0.004761904943734407,0.23571428656578064
YKL056C,YOR025W,0,-2.2152686,0.0020120723638683558,0.004761904943734407,0.23619048297405243
YFR029W,YLR345W,0,-2.2182157,0.00200803205370903,0.004761904943734407,0.23666666448116302
YGL194C,YGL171W,0,-2.2183008,0.0020040080416947603,0.004761904943734407,0.23714286088943481
YDR012W,YMR195W,0,-2.2184818,0.0020000000949949026,0.004761904943734407,0.2376190423965454
YLR197W,YGR246C,0,-2.2185724,0.0019960079807788134,0.004761904943734407,0.2380952388048172
YJL033W,YHL019C,0,-2.2194884,0.0019920319318771362,0.004761904943734407,0.238571435213089
YHR052W,YMR297W,0,-2.2197883,0.001988071482628584,0.004761904943734407,0.23904761672019958
YOR246C,YFL054C,0,-2.2204225,0.0019841270986944437,0.004761904943734407,0.23952381312847137
YBR142W,YLR154C,0,-2.2214193,0.0019801980815827847,0.004761904943734407,0.23999999463558197
YML031W,YKR069W,0,-2.2238793,0.0019762846641242504,0.004761904943734407,0.24047619104385376
YNL138W-A,YJL164C,0,-2.225301,0.0019723866134881973,0.004761904943734407,0.24095238745212555
YNL119W,YMR051C,0,-2.2270663,0.0019685039296746254,0.004761904943734407,0.24142856895923615
YGR283C,YIL021W,0,-2.2291777,0.0019646366126835346,0.004761904943734407,0.24190476536750793
YOR349W,YHL024W,0,-2.2298074,0.0019607844296842813,0.004761904943734407,0.24238094687461853
YPR010C,YMR094W,0,-2.2310722,0.001956947147846222,0.004761904943734407,0.24285714328289032
YMR192W,YGR175C,0,-2.23159,0.001953125,0.004761904943734407,0.2433333396911621
YOL157C,YOR180C,0,-2.2339413,0.001949317753314972,0.004761904943734407,0.2438095211982727
YOL158C,YKL100C,0,-2.2353714,0.0019455252913758159,0.004761904943734407,0.2442857176065445
YPR073C,YER179W,0,-2.2368455,0.0019417476141825318,0.004761904943734407,0.2447618991136551
YDL081C,YIL153W,0,-2.238843,0.0019379844889044762,0.004761904943734407,0.24523809552192688
YFR053C,YPL050C,0,-2.24028,0.0019342360319569707,0.004761904943734407,0.24571429193019867
YLR073C,YCR009C,0,-2.2409816,0.00193050189409405,0.004761904943734407,0.24619047343730927
YAL030W,YLR042C,0,-2.2415206,0.0019267823081463575,0.004761904943734407,0.24666666984558105
YOR338W,YOR155C,0,-2.2458434,0.001923076924867928,0.004761904943734407,0.24714285135269165
YBR034C,YPL157W,0,-2.2507005,0.0019193857442587614,0.004761904943734407,0.24761904776096344
YBL030C,YLR042C,0,-2.252591,0.0019157087663188577,0.004761904943734407,0.24809524416923523
YLR263W,YPR003C,0,-2.2557561,0.001912045874632895,0.004761904943734407,0.24857142567634583
YDL119C,YJR041C,0,-2.255771,0.0019083969527855515,0.004761904943734407,0.24904762208461761
YLL017W,YLL022C,0,-2.2598665,0.0019047618843615055,0.004761904943734407,0.2495238035917282
YOR009W,YHR164C,0,-2.2619305,0.0019011406693607569,0.004761904943734407,0.25
YKL129C,YIL170W,0,-2.2641366,0.0018975331913679838,0.004761904943734407,0.2504761815071106
YFR001W,YIR017C,0,-2.2659893,0.0018939394503831863,0.004761904943734407,0.2509523928165436
YMR215W,YLR056W,0,-2.2706077,0.0018903592135757208,0.004761904943734407,0.2514285743236542
YOL009C,YML063W,0,-2.2720962,0.0018867924809455872,0.004761904943734407,0.25190475583076477
YGR296W,YNL162W,0,-2.272114,0.0018832391360774636,0.004761904943734407,0.25238096714019775
YGR175C,YHR113W,0,-2.2741873,0.001879699295386672,0.004761904943734407,0.25285714864730835
YER020W,YOL154W,0,-2.2755783,0.0018761726096272469,0.004761904943734407,0.25333333015441895
YGL243W,YMR034C,0,-2.277487,0.00187265919521451,0.004761904943734407,0.25380951166152954
YNR004W,YOR048C,0,-2.27831,0.0018691589357331395,0.004761904943734407,0.2542857229709625
YPL225W,YGR134W,0,-2.278726,0.0018656715983524919,0.004761904943734407,0.2547619044780731
YBL008W,YFR016C,0,-2.2788258,0.0018621974159032106,0.004761904943734407,0.2552380859851837
YKL026C,YPL076W,0,-2.2788994,0.0018587360391393304,0.004761904943734407,0.2557142972946167
YPR192W,YPL226W,0,-2.279192,0.001855287584476173,0.004761904943734407,0.2561904788017273
YPR063C,YOR261C,0,-2.280511,0.0018518518190830946,0.004761904943734407,0.2566666603088379
YGL021W,YIL046W,0,-2.2829683,0.0018484288593754172,0.004761904943734407,0.2571428716182709
YNL206C,YML073C,0,-2.2837698,0.0018450184725224972,0.004761904943734407,0.25761905312538147
YLR425W,YJL206C,0,-2.284465,0.0018416206585243344,0.004761904943734407,0.25809523463249207
YCL036W,YKL060C,0,-2.2846634,0.0018382353009656072,0.004761904943734407,0.25857141613960266
YLL066C,YOR034C,0,-2.284755,0.0018348623998463154,0.004761904943734407,0.25904762744903564
YMR262W,YMR046C,0,-2.2854965,0.0018315018387511373,0.004761904943734407,0.25952380895614624
YBR034C,YPL196W,0,-2.2857006,0.0018281536176800728,0.004761904943734407,0.25999999046325684
YMR292W,YKL100C,0,-2.2872565,0.0018248175038024783,0.004761904943734407,0.2604762017726898
YJR029W,YOL105C,0,-2.2875824,0.0018214936135336757,0.004761904943734407,0.2609523832798004
YDR131C,YAL048C,0,-2.3008738,0.001818181830458343,0.004761904943734407,0.261428564786911
YBR096W,YLR033W,0,-2.301478,0.0018148820381611586,0.004761904943734407,0.261904776096344
YHR005C-A,YGL028C,0,-2.3016047,0.0018115942366421223,0.004761904943734407,0.2623809576034546
YGR026W,YAL063C,0,-2.304983,0.0018083183094859123,0.004761904943734407,0.2628571391105652
YPR097W,YLR151C,0,-2.30513,0.001805054140277207,0.004761904943734407,0.2633333206176758
YML016C,YGL180W,0,-2.3094618,0.0018018018454313278,0.004761904943734407,0.26380953192710876
YJR147W,YPR017C,0,-2.309785,0.0017985611921176314,0.004761904943734407,0.26428571343421936
YKL024C,YKR034W,0,-2.3136802,0.0017953321803361177,0.004761904943734407,0.26476189494132996
YOL098C,YJL089W,0,-2.3152044,0.001792114693671465,0.004761904943734407,0.26523810625076294
YLR194C,YML120C,0,-2.3191059,0.001788908732123673,0.004761904943734407,0.26571428775787354
YHL003C,YPL033C,0,-2.319628,0.0017857142956927419,0.004761904943734407,0.26619046926498413
YGR266W,YFL061W,0,-2.3206203,0.001782531151548028,0.004761904943734407,0.2666666805744171
YML016C,YJR145C,0,-2.3217251,0.0017793594161048532,0.004761904943734407,0.2671428620815277
YOR340C,YDL109C,0,-2.3278782,0.0017761989729478955,0.004761904943734407,0.2676190435886383
YGR024C,YLR073C,0,-2.3289595,0.0017730495892465115,0.004761904943734407,0.2680952250957489
YJR049C,YOR349W,0,-2.3309782,0.0017699114978313446,0.004761904943734407,0.2685714364051819
YPL198W,YMR173W,0,-2.3324978,0.0017667844658717513,0.004761904943734407,0.2690476179122925
YPL210C,YPR063C,0,-2.334695,0.0017636683769524097,0.004761904943734407,0.2695237994194031
YKL180W,YIR018W,0,-2.3382945,0.0017605633474886417,0.004761904943734407,0.27000001072883606
YKL138C-A,YGR285C,0,-2.340894,0.0017574692610651255,0.004761904943734407,0.27047619223594666
YLL003W,YPR102C,0,-2.3446286,0.001754386001266539,0.004761904943734407,0.27095237374305725
YPL220W,YKL203C,0,-2.346854,0.0017513134516775608,0.004761904943734407,0.27142858505249023
YGR188C,YKR058W,0,-2.3474724,0.0017482517287135124,0.004761904943734407,0.27190476655960083
YOL101C,YHR148W,0,-2.349409,0.0017452007159590721,0.004761904943734407,0.2723809480667114
YGR169C,YKL172W,0,-2.3518915,0.001742160296998918,0.004761904943734407,0.272857129573822
YGL185C,YDR212W,0,-2.352421,0.0017391304718330503,0.004761904943734407,0.273333340883255
YLR251W,YBR193C,0,-2.3554006,0.0017361111240461469,0.004761904943734407,0.2738095223903656
YGR205W,YDR159W,0,-2.3561077,0.001733102253638208,0.004761904943734407,0.2742857038974762
YBR164C,YER137C,0,-2.3598022,0.0017301038606092334,0.004761904943734407,0.2747619152069092
YOR335C,YCR105W,0,-2.3619268,0.0017271157121285796,0.004761904943734407,0.2752380967140198
YJL221C,YPL137C,0,-2.3632603,0.0017241379246115685,0.004761904943734407,0.27571427822113037
YDL114W,YOR059C,0,-2.3640928,0.001721170381642878,0.004761904943734407,0.27619048953056335
YGR282C,YMR221C,0,-2.3648527,0.0017182130832225084,0.004761904943734407,0.27666667103767395
YOL098C,YNL156C,0,-2.3678076,0.0017152659129351377,0.004761904943734407,0.27714285254478455
YOL141W,YNL142W,0,-2.3679001,0.0017123287543654442,0.004761904943734407,0.27761903405189514
YDR082W,YDR517W,0,-2.3683174,0.0017094017239287496,0.004761904943734407,0.2780952453613281
YPR168W,YNR074C,0,-2.3707795,0.0017064845887944102,0.004761904943734407,0.2785714268684387
YDR083W,YGR286C,0,-2.375058,0.001703577465377748,0.004761904943734407,0.2790476083755493
YLR061W,YGR047C,0,-2.3779845,0.001700680237263441,0.004761904943734407,0.2795238196849823
YNL001W,YLL057C,0,-2.3782818,0.0016977929044514894,0.004761904943734407,0.2800000011920929
YLR247C,YHR211W,0,-2.3794298,0.0016949152341112494,0.004761904943734407,0.2804761826992035
YJR107W,YIL087C,0,-2.3882444,0.001692047342658043,0.004761904943734407,0.2809523940086365
YBR066C,YOR147W,0,-2.3911564,0.0016891892300918698,0.004761904943734407,0.28142857551574707
YLR448W,YPL111W,0,-2.3915763,0.0016863406635820866,0.004761904943734407,0.28190475702285767
YLR221C,YCR098C,0,-2.3919344,0.001683501643128693,0.004761904943734407,0.28238093852996826
YPR063C,YLR045C,0,-2.3924346,0.0016806722851470113,0.004761904943734407,0.28285714983940125
YDR239C,YBR022W,0,-2.3928998,0.0016778523568063974,0.004761904943734407,0.28333333134651184
YOR032C,YLR348C,0,-2.393202,0.0016750418581068516,0.004761904943734407,0.28380951285362244
YIL170W,YER149C,0,-2.3932412,0.0016722407890483737,0.004761904943734407,0.2842857241630554
YLR015W,YPL276W,0,-2.3958108,0.001669449033215642,0.004761904943734407,0.284761905670166
YPR186C,YLR175W,0,-2.396876,0.0016666667070239782,0.004761904943734407,0.2852380871772766
YLR330W,YHL044W,0,-2.401881,0.001663893461227417,0.004761904943734407,0.2857142984867096
YMR301C,YIR039C,0,-2.404571,0.001661129528656602,0.004761904943734407,0.2861904799938202
YER190W,YMR274C,0,-2.4066112,0.0016583747928962111,0.004761904943734407,0.2866666615009308
YDR036C,YFR006W,0,-2.4092188,0.0016556291375309229,0.004761904943734407,0.2871428430080414
YIL075C,YNL115C,0,-2.409425,0.0016528925625607371,0.004761904943734407,0.28761905431747437
YOR292C,YOR090C,0,-2.4121954,0.0016501650679856539,0.004761904943734407,0.28809523582458496
YGR054W,YOR322C,0,-2.413748,0.0016474464209750295,0.004761904943734407,0.28857141733169556
YDL229W,YHR175W,0,-2.4139385,0.0016447368543595076,0.004761904943734407,0.28904762864112854
YGR123C,YML081W,0,-2.4157054,0.0016420361353084445,0.004761904943734407,0.28952381014823914
YMR074C,YBL093C,0,-2.4184773,0.0016393442638218403,0.004761904943734407,0.28999999165534973
YNL176C,YMR184W,0,-2.420065,0.001636661239899695,0.004761904943734407,0.2904762029647827
YBR274W,YDL055C,0,-2.420779,0.0016339869471266866,0.004761904943734407,0.2909523844718933
YJL089W,YIL083C,0,-2.430318,0.0016313213855028152,0.004761904943734407,0.2914285659790039
YLR189C,YEL038W,0,-2.4303482,0.0016286644386127591,0.004761904943734407,0.2919047474861145
YCL048W,YNR020C,0,-2.4310536,0.00162601622287184,0.004761904943734407,0.2923809587955475
YMR130W,YOL105C,0,-2.4327714,0.001623376621864736,0.004761904943734407,0.2928571403026581
YPL159C,YJL136C,0,-2.4329507,0.0016207455191761255,0.004761904943734407,0.2933333218097687
YJR107W,YMR153W,0,-2.433539,0.0016181230312213302,0.004761904943734407,0.29380953311920166
YKL029C,YBR208C,0,-2.4407961,0.0016155089251697063,0.004761904943734407,0.29428571462631226
YLR008C,YPL269W,0,-2.4412055,0.001612903201021254,0.004761904943734407,0.29476189613342285
YGR266W,YLR284C,0,-2.4416,0.0016103059751912951,0.004761904943734407,0.29523810744285583
YPR048W,YPL276W,0,-2.4450638,0.001607717014849186,0.004761904943734407,0.29571428894996643
YDR353W,YNR038W,0,-2.4474683,0.0016051364364102483,0.004761904943734407,0.296190470457077
YER044C-A,YLR055C,0,-2.4538438,0.0016025641234591603,0.004761904943734407,0.2966666519641876
YIL115C,YHR170W,1,-2.4554036,0.0031999999191612005,0.009523809887468815,0.2966666519641876
YLR086W,YCR040W,0,-2.4578717,0.00319488812237978,0.009523809887468815,0.2971428632736206
YIL096C,YGL171W,0,-2.4581614,0.003189792623743415,0.009523809887468815,0.2976190447807312
YDR165W,YJR048W,0,-2.4586399,0.0031847134232521057,0.009523809887468815,0.2980952262878418
YOL092W,YDR359C,0,-2.4621856,0.0031796502880752087,0.009523809887468815,0.2985714375972748
YGL189C,YAL048C,0,-2.463763,0.0031746032182127237,0.009523809887468815,0.2990476191043854
YDL129W,YPL198W,0,-2.4654012,0.003169572213664651,0.009523809887468815,0.29952380061149597
YPR178W,YLR186W,0,-2.4657757,0.0031645570416003466,0.009523809887468815,0.30000001192092896
YGR218W,YDR361C,1,-2.469027,0.004739336669445038,0.014285714365541935,0.30000001192092896
YAL023C,YFR036W,0,-2.47145,0.004731861408799887,0.014285714365541935,0.30047619342803955
YJL213W,YML112W,0,-2.4721272,0.004724409431219101,0.014285714365541935,0.30095237493515015
YOR209C,YPL276W,0,-2.474459,0.004716981202363968,0.014285714365541935,0.30142858624458313
YDL204W,YPL195W,0,-2.4775665,0.0047095762565732,0.014285714365541935,0.3019047677516937
YIL080W,YPR098C,0,-2.4784214,0.004702194128185511,0.014285714365541935,0.3023809492588043
YLR176C,YDL021W,0,-2.47951,0.004694835748523474,0.014285714365541935,0.3028571307659149
YIL111W,YGL111W,0,-2.4800732,0.004687500186264515,0.014285714365541935,0.3033333420753479
YBR260C,YOR215C,0,-2.4808266,0.004680186975747347,0.014285714365541935,0.3038095235824585
YGL037C,YPR128C,0,-2.481336,0.004672897048294544,0.014285714365541935,0.3042857050895691
YFR053C,YGL058W,0,-2.4852407,0.00466562993824482,0.014285714365541935,0.3047619163990021
YER180C,YPR127W,0,-2.4917896,0.004658385179936886,0.014285714365541935,0.30523809790611267
YBR005W,YNL182C,0,-2.4918888,0.004651162773370743,0.014285714365541935,0.30571427941322327
YLR118C,YNR040W,0,-2.4929388,0.0046439627185463905,0.014285714365541935,0.30619049072265625
YER072W,YIL096C,0,-2.4933774,0.004636785015463829,0.014285714365541935,0.30666667222976685
YMR038C,YCR098C,0,-2.4936688,0.004629629664123058,0.014285714365541935,0.30714285373687744
YHR025W,YPL121C,0,-2.4940474,0.004622496198862791,0.014285714365541935,0.30761903524398804
YPL115C,YER074W,0,-2.497896,0.004615384619683027,0.014285714365541935,0.308095246553421
YJL003W,YER056C-A,0,-2.4993446,0.004608294926583767,0.014285714365541935,0.3085714280605316
YLR288C,YCL005W-A,0,-2.5020502,0.00460122711956501,0.014285714365541935,0.3090476095676422
YGL158W,YKL024C,0,-2.5031006,0.004594180732965469,0.014285714365541935,0.3095238208770752
YIL115C,YNR053C,1,-2.5071633,0.006116208154708147,0.01904761977493763,0.3095238208770752
YML011C,YBL074C,0,-2.508413,0.006106870248913765,0.01904761977493763,0.3100000023841858
YPR190C,YCR020C,0,-2.5117896,0.006097560748457909,0.01904761977493763,0.3104761838912964
YDR524C,YHL024W,0,-2.513479,0.006088280119001865,0.01904761977493763,0.31095239520072937
YGR070W,YKL099C,0,-2.5167863,0.006079027429223061,0.01904761977493763,0.31142857670783997
YBR034C,YJL048C,0,-2.516895,0.006069802679121494,0.01904761977493763,0.31190475821495056
YLL040C,YGL155W,0,-2.5180824,0.0060606058686971664,0.01904761977493763,0.31238093972206116
YHR077C,YOR369C,0,-2.5196602,0.006051436997950077,0.01904761977493763,0.31285715103149414
YOR227W,YPR028W,0,-2.5223432,0.006042296066880226,0.01904761977493763,0.31333333253860474
YLR284C,YGL167C,0,-2.5227387,0.006033182609826326,0.01904761977493763,0.31380951404571533
YBR109C,YGL104C,0,-2.5240884,0.0060240961611270905,0.01904761977493763,0.3142857253551483
YOR275C,YML081W,0,-2.5254867,0.006015037652105093,0.01904761977493763,0.3147619068622589
YIL155C,YGR083C,0,-2.5276713,0.006006006151437759,0.01904761977493763,0.3152380883693695
YGL195W,YHL036W,0,-2.529649,0.00599700165912509,0.01904761977493763,0.3157142996788025
YPR001W,YDR500C,0,-2.5305822,0.005988024175167084,0.01904761977493763,0.3161904811859131
YDR118W,YDL119C,0,-2.5319662,0.005979073233902454,0.01904761977493763,0.3166666626930237
YOR298W,YHL047C,0,-2.5329998,0.005970149300992489,0.01904761977493763,0.3171428442001343
YMR125W,YDR025W,0,-2.5340965,0.0059612519107759,0.01904761977493763,0.31761905550956726
YJR158W,YCR018C,0,-2.536917,0.0059523810632526875,0.01904761977493763,0.31809523701667786
YAL008W,YBR009C,0,-2.5380998,0.005943536292761564,0.01904761977493763,0.31857141852378845
YKL132C,YDL113C,0,-2.5382712,0.005934718064963818,0.01904761977493763,0.31904762983322144
YCR020C,YHL025W,0,-2.5387247,0.00592592591419816,0.01904761977493763,0.31952381134033203
YHR009C,YER060W,0,-2.5388615,0.005917159840464592,0.01904761977493763,0.3199999928474426
YMR009W,YKL021C,0,-2.5398273,0.005908419378101826,0.01904761977493763,0.3204762041568756
YDR367W,YOR066W,0,-2.548722,0.005899704992771149,0.01904761977493763,0.3209523856639862
YPR057W,YLL062C,0,-2.5492857,0.005891016218811274,0.01904761977493763,0.3214285671710968
YMR114C,YPL065W,0,-2.5498168,0.0058823530562222,0.01904761977493763,0.3219047486782074
YDR399W,YIR018W,0,-2.5536904,0.005873715039342642,0.01904761977493763,0.3223809599876404
YNL135C,YNL331C,0,-2.553889,0.005865102633833885,0.01904761977493763,0.322857141494751
YLR466W,YDR389W,0,-2.5547788,0.005856515374034643,0.01904761977493763,0.3233333230018616
YBR092C,YKL172W,0,-2.5568068,0.005847953259944916,0.01904761977493763,0.32380953431129456
YDR273W,YIL095W,0,-2.5577106,0.005839415825903416,0.01904761977493763,0.32428571581840515
YGR235C,YMR273C,0,-2.5614786,0.0058309040032327175,0.01904761977493763,0.32476189732551575
YDR033W,YIL140W,0,-2.5659745,0.005822416394948959,0.01904761977493763,0.32523810863494873
YAR007C,YJL046W,0,-2.5660884,0.0058139534667134285,0.01904761977493763,0.3257142901420593
YPL149W,YNL024C,0,-2.566203,0.005805515218526125,0.01904761977493763,0.3261904716491699
YDL110C,YGR113W,0,-2.5687466,0.005797101650387049,0.01904761977493763,0.3266666531562805
YER140W,YNL012W,0,-2.5721972,0.005788711830973625,0.01904761977493763,0.3271428644657135
YKL166C,YOL064C,0,-2.5738184,0.005780346691608429,0.01904761977493763,0.3276190459728241
YOR348C,YGR255C,0,-2.5740666,0.005772005766630173,0.01904761977493763,0.3280952274799347
YJR036C,YOL052C-A,0,-2.5763547,0.005763688590377569,0.01904761977493763,0.3285714387893677
YMR282C,YOL084W,0,-2.576762,0.005755395628511906,0.01904761977493763,0.32904762029647827
YER020W,YHR099W,0,-2.5778937,0.005747126415371895,0.01904761977493763,0.32952380180358887
YNL065W,YLR353W,0,-2.581356,0.005738880950957537,0.01904761977493763,0.33000001311302185
YHR110W,YDR056C,0,-2.59422,0.005730659235268831,0.01904761977493763,0.33047619462013245
YPL204W,YML128C,0,-2.597154,0.005722460802644491,0.01904761977493763,0.33095237612724304
YDR204W,YKL080W,0,-2.597891,0.0057142856530845165,0.01904761977493763,0.33142855763435364
YLR426W,YMR112C,0,-2.6008527,0.0057061342522501945,0.01904761977493763,0.3319047689437866
YBR160W,YMR128W,0,-2.6010826,0.005698005668818951,0.01904761977493763,0.3323809504508972
YCL048W,YKL117W,0,-2.6067069,0.005689900368452072,0.01904761977493763,0.3328571319580078
YNL243W,YMR143W,0,-2.609637,0.005681818351149559,0.01904761977493763,0.3333333432674408
YPL026C,YDL003W,0,-2.6107001,0.005673758685588837,0.01904761977493763,0.3338095247745514
YLL029W,YLR244C,0,-2.6119347,0.00566572230309248,0.01904761977493763,0.334285706281662
YLR300W,YDR478W,0,-2.6155157,0.005657708737999201,0.01904761977493763,0.33476191759109497
YNL202W,YPR049C,0,-2.61587,0.005649717524647713,0.01904761977493763,0.33523809909820557
YLR446W,YCL032W,0,-2.6162212,0.005641749128699303,0.01904761977493763,0.33571428060531616
YMR238W,YHR085W,0,-2.616649,0.005633802618831396,0.01904761977493763,0.33619046211242676
YMR099C,YOL123W,0,-2.617289,0.005625878926366568,0.01904761977493763,0.33666667342185974
YOR230W,YLR289W,0,-2.620111,0.00561797758564353,0.01904761977493763,0.33714285492897034
YGL151W,YOR084W,0,-2.6203349,0.005610098131000996,0.01904761977493763,0.33761903643608093
YOR237W,YOL062C,0,-2.6211734,0.005602241028100252,0.01904761977493763,0.3380952477455139
YPL240C,YLL013C,0,-2.6231859,0.005594405811280012,0.01904761977493763,0.3385714292526245
YNL158W,YDR224C,0,-2.6259544,0.005586592014878988,0.01904761977493763,0.3390476107597351
YER131W,YAL051W,0,-2.626878,0.005578800570219755,0.01904761977493763,0.3395238220691681
YPL175W,YGL078C,0,-2.6271472,0.005571030545979738,0.01904761977493763,0.3400000035762787
YMR182C,YOR224C,0,-2.6307244,0.005563282407820225,0.01904761977493763,0.3404761850833893
YFR032C-A,YOR057W,0,-2.6362183,0.0055555556900799274,0.01904761977493763,0.3409523665904999
YEL032W,YGR060W,0,-2.6366284,0.005547850392758846,0.01904761977493763,0.34142857789993286
YAL044C,YDR528W,0,-2.6373837,0.005540166050195694,0.01904761977493763,0.34190475940704346
YMR175W,YDR469W,0,-2.6394718,0.005532503593713045,0.01904761977493763,0.34238094091415405
YIL094C,YGR060W,0,-2.6431382,0.005524862091988325,0.01904761977493763,0.34285715222358704
YOL165C,YGR286C,0,-2.6488805,0.005517241545021534,0.01904761977493763,0.34333333373069763
YOL030W,YHR185C,0,-2.649608,0.005509641952812672,0.01904761977493763,0.3438095152378082
YPL017C,YDR420W,0,-2.6509874,0.005502063315361738,0.01904761977493763,0.3442857265472412
YDL231C,YGL157W,0,-2.651303,0.005494505632668734,0.01904761977493763,0.3447619080543518
YLR432W,YER060W,0,-2.6517453,0.0054869684390723705,0.01904761977493763,0.3452380895614624
YMR131C,YMR218C,0,-2.6541646,0.005479452200233936,0.01904761977493763,0.345714271068573
YGR218W,YAL059W,1,-2.6552436,0.006839945446699858,0.02380952425301075,0.345714271068573
YLR212C,YNL242W,0,-2.6568723,0.006830601021647453,0.02380952425301075,0.346190482378006
YNL130C,YAL063C,0,-2.6570609,0.006821282207965851,0.02380952425301075,0.3466666638851166
YPL006W,YER149C,0,-2.6575868,0.00681198900565505,0.02380952425301075,0.3471428453922272
YGL061C,YGR205W,0,-2.657635,0.006802720949053764,0.02380952425301075,0.34761905670166016
YBL092W,YKL078W,0,-2.659407,0.006793478038161993,0.02380952425301075,0.34809523820877075
YMR143W,YJL173C,0,-2.6613615,0.006784260738641024,0.02380952425301075,0.34857141971588135
YDR004W,YIL078W,0,-2.6614149,0.006775067653506994,0.02380952425301075,0.34904763102531433
YFR037C,YNL138W-A,0,-2.6623304,0.0067658997140824795,0.02380952425301075,0.3495238125324249
YLR247C,YPL006W,0,-2.6623998,0.006756756920367479,0.02380952425301075,0.3499999940395355
YOR308C,YNL274C,0,-2.6713347,0.006747638341039419,0.02380952425301075,0.3504762053489685
YDR009W,YGL035C,0,-2.6715806,0.006738544441759586,0.02380952425301075,0.3509523868560791
YPL093W,YIL115C,1,-2.6747162,0.008075370453298092,0.02857142873108387,0.3509523868560791
YGR171C,YCR045C,0,-2.6779318,0.008064515888690948,0.02857142873108387,0.3514285683631897
YGR218W,YNR053C,1,-2.678366,0.009395972825586796,0.03333333507180214,0.3514285683631897
YHR167W,YPL028W,0,-2.6797006,0.009383377619087696,0.03333333507180214,0.3519047498703003
YEL048C,YNL095C,0,-2.6804543,0.009370816871523857,0.03333333507180214,0.3523809611797333
YOR270C,YGL089C,0,-2.6840262,0.00935828872025013,0.03333333507180214,0.35285714268684387
YJR029W,YCR011C,0,-2.684757,0.009345794096589088,0.03333333507180214,0.35333332419395447
YGR179C,YOR237W,0,-2.6866472,0.009333333000540733,0.03333333507180214,0.35380953550338745
YLR098C,YIR011C,0,-2.68908,0.009320905432105064,0.03333333507180214,0.35428571701049805
YKL138C-A,YDR457W,0,-2.6917617,0.009308510459959507,0.03333333507180214,0.35476189851760864
YDL204W,YKR026C,0,-2.6951728,0.009296149015426636,0.03333333507180214,0.3552381098270416
YAL023C,YDR217C,0,-2.6987913,0.009283819235861301,0.03333333507180214,0.3557142913341522
YCL055W,YLL018C-A,0,-2.699814,0.009271522983908653,0.03333333507180214,0.3561904728412628
YDR077W,YCR057C,0,-2.7010975,0.009259259328246117,0.03333333507180214,0.3566666543483734
YBL030C,YJR066W,0,-2.7016816,0.009247027337551117,0.03333333507180214,0.3571428656578064
YHL016C,YMR287C,0,-2.7018507,0.009234828874468803,0.03333333507180214,0.357619047164917
YJR158W,YNL054W,0,-2.7120075,0.009222661145031452,0.03333333507180214,0.3580952286720276
YDL100C,YDR090C,0,-2.712481,0.009210526011884212,0.03333333507180214,0.35857143998146057
YBR158W,YKL038W,0,-2.713843,0.009198423475027084,0.03333333507180214,0.35904762148857117
YPL200W,YKL009W,0,-2.7144208,0.009186351671814919,0.03333333507180214,0.35952380299568176
YGL106W,YPL176C,0,-2.7150009,0.00917431153357029,0.03333333507180214,0.36000001430511475
YGL162W,YDR415C,0,-2.7163763,0.009162303991615772,0.03333333507180214,0.36047619581222534
YKR104W,YDL166C,0,-2.7178013,0.009150327183306217,0.03333333507180214,0.36095237731933594
YBR247C,YBL103C,0,-2.7178366,0.009138381108641624,0.03333333507180214,0.36142855882644653
YDR373W,YLR316C,0,-2.7304835,0.009126466698944569,0.03333333507180214,0.3619047701358795
YLR356W,YKL140W,0,-2.7318773,0.009114583022892475,0.03333333507180214,0.3623809516429901
YDR533C,YGL098W,0,-2.7329218,0.009102731011807919,0.03333333507180214,0.3628571331501007
YGR159C,YOL026C,0,-2.7330687,0.00909090880304575,0.03333333507180214,0.3633333444595337
YOR267C,YBL091C-A,0,-2.7354367,0.009079118259251118,0.03333333507180214,0.3638095259666443
YLL067C,YNL107W,0,-2.7359471,0.009067357517778873,0.03333333507180214,0.3642857074737549
YHL044W,YBL052C,0,-2.7366817,0.009055627509951591,0.03333333507180214,0.36476191878318787
YFL045C,YHR156C,0,-2.7401729,0.009043927304446697,0.03333333507180214,0.36523810029029846
YKL032C,YMR143W,0,-2.740338,0.009032257832586765,0.03333333507180214,0.36571428179740906
YDR343C,YJR084W,0,-2.74239,0.009020618163049221,0.03333333507180214,0.36619046330451965
YNL175C,YKR077W,0,-2.7486227,0.009009009227156639,0.03333333507180214,0.36666667461395264
YML092C,YDR534C,0,-2.7492912,0.00899742916226387,0.03333333507180214,0.36714285612106323
YOR048C,YPL082C,0,-2.7535062,0.008985878899693489,0.03333333507180214,0.36761903762817383
YGL229C,YIR023W,0,-2.761061,0.00897435937076807,0.03333333507180214,0.3680952489376068
YML042W,YJL096W,0,-2.7632368,0.00896286778151989,0.03333333507180214,0.3685714304447174
YDR479C,YNL286W,0,-2.7646854,0.008951406925916672,0.03333333507180214,0.369047611951828
YER072W,YIL128W,0,-2.7646992,0.008939974009990692,0.03333333507180214,0.369523823261261
YPL186C,YOR272W,0,-2.7698896,0.008928571827709675,0.03333333507180214,0.3700000047683716
YBR291C,YPL220W,0,-2.7722218,0.008917197585105896,0.03333333507180214,0.3704761862754822
YGL216W,YJL026W,0,-2.7741644,0.00890585221350193,0.03333333507180214,0.3709523677825928
YGL229C,YKL078W,0,-2.7755687,0.008894536644220352,0.03333333507180214,0.37142857909202576
YPL090C,YBR257W,0,-2.7765753,0.008883249014616013,0.03333333507180214,0.37190476059913635
YGL014W,YPL173W,0,-2.7795982,0.008871990256011486,0.03333333507180214,0.37238094210624695
YCR094W,YDL060W,0,-2.7838566,0.008860759437084198,0.03333333507180214,0.37285715341567993
YNL175C,YLR266C,0,-2.7838986,0.008849557489156723,0.03333333507180214,0.3733333349227905
YDR098C,YGL089C,0,-2.7840164,0.008838383480906487,0.03333333507180214,0.3738095164299011
YLR131C,YBR162C,0,-2.7850196,0.008827238343656063,0.03333333507180214,0.3742857277393341
YOR334W,YKR057W,0,-2.7881382,0.008816121146082878,0.03333333507180214,0.3747619092464447
YDR534C,YMR220W,0,-2.7892516,0.008805031888186932,0.03333333507180214,0.3752380907535553
YER174C,YPL176C,0,-2.7941973,0.008793969638645649,0.03333333507180214,0.3757142722606659
YIL148W,YBL022C,0,-2.7966762,0.00878293626010418,0.03333333507180214,0.3761904835700989
YPR190C,YER096W,0,-2.797066,0.008771929889917374,0.03333333507180214,0.3766666650772095
YMR127C,YMR205C,0,-2.797888,0.008760951459407806,0.03333333507180214,0.37714284658432007
YPL026C,YGR052W,0,-2.7989926,0.008750000037252903,0.03333333507180214,0.37761905789375305
YDR117C,YOR374W,0,-2.799917,0.008739076554775238,0.03333333507180214,0.37809523940086365
YMR039C,YLR092W,0,-2.8000252,0.008728179149329662,0.03333333507180214,0.37857142090797424
YAL051W,YPL111W,0,-2.800941,0.008717309683561325,0.03333333507180214,0.3790476322174072
YNL065W,YGR199W,0,-2.8013206,0.008706467226147652,0.03333333507180214,0.3795238137245178
YOL135C,YDR449C,0,-2.806144,0.008695651777088642,0.03333333507180214,0.3799999952316284
YAL039C,YBR069C,0,-2.811532,0.008684863336384296,0.03333333507180214,0.380476176738739
YJL089W,YDR242W,0,-2.813489,0.008674101904034615,0.03333333507180214,0.380952388048172
YNL182C,YOR265W,0,-2.8168807,0.008663366548717022,0.03333333507180214,0.3814285695552826
YCL066W,YIL128W,0,-2.8170717,0.008652657270431519,0.03333333507180214,0.3819047510623932
YML113W,YHR101C,0,-2.8179383,0.008641975000500679,0.03333333507180214,0.38238096237182617
YIR017C,YOL109W,0,-2.8184888,0.008631319738924503,0.03333333507180214,0.38285714387893677
YDL160C,YJL194W,0,-2.819168,0.008620689623057842,0.03333333507180214,0.38333332538604736
YPL253C,YPR137W,0,-2.8198473,0.008610086515545845,0.03333333507180214,0.38380953669548035
YIL007C,YKR069W,0,-2.8210306,0.008599508553743362,0.03333333507180214,0.38428571820259094
YOR120W,YBR231C,0,-2.8221066,0.008588956668972969,0.03333333507180214,0.38476189970970154
YDL166C,YER074W,0,-2.822149,0.00857843179255724,0.03333333507180214,0.38523808121681213
YOL040C,YGR218W,1,-2.8262455,0.009791921824216843,0.03809523954987526,0.38523808121681213
YLR200W,YEL041W,0,-2.827902,0.00977995153516531,0.03809523954987526,0.3857142925262451
YAL034W-A,YGL063W,0,-2.8283975,0.00976801011711359,0.03809523954987526,0.3861904740333557
YOR098C,YJR084W,0,-2.8297522,0.009756097570061684,0.03809523954987526,0.3866666555404663
YPR125W,YNR019W,0,-2.831127,0.009744214825332165,0.03809523954987526,0.3871428668498993
YEL040W,YLL038C,0,-2.8363492,0.009732360020279884,0.03809523954987526,0.3876190483570099
YOL135C,YNL024C,0,-2.8368113,0.009720535017549992,0.03809523954987526,0.3880952298641205
YPL049C,YOR167C,0,-2.8378873,0.009708737954497337,0.03809523954987526,0.38857144117355347
YDL056W,YGR026W,0,-2.8400586,0.009696969762444496,0.03809523954987526,0.38904762268066406
YAL028W,YBR268W,0,-2.840325,0.009685230441391468,0.03809523954987526,0.38952380418777466
YPL189W,YMR022W,0,-2.8415492,0.009673519060015678,0.03809523954987526,0.38999998569488525
YNR016C,YCL008C,0,-2.8430219,0.009661835618317127,0.03809523954987526,0.39047619700431824
YGR094W,YLR045C,0,-2.845452,0.009650181047618389,0.03809523954987526,0.39095237851142883
YOL040C,YIL115C,1,-2.8521545,0.010843373835086823,0.04285714402794838,0.39095237851142883
YJL034W,YDL243C,0,-2.8533573,0.010830325074493885,0.04285714402794838,0.39142856001853943
YDR298C,YPR030W,0,-2.8540215,0.010817307978868484,0.04285714402794838,0.3919047713279724
YNL248C,YDL200C,0,-2.8547337,0.010804321616888046,0.04285714402794838,0.392380952835083
YPL146C,YNL302C,1,-2.8550842,0.011990407481789589,0.0476190485060215,0.392380952835083
YNL259C,YDL119C,0,-2.8554611,0.011976048350334167,0.0476190485060215,0.3928571343421936
YMR061W,YML124C,0,-2.8560448,0.011961722746491432,0.0476190485060215,0.3933333456516266
YLR352W,YGL064C,0,-2.8588493,0.011947431601583958,0.0476190485060215,0.3938095271587372
YGL135W,YPR168W,0,-2.8633525,0.01193317398428917,0.0476190485060215,0.3942857086658478
YKL166C,YOL007C,0,-2.8644018,0.011918950825929642,0.0476190485060215,0.3947618901729584
YNL076W,YOR341W,0,-2.8670785,0.011904762126505375,0.0476190485060215,0.39523810148239136
YGR218W,YLL034C,1,-2.8692946,0.013079667463898659,0.05238095298409462,0.39523810148239136
YBR034C,YER164W,0,-2.8696163,0.013064133003354073,0.05238095298409462,0.39571428298950195
YMR242C,YBR029C,0,-2.8716333,0.013048635795712471,0.05238095298409462,0.39619046449661255
YMR210W,YPL129W,0,-2.872237,0.01303317490965128,0.05238095298409462,0.39666667580604553
YOR348C,YER159C,0,-2.8729615,0.013017751276493073,0.05238095298409462,0.39714285731315613
YBR272C,YHR046C,0,-2.8741171,0.013002363964915276,0.05238095298409462,0.3976190388202667
YGL009C,YKL110C,0,-2.8812559,0.012987012974917889,0.05238095298409462,0.3980952501296997
YOL028C,YJL219W,0,-2.8893986,0.012971698306500912,0.05238095298409462,0.3985714316368103
YJR094W-A,YJR048W,0,-2.891238,0.01295641902834177,0.05238095298409462,0.3990476131439209
YPR167C,YKR090W,0,-2.8914447,0.012941176071763039,0.05238095298409462,0.3995237946510315
YIL123W,YNL163C,0,-2.8918767,0.012925969436764717,0.05238095298409462,0.4000000059604645
YLR432W,YPL140C,0,-2.8933249,0.012910798192024231,0.05238095298409462,0.4004761874675751
YMR303C,YNL286W,0,-2.9069903,0.01289566233754158,0.05238095298409462,0.40095236897468567
YOR049C,YDL215C,0,-2.9070134,0.012880561873316765,0.05238095298409462,0.40142858028411865
YER070W,YDR508C,0,-2.913666,0.012865496799349785,0.05238095298409462,0.40190476179122925
YDL087C,YOR374W,0,-2.9158692,0.01285046711564064,0.05238095298409462,0.40238094329833984
YLR157C,YDR329C,0,-2.91624,0.012835472822189331,0.05238095298409462,0.4028571546077728
YNL283C,YNL339C,0,-2.9162998,0.012820512987673283,0.05238095298409462,0.4033333361148834
YER174C,YDL117W,0,-2.9166808,0.012805587612092495,0.05238095298409462,0.403809517621994
YPL110C,YHR051W,0,-2.91869,0.012790697626769543,0.05238095298409462,0.404285728931427
YJL005W,YHL035C,0,-2.9225032,0.012775842100381851,0.05238095298409462,0.4047619104385376
YIL047C,YDR083W,0,-2.9234138,0.01276102103292942,0.05238095298409462,0.4052380919456482
YOR014W,YPL171C,0,-2.9239874,0.01274623442441225,0.05238095298409462,0.4057142734527588
YJL066C,YPL010W,0,-2.9244778,0.012731481343507767,0.05238095298409462,0.4061904847621918
YOR168W,YOR315W,0,-2.9258707,0.012716762721538544,0.05238095298409462,0.40666666626930237
YAL012W,YIL134W,0,-2.9293883,0.012702078558504581,0.05238095298409462,0.40714284777641296
YOR120W,YPL178W,0,-2.9297683,0.012687427923083305,0.05238095298409462,0.40761905908584595
YGL183C,YPR152C,0,-2.9344883,0.012672810815274715,0.05238095298409462,0.40809524059295654
YNL304W,YGL161C,0,-2.935492,0.012658228166401386,0.05238095298409462,0.40857142210006714
YMR149W,YOR313C,0,-2.9359305,0.012643678113818169,0.05238095298409462,0.4090476334095001
YNL068C,YDR173C,0,-2.9368804,0.012629161588847637,0.05238095298409462,0.4095238149166107
YER120W,YDL123W,0,-2.9378784,0.012614678591489792,0.05238095298409462,0.4099999964237213
YOR045W,YJR084W,0,-2.9396574,0.012600229121744633,0.05238095298409462,0.4104761779308319
YOL040C,YPL146C,1,-2.9469926,0.013729977421462536,0.05714285746216774,0.4104761779308319
YAL040C,YAL003W,0,-2.9518526,0.01371428556740284,0.05714285746216774,0.4109523892402649
YIL170W,YBR257W,0,-2.9523528,0.013698630034923553,0.05714285746216774,0.4114285707473755
YNL231C,YNR074C,0,-2.952595,0.013683009892702103,0.05714285746216774,0.4119047522544861
YLR316C,YER044C-A,0,-2.952862,0.013667426072061062,0.05714285746216774,0.41238096356391907
YNR001C,YER032W,0,-2.9531658,0.013651876710355282,0.05714285746216774,0.41285714507102966
YMR017W,YLR386W,0,-2.9557583,0.013636363670229912,0.05714285746216774,0.41333332657814026
YGL116W,YJL045W,0,-2.9580228,0.013620885089039803,0.05714285746216774,0.41380953788757324
YBR142W,YCL063W,0,-2.9596052,0.013605441898107529,0.05714285746216774,0.41428571939468384
YJR010C-A,YOL124C,0,-2.9605396,0.01359003409743309,0.05714285746216774,0.41476190090179443
YMR101C,YOL152W,0,-2.961064,0.013574660755693913,0.05714285746216774,0.41523808240890503
YCR039C,YHL021C,0,-2.9642417,0.013559321872889996,0.05714285746216774,0.415714293718338
YOR290C,YPR194C,0,-2.970064,0.013544018380343914,0.05714285746216774,0.4161904752254486
YJL041W,YOL121C,1,-2.9705646,0.014656144194304943,0.06190476194024086,0.4161904752254486
YPL200W,YKL082C,0,-2.9735754,0.014639639295637608,0.06190476194024086,0.4166666567325592
YDR390C,YGR055W,0,-2.983712,0.014623171649873257,0.06190476194024086,0.4171428680419922
YKL150W,YOR359W,0,-2.9858894,0.01460674125701189,0.06190476194024086,0.4176190495491028
YDR245W,YOL032W,0,-2.9903085,0.014590348117053509,0.06190476194024086,0.4180952310562134
YBR196C,YML043C,0,-2.9906142,0.014573991298675537,0.06190476194024086,0.41857144236564636
YIL084C,YPL087W,0,-2.9939587,0.014557670801877975,0.06190476194024086,0.41904762387275696
YBR006W,YNL292W,0,-2.9956124,0.014541386626660824,0.06190476194024086,0.41952380537986755
YGR211W,YDR472W,0,-2.9965413,0.014525139704346657,0.06190476194024086,0.41999998688697815
YDL093W,YAR015W,0,-2.997008,0.014508928172290325,0.06190476194024086,0.42047619819641113
YPL121C,YMR227C,0,-2.997698,0.014492753893136978,0.06190476194024086,0.42095237970352173
YJR042W,YGR285C,0,-2.9983213,0.014476615004241467,0.06190476194024086,0.4214285612106323
YOR396W,YIL094C,0,-2.9993994,0.01446051150560379,0.06190476194024086,0.4219047725200653
YIR005W,YGL006W,0,-3.0000584,0.014444444328546524,0.06190476194024086,0.4223809540271759
YMR193W,YKL011C,0,-3.0008533,0.014428412541747093,0.06190476194024086,0.4228571355342865
YFL017W-A,YGL105W,0,-3.000923,0.014412417076528072,0.06190476194024086,0.4233333468437195
YOL007C,YDR176W,0,-3.0010617,0.014396456070244312,0.06190476194024086,0.4238095283508301
YNL081C,YER096W,0,-3.00127,0.014380531385540962,0.06190476194024086,0.4242857098579407
YIR009W,YDR023W,0,-3.005448,0.014364641159772873,0.06190476194024086,0.42476189136505127
YMR040W,YBR058C-A,0,-3.0061486,0.014348786324262619,0.06190476194024086,0.42523810267448425
YAL025C,YLR024C,0,-3.0077326,0.014332965947687626,0.06190476194024086,0.42571428418159485
YLR052W,YLL055W,0,-3.0097964,0.014317180961370468,0.06190476194024086,0.42619046568870544
YPL195W,YDL245C,0,-3.0115347,0.014301430433988571,0.06190476194024086,0.4266666769981384
YML102W,YDR280W,0,-3.0130894,0.014285714365541935,0.06190476194024086,0.427142858505249
YEL022W,YGR081C,0,-3.0133445,0.01427003275603056,0.06190476194024086,0.4276190400123596
YBR081C,YGL064C,0,-3.0140846,0.014254385605454445,0.06190476194024086,0.4280952513217926
YLR313C,YDR030C,0,-3.015137,0.014238772913813591,0.06190476194024086,0.4285714328289032
YIL167W,YOR201C,0,-3.0181277,0.014223194681107998,0.06190476194024086,0.4290476143360138
YJR070C,YNL293W,0,-3.0206978,0.014207649976015091,0.06190476194024086,0.4295237958431244
YGR003W,YDR545W,0,-3.0211632,0.014192139729857445,0.06190476194024086,0.4300000071525574
YKR097W,YGL106W,0,-3.021609,0.014176663011312485,0.06190476194024086,0.43047618865966797
YJL158C,YMR100W,0,-3.0218737,0.014161219820380211,0.06190476194024086,0.43095237016677856
YKR066C,YHR052W,0,-3.0222666,0.014145811088383198,0.06190476194024086,0.43142858147621155
YLR247C,YHR017W,0,-3.0300326,0.014130434952676296,0.06190476194024086,0.43190476298332214
YNL302C,YIL115C,1,-3.0306308,0.015200868248939514,0.06666667014360428,0.43190476298332214
YPL210C,YOL002C,0,-3.0309718,0.015184381976723671,0.06666667014360428,0.43238094449043274
YNL207W,YDR259C,0,-3.0335,0.015167931094765663,0.06666667014360428,0.4328571557998657
YPR154W,YAL033W,0,-3.0353186,0.01515151560306549,0.06666667014360428,0.4333333373069763
YML081C-A,YLR451W,0,-3.0355546,0.015135135501623154,0.06666667014360428,0.4338095188140869
YHR120W,YIL173W,0,-3.0360973,0.015118790790438652,0.06666667014360428,0.4342857003211975
YPL161C,YNL202W,0,-3.038624,0.015102481469511986,0.06666667014360428,0.4347619116306305
YCL024W,YMR180C,0,-3.0439918,0.01508620660752058,0.06666667014360428,0.4352380931377411
YHL016C,YIL156W,0,-3.0451105,0.015069968067109585,0.06666667014360428,0.4357142746448517
YKL013C,YDR365C,0,-3.045366,0.015053763054311275,0.06666667014360428,0.43619048595428467
YEL031W,YMR145C,0,-3.0456371,0.015037594363093376,0.06666667014360428,0.43666666746139526
YPL135W,YBR181C,0,-3.0478501,0.015021459199488163,0.06666667014360428,0.43714284896850586
YDR234W,YMR137C,0,-3.0481727,0.015005359426140785,0.06666667014360428,0.43761906027793884
YGR245C,YKL205W,0,-3.0483835,0.014989293180406094,0.06666667014360428,0.43809524178504944
YMR229C,YDR201W,0,-3.0485308,0.014973262324929237,0.06666667014360428,0.43857142329216003
YLR438C-A,YPL160W,0,-3.0485742,0.014957264997065067,0.06666667014360428,0.43904760479927063
YFR031C,YJL212C,0,-3.0506752,0.014941302128136158,0.06666667014360428,0.4395238161087036
YOR254C,YPR152C,0,-3.0507157,0.014925372786819935,0.06666667014360428,0.4399999976158142
YMR307W,YIL021W,0,-3.0522313,0.014909477904438972,0.06666667014360428,0.4404761791229248
YNL151C,YDR368W,0,-3.0556903,0.014893617480993271,0.06666667014360428,0.4409523904323578
YNL311C,YNL281W,0,-3.0598273,0.01487778965383768,0.06666667014360428,0.4414285719394684
YPR163C,YLR007W,0,-3.0605628,0.014861995354294777,0.06666667014360428,0.441904753446579
YDR496C,YDR260C,0,-3.0607903,0.014846235513687134,0.06666667014360428,0.44238096475601196
YDL240W,YDR045C,0,-3.0692751,0.014830508269369602,0.06666667014360428,0.44285714626312256
YPR049C,YBL005W,0,-3.072811,0.014814814552664757,0.06666667014360428,0.44333332777023315
YKR056W,YDL175C,0,-3.0730476,0.014799154363572598,0.06666667014360428,0.44380950927734375
YLR287C-A,YMR281W,0,-3.07334,0.01478352677077055,0.06666667014360428,0.44428572058677673
YGR282C,YBL098W,0,-3.0766098,0.014767932705581188,0.06666667014360428,0.44476190209388733
YIL056W,YFL010W-A,0,-3.076938,0.014752371236681938,0.06666667014360428,0.4452380836009979
YDR393W,YAL063C,0,-3.078993,0.0147368423640728,0.06666667014360428,0.4457142949104309
YGR078C,YKR044W,0,-3.079684,0.014721346087753773,0.06666667014360428,0.4461904764175415
YPL143W,YOR266W,0,-3.0832784,0.014705882407724857,0.06666667014360428,0.4466666579246521
YOR388C,YLL018C-A,0,-3.089001,0.014690451323986053,0.06666667014360428,0.4471428692340851
YAL026C,YKL141W,0,-3.0895383,0.014675052836537361,0.06666667014360428,0.4476190507411957
YLR206W,YNL250W,0,-3.0896304,0.014659686014056206,0.06666667014360428,0.4480952322483063
YOL019W,YDR320C-A,0,-3.0931334,0.014644351787865162,0.06666667014360428,0.44857141375541687
YLR047C,YBR067C,0,-3.0932367,0.014629049226641655,0.06666667014360428,0.44904762506484985
YBR085W,YDR071C,0,-3.0932887,0.014613778330385685,0.06666667014360428,0.44952380657196045
YAL008W,YIL020C,0,-3.095587,0.014598540030419827,0.06666667014360428,0.44999998807907104
YCL066W,YER044C,0,-3.1000495,0.014583333395421505,0.06666667014360428,0.45047619938850403
YLR115W,YHR161C,0,-3.100102,0.01456815842539072,0.06666667014360428,0.4509523808956146
YDR515W,YPL129W,0,-3.1001103,0.014553014189004898,0.06666667014360428,0.4514285624027252
YER087C-B,YOR310C,0,-3.1014802,0.014537902548909187,0.06666667014360428,0.4519047737121582
YDR083W,YLR024C,0,-3.1016304,0.014522821642458439,0.06666667014360428,0.4523809552192688
YHR135C,YNR032C-A,0,-3.102555,0.014507772400975227,0.06666667014360428,0.4528571367263794
YER089C,YDR500C,0,-3.1030312,0.014492753893136978,0.06666667014360428,0.4533333480358124
YNL175C,YKL154W,0,-3.1075692,0.014477766118943691,0.06666667014360428,0.453809529542923
YML004C,YOR145C,0,-3.1082842,0.014462810009717941,0.06666667014360428,0.45428571105003357
YKL161C,YFL021W,0,-3.110295,0.014447884634137154,0.06666667014360428,0.45476189255714417
YJL200C,YLR401C,0,-3.116878,0.014432989992201328,0.06666667014360428,0.45523810386657715
YJL066C,YAL056W,0,-3.1196263,0.014418126083910465,0.06666667014360428,0.45571428537368774
YGR191W,YLL012W,0,-3.1273186,0.01440329197794199,0.06666667014360428,0.45619046688079834
YGL172W,YOL121C,1,-3.1289446,0.015416238456964493,0.0714285746216774,0.45619046688079834
YDR034C,YER147C,0,-3.1296368,0.015400410629808903,0.0714285746216774,0.4566666781902313
YIL051C,YGL251C,0,-3.1302571,0.015384615398943424,0.0714285746216774,0.4571428596973419
YGL028C,YDR456W,0,-3.1328547,0.015368852764368057,0.0714285746216774,0.4576190412044525
YFL037W,YOR269W,0,-3.144954,0.015353121794760227,0.0714285746216774,0.4580952525138855
YDL082W,YPL252C,0,-3.1454327,0.015337423421442509,0.0714285746216774,0.4585714340209961
YPR190C,YGR036C,0,-3.1496966,0.015321756713092327,0.0714285746216774,0.4590476155281067
YGR241C,YGL135W,0,-3.1499403,0.015306122601032257,0.0714285746216774,0.4595237970352173
YDL160C,YJR016C,0,-3.1506956,0.015290520153939724,0.0714285746216774,0.46000000834465027
YMR306W,YDR398W,0,-3.1552403,0.015274949371814728,0.0714285746216774,0.46047618985176086
YIL173W,YLR244C,0,-3.1552732,0.015259410254657269,0.0714285746216774,0.46095237135887146
YIL051C,YMR053C,0,-3.1566799,0.015243902802467346,0.0714285746216774,0.46142858266830444
YLR131C,YBR231C,0,-3.1599424,0.015228426083922386,0.0714285746216774,0.46190476417541504
YMR269W,YPL176C,0,-3.1663892,0.015212981961667538,0.0714285746216774,0.46238094568252563
YJR035W,YDR080W,0,-3.1710708,0.015197568573057652,0.0714285746216774,0.4628571569919586
YGL194C,YCL057W,0,-3.174089,0.015182185918092728,0.0714285746216774,0.4633333384990692
YGL194C,YLR203C,0,-3.1776047,0.01516683492809534,0.0714285746216774,0.4638095200061798
YPR134W,YLR265C,0,-3.1794302,0.01515151560306549,0.0714285746216774,0.4642857015132904
YPR106W,YDL192W,0,-3.18024,0.015136226080358028,0.0714285746216774,0.4647619128227234
YDR247W,YER056C,0,-3.1837232,0.015120967291295528,0.0714285746216774,0.465238094329834
YBR264C,YPL160W,0,-3.1846104,0.015105740167200565,0.0714285746216774,0.4657142758369446
YHR142W,YPL060W,0,-3.1853511,0.01509054284542799,0.0714285746216774,0.46619048714637756
YGL225W,YDR379W,0,-3.186775,0.015075377188622952,0.0714285746216774,0.46666666865348816
YEL050C,YGR258C,0,-3.1881022,0.0150602413341403,0.0714285746216774,0.46714285016059875
YNL091W,YDR252W,0,-3.1886818,0.015045135281980038,0.0714285746216774,0.46761906147003174
YPL074W,YPR192W,0,-3.1911705,0.015030059963464737,0.0714285746216774,0.46809524297714233
YOR206W,YIL115C,1,-3.1926758,0.01601601578295231,0.07619047909975052,0.46809524297714233
YFR049W,YHR096C,0,-3.1934602,0.01600000075995922,0.07619047909975052,0.46857142448425293
YJL062W,YHR211W,0,-3.1955223,0.01598401553928852,0.07619047909975052,0.4690476059913635
YJL080C,YDR022C,0,-3.1959517,0.015968063846230507,0.07619047909975052,0.4695238173007965
YEL020W-A,YDR200C,0,-3.1970236,0.01595214381814003,0.07619047909975052,0.4699999988079071
YNL119W,YGL251C,0,-3.2013183,0.01593625545501709,0.07619047909975052,0.4704761803150177
YGR274C,YPR138C,0,-3.2028143,0.015920398756861687,0.07619047909975052,0.4709523916244507
YJL066C,YKL132C,0,-3.2060716,0.01590457186102867,0.07619047909975052,0.4714285731315613
YOL165C,YPL092W,0,-3.2079203,0.015888778492808342,0.07619047909975052,0.4719047546386719
YMR112C,YDL130W,0,-3.2106407,0.01587301678955555,0.07619047909975052,0.47238096594810486
YJR112W,YGL067W,0,-3.214125,0.015857284888625145,0.07619047909975052,0.47285714745521545
YJR147W,YBR195C,0,-3.2159572,0.015841584652662277,0.07619047909975052,0.47333332896232605
YBR276C,YPL060W,0,-3.2169936,0.015825914219021797,0.07619047909975052,0.47380951046943665
YNL302C,YLL034C,1,-3.2178571,0.016798419877886772,0.08095238357782364,0.47380951046943665
YOR074C,YEL024W,0,-3.222316,0.01678183674812317,0.08095238357782364,0.47428572177886963
YKL164C,YEL051W,0,-3.223078,0.016765285283327103,0.08095238357782364,0.4747619032859802
YJL041W,YNR053C,1,-3.2255635,0.017733989283442497,0.08571428805589676,0.4747619032859802
YJR121W,YOR182C,0,-3.2270348,0.017716536298394203,0.08571428805589676,0.4752380847930908
YIL006W,YPR118W,0,-3.2283814,0.017699114978313446,0.08571428805589676,0.4757142961025238
YNL136W,YLR068W,0,-3.2311804,0.017681729048490524,0.08571428805589676,0.4761904776096344
YOL121C,YLL034C,1,-3.2323053,0.01864573173224926,0.09047619253396988,0.4761904776096344
YNL036W,YJR053W,0,-3.232453,0.018627451732754707,0.09047619253396988,0.476666659116745
YDR080W,YIL019W,0,-3.2339208,0.01860920712351799,0.09047619253396988,0.477142870426178
YGR055W,YER068W,0,-3.2344434,0.01859099790453911,0.09047619253396988,0.4776190519332886
YER154W,YIL009C-A,0,-3.2352564,0.01857282593846321,0.09047619253396988,0.47809523344039917
YNL282W,YGR167W,0,-3.2353818,0.0185546875,0.09047619253396988,0.47857141494750977
YHR046C,YOR176W,0,-3.2357533,0.018536584451794624,0.09047619253396988,0.47904762625694275
YML013W,YPR035W,0,-3.236425,0.018518518656492233,0.09047619253396988,0.47952380776405334
YLL002W,YOL067C,0,-3.238341,0.01850048638880253,0.09047619253396988,0.47999998927116394
YLR017W,YPR135W,0,-3.238551,0.01848248951137066,0.09047619253396988,0.4804762005805969
YEL050C,YPL183C,0,-3.2432578,0.018464528024196625,0.09047619253396988,0.4809523820877075
YJR070C,YHL031C,0,-3.2450156,0.018446601927280426,0.09047619253396988,0.4814285635948181
YKL056C,YIL009W,0,-3.246079,0.018428709357976913,0.09047619253396988,0.4819047749042511
YHR014W,YJL112W,0,-3.2489455,0.018410852178931236,0.09047619253396988,0.4823809564113617
YDR405W,YNL331C,0,-3.2499719,0.018393030390143394,0.09047619253396988,0.4828571379184723
YPL153C,YPL188W,0,-3.2506661,0.01837524212896824,0.09047619253396988,0.4833333194255829
YDL039C,YOR080W,0,-3.250873,0.01835748739540577,0.09047619253396988,0.48380953073501587
YIL006W,YDR259C,0,-3.2517045,0.018339768052101135,0.09047619253396988,0.48428571224212646
YDL075W,YKR056W,0,-3.2535331,0.018322082236409187,0.09047619253396988,0.48476189374923706
YMR192W,YOL031C,0,-3.254079,0.018304431810975075,0.09047619253396988,0.48523810505867004
YPR043W,YLL003W,0,-3.2559404,0.01828681491315365,0.09047619253396988,0.48571428656578064
YCR086W,YNL063W,0,-3.2560465,0.018269231542944908,0.09047619253396988,0.48619046807289124
YOR206W,YGR218W,1,-3.256893,0.01921229623258114,0.095238097012043,0.48619046807289124
YDR146C,YPL116W,0,-3.2571137,0.0191938579082489,0.095238097012043,0.4866666793823242
YOR145C,YLR367W,0,-3.257795,0.0191754549741745,0.095238097012043,0.4871428608894348
YDR062W,YJR092W,0,-3.2591527,0.019157087430357933,0.095238097012043,0.4876190423965454
YHR076W,YDL208W,0,-3.2611854,0.019138755276799202,0.095238097012043,0.488095223903656
YDL107W,YKL021C,0,-3.2642457,0.019120458513498306,0.095238097012043,0.488571435213089
YGR052W,YOR358W,0,-3.2660482,0.019102197140455246,0.095238097012043,0.4890476167201996
YML080W,YNL016W,0,-3.267903,0.019083969295024872,0.095238097012043,0.4895237982273102
YGR218W,YHR170W,1,-3.271888,0.020019065588712692,0.10000000149011612,0.4895237982273102
YPL169C,YER102W,0,-3.273754,0.019999999552965164,0.10000000149011612,0.49000000953674316
YDR218C,YDR251W,0,-3.2780097,0.01998097077012062,0.10000000149011612,0.49047619104385376
YMR145C,YDR014W,0,-3.279002,0.019961977377533913,0.10000000149011612,0.49095237255096436
YLR130C,YKL006W,0,-3.2792156,0.01994301937520504,0.10000000149011612,0.49142858386039734
YPL093W,YOL121C,1,-3.2809613,0.02087286487221718,0.10476190596818924,0.49142858386039734
YLR450W,YDR399W,0,-3.283651,0.020853079855442047,0.10476190596818924,0.49190476536750793
YNL078W,YPR067W,0,-3.2890291,0.02083333395421505,0.10476190596818924,0.49238094687461853
YLR452C,YER012W,0,-3.289626,0.020813623443245888,0.10476190596818924,0.4928571283817291
YLR337C,YEL027W,0,-3.292556,0.02079395018517971,0.10476190596818924,0.4933333396911621
YDL091C,YGR162W,0,-3.298871,0.020774316042661667,0.10476190596818924,0.4938095211982727
YER185W,YHR136C,0,-3.2993248,0.02075471729040146,0.10476190596818924,0.4942857027053833
YJL033W,YPL140C,0,-3.3004696,0.020735155791044235,0.10476190596818924,0.4947619140148163
YIR038C,YEL024W,0,-3.30114,0.020715631544589996,0.10476190596818924,0.4952380955219269
YNL244C,YKL198C,0,-3.3029506,0.020696142688393593,0.10476190596818924,0.4957142770290375
YFL010W-A,YOL112W,0,-3.3029852,0.020676691085100174,0.10476190596818924,0.49619048833847046
YGR264C,YKR089C,0,-3.3034728,0.02065727673470974,0.10476190596818924,0.49666666984558105
YGR239C,YER008C,0,-3.3046882,0.02063789777457714,0.10476190596818924,0.49714285135269165
YHR028C,YLR044C,0,-3.3051217,0.020618556067347527,0.10476190596818924,0.49761903285980225
YDR243C,YBR248C,0,-3.3089893,0.020599251613020897,0.10476190596818924,0.49809524416923523
YDL229W,YKL166C,0,-3.309989,0.020579980686306953,0.10476190596818924,0.4985714256763458
YHR110W,YFL049W,0,-3.3101451,0.020560747012495995,0.10476190596818924,0.4990476071834564
YDR280W,YMR241W,0,-3.3109353,0.02054155059158802,0.10476190596818924,0.4995238184928894
YML005W,YGL196W,0,-3.3160336,0.020522387698292732,0.10476190596818924,0.5
YGL031C,YML055W,0,-3.318892,0.02050326205790043,0.10476190596818924,0.5004761815071106
YEL062W,YJL048C,0,-3.3199322,0.02048417180776596,0.10476190596818924,0.5009523630142212
YDR436W,YDR211W,0,-3.3201377,0.020465116947889328,0.10476190596818924,0.5014285445213318
YOR071C,YBR188C,0,-3.3216445,0.02044609747827053,0.10476190596818924,0.5019047856330872
YEL032W,YKR027W,0,-3.3230617,0.02042711153626442,0.10476190596818924,0.5023809671401978
YGR112W,YGL238W,0,-3.3230946,0.020408162847161293,0.10476190596818924,0.5028571486473083
YDL099W,YKR055W,0,-3.3234994,0.020389249548316002,0.10476190596818924,0.503333330154419
YDR337W,YHL024W,0,-3.3267603,0.020370369777083397,0.10476190596818924,0.5038095116615295
YBR170C,YMR136W,0,-3.3293443,0.020351527258753777,0.10476190596818924,0.5042856931686401
YHR135C,YLR467W,0,-3.3293803,0.020332716405391693,0.10476190596818924,0.5047619342803955
YOR061W,YNL250W,0,-3.3306124,0.020313942804932594,0.10476190596818924,0.5052381157875061
YER044C-A,YIR018W,0,-3.3318453,0.02029520273208618,0.10476190596818924,0.5057142972946167
YOL121C,YNR053C,1,-3.3332896,0.021198157221078873,0.10952381044626236,0.5057142972946167
YPR043W,YPL163C,0,-3.3344524,0.021178636699914932,0.10952381044626236,0.5061904788017273
YPL146C,YOL121C,1,-3.3379695,0.022079117596149445,0.11428571492433548,0.5061904788017273
YOR049C,YML041C,0,-3.3381708,0.022058824077248573,0.11428571492433548,0.5066666603088379
YPL220W,YKL085W,0,-3.3394778,0.022038567811250687,0.11428571492433548,0.5071428418159485
YKL135C,YGR085C,0,-3.3417509,0.022018348798155785,0.11428571492433548,0.5076190233230591
YER106W,YHR207C,0,-3.3419325,0.021998167037963867,0.11428571492433548,0.5080952644348145
YJL079C,YOR034C,0,-3.342489,0.021978022530674934,0.11428571492433548,0.508571445941925
YER093C,YIR031C,0,-3.3428013,0.021957913413643837,0.11428571492433548,0.5090476274490356
YBR128C,YGL070C,0,-3.3450954,0.021937843412160873,0.11428571492433548,0.5095238089561462
YNL244C,YGL045W,0,-3.354037,0.021917808800935745,0.11428571492433548,0.5099999904632568
YOR098C,YDR224C,0,-3.359481,0.021897809579968452,0.11428571492433548,0.5104761719703674
YOR192C,YHR147C,0,-3.3601458,0.021877849474549294,0.11428571492433548,0.510952353477478
YEL019C,YOR265W,0,-3.3603115,0.02185792289674282,0.11428571492433548,0.5114285945892334
YOL121C,YIL115C,1,-3.36079,0.022747952491044998,0.1190476194024086,0.5114285945892334
YML076C,YKL201C,0,-3.3647163,0.022727273404598236,0.1190476194024086,0.511904776096344
YJL059W,YIL124W,0,-3.3663113,0.02270662970840931,0.1190476194024086,0.5123809576034546
YDR105C,YDR240C,0,-3.3665435,0.022686025127768517,0.1190476194024086,0.5128571391105652
YOL012C,YOR162C,0,-3.369153,0.02266545780003071,0.1190476194024086,0.5133333206176758
YGR218W,YNL302C,1,-3.369764,0.023550724610686302,0.12380952388048172,0.5133333206176758
YER147C,YPL174C,0,-3.370138,0.0235294122248888,0.12380952388048172,0.5138095021247864
YOR242C,YDL098C,0,-3.3709452,0.023508137091994286,0.12380952388048172,0.5142857432365417
YHR197W,YIL115C,1,-3.371773,0.024390242993831635,0.12857143580913544,0.5142857432365417
YDR218C,YNR074C,0,-3.3740377,0.024368230253458023,0.12857143580913544,0.5147619247436523
YDR213W,YER153C,0,-3.3752267,0.024346258491277695,0.12857143580913544,0.5152381062507629
YAL053W,YGL243W,0,-3.383381,0.02432432398200035,0.12857143580913544,0.5157142877578735
YDR176W,YDL055C,0,-3.3874881,0.02430243045091629,0.12857143580913544,0.5161904692649841
YIL042C,YJL168C,0,-3.388026,0.024280576035380363,0.12857143580913544,0.5166666507720947
YOL040C,YLL034C,1,-3.3914497,0.025157231837511063,0.13333334028720856,0.5166666507720947
YGL014W,YDR150W,0,-3.3934736,0.025134649127721786,0.13333334028720856,0.5171428322792053
YDR451C,YPR134W,0,-3.3950288,0.025112107396125793,0.13333334028720856,0.5176190733909607
YDL184C,YGL018C,0,-3.396856,0.025089606642723083,0.13333334028720856,0.5180952548980713
YPL049C,YMR297W,0,-3.3971603,0.025067145004868507,0.13333334028720856,0.5185714364051819
YNR035C,YOR233W,0,-3.4002788,0.025044722482562065,0.13333334028720856,0.5190476179122925
YOR233W,YEL005C,0,-3.4023864,0.025022340938448906,0.13333334028720856,0.5195237994194031
YGR218W,YKL143W,1,-3.4025538,0.02589285746216774,0.13809524476528168,0.5195237994194031
YCR010C,YBR003W,0,-3.4029646,0.025869758799672127,0.13809524476528168,0.5199999809265137
YDR317W,YGL050W,0,-3.409243,0.025846702978014946,0.13809524476528168,0.5204761624336243
YOL121C,YPR016C,1,-3.4095824,0.026714159175753593,0.1428571492433548,0.5204761624336243
YLR435W,YNL066W,0,-3.4109273,0.026690391823649406,0.1428571492433548,0.5209524035453796
YNL212W,YMR145C,0,-3.4154253,0.02666666731238365,0.1428571492433548,0.5214285850524902
YDR416W,YDL195W,0,-3.4157703,0.02664298377931118,0.1428571492433548,0.5219047665596008
YBR247C,YMR300C,0,-3.4168792,0.02661934308707714,0.1428571492433548,0.5223809480667114
YIL159W,YDR087C,0,-3.4175065,0.026595745235681534,0.1428571492433548,0.522857129573822
YBR036C,YMR232W,0,-3.4186711,0.02657218836247921,0.1428571492433548,0.5233333110809326
YGR218W,YPR016C,1,-3.4190896,0.02743362821638584,0.14761905372142792,0.5233333110809326
YHR135C,YPL033C,0,-3.4196494,0.027409372851252556,0.14761905372142792,0.523809552192688
YLR189C,YDR464W,0,-3.42079,0.027385158464312553,0.14761905372142792,0.5242857336997986
YML104C,YLR314C,0,-3.42237,0.027360988780856133,0.14761905372142792,0.5247619152069092
YLL019C,YDL018C,0,-3.4279149,0.027336860075592995,0.14761905372142792,0.5252380967140198
YHR025W,YKR101W,0,-3.4323316,0.02731277607381344,0.14761905372142792,0.5257142782211304
YJL041W,YOL040C,1,-3.434674,0.028169013559818268,0.15238095819950104,0.5257142782211304
YBL030C,YOL066C,0,-3.4364836,0.028144238516688347,0.15238095819950104,0.526190459728241
YDL192W,YML032C,0,-3.4390092,0.028119508177042007,0.15238095819950104,0.5266666412353516
YKL045W,YKL081W,0,-3.4393196,0.0280948206782341,0.15238095819950104,0.5271428823471069
YAL043C,YDR381W,0,-3.4404776,0.028070176020264626,0.15238095819950104,0.5276190638542175
YPL146C,YIL115C,1,-3.4416463,0.028921999037265778,0.15714286267757416,0.5276190638542175
YIL074C,YKL094W,0,-3.4419692,0.028896672651171684,0.15714286267757416,0.5280952453613281
YPR168W,YNL151C,0,-3.4425068,0.028871390968561172,0.15714286267757416,0.5285714268684387
YJL041W,YPL093W,1,-3.4433732,0.029720280319452286,0.16190476715564728,0.5285714268684387
YDR464W,YOL010W,0,-3.4442213,0.029694322496652603,0.16190476715564728,0.5290476083755493
YMR198W,YBR112C,0,-3.4474165,0.02966841123998165,0.16190476715564728,0.5295237898826599
YGR083C,YOR177C,0,-3.447521,0.02964254654943943,0.16190476715564728,0.5299999713897705
YDL097C,YER014W,0,-3.4493701,0.02961672469973564,0.16190476715564728,0.5304762125015259
YBL092W,YML132W,0,-3.4515986,0.029590949416160583,0.16190476715564728,0.5309523940086365
YJL221C,YOR136W,0,-3.4519095,0.029565216973423958,0.16190476715564728,0.5314285755157471
YGL053W,YCL025C,0,-3.4540298,0.029539531096816063,0.16190476715564728,0.5319047570228577
YDR397C,YIL047C,0,-3.4544442,0.0295138880610466,0.16190476715564728,0.5323809385299683
YPL050C,YDR254W,0,-3.4546645,0.02948829159140587,0.16190476715564728,0.5328571200370789
YJR153W,YML071C,0,-3.4588723,0.02946273796260357,0.16190476715564728,0.5333333611488342
YCR106W,YNL172W,0,-3.4624965,0.02943722903728485,0.16190476715564728,0.5338095426559448
YFR010W,YMR001C,0,-3.463294,0.029411764815449715,0.16190476715564728,0.5342857241630554
YGR106C,YLR276C,0,-3.4646811,0.02938634343445301,0.16190476715564728,0.534761905670166
YCR092C,YDR135C,0,-3.464817,0.029360966756939888,0.16190476715564728,0.5352380871772766
YPR144C,YJR089W,0,-3.4654913,0.029335634782910347,0.16190476715564728,0.5357142686843872
YDR083W,YGR239C,0,-3.4666584,0.02931034564971924,0.16190476715564728,0.5361904501914978
YGR193C,YNL178W,0,-3.4687293,0.029285099357366562,0.16190476715564728,0.5366666913032532
YJL041W,YNL302C,1,-3.4694905,0.0301204826682806,0.1666666716337204,0.5366666913032532
YEL059C-A,YIR018W,0,-3.4707,0.030094582587480545,0.1666666716337204,0.5371428728103638
YIL150C,YOR103C,0,-3.4716961,0.03006872907280922,0.1666666716337204,0.5376190543174744
YER036C,YIL115C,1,-3.471963,0.030901286751031876,0.17142857611179352,0.5376190543174744
YPL221W,YNL278W,0,-3.476578,0.030874785035848618,0.17142857611179352,0.538095235824585
YGL104C,YPL129W,0,-3.4771206,0.03084832988679409,0.17142857611179352,0.5385714173316956
YDR533C,YMR193W,0,-3.4772966,0.030821917578577995,0.17142857611179352,0.5390475988388062
YJL005W,YAR002C-A,0,-3.4776497,0.03079555183649063,0.17142857611179352,0.5395237803459167
YNL117W,YPR128C,0,-3.478583,0.03076923079788685,0.17142857611179352,0.5400000214576721
YJR050W,YGR061C,0,-3.4793031,0.030742954462766647,0.17142857611179352,0.5404762029647827
YBR275C,YPR144C,0,-3.4827871,0.030716722831130028,0.17142857611179352,0.5409523844718933
YDR376W,YNR015W,0,-3.4863465,0.03069053776562214,0.17142857611179352,0.5414285659790039
YPL204W,YGR118W,0,-3.487425,0.030664395540952682,0.17142857611179352,0.5419047474861145
YPR046W,YDR005C,0,-3.4885437,0.030638298019766808,0.17142857611179352,0.5423809289932251
YPL160W,YOR322C,0,-3.4899938,0.030612245202064514,0.17142857611179352,0.5428571701049805
YDL231C,YGL064C,0,-3.4918425,0.030586237087845802,0.17142857611179352,0.5433333516120911
YGR004W,YGL063W,0,-3.4922745,0.030560271814465523,0.17142857611179352,0.5438095331192017
YNL128W,YKR077W,0,-3.4941518,0.030534351244568825,0.17142857611179352,0.5442857146263123
YMR284W,YIL038C,0,-3.4967253,0.03050847537815571,0.17142857611179352,0.5447618961334229
YMR152W,YDR263C,0,-3.4971504,0.030482642352581024,0.17142857611179352,0.5452380776405334
YIR006C,YER082C,0,-3.501113,0.030456852167844772,0.17142857611179352,0.545714259147644
YOR355W,YKR105C,0,-3.5060332,0.030431106686592102,0.17142857611179352,0.5461905002593994
YDR361C,YOL121C,1,-3.5091887,0.03125,0.17619048058986664,0.5461905002593994
YGR062C,YDL138W,0,-3.5097432,0.031223628669977188,0.17619048058986664,0.54666668176651
YLR409C,YDR530C,0,-3.5105522,0.031197302043437958,0.17619048058986664,0.5471428632736206
YML052W,YKL074C,0,-3.5145123,0.03117102012038231,0.17619048058986664,0.5476190447807312
YGL144C,YLR299W,0,-3.5152242,0.031144781038165092,0.17619048058986664,0.5480952262878418
YAL031C,YKL185W,0,-3.5152674,0.031118586659431458,0.17619048058986664,0.5485714077949524
YCR010C,YPR200C,0,-3.5175598,0.031092436984181404,0.17619048058986664,0.549047589302063
YOR355W,YBL034C,0,-3.5177016,0.031066330149769783,0.17619048058986664,0.5495238304138184
YKL079W,YBL092W,0,-3.5197542,0.031040268018841743,0.17619048058986664,0.550000011920929
YNL020C,YOR261C,0,-3.5198271,0.031014250591397285,0.17619048058986664,0.5504761934280396
YDR469W,YPL177C,0,-3.520478,0.03098827414214611,0.17619048058986664,0.5509523749351501
YNL218W,YER081W,0,-3.520706,0.030962342396378517,0.17619048058986664,0.5514285564422607
YLR107W,YDR320C,0,-3.5224273,0.030936455354094505,0.17619048058986664,0.5519047379493713
YGR171C,YDL087C,0,-3.523413,0.030910609290003777,0.17619048058986664,0.5523809790611267
YGR105W,YER098W,0,-3.5241115,0.03088480792939663,0.17619048058986664,0.5528571605682373
YOL040C,YGL172W,1,-3.5259893,0.03169307857751846,0.18095238506793976,0.5528571605682373
YML101C,YJR138W,0,-3.526487,0.03166666626930237,0.18095238506793976,0.5533333420753479
YER177W,YPR021C,0,-3.5274968,0.031640298664569855,0.18095238506793976,0.5538095235824585
YOR206W,YOL121C,1,-3.5288608,0.03244592249393463,0.18571428954601288,0.5538095235824585
YBL014C,YOR091W,0,-3.5290701,0.03241895139217377,0.18571428954601288,0.5542857050895691
YOL121C,YHR197W,1,-3.52997,0.033222589641809464,0.190476194024086,0.5542857050895691
YLR238W,YGR158C,0,-3.5308275,0.033195022493600845,0.190476194024086,0.5547618865966797
YJL041W,YPL146C,1,-3.5312245,0.03399668261408806,0.19523809850215912,0.5547618865966797
YJR042W,YBR268W,0,-3.5324898,0.03396851569414139,0.19523809850215912,0.5552380681037903
YIL115C,YKL143W,1,-3.5330064,0.03476821258664131,0.20000000298023224,0.5552380681037903
YBR275C,YNL101W,0,-3.533912,0.034739453345537186,0.20000000298023224,0.5557143092155457
YPL010W,YCL032W,0,-3.5346491,0.03471074253320694,0.20000000298023224,0.5561904907226562
YPL096W,YNL182C,0,-3.534653,0.034682080149650574,0.20000000298023224,0.5566666722297668
YOL080C,YOR177C,0,-3.5351727,0.03465346619486809,0.20000000298023224,0.5571428537368774
YNL175C,YIL002C,0,-3.536369,0.03462489694356918,0.20000000298023224,0.557619035243988
YCR053W,YJR155W,0,-3.5372188,0.03459637612104416,0.20000000298023224,0.5580952167510986
YDR038C,YOR327C,0,-3.5386868,0.034567900002002716,0.20000000298023224,0.558571457862854
YNL180C,YDL243C,0,-3.5388649,0.03453947231173515,0.20000000298023224,0.5590476393699646
YGL196W,YMR165C,0,-3.5441515,0.03451109305024147,0.20000000298023224,0.5595238208770752
YGR218W,YDR091C,1,-3.5463974,0.03530377522110939,0.20476190745830536,0.5595238208770752
YPR125W,YJL192C,0,-3.546498,0.03527481481432915,0.20476190745830536,0.5600000023841858
YDL078C,YDL082W,0,-3.553342,0.035245902836322784,0.20476190745830536,0.5604761838912964
YML129C,YPL036W,0,-3.5540092,0.0352170355618,0.20476190745830536,0.560952365398407
YEL069C,YIL005W,0,-3.555147,0.0351882167160511,0.20476190745830536,0.5614285469055176
YLR118C,YOL052C,0,-3.5555336,0.03515944257378578,0.20476190745830536,0.561904788017273
YGR002C,YJL167W,0,-3.556686,0.03513072058558464,0.20476190745830536,0.5623809695243835
YDR300C,YMR127C,0,-3.5572639,0.03510203957557678,0.20476190745830536,0.5628571510314941
YER038C,YBL106C,0,-3.5582216,0.0350734107196331,0.20476190745830536,0.5633333325386047
YML042W,YGL190C,0,-3.5582702,0.035044826567173004,0.20476190745830536,0.5638095140457153
YGR218W,YOL121C,1,-3.558834,0.03583062067627907,0.20952381193637848,0.5638095140457153
YGR271W,YJR031C,0,-3.559901,0.03580146282911301,0.20952381193637848,0.5642856955528259
YOL105C,YHR090C,0,-3.5607016,0.035772357136011124,0.20952381193637848,0.5647618770599365
YGR134W,YKL069W,0,-3.5630572,0.03574329987168312,0.20952381193637848,0.5652381181716919
YKL119C,YER028C,0,-3.5649738,0.0357142873108387,0.20952381193637848,0.5657142996788025
YNL111C,YDR527W,0,-3.5667398,0.03568531945347786,0.20952381193637848,0.5661904811859131
YGR218W,YHR197W,1,-3.569261,0.036466773599386215,0.2142857164144516,0.5661904811859131
YGL240W,YBR080C,0,-3.5692852,0.036437246948480606,0.2142857164144516,0.5666666626930237
YBR240C,YOL147C,0,-3.5700374,0.03640776872634888,0.2142857164144516,0.5671428442001343
YAR035W,YKL170W,0,-3.57334,0.03637833520770073,0.2142857164144516,0.5676190257072449
YGL162W,YKR036C,0,-3.574178,0.03634895011782646,0.2142857164144516,0.5680952668190002
YML101C,YHR105W,0,-3.576526,0.036319613456726074,0.2142857164144516,0.5685714483261108
YMR235C,YNR053C,1,-3.576756,0.0370967723429203,0.21904762089252472,0.5685714483261108
YDL240W,YKL210W,0,-3.5778997,0.037066880613565445,0.21904762089252472,0.5690476298332214
YKR103W,YHR037W,0,-3.58334,0.03703703731298447,0.21904762089252472,0.569523811340332
YKR085C,YJL164C,0,-3.5835812,0.03700723871588707,0.21904762089252472,0.5699999928474426
YHR109W,YOR045W,0,-3.5844092,0.03697749227285385,0.21904762089252472,0.5704761743545532
YOR194C,YDL133C-A,0,-3.5863264,0.036947790533304214,0.21904762089252472,0.5709523558616638
YER161C,YHR006W,0,-3.5874245,0.03691813722252846,0.21904762089252472,0.5714285969734192
YLR068W,YDR473C,0,-3.5875504,0.03688853234052658,0.21904762089252472,0.5719047784805298
YGL172W,YPL093W,1,-3.587632,0.037660256028175354,0.22380952537059784,0.5719047784805298
YDL105W,YPR072W,0,-3.5890443,0.0376301035284996,0.22380952537059784,0.5723809599876404
YKL060C,YHR057C,0,-3.5895116,0.03759999945759773,0.22380952537059784,0.572857141494751
YHR028C,YNR015W,0,-3.5902145,0.03756994381546974,0.22380952537059784,0.5733333230018616
YIR019C,YNL199C,0,-3.5916345,0.03753993660211563,0.22380952537059784,0.5738095045089722
YLR344W,YDR441C,0,-3.593405,0.0375099778175354,0.22380952537059784,0.5742856860160828
YGL172W,YNL302C,1,-3.5955575,0.038277510553598404,0.22857142984867096,0.5742856860160828
YKR049C,YFR053C,0,-3.5960338,0.038247011601924896,0.22857142984867096,0.5747619271278381
YGR174C,YCR077C,0,-3.5974886,0.03821656107902527,0.22857142984867096,0.5752381086349487
YMR313C,YLL011W,0,-3.5996563,0.03818615898489952,0.22857142984867096,0.5757142901420593
YCL036W,YBR193C,0,-3.6027076,0.038155801594257355,0.22857142984867096,0.5761904716491699
YDL045W-A,YMR296C,0,-3.6035817,0.03812549635767937,0.22857142984867096,0.5766666531562805
YGL136C,YDR107C,0,-3.6044896,0.03809523954987526,0.22857142984867096,0.5771428346633911
YER044C,YOR201C,0,-3.609477,0.03806502744555473,0.22857142984867096,0.5776190757751465
YKL059C,YJR048W,0,-3.6097949,0.03803486377000809,0.22857142984867096,0.5780952572822571
YBR061C,YPL194W,0,-3.6105447,0.03800475224852562,0.22857142984867096,0.5785714387893677
YDL166C,YNL230C,0,-3.611592,0.037974681705236435,0.22857142984867096,0.5790476202964783
YPL051W,YCL059C,0,-3.6116729,0.03794466331601143,0.22857142984867096,0.5795238018035889
YOR057W,YOR078W,0,-3.6124837,0.0379146933555603,0.22857142984867096,0.5799999833106995
YML077W,YJL095W,0,-3.613681,0.03788476809859276,0.22857142984867096,0.5804761648178101
YMR264W,YDR545W,0,-3.6159348,0.037854891270399094,0.22857142984867096,0.5809524059295654
YEL053C,YDR393W,0,-3.6168344,0.03782505914568901,0.22857142984867096,0.581428587436676
YPL006W,YLR019W,0,-3.6175506,0.03779527544975281,0.22857142984867096,0.5819047689437866
YER088C,YBR101C,0,-3.6182265,0.037765540182590485,0.22857142984867096,0.5823809504508972
YJR083C,YEL070W,0,-3.6194084,0.03773584961891174,0.22857142984867096,0.5828571319580078
YIL115C,YLL034C,1,-3.6212766,0.03849175199866295,0.23333333432674408,0.5828571319580078
YDR007W,YOR290C,0,-3.6303933,0.03846153989434242,0.23333333432674408,0.5833333134651184
YGL172W,YNR053C,1,-3.6317492,0.03921568766236305,0.2380952388048172,0.5833333134651184
YHL003C,YLR098C,0,-3.6333823,0.03918495401740074,0.2380952388048172,0.583809494972229
YDL205C,YOR167C,0,-3.6359255,0.03915426880121231,0.2380952388048172,0.5842857360839844
YML113W,YDR002W,0,-3.6377833,0.03912363201379776,0.2380952388048172,0.584761917591095
YHR204W,YFR010W,0,-3.6381898,0.03909303992986679,0.2380952388048172,0.5852380990982056
YER048W-A,YDR265W,0,-3.6386425,0.0390625,0.2380952388048172,0.5857142806053162
YLR328W,YFR031C-A,0,-3.6404479,0.03903200477361679,0.2380952388048172,0.5861904621124268
YPR007C,YPL214C,0,-3.643263,0.03900156170129776,0.2380952388048172,0.5866666436195374
YPR007C,YDR448W,0,-3.6434014,0.03897115960717201,0.2380952388048172,0.5871428847312927
YHR036W,YBR268W,0,-3.6437604,0.03894080966711044,0.2380952388048172,0.5876190662384033
YJL041W,YOR206W,1,-3.6441655,0.03968871757388115,0.24285714328289032,0.5876190662384033
YML048W,YOR226C,0,-3.6456034,0.03965785354375839,0.24285714328289032,0.5880952477455139
YOR116C,YOL076W,0,-3.6460817,0.039627037942409515,0.24285714328289032,0.5885714292526245
YLR371W,YDL202W,0,-3.6469822,0.03959627449512482,0.24285714328289032,0.5890476107597351
YNR003C,YBR023C,0,-3.6471932,0.0395655557513237,0.24285714328289032,0.5895237922668457
YNL039W,YHR175W,0,-3.6477132,0.03953488543629646,0.24285714328289032,0.5899999737739563
YDR205W,YGR178C,0,-3.6486533,0.03950425982475281,0.24285714328289032,0.5904762148857117
YIL115C,YDR091C,1,-3.650603,0.04024767875671387,0.24761904776096344,0.5904762148857117
YCL001W,YDR281C,0,-3.6532817,0.04021655023097992,0.24761904776096344,0.5909523963928223
YFR049W,YPL050C,0,-3.6541185,0.04018547013401985,0.24761904776096344,0.5914285778999329
YKL032C,YMR175W,0,-3.6550343,0.040154438465833664,0.24761904776096344,0.5919047594070435
YEL050C,YFR032C-A,0,-3.6565807,0.040123455226421356,0.24761904776096344,0.592380940914154
YKR079C,YFL013C,0,-3.6613333,0.04009252041578293,0.24761904776096344,0.5928571224212646
YER086W,YCL034W,0,-3.6614254,0.04006163403391838,0.24761904776096344,0.5933333039283752
YJR068W,YGR204W,0,-3.6615632,0.040030792355537415,0.24761904776096344,0.5938095450401306
YGR218W,YPL146C,1,-3.6617808,0.04076923057436943,0.25238096714019775,0.5938095450401306
YGR264C,YDR486C,0,-3.6633444,0.04073789343237877,0.25238096714019775,0.5942857265472412
YNL302C,YKL143W,1,-3.6635766,0.04147465527057648,0.2571428716182709,0.5942857265472412
YIL084C,YOR265W,0,-3.6662393,0.04144282266497612,0.2571428716182709,0.5947619080543518
YJL208C,YBL085W,0,-3.671991,0.04141104221343994,0.2571428716182709,0.5952380895614624
YOR027W,YPL178W,0,-3.6732333,0.04137931019067764,0.2571428716182709,0.595714271068573
YPL200W,YOR175C,0,-3.6746943,0.041347626596689224,0.2571428716182709,0.5961904525756836
YHR005C-A,YIL142W,0,-3.6800435,0.041315991431474686,0.2571428716182709,0.596666693687439
YJR052W,YPR122W,0,-3.6813624,0.04128440469503403,0.2571428716182709,0.5971428751945496
YOR258W,YMR188C,0,-3.6821012,0.04125286638736725,0.2571428716182709,0.5976190567016602
YGR159C,YER029C,0,-3.6849725,0.04122137278318405,0.2571428716182709,0.5980952382087708
YOR071C,YHR156C,0,-3.6856868,0.04118993133306503,0.2571428716182709,0.5985714197158813
YDR139C,YJR134C,0,-3.6868083,0.041158538311719894,0.2571428716182709,0.5990476012229919
YML094W,YGR292W,0,-3.6872907,0.04112718999385834,0.2571428716182709,0.5995237827301025
YPL049C,YDR309C,0,-3.687661,0.04109589010477066,0.2571428716182709,0.6000000238418579
YOL149W,YNL250W,0,-3.6878693,0.04106463864445686,0.2571428716182709,0.6004762053489685
YJL081C,YJR119C,0,-3.6881754,0.041033435612916946,0.2571428716182709,0.6009523868560791
YOR337W,YLL018C-A,0,-3.6885633,0.04100227728486061,0.2571428716182709,0.6014285683631897
YOR110W,YJR041C,0,-3.6896827,0.040971167385578156,0.2571428716182709,0.6019047498703003
YPR035W,YML028W,0,-3.691634,0.04094010591506958,0.2571428716182709,0.6023809313774109
YIL155C,YKL175W,0,-3.6928089,0.040909089148044586,0.2571428716182709,0.6028571724891663
YER147C,YBR177C,0,-3.6962478,0.04087812080979347,0.2571428716182709,0.6033333539962769
YLR151C,YMR026C,0,-3.6982594,0.04084720090031624,0.2571428716182709,0.6038095355033875
YOL121C,YHR170W,1,-3.698277,0.04157218337059021,0.261904776096344,0.6038095355033875
YGR218W,YIL115C,1,-3.7014797,0.04229607433080673,0.2666666805744171,0.6038095355033875
YOR226C,YDR472W,0,-3.7057664,0.04226415231823921,0.2666666805744171,0.604285717010498
YMR137C,YKR071C,0,-3.7065399,0.04223227873444557,0.2666666805744171,0.6047618985176086
YML100W,YBR006W,0,-3.706725,0.04220045357942581,0.2666666805744171,0.6052380800247192
YGL090W,YKL006C-A,0,-3.7092988,0.04216867312788963,0.2666666805744171,0.6057142615318298
YGR276C,YFL061W,0,-3.70946,0.04213694483041763,0.2666666805744171,0.6061905026435852
YGR271W,YPL188W,0,-3.7104685,0.04210526496171951,0.2666666805744171,0.6066666841506958
YFL041W,YMR316W,0,-3.7111657,0.042073629796504974,0.2666666805744171,0.6071428656578064
YPR042C,YDR527W,0,-3.7151968,0.042042043060064316,0.2666666805744171,0.607619047164917
YKL198C,YGL196W,0,-3.7172844,0.04201050102710724,0.2666666805744171,0.6080952286720276
YDR110W,YNL281W,0,-3.7187617,0.04197901114821434,0.2666666805744171,0.6085714101791382
YDL110C,YFR038W,0,-3.7203794,0.04194756597280502,0.2666666805744171,0.6090475916862488
YMR023C,YDL235C,0,-3.7223408,0.041916169226169586,0.2666666805744171,0.6095238327980042
YLR099C,YIL120W,0,-3.7253382,0.04188481718301773,0.2666666805744171,0.6100000143051147
YPL188W,YMR041C,0,-3.7255807,0.041853513568639755,0.2666666805744171,0.6104761958122253
YDR045C,YGR169C,0,-3.7300236,0.04182225465774536,0.2666666805744171,0.6109523773193359
YDR285W,YER153C,0,-3.731638,0.04179104417562485,0.2666666805744171,0.6114285588264465
YOR222W,YMR109W,0,-3.7319,0.041759882122278214,0.2666666805744171,0.6119047403335571
YOR143C,YBL011W,0,-3.7319877,0.04172876477241516,0.2666666805744171,0.6123809814453125
YER127W,YBR207W,0,-3.733504,0.04169769212603569,0.2666666805744171,0.6128571629524231
YJL003W,YLR043C,0,-3.7406871,0.0416666679084301,0.2666666805744171,0.6133333444595337
YOR054C,YLR120C,0,-3.7416089,0.04163568839430809,0.2666666805744171,0.6138095259666443
YGR112W,YHR179W,0,-3.7425878,0.04160475358366966,0.2666666805744171,0.6142857074737549
YMR127C,YOR110W,0,-3.7434986,0.041573867201805115,0.2666666805744171,0.6147618889808655
YDR117C,YBR150C,0,-3.745184,0.04154302552342415,0.2666666805744171,0.6152380704879761
YDR138W,YDR483W,0,-3.7456353,0.04151223227381706,0.2666666805744171,0.6157143115997314
YDR246W,YOR074C,0,-3.74807,0.04148148000240326,0.2666666805744171,0.616190493106842
YLR037C,YFR037C,0,-3.749489,0.041450776159763336,0.2666666805744171,0.6166666746139526
YPL099C,YOR068C,0,-3.749632,0.041420117020606995,0.2666666805744171,0.6171428561210632
YNL147W,YNR027W,0,-3.7500803,0.04138950631022453,0.2666666805744171,0.6176190376281738
YJL180C,YLL019C,0,-3.7545536,0.041358936578035355,0.2666666805744171,0.6180952191352844
YKR085C,YDR317W,0,-3.7553318,0.04132841154932976,0.2666666805744171,0.618571400642395
YDR034C,YDR238C,0,-3.7562158,0.04129793494939804,0.2666666805744171,0.6190476417541504
YPR006C,YMR298W,0,-3.7573817,0.041267503052949905,0.2666666805744171,0.619523823261261
YOR060C,YER095W,0,-3.7575095,0.04123711213469505,0.2666666805744171,0.6200000047683716
YPL146C,YER036C,1,-3.7588425,0.04194260388612747,0.27142858505249023,0.6200000047683716
YJL041W,YDR091C,1,-3.7610545,0.04264706000685692,0.27619048953056335,0.6200000047683716
YCR039C,YMR172W,0,-3.7610924,0.04261572286486626,0.27619048953056335,0.6204761862754822
YOR092W,YGR263C,0,-3.7617168,0.042584434151649475,0.27619048953056335,0.6209523677825928
YHR088W,YLL035W,0,-3.7637327,0.042553190141916275,0.27619048953056335,0.6214285492897034
YGR296W,YJL125C,0,-3.765185,0.042521994560956955,0.27619048953056335,0.6219047904014587
YML049C,YLL004W,0,-3.7655962,0.042490843683481216,0.27619048953056335,0.6223809719085693
YDR393W,YOR048C,0,-3.7689378,0.04245973750948906,0.27619048953056335,0.6228571534156799
YLR425W,YGR145W,0,-3.7705426,0.042428676038980484,0.27619048953056335,0.6233333349227905
YMR063W,YPR198W,0,-3.770725,0.04239765927195549,0.27619048953056335,0.6238095164299011
YKL194C,YDL192W,0,-3.7717626,0.042366690933704376,0.27619048953056335,0.6242856979370117
YBR061C,YDL175C,0,-3.7725222,0.042335767298936844,0.27619048953056335,0.6247618794441223
YLL050C,YJR066W,0,-3.7737281,0.04230488836765289,0.27619048953056335,0.6252381205558777
YNL023C,YML055W,0,-3.7740366,0.042274054139852524,0.27619048953056335,0.6257143020629883
YCR106W,YDR378C,0,-3.7749946,0.042243264615535736,0.27619048953056335,0.6261904835700989
YDL202W,YKL203C,0,-3.7752225,0.04221251979470253,0.27619048953056335,0.6266666650772095
YBL080C,YMR241W,0,-3.7768428,0.042181819677352905,0.27619048953056335,0.6271428465843201
YCR036W,YGL122C,0,-3.777047,0.04215116426348686,0.27619048953056335,0.6276190280914307
YER120W,YGR047C,0,-3.7771437,0.0421205535531044,0.27619048953056335,0.6280952095985413
YDR469W,YER161C,0,-3.7805223,0.04208998382091522,0.27619048953056335,0.6285714507102966
YGL135W,YBR067C,0,-3.7830968,0.042059462517499924,0.27619048953056335,0.6290476322174072
YDR139C,YIL021W,0,-3.783233,0.04202898591756821,0.27619048953056335,0.6295238137245178
YPR162C,YPL085W,0,-3.7839847,0.04199855029582977,0.27619048953056335,0.6299999952316284
YER154W,YGR212W,0,-3.784675,0.04196816310286522,0.27619048953056335,0.630476176738739
YOR340C,YMR211W,0,-3.7874973,0.04193781688809395,0.27619048953056335,0.6309523582458496
YPR007C,YDR201W,0,-3.7879379,0.04190751537680626,0.27619048953056335,0.631428599357605
YHR143W,YML021C,0,-3.7889361,0.04187725484371185,0.27619048953056335,0.6319047808647156
YOL040C,YKL143W,1,-3.7894356,0.04256854206323624,0.2809523940086365,0.6319047808647156
YAL059W,YIL115C,1,-3.791822,0.04325883090496063,0.2857142984867096,0.6319047808647156
YML104C,YLR093C,0,-3.7940862,0.0432276651263237,0.2857142984867096,0.6323809623718262
YDR060W,YJR004C,0,-3.7977881,0.04319654405117035,0.2857142984867096,0.6328571438789368
YGL240W,YKL052C,0,-3.7983446,0.04316546767950058,0.2857142984867096,0.6333333253860474
YDR148C,YLR187W,0,-3.7988584,0.04313443601131439,0.2857142984867096,0.633809506893158
YMR233W,YDR457W,0,-3.7989564,0.043103449046611786,0.2857142984867096,0.6342856884002686
YOL051W,YKL021C,0,-3.7999349,0.04307250678539276,0.2857142984867096,0.6347619295120239
YIL074C,YMR025W,0,-3.8000777,0.04304160550236702,0.2857142984867096,0.6352381110191345
YGL087C,YML128C,0,-3.8008342,0.04301075264811516,0.2857142984867096,0.6357142925262451
YBR223C,YDL029W,0,-3.8037245,0.04297994449734688,0.2857142984867096,0.6361904740333557
YGL172W,YKL143W,1,-3.8038096,0.043664995580911636,0.2904762029647827,0.6361904740333557
YIL115C,YPR016C,1,-3.806225,0.0443490706384182,0.29523810744285583,0.6361904740333557
YOR018W,YPR118W,0,-3.8115072,0.04431736841797829,0.29523810744285583,0.6366666555404663
YML011C,YJL187C,0,-3.8117225,0.044285714626312256,0.29523810744285583,0.6371428370475769
YCR098C,YHR105W,0,-3.812064,0.044254105538129807,0.29523810744285583,0.6376190185546875
YNL130C,YDR005C,0,-3.813038,0.04422253742814064,0.29523810744285583,0.6380952596664429
YGR030C,YKL172W,0,-3.8161268,0.044191017746925354,0.29523810744285583,0.6385714411735535
YJR092W,YGL129C,0,-3.8206477,0.04415954276919365,0.29523810744285583,0.6390476226806641
YBR261C,YML095C,0,-3.8232467,0.044128112494945526,0.29523810744285583,0.6395238041877747
YML086C,YPL198W,0,-3.8238463,0.044096726924180984,0.29523810744285583,0.6399999856948853
YKR105C,YOR177C,0,-3.8258266,0.044065386056900024,0.29523810744285583,0.6404761672019958
YDL087C,YHR001W-A,0,-3.8264434,0.044034089893102646,0.29523810744285583,0.6409524083137512
YOR085W,YLR382C,0,-3.8275564,0.04400283843278885,0.29523810744285583,0.6414285898208618
YOR209C,YPR138C,0,-3.82941,0.04397163167595863,0.29523810744285583,0.6419047713279724
YNL298W,YGR155W,0,-3.830024,0.0439404658973217,0.29523810744285583,0.642380952835083
YBR175W,YPR133C,0,-3.8327973,0.04390934854745865,0.29523810744285583,0.6428571343421936
YOR054C,YMR208W,0,-3.8328865,0.04387827217578888,0.29523810744285583,0.6433333158493042
YDR423C,YMR168C,0,-3.8332765,0.04384724050760269,0.29523810744285583,0.6438094973564148
YDL220C,YIL094C,0,-3.8346407,0.043816253542900085,0.29523810744285583,0.6442857384681702
YOL121C,YKL143W,1,-3.8359268,0.04449152573943138,0.30000001192092896,0.6442857384681702
YGR058W,YLR113W,0,-3.8390608,0.044460125267505646,0.30000001192092896,0.6447619199752808
YOR347C,YJL121C,0,-3.8412526,0.04442877322435379,0.30000001192092896,0.6452381014823914
YLR096W,YOL010W,0,-3.8439772,0.04439746215939522,0.30000001192092896,0.645714282989502
YBL091C,YPR143W,0,-3.8441966,0.04436619579792023,0.30000001192092896,0.6461904644966125
YLR248W,YPR189W,0,-3.844218,0.04433497413992882,0.30000001192092896,0.6466666460037231
YOR047C,YJR041C,0,-3.8479702,0.04430379718542099,0.30000001192092896,0.6471428275108337
YOL116W,YLR060W,0,-3.8480647,0.044272664934396744,0.30000001192092896,0.6476190686225891
YGL211W,YLR318W,0,-3.8511665,0.04424157366156578,0.30000001192092896,0.6480952501296997
YOR068C,YDR235W,0,-3.8544242,0.0442105270922184,0.30000001192092896,0.6485714316368103
YCR010C,YKR030W,0,-3.85771,0.0441795215010643,0.30000001192092896,0.6490476131439209
YBR009C,YMR240C,0,-3.8590643,0.04414856433868408,0.30000001192092896,0.6495237946510315
YLR080W,YBR185C,0,-3.860152,0.04411764815449715,0.30000001192092896,0.6499999761581421
YER113C,YGR058W,0,-3.863991,0.044086772948503494,0.30000001192092896,0.6504762172698975
YHR041C,YMR139W,0,-3.864299,0.04405594244599342,0.30000001192092896,0.6509523987770081
YOL096C,YDR235W,0,-3.8671417,0.044025156646966934,0.30000001192092896,0.6514285802841187
YMR301C,YGL064C,0,-3.8674564,0.04399441182613373,0.30000001192092896,0.6519047617912292
YOR156C,YJR036C,0,-3.8701982,0.0439637117087841,0.30000001192092896,0.6523809432983398
YKR062W,YBR276C,0,-3.8725092,0.04393305256962776,0.30000001192092896,0.6528571248054504
YHR088W,YMR036C,0,-3.8725858,0.043902438133955,0.30000001192092896,0.653333306312561
YNL302C,YNR053C,1,-3.8728704,0.044568244367837906,0.3047619163990021,0.653333306312561
YKL132C,YDR356W,0,-3.8755076,0.04453723132610321,0.3047619163990021,0.6538095474243164
YEL013W,YJR034W,0,-3.876438,0.0445062592625618,0.3047619163990021,0.654285728931427
YDL024C,YMR077C,0,-3.881822,0.04447533190250397,0.3047619163990021,0.6547619104385376
YPR200C,YLR085C,0,-3.8843317,0.04444444552063942,0.3047619163990021,0.6552380919456482
YEL022W,YKL195W,0,-3.8847048,0.044413600116968155,0.3047619163990021,0.6557142734527588
YJL013C,YHR147C,0,-3.8858936,0.04438280314207077,0.3047619163990021,0.6561904549598694
YIL173W,YML124C,0,-3.8888137,0.04435204342007637,0.3047619163990021,0.6566666960716248
YPL167C,YOR016C,0,-3.891701,0.04432132840156555,0.3047619163990021,0.6571428775787354
YBL064C,YMR184W,0,-3.892116,0.044290658086538315,0.3047619163990021,0.657619059085846
YPL120W,YDR257C,0,-3.8923552,0.04426002874970436,0.3047619163990021,0.6580952405929565
YLR435W,YDR151C,0,-3.8955283,0.04422944039106369,0.3047619163990021,0.6585714221000671
YML106W,YPL060W,0,-3.896886,0.0441988967359066,0.3047619163990021,0.6590476036071777
YNL268W,YGR234W,0,-3.8982081,0.044168390333652496,0.3047619163990021,0.6595237851142883
YCR011C,YLR299W,0,-3.8987095,0.04413793236017227,0.3047619163990021,0.6600000262260437
YLR099C,YJR059W,0,-3.899525,0.04410751163959503,0.3047619163990021,0.6604762077331543
YCR026C,YKR027W,0,-3.8995872,0.04407713562250137,0.3047619163990021,0.6609523892402649
YOR143C,YPL174C,0,-3.8996086,0.044046800583601,0.3047619163990021,0.6614285707473755
YDR300C,YDL225W,0,-3.902416,0.044016506522893906,0.3047619163990021,0.6619047522544861
YFR030W,YNL293W,0,-3.905698,0.043986253440380096,0.3047619163990021,0.6623809337615967
YER155C,YMR173W,0,-3.90623,0.04395604506134987,0.3047619163990021,0.6628571152687073
YHR011W,YHR206W,0,-3.9079204,0.043925873935222626,0.3047619163990021,0.6633333563804626
YOL042W,YDL102W,0,-3.9100082,0.043895747512578964,0.3047619163990021,0.6638095378875732
YDR011W,YDR137W,0,-3.9101546,0.043865662068128586,0.3047619163990021,0.6642857193946838
YIR009W,YEL041W,0,-3.9102902,0.04383561760187149,0.3047619163990021,0.6647619009017944
YLR371W,YKL191W,0,-3.9112928,0.04380561411380768,0.3047619163990021,0.665238082408905
YNR027W,YDL195W,0,-3.9114726,0.04377565160393715,0.3047619163990021,0.6657142639160156
YIR031C,YOR011W,0,-3.911554,0.043745726346969604,0.3047619163990021,0.666190505027771
YDR345C,YGR138C,0,-3.9144704,0.04371584579348564,0.3047619163990021,0.6666666865348816
YDR011W,YMR296C,0,-3.9157448,0.04368600621819496,0.3047619163990021,0.6671428680419922
YHR168W,YCR009C,0,-3.9171255,0.043656207621097565,0.3047619163990021,0.6676190495491028
YBR155W,YOR330C,0,-3.9193075,0.04362645000219345,0.3047619163990021,0.6680952310562134
YBL092W,YEL015W,0,-3.9200084,0.04359672963619232,0.3047619163990021,0.668571412563324
YMR137C,YML036W,0,-3.923663,0.043567053973674774,0.3047619163990021,0.6690475940704346
YNL240C,YBL103C,0,-3.9237535,0.04353741556406021,0.3047619163990021,0.6695238351821899
YJL041W,YHR170W,1,-3.9237704,0.044187627732753754,0.3095238208770752,0.6695238351821899
YOR230W,YDR397C,0,-3.927395,0.04415760934352875,0.3095238208770752,0.6700000166893005
YPR067W,YOL007C,0,-3.9279234,0.044127631932497025,0.3095238208770752,0.6704761981964111
YGL004C,YJL189W,0,-3.9279478,0.044097691774368286,0.3095238208770752,0.6709523797035217
YML023C,YPR162C,0,-3.9356005,0.04406779631972313,0.3095238208770752,0.6714285612106323
YER030W,YGR027C,0,-3.9362955,0.044037941843271255,0.3095238208770752,0.6719047427177429
YDR347W,YOR078W,0,-3.9377859,0.044008124619722366,0.3095238208770752,0.6723809242248535
YJR001W,YML049C,0,-3.9411404,0.04397834837436676,0.3095238208770752,0.6728571653366089
YOR117W,YCR057C,0,-3.9412138,0.04394861310720444,0.3095238208770752,0.6733333468437195
YIL135C,YDL154W,0,-3.9451158,0.0439189188182354,0.3095238208770752,0.6738095283508301
YGR282C,YIL093C,0,-3.9459064,0.04388926550745964,0.3095238208770752,0.6742857098579407
YOR320C,YLR367W,0,-3.9504054,0.04385964944958687,0.3095238208770752,0.6747618913650513
YGR193C,YDR101C,0,-3.9541066,0.04383007436990738,0.3095238208770752,0.6752380728721619
YKR097W,YDR533C,0,-3.9547908,0.04380054026842117,0.3095238208770752,0.6757143139839172
YFL044C,YDR285W,0,-3.9570992,0.04377104341983795,0.3095238208770752,0.6761904954910278
YJL079C,YKR068C,0,-3.9577808,0.04374158754944801,0.3095238208770752,0.6766666769981384
YNL138W,YNL223W,0,-3.9593139,0.04371217265725136,0.3095238208770752,0.677142858505249
YGL009C,YMR208W,0,-3.9593685,0.04368279501795769,0.3095238208770752,0.6776190400123596
YKL145W,YOL096C,0,-3.9598558,0.0436534583568573,0.3095238208770752,0.6780952215194702
YOR270C,YEL032W,0,-3.9614885,0.043624162673950195,0.3095238208770752,0.6785714030265808
YHR036W,YDR510W,0,-3.9641783,0.043594904243946075,0.3095238208770752,0.6790476441383362
YOL056W,YDR240C,0,-3.9653907,0.04356568306684494,0.3095238208770752,0.6795238256454468
YOR194C,YJR119C,0,-3.9673407,0.04353650286793709,0.3095238208770752,0.6800000071525574
YGR212W,YDR088C,0,-3.9688976,0.04350736364722252,0.3095238208770752,0.680476188659668
YOR089C,YBR166C,0,-3.9691856,0.043478261679410934,0.3095238208770752,0.6809523701667786
YNL131W,YAL011W,0,-3.9695404,0.043449196964502335,0.3095238208770752,0.6814285516738892
YJL066C,YNL107W,0,-3.9708498,0.04342017322778702,0.3095238208770752,0.6819047331809998
YIL094C,YLR248W,0,-3.9734495,0.043391186743974686,0.3095238208770752,0.6823809742927551
YBR254C,YBR145W,0,-3.9737957,0.04336224123835564,0.3095238208770752,0.6828571557998657
YPL017C,YFL025C,0,-3.97495,0.04333333298563957,0.3095238208770752,0.6833333373069763
YDR376W,YGL205W,0,-3.9754643,0.04330446198582649,0.3095238208770752,0.6838095188140869
YDR190C,YDR003W,0,-3.9783533,0.043275631964206696,0.3095238208770752,0.6842857003211975
YNL302C,YAL059W,1,-3.9846237,0.04391217604279518,0.3142857253551483,0.6842857003211975
YOL121C,YMR235C,1,-3.9850628,0.04454787075519562,0.31904762983322144,0.6842857003211975
YBR091C,YOR259C,0,-3.9863226,0.04451827332377434,0.31904762983322144,0.6847618818283081
YIL135C,YBR050C,0,-3.9871438,0.04448871314525604,0.31904762983322144,0.6852381229400635
YJL069C,YIR015W,0,-3.9886868,0.04445919021964073,0.31904762983322144,0.6857143044471741
YLR381W,YKR101W,0,-3.9888015,0.044429708272218704,0.31904762983322144,0.6861904859542847
YEL015W,YDR411C,0,-3.993382,0.04440026357769966,0.31904762983322144,0.6866666674613953
YNR027W,YPL138C,0,-3.9940321,0.0443708598613739,0.31904762983322144,0.6871428489685059
YGR085C,YGL078C,0,-3.9984925,0.044341497123241425,0.31904762983322144,0.6876190304756165
YLR287C-A,YHR017W,0,-3.99894,0.044312167912721634,0.31904762983322144,0.688095211982727
YPL078C,YJR130C,0,-4.002772,0.044282883405685425,0.31904762983322144,0.6885714530944824
YPL093W,YNL302C,1,-4.007037,0.044914133846759796,0.32380953431129456,0.6885714530944824
YDR025W,YDR098C,0,-4.008977,0.044884487986564636,0.32380953431129456,0.689047634601593
YDR034C,YDR317W,0,-4.0090666,0.04485488310456276,0.32380953431129456,0.6895238161087036
YDR308C,YIL160C,0,-4.010182,0.04482531175017357,0.32380953431129456,0.6899999976158142
YER036C,YLL034C,1,-4.01392,0.04545454680919647,0.3285714387893677,0.6899999976158142
YNL259C,YNL180C,0,-4.01677,0.04542462155222893,0.3285714387893677,0.6904761791229248
YKL042W,YPL075W,0,-4.021282,0.045394737273454666,0.3285714387893677,0.6909523606300354
YDL137W,YDR044W,0,-4.0222616,0.04536489024758339,0.3285714387893677,0.691428542137146
YLR404W,YOR353C,0,-4.0283966,0.045335084199905396,0.3285714387893677,0.6919047832489014
YGL226W,YHR117W,0,-4.0286746,0.045305319130420685,0.3285714387893677,0.692380964756012
YMR256C,YOR113W,0,-4.0311894,0.04527559131383896,0.3285714387893677,0.6928571462631226
YOL028C,YDR227W,0,-4.0337358,0.04524590075016022,0.3285714387893677,0.6933333277702332
YEL052W,YFL023W,0,-4.0338845,0.04521625116467476,0.3285714387893677,0.6938095092773438
YJL045W,YER061C,0,-4.0377564,0.045186638832092285,0.3285714387893677,0.6942856907844543
YML049C,YPL140C,0,-4.038496,0.045157067477703094,0.3285714387893677,0.6947619318962097
YMR198W,YIR015W,0,-4.038505,0.04512753337621689,0.3285714387893677,0.6952381134033203
YJL041W,YPR016C,1,-4.0386896,0.04575163498520851,0.3333333432674408,0.6952381134033203
YML080W,YGR029W,0,-4.0422,0.04572175070643425,0.3333333432674408,0.6957142949104309
YAL059W,YOL121C,1,-4.04554,0.04634464904665947,0.3380952477455139,0.6957142949104309
YNL102W,YDR201W,0,-4.047679,0.04631441459059715,0.3380952477455139,0.6961904764175415
YAL008W,YER030W,0,-4.051077,0.04628422483801842,0.3380952477455139,0.6966666579246521
YJR101W,YPL007C,0,-4.0526705,0.04625407233834267,0.3380952477455139,0.6971428394317627
YHR153C,YKL206C,0,-4.0542626,0.0462239570915699,0.3380952477455139,0.6976190209388733
YHL025W,YDR093W,0,-4.0560946,0.04619388282299042,0.3380952477455139,0.6980952620506287
YCL061C,YKL117W,0,-4.0573773,0.04616384953260422,0.3380952477455139,0.6985714435577393
YMR313C,YCL067C,0,-4.059641,0.046133853495121,0.3380952477455139,0.6990476250648499
YHR205W,YPL001W,0,-4.060649,0.04610389471054077,0.3380952477455139,0.6995238065719604
YKL197C,YJR117W,0,-4.065061,0.046073976904153824,0.3380952477455139,0.699999988079071
YAL034W-A,YPR131C,0,-4.0662184,0.04604410007596016,0.3380952477455139,0.7004761695861816
YAR042W,YKL080W,0,-4.0664773,0.04601425677537918,0.3380952477455139,0.700952410697937
YJL041W,YKL143W,1,-4.0671415,0.04663212597370148,0.34285715222358704,0.700952410697937
YNL128W,YPL254W,0,-4.0675063,0.04660193994641304,0.34285715222358704,0.7014285922050476
YDR345C,YIR023W,0,-4.0719476,0.046571798622608185,0.34285715222358704,0.7019047737121582
YDL117W,YER013W,0,-4.072483,0.046541694551706314,0.34285715222358704,0.7023809552192688
YER142C,YGL051W,0,-4.0726395,0.04651162773370743,0.34285715222358704,0.7028571367263794
YHR082C,YHR206W,0,-4.0737443,0.046481601893901825,0.34285715222358704,0.70333331823349
YPL112C,YPL111W,0,-4.0746007,0.04645161330699921,0.34285715222358704,0.7038094997406006
YIL126W,YLR385C,0,-4.078523,0.04642166197299957,0.34285715222358704,0.704285740852356
YBR247C,YBR030W,0,-4.0791807,0.04639175161719322,0.34285715222358704,0.7047619223594666
YMR078C,YLR085C,0,-4.079248,0.046361878514289856,0.34285715222358704,0.7052381038665771
YDL154W,YDL033C,0,-4.0806293,0.04633204638957977,0.34285715222358704,0.7057142853736877
YBR214W,YDL045C,0,-4.0813837,0.046302251517772675,0.34285715222358704,0.7061904668807983
YJL041W,YAL059W,1,-4.0815196,0.046915166079998016,0.34761905670166016,0.7061904668807983
YML015C,YLR060W,0,-4.08569,0.046885035932064056,0.34761905670166016,0.7066666483879089
YBL047C,YNL185C,0,-4.0860653,0.04685494303703308,0.34761905670166016,0.7071428298950195
YLR192C,YEL024W,0,-4.0861526,0.04682488739490509,0.34761905670166016,0.7076190710067749
YMR193W,YIL132C,0,-4.08663,0.04679487273097038,0.34761905670166016,0.7080952525138855
YGR223C,YLR052W,0,-4.0884247,0.04676489531993866,0.34761905670166016,0.7085714340209961
YNR072W,YGL005C,0,-4.0891953,0.04673495516180992,0.34761905670166016,0.7090476155281067
YDR227W,YLR382C,0,-4.0902605,0.046705055981874466,0.34761905670166016,0.7095237970352173
YDR233C,YBR145W,0,-4.0926647,0.0466751903295517,0.34761905670166016,0.7099999785423279
YER090W,YKL045W,0,-4.0934334,0.04664536565542221,0.34761905670166016,0.7104762196540833
YDR464W,YNL286W,0,-4.098332,0.04661558195948601,0.34761905670166016,0.7109524011611938
YDL127W,YDR170C,0,-4.1000757,0.04658583179116249,0.34761905670166016,0.7114285826683044
YGR253C,YER032W,0,-4.100301,0.04655612260103226,0.34761905670166016,0.711904764175415
YNL199C,YMR168C,0,-4.104493,0.04652645066380501,0.34761905670166016,0.7123809456825256
YPL146C,YPR016C,1,-4.1124616,0.047133758664131165,0.3523809611797333,0.7123809456825256
YGL189C,YIL004C,0,-4.1126385,0.04710375517606735,0.3523809611797333,0.7128571271896362
YDR129C,YBR243C,0,-4.114588,0.04707379266619682,0.3523809611797333,0.7133333086967468
YMR223W,YBR187W,0,-4.1183047,0.04704386368393898,0.3523809611797333,0.7138095498085022
YPR068C,YOR373W,0,-4.1194267,0.04701397567987442,0.3523809611797333,0.7142857313156128
YOR206W,YNL302C,1,-4.127875,0.0476190485060215,0.3571428656578064,0.7142857313156128
YOL040C,YDR361C,1,-4.130241,0.0482233501970768,0.3619047701358795,0.7142857313156128
YJR059W,YLR237W,0,-4.1302514,0.048192769289016724,0.3619047701358795,0.7147619128227234
YDL231C,YFR027W,0,-4.130757,0.04816222935914993,0.3619047701358795,0.715238094329834
YLL061W,YDL076C,0,-4.1339393,0.048131730407476425,0.3619047701358795,0.7157142758369446
YGR120C,YBL106C,0,-4.140163,0.048101264983415604,0.3619047701358795,0.7161904573440552
YKL134C,YOR109W,0,-4.140433,0.048070840537548065,0.3619047701358795,0.7166666388511658
YDR398W,YHR205W,0,-4.1419964,0.04804045334458351,0.3619047701358795,0.7171428799629211
YLR043C,YDR111C,0,-4.1431336,0.04801010712981224,0.3619047701358795,0.7176190614700317
YIL075C,YER089C,0,-4.14482,0.047979798167943954,0.3619047701358795,0.7180952429771423
YKL048C,YBR164C,0,-4.146694,0.04794952645897865,0.3619047701358795,0.7185714244842529
YPR198W,YDR330W,0,-4.1477914,0.047919292002916336,0.3619047701358795,0.7190476059913635
YMR192W,YGL238W,0,-4.150266,0.0478890985250473,0.3619047701358795,0.7195237874984741
YPL078C,YBR091C,0,-4.1556077,0.04785894230008125,0.3619047701358795,0.7200000286102295
YNL302C,YDR361C,1,-4.1572595,0.04845815151929855,0.36666667461395264,0.7200000286102295
YHR110W,YML094W,0,-4.1584835,0.04842767119407654,0.36666667461395264,0.7204762101173401
YAL043C,YEL051W,0,-4.1655726,0.048397235572338104,0.36666667461395264,0.7209523916244507
YBR149W,YMR316W,0,-4.168306,0.04836683347821236,0.36666667461395264,0.7214285731315613
YIL052C,YPR171W,0,-4.1685276,0.04833647236227989,0.36666667461395264,0.7219047546386719
YOR206W,YOL040C,1,-4.170333,0.04893350228667259,0.37142857909202576,0.7219047546386719
YOL028C,YIL022W,0,-4.1749954,0.04890282079577446,0.37142857909202576,0.7223809361457825
YOL126C,YGR145W,0,-4.1756606,0.04887218028306961,0.37142857909202576,0.7228571176528931
YBL023C,YDR407C,0,-4.1796756,0.048841577023267746,0.37142857909202576,0.7233333587646484
YJL087C,YNR044W,0,-4.18113,0.048811014741659164,0.37142857909202576,0.723809540271759
YDR361C,YIL115C,1,-4.1830177,0.04940588027238846,0.3761904835700989,0.723809540271759
YPL146C,YMR235C,1,-4.1839356,0.05000000074505806,0.380952388048172,0.723809540271759
YIL051C,YDR169C,0,-4.1851835,0.049968767911195755,0.380952388048172,0.7242857217788696
YER162C,YOR084W,0,-4.18555,0.04993757978081703,0.380952388048172,0.7247619032859802
YDL093W,YCR093W,0,-4.187391,0.049906425178050995,0.380952388048172,0.7252380847930908
YDR410C,YCR038C,0,-4.191519,0.04987531155347824,0.380952388048172,0.7257142663002014
YGR239C,YKL195W,0,-4.192059,0.04984423518180847,0.380952388048172,0.726190447807312
YIL106W,YLR213C,0,-4.193026,0.049813199788331985,0.380952388048172,0.7266666889190674
YEL027W,YPL195W,0,-4.1962557,0.049782201647758484,0.380952388048172,0.727142870426178
YEL019C,YGR263C,0,-4.1992526,0.049751244485378265,0.380952388048172,0.7276190519332886
YOR242C,YLR052W,0,-4.1999145,0.04972032457590103,0.380952388048172,0.7280952334403992
YDL100C,YKL001C,0,-4.2009516,0.04968944191932678,0.380952388048172,0.7285714149475098
YPL093W,YMR235C,1,-4.204552,0.05027933046221733,0.3857142925262451,0.7285714149475098
YNL023C,YBR112C,0,-4.2062736,0.05024813860654831,0.3857142925262451,0.7290475964546204
YPR016C,YKL143W,1,-4.2063766,0.0508369505405426,0.39047619700431824,0.7290475964546204
YJR102C,YDR219C,0,-4.2192216,0.05080545321106911,0.39047619700431824,0.7295238375663757
YOR060C,YOR046C,0,-4.2217507,0.050773993134498596,0.39047619700431824,0.7300000190734863
YPR095C,YPR169W,0,-4.221815,0.05074257403612137,0.39047619700431824,0.7304762005805969
YER090W,YNR052C,0,-4.224103,0.050711192190647125,0.39047619700431824,0.7309523820877075
YGL211W,YOR316C,0,-4.224761,0.050679851323366165,0.39047619700431824,0.7314285635948181
YPL040C,YDR093W,0,-4.2263293,0.05064854770898819,0.39047619700431824,0.7319047451019287
YDR139C,YNL102W,0,-4.2295976,0.0506172850728035,0.39047619700431824,0.7323809266090393
YER020W,YDR298C,0,-4.230186,0.05058605968952179,0.39047619700431824,0.7328571677207947
YNL020C,YAL029C,0,-4.2357593,0.050554871559143066,0.39047619700431824,0.7333333492279053
YJL041W,YHR197W,1,-4.2383475,0.051139865070581436,0.39523810148239136,0.7333333492279053
YDR510W,YKL130C,0,-4.2402225,0.05110837519168854,0.39523810148239136,0.7338095307350159
YCR026C,YGL220W,0,-4.242696,0.051076922565698624,0.39523810148239136,0.7342857122421265
YIL134W,YIL093C,0,-4.243195,0.05104551091790199,0.39523810148239136,0.7347618937492371
YHR168W,YLR246W,0,-4.2438016,0.05101413652300835,0.39523810148239136,0.7352380752563477
YJL035C,YDR313C,0,-4.244263,0.050982799381017685,0.39523810148239136,0.7357142567634583
YHR025W,YPL235W,0,-4.2466106,0.050951503217220306,0.39523810148239136,0.7361904978752136
YDR296W,YPL129W,0,-4.246637,0.05092024430632591,0.39523810148239136,0.7366666793823242
YPR095C,YCR060W,0,-4.2518983,0.0508890263736248,0.39523810148239136,0.7371428608894348
YGL162W,YIR015W,0,-4.254851,0.05085784196853638,0.39523810148239136,0.7376190423965454
YGL058W,YNR033W,0,-4.2553077,0.050826698541641235,0.39523810148239136,0.738095223903656
YOR340C,YJL058C,0,-4.256517,0.05079559236764908,0.39523810148239136,0.7385714054107666
YOR151C,YIL150C,0,-4.2585855,0.050764527171850204,0.39523810148239136,0.739047646522522
YOR145C,YHR089C,0,-4.26195,0.05073349550366402,0.39523810148239136,0.7395238280296326
YGR154C,YCL069W,0,-4.2633443,0.05070250481367111,0.39523810148239136,0.7400000095367432
YMR075W,YNL309W,0,-4.2654166,0.05067155137658119,0.39523810148239136,0.7404761910438538
YFR005C,YJR133W,0,-4.272388,0.05064063519239426,0.39523810148239136,0.7409523725509644
YLR103C,YNL223W,0,-4.273425,0.050609756261110306,0.39523810148239136,0.741428554058075
YDR138W,YLR033W,0,-4.2746534,0.05057891458272934,0.39523810148239136,0.7419047355651855
YNR001C,YPL178W,0,-4.275211,0.050548113882541656,0.39523810148239136,0.7423809766769409
YOL121C,YER036C,1,-4.2794967,0.051125988364219666,0.4000000059604645,0.7423809766769409
YHR064C,YGL198W,0,-4.280742,0.051094889640808105,0.4000000059604645,0.7428571581840515
YOR206W,YER036C,1,-4.2809167,0.05167173221707344,0.4047619104385376,0.7428571581840515
YHR207C,YNL232W,0,-4.284265,0.0516403391957283,0.4047619104385376,0.7433333396911621
YLR167W,YEL002C,0,-4.2856803,0.05160898715257645,0.4047619104385376,0.7438095211982727
YGR218W,YMR235C,1,-4.2859116,0.052184466272592545,0.4095238149166107,0.7438095211982727
YLR039C,YJR013W,0,-4.285933,0.05215281993150711,0.4095238149166107,0.7442857027053833
YDR443C,YOR320C,0,-4.2860317,0.05212121084332466,0.4095238149166107,0.7447618842124939
YFR025C,YJL073W,0,-4.286368,0.052089642733335495,0.4095238149166107,0.7452380657196045
YMR235C,YKL143W,1,-4.286489,0.05266343802213669,0.41428571939468384,0.7452380657196045
YPL153C,YML101C,0,-4.288119,0.05263157933950424,0.41428571939468384,0.7457143068313599
YNL055C,YOR347C,0,-4.2890053,0.05259975790977478,0.41428571939468384,0.7461904883384705
YBR279W,YPL235W,0,-4.2928762,0.0525679774582386,0.41428571939468384,0.746666669845581
YFL013C,YKL149C,0,-4.293326,0.05253623053431511,0.41428571939468384,0.7471428513526917
YGL172W,YPL146C,1,-4.2938647,0.05310802534222603,0.41904762387275696,0.7471428513526917
YMR040W,YJR052W,0,-4.297294,0.05307599529623985,0.41904762387275696,0.7476190328598022
YGR218W,YER036C,1,-4.2979407,0.05364677682518959,0.4238095283508301,0.7476190328598022
YPL099C,YDR472W,0,-4.2980084,0.053614456206560135,0.4238095283508301,0.7480952143669128
YLR047C,YOR269W,0,-4.2983394,0.05358218029141426,0.4238095283508301,0.7485714554786682
YGL220W,YDR067C,0,-4.2996197,0.05354994162917137,0.4238095283508301,0.7490476369857788
YJL189W,YNR050C,0,-4.300016,0.05351774021983147,0.4238095283508301,0.7495238184928894
YKL048C,YPL130W,0,-4.3053317,0.053485576063394547,0.4238095283508301,0.75
YPL146C,YDR361C,1,-4.305409,0.054054055362939835,0.4285714328289032,0.75
YML071C,YJR050W,0,-4.3056955,0.05402160808444023,0.4285714328289032,0.7504761815071106
YOL040C,YNR053C,1,-4.3090577,0.054589081555604935,0.4333333373069763,0.7504761815071106
YMR072W,YJR036C,0,-4.309186,0.05455635488033295,0.4333333373069763,0.7509523630142212
YDR361C,YNR053C,1,-4.3104563,0.055122826248407364,0.43809524178504944,0.7509523630142212
YPR031W,YJR133W,0,-4.322473,0.05508982017636299,0.43809524178504944,0.7514285445213318
YEL015W,YHR156C,0,-4.3254905,0.0550568513572216,0.43809524178504944,0.7519047856330872
YDL095W,YBR009C,0,-4.3277164,0.0550239235162735,0.43809524178504944,0.7523809671401978
YFR027W,YDL245C,0,-4.329626,0.05499103292822838,0.43809524178504944,0.7528571486473083
YLL043W,YDR103W,0,-4.340041,0.05495818331837654,0.43809524178504944,0.753333330154419
YIL035C,YDR130C,0,-4.3412805,0.05492537468671799,0.43809524178504944,0.7538095116615295
YJL041W,YGR218W,1,-4.341355,0.05548926070332527,0.44285714626312256,0.7538095116615295
YER115C,YFL025C,0,-4.34226,0.05545617267489433,0.44285714626312256,0.7542856931686401
YER072W,YBR118W,0,-4.3450212,0.05542312189936638,0.44285714626312256,0.7547619342803955
YPR154W,YLL006W,0,-4.3451376,0.05539011210203171,0.44285714626312256,0.7552381157875061
YDR371W,YER173W,0,-4.3456745,0.05535714328289032,0.44285714626312256,0.7557142972946167
YDR022C,YDL240W,0,-4.3471026,0.055324211716651917,0.44285714626312256,0.7561904788017273
YDL128W,YER173W,0,-4.347358,0.055291321128606796,0.44285714626312256,0.7566666603088379
YFR050C,YJR066W,0,-4.347405,0.05525846779346466,0.44285714626312256,0.7571428418159485
YDR304C,YHR201C,0,-4.351222,0.05522565171122551,0.44285714626312256,0.7576190233230591
YDL113C,YLR120C,0,-4.3513684,0.05519287660717964,0.44285714626312256,0.7580952644348145
YOL121C,YDR091C,1,-4.3515544,0.05575326085090637,0.4476190507411957,0.7580952644348145
YGL172W,YLL034C,1,-4.3518095,0.056312981992959976,0.4523809552192688,0.7580952644348145
YIL035C,YGR145W,0,-4.3529353,0.05627962201833725,0.4523809552192688,0.758571445941925
YBR177C,YDL018C,0,-4.3536124,0.05624629929661751,0.4523809552192688,0.7590476274490356
YOR085W,YDR524C,0,-4.3553386,0.05621301755309105,0.4523809552192688,0.7595238089561462
YMR211W,YHR158C,0,-4.356506,0.056179776787757874,0.4523809552192688,0.7599999904632568
YKR102W,YER112W,0,-4.3574,0.05614657327532768,0.4523809552192688,0.7604761719703674
YPL019C,YNL294C,0,-4.3574014,0.056113407015800476,0.4523809552192688,0.760952353477478
YJR058C,YNL031C,0,-4.359035,0.05608028173446655,0.4523809552192688,0.7614285945892334
YIL047C,YKR014C,0,-4.3591166,0.05604719743132591,0.4523809552192688,0.761904776096344
YER082C,YGL223C,0,-4.3653746,0.05601415038108826,0.4523809552192688,0.7623809576034546
YGR224W,YOR363C,0,-4.3706784,0.055981144309043884,0.4523809552192688,0.7628571391105652
YKL010C,YNL142W,0,-4.372977,0.055948175489902496,0.4523809552192688,0.7633333206176758
YAL038W,YJR068W,0,-4.3761296,0.05591524392366409,0.4523809552192688,0.7638095021247864
YPL096W,YNR030W,0,-4.38063,0.05588235333561897,0.4523809552192688,0.7642857432365417
YDL115C,YBR094W,0,-4.3807635,0.05584950000047684,0.4523809552192688,0.7647619247436523
YMR235C,YLL034C,1,-4.381292,0.0564042292535305,0.4571428596973419,0.7647619247436523
YIL048W,YDL030W,0,-4.381334,0.056371111422777176,0.4571428596973419,0.7652381062507629
YOR085W,YPL147W,0,-4.3820233,0.056338027119636536,0.4571428596973419,0.7657142877578735
YPR086W,YDR471W,0,-4.38206,0.05630498379468918,0.4571428596973419,0.7661904692649841
YNL291C,YLR394W,0,-4.384016,0.056271981447935104,0.4571428596973419,0.7666666507720947
YGL226W,YOR106W,0,-4.38506,0.056239016354084015,0.4571428596973419,0.7671428322792053
YLR447C,YJL127C,0,-4.3852134,0.05620608851313591,0.4571428596973419,0.7676190733909607
YJL041W,YER036C,1,-4.3863792,0.0567583367228508,0.46190476417541504,0.7676190733909607
YMR088C,YDR301W,0,-4.387346,0.056725144386291504,0.46190476417541504,0.7680952548980713
YGR024C,YNL039W,0,-4.387893,0.05669199302792549,0.46190476417541504,0.7685714364051819
YLR277C,YOL043C,0,-4.3894105,0.05665887892246246,0.46190476417541504,0.7690476179122925
YGR106C,YOR310C,0,-4.3894696,0.05662580206990242,0.46190476417541504,0.7695237994194031
YER180C,YMR193W,0,-4.3926363,0.05659276619553566,0.46190476417541504,0.7699999809265137
YPL063W,YDR045C,0,-4.392799,0.056559767574071884,0.46190476417541504,0.7704761624336243
YBR276C,YDR470C,0,-4.3933444,0.05652680620551109,0.46190476417541504,0.7709524035453796
YOL043C,YGR116W,0,-4.395948,0.056493885815143585,0.46190476417541504,0.7714285850524902
YBL047C,YOR326W,0,-4.3977976,0.05646100267767906,0.46190476417541504,0.7719047665596008
YOL012C,YPR017C,0,-4.3985524,0.05642815679311752,0.46190476417541504,0.7723809480667114
YDR032C,YML125C,0,-4.398813,0.05639534816145897,0.46190476417541504,0.772857129573822
YAL017W,YLL041C,0,-4.3993692,0.0563625805079937,0.46190476417541504,0.7733333110809326
YKL024C,YKL210W,0,-4.3993692,0.05632985010743141,0.46190476417541504,0.773809552192688
YGR124W,YOL070C,0,-4.4025574,0.05629715695977211,0.46190476417541504,0.7742857336997986
YLR390W,YNR047W,0,-4.403996,0.05626450106501579,0.46190476417541504,0.7747619152069092
YBL091C,YPR054W,0,-4.4040647,0.05623188242316246,0.46190476417541504,0.7752380967140198
YDR377W,YLR306W,0,-4.404096,0.05619930475950241,0.46190476417541504,0.7757142782211304
YBR023C,YDL069C,0,-4.408854,0.056166764348745346,0.46190476417541504,0.776190459728241
YOR209C,YHR044C,0,-4.409815,0.05613425746560097,0.46190476417541504,0.7766666412353516
YNL322C,YGL209W,0,-4.411267,0.05610179156064987,0.46190476417541504,0.7771428823471069
YAL011W,YIR011C,0,-4.412063,0.05606936290860176,0.46190476417541504,0.7776190638542175
YOL080C,YER112W,0,-4.4120946,0.056036971509456635,0.46190476417541504,0.7780952453613281
YOR054C,YCR011C,0,-4.4134007,0.05600461736321449,0.46190476417541504,0.7785714268684387
YER029C,YIL153W,0,-4.4137225,0.055972304195165634,0.46190476417541504,0.7790476083755493
YMR314W,YNL206C,0,-4.41527,0.05594002455472946,0.46190476417541504,0.7795237898826599
YOL040C,YAL059W,1,-4.416856,0.056484151631593704,0.46666666865348816,0.7795237898826599
YKL079W,YBL026W,0,-4.4183598,0.05645161122083664,0.46666666865348816,0.7799999713897705
YOR085W,YAL039C,0,-4.4201045,0.05641911178827286,0.46666666865348816,0.7804762125015259
YOR275C,YIL020C,0,-4.421155,0.05638664960861206,0.46666666865348816,0.7809523940086365
YDR388W,YMR184W,0,-4.4234247,0.056354228407144547,0.46666666865348816,0.7814285755157471
YLR396C,YPR122W,0,-4.426636,0.05632184073328972,0.46666666865348816,0.7819047570228577
YIR006C,YOL062C,0,-4.4269443,0.056289490312337875,0.46666666865348816,0.7823809385299683
YAR019C,YCL061C,0,-4.4287305,0.05625717714428902,0.46666666865348816,0.7828571200370789
YDR420W,YDR448W,0,-4.4347014,0.05622490122914314,0.46666666865348816,0.7833333611488342
YER051W,YAL033W,0,-4.437473,0.056192658841609955,0.46666666865348816,0.7838095426559448
YBL092W,YDR487C,0,-4.4390283,0.05616045743227005,0.46666666865348816,0.7842857241630554
YDL035C,YLR313C,0,-4.441362,0.05612829327583313,0.46666666865348816,0.784761905670166
YPL099C,YKR103W,0,-4.4497585,0.056096166372299194,0.46666666865348816,0.7852380871772766
YNL103W,YER171W,0,-4.4522815,0.056064072996377945,0.46666666865348816,0.7857142686843872
YBL005W,YLR006C,0,-4.4542913,0.05603201687335968,0.46666666865348816,0.7861904501914978
YHL028W,YJL081C,0,-4.455016,0.0560000017285347,0.46666666865348816,0.7866666913032532
YGL243W,YGL219C,0,-4.4550934,0.0559680201113224,0.46666666865348816,0.7871428728103638
YPL133C,YDR457W,0,-4.457071,0.055936072021722794,0.46666666865348816,0.7876190543174744
YPL244C,YJR127C,0,-4.457214,0.05590416491031647,0.46666666865348816,0.788095235824585
YEL031W,YKL174C,0,-4.4581804,0.05587229132652283,0.46666666865348816,0.7885714173316956
YOR206W,YGL172W,1,-4.4625006,0.056410256773233414,0.4714285731315613,0.7885714173316956
YJL085W,YNL325C,0,-4.464195,0.05637813359498978,0.4714285731315613,0.7890475988388062
YOL116W,YPR021C,0,-4.4642687,0.056346043944358826,0.4714285731315613,0.7895237803459167
YGL213C,YOR253W,0,-4.465408,0.05631399154663086,0.4714285731315613,0.7900000214576721
YLR206W,YOL122C,0,-4.4671297,0.056281980127096176,0.4714285731315613,0.7904762029647827
YIL039W,YEL054C,0,-4.467505,0.05624999850988388,0.4714285731315613,0.7909523844718933
YPL146C,YDR091C,1,-4.4680967,0.05678591877222061,0.4761904776096344,0.7909523844718933
YBR245C,YDR400W,0,-4.4686995,0.05675368756055832,0.4761904776096344,0.7914285659790039
YEL030W,YFL038C,0,-4.4699707,0.05672149732708931,0.4761904776096344,0.7919047474861145
YOL040C,YPL093W,1,-4.4734645,0.05725623667240143,0.4809523820877075,0.7919047474861145
YGL172W,YHR170W,1,-4.475079,0.0577903687953949,0.48571428656578064,0.7919047474861145
YNL153C,YBR245C,0,-4.475694,0.05775764584541321,0.48571428656578064,0.7923809289932251
YPL038W,YIL143C,0,-4.4759364,0.057724956423044205,0.48571428656578064,0.7928571701049805
YOR267C,YJL140W,0,-4.475945,0.057692307978868484,0.48571428656578064,0.7933333516120911
YBL007C,YHL032C,0,-4.4771,0.05765969306230545,0.48571428656578064,0.7938095331192017
YDR397C,YMR100W,0,-4.4787097,0.0576271191239357,0.48571428656578064,0.7942857146263123
YKR037C,YNL156C,0,-4.4794154,0.057594578713178635,0.48571428656578064,0.7947618961334229
YPL254W,YER100W,0,-4.480184,0.057562075555324554,0.48571428656578064,0.7952380776405334
YLR305C,YDL098C,0,-4.480224,0.05752960965037346,0.48571428656578064,0.795714259147644
YKL155C,YDR395W,0,-4.486532,0.05749718099832535,0.48571428656578064,0.7961905002593994
YGR057C,YHR156C,0,-4.4867396,0.05746478959918022,0.48571428656578064,0.79666668176651
YMR172W,YDR330W,0,-4.487313,0.05743243172764778,0.48571428656578064,0.7971428632736206
YPL146C,YLL034C,1,-4.487695,0.05796285718679428,0.49047619104385376,0.7971428632736206
YDR494W,YNL051W,0,-4.4895797,0.05793025717139244,0.49047619104385376,0.7976190447807312
YER153C,YLR127C,0,-4.4907594,0.057897694408893585,0.49047619104385376,0.7980952262878418
YEL013W,YER095W,0,-4.4940524,0.057865168899297714,0.49047619104385376,0.7985714077949524
YLR247C,YMR036C,0,-4.494058,0.05783267691731453,0.49047619104385376,0.799047589302063
YDL220C,YOR061W,0,-4.5002866,0.05780022591352463,0.49047619104385376,0.7995238304138184
YPL093W,YPL146C,1,-4.5014114,0.05832865834236145,0.4952380955219269,0.7995238304138184
YGL172W,YPR016C,1,-4.5043983,0.058856502175331116,0.5,0.7995238304138184
YGR005C,YBR082C,0,-4.5051894,0.05882352963089943,0.5,0.800000011920929
YOR304W,YIL134W,0,-4.5058303,0.05879059433937073,0.5,0.8004761934280396
YDR229W,YGR058W,0,-4.5064144,0.05875769630074501,0.5,0.8009523749351501
YGL037C,YCL039W,0,-4.5065656,0.05872483178973198,0.5,0.8014285564422607
YER036C,YNR053C,1,-4.506843,0.059250976890325546,0.5047619342803955,0.8014285564422607
YFR030W,YNL103W,0,-4.511091,0.05921787768602371,0.5047619342803955,0.8019047379493713
YNL138W,YIL118W,0,-4.5117574,0.059184812009334564,0.5047619342803955,0.8023809790611267
YNR013C,YDL084W,0,-4.5131803,0.0591517873108387,0.5047619342803955,0.8028571605682373
YDL210W,YLR020C,0,-4.513636,0.05911879613995552,0.5047619342803955,0.8033333420753479
YMR234W,YKL179C,0,-4.518722,0.05908584222197533,0.5047619342803955,0.8038095235824585
YGL172W,YHR197W,1,-4.5208693,0.0596100278198719,0.5095238089561462,0.8038095235824585
YOR046C,YOL145C,0,-4.5216155,0.059576839208602905,0.5095238089561462,0.8042857050895691
YOR092W,YER017C,0,-4.525937,0.059543684124946594,0.5095238089561462,0.8047618865966797
YBL085W,YPL262W,0,-4.5263543,0.05951056629419327,0.5095238089561462,0.8052380681037903
YNL180C,YGR099W,0,-4.5278425,0.059477485716342926,0.5095238089561462,0.8057143092155457
YNL136W,YJL008C,0,-4.529408,0.05944444611668587,0.5095238089561462,0.8061904907226562
YDL205C,YMR100W,0,-4.529658,0.059411436319351196,0.5095238089561462,0.8066666722297668
YHR160C,YLR220W,0,-4.531838,0.05937846750020981,0.5095238089561462,0.8071428537368774
YDR279W,YML041C,0,-4.5333123,0.059345535933971405,0.5095238089561462,0.807619035243988
YCL024W,YMR198W,0,-4.536261,0.05931263789534569,0.5095238089561462,0.8080952167510986
YLR390W,YMR159C,0,-4.5364003,0.059279777109622955,0.5095238089561462,0.808571457862854
YMR238W,YGL006W,0,-4.538807,0.05924695357680321,0.5095238089561462,0.8090476393699646
YKL060C,YKR030W,0,-4.5398865,0.059214167296886444,0.5095238089561462,0.8095238208770752
YOR046C,YDR463W,0,-4.542604,0.05918141454458237,0.5095238089561462,0.8100000023841858
YIL115C,YMR235C,1,-4.5437846,0.05970149114727974,0.5142857432365417,0.8100000023841858
YIL135C,YKL041W,0,-4.543798,0.05966850742697716,0.5142857432365417,0.8104761838912964
YGL191W,YHR067W,0,-4.545876,0.05963556095957756,0.5142857432365417,0.810952365398407
YDR169C,YKL021C,0,-4.546985,0.05960264801979065,0.5142857432365417,0.8114285469055176
YBR069C,YBL014C,0,-4.550165,0.05956977233290672,0.5142857432365417,0.811904788017273
YPR049C,YDR419W,0,-4.558168,0.05953693389892578,0.5142857432365417,0.8123809695243835
YCL050C,YOR257W,0,-4.558604,0.059504132717847824,0.5142857432365417,0.8128571510314941
YML081C-A,YDL202W,0,-4.56229,0.05947136506438255,0.5142857432365417,0.8133333325386047
YMR275C,YOR384W,0,-4.5639997,0.05943863466382027,0.5142857432365417,0.8138095140457153
YMR193W,YKR088C,0,-4.568251,0.059405941516160965,0.5142857432365417,0.8142856955528259
YFL047W,YFL039C,0,-4.5697694,0.05937328189611435,0.5142857432365417,0.8147618770599365
YOR036W,YDR254W,0,-4.570571,0.05934065952897072,0.5142857432365417,0.8152381181716919
YJL003W,YKL067W,0,-4.570845,0.059308070689439774,0.5142857432365417,0.8157142996788025
YGL172W,YAL059W,1,-4.5714917,0.059824369847774506,0.5190476179122925,0.8157142996788025
YGL168W,YKR061W,0,-4.576612,0.059791553765535355,0.5190476179122925,0.8161904811859131
YNL059C,YJL001W,0,-4.5770755,0.05975877121090889,0.5190476179122925,0.8166666626930237
YDR022C,YHR085W,0,-4.5812674,0.05972602590918541,0.5190476179122925,0.8171428442001343
YDR472W,YGR029W,0,-4.5849624,0.059693317860364914,0.5190476179122925,0.8176190257072449
YOR175C,YKL087C,0,-4.590325,0.0596606470644474,0.5190476179122925,0.8180952668190002
YLR201C,YGL137W,0,-4.5954347,0.05962800979614258,0.5190476179122925,0.8185714483261108
YPL234C,YKL039W,0,-4.5981874,0.05959540605545044,0.5190476179122925,0.8190476298332214
YHR041C,YGL203C,0,-4.5996156,0.059562843292951584,0.5190476179122925,0.819523811340332
YMR023C,YER083C,0,-4.600126,0.059530310332775116,0.5190476179122925,0.8199999928474426
YKL116C,YOR179C,0,-4.600804,0.05949781835079193,0.5190476179122925,0.8204761743545532
YCR009C,YHR073W,0,-4.6036377,0.059465356171131134,0.5190476179122925,0.8209523558616638
YMR227C,YDR405W,0,-4.6061187,0.05943293496966362,0.5190476179122925,0.8214285969734192
YBR024W,YNR043W,0,-4.6069264,0.059400543570518494,0.5190476179122925,0.8219047784805298
YNL212W,YLR130C,0,-4.6095862,0.05936819314956665,0.5190476179122925,0.8223809599876404
YNR053C,YPR016C,1,-4.614088,0.05988023802638054,0.523809552192688,0.8223809599876404
YDR265W,YOR150W,0,-4.615286,0.05984766036272049,0.523809552192688,0.822857141494751
YNL214W,YDR438W,0,-4.61571,0.059815116226673126,0.523809552192688,0.8233333230018616
YMR289W,YAL031C,0,-4.617782,0.05978260934352875,0.523809552192688,0.8238095045089722
YGL192W,YKL179C,0,-4.6238017,0.059750135987997055,0.523809552192688,0.8242856860160828
YOR274W,YOR057W,0,-4.631284,0.05971769988536835,0.523809552192688,0.8247619271278381
YPL218W,YER051W,0,-4.631461,0.059685297310352325,0.523809552192688,0.8252381086349487
YDL230W,YNL167C,0,-4.6324635,0.05965292826294899,0.523809552192688,0.8257142901420593
YDR510W,YDR235W,0,-4.6327243,0.05962059646844864,0.523809552192688,0.8261904716491699
YBR211C,YPR186C,0,-4.633794,0.059588298201560974,0.523809552192688,0.8266666531562805
YLR047C,YCR091W,0,-4.6356606,0.059556037187576294,0.523809552192688,0.8271428346633911
YPR008W,YER098W,0,-4.638314,0.0595238097012043,0.523809552192688,0.8276190757751465
YBR058C,YDR393W,0,-4.6412864,0.05949161574244499,0.523809552192688,0.8280952572822571
YJR135C,YCL035C,0,-4.642642,0.05945945903658867,0.523809552192688,0.8285714387893677
YHR160C,YOL147C,0,-4.643106,0.05942733585834503,0.523809552192688,0.8290476202964783
YCL017C,YML112W,0,-4.6431255,0.05939524993300438,0.523809552192688,0.8295238018035889
YEL053C,YKR006C,0,-4.644173,0.059363193809986115,0.523809552192688,0.8299999833106995
YHR101C,YJR089W,0,-4.645619,0.059331174939870834,0.523809552192688,0.8304761648178101
YLL034C,YPR016C,1,-4.6467786,0.059838276356458664,0.5285714268684387,0.8304761648178101
YBR272C,YBL103C,0,-4.650813,0.059806033968925476,0.5285714268684387,0.8309524059295654
YNL280C,YOR167C,0,-4.6509,0.05977382883429527,0.5285714268684387,0.831428587436676
YPL149W,YGL141W,0,-4.651635,0.059741657227277756,0.5285714268684387,0.8319047689437866
YLL003W,YDR330W,0,-4.653727,0.05970952287316322,0.5285714268684387,0.8323809504508972
YGR216C,YDR160W,0,-4.655726,0.05967741832137108,0.5285714268684387,0.8328571319580078
YNL001W,YLR191W,0,-4.6590657,0.05964535102248192,0.5285714268684387,0.8333333134651184
YDL231C,YMR077C,0,-4.6617928,0.059613317251205444,0.5285714268684387,0.833809494972229
YPR105C,YDR075W,0,-4.6632285,0.059581320732831955,0.5285714268684387,0.8342857360839844
YDR436W,YDR362C,0,-4.666466,0.05954935774207115,0.5285714268684387,0.834761917591095
YMR177W,YBR237W,0,-4.6677136,0.059517424553632736,0.5285714268684387,0.8352380990982056
YDR303C,YER051W,0,-4.6681275,0.059485532343387604,0.5285714268684387,0.8357142806053162
YDR524C,YIL021W,0,-4.671771,0.05945366993546486,0.5285714268684387,0.8361904621124268
YJL112W,YKR077W,0,-4.672123,0.0594218410551548,0.5285714268684387,0.8366666436195374
YOR206W,YMR235C,1,-4.6788945,0.05992509424686432,0.5333333611488342,0.8366666436195374
YDR298C,YGL226W,0,-4.6801085,0.05989304929971695,0.5333333611488342,0.8371428847312927
YNR048W,YKR007W,0,-4.681118,0.059861037880182266,0.5333333611488342,0.8376190662384033
YMR016C,YKL078W,0,-4.6819806,0.05982905998826027,0.5333333611488342,0.8380952477455139
YIL144W,YKR050W,0,-4.683738,0.05979711562395096,0.5333333611488342,0.8385714292526245
YBL021C,YML102W,0,-4.6841574,0.05976520851254463,0.5333333611488342,0.8390476107597351
YMR043W,YNL251C,0,-4.685265,0.05973333492875099,0.5333333611488342,0.8395237922668457
YKL154W,YMR061W,0,-4.6888905,0.05970149114727974,0.5333333611488342,0.8399999737739563
YER012W,YPR169W,0,-4.689359,0.05966968461871147,0.5333333611488342,0.8404762148857117
YMR004W,YHR037W,0,-4.6910977,0.05963791161775589,0.5333333611488342,0.8409523963928223
YMR043W,YLR347C,0,-4.6924767,0.059606172144412994,0.5333333611488342,0.8414285778999329
YDR422C,YDR369C,0,-4.6932235,0.059574469923973083,0.5333333611488342,0.8419047594070435
YEL005C,YNL214W,0,-4.696622,0.05954279750585556,0.5333333611488342,0.842380940914154
YLR353W,YMR156C,0,-4.700896,0.05951115861535072,0.5333333611488342,0.8428571224212646
YKR056W,YPL043W,0,-4.7062416,0.05947955325245857,0.5333333611488342,0.8433333039283752
YNR008W,YBR037C,0,-4.7078176,0.05944798141717911,0.5333333611488342,0.8438095450401306
YIL013C,YDR170C,0,-4.710033,0.05941644683480263,0.5333333611488342,0.8442857265472412
YPL090C,YIL053W,0,-4.711705,0.059384942054748535,0.5333333611488342,0.8447619080543518
YHR073W,YPL098C,0,-4.7133646,0.05935347080230713,0.5333333611488342,0.8452380895614624
YDL007W,YPL087W,0,-4.716187,0.05932203307747841,0.5333333611488342,0.845714271068573
YFR005C,YNR011C,0,-4.7200594,0.059290628880262375,0.5333333611488342,0.8461904525756836
YGL172W,YGR218W,1,-4.7206492,0.05978836119174957,0.538095235824585,0.8461904525756836
YDR105C,YOL030W,0,-4.7206845,0.05975674092769623,0.538095235824585,0.846666693687439
YDR159W,YAL048C,0,-4.720773,0.05972515791654587,0.538095235824585,0.8471428751945496
YGR095C,YNL016W,0,-4.722921,0.059693608433008194,0.538095235824585,0.8476190567016602
YLR115W,YPR180W,0,-4.723867,0.059662092477083206,0.538095235824585,0.8480952382087708
YOL117W,YLR187W,0,-4.723983,0.059630606323480606,0.538095235824585,0.8485714197158813
YDR150W,YPR028W,0,-4.727537,0.05959915742278099,0.538095235824585,0.8490476012229919
YJR040W,YLR404W,0,-4.729161,0.05956773832440376,0.538095235824585,0.8495237827301025
YGR199W,YGR268C,0,-4.732036,0.05953635275363922,0.538095235824585,0.8500000238418579
YOL059W,YBR043C,0,-4.732549,0.059505004435777664,0.538095235824585,0.8504762053489685
YJR108W,YKL013C,0,-4.7330413,0.059473685920238495,0.538095235824585,0.8509523868560791
YML048W,YJL053W,0,-4.733212,0.05944239720702171,0.538095235824585,0.8514285683631897
YOR075W,YPL258C,0,-4.733548,0.059411145746707916,0.538095235824585,0.8519047498703003
YOR076C,YOL056W,0,-4.7339606,0.059379927814006805,0.538095235824585,0.8523809313774109
YBL087C,YCR046C,0,-4.7373624,0.05934873968362808,0.538095235824585,0.8528571724891663
YPL146C,YAL059W,1,-4.7374616,0.05984251946210861,0.5428571701049805,0.8528571724891663
YBL047C,YIL094C,0,-4.737607,0.059811122715473175,0.5428571701049805,0.8533333539962769
YDL046W,YER149C,0,-4.738395,0.059779759496450424,0.5428571701049805,0.8538095355033875
YJR130C,YOR126C,0,-4.73869,0.05974842607975006,0.5428571701049805,0.854285717010498
YGR199W,YER013W,0,-4.7394657,0.05971712991595268,0.5428571701049805,0.8547618985176086
YIL120W,YJL176C,0,-4.741492,0.05968586355447769,0.5428571701049805,0.8552380800247192
YLL002W,YKL002W,0,-4.7415624,0.05965463072061539,0.5428571701049805,0.8557142615318298
YBR131W,YDL217C,0,-4.743765,0.05962343141436577,0.5428571701049805,0.8561905026435852
YHL032C,YFL021W,0,-4.7446804,0.05959226191043854,0.5428571701049805,0.8566666841506958
YNL096C,YNR016C,0,-4.7449355,0.05956112965941429,0.5428571701049805,0.8571428656578064
YDR487C,YBR278W,0,-4.7479634,0.05953002721071243,0.5428571701049805,0.857619047164917
YMR093W,YGL171W,0,-4.7482696,0.05949895456433296,0.5428571701049805,0.8580952286720276
YPL112C,YHR057C,0,-4.7517138,0.059467919170856476,0.5428571701049805,0.8585714101791382
YJL062W,YJR143C,0,-4.753293,0.05943691357970238,0.5428571701049805,0.8590475916862488
YCL016C,YDR078C,0,-4.7581067,0.059405941516160965,0.5428571701049805,0.8595238327980042
YGR222W,YOR147W,0,-4.764598,0.05937499925494194,0.5428571701049805,0.8600000143051147
YJR010C-A,YNL166C,0,-4.7648835,0.0593440905213356,0.5428571701049805,0.8604761958122253
YIL143C,YDR130C,0,-4.765877,0.05931321531534195,0.5428571701049805,0.8609523773193359
YER159C,YDR414C,0,-4.7668777,0.059282369911670685,0.5428571701049805,0.8614285588264465
YNL073W,YHR069C,0,-4.7705646,0.059251558035612106,0.5428571701049805,0.8619047403335571
YPL159C,YGR169C,0,-4.7707224,0.059220779687166214,0.5428571701049805,0.8623809814453125
YDL095W,YAL043C,0,-4.7707872,0.05919003114104271,0.5428571701049805,0.8628571629524231
YFL047W,YDR254W,0,-4.77198,0.05915931612253189,0.5428571701049805,0.8633333444595337
YOL061W,YMR217W,0,-4.7756925,0.05912863090634346,0.5428571701049805,0.8638095259666443
YKL212W,YPR086W,0,-4.7764945,0.059097979217767715,0.5428571701049805,0.8642857074737549
YLR382C,YNL041C,0,-4.7783456,0.05906735733151436,0.5428571701049805,0.8647618889808655
YGR143W,YEL024W,0,-4.781203,0.05903676897287369,0.5428571701049805,0.8652380704879761
YLR139C,YMR016C,0,-4.78178,0.059006210416555405,0.5428571701049805,0.8657143115997314
YJL041W,YLL034C,1,-4.7841306,0.059493016451597214,0.5476190447807312,0.8657143115997314
YLR263W,YLR451W,0,-4.7852626,0.059462253004312515,0.5476190447807312,0.866190493106842
YGL137W,YGR246C,0,-4.787418,0.0594315230846405,0.5476190447807312,0.8666666746139526
YGR124W,YKL034W,0,-4.7925725,0.05940082669258118,0.5476190447807312,0.8671428561210632
YNL240C,YPL140C,0,-4.7947464,0.05937016010284424,0.5476190447807312,0.8676190376281738
YNL238W,YJL180C,0,-4.7954364,0.059339527040719986,0.5476190447807312,0.8680952191352844
YPL093W,YDR361C,1,-4.7980027,0.05982465296983719,0.5523809790611267,0.8680952191352844
YNL032W,YDL035C,0,-4.8058367,0.05979381501674652,0.5523809790611267,0.868571400642395
YJL019W,YOR380W,0,-4.808184,0.05976301059126854,0.5523809790611267,0.8690476417541504
YPL112C,YDL006W,0,-4.8098283,0.059732235968112946,0.5523809790611267,0.869523823261261
YDL047W,YMR224C,0,-4.817916,0.05970149114727974,0.5523809790611267,0.8700000047683716
YMR204C,YBR109C,0,-4.826974,0.05967078357934952,0.5523809790611267,0.8704761862754822
YFR024C-A,YDR497C,0,-4.837379,0.059640102088451385,0.5523809790611267,0.8709523677825928
YBR261C,YLR113W,0,-4.8388715,0.05960945412516594,0.5523809790611267,0.8714285492897034
YPL135W,YOL071W,0,-4.8407216,0.05957883968949318,0.5523809790611267,0.8719047904014587
YER036C,YKL143W,1,-4.8418183,0.06006160005927086,0.5571428537368774,0.8719047904014587
YDR265W,YOL096C,0,-4.8432145,0.06003078445792198,0.5571428537368774,0.8723809719085693
YPL127C,YBR107C,0,-4.845318,0.05999999865889549,0.5571428537368774,0.8728571534156799
YGL172W,YDR361C,1,-4.8468885,0.060481805354356766,0.561904788017273,0.8728571534156799
YNL310C,YNR045W,0,-4.8570704,0.06045081838965416,0.561904788017273,0.8733333349227905
YLR285W,YOL124C,0,-4.863041,0.06041986867785454,0.561904788017273,0.8738095164299011
YAR042W,YDR166C,0,-4.8633027,0.060388945043087006,0.561904788017273,0.8742856979370117
YJL192C,YOR377W,0,-4.863819,0.06035805493593216,0.561904788017273,0.8747618794441223
YGL112C,YOL095C,0,-4.8648534,0.06032719835639,0.561904788017273,0.8752381205558777
YGL018C,YKL006C-A,0,-4.87189,0.06029637157917023,0.561904788017273,0.8757143020629883
YDR207C,YNL137C,0,-4.873303,0.06026557832956314,0.561904788017273,0.8761904835700989
YNL302C,YMR235C,1,-4.879207,0.060745276510715485,0.5666666626930237,0.8761904835700989
YPL208W,YLR193C,0,-4.8816733,0.06071428582072258,0.5666666626930237,0.8766666650772095
YJR005W,YOL147C,0,-4.88238,0.06068332493305206,0.5666666626930237,0.8771428465843201
YNL166C,YPL040C,0,-4.884875,0.060652393847703934,0.5666666626930237,0.8776190280914307
YOL004W,YOR250C,0,-4.8914294,0.06062149628996849,0.5666666626930237,0.8780952095985413
YDR414C,YLR170C,0,-4.896169,0.060590632259845734,0.5666666626930237,0.8785714507102966
YGR241C,YML098W,0,-4.897056,0.060559798032045364,0.5666666626930237,0.8790476322174072
YOR175C,YNL098C,0,-4.899309,0.06052899360656738,0.5666666626930237,0.8795238137245178
YDR091C,YLL034C,1,-4.901239,0.061006609350442886,0.5714285969734192,0.8795238137245178
YOR001W,YLR187W,0,-4.9028764,0.060975611209869385,0.5714285969734192,0.8799999952316284
YGL237C,YDR176W,0,-4.9185653,0.06094464287161827,0.5714285969734192,0.880476176738739
YOR110W,YDR320C,0,-4.9288077,0.060913704335689545,0.5714285969734192,0.8809523582458496
YNL302C,YHR170W,1,-4.93735,0.06139015778899193,0.5761904716491699,0.8809523582458496
YBR287W,YHR051W,0,-4.938247,0.06135902553796768,0.5761904716491699,0.881428599357605
YHR170W,YPR016C,1,-4.940689,0.06183477118611336,0.5809524059295654,0.881428599357605
YDR416W,YGL058W,0,-4.9411697,0.06180344521999359,0.5809524059295654,0.8819047808647156
YMR234W,YCR063W,0,-4.9433656,0.06177215278148651,0.5809524059295654,0.8823809623718262
YJR068W,YPR187W,0,-4.9442244,0.06174089014530182,0.5809524059295654,0.8828571438789368
YLL050C,YER060W,0,-4.944887,0.06170966103672981,0.5809524059295654,0.8833333253860474
YJL041W,YDR361C,1,-4.949412,0.06218402460217476,0.5857142806053162,0.8833333253860474
YBR036C,YJL167W,0,-4.950896,0.06215260177850723,0.5857142806053162,0.883809506893158
YJR052W,YNR011C,0,-4.953689,0.06212121248245239,0.5857142806053162,0.8842856884002686
YHR197W,YMR235C,1,-4.955672,0.06259465217590332,0.5904762148857117,0.8842856884002686
YML051W,YDR481C,0,-4.9643836,0.06256306916475296,0.5904762148857117,0.8847619295120239
YDR169C,YDR281C,0,-4.965198,0.06253151595592499,0.5904762148857117,0.8852381110191345
YKL016C,YIL126W,0,-4.9658504,0.0625,0.5904762148857117,0.8857142925262451
YLL027W,YLR361C,0,-4.9665227,0.0624685138463974,0.5904762148857117,0.8861904740333557
YNL302C,YHR197W,1,-4.9697404,0.0629405826330185,0.5952380895614624,0.8861904740333557
YFL036W,YHR099W,0,-4.969998,0.06290891021490097,0.5952380895614624,0.8866666555404663
YHR011W,YGR156W,0,-4.977964,0.06287726014852524,0.5952380895614624,0.8871428370475769
YHR197W,YER036C,1,-4.978248,0.06334841996431351,0.6000000238418579,0.8871428370475769
YJL035C,YGR253C,0,-4.9814487,0.06331658363342285,0.6000000238418579,0.8876190185546875
YDR464W,YDR231C,0,-4.9817786,0.06328478455543518,0.6000000238418579,0.8880952596664429
YML086C,YDL217C,0,-4.9822164,0.0632530152797699,0.6000000238418579,0.8885714411735535
YJL085W,YMR184W,0,-4.987178,0.063221275806427,0.6000000238418579,0.8890476226806641
YMR076C,YHR004C,0,-4.98727,0.0631895661354065,0.6000000238418579,0.8895238041877747
YOR301W,YLR007W,0,-4.9957056,0.06315789371728897,0.6000000238418579,0.8899999856948853
YDR532C,YOL147C,0,-4.9985967,0.06312625110149384,0.6000000238418579,0.8904761672019958
YIL126W,YHR133C,0,-5.000716,0.06309463828802109,0.6000000238418579,0.8909524083137512
YDR121W,YLR363C,0,-5.002155,0.06306306272745132,0.6000000238418579,0.8914285898208618
YDR140W,YML095C,0,-5.002313,0.06303151696920395,0.6000000238418579,0.8919047713279724
YDL093W,YER046W,0,-5.0050683,0.06300000101327896,0.6000000238418579,0.892380952835083
YLR384C,YDR175C,0,-5.0062957,0.06296851485967636,0.6000000238418579,0.8928571343421936
YLR005W,YML091C,0,-5.0070186,0.06293706595897675,0.6000000238418579,0.8933333158493042
YBR185C,YPL172C,0,-5.00874,0.06290563941001892,0.6000000238418579,0.8938094973564148
YJL041W,YMR235C,1,-5.011066,0.06337325274944305,0.6047618985176086,0.8938094973564148
YGL172W,YER036C,1,-5.012765,0.06384039670228958,0.6095238327980042,0.8938094973564148
YCR096C,YDR334W,0,-5.014555,0.06380857527256012,0.6095238327980042,0.8942857384681702
YJL041W,YIL115C,1,-5.0150414,0.06427503377199173,0.6142857074737549,0.8942857384681702
YDR361C,YHR170W,1,-5.0236616,0.06474103778600693,0.6190476417541504,0.8942857384681702
YOR355W,YDR454C,0,-5.027737,0.06470881402492523,0.6190476417541504,0.8947619199752808
YOL116W,YDR423C,0,-5.0345182,0.06467662006616592,0.6190476417541504,0.8952381014823914
YER178W,YJR004C,0,-5.034761,0.064644455909729,0.6190476417541504,0.895714282989502
YDR361C,YMR235C,1,-5.03647,0.06510934233665466,0.6238095164299011,0.895714282989502
YDR108W,YOR249C,0,-5.0381417,0.06507699936628342,0.6238095164299011,0.8961904644966125
YNR041C,YNR011C,0,-5.038997,0.06504468619823456,0.6238095164299011,0.8966666460037231
YLR390W,YMR247C,0,-5.039157,0.06501241028308868,0.6238095164299011,0.8971428275108337
YPR199C,YER008C,0,-5.0492125,0.0649801567196846,0.6238095164299011,0.8976190686225891
YNL091W,YHR028C,0,-5.0560265,0.0649479404091835,0.6238095164299011,0.8980952501296997
YJR082C,YML036W,0,-5.057326,0.06491576135158539,0.6238095164299011,0.8985714316368103
YDR361C,YER036C,1,-5.058396,0.06537889689207077,0.6285714507102966,0.8985714316368103
YAL059W,YMR235C,1,-5.061789,0.06584158539772034,0.6333333253860474,0.8985714316368103
YNL302C,YDR091C,1,-5.066114,0.0663038119673729,0.6380952596664429,0.8985714316368103
YPL146C,YHR170W,1,-5.075752,0.06676557660102844,0.6428571343421936,0.8985714316368103
YLR139C,YKL186C,0,-5.0768123,0.06673257797956467,0.6428571343421936,0.8990476131439209
YDL045W-A,YDR513W,0,-5.077233,0.06669960170984268,0.6428571343421936,0.8995237946510315
YPL159C,YDR347W,0,-5.079429,0.06666667014360428,0.6428571343421936,0.8999999761581421
YKL156W,YOR080W,0,-5.0807443,0.06663376092910767,0.6428571343421936,0.9004762172698975
YNL302C,YPR016C,1,-5.0816936,0.06709422916173935,0.6476190686225891,0.9004762172698975
YLR207W,YDR243C,0,-5.0821157,0.06706114113330841,0.6476190686225891,0.9009523987770081
YPL099C,YDR177W,0,-5.085051,0.06702809035778046,0.6476190686225891,0.9014285802841187
YPL093W,YER036C,1,-5.085571,0.0674876868724823,0.6523809432983398,0.9014285802841187
YGR009C,YEL053C,0,-5.0882897,0.06745445728302002,0.6523809432983398,0.9019047617912292
YJL081C,YLL019C,0,-5.09098,0.06742125749588013,0.6523809432983398,0.9023809432983398
YOR206W,YPR016C,1,-5.0917463,0.06787998229265213,0.6571428775787354,0.9023809432983398
YPR149W,YLR204W,0,-5.096599,0.06784661114215851,0.6571428775787354,0.9028571248054504
YOL040C,YMR235C,1,-5.099075,0.06830466538667679,0.6619047522544861,0.9028571248054504
YFR029W,YHR132C,0,-5.104607,0.06827112287282944,0.6619047522544861,0.903333306312561
YPR049C,YBL038W,0,-5.1062264,0.06823760271072388,0.6619047522544861,0.9038095474243164
YFR014C,YKR083C,0,-5.110987,0.0682041198015213,0.6619047522544861,0.904285728931427
YBR172C,YMR146C,0,-5.1114297,0.06817067414522171,0.6619047522544861,0.9047619104385376
YBR043C,YGL220W,0,-5.1120367,0.0681372582912445,0.6619047522544861,0.9052380919456482
YPL195W,YKR088C,0,-5.112696,0.06810387223958969,0.6619047522544861,0.9057142734527588
YPL049C,YPL050C,0,-5.1133566,0.06807051599025726,0.6619047522544861,0.9061904549598694
YCL018W,YJL081C,0,-5.115794,0.06803719699382782,0.6619047522544861,0.9066666960716248
YOR016C,YKR048C,0,-5.1211457,0.06800391525030136,0.6619047522544861,0.9071428775787354
YOR311C,YER019C-A,0,-5.128842,0.06797066330909729,0.6619047522544861,0.907619059085846
YDR298C,YGR222W,0,-5.1343107,0.0679374411702156,0.6619047522544861,0.9080952405929565
YLR403W,YNL293W,0,-5.134876,0.06790424883365631,0.6619047522544861,0.9085714221000671
YER036C,YMR235C,1,-5.143154,0.068359375,0.6666666865348816,0.9085714221000671
YGL115W,YOR269W,0,-5.1487327,0.06832601130008698,0.6666666865348816,0.9090476036071777
YMR247C,YPL103C,0,-5.1496754,0.06829268485307693,0.6666666865348816,0.9095237851142883
YMR304W,YOL096C,0,-5.1497216,0.06825938820838928,0.6666666865348816,0.9100000262260437
YGR024C,YDL035C,0,-5.155771,0.06822612136602402,0.6666666865348816,0.9104762077331543
YJR110W,YIR015W,0,-5.157726,0.06819289177656174,0.6666666865348816,0.9109523892402649
YMR233W,YLR085C,0,-5.159943,0.06815969198942184,0.6666666865348816,0.9114285707473755
YAL059W,YER036C,1,-5.1642313,0.06861314177513123,0.6714285612106323,0.9114285707473755
YLR011W,YCL061C,0,-5.164787,0.068579763174057,0.6714285612106323,0.9119047522544861
YDR361C,YDR091C,1,-5.1679044,0.06903257220983505,0.6761904954910278,0.9119047522544861
YHR027C,YDR088C,0,-5.168361,0.0689990296959877,0.6761904954910278,0.9123809337615967
YKL095W,YDR332W,0,-5.173057,0.06896551698446274,0.6761904954910278,0.9128571152687073
YKR090W,YKL149C,0,-5.177172,0.06893204152584076,0.6761904954910278,0.9133333563804626
YDR361C,YHR197W,1,-5.1826615,0.06938379257917404,0.6809523701667786,0.9133333563804626
YPL101W,YLR105C,0,-5.183189,0.06935014575719833,0.6809523701667786,0.9138095378875732
YDR350C,YOL138C,0,-5.183774,0.06931652873754501,0.6809523701667786,0.9142857193946838
YDR494W,YNR045W,0,-5.1875634,0.06928294897079468,0.6809523701667786,0.9147619009017944
YMR235C,YHR170W,1,-5.1891193,0.06973365694284439,0.6857143044471741,0.9147619009017944
YBL091C,YNL291C,0,-5.1919665,0.06969990581274033,0.6857143044471741,0.915238082408905
YIL042C,YPL120W,0,-5.1957355,0.06966618448495865,0.6857143044471741,0.9157142639160156
YDR361C,YPR016C,1,-5.1982403,0.07011605054140091,0.6904761791229248,0.9157142639160156
YPL208W,YIL138C,0,-5.201579,0.0700821653008461,0.6904761791229248,0.916190505027771
YNR027W,YEL044W,0,-5.2031236,0.07004830986261368,0.6904761791229248,0.9166666865348816
YOL055C,YOL030W,0,-5.205814,0.07001448422670364,0.6904761791229248,0.9171428680419922
YOL040C,YHR197W,1,-5.205932,0.07046332210302353,0.6952381134033203,0.9171428680419922
YNR052C,YDL015C,0,-5.206656,0.07042933255434036,0.6952381134033203,0.9176190495491028
YPL235W,YLR085C,0,-5.213035,0.07039537280797958,0.6952381134033203,0.9180952310562134
YGR056W,YDR052C,0,-5.216166,0.07036144286394119,0.6952381134033203,0.918571412563324
YNL291C,YLR127C,0,-5.217934,0.07032755017280579,0.6952381134033203,0.9190475940704346
YOR099W,YMR026C,0,-5.2187,0.07029369473457336,0.6952381134033203,0.9195238351821899
YKR020W,YNL167C,0,-5.220574,0.07025986164808273,0.6952381134033203,0.9200000166893005
YLL002W,YLR181C,0,-5.221067,0.07022607326507568,0.6952381134033203,0.9204761981964111
YDL210W,YDR532C,0,-5.2243013,0.07019230723381042,0.6952381134033203,0.9209523797035217
YGR082W,YPR187W,0,-5.228416,0.07015857845544815,0.6952381134033203,0.9214285612106323
YNL006W,YOL100W,0,-5.2285624,0.07012487947940826,0.6952381134033203,0.9219047427177429
YOL040C,YDR091C,1,-5.2290874,0.07057128846645355,0.699999988079071,0.9219047427177429
YGL172W,YDR091C,1,-5.2337976,0.07101727277040482,0.7047619223594666,0.9219047427177429
YDL067C,YML094W,0,-5.2404017,0.07098321616649628,0.7047619223594666,0.9223809242248535
YBR213W,YGL018C,0,-5.240559,0.07094918191432953,0.7047619223594666,0.9228571653366089
YLL050C,YIL133C,0,-5.2408047,0.07091519236564636,0.7047619223594666,0.9233333468437195
YDL111C,YOR216C,0,-5.241136,0.07088122516870499,0.7047619223594666,0.9238095283508301
YER050C,YJL133W,0,-5.2419066,0.0708472952246666,0.7047619223594666,0.9242857098579407
YDR520C,YPL174C,0,-5.2452674,0.07081339508295059,0.7047619223594666,0.9247618913650513
YOR110W,YMR286W,0,-5.2515516,0.07077953219413757,0.7047619223594666,0.9252380728721619
YDR486C,YOR201C,0,-5.256013,0.07074569910764694,0.7047619223594666,0.9257143139839172
YOR206W,YDR361C,1,-5.2577524,0.07118967920541763,0.7095237970352173,0.9257143139839172
YAL016W,YNL135C,0,-5.263367,0.07115568220615387,0.7095237970352173,0.9261904954910278
YDL072C,YFR003C,0,-5.2642627,0.0711217150092125,0.7095237970352173,0.9266666769981384
YER154W,YKR026C,0,-5.2690578,0.0710877850651741,0.7095237970352173,0.927142858505249
YDR150W,YJL156C,0,-5.2917657,0.0710538849234581,0.7095237970352173,0.9276190400123596
YDR081C,YDL120W,0,-5.2935524,0.07102002203464508,0.7095237970352173,0.9280952215194702
YGR170W,YPL259C,0,-5.293736,0.07098618149757385,0.7095237970352173,0.9285714030265808
YGR010W,YKL126W,0,-5.2965937,0.07095237821340561,0.7095237970352173,0.9290476441383362
YNL298W,YGL064C,0,-5.301876,0.07091861218214035,0.7095237970352173,0.9295238256454468
YOR124C,YDR376W,0,-5.303066,0.07088486850261688,0.7095237970352173,0.9300000071525574
YFR033C,YPL137C,0,-5.3120046,0.0708511620759964,0.7095237970352173,0.930476188659668
YDR177W,YLR127C,0,-5.3162065,0.0708174929022789,0.7095237970352173,0.9309523701667786
YPL119C,YDR079W,0,-5.3230577,0.07078384608030319,0.7095237970352173,0.9314285516738892
YPL146C,YKL143W,1,-5.3232427,0.07122506946325302,0.7142857313156128,0.9314285516738892
YMR313C,YDR499W,0,-5.32667,0.07119126617908478,0.7142857313156128,0.9319047331809998
YKR008W,YPR111W,0,-5.3267875,0.07115749269723892,0.7142857313156128,0.9323809742927551
YPL093W,YLL034C,1,-5.3309197,0.07159791141748428,0.7190476059913635,0.9323809742927551
YDR243C,YOR194C,0,-5.333834,0.07156398147344589,0.7190476059913635,0.9328571557998657
YDR332W,YNL161W,0,-5.3351445,0.07153008133172989,0.7190476059913635,0.9333333373069763
YMR282C,YDL043C,0,-5.3370132,0.07149621099233627,0.7190476059913635,0.9338095188140869
YMR072W,YOR011W,0,-5.342096,0.07146237790584564,0.7190476059913635,0.9342857003211975
YMR080C,YBR122C,0,-5.3518662,0.0714285746216774,0.7190476059913635,0.9347618818283081
YBR272C,YDR117C,0,-5.3531814,0.07139480113983154,0.7190476059913635,0.9352381229400635
YDR390C,YER017C,0,-5.356956,0.07136105746030807,0.7190476059913635,0.9357143044471741
YEL013W,YDL192W,0,-5.3571663,0.07132735103368759,0.7190476059913635,0.9361904859542847
YJL155C,YNL084C,0,-5.3575187,0.0712936744093895,0.7190476059913635,0.9366666674613953
YFR024C-A,YPL214C,0,-5.373748,0.07126002758741379,0.7190476059913635,0.9371428489685059
YHR197W,YPR016C,1,-5.374766,0.07169811427593231,0.723809540271759,0.9371428489685059
YLR432W,YHR133C,0,-5.3777924,0.07166431099176407,0.723809540271759,0.9376190304756165
YOR206W,YPL146C,1,-5.378843,0.07210179418325424,0.7285714149475098,0.9376190304756165
YIL053W,YHR021C,0,-5.3835073,0.07206782698631287,0.7285714149475098,0.938095211982727
YMR273C,YBR074W,0,-5.4113,0.07203389704227448,0.7285714149475098,0.9385714530944824
YAL059W,YLL034C,1,-5.416112,0.07247059047222137,0.7333333492279053,0.9385714530944824
YOR048C,YDR211W,0,-5.420751,0.07243650406599045,0.7333333492279053,0.939047634601593
YNR053C,YLL034C,1,-5.4327664,0.072872593998909,0.738095223903656,0.939047634601593
YOR372C,YMR065W,0,-5.4392447,0.07283834367990494,0.738095223903656,0.9395238161087036
YBL064C,YJL166W,0,-5.4467254,0.07280413061380386,0.738095223903656,0.9399999976158142
YDR482C,YGR221C,0,-5.4469013,0.07276995480060577,0.738095223903656,0.9404761791229248
YOR340C,YJR068W,0,-5.4469213,0.07273580133914948,0.738095223903656,0.9409523606300354
YPL093W,YAL059W,1,-5.4518456,0.0731707289814949,0.7428571581840515,0.9409523606300354
YIR023W,YNR007C,0,-5.4538393,0.07313642650842667,0.7428571581840515,0.941428542137146
YAL059W,YPR016C,1,-5.461861,0.07357075810432434,0.7476190328598022,0.941428542137146
YDR310C,YPL218W,0,-5.471461,0.07353629916906357,0.7476190328598022,0.9419047832489014
YBL020W,YMR220W,0,-5.4725385,0.07350187003612518,0.7476190328598022,0.942380964756012
YDR062W,YPL160W,0,-5.475405,0.07346747815608978,0.7476190328598022,0.9428571462631226
YNL302C,YER036C,1,-5.4801736,0.07390084117650986,0.7523809671401978,0.9428571462631226
YOL040C,YPR016C,1,-5.480247,0.0743338018655777,0.7571428418159485,0.9428571462631226
YDR121W,YER029C,0,-5.4813337,0.07429906725883484,0.7571428418159485,0.9433333277702332
YKL022C,YMR054W,0,-5.486453,0.07426436245441437,0.7571428418159485,0.9438095092773438
YMR036C,YLR147C,0,-5.4894342,0.07422969490289688,0.7571428418159485,0.9442856907844543
YNR027W,YNL094W,0,-5.489585,0.07419505715370178,0.7571428418159485,0.9447619318962097
YNL212W,YPL135W,0,-5.502537,0.07416044920682907,0.7571428418159485,0.9452381134033203
YAL059W,YKL143W,1,-5.5123205,0.07459207624197006,0.761904776096344,0.9452381134033203
YMR235C,YPR016C,1,-5.513182,0.07502330094575882,0.7666666507720947,0.9452381134033203
YPL146C,YHR197W,1,-5.513523,0.07545412331819534,0.7714285850524902,0.9452381134033203
YOR206W,YDR091C,1,-5.5239162,0.07588454335927963,0.776190459728241,0.9452381134033203
YNL317W,YNL027W,0,-5.5324135,0.07584923505783081,0.776190459728241,0.9457142949104309
YDR456W,YIL021W,0,-5.532863,0.07581395655870438,0.776190459728241,0.9461904764175415
YFR003C,YMR304W,0,-5.5335083,0.07577870786190033,0.776190459728241,0.9466666579246521
YAL059W,YNR053C,1,-5.535908,0.07620818167924881,0.7809523940086365,0.9466666579246521
YDR337W,YLR377C,0,-5.539557,0.07617278397083282,0.7809523940086365,0.9471428394317627
YBR043C,YNR031C,0,-5.547011,0.07613741606473923,0.7809523940086365,0.9476190209388733
YDL080C,YNL291C,0,-5.5471034,0.07610208541154861,0.7809523940086365,0.9480952620506287
YML012W,YGL083W,0,-5.5592294,0.07606679201126099,0.7809523940086365,0.9485714435577393
YGR276C,YGL105W,0,-5.569797,0.07603152841329575,0.7809523940086365,0.9490476250648499
YGL172W,YIL115C,1,-5.5706935,0.07645968347787857,0.7857142686843872,0.9490476250648499
YGL058W,YKL203C,0,-5.5734057,0.07642427086830139,0.7857142686843872,0.9495238065719604
YBR187W,YBL092W,0,-5.575266,0.0763888880610466,0.7857142686843872,0.949999988079071
YBR119W,YBR125C,0,-5.5760994,0.0763535425066948,0.7857142686843872,0.9504761695861816
YDR091C,YMR235C,1,-5.578654,0.0767807587981224,0.7904762029647827,0.9504761695861816
YDL231C,YBL051C,0,-5.582505,0.07674526423215866,0.7904762029647827,0.950952410697937
YBL090W,YHL031C,0,-5.582932,0.0767097994685173,0.7904762029647827,0.9514285922050476
YDR410C,YGR095C,0,-5.5845046,0.07667436450719833,0.7904762029647827,0.9519047737121582
YIL147C,YGR120C,0,-5.5919766,0.07663896679878235,0.7904762029647827,0.9523809552192688
YML036W,YLL004W,0,-5.599728,0.07660359889268875,0.7904762029647827,0.9528571367263794
YAL002W,YDR486C,0,-5.6033907,0.07656826823949814,0.7904762029647827,0.95333331823349
YDR361C,YKL143W,1,-5.6218038,0.07699400931596756,0.7952380776405334,0.95333331823349
YKR007W,YGL223C,0,-5.6242642,0.07695852220058441,0.7952380776405334,0.9538094997406006
YDR091C,YKL143W,1,-5.634403,0.07738369703292847,0.800000011920929,0.9538094997406006
YGR002C,YJL053W,0,-5.6379437,0.07734806835651398,0.800000011920929,0.954285740852356
YFR003C,YNL293W,0,-5.6464424,0.07731246948242188,0.800000011920929,0.9547619223594666
YDL097C,YMR243C,0,-5.6535974,0.07727690786123276,0.800000011920929,0.9552381038665771
YPL042C,YOL125W,0,-5.6567326,0.07724137604236603,0.800000011920929,0.9557142853736877
YOL040C,YHR170W,1,-5.660513,0.07766544073820114,0.8047618865966797,0.9557142853736877
YNL081C,YHR001W-A,0,-5.663673,0.07762976735830307,0.8047618865966797,0.9561904668807983
YLR208W,YMR208W,0,-5.673166,0.07759412378072739,0.8047618865966797,0.9566666483879089
YMR036C,YDR386W,0,-5.682079,0.07755851000547409,0.8047618865966797,0.9571428298950195
YIL047C,YKL029C,0,-5.6886973,0.07752293348312378,0.8047618865966797,0.9576190710067749
YNL153C,YLR078C,0,-5.6910396,0.07748739421367645,0.8047618865966797,0.9580952525138855
YNL292W,YHL011C,0,-5.693065,0.07745187729597092,0.8047618865966797,0.9585714340209961
YPL093W,YKL143W,1,-5.697371,0.07787448167800903,0.8095238208770752,0.9585714340209961
YOR299W,YDR460W,0,-5.7005258,0.07783883064985275,0.8095238208770752,0.9590476155281067
YDR260C,YPL214C,0,-5.702253,0.07780320197343826,0.8095238208770752,0.9595237970352173
YER036C,YPR016C,1,-5.7036886,0.07822506874799728,0.8142856955528259,0.9595237970352173
YOR151C,YDR175C,0,-5.7097387,0.07818929851055145,0.8142856955528259,0.9599999785423279
YAL059W,YDR361C,1,-5.724973,0.0786106064915657,0.8190476298332214,0.9599999785423279
YBL091C,YBR121C,0,-5.7271924,0.07857469469308853,0.8190476298332214,0.9604762196540833
YLR439W,YIL142W,0,-5.7281537,0.07853881269693375,0.8190476298332214,0.9609524011611938
YOR060C,YOR011W,0,-5.737614,0.07850296795368195,0.8190476298332214,0.9614285826683044
YOR269W,YLR033W,0,-5.7437043,0.07846715301275253,0.8190476298332214,0.961904764175415
YML099C,YDR532C,0,-5.747762,0.0784313753247261,0.8190476298332214,0.9623809456825256
YIL137C,YDR456W,0,-5.7483554,0.07839562743902206,0.8190476298332214,0.9628571271896362
YOL042W,YHR060W,0,-5.757377,0.07835990935564041,0.8190476298332214,0.9633333086967468
YER030W,YMR225C,0,-5.772841,0.07832422852516174,0.8190476298332214,0.9638095498085022
YIL042C,YJR021C,0,-5.776786,0.07828857749700546,0.8190476298332214,0.9642857313156128
YJL065C,YGR252W,0,-5.7872386,0.07825295627117157,0.8190476298332214,0.9647619128227234
YER005W,YKR006C,0,-5.7896247,0.07821737229824066,0.8190476298332214,0.965238094329834
YKR038C,YHR024C,0,-5.814393,0.07818181812763214,0.8190476298332214,0.9657142758369446
YGL115W,YOR086C,0,-5.838056,0.07814629375934601,0.8190476298332214,0.9661904573440552
YCR030C,YLR203C,0,-5.839456,0.07811080664396286,0.8190476298332214,0.9666666388511658
YGR229C,YER125W,0,-5.846807,0.0780753493309021,0.8190476298332214,0.9671428799629211
YHR170W,YLL034C,1,-5.84942,0.0784936472773552,0.8238095045089722,0.9671428799629211
YOR357C,YLR361C,0,-5.8680444,0.07845804840326309,0.8238095045089722,0.9676190614700317
YER036C,YHR170W,1,-5.8699374,0.07887579500675201,0.8285714387893677,0.9676190614700317
YNL261W,YGR193C,0,-5.8795485,0.07884005457162857,0.8285714387893677,0.9680952429771423
YPR072W,YBL052C,0,-5.8798423,0.07880435138940811,0.8285714387893677,0.9685714244842529
YOR157C,YML004C,0,-5.880435,0.07876867055892944,0.8285714387893677,0.9690476059913635
YBR059C,YBR109C,0,-5.8820944,0.07873303443193436,0.8285714387893677,0.9695237874984741
YLR244C,YOR187W,0,-5.88296,0.07869742065668106,0.8285714387893677,0.9700000286102295
YPL146C,YNR053C,1,-5.885777,0.0791139230132103,0.8333333134651184,0.9700000286102295
YLR204W,YOR265W,0,-5.888397,0.07907817512750626,0.8333333134651184,0.9704762101173401
YOR206W,YNR053C,1,-5.891814,0.07949412614107132,0.8380952477455139,0.9704762101173401
YGL172W,YMR235C,1,-5.9042487,0.07990970462560654,0.8428571224212646,0.9704762101173401
YOL040C,YOL121C,1,-5.904636,0.08032491058111191,0.8476190567016602,0.9704762101173401
YOL040C,YER036C,1,-5.9061146,0.08073973655700684,0.8523809313774109,0.9704762101173401
YPL218W,YMR314W,0,-5.906118,0.08070333302021027,0.8523809313774109,0.9709523916244507
YAL059W,YHR170W,1,-5.906396,0.08111762255430222,0.8571428656578064,0.9709523916244507
YOR177C,YOL056W,0,-5.915717,0.0810810774564743,0.8571428656578064,0.9714285731315613
YNL081C,YMR274C,0,-5.919994,0.08104457706212997,0.8571428656578064,0.9719047546386719
YDL046W,YKR038C,0,-5.9205976,0.08100809901952744,0.8571428656578064,0.9723809361457825
YPL093W,YDR091C,1,-5.9270606,0.08142150193452835,0.8619047403335571,0.9723809361457825
YDR091C,YNR053C,1,-5.9282727,0.08183453232049942,0.8666666746139526,0.9723809361457825
YGR005C,YHR060W,0,-5.931203,0.081797756254673,0.8666666746139526,0.9728571176528931
YPL139C,YGL003C,0,-5.9365773,0.08176100999116898,0.8666666746139526,0.9733333587646484
YOR206W,YAL059W,1,-5.948417,0.08217332512140274,0.8714285492897034,0.9733333587646484
YDR148C,YOR322C,0,-5.9516616,0.08213644474744797,0.8714285492897034,0.973809540271759
YNR053C,YKL143W,1,-5.9556785,0.08254823088645935,0.8761904835700989,0.973809540271759
YIL118W,YBR074W,0,-5.9760704,0.08251120895147324,0.8761904835700989,0.9742857217788696
YNR022C,YMR037C,0,-5.9765434,0.0824742242693901,0.8761904835700989,0.9747619032859802
YJR075W,YOR067C,0,-5.978024,0.08243727684020996,0.8761904835700989,0.9752380847930908
YDL056W,YCL052C,0,-5.9836755,0.0824003592133522,0.8761904835700989,0.9757142663002014
YHR197W,YNR053C,1,-5.9927783,0.08281110227108002,0.8809523582458496,0.9757142663002014
YKL138C,YLR323C,0,-6.005284,0.08277405053377151,0.8809523582458496,0.976190447807312
YCR044C,YJR126C,0,-6.007259,0.0827370285987854,0.8809523582458496,0.9766666889190674
YKR037C,YDR116C,0,-6.012475,0.08270004391670227,0.8809523582458496,0.977142870426178
YPL195W,YOR067C,0,-6.0441527,0.08266308903694153,0.8809523582458496,0.9776190519332886
YHR170W,YNR053C,1,-6.05769,0.08307280391454697,0.8857142925262451,0.9776190519332886
YPL173W,YOL011W,0,-6.0657887,0.08303571492433548,0.8857142925262451,0.9780952334403992
YPL093W,YPR016C,1,-6.0818744,0.08344489336013794,0.8904761672019958,0.9780952334403992
YER129W,YNL041C,0,-6.084168,0.08340767025947571,0.8904761672019958,0.9785714149475098
YDR091C,YPR016C,1,-6.093886,0.08381631970405579,0.8952381014823914,0.9785714149475098
YLR264W,YJR094W-A,0,-6.1096435,0.08377896249294281,0.8952381014823914,0.9790475964546204
YBR264C,YDL235C,0,-6.115436,0.08374164998531342,0.8952381014823914,0.9795238375663757
YJL041W,YGL172W,1,-6.1161985,0.08414959907531738,0.8999999761581421,0.9795238375663757
YER089C,YLR059C,0,-6.1403875,0.08411215245723724,0.8999999761581421,0.9800000190734863
YFR014C,YNL015W,0,-6.146893,0.08407473564147949,0.8999999761581421,0.9804762005805969
YOR257W,YGL244W,0,-6.1515594,0.08403734862804413,0.8999999761581421,0.9809523820877075
YHR197W,YDR091C,1,-6.1584134,0.08444444090127945,0.9047619104385376,0.9809523820877075
YNL330C,YDR166C,0,-6.160729,0.08440692722797394,0.9047619104385376,0.9814285635948181
YNL263C,YOR103C,0,-6.1870475,0.08436945080757141,0.9047619104385376,0.9819047451019287
YJL143W,YKL119C,0,-6.215546,0.08433200418949127,0.9047619104385376,0.9823809266090393
YOR206W,YKL143W,1,-6.2603383,0.08473823964595795,0.9095237851142883,0.9823809266090393
YJL001W,YML067C,0,-6.2787094,0.08470066636800766,0.9095237851142883,0.9828571677207947
YER068W,YPL259C,0,-6.3096676,0.08466312289237976,0.9095237851142883,0.9833333492279053
YOR008C,YDL225W,0,-6.337444,0.08462560921907425,0.9095237851142883,0.9838095307350159
YER022W,YFL013C,0,-6.343312,0.08458813279867172,0.9095237851142883,0.9842857122421265
YDR361C,YLL034C,1,-6.352065,0.08499336242675781,0.9142857193946838,0.9842857122421265
YNL121C,YOR070C,0,-6.3737826,0.08495575189590454,0.9142857193946838,0.9847618937492371
YOR206W,YLL034C,1,-6.397279,0.08536045998334885,0.9190475940704346,0.9847618937492371
YMR150C,YFL005W,0,-6.409782,0.08532272279262543,0.9190475940704346,0.9852380752563477
YBR153W,YDL225W,0,-6.4181495,0.08528502285480499,0.9190475940704346,0.9857142567634583
YOR206W,YHR170W,1,-6.4203367,0.08568904548883438,0.9238095283508301,0.9857142567634583
YOR206W,YPL093W,1,-6.443367,0.08609271794557571,0.9285714030265808,0.9857142567634583
YDR400W,YOR067C,0,-6.535359,0.0860547199845314,0.9285714030265808,0.9861904978752136
YMR313C,YPL075W,0,-6.551705,0.08601675927639008,0.9285714030265808,0.9866666793823242
YPL093W,YHR170W,1,-6.5564485,0.08641975373029709,0.9333333373069763,0.9866666793823242
YPR134W,YLR191W,0,-6.572375,0.08638166636228561,0.9333333373069763,0.9871428608894348
YDR091C,YHR170W,1,-6.5776277,0.08678413927555084,0.938095211982727,0.9871428608894348
YJL176C,YKL155C,0,-6.580949,0.08674592524766922,0.938095211982727,0.9876190423965454
YJR139C,YEL027W,0,-6.6178136,0.08670774847269058,0.938095211982727,0.988095223903656
YAL059W,YDR091C,1,-6.623304,0.08710954338312149,0.9428571462631226,0.988095223903656
YNR055C,YBL020W,0,-6.6266627,0.0870712399482727,0.9428571462631226,0.9885714054107666
YDR287W,YLR219W,0,-6.627582,0.08703296631574631,0.9428571462631226,0.989047646522522
YMR072W,YIL030C,0,-6.692343,0.0869947299361229,0.9428571462631226,0.9895238280296326
YOR067C,YBR060C,0,-6.7027154,0.08695652335882187,0.9428571462631226,0.9900000095367432
YOR372C,YMR098C,0,-6.7201915,0.08691834658384323,0.9428571462631226,0.9904761910438538
YAL059W,YHR197W,1,-6.7254577,0.08731900155544281,0.9476190209388733,0.9904761910438538
YKL094W,YNL038W,0,-6.7567058,0.08728069812059402,0.9476190209388733,0.9909523725509644
YML034W,YJL019W,0,-6.76678,0.08724243938922882,0.9476190209388733,0.991428554058075
YHR197W,YKL143W,1,-6.7802277,0.08764241635799408,0.9523809552192688,0.991428554058075
YGR244C,YCL017C,0,-6.783819,0.08760403096675873,0.9523809552192688,0.9919047355651855
YPL093W,YNR053C,1,-6.8246017,0.0880035012960434,0.9571428298950195,0.9919047355651855
YER148W,YPR060C,0,-6.828412,0.0879649892449379,0.9571428298950195,0.9923809766769409
YNL103W,YNL156C,0,-6.846747,0.08792650699615479,0.9571428298950195,0.9928571581840515
YNL302C,YOL121C,1,-6.9458036,0.08832531422376633,0.961904764175415,0.9928571581840515
YDR041W,YCR004C,0,-6.9812036,0.08828671276569366,0.961904764175415,0.9933333396911621
YHR170W,YKL143W,1,-6.9824104,0.08868501335382462,0.9666666388511658,0.9933333396911621
YOR332W,YBR286W,0,-7.0042405,0.0886462852358818,0.9666666388511658,0.9938095211982727
YNR037C,YOR320C,0,-7.0051427,0.08860759437084198,0.9666666388511658,0.9942857027053833
YNL218W,YDL076C,0,-7.0070643,0.08856893330812454,0.9666666388511658,0.9947618842124939
YER148W,YHR081W,0,-7.0193715,0.08853030949831009,0.9666666388511658,0.9952380657196045
YDR375C,YIL005W,0,-7.0215125,0.08849171549081802,0.9666666388511658,0.9957143068313599
YIL069C,YMR143W,0,-7.044071,0.08845315873622894,0.9666666388511658,0.9961904883384705
YNR007C,YJL164C,0,-7.0772033,0.08841463178396225,0.9666666388511658,0.996666669845581
YPL093W,YHR197W,1,-7.0826607,0.088811494410038,0.9714285731315613,0.996666669845581
YHR197W,YLL034C,1,-7.143426,0.08920800685882568,0.976190447807312,0.996666669845581
YMR033W,YNL137C,0,-7.239373,0.0891692042350769,0.976190447807312,0.9971428513526917
YER036C,YDR091C,1,-7.256106,0.0895652174949646,0.9809523820877075,0.9971428513526917
YLL034C,YKL143W,1,-7.398578,0.08996088802814484,0.9857142567634583,0.9971428513526917
YDL031W,YDL148C,0,-7.4167914,0.08992180973291397,0.9857142567634583,0.9976190328598022
YOR206W,YHR197W,1,-7.8029113,0.09031698107719421,0.9904761910438538,0.9976190328598022
YDL136W,YLR367W,0,-7.9705324,0.0902777761220932,0.9904761910438538,0.9980952143669128
YMR039C,YKR062W,0,-7.9873805,0.09023860841989517,0.9904761910438538,0.9985714554786682
YGL147C,YFR031C-A,0,-8.213047,0.09019947797060013,0.9904761910438538,0.9990476369857788
YHR197W,YHR170W,1,-8.217631,0.0905938446521759,0.9952380657196045,0.9990476369857788
YDL083C,YGR214W,0,-9.17094,0.09055459499359131,0.9952380657196045,0.9995238184928894
YER056C-A,YDL061C,0,-10.016116,0.0905153751373291,0.9952380657196045,1.0
YOL040C,YNL302C,1,-11.108319,0.09090909361839294,1.0,1.0
