Gene A,Gene B,Label,Score,Precision,Recall,False Positive Rate
YNL113W,YPR187W,1,-2.0713608,1.0,0.0043290043249726295,0.0
YBR154C,YNL113W,1,-2.58357,1.0,0.008658008649945259,0.0
YBR154C,YPR110C,1,-2.6644738,1.0,0.012987012974917889,0.0
YHR143W-A,YNL113W,1,-2.7185194,1.0,0.017316017299890518,0.0
YOR210W,YHR143W-A,1,-2.7458248,1.0,0.021645022556185722,0.0
YNL113W,YPR110C,1,-2.8666244,1.0,0.025974025949835777,0.0
YBR154C,YPR187W,1,-2.9030802,1.0,0.03030303120613098,0.0
YPR110C,YPR187W,1,-2.9344316,1.0,0.034632034599781036,0.0
YOR340C,YBR154C,1,-2.9556751,1.0,0.03896103799343109,0.0
YNL248C,YPR110C,1,-2.9672508,1.0,0.043290045112371445,0.0
YHR143W-A,YPR187W,1,-2.9774792,1.0,0.0476190485060215,0.0
YOR224C,YHR143W-A,1,-2.9815152,1.0,0.051948051899671555,0.0
YOR340C,YPR187W,1,-3.0602357,1.0,0.05627705529332161,0.0
YOR210W,YBR154C,1,-3.061463,1.0,0.06060606241226196,0.0
YOR210W,YNL113W,1,-3.0658658,1.0,0.06493506580591202,0.0
YOR210W,YPR187W,1,-3.1120737,1.0,0.06926406919956207,0.0
YOR340C,YOR224C,1,-3.1879086,1.0,0.07359307259321213,0.0
YOR210W,YPR110C,1,-3.2075942,1.0,0.07792207598686218,0.0
YOR340C,YHR143W-A,1,-3.2142355,1.0,0.08225107938051224,0.0
YNL248C,YPR187W,1,-3.268144,1.0,0.08658009022474289,0.0
YOR224C,YNL113W,1,-3.2851474,1.0,0.09090909361839294,0.0
YOR340C,YOR210W,1,-3.2948573,1.0,0.095238097012043,0.0
YOR340C,YNL113W,1,-3.340026,1.0,0.09956710040569305,0.0
YBR154C,YOR224C,1,-3.3889115,1.0,0.10389610379934311,0.0
YOR340C,YML043C,1,-3.4361243,1.0,0.10822510719299316,0.0
YOR224C,YPR110C,1,-3.5374873,1.0,0.11255411058664322,0.0
YNL248C,YOR224C,1,-3.5459547,1.0,0.11688311398029327,0.0
YNL248C,YHR143W-A,1,-3.5731084,1.0,0.12121212482452393,0.0
YOR224C,YPR187W,1,-3.5947287,1.0,0.12554112076759338,0.0
YNL248C,YOR210W,1,-3.6091342,1.0,0.12987013161182404,0.0
YNL248C,YBR154C,1,-3.7247298,1.0,0.1341991275548935,0.0
YOR341W,YOR224C,1,-3.7307537,1.0,0.13852813839912415,0.0
YNL113W,YML043C,1,-3.736673,1.0,0.1428571492433548,0.0
YOR210W,YOR224C,1,-3.8065636,1.0,0.14718614518642426,0.0
YPR010C,YOR210W,1,-3.8301501,1.0,0.1515151560306549,0.0
YNL248C,YML043C,1,-3.8322628,1.0,0.15584415197372437,0.0
YOR340C,YPR110C,1,-3.8401208,1.0,0.16017316281795502,0.0
YBR154C,YHR143W-A,1,-3.8522913,1.0,0.16450215876102448,0.0
YNL248C,YNL113W,1,-3.8625274,1.0,0.16883116960525513,0.0
YPR010C,YNL248C,1,-3.863261,1.0,0.17316018044948578,0.0
YOR341W,YBR154C,1,-3.8644166,1.0,0.17748917639255524,0.0
YHR143W-A,YPR110C,1,-3.9382114,1.0,0.1818181872367859,0.0
YOR341W,YNL248C,1,-3.9387941,1.0,0.18614718317985535,0.0
YOR340C,YNL248C,1,-4.054778,1.0,0.190476194024086,0.0
YDR339C,YGL070C,0,-4.0652323,0.9777777791023254,0.190476194024086,0.00043290044413879514
YOR210W,YJL025W,1,-4.142912,0.97826087474823,0.19480518996715546,0.00043290044413879514
YBR154C,YML043C,1,-4.152072,0.978723406791687,0.1991342008113861,0.00043290044413879514
YPR010C,YPR187W,1,-4.1643934,0.9791666865348816,0.20346319675445557,0.00043290044413879514
YOR341W,YHR143W-A,1,-4.216127,0.9795918464660645,0.20779220759868622,0.00043290044413879514
YLR186W,YIL118W,0,-4.2194886,0.9599999785423279,0.20779220759868622,0.0008658008882775903
YOR061W,YPR187W,1,-4.220562,0.9607843160629272,0.21212121844291687,0.0008658008882775903
YNR054C,YPR163C,0,-4.2422404,0.942307710647583,0.21212121844291687,0.0012987012742087245
YNR017W,YJL133W,0,-4.2477674,0.9245283007621765,0.21212121844291687,0.0017316017765551805
YPR187W,YOR295W,1,-4.2634416,0.9259259104728699,0.21645021438598633,0.0017316017765551805
YPR010C,YBR154C,1,-4.288426,0.9272727370262146,0.22077922523021698,0.0017316017765551805
YPR110C,YML043C,1,-4.3099713,0.9285714030265808,0.22510822117328644,0.0017316017765551805
YOR210W,YML043C,1,-4.3141375,0.9298245906829834,0.2294372320175171,0.0017316017765551805
YPR187W,YML043C,1,-4.3303533,0.931034505367279,0.23376622796058655,0.0017316017765551805
YPR010C,YNL113W,1,-4.3342104,0.9322034120559692,0.2380952388048172,0.0017316017765551805
YIL035C,YHR143W-A,1,-4.365585,0.9333333373069763,0.24242424964904785,0.0017316017765551805
YOR224C,YJL025W,1,-4.3669567,0.9344262480735779,0.2467532455921173,0.0017316017765551805
YER036C,YOR056C,0,-4.3834953,0.9193548560142517,0.2467532455921173,0.0021645021624863148
YOR341W,YPR187W,1,-4.417574,0.920634925365448,0.25108224153518677,0.0021645021624863148
YNL248C,YJL025W,1,-4.433763,0.921875,0.2554112672805786,0.0021645021624863148
YOR341W,YNL113W,1,-4.4756937,0.9230769276618958,0.25974026322364807,0.0021645021624863148
YHR143W-A,YML043C,1,-4.4980183,0.9242424368858337,0.26406925916671753,0.0021645021624863148
YLR009W,YML105C,0,-4.5294356,0.9104477763175964,0.26406925916671753,0.002597402548417449
YLR285W,YGR159C,0,-4.5484185,0.8970588445663452,0.26406925916671753,0.0030303029343485832
YOR340C,YJL025W,1,-4.5632887,0.8985507488250732,0.268398255109787,0.0030303029343485832
YDR429C,YPL239W,0,-4.596504,0.8857142925262451,0.268398255109787,0.003463203553110361
YDR156W,YHR143W-A,1,-4.605097,0.8873239159584045,0.27272728085517883,0.003463203553110361
YPR110C,YJL025W,1,-4.620751,0.8888888955116272,0.2770562767982483,0.003463203553110361
YOR341W,YOR210W,1,-4.6288023,0.8904109597206116,0.28138527274131775,0.003463203553110361
YOR224C,YML043C,1,-4.62951,0.8918918967247009,0.2857142984867096,0.003463203553110361
YOR341W,YML043C,1,-4.6363955,0.8933333158493042,0.29004329442977905,0.003463203553110361
YDR156W,YOR224C,1,-4.651043,0.8947368264198303,0.2943722903728485,0.003463203553110361
YPR010C,YOR340C,1,-4.653498,0.8961039185523987,0.29870128631591797,0.003463203553110361
YJR070C,YKR079C,0,-4.6581144,0.8846153616905212,0.29870128631591797,0.0038961039390414953
YPR010C,YPR110C,1,-4.680043,0.8860759735107422,0.3030303120613098,0.0038961039390414953
YHR081W,YDL111C,0,-4.7018356,0.875,0.3030303120613098,0.0043290043249726295
YBL045C,YBR037C,0,-4.704845,0.8641975522041321,0.3030303120613098,0.004761904943734407
YOR078W,YNR015W,0,-4.761873,0.8536585569381714,0.3030303120613098,0.005194805096834898
YCR053W,YMR146C,0,-4.76504,0.8433734774589539,0.3030303120613098,0.005627705715596676
YGR123C,YLR022C,0,-4.780815,0.8333333134651184,0.3030303120613098,0.0060606058686971664
YIL035C,YNL113W,1,-4.7899513,0.8352941274642944,0.3073593080043793,0.0060606058686971664
YDL014W,YLR372W,0,-4.799713,0.8255813717842102,0.3073593080043793,0.006493506487458944
YPR187W,YJL025W,1,-4.8209486,0.8275862336158752,0.31168830394744873,0.006493506487458944
YPR010C,YML043C,1,-4.8343363,0.8295454382896423,0.3160173296928406,0.006493506487458944
YPR010C,YOR224C,1,-4.846662,0.8314606547355652,0.32034632563591003,0.006493506487458944
YOR061W,YNL113W,1,-4.847282,0.8333333134651184,0.3246753215789795,0.006493506487458944
YHR143W-A,YJL025W,1,-4.860158,0.8351648449897766,0.32900431752204895,0.006493506487458944
YNL282W,YHR197W,0,-4.862342,0.8260869383811951,0.32900431752204895,0.006926407106220722
YDR156W,YPR110C,1,-4.879834,0.8279569745063782,0.3333333432674408,0.006926407106220722
YPR110C,YKL125W,1,-4.881361,0.8297872543334961,0.33766233921051025,0.006926407106220722
YNL113W,YJL025W,1,-4.889262,0.8315789699554443,0.3419913351535797,0.006926407106220722
YOR341W,YJL025W,1,-4.8893256,0.8333333134651184,0.34632036089897156,0.006926407106220722
YER006W,YHR088W,0,-4.8943276,0.8247422575950623,0.34632036089897156,0.007359307259321213
YGL029W,YGR145W,0,-4.915465,0.8163265585899353,0.34632036089897156,0.007792207878082991
YLR197W,YLR222C,0,-4.91819,0.808080792427063,0.34632036089897156,0.008225108496844769
YOR341W,YOR340C,1,-4.9378223,0.8100000023841858,0.350649356842041,0.008225108496844769
YOR061W,YBR154C,1,-4.938982,0.8118811845779419,0.3549783527851105,0.008225108496844769
YOR224C,YOR295W,1,-4.9471073,0.813725471496582,0.35930734872817993,0.008225108496844769
YDR156W,YNL113W,1,-4.9506607,0.8155339956283569,0.3636363744735718,0.008225108496844769
YOR210W,YOR295W,1,-4.968147,0.817307710647583,0.36796537041664124,0.008225108496844769
YPL086C,YDR412W,0,-4.9692264,0.8095238208770752,0.36796537041664124,0.008658008649945259
YNL248C,YKL125W,1,-4.9768496,0.8113207817077637,0.3722943663597107,0.008658008649945259
YPR010C,YJL025W,1,-5.0116396,0.8130841255187988,0.37662336230278015,0.008658008649945259
YOR340C,YOR295W,1,-5.020335,0.8148148059844971,0.380952388048172,0.008658008649945259
YOR061W,YHR143W-A,1,-5.021455,0.8165137767791748,0.38528138399124146,0.008658008649945259
YPR143W,YBR143C,0,-5.0254264,0.8090909123420715,0.38528138399124146,0.00909090880304575
YIL035C,YOR340C,1,-5.0280952,0.8108108043670654,0.3896103799343109,0.00909090880304575
YEL029C,YNR003C,0,-5.0327063,0.8035714030265808,0.3896103799343109,0.009523809887468815
YOR061W,YNL248C,1,-5.045745,0.8053097128868103,0.39393940567970276,0.009523809887468815
YBR154C,YJL025W,1,-5.0489373,0.8070175647735596,0.3982684016227722,0.009523809887468815
YML077W,YOR078W,0,-5.050478,0.800000011920929,0.3982684016227722,0.009956710040569305
YHR052W,YDR418W,0,-5.0635576,0.7931034564971924,0.3982684016227722,0.010389610193669796
YDR156W,YOR340C,1,-5.088769,0.7948718070983887,0.4025973975658417,0.010389610193669796
YPR010C,YHR143W-A,1,-5.0966434,0.7966101765632629,0.40692639350891113,0.010389610193669796
YIL035C,YBR154C,1,-5.1266747,0.7983193397521973,0.411255419254303,0.010389610193669796
YDR156W,YBR154C,1,-5.1337585,0.800000011920929,0.41558441519737244,0.010389610193669796
YDR156W,YOR210W,1,-5.139011,0.8016529083251953,0.4199134111404419,0.010389610193669796
YDR156W,YPR187W,1,-5.186913,0.8032786846160889,0.42424243688583374,0.010389610193669796
YNL113W,YOR295W,1,-5.215377,0.8048780560493469,0.4285714328289032,0.010389610193669796
YDR184C,YPR074C,0,-5.2257547,0.7983871102333069,0.4285714328289032,0.010822511278092861
YIL035C,YOR224C,1,-5.2317543,0.800000011920929,0.43290042877197266,0.010822511278092861
YIL035C,YPR110C,1,-5.245116,0.8015872836112976,0.4372294247150421,0.010822511278092861
YBL057C,YKR059W,0,-5.2489357,0.7952755689620972,0.4372294247150421,0.011255411431193352
YHR143W-A,YOR295W,1,-5.2525263,0.796875,0.44155845046043396,0.011255411431193352
YDR156W,YNL248C,1,-5.253212,0.7984496355056763,0.4458874464035034,0.011255411431193352
YML043C,YJL025W,1,-5.258211,0.800000011920929,0.4502164423465729,0.011255411431193352
YJL122W,YPL212C,0,-5.266866,0.7938931584358215,0.4502164423465729,0.011688311584293842
YLR293C,YOL127W,0,-5.278338,0.7878788113594055,0.4502164423465729,0.012121211737394333
YIL035C,YOR210W,1,-5.286362,0.7894737124443054,0.4545454680919647,0.012121211737394333
YKR063C,YML097C,0,-5.3067937,0.7835820913314819,0.4545454680919647,0.012554112821817398
YOR341W,YPR110C,1,-5.318014,0.7851851582527161,0.4588744640350342,0.012554112821817398
YOR341W,YKL125W,1,-5.3245144,0.7867646813392639,0.46320345997810364,0.012554112821817398
YMR277W,YLL011W,0,-5.337881,0.7810218930244446,0.46320345997810364,0.012987012974917889
YPR187W,YKL125W,1,-5.355918,0.782608687877655,0.4675324559211731,0.012987012974917889
YDR156W,YML043C,1,-5.366249,0.7841726541519165,0.47186148166656494,0.012987012974917889
YAR014C,YNR053C,0,-5.377964,0.7785714268684387,0.47186148166656494,0.01341991312801838
YKL129C,YPL203W,0,-5.38094,0.7730496525764465,0.47186148166656494,0.013852814212441444
YLR074C,YJR069C,0,-5.3884563,0.7676056623458862,0.47186148166656494,0.014285714365541935
YPL082C,YOR340C,1,-5.395773,0.7692307829856873,0.4761904776096344,0.014285714365541935
YOR061W,YOR224C,1,-5.409463,0.7708333134651184,0.48051947355270386,0.014285714365541935
YOR061W,YPR110C,1,-5.4141483,0.7724137902259827,0.4848484992980957,0.014285714365541935
YOR061W,YOR341W,1,-5.420281,0.7739726305007935,0.48917749524116516,0.014285714365541935
YOL005C,YOL124C,0,-5.421135,0.7687074542045593,0.48917749524116516,0.014718614518642426
YOR340C,YKL125W,1,-5.4532585,0.7702702879905701,0.4935064911842346,0.014718614518642426
YPR186C,YGR152C,0,-5.4639163,0.7651006579399109,0.4935064911842346,0.01515151560306549
YPR110C,YOR295W,1,-5.467353,0.7666666507720947,0.4978354871273041,0.01515151560306549
YMR146C,YCL063W,0,-5.4791965,0.7615894079208374,0.4978354871273041,0.015584415756165981
YGL019W,YPR187W,1,-5.490863,0.7631579041481018,0.5021644830703735,0.015584415756165981
YIL035C,YOR341W,1,-5.4926553,0.7647058963775635,0.5064935088157654,0.015584415756165981
YOR061W,YOR210W,1,-5.5374823,0.7662337422370911,0.5108225345611572,0.015584415756165981
YBR154C,YOR295W,1,-5.5416207,0.7677419185638428,0.5151515007019043,0.015584415756165981
YEL053C,YJL190C,0,-5.564258,0.7628205418586731,0.5151515007019043,0.016017315909266472
YOR341W,YOR295W,1,-5.58512,0.7643312215805054,0.5194805264472961,0.016017315909266472
YNL113W,YKL125W,1,-5.586446,0.7658227682113647,0.523809552192688,0.016017315909266472
YLR221C,YMR243C,0,-5.6024294,0.7610062956809998,0.523809552192688,0.016450216993689537
YOR061W,YGL019W,1,-5.6288395,0.762499988079071,0.5281385183334351,0.016450216993689537
YPR010C,YKL125W,1,-5.6306176,0.7639751434326172,0.5324675440788269,0.016450216993689537
YML043C,YOR295W,1,-5.6321564,0.7654321193695068,0.536796510219574,0.016450216993689537
YPL082C,YNL248C,1,-5.6627073,0.7668711543083191,0.5411255359649658,0.016450216993689537
YGL019W,YPR110C,1,-5.665779,0.7682926654815674,0.5454545617103577,0.016450216993689537
YDR174W,YGR103W,0,-5.6810946,0.7636363506317139,0.5454545617103577,0.016883116215467453
YPL082C,YNL113W,1,-5.7140293,0.7650602459907532,0.5497835278511047,0.016883116215467453
YIL035C,YPR187W,1,-5.7143984,0.7664670944213867,0.5541125535964966,0.016883116215467453
YLR009W,YOR073W,0,-5.7273073,0.761904776096344,0.5541125535964966,0.017316017299890518
YBR154C,YKL125W,1,-5.7320733,0.7633135914802551,0.5584415793418884,0.017316017299890518
YGL019W,YOR039W,1,-5.740259,0.7647058963775635,0.5627705454826355,0.017316017299890518
YIL035C,YNL248C,1,-5.742125,0.7660818696022034,0.5670995712280273,0.017316017299890518
YGL019W,YOR340C,1,-5.753539,0.7674418687820435,0.5714285969734192,0.017316017299890518
YPL178W,YPL237W,0,-5.783041,0.763005793094635,0.5714285969734192,0.017748918384313583
YIL097W,YHR161C,0,-5.7934628,0.7586206793785095,0.5714285969734192,0.0181818176060915
YFL022C,YEL053C,0,-5.796087,0.7542856931686401,0.5714285969734192,0.018614718690514565
YOR061W,YOR340C,1,-5.8133755,0.7556818127632141,0.5757575631141663,0.018614718690514565
YOR210W,YKL125W,1,-5.8134613,0.7570621371269226,0.5800865888595581,0.018614718690514565
YPL082C,YBR154C,1,-5.8358088,0.7584269642829895,0.5844155550003052,0.018614718690514565
YKR072C,YER082C,0,-5.8960547,0.7541899681091309,0.5844155550003052,0.01904761977493763
YOR346W,YPR102C,0,-5.8987327,0.75,0.5844155550003052,0.019480518996715546
YMR091C,YIR026C,0,-5.9000196,0.7458563446998596,0.5844155550003052,0.01991342008113861
YIL035C,YPR010C,1,-5.9002066,0.7472527623176575,0.588744580745697,0.01991342008113861
YDL003W,YOR073W,0,-5.90697,0.7431694269180298,0.588744580745697,0.020346321165561676
YPL082C,YML043C,1,-5.9177265,0.7445651888847351,0.5930736064910889,0.020346321165561676
YPL160W,YJR031C,0,-5.9322634,0.7405405640602112,0.5930736064910889,0.020779220387339592
YDR083W,YDR324C,0,-5.9391594,0.7365591526031494,0.5930736064910889,0.021212121471762657
YPR010C,YDR156W,1,-5.951648,0.7379679083824158,0.5974025726318359,0.021212121471762657
YOR061W,YPR010C,1,-5.9636254,0.7393617033958435,0.6017315983772278,0.021212121471762657
YOR224C,YKL125W,1,-5.9713116,0.7407407164573669,0.6060606241226196,0.021212121471762657
YDR293C,YBR006W,0,-5.972171,0.7368420958518982,0.6060606241226196,0.021645022556185722
YKL004W,YJL014W,0,-5.980543,0.7329843044281006,0.6060606241226196,0.02207792177796364
YIL035C,YML043C,1,-5.9811106,0.734375,0.6103895902633667,0.02207792177796364
YPL082C,YKL125W,1,-5.9855137,0.7357512712478638,0.6147186160087585,0.02207792177796364
YPL082C,YOR341W,1,-5.9865246,0.7371134161949158,0.6190476417541504,0.02207792177796364
YJL060W,YJL093C,0,-5.9880424,0.7333333492279053,0.6190476417541504,0.022510822862386703
YDR052C,YDR297W,0,-6.0076866,0.7295918464660645,0.6190476417541504,0.02294372208416462
YGL086W,YMR260C,0,-6.023071,0.7258883118629456,0.6190476417541504,0.023376623168587685
YLR206W,YDR077W,0,-6.0244093,0.7222222089767456,0.6190476417541504,0.02380952425301075
YPL082C,YOR210W,1,-6.043577,0.7236180901527405,0.6233766078948975,0.02380952425301075
YOL149W,YDR412W,0,-6.044802,0.7200000286102295,0.6233766078948975,0.024242423474788666
YGL019W,YBR154C,1,-6.059038,0.7213930487632751,0.6277056336402893,0.024242423474788666
YIL035C,YGL019W,1,-6.0953436,0.7227723002433777,0.6320346593856812,0.024242423474788666
YGL120C,YLR033W,0,-6.0956516,0.7192118167877197,0.6320346593856812,0.02467532455921173
YNL248C,YOR295W,1,-6.0964885,0.720588207244873,0.6363636255264282,0.02467532455921173
YGL019W,YNL248C,1,-6.1068497,0.7219512462615967,0.6406926512718201,0.02467532455921173
YOR039W,YNL113W,1,-6.108083,0.7233009934425354,0.6450216174125671,0.02467532455921173
YHR143W-A,YKL125W,1,-6.109652,0.7246376872062683,0.649350643157959,0.02467532455921173
YJL100W,YBR183W,0,-6.1333084,0.7211538553237915,0.649350643157959,0.025108225643634796
YKL146W,YNL160W,0,-6.1359253,0.7177033424377441,0.649350643157959,0.025541124865412712
YPR052C,YLR264W,0,-6.1433945,0.7142857313156128,0.649350643157959,0.025974025949835777
YPR010C,YOR295W,1,-6.1473413,0.7156398296356201,0.6536796689033508,0.025974025949835777
YBL015W,YOR031W,0,-6.150325,0.7122641801834106,0.6536796689033508,0.026406927034258842
YGL019W,YOR341W,1,-6.1569853,0.7136150002479553,0.6580086350440979,0.026406927034258842
YBR155W,YGL201C,0,-6.1708097,0.7102803587913513,0.6580086350440979,0.02683982625603676
YOR168W,YPL243W,0,-6.1900415,0.7069767713546753,0.6580086350440979,0.027272727340459824
YIL035C,YJL025W,1,-6.192522,0.7083333134651184,0.6623376607894897,0.027272727340459824
YOR168W,YBR171W,0,-6.1955953,0.7050691246986389,0.6623376607894897,0.02770562842488289
YAL029C,YKL057C,0,-6.2027655,0.7018348574638367,0.6623376607894897,0.028138527646660805
YPL082C,YPR010C,1,-6.212661,0.7031963467597961,0.6666666865348816,0.028138527646660805
YDR156W,YKL125W,1,-6.221964,0.7045454382896423,0.6709956526756287,0.028138527646660805
YNL220W,YGL030W,0,-6.2310324,0.7013574838638306,0.6709956526756287,0.02857142873108387
YPR010C,YOR341W,1,-6.234524,0.7027027010917664,0.6753246784210205,0.02857142873108387
YOR188W,YBR083W,0,-6.23795,0.6995515823364258,0.6753246784210205,0.029004329815506935
YDR420W,YLL012W,0,-6.248831,0.6964285969734192,0.6753246784210205,0.02943722903728485
YOR039W,YOR340C,1,-6.2679873,0.6977777481079102,0.6796537041664124,0.02943722903728485
YBL093C,YOL142W,0,-6.2718744,0.6946902871131897,0.6796537041664124,0.029870130121707916
YLR175W,YPR070W,0,-6.278122,0.691629946231842,0.6796537041664124,0.03030303120613098
YGL019W,YOR210W,1,-6.279498,0.6929824352264404,0.6839826703071594,0.03030303120613098
YBR073W,YER190W,0,-6.283981,0.6899563074111938,0.6839826703071594,0.030735930427908897
YNL110C,YPL243W,0,-6.2968287,0.686956524848938,0.6839826703071594,0.031168831512331963
YOR039W,YPR187W,1,-6.311042,0.6883116960525513,0.6883116960525513,0.031168831512331963
YPR185W,YLL001W,0,-6.3164,0.6853448152542114,0.6883116960525513,0.03160173073410988
YOR061W,YOR295W,1,-6.328215,0.6866952776908875,0.6926407217979431,0.03160173073410988
YHR204W,YPR016C,0,-6.3317146,0.6837607026100159,0.6926407217979431,0.032034631818532944
YDR156W,YOR341W,1,-6.3575754,0.6851063966751099,0.6969696879386902,0.032034631818532944
YGL019W,YJL025W,1,-6.3611608,0.6864407062530518,0.701298713684082,0.032034631818532944
YOR046C,YAR002W,0,-6.3874416,0.6835442781448364,0.701298713684082,0.03246753290295601
YJL014W,YLR186W,0,-6.40121,0.680672287940979,0.701298713684082,0.032900433987379074
YOR133W,YMR277W,0,-6.4047685,0.6778242588043213,0.701298713684082,0.03333333507180214
YGL019W,YHR143W-A,1,-6.4369764,0.6791666746139526,0.7056276798248291,0.03333333507180214
YLR175W,YLR292C,0,-6.43779,0.6763485670089722,0.7056276798248291,0.033766232430934906
YER030W,YDR324C,0,-6.451044,0.6735537052154541,0.7056276798248291,0.03419913351535797
YGL019W,YML043C,1,-6.455945,0.6748971343040466,0.709956705570221,0.03419913351535797
YNL023C,YHR133C,0,-6.4570055,0.6721311211585999,0.709956705570221,0.034632034599781036
YDR156W,YJL025W,1,-6.4680033,0.6734693646430969,0.7142857313156128,0.034632034599781036
YDR198C,YBR082C,0,-6.47248,0.6707317233085632,0.7142857313156128,0.0350649356842041
YGL019W,YOR224C,1,-6.482724,0.6720647811889648,0.7186146974563599,0.0350649356842041
YGL019W,YNL113W,1,-6.488697,0.6733871102333069,0.7229437232017517,0.0350649356842041
YEL037C,YHR206W,0,-6.493775,0.6706827282905579,0.7229437232017517,0.03549783676862717
YDR284C,YJR073C,0,-6.5288897,0.6679999828338623,0.7229437232017517,0.035930734127759933
YHR197W,YPL253C,0,-6.5307627,0.6653386354446411,0.7229437232017517,0.036363635212183
YLR435W,YML097C,0,-6.531975,0.6626983880996704,0.7229437232017517,0.036796536296606064
YER053C,YDR160W,0,-6.533388,0.6600790619850159,0.7229437232017517,0.03722943738102913
YPL082C,YPR110C,1,-6.5341144,0.6614173054695129,0.7272727489471436,0.03722943738102913
YJL014W,YHR089C,0,-6.5480137,0.658823549747467,0.7272727489471436,0.037662338465452194
YPL082C,YHR143W-A,1,-6.558032,0.66015625,0.7316017150878906,0.037662338465452194
YBR279W,YIL138C,0,-6.564493,0.6575875282287598,0.7316017150878906,0.03809523954987526
YJR002W,YOR143C,0,-6.574555,0.6550387740135193,0.7316017150878906,0.038528136909008026
YIL103W,YGR056W,0,-6.5764937,0.6525096297264099,0.7316017150878906,0.03896103799343109
YFR037C,YBR156C,0,-6.5938272,0.6499999761581421,0.7316017150878906,0.039393939077854156
YOL082W,YGR080W,0,-6.608447,0.6475095748901367,0.7316017150878906,0.03982684016227722
YIL035C,YOR295W,1,-6.6089277,0.6488549709320068,0.7359307408332825,0.03982684016227722
YGR202C,YPR101W,0,-6.610819,0.6463878154754639,0.7359307408332825,0.04025974124670029
YDR156W,YOR295W,1,-6.6316547,0.6477272510528564,0.7402597665786743,0.04025974124670029
YGL019W,YOR295W,1,-6.634403,0.649056613445282,0.7445887327194214,0.04025974124670029
YGL019W,YKL125W,1,-6.6344743,0.6503759622573853,0.7489177584648132,0.04025974124670029
YOR039W,YML043C,1,-6.640277,0.6516854166984558,0.7532467246055603,0.04025974124670029
YDL015C,YJL109C,0,-6.6458483,0.6492537260055542,0.7532467246055603,0.04069264233112335
YGR261C,YIR009W,0,-6.654439,0.6468401551246643,0.7532467246055603,0.04112553969025612
YGL019W,YPR010C,1,-6.664781,0.6481481194496155,0.7575757503509521,0.04112553969025612
YOR039W,YOR224C,1,-6.6692886,0.6494464874267578,0.761904776096344,0.04112553969025612
YFL039C,YGL229C,0,-6.6721663,0.6470588445663452,0.761904776096344,0.041558440774679184
YNL075W,YNL309W,0,-6.673539,0.6446886658668518,0.761904776096344,0.04199134185910225
YOR034C,YKL008C,0,-6.6759357,0.6423357725143433,0.761904776096344,0.042424242943525314
YOR039W,YOR210W,1,-6.677447,0.6436363458633423,0.7662337422370911,0.042424242943525314
YOR094W,YNL059C,0,-6.6817684,0.6413043737411499,0.7662337422370911,0.04285714402794838
YAR002C-A,YJL191W,0,-6.6819677,0.6389891505241394,0.7662337422370911,0.043290045112371445
YBR127C,YOR229W,0,-6.6859717,0.6366906762123108,0.7662337422370911,0.04372294247150421
YIL097W,YMR096W,0,-6.6869354,0.6344085931777954,0.7662337422370911,0.04415584355592728
YIL035C,YOR061W,1,-6.698789,0.6357142925262451,0.7705627679824829,0.04415584355592728
YNL153C,YIL138C,0,-6.7008295,0.6334519386291504,0.7705627679824829,0.04458874464035034
YMR012W,YMR142C,0,-6.7104645,0.631205677986145,0.7705627679824829,0.04502164572477341
YGR169C,YBL004W,0,-6.71666,0.6289752721786499,0.7705627679824829,0.04545454680919647
YIL103W,YHR163W,0,-6.7206936,0.6267605423927307,0.7705627679824829,0.04588744416832924
YOR061W,YJL025W,1,-6.727207,0.6280701756477356,0.7748917937278748,0.04588744416832924
YPL082C,YPR187W,1,-6.728734,0.6293706297874451,0.7792207598686218,0.04588744416832924
YOR039W,YBR154C,1,-6.7306967,0.6306620240211487,0.7835497856140137,0.04588744416832924
YIL035C,YOR039W,1,-6.7322435,0.6319444179534912,0.7878788113594055,0.04588744416832924
YOR039W,YPR110C,1,-6.7350802,0.633217990398407,0.7922077775001526,0.04588744416832924
YGR216C,YNL090W,0,-6.7406693,0.6310344934463501,0.7922077775001526,0.046320345252752304
YMR053C,YBR006W,0,-6.7470512,0.6288659572601318,0.7922077775001526,0.04675324633717537
YLR293C,YLR313C,0,-6.750435,0.6267123222351074,0.7922077775001526,0.047186147421598434
YDR379W,YLR447C,0,-6.755063,0.6245733499526978,0.7922077775001526,0.0476190485060215
YDR388W,YOR132W,0,-6.7635756,0.6224489808082581,0.7922077775001526,0.048051949590444565
YPL178W,YML114C,0,-6.7676063,0.6203389763832092,0.7922077775001526,0.04848484694957733
YDR508C,YHR133C,0,-6.7723503,0.6182432174682617,0.7922077775001526,0.0489177480340004
YIL035C,YKL125W,1,-6.775947,0.619528591632843,0.7965368032455444,0.0489177480340004
YNL214W,YFR050C,0,-6.7775116,0.6174496412277222,0.7965368032455444,0.04935064911842346
YER025W,YDR228C,0,-6.779028,0.6153846383094788,0.7965368032455444,0.04978355020284653
YBR283C,YIL022W,0,-6.7820272,0.6133333444595337,0.7965368032455444,0.05021645128726959
YOR061W,YML043C,1,-6.7908444,0.6146179437637329,0.8008658289909363,0.05021645128726959
YGL169W,YGR094W,0,-6.791052,0.612582802772522,0.8008658289909363,0.05064935237169266
YAL012W,YNL281W,0,-6.7972994,0.6105610728263855,0.8008658289909363,0.051082249730825424
YDR140W,YDL236W,0,-6.807416,0.6085526347160339,0.8008658289909363,0.05151515081524849
YPL217C,YGR082W,0,-6.8081017,0.6065573692321777,0.8008658289909363,0.051948051899671555
YLR114C,YDL040C,0,-6.812321,0.6045751571655273,0.8008658289909363,0.05238095298409462
YER006W,YOL102C,0,-6.8126254,0.6026058793067932,0.8008658289909363,0.052813854068517685
YER174C,YNL004W,0,-6.8151364,0.600649356842041,0.8008658289909363,0.05324675142765045
YHR026W,YDR165W,0,-6.817566,0.598705530166626,0.8008658289909363,0.05367965251207352
YLR060W,YIL085C,0,-6.8278437,0.5967742204666138,0.8008658289909363,0.05411255359649658
YMR129W,YBR198C,0,-6.8338423,0.5948553085327148,0.8008658289909363,0.05454545468091965
YLR264W,YKL212W,0,-6.8413982,0.5929487347602844,0.8008658289909363,0.05497835576534271
YNL282W,YLR292C,0,-6.8467026,0.5910543203353882,0.8008658289909363,0.05541125684976578
YGL004C,YDR427W,0,-6.849633,0.5891719460487366,0.8008658289909363,0.055844154208898544
YLR381W,YOL012C,0,-6.8517017,0.5873016119003296,0.8008658289909363,0.05627705529332161
YML132W,YGR248W,0,-6.8567905,0.5854430198669434,0.8008658289909363,0.056709956377744675
YOL005C,YLR448W,0,-6.880919,0.5835962295532227,0.8008658289909363,0.05714285746216774
YJL025W,YOR295W,1,-6.88157,0.5849056839942932,0.8051947951316833,0.05714285746216774
YHL019C,YDR516C,0,-6.881809,0.5830721259117126,0.8051947951316833,0.057575758546590805
YDR411C,YKL035W,0,-6.8870773,0.581250011920929,0.8051947951316833,0.05800865963101387
YNL294C,YLR447C,0,-6.8916893,0.5794392228126526,0.8051947951316833,0.05844155699014664
YJR155W,YBR006W,0,-6.8959093,0.5776397585868835,0.8051947951316833,0.0588744580745697
YHR193C,YLR357W,0,-6.897353,0.5758513808250427,0.8051947951316833,0.05930735915899277
YHR089C,YNL268W,0,-6.9266286,0.5740740895271301,0.8051947951316833,0.05974026024341583
YPR171W,YMR243C,0,-6.939106,0.5723077058792114,0.8051947951316833,0.0601731613278389
YKR022C,YPL243W,0,-6.9446,0.5705521702766418,0.8051947951316833,0.06060606241226196
YDL043C,YPL157W,0,-6.944699,0.5688073635101318,0.8051947951316833,0.06103895977139473
YBR283C,YIL008W,0,-6.9480767,0.5670731663703918,0.8051947951316833,0.061471860855817795
YBR004C,YOR305W,0,-6.9487977,0.5653495192527771,0.8051947951316833,0.06190476194024086
YHR081W,YIL076W,0,-6.9573755,0.5636363625526428,0.8051947951316833,0.062337663024663925
YNL166C,YEL018W,0,-6.976674,0.5619335174560547,0.8051947951316833,0.06277056038379669
YBL040C,YOR241W,0,-6.9783964,0.5602409839630127,0.8051947951316833,0.06320346146821976
YDR040C,YNL025C,0,-6.981698,0.5585585832595825,0.8051947951316833,0.06363636255264282
YKL144C,YGL113W,0,-6.9837456,0.5568862557411194,0.8051947951316833,0.06406926363706589
YOL080C,YOR305W,0,-6.988798,0.5552238821983337,0.8051947951316833,0.06450216472148895
YNL031C,YDR488C,0,-6.9907427,0.5535714030265808,0.8051947951316833,0.06493506580591202
YDR036C,YER020W,0,-6.9951105,0.5519287586212158,0.8051947951316833,0.06536796689033508
YLR192C,YKL120W,0,-6.9997215,0.5502958297729492,0.8051947951316833,0.06580086797475815
YML043C,YKL125W,1,-7.0048738,0.5516223907470703,0.8095238208770752,0.06580086797475815
YDL060W,YBR058C,0,-7.0075054,0.550000011920929,0.8095238208770752,0.06623376905918121
YLR010C,YJR141W,0,-7.0168505,0.5483871102333069,0.8095238208770752,0.06666667014360428
YMR177W,YKL014C,0,-7.0175023,0.5467836260795593,0.8095238208770752,0.06709956377744675
YER165W,YPR181C,0,-7.01819,0.5451894998550415,0.8095238208770752,0.06753246486186981
YDR478W,YGR024C,0,-7.0223093,0.5436046719551086,0.8095238208770752,0.06796536594629288
YGL019W,YDR156W,1,-7.0254045,0.5449275374412537,0.8138527870178223,0.06796536594629288
YJR064W,YOL135C,0,-7.051383,0.5433526039123535,0.8138527870178223,0.06839826703071594
YOR039W,YOR341W,1,-7.0539746,0.5446686148643494,0.8181818127632141,0.06839826703071594
YAL029C,YLR003C,0,-7.060552,0.5431034564971924,0.8181818127632141,0.06883116811513901
YOL102C,YML109W,0,-7.067169,0.5415472984313965,0.8181818127632141,0.06926406919956207
YPL082C,YJL025W,1,-7.0779014,0.5428571701049805,0.822510838508606,0.06926406919956207
YBL035C,YBR079C,0,-7.0874133,0.5413105487823486,0.822510838508606,0.06969697028398514
YNR026C,YPR139C,0,-7.088943,0.5397727489471436,0.822510838508606,0.0701298713684082
YHR036W,YPL243W,0,-7.093296,0.5382436513900757,0.822510838508606,0.07056277245283127
YDR469W,YNL229C,0,-7.0969906,0.5367231369018555,0.822510838508606,0.07099567353725433
YNL023C,YNL149C,0,-7.097964,0.5352112650871277,0.822510838508606,0.0714285746216774
YIL114C,YDR412W,0,-7.1015825,0.533707857131958,0.822510838508606,0.07186146825551987
YEL051W,YHR020W,0,-7.1019073,0.5322129130363464,0.822510838508606,0.07229436933994293
YOL016C,YPL060W,0,-7.10293,0.5307262539863586,0.822510838508606,0.072727270424366
YBR119W,YDL085W,0,-7.1218743,0.5292479395866394,0.822510838508606,0.07316017150878906
YBR065C,YML032C,0,-7.124249,0.5277777910232544,0.822510838508606,0.07359307259321213
YGL206C,YHR135C,0,-7.1256647,0.5263158082962036,0.822510838508606,0.07402597367763519
YNL059C,YPR167C,0,-7.1288505,0.5248618721961975,0.822510838508606,0.07445887476205826
YER030W,YPL210C,0,-7.1302013,0.5234159827232361,0.822510838508606,0.07489177584648132
YPL082C,YDR156W,1,-7.1303906,0.5247252583503723,0.826839804649353,0.07489177584648132
YDR384C,YIL022W,0,-7.1309395,0.5232876539230347,0.826839804649353,0.07532467693090439
YOR061W,YDR156W,1,-7.1360407,0.5245901346206665,0.8311688303947449,0.07532467693090439
YJL178C,YHR142W,0,-7.142461,0.5231607556343079,0.8311688303947449,0.07575757801532745
YOR002W,YIR022W,0,-7.147517,0.52173912525177,0.8311688303947449,0.07619047909975052
YPL266W,YDR325W,0,-7.166115,0.5203251838684082,0.8311688303947449,0.07662338018417358
YGR108W,YGR220C,0,-7.1676235,0.5189189314842224,0.8311688303947449,0.07705627381801605
YOR204W,YDR404C,0,-7.168281,0.5175201892852783,0.8311688303947449,0.07748917490243912
YPR019W,YDR120C,0,-7.1722245,0.5161290168762207,0.8311688303947449,0.07792207598686218
YDR516C,YDR164C,0,-7.1939325,0.51474529504776,0.8311688303947449,0.07835497707128525
YJL115W,YLR448W,0,-7.20615,0.5133689641952515,0.8311688303947449,0.07878787815570831
YOL125W,YLR200W,0,-7.2197933,0.5120000243186951,0.8311688303947449,0.07922077924013138
YKL125W,YOR295W,1,-7.229947,0.5132978558540344,0.8354978561401367,0.07922077924013138
YCR026C,YER160C,0,-7.2325406,0.511936366558075,0.8354978561401367,0.07965368032455444
YML036W,YDR414C,0,-7.2360764,0.5105820298194885,0.8354978561401367,0.08008658140897751
YEL053C,YDR071C,0,-7.237126,0.5092348456382751,0.8354978561401367,0.08051948249340057
YNR033W,YNL329C,0,-7.2383127,0.50789475440979,0.8354978561401367,0.08095238357782364
YAL007C,YJL080C,0,-7.2402873,0.5065616965293884,0.8354978561401367,0.0813852846622467
YDL198C,YGR054W,0,-7.249472,0.5052356123924255,0.8354978561401367,0.08181817829608917
YHR072W-A,YOL143C,0,-7.2496686,0.5039164423942566,0.8354978561401367,0.08225107938051224
YDL126C,YBR284W,0,-7.2514095,0.5026041865348816,0.8354978561401367,0.0826839804649353
YPL082C,YOR295W,1,-7.2536163,0.5038961172103882,0.8398268222808838,0.0826839804649353
YER183C,YIL147C,0,-7.258738,0.5025906562805176,0.8398268222808838,0.08311688154935837
YJL186W,YAL043C,0,-7.2589836,0.5012919902801514,0.8398268222808838,0.08354978263378143
YER169W,YER005W,0,-7.26308,0.5,0.8398268222808838,0.0839826837182045
YJL060W,YOR231W,0,-7.2641935,0.4987146556377411,0.8398268222808838,0.08441558480262756
YLR075W,YOR073W,0,-7.266816,0.49743589758872986,0.8398268222808838,0.08484848588705063
YDR397C,YHL012W,0,-7.274975,0.4961636960506439,0.8398268222808838,0.0852813869714737
YGL211W,YHR020W,0,-7.280135,0.4948979616165161,0.8398268222808838,0.08571428805589676
YDL051W,YER129W,0,-7.2833652,0.49363866448402405,0.8398268222808838,0.08614718914031982
YCR065W,YJL080C,0,-7.2873325,0.49238577485084534,0.8398268222808838,0.08658009022474289
YLL004W,YPL129W,0,-7.2880716,0.4911392331123352,0.8398268222808838,0.08701298385858536
YNL259C,YDR016C,0,-7.293021,0.4898989796638489,0.8398268222808838,0.08744588494300842
YBR132C,YBR169C,0,-7.293448,0.48866498470306396,0.8398268222808838,0.08787878602743149
YOR039W,YPR010C,1,-7.298768,0.4899497628211975,0.8441558480262756,0.08787878602743149
YOR085W,YGR116W,0,-7.311969,0.4887218177318573,0.8441558480262756,0.08831168711185455
YMR211W,YGL216W,0,-7.312423,0.48750001192092896,0.8441558480262756,0.08874458819627762
YHR086W,YDR055W,0,-7.3147974,0.4862842857837677,0.8441558480262756,0.08917748928070068
YPL086C,YHR026W,0,-7.322281,0.48507463932037354,0.8441558480262756,0.08961039036512375
YIL080W,YML039W,0,-7.32279,0.4838709533214569,0.8441558480262756,0.09004329144954681
YHR031C,YPR016C,0,-7.3245697,0.4826732575893402,0.8441558480262756,0.09047619253396988
YDR168W,YDR388W,0,-7.3249846,0.48148149251937866,0.8441558480262756,0.09090909361839294
YDR071C,YJL104W,0,-7.326953,0.4802955687046051,0.8441558480262756,0.09134199470281601
YIL009W,YHR026W,0,-7.3316708,0.47911548614501953,0.8441558480262756,0.09177488833665848
YOR123C,YLR448W,0,-7.332203,0.4779411852359772,0.8441558480262756,0.09220778942108154
YOR239W,YNL090W,0,-7.3424563,0.47677260637283325,0.8441558480262756,0.09264069050550461
YPL210C,YER151C,0,-7.3431063,0.47560974955558777,0.8441558480262756,0.09307359158992767
YLR106C,YOR140W,0,-7.344559,0.47445255517959595,0.8441558480262756,0.09350649267435074
YOR039W,YDR156W,1,-7.348384,0.4757281541824341,0.8484848737716675,0.09350649267435074
YGR094W,YJR141W,0,-7.3493805,0.47457626461982727,0.8484848737716675,0.0939393937587738
YMR263W,YOR081C,0,-7.3502398,0.47342994809150696,0.8484848737716675,0.09437229484319687
YER149C,YFL037W,0,-7.35127,0.47228914499282837,0.8484848737716675,0.09480519592761993
YOR224C,YLR141W,1,-7.360263,0.4735576808452606,0.8528138399124146,0.09480519592761993
YOR061W,YKL125W,1,-7.369035,0.4748201370239258,0.8571428656578064,0.09480519592761993
YIL035C,YDR156W,1,-7.3913746,0.47607654333114624,0.8614718317985535,0.09480519592761993
YOL123W,YPR080W,0,-7.392901,0.47494032979011536,0.8614718317985535,0.095238097012043
YOL123W,YPL050C,0,-7.396615,0.47380951046943665,0.8614718317985535,0.09567099809646606
YCR052W,YDL042C,0,-7.3982954,0.4726840853691101,0.8614718317985535,0.09610389918088913
YJL192C,YDL229W,0,-7.3997126,0.47156399488449097,0.8614718317985535,0.0965367928147316
YKL009W,YJR135W-A,0,-7.404254,0.47044917941093445,0.8614718317985535,0.09696969389915466
YMR137C,YIL077C,0,-7.4044895,0.46933960914611816,0.8614718317985535,0.09740259498357773
YER138C,YJR141W,0,-7.4071865,0.4682352840900421,0.8614718317985535,0.0978354960680008
YOR039W,YHR143W-A,1,-7.409567,0.46948355436325073,0.8658008575439453,0.0978354960680008
YER044C,YGR038W,0,-7.41333,0.4683840870857239,0.8658008575439453,0.09826839715242386
YNL014W,YGR143W,0,-7.4137454,0.4672897160053253,0.8658008575439453,0.09870129823684692
YGR085C,YIR022W,0,-7.4168305,0.46620047092437744,0.8658008575439453,0.09913419932126999
YIL103W,YGL058W,0,-7.418197,0.4651162922382355,0.8658008575439453,0.09956710040569305
YDL095W,YGR082W,0,-7.421286,0.46403712034225464,0.8658008575439453,0.10000000149011612
YPL082C,YOR224C,1,-7.4234347,0.4652777910232544,0.8701298832893372,0.10000000149011612
YFL035C,YLR196W,0,-7.434498,0.46420323848724365,0.8701298832893372,0.10043290257453918
YLR095C,YIR022W,0,-7.4442725,0.46313363313674927,0.8701298832893372,0.10086580365896225
YKR038C,YGL092W,0,-7.4505053,0.46206897497177124,0.8701298832893372,0.10129870474338531
YGL065C,YGR244C,0,-7.4521103,0.4610091745853424,0.8701298832893372,0.10173159837722778
YLR238W,YDR289C,0,-7.453437,0.45995423197746277,0.8701298832893372,0.10216449946165085
YOR240W,YFL035C,0,-7.4534564,0.45890411734580994,0.8701298832893372,0.10259740054607391
YOR267C,YOR351C,0,-7.4575443,0.45785877108573914,0.8701298832893372,0.10303030163049698
YKR083C,YLR313C,0,-7.4584103,0.45681819319725037,0.8701298832893372,0.10346320271492004
YAL012W,YCR058C,0,-7.4593344,0.45578232407569885,0.8701298832893372,0.10389610379934311
YOR074C,YKL021C,0,-7.462155,0.4547511339187622,0.8701298832893372,0.10432900488376617
YDR046C,YHR059W,0,-7.46419,0.45372459292411804,0.8701298832893372,0.10476190596818924
YPL271W,YLR455W,0,-7.4732842,0.45270270109176636,0.8701298832893372,0.1051948070526123
YGL096W,YDR018C,0,-7.47422,0.4516853988170624,0.8701298832893372,0.10562770813703537
YIR013C,YDL150W,0,-7.4749007,0.4506726562976837,0.8701298832893372,0.10606060922145844
YDR508C,YDL112W,0,-7.4765058,0.449664443731308,0.8701298832893372,0.1064935028553009
YCR065W,YPL010W,0,-7.4795194,0.4486607015132904,0.8701298832893372,0.10692640393972397
YIR008C,YLR316C,0,-7.4802823,0.44766145944595337,0.8701298832893372,0.10735930502414703
YOR142W,YEL012W,0,-7.485075,0.4466666579246521,0.8701298832893372,0.1077922061085701
YOR039W,YLR141W,1,-7.4882383,0.44789355993270874,0.8744588494300842,0.1077922061085701
YCL035C,YDR129C,0,-7.491275,0.44690266251564026,0.8744588494300842,0.10822510719299316
YGR063C,YMR149W,0,-7.495744,0.4459161162376404,0.8744588494300842,0.10865800827741623
YDL040C,YGR077C,0,-7.5042624,0.4449339210987091,0.8744588494300842,0.1090909093618393
YPR019W,YNL068C,0,-7.506852,0.44395604729652405,0.8744588494300842,0.10952381044626236
YMR172W,YCL075W,0,-7.510798,0.4429824650287628,0.8744588494300842,0.10995671153068542
YLR022C,YHL009C,0,-7.5156183,0.44201311469078064,0.8744588494300842,0.11038961261510849
YDR173C,YHR138C,0,-7.5163684,0.4410480260848999,0.8744588494300842,0.11082251369953156
YJR070C,YOL104C,0,-7.52083,0.44008713960647583,0.8744588494300842,0.11125541478395462
YFR009W,YLR292C,0,-7.5210013,0.43913042545318604,0.8744588494300842,0.11168830841779709
YPR018W,YBR081C,0,-7.5242233,0.4381778836250305,0.8744588494300842,0.11212120950222015
YGL019W,YLR141W,1,-7.5281825,0.43939393758773804,0.8787878751754761,0.11212120950222015
YOL067C,YDL038C,0,-7.5305996,0.43844491243362427,0.8787878751754761,0.11255411058664322
YMR128W,YOR103C,0,-7.5389876,0.4375,0.8787878751754761,0.11298701167106628
YPL241C,YLR002C,0,-7.540691,0.43655914068222046,0.8787878751754761,0.11341991275548935
YGL035C,YML034W,0,-7.542938,0.43562230467796326,0.8787878751754761,0.11385281383991241
YOR079C,YML048W,0,-7.544159,0.4346895217895508,0.8787878751754761,0.11428571492433548
YIL120W,YNR064C,0,-7.5598626,0.4337606728076935,0.8787878751754761,0.11471861600875854
YDR384C,YDL081C,0,-7.563777,0.43283581733703613,0.8787878751754761,0.11515151709318161
YGL236C,YDL064W,0,-7.5649157,0.43191489577293396,0.8787878751754761,0.11558441817760468
YKL160W,YOR241W,0,-7.5668235,0.4309978783130646,0.8787878751754761,0.11601731926202774
YDR072C,YAL068C,0,-7.567362,0.4300847351551056,0.8787878751754761,0.11645021289587021
YKR072C,YGR285C,0,-7.575767,0.429175466299057,0.8787878751754761,0.11688311398029327
YCL066W,YIL167W,0,-7.5760174,0.42827004194259644,0.8787878751754761,0.11731601506471634
YDR022C,YER104W,0,-7.5776806,0.4273684322834015,0.8787878751754761,0.1177489161491394
YMR073C,YGL039W,0,-7.581671,0.4264705777168274,0.8787878751754761,0.11818181723356247
YBR164C,YOR326W,0,-7.5861235,0.42557650804519653,0.8787878751754761,0.11861471831798553
YML113W,YMR192W,0,-7.5872397,0.4246861934661865,0.8787878751754761,0.1190476194024086
YPL022W,YAR003W,0,-7.5879545,0.4237995743751526,0.8787878751754761,0.11948052048683167
YPR144C,YOR127W,0,-7.5931087,0.4229166805744171,0.8787878751754761,0.11991342157125473
YOR039W,YNL248C,1,-7.5973506,0.42411643266677856,0.8831169009208679,0.11991342157125473
YMR305C,YOL102C,0,-7.600106,0.42323651909828186,0.8831169009208679,0.1203463226556778
YDR228C,YKL212W,0,-7.604004,0.42236024141311646,0.8831169009208679,0.12077922374010086
YNL243W,YHR084W,0,-7.6141725,0.42148759961128235,0.8831169009208679,0.12121212482452393
YBL040C,YNL221C,0,-7.617119,0.42061856389045715,0.8831169009208679,0.1216450184583664
YLR391W,YHR069C,0,-7.6202145,0.4197530746459961,0.8831169009208679,0.12207791954278946
YOL016C,YHR001W,0,-7.6258373,0.41889116168022156,0.8831169009208679,0.12251082062721252
YOR074C,YMR127C,0,-7.625914,0.41803279519081116,0.8831169009208679,0.12294372171163559
YOL068C,YER029C,0,-7.625928,0.4171779155731201,0.8831169009208679,0.12337662279605865
YNL084C,YIL097W,0,-7.631109,0.41632652282714844,0.8831169009208679,0.12380952388048172
YOR377W,YDR228C,0,-7.6316457,0.4154786169528961,0.8831169009208679,0.12424242496490479
YKL125W,YJL025W,1,-7.6330614,0.4166666567325592,0.887445867061615,0.12424242496490479
YER052C,YDR378C,0,-7.6343126,0.41582149267196655,0.887445867061615,0.12467532604932785
YKL146W,YJL012C-A,0,-7.6359005,0.4149797558784485,0.887445867061615,0.12510822713375092
YGL211W,YIL115C,0,-7.636046,0.4141414165496826,0.887445867061615,0.12554112076759338
YDR138W,YPR042C,0,-7.640544,0.41330644488334656,0.887445867061615,0.12597402930259705
YOL109W,YCR062W,0,-7.6456556,0.4124748408794403,0.887445867061615,0.12640692293643951
YBR164C,YEL056W,0,-7.6468124,0.4116465747356415,0.887445867061615,0.12683983147144318
YOR159C,YKL173W,0,-7.648027,0.4108216464519501,0.887445867061615,0.12727272510528564
YMR043W,YPR041W,0,-7.65361,0.4099999964237213,0.887445867061615,0.1277056336402893
YBR210W,YGL020C,0,-7.6597266,0.4091816246509552,0.887445867061615,0.12813852727413177
YNL201C,YDR316W-B,0,-7.6621127,0.40836653113365173,0.887445867061615,0.12857143580913544
YKL139W,YDL111C,0,-7.6634874,0.4075546860694885,0.887445867061615,0.1290043294429779
YGL187C,YHR059W,0,-7.6636877,0.4067460298538208,0.887445867061615,0.12943722307682037
YGR257C,YCR044C,0,-7.6659923,0.40594059228897095,0.887445867061615,0.12987013161182404
YKR063C,YOR119C,0,-7.6668115,0.4051383435726166,0.887445867061615,0.1303030252456665
YDR407C,YML001W,0,-7.6697564,0.4043392539024353,0.887445867061615,0.13073593378067017
YOR061W,YOR039W,1,-7.6720753,0.4055117964744568,0.8917748928070068,0.13073593378067017
YGR230W,YGR280C,0,-7.6738224,0.4047151207923889,0.8917748928070068,0.13116882741451263
YCL012W,YKL214C,0,-7.6749163,0.40392157435417175,0.8917748928070068,0.1316017359495163
YHR038W,YLR455W,0,-7.6766014,0.4031311273574829,0.8917748928070068,0.13203462958335876
YPL058C,YER018C,0,-7.6768823,0.40234375,0.8917748928070068,0.13246753811836243
YKR035W-A,YHR027C,0,-7.678816,0.401559442281723,0.8917748928070068,0.1329004317522049
YDR298C,YKL214C,0,-7.6825643,0.400778204202652,0.8917748928070068,0.13333334028720856
YNL216W,YML124C,0,-7.6835346,0.4000000059604645,0.8917748928070068,0.13376623392105103
YDL198C,YDL135C,0,-7.68439,0.39922481775283813,0.8917748928070068,0.1341991275548935
YDR016C,YPR094W,0,-7.685732,0.39845260977745056,0.8917748928070068,0.13463203608989716
YOL104C,YLR227W-B,0,-7.6870923,0.39768341183662415,0.8917748928070068,0.13506492972373962
YAL042W,YNL129W,0,-7.6895275,0.3969171345233917,0.8917748928070068,0.1354978382587433
YCR027C,YPL063W,0,-7.693225,0.39615383744239807,0.8917748928070068,0.13593073189258575
YOL086C,YLR466W,0,-7.694729,0.3953934609889984,0.8917748928070068,0.13636364042758942
YJL156C,YJL114W,0,-7.697326,0.39463600516319275,0.8917748928070068,0.13679653406143188
YNL262W,YKR079C,0,-7.698801,0.3938814401626587,0.8917748928070068,0.13722944259643555
YKL017C,YGR161C-C,0,-7.6998897,0.39312976598739624,0.8917748928070068,0.13766233623027802
YIL035C,YPL082C,1,-7.6998997,0.3942857086658478,0.8961039185523987,0.13766233623027802
YNL113W,YLR141W,1,-7.7002163,0.3954372704029083,0.9004328846931458,0.13766233623027802
YDR358W,YKL200C,0,-7.700508,0.39468690752983093,0.9004328846931458,0.13809524476528168
YOR109W,YHR077C,0,-7.703308,0.39393940567970276,0.9004328846931458,0.13852813839912415
YAL024C,YOR294W,0,-7.7084074,0.39319470524787903,0.9004328846931458,0.1389610320329666
YGL201C,YOL127W,0,-7.7088547,0.39245283603668213,0.9004328846931458,0.13939394056797028
YEL018W,YGL200C,0,-7.7113028,0.3917137384414673,0.9004328846931458,0.13982683420181274
YBR038W,YNL016W,0,-7.7139015,0.3909774422645569,0.9004328846931458,0.1402597427368164
YNL002C,YGR056W,0,-7.716508,0.39024388790130615,0.9004328846931458,0.14069263637065887
YOR061W,YPL082C,1,-7.7209234,0.3913857638835907,0.9047619104385376,0.14069263637065887
YKR031C,YFL002W-A,0,-7.7243133,0.39065420627593994,0.9047619104385376,0.14112554490566254
YER167W,YOR127W,0,-7.726367,0.38992536067962646,0.9047619104385376,0.141558438539505
YEL015W,YDR261C-D,0,-7.728045,0.38919925689697266,0.9047619104385376,0.14199134707450867
YDL132W,YGR267C,0,-7.7306833,0.38847583532333374,0.9047619104385376,0.14242424070835114
YKL193C,YIL017W,0,-7.7308855,0.3877550959587097,0.9047619104385376,0.1428571492433548
YIL155C,YPR137C-B,0,-7.7335906,0.3870370388031006,0.9047619104385376,0.14329004287719727
YDR040C,YCR039C,0,-7.734247,0.38632163405418396,0.9047619104385376,0.14372293651103973
YIL009W,YLR055C,0,-7.7354054,0.38560885190963745,0.9047619104385376,0.1441558450460434
YMR163C,YLR157C-B,0,-7.73726,0.38489872217178345,0.9047619104385376,0.14458873867988586
YHR014W,YCR080W,0,-7.737336,0.3841911852359772,0.9047619104385376,0.14502164721488953
YER028C,YLR227W-B,0,-7.7391367,0.38348624110221863,0.9047619104385376,0.145454540848732
YGL092W,YIL076W,0,-7.739505,0.3827838897705078,0.9047619104385376,0.14588744938373566
YKR027W,YDL117W,0,-7.7477207,0.38208410143852234,0.9047619104385376,0.14632034301757812
YFL035C-A,YIL038C,0,-7.7492867,0.3813868761062622,0.9047619104385376,0.1467532515525818
YKL048C,YGL090W,0,-7.7523465,0.38069215416908264,0.9047619104385376,0.14718614518642426
YAL056W,YDR316W-B,0,-7.7563148,0.3799999952316284,0.9047619104385376,0.14761905372142792
YNL261W,YDL038C,0,-7.757986,0.37931033968925476,0.9047619104385376,0.14805194735527039
YLR418C,YGR020C,0,-7.7587,0.37862318754196167,0.9047619104385376,0.14848485589027405
YCR073C,YDR034C-C,0,-7.759408,0.37793850898742676,0.9047619104385376,0.14891774952411652
YCR066W,YJL204C,0,-7.7595077,0.37725630402565,0.9047619104385376,0.14935064315795898
YOL033W,YLR301W,0,-7.7607927,0.37657657265663147,0.9047619104385376,0.14978355169296265
YDR099W,YGL073W,0,-7.7622766,0.3758992850780487,0.9047619104385376,0.15021644532680511
YJL170C,YNL054W-A,0,-7.7641325,0.37522441148757935,0.9047619104385376,0.15064935386180878
YCL008C,YLR337W,0,-7.7643147,0.3745519816875458,0.9047619104385376,0.15108224749565125
YEL034W,YPR138C,0,-7.7662916,0.3738819360733032,0.9047619104385376,0.1515151560306549
YIL112W,YOR142W-B,0,-7.766366,0.3732142746448517,0.9047619104385376,0.15194804966449738
YJL115W,YNL023C,0,-7.769018,0.37254902720451355,0.9047619104385376,0.15238095819950104
YOR078W,YOR192C-A,0,-7.7701464,0.37188613414764404,0.9047619104385376,0.1528138518333435
YGR005C,YDR210C-D,0,-7.7710485,0.3712255656719208,0.9047619104385376,0.15324676036834717
YCL025C,YDR261C-C,0,-7.7742696,0.3705673813819885,0.9047619104385376,0.15367965400218964
YHR099W,YDR210W-B,0,-7.774613,0.3699114918708801,0.9047619104385376,0.1541125476360321
YDR060W,YJR026W,0,-7.775185,0.36925795674324036,0.9047619104385376,0.15454545617103577
YDR236C,YBR024W,0,-7.775421,0.36860671639442444,0.9047619104385376,0.15497834980487823
YNR013C,YPR158C-D,0,-7.7766747,0.36795774102211,0.9047619104385376,0.1554112583398819
YLR043C,YDR210W-A,0,-7.777362,0.3673110604286194,0.9047619104385376,0.15584415197372437
YML065W,YLR256W-A,0,-7.777963,0.36666667461395264,0.9047619104385376,0.15627706050872803
YKL022C,YFL024C,0,-7.7784414,0.36602452397346497,0.9047619104385376,0.1567099541425705
YFR009W,YPL257W-A,0,-7.7789083,0.36538460850715637,0.9047619104385376,0.15714286267757416
YFR024C-A,YOR142W-A,0,-7.780497,0.36474695801734924,0.9047619104385376,0.15757575631141663
YBR100W,YDL135C,0,-7.7841396,0.3641115128993988,0.9047619104385376,0.1580086648464203
YDR156W,YLR141W,1,-7.7874274,0.365217387676239,0.9090909361839294,0.1580086648464203
YNR049C,YBR289W,0,-7.787975,0.3645833432674408,0.9090909361839294,0.15844155848026276
YDR083W,YLR426W,0,-7.7894707,0.3639514744281769,0.9090909361839294,0.15887445211410522
YJR093C,YFL002W-A,0,-7.7895403,0.36332181096076965,0.9090909361839294,0.1593073606491089
YNL068C,YLR256W-A,0,-7.790485,0.36269429326057434,0.9090909361839294,0.15974025428295135
YNL138W,YPL257W-A,0,-7.791172,0.36206895112991333,0.9090909361839294,0.16017316281795502
YER129W,YNL313C,0,-7.7912865,0.3614457845687866,0.9090909361839294,0.16060605645179749
YBR100W,YLR005W,0,-7.7917743,0.36082473397254944,0.9090909361839294,0.16103896498680115
YOR340C,YLR141W,1,-7.7947197,0.361921101808548,0.9134199023246765,0.16103896498680115
YOR249C,YDL059C,0,-7.7955527,0.36130136251449585,0.9134199023246765,0.16147185862064362
YBL061C,YIL173W,0,-7.796256,0.36068376898765564,0.9134199023246765,0.16190476715564728
YDR450W,YNL054W-B,0,-7.796371,0.36006826162338257,0.9134199023246765,0.16233766078948975
YML058W-A,YMR050C,0,-7.7964787,0.35945484042167664,0.9134199023246765,0.1627705693244934
YGR202C,YPR158W-B,0,-7.797145,0.35884353518486023,0.9134199023246765,0.16320346295833588
YFL035C-A,YLR059C,0,-7.7978683,0.3582342863082886,0.9134199023246765,0.16363635659217834
YBR119W,YPR158W-B,0,-7.800045,0.35762712359428406,0.9134199023246765,0.164069265127182
YLR066W,YHR214C-C,0,-7.801055,0.3570219874382019,0.9134199023246765,0.16450215876102448
YDR495C,YPL257W-A,0,-7.8015275,0.3564189076423645,0.9134199023246765,0.16493506729602814
YER151C,YHR214C-B,0,-7.805133,0.35581788420677185,0.9134199023246765,0.1653679609298706
YOR039W,YJL025W,1,-7.8059654,0.3569023609161377,0.9177489280700684,0.1653679609298706
YCR020W-B,YDR464W,0,-7.8070765,0.35630252957344055,0.9177489280700684,0.16580086946487427
YGL246C,YPR094W,0,-7.8076296,0.3557046949863434,0.9177489280700684,0.16623376309871674
YMR287C,YGR027W-B,0,-7.8119044,0.3551088869571686,0.9177489280700684,0.1666666716337204
YOL067C,YFL002W-B,0,-7.814558,0.35451504588127136,0.9177489280700684,0.16709956526756287
YNL110C,YIL147C,0,-7.816186,0.3539232015609741,0.9177489280700684,0.16753247380256653
YKR037C,YGR038C-B,0,-7.816857,0.35333332419395447,0.9177489280700684,0.167965367436409
YOR204W,YDR210C-C,0,-7.817974,0.3527454137802124,0.9177489280700684,0.16839826107025146
YGR199W,YJL114W,0,-7.8200407,0.3521594703197479,0.9177489280700684,0.16883116960525513
YDR375C,YKL200C,0,-7.8201675,0.35157546401023865,0.9177489280700684,0.1692640632390976
YOR026W,YHR039C-B,0,-7.8212633,0.3509933650493622,0.9177489280700684,0.16969697177410126
YGL210W-A,YJR132W,0,-7.823348,0.3504132330417633,0.9177489280700684,0.17012986540794373
YLR131C,YDR375C,0,-7.827841,0.34983497858047485,0.9177489280700684,0.1705627739429474
YOR023C,YLR259C,0,-7.8280644,0.3492586612701416,0.9177489280700684,0.17099566757678986
YER142C,YLR256W-A,0,-7.828246,0.3486842215061188,0.9177489280700684,0.17142857611179352
YJR017C,YDR365W-B,0,-7.8284492,0.34811165928840637,0.9177489280700684,0.171861469745636
YOL049W,YDR210C-C,0,-7.828627,0.3475409746170044,0.9177489280700684,0.17229437828063965
YML109W,YLR157C-A,0,-7.833038,0.34697216749191284,0.9177489280700684,0.17272727191448212
YLR425W,YBL101W-A,0,-7.833038,0.3464052379131317,0.9177489280700684,0.17316018044948578
YBL071W-A,YOR338W,0,-7.833038,0.34584012627601624,0.9177489280700684,0.17359307408332825
YKL141W,YBL101W-A,0,-7.833038,0.3452768623828888,0.9177489280700684,0.17402596771717072
YCL038C,YPR036W-A,0,-7.833038,0.3447154462337494,0.9177489280700684,0.17445887625217438
YBR172C,YLR157C-A,0,-7.833038,0.34415584802627563,0.9177489280700684,0.17489176988601685
YMR281W,YOR343C-A,0,-7.833038,0.34359806776046753,0.9177489280700684,0.1753246784210205
YOR057W,YHL009W-A,0,-7.833038,0.3430420756340027,0.9177489280700684,0.17575757205486298
YPR200C,YNL284C-A,0,-7.833038,0.3424878716468811,0.9177489280700684,0.17619048058986664
YGL210W-A,YCL074W,0,-7.833038,0.34193548560142517,0.9177489280700684,0.1766233742237091
YPL228W,YOR343C-A,0,-7.833038,0.3413848578929901,0.9177489280700684,0.17705628275871277
YNL241C,YLR157C-A,0,-7.833038,0.3408360183238983,0.9177489280700684,0.17748917639255524
YEL071W,YPR036W-A,0,-7.833038,0.3402889370918274,0.9177489280700684,0.1779220849275589
YDR005C,YDL090C,0,-7.8332205,0.33974358439445496,0.9177489280700684,0.17835497856140137
YCL040W,YGR109W-A,0,-7.835002,0.3391999900341034,0.9177489280700684,0.17878787219524384
YML062C,YIL110W,0,-7.835434,0.3386581540107727,0.9177489280700684,0.1792207807302475
YLR391W,YGL163C,0,-7.8364644,0.3381180167198181,0.9177489280700684,0.17965367436408997
YNL223W,YER129W,0,-7.8373175,0.337579607963562,0.9177489280700684,0.18008658289909363
YGL223C,YGR095C,0,-7.8379145,0.3370429277420044,0.9177489280700684,0.1805194765329361
YGL210W-A,YBR048W,0,-7.8381095,0.3365079462528229,0.9177489280700684,0.18095238506793976
YGL137W,YDL235C,0,-7.8383746,0.33597463369369507,0.9177489280700684,0.18138527870178223
YPR175W,YCL075W,0,-7.838885,0.33544304966926575,0.9177489280700684,0.1818181872367859
YNL156C,YPL257W-B,0,-7.8399196,0.33491310477256775,0.9177489280700684,0.18225108087062836
YPL135W,YGR038C-A,0,-7.8411546,0.33438485860824585,0.9177489280700684,0.18268398940563202
YBL002W,YJL012C-A,0,-7.8425593,0.33385828137397766,0.9177489280700684,0.1831168830394745
YPL138C,YAR010C,0,-7.845834,0.3333333432674408,0.9177489280700684,0.18354977667331696
YDL126C,YML004C,0,-7.845932,0.33281004428863525,0.9177489280700684,0.18398268520832062
YOR023C,YLR350W,0,-7.848768,0.3322884142398834,0.9177489280700684,0.18441557884216309
YGR202C,YGR161W-A,0,-7.849866,0.3317683935165405,0.9177489280700684,0.18484848737716675
YGL144C,YDR261C-C,0,-7.8502526,0.33125001192092896,0.9177489280700684,0.18528138101100922
YOR160W,YKL051W,0,-7.8517423,0.3307332396507263,0.9177489280700684,0.18571428954601288
YLR363C,YLR006C,0,-7.851781,0.3302180767059326,0.9177489280700684,0.18614718317985535
YIL014W,YML001W,0,-7.852934,0.32970452308654785,0.9177489280700684,0.186580091714859
YDR264C,YNL054W-B,0,-7.858741,0.32919254899024963,0.9177489280700684,0.18701298534870148
YKL014C,YJR026W,0,-7.8603196,0.32868218421936035,0.9177489280700684,0.18744589388370514
YNL049C,YLR227W-B,0,-7.8645315,0.32817336916923523,0.9177489280700684,0.1878787875175476
YDR164C,YKL035W,0,-7.86635,0.32766616344451904,0.9177489280700684,0.18831168115139008
YHL003C,YJL018W,0,-7.870373,0.327160507440567,0.9177489280700684,0.18874458968639374
YNL148C,YJL021C,0,-7.8713408,0.32665640115737915,0.9177489280700684,0.1891774833202362
YBR161W,YGR109W-B,0,-7.873931,0.32615384459495544,0.9177489280700684,0.18961039185523987
YPR167C,YAL068C,0,-7.8748183,0.3256528377532959,0.9177489280700684,0.19004328548908234
YDR481C,YGR109W-A,0,-7.8757954,0.3251533806324005,0.9177489280700684,0.190476194024086
YKR022C,YNL054W-B,0,-7.8786907,0.3246554434299469,0.9177489280700684,0.19090908765792847
YCR091W,YOR328W,0,-7.878746,0.32415902614593506,0.9177489280700684,0.19134199619293213
YGR244C,YDR392W,0,-7.8789854,0.323664128780365,0.9177489280700684,0.1917748898267746
YJL145W,YJR141W,0,-7.8796115,0.3231707215309143,0.9177489280700684,0.19220779836177826
YKR024C,YGR161W-B,0,-7.8796816,0.3226788341999054,0.9177489280700684,0.19264069199562073
YPR002W,YGR161C-C,0,-7.8798404,0.32218843698501587,0.9177489280700684,0.1930735856294632
YBR095C,YOL102C,0,-7.880291,0.3216995298862457,0.9177489280700684,0.19350649416446686
YGR147C,YLR157C-B,0,-7.8809905,0.32121211290359497,0.9177489280700684,0.19393938779830933
YAL054C,YLR098C,0,-7.881304,0.3207261860370636,0.9177489280700684,0.194372296333313
YPL096W,YIL138C,0,-7.8826733,0.32024168968200684,0.9177489280700684,0.19480518996715546
YNL041C,YDR162C,0,-7.8846927,0.31975868344306946,0.9177489280700684,0.19523809850215912
YHR038W,YPL060C-A,0,-7.884957,0.3192771077156067,0.9177489280700684,0.1956709921360016
YFL025C,YGL178W,0,-7.8858833,0.3187969923019409,0.9177489280700684,0.19610390067100525
YOR023C,YMR046C,0,-7.8861246,0.31831830739974976,0.9177489280700684,0.19653679430484772
YER054C,YJL113W,0,-7.888682,0.3178410828113556,0.9177489280700684,0.19696970283985138
YHR158C,YLR227W-A,0,-7.8926497,0.31736525893211365,0.9177489280700684,0.19740259647369385
YKL006C-A,YLR157C-B,0,-7.8962183,0.3168908953666687,0.9177489280700684,0.1978355050086975
YHR142W,YLR154C,0,-7.9021378,0.3164179027080536,0.9177489280700684,0.19826839864253998
YPL098C,YGR109W-A,0,-7.902485,0.3159463405609131,0.9177489280700684,0.19870129227638245
YKL120W,YGR272C,0,-7.902876,0.3154761791229248,0.9177489280700684,0.1991342008113861
YCR084C,YPL257W-B,0,-7.90304,0.31500741839408875,0.9177489280700684,0.19956709444522858
YPL106C,YHL009C,0,-7.91319,0.3145400583744049,0.9177489280700684,0.20000000298023224
YDR377W,YDR469W,0,-7.915419,0.3140740692615509,0.9177489280700684,0.2004328966140747
YNR054C,YPL041C,0,-7.9154773,0.3136094808578491,0.9177489280700684,0.20086580514907837
YGR048W,YNR064C,0,-7.918683,0.3131462335586548,0.9177489280700684,0.20129869878292084
YLL016W,YOR327C,0,-7.9189353,0.3126843571662903,0.9177489280700684,0.2017316073179245
YBL042C,YHR050W,0,-7.9190626,0.3122238516807556,0.9177489280700684,0.20216450095176697
YOL130W,YFL035C,0,-7.923257,0.3117647171020508,0.9177489280700684,0.20259740948677063
YGL120C,YOR332W,0,-7.9238725,0.311306893825531,0.9177489280700684,0.2030303031206131
YDR298C,YGL027C,0,-7.924301,0.31085044145584106,0.9177489280700684,0.20346319675445557
YPL269W,YHR020W,0,-7.9250894,0.3103953003883362,0.9177489280700684,0.20389610528945923
YIL065C,YIR009W,0,-7.9289865,0.30994153022766113,0.9177489280700684,0.2043289989233017
YOL044W,YIL029C,0,-7.929428,0.30948904156684875,0.9177489280700684,0.20476190745830536
YKR003W,YGR038C-A,0,-7.9298964,0.3090378940105438,0.9177489280700684,0.20519480109214783
YGL210W-A,YKL045W,0,-7.9329853,0.30858805775642395,0.9177489280700684,0.2056277096271515
YIL106W,YGR161W-A,0,-7.939894,0.30813953280448914,0.9177489280700684,0.20606060326099396
YPL243W,YBR123C,0,-7.9407053,0.3076923191547394,0.9177489280700684,0.20649351179599762
YML012W,YBR172C,0,-7.942141,0.3072463870048523,0.9177489280700684,0.2069264054298401
YNL248C,YLR141W,1,-7.9450984,0.308248907327652,0.9220778942108154,0.2069264054298401
YKR039W,YDR488C,0,-7.9471574,0.3078034818172455,0.9220778942108154,0.20735931396484375
YPL076W,YNR039C,0,-7.947803,0.3073593080043793,0.9220778942108154,0.20779220759868622
YPL048W,YCR073C,0,-7.947859,0.30691641569137573,0.9220778942108154,0.2082251012325287
YJL091C,YDR164C,0,-7.9489613,0.30647483468055725,0.9220778942108154,0.20865800976753235
YLL006W,YGL046W,0,-7.9497147,0.30603447556495667,0.9220778942108154,0.20909090340137482
YHR059W,YML028W,0,-7.955674,0.30559539794921875,0.9220778942108154,0.20952381193637848
YPL060W,YGR288W,0,-7.9558725,0.3051576018333435,0.9220778942108154,0.20995670557022095
YER164W,YDR165W,0,-7.9570265,0.30472102761268616,0.9220778942108154,0.2103896141052246
YLR113W,YDR194C,0,-7.962224,0.3042857050895691,0.9220778942108154,0.21082250773906708
YOR308C,YML097C,0,-7.9630895,0.3038516342639923,0.9220778942108154,0.21125541627407074
YML036W,YGR161C-D,0,-7.963094,0.3034188151359558,0.9220778942108154,0.2116883099079132
YGR225W,YLR080W,0,-7.96558,0.3029871881008148,0.9220778942108154,0.21212121844291687
YGL236C,YKL166C,0,-7.965771,0.3025568127632141,0.9220778942108154,0.21255411207675934
YOR355W,YDR201W,0,-7.9670463,0.3021276593208313,0.9220778942108154,0.2129870057106018
YLR238W,YPR163C,0,-7.967372,0.3016997277736664,0.9220778942108154,0.21341991424560547
YJR097W,YMR016C,0,-7.9697185,0.301272988319397,0.9220778942108154,0.21385280787944794
YDR052C,YCL019W,0,-7.970727,0.30084747076034546,0.9220778942108154,0.2142857164144516
YGL238W,YJL184W,0,-7.972352,0.30042314529418945,0.9220778942108154,0.21471861004829407
YLL019C,YNL025C,0,-7.9726796,0.30000001192092896,0.9220778942108154,0.21515151858329773
YDR280W,YOR343W-B,0,-7.973475,0.29957807064056396,0.9220778942108154,0.2155844122171402
YGL245W,YBR215W,0,-7.9735255,0.2991572916507721,0.9220778942108154,0.21601732075214386
YLR223C,YCR031C,0,-7.974694,0.2987377345561981,0.9220778942108154,0.21645021438598633
YIL140W,YGL195W,0,-7.9796376,0.29831933975219727,0.9220778942108154,0.21688312292099
YDL230W,YGL095C,0,-7.979971,0.29790210723876953,0.9220778942108154,0.21731601655483246
YDR297W,YPR158C-D,0,-7.9818716,0.2974860370159149,0.9220778942108154,0.21774892508983612
YLR160C,YAL012W,0,-7.9826136,0.2970711290836334,0.9220778942108154,0.2181818187236786
YLR242C,YOL020W,0,-7.985457,0.29665738344192505,0.9220778942108154,0.21861471235752106
YKL001C,YGR251W,0,-7.988107,0.2962447702884674,0.9220778942108154,0.21904762089252472
YHR055C,YJR022W,0,-7.9883957,0.2958333194255829,0.9220778942108154,0.2194805145263672
YPL069C,YKL070W,0,-7.9896107,0.2954230308532715,0.9220778942108154,0.21991342306137085
YCL038C,YBR196C,0,-7.9920235,0.2950138449668884,0.9220778942108154,0.22034631669521332
YNR016C,YML039W,0,-7.9928436,0.2946058213710785,0.9220778942108154,0.22077922523021698
YMR275C,YJL204C,0,-7.9934235,0.2941989004611969,0.9220778942108154,0.22121211886405945
YHR020W,YPR158C-D,0,-7.993806,0.29379311203956604,0.9220778942108154,0.2216450273990631
YJL122W,YLR157C-B,0,-8.006801,0.2933884263038635,0.9220778942108154,0.22207792103290558
YJL071W,YGR056W,0,-8.0070305,0.29298487305641174,0.9220778942108154,0.22251082956790924
YPL117C,YDR464W,0,-8.009779,0.2925824224948883,0.9220778942108154,0.2229437232017517
YOL094C,YLR354C,0,-8.010975,0.2921810746192932,0.9220778942108154,0.22337661683559418
YBR288C,YNR049C,0,-8.011368,0.29178082942962646,0.9220778942108154,0.22380952537059784
YKL060C,YGR054W,0,-8.012909,0.2913816571235657,0.9220778942108154,0.2242424190044403
YAR015W,YOR122C,0,-8.0152235,0.2909836173057556,0.9220778942108154,0.22467532753944397
YCR091W,YJR021C,0,-8.020546,0.2905866205692291,0.9220778942108154,0.22510822117328644
YBL082C,YER180C-A,0,-8.020881,0.290190726518631,0.9220778942108154,0.2255411297082901
YGR109C,YLL004W,0,-8.022218,0.2897959053516388,0.9220778942108154,0.22597402334213257
YDR075W,YHR214C-B,0,-8.025091,0.28940218687057495,0.9220778942108154,0.22640693187713623
YML043C,YLR141W,1,-8.026716,0.29036635160446167,0.9264069199562073,0.22640693187713623
YER032W,YNL129W,0,-8.027013,0.2899729013442993,0.9264069199562073,0.2268398255109787
YDL181W,YIL017C,0,-8.031185,0.2895805239677429,0.9264069199562073,0.22727273404598236
YDL178W,YNL135C,0,-8.03223,0.2891891896724701,0.9264069199562073,0.22770562767982483
YGL168W,YDR337W,0,-8.034188,0.2887989282608032,0.9264069199562073,0.2281385213136673
YOR182C,YMR051C,0,-8.034558,0.2884097099304199,0.9264069199562073,0.22857142984867096
YMR043W,YOR151C,0,-8.034676,0.2880215346813202,0.9264069199562073,0.22900432348251343
YIR010W,YOR319W,0,-8.039446,0.28763440251350403,0.9264069199562073,0.2294372320175171
YGL066W,YER190W,0,-8.0395975,0.28724831342697144,0.9264069199562073,0.22987012565135956
YPR132W,YGR038C-B,0,-8.046227,0.2868632674217224,0.9264069199562073,0.23030303418636322
YDL074C,YMR005W,0,-8.049492,0.28647926449775696,0.9264069199562073,0.2307359278202057
YBL033C,YDR126W,0,-8.04992,0.2860962450504303,0.9264069199562073,0.23116883635520935
YEL031W,YDR293C,0,-8.050594,0.2857142984867096,0.9264069199562073,0.23160172998905182
YPR031W,YLR154C,0,-8.052565,0.2853333353996277,0.9264069199562073,0.23203463852405548
YDR162C,YMR314W,0,-8.053432,0.28495338559150696,0.9264069199562073,0.23246753215789795
YDR440W,YOR327C,0,-8.0552,0.2845744788646698,0.9264069199562073,0.23290042579174042
YOR168W,YNL262W,0,-8.055902,0.28419655561447144,0.9264069199562073,0.23333333432674408
YPL193W,YDR545W,0,-8.056171,0.28381961584091187,0.9264069199562073,0.23376622796058655
YHR019C,YLR426W,0,-8.064286,0.28344371914863586,0.9264069199562073,0.2341991364955902
YDL044C,YKL212W,0,-8.064883,0.28306877613067627,0.9264069199562073,0.23463203012943268
YDR384C,YDR489W,0,-8.066331,0.28269484639167786,0.9264069199562073,0.23506493866443634
YBL008W,YDL036C,0,-8.066661,0.28232190012931824,0.9264069199562073,0.2354978322982788
YGR029W,YER180C-A,0,-8.067462,0.2819499373435974,0.9264069199562073,0.23593074083328247
YMR149W,YPR158W-B,0,-8.068192,0.2815789580345154,0.9264069199562073,0.23636363446712494
YER161C,YLR200W,0,-8.069235,0.28120893239974976,0.9264069199562073,0.2367965430021286
YLR002C,YBR296C,0,-8.069538,0.2808398902416229,0.9264069199562073,0.23722943663597107
YLR391W,YDR422C,0,-8.069814,0.2804718315601349,0.9264069199562073,0.23766233026981354
YDR183W,YIL017W,0,-8.072656,0.28010472655296326,0.9264069199562073,0.2380952388048172
YLR370C,YIL056W,0,-8.073167,0.27973857522010803,0.9264069199562073,0.23852813243865967
YDR099W,YHR055C,0,-8.073938,0.2793733775615692,0.9264069199562073,0.23896104097366333
YBR002C,YLL016W,0,-8.075195,0.2790091335773468,0.9264069199562073,0.2393939346075058
YCR042C,YLR222C,0,-8.077404,0.2786458432674408,0.9264069199562073,0.23982684314250946
YPL254W,YKL138C-A,0,-8.079668,0.2782834768295288,0.9264069199562073,0.24025973677635193
YOR249C,YJL113W,0,-8.081283,0.2779220640659332,0.9264069199562073,0.2406926453113556
YIL167W,YLR426W,0,-8.081975,0.27756160497665405,0.9264069199562073,0.24112553894519806
YFL039C,YBR093C,0,-8.082559,0.2772020697593689,0.9264069199562073,0.24155844748020172
YGL027C,YCR042C,0,-8.086645,0.27684345841407776,0.9264069199562073,0.2419913411140442
YBR002C,YJR046W,0,-8.089191,0.276485800743103,0.9264069199562073,0.24242424964904785
YPL096C-A,YKL051W,0,-8.092167,0.2761290371417999,0.9264069199562073,0.24285714328289032
YNR033W,YHR116W,0,-8.094658,0.27577319741249084,0.9264069199562073,0.2432900369167328
YPL160W,YAL034W-A,0,-8.095955,0.2754182815551758,0.9264069199562073,0.24372294545173645
YLL015W,YER116C,0,-8.097967,0.27506425976753235,0.9264069199562073,0.24415583908557892
YPL221W,YMR073C,0,-8.099832,0.27471116185188293,0.9264069199562073,0.24458874762058258
YBR210W,YLR459W,0,-8.104522,0.27435898780822754,0.9264069199562073,0.24502164125442505
YLR153C,YER008C,0,-8.104665,0.2740076780319214,0.9264069199562073,0.2454545497894287
YKL057C,YGL046W,0,-8.107446,0.27365729212760925,0.9264069199562073,0.24588744342327118
YML113W,YDR238C,0,-8.10991,0.27330780029296875,0.9264069199562073,0.24632035195827484
YPR033C,YFL035C-A,0,-8.112591,0.2729591727256775,0.9264069199562073,0.2467532455921173
YLL043W,YDR488C,0,-8.114243,0.27261146903038025,0.9264069199562073,0.24718615412712097
YBR154C,YLR141W,1,-8.116078,0.27353689074516296,0.9307359457015991,0.24718615412712097
YKL011C,YFL060C,0,-8.116156,0.27318933606147766,0.9307359457015991,0.24761904776096344
YBL084C,YOR148C,0,-8.11669,0.2728426456451416,0.9307359457015991,0.2480519413948059
YIR013C,YCL066W,0,-8.118217,0.2724968194961548,0.9307359457015991,0.24848484992980957
YLR131C,YOL122C,0,-8.123026,0.2721518874168396,0.9307359457015991,0.24891774356365204
YBR065C,YMR117C,0,-8.126085,0.27180784940719604,0.9307359457015991,0.2493506520986557
YGL194C,YHR079C-B,0,-8.12637,0.27146464586257935,0.9307359457015991,0.24978354573249817
YPL145C,YNL201C,0,-8.126654,0.2711223065853119,0.9307359457015991,0.25021645426750183
YJR097W,YML060W,0,-8.127003,0.27078086137771606,0.9307359457015991,0.2506493628025055
YGL019W,YPL082C,1,-8.127711,0.27169811725616455,0.9350649118423462,0.2506493628025055
YNL101W,YDL046W,0,-8.12779,0.2713567912578583,0.9350649118423462,0.25108224153518677
YPR168W,YPL283C,0,-8.130001,0.27101629972457886,0.9350649118423462,0.25151515007019043
YNL309W,YPR074C,0,-8.130069,0.27067670226097107,0.9350649118423462,0.2519480586051941
YKL138C-A,YGL115W,0,-8.132666,0.27033790946006775,0.9350649118423462,0.25238096714019775
YJL186W,YMR117C,0,-8.136033,0.27000001072883606,0.9350649118423462,0.25281384587287903
YGR103W,YBR276C,0,-8.136819,0.26966291666030884,0.9350649118423462,0.2532467544078827
YHR186C,YDR201W,0,-8.137416,0.26932668685913086,0.9350649118423462,0.25367966294288635
YPL240C,YAR042W,0,-8.138298,0.26899129152297974,0.9350649118423462,0.2541125416755676
YDR106W,YML001W,0,-8.139778,0.26865673065185547,0.9350649118423462,0.2545454502105713
YDL145C,YDR201W,0,-8.144544,0.26832297444343567,0.9350649118423462,0.25497835874557495
YDR298C,YOR074C,0,-8.152792,0.2679900825023651,0.9350649118423462,0.2554112672805786
YDR529C,YCR008W,0,-8.157212,0.267657995223999,0.9350649118423462,0.2558441460132599
YBR020W,YBR117C,0,-8.158167,0.2673267424106598,0.9350649118423462,0.25627705454826355
YBR289W,YHR039C-B,0,-8.1590395,0.266996294260025,0.9350649118423462,0.2567099630832672
YMR182C,YOR159C,0,-8.16334,0.2666666805744171,0.9350649118423462,0.2571428716182709
YPL115C,YHR026W,0,-8.163855,0.2663378417491913,0.9350649118423462,0.25757575035095215
YAR014C,YGR003W,0,-8.170322,0.2660098373889923,0.9350649118423462,0.2580086588859558
YNL023C,YPL253C,0,-8.17118,0.2656826674938202,0.9350649118423462,0.2584415674209595
YCR048W,YAL068C,0,-8.17366,0.26535627245903015,0.9350649118423462,0.25887444615364075
YOR098C,YDR180W,0,-8.175153,0.2650306820869446,0.9350649118423462,0.2593073546886444
YJR002W,YKR090W,0,-8.180698,0.2647058963775635,0.9350649118423462,0.25974026322364807
YBR221C,YJL012C,0,-8.181984,0.26438188552856445,0.9350649118423462,0.26017317175865173
YGL238W,YMR263W,0,-8.183425,0.2640586793422699,0.9350649118423462,0.260606050491333
YOR341W,YLR141W,1,-8.193185,0.2649572789669037,0.939393937587738,0.260606050491333
YER107C,YLR426W,0,-8.19616,0.2646341323852539,0.939393937587738,0.26103895902633667
YGR003W,YDR076W,0,-8.199146,0.264311820268631,0.939393937587738,0.26147186756134033
YMR001C,YHR186C,0,-8.199156,0.26399025321006775,0.939393937587738,0.261904776096344
YLR427W,YCR039C,0,-8.201139,0.263669490814209,0.939393937587738,0.26233765482902527
YOR143C,YOR270C,0,-8.204153,0.2633495032787323,0.939393937587738,0.26277056336402893
YJL184W,YOL012C,0,-8.204972,0.2630302906036377,0.939393937587738,0.2632034718990326
YLR452C,YCL005W-A,0,-8.205353,0.26271185278892517,0.939393937587738,0.26363635063171387
YML004C,YNL128W,0,-8.206326,0.2623941898345947,0.939393937587738,0.26406925916671753
YEL061C,YGL070C,0,-8.209663,0.26207730174064636,0.939393937587738,0.2645021677017212
YER183C,YDR037W,0,-8.211199,0.2617611587047577,0.939393937587738,0.26493507623672485
YDL227C,YOR305W,0,-8.215506,0.2614457905292511,0.939393937587738,0.26536795496940613
YLL043W,YKL074C,0,-8.218089,0.2611311674118042,0.939393937587738,0.2658008635044098
YAL007C,YGR099W,0,-8.219323,0.2608173191547394,0.939393937587738,0.26623377203941345
YPR185W,YNL161W,0,-8.22251,0.26050421595573425,0.939393937587738,0.2666666805744171
YKL200C,YGR099W,0,-8.223636,0.2601918578147888,0.939393937587738,0.2670995593070984
YCL034W,YMR210W,0,-8.2275505,0.2598802447319031,0.939393937587738,0.26753246784210205
YJL194W,YBR283C,0,-8.235409,0.259569376707077,0.939393937587738,0.2679653763771057
YKL019W,YHL012W,0,-8.235555,0.25925925374031067,0.939393937587738,0.268398255109787
YLL009C,YJL018W,0,-8.235569,0.258949875831604,0.939393937587738,0.26883116364479065
YHR042W,YLR009W,0,-8.235658,0.25864124298095703,0.939393937587738,0.2692640721797943
YMR065W,YCR072C,0,-8.236039,0.25833332538604736,0.939393937587738,0.269696980714798
YJR093C,YCR020C-A,0,-8.236971,0.2580261528491974,0.939393937587738,0.27012985944747925
YPL010W,YOR216C,0,-8.246131,0.2577197253704071,0.939393937587738,0.2705627679824829
YFL035C-A,YKR053C,0,-8.248569,0.25741398334503174,0.939393937587738,0.2709956765174866
YFR028C,YKR095W-A,0,-8.251914,0.25710901618003845,0.939393937587738,0.27142858505249023
YKL054C,YDL120W,0,-8.25784,0.2568047344684601,0.939393937587738,0.2718614637851715
YOR145C,YMR305C,0,-8.258892,0.256501168012619,0.939393937587738,0.27229437232017517
YML110C,YDR178W,0,-8.259649,0.25619834661483765,0.939393937587738,0.27272728085517883
YDR439W,YDR002W,0,-8.260833,0.2558962404727936,0.939393937587738,0.2731601595878601
YEL034W,YDL039C,0,-8.26236,0.25559481978416443,0.939393937587738,0.27359306812286377
YOL021C,YPL096C-A,0,-8.265767,0.2552941143512726,0.939393937587738,0.27402597665786743
YOR109W,YOR298C-A,0,-8.268334,0.25499412417411804,0.939393937587738,0.2744588851928711
YDR443C,YLR447C,0,-8.269457,0.2546948492527008,0.939393937587738,0.27489176392555237
YDL042C,YLR066W,0,-8.270237,0.2543962597846985,0.939393937587738,0.27532467246055603
YDR206W,YBR111W-A,0,-8.271462,0.2540983557701111,0.939393937587738,0.2757575809955597
YPR191W,YJR126C,0,-8.272237,0.253801167011261,0.939393937587738,0.27619048953056335
YKL192C,YDL188C,0,-8.2746,0.2535046637058258,0.939393937587738,0.27662336826324463
YDR255C,YDR218C,0,-8.276169,0.25320887565612793,0.939393937587738,0.2770562767982483
YCL061C,YDR488C,0,-8.276557,0.2529137432575226,0.939393937587738,0.27748918533325195
YOR257W,YHR081W,0,-8.278813,0.25261932611465454,0.939393937587738,0.2779220640659332
YKR086W,YKL014C,0,-8.279023,0.2523255944252014,0.939393937587738,0.2783549726009369
YLR060W,YGR241C,0,-8.281083,0.2520325183868408,0.939393937587738,0.27878788113594055
YMR238W,YNL001W,0,-8.281135,0.25174012780189514,0.939393937587738,0.2792207896709442
YLR206W,YMR053C,0,-8.281232,0.2514484226703644,0.939393937587738,0.2796536684036255
YHR143W-A,YLR141W,1,-8.281947,0.25231480598449707,0.9437229633331299,0.2796536684036255
YHR197W,YMR218C,0,-8.283329,0.2520231306552887,0.9437229633331299,0.28008657693862915
YER012W,YHR038W,0,-8.284245,0.25173211097717285,0.9437229633331299,0.2805194854736328
YAL022C,YDL236W,0,-8.286541,0.25144174695014954,0.9437229633331299,0.2809523940086365
YJR137C,YCR028C,0,-8.288782,0.25115206837654114,0.9437229633331299,0.28138527274131775
YDR176W,YOL093W,0,-8.289937,0.25086307525634766,0.9437229633331299,0.2818181812763214
YJR013W,YOR294W,0,-8.297206,0.2505747079849243,0.9437229633331299,0.2822510898113251
YDR297W,YDR325W,0,-8.298425,0.2502870261669159,0.9437229633331299,0.28268396854400635
YMR015C,YBR213W,0,-8.299449,0.25,0.9437229633331299,0.28311687707901
YER032W,YMR080C,0,-8.306256,0.24971362948417664,0.9437229633331299,0.28354978561401367
YOL082W,YOR348C,0,-8.307369,0.2494279146194458,0.9437229633331299,0.28398269414901733
YLL018C-A,YLR107W,0,-8.308162,0.2491428554058075,0.9437229633331299,0.2844155728816986
YIL077C,YMR045C,0,-8.309531,0.24885845184326172,0.9437229633331299,0.28484848141670227
YGL153W,YPL007C,0,-8.312032,0.24857468903064728,0.9437229633331299,0.28528138995170593
YDL181W,YMR060C,0,-8.313136,0.24829156696796417,0.9437229633331299,0.2857142984867096
YGL046W,YKL196C,0,-8.315118,0.2480091005563736,0.9437229633331299,0.28614717721939087
YNL001W,YKR086W,0,-8.317228,0.24772727489471436,0.9437229633331299,0.28658008575439453
YNR052C,YHR206W,0,-8.317369,0.24744608998298645,0.9437229633331299,0.2870129942893982
YIL140W,YIL125W,0,-8.317956,0.2471655309200287,0.9437229633331299,0.28744587302207947
YGL063W,YKL113C,0,-8.319055,0.24688561260700226,0.9437229633331299,0.28787878155708313
YNL048W,YGR036C,0,-8.321983,0.24660633504390717,0.9437229633331299,0.2883116900920868
YBR256C,YKL193C,0,-8.322108,0.24632768332958221,0.9437229633331299,0.28874459862709045
YHR158C,YEL037C,0,-8.323928,0.2460496574640274,0.9437229633331299,0.28917747735977173
YKL173W,YCL075W,0,-8.32549,0.24577227234840393,0.9437229633331299,0.2896103858947754
YGL086W,YPL192C,0,-8.328851,0.2454954981803894,0.9437229633331299,0.29004329442977905
YLL022C,YIL022W,0,-8.3312235,0.24521934986114502,0.9437229633331299,0.2904762029647827
YJL167W,YOR230W,0,-8.333013,0.24494382739067078,0.9437229633331299,0.290909081697464
YER149C,YLR313C,0,-8.334147,0.24466891586780548,0.9437229633331299,0.29134199023246765
YLR399C,YDR379W,0,-8.336238,0.24439461529254913,0.9437229633331299,0.2917748987674713
YLR357W,YER022W,0,-8.340875,0.24412094056606293,0.9437229633331299,0.2922077775001526
YDL178W,YLR293C,0,-8.342753,0.24384787678718567,0.9437229633331299,0.29264068603515625
YGR082W,YDR545W,0,-8.343242,0.24357542395591736,0.9437229633331299,0.2930735945701599
YPR187W,YLR141W,1,-8.343968,0.2444196492433548,0.948051929473877,0.2930735945701599
YLL001W,YJR102C,0,-8.344119,0.2441471517086029,0.948051929473877,0.2935065031051636
YLR242C,YHR099W,0,-8.345246,0.24387528002262115,0.948051929473877,0.29393938183784485
YGL240W,YCR084C,0,-8.34835,0.24360400438308716,0.948051929473877,0.2943722903728485
YLL013C,YGR169C,0,-8.35568,0.2433333396911621,0.948051929473877,0.2948051989078522
YLR342W,YBL090W,0,-8.355947,0.24306325614452362,0.948051929473877,0.29523810744285583
YKR057W,YCR073C,0,-8.35642,0.24279379844665527,0.948051929473877,0.2956709861755371
YDL231C,YDR088C,0,-8.358678,0.2425249218940735,0.948051929473877,0.29610389471054077
YNL166C,YDL036C,0,-8.36305,0.24225664138793945,0.948051929473877,0.29653680324554443
YGL084C,YGL063W,0,-8.363332,0.24198895692825317,0.948051929473877,0.2969697117805481
YER154W,YDR322C-A,0,-8.369841,0.24172185361385345,0.948051929473877,0.29740259051322937
YLR059C,YOR308C,0,-8.369887,0.2414553463459015,0.948051929473877,0.29783549904823303
YLR022C,YFL037W,0,-8.370954,0.24118942022323608,0.948051929473877,0.2982684075832367
YMR243C,YLR126C,0,-8.371118,0.24092409014701843,0.948051929473877,0.29870128631591797
YOL115W,YLL024C,0,-8.3734045,0.24065934121608734,0.948051929473877,0.29913419485092163
YPR201W,YGL049C,0,-8.377038,0.2403951734304428,0.948051929473877,0.2995671033859253
YBL093C,YDR341C,0,-8.3775625,0.24013157188892365,0.948051929473877,0.30000001192092896
YNR017W,YIL106W,0,-8.377824,0.23986856639385223,0.948051929473877,0.30043289065361023
YPL058C,YKR079C,0,-8.379282,0.2396061271429062,0.948051929473877,0.3008657991886139
YOR240W,YJL006C,0,-8.379572,0.2393442690372467,0.948051929473877,0.30129870772361755
YBR160W,YDL164C,0,-8.380694,0.2390829622745514,0.948051929473877,0.3017316162586212
YDR254W,YKR095W-A,0,-8.381175,0.23882225155830383,0.948051929473877,0.3021644949913025
YMR026C,YOR179C,0,-8.384583,0.23856209218502045,0.948051929473877,0.30259740352630615
YBL040C,YDR432W,0,-8.38469,0.23830249905586243,0.948051929473877,0.3030303120613098
YGR157W,YER129W,0,-8.384756,0.23804347217082977,0.948051929473877,0.3034631907939911
YLR133W,YGR008C,0,-8.38717,0.23778501152992249,0.948051929473877,0.30389609932899475
YOL017W,YKL196C,0,-8.387337,0.23752711713314056,0.948051929473877,0.3043290078639984
YLR391W,YDR122W,0,-8.388295,0.23726977407932281,0.948051929473877,0.3047619163990021
YFR046C,YOL054W,0,-8.389033,0.23701298236846924,0.948051929473877,0.30519479513168335
YJR055W,YDR341C,0,-8.390302,0.23675675690174103,0.948051929473877,0.305627703666687
YBR132C,YBR289W,0,-8.392748,0.236501082777977,0.948051929473877,0.3060606122016907
YOR039W,YOR295W,1,-8.398349,0.23732469975948334,0.9523809552192688,0.3060606122016907
YDL055C,YIL147C,0,-8.398545,0.23706896603107452,0.9523809552192688,0.30649352073669434
YNR026C,YOR344C,0,-8.398713,0.23681378364562988,0.9523809552192688,0.3069263994693756
YOR074C,YMR051C,0,-8.399947,0.23655913770198822,0.9523809552192688,0.3073593080043793
YLR096W,YKL042W,0,-8.408965,0.23630504310131073,0.9523809552192688,0.30779221653938293
YPL178W,YPL098C,0,-8.409222,0.2360514998435974,0.9523809552192688,0.3082250952720642
YDL056W,YMR022W,0,-8.410207,0.23579849302768707,0.9523809552192688,0.30865800380706787
YBR069C,YPL253C,0,-8.414226,0.2355460375547409,0.9523809552192688,0.30909091234207153
YER108C,YNL202W,0,-8.415286,0.23529411852359772,0.9523809552192688,0.3095238208770752
YCL003W,YGL120C,0,-8.415587,0.2350427359342575,0.9523809552192688,0.30995669960975647
YHR023W,YDR418W,0,-8.416261,0.23479188978672028,0.9523809552192688,0.31038960814476013
YCL052C,YER021W,0,-8.421653,0.23454158008098602,0.9523809552192688,0.3108225166797638
YFL029C,YCR083W,0,-8.422172,0.23429180681705475,0.9523809552192688,0.31125542521476746
YKR028W,YHR070W,0,-8.42397,0.23404255509376526,0.9523809552192688,0.31168830394744873
YNL031C,YJL035C,0,-8.4265585,0.23379383981227875,0.9523809552192688,0.3121212124824524
YKL045W,YOR265W,0,-8.4280615,0.23354564607143402,0.9523809552192688,0.31255412101745605
YDR206W,YLR130C,0,-8.4303255,0.23329798877239227,0.9523809552192688,0.31298699975013733
YEL056W,YDL154W,0,-8.4309,0.2330508530139923,0.9523809552192688,0.313419908285141
YML067C,YBR256C,0,-8.430987,0.23280423879623413,0.9523809552192688,0.31385281682014465
YER177W,YML129C,0,-8.434218,0.23255814611911774,0.9523809552192688,0.3142857253551483
YLR153C,YGR257C,0,-8.43444,0.23231256008148193,0.9523809552192688,0.3147186040878296
YDR492W,YPL283C,0,-8.435667,0.2320675104856491,0.9523809552192688,0.31515151262283325
YDR060W,YNL167C,0,-8.439002,0.23182296752929688,0.9523809552192688,0.3155844211578369
YLR088W,YLR200W,0,-8.440013,0.23157894611358643,0.9523809552192688,0.3160173296928406
YPR181C,YHR050W,0,-8.441822,0.23133543133735657,0.9523809552192688,0.31645020842552185
YGL104C,YBL005W-A,0,-8.444644,0.2310924381017685,0.9523809552192688,0.3168831169605255
YPR041W,YLR447C,0,-8.447022,0.230849951505661,0.9523809552192688,0.3173160254955292
YGR003W,YER169W,0,-8.448852,0.23060797154903412,0.9523809552192688,0.31774890422821045
YLR141W,YJL025W,1,-8.44916,0.23141361773014069,0.9567099809646606,0.31774890422821045
YJL090C,YMR305C,0,-8.450107,0.23117154836654663,0.9567099809646606,0.3181818127632141
YKL057C,YLR136C,0,-8.453402,0.23092998564243317,0.9567099809646606,0.3186147212982178
YOL139C,YGR003W,0,-8.455821,0.2306889295578003,0.9567099809646606,0.31904762983322144
YCL066W,YCL017C,0,-8.458887,0.230448380112648,0.9567099809646606,0.3194805085659027
YDR448W,YFR046C,0,-8.460083,0.23020833730697632,0.9567099809646606,0.31991341710090637
YGR037C,YIL052C,0,-8.460656,0.22996878623962402,0.9567099809646606,0.32034632563591003
YGR171C,YFL037W,0,-8.464013,0.22972972691059113,0.9567099809646606,0.3207792341709137
YMR267W,YFL045C,0,-8.464123,0.22949117422103882,0.9567099809646606,0.32121211290359497
YDR217C,YDR201W,0,-8.471566,0.2292531132698059,0.9567099809646606,0.32164502143859863
YKL173W,YML045W,0,-8.474044,0.2290155440568924,0.9567099809646606,0.3220779299736023
YGL172W,YIL029C,0,-8.474138,0.22877846658229828,0.9567099809646606,0.32251080870628357
YFR019W,YNL139C,0,-8.476544,0.22854188084602356,0.9567099809646606,0.32294371724128723
YNL042W,YIL120W,0,-8.484376,0.22830578684806824,0.9567099809646606,0.3233766257762909
YBR086C,YIR041W,0,-8.485565,0.22807016968727112,0.9567099809646606,0.32380953431129456
YOR355W,YPR052C,0,-8.486374,0.2278350442647934,0.9567099809646606,0.32424241304397583
YER179W,YLL013C,0,-8.488805,0.22760041058063507,0.9567099809646606,0.3246753215789795
YBR243C,YMR277W,0,-8.490159,0.22736625373363495,0.9567099809646606,0.32510823011398315
YGL194C,YDL200C,0,-8.491427,0.22713257372379303,0.9567099809646606,0.3255411386489868
YDL126C,YNL250W,0,-8.494157,0.2268993854522705,0.9567099809646606,0.3259740173816681
YDR208W,YNL313C,0,-8.49613,0.2266666740179062,0.9567099809646606,0.32640692591667175
YLL027W,YMR104C,0,-8.4966,0.22643442451953888,0.9567099809646606,0.3268398344516754
YGR230W,YPR016C,0,-8.498208,0.22620266675949097,0.9567099809646606,0.3272727131843567
YKL138C-A,YNL126W,0,-8.498823,0.22597137093544006,0.9567099809646606,0.32770562171936035
YJL204C,YGR033C,0,-8.49931,0.22574055194854736,0.9567099809646606,0.328138530254364
YPL086C,YML025C,0,-8.500323,0.22551020979881287,0.9567099809646606,0.3285714387893677
YDR345C,YBR012W-A,0,-8.501479,0.22528032958507538,0.9567099809646606,0.32900431752204895
YER061C,YMR053C,0,-8.502811,0.2250509113073349,0.9567099809646606,0.3294372260570526
YIL167W,YER123W,0,-8.503477,0.22482196986675262,0.9567099809646606,0.3298701345920563
YOR039W,YKL125W,1,-8.505971,0.22560974955558777,0.9610389471054077,0.3298701345920563
YPL022W,YOR305W,0,-8.508061,0.22538070380687714,0.9610389471054077,0.33030304312705994
YHR059W,YGL210W,0,-8.515616,0.2251521348953247,0.9610389471054077,0.3307359218597412
YOR371C,YER013W,0,-8.520116,0.2249240130186081,0.9610389471054077,0.3311688303947449
YPL121C,YNL142W,0,-8.521191,0.2246963530778885,0.9610389471054077,0.33160173892974854
YLR309C,YJR028W,0,-8.522466,0.2244691550731659,0.9610389471054077,0.3320346176624298
YIL097W,YDR181C,0,-8.523478,0.2242424190044403,0.9610389471054077,0.33246752619743347
YLR160C,YGR227W,0,-8.525652,0.22401614487171173,0.9610389471054077,0.33290043473243713
YCL061C,YMR117C,0,-8.527698,0.22379031777381897,0.9610389471054077,0.3333333432674408
YDR385W,YPL221W,0,-8.530616,0.22356495261192322,0.9610389471054077,0.33376622200012207
YPL213W,YDL111C,0,-8.530921,0.22334003448486328,0.9610389471054077,0.33419913053512573
YHR152W,YHL028W,0,-8.534504,0.22311557829380035,0.9610389471054077,0.3346320390701294
YDR418W,YFL008W,0,-8.536338,0.22289156913757324,0.9610389471054077,0.33506494760513306
YOR027W,YFR003C,0,-8.536504,0.22266800701618195,0.9610389471054077,0.33549782633781433
YMR142C,YML098W,0,-8.54051,0.22244489192962646,0.9610389471054077,0.335930734872818
YDR364C,YCL061C,0,-8.541236,0.2222222238779068,0.9610389471054077,0.33636364340782166
YGL253W,YBL057C,0,-8.541943,0.22200000286102295,0.9610389471054077,0.33679652214050293
YPL204W,YDR062W,0,-8.54242,0.22177822887897491,0.9610389471054077,0.3372294306755066
YGR086C,YDR227W,0,-8.543588,0.2215568870306015,0.9610389471054077,0.33766233921051025
YKL084W,YKL015W,0,-8.5442095,0.2213359922170639,0.9610389471054077,0.3380952477455139
YKR035W-A,YDR325W,0,-8.545394,0.22111554443836212,0.9610389471054077,0.3385281264781952
YDR036C,YLR301W,0,-8.547179,0.22089552879333496,0.9610389471054077,0.33896103501319885
YDL058W,YLR360W,0,-8.550047,0.22067594528198242,0.9610389471054077,0.3393939435482025
YJL157C,YJL002C,0,-8.552077,0.2204568088054657,0.9610389471054077,0.3398268520832062
YAR003W,YOR043W,0,-8.5549345,0.2202380895614624,0.9610389471054077,0.34025973081588745
YPR033C,YGL063W,0,-8.555811,0.22001981735229492,0.9610389471054077,0.3406926393508911
YAL031C,YMR134W,0,-8.557742,0.21980197727680206,0.9610389471054077,0.3411255478858948
YGR028W,YAL068C,0,-8.559478,0.21958456933498383,0.9610389471054077,0.34155845642089844
YCL038C,YMR081C,0,-8.561967,0.2193675935268402,0.9610389471054077,0.3419913351535797
YPR199C,YOR386W,0,-8.562377,0.21915103495121002,0.9610389471054077,0.3424242436885834
YPR010C,YLR141W,1,-8.563643,0.21992109715938568,0.9653679728507996,0.3424242436885834
YPR185W,YPR189W,0,-8.564031,0.21970443427562714,0.9653679728507996,0.34285715222358704
YJL018W,YKR053C,0,-8.5667095,0.21948818862438202,0.9653679728507996,0.3432900309562683
YBL105C,YMR067C,0,-8.568836,0.21927237510681152,0.9653679728507996,0.343722939491272
YNL268W,YOR373W,0,-8.56924,0.21905697882175446,0.9653679728507996,0.34415584802627563
YBR168W,YER190W,0,-8.569726,0.21884199976921082,0.9653679728507996,0.3445887565612793
YPL051W,YDR025W,0,-8.569837,0.2186274528503418,0.9653679728507996,0.34502163529396057
YOL026C,YDR126W,0,-8.570043,0.2184133231639862,0.9653679728507996,0.34545454382896423
YGR244C,YGR289C,0,-8.570761,0.21819961071014404,0.9653679728507996,0.3458874523639679
YAL042W,YMR183C,0,-8.571822,0.2179863154888153,0.9653679728507996,0.34632036089897156
YDR168W,YLR418C,0,-8.572231,0.2177734375,0.9653679728507996,0.34675323963165283
YOR032C,YJR158W,0,-8.576306,0.21756097674369812,0.9653679728507996,0.3471861481666565
YLR007W,YBR012W-A,0,-8.577268,0.21734893321990967,0.9653679728507996,0.34761905670166016
YOL143C,YKR050W,0,-8.577677,0.21713729202747345,0.9653679728507996,0.34805193543434143
YML124C,YPR139C,0,-8.582105,0.21692606806755066,0.9653679728507996,0.3484848439693451
YML012W,YPL239W,0,-8.587077,0.2167152613401413,0.9653679728507996,0.34891775250434875
YLR008C,YOL072W,0,-8.589484,0.21650485694408417,0.9653679728507996,0.3493506610393524
YOR117W,YHR135C,0,-8.594167,0.21629485487937927,0.9653679728507996,0.3497835397720337
YBR159W,YLR275W,0,-8.594536,0.2160852700471878,0.9653679728507996,0.35021644830703735
YER095W,YIL017C,0,-8.599874,0.21587608754634857,0.9653679728507996,0.350649356842041
YDL052C,YER005W,0,-8.603183,0.21566730737686157,0.9653679728507996,0.3510822653770447
YER178W,YOR338W,0,-8.603623,0.215458944439888,0.9653679728507996,0.35151514410972595
YGL206C,YPL283C,0,-8.605611,0.21525096893310547,0.9653679728507996,0.3519480526447296
YBR156C,YJL143W,0,-8.608586,0.21504339575767517,0.9653679728507996,0.3523809611797333
YMR065W,YER151C,0,-8.60871,0.2148362249135971,0.9653679728507996,0.35281383991241455
YDR005C,YBL050W,0,-8.612621,0.21462945640087128,0.9653679728507996,0.3532467484474182
YER157W,YGR212W,0,-8.614676,0.2144230753183365,0.9653679728507996,0.3536796569824219
YDR384C,YHR133C,0,-8.616658,0.21421709656715393,0.9653679728507996,0.35411256551742554
YDR039C,YOR209C,0,-8.617463,0.2140115201473236,0.9653679728507996,0.3545454442501068
YCL025C,YDR176W,0,-8.625805,0.21380633115768433,0.9653679728507996,0.3549783527851105
YKL084W,YOR326W,0,-8.628876,0.21360152959823608,0.9653679728507996,0.35541126132011414
YGL030W,YMR051C,0,-8.629914,0.21339713037014008,0.9653679728507996,0.3558441698551178
YBR247C,YLR320W,0,-8.636692,0.2131931185722351,0.9653679728507996,0.3562770485877991
YPR104C,YDR404C,0,-8.638339,0.21298949420452118,0.9653679728507996,0.35670995712280273
YER028C,YLR148W,0,-8.639853,0.2127862572669983,0.9653679728507996,0.3571428656578064
YDR337W,YER012W,0,-8.640071,0.21258340775966644,0.9653679728507996,0.35757574439048767
YBR207W,YDR392W,0,-8.640916,0.21238094568252563,0.9653679728507996,0.35800865292549133
YGL116W,YPR139C,0,-8.641648,0.21217887103557587,0.9653679728507996,0.358441561460495
YMR172W,YGR095C,0,-8.641767,0.21197718381881714,0.9653679728507996,0.35887446999549866
YOR030W,YIR017C,0,-8.6438265,0.21177588403224945,0.9653679728507996,0.35930734872817993
YLR102C,YMR314W,0,-8.644259,0.2115749567747116,0.9653679728507996,0.3597402572631836
YBR145W,YDL120W,0,-8.645781,0.2113744020462036,0.9653679728507996,0.36017316579818726
YPR110C,YLR141W,1,-8.646605,0.21212121844291687,0.9696969985961914,0.36017316579818726
YGL065C,YKR057W,0,-8.647042,0.21192052960395813,0.9696969985961914,0.3606060743331909
YDL013W,YMR200W,0,-8.650784,0.21172022819519043,0.9696969985961914,0.3610389530658722
YLR117C,YNL021W,0,-8.651322,0.21152029931545258,0.9696969985961914,0.36147186160087585
YKR050W,YOR162C,0,-8.65701,0.21132075786590576,0.9696969985961914,0.3619047701358795
YPL078C,YGL191W,0,-8.657775,0.2111215889453888,0.9696969985961914,0.3623376488685608
YKR046C,YKL020C,0,-8.6590185,0.21092279255390167,0.9696969985961914,0.36277055740356445
YLR115W,YDR322C-A,0,-8.659069,0.2107243686914444,0.9696969985961914,0.3632034659385681
YGR279C,YKR089C,0,-8.662385,0.21052631735801697,0.9696969985961914,0.3636363744735718
YHR034C,YFL018W-A,0,-8.664014,0.21032863855361938,0.9696969985961914,0.36406925320625305
YPL127C,YCR091W,0,-8.665456,0.21013133227825165,0.9696969985961914,0.3645021617412567
YMR237W,YDR206W,0,-8.66612,0.20993439853191376,0.9696969985961914,0.3649350702762604
YML069W,YPL029W,0,-8.669683,0.20973782241344452,0.9696969985961914,0.36536797881126404
YDL017W,YJR135C,0,-8.671541,0.20954163372516632,0.9696969985961914,0.3658008575439453
YMR145C,YHR205W,0,-8.67457,0.20934578776359558,0.9696969985961914,0.366233766078949
YFL011W-A,YGR197C,0,-8.675347,0.20915032923221588,0.9696969985961914,0.36666667461395264
YNL281W,YMR197C,0,-8.675587,0.20895522832870483,0.9696969985961914,0.3670995533466339
YMR052W,YPL193W,0,-8.677575,0.20876048505306244,0.9696969985961914,0.3675324618816376
YMR137C,YAL001C,0,-8.685038,0.2085661143064499,0.9696969985961914,0.36796537041664124
YGL033W,YLR163C,0,-8.685073,0.2083720862865448,0.9696969985961914,0.3683982789516449
YDR343C,YGR111W,0,-8.687438,0.20817844569683075,0.9696969985961914,0.36883115768432617
YDR377W,YLL001W,0,-8.688004,0.20798514783382416,0.9696969985961914,0.36926406621932983
YFR037C,YOR344C,0,-8.688133,0.20779220759868622,0.9696969985961914,0.3696969747543335
YDR176W,YBR168W,0,-8.689305,0.20759962499141693,0.9696969985961914,0.37012988328933716
YMR164C,YPR065W,0,-8.691518,0.2074074000120163,0.9696969985961914,0.37056276202201843
YLR155C,YKL150W,0,-8.69344,0.2072155475616455,0.9696969985961914,0.3709956705570221
YGR098C,YGL209W,0,-8.694604,0.20702402293682098,0.9696969985961914,0.37142857909202576
YBL046W,YLL013C,0,-8.695302,0.2068328708410263,0.9696969985961914,0.37186145782470703
YEL061C,YLR200W,0,-8.696134,0.2066420614719391,0.9696969985961914,0.3722943663597107
YLR131C,YMR263W,0,-8.697196,0.20645160973072052,0.9696969985961914,0.37272727489471436
YLR106C,YER093C,0,-8.697865,0.2062615156173706,0.9696969985961914,0.373160183429718
YMR052W,YGR170W,0,-8.6999855,0.20607176423072815,0.9696969985961914,0.3735930621623993
YMR208W,YDR228C,0,-8.701247,0.20588235557079315,0.9696969985961914,0.37402597069740295
YPR154W,YOR088W,0,-8.701556,0.2056932896375656,0.9696969985961914,0.3744588792324066
YPR001W,YNL333W,0,-8.705834,0.20550458133220673,0.9696969985961914,0.3748917877674103
YAL041W,YDL013W,0,-8.7083845,0.2053162306547165,0.9696969985961914,0.37532466650009155
YKR008W,YPL094C,0,-8.708652,0.20512820780277252,0.9696969985961914,0.3757575750350952
YJL170C,YGL206C,0,-8.709382,0.204940527677536,0.9696969985961914,0.3761904835700989
YGR036C,YHL025W,0,-8.710241,0.20475320518016815,0.9696969985961914,0.37662336230278015
YPL069C,YPL085W,0,-8.710717,0.20456621050834656,0.9696969985961914,0.3770562708377838
YLR158C,YCR027C,0,-8.711133,0.20437955856323242,0.9696969985961914,0.3774891793727875
YPL110C,YBR093C,0,-8.712545,0.20419324934482574,0.9696969985961914,0.37792208790779114
YOR039W,YPL082C,1,-8.712714,0.2049180269241333,0.9740259647369385,0.37792208790779114
YJL106W,YLR301W,0,-8.715754,0.20473156869411469,0.9740259647369385,0.3783549666404724
YDR106W,YLL016W,0,-8.715816,0.20454545319080353,0.9740259647369385,0.3787878751754761
YOL139C,YPL132W,0,-8.717035,0.20435968041419983,0.9740259647369385,0.37922078371047974
YJR153W,YJR102C,0,-8.719382,0.2041742354631424,0.9740259647369385,0.3796536922454834
YGL032C,YJL186W,0,-8.720999,0.20398911833763123,0.9740259647369385,0.3800865709781647
YGL032C,YLR078C,0,-8.722196,0.20380434393882751,0.9740259647369385,0.38051947951316833
YKL048C,YDL120W,0,-8.723088,0.20361991226673126,0.9740259647369385,0.380952388048172
YDR508C,YDL056W,0,-8.726024,0.20343580842018127,0.9740259647369385,0.38138526678085327
YGR092W,YHR158C,0,-8.726074,0.20325203239917755,0.9740259647369385,0.38181817531585693
YLL035W,YNL126W,0,-8.728255,0.2030685991048813,0.9740259647369385,0.3822510838508606
YOL111C,YHR160C,0,-8.731938,0.2028854787349701,0.9740259647369385,0.38268399238586426
YOL130W,YDR464W,0,-8.735941,0.20270270109176636,0.9740259647369385,0.38311687111854553
YGL183C,YMR008C,0,-8.737172,0.2025202512741089,0.9740259647369385,0.3835497796535492
YDR414C,YPR165W,0,-8.737256,0.20233812928199768,0.9740259647369385,0.38398268818855286
YIL061C,YPR036W,0,-8.738051,0.20215633511543274,0.9740259647369385,0.3844155967235565
YLR207W,YJL154C,0,-8.738196,0.20197486877441406,0.9740259647369385,0.3848484754562378
YLR360W,YPR139C,0,-8.73832,0.20179371535778046,0.9740259647369385,0.38528138399124146
YER154W,YDR469W,0,-8.745026,0.2016129046678543,0.9740259647369385,0.3857142925262451
YGL153W,YKR050W,0,-8.746844,0.20143240690231323,0.9740259647369385,0.3861471712589264
YMR175W,YML058W,0,-8.749621,0.20125223696231842,0.9740259647369385,0.38658007979393005
YHR079C-A,YNR034W,0,-8.74998,0.20107237994670868,0.9740259647369385,0.3870129883289337
YIL051C,YGR014W,0,-8.750499,0.2008928507566452,0.9740259647369385,0.3874458968639374
YML004C,YKL041W,0,-8.750916,0.200713649392128,0.9740259647369385,0.38787877559661865
YCR038C,YGR180C,0,-8.7520275,0.20053476095199585,0.9740259647369385,0.3883116841316223
YLR438C-A,YNL262W,0,-8.752094,0.20035618543624878,0.9740259647369385,0.388744592666626
YOL111C,YBR111W-A,0,-8.753883,0.20017793774604797,0.9740259647369385,0.38917750120162964
YKR027W,YFL002C,0,-8.7556505,0.20000000298023224,0.9740259647369385,0.3896103799343109
YDR108W,YDL235C,0,-8.75641,0.19982238113880157,0.9740259647369385,0.3900432884693146
YDR030C,YJR103W,0,-8.75686,0.19964507222175598,0.9740259647369385,0.39047619700431824
YPR190C,YLR396C,0,-8.756871,0.19946809113025665,0.9740259647369385,0.3909091055393219
YDR153C,YIL150C,0,-8.757396,0.1992914080619812,0.9740259647369385,0.3913419842720032
YNL073W,YPL026C,0,-8.758461,0.19911503791809082,0.9740259647369385,0.39177489280700684
YGL238W,YFR050C,0,-8.760675,0.1989389955997467,0.9740259647369385,0.3922078013420105
YHR077C,YGL045W,0,-8.762058,0.19876325130462646,0.9740259647369385,0.3926406800746918
YFL058W,YBL100W-B,0,-8.763348,0.1985878199338913,0.9740259647369385,0.39307358860969543
YGR057C,YBR080C,0,-8.764834,0.1984127014875412,0.9740259647369385,0.3935064971446991
YDL245C,YHL024W,0,-8.766402,0.19823788106441498,0.9740259647369385,0.39393940567970276
YNL159C,YPR036W,0,-8.768601,0.19806337356567383,0.9740259647369385,0.39437228441238403
YGR220C,YNL207W,0,-8.769384,0.19788917899131775,0.9740259647369385,0.3948051929473877
YDL155W,YCR060W,0,-8.772342,0.19771529734134674,0.9740259647369385,0.39523810148239136
YDR141C,YOR187W,0,-8.774234,0.19754169881343842,0.9740259647369385,0.395671010017395
YBL008W,YNL310C,0,-8.775307,0.19736842811107635,0.9740259647369385,0.3961038887500763
YPR105C,YDR517W,0,-8.777454,0.19719544053077698,0.9740259647369385,0.39653679728507996
YOR194C,YIL029C,0,-8.777786,0.19702276587486267,0.9740259647369385,0.3969697058200836
YOR368W,YFL002C,0,-8.778166,0.19685038924217224,0.9740259647369385,0.3974025845527649
YPL022W,YML010W,0,-8.787663,0.19667832553386688,0.9740259647369385,0.39783549308776855
YJR105W,YBR274W,0,-8.78971,0.1965065449476242,0.9740259647369385,0.3982684016227722
YLR032W,YNL049C,0,-8.789932,0.1963350772857666,0.9740259647369385,0.3987013101577759
YER166W,YKR002W,0,-8.793204,0.19616390764713287,0.9740259647369385,0.39913418889045715
YFR027W,YOR142W,0,-8.795491,0.19599303603172302,0.9740259647369385,0.3995670974254608
YOL133W,YOR241W,0,-8.795548,0.19582244753837585,0.9740259647369385,0.4000000059604645
YPL053C,YKL070W,0,-8.795654,0.19565217196941376,0.9740259647369385,0.40043291449546814
YBR102C,YGR159C,0,-8.797832,0.19548219442367554,0.9740259647369385,0.4008657932281494
YJR053W,YGR185C,0,-8.800145,0.1953125,0.9740259647369385,0.4012987017631531
YOR032C,YBR256C,0,-8.800206,0.19514310359954834,0.9740259647369385,0.40173161029815674
YLR370C,YGR057C,0,-8.800841,0.19497400522232056,0.9740259647369385,0.402164489030838
YDR138W,YJL208C,0,-8.80225,0.19480518996715546,0.9740259647369385,0.4025973975658417
YOR032C,YBR228W,0,-8.802337,0.19463667273521423,0.9740259647369385,0.40303030610084534
YOR210W,YLR141W,1,-8.8038025,0.19533275067806244,0.9783549904823303,0.40303030610084534
YJR139C,YML027W,0,-8.807201,0.19516406953334808,0.9783549904823303,0.403463214635849
YKR050W,YBR058C-A,0,-8.807676,0.1949956864118576,0.9783549904823303,0.4038960933685303
YIL143C,YJR102C,0,-8.811557,0.1948275864124298,0.9783549904823303,0.40432900190353394
YPR179C,YGL150C,0,-8.813378,0.1946597695350647,0.9783549904823303,0.4047619104385376
YCR028C,YOR260W,0,-8.818921,0.19449225068092346,0.9783549904823303,0.40519481897354126
YDL100C,YJL029C,0,-8.827121,0.1943250149488449,0.9783549904823303,0.40562769770622253
YBL055C,YOR008C-A,0,-8.828662,0.19415807723999023,0.9783549904823303,0.4060606062412262
YMR056C,YNL318C,0,-8.831067,0.19399142265319824,0.9783549904823303,0.40649351477622986
YPL181W,YDR362C,0,-8.83341,0.19382503628730774,0.9783549904823303,0.40692639350891113
YNL288W,YPL010W,0,-8.837031,0.1936589479446411,0.9783549904823303,0.4073593020439148
YBR004C,YBR083W,0,-8.837503,0.19349315762519836,0.9783549904823303,0.40779221057891846
YDR378C,YPR165W,0,-8.837726,0.1933276355266571,0.9783549904823303,0.4082251191139221
YKL125W,YLR141W,1,-8.839387,0.19401709735393524,0.9826839566230774,0.4082251191139221
YHR186C,YIL014W,0,-8.839604,0.19385141134262085,0.9826839566230774,0.4086579978466034
YPR007C,YOL148C,0,-8.840186,0.19368600845336914,0.9826839566230774,0.40909090638160706
YNL080C,YJL140W,0,-8.841596,0.19352088868618011,0.9826839566230774,0.4095238149166107
YKR076W,YOR032C,0,-8.845843,0.19335605204105377,0.9826839566230774,0.4099567234516144
YCR040W,YLR298C,0,-8.845944,0.19319148361682892,0.9826839566230774,0.41038960218429565
YOR046C,YCR014C,0,-8.84766,0.19302721321582794,0.9826839566230774,0.4108225107192993
YDR385W,YGR170W,0,-8.854348,0.19286321103572845,0.9826839566230774,0.411255419254303
YEL019C,YOR095C,0,-8.854533,0.19269949197769165,0.9826839566230774,0.41168829798698425
YKL048C,YIL077C,0,-8.855269,0.19253604114055634,0.9826839566230774,0.4121212065219879
YEL032W,YFL034C-B,0,-8.85663,0.1923728883266449,0.9826839566230774,0.4125541150569916
YLL042C,YGR024C,0,-8.861865,0.19220998883247375,0.9826839566230774,0.41298702359199524
YIL026C,YDL090C,0,-8.862742,0.1920473724603653,0.9826839566230774,0.4134199023246765
YAL041W,YJL094C,0,-8.863847,0.19188503921031952,0.9826839566230774,0.4138528108596802
YMR255W,YPL192C,0,-8.864325,0.19172297418117523,0.9826839566230774,0.41428571939468384
YIR025W,YGR006W,0,-8.865146,0.19156117737293243,0.9826839566230774,0.4147186279296875
YDR499W,YOL054W,0,-8.8668375,0.19139966368675232,0.9826839566230774,0.4151515066623688
YGR037C,YJL019W,0,-8.866854,0.1912384182214737,0.9826839566230774,0.41558441519737244
YPL069C,YPL256C,0,-8.869261,0.19107744097709656,0.9826839566230774,0.4160173237323761
YIR013C,YPR139C,0,-8.870929,0.1909167319536209,0.9826839566230774,0.4164502024650574
YML099C,YGR085C,0,-8.870976,0.19075630605220795,0.9826839566230774,0.41688311100006104
YDR518W,YGL169W,0,-8.871995,0.19059613347053528,0.9826839566230774,0.4173160195350647
YDL232W,YLR386W,0,-8.874723,0.1904362440109253,0.9826839566230774,0.41774892807006836
YER019W,YGR249W,0,-8.876339,0.1902766078710556,0.9826839566230774,0.41818180680274963
YGR157W,YNL241C,0,-8.876821,0.1901172548532486,0.9826839566230774,0.4186147153377533
YHR001W,YOR132W,0,-8.877028,0.18995815515518188,0.9826839566230774,0.41904762387275696
YMR281W,YLR259C,0,-8.877873,0.18979932367801666,0.9826839566230774,0.4194805324077606
YDL106C,YLR107W,0,-8.878957,0.18964077532291412,0.9826839566230774,0.4199134111404419
YPL117C,YNR023W,0,-8.878993,0.18948246538639069,0.9826839566230774,0.42034631967544556
YGL113W,YOR106W,0,-8.879924,0.18932443857192993,0.9826839566230774,0.4207792282104492
YER032W,YDL154W,0,-8.880167,0.18916666507720947,0.9826839566230774,0.4212121069431305
YDL115C,YNL117W,0,-8.880623,0.1890091598033905,0.9826839566230774,0.42164501547813416
YLR131C,YDR377W,0,-8.882674,0.18885190784931183,0.9826839566230774,0.4220779240131378
YPL053C,YER018C,0,-8.885203,0.18869492411613464,0.9826839566230774,0.4225108325481415
YNL065W,YLR126C,0,-8.885312,0.18853820860385895,0.9826839566230774,0.42294371128082275
YBL023C,YOL028C,0,-8.887389,0.18838174641132355,0.9826839566230774,0.4233766198158264
YKL074C,YBR276C,0,-8.894556,0.18822553753852844,0.9826839566230774,0.4238095283508301
YGL029W,YOL156W,0,-8.8962755,0.18806959688663483,0.9826839566230774,0.42424243688583374
YDL164C,YKL060C,0,-8.903328,0.1879139095544815,0.9826839566230774,0.424675315618515
YKL213C,YMR322C,0,-8.903369,0.18775847554206848,0.9826839566230774,0.4251082241535187
YJL210W,YDR166C,0,-8.904214,0.18760330975055695,0.9826839566230774,0.42554113268852234
YDR337W,YAR042W,0,-8.904689,0.1874483823776245,0.9826839566230774,0.4259740114212036
YAL044C,YKR056W,0,-8.905957,0.18729372322559357,0.9826839566230774,0.4264069199562073
YMR033W,YMR043W,0,-8.906571,0.18713931739330292,0.9826839566230774,0.42683982849121094
YDL126C,YBR041W,0,-8.912035,0.18698517978191376,0.9826839566230774,0.4272727370262146
YML061C,YBR055C,0,-8.91585,0.1868312805891037,0.9826839566230774,0.4277056157588959
YLR006C,YLR362W,0,-8.920205,0.18667763471603394,0.9826839566230774,0.42813852429389954
YBR133C,YHR056C,0,-8.921093,0.18652424216270447,0.9826839566230774,0.4285714328289032
YEL062W,YLR006C,0,-8.923324,0.1863711029291153,0.9826839566230774,0.42900434136390686
YEL056W,YIL117C,0,-8.924178,0.18621821701526642,0.9826839566230774,0.42943722009658813
YOR136W,YOR110W,0,-8.925203,0.18606556951999664,0.9826839566230774,0.4298701286315918
YPL059W,YEL031W,0,-8.9258375,0.18591319024562836,0.9826839566230774,0.43030303716659546
YOR099W,YBR079C,0,-8.92693,0.18576104938983917,0.9826839566230774,0.43073591589927673
YGL209W,YPL036W,0,-8.929382,0.18560916185379028,0.9826839566230774,0.4311688244342804
YOR106W,YGL225W,0,-8.92954,0.1854575127363205,0.9826839566230774,0.43160173296928406
YOL068C,YPL022W,0,-8.929858,0.185306116938591,0.9826839566230774,0.4320346415042877
YPR199C,YJL053W,0,-8.930063,0.1851549744606018,0.9826839566230774,0.432467520236969
YGR092W,YDR337W,0,-8.932754,0.1850040704011917,0.9826839566230774,0.43290042877197266
YDR296W,YCR044C,0,-8.93374,0.1848534196615219,0.9826839566230774,0.4333333373069763
YOL026C,YNL129W,0,-8.93962,0.1847030073404312,0.9826839566230774,0.43376624584198
YGL115W,YJR007W,0,-8.944471,0.1845528483390808,0.9826839566230774,0.43419912457466125
YNL192W,YDR464W,0,-8.946572,0.1844029277563095,0.9826839566230774,0.4346320331096649
YER032W,YMR013C,0,-8.947091,0.1842532455921173,0.9826839566230774,0.4350649416446686
YHR042W,YJL039C,0,-8.947899,0.1841038167476654,0.9826839566230774,0.43549785017967224
YBR042C,YDL006W,0,-8.948053,0.1839546263217926,0.9826839566230774,0.4359307289123535
YCR026C,YGR143W,0,-8.949855,0.1838056743144989,0.9826839566230774,0.4363636374473572
YOR239W,YOR327C,0,-8.9501295,0.1836569607257843,0.9826839566230774,0.43679654598236084
YBL013W,YHR165C,0,-8.954727,0.1835084855556488,0.9826839566230774,0.4372294247150421
YOL091W,YPL237W,0,-8.9574,0.1833602637052536,0.9826839566230774,0.4376623332500458
YCL029C,YKL160W,0,-8.957894,0.1832122653722763,0.9826839566230774,0.43809524178504944
YEL032W,YIR009W,0,-8.95906,0.1830645203590393,0.9826839566230774,0.4385281503200531
YGR286C,YDL097C,0,-8.961501,0.18291699886322021,0.9826839566230774,0.4389610290527344
YGR113W,YPL101W,0,-8.962953,0.18276973068714142,0.9826839566230774,0.43939393758773804
YOR116C,YNL054W,0,-8.967702,0.18262268602848053,0.9826839566230774,0.4398268461227417
YER014C-A,YPR139C,0,-8.968394,0.18247587978839874,0.9826839566230774,0.44025975465774536
YIL150C,YKL170W,0,-8.968399,0.18232931196689606,0.9826839566230774,0.44069263339042664
YEL024W,YOR230W,0,-8.968589,0.18218298256397247,0.9826839566230774,0.4411255419254303
YDL093W,YLR066W,0,-8.9691925,0.182036891579628,0.9826839566230774,0.44155845046043396
YKL099C,YDR495C,0,-8.969615,0.18189102411270142,0.9826839566230774,0.44199132919311523
YPR037C,YKL182W,0,-8.975011,0.18174539506435394,0.9826839566230774,0.4424242377281189
YDL099W,YDR212W,0,-8.976346,0.18160000443458557,0.9826839566230774,0.44285714626312256
YCR042C,YBL004W,0,-8.976491,0.1814548373222351,0.9826839566230774,0.4432900547981262
YPR032W,YLR452C,0,-8.979447,0.18130990862846375,0.9826839566230774,0.4437229335308075
YJL071W,YLR286C,0,-8.982331,0.1811652034521103,0.9826839566230774,0.44415584206581116
YBR179C,YGR289C,0,-8.982596,0.18102073669433594,0.9826839566230774,0.4445887506008148
YJL072C,YOL031C,0,-8.9853,0.1808764934539795,0.9826839566230774,0.4450216591358185
YPR018W,YOR344C,0,-8.989421,0.18073248863220215,0.9826839566230774,0.44545453786849976
YDR272W,YHR072W-A,0,-8.991868,0.1805887073278427,0.9826839566230774,0.4458874464035034
YLR113W,YDR460W,0,-8.99209,0.18044514954090118,0.9826839566230774,0.4463203549385071
YLL018C-A,YDR162C,0,-8.9935465,0.18030183017253876,0.9826839566230774,0.44675323367118835
YOR040W,YDR129C,0,-8.996799,0.18015873432159424,0.9826839566230774,0.447186142206192
YML110C,YFL014W,0,-8.9968405,0.18001586198806763,0.9826839566230774,0.4476190507411957
YPL095C,YER018C,0,-8.998621,0.17987321317195892,0.9826839566230774,0.44805195927619934
YOR349W,YNL154C,0,-8.999036,0.17973080277442932,0.9826839566230774,0.4484848380088806
YPL138C,YKL140W,0,-8.999682,0.17958860099315643,0.9826839566230774,0.4489177465438843
YDR420W,YKR063C,0,-9.003821,0.17944663763046265,0.9826839566230774,0.44935065507888794
YNL318C,YBR169C,0,-9.005284,0.17930489778518677,0.9826839566230774,0.4497835636138916
YDR353W,YGR054W,0,-9.010355,0.1791633814573288,0.9826839566230774,0.4502164423465729
YDR225W,YKL154W,0,-9.010791,0.17902208864688873,0.9826839566230774,0.45064935088157654
YNL220W,YHL025W,0,-9.01089,0.17888100445270538,0.9826839566230774,0.4510822594165802
YCR028C,YNR049C,0,-9.012489,0.17874015867710114,0.9826839566230774,0.4515151381492615
YLR098C,YDR473C,0,-9.014141,0.1785995215177536,0.9826839566230774,0.45194804668426514
YOL095C,YOR270C,0,-9.01555,0.17845912277698517,0.9826839566230774,0.4523809552192688
YOL086C,YIL147C,0,-9.016091,0.17831893265247345,0.9826839566230774,0.45281386375427246
YKR038C,YGL049C,0,-9.016609,0.17817896604537964,0.9826839566230774,0.45324674248695374
YML051W,YDR489W,0,-9.021249,0.17803922295570374,0.9826839566230774,0.4536796510219574
YLR160C,YKL139W,0,-9.023504,0.17789968848228455,0.9826839566230774,0.45411255955696106
YGR142W,YMR281W,0,-9.02398,0.17776037752628326,0.9826839566230774,0.4545454680919647
YLR330W,YOL093W,0,-9.026583,0.1776212900876999,0.9826839566230774,0.454978346824646
YOR099W,YDR195W,0,-9.029095,0.17748241126537323,0.9826839566230774,0.45541125535964966
YKR085C,YLL013C,0,-9.032712,0.17734375596046448,0.9826839566230774,0.4558441638946533
YDR224C,YLR424W,0,-9.0328245,0.17720530927181244,0.9826839566230774,0.4562770426273346
YMR073C,YJL112W,0,-9.03499,0.1770670861005783,0.9826839566230774,0.45670995116233826
YBR274W,YDR016C,0,-9.03655,0.1769290715456009,0.9826839566230774,0.4571428596973419
YGL174W,YML124C,0,-9.036838,0.17679128050804138,0.9826839566230774,0.4575757682323456
YGR156W,YGL045W,0,-9.037548,0.1766536980867386,0.9826839566230774,0.45800864696502686
YMR048W,YDR120C,0,-9.03979,0.1765163242816925,0.9826839566230774,0.4584415555000305
YGL027C,YNL239W,0,-9.040092,0.17637917399406433,0.9826839566230774,0.4588744640350342
YHL024W,YEL050C,0,-9.040168,0.17624223232269287,0.9826839566230774,0.45930737257003784
YPL051W,YKL019W,0,-9.040765,0.17610551416873932,0.9826839566230774,0.4597402513027191
YML078W,YDR449C,0,-9.046587,0.1759689897298813,0.9826839566230774,0.4601731598377228
YIL106W,YPL159C,0,-9.051086,0.17583268880844116,0.9826839566230774,0.46060606837272644
YFR019W,YJR158W,0,-9.051596,0.17569659650325775,0.9826839566230774,0.4610389471054077
YKL201C,YER161C,0,-9.05264,0.17556071281433105,0.9826839566230774,0.4614718556404114
YPL036W,YDR478W,0,-9.053615,0.17542503774166107,0.9826839566230774,0.46190476417541504
YCR066W,YGL048C,0,-9.0545635,0.1752895712852478,0.9826839566230774,0.4623376727104187
YBR196C,YJR153W,0,-9.057276,0.17515432834625244,0.9826839566230774,0.4627705514431
YGL135W,YNL167C,0,-9.061151,0.1750192791223526,0.9826839566230774,0.46320345997810364
YDL069C,YPR102C,0,-9.061704,0.17488443851470947,0.9826839566230774,0.4636363685131073
YMR192W,YGR280C,0,-9.06326,0.17474980652332306,0.9826839566230774,0.46406927704811096
YPL227C,YBR131W,0,-9.063727,0.17461538314819336,0.9826839566230774,0.46450215578079224
YER068W,YGR059W,0,-9.065209,0.17448116838932037,0.9826839566230774,0.4649350643157959
YGR238C,YCR028C-A,0,-9.07347,0.1743471622467041,0.9826839566230774,0.46536797285079956
YDR206W,YBR114W,0,-9.073488,0.17421334981918335,0.9826839566230774,0.46580085158348083
YML078W,YOR142W,0,-9.074436,0.1740797609090805,0.9826839566230774,0.4662337601184845
YKR036C,YMR036C,0,-9.075161,0.17394636571407318,0.9826839566230774,0.46666666865348816
YGR286C,YDR294C,0,-9.079392,0.17381316423416138,0.9826839566230774,0.4670995771884918
YFL029C,YPR179C,0,-9.082067,0.17368018627166748,0.9826839566230774,0.4675324559211731
YGL200C,YPL233W,0,-9.082096,0.1735474020242691,0.9826839566230774,0.46796536445617676
YOR142W,YLR212C,0,-9.083863,0.17341482639312744,0.9826839566230774,0.4683982729911804
YGL254W,YJL045W,0,-9.085313,0.1732824444770813,0.9826839566230774,0.4688311815261841
YJL041W,YGL167C,0,-9.08602,0.17315027117729187,0.9826839566230774,0.46926406025886536
YGL086W,YJL192C,0,-9.086992,0.17301829159259796,0.9826839566230774,0.469696968793869
YOL005C,YML098W,0,-9.087003,0.17288652062416077,0.9826839566230774,0.4701298773288727
YNR002C,YPR164W,0,-9.087907,0.1727549433708191,0.9826839566230774,0.47056275606155396
YPL200W,YOR126C,0,-9.088698,0.17262357473373413,0.9826839566230774,0.4709956645965576
YBR182C,YJL154C,0,-9.089456,0.1724923998117447,0.9826839566230774,0.4714285731315613
YHR001W,YPL029W,0,-9.089812,0.17236143350601196,0.9826839566230774,0.47186148166656494
YDR284C,YKR095W-A,0,-9.090583,0.17223064601421356,0.9826839566230774,0.4722943603992462
YLR309C,YNL142W,0,-9.090641,0.17210008203983307,0.9826839566230774,0.4727272689342499
YMR016C,YOR083W,0,-9.0918455,0.1719696968793869,0.9826839566230774,0.47316017746925354
YDR385W,YDR419W,0,-9.093047,0.17183952033519745,0.9826839566230774,0.4735930860042572
YMR083W,YML021C,0,-9.097725,0.17170953750610352,0.9826839566230774,0.4740259647369385
YDR365C,YCR071C,0,-9.098704,0.1715797483921051,0.9826839566230774,0.47445887327194214
YDR194C,YNR013C,0,-9.099474,0.1714501529932022,0.9826839566230774,0.4748917818069458
YBR172C,YOR060C,0,-9.100005,0.17132075130939484,0.9826839566230774,0.4753246605396271
YGR204W,YHR012W,0,-9.103432,0.17119155824184418,0.9826839566230774,0.47575756907463074
YMR207C,YDR523C,0,-9.104869,0.17106254398822784,0.9826839566230774,0.4761904776096344
YPR020W,YOL002C,0,-9.105744,0.17093373835086823,0.9826839566230774,0.47662338614463806
YOR113W,YFR047C,0,-9.108027,0.17080511152744293,0.9826839566230774,0.47705626487731934
YKL208W,YOR344C,0,-9.11119,0.17067669332027435,0.9826839566230774,0.477489173412323
YPL040C,YPL167C,0,-9.111516,0.1705484539270401,0.9826839566230774,0.47792208194732666
YPL192C,YDR091C,0,-9.113421,0.17042042315006256,0.9826839566230774,0.4783549904823303
YLR080W,YPR075C,0,-9.114438,0.17029257118701935,0.9826839566230774,0.4787878692150116
YBL097W,YGR006W,0,-9.114768,0.17016491293907166,0.9826839566230774,0.47922077775001526
YNR067C,YDR079W,0,-9.117672,0.17003744840621948,0.9826839566230774,0.4796536862850189
YPL028W,YDR330W,0,-9.117694,0.16991017758846283,0.9826839566230774,0.4800865948200226
YPR112C,YGL115W,0,-9.119204,0.1697831004858017,0.9826839566230774,0.48051947355270386
YGR085C,YOR179C,0,-9.122836,0.1696562021970749,0.9826839566230774,0.4809523820877075
YER019W,YGL226C-A,0,-9.125865,0.1695294976234436,0.9826839566230774,0.4813852906227112
YDR345C,YBL071W-A,0,-9.126616,0.16940298676490784,0.9826839566230774,0.48181816935539246
YJR092W,YKL139W,0,-9.126652,0.1692766547203064,0.9826839566230774,0.4822510778903961
YMR247C,YKR072C,0,-9.129256,0.16915051639080048,0.9826839566230774,0.4826839864253998
YIL035C,YLR141W,1,-9.133466,0.16976916790008545,0.9870129823684692,0.4826839864253998
YPR024W,YNL313C,0,-9.135732,0.1696428507566452,0.9870129823684692,0.48311689496040344
YOR371C,YBR216C,0,-9.13926,0.16951672732830048,0.9870129823684692,0.4835497736930847
YDR337W,YBR097W,0,-9.140366,0.16939078271389008,0.9870129823684692,0.4839826822280884
YNL031C,YML059C,0,-9.142788,0.1692650318145752,0.9870129823684692,0.48441559076309204
YLR069C,YBR066C,0,-9.143007,0.16913945972919464,0.9870129823684692,0.4848484992980957
YGL142C,YLR309C,0,-9.145033,0.1690140813589096,0.9870129823684692,0.485281378030777
YER054C,YGL244W,0,-9.146038,0.1688888818025589,0.9870129823684692,0.48571428656578064
YLL009C,YNR054C,0,-9.150863,0.1687638759613037,0.9870129823684692,0.4861471951007843
YFR027W,YGL037C,0,-9.15628,0.16863904893398285,0.9870129823684692,0.4865800738334656
YHR150W,YLR165C,0,-9.158092,0.1685144156217575,0.9870129823684692,0.48701298236846924
YDR188W,YHR090C,0,-9.159889,0.1683899611234665,0.9870129823684692,0.4874458909034729
YGR056W,YMR013C,0,-9.161672,0.1682656854391098,0.9870129823684692,0.48787879943847656
YNL126W,YJL045W,0,-9.167546,0.16814158856868744,0.9870129823684692,0.48831167817115784
YJL006C,YIL029C,0,-9.171744,0.1680176854133606,0.9870129823684692,0.4887445867061615
YOR327C,YKR050W,0,-9.173608,0.16789396107196808,0.9870129823684692,0.48917749524116516
YDR188W,YLR361C,0,-9.1762495,0.1677704155445099,0.9870129823684692,0.4896104037761688
YNL268W,YML114C,0,-9.180773,0.16764706373214722,0.9870129823684692,0.4900432825088501
YPL061W,YER025W,0,-9.182374,0.16752387583255768,0.9870129823684692,0.49047619104385376
YCR033W,YDR306C,0,-9.182728,0.16740088164806366,0.9870129823684692,0.4909090995788574
YMR136W,YGL004C,0,-9.186524,0.16727806627750397,0.9870129823684692,0.4913419783115387
YDR221W,YIL084C,0,-9.187122,0.1671554297208786,0.9870129823684692,0.49177488684654236
YNL004W,YMR044W,0,-9.187257,0.16703297197818756,0.9870129823684692,0.492207795381546
YML036W,YLR286C,0,-9.188276,0.16691069304943085,0.9870129823684692,0.4926407039165497
YOR319W,YKR001C,0,-9.188863,0.16678859293460846,0.9870129823684692,0.49307358264923096
YER017C,YLR330W,0,-9.190154,0.1666666716337204,0.9870129823684692,0.4935064911842346
YFL009W,YBR247C,0,-9.190719,0.16654492914676666,0.9870129823684692,0.4939393997192383
YIL147C,YOR338W,0,-9.192881,0.16642335057258606,0.9870129823684692,0.49437230825424194
YDR025W,YAL047C,0,-9.195717,0.16630196571350098,0.9870129823684692,0.4948051869869232
YDR245W,YLR360W,0,-9.200475,0.16618075966835022,0.9870129823684692,0.4952380955219269
YBR041W,YDR293C,0,-9.20049,0.1660597175359726,0.9870129823684692,0.49567100405693054
YLR158C,YPR179C,0,-9.201789,0.1659388691186905,0.9870129823684692,0.4961038827896118
YDR421W,YNL127W,0,-9.202303,0.16581818461418152,0.9870129823684692,0.4965367913246155
YJL092W,YCR040W,0,-9.206943,0.16569767892360687,0.9870129823684692,0.49696969985961914
YLR115W,YFR033C,0,-9.2121725,0.16557733714580536,0.9870129823684692,0.4974026083946228
YEL015W,YNL097C,0,-9.21556,0.16545718908309937,0.9870129823684692,0.4978354871273041
YPR070W,YNL309W,0,-9.218076,0.1653372049331665,0.9870129823684692,0.49826839566230774
YBR296C,YPR132W,0,-9.218506,0.16521738469600677,0.9870129823684692,0.4987013041973114
YLR175W,YEL050C,0,-9.21906,0.16509775817394257,0.9870129823684692,0.49913421273231506
YER028C,YPL019C,0,-9.22097,0.1649782955646515,0.9870129823684692,0.49956709146499634
YDR492W,YLR435W,0,-9.224305,0.16485899686813354,0.9870129823684692,0.5
YDR079C-A,YLR360W,0,-9.229396,0.16473987698554993,0.9870129823684692,0.5004329085350037
YOL142W,YOR076C,0,-9.230962,0.16462093591690063,0.9870129823684692,0.5008658170700073
YMR267W,YHR012W,0,-9.232982,0.16450215876102448,0.9870129823684692,0.501298725605011
YMR277W,YPL213W,0,-9.23623,0.16438356041908264,0.9870129823684692,0.5017315745353699
YKL084W,YGL150C,0,-9.237149,0.16426512598991394,0.9870129823684692,0.5021644830703735
YKL055C,YGR214W,0,-9.237473,0.16414687037467957,0.9870129823684692,0.5025973916053772
YHR169W,YNR067C,0,-9.241525,0.16402877867221832,0.9870129823684692,0.5030303001403809
YCL066W,YKL212W,0,-9.243008,0.1639108508825302,0.9870129823684692,0.5034632086753845
YIL124W,YHR214C-B,0,-9.243716,0.16379310190677643,0.9870129823684692,0.5038961172103882
YER021W,YPL276W,0,-9.244999,0.16367551684379578,0.9870129823684692,0.5043290257453918
YPL243W,YOR172W,0,-9.247768,0.16355811059474945,0.9870129823684692,0.5047619342803955
YPL130W,YGR048W,0,-9.247836,0.16344085335731506,0.9870129823684692,0.5051947832107544
YDR191W,YOL091W,0,-9.248355,0.163323774933815,0.9870129823684692,0.5056276917457581
YLR117C,YER165W,0,-9.250893,0.16320687532424927,0.9870129823684692,0.5060606002807617
YMR032W,YOR319W,0,-9.253668,0.16309012472629547,0.9870129823684692,0.5064935088157654
YPL097W,YOR076C,0,-9.253934,0.162973552942276,0.9870129823684692,0.506926417350769
YMR092C,YER129W,0,-9.254154,0.16285714507102966,0.9870129823684692,0.5073593258857727
YLR259C,YBR223C,0,-9.256344,0.16274090111255646,0.9870129823684692,0.5077922344207764
YDR448W,YCR020C,0,-9.257524,0.16262482106685638,0.9870129823684692,0.5082250833511353
YNL253W,YJL154C,0,-9.258129,0.16250890493392944,0.9870129823684692,0.5086579918861389
YGR086C,YBR218C,0,-9.259009,0.16239316761493683,0.9870129823684692,0.5090909004211426
YNL264C,YNL312W,0,-9.259782,0.16227757930755615,0.9870129823684692,0.5095238089561462
YMR163C,YLR043C,0,-9.261283,0.1621621549129486,0.9870129823684692,0.5099567174911499
YJL091C,YJL035C,0,-9.26496,0.1620469093322754,0.9870129823684692,0.5103896260261536
YDR108W,YFL013C,0,-9.265215,0.1619318127632141,0.9870129823684692,0.5108225345611572
YPL178W,YMR047C,0,-9.271599,0.16181689500808716,0.9870129823684692,0.5112553834915161
YMR264W,YAL059W,0,-9.272505,0.16170212626457214,0.9870129823684692,0.5116882920265198
YOL028C,YHR048W,0,-9.272824,0.16158752143383026,0.9870129823684692,0.5121212005615234
YMR129W,YDL090C,0,-9.275498,0.1614730805158615,0.9870129823684692,0.5125541090965271
YMR211W,YGL048C,0,-9.276911,0.1613588184118271,0.9870129823684692,0.5129870176315308
YIL095W,YPL138C,0,-9.278595,0.1612446904182434,0.9870129823684692,0.5134199261665344
YJL184W,YNL139C,0,-9.282037,0.16113074123859406,0.9870129823684692,0.5138528347015381
YPL036W,YLR426W,0,-9.286639,0.16101695597171783,0.9870129823684692,0.5142857432365417
YJL062W,YDR060W,0,-9.286781,0.16090331971645355,0.9870129823684692,0.5147185921669006
YIR025W,YDL039C,0,-9.287697,0.1607898473739624,0.9870129823684692,0.5151515007019043
YCR014C,YGR047C,0,-9.289375,0.16067653894424438,0.9870129823684692,0.515584409236908
YIL051C,YDR324C,0,-9.291457,0.1605633795261383,0.9870129823684692,0.5160173177719116
YGL168W,YKL141W,0,-9.292546,0.16045038402080536,0.9870129823684692,0.5164502263069153
YNR027W,YEL031W,0,-9.294145,0.16033755242824554,0.9870129823684692,0.516883134841919
YBR065C,YDR488C,0,-9.294747,0.16022486984729767,0.9870129823684692,0.5173160433769226
YER030W,YGR055W,0,-9.295786,0.16011236608028412,0.9870129823684692,0.5177488923072815
YOL158C,YNL283C,0,-9.29662,0.1599999964237213,0.9870129823684692,0.5181818008422852
YBR119W,YOR182C,0,-9.302084,0.15988779067993164,0.9870129823684692,0.5186147093772888
YMR162C,YDR335W,0,-9.302116,0.1597757488489151,0.9870129823684692,0.5190476179122925
YIL062C,YLR206W,0,-9.302186,0.1596638709306717,0.9870129823684692,0.5194805264472961
YMR192W,YNL262W,0,-9.303902,0.15955212712287903,0.9870129823684692,0.5199134349822998
YOR098C,YDR487C,0,-9.306696,0.1594405621290207,0.9870129823684692,0.5203463435173035
YAL068C,YGR231C,0,-9.306796,0.1593291461467743,0.9870129823684692,0.5207791924476624
YOR061W,YLR141W,1,-9.308234,0.1599162071943283,0.9913420081138611,0.5207791924476624
YIL076W,YPL063W,0,-9.308614,0.15980461239814758,0.9913420081138611,0.521212100982666
YGL116W,YER089C,0,-9.309521,0.1596931666135788,0.9913420081138611,0.5216450095176697
YLR361C,YMR218C,0,-9.310029,0.15958188474178314,0.9913420081138611,0.5220779180526733
YKL005C,YGR244C,0,-9.312146,0.15947075188159943,0.9913420081138611,0.522510826587677
YJR092W,YML114C,0,-9.31396,0.15935978293418884,0.9913420081138611,0.5229437351226807
YER157W,YBL047C,0,-9.322202,0.1592489629983902,0.9913420081138611,0.5233766436576843
YPL137C,YGL207W,0,-9.322917,0.1591382920742035,0.9913420081138611,0.523809552192688
YLR141W,YOR295W,1,-9.324072,0.1597222238779068,0.9956709742546082,0.523809552192688
YDL227C,YKL110C,0,-9.324307,0.15961137413978577,0.9956709742546082,0.5242424011230469
YPL100W,YLR450W,0,-9.32594,0.15950068831443787,0.9956709742546082,0.5246753096580505
YMR172W,YAL017W,0,-9.326471,0.1593901664018631,0.9956709742546082,0.5251082181930542
YBR041W,YML097C,0,-9.330774,0.15927977859973907,0.9956709742546082,0.5255411267280579
YKR028W,YML064C,0,-9.332562,0.15916955471038818,0.9956709742546082,0.5259740352630615
YGL033W,YAL055W,0,-9.333646,0.15905947983264923,0.9956709742546082,0.5264069437980652
YIL072W,YLR362W,0,-9.337402,0.15894955396652222,0.9956709742546082,0.5268398523330688
YPL036W,YJL047C,0,-9.338616,0.15883977711200714,0.9956709742546082,0.5272727012634277
YMR186W,YCR040W,0,-9.346917,0.1587301641702652,0.9956709742546082,0.5277056097984314
YNL006W,YHR014W,0,-9.35212,0.158620685338974,0.9956709742546082,0.5281385183334351
YML004C,YNR039C,0,-9.35938,0.15851137042045593,0.9956709742546082,0.5285714268684387
YFL008W,YGR002C,0,-9.364599,0.1584022045135498,0.9956709742546082,0.5290043354034424
YKL001C,YKR002W,0,-9.364766,0.15829318761825562,0.9956709742546082,0.529437243938446
YPR171W,YLL061W,0,-9.366177,0.15818431973457336,0.9956709742546082,0.5298701524734497
YLR113W,YOL005C,0,-9.367354,0.15807560086250305,0.9956709742546082,0.5303030014038086
YOL113W,YLR301W,0,-9.369254,0.15796703100204468,0.9956709742546082,0.5307359099388123
YBR102C,YKR055W,0,-9.369449,0.15785861015319824,0.9956709742546082,0.5311688184738159
YNL118C,YPR054W,0,-9.370717,0.15775033831596375,0.9956709742546082,0.5316017270088196
YMR097C,YCR028C-A,0,-9.370992,0.1576422154903412,0.9956709742546082,0.5320346355438232
YJL201W,YOR085W,0,-9.372236,0.15753424167633057,0.9956709742546082,0.5324675440788269
YPR111W,YDR485C,0,-9.373045,0.15742641687393188,0.9956709742546082,0.5329004526138306
YDR264C,YNL142W,0,-9.376704,0.15731874108314514,0.9956709742546082,0.5333333611488342
YCR037C,YHR165C,0,-9.376705,0.15721121430397034,0.9956709742546082,0.5337662100791931
YNL127W,YBR024W,0,-9.377016,0.15710382163524628,0.9956709742546082,0.5341991186141968
YHR077C,YNR034W,0,-9.377948,0.15699659287929535,0.9956709742546082,0.5346320271492004
YHR114W,YBR213W,0,-9.380517,0.15688949823379517,0.9956709742546082,0.5350649356842041
YJR083C,YPR135W,0,-9.382189,0.15678255259990692,0.9956709742546082,0.5354978442192078
YGL187C,YHR079C,0,-9.383254,0.15667575597763062,0.9956709742546082,0.5359307527542114
YLR328W,YBR066C,0,-9.384895,0.15656909346580505,0.9956709742546082,0.5363636612892151
YLR157C,YJR132W,0,-9.393376,0.15646257996559143,0.9956709742546082,0.536796510219574
YOL115W,YBR221C,0,-9.394245,0.15635621547698975,0.9956709742546082,0.5372294187545776
YCR026C,YBR093C,0,-9.398772,0.15625,0.9956709742546082,0.5376623272895813
YEL030W,YBR095C,0,-9.399755,0.156143918633461,0.9956709742546082,0.538095235824585
YDR443C,YFR003C,0,-9.400978,0.15603798627853394,0.9956709742546082,0.5385281443595886
YNL264C,YDR379W,0,-9.406047,0.1559322029352188,0.9956709742546082,0.5389610528945923
YBR093C,YBL093C,0,-9.407987,0.15582655370235443,0.9956709742546082,0.539393961429596
YAL026C,YMR095C,0,-9.409155,0.155721053481102,0.9956709742546082,0.5398268103599548
YKL220C,YMR104C,0,-9.414184,0.1556157022714615,0.9956709742546082,0.5402597188949585
YCR002C,YDR058C,0,-9.415025,0.15551048517227173,0.9956709742546082,0.5406926274299622
YLR114C,YHL006C,0,-9.416244,0.15540540218353271,0.9956709742546082,0.5411255359649658
YDL100C,YNL139C,0,-9.41796,0.15530046820640564,0.9956709742546082,0.5415584444999695
YGR041W,YDR345C,0,-9.419215,0.1551956832408905,0.9956709742546082,0.5419913530349731
YOL028C,YDR057W,0,-9.421923,0.1550910323858261,0.9956709742546082,0.5424242615699768
YPL132W,YOR362C,0,-9.423593,0.15498651564121246,0.9956709742546082,0.5428571701049805
YLR098C,YKL045W,0,-9.427148,0.15488214790821075,0.9956709742546082,0.5432900190353394
YLR309C,YDR443C,0,-9.42858,0.15477792918682098,0.9956709742546082,0.543722927570343
YOR030W,YGL169W,0,-9.428868,0.15467384457588196,0.9956709742546082,0.5441558361053467
YDR235W,YOR095C,0,-9.428935,0.15456989407539368,0.9956709742546082,0.5445887446403503
YDR166C,YER022W,0,-9.435536,0.15446607768535614,0.9956709742546082,0.545021653175354
YGR261C,YDR087C,0,-9.440892,0.15436241030693054,0.9956709742546082,0.5454545617103577
YOR020C,YLR224W,0,-9.442237,0.15425889194011688,0.9956709742546082,0.5458874702453613
YML057W,YPL053C,0,-9.44225,0.15415549278259277,0.9956709742546082,0.5463203191757202
YIR025W,YPL130W,0,-9.446676,0.1540522426366806,0.9956709742546082,0.5467532277107239
YML105C,YHR030C,0,-9.448516,0.15394912660121918,0.9956709742546082,0.5471861362457275
YOL149W,YMR043W,0,-9.455054,0.1538461595773697,0.9956709742546082,0.5476190447807312
YMR025W,YNL281W,0,-9.45506,0.15374331176280975,0.9956709742546082,0.5480519533157349
YHR114W,YOR241W,0,-9.460544,0.15364061295986176,0.9956709742546082,0.5484848618507385
YCR038C,YGL167C,0,-9.460958,0.1535380482673645,0.9956709742546082,0.5489177703857422
YDR062W,YHR165C,0,-9.46381,0.153435617685318,0.9956709742546082,0.5493506789207458
YOR237W,YBR095C,0,-9.465479,0.15333333611488342,0.9956709742546082,0.5497835278511047
YKL032C,YOR179C,0,-9.471802,0.1532311737537384,0.9956709742546082,0.5502164363861084
YBL082C,YDR437W,0,-9.477536,0.15312916040420532,0.9956709742546082,0.5506493449211121
YGL089C,YGR181W,0,-9.4795065,0.15302728116512299,0.9956709742546082,0.5510822534561157
YDL047W,YML058W,0,-9.489375,0.1529255360364914,0.9956709742546082,0.5515151619911194
YJL170C,YPL187W,0,-9.489875,0.15282392501831055,0.9956709742546082,0.551948070526123
YJL112W,YJR073C,0,-9.490891,0.15272244811058044,0.9956709742546082,0.5523809790611267
YEL019C,YDR181C,0,-9.491231,0.1526211053133011,0.9956709742546082,0.5528138279914856
YGL032C,YNL290W,0,-9.494175,0.15251989662647247,0.9956709742546082,0.5532467365264893
YKL049C,YFR033C,0,-9.496743,0.1524188220500946,0.9956709742546082,0.5536796450614929
YDR083W,YML027W,0,-9.497169,0.15231788158416748,0.9956709742546082,0.5541125535964966
YMR083W,YOL017W,0,-9.498073,0.1522170752286911,0.9956709742546082,0.5545454621315002
YDR487C,YPR190C,0,-9.498534,0.15211640298366547,0.9956709742546082,0.5549783706665039
YBR290W,YPL192C,0,-9.500352,0.15201586484909058,0.9956709742546082,0.5554112792015076
YDR364C,YDR057W,0,-9.501792,0.15191546082496643,0.9956709742546082,0.5558441281318665
YGL180W,YHR165C,0,-9.503737,0.15181517601013184,0.9956709742546082,0.5562770366668701
YHR154W,YIL143C,0,-9.504323,0.15171504020690918,0.9956709742546082,0.5567099452018738
YDR096W,YPR024W,0,-9.506609,0.15161502361297607,0.9956709742546082,0.5571428537368774
YIL070C,YBR079C,0,-9.507579,0.1515151560306549,0.9956709742546082,0.5575757622718811
YLR238W,YLR026C,0,-9.507621,0.1514154076576233,0.9956709742546082,0.5580086708068848
YPL121C,YDR212W,0,-9.508574,0.15131579339504242,0.9956709742546082,0.5584415793418884
YDL005C,YOR106W,0,-9.514297,0.1512162983417511,0.9956709742546082,0.5588744878768921
YFR005C,YDR180W,0,-9.516158,0.15111695230007172,0.9956709742546082,0.559307336807251
YDR284C,YNL129W,0,-9.517615,0.15101772546768188,0.9956709742546082,0.5597402453422546
YPL101W,YDR322C-A,0,-9.520834,0.1509186327457428,0.9956709742546082,0.5601731538772583
YGL006W,YGR144W,0,-9.5257635,0.15081967413425446,0.9956709742546082,0.560606062412262
YIR013C,YGR248W,0,-9.5273695,0.15072083473205566,0.9956709742546082,0.5610389709472656
YPR080W,YPR036W,0,-9.532186,0.15062212944030762,0.9956709742546082,0.5614718794822693
YMR299C,YJL072C,0,-9.534604,0.15052355825901031,0.9956709742546082,0.561904788017273
YKL139W,YDL076C,0,-9.538166,0.15042512118816376,0.9956709742546082,0.5623376369476318
YKR083C,YDR040C,0,-9.539525,0.15032680332660675,0.9956709742546082,0.5627705454826355
YMR037C,YBR069C,0,-9.539547,0.1502286046743393,0.9956709742546082,0.5632034540176392
YPL053C,YCL069W,0,-9.542782,0.15013055503368378,0.9956709742546082,0.5636363625526428
YFR046C,YGR181W,0,-9.54672,0.15003260970115662,0.9956709742546082,0.5640692710876465
YML129C,YBL026W,0,-9.546828,0.1499348133802414,0.9956709742546082,0.5645021796226501
YJL006C,YNL049C,0,-9.5473585,0.14983713626861572,0.9956709742546082,0.5649350881576538
YPL187W,YJR132W,0,-9.549157,0.1497395783662796,0.9956709742546082,0.5653679370880127
YDL154W,YBR275C,0,-9.553542,0.14964215457439423,0.9956709742546082,0.5658008456230164
YEL017C-A,YER022W,0,-9.558951,0.1495448648929596,0.9956709742546082,0.56623375415802
YPL097W,YMR051C,0,-9.560307,0.14944769442081451,0.9956709742546082,0.5666666626930237
YPL082C,YLR141W,1,-9.562219,0.15000000596046448,1.0,0.5666666626930237
YJL157C,YJL124C,0,-9.563157,0.14990265667438507,1.0,0.5670995712280273
YLR383W,YKL166C,0,-9.563406,0.1498054414987564,1.0,0.567532479763031
YLR155C,YPL204W,0,-9.567356,0.1497083604335785,1.0,0.5679653882980347
YDR361C,YMR298W,0,-9.567891,0.14961139857769012,1.0,0.5683982968330383
YLR350W,YLR148W,0,-9.568061,0.1495145559310913,1.0,0.5688311457633972
YNL014W,YHR092C,0,-9.571145,0.14941784739494324,1.0,0.5692640542984009
YGL158W,YJR021C,0,-9.575663,0.1493212729692459,1.0,0.5696969628334045
YGR092W,YGR095C,0,-9.577302,0.14922480285167694,1.0,0.5701298713684082
YOR301W,YDR311W,0,-9.578629,0.14912846684455872,1.0,0.5705627799034119
YDR141C,YLR176C,0,-9.5812845,0.14903226494789124,1.0,0.5709956884384155
YBR010W,YJR055W,0,-9.583266,0.1489361673593521,1.0,0.5714285969734192
YMR065W,YJL026W,0,-9.584939,0.14884020388126373,1.0,0.5718614459037781
YMR127C,YHR178W,0,-9.585457,0.1487443596124649,1.0,0.5722943544387817
YDR163W,YPL187W,0,-9.586194,0.14864864945411682,1.0,0.5727272629737854
YNL161W,YKL203C,0,-9.586427,0.1485530585050583,1.0,0.5731601715087891
YOR032C,YPR168W,0,-9.587824,0.1484575867652893,1.0,0.5735930800437927
YGR204W,YLR242C,0,-9.589169,0.14836223423480988,1.0,0.5740259885787964
YLL042C,YBR010W,0,-9.589797,0.1482670158147812,1.0,0.5744588971138
YBR213W,YGR195W,0,-9.592132,0.14817190170288086,1.0,0.5748917460441589
YLR095C,YGR144W,0,-9.5925665,0.14807692170143127,1.0,0.5753246545791626
YBR201W,YDR449C,0,-9.592748,0.14798206090927124,1.0,0.5757575631141663
YGL223C,YER110C,0,-9.593354,0.14788731932640076,1.0,0.5761904716491699
YGL180W,YKL149C,0,-9.59556,0.14779271185398102,1.0,0.5766233801841736
YDL198C,YIR041W,0,-9.597371,0.14769820868968964,1.0,0.5770562887191772
YHR086W,YOR359W,0,-9.598383,0.147603839635849,1.0,0.5774891972541809
YJR121W,YCR028C,0,-9.598762,0.14750957489013672,1.0,0.5779221057891846
YGL153W,YCR014C,0,-9.600665,0.14741544425487518,1.0,0.5783549547195435
YPR164W,YDL201W,0,-9.601273,0.1473214328289032,1.0,0.5787878632545471
YMR163C,YPL129W,0,-9.603608,0.14722754061222076,1.0,0.5792207717895508
YIL036W,YBR198C,0,-9.609633,0.1471337527036667,1.0,0.5796536803245544
YOL115W,YIL029C,0,-9.609759,0.14704009890556335,1.0,0.5800865888595581
YGL191W,YOR275C,0,-9.611697,0.14694656431674957,1.0,0.5805194973945618
YDR311W,YOR332W,0,-9.618278,0.14685314893722534,1.0,0.5809524059295654
YMR042W,YDR323C,0,-9.618634,0.14675985276699066,1.0,0.5813852548599243
YBL084C,YDR489W,0,-9.622347,0.14666666090488434,1.0,0.581818163394928
YDL024C,YPL016W,0,-9.627901,0.14657360315322876,1.0,0.5822510719299316
YBR217W,YMR177W,0,-9.633586,0.14648066461086273,1.0,0.5826839804649353
YJL111W,YMR026C,0,-9.6336355,0.14638783037662506,1.0,0.583116888999939
YLR361C,YOR328W,0,-9.634561,0.14629513025283813,1.0,0.5835497975349426
YDR329C,YBR058C-A,0,-9.63982,0.14620253443717957,1.0,0.5839827060699463
YMR168C,YMR075W,0,-9.640653,0.14611005783081055,1.0,0.5844155550003052
YDR037W,YDR515W,0,-9.641743,0.14601770043373108,1.0,0.5848484635353088
YPR135W,YLR207W,0,-9.642936,0.14592546224594116,1.0,0.5852813720703125
YOR362C,YHR065C,0,-9.643617,0.1458333283662796,1.0,0.5857142806053162
YEL032W,YCR081W,0,-9.646169,0.1457413285970688,1.0,0.5861471891403198
YJR092W,YNR048W,0,-9.648681,0.14564943313598633,1.0,0.5865800976753235
YIL114C,YGL144C,0,-9.650631,0.14555765688419342,1.0,0.5870130062103271
YKL001C,YDL044C,0,-9.651159,0.14546599984169006,1.0,0.5874459147453308
YDR318W,YMR091C,0,-9.652297,0.14537444710731506,1.0,0.5878787636756897
YAR002C-A,YOR076C,0,-9.6540785,0.14528301358222961,1.0,0.5883116722106934
YIR010W,YDR523C,0,-9.659468,0.14519169926643372,1.0,0.588744580745697
YMR213W,YMR273C,0,-9.660117,0.14510050415992737,1.0,0.5891774892807007
YML078W,YOL080C,0,-9.660483,0.14500941336154938,1.0,0.5896103978157043
YMR052W,YPL096W,0,-9.662494,0.14491844177246094,1.0,0.590043306350708
YBR048W,YJL139C,0,-9.6627865,0.14482758939266205,1.0,0.5904762148857117
YIR004W,YDL130W-A,0,-9.663434,0.14473684132099152,1.0,0.5909090638160706
YBL009W,YIL066C,0,-9.664672,0.14464621245861053,1.0,0.5913419723510742
YJR083C,YGL098W,0,-9.66508,0.1445556879043579,1.0,0.5917748808860779
YHR034C,YDR419W,0,-9.666198,0.14446529746055603,1.0,0.5922077894210815
YCR033W,YKL126W,0,-9.668823,0.1443749964237213,1.0,0.5926406979560852
YEL069C,YOL135C,0,-9.669644,0.14428481459617615,1.0,0.5930736064910889
YJL024C,YLR010C,0,-9.669758,0.14419475197792053,1.0,0.5935065150260925
YDL017W,YNL072W,0,-9.67349,0.14410480856895447,1.0,0.5939394235610962
YDR160W,YMR156C,0,-9.67646,0.14401496946811676,1.0,0.5943722724914551
YDL137W,YGL070C,0,-9.677143,0.1439252346754074,1.0,0.5948051810264587
YJL020C,YNL250W,0,-9.682106,0.1438356190919876,1.0,0.5952380895614624
YHR030C,YLR147C,0,-9.685771,0.14374610781669617,1.0,0.5956709980964661
YEL056W,YLL011W,0,-9.68832,0.14365671575069427,1.0,0.5961039066314697
YNR049C,YPR065W,0,-9.688566,0.14356742799282074,1.0,0.5965368151664734
YJL063C,YIL048W,0,-9.689824,0.14347825944423676,1.0,0.596969723701477
YEL037C,YDR011W,0,-9.695304,0.14338919520378113,1.0,0.5974025726318359
YMR303C,YKL143W,0,-9.695839,0.14330025017261505,1.0,0.5978354811668396
YOR074C,YGL240W,0,-9.695863,0.14321140944957733,1.0,0.5982683897018433
YDR140W,YCL017C,0,-9.696731,0.14312267303466797,1.0,0.5987012982368469
YOR123C,YHR039C,0,-9.697236,0.14303405582904816,1.0,0.5991342067718506
YLR431C,YGL211W,0,-9.700651,0.1429455429315567,1.0,0.5995671153068542
YGL187C,YCL008C,0,-9.700976,0.1428571492433548,1.0,0.6000000238418579
YKL165C,YLR148W,0,-9.701661,0.14276884496212006,1.0,0.6004328727722168
YEL009C,YML058W-A,0,-9.7050295,0.14268065989017487,1.0,0.6008657813072205
YDR377W,YKL045W,0,-9.705621,0.14259259402751923,1.0,0.6012986898422241
YJR153W,YLR383W,0,-9.706992,0.14250463247299194,1.0,0.6017315983772278
YOR298C-A,YPL234C,0,-9.709498,0.14241677522659302,1.0,0.6021645069122314
YOR388C,YJL108C,0,-9.710477,0.14232902228832245,1.0,0.6025974154472351
YGR180C,YNL138W,0,-9.711709,0.14224137365818024,1.0,0.6030303239822388
YHR124W,YDR137W,0,-9.715654,0.14215384423732758,1.0,0.6034632325172424
YPL132W,YOR185C,0,-9.717079,0.14206641912460327,1.0,0.6038960814476013
YML067C,YAL024C,0,-9.719924,0.14197909832000732,1.0,0.604328989982605
YPL248C,YAL001C,0,-9.720853,0.14189189672470093,1.0,0.6047618985176086
YDR318W,YIR012W,0,-9.723649,0.1418047845363617,1.0,0.6051948070526123
YJL053W,YNL213C,0,-9.724086,0.141717791557312,1.0,0.605627715587616
YDL227C,YGR005C,0,-9.73135,0.14163090288639069,1.0,0.6060606241226196
YKL176C,YFR051C,0,-9.736308,0.14154411852359772,1.0,0.6064935326576233
YDL017W,YNL129W,0,-9.73861,0.1414574384689331,1.0,0.6069263815879822
YDR499W,YIR041W,0,-9.738717,0.14137086272239685,1.0,0.6073592901229858
YER030W,YCR008W,0,-9.741544,0.14128440618515015,1.0,0.6077921986579895
YFL014W,YBR228W,0,-9.74473,0.1411980390548706,1.0,0.6082251071929932
YOR386W,YOR305W,0,-9.745085,0.14111179113388062,1.0,0.6086580157279968
YJR150C,YGR238C,0,-9.74521,0.14102564752101898,1.0,0.6090909242630005
YLR303W,YOR194C,0,-9.748572,0.1409395933151245,1.0,0.6095238327980042
YMR225C,YML021C,0,-9.74974,0.1408536583185196,1.0,0.609956681728363
YBR026C,YGR256W,0,-9.752345,0.14076782763004303,1.0,0.6103895902633667
YOR231W,YPR102C,0,-9.753077,0.14068210124969482,1.0,0.6108224987983704
YOL051W,YER028C,0,-9.754592,0.14059646427631378,1.0,0.611255407333374
YNR032C-A,YDR419W,0,-9.756959,0.1405109465122223,1.0,0.6116883158683777
YPL249C,YJL029C,0,-9.757468,0.14042553305625916,1.0,0.6121212244033813
YJR065C,YJL140W,0,-9.757659,0.14034022390842438,1.0,0.612554132938385
YPR200C,YHR172W,0,-9.760803,0.14025500416755676,1.0,0.6129870414733887
YDR421W,YBL041W,0,-9.761158,0.1401699036359787,1.0,0.6134198904037476
YGL247W,YOL133W,0,-9.762128,0.1400848925113678,1.0,0.6138527989387512
YEL069C,YGL244W,0,-9.7648,0.14000000059604645,1.0,0.6142857074737549
YNL334C,YCR060W,0,-9.76558,0.13991519808769226,1.0,0.6147186160087585
YPL016W,YLR193C,0,-9.767151,0.13983051478862762,1.0,0.6151515245437622
YOR136W,YMR100W,0,-9.7682905,0.13974592089653015,1.0,0.6155844330787659
YAR014C,YGR010W,0,-9.770252,0.13966143131256104,1.0,0.6160173416137695
YPL059W,YKL120W,0,-9.778573,0.13957704603672028,1.0,0.6164501905441284
YHR115C,YEL018W,0,-9.783492,0.13949275016784668,1.0,0.6168830990791321
YPL268W,YER012W,0,-9.785104,0.13940857350826263,1.0,0.6173160076141357
YNL111C,YPL011C,0,-9.7878275,0.13932448625564575,1.0,0.6177489161491394
YAL026C,YLR256W,0,-9.791391,0.13924050331115723,1.0,0.6181818246841431
YOR257W,YMR140W,0,-9.791463,0.13915662467479706,1.0,0.6186147332191467
YGL021W,YJR033C,0,-9.795306,0.13907285034656525,1.0,0.6190476417541504
YNR016C,YBR131W,0,-9.795784,0.1389891654253006,1.0,0.6194804906845093
YIL112W,YKL034W,0,-9.796188,0.1389055997133255,1.0,0.6199133992195129
YGL168W,YIR018W,0,-9.796319,0.13882210850715637,1.0,0.6203463077545166
YGL094C,YPR137W,0,-9.796546,0.1387387365102768,1.0,0.6207792162895203
YJL124C,YLR039C,0,-9.798525,0.13865546882152557,1.0,0.6212121248245239
YJR053W,YAL051W,0,-9.800905,0.13857229053974152,1.0,0.6216450333595276
YDR397C,YOR353C,0,-9.800961,0.13848920166492462,1.0,0.6220779418945312
YPR131C,YDR142C,0,-9.806691,0.13840623199939728,1.0,0.6225108504295349
YNL214W,YLR452C,0,-9.808594,0.1383233517408371,1.0,0.6229436993598938
YKL114C,YGR199W,0,-9.810439,0.13824057579040527,1.0,0.6233766078948975
YDR283C,YDR464W,0,-9.810522,0.1381578892469406,1.0,0.6238095164299011
YLR320W,YML069W,0,-9.811544,0.1380753070116043,1.0,0.6242424249649048
YOR266W,YOL146W,0,-9.81339,0.13799282908439636,1.0,0.6246753334999084
YOL066C,YGL011C,0,-9.821314,0.13791044056415558,1.0,0.6251082420349121
YMR128W,YDR306C,0,-9.824141,0.13782815635204315,1.0,0.6255411505699158
YER029C,YBR105C,0,-9.8248205,0.13774597644805908,1.0,0.6259739995002747
YBL085W,YGR267C,0,-9.825415,0.13766388595104218,1.0,0.6264069080352783
YML078W,YOR322C,0,-9.826442,0.13758189976215363,1.0,0.626839816570282
YDL197C,YNL279W,0,-9.8350935,0.13750000298023224,1.0,0.6272727251052856
YHR164C,YPL221W,0,-9.83895,0.1374182105064392,1.0,0.6277056336402893
YJL108C,YBR162C,0,-9.838995,0.13733650743961334,1.0,0.628138542175293
YGR097W,YLR026C,0,-9.839356,0.13725490868091583,1.0,0.6285714507102966
YPL194W,YML049C,0,-9.849414,0.13717339932918549,1.0,0.6290042996406555
YAR031W,YPR086W,0,-9.850691,0.1370919942855835,1.0,0.6294372081756592
YMR237W,YOR213C,0,-9.85138,0.13701067864894867,1.0,0.6298701167106628
YNL219C,YCL024W,0,-9.852172,0.1369294673204422,1.0,0.6303030252456665
YIR010W,YIL056W,0,-9.85405,0.1368483453989029,1.0,0.6307359337806702
YDR060W,YMR210W,0,-9.854114,0.13676731288433075,1.0,0.6311688423156738
YPL135W,YDR456W,0,-9.854306,0.13668638467788696,1.0,0.6316017508506775
YDR421W,YCL016C,0,-9.858403,0.13660556077957153,1.0,0.6320346593856812
YGR133W,YPL010W,0,-9.859061,0.13652482628822327,1.0,0.63246750831604
YOR249C,YML129C,0,-9.859289,0.13644418120384216,1.0,0.6329004168510437
YDR148C,YBR077C,0,-9.859744,0.13636364042758942,1.0,0.6333333253860474
YGL201C,YKL038W,0,-9.860194,0.13628318905830383,1.0,0.633766233921051
YKL001C,YMR177W,0,-9.862982,0.1362028270959854,1.0,0.6341991424560547
YHR079C,YKR050W,0,-9.86453,0.13612256944179535,1.0,0.6346320509910583
YKL054C,YJL094C,0,-9.869489,0.13604240119457245,1.0,0.635064959526062
YBR179C,YHR075C,0,-9.870067,0.1359623372554779,1.0,0.6354978084564209
YHR116W,YOR355W,0,-9.871053,0.13588234782218933,1.0,0.6359307169914246
YJR073C,YGR181W,0,-9.871708,0.1358024626970291,1.0,0.6363636255264282
YBR083W,YGL255W,0,-9.872158,0.13572268187999725,1.0,0.6367965340614319
YOR030W,YPL274W,0,-9.87298,0.13564297556877136,1.0,0.6372294425964355
YIL155C,YAL010C,0,-9.875878,0.13556337356567383,1.0,0.6376623511314392
YBR193C,YER019C-A,0,-9.8824415,0.13548387587070465,1.0,0.6380952596664429
YLR170C,YNR075W,0,-9.883455,0.13540445268154144,1.0,0.6385281682014465
YFL059W,YJL029C,0,-9.886451,0.1353251338005066,1.0,0.6389610171318054
YHR171W,YGR056W,0,-9.888384,0.1352459043264389,1.0,0.6393939256668091
YKL182W,YHR088W,0,-9.889234,0.13516676425933838,1.0,0.6398268342018127
YJR055W,YPR074C,0,-9.891383,0.13508771359920502,1.0,0.6402597427368164
YOR304W,YPL022W,0,-9.893437,0.1350087672472,1.0,0.6406926512718201
YJL026W,YIL022W,0,-9.894668,0.13492991030216217,1.0,0.6411255598068237
YGL194C,YMR214W,0,-9.895852,0.1348511427640915,1.0,0.6415584683418274
YGR092W,YDR495C,0,-9.898904,0.13477246463298798,1.0,0.6419913172721863
YKL206C,YBR168W,0,-9.898975,0.13469387590885162,1.0,0.6424242258071899
YPL116W,YCL043C,0,-9.899352,0.13461539149284363,1.0,0.6428571343421936
YDR168W,YDR322C-A,0,-9.900381,0.1345369815826416,1.0,0.6432900428771973
YLR242C,YPR164W,0,-9.902644,0.13445867598056793,1.0,0.6437229514122009
YPL200W,YLR369W,0,-9.903918,0.13438045978546143,1.0,0.6441558599472046
YOR351C,YEL019C,0,-9.90459,0.13430233299732208,1.0,0.6445887684822083
YJL201W,YOR327C,0,-9.908826,0.1342242956161499,1.0,0.6450216174125671
YBR221C,YLR313C,0,-9.909827,0.13414634764194489,1.0,0.6454545259475708
YEL009C,YIR017C,0,-9.913824,0.13406848907470703,1.0,0.6458874344825745
YAL010C,YPR024W,0,-9.914856,0.13399071991443634,1.0,0.6463203430175781
YDL045C,YOL026C,0,-9.915378,0.1339130401611328,1.0,0.6467532515525818
YBR145W,YKL170W,0,-9.921706,0.13383546471595764,1.0,0.6471861600875854
YJR089W,YKR053C,0,-9.922267,0.13375796377658844,1.0,0.6476190686225891
YHR204W,YGR010W,0,-9.924577,0.1336805522441864,1.0,0.6480519771575928
YHR086W,YGL093W,0,-9.924612,0.13360324501991272,1.0,0.6484848260879517
YLR305C,YOL028C,0,-9.927151,0.133526012301445,1.0,0.6489177346229553
YJL019W,YJL089W,0,-9.929778,0.13344886898994446,1.0,0.649350643157959
YML081C-A,YKR050W,0,-9.929849,0.13337182998657227,1.0,0.6497835516929626
YHL038C,YPR154W,0,-9.9334,0.13329486548900604,1.0,0.6502164602279663
YEL071W,YML104C,0,-9.93513,0.13321799039840698,1.0,0.65064936876297
YBL080C,YCR020C,0,-9.935166,0.13314120471477509,1.0,0.6510822772979736
YPR042C,YNL216W,0,-9.935279,0.13306452333927155,1.0,0.6515151262283325
YPR179C,YGR289C,0,-9.936229,0.13298791646957397,1.0,0.6519480347633362
YNL250W,YGR245C,0,-9.938225,0.13291139900684357,1.0,0.6523809432983398
YBR236C,YDL227C,0,-9.941406,0.13283495604991913,1.0,0.6528138518333435
YMR026C,YDR407C,0,-9.945903,0.13275861740112305,1.0,0.6532467603683472
YOR362C,YOL148C,0,-9.947324,0.13268236815929413,1.0,0.6536796689033508
YML008C,YLR320W,0,-9.949784,0.13260619342327118,1.0,0.6541125774383545
YNL210W,YBL035C,0,-9.9526615,0.1325301229953766,1.0,0.6545454263687134
YER116C,YBL106C,0,-9.954604,0.13245412707328796,1.0,0.654978334903717
YLL021W,YKL175W,0,-9.956172,0.1323782205581665,1.0,0.6554112434387207
YOL016C,YGR024C,0,-9.959811,0.1323024034500122,1.0,0.6558441519737244
YBR236C,YBR216C,0,-9.965943,0.13222667574882507,1.0,0.656277060508728
YFL029C,YGR033C,0,-9.972428,0.1321510225534439,1.0,0.6567099690437317
YMR145C,YGL049C,0,-9.977134,0.1320754736661911,1.0,0.6571428775787354
YFR036W,YCR061W,0,-9.978582,0.13199999928474426,1.0,0.657575786113739
YKR027W,YPR154W,0,-9.9799,0.1319246143102646,1.0,0.6580086350440979
YER177W,YER168C,0,-9.980325,0.13184931874275208,1.0,0.6584415435791016
YER020W,YOL109W,0,-9.980507,0.13177409768104553,1.0,0.6588744521141052
YOR249C,YAL011W,0,-9.981851,0.13169898092746735,1.0,0.6593073606491089
YLL035W,YNL014W,0,-9.984012,0.13162393867969513,1.0,0.6597402691841125
YML078W,YHR023W,0,-9.989831,0.13154897093772888,1.0,0.6601731777191162
YNL127W,YNL264C,0,-9.989947,0.131474107503891,1.0,0.6606060862541199
YER174C,YHR139C,0,-9.990479,0.13139931857585907,1.0,0.6610389351844788
YMR055C,YNL145W,0,-9.992428,0.1313246190547943,1.0,0.6614718437194824
YAL044C,YML128C,0,-9.997299,0.13124999403953552,1.0,0.6619047522544861
YDR191W,YLR116W,0,-10.002993,0.1311754733324051,1.0,0.6623376607894897
YOR237W,YDR329C,0,-10.003804,0.13110102713108063,1.0,0.6627705693244934
YDR182W,YMR239C,0,-10.0097475,0.13102665543556213,1.0,0.6632034778594971
YGR261C,YOR373W,0,-10.00997,0.130952388048172,1.0,0.6636363863945007
YGL209W,YDR369C,0,-10.012607,0.13087818026542664,1.0,0.6640692353248596
YLR274W,YJL167W,0,-10.012836,0.13080407679080963,1.0,0.6645021438598633
YOR159C,YML034W,0,-10.012909,0.1307300478219986,1.0,0.6649350523948669
YPR046W,YOL009C,0,-10.013165,0.13065610826015472,1.0,0.6653679609298706
YJL003W,YER143W,0,-10.013236,0.13058224320411682,1.0,0.6658008694648743
YDR524C,YMR053C,0,-10.015651,0.13050846755504608,1.0,0.6662337779998779
YDR106W,YDR284C,0,-10.017667,0.1304347813129425,1.0,0.6666666865348816
YDL198C,YJR153W,0,-10.021283,0.1303611695766449,1.0,0.6670995950698853
YIR005W,YDR297W,0,-10.031456,0.13028764724731445,1.0,0.6675324440002441
YCR028C,YKR053C,0,-10.031478,0.13021419942378998,1.0,0.6679653525352478
YIL044C,YER001W,0,-10.033661,0.13014084100723267,1.0,0.6683982610702515
YAL041W,YOR117W,0,-10.035785,0.13006757199764252,1.0,0.6688311696052551
YPL268W,YPR024W,0,-10.037434,0.12999437749385834,1.0,0.6692640781402588
YPR025C,YPR016C,0,-10.038751,0.12992125749588013,1.0,0.6696969866752625
YML086C,YDR096W,0,-10.04116,0.12984822690486908,1.0,0.6701298952102661
YMR182C,YDR180W,0,-10.042998,0.1297752857208252,1.0,0.670562744140625
YGR007W,YJL164C,0,-10.043281,0.12970241904258728,1.0,0.6709956526756287
YEL024W,YML034W,0,-10.044573,0.12962962687015533,1.0,0.6714285612106323
YPL132W,YNR034W,0,-10.045571,0.12955692410469055,1.0,0.671861469745636
YKR054C,YMR273C,0,-10.049233,0.12948431074619293,1.0,0.6722943782806396
YNL148C,YDR395W,0,-10.049346,0.12941177189350128,1.0,0.6727272868156433
YPL061W,YDR054C,0,-10.049663,0.1293393075466156,1.0,0.673160195350647
YPR023C,YJR074W,0,-10.0503025,0.12926693260669708,1.0,0.6735930442810059
YLR148W,YKR057W,0,-10.052613,0.12919463217258453,1.0,0.6740259528160095
YJL026W,YDR240C,0,-10.054915,0.12912242114543915,1.0,0.6744588613510132
YLR210W,YDR345C,0,-10.055069,0.12905028462409973,1.0,0.6748917698860168
YJL085W,YJL108C,0,-10.064317,0.12897822260856628,1.0,0.6753246784210205
YNL294C,YML109W,0,-10.067891,0.12890625,1.0,0.6757575869560242
YDR397C,YPR054W,0,-10.072562,0.12883435189723969,1.0,0.6761904954910278
YER083C,YOR347C,0,-10.072675,0.12876254320144653,1.0,0.6766234040260315
YGL174W,YDL230W,0,-10.076075,0.12869080901145935,1.0,0.6770562529563904
YAL042W,YGR267C,0,-10.076411,0.12861914932727814,1.0,0.677489161491394
YNR017W,YOL031C,0,-10.077199,0.1285475790500641,1.0,0.6779220700263977
YIR013C,YMR200W,0,-10.077251,0.128476083278656,1.0,0.6783549785614014
YMR055C,YOR148C,0,-10.088219,0.1284046620130539,1.0,0.678787887096405
YKL108W,YLR385C,0,-10.088536,0.12833333015441895,1.0,0.6792207956314087
YAR014C,YML058W-A,0,-10.088781,0.12826207280158997,1.0,0.6796537041664124
YCR075C,YGR197C,0,-10.089025,0.12819090485572815,1.0,0.6800865530967712
YNL274C,YDR076W,0,-10.089296,0.1281197965145111,1.0,0.6805194616317749
YCR010C,YIL149C,0,-10.089981,0.12804877758026123,1.0,0.6809523701667786
YNR072W,YML023C,0,-10.090449,0.12797783315181732,1.0,0.6813852787017822
YLR238W,YAL031C,0,-10.095099,0.12790697813034058,1.0,0.6818181872367859
YOR275C,YML027W,0,-10.095834,0.1278361976146698,1.0,0.6822510957717896
YKR022C,YER095W,0,-10.095845,0.127765491604805,1.0,0.6826840043067932
YIL036W,YNL049C,0,-10.097831,0.12769486010074615,1.0,0.6831169128417969
YFL048C,YDL120W,0,-10.098758,0.1276243031024933,1.0,0.6835497617721558
YMR267W,YMR149W,0,-10.101142,0.12755383551120758,1.0,0.6839826703071594
YDR208W,YMR273C,0,-10.104428,0.12748344242572784,1.0,0.6844155788421631
YML048W,YJR022W,0,-10.107617,0.12741312384605408,1.0,0.6848484873771667
YDR216W,YPL120W,0,-10.109132,0.12734289467334747,1.0,0.6852813959121704
YDR201W,YMR087W,0,-10.109202,0.12727272510528564,1.0,0.6857143044471741
YNR057C,YJL112W,0,-10.110381,0.12720264494419098,1.0,0.6861472129821777
YNL135C,YIR019C,0,-10.115884,0.12713263928890228,1.0,0.6865800619125366
YNL225C,YMR101C,0,-10.116717,0.12706270813941956,1.0,0.6870129704475403
YOL082W,YFR048W,0,-10.117696,0.1269928514957428,1.0,0.687445878982544
YJL085W,YDR379W,0,-10.118677,0.1269230842590332,1.0,0.6878787875175476
YJL196C,YLR368W,0,-10.119611,0.12685337662696838,1.0,0.6883116960525513
YER179W,YBR095C,0,-10.133145,0.12678375840187073,1.0,0.6887446045875549
YIL033C,YKL152C,0,-10.142132,0.12671421468257904,1.0,0.6891775131225586
YJR083C,YGL092W,0,-10.1441765,0.12664473056793213,1.0,0.6896103620529175
YPL200W,YLL001W,0,-10.146609,0.12657533586025238,1.0,0.6900432705879211
YKL149C,YHR031C,0,-10.147309,0.1265060305595398,1.0,0.6904761791229248
YEL018W,YGR171C,0,-10.147752,0.12643678486347198,1.0,0.6909090876579285
YGL178W,YNL264C,0,-10.149756,0.12636761367321014,1.0,0.6913419961929321
YKL149C,YER044C,0,-10.149893,0.12629851698875427,1.0,0.6917749047279358
YGL071W,YLR316C,0,-10.152385,0.12622950971126556,1.0,0.6922078132629395
YBL009W,YDR106W,0,-10.155816,0.12616056203842163,1.0,0.6926407217979431
YFR021W,YDL076C,0,-10.156176,0.12609170377254486,1.0,0.693073570728302
YDR385W,YLR424W,0,-10.158341,0.12602292001247406,1.0,0.6935064792633057
YLR186W,YOL067C,0,-10.159858,0.12595419585704803,1.0,0.6939393877983093
YMR072W,YNL116W,0,-10.16141,0.12588556110858917,1.0,0.694372296333313
YJL062W,YLR262C,0,-10.162655,0.12581700086593628,1.0,0.6948052048683167
YLR355C,YDR166C,0,-10.162835,0.12574850022792816,1.0,0.6952381134033203
YDR437W,YGR116W,0,-10.16343,0.1256800889968872,1.0,0.695671021938324
YDR046C,YGL181W,0,-10.166635,0.12561175227165222,1.0,0.6961038708686829
YNL006W,YMR080C,0,-10.16846,0.125543475151062,1.0,0.6965367794036865
YLR103C,YLR090W,0,-10.169572,0.12547528743743896,1.0,0.6969696879386902
YKL007W,YMR149W,0,-10.17258,0.1254071593284607,1.0,0.6974025964736938
YER116C,YOR270C,0,-10.175598,0.12533912062644958,1.0,0.6978355050086975
YAL022C,YJR050W,0,-10.177559,0.12527115643024445,1.0,0.6982684135437012
YAL020C,YKL165C,0,-10.178278,0.12520325183868408,1.0,0.6987013220787048
YLR170C,YNL074C,0,-10.17947,0.1251354217529297,1.0,0.6991341710090637
YJR155W,YDR297W,0,-10.1801,0.12506768107414246,1.0,0.6995670795440674
YML051W,YOL045W,0,-10.180832,0.125,1.0,0.699999988079071
YNL110C,YBR284W,0,-10.1891365,0.12493239343166351,1.0,0.7004328966140747
YFR028C,YDL044C,0,-10.190304,0.124864861369133,1.0,0.7008658051490784
YOR150W,YMR285C,0,-10.190892,0.12479740381240845,1.0,0.701298713684082
YGL207W,YCR018C,0,-10.191169,0.12473002076148987,1.0,0.7017316222190857
YPL018W,YGR264C,0,-10.191398,0.12466271221637726,1.0,0.7021645307540894
YBL105C,YML109W,0,-10.191484,0.12459547072649002,1.0,0.7025973796844482
YPL051W,YLL019C,0,-10.192433,0.12452830374240875,1.0,0.7030302882194519
YGR142W,YJL164C,0,-10.192952,0.12446120381355286,1.0,0.7034631967544556
YDR317W,YOL091W,0,-10.19593,0.12439418584108353,1.0,0.7038961052894592
YNL111C,YGL011C,0,-10.196915,0.12432723492383957,1.0,0.7043290138244629
YGR231C,YGR180C,0,-10.199343,0.12426035851240158,1.0,0.7047619223594666
YJR055W,YLR026C,0,-10.201616,0.12419354915618896,1.0,0.7051948308944702
YBR132C,YJR013W,0,-10.203793,0.12412681430578232,1.0,0.7056276798248291
YPL061W,YGL168W,0,-10.206973,0.12406015396118164,1.0,0.7060605883598328
YIL061C,YLR417W,0,-10.210396,0.12399356067180634,1.0,0.7064934968948364
YBR129C,YKR097W,0,-10.211483,0.123927041888237,1.0,0.7069264054298401
YJL085W,YBR169C,0,-10.214942,0.12386059015989304,1.0,0.7073593139648438
YLR223C,YLR134W,0,-10.219142,0.12379421293735504,1.0,0.7077922224998474
YNR034W,YKR089C,0,-10.220724,0.12372790277004242,1.0,0.7082251310348511
YBR247C,YHR079C-A,0,-10.223321,0.12366166710853577,1.0,0.70865797996521
YNR072W,YKR081C,0,-10.224147,0.12359550595283508,1.0,0.7090908885002136
YMR001C,YIL017C,0,-10.227781,0.12352941185235977,1.0,0.7095237970352173
YJR001W,YCL026C-A,0,-10.231298,0.12346339225769043,1.0,0.709956705570221
YOL146W,YNL026W,0,-10.231943,0.12339743226766586,1.0,0.7103896141052246
YOR304W,YGL011C,0,-10.232839,0.12333155423402786,1.0,0.7108225226402283
YMR296C,YHR027C,0,-10.232902,0.12326574325561523,1.0,0.7112554311752319
YGL066W,YGL169W,0,-10.234988,0.12319999933242798,1.0,0.7116883397102356
YML055W,YLR396C,0,-10.240145,0.12313432991504669,1.0,0.7121211886405945
YHR039C,YAL051W,0,-10.245732,0.12306872755289078,1.0,0.7125540971755981
YDR423C,YMR137C,0,-10.247273,0.12300319224596024,1.0,0.7129870057106018
YMR219W,YML085C,0,-10.253585,0.12293773144483566,1.0,0.7134199142456055
YPL274W,YML055W,0,-10.258065,0.12287233769893646,1.0,0.7138528227806091
YHR055C,YDR331W,0,-10.258397,0.12280701845884323,1.0,0.7142857313156128
YBR038W,YHR079C-A,0,-10.259539,0.12274176627397537,1.0,0.7147186398506165
YKR097W,YOR116C,0,-10.263972,0.12267658114433289,1.0,0.7151514887809753
YHR039C,YHR138C,0,-10.264599,0.12261146306991577,1.0,0.715584397315979
YJL102W,YHL025W,0,-10.268612,0.12254641950130463,1.0,0.7160173058509827
YKL002W,YKL134C,0,-10.270951,0.12248144298791885,1.0,0.7164502143859863
YOL051W,YGR072W,0,-10.272722,0.12241653352975845,1.0,0.71688312292099
YPR023C,YPR031W,0,-10.2755375,0.12235169857740402,1.0,0.7173160314559937
YDR377W,YDR191W,0,-10.282391,0.12228692322969437,1.0,0.7177489399909973
YMR264W,YHR139C,0,-10.287341,0.12222222238779068,1.0,0.7181817889213562
YDL081C,YMR273C,0,-10.288404,0.12215758860111237,1.0,0.7186146974563599
YBR109C,YBR260C,0,-10.288759,0.12209302186965942,1.0,0.7190476059913635
YNL245C,YGR256W,0,-10.290581,0.12202852964401245,1.0,0.7194805145263672
YOR178C,YDR486C,0,-10.292296,0.12196409702301025,1.0,0.7199134230613708
YFL050C,YDR083W,0,-10.29807,0.12189973890781403,1.0,0.7203463315963745
YLR433C,YFL013C,0,-10.298905,0.12183544039726257,1.0,0.7207792401313782
YAL054C,YKL201C,0,-10.299002,0.12177121639251709,1.0,0.7212121486663818
YOL011W,YLR045C,0,-10.300032,0.12170705944299698,1.0,0.7216449975967407
YJR065C,YDL040C,0,-10.301617,0.12164296954870224,1.0,0.7220779061317444
YLL031C,YIL061C,0,-10.301656,0.12157894670963287,1.0,0.722510814666748
YDL105W,YML058W,0,-10.301932,0.12151499092578888,1.0,0.7229437232017517
YJR092W,YPR167C,0,-10.30306,0.12145110219717026,1.0,0.7233766317367554
YAL056W,YGL073W,0,-10.309625,0.12138728052377701,1.0,0.723809540271759
YBR161W,YHR150W,0,-10.310102,0.12132352590560913,1.0,0.7242424488067627
YNL159C,YFR040W,0,-10.310775,0.12125984579324722,1.0,0.7246752977371216
YPL149W,YDR377W,0,-10.317764,0.12119622528553009,1.0,0.7251082062721252
YGL093W,YPL019C,0,-10.319434,0.12113267183303833,1.0,0.7255411148071289
YHL038C,YLR361C,0,-10.320586,0.12106918543577194,1.0,0.7259740233421326
YBR065C,YLL004W,0,-10.327208,0.12100575864315033,1.0,0.7264069318771362
YLR117C,YDR179C,0,-10.3317375,0.12094240635633469,1.0,0.7268398404121399
YLR361C,YCR053W,0,-10.334939,0.12087912112474442,1.0,0.7272727489471436
YMR172W,YNL167C,0,-10.337054,0.12081590294837952,1.0,0.7277056574821472
YBR286W,YPL253C,0,-10.338584,0.1207527443766594,1.0,0.7281385064125061
YPL200W,YHR102W,0,-10.340645,0.12068965286016464,1.0,0.7285714149475098
YJL094C,YFR003C,0,-10.341384,0.12062662839889526,1.0,0.7290043234825134
YLR254C,YDR201W,0,-10.3447275,0.12056367099285126,1.0,0.7294372320175171
YAL024C,YBR218C,0,-10.3447485,0.12050078064203262,1.0,0.7298701405525208
YPL126W,YLR090W,0,-10.345169,0.12043795734643936,1.0,0.7303030490875244
YMR281W,YNL250W,0,-10.345344,0.12037519365549088,1.0,0.7307359576225281
YDL220C,YKR035W-A,0,-10.35112,0.12031249701976776,1.0,0.731168806552887
YMR055C,YOL091W,0,-10.3620825,0.12024986743927002,1.0,0.7316017150878906
YJL100W,YOL148C,0,-10.374371,0.12018730491399765,1.0,0.7320346236228943
YCL051W,YPL029W,0,-10.375641,0.12012480199337006,1.0,0.732467532157898
YMR311C,YPL268W,0,-10.382188,0.12006237357854843,1.0,0.7329004406929016
YLR210W,YKL152C,0,-10.382384,0.11999999731779099,1.0,0.7333333492279053
YER030W,YOR127W,0,-10.382541,0.11993769556283951,1.0,0.7337662577629089
YBR023C,YDL076C,0,-10.386041,0.1198754534125328,1.0,0.7341991066932678
YGR036C,YNL173C,0,-10.397968,0.11981327831745148,1.0,0.7346320152282715
YDR281C,YMR227C,0,-10.400687,0.11975116282701492,1.0,0.7350649237632751
YAL056W,YBR153W,0,-10.402627,0.11968912184238434,1.0,0.7354978322982788
YDL051W,YBR080C,0,-10.402749,0.11962713301181793,1.0,0.7359307408332825
YNL149C,YIL031W,0,-10.402982,0.1195652186870575,1.0,0.7363636493682861
YBR243C,YDL159W,0,-10.403785,0.11950336396694183,1.0,0.7367965579032898
YDL117W,YNL218W,0,-10.410714,0.11944156885147095,1.0,0.7372294664382935
YJR017C,YKL006C-A,0,-10.412465,0.11937984824180603,1.0,0.7376623153686523
YLR309C,YLL012W,0,-10.4125395,0.11931817978620529,1.0,0.738095223903656
YNL325C,YDR503C,0,-10.413362,0.11925658583641052,1.0,0.7385281324386597
YHR068W,YGL090W,0,-10.413397,0.11919504404067993,1.0,0.7389610409736633
YPL133C,YNL126W,0,-10.413547,0.11913357675075531,1.0,0.739393949508667
YOL095C,YER103W,0,-10.413703,0.11907216161489487,1.0,0.7398268580436707
YML062C,YDR246W,0,-10.414285,0.1190108209848404,1.0,0.7402597665786743
YNR030W,YBL090W,0,-10.416619,0.1189495399594307,1.0,0.7406926155090332
YER008C,YER103W,0,-10.425158,0.11888831853866577,1.0,0.7411255240440369
YPL194W,YPL086C,0,-10.426385,0.11882716417312622,1.0,0.7415584325790405
YAR002C-A,YJR156C,0,-10.428655,0.11876606941223145,1.0,0.7419913411140442
YKL201C,YNL088W,0,-10.429772,0.11870503425598145,1.0,0.7424242496490479
YGR135W,YHR205W,0,-10.429971,0.11864406615495682,1.0,0.7428571581840515
YNR033W,YKL022C,0,-10.430892,0.11858316510915756,1.0,0.7432900667190552
YHL047C,YPL232W,0,-10.431699,0.11852231621742249,1.0,0.7437229156494141
YKL114C,YNL101W,0,-10.433328,0.11846154183149338,1.0,0.7441558241844177
YOR011W,YDL064W,0,-10.447986,0.11840081959962845,1.0,0.7445887327194214
YOR027W,YIL008W,0,-10.450244,0.11834016442298889,1.0,0.745021641254425
YDR423C,YGL187C,0,-10.452424,0.11827956885099411,1.0,0.7454545497894287
YLR207W,YGL124C,0,-10.452788,0.1182190403342247,1.0,0.7458874583244324
YLL043W,YDL046W,0,-10.45419,0.11815857142210007,1.0,0.746320366859436
YDR060W,YDR235W,0,-10.454445,0.11809816211462021,1.0,0.7467532753944397
YLR381W,YGR254W,0,-10.454703,0.11803781241178513,1.0,0.7471861243247986
YCL025C,YPL129W,0,-10.457337,0.11797752976417542,1.0,0.7476190328598022
YGL216W,YLR424W,0,-10.458453,0.11791730672121048,1.0,0.7480519413948059
YGR163W,YPR024W,0,-10.459069,0.11785714328289032,1.0,0.7484848499298096
YBL002W,YER104W,0,-10.463897,0.11779703944921494,1.0,0.7489177584648132
YDL044C,YLR119W,0,-10.466166,0.11773700267076492,1.0,0.7493506669998169
YDL130W-A,YLR130C,0,-10.466833,0.11767702549695969,1.0,0.7497835755348206
YOL100W,YML115C,0,-10.467686,0.11761710792779922,1.0,0.7502164244651794
YML042W,YOR368W,0,-10.470613,0.11755724996328354,1.0,0.7506493330001831
YLR023C,YDR318W,0,-10.471078,0.11749745905399323,1.0,0.7510822415351868
YML008C,YBR103W,0,-10.471198,0.11743772029876709,1.0,0.7515151500701904
YPL031C,YOL128C,0,-10.48058,0.11737804859876633,1.0,0.7519480586051941
YFR034C,YKL079W,0,-10.481074,0.11731843650341034,1.0,0.7523809671401978
YNL263C,YGL255W,0,-10.481816,0.11725888401269913,1.0,0.7528138756752014
YNL163C,YLL040C,0,-10.482385,0.11719939112663269,1.0,0.7532467246055603
YMR303C,YJL204C,0,-10.485602,0.11713995784521103,1.0,0.753679633140564
YLR431C,YKL166C,0,-10.491161,0.11708059161901474,1.0,0.7541125416755676
YHR183W,YOR274W,0,-10.491363,0.11702127754688263,1.0,0.7545454502105713
YNL003C,YDR495C,0,-10.493598,0.1169620230793953,1.0,0.754978358745575
YER174C,YML131W,0,-10.495711,0.11690283566713333,1.0,0.7554112672805786
YGL066W,YAL016W,0,-10.49805,0.11684370040893555,1.0,0.7558441758155823
YBL105C,YFL005W,0,-10.501554,0.11678463220596313,1.0,0.7562770843505859
YLR238W,YBR215W,0,-10.503224,0.1167256161570549,1.0,0.7567099332809448
YKL053C-A,YHR070W,0,-10.505164,0.11666666716337204,1.0,0.7571428418159485
YDR205W,YBR171W,0,-10.509049,0.11660777032375336,1.0,0.7575757503509521
YDL223C,YHR023W,0,-10.51188,0.11654894053936005,1.0,0.7580086588859558
YDL153C,YKL051W,0,-10.521703,0.11649016290903091,1.0,0.7584415674209595
YNL148C,YER093C,0,-10.527478,0.11643145233392715,1.0,0.7588744759559631
YOL147C,YCL008C,0,-10.5285425,0.11637279391288757,1.0,0.7593073844909668
YDR335W,YNL283C,0,-10.532078,0.11631420254707336,1.0,0.7597402334213257
YPR001W,YDL058W,0,-10.534819,0.11625566333532333,1.0,0.7601731419563293
YBR207W,YIR026C,0,-10.536735,0.11619718372821808,1.0,0.760606050491333
YDR378C,YMR053C,0,-10.537,0.1161387637257576,1.0,0.7610389590263367
YCR038C,YDR312W,0,-10.542855,0.1160804033279419,1.0,0.7614718675613403
YDR076W,YDR532C,0,-10.544681,0.11602210253477097,1.0,0.761904776096344
YDR296W,YGL145W,0,-10.546534,0.11596385389566422,1.0,0.7623376846313477
YCR028C,YGL229C,0,-10.547361,0.11590567231178284,1.0,0.7627705335617065
YDR180W,YDR293C,0,-10.550729,0.11584754288196564,1.0,0.7632034420967102
YJR144W,YMR182C,0,-10.551857,0.11578947305679321,1.0,0.7636363506317139
YER143W,YLR193C,0,-10.5552435,0.11573146283626556,1.0,0.7640692591667175
YGR036C,YMR109W,0,-10.55574,0.11567351222038269,1.0,0.7645021677017212
YOL133W,YHR015W,0,-10.556891,0.115615613758564,1.0,0.7649350762367249
YNL101W,YDR414C,0,-10.561688,0.11555778235197067,1.0,0.7653679847717285
YPL228W,YLR361C,0,-10.562105,0.11550000309944153,1.0,0.7658008933067322
YPR193C,YJL063C,0,-10.563331,0.11544227600097656,1.0,0.7662337422370911
YKL053C-A,YNR026C,0,-10.564554,0.11538461595773697,1.0,0.7666666507720947
YJL092W,YHR001W-A,0,-10.569287,0.11532700806856155,1.0,0.7670995593070984
YGL124C,YDR240C,0,-10.570072,0.11526945978403091,1.0,0.767532467842102
YGR267C,YBL002W,0,-10.576449,0.11521197110414505,1.0,0.7679653763771057
YOL104C,YDR463W,0,-10.584718,0.11515453457832336,1.0,0.7683982849121094
YOR381W,YFL008W,0,-10.58641,0.11509715765714645,1.0,0.768831193447113
YHR193C,YBR080C,0,-10.587404,0.11503984034061432,1.0,0.7692640423774719
YDR277C,YJL026W,0,-10.587699,0.11498257517814636,1.0,0.7696969509124756
YFL056C,YLR321C,0,-10.591136,0.11492536962032318,1.0,0.7701298594474792
YJR025C,YER093C,0,-10.591672,0.11486822366714478,1.0,0.7705627679824829
YGR275W,YKL203C,0,-10.593677,0.11481112986803055,1.0,0.7709956765174866
YIR008C,YMR197C,0,-10.594571,0.1147540956735611,1.0,0.7714285850524902
YOL130W,YJR025C,0,-10.595246,0.11469712108373642,1.0,0.7718614935874939
YMR199W,YLR262C,0,-10.601633,0.11464019864797592,1.0,0.7722943425178528
YDR318W,YJL104W,0,-10.604018,0.1145833358168602,1.0,0.7727272510528564
YPL269W,YDL006W,0,-10.605159,0.11452652513980865,1.0,0.7731601595878601
YLR401C,YGL095C,0,-10.60752,0.11446977406740189,1.0,0.7735930681228638
YGR140W,YOR380W,0,-10.611381,0.1144130751490593,1.0,0.7740259766578674
YPR104C,YGR009C,0,-10.612346,0.11435643583536148,1.0,0.7744588851928711
YMR204C,YML025C,0,-10.6127405,0.11429984867572784,1.0,0.7748917937278748
YBR274W,YJR126C,0,-10.621035,0.11424332112073898,1.0,0.7753247022628784
YJL184W,YPR007C,0,-10.622642,0.1141868531703949,1.0,0.7757575511932373
YHR114W,YDL043C,0,-10.623073,0.11413043737411499,1.0,0.776190459728241
YDR106W,YPL130W,0,-10.624368,0.11407407373189926,1.0,0.7766233682632446
YDR335W,YNL309W,0,-10.625129,0.11401776969432831,1.0,0.7770562767982483
YNR033W,YIL009W,0,-10.639506,0.11396151781082153,1.0,0.777489185333252
YNL328C,YMR004W,0,-10.643998,0.11390532553195953,1.0,0.7779220938682556
YMR197C,YML025C,0,-10.644702,0.11384918540716171,1.0,0.7783550024032593
YEL027W,YLR256W,0,-10.645057,0.11379310488700867,1.0,0.7787878513336182
YOL078W,YLR095C,0,-10.647861,0.1137370765209198,1.0,0.7792207598686218
YNL014W,YIL085C,0,-10.6517725,0.11368110030889511,1.0,0.7796536684036255
YPR124W,YJR158W,0,-10.652231,0.1136251837015152,1.0,0.7800865769386292
YLR399C,YJR112W,0,-10.654809,0.11356931924819946,1.0,0.7805194854736328
YAL020C,YBR202W,0,-10.65702,0.1135135143995285,1.0,0.7809523940086365
YLR418C,YOR032C,0,-10.658198,0.11345776170492172,1.0,0.7813853025436401
YLR318W,YJL156C,0,-10.659286,0.11340206116437912,1.0,0.7818182110786438
YDL030W,YKL203C,0,-10.663653,0.11334642022848129,1.0,0.7822510600090027
YBR145W,YIL149C,0,-10.663781,0.11329083144664764,1.0,0.7826839685440063
YDR437W,YOR136W,0,-10.66473,0.11323529481887817,1.0,0.78311687707901
YKL206C,YKR090W,0,-10.665509,0.11317981034517288,1.0,0.7835497856140137
YKL182W,YKL093W,0,-10.668506,0.11312438547611237,1.0,0.7839826941490173
YDL024C,YGL241W,0,-10.668636,0.11306901276111603,1.0,0.784415602684021
YJR017C,YMR313C,0,-10.670706,0.11301369965076447,1.0,0.7848485112190247
YLL011W,YBR097W,0,-10.6728735,0.11295843869447708,1.0,0.7852813601493835
YLR028C,YHR102W,0,-10.67298,0.11290322244167328,1.0,0.7857142686843872
YDR194C,YNL107W,0,-10.675544,0.11284807324409485,1.0,0.7861471772193909
YNL334C,YBR069C,0,-10.675854,0.11279296875,1.0,0.7865800857543945
YPR001W,YMR288W,0,-10.676589,0.11273792386054993,1.0,0.7870129942893982
YNL068C,YHR139C,0,-10.67719,0.11268292367458344,1.0,0.7874459028244019
YCL038C,YNL225C,0,-10.677585,0.11262798309326172,1.0,0.7878788113594055
YDL008W,YGR185C,0,-10.67878,0.11257310211658478,1.0,0.7883116602897644
YJL170C,YDL003W,0,-10.6840925,0.11251826584339142,1.0,0.7887445688247681
YML047C,YNL246W,0,-10.684437,0.11246348917484283,1.0,0.7891774773597717
YKL054C,YGR010W,0,-10.685199,0.11240875720977783,1.0,0.7896103858947754
YJR047C,YPL031C,0,-10.689607,0.1123540848493576,1.0,0.790043294429779
YLR078C,YNL243W,0,-10.691678,0.11229946464300156,1.0,0.7904762029647827
YNL075W,YHL028W,0,-10.692508,0.11224489659070969,1.0,0.7909091114997864
YKL204W,YMR117C,0,-10.694825,0.112190380692482,1.0,0.79134202003479
YJR092W,YCL008C,0,-10.702874,0.11213592439889908,1.0,0.7917748689651489
YHR114W,YML011C,0,-10.709215,0.11208151280879974,1.0,0.7922077775001526
YMR186W,YPL040C,0,-10.711505,0.11202716082334518,1.0,0.7926406860351562
YPR193C,YPR167C,0,-10.712382,0.1119728535413742,1.0,0.7930735945701599
YOL021C,YMR095C,0,-10.713033,0.111918605864048,1.0,0.7935065031051636
YJL102W,YKL020C,0,-10.717126,0.11186441034078598,1.0,0.7939394116401672
YPL026C,YGR094W,0,-10.717246,0.11181025952100754,1.0,0.7943723201751709
YBR177C,YFL048C,0,-10.72424,0.11175616830587387,1.0,0.7948051691055298
YCR005C,YOR098C,0,-10.727666,0.11170212924480438,1.0,0.7952380776405334
YKL152C,YFR034C,0,-10.729032,0.11164814233779907,1.0,0.7956709861755371
YFR046C,YLL009C,0,-10.731702,0.11159420013427734,1.0,0.7961038947105408
YKL064W,YNL264C,0,-10.732057,0.11154031753540039,1.0,0.7965368032455444
YFR040W,YHR098C,0,-10.732984,0.11148648709058762,1.0,0.7969697117805481
YOR237W,YBR037C,0,-10.733954,0.11143270879983902,1.0,0.7974026203155518
YNL223W,YGR041W,0,-10.734042,0.111378975212574,1.0,0.7978354692459106
YER126C,YDR392W,0,-10.735013,0.11132530122995377,1.0,0.7982683777809143
YER036C,YGL187C,0,-10.742366,0.1112716794013977,1.0,0.798701286315918
YNR002C,YJR084W,0,-10.743314,0.11121810227632523,1.0,0.7991341948509216
YHL040C,YFL010W-A,0,-10.744572,0.11116458475589752,1.0,0.7995671033859253
YHR086W,YOR116C,0,-10.745896,0.1111111119389534,1.0,0.800000011920929
YBR132C,YDR046C,0,-10.747273,0.11105769127607346,1.0,0.8004329204559326
YMR095C,YDL235C,0,-10.748262,0.11100432276725769,1.0,0.8008658289909363
YKR035W-A,YLR165C,0,-10.752209,0.1109510064125061,1.0,0.8012986779212952
YJL102W,YOL066C,0,-10.753076,0.1108977422118187,1.0,0.8017315864562988
YJL201W,YDR217C,0,-10.754851,0.11084453016519547,1.0,0.8021644949913025
YJL050W,YGR002C,0,-10.756856,0.11079137027263641,1.0,0.8025974035263062
YNR016C,YBR127C,0,-10.757779,0.11073825508356094,1.0,0.8030303120613098
YPL048W,YDR178W,0,-10.763438,0.11068519204854965,1.0,0.8034632205963135
YDR216W,YPL159C,0,-10.768063,0.11063218116760254,1.0,0.8038961291313171
YBR164C,YHR091C,0,-10.768117,0.1105792224407196,1.0,0.804328978061676
YNL268W,YDL135C,0,-10.7704,0.11052631586790085,1.0,0.8047618865966797
YDR225W,YPL031C,0,-10.772687,0.11047345399856567,1.0,0.8051947951316833
YBR161W,YAL059W,0,-10.772979,0.11042065173387527,1.0,0.805627703666687
YKL160W,YPL120W,0,-10.776044,0.11036789417266846,1.0,0.8060606122016907
YDR243C,YGL227W,0,-10.784889,0.11031518876552582,1.0,0.8064935207366943
YML031W,YGR059W,0,-10.787185,0.11026252806186676,1.0,0.806926429271698
YMR311C,YGL137W,0,-10.788722,0.11020992696285248,1.0,0.8073592782020569
YJR006W,YDR072C,0,-10.789672,0.11015737056732178,1.0,0.8077921867370605
YGR101W,YPR002W,0,-10.801597,0.11010485887527466,1.0,0.8082250952720642
YKL008C,YOL033W,0,-10.802285,0.11005240678787231,1.0,0.8086580038070679
YGR177C,YDR486C,0,-10.803557,0.10999999940395355,1.0,0.8090909123420715
YJR150C,YNR054C,0,-10.803829,0.10994764417409897,1.0,0.8095238208770752
YJR053W,YPL015C,0,-10.804501,0.10989534109830856,1.0,0.8099567294120789
YPL011C,YCL033C,0,-10.810336,0.10984308272600174,1.0,0.8103896379470825
YLR191W,YPL128C,0,-10.819863,0.1097908765077591,1.0,0.8108224868774414
YDR448W,YBR298C,0,-10.824044,0.10973871499300003,1.0,0.8112553954124451
YGL158W,YOL072W,0,-10.825782,0.10968661308288574,1.0,0.8116883039474487
YBR073W,YLL040C,0,-10.827844,0.10963454842567444,1.0,0.8121212124824524
YLR329W,YDR311W,0,-10.82828,0.10958254337310791,1.0,0.812554121017456
YFL057C,YOR060C,0,-10.832743,0.10953058302402496,1.0,0.8129870295524597
YKL043W,YIL016W,0,-10.832792,0.1094786748290062,1.0,0.8134199380874634
YIL002C,YIR011C,0,-10.83539,0.10942681133747101,1.0,0.8138527870178223
YBR247C,YJL116C,0,-10.83601,0.109375,1.0,0.8142856955528259
YLR117C,YER007W,0,-10.83949,0.10932324081659317,1.0,0.8147186040878296
YLL022C,YCL008C,0,-10.841774,0.10927152633666992,1.0,0.8151515126228333
YLR330W,YML104C,0,-10.843137,0.10921985656023026,1.0,0.8155844211578369
YML105C,YHL006C,0,-10.84335,0.10916823893785477,1.0,0.8160173296928406
YAL051W,YGR199W,0,-10.84519,0.10911667346954346,1.0,0.8164502382278442
YDL017W,YGL093W,0,-10.852618,0.10906515270471573,1.0,0.8168830871582031
YDR481C,YML105C,0,-10.853992,0.10901368409395218,1.0,0.8173159956932068
YHR164C,YHR187W,0,-10.85601,0.10896226763725281,1.0,0.8177489042282104
YHR086W,YOL005C,0,-10.85794,0.10891088843345642,1.0,0.8181818127632141
YGR214W,YPR024W,0,-10.861683,0.10885956883430481,1.0,0.8186147212982178
YPL022W,YGL011C,0,-10.866026,0.10880828648805618,1.0,0.8190476298332214
YBL047C,YLR025W,0,-10.866981,0.10875706374645233,1.0,0.8194805383682251
YPR075C,YGR070W,0,-10.868646,0.10870588570833206,1.0,0.8199134469032288
YPL031C,YDL047W,0,-10.872037,0.10865475237369537,1.0,0.8203462958335876
YKL022C,YDR179C,0,-10.872647,0.10860366374254227,1.0,0.8207792043685913
YDR054C,YCL055W,0,-10.873302,0.10855263471603394,1.0,0.821212112903595
YDL008W,YPL232W,0,-10.873883,0.10850164294242859,1.0,0.8216450214385986
YJL062W,YCL052C,0,-10.87674,0.10845070332288742,1.0,0.8220779299736023
YCR065W,YER021W,0,-10.877683,0.10839981585741043,1.0,0.822510838508606
YOL082W,YBR057C,0,-10.877943,0.10834896564483643,1.0,0.8229437470436096
YLR210W,YPR067W,0,-10.882269,0.1082981750369072,1.0,0.8233765959739685
YMR036C,YDR162C,0,-10.891314,0.10824742168188095,1.0,0.8238095045089722
YLR115W,YDR218C,0,-10.892785,0.10819672048091888,1.0,0.8242424130439758
YOR153W,YPL152W,0,-10.892792,0.1081460639834404,1.0,0.8246753215789795
YLR368W,YNL304W,0,-10.898673,0.10809545964002609,1.0,0.8251082301139832
YKL204W,YGR245C,0,-10.8989725,0.10804490000009537,1.0,0.8255411386489868
YHR030C,YMR293C,0,-10.903424,0.10799439251422882,1.0,0.8259740471839905
YPL132W,YCL067C,0,-10.906504,0.10794392228126526,1.0,0.8264069557189941
YNL262W,YML131W,0,-10.917614,0.10789350420236588,1.0,0.826839804649353
YBL099W,YDR469W,0,-10.918952,0.10784313827753067,1.0,0.8272727131843567
YAL042W,YHR091C,0,-10.929492,0.10779281705617905,1.0,0.8277056217193604
YIL002C,YPL129W,0,-10.930263,0.107742540538311,1.0,0.828138530254364
YDL209C,YOL111C,0,-10.931596,0.10769230872392654,1.0,0.8285714387893677
YKL009W,YDR246W,0,-10.934597,0.10764212161302567,1.0,0.8290043473243713
YER017C,YBR205W,0,-10.937036,0.10759198665618896,1.0,0.829437255859375
YCR057C,YBR284W,0,-10.93971,0.10754189640283585,1.0,0.8298701047897339
YOR316C,YOR260W,0,-10.939872,0.1074918583035469,1.0,0.8303030133247375
YFR047C,YLR045C,0,-10.946329,0.10744185745716095,1.0,0.8307359218597412
YMR168C,YML061C,0,-10.946756,0.10739190876483917,1.0,0.8311688303947449
YLL001W,YNL004W,0,-10.951287,0.10734200477600098,1.0,0.8316017389297485
YMR204C,YDR314C,0,-10.95894,0.10729215294122696,1.0,0.8320346474647522
YGL238W,YPR065W,0,-10.960955,0.10724233835935593,1.0,0.8324675559997559
YFR024C-A,YOR043W,0,-10.969138,0.10719257593154907,1.0,0.8329004049301147
YNL210W,YOL034W,0,-10.974046,0.1071428582072258,1.0,0.8333333134651184
YPL129W,YGL098W,0,-10.974333,0.10709318518638611,1.0,0.8337662220001221
YPL137C,YDR113C,0,-10.976147,0.10704355686903,1.0,0.8341991305351257
YGR006W,YOR332W,0,-10.990074,0.10699398070573807,1.0,0.8346320390701294
YJR158W,YCL054W,0,-10.996321,0.10694444179534912,1.0,0.8350649476051331
YBR129C,YOR294W,0,-10.998398,0.10689495503902435,1.0,0.8354978561401367
YJL219W,YMR153W,0,-11.000279,0.10684551298618317,1.0,0.8359307646751404
YFL022C,YBR077C,0,-11.006377,0.10679611563682556,1.0,0.8363636136054993
YJL208C,YGR202C,0,-11.012553,0.10674676299095154,1.0,0.8367965221405029
YCR066W,YDL159W,0,-11.013764,0.1066974624991417,1.0,0.8372294306755066
YPR005C,YDR362C,0,-11.0157,0.10664819926023483,1.0,0.8376623392105103
YOR266W,YPL239W,0,-11.017645,0.10659898817539215,1.0,0.8380952477455139
YHR084W,YML028W,0,-11.019097,0.10654981434345245,1.0,0.8385281562805176
YEL018W,YLR284C,0,-11.021609,0.10650069266557693,1.0,0.8389610648155212
YER173W,YAL002W,0,-11.026734,0.106451615691185,1.0,0.8393939137458801
YHR092C,YPR046W,0,-11.030069,0.10640257596969604,1.0,0.8398268222808838
YIL095W,YGL243W,0,-11.031365,0.10635358840227127,1.0,0.8402597308158875
YNR033W,YNL278W,0,-11.031896,0.10630464553833008,1.0,0.8406926393508911
YBL106C,YHR012W,0,-11.035588,0.10625574737787247,1.0,0.8411255478858948
YPR108W,YMR093W,0,-11.040322,0.10620689392089844,1.0,0.8415584564208984
YPR019W,YBR103W,0,-11.041091,0.10615808516740799,1.0,0.8419913649559021
YLR332W,YJR145C,0,-11.041869,0.10610932111740112,1.0,0.842424213886261
YPL190C,YMR022W,0,-11.043912,0.10606060922145844,1.0,0.8428571224212646
YDR384C,YDR182W,0,-11.052216,0.10601193457841873,1.0,0.8432900309562683
YFR046C,YKL113C,0,-11.05449,0.10596330463886261,1.0,0.843722939491272
YLR330W,YDR501W,0,-11.057148,0.10591471940279007,1.0,0.8441558480262756
YKR054C,YFR040W,0,-11.060428,0.10586617887020111,1.0,0.8445887565612793
YLR115W,YMR255W,0,-11.063355,0.10581768304109573,1.0,0.845021665096283
YDR480W,YKL073W,0,-11.066304,0.10576923191547394,1.0,0.8454545736312866
YDR221W,YHR026W,0,-11.068838,0.10572082549333572,1.0,0.8458874225616455
YNL192W,YLR139C,0,-11.069587,0.10567246377468109,1.0,0.8463203310966492
YDR174W,YDR148C,0,-11.070427,0.10562413930892944,1.0,0.8467532396316528
YJL026W,YML021C,0,-11.070911,0.10557586699724197,1.0,0.8471861481666565
YCR072C,YER041W,0,-11.071922,0.10552763938903809,1.0,0.8476190567016602
YLR274W,YPL121C,0,-11.080464,0.10547944903373718,1.0,0.8480519652366638
YDL236W,YIL066C,0,-11.081248,0.10543131083250046,1.0,0.8484848737716675
YLR182W,YPL045W,0,-11.082526,0.10538320988416672,1.0,0.8489177227020264
YDL117W,YJR073C,0,-11.08435,0.10533515363931656,1.0,0.84935063123703
YIR033W,YNL160W,0,-11.085746,0.10528714954853058,1.0,0.8497835397720337
YGR120C,YDR078C,0,-11.086995,0.10523918271064758,1.0,0.8502164483070374
YDL220C,YGL030W,0,-11.089583,0.10519125312566757,1.0,0.850649356842041
YNR074C,YCR075C,0,-11.099388,0.10514337569475174,1.0,0.8510822653770447
YPR093C,YGL144C,0,-11.109527,0.10509554296731949,1.0,0.8515151739120483
YOL133W,YPR144C,0,-11.10972,0.10504774749279022,1.0,0.8519480228424072
YCL029C,YHR011W,0,-11.1164465,0.10499999672174454,1.0,0.8523809313774109
YCR071C,YKL201C,0,-11.120013,0.10495229810476303,1.0,0.8528138399124146
YBR250W,YHR178W,0,-11.120244,0.10490462929010391,1.0,0.8532467484474182
YNL075W,YKR031C,0,-11.120256,0.10485701262950897,1.0,0.8536796569824219
YGR041W,YMR140W,0,-11.121939,0.10480944067239761,1.0,0.8541125655174255
YLR324W,YCR024C-A,0,-11.124761,0.10476190596818924,1.0,0.8545454740524292
YOL013C,YOL147C,0,-11.1308975,0.10471441596746445,1.0,0.8549783825874329
YGL020C,YPL016W,0,-11.132249,0.10466697067022324,1.0,0.8554112315177917
YFL059W,YLR385C,0,-11.140375,0.10461956262588501,1.0,0.8558441400527954
YDR069C,YNL231C,0,-11.145555,0.10457220673561096,1.0,0.8562770485877991
YDR416W,YJR102C,0,-11.149392,0.1045248880982399,1.0,0.8567099571228027
YPL055C,YHR060W,0,-11.150973,0.10447761416435242,1.0,0.8571428656578064
YOR023C,YDL039C,0,-11.152869,0.10443037748336792,1.0,0.8575757741928101
YOR094W,YIL122W,0,-11.154716,0.1043831929564476,1.0,0.8580086827278137
YLR438C-A,YDR055W,0,-11.155654,0.10433604568243027,1.0,0.8584415316581726
YOR033C,YLR238W,0,-11.157102,0.10428893566131592,1.0,0.8588744401931763
YOR103C,YLR324W,0,-11.157842,0.10424187779426575,1.0,0.8593073487281799
YNL192W,YIL065C,0,-11.159871,0.10419485718011856,1.0,0.8597402572631836
YMR224C,YML047C,0,-11.160136,0.10414788126945496,1.0,0.8601731657981873
YMR035W,YML011C,0,-11.1615,0.10410095006227493,1.0,0.8606060743331909
YDR423C,YER168C,0,-11.171526,0.1040540561079979,1.0,0.8610389828681946
YIL033C,YMR163C,0,-11.175309,0.10400720685720444,1.0,0.8614718317985535
YBR192W,YHR030C,0,-11.192197,0.10396039485931396,1.0,0.8619047403335571
YIL062C,YDR450W,0,-11.195025,0.10391362756490707,1.0,0.8623376488685608
YOR377W,YNR053C,0,-11.195933,0.10386690497398376,1.0,0.8627705574035645
YLR086W,YBR273C,0,-11.196529,0.10382022708654404,1.0,0.8632034659385681
YLL004W,YCR012W,0,-11.198686,0.1037735864520073,1.0,0.8636363744735718
YJL219W,YFR005C,0,-11.200643,0.10372699052095413,1.0,0.8640692830085754
YOR142W,YBR153W,0,-11.202035,0.10368043184280396,1.0,0.8645021915435791
YKL057C,YJL047C,0,-11.204508,0.10363391786813736,1.0,0.864935040473938
YLR450W,YDR071C,0,-11.241606,0.10358744114637375,1.0,0.8653679490089417
YOL158C,YGR152C,0,-11.255495,0.10354101657867432,1.0,0.8658008575439453
YJL062W,YJL203W,0,-11.257155,0.10349462181329727,1.0,0.866233766078949
YDR116C,YER104W,0,-11.258855,0.1034482792019844,1.0,0.8666666746139526
YNL111C,YDR200C,0,-11.261975,0.10340196639299393,1.0,0.8670995831489563
YMR069W,YJR059W,0,-11.262752,0.10335570573806763,1.0,0.86753249168396
YNL148C,YDL069C,0,-11.269456,0.10330948233604431,1.0,0.8679653406143188
YDR153C,YKR053C,0,-11.269886,0.10326329618692398,1.0,0.8683982491493225
YLR347C,YGR070W,0,-11.271332,0.10321715474128723,1.0,0.8688311576843262
YPR049C,YMR212C,0,-11.275475,0.10317105799913406,1.0,0.8692640662193298
YKR085C,YNL097C,0,-11.278297,0.10312499850988388,1.0,0.8696969747543335
YML123C,YMR096W,0,-11.285582,0.10307898372411728,1.0,0.8701298832893372
YBL040C,YLR193C,0,-11.289799,0.10303300619125366,1.0,0.8705627918243408
YJL013C,YOL031C,0,-11.303899,0.10298707336187363,1.0,0.8709957003593445
YKR085C,YPL106C,0,-11.306697,0.10294117778539658,1.0,0.8714285492897034
YOL078W,YKR076W,0,-11.308786,0.10289531946182251,1.0,0.871861457824707
YJR125C,YPR186C,0,-11.309724,0.10284951329231262,1.0,0.8722943663597107
YDL095W,YBR024W,0,-11.309798,0.10280373692512512,1.0,0.8727272748947144
YPL101W,YBR216C,0,-11.312053,0.1027580052614212,1.0,0.873160183429718
YIL112W,YPR143W,0,-11.313657,0.10271231830120087,1.0,0.8735930919647217
YPR132W,YBR294W,0,-11.315151,0.10266666859388351,1.0,0.8740260004997253
YPL149W,YER070W,0,-11.324456,0.10262105613946915,1.0,0.8744588494300842
YDL220C,YOL031C,0,-11.333548,0.10257548838853836,1.0,0.8748917579650879
YOL021C,YDR079W,0,-11.338147,0.10252995789051056,1.0,0.8753246665000916
YDR420W,YOR132W,0,-11.342085,0.10248447209596634,1.0,0.8757575750350952
YOR388C,YDL083C,0,-11.343723,0.1024390235543251,1.0,0.8761904835700989
YPL100W,YMR035W,0,-11.3492775,0.10239361971616745,1.0,0.8766233921051025
YAR015W,YBL099W,0,-11.349507,0.10234825313091278,1.0,0.8770563006401062
YIL007C,YPL268W,0,-11.357587,0.1023029237985611,1.0,0.8774891495704651
YLR427W,YPR182W,0,-11.361028,0.102257639169693,1.0,0.8779220581054688
YJL081C,YDL231C,0,-11.370937,0.10221239179372787,1.0,0.8783549666404724
YGR008C,YLR385C,0,-11.380687,0.10216718167066574,1.0,0.8787878751754761
YKL135C,YDR277C,0,-11.392684,0.10212201625108719,1.0,0.8792207837104797
YFL013C,YJL100W,0,-11.397658,0.10207688808441162,1.0,0.8796536922454834
YOR245C,YEL051W,0,-11.4063635,0.10203180462121964,1.0,0.8800866007804871
YDR264C,YPR141C,0,-11.408608,0.10198675841093063,1.0,0.8805195093154907
YDR208W,YOL097C,0,-11.411894,0.10194174945354462,1.0,0.8809523582458496
YER114C,YKL026C,0,-11.417623,0.10189677774906158,1.0,0.8813852667808533
YPR065W,YOR229W,0,-11.417653,0.10185185074806213,1.0,0.8818181753158569
YOL158C,YOR288C,0,-11.4460535,0.10180696099996567,1.0,0.8822510838508606
YPL227C,YJL112W,0,-11.448251,0.10176211595535278,1.0,0.8826839923858643
YHR068W,YFR040W,0,-11.453883,0.10171730816364288,1.0,0.8831169009208679
YGL043W,YNL055C,0,-11.45897,0.10167253762483597,1.0,0.8835498094558716
YDR299W,YNL025C,0,-11.45984,0.10162780433893204,1.0,0.8839826583862305
YPR119W,YDR235W,0,-11.467054,0.10158311575651169,1.0,0.8844155669212341
YKL016C,YBR143C,0,-11.4721155,0.10153846442699432,1.0,0.8848484754562378
YGL092W,YMR200W,0,-11.48145,0.10149385035037994,1.0,0.8852813839912415
YMR275C,YML060W,0,-11.487029,0.10144927352666855,1.0,0.8857142925262451
YPL098C,YMR095C,0,-11.487262,0.10140474140644073,1.0,0.8861472010612488
YKL064W,YNL250W,0,-11.492679,0.1013602465391159,1.0,0.8865801095962524
YGL180W,YDL030W,0,-11.504514,0.10131578892469406,1.0,0.8870129585266113
YJL133W,YPL167C,0,-11.510977,0.1012713685631752,1.0,0.887445867061615
YHR166C,YPR155C,0,-11.512557,0.10122699290513992,1.0,0.8878787755966187
YDR079W,YBR061C,0,-11.524871,0.10118265450000763,1.0,0.8883116841316223
YDL087C,YBL023C,0,-11.525886,0.10113835334777832,1.0,0.888744592666626
YPL015C,YPL212C,0,-11.526752,0.101094089448452,1.0,0.8891775012016296
YDL006W,YOL072W,0,-11.528335,0.10104987025260925,1.0,0.8896104097366333
YML042W,YDR071C,0,-11.528559,0.1010056808590889,1.0,0.890043318271637
YER179W,YKR057W,0,-11.532424,0.10096153616905212,1.0,0.8904761672019958
YGL071W,YKL208W,0,-11.532438,0.10091742873191833,1.0,0.8909090757369995
YKR027W,YGR144W,0,-11.549874,0.10087336599826813,1.0,0.8913419842720032
YML080W,YKL195W,0,-11.562407,0.10082933306694031,1.0,0.8917748928070068
YDR322C-A,YKL203C,0,-11.571706,0.10078533738851547,1.0,0.8922078013420105
YMR199W,YNL253W,0,-11.572437,0.10074138641357422,1.0,0.8926407098770142
YBR179C,YOR288C,0,-11.572572,0.10069747269153595,1.0,0.8930736184120178
YBR038W,YAL047C,0,-11.58312,0.10065359622240067,1.0,0.8935064673423767
YNL159C,YHR007C,0,-11.586537,0.10060975700616837,1.0,0.8939393758773804
YBR215W,YAL002W,0,-11.594901,0.10056595504283905,1.0,0.894372284412384
YHR001W,YDL112W,0,-11.597805,0.10052219033241272,1.0,0.8948051929473877
YDR329C,YCR052W,0,-11.601222,0.10047847032546997,1.0,0.8952381014823914
YLR304C,YDL166C,0,-11.604892,0.10043478012084961,1.0,0.895671010017395
YBR215W,YOR368W,0,-11.612733,0.10039113461971283,1.0,0.8961039185523987
YNL001W,YPL055C,0,-11.616609,0.10034752637147903,1.0,0.8965367674827576
YPL076W,YGL037C,0,-11.629847,0.10030394792556763,1.0,0.8969696760177612
YMR165C,YHR172W,0,-11.630099,0.1002604141831398,1.0,0.8974025845527649
YAR003W,YML109W,0,-11.631101,0.10021691769361496,1.0,0.8978354930877686
YKL182W,YGL004C,0,-11.658706,0.1001734584569931,1.0,0.8982684016227722
YDL220C,YDR280W,0,-11.675118,0.10013003647327423,1.0,0.8987013101577759
YHR052W,YKR039W,0,-11.690818,0.10008665174245834,1.0,0.8991342186927795
YML024W,YIL167W,0,-11.693099,0.10004331171512604,1.0,0.8995671272277832
YGR188C,YDR022C,0,-11.696473,0.10000000149011612,1.0,0.8999999761581421
YOR140W,YJR102C,0,-11.704529,0.09995672851800919,1.0,0.9004328846931458
YIL123W,YNL334C,0,-11.708688,0.09991349279880524,1.0,0.9008657932281494
YLR074C,YGL095C,0,-11.709746,0.09987030178308487,1.0,0.9012987017631531
YML004C,YJR046W,0,-11.7107115,0.09982714056968689,1.0,0.9017316102981567
YJR155W,YKL120W,0,-11.71602,0.0997840166091919,1.0,0.9021645188331604
YHR084W,YGL104C,0,-11.716404,0.09974092990159988,1.0,0.9025974273681641
YJL133W,YNL025C,0,-11.720696,0.09969788789749146,1.0,0.903030276298523
YKR034W,YDL178W,0,-11.721339,0.09965487569570541,1.0,0.9034631848335266
YGL047W,YOR047C,0,-11.726716,0.09961190074682236,1.0,0.9038960933685303
YJR065C,YOL039W,0,-11.728549,0.09956896305084229,1.0,0.9043290019035339
YPL145C,YOR018W,0,-11.73218,0.0995260700583458,1.0,0.9047619104385376
YDR225W,YNL250W,0,-11.736772,0.09948320686817169,1.0,0.9051948189735413
YGR268C,YNL218W,0,-11.739423,0.09944038093090057,1.0,0.9056277275085449
YEL015W,YKL188C,0,-11.739528,0.09939759224653244,1.0,0.9060605764389038
YDR529C,YOR127W,0,-11.74233,0.09935484081506729,1.0,0.9064934849739075
YBR192W,YHR139C,0,-11.742531,0.09931212663650513,1.0,0.9069263935089111
YOR388C,YJR139C,0,-11.757335,0.09926944226026535,1.0,0.9073593020439148
YDR256C,YPR162C,0,-11.75941,0.09922680258750916,1.0,0.9077922105789185
YCR037C,YJL166W,0,-11.759419,0.09918420016765594,1.0,0.9082251191139221
YOR257W,YDR334W,0,-11.763908,0.09914162755012512,1.0,0.9086580276489258
YOR023C,YOR034C,0,-11.777026,0.09909909963607788,1.0,0.9090909361839294
YBL040C,YDL170W,0,-11.777058,0.09905660152435303,1.0,0.9095237851142883
YPL240C,YLR167W,0,-11.78144,0.09901414811611176,1.0,0.909956693649292
YHR171W,YNL281W,0,-11.784324,0.09897172451019287,1.0,0.9103896021842957
YHL031C,YLR362W,0,-11.787423,0.09892933815717697,1.0,0.9108225107192993
YDL042C,YKL095W,0,-11.790671,0.09888698905706406,1.0,0.911255419254303
YBR247C,YBR216C,0,-11.796002,0.09884466975927353,1.0,0.9116883277893066
YEL037C,YPL087W,0,-11.808539,0.09880239516496658,1.0,0.9121212363243103
YMR199W,YIR018W,0,-11.811929,0.09876015037298203,1.0,0.9125540852546692
YGL172W,YJL053W,0,-11.812701,0.09871795028448105,1.0,0.9129869937896729
YGL191W,YOR253W,0,-11.819769,0.09867577999830246,1.0,0.9134199023246765
YDR129C,YPR139C,0,-11.84126,0.09863364696502686,1.0,0.9138528108596802
YOL082W,YGR227W,0,-11.842999,0.09859155118465424,1.0,0.9142857193946838
YMR137C,YML124C,0,-11.844947,0.098549485206604,1.0,0.9147186279296875
YMR097C,YDL036C,0,-11.849577,0.09850746393203735,1.0,0.9151515364646912
YLL043W,YPL120W,0,-11.850202,0.09846547245979309,1.0,0.9155844449996948
YNR075W,YHR038W,0,-11.865989,0.09842351824045181,1.0,0.9160172939300537
YMR263W,YKR101W,0,-11.873734,0.09838160127401352,1.0,0.9164502024650574
YKL146W,YCR012W,0,-11.874234,0.09833972156047821,1.0,0.916883111000061
YDL174C,YGR094W,0,-11.881776,0.09829787164926529,1.0,0.9173160195350647
YER025W,YPL015C,0,-11.882444,0.09825605899095535,1.0,0.9177489280700684
YGL253W,YPR086W,0,-11.885942,0.0982142835855484,1.0,0.918181836605072
YPR049C,YBR162C,0,-11.892709,0.09817254543304443,1.0,0.9186147451400757
YCR020W-B,YLR329W,0,-11.893355,0.09813084453344345,1.0,0.9190475940704346
YLL060C,YOR372C,0,-11.89811,0.09808917343616486,1.0,0.9194805026054382
YPR093C,YBR162C,0,-11.899134,0.09804753959178925,1.0,0.9199134111404419
YDR273W,YOL142W,0,-11.92076,0.09800594300031662,1.0,0.9203463196754456
YNL236W,YGL096W,0,-11.94369,0.09796437621116638,1.0,0.9207792282104492
YHR068W,YDL106C,0,-11.951655,0.09792284667491913,1.0,0.9212121367454529
YNR019W,YJR050W,0,-11.954823,0.09788135439157486,1.0,0.9216450452804565
YML019W,YHL009C,0,-11.955514,0.09783989936113358,1.0,0.9220778942108154
YOL078W,YMR267W,0,-11.956071,0.09779847413301468,1.0,0.9225108027458191
YOR243C,YDR369C,0,-11.980546,0.09775708615779877,1.0,0.9229437112808228
YGL124C,YPL139C,0,-11.993731,0.09771573543548584,1.0,0.9233766198158264
YFL045C,YKL203C,0,-11.996184,0.0976744219660759,1.0,0.9238095283508301
YKL150W,YDR311W,0,-12.003904,0.09763313829898834,1.0,0.9242424368858337
YPL059W,YNL201C,0,-12.013719,0.09759189188480377,1.0,0.9246753454208374
YBL009W,YHR138C,0,-12.015765,0.09755067527294159,1.0,0.9251082539558411
YCR020C-A,YLR219W,0,-12.028906,0.09750949591398239,1.0,0.9255411028862
YBL042C,YKL064W,0,-12.03021,0.09746835380792618,1.0,0.9259740114212036
YGL180W,YNL288W,0,-12.0325575,0.09742724895477295,1.0,0.9264069199562073
YER032W,YPL214C,0,-12.0333185,0.09738617390394211,1.0,0.9268398284912109
YOR304W,YDL115C,0,-12.035797,0.09734513610601425,1.0,0.9272727370262146
YOR347C,YBR081C,0,-12.044867,0.09730412811040878,1.0,0.9277056455612183
YBR085W,YDR322C-A,0,-12.049034,0.0972631573677063,1.0,0.9281385540962219
YGL016W,YHL009C,0,-12.082808,0.0972222238779068,1.0,0.9285714030265808
YCL029C,YGR256W,0,-12.083346,0.09718132019042969,1.0,0.9290043115615845
YOR209C,YML058W,0,-12.088208,0.09714045375585556,1.0,0.9294372200965881
YHR171W,YJL129C,0,-12.089935,0.09709962457418442,1.0,0.9298701286315918
YJR097W,YPL007C,0,-12.097573,0.09705882519483566,1.0,0.9303030371665955
YCR044C,YGL098W,0,-12.097895,0.09701806306838989,1.0,0.9307359457015991
YNR035C,YOR168W,0,-12.107862,0.09697733074426651,1.0,0.9311688542366028
YLR117C,YBR221C,0,-12.114133,0.09693663567304611,1.0,0.9316017031669617
YLL027W,YNL072W,0,-12.115159,0.0968959704041481,1.0,0.9320346117019653
YMR285C,YJL047C,0,-12.124625,0.09685534238815308,1.0,0.932467520236969
YKR066C,YIR010W,0,-12.138675,0.09681475162506104,1.0,0.9329004287719727
YLR189C,YFR037C,0,-12.145684,0.09677419066429138,1.0,0.9333333373069763
YDL147W,YPR080W,0,-12.150159,0.09673366695642471,1.0,0.93376624584198
YHR102W,YCL059C,0,-12.151543,0.09669318050146103,1.0,0.9341991543769836
YPL135W,YIR008C,0,-12.153707,0.09665271639823914,1.0,0.9346320629119873
YGR238C,YGL093W,0,-12.176983,0.09661229699850082,1.0,0.9350649118423462
YMR119W,YBL046W,0,-12.181377,0.0965719074010849,1.0,0.9354978203773499
YLR097C,YER006W,0,-12.186182,0.09653154760599136,1.0,0.9359307289123535
YJR057W,YGR288W,0,-12.2034445,0.09649122506380081,1.0,0.9363636374473572
YDR365C,YMR104C,0,-12.206818,0.09645093977451324,1.0,0.9367965459823608
YMR316W,YDR515W,0,-12.208458,0.09641068428754807,1.0,0.9372294545173645
YOR226C,YDL147W,0,-12.21987,0.09637046605348587,1.0,0.9376623630523682
YOR206W,YAL001C,0,-12.226215,0.09633027762174606,1.0,0.938095211982727
YLR304C,YPL243W,0,-12.229274,0.09629011899232864,1.0,0.9385281205177307
YHR008C,YKL203C,0,-12.232131,0.09624999761581421,1.0,0.9389610290527344
YER028C,YHL024W,0,-12.246893,0.09620991349220276,1.0,0.939393937587738
YDR030C,YPR139C,0,-12.248993,0.0961698591709137,1.0,0.9398268461227417
YPL249C,YDR212W,0,-12.249016,0.09612983465194702,1.0,0.9402597546577454
YPL117C,YNL073W,0,-12.26991,0.09608984738588333,1.0,0.940692663192749
YER054C,YOR265W,0,-12.27102,0.09604989737272263,1.0,0.9411255121231079
YGL211W,YKL126W,0,-12.301754,0.09600997716188431,1.0,0.9415584206581116
YHR124W,YPL120W,0,-12.312576,0.09597008675336838,1.0,0.9419913291931152
YKL204W,YHR124W,0,-12.344786,0.09593023359775543,1.0,0.9424242377281189
YMR022W,YLR222C,0,-12.358905,0.09589041024446487,1.0,0.9428571462631226
YKR067W,YML097C,0,-12.364781,0.0958506241440773,1.0,0.9432900547981262
YLL004W,YNL294C,0,-12.371953,0.09581086784601212,1.0,0.9437229633331299
YNL016W,YJL089W,0,-12.39409,0.09577114135026932,1.0,0.9441558718681335
YDR361C,YMR219W,0,-12.394923,0.0957314521074295,1.0,0.9445887207984924
YNR016C,YPL096W,0,-12.406822,0.09569180011749268,1.0,0.9450216293334961
YLR034C,YNL012W,0,-12.415104,0.09565217047929764,1.0,0.9454545378684998
YJR065C,YHL011C,0,-12.424741,0.09561258554458618,1.0,0.9458874464035034
YJR052W,YAL011W,0,-12.424787,0.09557302296161652,1.0,0.9463203549385071
YMR277W,YOL129W,0,-12.426052,0.09553349763154984,1.0,0.9467532634735107
YPL096W,YPL019C,0,-12.4324045,0.09549400210380554,1.0,0.9471861720085144
YLR256W,YOL115W,0,-12.442565,0.09545454382896423,1.0,0.9476190209388733
YPL254W,YBR240C,0,-12.446657,0.09541511535644531,1.0,0.948051929473877
YDR361C,YCL043C,0,-12.454746,0.09537572413682938,1.0,0.9484848380088806
YAR002W,YDR276C,0,-12.463222,0.09533636271953583,1.0,0.9489177465438843
YLR103C,YDR251W,0,-12.487409,0.09529703110456467,1.0,0.9493506550788879
YIL128W,YPR154W,0,-12.504035,0.0952577292919159,1.0,0.9497835636138916
YDL087C,YPR190C,0,-12.516791,0.0952184647321701,1.0,0.9502164721488953
YPL243W,YDR058C,0,-12.533353,0.0951792299747467,1.0,0.9506493210792542
YDR281C,YGR013W,0,-12.554172,0.09514003247022629,1.0,0.9510822296142578
YOL040C,YGL095C,0,-12.559449,0.09510086476802826,1.0,0.9515151381492615
YGR225W,YIL149C,0,-12.562634,0.09506172686815262,1.0,0.9519480466842651
YBR171W,YOL122C,0,-12.5644,0.09502262622117996,1.0,0.9523809552192688
YGL020C,YNL014W,0,-12.565835,0.0949835553765297,1.0,0.9528138637542725
YOR023C,YNL169C,0,-12.574881,0.09494451433420181,1.0,0.9532467722892761
YDR013W,YDR369C,0,-12.586722,0.09490550309419632,1.0,0.9536796808242798
YMR033W,YDR077W,0,-12.618994,0.09486652910709381,1.0,0.9541125297546387
YPR065W,YJL080C,0,-12.62843,0.09482758492231369,1.0,0.9545454382896423
YDL126C,YKR024C,0,-12.649227,0.09478867799043655,1.0,0.954978346824646
YMR056C,YDR168W,0,-12.655154,0.09474979341030121,1.0,0.9554112553596497
YOL142W,YBR117C,0,-12.656319,0.09471094608306885,1.0,0.9558441638946533
YDR365C,YGL073W,0,-12.662675,0.09467212855815887,1.0,0.956277072429657
YGL073W,YOR001W,0,-12.663644,0.09463334828615189,1.0,0.9567099809646606
YML004C,YJR043C,0,-12.690902,0.09459459781646729,1.0,0.9571428298950195
YBR156C,YIL017C,0,-12.715021,0.09455587714910507,1.0,0.9575757384300232
YOR145C,YNL294C,0,-12.722583,0.09451718628406525,1.0,0.9580086469650269
YOR034C,YPL059W,0,-12.734981,0.09447852522134781,1.0,0.9584415555000305
YOR034C,YPR067W,0,-12.736158,0.09443990141153336,1.0,0.9588744640350342
YGR004W,YLR193C,0,-12.738273,0.09440130740404129,1.0,0.9593073725700378
YPL060W,YKL143W,0,-12.739831,0.09436274319887161,1.0,0.9597402811050415
YLR238W,YDR323C,0,-12.741128,0.09432421624660492,1.0,0.9601731896400452
YBL009W,YOL100W,0,-12.7437315,0.09428571164608002,1.0,0.960606038570404
YPL224C,YOL102C,0,-12.74551,0.0942472442984581,1.0,0.9610389471054077
YDR096W,YPR131C,0,-12.773726,0.09420880675315857,1.0,0.9614718556404114
YKL021C,YHL027W,0,-12.775586,0.09417040646076202,1.0,0.961904764175415
YBR290W,YLR272C,0,-12.787531,0.09413202852010727,1.0,0.9623376727104187
YGR245C,YJR156C,0,-12.811237,0.0940936878323555,1.0,0.9627705812454224
YKR066C,YDL227C,0,-12.8253355,0.09405537694692612,1.0,0.963203489780426
YFL033C,YOR179C,0,-12.859796,0.09401709586381912,1.0,0.9636363387107849
YGL045W,YGR185C,0,-12.881903,0.09397884458303452,1.0,0.9640692472457886
YPR025C,YBR048W,0,-12.889087,0.0939406231045723,1.0,0.9645021557807922
YLR429W,YAR035W,0,-12.922042,0.09390243887901306,1.0,0.9649350643157959
YDR121W,YPR154W,0,-12.9361315,0.09386428445577621,1.0,0.9653679728507996
YNL298W,YBR272C,0,-12.950418,0.09382615983486176,1.0,0.9658008813858032
YHL027W,YLR221C,0,-12.956238,0.09378806501626968,1.0,0.9662337899208069
YBL057C,YDR255C,0,-12.960771,0.09375,1.0,0.9666666388511658
YLR051C,YOR348C,0,-12.964025,0.0937119647860527,1.0,0.9670995473861694
YKR003W,YJL035C,0,-12.969111,0.09367396682500839,1.0,0.9675324559211731
YGR268C,YGR185C,0,-12.975631,0.09363599866628647,1.0,0.9679653644561768
YGR081C,YFL059W,0,-12.992259,0.09359805285930634,1.0,0.9683982729911804
YNR058W,YBR048W,0,-12.997821,0.09356014430522919,1.0,0.9688311815261841
YLR109W,YLR129W,0,-13.00591,0.09352226555347443,1.0,0.9692640900611877
YKL213C,YOR047C,0,-13.0081625,0.09348441660404205,1.0,0.9696969985961914
YDR423C,YOR243C,0,-13.008687,0.09344660490751266,1.0,0.9701298475265503
YOR056C,YDR329C,0,-13.033906,0.09340881556272507,1.0,0.970562756061554
YAL022C,YJL101C,0,-13.038388,0.09337105602025986,1.0,0.9709956645965576
YIL065C,YHR089C,0,-13.062207,0.09333333373069763,1.0,0.9714285731315613
YNL074C,YJL074C,0,-13.080895,0.0932956412434578,1.0,0.9718614816665649
YFL057C,YGR094W,0,-13.081211,0.09325797110795975,1.0,0.9722943902015686
YGR008C,YPL019C,0,-13.097434,0.09322033822536469,1.0,0.9727272987365723
YFR028C,YDR055W,0,-13.107169,0.09318273514509201,1.0,0.9731601476669312
YAL031C,YLR272C,0,-13.116574,0.09314516186714172,1.0,0.9735930562019348
YCR010C,YPR074C,0,-13.125375,0.09310761839151382,1.0,0.9740259647369385
YDR085C,YPR182W,0,-13.134853,0.09307010471820831,1.0,0.9744588732719421
YGR289C,YPR041W,0,-13.139348,0.09303262084722519,1.0,0.9748917818069458
YNR033W,YNL309W,0,-13.14577,0.09299516677856445,1.0,0.9753246903419495
YDR299W,YJR103W,0,-13.155753,0.0929577499628067,1.0,0.9757575988769531
YML105C,YGL227W,0,-13.193181,0.09292035549879074,1.0,0.976190447807312
YPL227C,YDR294C,0,-13.216869,0.09288299083709717,1.0,0.9766233563423157
YLR272C,YCL033C,0,-13.249778,0.09284565597772598,1.0,0.9770562648773193
YOR113W,YFL045C,0,-13.377599,0.09280835837125778,1.0,0.977489173412323
YML024W,YDR394W,0,-13.387927,0.09277108311653137,1.0,0.9779220819473267
YMR055C,YOR266W,0,-13.392455,0.09273384511470795,1.0,0.9783549904823303
YOL082W,YPR125W,0,-13.452674,0.09269662946462631,1.0,0.978787899017334
YJR155W,YLL011W,0,-13.455858,0.09265944361686707,1.0,0.9792208075523376
YIR017C,YMR243C,0,-13.463534,0.0926222950220108,1.0,0.9796536564826965
YGL029W,YBL102W,0,-13.47768,0.09258516877889633,1.0,0.9800865650177002
YGR142W,YJL208C,0,-13.482114,0.09254807978868484,1.0,0.9805194735527039
YCR072C,YHR139C,0,-13.490786,0.09251101315021515,1.0,0.9809523820877075
YDR384C,YHR012W,0,-13.580723,0.09247397631406784,1.0,0.9813852906227112
YFL023W,YKL213C,0,-13.590165,0.09243697673082352,1.0,0.9818181991577148
YDR529C,YJL080C,0,-13.604803,0.09239999949932098,1.0,0.9822511076927185
YGL073W,YOR143C,0,-13.638679,0.09236305207014084,1.0,0.9826839566230774
YLR293C,YJL094C,0,-13.719371,0.09232614189386368,1.0,0.983116865158081
YJR155W,YNL166C,0,-13.783086,0.09228925406932831,1.0,0.9835497736930847
YDR069C,YGR214W,0,-13.795944,0.09225239604711533,1.0,0.9839826822280884
YOR173W,YLR181C,0,-13.81954,0.09221556782722473,1.0,0.984415590763092
YER103W,YGL022W,0,-13.830002,0.09217876940965652,1.0,0.9848484992980957
YGL053W,YOR216C,0,-13.896436,0.0921420007944107,1.0,0.9852814078330994
YPL214C,YDL064W,0,-13.9069605,0.09210526198148727,1.0,0.9857142567634583
YNL127W,YBR265W,0,-13.96179,0.09206855297088623,1.0,0.9861471652984619
YHR069C,YGR197C,0,-13.982522,0.09203187376260757,1.0,0.9865800738334656
YDR256C,YJL167W,0,-14.057563,0.0919952243566513,1.0,0.9870129823684692
YMR012W,YLL019C,0,-14.077035,0.09195859730243683,1.0,0.9874458909034729
YDR022C,YOL005C,0,-14.077241,0.09192200750112534,1.0,0.9878787994384766
YFL014W,YPL146C,0,-14.082527,0.09188544005155563,1.0,0.9883117079734802
YKL026C,YPR051W,0,-14.13876,0.09184890985488892,1.0,0.9887446165084839
YOR095C,YOR018W,0,-14.213181,0.09181240200996399,1.0,0.9891774654388428
YER054C,YKL143W,0,-14.339126,0.09177592396736145,1.0,0.9896103739738464
YOL100W,YML024W,0,-14.390559,0.0917394757270813,1.0,0.9900432825088501
YOR113W,YJR070C,0,-14.488719,0.09170305728912354,1.0,0.9904761910438538
YDR069C,YJR070C,0,-14.558166,0.09166666865348816,1.0,0.9909090995788574
YIL036W,YDL051W,0,-14.727442,0.09163030236959457,1.0,0.9913420081138611
YFL014W,YAL029C,0,-14.768874,0.09159397333860397,1.0,0.9917749166488647
YKR076W,YOR269W,0,-14.956663,0.09155766665935516,1.0,0.9922077655792236
YDR211W,YJL141C,0,-14.9967985,0.09152139723300934,1.0,0.9926406741142273
YER054C,YIL008W,0,-15.154401,0.0914851501584053,1.0,0.993073582649231
YCL034W,YGR159C,0,-15.200233,0.09144893288612366,1.0,0.9935064911842346
YCR091W,YLR316C,0,-15.205524,0.0914127454161644,1.0,0.9939393997192383
YOR245C,YML024W,0,-15.270902,0.09137658029794693,1.0,0.9943723082542419
YFR028C,YLR270W,0,-15.290658,0.09134045243263245,1.0,0.9948052167892456
YKR046C,YHR196W,0,-15.298773,0.09130434691905975,1.0,0.9952380657196045
YER025W,YDR258C,0,-15.33325,0.09126827120780945,1.0,0.9956709742546082
YER020W,YDR165W,0,-15.346276,0.09123222529888153,1.0,0.9961038827896118
YFR001W,YOR036W,0,-15.463899,0.091196209192276,1.0,0.9965367913246155
YLR206W,YDR395W,0,-15.53299,0.09116022288799286,1.0,0.9969696998596191
YPL086C,YDR202C,0,-15.716285,0.09112425893545151,1.0,0.9974026083946228
YLR324W,YDR465C,0,-15.771666,0.09108832478523254,1.0,0.9978355169296265
YOR098C,YBR169C,0,-16.06758,0.09105242043733597,1.0,0.9982684254646301
YDR361C,YNL241C,0,-16.260956,0.09101654589176178,1.0,0.998701274394989
YGR109C,YGL053W,0,-16.303694,0.09098070114850998,1.0,0.9991341829299927
YHR171W,YDL031W,0,-16.46116,0.09094487875699997,1.0,0.9995670914649963
YHR069C,YPL087W,0,-17.374418,0.09090909361839294,1.0,1.0
