Gene A,Gene B,Label,Score,Precision,Recall,False Positive Rate
YOL088C,YLR336C,0,0.9481934,0.0,0.0,0.00010006003867601976
YMR121C,YML007W,0,0.85229635,0.0,0.0,0.00020012007735203952
YOR094W,YDL020C,0,0.8131042,0.0,0.0,0.00030018010875210166
YAL001C,YPL081W,0,0.8023009,0.0,0.0,0.00040024015470407903
YDR293C,YKL113C,1,0.7979011,0.20000000298023224,0.000994035741314292,0.00040024015470407903
YMR214W,YLL042C,0,0.762125,0.1666666716337204,0.000994035741314292,0.0005003002006560564
YLR128W,YJL014W,0,0.74019164,0.1428571492433548,0.000994035741314292,0.0006003602175042033
YGR183C,YJL111W,0,0.7343251,0.125,0.000994035741314292,0.0007004202343523502
YDR409W,YPL249C,0,0.72940606,0.1111111119389534,0.000994035741314292,0.0008004803094081581
YHR176W,YGL077C,0,0.70754087,0.10000000149011612,0.000994035741314292,0.000900540326256305
YER039C,YMR058W,0,0.7053291,0.09090909361839294,0.000994035741314292,0.0010006004013121128
YMR047C,YGL038C,0,0.69943655,0.0833333358168602,0.000994035741314292,0.0011006604181602597
YML007W,YOL137W,0,0.6924569,0.07692307978868484,0.000994035741314292,0.0012007204350084066
YLL039C,YDR324C,0,0.6853644,0.0714285746216774,0.000994035741314292,0.0013007804518565536
YIL121W,YNL134C,0,0.6834002,0.06666667014360428,0.000994035741314292,0.0014008404687047005
YER073W,YGL187C,0,0.67837906,0.0625,0.000994035741314292,0.0015009004855528474
YJL063C,YLR405W,0,0.6735658,0.05882352963089943,0.000994035741314292,0.0016009606188163161
YGR275W,YLL042C,0,0.6715476,0.0555555559694767,0.000994035741314292,0.001701020635664463
YOL088C,YJL122W,0,0.6643286,0.05263157933950424,0.000994035741314292,0.00180108065251261
YLR132C,YHL007C,0,0.6624505,0.05000000074505806,0.000994035741314292,0.0019011406693607569
YJR043C,YBL100W-B,1,0.6599639,0.095238097012043,0.001988071482628584,0.0019011406693607569
YGL043W,YOR005C,0,0.6326647,0.09090909361839294,0.001988071482628584,0.0020012008026242256
YKR060W,YGR028W,0,0.63126856,0.08695652335882187,0.001988071482628584,0.0021012607030570507
YPL081W,YHR178W,0,0.6302943,0.0833333358168602,0.001988071482628584,0.0022013208363205194
YNL126W,YJL154C,0,0.62445277,0.07999999821186066,0.001988071482628584,0.0023013807367533445
YAL033W,YDL185W,1,0.6242979,0.11538461595773697,0.0029821074567735195,0.0023013807367533445
YMR014W,YOR100C,0,0.6133602,0.1111111119389534,0.0029821074567735195,0.0024014408700168133
YBR073W,YBR126C,0,0.6126986,0.1071428582072258,0.0029821074567735195,0.002501501003280282
YKL113C,YOR256C,0,0.61121964,0.1034482792019844,0.0029821074567735195,0.002601560903713107
YNR054C,YMR052W,0,0.60231304,0.10000000149011612,0.0029821074567735195,0.002701621036976576
YPR104C,YOR030W,0,0.5914239,0.09677419066429138,0.0029821074567735195,0.002801680937409401
YNR073C,YDL153C,0,0.5852897,0.09375,0.0029821074567735195,0.0029017410706728697
YBR102C,YDR267C,0,0.58418405,0.09090909361839294,0.0029821074567735195,0.0030018009711056948
YHL007C,YDR142C,0,0.5810196,0.0882352963089943,0.0029821074567735195,0.0031018611043691635
YJL014W,YCR097W,0,0.58059865,0.08571428805589676,0.0029821074567735195,0.0032019212376326323
YMR079W,YDR519W,0,0.5799895,0.0833333358168602,0.0029821074567735195,0.0033019811380654573
YCR102C,YOR256C,0,0.57912743,0.0810810774564743,0.0029821074567735195,0.003402041271328926
YMR170C,YPR181C,0,0.5777168,0.07894736528396606,0.0029821074567735195,0.003502101171761751
YDR385W,YAL001C,0,0.5747903,0.07692307978868484,0.0029821074567735195,0.00360216130502522
YPL162C,YNL241C,0,0.569907,0.07500000298023224,0.0029821074567735195,0.0037022214382886887
YOR007C,YEL042W,0,0.56450456,0.0731707289814949,0.0029821074567735195,0.0038022813387215137
YEL055C,YLL015W,0,0.5600967,0.0714285746216774,0.0029821074567735195,0.0039023414719849825
YBR161W,YKL139W,0,0.55973417,0.06976744532585144,0.0029821074567735195,0.004002401605248451
YOR094W,YPR065W,0,0.55912346,0.06818182021379471,0.0029821074567735195,0.004102461505681276
YPL170W,YAR071W,0,0.5589631,0.06666667014360428,0.0029821074567735195,0.004202521406114101
YLL054C,YDR208W,0,0.5588952,0.06521739065647125,0.0029821074567735195,0.004302581772208214
YEL004W,YGL097W,0,0.55733746,0.06382978707551956,0.0029821074567735195,0.004402641672641039
YLR372W,YKR018C,0,0.5525649,0.0625,0.0029821074567735195,0.004502701573073864
YLR336C,YBR135W,0,0.5517948,0.06122449040412903,0.0029821074567735195,0.004602761473506689
YDL178W,YNL058C,0,0.5506106,0.05999999865889549,0.0029821074567735195,0.0047028218396008015
YJR017C,YGL257C,0,0.55024415,0.05882352963089943,0.0029821074567735195,0.0048028817400336266
YDR214W,YHR072W,0,0.54707783,0.057692307978868484,0.0029821074567735195,0.004902941640466452
YLR274W,YDL104C,0,0.54704094,0.056603774428367615,0.0029821074567735195,0.005003002006560564
YPL020C,YJL118W,0,0.54668355,0.0555555559694767,0.0029821074567735195,0.005103061906993389
YBL100W-B,YGR158C,1,0.5448428,0.072727270424366,0.003976142965257168,0.005103061906993389
YBR088C,YDR293C,0,0.5436518,0.0714285746216774,0.003976142965257168,0.005203121807426214
YGL130W,YIL131C,0,0.53946495,0.07017543911933899,0.003976142965257168,0.005303181707859039
YNL071W,YKL216W,0,0.5385199,0.06896551698446274,0.003976142965257168,0.005403242073953152
YHL007C,YPL152W,0,0.5362081,0.06779661029577255,0.003976142965257168,0.005503301974385977
YER144C,YLR210W,0,0.5349167,0.06666667014360428,0.003976142965257168,0.005603361874818802
YLR388W,YPL124W,0,0.53202724,0.06557376682758331,0.003976142965257168,0.005703422240912914
YOL119C,YLR399C,0,0.5303156,0.06451612710952759,0.003976142965257168,0.005803482141345739
YDL194W,YPR023C,0,0.5301856,0.0634920671582222,0.003976142965257168,0.0059035420417785645
YDR432W,YHR094C,0,0.5298545,0.0625,0.003976142965257168,0.0060036019422113895
YBR298C,YDL150W,0,0.5293201,0.0615384615957737,0.003976142965257168,0.006103662308305502
YMR260C,YMR244C-A,0,0.5292892,0.06060606241226196,0.003976142965257168,0.006203722208738327
YPL128C,YDR264C,0,0.5258445,0.05970149114727974,0.003976142965257168,0.006303782109171152
YBL067C,YLL005C,0,0.5256539,0.05882352963089943,0.003976142965257168,0.0064038424752652645
YLR376C,YML014W,0,0.5254267,0.05797101557254791,0.003976142965257168,0.00650390237569809
YNL075W,YJR159W,0,0.5254026,0.05714285746216774,0.003976142965257168,0.006603962276130915
YHR196W,YMR167W,0,0.52519155,0.056338027119636536,0.003976142965257168,0.006704022642225027
YML008C,YGL054C,0,0.52509236,0.0555555559694767,0.003976142965257168,0.006804082542657852
YJL051W,YOR007C,0,0.52472,0.054794520139694214,0.003976142965257168,0.006904142443090677
YML123C,YJR152W,0,0.5237662,0.054054055362939835,0.003976142965257168,0.007004202343523502
YMR293C,YCR042C,0,0.52370006,0.0533333346247673,0.003976142965257168,0.007104262709617615
YJL151C,YDL153C,0,0.5230724,0.05263157933950424,0.003976142965257168,0.00720432261005044
YKL120W,YJR019C,0,0.52241176,0.051948051899671555,0.003976142965257168,0.007304382510483265
YOR056C,YBR223C,1,0.52157366,0.06410256773233414,0.004970178939402103,0.007304382510483265
YLR226W,YJR044C,0,0.52131504,0.06329113990068436,0.004970178939402103,0.007404442876577377
YML014W,YPR140W,0,0.52058303,0.0625,0.004970178939402103,0.007504502777010202
YNL075W,YOR010C,0,0.5187023,0.06172839552164078,0.004970178939402103,0.0076045626774430275
YFR042W,YNL035C,0,0.5180561,0.060975611209869385,0.004970178939402103,0.007704622577875853
YER021W,YOL027C,0,0.5173191,0.0602409653365612,0.004970178939402103,0.007804682943969965
YBL016W,YHR034C,0,0.5172666,0.0595238097012043,0.004970178939402103,0.00790474284440279
YKR018C,YNR069C,0,0.51610917,0.05882352963089943,0.004970178939402103,0.008004803210496902
YIL158W,YNL229C,0,0.51586145,0.058139536529779434,0.004970178939402103,0.00810486264526844
YLR340W,YNL326C,0,0.5130735,0.05747126415371895,0.004970178939402103,0.008204923011362553
YGR240C,YLR155C,0,0.5101417,0.05681818351149559,0.004970178939402103,0.008304983377456665
YOR196C,YDR155C,0,0.50926656,0.056179776787757874,0.004970178939402103,0.008405042812228203
YMR014W,YPL057C,0,0.505958,0.0555555559694767,0.004970178939402103,0.008505103178322315
YOR231W,YCR097W,0,0.5055674,0.05494505539536476,0.004970178939402103,0.008605163544416428
YJL050W,YKL208W,0,0.5045711,0.054347824305295944,0.004970178939402103,0.008705222979187965
YBR132C,YHR128W,0,0.504407,0.05376344174146652,0.004970178939402103,0.008805283345282078
YLL005C,YGL160W,0,0.50395447,0.05319149047136307,0.004970178939402103,0.008905342780053616
YOR368W,YKL025C,1,0.50383943,0.06315789371728897,0.005964214913547039,0.008905342780053616
YNR023W,YGR166W,0,0.50312203,0.0625,0.005964214913547039,0.009005403146147728
YNL075W,YJL036W,0,0.50231785,0.06185567006468773,0.005964214913547039,0.00910546351224184
YPL086C,YNL014W,0,0.5020305,0.06122449040412903,0.005964214913547039,0.009205522947013378
YOR095C,YBR135W,0,0.5014413,0.06060606241226196,0.005964214913547039,0.00930558331310749
YKR010C,YMR214W,0,0.50093687,0.05999999865889549,0.005964214913547039,0.009405643679201603
YGL048C,YKL184W,0,0.50048333,0.059405941516160965,0.005964214913547039,0.00950570311397314
YDR294C,YGL054C,0,0.50042003,0.05882352963089943,0.005964214913547039,0.009605763480067253
YOR007C,YMR216C,0,0.5000636,0.058252427726984024,0.005964214913547039,0.009705823846161366
YNL134C,YPR033C,0,0.49831647,0.057692307978868484,0.005964214913547039,0.009805883280932903
YIL065C,YLR229C,0,0.49794084,0.05714285746216774,0.005964214913547039,0.009905943647027016
YHR134W,YBR021W,0,0.49673432,0.056603774428367615,0.005964214913547039,0.010006004013121128
YGR183C,YBR088C,0,0.4966849,0.05607476457953453,0.005964214913547039,0.010106063447892666
YBL105C,YIL122W,0,0.49562877,0.0555555559694767,0.005964214913547039,0.010206123813986778
YKL049C,YLL042C,0,0.4941404,0.055045872926712036,0.005964214913547039,0.010306183248758316
YJL113W,YMR285C,1,0.4940477,0.06363636255264282,0.006958250422030687,0.010306183248758316
YDR016C,YBR084C-A,0,0.49386477,0.06306306272745132,0.006958250422030687,0.010406243614852428
YGL156W,YNL113W,0,0.49240237,0.0625,0.006958250422030687,0.01050630398094654
YLR393W,YLR222C,0,0.4920236,0.06194690242409706,0.006958250422030687,0.010606363415718079
YFR046C,YGR166W,0,0.4903186,0.061403509229421616,0.006958250422030687,0.010706423781812191
YHL033C,YGL011C,0,0.49002582,0.06086956337094307,0.006958250422030687,0.010806484147906303
YHR121W,YMR216C,0,0.4898603,0.06034482643008232,0.006958250422030687,0.010906543582677841
YBR136W,YGR091W,0,0.4891736,0.05982905998826027,0.006958250422030687,0.011006603948771954
YDL066W,YJL036W,0,0.4891017,0.05932203307747841,0.006958250422030687,0.011106664314866066
YIL041W,YOR196C,0,0.48872882,0.05882352963089943,0.006958250422030687,0.011206723749637604
YNR054C,YGL184C,0,0.48860776,0.05833333358168602,0.006958250422030687,0.011306784115731716
YGL099W,YGR289C,0,0.48660982,0.057851240038871765,0.006958250422030687,0.011406844481825829
YBR298C,YDR324C,0,0.486108,0.05737704783678055,0.006958250422030687,0.011506903916597366
YMR024W,YBL055C,1,0.4845087,0.06504064798355103,0.007952285930514336,0.011506903916597366
YBL055C,YPL083C,1,0.4831764,0.07258064299821854,0.008946321904659271,0.011506903916597366
YKR098C,YLR051C,0,0.48252618,0.07199999690055847,0.008946321904659271,0.011606964282691479
YNL087W,YOR122C,0,0.48096025,0.0714285746216774,0.008946321904659271,0.011707024648785591
YNR073C,YLR336C,0,0.48006156,0.07086614519357681,0.008946321904659271,0.011807084083557129
YGR166W,YPL108W,0,0.4800419,0.0703125,0.008946321904659271,0.011907144449651241
YKR081C,YPR094W,0,0.47891825,0.06976744532585144,0.008946321904659271,0.012007203884422779
YNL002C,YMR030W,0,0.47817653,0.06923077255487442,0.008946321904659271,0.012107264250516891
YJL051W,YLR368W,0,0.4769828,0.06870228797197342,0.008946321904659271,0.012207324616611004
YNL064C,YBL005W-A,0,0.47563487,0.06818182021379471,0.008946321904659271,0.012307384051382542
YDL156W,YGR289C,0,0.47526112,0.06766917556524277,0.008946321904659271,0.012407444417476654
YGR074W,YPL266W,0,0.47423157,0.06716418266296387,0.008946321904659271,0.012507504783570766
YBR136W,YBR079C,0,0.46990362,0.06666667014360428,0.008946321904659271,0.012607564218342304
YFL031W,YBR088C,0,0.46986642,0.06617647409439087,0.008946321904659271,0.012707624584436417
YDL103C,YER048C,0,0.4692443,0.0656934306025505,0.008946321904659271,0.012807684950530529
YMR268C,YER169W,0,0.46779138,0.06521739065647125,0.008946321904659271,0.012907744385302067
YML123C,YJR159W,0,0.46565986,0.06474819779396057,0.008946321904659271,0.01300780475139618
YCR068W,YHL033C,0,0.46562308,0.06428571790456772,0.008946321904659271,0.013107865117490292
YML123C,YCR089W,0,0.46504498,0.06382978707551956,0.008946321904659271,0.01320792455226183
YMR068W,YAL047C,0,0.46255493,0.06338027864694595,0.008946321904659271,0.013307984918355942
YGR271C-A,YPL057C,0,0.46192116,0.06293706595897675,0.008946321904659271,0.013408045284450054
YDR293C,YJR063W,1,0.4618978,0.0694444477558136,0.009940357878804207,0.013408045284450054
YOR149C,YNL209W,0,0.4615009,0.06896551698446274,0.009940357878804207,0.013508104719221592
YLR340W,YDR519W,0,0.4604094,0.06849315017461777,0.009940357878804207,0.013608165085315704
YGR209C,YHR196W,0,0.46016574,0.06802721321582794,0.009940357878804207,0.013708224520087242
YDL194W,YMR154C,0,0.45956486,0.06756756454706192,0.009940357878804207,0.013808284886181355
YBL045C,YBR056W,0,0.4595571,0.06711409240961075,0.009940357878804207,0.013908345252275467
YOR329C,YDR119W,0,0.4592862,0.06666667014360428,0.009940357878804207,0.014008404687047005
YBR019C,YGR166W,0,0.45898756,0.06622516363859177,0.009940357878804207,0.014108465053141117
YNR063W,YBL101C,0,0.45847777,0.06578947603702545,0.009940357878804207,0.01420852541923523
YPR022C,YPL046C,0,0.45738417,0.06535948067903519,0.009940357878804207,0.014308584854006767
YOL094C,YDL079C,0,0.4568724,0.06493506580591202,0.009940357878804207,0.01440864522010088
YMR309C,YNL326C,0,0.45677355,0.06451612710952759,0.009940357878804207,0.014508705586194992
YMR293C,YJR002W,0,0.4566455,0.06410256773233414,0.009940357878804207,0.01460876502096653
YIL015W,YBL097W,0,0.45657793,0.06369426846504211,0.009940357878804207,0.014708825387060642
YBL040C,YOR073W,0,0.45581818,0.06329113990068436,0.009940357878804207,0.014808885753154755
YGL022W,YKL222C,0,0.4551195,0.0628930851817131,0.009940357878804207,0.014908945187926292
YNL232W,YER041W,1,0.45442912,0.06875000149011612,0.010934393852949142,0.014908945187926292
YCR067C,YOR293W,0,0.45316693,0.06832297891378403,0.010934393852949142,0.015009005554020405
YLR064W,YDL014W,0,0.45273596,0.06790123134851456,0.010934393852949142,0.015109064988791943
YLR003C,YDL174C,0,0.45146787,0.06748466193675995,0.010934393852949142,0.015209125354886055
YOR056C,YER041W,1,0.45136908,0.0731707289814949,0.011928429827094078,0.015209125354886055
YLR013W,YMR083W,0,0.4496076,0.072727270424366,0.011928429827094078,0.015309185720980167
YIR022W,YJL111W,0,0.4491083,0.07228915393352509,0.011928429827094078,0.015409245155751705
YML114C,YIR010W,0,0.44901475,0.071856290102005,0.011928429827094078,0.015509305521845818
YOR173W,YPR124W,0,0.4487529,0.0714285746216774,0.011928429827094078,0.01560936588793993
YLR071C,YAL055W,0,0.44868243,0.0710059180855751,0.011928429827094078,0.015709426254034042
YPR075C,YLR424W,0,0.4483526,0.07058823853731155,0.011928429827094078,0.01580948568880558
YDR206W,YOR122C,0,0.4481547,0.07017543911933899,0.011928429827094078,0.015909545123577118
YPL047W,YPL046C,0,0.4463296,0.06976744532585144,0.011928429827094078,0.016009606420993805
YGR087C,YJL014W,0,0.44600815,0.06936416029930115,0.011928429827094078,0.016109665855765343
YNL088W,YFL050C,0,0.44569784,0.06896551698446274,0.011928429827094078,0.01620972529053688
YKL125W,YBR004C,0,0.4451878,0.06857142597436905,0.011928429827094078,0.016309786587953568
YLR059C,YAL033W,1,0.44475716,0.07386363297700882,0.012922464869916439,0.016309786587953568
YDL002C,YDR307W,0,0.44392022,0.07344632595777512,0.012922464869916439,0.016409846022725105
YKL114C,YGL175C,1,0.44377178,0.07865168899297714,0.013916500844061375,0.016409846022725105
YNR073C,YNR063W,0,0.4434276,0.07821229100227356,0.013916500844061375,0.016509905457496643
YOR229W,YDL132W,0,0.44332397,0.07777778059244156,0.013916500844061375,0.01660996675491333
YMR260C,YHR102W,0,0.4426738,0.07734806835651398,0.013916500844061375,0.016710026189684868
YLR408C,YHR050W,0,0.44215065,0.07692307978868484,0.013916500844061375,0.016810085624456406
YAR071W,YHR200W,0,0.4406539,0.0765027329325676,0.013916500844061375,0.016910146921873093
YGL099W,YHR043C,0,0.43996882,0.07608695328235626,0.013916500844061375,0.01701020635664463
YMR045C,YLR143W,1,0.43996832,0.0810810774564743,0.01491053681820631,0.01701020635664463
YCL019W,YIR008C,0,0.43807644,0.08064515888690948,0.01491053681820631,0.017110265791416168
YFR028C,YDL020C,0,0.4367835,0.08021390438079834,0.01491053681820631,0.017210327088832855
YPR022C,YOR153W,0,0.4362303,0.0797872319817543,0.01491053681820631,0.017310386523604393
YLR398C,YCL020W,0,0.43619156,0.0793650820851326,0.01491053681820631,0.01741044595837593
YOR371C,YJL122W,0,0.435556,0.07894736528396606,0.01491053681820631,0.01751050539314747
YDL025C,YOR073W,0,0.4353342,0.07853402942419052,0.01491053681820631,0.017610566690564156
YGR258C,YBL018C,1,0.43523595,0.0833333358168602,0.01590457186102867,0.017610566690564156
YOL115W,YGR087C,0,0.43487176,0.08290155231952667,0.01590457186102867,0.017710626125335693
YKL114C,YDL185W,1,0.4344665,0.08762886375188828,0.016898607835173607,0.017710626125335693
YER142C,YJR027W,1,0.43445903,0.0923076942563057,0.017892643809318542,0.017710626125335693
YBR167C,YLR399C,0,0.43355674,0.09183673560619354,0.017892643809318542,0.01781068556010723
YDR346C,YIL010W,0,0.4328122,0.09137056022882462,0.017892643809318542,0.017910746857523918
YNL264C,YMR236W,0,0.43269604,0.09090909361839294,0.017892643809318542,0.018010806292295456
YEL046C,YGR249W,0,0.4305484,0.09045226126909256,0.017892643809318542,0.018110865727066994
YHR191C,YNL030W,0,0.43014127,0.09000000357627869,0.017892643809318542,0.01821092702448368
YNL064C,YAR003W,0,0.4295473,0.08955223858356476,0.017892643809318542,0.01831098645925522
YER006W,YHR045W,0,0.4294573,0.0891089141368866,0.017892643809318542,0.018411045894026756
YBL016W,YJL051W,0,0.42937928,0.08866994827985764,0.017892643809318542,0.018511107191443443
YGL012W,YNL093W,0,0.42932436,0.0882352963089943,0.017892643809318542,0.01861116662621498
YCL033C,YLL054C,0,0.42820752,0.08780487626791,0.017892643809318542,0.01871122606098652
YOR178C,YBR106W,0,0.42783827,0.08737864345312119,0.017892643809318542,0.018811287358403206
YMR044W,YLL010C,0,0.42743585,0.08695652335882187,0.017892643809318542,0.018911346793174744
YDR293C,YHR214C-B,1,0.42739248,0.09134615212678909,0.018886679783463478,0.018911346793174744
YLR059C,YDR263C,1,0.42732057,0.09569378197193146,0.019880715757608414,0.018911346793174744
YML072C,YDL122W,0,0.4269067,0.095238097012043,0.019880715757608414,0.01901140622794628
YBR186W,YLL015W,0,0.42625448,0.09478673338890076,0.019880715757608414,0.01911146752536297
YOR141C,YLR095C,0,0.4255687,0.09433962404727936,0.019880715757608414,0.019211526960134506
YDL168W,YDL178W,0,0.4254015,0.09389671683311462,0.019880715757608414,0.019311586394906044
YDR349C,YOL039W,0,0.42463037,0.09345794469118118,0.019880715757608414,0.01941164769232273
YBR152W,YJL093C,0,0.42455488,0.09302325546741486,0.019880715757608414,0.01951170712709427
YLR393W,YBR044C,0,0.42453426,0.09259258955717087,0.019880715757608414,0.019611766561865807
YMR197C,YKL139W,0,0.42357552,0.09216590225696564,0.019880715757608414,0.019711827859282494
YOR196C,YNR039C,0,0.42343426,0.0917431190609932,0.019880715757608414,0.01981188729405403
YDL227C,YPL022W,1,0.42321163,0.09589041024446487,0.02087475173175335,0.01981188729405403
YDR202C,YBR068C,0,0.42288855,0.09545454382896423,0.02087475173175335,0.01991194672882557
YAL055W,YJL014W,0,0.4228456,0.09502262622117996,0.02087475173175335,0.020012008026242256
YIL049W,YBR008C,0,0.42244536,0.09459459781646729,0.02087475173175335,0.020112067461013794
YAL042W,YNR075W,0,0.42232206,0.09417040646076202,0.02087475173175335,0.02021212689578533
YDR016C,YAR066W,0,0.42119992,0.09375,0.02087475173175335,0.02031218819320202
YNL071W,YLR405W,0,0.4207371,0.09333333373069763,0.02087475173175335,0.020412247627973557
YNR054C,YFL052W,0,0.42051888,0.09292035549879074,0.02087475173175335,0.020512307062745094
YKL025C,YIR003W,0,0.42038432,0.09251101315021515,0.02087475173175335,0.020612366497516632
YPL152W,YHR084W,0,0.4193556,0.09210526198148727,0.02087475173175335,0.02071242779493332
YDR119W,YLR155C,0,0.41839188,0.09170305728912354,0.02087475173175335,0.020812487229704857
YHR065C,YPL057C,0,0.41832754,0.09130434691905975,0.02087475173175335,0.020912546664476395
YDL188C,YNL113W,0,0.41755804,0.09090909361839294,0.02087475173175335,0.02101260796189308
YOR149C,YGR038W,0,0.4172634,0.09051723778247833,0.02087475173175335,0.02111266739666462
YOL137W,YML121W,0,0.41703135,0.09012875705957413,0.02087475173175335,0.021212726831436157
YML114C,YDR506C,0,0.41639698,0.08974359184503555,0.02087475173175335,0.021312788128852844
YIL063C,YBR199W,0,0.41639274,0.08936170488595963,0.02087475173175335,0.021412847563624382
YNL186W,YGL047W,0,0.41597173,0.08898305147886276,0.02087475173175335,0.02151290699839592
YHR164C,YLR312W-A,1,0.41571018,0.09282700717449188,0.021868787705898285,0.02151290699839592
YPR104C,YBR136W,0,0.41552743,0.09243697673082352,0.021868787705898285,0.021612968295812607
YEL004W,YHR042W,0,0.41518238,0.0920502096414566,0.021868787705898285,0.021713027730584145
YOR035C,YDR266C,0,0.41484684,0.09166666865348816,0.021868787705898285,0.021813087165355682
YOR361C,YOR035C,0,0.4142102,0.0912863090634346,0.021868787705898285,0.02191314846277237
YDL052C,YPR165W,0,0.41416076,0.09090909361839294,0.021868787705898285,0.022013207897543907
YDL005C,YER035W,0,0.41413918,0.09053497761487961,0.021868787705898285,0.022113267332315445
YMR059W,YKR056W,1,0.4140674,0.09426229447126389,0.02286282368004322,0.022113267332315445
YBR234C,YNL197C,0,0.4137237,0.09387755393981934,0.02286282368004322,0.022213328629732132
YHL018W,YFR004W,0,0.4136,0.0934959352016449,0.02286282368004322,0.02231338806450367
YPL020C,YNL254C,0,0.4132973,0.09311740845441818,0.02286282368004322,0.022413447499275208
YDR462W,YBR073W,0,0.41287273,0.0927419364452362,0.02286282368004322,0.022513508796691895
YAL014C,YIL103W,0,0.4127503,0.09236947447061539,0.02286282368004322,0.022613568231463432
YNL088W,YOR153W,0,0.41253448,0.09200000017881393,0.02286282368004322,0.02271362766623497
YPR201W,YIL082W-A,0,0.41243926,0.09163346886634827,0.02286282368004322,0.022813688963651657
YER048C,YFR055W,0,0.4120623,0.0912698432803154,0.02286282368004322,0.022913748398423195
YHR183W,YJR077C,0,0.41187203,0.09090909361839294,0.02286282368004322,0.023013807833194733
YMR164C,YDL010W,0,0.41150165,0.09055118262767792,0.02286282368004322,0.02311386913061142
YLR424W,YOR083W,0,0.41104627,0.09019608050584793,0.02286282368004322,0.023213928565382957
YIL065C,YML065W,0,0.41032937,0.08984375,0.02286282368004322,0.023313988000154495
YLR034C,YCR042C,0,0.410241,0.08949416130781174,0.02286282368004322,0.023414049297571182
YJL113W,YHR062C,1,0.41001284,0.09302325546741486,0.023856859654188156,0.023414049297571182
YDR385W,YJL184W,0,0.40998894,0.09266409277915955,0.023856859654188156,0.02351410873234272
YLR034C,YBL046W,0,0.40993157,0.0923076942563057,0.023856859654188156,0.023614168167114258
YJL145W,YNL315C,0,0.40977705,0.09195402264595032,0.023856859654188156,0.023714229464530945
YHL007C,YOR073W,0,0.40972596,0.09160305559635162,0.023856859654188156,0.023814288899302483
YNR056C,YER048C,0,0.4095042,0.09125475585460663,0.023856859654188156,0.02391434833407402
YKL107W,YBR088C,0,0.40946257,0.09090909361839294,0.023856859654188156,0.024014407768845558
YIR033W,YIL099W,0,0.40931264,0.09056603908538818,0.023856859654188156,0.024114469066262245
YNL058C,YHR200W,0,0.4090895,0.09022556245326996,0.023856859654188156,0.024214528501033783
YER146W,YOR198C,0,0.40870982,0.08988764137029648,0.023856859654188156,0.02431458793580532
YDR058C,YHR042W,0,0.408654,0.08955223858356476,0.023856859654188156,0.024414649233222008
YDR339C,YNL014W,0,0.40798715,0.08921933174133301,0.023856859654188156,0.024514708667993546
YOR371C,YJR144W,0,0.4078784,0.08888889104127884,0.023856859654188156,0.024614768102765083
YLR071C,YBR280C,0,0.40773034,0.08856088668107986,0.023856859654188156,0.02471482940018177
YLR262C,YNL315C,0,0.40723512,0.0882352963089943,0.023856859654188156,0.024814888834953308
YLR240W,YDR163W,0,0.40716225,0.08791209012269974,0.023856859654188156,0.024914948269724846
YGR108W,YNL053W,0,0.40648067,0.08759123831987381,0.023856859654188156,0.025015009567141533
YKR003W,YIL015W,0,0.40592247,0.08727272599935532,0.023856859654188156,0.02511506900191307
YDL232W,YLR332W,0,0.40589687,0.08695652335882187,0.023856859654188156,0.02521512843668461
YLR148W,YKR001C,0,0.40540123,0.08664260059595108,0.023856859654188156,0.025315189734101295
YDR363W,YBR106W,0,0.4052098,0.08633093535900116,0.023856859654188156,0.025415249168872833
YDR349C,YBR221C,0,0.40493256,0.08602150529623032,0.023856859654188156,0.02551530860364437
YBL100W-B,YLR059C,1,0.40469763,0.0892857164144516,0.024850893765687943,0.02551530860364437
YMR011W,YLL039C,0,0.40462872,0.08896797150373459,0.024850893765687943,0.025615369901061058
YDR462W,YOL110W,0,0.40450323,0.08865248411893845,0.024850893765687943,0.025715429335832596
YPL053C,YKL127W,0,0.40396932,0.08833922445774078,0.024850893765687943,0.025815488770604134
YIL082W-A,YDR484W,0,0.4037586,0.08802817016839981,0.024850893765687943,0.02591555006802082
YBR004C,YDL104C,0,0.40362078,0.08771929889917374,0.024850893765687943,0.02601560950279236
YDL232W,YBR008C,0,0.40260157,0.08741258829832077,0.024850893765687943,0.026115668937563896
YOL094C,YPL037C,0,0.4024398,0.08710801601409912,0.024850893765687943,0.026215730234980583
YEL016C,YML118W,1,0.40225714,0.0902777761220932,0.025844929739832878,0.026215730234980583
YER004W,YDL201W,0,0.40207243,0.08996539562940598,0.025844929739832878,0.02631578966975212
YLR242C,YNL327W,0,0.40200433,0.08965517580509186,0.025844929739832878,0.02641584910452366
YMR014W,YJR017C,0,0.40095997,0.08934707939624786,0.025844929739832878,0.026515910401940346
YIR028W,YGL234W,0,0.40082213,0.0890410989522934,0.025844929739832878,0.026615969836711884
YGR109C,YIL122W,0,0.40057704,0.08873720467090607,0.025844929739832878,0.02671602927148342
YLR405W,YKL167C,0,0.39999783,0.08843537420034409,0.025844929739832878,0.02681609056890011
YOR056C,YJR017C,0,0.3999601,0.08813559263944626,0.025844929739832878,0.026916150003671646
YJL151C,YCR089W,0,0.39956424,0.0878378376364708,0.025844929739832878,0.027016209438443184
YIL157C,YER073W,0,0.39954558,0.0875420868396759,0.025844929739832878,0.02711626887321472
YLR105C,YJR006W,1,0.39932358,0.0906040295958519,0.026838965713977814,0.02711626887321472
YDL126C,YJL138C,0,0.39896315,0.09030100703239441,0.026838965713977814,0.02721633017063141
YLR298C,YKL120W,0,0.39848393,0.09000000357627869,0.026838965713977814,0.027316389605402946
YGL085W,YHR079C,1,0.3981723,0.09302325546741486,0.02783300168812275,0.027316389605402946
YOR094W,YPR082C,0,0.39790082,0.09271523356437683,0.02783300168812275,0.027416449040174484
YER118C,YMR154C,0,0.39715573,0.09240923821926117,0.02783300168812275,0.02751651033759117
YPR075C,YHR178W,0,0.39689615,0.09210526198148727,0.02783300168812275,0.02761656977236271
YKL107W,YFL022C,0,0.39678484,0.09180327504873276,0.02783300168812275,0.027716629207134247
YMR021C,YGL065C,0,0.39656153,0.09150326997041702,0.02783300168812275,0.027816690504550934
YJL137C,YIL121W,0,0.39638758,0.09120520949363708,0.02783300168812275,0.02791674993932247
YER035W,YNL220W,0,0.39622545,0.09090909361839294,0.02783300168812275,0.02801680937409401
YBR253W,YPL283C,0,0.3955735,0.09061488509178162,0.02783300168812275,0.028116870671510696
YDR104C,YDR346C,0,0.3950151,0.0903225839138031,0.02783300168812275,0.028216930106282234
YPR145W,YIL010W,0,0.39480802,0.09003215283155441,0.02783300168812275,0.028316989541053772
YKL211C,YNL327W,0,0.39479434,0.08974359184503555,0.02783300168812275,0.02841705083847046
YNL222W,YFL002C,0,0.39437693,0.08945687115192413,0.02783300168812275,0.028517110273241997
YLR070C,YIL103W,0,0.3939014,0.08917197585105896,0.02783300168812275,0.028617169708013535
YPR079W,YFL034C-A,0,0.39350802,0.08888889104127884,0.02783300168812275,0.02871723100543022
YER157W,YIL050W,0,0.39341846,0.08860759437084198,0.02783300168812275,0.02881729044020176
YPR025C,YMR216C,0,0.39281562,0.08832807838916779,0.02783300168812275,0.028917349874973297
YLR059C,YOR368W,1,0.3926335,0.09119496494531631,0.028827037662267685,0.028917349874973297
YLR376C,YAR003W,0,0.3918984,0.09090909361839294,0.028827037662267685,0.029017411172389984
YKR081C,YGR067C,0,0.39181474,0.09062500298023224,0.028827037662267685,0.029117470607161522
YDR073W,YGR271C-A,0,0.39121485,0.090342678129673,0.028827037662267685,0.02921753004193306
YCL019W,YMR121C,0,0.39091307,0.09006211161613464,0.028827037662267685,0.029317591339349747
YOL006C,YBR227C,0,0.39036632,0.08978328108787537,0.028827037662267685,0.029417650774121284
YKL221W,YLR319C,0,0.3900021,0.08950617164373398,0.028827037662267685,0.029517710208892822
YGL100W,YGL047W,0,0.39000154,0.08923076838254929,0.028827037662267685,0.02961777150630951
YKL025C,YDR037W,0,0.39000118,0.0889570564031601,0.028827037662267685,0.029717830941081047
YBR161W,YHR045W,0,0.38996488,0.08868501335382462,0.028827037662267685,0.029817890375852585
YPL046C,YML075C,0,0.38961196,0.08841463178396225,0.028827037662267685,0.029917951673269272
YDL168W,YMR189W,0,0.38948542,0.0881458967924118,0.028827037662267685,0.03001801110804081
YER119C,YFL031W,0,0.38911578,0.08787878602743149,0.028827037662267685,0.030118070542812347
YKL018W,YLR424W,0,0.38896883,0.0876132920384407,0.028827037662267685,0.030218129977583885
YIL127C,YPR075C,0,0.3886632,0.08734939992427826,0.028827037662267685,0.030318191275000572
YJL113W,YMR260C,0,0.38847858,0.08708708733320236,0.028827037662267685,0.03041825070977211
YPL128C,YJR019C,0,0.38838607,0.08682634681463242,0.028827037662267685,0.030518310144543648
YDR462W,YBR084C-A,0,0.38834658,0.08656716346740723,0.028827037662267685,0.030618371441960335
YKR080W,YNR032W,0,0.38783658,0.0863095223903656,0.028827037662267685,0.030718430876731873
YBR110W,YGR092W,0,0.38776526,0.08605341613292694,0.028827037662267685,0.03081849031150341
YBR152W,YBL097W,0,0.3872677,0.08579881489276886,0.028827037662267685,0.030918551608920097
YGL255W,YOR133W,0,0.38698012,0.08554572612047195,0.028827037662267685,0.031018611043691635
YPL053C,YBL099W,0,0.38685924,0.08529412001371384,0.028827037662267685,0.031118670478463173
YKL208W,YOL021C,0,0.3867177,0.08504398912191391,0.028827037662267685,0.03121873177587986
YOL089C,YJL104W,0,0.3867064,0.08479531854391098,0.028827037662267685,0.0313187912106514
YER142C,YBR012W-B,1,0.38645345,0.08746355772018433,0.02982107363641262,0.0313187912106514
YGL099W,YIR003W,0,0.3863141,0.0872092992067337,0.02982107363641262,0.031418852508068085
YJL154C,YNL220W,0,0.38578486,0.08695652335882187,0.02982107363641262,0.03151891008019447
YOR214C,YCR048W,0,0.38552475,0.08670520037412643,0.02982107363641262,0.03161897137761116
YAL033W,YDL102W,1,0.38547665,0.08933717757463455,0.030815109610557556,0.03161897137761116
YDR324C,YKL193C,0,0.3851623,0.08908046036958694,0.030815109610557556,0.03171903267502785
YHR102W,YOR077W,0,0.38480324,0.08882521837949753,0.030815109610557556,0.031819090247154236
YJL051W,YBR179C,0,0.38445842,0.08857142925262451,0.030815109610557556,0.03191915154457092
YKL096W,YKL216W,0,0.38441914,0.0883190855383873,0.030815109610557556,0.03201921284198761
YNL152W,YDR255C,0,0.38429782,0.08806817978620529,0.030815109610557556,0.032119270414114
YCL019W,YDR352W,0,0.3841968,0.0878186970949173,0.030815109610557556,0.032219331711530685
YJL113W,YLR222C,0,0.38391113,0.08757062256336212,0.030815109610557556,0.03231939300894737
YLL036C,YMR167W,0,0.38326994,0.08732394129037857,0.030815109610557556,0.03241945058107376
YGR257C,YDL156W,0,0.3831814,0.08707865327596664,0.030815109610557556,0.03251951187849045
YGR284C,YDL014W,0,0.38316938,0.08683473616838455,0.030815109610557556,0.032619573175907135
YJR056C,YLR274W,0,0.38314003,0.0865921750664711,0.030815109610557556,0.032719630748033524
YKR056W,YBR167C,1,0.38246846,0.08913648873567581,0.03180914372205734,0.032719630748033524
YOL006C,YDL044C,0,0.38238508,0.08888889104127884,0.03180914372205734,0.03281969204545021
YBR103W,YLR119W,0,0.38237008,0.0886426568031311,0.03180914372205734,0.0329197533428669
YAR050W,YGL208W,0,0.38235372,0.0883977934718132,0.03180914372205734,0.033019810914993286
YCR079W,YJL184W,0,0.38215852,0.08815427124500275,0.03180914372205734,0.03311987221240997
YPR082C,YBR102C,0,0.38212183,0.08791209012269974,0.03180914372205734,0.03321993350982666
YMR024W,YDR279W,1,0.3820227,0.09041095525026321,0.03280318155884743,0.03321993350982666
YHR034C,YIL031W,0,0.38188773,0.0901639312505722,0.03280318155884743,0.03331999108195305
YKR010C,YBR133C,0,0.38124776,0.08991825580596924,0.03280318155884743,0.033420052379369736
YGL254W,YOR064C,0,0.3812372,0.08967391401529312,0.03280318155884743,0.03352011367678642
YML029W,YJR088C,0,0.38045305,0.08943089097738266,0.03280318155884743,0.03362017124891281
YIR033W,YJR056C,0,0.38014793,0.08918918669223785,0.03280318155884743,0.0337202325463295
YBR167C,YNL097C,0,0.3800516,0.08894878625869751,0.03280318155884743,0.033820293843746185
YLR388W,YOR336W,0,0.37988138,0.08870967477560043,0.03280318155884743,0.033920351415872574
YHR141C,YDR264C,0,0.37978512,0.08847185224294662,0.03280318155884743,0.03402041271328926
YHL022C,YNR052C,1,0.37968117,0.09090909361839294,0.033797215670347214,0.03402041271328926
YMR280C,YML026C,0,0.3796526,0.09066666662693024,0.033797215670347214,0.03412047401070595
YER073W,YLR362W,0,0.37964866,0.0904255285859108,0.033797215670347214,0.034220531582832336
YCR067C,YOL006C,0,0.37950587,0.09018567949533463,0.033797215670347214,0.03432059288024902
YMR119W,YJR093C,0,0.3793505,0.08994708955287933,0.033797215670347214,0.03442065417766571
YFR046C,YNL097C,0,0.37922692,0.08970976620912552,0.033797215670347214,0.0345207117497921
YDR163W,YMR121C,0,0.3780759,0.08947368711233139,0.033797215670347214,0.034620773047208786
YLR298C,YJL113W,0,0.37786576,0.08923884481191635,0.033797215670347214,0.03472083434462547
YDR538W,YBR288C,0,0.37785447,0.0890052393078804,0.033797215670347214,0.03482089191675186
YPR124W,YPL249C,0,0.37757525,0.08877284824848175,0.033797215670347214,0.03492095321416855
YHL033C,YDR163W,0,0.37756306,0.0885416641831398,0.033797215670347214,0.03502101078629494
YGR157W,YOR122C,0,0.37717795,0.08831168711185455,0.033797215670347214,0.035121072083711624
YCL019W,YOL080C,1,0.37700114,0.09067357331514359,0.0347912535071373,0.035121072083711624
YNL064C,YDR104C,0,0.3762867,0.09043927490711212,0.0347912535071373,0.03522113338112831
YPR104C,YDL020C,0,0.37615055,0.09020618349313736,0.0347912535071373,0.0353211909532547
YLR342W,YDR043C,0,0.3759339,0.0899742916226387,0.0347912535071373,0.03542125225067139
YCL045C,YLR388W,0,0.3757787,0.08974359184503555,0.0347912535071373,0.035521313548088074
YDL185W,YCR035C,1,0.3757336,0.09207160770893097,0.035785287618637085,0.035521313548088074
YHR216W,YGR284C,0,0.37567824,0.09183673560619354,0.035785287618637085,0.03562137112021446
YGL181W,YLR424W,0,0.37552923,0.09160305559635162,0.035785287618637085,0.03572143241763115
YCR042C,YBR239C,0,0.3753833,0.09137056022882462,0.035785287618637085,0.035821493715047836
YOR095C,YCL038C,0,0.37514514,0.09113924205303192,0.035785287618637085,0.035921551287174225
YCR068W,YGL012W,0,0.3748262,0.09090909361839294,0.035785287618637085,0.03602161258459091
YKR081C,YDL049C,0,0.37462407,0.09068010002374649,0.035785287618637085,0.0361216738820076
YDR385W,YIR008C,0,0.37408137,0.09045226126909256,0.035785287618637085,0.03622173145413399
YJL076W,YPL069C,0,0.37405637,0.09022556245326996,0.035785287618637085,0.036321792751550674
YOL110W,YPR124W,0,0.37388423,0.09000000357627869,0.035785287618637085,0.03642185404896736
YOR144C,YDR294C,0,0.37373024,0.08977556228637695,0.035785287618637085,0.03652191162109375
YHR079C,YMR137C,1,0.37366825,0.0920398011803627,0.03677932545542717,0.03652191162109375
YIL023C,YOL041C,0,0.3732466,0.0918114110827446,0.03677932545542717,0.03662197291851044
YNL064C,YCL019W,0,0.37302452,0.09158416092395782,0.03677932545542717,0.036722034215927124
YMR288W,YBL097W,0,0.37253028,0.09135802835226059,0.03677932545542717,0.03682209178805351
YDL153C,YPR140W,0,0.37208027,0.0911330059170723,0.03677932545542717,0.0369221530854702
YKR098C,YMR067C,0,0.37195364,0.09090909361839294,0.03677932545542717,0.03702221438288689
YNL126W,YHR043C,0,0.371922,0.09068627655506134,0.03677932545542717,0.037122271955013275
YLR398C,YCR097W,0,0.37188053,0.09046454727649689,0.03677932545542717,0.03722233325242996
YGR048W,YDL150W,0,0.37149367,0.09024390578269958,0.03677932545542717,0.03732239454984665
YIR034C,YML026C,0,0.37145802,0.09002432972192764,0.03677932545542717,0.03742245212197304
YBL102W,YOR293W,0,0.37134928,0.08980582654476166,0.03677932545542717,0.037522513419389725
YNL209W,YJR017C,0,0.37119678,0.08958838135004044,0.03677932545542717,0.03762257471680641
YDR162C,YLR022C,0,0.37016073,0.08937197923660278,0.03677932545542717,0.0377226322889328
YDL226C,YKL035W,0,0.36976898,0.0891566276550293,0.03677932545542717,0.03782269358634949
YPL083C,YKR056W,1,0.36907083,0.09134615212678909,0.037773359566926956,0.03782269358634949
YGL099W,YCR003W,0,0.3686372,0.09112709760665894,0.037773359566926956,0.037922754883766174
YOL013C,YBR021W,0,0.36851373,0.09090909361839294,0.037773359566926956,0.03802281245589256
YOR144C,YLR148W,0,0.3679291,0.09069212526082993,0.037773359566926956,0.03812287375330925
YNL014W,YJR067C,0,0.36788422,0.09047619253396988,0.037773359566926956,0.03822293505072594
YIL082W-A,YER035W,0,0.3678366,0.09026128053665161,0.037773359566926956,0.038322992622852325
YOL013C,YDR266C,0,0.3677705,0.09004739671945572,0.037773359566926956,0.03842305392026901
YKL096W,YJR056C,0,0.36773062,0.08983451873064041,0.037773359566926956,0.0385231152176857
YDR194C,YGR277C,0,0.36755416,0.08962263911962509,0.037773359566926956,0.03862317278981209
YGL055W,YDL239C,0,0.36736676,0.08941176533699036,0.037773359566926956,0.038723234087228775
YER039C,YGR207C,0,0.36717144,0.08920187503099442,0.037773359566926956,0.03882329538464546
YKL163W,YPL128C,0,0.36714187,0.08899297565221786,0.037773359566926956,0.03892335295677185
YML131W,YKR065C,0,0.3669968,0.08878504484891891,0.037773359566926956,0.03902341425418854
YDR006C,YPL005W,0,0.36673066,0.08857809007167816,0.037773359566926956,0.039123475551605225
YEL063C,YPL081W,0,0.36628667,0.08837209641933441,0.037773359566926956,0.03922353312373161
YDR104C,YDR184C,0,0.3662766,0.08816705644130707,0.037773359566926956,0.0393235944211483
YNL002C,YGR278W,0,0.36611056,0.08796296268701553,0.037773359566926956,0.03942365571856499
YOR196C,YOR140W,0,0.36581185,0.08775981515645981,0.037773359566926956,0.039523713290691376
YLR408C,YCR048W,0,0.3656537,0.0875576063990593,0.037773359566926956,0.03962377458810806
YLR216C,YBR244W,0,0.36491144,0.0873563215136528,0.037773359566926956,0.03972383588552475
YFL022C,YPL249C,0,0.36476266,0.08715596050024033,0.037773359566926956,0.03982389345765114
YOL013C,YDR316W,0,0.36458063,0.08695652335882187,0.037773359566926956,0.039923954755067825
YMR234W,YER041W,1,0.36455774,0.0890410989522934,0.03876739740371704,0.039923954755067825
YOR064C,YIL017C,0,0.36426532,0.08883827179670334,0.03876739740371704,0.04002401605248451
YNL067W,YKR039W,0,0.36408433,0.0886363610625267,0.03876739740371704,0.0401240736246109
YER069W,YER042W,0,0.3639026,0.08843537420034409,0.03876739740371704,0.04022413492202759
YBR004C,YBR106W,0,0.36326575,0.0882352963089943,0.03876739740371704,0.040324196219444275
YBR084C-A,YKL222C,0,0.36324936,0.08803611993789673,0.03876739740371704,0.04042425379157066
YBR253W,YDL049C,0,0.36317712,0.0878378376364708,0.03876739740371704,0.04052431508898735
YMR116C,YPR009W,0,0.3627513,0.08764044940471649,0.03876739740371704,0.04062437638640404
YHR063C,YDR331W,0,0.36233142,0.08744394779205322,0.03876739740371704,0.040724433958530426
YBL004W,YJL091C,0,0.3623111,0.08724832534790039,0.03876739740371704,0.04082449525594711
YGR109C,YDR085C,0,0.36202028,0.0870535746216774,0.03876739740371704,0.0409245565533638
YIL157C,YOL041C,0,0.3620029,0.08685968816280365,0.03876739740371704,0.04102461412549019
YEL077C,YBR070C,0,0.3618285,0.08666666597127914,0.03876739740371704,0.041124675422906876
YOR178C,YAR071W,0,0.3616234,0.08647450059652328,0.03876739740371704,0.041224732995033264
YKL149C,YJR029W,1,0.36104348,0.08849557489156723,0.03976143151521683,0.041224732995033264
YPR052C,YDR198C,0,0.36103615,0.08830022066831589,0.03976143151521683,0.04132479429244995
YER039C,YLR336C,0,0.36068994,0.08810572326183319,0.03976143151521683,0.04142485558986664
YMR293C,YLR362W,0,0.36015424,0.08791209012269974,0.03976143151521683,0.04152491316199303
YJR029W,YML091C,1,0.35972974,0.0899122804403305,0.040755465626716614,0.04152491316199303
YML064C,YDR452W,0,0.35904312,0.08971553295850754,0.040755465626716614,0.041624974459409714
YPL124W,YBR008C,0,0.35903576,0.08951964974403381,0.040755465626716614,0.0417250357568264
YHR063C,YML064C,0,0.35874054,0.08932461589574814,0.040755465626716614,0.04182509332895279
YBR073W,YHR043C,0,0.3587383,0.08913043141365051,0.040755465626716614,0.041925154626369476
YML019W,YGR289C,0,0.35837206,0.08893709629774094,0.040755465626716614,0.04202521592378616
YOR256C,YDR352W,0,0.35796675,0.08874458819627762,0.040755465626716614,0.04212527349591255
YBR257W,YMR024W,1,0.35758364,0.09071274101734161,0.0417495034635067,0.04212527349591255
YLR342W,YOR028C,0,0.35747132,0.09051723778247833,0.0417495034635067,0.04222533479332924
YDR016C,YGL008C,0,0.35746685,0.0903225839138031,0.0417495034635067,0.042325396090745926
YPL246C,YML001W,0,0.35713086,0.09012875705957413,0.0417495034635067,0.042425453662872314
YJL204C,YML121W,0,0.35708314,0.08993575721979141,0.0417495034635067,0.042525514960289
YPR082C,YDR156W,0,0.3570295,0.08974359184503555,0.0417495034635067,0.04262557625770569
YMR011W,YBR044C,0,0.35696855,0.08955223858356476,0.0417495034635067,0.04272563382983208
YGR287C,YDR097C,0,0.35693702,0.08936170488595963,0.0417495034635067,0.042825695127248764
YLR410W,YER021W,0,0.35688633,0.08917197585105896,0.0417495034635067,0.04292575642466545
YKR081C,YGR132C,0,0.35687104,0.08898305147886276,0.0417495034635067,0.04302581399679184
YLR059C,YNL282W,1,0.3568692,0.09090909361839294,0.042743537575006485,0.04302581399679184
YFR028C,YJL099W,0,0.3565467,0.09071730077266693,0.042743537575006485,0.04312587529420853
YHR069C,YEL016C,1,0.35652727,0.09263157844543457,0.04373757541179657,0.04312587529420853
YOR144C,YNL336W,0,0.35623854,0.09243697673082352,0.04373757541179657,0.043225936591625214
YMR161W,YLR424W,0,0.35619903,0.09224318712949753,0.04373757541179657,0.0433259941637516
YDL207W,YER018C,0,0.35601968,0.0920502096414566,0.04373757541179657,0.04342605546116829
YNR073C,YER118C,0,0.35584503,0.09185803681612015,0.04373757541179657,0.043526116758584976
YDR084C,YLR066W,0,0.3557682,0.09166666865348816,0.04373757541179657,0.043626174330711365
YDL020C,YOL027C,0,0.35491964,0.09147609025239944,0.04373757541179657,0.04372623562812805
YMR024W,YAL047C,0,0.3548017,0.0912863090634346,0.04373757541179657,0.04382629692554474
YCR068W,YDR156W,0,0.35466927,0.09109731018543243,0.04373757541179657,0.04392635449767113
YCR066W,YGR087C,0,0.35460383,0.09090909361839294,0.04373757541179657,0.044026415795087814
YNL088W,YPR066W,0,0.35451508,0.09072165191173553,0.04373757541179657,0.0441264770925045
YHL009C,YER122C,0,0.35422716,0.09053497761487961,0.04373757541179657,0.04422653466463089
YDR073W,YNL067W,0,0.35406756,0.09034907817840576,0.04373757541179657,0.04432659596204758
YBR133C,YNL014W,0,0.35394353,0.0901639312505722,0.04373757541179657,0.044426657259464264
YJL113W,YPL005W,0,0.35391048,0.08997955173254013,0.04373757541179657,0.04452671483159065
YBL084C,YIL122W,0,0.3539071,0.08979591727256775,0.04373757541179657,0.04462677612900734
YIL016W,YOR003W,0,0.35383815,0.08961303532123566,0.04373757541179657,0.044726837426424026
YML025C,YNL148C,0,0.3535674,0.08943089097738266,0.04373757541179657,0.044826894998550415
YDR348C,YKL160W,0,0.3534371,0.08924949169158936,0.04373757541179657,0.0449269562959671
YDR113C,YLR256W,0,0.3532638,0.08906882256269455,0.04373757541179657,0.04502701759338379
YDL066W,YNL148C,0,0.35314378,0.08888889104127884,0.04373757541179657,0.04512707516551018
YCL019W,YFL050C,0,0.35308623,0.08870967477560043,0.04373757541179657,0.045227136462926865
YML039W,YGL173C,1,0.35290855,0.09054326266050339,0.044731609523296356,0.045227136462926865
YNL067W,YBL100W-A,0,0.35285434,0.09036144614219666,0.044731609523296356,0.04532719776034355
YBR235W,YBR186W,0,0.3527823,0.09018035978078842,0.044731609523296356,0.04542725533246994
YDL193W,YLR275W,0,0.35270086,0.09000000357627869,0.044731609523296356,0.04552731662988663
YDL004W,YDR225W,0,0.35250396,0.08982036262750626,0.044731609523296356,0.045627377927303314
YGL055W,YGR128C,0,0.352455,0.08964143693447113,0.044731609523296356,0.0457274354994297
YBL084C,YNR049C,0,0.35232276,0.08946321904659271,0.044731609523296356,0.04582749679684639
YBL105C,YBR110W,0,0.3519047,0.0892857164144516,0.044731609523296356,0.04592755809426308
YPR082C,YNL005C,0,0.35173845,0.0891089141368866,0.044731609523296356,0.046027615666389465
YGL038C,YMR268C,0,0.35152358,0.08893280476331711,0.044731609523296356,0.04612767696380615
YCR003W,YKR039W,0,0.3514506,0.08875739574432373,0.044731609523296356,0.04622773826122284
YPR061C,YBR044C,0,0.3512059,0.08858267962932587,0.044731609523296356,0.04632779583334923
YDL010W,YPL081W,0,0.3510391,0.08840864151716232,0.044731609523296356,0.046427857130765915
YKR081C,YFL062W,0,0.35073614,0.0882352963089943,0.044731609523296356,0.0465279184281826
YKL125W,YLR057W,0,0.3505374,0.08806262165307999,0.044731609523296356,0.04662797600030899
YNL071W,YML123C,0,0.35035622,0.087890625,0.044731609523296356,0.04672803729772568
YDL188C,YDR208W,0,0.349734,0.08771929889917374,0.044731609523296356,0.046828098595142365
YNL254C,YBR014C,0,0.34965098,0.0875486359000206,0.044731609523296356,0.04692815616726875
YOR312C,YKR039W,0,0.34962076,0.08737864345312119,0.044731609523296356,0.04702821746468544
YDR294C,YFL053W,0,0.3494559,0.0872092992067337,0.044731609523296356,0.04712827876210213
YGL134W,YIL158W,0,0.34911335,0.08704061806201935,0.044731609523296356,0.047228336334228516
YLR081W,YIL073C,0,0.34894782,0.08687258511781693,0.044731609523296356,0.0473283976316452
YLR059C,YLR105C,1,0.34833825,0.08863198757171631,0.04572564736008644,0.0473283976316452
YIR003W,YOR196C,0,0.34793955,0.08846154063940048,0.04572564736008644,0.04742845892906189
YKL101W,YCR083W,0,0.3479244,0.08829174935817719,0.04572564736008644,0.04752851650118828
YHR091C,YJR002W,0,0.34771347,0.08812260627746582,0.04572564736008644,0.047628577798604965
YER069W,YNL030W,0,0.34769922,0.08795411139726639,0.04572564736008644,0.047728635370731354
YGL124C,YBR154C,0,0.3473847,0.08778625726699829,0.04572564736008644,0.04782869666814804
YBL042C,YFR004W,0,0.34733516,0.08761905133724213,0.04572564736008644,0.04792875796556473
YGL100W,YNL272C,0,0.34679955,0.0874524712562561,0.04572564736008644,0.048028815537691116
YGL011C,YJL104W,0,0.34621087,0.08728652447462082,0.04572564736008644,0.0481288768351078
YPR079W,YOL041C,0,0.34620437,0.08712121099233627,0.04572564736008644,0.04822893813252449
YDR408C,YFL002C,0,0.3460272,0.08695652335882187,0.04572564736008644,0.04832899570465088
YMR011W,YIL066C,0,0.34590062,0.08679245412349701,0.04572564736008644,0.048429057002067566
YOL006C,YMR291W,0,0.34574354,0.0866290032863617,0.04572564736008644,0.04852911829948425
YHR079C-A,YDR198C,0,0.3452587,0.08646616339683533,0.04572564736008644,0.04862917587161064
YGR249W,YDR198C,0,0.345109,0.0863039419054985,0.04572564736008644,0.04872923716902733
YMR293C,YFR004W,0,0.34481514,0.08614232391119003,0.04572564736008644,0.048829298466444016
YOL142W,YPL083C,1,0.34443045,0.08785046637058258,0.04671968147158623,0.048829298466444016
YAL015C,YOL142W,1,0.3441719,0.08955223858356476,0.04771371930837631,0.048829298466444016
YHL002W,YMR014W,0,0.34416434,0.08938547223806381,0.04771371930837631,0.048929356038570404
YOR058C,YOR010C,0,0.34404853,0.08921933174133301,0.04771371930837631,0.04902941733598709
YNL035C,YGR284C,0,0.34374815,0.08905380219221115,0.04771371930837631,0.04912947863340378
YHR183W,YBR104W,0,0.34348518,0.08888889104127884,0.04771371930837631,0.04922953620553017
YNL186W,YDR084C,0,0.34340414,0.08872458338737488,0.04771371930837631,0.049329597502946854
YGR133W,YPL217C,0,0.34338385,0.08856088668107986,0.04771371930837631,0.04942965880036354
YDR182W,YLR319C,0,0.34334022,0.0883977934718132,0.04771371930837631,0.04952971637248993
YCR071C,YPL212C,0,0.3433118,0.0882352963089943,0.04771371930837631,0.049629777669906616
YDL004W,YNL035C,0,0.34312373,0.08807339519262314,0.04771371930837631,0.0497298389673233
YGR121C,YLR226W,0,0.34281418,0.08791209012269974,0.04771371930837631,0.04982989653944969
YJL137C,YHR091C,0,0.34258163,0.0877513736486435,0.04771371930837631,0.04992995783686638
YGL048C,YJL204C,0,0.3417098,0.08759123831987381,0.04771371930837631,0.050030019134283066
YER069W,YKR092C,0,0.3415027,0.08743169158697128,0.04771371930837631,0.050130076706409454
YER035W,YGL077C,0,0.34141392,0.08727272599935532,0.04771371930837631,0.05023013800382614
YPL164C,YMR060C,0,0.34112445,0.08711433410644531,0.04771371930837631,0.05033019930124283
YJR091C,YFL008W,0,0.34078157,0.08695652335882187,0.04771371930837631,0.05043025687336922
YJL115W,YNL097C,0,0.3407532,0.08679927885532379,0.04771371930837631,0.050530318170785904
YJL138C,YHR102W,0,0.34035397,0.08664260059595108,0.04771371930837631,0.05063037946820259
YNL069C,YCR079W,0,0.34004512,0.08648648858070374,0.04771371930837631,0.05073043704032898
YNL075W,YKL163W,0,0.3399045,0.08633093535900116,0.04771371930837631,0.050830498337745667
YJL154C,YDR266C,0,0.3398959,0.08617594093084335,0.04771371930837631,0.050930559635162354
YDR214W,YNL222W,0,0.3398766,0.08602150529623032,0.04771371930837631,0.05103061720728874
YHR216W,YJR017C,0,0.33956933,0.08586762100458145,0.04771371930837631,0.05113067850470543
YPL217C,YJR095W,0,0.33930045,0.08571428805589676,0.04771371930837631,0.051230739802122116
YHR065C,YHR166C,0,0.33923954,0.08556149899959564,0.04771371930837631,0.051330797374248505
YMR260C,YGR041W,0,0.3389728,0.0854092538356781,0.04771371930837631,0.05143085867166519
YLR240W,YGL131C,0,0.33857805,0.08525755256414413,0.04771371930837631,0.05153091996908188
YFL052W,YBR167C,0,0.3385448,0.08510638028383255,0.04771371930837631,0.05163097754120827
YJR159W,YBR244W,0,0.33821148,0.08495575189590454,0.04771371930837631,0.051731038838624954
YPL047W,YLR002C,0,0.33817893,0.08480565249919891,0.04771371930837631,0.05183110013604164
YNL047C,YBR014C,0,0.3381722,0.08465608209371567,0.04771371930837631,0.05193115770816803
YCR089W,YOR188W,0,0.33766052,0.0845070406794548,0.04771371930837631,0.05203121900558472
YOR130C,YLR222C,0,0.33765835,0.08435852080583572,0.04771371930837631,0.052131280303001404
YGL131C,YJL113W,0,0.3375165,0.08421052992343903,0.04771371930837631,0.05223133787512779
YLR240W,YPR018W,0,0.33670688,0.08406304568052292,0.04771371930837631,0.05233139917254448
YBR004C,YER075C,0,0.33660832,0.0839160829782486,0.04771371930837631,0.052431460469961166
YLR307W,YKR025W,0,0.33645827,0.08376963436603546,0.04771371930837631,0.052531518042087555
YHR104W,YDL064W,0,0.33637288,0.08362369239330292,0.04771371930837631,0.05263157933950424
YDL174C,YKR025W,0,0.33624992,0.08347826451063156,0.04771371930837631,0.05273164063692093
YML029W,YDL150W,0,0.3360242,0.0833333358168602,0.04771371930837631,0.05283169820904732
YDR540C,YNL047C,0,0.3359526,0.08318890631198883,0.04771371930837631,0.052931759506464005
YNL229C,YML075C,0,0.3357848,0.08304498344659805,0.04771371930837631,0.05303182080388069
YPR009W,YPL181W,0,0.33553678,0.08290155231952667,0.04771371930837631,0.05313187837600708
YPR075C,YCR066W,0,0.33538368,0.08275862038135529,0.04771371930837631,0.05323193967342377
YBL066C,YKR024C,0,0.33502266,0.0826161801815033,0.04771371930837631,0.053332000970840454
YML066C,YFL034C-B,0,0.33497882,0.0824742242693901,0.04771371930837631,0.05343205854296684
YIL082W-A,YOL043C,1,0.334681,0.08404802531003952,0.0487077534198761,0.05343205854296684
YDR307W,YKL018W,0,0.33467454,0.08390410989522934,0.0487077534198761,0.05353211984038353
YGR133W,YKL107W,0,0.3343972,0.08376068621873856,0.0487077534198761,0.05363218113780022
YPR164W,YNL177C,0,0.33428094,0.08361774682998657,0.0487077534198761,0.053732238709926605
YPL237W,YBR204C,0,0.33379987,0.08347529917955399,0.0487077534198761,0.05383230000734329
YOR328W,YPL128C,0,0.33377087,0.0833333358168602,0.0487077534198761,0.05393235757946968
YDR541C,YER160C,0,0.33331132,0.08319184929132462,0.0487077534198761,0.05403241887688637
YIL117C,YJL002C,0,0.33301502,0.08305084705352783,0.0487077534198761,0.054132480174303055
YBR110W,YML075C,0,0.3326578,0.08291032165288925,0.0487077534198761,0.05423253774642944
YAL032C,YDR198C,0,0.33258227,0.08277027308940887,0.0487077534198761,0.05433259904384613
YPL283C,YIL031W,0,0.3320264,0.0826306939125061,0.0487077534198761,0.05443266034126282
YBL004W,YHR034C,0,0.33174148,0.08249158412218094,0.0487077534198761,0.054532717913389206
YNR012W,YML121W,0,0.33169627,0.08235294371843338,0.0487077534198761,0.05463277921080589
YAL055W,YLL032C,0,0.33154052,0.08221476525068283,0.0487077534198761,0.05473284050822258
YNR023W,YNL336W,0,0.33134058,0.08207704871892929,0.0487077534198761,0.05483289808034897
YAR050W,YNL209W,0,0.33126563,0.08193980157375336,0.0487077534198761,0.054932959377765656
YCR073C,YLR398C,0,0.33064222,0.08180300146341324,0.0487077534198761,0.05503302067518234
YDR016C,YDR480W,0,0.33001083,0.08166666328907013,0.0487077534198761,0.05513307824730873
YNL085W,YKL011C,1,0.3296572,0.08319467306137085,0.049701787531375885,0.05513307824730873
YBR019C,YOR231W,0,0.32939425,0.0830564796924591,0.049701787531375885,0.05523313954472542
YMR113W,YNL087W,0,0.32931682,0.08291874080896378,0.049701787531375885,0.055333200842142105
YNL221C,YDR478W,1,0.32917526,0.08443708717823029,0.05069582536816597,0.055333200842142105
YCL030C,YCR083W,0,0.32872674,0.08429752290248871,0.05069582536816597,0.055433258414268494
YCL011C,YKL222C,0,0.32865524,0.08415841311216354,0.05069582536816597,0.05553331971168518
YGR240C,YNL058C,0,0.32862264,0.08401977270841599,0.05069582536816597,0.05563338100910187
YHR016C,YGL133W,0,0.3284871,0.08388157933950424,0.05069582536816597,0.055733438581228256
YLR105C,YOL042W,1,0.3284213,0.08538588136434555,0.051689859479665756,0.055733438581228256
YDR143C,YNR075W,0,0.3283211,0.08524589985609055,0.051689859479665756,0.05583349987864494
YNL058C,YDL191W,0,0.32807332,0.08510638028383255,0.051689859479665756,0.05593356117606163
YHR216W,YER069W,0,0.327833,0.08496732264757156,0.051689859479665756,0.05603361874818802
YLL036C,YOR339C,0,0.32780445,0.08482871204614639,0.051689859479665756,0.056133680045604706
YJR056C,YNR075W,0,0.32751954,0.08469055593013763,0.051689859479665756,0.05623374134302139
YEL011W,YPL118W,0,0.32684654,0.08455284684896469,0.051689859479665756,0.05633379891514778
YMR323W,YPL037C,0,0.32628623,0.08441558480262756,0.051689859479665756,0.05643386021256447
YKL112W,YOR339C,0,0.32603317,0.08427876979112625,0.051689859479665756,0.056533921509981155
YHR214C-B,YKL011C,1,0.3258836,0.08576051890850067,0.05268389731645584,0.056533921509981155
YJL091C,YDL191W,0,0.325822,0.08562196791172028,0.05268389731645584,0.056633979082107544
YGR033C,YGR109C,0,0.3257421,0.08548387140035629,0.05268389731645584,0.05673404037952423
YHL009C,YHR107C,0,0.32554764,0.08534621447324753,0.05268389731645584,0.05683410167694092
YGL077C,YJL036W,0,0.32544217,0.08520900458097458,0.05268389731645584,0.056934159249067307
YML019W,YKR046C,0,0.32528397,0.08507223427295685,0.05268389731645584,0.057034220546483994
YGL038C,YPL108W,0,0.3252004,0.08493589609861374,0.05268389731645584,0.05713428184390068
YJR090C,YPR107C,0,0.32505357,0.08479999750852585,0.05268389731645584,0.05723433941602707
YPL009C,YLL023C,0,0.32497638,0.08466453850269318,0.05268389731645584,0.057334400713443756
YNL125C,YIL082W-A,0,0.3247374,0.08452950417995453,0.05268389731645584,0.05743446201086044
YPL211W,YLR431C,0,0.3246808,0.0843949019908905,0.05268389731645584,0.05753451958298683
YGR068C,YKL208W,0,0.32465473,0.0842607319355011,0.05268389731645584,0.05763458088040352
YBL016W,YML026C,0,0.32464856,0.08412698656320572,0.05268389731645584,0.057734642177820206
YNL102W,YHR079C,1,0.32386255,0.08557844907045364,0.05367793142795563,0.057734642177820206
YBR161W,YBR104W,0,0.32382226,0.08544303476810455,0.05367793142795563,0.057834699749946594
YDR156W,YDL239C,0,0.3236771,0.08530806005001068,0.05367793142795563,0.05793476104736328
YGR275W,YOL119C,0,0.32314348,0.08517350256443024,0.05367793142795563,0.05803482234477997
YER065C,YBL009W,0,0.32309896,0.08503936976194382,0.05367793142795563,0.05813487991690636
YLR408C,YGL130W,0,0.32296324,0.08490566164255142,0.05367793142795563,0.058234941214323044
YMR029C,YMR083W,0,0.32279184,0.08477237075567245,0.05367793142795563,0.05833500251173973
YLR424W,YIL122W,0,0.32254094,0.08463949710130692,0.05367793142795563,0.05843506008386612
YDR221W,YGL022W,0,0.32247794,0.0845070406794548,0.05367793142795563,0.058535121381282806
YBR258C,YDL132W,0,0.32213396,0.08437500149011612,0.05367793142795563,0.05863518267869949
YAL005C,YGL207W,0,0.32201687,0.08424337208271027,0.05367793142795563,0.05873524025082588
YIR033W,YOR005C,0,0.32152116,0.08411215245723724,0.05367793142795563,0.05883530154824257
YOR128C,YBR234C,0,0.3214314,0.08398133516311646,0.05367793142795563,0.058935362845659256
YPL086C,YKR001C,0,0.32139713,0.0838509351015091,0.05367793142795563,0.059035420417785645
YAR003W,YOR188W,0,0.32136986,0.08372092992067337,0.05367793142795563,0.05913548171520233
YJL184W,YDR484W,0,0.32129988,0.08359133452177048,0.05367793142795563,0.05923554301261902
YKL065C,YDL236W,0,0.32124245,0.08346213400363922,0.05367793142795563,0.05933560058474541
YDL191W,YIR008C,0,0.32107627,0.0833333358168602,0.05367793142795563,0.059435661882162094
YGR287C,YGL254W,0,0.3210022,0.08320493251085281,0.05367793142795563,0.05953572317957878
YDR446W,YPL020C,0,0.3208751,0.08307692408561707,0.05367793142795563,0.05963578075170517
YNR069C,YBR110W,0,0.32086498,0.08294931054115295,0.05367793142795563,0.05973584204912186
YPR025C,YIL067C,0,0.32056844,0.08282208442687988,0.05367793142795563,0.059835903346538544
YBL066C,YPL255W,0,0.32024282,0.08269525319337845,0.05367793142795563,0.05993596091866493
YOR190W,YGR091W,0,0.32015997,0.08256880939006805,0.05367793142795563,0.06003602221608162
YHR063C,YPR124W,0,0.31983617,0.0824427455663681,0.05367793142795563,0.06013607978820801
YCL019W,YLR143W,1,0.31856316,0.0838414654135704,0.05467196926474571,0.06013607978820801
YBR280C,YDR540C,0,0.31848937,0.08371385186910629,0.05467196926474571,0.060236141085624695
YDR225W,YCR088W,0,0.31810287,0.08358662575483322,0.05467196926474571,0.06033620238304138
YGR068C,YBR135W,0,0.31801766,0.08345978707075119,0.05467196926474571,0.06043625995516777
YDR214W,YMR199W,0,0.31793854,0.0833333358168602,0.05467196926474571,0.06053632125258446
YPR061C,YML010W,0,0.31790996,0.08320726454257965,0.05467196926474571,0.060636382550001144
YLR312W-A,YIL080W,1,0.3177771,0.08459214866161346,0.0556660033762455,0.060636382550001144
YBL100W-B,YBL018C,1,0.31766433,0.0859728530049324,0.056660041213035583,0.060636382550001144
YGL099W,YDR017C,0,0.31758368,0.08584337681531906,0.056660041213035583,0.06073644012212753
YHR091C,YMR260C,0,0.31748506,0.08571428805589676,0.056660041213035583,0.06083650141954422
YLR071C,YML058W,0,0.3169653,0.0855855867266655,0.056660041213035583,0.06093656271696091
YGR033C,YGL125W,0,0.31693023,0.08545727282762527,0.056660041213035583,0.061036620289087296
YDR386W,YBL055C,1,0.31681246,0.08682634681463242,0.05765407532453537,0.061036620289087296
YBR258C,YDR225W,0,0.3167379,0.0866965651512146,0.05765407532453537,0.06113668158650398
YMR167W,YPL079W,0,0.3162402,0.08656716346740723,0.05765407532453537,0.06123674288392067
YMR011W,YBL036C,0,0.31613302,0.0864381492137909,0.05765407532453537,0.06133680045604706
YIL099W,YNL152W,0,0.31606627,0.0863095223903656,0.05765407532453537,0.061436861753463745
YPR033C,YOR367W,0,0.31599095,0.08618127554655075,0.05765407532453537,0.06153692305088043
YIL063C,YBR079C,0,0.31597307,0.08605341613292694,0.05765407532453537,0.06163698062300682
YMR092C,YLL023C,0,0.31586614,0.08592592924833298,0.05765407532453537,0.06173704192042351
YEL042W,YOL058W,0,0.31582612,0.08579881489276886,0.05765407532453537,0.061837103217840195
YNL209W,YNL272C,0,0.3157612,0.08567208051681519,0.05765407532453537,0.06193716078996658
YJL087C,YDR280W,1,0.31552237,0.08702065050601959,0.058648113161325455,0.06193716078996658
YAL014C,YEL042W,0,0.3154851,0.08689248561859131,0.058648113161325455,0.06203722208738327
YLR320W,YGR087C,0,0.31544912,0.08676470816135406,0.058648113161325455,0.06213728338479996
YGR109C,YLR421C,0,0.31521767,0.08663729578256607,0.058648113161325455,0.062237340956926346
YAL015C,YJR063W,1,0.31495985,0.08797653764486313,0.05964214727282524,0.062237340956926346
YLR297W,YBR239C,0,0.31475055,0.08784773200750351,0.05964214727282524,0.06233740225434303
YBR098W,YJR064W,0,0.3145732,0.08771929889917374,0.05964214727282524,0.06243746355175972
YBL040C,YDL058W,0,0.31448984,0.08759123831987381,0.05964214727282524,0.06253752112388611
YBR265W,YDR293C,0,0.3144061,0.08746355772018433,0.05964214727282524,0.0626375824213028
YBR021W,YDR180W,0,0.3142728,0.08733624219894409,0.05964214727282524,0.06273764371871948
YNL321W,YFR004W,0,0.3139989,0.0872092992067337,0.05964214727282524,0.06283770501613617
YLR210W,YOR303W,0,0.3139525,0.08708272874355316,0.05964214727282524,0.06293776631355286
YIR028W,YGR098C,0,0.3135694,0.08695652335882187,0.05964214727282524,0.06303782016038895
YCR017C,YBR044C,0,0.31332332,0.08683068305253983,0.05964214727282524,0.06313788145780563
YDL010W,YDR037W,0,0.3131799,0.08670520037412643,0.05964214727282524,0.06323794275522232
YHR003C,YDL239C,0,0.3128919,0.08658009022474289,0.05964214727282524,0.06333800405263901
YJL051W,YGR028W,0,0.31269804,0.0864553302526474,0.05964214727282524,0.0634380653500557
YGR158C,YDR478W,1,0.31261986,0.08776978403329849,0.06063618138432503,0.0634380653500557
YLR051C,YDR363W,0,0.3123986,0.08764367550611496,0.06063618138432503,0.06353811919689178
YIL016W,YNR063W,0,0.31229782,0.08751793205738068,0.06063618138432503,0.06363818049430847
YOL088C,YHR034C,0,0.31227064,0.08739255368709564,0.06063618138432503,0.06373824179172516
YMR021C,YGL043W,0,0.3122674,0.08726752549409866,0.06063618138432503,0.06383830308914185
YJR019C,YLR355C,0,0.31223708,0.08714285492897034,0.06063618138432503,0.06393836438655853
YBR223C,YAR009C,1,0.31209874,0.08844507485628128,0.06163021922111511,0.06393836438655853
YER075C,YDL147W,0,0.3120141,0.0883190855383873,0.06163021922111511,0.06403842568397522
YIL023C,YLR022C,0,0.31190413,0.08819345384836197,0.06163021922111511,0.06413847953081131
YPL088W,YMR024W,0,0.31182817,0.08806817978620529,0.06163021922111511,0.064238540828228
YPR107C,YPR121W,0,0.31179202,0.08794326335191727,0.06163021922111511,0.06433860212564468
YGR287C,YNR063W,0,0.3117491,0.0878186970949173,0.06163021922111511,0.06443866342306137
YIL085C,YHR104W,0,0.31158477,0.08769448101520538,0.06163021922111511,0.06453872472047806
YOL034W,YGR172C,0,0.31148863,0.08757062256336212,0.06163021922111511,0.06463878601789474
YJL184W,YOR035C,0,0.31117013,0.08744710683822632,0.06163021922111511,0.06473883986473083
YDR519W,YHR152W,0,0.3110301,0.08732394129037857,0.06163021922111511,0.06483890116214752
YOR284W,YPR052C,0,0.3108105,0.08720112591981888,0.06163021922111511,0.06493896245956421
YHL033C,YER035W,0,0.31079513,0.08707865327596664,0.06163021922111511,0.0650390237569809
YIR007W,YLR095C,0,0.3105717,0.08695652335882187,0.06163021922111511,0.06513908505439758
YDR293C,YEL016C,1,0.31033355,0.0882352963089943,0.0626242533326149,0.06513908505439758
YCR079W,YNL021W,0,0.31031168,0.08811188489198685,0.0626242533326149,0.06523914635181427
YOL146W,YGR096W,0,0.3102731,0.08798882365226746,0.0626242533326149,0.06533920019865036
YPL227C,YNR069C,0,0.31023577,0.08786610513925552,0.0626242533326149,0.06543926149606705
YPR020W,YMR197C,0,0.31021827,0.08774372935295105,0.0626242533326149,0.06553932279348373
YBR179C,YOR153W,0,0.31009996,0.08762169629335403,0.0626242533326149,0.06563938409090042
YGL100W,YEL060C,0,0.31006148,0.08749999850988388,0.0626242533326149,0.06573944538831711
YOR354C,YNR049C,0,0.3098893,0.08737864345312119,0.0626242533326149,0.0658395066857338
YGR087C,YGL257C,0,0.309747,0.08725761622190475,0.0626242533326149,0.06593956053256989
YIL099W,YHR115C,0,0.30966622,0.08713693171739578,0.0626242533326149,0.06603962182998657
YPL211W,YBR203W,0,0.30961052,0.08701657503843307,0.0626242533326149,0.06613968312740326
YER094C,YGL008C,0,0.30944404,0.08689655363559723,0.0626242533326149,0.06623974442481995
YHR104W,YIL015W,0,0.30941713,0.08677686005830765,0.0626242533326149,0.06633980572223663
YLR035C,YIL044C,0,0.3088227,0.08665749430656433,0.0626242533326149,0.06643986701965332
YJL051W,YBR293W,0,0.3086523,0.08653846383094788,0.0626242533326149,0.06653992086648941
YLR376C,YDR338C,0,0.30831602,0.08641975373029709,0.0626242533326149,0.0666399821639061
YDR294C,YJL111W,0,0.30817044,0.08630137145519257,0.0626242533326149,0.06674004346132278
YLR116W,YDR027C,0,0.308161,0.08618330955505371,0.0626242533326149,0.06684010475873947
YOR153W,YHR176W,0,0.3079405,0.08606557548046112,0.0626242533326149,0.06694016605615616
YAL005C,YGL100W,0,0.30786026,0.0859481617808342,0.0626242533326149,0.06704022735357285
YKL113C,YPL230W,0,0.3075323,0.08583106100559235,0.0626242533326149,0.06714028120040894
YGR033C,YOR210W,0,0.30743805,0.08571428805589676,0.0626242533326149,0.06724034249782562
YJR064W,YNL093W,0,0.30722275,0.08559782803058624,0.0626242533326149,0.06734040379524231
YMR047C,YLR155C,0,0.30716863,0.0854816809296608,0.0626242533326149,0.067440465092659
YEL020C,YCR043C,0,0.3069836,0.08536585420370102,0.0626242533326149,0.06754052639007568
YPL124W,YLR022C,0,0.30686605,0.08525034040212631,0.0626242533326149,0.06764058768749237
YMR323W,YHR166C,0,0.30648556,0.08513513207435608,0.0626242533326149,0.06774064153432846
YMR024W,YGL029W,0,0.30628076,0.08502024412155151,0.0626242533326149,0.06784070283174515
YDL103C,YFL050C,0,0.3060771,0.08490566164255142,0.0626242533326149,0.06794076412916183
YCL026C-A,YDR409W,0,0.30596477,0.0847913846373558,0.0626242533326149,0.06804082542657852
YHR141C,YPL124W,0,0.30564654,0.08467742055654526,0.0626242533326149,0.06814088672399521
YPR075C,YJR152W,0,0.30554697,0.08456376194953918,0.0626242533326149,0.0682409480214119
YML118W,YDL150W,0,0.30548453,0.08445040136575699,0.0626242533326149,0.06834100186824799
YAL021C,YCR093W,1,0.30522883,0.08567603677511215,0.06361828744411469,0.06834100186824799
YGR038W,YHR045W,0,0.30510762,0.08556149899959564,0.06361828744411469,0.06844106316566467
YOR284W,YDR043C,0,0.30502322,0.0854472666978836,0.06361828744411469,0.06854112446308136
YAR008W,YGL173C,1,0.3046162,0.08666666597127914,0.06461232900619507,0.06854112446308136
YPL046C,YGL179C,0,0.3045762,0.08655126392841339,0.06461232900619507,0.06864118576049805
YER039C,YPL005W,0,0.30451083,0.08643616735935211,0.06461232900619507,0.06874124705791473
YDR363W,YIL122W,0,0.3043384,0.0863213837146759,0.06461232900619507,0.06884130835533142
YIL063C,YHR026W,0,0.3042705,0.08620689809322357,0.06461232900619507,0.06894136220216751
YCR069W,YPL029W,0,0.30411136,0.08609271794557571,0.06461232900619507,0.0690414234995842
YDL168W,YJR161C,0,0.30407318,0.08597883582115173,0.06461232900619507,0.06914148479700089
YER003C,YDR540C,0,0.30404878,0.08586525917053223,0.06461232900619507,0.06924154609441757
YFL062W,YLR319C,0,0.3040122,0.0857519805431366,0.06461232900619507,0.06934160739183426
YGL094C,YNR052C,1,0.30393007,0.08695652335882187,0.06560636311769485,0.06934160739183426
YDR104C,YDL064W,0,0.3038277,0.08684210479259491,0.06560636311769485,0.06944166868925095
YAL005C,YNL186W,0,0.3037985,0.08672799170017242,0.06560636311769485,0.06954172253608704
YGL001C,YGR148C,0,0.30360645,0.08661417663097382,0.06560636311769485,0.06964178383350372
YLR398C,YKR003W,0,0.30353618,0.08650065213441849,0.06560636311769485,0.06974184513092041
YLR035C,YHR203C,0,0.30336547,0.08638743311166763,0.06560636311769485,0.0698419064283371
YNL152W,YPL181W,0,0.3032631,0.08627451211214066,0.06560636311769485,0.06994196772575378
YBR019C,YFR004W,0,0.30322307,0.08616188168525696,0.06560636311769485,0.07004202157258987
YCR102C,YCR069W,0,0.30316198,0.08604954183101654,0.06560636311769485,0.07014208287000656
YGR049W,YCR008W,0,0.30315685,0.0859375,0.06560636311769485,0.07024214416742325
YNR012W,YER065C,0,0.3029546,0.08582574874162674,0.06560636311769485,0.07034220546483994
YPR103W,YOR198C,0,0.3029257,0.08571428805589676,0.06560636311769485,0.07044226676225662
YML024W,YPL249C,0,0.3029186,0.08560311049222946,0.06560636311769485,0.07054232805967331
YGR158C,YER138C,1,0.30251086,0.08678756654262543,0.06660039722919464,0.07054232805967331
YDL193W,YMR014W,0,0.30246854,0.08667529374361038,0.06660039722919464,0.0706423819065094
YBL050W,YGL022W,0,0.30244046,0.08656330406665802,0.06660039722919464,0.07074244320392609
YPL053C,YJR159W,0,0.30209565,0.08645161241292953,0.06660039722919464,0.07084250450134277
YMR323W,YPR033C,0,0.30199584,0.08634020388126373,0.06660039722919464,0.07094256579875946
YPL211W,YPL015C,0,0.30180532,0.08622908592224121,0.06660039722919464,0.07104262709617615
YLR376C,YDL153C,0,0.30176118,0.08611825108528137,0.06660039722919464,0.07114268839359283
YPR181C,YPL003W,0,0.30170065,0.08600769937038422,0.06660039722919464,0.07124274224042892
YGL124C,YBR084C-A,0,0.3015977,0.08589743822813034,0.06660039722919464,0.07134280353784561
YLR388W,YDR163W,0,0.30148906,0.08578745275735855,0.06660039722919464,0.0714428648352623
YPR075C,YJR056C,0,0.3014361,0.08567775040864944,0.06660039722919464,0.07154292613267899
YDL194W,YML062C,0,0.3014299,0.08556832373142242,0.06660039722919464,0.07164298743009567
YFL062W,YCR043C,0,0.30132005,0.08545918017625809,0.06660039722919464,0.07174304872751236
YGR028W,YPR082C,0,0.3013106,0.08535031974315643,0.06660039722919464,0.07184310257434845
YBR257W,YHR164C,1,0.3012725,0.08651399612426758,0.06759443134069443,0.07184310257434845
YOR329C,YBR215W,0,0.301266,0.08640406280755997,0.06759443134069443,0.07194316387176514
YDL188C,YDR480W,0,0.30097,0.08629441261291504,0.06759443134069443,0.07204322516918182
YGR157W,YLR222C,0,0.30086145,0.0861850455403328,0.06759443134069443,0.07214328646659851
YMR283C,YHR043C,0,0.3008458,0.08607594668865204,0.06759443134069443,0.0722433477640152
YLR408C,YDR163W,0,0.30079937,0.08596713095903397,0.06759443134069443,0.07234340906143188
YKL222C,YNL093W,0,0.30068102,0.08585858345031738,0.06759443134069443,0.07244346290826797
YIL099W,YML126C,0,0.30054632,0.08575031161308289,0.06759443134069443,0.07254352420568466
YDR214W,YMR260C,0,0.30043834,0.08564231544733047,0.06759443134069443,0.07264358550310135
YJL139C,YLR002C,0,0.3000919,0.08553458750247955,0.06759443134069443,0.07274364680051804
YIR028W,YBL101C,0,0.30007267,0.08542713522911072,0.06759443134069443,0.07284370809793472
YDR489W,YEL009C,0,0.29998302,0.08531995117664337,0.06759443134069443,0.07294376939535141
YLR297W,YBR135W,0,0.2999047,0.08521303534507751,0.06759443134069443,0.0730438232421875
YLR002C,YBR244W,0,0.29945928,0.08510638028383255,0.06759443134069443,0.07314388453960419
YNL071W,YOR361C,0,0.2994409,0.08500000089406967,0.06759443134069443,0.07324394583702087
YIL131C,YKR087C,0,0.29939315,0.08489388227462769,0.06759443134069443,0.07334400713443756
YKL113C,YMR059W,1,0.29929638,0.08603491634130478,0.06858847290277481,0.07334400713443756
YNL323W,YDL044C,0,0.29928184,0.08592776954174042,0.06858847290277481,0.07344406843185425
YJR093C,YGR098C,0,0.298892,0.08582089841365814,0.06858847290277481,0.07354412972927094
YGR157W,YDL092W,0,0.2988026,0.08571428805589676,0.06858847290277481,0.07364418357610703
YGL086W,YDR538W,0,0.2986908,0.08560793846845627,0.06858847290277481,0.07374424487352371
YDL132W,YJL092W,0,0.29861265,0.08550185710191727,0.06858847290277481,0.0738443061709404
YPR151C,YBR070C,0,0.2982517,0.08539603650569916,0.06858847290277481,0.07394436746835709
YGL145W,YHR032W,0,0.29800576,0.08529048413038254,0.06858847290277481,0.07404442876577377
YAL015C,YBR167C,1,0.29777688,0.08641975373029709,0.0695825070142746,0.07404442876577377
YFL062W,YLR399C,0,0.2973966,0.08631319552659988,0.0695825070142746,0.07414449006319046
YFL062W,YML026C,0,0.29737017,0.08620689809322357,0.0695825070142746,0.07424454391002655
YNR073C,YMR058W,0,0.29732075,0.08610086143016815,0.0695825070142746,0.07434460520744324
YNR054C,YGL130W,0,0.29704994,0.08599508553743362,0.0695825070142746,0.07444466650485992
YOR362C,YBR083W,0,0.2968763,0.08588957041501999,0.0695825070142746,0.07454472780227661
YNR036C,YHR065C,0,0.29675573,0.08578431606292725,0.0695825070142746,0.0746447890996933
YPR145W,YDL052C,0,0.2966712,0.0856793150305748,0.0695825070142746,0.07474485039710999
YIL023C,YNL124W,0,0.29664183,0.08557457476854324,0.0695825070142746,0.07484490424394608
YBR098W,YLR216C,0,0.29646817,0.08547008782625198,0.0695825070142746,0.07494496554136276
YGR059W,YNL053W,0,0.29637957,0.08536585420370102,0.0695825070142746,0.07504502683877945
YBR203W,YDL153C,0,0.29633936,0.08526187390089035,0.0695825070142746,0.07514508813619614
YFR004W,YPL046C,0,0.29633898,0.08515815436840057,0.0695825070142746,0.07524514943361282
YPL152W,YNL088W,0,0.29627663,0.0850546807050705,0.0695825070142746,0.07534521073102951
YJR091C,YGL097W,0,0.29611996,0.08495145291090012,0.0695825070142746,0.0754452645778656
YKR081C,YOR202W,0,0.29599738,0.08484848588705063,0.0695825070142746,0.07554532587528229
YPL232W,YNR051C,0,0.2954282,0.08474576473236084,0.0695825070142746,0.07564538717269897
YCL038C,YGR172C,0,0.29527506,0.08464328944683075,0.0695825070142746,0.07574544847011566
YNL088W,YGL011C,0,0.29494682,0.08454106003046036,0.0695825070142746,0.07584550976753235
YFR042W,YOL091W,0,0.29491612,0.08443908393383026,0.0695825070142746,0.07594557106494904
YLR405W,YNL014W,0,0.29480976,0.08433734625577927,0.0695825070142746,0.07604562491178513
YKR081C,YPR020W,0,0.29466137,0.08423586189746857,0.0695825070142746,0.07614568620920181
YKR045C,YMR291W,0,0.29459378,0.08413461595773697,0.0695825070142746,0.0762457475066185
YIR003W,YGR278W,0,0.2942545,0.08403361588716507,0.0695825070142746,0.07634580880403519
YGL160W,YDR324C,0,0.2939124,0.08393285423517227,0.0695825070142746,0.07644587010145187
YIL082W-A,YLR277C,1,0.29385033,0.08502993732690811,0.07057654112577438,0.07644587010145187
YHR200W,YGR163W,0,0.29332614,0.0849282294511795,0.07057654112577438,0.07654592394828796
YJL151C,YGL201C,0,0.2930174,0.08482675999403,0.07057654112577438,0.07664598524570465
YGL224C,YNL009W,0,0.2929505,0.08472553640604019,0.07057654112577438,0.07674604654312134
YCR003W,YLL028W,0,0.2927326,0.08462455123662949,0.07057654112577438,0.07684610784053802
YIL157C,YPR112C,0,0.29261512,0.08452381193637848,0.07057654112577438,0.07694616913795471
YAR066W,YJR144W,0,0.2926087,0.08442330360412598,0.07057654112577438,0.0770462304353714
YDR263C,YMR285C,1,0.29260647,0.08551068603992462,0.07157057523727417,0.0770462304353714
YML131W,YML014W,0,0.29240906,0.0854092538356781,0.07157057523727417,0.07714628428220749
YDR385W,YKR022C,0,0.29221502,0.08530806005001068,0.07157057523727417,0.07724634557962418
YGL032C,YFL002C,0,0.29204124,0.08520709723234177,0.07157057523727417,0.07734640687704086
YKL125W,YBR132C,0,0.2917633,0.08510638028383255,0.07157057523727417,0.07744646817445755
YMR263W,YNR039C,0,0.2915403,0.08500590175390244,0.07157057523727417,0.07754652947187424
YMR280C,YGR128C,0,0.29148948,0.08490566164255142,0.07157057523727417,0.07764659076929092
YCR027C,YEL004W,0,0.2914668,0.08480565249919891,0.07157057523727417,0.07774664461612701
YHR134W,YNL125C,0,0.2914589,0.0847058817744255,0.07157057523727417,0.0778467059135437
YEL060C,YPR121W,0,0.29144022,0.0846063420176506,0.07157057523727417,0.07794676721096039
YDL104C,YIL065C,0,0.2912523,0.0845070406794548,0.07157057523727417,0.07804682850837708
YGL124C,YJR064W,0,0.29111034,0.08440797030925751,0.07157057523727417,0.07814688980579376
YJL042W,YBR021W,0,0.29104805,0.08430913090705872,0.07157057523727417,0.07824695110321045
YOL075C,YKL167C,0,0.29087707,0.08421052992343903,0.07157057523727417,0.07834700495004654
YMR323W,YPL128C,0,0.29071963,0.08411215245723724,0.07157057523727417,0.07844706624746323
YDR394W,YFL002C,0,0.29049018,0.08401400595903397,0.07157057523727417,0.07854712754487991
YHR050W,YGL065C,0,0.29043317,0.0839160829782486,0.07157057523727417,0.0786471888422966
YOR035C,YJL203W,0,0.2903649,0.08381839096546173,0.07157057523727417,0.07874725013971329
YDR485C,YHR003C,0,0.2903237,0.08372092992067337,0.07157057523727417,0.07884731143712997
YOL128C,YPL283C,0,0.29031166,0.08362369239330292,0.07157057523727417,0.07894736528396606
YNR056C,YOR100C,0,0.29026106,0.08352668583393097,0.07157057523727417,0.07904742658138275
YOL033W,YAR066W,0,0.2902306,0.08342989534139633,0.07157057523727417,0.07914748787879944
YPR165W,YEL042W,0,0.29006022,0.0833333358168602,0.07157057523727417,0.07924754917621613
YKR065C,YGR067C,0,0.28986156,0.08323699235916138,0.07157057523727417,0.07934761047363281
YDR202C,YBL067C,0,0.28954628,0.08314087986946106,0.07157057523727417,0.0794476717710495
YPL032C,YHR043C,0,0.28954,0.08304498344659805,0.07157057523727417,0.07954772561788559
YMR278W,YMR260C,0,0.2894082,0.08294931054115295,0.07157057523727417,0.07964778691530228
YPL217C,YPL283C,0,0.2893978,0.08285385370254517,0.07157057523727417,0.07974784821271896
YPL236C,YDR409W,0,0.2892735,0.08275862038135529,0.07157057523727417,0.07984790951013565
YMR280C,YJL074C,0,0.28906503,0.08266360312700272,0.07157057523727417,0.07994797080755234
YDL005C,YKL222C,0,0.28887004,0.08256880939006805,0.07157057523727417,0.08004803210496902
YMR260C,YLR368W,0,0.2888693,0.0824742242693901,0.07157057523727417,0.08014808595180511
YER073W,YDL222C,0,0.28845483,0.08237986266613007,0.07157057523727417,0.0802481472492218
YOL043C,YJL208C,1,0.2884384,0.08342856913805008,0.07256460934877396,0.0802481472492218
YIL085C,YHR016C,0,0.2883184,0.0833333358168602,0.07256460934877396,0.08034820854663849
YGR023W,YIL031W,0,0.288275,0.08323831111192703,0.07256460934877396,0.08044826984405518
YDR027C,YPL030W,0,0.28795487,0.08314350992441177,0.07256460934877396,0.08054833114147186
YKR080W,YMR092C,0,0.2877227,0.08304891735315323,0.07256460934877396,0.08064839243888855
YGL100W,YDR255C,0,0.2876761,0.08295454829931259,0.07256460934877396,0.08074844628572464
YDL005C,YGR271C-A,0,0.28732094,0.08286038786172867,0.07256460934877396,0.08084850758314133
YOR354C,YOR149C,0,0.28724915,0.08276644349098206,0.07256460934877396,0.08094856888055801
YGL054C,YMR083W,0,0.28723368,0.08267270773649216,0.07256460934877396,0.0810486301779747
YLR116W,YKL222C,0,0.2872234,0.08257918804883957,0.07256460934877396,0.08114869147539139
YBR253W,YHR128W,0,0.28663248,0.0824858769774437,0.07256460934877396,0.08124875277280807
YKL113C,YCR026C,1,0.2866118,0.08352144807577133,0.07355865091085434,0.08124875277280807
YMR134W,YLR399C,0,0.28661,0.08342728018760681,0.07355865091085434,0.08134880661964417
YCL033C,YOR188W,0,0.28648156,0.0833333358168602,0.07355865091085434,0.08144886791706085
YDR104C,YBL002W,0,0.28621438,0.0832395926117897,0.07355865091085434,0.08154892921447754
YPL266W,YPR066W,0,0.28616118,0.08314606547355652,0.07355865091085434,0.08164899051189423
YIR034C,YML007W,0,0.28611138,0.08305274695158005,0.07355865091085434,0.08174905180931091
YAL015C,YDR478W,1,0.2860846,0.08408071845769882,0.07455268502235413,0.08174905180931091
YBR152W,YBR044C,0,0.2860533,0.0839865654706955,0.07455268502235413,0.0818491131067276
YDR485C,YPL081W,0,0.28602082,0.08389262109994888,0.07455268502235413,0.08194916695356369
YLR133W,YML058W,0,0.2858824,0.08379888534545898,0.07455268502235413,0.08204922825098038
YDL025C,YPL162C,0,0.28582102,0.0837053582072258,0.07455268502235413,0.08214928954839706
YJL113W,YNL001W,1,0.28575173,0.08472687005996704,0.07554671913385391,0.08214928954839706
YBR127C,YDR001C,0,0.2857451,0.0846325159072876,0.07554671913385391,0.08224935084581375
YML095C,YDR279W,1,0.28559735,0.0856507197022438,0.0765407532453537,0.08224935084581375
YIL085C,YHR200W,0,0.2855634,0.0855555534362793,0.0765407532453537,0.08234941214323044
YNR073C,YLR077W,0,0.28545573,0.0854605957865715,0.0765407532453537,0.08244946599006653
YGR227W,YDR027C,0,0.28535175,0.08536585420370102,0.0765407532453537,0.08254952728748322
YPR058W,YKR001C,0,0.28532368,0.08527132123708725,0.0765407532453537,0.0826495885848999
YJL047C,YDR382W,0,0.2851364,0.0851769894361496,0.0765407532453537,0.08274964988231659
YCR079W,YML046W,0,0.28498435,0.08508287370204926,0.0765407532453537,0.08284971117973328
YJR086W,YMR291W,0,0.28492206,0.08498895913362503,0.0765407532453537,0.08294977247714996
YNR023W,YLR133W,0,0.2848673,0.08489526063203812,0.0765407532453537,0.08304982632398605
YAR071W,YMR029C,0,0.28463265,0.08480176329612732,0.0765407532453537,0.08314988762140274
YPR121W,YIL031W,0,0.284581,0.08470846712589264,0.0765407532453537,0.08324994891881943
YBR088C,YJR044C,0,0.28443527,0.08461538702249527,0.0765407532453537,0.08335001021623611
YKL113C,YOR328W,0,0.28435075,0.08452250063419342,0.0765407532453537,0.0834500715136528
YKL163W,YGL044C,0,0.28421605,0.08442982286214828,0.0765407532453537,0.08355013281106949
YJL047C,YGR128C,0,0.28418124,0.08433734625577927,0.0765407532453537,0.08365018665790558
YBL040C,YKL184W,0,0.28411448,0.08424507826566696,0.0765407532453537,0.08375024795532227
YNL169C,YGL044C,0,0.28410032,0.08415300399065018,0.0765407532453537,0.08385030925273895
YGR163W,YGR280C,0,0.28400657,0.0840611383318901,0.0765407532453537,0.08395037055015564
YML038C,YER118C,0,0.28400528,0.08396946638822556,0.0765407532453537,0.08405043184757233
YCR068W,YBR152W,0,0.28390315,0.08387799561023712,0.0765407532453537,0.08415049314498901
YOL128C,YNR026C,0,0.28369093,0.0837867259979248,0.0765407532453537,0.0842505469918251
YPL009C,YHR079C-A,0,0.28348258,0.08369565010070801,0.0765407532453537,0.08435060828924179
YML066C,YLR256W,0,0.2831793,0.08360477536916733,0.0765407532453537,0.08445066958665848
YNL102W,YHR214C-B,1,0.28300998,0.08459869772195816,0.07753479480743408,0.08445066958665848
YCL075W,YDR263C,1,0.28298724,0.08559046685695648,0.07852882891893387,0.08445066958665848
YOR017W,YDR488C,0,0.28281486,0.08549783378839493,0.07852882891893387,0.08455073088407516
YPR164W,YNL254C,0,0.2827957,0.08540540188550949,0.07852882891893387,0.08465079218149185
YAL005C,YPR022C,0,0.28258932,0.08531317859888077,0.07852882891893387,0.08475085347890854
YHL009C,YDL174C,0,0.28239292,0.08522114157676697,0.07852882891893387,0.08485090732574463
YAR050W,YKL092C,0,0.28237507,0.08512931317090988,0.07852882891893387,0.08495096862316132
YEL046C,YOR077W,0,0.28194335,0.08503767848014832,0.07852882891893387,0.085051029920578
YBR019C,YPR052C,0,0.28194058,0.08494623750448227,0.07852882891893387,0.08515109121799469
YAL032C,YCR034W,0,0.2817635,0.08485499769449234,0.07852882891893387,0.08525115251541138
YNL186W,YBL066C,0,0.2814921,0.08476395159959793,0.07852882891893387,0.08535121381282806
YMR021C,YJL074C,0,0.28145254,0.08467309921979904,0.07852882891893387,0.08545126765966415
YLR405W,YHR102W,0,0.28138858,0.08458244055509567,0.07852882891893387,0.08555132895708084
YGL100W,YJR161C,0,0.28136918,0.08449197560548782,0.07852882891893387,0.08565139025449753
YPL158C,YDL174C,0,0.28130886,0.08440171182155609,0.07852882891893387,0.08575145155191422
YNL323W,YOR100C,0,0.28124276,0.08431163430213928,0.07852882891893387,0.0858515128493309
YPL237W,YKR046C,0,0.28122994,0.084221750497818,0.07852882891893387,0.08595157414674759
YBR186W,YNL245C,0,0.28108037,0.08413205295801163,0.07852882891893387,0.08605162799358368
YEL034W,YOR122C,0,0.2810797,0.08404255658388138,0.07852882891893387,0.08615168929100037
YER003C,YJL209W,0,0.2810179,0.08395323902368546,0.07852882891893387,0.08625175058841705
YJR152W,YER157W,0,0.28081697,0.08386411517858505,0.07852882891893387,0.08635181188583374
YMR014W,YKR087C,0,0.2806378,0.08377518504858017,0.07852882891893387,0.08645187318325043
YKR013W,YEL034W,0,0.28016493,0.08368644118309021,0.07852882891893387,0.08655193448066711
YBL042C,YKR067W,0,0.28013742,0.08359788358211517,0.07852882891893387,0.0866519883275032
YBL099W,YDR267C,0,0.27979144,0.08350951224565506,0.07852882891893387,0.08675204962491989
YMR263W,YPL190C,0,0.2796546,0.08342132717370987,0.07852882891893387,0.08685211092233658
YBR210W,YPR094W,0,0.27954572,0.0833333358168602,0.07852882891893387,0.08695217221975327
YGR287C,YOL017W,0,0.2794246,0.08324552327394485,0.07852882891893387,0.08705223351716995
YKL101W,YBR244W,0,0.27940002,0.08315789699554443,0.07852882891893387,0.08715229481458664
YFL024C,YER122C,0,0.2793432,0.08307044953107834,0.07852882891893387,0.08725234866142273
YOL075C,YMR167W,0,0.27931994,0.08298319578170776,0.07852882891893387,0.08735240995883942
YER160C,YIR015W,1,0.27922416,0.08394543826580048,0.07952286303043365,0.08735240995883942
YLR388W,YJL091C,0,0.27910936,0.08385743945837021,0.07952286303043365,0.0874524712562561
YJL063C,YCL011C,0,0.2790733,0.08376963436603546,0.07952286303043365,0.08755253255367279
YBR004C,YNL005C,0,0.27896413,0.08368200808763504,0.07952286303043365,0.08765259385108948
YNR073C,YDR348C,0,0.2789268,0.08359456807374954,0.07952286303043365,0.08775265514850616
YGR096W,YCL010C,0,0.27884054,0.08350730687379837,0.07952286303043365,0.08785270899534225
YDL232W,YKR018C,0,0.2787051,0.08342023193836212,0.07952286303043365,0.08795277029275894
YLR225C,YDR237W,0,0.2786919,0.0833333358168602,0.07952286303043365,0.08805283159017563
YHR134W,YPL128C,0,0.27868515,0.0832466185092926,0.07952286303043365,0.08815289288759232
YKR013W,YGR227W,0,0.27856877,0.08316008001565933,0.07952286303043365,0.088252954185009
YJL204C,YJR002W,0,0.27854422,0.08307372778654099,0.07952286303043365,0.08835301548242569
YFL022C,YMR244C-A,0,0.27848783,0.08298755437135696,0.07952286303043365,0.08845306932926178
YPL242C,YGL150C,0,0.27836406,0.08290155231952667,0.07952286303043365,0.08855313062667847
YIL016W,YML007W,0,0.27818635,0.0828157365322113,0.07952286303043365,0.08865319192409515
YBR070C,YDR291W,0,0.27809334,0.08273009210824966,0.07952286303043365,0.08875325322151184
YDL002C,YMR154C,0,0.27805644,0.08264462649822235,0.07952286303043365,0.08885331451892853
YOL001W,YCR033W,0,0.27801877,0.08255933970212936,0.07952286303043365,0.08895336836576462
YFR046C,YOR307C,0,0.27794802,0.0824742242693901,0.07952286303043365,0.0890534296631813
YLR388W,YHR084W,0,0.27787286,0.08238928765058517,0.07952286303043365,0.08915349096059799
YGL079W,YBR244W,0,0.27779216,0.08230452984571457,0.07952286303043365,0.08925355225801468
YGR091W,YDR291W,0,0.2777763,0.0822199359536171,0.07952286303043365,0.08935361355543137
YNL099C,YIL122W,0,0.2777511,0.08213552087545395,0.07952286303043365,0.08945367485284805
YLR205C,YNL124W,0,0.27767134,0.08205128461122513,0.07952286303043365,0.08955372869968414
YKL071W,YDR522C,0,0.27761722,0.08196721225976944,0.07952286303043365,0.08965378999710083
YER048C,YPR164W,0,0.2776031,0.08188331872224808,0.07952286303043365,0.08975385129451752
YNL088W,YDR017C,0,0.2775926,0.08179958909749985,0.07952286303043365,0.0898539125919342
YBL084C,YGL023C,0,0.27754852,0.08171603828668594,0.07952286303043365,0.08995397388935089
YDR522C,YIL015W,0,0.27748537,0.08163265138864517,0.07952286303043365,0.09005403518676758
YNL088W,YGR209C,0,0.2771811,0.08154943585395813,0.07952286303043365,0.09015408903360367
YIR028W,YML019W,0,0.2770186,0.08146639168262482,0.07952286303043365,0.09025415033102036
YNL116W,YDL191W,0,0.27699888,0.08138351887464523,0.07952286303043365,0.09035421162843704
YGR166W,YNL087W,0,0.27695763,0.08130080997943878,0.07952286303043365,0.09045427292585373
YPL009C,YDR184C,0,0.27687564,0.08121827244758606,0.07952286303043365,0.09055433422327042
YDL002C,YHR178W,0,0.2768016,0.08113590627908707,0.07952286303043365,0.0906543955206871
YMR092C,YNL229C,0,0.27673024,0.08105369657278061,0.07952286303043365,0.0907544493675232
YHL022C,YFL002C,0,0.27669168,0.08097165822982788,0.07952286303043365,0.09085451066493988
YGR277C,YOR073W,0,0.27651793,0.08088979125022888,0.07952286303043365,0.09095457196235657
YDR216W,YNL021W,0,0.27648276,0.08080808073282242,0.07952286303043365,0.09105463325977325
YBL097W,YOR133W,0,0.27611297,0.08072654157876968,0.07952286303043365,0.09115469455718994
YOR354C,YMR202W,0,0.2759878,0.08064515888690948,0.07952286303043365,0.09125475585460663
YBR039W,YML026C,0,0.27575493,0.08056394755840302,0.07952286303043365,0.09135480970144272
YEL026W,YHR176W,0,0.2757082,0.08048290014266968,0.07952286303043365,0.0914548709988594
YHR016C,YJL203W,0,0.27568987,0.08040200918912888,0.07952286303043365,0.09155493229627609
YOR115C,YPR124W,0,0.27567482,0.0803212821483612,0.07952286303043365,0.09165499359369278
YMR190C,YHR043C,0,0.27555156,0.08024071902036667,0.07952286303043365,0.09175505489110947
YNL009W,YMR305C,0,0.27549264,0.08016031980514526,0.07952286303043365,0.09185511618852615
YCR026C,YGL175C,1,0.27549165,0.0810810774564743,0.08051689714193344,0.09185511618852615
YDL178W,YDR141C,0,0.2754888,0.08100000023841858,0.08051689714193344,0.09195517003536224
YEL063C,YNL299W,0,0.2753741,0.08091907948255539,0.08051689714193344,0.09205523133277893
YDR119W,YJR017C,0,0.27523303,0.08083832263946533,0.08051689714193344,0.09215529263019562
YIR022W,YJL014W,0,0.2750339,0.08075772970914841,0.08051689714193344,0.0922553539276123
YOR293W,YPR140W,0,0.27503163,0.08067729324102402,0.08051689714193344,0.09235541522502899
YLR216C,YDR352W,0,0.2748599,0.08059701323509216,0.08051689714193344,0.09245547652244568
YDR485C,YBR098W,0,0.274609,0.08051689714193344,0.08051689714193344,0.09255553036928177
YIR034C,YMR323W,0,0.27447426,0.08043694496154785,0.08051689714193344,0.09265559166669846
YGL038C,YER124C,0,0.274404,0.0803571417927742,0.08051689714193344,0.09275565296411514
YJL051W,YBR133C,0,0.27438956,0.08027750253677368,0.08051689714193344,0.09285571426153183
YPR121W,YNL093W,0,0.27436,0.0801980197429657,0.08051689714193344,0.09295577555894852
YNL085W,YDR279W,1,0.27424487,0.08110781759023666,0.08151093125343323,0.09295577555894852
YHR183W,YNL099C,0,0.2741976,0.08102767169475555,0.08151093125343323,0.0930558368563652
YJL123C,YGR092W,0,0.27416745,0.08094768226146698,0.08151093125343323,0.0931558907032013
YJR043C,YBR223C,1,0.2741345,0.08185404539108276,0.08250497281551361,0.0931558907032013
YBR126C,YDR097C,0,0.2738099,0.08177340030670166,0.08250497281551361,0.09325595200061798
YIL099W,YGR203W,0,0.27363986,0.08169291168451309,0.08250497281551361,0.09335601329803467
YPR181C,YDL010W,0,0.2736324,0.08161258697509766,0.08250497281551361,0.09345607459545135
YGL038C,YKL092C,0,0.27344263,0.08153241872787476,0.08250497281551361,0.09355613589286804
YNL154C,YOR362C,0,0.2733693,0.08145240694284439,0.08250497281551361,0.09365619719028473
YOR229W,YGL130W,0,0.27334183,0.08137255162000656,0.08250497281551361,0.09375625103712082
YMR119W,YDR314C,0,0.2732734,0.08129285275936127,0.08250497281551361,0.0938563123345375
YNL221C,YBR098W,1,0.2731299,0.08219178020954132,0.0834990069270134,0.0938563123345375
YOR368W,YMR162C,0,0.27301198,0.08211144059896469,0.0834990069270134,0.0939563736319542
YER141W,YHR196W,0,0.2728134,0.08203125,0.0834990069270134,0.09405643492937088
YNL315C,YGL099W,0,0.27278405,0.08195121586322784,0.0834990069270134,0.09415649622678757
YGR087C,YNL252C,0,0.27271754,0.08187134563922882,0.0834990069270134,0.09425655752420425
YJR093C,YDR293C,0,0.2726879,0.08179162442684174,0.0834990069270134,0.09435661137104034
YGL022W,YHR196W,0,0.27244705,0.08171205967664719,0.0834990069270134,0.09445667266845703
YBR019C,YDL064W,0,0.2724025,0.08163265138864517,0.0834990069270134,0.09455673396587372
YJR095W,YJL138C,0,0.27230287,0.0815533995628357,0.0834990069270134,0.0946567952632904
YBR073W,YNR075W,0,0.27226454,0.08147429674863815,0.0834990069270134,0.09475685656070709
YAL005C,YHR134W,0,0.27215287,0.08139535039663315,0.0834990069270134,0.09485691785812378
YER041W,YJL208C,1,0.27206802,0.0822846069931984,0.08449304103851318,0.09485691785812378
YLR240W,YBR077C,0,0.27195325,0.08220502734184265,0.08449304103851318,0.09495697170495987
YHR115C,YMR068W,0,0.27191174,0.08212560415267944,0.08449304103851318,0.09505703300237656
YNL002C,YDR316W,0,0.27154335,0.08204632997512817,0.08449304103851318,0.09515709429979324
YGR087C,YPR058W,0,0.27125135,0.08196721225976944,0.08449304103851318,0.09525715559720993
YCR067C,YIL127C,0,0.2711506,0.08188824355602264,0.08449304103851318,0.09535721689462662
YOL008W,YNR046W,0,0.27110076,0.08180943131446838,0.08449304103851318,0.09545727074146271
YDR408C,YFL003C,0,0.27099356,0.08173076808452606,0.08449304103851318,0.0955573320388794
YJL050W,YHR178W,0,0.2708769,0.08165225386619568,0.08449304103851318,0.09565739333629608
YPR107C,YLR372W,0,0.27079493,0.08157389611005783,0.08449304103851318,0.09575745463371277
YKL101W,YDL191W,0,0.27063924,0.08149568736553192,0.08449304103851318,0.09585751593112946
YNL021W,YIL050W,0,0.27052617,0.08141762763261795,0.08449304103851318,0.09595757722854614
YER039C,YKL220C,0,0.27049506,0.08133970946073532,0.08449304103851318,0.09605763107538223
YLR372W,YCL020W,0,0.27036053,0.08126194775104523,0.08449304103851318,0.09615769237279892
YOR354C,YGL065C,0,0.27009484,0.08118433505296707,0.08449304103851318,0.0962577536702156
YKL184W,YDL122W,0,0.27000964,0.08110687136650085,0.08449304103851318,0.0963578149676323
YLR051C,YIR003W,0,0.26983708,0.08102954924106598,0.08449304103851318,0.09645787626504898
YPL123C,YPL083C,1,0.26965404,0.08190476149320602,0.08548707515001297,0.09645787626504898
YBR126C,YML072C,0,0.2696051,0.0818268284201622,0.08548707515001297,0.09655793756246567
YHR112C,YNL067W,0,0.26946276,0.08174905180931091,0.08548707515001297,0.09665799140930176
YLR240W,YML110C,0,0.26943606,0.08167141675949097,0.08548707515001297,0.09675805270671844
YBR039W,YOR344C,0,0.26937112,0.08159393072128296,0.08548707515001297,0.09685811400413513
YDR540C,YPL128C,0,0.26923537,0.08151658624410629,0.08548707515001297,0.09695817530155182
YJR002W,YLR133W,0,0.26908875,0.08143939077854156,0.08548707515001297,0.0970582365989685
YLR332W,YLR089C,0,0.26907712,0.08136234432458878,0.08548707515001297,0.09715829789638519
YJL074C,YER160C,0,0.26894474,0.08128544688224792,0.08548707515001297,0.09725835174322128
YGL156W,YGR128C,0,0.26882222,0.08120869100093842,0.08548707515001297,0.09735841304063797
YOR368W,YCR026C,1,0.26871794,0.08207546919584274,0.08648111671209335,0.09735841304063797
YIR035C,YML065W,0,0.2686805,0.08199811726808548,0.08648111671209335,0.09745847433805466
YDR097C,YIL065C,0,0.26859555,0.08192090690135956,0.08648111671209335,0.09755853563547134
YDR085C,YPL265W,0,0.26841304,0.08184383809566498,0.08648111671209335,0.09765859693288803
YGR023W,YDL178W,0,0.2683977,0.08176691830158234,0.08648111671209335,0.09775865823030472
YDL207W,YCR079W,0,0.26816577,0.08169014006853104,0.08648111671209335,0.09785871207714081
YGL181W,YLR117C,0,0.26810947,0.08161351084709167,0.08648111671209335,0.0979587733745575
YLR275W,YJL122W,0,0.26777557,0.08153702318668365,0.08648111671209335,0.09805883467197418
YNL002C,YKL146W,0,0.26771027,0.08146067708730698,0.08648111671209335,0.09815889596939087
YKL113C,YDL025C,0,0.26758185,0.08138447254896164,0.08648111671209335,0.09825895726680756
YDR446W,YKR025W,0,0.2675706,0.08130840957164764,0.08648111671209335,0.09835901856422424
YDR180W,YLR148W,0,0.26756385,0.08123249560594559,0.08648111671209335,0.09845907241106033
YOR255W,YOR245C,0,0.2673455,0.08115671575069427,0.08648111671209335,0.09855913370847702
YGR240C,YBR229C,0,0.26719004,0.0810810774564743,0.08648111671209335,0.09865919500589371
YJR091C,YNL275W,0,0.2671798,0.08100558817386627,0.08648111671209335,0.0987592563033104
YHL007C,YBR018C,0,0.2671187,0.08093023300170898,0.08648111671209335,0.09885931760072708
YCL026C-A,YMR216C,0,0.2669269,0.08085501939058304,0.08648111671209335,0.09895937889814377
YLR154C,YER142C,1,0.2667333,0.08170844614505768,0.08747515082359314,0.09895937889814377
YOL110W,YHR183W,0,0.26645222,0.08163265138864517,0.08747515082359314,0.09905943274497986
YBL045C,YLL028W,0,0.26644737,0.08155699819326401,0.08747515082359314,0.09915949404239655
YBR021W,YKR003W,0,0.26637775,0.08148147910833359,0.08747515082359314,0.09925955533981323
YBR293W,YOR188W,0,0.266327,0.0814061090350151,0.08747515082359314,0.09935961663722992
YOR234C,YCR069W,0,0.26630595,0.08133086562156677,0.08747515082359314,0.0994596779346466
YNL072W,YBR223C,1,0.26629362,0.08217912912368774,0.08846918493509293,0.0994596779346466
YJR152W,YOL027C,0,0.26619035,0.08210331946611404,0.08846918493509293,0.0995597392320633
YHR196W,YKR046C,0,0.26616493,0.08202765136957169,0.08846918493509293,0.09965979307889938
YOR329C,YDR540C,0,0.2660131,0.08195211738348007,0.08846918493509293,0.09975985437631607
YNL139C,YHR065C,0,0.26576453,0.0818767249584198,0.08846918493509293,0.09985991567373276
YJL137C,YGL047W,0,0.26570266,0.08180147409439087,0.08846918493509293,0.09995997697114944
YGL160W,YEL009C,0,0.26547623,0.08172635734081268,0.08846918493509293,0.10006003826856613
YHR216W,YGR087C,0,0.26522693,0.08165137469768524,0.08846918493509293,0.10016009956598282
YDL042C,YGR231C,0,0.26480928,0.08157653361558914,0.08846918493509293,0.10026015341281891
YJL123C,YOR073W,0,0.264634,0.08150183409452438,0.08846918493509293,0.1003602147102356
YBR217W,YML069W,0,0.26429605,0.08142726123332977,0.08846918493509293,0.10046027600765228
YBL004W,YLR424W,0,0.26419073,0.0813528299331665,0.08846918493509293,0.10056033730506897
YPL086C,YMR291W,0,0.26407108,0.08127854019403458,0.08846918493509293,0.10066039860248566
YBL099W,YBL009W,0,0.264067,0.0812043771147728,0.08846918493509293,0.10076045989990234
YDR182W,YPL118W,0,0.26403245,0.08113035559654236,0.08846918493509293,0.10086051374673843
YLR071C,YNL299W,0,0.2640221,0.08105646818876266,0.08846918493509293,0.10096057504415512
YCR027C,YGL077C,0,0.26389048,0.08098271489143372,0.08846918493509293,0.10106063634157181
YKL071W,YPL181W,0,0.26388726,0.08090908825397491,0.08846918493509293,0.1011606976389885
YNL069C,YBR236C,0,0.26387617,0.08083560317754745,0.08846918493509293,0.10126075893640518
YDR485C,YNL152W,0,0.26386932,0.08076225221157074,0.08846918493509293,0.10136081278324127
YER001W,YPL187W,0,0.2637724,0.08068902790546417,0.08846918493509293,0.10146087408065796
YHR200W,YOR360C,0,0.26368272,0.08061594516038895,0.08846918493509293,0.10156093537807465
YKL184W,YPL008W,0,0.26358473,0.08054298907518387,0.08846918493509293,0.10166099667549133
YHR003C,YJL020C,0,0.26342034,0.08047015964984894,0.08846918493509293,0.10176105797290802
YKL073W,YER166W,0,0.26306716,0.08039747178554535,0.08846918493509293,0.10186111927032471
YDL079C,YBR102C,0,0.26273024,0.08032491058111191,0.08846918493509293,0.1019611731171608
YDR216W,YKL027W,0,0.2625175,0.08025247603654861,0.08846918493509293,0.10206123441457748
YBR132C,YNL275W,0,0.26241317,0.08018018305301666,0.08846918493509293,0.10216129571199417
YDR113C,YIL017C,0,0.26227275,0.08010800927877426,0.08846918493509293,0.10226135700941086
YKL146W,YBL066C,0,0.262177,0.0800359696149826,0.08846918493509293,0.10236141830682755
YIL049W,YKR098C,0,0.26200277,0.0799640640616417,0.08846918493509293,0.10246147960424423
YCL045C,YDR348C,0,0.2617442,0.07989227771759033,0.08846918493509293,0.10256153345108032
YMR266W,YMR154C,0,0.2616885,0.07982062548398972,0.08846918493509293,0.10266159474849701
YBR152W,YPR066W,0,0.26161826,0.07974910736083984,0.08846918493509293,0.1027616560459137
YDR540C,YKL127W,0,0.2614897,0.07967770844697952,0.08846918493509293,0.10286171734333038
YDR058C,YPL270W,0,0.26135132,0.07960644364356995,0.08846918493509293,0.10296177864074707
YDL103C,YLR003C,0,0.26134908,0.07953529804944992,0.08846918493509293,0.10306183993816376
YBR234C,YKL216W,0,0.26124686,0.07946428656578064,0.08846918493509293,0.10316189378499985
YLR372W,YPR121W,0,0.2609694,0.0793934017419815,0.08846918493509293,0.10326195508241653
YMR092C,YNL152W,0,0.26087353,0.07932263612747192,0.08846918493509293,0.10336201637983322
YBR136W,YKL139W,0,0.26082495,0.07925200462341309,0.08846918493509293,0.10346207767724991
YPR082C,YNL299W,0,0.26081997,0.0791814923286438,0.08846918493509293,0.1035621389746666
YOR033C,YGR096W,0,0.26073983,0.07911111414432526,0.08846918493509293,0.10366220027208328
YPL032C,YGL150C,0,0.2607183,0.07904085516929626,0.08846918493509293,0.10376225411891937
YEL042W,YNL270C,0,0.26068088,0.07897071540355682,0.08846918493509293,0.10386231541633606
YAL005C,YLR138W,0,0.26053455,0.07890070974826813,0.08846918493509293,0.10396237671375275
YKR003W,YPR052C,0,0.26049492,0.07883082330226898,0.08846918493509293,0.10406243801116943
YGL100W,YDR208W,0,0.26045084,0.07876106351613998,0.08846918493509293,0.10416249930858612
YOL008W,YHR152W,0,0.26040274,0.07869142293930054,0.08846918493509293,0.10426256060600281
YOL089C,YKL084W,0,0.26010752,0.07862190902233124,0.08846918493509293,0.1043626144528389
YDR452W,YLR210W,0,0.26010063,0.07855251431465149,0.08846918493509293,0.10446267575025558
YGR013W,YIL073C,0,0.26000938,0.07848324626684189,0.08846918493509293,0.10456273704767227
YER119C,YLR095C,0,0.25997055,0.07841409742832184,0.08846918493509293,0.10466279834508896
YOR321W,YBR227C,0,0.2599349,0.07834506779909134,0.08846918493509293,0.10476285964250565
YNR056C,YOR197W,0,0.25962275,0.07827616482973099,0.08846918493509293,0.10486292093992233
YNL316C,YER018C,0,0.259576,0.07820738106966019,0.08846918493509293,0.10496297478675842
YML066C,YPL008W,0,0.2595554,0.07813871651887894,0.08846918493509293,0.10506303608417511
YLR071C,YDL188C,0,0.2594543,0.07807017862796783,0.08846918493509293,0.1051630973815918
YLR393W,YJR064W,0,0.25927302,0.07800175249576569,0.08846918493509293,0.10526315867900848
YHL002W,YOR128C,0,0.25924328,0.07793345302343369,0.08846918493509293,0.10536321997642517
YBL097W,YGR065C,0,0.25919083,0.07786526530981064,0.08846918493509293,0.10546328127384186
YGL048C,YOL013C,0,0.25866404,0.07779720425605774,0.08846918493509293,0.10556333512067795
YBR186W,YER157W,0,0.25863326,0.0777292549610138,0.08846918493509293,0.10566339641809464
YHR063C,YHR128W,0,0.25859666,0.07766143232584,0.08846918493509293,0.10576345771551132
YPL255W,YHR102W,0,0.25847816,0.07759372144937515,0.08846918493509293,0.10586351901292801
YMR116C,YKR046C,0,0.2583697,0.07752612978219986,0.08846918493509293,0.1059635803103447
YLR225C,YDR267C,0,0.25814798,0.07745865732431412,0.08846918493509293,0.10606364160776138
YKL049C,YBR179C,0,0.25800192,0.07739130407571793,0.08846918493509293,0.10616369545459747
YPL086C,YOR030W,0,0.25772363,0.07732406258583069,0.08846918493509293,0.10626375675201416
YKL220C,YPL162C,0,0.25771654,0.0772569477558136,0.08846918493509293,0.10636381804943085
YOR190W,YNR063W,0,0.25765723,0.07718993723392487,0.08846918493509293,0.10646387934684753
YER026C,YGL012W,0,0.25745574,0.07712305337190628,0.08846918493509293,0.10656394064426422
YBR004C,YDL156W,0,0.25741076,0.07705627381801605,0.08846918493509293,0.10666400194168091
YPR121W,YBR004C,0,0.25736886,0.07698962092399597,0.08846918493509293,0.106764055788517
YGL013C,YDR450W,0,0.25726324,0.07692307978868484,0.08846918493509293,0.10686411708593369
YBL102W,YPL241C,0,0.2571676,0.07685665041208267,0.08846918493509293,0.10696417838335037
YFR009W,YOR339C,0,0.25714293,0.07679033279418945,0.08846918493509293,0.10706423968076706
YIL023C,YIL015W,0,0.25710648,0.07672413438558578,0.08846918493509293,0.10716430097818375
YPL256C,YHR018C,0,0.25685674,0.07665805518627167,0.08846918493509293,0.10726436227560043
YDL010W,YOR133W,0,0.25684193,0.07659208029508591,0.08846918493509293,0.10736441612243652
YBR104W,YDL191W,0,0.25653282,0.0765262246131897,0.08846918493509293,0.10746447741985321
YPL020C,YPL057C,0,0.25643253,0.07646048069000244,0.08846918493509293,0.1075645387172699
YJL051W,YHR018C,0,0.25633878,0.07639484852552414,0.08846918493509293,0.10766460001468658
YKL027W,YML093W,0,0.25574312,0.07632932811975479,0.08846918493509293,0.10776466131210327
YLR262C,YGL013C,0,0.25571844,0.076263926923275,0.08846918493509293,0.10786471515893936
YKR045C,YJR014W,0,0.2555946,0.07619863003492355,0.08846918493509293,0.10796477645635605
YJR027W,YNR052C,1,0.25548482,0.07698887586593628,0.08946321904659271,0.10796477645635605
YLR405W,YLR399C,0,0.25542742,0.07692307978868484,0.08946321904659271,0.10806483775377274
YPL283C,YJR002W,0,0.25525033,0.07685738801956177,0.08946321904659271,0.10816489905118942
YHR187W,YCL033C,0,0.25521004,0.07679180800914764,0.08946321904659271,0.10826496034860611
YLR372W,YGR092W,0,0.25517982,0.07672633975744247,0.08946321904659271,0.1083650216460228
YLR298C,YLR138W,0,0.25511664,0.07666099071502686,0.08946321904659271,0.10846507549285889
YKL073W,YKR065C,0,0.2550791,0.0765957459807396,0.08946321904659271,0.10856513679027557
YGR091W,YDR316W,0,0.25501835,0.07653061300516129,0.08946321904659271,0.10866519808769226
YJL137C,YIL040W,0,0.25499517,0.07646559178829193,0.08946321904659271,0.10876525938510895
YOL110W,YPL242C,0,0.25493944,0.07640068233013153,0.08946321904659271,0.10886532068252563
YGL250W,YNR023W,0,0.25465137,0.07633587718009949,0.08946321904659271,0.10896538197994232
YER146W,YML126C,0,0.25456887,0.0762711837887764,0.08946321904659271,0.10906543582677841
YIL103W,YLR066W,0,0.25435486,0.07620660215616226,0.08946321904659271,0.1091654971241951
YDL227C,YLR107W,1,0.25426716,0.07698815315961838,0.0904572531580925,0.1091654971241951
YLR388W,YIL121W,0,0.25424796,0.07692307978868484,0.0904572531580925,0.10926555842161179
YHR164C,YIR015W,1,0.25409767,0.07770270109176636,0.09145129472017288,0.10926555842161179
YOL097C,YIL129C,0,0.2540814,0.07763712853193283,0.09145129472017288,0.10936561971902847
YBR084C-A,YLR399C,0,0.25404534,0.07757166773080826,0.09145129472017288,0.10946568101644516
YBR084C-A,YDR051C,0,0.2539943,0.07750631868839264,0.09145129472017288,0.10956574231386185
YER142C,YDL227C,1,0.253828,0.07828282564878464,0.09244532883167267,0.10956574231386185
YBL066C,YLL054C,0,0.25365603,0.07821699231863022,0.09244532883167267,0.10966579616069794
YDL025C,YIL063C,0,0.25310898,0.07815126329660416,0.09244532883167267,0.10976585745811462
YHR121W,YMR170C,0,0.25305846,0.07808564603328705,0.09244532883167267,0.10986591875553131
YGL224C,YCR048W,0,0.25303465,0.0780201330780983,0.09244532883167267,0.109965980052948
YBR126C,YKL055C,0,0.252918,0.0779547393321991,0.09244532883167267,0.11006604135036469
YGL022W,YOR083W,0,0.2528073,0.07788944989442825,0.09244532883167267,0.11016610264778137
YGR257C,YOR321W,0,0.252772,0.07782426476478577,0.09244532883167267,0.11026615649461746
YOR295W,YNL093W,0,0.25254998,0.07775919884443283,0.09244532883167267,0.11036621779203415
YDL049C,YLR089C,0,0.2525346,0.07769423723220825,0.09244532883167267,0.11046627908945084
YCR027C,YPL088W,0,0.25226784,0.07762937992811203,0.09244532883167267,0.11056634038686752
YCR048W,YBL003C,0,0.25211817,0.07756463438272476,0.09244532883167267,0.11066640168428421
YEL034W,YHR123W,0,0.25199866,0.07750000059604645,0.09244532883167267,0.1107664629817009
YJR043C,YMR161W,0,0.25192994,0.07743547111749649,0.09244532883167267,0.11086651682853699
YPR061C,YLR274W,0,0.25192502,0.07737104594707489,0.09244532883167267,0.11096657812595367
YOR202W,YKL222C,0,0.25176558,0.07730673253536224,0.09244532883167267,0.11106663942337036
YLR174W,YNL037C,0,0.25171918,0.07724252343177795,0.09244532883167267,0.11116670072078705
YLR319C,YIL168W,0,0.2516447,0.07717842608690262,0.09244532883167267,0.11126676201820374
YIL131C,YMR113W,0,0.2516088,0.07711442559957504,0.09244532883167267,0.11136682331562042
YDL159W,YOR073W,0,0.2515188,0.07705053687095642,0.09244532883167267,0.11146687716245651
YGR152C,YDL079C,0,0.25141543,0.07698675245046616,0.09244532883167267,0.1115669384598732
YPL003W,YGL133W,0,0.25114453,0.07692307978868484,0.09244532883167267,0.11166699975728989
YDL153C,YLR119W,0,0.25094908,0.0768595039844513,0.09244532883167267,0.11176706105470657
YPR145W,YHR091C,0,0.25078237,0.0767960399389267,0.09244532883167267,0.11186712235212326
YMR283C,YGR074W,0,0.25069782,0.07673267275094986,0.09244532883167267,0.11196718364953995
YFR009W,YOR303W,0,0.25062218,0.07666941732168198,0.09244532883167267,0.11206723749637604
YMR162C,YJR002W,0,0.2505612,0.07660625874996185,0.09244532883167267,0.11216729879379272
YGL086W,YFL003C,0,0.25045645,0.07654321193695068,0.09244532883167267,0.11226736009120941
YNL279W,YNL270C,0,0.25040695,0.07648026198148727,0.09244532883167267,0.1123674213886261
YMR291W,YOL137W,0,0.25036132,0.07641741633415222,0.09244532883167267,0.11246748268604279
YPR107C,YHR178W,0,0.2503505,0.07635468244552612,0.09244532883167267,0.11256754398345947
YPR094W,YGL008C,0,0.2501905,0.07629204541444778,0.09244532883167267,0.11266759783029556
YDR382W,YKL221W,0,0.25007084,0.0762295052409172,0.09244532883167267,0.11276765912771225
YIL082W-A,YER041W,1,0.2500226,0.07698607444763184,0.09343936294317245,0.11276765912771225
YDR020C,YIL158W,0,0.2500151,0.07692307978868484,0.09343936294317245,0.11286772042512894
YBL067C,YLR066W,0,0.2499743,0.07686018198728561,0.09343936294317245,0.11296778172254562
YHR178W,YKL127W,0,0.24988933,0.07679738849401474,0.09343936294317245,0.11306784301996231
YGR049W,YHR166C,0,0.24985985,0.07673469185829163,0.09343936294317245,0.113167904317379
YKL208W,YGL077C,0,0.24983849,0.07667210698127747,0.09343936294317245,0.11326795816421509
YPL255W,YKR046C,0,0.24947833,0.07660961896181107,0.09343936294317245,0.11336801946163177
YOR128C,YER169W,0,0.24946715,0.07654722779989243,0.09343936294317245,0.11346808075904846
YMR030W,YBR199W,0,0.24940534,0.07648494839668274,0.09343936294317245,0.11356814205646515
YDR113C,YKL139W,0,0.24913801,0.07642276585102081,0.09343936294317245,0.11366820335388184
YMR052W,YCR008W,0,0.24906795,0.07636068016290665,0.09343936294317245,0.11376826465129852
YLR307W,YCL010C,0,0.2488987,0.07629869878292084,0.09343936294317245,0.11386831849813461
YLR205C,YKR022C,0,0.248776,0.07623682171106339,0.09343936294317245,0.1139683797955513
YPL227C,YFL053W,0,0.24872606,0.07617504149675369,0.09343936294317245,0.11406844109296799
YPL236C,YGL130W,0,0.24870352,0.07611335813999176,0.09343936294317245,0.11416850239038467
YKL046C,YPR164W,0,0.24859609,0.07605177909135818,0.09343936294317245,0.11426856368780136
YGL055W,YOR188W,0,0.248298,0.07599029690027237,0.09343936294317245,0.11436861753463745
YGR209C,YLR003C,0,0.24823754,0.07592891901731491,0.09343936294317245,0.11446867883205414
YDR540C,YGR280C,0,0.24820854,0.07586763799190521,0.09343936294317245,0.11456874012947083
YDR386W,YGL085W,1,0.24814321,0.07661290466785431,0.09443339705467224,0.11456874012947083
YJL087C,YMR059W,1,0.2480248,0.0773569718003273,0.09542743861675262,0.11456874012947083
YFL062W,YDR156W,0,0.24794306,0.07729468494653702,0.09542743861675262,0.11466880142688751
YOL119C,YPR066W,0,0.24776174,0.07723250240087509,0.09542743861675262,0.1147688627243042
YDL042C,YKL148C,0,0.24773605,0.07717041671276093,0.09542743861675262,0.11486892402172089
YER039C,YIL016W,0,0.24763308,0.07710843533277512,0.09542743861675262,0.11496897786855698
YBR258C,YCR033W,0,0.24763073,0.07704655081033707,0.09542743861675262,0.11506903916597366
YGL133W,YPL230W,0,0.24759908,0.07698476314544678,0.09542743861675262,0.11516910046339035
YCR017C,YNL047C,0,0.2474121,0.07692307978868484,0.09542743861675262,0.11526916176080704
YBL018C,YBL005W-B,1,0.24735083,0.07766213268041611,0.09642147272825241,0.11526916176080704
YIL041W,YOR362C,0,0.247292,0.07760000228881836,0.09642147272825241,0.11536922305822372
YLR406C,YHR026W,0,0.24718548,0.07753796875476837,0.09642147272825241,0.11546928435564041
YDR006C,YGL029W,0,0.24705057,0.07747603952884674,0.09642147272825241,0.1155693382024765
YPL237W,YLR064W,0,0.24653561,0.07741420716047287,0.09642147272825241,0.11566939949989319
YDR541C,YMR106C,0,0.24651472,0.07735247164964676,0.09642147272825241,0.11576946079730988
YGR049W,YKL049C,0,0.24644847,0.07729083299636841,0.09642147272825241,0.11586952209472656
YML114C,YBR204C,0,0.24616082,0.07722929865121841,0.09642147272825241,0.11596958339214325
YMR263W,YML064C,0,0.24611963,0.07716786116361618,0.09642147272825241,0.11606964468955994
YOR190W,YPL128C,0,0.24610297,0.0771065205335617,0.09642147272825241,0.11616969853639603
YPL241C,YGR207C,0,0.24601533,0.07704527676105499,0.09642147272825241,0.11626975983381271
YGL208W,YGR091W,0,0.24587752,0.07698412984609604,0.09642147272825241,0.1163698211312294
YBL040C,YDR017C,0,0.24579437,0.07692307978868484,0.09642147272825241,0.11646988242864609
YNL072W,YHR045W,0,0.24573947,0.07686212658882141,0.09642147272825241,0.11656994372606277
YJR064W,YBR161W,0,0.24570335,0.07680127024650574,0.09642147272825241,0.11667000502347946
YOR144C,YOL148C,0,0.24566565,0.07674050331115723,0.09642147272825241,0.11677005887031555
YOR056C,YOL001W,0,0.24563743,0.07667984068393707,0.09642147272825241,0.11687012016773224
YKL220C,YBL097W,0,0.2456084,0.07661927491426468,0.09642147272825241,0.11697018146514893
YGL224C,YER172C,0,0.24529324,0.07655879855155945,0.09642147272825241,0.11707024276256561
YFL022C,YJR144W,0,0.24524553,0.07649841904640198,0.09642147272825241,0.1171703040599823
YKL071W,YOR058C,0,0.2451383,0.07643814384937286,0.09642147272825241,0.11727036535739899
YHR115C,YPL118W,0,0.24508883,0.07637795060873032,0.09642147272825241,0.11737041920423508
YOR118W,YKL222C,0,0.24501534,0.07631786167621613,0.09642147272825241,0.11747048050165176
YLR128W,YPL046C,0,0.24497522,0.0762578621506691,0.09642147272825241,0.11757054179906845
YGL184C,YDR037W,0,0.24483268,0.07619795948266983,0.09642147272825241,0.11767060309648514
YHR134W,YNR051C,0,0.24463369,0.07613814622163773,0.09642147272825241,0.11777066439390182
YHR191C,YOR178C,0,0.24440624,0.07607842981815338,0.09642147272825241,0.11787072569131851
YGR192C,YGR067C,0,0.24428768,0.0760188102722168,0.09642147272825241,0.1179707795381546
YML131W,YOR017W,0,0.24423371,0.07595928013324738,0.09642147272825241,0.11807084083557129
YIR007W,YPL066W,0,0.24412866,0.07589984685182571,0.09642147272825241,0.11817090213298798
YMR116C,YIR013C,0,0.24397017,0.07584050297737122,0.09642147272825241,0.11827096343040466
YOR295W,YGR092W,0,0.24396805,0.07578124850988388,0.09642147272825241,0.11837102472782135
YDR349C,YIR022W,0,0.24393989,0.0757220908999443,0.09642147272825241,0.11847108602523804
YJL160C,YIL129C,0,0.24374817,0.07566303014755249,0.09642147272825241,0.11857113987207413
YIL082W-A,YER138C,1,0.24343099,0.07638347893953323,0.0974155068397522,0.11857113987207413
YNL053W,YNL270C,0,0.24313541,0.0763239860534668,0.0974155068397522,0.11867120116949081
YDL025C,YPL212C,0,0.24311261,0.07626459002494812,0.0974155068397522,0.1187712624669075
YBL004W,YDR477W,0,0.24304013,0.0762052908539772,0.0974155068397522,0.11887132376432419
YMR214W,YHL033C,0,0.24302049,0.07614607363939285,0.0974155068397522,0.11897138506174088
YPR009W,YGR092W,0,0.24299978,0.07608695328235626,0.0974155068397522,0.11907144635915756
YNL072W,YDL102W,1,0.24293874,0.07680372148752213,0.09840954095125198,0.11907144635915756
YPL088W,YDR382W,0,0.24292462,0.0767441838979721,0.09840954095125198,0.11917150020599365
YMR224C,YBR167C,1,0.24278264,0.07745933532714844,0.09940357506275177,0.11917150020599365
YGL166W,YNL113W,0,0.24258311,0.07739938050508499,0.09940357506275177,0.11927156150341034
YCL019W,YNL030W,0,0.24246211,0.0773395225405693,0.09940357506275177,0.11937162280082703
YEL026W,YBR004C,0,0.24233206,0.07727975398302078,0.09940357506275177,0.11947168409824371
YOR035C,YHR203C,0,0.24231328,0.07722007483243942,0.09940357506275177,0.1195717453956604
YLR342W,YDR123C,0,0.24214439,0.07716049253940582,0.09940357506275177,0.11967180669307709
YDR058C,YPL016W,0,0.24180229,0.07710099965333939,0.09940357506275177,0.11977186053991318
YMR216C,YDR255C,0,0.24178179,0.07704160362482071,0.09940357506275177,0.11987192183732986
YGR013W,YNL058C,0,0.24163811,0.0769822970032692,0.09940357506275177,0.11997198313474655
YGR092W,YOR133W,0,0.24156232,0.07692307978868484,0.09940357506275177,0.12007204443216324
YML091C,YMR239C,1,0.24143238,0.0776325911283493,0.10039761662483215,0.12007204443216324
YDL042C,YGL047W,0,0.24142869,0.07757296413183212,0.10039761662483215,0.12017210572957993
YHR187W,YGR121C,0,0.2411613,0.0775134339928627,0.10039761662483215,0.12027215957641602
YCL020W,YBR106W,0,0.2411023,0.07745398581027985,0.10039761662483215,0.1203722208738327
YGR278W,YDR316W,0,0.2409945,0.07739463448524475,0.10039761662483215,0.12047228217124939
YMR288W,YNL241C,0,0.24093811,0.07733537256717682,0.10039761662483215,0.12057234346866608
YGL124C,YLR003C,0,0.24092837,0.07727620750665665,0.10039761662483215,0.12067240476608276
YPL152W,YBL005W-A,0,0.24070378,0.07721712440252304,0.10039761662483215,0.12077246606349945
YDR446W,YNL088W,0,0.24063815,0.0771581381559372,0.10039761662483215,0.12087251991033554
YJR007W,YOR017W,0,0.24063708,0.07709923386573792,0.10039761662483215,0.12097258120775223
YHR216W,YBR228W,0,0.2403966,0.0770404264330864,0.10039761662483215,0.12107264250516891
YNR023W,YDR538W,0,0.24037929,0.07698170840740204,0.10039761662483215,0.1211727038025856
YPL232W,YBR239C,0,0.24035357,0.07692307978868484,0.10039761662483215,0.12127276510000229
YGL201C,YJR044C,0,0.24019094,0.07686453312635422,0.10039761662483215,0.12137282639741898
YGR258C,YKL025C,1,0.24014534,0.07756654173135757,0.10139165073633194,0.12137282639741898
YLR233C,YHR134W,0,0.24003245,0.07750760018825531,0.10139165073633194,0.12147288024425507
YLL032C,YDR480W,0,0.23998038,0.07744874805212021,0.10139165073633194,0.12157294154167175
YHR072W,YBR152W,0,0.23985894,0.07738998532295227,0.10139165073633194,0.12167300283908844
YDR258C,YMR067C,0,0.23977317,0.0773313120007515,0.10139165073633194,0.12177306413650513
YML130C,YLR372W,0,0.23967384,0.07727272808551788,0.10139165073633194,0.12187312543392181
YBL018C,YDR123C,0,0.2396185,0.07721423357725143,0.10139165073633194,0.1219731867313385
YNL090W,YAR003W,0,0.23959993,0.07715582102537155,0.10139165073633194,0.12207324057817459
YDR294C,YPL108W,0,0.23949157,0.07709750533103943,0.10139165073633194,0.12217330187559128
YDL212W,YCR067C,0,0.2394128,0.07703927159309387,0.10139165073633194,0.12227336317300797
YBR073W,YGR186W,0,0.2390825,0.07698113471269608,0.10139165073633194,0.12237342447042465
YGL048C,YPR065W,0,0.2389353,0.07692307978868484,0.10139165073633194,0.12247348576784134
YPR121W,YPR165W,0,0.23890282,0.07686510682106018,0.10139165073633194,0.12257354706525803
YOR144C,YAL061W,0,0.2387913,0.07680723071098328,0.10139165073633194,0.12267360091209412
YDR147W,YOR256C,0,0.23865373,0.07674943655729294,0.10139165073633194,0.1227736622095108
YJR014W,YPL124W,0,0.23858781,0.07669173181056976,0.10139165073633194,0.12287372350692749
YLR376C,YOL021C,0,0.23858614,0.07663410902023315,0.10139165073633194,0.12297378480434418
YOL119C,YBL009W,0,0.23855443,0.07657657563686371,0.10139165073633194,0.12307384610176086
YGL134W,YPR181C,0,0.23835267,0.07651913166046143,0.10139165073633194,0.12317390739917755
YIL105C,YPL072W,0,0.23826076,0.07646176964044571,0.10139165073633194,0.12327396124601364
YAL032C,YDL122W,0,0.23819004,0.07640449702739716,0.10139165073633194,0.12337402254343033
YLR077W,YGR289C,0,0.23812182,0.07634730637073517,0.10139165073633194,0.12347408384084702
YGL023C,YFL034C-A,0,0.23805572,0.07629020512104034,0.10139165073633194,0.1235741451382637
YCL040W,YPL037C,0,0.23799045,0.07623318582773209,0.10139165073633194,0.12367420643568039
YJL113W,YNL254C,0,0.23793502,0.0761762484908104,0.10139165073633194,0.12377426773309708
YNL221C,YJR006W,1,0.23790167,0.07686567306518555,0.10238568484783173,0.12377426773309708
YAL014C,YLR399C,0,0.23789878,0.07680834829807281,0.10238568484783173,0.12387432157993317
YML131W,YDR198C,0,0.23779301,0.07675112038850784,0.10238568484783173,0.12397438287734985
YCL011C,YBR221C,0,0.23773105,0.07669396698474884,0.10238568484783173,0.12407444417476654
YGR133W,YOR100C,0,0.23752035,0.076636902987957,0.10238568484783173,0.12417450547218323
YOL128C,YFL034C-B,0,0.23747821,0.07657992839813232,0.10238568484783173,0.12427456676959991
YJL115W,YGL156W,0,0.23733653,0.07652302831411362,0.10238568484783173,0.1243746280670166
YAL042W,YPL187W,0,0.23733239,0.07646621763706207,0.10238568484783173,0.12447468191385269
YGR041W,YKR001C,0,0.23726909,0.07640949636697769,0.10238568484783173,0.12457474321126938
YNR012W,YNL241C,0,0.23718552,0.07635285705327988,0.10238568484783173,0.12467480450868607
YNL071W,YML022W,0,0.23718248,0.07629629969596863,0.10238568484783173,0.12477486580610275
YDL044C,YMR244C-A,0,0.2370921,0.07623982429504395,0.10238568484783173,0.12487492710351944
YDR020C,YGR163W,0,0.23697005,0.07618343085050583,0.10238568484783173,0.12497498840093613
YGR030C,YLR059C,1,0.23696281,0.07686622440814972,0.10337971895933151,0.12497498840093613
YNL139C,YNL220W,0,0.23696215,0.07680945098400116,0.10337971895933151,0.12507504224777222
YMR263W,YOL034W,0,0.2369283,0.07675276696681976,0.10337971895933151,0.1251751035451889
YGL023C,YIR021W,0,0.23689272,0.07669616490602493,0.10337971895933151,0.1252751648426056
YEL060C,YFL034C-A,0,0.23677693,0.07663964480161667,0.10337971895933151,0.12537522614002228
YDL103C,YNL316C,0,0.23667143,0.07658321410417557,0.10337971895933151,0.12547528743743896
YBR235W,YDR258C,0,0.23664008,0.07652685791254044,0.10337971895933151,0.12557534873485565
YOR210W,YMR244C-A,0,0.23655583,0.07647059112787247,0.10337971895933151,0.12567541003227234
YLR069C,YDL064W,0,0.236524,0.07641439884901047,0.10337971895933151,0.12577547132968903
YDR147W,YOR140W,0,0.23645504,0.07635829597711563,0.10337971895933151,0.1258755326271057
YJL209W,YDL194W,0,0.23628534,0.07630227506160736,0.10337971895933151,0.1259755790233612
YJL177W,YLR424W,0,0.2362641,0.07624633610248566,0.10337971895933151,0.1260756403207779
YDL150W,YDR198C,0,0.23610969,0.07619047909975052,0.10337971895933151,0.12617570161819458
YMR079W,YPR124W,0,0.2356266,0.07613469660282135,0.10337971895933151,0.12627576291561127
YOR128C,YOR003W,0,0.23557256,0.07607900351285934,0.10337971895933151,0.12637582421302795
YDL044C,YDL236W,0,0.23556723,0.0760233923792839,0.10337971895933151,0.12647588551044464
YGR215W,YPL046C,0,0.23541045,0.07596786320209503,0.10337971895933151,0.12657594680786133
YHR098C,YPL108W,0,0.23535652,0.07591240853071213,0.10337971895933151,0.12667600810527802
YNL152W,YBR014C,0,0.2353486,0.07585703581571579,0.10337971895933151,0.1267760694026947
YNL257C,YHL022C,0,0.23529908,0.07580175250768661,0.10337971895933151,0.1268761307001114
YIR013C,YGL012W,0,0.23523048,0.07574654370546341,0.10337971895933151,0.12697619199752808
YAL005C,YDR480W,0,0.23522486,0.07569140940904617,0.10337971895933151,0.12707623839378357
YHL009C,YNL087W,0,0.23497993,0.0756363645195961,0.10337971895933151,0.12717629969120026
YJR095W,YDR020C,0,0.23477651,0.075581394135952,0.10337971895933151,0.12727636098861694
YHR188C,YGL029W,0,0.23475437,0.07552650570869446,0.10337971895933151,0.12737642228603363
YJL002C,YBR288C,0,0.23463817,0.07547169923782349,0.10337971895933151,0.12747648358345032
YOL049W,YIL168W,0,0.23461585,0.07541696727275848,0.10337971895933151,0.127576544880867
YKR010C,YLR307W,0,0.2345732,0.07536231726408005,0.10337971895933151,0.1276766061782837
YML038C,YLR393W,0,0.23434047,0.07530774921178818,0.10337971895933151,0.12777666747570038
YPL162C,YOR360C,0,0.23424114,0.07525325566530228,0.10337971895933151,0.12787672877311707
YML039W,YMR137C,1,0.23423429,0.0759219080209732,0.1043737605214119,0.12787672877311707
YGL208W,YBR265W,0,0.23419523,0.07586704939603806,0.1043737605214119,0.12797679007053375
YMR199W,YDR037W,0,0.23415157,0.07581227272748947,0.1043737605214119,0.12807685136795044
YHR124W,YIL031W,0,0.23402004,0.07575757801532745,0.1043737605214119,0.12817691266536713
YOR229W,YLR095C,0,0.2338935,0.0757029578089714,0.1043737605214119,0.12827695906162262
YGL022W,YCR089W,0,0.23370111,0.07564841210842133,0.1043737605214119,0.1283770203590393
YHR141C,YIL122W,0,0.23365687,0.07559395581483841,0.1043737605214119,0.128477081656456
YDL239C,YPR033C,0,0.23341897,0.07553956657648087,0.1043737605214119,0.12857714295387268
YLR342W,YER157W,0,0.23333825,0.07548525929450989,0.1043737605214119,0.12867720425128937
YBL018C,YDR477W,0,0.23285052,0.07543103396892548,0.1043737605214119,0.12877726554870605
YMR197C,YHR026W,0,0.23276572,0.07537688314914703,0.1043737605214119,0.12887732684612274
YAR050W,YGL099W,0,0.23272721,0.07532281428575516,0.1043737605214119,0.12897738814353943
YDR085C,YNL058C,0,0.23266494,0.07526881992816925,0.1043737605214119,0.12907744944095612
YPR029C,YHR039C,0,0.23240593,0.07521490007638931,0.1043737605214119,0.1291775107383728
YJR159W,YNL275W,0,0.23205996,0.07516106218099594,0.1043737605214119,0.1292775720357895
YBR127C,YBR171W,0,0.23190553,0.07510729879140854,0.1043737605214119,0.12937763333320618
YER021W,YER075C,0,0.23177828,0.0750536099076271,0.1043737605214119,0.12947767972946167
YOL142W,YMR137C,1,0.23175329,0.07571428269147873,0.10536779463291168,0.12947767972946167
YBL040C,YIR008C,0,0.23156129,0.07566024363040924,0.10536779463291168,0.12957774102687836
YIL082W-A,YEL003W,0,0.23146628,0.07560627907514572,0.10536779463291168,0.12967780232429504
YDR452W,YKL127W,0,0.23145339,0.07555238902568817,0.10536779463291168,0.12977786362171173
YKL125W,YFL034C-B,0,0.23127429,0.07549857348203659,0.10536779463291168,0.12987792491912842
YOR033C,YGL054C,0,0.23126696,0.07544483989477158,0.10536779463291168,0.1299779862165451
YDR225W,YNL265C,0,0.23122221,0.07539118081331253,0.10536779463291168,0.1300780475139618
YGL013C,YLR002C,0,0.23107779,0.07533759623765945,0.10536779463291168,0.13017810881137848
YOR030W,YLR229C,0,0.23094258,0.07528409361839294,0.10536779463291168,0.13027817010879517
YJL051W,YCR043C,0,0.23092134,0.0752306580543518,0.10536779463291168,0.13037823140621185
YLR308W,YER160C,0,0.23090401,0.07517730444669724,0.10536779463291168,0.13047829270362854
YGR148C,YNL037C,0,0.23074211,0.07512402534484863,0.10536779463291168,0.13057835400104523
YDL103C,YLR070C,0,0.23062299,0.075070820748806,0.10536779463291168,0.13067840039730072
YBR216C,YNR046W,0,0.23061351,0.07501769065856934,0.10536779463291168,0.1307784616947174
YHL002W,YIL040W,0,0.23048125,0.07496464252471924,0.10536779463291168,0.1308785229921341
YNL241C,YNL005C,0,0.23044907,0.07491166144609451,0.10536779463291168,0.13097858428955078
YIL085C,YHR072W,0,0.230444,0.07485875487327576,0.10536779463291168,0.13107864558696747
YHR143W-A,YPR121W,0,0.23031344,0.07480593025684357,0.10536779463291168,0.13117870688438416
YER160C,YAR008W,1,0.23031281,0.07545839250087738,0.10636182874441147,0.13117870688438416
YJR159W,YLL032C,0,0.23029204,0.07540521770715714,0.10636182874441147,0.13127876818180084
YPR104C,YML121W,0,0.2301855,0.07535210996866226,0.10636182874441147,0.13137882947921753
YNL021W,YNL035C,0,0.23008244,0.07529908418655396,0.10636182874441147,0.13147889077663422
YBR110W,YLR117C,0,0.2300783,0.07524613291025162,0.10636182874441147,0.1315789520740509
YOR064C,YLR117C,0,0.2298174,0.07519325613975525,0.10636182874441147,0.1316790133714676
YJL010C,YHL018W,0,0.22967839,0.07514044642448425,0.10636182874441147,0.13177907466888428
YMR214W,YKL208W,0,0.22965795,0.07508771866559982,0.10636182874441147,0.13187912106513977
YNL047C,YMR154C,0,0.2295355,0.07503506541252136,0.10636182874441147,0.13197918236255646
YJR090C,YJL036W,0,0.22949415,0.07498247921466827,0.10636182874441147,0.13207924365997314
YIL080W,YJR063W,1,0.22941466,0.07563025504350662,0.10735586285591125,0.13207924365997314
YJR027W,YDR263C,1,0.22936031,0.07627711445093155,0.10834989696741104,0.13207924365997314
YCL075W,YLR107W,1,0.22932689,0.07692307978868484,0.10934393852949142,0.13207924365997314
YNL037C,YPL108W,0,0.22932304,0.07686932384967804,0.10934393852949142,0.13217930495738983
YIL066C,YOL041C,0,0.22920445,0.0768156424164772,0.10934393852949142,0.13227936625480652
YEL042W,YPR066W,0,0.2291901,0.07676203548908234,0.10934393852949142,0.1323794275522232
YBR084C-A,YML111W,0,0.22917874,0.07670851051807404,0.10934393852949142,0.1324794888496399
YER035W,YLR308W,0,0.22914456,0.07665505260229111,0.10934393852949142,0.13257955014705658
YCR028C-A,YHL020C,0,0.22912934,0.07660166919231415,0.10934393852949142,0.13267961144447327
YBR290W,YIR028W,0,0.22912523,0.07654836773872375,0.10934393852949142,0.13277967274188995
YPL108W,YLR089C,0,0.22893374,0.07649513334035873,0.10934393852949142,0.13287973403930664
YPR020W,YOR367W,0,0.22879387,0.07644197344779968,0.10934393852949142,0.13297978043556213
YGL043W,YLR341W,0,0.22879277,0.0763888880610466,0.10934393852949142,0.13307984173297882
YNR012W,YMR323W,0,0.22863701,0.07633587718009949,0.10934393852949142,0.1331799030303955
YFR009W,YCR033W,0,0.22852597,0.07628294080495834,0.10934393852949142,0.1332799643278122
YNL072W,YOL119C,0,0.22848836,0.07623007893562317,0.10934393852949142,0.13338002562522888
YNR056C,YFL062W,0,0.22842862,0.07617728412151337,0.10934393852949142,0.13348008692264557
YPR025C,YNL047C,0,0.2283648,0.07612456381320953,0.10934393852949142,0.13358014822006226
YNL126W,YGR092W,0,0.2282923,0.07607192546129227,0.10934393852949142,0.13368020951747894
YGR247W,YFL022C,0,0.2281743,0.07601934671401978,0.10934393852949142,0.13378027081489563
YLR117C,YLR399C,0,0.22792111,0.07596684992313385,0.10934393852949142,0.13388033211231232
YLR216C,YML065W,0,0.22786586,0.0759144201874733,0.10934393852949142,0.133980393409729
YBL097W,YGL077C,0,0.22783951,0.07586207240819931,0.10934393852949142,0.1340804547071457
YLR066W,YKL012W,0,0.2278348,0.0758097842335701,0.10934393852949142,0.13418050110340118
YER011W,YLR148W,0,0.2276472,0.07575757801532745,0.10934393852949142,0.13428056240081787
YOR100C,YOL060C,0,0.22746415,0.07570543885231018,0.10934393852949142,0.13438062369823456
YJL091C,YKR025W,0,0.22733222,0.07565336674451828,0.10934393852949142,0.13448068499565125
YAL021C,YDR478W,1,0.2272769,0.07628866285085678,0.11033797264099121,0.13448068499565125
YLR128W,YFR055W,0,0.22726655,0.07623626291751862,0.11033797264099121,0.13458074629306793
YDR017C,YIL122W,0,0.22716439,0.07618393748998642,0.11033797264099121,0.13468080759048462
YFR028C,YCR083W,0,0.22713657,0.07613168656826019,0.11033797264099121,0.1347808688879013
YDR385W,YML111W,0,0.22708125,0.07607951015233994,0.11033797264099121,0.134880930185318
YHR128W,YIL168W,0,0.22692096,0.07602740079164505,0.11033797264099121,0.13498099148273468
YPL084W,YBR098W,0,0.22685654,0.07597535848617554,0.11033797264099121,0.13508105278015137
YPL005W,YHR042W,0,0.22679017,0.075923390686512,0.11033797264099121,0.13518111407756805
YKL107W,YJR129C,0,0.22648184,0.07587149739265442,0.11033797264099121,0.13528117537498474
YML029W,YBL067C,0,0.22646771,0.07581967115402222,0.11033797264099121,0.13538122177124023
YGL184C,YML022W,0,0.226406,0.07576791942119598,0.11033797264099121,0.13548128306865692
YDL064W,YPL005W,0,0.2263916,0.07571623474359512,0.11033797264099121,0.1355813443660736
YLR084C,YNL224C,0,0.22618173,0.07566462457180023,0.11033797264099121,0.1356814056634903
YIL127C,YOR125C,0,0.22610544,0.07561308145523071,0.11033797264099121,0.13578146696090698
YOL006C,YBR239C,0,0.22578667,0.07556160539388657,0.11033797264099121,0.13588152825832367
YNL126W,YJL204C,0,0.22559135,0.07551020383834839,0.11033797264099121,0.13598158955574036
YML069W,YBR135W,0,0.22540975,0.07545886933803558,0.11033797264099121,0.13608165085315704
YMR263W,YOL033W,0,0.22529386,0.07540760934352875,0.11033797264099121,0.13618171215057373
YLR240W,YNR046W,0,0.22521788,0.07535641640424728,0.11033797264099121,0.13628177344799042
YLR226W,YKR065C,0,0.22517134,0.07530529052019119,0.11033797264099121,0.1363818347454071
YNL021W,YAL061W,0,0.22513857,0.07525423914194107,0.11033797264099121,0.1364818960428238
YJR043C,YMR050C,1,0.22512804,0.0758807584643364,0.111332006752491,0.1364818960428238
YKR060W,YGL055W,0,0.22485104,0.0758293867111206,0.111332006752491,0.13658194243907928
YJL184W,YPR052C,0,0.22482152,0.07577808201313019,0.111332006752491,0.13668200373649597
YML118W,YBR171W,0,0.22479846,0.07572684437036514,0.111332006752491,0.13678206503391266
YLR069C,YBL003C,0,0.22459485,0.07567567378282547,0.111332006752491,0.13688212633132935
YGL099W,YCL010C,0,0.22433975,0.07562457770109177,0.111332006752491,0.13698218762874603
YJL137C,YBR021W,0,0.22423205,0.07557354867458344,0.111332006752491,0.13708224892616272
YDL064W,YDL066W,0,0.22422233,0.07552258670330048,0.111332006752491,0.1371823102235794
YIL105C,YPL228W,0,0.22411679,0.07547169923782349,0.111332006752491,0.1372823715209961
YBR236C,YKL157W,0,0.22410098,0.07542087882757187,0.111332006752491,0.13738243281841278
YBR132C,YPL088W,0,0.22391148,0.07537011802196503,0.111332006752491,0.13748249411582947
YJL145W,YNL224C,0,0.22387038,0.07531943172216415,0.111332006752491,0.13758255541324615
YHR063C,YOR360C,0,0.22373469,0.07526881992816925,0.111332006752491,0.13768261671066284
YBR161W,YLR022C,0,0.22370301,0.07521826773881912,0.111332006752491,0.13778266310691833
YDL126C,YOR339C,0,0.22360997,0.07516778260469437,0.111332006752491,0.13788272440433502
YML126C,YMR044W,0,0.22344649,0.07511737197637558,0.111332006752491,0.1379827857017517
YBR228W,YLR154C,1,0.22327277,0.07573726773262024,0.11232604086399078,0.1379827857017517
YBL036C,YPL249C,0,0.2232726,0.07568653672933578,0.11232604086399078,0.1380828469991684
YBR257W,YLR107W,1,0.22325848,0.07630521804094315,0.11332008242607117,0.1380828469991684
YKR098C,YBR070C,0,0.22314386,0.07625418156385422,0.11332008242607117,0.13818290829658508
YKR001C,YNL272C,0,0.2231309,0.07620321214199066,0.11332008242607117,0.13828296959400177
YEL034W,YGR133W,0,0.22311936,0.07615230232477188,0.11332008242607117,0.13838303089141846
YJR144W,YDL174C,0,0.22308768,0.07610146701335907,0.11332008242607117,0.13848309218883514
YPL190C,YKR001C,0,0.22293665,0.07605069875717163,0.11332008242607117,0.13858315348625183
YOL034W,YHR166C,0,0.22280326,0.07599999755620956,0.11332008242607117,0.13868321478366852
YGR277C,YJL122W,0,0.22276567,0.07594936341047287,0.11332008242607117,0.1387832760810852
YDR153C,YPR121W,0,0.22247349,0.07589880377054214,0.11332008242607117,0.1388833373785019
YHR069C,YPL083C,1,0.22226498,0.07651364058256149,0.11431411653757095,0.1388833373785019
YDR311W,YJL063C,0,0.22213066,0.0764627680182457,0.11431411653757095,0.13898338377475739
YMR044W,YBL101C,0,0.22212009,0.07641196250915527,0.11431411653757095,0.13908344507217407
YBR234C,YFL002C,0,0.22203779,0.07636122405529022,0.11431411653757095,0.13918350636959076
YPL164C,YDL222C,0,0.2218479,0.07631055265665054,0.11431411653757095,0.13928356766700745
YER065C,YLR178C,0,0.22184707,0.07625994831323624,0.11431411653757095,0.13938362896442413
YLR071C,YDL049C,0,0.22178654,0.0762094110250473,0.11431411653757095,0.13948369026184082
YDR446W,YML019W,0,0.22170614,0.07615894079208374,0.11431411653757095,0.1395837515592575
YDR016C,YPL217C,0,0.22168288,0.07610853761434555,0.11431411653757095,0.1396838128566742
YLR340W,YCR033W,0,0.22162355,0.07605820149183273,0.11431411653757095,0.13978387415409088
YNL186W,YDR264C,0,0.22158572,0.07600793242454529,0.11431411653757095,0.13988393545150757
YDR506C,YHR176W,0,0.22151387,0.07595773041248322,0.11431411653757095,0.13998399674892426
YBR098W,YPL022W,1,0.22150502,0.07656765729188919,0.11530815064907074,0.13998399674892426
YPL268W,YLR174W,0,0.22146924,0.07651714980602264,0.11530815064907074,0.14008404314517975
YJL184W,YDR316W,0,0.22145216,0.07646670937538147,0.11530815064907074,0.14018410444259644
YFL062W,YIL082W-A,0,0.22133099,0.07641633599996567,0.11530815064907074,0.14028416574001312
YPL242C,YJL154C,0,0.22129841,0.07636602967977524,0.11530815064907074,0.1403842270374298
YOR229W,YOR255W,0,0.2212099,0.07631579041481018,0.11530815064907074,0.1404842883348465
YBR171W,YHR128W,0,0.22100843,0.0762656182050705,0.11530815064907074,0.14058434963226318
YHR187W,YOL130W,0,0.22097851,0.07621550559997559,0.11530815064907074,0.14068441092967987
YJR014W,YNR051C,0,0.22089581,0.07616546005010605,0.11530815064907074,0.14078447222709656
YHL001W,YCR048W,0,0.22088945,0.07611548900604248,0.11530815064907074,0.14088453352451324
YDL193W,YLR421C,0,0.22084126,0.07606557011604309,0.11530815064907074,0.14098459482192993
YHL002W,YBR235W,0,0.22067626,0.07601572573184967,0.11530815064907074,0.14108465611934662
YNL053W,YNL134C,0,0.22065562,0.07596594840288162,0.11530815064907074,0.1411847174167633
YKR018C,YDR538W,0,0.2204507,0.07591623067855835,0.11530815064907074,0.1412847638130188
YGR249W,YPL030W,0,0.22027364,0.07586658000946045,0.11530815064907074,0.14138482511043549
YBR136W,YKL084W,0,0.22023167,0.07581699639558792,0.11530815064907074,0.14148488640785217
YIR021W,YBR244W,0,0.22018732,0.07576747238636017,0.11530815064907074,0.14158494770526886
YIL117C,YEL047C,0,0.22000115,0.07571801543235779,0.11530815064907074,0.14168500900268555
YPL055C,YMR068W,0,0.21990804,0.07566862553358078,0.11530815064907074,0.14178507030010223
YMR262W,YPL083C,1,0.21985772,0.0762711837887764,0.11630218476057053,0.14178507030010223
YGR148C,YPL047W,0,0.21966873,0.07622149586677551,0.11630218476057053,0.14188513159751892
YOR293W,YER183C,0,0.21955334,0.076171875,0.11630218476057053,0.1419851928949356
YNL090W,YBR244W,0,0.21942186,0.07612231373786926,0.11630218476057053,0.1420852541923523
YKR098C,YMR283C,0,0.21939425,0.0760728195309639,0.11630218476057053,0.14218531548976898
YBR229C,YOR312C,0,0.21936509,0.0760233923792839,0.11630218476057053,0.14228537678718567
YKL025C,YOL034W,0,0.2193311,0.07597402483224869,0.11630218476057053,0.14238543808460236
YHL018W,YBR244W,0,0.21893418,0.07592472434043884,0.11630218476057053,0.14248548448085785
YHL009C,YBR221C,0,0.21892022,0.07587548345327377,0.11630218476057053,0.14258554577827454
YOL115W,YKL193C,0,0.21881293,0.07582630962133408,0.11630218476057053,0.14268560707569122
YLR393W,YLR148W,0,0.21872318,0.07577720284461975,0.11630218476057053,0.1427856683731079
YNL250W,YDR478W,1,0.2187054,0.07637540251016617,0.11729622632265091,0.1427856683731079
YGL166W,YBL009W,0,0.21867652,0.07632600516080856,0.11729622632265091,0.1428857296705246
YMR197C,YLR355C,0,0.21865313,0.07627666741609573,0.11729622632265091,0.14298579096794128
YDR311W,YPR075C,0,0.21862309,0.07622738927602768,0.11729622632265091,0.14308585226535797
YPL162C,YLR256W,0,0.21856722,0.076178178191185,0.11729622632265091,0.14318591356277466
YOL119C,YPL066W,0,0.21856554,0.07612903416156769,0.11729622632265091,0.14328597486019135
YNL047C,YER058W,0,0.21849187,0.07607994973659515,0.11729622632265091,0.14338603615760803
YPR061C,YPL228W,0,0.2184541,0.0760309249162674,0.11729622632265091,0.14348609745502472
YEL063C,YPL032C,0,0.21828674,0.07598196715116501,0.11729622632265091,0.1435861587524414
YNL069C,YOR371C,0,0.21815105,0.075933076441288,0.11729622632265091,0.1436862051486969
YOL044W,YDR198C,0,0.21810442,0.07588424533605576,0.11729622632265091,0.1437862664461136
YER142C,YGL173C,1,0.21807513,0.07647814601659775,0.1182902604341507,0.1437862664461136
YEL042W,YER160C,0,0.21798451,0.07642903178930283,0.1182902604341507,0.14388632774353027
YER144C,YKL027W,0,0.21796496,0.07637997716665268,0.1182902604341507,0.14398638904094696
YJL177W,YPL192C,0,0.21786003,0.07633098214864731,0.1182902604341507,0.14408645033836365
YDR354W,YDR450W,0,0.21782412,0.07628205418586731,0.1182902604341507,0.14418651163578033
YCR102C,YNL275W,0,0.21782051,0.07623318582773209,0.1182902604341507,0.14428657293319702
YGR203W,YPL158C,0,0.21776925,0.07618437707424164,0.1182902604341507,0.1443866342306137
YFL055W,YGL022W,0,0.21762183,0.07613563537597656,0.1182902604341507,0.1444866955280304
YEL034W,YNL254C,0,0.21756019,0.07608695328235626,0.1182902604341507,0.14458675682544708
YML114C,YLR332W,0,0.21749817,0.07603833824396133,0.1182902604341507,0.14468681812286377
YLR070C,YHR196W,0,0.21743937,0.07598978281021118,0.1182902604341507,0.14478687942028046
YMR288W,YGL131C,0,0.21706367,0.0759412869811058,0.1182902604341507,0.14488692581653595
YGR030C,YMR050C,1,0.2165882,0.07653061300516129,0.11928429454565048,0.14488692581653595
YBR070C,YJR137C,0,0.21656321,0.07648183405399323,0.11928429454565048,0.14498698711395264
YPR104C,YGL179C,0,0.21648659,0.07643312215805054,0.11928429454565048,0.14508704841136932
YOR229W,YEL055C,0,0.21643896,0.07638446986675262,0.11928429454565048,0.145187109708786
YBR139W,YBR004C,0,0.21639942,0.07633587718009949,0.11928429454565048,0.1452871710062027
YER142C,YMR234W,1,0.21619534,0.07692307978868484,0.12027832865715027,0.1452871710062027
YNL197C,YPL187W,0,0.21612711,0.07687420397996902,0.12027832865715027,0.14538723230361938
YPL045W,YBR204C,0,0.21572417,0.07682539522647858,0.12027832865715027,0.14548729360103607
YDR237W,YOL089C,0,0.21571656,0.0767766460776329,0.12027832865715027,0.14558735489845276
YPL256C,YJR019C,0,0.21569842,0.0767279639840126,0.12027832865715027,0.14568741619586945
YDR446W,YPR164W,0,0.21567854,0.07667934149503708,0.12027832865715027,0.14578747749328613
YAL001C,YGL097W,0,0.21556921,0.07663077861070633,0.12027832865715027,0.14588753879070282
YPR058W,YNL083W,0,0.21551624,0.07658227533102036,0.12027832865715027,0.1459875851869583
YBL005W-A,YGL044C,0,0.21549515,0.07653383910655975,0.12027832865715027,0.146087646484375
YPL123C,YMR239C,1,0.21547097,0.07711756974458694,0.12127236276865005,0.146087646484375
YGR068C,YJL036W,0,0.21542858,0.07706885784864426,0.12127236276865005,0.1461877077817917
YHR216W,YJL051W,0,0.21539761,0.07702020555734634,0.12127236276865005,0.14628776907920837
YDR221W,YLR256W,0,0.21538144,0.07697160542011261,0.12127236276865005,0.14638783037662506
YPR201W,YFL003C,0,0.21533465,0.07692307978868484,0.12127236276865005,0.14648789167404175
YIL085C,YGR209C,0,0.21532011,0.07687460631132126,0.12127236276865005,0.14658795297145844
YIL091C,YHR045W,0,0.21531624,0.07682619988918304,0.12127236276865005,0.14668801426887512
YLL036C,YLL032C,0,0.2151529,0.07677784562110901,0.12127236276865005,0.1467880755662918
YKL049C,YML123C,0,0.21513882,0.07672955840826035,0.12127236276865005,0.1468881368637085
YER058W,YJL036W,0,0.2151354,0.07668133080005646,0.12127236276865005,0.14698819816112518
YCR071C,YHR019C,0,0.21509115,0.07663316279649734,0.12127236276865005,0.14708825945854187
YML064C,YFL034C-B,0,0.21492776,0.0765850618481636,0.12127236276865005,0.14718830585479736
YPL236C,YML019W,0,0.21465544,0.07653701305389404,0.12127236276865005,0.14728836715221405
YLR135W,YDR156W,0,0.214603,0.07648903131484985,0.12127236276865005,0.14738842844963074
YBR021W,YBR221C,0,0.21447287,0.07644110172986984,0.12127236276865005,0.14748848974704742
YCR017C,YPR121W,0,0.21445571,0.0763932392001152,0.12127236276865005,0.1475885510444641
YOR210W,YOR125C,0,0.21444051,0.07634542882442474,0.12127236276865005,0.1476886123418808
YJL204C,YPR075C,0,0.21442407,0.07629768550395966,0.12127236276865005,0.14778867363929749
YOL089C,YGR289C,0,0.21438515,0.07625000178813934,0.12127236276865005,0.14788873493671417
YOR073W,YNL265C,0,0.21435003,0.07620237022638321,0.12127236276865005,0.14798879623413086
YPL069C,YKR046C,0,0.21425162,0.07615480571985245,0.12127236276865005,0.14808885753154755
YHL009C,YMR047C,0,0.21425036,0.07610730081796646,0.12127236276865005,0.14818891882896423
YLR138W,YDR113C,0,0.21416214,0.07605984807014465,0.12127236276865005,0.14828898012638092
YMR116C,YBR171W,0,0.21416198,0.07601246237754822,0.12127236276865005,0.1483890265226364
YPR107C,YGR096W,0,0.21404177,0.07596512883901596,0.12127236276865005,0.1484890878200531
YJR125C,YML072C,0,0.21404026,0.07591786235570908,0.12127236276865005,0.1485891491174698
YIL066C,YDL222C,0,0.21400206,0.07587064802646637,0.12127236276865005,0.14868921041488647
YLR449W,YDL147W,0,0.21395038,0.07582349330186844,0.12127236276865005,0.14878927171230316
YOL008W,YIR028W,0,0.21391027,0.07577639818191528,0.12127236276865005,0.14888933300971985
YJL091C,YDR382W,0,0.21390134,0.0757293626666069,0.12127236276865005,0.14898939430713654
YJR019C,YPL066W,0,0.2138248,0.0756823793053627,0.12127236276865005,0.14908945560455322
YGL160W,YLR424W,0,0.21376225,0.07563546299934387,0.12127236276865005,0.1491895169019699
YDL004W,YPR052C,0,0.21363969,0.07558859884738922,0.12127236276865005,0.1492895781993866
YDR143C,YBR199W,0,0.21363701,0.07554179430007935,0.12127236276865005,0.14938963949680328
YDR322C-A,YLR095C,0,0.2135868,0.07549504935741425,0.12127236276865005,0.14948970079421997
YDR385W,YNL321W,0,0.21340434,0.07544836401939392,0.12127236276865005,0.14958974719047546
YPL124W,YNL106C,0,0.21333557,0.07540173083543777,0.12127236276865005,0.14968980848789215
YIL063C,YGL234W,0,0.21328266,0.0753551572561264,0.12127236276865005,0.14978986978530884
YDL049C,YOR293W,0,0.21325545,0.07530864328145981,0.12127236276865005,0.14988993108272552
YCR079W,YAR014C,0,0.21319678,0.07526218146085739,0.12127236276865005,0.1499899923801422
YOR003W,YDR484W,0,0.21316127,0.07521578669548035,0.12127236276865005,0.1500900536775589
YDR354W,YCR048W,0,0.2131433,0.07516943663358688,0.12127236276865005,0.15019011497497559
YEL063C,YLR399C,0,0.21309222,0.07512315362691879,0.12127236276865005,0.15029017627239227
YDR385W,YDL174C,0,0.21307352,0.07507692277431488,0.12127236276865005,0.15039023756980896
YGL094C,YGR158C,1,0.21300514,0.07564575970172882,0.12226640433073044,0.15039023756980896
YOL091W,YPL230W,0,0.21298413,0.07559926062822342,0.12226640433073044,0.15049029886722565
YER119C,YOR017W,0,0.21289937,0.07555282860994339,0.12226640433073044,0.15059036016464233
YJR095W,YOR375C,0,0.21288574,0.07550644874572754,0.12226640433073044,0.15069042146205902
YOL091W,YJL074C,0,0.21285786,0.07546012103557587,0.12226640433073044,0.15079046785831451
YDR488C,YLR341W,0,0.2127695,0.07541385293006897,0.12226640433073044,0.1508905291557312
YJL151C,YOR196C,0,0.21276444,0.07536764442920685,0.12226640433073044,0.1509905904531479
YGL201C,YHR200W,0,0.21273655,0.0753214955329895,0.12226640433073044,0.15109065175056458
YML019W,YNL148C,0,0.21258408,0.07527539879083633,0.12226640433073044,0.15119071304798126
YER119C,YGR092W,0,0.21241885,0.07522935420274734,0.12226640433073044,0.15129077434539795
YPR018W,YLR117C,0,0.21235038,0.07518337666988373,0.12226640433073044,0.15139083564281464
YLR274W,YML072C,0,0.21231687,0.07513744384050369,0.12226640433073044,0.15149089694023132
YML022W,YMR029C,0,0.21214963,0.07509157806634903,0.12226640433073044,0.151590958237648
YMR202W,YOL137W,0,0.21212582,0.07504575699567795,0.12226640433073044,0.1516910195350647
YBR228W,YNL072W,1,0.21191458,0.07560975849628448,0.12326043844223022,0.1516910195350647
YPL030W,YMR231W,0,0.21188626,0.07556368410587311,0.12326043844223022,0.15179108083248138
YCL026C-A,YGL234W,0,0.21182941,0.07551766186952591,0.12326043844223022,0.15189114212989807
YOR328W,YJR067C,0,0.21178304,0.07547169923782349,0.12326043844223022,0.15199118852615356
YPR094W,YHL018W,0,0.21160085,0.07542578876018524,0.12326043844223022,0.15209124982357025
YPL108W,YJR077C,0,0.21143289,0.07537993788719177,0.12326043844223022,0.15219131112098694
YER169W,YJL104W,0,0.21122031,0.07533414661884308,0.12326043844223022,0.15229137241840363
YIL016W,YLR424W,0,0.21120012,0.07528840005397797,0.12326043844223022,0.1523914337158203
YNL232W,YER142C,1,0.21092321,0.0758495181798935,0.12425447255373001,0.1523914337158203
YCR073C,YNL312W,0,0.21090412,0.07580351829528809,0.12425447255373001,0.152491495013237
YDR338C,YPL066W,0,0.21089898,0.07575757801532745,0.12425447255373001,0.1525915563106537
YJL092W,YGL020C,0,0.21075757,0.075711689889431,0.12425447255373001,0.15269161760807037
YNL186W,YNL083W,0,0.21063614,0.07566586136817932,0.12425447255373001,0.15279167890548706
YDL132W,YOL039W,0,0.21062045,0.07562008500099182,0.12425447255373001,0.15289174020290375
YEL016C,YPL123C,1,0.21061733,0.07617896050214767,0.1252485066652298,0.15289174020290375
YIL049W,YNL323W,0,0.21060538,0.07613293081521988,0.1252485066652298,0.15299180150032043
YKL221W,YOR133W,0,0.210474,0.07608695328235626,0.1252485066652298,0.15309184789657593
YCL019W,YCR003W,0,0.21021886,0.07604103535413742,0.1252485066652298,0.15319190919399261
YPL227C,YMR052W,0,0.20994182,0.07599517703056335,0.1252485066652298,0.1532919704914093
YPL275W,YOR312C,0,0.20991702,0.07594936341047287,0.1252485066652298,0.153392031788826
YHL022C,YMR224C,1,0.20991375,0.07650602608919144,0.12624254822731018,0.153392031788826
YPR107C,YLR027C,0,0.20983224,0.07645996659994125,0.12624254822731018,0.15349209308624268
YBR186W,YKL120W,0,0.20978023,0.07641395926475525,0.12624254822731018,0.15359215438365936
YDR216W,YPR065W,0,0.20958014,0.07636801153421402,0.12624254822731018,0.15369221568107605
YHL002W,YPL066W,0,0.20955187,0.07632211595773697,0.12624254822731018,0.15379227697849274
YEL011W,YJR014W,0,0.20949961,0.0762762799859047,0.12624254822731018,0.15389233827590942
YNR073C,YOR361C,0,0.20946155,0.076230488717556,0.12624254822731018,0.1539923995733261
YPL241C,YBR135W,0,0.20922256,0.07618476450443268,0.12624254822731018,0.1540924608707428
YIL049W,YNL245C,0,0.20914133,0.07613909244537354,0.12624254822731018,0.15419252216815948
YFR009W,YOL044W,0,0.20903982,0.07609347254037857,0.12624254822731018,0.15429256856441498
YBR136W,YFL022C,0,0.20902169,0.07604790478944778,0.12624254822731018,0.15439262986183167
YEL016C,YNL250W,1,0.20893906,0.07660083472728729,0.12723657488822937,0.15439262986183167
YJR129C,YIL010W,0,0.20892952,0.07655502110719681,0.12723657488822937,0.15449269115924835
YLR174W,YNL047C,0,0.20886101,0.0765092670917511,0.12723657488822937,0.15459275245666504
YBR136W,YGR195W,0,0.208784,0.07646355777978897,0.12723657488822937,0.15469281375408173
YBL006C,YIL103W,0,0.20875612,0.07641790807247162,0.12723657488822937,0.1547928750514984
YMR047C,YLR002C,0,0.20865306,0.07637231796979904,0.12723657488822937,0.1548929363489151
YDR255C,YJR077C,0,0.20843205,0.07632677257061005,0.12723657488822937,0.1549929976463318
YML008C,YJR129C,0,0.20840715,0.07628128677606583,0.12723657488822937,0.15509305894374847
YOR095C,YPL084W,0,0.2082708,0.07623585313558578,0.12723657488822937,0.15519312024116516
YGL121C,YNL197C,0,0.20824645,0.07619047909975052,0.12723657488822937,0.15529318153858185
YBL102W,YGR038W,0,0.20816898,0.07614514976739883,0.12723657488822937,0.15539324283599854
YOR328W,YBR244W,0,0.2079611,0.07609988003969193,0.12723657488822937,0.15549328923225403
YNR073C,YDL058W,0,0.20781149,0.0760546624660492,0.12723657488822937,0.15559335052967072
YBR298C,YDL178W,0,0.20777772,0.07600950449705124,0.12723657488822937,0.1556934118270874
YER142C,YCR035C,1,0.20771681,0.07655785977840424,0.12823061645030975,0.1556934118270874
YFL052W,YGL187C,0,0.20734113,0.07651245594024658,0.12823061645030975,0.1557934731245041
YGR128C,YER170W,0,0.20728378,0.0764671042561531,0.12823061645030975,0.15589353442192078
YDL010W,YNR049C,0,0.20725693,0.07642179727554321,0.12823061645030975,0.15599359571933746
YFL009W,YJR095W,0,0.20724018,0.07637655735015869,0.12823061645030975,0.15609365701675415
YCL030C,YOR073W,0,0.20705478,0.07633136212825775,0.12823061645030975,0.15619371831417084
YPL020C,YBL027W,0,0.20701016,0.07628621906042099,0.12823061645030975,0.15629377961158752
YPL030W,YHR166C,0,0.20699695,0.076241135597229,0.12823061645030975,0.1563938409090042
YBR018C,YOL068C,0,0.20673531,0.0761961042881012,0.12823061645030975,0.1564939022064209
YHR216W,YBR019C,0,0.20670561,0.07615112513303757,0.12823061645030975,0.15659396350383759
YLR336C,YLR081W,0,0.20661029,0.07610619813203812,0.12823061645030975,0.15669400990009308
YBR039W,YLR319C,0,0.2066036,0.07606132328510284,0.12823061645030975,0.15679407119750977
YDR216W,YGR033C,0,0.20657828,0.07601650059223175,0.12823061645030975,0.15689413249492645
YBR103W,YLR388W,0,0.20656635,0.07597173005342484,0.12823061645030975,0.15699419379234314
YLR081W,YDL150W,0,0.20653334,0.0759270191192627,0.12823061645030975,0.15709425508975983
YJL139C,YNL083W,0,0.20649356,0.07588235288858414,0.12823061645030975,0.1571943163871765
YJL209W,YKL160W,0,0.20647593,0.07583773881196976,0.12823061645030975,0.1572943776845932
YDR147W,YNR069C,0,0.20642619,0.07579318434000015,0.12823061645030975,0.1573944389820099
YJL099W,YDR206W,0,0.20640723,0.07574868202209473,0.12823061645030975,0.15749450027942657
YNR073C,YGL055W,0,0.20633008,0.07570422440767288,0.12823061645030975,0.15759456157684326
YLR312W-A,YER138C,1,0.20628251,0.07624633610248566,0.12922465801239014,0.15759456157684326
YJR029W,YBL055C,1,0.20626979,0.0767878070473671,0.13021868467330933,0.15759456157684326
YJL010C,YOR256C,0,0.20620249,0.07674282044172287,0.13021868467330933,0.15769462287425995
YDR017C,YCR043C,0,0.20618676,0.07669789344072342,0.13021868467330933,0.15779468417167664
YKR081C,YHR034C,0,0.20616464,0.07665301114320755,0.13021868467330933,0.15789473056793213
YOL091W,YFL050C,0,0.20609896,0.07660818845033646,0.13021868467330933,0.15799479186534882
YLR027C,YFL008W,0,0.20603038,0.07656341046094894,0.13021868467330933,0.1580948531627655
YHL007C,YMR197C,0,0.20570676,0.07651869207620621,0.13021868467330933,0.1581949144601822
YLR242C,YOR153W,0,0.20559664,0.07647402584552765,0.13021868467330933,0.15829497575759888
YBR103W,YDL194W,0,0.20549947,0.07642940431833267,0.13021868467330933,0.15839503705501556
YPL045W,YNL275W,0,0.20548725,0.07638484239578247,0.13021868467330933,0.15849509835243225
YDL226C,YKL127W,0,0.20541345,0.07634032517671585,0.13021868467330933,0.15859515964984894
YOR368W,YLR430W,1,0.2053469,0.07687827944755554,0.1312127262353897,0.15859515964984894
YER069W,YPL283C,0,0.20531578,0.07683352380990982,0.1312127262353897,0.15869522094726562
YOR118W,YNL139C,0,0.20506847,0.07678882777690887,0.1312127262353897,0.1587952822446823
YDL191W,YOR198C,0,0.20501827,0.0767441838979721,0.1312127262353897,0.158895343542099
YLR166C,YGL077C,0,0.20501167,0.07669959217309952,0.1312127262353897,0.1589953899383545
YGR109C,YGR041W,0,0.20485787,0.07665505260229111,0.1312127262353897,0.15909545123577118
YBR179C,YKL084W,0,0.20470496,0.07661056518554688,0.1312127262353897,0.15919551253318787
YJR088C,YML058W,0,0.20460984,0.07656612247228622,0.1312127262353897,0.15929557383060455
YGR157W,YBL066C,0,0.20454647,0.07652173936367035,0.1312127262353897,0.15939563512802124
YML110C,YMR014W,0,0.2044795,0.07647740095853806,0.1312127262353897,0.15949569642543793
YHR123W,YKL148C,0,0.20418562,0.07643312215805054,0.1312127262353897,0.15959575772285461
YOR003W,YDR354W,0,0.20404752,0.0763888880610466,0.1312127262353897,0.1596958190202713
YNR051C,YLR341W,0,0.20403327,0.07634470611810684,0.1312127262353897,0.159795880317688
YLR388W,YKL101W,0,0.20398432,0.07630057632923126,0.1312127262353897,0.15989594161510468
YOR056C,YJR044C,0,0.20392708,0.07625649869441986,0.1312127262353897,0.15999600291252136
YGR087C,YKL157W,0,0.20390077,0.07621247321367264,0.1312127262353897,0.16009606420993805
YBR084C-A,YLR117C,0,0.20378895,0.076168492436409,0.1312127262353897,0.16019611060619354
YER026C,YHL018W,0,0.20367561,0.07612456381320953,0.1312127262353897,0.16029617190361023
YGR240C,YDR099W,0,0.20351984,0.07608069479465485,0.1312127262353897,0.16039623320102692
YMR050C,YOL043C,1,0.20346096,0.07661290466785431,0.1322067528963089,0.16039623320102692
YJR105W,YLR256W,0,0.20276271,0.07656879723072052,0.1322067528963089,0.1604962944984436
YCR027C,YOR153W,0,0.2027479,0.07652474194765091,0.1322067528963089,0.1605963557958603
YKL027W,YOR056C,0,0.20265485,0.07648073881864548,0.1322067528963089,0.16069641709327698
YAR050W,YMR047C,0,0.20252602,0.07643678039312363,0.1322067528963089,0.16079647839069366
YDR311W,YMR162C,0,0.20248516,0.07639287412166595,0.1322067528963089,0.16089653968811035
YPL162C,YDR450W,0,0.201748,0.07634902745485306,0.1322067528963089,0.16099660098552704
YDR016C,YJR129C,0,0.20174031,0.07630521804094315,0.1322067528963089,0.16109666228294373
YGR030C,YKL114C,1,0.2016059,0.07683486491441727,0.13320079445838928,0.16109666228294373
YML114C,YML062C,0,0.20152374,0.07679083198308945,0.13320079445838928,0.1611967235803604
YMR104C,YOL033W,0,0.20136449,0.0767468512058258,0.13320079445838928,0.1612967848777771
YNL186W,YCR003W,0,0.2013544,0.07670292258262634,0.13320079445838928,0.1613968312740326
YOR321W,YLR275W,0,0.20126002,0.07665903866291046,0.13320079445838928,0.16149689257144928
YHL001W,YCL026C-A,0,0.20120467,0.07661520689725876,0.13320079445838928,0.16159695386886597
YNR054C,YNL270C,0,0.20114948,0.07657142728567123,0.13320079445838928,0.16169701516628265
YCR067C,YDL155W,0,0.2009035,0.07652769982814789,0.13320079445838928,0.16179707646369934
YKR080W,YFR055W,0,0.20082179,0.07648401707410812,0.13320079445838928,0.16189713776111603
YGR059W,YKR018C,0,0.20065366,0.07644038647413254,0.13320079445838928,0.16199719905853271
YDL181W,YLL039C,0,0.20059647,0.07639680802822113,0.13320079445838928,0.1620972603559494
YAL032C,YPR004C,0,0.2005192,0.0763532742857933,0.13320079445838928,0.1621973216533661
YJL074C,YDR198C,0,0.20048533,0.07630979269742966,0.13320079445838928,0.16229738295078278
YPL012W,YBR008C,0,0.20046209,0.07626636326313019,0.13320079445838928,0.16239744424819946
YPL236C,YER011W,0,0.2002287,0.0762229785323143,0.13320079445838928,0.16249750554561615
YPR052C,YGR132C,0,0.20008998,0.07617964595556259,0.13320079445838928,0.16259755194187164
YML130C,YBR152W,0,0.20005767,0.07613636553287506,0.13320079445838928,0.16269761323928833
YHR107C,YIL122W,0,0.20005332,0.07609312981367111,0.13320079445838928,0.16279767453670502
YGR041W,YPL192C,0,0.19983648,0.07604994624853134,0.13320079445838928,0.1628977358341217
YBR203W,YGR240C,0,0.19981766,0.07600680738687515,0.13320079445838928,0.1629977971315384
YHR178W,YGR098C,0,0.19980949,0.07596372067928314,0.13320079445838928,0.16309785842895508
YHR214C-B,YNR052C,1,0.19961862,0.07648725062608719,0.13419483602046967,0.16309785842895508
YLR310C,YOR017W,0,0.19961508,0.07644394040107727,0.13419483602046967,0.16319791972637177
YHR216W,YDR349C,0,0.1995786,0.07640068233013153,0.13419483602046967,0.16329798102378845
YBR077C,YDL014W,0,0.19952263,0.07635746896266937,0.13419483602046967,0.16339804232120514
YFL062W,YBL018C,0,0.1994855,0.0763143002986908,0.13419483602046967,0.16349810361862183
YBR234C,YNL113W,0,0.19934842,0.0762711837887764,0.13419483602046967,0.1635981649160385
YPL275W,YLR449W,0,0.19934662,0.07622811943292618,0.13419483602046967,0.1636982262134552
YGL166W,YPL008W,0,0.19934644,0.07618509978055954,0.13419483602046967,0.1637982726097107
YOR344C,YER073W,0,0.19901292,0.07614213228225708,0.13419483602046967,0.16389833390712738
YML114C,YBR102C,0,0.19900528,0.0760992094874382,0.13419483602046967,0.16399839520454407
YBR132C,YPL170W,0,0.1989926,0.0760563388466835,0.13419483602046967,0.16409845650196075
YMR106C,YFL031W,0,0.19895385,0.07601351290941238,0.13419483602046967,0.16419851779937744
YBL002W,YNL326C,0,0.19890581,0.07597073912620544,0.13419483602046967,0.16429857909679413
YNL083W,YGL012W,0,0.19885507,0.07592801004648209,0.13419483602046967,0.16439864039421082
YIR015W,YPL022W,1,0.19882047,0.07644744217395782,0.13518886268138885,0.16439864039421082
YBL040C,YJL010C,0,0.19875313,0.07640449702739716,0.13518886268138885,0.1644987016916275
YMR106C,YNL265C,0,0.19863673,0.07636159658432007,0.13518886268138885,0.1645987629890442
YKL163W,YPL003W,0,0.1985486,0.07631874084472656,0.13518886268138885,0.16469882428646088
YBR070C,YPR066W,0,0.19852494,0.07627593725919724,0.13518886268138885,0.16479888558387756
YLR069C,YIL082W-A,0,0.19851995,0.07623318582773209,0.13518886268138885,0.16489893198013306
YLR084C,YKR087C,0,0.1985154,0.07619047909975052,0.13518886268138885,0.16499899327754974
YHR063C,YLR069C,0,0.19842355,0.07614781707525253,0.13518886268138885,0.16509905457496643
YER006W,YBR171W,0,0.19842173,0.07610520720481873,0.13518886268138885,0.16519911587238312
YDR099W,YDL191W,0,0.19836967,0.0760626420378685,0.13518886268138885,0.1652991771697998
YFL062W,YNL177C,0,0.1982931,0.07602012157440186,0.13518886268138885,0.1653992384672165
YKL127W,YPR121W,0,0.19822428,0.07597765326499939,0.13518886268138885,0.16549929976463318
YDL207W,YPL266W,0,0.19814289,0.0759352296590805,0.13518886268138885,0.16559936106204987
YGR133W,YGR091W,0,0.19811043,0.0758928582072258,0.13518886268138885,0.16569942235946655
YIL162W,YHR121W,0,0.19804767,0.07585053145885468,0.13518886268138885,0.16579948365688324
YJR027W,YOL021C,1,0.19804613,0.07636566460132599,0.13618290424346924,0.16579948365688324
YGL254W,YLL042C,0,0.19798297,0.07632312178611755,0.13618290424346924,0.16589954495429993
YAL001C,YLR275W,0,0.19795321,0.0762806236743927,0.13618290424346924,0.1659996062517166
YGL032C,YKR024C,0,0.19779615,0.07623817771673203,0.13618290424346924,0.1660996526479721
YBR210W,YGL245W,0,0.19776581,0.07619577646255493,0.13618290424346924,0.1661997139453888
YNL002C,YNL003C,0,0.19772868,0.07615341991186142,0.13618290424346924,0.16629977524280548
YIL127C,YKL211C,0,0.19765216,0.07611110806465149,0.13618290424346924,0.16639983654022217
YNL326C,YLL054C,0,0.19765009,0.07606884837150574,0.13618290424346924,0.16649989783763885
YPL227C,YLR205C,0,0.19752488,0.07602663338184357,0.13618290424346924,0.16659995913505554
YBR234C,YKR081C,0,0.1971813,0.07598447054624557,0.13618290424346924,0.16670002043247223
YEL077C,YMR280C,0,0.19717269,0.07594235241413116,0.13618290424346924,0.16680008172988892
YML114C,YDR540C,0,0.19715123,0.07590027898550034,0.13618290424346924,0.1669001430273056
YHR079C-A,YJL111W,0,0.19711192,0.07585825026035309,0.13618290424346924,0.1670002043247223
YKL146W,YBL009W,0,0.19696663,0.07581627368927002,0.13618290424346924,0.16710026562213898
YHL018W,YNR039C,0,0.19694035,0.07577433437108994,0.13618290424346924,0.16720032691955566
YOR255W,YDR208W,0,0.19692342,0.07573244720697403,0.13618290424346924,0.16730037331581116
YLR423C,YLR205C,0,0.19688375,0.0756906047463417,0.13618290424346924,0.16740043461322784
YLR310C,YPL024W,0,0.19667694,0.07564881443977356,0.13618290424346924,0.16750049591064453
YGL156W,YOR295W,0,0.1966752,0.0756070613861084,0.13618290424346924,0.16760055720806122
YGR125W,YBL009W,0,0.19667117,0.07556536048650742,0.13618290424346924,0.1677006185054779
YMR288W,YHR007C,0,0.19665329,0.07552370429039001,0.13618290424346924,0.1678006798028946
YKL160W,YDR155C,0,0.19661008,0.0754820927977562,0.13618290424346924,0.16790074110031128
YPL072W,YER166W,0,0.19659711,0.07544052600860596,0.13618290424346924,0.16800080239772797
YDR385W,YJL074C,0,0.19655088,0.0753990113735199,0.13618290424346924,0.16810086369514465
YKL184W,YPR022C,0,0.19647186,0.07535753399133682,0.13618290424346924,0.16820092499256134
YGL124C,YHR152W,0,0.19638918,0.07531610876321793,0.13618290424346924,0.16830098628997803
YNL209W,YGL134W,0,0.19633476,0.07527472823858261,0.13618290424346924,0.16840104758739471
YKL125W,YFL034C-A,0,0.196319,0.07523338496685028,0.13618290424346924,0.1685010939836502
YER073W,YOR083W,0,0.19625549,0.07519209384918213,0.13618290424346924,0.1686011552810669
YOR196C,YNL197C,0,0.19620149,0.07515084743499756,0.13618290424346924,0.16870121657848358
YKR018C,YOR360C,0,0.19618858,0.07510964572429657,0.13618290424346924,0.16880127787590027
YJR029W,YGR095C,1,0.19614632,0.07561644166707993,0.13717694580554962,0.16880127787590027
YOR118W,YFR046C,0,0.19608976,0.07557502388954163,0.13717694580554962,0.16890133917331696
YBR110W,YNR075W,0,0.1960269,0.0755336582660675,0.13717694580554962,0.16900140047073364
YKL160W,YNL093W,0,0.19582938,0.07549234479665756,0.13717694580554962,0.16910146176815033
YKL071W,YPR066W,0,0.19552672,0.0754510685801506,0.13717694580554962,0.16920152306556702
YBR302C,YHR115C,0,0.19550577,0.07540983706712723,0.13717694580554962,0.1693015843629837
YJR091C,YGL020C,0,0.1954998,0.07536865025758743,0.13717694580554962,0.1694016456604004
YMR113W,YLR210W,0,0.19539131,0.07532750815153122,0.13717694580554962,0.16950170695781708
YBR073W,YOR077W,0,0.19535561,0.07528641819953918,0.13717694580554962,0.16960176825523376
YOR234C,YKL167C,0,0.19532903,0.07524536550045013,0.13717694580554962,0.16970181465148926
YMR121C,YKL220C,0,0.19520105,0.07520435750484467,0.13717694580554962,0.16980187594890594
YGR074W,YML118W,0,0.19518451,0.07516340166330338,0.13717694580554962,0.16990193724632263
YGL020C,YAR003W,0,0.19517738,0.07512248307466507,0.13717694580554962,0.17000199854373932
YLR406C,YIL044C,0,0.19491707,0.07508160918951035,0.13717694580554962,0.170102059841156
YGL002W,YBR135W,0,0.19489974,0.0750407800078392,0.13717694580554962,0.1702021211385727
YBR152W,YDL058W,0,0.19482459,0.07500000298023224,0.13717694580554962,0.17030218243598938
YJR091C,YKR042W,0,0.19456644,0.07495926320552826,0.13717694580554962,0.17040224373340607
YBR223C,YMR050C,1,0.1944905,0.07546145468950272,0.1381709724664688,0.17040224373340607
YCR079W,YHL020C,0,0.19447803,0.07542051374912262,0.1381709724664688,0.17050230503082275
YHR083W,YGR013W,0,0.19432516,0.07537961006164551,0.1381709724664688,0.17060236632823944
YJR047C,YBR235W,0,0.19430216,0.07533875107765198,0.1381709724664688,0.17070242762565613
YFR004W,YLR362W,0,0.19427906,0.07529794424772263,0.1381709724664688,0.17080248892307281
YMR014W,YLR119W,0,0.19415803,0.07525717467069626,0.1381709724664688,0.1709025353193283
YKR013W,YJL051W,0,0.19405816,0.07521644979715347,0.1381709724664688,0.171002596616745
YGR186W,YDL010W,0,0.19393645,0.07517576962709427,0.1381709724664688,0.17110265791416168
YDR147W,YHR094C,0,0.19386281,0.07513513416051865,0.1381709724664688,0.17120271921157837
YOL041C,YJL093C,0,0.19383608,0.0750945433974266,0.1381709724664688,0.17130278050899506
YBR133C,YBL097W,0,0.19381909,0.07505399733781815,0.1381709724664688,0.17140284180641174
YGR133W,YNR049C,0,0.19357263,0.07501348853111267,0.1381709724664688,0.17150290310382843
YGR152C,YDR099W,0,0.19357063,0.07497303187847137,0.1381709724664688,0.17160296440124512
YGL055W,YPR065W,0,0.19342908,0.07493261247873306,0.1381709724664688,0.1717030256986618
YDR489W,YMR244C-A,0,0.19342086,0.07489223778247833,0.1381709724664688,0.1718030869960785
YDR058C,YLR077W,0,0.19339861,0.07485191524028778,0.1381709724664688,0.17190314829349518
YMR202W,YLR110C,0,0.19329964,0.07481162250041962,0.1381709724664688,0.17200319468975067
YPR145W,YMR214W,0,0.19322732,0.07477138191461563,0.1381709724664688,0.17210325598716736
YPL072W,YPL266W,0,0.19321056,0.07473118603229523,0.1381709724664688,0.17220331728458405
YJR105W,YNL326C,0,0.19292696,0.07469102740287781,0.1381709724664688,0.17230337858200073
YLR069C,YGL145W,0,0.19290364,0.07465091347694397,0.1381709724664688,0.17240343987941742
YKL035W,YBR018C,0,0.19288047,0.07461084425449371,0.1381709724664688,0.1725035011768341
YKL091C,YML022W,0,0.19285181,0.07457081228494644,0.1381709724664688,0.1726035624742508
YNL177C,YKL222C,0,0.19275965,0.07453083246946335,0.1381709724664688,0.17270362377166748
YJL177W,YBR201W,0,0.19275056,0.07449088990688324,0.1381709724664688,0.17280368506908417
YMR021C,YKL209C,0,0.19273168,0.07445099204778671,0.1381709724664688,0.17290374636650085
YNL067W,YPL212C,0,0.19270325,0.07441113144159317,0.1381709724664688,0.17300380766391754
YGL086W,YKL148C,0,0.1925432,0.0743713229894638,0.1381709724664688,0.17310386896133423
YNL186W,YFR009W,0,0.19238201,0.07433155179023743,0.1381709724664688,0.17320391535758972
YNL256W,YNL093W,0,0.19204555,0.07429182529449463,0.1381709724664688,0.1733039766550064
YML130C,YJR002W,0,0.19194756,0.07425213605165482,0.1381709724664688,0.1734040379524231
YHL002W,YDR489W,0,0.19184275,0.07421249151229858,0.1381709724664688,0.17350409924983978
YLR340W,YBR057C,0,0.19182278,0.07417289167642593,0.1381709724664688,0.17360416054725647
YLR205C,YBL067C,0,0.19180638,0.07413333654403687,0.1381709724664688,0.17370422184467316
YKL146W,YHR084W,0,0.19177847,0.07409381866455078,0.1381709724664688,0.17380428314208984
YBR280C,YLR336C,0,0.1917427,0.07405434548854828,0.1381709724664688,0.17390434443950653
YNR023W,YPL275W,0,0.19169152,0.07401490956544876,0.1381709724664688,0.17400440573692322
YER119C,YCR048W,0,0.19167174,0.07397551834583282,0.1381709724664688,0.1741044670343399
YLR340W,YIR022W,0,0.19159214,0.07393617182970047,0.1381709724664688,0.1742045283317566
YOR056C,YKL025C,1,0.19146635,0.0744284987449646,0.1391650140285492,0.1742045283317566
YNL099C,YML075C,0,0.19133665,0.07438895106315613,0.1391650140285492,0.17430458962917328
YNR026C,YMR283C,0,0.19130844,0.07434944063425064,0.1391650140285492,0.17440463602542877
YDR085C,YPL275W,0,0.1912381,0.07430998235940933,0.1391650140285492,0.17450469732284546
YBR106W,YMR154C,0,0.19113228,0.07427055388689041,0.1391650140285492,0.17460475862026215
YDR058C,YOL021C,0,0.19106783,0.07423117756843567,0.1391650140285492,0.17470481991767883
YGR195W,YBR098W,1,0.1910276,0.07472178339958191,0.14015904068946838,0.17470481991767883
YAL001C,YDR394W,0,0.19085597,0.07468220591545105,0.14015904068946838,0.17480488121509552
YGR091W,YLR095C,0,0.19085103,0.07464266568422318,0.14015904068946838,0.1749049425125122
YML118W,YKL025C,1,0.19080682,0.07513227313756943,0.14115308225154877,0.1749049425125122
YBR280C,YPR022C,0,0.19078061,0.07509254664182663,0.14115308225154877,0.1750050038099289
YNL064C,YNL152W,0,0.19076024,0.07505285739898682,0.14115308225154877,0.17510506510734558
YAL005C,YLR226W,0,0.19071163,0.07501320540904999,0.14115308225154877,0.17520512640476227
YOR094W,YML046W,0,0.19067763,0.07497359812259674,0.14115308225154877,0.17530518770217896
YDR519W,YDL066W,0,0.19065906,0.07493403553962708,0.14115308225154877,0.17540524899959564
YIR028W,YDL191W,0,0.19046766,0.07489451766014099,0.14115308225154877,0.17550531029701233
YML008C,YPL192C,0,0.19044177,0.07485503703355789,0.14115308225154877,0.17560535669326782
YDR485C,YDL147W,0,0.19043897,0.07481559365987778,0.14115308225154877,0.1757054179906845
YCR024C-A,YBL005W-A,0,0.19034868,0.07477619498968124,0.14115308225154877,0.1758054792881012
YOL128C,YER006W,0,0.19033737,0.07473684102296829,0.14115308225154877,0.17590554058551788
YBR221C,YFL003C,0,0.19030197,0.07469752430915833,0.14115308225154877,0.17600560188293457
YPL024W,YLR089C,0,0.19027558,0.07465825229883194,0.14115308225154877,0.17610566318035126
YML019W,YKL065C,0,0.19014917,0.07461902499198914,0.14115308225154877,0.17620572447776794
YER183C,YPR052C,0,0.19007206,0.07457983493804932,0.14115308225154877,0.17630578577518463
YFL053W,YML065W,0,0.19004099,0.07454068213701248,0.14115308225154877,0.17640584707260132
YMR288W,YML078W,0,0.19001444,0.07450157403945923,0.14115308225154877,0.176505908370018
YKR010C,YIL117C,0,0.18999046,0.07446250319480896,0.14115308225154877,0.1766059696674347
YOR115C,YER006W,0,0.18991749,0.07442347705364227,0.14115308225154877,0.17670603096485138
YER124C,YPL158C,0,0.1899107,0.07438449561595917,0.14115308225154877,0.17680607736110687
YOR312C,YLR256W,0,0.18970712,0.07434555143117905,0.14115308225154877,0.17690613865852356
YKL222C,YML065W,0,0.18970346,0.07430664449930191,0.14115308225154877,0.17700619995594025
YBR302C,YHR042W,0,0.18968655,0.07426778227090836,0.14115308225154877,0.17710626125335693
YGR096W,YBL009W,0,0.18962388,0.07422895729541779,0.14115308225154877,0.17720632255077362
YNL221C,YGR258C,1,0.18961675,0.07471264153718948,0.14214712381362915,0.17720632255077362
YPR145W,YGL131C,0,0.18955208,0.07467363029718399,0.14214712381362915,0.1773063838481903
YIR028W,YML072C,0,0.18943523,0.07463465631008148,0.14214712381362915,0.177406445145607
YAL014C,YOR125C,0,0.1893202,0.07459571957588196,0.14214712381362915,0.17750650644302368
YHR115C,YBL046W,0,0.18929791,0.07455682754516602,0.14214712381362915,0.17760656774044037
YJL139C,YCL045C,0,0.18929279,0.07451798021793365,0.14214712381362915,0.17770662903785706
YKL209C,YJR014W,0,0.18926235,0.07447917014360428,0.14214712381362915,0.17780669033527374
YDL188C,YOR336W,0,0.1892094,0.07444039732217789,0.14214712381362915,0.17790673673152924
YBR004C,YJL118W,0,0.18917225,0.07440166175365448,0.14214712381362915,0.17800679802894592
YJR152W,YEL009C,0,0.18903138,0.07436297088861465,0.14214712381362915,0.1781068593263626
YPR061C,YDR266C,0,0.1888616,0.07432432472705841,0.14214712381362915,0.1782069206237793
YJL111W,YBR293W,0,0.18883952,0.07428571581840515,0.14214712381362915,0.17830698192119598
YBR199W,YLR319C,0,0.18882929,0.07424714416265488,0.14214712381362915,0.17840704321861267
YJL203W,YIL129C,0,0.18879817,0.07420861721038818,0.14214712381362915,0.17850710451602936
YGR192C,YDR194C,0,0.18866943,0.07417012751102448,0.14214712381362915,0.17860716581344604
YGL130W,YIL082W-A,0,0.1882193,0.07413167506456375,0.14214712381362915,0.17870722711086273
YBR290W,YPL241C,0,0.18821763,0.07409326732158661,0.14214712381362915,0.17880728840827942
YKL209C,YDR409W,0,0.18816765,0.07405489683151245,0.14214712381362915,0.1789073497056961
YJL050W,YDL092W,0,0.18814036,0.07401656359434128,0.14214712381362915,0.1790074110031128
YGR087C,YGR215W,0,0.18808198,0.07397827506065369,0.14214712381362915,0.1791074573993683
YFL024C,YML058W,0,0.18803506,0.07394002377986908,0.14214712381362915,0.17920751869678497
YGL065C,YGR041W,0,0.18798779,0.07390180975198746,0.14214712381362915,0.17930757999420166
YBR019C,YNL241C,0,0.18790756,0.07386363297700882,0.14214712381362915,0.17940764129161835
YOR115C,YJL014W,0,0.18790254,0.07382550090551376,0.14214712381362915,0.17950770258903503
YIL122W,YPL015C,0,0.18789946,0.07378740608692169,0.14214712381362915,0.17960776388645172
YNL186W,YDR540C,0,0.18785396,0.0737493559718132,0.14214712381362915,0.1797078251838684
YNL072W,YGR087C,0,0.18784271,0.0737113431096077,0.14214712381362915,0.1798078864812851
YNL113W,YIL122W,0,0.18763743,0.07367336750030518,0.14214712381362915,0.17990794777870178
YPL009C,YGL055W,0,0.18763661,0.07363542914390564,0.14214712381362915,0.18000800907611847
YML130C,YJR086W,0,0.18757682,0.07359752804040909,0.14214712381362915,0.18010807037353516
YDR314C,YHR065C,0,0.18748894,0.07355967164039612,0.14214712381362915,0.18020813167095184
YDR119W,YJL118W,0,0.18741621,0.07352185249328613,0.14214712381362915,0.18030817806720734
YDR264C,YNL265C,0,0.1873449,0.07348407059907913,0.14214712381362915,0.18040823936462402
YLR002C,YLL015W,0,0.18734027,0.07344632595777512,0.14214712381362915,0.1805083006620407
YOL033W,YKL211C,0,0.1872835,0.07340862601995468,0.14214712381362915,0.1806083619594574
YBR228W,YER075C,0,0.18717574,0.07337095588445663,0.14214712381362915,0.18070842325687408
YJR029W,YGL173C,1,0.18713917,0.07384615391492844,0.14314115047454834,0.18070842325687408
YNL245C,YOR007C,0,0.18699972,0.07380830496549606,0.14314115047454834,0.18080848455429077
YBR084C-A,YLL028W,0,0.1869303,0.07377049326896667,0.14314115047454834,0.18090854585170746
YLR069C,YPL124W,0,0.18687643,0.07373271882534027,0.14314115047454834,0.18100860714912415
YKL209C,YMR121C,0,0.18679635,0.07369498163461685,0.14314115047454834,0.18110866844654083
YKR060W,YGL017W,0,0.18674178,0.07365728914737701,0.14314115047454834,0.18120872974395752
YAL005C,YJL113W,0,0.18671657,0.07361963391304016,0.14314115047454834,0.1813087910413742
YGR284C,YPL158C,0,0.18657629,0.07358201593160629,0.14314115047454834,0.1814088523387909
YNL021W,YOL034W,0,0.18654613,0.07354443520307541,0.14314115047454834,0.1815088987350464
YDL185W,YGR276C,1,0.18617578,0.07401735335588455,0.14413519203662872,0.1815088987350464
YBL004W,YNL321W,0,0.18588294,0.07397959381341934,0.14413519203662872,0.18160896003246307
YNL323W,YOR133W,0,0.18585397,0.07394186407327652,0.14413519203662872,0.18170902132987976
YKL071W,YDR216W,0,0.18580563,0.07390417903661728,0.14413519203662872,0.18180908262729645
YOR190W,YNL225C,0,0.18578443,0.07386653125286102,0.14413519203662872,0.18190914392471313
YNR054C,YMR164C,0,0.1857412,0.07382892072200775,0.14413519203662872,0.18200920522212982
YHL018W,YIL157C,0,0.18565579,0.07379134744405746,0.14413519203662872,0.1821092665195465
YKL086W,YOR010C,0,0.18550691,0.07375381141901016,0.14413519203662872,0.1822093278169632
YLR453C,YJL100W,0,0.18540822,0.07371632009744644,0.14413519203662872,0.18230938911437988
YNR063W,YNL097C,0,0.18538813,0.07367885857820511,0.14413519203662872,0.18240945041179657
YKR067W,YBR236C,0,0.18518828,0.07364144176244736,0.14413519203662872,0.18250951170921326
YLR154C,YJR029W,1,0.18513574,0.07411167770624161,0.1451292186975479,0.18250951170921326
YIL040W,YMR199W,0,0.18510419,0.07407407462596893,0.1451292186975479,0.18260957300662994
YEL055C,YBR004C,0,0.1850638,0.07403650879859924,0.1451292186975479,0.18270961940288544
YPR151C,YPL192C,0,0.18495874,0.07399898767471313,0.1451292186975479,0.18280968070030212
YBL100W-B,YGR095C,1,0.18484528,0.07446808367967606,0.1461232602596283,0.18280968070030212
YGL048C,YLR405W,0,0.18478906,0.07443037629127502,0.1461232602596283,0.1829097419977188
YJL051W,YBR228W,0,0.18470699,0.07439271360635757,0.1461232602596283,0.1830098032951355
YGL038C,YMR060C,0,0.18470046,0.07435508072376251,0.1461232602596283,0.18310986459255219
YDR051C,YKR042W,0,0.18456294,0.07431749254465103,0.1461232602596283,0.18320992588996887
YHL022C,YKR025W,0,0.18453364,0.07427994161844254,0.1461232602596283,0.18330998718738556
YGL201C,YPL015C,0,0.18450181,0.07424242794513702,0.1461232602596283,0.18341004848480225
YOL088C,YNL254C,0,0.18439263,0.0742049440741539,0.1461232602596283,0.18351010978221893
YMR309C,YPL181W,0,0.1843615,0.07416750490665436,0.1461232602596283,0.18361017107963562
YMR058W,YDL104C,0,0.18433148,0.0741301029920578,0.1461232602596283,0.1837102323770523
YOL039W,YHR178W,0,0.18430136,0.07409273833036423,0.1461232602596283,0.1838102787733078
YJL099W,YLR449W,0,0.18425755,0.07405541837215424,0.1461232602596283,0.1839103400707245
YBR203W,YNL035C,0,0.18415406,0.07401812821626663,0.1461232602596283,0.18401040136814117
YJL042W,YBL067C,0,0.18402092,0.07398087531328201,0.1461232602596283,0.18411046266555786
YBR253W,YOR375C,0,0.18400134,0.07394365966320038,0.1461232602596283,0.18421052396297455
YHR094C,YDR255C,0,0.18376078,0.07390648871660233,0.1461232602596283,0.18431058526039124
YIL162W,YBR298C,0,0.1836674,0.07386934757232666,0.1461232602596283,0.18441064655780792
YNL037C,YOR336W,0,0.1835561,0.07383224368095398,0.1461232602596283,0.1845107078552246
YCL010C,YNL005C,0,0.18354176,0.07379517704248428,0.1461232602596283,0.1846107691526413
YBL016W,YOR234C,0,0.18351029,0.07375815510749817,0.1461232602596283,0.18471083045005798
YKR092C,YMR113W,0,0.1834741,0.07372116297483444,0.1461232602596283,0.18481089174747467
YJR047C,YML062C,0,0.18343557,0.0736842080950737,0.1461232602596283,0.18491095304489136
YGR041W,YGR261C,0,0.18324143,0.07364729791879654,0.1461232602596283,0.18501099944114685
YBR203W,YER073W,0,0.18323512,0.07361041754484177,0.1461232602596283,0.18511106073856354
YOL089C,YGR231C,0,0.18319355,0.07357357442378998,0.1461232602596283,0.18521112203598022
YMR277W,YPL270W,0,0.18304652,0.07353676855564117,0.1461232602596283,0.1853111833333969
YIL082W-A,YCR008W,0,0.1827612,0.07349999994039536,0.1461232602596283,0.1854112446308136
YOR368W,YER138C,1,0.18249448,0.07396301627159119,0.14711730182170868,0.1854112446308136
YFL055W,YGL133W,0,0.18228516,0.07392607629299164,0.14711730182170868,0.18551130592823029
YPL256C,YDR016C,0,0.18225521,0.07388916611671448,0.14711730182170868,0.18561136722564697
YCL045C,YJR043C,0,0.18222223,0.0738522931933403,0.14711730182170868,0.18571142852306366
YOR255W,YMR162C,0,0.18215145,0.07381546497344971,0.14711730182170868,0.18581148982048035
YBR235W,YOL044W,0,0.1821245,0.0737786665558815,0.14711730182170868,0.18591155111789703
YNL264C,YPL242C,0,0.18208171,0.07374190539121628,0.14711730182170868,0.18601161241531372
YAL001C,YGR278W,0,0.18207984,0.07370518147945404,0.14711730182170868,0.1861116737127304
YML078W,YJR067C,0,0.18207379,0.07366849482059479,0.14711730182170868,0.1862117201089859
YPL037C,YCL020W,0,0.18202548,0.07363183796405792,0.14711730182170868,0.1863117814064026
YLR274W,YIL121W,0,0.18200828,0.07359522581100464,0.14711730182170868,0.18641184270381927
YDR382W,YPR052C,0,0.18200679,0.07355865091085434,0.14711730182170868,0.18651190400123596
YOR229W,YBL005W-A,0,0.18198238,0.07352210581302643,0.14711730182170868,0.18661196529865265
YIL066C,YKR081C,0,0.18196629,0.0734855979681015,0.14711730182170868,0.18671202659606934
YDL226C,YLR431C,0,0.1819128,0.07344913482666016,0.14711730182170868,0.18681208789348602
YDR322C-A,YBR088C,0,0.18188287,0.0734127014875412,0.14711730182170868,0.1869121491909027
YDR346C,YML121W,0,0.18181561,0.07337629795074463,0.14711730182170868,0.1870122104883194
YBR200W,YLR408C,0,0.18172373,0.07333993911743164,0.14711730182170868,0.18711227178573608
YLR205C,YPL005W,0,0.18168442,0.07330361753702164,0.14711730182170868,0.18721233308315277
YGR195W,YOR001W,1,0.18162917,0.07376237958669662,0.14811132848262787,0.18721233308315277
YHR196W,YIL050W,0,0.18149126,0.0737258791923523,0.14811132848262787,0.18731239438056946
YDR184C,YBL050W,0,0.18146507,0.07368941605091095,0.14811132848262787,0.18741244077682495
YKL008C,YER042W,0,0.18125688,0.07365299016237259,0.14811132848262787,0.18751250207424164
YKL209C,YHR143W-A,0,0.18122907,0.07361660152673721,0.14811132848262787,0.18761256337165833
YGR041W,YNL265C,0,0.18121831,0.07358025014400482,0.14811132848262787,0.187712624669075
YDL214C,YOR198C,0,0.18100771,0.07354392856359482,0.14811132848262787,0.1878126859664917
YKL120W,YPR185W,0,0.18096764,0.0735076442360878,0.14811132848262787,0.1879127472639084
YHR143W-A,YHR152W,0,0.18095046,0.07347139716148376,0.14811132848262787,0.18801280856132507
YOR368W,YMR059W,1,0.18087439,0.07392804324626923,0.14910537004470825,0.18801280856132507
YML078W,YNL252C,0,0.180771,0.07389162480831146,0.14910537004470825,0.18811286985874176
YIR022W,YML025C,0,0.18074793,0.07385524362325668,0.14910537004470825,0.18821293115615845
YOL006C,YPL069C,0,0.18074591,0.07381889969110489,0.14910537004470825,0.18831299245357513
YFR044C,YOR153W,0,0.18071215,0.07378258556127548,0.14910537004470825,0.18841305375099182
YKL025C,YOR003W,0,0.18054737,0.07374631613492966,0.14910537004470825,0.1885131150484085
YDL168W,YGR183C,0,0.18043569,0.07371007651090622,0.14910537004470825,0.188613161444664
YOR128C,YCR020W-B,0,0.18034706,0.07367386668920517,0.14910537004470825,0.1887132227420807
YER003C,YEL047C,0,0.18030027,0.0736377015709877,0.14910537004470825,0.18881328403949738
YOR245C,YNL087W,0,0.18010624,0.07360157370567322,0.14910537004470825,0.18891334533691406
YNL169C,YDL222C,0,0.18009315,0.07356547564268112,0.14910537004470825,0.18901340663433075
YMR287C,YOL142W,1,0.17997761,0.07401961088180542,0.15009939670562744,0.18901340663433075
YKR003W,YDR206W,0,0.17997237,0.0739833414554596,0.15009939670562744,0.18911346793174744
YKL101W,YMR167W,0,0.17995332,0.07394710928201675,0.15009939670562744,0.18921352922916412
YNL021W,YMR170C,0,0.17988919,0.0739109143614769,0.15009939670562744,0.1893135905265808
YJL177W,YDR506C,0,0.17986733,0.07387475669384003,0.15009939670562744,0.1894136518239975
YLR431C,YPR065W,0,0.17960408,0.07383862882852554,0.15009939670562744,0.18951371312141418
YLR071C,YOR231W,0,0.17933293,0.07380253821611404,0.15009939670562744,0.18961377441883087
YPR052C,YDL239C,0,0.17933051,0.07376648485660553,0.15009939670562744,0.18971383571624756
YGL255W,YKL157W,0,0.17928429,0.07373046875,0.15009939670562744,0.18981388211250305
YGR148C,YGL181W,0,0.17927201,0.07369448244571686,0.15009939670562744,0.18991394340991974
YIL168W,YMR083W,0,0.17926602,0.0736585333943367,0.15009939670562744,0.19001400470733643
YBR077C,YOL039W,0,0.17917262,0.07362262159585953,0.15009939670562744,0.1901140660047531
YMR068W,YLR453C,0,0.17916574,0.07358674705028534,0.15009939670562744,0.1902141273021698
YDR314C,YDR210W,0,0.17914948,0.07355090230703354,0.15009939670562744,0.1903141885995865
YPL236C,YNL222W,0,0.17914456,0.07351509481668472,0.15009939670562744,0.19041424989700317
YLR307W,YLR405W,0,0.17897074,0.0734793171286583,0.15009939670562744,0.19051431119441986
YPR181C,YCR034W,0,0.17894568,0.07344357669353485,0.15009939670562744,0.19061437249183655
YNL126W,YKR045C,0,0.1789317,0.07340787351131439,0.15009939670562744,0.19071443378925323
YIL082W-A,YBL005W-B,1,0.17892794,0.0738581120967865,0.15109343826770782,0.19071443378925323
YLR431C,YOR028C,0,0.17891131,0.07382224500179291,0.15109343826770782,0.19081449508666992
YGL011C,YGL245W,0,0.17891112,0.0737864077091217,0.15109343826770782,0.19091454148292542
YPL009C,YDL147W,0,0.17891067,0.07375060766935349,0.15109343826770782,0.1910146027803421
YDR073W,YPL053C,0,0.17887577,0.07371483743190765,0.15109343826770782,0.1911146640777588
YCR042C,YMR106C,0,0.17871614,0.07367910444736481,0.15109343826770782,0.19121472537517548
YER144C,YDR163W,0,0.17832854,0.07364340871572495,0.15109343826770782,0.19131478667259216
YOR229W,YBR201W,0,0.17819428,0.07360775023698807,0.15109343826770782,0.19141484797000885
YLR059C,YBR167C,1,0.17814727,0.07405614852905273,0.1520874798297882,0.19141484797000885
YHR069C,YLR154C,1,0.17808239,0.07450411468744278,0.1530815064907074,0.19141484797000885
YIL023C,YER160C,0,0.17802657,0.07446808367967606,0.1530815064907074,0.19151490926742554
YCL033C,YDR206W,0,0.17799123,0.07443208992481232,0.1530815064907074,0.19161497056484222
YJL207C,YPR066W,0,0.17777056,0.07439613342285156,0.1530815064907074,0.1917150318622589
YGL054C,YBR135W,0,0.17764379,0.07436021417379379,0.1530815064907074,0.1918150931596756
YGL207W,YPL192C,0,0.17761812,0.07432432472705841,0.1530815064907074,0.19191515445709229
YOR256C,YGL008C,0,0.17756233,0.07428847253322601,0.1530815064907074,0.19201521575450897
YLR362W,YLR229C,0,0.17743288,0.074252650141716,0.1530815064907074,0.19211526215076447
YBR171W,YJL154C,0,0.17739956,0.07421686500310898,0.1530815064907074,0.19221532344818115
YDR302W,YDR237W,0,0.17735533,0.07418111711740494,0.1530815064907074,0.19231538474559784
YJR159W,YER058W,0,0.17733522,0.07414539903402328,0.1530815064907074,0.19241544604301453
YCR027C,YJR091C,0,0.17731111,0.07410971820354462,0.1530815064907074,0.1925155073404312
YOL097C,YBR210W,0,0.17722437,0.07407407462596893,0.1530815064907074,0.1926155686378479
YNL083W,YER021W,0,0.17719285,0.07403846085071564,0.1530815064907074,0.1927156299352646
YBR290W,YPL255W,0,0.1771311,0.07400288432836533,0.1530815064907074,0.19281569123268127
YNL300W,YKL084W,0,0.17710799,0.0739673376083374,0.1530815064907074,0.19291575253009796
YCR079W,YDL213C,0,0.17703718,0.07393182814121246,0.1530815064907074,0.19301581382751465
YHR124W,YGL181W,0,0.17702131,0.07389635592699051,0.1530815064907074,0.19311587512493134
YDL188C,YGL254W,0,0.1769228,0.07386091351509094,0.1530815064907074,0.19321593642234802
YOR312C,YPR066W,0,0.17680308,0.07382550090551376,0.1530815064907074,0.19331598281860352
YBL084C,YNL009W,0,0.176571,0.07379013299942017,0.1530815064907074,0.1934160441160202
YDR225W,YPR124W,0,0.17643175,0.07375478744506836,0.1530815064907074,0.1935161054134369
YGR038W,YGL008C,0,0.1764252,0.07371948659420013,0.1530815064907074,0.19361616671085358
YPR181C,YMR113W,0,0.17639829,0.0736842080950737,0.1530815064907074,0.19371622800827026
YHR178W,YJR088C,0,0.17639214,0.07364897429943085,0.1530815064907074,0.19381628930568695
YDR073W,YPL170W,0,0.17638227,0.07361377030611038,0.1530815064907074,0.19391635060310364
YMR214W,YHR143W-A,0,0.17617145,0.0735785961151123,0.1530815064907074,0.19401641190052032
YDR184C,YPR079W,0,0.17615189,0.07354345917701721,0.1530815064907074,0.194116473197937
YMR189W,YDL079C,0,0.17603175,0.0735083520412445,0.1530815064907074,0.1942165344953537
YOL013C,YDR409W,0,0.17594306,0.07347328215837479,0.1530815064907074,0.19431659579277039
YKL208W,YOR125C,0,0.17582314,0.07343824207782745,0.1530815064907074,0.19441665709018707
YPL005W,YDL213C,0,0.17578442,0.0734032392501831,0.1530815064907074,0.19451670348644257
YDL020C,YLL054C,0,0.17577033,0.07336827367544174,0.1530815064907074,0.19461676478385925
YGR275W,YBR229C,0,0.17576702,0.07333333045244217,0.1530815064907074,0.19471682608127594
YOR229W,YJL010C,0,0.17576014,0.07329843193292618,0.1530815064907074,0.19481688737869263
YLR070C,YIL040W,0,0.1757302,0.07326355576515198,0.1530815064907074,0.19491694867610931
YJL177W,YBL105C,0,0.17559385,0.07322872430086136,0.1530815064907074,0.195017009973526
YDR113C,YLR410W,0,0.17550136,0.07319391518831253,0.1530815064907074,0.1951170712709427
YNL186W,YBR014C,0,0.17537667,0.07315914332866669,0.1530815064907074,0.19521713256835938
YNL014W,YJR014W,0,0.1750175,0.07312440872192383,0.1530815064907074,0.19531719386577606
YDR142C,YMR014W,0,0.17500287,0.07308970391750336,0.1530815064907074,0.19541725516319275
YER004W,YLR256W,0,0.17491597,0.07305502891540527,0.1530815064907074,0.19551731646060944
YLR310C,YMR260C,0,0.17472404,0.07302039116621017,0.1530815064907074,0.19561737775802612
YNR026C,YJR161C,0,0.17463489,0.07298578321933746,0.1530815064907074,0.19571742415428162
YNL315C,YNL305C,0,0.17461349,0.07295120507478714,0.1530815064907074,0.1958174854516983
YOR094W,YDR163W,0,0.17449436,0.0729166641831398,0.1530815064907074,0.195917546749115
YGR186W,YJL092W,0,0.17426924,0.07288216054439545,0.1530815064907074,0.19601760804653168
YBR018C,YNL197C,0,0.17425625,0.07284767925739288,0.1530815064907074,0.19611766934394836
YLR107W,YOR001W,1,0.17424606,0.07328604906797409,0.15407554805278778,0.19611766934394836
YMR197C,YDL014W,0,0.1740712,0.07325141876935959,0.15407554805278778,0.19621773064136505
YGL023C,YIL031W,0,0.1739202,0.07321681827306747,0.15407554805278778,0.19631779193878174
YER019W,YBL045C,0,0.17369996,0.07318224757909775,0.15407554805278778,0.19641785323619843
YER122C,YOR205C,0,0.1736639,0.073147714138031,0.15407554805278778,0.1965179145336151
YBR221C,YDR255C,0,0.17364198,0.07311321049928665,0.15407554805278778,0.1966179758310318
YML038C,YKL127W,0,0.17353627,0.07307873666286469,0.15407554805278778,0.1967180371284485
YBR244W,YPL079W,0,0.17352429,0.0730443000793457,0.15407554805278778,0.19681808352470398
YGL134W,YOR073W,0,0.17345668,0.07300989329814911,0.15407554805278778,0.19691814482212067
YJR099W,YNL030W,0,0.17344104,0.0729755163192749,0.15407554805278778,0.19701820611953735
YKR098C,YOR198C,0,0.17337902,0.07294117659330368,0.15407554805278778,0.19711826741695404
YDR302W,YLR431C,0,0.1732664,0.07290686666965485,0.15407554805278778,0.19721832871437073
YDR104C,YPL230W,0,0.17323077,0.072872593998909,0.15407554805278778,0.19731839001178741
YKR013W,YJR043C,0,0.17315608,0.07283834367990494,0.15407554805278778,0.1974184513092041
YKL112W,YLL039C,0,0.17309812,0.07280413061380386,0.15407554805278778,0.1975185126066208
YPL118W,YKL193C,0,0.17306973,0.07276995480060577,0.15407554805278778,0.19761857390403748
YEL034W,YGR278W,0,0.172956,0.07273580133914948,0.15407554805278778,0.19771863520145416
YJL154C,YDR450W,0,0.17287521,0.07270168513059616,0.15407554805278778,0.19781869649887085
YNR054C,YKL107W,0,0.17276081,0.07266760617494583,0.15407554805278778,0.19791875779628754
YKL049C,YOR144C,0,0.17274268,0.07263354957103729,0.15407554805278778,0.19801880419254303
YKL208W,YLR133W,0,0.17272784,0.07259953022003174,0.15407554805278778,0.19811886548995972
YGR275W,YBR084C-A,0,0.17269215,0.07256554067134857,0.15407554805278778,0.1982189267873764
YNL047C,YKR042W,0,0.17266485,0.07253158837556839,0.15407554805278778,0.1983189880847931
YJR044C,YMR216C,0,0.17247856,0.07249765843153,0.15407554805278778,0.19841904938220978
YBR204C,YPL158C,0,0.17219256,0.07246376574039459,0.15407554805278778,0.19851911067962646
YNL009W,YPR065W,0,0.17213194,0.07242990285158157,0.15407554805278778,0.19861917197704315
YML062C,YPL057C,0,0.17212698,0.07239607721567154,0.15407554805278778,0.19871923327445984
YGR038W,YGR284C,0,0.17210095,0.07236228138208389,0.15407554805278778,0.19881929457187653
YPL045W,YGR206W,0,0.17199048,0.07232850790023804,0.15407554805278778,0.1989193558692932
YPL255W,YGL179C,0,0.17182006,0.07229477912187576,0.15407554805278778,0.1990194171667099
YML022W,YDR141C,0,0.17178085,0.07226107269525528,0.15407554805278778,0.1991194784641266
YDR191W,YNL152W,0,0.17176367,0.07222740352153778,0.15407554805278778,0.19921952486038208
YHR072W,YKL152C,0,0.17172898,0.07219375669956207,0.15407554805278778,0.19931958615779877
YKL011C,YHR062C,1,0.17162625,0.07262569665908813,0.15506958961486816,0.19931958615779877
YDR540C,YML010W,0,0.17157803,0.07259190082550049,0.15506958961486816,0.19941964745521545
YGR275W,YMR083W,0,0.17153059,0.07255814224481583,0.15506958961486816,0.19951970875263214
YPR052C,YGR092W,0,0.17127664,0.07252440601587296,0.15506958961486816,0.19961977005004883
YBR098W,YPL030W,0,0.17114143,0.07249070703983307,0.15506958961486816,0.19971983134746552
YLR424W,YBR044C,0,0.17110747,0.07245703786611557,0.15506958961486816,0.1998198926448822
YGL017W,YFR046C,0,0.17095722,0.07242339849472046,0.15506958961486816,0.1999199539422989
YDR097C,YLR453C,0,0.1708398,0.07238978892564774,0.15506958961486816,0.20002001523971558
YDR311W,YOR295W,0,0.17063369,0.072356216609478,0.15506958961486816,0.20012007653713226
YAL033W,YHR062C,1,0.1704187,0.07278627902269363,0.15606361627578735,0.20012007653713226
YKL209C,YKL222C,0,0.17025079,0.07275255024433136,0.15606361627578735,0.20022013783454895
YHR039C,YOR375C,0,0.1701261,0.07271885126829147,0.15606361627578735,0.20032019913196564
YML069W,YKR003W,0,0.16996224,0.07268518209457397,0.15606361627578735,0.20042024552822113
YDR346C,YLR233C,0,0.16993429,0.07265155017375946,0.15606361627578735,0.20052030682563782
YJR129C,YJL020C,0,0.16984643,0.07261794805526733,0.15606361627578735,0.2006203681230545
YOL119C,YCR020W-B,0,0.16969062,0.0725843757390976,0.15606361627578735,0.2007204294204712
YLR174W,YNL021W,0,0.16961853,0.07255083322525024,0.15606361627578735,0.20082049071788788
YBL042C,YJR043C,0,0.16945453,0.07251732051372528,0.15606361627578735,0.20092055201530457
YGL023C,YIL010W,0,0.1693665,0.0724838376045227,0.15606361627578735,0.20102061331272125
YPL255W,YDL214C,0,0.16932707,0.07245039194822311,0.15606361627578735,0.20112067461013794
YER119C,YNL075W,0,0.16929574,0.07241697609424591,0.15606361627578735,0.20122073590755463
YML039W,YML091C,1,0.1692268,0.07284463196992874,0.15705765783786774,0.20122073590755463
YIL016W,YPR165W,0,0.16899174,0.072811059653759,0.15705765783786774,0.2013207972049713
YGR033C,YJR067C,0,0.16890381,0.07277752459049225,0.15705765783786774,0.201420858502388
YBR098W,YKR045C,0,0.16863745,0.07274401187896729,0.15705765783786774,0.2015209197998047
YIR003W,YJR144W,0,0.16860779,0.0727105364203453,0.15705765783786774,0.20162096619606018
YPL268W,YOL128C,0,0.16857952,0.07267709076404572,0.15705765783786774,0.20172102749347687
YMR260C,YPR004C,0,0.16857907,0.07264367491006851,0.15705765783786774,0.20182108879089355
YLR035C,YOR295W,0,0.16854244,0.0726102963089943,0.15705765783786774,0.20192115008831024
YMR278W,YGR278W,0,0.1685396,0.07257694005966187,0.15705765783786774,0.20202121138572693
YHR216W,YGR028W,0,0.16851456,0.07254362106323242,0.15705765783786774,0.20212127268314362
YDR073W,YGL131C,0,0.16847499,0.07251032441854477,0.15705765783786774,0.2022213339805603
YOR196C,YKR092C,0,0.16843913,0.0724770650267601,0.15705765783786774,0.202321395277977
YHL013C,YNR032W,0,0.16837457,0.07244383543729782,0.15705765783786774,0.20242145657539368
YHL002W,YGR098C,0,0.1682844,0.07241063565015793,0.15705765783786774,0.20252151787281036
YPL236C,YLR226W,0,0.1682518,0.07237746566534042,0.15705765783786774,0.20262157917022705
YLR376C,YCL020W,0,0.16807051,0.0723443254828453,0.15705765783786774,0.20272162556648254
YBR084C-A,YMR113W,0,0.16802154,0.07231121510267258,0.15705765783786774,0.20282168686389923
YBR204C,YOR295W,0,0.16800146,0.07227813452482224,0.15705765783786774,0.20292174816131592
YNR054C,YLR310C,0,0.16798326,0.07224508374929428,0.15705765783786774,0.2030218094587326
YCR073C,YHR098C,0,0.16787799,0.07221206277608871,0.15705765783786774,0.2031218707561493
YBL016W,YGL097W,0,0.1678718,0.07217907905578613,0.15705765783786774,0.20322193205356598
YDR346C,YGR284C,0,0.16785382,0.07214611768722534,0.15705765783786774,0.20332199335098267
YDR216W,YDR221W,0,0.16782495,0.07211319357156754,0.15705765783786774,0.20342205464839935
YNL009W,YBL009W,0,0.16776495,0.07208029180765152,0.15705765783786774,0.20352211594581604
YDR485C,YLR070C,0,0.16774914,0.07204742729663849,0.15705765783786774,0.20362217724323273
YDR478W,YJL208C,1,0.16740428,0.07247037440538406,0.15805168449878693,0.20362217724323273
YLR332W,YGL208W,0,0.1673682,0.0724373608827591,0.15805168449878693,0.20372223854064941
YLR064W,YLR372W,0,0.1673187,0.07240436971187592,0.15805168449878693,0.2038222998380661
YJL111W,YPL270W,0,0.16729712,0.07237141579389572,0.15805168449878693,0.2039223462343216
YER160C,YNR052C,1,0.16726999,0.07279344648122787,0.1590457260608673,0.2039223462343216
YOL006C,YLR148W,0,0.1671825,0.07276034355163574,0.1590457260608673,0.20402240753173828
YER075C,YKL157W,0,0.16715269,0.072727270424366,0.1590457260608673,0.20412246882915497
YLR136C,YPL192C,0,0.16712813,0.07269422709941864,0.1590457260608673,0.20422253012657166
YLR133W,YFL002C,0,0.16710763,0.07266121357679367,0.1590457260608673,0.20432259142398834
YCR017C,YDR409W,0,0.16693936,0.07262823730707169,0.1590457260608673,0.20442265272140503
YBL099W,YCL026C-A,0,0.16690479,0.07259528338909149,0.1590457260608673,0.20452271401882172
YOL091W,YGR284C,0,0.1668695,0.07256235927343369,0.1590457260608673,0.2046227753162384
YGR257C,YML010W,0,0.16678376,0.07252946496009827,0.1590457260608673,0.2047228366136551
YJR014W,YPR065W,0,0.1666266,0.07249660044908524,0.1590457260608673,0.20482289791107178
YOL130W,YDR141C,0,0.16660695,0.07246376574039459,0.1590457260608673,0.20492295920848846
YAL015C,YGR095C,1,0.16651204,0.07288365811109543,0.1600397676229477,0.20492295920848846
YLR423C,YDL122W,0,0.16644165,0.07285068184137344,0.1600397676229477,0.20502302050590515
YPR018W,YNL254C,0,0.16640902,0.07281772792339325,0.1600397676229477,0.20512306690216064
YLR423C,YPL086C,0,0.16628648,0.07278481125831604,0.1600397676229477,0.20522312819957733
YBR203W,YNL083W,0,0.1662858,0.07275191694498062,0.1600397676229477,0.20532318949699402
YDR104C,YNL257C,0,0.16623126,0.07271905988454819,0.1600397676229477,0.2054232507944107
YGR068C,YOR336W,0,0.16610314,0.07268623262643814,0.1600397676229477,0.2055233120918274
YGR275W,YPL118W,0,0.1659006,0.07265342772006989,0.1600397676229477,0.20562337338924408
YHL002W,YOR149C,0,0.16586973,0.07262066006660461,0.1600397676229477,0.20572343468666077
YKL035W,YPR181C,0,0.16584377,0.07258791476488113,0.1600397676229477,0.20582349598407745
YOR368W,YJL014W,0,0.16574918,0.07255520671606064,0.1600397676229477,0.20592355728149414
YMR287C,YBL005W-B,1,0.16567786,0.07297297567129135,0.16103379428386688,0.20592355728149414
YOR293W,YLR216C,0,0.16567205,0.07294011861085892,0.16103379428386688,0.20602361857891083
YMR068W,YBL105C,0,0.16563553,0.07290729135274887,0.16103379428386688,0.20612367987632751
YJL010C,YJR044C,0,0.16556863,0.07287449389696121,0.16103379428386688,0.2062237411737442
YCR033W,YML072C,0,0.16546117,0.07284172624349594,0.16103379428386688,0.2063237875699997
YLR216C,YGR172C,0,0.16545306,0.07280898839235306,0.16103379428386688,0.20642384886741638
YMR092C,YJL076W,0,0.16544479,0.07277628034353256,0.16103379428386688,0.20652391016483307
YLR308W,YMR029C,0,0.1653611,0.07274360209703445,0.16103379428386688,0.20662397146224976
YPR183W,YBR004C,0,0.16520227,0.07271095365285873,0.16103379428386688,0.20672403275966644
YJL145W,YNL305C,0,0.16514724,0.0726783275604248,0.16103379428386688,0.20682409405708313
YDR142C,YDR382W,0,0.1650686,0.07264573872089386,0.16103379428386688,0.20692415535449982
YHR104W,YJL122W,0,0.16504364,0.0726131796836853,0.16103379428386688,0.2070242166519165
YIL121W,YPL008W,0,0.16494739,0.07258064299821854,0.16103379428386688,0.2071242779493332
YJR043C,YCL075W,1,0.16493969,0.07299596816301346,0.16202783584594727,0.2071242779493332
YJR090C,YLR240W,0,0.1647792,0.07296329736709595,0.16202783584594727,0.20722433924674988
YOR094W,YLR274W,0,0.16462784,0.07293064892292023,0.16202783584594727,0.20732440054416656
YJL204C,YBL067C,0,0.16433303,0.0728980302810669,0.16202783584594727,0.20742446184158325
YMR014W,YOR058C,0,0.16424628,0.07286544144153595,0.16202783584594727,0.20752450823783875
YML026C,YLR117C,0,0.16419068,0.07283288985490799,0.16202783584594727,0.20762456953525543
YKL101W,YOR140W,0,0.1640964,0.07280036062002182,0.16202783584594727,0.20772463083267212
YOR298C-A,YDL014W,0,0.16409425,0.07276785373687744,0.16202783584594727,0.2078246921300888
YDR221W,YML121W,0,0.16404195,0.07273538410663605,0.16202783584594727,0.2079247534275055
YLR105C,YBR012W-B,1,0.16396572,0.07314897328615189,0.16302186250686646,0.2079247534275055
YGR209C,YGR092W,0,0.16385074,0.07311636209487915,0.16302186250686646,0.20802481472492218
YIR033W,YMR278W,0,0.16379064,0.0730837807059288,0.16302186250686646,0.20812487602233887
YHL007C,YML066C,0,0.16378365,0.07305122166872025,0.16302186250686646,0.20822493731975555
YPL046C,YOR171C,0,0.16361338,0.07301869988441467,0.16302186250686646,0.20832499861717224
YPL236C,YJR044C,0,0.16356538,0.07298620045185089,0.16302186250686646,0.20842505991458893
YDR221W,YMR278W,0,0.1634259,0.0729537382721901,0.16302186250686646,0.20852512121200562
YHR091C,YHR183W,0,0.16334532,0.07292129844427109,0.16302186250686646,0.2086251825094223
YFL002W-A,YBL005W-B,1,0.16328414,0.07333333045244217,0.16401590406894684,0.2086251825094223
YLL039C,YLR256W,0,0.16325723,0.07330075651407242,0.16401590406894684,0.2087252289056778
YDL126C,YPR033C,0,0.16325378,0.07326820492744446,0.16401590406894684,0.20882529020309448
YDR488C,YGR132C,0,0.16321512,0.07323568314313889,0.16401590406894684,0.20892535150051117
YML064C,YGR166W,0,0.16311449,0.0732031911611557,0.16401590406894684,0.20902541279792786
YHR187W,YGR140W,0,0.1631017,0.0731707289814949,0.16401590406894684,0.20912547409534454
YIL041W,YCL019W,0,0.16303454,0.0731382966041565,0.16401590406894684,0.20922553539276123
YJL087C,YKR056W,1,0.16298835,0.07354895770549774,0.16500994563102722,0.20922553539276123
YOR256C,YLL010C,0,0.16297328,0.07351638376712799,0.16500994563102722,0.20932559669017792
YNL186W,YPR052C,0,0.16291474,0.07348383963108063,0.16500994563102722,0.2094256579875946
YBR068C,YBR221C,0,0.16279702,0.07345132529735565,0.16500994563102722,0.2095257192850113
YLR423C,YHR072W,0,0.16265005,0.07341884076595306,0.16500994563102722,0.20962578058242798
YJR129C,YJR019C,0,0.16259389,0.07338638603687286,0.16500994563102722,0.20972584187984467
YHL022C,YDR141C,0,0.16255723,0.07335395365953445,0.16500994563102722,0.20982588827610016
YCR066W,YMR067C,0,0.16233473,0.07332155108451843,0.16500994563102722,0.20992594957351685
YLR342W,YCL040W,0,0.1623183,0.0732891857624054,0.16500994563102722,0.21002601087093353
YPR104C,YHR050W,0,0.16230159,0.07325684279203415,0.16500994563102722,0.21012607216835022
YHL002W,YJL104W,0,0.16225465,0.0732245221734047,0.16500994563102722,0.2102261334657669
YNL222W,YGR277C,0,0.16224004,0.07319223880767822,0.16500994563102722,0.2103261947631836
YHL033C,YBL018C,0,0.16218235,0.07315998524427414,0.16500994563102722,0.21042625606060028
YNL014W,YPL228W,0,0.16201548,0.07312775403261185,0.16500994563102722,0.21052631735801697
YBR084C-A,YDL150W,0,0.16199489,0.07309555262327194,0.16500994563102722,0.21062637865543365
YBR217W,YOL039W,0,0.16195263,0.07306338101625443,0.16500994563102722,0.21072643995285034
YOR329C,YHR166C,0,0.16180226,0.0730312392115593,0.16500994563102722,0.21082650125026703
YNL125C,YOR007C,0,0.16179077,0.07299911975860596,0.16500994563102722,0.21092656254768372
YGR186W,YBR167C,0,0.16174196,0.072967030107975,0.16500994563102722,0.2110266089439392
YEL034W,YMR162C,0,0.16172546,0.07293497025966644,0.16500994563102722,0.2111266702413559
YDL079C,YNR032W,0,0.16172446,0.07290294021368027,0.16500994563102722,0.21122673153877258
YEL063C,YPR101W,0,0.16171181,0.07287093997001648,0.16500994563102722,0.21132679283618927
YPL237W,YGR067C,0,0.1616634,0.07283896207809448,0.16500994563102722,0.21142685413360596
YOL013C,YLR070C,0,0.16145478,0.07280701398849487,0.16500994563102722,0.21152691543102264
YBR171W,YLR136C,0,0.16139892,0.07277509570121765,0.16500994563102722,0.21162697672843933
YBR057C,YOR030W,0,0.16139767,0.07274320721626282,0.16500994563102722,0.21172703802585602
YOL016C,YNL279W,0,0.1613732,0.07271134108304977,0.16500994563102722,0.2118270993232727
YNR023W,YOL128C,0,0.16136755,0.07267951220273972,0.16500994563102722,0.2119271606206894
YAR003W,YMR268C,0,0.16133687,0.07264770567417145,0.16500994563102722,0.21202722191810608
YPL124W,YLR066W,0,0.16123605,0.07261592149734497,0.16500994563102722,0.21212728321552277
YNL245C,YMR291W,0,0.16116929,0.07258417457342148,0.16500994563102722,0.21222732961177826
YPL016W,YNL099C,0,0.16112967,0.07255245000123978,0.16500994563102722,0.21232739090919495
YLR210W,YOR130C,0,0.16105115,0.07252074778079987,0.16500994563102722,0.21242745220661163
YAL021C,YCR035C,1,0.16105019,0.07292576134204865,0.1660039722919464,0.21242745220661163
YNL197C,YDR001C,0,0.16080631,0.07289393246173859,0.1660039722919464,0.21252751350402832
YKL112W,YOR298C-A,0,0.16048962,0.07286212593317032,0.1660039722919464,0.212627574801445
YNL148C,YER075C,0,0.16046381,0.07283035665750504,0.1660039722919464,0.2127276360988617
YDR027C,YOR017W,0,0.16042306,0.07279860228300095,0.1660039722919464,0.21282769739627838
YOR354C,YPL045W,0,0.1604134,0.07276688516139984,0.1660039722919464,0.21292775869369507
YNL323W,YIR022W,0,0.16031195,0.07273519039154053,0.1660039722919464,0.21302781999111176
YDR311W,YHR188C,0,0.16031072,0.0727035254240036,0.1660039722919464,0.21312788128852844
YER016W,YCL026C-A,0,0.16016592,0.07267189025878906,0.1660039722919464,0.21322794258594513
YOR229W,YHR034C,0,0.1600904,0.07264027744531631,0.1660039722919464,0.21332800388336182
YKR045C,YNL152W,0,0.16003786,0.07260869443416595,0.1660039722919464,0.2134280502796173
YNL245C,YER016W,0,0.16002123,0.07257714122533798,0.1660039722919464,0.213528111577034
YBR136W,YKR065C,0,0.15993132,0.0725456103682518,0.1660039722919464,0.21362817287445068
YLR144C,YDL044C,0,0.15992408,0.072514109313488,0.1660039722919464,0.21372823417186737
YOR208W,YEL026W,0,0.1598931,0.0724826380610466,0.1660039722919464,0.21382829546928406
YMR236W,YPR056W,0,0.15972556,0.07245119661092758,0.1660039722919464,0.21392835676670074
YDR156W,YKL018W,0,0.15966831,0.07241977751255035,0.1660039722919464,0.21402841806411743
YMR216C,YDR266C,0,0.15965712,0.07238838076591492,0.1660039722919464,0.21412847936153412
YKL096W,YNL256W,0,0.15956305,0.07235702127218246,0.1660039722919464,0.2142285406589508
YKL152C,YGL077C,0,0.15946682,0.0723256841301918,0.1660039722919464,0.2143286019563675
YBR019C,YBL105C,0,0.15934882,0.07229436933994293,0.1660039722919464,0.21442866325378418
YER118C,YIR008C,0,0.1593454,0.07226309180259705,0.1660039722919464,0.21452872455120087
YMR021C,YJL092W,0,0.15931763,0.07223183661699295,0.1660039722919464,0.21462877094745636
YKL146W,YBR227C,0,0.15914002,0.07220060378313065,0.1660039722919464,0.21472883224487305
YLR320W,YGL011C,0,0.15913273,0.07216940075159073,0.1660039722919464,0.21482889354228973
YMR236W,YLR081W,0,0.15909128,0.0721382275223732,0.1660039722919464,0.21492895483970642
YGR059W,YBR133C,0,0.15906999,0.07210708409547806,0.1660039722919464,0.2150290161371231
YNL116W,YMR060C,0,0.15894128,0.07207596302032471,0.1660039722919464,0.2151290774345398
YPL164C,YHR065C,0,0.1589298,0.07204486429691315,0.1660039722919464,0.21522913873195648
YGL208W,YGL166W,0,0.15892789,0.07201379537582397,0.1660039722919464,0.21532920002937317
YGL121C,YKR025W,0,0.15882127,0.07198275625705719,0.1660039722919464,0.21542926132678986
YIL103W,YGR067C,0,0.1587482,0.07195174694061279,0.1660039722919464,0.21552932262420654
YGR059W,YIL023C,0,0.15868667,0.07192075997591019,0.1660039722919464,0.21562938392162323
YDL103C,YJL115W,0,0.15847187,0.07188979536294937,0.1660039722919464,0.21572943031787872
YNL083W,YIL129C,0,0.15846643,0.07185886055231094,0.1660039722919464,0.2158294916152954
YKR022C,YDR293C,0,0.15831901,0.0718279555439949,0.1660039722919464,0.2159295529127121
YDL156W,YPL158C,0,0.1583095,0.07179707288742065,0.1660039722919464,0.21602961421012878
YFL055W,YML025C,0,0.15820464,0.07176622003316879,0.1660039722919464,0.21612967550754547
YGL054C,YDR352W,0,0.15799694,0.07173539698123932,0.1660039722919464,0.21622973680496216
YPL084W,YPL108W,0,0.15787216,0.07170459628105164,0.1660039722919464,0.21632979810237885
YGR049W,YGL032C,0,0.15786555,0.07167381793260574,0.1660039722919464,0.21642985939979553
YPL024W,YNL093W,0,0.15781619,0.07164306938648224,0.1660039722919464,0.21652992069721222
YDR432W,YLR022C,0,0.15780815,0.07161235064268112,0.1660039722919464,0.2166299819946289
YLR069C,YFR028C,0,0.15777437,0.0715816542506218,0.1660039722919464,0.2167300432920456
YCL045C,YBL101C,0,0.1577438,0.07155098766088486,0.1660039722919464,0.21683010458946228
YPR018W,YPL249C,0,0.15774031,0.07152034342288971,0.1660039722919464,0.21693015098571777
YMR014W,YEL020C,0,0.15764044,0.07148972898721695,0.1660039722919464,0.21703021228313446
YLL039C,YGL012W,0,0.15764016,0.07145913690328598,0.1660039722919464,0.21713027358055115
YGL017W,YIR033W,0,0.15762465,0.0714285746216774,0.1660039722919464,0.21723033487796783
YGR158C,YGL085W,1,0.15760837,0.07182556390762329,0.1669980138540268,0.21723033487796783
YDR363W,YOL148C,0,0.15758704,0.07179487496614456,0.1669980138540268,0.21733039617538452
YLR205C,YBL018C,0,0.15756695,0.07176420092582703,0.1669980138540268,0.2174304574728012
YMR189W,YHL001W,0,0.157438,0.07173356413841248,0.1669980138540268,0.2175305187702179
YCR027C,YPL128C,0,0.1573143,0.07170294225215912,0.1669980138540268,0.21763058006763458
YDR147W,YMR251W-A,0,0.15730108,0.07167235761880875,0.1669980138540268,0.21773064136505127
YKL049C,YGR278W,0,0.1572119,0.07164178788661957,0.1669980138540268,0.21783070266246796
YJL137C,YDR267C,0,0.157169,0.07161125540733337,0.1669980138540268,0.21793076395988464
YOR190W,YMR309C,0,0.15703024,0.07158073782920837,0.1669980138540268,0.21803082525730133
YAR050W,YJL118W,0,0.15683778,0.07155025750398636,0.1669980138540268,0.21813087165355682
YOR188W,YBR110W,0,0.15681171,0.07151979207992554,0.1669980138540268,0.2182309329509735
YIL049W,YMR291W,0,0.15667729,0.0714893639087677,0.1669980138540268,0.2183309942483902
YLR135W,YHR079C,1,0.15667479,0.07188430428504944,0.16799204051494598,0.2183309942483902
YMR266W,YBR044C,0,0.15658143,0.07185374200344086,0.16799204051494598,0.21843105554580688
YOR210W,YDR143C,0,0.15650266,0.07182320207357407,0.16799204051494598,0.21853111684322357
YAL015C,YAL021C,1,0.15637209,0.07221750169992447,0.16898608207702637,0.21853111684322357
YKL086W,YDR037W,0,0.1563719,0.07218683511018753,0.16898608207702637,0.21863117814064026
YBL019W,YKL113C,1,0.15629028,0.07258064299821854,0.16998012363910675,0.21863117814064026
YJL145W,YEL011W,0,0.15627487,0.07254984974861145,0.16998012363910675,0.21873123943805695
YGL033W,YIL110W,0,0.15622744,0.07251908630132675,0.16998012363910675,0.21883130073547363
YNL085W,YML045W,1,0.15621002,0.07291225343942642,0.17097415030002594,0.21883130073547363
YHR124W,YER075C,0,0.15613823,0.07288135588169098,0.17097415030002594,0.21893136203289032
YML029W,YGL245W,0,0.15610021,0.07285048812627792,0.17097415030002594,0.219031423330307
YIL157C,YDR331W,0,0.15608226,0.07281964272260666,0.17097415030002594,0.2191314846277237
YLR116W,YMR119W,0,0.15603179,0.07278882712125778,0.17097415030002594,0.21923154592514038
YGR271C-A,YML118W,0,0.15598027,0.0727580338716507,0.17097415030002594,0.21933159232139587
YPR082C,YDR186C,0,0.15588772,0.072727270424366,0.17097415030002594,0.21943165361881256
YLL028W,YLR319C,0,0.15588745,0.07269653677940369,0.17097415030002594,0.21953171491622925
YLR144C,YBR083W,0,0.15587516,0.07266581803560257,0.17097415030002594,0.21963177621364594
YER054C,YHR107C,0,0.15574469,0.07263513654470444,0.17097415030002594,0.21973183751106262
YDL103C,YLL028W,0,0.15573697,0.0726044774055481,0.17097415030002594,0.2198318988084793
YNL126W,YBR019C,0,0.15540566,0.07257384061813354,0.17097415030002594,0.219931960105896
YDR162C,YJL092W,0,0.15535098,0.07254323363304138,0.17097415030002594,0.22003202140331268
YGL094C,YDL185W,1,0.15519044,0.07293423265218735,0.17196819186210632,0.22003202140331268
YGR049W,YPL016W,0,0.15517615,0.07290349900722504,0.17196819186210632,0.22013208270072937
YIL082W-A,YPL265W,0,0.1551339,0.07287278771400452,0.17196819186210632,0.22023214399814606
YCR069W,YML072C,0,0.1548942,0.07284210622310638,0.17196819186210632,0.22033220529556274
YLR342W,YDR084C,0,0.15480575,0.07281144708395004,0.17196819186210632,0.22043226659297943
YPR103W,YMR024W,0,0.15480225,0.07278081774711609,0.17196819186210632,0.22053231298923492
YKL213C,YNL124W,0,0.15473661,0.07275021076202393,0.17196819186210632,0.2206323742866516
YPR082C,YJR017C,0,0.15470883,0.07271963357925415,0.17196819186210632,0.2207324355840683
YDL103C,YPR107C,0,0.15470265,0.07268907874822617,0.17196819186210632,0.22083249688148499
YER119C,YIL097W,0,0.15457617,0.07265854626893997,0.17196819186210632,0.22093255817890167
YIL127C,YCR017C,0,0.15455402,0.07262804359197617,0.17196819186210632,0.22103261947631836
YPL003W,YKL139W,0,0.15452652,0.07259756326675415,0.17196819186210632,0.22113268077373505
YCR079W,YMR121C,0,0.15451571,0.07256711274385452,0.17196819186210632,0.22123274207115173
YAL001C,YIL103W,0,0.15445915,0.07253668457269669,0.17196819186210632,0.22133280336856842
YBL045C,YJL036W,0,0.15443768,0.07250628620386124,0.17196819186210632,0.2214328646659851
YNL315C,YLR205C,0,0.15442826,0.07247591018676758,0.17196819186210632,0.2215329259634018
YMR021C,YBR044C,0,0.15440801,0.07244556397199631,0.17196819186210632,0.2216329723596573
YMR011W,YDR488C,0,0.15436257,0.07241524010896683,0.17196819186210632,0.22173303365707397
YOR128C,YHR134W,0,0.15432489,0.07238493859767914,0.17196819186210632,0.22183309495449066
YOR210W,YDL214C,0,0.15427278,0.07235466688871384,0.17196819186210632,0.22193315625190735
YPL032C,YPR056W,0,0.15427174,0.07232441753149033,0.17196819186210632,0.22203321754932404
YJR043C,YBR012W-B,1,0.15412973,0.07271207869052887,0.1729622334241867,0.22203321754932404
YHL002W,YOL068C,0,0.154071,0.07268170267343521,0.1729622334241867,0.22213327884674072
YMR167W,YMR305C,0,0.15401484,0.07265135645866394,0.1729622334241867,0.2222333401441574
YHR176W,YPL066W,0,0.15393974,0.07262103259563446,0.1729622334241867,0.2223334014415741
YCR066W,YDR322C-A,0,0.15354122,0.07259073853492737,0.1729622334241867,0.22243346273899078
YDR156W,YOR022C,0,0.1535184,0.07256046682596207,0.1729622334241867,0.22253352403640747
YPL086C,YNL241C,0,0.15348655,0.07253021746873856,0.1729622334241867,0.22263358533382416
YJR095W,YCR083W,0,0.15346801,0.07249999791383743,0.1729622334241867,0.22273364663124084
YML069W,YDR352W,0,0.15328103,0.0724698007106781,0.1729622334241867,0.22283369302749634
YKR013W,YGR240C,0,0.15327886,0.07243963330984116,0.1729622334241867,0.22293375432491302
YOL006C,YGR125W,0,0.15324444,0.072409488260746,0.1729622334241867,0.2230338156223297
YBL050W,YER122C,0,0.15323491,0.07237936556339264,0.1729622334241867,0.2231338769197464
YHR104W,YBL066C,0,0.15304856,0.07234927266836166,0.1729622334241867,0.22323393821716309
YPR185W,YDL174C,0,0.15301473,0.07231920212507248,0.1729622334241867,0.22333399951457977
YHL033C,YNR049C,0,0.1530147,0.07228915393352509,0.1729622334241867,0.22343406081199646
YCR069W,YMR189W,0,0.15295692,0.07225913554430008,0.1729622334241867,0.22353412210941315
YFL055W,YIL031W,0,0.15287283,0.07222913950681686,0.1729622334241867,0.22363418340682983
YPR124W,YLR095C,0,0.15281819,0.07219917327165604,0.1729622334241867,0.22373424470424652
YKR060W,YBL005W-A,0,0.15273142,0.0721692219376564,0.1729622334241867,0.2238343060016632
YPR181C,YOR035C,0,0.1526982,0.07213930040597916,0.1729622334241867,0.2239343672990799
YGL001C,YJL091C,0,0.15216978,0.0721094086766243,0.1729622334241867,0.2240344136953354
YHL022C,YIL080W,1,0.15208857,0.0724937841296196,0.1739562600851059,0.2240344136953354
YML025C,YPL069C,0,0.15203501,0.07246376574039459,0.1739562600851059,0.22413447499275208
YCL010C,YGR067C,0,0.1519943,0.07243377715349197,0.1739562600851059,0.22423453629016876
YDL168W,YML110C,0,0.1519008,0.07240380346775055,0.1739562600851059,0.22433459758758545
YOL142W,YKL011C,1,0.15188815,0.07278742641210556,0.17495030164718628,0.22433459758758545
YMR293C,YML072C,0,0.15179344,0.07275734096765518,0.17495030164718628,0.22443465888500214
YKL086W,YJL118W,0,0.15167373,0.072727270424366,0.17495030164718628,0.22453472018241882
YBR104W,YLR229C,0,0.1515985,0.0726972296833992,0.17495030164718628,0.2246347814798355
YMR323W,YMR305C,0,0.1515762,0.07266721874475479,0.17495030164718628,0.2247348427772522
YCR073C,YGR278W,0,0.15138793,0.07263723015785217,0.17495030164718628,0.22483490407466888
YFL052W,YLL015W,0,0.15124996,0.07260726392269135,0.17495030164718628,0.22493496537208557
YGL011C,YDL213C,0,0.15118046,0.07257732003927231,0.17495030164718628,0.22503502666950226
YDR104C,YNL083W,0,0.15111974,0.07254740595817566,0.17495030164718628,0.22513508796691895
YLR310C,YLR003C,0,0.15103945,0.0725175142288208,0.17495030164718628,0.22523513436317444
YBR136W,YMR291W,0,0.15103526,0.07248764485120773,0.17495030164718628,0.22533519566059113
YJR129C,YCR083W,0,0.15101151,0.07245780527591705,0.17495030164718628,0.2254352569580078
YDR488C,YIL122W,0,0.1509777,0.07242798060178757,0.17495030164718628,0.2255353182554245
YGR033C,YNL035C,0,0.15055507,0.07239819318056107,0.17495030164718628,0.2256353795528412
YGR257C,YGL033W,0,0.15054627,0.07236842066049576,0.17495030164718628,0.22573544085025787
YDL212W,YCL038C,0,0.15028451,0.07233867794275284,0.17495030164718628,0.22583550214767456
YLR406C,YOR198C,0,0.15024976,0.07230895757675171,0.17495030164718628,0.22593556344509125
YPL128C,YMR268C,0,0.15024452,0.07227925956249237,0.17495030164718628,0.22603562474250793
YGR192C,YPL212C,0,0.15023568,0.07224959135055542,0.17495030164718628,0.22613568603992462
YLR225C,YGL065C,0,0.15021221,0.07221994549036026,0.17495030164718628,0.2262357473373413
YKR024C,YGR065C,0,0.15008523,0.07219032198190689,0.17495030164718628,0.226335808634758
YGR023W,YHL001W,0,0.1499113,0.07216072082519531,0.17495030164718628,0.2264358550310135
YDR522C,YNL329C,0,0.1497264,0.07213114947080612,0.17495030164718628,0.22653591632843018
YGR121C,YGL099W,0,0.14972204,0.07210160046815872,0.17495030164718628,0.22663597762584686
YPR009W,YGL029W,0,0.1495978,0.07207207381725311,0.17495030164718628,0.22673603892326355
YPL236C,YPL158C,0,0.14955717,0.0720425695180893,0.17495030164718628,0.22683610022068024
YNL316C,YMR323W,0,0.14936484,0.07201309502124786,0.17495030164718628,0.22693616151809692
YER069W,YNR039C,0,0.14928009,0.07198364287614822,0.17495030164718628,0.2270362228155136
YCL019W,YJL208C,1,0.1492534,0.07236304134130478,0.17594432830810547,0.2270362228155136
YBR073W,YJR002W,0,0.14913338,0.07233346998691559,0.17594432830810547,0.2271362841129303
YJL002C,YIL050W,0,0.14907591,0.07230392098426819,0.17594432830810547,0.22723634541034698
YDL193W,YNR032W,0,0.14899679,0.07227439433336258,0.17594432830810547,0.22733640670776367
YBR103W,YHR094C,0,0.14894678,0.07224489748477936,0.17594432830810547,0.22743646800518036
YLR071C,YOL060C,0,0.14889969,0.07221542298793793,0.17594432830810547,0.22753652930259705
YGR048W,YKL163W,0,0.14886628,0.07218597084283829,0.17594432830810547,0.22763657569885254
YJR047C,YMR092C,0,0.14878617,0.07215654104948044,0.17594432830810547,0.22773663699626923
YBR186W,YGL160W,0,0.14866465,0.07212714105844498,0.17594432830810547,0.2278366982936859
YBL005W-A,YJR002W,0,0.14859279,0.07209775596857071,0.17594432830810547,0.2279367595911026
YLR408C,YLR178C,0,0.14843227,0.07206840068101883,0.17594432830810547,0.2280368208885193
YGL207W,YNR032W,0,0.14838956,0.07203907519578934,0.17594432830810547,0.22813688218593597
YHR112C,YHR065C,0,0.14835852,0.07200976461172104,0.17594432830810547,0.22823694348335266
YDR180W,YBR070C,0,0.14832713,0.07198047637939453,0.17594432830810547,0.22833700478076935
YLR116W,YPR185W,0,0.14832446,0.07195121794939041,0.17594432830810547,0.22843706607818604
YGR087C,YPL066W,0,0.14819308,0.07192198187112808,0.17594432830810547,0.22853712737560272
YNL221C,YCR093W,1,0.14803453,0.07229894399642944,0.17693836987018585,0.22853712737560272
YML110C,YLR398C,0,0.14797132,0.07226958870887756,0.17693836987018585,0.2286371886730194
YPL283C,YCR097W,0,0.1479361,0.07224026322364807,0.17693836987018585,0.2287372350692749
YLR077W,YGL047W,0,0.14788412,0.07221095263957977,0.17693836987018585,0.2288372963666916
YBL097W,YCR083W,0,0.14781141,0.07218167185783386,0.17693836987018585,0.22893735766410828
YCR042C,YNR063W,0,0.14762448,0.07215241342782974,0.17693836987018585,0.22903741896152496
YPL123C,YOL043C,1,0.14760384,0.07252836227416992,0.17793241143226624,0.22903741896152496
YJR088C,YGL008C,0,0.14759324,0.07249898463487625,0.17793241143226624,0.22913748025894165
YML064C,YKL120W,0,0.14751442,0.07246963679790497,0.17793241143226624,0.22923754155635834
YGR158C,YMR224C,1,0.14750056,0.07284500449895859,0.17892643809318542,0.22923754155635834
YLR376C,YDL103C,0,0.14749022,0.07281553745269775,0.17892643809318542,0.22933760285377502
YDR085C,YNL254C,0,0.14742313,0.07278609275817871,0.17892643809318542,0.2294376641511917
YAR009C,YDR478W,1,0.14701615,0.07316087186336517,0.1799204796552658,0.2294376641511917
YLR027C,YGR206W,0,0.14701527,0.07313131541013718,0.1799204796552658,0.2295377254486084
YER119C,YJL113W,0,0.14690804,0.07310177385807037,0.1799204796552658,0.22963778674602509
YDL193W,YEL046C,0,0.14690703,0.07307226210832596,0.1799204796552658,0.22973784804344177
YHR187W,YOR122C,0,0.14683762,0.07304277271032333,0.1799204796552658,0.22983790934085846
YBR217W,YML114C,0,0.14669532,0.0730133131146431,0.1799204796552658,0.22993795573711395
YGR090W,YCL045C,0,0.14661105,0.07298386842012405,0.1799204796552658,0.23003801703453064
YNL299W,YBR098W,0,0.14659096,0.0729544535279274,0.1799204796552658,0.23013807833194733
YNL169C,YBL105C,0,0.14651716,0.07292506098747253,0.1799204796552658,0.230238139629364
YPR201W,YER011W,0,0.14643651,0.07289569079875946,0.1799204796552658,0.2303382009267807
YBL102W,YPR124W,0,0.14642014,0.07286634296178818,0.1799204796552658,0.2304382622241974
YAL032C,YER018C,0,0.14637084,0.07283702492713928,0.1799204796552658,0.23053832352161407
YLR084C,YAL061W,0,0.14627455,0.07280772179365158,0.1799204796552658,0.23063838481903076
YPL237W,YOR375C,0,0.14624588,0.07277844846248627,0.1799204796552658,0.23073844611644745
YOR328W,YAR008W,0,0.14621487,0.07274919748306274,0.1799204796552658,0.23083850741386414
YHL009C,YPL230W,0,0.14615837,0.07271996885538101,0.1799204796552658,0.23093856871128082
YNR026C,YML072C,0,0.14609005,0.07269076257944107,0.1799204796552658,0.2310386300086975
YDR485C,YHR176W,0,0.14581798,0.07266157865524292,0.1799204796552658,0.231138676404953
YKL163W,YPR112C,0,0.14579962,0.07263242453336716,0.1799204796552658,0.2312387377023697
YPL030W,YKL193C,0,0.14577384,0.07260329276323318,0.1799204796552658,0.23133879899978638
YDR180W,YIL073C,0,0.14571747,0.0725741758942604,0.1799204796552658,0.23143886029720306
YAL014C,YNL003C,0,0.14571747,0.07254508882761002,0.1799204796552658,0.23153892159461975
YJL210W,YER075C,0,0.14557058,0.07251602411270142,0.1799204796552658,0.23163898289203644
YML118W,YMR268C,0,0.14550063,0.0724869817495346,0.1799204796552658,0.23173904418945312
YGR108W,YCR027C,0,0.14548892,0.07245796918869019,0.1799204796552658,0.2318391054868698
YOL075C,YBL101C,0,0.14545695,0.07242897152900696,0.1799204796552658,0.2319391667842865
YOL142W,YOL043C,1,0.14533317,0.07280000299215317,0.180914506316185,0.2319391667842865
YKL011C,YGL173C,1,0.14529958,0.0731707289814949,0.18190854787826538,0.2319391667842865
YBR302C,YNL087W,0,0.14520843,0.07314148545265198,0.18190854787826538,0.23203922808170319
YFL055W,YNR036C,0,0.14517726,0.07311226427555084,0.18190854787826538,0.23213928937911987
YOL088C,YBL009W,0,0.14513136,0.0730830654501915,0.18190854787826538,0.23223935067653656
YDL042C,YPL005W,0,0.14497411,0.07305388897657394,0.18190854787826538,0.23233939707279205
YBR258C,YNL072W,0,0.14489885,0.07302474230527878,0.18190854787826538,0.23243945837020874
YBL005W-A,YJR129C,0,0.14478888,0.0729956105351448,0.18190854787826538,0.23253951966762543
YLR233C,YGR277C,0,0.1447732,0.07296650856733322,0.18190854787826538,0.23263958096504211
YOL013C,YLR368W,0,0.14466539,0.07293742895126343,0.18190854787826538,0.2327396422624588
YDR540C,YKR018C,0,0.14447458,0.07290836423635483,0.18190854787826538,0.2328397035598755
YBR227C,YJL036W,0,0.14445762,0.07287932932376862,0.18190854787826538,0.23293976485729218
YCR017C,YDL049C,0,0.14443953,0.0728503167629242,0.18190854787826538,0.23303982615470886
YIL162W,YOL021C,0,0.14440474,0.07282132655382156,0.18190854787826538,0.23313988745212555
YBL046W,YAL042W,0,0.14439605,0.07279236614704132,0.18190854787826538,0.23323994874954224
YLR225C,YMR283C,0,0.14427441,0.07276342064142227,0.18190854787826538,0.23334001004695892
YIR015W,YDL185W,1,0.14422536,0.07313195616006851,0.18290258944034576,0.23334001004695892
YDR346C,YGR209C,0,0.14421725,0.07310289889574051,0.18290258944034576,0.2334400713443756
YML007W,YDL236W,0,0.14418395,0.0730738714337349,0.18290258944034576,0.2335401177406311
YAR009C,YMR285C,1,0.14416158,0.07344184070825577,0.18389661610126495,0.2335401177406311
YDL214C,YGR207C,0,0.14415397,0.0734127014875412,0.18389661610126495,0.2336401790380478
YHR134W,YOR245C,0,0.14414941,0.07338357716798782,0.18389661610126495,0.23374024033546448
YML045W,YKL149C,1,0.14412521,0.07375098764896393,0.18489065766334534,0.23374024033546448
YCR034W,YNL148C,0,0.14402698,0.0737217590212822,0.18489065766334534,0.23384030163288116
YIL063C,YJL159W,0,0.14396092,0.07369255274534225,0.18489065766334534,0.23394036293029785
YIL127C,YGR074W,0,0.14395614,0.0736633688211441,0.18489065766334534,0.23404042422771454
YOL013C,YCR017C,0,0.14390315,0.07363420724868774,0.18489065766334534,0.23414048552513123
YBR253W,YBR088C,0,0.1438885,0.07360506802797318,0.18489065766334534,0.2342405468225479
YBR077C,YGL029W,0,0.14380437,0.0735759511590004,0.18489065766334534,0.2343406081199646
YIL117C,YCR027C,0,0.1435772,0.07354685664176941,0.18489065766334534,0.2344406694173813
YHR187W,YLL015W,0,0.1434577,0.07351778447628021,0.18489065766334534,0.23454073071479797
YBR258C,YJR002W,0,0.14344119,0.0734887421131134,0.18489065766334534,0.23464077711105347
YBR068C,YGL179C,0,0.1434062,0.07345971465110779,0.18489065766334534,0.23474083840847015
YLR376C,YBL019W,0,0.14339617,0.07343071699142456,0.18489065766334534,0.23484089970588684
YGR195W,YOR003W,0,0.14323917,0.07340173423290253,0.18489065766334534,0.23494096100330353
YPL020C,YJR067C,0,0.14320554,0.07337278127670288,0.18489065766334534,0.23504102230072021
YDL226C,YGL254W,0,0.14299417,0.07334385067224503,0.18489065766334534,0.2351410835981369
YKL216W,YGL012W,0,0.14287056,0.07331494241952896,0.18489065766334534,0.2352411448955536
YEL011W,YPR022C,0,0.14270037,0.07328604906797409,0.18489065766334534,0.23534120619297028
YPR104C,YER069W,0,0.14265433,0.07325718551874161,0.18489065766334534,0.23544126749038696
YFL018C,YCR020W-B,0,0.1425552,0.07322834432125092,0.18489065766334534,0.23554132878780365
YNL232W,YBR223C,1,0.14254051,0.07359307259321213,0.18588469922542572,0.23554132878780365
YKL096W,YJL204C,0,0.14246954,0.07356411963701248,0.18588469922542572,0.23564139008522034
YHR187W,YPL162C,0,0.1423774,0.07353519648313522,0.18588469922542572,0.23574145138263702
YML123C,YDL014W,0,0.14237428,0.07350628823041916,0.18588469922542572,0.23584149777889252
YFL022C,YBL003C,0,0.14232196,0.07347740978002548,0.18588469922542572,0.2359415590763092
YDL188C,YHL033C,0,0.14227943,0.073448546230793,0.18588469922542572,0.2360416203737259
YPL055C,YLR077W,0,0.14221188,0.0734197124838829,0.18588469922542572,0.23614168167114258
YGL020C,YNL148C,0,0.14213476,0.073390893638134,0.18588469922542572,0.23624174296855927
YNR056C,YMR104C,0,0.14202748,0.07336210459470749,0.18588469922542572,0.23634180426597595
YPR101W,YDR352W,0,0.14191596,0.07333333045244217,0.18588469922542572,0.23644186556339264
YKL160W,YDR085C,0,0.14187692,0.07330458611249924,0.18588469922542572,0.23654192686080933
YCL020W,YPL030W,0,0.1418529,0.0732758641242981,0.18588469922542572,0.236641988158226
YBL016W,YJR088C,0,0.14181615,0.07324715703725815,0.18588469922542572,0.2367420494556427
YBR098W,YJR006W,1,0.14180553,0.07361002266407013,0.1868787258863449,0.2367420494556427
YML022W,YPL192C,0,0.1417273,0.07358121126890182,0.1868787258863449,0.2368421107530594
YOL128C,YBR079C,0,0.14161603,0.07355242222547531,0.1868787258863449,0.23694217205047607
YDL132W,YLR035C,0,0.14159362,0.07352366298437119,0.1868787258863449,0.23704221844673157
YOR371C,YHR178W,0,0.14147377,0.07349491864442825,0.1868787258863449,0.23714227974414825
YDR225W,YIL168W,0,0.14146243,0.07346619665622711,0.1868787258863449,0.23724234104156494
YKR098C,YLL036C,0,0.14130637,0.07343749701976776,0.1868787258863449,0.23734240233898163
YMR059W,YDR478W,1,0.1412438,0.07379929721355438,0.1878727674484253,0.23734240233898163
YDL155W,YMR216C,0,0.14109783,0.07377049326896667,0.1878727674484253,0.23744246363639832
YBR171W,YNL134C,0,0.14101587,0.07374171167612076,0.1878727674484253,0.237542524933815
YML110C,YIR033W,0,0.14095558,0.07371294498443604,0.1878727674484253,0.2376425862312317
YFR042W,YAL009W,0,0.14088255,0.0736842080950737,0.1878727674484253,0.23774264752864838
YJL051W,YPR033C,0,0.14080359,0.07365549355745316,0.1878727674484253,0.23784270882606506
YHL022C,YDL191W,0,0.14071651,0.0736268013715744,0.1878727674484253,0.23794277012348175
YDR016C,YGL184C,0,0.14069523,0.07359813153743744,0.1878727674484253,0.23804283142089844
YNR023W,YGR284C,0,0.14066996,0.07356948405504227,0.1878727674484253,0.23814289271831512
YOR033C,YKL055C,0,0.14047606,0.07354085892438889,0.1878727674484253,0.23824293911457062
YMR291W,YLR210W,0,0.14038952,0.0735122486948967,0.1878727674484253,0.2383430004119873
YJL145W,YDR084C,0,0.14032464,0.0734836682677269,0.1878727674484253,0.238443061709404
YPL212C,YJL036W,0,0.14029963,0.07345511019229889,0.1878727674484253,0.23854312300682068
YCR067C,YHR065C,0,0.140235,0.07342657446861267,0.1878727674484253,0.23864318430423737
YDR540C,YHR196W,0,0.14019206,0.07339806109666824,0.1878727674484253,0.23874324560165405
YOL013C,YML008C,0,0.14009082,0.07336956262588501,0.1878727674484253,0.23884330689907074
YBR019C,YER141W,0,0.13989143,0.07334109395742416,0.1878727674484253,0.23894336819648743
YNL316C,YHR203C,0,0.13982041,0.07331264764070511,0.1878727674484253,0.2390434294939041
YBR079C,YPL124W,0,0.13980566,0.07328421622514725,0.1878727674484253,0.2391434907913208
YLR132C,YMR190C,0,0.13980165,0.07325581461191177,0.1878727674484253,0.2392435520887375
YGL121C,YJL050W,0,0.139692,0.0732274278998375,0.1878727674484253,0.23934361338615417
YGL130W,YOR141C,0,0.13967516,0.0731990709900856,0.1878727674484253,0.23944365978240967
YEL016C,YCL074W,1,0.13967486,0.07355787605047226,0.18886679410934448,0.23944365978240967
YER026C,YAR066W,0,0.13959801,0.07352941483259201,0.18886679410934448,0.23954372107982635
YPR023C,YLR002C,0,0.13958731,0.07350096851587296,0.18886679410934448,0.23964378237724304
YML039W,YCR026C,1,0.13935412,0.07385924458503723,0.18986083567142487,0.23964378237724304
YHR032W,YDL222C,0,0.13933316,0.07383069396018982,0.18986083567142487,0.23974384367465973
YJL051W,YMR244C-A,0,0.1393025,0.0738021656870842,0.18986083567142487,0.23984390497207642
YJL210W,YLR229C,0,0.13917597,0.07377365976572037,0.18986083567142487,0.2399439662694931
YGR287C,YNL327W,0,0.13904594,0.07374517619609833,0.18986083567142487,0.2400440275669098
YHR115C,YNL154C,0,0.13898243,0.07371671497821808,0.18986083567142487,0.24014408886432648
YIL091C,YNL035C,0,0.13897787,0.07368826866149902,0.18986083567142487,0.24024415016174316
YLR174W,YJL047C,0,0.13895275,0.07365985214710236,0.18986083567142487,0.24034421145915985
YHR072W,YDL079C,0,0.13894252,0.07363145798444748,0.18986083567142487,0.24044427275657654
YDR147W,YHR003C,0,0.13886927,0.0736030861735344,0.18986083567142487,0.24054431915283203
YNL047C,YMR044W,0,0.13884279,0.0735747292637825,0.18986083567142487,0.24064438045024872
YPL211W,YMR170C,0,0.13879518,0.073546402156353,0.18986083567142487,0.2407444417476654
YNL072W,YJR029W,1,0.13876808,0.07390300184488297,0.19085487723350525,0.2407444417476654
YMR011W,YLR242C,0,0.13873795,0.0738745704293251,0.19085487723350525,0.2408445030450821
YMR011W,YDR446W,0,0.13872062,0.07384615391492844,0.19085487723350525,0.24094456434249878
YKL025C,YOL119C,0,0.13869649,0.07381775975227356,0.19085487723350525,0.24104462563991547
YJL209W,YOR178C,0,0.13869019,0.07378939539194107,0.19085487723350525,0.24114468693733215
YHR141C,YDR348C,0,0.1386614,0.07376104593276978,0.19085487723350525,0.24124474823474884
YPR183W,YHL001W,0,0.13845892,0.07373271882534027,0.19085487723350525,0.24134480953216553
YBR171W,YLL036C,0,0.13834827,0.07370441406965256,0.19085487723350525,0.24144487082958221
YOL146W,YKR081C,0,0.13829279,0.07367613166570663,0.19085487723350525,0.2415449321269989
YPL003W,YGL029W,0,0.13819332,0.0736478716135025,0.19085487723350525,0.2416449934244156
YLL052C,YPL249C,0,0.13817988,0.07361963391304016,0.19085487723350525,0.24174503982067108
YDR221W,YDR331W,0,0.13807926,0.07359141111373901,0.19085487723350525,0.24184510111808777
YNL329C,YGR206W,0,0.13799457,0.07356321811676025,0.19085487723350525,0.24194516241550446
YIL080W,YOL021C,1,0.1379291,0.07391803711652756,0.19184890389442444,0.24194516241550446
YGR231C,YOR171C,0,0.13785607,0.07388973981142044,0.19184890389442444,0.24204522371292114
YKL112W,YMR106C,0,0.13776383,0.07386146485805511,0.19184890389442444,0.24214528501033783
YOR094W,YPR052C,0,0.13774304,0.07383320480585098,0.19184890389442444,0.24224534630775452
YDR394W,YPL046C,0,0.13767603,0.07380497455596924,0.19184890389442444,0.2423454076051712
YBR073W,YGL023C,0,0.13765937,0.07377675920724869,0.19184890389442444,0.2424454689025879
YGL001C,YKR001C,0,0.13765675,0.07374856621026993,0.19184890389442444,0.24254553020000458
YDL025C,YOR141C,0,0.13755156,0.07372039556503296,0.19184890389442444,0.24264559149742126
YDL103C,YJL047C,0,0.1375111,0.07369224727153778,0.19184890389442444,0.24274565279483795
YPL009C,YLR297W,0,0.1373937,0.0736641213297844,0.19184890389442444,0.24284571409225464
YGR166W,YDR291W,0,0.13737898,0.0736360177397728,0.19184890389442444,0.24294576048851013
YEL011W,YER073W,0,0.13733861,0.07360793650150299,0.19184890389442444,0.24304582178592682
YOR368W,YMR050C,1,0.13725995,0.07396111637353897,0.19284294545650482,0.24304582178592682
YLR332W,YIL158W,0,0.13724522,0.07393292337656021,0.19284294545650482,0.2431458830833435
YBR199W,YNR046W,0,0.1372064,0.07390476018190384,0.19284294545650482,0.2432459443807602
YDR221W,YOR312C,0,0.13719954,0.07387661933898926,0.19284294545650482,0.24334600567817688
YMR202W,YPR165W,0,0.13711296,0.07384849339723587,0.19284294545650482,0.24344606697559357
YDR446W,YLR071C,0,0.13710639,0.07382039725780487,0.19284294545650482,0.24354612827301025
YIL065C,YML072C,0,0.136993,0.07379231601953506,0.19284294545650482,0.24364618957042694
YIL127C,YDR485C,0,0.13692123,0.07376425713300705,0.19284294545650482,0.24374625086784363
YJR105W,YIL010W,0,0.136773,0.07373622059822083,0.19284294545650482,0.24384631216526031
YPL047W,YCR027C,0,0.13676643,0.07370820641517639,0.19284294545650482,0.243946373462677
YBL018C,YPL066W,0,0.13660152,0.07368021458387375,0.19284294545650482,0.2440464347600937
YGL038C,YJL104W,0,0.13658576,0.0736522376537323,0.19284294545650482,0.24414648115634918
YDR194C,YMR052W,0,0.13651332,0.07362429052591324,0.19284294545650482,0.24424654245376587
YHR141C,YIL114C,0,0.13647632,0.07359635829925537,0.19284294545650482,0.24434660375118256
YDR171W,YJR014W,0,0.13647321,0.0735684484243393,0.19284294545650482,0.24444666504859924
YKR060W,YLR393W,0,0.13628908,0.07354056090116501,0.19284294545650482,0.24454672634601593
YJR056C,YDR348C,0,0.13617556,0.07351269572973251,0.19284294545650482,0.24464678764343262
YBR280C,YLL005C,0,0.13604705,0.07348484545946121,0.19284294545650482,0.2447468489408493
YDL153C,YAR066W,0,0.13603412,0.0734570249915123,0.19284294545650482,0.244846910238266
YDR485C,YOR171C,0,0.13600008,0.07342921942472458,0.19284294545650482,0.24494697153568268
YMR189W,YDR099W,0,0.13595392,0.07340143620967865,0.19284294545650482,0.24504703283309937
YGL208W,YJR002W,0,0.13592404,0.07337367534637451,0.19284294545650482,0.24514709413051605
YDR506C,YJR093C,0,0.13570781,0.07334593683481216,0.19284294545650482,0.24524715542793274
YDR322C-A,YDL226C,0,0.13570629,0.07331821322441101,0.19284294545650482,0.24534720182418823
YIL082W-A,YMR029C,0,0.13565283,0.07329051941633224,0.19284294545650482,0.24544726312160492
YJL123C,YHL018W,0,0.13557516,0.07326284050941467,0.19284294545650482,0.2455473244190216
YBR056W,YML014W,0,0.13556586,0.07323518395423889,0.19284294545650482,0.2456473857164383
YDR191W,YLL023C,0,0.13554887,0.0732075497508049,0.19284294545650482,0.24574744701385498
YJR152W,YKL120W,0,0.13546701,0.0731799304485321,0.19284294545650482,0.24584750831127167
YHR191C,YML010W,0,0.13542353,0.0731523409485817,0.19284294545650482,0.24594756960868835
YDR339C,YKL176C,0,0.13532093,0.07312476634979248,0.19284294545650482,0.24604763090610504
YDL168W,YCL045C,0,0.13524458,0.07309721410274506,0.19284294545650482,0.24614769220352173
YEL004W,YKL193C,0,0.1352029,0.07306967675685883,0.19284294545650482,0.24624775350093842
YFR028C,YFL052W,0,0.13518153,0.07304216921329498,0.19284294545650482,0.2463478147983551
YNL088W,YDR155C,0,0.13517089,0.07301467657089233,0.19284294545650482,0.2464478760957718
YNL075W,YMR106C,0,0.13511889,0.07298720628023148,0.19284294545650482,0.24654792249202728
YHR032W,YGR207C,0,0.13505395,0.07295975834131241,0.19284294545650482,0.24664798378944397
YDL159W,YML121W,0,0.1349013,0.07293233275413513,0.19284294545650482,0.24674804508686066
YDL207W,YNL106C,0,0.13477778,0.07290492206811905,0.19284294545650482,0.24684810638427734
YOL097C,YKL152C,0,0.13477322,0.07287753373384476,0.19284294545650482,0.24694816768169403
YAL047C,YOR197W,0,0.13456973,0.07285016775131226,0.19284294545650482,0.24704822897911072
YDL010W,YNR046W,0,0.13450341,0.07282282412052155,0.19284294545650482,0.2471482902765274
YCR028C-A,YKR087C,0,0.13448158,0.07279549539089203,0.19284294545650482,0.2472483515739441
YBR258C,YAR008W,0,0.13445039,0.0727681890130043,0.19284294545650482,0.24734841287136078
YAL005C,YLR229C,0,0.13442008,0.07274090498685837,0.19284294545650482,0.24744847416877747
YOR173W,YPR104C,0,0.1343837,0.07271364331245422,0.19284294545650482,0.24754853546619415
YOL077W-A,YPR065W,0,0.13438162,0.07268639653921127,0.19284294545650482,0.24764858186244965
YHR003C,YJL118W,0,0.13392805,0.07265917956829071,0.19284294545650482,0.24774864315986633
YLR342W,YDL161W,0,0.1338474,0.07263197004795074,0.19284294545650482,0.24784870445728302
YGR121C,YGR125W,0,0.13380505,0.07260479032993317,0.19284294545650482,0.2479487657546997
YBR210W,YER170W,0,0.13378061,0.07257762551307678,0.19284294545650482,0.2480488270521164
YOR214C,YBR201W,0,0.13353786,0.07255048304796219,0.19284294545650482,0.24814888834953308
YCR017C,YBR021W,0,0.13351834,0.07252336293458939,0.19284294545650482,0.24824894964694977
YKR086W,YDR208W,0,0.13346754,0.07249626517295837,0.19284294545650482,0.24834901094436646
YBL067C,YCL026C-A,0,0.13346319,0.07246918231248856,0.19284294545650482,0.24844907224178314
YLR320W,YAL042W,0,0.13329063,0.07244212180376053,0.19284294545650482,0.24854913353919983
YCR088W,YKR065C,0,0.13316765,0.07241508364677429,0.19284294545650482,0.24864919483661652
YAR071W,YNL275W,0,0.13313356,0.07238806039094925,0.19284294545650482,0.2487492561340332
YKR018C,YGL133W,0,0.13308932,0.072361059486866,0.19284294545650482,0.2488493025302887
YDL212W,YPL108W,0,0.13294177,0.07233408093452454,0.19284294545650482,0.24894936382770538
YBL005W-B,YHR062C,1,0.13293968,0.07267983257770538,0.193836972117424,0.24894936382770538
YLR225C,YER026C,0,0.13286853,0.07265275716781616,0.193836972117424,0.24904942512512207
YBR235W,YPR183W,0,0.13285752,0.07262569665908813,0.193836972117424,0.24914948642253876
YLR262C,YOR245C,0,0.13282399,0.0725986585021019,0.193836972117424,0.24924954771995544
YOL008W,YOR064C,0,0.13274956,0.07257164269685745,0.193836972117424,0.24934960901737213
YPL053C,YER183C,0,0.13274942,0.0725446417927742,0.193836972117424,0.24944967031478882
YDR237W,YGL029W,0,0.13249221,0.07251766324043274,0.193836972117424,0.2495497316122055
YMR011W,YKL146W,0,0.13249095,0.07249070703983307,0.193836972117424,0.2496497929096222
YDR027C,YKL222C,0,0.1324794,0.07246376574039459,0.193836972117424,0.24974985420703888
YMR283C,YDR186C,0,0.1322971,0.0724368467926979,0.193836972117424,0.24984991550445557
YLR174W,YCR043C,0,0.13217567,0.07240995019674301,0.193836972117424,0.24994997680187225
YPR075C,YLR174W,0,0.1320798,0.07238307595252991,0.193836972117424,0.25005003809928894
YLR275W,YKL084W,0,0.13198492,0.072356216609478,0.193836972117424,0.25015008449554443
YNL058C,YLR362W,0,0.13185632,0.07232937961816788,0.193836972117424,0.2502501606941223
YGR227W,YJR056C,0,0.13182743,0.07230255752801895,0.193836972117424,0.2503502070903778
YPL256C,YFR009W,0,0.13179211,0.07227575778961182,0.193836972117424,0.2504502832889557
YHR124W,YDL147W,0,0.13173267,0.07224898040294647,0.193836972117424,0.2505503296852112
YDR225W,YNL009W,0,0.13168304,0.07222222536802292,0.193836972117424,0.2506503760814667
YML019W,YKL208W,0,0.1316713,0.07219548523426056,0.193836972117424,0.25075045228004456
YLR107W,YCR035C,1,0.13165104,0.07253886014223099,0.1948310136795044,0.25075045228004456
YMR262W,YGR158C,1,0.13162482,0.07288198173046112,0.19582505524158478,0.25075045228004456
YMR224C,YKL025C,1,0.13161181,0.07322484999895096,0.19681908190250397,0.25075045228004456
YBR126C,YMR293C,0,0.13157676,0.07319778203964233,0.19681908190250397,0.25085049867630005
YGL099W,YBL019W,0,0.13155825,0.0731707289814949,0.19681908190250397,0.25095057487487793
YOR328W,YGR198W,0,0.13155033,0.07314369827508926,0.19681908190250397,0.2510506212711334
YNL088W,YBR244W,0,0.13152064,0.07311668992042542,0.19681908190250397,0.2511506974697113
YGR277C,YML008C,0,0.13148388,0.07308970391750336,0.19681908190250397,0.2512507438659668
YDR488C,YGR289C,0,0.13142905,0.07306273281574249,0.19681908190250397,0.2513508200645447
YBR210W,YMR047C,0,0.1312774,0.07303577661514282,0.19681908190250397,0.25145086646080017
YIR035C,YOL130W,0,0.13126121,0.07300885021686554,0.19681908190250397,0.25155094265937805
YOL041C,YIL010W,0,0.13124904,0.07298193871974945,0.19681908190250397,0.25165098905563354
YMR170C,YCR020W-B,0,0.13119961,0.07295504957437515,0.19681908190250397,0.2517510652542114
YFL053W,YDL191W,0,0.13116322,0.07292817533016205,0.19681908190250397,0.2518511116504669
YDR408C,YPL086C,0,0.13114586,0.07290132343769073,0.19681908190250397,0.2519511580467224
YNR056C,YBR171W,0,0.13112366,0.07287449389696121,0.19681908190250397,0.2520512342453003
YPL152W,YDL014W,0,0.13103181,0.07284767925739288,0.19681908190250397,0.2521512806415558
YJR091C,YLR431C,0,0.13102664,0.07282088696956635,0.19681908190250397,0.25225135684013367
YLR107W,YMR239C,1,0.13094868,0.0731617659330368,0.19781312346458435,0.25225135684013367
YNR036C,YNL220W,0,0.13085964,0.0731348767876625,0.19781312346458435,0.25235140323638916
YPL236C,YOR303W,0,0.13082488,0.07310800999403,0.19781312346458435,0.25245147943496704
YGR284C,YOR295W,0,0.13071346,0.07308115810155869,0.19781312346458435,0.25255152583122253
YJL087C,YCL075W,1,0.13069274,0.07342144101858139,0.19880715012550354,0.25255152583122253
YLR378C,YLR210W,0,0.13067354,0.07339449226856232,0.19880715012550354,0.2526516020298004
YER065C,YER006W,0,0.13060124,0.07336757332086563,0.19880715012550354,0.2527516484260559
YDR293C,YBL019W,1,0.13059323,0.07370737195014954,0.19980119168758392,0.2527516484260559
YKL146W,YNL245C,0,0.13057937,0.0736803486943245,0.19980119168758392,0.2528517246246338
YJR007W,YHR102W,0,0.13034408,0.07365335524082184,0.19980119168758392,0.2529517710208893
YBR133C,YDR316W,0,0.13030082,0.07362637668848038,0.19980119168758392,0.2530518174171448
YHR112C,YCR048W,0,0.13010208,0.07359941303730011,0.19980119168758392,0.25315189361572266
YBR210W,YPL170W,0,0.13004263,0.07357247173786163,0.19980119168758392,0.25325194001197815
YPL217C,YOR122C,0,0.1299447,0.07354555279016495,0.19980119168758392,0.25335201621055603
YKL025C,YDR280W,1,0.12986462,0.07388442009687424,0.2007952332496643,0.25335201621055603
YIR007W,YGL054C,0,0.12986133,0.07385740429162979,0.2007952332496643,0.2534520626068115
YKR060W,YDR480W,0,0.12974414,0.07383041083812714,0.2007952332496643,0.2535521388053894
YCR079W,YHR178W,0,0.12970707,0.07380343228578568,0.2007952332496643,0.2536521852016449
YKL018W,YBL105C,0,0.12968536,0.073776476085186,0.2007952332496643,0.2537522614002228
YIL040W,YBR265W,0,0.12964897,0.07374954223632812,0.2007952332496643,0.25385230779647827
YMR309C,YNR049C,0,0.1296307,0.07372263073921204,0.2007952332496643,0.25395238399505615
YOR229W,YKR087C,0,0.12961623,0.07369573414325714,0.2007952332496643,0.25405243039131165
YPL164C,YAR066W,0,0.12952776,0.07366885244846344,0.2007952332496643,0.25415247678756714
YMR216C,YLL028W,0,0.12939958,0.07364200055599213,0.2007952332496643,0.254252552986145
YHR091C,YLR119W,0,0.1293177,0.073615163564682,0.2007952332496643,0.2543525993824005
YDR017C,YBL101C,0,0.12928765,0.07358834147453308,0.2007952332496643,0.2544526755809784
YBR257W,YLR312W-A,1,0.12925796,0.07392571121454239,0.2017892599105835,0.2544526755809784
YER069W,YNL222W,0,0.12924047,0.0738987997174263,0.2017892599105835,0.2545527219772339
YEL020C,YER166W,0,0.12901036,0.0738719031214714,0.2017892599105835,0.25465279817581177
YLR064W,YPL255W,0,0.12897383,0.0738450363278389,0.2017892599105835,0.25475284457206726
YNL124W,YKL167C,0,0.12896074,0.07381818443536758,0.2017892599105835,0.25485292077064514
YGR033C,YNL075W,0,0.12879191,0.07379134744405746,0.2017892599105835,0.25495296716690063
YMR014W,YDR123C,0,0.12876143,0.07376453280448914,0.2017892599105835,0.2550530433654785
YNL321W,YOR214C,0,0.12868538,0.0737377405166626,0.2017892599105835,0.255153089761734
YGR287C,YLR388W,0,0.12862319,0.07371096312999725,0.2017892599105835,0.2552531659603119
YKR067W,YFL034C-A,0,0.12859884,0.0736842080950737,0.2017892599105835,0.2553532123565674
YGL131C,YHR107C,0,0.12844463,0.07365747541189194,0.2017892599105835,0.2554532587528229
YMR288W,YMR268C,0,0.1283982,0.07363075762987137,0.2017892599105835,0.25555333495140076
YFR028C,YDR302W,0,0.12838848,0.07360406219959259,0.2017892599105835,0.25565338134765625
YOL080C,YGL175C,1,0.12838565,0.07393983006477356,0.20278330147266388,0.25565338134765625
YDR104C,YKL018W,0,0.12837894,0.07391304522752762,0.20278330147266388,0.25575345754623413
YAL015C,YLR107W,1,0.12837175,0.07424846291542053,0.20377734303474426,0.25575345754623413
YML066C,YGL077C,0,0.12834863,0.07422158122062683,0.20377734303474426,0.2558535039424896
YOR214C,YER166W,0,0.12833087,0.07419471442699432,0.20377734303474426,0.2559535801410675
YPR066W,YJR144W,0,0.12812679,0.07416786998510361,0.20377734303474426,0.256053626537323
YDL207W,YOL044W,0,0.12804987,0.07414104789495468,0.20377734303474426,0.2561537027359009
YEL055C,YDR484W,0,0.12804677,0.07411424070596695,0.20377734303474426,0.25625374913215637
YDR073W,YDR162C,0,0.12789942,0.07408745586872101,0.20377734303474426,0.25635382533073425
YJR093C,YDR316W,0,0.1278898,0.07406069338321686,0.20377734303474426,0.25645387172698975
YGL145W,YOL113W,0,0.12788732,0.0740339457988739,0.20377734303474426,0.25655391812324524
YLR398C,YNL336W,0,0.1278617,0.07400722056627274,0.20377734303474426,0.2566539943218231
YJL154C,YBR288C,0,0.12776868,0.07398051023483276,0.20377734303474426,0.2567540407180786
YLR398C,YLR066W,0,0.12764111,0.07395382225513458,0.20377734303474426,0.2568541169166565
YLR034C,YIL162W,0,0.12759201,0.07392715662717819,0.20377734303474426,0.256954163312912
YJL116C,YFL034C-A,0,0.12757564,0.073900505900383,0.20377734303474426,0.25705423951148987
YLR240W,YOR171C,0,0.12751447,0.07387387752532959,0.20377734303474426,0.25715428590774536
YJL154C,YGL008C,0,0.12749533,0.07384726405143738,0.20377734303474426,0.25725436210632324
YNL072W,YPL005W,0,0.12724431,0.07382067292928696,0.20377734303474426,0.25735440850257874
YKL220C,YOL049W,0,0.12724198,0.07379409670829773,0.20377734303474426,0.2574544847011566
YNL082W,YIL103W,0,0.1271093,0.07376754283905029,0.20377734303474426,0.2575545310974121
YJR095W,YDR314C,0,0.12697871,0.07374100387096405,0.20377734303474426,0.25765460729599
YBR083W,YML019W,0,0.12693991,0.0737144947052002,0.20377734303474426,0.2577546536922455
YNL222W,YMR280C,0,0.12691109,0.07368799299001694,0.20377734303474426,0.257854700088501
YBR161W,YDR264C,0,0.12687807,0.07366151362657547,0.20377734303474426,0.25795477628707886
YKR081C,YGR090W,0,0.1268638,0.0736350566148758,0.20377734303474426,0.25805482268333435
YPR124W,YMR271C,0,0.12685822,0.07360861450433731,0.20377734303474426,0.25815489888191223
YGL124C,YOR295W,0,0.12684086,0.07358219474554062,0.20377734303474426,0.2582549452781677
YGL013C,YDL044C,0,0.12676865,0.07355579733848572,0.20377734303474426,0.2583550214767456
YCL038C,YNL099C,0,0.12675479,0.07352941483259201,0.20377734303474426,0.2584550678730011
YJR091C,YBR136W,0,0.12670945,0.0735030472278595,0.20377734303474426,0.258555144071579
YGL094C,YPL123C,1,0.1266319,0.07383512705564499,0.20477136969566345,0.258555144071579
YCR071C,YLL028W,0,0.12662861,0.07380867004394531,0.20477136969566345,0.2586551904678345
YGR148C,YLR216C,0,0.12655087,0.07378223538398743,0.20477136969566345,0.25875526666641235
YLR275W,YBL097W,0,0.12652181,0.07375581562519073,0.20477136969566345,0.25885531306266785
YML066C,YML001W,0,0.12629275,0.07372941821813583,0.20477136969566345,0.25895535945892334
YML022W,YGL038C,0,0.12626132,0.07370304316282272,0.20477136969566345,0.2590554356575012
YKL213C,YHR143W-A,0,0.12622496,0.0736766830086708,0.20477136969566345,0.2591554820537567
YNL124W,YOR298C-A,0,0.12608139,0.07365033775568008,0.20477136969566345,0.2592555582523346
YNR023W,YOR371C,0,0.12607333,0.07362401485443115,0.20477136969566345,0.2593556046485901
YLR132C,YKR092C,0,0.12586416,0.07359771430492401,0.20477136969566345,0.25945568084716797
YHR016C,YIR010W,0,0.12585653,0.07357142865657806,0.20477136969566345,0.25955572724342346
YNL323W,YDR394W,0,0.1258494,0.07354516535997391,0.20477136969566345,0.25965580344200134
YKR080W,YLR398C,0,0.12584017,0.07351891696453094,0.20477136969566345,0.25975584983825684
YHR063C,YDR099W,0,0.12582852,0.07349268347024918,0.20477136969566345,0.2598559260368347
YHL009C,YHR098C,0,0.1258273,0.0734664797782898,0.20477136969566345,0.2599559724330902
YLR059C,YNL001W,1,0.12572008,0.07379679381847382,0.20576541125774384,0.2599559724330902
YLR148W,YPL162C,0,0.12565187,0.07377049326896667,0.20576541125774384,0.2600560188293457
YLR376C,YIL016W,0,0.1254939,0.07374420762062073,0.20576541125774384,0.2601560950279236
YGR087C,YGR231C,0,0.12541565,0.07371795177459717,0.20576541125774384,0.2602561414241791
YJR093C,YBR229C,0,0.12534632,0.0736917033791542,0.20576541125774384,0.26035621762275696
YJR105W,YPR185W,0,0.1253361,0.07366547733545303,0.20576541125774384,0.26045626401901245
YJL074C,YMR029C,0,0.12532988,0.07363927364349365,0.20576541125774384,0.26055634021759033
YPL053C,YBR039W,0,0.12526818,0.07361308485269547,0.20576541125774384,0.2606563866138458
YPL003W,YER075C,0,0.12516336,0.07358691841363907,0.20576541125774384,0.2607564628124237
YHR098C,YNR036C,0,0.12515844,0.07356076687574387,0.20576541125774384,0.2608565092086792
YLR077W,YDR119W,0,0.12508194,0.07353463768959045,0.20576541125774384,0.2609565854072571
YOL146W,YOR033C,0,0.12507002,0.07350852340459824,0.20576541125774384,0.2610566318035126
YJL050W,YMR134W,0,0.124933794,0.07348243147134781,0.20576541125774384,0.26115670800209045
YLR240W,YNL220W,0,0.12491928,0.07345635443925858,0.20576541125774384,0.26125675439834595
YHR016C,YJL115W,0,0.12489204,0.07343029230833054,0.20576541125774384,0.26135680079460144
YPR145W,YDR016C,0,0.12479119,0.07340425252914429,0.20576541125774384,0.2614568769931793
YJL139C,YJL002C,0,0.12476422,0.07337823510169983,0.20576541125774384,0.2615569233894348
YGL065C,YOR344C,0,0.124711886,0.07335223257541656,0.20576541125774384,0.2616569995880127
YLR077W,YDR488C,0,0.12470053,0.0733262449502945,0.20576541125774384,0.2617570459842682
YOL128C,YJR077C,0,0.12451133,0.07330027967691422,0.20576541125774384,0.26185712218284607
YER048C,YER006W,0,0.1244362,0.07327433675527573,0.20576541125774384,0.26195716857910156
YOR197W,YOR073W,0,0.12443447,0.07324840873479843,0.20576541125774384,0.26205724477767944
YHR191C,YOR295W,0,0.12435387,0.07322249561548233,0.20576541125774384,0.26215729117393494
YNL102W,YGR276C,1,0.12413429,0.07355020940303802,0.20675943791866302,0.26215729117393494
YOR035C,YNL326C,0,0.124104455,0.07352421432733536,0.20675943791866302,0.2622573673725128
YIL041W,YGR271C-A,0,0.12407914,0.07349823415279388,0.20675943791866302,0.2623574137687683
YFL031W,YLR372W,0,0.124030486,0.0734722688794136,0.20675943791866302,0.2624574601650238
YJL145W,YDR171W,0,0.12396553,0.07344632595777512,0.20675943791866302,0.2625575363636017
YPL268W,YDR346C,0,0.123943344,0.07342040538787842,0.20675943791866302,0.2626575827598572
YHR039C,YNL093W,0,0.12393074,0.07339449226856232,0.20675943791866302,0.26275765895843506
YGL079W,YDL147W,0,0.12383206,0.0733686089515686,0.20675943791866302,0.26285770535469055
YDR540C,YCR034W,0,0.123812065,0.07334273308515549,0.20675943791866302,0.26295778155326843
YDL005C,YCR028C-A,0,0.123471305,0.07331688702106476,0.20675943791866302,0.2630578279495239
YHL033C,YLL023C,0,0.12346029,0.07329104840755463,0.20675943791866302,0.2631579041481018
YDR221W,YNL305C,0,0.12338148,0.07326523214578629,0.20675943791866302,0.2632579505443573
YPL132W,YDL004W,0,0.123334914,0.07323943823575974,0.20675943791866302,0.2633580267429352
YPR104C,YGR067C,0,0.12329225,0.07321365922689438,0.20675943791866302,0.2634580731391907
YJR099W,YGR065C,0,0.12325403,0.07318789511919022,0.20675943791866302,0.26355814933776855
YIL127C,YML121W,0,0.12318815,0.07316215336322784,0.20675943791866302,0.26365819573402405
YOL008W,YPL069C,0,0.12310547,0.07313642650842667,0.20675943791866302,0.26375824213027954
YKL209C,YGR132C,0,0.12309803,0.07311072200536728,0.20675943791866302,0.2638583183288574
YOR368W,YGR158C,1,0.12292139,0.07343640178442001,0.2077534794807434,0.2638583183288574
YBR258C,YBR106W,0,0.12281291,0.07341060787439346,0.2077534794807434,0.2639583647251129
YFL008W,YGL179C,0,0.12277737,0.0733848288655281,0.2077534794807434,0.2640584409236908
YKL025C,YJR002W,0,0.12277533,0.07335907220840454,0.2077534794807434,0.2641584873199463
YLR174W,YDR221W,0,0.12273611,0.07333333045244217,0.2077534794807434,0.26425856351852417
YML065W,YMR029C,0,0.12261003,0.07330761104822159,0.2077534794807434,0.26435860991477966
YLR174W,YNL014W,0,0.12245008,0.0732819065451622,0.2077534794807434,0.26445868611335754
YDL064W,YGR013W,0,0.122438505,0.0732562243938446,0.2077534794807434,0.26455873250961304
YDR017C,YDR198C,0,0.12235075,0.0732305571436882,0.2077534794807434,0.2646588087081909
YJL154C,YDR316W,0,0.12232229,0.073204904794693,0.2077534794807434,0.2647588551044464
YNL321W,YOL058W,0,0.122318044,0.07317927479743958,0.2077534794807434,0.2648589015007019
YMR197C,YBL066C,0,0.1221029,0.07315365970134735,0.2077534794807434,0.2649589776992798
YJR067C,YIL097W,0,0.1220521,0.07312805950641632,0.2077534794807434,0.2650590240955353
YCR033W,YML058W,0,0.121977955,0.07310248166322708,0.2077534794807434,0.26515910029411316
YLR107W,YDR478W,1,0.12195952,0.07342657446861267,0.2087475210428238,0.26515910029411316
YLR332W,YOL091W,0,0.12190159,0.07340090721845627,0.2087475210428238,0.26525914669036865
YBR132C,YLR110C,0,0.121723026,0.07337526232004166,0.2087475210428238,0.26535922288894653
YCR066W,YGR249W,0,0.121678725,0.07334963232278824,0.2087475210428238,0.265459269285202
YGL250W,YIL158W,0,0.12163113,0.07332402467727661,0.2087475210428238,0.2655593454837799
YGL125W,YGL153W,0,0.121592656,0.07329843193292618,0.2087475210428238,0.2656593918800354
YGL017W,YLR424W,0,0.12142931,0.07327285408973694,0.2087475210428238,0.2657594680786133
YKL193C,YHR042W,0,0.12132724,0.07324729859828949,0.2087475210428238,0.2658595144748688
YBL040C,YPR181C,0,0.12129237,0.07322175800800323,0.2087475210428238,0.26595956087112427
YKL101W,YLL010C,0,0.12126671,0.07319623231887817,0.2087475210428238,0.26605963706970215
YER169W,YPR112C,0,0.121211976,0.0731707289814949,0.2087475210428238,0.26615968346595764
YHL002W,YDR485C,0,0.12117739,0.07314524799585342,0.2087475210428238,0.2662597596645355
YPL053C,YPL270W,0,0.121138796,0.07311977446079254,0.2087475210428238,0.266359806060791
YGL184C,YGR068C,0,0.12108116,0.07309432327747345,0.2087475210428238,0.2664598822593689
YGL150C,YDR198C,0,0.121039405,0.07306889444589615,0.2087475210428238,0.2665599286556244
YLR071C,YDR264C,0,0.12092878,0.07304348051548004,0.2087475210428238,0.26666000485420227
YKL055C,YBL101C,0,0.120896354,0.07301808148622513,0.2087475210428238,0.26676005125045776
YCL033C,YDR266C,0,0.12088828,0.07299269735813141,0.2087475210428238,0.26686012744903564
YDR267C,YJL160C,0,0.12074421,0.07296733558177948,0.2087475210428238,0.26696017384529114
YDR113C,YNL222W,0,0.12044881,0.07294199615716934,0.2087475210428238,0.267060250043869
YDR316W,YKL012W,0,0.120438665,0.0729166641831398,0.2087475210428238,0.2671602964401245
YDR156W,YIL129C,0,0.12040348,0.07289135456085205,0.2087475210428238,0.26726034283638
YPL242C,YGR098C,0,0.120292336,0.07286606729030609,0.2087475210428238,0.2673604190349579
YFR028C,YOR003W,0,0.120253876,0.07284078747034073,0.2087475210428238,0.2674604654312134
YIL121W,YPL187W,0,0.12021142,0.07281553745269775,0.2087475210428238,0.26756054162979126
YML046W,YKL012W,0,0.120164216,0.07279029488563538,0.2087475210428238,0.26766058802604675
YDR237W,YHL020C,0,0.120044425,0.07276507467031479,0.2087475210428238,0.26776066422462463
YOR128C,YEL060C,0,0.11998494,0.0727398693561554,0.2087475210428238,0.2678607106208801
YLR423C,YIL157C,0,0.11993225,0.0727146789431572,0.2087475210428238,0.267960786819458
YGL245W,YGL175C,0,0.119889766,0.07268951088190079,0.2087475210428238,0.2680608332157135
YNL221C,YCR035C,1,0.11986111,0.07301037758588791,0.20974154770374298,0.2680608332157135
YJL063C,YKL163W,0,0.11979495,0.07298512756824493,0.20974154770374298,0.2681609094142914
YPR020W,YPR023C,0,0.119693846,0.07295989245176315,0.20974154770374298,0.2682609558105469
YDL181W,YOR375C,0,0.119589195,0.07293467223644257,0.20974154770374298,0.26836100220680237
YOL146W,YLR449W,0,0.119454786,0.07290946692228317,0.20974154770374298,0.26846107840538025
YIR028W,YKR042W,0,0.11943267,0.07288428395986557,0.20974154770374298,0.26856112480163574
YHR121W,YHL018W,0,0.119385436,0.07285911589860916,0.20974154770374298,0.2686612010002136
YDR143C,YIL114C,0,0.11926775,0.07283396273851395,0.20974154770374298,0.2687612473964691
YIL085C,YKR018C,0,0.1192164,0.07280883193016052,0.20974154770374298,0.268861323595047
YER004W,YGL077C,0,0.11915998,0.07278371602296829,0.20974154770374298,0.2689613699913025
YMR323W,YFR009W,0,0.11909114,0.07275862246751785,0.20974154770374298,0.26906144618988037
YPR151C,YOR344C,0,0.11908534,0.07273354381322861,0.20974154770374298,0.26916149258613586
YHR107C,YOR140W,0,0.11898705,0.07270848006010056,0.20974154770374298,0.26926156878471375
YMR262W,YGR095C,1,0.1189661,0.07302790135145187,0.21073558926582336,0.26926156878471375
YLR144C,YLR393W,0,0.11890826,0.07300275564193726,0.21073558926582336,0.26936161518096924
YER118C,YHR043C,0,0.118904024,0.07297762483358383,0.21073558926582336,0.2694616913795471
YPL132W,YPL181W,0,0.11889614,0.0729525089263916,0.21073558926582336,0.2695617377758026
YJL145W,YBR179C,0,0.11889255,0.07292741537094116,0.21073558926582336,0.2696617841720581
YNL009W,YMR134W,0,0.11889161,0.07290233671665192,0.21073558926582336,0.269761860370636
YML130C,YJL104W,0,0.11878435,0.07287728041410446,0.21073558926582336,0.2698619067668915
YPL241C,YDR037W,0,0.11876096,0.0728522315621376,0.21073558926582336,0.26996198296546936
YNR063W,YCR088W,0,0.11869086,0.07282720506191254,0.21073558926582336,0.27006202936172485
YMR199W,YNL113W,0,0.11855927,0.07280220091342926,0.21073558926582336,0.27016210556030273
YBR132C,YPL230W,0,0.1184634,0.07277720421552658,0.21073558926582336,0.2702621519565582
YJL050W,YKL220C,0,0.11843765,0.07275222986936569,0.21073558926582336,0.2703622281551361
YPL236C,YBR244W,0,0.11843522,0.072727270424366,0.21073558926582336,0.2704622745513916
YML045W,YMR137C,1,0.11842634,0.0730452686548233,0.21172961592674255,0.2704622745513916
YER144C,YPR066W,0,0.11841948,0.07302022725343704,0.21172961592674255,0.2705623507499695
YLR148W,YBR068C,0,0.118363544,0.07299520075321198,0.21172961592674255,0.270662397146225
YPR185W,YKL065C,0,0.11819963,0.0729701966047287,0.21172961592674255,0.27076244354248047
YPL084W,YPL162C,0,0.11817907,0.07294520735740662,0.21172961592674255,0.27086251974105835
YKL018W,YJR125C,0,0.11804414,0.07292023301124573,0.21172961592674255,0.27096256613731384
YOL034W,YBR244W,0,0.118038,0.07289527356624603,0.21172961592674255,0.2710626423358917
YBR103W,YFL050C,0,0.11797981,0.07287033647298813,0.21172961592674255,0.2711626887321472
YNL329C,YJL118W,0,0.11794315,0.07284541428089142,0.21172961592674255,0.2712627649307251
YIR008C,YOR205C,0,0.117920846,0.0728205144405365,0.21172961592674255,0.2713628113269806
YJL104W,YDL165W,0,0.11789931,0.07279562205076218,0.21172961592674255,0.27146288752555847
YML131W,YOR255W,0,0.11787672,0.07277075201272964,0.21172961592674255,0.27156293392181396
YLR320W,YDR519W,0,0.1175711,0.0727459043264389,0.21172961592674255,0.27166301012039185
YGR090W,YDR147W,0,0.117521435,0.07272106409072876,0.21172961592674255,0.27176305651664734
YLR154C,YJR006W,1,0.117456794,0.0730375424027443,0.21272365748882294,0.27176305651664734
YGL011C,YMR244C-A,0,0.11742933,0.07301262021064758,0.21272365748882294,0.2718631327152252
YLR242C,YNL152W,0,0.11742684,0.07298772037029266,0.21272365748882294,0.2719631791114807
YPL124W,YDL156W,0,0.117386,0.07296283543109894,0.21272365748882294,0.2720632255077362
YIR003W,YMR277W,0,0.11738303,0.0729379653930664,0.21272365748882294,0.2721633017063141
YJR043C,YGL055W,0,0.11737327,0.07291311770677567,0.21272365748882294,0.2722633481025696
YPR107C,YGL077C,0,0.11728604,0.07288828492164612,0.21272365748882294,0.27236342430114746
YOL041C,YKL157W,0,0.11717537,0.07286346703767776,0.21272365748882294,0.27246347069740295
YGR195W,YJL208C,1,0.117062226,0.07317903637886047,0.21371769905090332,0.27246347069740295
YMR251W-A,YKR039W,0,0.11696644,0.07315413653850555,0.21371769905090332,0.27256354689598083
YOR118W,YKR045C,0,0.11690909,0.07312925159931183,0.21371769905090332,0.27266359329223633
YBL019W,YMR285C,1,0.116878614,0.07344440370798111,0.2147117257118225,0.27266359329223633
YGL100W,YKL107W,0,0.116813555,0.07341944426298141,0.2147117257118225,0.2727636694908142
YML118W,YNL282W,1,0.116812244,0.07373428344726562,0.2157057672739029,0.2727636694908142
YBL004W,YGL187C,0,0.11671978,0.07370924204587936,0.2157057672739029,0.2728637158870697
YDL064W,YOL034W,0,0.11668153,0.0736842080950737,0.2157057672739029,0.2729637920856476
YML118W,YJL093C,0,0.11657524,0.07365919649600983,0.2157057672739029,0.2730638384819031
YOL142W,YIL080W,1,0.116530254,0.07397352904081345,0.21669979393482208,0.2730638384819031
YCR067C,YER042W,0,0.11623588,0.0739484429359436,0.21669979393482208,0.27316388487815857
YHR188C,YMR277W,0,0.11623253,0.07392336428165436,0.21669979393482208,0.27326396107673645
YBR288C,YBR154C,0,0.11615285,0.0738983079791069,0.21669979393482208,0.27336400747299194
YFL050C,YLL036C,0,0.116069674,0.07387326657772064,0.21669979393482208,0.2734640836715698
YNL224C,YBR167C,0,0.11597492,0.07384824007749557,0.21669979393482208,0.2735641300678253
YLR410W,YNL093W,0,0.115878135,0.0738232284784317,0.21669979393482208,0.2736642062664032
YDR488C,YKR046C,0,0.1158227,0.07379823923110962,0.21669979393482208,0.2737642526626587
YBR127C,YLR178C,0,0.11582023,0.07377326488494873,0.21669979393482208,0.2738643288612366
YDR058C,YGR249W,0,0.11571513,0.07374830543994904,0.21669979393482208,0.27396437525749207
YMR262W,YBL005W-B,1,0.11567725,0.0740615501999855,0.21769383549690247,0.27396437525749207
YPR029C,YKL208W,0,0.11566438,0.07403650879859924,0.21769383549690247,0.27406445145606995
YPL283C,YMR231W,0,0.115642235,0.07401148974895477,0.21769383549690247,0.27416449785232544
YHR018C,YDR267C,0,0.11558445,0.0739864856004715,0.21769383549690247,0.27426454424858093
YBL050W,YLR378C,0,0.11555788,0.07396149635314941,0.21769383549690247,0.2743646204471588
YBR200W,YJR056C,0,0.11555658,0.07393652945756912,0.21769383549690247,0.2744646668434143
YGL032C,YNL272C,0,0.11550085,0.07391157746315002,0.21769383549690247,0.2745647430419922
YPL236C,YER006W,0,0.11545938,0.07388664036989212,0.21769383549690247,0.2746647894382477
YER183C,YGL175C,0,0.11541854,0.07386171817779541,0.21769383549690247,0.27476486563682556
YKL160W,YJL104W,0,0.115409404,0.07383681833744049,0.21769383549690247,0.27486491203308105
YML126C,YPL162C,0,0.11536148,0.07381193339824677,0.21769383549690247,0.27496498823165894
YOR360C,YGL012W,0,0.1153294,0.07378706336021423,0.21769383549690247,0.27506503462791443
YOL128C,YLR174W,0,0.115262225,0.0737622082233429,0.21769383549690247,0.2751651108264923
YCL075W,YBR167C,1,0.11520265,0.07407407462596893,0.21868787705898285,0.2751651108264923
YER144C,YGL257C,0,0.11511199,0.07404914498329163,0.21868787705898285,0.2752651572227478
YKR087C,YEL009C,0,0.11509445,0.07402422279119492,0.21868787705898285,0.2753652334213257
YLR154C,YHR079C,1,0.11493631,0.07433568686246872,0.21968190371990204,0.2753652334213257
YGL099W,YBR199W,0,0.1148033,0.07431069016456604,0.21968190371990204,0.2754652798175812
YMR119W,YBR014C,0,0.11461289,0.07428571581840515,0.21968190371990204,0.27556532621383667
YKR018C,YGR172C,0,0.11460815,0.07426075637340546,0.21968190371990204,0.27566540241241455
YNL047C,YDR255C,0,0.11459708,0.07423580437898636,0.21968190371990204,0.27576544880867004
YBR152W,YMR271C,0,0.1145885,0.07421088218688965,0.21968190371990204,0.2758655250072479
YHR094C,YGL044C,0,0.11444041,0.07418596744537354,0.21968190371990204,0.2759655714035034
YJL177W,YLR095C,0,0.114395455,0.07416107505559921,0.21968190371990204,0.2760656476020813
YML039W,YBR098W,1,0.11437671,0.07447165250778198,0.22067594528198242,0.2760656476020813
YJL177W,YDR331W,0,0.114267364,0.0744466781616211,0.22067594528198242,0.2761656939983368
YBR186W,YDL058W,0,0.11417504,0.074421726167202,0.22067594528198242,0.2762657701969147
YJL204C,YBR019C,0,0.11413278,0.0743967816233635,0.22067594528198242,0.27636581659317017
YPL211W,YGL179C,0,0.1140926,0.07437185943126678,0.22067594528198242,0.27646589279174805
YCR027C,YHR152W,0,0.11393987,0.07434695214033127,0.22067594528198242,0.27656593918800354
YDL159W,YOL039W,0,0.113862306,0.07432205975055695,0.22067594528198242,0.27666598558425903
YDL103C,YPR058W,0,0.11376397,0.07429718971252441,0.22067594528198242,0.2767660617828369
YJL209W,YPR066W,0,0.11370234,0.07427233457565308,0.22067594528198242,0.2768661081790924
YMR052W,YNL083W,0,0.113654345,0.07424749433994293,0.22067594528198242,0.2769661843776703
YOR368W,YGL173C,1,0.11361799,0.07455700635910034,0.2216699868440628,0.2769661843776703
YMR047C,YKL216W,0,0.11351599,0.07453208416700363,0.2216699868440628,0.2770662307739258
YOR344C,YNL224C,0,0.113495946,0.07450718432664871,0.2216699868440628,0.27716630697250366
YHR016C,YHR166C,0,0.11347385,0.07448229938745499,0.2216699868440628,0.27726635336875916
YHR141C,YBR135W,0,0.11343615,0.07445742934942245,0.2216699868440628,0.27736642956733704
YER078C,YHL020C,0,0.11341201,0.07443257421255112,0.2216699868440628,0.27746647596359253
YGL033W,YGR207C,0,0.113380864,0.07440774142742157,0.2216699868440628,0.2775665521621704
YHL022C,YOL021C,1,0.11335869,0.0747164785861969,0.222664013504982,0.2775665521621704
YIL103W,YGR172C,0,0.113109976,0.07469156384468079,0.222664013504982,0.2776665985584259
YBR084C-A,YDL066W,0,0.113104746,0.07466666400432587,0.222664013504982,0.2777666747570038
YCL045C,YKL193C,0,0.112971455,0.07464178651571274,0.222664013504982,0.2778667211532593
YML069W,YAL061W,0,0.112935945,0.0746169239282608,0.222664013504982,0.27796676754951477
YOR328W,YGL234W,0,0.112932816,0.07459207624197006,0.222664013504982,0.27806684374809265
YIR015W,YGR276C,1,0.11274554,0.07490013539791107,0.22365805506706238,0.27806684374809265
YIL158W,YPL003W,0,0.11269772,0.07487520575523376,0.22365805506706238,0.27816689014434814
YKL025C,YNL075W,0,0.112686634,0.07485029846429825,0.22365805506706238,0.278266966342926
YJL139C,YKR086W,0,0.11268236,0.07482540607452393,0.22365805506706238,0.2783670127391815
YPL217C,YPR121W,0,0.11267538,0.0748005285859108,0.22365805506706238,0.2784670889377594
YDL064W,YGL032C,0,0.112648726,0.07477567344903946,0.22365805506706238,0.2785671353340149
YHR034C,YNL035C,0,0.11252518,0.07475083321332932,0.22365805506706238,0.2786672115325928
YLR069C,YMR283C,0,0.11246352,0.07472600787878036,0.22365805506706238,0.27876725792884827
YBL066C,YLR424W,0,0.11240029,0.07470119744539261,0.22365805506706238,0.27886733412742615
YPL084W,YEL009C,0,0.11224532,0.07467640191316605,0.22365805506706238,0.27896738052368164
YML039W,YOR368W,1,0.11215684,0.07498341053724289,0.22465208172798157,0.27896738052368164
YLL005C,YBR167C,0,0.11211704,0.07495854049921036,0.22465208172798157,0.27906742691993713
YNL323W,YOR255W,0,0.1120172,0.07493368536233902,0.22465208172798157,0.279167503118515
YHR141C,YOR153W,0,0.11200218,0.07490885257720947,0.22465208172798157,0.2792675495147705
YDR162C,YJL113W,0,0.11197241,0.07488402724266052,0.22465208172798157,0.2793676257133484
YGL033W,YFL022C,0,0.111926764,0.07485922425985336,0.22465208172798157,0.2794676721096039
YJR086W,YOR293W,0,0.11182541,0.0748344361782074,0.22465208172798157,0.27956774830818176
YGR133W,YNL148C,0,0.111751884,0.07480966299772263,0.22465208172798157,0.27966779470443726
YOR083W,YGR280C,0,0.11174339,0.07478491216897964,0.22465208172798157,0.27976787090301514
YGR049W,YDL161W,0,0.111728534,0.07476016879081726,0.22465208172798157,0.27986791729927063
YGL255W,YDR540C,0,0.11166598,0.07473544776439667,0.22465208172798157,0.2799679934978485
YOR144C,YOR035C,0,0.11165768,0.07471074163913727,0.22465208172798157,0.280068039894104
YFL024C,YKL073W,0,0.1116547,0.07468605786561966,0.22465208172798157,0.2801680862903595
YGR068C,YML029W,0,0.111606285,0.07466138154268265,0.22465208172798157,0.2802681624889374
YDR293C,YDR386W,1,0.11158432,0.07496697455644608,0.22564612329006195,0.2802681624889374
YPL084W,YOL075C,0,0.11155239,0.0749422237277031,0.22564612329006195,0.28036820888519287
YLR424W,YCR097W,0,0.111502916,0.0749174952507019,0.22564612329006195,0.28046828508377075
YER138C,YOL043C,1,0.111488715,0.07522270083427429,0.22664016485214233,0.28046828508377075
YLR332W,YGR261C,0,0.11145036,0.07519789040088654,0.22664016485214233,0.28056833148002625
YDR073W,YDR506C,0,0.111359745,0.07517309486865997,0.22664016485214233,0.2806684076786041
YHR001W,YPL072W,0,0.11135335,0.0751483216881752,0.22664016485214233,0.2807684540748596
YHL033C,YJR014W,0,0.11131938,0.07512355595827103,0.22664016485214233,0.2808685302734375
YGR192C,YJR137C,0,0.11123501,0.07509881258010864,0.22664016485214233,0.280968576669693
YLR307W,YNL139C,0,0.11109598,0.07507408410310745,0.22664016485214233,0.2810686528682709
YKR087C,YPL228W,0,0.11108659,0.07504937797784805,0.22664016485214233,0.28116869926452637
YOR118W,YBL027W,0,0.1110055,0.07502467930316925,0.22664016485214233,0.28126877546310425
YLR166C,YKR022C,0,0.110906914,0.07500000298023224,0.22664016485214233,0.28136882185935974
YLR002C,YPL005W,0,0.11089443,0.07497533410787582,0.22664016485214233,0.28146886825561523
YLR084C,YFL052W,0,0.110872865,0.0749506875872612,0.22664016485214233,0.2815689444541931
YOR255W,YIL157C,0,0.11086896,0.07492606341838837,0.22664016485214233,0.2816689908504486
YBL040C,YLR116W,0,0.11063425,0.07490144670009613,0.22664016485214233,0.2817690670490265
YGL017W,YOR368W,0,0.110407785,0.07487684488296509,0.22664016485214233,0.281869113445282
YBR302C,YOR077W,0,0.110392846,0.07485226541757584,0.22664016485214233,0.28196918964385986
YGR148C,YBR204C,0,0.11035226,0.07482770085334778,0.22664016485214233,0.28206923604011536
YKR045C,YBR293W,0,0.1103313,0.07480315119028091,0.22664016485214233,0.28216931223869324
YOR128C,YPL249C,0,0.11008809,0.07477861642837524,0.22664016485214233,0.28226935863494873
YEL034W,YMR199W,0,0.1100549,0.07475409656763077,0.22664016485214233,0.2823694348335266
YGL043W,YKL208W,0,0.10995846,0.07472959905862808,0.22664016485214233,0.2824694812297821
YBL040C,YLR376C,0,0.10995644,0.074705109000206,0.22664016485214233,0.2825695276260376
YLR274W,YKL148C,0,0.10982231,0.0746806412935257,0.22664016485214233,0.2826696038246155
YAL055W,YLR399C,0,0.10979828,0.07465618848800659,0.22664016485214233,0.28276965022087097
YPR052C,YOR188W,0,0.10979502,0.07463175058364868,0.22664016485214233,0.28286972641944885
YMR234W,YER138C,1,0.10974284,0.07493455708026886,0.22763419151306152,0.28286972641944885
YFR004W,YLR110C,0,0.10968374,0.07491004467010498,0.22763419151306152,0.28296977281570435
YCR102C,YFL034C-A,0,0.109574914,0.0748855471611023,0.22763419151306152,0.2830698490142822
YKR042W,YDR208W,0,0.109553106,0.0748610645532608,0.22763419151306152,0.2831698954105377
YDR104C,YBR008C,0,0.109507546,0.0748366042971611,0.22763419151306152,0.2832699716091156
YLR084C,YKL152C,0,0.10933728,0.074812151491642,0.22763419151306152,0.2833700180053711
YGL208W,YDR291W,0,0.10932848,0.07478772103786469,0.22763419151306152,0.283470094203949
YOR321W,YNR063W,0,0.10925649,0.07476330548524857,0.22763419151306152,0.28357014060020447
YOR339C,YPR052C,0,0.10914469,0.07473890483379364,0.22763419151306152,0.28367021679878235
YGL094C,YGR195W,1,0.1089869,0.0750407800078392,0.2286282330751419,0.28367021679878235
YMR024W,YMR137C,1,0.108970985,0.07534246891736984,0.2296222597360611,0.28367021679878235
YPL020C,YER054C,0,0.10896917,0.07531789690256119,0.2296222597360611,0.28377026319503784
YOL110W,YIL162W,0,0.10873683,0.07529334723949432,0.2296222597360611,0.28387030959129333
YLL028W,YLR117C,0,0.108666286,0.07526881992816925,0.2296222597360611,0.2839703857898712
YLR105C,YMR224C,1,0.10862892,0.07557003200054169,0.23061630129814148,0.2839703857898712
YGL054C,YPL046C,0,0.10862355,0.07554542273283005,0.23061630129814148,0.2840704321861267
YER003C,YNR032W,0,0.10850095,0.0755208358168602,0.23061630129814148,0.2841705083847046
YDL010W,YCR089W,0,0.10846201,0.07549625635147095,0.23061630129814148,0.2842705547809601
YMR266W,YMR167W,0,0.10821709,0.07547169923782349,0.23061630129814148,0.28437063097953796
YDR354W,YEL042W,0,0.1081085,0.07544715702533722,0.23061630129814148,0.28447067737579346
YDR142C,YOL021C,0,0.10805202,0.07542262971401215,0.23061630129814148,0.28457075357437134
YEL055C,YNL003C,0,0.10804157,0.07539811730384827,0.23061630129814148,0.28467079997062683
YER065C,YGR092W,0,0.10800116,0.07537361979484558,0.23061630129814148,0.2847708761692047
YFL024C,YGL099W,0,0.10793541,0.07534913718700409,0.23061630129814148,0.2848709225654602
YNL075W,YER141W,0,0.10792692,0.07532467693090439,0.23061630129814148,0.2849709689617157
YFL024C,YKR065C,0,0.10789142,0.07530022412538528,0.23061630129814148,0.2850710451602936
YDR182W,YNR056C,0,0.10775298,0.07527579367160797,0.23061630129814148,0.2851710915565491
YJL154C,YNL148C,0,0.107576,0.07525137811899185,0.23061630129814148,0.28527116775512695
YIR034C,YGL097W,0,0.10756919,0.07522697746753693,0.23061630129814148,0.28537121415138245
YFR028C,YDR001C,0,0.10756685,0.0752025917172432,0.23061630129814148,0.2854712903499603
YPR029C,YIL097W,0,0.107552305,0.07517822086811066,0.23061630129814148,0.2855713367462158
YJL139C,YCL026C-A,0,0.10755122,0.07515387237071991,0.23061630129814148,0.2856714129447937
YLR034C,YGL079W,0,0.10749905,0.07512953132390976,0.23061630129814148,0.2857714593410492
YDL147W,YIL122W,0,0.10741664,0.0751052126288414,0.23061630129814148,0.2858715355396271
YOR144C,YGR098C,0,0.10740711,0.07508090883493423,0.23061630129814148,0.28597158193588257
YMR044W,YBR199W,0,0.10735451,0.07505661249160767,0.23061630129814148,0.28607162833213806
YGR198W,YBR139W,0,0.10730441,0.07503233850002289,0.23061630129814148,0.28617170453071594
YMR216C,YOR303W,0,0.10728608,0.0750080794095993,0.23061630129814148,0.28627175092697144
YHR191C,YMR044W,0,0.10725483,0.07498384267091751,0.23061630129814148,0.2863718271255493
YER124C,YOR245C,0,0.10718413,0.07495961338281631,0.23061630129814148,0.2864718735218048
YHR063C,YLR110C,0,0.10715294,0.07493539899587631,0.23061630129814148,0.2865719497203827
YBR234C,YGR090W,0,0.10708305,0.0749112069606781,0.23061630129814148,0.2866719961166382
YGR096W,YOR298C-A,0,0.10703903,0.07488702237606049,0.23061630129814148,0.28677207231521606
YNR056C,YCR020W-B,0,0.10691239,0.07486286014318466,0.23061630129814148,0.28687211871147156
YNL071W,YOR375C,0,0.1067477,0.07483871281147003,0.23061630129814148,0.28697219491004944
YLR069C,YPR065W,0,0.1067363,0.074814572930336,0.23061630129814148,0.28707224130630493
YCR027C,YLR155C,0,0.10665549,0.07479045540094376,0.23061630129814148,0.2871723175048828
YNL090W,YGL254W,0,0.10651921,0.07476635277271271,0.23061630129814148,0.2872723639011383
YOR115C,YBR228W,0,0.10648829,0.07474226504564285,0.23061630129814148,0.2873724102973938
YMR121C,YCR033W,0,0.10646988,0.07471819967031479,0.23061630129814148,0.2874724864959717
YAL015C,YDR280W,1,0.10641223,0.0750160962343216,0.23161034286022186,0.2874724864959717
YNL072W,YNL090W,0,0.106213175,0.07499195635318756,0.23161034286022186,0.2875725328922272
YMR060C,YPL249C,0,0.10616517,0.07496782392263412,0.23161034286022186,0.28767260909080505
YBR083W,YMR044W,0,0.10611629,0.07494371384382248,0.23161034286022186,0.28777265548706055
YDL132W,YPR164W,0,0.10599728,0.07491961121559143,0.23161034286022186,0.2878727316856384
YER069W,YKR098C,0,0.105886474,0.07489553093910217,0.23161034286022186,0.2879727780818939
YBR070C,YNR032W,0,0.105844334,0.07487146556377411,0.23161034286022186,0.2880728542804718
YHR124W,YDL010W,0,0.105832666,0.07484741508960724,0.23161034286022186,0.2881729006767273
YHR043C,YPL046C,0,0.10581663,0.07482337951660156,0.23161034286022186,0.2882729768753052
YNL002C,YCR097W,0,0.10579435,0.07479935884475708,0.23161034286022186,0.28837302327156067
YGL134W,YGL038C,0,0.10579198,0.07477535307407379,0.23161034286022186,0.28847306966781616
YBL006C,YMR116C,0,0.10576911,0.0747513622045517,0.23161034286022186,0.28857314586639404
YKL096W,YLR022C,0,0.10575901,0.0747273862361908,0.23161034286022186,0.28867319226264954
YAR071W,YBR083W,0,0.105729714,0.07470343261957169,0.23161034286022186,0.2887732684612274
YHR042W,YLR341W,0,0.10567736,0.07467948645353317,0.23161034286022186,0.2888733148574829
YBR126C,YDL014W,0,0.10566959,0.07465556263923645,0.23161034286022186,0.2889733910560608
YHL022C,YDR237W,0,0.105669126,0.07463164627552032,0.23161034286022186,0.2890734374523163
YAR003W,YLL028W,0,0.105558395,0.07460775226354599,0.23161034286022186,0.28917351365089417
YLR144C,YBL097W,0,0.105328694,0.07458386570215225,0.23161034286022186,0.28927356004714966
YHR016C,YOR295W,0,0.10532069,0.0745600014925003,0.23161034286022186,0.28937363624572754
YJR152W,YJR144W,0,0.10531472,0.07453614473342896,0.23161034286022186,0.28947368264198303
YNL075W,YMR092C,0,0.10528706,0.0745123103260994,0.23161034286022186,0.2895737588405609
YOL115W,YER065C,0,0.10524936,0.07448849081993103,0.23161034286022186,0.2896738052368164
YBR280C,YEL009C,0,0.1052019,0.07446468621492386,0.23161034286022186,0.2897738516330719
YER021W,YOR130C,0,0.1051608,0.07444089651107788,0.23161034286022186,0.2898739278316498
YHR178W,YCR003W,0,0.105020314,0.0744171217083931,0.23161034286022186,0.2899739742279053
YJL047C,YGL133W,0,0.10501145,0.0743933618068695,0.23161034286022186,0.29007405042648315
YLR154C,YER041W,1,0.10484198,0.07468879967927933,0.23260436952114105,0.29007405042648315
YDL159W,YJL074C,0,0.104786776,0.07466496527194977,0.23260436952114105,0.29017409682273865
YLR233C,YLR133W,0,0.10474888,0.0746411457657814,0.23260436952114105,0.29027417302131653
YER146W,YOR003W,0,0.104653135,0.07461734861135483,0.23260436952114105,0.290374219417572
YER019W,YML126C,0,0.10459799,0.07459355890750885,0.23260436952114105,0.2904742956161499
YDR522C,YBL066C,0,0.104552776,0.07456979155540466,0.23260436952114105,0.2905743420124054
YBL027W,YLL054C,0,0.104530685,0.07454603165388107,0.23260436952114105,0.2906744182109833
YJR152W,YGL065C,0,0.10433047,0.07452229410409927,0.23260436952114105,0.29077446460723877
YBR161W,YPR009W,0,0.10431377,0.07449856400489807,0.23260436952114105,0.29087451100349426
YHR063C,YDL150W,0,0.10427353,0.07447485625743866,0.23260436952114105,0.29097458720207214
YLR035C,YIL097W,0,0.10424285,0.07445116341114044,0.23260436952114105,0.29107463359832764
YOL094C,YPL046C,0,0.10401692,0.07442747801542282,0.23260436952114105,0.2911747097969055
YKL188C,YOR205C,0,0.10399128,0.07440381497144699,0.23260436952114105,0.291274756193161
YPL045W,YDR264C,0,0.10397106,0.07438016682863235,0.23260436952114105,0.2913748323917389
YDL193W,YFL034C-A,0,0.103944205,0.07435653358697891,0.23260436952114105,0.2914748787879944
YHL022C,YGR121C,0,0.10393058,0.07433290779590607,0.23260436952114105,0.29157495498657227
YBR201W,YGR231C,0,0.10385181,0.07430930435657501,0.23260436952114105,0.29167500138282776
YPR061C,YHR121W,0,0.10370776,0.07428571581840515,0.23260436952114105,0.29177507758140564
YNL222W,YMR116C,0,0.10365294,0.07426214218139648,0.23260436952114105,0.29187512397766113
YDR162C,YHL013C,0,0.1036173,0.07423857599496841,0.23260436952114105,0.2919751703739166
YDR452W,YGR206W,0,0.103564605,0.07421503216028214,0.23260436952114105,0.2920752465724945
YPR121W,YNL279W,0,0.103551686,0.07419150322675705,0.23260436952114105,0.29217529296875
YPL255W,YNL326C,0,0.10349816,0.07416798919439316,0.23260436952114105,0.2922753691673279
YDR214W,YGR284C,0,0.1034716,0.07414449006319046,0.23260436952114105,0.2923754155635834
YER170W,YPR112C,0,0.10344544,0.07412099838256836,0.23260436952114105,0.29247549176216125
YHR102W,YNR046W,0,0.10341586,0.07409752905368805,0.23260436952114105,0.29257553815841675
YCR102C,YOR312C,0,0.103410676,0.07407407462596893,0.23260436952114105,0.29267561435699463
YPL022W,YDR280W,1,0.10332341,0.07436709105968475,0.23359841108322144,0.29267561435699463
YNL257C,YGR048W,0,0.10323924,0.07434356212615967,0.23359841108322144,0.2927756607532501
YBR228W,YKL113C,1,0.10318993,0.0746363028883934,0.23459245264530182,0.2927756607532501
YGL023C,YLR449W,0,0.103167914,0.07461270689964294,0.23459245264530182,0.292875736951828
YCL011C,YNL252C,0,0.103143856,0.07458912581205368,0.23459245264530182,0.2929757833480835
YFL008W,YGR132C,0,0.103129365,0.07456555962562561,0.23459245264530182,0.2930758595466614
YBL006C,YMR134W,0,0.10304291,0.07454200834035873,0.23459245264530182,0.29317590594291687
YCR079W,YLR110C,0,0.10293658,0.07451847195625305,0.23459245264530182,0.29327595233917236
YJR047C,YEL004W,0,0.102870926,0.07449495047330856,0.23459245264530182,0.29337602853775024
YKL163W,YHR001W,0,0.102717906,0.07447144389152527,0.23459245264530182,0.29347607493400574
YLR027C,YJR129C,0,0.10266736,0.07444795221090317,0.23459245264530182,0.2935761511325836
YJL160C,YDL161W,0,0.10266226,0.07442447543144226,0.23459245264530182,0.2936761975288391
YBL005W-A,YNL229C,0,0.10261153,0.07440100610256195,0.23459245264530182,0.293776273727417
YCR102C,YLR084C,0,0.10254772,0.07437755912542343,0.23459245264530182,0.2938763201236725
YKR013W,YNL222W,0,0.10252051,0.0743541270494461,0.23459245264530182,0.29397639632225037
YHR115C,YNR032W,0,0.10249233,0.07433070987462997,0.23459245264530182,0.29407644271850586
YGR038W,YJL047C,0,0.10239309,0.07430730760097504,0.23459245264530182,0.29417651891708374
YHL022C,YDR208W,0,0.102317445,0.0742839127779007,0.23459245264530182,0.29427656531333923
YCR083W,YPL228W,0,0.102308676,0.07426054030656815,0.23459245264530182,0.2943766117095947
YOR130C,YMR044W,0,0.1022989,0.07423718273639679,0.23459245264530182,0.2944766879081726
YHR039C,YNL106C,0,0.10221794,0.07421384006738663,0.23459245264530182,0.2945767343044281
YBR018C,YKL220C,0,0.10208015,0.07419050484895706,0.23459245264530182,0.294676810503006
YPL228W,YMR305C,0,0.10207807,0.07416719198226929,0.23459245264530182,0.2947768568992615
YLR105C,YLR430W,1,0.10193418,0.0744580551981926,0.235586479306221,0.2947768568992615
YGL086W,YBL019W,0,0.10192185,0.07443467527627945,0.235586479306221,0.29487693309783936
YJR043C,YOL042W,1,0.10189689,0.07472527772188187,0.2365805208683014,0.29487693309783936
YLR205C,YGR132C,0,0.101783745,0.07470182329416275,0.2365805208683014,0.29497697949409485
YGR133W,YIL129C,0,0.101710804,0.07467838376760483,0.2365805208683014,0.29507705569267273
YIL099W,YFL050C,0,0.101612456,0.0746549591422081,0.2365805208683014,0.2951771020889282
YIL127C,YCL038C,0,0.10152996,0.07463154941797256,0.2365805208683014,0.2952771782875061
YNR012W,YMR197C,0,0.101492584,0.07460814714431763,0.2365805208683014,0.2953772246837616
YOL006C,YER026C,0,0.101413935,0.07458476722240448,0.2365805208683014,0.2954773008823395
YGR203W,YJL036W,0,0.10137632,0.07456140220165253,0.2365805208683014,0.29557734727859497
YOR064C,YNL197C,0,0.101359144,0.07453805208206177,0.2365805208683014,0.29567739367485046
YLR138W,YMR323W,0,0.10135162,0.0745147168636322,0.2365805208683014,0.29577746987342834
YKR013W,YIL085C,0,0.10133579,0.07449138909578323,0.2365805208683014,0.29587751626968384
YHR143W-A,YMR244C-A,0,0.101243116,0.07446808367967606,0.2365805208683014,0.2959775924682617
YKL096W,YNL134C,0,0.101215795,0.07444479316473007,0.2365805208683014,0.2960776388645172
YLR051C,YBR239C,0,0.101190194,0.07442151010036469,0.2365805208683014,0.2961777150630951
YGL224C,YAL055W,0,0.10115705,0.07439824938774109,0.2365805208683014,0.2962777614593506
YIL162W,YMR092C,0,0.10107242,0.07437500357627869,0.2365805208683014,0.29637783765792847
YER011W,YJL154C,0,0.10096094,0.07435176521539688,0.2365805208683014,0.29647788405418396
YBR068C,YGR172C,0,0.100915164,0.07432854175567627,0.2365805208683014,0.29657796025276184
YOR229W,YCR028C-A,0,0.10090335,0.07430534064769745,0.2365805208683014,0.29667800664901733
YLR107W,YMR224C,1,0.10088724,0.07459425926208496,0.23757454752922058,0.29667800664901733
YBL050W,YMR014W,0,0.10088302,0.07457098364830017,0.23757454752922058,0.2967780530452728
YDL239C,YLR003C,0,0.100696504,0.07454772293567657,0.23757454752922058,0.2968781292438507
YPL275W,YGL008C,0,0.10064583,0.07452447712421417,0.23757454752922058,0.2969781756401062
YML062C,YJL113W,0,0.10056682,0.07450124621391296,0.23757454752922058,0.2970782518386841
YLR336C,YAL061W,0,0.10054096,0.07447803020477295,0.23757454752922058,0.2971782982349396
YGR203W,YIL063C,0,0.100535996,0.07445482909679413,0.23757454752922058,0.29727837443351746
YLR376C,YOR100C,0,0.10053338,0.0744316428899765,0.23757454752922058,0.29737842082977295
YGR271C-A,YKL127W,0,0.10050779,0.07440847158432007,0.23757454752922058,0.29747849702835083
YJR091C,YOR058C,0,0.10042913,0.07438530772924423,0.23757454752922058,0.2975785434246063
YPL132W,YJR105W,0,0.10033073,0.07436216622591019,0.23757454752922058,0.2976786196231842
YKL027W,YBR077C,0,0.10026863,0.07433903217315674,0.23757454752922058,0.2977786660194397
YOR329C,YKR080W,0,0.100190684,0.07431592047214508,0.23757454752922058,0.2978787124156952
YOR295W,YHR166C,0,0.10017119,0.07429281622171402,0.23757454752922058,0.29797878861427307
YOR255W,YGR091W,0,0.100110665,0.07426973432302475,0.23757454752922058,0.29807883501052856
YGR284C,YBR106W,0,0.10008938,0.07424665987491608,0.23757454752922058,0.29817891120910645
YBR073W,YPL237W,0,0.10008085,0.0742236003279686,0.23757454752922058,0.29827895760536194
YKL071W,YLR022C,0,0.10007488,0.07420055568218231,0.23757454752922058,0.2983790338039398
YOR125C,YKL148C,0,0.0999819,0.07417752593755722,0.23757454752922058,0.2984790802001953
YMR291W,YMR134W,0,0.09986895,0.07415451109409332,0.23757454752922058,0.2985791563987732
YPL055C,YNR075W,0,0.09982855,0.07413151115179062,0.23757454752922058,0.2986792027950287
YDR267C,YNL097C,0,0.09982121,0.07410852611064911,0.23757454752922058,0.29877927899360657
YFR046C,YER119C,0,0.099734135,0.07408555597066879,0.23757454752922058,0.29887932538986206
YGR227W,YER004W,0,0.099722356,0.07406259328126907,0.23757454752922058,0.29897940158843994
YDL052C,YOR205C,0,0.09970033,0.07403965294361115,0.23757454752922058,0.29907944798469543
YOL115W,YOR077W,0,0.09966151,0.07401672005653381,0.23757454752922058,0.2991794943809509
YJR064W,YLR178C,0,0.099500924,0.07399380952119827,0.23757454752922058,0.2992795705795288
YMR323W,YML065W,0,0.09927229,0.07397090643644333,0.23757454752922058,0.2993796169757843
YOL119C,YHR128W,0,0.09927157,0.07394801825284958,0.23757454752922058,0.2994796931743622
YPR121W,YDL044C,0,0.099258624,0.07392514497041702,0.23757454752922058,0.2995797395706177
YDR214W,YML046W,0,0.09914398,0.07390228658914566,0.23757454752922058,0.29967981576919556
YMR047C,YNL099C,0,0.09909613,0.07387944310903549,0.23757454752922058,0.29977986216545105
YAL009W,YKR001C,0,0.09909263,0.07385661453008652,0.23757454752922058,0.29987993836402893
YPL045W,YPR124W,0,0.09907892,0.07383379340171814,0.23757454752922058,0.2999799847602844
YER144C,YDR153C,0,0.098981544,0.07381099462509155,0.23757454752922058,0.3000800609588623
YDR162C,YNL087W,0,0.09896948,0.07378820329904556,0.23757454752922058,0.3001801073551178
YFR046C,YJR077C,0,0.098938614,0.07376543432474136,0.23757454752922058,0.3002801537513733
YDL104C,YMR199W,0,0.09893209,0.07374267280101776,0.23757454752922058,0.30038022994995117
YPL132W,YLR035C,0,0.09877749,0.07371992617845535,0.23757454752922058,0.30048027634620667
YNL067W,YDR123C,0,0.098713,0.07369719445705414,0.23757454752922058,0.30058035254478455
YFL031W,YDR484W,0,0.09870377,0.07367447763681412,0.23757454752922058,0.30068039894104004
YOL013C,YLL036C,0,0.09869534,0.0736517682671547,0.23757454752922058,0.3007804751396179
YKL113C,YMR236W,0,0.098618776,0.07362908124923706,0.23757454752922058,0.3008805215358734
YMR309C,YGR256W,0,0.09854458,0.07360640913248062,0.23757454752922058,0.3009805977344513
YGR074W,YNR049C,0,0.09852479,0.07358374446630478,0.23757454752922058,0.3010806441307068
YKL220C,YER166W,0,0.09851614,0.07356109470129013,0.23757454752922058,0.30118072032928467
YOR344C,YPL057C,0,0.098449126,0.07353845983743668,0.23757454752922058,0.30128076672554016
YLR406C,YBL046W,0,0.09844386,0.07351583987474442,0.23757454752922058,0.30138084292411804
YCR071C,YKR018C,0,0.09842043,0.07349323481321335,0.23757454752922058,0.30148088932037354
YNR051C,YBL009W,0,0.098398656,0.07347064465284348,0.23757454752922058,0.30158093571662903
YOR354C,YKL146W,0,0.0983604,0.0734480619430542,0.23757454752922058,0.3016810119152069
YIR028W,YBR070C,0,0.09832754,0.07342550158500671,0.23757454752922058,0.3017810583114624
YLR148W,YAL042W,0,0.09829346,0.07340294867753983,0.23757454752922058,0.3018811345100403
YBR298C,YDR206W,0,0.09827083,0.07338041067123413,0.23757454752922058,0.3019811809062958
YER021W,YLR308W,0,0.09804512,0.07335788756608963,0.23757454752922058,0.30208125710487366
YMR011W,YMR293C,0,0.09801737,0.07333537936210632,0.23757454752922058,0.30218130350112915
YOL039W,YLR431C,0,0.09786242,0.07331288605928421,0.23757454752922058,0.30228137969970703
YFL016C,YPR121W,0,0.097826526,0.0732904002070427,0.23757454752922058,0.3023814260959625
YKL107W,YDR163W,0,0.0978139,0.07326793670654297,0.23757454752922058,0.3024815022945404
YPR029C,YKR025W,0,0.09776429,0.07324548065662384,0.23757454752922058,0.3025815486907959
YDR214W,YNL270C,0,0.0977569,0.0732230395078659,0.23757454752922058,0.3026815950870514
YNL315C,YGR231C,0,0.09775329,0.07320061326026917,0.23757454752922058,0.3027816712856293
YGL166W,YGL097W,0,0.097732216,0.07317820191383362,0.23757454752922058,0.30288171768188477
YLR297W,YGL245W,0,0.09773007,0.07315579801797867,0.23757454752922058,0.30298179388046265
YGL055W,YOR140W,0,0.09771916,0.07313341647386551,0.23757454752922058,0.30308184027671814
YGR275W,YGR067C,0,0.097710684,0.07311104238033295,0.23757454752922058,0.303181916475296
YBR073W,YOR328W,0,0.09770672,0.07308868318796158,0.23757454752922058,0.3032819628715515
YOL075C,YMR268C,0,0.09764579,0.0730663388967514,0.23757454752922058,0.3033820390701294
YOL080C,YPL022W,1,0.09759201,0.07334963232278824,0.23856858909130096,0.3033820390701294
YGL124C,YML024W,0,0.097587645,0.07332722097635269,0.23856858909130096,0.3034820854663849
YLR077W,YDR484W,0,0.09755792,0.07330482453107834,0.23856858909130096,0.30358216166496277
YML078W,YPR020W,0,0.09746641,0.07328244298696518,0.23856858909130096,0.30368220806121826
YBR229C,YFL008W,0,0.09744917,0.07326007634401321,0.23856858909130096,0.30378228425979614
YKL049C,YNL315C,0,0.09744294,0.07323771715164185,0.23856858909130096,0.30388233065605164
YGR033C,YDR302W,0,0.09740844,0.07321537286043167,0.23856858909130096,0.30398237705230713
YLR406C,YOR208W,0,0.097367235,0.07319304347038269,0.23856858909130096,0.304082453250885
YLR013W,YLR355C,0,0.09735811,0.0731707289814949,0.23856858909130096,0.3041824996471405
YML039W,YJL113W,1,0.09729968,0.07345321774482727,0.23956263065338135,0.3041824996471405
YOL097C,YGL179C,0,0.09727512,0.07343083620071411,0.23956263065338135,0.3042825758457184
YDR099W,YOL137W,0,0.09715448,0.07340846955776215,0.23956263065338135,0.3043826222419739
YIL099W,YDR097C,0,0.097021125,0.07338611781597137,0.23956263065338135,0.30448269844055176
YDR191W,YMR067C,0,0.09701431,0.0733637735247612,0.23956263065338135,0.30458274483680725
YBR290W,YPL057C,0,0.096817195,0.07334145158529282,0.23956263065338135,0.30468282103538513
YNL113W,YKL148C,0,0.09680024,0.07331913709640503,0.23956263065338135,0.3047828674316406
YLR423C,YFL052W,0,0.096763074,0.07329683750867844,0.23956263065338135,0.3048829436302185
YJR088C,YDL213C,0,0.09663465,0.07327455282211304,0.23956263065338135,0.304982990026474
YKL176C,YPL192C,0,0.09663266,0.07325228303670883,0.23956263065338135,0.3050830364227295
YBR302C,YOR339C,0,0.09661344,0.07323002070188522,0.23956263065338135,0.3051831126213074
YKL112W,YPL015C,0,0.09647484,0.07320777326822281,0.23956263065338135,0.30528315901756287
YPL047W,YBR019C,0,0.09642175,0.07318554818630219,0.23956263065338135,0.30538323521614075
YGR275W,YKR003W,0,0.09641926,0.07316333055496216,0.23956263065338135,0.30548328161239624
YDR037W,YER074W-A,0,0.096412785,0.07314112037420273,0.23956263065338135,0.3055833578109741
YAL021C,YLR157C-B,1,0.09630814,0.07342232763767242,0.24055665731430054,0.3055833578109741
YGL234W,YKL084W,0,0.096255526,0.07340005785226822,0.24055665731430054,0.3056834042072296
YLR408C,YNL256W,0,0.09624648,0.07337780296802521,0.24055665731430054,0.3057834804058075
YIL016W,YBL097W,0,0.09619742,0.07335556298494339,0.24055665731430054,0.305883526802063
YML095C,YBR228W,1,0.096164174,0.07363636046648026,0.24155069887638092,0.305883526802063
YIR015W,YML091C,1,0.09613897,0.07391699403524399,0.2425447255373001,0.305883526802063
YIL023C,YGR132C,0,0.096025884,0.07389461249113083,0.2425447255373001,0.30598360300064087
YKL146W,YPR107C,0,0.096000984,0.07387223839759827,0.2425447255373001,0.30608364939689636
YGR158C,YBR012W-B,1,0.09599671,0.07415254414081573,0.2435387670993805,0.30608364939689636
YCL019W,YPR107C,0,0.09598603,0.0741301029920578,0.2435387670993805,0.30618369579315186
YJR090C,YHR065C,0,0.09598501,0.07410768419504166,0.2435387670993805,0.30628377199172974
YDR452W,YLR362W,0,0.09598301,0.07408527284860611,0.2435387670993805,0.30638381838798523
YOL060C,YLL023C,0,0.09593643,0.07406287640333176,0.2435387670993805,0.3064838945865631
YGL175C,YBR012W-B,1,0.09593517,0.07434270530939102,0.24453280866146088,0.3064838945865631
YER021W,YBR227C,0,0.09591441,0.0743202418088913,0.24453280866146088,0.3065839409828186
YGL023C,YOR033C,0,0.09588751,0.07429779320955276,0.24453280866146088,0.3066840171813965
YJL113W,YMR024W,1,0.095807955,0.07457729429006577,0.24552683532238007,0.3066840171813965
YCR034W,YGR098C,0,0.09570582,0.07455478608608246,0.24552683532238007,0.306784063577652
YOL115W,YMR134W,0,0.095704675,0.07453228533267975,0.24552683532238007,0.30688413977622986
YBL019W,YHR062C,1,0.0956728,0.07481146603822708,0.24652087688446045,0.30688413977622986
YML022W,YMR154C,0,0.09566944,0.0747889056801796,0.24652087688446045,0.30698418617248535
YKL188C,YFL003C,0,0.095561646,0.07476635277271271,0.24652087688446045,0.30708426237106323
YHR178W,YPL228W,0,0.09550685,0.07474382221698761,0.24652087688446045,0.3071843087673187
YFR046C,YKL092C,0,0.09548769,0.07472129911184311,0.24652087688446045,0.3072843849658966
YDL002C,YOL148C,0,0.09547867,0.0746987983584404,0.24652087688446045,0.3073844313621521
YML008C,YGL207W,0,0.095328055,0.07467630505561829,0.24652087688446045,0.3074844777584076
YPR025C,YPL230W,0,0.09529324,0.07465382665395737,0.24652087688446045,0.3075845539569855
YDR485C,YNL316C,0,0.095189914,0.07463135570287704,0.24652087688446045,0.30768460035324097
YGR038C-B,YKL193C,0,0.09518647,0.07460890710353851,0.24652087688446045,0.30778467655181885
YNR056C,YOR321W,0,0.09513928,0.07458646595478058,0.24652087688446045,0.30788472294807434
YNL224C,YGR280C,0,0.095062576,0.07456403970718384,0.24652087688446045,0.3079847991466522
YML007W,YDL122W,0,0.095024936,0.07454162836074829,0.24652087688446045,0.3080848455429077
YDL079C,YNL030W,0,0.094833404,0.07451923191547394,0.24652087688446045,0.3081849217414856
YIL063C,YKR025W,0,0.09474893,0.07449684292078018,0.24652087688446045,0.3082849681377411
YGR278W,YER001W,0,0.09464551,0.07447447627782822,0.24652087688446045,0.30838504433631897
YOR083W,YMR083W,0,0.094644055,0.07445211708545685,0.24652087688446045,0.30848509073257446
YDR142C,YNL037C,0,0.09463695,0.07442977279424667,0.24652087688446045,0.30858513712882996
YJR093C,YMR291W,0,0.09454693,0.07440744340419769,0.24652087688446045,0.30868521332740784
YJL151C,YGL022W,0,0.09454559,0.07438512146472931,0.24652087688446045,0.30878525972366333
YJL123C,YDL191W,0,0.0945338,0.07436282187700272,0.24652087688446045,0.3088853359222412
YOL094C,YHR143W-A,0,0.09449027,0.07434052973985672,0.24652087688446045,0.3089853823184967
YKL149C,YNL282W,1,0.09446878,0.07461792230606079,0.24751490354537964,0.3089853823184967
YDL168W,YPL170W,0,0.09445133,0.07459556311368942,0.24751490354537964,0.3090854585170746
YNL316C,YGR166W,0,0.09442461,0.07457322627305984,0.24751490354537964,0.3091855049133301
YPL084W,YOR083W,0,0.09430359,0.07455089688301086,0.24751490354537964,0.30928558111190796
YGL001C,YCL045C,0,0.09427826,0.07452858239412308,0.24751490354537964,0.30938562750816345
YHR164C,YDR280W,1,0.0942716,0.07480550557374954,0.24850894510746002,0.30938562750816345
YML078W,YPL192C,0,0.09419048,0.07478313148021698,0.24850894510746002,0.30948570370674133
YMR189W,YGL032C,0,0.0941264,0.07476076483726501,0.24850894510746002,0.3095857501029968
YFL034C-B,YGL121C,0,0.09407012,0.07473841309547424,0.24850894510746002,0.3096858263015747
YBR098W,YCR035C,1,0.09398174,0.07501494139432907,0.2495029866695404,0.3096858263015747
YDR198C,YLL010C,0,0.093976974,0.07499253004789352,0.2495029866695404,0.3097858726978302
YBR290W,YOL033W,0,0.09389904,0.07497013360261917,0.2495029866695404,0.3098859190940857
YPL024W,YOR133W,0,0.09388363,0.07494774460792542,0.2495029866695404,0.3099859952926636
YGR257C,YNL245C,0,0.093867496,0.07492537051439285,0.2495029866695404,0.31008604168891907
YLR421C,YDR316W,0,0.093866944,0.07490301132202148,0.2495029866695404,0.31018611788749695
YGR271C-A,YDR210W,0,0.093717806,0.07488066703081131,0.2495029866695404,0.31028616428375244
YDR307W,YLR119W,0,0.09368251,0.07485833764076233,0.2495029866695404,0.3103862404823303
YJL209W,YLL042C,0,0.09359901,0.07483601570129395,0.2495029866695404,0.3104862868785858
YBR171W,YPL190C,0,0.093591236,0.07481370866298676,0.2495029866695404,0.3105863630771637
YNR073C,YKL055C,0,0.09354075,0.07479141652584076,0.2495029866695404,0.3106864094734192
YDL126C,YDL004W,0,0.093458556,0.07476913928985596,0.2495029866695404,0.31078648567199707
YLR405W,YDR477W,0,0.09343594,0.07474686950445175,0.2495029866695404,0.31088653206825256
YGL020C,YPL192C,0,0.09335966,0.07472462207078934,0.2495029866695404,0.31098657846450806
YMR135C,YPL228W,0,0.093100816,0.07470238208770752,0.2495029866695404,0.31108665466308594
YLR233C,YML058W,0,0.09309281,0.0746801570057869,0.2495029866695404,0.31118670105934143
YDL111C,YIL080W,1,0.09305677,0.07495538145303726,0.2504970133304596,0.31118670105934143
YDR073W,YOR197W,0,0.0930524,0.07493309676647186,0.2504970133304596,0.3112867772579193
YLR132C,YJR105W,0,0.0930172,0.07491081953048706,0.2504970133304596,0.3113868236541748
YKL073W,YLR110C,0,0.09301444,0.07488855719566345,0.2504970133304596,0.3114868998527527
YOR048C,YHR079C,1,0.092956536,0.07516340166330338,0.2514910399913788,0.3114868998527527
YDR446W,YMR167W,0,0.0929122,0.0751410722732544,0.2514910399913788,0.3115869462490082
YKR060W,YNL177C,0,0.09288189,0.0751187652349472,0.2514910399913788,0.31168702244758606
YJR043C,YDL042C,0,0.09280224,0.07509646564722061,0.2514910399913788,0.31178706884384155
YAL061W,YHR084W,0,0.092761114,0.07507418096065521,0.2514910399913788,0.31188714504241943
YDR522C,YHR143W-A,0,0.092694975,0.07505191117525101,0.2514910399913788,0.3119871914386749
YJR086W,YDR163W,0,0.092665255,0.075029656291008,0.2514910399913788,0.3120872378349304
YMR104C,YDL188C,0,0.09265182,0.07500740885734558,0.2514910399913788,0.3121873140335083
YJL051W,YKR018C,0,0.09264764,0.07498518377542496,0.2514910399913788,0.3122873604297638
YDR316W-B,YAR009C,1,0.09255565,0.0752592608332634,0.25248509645462036,0.3122873604297638
YPL152W,YMR113W,0,0.09244023,0.0752369686961174,0.25248509645462036,0.3123874366283417
YDR339C,YCL020W,0,0.0924395,0.075214684009552,0.25248509645462036,0.31248748302459717
YHR001W,YOL027C,0,0.09243445,0.0751924216747284,0.25248509645462036,0.31258755922317505
YOL017W,YIL044C,0,0.09237849,0.07517016679048538,0.25248509645462036,0.31268760561943054
YGL100W,YDR264C,0,0.09232321,0.07514792680740356,0.25248509645462036,0.3127876818180084
YDR338C,YPL181W,0,0.09220459,0.07512570172548294,0.25248509645462036,0.3128877282142639
YGL033W,YOR360C,0,0.092189364,0.07510349154472351,0.25248509645462036,0.3129878044128418
YDR085C,YJR077C,0,0.092145905,0.07508128881454468,0.25248509645462036,0.3130878508090973
YDL126C,YOR336W,0,0.09202622,0.07505910098552704,0.25248509645462036,0.31318792700767517
YBL036C,YEL026W,0,0.0919749,0.0750369280576706,0.25248509645462036,0.31328797340393066
YPL236C,YLL010C,0,0.09195383,0.07501477003097534,0.25248509645462036,0.31338801980018616
YDR322C-A,YNL088W,0,0.091863744,0.07499261945486069,0.25248509645462036,0.31348809599876404
YOL137W,YDR206W,0,0.09184109,0.07497048377990723,0.25248509645462036,0.31358814239501953
YLR051C,YJR091C,0,0.09182972,0.07494836300611496,0.25248509645462036,0.3136882185935974
YML022W,YNR032W,0,0.09172371,0.07492625713348389,0.25248509645462036,0.3137882649898529
YPL217C,YKL046C,0,0.091568574,0.07490415871143341,0.25248509645462036,0.3138883411884308
YLR342W,YLR376C,0,0.09143465,0.07488207519054413,0.25248509645462036,0.3139883875846863
YGR087C,YDR266C,0,0.091405794,0.07486000657081604,0.25248509645462036,0.31408846378326416
YHR178W,YDR206W,0,0.09130247,0.07483795285224915,0.25248509645462036,0.31418851017951965
YLR059C,YDR386W,1,0.09115758,0.07511045783758163,0.25347912311553955,0.31418851017951965
YGR033C,YKL073W,0,0.09092383,0.07508833706378937,0.25347912311553955,0.31428858637809753
YLR069C,YBL004W,0,0.09089487,0.0750662311911583,0.25347912311553955,0.314388632774353
YPR101W,YFL053W,0,0.090876706,0.07504414021968842,0.25347912311553955,0.3144886791706085
YBR302C,YNL225C,0,0.0908754,0.07502206414937973,0.25347912311553955,0.3145887553691864
YGL255W,YGR091W,0,0.09080468,0.07500000298023224,0.25347912311553955,0.3146888017654419
YKL025C,YDL104C,0,0.09071758,0.07497794926166534,0.25347912311553955,0.3147888779640198
YBR161W,YOR133W,0,0.0906837,0.07495591044425964,0.25347912311553955,0.31488892436027527
YER039C,YGR195W,0,0.09068246,0.07493387907743454,0.25347912311553955,0.31498900055885315
YDR182W,YJR152W,0,0.090595156,0.07491187006235123,0.25347912311553955,0.31508904695510864
YLR116W,YCR008W,0,0.09057517,0.07488986849784851,0.25347912311553955,0.3151891231536865
YML131W,YOL013C,0,0.09056975,0.07486788183450699,0.25347912311553955,0.315289169549942
YGR109C,YDR307W,0,0.09056646,0.07484590262174606,0.25347912311553955,0.3153892457485199
YNL250W,YGL173C,1,0.09053606,0.07511737197637558,0.25447314977645874,0.3153892457485199
YBL040C,YDL066W,0,0.09048861,0.07509533315896988,0.25447314977645874,0.3154892921447754
YGR108W,YDL207W,0,0.090446934,0.07507331669330597,0.25447314977645874,0.31558936834335327
YHL033C,YKR018C,0,0.090446845,0.07505130767822266,0.25447314977645874,0.31568941473960876
YPL170W,YGR098C,0,0.09044212,0.07502930611371994,0.25447314977645874,0.31578946113586426
YCR020W-B,YKR001C,0,0.09030667,0.07500732690095901,0.25447314977645874,0.31588953733444214
YOR210W,YMR047C,0,0.09023006,0.07498535513877869,0.25447314977645874,0.31598958373069763
YML014W,YBR044C,0,0.09003484,0.07496339827775955,0.25447314977645874,0.3160896599292755
YNL225C,YNL152W,0,0.089976475,0.07494144886732101,0.25447314977645874,0.316189706325531
YHL018W,YIL040W,0,0.08992674,0.07491952180862427,0.25447314977645874,0.3162897825241089
YGR215W,YNR039C,0,0.089848064,0.07489760220050812,0.25447314977645874,0.3163898289203644
YCR067C,YLR393W,0,0.08978241,0.07487569749355316,0.25447314977645874,0.31648990511894226
YPR104C,YAR003W,0,0.08962317,0.0748538002371788,0.25447314977645874,0.31658995151519775
YFL050C,YMR044W,0,0.08959764,0.07483191788196564,0.25447314977645874,0.31669002771377563
YCR079W,YML025C,0,0.08958492,0.07481005042791367,0.25447314977645874,0.31679007411003113
YPL228W,YKR039W,0,0.089531854,0.07478819787502289,0.25447314977645874,0.3168901205062866
YPR165W,YGL029W,0,0.08952417,0.07476635277271271,0.25447314977645874,0.3169901967048645
YKL086W,YML118W,0,0.089423284,0.07474452257156372,0.25447314977645874,0.31709024310112
YKL113C,YKL222C,0,0.08938041,0.07472270727157593,0.25447314977645874,0.3171903192996979
YKL071W,YJL160C,0,0.08932687,0.07470090687274933,0.25447314977645874,0.31729036569595337
YGL033W,YMR236W,0,0.08931836,0.07467911392450333,0.25447314977645874,0.31739044189453125
YNR073C,YHR039C,0,0.08927363,0.07465733587741852,0.25447314977645874,0.31749048829078674
YMR288W,YLR256W,0,0.08926125,0.0746355652809143,0.25447314977645874,0.3175905644893646
YER019W,YFL053W,0,0.08923399,0.07461381703615189,0.25447314977645874,0.3176906108856201
YIL049W,YJL203W,0,0.089175195,0.07459207624197006,0.25447314977645874,0.317790687084198
YPL236C,YPR101W,0,0.089012496,0.07457035034894943,0.25447314977645874,0.3178907334804535
YGL131C,YJL154C,0,0.08892723,0.0745486319065094,0.25447314977645874,0.317990779876709
YGL023C,YPL046C,0,0.088926926,0.07452692836523056,0.25447314977645874,0.31809085607528687
YLR070C,YIL131C,0,0.088911384,0.07450523972511292,0.25447314977645874,0.31819090247154236
YCR042C,YOR005C,0,0.08868568,0.07448355853557587,0.25447314977645874,0.31829097867012024
YKR067W,YGL065C,0,0.08867602,0.07446189969778061,0.25447314977645874,0.31839102506637573
YBR126C,YGL008C,0,0.08861277,0.07444024085998535,0.25447314977645874,0.3184911012649536
YNR023W,YDL156W,0,0.0885237,0.07441860437393188,0.25447314977645874,0.3185911476612091
YHR001W,YBR167C,0,0.08846772,0.07439697533845901,0.25447314977645874,0.318691223859787
YBR223C,YML091C,1,0.08839655,0.07466588914394379,0.2554672062397003,0.318691223859787
YJL139C,YPR140W,0,0.08836561,0.07464420795440674,0.2554672062397003,0.3187912702560425
YJR047C,YGL038C,0,0.08829695,0.07462253421545029,0.2554672062397003,0.31889134645462036
YOR361C,YLL042C,0,0.08815156,0.07460086792707443,0.2554672062397003,0.31899139285087585
YDR432W,YHL001W,0,0.08813353,0.07457922399044037,0.2554672062397003,0.31909146904945374
YHR062C,YMR154C,0,0.088123776,0.0745575875043869,0.2554672062397003,0.31919151544570923
YGL001C,YDL005C,0,0.08807697,0.07453596591949463,0.2554672062397003,0.3192915618419647
YOL013C,YBL005W-A,0,0.0880726,0.07451435178518295,0.2554672062397003,0.3193916380405426
YBR079C,YGR091W,0,0.0880674,0.07449275255203247,0.2554672062397003,0.3194916844367981
YJR152W,YKR087C,0,0.08805129,0.07447116822004318,0.2554672062397003,0.319591760635376
YCL038C,YDR352W,0,0.08795758,0.07444959133863449,0.2554672062397003,0.31969180703163147
YLR205C,YGL032C,0,0.08794104,0.07442803680896759,0.2554672062397003,0.31979188323020935
YDR104C,YKL027W,0,0.08792943,0.07440648227930069,0.2554672062397003,0.31989192962646484
YKR013W,YMR164C,0,0.0879149,0.07438495010137558,0.2554672062397003,0.3199920058250427
YGL100W,YGR087C,0,0.08789818,0.07436342537403107,0.2554672062397003,0.3200920522212982
YPR181C,YOL034W,0,0.087861285,0.07434191554784775,0.2554672062397003,0.3201921284198761
YNL221C,YOR048C,1,0.087817796,0.07460960000753403,0.2564612329006195,0.3201921284198761
YBR084C-A,YER166W,0,0.08777246,0.07458803057670593,0.2564612329006195,0.3202921748161316
YCR066W,YOL148C,0,0.08766959,0.07456647604703903,0.2564612329006195,0.3203922212123871
YML025C,YLL028W,0,0.08762993,0.07454492896795273,0.2564612329006195,0.32049229741096497
YGR038W,YBR215W,0,0.087611325,0.07452339679002762,0.2564612329006195,0.32059234380722046
YLR070C,YJL203W,0,0.08750137,0.0745018795132637,0.2564612329006195,0.32069242000579834
YFL055W,YKR039W,0,0.08747872,0.07448036968708038,0.2564612329006195,0.32079246640205383
YBR290W,YHL013C,0,0.0874632,0.07445887476205826,0.2564612329006195,0.3208925426006317
YLR216C,YHR084W,0,0.08742835,0.07443739473819733,0.2564612329006195,0.3209925889968872
YBR221C,YOL089C,0,0.08742311,0.07441592216491699,0.2564612329006195,0.3210926651954651
YGL145W,YGR092W,0,0.08739616,0.07439446449279785,0.2564612329006195,0.3211927115917206
YPR058W,YMR121C,0,0.08729555,0.0743730217218399,0.2564612329006195,0.32129278779029846
YJR056C,YGR027W-A,0,0.08728149,0.07435158640146255,0.2564612329006195,0.32139283418655396
YNL090W,YGR163W,0,0.08726414,0.0743301659822464,0.2564612329006195,0.32149291038513184
YHR124W,YLR135W,0,0.087144665,0.07430875301361084,0.2564612329006195,0.32159295678138733
YPL237W,YGL131C,0,0.08708231,0.07428736239671707,0.2564612329006195,0.3216930031776428
YGL156W,YIL050W,0,0.0870394,0.0742659792304039,0.2564612329006195,0.3217930793762207
YBR203W,YOR361C,0,0.08698798,0.07424460351467133,0.2564612329006195,0.3218931257724762
YAL021C,YPR158W-B,1,0.08697887,0.07451093196868896,0.2574552595615387,0.3218931257724762
YML066C,YBL105C,0,0.08697088,0.07448950409889221,0.2574552595615387,0.3219932019710541
YLR116W,YJL154C,0,0.08696741,0.07446808367967606,0.2574552595615387,0.32209324836730957
YBR139W,YDR316W,0,0.086934924,0.0744466781616211,0.2574552595615387,0.32219332456588745
YGL184C,YDR267C,0,0.08690402,0.07442528754472733,0.2574552595615387,0.32229337096214294
YHR039C,YOR245C,0,0.0868884,0.07440390437841415,0.2574552595615387,0.3223934471607208
YPR029C,YLR275W,0,0.08687113,0.07438253611326218,0.2574552595615387,0.3224934935569763
YEL055C,YPR112C,0,0.08681594,0.07436118274927139,0.2574552595615387,0.3225935697555542
YDR084C,YGR038C-B,0,0.08681176,0.0743398368358612,0.2574552595615387,0.3226936161518097
YPR094W,YEL055C,0,0.08678019,0.07431850582361221,0.2574552595615387,0.3227936625480652
YDL194W,YDR163W,0,0.08672128,0.07429718971252441,0.2574552595615387,0.32289373874664307
YDL126C,YJL177W,0,0.086671576,0.07427588105201721,0.2574552595615387,0.32299378514289856
YDR142C,YNL021W,0,0.08644089,0.0742545872926712,0.2574552595615387,0.32309386134147644
YHR141C,YOL113W,0,0.08639736,0.07423330098390579,0.2574552595615387,0.32319390773773193
YKL049C,YCR069W,0,0.08635597,0.07421203702688217,0.2574552595615387,0.3232939839363098
YBR298C,YBR167C,0,0.08626267,0.07419077306985855,0.2574552595615387,0.3233940303325653
YHR191C,YJL118W,0,0.086240776,0.07416953146457672,0.2574552595615387,0.3234941065311432
YJL010C,YLR178C,0,0.0861572,0.07414829730987549,0.2574552595615387,0.3235941529273987
YEL016C,YLR145W,1,0.08607131,0.07441327720880508,0.2584493160247803,0.3235941529273987
YIL157C,YJR129C,0,0.08595733,0.07439199090003967,0.2584493160247803,0.32369422912597656
YFL034C-A,YPL228W,0,0.08585985,0.07437071204185486,0.2584493160247803,0.32379427552223206
YPR025C,YKL018W,0,0.08576037,0.07434944063425064,0.2584493160247803,0.32389432191848755
YGL130W,YDR484W,0,0.085718766,0.07432818412780762,0.2584493160247803,0.32399439811706543
YGL086W,YML026C,0,0.08567169,0.07430694252252579,0.2584493160247803,0.3240944445133209
YJR063W,YNR052C,1,0.085643895,0.07457143068313599,0.25944334268569946,0.3240944445133209
YOR017W,YPL003W,0,0.08563366,0.07455012947320938,0.25944334268569946,0.3241945207118988
YCR071C,YNR049C,0,0.08559312,0.07452884316444397,0.25944334268569946,0.3242945671081543
YIL121W,YGR128C,0,0.085583895,0.07450756430625916,0.25944334268569946,0.3243946433067322
YIL127C,YOL033W,0,0.085570976,0.07448630034923553,0.25944334268569946,0.32449468970298767
YPL257W-B,YMR050C,1,0.085530445,0.07475035637617111,0.26043736934661865,0.32449468970298767
YGR284C,YNL148C,0,0.08551045,0.07472903281450272,0.26043736934661865,0.32459476590156555
YJL210W,YKL065C,0,0.0854681,0.07470772415399551,0.26043736934661865,0.32469481229782104
YDR142C,YDR506C,0,0.08546384,0.0746864303946495,0.26043736934661865,0.3247948884963989
YNL126W,YOR198C,0,0.08546071,0.0746651440858841,0.26043736934661865,0.3248949348926544
YLR166C,YOL077W-A,0,0.0853516,0.07464387267827988,0.26043736934661865,0.3249950110912323
YKL065C,YNR049C,0,0.08529803,0.07462261617183685,0.26043736934661865,0.3250950574874878
YNL064C,YKL163W,0,0.08523537,0.07460136711597443,0.26043736934661865,0.3251951038837433
YER073W,YOR360C,0,0.08521918,0.0745801329612732,0.26043736934661865,0.32529518008232117
YNL102W,YGR109W-B,1,0.08518298,0.07484348118305206,0.26143142580986023,0.32529518008232117
YOR368W,YNL116W,0,0.08514501,0.07482218742370605,0.26143142580986023,0.32539522647857666
YMR266W,YLR135W,0,0.08513021,0.07480090856552124,0.26143142580986023,0.32549530267715454
YMR263W,YPL081W,0,0.08503169,0.07477964460849762,0.26143142580986023,0.32559534907341003
YDL042C,YLR095C,0,0.08501982,0.0747583881020546,0.26143142580986023,0.3256954252719879
YLR297W,YFR028C,0,0.08493434,0.07473713904619217,0.26143142580986023,0.3257954716682434
YOR361C,YGL187C,0,0.08493231,0.07471591234207153,0.26143142580986023,0.3258955478668213
YIR033W,YBR161W,0,0.08491315,0.0746946856379509,0.26143142580986023,0.3259955942630768
YOR298C-A,YMR044W,0,0.08489551,0.07467348128557205,0.26143142580986023,0.32609567046165466
YDR180W,YPL128C,0,0.08485834,0.0746522843837738,0.26143142580986023,0.32619571685791016
YHR124W,YKR042W,0,0.08484404,0.07463110238313675,0.26143142580986023,0.32629576325416565
YPR183W,YGL047W,0,0.08481562,0.07460992783308029,0.26143142580986023,0.32639583945274353
YLR225C,YGR098C,0,0.08476643,0.07458876818418503,0.26143142580986023,0.326495885848999
YLR275W,YLR449W,0,0.084757805,0.07456762343645096,0.26143142580986023,0.3265959620475769
YGR195W,YOL080C,1,0.08471176,0.07482992857694626,0.2624254524707794,0.3265959620475769
YIL085C,YNL252C,0,0.084677584,0.07480872422456741,0.2624254524707794,0.3266960084438324
YGL255W,YER183C,0,0.08466516,0.07478753477334976,0.2624254524707794,0.3267960846424103
YPL283C,YOR122C,0,0.08459781,0.07476635277271271,0.2624254524707794,0.32689613103866577
YOR094W,YNL272C,0,0.084591344,0.07474518567323685,0.2624254524707794,0.32699620723724365
YNL072W,YCL075W,1,0.08458233,0.07500707358121872,0.2634194791316986,0.32699620723724365
YBR167C,YMR239C,1,0.08455531,0.07526881992816925,0.2644135057926178,0.32699620723724365
YHL013C,YKL209C,0,0.08446254,0.07524752616882324,0.2644135057926178,0.32709625363349915
YAL042W,YMR271C,0,0.084396034,0.07522624731063843,0.2644135057926178,0.327196329832077
YOR056C,YIL017C,0,0.08437912,0.07520497590303421,0.2644135057926178,0.3272963762283325
YLR408C,YGR048W,0,0.08417863,0.07518371939659119,0.2644135057926178,0.3273964524269104
YMR119W,YPL072W,0,0.08407715,0.07516247779130936,0.2644135057926178,0.3274964988231659
YKR067W,YNL177C,0,0.08388926,0.07514124363660812,0.2644135057926178,0.3275965452194214
YKR060W,YPL242C,0,0.083834395,0.07512002438306808,0.2644135057926178,0.32769662141799927
YER016W,YJL203W,0,0.08375743,0.07509881258010864,0.2644135057926178,0.32779666781425476
YOR339C,YFR055W,0,0.083688304,0.0750776156783104,0.2644135057926178,0.32789674401283264
YNL014W,YGL047W,0,0.083538264,0.07505643367767334,0.2644135057926178,0.32799679040908813
YGR278W,YIL168W,0,0.08351098,0.07503525912761688,0.2644135057926178,0.328096866607666
YBR200W,YJL160C,0,0.083498076,0.07501409947872162,0.2644135057926178,0.3281969130039215
YNL316C,YNL327W,0,0.08345103,0.07499295473098755,0.2644135057926178,0.3282969892024994
YBR228W,YNL221C,1,0.08343759,0.07525366544723511,0.2654075622558594,0.3282969892024994
YPR018W,YLL032C,0,0.08329287,0.07523246109485626,0.2654075622558594,0.3283970355987549
YML069W,YCR034W,0,0.083288334,0.07521126419305801,0.2654075622558594,0.32849711179733276
YKR025W,YLR117C,0,0.08323218,0.07519008964300156,0.2654075622558594,0.32859715819358826
YGR027W-B,YMR285C,1,0.083164826,0.07545045018196106,0.26640158891677856,0.32859715819358826
YLR059C,YOR056C,1,0.08307773,0.07571066915988922,0.26739561557769775,0.32859715819358826
YMR236W,YNL099C,0,0.083072856,0.07568936049938202,0.26739561557769775,0.32869720458984375
YMR323W,YLR117C,0,0.08289483,0.07566807419061661,0.26739561557769775,0.32879728078842163
YLR084C,YGL160W,0,0.08286732,0.0756467953324318,0.26739561557769775,0.3288973271846771
YOL146W,YPL192C,0,0.082797006,0.07562552392482758,0.26739561557769775,0.328997403383255
YPR058W,YDR363W,0,0.082783654,0.07560427486896515,0.26739561557769775,0.3290974497795105
YGL207W,YMR170C,0,0.082771584,0.07558302581310272,0.26739561557769775,0.3291975259780884
YBR217W,YCR020W-B,0,0.08274114,0.07556179910898209,0.26739561557769775,0.32929757237434387
YNR032W,YGL150C,0,0.08272804,0.07554057985544205,0.26739561557769775,0.32939764857292175
YMR030W,YDL156W,0,0.08271011,0.0755193680524826,0.26739561557769775,0.32949769496917725
YCL045C,YMR104C,0,0.082638845,0.07549817860126495,0.26739561557769775,0.3295977711677551
YPL055C,YKR080W,0,0.08262234,0.0754769891500473,0.26739561557769775,0.3296978175640106
YNL067W,YLR148W,0,0.08258189,0.07545582205057144,0.26739561557769775,0.3297978639602661
YIL158W,YGR209C,0,0.082566544,0.07543466240167618,0.26739561557769775,0.329897940158844
YEL077C,YKL157W,0,0.08255856,0.07541351020336151,0.26739561557769775,0.3299979865550995
YPL283C,YLR148W,0,0.08253403,0.07539238035678864,0.26739561557769775,0.33009806275367737
YNL097C,YML065W,0,0.08241769,0.07537125051021576,0.26739561557769775,0.33019810914993286
YDR006C,YEL034W,0,0.08237727,0.07535014301538467,0.26739561557769775,0.33029818534851074
YPR020W,YPL037C,0,0.08213796,0.07532904297113419,0.26739561557769775,0.33039823174476624
YJR090C,YBR179C,0,0.08213131,0.0753079503774643,0.26739561557769775,0.3304983079433441
YGR192C,YDR163W,0,0.082065836,0.0752868726849556,0.26739561557769775,0.3305983543395996
YKL152C,YDR163W,0,0.081956774,0.0752658098936081,0.26739561557769775,0.3306984305381775
YLR242C,YMR044W,0,0.08190271,0.07524475455284119,0.26739561557769775,0.330798476934433
YDL002C,YMR199W,0,0.08173508,0.07522371411323547,0.26739561557769775,0.33089855313301086
YGR096W,YAL001C,0,0.08172924,0.07520268112421036,0.26739561557769775,0.33099859952926636
YKL146W,YKL008C,0,0.081705414,0.07518166303634644,0.26739561557769775,0.33109864592552185
YOR234C,YDL236W,0,0.08167081,0.07516065984964371,0.26739561557769775,0.33119872212409973
YBR012W-B,YDR280W,1,0.08158406,0.07541899383068085,0.26838967204093933,0.33119872212409973
YJR043C,YKR087C,0,0.08149102,0.07539793103933334,0.26838967204093933,0.3312987685203552
YIR003W,YMR121C,0,0.08139856,0.07537688314914703,0.26838967204093933,0.3313988447189331
YAR050W,YPL255W,0,0.081269145,0.07535585016012192,0.26838967204093933,0.3314988911151886
YLR069C,YGR247W,0,0.08121537,0.0753348246216774,0.26838967204093933,0.3315989673137665
YOL060C,YDR331W,0,0.08110085,0.07531380653381348,0.26838967204093933,0.331699013710022
YOR144C,YOR010C,0,0.0810906,0.07529280334711075,0.26838967204093933,0.33179908990859985
YCL045C,YAL061W,0,0.08095737,0.07527181506156921,0.26838967204093933,0.33189913630485535
YOL033W,YNL134C,0,0.080952495,0.07525083422660828,0.26838967204093933,0.3319992125034332
YKL222C,YOR198C,0,0.08088502,0.07522986829280853,0.26838967204093933,0.3320992588996887
YPL003W,YLR399C,0,0.080867186,0.07520891726016998,0.26838967204093933,0.3321993052959442
YOL094C,YGR087C,0,0.080826044,0.07518796622753143,0.26838967204093933,0.3322993814945221
YLR116W,YLR084C,0,0.08060819,0.07516703754663467,0.26838967204093933,0.3323994278907776
YJL139C,YHR134W,0,0.0806011,0.07514611631631851,0.26838967204093933,0.33249950408935547
YKL221W,YOL021C,0,0.08038095,0.07512520998716354,0.26838967204093933,0.33259955048561096
YJL177W,YLR110C,0,0.08031389,0.07510431110858917,0.26838967204093933,0.33269962668418884
YLR174W,YOR328W,0,0.08022243,0.075083427131176,0.26838967204093933,0.33279967308044434
YPR101W,YDR163W,0,0.08021018,0.07506255060434341,0.26838967204093933,0.3328997492790222
YKR018C,YOR133W,0,0.080151774,0.07504168897867203,0.26838967204093933,0.3329997956752777
YBL004W,YOR336W,0,0.08004445,0.07502084225416183,0.26838967204093933,0.3330998718738556
YOL006C,YAL055W,0,0.079972506,0.07500000298023224,0.26838967204093933,0.3331999182701111
YNL300W,YKL107W,0,0.079928845,0.07497917115688324,0.26838967204093933,0.33329999446868896
YBR019C,YNL005C,0,0.07990503,0.07495835423469543,0.26838967204093933,0.33340004086494446
YOL058W,YGR280C,0,0.07989748,0.07493755221366882,0.26838967204093933,0.33350008726119995
YDR186C,YML014W,0,0.079871975,0.07491675764322281,0.26838967204093933,0.33360016345977783
YNL316C,YCR042C,0,0.07984729,0.07489597797393799,0.26838967204093933,0.3337002098560333
YBR132C,YIL049W,0,0.07982947,0.07487520575523376,0.26838967204093933,0.3338002860546112
YIL080W,YGL173C,1,0.07974839,0.07513169199228287,0.2693836987018585,0.3338002860546112
YLR272C,YNR075W,0,0.07970089,0.07511086761951447,0.2693836987018585,0.3339003324508667
YOR115C,YGR231C,0,0.07963913,0.07509005069732666,0.2693836987018585,0.3340004086494446
YML046W,YNL113W,0,0.07962466,0.07506924867630005,0.2693836987018585,0.3341004550457001
YEL077C,YPL170W,0,0.07961276,0.07504846155643463,0.2693836987018585,0.33420053124427795
YOL130W,YOR005C,0,0.07956472,0.07502768188714981,0.2693836987018585,0.33430057764053345
YDR147W,YIL040W,0,0.07955911,0.07500691711902618,0.2693836987018585,0.33440065383911133
YGR133W,YIL127C,0,0.07955199,0.07498616725206375,0.2693836987018585,0.3345007002353668
YDR339C,YDR363W,0,0.07955061,0.07496542483568192,0.2693836987018585,0.3346007466316223
YJL203W,YMR231W,0,0.0795317,0.07494468986988068,0.2693836987018585,0.3347008228302002
YBR280C,YHR045W,0,0.07951883,0.07492396980524063,0.2693836987018585,0.3348008692264557
YDR058C,YML093W,0,0.07948375,0.07490326464176178,0.2693836987018585,0.33490094542503357
YOR293W,YAL061W,0,0.079422064,0.07488256692886353,0.2693836987018585,0.33500099182128906
YDR452W,YDR043C,0,0.07933122,0.07486187666654587,0.2693836987018585,0.33510106801986694
YNL102W,YCR035C,1,0.079324305,0.07511737197637558,0.2703777253627777,0.33510106801986694
YMR047C,YOL044W,0,0.07925346,0.07509662955999374,0.2703777253627777,0.33520111441612244
YML095C,YPL123C,1,0.07923837,0.07535191625356674,0.2713717818260193,0.33520111441612244
YGL038C,YGL012W,0,0.079222545,0.07533112913370132,0.2713717818260193,0.3353011906147003
YMR045C,YOL021C,1,0.07921626,0.07558620721101761,0.2723658084869385,0.3353011906147003
YNL075W,YJR017C,0,0.07920401,0.07556536048650742,0.2723658084869385,0.3354012370109558
YDL005C,YPL266W,0,0.07914235,0.07554452866315842,0.2723658084869385,0.3355013132095337
YMR024W,YPL181W,0,0.07913323,0.07552370429039001,0.2723658084869385,0.3356013596057892
YKL213C,YJL122W,0,0.07902928,0.0755028948187828,0.2723658084869385,0.3357014060020447
YDL004W,YOR360C,0,0.078972206,0.0754820927977562,0.2723658084869385,0.33580148220062256
YNL126W,YNL305C,0,0.078853145,0.07546130567789078,0.2723658084869385,0.33590152859687805
YDR322C-A,YHL018W,0,0.07884284,0.07544052600860596,0.2723658084869385,0.33600160479545593
YBL005W-B,YGR161C-D,1,0.078812405,0.07569501549005508,0.27335983514785767,0.33600160479545593
YLR410W,YJL076W,0,0.07878585,0.07567419111728668,0.27335983514785767,0.3361016511917114
YDR034C-D,YPR052C,0,0.07867426,0.07565336674451828,0.27335983514785767,0.3362017273902893
YBR018C,YOR367W,0,0.07865047,0.07563256472349167,0.27335983514785767,0.3363017737865448
YBR228W,YIL010W,0,0.078639135,0.07561177015304565,0.27335983514785767,0.3364018499851227
YCL038C,YDR409W,0,0.07859024,0.07559098303318024,0.27335983514785767,0.3365018963813782
YJL028W,YGL125W,0,0.07849391,0.07557021081447601,0.27335983514785767,0.33660197257995605
YOL094C,YNL315C,0,0.07847679,0.07554945349693298,0.27335983514785767,0.33670201897621155
YDR314C,YKL216W,0,0.07832988,0.07552870362997055,0.27335983514785767,0.33680209517478943
YNR054C,YGL175C,0,0.07824926,0.07550796121358871,0.27335983514785767,0.3369021415710449
YIR007W,YBL067C,0,0.078187704,0.07548723369836807,0.27335983514785767,0.3370021879673004
YKL107W,YNL327W,0,0.07814557,0.07546652108430862,0.27335983514785767,0.3371022641658783
YOL091W,YDR452W,0,0.078085944,0.07544581592082977,0.27335983514785767,0.3372023105621338
YDR153C,YHR094C,0,0.07789388,0.07542512565851212,0.27335983514785767,0.33730238676071167
YDL181W,YFR055W,0,0.07789068,0.07540444284677505,0.27335983514785767,0.33740243315696716
YPL045W,YMR277W,0,0.07779551,0.07538377493619919,0.27335983514785767,0.33750250935554504
YGR090W,YKL176C,0,0.077769294,0.07536311447620392,0.27335983514785767,0.33760255575180054
YAL021C,YMR285C,1,0.07766816,0.07561644166707993,0.27435389161109924,0.33760255575180054
YMR113W,YGR038C-B,0,0.07758192,0.07559572905302048,0.27435389161109924,0.3377026319503784
YDR210C-D,YAR009C,1,0.07755935,0.07584884762763977,0.27534791827201843,0.3377026319503784
YPL053C,YKL163W,0,0.07752615,0.07582808285951614,0.27534791827201843,0.3378026783466339
YGR148C,YER160C,0,0.07745148,0.07580733299255371,0.27534791827201843,0.3379027545452118
YBR021W,YDR264C,0,0.07742688,0.07578659057617188,0.27534791827201843,0.3380028009414673
YLR064W,YFL024C,0,0.077389985,0.07576586306095123,0.27534791827201843,0.3381028473377228
YBR012W-B,YJL208C,1,0.07737961,0.07601859420537949,0.2763419449329376,0.3381028473377228
YMR021C,YER054C,0,0.07728853,0.07599781453609467,0.2763419449329376,0.33820292353630066
YER078C,YHR176W,0,0.077209845,0.07597704231739044,0.2763419449329376,0.33830296993255615
YDR522C,YEL026W,0,0.07713898,0.07595628499984741,0.2763419449329376,0.33840304613113403
YMR263W,YMR309C,0,0.07704524,0.07593553513288498,0.2763419449329376,0.3385030925273895
YOR118W,YOR196C,0,0.07695293,0.07591480016708374,0.2763419449329376,0.3386031687259674
YGL130W,YOR133W,0,0.07692334,0.0758940726518631,0.2763419449329376,0.3387032151222229
YOL075C,YKL084W,0,0.07689256,0.07587336003780365,0.2763419449329376,0.3388032913208008
YCR079W,YDR206W,0,0.076774895,0.0758526623249054,0.2763419449329376,0.3389033377170563
YML066C,YJR056C,0,0.07674998,0.07583197206258774,0.2763419449329376,0.33900341391563416
YMR268C,YPR140W,0,0.07668363,0.07581128925085068,0.2763419449329376,0.33910346031188965
YKR092C,YGL187C,0,0.07664855,0.07579062134027481,0.2763419449329376,0.33920353651046753
YGR068C,YGR163W,0,0.07652804,0.07576996088027954,0.2763419449329376,0.339303582906723
YGL023C,YOR198C,0,0.0764765,0.07574931532144547,0.2763419449329376,0.3394036293029785
YDR506C,YOL077W-A,0,0.0764227,0.07572868466377258,0.2763419449329376,0.3395037055015564
YOL013C,YPR140W,0,0.07641424,0.0757080614566803,0.2763419449329376,0.3396037518978119
YOR188W,YKR065C,0,0.07641321,0.07568744570016861,0.2763419449329376,0.33970382809638977
YCR023C,YKL148C,0,0.07632978,0.07566684484481812,0.2763419449329376,0.33980387449264526
YIL041W,YFL050C,0,0.07624978,0.07564625889062881,0.2763419449329376,0.33990395069122314
YNL021W,YOR100C,0,0.076163486,0.07562568038702011,0.2763419449329376,0.34000399708747864
YIL099W,YPR023C,0,0.076131135,0.075605109333992,0.2763419449329376,0.3401040732860565
YHR141C,YBL071W-A,0,0.07604349,0.07558455318212509,0.2763419449329376,0.340204119682312
YDR480W,YNL279W,0,0.07604335,0.07556401193141937,0.2763419449329376,0.3403041958808899
YJR090C,YKL065C,0,0.07604225,0.07554347813129425,0.2763419449329376,0.3404042422771454
YJL028W,YNL071W,0,0.07602696,0.07552295923233032,0.2763419449329376,0.3405042886734009
YML019W,YKL120W,0,0.07600425,0.07550244778394699,0.2763419449329376,0.34060436487197876
YHR042W,YGR261C,0,0.07599105,0.07548194378614426,0.2763419449329376,0.34070441126823425
YOL008W,YNL169C,0,0.07574958,0.07546145468950272,0.2763419449329376,0.34080448746681213
YDR450W,YPL249C,0,0.075736195,0.07544098049402237,0.2763419449329376,0.3409045338630676
YLR233C,YDR488C,0,0.07570994,0.07542051374912262,0.2763419449329376,0.3410046100616455
YOR284W,YOL077W-A,0,0.07566718,0.07540005445480347,0.2763419449329376,0.341104656457901
YOR298C-A,YNL327W,0,0.07559295,0.07537961006164551,0.2763419449329376,0.3412047326564789
YCL019W,YLR277C,1,0.07558353,0.07563025504350662,0.2773359715938568,0.3412047326564789
YMR190C,YCR008W,0,0.07551192,0.07560975849628448,0.2773359715938568,0.3413047790527344
YFL009W,YOL006C,0,0.07550496,0.07558926939964294,0.2773359715938568,0.34140485525131226
YHL013C,YLR362W,0,0.075480916,0.0755687952041626,0.2773359715938568,0.34150490164756775
YML114C,YLR307W,0,0.07546596,0.07554833590984344,0.2773359715938568,0.34160497784614563
YOL060C,YDR186C,0,0.075426385,0.07552788406610489,0.2773359715938568,0.3417050242424011
YML110C,YDL126C,0,0.075386405,0.07550743967294693,0.2773359715938568,0.3418050706386566
YOL088C,YBR152W,0,0.07529371,0.07548701018095016,0.2773359715938568,0.3419051468372345
YCR073C,YNL021W,0,0.07527194,0.0754665955901146,0.2773359715938568,0.34200519323349
YKL101W,YML014W,0,0.075230524,0.07544618844985962,0.2773359715938568,0.34210526943206787
YHR050W,YGR038C-B,0,0.07517051,0.07542578876018524,0.2773359715938568,0.34220531582832336
YBR083W,YPL228W,0,0.075091414,0.07540540397167206,0.2773359715938568,0.34230539202690125
YCL033C,YER016W,0,0.07506505,0.07538503408432007,0.2773359715938568,0.34240543842315674
YBR228W,YDL102W,1,0.075050846,0.07563479244709015,0.2783300280570984,0.34240543842315674
YDR163W,YPR004C,0,0.07500298,0.07561437040567398,0.2783300280570984,0.3425055146217346
YAL005C,YBR004C,0,0.07497889,0.07559395581483841,0.2783300280570984,0.3426055610179901
YGR109C,YML065W,0,0.074940704,0.07557354867458344,0.2783300280570984,0.342705637216568
YER003C,YLL028W,0,0.074886635,0.07555315643548965,0.2783300280570984,0.3428056836128235
YPR023C,YHR001W,0,0.07477544,0.07553277909755707,0.2783300280570984,0.342905730009079
YBL102W,YKL176C,0,0.074774966,0.07551240921020508,0.2783300280570984,0.34300580620765686
YJL050W,YOR197W,0,0.07476084,0.07549204677343369,0.2783300280570984,0.34310585260391235
YFR051C,YNL177C,0,0.074632525,0.07547169923782349,0.2783300280570984,0.34320592880249023
YDL168W,YNL321W,0,0.07459931,0.07545135915279388,0.2783300280570984,0.3433059751987457
YPR082C,YLR133W,0,0.07458882,0.07543103396892548,0.2783300280570984,0.3434060513973236
YGR287C,YHR143W-A,0,0.07454111,0.07541071623563766,0.2783300280570984,0.3435060977935791
YAL021C,YLR410W-B,1,0.07452764,0.07565966248512268,0.2793240547180176,0.3435060977935791
YDR210C-D,YNL284C-B,1,0.07451666,0.07590848207473755,0.28031808137893677,0.3435060977935791
YDL132W,YBL067C,0,0.07451564,0.07588805258274078,0.28031808137893677,0.343606173992157
YKR081C,YMR113W,0,0.07450349,0.07586763799190521,0.28031808137893677,0.3437062203884125
YJL139C,YPR104C,0,0.07427896,0.07584723085165024,0.28031808137893677,0.34380629658699036
YAR050W,YBL067C,0,0.07423875,0.07582683861255646,0.28031808137893677,0.34390634298324585
YLR071C,YMR029C,0,0.074158974,0.07580645382404327,0.28031808137893677,0.34400638937950134
YHL002W,YBL100W-A,0,0.07410989,0.07578607648611069,0.28031808137893677,0.3441064655780792
YGR161C-D,YOL021C,1,0.07406922,0.07603438943624496,0.28131213784217834,0.3441064655780792
YOL006C,YER166W,0,0.0740074,0.0760139673948288,0.28131213784217834,0.3442065119743347
YKR079C,YDR279W,1,0.0739871,0.07626208662986755,0.28230616450309753,0.3442065119743347
YOL130W,YKL084W,0,0.073968604,0.07624161243438721,0.28230616450309753,0.3443065881729126
YMR283C,YDR037W,0,0.073919095,0.07622114568948746,0.28230616450309753,0.3444066345691681
YLR320W,YPL069C,0,0.073872365,0.0762007012963295,0.28230616450309753,0.34450671076774597
YBR288C,YER169W,0,0.07368635,0.07618025690317154,0.28230616450309753,0.34460675716400146
YLR376C,YPL118W,0,0.07357249,0.07615982741117477,0.28230616450309753,0.34470683336257935
YHL009W-B,YDL111C,1,0.07356906,0.07640750706195831,0.2833001911640167,0.34470683336257935
YDL042C,YDR180W,0,0.07352999,0.07638702541589737,0.2833001911640167,0.34480687975883484
YPL066W,YML075C,0,0.07351093,0.07636655867099762,0.2833001911640167,0.3449069559574127
YFL055W,YNR032W,0,0.073423564,0.07634609937667847,0.2833001911640167,0.3450070023536682
YJL138C,YLR035C,0,0.07339002,0.07632565498352051,0.2833001911640167,0.3451070785522461
YPR020W,YCR048W,0,0.07310376,0.07630521804094315,0.2833001911640167,0.3452071249485016
YCR089W,YKL120W,0,0.07295994,0.07628479599952698,0.2833001911640167,0.3453071713447571
YPR029C,YMR323W,0,0.07295275,0.0762643814086914,0.2833001911640167,0.34540724754333496
YOR141C,YDL214C,0,0.07294061,0.07624398171901703,0.2833001911640167,0.34550729393959045
YCL019W,YEL009C,0,0.0729401,0.07622358947992325,0.2833001911640167,0.34560737013816833
YDR452W,YLR095C,0,0.07290911,0.07620321214199066,0.2833001911640167,0.34570741653442383
YBR018C,YAL042W,0,0.072895534,0.07618284225463867,0.2833001911640167,0.3458074927330017
YJR099W,YBR083W,0,0.07284603,0.07616247981786728,0.2833001911640167,0.3459075391292572
YFL016C,YCR024C-A,0,0.07283051,0.07614213228225708,0.2833001911640167,0.3460076153278351
YLR336C,YML111W,0,0.07283017,0.07612179219722748,0.2833001911640167,0.3461076617240906
YNL009W,YDR037W,0,0.07274786,0.07610146701335907,0.2833001911640167,0.34620773792266846
YDL159W,YLR002C,0,0.07264804,0.07608115673065186,0.2833001911640167,0.34630778431892395
YKL092C,YER074W-A,0,0.07263325,0.07606084644794464,0.2833001911640167,0.34640783071517944
YGL011C,YPR165W,0,0.07248077,0.07604055851697922,0.2833001911640167,0.3465079069137573
YJR064W,YOR375C,0,0.07246657,0.0760202705860138,0.2833001911640167,0.3466079533100128
YGR068C,YOR141C,0,0.07242028,0.07599999755620956,0.2833001911640167,0.3467080295085907
YBR239C,YLR229C,0,0.072337374,0.07597973942756653,0.2833001911640167,0.3468080759048462
YDL226C,YDR363W,0,0.07233641,0.07595948874950409,0.2833001911640167,0.3469081521034241
YOR295W,YIL168W,0,0.07232909,0.07593924552202225,0.2833001911640167,0.34700819849967957
YKL160W,YPL275W,0,0.07225984,0.0759190171957016,0.2833001911640167,0.34710827469825745
YPL211W,YCR024C-A,0,0.07221766,0.07589880377054214,0.2833001911640167,0.34720832109451294
YOL091W,YAL001C,0,0.07199602,0.07587859779596329,0.2833001911640167,0.3473083972930908
YLR242C,YMR244C-A,0,0.0719492,0.07585839927196503,0.2833001911640167,0.3474084436893463
YEL016C,YGR276C,1,0.07193451,0.0761043131351471,0.2842942476272583,0.3474084436893463
YPL060C-A,YOR083W,0,0.07185617,0.07608406245708466,0.2842942476272583,0.3475085198879242
YML038C,YIL121W,0,0.07185219,0.07606382668018341,0.2842942476272583,0.3476085662841797
YGR125W,YGL086W,0,0.07167981,0.07604360580444336,0.2842942476272583,0.3477086126804352
YDL159W,YHL033C,0,0.07149793,0.0760233923792839,0.2842942476272583,0.34780868887901306
YER003C,YDR264C,0,0.07149502,0.07600318640470505,0.2842942476272583,0.34790873527526855
YBR106W,YGR207C,0,0.07139383,0.07598299533128738,0.2842942476272583,0.34800881147384644
YBR070C,YMR251W-A,0,0.07135478,0.07596281170845032,0.2842942476272583,0.34810885787010193
YNL053W,YPL005W,0,0.071300015,0.07594264298677444,0.2842942476272583,0.3482089340686798
YDR349C,YDR339C,0,0.07122426,0.07592248171567917,0.2842942476272583,0.3483089804649353
YGR227W,YDR349C,0,0.07119094,0.07590233534574509,0.2842942476272583,0.3484090566635132
YGR038C-B,YKL113C,1,0.07112112,0.07614751905202866,0.2852882742881775,0.3484090566635132
YER003C,YER018C,0,0.07111515,0.0761273205280304,0.2852882742881775,0.3485091030597687
YBR302C,YNL152W,0,0.071076214,0.07610713690519333,0.2852882742881775,0.34860917925834656
YER016W,YGR240C,0,0.07107139,0.07608695328235626,0.2852882742881775,0.34870922565460205
YPL084W,YGL008C,0,0.07093595,0.07606679201126099,0.2852882742881775,0.34880927205085754
YML039W,YIL080W,1,0.07082909,0.07631160318851471,0.2862823009490967,0.34880927205085754
YNR039C,YKR029C,0,0.07076449,0.07629138976335526,0.2862823009490967,0.3489093482494354
YPR020W,YNR046W,0,0.07075442,0.0762711837887764,0.2862823009490967,0.3490093946456909
YFL002W-A,YML118W,1,0.07067734,0.07651575654745102,0.28727632761001587,0.3490093946456909
YDR365W-B,YLR216C,0,0.07049775,0.07649549841880798,0.28727632761001587,0.3491094708442688
YIL023C,YER018C,0,0.07042528,0.07647525519132614,0.28727632761001587,0.3492095172405243
YGR148C,YLR362W,0,0.07037268,0.0764550268650055,0.28727632761001587,0.3493095934391022
YPL055C,YGL145W,0,0.07016054,0.07643480598926544,0.28727632761001587,0.34940963983535767
YGL125W,YGL077C,0,0.07014505,0.07641459256410599,0.28727632761001587,0.34950971603393555
YPL016W,YDR307W,0,0.07011974,0.07639439404010773,0.28727632761001587,0.34960976243019104
YBR126C,YKR025W,0,0.07001905,0.07637421041727066,0.28727632761001587,0.3497098386287689
YGL023C,YKL209C,0,0.069999725,0.0763540267944336,0.28727632761001587,0.3498098850250244
YJL145W,YNL264C,0,0.06996914,0.07633385807275772,0.28727632761001587,0.3499099314212799
YDL005C,YOR205C,0,0.069964826,0.07631370425224304,0.28727632761001587,0.3500100076198578
YKR013W,YNL186W,0,0.06993236,0.07629355788230896,0.28727632761001587,0.3501100540161133
YKL213C,YPL249C-A,0,0.06992404,0.07627342641353607,0.28727632761001587,0.35021013021469116
YMR202W,YPL265W,0,0.06989567,0.07625329494476318,0.28727632761001587,0.35031017661094666
YOR293W,YKL127W,0,0.06986723,0.07623318582773209,0.28727632761001587,0.35041025280952454
YLR388W,YOR028C,0,0.069829814,0.07621307671070099,0.28727632761001587,0.35051029920578003
YCR066W,YGR140W,0,0.06980142,0.07619298994541168,0.28727632761001587,0.3506103754043579
YDR354W,YDR267C,0,0.0697692,0.07617290318012238,0.28727632761001587,0.3507104218006134
YDR311W,YPR018W,0,0.06962599,0.07615283131599426,0.28727632761001587,0.3508104979991913
YDR450W,YDL122W,0,0.06958168,0.07613277435302734,0.28727632761001587,0.3509105443954468
YOR208W,YBL100W-A,0,0.06956415,0.07611271739006042,0.28727632761001587,0.35101062059402466
YLR226W,YMR044W,0,0.06946795,0.0760926827788353,0.28727632761001587,0.35111066699028015
YPR181C,YGL065C,0,0.06943922,0.07607264816761017,0.28727632761001587,0.35121071338653564
YDR098C-B,YOL103W-B,1,0.06941731,0.07631579041481018,0.28827038407325745,0.35121071338653564
YML093W,YKR039W,0,0.0693976,0.07629571110010147,0.28827038407325745,0.3513107895851135
YJL028W,YIR033W,0,0.06939722,0.07627564668655396,0.28827038407325745,0.351410835981369
YJR007W,YHL018W,0,0.06928459,0.07625558972358704,0.28827038407325745,0.3515109121799469
YGL130W,YGL207W,0,0.0691743,0.07623554021120071,0.28827038407325745,0.3516109585762024
YKR022C,YOR007C,0,0.06915049,0.07621550559997559,0.28827038407325745,0.3517110347747803
YLR013W,YOR100C,0,0.06908764,0.07619547843933105,0.28827038407325745,0.35181108117103577
YDL159W,YKR046C,0,0.0690536,0.07617546617984772,0.28827038407325745,0.35191115736961365
YLR240W,YNL177C,0,0.0690309,0.07615546137094498,0.28827038407325745,0.35201120376586914
YJR047C,YAL001C,0,0.06900546,0.07613547146320343,0.28827038407325745,0.352111279964447
YNR073C,YOR307C,0,0.068979256,0.07611548900604248,0.28827038407325745,0.3522113263607025
YGL065C,YKL139W,0,0.06897302,0.07609551399946213,0.28827038407325745,0.352311372756958
YDL005C,YOR073W,0,0.06889577,0.07607555389404297,0.28827038407325745,0.3524114489555359
YBR221C,YLR453C,0,0.06885854,0.0760556012392044,0.28827038407325745,0.3525114953517914
YGR038C-A,YLR210W,0,0.068820246,0.07603565603494644,0.28827038407325745,0.35261157155036926
YER144C,YGL125W,0,0.068773285,0.07601572573184967,0.28827038407325745,0.35271161794662476
YBR161W,YJL014W,0,0.06876563,0.07599581032991409,0.28827038407325745,0.35281169414520264
YEL009C,YJL020C,0,0.06873726,0.07597589492797852,0.28827038407325745,0.35291174054145813
YGR059W,YDL014W,0,0.068694085,0.07595599442720413,0.28827038407325745,0.353011816740036
YMR024W,YOR083W,0,0.06868588,0.07593610882759094,0.28827038407325745,0.3531118631362915
YKL055C,YDL014W,0,0.068446904,0.07591623067855835,0.28827038407325745,0.3532119393348694
YGL038C,YIL105C,0,0.06842566,0.07589635998010635,0.28827038407325745,0.3533119857311249
YCL019W,YLR135W,1,0.068422645,0.07613814622163773,0.28926441073417664,0.3533119857311249
YJL010C,YOR202W,0,0.06841859,0.07611823081970215,0.28926441073417664,0.35341206192970276
YLL036C,YNR032W,0,0.06841412,0.07609832286834717,0.28926441073417664,0.35351210832595825
YDR331W,YOR153W,0,0.068385445,0.07607842981815338,0.28926441073417664,0.35361215472221375
YGL079W,YDR163W,0,0.06831356,0.07605854421854019,0.28926441073417664,0.3537122309207916
YNL265C,YLR399C,0,0.0682763,0.0760386735200882,0.28926441073417664,0.3538122773170471
YDL025C,YNL097C,0,0.06826,0.0760188102722168,0.28926441073417664,0.353912353515625
YPL072W,YHR128W,0,0.06820679,0.075998954474926,0.28926441073417664,0.3540123999118805
YER119C,YBR228W,0,0.06820602,0.07597911357879639,0.28926441073417664,0.3541124761104584
YOL017W,YBR227C,0,0.068165764,0.07595928013324738,0.28926441073417664,0.35421252250671387
YLR376C,YBR204C,0,0.068137355,0.07593945413827896,0.28926441073417664,0.35431259870529175
YNL071W,YER006W,0,0.06812393,0.07591964304447174,0.28926441073417664,0.35441264510154724
YKL113C,YJR125C,0,0.06808519,0.07589984685182571,0.28926441073417664,0.3545127213001251
YAR050W,YIR010W,0,0.06808378,0.07588005065917969,0.28926441073417664,0.3546127676963806
YKL027W,YOR312C,0,0.06808115,0.07586026936769485,0.28926441073417664,0.3547128140926361
YFL002W-A,YDL185W,1,0.06804365,0.07610112428665161,0.2902584373950958,0.3547128140926361
YGL160W,YOR214C,0,0.06800108,0.0760812908411026,0.2902584373950958,0.354812890291214
YJR090C,YLR275W,0,0.06798329,0.07606147229671478,0.2902584373950958,0.3549129366874695
YMR092C,YBR167C,0,0.06798117,0.07604166865348816,0.2902584373950958,0.35501301288604736
YOL033W,YFL034C-A,0,0.0679504,0.07602187246084213,0.2902584373950958,0.35511305928230286
YKL146W,YLR027C,0,0.06792876,0.0760020837187767,0.2902584373950958,0.35521313548088074
YLR240W,YDR043C,0,0.06791138,0.07598230242729187,0.2902584373950958,0.35531318187713623
YML064C,YOR144C,0,0.06789566,0.07596253603696823,0.2902584373950958,0.3554132580757141
YDR302W,YOR077W,0,0.06789303,0.07594278454780579,0.2902584373950958,0.3555133044719696
YMR197C,YER124C,0,0.06784344,0.07592304050922394,0.2902584373950958,0.3556133806705475
YJR090C,YOR208W,0,0.06784031,0.07590330392122269,0.2902584373950958,0.355713427066803
YER026C,YBR018C,0,0.06782952,0.07588357478380203,0.2902584373950958,0.35581347346305847
YHR034C,YJR137C,0,0.067800045,0.07586386054754257,0.2902584373950958,0.35591354966163635
YGR209C,YBL066C,0,0.06761512,0.07584415376186371,0.2902584373950958,0.35601359605789185
YBL084C,YFL062W,0,0.0675727,0.07582446187734604,0.2902584373950958,0.3561136722564697
YDR073W,YMR291W,0,0.067551814,0.07580477744340897,0.2902584373950958,0.3562137186527252
YHR065C,YBR293W,0,0.06741813,0.07578510046005249,0.2902584373950958,0.3563137948513031
YJR047C,YBR288C,0,0.06740919,0.07576543837785721,0.2902584373950958,0.3564138412475586
YLR132C,YKL046C,0,0.0672293,0.07574578374624252,0.2902584373950958,0.3565139174461365
YJL154C,YOR312C,0,0.0671929,0.07572614401578903,0.2902584373950958,0.35661396384239197
YCR079W,YGR140W,0,0.067164466,0.07570650428533554,0.2902584373950958,0.35671404004096985
YGR038C-B,YLR424W,0,0.067085,0.07568688690662384,0.2902584373950958,0.35681408643722534
YMR045C,YBL055C,1,0.06698483,0.07592640817165375,0.2912524938583374,0.35681408643722534
YGL130W,YAL014C,0,0.06697264,0.07590673863887787,0.2912524938583374,0.3569141626358032
YOL128C,YER021W,0,0.06695666,0.07588707655668259,0.2912524938583374,0.3570142090320587
YHR072W-A,YLR110C,0,0.06694242,0.0758674293756485,0.2912524938583374,0.3571142554283142
YPL023C,YML007W,0,0.06680826,0.07584778964519501,0.2912524938583374,0.3572143316268921
YFR042W,YNL275W,0,0.066801056,0.07582815736532211,0.2912524938583374,0.3573143780231476
YBR098W,YLR368W,0,0.066781566,0.07580853998661041,0.2912524938583374,0.35741445422172546
YLR157C-B,YMR216C,0,0.066750035,0.07578893005847931,0.2912524938583374,0.35751450061798096
YIL082W-A,YLL042C,0,0.06669287,0.0757693275809288,0.2912524938583374,0.35761457681655884
YCR066W,YLR216C,0,0.066627316,0.07574974000453949,0.2912524938583374,0.35771462321281433
YGL001C,YGR280C,0,0.06661748,0.07573015987873077,0.2912524938583374,0.3578146994113922
YJR137C,YFL008W,0,0.066600025,0.07571059465408325,0.2912524938583374,0.3579147458076477
YOR312C,YLR229C,0,0.06652488,0.07569103688001633,0.2912524938583374,0.3580148220062256
YKL101W,YBL003C,0,0.06643154,0.07567148655653,0.2912524938583374,0.3581148684024811
YNL021W,YKL055C,0,0.06642104,0.07565195113420486,0.2912524938583374,0.3582149147987366
YLR069C,YNL099C,0,0.06640155,0.07563242316246033,0.2912524938583374,0.35831499099731445
YHR016C,YER122C,0,0.06638254,0.07561290264129639,0.2912524938583374,0.35841503739356995
YPR121W,YCL020W,0,0.06636151,0.07559339702129364,0.2912524938583374,0.3585151135921478
YMR164C,YGL065C,0,0.066347785,0.07557389885187149,0.2912524938583374,0.3586151599884033
YLR027C,YBL071W-A,0,0.066338465,0.07555440813302994,0.2912524938583374,0.3587152361869812
YKL221W,YNR075W,0,0.06627846,0.07553493231534958,0.2912524938583374,0.3588152825832367
YIR028W,YLR210W,0,0.06615375,0.07551546394824982,0.2912524938583374,0.3589153587818146
YNL316C,YNL088W,0,0.06614673,0.07549600303173065,0.2912524938583374,0.35901540517807007
YOR234C,YOR058C,0,0.066119805,0.07547655701637268,0.2912524938583374,0.35911548137664795
YDR316W-B,YHR214C-B,1,0.06597343,0.07571465522050858,0.2922465205192566,0.35911548137664795
YGR121C,YDL020C,0,0.0658921,0.07569515705108643,0.2922465205192566,0.35921552777290344
YBR127C,YDR258C,0,0.065880485,0.07567567378282547,0.2922465205192566,0.3593156039714813
YPR058W,YLR399C,0,0.065725155,0.07565620541572571,0.2922465205192566,0.3594156503677368
YOR197W,YKL157W,0,0.065574974,0.07563673704862595,0.2922465205192566,0.3595156967639923
YPL029W,YOR344C,0,0.06557078,0.07561728358268738,0.2922465205192566,0.3596157729625702
YKL213C,YJL203W,0,0.065568894,0.0755978375673294,0.2922465205192566,0.3597158193588257
YDR017C,YHR200W,0,0.065491214,0.07557840645313263,0.2922465205192566,0.35981589555740356
YJR095W,YDR382W,0,0.06545585,0.07555898278951645,0.2922465205192566,0.35991594195365906
YLR154C,YLR143W,1,0.06531668,0.07579650729894638,0.2932405471801758,0.35991594195365906
YMR216C,YNL030W,0,0.06529644,0.07577703893184662,0.2932405471801758,0.36001601815223694
YPR061C,YML014W,0,0.06529178,0.07575757801532745,0.2932405471801758,0.36011606454849243
YLR277C,YGR161W-B,1,0.06526178,0.07599486410617828,0.29423460364341736,0.36011606454849243
YDR202C,YOL039W,0,0.06524578,0.07597535848617554,0.29423460364341736,0.3602161407470703
YER016W,YAL047C,0,0.06519066,0.07595586031675339,0.29423460364341736,0.3603161871433258
YML039W,YGR161C-D,1,0.06515925,0.07619292289018631,0.29522863030433655,0.3603161871433258
YLR059C,YGR027W-B,1,0.06514551,0.07642985135316849,0.29622265696525574,0.3603161871433258
YPL030W,YIL168W,0,0.06511313,0.07641025632619858,0.29622265696525574,0.3604162633419037
YIL049W,YEL020C,0,0.06501764,0.07639066874980927,0.29622265696525574,0.3605163097381592
YPR158C-D,YMR050C,1,0.064963,0.07662737369537354,0.2972167134284973,0.3605163097381592
YOR328W,YKR086W,0,0.06495823,0.07660773396492004,0.2972167134284973,0.3606163561344147
YGR038C-B,YOL130W,0,0.06494207,0.07658811658620834,0.2972167134284973,0.36071643233299255
YGR161C-D,YMR137C,1,0.06485993,0.07682458311319351,0.2982107400894165,0.36071643233299255
YDR210W-B,YPR158W-B,1,0.06478123,0.07706093043088913,0.2992047667503357,0.36071643233299255
YDL194W,YLR449W,0,0.0647456,0.07704120874404907,0.2992047667503357,0.36081647872924805
YLR166C,YIL158W,0,0.064704716,0.07702149450778961,0.2992047667503357,0.3609165549278259
YGR163W,YLR341W,0,0.064689174,0.07700178772211075,0.2992047667503357,0.3610166013240814
YFR051C,YMR271C,0,0.064663365,0.07698209583759308,0.2992047667503357,0.3611166775226593
YDR316W-B,YLR227W-B,1,0.06456307,0.07721810042858124,0.3001987934112549,0.3611166775226593
YBR203W,YNL245C,0,0.064548194,0.07719836384057999,0.3001987934112549,0.3612167239189148
YDR162C,YPR079W,0,0.06449541,0.07717863470315933,0.3001987934112549,0.3613168001174927
YIL049W,YBR167C,0,0.064438656,0.07715891301631927,0.3001987934112549,0.36141684651374817
YCL026C-A,YPR121W,0,0.0643913,0.07713920623064041,0.3001987934112549,0.36151692271232605
YFL016C,YHR152W,0,0.06436756,0.07711950689554214,0.3001987934112549,0.36161696910858154
YER026C,YPL005W,0,0.06435045,0.07709982246160507,0.3001987934112549,0.36171701550483704
YIL105C,YLR378C,0,0.06429288,0.0770801454782486,0.3001987934112549,0.3618170917034149
YJR091C,YCR023C,0,0.06428987,0.07706047594547272,0.3001987934112549,0.3619171380996704
YDR027C,YJL138C,0,0.06417784,0.07704081386327744,0.3001987934112549,0.3620172142982483
YPR158W-B,YDL227C,1,0.06401346,0.07727620750665665,0.30119284987449646,0.3620172142982483
YHR191C,YMR014W,0,0.06399049,0.07725650072097778,0.30119284987449646,0.3621172606945038
YMR052W,YDR522C,0,0.06396648,0.07723680883646011,0.30119284987449646,0.36221733689308167
YGR048W,YLL010C,0,0.06395884,0.07721712440252304,0.30119284987449646,0.36231738328933716
YHR164C,YGR027W-B,1,0.063840844,0.07745222747325897,0.30218687653541565,0.36231738328933716
YMR164C,YIR010W,0,0.06383889,0.07743249833583832,0.30218687653541565,0.36241745948791504
YPR158W-B,YAR009C,1,0.063815445,0.07766743004322052,0.30318090319633484,0.36241745948791504
YJL204C,YNL075W,0,0.063815325,0.07764765620231628,0.30318090319633484,0.36251750588417053
YLR157C-A,YFL009W,0,0.06371578,0.07762789726257324,0.30318090319633484,0.3626175820827484
YLR410W,YBR228W,0,0.06361751,0.0776081457734108,0.30318090319633484,0.3627176284790039
YDR363W,YOR171C,0,0.06355034,0.07758840173482895,0.30318090319633484,0.3628177046775818
YDR143C,YER157W,0,0.063497595,0.0775686651468277,0.30318090319633484,0.3629177510738373
YHR124W,YJL210W,0,0.063491024,0.07754894345998764,0.30318090319633484,0.3630177974700928
YPR164W,YGR207C,0,0.063327074,0.07752922922372818,0.30318090319633484,0.36311787366867065
YCR079W,YKR024C,0,0.06326252,0.07750952988862991,0.30318090319633484,0.36321792006492615
YNL221C,YKL025C,1,0.06305075,0.07774390280246735,0.3041749596595764,0.36321792006492615
YDR210W-A,YKR024C,0,0.06299424,0.0777241587638855,0.3041749596595764,0.36331799626350403
YEL020C,YOL060C,0,0.062978975,0.07770442217588425,0.3041749596595764,0.3634180426597595
YGR257C,YLR340W,0,0.06292491,0.07768469303846359,0.3041749596595764,0.3635181188583374
YPR094W,YPL249C,0,0.06283292,0.07766497135162354,0.3041749596595764,0.3636181652545929
YER065C,YHR042W,0,0.06281558,0.07764526456594467,0.3041749596595764,0.3637182414531708
YKL071W,YDR191W,0,0.062788665,0.077625572681427,0.3041749596595764,0.36381828784942627
YJL047C,YOL001W,0,0.06278849,0.07760588079690933,0.3041749596595764,0.36391836404800415
YNR023W,YKL176C,0,0.06246926,0.07758620381355286,0.3041749596595764,0.36401841044425964
YAL033W,YOR343W-B,1,0.062401652,0.07782002538442612,0.3051689863204956,0.36401841044425964
YNL177C,YCR034W,0,0.06239292,0.07780030369758606,0.3051689863204956,0.36411845684051514
YPR158W-B,YER138C,1,0.062238142,0.078033946454525,0.3061630129814148,0.36411845684051514
YKL073W,YER004W,0,0.062237218,0.07801418751478195,0.3061630129814148,0.364218533039093
YDR034C-D,YDL194W,0,0.06222886,0.07799442857503891,0.3061630129814148,0.3643185794353485
YDR316W-B,YPR158W-B,1,0.06217082,0.07822784781455994,0.30715706944465637,0.3643185794353485
YAL021C,YDR210W-B,1,0.062134698,0.07846114784479141,0.30815109610557556,0.3643185794353485
YKR098C,YGR013W,0,0.06209357,0.07844129204750061,0.30815109610557556,0.3644186556339264
YJL159W,YGL044C,0,0.06208191,0.078421451151371,0.30815109610557556,0.3645187020301819
YER118C,YKR086W,0,0.062074274,0.07840161770582199,0.30815109610557556,0.36461877822875977
YOR336W,YDR255C,0,0.062029406,0.07838179171085358,0.30815109610557556,0.36471882462501526
YLL005C,YDL191W,0,0.061983116,0.07836198061704636,0.30815109610557556,0.36481890082359314
YKR010C,YHR134W,0,0.061965793,0.07834217697381973,0.30815109610557556,0.36491894721984863
YML029W,YKR045C,0,0.061939992,0.0783223882317543,0.30815109610557556,0.3650190234184265
YGR038C-B,YGL175C,1,0.061935887,0.07855518907308578,0.30914512276649475,0.3650190234184265
YMR059W,YHR079C,1,0.061935082,0.07878787815570831,0.31013917922973633,0.3650190234184265
YML110C,YHL009W-A,0,0.061870694,0.07876798510551453,0.31013917922973633,0.365119069814682
YBL040C,YDR097C,0,0.061870016,0.07874810695648193,0.31013917922973633,0.3652191460132599
YMR263W,YNL316C,0,0.061826587,0.07872823625802994,0.31013917922973633,0.3653191924095154
YBR200W,YLR233C,0,0.061779976,0.07870837301015854,0.31013917922973633,0.3654192388057709
YDR294C,YPL060C-A,0,0.061768748,0.07868852466344833,0.31013917922973633,0.36551931500434875
YOR140W,YHR166C,0,0.061743386,0.07866868376731873,0.31013917922973633,0.36561936140060425
YNL037C,YJR161C,0,0.061700925,0.07864885032176971,0.31013917922973633,0.36571943759918213
YCR088W,YDL239C,0,0.06169583,0.0786290317773819,0.31013917922973633,0.3658194839954376
YML111W,YDL191W,0,0.061665908,0.07860922068357468,0.31013917922973633,0.3659195601940155
YOL115W,YLR069C,0,0.061624646,0.07858941704034805,0.31013917922973633,0.366019606590271
YHR141C,YPL270W,0,0.061583072,0.07856962829828262,0.31013917922973633,0.3661196827888489
YJL028W,YFL018C,0,0.061559096,0.07854984700679779,0.31013917922973633,0.36621972918510437
YPL268W,YGR068C,0,0.061539985,0.07853008061647415,0.31013917922973633,0.36631980538368225
YIL063C,YNL005C,0,0.061435863,0.07851031422615051,0.31013917922973633,0.36641985177993774
YDL005C,YLL042C,0,0.061410904,0.07849056273698807,0.31013917922973633,0.36651989817619324
YBL046W,YGL245W,0,0.06140414,0.07847082614898682,0.31013917922973633,0.3666199743747711
YOL060C,YBL071W-A,0,0.06133125,0.07845109701156616,0.31013917922973633,0.3667200207710266
YHR072W-A,YKL157W,0,0.0612453,0.0784313753247261,0.31013917922973633,0.3668200969696045
YOL006C,YHR104W,0,0.06123157,0.07841166108846664,0.31013917922973633,0.36692014336586
YJR113C,YDR099W,0,0.06115426,0.07839196175336838,0.31013917922973633,0.36702021956443787
YOL119C,YMR068W,0,0.061029404,0.07837226986885071,0.31013917922973633,0.36712026596069336
YNL053W,YDL222C,0,0.061011538,0.07835258543491364,0.31013917922973633,0.36722034215927124
YPR061C,YML072C,0,0.06098237,0.07833291590213776,0.31013917922973633,0.36732038855552673
YOR033C,YNL102W,1,0.06094806,0.07856425642967224,0.3111332058906555,0.36732038855552673
YMR050C,YKL025C,1,0.060903877,0.07879548519849777,0.3121272325515747,0.36732038855552673
YLR084C,YNL275W,0,0.060863093,0.07877571135759354,0.3121272325515747,0.3674204647541046
YOL088C,YDR488C,0,0.060715854,0.07875595986843109,0.3121272325515747,0.3675205111503601
YNL232W,YIR015W,1,0.060713373,0.07898695766925812,0.3131212592124939,0.3675205111503601
YFL002W-A,YKL011C,1,0.060630046,0.07921785116195679,0.3141153156757355,0.3675205111503601
YAL032C,YNR039C,0,0.06061551,0.07919799536466599,0.3141153156757355,0.3676205575466156
YLR227W-B,YOR048C,1,0.06046532,0.07942871749401093,0.31510934233665466,0.3676205575466156
YML114C,YOR003W,0,0.060328223,0.07940881699323654,0.31510934233665466,0.3677206337451935
YLR388W,YBR265W,0,0.060260713,0.07938893139362335,0.31510934233665466,0.367820680141449
YCL019W,YBR210W,0,0.060232416,0.07936905324459076,0.31510934233665466,0.36792075634002686
YLR034C,YLR229C,0,0.060171053,0.07934918999671936,0.31510934233665466,0.36802080273628235
YCL038C,YBR088C,0,0.060134053,0.07932932674884796,0.31510934233665466,0.36812087893486023
YDR519W,YBR070C,0,0.060125604,0.07930947840213776,0.31510934233665466,0.3682209253311157
YFL002W-A,YKR056W,1,0.0600508,0.07953976839780807,0.31610336899757385,0.3682209253311157
YDL002C,YMR119W,0,0.060030952,0.07951988279819489,0.31610336899757385,0.3683210015296936
YDR225W,YBR004C,0,0.060022585,0.0794999971985817,0.31610336899757385,0.3684210479259491
YBL050W,YGR041W,0,0.059992038,0.0794801265001297,0.31610336899757385,0.368521124124527
YAR071W,YLR222C,0,0.05997382,0.0794602707028389,0.31610336899757385,0.36862117052078247
YJR014W,YMR154C,0,0.05988562,0.07944042235612869,0.31610336899757385,0.36872124671936035
YGR038C-B,YOL089C,0,0.059838265,0.07942058145999908,0.31610336899757385,0.36882129311561584
YDR191W,YGL065C,0,0.05981809,0.07940074801445007,0.31610336899757385,0.36892133951187134
YAL033W,YPL257W-B,1,0.059744895,0.07963055372238159,0.31709742546081543,0.36892133951187134
YLR242C,YGR198W,0,0.05968915,0.0796106830239296,0.31709742546081543,0.3690214157104492
YBR298C,YMR154C,0,0.059647284,0.0795908197760582,0.31709742546081543,0.3691214621067047
YDL178W,YHR143W-A,0,0.059598148,0.0795709639787674,0.31709742546081543,0.3692215383052826
YOL006C,YGL150C,0,0.059542328,0.07955112308263779,0.31709742546081543,0.3693215847015381
YNL090W,YOR298C-A,0,0.059532903,0.07953128963708878,0.31709742546081543,0.36942166090011597
YPL257W-B,YNL284C-B,1,0.059488937,0.07976071536540985,0.3180914521217346,0.36942166090011597
YML045W,YBL005W-B,1,0.0594832,0.07999002933502197,0.3190854787826538,0.36942166090011597
YIL049W,YKL137W,0,0.059480116,0.0799701064825058,0.3190854787826538,0.36952170729637146
YBR217W,YGR091W,0,0.059468046,0.07995018362998962,0.3190854787826538,0.36962178349494934
YDR210W,YER006W,0,0.059432834,0.07993027567863464,0.3190854787826538,0.36972182989120483
YKL152C,YDR079C-A,0,0.059413,0.07991038262844086,0.3190854787826538,0.3698219060897827
YER039C,YEL020C,0,0.059406213,0.07989048957824707,0.3190854787826538,0.3699219524860382
YPL005W,YDR352W,0,0.05937989,0.07987061142921448,0.3190854787826538,0.3700219988822937
YPR158W-A,YPL079W,0,0.059357196,0.07985074818134308,0.3190854787826538,0.3701220750808716
YKR042W,YLR229C,0,0.059270546,0.07983088493347168,0.3190854787826538,0.3702221214771271
YGL032C,YDL201W,0,0.05924888,0.07981103658676147,0.3190854787826538,0.37032219767570496
YIR003W,YML022W,0,0.059239388,0.07979120314121246,0.3190854787826538,0.37042224407196045
YER048C,YJR159W,0,0.059236348,0.07977136969566345,0.3190854787826538,0.37052232027053833
YMR079W,YOL049W,0,0.05922585,0.07975155115127563,0.3190854787826538,0.3706223666667938
YNR046W,YOL058W,0,0.05908422,0.07973174005746841,0.3190854787826538,0.3707224428653717
YJL139C,YGR261C,0,0.059040308,0.07971194386482239,0.3190854787826538,0.3708224892616272
YNL124W,YBR019C,0,0.05902472,0.07969215512275696,0.3190854787826538,0.3709225654602051
YBR203W,YNL169C,0,0.058919676,0.07967237383127213,0.3190854787826538,0.37102261185646057
YNL232W,YGR038C-B,1,0.058919556,0.07990074157714844,0.3200795352458954,0.37102261185646057
YGR203W,YLR393W,0,0.05885355,0.07988092303276062,0.3200795352458954,0.37112268805503845
YBR235W,YLL015W,0,0.058826655,0.0798611119389534,0.3200795352458954,0.37122273445129395
YPL249C-A,YJR088C,0,0.05879543,0.07984130829572678,0.3200795352458954,0.37132278084754944
YAL033W,YDR210C-D,1,0.058778808,0.0800694078207016,0.3210735619068146,0.37132278084754944
YIL127C,YOL034W,0,0.05874817,0.08004956692457199,0.3210735619068146,0.3714228570461273
YGR048W,YCL020W,0,0.058691822,0.08002973347902298,0.3210735619068146,0.3715229034423828
YPR158W-A,YML008C,0,0.05868282,0.08000990748405457,0.3210735619068146,0.3716229796409607
YIR007W,YOR231W,0,0.058654174,0.07999009639024734,0.3210735619068146,0.3717230260372162
YDR058C,YBR098W,0,0.058588,0.07997029274702072,0.3210735619068146,0.37182310223579407
YER146W,YOR077W,0,0.058533795,0.0799504965543747,0.3210735619068146,0.37192314863204956
YKR087C,YDR354W,0,0.058373004,0.07993070781230927,0.3210735619068146,0.37202322483062744
YNL072W,YER142C,1,0.058355317,0.08015833795070648,0.32206758856773376,0.37202322483062744
YOL016C,YGR207C,0,0.058291636,0.08013851195573807,0.32206758856773376,0.37212327122688293
YJR088C,YML014W,0,0.058185056,0.08011869341135025,0.32206758856773376,0.3722233474254608
YEL034W,YLR376C,0,0.05806896,0.08009888976812363,0.32206758856773376,0.3723233938217163
YEL063C,YKL055C,0,0.05804807,0.0800790935754776,0.32206758856773376,0.3724234402179718
YGR133W,YKR098C,0,0.058026344,0.08005930483341217,0.32206758856773376,0.3725235164165497
YBR253W,YMR164C,0,0.058024712,0.08003952354192734,0.32206758856773376,0.3726235628128052
YGR074W,YML025C,0,0.058007956,0.0800197571516037,0.32206758856773376,0.37272363901138306
YOR214C,YNL047C,0,0.058002137,0.07999999821186066,0.32206758856773376,0.37282368540763855
YDR294C,YPL192C,0,0.058000505,0.07998025417327881,0.32206758856773376,0.37292376160621643
YFR044C,YJL020C,0,0.057988882,0.07996051013469696,0.32206758856773376,0.3730238080024719
YBR084C-A,YJL076W,0,0.057913154,0.0799407809972763,0.32206758856773376,0.3731238842010498
YBL027W,YBR110W,0,0.05785495,0.07992106676101685,0.32206758856773376,0.3732239305973053
YJR113C,YEL042W,0,0.057810634,0.07990135997533798,0.32206758856773376,0.3733240067958832
YLR376C,YGL097W,0,0.05769208,0.07988165318965912,0.32206758856773376,0.37342405319213867
YPR181C,YJL122W,0,0.057664603,0.07986196875572205,0.32206758856773376,0.37352409958839417
YOL016C,YDR484W,0,0.05763845,0.07984228432178497,0.32206758856773376,0.37362417578697205
YDR408C,YGR278W,0,0.05745426,0.0798226147890091,0.32206758856773376,0.37372422218322754
YDR210W-B,YFL002W-A,1,0.057417743,0.08004926145076752,0.32306164503097534,0.37372422218322754
YPL016W,YER018C,0,0.057360858,0.08002954721450806,0.32306164503097534,0.3738242983818054
YLR013W,YPR052C,0,0.057315715,0.08000984787940979,0.32306164503097534,0.3739243447780609
YJL184W,YPL108W,0,0.057314716,0.07999015599489212,0.32306164503097534,0.3740244209766388
YNR026C,YOR077W,0,0.057269245,0.07997047156095505,0.32306164503097534,0.3741244673728943
YHR062C,YCR033W,0,0.05715537,0.07995080202817917,0.32306164503097534,0.37422454357147217
YHR187W,YPL066W,0,0.057117507,0.07993113994598389,0.32306164503097534,0.37432458996772766
YPR058W,YNL329C,0,0.057036012,0.0799114853143692,0.32306164503097534,0.37442466616630554
YJL042W,YBL018C,0,0.056945458,0.07989183813333511,0.32306164503097534,0.37452471256256104
YLR274W,YDR079C-A,0,0.05694414,0.07987220585346222,0.32306164503097534,0.3746247887611389
YKR098C,YDL156W,0,0.056932017,0.07985258102416992,0.32306164503097534,0.3747248351573944
YNL186W,YLR136C,0,0.056893855,0.07983296364545822,0.32306164503097534,0.3748248815536499
YDR034C-D,YJL137C,0,0.056886256,0.07981336116790771,0.32306164503097534,0.3749249577522278
YGR195W,YML007W,0,0.056862965,0.0797937661409378,0.32306164503097534,0.3750250041484833
YDR365W-B,YDR506C,0,0.056861356,0.07977417856454849,0.32306164503097534,0.37512508034706116
YOL142W,YOR368W,1,0.056855783,0.07999999821186066,0.32405567169189453,0.37512508034706116
YDR034C-D,YBL066C,0,0.05685261,0.07998037338256836,0.32405567169189453,0.37522512674331665
YNL315C,YML019W,0,0.056827337,0.07996075600385666,0.32405567169189453,0.37532520294189453
YPL152W,YOR196C,0,0.056816317,0.07994114607572556,0.32405567169189453,0.37542524933815
YER035W,YDR186C,0,0.056751058,0.07992155104875565,0.32405567169189453,0.3755253255367279
YNL264C,YPL012W,0,0.056721374,0.07990196347236633,0.32405567169189453,0.3756253719329834
YNL075W,YGR038C-B,0,0.056714997,0.07988238334655762,0.32405567169189453,0.3757254481315613
YLR372W,YER074W-A,0,0.056684613,0.0798628106713295,0.32405567169189453,0.3758254945278168
YJR159W,YHR200W,0,0.05653444,0.07984325289726257,0.32405567169189453,0.37592554092407227
YOR010C,YHR128W,0,0.05650509,0.07982370257377625,0.32405567169189453,0.37602561712265015
YNL090W,YKR080W,0,0.056492954,0.07980415970087051,0.32405567169189453,0.37612566351890564
YNL082W,YNL220W,0,0.056457892,0.07978463172912598,0.32405567169189453,0.3762257397174835
YDR210W-A,YDR264C,0,0.05645688,0.07976511120796204,0.32405567169189453,0.376325786113739
YKR010C,YDR322C-A,0,0.056293406,0.07974559813737869,0.32405567169189453,0.3764258623123169
YBR126C,YEL026W,0,0.056281447,0.07972609251737595,0.32405567169189453,0.3765259087085724
YNL305C,YDR079C-A,0,0.056279622,0.0797066017985344,0.32405567169189453,0.37662598490715027
YJR043C,YGR027W-B,1,0.05616393,0.07993155717849731,0.3250496983528137,0.37662598490715027
YMR030W,YBL100W-A,0,0.056142643,0.07991202175617218,0.3250496983528137,0.37672603130340576
YLR274W,YLR095C,0,0.056133583,0.07989250123500824,0.3250496983528137,0.37682610750198364
YDR147W,YLR431C,0,0.05610884,0.0798729881644249,0.3250496983528137,0.37692615389823914
YIL080W,YCR035C,1,0.05608744,0.08009768277406693,0.3260437250137329,0.37692615389823914
YML014W,YOR077W,0,0.05607266,0.080078125,0.3260437250137329,0.377026230096817
YDR261C-D,YIR015W,1,0.056017123,0.0803026631474495,0.3270377814769745,0.377026230096817
YHL002W,YGL043W,0,0.056016564,0.08028306812047958,0.3270377814769745,0.3771262764930725
YJR086W,YML062C,0,0.05599907,0.08026348054409027,0.3270377814769745,0.377226322889328
YLR070C,YOR007C,0,0.055977196,0.08024390041828156,0.3270377814769745,0.3773263990879059
YGR038C-A,YKR039W,0,0.055903956,0.08022433519363403,0.3270377814769745,0.3774264454841614
YAL015C,YIL082W-A,1,0.055884294,0.08044856041669846,0.3280318081378937,0.3774264454841614
YOL110W,YFR004W,0,0.055809706,0.08042895793914795,0.3280318081378937,0.37752652168273926
YMR287C,YGR195W,1,0.0558089,0.08065301924943924,0.32902583479881287,0.37752652168273926
YLR157C-A,YMR189W,0,0.055706993,0.08063337206840515,0.32902583479881287,0.37762656807899475
YKL096W,YLR066W,0,0.055687025,0.08061373233795166,0.32902583479881287,0.37772664427757263
YHL018W,YER016W,0,0.055678613,0.08059410750865936,0.32902583479881287,0.3778266906738281
YJL145W,YJL093C,0,0.055649325,0.08057449012994766,0.32902583479881287,0.377926766872406
YBR265W,YNL058C,0,0.05553305,0.08055488020181656,0.32902583479881287,0.3780268132686615
YNL245C,YML118W,0,0.0555143,0.08053527772426605,0.32902583479881287,0.3781268894672394
YHR072W-A,YBR244W,0,0.05548176,0.08051569014787674,0.32902583479881287,0.3782269358634949
YLR393W,YDR293C,0,0.055376515,0.08049611002206802,0.32902583479881287,0.37832698225975037
YPL212C,YDL191W,0,0.05523278,0.0804765373468399,0.32902583479881287,0.37842705845832825
YGL160W,YNL030W,0,0.05521465,0.08045697957277298,0.32902583479881287,0.37852710485458374
YPR201W,YNL116W,0,0.055198945,0.08043742179870605,0.32902583479881287,0.3786271810531616
YOL027C,YKR065C,0,0.05512196,0.08041787892580032,0.32902583479881287,0.3787272274494171
YMR044W,YMR199W,0,0.05505439,0.08039835095405579,0.32902583479881287,0.378827303647995
YDR338C,YML008C,0,0.055050448,0.08037882298231125,0.32902583479881287,0.3789273500442505
YPL257W-B,YGL173C,1,0.055038765,0.08060208708047867,0.33001989126205444,0.3789273500442505
YOR130C,YBR288C,0,0.054995,0.08058252185583115,0.33001989126205444,0.37902742624282837
YOL103W-B,YLR157C-B,1,0.054900274,0.08080562949180603,0.33101391792297363,0.37902742624282837
YHR187W,YML064C,0,0.05486974,0.08078602701425552,0.33101391792297363,0.37912747263908386
YHR063C,YHR043C,0,0.054856688,0.08076643198728561,0.33101391792297363,0.37922754883766174
YIL066C,YIR022W,0,0.05485092,0.0807468444108963,0.33101391792297363,0.37932759523391724
YKR060W,YBR200W,0,0.05459459,0.08072727173566818,0.33101391792297363,0.3794276714324951
YCL075W,YMR137C,1,0.0545298,0.08095007389783859,0.3320079445838928,0.3794276714324951
YPL268W,YHR018C,0,0.05449546,0.08093045651912689,0.3320079445838928,0.3795277178287506
YIR003W,YNR075W,0,0.054487735,0.08091085404157639,0.3320079445838928,0.3796277642250061
YGR203W,YMR170C,0,0.05448308,0.08089125901460648,0.3320079445838928,0.379727840423584
YGR048W,YJL092W,0,0.054398254,0.08087167143821716,0.3320079445838928,0.3798278868198395
YOR192C-B,YIR015W,1,0.05439642,0.0810941681265831,0.3330020010471344,0.3798278868198395
YAL005C,YGR013W,0,0.05435443,0.0810745432972908,0.3330020010471344,0.37992796301841736
YDL207W,YPR158W-A,0,0.05432842,0.0810549259185791,0.3330020010471344,0.38002800941467285
YLR405W,YLR022C,0,0.054260567,0.081035315990448,0.3330020010471344,0.38012808561325073
YHR039C,YAL014C,0,0.05416391,0.08101572096347809,0.3330020010471344,0.3802281320095062
YNL154C,YEL020C,0,0.054108083,0.08099613338708878,0.3330020010471344,0.3803282082080841
YNR075W,YGR067C,0,0.053961024,0.08097655326128006,0.3330020010471344,0.3804282546043396
YPL081W,YDR079C-A,0,0.053935975,0.08095698058605194,0.3330020010471344,0.3805283308029175
YMR189W,YHR032W,0,0.05389502,0.08093742281198502,0.3330020010471344,0.380628377199173
YGR125W,YOR210W,0,0.053881004,0.08091787248849869,0.3330020010471344,0.38072842359542847
YDR210C-D,YMR050C,1,0.05387059,0.08113981783390045,0.3339960277080536,0.38072842359542847
YDR382W,YOR122C,0,0.05386448,0.08112023025751114,0.3339960277080536,0.38082849979400635
YBR103W,YPL003W,0,0.053758398,0.08110065013170242,0.3339960277080536,0.38092854619026184
YNR073C,YKR022C,0,0.053744808,0.0810810774564743,0.3339960277080536,0.3810286223888397
YER146W,YPR158W-A,0,0.053739905,0.08106151968240738,0.3339960277080536,0.3811286687850952
YKL049C,YDR084C,0,0.053662643,0.08104196935892105,0.3339960277080536,0.3812287449836731
YHR124W,YDL150W,0,0.05362667,0.08102242648601532,0.3339960277080536,0.3813287913799286
YPL241C,YKL107W,0,0.053617045,0.08100289106369019,0.3339960277080536,0.38142886757850647
YJR007W,YHR152W,0,0.05358126,0.08098337054252625,0.3339960277080536,0.38152891397476196
YJL145W,YOR344C,0,0.053561866,0.0809638574719429,0.3339960277080536,0.38162899017333984
YGR161C-C,YDL207W,0,0.053383283,0.08094435185194016,0.3339960277080536,0.38172903656959534
YFL053W,YBR167C,0,0.053379446,0.080924853682518,0.3339960277080536,0.38182908296585083
YJR043C,YKL149C,1,0.053295746,0.08114615827798843,0.3349900543689728,0.38182908296585083
YMR068W,YDL104C,0,0.053259313,0.0811266228556633,0.3349900543689728,0.3819291591644287
YDR311W,YGL097W,0,0.05321999,0.08110710233449936,0.3349900543689728,0.3820292055606842
YBR290W,YMR011W,0,0.053211227,0.08108758181333542,0.3349900543689728,0.3821292817592621
YDR079C-A,YLR066W,0,0.053135067,0.08106807619333267,0.3349900543689728,0.3822293281555176
YKR098C,YER118C,0,0.05313024,0.08104857802391052,0.3349900543689728,0.38232940435409546
YGL048C,YKR024C,0,0.053108588,0.08102909475564957,0.3349900543689728,0.38242945075035095
YAR014C,YBL101C,0,0.0531082,0.08100961893796921,0.3349900543689728,0.38252952694892883
YOR210W,YIL129C,0,0.05307579,0.08099014312028885,0.3349900543689728,0.3826295733451843
YKL209C,YML065W,0,0.053034022,0.08097068965435028,0.3349900543689728,0.3827296495437622
YBR229C,YLR368W,0,0.052989908,0.08095123618841171,0.3349900543689728,0.3828296959400177
YDR294C,YNL327W,0,0.05271454,0.08093179762363434,0.3349900543689728,0.3829297721385956
YLR226W,YKL012W,0,0.05271148,0.08091236650943756,0.3349900543689728,0.3830298185348511
YOR343W-B,YBR012W-B,1,0.052701876,0.08113297820091248,0.33598408102989197,0.3830298185348511
YIR015W,YMR137C,1,0.052673504,0.08135349303483963,0.33697813749313354,0.3830298185348511
YGL100W,YMR283C,0,0.05259393,0.08133397251367569,0.33697813749313354,0.38312986493110657
YNL209W,YLL028W,0,0.052273884,0.08131446689367294,0.33697813749313354,0.38322994112968445
YIR015W,YOR142W-B,1,0.052203827,0.08153477311134338,0.33797216415405273,0.38322994112968445
YMR045C,YBR223C,1,0.052188292,0.08175497502088547,0.3389661908149719,0.38322994112968445
YBR227C,YCR048W,0,0.052173942,0.08173537999391556,0.3389661908149719,0.38332998752593994
YIL131C,YML024W,0,0.051999107,0.08171579241752625,0.3389661908149719,0.3834300637245178
YGR198W,YLR226W,0,0.051899582,0.08169621229171753,0.3389661908149719,0.3835301101207733
YKL101W,YPL086C,0,0.05187416,0.08167664706707001,0.3389661908149719,0.3836301863193512
YFL024C,YFL018C,0,0.05182501,0.08165708929300308,0.3389661908149719,0.3837302327156067
YLR157C-B,YMR052W,0,0.05180058,0.08163753896951675,0.3389661908149719,0.38383030891418457
YKL101W,YER018C,0,0.05171196,0.08161799609661102,0.3389661908149719,0.38393035531044006
YPL009C,YKL188C,0,0.05167821,0.08159846812486649,0.3389661908149719,0.38403043150901794
YER141W,YHL009W-A,0,0.051570624,0.08157894760370255,0.3389661908149719,0.38413047790527344
YBR265W,YDR079C-A,0,0.051462717,0.0815594345331192,0.3389661908149719,0.38423052430152893
YDR338C,YGR092W,0,0.051451027,0.08153993636369705,0.3389661908149719,0.3843306005001068
YNL329C,YDL104C,0,0.051355198,0.0815204381942749,0.3389661908149719,0.3844306468963623
YDL168W,YLR070C,0,0.05135323,0.08150095492601395,0.3389661908149719,0.3845307230949402
YFL055W,YOR035C,0,0.051283814,0.08148147910833359,0.3389661908149719,0.3846307694911957
YPR029C,YIL044C,0,0.05126696,0.08146201819181442,0.3389661908149719,0.38473084568977356
YGR068C,YNL336W,0,0.051154897,0.08144255727529526,0.3389661908149719,0.38483089208602905
YML093W,YLR089C,0,0.05113104,0.08142311125993729,0.3389661908149719,0.38493096828460693
YHR178W,YGR038C-B,0,0.0511245,0.08140367269515991,0.3389661908149719,0.3850310146808624
YDR506C,YOR083W,0,0.051047057,0.08138424903154373,0.3389661908149719,0.3851310908794403
YKL152C,YNL003C,0,0.05102309,0.08136483281850815,0.3389661908149719,0.3852311372756958
YOR293W,YKR029C,0,0.051012233,0.08134541660547256,0.3389661908149719,0.3853312134742737
YER160C,YER041W,1,0.050999053,0.0815645158290863,0.3399602472782135,0.3853312134742737
YMR216C,YDR079C-A,0,0.05091367,0.08154506236314774,0.3399602472782135,0.3854312598705292
YIL105C,YBR044C,0,0.05089569,0.08152562379837036,0.3399602472782135,0.38553130626678467
YOR115C,YGL008C,0,0.050802916,0.08150619268417358,0.3399602472782135,0.38563138246536255
YPR104C,YKL046C,0,0.05076807,0.081486776471138,0.3399602472782135,0.38573142886161804
YGR023W,YBL009W,0,0.050725758,0.08146736770868301,0.3399602472782135,0.3858315050601959
YKL046C,YHR121W,0,0.050710723,0.08144796639680862,0.3399602472782135,0.3859315514564514
YBL036C,YOL068C,0,0.050694153,0.08142857253551483,0.3399602472782135,0.3860316276550293
YPR058W,YIL073C,0,0.050645046,0.08140918612480164,0.3399602472782135,0.3861316740512848
YOL128C,YOL034W,0,0.050570525,0.08138981461524963,0.3399602472782135,0.38623175024986267
YDL132W,YLR157C-B,0,0.050526246,0.08137045055627823,0.3399602472782135,0.38633179664611816
YDR027C,YLR157C-B,0,0.05052264,0.08135109394788742,0.3399602472782135,0.38643187284469604
YLR002C,YLR117C,0,0.050446816,0.08133174479007721,0.3399602472782135,0.38653191924095154
YIL105C,YEL047C,0,0.05031526,0.08131241053342819,0.3399602472782135,0.38663196563720703
YKL216W,YGL179C,0,0.050306574,0.08129308372735977,0.3399602472782135,0.3867320418357849
YKR013W,YLR002C,0,0.050199017,0.08127376437187195,0.3399602472782135,0.3868320882320404
YDL126C,YHR203C,0,0.050196,0.08125445246696472,0.3399602472782135,0.3869321644306183
YDR365W-B,YKL012W,0,0.050124884,0.08123515546321869,0.3399602472782135,0.3870322108268738
YNL275W,YHL009W-A,0,0.050055653,0.08121586591005325,0.3399602472782135,0.38713228702545166
YJL047C,YPR124W,0,0.050000206,0.08119658380746841,0.3399602472782135,0.38723233342170715
YNL001W,YGR038C-B,1,0.0499921,0.08141466975212097,0.3409542739391327,0.38723233342170715
YDR446W,YML010W,0,0.049889743,0.08139535039663315,0.3409542739391327,0.38733240962028503
YPR058W,YBL066C,0,0.049879327,0.08137603849172592,0.3409542739391327,0.3874324560165405
YAL047C,YCR003W,0,0.049858324,0.08135673403739929,0.3409542739391327,0.3875325322151184
YPL084W,YIL082W-A,0,0.049850926,0.08133744448423386,0.3409542739391327,0.3876325786113739
YGL201C,YEL009C,0,0.049830794,0.08131816238164902,0.3409542739391327,0.3877326250076294
YOL013C,YGR183C,0,0.049826995,0.08129888772964478,0.3409542739391327,0.3878327012062073
YPR151C,YGR065C,0,0.049807057,0.08127962052822113,0.3409542739391327,0.38793274760246277
YGR027W-B,YER041W,1,0.04974599,0.08149727433919907,0.3419483006000519,0.38793274760246277
YBR021W,YJL118W,0,0.04972677,0.08147796988487244,0.3419483006000519,0.38803282380104065
YMR263W,YDR079C-A,0,0.04971212,0.081458680331707,0.3419483006000519,0.38813287019729614
YPR104C,YNL225C,0,0.049658045,0.08143939077854156,0.3419483006000519,0.388232946395874
YIL099W,YER001W,0,0.049612194,0.08142011612653732,0.3419483006000519,0.3883329927921295
YDR462W,YOR188W,0,0.049602903,0.08140084892511368,0.3419483006000519,0.3884330689907074
YPL212C,YOL075C,0,0.049596176,0.08138159662485123,0.3419483006000519,0.3885331153869629
YPR185W,YML065W,0,0.049574263,0.08136234432458878,0.3419483006000519,0.38863319158554077
YLR084C,YLR222C,0,0.049512133,0.08134310692548752,0.3419483006000519,0.38873323798179626
YBL100W-B,YPL257W-B,1,0.049499243,0.08156028389930725,0.34294235706329346,0.38873323798179626
YMR045C,YDR261C-D,1,0.049490124,0.08177735656499863,0.34393638372421265,0.38873323798179626
YKR010C,YLR157C-A,0,0.049468867,0.0817580372095108,0.34393638372421265,0.38883331418037415
YDR073W,YCR068W,0,0.049432874,0.08173871785402298,0.34393638372421265,0.38893336057662964
YMR280C,YMR029C,0,0.049384348,0.08171941339969635,0.34393638372421265,0.38903340697288513
YBR127C,YGR128C,0,0.049354255,0.08170011639595032,0.34393638372421265,0.389133483171463
YML078W,YIL129C,0,0.04933539,0.08168083429336548,0.34393638372421265,0.3892335295677185
YGL224C,YCR003W,0,0.049332626,0.08166155219078064,0.34393638372421265,0.3893336057662964
YBR098W,YBL005W-B,1,0.049295455,0.08187824487686157,0.34493041038513184,0.3893336057662964
YDR210W-B,YDR261W-B,1,0.049286053,0.08209483325481415,0.3459244668483734,0.3893336057662964
YJL010C,YPR094W,0,0.049284413,0.08207546919584274,0.3459244668483734,0.3894336521625519
YHR216W,YHR098C,0,0.049281552,0.08205612003803253,0.3459244668483734,0.38953372836112976
YHR164C,YDR261C-D,1,0.0492459,0.08227251470088959,0.3469184935092926,0.38953372836112976
YLR138W,YER035W,0,0.049181275,0.0822531208395958,0.3469184935092926,0.38963377475738525
YOR094W,YGR098C,0,0.04914874,0.0822337418794632,0.3469184935092926,0.38973385095596313
YNL085W,YGR161C-D,1,0.049130566,0.08244994282722473,0.3479125201702118,0.38973385095596313
YBR070C,YKR025W,0,0.0490318,0.08243051916360855,0.3479125201702118,0.38983389735221863
YOL013C,YGL145W,0,0.04896938,0.08241111040115356,0.3479125201702118,0.3899339735507965
YGR148C,YPL265W,0,0.048897773,0.08239171653985977,0.3479125201702118,0.390034019947052
YGR140W,YER166W,0,0.048872724,0.08237232267856598,0.3479125201702118,0.3901340663433075
YMR050C,YMR234W,1,0.04886823,0.08258823305368423,0.348906546831131,0.3901340663433075
YPR025C,YLL028W,0,0.048868194,0.08256880939006805,0.348906546831131,0.3902341425418854
YEL046C,YNL275W,0,0.048842892,0.08254938572645187,0.348906546831131,0.39033418893814087
YGL201C,YMR068W,0,0.048820138,0.08252997696399689,0.348906546831131,0.39043426513671875
YOL094C,YFR055W,0,0.048806816,0.0825105756521225,0.348906546831131,0.39053431153297424
YLR132C,YGL079W,0,0.048745655,0.0824911892414093,0.348906546831131,0.3906343877315521
YOR130C,YER075C,0,0.048709348,0.0824718028306961,0.348906546831131,0.3907344341278076
YGR287C,YDL122W,0,0.048695765,0.0824524313211441,0.348906546831131,0.3908345103263855
YFL009W,YFL053W,0,0.04865963,0.0824330672621727,0.348906546831131,0.390934556722641
YDR182W,YBR215W,0,0.048586085,0.08241371065378189,0.348906546831131,0.39103463292121887
YDR302W,YDR143C,0,0.048557475,0.08239436894655228,0.348906546831131,0.39113467931747437
YDL181W,YPL088W,0,0.04854823,0.08237502723932266,0.348906546831131,0.39123475551605225
YOL080C,YER041W,1,0.04850138,0.08259033411741257,0.34990060329437256,0.39123475551605225
YHR063C,YFL024C,0,0.04849994,0.08257096260786057,0.34990060329437256,0.39133480191230774
YKL027W,YIL129C,0,0.048444405,0.08255159109830856,0.34990060329437256,0.39143484830856323
YKL193C,YMR044W,0,0.048380956,0.08253224194049835,0.34990060329437256,0.3915349245071411
YGR074W,YDR001C,0,0.048307545,0.08251289278268814,0.34990060329437256,0.3916349709033966
YLR166C,YLR256W,0,0.048277423,0.08249355852603912,0.34990060329437256,0.3917350471019745
YJL028W,YIL044C,0,0.04814954,0.0824742242693901,0.34990060329437256,0.39183509349823
YBL005W-B,YLR157C-B,1,0.04806961,0.08268915116786957,0.35089462995529175,0.39183509349823
YMR161W,YCR089W,0,0.048030093,0.08266978710889816,0.35089462995529175,0.39193516969680786
YIR035C,YNL336W,0,0.047985226,0.08265043050050735,0.35089462995529175,0.39203521609306335
YCL019W,YPL022W,1,0.04792925,0.0828651711344719,0.35188865661621094,0.39203521609306335
YMR162C,YCR048W,0,0.04791651,0.0828457772731781,0.35188865661621094,0.39213529229164124
YNL209W,YGR027W-A,0,0.04791327,0.0828263908624649,0.35188865661621094,0.39223533868789673
YJR056C,YMR121C,0,0.047819294,0.0828070193529129,0.35188865661621094,0.3923354148864746
YJL091C,YLR308W,0,0.04778436,0.0827876552939415,0.35188865661621094,0.3924354612827301
YHR187W,YGR033C,0,0.04776652,0.08276829868555069,0.35188865661621094,0.3925355076789856
YBR280C,YKL008C,0,0.047756575,0.08274894952774048,0.35188865661621094,0.3926355838775635
YML066C,YIL091C,0,0.04774756,0.08272960782051086,0.35188865661621094,0.39273563027381897
YJR047C,YPL060C-A,0,0.047744334,0.08271028101444244,0.35188865661621094,0.39283570647239685
YLR274W,YOR010C,0,0.04773426,0.08269096165895462,0.35188865661621094,0.39293575286865234
YMR251W-A,YFL002C,0,0.047696844,0.0826716497540474,0.35188865661621094,0.3930358290672302
YER019W,YDR538W,0,0.047690853,0.08265234529972076,0.35188865661621094,0.3931358754634857
YBL046W,YJL210W,0,0.04768034,0.08263305574655533,0.35188865661621094,0.3932359516620636
YDR316W-B,YPR137C-B,1,0.047674946,0.08284714072942734,0.3528827130794525,0.3932359516620636
YDR016C,YGL032C,0,0.047627024,0.08282781392335892,0.3528827130794525,0.3933359980583191
YHR104W,YLR066W,0,0.04762263,0.0828084871172905,0.3528827130794525,0.393436074256897
YDR098C-B,YPL022W,1,0.04761114,0.08302238583564758,0.3538767397403717,0.393436074256897
YML078W,YJL099W,0,0.0476093,0.08300302922725677,0.3538767397403717,0.39353612065315247
YCR008W,YGL179C,0,0.04760486,0.08298368006944656,0.3538767397403717,0.39363616704940796
YBR235W,YKL157W,0,0.047594413,0.08296434581279755,0.3538767397403717,0.39373624324798584
YKR010C,YBR199W,0,0.047559083,0.08294501155614853,0.3538767397403717,0.39383628964424133
YMR214W,YOL148C,0,0.047524773,0.0829256922006607,0.3538767397403717,0.3939363658428192
YGR276C,YCL074W,1,0.04750716,0.08313926309347153,0.3548707664012909,0.3939363658428192
YLR227W-B,YNR052C,1,0.047438093,0.08335273712873459,0.35586482286453247,0.3939363658428192
YOR208W,YMR190C,0,0.047423884,0.0833333358168602,0.35586482286453247,0.3940364122390747
YOL103W-B,YDR261C-D,1,0.047408305,0.08354666084051132,0.35685884952545166,0.3940364122390747
YOL041C,YER074W-A,0,0.04735461,0.08352722227573395,0.35685884952545166,0.3941364884376526
YDL025C,YLR398C,0,0.047347635,0.08350779116153717,0.35685884952545166,0.3942365348339081
YLR240W,YOL077W-A,0,0.047318794,0.08348837494850159,0.35685884952545166,0.39433661103248596
YOR343W-B,YPR137C-B,1,0.047301978,0.08370146155357361,0.35785287618637085,0.39433661103248596
YHR187W,YML118W,0,0.047284067,0.08368200808763504,0.35785287618637085,0.39443665742874146
YAL005C,YJL076W,0,0.047261722,0.08366256207227707,0.35785287618637085,0.39453673362731934
YOL091W,YNL177C,0,0.04720945,0.0836431235074997,0.35785287618637085,0.39463678002357483
YLR145W,YBL018C,1,0.047145344,0.08385597914457321,0.3588469326496124,0.39463678002357483
YKR086W,YGR038C-B,0,0.047107637,0.08383651077747345,0.3588469326496124,0.3947368562221527
YPL242C,YLR003C,0,0.047088712,0.08381704241037369,0.3588469326496124,0.3948369026184082
YBL100W-A,YKR046C,0,0.047039285,0.08379758894443512,0.3588469326496124,0.3949369490146637
YDR365W-B,YDR084C,0,0.04703889,0.08377813547849655,0.3588469326496124,0.3950370252132416
YDR316W-B,YDR279W,1,0.046999305,0.08399072289466858,0.3598409593105316,0.3950370252132416
YNR056C,YBR126C,0,0.04697989,0.08397123962640762,0.3598409593105316,0.39513707160949707
YPL227C,YNR026C,0,0.04691959,0.08395176380872726,0.3598409593105316,0.39523714780807495
YJL139C,YOL017W,0,0.04677576,0.0839322954416275,0.3598409593105316,0.39533719420433044
YKL046C,YGR096W,0,0.046742514,0.08391284197568893,0.3598409593105316,0.3954372704029083
YER019W,YDR202C,0,0.046660945,0.08389339596033096,0.3598409593105316,0.3955373167991638
YHR188C,YHR083W,0,0.04662215,0.08387395739555359,0.3598409593105316,0.3956373929977417
YNR036C,YCL020W,0,0.046570167,0.08385452628135681,0.3598409593105316,0.3957374393939972
YDL103C,YNL152W,0,0.046532854,0.08383511006832123,0.3598409593105316,0.3958375155925751
YNL053W,YJR113C,0,0.04645089,0.08381570130586624,0.3598409593105316,0.39593756198883057
YGL001C,YLR157C-A,0,0.04643464,0.08379629999399185,0.3598409593105316,0.39603760838508606
YDR365W-B,YGR258C,1,0.04640902,0.08400832861661911,0.3608349859714508,0.39603760838508606
YDR506C,YDL010W,0,0.046334133,0.08398889750242233,0.3608349859714508,0.39613768458366394
YNL186W,YLR157C-B,0,0.046237014,0.08396946638822556,0.3608349859714508,0.39623773097991943
YML123C,YOR007C,0,0.0462355,0.08395004272460938,0.3608349859714508,0.3963378071784973
YOR144C,YKL211C,0,0.046234243,0.08393063396215439,0.3608349859714508,0.3964378535747528
YFL002C,YJL036W,0,0.046183735,0.08391123265028,0.3608349859714508,0.3965379297733307
YHR019C,YNL279W,0,0.046124145,0.0838918387889862,0.3608349859714508,0.3966379761695862
YKR045C,YFR009W,0,0.046066187,0.08387245982885361,0.3608349859714508,0.39673805236816406
YLR144C,YNL021W,0,0.04603438,0.08385308086872101,0.3608349859714508,0.39683809876441956
YJL138C,YNL224C,0,0.046034306,0.0838337168097496,0.3608349859714508,0.39693817496299744
YBR280C,YBR021W,0,0.045945205,0.0838143602013588,0.3608349859714508,0.39703822135925293
YLR310C,YDL174C,0,0.04591778,0.08379501104354858,0.3608349859714508,0.3971382975578308
YGR257C,YBL050W,0,0.045843534,0.08377567678689957,0.3608349859714508,0.3972383439540863
YMR024W,YGL032C,0,0.045840956,0.08375634253025055,0.3608349859714508,0.3973383903503418
YOR173W,YPL079W,0,0.045830324,0.08373702317476273,0.3608349859714508,0.3974384665489197
YGL001C,YML065W,0,0.045807987,0.0837177112698555,0.3608349859714508,0.39753851294517517
YGL100W,YLR155C,0,0.045737192,0.08369840681552887,0.3608349859714508,0.39763858914375305
YML110C,YPL088W,0,0.04569915,0.08367911726236343,0.3608349859714508,0.39773863554000854
YAR008W,YML123C,0,0.045686133,0.083659827709198,0.3608349859714508,0.3978387117385864
YNL222W,YGL245W,0,0.04562755,0.08364055305719376,0.3608349859714508,0.3979387581348419
YDR480W,YMR305C,0,0.045618147,0.08362128585577011,0.3608349859714508,0.3980388343334198
YKR060W,YDL188C,0,0.045597985,0.08360202610492706,0.3608349859714508,0.3981388807296753
YML045W,YGR038C-B,1,0.045576222,0.08381303399801254,0.36182901263237,0.3981388807296753
YDR210W-B,YDR261C-D,1,0.04551004,0.08402393758296967,0.3628230690956116,0.3981388807296753
YOR144C,YHR065C,0,0.045456186,0.08400460332632065,0.3628230690956116,0.3982389569282532
YMR263W,YBR070C,0,0.045453064,0.08398527652025223,0.3628230690956116,0.39833900332450867
YNL064C,YFL062W,0,0.045426905,0.0839659571647644,0.3628230690956116,0.39843904972076416
YGR161C-C,YDR484W,0,0.045391873,0.08394664525985718,0.3628230690956116,0.39853912591934204
YPL009C,YNL245C,0,0.045372188,0.08392734080553055,0.3628230690956116,0.39863917231559753
YOL146W,YOL119C,0,0.045249715,0.08390804380178452,0.3628230690956116,0.3987392485141754
YGR027W-B,YPR158C-D,1,0.045198217,0.08411858975887299,0.36381709575653076,0.3987392485141754
YHR183W,YHR176W,0,0.04516247,0.08409926295280457,0.36381709575653076,0.3988392949104309
YPL242C,YER006W,0,0.045152172,0.08407994359731674,0.36381709575653076,0.3989393711090088
YOR128C,YOR344C,0,0.04510445,0.08406063169240952,0.36381709575653076,0.3990394175052643
YDR293C,YOR142W-B,1,0.045091256,0.08427095413208008,0.36481112241744995,0.3990394175052643
YER042W,YKL209C,0,0.045087278,0.08425160497426987,0.36481112241744995,0.39913949370384216
YBL071W-A,YLR256W,0,0.045049846,0.08423227071762085,0.36481112241744995,0.39923954010009766
YHR143W-A,YFL002C,0,0.044931427,0.08421294391155243,0.36481112241744995,0.39933961629867554
YNR073C,YPR201W,0,0.044880375,0.0841936245560646,0.36481112241744995,0.39943966269493103
YDL002C,YLR449W,0,0.044785693,0.08417431265115738,0.36481112241744995,0.3995397090911865
YBR152W,YML058W,0,0.04471402,0.08415500819683075,0.36481112241744995,0.3996397852897644
YJL154C,YGR092W,0,0.044707417,0.08413571864366531,0.36481112241744995,0.3997398316860199
YER069W,YEL071W,0,0.044655666,0.08411643654108047,0.36481112241744995,0.3998399078845978
YNL139C,YJR099W,0,0.0446551,0.08409716188907623,0.36481112241744995,0.39993995428085327
YMR266W,YOR295W,0,0.044650912,0.08407789468765259,0.36481112241744995,0.40004003047943115
YDR522C,YIL129C,0,0.044518918,0.08405863493680954,0.36481112241744995,0.40014007687568665
YPL132W,YOL016C,0,0.04449644,0.08403938263654709,0.36481112241744995,0.4002401530742645
YJR047C,YKL176C,0,0.044493236,0.08402014523744583,0.36481112241744995,0.40034019947052
YOR173W,YER065C,0,0.044418618,0.08400091528892517,0.36481112241744995,0.4004402756690979
YPR158W-A,YHR018C,0,0.044391826,0.08398169279098511,0.36481112241744995,0.4005403220653534
YDL014W,YJL203W,0,0.04434809,0.08396247774362564,0.36481112241744995,0.4006403982639313
YJL010C,YHR112C,0,0.044311494,0.08394327759742737,0.36481112241744995,0.40074044466018677
YGL166W,YHR062C,0,0.04426992,0.0839240774512291,0.36481112241744995,0.40084049105644226
YMR045C,YOR343W-B,1,0.04425911,0.08413351327180862,0.36580517888069153,0.40084049105644226
YLR135W,YDL227C,1,0.04422108,0.08434285968542099,0.3667992055416107,0.40084049105644226
YNL035C,YEL042W,0,0.044207066,0.08432358503341675,0.3667992055416107,0.40094056725502014
YNL124W,YLR157C-B,0,0.044189684,0.0843043178319931,0.3667992055416107,0.40104061365127563
YDL126C,YHR094C,0,0.044185624,0.08428505808115005,0.3667992055416107,0.4011406898498535
YGR068C,YOL034W,0,0.044179514,0.0842658132314682,0.3667992055416107,0.401240736246109
YDR293C,YLR410W-B,1,0.04415887,0.08447488397359848,0.3677932322025299,0.401240736246109
YPR025C,YDL066W,0,0.04410506,0.08445560187101364,0.3677932322025299,0.4013408124446869
YJL151C,YDR210W-A,0,0.044057734,0.0844363272190094,0.3677932322025299,0.4014408588409424
YLR157C-B,YPL029W,0,0.04405286,0.08441706746816635,0.3677932322025299,0.40154093503952026
YIR013C,YPR004C,0,0.04375924,0.0843978077173233,0.3677932322025299,0.40164098143577576
YDR034C-D,YNL087W,0,0.043653682,0.08437856286764145,0.3677932322025299,0.40174105763435364
YLR157C-A,YJR144W,0,0.043636866,0.08435932546854019,0.3677932322025299,0.40184110403060913
YJR047C,YLR034C,0,0.043618724,0.08434009552001953,0.3677932322025299,0.4019411504268646
YDR339C,YKL148C,0,0.04361465,0.08432087302207947,0.3677932322025299,0.4020412266254425
YLR157C-B,YMR271C,0,0.043591112,0.0843016654253006,0.3677932322025299,0.402141273021698
YOR056C,YDR316W-B,1,0.043585494,0.08451025187969208,0.3687872886657715,0.402141273021698
YBR139W,YOR205C,0,0.043569542,0.08449100703001022,0.3687872886657715,0.4022413492202759
YLR059C,YDR261C-D,1,0.04353664,0.08469945192337036,0.3697813153266907,0.4022413492202759
YNL177C,YDL150W,0,0.043508574,0.08468016982078552,0.3697813153266907,0.40234139561653137
YLR274W,YPR165W,0,0.043500826,0.08466090261936188,0.3697813153266907,0.40244147181510925
YPL257W-B,YLR157C-B,1,0.04349813,0.08486916869878769,0.37077534198760986,0.40244147181510925
YDR365W-B,YGR231C,0,0.043491863,0.08484986424446106,0.37077534198760986,0.40254151821136475
YDR293C,YDR210W-B,1,0.043487944,0.08505799621343613,0.37176939845085144,0.40254151821136475
YML064C,YDL165W,0,0.0433816,0.08503865450620651,0.37176939845085144,0.4026415944099426
YBR073W,YNR026C,0,0.043311447,0.0850193202495575,0.37176939845085144,0.4027416408061981
YGR038C-B,YBR139W,0,0.043289423,0.08500000089406967,0.37176939845085144,0.402841717004776
YKL184W,YPL069C,0,0.04318939,0.08498068898916245,0.37176939845085144,0.4029417634010315
YPR158W-B,YNR052C,1,0.043066718,0.08518855273723602,0.37276342511177063,0.4029417634010315
YDR098C-B,YNL284C-B,1,0.043039754,0.08539631962776184,0.3737574517726898,0.4029417634010315
YPL275W,YHR026W,0,0.04301682,0.08537693321704865,0.3737574517726898,0.4030418395996094
YOL049W,YJR125C,0,0.042985097,0.08535754680633545,0.3737574517726898,0.40314188599586487
YKR013W,YJR014W,0,0.04297252,0.08533817529678345,0.3737574517726898,0.40324193239212036
YER172C,YOL068C,0,0.0429625,0.08531881123781204,0.3737574517726898,0.40334200859069824
YML130C,YPL060C-A,0,0.042940475,0.08529945462942123,0.3737574517726898,0.40344205498695374
YDR365W-B,YGR038C-B,1,0.042925097,0.08550691604614258,0.374751478433609,0.40344205498695374
YDR006C,YJL050W,0,0.04291322,0.08548752963542938,0.374751478433609,0.4035421311855316
YLR307W,YML019W,0,0.04290764,0.08546815067529678,0.374751478433609,0.4036421775817871
YBR135W,YPL249C,0,0.04273431,0.08544877916574478,0.374751478433609,0.403742253780365
YPR061C,YDR163W,0,0.042724416,0.08542941510677338,0.374751478433609,0.4038423001766205
YHR124W,YIL050W,0,0.04267691,0.08541005849838257,0.374751478433609,0.40394237637519836
YLR154C,YMR137C,1,0.042662293,0.08561721444129944,0.3757455348968506,0.40394237637519836
YPR158W-A,YGR240C,0,0.042651564,0.08559782803058624,0.3757455348968506,0.40404242277145386
YNL284C-B,YDR279W,1,0.042626023,0.08580484241247177,0.3767395615577698,0.40404242277145386
YBR298C,YNL134C,0,0.042617194,0.08578542619943619,0.3767395615577698,0.40414249897003174
YDL150W,YPR004C,0,0.042562485,0.0857660099864006,0.3767395615577698,0.40424254536628723
YJR043C,YLR110C,0,0.042533398,0.08574660867452621,0.3767395615577698,0.4043425917625427
YGL043W,YOL068C,0,0.042530544,0.08572720736265182,0.3767395615577698,0.4044426679611206
YDR293C,YGR038C-B,1,0.042471945,0.08593396842479706,0.37773358821868896,0.4044426679611206
YLR320W,YOR328W,0,0.042317174,0.08591453731060028,0.37773358821868896,0.4045427143573761
YNL030W,YPL270W,0,0.042301394,0.0858951210975647,0.37773358821868896,0.404642790555954
YGL032C,YLR119W,0,0.042261973,0.08587570488452911,0.37773358821868896,0.4047428369522095
YGR027W-B,YML091C,1,0.042208806,0.08608224242925644,0.37872764468193054,0.4047428369522095
YLR128W,YGR027W-A,0,0.04213009,0.08606279641389847,0.37872764468193054,0.40484291315078735
YDL005C,YNL279W,0,0.042093575,0.0860433578491211,0.37872764468193054,0.40494295954704285
YLR431C,YIL017C,0,0.04192009,0.08602393418550491,0.37872764468193054,0.4050430357456207
YJL151C,YNL270C,0,0.041857213,0.08600451797246933,0.37872764468193054,0.4051430821418762
YFR009W,YCR043C,0,0.041855544,0.08598510175943375,0.37872764468193054,0.4052431583404541
YDL226C,YNR069C,0,0.04185482,0.08596570044755936,0.37872764468193054,0.4053432047367096
YPL275W,YGL055W,0,0.041755483,0.08594631403684616,0.37872764468193054,0.4054432511329651
YOR344C,YLR341W,0,0.04168603,0.08592692762613297,0.37872764468193054,0.40554332733154297
YNL090W,YBR154C,0,0.04165875,0.08590755611658096,0.37872764468193054,0.40564337372779846
YML039W,YOR343W-B,1,0.04153406,0.08611361682415009,0.37972167134284973,0.40564337372779846
YOR007C,YJR019C,0,0.04151082,0.0860942080616951,0.37972167134284973,0.40574344992637634
YML045W,YGR258C,1,0.041507855,0.08630013465881348,0.3807156980037689,0.40574344992637634
YGR038C-A,YKL157W,0,0.04150457,0.0862806960940361,0.3807156980037689,0.40584349632263184
YNL257C,YGR028W,0,0.041493118,0.08626126497983932,0.3807156980037689,0.4059435725212097
YPR029C,YBR253W,0,0.041312344,0.08624183386564255,0.3807156980037689,0.4060436189174652
YHR196W,YOR375C,0,0.041283756,0.08622242510318756,0.3807156980037689,0.4061436951160431
YHL009W-A,YIL010W,0,0.04120657,0.08620301634073257,0.3807156980037689,0.4062437415122986
YOR115C,YNL134C,0,0.041104093,0.08618361502885818,0.3807156980037689,0.40634381771087646
YDR316W-B,YOL021C,1,0.041104063,0.0863891988992691,0.3817097544670105,0.40634381771087646
YBL105C,YMR251W-A,0,0.04110004,0.08636976778507233,0.3817097544670105,0.40644386410713196
YPL164C,YML118W,0,0.041082606,0.08635035157203674,0.3817097544670105,0.40654394030570984
YGR038C-B,YGR092W,0,0.041017815,0.08633093535900116,0.3817097544670105,0.40664398670196533
YDR079C-A,YOR030W,0,0.040975735,0.08631153404712677,0.3817097544670105,0.4067440330982208
YDL213C,YPR004C,0,0.040911116,0.08629213273525238,0.3817097544670105,0.4068441092967987
YDR365W-B,YNR051C,0,0.040864326,0.08627274632453918,0.3817097544670105,0.4069441556930542
YJL145W,YIL091C,0,0.040792525,0.08625336736440659,0.3817097544670105,0.4070442318916321
YMR283C,YHR123W,0,0.04075952,0.08623399585485458,0.3817097544670105,0.4071442782878876
YDL168W,YFL034C-B,0,0.040692322,0.08621463924646378,0.3817097544670105,0.40724435448646545
YKL027W,YBR288C,0,0.04067742,0.08619528263807297,0.3817097544670105,0.40734440088272095
YLR035C,YGR132C,0,0.040556565,0.08617594093084335,0.3817097544670105,0.40744447708129883
YMR119W,YLR110C,0,0.04053337,0.08615660667419434,0.3817097544670105,0.4075445234775543
YPR183W,YOL077W-A,0,0.040467657,0.08613727986812592,0.3817097544670105,0.4076445996761322
YDR210W,YBL071W-A,0,0.04043378,0.08611796051263809,0.3817097544670105,0.4077446460723877
YOR033C,YDR386W,1,0.040400222,0.08632286638021469,0.3827037811279297,0.4077446460723877
YCL019W,YKL025C,1,0.040353864,0.08652768284082413,0.3836978077888489,0.4077446460723877
YMR024W,YGR161W-B,1,0.040331006,0.0867324098944664,0.38469183444976807,0.4077446460723877
YNL125C,YBR057C,0,0.04032992,0.08671297132968903,0.38469183444976807,0.4078446924686432
YHR018C,YIR008C,0,0.040312134,0.08669354766607285,0.38469183444976807,0.40794476866722107
YMR323W,YOR307C,0,0.04027751,0.08667413145303726,0.38469183444976807,0.40804481506347656
YML078W,YBR021W,0,0.040229604,0.08665472269058228,0.38469183444976807,0.40814489126205444
YPL236C,YMR189W,0,0.040155128,0.08663532882928848,0.38469183444976807,0.40824493765830994
YGR148C,YLR157C-A,0,0.040148497,0.08661593496799469,0.38469183444976807,0.4083450138568878
YJL123C,YCR068W,0,0.04008834,0.08659655600786209,0.38469183444976807,0.4084450602531433
YJL207C,YCR033W,0,0.040085368,0.08657718449831009,0.38469183444976807,0.4085451364517212
YBL046W,YOR130C,0,0.04000914,0.08655782043933868,0.38469183444976807,0.4086451828479767
YOR293W,YDR210W-A,0,0.039987884,0.08653846383094788,0.38469183444976807,0.40874525904655457
YMR283C,YMR278W,0,0.03983067,0.08651911467313766,0.38469183444976807,0.40884530544281006
YGL001C,YFL031W,0,0.0398169,0.08649977296590805,0.38469183444976807,0.40894538164138794
YLR340W,YMR029C,0,0.039803974,0.08648044615983963,0.38469183444976807,0.40904542803764343
YDR098C-B,YDL227C,1,0.039798327,0.08668453991413116,0.38568589091300964,0.40904542803764343
YGR030C,YKL011C,1,0.03976036,0.08688854426145554,0.38667991757392883,0.40904542803764343
YDR034C-D,YPR158W-B,1,0.039670944,0.08709245175123215,0.387673944234848,0.40904542803764343
YDR210C-D,YIR015W,1,0.039612897,0.0872962698340416,0.3886680006980896,0.40904542803764343
YDR261C-D,YHR079C,1,0.039580695,0.08749999850988388,0.3896620273590088,0.40904542803764343
YGL250W,YPL242C,0,0.039519414,0.08748047053813934,0.3896620273590088,0.4091454744338989
YPL016W,YPL265W,0,0.03947357,0.087460957467556,0.3896620273590088,0.4092455506324768
YKL209C,YML007W,0,0.03941609,0.08744144439697266,0.3896620273590088,0.4093455970287323
YKR092C,YMR162C,0,0.039393,0.0874219462275505,0.3896620273590088,0.4094456732273102
YJL042W,YHR084W,0,0.03936161,0.08740245550870895,0.3896620273590088,0.4095457196235657
YPL081W,YNL305C,0,0.039357647,0.087382972240448,0.3896620273590088,0.40964579582214355
YDR261W-B,YGL175C,1,0.039357208,0.08758635818958282,0.390656054019928,0.40964579582214355
YLR410W-B,YGL173C,1,0.039351016,0.08778966218233109,0.39165011048316956,0.40964579582214355
YOR255W,YPL069C,0,0.03931582,0.08777010440826416,0.39165011048316956,0.40974584221839905
YDR365W-B,YKL065C,0,0.039277866,0.08775055408477783,0.39165011048316956,0.40984591841697693
YKL213C,YDR225W,0,0.03927315,0.0877310186624527,0.39165011048316956,0.4099459648132324
YOR231W,YNL009W,0,0.039222293,0.08771149069070816,0.39165011048316956,0.4100460410118103
YDR034C-D,YHR079C,1,0.039217718,0.08791453391313553,0.39264413714408875,0.4100460410118103
YLR320W,YPL217C,0,0.0391877,0.087894968688488,0.39264413714408875,0.4101460874080658
YBR234C,YPL242C,0,0.039127298,0.08787541836500168,0.39264413714408875,0.4102461338043213
YBR021W,YOR202W,0,0.039076626,0.08785587549209595,0.39264413714408875,0.41034621000289917
YBR236C,YGR280C,0,0.03904639,0.08783633261919022,0.39264413714408875,0.41044625639915466
YLR157C-A,YNL030W,0,0.03896121,0.08781680464744568,0.39264413714408875,0.41054633259773254
YDR191W,YGR231C,0,0.038861513,0.08779729157686234,0.39264413714408875,0.41064637899398804
YBR298C,YGL257C,0,0.03885211,0.08777777850627899,0.39264413714408875,0.4107464551925659
YOR229W,YHR098C,0,0.03882645,0.08775827288627625,0.39264413714408875,0.4108465015888214
YJR144W,YMR271C,0,0.038803652,0.08773878216743469,0.39264413714408875,0.4109465777873993
YOL103W-B,YNL085W,1,0.038788624,0.08794137090444565,0.39363816380500793,0.4109465777873993
YPL217C,YER004W,0,0.038786627,0.08792185038328171,0.39363816380500793,0.4110466241836548
YOR354C,YBR204C,0,0.038734674,0.08790232986211777,0.39363816380500793,0.41114670038223267
YNL035C,YNL058C,0,0.038709782,0.08788282424211502,0.39363816380500793,0.41124674677848816
YNL275W,YOL001W,0,0.038699314,0.08786332607269287,0.39363816380500793,0.41134682297706604
YDR210C-D,YML091C,1,0.038658813,0.08806566148996353,0.3946322202682495,0.41134682297706604
YNR023W,YNL257C,0,0.038656928,0.088046133518219,0.3946322202682495,0.41144686937332153
YDR034C-D,YER042W,0,0.03864877,0.08802660554647446,0.3946322202682495,0.411546915769577
YDL168W,YKL221W,0,0.038596183,0.08800709247589111,0.3946322202682495,0.4116469919681549
YCL019W,YLR157C-B,1,0.038575254,0.08820921927690506,0.3956262469291687,0.4116469919681549
YML123C,YDR331W,0,0.038474277,0.08818967640399933,0.3956262469291687,0.4117470383644104
YDR184C,YKL184W,0,0.0384394,0.0881701409816742,0.3956262469291687,0.4118471145629883
YDR316W-B,YLR312W-A,1,0.038394146,0.08837209641933441,0.3966202735900879,0.4118471145629883
YOR329C,YDL049C,0,0.03828887,0.08835252374410629,0.3966202735900879,0.4119471609592438
YPR158W-B,YOL043C,1,0.03827256,0.08855435252189636,0.3976143002510071,0.4119471609592438
YBR039W,YPR181C,0,0.038269743,0.08853475004434586,0.3976143002510071,0.41204723715782166
YBR154C,YER074W-A,0,0.03815183,0.08851515501737595,0.3976143002510071,0.41214728355407715
YBR258C,YEL009C,0,0.03807345,0.08849557489156723,0.3976143002510071,0.41224735975265503
YDR339C,YDL044C,0,0.0379889,0.08847600221633911,0.3976143002510071,0.4123474061489105
YHR007C,YOR336W,0,0.03786254,0.08845643699169159,0.3976143002510071,0.4124474823474884
YPR158C-D,YDR280W,1,0.037855558,0.08865796774625778,0.39860835671424866,0.4124474823474884
YLR135W,YDL185W,1,0.03776045,0.08885941654443741,0.39960238337516785,0.4124474823474884
YOR197W,YBL100W-A,0,0.037662424,0.08883977681398392,0.39960238337516785,0.4125475287437439
YJL091C,YIL168W,0,0.03765337,0.08882015198469162,0.39960238337516785,0.4126475751399994
YBR073W,YBL005W-A,0,0.037601054,0.08880052715539932,0.39960238337516785,0.41274765133857727
YPR158W-A,YGR289C,0,0.03758549,0.08878091722726822,0.39960238337516785,0.41284769773483276
YJL177W,YOR058C,0,0.03755348,0.08876131474971771,0.39960238337516785,0.41294777393341064
YLR059C,YOR343W-B,1,0.03751517,0.08896247297525406,0.40059641003608704,0.41294777393341064
YKL025C,YKL046C,0,0.037498727,0.08894284069538116,0.40059641003608704,0.41304782032966614
YPL053C,YGR038C-B,0,0.037487157,0.08892321586608887,0.40059641003608704,0.413147896528244
YDL226C,YGR240C,0,0.037464112,0.08890359848737717,0.40059641003608704,0.4132479429244995
YLR145W,YAR008W,1,0.03743562,0.0891045406460762,0.4015904664993286,0.4132479429244995
YHR072W-A,YPR066W,0,0.037428148,0.08908489346504211,0.4015904664993286,0.4133480191230774
YPL132W,YJL047C,0,0.03741999,0.08906525373458862,0.4015904664993286,0.4134480655193329
YDR221W,YJL099W,0,0.03739786,0.08904562145471573,0.4015904664993286,0.41354814171791077
YDR322C-A,YNL093W,0,0.03738936,0.08902600407600403,0.4015904664993286,0.41364818811416626
YDR085C,YLR089C,0,0.037332214,0.08900638669729233,0.4015904664993286,0.41374823451042175
YFL018C,YOR130C,0,0.037327364,0.08898678421974182,0.4015904664993286,0.41384831070899963
YIR033W,YNL047C,0,0.037320018,0.08896718919277191,0.4015904664993286,0.4139483571052551
YJL137C,YFL002C,0,0.03729012,0.0889476016163826,0.4015904664993286,0.414048433303833
YLR388W,YDR307W,0,0.037231162,0.08892802149057388,0.4015904664993286,0.4141484797000885
YGL029W,YLR256W,0,0.037180066,0.08890844881534576,0.4015904664993286,0.4142485558986664
YOR056C,YPR158W-B,1,0.03715773,0.0891089141368866,0.4025844931602478,0.4142485558986664
YDR311W,YCR017C,0,0.037109017,0.08908931165933609,0.4025844931602478,0.4143486022949219
YOL142W,YAR009C,1,0.037105516,0.08928964287042618,0.403578519821167,0.4143486022949219
YHR115C,YPL023C,0,0.036998928,0.08927001059055328,0.403578519821167,0.41444867849349976
YMR079W,YMR119W,0,0.036989696,0.08925038576126099,0.403578519821167,0.41454872488975525
YNL054W-B,YML118W,1,0.036986038,0.08945055305957794,0.40457257628440857,0.41454872488975525
YDL188C,YNR046W,0,0.036924317,0.08943089097738266,0.40457257628440857,0.41464880108833313
YKR045C,YOR083W,0,0.03689955,0.08941125124692917,0.40457257628440857,0.4147488474845886
YBR203W,YPL060C-A,0,0.03685686,0.08939161151647568,0.40457257628440857,0.4148489236831665
YJL208C,YGL173C,1,0.03684236,0.08959157019853592,0.40556660294532776,0.4148489236831665
YAL014C,YJR064W,0,0.0367835,0.08957190066576004,0.40556660294532776,0.414948970079422
YBL099W,YPR020W,0,0.03673862,0.08955223858356476,0.40556660294532776,0.4150490164756775
YBR039W,YDR291W,0,0.03666792,0.08953258395195007,0.40556660294532776,0.41514909267425537
YJR029W,YJR006W,1,0.03658925,0.0897323414683342,0.40656062960624695,0.41514909267425537
YER006W,YLR022C,0,0.036579758,0.08971265703439713,0.40656062960624695,0.41524913907051086
YBL084C,YOL115W,0,0.036572963,0.08969298005104065,0.40656062960624695,0.41534921526908875
YBR235W,YKL152C,0,0.036491804,0.08967331796884537,0.40656062960624695,0.41544926166534424
YAL033W,YOR192C-B,1,0.036478452,0.08987285941839218,0.4075546860694885,0.41544926166534424
YGR161W-B,YLR430W,1,0.036304526,0.09007231891155243,0.4085487127304077,0.41544926166534424
YJL010C,YKL137W,0,0.03629735,0.09005258232355118,0.4085487127304077,0.4155493378639221
YOR144C,YER166W,0,0.03626506,0.09003286063671112,0.4085487127304077,0.4156493842601776
YLR376C,YBL005W-A,0,0.036170684,0.09001313894987106,0.4085487127304077,0.4157494604587555
YIR021W,YOR141C,0,0.036133632,0.0899934321641922,0.4085487127304077,0.415849506855011
YFL016C,YGL097W,0,0.036115974,0.08997373282909393,0.4085487127304077,0.41594958305358887
YGR198W,YNL021W,0,0.03610748,0.08995404094457626,0.4085487127304077,0.41604962944984436
YCL038C,YLR424W,0,0.03604205,0.08993435651063919,0.4085487127304077,0.41614967584609985
YOR007C,YOL058W,0,0.03600441,0.08991467952728271,0.4085487127304077,0.41624975204467773
YOR058C,YGL044C,0,0.03579668,0.08989500999450684,0.4085487127304077,0.4163497984409332
YDR339C,YGL033W,0,0.035728507,0.08987535536289215,0.4085487127304077,0.4164498746395111
YMR011W,YKL220C,0,0.03568943,0.08985570818185806,0.4085487127304077,0.4165499210357666
YER119C,YMR309C,0,0.035592467,0.08983606845140457,0.4085487127304077,0.4166499972343445
YNL071W,YHR124W,0,0.0355661,0.08981643617153168,0.4085487127304077,0.4167500436306
YLR157C-A,YPL275W,0,0.035541557,0.08979681134223938,0.4085487127304077,0.41685011982917786
YJL209W,YHR102W,0,0.03548217,0.08977719396352768,0.4085487127304077,0.41695016622543335
YDR237W,YDL213C,0,0.03542556,0.08975759148597717,0.4085487127304077,0.41705024242401123
YBR234C,YPR112C,0,0.035411663,0.08973798900842667,0.4085487127304077,0.4171502888202667
YDR489W,YDL236W,0,0.035385266,0.08971840143203735,0.4085487127304077,0.4172503650188446
YMR287C,YGR109W-B,1,0.035369962,0.08991706371307373,0.4095427393913269,0.4172503650188446
YGL002W,YOR234C,0,0.03536532,0.08989744633436203,0.4095427393913269,0.4173504114151001
YGL022W,YML019W,0,0.035283476,0.08987783640623093,0.4095427393913269,0.4174504578113556
YLR157C-B,YOR125C,0,0.035267018,0.08985823392868042,0.4095427393913269,0.41755053400993347
YHR187W,YDR316W,0,0.03522311,0.08983863890171051,0.4095427393913269,0.41765058040618896
YDR365W-B,YGR092W,0,0.035169505,0.0898190513253212,0.4095427393913269,0.41775065660476685
YGR038C-B,YOL043C,1,0.035168327,0.09001743793487549,0.4105367660522461,0.41775065660476685
YKL046C,YFR009W,0,0.035146147,0.08999782055616379,0.4105367660522461,0.41785070300102234
YGR209C,YKL018W,0,0.035105452,0.08997821062803268,0.4105367660522461,0.4179507791996002
YML095C,YPL083C,1,0.035088226,0.09017643332481384,0.41153082251548767,0.4179507791996002
YDR184C,YJR161C,0,0.03507249,0.09015679359436035,0.41153082251548767,0.4180508255958557
YCR033W,YDL222C,0,0.03505385,0.09013716876506805,0.41153082251548767,0.4181509017944336
YKL025C,YML126C,0,0.0349342,0.09011754393577576,0.41153082251548767,0.4182509481906891
YIL050W,YOR028C,0,0.03489019,0.09009793400764465,0.41153082251548767,0.41835102438926697
YFR004W,YLR424W,0,0.034804307,0.09007833153009415,0.41153082251548767,0.41845107078552246
YGR166W,YLR449W,0,0.034517832,0.09005873650312424,0.41153082251548767,0.41855111718177795
YGR249W,YGR027W-A,0,0.034459762,0.09003914892673492,0.41153082251548767,0.41865119338035583
YGL250W,YER157W,0,0.034421146,0.09001956880092621,0.41153082251548767,0.41875123977661133
YMR106C,YBR244W,0,0.03440918,0.09000000357627869,0.41153082251548767,0.4188513159751892
YPL045W,YGR128C,0,0.03438034,0.08998043835163116,0.41153082251548767,0.4189513623714447
YGR027W-B,YKL113C,1,0.034278765,0.09017818421125412,0.41252484917640686,0.4189513623714447
YDR365W-B,YBR229C,0,0.034240782,0.09015858918428421,0.41252484917640686,0.4190514385700226
YGR161C-D,YNR052C,1,0.03421855,0.09035620838403702,0.41351887583732605,0.4190514385700226
YJL092W,YML069W,0,0.034152836,0.09033659100532532,0.41351887583732605,0.4191514849662781
YHR034C,YBL071W-A,0,0.03411521,0.09031698107719421,0.41351887583732605,0.41925156116485596
YHR183W,YMR244C-A,0,0.034083925,0.09029737114906311,0.41351887583732605,0.41935160756111145
YJR027W,YBL018C,1,0.034072258,0.0904947891831398,0.4145129323005676,0.41935160756111145
YPR061C,YGR067C,0,0.03404943,0.0904751569032669,0.4145129323005676,0.41945168375968933
YNL232W,YMR050C,1,0.034039155,0.09067244827747345,0.4155069589614868,0.41945168375968933
YPL072W,YOR010C,0,0.034036115,0.09065278619527817,0.4155069589614868,0.4195517301559448
YNL125C,YBL071W-A,0,0.03402465,0.09063313156366348,0.4155069589614868,0.4196517765522003
YJL111W,YCR083W,0,0.0340179,0.0906134843826294,0.4155069589614868,0.4197518527507782
YER065C,YGR109C,0,0.034014896,0.0905938446521759,0.4155069589614868,0.4198518991470337
YFL053W,YEL003W,0,0.03398966,0.09057421237230301,0.4155069589614868,0.4199519753456116
YLR297W,YBR014C,0,0.033951573,0.09055459499359131,0.4155069589614868,0.42005202174186707
YER003C,YLR421C,0,0.03395085,0.09053497761487961,0.4155069589614868,0.42015209794044495
YOR130C,YPR065W,0,0.033904225,0.0905153751373291,0.4155069589614868,0.42025214433670044
YDR191W,YBR088C,0,0.033903673,0.09049578011035919,0.4155069589614868,0.4203522205352783
YBL097W,YDR079C-A,0,0.033901565,0.09047619253396988,0.4155069589614868,0.4204522669315338
YNR036C,YER170W,0,0.03384678,0.09045661240816116,0.4155069589614868,0.4205523431301117
YDR099W,YML025C,0,0.033763997,0.09043703973293304,0.4155069589614868,0.4206523895263672
YJR029W,YAR008W,1,0.033702597,0.09063378721475601,0.416500985622406,0.4206523895263672
YPL283C,YNR063W,0,0.033652186,0.0906141847372055,0.416500985622406,0.42075246572494507
YIR007W,YIR021W,0,0.033594564,0.09059459716081619,0.416500985622406,0.42085251212120056
YHR216W,YCR088W,0,0.033571675,0.09057500958442688,0.416500985622406,0.42095255851745605
YLR157C-A,YEL004W,0,0.03356356,0.09055543690919876,0.416500985622406,0.42105263471603394
YPL060C-A,YBL101C,0,0.033555456,0.09053587168455124,0.416500985622406,0.42115268111228943
YBR302C,YHR098C,0,0.03355504,0.09051631391048431,0.416500985622406,0.4212527573108673
YNL299W,YOR010C,0,0.03353733,0.09049676358699799,0.416500985622406,0.4213528037071228
YHR072W,YER042W,0,0.033514425,0.09047722071409225,0.416500985622406,0.4214528799057007
YDR006C,YML114C,0,0.033498645,0.09045768529176712,0.416500985622406,0.4215529263019562
YOL128C,YFR046C,0,0.033455245,0.09043815732002258,0.416500985622406,0.42165300250053406
YBL100W-B,YGR109W-B,1,0.03343357,0.09063444286584854,0.4174950420856476,0.42165300250053406
YIL105C,YNL241C,0,0.0333682,0.09061488509178162,0.4174950420856476,0.42175304889678955
YER065C,YOR122C,0,0.033333935,0.09059534221887589,0.4174950420856476,0.42185312509536743
YNL001W,YKL011C,1,0.033333167,0.09079145640134811,0.4184890687465668,0.42185312509536743
YDL188C,YKL221W,0,0.033298217,0.09077188372612,0.4184890687465668,0.4219531714916229
YNL134C,YPL012W,0,0.033290632,0.09075231850147247,0.4184890687465668,0.4220532178878784
YGR287C,YLL036C,0,0.033233203,0.09073276072740555,0.4184890687465668,0.4221532940864563
YDR098C-B,YMR285C,1,0.033155963,0.09092868119478226,0.41948309540748596,0.4221532940864563
YGL250W,YMR199W,0,0.03314414,0.09090909361839294,0.41948309540748596,0.4222533404827118
YAL032C,YFR004W,0,0.033143036,0.09088951349258423,0.41948309540748596,0.4223534166812897
YMR116C,YDR302W,0,0.033108324,0.09086994081735611,0.41948309540748596,0.42245346307754517
YDR365W-B,YER041W,1,0.03306827,0.0910656601190567,0.42047715187072754,0.42245346307754517
YJR027W,YCR026C,1,0.033044487,0.09126129746437073,0.42147117853164673,0.42245346307754517
YPR158W-B,YOL021C,1,0.03300871,0.09145685285329819,0.4224652051925659,0.42245346307754517
YDL103C,YJR044C,0,0.03300129,0.09143717586994171,0.4224652051925659,0.42255353927612305
YLR274W,YDR163W,0,0.032935247,0.09141750633716583,0.4224652051925659,0.42265358567237854
YPL132W,YHL009W-A,0,0.03290777,0.09139785170555115,0.4224652051925659,0.4227536618709564
YLR342W,YNL087W,0,0.032857984,0.09137819707393646,0.4224652051925659,0.4228537082672119
YAL032C,YNL256W,0,0.03268563,0.09135855734348297,0.4224652051925659,0.4229537844657898
YHR016C,YJL138C,0,0.032603472,0.09133891761302948,0.4224652051925659,0.4230538308620453
YMR059W,YER138C,1,0.032582507,0.09153416752815247,0.4234592318534851,0.4230538308620453
YOR033C,YJL208C,1,0.0325637,0.09172932058572769,0.4244532883167267,0.4230538308620453
YOL044W,YLL015W,0,0.032446735,0.09170962125062943,0.4244532883167267,0.42315390706062317
YGL085W,YML091C,1,0.032412216,0.0919046625494957,0.4254473149776459,0.42315390706062317
YCL026C-A,YOR125C,0,0.03241062,0.09188492596149445,0.4254473149776459,0.42325395345687866
YJR091C,YDR163W,0,0.032405846,0.09186520427465439,0.4254473149776459,0.42335399985313416
YJL210W,YPL069C,0,0.032326117,0.09184549003839493,0.4254473149776459,0.42345407605171204
YOR056C,YPR158C-D,1,0.03228642,0.09204033762216568,0.42644134163856506,0.42345407605171204
YDR210C-D,YOL043C,1,0.032230444,0.09223509579896927,0.42743539810180664,0.42345407605171204
YBL100W-B,YOR343W-B,1,0.03217967,0.0924297645688057,0.42842942476272583,0.42345407605171204
YOL089C,YER074W-A,0,0.032132924,0.09240994602441788,0.42842942476272583,0.42355412244796753
YIL040W,YGL156W,0,0.03211893,0.09239014238119125,0.42842942476272583,0.4236541986465454
YDR051C,YKL220C,0,0.032049954,0.09237033873796463,0.42842942476272583,0.4237542450428009
YIR028W,YBR008C,0,0.03201729,0.0923505499958992,0.42842942476272583,0.4238543212413788
YNL125C,YPL046C,0,0.032016,0.09233076125383377,0.42842942476272583,0.4239543676376343
YMR079W,YLR233C,0,0.03197217,0.09231098741292953,0.42842942476272583,0.42405444383621216
YDR098C-B,YOR343W-B,1,0.031910792,0.09250535070896149,0.429423451423645,0.42405444383621216
YDL181W,YCR066W,0,0.031899944,0.09248554706573486,0.429423451423645,0.42415449023246765
YBR084C-A,YKR080W,0,0.03179331,0.09246575087308884,0.429423451423645,0.42425456643104553
YML029W,YFL053W,0,0.031788364,0.092445969581604,0.429423451423645,0.424354612827301
YOR130C,YDL165W,0,0.031779528,0.09242618829011917,0.429423451423645,0.4244546592235565
YNL232W,YDR261W-B,1,0.031778894,0.09262032061815262,0.4304175078868866,0.4244546592235565
YOR361C,YMR268C,0,0.03177224,0.092600516974926,0.4304175078868866,0.4245547354221344
YIL023C,YOR178C,0,0.031737342,0.09258071333169937,0.4304175078868866,0.4246547818183899
YER078C,YPL124W,0,0.031695113,0.09256092458963394,0.4304175078868866,0.4247548580169678
YLR071C,YBR039W,0,0.03153207,0.09254114329814911,0.4304175078868866,0.42485490441322327
YOL110W,YLR148W,0,0.031520255,0.09252136945724487,0.4304175078868866,0.42495498061180115
YGR027W-A,YGL187C,0,0.03148804,0.09250160306692123,0.4304175078868866,0.42505502700805664
YIL085C,YPL192C,0,0.03145667,0.09248184412717819,0.4304175078868866,0.4251551032066345
YNL327W,YLR424W,0,0.031452306,0.09246210008859634,0.4304175078868866,0.42525514960289
YDR365W-B,YDL213C,0,0.031445824,0.0924423560500145,0.4304175078868866,0.4253552258014679
YJR090C,YBL018C,0,0.031423464,0.09242262691259384,0.4304175078868866,0.4254552721977234
YGR074W,YDR206W,0,0.03141342,0.09240290522575378,0.4304175078868866,0.4255553185939789
YNL229C,YDR489W,0,0.031398647,0.09238319098949432,0.4304175078868866,0.42565539479255676
YPR103W,YLR308W,0,0.031341746,0.09236348420381546,0.4304175078868866,0.42575544118881226
YHL007C,YLR157C-A,0,0.03134136,0.0923437848687172,0.4304175078868866,0.42585551738739014
YPR094W,YAR071W,0,0.03133163,0.09232409298419952,0.4304175078868866,0.42595556378364563
YOR128C,YGL099W,0,0.031190274,0.09230441600084305,0.4304175078868866,0.4260556399822235
YDL226C,YOL089C,0,0.031187927,0.09228473901748657,0.4304175078868866,0.426155686378479
YNL021W,YEL009C,0,0.031177355,0.09226507693529129,0.4304175078868866,0.4262557625770569
YDR311W,YKL027W,0,0.031061487,0.0922454223036766,0.4304175078868866,0.4263558089733124
YLR378C,YDR484W,0,0.03103519,0.09222577512264252,0.4304175078868866,0.42645588517189026
YDR480W,YIL168W,0,0.031007169,0.09220613539218903,0.4304175078868866,0.42655593156814575
YNL097C,YMR029C,0,0.030960409,0.09218650311231613,0.4304175078868866,0.42665600776672363
YBR018C,YGR038C-B,0,0.030958513,0.09216687828302383,0.4304175078868866,0.4267560541629791
YLR077W,YNL037C,0,0.030848516,0.09214726835489273,0.4304175078868866,0.4268561005592346
YCR067C,YPL029W,0,0.030837981,0.09212765842676163,0.4304175078868866,0.4269561767578125
YGL160W,YOR197W,0,0.030786978,0.09210806339979172,0.4304175078868866,0.427056223154068
YJL018W,YDL201W,0,0.030754032,0.0920884758234024,0.4304175078868866,0.4271562993526459
YDR073W,YNL148C,0,0.030654056,0.09206889569759369,0.4304175078868866,0.42725634574890137
YGR030C,YML091C,1,0.030649377,0.092261902987957,0.4314115345478058,0.42725634574890137
YPL032C,YNL254C,0,0.030626861,0.0922422930598259,0.4314115345478058,0.42735642194747925
YGR074W,YNL009W,0,0.030573135,0.09222269803285599,0.4314115345478058,0.42745646834373474
YOR343W-B,YGR161W-B,1,0.030531323,0.09241554886102676,0.432405561208725,0.42745646834373474
YPL045W,YIR035C,0,0.030522404,0.09239592403173447,0.432405561208725,0.4275565445423126
YDR261C-C,YOR196C,0,0.030490471,0.09237629920244217,0.432405561208725,0.4276565909385681
YDR348C,YGL086W,0,0.03048808,0.09235668927431107,0.432405561208725,0.427756667137146
YBL102W,YDR123C,0,0.030292613,0.09233708679676056,0.432405561208725,0.4278567135334015
YKL035W,YCR003W,0,0.030273406,0.09231748431921005,0.432405561208725,0.427956759929657
YGR161C-C,YPL032C,0,0.03025481,0.09229789674282074,0.432405561208725,0.42805683612823486
YBR239C,YHR072W-A,0,0.030224646,0.09227831661701202,0.432405561208725,0.42815688252449036
YPL257W-B,YOL043C,1,0.030193081,0.09247083961963654,0.43339958786964417,0.42815688252449036
YPR183W,YNL265C,0,0.030177368,0.09245122969150543,0.43339958786964417,0.42825695872306824
YNR063W,YHR001W,0,0.030152453,0.09243162721395493,0.43339958786964417,0.42835700511932373
YMR266W,YJL002C,0,0.03014846,0.09241203963756561,0.43339958786964417,0.4284570813179016
YGR090W,YPR140W,0,0.030087529,0.0923924595117569,0.43339958786964417,0.4285571277141571
YDR034C-D,YPL008W,0,0.03004163,0.09237287938594818,0.43339958786964417,0.428657203912735
YOL027C,YLR368W,0,0.030003441,0.09235331416130066,0.43339958786964417,0.4287572503089905
YGL032C,YOR188W,0,0.030003099,0.09233375638723373,0.43339958786964417,0.42885732650756836
YPR158W-B,YGR095C,1,0.02997494,0.09252593666315079,0.43439364433288574,0.42885732650756836
YNL088W,YJR002W,0,0.029959662,0.09250634908676147,0.43439364433288574,0.42895737290382385
YLR069C,YPR052C,0,0.029922945,0.09248676896095276,0.43439364433288574,0.42905744910240173
YJL113W,YKL018W,0,0.02991295,0.09246720373630524,0.43439364433288574,0.4291574954986572
YAL021C,YDR279W,1,0.029882519,0.09265919029712677,0.43538767099380493,0.4291574954986572
YDL165W,YCR003W,0,0.02986261,0.09263959527015686,0.43538767099380493,0.4292575418949127
YCR073C,YDR155C,0,0.029852284,0.09262000769376755,0.43538767099380493,0.4293576180934906
YLR143W,YCR035C,1,0.029795272,0.09281183779239655,0.4363816976547241,0.4293576180934906
YER019W,YDR097C,0,0.02973692,0.09279222041368484,0.4363816976547241,0.4294576644897461
YBR210W,YHR121W,0,0.029721985,0.09277261048555374,0.4363816976547241,0.429557740688324
YDR261W-B,YOR048C,1,0.029579287,0.0929642915725708,0.4373757541179657,0.429557740688324
YIR022W,YDR363W,0,0.029577663,0.0929446592926979,0.4373757541179657,0.42965778708457947
YKL176C,YER074W-A,0,0.029577358,0.09292502701282501,0.4373757541179657,0.42975786328315735
YOL103W-B,YGR258C,1,0.029527342,0.09311655163764954,0.4383697807788849,0.42975786328315735
YDR098C-B,YKL011C,1,0.029512143,0.09330800175666809,0.4393638074398041,0.42975786328315735
YKL018W,YGL032C,0,0.029480679,0.09328830987215042,0.4393638074398041,0.42985790967941284
YDR034C-D,YMR050C,1,0.029444406,0.09347963333129883,0.44035786390304565,0.42985790967941284
YLR410W-B,YDR280W,1,0.029384894,0.09367088973522186,0.44135189056396484,0.42985790967941284
YHL033C,YDR180W,0,0.029382033,0.09365113079547882,0.44135189056396484,0.4299579858779907
YEL016C,YKL149C,1,0.029354466,0.09384226053953171,0.44234591722488403,0.4299579858779907
YBR280C,YMR029C,0,0.029326705,0.09382247179746628,0.44234591722488403,0.4300580322742462
YMR291W,YGL008C,0,0.029301805,0.09380269795656204,0.44234591722488403,0.4301581084728241
YPL256C,YDR210W-A,0,0.029206323,0.0937829315662384,0.44234591722488403,0.4302581548690796
YIL103W,YER170W,0,0.029183311,0.09376317262649536,0.44234591722488403,0.4303582012653351
YDR261C-D,YLR157C-B,1,0.029101877,0.09395407885313034,0.4433399736881256,0.4303582012653351
YHR072W,YBR135W,0,0.029024808,0.09393429011106491,0.4433399736881256,0.43045827746391296
YMR135C,YMR283C,0,0.029005965,0.09391450881958008,0.4433399736881256,0.43055832386016846
YNR032W,YHL009W-A,0,0.02894952,0.09389473497867584,0.4433399736881256,0.43065840005874634
YPR145W,YBL002W,0,0.028909529,0.0938749760389328,0.4433399736881256,0.43075844645500183
YPR158C-D,YLR157C-B,1,0.028905647,0.09406565874814987,0.4443340003490448,0.43075844645500183
YDL168W,YGR195W,0,0.028902156,0.09404586255550385,0.4443340003490448,0.4308585226535797
YOL006C,YFL018C,0,0.028837053,0.09402608126401901,0.4443340003490448,0.4309585690498352
YHR091C,YPR056W,0,0.02883516,0.09400630742311478,0.4443340003490448,0.4310586452484131
YMR134W,YKR039W,0,0.02879159,0.09398654103279114,0.4443340003490448,0.4311586916446686
YPL217C,YML025C,0,0.028779628,0.0939667820930481,0.4443340003490448,0.43125876784324646
YLR410W-B,YMR234W,1,0.028746506,0.09415721148252487,0.445328027009964,0.43125876784324646
YKL049C,YOR202W,0,0.028717155,0.09413742274045944,0.445328027009964,0.43135881423950195
YBL067C,YOR083W,0,0.028696006,0.0941176488995552,0.445328027009964,0.43145886063575745
YDL227C,YMR224C,1,0.028664766,0.09430792182683945,0.4463220536708832,0.43145886063575745
YPR104C,YOR321W,0,0.028645406,0.09428811073303223,0.4463220536708832,0.4315589368343353
YDR541C,YJR088C,0,0.028621292,0.0942683219909668,0.4463220536708832,0.4316589832305908
YBR068C,YML014W,0,0.028607978,0.09424853324890137,0.4463220536708832,0.4317590594291687
YCR048W,YOL068C,0,0.028605966,0.09422875195741653,0.4463220536708832,0.4318591058254242
YDR261C-D,YMR234W,1,0.02851327,0.09441880136728287,0.44731611013412476,0.4318591058254242
YLR157C-A,YML131W,0,0.028509958,0.09439899027347565,0.44731611013412476,0.4319591820240021
YPR029C,YLR138W,0,0.028491093,0.09437919408082962,0.44731611013412476,0.43205922842025757
YDR156W,YGR261C,0,0.028484194,0.09435940533876419,0.44731611013412476,0.43215930461883545
YHR188C,YDL213C,0,0.028465042,0.09433962404727936,0.44731611013412476,0.43225935101509094
YGR207C,YJL036W,0,0.02844177,0.09431985020637512,0.44731611013412476,0.4323594272136688
YNL323W,YLR003C,0,0.028386718,0.09430008381605148,0.44731611013412476,0.4324594736099243
YKL221W,YBR008C,0,0.028385965,0.09428032487630844,0.44731611013412476,0.4325595498085022
YDR263C,YDR478W,1,0.028285066,0.09447004646062851,0.44831013679504395,0.4325595498085022
YOR361C,YJR161C,0,0.028162805,0.09445026516914368,0.44831013679504395,0.4326595962047577
YNL275W,YOR303W,0,0.028120184,0.09443048387765884,0.44831013679504395,0.4327596426010132
YBR186W,YKL216W,0,0.02810668,0.0944107174873352,0.44831013679504395,0.43285971879959106
YPL124W,YHR072W-A,0,0.028099367,0.09439095854759216,0.44831013679504395,0.43295976519584656
YDR184C,YOR298C-A,0,0.028047254,0.09437120705842972,0.44831013679504395,0.43305984139442444
YDL188C,YDR302W,0,0.028039081,0.09435146301984787,0.44831013679504395,0.43315988779067993
YNL072W,YJR105W,0,0.028038247,0.09433172643184662,0.44831013679504395,0.4332599639892578
YBL006C,YLR133W,0,0.027962876,0.09431200474500656,0.44831013679504395,0.4333600103855133
YGL124C,YMR116C,0,0.027906237,0.0942922830581665,0.44831013679504395,0.4334600865840912
YOR328W,YBR077C,0,0.027876867,0.09427257627248764,0.44831013679504395,0.4335601329803467
YDR043C,YHR128W,0,0.027854277,0.09425287693738937,0.44831013679504395,0.43366020917892456
YNL072W,YIR015W,1,0.027787393,0.09444212168455124,0.44930416345596313,0.43366020917892456
YKL125W,YMR170C,0,0.027727226,0.09442239254713058,0.44930416345596313,0.43376025557518005
YGR271C-A,YPL124W,0,0.02770253,0.09440267086029053,0.44930416345596313,0.43386030197143555
YJR043C,YOL103W-B,1,0.027669458,0.09459177404642105,0.4502982199192047,0.43386030197143555
YML118W,YOR192C-B,1,0.027651502,0.09478079527616501,0.4512922465801239,0.43386030197143555
YLR372W,YEL047C,0,0.027638523,0.09476100653409958,0.4512922465801239,0.4339603781700134
YMR045C,YGR027W-B,1,0.027597187,0.09494991600513458,0.4522862732410431,0.4339603781700134
YDR316W-B,YOL042W,1,0.02754443,0.09513874351978302,0.45328032970428467,0.4339603781700134
YBL042C,YPL170W,0,0.027530251,0.09511889517307281,0.45328032970428467,0.4340604245662689
YOL128C,YNL125C,0,0.027500479,0.0950990617275238,0.45328032970428467,0.4341605007648468
YDL178W,YGL011C,0,0.027491285,0.09507923573255539,0.45328032970428467,0.4342605471611023
YBR221C,YGL150C,0,0.027468098,0.09505940973758698,0.45328032970428467,0.4343606233596802
YOR336W,YHR042W,0,0.027442737,0.09503959864377975,0.45328032970428467,0.43446066975593567
YKL113C,YBR215W,0,0.027421644,0.09501979500055313,0.45328032970428467,0.43456074595451355
YLR310C,YDL161W,0,0.027379198,0.0949999988079071,0.45328032970428467,0.43466079235076904
YFL016C,YOR171C,0,0.02734057,0.09498021006584167,0.45328032970428467,0.4347608685493469
YKR010C,YGR027W-A,0,0.027312635,0.09496043622493744,0.45328032970428467,0.4348609149456024
YNL209W,YPR023C,0,0.027278146,0.0949406623840332,0.45328032970428467,0.4349609911441803
YJR043C,YKL011C,1,0.027270107,0.09512905776500702,0.45427435636520386,0.4349609911441803
YNL090W,YIL099W,0,0.02725741,0.09510926157236099,0.45427435636520386,0.4350610375404358
YJL116C,YOL075C,0,0.027246574,0.09508947283029556,0.45427435636520386,0.4351610839366913
YBR204C,YML026C,0,0.02724482,0.09506969153881073,0.45427435636520386,0.43526116013526917
YDR365W-B,YCR069W,0,0.027080921,0.0950499176979065,0.45427435636520386,0.43536120653152466
YER003C,YNL241C,0,0.027010879,0.09503015130758286,0.45427435636520386,0.43546128273010254
YGL032C,YJR125C,0,0.026984317,0.09501039236783981,0.45427435636520386,0.43556132912635803
YJL209W,YGL245W,0,0.026940254,0.09499064832925797,0.45427435636520386,0.4356614053249359
YEL063C,YOR141C,0,0.026908645,0.09497090429067612,0.45427435636520386,0.4357614517211914
YGR271C-A,YNL229C,0,0.02684247,0.09495117515325546,0.45427435636520386,0.4358615279197693
YLR312W-A,YLR105C,1,0.026787123,0.09513917565345764,0.45526838302612305,0.4358615279197693
YNL054W-B,YMR050C,1,0.02677047,0.09532710164785385,0.4562624394893646,0.4358615279197693
YGR186W,YGL097W,0,0.02670124,0.09530730545520782,0.4562624394893646,0.4359615743160248
YOR033C,YGL008C,0,0.026599502,0.09528752416372299,0.4562624394893646,0.43606165051460266
YHL018W,YBL105C,0,0.026570572,0.09526774287223816,0.4562624394893646,0.43616169691085815
YDL010W,YKL208W,0,0.026540903,0.09524797648191452,0.4562624394893646,0.43626174330711365
YBR227C,YGL012W,0,0.02653282,0.09522821754217148,0.4562624394893646,0.43636181950569153
YLR393W,YBL071W-A,0,0.026532395,0.09520846605300903,0.4562624394893646,0.436461865901947
YLR157C-A,YNL336W,0,0.02646148,0.09518872201442719,0.4562624394893646,0.4365619421005249
YNR032W,YOL089C,0,0.026458642,0.09516898542642593,0.4562624394893646,0.4366619884967804
YGR068C,YLL015W,0,0.026421567,0.09514925628900528,0.4562624394893646,0.4367620646953583
YKL011C,YPL083C,1,0.026362998,0.09533678740262985,0.4572564661502838,0.4367620646953583
YDR210C-D,YBR098W,1,0.026284276,0.09552424401044846,0.458250492811203,0.4367620646953583
YMR092C,YJL050W,0,0.026272653,0.09550445526838303,0.458250492811203,0.43686211109161377
YJR043C,YHR084W,0,0.026269065,0.0954846739768982,0.458250492811203,0.43696218729019165
YGR038C-B,YHR166C,0,0.026168687,0.09546490013599396,0.458250492811203,0.43706223368644714
YLR132C,YOR017W,0,0.02611187,0.09544513374567032,0.458250492811203,0.437162309885025
YIL041W,YJL160C,0,0.026107294,0.09542537480592728,0.458250492811203,0.4372623562812805
YKL011C,YNL284C-B,1,0.02608317,0.09561258554458618,0.4592445194721222,0.4372623562812805
YKR045C,YOR298C-A,0,0.026062598,0.09559279680252075,0.4592445194721222,0.437362402677536
YPL236C,YPL030W,0,0.026038697,0.09557302296161652,0.4592445194721222,0.4374624788761139
YNL250W,YOR142W-B,1,0.025991565,0.09576008468866348,0.46023857593536377,0.4374624788761139
YBL045C,YHR003C,0,0.02594587,0.09574028104543686,0.46023857593536377,0.4375625252723694
YJL018W,YIL091C,0,0.0259401,0.09572048485279083,0.46023857593536377,0.43766260147094727
YOR094W,YBR265W,0,0.0259075,0.095700703561306,0.46023857593536377,0.43776264786720276
YOR118W,YLR157C-B,0,0.025888832,0.09568092226982117,0.46023857593536377,0.43786272406578064
YLR157C-B,YPL265W,0,0.025880737,0.09566115587949753,0.46023857593536377,0.43796277046203613
YGR095C,YOR142W-B,1,0.025876725,0.0958479642868042,0.46123260259628296,0.43796277046203613
YDL181W,YMR309C,0,0.025874672,0.09582816809415817,0.46123260259628296,0.438062846660614
YLR310C,YJR093C,0,0.025838507,0.09580838680267334,0.46123260259628296,0.4381628930568695
YGR041W,YDR489W,0,0.025828464,0.09578860551118851,0.46123260259628296,0.4382629692554474
YDR382W,YDL122W,0,0.0258027,0.09576883167028427,0.46123260259628296,0.4383630156517029
YGL130W,YBR167C,0,0.025766848,0.09574907273054123,0.46123260259628296,0.43846309185028076
YDR339C,YIL073C,0,0.025760913,0.09572931379079819,0.46123260259628296,0.43856313824653625
YGR140W,YGR067C,0,0.025728883,0.09570956975221634,0.46123260259628296,0.43866318464279175
YJL010C,YLL005C,0,0.025713483,0.09568983316421509,0.46123260259628296,0.43876326084136963
YOR118W,YBR235W,0,0.02567781,0.09567010402679443,0.46123260259628296,0.4388633072376251
YOR343W-B,YER138C,1,0.02563954,0.09585652500391006,0.46222662925720215,0.4388633072376251
YLR157C-B,YIL050W,0,0.025587378,0.09583676606416702,0.46222662925720215,0.438963383436203
YDR293C,YBR288C,0,0.025534553,0.09581702202558517,0.46222662925720215,0.4390634298324585
YKL046C,YML111W,0,0.025498902,0.09579727798700333,0.46222662925720215,0.4391635060310364
YDL194W,YOL049W,0,0.025489418,0.09577754884958267,0.46222662925720215,0.43926355242729187
YGL207W,YGR261C,0,0.025373576,0.09575782716274261,0.46222662925720215,0.43936362862586975
YLR376C,YPL266W,0,0.025348304,0.09573811292648315,0.46222662925720215,0.43946367502212524
YPR164W,YFL003C,0,0.025299354,0.09571840614080429,0.46222662925720215,0.4395637512207031
YJL184W,YDR123C,0,0.025157256,0.09569870680570602,0.46222662925720215,0.4396637976169586
YOR115C,YMR092C,0,0.024979306,0.09567901492118835,0.46222662925720215,0.4397638440132141
YGL013C,YMR251W-A,0,0.024970813,0.09565933048725128,0.46222662925720215,0.439863920211792
YBL005W-B,YNR052C,1,0.02495849,0.09584533423185349,0.4632206857204437,0.439863920211792
YBR135W,YER166W,0,0.024943901,0.09582561999559402,0.4632206857204437,0.4399639666080475
YBR021W,YMR067C,0,0.02492444,0.09580592066049576,0.4632206857204437,0.44006404280662537
YBR265W,YOR153W,0,0.024912795,0.09578622877597809,0.4632206857204437,0.44016408920288086
YGR109W-B,YNR052C,1,0.024875844,0.09597205370664597,0.4642147123813629,0.44016408920288086
YLR135W,YGR027W-B,1,0.024866773,0.09615779668092728,0.4652087390422821,0.44016408920288086
YDR123C,YLL015W,0,0.024734838,0.09613804519176483,0.4652087390422821,0.44026416540145874
YIL015W,YFL008W,0,0.024693815,0.09611830115318298,0.4652087390422821,0.44036421179771423
YPL211W,YDR079C-A,0,0.024693714,0.09609856456518173,0.4652087390422821,0.4404642879962921
YGL002W,YGR271C-A,0,0.024674525,0.09607883542776108,0.4652087390422821,0.4405643343925476
YOR229W,YBR210W,0,0.024645446,0.09605911374092102,0.4652087390422821,0.4406644105911255
YDR349C,YJL203W,0,0.024612023,0.09603939950466156,0.4652087390422821,0.440764456987381
YNL090W,YFL034C-A,0,0.024600962,0.0960196927189827,0.4652087390422821,0.44086453318595886
YNL072W,YKL073W,0,0.024579732,0.09600000083446503,0.4652087390422821,0.44096457958221436
YGR049W,YFL002C,0,0.024533128,0.09598030894994736,0.4652087390422821,0.44106462597846985
YPR137C-B,YER142C,1,0.024488399,0.09616567194461823,0.4662027955055237,0.44106462597846985
YDR324C,YDR210W-A,0,0.024488313,0.09614596515893936,0.4662027955055237,0.44116470217704773
YJL051W,YMR104C,0,0.024445293,0.0961262583732605,0.4662027955055237,0.4412647485733032
YDL103C,YBR021W,0,0.024421526,0.09610655903816223,0.4662027955055237,0.4413648247718811
YOR229W,YML062C,0,0.02439647,0.09608686715364456,0.4662027955055237,0.4414648711681366
YPL047W,YDR198C,0,0.024372024,0.09606718271970749,0.4662027955055237,0.4415649473667145
YOL103W-B,YML091C,1,0.024304869,0.09625230729579926,0.46719682216644287,0.4415649473667145
YJL018W,YOL021C,0,0.024280867,0.0962325930595398,0.46719682216644287,0.44166499376296997
YDR006C,YKL120W,0,0.024242295,0.09621289372444153,0.46719682216644287,0.44176506996154785
YLR166C,YIR003W,0,0.024074553,0.09619320183992386,0.46719682216644287,0.44186511635780334
YDR143C,YPL118W,0,0.02402447,0.09617352485656738,0.46719682216644287,0.4419651925563812
YMR059W,YKL025C,1,0.024001895,0.09635842591524124,0.46819084882736206,0.4419651925563812
YDR338C,YOR303W,0,0.023998355,0.09633871912956238,0.46819084882736206,0.4420652389526367
YLR143W,YGR109W-B,1,0.023974208,0.09652351588010788,0.46918490529060364,0.4420652389526367
YBR104W,YNL005C,0,0.023937864,0.09650377929210663,0.46918490529060364,0.4421652853488922
YER124C,YLL052C,0,0.023891164,0.09648405760526657,0.46918490529060364,0.4422653615474701
YJR056C,YDR079C-A,0,0.023879783,0.09646433591842651,0.46918490529060364,0.4423654079437256
YML118W,YMR305C,0,0.02377964,0.09644462913274765,0.46918490529060364,0.44246548414230347
YGL100W,YKR042W,0,0.02365329,0.09642492234706879,0.46918490529060364,0.44256553053855896
YNL072W,YGL008C,0,0.023641063,0.09640523046255112,0.46918490529060364,0.44266560673713684
YDR034C-D,YJR067C,0,0.023632554,0.09638553857803345,0.46918490529060364,0.44276565313339233
YNL299W,YML029W,0,0.023574872,0.09636586159467697,0.46918490529060364,0.4428657293319702
YOR144C,YFL031W,0,0.023555322,0.09634619206190109,0.46918490529060364,0.4429657757282257
YDR316W-B,YOL080C,1,0.023512712,0.09653060883283615,0.4701789319515228,0.4429657757282257
YNR073C,YDR034C-D,0,0.023493106,0.09651091694831848,0.4701789319515228,0.4430658519268036
YDR210W-B,YNL054W-B,1,0.023459872,0.09669522941112518,0.471172958612442,0.4430658519268036
YGL100W,YDR382W,0,0.023436783,0.09667550772428513,0.471172958612442,0.4431658983230591
YGR068C,YPL249C-A,0,0.023379205,0.09665579348802567,0.471172958612442,0.4432659447193146
YOR255W,YIL015W,0,0.02331744,0.0966360867023468,0.471172958612442,0.44336602091789246
YDR034C-D,YLR430W,1,0.023235237,0.09682022035121918,0.4721669852733612,0.44336602091789246
YDR097C,YJR017C,0,0.02305798,0.09680049121379852,0.4721669852733612,0.44346606731414795
YNL001W,YPR137C-B,1,0.023037715,0.09698451310396194,0.4731610417366028,0.44346606731414795
YLR297W,YIL044C,0,0.0230344,0.0969647616147995,0.4731610417366028,0.44356614351272583
YNL054W-B,YIL080W,1,0.023029169,0.09714867919683456,0.474155068397522,0.44356614351272583
YGR027W-B,YOR142W-B,1,0.023017948,0.09733252227306366,0.47514909505844116,0.44356614351272583
YFR051C,YDR001C,0,0.023008345,0.09731270372867584,0.47514909505844116,0.4436661899089813
YPR158W-A,YDR489W,0,0.022921177,0.09729290008544922,0.47514909505844116,0.4437662661075592
YNR063W,YJR161C,0,0.02290052,0.0972730964422226,0.47514909505844116,0.4438663125038147
YPL170W,YGR284C,0,0.022811754,0.09725330770015717,0.47514909505844116,0.4439663887023926
YGL013C,YJL111W,0,0.02276911,0.09723352640867233,0.47514909505844116,0.44406643509864807
YPL256C,YNL265C,0,0.022762502,0.0972137451171875,0.47514909505844116,0.44416651129722595
YDR266C,YBL071W-A,0,0.022592189,0.09719397872686386,0.47514909505844116,0.44426655769348145
YDR191W,YPL228W,0,0.02259093,0.09717421978712082,0.47514909505844116,0.4443666338920593
YDL103C,YPR164W,0,0.022581173,0.09715446829795837,0.47514909505844116,0.4444666802883148
YPR094W,YBR021W,0,0.022542542,0.09713473170995712,0.47514909505844116,0.4445667266845703
YBR200W,YDR153C,0,0.022484472,0.09711499512195587,0.47514909505844116,0.4446668028831482
YKL146W,YDR331W,0,0.02243927,0.09709526598453522,0.47514909505844116,0.4447668492794037
YMR287C,YGR095C,1,0.02241909,0.09727863222360611,0.47614315152168274,0.4447668492794037
YDL232W,YLR378C,0,0.022405913,0.09725888073444366,0.47614315152168274,0.44486692547798157
YER035W,YBR044C,0,0.02240537,0.09723913669586182,0.47614315152168274,0.44496697187423706
YJL113W,YIL015W,0,0.022400068,0.09721940010786057,0.47614315152168274,0.44506704807281494
YGR027W-B,YNL284C-B,1,0.022354191,0.09740259498357773,0.47713717818260193,0.44506704807281494
YGL156W,YLR421C,0,0.02232038,0.09738283604383469,0.47713717818260193,0.44516709446907043
YPR158C-D,YGR161W-B,1,0.022284528,0.09756592661142349,0.4781312048435211,0.44516709446907043
YGL131C,YHR203C,0,0.02227662,0.09754613786935806,0.4781312048435211,0.4452671706676483
YDL064W,YER035W,0,0.022226607,0.09752635657787323,0.4781312048435211,0.4453672170639038
YIL041W,YLR341W,0,0.022224618,0.09750659018754959,0.4781312048435211,0.4454672932624817
YML118W,YML001W,0,0.022219269,0.09748682379722595,0.4781312048435211,0.4455673396587372
YHL022C,YDR261W-B,1,0.022128174,0.09766970574855804,0.4791252613067627,0.4455673396587372
YDR261C-C,YHR083W,0,0.022054033,0.09764991700649261,0.4791252613067627,0.4456673860549927
YOR354C,YDR261C-C,0,0.021983484,0.09763014316558838,0.4791252613067627,0.44576746225357056
YCL019W,YML091C,1,0.021923186,0.09781287610530853,0.4801192879676819,0.44576746225357056
YKR013W,YHR042W,0,0.021907391,0.09779307246208191,0.4801192879676819,0.44586750864982605
YBR258C,YOR293W,0,0.021890884,0.09777327626943588,0.4801192879676819,0.44596758484840393
YJL010C,YGR027W-A,0,0.021870377,0.09775348752737045,0.4801192879676819,0.4460676312446594
YOL110W,YCR017C,0,0.021868242,0.09773371368646622,0.4801192879676819,0.4461677074432373
YLR406C,YGR161C-C,0,0.02170516,0.09771393984556198,0.4801192879676819,0.4462677538394928
YMR106C,YHR196W,0,0.021674147,0.09769417345523834,0.4801192879676819,0.4463678300380707
YHL009W-B,YCR026C,1,0.021655736,0.0978766456246376,0.4811133146286011,0.4463678300380707
YDL004W,YNL099C,0,0.021623662,0.09785685688257217,0.4811133146286011,0.44646787643432617
YGR030C,YHR214C-B,1,0.021580895,0.09803921729326248,0.48210734128952026,0.44646787643432617
YER144C,YDR237W,0,0.021552658,0.09801939874887466,0.48210734128952026,0.44656795263290405
YPL030W,YHR032W,0,0.021508662,0.09799959510564804,0.48210734128952026,0.44666799902915955
YCL019W,YGR161W-B,1,0.021508565,0.0981818214058876,0.48310139775276184,0.44666799902915955
YLR205C,YLR393W,0,0.02148023,0.09816198796033859,0.48310139775276184,0.4467680752277374
YGR038C-B,YNR052C,1,0.02145241,0.0983441025018692,0.48409542441368103,0.4467680752277374
YJL145W,YHL009W-A,0,0.021443887,0.0983242467045784,0.48409542441368103,0.4468681216239929
YBR127C,YLR372W,0,0.021440906,0.0983043983578682,0.48409542441368103,0.4469681680202484
YBR228W,YOR142W-B,1,0.021412415,0.09848637878894806,0.4850894510746002,0.4469681680202484
YGR161C-D,YOL043C,1,0.02135692,0.09866827726364136,0.4860835075378418,0.4469681680202484
YJL111W,YBL071W-A,0,0.021278111,0.09864837676286697,0.4860835075378418,0.4470682442188263
YOL094C,YOL137W,0,0.021200744,0.09862847626209259,0.4860835075378418,0.4471682906150818
YGL250W,YLR226W,0,0.021188563,0.0986085906624794,0.4860835075378418,0.44726836681365967
YDL165W,YDL058W,0,0.021137727,0.09858871251344681,0.4860835075378418,0.44736841320991516
YDR365W-B,YOR001W,1,0.021124238,0.09877040982246399,0.487077534198761,0.44736841320991516
YDR210W-A,YDR186C,0,0.020987527,0.09875050187110901,0.487077534198761,0.44746848940849304
YMR161W,YJR002W,0,0.02097389,0.09873060882091522,0.487077534198761,0.44756853580474854
YOR033C,YOR343W-B,1,0.020954182,0.09891216456890106,0.4880715608596802,0.44756853580474854
YHR124W,YKR029C,0,0.02095298,0.09889224916696548,0.4880715608596802,0.4476686120033264
YDR293C,YBL055C,1,0.020932613,0.09907370060682297,0.48906561732292175,0.4476686120033264
YDR365W-B,YPR066W,0,0.020926816,0.099053755402565,0.48906561732292175,0.4477686583995819
YMR283C,YKL092C,0,0.02090375,0.09903381764888763,0.48906561732292175,0.4478687345981598
YCR027C,YDR153C,0,0.020873664,0.09901388734579086,0.48906561732292175,0.4479687809944153
YJL028W,YER011W,0,0.02083045,0.09899396449327469,0.48906561732292175,0.4480688273906708
YBL036C,YKL084W,0,0.020830238,0.09897404909133911,0.48906561732292175,0.44816890358924866
YJR044C,YHR045W,0,0.020710474,0.09895414113998413,0.48906561732292175,0.44826894998550415
YDL227C,YDR478W,1,0.02067775,0.09913533180952072,0.49005964398384094,0.44826894998550415
YDL226C,YDR123C,0,0.020647211,0.09911540150642395,0.49005964398384094,0.44836902618408203
YJR099W,YIL023C,0,0.020596271,0.09909547865390778,0.49005964398384094,0.4484690725803375
YDL079C,YML024W,0,0.020562707,0.0990755632519722,0.49005964398384094,0.4485691487789154
YGR133W,YLR233C,0,0.02055647,0.09905565530061722,0.49005964398384094,0.4486691951751709
YPR158W-A,YIL168W,0,0.020518972,0.09903575479984283,0.49005964398384094,0.4487692713737488
YLR378C,YIL110W,0,0.020495309,0.09901586920022964,0.49005964398384094,0.4488693177700043
YGR161C-C,YLR274W,0,0.020404676,0.09899598360061646,0.49005964398384094,0.44896939396858215
YGL048C,YFL034C-B,0,0.020355841,0.09897611290216446,0.49005964398384094,0.44906944036483765
YGR030C,YDR261W-B,1,0.02029124,0.09915696829557419,0.49105367064476013,0.44906944036483765
YCL010C,YDR198C,0,0.020269109,0.0991370677947998,0.49105367064476013,0.4491695165634155
YDR210W,YMR154C,0,0.020261457,0.09911717474460602,0.49105367064476013,0.449269562959671
YKL113C,YKL073W,0,0.019996656,0.09909728914499283,0.49105367064476013,0.4493696093559265
YMR119W,YOR284W,0,0.01994328,0.09907741844654083,0.49105367064476013,0.4494696855545044
YKL112W,YER160C,0,0.019889487,0.09905754774808884,0.49105367064476013,0.4495697319507599
YLR393W,YGL156W,0,0.019872157,0.09903769195079803,0.49105367064476013,0.44966980814933777
YDL066W,YPL266W,0,0.01985736,0.09901783615350723,0.49105367064476013,0.44976985454559326
YDR202C,YGL086W,0,0.019849205,0.09899799525737762,0.49105367064476013,0.44986993074417114
YDR386W,YPR137C-B,1,0.019752061,0.09917852282524109,0.4920477271080017,0.44986993074417114
YKL157W,YMR231W,0,0.01975192,0.09915865212678909,0.4920477271080017,0.44996997714042664
YIL044C,YKL012W,0,0.019729896,0.09913879632949829,0.4920477271080017,0.4500700533390045
YGR038W,YHR102W,0,0.01971083,0.09911894053220749,0.4920477271080017,0.45017009973526
YFL024C,YHL020C,0,0.019687323,0.09909909963607788,0.4920477271080017,0.4502701759338379
YER069W,YOR188W,0,0.019624023,0.09907926619052887,0.4920477271080017,0.4503702223300934
YLR110C,YML075C,0,0.019591777,0.09905943274497986,0.4920477271080017,0.4504702687263489
YDR394W,YCR048W,0,0.019508993,0.09903961420059204,0.4920477271080017,0.45057034492492676
YFR051C,YDR210W-A,0,0.019488273,0.09901980310678482,0.4920477271080017,0.45067039132118225
YMR050C,YGR109W-B,1,0.01946118,0.09920000284910202,0.4930417537689209,0.45067039132118225
YJL123C,YPL242C,0,0.019456489,0.09918016195297241,0.4930417537689209,0.45077046751976013
YLR342W,YHR062C,0,0.019437192,0.099160335958004,0.4930417537689209,0.4508705139160156
YHR072W-A,YDR264C,0,0.019405356,0.09914051741361618,0.4930417537689209,0.4509705901145935
YDR365W-B,YLR157C-B,1,0.019390581,0.09932054579257965,0.4940357804298401,0.4509705901145935
YHL009W-B,YDR261W-B,1,0.01937882,0.09950049966573715,0.4950298070907593,0.4509705901145935
YNL082W,YDR322C-A,0,0.01934926,0.09948062151670456,0.4950298070907593,0.451070636510849
YNL102W,YLR135W,1,0.019329818,0.0996604785323143,0.49602386355400085,0.451070636510849
YLR312W-A,YOR001W,1,0.019329367,0.09984025359153748,0.49701789021492004,0.451070636510849
YHR187W,YER011W,0,0.019319383,0.0998203232884407,0.49701789021492004,0.4511707127094269
YLR157C-A,YOR144C,0,0.019286985,0.09980040043592453,0.49701789021492004,0.4512707591056824
YLR272C,YDR037W,0,0.019224403,0.09978048503398895,0.49701789021492004,0.45137083530426025
YJR007W,YJL160C,0,0.019196494,0.09976057708263397,0.49701789021492004,0.45147088170051575
YJL010C,YKL184W,0,0.019181443,0.09974067658185959,0.49701789021492004,0.45157092809677124
YLR378C,YBR201W,0,0.01913735,0.0997207835316658,0.49701789021492004,0.4516710042953491
YNL088W,YML024W,0,0.019061903,0.09970089793205261,0.49701789021492004,0.4517710506916046
YOR173W,YOR188W,0,0.019026278,0.09968101978302002,0.49701789021492004,0.4518711268901825
YOR118W,YMR106C,0,0.019017017,0.09966114908456802,0.49701789021492004,0.451971173286438
YOL130W,YCR048W,0,0.018964602,0.09964129328727722,0.49701789021492004,0.45207124948501587
YDR194C,YBR171W,0,0.018959938,0.09962143748998642,0.49701789021492004,0.45217129588127136
YHR216W,YNL097C,0,0.018928146,0.09960159659385681,0.49701789021492004,0.45227137207984924
YKL208W,YBL019W,0,0.018889977,0.0995817556977272,0.49701789021492004,0.45237141847610474
YGL145W,YER058W,0,0.018794207,0.09956192970275879,0.49701789021492004,0.4524714946746826
YNL245C,YEL004W,0,0.018772675,0.09954210370779037,0.49701789021492004,0.4525715410709381
YOR056C,YKR079C,1,0.018754108,0.09972133487462997,0.49801191687583923,0.4525715410709381
YDR408C,YPL081W,0,0.018670866,0.09970149397850037,0.49801191687583923,0.452671617269516
YGR161C-D,YHR079C,1,0.018665759,0.09988062083721161,0.4990059733390808,0.452671617269516
YJR099W,YOR003W,0,0.01866546,0.09986075013875961,0.4990059733390808,0.4527716636657715
YNL054W-B,YBL005W-B,1,0.01863118,0.1000397801399231,0.5,0.4527716636657715
YDR142C,YML075C,0,0.018574031,0.10001988708972931,0.5,0.452871710062027
YJL047C,YPL249C-A,0,0.018571569,0.10000000149011612,0.5,0.45297178626060486
YIL080W,YDR478W,1,0.018558947,0.10017888993024826,0.5009940266609192,0.45297178626060486
YCL045C,YLR155C,0,0.018478734,0.10015898197889328,0.5009940266609192,0.45307183265686035
YJR043C,YNL054W-B,1,0.018439917,0.10033777356147766,0.5019880533218384,0.45307183265686035
YPL060C-A,YNL083W,0,0.01840829,0.10031783580780029,0.5019880533218384,0.45317190885543823
YDR034C-D,YER142C,1,0.018408282,0.10049652308225632,0.5029820799827576,0.45317190885543823
YPR094W,YLR178C,0,0.018365351,0.10047657042741776,0.5029820799827576,0.4532719552516937
YPR104C,YDR194C,0,0.018342188,0.1004566177725792,0.5029820799827576,0.4533720314502716
YER065C,YBR136W,0,0.018271869,0.10043668001890182,0.5029820799827576,0.4534720778465271
YFR042W,YJL184W,0,0.018209992,0.10041674971580505,0.5029820799827576,0.453572154045105
YDR214W,YMR113W,0,0.018145962,0.10039682686328888,0.5029820799827576,0.4536722004413605
YGR166W,YHR178W,0,0.018107293,0.1003769114613533,0.5029820799827576,0.45377227663993835
YHR178W,YLR222C,0,0.018035999,0.10035700350999832,0.5029820799827576,0.45387232303619385
YHR072W-A,YGR065C,0,0.017968854,0.10033710300922394,0.5029820799827576,0.45397236943244934
YFL050C,YHR072W-A,0,0.017910225,0.10031720995903015,0.5029820799827576,0.4540724456310272
YEL011W,YOL027C,0,0.017891502,0.10029732435941696,0.5029820799827576,0.4541724920272827
YGL131C,YIL082W-A,0,0.017884007,0.10027744621038437,0.5029820799827576,0.4542725682258606
YML025C,YIR035C,0,0.017877089,0.10025757551193237,0.5029820799827576,0.4543726146221161
YLR340W,YNL099C,0,0.017766884,0.10023771971464157,0.5029820799827576,0.45447269082069397
YDL232W,YDL066W,0,0.017762957,0.10021786391735077,0.5029820799827576,0.45457273721694946
YNL071W,YDR210W-A,0,0.017728234,0.10019802302122116,0.5029820799827576,0.45467281341552734
YDR210W-B,YKL113C,1,0.0177264,0.10037616640329361,0.5039761662483215,0.45467281341552734
YEL016C,YDL185W,1,0.017666606,0.10055423527956009,0.5049701929092407,0.45467281341552734
YOR210W,YOR088W,0,0.017630188,0.1005343347787857,0.5049701929092407,0.45477285981178284
YLR227W-B,YOL021C,1,0.017596385,0.10071230679750443,0.5059642195701599,0.45477285981178284
YDR506C,YPR066W,0,0.017590137,0.10069238394498825,0.5059642195701599,0.4548729360103607
YLR227W-B,YCL075W,1,0.017587973,0.10087025165557861,0.5069582462310791,0.4548729360103607
YCL062W,YGL234W,0,0.017585395,0.10085030645132065,0.5069582462310791,0.4549729824066162
YHR032W,YDL058W,0,0.017547427,0.10083036869764328,0.5069582462310791,0.4550730586051941
YBL042C,YPL072W,0,0.01752059,0.10081043839454651,0.5069582462310791,0.4551731050014496
YLR369W,YPL158C,0,0.017504347,0.10079051554203033,0.5069582462310791,0.4552731513977051
YLR157C-A,YKR039W,0,0.017474612,0.10077060014009476,0.5069582462310791,0.45537322759628296
YDL207W,YOR088W,0,0.01739894,0.10075069218873978,0.5069582462310791,0.45547327399253845
YCR102C,YBR161W,0,0.017390808,0.1007307916879654,0.5069582462310791,0.45557335019111633
YGL097W,YMR029C,0,0.017362935,0.1007108986377716,0.5069582462310791,0.4556733965873718
YFR004W,YJL159W,0,0.017349234,0.10069102048873901,0.5069582462310791,0.4557734727859497
YKL163W,YDR099W,0,0.017309202,0.10067114233970642,0.5069582462310791,0.4558735191822052
YOL088C,YHL018W,0,0.017299486,0.10065127164125443,0.5069582462310791,0.4559735953807831
YDR210W-A,YDR331W,0,0.017250327,0.10063141584396362,0.5069582462310791,0.4560736417770386
YDL227C,YGR095C,1,0.017249664,0.10080883651971817,0.5079522728919983,0.4560736417770386
YKL092C,YMR167W,0,0.017236164,0.10078895092010498,0.5079522728919983,0.45617371797561646
YBR084C-A,YGR207C,0,0.017206183,0.10076908022165298,0.5079522728919983,0.45627376437187195
YPR022C,YOR073W,0,0.017088754,0.10074920952320099,0.5079522728919983,0.45637381076812744
YOR010C,YCR043C,0,0.017043395,0.10072935372591019,0.5079522728919983,0.4564738869667053
YNL209W,YNR049C,0,0.01704163,0.10070949792861938,0.5079522728919983,0.4565739333629608
YHL009W-B,YER160C,1,0.017002048,0.10088670253753662,0.5089462995529175,0.4565739333629608
YHR062C,YLR157C-B,1,0.016999325,0.10106383264064789,0.5099403858184814,0.4565739333629608
YPR033C,YNL220W,0,0.016982479,0.10104392468929291,0.5099403858184814,0.4566740095615387
YPL246C,YML033W,0,0.016971288,0.10102402418851852,0.5099403858184814,0.4567740559577942
YNL257C,YPR058W,0,0.016957207,0.10100413113832474,0.5099403858184814,0.45687413215637207
YKL055C,YGR207C,0,0.016872061,0.10098425298929214,0.5099403858184814,0.45697417855262756
YOR229W,YBR126C,0,0.016842416,0.10096437484025955,0.5099403858184814,0.45707425475120544
YLR157C-B,YGR087C,0,0.016780054,0.10094451159238815,0.5099403858184814,0.45717430114746094
YNL264C,YKL221W,0,0.016694633,0.10092464834451675,0.5099403858184814,0.4572743773460388
YLR157C-A,YLR035C,0,0.016663333,0.10090479999780655,0.5099403858184814,0.4573744237422943
YBR223C,YGR095C,1,0.016610486,0.10108160972595215,0.5109344124794006,0.4573744237422943
YHR214C-B,YHR079C,1,0.016583374,0.10125835984945297,0.5119284391403198,0.4573744237422943
YJL091C,YLR341W,0,0.016567228,0.10123845189809799,0.5119284391403198,0.4574744701385498
YNL209W,YAR066W,0,0.016558709,0.10121855139732361,0.5119284391403198,0.4575745463371277
YDR365W-B,YNL106C,0,0.01650603,0.10119866579771042,0.5119284391403198,0.4576745927333832
YDR191W,YER011W,0,0.016497115,0.10117878019809723,0.5119284391403198,0.45777466893196106
YBR073W,YHR102W,0,0.016400872,0.10115890949964523,0.5119284391403198,0.45787471532821655
YOR343W-B,YKL113C,1,0.016400779,0.10133542865514755,0.512922465801239,0.45787471532821655
YDR261C-D,YMR285C,1,0.01638653,0.1015118807554245,0.5139164924621582,0.45787471532821655
YGR059W,YGL033W,0,0.016353687,0.10149195045232773,0.5139164924621582,0.45797479152679443
YKL222C,YPL118W,0,0.01631005,0.10147203505039215,0.5139164924621582,0.4580748379230499
YGL001C,YNL088W,0,0.01629834,0.10145211964845657,0.5139164924621582,0.4581749141216278
YOR094W,YDR143C,0,0.016283372,0.10143221169710159,0.5139164924621582,0.4582749605178833
YNL245C,YCR097W,0,0.016249122,0.1014123186469078,0.5139164924621582,0.4583750367164612
YDL103C,YML019W,0,0.016160926,0.10139243304729462,0.5139164924621582,0.4584750831127167
YPR181C,YPR065W,0,0.016133854,0.10137254744768143,0.5139164924621582,0.45857515931129456
YPL020C,YHL033C,0,0.01613327,0.10135267674922943,0.5139164924621582,0.45867520570755005
YKL213C,YBR021W,0,0.016119672,0.10133281350135803,0.5139164924621582,0.45877525210380554
YGR161C-D,YDR478W,1,0.01604631,0.10150891542434692,0.5149105191230774,0.45877525210380554
YOR190W,YCR088W,0,0.016044801,0.10148902982473373,0.5149105191230774,0.4588753283023834
YOR321W,YGR038C-B,0,0.016033156,0.10146914422512054,0.5149105191230774,0.4589753746986389
YFR009W,YML033W,0,0.016029635,0.10144927352666855,0.5149105191230774,0.4590754508972168
YPR158W-A,YDR302W,0,0.015965786,0.10142941027879715,0.5149105191230774,0.4591754972934723
YDR221W,YDL092W,0,0.015959917,0.10140955448150635,0.5149105191230774,0.45927557349205017
YGL100W,YDR153C,0,0.015926419,0.10138970613479614,0.5149105191230774,0.45937561988830566
YJR091C,YHR094C,0,0.015914118,0.10136986523866653,0.5149105191230774,0.45947569608688354
YLR312W-A,YAR009C,1,0.015864994,0.10154568403959274,0.5159045457839966,0.45947569608688354
YJL145W,YPL008W,0,0.015821142,0.10152582079172134,0.5159045457839966,0.45957574248313904
YBR228W,YFL002W-A,1,0.015800934,0.10170154273509979,0.5168986320495605,0.45957574248313904
YDR363W,YLR003C,0,0.015752284,0.1016816571354866,0.5168986320495605,0.4596758186817169
YBR102C,YOL049W,0,0.015655806,0.10166177898645401,0.5168986320495605,0.4597758650779724
YPL170W,YNR075W,0,0.015591925,0.10164190828800201,0.5168986320495605,0.4598759114742279
YLR410W-B,YOR192C-B,1,0.015570976,0.10181747376918793,0.5178926587104797,0.4598759114742279
YLR157C-A,YLR242C,0,0.01554333,0.10179758071899414,0.5178926587104797,0.4599759876728058
YPR033C,YNR051C,0,0.015475331,0.10177768766880035,0.5178926587104797,0.4600760340690613
YNL054W-B,YCR026C,1,0.015456781,0.10195312649011612,0.5188866853713989,0.4600760340690613
YDR043C,YPL158C,0,0.015444143,0.10193321853876114,0.5188866853713989,0.46017611026763916
YNL067W,YBR102C,0,0.015433682,0.10191331803798676,0.5188866853713989,0.46027615666389465
YIL091C,YKL120W,0,0.015337793,0.10189342498779297,0.5188866853713989,0.46037623286247253
YGL020C,YDR208W,0,0.015305577,0.10187353938817978,0.5188866853713989,0.460476279258728
YPR065W,YDL201W,0,0.015264606,0.10185366123914719,0.5188866853713989,0.4605763554573059
YDL066W,YHR032W,0,0.01523505,0.10183379054069519,0.5188866853713989,0.4606764018535614
YMR197C,YBR227C,0,0.015227338,0.10181392729282379,0.5188866853713989,0.4607764780521393
YKL035W,YBR265W,0,0.015196262,0.10179407149553299,0.5188866853713989,0.4608765244483948
YNL284C-B,YNR052C,1,0.015167113,0.10196919739246368,0.5198807120323181,0.4608765244483948
YPR137C-B,YLR410W-B,1,0.0151599925,0.10214424878358841,0.5208747386932373,0.4608765244483948
YBL067C,YMR044W,0,0.015139161,0.10212434083223343,0.5208747386932373,0.46097660064697266
YHL009W-A,YIR010W,0,0.015096562,0.10210444033145905,0.5208747386932373,0.46107664704322815
YDR291W,YMR029C,0,0.015080286,0.10208454728126526,0.5208747386932373,0.46117669343948364
YDL168W,YGL033W,0,0.0149530005,0.10206466913223267,0.5208747386932373,0.4612767696380615
YLR081W,YIL110W,0,0.014917133,0.10204479098320007,0.5208747386932373,0.461376816034317
YDR171W,YJL014W,0,0.014917089,0.10202492028474808,0.5208747386932373,0.4614768922328949
YOR033C,YDR263C,1,0.014870444,0.1021997258067131,0.5218687653541565,0.4614768922328949
YKR080W,YGL179C,0,0.014849512,0.10217984020709991,0.5218687653541565,0.4615769386291504
YDL102W,YOL043C,1,0.014849013,0.10235454142093658,0.5228628516197205,0.4615769386291504
YDL155W,YFR009W,0,0.014802849,0.1023346334695816,0.5228628516197205,0.46167701482772827
YHR069C,YOR142W-B,1,0.014759041,0.10250923782587051,0.5238568782806396,0.46167701482772827
YDR034C-D,YHR115C,0,0.014724884,0.10248930007219315,0.5238568782806396,0.46177706122398376
YKL049C,YKL193C,0,0.014700482,0.10246937721967697,0.5238568782806396,0.46187713742256165
YLR408C,YOR245C,0,0.014698161,0.1024494543671608,0.5238568782806396,0.46197718381881714
YDL227C,YNL284C-B,1,0.014662011,0.10262390971183777,0.5248509049415588,0.46197718381881714
YDL153C,YOL034W,0,0.014660863,0.1026039645075798,0.5248509049415588,0.462077260017395
YKR067W,YFL018C,0,0.014512641,0.10258402675390244,0.5248509049415588,0.4621773064136505
YAR050W,YOR328W,0,0.01449593,0.10256410390138626,0.5248509049415588,0.462277352809906
YIL067C,YLR022C,0,0.01444049,0.10254418104887009,0.5248509049415588,0.4623774290084839
YFL053W,YOL034W,0,0.014423339,0.1025242730975151,0.5248509049415588,0.4624774754047394
YLR205C,YDR079C-A,0,0.014405241,0.10250436514616013,0.5248509049415588,0.46257755160331726
YGR038C-B,YPL187W,0,0.014393123,0.10248447209596634,0.5248509049415588,0.46267759799957275
YLR388W,YOR202W,0,0.014392143,0.10246458649635315,0.5248509049415588,0.46277767419815063
YML022W,YML001W,0,0.014338745,0.10244470089673996,0.5248509049415588,0.46287772059440613
YMR323W,YKL084W,0,0.0143336635,0.10242483019828796,0.5248509049415588,0.462977796792984
YGL048C,YNL241C,0,0.014283089,0.10240496695041656,0.5248509049415588,0.4630778431892395
YNL064C,YFL018C,0,0.014255984,0.10238511115312576,0.5248509049415588,0.4631779193878174
YKL092C,YNL005C,0,0.014236597,0.10236525535583496,0.5248509049415588,0.4632779657840729
YIR028W,YEL071W,0,0.014203383,0.10234541445970535,0.5248509049415588,0.46337801218032837
YDR034C-D,YDL185W,1,0.014156036,0.10251937806606293,0.525844931602478,0.46337801218032837
YHL009C,YER157W,0,0.014144227,0.10249951481819153,0.525844931602478,0.46347808837890625
YEL004W,YGR091W,0,0.014105691,0.10247965902090073,0.525844931602478,0.46357813477516174
YHR039C,YGL130W,0,0.0140656065,0.10245981067419052,0.525844931602478,0.4636782109737396
YFL052W,YER026C,0,0.014065059,0.10243996977806091,0.525844931602478,0.4637782573699951
YMR189W,YPL060C-A,0,0.0140395705,0.1024201363325119,0.525844931602478,0.463878333568573
YDL207W,YER122C,0,0.014030306,0.10240031033754349,0.525844931602478,0.4639783799648285
YAL014C,YIL017C,0,0.013917318,0.10238049179315567,0.525844931602478,0.46407845616340637
YJL151C,YNL275W,0,0.013890995,0.10236068069934845,0.525844931602478,0.46417850255966187
YNR026C,YPL072W,0,0.013886375,0.10234087705612183,0.525844931602478,0.46427857875823975
YCR089W,YBR044C,0,0.013885124,0.1023210808634758,0.525844931602478,0.46437862515449524
YOR142W-B,YOR001W,1,0.01384216,0.10249467939138412,0.5268389582633972,0.46437862515449524
YDL193W,YDR156W,0,0.013834758,0.1024748682975769,0.5268389582633972,0.4644787013530731
YHR018C,YBL009W,0,0.013802705,0.10245505720376968,0.5268389582633972,0.4645787477493286
YKL092C,YGR027W-A,0,0.01377284,0.10243525356054306,0.5268389582633972,0.4646787941455841
YML062C,YHR072W-A,0,0.013756067,0.10241545736789703,0.5268389582633972,0.464778870344162
YMR058W,YDR210W-A,0,0.013749795,0.1023956686258316,0.5268389582633972,0.4648789167404175
YOL008W,YIL040W,0,0.01373641,0.10237589478492737,0.5268389582633972,0.46497899293899536
YHR115C,YDR001C,0,0.013708202,0.10235612094402313,0.5268389582633972,0.46507903933525085
YLR410W-B,YBL005W-B,1,0.01365958,0.10252944380044937,0.5278329849243164,0.46507903933525085
YDR261C-C,YCR102C,0,0.013568681,0.10250965505838394,0.5278329849243164,0.46517911553382874
YGR287C,YOR245C,0,0.013504589,0.10248986631631851,0.5278329849243164,0.46527916193008423
YDR198C,YGL187C,0,0.013447581,0.10247009247541428,0.5278329849243164,0.4653792381286621
YPL060C-A,YEL042W,0,0.013390882,0.10245031863451004,0.5278329849243164,0.4654792845249176
YMR287C,YLR410W-B,1,0.01335036,0.10262345522642136,0.5288270115852356,0.4654792845249176
YER118C,YHL033C,0,0.013321055,0.10260366648435593,0.5288270115852356,0.4655793607234955
YFL052W,YPR025C,0,0.013292758,0.1025838777422905,0.5288270115852356,0.465679407119751
YER146W,YHR045W,0,0.013282312,0.10256410390138626,0.5288270115852356,0.46577945351600647
YCL062W,YPL270W,0,0.013183178,0.10254433006048203,0.5288270115852356,0.46587952971458435
YAR003W,YOL027C,0,0.01314616,0.10252457112073898,0.5288270115852356,0.46597957611083984
YIR007W,YDL147W,0,0.013134195,0.10250481963157654,0.5288270115852356,0.4660796523094177
YPL257W-B,YCR026C,1,0.013109388,0.10267771035432816,0.5298210978507996,0.4660796523094177
YOR088W,YDL222C,0,0.013086384,0.10265793651342392,0.5298210978507996,0.4661796987056732
YNL124W,YDL104C,0,0.012945799,0.10263817012310028,0.5298210978507996,0.4662797749042511
YJL184W,YHR128W,0,0.012882231,0.10261840373277664,0.5298210978507996,0.4663798213005066
YCR027C,YOR231W,0,0.012839435,0.1025986522436142,0.5298210978507996,0.4664798974990845
YKL211C,YPL118W,0,0.0128016155,0.10257890820503235,0.5298210978507996,0.46657994389533997
YOL049W,YCL020W,0,0.012795029,0.1025591716170311,0.5298210978507996,0.46668002009391785
YOR208W,YPL032C,0,0.012704579,0.10253943502902985,0.5298210978507996,0.46678006649017334
YJL113W,YKR042W,0,0.012693467,0.10251971334218979,0.5298210978507996,0.4668801426887512
YLR138W,YJR152W,0,0.012598177,0.10249999910593033,0.5298210978507996,0.4669801890850067
YBR019C,YGR027W-A,0,0.012561435,0.10248029232025146,0.5298210978507996,0.4670802354812622
YHL009W-B,YKR056W,1,0.01253677,0.10265282541513443,0.5308151245117188,0.4670802354812622
YJR047C,YOR153W,0,0.012500612,0.10263309627771378,0.5308151245117188,0.4671803116798401
YGL124C,YBR293W,0,0.012498854,0.10261337459087372,0.5308151245117188,0.4672803580760956
YDR034C-D,YOL075C,0,0.012354478,0.10259366035461426,0.5308151245117188,0.46738043427467346
YAL015C,YOR001W,1,0.01231247,0.10276603698730469,0.5318091511726379,0.46738043427467346
YDR202C,YAL005C,0,0.01228301,0.10274630039930344,0.5318091511726379,0.46748048067092896
YDR034C-D,YDR210C-D,1,0.012276946,0.1029185876250267,0.5328031778335571,0.46748048067092896
YDR385W,YLR157C-B,0,0.01226121,0.10289882868528366,0.5328031778335571,0.46758055686950684
YOR149C,YPL242C,0,0.012202492,0.10287907719612122,0.5328031778335571,0.46768060326576233
YCR067C,YDR156W,0,0.012169531,0.10285933315753937,0.5328031778335571,0.4677806794643402
YBR258C,YFR004W,0,0.012143197,0.10283960402011871,0.5328031778335571,0.4678807258605957
YHR115C,YGL043W,0,0.012098221,0.10281987488269806,0.5328031778335571,0.4679808020591736
YCR070W,YCR003W,0,0.012082817,0.102800153195858,0.5328031778335571,0.4680808484554291
YCR067C,YMR277W,0,0.01206593,0.10278043895959854,0.5328031778335571,0.46818089485168457
YER058W,YDL147W,0,0.011980219,0.10276073962450027,0.5328031778335571,0.46828097105026245
YLR066W,YIR010W,0,0.011945484,0.10274104028940201,0.5328031778335571,0.46838101744651794
YJL018W,YNL124W,0,0.011929447,0.10272134840488434,0.5328031778335571,0.4684810936450958
YBR098W,YMR068W,0,0.011873735,0.10270166397094727,0.5328031778335571,0.4685811400413513
YNL316C,YCR070W,0,0.0117989015,0.10268199443817139,0.5328031778335571,0.4686812162399292
YDR017C,YKL139W,0,0.011788255,0.10266232490539551,0.5328031778335571,0.4687812626361847
YDL188C,YPL046C,0,0.011734834,0.10264266282320023,0.5328031778335571,0.4688813388347626
YER078C,YGL257C,0,0.011731593,0.10262301564216614,0.5328031778335571,0.46898138523101807
YGL130W,YHR083W,0,0.011708653,0.10260336846113205,0.5328031778335571,0.46908146142959595
YCL062W,YGR209C,0,0.011704776,0.10258372873067856,0.5328031778335571,0.46918150782585144
YML114C,YCL062W,0,0.011699511,0.10256410390138626,0.5328031778335571,0.46928155422210693
YHR216W,YHR050W,0,0.0116764065,0.10254447907209396,0.5328031778335571,0.4693816304206848
YDR034C-D,YOL080C,1,0.011675557,0.10271614044904709,0.5337972044944763,0.4693816304206848
YML064C,YLR205C,0,0.011662928,0.1026965007185936,0.5337972044944763,0.4694816768169403
YCL062W,YDR363W,0,0.011655929,0.1026768609881401,0.5337972044944763,0.4695817530155182
YBL101W-B,YGL173C,1,0.01162147,0.10284840315580368,0.5347912311553955,0.4695817530155182
YCR024C-A,YGR231C,0,0.011561727,0.102828748524189,0.5347912311553955,0.4696817994117737
YAL014C,YNL272C,0,0.011560528,0.10280909389257431,0.5347912311553955,0.46978187561035156
YGR074W,YDR316W,0,0.011515653,0.10278945416212082,0.5347912311553955,0.46988192200660706
YHR069C,YDR210C-D,1,0.011464449,0.10296083986759186,0.5357853174209595,0.46988192200660706
YPL084W,YMR047C,0,0.0114643555,0.10294117778539658,0.5357853174209595,0.46998199820518494
YOR231W,YAL047C,0,0.011452837,0.10292152315378189,0.5357853174209595,0.47008204460144043
YPL118W,YPL230W,0,0.011449648,0.1029018685221672,0.5357853174209595,0.4701821208000183
YHL009C,YDR034C-D,0,0.011302607,0.10288222879171371,0.5357853174209595,0.4702821671962738
YDR210W-A,YDR206W,0,0.011271268,0.10286259651184082,0.5357853174209595,0.4703822433948517
YBL055C,YBR223C,1,0.011230422,0.10303377360105515,0.5367793440818787,0.4703822433948517
YOR321W,YIR035C,0,0.01119226,0.10301411896944046,0.5367793440818787,0.4704822897911072
YHR072W,YLR424W,0,0.011192156,0.10299447178840637,0.5367793440818787,0.47058233618736267
YGL184C,YPL275W,0,0.011183351,0.10297483205795288,0.5367793440818787,0.47068241238594055
YER048C,YHL033C,0,0.011153815,0.10295519232749939,0.5367793440818787,0.47078245878219604
YLR372W,YOR058C,0,0.011107391,0.10293556749820709,0.5367793440818787,0.4708825349807739
YIL016W,YOR088W,0,0.011100022,0.10291595011949539,0.5367793440818787,0.4709825813770294
YCL045C,YOR368W,0,0.011093834,0.10289634019136429,0.5367793440818787,0.4710826575756073
YGR027W-B,YBL018C,1,0.011092339,0.10306724905967712,0.5377733707427979,0.4710826575756073
YDR346C,YGR161C-C,0,0.011065789,0.10304761677980423,0.5377733707427979,0.4711827039718628
YLR388W,YJR137C,0,0.011054663,0.10302799195051193,0.5377733707427979,0.4712827801704407
YCR028C-A,YLR157C-B,0,0.011050547,0.10300837457180023,0.5377733707427979,0.47138282656669617
YBR216C,YNL088W,0,0.011036923,0.10298876464366913,0.5377733707427979,0.47148290276527405
YGL234W,YDR099W,0,0.010976566,0.10296916961669922,0.5377733707427979,0.47158294916152954
YMR047C,YBR204C,0,0.0109670255,0.10294957458972931,0.5377733707427979,0.47168299555778503
YDR034C-D,YLR368W,0,0.0109522045,0.10292998701334,0.5377733707427979,0.4717830717563629
YJL028W,YDR034C-D,0,0.010936048,0.10291040688753128,0.5377733707427979,0.4718831181526184
YGR161C-C,YFR055W,0,0.0109216925,0.10289083421230316,0.5377733707427979,0.4719831943511963
YDL178W,YLL036C,0,0.010879321,0.10287126898765564,0.5377733707427979,0.4720832407474518
YKL114C,YCR026C,1,0.010822905,0.10304182767868042,0.538767397403717,0.4720832407474518
YNL102W,YDR210C-D,1,0.010817399,0.10321231931447983,0.5397614240646362,0.4720832407474518
YNL257C,YIL162W,0,0.010805873,0.10319270193576813,0.5397614240646362,0.47218331694602966
YHL018W,YPR103W,0,0.010744983,0.10317309200763702,0.5397614240646362,0.47228336334228516
YLR166C,YML078W,0,0.010710908,0.10315349698066711,0.5397614240646362,0.47238343954086304
YDR446W,YJR093C,0,0.010666816,0.1031339019536972,0.5397614240646362,0.47248348593711853
YHL001W,YER170W,0,0.01066382,0.10311432182788849,0.5397614240646362,0.4725835621356964
YNL001W,YNL284C-B,1,0.010645054,0.10328460484743118,0.5407554507255554,0.4725835621356964
YJR067C,YOR058C,0,0.010509422,0.10326499491930008,0.5407554507255554,0.4726836085319519
YOR343W-B,YCR093W,1,0.010509385,0.10343518853187561,0.5417494773864746,0.4726836085319519
YKL146W,YHL009W-A,0,0.010506857,0.10341555625200272,0.5417494773864746,0.4727836847305298
YML118W,YPL228W,0,0.010469152,0.10339593887329102,0.5417494773864746,0.4728837311267853
YJL028W,YCR070W,0,0.010458624,0.10337632894515991,0.5417494773864746,0.47298377752304077
YKL055C,YLR399C,0,0.010451922,0.1033567264676094,0.5417494773864746,0.47308385372161865
YNL275W,YGL234W,0,0.0103872325,0.1033371239900589,0.5417494773864746,0.47318390011787415
YBL099W,YML022W,0,0.0103759505,0.10331753641366959,0.5417494773864746,0.473283976316452
YDL232W,YKL157W,0,0.01036516,0.10329795628786087,0.5417494773864746,0.4733840227127075
YBR257W,YGR027W-B,1,0.010358468,0.10346788167953491,0.5427435636520386,0.4733840227127075
YFL024C,YOR303W,0,0.010276085,0.1034482792019844,0.5427435636520386,0.4734840989112854
YKR079C,YGR276C,1,0.010047091,0.10361810773611069,0.5437375903129578,0.4734840989112854
YFL050C,YLR229C,0,0.010035114,0.10359848290681839,0.5437375903129578,0.4735841453075409
YAL021C,YPL123C,1,0.010024948,0.10376822203397751,0.544731616973877,0.4735841453075409
YDR348C,YMR161W,0,0.009998007,0.10374858230352402,0.544731616973877,0.4736842215061188
YGL208W,YGR195W,0,0.009863837,0.10372894257307053,0.544731616973877,0.47378426790237427
YMR021C,YPL242C,0,0.009854784,0.10370931029319763,0.544731616973877,0.47388434410095215
YDL193W,YGR098C,0,0.009850798,0.10368968546390533,0.544731616973877,0.47398439049720764
YNL001W,YLR157C-B,1,0.009806424,0.10385925322771072,0.5457256436347961,0.47398439049720764
YAL015C,YGR161C-D,1,0.009790553,0.10402874648571014,0.5467196702957153,0.47398439049720764
YPL009C,YNL336W,0,0.009787453,0.10400907695293427,0.5467196702957153,0.47408443689346313
YHR164C,YLR410W-B,1,0.009784386,0.10417848080396652,0.5477136969566345,0.47408443689346313
YPR079W,YDL161W,0,0.009746252,0.10415878891944885,0.5477136969566345,0.474184513092041
YBR290W,YPL030W,0,0.009714892,0.10413910448551178,0.5477136969566345,0.4742845594882965
YPR104C,YOL077W-A,0,0.009706749,0.1041194275021553,0.5477136969566345,0.4743846356868744
YML131W,YDR156W,0,0.009627076,0.10409975796937943,0.5477136969566345,0.4744846820831299
YBR073W,YPR020W,0,0.009620497,0.10408008843660355,0.5477136969566345,0.47458475828170776
YBR073W,YIL103W,0,0.009602634,0.10406043380498886,0.5477136969566345,0.47468480467796326
YGR183C,YNL241C,0,0.009553699,0.10404078662395477,0.5477136969566345,0.47478488087654114
YDL165W,YBR110W,0,0.009544937,0.10402114689350128,0.5477136969566345,0.47488492727279663
YDR119W,YCR070W,0,0.009449674,0.10400150716304779,0.5477136969566345,0.4749850034713745
YOR192C-B,YBR167C,1,0.0093656685,0.10417059808969498,0.5487077832221985,0.4749850034713745
YHR164C,YPL257W-B,1,0.009175608,0.10433962196111679,0.5497018098831177,0.4749850034713745
YCL075W,YOL021C,1,0.009153256,0.10450858622789383,0.5506958365440369,0.4749850034713745
YJL209W,YKL046C,0,0.009120671,0.10448887199163437,0.5506958365440369,0.47508504986763
YNL102W,YDL102W,1,0.0090161245,0.10465773940086365,0.551689863204956,0.47508504986763
YPL060C-A,YBR293W,0,0.008971212,0.104638010263443,0.551689863204956,0.4751850962638855
YDR141C,YPL057C,0,0.008966116,0.10461828112602234,0.551689863204956,0.4752851724624634
YAL014C,YOL148C,0,0.0088799205,0.10459856688976288,0.551689863204956,0.47538521885871887
YKL188C,YGL134W,0,0.008859886,0.10457886010408401,0.551689863204956,0.47548529505729675
YGR109W-B,YOL043C,1,0.008839523,0.10474754869937897,0.5526838898658752,0.47548529505729675
YOR231W,YJR125C,0,0.008832334,0.10472781956195831,0.5526838898658752,0.47558534145355225
YNL257C,YCR066W,0,0.008741336,0.10470809787511826,0.5526838898658752,0.4756854176521301
YGR027W-B,YPL083C,1,0.008723171,0.10487667471170425,0.5536779165267944,0.4756854176521301
YGR278W,YML118W,0,0.008717498,0.1048569306731224,0.5536779165267944,0.4757854640483856
YIL016W,YMR134W,0,0.008653907,0.10483719408512115,0.5536779165267944,0.4758855402469635
YGR038C-B,YGL245W,0,0.008652233,0.1048174649477005,0.5536779165267944,0.475985586643219
YLR410W-B,YHR079C,1,0.008615181,0.10498588532209396,0.5546719431877136,0.475985586643219
YPL123C,YDR478W,1,0.00855553,0.10515425354242325,0.5556660294532776,0.475985586643219
YGR108W,YJL184W,0,0.008543326,0.10513447225093842,0.5556660294532776,0.4760856628417969
YBL066C,YNL326C,0,0.008515904,0.10511470586061478,0.5556660294532776,0.47618570923805237
YKL011C,YGR161W-B,1,0.008481352,0.10528294742107391,0.5566600561141968,0.47618570923805237
YML126C,YML062C,0,0.008439621,0.10526315867900848,0.5566600561141968,0.47628578543663025
YPR158C-D,YMR224C,1,0.008419162,0.10543131083250046,0.557654082775116,0.47628578543663025
YDR119W,YAL009W,0,0.00840327,0.10541149973869324,0.557654082775116,0.47638583183288574
YGR030C,YOR343W-B,1,0.008401066,0.10557956248521805,0.5586481094360352,0.47638583183288574
YDL111C,YOR192C-B,1,0.008385342,0.10574755817651749,0.5596421360969543,0.47638583183288574
YIR028W,YER183C,0,0.00835993,0.10572770237922668,0.5596421360969543,0.47648587822914124
YNR054C,YKR042W,0,0.008323459,0.10570784658193588,0.5596421360969543,0.4765859544277191
YPR145W,YHR094C,0,0.008315342,0.10568800568580627,0.5596421360969543,0.4766860008239746
YGR038C-B,YGR109W-B,1,0.008314697,0.10585585236549377,0.5606361627578735,0.4766860008239746
YGR125W,YGL145W,0,0.008265493,0.10583598911762238,0.5606361627578735,0.4767860770225525
YDR034C-D,YJL115W,0,0.008263765,0.10581613332033157,0.5606361627578735,0.476886123418808
YOR140W,YIR008C,0,0.008237315,0.10579628497362137,0.5606361627578735,0.47698619961738586
YNR012W,YCL062W,0,0.008180788,0.10577644407749176,0.5606361627578735,0.47708624601364136
YGL048C,YDL020C,0,0.008029191,0.10575661063194275,0.5606361627578735,0.47718632221221924
YHR164C,YGR161W-B,1,0.007994147,0.10592425614595413,0.5616301894187927,0.47718632221221924
YBL036C,YGR163W,0,0.007856129,0.10590440779924393,0.5616301894187927,0.47728636860847473
YOL006C,YPR158W-A,0,0.00784174,0.10588455945253372,0.5616301894187927,0.4773864448070526
YJL074C,YGR038C-B,0,0.007829145,0.10586471855640411,0.5616301894187927,0.4774864912033081
YLR393W,YAR003W,0,0.0078110155,0.1058448851108551,0.5616301894187927,0.4775865375995636
YAR008W,YDL066W,0,0.0078098606,0.10582505911588669,0.5616301894187927,0.4776866137981415
YJR029W,YOR142W-B,1,0.0077827144,0.10599251091480255,0.5626242756843567,0.4776866137981415
YBL101W-B,YER041W,1,0.007775372,0.10615989565849304,0.5636183023452759,0.4776866137981415
YNR012W,YHR039C,0,0.007771617,0.10614002496004105,0.5636183023452759,0.477786660194397
YHL009C,YHR141C,0,0.007762445,0.10612015426158905,0.5636183023452759,0.47788673639297485
YBR228W,YIL073C,0,0.0077032205,0.10610029846429825,0.5636183023452759,0.47798678278923035
YDR119W,YOR140W,0,0.0076945107,0.10608045011758804,0.5636183023452759,0.4780868589878082
YLR410W-B,YKL113C,1,0.007689044,0.1062476634979248,0.5646123290061951,0.4780868589878082
YBL019W,YOR343W-B,1,0.0076434705,0.1064148098230362,0.5656063556671143,0.4780868589878082
YKL220C,YBR204C,0,0.0076275095,0.10639491677284241,0.5656063556671143,0.4781869053840637
YGL125W,YDR079C-A,0,0.0076098405,0.10637502372264862,0.5656063556671143,0.4782869815826416
YJR047C,YNR049C,0,0.0076029263,0.10635513812303543,0.5656063556671143,0.4783870279788971
YDL188C,YML062C,0,0.0074827876,0.10633526742458344,0.5656063556671143,0.478487104177475
YKR018C,YBR110W,0,0.0073550325,0.10631539672613144,0.5656063556671143,0.47858715057373047
YNL139C,YOR035C,0,0.0073085707,0.10629553347826004,0.5656063556671143,0.47868722677230835
YMR164C,YJL184W,0,0.007235376,0.10627568513154984,0.5656063556671143,0.47878727316856384
YPL005W,YPL249C,0,0.007231189,0.10625583678483963,0.5656063556671143,0.47888731956481934
YMR167W,YBR110W,0,0.007198794,0.10623599588871002,0.5656063556671143,0.4789873957633972
YHR069C,YOL103W-B,1,0.007195117,0.10640283674001694,0.5666003823280334,0.4789873957633972
YML091C,YBR012W-B,1,0.007193012,0.10656961798667908,0.5675944089889526,0.4789873957633972
YCR067C,YER075C,0,0.007183304,0.10654973238706589,0.5675944089889526,0.4790874421596527
YBR235W,YNL209W,0,0.0071800854,0.1065298542380333,0.5675944089889526,0.4791875183582306
YGR090W,YHR183W,0,0.007147914,0.1065099760890007,0.5675944089889526,0.4792875647544861
YEL042W,YGR065C,0,0.0071237143,0.1064901128411293,0.5675944089889526,0.47938764095306396
YGR038C-B,YIR008C,0,0.00711648,0.1064702570438385,0.5675944089889526,0.47948768734931946
YKL084W,YPL066W,0,0.0071056467,0.1064504086971283,0.5675944089889526,0.47958776354789734
YHR134W,YIR035C,0,0.0071019456,0.10643056780099869,0.5675944089889526,0.47968780994415283
YOR192C-B,YMR234W,1,0.007086495,0.10659709572792053,0.5685884952545166,0.47968780994415283
YFL024C,YMR116C,0,0.007078154,0.10657723248004913,0.5685884952545166,0.4797878861427307
YDL126C,YOR088W,0,0.007058842,0.10655737668275833,0.5685884952545166,0.4798879325389862
YJL018W,YMR068W,0,0.007012816,0.10653752833604813,0.5685884952545166,0.4799879789352417
YBL101W-B,YJR006W,1,0.006921269,0.10670390725135803,0.5695825219154358,0.4799879789352417
YLR225C,YDR365W-B,0,0.0069197025,0.10668404400348663,0.5695825219154358,0.4800880551338196
YER006W,YGL054C,0,0.006899817,0.10666418820619583,0.5695825219154358,0.4801881015300751
YHL009W-B,YPL022W,1,0.006807057,0.10683044791221619,0.570576548576355,0.4801881015300751
YNL001W,YDR210C-D,1,0.0067916773,0.10699664801359177,0.5715705752372742,0.4801881015300751
YGL043W,YDL165W,0,0.0067473184,0.10697674751281738,0.5715705752372742,0.48028817772865295
YJR093C,YNR039C,0,0.006735271,0.106956847012043,0.5715705752372742,0.48038822412490845
YKR080W,YER170W,0,0.006708665,0.10693695396184921,0.5715705752372742,0.48048830032348633
YMR262W,YBR098W,1,0.006707268,0.10710301250219345,0.5725646018981934,0.48048830032348633
YGR030C,YDR365W-B,1,0.006678393,0.10726901143789291,0.5735586285591125,0.48048830032348633
YML045W,YGR095C,1,0.0066521745,0.107434943318367,0.5745526552200317,0.48048830032348633
YDR506C,YPL249C,0,0.0066044834,0.10741497576236725,0.5745526552200317,0.4805883467197418
YDR348C,YLR368W,0,0.00658202,0.10739502310752869,0.5745526552200317,0.4806884229183197
YJL018W,YGR277C,0,0.006508393,0.10737507045269012,0.5745526552200317,0.4807884693145752
YOR115C,YNL241C,0,0.0065067243,0.10735512524843216,0.5745526552200317,0.4808885455131531
YOR368W,YPL081W,0,0.006451441,0.10733518749475479,0.5745526552200317,0.48098859190940857
YCL033C,YDR141C,0,0.0064443015,0.10731526464223862,0.5745526552200317,0.48108863830566406
YML131W,YCR070W,0,0.00640334,0.10729534178972244,0.5745526552200317,0.48118871450424194
YKR022C,YKL120W,0,0.0063860994,0.10727542638778687,0.5745526552200317,0.48128876090049744
YLR406C,YBL045C,0,0.006286612,0.10725551843643188,0.5745526552200317,0.4813888370990753
YHR102W,YOR088W,0,0.0062433537,0.1072356179356575,0.5745526552200317,0.4814888834953308
YCL045C,YLR362W,0,0.0062258895,0.10721573233604431,0.5745526552200317,0.4815889596939087
YDR365W-B,YNL035C,0,0.006205989,0.10719584673643112,0.5745526552200317,0.4816890060901642
YLR128W,YCL062W,0,0.0061940365,0.10717596858739853,0.5745526552200317,0.48178908228874207
YHL009W-B,YKL114C,1,0.006042732,0.10734149068593979,0.5755467414855957,0.48178908228874207
YDR034C-D,YML046W,0,0.006010711,0.107321597635746,0.5755467414855957,0.48188912868499756
YNL329C,YLR319C,0,0.005960824,0.10730170458555222,0.5755467414855957,0.48198920488357544
YCL062W,YNR063W,0,0.0058931094,0.10728182643651962,0.5755467414855957,0.48208925127983093
YIR013C,YOR140W,0,0.005892569,0.10726194828748703,0.5755467414855957,0.4821893274784088
YFL052W,YKL148C,0,0.0058716144,0.10724208503961563,0.5755467414855957,0.4822893738746643
YOL128C,YDR210W-A,0,0.0058655385,0.10722222179174423,0.5755467414855957,0.4823894202709198
YBR228W,YGL181W,0,0.0058198776,0.10720237344503403,0.5755467414855957,0.4824894964694977
YOR056C,YLR410W-B,1,0.0057565086,0.10736764222383499,0.5765407681465149,0.4824894964694977
YHL009W-A,YML046W,0,0.0057396293,0.107347771525383,0.5765407681465149,0.4825895428657532
YGL065C,YPL230W,0,0.0057094377,0.1073279082775116,0.5765407681465149,0.48268961906433105
YOL115W,YER073W,0,0.0056978073,0.1073080450296402,0.5765407681465149,0.48278966546058655
YNR023W,YNL058C,0,0.0056515913,0.10728819668292999,0.5765407681465149,0.48288974165916443
YNL124W,YGL207W,0,0.0056248587,0.10726835578680038,0.5765407681465149,0.4829897880554199
YDR098C-B,YLR143W,1,0.0055966377,0.10743343085050583,0.5775347948074341,0.4829897880554199
YLR376C,YPL032C,0,0.0055456217,0.10741356760263443,0.5775347948074341,0.4830898642539978
YGR247W,YIL050W,0,0.0055188816,0.10739371180534363,0.5775347948074341,0.4831899106502533
YNR026C,YCL062W,0,0.00550062,0.10737387090921402,0.5775347948074341,0.4832899868488312
YJL209W,YCR089W,0,0.005469566,0.10735403001308441,0.5775347948074341,0.48339003324508667
YGR038C-A,YJL203W,0,0.0054639243,0.1073341965675354,0.5775347948074341,0.48349007964134216
YNL323W,YBR244W,0,0.005456796,0.10731437057256699,0.5775347948074341,0.48359015583992004
YLL054C,YOR088W,0,0.00541454,0.10729455202817917,0.5775347948074341,0.48369020223617554
YFL022C,YOR088W,0,0.0054063573,0.10727474093437195,0.5775347948074341,0.4837902784347534
YOL080C,YLR157C-B,1,0.0053972807,0.1074395403265953,0.5785288214683533,0.4837902784347534
YGR277C,YJL104W,0,0.0053662024,0.10741971433162689,0.5785288214683533,0.4838903248310089
YCL062W,YDR291W,0,0.00533944,0.10739988833665848,0.5785288214683533,0.4839904010295868
YJL042W,YBR161W,0,0.0053170007,0.10738007724285126,0.5785288214683533,0.4840904474258423
YOL006C,YOR088W,0,0.0052777696,0.10736026614904404,0.5785288214683533,0.48419052362442017
YBR133C,YOR088W,0,0.0052595213,0.10734046250581741,0.5785288214683533,0.48429057002067566
YNL072W,YBL101W-B,1,0.005245123,0.10750506818294525,0.5795228481292725,0.48429057002067566
YMR045C,YMR262W,1,0.0052091386,0.10766961425542831,0.5805168747901917,0.48429057002067566
YJL018W,YBR280C,0,0.005176684,0.10764976590871811,0.5805168747901917,0.48439064621925354
YNL329C,YNL224C,0,0.005120484,0.1076299324631691,0.5805168747901917,0.48449069261550903
YGR247W,YCR089W,0,0.005114859,0.10761009901762009,0.5805168747901917,0.4845907688140869
YBR200W,YCR070W,0,0.0050815176,0.10759027302265167,0.5805168747901917,0.4846908152103424
YDR163W,YML033W,0,0.0050727483,0.10757045447826385,0.5805168747901917,0.4847908616065979
YPL088W,YMR251W-A,0,0.0050697085,0.10755064338445663,0.5805168747901917,0.4848909378051758
YJL018W,YMR283C,0,0.0050079636,0.10753083974123001,0.5805168747901917,0.4849909842014313
YBL084C,YKL184W,0,0.0049801525,0.10751104354858398,0.5805168747901917,0.48509106040000916
YLR233C,YGL032C,0,0.0049503874,0.10749125480651855,0.5805168747901917,0.48519110679626465
YDL066W,YNL256W,0,0.0049261134,0.10747147351503372,0.5805168747901917,0.48529118299484253
YDL102W,YLR430W,1,0.0049248096,0.10763569176197052,0.5815109610557556,0.48529118299484253
YML038C,YCR017C,0,0.0048937984,0.1076158955693245,0.5815109610557556,0.485391229391098
YJL018W,YLR410W,0,0.0048811827,0.10759609937667847,0.5815109610557556,0.4854913055896759
YLR157C-A,YGL044C,0,0.0048653726,0.10757631808519363,0.5815109610557556,0.4855913519859314
YKR029C,YNR049C,0,0.0048325676,0.1075565367937088,0.5815109610557556,0.4856914281845093
YOR058C,YFL003C,0,0.0047584455,0.10753676295280457,0.5815109610557556,0.48579147458076477
YOR178C,YDR186C,0,0.004755331,0.10751700401306152,0.5815109610557556,0.48589152097702026
YOR192C-B,YGL175C,1,0.0047446135,0.10768099874258041,0.5825049877166748,0.48589152097702026
YKR013W,YOR100C,0,0.0047256853,0.10766121745109558,0.5825049877166748,0.48599159717559814
YOR100C,YML001W,0,0.004725663,0.10764144361019135,0.5825049877166748,0.48609164357185364
YLR145W,YGR161W-B,1,0.0046618003,0.10780532658100128,0.583499014377594,0.48609164357185364
YBR126C,YBR132C,0,0.0046444368,0.10778553038835526,0.583499014377594,0.4861917197704315
YDR316W-B,YLR143W,1,0.004630925,0.10794933140277863,0.5844930410385132,0.4861917197704315
YNL329C,YOR088W,0,0.004623102,0.10792951285839081,0.5844930410385132,0.486291766166687
YGL032C,YKL167C,0,0.0045798626,0.10790970921516418,0.5844930410385132,0.4863918423652649
YJL051W,YHL033C,0,0.0045680534,0.10788990557193756,0.5844930410385132,0.4864918887615204
YLR388W,YOR058C,0,0.0045404863,0.10787011682987213,0.5844930410385132,0.48659196496009827
YKL188C,YLR157C-A,0,0.0044832155,0.1078503280878067,0.5844930410385132,0.48669201135635376
YJL123C,YIR013C,0,0.004469881,0.10783055424690247,0.5844930410385132,0.48679208755493164
YOL068C,YGR027W-A,0,0.00446626,0.10781078040599823,0.5844930410385132,0.48689213395118713
YLR157C-A,YDR016C,0,0.004418904,0.10779101401567459,0.5844930410385132,0.486992210149765
YGL208W,YOR088W,0,0.0042592827,0.10777126252651215,0.5844930410385132,0.4870922565460205
YKR010C,YLL032C,0,0.004257614,0.1077515110373497,0.5844930410385132,0.487192302942276
YEL055C,YPL029W,0,0.0042262655,0.10773176699876785,0.5844930410385132,0.4872923791408539
YPL265W,YKL216W,0,0.0042086,0.1077120378613472,0.5844930410385132,0.4873924255371094
YBR100W,YMR234W,1,0.0041956063,0.10787545889616013,0.5854870676994324,0.4873924255371094
YOR003W,YCR070W,0,0.004168324,0.10785570740699768,0.5854870676994324,0.48749250173568726
YPL060C-A,YGL257C,0,0.004163604,0.10783595591783524,0.5854870676994324,0.48759254813194275
YMR045C,YDL185W,1,0.0041240584,0.10799926519393921,0.5864810943603516,0.48759254813194275
YGR198W,YDR171W,0,0.0040495377,0.10797949880361557,0.5864810943603516,0.48769262433052063
YER035W,YML025C,0,0.003983645,0.10795974731445312,0.5864810943603516,0.4877926707267761
YDL064W,YOL039W,0,0.0039753597,0.10793999582529068,0.5864810943603516,0.487892746925354
YLR148W,YIL103W,0,0.003938986,0.10792025178670883,0.5864810943603516,0.4879927933216095
YCR070W,YLR003C,0,0.0039155483,0.10790051519870758,0.5864810943603516,0.4880928695201874
YPR158W-A,YPL265W,0,0.003907917,0.10788078606128693,0.5864810943603516,0.48819291591644287
YNL102W,YBR100W,1,0.0039040316,0.10804387927055359,0.5874751210212708,0.48819291591644287
YDR261C-C,YDL092W,0,0.0038845893,0.10802412778139114,0.5874751210212708,0.48829296231269836
YGR038C-A,YKL046C,0,0.0038827248,0.1080043837428093,0.5874751210212708,0.48839303851127625
YAR066W,YOR197W,0,0.003878897,0.10798465460538864,0.5874751210212708,0.48849308490753174
YKL125W,YCR070W,0,0.0038774423,0.10796492546796799,0.5874751210212708,0.4885931611061096
YCL062W,YPL069C,0,0.0038536824,0.10794520378112793,0.5874751210212708,0.4886932075023651
YKL125W,YDR452W,0,0.0038189199,0.10792548954486847,0.5874751210212708,0.488793283700943
YML033W,YPL030W,0,0.0037667379,0.1079057902097702,0.5874751210212708,0.4888933300971985
YNR073C,YGL124C,0,0.003755303,0.10788609087467194,0.5874751210212708,0.48899340629577637
YOR033C,YGL245W,0,0.0037235897,0.10786639899015427,0.5874751210212708,0.48909345269203186
YOR088W,YGR067C,0,0.0036952551,0.1078467145562172,0.5874751210212708,0.48919352889060974
YGL250W,YBL016W,0,0.003690822,0.10782703757286072,0.5874751210212708,0.48929357528686523
YAL032C,YOR100C,0,0.0036260318,0.10780736804008484,0.5874751210212708,0.4893936216831207
YPR065W,YKL148C,0,0.0036188643,0.10778770595788956,0.5874751210212708,0.4894936978816986
YCL019W,YMR262W,1,0.0035980549,0.10795040428638458,0.5884692072868347,0.4894936978816986
YJR007W,YML033W,0,0.0035695713,0.10793071985244751,0.5884692072868347,0.4895937442779541
YOR371C,YOL089C,0,0.003527267,0.10791104286909103,0.5884692072868347,0.489693820476532
YJL118W,YLR119W,0,0.0035233777,0.10789138078689575,0.5884692072868347,0.4897938668727875
YIL162W,YFR004W,0,0.00340713,0.10787171870470047,0.5884692072868347,0.48989394307136536
YML033W,YDR394W,0,0.0033096224,0.10785206407308578,0.5884692072868347,0.48999398946762085
YPL055C,YDR331W,0,0.0032986011,0.1078324243426323,0.5884692072868347,0.49009406566619873
YFL062W,YML033W,0,0.0032909326,0.1078127846121788,0.5884692072868347,0.4901941120624542
YOL142W,YBR100W,1,0.00327258,0.10797523707151413,0.5894632339477539,0.4901941120624542
YJL018W,YGL065C,0,0.00327041,0.10795558243989944,0.5894632339477539,0.4902941882610321
YCR070W,YOR197W,0,0.0032602195,0.10793592780828476,0.5894632339477539,0.4903942346572876
YBR200W,YLR064W,0,0.003237052,0.10791628807783127,0.5894632339477539,0.4904943108558655
YCR071C,YNL312W,0,0.0032017436,0.10789665579795837,0.5894632339477539,0.49059435725212097
YNL316C,YCR069W,0,0.0031848978,0.10787702351808548,0.5894632339477539,0.49069440364837646
YBR019C,YCR048W,0,0.0031407606,0.10785740613937378,0.5894632339477539,0.49079447984695435
YHR034C,YHR072W-A,0,0.0031367037,0.10783778876066208,0.5894632339477539,0.49089452624320984
YPR029C,YNL002C,0,0.0031237174,0.10781817883253098,0.5894632339477539,0.4909946024417877
YKL049C,YDR221W,0,0.0030924585,0.10779858380556107,0.5894632339477539,0.4910946488380432
YJL018W,YDR394W,0,0.003026953,0.10777898877859116,0.5894632339477539,0.4911947250366211
YJR159W,YDR079C-A,0,0.003025921,0.10775940120220184,0.5894632339477539,0.4912947714328766
YOL128C,YLR022C,0,0.0030195992,0.10773982852697372,0.5894632339477539,0.49139484763145447
YNR073C,YGR096W,0,0.002999736,0.1077202558517456,0.5894632339477539,0.49149489402770996
YJL018W,YJR091C,0,0.0029726475,0.10770069062709808,0.5894632339477539,0.49159497022628784
YJL203W,YBL027W,0,0.0029543322,0.10768113285303116,0.5894632339477539,0.49169501662254333
YPR058W,YCR070W,0,0.002906626,0.10766158252954483,0.5894632339477539,0.49179506301879883
YOR371C,YLR222C,0,0.0028741937,0.1076420396566391,0.5894632339477539,0.4918951392173767
YDR365W-B,YIL082W-A,1,0.0028648488,0.10780399292707443,0.5904572606086731,0.4918951392173767
YHR072W,YHR016C,0,0.0028369222,0.10778442770242691,0.5904572606086731,0.4919951856136322
YGL201C,YML033W,0,0.0027044099,0.10776487737894058,0.5904572606086731,0.4920952618122101
YNL085W,YBL101W-B,1,0.0026853904,0.10792671889066696,0.5914512872695923,0.4920952618122101
YMR135C,YCL062W,0,0.002524307,0.10790714621543884,0.5914512872695923,0.4921953082084656
YCL011C,YJL159W,0,0.0025092494,0.10788758099079132,0.5914512872695923,0.49229538440704346
YMR011W,YGR038W,0,0.002488859,0.1078680232167244,0.5914512872695923,0.49239543080329895
YKR003W,YDR186C,0,0.0024766754,0.10784846544265747,0.5914512872695923,0.49249550700187683
YAL042W,YGR098C,0,0.0024631154,0.10782892256975174,0.5914512872695923,0.4925955533981323
YBL067C,YNL270C,0,0.002458429,0.1078093871474266,0.5914512872695923,0.4926956295967102
YBL101W-B,YNL250W,1,0.002338061,0.10797101259231567,0.5924453139305115,0.4926956295967102
YLR274W,YPR058W,0,0.0023278277,0.10795145481824875,0.5924453139305115,0.4927956759929657
YGR027W-B,YIL080W,1,0.0023186207,0.10811300575733185,0.5934393405914307,0.4927956759929657
YFL016C,YDL044C,0,0.0023125242,0.10809342563152313,0.5934393405914307,0.4928957521915436
YOR371C,YML033W,0,0.0022998396,0.10807386040687561,0.5934393405914307,0.4929957985877991
YGR027W-B,YKR056W,1,0.0022325888,0.10823529213666916,0.5944334268569946,0.4929957985877991
YLR157C-A,YER042W,0,0.002184756,0.10821570456027985,0.5944334268569946,0.49309584498405457
YBR235W,YKL120W,0,0.0021674875,0.10819612443447113,0.5944334268569946,0.49319592118263245
YAL014C,YMR083W,0,0.0021572243,0.10817655920982361,0.5944334268569946,0.49329596757888794
YHR079C-A,YLR034C,0,0.0021482687,0.10815699398517609,0.5944334268569946,0.4933960437774658
YOR033C,YIL129C,0,0.0021316763,0.10813742876052856,0.5944334268569946,0.4934960901737213
YBL019W,YDR261W-B,1,0.0020452049,0.10829868167638779,0.5954274535179138,0.4934960901737213
YLR145W,YLR410W-B,1,0.002026461,0.10845986753702164,0.596421480178833,0.4934960901737213
YDR311W,YBR018C,0,0.0020154025,0.10844026505947113,0.596421480178833,0.4935961663722992
YOR307C,YML033W,0,0.002009226,0.10842067003250122,0.596421480178833,0.4936962127685547
YDL194W,YMR030W,0,0.0020083617,0.10840108245611191,0.596421480178833,0.49379628896713257
YIR022W,YOR077W,0,0.0019860324,0.10838150233030319,0.596421480178833,0.49389633536338806
YKL091C,YGR261C,0,0.00197698,0.10836192965507507,0.596421480178833,0.49399641156196594
YNL221C,YLR410W-B,1,0.0019193981,0.108522929251194,0.5974155068397522,0.49399641156196594
YBR100W,YHR062C,1,0.0019084476,0.10868387669324875,0.5984095335006714,0.49399641156196594
YPL170W,YPL079W,0,0.0018979069,0.10866425931453705,0.5984095335006714,0.49409645795822144
YGL131C,YBR152W,0,0.0018720459,0.10864464938640594,0.5984095335006714,0.49419650435447693
YPL256C,YKL046C,0,0.0018002819,0.10862504690885544,0.5984095335006714,0.4942965805530548
YLR027C,YNL225C,0,0.0017885696,0.10860545188188553,0.5984095335006714,0.4943966269493103
YFL034C-B,YHL009W-A,0,0.0017727036,0.10858585685491562,0.5984095335006714,0.4944967031478882
YMR268C,YKR065C,0,0.0017671976,0.1085662767291069,0.5984095335006714,0.4945967495441437
YPL211W,YGL150C,0,0.0017450489,0.10854669660329819,0.5984095335006714,0.49469682574272156
YDR346C,YPL060C-A,0,0.0017330237,0.10852713137865067,0.5984095335006714,0.49479687213897705
YGL181W,YGR065C,0,0.0016417596,0.10850757360458374,0.5984095335006714,0.49489694833755493
YFR009W,YNR032W,0,0.0016343016,0.10848801583051682,0.5984095335006714,0.4949969947338104
YCR070W,YNL241C,0,0.001625184,0.10846846550703049,0.5984095335006714,0.4950970709323883
YER118C,YGL166W,0,0.0016172584,0.10844893008470535,0.5984095335006714,0.4951971173286438
YHR039C,YNL209W,0,0.0015664082,0.10842939466238022,0.5984095335006714,0.4952971637248993
YGR027W-B,YDR261C-D,1,0.0015385132,0.10858995467424393,0.5994035601615906,0.4952971637248993
YDR006C,YDR084C,0,0.0015144553,0.108570396900177,0.5994035601615906,0.4953972399234772
YGR198W,YPR158W-A,0,0.0014900081,0.10855085402727127,0.5994035601615906,0.49549728631973267
YOL103W-B,YKL025C,1,0.0014894716,0.10871130228042603,0.6003975868225098,0.49549728631973267
YHR143W-A,YGR027W-A,0,0.0014352594,0.1086917370557785,0.6003975868225098,0.49559736251831055
YGR161C-C,YNL009W,0,0.0014152732,0.10867218673229218,0.6003975868225098,0.49569740891456604
YIR022W,YMR106C,0,0.0014020186,0.10865263640880585,0.6003975868225098,0.4957974851131439
YKL096W,YDR206W,0,0.0013710689,0.10863309353590012,0.6003975868225098,0.4958975315093994
YDR258C,YER001W,0,0.001345275,0.10861355811357498,0.6003975868225098,0.4959976077079773
YKR080W,YMR044W,0,0.00128497,0.10859403014183044,0.6003975868225098,0.4960976541042328
YML033W,YNL097C,0,0.0012410581,0.1085745096206665,0.6003975868225098,0.49619773030281067
YDR365W-B,YJR006W,1,0.0012283418,0.10873472690582275,0.6013916730880737,0.49619773030281067
YHL009W-A,YDL213C,0,0.0011832118,0.10871518403291702,0.6013916730880737,0.49629777669906616
YNL054W-B,YBR100W,1,0.0011639725,0.10887531191110611,0.6023856997489929,0.49629777669906616
YDR524C-B,YIL044C,0,0.0011639725,0.10885575413703918,0.6023856997489929,0.49639785289764404
YDR210W-D,YKL113C,1,0.0011639725,0.1090158075094223,0.6033797264099121,0.49639785289764404
YJL113W,YBL101W-B,1,0.0011639725,0.10917579382658005,0.6043737530708313,0.49639785289764404
YDR210W-D,YLR002C,0,0.0011639725,0.10915619134902954,0.6043737530708313,0.49649789929389954
YDR210W-D,YAL014C,0,0.0011639725,0.10913660377264023,0.6043737530708313,0.49659794569015503
YOR343C-B,YDL185W,1,0.0011639725,0.10929648578166962,0.6053677797317505,0.49659794569015503
YDR210W-D,YOL042W,1,0.0011639725,0.10945630818605423,0.6063618063926697,0.49659794569015503
YOL094C,YKR099C-A,0,0.0011639725,0.10943666845560074,0.6063618063926697,0.4966980218887329
YNL024C-A,YKL120W,0,0.0011639725,0.10941704362630844,0.6063618063926697,0.4967980682849884
YGR013W,YKR099C-A,0,0.0011639725,0.10939741879701614,0.6063618063926697,0.4968981444835663
YDR293C,YOR343C-B,1,0.0011639725,0.10955710709095001,0.6073558926582336,0.4968981444835663
YDL111C,YOR343C-B,1,0.0011639725,0.1097167432308197,0.6083499193191528,0.4968981444835663
YPL123C,YOR343C-B,1,0.0011639725,0.10987631976604462,0.609343945980072,0.4968981444835663
YLR362W,YKR099C-A,0,0.0011639725,0.10985662788152695,0.609343945980072,0.4969981908798218
YDR210W-D,YLR342W,0,0.0011639725,0.10983694344758987,0.609343945980072,0.49709826707839966
YKR099C-A,YOR375C,0,0.0011639725,0.1098172664642334,0.609343945980072,0.49719831347465515
YNL024C-A,YIL049W,0,0.0011639725,0.10979759693145752,0.609343945980072,0.49729838967323303
YOR229W,YKR099C-A,0,0.0011639725,0.10977793484926224,0.609343945980072,0.4973984360694885
YDR210W-D,YJL014W,0,0.0011639725,0.10975828021764755,0.609343945980072,0.4974985122680664
YAL021C,YOR343C-B,1,0.0011639725,0.10991764813661575,0.6103379726409912,0.4974985122680664
YDR210W-D,YCR026C,1,0.0011639725,0.11007696390151978,0.6113319993019104,0.4974985122680664
YCL027C-A,YLR229C,0,0.0011639725,0.11005726456642151,0.6113319993019104,0.4975985586643219
YDR210W-D,YER006W,0,0.0011639725,0.11003757268190384,0.6113319993019104,0.4976986050605774
YNL035C,YDR524C-B,0,0.0011639725,0.11001788824796677,0.6113319993019104,0.4977986812591553
YML095C,YOR343C-B,1,0.0011639725,0.11017706990242004,0.6123260259628296,0.4977986812591553
YNL024C-A,YML019W,0,0.0011639725,0.11015737056732178,0.6123260259628296,0.49789872765541077
YJL087C,YOR343C-B,1,0.0011639725,0.11031647026538849,0.6133200526237488,0.49789872765541077
YOR343C-B,YHR079C,1,0.0011639725,0.11047551035881042,0.6143141388893127,0.49789872765541077
YHR152W,YOR343C-B,0,0.0011639725,0.11045576632022858,0.6143141388893127,0.49799880385398865
YDR210W-D,YNL009W,0,0.0011639725,0.11043602228164673,0.6143141388893127,0.49809885025024414
YDR079C-A,YKR099C-A,0,0.0011639725,0.11041629314422607,0.6143141388893127,0.498198926448822
YOR343C-B,YLR105C,1,0.0011639725,0.11057520657777786,0.6153081655502319,0.498198926448822
YOR343C-B,YDR279W,1,0.0011639725,0.11073406040668488,0.6163021922111511,0.498198926448822
YDR524C-B,YNL099C,0,0.0011639725,0.11071428656578064,0.6163021922111511,0.4982989728450775
YPR158W-B,YOR343C-B,1,0.0011639725,0.11087305843830109,0.6172962188720703,0.4982989728450775
YNL024C-A,YJL047C,0,0.0011639725,0.11085326969623566,0.6172962188720703,0.4983990490436554
YDR524C-B,YNL224C,0,0.0011639725,0.11083348095417023,0.6172962188720703,0.4984990954399109
YPL123C,YDR210W-D,1,0.0011639725,0.11099214851856232,0.6182902455329895,0.4984990954399109
YKL011C,YDR210W-D,1,0.0011639725,0.11115075647830963,0.6192842721939087,0.4984990954399109
YDR210W-D,YGR186W,0,0.0011639725,0.11113093048334122,0.6192842721939087,0.49859917163848877
YNL024C-A,YHR034C,0,0.0011639725,0.1111111119389534,0.6192842721939087,0.49869921803474426
YDL193W,YKR099C-A,0,0.0011639725,0.11109130084514618,0.6192842721939087,0.49879929423332214
YDR524C-B,YOR073W,0,0.0011639725,0.11107148975133896,0.6192842721939087,0.49889934062957764
YLR128W,YKR099C-A,0,0.0011639725,0.11105169355869293,0.6192842721939087,0.49899938702583313
YLR449W,YOR343C-B,0,0.0011639725,0.1110319048166275,0.6192842721939087,0.499099463224411
YJL076W,YKR099C-A,0,0.0011639725,0.11101211607456207,0.6192842721939087,0.4991995096206665
YBL008W-A,YBR293W,0,0.0011639725,0.11099234223365784,0.6192842721939087,0.4992995858192444
YDL025C,YKR099C-A,0,0.0011639725,0.1109725683927536,0.6192842721939087,0.4993996322154999
YBL008W-A,YPL088W,0,0.0011639725,0.11095280200242996,0.6192842721939087,0.49949970841407776
YDR210W-D,YDR485C,0,0.0011639725,0.11093305051326752,0.6192842721939087,0.49959975481033325
YNL186W,YKR099C-A,0,0.0011639725,0.11091329902410507,0.6192842721939087,0.49969983100891113
YAL033W,YDR210W-D,1,0.0011639725,0.11107155680656433,0.6202783584594727,0.49969983100891113
YDR210W-D,YBR217W,0,0.0011639725,0.11105179041624069,0.6202783584594727,0.4997998774051666
YGL210W-A,YPL046C,0,0.0011639725,0.11103203147649765,0.6202783584594727,0.4998999536037445
YOR229W,YBL008W-A,0,0.0011639725,0.11101227253675461,0.6202783584594727,0.5
YBL008W-A,YOR010C,0,0.0011639725,0.11099252849817276,0.6202783584594727,0.5001000761985779
YPR185W,YKR099C-A,0,0.0011639725,0.11097279191017151,0.6202783584594727,0.500200092792511
YER004W,YCL027C-A,0,0.0011639725,0.11095305532217026,0.6202783584594727,0.5003001689910889
YBL008W-A,YDL207W,0,0.0011639725,0.1109333336353302,0.6202783584594727,0.5004002451896667
YDL126C,YDR524C-B,0,0.0011639725,0.11091361194849014,0.6202783584594727,0.5005003213882446
YNL024C-A,YNL336W,0,0.0011639725,0.11089390516281128,0.6202783584594727,0.5006003379821777
YDR261C-C,YOR088W,0,0.0011639725,0.11087419837713242,0.6202783584594727,0.5007004141807556
YDR519W,YKR099C-A,0,0.0011639725,0.11085450649261475,0.6202783584594727,0.5008004903793335
YOL103W-B,YBL101W-B,1,0.0011639725,0.11101243644952774,0.6212723851203918,0.5008004903793335
YBL008W-A,YDL159W,0,0.0011639725,0.11099272221326828,0.6212723851203918,0.5009005665779114
YDR210W-D,YNL126W,0,0.0011639725,0.11097300797700882,0.6212723851203918,0.5010005831718445
YMR058W,YDR524C-B,0,0.0011639725,0.11095330864191055,0.6212723851203918,0.5011006593704224
YDR210W-D,YNR046W,0,0.0011639725,0.11093361675739288,0.6212723851203918,0.5012007355690002
YDR210W-D,YLR340W,0,0.0011639725,0.11091393232345581,0.6212723851203918,0.5013007521629333
YGR249W,YKR099C-A,0,0.0011639725,0.11089424788951874,0.6212723851203918,0.5014008283615112
YHR098C,YCR070W,0,0.0011639725,0.11087457835674286,0.6212723851203918,0.5015009045600891
YHL007C,YKR099C-A,0,0.0011639725,0.11085491627454758,0.6212723851203918,0.501600980758667
YDR524C-B,YDR037W,0,0.0011639725,0.1108352541923523,0.6212723851203918,0.5017009973526001
YDR524C-B,YCR020W-B,0,0.0011639725,0.11081559956073761,0.6212723851203918,0.501801073551178
YBL008W-A,YMR323W,0,0.0011639725,0.11079595983028412,0.6212723851203918,0.5019011497497559
YLR297W,YCL027C-A,0,0.0011639725,0.11077632009983063,0.6212723851203918,0.5020012259483337
YDR210W-D,YLR424W,0,0.0011639725,0.11075668781995773,0.6212723851203918,0.5021012425422668
YGR284C,YKR099C-A,0,0.0011639725,0.11073706299066544,0.6212723851203918,0.5022013187408447
YGL023C,YDR524C-B,0,0.0011639725,0.11071744561195374,0.6212723851203918,0.5023013949394226
YLR077W,YBL008W-A,0,0.0011639725,0.11069783568382263,0.6212723851203918,0.5024014115333557
YDR524C-B,YIL050W,0,0.0011639725,0.11067823320627213,0.6212723851203918,0.5025014877319336
YDR210W-D,YOL148C,0,0.0011639725,0.11065863817930222,0.6212723851203918,0.5026015639305115
YDR524C-B,YKL211C,0,0.0011639725,0.1106390506029129,0.6212723851203918,0.5027016401290894
YBL008W-A,YGL054C,0,0.0011639725,0.11061947047710419,0.6212723851203918,0.5028016567230225
YIL082W-A,YOR343C-B,1,0.0011639725,0.1107768565416336,0.622266411781311,0.5028016567230225
YKR099C-A,YKL157W,0,0.0011639725,0.1107572540640831,0.622266411781311,0.5029017329216003
YNL024C-A,YHR026W,0,0.0011639725,0.11073765903711319,0.622266411781311,0.5030018091201782
YJL137C,YCL027C-A,0,0.0011639725,0.11071807891130447,0.622266411781311,0.5031018853187561
YDR210W-D,YBR135W,0,0.0011639725,0.11069849878549576,0.622266411781311,0.5032019019126892
YIL121W,YDR524C-B,0,0.0011639725,0.11067892611026764,0.622266411781311,0.5033019781112671
YJR027W,YOR343C-B,1,0.0011639725,0.11083613336086273,0.6232604384422302,0.5033019781112671
YDR210W-D,YGR276C,1,0.0011639725,0.11099328100681305,0.6242544651031494,0.5033019781112671
YML062C,YCL027C-A,0,0.0011639725,0.11097367107868195,0.6242544651031494,0.503402054309845
YLR145W,YOR343C-B,1,0.0011639725,0.1111307442188263,0.6252484917640686,0.503402054309845
YCR097W,YOR343C-B,0,0.0011639725,0.1111111119389534,0.6252484917640686,0.5035021305084229
YDR210W-D,YMR104C,0,0.0011639725,0.1110914871096611,0.6252484917640686,0.503602147102356
YDR524C-B,YDR382W,0,0.0011639725,0.1110718697309494,0.6252484917640686,0.5037022233009338
YCL027C-A,YDL236W,0,0.0011639725,0.1110522598028183,0.6252484917640686,0.5038022994995117
YLR406C,YOR088W,0,0.0011639725,0.11103265732526779,0.6252484917640686,0.5039023160934448
YAR071W,YCL027C-A,0,0.0011639725,0.11101306229829788,0.6252484917640686,0.5040023922920227
YDR210W-D,YML091C,1,0.0011639725,0.11116993427276611,0.6262425184249878,0.5040023922920227
YLR410W-B,YBR100W,1,0.0011639725,0.11132674664258957,0.6272366046905518,0.5040023922920227
YJL160C,YCL027C-A,0,0.0011639725,0.11130710691213608,0.6272366046905518,0.5041024684906006
YMR170C,YOR343C-B,0,0.0011639725,0.11128747463226318,0.6272366046905518,0.5042025446891785
YBL008W-A,YDR142C,0,0.0011639725,0.11126785725355148,0.6272366046905518,0.5043025612831116
YLR002C,YDR524C-B,0,0.0011639725,0.11124823987483978,0.6272366046905518,0.5044026374816895
YNL024C-A,YGL254W,0,0.0011639725,0.11122862994670868,0.6272366046905518,0.5045027136802673
YNL024C-A,YNL224C,0,0.0011639725,0.11120902001857758,0.6272366046905518,0.5046027898788452
YDR322C-A,YOR088W,0,0.0011639725,0.11118942499160767,0.6272366046905518,0.5047028064727783
YBL008W-A,YIL114C,0,0.0011639725,0.11116983741521835,0.6272366046905518,0.5048028826713562
YCL062W,YCL026C-A,0,0.0011639725,0.11115025728940964,0.6272366046905518,0.5049029588699341
YKR099C-A,YER075C,0,0.0011639725,0.11113067716360092,0.6272366046905518,0.5050029754638672
YAR003W,YOR343C-B,0,0.0011639725,0.1111111119389534,0.6272366046905518,0.5051030516624451
YBL008W-A,YEL020C,0,0.0011639725,0.11109154671430588,0.6272366046905518,0.505203127861023
YHR079C-A,YKR099C-A,0,0.0011639725,0.11107199639081955,0.6272366046905518,0.5053032040596008
YGL013C,YCL027C-A,0,0.0011639725,0.11105244606733322,0.6272366046905518,0.5054032206535339
YBL008W-A,YBR179C,0,0.0011639725,0.11103290319442749,0.6272366046905518,0.5055032968521118
YNL024C-A,YMR309C,0,0.0011639725,0.11101336777210236,0.6272366046905518,0.5056033730506897
YPL047W,YKR099C-A,0,0.0011639725,0.11099383980035782,0.6272366046905518,0.5057034492492676
YBL008W-A,YDL126C,0,0.0011639725,0.11097431927919388,0.6272366046905518,0.5058034658432007
YMR283C,YGL210W-A,0,0.0011639725,0.11095480620861053,0.6272366046905518,0.5059035420417786
YBL008W-A,YDL150W,0,0.0011639725,0.11093530058860779,0.6272366046905518,0.5060036182403564
YNL024C-A,YPL124W,0,0.0011639725,0.11091580241918564,0.6272366046905518,0.5061036348342896
YLR157C-B,YER074W-A,0,0.0011639725,0.11089631170034409,0.6272366046905518,0.5062037110328674
YGR041W,YKR099C-A,0,0.0011639725,0.11087682098150253,0.6272366046905518,0.5063037872314453
YGL210W-A,YMR047C,0,0.0011639725,0.11085734516382217,0.6272366046905518,0.5064038634300232
YBR302C,YBL071W-A,0,0.0011639725,0.11083786934614182,0.6272366046905518,0.5065038800239563
YDR210W-D,YML111W,0,0.0011639725,0.11081840842962265,0.6272366046905518,0.5066039562225342
YGR183C,YDR524C-B,0,0.0011639725,0.11079894751310349,0.6272366046905518,0.5067040324211121
YBL008W-A,YBR004C,0,0.0011639725,0.11077949404716492,0.6272366046905518,0.5068041086196899
YOR343C-B,YGL179C,0,0.0011639725,0.11076004803180695,0.6272366046905518,0.506904125213623
YKR086W,YCL027C-A,0,0.0011639725,0.11074060946702957,0.6272366046905518,0.5070042014122009
YDR210W-D,YJL111W,0,0.0011639725,0.1107211783528328,0.6272366046905518,0.5071042776107788
YMR309C,YCL027C-A,0,0.0011639725,0.11070175468921661,0.6272366046905518,0.5072042942047119
YGR157W,YDR210W-D,0,0.0011639725,0.11068233847618103,0.6272366046905518,0.5073043704032898
YBL008W-A,YGR092W,0,0.0011639725,0.11066292226314545,0.6272366046905518,0.5074044466018677
YDR524C-B,YML046W,0,0.0011639725,0.11064352095127106,0.6272366046905518,0.5075045228004456
YLR226W,YKR099C-A,0,0.0011639725,0.11062412708997726,0.6272366046905518,0.5076045393943787
YKL049C,YDR524C-B,0,0.0011639725,0.11060473322868347,0.6272366046905518,0.5077046155929565
YOR343C-B,YML118W,1,0.0011639725,0.11076059937477112,0.628230631351471,0.5077046155929565
YDR524C-B,YJR125C,0,0.0011639725,0.11074119806289673,0.628230631351471,0.5078046917915344
YGL210W-A,YGL187C,0,0.0011639725,0.11072179675102234,0.628230631351471,0.5079047679901123
YMR278W,YGL210W-A,0,0.0011639725,0.11070240288972855,0.628230631351471,0.5080047845840454
YDR098C-B,YBL101W-B,1,0.0011639725,0.11085814237594604,0.6292246580123901,0.5080047845840454
YDR210W-D,YMR199W,0,0.0011639725,0.11083873361349106,0.6292246580123901,0.5081048607826233
YBL008W-A,YGL208W,0,0.0011639725,0.11081932485103607,0.6292246580123901,0.5082049369812012
YBR302C,YDR524C-B,0,0.0011639725,0.11079993098974228,0.6292246580123901,0.5083049535751343
YGL166W,YCL027C-A,0,0.0011639725,0.11078053712844849,0.6292246580123901,0.5084050297737122
YNR026C,YGL210W-A,0,0.0011639725,0.11076115816831589,0.6292246580123901,0.50850510597229
YHL002W,YBL008W-A,0,0.0011639725,0.11074177920818329,0.6292246580123901,0.5086051821708679
YBR234C,YNL024C-A,0,0.0011639725,0.11072240769863129,0.6292246580123901,0.508705198764801
YEL026W,YKR099C-A,0,0.0011639725,0.11070304363965988,0.6292246580123901,0.5088052749633789
YDR210W-D,YLR105C,1,0.0011639725,0.11085854470729828,0.6302186846733093,0.5088052749633789
YHR039C,YGL210W-A,0,0.0011639725,0.11083915829658508,0.6302186846733093,0.5089053511619568
YBL008W-A,YNL047C,0,0.0011639725,0.11081978678703308,0.6302186846733093,0.5090054273605347
YDR522C,YCL027C-A,0,0.0011639725,0.11080042272806168,0.6302186846733093,0.5091054439544678
YNL024C-A,YDL126C,0,0.0011639725,0.11078105866909027,0.6302186846733093,0.5092055201530457
YDR210W-D,YLR128W,0,0.0011639725,0.11076170206069946,0.6302186846733093,0.5093055963516235
YPL266W,YOR343C-B,0,0.0011639725,0.11074236035346985,0.6302186846733093,0.5094056725502014
YDR147W,YBL071W-A,0,0.0011639725,0.11072301864624023,0.6302186846733093,0.5095056891441345
YDR210W-D,YMR224C,1,0.0011639725,0.11087829619646072,0.6312127113342285,0.5095056891441345
YOR035C,YOR343C-B,0,0.0011639725,0.11085893958806992,0.6312127113342285,0.5096057653427124
YOR343C-B,YGR095C,1,0.0011639725,0.11101413518190384,0.6322067379951477,0.5096057653427124
YBL008W-A,YGR207C,0,0.0011639725,0.11099476367235184,0.6322067379951477,0.5097058415412903
YOR343C-B,YJL036W,0,0.0011639725,0.11097539961338043,0.6322067379951477,0.5098058581352234
YJR099W,YKR099C-A,0,0.0011639725,0.11095603555440903,0.6322067379951477,0.5099059343338013
YNL024C-A,YHR072W,0,0.0011639725,0.11093667894601822,0.6322067379951477,0.5100060105323792
YBL008W-A,YPL187W,0,0.0011639725,0.1109173372387886,0.6322067379951477,0.510106086730957
YHR062C,YOR343C-B,1,0.0011639725,0.1110723614692688,0.6332008242607117,0.510106086730957
YML062C,YOR343C-B,0,0.0011639725,0.1110529974102974,0.6332008242607117,0.5102061033248901
YNL024C-A,YER118C,0,0.0011639725,0.11103364080190659,0.6332008242607117,0.510306179523468
YDR210W-D,YHR094C,0,0.0011639725,0.11101429164409637,0.6332008242607117,0.5104062557220459
YGL020C,YOR343C-B,0,0.0011639725,0.11099494993686676,0.6332008242607117,0.5105063319206238
YKL146W,YKR099C-A,0,0.0011639725,0.11097560822963715,0.6332008242607117,0.5106063485145569
YDL079C,YCL027C-A,0,0.0011639725,0.11095628142356873,0.6332008242607117,0.5107064247131348
YDR210W-D,YKL025C,1,0.0011639725,0.1111111119389534,0.6341948509216309,0.5107064247131348
YBL101W-B,YGR027W-B,1,0.0011639725,0.1112658903002739,0.63518887758255,0.5107064247131348
YBR136W,YOR088W,0,0.0011639725,0.1112465187907219,0.63518887758255,0.5108065009117126
YNL024C-A,YIR013C,0,0.0011639725,0.11122715473175049,0.63518887758255,0.5109065175056458
YDR210W-D,YLR297W,0,0.0011639725,0.11120779812335968,0.63518887758255,0.5110065937042236
YDR210W-D,YOL137W,0,0.0011639725,0.11118844896554947,0.63518887758255,0.5111066699028015
YBL008W-A,YNL082W,0,0.0011639725,0.11116909980773926,0.63518887758255,0.5112067461013794
YGL210W-A,YPL249C-A,0,0.0011639725,0.11114976555109024,0.63518887758255,0.5113067626953125
YBR258C,YGL210W-A,0,0.0011639725,0.11113043129444122,0.63518887758255,0.5114068388938904
YLR272C,YER074W-A,0,0.0011639725,0.1111111119389534,0.63518887758255,0.5115069150924683
YGR249W,YOR088W,0,0.0011567939,0.11109179258346558,0.63518887758255,0.5116069912910461
YCR083W,YOR088W,0,0.001130728,0.11107248067855835,0.63518887758255,0.5117070078849792
YNL197C,YDR489W,0,0.0011295956,0.11105318367481232,0.63518887758255,0.5118070840835571
YBR298C,YBL071W-A,0,0.0010951106,0.11103388667106628,0.63518887758255,0.511907160282135
YPL232W,YDR258C,0,0.0010679755,0.11101459711790085,0.63518887758255,0.5120071768760681
YOR256C,YCR070W,0,0.00096364133,0.11099530756473541,0.63518887758255,0.512107253074646
YER144C,YLR308W,0,0.00093440525,0.11097603291273117,0.63518887758255,0.5122073292732239
YOR005C,YER074W-A,0,0.0008666031,0.11095676571130753,0.63518887758255,0.5123074054718018
YPR029C,YGR183C,0,0.00085210986,0.11093749850988388,0.63518887758255,0.5124074220657349
YML022W,YKL216W,0,0.000830641,0.11091824620962143,0.63518887758255,0.5125074982643127
YKL188C,YDR191W,0,0.00082121603,0.11089899390935898,0.63518887758255,0.5126075744628906
YER118C,YHL009W-A,0,0.000785728,0.11087974905967712,0.63518887758255,0.5127076506614685
YER026C,YLR003C,0,0.00078397803,0.11086051166057587,0.63518887758255,0.5128076672554016
YOL080C,YAR008W,1,0.00078053586,0.11101474612951279,0.6361829042434692,0.5128076672554016
YGL022W,YJR067C,0,0.0007638987,0.11099549382925034,0.6361829042434692,0.5129077434539795
YBL099W,YOR088W,0,0.00072433054,0.11097624152898788,0.6361829042434692,0.5130078196525574
YBR133C,YDL165W,0,0.00072078966,0.11095700412988663,0.6361829042434692,0.5131078362464905
YMR309C,YPR065W,0,0.0006971117,0.11093777418136597,0.6361829042434692,0.5132079124450684
YKL114C,YOR142W-B,1,0.0006497521,0.11109185218811035,0.6371769309043884,0.5132079124450684
YJL209W,YER124C,0,0.0006308388,0.1110726073384285,0.6371769309043884,0.5133079886436462
YOL113W,YKR025W,0,0.0006037038,0.11105336248874664,0.6371769309043884,0.5134080648422241
YAR003W,YJL203W,0,0.00056068413,0.11103412508964539,0.6371769309043884,0.5135080814361572
YMR164C,YGR096W,0,0.00048883073,0.11101489514112473,0.6371769309043884,0.5136081576347351
YGR038W,YDL191W,0,0.0004205238,0.11099567264318466,0.6371769309043884,0.513708233833313
YBR100W,YCR035C,1,0.00026503298,0.11114958673715591,0.6381709575653076,0.513708233833313
YFL062W,YCL062W,0,0.0002431618,0.11113034188747406,0.6381709575653076,0.5138083100318909
YGR133W,YGL043W,0,0.00023718365,0.1111111119389534,0.6381709575653076,0.513908326625824
YKR080W,YAL047C,0,0.00022958033,0.11109188199043274,0.6381709575653076,0.5140084028244019
YER119C,YCL062W,0,0.00020713452,0.11107266694307327,0.6381709575653076,0.5141084790229797
YMR283C,YDL174C,0,0.00019321404,0.1110534518957138,0.6381709575653076,0.5142084956169128
YHL022C,YGR065C,0,0.00015285052,0.11103424429893494,0.6381709575653076,0.5143085718154907
YBR228W,YDR261C-D,1,0.0001322683,0.11118796467781067,0.6391649842262268,0.5143085718154907
YCR071C,YML033W,0,0.00012824405,0.1111687421798706,0.6391649842262268,0.5144086480140686
YAL032C,YJL091C,0,0.00012504123,0.11114952713251114,0.6391649842262268,0.5145087242126465
YGR158C,YDL185W,1,0.00012349524,0.11130314320325851,0.6401590704917908,0.5145087242126465
YBR110W,YOR088W,0,0.000119980425,0.11128391325473785,0.6401590704917908,0.5146087408065796
YOR361C,YGR121C,0,0.00010666065,0.1112646833062172,0.6401590704917908,0.5147088170051575
YDR322C-A,YPL066W,0,8.801371e-05,0.11124546825885773,0.6401590704917908,0.5148088932037354
YBR288C,YOR088W,0,6.898586e-05,0.11122625321149826,0.6401590704917908,0.5149089694023132
YNL126W,YJL018W,0,4.5171008e-05,0.11120704561471939,0.6401590704917908,0.5150089859962463
YMR092C,YGL055W,0,4.2540953e-05,0.11118784546852112,0.6401590704917908,0.5151090621948242
YHR124W,YLR378C,0,-5.0442293e-05,0.11116865277290344,0.6401590704917908,0.5152091383934021
YJR091C,YOR088W,0,-6.0922466e-05,0.11114946752786636,0.6401590704917908,0.51530921459198
YBL046W,YGR038W,0,-9.7172335e-05,0.11113028228282928,0.6401590704917908,0.5154092311859131
YGR157W,YNL312W,0,-0.000140341,0.1111111119389534,0.6401590704917908,0.515509307384491
YDR210W-B,YML045W,1,-0.00020102039,0.11126444488763809,0.64115309715271,0.515509307384491
YDR034C-D,YOR368W,1,-0.00021595042,0.1114177331328392,0.6421471238136292,0.515509307384491
YNL106C,YOR088W,0,-0.0003128592,0.11139851808547974,0.6421471238136292,0.5156093835830688
YJR093C,YOR088W,0,-0.00032239407,0.11137931048870087,0.6421471238136292,0.515709400177002
YGL133W,YCR070W,0,-0.0003557615,0.1113601103425026,0.6421471238136292,0.5158094763755798
YDR006C,YJL111W,0,-0.00041604973,0.11134091764688492,0.6421471238136292,0.5159095525741577
YGR059W,YOL058W,0,-0.00042496808,0.11132173240184784,0.6421471238136292,0.5160096287727356
YPL257W-B,YKR056W,1,-0.00044725835,0.11147484183311462,0.6431411504745483,0.5160096287727356
YLR340W,YOR003W,0,-0.00050116517,0.11145564168691635,0.6431411504745483,0.5161096453666687
YNL126W,YCR028C-A,0,-0.0005244557,0.11143644154071808,0.6431411504745483,0.5162097215652466
YOR118W,YEL060C,0,-0.0006411392,0.111417256295681,0.6431411504745483,0.5163097977638245
YLR406C,YNL053W,0,-0.0006535668,0.11139807105064392,0.6431411504745483,0.5164098739624023
YDR034C-D,YDR478W,1,-0.0006584544,0.11155103892087936,0.6441351771354675,0.5164098739624023
YFL002W-A,YGR276C,1,-0.00071097165,0.11170396208763123,0.6451292037963867,0.5164098739624023
YPR094W,YBR070C,0,-0.00071145035,0.11168473213911057,0.6451292037963867,0.5165098905563354
YMR079W,YOL091W,0,-0.00078918226,0.1116655170917511,0.6451292037963867,0.5166099667549133
YGR068C,YMR154C,0,-0.0008190889,0.11164630949497223,0.6451292037963867,0.5167100429534912
YGR161C-D,YKR056W,1,-0.0009075366,0.11179910600185394,0.6461232900619507,0.5167100429534912
YGR287C,YNL257C,0,-0.000927167,0.11177987605333328,0.6461232900619507,0.5168100595474243
YLR225C,YMR121C,0,-0.0009275023,0.11176066100597382,0.6461232900619507,0.5169101357460022
YER170W,YMR305C,0,-0.00094130076,0.11174144595861435,0.6461232900619507,0.5170102119445801
YMR266W,YNR063W,0,-0.0009789634,0.11172223836183548,0.6461232900619507,0.517110288143158
YGR059W,YKL160W,0,-0.000986306,0.11170303821563721,0.6461232900619507,0.5172103047370911
YMR011W,YJR077C,0,-0.001009943,0.11168384552001953,0.6461232900619507,0.517310380935669
YPL257W-B,YOR368W,1,-0.0010486431,0.11183645576238632,0.6471173167228699,0.517310380935669
YLR233C,YGL020C,0,-0.0011400152,0.11181724816560745,0.6471173167228699,0.5174104571342468
YOR368W,YPR158W-B,1,-0.0011682948,0.11196977645158768,0.6481113433837891,0.5174104571342468
YIL082W-A,YOR142W-B,1,-0.0011974871,0.11212225258350372,0.6491053700447083,0.5174104571342468
YHR091C,YLR424W,0,-0.0012298469,0.11210300773382187,0.6491053700447083,0.5175105333328247
YCR070W,YGR065C,0,-0.0012436463,0.11208376288414001,0.6491053700447083,0.5176105499267578
YOR033C,YAL032C,0,-0.0013901908,0.11206452548503876,0.6491053700447083,0.5177106261253357
YBR133C,YCR102C,0,-0.0014017988,0.1120452955365181,0.6491053700447083,0.5178107023239136
YNL252C,YLR117C,0,-0.0014073718,0.11202607303857803,0.6491053700447083,0.5179107189178467
YLR157C-A,YIL023C,0,-0.0014236532,0.11200685799121857,0.6491053700447083,0.5180107951164246
YKR013W,YKL025C,0,-0.0014774222,0.1119876503944397,0.6491053700447083,0.5181108713150024
YDR034C-D,YGL044C,0,-0.0014865138,0.11196845024824142,0.6491053700447083,0.5182109475135803
YDR394W,YOR005C,0,-0.0015642066,0.11194925755262375,0.6491053700447083,0.5183109641075134
YBR204C,YLR341W,0,-0.0015773084,0.11193006485700607,0.6491053700447083,0.5184110403060913
YER074W-A,YJR077C,0,-0.0015795277,0.111910879611969,0.6491053700447083,0.5185111165046692
YMR214W,YLR070C,0,-0.0016188491,0.11189170926809311,0.6491053700447083,0.5186111927032471
YGR271C-A,YIL073C,0,-0.0016190149,0.11187253892421722,0.6491053700447083,0.5187112092971802
YHR107C,YOL077W-A,0,-0.0016409121,0.11185337603092194,0.6491053700447083,0.5188112854957581
YNL282W,YGR161C-D,1,-0.001773498,0.11200547963380814,0.6500993967056274,0.5188112854957581
YPL255W,YNL254C,0,-0.0017856453,0.11198630183935165,0.6500993967056274,0.5189113616943359
YCL040W,YJR067C,0,-0.0017887559,0.11196713149547577,0.6500993967056274,0.519011378288269
YPR158C-D,YKL025C,1,-0.0018812045,0.11211913824081421,0.6510934233665466,0.519011378288269
YJL207C,YIL065C,0,-0.0018923599,0.11209994554519653,0.6510934233665466,0.5191114544868469
YNL316C,YDL226C,0,-0.0019115526,0.11208076775074005,0.6510934233665466,0.5192115306854248
YPR137C-B,YAR008W,1,-0.0019172719,0.11223267763853073,0.6520874500274658,0.5192115306854248
YPL086C,YBR239C,0,-0.0019501317,0.11221347749233246,0.6520874500274658,0.5193116068840027
YCR042C,YCL011C,0,-0.001989888,0.11219428479671478,0.6520874500274658,0.5194116234779358
YKL107W,YGR277C,0,-0.0020568948,0.1121750995516777,0.6520874500274658,0.5195116996765137
YOR202W,YNR039C,0,-0.0021066759,0.11215592175722122,0.6520874500274658,0.5196117758750916
YBR126C,YOR083W,0,-0.0021298248,0.11213675141334534,0.6520874500274658,0.5197118520736694
YJR044C,YOR153W,0,-0.0021375734,0.11211758852005005,0.6520874500274658,0.5198118686676025
YOL034W,YGL008C,0,-0.0021791626,0.11209842562675476,0.6520874500274658,0.5199119448661804
YNR056C,YLR071C,0,-0.0022292752,0.11207927763462067,0.6520874500274658,0.5200120210647583
YPL241C,YOR255W,0,-0.0022857059,0.11206012964248657,0.6520874500274658,0.5201120376586914
YDR314C,YPL023C,0,-0.0022875685,0.11204098910093307,0.6520874500274658,0.5202121138572693
YNL284C-B,YNL282W,1,-0.0023250617,0.11219262331724167,0.6530815362930298,0.5202121138572693
YKL049C,YER018C,0,-0.0023603532,0.11217346787452698,0.6530815362930298,0.5203121900558472
YNR056C,YGR203W,0,-0.0024247821,0.11215431988239288,0.6530815362930298,0.520412266254425
YMR079W,YGL001C,0,-0.0024513435,0.11213517934083939,0.6530815362930298,0.5205122828483582
YOR192C-B,YCR093W,1,-0.0024655731,0.11228668689727783,0.654075562953949,0.5205122828483582
YIL016W,YHR094C,0,-0.0025614519,0.11226753145456314,0.654075562953949,0.520612359046936
YIR022W,YAL042W,0,-0.0025634188,0.11224837601184845,0.654075562953949,0.5207124352455139
YGR038C-B,YLR430W,1,-0.002583053,0.11239979416131973,0.6550695896148682,0.5207124352455139
YDR316W-B,YPL083C,1,-0.002597103,0.11255116015672684,0.6560636162757874,0.5207124352455139
YNL126W,YJL014W,0,-0.0027045626,0.11253196746110916,0.6560636162757874,0.5208125114440918
YOL137W,YGR163W,0,-0.002724288,0.11251278221607208,0.6560636162757874,0.5209125280380249
YOR128C,YNL265C,0,-0.0027886946,0.1124936118721962,0.6560636162757874,0.5210126042366028
YOL044W,YLR453C,0,-0.002791511,0.11247443407773972,0.6560636162757874,0.5211126804351807
YLR071C,YBR199W,0,-0.0028102417,0.11245527118444443,0.6560636162757874,0.5212127566337585
YJR105W,YHR196W,0,-0.0028380323,0.11243611574172974,0.6560636162757874,0.5213127732276917
YDR034C-D,YNL169C,0,-0.0028463379,0.11241696774959564,0.6560636162757874,0.5214128494262695
YNL126W,YBR103W,0,-0.0029136408,0.11239781975746155,0.6560636162757874,0.5215129256248474
YJR137C,YLL023C,0,-0.002962323,0.11237867921590805,0.6560636162757874,0.5216129422187805
YKL027W,YCR024C-A,0,-0.0029732008,0.11235955357551575,0.6560636162757874,0.5217130184173584
YNL264C,YGR163W,0,-0.0030273888,0.11234042793512344,0.6560636162757874,0.5218130946159363
YAL015C,YPR158W-B,1,-0.003049491,0.11249148845672607,0.6570576429367065,0.5218130946159363
YBL019W,YDL227C,1,-0.003187107,0.11264250427484512,0.6580516695976257,0.5218130946159363
YLR376C,YLL032C,0,-0.0032001678,0.11262334138154984,0.6580516695976257,0.5219131708145142
YKR060W,YOL006C,0,-0.0032041017,0.11260418593883514,0.6580516695976257,0.5220131874084473
YMR268C,YHR042W,0,-0.0032267142,0.11258503049612045,0.6580516695976257,0.5221132636070251
YPL022W,YCL074W,1,-0.0032425094,0.11273592710494995,0.6590456962585449,0.5221132636070251
YER118C,YGR240C,0,-0.0032466855,0.11271676421165466,0.6590456962585449,0.522213339805603
YDR322C-A,YGR206W,0,-0.0032792408,0.11269760131835938,0.6590456962585449,0.5223134160041809
YGR158C,YGL173C,1,-0.0033535305,0.11284840106964111,0.6600397825241089,0.5223134160041809
YLL036C,YOL060C,0,-0.003376687,0.11282922327518463,0.6600397825241089,0.522413432598114
YOL115W,YJR152W,0,-0.003426509,0.11281006038188934,0.6600397825241089,0.5225135087966919
YGR133W,YFR044C,0,-0.0035011563,0.11279089748859406,0.6600397825241089,0.5226135849952698
YML095C,YLR227W-B,1,-0.0035056844,0.11294157803058624,0.6610338091850281,0.5226135849952698
YGR128C,YDR316W,0,-0.00351079,0.11292240023612976,0.6610338091850281,0.5227136015892029
YOR005C,YDL191W,0,-0.00355489,0.11290322244167328,0.6610338091850281,0.5228136777877808
YHR107C,YDL201W,0,-0.0035670716,0.11288405954837799,0.6610338091850281,0.5229137539863586
YER039C,YIL066C,0,-0.0035702046,0.1128649041056633,0.6610338091850281,0.5230138301849365
YGR121C,YNL229C,0,-0.0036186446,0.11284574866294861,0.6610338091850281,0.5231138467788696
YOL039W,YOR214C,0,-0.0036200304,0.11282660067081451,0.6610338091850281,0.5232139229774475
YGL125W,YML008C,0,-0.0036631841,0.11280746757984161,0.6610338091850281,0.5233139991760254
YDL232W,YBR298C,0,-0.0036938507,0.11278833448886871,0.6610338091850281,0.5234140753746033
YOR141C,YIL065C,0,-0.0037095193,0.11276920139789581,0.6610338091850281,0.5235140919685364
YBL067C,YBR227C,0,-0.0037155095,0.1127500832080841,0.6610338091850281,0.5236141681671143
YLR307W,YJR088C,0,-0.0037293006,0.112730972468853,0.6610338091850281,0.5237142443656921
YDR365W-B,YDR263C,1,-0.0037454162,0.11288135498762131,0.6620278358459473,0.5237142443656921
YDR316W-B,YBL055C,1,-0.0037802504,0.11303169280290604,0.6630218625068665,0.5237142443656921
YFR042W,YER058W,0,-0.0038660076,0.11301253736019135,0.6630218625068665,0.5238142609596252
YLR166C,YDR322C-A,0,-0.0038724635,0.11299339681863785,0.6630218625068665,0.5239143371582031
YNR026C,YGL131C,0,-0.003910171,0.11297425627708435,0.6630218625068665,0.524014413356781
YGR038C-B,YDL104C,0,-0.0039598253,0.11295512318611145,0.6630218625068665,0.5241144895553589
YCR071C,YBR244W,0,-0.0039781723,0.11293599754571915,0.6630218625068665,0.524214506149292
YPR165W,YBR110W,0,-0.0039896164,0.11291687935590744,0.6630218625068665,0.5243145823478699
YOL080C,YNL054W-B,1,-0.0040018773,0.11306703090667725,0.6640158891677856,0.5243145823478699
YGL250W,YPL227C,0,-0.004030103,0.11304789036512375,0.6640158891677856,0.5244146585464478
YBR171W,YIL168W,0,-0.004107492,0.11302876472473145,0.6640158891677856,0.5245147347450256
YPR201W,YPL069C,0,-0.00412889,0.11300964653491974,0.6640158891677856,0.5246147513389587
YOL103W-B,YER142C,1,-0.004139348,0.1131596788764,0.6650099158287048,0.5246147513389587
YGR277C,YGR249W,0,-0.004177572,0.1131405383348465,0.6650099158287048,0.5247148275375366
YDR261C-C,YGR128C,0,-0.0042739175,0.1131214052438736,0.6650099158287048,0.5248149037361145
YOR118W,YPL283C,0,-0.004278371,0.11310227960348129,0.6650099158287048,0.5249149203300476
YOR329C,YJR056C,0,-0.0042785387,0.11308316141366959,0.6650099158287048,0.5250149965286255
YCR067C,YJL154C,0,-0.00429778,0.11306405067443848,0.6650099158287048,0.5251150727272034
YLR240W,YJL047C,0,-0.0044359434,0.11304494738578796,0.6650099158287048,0.5252151489257812
YDR261W-B,YIR015W,1,-0.0044963052,0.1131947934627533,0.6660040020942688,0.5252151489257812
YML025C,YGL150C,0,-0.0045134146,0.11317567527294159,0.6660040020942688,0.5253151655197144
YNL030W,YGR132C,0,-0.004530782,0.11315656453371048,0.6660040020942688,0.5254152417182922
YML033W,YPR165W,0,-0.004536923,0.11313745379447937,0.6660040020942688,0.5255153179168701
YDR184C,YOL027C,0,-0.0045407396,0.11311835050582886,0.6660040020942688,0.525615394115448
YDR522C,YKL222C,0,-0.0045509282,0.11309925466775894,0.6660040020942688,0.5257154107093811
YPR201W,YHL009W-A,0,-0.0045649866,0.11308016628026962,0.6660040020942688,0.525815486907959
YFR051C,YGR166W,0,-0.00457249,0.1130610853433609,0.6660040020942688,0.5259155631065369
YHR124W,YDR210W-A,0,-0.004642104,0.11304201185703278,0.6660040020942688,0.52601557970047
YMR202W,YGL133W,0,-0.004648002,0.11302293837070465,0.6660040020942688,0.5261156558990479
YPR137C-B,YNL054W-B,1,-0.00466788,0.11317253857851028,0.666998028755188,0.5261156558990479
YIR033W,YBL045C,0,-0.004677715,0.11315345764160156,0.666998028755188,0.5262157320976257
YOR100C,YJR077C,0,-0.0046805684,0.11313437670469284,0.666998028755188,0.5263158082962036
YJR137C,YMR277W,0,-0.004686134,0.11311530321836472,0.666998028755188,0.5264158248901367
YMR116C,YLR081W,0,-0.0047140587,0.11309624463319778,0.666998028755188,0.5265159010887146
YHR039C,YPL015C,0,-0.004730465,0.11307718604803085,0.666998028755188,0.5266159772872925
YCL019W,YNL054W-B,1,-0.004735278,0.11322662234306335,0.6679920554161072,0.5266159772872925
YAL021C,YBR012W-B,1,-0.0048021544,0.11337601393461227,0.6689860820770264,0.5266159772872925
YKR079C,YOL043C,1,-0.0048367623,0.11352534592151642,0.6699801087379456,0.5266159772872925
YDR202C,YNL169C,0,-0.0048862863,0.11350622773170471,0.6699801087379456,0.5267160534858704
YDL052C,YDR162C,0,-0.004930945,0.1134871169924736,0.6699801087379456,0.5268160700798035
YKL084W,YER160C,0,-0.004933255,0.11346801370382309,0.6699801087379456,0.5269161462783813
YDL126C,YDR084C,0,-0.004936533,0.11344891786575317,0.6699801087379456,0.5270162224769592
YIR021W,YDR538W,0,-0.0049780738,0.11342982202768326,0.6699801087379456,0.5271162986755371
YDR058C,YHR065C,0,-0.005088689,0.11341073364019394,0.6699801087379456,0.5272163152694702
YPL009C,YJL036W,0,-0.0051009897,0.11339165270328522,0.6699801087379456,0.5273163914680481
YLR157C-B,YKR065C,0,-0.0051107015,0.11337257921695709,0.6699801087379456,0.527416467666626
YBL042C,YCR043C,0,-0.0051528867,0.11335351318120956,0.6699801087379456,0.5275164842605591
YPR025C,YGL038C,0,-0.0051607657,0.11333445459604263,0.6699801087379456,0.527616560459137
YGR059W,YKR029C,0,-0.0051694755,0.1133154034614563,0.6699801087379456,0.5277166366577148
YKR060W,YFR044C,0,-0.005218217,0.11329635232686996,0.6699801087379456,0.5278167128562927
YGR048W,YOR058C,0,-0.005229311,0.11327730864286423,0.6699801087379456,0.5279167294502258
YKR018C,YER001W,0,-0.0052480493,0.11325827240943909,0.6699801087379456,0.5280168056488037
YGR038C-B,YLR143W,1,-0.0052585136,0.11340726166963577,0.6709741353988647,0.5280168056488037
YNL009W,YNL305C,0,-0.0052642096,0.11338821053504944,0.6709741353988647,0.5281168818473816
YJL209W,YDR488C,0,-0.0054729898,0.1133691668510437,0.6709741353988647,0.5282169580459595
YOR368W,YLR143W,1,-0.005474681,0.11351805180311203,0.6719681620597839,0.5282169580459595
YHL033C,YPL181W,0,-0.005477445,0.1134989932179451,0.6719681620597839,0.5283169746398926
YOR118W,YPR058W,0,-0.0055127535,0.11347994208335876,0.6719681620597839,0.5284170508384705
YOL115W,YLR372W,0,-0.0055218916,0.11346089094877243,0.6719681620597839,0.5285171270370483
YDR123C,YDR354W,0,-0.005522417,0.11344185471534729,0.6719681620597839,0.5286171436309814
YPL060C-A,YJR159W,0,-0.0055571273,0.11342281848192215,0.6719681620597839,0.5287172198295593
YPR158W-A,YJL154C,0,-0.005675913,0.1134037896990776,0.6719681620597839,0.5288172960281372
YJR017C,YIL050W,0,-0.005753221,0.11338476836681366,0.6719681620597839,0.5289173722267151
YOL115W,YGR027W-A,0,-0.00575417,0.11336575448513031,0.6719681620597839,0.5290173888206482
YJL116C,YNL270C,0,-0.0057688784,0.11334674805402756,0.6719681620597839,0.5291174650192261
YOL128C,YDL064W,0,-0.005780967,0.1133277416229248,0.6719681620597839,0.529217541217804
YDR462W,YLR148W,0,-0.0057885963,0.11330875009298325,0.6719681620597839,0.5293176174163818
YAL015C,YDR261W-B,1,-0.0058426,0.11345735192298889,0.6729622483253479,0.5293176174163818
YMR291W,YLR368W,0,-0.005858334,0.11343833804130554,0.6729622483253479,0.5294176340103149
YCR070W,YGL150C,0,-0.005953882,0.11341933161020279,0.6729622483253479,0.5295177102088928
YLR013W,YGL029W,0,-0.005977625,0.11340033262968063,0.6729622483253479,0.5296177864074707
YLR430W,YDR280W,1,-0.0061400104,0.11354882270097733,0.6739562749862671,0.5296177864074707
YOL006C,YOR245C,0,-0.0061689634,0.11352980881929398,0.6739562749862671,0.5297178030014038
YPL268W,YHR128W,0,-0.0062951315,0.11351079493761063,0.6739562749862671,0.5298178791999817
YLR275W,YNL058C,0,-0.006409453,0.11349179595708847,0.6739562749862671,0.5299179553985596
YNL323W,YNL097C,0,-0.0064482335,0.11347280442714691,0.6739562749862671,0.5300180315971375
YML001W,YER170W,0,-0.00645742,0.11345381289720535,0.6739562749862671,0.5301180481910706
YHR124W,YJR088C,0,-0.006472515,0.11343483626842499,0.6739562749862671,0.5302181243896484
YBR070C,YNL113W,0,-0.006480621,0.11341585963964462,0.6739562749862671,0.5303182005882263
YOR298C-A,YBR068C,0,-0.0065845344,0.11339689046144485,0.6739562749862671,0.5304182767868042
YLR216C,YDR409W,0,-0.0065907557,0.11337792873382568,0.6739562749862671,0.5305182933807373
YHR062C,YML058W,0,-0.0065921564,0.11335896700620651,0.6739562749862671,0.5306183695793152
YLR154C,YKR056W,1,-0.006616058,0.11350718885660172,0.6749503016471863,0.5306183695793152
YOL103W-B,YCL075W,1,-0.0067162914,0.11365535855293274,0.6759443283081055,0.5306183695793152
YGL094C,YNL054W-B,1,-0.0067189205,0.11380347609519958,0.6769383549690247,0.5306183695793152
YOL016C,YPL045W,0,-0.006794134,0.11378446221351624,0.6769383549690247,0.5307184457778931
YOR056C,YGR161W-B,1,-0.0068864245,0.11393251270055771,0.6779323816299438,0.5307184457778931
YBR216C,YGR041W,0,-0.0069250334,0.11391347646713257,0.6779323816299438,0.5308184623718262
YLR157C-B,YOR100C,0,-0.006939208,0.11389445513486862,0.6779323816299438,0.530918538570404
YLR057W,YGR027W-A,0,-0.00700117,0.11387544125318527,0.6779323816299438,0.5310186147689819
YBR077C,YDL214C,0,-0.007009806,0.11385642737150192,0.6779323816299438,0.5311186909675598
YFR051C,YPR151C,0,-0.0070456583,0.11383742094039917,0.6779323816299438,0.5312187075614929
YAL015C,YBR223C,1,-0.007063547,0.11398531496524811,0.6789264678955078,0.5312187075614929
YKL071W,YDR261C-C,0,-0.0071057193,0.11396629363298416,0.6789264678955078,0.5313187837600708
YDR163W,YHR152W,0,-0.007128047,0.11394727975130081,0.6789264678955078,0.5314188599586487
YDR382W,YIL050W,0,-0.0071582366,0.11392827332019806,0.6789264678955078,0.5315189361572266
YKR010C,YCR097W,0,-0.0071633924,0.1139092743396759,0.6789264678955078,0.5316189527511597
YOR030W,YEL047C,0,-0.007193627,0.11389027535915375,0.6789264678955078,0.5317190289497375
YLR174W,YIL050W,0,-0.007236311,0.11387129127979279,0.6789264678955078,0.5318191051483154
YDR098C-B,YCL075W,1,-0.007244399,0.1140190064907074,0.679920494556427,0.5318191051483154
YCR017C,YGL166W,0,-0.0072775576,0.11400000005960464,0.679920494556427,0.5319191217422485
YKL049C,YPL170W,0,-0.007279111,0.11398100107908249,0.679920494556427,0.5320191979408264
YLR410W-B,YOL042W,1,-0.0072799036,0.11412862688302994,0.6809145212173462,0.5320191979408264
YCR020W-B,YFL002C,0,-0.00728401,0.11410961300134659,0.6809145212173462,0.5321192741394043
YDL126C,YKL221W,0,-0.0072979797,0.11409060657024384,0.6809145212173462,0.5322193503379822
YOR122C,YPL079W,0,-0.007314818,0.11407160758972168,0.6809145212173462,0.5323193669319153
YOL080C,YJR006W,1,-0.007338831,0.11421911418437958,0.6819085478782654,0.5323193669319153
YGL145W,YCR083W,0,-0.0073833,0.11420010030269623,0.6819085478782654,0.5324194431304932
YHR187W,YPR022C,0,-0.0074012745,0.11418109387159348,0.6819085478782654,0.532519519329071
YKL114C,YGR161C-D,1,-0.0074022114,0.11432850360870361,0.6829025745391846,0.532519519329071
YDR017C,YLR148W,0,-0.007406747,0.11430948227643967,0.6829025745391846,0.5326195955276489
YLR308W,YGL097W,0,-0.0074717943,0.11429046839475632,0.6829025745391846,0.532719612121582
YBL084C,YHR098C,0,-0.0075568575,0.11427145451307297,0.6829025745391846,0.5328196883201599
YLR410W-B,YLR105C,1,-0.007571509,0.11441875994205475,0.6838966012001038,0.5328196883201599
YBR126C,YPL066W,0,-0.007577682,0.1143997311592102,0.6838966012001038,0.5329197645187378
YOR360C,YER074W-A,0,-0.0076404884,0.11438071727752686,0.6838966012001038,0.5330198407173157
YJL209W,YDL178W,0,-0.007672237,0.1143617033958435,0.6838966012001038,0.5331198573112488
YML064C,YBR044C,0,-0.007716732,0.11434269696474075,0.6838966012001038,0.5332199335098267
YDR085C,YBR004C,0,-0.0077189226,0.1143236979842186,0.6838966012001038,0.5333200097084045
YCL075W,YGR161C-D,1,-0.007739025,0.11447083950042725,0.684890627861023,0.5333200097084045
YPL023C,YKL092C,0,-0.007840985,0.1144518256187439,0.684890627861023,0.5334200263023376
YGL020C,YIL040W,0,-0.007854627,0.11443281918764114,0.684890627861023,0.5335201025009155
YBR171W,YKL092C,0,-0.007878492,0.11441381275653839,0.684890627861023,0.5336201786994934
YBL005W-A,YJL203W,0,-0.0079093445,0.11439482122659683,0.684890627861023,0.5337202548980713
YGL022W,YGL245W,0,-0.007923888,0.11437582969665527,0.684890627861023,0.5338202714920044
YBR258C,YPR056W,0,-0.00804233,0.11435684561729431,0.684890627861023,0.5339203476905823
YOL142W,YCL075W,1,-0.008048015,0.11450381577014923,0.6858847141265869,0.5339203476905823
YPL211W,YLR274W,0,-0.008049013,0.11448481678962708,0.6858847141265869,0.5340204238891602
YJL137C,YEL003W,0,-0.0080930535,0.11446582525968552,0.6858847141265869,0.534120500087738
YMR190C,YGL160W,0,-0.008154908,0.11444684118032455,0.6858847141265869,0.5342205166816711
YNL323W,YHR141C,0,-0.008157501,0.11442785710096359,0.6858847141265869,0.534320592880249
YER006W,YOL077W-A,0,-0.008172745,0.11440888792276382,0.6858847141265869,0.5344206690788269
YIL080W,YGR161C-D,1,-0.008210989,0.11455570161342621,0.6868787407875061,0.5344206690788269
YCR102C,YIL040W,0,-0.008217221,0.11453671753406525,0.6868787407875061,0.53452068567276
YGL131C,YGR207C,0,-0.0082401205,0.11451773345470428,0.6868787407875061,0.5346207618713379
YJR043C,YDR280W,1,-0.008240687,0.1146644577383995,0.6878727674484253,0.5346207618713379
YNL053W,YML025C,0,-0.008274855,0.11464545875787735,0.6878727674484253,0.5347208380699158
YCL010C,YBR229C,0,-0.008310245,0.11462646722793579,0.6878727674484253,0.5348209142684937
YNL085W,YAR009C,1,-0.0083117075,0.11477310210466385,0.6888667941093445,0.5348209142684937
YGR038C-A,YLR089C,0,-0.008315599,0.1147540956735611,0.6888667941093445,0.5349209308624268
YOR033C,YDR316W-B,1,-0.008356975,0.11490066349506378,0.6898608207702637,0.5349209308624268
YBR126C,YLR399C,0,-0.008390771,0.11488164216279984,0.6898608207702637,0.5350210070610046
YML064C,YNL124W,0,-0.008447843,0.11486262828111649,0.6898608207702637,0.5351210832595825
YCL019W,YLR034C,0,-0.008450212,0.11484362185001373,0.6898608207702637,0.5352211594581604
YPL060C-A,YNR049C,0,-0.008473552,0.11482462286949158,0.6898608207702637,0.5353211760520935
YGL002W,YHR072W-A,0,-0.008557526,0.11480562388896942,0.6898608207702637,0.5354212522506714
YIR007W,YOR321W,0,-0.008559572,0.11478663235902786,0.6898608207702637,0.5355213284492493
YPL170W,YOR073W,0,-0.008662162,0.1147676557302475,0.6898608207702637,0.5356213450431824
YPR158W-A,YDR324C,0,-0.008675987,0.11474867910146713,0.6898608207702637,0.5357214212417603
YGR161W-B,YJL208C,1,-0.008691087,0.11489502340555191,0.6908548474311829,0.5357214212417603
YJL154C,YOR030W,0,-0.008707898,0.11487603187561035,0.6908548474311829,0.5358214974403381
YNL264C,YBR167C,0,-0.008727955,0.11485704779624939,0.6908548474311829,0.535921573638916
YGR048W,YNL256W,0,-0.00873694,0.11483807116746902,0.6908548474311829,0.5360215902328491
YLR225C,YPL046C,0,-0.00880185,0.11481909453868866,0.6908548474311829,0.536121666431427
YPL275W,YOR367W,0,-0.008863626,0.11480013281106949,0.6908548474311829,0.5362217426300049
YHR018C,YOR295W,0,-0.00890282,0.11478117108345032,0.6908548474311829,0.5363218188285828
YBR073W,YFL008W,0,-0.009044426,0.11476221680641174,0.6908548474311829,0.5364218354225159
YBL016W,YOR083W,0,-0.00907165,0.11474326997995377,0.6908548474311829,0.5365219116210938
YKL114C,YNL284C-B,1,-0.009223141,0.11488940566778183,0.6918489336967468,0.5365219116210938
YMR231W,YNL093W,0,-0.009224238,0.11487044394016266,0.6918489336967468,0.5366219878196716
YNL221C,YPL257W-B,1,-0.009253131,0.11501650512218475,0.692842960357666,0.5366219878196716
YJR014W,YCR048W,0,-0.009253429,0.11499752849340439,0.692842960357666,0.5367220044136047
YGL207W,YGR038C-B,0,-0.009261472,0.11497855186462402,0.692842960357666,0.5368220806121826
YOR141C,YBL071W-A,0,-0.009268949,0.11495959013700485,0.692842960357666,0.5369221568107605
YKL176C,YMR106C,0,-0.0093194265,0.11494063585996628,0.692842960357666,0.5370222330093384
YPR101W,YFL022C,0,-0.009349445,0.1149216815829277,0.692842960357666,0.5371222496032715
YOR017W,YML111W,0,-0.009358304,0.11490273475646973,0.692842960357666,0.5372223258018494
YNL229C,YLR399C,0,-0.0093583595,0.11488379538059235,0.692842960357666,0.5373224020004272
YNR023W,YGR013W,0,-0.009373838,0.11486486345529556,0.692842960357666,0.5374224781990051
YNL152W,YBR244W,0,-0.0094012115,0.11484593898057938,0.692842960357666,0.5375224947929382
YDR058C,YLR057W,0,-0.009442674,0.11482701450586319,0.692842960357666,0.5376225709915161
YDL232W,YMR251W-A,0,-0.009482646,0.1148081049323082,0.692842960357666,0.537722647190094
YGR284C,YDR210W-A,0,-0.009509139,0.1147891953587532,0.692842960357666,0.5378227233886719
YBL050W,YML010W,0,-0.0095808,0.11477029323577881,0.692842960357666,0.537922739982605
YBR088C,YDL174C,0,-0.009580916,0.11475139856338501,0.692842960357666,0.5380228161811829
YDL111C,YGR161W-B,1,-0.009599042,0.11489711701869965,0.6938369870185852,0.5380228161811829
YIL121W,YOR375C,0,-0.009603964,0.11487820744514465,0.6938369870185852,0.5381228923797607
YKL091C,YGL012W,0,-0.009617792,0.11485930532217026,0.6938369870185852,0.5382229089736938
YPL190C,YML072C,0,-0.009636389,0.11484041064977646,0.6938369870185852,0.5383229851722717
YGR161C-C,YGL077C,0,-0.009677449,0.11482151597738266,0.6938369870185852,0.5384230613708496
YOR033C,YGR027W-B,1,-0.009686677,0.11496710777282715,0.6948310136795044,0.5384230613708496
YML091C,YLR157C-B,1,-0.009790273,0.11511264741420746,0.6958250403404236,0.5384230613708496
YFL050C,YIL129C,0,-0.00992275,0.11509371548891068,0.6958250403404236,0.5385231375694275
YKR086W,YGR091W,0,-0.009959238,0.11507479846477509,0.6958250403404236,0.5386231541633606
YDR365W-B,YKL025C,1,-0.009999461,0.11522024869918823,0.6968190670013428,0.5386231541633606
YER124C,YKL120W,0,-0.010019781,0.11520131677389145,0.6968190670013428,0.5387232303619385
YFL034C-B,YNL305C,0,-0.010137277,0.11518238484859467,0.6968190670013428,0.5388233065605164
YDR034C-D,YNR039C,0,-0.010147867,0.11516346037387848,0.6968190670013428,0.5389233827590942
YNL071W,YDL104C,0,-0.010176146,0.11514454334974289,0.6968190670013428,0.5390233993530273
YGR163W,YBL071W-A,0,-0.01021391,0.1151256337761879,0.6968190670013428,0.5391234755516052
YGR157W,YOR100C,0,-0.010278629,0.1151067316532135,0.6968190670013428,0.5392235517501831
YLR332W,YHL009W-A,0,-0.010309893,0.1150878369808197,0.6968190670013428,0.5393235683441162
YDR338C,YBL004W,0,-0.01033468,0.1150689423084259,0.6968190670013428,0.5394236445426941
YDL181W,YPR112C,0,-0.01039076,0.1150500550866127,0.6968190670013428,0.539523720741272
YBR257W,YNL072W,1,-0.010439949,0.11519527435302734,0.697813093662262,0.539523720741272
YDR180W,YDR522C,0,-0.010461522,0.11517637223005295,0.697813093662262,0.5396237969398499
YMR309C,YIL073C,0,-0.010493029,0.11515747755765915,0.697813093662262,0.539723813533783
YDR098C-B,YOL142W,1,-0.010551348,0.11530260741710663,0.6988071799278259,0.539723813533783
YDR225W,YBR056W,0,-0.010575304,0.11528369784355164,0.6988071799278259,0.5398238897323608
YGL013C,YBR056W,0,-0.010641122,0.11526479572057724,0.6988071799278259,0.5399239659309387
YDR210C-D,YOR001W,1,-0.010641493,0.11540983617305756,0.6998012065887451,0.5399239659309387
YCR068W,YBR106W,0,-0.010684254,0.11539091914892197,0.6998012065887451,0.5400240421295166
YLR157C-A,YBR070C,0,-0.010686003,0.11537200957536697,0.6998012065887451,0.5401240587234497
YML066C,YPL045W,0,-0.010688404,0.11535310745239258,0.6998012065887451,0.5402241349220276
YGR038C-A,YJR125C,0,-0.010698518,0.11533420532941818,0.6998012065887451,0.5403242111206055
YBR186W,YML010W,0,-0.01070358,0.11531531810760498,0.6998012065887451,0.5404242277145386
YBR203W,YAL047C,0,-0.01071378,0.11529643088579178,0.6998012065887451,0.5405243039131165
YBR098W,YGL175C,1,-0.010764254,0.11544129997491837,0.7007952332496643,0.5405243039131165
YML110C,YKL160W,0,-0.010811269,0.11542239785194397,0.7007952332496643,0.5406243801116943
YDR210W-A,YHR102W,0,-0.010845857,0.11540350317955017,0.7007952332496643,0.5407244563102722
YDR311W,YML008C,0,-0.010849329,0.11538461595773697,0.7007952332496643,0.5408244729042053
YFL018C,YDL174C,0,-0.010894956,0.11536573618650436,0.7007952332496643,0.5409245491027832
YHR069C,YGR258C,1,-0.010904783,0.1155104711651802,0.7017892599105835,0.5409245491027832
YGL181W,YHR045W,0,-0.010931479,0.11549157649278641,0.7017892599105835,0.5410246253013611
YPR158C-D,YKL114C,1,-0.0109317545,0.11563624441623688,0.7027832865715027,0.5410246253013611
YPR052C,YGR206W,0,-0.010960983,0.11561733484268188,0.7027832865715027,0.541124701499939
YOL128C,YIL066C,0,-0.0110379625,0.11559843271970749,0.7027832865715027,0.5412247180938721
YBR088C,YJL118W,0,-0.01106205,0.1155795305967331,0.7027832865715027,0.54132479429245
YPL266W,YKL216W,0,-0.01111819,0.11556064337491989,0.7027832865715027,0.5414248704910278
YHR098C,YER054C,0,-0.011124166,0.11554175615310669,0.7027832865715027,0.5415248870849609
YPR101W,YHL009W-A,0,-0.011124836,0.11552287638187408,0.7027832865715027,0.5416249632835388
YBR073W,YBR014C,0,-0.011127474,0.11550400406122208,0.7027832865715027,0.5417250394821167
YML110C,YKR087C,0,-0.011151256,0.11548513919115067,0.7027832865715027,0.5418251156806946
YIL105C,YIL050W,0,-0.011170449,0.11546627432107925,0.7027832865715027,0.5419251322746277
YNL284C-B,YNL250W,1,-0.011230792,0.11561071127653122,0.7037773132324219,0.5419251322746277
YLR408C,YHR183W,0,-0.011232322,0.11559183895587921,0.7037773132324219,0.5420252084732056
YBR152W,YJL115W,0,-0.011237549,0.1155729666352272,0.7037773132324219,0.5421252846717834
YLR143W,YOL042W,1,-0.011281485,0.115717314183712,0.7047713994979858,0.5421252846717834
YGR278W,YLL010C,0,-0.0113513265,0.1156984344124794,0.7047713994979858,0.5422253608703613
YER146W,YDR037W,0,-0.011356132,0.1156795546412468,0.7047713994979858,0.5423253774642944
YGR207C,YER074W-A,0,-0.011357818,0.11566068232059479,0.7047713994979858,0.5424254536628723
YHL009C,YOR321W,0,-0.011405366,0.11564181745052338,0.7047713994979858,0.5425255298614502
YDL226C,YGR161C-C,0,-0.011409539,0.11562296003103256,0.7047713994979858,0.5426255464553833
YLR227W-B,YBR223C,1,-0.01159197,0.11576715856790543,0.705765426158905,0.5426255464553833
YMR288W,YKL211C,0,-0.011629454,0.11574828624725342,0.705765426158905,0.5427256226539612
YBR239C,YNL224C,0,-0.011688786,0.115729421377182,0.705765426158905,0.5428256988525391
YDR386W,YLR410W-B,1,-0.011718279,0.11587353050708771,0.7067594528198242,0.5428256988525391
YDR210W-B,YKL114C,1,-0.011756871,0.11601759493350983,0.7077534794807434,0.5428256988525391
YBL100W-A,YIL168W,0,-0.011759462,0.11599870026111603,0.7077534794807434,0.5429257750511169
YKL113C,YMR047C,0,-0.011804702,0.11597979813814163,0.7077534794807434,0.54302579164505
YGR163W,YML058W,0,-0.011816436,0.11596091091632843,0.7077534794807434,0.5431258678436279
YOL068C,YLL015W,0,-0.011869768,0.11594203114509583,0.7077534794807434,0.5432259440422058
YMR263W,YLL052C,0,-0.011880448,0.11592315137386322,0.7077534794807434,0.5433260202407837
YPL255W,YML033W,0,-0.011887204,0.11590427905321121,0.7077534794807434,0.5434260368347168
YDR338C,YBR228W,0,-0.011908213,0.1158854141831398,0.7077534794807434,0.5435261130332947
YGL079W,YOR214C,0,-0.01191538,0.11586655676364899,0.7077534794807434,0.5436261892318726
YCR068W,YJR002W,0,-0.011969151,0.11584770679473877,0.7077534794807434,0.5437262654304504
YDR293C,YKL011C,1,-0.011975529,0.11599154025316238,0.7087475061416626,0.5437262654304504
YOL017W,YNL106C,0,-0.012025991,0.11597267538309097,0.7087475061416626,0.5438262820243835
YHL018W,YKR065C,0,-0.012042506,0.11595381051301956,0.7087475061416626,0.5439263582229614
YDL064W,YHR188C,0,-0.012077162,0.11593496054410934,0.7087475061416626,0.5440264344215393
YOL094C,YLR342W,0,-0.012095543,0.11591611057519913,0.7087475061416626,0.5441264510154724
YKL084W,YHR166C,0,-0.012129737,0.1158972680568695,0.7087475061416626,0.5442265272140503
YOR229W,YHR042W,0,-0.01214272,0.11587843298912048,0.7087475061416626,0.5443266034126282
YJL116C,YOL128C,0,-0.01222791,0.11585960537195206,0.7087475061416626,0.544426679611206
YFL002W-A,YMR224C,1,-0.012246402,0.11600325256586075,0.7097415328025818,0.544426679611206
YDR294C,YNL014W,0,-0.01230895,0.11598440259695053,0.7097415328025818,0.5445266962051392
YMR104C,YPL046C,0,-0.012314329,0.11596556752920151,0.7097415328025818,0.544626772403717
YBL019W,YBR223C,1,-0.012476252,0.11610912531614304,0.710735559463501,0.544626772403717
YNL264C,YPL046C,0,-0.012502091,0.11609027534723282,0.710735559463501,0.5447268486022949
YDR477W,YDR484W,0,-0.012535976,0.1160714253783226,0.710735559463501,0.5448269248008728
YPR082C,YGR163W,0,-0.012566807,0.11605259031057358,0.710735559463501,0.5449269413948059
YDR221W,YIL097W,0,-0.012641007,0.11603375524282455,0.710735559463501,0.5450270175933838
YJL042W,YDR522C,0,-0.012727486,0.11601492762565613,0.710735559463501,0.5451270937919617
YLR157C-A,YGL160W,0,-0.012737703,0.1159961074590683,0.710735559463501,0.5452271103858948
YBR258C,YGR121C,0,-0.012754532,0.11597729474306107,0.710735559463501,0.5453271865844727
YAR008W,YLR430W,1,-0.012807595,0.11612065881490707,0.7117296457290649,0.5453271865844727
YNL102W,YMR239C,1,-0.012809845,0.1162639856338501,0.7127236723899841,0.5453271865844727
YIR034C,YCR043C,0,-0.012932697,0.11624513566493988,0.7127236723899841,0.5454272627830505
YML045W,YGR161W-B,1,-0.012938572,0.11638839542865753,0.7137176990509033,0.5454272627830505
YOR033C,YJL099W,0,-0.012996139,0.11636953055858612,0.7137176990509033,0.5455273389816284
YBR204C,YBR167C,0,-0.013027133,0.1163506731390953,0.7137176990509033,0.5456273555755615
YDL214C,YML072C,0,-0.013031485,0.11633182317018509,0.7137176990509033,0.5457274317741394
YGR109W-B,YDR280W,1,-0.013054702,0.11647497117519379,0.7147117257118225,0.5457274317741394
YCR028C-A,YKL220C,0,-0.013107793,0.11645610630512238,0.7147117257118225,0.5458275079727173
YGR108W,YPL249C-A,0,-0.013128543,0.11643724888563156,0.7147117257118225,0.5459275841712952
YBR228W,YPR137C-B,1,-0.013148362,0.1165803074836731,0.7157057523727417,0.5459275841712952
YER069W,YDL103C,0,-0.01317806,0.11656143516302109,0.7157057523727417,0.5460276007652283
YGR215W,YAR066W,0,-0.013277473,0.11654257029294968,0.7157057523727417,0.5461276769638062
YER016W,YOR367W,0,-0.013279295,0.11652371287345886,0.7157057523727417,0.546227753162384
YKL113C,YIL067C,0,-0.013311068,0.11650485545396805,0.7157057523727417,0.5463277697563171
YKL113C,YJR095W,0,-0.013312491,0.11648600548505783,0.7157057523727417,0.546427845954895
YOL080C,YOR142W-B,1,-0.0133325765,0.11662892252206802,0.7166997790336609,0.546427845954895
YDR365W-B,YJL208C,1,-0.013403993,0.11677179485559464,0.7176938652992249,0.546427845954895
YCR073C,YHR083W,0,-0.013416866,0.11675290763378143,0.7176938652992249,0.5465279221534729
YBL018C,YGR161C-D,1,-0.01344253,0.11689571291208267,0.718687891960144,0.5465279221534729
YKR010C,YOL049W,0,-0.0134960245,0.11687681823968887,0.718687891960144,0.5466279983520508
YDR191W,YMR277W,0,-0.013527552,0.11685793101787567,0.718687891960144,0.5467280149459839
YFL053W,YCR048W,0,-0.013536753,0.11683904379606247,0.718687891960144,0.5468280911445618
YOR033C,YOL103W-B,1,-0.013648689,0.11698174476623535,0.7196819186210632,0.5468280911445618
YLR205C,YGL086W,0,-0.013672667,0.11696284264326096,0.7196819186210632,0.5469281673431396
YKR079C,YPR137C-B,1,-0.013711482,0.11710547655820847,0.7206759452819824,0.5469281673431396
YFL052W,YER157W,0,-0.013739677,0.11708656698465347,0.7206759452819824,0.5470282435417175
YPL211W,YGL207W,0,-0.013820911,0.11706765741109848,0.7206759452819824,0.5471282601356506
YLR145W,YOR142W-B,1,-0.013884575,0.11721020191907883,0.7216699719429016,0.5471282601356506
YOL006C,YJR137C,0,-0.013898419,0.11719128489494324,0.7216699719429016,0.5472283363342285
YOR095C,YKL046C,0,-0.013905482,0.11717236787080765,0.7216699719429016,0.5473284125328064
YLR157C-A,YBL018C,0,-0.013959879,0.11715345829725266,0.7216699719429016,0.5474284291267395
YPL023C,YER021W,0,-0.013997557,0.11713455617427826,0.7216699719429016,0.5475285053253174
YIL127C,YAR014C,0,-0.014078038,0.11711566150188446,0.7216699719429016,0.5476285815238953
YMR021C,YOR003W,0,-0.01408595,0.11709677428007126,0.7216699719429016,0.5477286577224731
YDR365W-B,YDR302W,0,-0.014180949,0.11707788705825806,0.7216699719429016,0.5478286743164062
YLR027C,YIL129C,0,-0.014201181,0.11705901473760605,0.7216699719429016,0.5479287505149841
YHR115C,YCR033W,0,-0.014219867,0.11704014241695404,0.7216699719429016,0.548028826713562
YPR158W-A,YHL009W-A,0,-0.01431215,0.11702127754688263,0.7216699719429016,0.5481289029121399
YBL019W,YMR083W,0,-0.014386641,0.11700242012739182,0.7216699719429016,0.548228919506073
YPR101W,YMR244C-A,0,-0.014415564,0.116983562707901,0.7216699719429016,0.5483289957046509
YHR032W,YOR367W,0,-0.014497669,0.11696472018957138,0.7216699719429016,0.5484290719032288
YGR166W,YLR027C,0,-0.014521586,0.11694587767124176,0.7216699719429016,0.5485290884971619
YGL094C,YHL009W-B,1,-0.014606636,0.11708809435367584,0.7226639986038208,0.5485290884971619
YER039C,YER074W-A,0,-0.01462799,0.11706924438476562,0.7226639986038208,0.5486291646957397
YBL019W,YGR027W-B,1,-0.014681147,0.11721140146255493,0.72365802526474,0.5486291646957397
YIR021W,YOR205C,0,-0.014686706,0.11719252914190292,0.72365802526474,0.5487292408943176
YOL008W,YBR221C,0,-0.014698425,0.11717367172241211,0.72365802526474,0.5488293170928955
YDR210W-B,YOL080C,1,-0.014710279,0.11731573939323425,0.724652111530304,0.5488293170928955
YHR042W,YKR001C,0,-0.014763275,0.11729685962200165,0.724652111530304,0.5489293336868286
YOR343W-B,YDR478W,1,-0.014797393,0.11743886768817902,0.7256461381912231,0.5489293336868286
YDR522C,YNL256W,0,-0.0148199,0.11741998046636581,0.7256461381912231,0.5490294098854065
YMR106C,YCR088W,0,-0.014903011,0.11740109324455261,0.7256461381912231,0.5491294860839844
YNL323W,YDR119W,0,-0.014946194,0.11738221347332001,0.7256461381912231,0.5492295622825623
YJL028W,YHR026W,0,-0.0149746705,0.117363341152668,0.7256461381912231,0.5493295788764954
YML131W,YGL033W,0,-0.015014412,0.11734447628259659,0.7256461381912231,0.5494296550750732
YDR261W-B,YNL282W,1,-0.015036318,0.11748633533716202,0.7266401648521423,0.5494296550750732
YIL015W,YDR156W,0,-0.015067564,0.11746746301651001,0.7266401648521423,0.5495297312736511
YFL009W,YKL084W,0,-0.015086593,0.1174485832452774,0.7266401648521423,0.549629807472229
YDR034C-D,YAR014C,0,-0.015163051,0.117429718375206,0.7266401648521423,0.5497298240661621
YGR257C,YGL145W,0,-0.015174629,0.11741086095571518,0.7266401648521423,0.54982990026474
YDR365W-B,YKR056W,1,-0.015181435,0.11755259335041046,0.7276341915130615,0.54982990026474
YCL038C,YOR295W,0,-0.015224995,0.11753372102975845,0.7276341915130615,0.5499299764633179
YOL068C,YGR098C,0,-0.015256712,0.11751484870910645,0.7276341915130615,0.550029993057251
YMR288W,YBL036C,0,-0.015313471,0.11749598383903503,0.7276341915130615,0.5501300692558289
YCR017C,YGL156W,0,-0.015324289,0.11747713387012482,0.7276341915130615,0.5502301454544067
YOL080C,YGR161W-B,1,-0.0154041,0.11761873960494995,0.7286282181739807,0.5502301454544067
YBR200W,YLR410W,0,-0.015408376,0.11759987473487854,0.7286282181739807,0.5503302216529846
YJL113W,YDR034C-D,1,-0.015419432,0.1177414208650589,0.7296222448348999,0.5503302216529846
YHR072W-A,YBL019W,0,-0.015420094,0.1177225336432457,0.7296222448348999,0.5504302382469177
YIR033W,YKL008C,0,-0.015428381,0.11770365387201309,0.7296222448348999,0.5505303144454956
YOR298C-A,YOL041C,0,-0.015432054,0.11768478155136108,0.7296222448348999,0.5506303906440735
YPL242C,YOR140W,0,-0.015450316,0.11766591668128967,0.7296222448348999,0.5507304668426514
YER003C,YER169W,0,-0.01552272,0.11764705926179886,0.7296222448348999,0.5508304834365845
YHR062C,YOR142W-B,1,-0.015528683,0.11778846383094788,0.7306163311004639,0.5508304834365845
YMR283C,YGL254W,0,-0.015539797,0.11776959151029587,0.7306163311004639,0.5509305596351624
YOR033C,YOR192C-B,1,-0.01579217,0.11791092902421951,0.7316103577613831,0.5509305596351624
YOR033C,YDR210C-D,1,-0.015795171,0.11805222183465958,0.7326043844223022,0.5509305596351624
YPL032C,YGR289C,0,-0.015808204,0.11803331226110458,0.7326043844223022,0.5510306358337402
YFL031W,YOL077W-A,0,-0.015816214,0.11801441013813019,0.7326043844223022,0.5511306524276733
YGL124C,YGL099W,0,-0.015899057,0.11799551546573639,0.7326043844223022,0.5512307286262512
YJR090C,YJR047C,0,-0.015953753,0.11797662824392319,0.7326043844223022,0.5513308048248291
YPR165W,YOR083W,0,-0.015970038,0.11795774847269058,0.7326043844223022,0.551430881023407
YPR151C,YMR113W,0,-0.0159857,0.11793886870145798,0.7326043844223022,0.5515308976173401
YGR038C-A,YNL148C,0,-0.016058026,0.11791999638080597,0.7326043844223022,0.551630973815918
YBR253W,YPL024W,0,-0.016089166,0.11790113896131516,0.7326043844223022,0.5517310500144958
YDR020C,YDR541C,0,-0.016092883,0.11788227409124374,0.7326043844223022,0.5518311262130737
YPR158W-A,YGR256W,0,-0.016207874,0.11786342412233353,0.7326043844223022,0.5519311428070068
YLR154C,YPL257W-B,1,-0.016219264,0.11800447851419449,0.7335984110832214,0.5519311428070068
YDR316W-B,YMR239C,1,-0.016306547,0.11814548075199127,0.7345924377441406,0.5519311428070068
YFL031W,YKR065C,0,-0.0163092,0.11812660098075867,0.7345924377441406,0.5520312190055847
YJR027W,YDL185W,1,-0.016314598,0.11826754361391068,0.7355864644050598,0.5520312190055847
YOR130C,YMR060C,0,-0.016317928,0.11824864149093628,0.7355864644050598,0.5521312952041626
YMR154C,YGL175C,0,-0.016320193,0.11822974681854248,0.7355864644050598,0.5522313117980957
YJL113W,YDR098C-B,1,-0.016343927,0.11837060749530792,0.736580491065979,0.5522313117980957
YPL084W,YOR130C,0,-0.016347812,0.11835169792175293,0.736580491065979,0.5523313879966736
YHR164C,YOR192C-B,1,-0.016355826,0.118492491543293,0.737574577331543,0.5523313879966736
YMR135C,YGR209C,0,-0.016454699,0.11847357451915741,0.737574577331543,0.5524314641952515
YLL032C,YHR018C,0,-0.01648314,0.11845466494560242,0.737574577331543,0.5525315403938293
YPL132W,YPL055C,0,-0.0164836,0.11843575537204742,0.737574577331543,0.5526315569877625
YJR105W,YLR095C,0,-0.016534375,0.11841685324907303,0.737574577331543,0.5527316331863403
YGR027W-A,YJL118W,0,-0.016554242,0.11839795857667923,0.737574577331543,0.5528317093849182
YDR261C-D,YCL074W,1,-0.016625833,0.11853861063718796,0.7385686039924622,0.5528317093849182
YHR183W,YDR354W,0,-0.016641991,0.11851970106363297,0.7385686039924622,0.5529317855834961
YJL145W,YBL016W,0,-0.016650116,0.11850079894065857,0.7385686039924622,0.5530318021774292
YDR043C,YDR186C,0,-0.016651226,0.11848190426826477,0.7385686039924622,0.5531318783760071
YLR135W,YDL111C,1,-0.01665488,0.11862245202064514,0.7395626306533813,0.5531318783760071
YGR148C,YHR124W,0,-0.016751187,0.11860354244709015,0.7395626306533813,0.553231954574585
YBR070C,YOR197W,0,-0.016813511,0.11858463287353516,0.7395626306533813,0.5533319711685181
YML093W,YCR020W-B,0,-0.016917536,0.11856573820114136,0.7395626306533813,0.553432047367096
YGR192C,YJL115W,0,-0.016924428,0.11854684352874756,0.7395626306533813,0.5535321235656738
YDR365W-B,YLR143W,1,-0.016945487,0.11868727207183838,0.7405566573143005,0.5535321235656738
YDR058C,YJL047C,0,-0.016975129,0.11866836249828339,0.7405566573143005,0.5536321997642517
YBL018C,YIR015W,1,-0.016976675,0.11880872398614883,0.7415506839752197,0.5536321997642517
YOL094C,YGL121C,0,-0.017038675,0.11878980696201324,0.7415506839752197,0.5537322163581848
YGL187C,YIL168W,0,-0.01708063,0.11877089738845825,0.7415506839752197,0.5538322925567627
YGR207C,YMR231W,0,-0.017111154,0.11875198781490326,0.7415506839752197,0.5539323687553406
YOL110W,YPL047W,0,-0.01711289,0.11873308569192886,0.7415506839752197,0.5540324449539185
YDR316W-B,YKL113C,1,-0.017193861,0.11887332797050476,0.7425447106361389,0.5540324449539185
YJL002C,YCR048W,0,-0.017221453,0.11885441839694977,0.7425447106361389,0.5541324615478516
YDL102W,YLR312W-A,1,-0.017260173,0.11899459362030029,0.7435387969017029,0.5541324615478516
YNL300W,YLL052C,0,-0.017306583,0.11897566169500351,0.7435387969017029,0.5542325377464294
YIR003W,YKL160W,0,-0.017327892,0.11895674467086792,0.7435387969017029,0.5543326139450073
YMR262W,YHR079C,1,-0.01734146,0.11909683793783188,0.7445328235626221,0.5543326139450073
YPL088W,YEL026W,0,-0.017359221,0.1190778985619545,0.7445328235626221,0.5544326305389404
YER160C,YOL042W,1,-0.017360384,0.11921793222427368,0.7455268502235413,0.5544326305389404
YBR179C,YNL329C,0,-0.01736045,0.1191989853978157,0.7455268502235413,0.5545327067375183
YBL019W,YLR277C,1,-0.017400559,0.11933894455432892,0.7465208768844604,0.5545327067375183
YDR267C,YGR027W-A,0,-0.017444137,0.11931999027729034,0.7465208768844604,0.5546327829360962
YFR046C,YFL055W,0,-0.017453002,0.11930103600025177,0.7465208768844604,0.5547328591346741
YKR079C,YDR261C-D,1,-0.017453507,0.11944091320037842,0.7475149035453796,0.5547328591346741
YHR183W,YGL077C,0,-0.017459655,0.11942194402217865,0.7475149035453796,0.5548328757286072
YGR152C,YBR044C,0,-0.017464804,0.11940298229455948,0.7475149035453796,0.5549329519271851
YPR101W,YPR164W,0,-0.017472552,0.1193840280175209,0.7475149035453796,0.5550330281257629
YDR261C-C,YPL128C,0,-0.017484002,0.11936508119106293,0.7475149035453796,0.5551331043243408
YKR079C,YNL284C-B,1,-0.017603856,0.11950483918190002,0.7485089302062988,0.5551331043243408
YDR307W,YMR271C,0,-0.0176676,0.11948587745428085,0.7485089302062988,0.5552331209182739
YNL232W,YMR137C,1,-0.017685564,0.11962557584047318,0.749502956867218,0.5552331209182739
YLR405W,YER124C,0,-0.017718906,0.11960659921169281,0.749502956867218,0.5553331971168518
YDR261C-C,YGR231C,0,-0.017735679,0.11958763003349304,0.749502956867218,0.5554332733154297
YLR084C,YOR255W,0,-0.017784357,0.11956866830587387,0.749502956867218,0.5555333495140076
YNR063W,YJL184W,0,-0.017801741,0.1195497065782547,0.749502956867218,0.5556333661079407
YLR376C,YNL252C,0,-0.017884703,0.11953075230121613,0.749502956867218,0.5557334423065186
YNL257C,YDR409W,0,-0.017894657,0.11951180547475815,0.749502956867218,0.5558335185050964
YLR084C,YKL167C,0,-0.01789471,0.11949286609888077,0.749502956867218,0.5559335350990295
YPL190C,YDL147W,0,-0.017913545,0.11947393417358398,0.749502956867218,0.5560336112976074
YPL257W-B,YKL113C,1,-0.017961003,0.11961343139410019,0.750497043132782,0.5560336112976074
YGR257C,YIL168W,0,-0.018023318,0.11959448456764221,0.750497043132782,0.5561336874961853
YOR190W,YMR121C,0,-0.018039288,0.11957554519176483,0.750497043132782,0.5562337636947632
YNL083W,YKL018W,0,-0.01808207,0.11955661326646805,0.750497043132782,0.5563337802886963
YCR073C,YGR041W,0,-0.018087374,0.11953768134117126,0.750497043132782,0.5564338564872742
YOR056C,YDR261C-D,1,-0.018109487,0.11967705935239792,0.7514910697937012,0.5564338564872742
YDR143C,YAL009W,0,-0.018212443,0.11965811997652054,0.7514910697937012,0.556533932685852
YIL131C,YLR027C,0,-0.018219898,0.11963918060064316,0.7514910697937012,0.5566340088844299
YJL204C,YBR265W,0,-0.018290149,0.11962025612592697,0.7514910697937012,0.556734025478363
YGL130W,YLR027C,0,-0.01837037,0.11960133165121078,0.7514910697937012,0.5568341016769409
YIR013C,YDL104C,0,-0.018494153,0.1195824071764946,0.7514910697937012,0.5569341778755188
YBR215W,YJR064W,0,-0.018514814,0.1195634976029396,0.7514910697937012,0.5570341944694519
YJR095W,YOL148C,0,-0.018529119,0.11954459547996521,0.7514910697937012,0.5571342706680298
YNL315C,YKL073W,0,-0.01853122,0.11952569335699081,0.7514910697937012,0.5572343468666077
YPL217C,YDL044C,0,-0.018535586,0.11950679868459702,0.7514910697937012,0.5573344230651855
YDR194C,YDR210W-A,0,-0.018553125,0.11948791146278381,0.7514910697937012,0.5574344396591187
YJR056C,YHR032W,0,-0.01857833,0.11946902424097061,0.7514910697937012,0.5575345158576965
YDR365W-B,YMR047C,0,-0.018585922,0.1194501519203186,0.7514910697937012,0.5576345920562744
YHR187W,YER058W,0,-0.018603148,0.1194312795996666,0.7514910697937012,0.5577346682548523
YLR034C,YKL148C,0,-0.018608803,0.11941241472959518,0.7514910697937012,0.5578346848487854
YDL002C,YGR065C,0,-0.018825779,0.11939355731010437,0.7514910697937012,0.5579347610473633
YNL106C,YOR198C,0,-0.018849196,0.11937470734119415,0.7514910697937012,0.5580348372459412
YDR293C,YNL072W,1,-0.01888858,0.11951373517513275,0.7524850964546204,0.5580348372459412
YDR266C,YLL010C,0,-0.018894093,0.11949487030506134,0.7524850964546204,0.5581348538398743
YDR261W-B,YMR239C,1,-0.01892798,0.11963383853435516,0.7534791231155396,0.5581348538398743
YBL099W,YDL122W,0,-0.018969314,0.11961495876312256,0.7534791231155396,0.5582349300384521
YGL124C,YPL053C,0,-0.018993901,0.11959608644247055,0.7534791231155396,0.55833500623703
YHL007C,YGL029W,0,-0.018997481,0.11957722157239914,0.7534791231155396,0.5584350824356079
YNL054W-B,YKL025C,1,-0.019013708,0.1197160854935646,0.7544731497764587,0.5584350824356079
YJR093C,YAL009W,0,-0.019175062,0.119697205722332,0.7544731497764587,0.558535099029541
YGR013W,YDR352W,0,-0.019203888,0.11967833340167999,0.7544731497764587,0.5586351752281189
YJL063C,YIL050W,0,-0.019206261,0.11965946853160858,0.7544731497764587,0.5587352514266968
YJR043C,YBR019C,0,-0.019212285,0.11964060366153717,0.7544731497764587,0.5588353276252747
YDL079C,YMR251W-A,0,-0.019243168,0.11962174624204636,0.7544731497764587,0.5589353442192078
YMR288W,YCR033W,0,-0.01928843,0.11960289627313614,0.7544731497764587,0.5590354204177856
YGR038C-A,YOR344C,0,-0.019334558,0.11958405375480652,0.7544731497764587,0.5591354966163635
YGR257C,YOR030W,0,-0.019423293,0.1195652186870575,0.7544731497764587,0.5592355132102966
YGR108W,YGL043W,0,-0.019434096,0.11954638361930847,0.7544731497764587,0.5593355894088745
YDR210W-B,YOR056C,1,-0.01946398,0.11968503892421722,0.7554671764373779,0.5593355894088745
YMR052W,YBL005W-A,0,-0.019471627,0.1196661964058876,0.7554671764373779,0.5594356656074524
YGR038C-A,YNL106C,0,-0.01965452,0.11964735388755798,0.7554671764373779,0.5595357418060303
YOL008W,YDR394W,0,-0.019711815,0.11962851881980896,0.7554671764373779,0.5596357583999634
YBL016W,YFR051C,0,-0.019722061,0.11960969120264053,0.7554671764373779,0.5597358345985413
YPR018W,YBR288C,0,-0.019771649,0.1195908710360527,0.7554671764373779,0.5598359107971191
YDL079C,YBR229C,0,-0.019786479,0.11957205832004547,0.7554671764373779,0.559935986995697
YGL099W,YGR215W,0,-0.019844117,0.11955324560403824,0.7554671764373779,0.5600360035896301
YPL108W,YBL009W,0,-0.019855672,0.1195344477891922,0.7554671764373779,0.560136079788208
YBR179C,YOR005C,0,-0.019856544,0.11951564997434616,0.7554671764373779,0.5602361559867859
YGR278W,YLL052C,0,-0.019872399,0.11949685215950012,0.7554671764373779,0.560336172580719
YOR094W,YKR003W,0,-0.019891744,0.11947806924581528,0.7554671764373779,0.5604362487792969
YDL193W,YML062C,0,-0.019914964,0.11945928633213043,0.7554671764373779,0.5605363249778748
YDL207W,YEL011W,0,-0.020002278,0.11944051831960678,0.7554671764373779,0.5606364011764526
YDL207W,YFL034C-B,0,-0.02000499,0.11942175030708313,0.7554671764373779,0.5607364177703857
YDR085C,YCR024C-A,0,-0.020096773,0.11940298229455948,0.7554671764373779,0.5608364939689636
YOR196C,YCR020W-B,0,-0.020104988,0.11938422918319702,0.7554671764373779,0.5609365701675415
YDR365W-B,YHR123W,0,-0.020146038,0.11936547607183456,0.7554671764373779,0.5610366463661194
YBL099W,YER021W,0,-0.020164961,0.1193467304110527,0.7554671764373779,0.5611366629600525
YIR035C,YPL108W,0,-0.02016672,0.11932799220085144,0.7554671764373779,0.5612367391586304
YDR394W,YOR077W,0,-0.020200701,0.11930926144123077,0.7554671764373779,0.5613368153572083
YHR063C,YNL099C,0,-0.020217108,0.1192905381321907,0.7554671764373779,0.5614368915557861
YBR098W,YBR012W-B,1,-0.020266874,0.11942875385284424,0.7564612030982971,0.5614368915557861
YBR234C,YNL224C,0,-0.020354884,0.11941000819206238,0.7564612030982971,0.5615369081497192
YLR410W,YDL153C,0,-0.02043582,0.11939127743244171,0.7564612030982971,0.5616369843482971
YKR092C,YHR001W,0,-0.020531463,0.11937254667282104,0.7564612030982971,0.561737060546875
YIL041W,YGL184C,0,-0.020647014,0.11935382336378098,0.7564612030982971,0.5618370771408081
YBL071W-A,YGR206W,0,-0.020651815,0.1193351075053215,0.7564612030982971,0.561937153339386
YDR034C-D,YKR056W,1,-0.020656094,0.11947318911552429,0.7574552893638611,0.561937153339386
YKL096W,YMR104C,0,-0.020675855,0.11945445835590363,0.7574552893638611,0.5620372295379639
YGR027W-B,YJL208C,1,-0.020683808,0.11959247291088104,0.7584493160247803,0.5620372295379639
YPL023C,YGL065C,0,-0.020685183,0.11957373470067978,0.7584493160247803,0.5621373057365417
YOL094C,YNL021W,0,-0.020922543,0.11955499649047852,0.7584493160247803,0.5622373223304749
YGL208W,YPR065W,0,-0.021003986,0.11953626573085785,0.7584493160247803,0.5623373985290527
YER124C,YJR044C,0,-0.021031903,0.11951754242181778,0.7584493160247803,0.5624374747276306
YGR132C,YNL270C,0,-0.021042587,0.1194988265633583,0.7584493160247803,0.5625375509262085
YNL264C,YLR034C,0,-0.021045217,0.11948011070489883,0.7584493160247803,0.5626375675201416
YNL047C,YIL017C,0,-0.02111041,0.11946140229701996,0.7584493160247803,0.5627376437187195
YJL137C,YJL014W,0,-0.021120602,0.11944270879030228,0.7584493160247803,0.5628377199172974
YAR071W,YLL023C,0,-0.021151388,0.119424007833004,0.7584493160247803,0.5629377365112305
YER006W,YER026C,0,-0.021188928,0.11940532177686691,0.7584493160247803,0.5630378127098083
YJR090C,YNL279W,0,-0.021239823,0.11938663572072983,0.7584493160247803,0.5631378889083862
YNR012W,YGR065C,0,-0.02124218,0.11936795711517334,0.7584493160247803,0.5632379651069641
YHR072W-A,YFL003C,0,-0.021298768,0.11934928596019745,0.7584493160247803,0.5633379817008972
YFL002W-A,YAR009C,1,-0.021329405,0.11948701739311218,0.7594433426856995,0.5633379817008972
YJL051W,YDL079C,0,-0.021380546,0.1194683313369751,0.7594433426856995,0.5634380578994751
YJR064W,YJR077C,0,-0.021441402,0.11944965273141861,0.7594433426856995,0.563538134098053
YLR307W,YOR202W,0,-0.02153361,0.11943098157644272,0.7594433426856995,0.5636382102966309
YDL193W,YOL097C,0,-0.021562392,0.11941231787204742,0.7594433426856995,0.563738226890564
YNL072W,YDR163W,0,-0.021563299,0.11939365416765213,0.7594433426856995,0.5638383030891418
YCR028C-A,YGR140W,0,-0.021618959,0.11937499791383743,0.7594433426856995,0.5639383792877197
YOR192C-B,YJR063W,1,-0.02163923,0.11951257288455963,0.7604373693466187,0.5639383792877197
YER039C,YDR163W,0,-0.021718444,0.11949390918016434,0.7604373693466187,0.5640383958816528
YDR261C-C,YNL225C,0,-0.021721538,0.11947524547576904,0.7604373693466187,0.5641384720802307
YOR329C,YIL067C,0,-0.021723526,0.11945658922195435,0.7604373693466187,0.5642385482788086
YBL042C,YBR293W,0,-0.021728257,0.11943794041872025,0.7604373693466187,0.5643386244773865
YOL016C,YGL043W,0,-0.021747196,0.11941929161548615,0.7604373693466187,0.5644386410713196
YML121W,YFL002C,0,-0.021809267,0.11940065771341324,0.7604373693466187,0.5645387172698975
YBL102W,YLR431C,0,-0.02183471,0.11938202381134033,0.7604373693466187,0.5646387934684753
YGR195W,YNL220W,0,-0.02188413,0.11936339735984802,0.7604373693466187,0.5647388696670532
YLR398C,YGL097W,0,-0.021945322,0.11934477090835571,0.7604373693466187,0.5648388862609863
YBR228W,YPR020W,0,-0.022065343,0.1193261593580246,0.7604373693466187,0.5649389624595642
YIR034C,YPL232W,0,-0.022106977,0.11930754780769348,0.7604373693466187,0.5650390386581421
YMR280C,YHR042W,0,-0.022228109,0.11928894370794296,0.7604373693466187,0.5651390552520752
YPR082C,YPR107C,0,-0.022246936,0.11927034705877304,0.7604373693466187,0.5652391314506531
YKL160W,YOR035C,0,-0.02230567,0.11925175040960312,0.7604373693466187,0.565339207649231
YDR316W,YPL181W,0,-0.022358814,0.11923316866159439,0.7604373693466187,0.5654392838478088
YDL066W,YOR367W,0,-0.022393862,0.11921458691358566,0.7604373693466187,0.5655393004417419
YPL152W,YNL053W,0,-0.022437597,0.11919601261615753,0.7604373693466187,0.5656393766403198
YDR191W,YCR069W,0,-0.022450404,0.1191774383187294,0.7604373693466187,0.5657394528388977
YHR143W-A,YMR162C,0,-0.022486398,0.11915887892246246,0.7604373693466187,0.5658395290374756
YGR095C,YJR006W,1,-0.02258514,0.11929605901241302,0.7614313960075378,0.5658395290374756
YPL037C,YGR038C-B,0,-0.022603517,0.1192774847149849,0.7614313960075378,0.5659395456314087
YKL127W,YCR020W-B,0,-0.02270578,0.11925891041755676,0.7614313960075378,0.5660396218299866
YGR038C-B,YCL074W,1,-0.022746073,0.11939601600170135,0.762425422668457,0.5660396218299866
YJR002W,YEL047C,0,-0.022912906,0.11937743425369263,0.762425422668457,0.5661396980285645
YDL010W,YJL014W,0,-0.022917854,0.1193588525056839,0.762425422668457,0.5662397146224976
YOR368W,YCL010C,0,-0.022973048,0.11934028565883636,0.762425422668457,0.5663397908210754
YOR197W,YJR144W,0,-0.022984384,0.11932171881198883,0.762425422668457,0.5664398670196533
YGR209C,YOL058W,0,-0.023075784,0.1193031594157219,0.762425422668457,0.5665399432182312
YKR013W,YJR064W,0,-0.02309938,0.11928460001945496,0.762425422668457,0.5666399598121643
YJL145W,YMR047C,0,-0.023169996,0.11926605552434921,0.762425422668457,0.5667400360107422
YKL091C,YJR125C,0,-0.023232544,0.11924751102924347,0.762425422668457,0.5668401122093201
YCL011C,YPL037C,0,-0.02326505,0.11922897398471832,0.762425422668457,0.566940188407898
YGR157W,YML029W,0,-0.023309344,0.11921044439077377,0.762425422668457,0.567040205001831
YOL094C,YKR024C,0,-0.023390772,0.11919192224740982,0.762425422668457,0.5671402812004089
YGR287C,YBR161W,0,-0.023412758,0.11917340010404587,0.762425422668457,0.5672403573989868
YBR239C,YFR044C,0,-0.023428017,0.11915488541126251,0.762425422668457,0.5673404335975647
YCR073C,YHR032W,0,-0.023464875,0.11913637816905975,0.762425422668457,0.5674404501914978
YLR227W-B,YMR285C,1,-0.023679482,0.11927317827939987,0.763419508934021,0.5674404501914978
YEL060C,YOL068C,0,-0.02371935,0.11925465613603592,0.763419508934021,0.5675405263900757
YMR214W,YNL088W,0,-0.023782166,0.11923614144325256,0.763419508934021,0.5676406025886536
YPR185W,YGR128C,0,-0.023960942,0.1192176342010498,0.763419508934021,0.5677406191825867
YDR210C-D,YGR158C,1,-0.02401793,0.11935433745384216,0.7644135355949402,0.5677406191825867
YML078W,YNR032W,0,-0.024039911,0.11933581531047821,0.7644135355949402,0.5678406953811646
YBL050W,YJR002W,0,-0.024095705,0.11931730061769485,0.7644135355949402,0.5679407715797424
YGR090W,YPL020C,0,-0.024100402,0.1192987933754921,0.7644135355949402,0.5680408477783203
YPR018W,YIL015W,0,-0.024106363,0.11928028613328934,0.7644135355949402,0.5681408643722534
YDR462W,YBR203W,0,-0.024167636,0.11926178634166718,0.7644135355949402,0.5682409405708313
YGL133W,YEL047C,0,-0.024197059,0.11924329400062561,0.7644135355949402,0.5683410167694092
YLL052C,YNL241C,0,-0.024203392,0.11922480911016464,0.7644135355949402,0.5684410929679871
YOL146W,YHR152W,0,-0.024313675,0.11920632421970367,0.7644135355949402,0.5685411095619202
YCR102C,YNL083W,0,-0.024320194,0.1191878467798233,0.7644135355949402,0.568641185760498
YLR233C,YHR016C,0,-0.024354966,0.11916937679052353,0.7644135355949402,0.5687412619590759
YNL037C,YOR303W,0,-0.024439303,0.11915091425180435,0.7644135355949402,0.568841278553009
YLR135W,YMR059W,1,-0.024442138,0.11928737163543701,0.7654075622558594,0.568841278553009
YGL013C,YFL008W,0,-0.02446573,0.11926889419555664,0.7654075622558594,0.5689413547515869
YJR047C,YER003C,0,-0.02472152,0.11925042420625687,0.7654075622558594,0.5690414309501648
YDR043C,YKL222C,0,-0.02477132,0.11923196166753769,0.7654075622558594,0.5691415071487427
YKR013W,YOR188W,0,-0.024805503,0.11921349912881851,0.7654075622558594,0.5692415237426758
YLR393W,YNL265C,0,-0.024836542,0.11919504404067993,0.7654075622558594,0.5693415999412537
YMR280C,YNR063W,0,-0.024841348,0.11917659640312195,0.7654075622558594,0.5694416761398315
YFL008W,YCR097W,0,-0.02487717,0.11915815621614456,0.7654075622558594,0.5695417523384094
YNL148C,YPL008W,0,-0.024916707,0.11913971602916718,0.7654075622558594,0.5696417689323425
YNR073C,YEL055C,0,-0.024920495,0.11912129074335098,0.7654075622558594,0.5697418451309204
YLL032C,YAL009W,0,-0.024924668,0.1191028580069542,0.7654075622558594,0.5698419213294983
YNL069C,YPL270W,0,-0.024992416,0.1190844401717186,0.7654075622558594,0.5699419379234314
YGR074W,YPR052C,0,-0.025033312,0.1190660297870636,0.7654075622558594,0.5700420141220093
YBR228W,YLR013W,0,-0.025081385,0.1190476194024086,0.7654075622558594,0.5701420903205872
YLR157C-A,YDR538W,0,-0.025111375,0.1190292164683342,0.7654075622558594,0.570242166519165
YPL016W,YKL065C,0,-0.02513341,0.1190108209848404,0.7654075622558594,0.5703421831130981
YIR007W,YJL137C,0,-0.025255503,0.11899242550134659,0.7654075622558594,0.570442259311676
YBR280C,YER016W,0,-0.025285492,0.11897404491901398,0.7654075622558594,0.5705423355102539
YKR022C,YDL010W,0,-0.025370302,0.11895566433668137,0.7654075622558594,0.5706424117088318
YBR161W,YDR409W,0,-0.025377871,0.11893729120492935,0.7654075622558594,0.5707424283027649
YKL008C,YLL005C,0,-0.025384374,0.11891891807317734,0.7654075622558594,0.5708425045013428
YDR210C-D,YDR280W,1,-0.025418878,0.11905497312545776,0.7664015889167786,0.5708425045013428
YHL018W,YFL022C,0,-0.025423096,0.11903659254312515,0.7664015889167786,0.5709425806999207
YDR322C-A,YLR421C,0,-0.025435273,0.11901821196079254,0.7664015889167786,0.5710425972938538
YDR085C,YKL137W,0,-0.02546877,0.11899984627962112,0.7664015889167786,0.5711426734924316
YDR143C,YLR117C,0,-0.02549682,0.11898148059844971,0.7664015889167786,0.5712427496910095
YPL257W-B,YMR239C,1,-0.025579052,0.11911741644144058,0.7673956155776978,0.5712427496910095
YDL194W,YHR152W,0,-0.025636973,0.11909904330968857,0.7673956155776978,0.5713428258895874
YPL023C,YDL066W,0,-0.02565615,0.11908067017793655,0.7673956155776978,0.5714428424835205
YPL257W-B,YOL080C,1,-0.025822708,0.11921653151512146,0.7683896422386169,0.5714428424835205
YOR130C,YDR477W,0,-0.025829973,0.11919815093278885,0.7683896422386169,0.5715429186820984
YEL077C,YHR152W,0,-0.025874795,0.11917977035045624,0.7683896422386169,0.5716429948806763
YIR003W,YDR302W,0,-0.025880158,0.11916139721870422,0.7683896422386169,0.5717430710792542
YGL065C,YLL028W,0,-0.025906725,0.1191430315375328,0.7683896422386169,0.5718430876731873
YDR316W-B,YKL149C,1,-0.025927685,0.11927878111600876,0.7693836688995361,0.5718430876731873
YOR354C,YER074W-A,0,-0.025961522,0.11926040053367615,0.7693836688995361,0.5719431638717651
YDL005C,YJR113C,0,-0.02596155,0.11924202740192413,0.7693836688995361,0.572043240070343
YKR022C,YNR046W,0,-0.0260233,0.11922366172075272,0.7693836688995361,0.5721432566642761
YFL055W,YMR251W-A,0,-0.026053306,0.1192052960395813,0.7693836688995361,0.572243332862854
YJL051W,YLL028W,0,-0.026122423,0.11918694525957108,0.7693836688995361,0.5723434090614319
YMR263W,YKL146W,0,-0.02618085,0.11916859447956085,0.7693836688995361,0.5724434852600098
YDR541C,YJL074C,0,-0.02637388,0.11915024369955063,0.7693836688995361,0.5725435018539429
YOR035C,YNL106C,0,-0.026542963,0.1191319078207016,0.7693836688995361,0.5726435780525208
YER094C,YGL175C,0,-0.026606617,0.11911357194185257,0.7693836688995361,0.5727436542510986
YDR162C,YMR092C,0,-0.026757771,0.11909524351358414,0.7693836688995361,0.5728437304496765
YNL082W,YNL312W,0,-0.02680287,0.1190769225358963,0.7693836688995361,0.5729437470436096
YBL040C,YBL071W-A,0,-0.026828365,0.11905860900878906,0.7693836688995361,0.5730438232421875
YDL004W,YOL034W,0,-0.02683325,0.11904029548168182,0.7693836688995361,0.5731438994407654
YDL132W,YNL270C,0,-0.026842283,0.11902198940515518,0.7693836688995361,0.5732439756393433
YAL021C,YMR224C,1,-0.026872711,0.11915744096040726,0.7703777551651001,0.5732439756393433
YDR020C,YNL099C,0,-0.026878873,0.11913912743330002,0.7703777551651001,0.5733439922332764
YDR210W,YDR307W,0,-0.026907528,0.11912081390619278,0.7703777551651001,0.5734440684318542
YKL086W,YMR199W,0,-0.026957484,0.11910250782966614,0.7703777551651001,0.5735441446304321
YJL063C,YHR084W,0,-0.026967118,0.1190842017531395,0.7703777551651001,0.5736441612243652
YAR050W,YDR206W,0,-0.026987465,0.11906591057777405,0.7703777551651001,0.5737442374229431
YOL049W,YML014W,0,-0.027039068,0.1190476194024086,0.7703777551651001,0.573844313621521
YBL099W,YDR141C,0,-0.0271009,0.11902933567762375,0.7703777551651001,0.5739443898200989
YBR152W,YNL014W,0,-0.02723396,0.1190110594034195,0.7703777551651001,0.574044406414032
YIL016W,YER075C,0,-0.027419912,0.11899278312921524,0.7703777551651001,0.5741444826126099
YLR336C,YHL022C,0,-0.027544158,0.11897451430559158,0.7703777551651001,0.5742445588111877
YER054C,YGL150C,0,-0.027554484,0.11895625293254852,0.7703777551651001,0.5743446350097656
YJL076W,YBR199W,0,-0.02757235,0.11893799901008606,0.7703777551651001,0.5744446516036987
YCR079W,YHR188C,0,-0.027595336,0.1189197450876236,0.7703777551651001,0.5745447278022766
YMR288W,YOR028C,0,-0.027641507,0.11890150606632233,0.7703777551651001,0.5746448040008545
YDR365W-B,YOR256C,0,-0.027686678,0.11888326704502106,0.7703777551651001,0.5747448205947876
YLR226W,YMR260C,0,-0.027817095,0.11886502802371979,0.7703777551651001,0.5748448967933655
YDR522C,YBR057C,0,-0.027902234,0.11884680390357971,0.7703777551651001,0.5749449729919434
YJL123C,YMR283C,0,-0.028011845,0.11882857978343964,0.7703777551651001,0.5750450491905212
YPL016W,YNL097C,0,-0.028038295,0.11881036311388016,0.7703777551651001,0.5751450657844543
YHR112C,YDR409W,0,-0.028065817,0.11879215389490128,0.7703777551651001,0.5752451419830322
YOR208W,YOL027C,0,-0.028073052,0.1187739446759224,0.7703777551651001,0.5753452181816101
YNR012W,YDR291W,0,-0.028203564,0.11875574290752411,0.7703777551651001,0.575445294380188
YNL316C,YGR172C,0,-0.02821921,0.11873754858970642,0.7703777551651001,0.5755453109741211
YHR191C,YLR341W,0,-0.02824116,0.11871936172246933,0.7703777551651001,0.575645387172699
YCL030C,YCL010C,0,-0.02844417,0.11870118230581284,0.7703777551651001,0.5757454633712769
YKL071W,YHR178W,0,-0.028500842,0.11868300288915634,0.7703777551651001,0.57584547996521
YGR121C,YMR277W,0,-0.028537435,0.11866483092308044,0.7703777551651001,0.5759455561637878
YDR338C,YOR188W,0,-0.02855386,0.11864665895700455,0.7703777551651001,0.5760456323623657
YLR135W,YPR124W,0,-0.028585883,0.11862850189208984,0.7703777551651001,0.5761457085609436
YNR012W,YPR104C,0,-0.02866544,0.11861034482717514,0.7703777551651001,0.5762457251548767
YPR185W,YBR244W,0,-0.028709399,0.11859219521284103,0.7703777551651001,0.5763458013534546
YHL002W,YDL014W,0,-0.02873254,0.11857405304908752,0.7703777551651001,0.5764458775520325
YMR283C,YPL012W,0,-0.028760778,0.11855591088533401,0.7703777551651001,0.5765459537506104
YMR119W,YLR144C,0,-0.028795378,0.1185377761721611,0.7703777551651001,0.5766459703445435
YIL117C,YMR231W,0,-0.0288855,0.11851964890956879,0.7703777551651001,0.5767460465431213
YBR200W,YGR166W,0,-0.02893457,0.11850152909755707,0.7703777551651001,0.5768461227416992
YHR187W,YOR128C,0,-0.0289473,0.11848340928554535,0.7703777551651001,0.5769461393356323
YDL155W,YOR245C,0,-0.028948935,0.11846530437469482,0.7703777551651001,0.5770462155342102
YCL045C,YLR332W,0,-0.029005144,0.1184471920132637,0.7703777551651001,0.5771462917327881
YKL025C,YCL074W,1,-0.029028276,0.11858190596103668,0.7713717818260193,0.5771462917327881
YLR145W,YDR261C-D,1,-0.02916136,0.11871657520532608,0.7723658084869385,0.5771462917327881
YJL123C,YLR341W,0,-0.029269392,0.11869844049215317,0.7723658084869385,0.577246367931366
YGR247W,YGR249W,0,-0.02928839,0.11868031322956085,0.7723658084869385,0.5773463845252991
YJR029W,YLR277C,1,-0.029297633,0.11881490796804428,0.7733598351478577,0.5773463845252991
YGR161C-C,YPR066W,0,-0.029374149,0.11879676580429077,0.7733598351478577,0.577446460723877
YHR183W,YDR316W,0,-0.029397884,0.11877862364053726,0.7733598351478577,0.5775465369224548
YJR047C,YGL086W,0,-0.029402332,0.11876049637794495,0.7733598351478577,0.5776466131210327
YNL139C,YPL265W,0,-0.02943054,0.11874236911535263,0.7733598351478577,0.5777466297149658
YER172C,YNL097C,0,-0.029490532,0.11872424930334091,0.7733598351478577,0.5778467059135437
YBR019C,YOR339C,0,-0.029522644,0.11870613694190979,0.7733598351478577,0.5779467821121216
YIL066C,YGL175C,0,-0.029538961,0.11868802458047867,0.7733598351478577,0.5780467987060547
YNL152W,YDR484W,0,-0.029558422,0.11866991966962814,0.7733598351478577,0.5781468749046326
YMR092C,YGL079W,0,-0.029573495,0.11865182220935822,0.7733598351478577,0.5782469511032104
YDR162C,YJL074C,0,-0.02959139,0.11863373219966888,0.7733598351478577,0.5783470273017883
YMR045C,YDL227C,1,-0.029682538,0.1187681034207344,0.7743538618087769,0.5783470273017883
YPR082C,YDL044C,0,-0.029774578,0.11874999850988388,0.7743538618087769,0.5784470438957214
YKL220C,YDL066W,0,-0.029782308,0.11873190104961395,0.7743538618087769,0.5785471200942993
YBL099W,YGR013W,0,-0.029788448,0.11871380358934402,0.7743538618087769,0.5786471962928772
YGL043W,YJL203W,0,-0.029811354,0.11869572103023529,0.7743538618087769,0.5787472724914551
YHL007C,YCL020W,0,-0.029816708,0.11867763847112656,0.7743538618087769,0.5788472890853882
YER003C,YDR538W,0,-0.029883342,0.11865955591201782,0.7743538618087769,0.5789473652839661
YKL188C,YGR098C,0,-0.029904762,0.11864148825407028,0.7743538618087769,0.579047441482544
YOR144C,YOR361C,0,-0.02995375,0.11862342059612274,0.7743538618087769,0.5791475176811218
YML029W,YLR095C,0,-0.03000301,0.1186053603887558,0.7743538618087769,0.5792475342750549
YOR141C,YJL115W,0,-0.030112522,0.11858730763196945,0.7743538618087769,0.5793476104736328
YGL086W,YHR143W-A,0,-0.030157046,0.1185692548751831,0.7743538618087769,0.5794476866722107
YIR034C,YDR541C,0,-0.030360857,0.11855120956897736,0.7743538618087769,0.5795477032661438
YML110C,YLR307W,0,-0.03037236,0.1185331717133522,0.7743538618087769,0.5796477794647217
YLR107W,YGL085W,1,-0.03037653,0.11866727471351624,0.775347888469696,0.5796477794647217
YDR210C-D,YCR035C,1,-0.0303856,0.11880134046077728,0.77634197473526,0.5796477794647217
YPL192C,YDL222C,0,-0.03040416,0.11878327280282974,0.77634197473526,0.5797478556632996
YDR016C,YPL265W,0,-0.030412452,0.1187652051448822,0.77634197473526,0.5798479318618774
YJR014W,YGL150C,0,-0.030452134,0.11874715238809586,0.77634197473526,0.5799479484558105
YNL300W,YAR071W,0,-0.030571269,0.11872909963130951,0.77634197473526,0.5800480246543884
YJL116C,YBR210W,0,-0.030581074,0.11871104687452316,0.77634197473526,0.5801481008529663
YJL116C,YKL101W,0,-0.03069106,0.11869300901889801,0.77634197473526,0.5802481770515442
YOR141C,YOR245C,0,-0.030715296,0.11867497116327286,0.77634197473526,0.5803481936454773
YGR161C-C,YPR201W,0,-0.030762944,0.1186569407582283,0.77634197473526,0.5804482698440552
YDL181W,YOR017W,0,-0.030811751,0.11863891780376434,0.77634197473526,0.5805483460426331
YIL063C,YBR127C,0,-0.030821921,0.11862090229988098,0.77634197473526,0.5806483626365662
YBR228W,YMR167W,0,-0.030833269,0.11860288679599762,0.77634197473526,0.580748438835144
YNL257C,YJL113W,0,-0.030834075,0.11858487874269485,0.77634197473526,0.5808485150337219
YIL085C,YOR064C,0,-0.030867608,0.11856687068939209,0.77634197473526,0.5809485912322998
YBL050W,YDR221W,0,-0.030877048,0.11854887753725052,0.77634197473526,0.5810486078262329
YGR240C,YKL211C,0,-0.031181084,0.11853088438510895,0.77634197473526,0.5811486840248108
YDL212W,YCR034W,0,-0.031189376,0.11851289868354797,0.77634197473526,0.5812487602233887
YCR071C,YLL036C,0,-0.031222465,0.1184949204325676,0.77634197473526,0.5813488364219666
YDR104C,YGL055W,0,-0.03130701,0.11847694218158722,0.77634197473526,0.5814488530158997
YKL114C,YLR143W,1,-0.031440154,0.11861065030097961,0.7773360013961792,0.5814488530158997
YOR083W,YCR043C,0,-0.03144096,0.11859265714883804,0.7773360013961792,0.5815489292144775
YPL211W,YJR088C,0,-0.031441763,0.11857467889785767,0.7773360013961792,0.5816490054130554
YMR113W,YGL181W,0,-0.031484425,0.11855670064687729,0.7773360013961792,0.5817490220069885
YDR113C,YIL168W,0,-0.031510472,0.11853872984647751,0.7773360013961792,0.5818490982055664
YPL128C,YCR043C,0,-0.03151633,0.11852076649665833,0.7773360013961792,0.5819491744041443
YLR320W,YFL016C,0,-0.031549834,0.11850280314683914,0.7773360013961792,0.5820492506027222
YLR132C,YHL033C,0,-0.031573355,0.11848484724760056,0.7773360013961792,0.5821492671966553
YBR253W,YKL120W,0,-0.031600922,0.11846689879894257,0.7773360013961792,0.5822493433952332
YMR135C,YDR432W,0,-0.031785473,0.11844895780086517,0.7773360013961792,0.582349419593811
YJL076W,YMR154C,0,-0.03181916,0.11843101680278778,0.7773360013961792,0.5824494957923889
YDL102W,YJR027W,1,-0.03184364,0.11856450885534286,0.7783300280570984,0.5824494957923889
YGL208W,YMR047C,0,-0.031900913,0.11854655295610428,0.7783300280570984,0.582549512386322
YNL169C,YNL329C,0,-0.031999305,0.11852861195802689,0.7783300280570984,0.5826495885848999
YCR079W,YGL133W,0,-0.032015316,0.1185106709599495,0.7783300280570984,0.5827496647834778
YKL120W,YLL054C,0,-0.032053046,0.1184927374124527,0.7783300280570984,0.5828496813774109
YBR203W,YCL026C-A,0,-0.032117084,0.1184748038649559,0.7783300280570984,0.5829497575759888
YPL236C,YBR106W,0,-0.0322174,0.1184568852186203,0.7783300280570984,0.5830498337745667
YJR099W,YDL010W,0,-0.0322204,0.1184389665722847,0.7783300280570984,0.5831499099731445
YDR365W-B,YOL142W,1,-0.032280438,0.11857229471206665,0.7793240547180176,0.5831499099731445
YGR033C,YDL058W,0,-0.032301977,0.11855436116456985,0.7793240547180176,0.5832499265670776
YFL016C,YDR266C,0,-0.03231871,0.11853643506765366,0.7793240547180176,0.5833500027656555
YOL080C,YNL284C-B,1,-0.03232909,0.11866968870162964,0.7803180813789368,0.5833500027656555
YML022W,YMR291W,0,-0.0323911,0.11865175515413284,0.7803180813789368,0.5834500789642334
YDR446W,YHR203C,0,-0.032480307,0.11863382160663605,0.7803180813789368,0.5835501551628113
YOL080C,YMR137C,1,-0.032505244,0.11876700073480606,0.781312108039856,0.5835501551628113
YMR052W,YBR293W,0,-0.03258299,0.11874905228614807,0.781312108039856,0.5836501717567444
YDR006C,YHR072W-A,0,-0.03259062,0.11873111873865128,0.781312108039856,0.5837502479553223
YGL255W,YGR140W,0,-0.03259418,0.11871318519115448,0.781312108039856,0.5838503241539001
YDR314C,YMR029C,0,-0.03278166,0.11869525909423828,0.781312108039856,0.5839503407478333
YKR013W,YLR449W,0,-0.03285177,0.11867733299732208,0.781312108039856,0.5840504169464111
YLR057W,YMR244C-A,0,-0.03287776,0.11865942180156708,0.781312108039856,0.584150493144989
YGL048C,YGR038C-B,0,-0.03288775,0.11864151060581207,0.781312108039856,0.5842505693435669
YHR200W,YML010W,0,-0.033112474,0.11862360686063766,0.781312108039856,0.5843505859375
YOR362C,YOR035C,0,-0.033125058,0.11860570311546326,0.781312108039856,0.5844506621360779
YJL063C,YIL040W,0,-0.033250533,0.11858780682086945,0.781312108039856,0.5845507383346558
YGR277C,YER122C,0,-0.033260047,0.11856991797685623,0.781312108039856,0.5846508145332336
YNL300W,YDR506C,0,-0.033274338,0.11855203658342361,0.781312108039856,0.5847508311271667
YAL005C,YGL055W,0,-0.033300318,0.118534155189991,0.781312108039856,0.5848509073257446
YNL035C,YFL008W,0,-0.033334903,0.11851628124713898,0.781312108039856,0.5849509835243225
YOL146W,YDR020C,0,-0.033340767,0.11849841475486755,0.781312108039856,0.5850510597229004
YPR183W,YNL257C,0,-0.033361986,0.11848055571317673,0.781312108039856,0.5851510763168335
YPR158W-A,YBR104W,0,-0.0333703,0.1184626966714859,0.781312108039856,0.5852511525154114
YDR182W,YPL228W,0,-0.033446632,0.11844484508037567,0.781312108039856,0.5853512287139893
YNL232W,YGL085W,1,-0.033469483,0.11857767403125763,0.7823061347007751,0.5853512287139893
YBL084C,YDL213C,0,-0.033598192,0.1185598075389862,0.7823061347007751,0.5854512453079224
YDL207W,YEL055C,0,-0.033620365,0.11854194849729538,0.7823061347007751,0.5855513215065002
YGR195W,YOR142W-B,1,-0.03365829,0.11867469549179077,0.7833002209663391,0.5855513215065002
YHR216W,YLR070C,0,-0.033836782,0.11865682899951935,0.7833002209663391,0.5856513977050781
YHR034C,YOR298C-A,0,-0.033838876,0.11863896250724792,0.7833002209663391,0.585751473903656
YLR002C,YOR214C,0,-0.033930995,0.1186211034655571,0.7833002209663391,0.5858514904975891
YGL013C,YML025C,0,-0.033931658,0.11860325187444687,0.7833002209663391,0.585951566696167
YJL151C,YJR105W,0,-0.033980593,0.11858540028333664,0.7833002209663391,0.5860516428947449
YPR082C,YNL082W,0,-0.03407359,0.118567556142807,0.7833002209663391,0.5861517190933228
YOL088C,YGR033C,0,-0.03410156,0.11854971945285797,0.7833002209663391,0.5862517356872559
YER142C,YCL074W,1,-0.03418316,0.11868230998516083,0.7842942476272583,0.5862517356872559
YGR249W,YLR136C,0,-0.034186803,0.1186644583940506,0.7842942476272583,0.5863518118858337
YKL025C,YDL066W,0,-0.034331337,0.11864661425352097,0.7842942476272583,0.5864518880844116
YMR116C,YOR197W,0,-0.034360304,0.11862877756357193,0.7842942476272583,0.5865519046783447
YKR003W,YPL128C,0,-0.03445053,0.1186109408736229,0.7842942476272583,0.5866519808769226
YKL086W,YGR203W,0,-0.034487806,0.11859311908483505,0.7842942476272583,0.5867520570755005
YBR302C,YML007W,0,-0.034502342,0.11857528984546661,0.7842942476272583,0.5868521332740784
YBL042C,YDL064W,0,-0.034517244,0.11855747550725937,0.7842942476272583,0.5869521498680115
YOL013C,YMR116C,0,-0.034519568,0.11853966116905212,0.7842942476272583,0.5870522260665894
YLR262C,YBR186W,0,-0.03461968,0.11852185428142548,0.7842942476272583,0.5871523022651672
YNL102W,YBR098W,1,-0.03464599,0.11865425109863281,0.7852882742881775,0.5871523022651672
YDL168W,YKR081C,0,-0.034714594,0.11863642930984497,0.7852882742881775,0.5872523784637451
YML095C,YJL208C,1,-0.034789205,0.11876876652240753,0.7862823009490967,0.5872523784637451
YER144C,YNL254C,0,-0.034799688,0.11875093728303909,0.7862823009490967,0.5873523950576782
YOL075C,YLR449W,0,-0.034906022,0.11873311549425125,0.7862823009490967,0.5874524712562561
YGR108W,YKR039W,0,-0.034913972,0.11871529370546341,0.7862823009490967,0.587552547454834
YML025C,YOR010C,0,-0.03492505,0.11869747936725616,0.7862823009490967,0.5876525640487671
YDR143C,YDR267C,0,-0.034968913,0.11867967247962952,0.7862823009490967,0.587752640247345
YJL063C,YGL153W,0,-0.03510046,0.11866186559200287,0.7862823009490967,0.5878527164459229
YNL282W,YLR157C-B,1,-0.03510387,0.11879406124353409,0.7872763276100159,0.5878527164459229
YDR006C,YBR098W,0,-0.035112336,0.11877624690532684,0.7872763276100159,0.5879527926445007
YNL229C,YHR128W,0,-0.0351225,0.1187584325671196,0.7872763276100159,0.5880528092384338
YJR047C,YOR094W,0,-0.035127476,0.11874063313007355,0.7872763276100159,0.5881528854370117
YER054C,YOR130C,0,-0.035233,0.1187228336930275,0.7872763276100159,0.5882529616355896
YLR081W,YPL124W,0,-0.035380706,0.11870503425598145,0.7872763276100159,0.5883530378341675
YFR046C,YJL036W,0,-0.035438173,0.11868724972009659,0.7872763276100159,0.5884530544281006
YJL074C,YMR044W,0,-0.035487905,0.11866946518421173,0.7872763276100159,0.5885531306266785
YDL111C,YOL043C,1,-0.035490453,0.11880149692296982,0.7882703542709351,0.5885531306266785
YDR485C,YNL030W,0,-0.035581864,0.11878370493650436,0.7882703542709351,0.5886532068252563
YCR042C,YDL020C,0,-0.03563319,0.11876591295003891,0.7882703542709351,0.5887532234191895
YER018C,YBR204C,0,-0.035704978,0.11874812841415405,0.7882703542709351,0.5888532996177673
YOR214C,YEL042W,0,-0.035742745,0.11873035132884979,0.7882703542709351,0.5889533758163452
YDL002C,YPR061C,0,-0.03574673,0.11871257424354553,0.7882703542709351,0.5890534520149231
YLR410W,YDL066W,0,-0.035917327,0.11869480460882187,0.7882703542709351,0.5891534686088562
YDL103C,YOL148C,0,-0.03597845,0.1186770424246788,0.7882703542709351,0.5892535448074341
YPR061C,YNR075W,0,-0.036020763,0.11865928769111633,0.7882703542709351,0.589353621006012
YHR034C,YML072C,0,-0.03608702,0.11864153295755386,0.7882703542709351,0.5894536972045898
YER160C,YOR048C,1,-0.03612618,0.11877337098121643,0.789264440536499,0.5894536972045898
YCR067C,YMR164C,0,-0.036454946,0.11875560879707336,0.789264440536499,0.589553713798523
YOL008W,YDR452W,0,-0.036486447,0.1187378466129303,0.789264440536499,0.5896537899971008
YER054C,YGL022W,0,-0.036602065,0.11872009932994843,0.789264440536499,0.5897538661956787
YKR098C,YKR029C,0,-0.036608472,0.11870234459638596,0.789264440536499,0.5898538827896118
YCL019W,YFR055W,0,-0.036619112,0.11868460476398468,0.789264440536499,0.5899539589881897
YER094C,YJR077C,0,-0.036709704,0.1186668649315834,0.789264440536499,0.5900540351867676
YNL221C,YNL250W,1,-0.03676629,0.11879856884479523,0.7902584671974182,0.5900540351867676
YLR116W,YGL097W,0,-0.036814764,0.11878081411123276,0.7902584671974182,0.5901541113853455
YDR365W-B,YHR072W-A,0,-0.036879823,0.11876307427883148,0.7902584671974182,0.5902541279792786
YDR163W,YKL220C,0,-0.036933064,0.1187453344464302,0.7902584671974182,0.5903542041778564
YHR216W,YNL300W,0,-0.03694229,0.11872760206460953,0.7902584671974182,0.5904542803764343
YPL190C,YML026C,0,-0.03694871,0.11870986968278885,0.7902584671974182,0.5905543565750122
YPL268W,YIL157C,0,-0.03697364,0.11869214475154877,0.7902584671974182,0.5906543731689453
YML095C,YBR167C,1,-0.03715945,0.11882370710372925,0.7912524938583374,0.5906543731689453
YFL052W,YHR152W,0,-0.037197173,0.11880596727132797,0.7912524938583374,0.5907544493675232
YGR059W,YMR134W,0,-0.037285537,0.11878824234008789,0.7912524938583374,0.5908545255661011
YGL020C,YDL174C,0,-0.037291244,0.11877051740884781,0.7912524938583374,0.590954601764679
YHR104W,YBL100W-A,0,-0.037299603,0.11875279992818832,0.7912524938583374,0.5910546183586121
YKR098C,YPL072W,0,-0.03730552,0.11873508244752884,0.7912524938583374,0.5911546945571899
YGL224C,YKL167C,0,-0.037331067,0.11871737241744995,0.7912524938583374,0.5912547707557678
YOR208W,YGR277C,0,-0.037343472,0.11869966983795166,0.7912524938583374,0.5913547873497009
YNR023W,YKL146W,0,-0.03735269,0.11868197470903397,0.7912524938583374,0.5914548635482788
YER183C,YGR207C,0,-0.03736911,0.11866427958011627,0.7912524938583374,0.5915549397468567
YGL255W,YKL209C,0,-0.037392557,0.11864659190177917,0.7912524938583374,0.5916550159454346
YGR023W,YOL113W,0,-0.037476927,0.11862891167402267,0.7912524938583374,0.5917550325393677
YDL207W,YJR044C,0,-0.037502155,0.11861123889684677,0.7912524938583374,0.5918551087379456
YGR109C,YPR185W,0,-0.03750992,0.11859356611967087,0.7912524938583374,0.5919551849365234
YDR302W,YPL192C,0,-0.03751442,0.11857590079307556,0.7912524938583374,0.5920552611351013
YJL113W,YNL221C,1,-0.03770583,0.11870718002319336,0.7922465205192566,0.5920552611351013
YGR059W,YKL035W,0,-0.03773977,0.11868949979543686,0.7922465205192566,0.5921552777290344
YDR221W,YPR121W,0,-0.03774678,0.11867182701826096,0.7922465205192566,0.5922553539276123
YHR187W,YCR003W,0,-0.038123645,0.11865416169166565,0.7922465205192566,0.5923554301261902
YKR003W,YOR022C,0,-0.038169697,0.11863649636507034,0.7922465205192566,0.5924554467201233
YGR133W,YLL054C,0,-0.03841845,0.11861883848905563,0.7922465205192566,0.5925555229187012
YDR016C,YOL033W,0,-0.03843955,0.11860118806362152,0.7922465205192566,0.592655599117279
YER026C,YJR125C,0,-0.038442202,0.118583545088768,0.7922465205192566,0.5927556753158569
YOR144C,YHR032W,0,-0.03855987,0.11856590211391449,0.7922465205192566,0.59285569190979
YHR032W,YDR450W,0,-0.038572587,0.11854826658964157,0.7922465205192566,0.5929557681083679
YBL005W-B,YLR143W,1,-0.03862091,0.11867935955524445,0.7932405471801758,0.5929557681083679
YLR174W,YER006W,0,-0.03865409,0.11866170912981033,0.7932405471801758,0.5930558443069458
YCR069W,YHR091C,0,-0.038663425,0.11864406615495682,0.7932405471801758,0.5931559205055237
YJR099W,YKL167C,0,-0.038700625,0.1186264306306839,0.7932405471801758,0.5932559370994568
YGR140W,YGL029W,0,-0.038745284,0.11860880255699158,0.7932405471801758,0.5933560132980347
YIL162W,YAR008W,0,-0.03875511,0.11859117448329926,0.7932405471801758,0.5934560894966125
YDL214C,YKL148C,0,-0.038756028,0.11857355386018753,0.7932405471801758,0.5935561060905457
YJR090C,YJL002C,0,-0.038762704,0.1185559332370758,0.7932405471801758,0.5936561822891235
YLR022C,YMR083W,0,-0.038901567,0.11853832751512527,0.7932405471801758,0.5937562584877014
YGL023C,YGL187C,0,-0.038967997,0.11852072179317474,0.7932405471801758,0.5938563346862793
YIL016W,YOR010C,0,-0.03899941,0.11850311607122421,0.7932405471801758,0.5939563512802124
YDL207W,YGL150C,0,-0.039113775,0.11848552525043488,0.7932405471801758,0.5940564274787903
YGL001C,YGR249W,0,-0.039149337,0.11846793442964554,0.7932405471801758,0.5941565036773682
YBR302C,YBR019C,0,-0.039157957,0.1184503510594368,0.7932405471801758,0.594256579875946
YBR200W,YPR112C,0,-0.03929969,0.11843276768922806,0.7932405471801758,0.5943565964698792
YOR371C,YLR378C,0,-0.039316043,0.11841519176959991,0.7932405471801758,0.594456672668457
YDR027C,YCL020W,0,-0.039404802,0.11839762330055237,0.7932405471801758,0.5945567488670349
YLR013W,YGL254W,0,-0.039463364,0.11838006228208542,0.7932405471801758,0.594656765460968
YMR263W,YHR001W,0,-0.039482623,0.11836250126361847,0.7932405471801758,0.5947568416595459
YNL083W,YKR086W,0,-0.039496213,0.11834494769573212,0.7932405471801758,0.5948569178581238
YOL146W,YNL264C,0,-0.039534166,0.11832740157842636,0.7932405471801758,0.5949569940567017
YPL181W,YLR117C,0,-0.03954193,0.1183098554611206,0.7932405471801758,0.5950570106506348
YBR239C,YBR221C,0,-0.039565004,0.11829232424497604,0.7932405471801758,0.5951570868492126
YPL072W,YDL239C,0,-0.039584532,0.11827478557825089,0.7932405471801758,0.5952571630477905
YMR287C,YNR052C,1,-0.03965079,0.11840545386075974,0.794234573841095,0.5952571630477905
YDR006C,YER094C,0,-0.0396626,0.11838790774345398,0.794234573841095,0.5953572392463684
YNL323W,YLR057W,0,-0.03970109,0.11837036907672882,0.794234573841095,0.5954572558403015
YMR068W,YPL124W,0,-0.039722614,0.11835283786058426,0.794234573841095,0.5955573320388794
YLR332W,YER042W,0,-0.039742514,0.1183353066444397,0.794234573841095,0.5956574082374573
YAL021C,YBR228W,1,-0.039747722,0.11846587061882019,0.7952286005020142,0.5956574082374573
YHR063C,YJL010C,0,-0.039844275,0.11844832450151443,0.7952286005020142,0.5957574248313904
YGR108W,YCL040W,0,-0.039878204,0.11843079328536987,0.7952286005020142,0.5958575010299683
YGL125W,YIL044C,0,-0.04004392,0.11841326206922531,0.7952286005020142,0.5959575772285461
YJL042W,YCR048W,0,-0.040090762,0.11839573830366135,0.7952286005020142,0.596057653427124
YJL092W,YPL270W,0,-0.040220246,0.11837822198867798,0.7952286005020142,0.5961576700210571
YDL004W,YIL017C,0,-0.040242963,0.11836070567369461,0.7952286005020142,0.596257746219635
YGL124C,YGL166W,0,-0.040276065,0.11834319680929184,0.7952286005020142,0.5963578224182129
YOR196C,YAR003W,0,-0.040297702,0.11832568794488907,0.7952286005020142,0.5964578986167908
YDR480W,YLL010C,0,-0.04041721,0.11830819398164749,0.7952286005020142,0.5965579152107239
YLR336C,YML007W,0,-0.040429085,0.11829070001840591,0.7952286005020142,0.5966579914093018
YDR349C,YPR165W,0,-0.040435433,0.11827321350574493,0.7952286005020142,0.5967580676078796
YMR092C,YAR014C,0,-0.040448636,0.11825572699308395,0.7952286005020142,0.5968581438064575
YDR210W,YCR024C-A,0,-0.040452868,0.11823824793100357,0.7952286005020142,0.5969581604003906
YBL019W,YHR079C,1,-0.040484615,0.11836855113506317,0.7962226867675781,0.5969581604003906
YOR336W,YLL028W,0,-0.040502936,0.11835106462240219,0.7962226867675781,0.5970582365989685
YDR182W,YML126C,0,-0.040519863,0.11833357810974121,0.7962226867675781,0.5971583127975464
YGR140W,YDR477W,0,-0.040706232,0.11831609904766083,0.7962226867675781,0.5972583293914795
YCR079W,YCR097W,0,-0.040724307,0.11829862743616104,0.7962226867675781,0.5973584055900574
YDR365W-B,YMR239C,1,-0.040756248,0.11842882633209229,0.7972167134284973,0.5973584055900574
YBL100W-B,YBR257W,1,-0.040781185,0.11855898052453995,0.7982107400894165,0.5973584055900574
YLR128W,YPL072W,0,-0.040793195,0.11854147911071777,0.7982107400894165,0.5974584817886353
YHR072W,YPR056W,0,-0.040794447,0.1185239851474762,0.7982107400894165,0.5975585579872131
YCL075W,YIL080W,1,-0.040796794,0.11865407228469849,0.7992047667503357,0.5975585579872131
YDR216W,YOL058W,0,-0.04081221,0.11863656342029572,0.7992047667503357,0.5976585745811462
YCR069W,YLR421C,0,-0.040825486,0.11861906200647354,0.7992047667503357,0.5977586507797241
YDR349C,YBR008C,0,-0.040849283,0.11860156059265137,0.7992047667503357,0.597858726978302
YGR087C,YCR088W,0,-0.040871695,0.11858407407999039,0.7992047667503357,0.5979588031768799
YER018C,YBR106W,0,-0.040958434,0.11856658011674881,0.7992047667503357,0.598058819770813
YPL055C,YER160C,0,-0.04103931,0.11854910105466843,0.7992047667503357,0.5981588959693909
YJL104W,YPR140W,0,-0.041135818,0.11853162199258804,0.7992047667503357,0.5982589721679688
YLR077W,YIL082W-A,0,-0.041179016,0.11851415038108826,0.7992047667503357,0.5983589887619019
YFL002W-A,YDR478W,1,-0.04123514,0.11864406615495682,0.8001987934112549,0.5983589887619019
YLR274W,YLR178C,0,-0.041236266,0.11862658709287643,0.8001987934112549,0.5984590649604797
YDR432W,YNL220W,0,-0.041249976,0.11860910803079605,0.8001987934112549,0.5985591411590576
YDR365W-B,YDL092W,0,-0.041304298,0.11859162896871567,0.8001987934112549,0.5986592173576355
YLR166C,YLR362W,0,-0.04133047,0.11857416480779648,0.8001987934112549,0.5987592339515686
YJR043C,YIL015W,0,-0.041356422,0.11855670064687729,0.8001987934112549,0.5988593101501465
YBL084C,YML093W,0,-0.04145065,0.1185392439365387,0.8001987934112549,0.5989593863487244
YGR091W,YER074W-A,0,-0.04155097,0.1185217872262001,0.8001987934112549,0.5990594625473022
YBL018C,YOR073W,0,-0.04159163,0.1185043454170227,0.8001987934112549,0.5991594791412354
YOL013C,YBR139W,0,-0.041630194,0.1184869036078453,0.8001987934112549,0.5992595553398132
YGR059W,YNL299W,0,-0.04163915,0.11846946179866791,0.8001987934112549,0.5993596315383911
YDR016C,YJL159W,0,-0.04170049,0.1184520274400711,0.8001987934112549,0.5994596481323242
YFL024C,YMR323W,0,-0.041712612,0.1184346005320549,0.8001987934112549,0.5995597243309021
YDR394W,YBR199W,0,-0.041730776,0.1184171810746193,0.8001987934112549,0.59965980052948
YGL044C,YKR024C,0,-0.041835025,0.11839976161718369,0.8001987934112549,0.5997598767280579
YGL099W,YLR035C,0,-0.041841656,0.11838234961032867,0.8001987934112549,0.599859893321991
YMR287C,YLR277C,1,-0.04193531,0.11851198226213455,0.8011928200721741,0.599859893321991
YNL064C,YHR042W,0,-0.04196015,0.11849456280469894,0.8011928200721741,0.5999599695205688
YCR008W,YML058W,0,-0.04196818,0.11847714334726334,0.8011928200721741,0.6000600457191467
YPL037C,YOR064C,0,-0.04201965,0.11845973134040833,0.8011928200721741,0.6001601219177246
YBR253W,YPR104C,0,-0.042091914,0.11844231933355331,0.8011928200721741,0.6002601385116577
YLR071C,YHR188C,0,-0.042144842,0.1184249222278595,0.8011928200721741,0.6003602147102356
YKL152C,YDR489W,0,-0.04220362,0.11840752512216568,0.8011928200721741,0.6004602909088135
YPL170W,YIL073C,0,-0.042246416,0.11839012801647186,0.8011928200721741,0.6005603075027466
YDR541C,YGL011C,0,-0.042260304,0.11837273836135864,0.8011928200721741,0.6006603837013245
YDR214W,YER160C,0,-0.042295873,0.11835535615682602,0.8011928200721741,0.6007604598999023
YDR338C,YCR043C,0,-0.04237347,0.11833798140287399,0.8011928200721741,0.6008605360984802
YCL038C,YDL191W,0,-0.042397052,0.11832061409950256,0.8011928200721741,0.6009605526924133
YNR054C,YER124C,0,-0.042444676,0.11830324679613113,0.8011928200721741,0.6010606288909912
YJL116C,YNR069C,0,-0.042565063,0.1182858794927597,0.8011928200721741,0.6011607050895691
YGL100W,YHL013C,0,-0.042593732,0.11826852709054947,0.8011928200721741,0.601260781288147
YGL079W,YNL241C,0,-0.042677574,0.11825117468833923,0.8011928200721741,0.6013607978820801
YGR275W,YGR068C,0,-0.04270879,0.1182338297367096,0.8011928200721741,0.601460874080658
YBL005W-A,YPL249C,0,-0.042766638,0.11821648478507996,0.8011928200721741,0.6015609502792358
YPL029W,YNL009W,0,-0.04290521,0.11819914728403091,0.8011928200721741,0.601660966873169
YBL036C,YBL018C,0,-0.042947873,0.11818181723356247,0.8011928200721741,0.6017610430717468
YER011W,YDR084C,0,-0.042958893,0.11816449463367462,0.8011928200721741,0.6018611192703247
YGR195W,YBL005W-B,1,-0.042962164,0.11829375475645065,0.802186906337738,0.6018611192703247
YLR408C,YMR278W,0,-0.04297173,0.11827641725540161,0.802186906337738,0.6019611954689026
YDR182W,YOR188W,0,-0.04301709,0.11825908720493317,0.802186906337738,0.6020612120628357
YGR133W,YEL042W,0,-0.04305543,0.11824175715446472,0.802186906337738,0.6021612882614136
YHR043C,YKL139W,0,-0.043076955,0.11822443455457687,0.802186906337738,0.6022613644599915
YDR462W,YMR021C,0,-0.043085277,0.11820711940526962,0.802186906337738,0.6023614406585693
YJL116C,YDR104C,0,-0.043127783,0.11818980425596237,0.802186906337738,0.6024614572525024
YPL132W,YPL230W,0,-0.043150052,0.11817249655723572,0.802186906337738,0.6025615334510803
YKL035W,YBR044C,0,-0.043155275,0.11815519630908966,0.802186906337738,0.6026616096496582
YPR079W,YGR261C,0,-0.043186456,0.1181379035115242,0.802186906337738,0.6027616858482361
YFR009W,YPR121W,0,-0.043226637,0.11812061071395874,0.802186906337738,0.6028617024421692
YOR336W,YGR207C,0,-0.043255836,0.11810332536697388,0.802186906337738,0.6029617786407471
YDL025C,YOR005C,0,-0.04331413,0.11808604001998901,0.802186906337738,0.603061854839325
YIL049W,YDR001C,0,-0.04334408,0.11806876212358475,0.802186906337738,0.6031618714332581
YGR278W,YOL137W,0,-0.043391995,0.11805149167776108,0.802186906337738,0.6032619476318359
YOR362C,YCR020W-B,0,-0.04339979,0.118034228682518,0.802186906337738,0.6033620238304138
YLR423C,YGR215W,0,-0.043452606,0.11801696568727493,0.802186906337738,0.6034621000289917
YBR235W,YJL118W,0,-0.043476254,0.11799971014261246,0.802186906337738,0.6035621166229248
YNL090W,YOR339C,0,-0.043559574,0.11798245459794998,0.802186906337738,0.6036621928215027
YBR228W,YFR009W,0,-0.04357803,0.1179652065038681,0.802186906337738,0.6037622690200806
YKR045C,YPL230W,0,-0.043587208,0.11794796586036682,0.802186906337738,0.6038623452186584
YOL097C,YLR064W,0,-0.043729477,0.11793073266744614,0.802186906337738,0.6039623618125916
YJR086W,YJR144W,0,-0.043754466,0.11791349947452545,0.802186906337738,0.6040624380111694
YHL022C,YNL282W,1,-0.04376068,0.11804236471652985,0.8031809329986572,0.6040624380111694
YFL002W-A,YER160C,1,-0.04377079,0.11817119270563126,0.8041749596595764,0.6040624380111694
YHR062C,YNL254C,0,-0.04385615,0.11815393716096878,0.8041749596595764,0.6041625142097473
YKR081C,YLR119W,0,-0.043930106,0.1181366816163063,0.8041749596595764,0.6042625308036804
YML058W,YMR305C,0,-0.044043377,0.11811943352222443,0.8041749596595764,0.6043626070022583
YPR058W,YKL055C,0,-0.044101723,0.11810219287872314,0.8041749596595764,0.6044626832008362
YPL268W,YLR275W,0,-0.044111237,0.11808495223522186,0.8041749596595764,0.6045627593994141
YJL151C,YMR202W,0,-0.0441558,0.11806771904230118,0.8041749596595764,0.6046627759933472
YDL052C,YHR016C,0,-0.04417956,0.1180504858493805,0.8041749596595764,0.604762852191925
YMR293C,YMR244C-A,0,-0.044186726,0.118033267557621,0.8041749596595764,0.6048629283905029
YMR263W,YGL153W,0,-0.04423619,0.11801604926586151,0.8041749596595764,0.6049630045890808
YPL164C,YOR171C,0,-0.044250473,0.11799883097410202,0.8041749596595764,0.6050630211830139
YKR060W,YGR198W,0,-0.04425686,0.11798162758350372,0.8041749596595764,0.6051630973815918
YER058W,YLR421C,0,-0.044300817,0.11796442419290543,0.8041749596595764,0.6052631735801697
YCR066W,YDL066W,0,-0.044301808,0.11794722080230713,0.8041749596595764,0.6053631901741028
YPL029W,YLR449W,0,-0.044383988,0.11793003231287003,0.8041749596595764,0.6054632663726807
YEL063C,YDR506C,0,-0.044485293,0.11791284382343292,0.8041749596595764,0.6055633425712585
YML024W,YGL012W,0,-0.044544965,0.11789565533399582,0.8041749596595764,0.6056634187698364
YBR098W,YDR538W,0,-0.044557393,0.11787848174571991,0.8041749596595764,0.6057634353637695
YHL002W,YMR263W,0,-0.0446548,0.117861308157444,0.8041749596595764,0.6058635115623474
YJL104W,YML111W,0,-0.04465708,0.11784413456916809,0.8041749596595764,0.6059635877609253
YDL042C,YGL079W,0,-0.044708148,0.11782697588205338,0.8041749596595764,0.6060636639595032
YOL091W,YHR203C,0,-0.044719733,0.11780981719493866,0.8041749596595764,0.6061636805534363
YGR132C,YEL047C,0,-0.04472778,0.11779265850782394,0.8041749596595764,0.6062637567520142
YDR194C,YBR152W,0,-0.044789568,0.11777551472187042,0.8041749596595764,0.606363832950592
YKL092C,YNL229C,0,-0.044841,0.1177583709359169,0.8041749596595764,0.6064638495445251
YML039W,YOL042W,1,-0.04490628,0.11788676679134369,0.8051689863204956,0.6064638495445251
YBL102W,YMR167W,0,-0.044956192,0.11786961555480957,0.8051689863204956,0.606563925743103
YNL072W,YDL168W,0,-0.044978708,0.11785246431827545,0.8051689863204956,0.6066640019416809
YDR214W,YMR134W,0,-0.044988528,0.11783532053232193,0.8051689863204956,0.6067640781402588
YBR004C,YLR319C,0,-0.045036063,0.117818184196949,0.8051689863204956,0.6068640947341919
YDR180W,YOL044W,0,-0.045070484,0.11780104786157608,0.8051689863204956,0.6069641709327698
YKL176C,YGL086W,0,-0.045070797,0.11778391897678375,0.8051689863204956,0.6070642471313477
YML118W,YIL080W,1,-0.045108974,0.1179121807217598,0.8061630129814148,0.6070642471313477
YDR043C,YEL003W,0,-0.0452734,0.11789504438638687,0.8061630129814148,0.6071643233299255
YPL227C,YLL023C,0,-0.045311965,0.11787790805101395,0.8061630129814148,0.6072643399238586
YER183C,YGL044C,0,-0.045313463,0.11786077916622162,0.8061630129814148,0.6073644161224365
YLR297W,YDR267C,0,-0.045333833,0.11784365028142929,0.8061630129814148,0.6074644923210144
YER144C,YER048C,0,-0.045336008,0.11782652884721756,0.8061630129814148,0.6075645685195923
YMR092C,YPL012W,0,-0.045394026,0.11780941486358643,0.8061630129814148,0.6076645851135254
YLR144C,YJR086W,0,-0.045400806,0.11779230087995529,0.8061630129814148,0.6077646613121033
YIL063C,YKR003W,0,-0.04555189,0.11777519434690475,0.8061630129814148,0.6078647375106812
YFL053W,YNR039C,0,-0.045677215,0.11775809526443481,0.8061630129814148,0.6079647541046143
YER035W,YNR039C,0,-0.045706414,0.11774099618196487,0.8061630129814148,0.6080648303031921
YJR113C,YPL212C,0,-0.04574375,0.11772390455007553,0.8061630129814148,0.60816490650177
YNL088W,YLL042C,0,-0.04574488,0.11770682036876678,0.8061630129814148,0.6082649827003479
YML062C,YIL097W,0,-0.045845434,0.11768974363803864,0.8061630129814148,0.608364999294281
YMR161W,YPL249C,0,-0.04586441,0.11767266690731049,0.8061630129814148,0.6084650754928589
YCR073C,YOR178C,0,-0.046106935,0.11765559017658234,0.8061630129814148,0.6085651516914368
YBL018C,YPL022W,1,-0.046174124,0.1177835762500763,0.807157039642334,0.6085651516914368
YLR310C,YLR117C,0,-0.046182014,0.11776649951934814,0.807157039642334,0.6086652278900146
YOR125C,YDL214C,0,-0.046190195,0.11774942278862,0.807157039642334,0.6087652444839478
YHR072W-A,YPL057C,0,-0.04625258,0.11773234605789185,0.807157039642334,0.6088653206825256
YLR240W,YNL035C,0,-0.04626336,0.1177152767777443,0.807157039642334,0.6089653968811035
YGR030C,YML045W,1,-0.046285056,0.11784316599369049,0.8081510663032532,0.6089653968811035
YDL214C,YNL326C,0,-0.046393372,0.11782608926296234,0.8081510663032532,0.6090654134750366
YGR249W,YGL153W,0,-0.0464117,0.11780901253223419,0.8081510663032532,0.6091654896736145
YGL153W,YEL047C,0,-0.046484336,0.11779194325208664,0.8081510663032532,0.6092655658721924
YNL134C,YDL236W,0,-0.04659386,0.11777488142251968,0.8081510663032532,0.6093656420707703
YGR087C,YPL015C,0,-0.04665035,0.11775781959295273,0.8081510663032532,0.6094656586647034
YJL209W,YLR233C,0,-0.046734303,0.11774076521396637,0.8081510663032532,0.6095657348632812
YPR101W,YKL107W,0,-0.04690989,0.11772371828556061,0.8081510663032532,0.6096658110618591
YPL072W,YPL069C,0,-0.0469729,0.11770667135715485,0.8081510663032532,0.609765887260437
YBR018C,YOR007C,0,-0.04712688,0.11768963187932968,0.8081510663032532,0.6098659038543701
YCR079W,YML029W,0,-0.047205016,0.11767259985208511,0.8081510663032532,0.609965980052948
YPL246C,YKR045C,0,-0.047245055,0.11765557527542114,0.8081510663032532,0.6100660562515259
YPR151C,YDL092W,0,-0.047323935,0.11763855069875717,0.8081510663032532,0.610166072845459
YBR239C,YMR216C,0,-0.047335275,0.1176215261220932,0.8081510663032532,0.6102661490440369
YDL103C,YER073W,0,-0.047393613,0.11760451644659042,0.8081510663032532,0.6103662252426147
YBR186W,YDR237W,0,-0.047440313,0.11758750677108765,0.8081510663032532,0.6104663014411926
YPL053C,YIL168W,0,-0.0474924,0.11757049709558487,0.8081510663032532,0.6105663180351257
YDL025C,YNL256W,0,-0.047511034,0.11755350232124329,0.8081510663032532,0.6106663942337036
YER019W,YDR488C,0,-0.047522493,0.1175365075469017,0.8081510663032532,0.6107664704322815
YER021W,YJR093C,0,-0.047553703,0.11751951277256012,0.8081510663032532,0.6108665466308594
YAR066W,YKR039W,0,-0.0475742,0.11750253289937973,0.8081510663032532,0.6109665632247925
YML038C,YOL021C,0,-0.04757505,0.11748554557561874,0.8081510663032532,0.6110666394233704
YHR094C,YMR268C,0,-0.047670715,0.11746857315301895,0.8081510663032532,0.6111667156219482
YKL137W,YKL184W,0,-0.047778577,0.11745160073041916,0.8081510663032532,0.6112667322158813
YLR135W,YMR239C,1,-0.047910936,0.11757908761501312,0.8091451525688171,0.6112667322158813
YJR113C,YOR171C,0,-0.047921784,0.11756210029125214,0.8091451525688171,0.6113668084144592
YDR027C,YOL013C,0,-0.04793813,0.11754512786865234,0.8091451525688171,0.6114668846130371
YFL016C,YKR080W,0,-0.048123494,0.11752815544605255,0.8091451525688171,0.611566960811615
YCR079W,YAL009W,0,-0.04813741,0.11751119047403336,0.8091451525688171,0.6116669774055481
YML118W,YOL113W,0,-0.04821329,0.11749422550201416,0.8091451525688171,0.611767053604126
YMR029C,YPL249C,0,-0.0482274,0.11747726798057556,0.8091451525688171,0.6118671298027039
YBL042C,YDL159W,0,-0.04824406,0.11746031790971756,0.8091451525688171,0.6119672060012817
YOR095C,YMR323W,0,-0.04824447,0.11744336783885956,0.8091451525688171,0.6120672225952148
YPL045W,YBL045C,0,-0.048327953,0.11742642521858215,0.8091451525688171,0.6121672987937927
YBL084C,YFR009W,0,-0.04834643,0.11740949004888535,0.8091451525688171,0.6122673749923706
YBL018C,YBR012W-B,1,-0.048354574,0.11753677576780319,0.8101391792297363,0.6122673749923706
YPL246C,YNL002C,0,-0.048405744,0.11751982569694519,0.8101391792297363,0.6123673915863037
YPR164W,YHR152W,0,-0.048443735,0.11750288307666779,0.8101391792297363,0.6124674677848816
YDR322C-A,YGR132C,0,-0.048444673,0.11748594790697098,0.8101391792297363,0.6125675439834595
YHR091C,YPR121W,0,-0.048524797,0.11746901273727417,0.8101391792297363,0.6126676201820374
YDR058C,YOR307C,0,-0.048627406,0.11745208501815796,0.8101391792297363,0.6127676367759705
YPL164C,YDR225W,0,-0.04865195,0.11743515729904175,0.8101391792297363,0.6128677129745483
YBR280C,YDR237W,0,-0.048700824,0.11741823703050613,0.8101391792297363,0.6129677891731262
YBR216C,YMR134W,0,-0.048813194,0.11740132421255112,0.8101391792297363,0.6130678653717041
YGL234W,YKR025W,0,-0.048864618,0.1173844188451767,0.8101391792297363,0.6131678819656372
YCR102C,YCL020W,0,-0.048872665,0.11736751347780228,0.8101391792297363,0.6132679581642151
YOR354C,YCL010C,0,-0.048902534,0.11735061556100845,0.8101391792297363,0.613368034362793
YGR049W,YPL086C,0,-0.04896681,0.11733371764421463,0.8101391792297363,0.6134681105613708
YKR080W,YJL104W,0,-0.048975103,0.1173168271780014,0.8101391792297363,0.613568127155304
YPR058W,YOL113W,0,-0.04897648,0.11729994416236877,0.8101391792297363,0.6136682033538818
YJR099W,YIL067C,0,-0.048993006,0.11728306114673615,0.8101391792297363,0.6137682795524597
YKL160W,YKL208W,0,-0.04901488,0.11726618558168411,0.8101391792297363,0.6138682961463928
YLR298C,YML019W,0,-0.049068898,0.11724931746721268,0.8101391792297363,0.6139683723449707
YBR215W,YHR083W,0,-0.049122833,0.11723244935274124,0.8101391792297363,0.6140684485435486
YLR013W,YCL010C,0,-0.049249306,0.1172155886888504,0.8101391792297363,0.6141685247421265
YHR098C,YDR488C,0,-0.049259298,0.11719873547554016,0.8101391792297363,0.6142685413360596
YDR462W,YKL120W,0,-0.049267516,0.11718188226222992,0.8101391792297363,0.6143686175346375
YMR189W,YKL092C,0,-0.04928252,0.11716503649950027,0.8101391792297363,0.6144686937332153
YNL148C,YJR125C,0,-0.049409494,0.11714819818735123,0.8101391792297363,0.6145687699317932
YBR236C,YPL275W,0,-0.049481556,0.11713135987520218,0.8101391792297363,0.6146687865257263
YKL163W,YHR203C,0,-0.049498163,0.11711452901363373,0.8101391792297363,0.6147688627243042
YJL115W,YLR399C,0,-0.049571425,0.11709769815206528,0.8101391792297363,0.6148689389228821
YPR151C,YJR099W,0,-0.049590886,0.11708088219165802,0.8101391792297363,0.6149689555168152
YDR073W,YCL045C,0,-0.049788423,0.11706405878067017,0.8101391792297363,0.6150690317153931
YBR019C,YDL010W,0,-0.049896106,0.1170472502708435,0.8101391792297363,0.615169107913971
YBR235W,YGL179C,0,-0.049905203,0.11703044176101685,0.8101391792297363,0.6152691841125488
YOR245C,YML010W,0,-0.050071806,0.11701364070177078,0.8101391792297363,0.6153692007064819
YML110C,YIL122W,0,-0.050132617,0.11699683964252472,0.8101391792297363,0.6154692769050598
YGR132C,YJL100W,0,-0.05014603,0.11698004603385925,0.8101391792297363,0.6155693531036377
YPL232W,YBL101C,0,-0.050154284,0.11696325987577438,0.8101391792297363,0.6156694293022156
YNL099C,YJL118W,0,-0.050288357,0.11694647371768951,0.8101391792297363,0.6157694458961487
YPL152W,YLR089C,0,-0.050315544,0.11692969501018524,0.8101391792297363,0.6158695220947266
YHR176W,YIR008C,0,-0.050365955,0.11691292375326157,0.8101391792297363,0.6159695982933044
YEL003W,YBR014C,0,-0.050379798,0.11689615249633789,0.8101391792297363,0.6160696148872375
YMR263W,YBR127C,0,-0.05039224,0.11687938868999481,0.8101391792297363,0.6161696910858154
YDR208W,YPL079W,0,-0.050406255,0.11686263233423233,0.8101391792297363,0.6162697672843933
YPL212C,YHR123W,0,-0.050406575,0.11684587597846985,0.8101391792297363,0.6163698434829712
YDR432W,YHR016C,0,-0.050406724,0.11682912707328796,0.8101391792297363,0.6164698600769043
YLR262C,YGL160W,0,-0.050580308,0.11681238561868668,0.8101391792297363,0.6165699362754822
YMR119W,YIR013C,0,-0.050592855,0.11679564416408539,0.8101391792297363,0.6166700124740601
YLR154C,YLR145W,1,-0.05062525,0.11692219227552414,0.8111332058906555,0.6166700124740601
YKL208W,YNR032W,0,-0.050665826,0.11690544337034225,0.8111332058906555,0.6167700886726379
YOL060C,YDL147W,0,-0.050763607,0.11688869446516037,0.8111332058906555,0.616870105266571
YCR027C,YPL015C,0,-0.050776787,0.11687195301055908,0.8111332058906555,0.6169701814651489
YOR173W,YNL106C,0,-0.050853968,0.11685521900653839,0.8111332058906555,0.6170702576637268
YCR028C-A,YOL049W,0,-0.05099965,0.1168384850025177,0.8111332058906555,0.6171702742576599
YPR066W,YJL100W,0,-0.051005073,0.1168217584490776,0.8111332058906555,0.6172703504562378
YDR194C,YOR140W,0,-0.051067412,0.11680503934621811,0.8111332058906555,0.6173704266548157
YGL017W,YLR057W,0,-0.05114708,0.11678832024335861,0.8111332058906555,0.6174705028533936
YLR297W,YML038C,0,-0.051156215,0.11677160859107971,0.8111332058906555,0.6175705194473267
YPL020C,YBR139W,0,-0.051198408,0.11675489693880081,0.8111332058906555,0.6176705956459045
YBR179C,YDL150W,0,-0.05127673,0.1167382001876831,0.8111332058906555,0.6177706718444824
YDL064W,YHR045W,0,-0.051368587,0.1167214959859848,0.8111332058906555,0.6178707480430603
YGL001C,YCR066W,0,-0.051513918,0.11670480668544769,0.8111332058906555,0.6179707646369934
YLR205C,YNL327W,0,-0.051640086,0.11668811738491058,0.8111332058906555,0.6180708408355713
YER118C,YBR021W,0,-0.051683232,0.11667143553495407,0.8111332058906555,0.6181709170341492
YDR073W,YMR260C,0,-0.051698282,0.11665475368499756,0.8111332058906555,0.6182709336280823
YER048C,YPR201W,0,-0.051699415,0.11663807928562164,0.8111332058906555,0.6183710098266602
YPR158C-D,YJL208C,1,-0.051708832,0.11676432937383652,0.8121272325515747,0.6183710098266602
YNL154C,YKL137W,0,-0.051742896,0.11674764007329941,0.8121272325515747,0.618471086025238
YER026C,YGR278W,0,-0.051763155,0.1167309582233429,0.8121272325515747,0.6185711622238159
YHR032W,YOR360C,0,-0.05178161,0.11671428382396698,0.8121272325515747,0.618671178817749
YDR446W,YMR067C,0,-0.05200489,0.11669761687517166,0.8121272325515747,0.6187712550163269
YFR051C,YOR362C,0,-0.052055515,0.11668094992637634,0.8121272325515747,0.6188713312149048
YKR013W,YDL161W,0,-0.052158467,0.11666429042816162,0.8121272325515747,0.6189714074134827
YKR060W,YKR080W,0,-0.05216135,0.1166476309299469,0.8121272325515747,0.6190714240074158
YKL193C,YKL148C,0,-0.052167773,0.11663097888231277,0.8121272325515747,0.6191715002059937
YGL130W,YGR013W,0,-0.052168354,0.11661433428525925,0.8121272325515747,0.6192715764045715
YOR058C,YDR141C,0,-0.05223468,0.11659768968820572,0.8121272325515747,0.6193716526031494
YER122C,YNL113W,0,-0.05234403,0.11658105254173279,0.8121272325515747,0.6194716691970825
YPR101W,YLR275W,0,-0.05242747,0.11656441539525986,0.8121272325515747,0.6195717453956604
YDR027C,YPL266W,0,-0.052463032,0.11654778569936752,0.8121272325515747,0.6196718215942383
YJR044C,YDR477W,0,-0.052474916,0.11653116345405579,0.8121272325515747,0.6197718381881714
YGR013W,YPR112C,0,-0.05247791,0.11651454865932465,0.8121272325515747,0.6198719143867493
YDR394W,YDL201W,0,-0.05250241,0.1164979338645935,0.8121272325515747,0.6199719905853271
YOL089C,YKR039W,0,-0.05263795,0.11648132652044296,0.8121272325515747,0.620072066783905
YNR056C,YIL031W,0,-0.05275824,0.11646471917629242,0.8121272325515747,0.6201720833778381
YOR214C,YOL137W,0,-0.052830696,0.11644811928272247,0.8121272325515747,0.620272159576416
YNL083W,YDR198C,0,-0.05284018,0.11643152683973312,0.8121272325515747,0.6203722357749939
YCL030C,YMR113W,0,-0.052950904,0.11641493439674377,0.8121272325515747,0.6204723119735718
YDL126C,YKR039W,0,-0.05295439,0.11639834940433502,0.8121272325515747,0.6205723285675049
YLR240W,YMR060C,0,-0.052997254,0.11638176441192627,0.8121272325515747,0.6206724047660828
YBL100W-B,YNL250W,1,-0.053003028,0.1165076196193695,0.8131212592124939,0.6206724047660828
YOR118W,YDR480W,0,-0.053028718,0.11649102717638016,0.8131212592124939,0.6207724809646606
YNL264C,YGR209C,0,-0.053142726,0.1164744421839714,0.8131212592124939,0.6208724975585938
YOR048C,YAR008W,1,-0.053149916,0.11660023033618927,0.8141152858734131,0.6208724975585938
YNL186W,YCR083W,0,-0.05316183,0.11658363044261932,0.8141152858734131,0.6209725737571716
YBR257W,YBR167C,1,-0.05316399,0.11670936644077301,0.815109372138977,0.6209725737571716
YJL099W,YNL035C,0,-0.05323056,0.11669275909662247,0.815109372138977,0.6210726499557495
YER144C,YGL017W,0,-0.05329308,0.11667615175247192,0.815109372138977,0.6211727261543274
YDL052C,YPR103W,0,-0.053314462,0.11665955185890198,0.815109372138977,0.6212727427482605
YNL064C,YNL113W,0,-0.053339683,0.11664295941591263,0.815109372138977,0.6213728189468384
YBR103W,YIL105C,0,-0.053344615,0.11662636697292328,0.815109372138977,0.6214728951454163
YKL208W,YOR344C,0,-0.053440243,0.11660978198051453,0.815109372138977,0.6215729713439941
YOR178C,YNL134C,0,-0.053535387,0.11659320443868637,0.815109372138977,0.6216729879379272
YKL073W,YPR065W,0,-0.05356788,0.11657662689685822,0.815109372138977,0.6217730641365051
YPL045W,YMR189W,0,-0.053606622,0.11656005680561066,0.815109372138977,0.621873140335083
YPL228W,YLL054C,0,-0.053653955,0.1165434941649437,0.815109372138977,0.6219731569290161
YLR128W,YKL167C,0,-0.053687878,0.11652693152427673,0.815109372138977,0.622073233127594
YOR007C,YBR008C,0,-0.053708628,0.11651036888360977,0.815109372138977,0.6221733093261719
YGR215W,YMR121C,0,-0.05371602,0.116493821144104,0.815109372138977,0.6222733855247498
YDR180W,YMR029C,0,-0.05387319,0.11647727340459824,0.815109372138977,0.6223734021186829
YGR109C,YPR033C,0,-0.053907767,0.11646073311567307,0.815109372138977,0.6224734783172607
YOR115C,YLR057W,0,-0.05391319,0.1164441928267479,0.815109372138977,0.6225735545158386
YOR368W,YNL329C,0,-0.05395931,0.11642765998840332,0.815109372138977,0.6226736307144165
YBR088C,YAR014C,0,-0.054134794,0.11641112715005875,0.815109372138977,0.6227736473083496
YDR462W,YCR043C,0,-0.054148808,0.11639460921287537,0.815109372138977,0.6228737235069275
YCR069W,YGL022W,0,-0.054177,0.11637808382511139,0.815109372138977,0.6229737997055054
YOL103W-B,YOL142W,1,-0.05423101,0.11650347709655762,0.8161033987998962,0.6229737997055054
YDR462W,YNL075W,0,-0.054296657,0.11648694425821304,0.8161033987998962,0.6230738162994385
YER069W,YBR186W,0,-0.054319873,0.11647041887044907,0.8161033987998962,0.6231738924980164
YMR197C,YPL015C,0,-0.054349147,0.11645390093326569,0.8161033987998962,0.6232739686965942
YER006W,YJL020C,0,-0.054384485,0.1164373829960823,0.8161033987998962,0.6233740448951721
YPL023C,YLR424W,0,-0.054416686,0.11642087250947952,0.8161033987998962,0.6234740614891052
YJL207C,YML008C,0,-0.05442545,0.11640436947345734,0.8161033987998962,0.6235741376876831
YFL018C,YIR035C,0,-0.054571316,0.11638786643743515,0.8161033987998962,0.623674213886261
YPL047W,YHL001W,0,-0.05458623,0.11637137085199356,0.8161033987998962,0.6237742900848389
YER078C,YML110C,0,-0.054628015,0.11635487526655197,0.8161033987998962,0.623874306678772
YMR044W,YKR039W,0,-0.054704636,0.11633838713169098,0.8161033987998962,0.6239743828773499
YIL127C,YEL004W,0,-0.054775804,0.11632190644741058,0.8161033987998962,0.6240744590759277
YLR388W,YKL139W,0,-0.054919705,0.11630542576313019,0.8161033987998962,0.6241744756698608
YBR103W,YKR024C,0,-0.054929003,0.11628895252943039,0.8161033987998962,0.6242745518684387
YGR108W,YKR022C,0,-0.054951265,0.11627247929573059,0.8161033987998962,0.6243746280670166
YEL063C,YGR203W,0,-0.054981455,0.11625602096319199,0.8161033987998962,0.6244747042655945
YOL008W,YKR039W,0,-0.055021986,0.11623955518007278,0.8161033987998962,0.6245747208595276
YKR060W,YLL042C,0,-0.055039868,0.11622310429811478,0.8161033987998962,0.6246747970581055
YPR061C,YLR341W,0,-0.05515737,0.11620665341615677,0.8161033987998962,0.6247748732566833
YNL072W,YOR115C,0,-0.055340677,0.11619020998477936,0.8161033987998962,0.6248749494552612
YIL082W-A,YGL175C,1,-0.05546651,0.11631526798009872,0.8170974254608154,0.6248749494552612
YGR257C,YKL027W,0,-0.055511363,0.11629880964756012,0.8170974254608154,0.6249749660491943
YBL019W,YNL001W,1,-0.055596665,0.1164238229393959,0.8180914521217346,0.6249749660491943
YOL080C,YBR098W,1,-0.055623025,0.1165487989783287,0.8190854787826538,0.6249749660491943
YBR103W,YBR018C,0,-0.055635825,0.11653231829404831,0.8190854787826538,0.6250750422477722
YMR045C,YOR001W,1,-0.05571522,0.11665724217891693,0.820079505443573,0.6250750422477722
YGL156W,YGR231C,0,-0.055770174,0.11664074659347534,0.820079505443573,0.6251751184463501
YGR227W,YDR216W,0,-0.055802852,0.11662425845861435,0.820079505443573,0.625275194644928
YBR239C,YHR196W,0,-0.055805974,0.11660777032375336,0.820079505443573,0.6253752112388611
YJL151C,YPL032C,0,-0.055816337,0.11659129709005356,0.820079505443573,0.625475287437439
YKR067W,YPR009W,0,-0.055834845,0.11657481640577316,0.820079505443573,0.6255753636360168
YOL142W,YDR210C-D,1,-0.05583544,0.11669963598251343,0.8210735321044922,0.6255753636360168
YBR171W,YPL270W,0,-0.05584368,0.11668314784765244,0.8210735321044922,0.62567538022995
YDL002C,YNL069C,0,-0.055863664,0.11666666716337204,0.8210735321044922,0.6257754564285278
YDR016C,YPR056W,0,-0.05600886,0.11665019392967224,0.8210735321044922,0.6258755326271057
YGL124C,YDR225W,0,-0.056034483,0.11663372069597244,0.8210735321044922,0.6259756088256836
YNL069C,YPL237W,0,-0.05607058,0.11661725491285324,0.8210735321044922,0.6260756254196167
YNL299W,YNL097C,0,-0.056171805,0.11660078912973404,0.8210735321044922,0.6261757016181946
YLR423C,YLR138W,0,-0.056195974,0.11658433079719543,0.8210735321044922,0.6262757778167725
YGL094C,YNL221C,1,-0.05620745,0.11670900136232376,0.8220676183700562,0.6262757778167725
YDR408C,YOR367W,0,-0.056303404,0.11669253557920456,0.8220676183700562,0.6263758540153503
YER035W,YHR102W,0,-0.056308724,0.11667606979608536,0.8220676183700562,0.6264758706092834
YIL085C,YBL002W,0,-0.056324877,0.11665961146354675,0.8220676183700562,0.6265759468078613
YGR257C,YGR289C,0,-0.056488402,0.11664316058158875,0.8220676183700562,0.6266760230064392
YDL214C,YPL228W,0,-0.056534216,0.11662670969963074,0.8220676183700562,0.6267760396003723
YGR013W,YDL191W,0,-0.05669891,0.11661026626825333,0.8220676183700562,0.6268761157989502
YGR140W,YOR245C,0,-0.056724332,0.11659382283687592,0.8220676183700562,0.6269761919975281
YCR088W,YJR044C,0,-0.056746766,0.1165773868560791,0.8220676183700562,0.627076268196106
YPL246C,YAL001C,0,-0.056861483,0.11656095832586288,0.8220676183700562,0.6271762847900391
YLR332W,YDR450W,0,-0.05688621,0.11654452979564667,0.8220676183700562,0.6272763609886169
YPL265W,YLR089C,0,-0.056892782,0.11652810871601105,0.8220676183700562,0.6273764371871948
YML024W,YNL134C,0,-0.056912825,0.11651169508695602,0.8220676183700562,0.6274765133857727
YOR115C,YMR323W,0,-0.056912884,0.116495281457901,0.8220676183700562,0.6275765299797058
YDL159W,YBR068C,0,-0.057032086,0.11647887527942657,0.8220676183700562,0.6276766061782837
YBR161W,YOR140W,0,-0.05704668,0.11646246910095215,0.8220676183700562,0.6277766823768616
YCL026C-A,YPL270W,0,-0.057057403,0.11644607037305832,0.8220676183700562,0.6278766989707947
YOR229W,YGL234W,0,-0.057133645,0.11642967909574509,0.8220676183700562,0.6279767751693726
YOL013C,YKL008C,0,-0.05713834,0.11641328781843185,0.8220676183700562,0.6280768513679504
YGL065C,YOL001W,0,-0.057201296,0.11639690399169922,0.8220676183700562,0.6281769275665283
YBR136W,YLR399C,0,-0.05720991,0.11638052016496658,0.8220676183700562,0.6282769441604614
YBR280C,YGR087C,0,-0.057232507,0.11636415123939514,0.8220676183700562,0.6283770203590393
YOR202W,YCR097W,0,-0.057302453,0.1163477748632431,0.8220676183700562,0.6284770965576172
YPL055C,YNL299W,0,-0.057456538,0.11633141338825226,0.8220676183700562,0.6285771727561951
YKL152C,YHR176W,0,-0.057531394,0.11631505191326141,0.8220676183700562,0.6286771893501282
YGR087C,YCR033W,0,-0.05755502,0.11629869043827057,0.8220676183700562,0.628777265548706
YIL066C,YPL005W,0,-0.05775377,0.11628233641386032,0.8220676183700562,0.6288773417472839
YGL250W,YOR362C,0,-0.05776353,0.11626598984003067,0.8220676183700562,0.628977358341217
YNR036C,YHR062C,0,-0.057807423,0.11624965071678162,0.8220676183700562,0.6290774345397949
YDL066W,YPL057C,0,-0.057817787,0.11623331159353256,0.8220676183700562,0.6291775107383728
YER078C,YLR070C,0,-0.057876185,0.11621697247028351,0.8220676183700562,0.6292775869369507
YHR176W,YPR140W,0,-0.05809109,0.11620064824819565,0.8220676183700562,0.6293776035308838
YDR020C,YGR183C,0,-0.058167413,0.11618432402610779,0.8220676183700562,0.6294776797294617
YPL164C,YKL127W,0,-0.058248915,0.11616799980401993,0.8220676183700562,0.6295777559280396
YFL055W,YNL326C,0,-0.05828526,0.11615168303251266,0.8220676183700562,0.6296778321266174
YDR322C-A,YJR064W,0,-0.05834198,0.116135373711586,0.8220676183700562,0.6297778487205505
YER144C,YOR375C,0,-0.058445364,0.11611906439065933,0.8220676183700562,0.6298779249191284
YLR405W,YNR069C,0,-0.058452375,0.11610276252031326,0.8220676183700562,0.6299780011177063
YDR027C,YJL203W,0,-0.058471605,0.11608646810054779,0.8220676183700562,0.6300780177116394
YOL039W,YLR081W,0,-0.058517292,0.11607017368078232,0.8220676183700562,0.6301780939102173
YCR097W,YDL058W,0,-0.05857124,0.11605388671159744,0.8220676183700562,0.6302781701087952
YML007W,YOL058W,0,-0.05859185,0.11603760719299316,0.8220676183700562,0.630378246307373
YDL052C,YOR210W,0,-0.058716334,0.11602132767438889,0.8220676183700562,0.6304782629013062
YKL107W,YIL073C,0,-0.058717787,0.1160050481557846,0.8220676183700562,0.630578339099884
YDR311W,YJL137C,0,-0.05873058,0.11598877608776093,0.8220676183700562,0.6306784152984619
YDL002C,YNL321W,0,-0.058739267,0.11597251147031784,0.8220676183700562,0.6307784914970398
YOL146W,YDR194C,0,-0.05884023,0.11595625430345535,0.8220676183700562,0.6308785080909729
YDL155W,YCR003W,0,-0.05886685,0.11593999713659286,0.8220676183700562,0.6309785842895508
YHR016C,YPL249C,0,-0.058958516,0.11592374742031097,0.8220676183700562,0.6310786604881287
YHR152W,YNL113W,0,-0.058960363,0.11590749770402908,0.8220676183700562,0.6311787366867065
YPL008W,YGL179C,0,-0.059072867,0.11589125543832779,0.8220676183700562,0.6312787532806396
YDL002C,YNL305C,0,-0.059125528,0.11587502062320709,0.8220676183700562,0.6313788294792175
YPR075C,YKL160W,0,-0.059226096,0.1158587858080864,0.8220676183700562,0.6314789056777954
YJL042W,YGL245W,0,-0.05924481,0.1158425584435463,0.8220676183700562,0.6315789222717285
YNL125C,YJL020C,0,-0.059256814,0.1158263310790062,0.8220676183700562,0.6316789984703064
YDR314C,YBL018C,0,-0.059258953,0.11581011116504669,0.8220676183700562,0.6317790746688843
YHR062C,YER004W,0,-0.05936867,0.11579389870166779,0.8220676183700562,0.6318791508674622
YDL049C,YLR035C,0,-0.059382886,0.11577768623828888,0.8220676183700562,0.6319791674613953
YLR226W,YEL077C,0,-0.059406415,0.11576148122549057,0.8220676183700562,0.6320792436599731
YKL160W,YMR170C,0,-0.059422992,0.11574527621269226,0.8220676183700562,0.632179319858551
YGR049W,YGR203W,0,-0.059443884,0.11572907865047455,0.8220676183700562,0.6322793960571289
YGR172C,YJL100W,0,-0.059526548,0.11571288853883743,0.8220676183700562,0.632379412651062
YHR112C,YAR066W,0,-0.059632495,0.11569669842720032,0.8220676183700562,0.6324794888496399
YGR133W,YKR042W,0,-0.05965735,0.1156805157661438,0.8220676183700562,0.6325795650482178
YLR105C,YOR001W,1,-0.059667423,0.11580419540405273,0.8230616450309753,0.6325795650482178
YLR406C,YDR307W,0,-0.059767738,0.11578800529241562,0.8230616450309753,0.6326795816421509
YLR003C,YKR039W,0,-0.05982116,0.1157718151807785,0.8230616450309753,0.6327796578407288
YJL042W,YCR102C,0,-0.059830174,0.11575562506914139,0.8230616450309753,0.6328797340393066
YER048C,YAL014C,0,-0.059849866,0.11573944985866547,0.8230616450309753,0.6329798102378845
YPL241C,YOR231W,0,-0.059904158,0.11572326719760895,0.8230616450309753,0.6330798268318176
YPL242C,YAL042W,0,-0.060068935,0.11570709943771362,0.8230616450309753,0.6331799030303955
YLR095C,YLR355C,0,-0.060077325,0.1156909316778183,0.8230616450309753,0.6332799792289734
YDR142C,YHR128W,0,-0.060092345,0.11567477136850357,0.8230616450309753,0.6333800554275513
YBL004W,YOL017W,0,-0.06014388,0.11565861105918884,0.8230616450309753,0.6334800720214844
YJR047C,YGL179C,0,-0.06024468,0.11564245820045471,0.8230616450309753,0.6335801482200623
YPL023C,YCL026C-A,0,-0.06024999,0.11562631279230118,0.8230616450309753,0.6336802244186401
YPR104C,YMR216C,0,-0.06034459,0.11561016738414764,0.8230616450309753,0.6337802410125732
YAL015C,YER041W,1,-0.060463533,0.11573363095521927,0.8240556716918945,0.6337802410125732
YMR045C,YCL019W,1,-0.06050182,0.1158570647239685,0.8250496983528137,0.6337802410125732
YMR121C,YGL032C,0,-0.060565643,0.11584088951349258,0.8250496983528137,0.6338803172111511
YDL066W,YBL009W,0,-0.060585037,0.11582472920417786,0.8250496983528137,0.633980393409729
YDR073W,YGL033W,0,-0.060590096,0.11580856889486313,0.8250496983528137,0.6340804696083069
YOR100C,YKL157W,0,-0.060616583,0.1157924085855484,0.8250496983528137,0.63418048620224
YDR452W,YGR247W,0,-0.060642466,0.11577625572681427,0.8250496983528137,0.6342805624008179
YGR278W,YBR244W,0,-0.060701095,0.11576011031866074,0.8250496983528137,0.6343806385993958
YAL009W,YOR197W,0,-0.06073031,0.1157439723610878,0.8250496983528137,0.6344807147979736
YIL162W,YGR065C,0,-0.06074828,0.11572782695293427,0.8250496983528137,0.6345807313919067
YGR277C,YBR179C,0,-0.06075135,0.11571169644594193,0.8250496983528137,0.6346808075904846
YDR099W,YNL224C,0,-0.060763523,0.11569556593894958,0.8250496983528137,0.6347808837890625
YGL160W,YJL002C,0,-0.060839474,0.11567944288253784,0.8250496983528137,0.6348809003829956
YPR145W,YER001W,0,-0.06088227,0.1156633198261261,0.8250496983528137,0.6349809765815735
YNL257C,YHR045W,0,-0.060908005,0.11564720422029495,0.8250496983528137,0.6350810527801514
YMR106C,YGL097W,0,-0.06094955,0.1156310960650444,0.8250496983528137,0.6351811289787292
YBR258C,YJL099W,0,-0.06095837,0.11561498790979385,0.8250496983528137,0.6352811455726624
YPR107C,YJL099W,0,-0.061011843,0.1155988872051239,0.8250496983528137,0.6353812217712402
YBL046W,YJL020C,0,-0.061055653,0.11558278650045395,0.8250496983528137,0.6354812979698181
YJR043C,YIL157C,0,-0.06107883,0.1155666932463646,0.8250496983528137,0.635581374168396
YKL096W,YML118W,0,-0.061089344,0.11555060744285583,0.8250496983528137,0.6356813907623291
YGR186W,YDL239C,0,-0.06114962,0.11553452163934708,0.8250496983528137,0.635781466960907
YNL003C,YGR067C,0,-0.061252214,0.11551844328641891,0.8250496983528137,0.6358815431594849
YIL131C,YKL073W,0,-0.0614243,0.11550236493349075,0.8250496983528137,0.635981559753418
YGL033W,YGL047W,0,-0.061579198,0.11548629403114319,0.8250496983528137,0.6360816359519958
YOL033W,YFL022C,0,-0.06159672,0.11547023057937622,0.8250496983528137,0.6361817121505737
YMR079W,YPL266W,0,-0.061711267,0.11545416712760925,0.8250496983528137,0.6362817883491516
YBR228W,YKL025C,1,-0.06174469,0.11557719111442566,0.8260437250137329,0.6362817883491516
YER144C,YFL062W,0,-0.061761126,0.1155611202120781,0.8260437250137329,0.6363818049430847
YGL134W,YPL192C,0,-0.061801344,0.11554504930973053,0.8260437250137329,0.6364818811416626
YOR048C,YDL227C,1,-0.061822876,0.11566801369190216,0.8270377516746521,0.6364818811416626
YBL045C,YKR025W,0,-0.0619367,0.115651935338974,0.8270377516746521,0.6365819573402405
YML130C,YKL008C,0,-0.06194158,0.11563585698604584,0.8270377516746521,0.6366820335388184
YBR200W,YNL030W,0,-0.061967283,0.11561978608369827,0.8270377516746521,0.6367820501327515
YDR016C,YPR165W,0,-0.062077023,0.1156037226319313,0.8270377516746521,0.6368821263313293
YDR020C,YJL014W,0,-0.062122136,0.11558766663074493,0.8270377516746521,0.6369822025299072
YOL128C,YPR065W,0,-0.062124237,0.11557161062955856,0.8270377516746521,0.6370822787284851
YGL181W,YGR092W,0,-0.06213124,0.11555555462837219,0.8270377516746521,0.6371822953224182
YBR210W,YOR303W,0,-0.06213893,0.11553950607776642,0.8270377516746521,0.6372823715209961
YDR477W,YML075C,0,-0.062316313,0.11552346497774124,0.8270377516746521,0.637382447719574
YNR023W,YPL242C,0,-0.06245012,0.11550742387771606,0.8270377516746521,0.6374824643135071
YHR115C,YML007W,0,-0.06247104,0.11549139022827148,0.8270377516746521,0.637582540512085
YER003C,YNL093W,0,-0.062689096,0.1154753640294075,0.8270377516746521,0.6376826167106628
YDR147W,YKL221W,0,-0.06271047,0.11545933783054352,0.8270377516746521,0.6377826929092407
YDR016C,YPL249C-A,0,-0.06277191,0.11544331908226013,0.8270377516746521,0.6378827095031738
YGL125W,YNR032W,0,-0.06279498,0.11542730033397675,0.8270377516746521,0.6379827857017517
YEL047C,YKL012W,0,-0.06286064,0.11541128903627396,0.8270377516746521,0.6380828619003296
YER035W,YNL327W,0,-0.06287981,0.11539528518915176,0.8270377516746521,0.6381829380989075
YMR170C,YOL089C,0,-0.06288926,0.11537928134202957,0.8270377516746521,0.6382829546928406
YML008C,YOL068C,0,-0.062909454,0.11536328494548798,0.8270377516746521,0.6383830308914185
YLR069C,YBR152W,0,-0.06309428,0.11534728854894638,0.8270377516746521,0.6384831070899963
YEL046C,YJL184W,0,-0.0631092,0.11533129960298538,0.8270377516746521,0.6385831236839294
YGR059W,YKL120W,0,-0.063130945,0.11531531810760498,0.8270377516746521,0.6386831998825073
YBL042C,YLR229C,0,-0.063162684,0.11529933661222458,0.8270377516746521,0.6387832760810852
YPR075C,YBR265W,0,-0.0631797,0.11528335511684418,0.8270377516746521,0.6388833522796631
YOR234C,YLL054C,0,-0.06319758,0.11526738852262497,0.8270377516746521,0.6389833688735962
YHR063C,YBL016W,0,-0.06327083,0.11525142192840576,0.8270377516746521,0.6390834450721741
YLL036C,YPR066W,0,-0.063330874,0.11523545533418655,0.8270377516746521,0.639183521270752
YBL102W,YBR253W,0,-0.06335213,0.11521949619054794,0.8270377516746521,0.6392835974693298
YJR027W,YML118W,1,-0.063437596,0.11534201353788376,0.8280318379402161,0.6392835974693298
YGR109W-B,YIR015W,1,-0.0634607,0.11546448618173599,0.8290258646011353,0.6392835974693298
YDL226C,YLR081W,0,-0.0634924,0.11544850468635559,0.8290258646011353,0.6393836140632629
YOL008W,YIR010W,0,-0.06351443,0.11543252319097519,0.8290258646011353,0.6394836902618408
YLR378C,YOR140W,0,-0.063551545,0.11541654914617538,0.8290258646011353,0.6395837664604187
YLR105C,YGR095C,1,-0.06360519,0.11553895473480225,0.8300198912620544,0.6395837664604187
YOL034W,YNR069C,0,-0.063719146,0.11552296578884125,0.8300198912620544,0.6396837830543518
YFR028C,YPR165W,0,-0.06373195,0.11550698429346085,0.8300198912620544,0.6397838592529297
YAL021C,YNL102W,1,-0.06375669,0.11562932282686234,0.8310139179229736,0.6397838592529297
YKL091C,YJL091C,0,-0.06379085,0.11561333388090134,0.8310139179229736,0.6398839354515076
YGR125W,YJR086W,0,-0.06385461,0.11559734493494034,0.8310139179229736,0.6399840116500854
YDR147W,YHR084W,0,-0.06389129,0.11558136343955994,0.8310139179229736,0.6400840282440186
YPL256C,YKR086W,0,-0.06389963,0.11556538939476013,0.8310139179229736,0.6401841044425964
YOL091W,YDR020C,0,-0.06391469,0.11554941534996033,0.8310139179229736,0.6402841806411743
YHR098C,YER122C,0,-0.06400487,0.11553344130516052,0.8310139179229736,0.6403842568397522
YBR021W,YBR106W,0,-0.064301506,0.11551748216152191,0.8310139179229736,0.6404842734336853
YPR103W,YNL030W,0,-0.06430766,0.1155015230178833,0.8310139179229736,0.6405843496322632
YMR280C,YDR085C,0,-0.06445941,0.11548556387424469,0.8310139179229736,0.6406844258308411
YML110C,YML118W,0,-0.06458162,0.11546961218118668,0.8310139179229736,0.6407844424247742
YDL025C,YLR035C,0,-0.06461541,0.11545366793870926,0.8310139179229736,0.640884518623352
YJL177W,YNR036C,0,-0.06464788,0.11543772369623184,0.8310139179229736,0.6409845948219299
YLR077W,YHR183W,0,-0.06466899,0.11542178690433502,0.8310139179229736,0.6410846710205078
YOL091W,YCR043C,0,-0.064739905,0.1154058501124382,0.8310139179229736,0.6411846876144409
YDR163W,YJR014W,0,-0.06474453,0.11538992077112198,0.8310139179229736,0.6412847638130188
YJL028W,YJL160C,0,-0.064855024,0.11537399888038635,0.8310139179229736,0.6413848400115967
YPR079W,YNL093W,0,-0.064912304,0.11535807698965073,0.8310139179229736,0.6414849162101746
YGR275W,YKL055C,0,-0.065057404,0.1153421625494957,0.8310139179229736,0.6415849328041077
YJR105W,YER035W,0,-0.06511681,0.11532625555992126,0.8310139179229736,0.6416850090026855
YKL101W,YML093W,0,-0.06517033,0.11531034111976624,0.8310139179229736,0.6417850852012634
YER142C,YDL185W,1,-0.06525624,0.11543235182762146,0.8320079445838928,0.6417850852012634
YLR320W,YKR024C,0,-0.06548129,0.11541643738746643,0.8320079445838928,0.6418851017951965
YLR116W,YKL120W,0,-0.06558242,0.1154005229473114,0.8320079445838928,0.6419851779937744
YBL050W,YGR033C,0,-0.06573616,0.11538461595773697,0.8320079445838928,0.6420852541923523
YGL011C,YIL031W,0,-0.06588397,0.11536870896816254,0.8320079445838928,0.6421853303909302
YHR007C,YEL042W,0,-0.06593208,0.1153528094291687,0.8320079445838928,0.6422853469848633
YJL123C,YPR033C,0,-0.06615016,0.11533691734075546,0.8320079445838928,0.6423854231834412
YHL018W,YBR239C,0,-0.06618785,0.11532102525234222,0.8320079445838928,0.642485499382019
YHR124W,YDL042C,0,-0.0663164,0.11530514061450958,0.8320079445838928,0.6425855755805969
YDR214W,YOL034W,0,-0.06633547,0.11528925597667694,0.8320079445838928,0.64268559217453
YCR069W,YPL084W,0,-0.066370204,0.1152733787894249,0.8320079445838928,0.6427856683731079
YPL029W,YFR055W,0,-0.06640375,0.11525750160217285,0.8320079445838928,0.6428857445716858
YDR386W,YML118W,1,-0.06645526,0.11537931859493256,0.833001971244812,0.6428857445716858
YBR106W,YLR089C,0,-0.06647909,0.11536343395709991,0.833001971244812,0.6429858207702637
YFL024C,YNR049C,0,-0.06647939,0.11534755676984787,0.833001971244812,0.6430858373641968
YPR103W,YOR214C,0,-0.06651698,0.11533167958259583,0.833001971244812,0.6431859135627747
YJL113W,YKR003W,0,-0.06654651,0.11531580984592438,0.833001971244812,0.6432859897613525
YOR329C,YPL190C,0,-0.06657103,0.11529994755983353,0.833001971244812,0.6433860063552856
YDR394W,YLR089C,0,-0.06667726,0.11528408527374268,0.833001971244812,0.6434860825538635
YDR123C,YDL239C,0,-0.06668216,0.11526822298765182,0.833001971244812,0.6435861587524414
YGR166W,YDL161W,0,-0.06671184,0.11525237560272217,0.833001971244812,0.6436862349510193
YBR084C-A,YCR042C,0,-0.06677632,0.11523652076721191,0.833001971244812,0.6437862515449524
YCR102C,YHR003C,0,-0.06683634,0.11522068083286285,0.833001971244812,0.6438863277435303
YHR007C,YJR077C,0,-0.06690431,0.1152048408985138,0.833001971244812,0.6439864039421082
YML066C,YPL124W,0,-0.067020655,0.11518900096416473,0.833001971244812,0.644086480140686
YKR087C,YBL019W,0,-0.06703007,0.11517316848039627,0.833001971244812,0.6441864967346191
YLR069C,YCR003W,0,-0.06720561,0.1151573434472084,0.833001971244812,0.644286572933197
YPL232W,YMR323W,0,-0.06720765,0.11514152586460114,0.833001971244812,0.6443866491317749
YMR288W,YDR214W,0,-0.06721239,0.11512570083141327,0.833001971244812,0.644486665725708
YJR099W,YBR127C,0,-0.06721248,0.1151098906993866,0.833001971244812,0.6445867419242859
YGL002W,YEL011W,0,-0.067226246,0.11509408056735992,0.833001971244812,0.6446868181228638
YLR135W,YPL190C,0,-0.06730876,0.11507827788591385,0.833001971244812,0.6447868943214417
YDL178W,YML026C,0,-0.067376554,0.11506247520446777,0.833001971244812,0.6448869109153748
YFL018C,YNL003C,0,-0.06749474,0.1150466799736023,0.833001971244812,0.6449869871139526
YNL282W,YDR279W,1,-0.067531005,0.11516815423965454,0.8339959979057312,0.6449869871139526
YMR135C,YGL250W,0,-0.067674115,0.11515234410762787,0.8339959979057312,0.6450870633125305
YML001W,YBR154C,0,-0.06777957,0.1151365414261818,0.8339959979057312,0.6451871395111084
YLR376C,YHL018W,0,-0.06782788,0.11512074619531631,0.8339959979057312,0.6452871561050415
YHR079C-A,YBR070C,0,-0.06785183,0.11510495096445084,0.8339959979057312,0.6453872323036194
YER048C,YKL222C,0,-0.06789437,0.11508916318416595,0.8339959979057312,0.6454873085021973
YPR094W,YPR004C,0,-0.06818438,0.11507337540388107,0.8339959979057312,0.6455873250961304
YGR195W,YPR185W,0,-0.0683472,0.11505759507417679,0.8339959979057312,0.6456874012947083
YNL169C,YOL049W,0,-0.068371765,0.1150418221950531,0.8339959979057312,0.6457874774932861
YPL283C,YAL055W,0,-0.068390325,0.11502604931592941,0.8339959979057312,0.645887553691864
YMR047C,YPL057C,0,-0.06841101,0.11501028388738632,0.8339959979057312,0.6459875702857971
YGR028W,YKR039W,0,-0.06847173,0.11499451845884323,0.8339959979057312,0.646087646484375
YLR136C,YIL044C,0,-0.068513714,0.11497876048088074,0.8339959979057312,0.6461877226829529
YGR183C,YDR363W,0,-0.06853503,0.11496300250291824,0.8339959979057312,0.6462877988815308
YJL137C,YGR098C,0,-0.06853991,0.11494725197553635,0.8339959979057312,0.6463878154754639
YNL264C,YMR116C,0,-0.068589896,0.11493150889873505,0.8339959979057312,0.6464878916740417
YNR036C,YER026C,0,-0.06874788,0.11491576582193375,0.8339959979057312,0.6465879678726196
YGR249W,YOL137W,0,-0.06875075,0.11490003019571304,0.8339959979057312,0.6466879844665527
YGR256W,YPL108W,0,-0.06879398,0.11488429456949234,0.8339959979057312,0.6467880606651306
YCR028C-A,YMR244C-A,0,-0.06880505,0.11486856639385223,0.8339959979057312,0.6468881368637085
YMR266W,YGR271C-A,0,-0.06884071,0.11485283821821213,0.8339959979057312,0.6469882130622864
YLR133W,YNL005C,0,-0.06911537,0.11483711749315262,0.8339959979057312,0.6470882296562195
YNL071W,YGR132C,0,-0.069236465,0.1148214042186737,0.8339959979057312,0.6471883058547974
YGR247W,YER042W,0,-0.06928294,0.1148056909441948,0.8339959979057312,0.6472883820533752
YFL002W-A,YCL074W,1,-0.06936304,0.11492680013179779,0.8349900841712952,0.6472883820533752
YOL049W,YER122C,0,-0.06938905,0.11491107940673828,0.8349900841712952,0.6473884582519531
YFL052W,YMR134W,0,-0.06939492,0.11489536613225937,0.8349900841712952,0.6474884748458862
YOL017W,YML065W,0,-0.069415964,0.11487965285778046,0.8349900841712952,0.6475885510444641
YFR051C,YPL057C,0,-0.069469616,0.11486393958330154,0.8349900841712952,0.647688627243042
YML019W,YBR070C,0,-0.06956895,0.11484823375940323,0.8349900841712952,0.6477886438369751
YCR102C,YHR045W,0,-0.06963215,0.11483253538608551,0.8349900841712952,0.647888720035553
YIL114C,YLL010C,0,-0.06964263,0.11481683701276779,0.8349900841712952,0.6479887962341309
YKL211C,YGR256W,0,-0.06967571,0.11480114609003067,0.8349900841712952,0.6480888724327087
YDR155C,YIL110W,0,-0.06971462,0.11478546261787415,0.8349900841712952,0.6481888890266418
YDR058C,YCR083W,0,-0.06980811,0.11476977914571762,0.8349900841712952,0.6482889652252197
YJL177W,YNL037C,0,-0.06983972,0.1147540956735611,0.8349900841712952,0.6483890414237976
YIL099W,YHR176W,0,-0.069889605,0.11473842710256577,0.8349900841712952,0.6484891176223755
YMR068W,YPL181W,0,-0.07015537,0.11472275108098984,0.8349900841712952,0.6485891342163086
YOR033C,YNL229C,0,-0.07020113,0.1147070899605751,0.8349900841712952,0.6486892104148865
YKR098C,YPR065W,0,-0.070302114,0.11469142884016037,0.8349900841712952,0.6487892866134644
YPL249C-A,YGL207W,0,-0.07033988,0.11467576771974564,0.8349900841712952,0.6488893628120422
YOL008W,YOR284W,0,-0.07043113,0.1146601140499115,0.8349900841712952,0.6489893794059753
YBR200W,YOL130W,0,-0.0704518,0.11464446783065796,0.8349900841712952,0.6490894556045532
YBR288C,YPR052C,0,-0.07050861,0.11462882161140442,0.8349900841712952,0.6491895318031311
YBL050W,YFR055W,0,-0.07053764,0.11461318284273148,0.8349900841712952,0.6492895483970642
YGL054C,YBR244W,0,-0.07055482,0.11459754407405853,0.8349900841712952,0.6493896245956421
YOR368W,YDR263C,1,-0.07057208,0.11471831798553467,0.8359841108322144,0.6493896245956421
YGL017W,YLR089C,0,-0.07085213,0.11470267176628113,0.8359841108322144,0.64948970079422
YJL002C,YBR135W,0,-0.07090108,0.11468703299760818,0.8359841108322144,0.6495897769927979
YOR371C,YHR091C,0,-0.071069494,0.11467139422893524,0.8359841108322144,0.649689793586731
YBR136W,YBR102C,0,-0.0712927,0.1146557629108429,0.8359841108322144,0.6497898697853088
YDR113C,YDR382W,0,-0.07130049,0.11464013159275055,0.8359841108322144,0.6498899459838867
YKL125W,YMR305C,0,-0.07143798,0.1146245077252388,0.8359841108322144,0.6499900221824646
YDR293C,YNL327W,0,-0.07163182,0.11460888385772705,0.8359841108322144,0.6500900387763977
YML025C,YFL034C-A,0,-0.07168612,0.1145932674407959,0.8359841108322144,0.6501901149749756
YGL201C,YMR309C,0,-0.07169025,0.11457765847444534,0.8359841108322144,0.6502901911735535
YPL152W,YDR162C,0,-0.0717916,0.11456204950809479,0.8359841108322144,0.6503902077674866
YML078W,YBL066C,0,-0.071803,0.11454644799232483,0.8359841108322144,0.6504902839660645
YBR139W,YPR185W,0,-0.071887955,0.11453084647655487,0.8359841108322144,0.6505903601646423
YJL204C,YML069W,0,-0.07205072,0.11451525241136551,0.8359841108322144,0.6506904363632202
YHL001W,YHL020C,0,-0.07206315,0.11449965834617615,0.8359841108322144,0.6507904529571533
YLR307W,YOL058W,0,-0.07213534,0.11448407173156738,0.8359841108322144,0.6508905291557312
YAR014C,YNR032W,0,-0.07213863,0.11446849256753922,0.8359841108322144,0.6509906053543091
YNR051C,YCR003W,0,-0.07233829,0.11445291340351105,0.8359841108322144,0.651090681552887
YJL010C,YCR027C,0,-0.07235715,0.11443734169006348,0.8359841108322144,0.6511906981468201
YLR034C,YPR023C,0,-0.07244832,0.1144217699766159,0.8359841108322144,0.651290774345398
YDR339C,YDR354W,0,-0.07247713,0.11440620571374893,0.8359841108322144,0.6513908505439758
YIL049W,YGR186W,0,-0.07247875,0.11439064145088196,0.8359841108322144,0.6514908671379089
YFL009W,YGL153W,0,-0.07251778,0.11437508463859558,0.8359841108322144,0.6515909433364868
YPR121W,YKR029C,0,-0.07253232,0.1143595352768898,0.8359841108322144,0.6516910195350647
YJR129C,YPL079W,0,-0.072542876,0.11434398591518402,0.8359841108322144,0.6517910957336426
YKL084W,YEL003W,0,-0.07264449,0.11432843655347824,0.8359841108322144,0.6518911123275757
YGR068C,YKR087C,0,-0.07271579,0.11431290209293365,0.8359841108322144,0.6519911885261536
YLL036C,YGL065C,0,-0.072730675,0.11429736018180847,0.8359841108322144,0.6520912647247314
YHR121W,YML019W,0,-0.072828084,0.11428183317184448,0.8359841108322144,0.6521913409233093
YJR161C,YPL158C,0,-0.072841756,0.1142663061618805,0.8359841108322144,0.6522913575172424
YER146W,YGL012W,0,-0.07285552,0.1142507791519165,0.8359841108322144,0.6523914337158203
YGL124C,YML058W,0,-0.07297248,0.11423525959253311,0.8359841108322144,0.6524915099143982
YBR083W,YNL197C,0,-0.073063016,0.11421974748373032,0.8359841108322144,0.6525915265083313
YHL009C,YMR116C,0,-0.07306418,0.11420423537492752,0.8359841108322144,0.6526916027069092
YGL160W,YNR032W,0,-0.07324855,0.11418873071670532,0.8359841108322144,0.6527916789054871
YGR186W,YML014W,0,-0.07325292,0.11417322605848312,0.8359841108322144,0.6528917551040649
YPL053C,YLR155C,0,-0.07331633,0.11415772885084152,0.8359841108322144,0.652991771697998
YOR144C,YER058W,0,-0.07344661,0.11414223909378052,0.8359841108322144,0.6530918478965759
YGR028W,YDR540C,0,-0.07347265,0.11412674933671951,0.8359841108322144,0.6531919240951538
YPL069C,YDL156W,0,-0.073494576,0.11411125957965851,0.8359841108322144,0.6532920002937317
YBL040C,YOL128C,0,-0.073725566,0.1140957772731781,0.8359841108322144,0.6533920168876648
YOL146W,YFR046C,0,-0.07376428,0.11408030241727829,0.8359841108322144,0.6534920930862427
YHR069C,YBL019W,1,-0.073776975,0.11420045793056488,0.8369781374931335,0.6534920930862427
YBR179C,YNR075W,0,-0.07393129,0.11418497562408447,0.8369781374931335,0.6535921692848206
YEL034W,YOR245C,0,-0.07400538,0.11416949331760406,0.8369781374931335,0.6536921858787537
YDL049C,YLR368W,0,-0.074167654,0.11415401101112366,0.8369781374931335,0.6537922620773315
YEL034W,YGR256W,0,-0.07437938,0.11413853615522385,0.8369781374931335,0.6538923382759094
YDR462W,YIR003W,0,-0.07441858,0.11412306874990463,0.8369781374931335,0.6539924144744873
YGR152C,YPR022C,0,-0.0745586,0.11410760134458542,0.8369781374931335,0.6540924310684204
YNL071W,YPR164W,0,-0.07456356,0.1140921413898468,0.8369781374931335,0.6541925072669983
YDR348C,YOR197W,0,-0.07464071,0.11407668143510818,0.8369781374931335,0.6542925834655762
YGL166W,YBL003C,0,-0.07464544,0.11406122893095016,0.8369781374931335,0.654392659664154
YIL121W,YML118W,0,-0.07481259,0.11404578387737274,0.8369781374931335,0.6544926762580872
YBL045C,YOL033W,0,-0.07485755,0.11403033882379532,0.8369781374931335,0.654592752456665
YGL175C,YOR001W,1,-0.07487581,0.11415030807256699,0.8379721641540527,0.654592752456665
YER119C,YPL055C,0,-0.0749049,0.11413484811782837,0.8379721641540527,0.6546928286552429
YGL043W,YFL008W,0,-0.0749487,0.11411939561367035,0.8379721641540527,0.6547929048538208
YDR348C,YJL002C,0,-0.07505747,0.11410395056009293,0.8379721641540527,0.6548929214477539
YKR013W,YGR148C,0,-0.07507683,0.1140885129570961,0.8379721641540527,0.6549929976463318
YDR311W,YLR144C,0,-0.0750988,0.11407307535409927,0.8379721641540527,0.6550930738449097
YDL049C,YIR035C,0,-0.07516388,0.11405763775110245,0.8379721641540527,0.6551930904388428
YJR014W,YOR214C,0,-0.075296365,0.11404220759868622,0.8379721641540527,0.6552931666374207
YJR047C,YDL188C,0,-0.07565286,0.11402678489685059,0.8379721641540527,0.6553932428359985
YBR228W,YIR008C,0,-0.07574864,0.11401136219501495,0.8379721641540527,0.6554933190345764
YGR183C,YNL305C,0,-0.07576427,0.11399593949317932,0.8379721641540527,0.6555933356285095
YOR033C,YKL114C,1,-0.07577963,0.11411573737859726,0.8389661908149719,0.6555933356285095
YMR047C,YOR073W,0,-0.075883165,0.11410030722618103,0.8389661908149719,0.6556934118270874
YDL212W,YKL073W,0,-0.07591684,0.1140848845243454,0.8389661908149719,0.6557934880256653
YMR291W,YBR288C,0,-0.07594245,0.11406946927309036,0.8389661908149719,0.6558935642242432
YNL275W,YDR324C,0,-0.075973175,0.11405405402183533,0.8389661908149719,0.6559935808181763
YIL091C,YLR332W,0,-0.07603161,0.11403864622116089,0.8389661908149719,0.6560936570167542
YNL082W,YFR028C,0,-0.076075755,0.11402323842048645,0.8389661908149719,0.656193733215332
YMR214W,YBR152W,0,-0.07614678,0.11400783807039261,0.8389661908149719,0.6562937498092651
YFL034C-B,YGR240C,0,-0.07633978,0.11399243772029877,0.8389661908149719,0.656393826007843
YMR262W,YNL282W,1,-0.0763893,0.11411208659410477,0.8399602174758911,0.656393826007843
YDR540C,YHR045W,0,-0.07642439,0.11409667879343033,0.8399602174758911,0.6564939022064209
YKL146W,YMR024W,0,-0.076543786,0.11408127099275589,0.8399602174758911,0.6565939784049988
YDL042C,YBR244W,0,-0.076551266,0.11406587809324265,0.8399602174758911,0.6566939949989319
YJR043C,YHR121W,0,-0.07656461,0.1140504777431488,0.8399602174758911,0.6567940711975098
YBR234C,YHR121W,0,-0.07657045,0.11403508484363556,0.8399602174758911,0.6568941473960876
YMR021C,YIL040W,0,-0.07661824,0.11401969939470291,0.8399602174758911,0.6569942235946655
YBR253W,YGL179C,0,-0.07665521,0.11400431394577026,0.8399602174758911,0.6570942401885986
YER021W,YBL105C,0,-0.07672897,0.11398893594741821,0.8399602174758911,0.6571943163871765
YIR021W,YHR084W,0,-0.07679868,0.11397356539964676,0.8399602174758911,0.6572943925857544
YBR104W,YPR065W,0,-0.076855406,0.1139581948518753,0.8399602174758911,0.6573944091796875
YLR225C,YJL042W,0,-0.07693954,0.11394282430410385,0.8399602174758911,0.6574944853782654
YGL184C,YIL097W,0,-0.07704509,0.113927461206913,0.8399602174758911,0.6575945615768433
YKL146W,YML062C,0,-0.077160865,0.11391210556030273,0.8399602174758911,0.6576946377754211
YLR453C,YDR264C,0,-0.07724461,0.11389674991369247,0.8399602174758911,0.6577946543693542
YJR067C,YDL174C,0,-0.07729924,0.11388140171766281,0.8399602174758911,0.6578947305679321
YBR216C,YJL159W,0,-0.077319846,0.11386605352163315,0.8399602174758911,0.65799480676651
YDL181W,YML046W,0,-0.07734984,0.11385071277618408,0.8399602174758911,0.6580948829650879
YKL213C,YFL055W,0,-0.07737593,0.11383537948131561,0.8399602174758911,0.658194899559021
YML007W,YKL193C,0,-0.077380046,0.11382004618644714,0.8399602174758911,0.6582949757575989
YGR091W,YGL044C,0,-0.07742606,0.11380471289157867,0.8399602174758911,0.6583950519561768
YCL026C-A,YPR004C,0,-0.077433355,0.1137893870472908,0.8399602174758911,0.6584950685501099
YGL134W,YNL134C,0,-0.07744068,0.11377406865358353,0.8399602174758911,0.6585951447486877
YPR183W,YIL122W,0,-0.07749259,0.11375875025987625,0.8399602174758911,0.6586952209472656
YPL152W,YLR064W,0,-0.077500656,0.11374343931674957,0.8399602174758911,0.6587952971458435
YKL209C,YBL105C,0,-0.077533394,0.1137281283736229,0.8399602174758911,0.6588953137397766
YMR079W,YJL204C,0,-0.07755135,0.11371282488107681,0.8399602174758911,0.6589953899383545
YJL116C,YJL138C,0,-0.07761519,0.11369752138853073,0.8399602174758911,0.6590954661369324
YDR153C,YPR009W,0,-0.07764654,0.11368222534656525,0.8399602174758911,0.6591955423355103
YML038C,YJR007W,0,-0.07775862,0.11366693675518036,0.8399602174758911,0.6592955589294434
YMR244C-A,YBR135W,0,-0.077775255,0.11365164816379547,0.8399602174758911,0.6593956351280212
YPL032C,YJR159W,0,-0.07779983,0.11363636702299118,0.8399602174758911,0.6594957113265991
YIL127C,YOL001W,0,-0.07787007,0.11362108588218689,0.8399602174758911,0.6595957279205322
YAR008W,YOL068C,0,-0.077878706,0.1136058047413826,0.8399602174758911,0.6596958041191101
YML118W,YJR093C,0,-0.077879906,0.1135905385017395,0.8399602174758911,0.659795880317688
YJL087C,YML118W,1,-0.077925295,0.11370968073606491,0.8409543037414551,0.659795880317688
YDR349C,YIR034C,0,-0.07792622,0.11369439959526062,0.8409543037414551,0.6598959565162659
YEL063C,YML069W,0,-0.07794411,0.11367911845445633,0.8409543037414551,0.659995973110199
YKR098C,YIL063C,0,-0.07802369,0.11366384476423264,0.8409543037414551,0.6600960493087769
YNR036C,YPR066W,0,-0.07804015,0.11364857852458954,0.8409543037414551,0.6601961255073547
YGR023W,YLR027C,0,-0.07805514,0.11363331228494644,0.8409543037414551,0.6602962017059326
YBR280C,YGL201C,0,-0.0781454,0.11361805349588394,0.8409543037414551,0.6603962182998657
YPL246C,YBR008C,0,-0.07816622,0.11360279470682144,0.8409543037414551,0.6604962944984436
YNL035C,YHR043C,0,-0.07816921,0.11358754336833954,0.8409543037414551,0.6605963706970215
YLR274W,YLR431C,0,-0.07833704,0.11357229202985764,0.8409543037414551,0.6606964468955994
YGR013W,YOR083W,0,-0.07835364,0.11355704814195633,0.8409543037414551,0.6607964634895325
YGL125W,YDL201W,0,-0.078412145,0.11354180425405502,0.8409543037414551,0.6608965396881104
YIL158W,YOR367W,0,-0.07844998,0.11352656781673431,0.8409543037414551,0.6609966158866882
YPL055C,YDR540C,0,-0.07865831,0.1135113388299942,0.8409543037414551,0.6610966324806213
YLR034C,YGL254W,0,-0.07867273,0.11349610984325409,0.8409543037414551,0.6611967086791992
YHR079C-A,YPL275W,0,-0.07867362,0.11348088830709457,0.8409543037414551,0.6612967848777771
YBR186W,YDR097C,0,-0.078689635,0.11346566677093506,0.8409543037414551,0.661396861076355
YBR229C,YMR162C,0,-0.078766964,0.11345045268535614,0.8409543037414551,0.6614968776702881
YNL085W,YBR012W-B,1,-0.078784,0.11356931924819946,0.8419483304023743,0.6614968776702881
YBL099W,YDL049C,0,-0.078836866,0.11355409771203995,0.8419483304023743,0.661596953868866
YOR196C,YHR176W,0,-0.07887746,0.11353887617588043,0.8419483304023743,0.6616970300674438
YHR065C,YGL032C,0,-0.07895401,0.11352365463972092,0.8419483304023743,0.6617971062660217
YGL160W,YJR044C,0,-0.07903825,0.113508440554142,0.8419483304023743,0.6618971228599548
YPL016W,YDL042C,0,-0.07905837,0.11349323391914368,0.8419483304023743,0.6619971990585327
YNL001W,YNL085W,1,-0.07917142,0.11361200362443924,0.8429423570632935,0.6619971990585327
YIR022W,YMR323W,0,-0.079182506,0.11359678208827972,0.8429423570632935,0.6620972752571106
YMR244C-A,YIL097W,0,-0.07932323,0.1135815680027008,0.8429423570632935,0.6621972918510437
YIL117C,YNL220W,0,-0.07952002,0.11356636136770248,0.8429423570632935,0.6622973680496216
YCL011C,YGL008C,0,-0.07956596,0.11355115473270416,0.8429423570632935,0.6623974442481995
YJR017C,YKL157W,0,-0.079592966,0.11353594809770584,0.8429423570632935,0.6624975204467773
YER065C,YDR307W,0,-0.07963533,0.11352074891328812,0.8429423570632935,0.6625975370407104
YPL236C,YHR062C,0,-0.079667,0.11350555717945099,0.8429423570632935,0.6626976132392883
YNL126W,YNL069C,0,-0.07968864,0.11349036544561386,0.8429423570632935,0.6627976894378662
YBR154C,YIL097W,0,-0.0797701,0.11347517371177673,0.8429423570632935,0.6628977656364441
YBR152W,YGL166W,0,-0.07978976,0.1134599968791008,0.8429423570632935,0.6629977822303772
YBL018C,YMR271C,0,-0.07988616,0.11344481259584427,0.8429423570632935,0.6630978584289551
YER019W,YBR229C,0,-0.07994318,0.11342964321374893,0.8429423570632935,0.663197934627533
YLR393W,YBL002W,0,-0.08006151,0.1134144738316536,0.8429423570632935,0.6632979512214661
YMR278W,YOR339C,0,-0.08016649,0.11339930444955826,0.8429423570632935,0.663398027420044
YLR408C,YOR133W,0,-0.08031558,0.11338414251804352,0.8429423570632935,0.6634981036186218
YCR097W,YGR261C,0,-0.08034993,0.11336898058652878,0.8429423570632935,0.6635981798171997
YAR071W,YBR014C,0,-0.080361605,0.11335382610559464,0.8429423570632935,0.6636981964111328
YNL072W,YGR284C,0,-0.080363,0.11333867907524109,0.8429423570632935,0.6637982726097107
YDR432W,YPL266W,0,-0.08036364,0.11332353204488754,0.8429423570632935,0.6638983488082886
YLR272C,YAR066W,0,-0.08037791,0.1133083924651146,0.8429423570632935,0.6639984250068665
YOR312C,YPL057C,0,-0.08039366,0.11329325288534164,0.8429423570632935,0.6640984416007996
YHL002W,YAL061W,0,-0.08042729,0.11327812075614929,0.8429423570632935,0.6641985177993774
YPR029C,YDR324C,0,-0.08058938,0.11326298862695694,0.8429423570632935,0.6642985939979553
YER183C,YNL030W,0,-0.080605075,0.11324786394834518,0.8429423570632935,0.6643986105918884
YKL113C,YOL075C,0,-0.08069746,0.11323273926973343,0.8429423570632935,0.6644986867904663
YBL006C,YDL188C,0,-0.08071168,0.11321762204170227,0.8429423570632935,0.6645987629890442
YPL158C,YNL113W,0,-0.080787435,0.11320251226425171,0.8429423570632935,0.6646988391876221
YLR332W,YMR167W,0,-0.08092208,0.11318740248680115,0.8429423570632935,0.6647988557815552
YKR013W,YEL055C,0,-0.08092536,0.11317229270935059,0.8429423570632935,0.6648989319801331
YGR166W,YIL114C,0,-0.08098033,0.11315719038248062,0.8429423570632935,0.6649990081787109
YDL178W,YKL139W,0,-0.081002474,0.11314209550619125,0.8429423570632935,0.6650990843772888
YNL327W,YDR198C,0,-0.08100705,0.11312700062990189,0.8429423570632935,0.6651991009712219
YHR007C,YJL138C,0,-0.08101417,0.11311191320419312,0.8429423570632935,0.6652991771697998
YPL164C,YGR048W,0,-0.08124809,0.11309682577848434,0.8429423570632935,0.6653992533683777
YPR164W,YDR155C,0,-0.08125009,0.11308174580335617,0.8429423570632935,0.6654992699623108
YIL099W,YLR135W,0,-0.081274524,0.113066665828228,0.8429423570632935,0.6655993461608887
YFL055W,YIL010W,0,-0.08138797,0.11305159330368042,0.8429423570632935,0.6656994223594666
YNR054C,YBL002W,0,-0.08142238,0.11303652077913284,0.8429423570632935,0.6657994985580444
YOL044W,YGR231C,0,-0.08159046,0.11302145570516586,0.8429423570632935,0.6658995151519775
YER065C,YPL046C,0,-0.081606716,0.11300639808177948,0.8429423570632935,0.6659995913505554
YOR362C,YER183C,0,-0.08176005,0.1129913404583931,0.8429423570632935,0.6660996675491333
YGL002W,YKR080W,0,-0.08181108,0.11297628283500671,0.8429423570632935,0.6661997437477112
YML126C,YER157W,0,-0.08188955,0.11296123266220093,0.8429423570632935,0.6662997603416443
YKL152C,YFL003C,0,-0.08191146,0.11294618993997574,0.8429423570632935,0.6663998365402222
YNR069C,YPL124W,0,-0.081957236,0.11293114721775055,0.8429423570632935,0.6664999127388
YDR382W,YDR266C,0,-0.08195768,0.11291611194610596,0.8429423570632935,0.6665999889373779
YPL242C,YGL097W,0,-0.082134634,0.11290107667446136,0.8429423570632935,0.666700005531311
YLR071C,YPR103W,0,-0.082136594,0.11288604885339737,0.8429423570632935,0.6668000817298889
YGL134W,YJR014W,0,-0.08222966,0.11287102103233337,0.8429423570632935,0.6669001579284668
YJL091C,YOR083W,0,-0.082242355,0.11285600066184998,0.8429423570632935,0.6670001745223999
YLR002C,YJL118W,0,-0.08230175,0.11284098774194717,0.8429423570632935,0.6671002507209778
YAL005C,YNR046W,0,-0.08231126,0.11282597482204437,0.8429423570632935,0.6672003269195557
YDL079C,YDR488C,0,-0.08245335,0.11281096190214157,0.8429423570632935,0.6673004031181335
YBR133C,YDL159W,0,-0.082461804,0.11279595643281937,0.8429423570632935,0.6674004197120667
YIL040W,YLR275W,0,-0.08247126,0.11278095841407776,0.8429423570632935,0.6675004959106445
YHL022C,YKL113C,1,-0.08247994,0.11289893835783005,0.8439363837242126,0.6675004959106445
YAL005C,YBR201W,0,-0.08257261,0.11288392543792725,0.8439363837242126,0.6676005721092224
YPR107C,YPR140W,0,-0.08262784,0.11286891996860504,0.8439363837242126,0.6677006483078003
YCR068W,YNL099C,0,-0.082647406,0.11285391449928284,0.8439363837242126,0.6678006649017334
YAR008W,YOR001W,1,-0.08269563,0.11297181993722916,0.8449304103851318,0.6678006649017334
YDR202C,YNL009W,0,-0.08276223,0.11295680701732635,0.8449304103851318,0.6679007411003113
YIL117C,YDR294C,0,-0.08283368,0.11294180154800415,0.8449304103851318,0.6680008172988892
YHR178W,YLR110C,0,-0.082863,0.11292679607868195,0.8449304103851318,0.6681008338928223
YIL121W,YOR153W,0,-0.082951784,0.11291179805994034,0.8449304103851318,0.6682009100914001
YPL083C,YKL113C,1,-0.082975835,0.11302962154150009,0.845924437046051,0.6682009100914001
YNL085W,YHR062C,1,-0.08301173,0.11314740777015686,0.8469184637069702,0.6682009100914001
YDR331W,YPL228W,0,-0.0830206,0.11313238739967346,0.8469184637069702,0.668300986289978
YHL020C,YLR319C,0,-0.08307109,0.11311736702919006,0.8469184637069702,0.6684010624885559
YHR134W,YER001W,0,-0.083186015,0.11310234665870667,0.8469184637069702,0.668501079082489
YOR256C,YMR134W,0,-0.083205074,0.11308733373880386,0.8469184637069702,0.6686011552810669
YML131W,YKL157W,0,-0.08334829,0.11307232826948166,0.8469184637069702,0.6687012314796448
YHR050W,YJR019C,0,-0.08337155,0.11305732280015945,0.8469184637069702,0.6688013076782227
YDR307W,YBL019W,0,-0.08347316,0.11304232478141785,0.8469184637069702,0.6689013242721558
YPR121W,YOL148C,0,-0.08348856,0.11302732676267624,0.8469184637069702,0.6690014004707336
YJR144W,YKR065C,0,-0.083558574,0.11301233619451523,0.8469184637069702,0.6691014766693115
YLR369W,YIR034C,0,-0.08356063,0.11299734562635422,0.8469184637069702,0.6692014932632446
YPL237W,YIR013C,0,-0.08359623,0.1129823625087738,0.8469184637069702,0.6693015694618225
YCR003W,YGL077C,0,-0.08366579,0.11296737939119339,0.8469184637069702,0.6694016456604004
YKR001C,YEL003W,0,-0.0836876,0.11295240372419357,0.8469184637069702,0.6695017218589783
YLR143W,YMR239C,1,-0.08369711,0.11306998878717422,0.8479125499725342,0.6695017218589783
YDR073W,YCR089W,0,-0.08369808,0.11305500566959381,0.8479125499725342,0.6696017384529114
YBL084C,YDR162C,0,-0.08375212,0.1130400225520134,0.8479125499725342,0.6697018146514893
YNL282W,YBR167C,1,-0.08383605,0.11315754801034927,0.8489065766334534,0.6697018146514893
YKL125W,YPL037C,0,-0.08388466,0.11314255744218826,0.8489065766334534,0.6698018908500671
YDL178W,YDL010W,0,-0.08388822,0.11312756687402725,0.8489065766334534,0.669901967048645
YJL092W,YNL009W,0,-0.0839214,0.11311258375644684,0.8489065766334534,0.6700019836425781
YDL155W,YDL178W,0,-0.08403058,0.11309760063886642,0.8489065766334534,0.670102059841156
YHR112C,YJR125C,0,-0.08403738,0.11308262497186661,0.8489065766334534,0.6702021360397339
YJR129C,YDR267C,0,-0.08406391,0.11306765675544739,0.8489065766334534,0.670302152633667
YGL245W,YOR153W,0,-0.08408031,0.11305268853902817,0.8489065766334534,0.6704022288322449
YGL131C,YNL116W,0,-0.08414216,0.11303772032260895,0.8489065766334534,0.6705023050308228
YGR247W,YPR065W,0,-0.08415183,0.11302276700735092,0.8489065766334534,0.6706023812294006
YLL032C,YBL009W,0,-0.084275536,0.1130078062415123,0.8489065766334534,0.6707023978233337
YJL115W,YNL030W,0,-0.08431901,0.11299285292625427,0.8489065766334534,0.6708024740219116
YBR004C,YAL061W,0,-0.08453855,0.11297790706157684,0.8489065766334534,0.6709025502204895
YIR028W,YNR069C,0,-0.084598854,0.11296296119689941,0.8489065766334534,0.6710026264190674
YOR307C,YKL184W,0,-0.08469888,0.11294802278280258,0.8489065766334534,0.6711026430130005
YKL213C,YOR361C,0,-0.08474233,0.11293308436870575,0.8489065766334534,0.6712027192115784
YDR020C,YFR028C,0,-0.08476931,0.11291815340518951,0.8489065766334534,0.6713027954101562
YGL023C,YBR298C,0,-0.08478439,0.11290322244167328,0.8489065766334534,0.6714028120040894
YPL132W,YOL148C,0,-0.08478622,0.11288829892873764,0.8489065766334534,0.6715028882026672
YPL069C,YHR176W,0,-0.08478972,0.1128733828663826,0.8489065766334534,0.6716029644012451
YFL052W,YNL035C,0,-0.08479576,0.11285846680402756,0.8489065766334534,0.671703040599823
YGR090W,YBR021W,0,-0.08480679,0.11284355074167252,0.8489065766334534,0.6718030571937561
YCR068W,YOR005C,0,-0.08487879,0.11282864212989807,0.8489065766334534,0.671903133392334
YFR055W,YGL008C,0,-0.0848884,0.11281374096870422,0.8489065766334534,0.6720032095909119
YCL011C,YBR056W,0,-0.08494607,0.11279883980751038,0.8489065766334534,0.6721032857894897
YBR152W,YNL047C,0,-0.084980756,0.11278393864631653,0.8489065766334534,0.6722033023834229
YLR051C,YPL081W,0,-0.08502908,0.11276904493570328,0.8489065766334534,0.6723033785820007
YHR007C,YIR033W,0,-0.085136704,0.11275415867567062,0.8489065766334534,0.6724034547805786
YIL091C,YIL050W,0,-0.08519321,0.11273927241563797,0.8489065766334534,0.6725035309791565
YPL241C,YPR185W,0,-0.08522177,0.11272439360618591,0.8489065766334534,0.6726035475730896
YCR066W,YML029W,0,-0.08523692,0.11270951479673386,0.8489065766334534,0.6727036237716675
YOR197W,YDL236W,0,-0.0852875,0.1126946434378624,0.8489065766334534,0.6728036999702454
YPL088W,YHR166C,0,-0.08539872,0.11267977207899094,0.8489065766334534,0.6729037165641785
YFL031W,YJL020C,0,-0.08540936,0.11266490817070007,0.8489065766334534,0.6730037927627563
YER065C,YNL003C,0,-0.08549726,0.11265004426240921,0.8489065766334534,0.6731038689613342
YLR071C,YML123C,0,-0.08554532,0.11263518780469894,0.8489065766334534,0.6732039451599121
YGR209C,YBR070C,0,-0.08563884,0.11262033134698868,0.8489065766334534,0.6733039617538452
YOR056C,YGR095C,1,-0.08564242,0.11273734271526337,0.8499006032943726,0.6733039617538452
YFR042W,YDR016C,0,-0.085832834,0.1127224788069725,0.8499006032943726,0.6734040379524231
YLR369W,YOR005C,0,-0.085866466,0.11270762234926224,0.8499006032943726,0.673504114151001
YFL055W,YAL055W,0,-0.08605191,0.11269276589155197,0.8499006032943726,0.6736041903495789
YCR026C,YMR285C,1,-0.08607541,0.11280970275402069,0.8508946299552917,0.6736041903495789
YNL064C,YDR338C,0,-0.086179,0.11279483139514923,0.8508946299552917,0.673704206943512
YLR225C,YGL033W,0,-0.086250655,0.11277997493743896,0.8508946299552917,0.6738042831420898
YGR087C,YDL049C,0,-0.086266965,0.1127651184797287,0.8508946299552917,0.6739043593406677
YDR006C,YDR307W,0,-0.086323135,0.11275026202201843,0.8508946299552917,0.6740043759346008
YBR215W,YCR003W,0,-0.08636374,0.11273541301488876,0.8508946299552917,0.6741044521331787
YKR045C,YPL192C,0,-0.086400226,0.11272057145833969,0.8508946299552917,0.6742045283317566
YNL177C,YAL055W,0,-0.08652116,0.11270572990179062,0.8508946299552917,0.6743046045303345
YLR174W,YMR024W,0,-0.08662972,0.11269088834524155,0.8508946299552917,0.6744046211242676
YLR342W,YPL023C,0,-0.08668672,0.11267605423927307,0.8508946299552917,0.6745046973228455
YCR071C,YMR244C-A,0,-0.08669182,0.11266122758388519,0.8508946299552917,0.6746047735214233
YMR266W,YLL054C,0,-0.08674707,0.11264640092849731,0.8508946299552917,0.6747048497200012
YOR022C,YHR032W,0,-0.08678372,0.11263158172369003,0.8508946299552917,0.6748048663139343
YDR255C,YJL160C,0,-0.086813256,0.11261676251888275,0.8508946299552917,0.6749049425125122
YGR240C,YOR028C,0,-0.08695589,0.11260194331407547,0.8508946299552917,0.6750050187110901
YHL007C,YOR303W,0,-0.0869658,0.11258713901042938,0.8508946299552917,0.6751050353050232
YMR161W,YBR201W,0,-0.087020054,0.1125723272562027,0.8508946299552917,0.6752051115036011
YFR009W,YKR001C,0,-0.08704655,0.11255753040313721,0.8508946299552917,0.675305187702179
YPL283C,YIL157C,0,-0.087069124,0.11254272609949112,0.8508946299552917,0.6754052639007568
YDR210W,YIL082W-A,0,-0.087085746,0.11252793669700623,0.8508946299552917,0.6755052804946899
YKL152C,YJL203W,0,-0.08709469,0.11251314729452133,0.8508946299552917,0.6756053566932678
YLR174W,YDL155W,0,-0.08718169,0.11249835789203644,0.8508946299552917,0.6757054328918457
YMR162C,YDR352W,0,-0.08719357,0.11248357594013214,0.8508946299552917,0.6758055090904236
YHR187W,YDR302W,0,-0.08732331,0.11246879398822784,0.8508946299552917,0.6759055256843567
YJR152W,YCR089W,0,-0.087401986,0.11245401948690414,0.8508946299552917,0.6760056018829346
YHR007C,YOR234C,0,-0.0874615,0.11243924498558044,0.8508946299552917,0.6761056780815125
YNR023W,YGL097W,0,-0.08747403,0.11242447793483734,0.8508946299552917,0.6762056946754456
YHR091C,YBL005W-A,0,-0.087546624,0.11240971833467484,0.8508946299552917,0.6763057708740234
YJR056C,YOR153W,0,-0.08756228,0.11239495873451233,0.8508946299552917,0.6764058470726013
YHR098C,YPL057C,0,-0.08758793,0.11238019913434982,0.8508946299552917,0.6765059232711792
YJR064W,YJL122W,0,-0.087723225,0.11236544698476791,0.8508946299552917,0.6766059398651123
YNL229C,YIL129C,0,-0.08772604,0.1123507022857666,0.8508946299552917,0.6767060160636902
YNL088W,YKL209C,0,-0.087732844,0.11233595758676529,0.8508946299552917,0.6768060922622681
YJL063C,YJL020C,0,-0.08785969,0.11232122033834457,0.8508946299552917,0.676906168460846
YJL177W,YKL008C,0,-0.087887675,0.11230648308992386,0.8508946299552917,0.677006185054779
YLR362W,YLR449W,0,-0.087922096,0.11229174584150314,0.8508946299552917,0.6771062612533569
YFL055W,YOR339C,0,-0.087943666,0.11227702349424362,0.8508946299552917,0.6772063374519348
YGL124C,YGR215W,0,-0.0879498,0.1122622936964035,0.8508946299552917,0.6773063540458679
YMR058W,YGL257C,0,-0.08803943,0.11224757134914398,0.8508946299552917,0.6774064302444458
YML014W,YKL148C,0,-0.08805045,0.11223285645246506,0.8508946299552917,0.6775065064430237
YFL052W,YMR030W,0,-0.08812062,0.11221814155578613,0.8508946299552917,0.6776065826416016
YOL017W,YNL312W,0,-0.088183224,0.1122034341096878,0.8508946299552917,0.6777065992355347
YOL088C,YFL052W,0,-0.088357344,0.11218872666358948,0.8508946299552917,0.6778066754341125
YEL034W,YDR489W,0,-0.088370666,0.11217402666807175,0.8508946299552917,0.6779067516326904
YIL015W,YGR065C,0,-0.08844526,0.11215932667255402,0.8508946299552917,0.6780068278312683
YBR215W,YML008C,0,-0.08849468,0.11214463412761688,0.8508946299552917,0.6781068444252014
YPR185W,YGR172C,0,-0.08852363,0.11212994158267975,0.8508946299552917,0.6782069206237793
YER144C,YCR042C,0,-0.08852832,0.11211525648832321,0.8508946299552917,0.6783069968223572
YLR378C,YLL042C,0,-0.08853543,0.11210057884454727,0.8508946299552917,0.6784070730209351
YOL094C,YBR186W,0,-0.08860939,0.11208590120077133,0.8508946299552917,0.6785070896148682
YAL001C,YAL055W,0,-0.088660404,0.11207122355699539,0.8508946299552917,0.678607165813446
YPL032C,YOL058W,0,-0.088680714,0.11205655336380005,0.8508946299552917,0.6787072420120239
YOR339C,YBR244W,0,-0.08870008,0.1120418831706047,0.8508946299552917,0.678807258605957
YOR354C,YOR017W,0,-0.088718854,0.11202722042798996,0.8508946299552917,0.6789073348045349
YFL034C-A,YBR110W,0,-0.08872512,0.11201256513595581,0.8508946299552917,0.6790074110031128
YNL134C,YDL191W,0,-0.088750064,0.11199790984392166,0.8508946299552917,0.6791074872016907
YBL042C,YBR199W,0,-0.08876403,0.11198325455188751,0.8508946299552917,0.6792075037956238
YKL146W,YDR198C,0,-0.08877971,0.11196860671043396,0.8508946299552917,0.6793075799942017
YPR029C,YDR349C,0,-0.08884146,0.111953966319561,0.8508946299552917,0.6794076561927795
YMR161W,YDR267C,0,-0.088914625,0.11193932592868805,0.8508946299552917,0.6795077323913574
YJR125C,YMR083W,0,-0.08896958,0.1119246855378151,0.8508946299552917,0.6796077489852905
YPL256C,YDR291W,0,-0.089056775,0.11191005259752274,0.8508946299552917,0.6797078251838684
YCL038C,YGL065C,0,-0.0890662,0.11189542710781097,0.8508946299552917,0.6798079013824463
YKL213C,YGR277C,0,-0.0891816,0.11188080161809921,0.8508946299552917,0.6799079179763794
YNL299W,YBR104W,0,-0.08922477,0.11186617612838745,0.8508946299552917,0.6800079941749573
YLR069C,YNR069C,0,-0.08930389,0.11185155808925629,0.8508946299552917,0.6801080703735352
YBR228W,YBR012W-B,1,-0.08939426,0.11196760088205338,0.8518886566162109,0.6801080703735352
YGR277C,YLL052C,0,-0.08950314,0.11195297539234161,0.8518886566162109,0.680208146572113
YDR522C,YNL229C,0,-0.089560434,0.11193834990262985,0.8518886566162109,0.6803081631660461
YOL110W,YPL190C,0,-0.089607775,0.11192373186349869,0.8518886566162109,0.680408239364624
YLL015W,YLR229C,0,-0.08966859,0.11190911382436752,0.8518886566162109,0.6805083155632019
YGL020C,YDR354W,0,-0.089704335,0.11189450323581696,0.8518886566162109,0.6806083917617798
YOR293W,YDR001C,0,-0.08970487,0.11187989264726639,0.8518886566162109,0.6807084083557129
YOR173W,YLR216C,0,-0.08974458,0.11186528950929642,0.8518886566162109,0.6808084845542908
YGL038C,YPR052C,0,-0.08976849,0.11185069382190704,0.8518886566162109,0.6809085607528687
YGR121C,YNL134C,0,-0.08980975,0.11183609813451767,0.8518886566162109,0.6810085773468018
YDR142C,YIR021W,0,-0.08983318,0.1118215024471283,0.8518886566162109,0.6811086535453796
YGL023C,YHR191C,0,-0.08994187,0.11180691421031952,0.8518886566162109,0.6812087297439575
YER058W,YKR046C,0,-0.089974895,0.11179233342409134,0.8518886566162109,0.6813088059425354
YOR149C,YGR023W,0,-0.09008965,0.11177774518728256,0.8518886566162109,0.6814088225364685
YOR095C,YKL027W,0,-0.09010888,0.11176317185163498,0.8518886566162109,0.6815088987350464
YER142C,YOL042W,1,-0.09013685,0.11187899112701416,0.8528826832771301,0.6815088987350464
YPR107C,YDR123C,0,-0.0901805,0.11186441034078598,0.8528826832771301,0.6816089749336243
YPL283C,YOR064C,0,-0.090181485,0.1118498221039772,0.8528826832771301,0.6817090511322021
YBL004W,YMR044W,0,-0.09024473,0.11183524876832962,0.8528826832771301,0.6818090677261353
YKR098C,YML014W,0,-0.090303734,0.11182066798210144,0.8528826832771301,0.6819091439247131
YCR102C,YOR122C,0,-0.09030678,0.11180610209703445,0.8528826832771301,0.682009220123291
YJR086W,YDR540C,0,-0.09032564,0.11179152876138687,0.8528826832771301,0.6821092367172241
YPL012W,YGL150C,0,-0.09034176,0.11177697032690048,0.8528826832771301,0.682209312915802
YAL042W,YKL139W,0,-0.09034421,0.1117624044418335,0.8528826832771301,0.6823093891143799
YDR113C,YMR199W,0,-0.09035905,0.1117478534579277,0.8528826832771301,0.6824094653129578
YLR144C,YPL158C,0,-0.090529285,0.11173329502344131,0.8528826832771301,0.6825094819068909
YBR236C,YFL003C,0,-0.09066448,0.11171875149011612,0.8528826832771301,0.6826095581054688
YJR099W,YPL230W,0,-0.09072578,0.11170420795679092,0.8528826832771301,0.6827096343040466
YGR186W,YBR104W,0,-0.09072804,0.11168966442346573,0.8528826832771301,0.6828097105026245
YCL026C-A,YKL084W,0,-0.090847954,0.11167512834072113,0.8528826832771301,0.6829097270965576
YJL184W,YGR207C,0,-0.09086282,0.11166059225797653,0.8528826832771301,0.6830098032951355
YMR164C,YGR098C,0,-0.090922706,0.11164606362581253,0.8528826832771301,0.6831098794937134
YFR042W,YJR091C,0,-0.091084525,0.11163153499364853,0.8528826832771301,0.6832099556922913
YNR023W,YJR077C,0,-0.091128945,0.11161701381206512,0.8528826832771301,0.6833099722862244
YDR058C,YHR062C,0,-0.09117439,0.11160250008106232,0.8528826832771301,0.6834100484848022
YER069W,YKL046C,0,-0.09120393,0.11158798635005951,0.8528826832771301,0.6835101246833801
YPL088W,YAL047C,0,-0.0912073,0.1115734726190567,0.8528826832771301,0.6836101412773132
YBR018C,YHR102W,0,-0.09120796,0.11155896633863449,0.8528826832771301,0.6837102174758911
YGR284C,YFL003C,0,-0.091259636,0.11154446005821228,0.8528826832771301,0.683810293674469
YNL116W,YLR256W,0,-0.09127153,0.11152996122837067,0.8528826832771301,0.6839103698730469
YNR054C,YNL064C,0,-0.09128109,0.11151546984910965,0.8528826832771301,0.68401038646698
YLR128W,YPR104C,0,-0.091339916,0.11150097101926804,0.8528826832771301,0.6841104626655579
YCR042C,YJL076W,0,-0.09136839,0.11148648709058762,0.8528826832771301,0.6842105388641357
YBR073W,YER058W,0,-0.091475934,0.1114720031619072,0.8528826832771301,0.6843106150627136
YBR236C,YDR354W,0,-0.09155032,0.11145751923322678,0.8528826832771301,0.6844106316566467
YER039C,YDL049C,0,-0.091609195,0.11144304275512695,0.8528826832771301,0.6845107078552246
YPL232W,YCR048W,0,-0.091683336,0.11142857372760773,0.8528826832771301,0.6846107840538025
YLR057W,YLR022C,0,-0.091687456,0.1114141047000885,0.8528826832771301,0.6847108006477356
YDR143C,YML046W,0,-0.09173031,0.11139963567256927,0.8528826832771301,0.6848108768463135
YMR106C,YOR255W,0,-0.09174045,0.11138517409563065,0.8528826832771301,0.6849109530448914
YGL160W,YPR033C,0,-0.091815904,0.11137071996927261,0.8528826832771301,0.6850110292434692
YGR195W,YOR293W,0,-0.091851786,0.11135626584291458,0.8528826832771301,0.6851110458374023
YJL177W,YMR278W,0,-0.09188804,0.11134181171655655,0.8528826832771301,0.6852111220359802
YPL190C,YPR124W,0,-0.09196994,0.11132736504077911,0.8528826832771301,0.6853111982345581
YGR108W,YBL003C,0,-0.09205,0.11131291836500168,0.8528826832771301,0.685411274433136
YDR540C,YNL305C,0,-0.09236051,0.11129847913980484,0.8528826832771301,0.6855112910270691
YNL264C,YJL002C,0,-0.09236926,0.1112840473651886,0.8528826832771301,0.685611367225647
YBR280C,YGR198W,0,-0.09244473,0.11126961559057236,0.8528826832771301,0.6857114434242249
YGL125W,YJL050W,0,-0.092459336,0.11125518381595612,0.8528826832771301,0.685811460018158
YMR216C,YGR207C,0,-0.092469096,0.11124075949192047,0.8528826832771301,0.6859115362167358
YLR431C,YER160C,0,-0.092491195,0.11122634261846542,0.8528826832771301,0.6860116124153137
YML024W,YHR019C,0,-0.092567876,0.11121192574501038,0.8528826832771301,0.6861116886138916
YLR205C,YOR033C,0,-0.09259766,0.11119750887155533,0.8528826832771301,0.6862117052078247
YKL112W,YMR244C-A,0,-0.092613205,0.11118309944868088,0.8528826832771301,0.6863117814064026
YDR540C,YPL008W,0,-0.0927079,0.11116869747638702,0.8528826832771301,0.6864118576049805
YLR398C,YIL103W,0,-0.092723,0.11115429550409317,0.8528826832771301,0.6865119338035583
YGL022W,YER016W,0,-0.09279947,0.11113989353179932,0.8528826832771301,0.6866119503974915
YCR089W,YNR051C,0,-0.09280343,0.11112549901008606,0.8528826832771301,0.6867120265960693
YGR028W,YGR041W,0,-0.09283286,0.1111111119389534,0.8528826832771301,0.6868121027946472
YDR385W,YDR477W,0,-0.09285976,0.11109672486782074,0.8528826832771301,0.6869121193885803
YHR183W,YJR064W,0,-0.093014464,0.11108233779668808,0.8528826832771301,0.6870121955871582
YDR316W,YEL009C,0,-0.093027666,0.11106795817613602,0.8528826832771301,0.6871122717857361
YLR027C,YBL105C,0,-0.09303906,0.11105358600616455,0.8528826832771301,0.687212347984314
YKL107W,YKL221W,0,-0.09306154,0.11103921383619308,0.8528826832771301,0.6873123645782471
YJR017C,YOR130C,0,-0.0930627,0.11102484166622162,0.8528826832771301,0.687412440776825
YCR083W,YMR305C,0,-0.09310393,0.11101047694683075,0.8528826832771301,0.6875125169754028
YDR155C,YGR206W,0,-0.09326477,0.11099611967802048,0.8528826832771301,0.6876125931739807
YJL139C,YBR234C,0,-0.093384236,0.1109817624092102,0.8528826832771301,0.6877126097679138
YDR214W,YFL034C-B,0,-0.09340438,0.11096740514039993,0.8528826832771301,0.6878126859664917
YML010W,YBR008C,0,-0.093409434,0.11095305532217026,0.8528826832771301,0.6879127621650696
YLR136C,YDL191W,0,-0.09345639,0.11093871295452118,0.8528826832771301,0.6880127787590027
YMR135C,YHR121W,0,-0.093470894,0.1109243705868721,0.8528826832771301,0.6881128549575806
YCR026C,YKL025C,1,-0.09348373,0.11103929579257965,0.8538767099380493,0.6881128549575806
YJR159W,YJR019C,0,-0.09357087,0.11102494597434998,0.8538767099380493,0.6882129311561584
YOR005C,YBL101C,0,-0.093630664,0.1110105961561203,0.8538767099380493,0.6883130073547363
YCR102C,YGR172C,0,-0.09364814,0.11099625378847122,0.8538767099380493,0.6884130239486694
YLR242C,YML062C,0,-0.09372416,0.11098191142082214,0.8538767099380493,0.6885131001472473
YBR216C,YGR108W,0,-0.09376154,0.11096757650375366,0.8538767099380493,0.6886131763458252
YHL007C,YIL162W,0,-0.09396292,0.11095324158668518,0.8538767099380493,0.6887132525444031
YDR017C,YER004W,0,-0.09402393,0.1109389141201973,0.8538767099380493,0.6888132691383362
YHR121W,YEL009C,0,-0.094058976,0.11092458665370941,0.8538767099380493,0.6889133453369141
YGL134W,YGL234W,0,-0.09410957,0.11091026663780212,0.8538767099380493,0.6890134215354919
YOR344C,YER166W,0,-0.09417488,0.11089594662189484,0.8538767099380493,0.6891134977340698
YOL006C,YHR026W,0,-0.0942373,0.11088163405656815,0.8538767099380493,0.6892135143280029
YLR069C,YDR198C,0,-0.0942388,0.11086732149124146,0.8538767099380493,0.6893135905265808
YLR071C,YBR088C,0,-0.09425105,0.11085301637649536,0.8538767099380493,0.6894136667251587
YGR227W,YBR021W,0,-0.09433742,0.11083871126174927,0.8538767099380493,0.6895136833190918
YBL004W,YKL211C,0,-0.0943475,0.11082440614700317,0.8538767099380493,0.6896137595176697
YNL064C,YHR039C,0,-0.09436183,0.11081011593341827,0.8538767099380493,0.6897138357162476
YOR368W,YCL074W,1,-0.09443391,0.11092480272054672,0.8548707962036133,0.6897138357162476
YNR063W,YER183C,0,-0.09465893,0.11091049760580063,0.8548707962036133,0.6898139119148254
YGR048W,YOL049W,0,-0.09472885,0.11089619249105453,0.8548707962036133,0.6899139285087585
YGR098C,YJL020C,0,-0.09483356,0.11088189482688904,0.8548707962036133,0.6900140047073364
YDR017C,YDL092W,0,-0.09489165,0.11086760461330414,0.8548707962036133,0.6901140809059143
YAL032C,YGR247W,0,-0.094892226,0.11085331439971924,0.8548707962036133,0.6902141571044922
YHR143W-A,YGL065C,0,-0.094907805,0.11083902418613434,0.8548707962036133,0.6903141736984253
YLR051C,YML072C,0,-0.09497966,0.11082474142313004,0.8548707962036133,0.6904142498970032
YGL130W,YDL052C,0,-0.09500321,0.11081046611070633,0.8548707962036133,0.690514326095581
YJL050W,YOR336W,0,-0.09502211,0.11079618334770203,0.8548707962036133,0.6906143426895142
YKL086W,YCR020W-B,0,-0.0950461,0.11078191548585892,0.8548707962036133,0.690714418888092
YDL181W,YGR152C,0,-0.09517178,0.11076764762401581,0.8548707962036133,0.6908144950866699
YBR217W,YGR198W,0,-0.095195435,0.1107533797621727,0.8548707962036133,0.6909145712852478
YLR070C,YHR026W,0,-0.09533704,0.11073911935091019,0.8548707962036133,0.6910145878791809
YBR234C,YOL049W,0,-0.095358655,0.11072485893964767,0.8548707962036133,0.6911146640777588
YGR125W,YBL101C,0,-0.095427155,0.11071060597896576,0.8548707962036133,0.6912147402763367
YEL046C,YKL209C,0,-0.09571651,0.11069636046886444,0.8548707962036133,0.6913148164749146
YDL079C,YDR394W,0,-0.09573631,0.11068210750818253,0.8548707962036133,0.6914148330688477
YDL232W,YEL026W,0,-0.0957506,0.1106678694486618,0.8548707962036133,0.6915149092674255
YKL125W,YJL111W,0,-0.0957849,0.11065363138914108,0.8548707962036133,0.6916149854660034
YJR064W,YPL069C,0,-0.095833,0.11063939332962036,0.8548707962036133,0.6917150020599365
YPL227C,YER048C,0,-0.09594549,0.11062516272068024,0.8548707962036133,0.6918150782585144
YPL228W,YOR198C,0,-0.096022114,0.11061093211174011,0.8548707962036133,0.6919151544570923
YDR452W,YCR088W,0,-0.09602694,0.11059670895338058,0.8548707962036133,0.6920152306556702
YMR011W,YPR121W,0,-0.09605497,0.11058248579502106,0.8548707962036133,0.6921152472496033
YOR328W,YGL187C,0,-0.09607123,0.11056827008724213,0.8548707962036133,0.6922153234481812
YDR339C,YDR113C,0,-0.0960978,0.1105540543794632,0.8548707962036133,0.692315399646759
YPL241C,YJL111W,0,-0.09610401,0.11053984612226486,0.8548707962036133,0.6924154758453369
YIL041W,YLL032C,0,-0.096121624,0.11052563786506653,0.8548707962036133,0.69251549243927
YKL113C,YML008C,0,-0.096183315,0.11051143705844879,0.8548707962036133,0.6926155686378479
YDR346C,YDR156W,0,-0.096279904,0.11049723625183105,0.8548707962036133,0.6927156448364258
YLR166C,YBR204C,0,-0.09636748,0.11048304289579391,0.8548707962036133,0.6928156614303589
YAL001C,YGR074W,0,-0.096459076,0.11046884953975677,0.8548707962036133,0.6929157376289368
YJL099W,YLR022C,0,-0.09647764,0.11045466363430023,0.8548707962036133,0.6930158138275146
YDL193W,YMR154C,0,-0.096563734,0.11044047772884369,0.8548707962036133,0.6931158900260925
YPR025C,YLR399C,0,-0.09661161,0.11042629927396774,0.8548707962036133,0.6932159066200256
YPR018W,YDL064W,0,-0.096742645,0.1104121208190918,0.8548707962036133,0.6933159828186035
YMR251W-A,YNL265C,0,-0.09681876,0.11039794236421585,0.8548707962036133,0.6934160590171814
YGL086W,YKL209C,0,-0.096869394,0.1103837788105011,0.8548707962036133,0.6935161352157593
YBL046W,YDL159W,0,-0.09690401,0.11036960780620575,0.8548707962036133,0.6936161518096924
YLR138W,YJL111W,0,-0.0970034,0.110355444252491,0.8548707962036133,0.6937162280082703
YNL327W,YOR245C,0,-0.09703736,0.11034128814935684,0.8548707962036133,0.6938163042068481
YDL150W,YIR008C,0,-0.09713413,0.11032713204622269,0.8548707962036133,0.6939163208007812
YCL010C,YFL008W,0,-0.09715886,0.11031298339366913,0.8548707962036133,0.6940163969993591
YLR035C,YLR136C,0,-0.0971591,0.11029883474111557,0.8548707962036133,0.694116473197937
YPR020W,YNL224C,0,-0.09720039,0.11028468608856201,0.8548707962036133,0.6942165493965149
YML131W,YML026C,0,-0.0972303,0.11027054488658905,0.8548707962036133,0.694316565990448
YDL025C,YPL158C,0,-0.09726516,0.11025641113519669,0.8548707962036133,0.6944166421890259
YBL099W,YDR237W,0,-0.09728589,0.11024227738380432,0.8548707962036133,0.6945167183876038
YDR147W,YLR002C,0,-0.09738272,0.11022814363241196,0.8548707962036133,0.6946167945861816
YML029W,YOR293W,0,-0.09739103,0.11021401733160019,0.8548707962036133,0.6947168111801147
YCR097W,YBR167C,0,-0.09740761,0.11019989848136902,0.8548707962036133,0.6948168873786926
YNL035C,YMR068W,0,-0.097434804,0.11018577963113785,0.8548707962036133,0.6949169635772705
YOR178C,YNL035C,0,-0.097458884,0.11017166078090668,0.8548707962036133,0.6950170397758484
YDR339C,YPR061C,0,-0.097494245,0.1101575493812561,0.8548707962036133,0.6951170563697815
YPL128C,YNL312W,0,-0.09758671,0.11014344543218613,0.8548707962036133,0.6952171325683594
YPR145W,YMR266W,0,-0.09759122,0.11012934148311615,0.8548707962036133,0.6953172087669373
YDR338C,YGR186W,0,-0.097633235,0.11011523753404617,0.8548707962036133,0.6954172253608704
YKL208W,YNL270C,0,-0.09770372,0.1101011410355568,0.8548707962036133,0.6955173015594482
YGL033W,YBR288C,0,-0.09772079,0.11008704453706741,0.8548707962036133,0.6956173777580261
YDR099W,YDR123C,0,-0.09784091,0.11007295548915863,0.8548707962036133,0.695717453956604
YGR121C,YOR188W,0,-0.097859725,0.11005886644124985,0.8548707962036133,0.6958174705505371
YLR133W,YDL236W,0,-0.09797918,0.11004478484392166,0.8548707962036133,0.695917546749115
YBR298C,YBR019C,0,-0.09798545,0.11003070324659348,0.8548707962036133,0.6960176229476929
YCR066W,YLR272C,0,-0.0980193,0.11001662909984589,0.8548707962036133,0.6961176991462708
YDL178W,YNL099C,0,-0.09805326,0.1100025549530983,0.8548707962036133,0.6962177157402039
YIL063C,YPR056W,0,-0.09813455,0.1099884882569313,0.8548707962036133,0.6963177919387817
YBR152W,YGR013W,0,-0.09813573,0.10997442156076431,0.8548707962036133,0.6964178681373596
YDR385W,YIL091C,0,-0.09818141,0.10996036231517792,0.8548707962036133,0.6965178847312927
YBR056W,YGL055W,0,-0.09818434,0.10994630306959152,0.8548707962036133,0.6966179609298706
YOR048C,YCL074W,1,-0.09818813,0.11006008088588715,0.8558648228645325,0.6966179609298706
YGL207W,YER004W,0,-0.09819344,0.11004601418972015,0.8558648228645325,0.6967180371284485
YOR094W,YHR183W,0,-0.098250195,0.11003194749355316,0.8558648228645325,0.6968181133270264
YPL009C,YPR075C,0,-0.0982541,0.11001788824796677,0.8558648228645325,0.6969181299209595
YMR021C,YGR067C,0,-0.09839554,0.11000383645296097,0.8558648228645325,0.6970182061195374
YPR023C,YNL265C,0,-0.098413244,0.10998977720737457,0.8558648228645325,0.6971182823181152
YMR189W,YMR161W,0,-0.098446585,0.10997573286294937,0.8558648228645325,0.6972183585166931
YGL124C,YIR034C,0,-0.09855133,0.10996168851852417,0.8558648228645325,0.6973183751106262
YKL086W,YNL072W,0,-0.09857587,0.10994764417409897,0.8558648228645325,0.6974184513092041
YDR385W,YHR115C,0,-0.09859544,0.10993360728025436,0.8558648228645325,0.697518527507782
YDR485C,YOL113W,0,-0.09860552,0.10991957038640976,0.8558648228645325,0.6976185441017151
YFL050C,YDL044C,0,-0.0986519,0.10990554094314575,0.8558648228645325,0.697718620300293
YPR151C,YLR084C,0,-0.09867622,0.10989151149988174,0.8558648228645325,0.6978186964988708
YOR234C,YDL156W,0,-0.09870657,0.10987748950719833,0.8558648228645325,0.6979187726974487
YJL014W,YLL054C,0,-0.09874336,0.10986346751451492,0.8558648228645325,0.6980187892913818
YMR216C,YMR167W,0,-0.09875535,0.10984945297241211,0.8558648228645325,0.6981188654899597
YNL169C,YPL128C,0,-0.09876327,0.1098354384303093,0.8558648228645325,0.6982189416885376
YOL006C,YIL050W,0,-0.09883639,0.10982143133878708,0.8558648228645325,0.6983190178871155
YHR104W,YGL033W,0,-0.09890455,0.10980742424726486,0.8558648228645325,0.6984190344810486
YOL060C,YBR104W,0,-0.09894496,0.10979341715574265,0.8558648228645325,0.6985191106796265
YLR342W,YBR265W,0,-0.09895357,0.10977941751480103,0.8558648228645325,0.6986191868782043
YDR339C,YLR372W,0,-0.099043086,0.10976542532444,0.8558648228645325,0.6987192034721375
YNR023W,YKR092C,0,-0.099052146,0.10975143313407898,0.8558648228645325,0.6988192796707153
YBR179C,YKR065C,0,-0.09916696,0.10973744839429855,0.8558648228645325,0.6989193558692932
YHR003C,YJL104W,0,-0.099235944,0.10972346365451813,0.8558648228645325,0.6990194320678711
YML078W,YER094C,0,-0.09924252,0.1097094789147377,0.8558648228645325,0.6991194486618042
YGL100W,YJR064W,0,-0.09930368,0.10969550162553787,0.8558648228645325,0.6992195248603821
YML095C,YBL055C,1,-0.09957689,0.10980891436338425,0.8568588495254517,0.6992195248603821
YMR190C,YER124C,0,-0.099618435,0.10979492962360382,0.8568588495254517,0.69931960105896
YMR137C,YCL074W,1,-0.099691294,0.10990830510854721,0.8578528761863708,0.69931960105896
YPL088W,YDR489W,0,-0.09983491,0.10989430546760559,0.8578528761863708,0.6994196772575378
YJR088C,YLR133W,0,-0.09989956,0.10988031327724457,0.8578528761863708,0.699519693851471
YKL092C,YBL105C,0,-0.09994782,0.10986632853746414,0.8578528761863708,0.6996197700500488
YNL222W,YJL111W,0,-0.100005835,0.10985234379768372,0.8578528761863708,0.6997198462486267
YDR162C,YIL031W,0,-0.100275174,0.10983835905790329,0.8578528761863708,0.6998198628425598
YGL224C,YJR161C,0,-0.1003049,0.10982438176870346,0.8578528761863708,0.6999199390411377
YGL001C,YBR228W,0,-0.10031543,0.10981041193008423,0.8578528761863708,0.7000200152397156
YLR342W,YMR116C,0,-0.100331575,0.1097964346408844,0.8578528761863708,0.7001200914382935
YIL082W-A,YCL075W,1,-0.100354664,0.10990968346595764,0.85884690284729,0.7001200914382935
YLR310C,YDL226C,0,-0.100430526,0.10989569872617722,0.85884690284729,0.7002201080322266
YPL227C,YDR206W,0,-0.100438945,0.10988172143697739,0.85884690284729,0.7003201842308044
YDR142C,YGR289C,0,-0.100441426,0.10986775159835815,0.85884690284729,0.7004202604293823
YDR104C,YLR013W,0,-0.100527994,0.10985378175973892,0.85884690284729,0.7005203366279602
YKR067W,YGL181W,0,-0.1005981,0.10983981937170029,0.85884690284729,0.7006203532218933
YMR162C,YNL265C,0,-0.10072757,0.10982585698366165,0.85884690284729,0.7007204294204712
YBR302C,YIL114C,0,-0.10075473,0.10981189459562302,0.85884690284729,0.7008205056190491
YDR058C,YOR339C,0,-0.100803405,0.10979793965816498,0.85884690284729,0.700920581817627
YFL031W,YAR066W,0,-0.10095569,0.10978399217128754,0.85884690284729,0.7010205984115601
YOL089C,YOR122C,0,-0.101110294,0.1097700446844101,0.85884690284729,0.7011206746101379
YNL014W,YDR352W,0,-0.101136416,0.10975609719753265,0.85884690284729,0.7012207508087158
YMR079W,YDR488C,0,-0.101288065,0.10974215716123581,0.85884690284729,0.7013207674026489
YIL023C,YIL122W,0,-0.1014719,0.10972821712493896,0.85884690284729,0.7014208436012268
YMR278W,YJL184W,0,-0.101569034,0.10971428453922272,0.85884690284729,0.7015209197998047
YGR023W,YPR164W,0,-0.10170691,0.10970035195350647,0.85884690284729,0.7016209959983826
YJR090C,YPR029C,0,-0.10174683,0.10968642681837082,0.85884690284729,0.7017210125923157
YGL099W,YDR147W,0,-0.10181489,0.10967250913381577,0.85884690284729,0.7018210887908936
YPR018W,YCR003W,0,-0.10181691,0.10965858399868011,0.85884690284729,0.7019211649894714
YNL321W,YHR043C,0,-0.10192639,0.10964467376470566,0.85884690284729,0.7020212411880493
YGL008C,YJR077C,0,-0.101981565,0.1096307560801506,0.85884690284729,0.7021212577819824
YGR028W,YBL019W,0,-0.10198684,0.10961684584617615,0.85884690284729,0.7022213339805603
YDR432W,YNR051C,0,-0.102030426,0.10960294306278229,0.85884690284729,0.7023214101791382
YIR003W,YBL003C,0,-0.102067046,0.10958904027938843,0.85884690284729,0.7024214267730713
YOR210W,YLR027C,0,-0.10212223,0.10957514494657516,0.85884690284729,0.7025215029716492
YLR057W,YKR039W,0,-0.10220936,0.1095612496137619,0.85884690284729,0.702621579170227
YNL275W,YGR067C,0,-0.102228,0.10954735428094864,0.85884690284729,0.7027216553688049
YPL012W,YOR360C,0,-0.10223709,0.10953346639871597,0.85884690284729,0.702821671962738
YMR068W,YLR066W,0,-0.102461696,0.1095195859670639,0.85884690284729,0.7029217481613159
YKL086W,YNL312W,0,-0.10246438,0.10950570553541183,0.85884690284729,0.7030218243598938
YOR128C,YCR033W,0,-0.102473184,0.10949182510375977,0.85884690284729,0.7031219005584717
YMR135C,YPL187W,0,-0.10251697,0.1094779521226883,0.85884690284729,0.7032219171524048
YBR234C,YNL245C,0,-0.10267876,0.10946407914161682,0.85884690284729,0.7033219933509827
YBL018C,YGR095C,1,-0.10269008,0.10957689583301544,0.8598409295082092,0.7033219933509827
YGL023C,YOR030W,0,-0.10288112,0.10956301540136337,0.8598409295082092,0.7034220695495605
YMR288W,YPL012W,0,-0.10290684,0.1095491424202919,0.8598409295082092,0.7035220861434937
YEL042W,YLL028W,0,-0.10291502,0.10953526943922043,0.8598409295082092,0.7036221623420715
YMR134W,YER122C,0,-0.10294093,0.10952139645814896,0.8598409295082092,0.7037222385406494
YNL126W,YMR044W,0,-0.102946505,0.10950753092765808,0.8598409295082092,0.7038223147392273
YBR102C,YMR067C,0,-0.10298593,0.1094936728477478,0.8598409295082092,0.7039223313331604
YDR349C,YEL060C,0,-0.10314803,0.10947981476783752,0.8598409295082092,0.7040224075317383
YNL257C,YKR029C,0,-0.103244126,0.10946595668792725,0.8598409295082092,0.7041224837303162
YKR010C,YDR162C,0,-0.10345418,0.10945210605859756,0.8598409295082092,0.704222559928894
YIL085C,YLR174W,0,-0.103539035,0.10943825542926788,0.8598409295082092,0.7043225765228271
YHR141C,YHR143W-A,0,-0.10357331,0.1094244122505188,0.8598409295082092,0.704422652721405
YDR191W,YDR119W,0,-0.103629716,0.10941057652235031,0.8598409295082092,0.7045227289199829
YGR157W,YKR087C,0,-0.10364633,0.10939673334360123,0.8598409295082092,0.704622745513916
YOL091W,YGR125W,0,-0.10365355,0.10938290506601334,0.8598409295082092,0.7047228217124939
YML025C,YOR245C,0,-0.103665136,0.10936907678842545,0.8598409295082092,0.7048228979110718
YKL125W,YDR214W,0,-0.10380796,0.10935524851083755,0.8598409295082092,0.7049229741096497
YHR187W,YBR044C,0,-0.10381531,0.10934142023324966,0.8598409295082092,0.7050229907035828
YBR021W,YFR009W,0,-0.10387669,0.10932760685682297,0.8598409295082092,0.7051230669021606
YJL204C,YJL014W,0,-0.10389753,0.10931378602981567,0.8598409295082092,0.7052231431007385
YJL177W,YDR488C,0,-0.103945225,0.10929997265338898,0.8598409295082092,0.7053232192993164
YDR182W,YER042W,0,-0.10414956,0.10928616672754288,0.8598409295082092,0.7054232358932495
YCR088W,YPL046C,0,-0.10418726,0.10927236080169678,0.8598409295082092,0.7055233120918274
YER054C,YMR170C,0,-0.10426924,0.10925855487585068,0.8598409295082092,0.7056233882904053
YDR191W,YLR089C,0,-0.10437751,0.10924475640058517,0.8598409295082092,0.7057234048843384
YKL071W,YER065C,0,-0.10440435,0.10923096537590027,0.8598409295082092,0.7058234810829163
YFL034C-A,YKL084W,0,-0.104408115,0.10921717435121536,0.8598409295082092,0.7059235572814941
YDR184C,YDR171W,0,-0.104502045,0.10920338332653046,0.8598409295082092,0.706023633480072
YNL088W,YCL030C,0,-0.104517,0.10918959975242615,0.8598409295082092,0.7061236500740051
YBR132C,YNR075W,0,-0.10453522,0.10917581617832184,0.8598409295082092,0.706223726272583
YNL275W,YDR307W,0,-0.104583256,0.10916204005479813,0.8598409295082092,0.7063238024711609
YPL088W,YGR249W,0,-0.1046325,0.10914826393127441,0.8598409295082092,0.7064238786697388
YCR024C-A,YPR004C,0,-0.10477806,0.1091344952583313,0.8598409295082092,0.7065238952636719
YBR229C,YMR244C-A,0,-0.104796305,0.10912072658538818,0.8598409295082092,0.7066239714622498
YML110C,YBR068C,0,-0.10491951,0.10910696536302567,0.8598409295082092,0.7067240476608276
YDR113C,YBR152W,0,-0.104956254,0.10909320414066315,0.8598409295082092,0.7068241238594055
YER016W,YBL097W,0,-0.10496217,0.10907944291830063,0.8598409295082092,0.7069241404533386
YNL323W,YFR004W,0,-0.10500288,0.10906568914651871,0.8598409295082092,0.7070242166519165
YML022W,YMR251W-A,0,-0.10502681,0.10905194282531738,0.8598409295082092,0.7071242928504944
YBR258C,YKR080W,0,-0.10508549,0.10903819650411606,0.8598409295082092,0.7072243094444275
YLR135W,YLR089C,0,-0.1052848,0.10902445018291473,0.8598409295082092,0.7073243856430054
YOR094W,YER169W,0,-0.105308235,0.109010711312294,0.8598409295082092,0.7074244618415833
YPL242C,YCL011C,0,-0.10532911,0.10899697244167328,0.8598409295082092,0.7075245380401611
YNL299W,YOR284W,0,-0.10538043,0.10898324102163315,0.8598409295082092,0.7076245546340942
YDR073W,YNR049C,0,-0.10541726,0.10896951705217361,0.8598409295082092,0.7077246308326721
YJL139C,YFL003C,0,-0.105624445,0.10895578563213348,0.8598409295082092,0.70782470703125
YER119C,YLR077W,0,-0.105697766,0.10894206911325455,0.8598409295082092,0.7079247832298279
YER166W,YIL017C,0,-0.10572937,0.10892834514379501,0.8598409295082092,0.708024799823761
YNR023W,YOL027C,0,-0.10580249,0.10891462862491608,0.8598409295082092,0.7081248760223389
YDR017C,YOR245C,0,-0.10586283,0.10890091955661774,0.8598409295082092,0.7082249522209167
YDR073W,YML069W,0,-0.10592465,0.1088872104883194,0.8598409295082092,0.7083249688148499
YNL197C,YLR022C,0,-0.106131695,0.10887350887060165,0.8598409295082092,0.7084250450134277
YGL134W,YGR289C,0,-0.10614775,0.10885980725288391,0.8598409295082092,0.7085251212120056
YKR092C,YBR088C,0,-0.10615568,0.10884610563516617,0.8598409295082092,0.7086251974105835
YGL002W,YGR172C,0,-0.10623525,0.10883241146802902,0.8598409295082092,0.7087252140045166
YOL110W,YLR405W,0,-0.10627462,0.10881871730089188,0.8598409295082092,0.7088252902030945
YBR136W,YOR375C,0,-0.10656742,0.10880503058433533,0.8598409295082092,0.7089253664016724
YGL017W,YBL050W,0,-0.10665484,0.10879134386777878,0.8598409295082092,0.7090254426002502
YOR231W,YBL019W,0,-0.10670187,0.10877766460180283,0.8598409295082092,0.7091254591941833
YDL181W,YKL208W,0,-0.10686828,0.10876398533582687,0.8598409295082092,0.7092255353927612
YGR240C,YAL047C,0,-0.1068799,0.10875031352043152,0.8598409295082092,0.7093256115913391
YBL046W,YKR065C,0,-0.106883936,0.10873664170503616,0.8598409295082092,0.7094256281852722
YDR408C,YER160C,0,-0.106920525,0.1087229773402214,0.8598409295082092,0.7095257043838501
YGR074W,YEL026W,0,-0.10699421,0.10870931297540665,0.8598409295082092,0.709625780582428
YDR258C,YPL249C,0,-0.10704481,0.10869564861059189,0.8598409295082092,0.7097258567810059
YDR017C,YNL220W,0,-0.10715279,0.10868199169635773,0.8598409295082092,0.709825873374939
YOL017W,YBR014C,0,-0.10717959,0.10866834223270416,0.8598409295082092,0.7099259495735168
YNR054C,YHR183W,0,-0.10724388,0.1086546927690506,0.8598409295082092,0.7100260257720947
YDR382W,YBR004C,0,-0.107247844,0.10864104330539703,0.8598409295082092,0.7101261019706726
YHR164C,YNL250W,1,-0.107393414,0.10875298082828522,0.8608350157737732,0.7101261019706726
YHL001W,YJL074C,0,-0.10746768,0.10873932391405106,0.8608350157737732,0.7102261185646057
YPR082C,YDR307W,0,-0.10762167,0.10872567445039749,0.8608350157737732,0.7103261947631836
YNL224C,YLR308W,0,-0.10772249,0.10871202498674393,0.8608350157737732,0.7104262709617615
YJR044C,YDR186C,0,-0.107850105,0.10869838297367096,0.8608350157737732,0.7105262875556946
YIL049W,YML075C,0,-0.10786995,0.10868474096059799,0.8608350157737732,0.7106263637542725
YBR018C,YDL010W,0,-0.10788539,0.10867109894752502,0.8608350157737732,0.7107264399528503
YKL107W,YLR421C,0,-0.10790174,0.10865746438503265,0.8608350157737732,0.7108265161514282
YOR210W,YNL245C,0,-0.1079627,0.10864383727312088,0.8608350157737732,0.7109265327453613
YGL124C,YHR084W,0,-0.10805079,0.10863020271062851,0.8608350157737732,0.7110266089439392
YFR042W,YDL222C,0,-0.108087376,0.10861658304929733,0.8608350157737732,0.7111266851425171
YFL053W,YMR116C,0,-0.108109705,0.10860295593738556,0.8608350157737732,0.711226761341095
YBL006C,YFL016C,0,-0.108113885,0.10858934372663498,0.8608350157737732,0.7113267779350281
YOR293W,YNL005C,0,-0.10824649,0.1085757240653038,0.8608350157737732,0.711426854133606
YNL275W,YKL120W,0,-0.10830249,0.10856211930513382,0.8608350157737732,0.7115269303321838
YOL008W,YJL104W,0,-0.108349286,0.10854850709438324,0.8608350157737732,0.7116269469261169
YML123C,YKR045C,0,-0.108370095,0.10853490233421326,0.8608350157737732,0.7117270231246948
YNR026C,YKL107W,0,-0.10847105,0.10852130502462387,0.8608350157737732,0.7118270993232727
YIL049W,YPL003W,0,-0.10851486,0.10850770771503448,0.8608350157737732,0.7119271755218506
YNR056C,YOR190W,0,-0.108650096,0.1084941104054451,0.8608350157737732,0.7120271921157837
YLR423C,YDR085C,0,-0.10882303,0.10848052054643631,0.8608350157737732,0.7121272683143616
YKR060W,YCR003W,0,-0.109016374,0.10846693068742752,0.8608350157737732,0.7122273445129395
YOR056C,YFL002W-A,1,-0.109043166,0.10857858508825302,0.8618290424346924,0.7122273445129395
YOL041C,YNL312W,0,-0.10907279,0.10856498777866364,0.8618290424346924,0.7123274207115173
YNL300W,YDR191W,0,-0.109096974,0.10855139791965485,0.8618290424346924,0.7124274373054504
YNL002C,YNL154C,0,-0.10916922,0.10853780806064606,0.8618290424346924,0.7125275135040283
YHR001W,YML026C,0,-0.10923214,0.10852421820163727,0.8618290424346924,0.7126275897026062
YNL009W,YLR117C,0,-0.10924568,0.10851063579320908,0.8618290424346924,0.7127276659011841
YGR198W,YPL228W,0,-0.109426945,0.10849706083536148,0.8618290424346924,0.7128276824951172
YNL002C,YOL148C,0,-0.109463185,0.10848348587751389,0.8618290424346924,0.7129277586936951
YNR054C,YIL103W,0,-0.10959566,0.10846991091966629,0.8618290424346924,0.713027834892273
YDR142C,YKR087C,0,-0.10959703,0.10845634341239929,0.8618290424346924,0.713127851486206
YPL124W,YBL009W,0,-0.109631166,0.1084427759051323,0.8618290424346924,0.7132279276847839
YDL052C,YPR058W,0,-0.10971462,0.10842921584844589,0.8618290424346924,0.7133280038833618
YDR346C,YLR136C,0,-0.10972004,0.10841565579175949,0.8618290424346924,0.7134280800819397
YGR240C,YDR156W,0,-0.109742984,0.10840210318565369,0.8618290424346924,0.7135280966758728
YNL085W,YMR285C,1,-0.1098077,0.10851356387138367,0.8628230690956116,0.7135280966758728
YGR059W,YGL020C,0,-0.10983306,0.10849999636411667,0.8628230690956116,0.7136281728744507
YOR128C,YMR167W,0,-0.10990376,0.10848643630743027,0.8628230690956116,0.7137282490730286
YGR125W,YER172C,0,-0.10993104,0.10847288370132446,0.8628230690956116,0.7138283252716064
YHR032W,YPL230W,0,-0.10994319,0.10845933109521866,0.8628230690956116,0.7139283418655396
YJL159W,YOR375C,0,-0.11013575,0.10844577848911285,0.8628230690956116,0.7140284180641174
YNL225C,YNL087W,0,-0.11016719,0.10843223333358765,0.8628230690956116,0.7141284942626953
YGL017W,YNL152W,0,-0.11030835,0.10841868817806244,0.8628230690956116,0.7142285108566284
YLR225C,YCL038C,0,-0.11041785,0.10840514302253723,0.8628230690956116,0.7143285870552063
YGL254W,YKR001C,0,-0.11044629,0.10839160531759262,0.8628230690956116,0.7144286632537842
YNL053W,YMR044W,0,-0.11053482,0.10837807506322861,0.8628230690956116,0.7145287394523621
YLR138W,YGR284C,0,-0.11058704,0.1083645448088646,0.8628230690956116,0.7146287560462952
YLR388W,YGR256W,0,-0.11061916,0.10835101455450058,0.8628230690956116,0.714728832244873
YDR142C,YAL032C,0,-0.1106458,0.10833749175071716,0.8628230690956116,0.7148289084434509
YGL153W,YDR208W,0,-0.110740356,0.10832397639751434,0.8628230690956116,0.7149289846420288
YKL025C,YNL005C,0,-0.11078162,0.10831045359373093,0.8628230690956116,0.7150290012359619
YNL256W,YDR352W,0,-0.110877156,0.1082969456911087,0.8628230690956116,0.7151290774345398
YOR141C,YHR152W,0,-0.11087955,0.10828343033790588,0.8628230690956116,0.7152291536331177
YCR067C,YPR140W,0,-0.11095458,0.10826992988586426,0.8628230690956116,0.7153291702270508
YDR182W,YJR125C,0,-0.110965416,0.10825642198324203,0.8628230690956116,0.7154292464256287
YPR029C,YBL050W,0,-0.11097045,0.10824292153120041,0.8628230690956116,0.7155293226242065
YNL272C,YKR025W,0,-0.1110328,0.10822942852973938,0.8628230690956116,0.7156293988227844
YLR405W,YOR312C,0,-0.11117507,0.10821593552827835,0.8628230690956116,0.7157294154167175
YOR371C,YDR163W,0,-0.11119719,0.10820244252681732,0.8628230690956116,0.7158294916152954
YPL132W,YJL002C,0,-0.111197904,0.10818895697593689,0.8628230690956116,0.7159295678138733
YDR194C,YIL040W,0,-0.11127997,0.10817547142505646,0.8628230690956116,0.7160296440124512
YML118W,YGR095C,1,-0.11133736,0.10828660428524017,0.8638170957565308,0.7160296440124512
YGR030C,YNL282W,1,-0.11147739,0.1083977073431015,0.86481112241745,0.7160296440124512
YOL115W,YPR121W,0,-0.111546695,0.10838420689105988,0.86481112241745,0.7161296606063843
YFL062W,YGR207C,0,-0.111568265,0.10837069898843765,0.86481112241745,0.7162297368049622
YDR339C,YDL213C,0,-0.11161287,0.10835720598697662,0.86481112241745,0.71632981300354
YLR225C,YPL236C,0,-0.11177033,0.1083437129855156,0.86481112241745,0.7164298295974731
YGL160W,YPL012W,0,-0.111817636,0.10833021998405457,0.86481112241745,0.716529905796051
YER172C,YKL139W,0,-0.111984,0.10831673443317413,0.86481112241745,0.7166299819946289
YLR095C,YBL100W-A,0,-0.11200541,0.1083032488822937,0.86481112241745,0.7167300581932068
YOR033C,YNL326C,0,-0.11217889,0.10828977078199387,0.86481112241745,0.7168300747871399
YLR135W,YGR195W,1,-0.11220593,0.10840074717998505,0.8658051490783691,0.7168300747871399
YLR027C,YML007W,0,-0.11234452,0.10838725417852402,0.8658051490783691,0.7169301509857178
YDR338C,YHR203C,0,-0.1127138,0.10837376862764359,0.8658051490783691,0.7170302271842957
YBL102W,YFL024C,0,-0.1127304,0.10836029052734375,0.8658051490783691,0.7171303033828735
YHR007C,YOL008W,0,-0.1127615,0.10834681242704391,0.8658051490783691,0.7172303199768066
YGL208W,YKL139W,0,-0.11284245,0.10833333432674408,0.8658051490783691,0.7173303961753845
YDR541C,YPL228W,0,-0.11284299,0.10831986367702484,0.8658051490783691,0.7174304723739624
YNL102W,YMR137C,1,-0.11286534,0.10843073576688766,0.8667991757392883,0.7174304723739624
YJR017C,YJR125C,0,-0.112957835,0.10841725766658783,0.8667991757392883,0.7175304889678955
YPL256C,YPR124W,0,-0.11296902,0.108403779566288,0.8667991757392883,0.7176305651664734
YMR092C,YER160C,0,-0.113159485,0.10839030146598816,0.8667991757392883,0.7177306413650513
YPL265W,YKR046C,0,-0.113216594,0.10837683081626892,0.8667991757392883,0.7178307175636292
YDR346C,YOL113W,0,-0.113226525,0.10836336761713028,0.8667991757392883,0.7179307341575623
YDR113C,YOL001W,0,-0.113290064,0.10834989696741104,0.8667991757392883,0.7180308103561401
YLR423C,YLR064W,0,-0.11331997,0.108336441218853,0.8667991757392883,0.718130886554718
YJL204C,YGR215W,0,-0.11335911,0.10832297801971436,0.8667991757392883,0.7182309627532959
YDR258C,YNL279W,0,-0.11337608,0.10830952972173691,0.8667991757392883,0.718330979347229
YDR293C,YKL149C,1,-0.11352363,0.10842026770114899,0.8677932620048523,0.718330979347229
YLL032C,YLR136C,0,-0.113629386,0.10840680450201035,0.8677932620048523,0.7184310555458069
YER157W,YNL326C,0,-0.11382527,0.1083933413028717,0.8677932620048523,0.7185311317443848
YLR240W,YPL192C,0,-0.113877416,0.10837988555431366,0.8677932620048523,0.7186312079429626
YNL037C,YPR066W,0,-0.11391948,0.10836643725633621,0.8677932620048523,0.7187312245368958
YGL255W,YJR152W,0,-0.11395192,0.10835298150777817,0.8677932620048523,0.7188313007354736
YBR290W,YGR038W,0,-0.113993585,0.10833954066038132,0.8677932620048523,0.7189313769340515
YDR162C,YOR022C,0,-0.11399919,0.10832609236240387,0.8677932620048523,0.7190313935279846
YFL024C,YDR293C,0,-0.11402547,0.10831265151500702,0.8677932620048523,0.7191314697265625
YIL091C,YPL030W,0,-0.11403172,0.10829921811819077,0.8677932620048523,0.7192315459251404
YLR307W,YIL044C,0,-0.114126295,0.10828578472137451,0.8677932620048523,0.7193316221237183
YPL030W,YKL139W,0,-0.11416627,0.10827235877513885,0.8677932620048523,0.7194316387176514
YGR049W,YDR119W,0,-0.114305295,0.1082589253783226,0.8677932620048523,0.7195317149162292
YJL207C,YMR167W,0,-0.11446457,0.10824550688266754,0.8677932620048523,0.7196317911148071
YOR208W,YDL156W,0,-0.114484146,0.10823208838701248,0.8677932620048523,0.719731867313385
YLR320W,YNL083W,0,-0.11453685,0.10821866989135742,0.8677932620048523,0.7198318839073181
YJL028W,YGL201C,0,-0.114548996,0.10820525884628296,0.8677932620048523,0.719931960105896
YDL207W,YKL211C,0,-0.11455484,0.1081918478012085,0.8677932620048523,0.7200320363044739
YDR191W,YOR130C,0,-0.11455505,0.10817843675613403,0.8677932620048523,0.720132052898407
YHL007C,YPL227C,0,-0.114617676,0.10816503316164017,0.8677932620048523,0.7202321290969849
YBR217W,YBL018C,0,-0.114619255,0.1081516370177269,0.8677932620048523,0.7203322052955627
YAL009W,YMR083W,0,-0.114698455,0.10813824087381363,0.8677932620048523,0.7204322814941406
YHR152W,YHR166C,0,-0.1147036,0.10812484472990036,0.8677932620048523,0.7205322980880737
YGL224C,YNL014W,0,-0.11481995,0.10811145603656769,0.8677932620048523,0.7206323742866516
YMR154C,YLR133W,0,-0.1148225,0.10809806734323502,0.8677932620048523,0.7207324504852295
YDR182W,YDR291W,0,-0.11486459,0.10808468610048294,0.8677932620048523,0.7208325266838074
YLL036C,YDR186C,0,-0.11489068,0.10807130485773087,0.8677932620048523,0.7209325432777405
YPR151C,YPL170W,0,-0.11492149,0.10805793106555939,0.8677932620048523,0.7210326194763184
YNL083W,YOR375C,0,-0.11496339,0.10804455727338791,0.8677932620048523,0.7211326956748962
YDR191W,YPL086C,0,-0.11496834,0.10803118348121643,0.8677932620048523,0.7212327122688293
YOR307C,YIR008C,0,-0.11530913,0.10801781713962555,0.8677932620048523,0.7213327884674072
YCR020W-B,YDR266C,0,-0.11534435,0.10800445079803467,0.8677932620048523,0.7214328646659851
YGR209C,YNL047C,0,-0.115349546,0.10799109190702438,0.8677932620048523,0.721532940864563
YBR280C,YKL046C,0,-0.11563446,0.1079777330160141,0.8677932620048523,0.7216329574584961
YBR136W,YPL005W,0,-0.11567104,0.10796438157558441,0.8677932620048523,0.721733033657074
YDR255C,YBL009W,0,-0.11568647,0.10795103013515472,0.8677932620048523,0.7218331098556519
YCR068W,YPL072W,0,-0.115810156,0.10793768614530563,0.8677932620048523,0.7219331860542297
YAL009W,YJL093C,0,-0.11582735,0.10792434215545654,0.8677932620048523,0.7220332026481628
YGL033W,YPL015C,0,-0.11602858,0.10791099816560745,0.8677932620048523,0.7221332788467407
YLL032C,YJL118W,0,-0.11604045,0.10789766162633896,0.8677932620048523,0.7222333550453186
YPL246C,YER048C,0,-0.116160676,0.10788433253765106,0.8677932620048523,0.7223333716392517
YJR137C,YIL114C,0,-0.116201125,0.10787099599838257,0.8677932620048523,0.7224334478378296
YGR157W,YMR119W,0,-0.11625853,0.10785767436027527,0.8677932620048523,0.7225335240364075
YER075C,YOR122C,0,-0.11631336,0.10784434527158737,0.8677932620048523,0.7226336002349854
YPR082C,YDR291W,0,-0.1163325,0.10783103108406067,0.8677932620048523,0.7227336168289185
YGR271C-A,YPL008W,0,-0.11635314,0.10781770944595337,0.8677932620048523,0.7228336930274963
YLR064W,YLL042C,0,-0.11636406,0.10780439525842667,0.8677932620048523,0.7229337692260742
YPL164C,YJR129C,0,-0.116402075,0.10779108852148056,0.8677932620048523,0.7230338454246521
YEL011W,YBL019W,0,-0.116424285,0.10777777433395386,0.8677932620048523,0.7231338620185852
YIL067C,YNR075W,0,-0.11642802,0.10776447504758835,0.8677932620048523,0.7232339382171631
YHL013C,YPL158C,0,-0.1164401,0.10775117576122284,0.8677932620048523,0.723334014415741
YDL014W,YCR043C,0,-0.11646885,0.10773787647485733,0.8677932620048523,0.7234340310096741
YHR079C-A,YCR069W,0,-0.116484076,0.10772457718849182,0.8677932620048523,0.723534107208252
YNL097C,YOR077W,0,-0.11661343,0.1077112928032875,0.8677932620048523,0.7236341834068298
YDR354W,YBL105C,0,-0.11662043,0.1076980009675026,0.8677932620048523,0.7237342596054077
YPL211W,YDR363W,0,-0.11664958,0.10768471658229828,0.8677932620048523,0.7238342761993408
YNL126W,YPL108W,0,-0.11666812,0.10767143219709396,0.8677932620048523,0.7239343523979187
YJL122W,YDR291W,0,-0.11667241,0.10765815526247025,0.8677932620048523,0.7240344285964966
YBL050W,YCR024C-A,0,-0.11670178,0.10764488577842712,0.8677932620048523,0.7241345047950745
YGR240C,YCR034W,0,-0.11671649,0.1076316088438034,0.8677932620048523,0.7242345213890076
YLR275W,YKL184W,0,-0.11674503,0.10761834681034088,0.8677932620048523,0.7243345975875854
YIL158W,YMR251W-A,0,-0.1167793,0.10760507732629776,0.8677932620048523,0.7244346737861633
YCR008W,YML001W,0,-0.11685803,0.10759181529283524,0.8677932620048523,0.7245347499847412
YDR017C,YFR009W,0,-0.11691632,0.10757856070995331,0.8677932620048523,0.7246347665786743
YHR188C,YLR355C,0,-0.11692781,0.10756530612707138,0.8677932620048523,0.7247348427772522
YIL131C,YLR003C,0,-0.1170115,0.10755205154418945,0.8677932620048523,0.7248349189758301
YGR247W,YGL029W,0,-0.11703734,0.10753880441188812,0.8677932620048523,0.7249349355697632
YOR362C,YBL099W,0,-0.117091015,0.10752555727958679,0.8677932620048523,0.7250350117683411
YOR056C,YJL207C,0,-0.1171671,0.10751231759786606,0.8677932620048523,0.725135087966919
YPL227C,YBL019W,0,-0.11719581,0.10749907791614532,0.8677932620048523,0.7252351641654968
YOL033W,YJL047C,0,-0.11724001,0.10748583823442459,0.8677932620048523,0.7253351807594299
YJR095W,YLR393W,0,-0.11725414,0.10747260600328445,0.8677932620048523,0.7254352569580078
YOR003W,YDL213C,0,-0.117343195,0.10745938122272491,0.8677932620048523,0.7255353331565857
YOR149C,YCR003W,0,-0.11755616,0.10744615644216537,0.8677932620048523,0.7256354093551636
YER069W,YPR124W,0,-0.117566064,0.10743293166160583,0.8677932620048523,0.7257354259490967
YJL122W,YER075C,0,-0.11762722,0.10741971433162689,0.8677932620048523,0.7258355021476746
YOL060C,YOL058W,0,-0.11779274,0.10740649700164795,0.8677932620048523,0.7259355783462524
YLR369W,YBR239C,0,-0.117812976,0.107393279671669,0.8677932620048523,0.7260355949401855
YKR022C,YGL011C,0,-0.11786412,0.10738007724285126,0.8677932620048523,0.7261356711387634
YOL115W,YPR104C,0,-0.11794447,0.10736686736345291,0.8677932620048523,0.7262357473373413
YGL160W,YNL220W,0,-0.11796287,0.10735366493463516,0.8677932620048523,0.7263358235359192
YDR432W,YLR110C,0,-0.11826205,0.10734046250581741,0.8677932620048523,0.7264358401298523
YBL099W,YHR166C,0,-0.118311144,0.10732726752758026,0.8677932620048523,0.7265359163284302
YIL049W,YBR229C,0,-0.118319705,0.10731407254934311,0.8677932620048523,0.7266359925270081
YPL232W,YNL106C,0,-0.11834444,0.10730088502168655,0.8677932620048523,0.7267360687255859
YFR042W,YGR287C,0,-0.11852546,0.10728769749403,0.8677932620048523,0.726836085319519
YIL099W,YDR085C,0,-0.11852603,0.10727451741695404,0.8677932620048523,0.7269361615180969
YNL082W,YDR191W,0,-0.118675224,0.10726133733987808,0.8677932620048523,0.7270362377166748
YJR159W,YDR477W,0,-0.11877993,0.10724815726280212,0.8677932620048523,0.7271362543106079
YPR018W,YDR191W,0,-0.118784204,0.10723498463630676,0.8677932620048523,0.7272363305091858
YIL117C,YNL222W,0,-0.11881069,0.1072218120098114,0.8677932620048523,0.7273364067077637
YGR257C,YDR489W,0,-0.118906274,0.10720864683389664,0.8677932620048523,0.7274364829063416
YNL064C,YOR125C,0,-0.11899796,0.10719548165798187,0.8677932620048523,0.7275364995002747
YMR293C,YOR083W,0,-0.119224355,0.1071823239326477,0.8677932620048523,0.7276365756988525
YNL102W,YCR093W,1,-0.11934664,0.10729192197322845,0.8687872886657715,0.7276365756988525
YLR154C,YHR214C-B,1,-0.11947031,0.10740149766206741,0.8697813153266907,0.7276365756988525
YGR148C,YBR070C,0,-0.1194774,0.10738831758499146,0.8697813153266907,0.7277366518974304
YHR187W,YNR069C,0,-0.11950575,0.1073751375079155,0.8697813153266907,0.7278367280960083
YLR132C,YPR025C,0,-0.1196928,0.10736196488142014,0.8697813153266907,0.7279367446899414
YER141W,YDR258C,0,-0.11988695,0.10734879225492477,0.8697813153266907,0.7280368208885193
YIL091C,YEL003W,0,-0.1199144,0.10733561962842941,0.8697813153266907,0.7281368970870972
YGL207W,YML022W,0,-0.11993569,0.10732245445251465,0.8697813153266907,0.7282369136810303
YOL094C,YEL009C,0,-0.11993853,0.10730929672718048,0.8697813153266907,0.7283369898796082
YDR519W,YOL060C,0,-0.12001152,0.10729613900184631,0.8697813153266907,0.728437066078186
YJL122W,YDL058W,0,-0.12012668,0.10728298127651215,0.8697813153266907,0.7285371422767639
YPL256C,YGR183C,0,-0.120130196,0.10726983100175858,0.8697813153266907,0.728637158870697
YJL203W,YEL009C,0,-0.12024529,0.107256680727005,0.8697813153266907,0.7287372350692749
YNL099C,YBL009W,0,-0.120366104,0.10724353790283203,0.8697813153266907,0.7288373112678528
YNL321W,YIL168W,0,-0.12047215,0.10723039507865906,0.8697813153266907,0.7289373874664307
YCR008W,YPL046C,0,-0.12061632,0.10721725225448608,0.8697813153266907,0.7290374040603638
YER124C,YGL077C,0,-0.12069638,0.10720411688089371,0.8697813153266907,0.7291374802589417
YJR137C,YLL052C,0,-0.12071568,0.10719098150730133,0.8697813153266907,0.7292375564575195
YBR239C,YNL152W,0,-0.120796226,0.10717785358428955,0.8697813153266907,0.7293375730514526
YLR143W,YDR263C,1,-0.12087086,0.10728719830513,0.8707753419876099,0.7293375730514526
YJL123C,YOR362C,0,-0.120948695,0.10727406293153763,0.8707753419876099,0.7294376492500305
YKR079C,YDL227C,1,-0.12095678,0.1073833703994751,0.871769368648529,0.7294376492500305
YPL020C,YHR123W,0,-0.120961994,0.10737022757530212,0.871769368648529,0.7295377254486084
YMR287C,YHR069C,1,-0.12109389,0.10747949779033661,0.8727633953094482,0.7295377254486084
YMR305C,YDR409W,0,-0.12110436,0.10746634006500244,0.8727633953094482,0.7296378016471863
YPR183W,YLL042C,0,-0.12111901,0.10745318979024887,0.8727633953094482,0.7297378182411194
YHR123W,YIL103W,0,-0.12112018,0.1074400395154953,0.8727633953094482,0.7298378944396973
YOR118W,YLR051C,0,-0.12115891,0.10742689669132233,0.8727633953094482,0.7299379706382751
YBL016W,YLR355C,0,-0.12123589,0.10741375386714935,0.8727633953094482,0.730038046836853
YKL125W,YNR039C,0,-0.12129275,0.10740061104297638,0.8727633953094482,0.7301380634307861
YML093W,YER058W,0,-0.12134319,0.107387475669384,0.8727633953094482,0.730238139629364
YKL096W,YBR204C,0,-0.12138532,0.10737434029579163,0.8727633953094482,0.7303382158279419
YGL245W,YNL336W,0,-0.12144893,0.10736121237277985,0.8727633953094482,0.7304382920265198
YPR101W,YOR077W,0,-0.12145096,0.10734808444976807,0.8727633953094482,0.7305383086204529
YKL018W,YLR022C,0,-0.12148495,0.10733496397733688,0.8727633953094482,0.7306383848190308
YDL193W,YGL187C,0,-0.121505655,0.1073218435049057,0.8727633953094482,0.7307384610176086
YLR138W,YNL225C,0,-0.12152517,0.10730872303247452,0.8727633953094482,0.7308384776115417
YPL047W,YGR249W,0,-0.12165575,0.10729561001062393,0.8727633953094482,0.7309385538101196
YHR042W,YDR001C,0,-0.12185341,0.10728250443935394,0.8727633953094482,0.7310386300086975
YLR035C,YNL241C,0,-0.121953785,0.10726939886808395,0.8727633953094482,0.7311387062072754
YBR302C,YDR267C,0,-0.121956915,0.10725629329681396,0.8727633953094482,0.7312387228012085
YDR324C,YHR152W,0,-0.12208733,0.10724318772554398,0.8727633953094482,0.7313387989997864
YGR038W,YHR019C,0,-0.122088134,0.10723008960485458,0.8727633953094482,0.7314388751983643
YGR192C,YML069W,0,-0.12210148,0.10721699893474579,0.8727633953094482,0.7315389513969421
YBL040C,YFR004W,0,-0.122115105,0.107203908264637,0.8727633953094482,0.7316389679908752
YPR151C,YGR132C,0,-0.12214267,0.1071908175945282,0.8727633953094482,0.7317390441894531
YDR311W,YBL102W,0,-0.1221618,0.107177734375,0.8727633953094482,0.731839120388031
YDR225W,YNL270C,0,-0.12220691,0.1071646511554718,0.8727633953094482,0.7319391369819641
YOR307C,YER166W,0,-0.12222469,0.1071515753865242,0.8727633953094482,0.732039213180542
YGR013W,YBR154C,0,-0.12229571,0.1071384996175766,0.8727633953094482,0.7321392893791199
YIL099W,YOL044W,0,-0.12230749,0.107125423848629,0.8727633953094482,0.7322393655776978
YML045W,YLR105C,1,-0.12234939,0.10723435133695602,0.8737574815750122,0.7322393655776978
YBR004C,YOR303W,0,-0.122354165,0.10722127556800842,0.8737574815750122,0.7323393821716309
YGL133W,YNL336W,0,-0.122368604,0.10720819979906082,0.8737574815750122,0.7324394583702087
YKR013W,YLR297W,0,-0.122439794,0.10719512403011322,0.8737574815750122,0.7325395345687866
YOR293W,YPL270W,0,-0.12248519,0.10718204826116562,0.8737574815750122,0.7326396107673645
YMR135C,YPL265W,0,-0.12259182,0.10716897994279861,0.8737574815750122,0.7327396273612976
YPL128C,YNL152W,0,-0.122620486,0.10715591907501221,0.8737574815750122,0.7328397035598755
YNL072W,YPL046C,0,-0.12267938,0.1071428582072258,0.8737574815750122,0.7329397797584534
YBL099W,YJR137C,0,-0.122685075,0.10712979733943939,0.8737574815750122,0.7330397963523865
YPL084W,YAR014C,0,-0.12269497,0.10711674392223358,0.8737574815750122,0.7331398725509644
YHR079C-A,YNL099C,0,-0.12279889,0.10710369050502777,0.8737574815750122,0.7332399487495422
YJL138C,YKL092C,0,-0.12281944,0.10709064453840256,0.8737574815750122,0.7333400249481201
YLR388W,YBR127C,0,-0.12288224,0.10707759857177734,0.8737574815750122,0.7334400415420532
YGR277C,YFR055W,0,-0.12289153,0.10706455260515213,0.8737574815750122,0.7335401177406311
YBL084C,YOL113W,0,-0.12296913,0.10705151408910751,0.8737574815750122,0.733640193939209
YBR068C,YML024W,0,-0.12307794,0.1070384830236435,0.8737574815750122,0.7337402701377869
YMR202W,YNL035C,0,-0.12313418,0.10702544450759888,0.8737574815750122,0.73384028673172
YGL022W,YPL266W,0,-0.12313986,0.10701242089271545,0.8737574815750122,0.7339403629302979
YMR154C,YER166W,0,-0.12315258,0.10699938982725143,0.8737574815750122,0.7340404391288757
YPL024W,YGL133W,0,-0.123268686,0.10698636621236801,0.8737574815750122,0.7341404557228088
YKL220C,YBR057C,0,-0.123269305,0.10697335004806519,0.8737574815750122,0.7342405319213867
YHR043C,YCR097W,0,-0.123287454,0.10696033388376236,0.8737574815750122,0.7343406081199646
YOR329C,YJR125C,0,-0.12335676,0.10694731771945953,0.8737574815750122,0.7344406843185425
YHR094C,YPR065W,0,-0.12337144,0.1069343090057373,0.8737574815750122,0.7345407009124756
YGR195W,YGL173C,1,-0.12340681,0.10704293847084045,0.8747515082359314,0.7345407009124756
YCL045C,YPR066W,0,-0.123430125,0.10702992230653763,0.8747515082359314,0.7346407771110535
YOR173W,YDR208W,0,-0.123444155,0.1070169061422348,0.8747515082359314,0.7347408533096313
YCR008W,YOR022C,0,-0.12350149,0.10700388997793198,0.8747515082359314,0.7348409295082092
YPR029C,YDL159W,0,-0.12364183,0.10699088126420975,0.8747515082359314,0.7349409461021423
YHR187W,YMR047C,0,-0.123708025,0.10697787255048752,0.8747515082359314,0.7350410223007202
YBR084C-A,YPL032C,0,-0.123739675,0.10696487128734589,0.8747515082359314,0.7351410984992981
YDR540C,YDR186C,0,-0.12381211,0.10695187002420425,0.8747515082359314,0.7352411150932312
YER078C,YLR410W,0,-0.1238877,0.10693887621164322,0.8747515082359314,0.7353411912918091
YBR234C,YGL023C,0,-0.12389763,0.10692588239908218,0.8747515082359314,0.735441267490387
YPL009C,YCL030C,0,-0.12405624,0.10691288858652115,0.8747515082359314,0.7355413436889648
YIL121W,YPL270W,0,-0.12408264,0.10689990222454071,0.8747515082359314,0.735641360282898
YCR017C,YOL049W,0,-0.12410158,0.10688691586256027,0.8747515082359314,0.7357414364814758
YCR034W,YFL034C-A,0,-0.124110594,0.10687393695116043,0.8747515082359314,0.7358415126800537
YDR153C,YDR488C,0,-0.12426099,0.10686095803976059,0.8747515082359314,0.7359415888786316
YMR262W,YDR263C,1,-0.124451414,0.10696940124034882,0.8757455348968506,0.7359415888786316
YIL050W,YLL042C,0,-0.12452139,0.10695641487836838,0.8757455348968506,0.7360416054725647
YPL020C,YBR039W,0,-0.12455813,0.10694343596696854,0.8757455348968506,0.7361416816711426
YKL120W,YGR256W,0,-0.124691345,0.1069304496049881,0.8757455348968506,0.7362417578697205
YER018C,YGL175C,0,-0.12476361,0.10691747814416885,0.8757455348968506,0.7363418340682983
YAL005C,YHR183W,0,-0.12476871,0.10690449923276901,0.8757455348968506,0.7364418506622314
YKR013W,YDL010W,0,-0.12478173,0.10689152777194977,0.8757455348968506,0.7365419268608093
YOR125C,YBR004C,0,-0.12481581,0.10687856376171112,0.8757455348968506,0.7366420030593872
YGL134W,YOR202W,0,-0.12492657,0.10686559975147247,0.8757455348968506,0.7367420196533203
YGR257C,YHR123W,0,-0.12495296,0.10685263574123383,0.8757455348968506,0.7368420958518982
YIL063C,YKL065C,0,-0.12499235,0.10683967918157578,0.8757455348968506,0.7369421720504761
YOL115W,YML008C,0,-0.12511227,0.10682672262191772,0.8757455348968506,0.737042248249054
YLR262C,YPR112C,0,-0.12512265,0.10681377351284027,0.8757455348968506,0.7371422648429871
YER006W,YGL032C,0,-0.12520759,0.10680082440376282,0.8757455348968506,0.7372423410415649
YGR166W,YOR141C,0,-0.12535922,0.10678787529468536,0.8757455348968506,0.7373424172401428
YJL204C,YHR026W,0,-0.12538469,0.10677493363618851,0.8757455348968506,0.7374424934387207
YDR363W,YJR088C,0,-0.12540986,0.10676199942827225,0.8757455348968506,0.7375425100326538
YLR105C,YBL005W-B,1,-0.12548372,0.10687022656202316,0.8767395615577698,0.7375425100326538
YGL255W,YLR089C,0,-0.12548703,0.1068572849035263,0.8767395615577698,0.7376425862312317
YKL055C,YLR119W,0,-0.12554502,0.10684433579444885,0.8767395615577698,0.7377426624298096
YAL001C,YBL105C,0,-0.12557633,0.106831394135952,0.8767395615577698,0.7378426790237427
YPR025C,YMR060C,0,-0.1255981,0.10681845992803574,0.8767395615577698,0.7379427552223206
YHR079C-A,YCL011C,0,-0.12562001,0.10680551826953888,0.8767395615577698,0.7380428314208984
YGL086W,YDL213C,0,-0.12562124,0.10679259151220322,0.8767395615577698,0.7381429076194763
YLL052C,YPR004C,0,-0.12576358,0.10677965730428696,0.8767395615577698,0.7382429242134094
YBL050W,YHR104W,0,-0.12581249,0.10676673799753189,0.8767395615577698,0.7383430004119873
YGL134W,YBR106W,0,-0.12582411,0.10675381124019623,0.8767395615577698,0.7384430766105652
YMR266W,YGL175C,0,-0.1258829,0.10674089193344116,0.8767395615577698,0.7385431528091431
YPL024W,YNL003C,0,-0.12592952,0.1067279800772667,0.8767395615577698,0.7386431694030762
YLR116W,YNL047C,0,-0.12598743,0.10671506077051163,0.8767395615577698,0.738743245601654
YBR171W,YBL100W-A,0,-0.12602188,0.10670215636491776,0.8767395615577698,0.7388433218002319
YOR118W,YNL116W,0,-0.12614527,0.10668924450874329,0.8767395615577698,0.738943338394165
YKR087C,YCR083W,0,-0.12620099,0.10667634010314941,0.8767395615577698,0.7390434145927429
YEL077C,YPL212C,0,-0.12625721,0.10666344314813614,0.8767395615577698,0.7391434907913208
YDR216W,YKL008C,0,-0.12626629,0.10665054619312286,0.8767395615577698,0.7392435669898987
YOL013C,YEL060C,0,-0.12643114,0.10663764923810959,0.8767395615577698,0.7393435835838318
YNL072W,YMR014W,0,-0.12645756,0.10662475973367691,0.8767395615577698,0.7394436597824097
YNL300W,YGR287C,0,-0.12647085,0.10661187022924423,0.8767395615577698,0.7395437359809875
YDR017C,YFL022C,0,-0.12647936,0.10659898817539215,0.8767395615577698,0.7396438121795654
YER170W,YKL148C,0,-0.12657076,0.10658610612154007,0.8767395615577698,0.7397438287734985
YHR121W,YOR198C,0,-0.12662826,0.10657322406768799,0.8767395615577698,0.7398439049720764
YOR190W,YDL174C,0,-0.12682188,0.1065603494644165,0.8767395615577698,0.7399439811706543
YLR406C,YER075C,0,-0.1268427,0.10654747486114502,0.8767395615577698,0.7400439977645874
YCR068W,YDL104C,0,-0.126858,0.10653460770845413,0.8767395615577698,0.7401440739631653
YMR287C,YCR093W,1,-0.1269928,0.10664251446723938,0.877733588218689,0.7401440739631653
YHR112C,YJL047C,0,-0.12707779,0.1066296324133873,0.877733588218689,0.7402441501617432
YHR039C,YLR275W,0,-0.12711334,0.10661675781011581,0.877733588218689,0.740344226360321
YOL013C,YLL015W,0,-0.12713921,0.10660389065742493,0.877733588218689,0.7404442429542542
YDR314C,YFL034C-B,0,-0.1271472,0.10659101605415344,0.877733588218689,0.740544319152832
YGR257C,YCR073C,0,-0.12716392,0.10657815635204315,0.877733588218689,0.7406443953514099
YJL138C,YLL052C,0,-0.12723882,0.10656528919935226,0.877733588218689,0.7407444715499878
YCL010C,YNL225C,0,-0.12730138,0.10655242949724197,0.877733588218689,0.7408444881439209
YKL184W,YLL028W,0,-0.12739857,0.10653957724571228,0.877733588218689,0.7409445643424988
YDL020C,YMR068W,0,-0.12744555,0.10652672499418259,0.877733588218689,0.7410446405410767
YGL065C,YER166W,0,-0.12756386,0.1065138727426529,0.877733588218689,0.7411446571350098
YDL092W,YGL054C,0,-0.12756579,0.1065010279417038,0.877733588218689,0.7412447333335876
YNL072W,YGL054C,0,-0.12769769,0.1064881831407547,0.877733588218689,0.7413448095321655
YIL049W,YBR204C,0,-0.1277593,0.1064753383398056,0.877733588218689,0.7414448857307434
YIL023C,YDL147W,0,-0.12780829,0.1064625009894371,0.877733588218689,0.7415449023246765
YDR058C,YJL159W,0,-0.12791842,0.1064496710896492,0.877733588218689,0.7416449785232544
YIL063C,YBL003C,0,-0.1279563,0.1064368337392807,0.877733588218689,0.7417450547218323
YOR361C,YFR004W,0,-0.12796432,0.1064240112900734,0.877733588218689,0.7418451309204102
YFL031W,YOR339C,0,-0.12799357,0.10641118139028549,0.877733588218689,0.7419451475143433
YLR378C,YJL122W,0,-0.12816338,0.10639835894107819,0.877733588218689,0.7420452237129211
YCR017C,YGR256W,0,-0.12821461,0.10638554394245148,0.877733588218689,0.742145299911499
YOR339C,YLR136C,0,-0.1282619,0.10637272894382477,0.877733588218689,0.7422453761100769
YNL300W,YHR032W,0,-0.12826848,0.10635991394519806,0.877733588218689,0.74234539270401
YDL153C,YOR073W,0,-0.12829253,0.10634710639715195,0.877733588218689,0.7424454689025879
YOR130C,YER170W,0,-0.1283167,0.10633429884910583,0.877733588218689,0.7425455451011658
YLR320W,YLR423C,0,-0.12836504,0.10632149130105972,0.877733588218689,0.7426455616950989
YHL013C,YHR143W-A,0,-0.12843938,0.10630869120359421,0.877733588218689,0.7427456378936768
YJL047C,YIL067C,0,-0.12857176,0.10629589855670929,0.877733588218689,0.7428457140922546
YKL055C,YLL015W,0,-0.1287066,0.10628309845924377,0.877733588218689,0.7429457902908325
YCL011C,YHR042W,0,-0.12870792,0.10627030581235886,0.877733588218689,0.7430458068847656
YER042W,YHR203C,0,-0.12870905,0.10625752061605453,0.877733588218689,0.7431458830833435
YHR107C,YOR368W,0,-0.1287345,0.10624473541975021,0.877733588218689,0.7432459592819214
YPL227C,YGR121C,0,-0.12881127,0.10623195022344589,0.877733588218689,0.7433460354804993
YJL010C,YHR124W,0,-0.12882307,0.10621917247772217,0.877733588218689,0.7434460520744324
YDL159W,YBR106W,0,-0.12885053,0.10620640218257904,0.877733588218689,0.7435461282730103
YML078W,YGL160W,0,-0.12906437,0.10619362443685532,0.877733588218689,0.7436462044715881
YDR184C,YDR346C,0,-0.12906544,0.10618085414171219,0.877733588218689,0.7437462210655212
YML130C,YDL213C,0,-0.1291182,0.10616809129714966,0.877733588218689,0.7438462972640991
YER019W,YMR190C,0,-0.12934683,0.10615532845258713,0.877733588218689,0.743946373462677
YJR099W,YPL003W,0,-0.12956351,0.1061425656080246,0.877733588218689,0.7440464496612549
YNL315C,YOR371C,0,-0.129624,0.10612981021404266,0.877733588218689,0.744146466255188
YGL048C,YHR016C,0,-0.12972395,0.10611705482006073,0.877733588218689,0.7442465424537659
YML064C,YML126C,0,-0.12983517,0.1061042994260788,0.877733588218689,0.7443466186523438
YJR047C,YIL162W,0,-0.1298675,0.10609155148267746,0.877733588218689,0.7444466948509216
YML126C,YDL052C,0,-0.12989946,0.10607881098985672,0.877733588218689,0.7445467114448547
YDR016C,YMR164C,0,-0.12995881,0.10606606304645538,0.877733588218689,0.7446467876434326
YFL062W,YDR141C,0,-0.12998712,0.10605333000421524,0.877733588218689,0.7447468638420105
YHR079C-A,YNL329C,0,-0.13000275,0.1060405895113945,0.877733588218689,0.7448468804359436
YKL112W,YCR017C,0,-0.13003808,0.10602785646915436,0.877733588218689,0.7449469566345215
YMR134W,YFL022C,0,-0.13024434,0.10601513087749481,0.877733588218689,0.7450470328330994
YBL084C,YOL006C,0,-0.13027437,0.10600239783525467,0.877733588218689,0.7451471090316772
YCR024C-A,YDR324C,0,-0.13031878,0.10598967969417572,0.877733588218689,0.7452471256256104
YCR067C,YPL230W,0,-0.1303628,0.10597695410251617,0.877733588218689,0.7453472018241882
YIR021W,YFR044C,0,-0.13040249,0.10596423596143723,0.877733588218689,0.7454472780227661
YIL127C,YGL125W,0,-0.13042478,0.10595152527093887,0.877733588218689,0.745547354221344
YNL225C,YHR196W,0,-0.13047448,0.10593881458044052,0.877733588218689,0.7456473708152771
YNR052C,YDR280W,1,-0.13053736,0.10604606568813324,0.8787276148796082,0.7456473708152771
YHR121W,YIR010W,0,-0.13059905,0.10603334754705429,0.8787276148796082,0.745747447013855
YGL124C,YMR323W,0,-0.13067685,0.10602062940597534,0.8787276148796082,0.7458475232124329
YER065C,YHR065C,0,-0.13079034,0.10600791126489639,0.8787276148796082,0.745947539806366
YCR017C,YBR229C,0,-0.13082092,0.10599520057439804,0.8787276148796082,0.7460476160049438
YKL086W,YDR432W,0,-0.13087824,0.10598249733448029,0.8787276148796082,0.7461476922035217
YPR029C,YDR001C,0,-0.13095534,0.10596979409456253,0.8787276148796082,0.7462477684020996
YLR135W,YDR394W,0,-0.13096184,0.10595709085464478,0.8787276148796082,0.7463477849960327
YER021W,YMR121C,0,-0.13097182,0.10594438761472702,0.8787276148796082,0.7464478611946106
YMR161W,YAL042W,0,-0.13097855,0.10593169927597046,0.8787276148796082,0.7465479373931885
YLR077W,YML026C,0,-0.1311555,0.1059190034866333,0.8787276148796082,0.7466480135917664
YLR057W,YKR092C,0,-0.13121031,0.10590631514787674,0.8787276148796082,0.7467480301856995
YGL011C,YDR477W,0,-0.13122231,0.10589362680912018,0.8787276148796082,0.7468481063842773
YEL063C,YJR064W,0,-0.13127501,0.10588094592094421,0.8787276148796082,0.7469481825828552
YIR033W,YFR009W,0,-0.13158272,0.10586826503276825,0.8787276148796082,0.7470481991767883
YJR027W,YIL080W,1,-0.13162039,0.10597532987594604,0.8797216415405273,0.7470481991767883
YER054C,YOR284W,0,-0.13168022,0.10596264153718948,0.8797216415405273,0.7471482753753662
YJL210W,YER011W,0,-0.13184747,0.10594996064901352,0.8797216415405273,0.7472483515739441
YMR011W,YBR018C,0,-0.13185108,0.10593727231025696,0.8797216415405273,0.747348427772522
YGR195W,YHR214C-B,1,-0.13187048,0.10604428499937057,0.8807157278060913,0.747348427772522
YLR064W,YOR141C,0,-0.1318909,0.10603159666061401,0.8807157278060913,0.7474484443664551
YDR084C,YBR057C,0,-0.13194628,0.10601890832185745,0.8807157278060913,0.747548520565033
YKL120W,YBR008C,0,-0.1319857,0.10600621998310089,0.8807157278060913,0.7476485967636108
YBL027W,YGL097W,0,-0.1321274,0.10599353909492493,0.8807157278060913,0.7477486729621887
YGL184C,YPL045W,0,-0.13221034,0.10598085820674896,0.8807157278060913,0.7478486895561218
YGL002W,YML007W,0,-0.13224402,0.1059681847691536,0.8807157278060913,0.7479487657546997
YLR148W,YER160C,0,-0.13241296,0.10595551133155823,0.8807157278060913,0.7480488419532776
YHR203C,YOR205C,0,-0.1324245,0.10594284534454346,0.8807157278060913,0.7481489181518555
YJL010C,YGL254W,0,-0.1325196,0.10593017935752869,0.8807157278060913,0.7482489347457886
YHR216W,YLR332W,0,-0.13254265,0.10591751337051392,0.8807157278060913,0.7483490109443665
YGR121C,YBR171W,0,-0.13259597,0.10590485483407974,0.8807157278060913,0.7484490871429443
YER016W,YLR275W,0,-0.13264245,0.10589219629764557,0.8807157278060913,0.7485491037368774
YMR119W,YGL131C,0,-0.13264363,0.1058795377612114,0.8807157278060913,0.7486491799354553
YKR080W,YHR123W,0,-0.13268182,0.10586688667535782,0.8807157278060913,0.7487492561340332
YPL024W,YNR032W,0,-0.13270451,0.10585424304008484,0.8807157278060913,0.7488493323326111
YKR086W,YML025C,0,-0.13274734,0.10584159940481186,0.8807157278060913,0.7489493489265442
YGL044C,YGL077C,0,-0.13277365,0.10582895576953888,0.8807157278060913,0.7490494251251221
YPR020W,YHR166C,0,-0.13286382,0.1058163121342659,0.8807157278060913,0.7491495013237
YBR127C,YHR102W,0,-0.13286963,0.10580367594957352,0.8807157278060913,0.7492495775222778
YMR079W,YMR029C,0,-0.1329149,0.10579104721546173,0.8807157278060913,0.7493495941162109
YMR068W,YDR450W,0,-0.13291974,0.10577841103076935,0.8807157278060913,0.7494496703147888
YMR323W,YIL031W,0,-0.1329823,0.10576578974723816,0.8807157278060913,0.7495497465133667
YGL099W,YNL097C,0,-0.13303375,0.10575316101312637,0.8807157278060913,0.7496497631072998
YJL014W,YHR203C,0,-0.1331095,0.10574053972959518,0.8807157278060913,0.7497498393058777
YNR026C,YBR236C,0,-0.13319251,0.10572792589664459,0.8807157278060913,0.7498499155044556
YFL018C,YPR112C,0,-0.13326238,0.105715312063694,0.8807157278060913,0.7499499917030334
YLR174W,YIL157C,0,-0.13326909,0.10570269823074341,0.8807157278060913,0.7500500082969666
YDL156W,YPR004C,0,-0.13339686,0.10569008439779282,0.8807157278060913,0.7501500844955444
YBL004W,YGL047W,0,-0.13341685,0.10567747801542282,0.8807157278060913,0.7502501606941223
YPL003W,YOR188W,0,-0.13348635,0.10566487908363342,0.8807157278060913,0.7503502368927002
YHR034C,YJL076W,0,-0.1334881,0.10565228015184402,0.8807157278060913,0.7504502534866333
YDR182W,YGL043W,0,-0.13352354,0.10563968122005463,0.8807157278060913,0.7505503296852112
YJL184W,YIR035C,0,-0.13368092,0.10562708973884583,0.8807157278060913,0.7506504058837891
YEL011W,YDL239C,0,-0.13368452,0.10561449825763702,0.8807157278060913,0.7507504224777222
YBR083W,YML024W,0,-0.13384631,0.10560190677642822,0.8807157278060913,0.7508504986763
YNL090W,YBR199W,0,-0.13385801,0.10558932274580002,0.8807157278060913,0.7509505748748779
YDL185W,YML091C,1,-0.13388887,0.10569590330123901,0.8817097544670105,0.7509505748748779
YDR462W,YJL036W,0,-0.1340176,0.10568330436944962,0.8817097544670105,0.7510506510734558
YER042W,YDR267C,0,-0.13404356,0.10567072033882141,0.8817097544670105,0.7511506676673889
YNR056C,YKL209C,0,-0.1341215,0.10565812885761261,0.8817097544670105,0.7512507438659668
YKR080W,YLL010C,0,-0.13419622,0.1056455448269844,0.8817097544670105,0.7513508200645447
YIL105C,YDR123C,0,-0.13439152,0.1056329607963562,0.8817097544670105,0.7514508962631226
YJL111W,YHR042W,0,-0.13445708,0.1056203842163086,0.8817097544670105,0.7515509128570557
YGL047W,YNL224C,0,-0.1344851,0.10560780763626099,0.8817097544670105,0.7516509890556335
YDR016C,YGR198W,0,-0.13457659,0.10559523850679398,0.8817097544670105,0.7517510652542114
YCR089W,YBR106W,0,-0.13462739,0.10558266937732697,0.8817097544670105,0.7518510818481445
YNL035C,YLR110C,0,-0.13484669,0.10557010024785995,0.8817097544670105,0.7519511580467224
YIL157C,YDR264C,0,-0.13487141,0.10555753856897354,0.8817097544670105,0.7520512342453003
YHL022C,YML091C,1,-0.13491921,0.1056639701128006,0.8827037811279297,0.7520512342453003
YMR309C,YGR041W,0,-0.13510771,0.10565140098333359,0.8827037811279297,0.7521513104438782
YMR263W,YKL073W,0,-0.13518433,0.10563883185386658,0.8827037811279297,0.7522513270378113
YBR200W,YIL049W,0,-0.13527545,0.10562626272439957,0.8827037811279297,0.7523514032363892
YGR198W,YBR039W,0,-0.13527624,0.10561370104551315,0.8827037811279297,0.752451479434967
YGR277C,YMR170C,0,-0.13533302,0.10560113936662674,0.8827037811279297,0.7525515556335449
YNL254C,YOR214C,0,-0.13536645,0.10558858513832092,0.8827037811279297,0.752651572227478
YOR178C,YJL184W,0,-0.13546954,0.1055760309100151,0.8827037811279297,0.7527516484260559
YAL021C,YNL250W,1,-0.13552961,0.1056823581457138,0.8836978077888489,0.7527516484260559
YGR157W,YHR083W,0,-0.13555236,0.10566979646682739,0.8836978077888489,0.7528517246246338
YNL264C,YEL026W,0,-0.13560395,0.10565723478794098,0.8836978077888489,0.7529518008232117
YDL052C,YOR303W,0,-0.1357103,0.10564468055963516,0.8836978077888489,0.7530518174171448
YHR112C,YER021W,0,-0.13583006,0.10563212633132935,0.8836978077888489,0.7531518936157227
YNR023W,YJL151C,0,-0.13593933,0.10561957955360413,0.8836978077888489,0.7532519698143005
YOR128C,YOL115W,0,-0.13595249,0.1056070327758789,0.8836978077888489,0.7533519864082336
YGL086W,YLL052C,0,-0.13596457,0.10559448599815369,0.8836978077888489,0.7534520626068115
YPL268W,YIL127C,0,-0.1359864,0.10558194667100906,0.8836978077888489,0.7535521388053894
YOR115C,YPR056W,0,-0.13598974,0.10556940734386444,0.8836978077888489,0.7536522150039673
YLR240W,YNL009W,0,-0.13601562,0.10555687546730042,0.8836978077888489,0.7537522315979004
YGR183C,YIL114C,0,-0.13605171,0.10554434359073639,0.8836978077888489,0.7538523077964783
YDL025C,YPL255W,0,-0.13608031,0.10553181171417236,0.8836978077888489,0.7539523839950562
YHR098C,YNL106C,0,-0.13610676,0.10551928728818893,0.8836978077888489,0.754052460193634
YHL007C,YOR115C,0,-0.13615742,0.1055067628622055,0.8836978077888489,0.7541524767875671
YGL133W,YPL265W,0,-0.13617714,0.10549424588680267,0.8836978077888489,0.754252552986145
YML062C,YCR048W,0,-0.13624398,0.10548172891139984,0.8836978077888489,0.7543526291847229
YPL236C,YPL005W,0,-0.13629057,0.10546921193599701,0.8836978077888489,0.754452645778656
YOR010C,YDL058W,0,-0.13631257,0.10545670241117477,0.8836978077888489,0.7545527219772339
YLR051C,YAR014C,0,-0.1363139,0.10544419288635254,0.8836978077888489,0.7546527981758118
YDL103C,YER065C,0,-0.1364602,0.1054316908121109,0.8836978077888489,0.7547528743743896
YDR338C,YOR336W,0,-0.13649648,0.10541918873786926,0.8836978077888489,0.7548528909683228
YMR283C,YOL041C,0,-0.13650292,0.10540668666362762,0.8836978077888489,0.7549529671669006
YGR068C,YNL148C,0,-0.13650522,0.10539419203996658,0.8836978077888489,0.7550530433654785
YBR019C,YER124C,0,-0.13662712,0.10538169741630554,0.8836978077888489,0.7551531195640564
YBR079C,YGL187C,0,-0.13681667,0.1053692102432251,0.8836978077888489,0.7552531361579895
YJR144W,YNL113W,0,-0.13686424,0.10535672307014465,0.8836978077888489,0.7553532123565674
YOL142W,YMR059W,1,-0.13689712,0.10546272993087769,0.8846918344497681,0.7553532123565674
YKL025C,YLR119W,0,-0.13697498,0.10545023530721664,0.8846918344497681,0.7554532885551453
YPL047W,YML069W,0,-0.13714486,0.1054377406835556,0.8846918344497681,0.7555533051490784
YML069W,YCR042C,0,-0.13718435,0.10542525351047516,0.8846918344497681,0.7556533813476562
YJL184W,YFL003C,0,-0.13724993,0.10541276633739471,0.8846918344497681,0.7557534575462341
YLR069C,YER042W,0,-0.13726887,0.10540028661489487,0.8846918344497681,0.755853533744812
YAR066W,YGR067C,0,-0.13735442,0.10538780689239502,0.8846918344497681,0.7559535503387451
YNL186W,YBR179C,0,-0.13738005,0.10537532716989517,0.8846918344497681,0.756053626537323
YDL226C,YML065W,0,-0.13745613,0.10536284744739532,0.8846918344497681,0.7561537027359009
YGR287C,YDL147W,0,-0.13748866,0.10535037517547607,0.8846918344497681,0.7562537789344788
YAL042W,YLR095C,0,-0.13771313,0.10533791035413742,0.8846918344497681,0.7563537955284119
YGR247W,YBR056W,0,-0.1377418,0.10532544553279877,0.8846918344497681,0.7564538717269897
YHR019C,YOR197W,0,-0.137802,0.10531298071146011,0.8846918344497681,0.7565539479255676
YDR084C,YHR034C,0,-0.13784628,0.10530052334070206,0.8846918344497681,0.7566539645195007
YCR102C,YDR382W,0,-0.13785207,0.105288065969944,0.8846918344497681,0.7567540407180786
YGL124C,YJR095W,0,-0.1378831,0.10527560859918594,0.8846918344497681,0.7568541169166565
YGL208W,YHR050W,0,-0.13794428,0.10526315867900848,0.8846918344497681,0.7569541931152344
YNL315C,YMR251W-A,0,-0.1380331,0.10525070875883102,0.8846918344497681,0.7570542097091675
YDR485C,YJR144W,0,-0.13803981,0.10523826628923416,0.8846918344497681,0.7571542859077454
YOR149C,YGR172C,0,-0.1380505,0.1052258238196373,0.8846918344497681,0.7572543621063232
YEL011W,YKR087C,0,-0.13824505,0.10521338135004044,0.8846918344497681,0.7573544383049011
YPR151C,YFR055W,0,-0.13825613,0.10520094633102417,0.8846918344497681,0.7574544548988342
YDR006C,YJL063C,0,-0.13832386,0.1051885113120079,0.8846918344497681,0.7575545310974121
YBL045C,YHR019C,0,-0.13834283,0.10517608374357224,0.8846918344497681,0.75765460729599
YJR093C,YIL110W,0,-0.13836822,0.10516365617513657,0.8846918344497681,0.7577546238899231
YOR128C,YDL213C,0,-0.1384154,0.1051512286067009,0.8846918344497681,0.757854700088501
YNL139C,YBR057C,0,-0.13842826,0.10513880848884583,0.8846918344497681,0.7579547762870789
YLR066W,YGR206W,0,-0.13858104,0.10512638837099075,0.8846918344497681,0.7580548524856567
YNL125C,YDL213C,0,-0.13878334,0.10511396825313568,0.8846918344497681,0.7581548690795898
YMR030W,YOR344C,0,-0.13888001,0.1051015555858612,0.8846918344497681,0.7582549452781677
YNL014W,YLR035C,0,-0.13894492,0.10508915036916733,0.8846918344497681,0.7583550214767456
YPR103W,YGL044C,0,-0.13896173,0.10507674515247345,0.8846918344497681,0.7584550976753235
YJL151C,YLR240W,0,-0.13897078,0.10506433993577957,0.8846918344497681,0.7585551142692566
YNL209W,YDR180W,0,-0.13917035,0.1050519347190857,0.8846918344497681,0.7586551904678345
YNL221C,YCL075W,1,-0.13919239,0.10515756160020828,0.8856858611106873,0.7586551904678345
YKR013W,YOR367W,0,-0.13922338,0.10514514893293381,0.8856858611106873,0.7587552666664124
YNL321W,YHR123W,0,-0.1392454,0.10513274371623993,0.8856858611106873,0.7588553428649902
YDR104C,YEL060C,0,-0.1392727,0.10512033849954605,0.8856858611106873,0.7589553594589233
YPL053C,YJL122W,0,-0.1392798,0.10510794073343277,0.8856858611106873,0.7590554356575012
YNL257C,YLL010C,0,-0.13942966,0.10509554296731949,0.8856858611106873,0.7591555118560791
YNL282W,YBR012W-B,1,-0.13953868,0.10520108789205551,0.8866799473762512,0.7591555118560791
YGL181W,YHR026W,0,-0.13958721,0.10518868267536163,0.8866799473762512,0.7592555284500122
YPL242C,YDR123C,0,-0.13963218,0.10517627745866776,0.8866799473762512,0.7593556046485901
YNL134C,YDL058W,0,-0.1397526,0.10516387969255447,0.8866799473762512,0.759455680847168
YOR007C,YCR008W,0,-0.13981049,0.10515148192644119,0.8866799473762512,0.7595557570457458
YDL193W,YHR016C,0,-0.13987747,0.10513908416032791,0.8866799473762512,0.759655773639679
YML114C,YHR183W,0,-0.13997526,0.10512669384479523,0.8866799473762512,0.7597558498382568
YOR056C,YLR135W,1,-0.14001252,0.10523214936256409,0.8876739740371704,0.7597558498382568
YFR051C,YOL060C,0,-0.14007314,0.10521974414587021,0.8876739740371704,0.7598559260368347
YPR145W,YNR023W,0,-0.14030312,0.10520735383033752,0.8876739740371704,0.7599560022354126
YJL123C,YDR462W,0,-0.14031096,0.10519495606422424,0.8876739740371704,0.7600560188293457
YDR073W,YLL054C,0,-0.14037573,0.10518256574869156,0.8876739740371704,0.7601560950279236
YGL166W,YML058W,0,-0.14045256,0.10517018288373947,0.8876739740371704,0.7602561712265015
YKR098C,YOR130C,0,-0.14046247,0.10515779256820679,0.8876739740371704,0.7603561878204346
YPL037C,YNL030W,0,-0.14053173,0.1051454171538353,0.8876739740371704,0.7604562640190125
YBR200W,YOR010C,0,-0.14056021,0.10513303428888321,0.8876739740371704,0.7605563402175903
YGL048C,YBR221C,0,-0.14060305,0.10512065887451172,0.8876739740371704,0.7606564164161682
YML008C,YDR489W,0,-0.1406644,0.10510828346014023,0.8876739740371704,0.7607564330101013
YLR431C,YDR043C,0,-0.14068137,0.10509591549634933,0.8876739740371704,0.7608565092086792
YHL007C,YPL246C,0,-0.14075044,0.10508354753255844,0.8876739740371704,0.7609565854072571
YPL029W,YJR077C,0,-0.14078711,0.10507118701934814,0.8876739740371704,0.761056661605835
YJL087C,YKL113C,1,-0.14094539,0.10517647117376328,0.8886680006980896,0.761056661605835
YHL018W,YLR178C,0,-0.14108966,0.10516409575939178,0.8886680006980896,0.7611566781997681
YDR113C,YIL031W,0,-0.1411442,0.10515172779560089,0.8886680006980896,0.761256754398346
YKL107W,YBR161W,0,-0.14123225,0.10513935983181,0.8886680006980896,0.7613568305969238
YCR068W,YBR227C,0,-0.14137234,0.1051269993185997,0.8886680006980896,0.7614568471908569
YER124C,YJR093C,0,-0.14137954,0.1051146388053894,0.8886680006980896,0.7615569233894348
YBR039W,YML072C,0,-0.14142632,0.10510227829217911,0.8886680006980896,0.7616569995880127
YOR056C,YGR256W,0,-0.14151666,0.10508992522954941,0.8886680006980896,0.7617570757865906
YCR071C,YOR375C,0,-0.14166625,0.10507757216691971,0.8886680006980896,0.7618570923805237
YKL046C,YDR519W,0,-0.14174353,0.1050652265548706,0.8886680006980896,0.7619571685791016
YOR003W,YMR024W,0,-0.14176111,0.1050528809428215,0.8886680006980896,0.7620572447776794
YBL002W,YKL167C,0,-0.1417781,0.1050405353307724,0.8886680006980896,0.7621573209762573
YIL117C,YKL012W,0,-0.14201193,0.1050281971693039,0.8886680006980896,0.7622573375701904
YDL002C,YBR253W,0,-0.14203745,0.10501585900783539,0.8886680006980896,0.7623574137687683
YOL008W,YPL241C,0,-0.14208399,0.10500352084636688,0.8886680006980896,0.7624574899673462
YBR235W,YPL212C,0,-0.1421139,0.10499119013547897,0.8886680006980896,0.7625575065612793
YIL103W,YNL093W,0,-0.1421287,0.10497886687517166,0.8886680006980896,0.7626575827598572
YDR017C,YDR237W,0,-0.142299,0.10496653616428375,0.8886680006980896,0.7627576589584351
YCR097W,YGL150C,0,-0.1423014,0.10495421290397644,0.8886680006980896,0.7628577351570129
YOL146W,YLR013W,0,-0.14230414,0.10494189709424973,0.8886680006980896,0.762957751750946
YGR096W,YJL002C,0,-0.14232647,0.10492957383394241,0.8886680006980896,0.7630578279495239
YLR423C,YAR014C,0,-0.14236228,0.1049172654747963,0.8886680006980896,0.7631579041481018
YOR130C,YMR067C,0,-0.14239125,0.10490494966506958,0.8886680006980896,0.7632579803466797
YMR113W,YKR025W,0,-0.14246781,0.10489264130592346,0.8886680006980896,0.7633579969406128
YOL128C,YKR098C,0,-0.14252801,0.10488034039735794,0.8886680006980896,0.7634580731391907
YCL010C,YKR065C,0,-0.14264546,0.10486803203821182,0.8886680006980896,0.7635581493377686
YGR096W,YKL193C,0,-0.14271213,0.1048557385802269,0.8886680006980896,0.7636581659317017
YJL123C,YNL053W,0,-0.14279403,0.10484343767166138,0.8886680006980896,0.7637582421302795
YKL208W,YBR204C,0,-0.14279854,0.10483114421367645,0.8886680006980896,0.7638583183288574
YOL094C,YLR027C,0,-0.14280532,0.10481885075569153,0.8886680006980896,0.7639583945274353
YOL094C,YPR140W,0,-0.1428199,0.1048065647482872,0.8886680006980896,0.7640584111213684
YKR013W,YAL061W,0,-0.14300448,0.10479427874088287,0.8886680006980896,0.7641584873199463
YER078C,YDR020C,0,-0.14309883,0.10478200018405914,0.8886680006980896,0.7642585635185242
YNL053W,YMR154C,0,-0.1432106,0.10476971417665482,0.8886680006980896,0.764358639717102
YOR128C,YPL249C-A,0,-0.14331725,0.10475744307041168,0.8886680006980896,0.7644586563110352
YIL066C,YMR104C,0,-0.14337029,0.10474516451358795,0.8886680006980896,0.764558732509613
YNR023W,YFL022C,0,-0.14344859,0.10473289340734482,0.8886680006980896,0.7646588087081909
YLR138W,YMR305C,0,-0.14344884,0.10472062975168228,0.8886680006980896,0.7647588849067688
YGR183C,YJR125C,0,-0.14346243,0.10470836609601974,0.8886680006980896,0.7648589015007019
YDL025C,YGR206W,0,-0.14350325,0.10469610244035721,0.8886680006980896,0.7649589776992798
YER069W,YDL161W,0,-0.14356513,0.10468383878469467,0.8886680006980896,0.7650590538978577
YIL010W,YDR208W,0,-0.14362088,0.10467158257961273,0.8886680006980896,0.7651590704917908
YJL010C,YDL103C,0,-0.14369193,0.10465933382511139,0.8886680006980896,0.7652591466903687
YJR067C,YOR140W,0,-0.14372492,0.10464707762002945,0.8886680006980896,0.7653592228889465
YDR322C-A,YLR069C,0,-0.14374553,0.1046348288655281,0.8886680006980896,0.7654592990875244
YML114C,YLR222C,0,-0.14376442,0.10462258756160736,0.8886680006980896,0.7655593156814575
YNL090W,YBL067C,0,-0.14379944,0.10461034625768661,0.8886680006980896,0.7656593918800354
YOR173W,YHR091C,0,-0.14386499,0.10459810495376587,0.8886680006980896,0.7657594680786133
YER004W,YPL008W,0,-0.14389765,0.10458587110042572,0.8886680006980896,0.7658595442771912
YLR143W,YJL208C,1,-0.1439409,0.10469060391187668,0.8896620273590088,0.7658595442771912
YDR221W,YDL079C,0,-0.1441593,0.10467836260795593,0.8896620273590088,0.7659595608711243
YDR302W,YGL257C,0,-0.14426045,0.10466612130403519,0.8896620273590088,0.7660596370697021
YDL002C,YOR202W,0,-0.1444668,0.10465388000011444,0.8896620273590088,0.76615971326828
YNL139C,YPR066W,0,-0.14450108,0.10464164614677429,0.8896620273590088,0.7662597298622131
YDL020C,YKL167C,0,-0.14455123,0.10462941229343414,0.8896620273590088,0.766359806060791
YOL016C,YKL096W,0,-0.14458285,0.10461718589067459,0.8896620273590088,0.7664598822593689
YDR184C,YLR210W,0,-0.1445942,0.10460495203733444,0.8896620273590088,0.7665599584579468
YLR034C,YOR035C,0,-0.14464946,0.10459273308515549,0.8896620273590088,0.7666599750518799
YDR446W,YPL170W,0,-0.14467557,0.10458050668239594,0.8896620273590088,0.7667600512504578
YPL016W,YFR028C,0,-0.14468487,0.10456828773021698,0.8896620273590088,0.7668601274490356
YBL004W,YPR112C,0,-0.14477628,0.10455607622861862,0.8896620273590088,0.7669602036476135
YBR152W,YHL020C,0,-0.14484821,0.10454386472702026,0.8896620273590088,0.7670602202415466
YDL020C,YOR298C-A,0,-0.1448874,0.1045316532254219,0.8896620273590088,0.7671602964401245
YBR290W,YDR294C,0,-0.14488916,0.10451944172382355,0.8896620273590088,0.7672603726387024
YHR039C,YDL014W,0,-0.14489523,0.10450723767280579,0.8896620273590088,0.7673603892326355
YLR138W,YKL148C,0,-0.1449163,0.10449504107236862,0.8896620273590088,0.7674604654312134
YPL246C,YBR200W,0,-0.14518318,0.10448283702135086,0.8896620273590088,0.7675605416297913
YGR068C,YNL021W,0,-0.14523895,0.1044706404209137,0.8896620273590088,0.7676606178283691
YDR279W,YCR035C,1,-0.1454321,0.10457516461610794,0.890656054019928,0.7676606178283691
YGR087C,YFL008W,0,-0.14545731,0.10456296056509018,0.890656054019928,0.7677606344223022
YOL088C,YHR072W,0,-0.14560407,0.10455075651407242,0.890656054019928,0.7678607106208801
YOR229W,YLL010C,0,-0.14561804,0.10453855991363525,0.890656054019928,0.767960786819458
YGR256W,YOR303W,0,-0.14562137,0.10452636331319809,0.890656054019928,0.7680608630180359
YER035W,YIL103W,0,-0.14578989,0.10451417416334152,0.890656054019928,0.768160879611969
YKL046C,YPR066W,0,-0.1458182,0.10450198501348495,0.890656054019928,0.7682609558105469
YMR092C,YOL075C,0,-0.1458594,0.10448979586362839,0.890656054019928,0.7683610320091248
YOL080C,YOL042W,1,-0.14586835,0.10459421575069427,0.8916500806808472,0.7683610320091248
YPR094W,YGL153W,0,-0.14587958,0.10458201915025711,0.8916500806808472,0.7684610486030579
YJL042W,YPR066W,0,-0.14606902,0.10456983000040054,0.8916500806808472,0.7685611248016357
YDR293C,YAL015C,1,-0.14608641,0.10467420518398285,0.8926441073417664,0.7685611248016357
YPL170W,YPL003W,0,-0.14639795,0.10466200113296509,0.8926441073417664,0.7686612010002136
YBR203W,YLR225C,0,-0.14650328,0.10464980453252792,0.8926441073417664,0.7687612771987915
YDL214C,YMR083W,0,-0.14658774,0.10463761538267136,0.8926441073417664,0.7688612937927246
YBR290W,YMR119W,0,-0.14675948,0.10462541878223419,0.8926441073417664,0.7689613699913025
YMR161W,YLR421C,0,-0.1468065,0.10461323708295822,0.8926441073417664,0.7690614461898804
YDR338C,YIL063C,0,-0.14681338,0.10460104793310165,0.8926441073417664,0.7691615223884583
YOL008W,YMR202W,0,-0.1468732,0.10458886623382568,0.8926441073417664,0.7692615389823914
YLR320W,YHR191C,0,-0.14690386,0.10457668453454971,0.8926441073417664,0.7693616151809692
YBL100W-B,YMR224C,1,-0.14695205,0.10468094795942307,0.8936381936073303,0.7693616151809692
YLR070C,YHR019C,0,-0.14696625,0.1046687588095665,0.8936381936073303,0.7694616913795471
YOL008W,YIL121W,0,-0.1469719,0.10465657711029053,0.8936381936073303,0.7695617079734802
YIL131C,YOL137W,0,-0.1469778,0.10464439541101456,0.8936381936073303,0.7696617841720581
YBR234C,YER172C,0,-0.14715464,0.10463221371173859,0.8936381936073303,0.769761860370636
YPL246C,YDR208W,0,-0.14735253,0.10462003946304321,0.8936381936073303,0.7698619365692139
YAR008W,YOL021C,1,-0.14735688,0.1047242283821106,0.8946322202682495,0.7698619365692139
YDL025C,YGL234W,0,-0.14735697,0.10471203923225403,0.8946322202682495,0.769961953163147
YMR134W,YOR073W,0,-0.14736196,0.10469985753297806,0.8946322202682495,0.7700620293617249
YPL227C,YHR094C,0,-0.14737238,0.10468768328428268,0.8946322202682495,0.7701621055603027
YCL045C,YFR055W,0,-0.14741121,0.10467550903558731,0.8946322202682495,0.7702621817588806
YIL091C,YIL105C,0,-0.14743637,0.10466333478689194,0.8946322202682495,0.7703621983528137
YDR266C,YNL256W,0,-0.1476785,0.10465116053819656,0.8946322202682495,0.7704622745513916
YLR340W,YPL023C,0,-0.14771721,0.10463899374008179,0.8946322202682495,0.7705623507499695
YKL163W,YGL131C,0,-0.1477411,0.10462683439254761,0.8946322202682495,0.7706624269485474
YKL101W,YPL158C,0,-0.1477682,0.10461466759443283,0.8946322202682495,0.7707624435424805
YOR354C,YGR271C-A,0,-0.14790404,0.10460250824689865,0.8946322202682495,0.7708625197410583
YKL025C,YNL336W,0,-0.14791785,0.10459035634994507,0.8946322202682495,0.7709625959396362
YGL013C,YIL040W,0,-0.14797954,0.10457820445299149,0.8946322202682495,0.7710626125335693
YNL245C,YNL327W,0,-0.14806063,0.1045660525560379,0.8946322202682495,0.7711626887321472
YGR074W,YDL058W,0,-0.14811447,0.10455390065908432,0.8946322202682495,0.7712627649307251
YML039W,YDL111C,1,-0.14825426,0.10465791821479797,0.8956262469291687,0.7712627649307251
YKL167C,YJR144W,0,-0.14834931,0.1046457588672638,0.8956262469291687,0.771362841129303
YLR110C,YDR255C,0,-0.1483844,0.10463360697031021,0.8956262469291687,0.7714628577232361
YIR003W,YNL124W,0,-0.14842074,0.10462145507335663,0.8956262469291687,0.771562933921814
YDR037W,YPL079W,0,-0.1484578,0.10460931062698364,0.8956262469291687,0.7716630101203918
YPL211W,YLR332W,0,-0.14846253,0.10459716618061066,0.8956262469291687,0.7717630863189697
YOR173W,YJR091C,0,-0.14851166,0.10458502918481827,0.8956262469291687,0.7718631029129028
YNL154C,YDR084C,0,-0.14856039,0.10457288473844528,0.8956262469291687,0.7719631791114807
YAR008W,YJL208C,1,-0.14859894,0.10467679798603058,0.8966202735900879,0.7719631791114807
YDR006C,YDR043C,0,-0.14860356,0.10466465353965759,0.8966202735900879,0.7720632553100586
YFL022C,YOR058C,0,-0.1487182,0.1046525090932846,0.8966202735900879,0.7721632719039917
YLR453C,YLR022C,0,-0.14873987,0.10464037209749222,0.8966202735900879,0.7722633481025696
YOL008W,YMR154C,0,-0.14875345,0.10462823510169983,0.8966202735900879,0.7723634243011475
YJL210W,YDR017C,0,-0.14897226,0.10461609810590744,0.8966202735900879,0.7724635004997253
YGR192C,YNL197C,0,-0.1489778,0.10460396856069565,0.8966202735900879,0.7725635170936584
YER016W,YNL134C,0,-0.14910242,0.10459183901548386,0.8966202735900879,0.7726635932922363
YOR329C,YCL010C,0,-0.1491297,0.10457970947027206,0.8966202735900879,0.7727636694908142
YGR215W,YLR398C,0,-0.14923282,0.10456758737564087,0.8966202735900879,0.7728637456893921
YPL158C,YLR319C,0,-0.14923723,0.10455546528100967,0.8966202735900879,0.7729637622833252
YNR051C,YGL150C,0,-0.14923881,0.10454335063695908,0.8966202735900879,0.7730638384819031
YDL147W,YGR067C,0,-0.14924327,0.10453122854232788,0.8966202735900879,0.773163914680481
YIL110W,YMR083W,0,-0.14925934,0.10451912134885788,0.8966202735900879,0.7732639312744141
YER065C,YBL003C,0,-0.14928684,0.10450700670480728,0.8966202735900879,0.7733640074729919
YGL131C,YHL001W,0,-0.14929408,0.10449489951133728,0.8966202735900879,0.7734640836715698
YGR209C,YCR003W,0,-0.14943917,0.10448279976844788,0.8966202735900879,0.7735641598701477
YBR302C,YGR013W,0,-0.1496327,0.10447070002555847,0.8966202735900879,0.7736641764640808
YBR070C,YPL079W,0,-0.1496407,0.10445860028266907,0.8966202735900879,0.7737642526626587
YHL013C,YPL003W,0,-0.14964677,0.10444650053977966,0.8966202735900879,0.7738643288612366
YLR298C,YDR162C,0,-0.14964925,0.10443440824747086,0.8966202735900879,0.7739644050598145
YPL227C,YIL158W,0,-0.14966673,0.10442232340574265,0.8966202735900879,0.7740644216537476
YOL088C,YJR017C,0,-0.14967164,0.10441023111343384,0.8966202735900879,0.7741644978523254
YCR089W,YLR035C,0,-0.14976485,0.10439814627170563,0.8966202735900879,0.7742645740509033
YLR051C,YMR083W,0,-0.14982833,0.10438606888055801,0.8966202735900879,0.7743645906448364
YKL213C,YKL160W,0,-0.14990012,0.1043739840388298,0.8966202735900879,0.7744646668434143
YDR051C,YBR106W,0,-0.1499549,0.10436191409826279,0.8966202735900879,0.7745647430419922
YLR132C,YHR128W,0,-0.14997636,0.10434983670711517,0.8966202735900879,0.7746648192405701
YOR033C,YCR033W,0,-0.1500427,0.10433776676654816,0.8966202735900879,0.7747648358345032
YAR003W,YPR066W,0,-0.15019448,0.10432569682598114,0.8966202735900879,0.774864912033081
YDR210W,YGL013C,0,-0.1502027,0.10431363433599472,0.8966202735900879,0.7749649882316589
YDR162C,YER166W,0,-0.15021922,0.1043015718460083,0.8966202735900879,0.7750650644302368
YNL209W,YBL099W,0,-0.15026309,0.10428951680660248,0.8966202735900879,0.7751650810241699
YGL125W,YNL099C,0,-0.1503038,0.10427745431661606,0.8966202735900879,0.7752651572227478
YPR094W,YKR042W,0,-0.15030651,0.10426539927721024,0.8966202735900879,0.7753652334213257
YJL028W,YDL188C,0,-0.15060474,0.10425335168838501,0.8966202735900879,0.7754652500152588
YFR042W,YBR227C,0,-0.15071242,0.10424130409955978,0.8966202735900879,0.7755653262138367
YGL224C,YOR336W,0,-0.15071681,0.10422925651073456,0.8966202735900879,0.7756654024124146
YGR074W,YIL157C,0,-0.15073194,0.10421721637248993,0.8966202735900879,0.7757654786109924
YML069W,YBR014C,0,-0.1508566,0.1042051762342453,0.8966202735900879,0.7758654952049255
YDR206W,YPL228W,0,-0.15085755,0.10419313609600067,0.8966202735900879,0.7759655714035034
YJR091C,YLR081W,0,-0.15101899,0.10418110340833664,0.8966202735900879,0.7760656476020813
YOR149C,YOR321W,0,-0.15136196,0.10416907072067261,0.8966202735900879,0.7761657238006592
YNL075W,YOR245C,0,-0.15140201,0.10415704548358917,0.8966202735900879,0.7762657403945923
YIL105C,YIL031W,0,-0.15141264,0.10414502024650574,0.8966202735900879,0.7763658165931702
YPL241C,YCR003W,0,-0.15141942,0.1041329950094223,0.8966202735900879,0.776465892791748
YJL184W,YDL213C,0,-0.1514362,0.10412097722291946,0.8966202735900879,0.7765659689903259
YNL003C,YLR421C,0,-0.1514459,0.10410895943641663,0.8966202735900879,0.776665985584259
YHR191C,YGL153W,0,-0.15144971,0.10409694164991379,0.8966202735900879,0.7767660617828369
YFR028C,YJL091C,0,-0.15146199,0.10408493131399155,0.8966202735900879,0.7768661379814148
YLR312W-A,YOL021C,1,-0.1514705,0.10418830066919327,0.8976143002510071,0.7768661379814148
YNL197C,YOR198C,0,-0.15149735,0.10417628288269043,0.8976143002510071,0.7769661545753479
YKL096W,YPL015C,0,-0.15157382,0.10416426509618759,0.8976143002510071,0.7770662307739258
YBR068C,YIL010W,0,-0.15163502,0.10415224730968475,0.8976143002510071,0.7771663069725037
YAR008W,YOL044W,0,-0.15170439,0.10414023697376251,0.8976143002510071,0.7772663831710815
YNL323W,YFL055W,0,-0.15171833,0.10412822663784027,0.8976143002510071,0.7773663997650146
YJR043C,YDR097C,0,-0.15176506,0.10411622375249863,0.8976143002510071,0.7774664759635925
YNL300W,YER069W,0,-0.15179162,0.10410422086715698,0.8976143002510071,0.7775665521621704
YGR278W,YOR125C,0,-0.15182231,0.10409221798181534,0.8976143002510071,0.7776666283607483
YOR033C,YPL158C,0,-0.15197696,0.10408022254705429,0.8976143002510071,0.7777666449546814
YER001W,YDR037W,0,-0.15199472,0.10406822711229324,0.8976143002510071,0.7778667211532593
YDR027C,YNL021W,0,-0.15200573,0.1040562316775322,0.8976143002510071,0.7779667973518372
YBR227C,YBL003C,0,-0.15203233,0.10404424369335175,0.8976143002510071,0.7780668139457703
YPR145W,YMR197C,0,-0.15218903,0.1040322557091713,0.8976143002510071,0.7781668901443481
YDR540C,YPL192C,0,-0.15220597,0.10402027517557144,0.8976143002510071,0.778266966342926
YDL232W,YMR190C,0,-0.15223405,0.10400829464197159,0.8976143002510071,0.7783670425415039
YPR107C,YBR199W,0,-0.15227894,0.10399631410837173,0.8976143002510071,0.778467059135437
YBR133C,YOL039W,0,-0.15280046,0.10398434102535248,0.8976143002510071,0.7785671353340149
YPR101W,YER157W,0,-0.15280955,0.10397236794233322,0.8976143002510071,0.7786672115325928
YKL221W,YPR052C,0,-0.1528873,0.10396039485931396,0.8976143002510071,0.7787672877311707
YMR011W,YNR056C,0,-0.1528939,0.1039484292268753,0.8976143002510071,0.7788673043251038
YJL209W,YIL063C,0,-0.15293625,0.10393646359443665,0.8976143002510071,0.7789673805236816
YPL242C,YNL035C,0,-0.1529436,0.10392450541257858,0.8976143002510071,0.7790674567222595
YCR069W,YGL079W,0,-0.15297958,0.10391253978013992,0.8976143002510071,0.7791674733161926
YHR141C,YKL092C,0,-0.15298246,0.10390058904886246,0.8976143002510071,0.7792675495147705
YPL249C-A,YJR002W,0,-0.15303177,0.1038886308670044,0.8976143002510071,0.7793676257133484
YOR328W,YMR154C,0,-0.15326315,0.10387668013572693,0.8976143002510071,0.7794677019119263
YML001W,YGL175C,0,-0.15331928,0.10386473685503006,0.8976143002510071,0.7795677185058594
YHR188C,YIL010W,0,-0.15352656,0.1038527861237526,0.8976143002510071,0.7796677947044373
YGL011C,YNR049C,0,-0.15352766,0.10384084284305573,0.8976143002510071,0.7797678709030151
YHR039C,YPR052C,0,-0.15354906,0.10382890701293945,0.8976143002510071,0.779867947101593
YBR228W,YGR256W,0,-0.15369426,0.10381697118282318,0.8976143002510071,0.7799679636955261
YNR056C,YJR064W,0,-0.15371057,0.10380503535270691,0.8976143002510071,0.780068039894104
YDR006C,YGL134W,0,-0.1537421,0.10379310697317123,0.8976143002510071,0.7801681160926819
YHR191C,YBL019W,0,-0.15385544,0.10378117114305496,0.8976143002510071,0.780268132686615
YOR284W,YML008C,0,-0.15400556,0.10376925021409988,0.8976143002510071,0.7803682088851929
YKL049C,YIL065C,0,-0.15403204,0.10375732183456421,0.8976143002510071,0.7804682850837708
YIL041W,YBL036C,0,-0.15409781,0.10374540090560913,0.8976143002510071,0.7805683612823486
YIL158W,YJL076W,0,-0.15419142,0.10373348742723465,0.8976143002510071,0.7806683778762817
YMR135C,YPL227C,0,-0.15419166,0.10372157394886017,0.8976143002510071,0.7807684540748596
YNL169C,YBR083W,0,-0.1542063,0.10370966047048569,0.8976143002510071,0.7808685302734375
YPL230W,YFR044C,0,-0.15422554,0.1036977469921112,0.8976143002510071,0.7809686064720154
YDL193W,YDR538W,0,-0.15423657,0.10368584096431732,0.8976143002510071,0.7810686230659485
YNL323W,YMR190C,0,-0.1542519,0.10367393493652344,0.8976143002510071,0.7811686992645264
YNL124W,YCR088W,0,-0.15449531,0.10366203635931015,0.8976143002510071,0.7812687754631042
YKR067W,YER119C,0,-0.15451206,0.10365013778209686,0.8976143002510071,0.7813687920570374
YLR410W,YCR003W,0,-0.15451866,0.10363823920488358,0.8976143002510071,0.7814688682556152
YPR104C,YDL014W,0,-0.15456343,0.10362634807825089,0.8976143002510071,0.7815689444541931
YDR214W,YOL049W,0,-0.15460987,0.1036144569516182,0.8976143002510071,0.781669020652771
YDR147W,YJR093C,0,-0.15464972,0.1036025732755661,0.8976143002510071,0.7817690372467041
YPL170W,YLR421C,0,-0.15490308,0.10359068214893341,0.8976143002510071,0.781869113445282
YKL152C,YPR094W,0,-0.15491961,0.10357880592346191,0.8976143002510071,0.7819691896438599
YDR027C,YOR196C,0,-0.15495792,0.10356692224740982,0.8976143002510071,0.7820692658424377
YNL030W,YLR229C,0,-0.15499869,0.10355504602193832,0.8976143002510071,0.7821692824363708
YGL133W,YMR044W,0,-0.15509152,0.10354316979646683,0.8976143002510071,0.7822693586349487
YHR072W,YDR331W,0,-0.15509605,0.10353130102157593,0.8976143002510071,0.7823694348335266
YHR188C,YOR125C,0,-0.15511905,0.10351943224668503,0.8976143002510071,0.7824695110321045
YKL125W,YGL055W,0,-0.15518035,0.10350756347179413,0.8976143002510071,0.7825695276260376
YGL048C,YAR066W,0,-0.15533708,0.10349570214748383,0.8976143002510071,0.7826696038246155
YOL089C,YIR008C,0,-0.1553578,0.10348384082317352,0.8976143002510071,0.7827696800231934
YPR018W,YDR489W,0,-0.1554393,0.10347198694944382,0.8976143002510071,0.7828696966171265
YGL099W,YFL002C,0,-0.15546153,0.10346012562513351,0.8976143002510071,0.7829697728157043
YOR118W,YDL150W,0,-0.15563996,0.1034482792019844,0.8976143002510071,0.7830698490142822
YDL181W,YKR045C,0,-0.15565898,0.1034364253282547,0.8976143002510071,0.7831699252128601
YDL126C,YDL159W,0,-0.15572184,0.10342457890510559,0.8976143002510071,0.7832699418067932
YCL011C,YPL249C,0,-0.15580651,0.10341273248195648,0.8976143002510071,0.7833700180053711
YHR112C,YNR075W,0,-0.1559195,0.10340089350938797,0.8976143002510071,0.783470094203949
YDR322C-A,YOL075C,0,-0.15626621,0.10338905453681946,0.8976143002510071,0.7835701704025269
YDR302W,YPL005W,0,-0.15634935,0.10337721556425095,0.8976143002510071,0.78367018699646
YOR095C,YER019W,0,-0.15639426,0.10336538404226303,0.8976143002510071,0.7837702631950378
YKR045C,YNL336W,0,-0.15646875,0.10335355252027512,0.8976143002510071,0.7838703393936157
YDR027C,YOR344C,0,-0.15648995,0.1033417284488678,0.8976143002510071,0.7839703559875488
YML130C,YDL165W,0,-0.15658753,0.10332989692687988,0.8976143002510071,0.7840704321861267
YDR147W,YMR277W,0,-0.15661836,0.10331808030605316,0.8976143002510071,0.7841705083847046
YDR214W,YJR086W,0,-0.15671377,0.10330625623464584,0.8976143002510071,0.7842705845832825
YDR027C,YPR023C,0,-0.1568846,0.10329443961381912,0.8976143002510071,0.7843706011772156
YML114C,YLR256W,0,-0.15690683,0.1032826229929924,0.8976143002510071,0.7844706773757935
YJR095W,YKR087C,0,-0.15694298,0.10327081382274628,0.8976143002510071,0.7845707535743713
YJL151C,YGL254W,0,-0.15717144,0.10325900465250015,0.8976143002510071,0.7846708297729492
YPL083C,YGL175C,1,-0.1571967,0.10336153954267502,0.8986083269119263,0.7846708297729492
YEL063C,YPL230W,0,-0.15720086,0.1033497229218483,0.8986083269119263,0.7847708463668823
YGR198W,YGL133W,0,-0.15720925,0.10333790630102158,0.8986083269119263,0.7848709225654602
YOR321W,YAL014C,0,-0.15721935,0.10332609713077545,0.8986083269119263,0.7849709987640381
YJR047C,YNL245C,0,-0.15726878,0.10331428796052933,0.8986083269119263,0.7850710153579712
YCR020W-B,YBR106W,0,-0.15732768,0.1033024787902832,0.8986083269119263,0.7851710915565491
YCR042C,YPL192C,0,-0.15733033,0.10329067707061768,0.8986083269119263,0.785271167755127
YPL003W,YOL058W,0,-0.1573907,0.10327887535095215,0.8986083269119263,0.7853712439537048
YIL131C,YDR540C,0,-0.15759806,0.10326708108186722,0.8986083269119263,0.7854712605476379
YHL022C,YGL134W,0,-0.15763415,0.10325527936220169,0.8986083269119263,0.7855713367462158
YIL127C,YDL042C,0,-0.15764411,0.10324349254369736,0.8986083269119263,0.7856714129447937
YPL249C,YMR271C,0,-0.15768905,0.10323169827461243,0.8986083269119263,0.7857714891433716
YKR098C,YCR024C-A,0,-0.15774482,0.1032199114561081,0.8986083269119263,0.7858715057373047
YGL055W,YHR045W,0,-0.1577544,0.10320813208818436,0.8986083269119263,0.7859715819358826
YDR104C,YNR032W,0,-0.15776066,0.10319634526968002,0.8986083269119263,0.7860716581344604
YPL237W,YMR134W,0,-0.15780012,0.10318456590175629,0.8986083269119263,0.7861716747283936
YLR298C,YNL005C,0,-0.15785255,0.10317279398441315,0.8986083269119263,0.7862717509269714
YHR007C,YML118W,0,-0.15797813,0.10316101461648941,0.8986083269119263,0.7863718271255493
YBR228W,YDR386W,1,-0.15799432,0.10326334834098816,0.8996024131774902,0.7863718271255493
YHR007C,YDR258C,0,-0.15799919,0.10325156897306442,0.8996024131774902,0.7864719033241272
YOR149C,YLR174W,0,-0.15802248,0.10323978960514069,0.8996024131774902,0.7865719199180603
YLR027C,YJL122W,0,-0.15813854,0.10322801768779755,0.8996024131774902,0.7866719961166382
YJR113C,YGR289C,0,-0.15819295,0.10321623831987381,0.8996024131774902,0.7867720723152161
YLR132C,YLR128W,0,-0.15856983,0.10320447385311127,0.8996024131774902,0.786872148513794
YPL232W,YOR003W,0,-0.15862967,0.10319270193576813,0.8996024131774902,0.786972165107727
YGR049W,YEL047C,0,-0.15863208,0.10318093746900558,0.8996024131774902,0.7870722413063049
YJL159W,YOL089C,0,-0.15864067,0.10316917300224304,0.8996024131774902,0.7871723175048828
YDR123C,YIL129C,0,-0.1587163,0.1031574159860611,0.8996024131774902,0.7872723340988159
YDL232W,YBR229C,0,-0.15877365,0.10314565896987915,0.8996024131774902,0.7873724102973938
YDR255C,YDR264C,0,-0.15880132,0.1031339019536972,0.8996024131774902,0.7874724864959717
YNL222W,YMR068W,0,-0.15888095,0.10312215238809586,0.8996024131774902,0.7875725626945496
YGR203W,YDL020C,0,-0.15890722,0.1031104028224945,0.8996024131774902,0.7876725792884827
YBR102C,YGL055W,0,-0.15896419,0.10309865325689316,0.8996024131774902,0.7877726554870605
YDR020C,YJR129C,0,-0.15903796,0.1030869111418724,0.8996024131774902,0.7878727316856384
YBL042C,YJL177W,0,-0.15926458,0.10307516902685165,0.8996024131774902,0.7879728078842163
YPR018W,YPL015C,0,-0.15934871,0.1030634343624115,0.8996024131774902,0.7880728244781494
YIL110W,YBL003C,0,-0.15938377,0.10305169969797134,0.8996024131774902,0.7881729006767273
YOR231W,YKR003W,0,-0.15941216,0.10303996503353119,0.8996024131774902,0.7882729768753052
YOL097C,YDR206W,0,-0.15950954,0.10302823036909103,0.8996024131774902,0.7883730530738831
YDR113C,YLR372W,0,-0.15952815,0.10301650315523148,0.8996024131774902,0.7884730696678162
YCL033C,YGL208W,0,-0.15954208,0.10300478339195251,0.8996024131774902,0.788573145866394
YBR152W,YGR256W,0,-0.1596103,0.10299305617809296,0.8996024131774902,0.7886732220649719
YLR116W,YLR355C,0,-0.15972687,0.102981336414814,0.8996024131774902,0.788773238658905
YNL152W,YOL058W,0,-0.15978085,0.10296962410211563,0.8996024131774902,0.7888733148574829
YDR258C,YJR019C,0,-0.15979703,0.10295790433883667,0.8996024131774902,0.7889733910560608
YOR329C,YDR001C,0,-0.15997621,0.1029461920261383,0.8996024131774902,0.7890734672546387
YDR104C,YBR228W,0,-0.16006932,0.10293448716402054,0.8996024131774902,0.7891734838485718
YNL327W,YFR055W,0,-0.16015811,0.10292278230190277,0.8996024131774902,0.7892735600471497
YHR016C,YJR077C,0,-0.1602618,0.102911077439785,0.8996024131774902,0.7893736362457275
YCL033C,YFR004W,0,-0.16030304,0.10289937257766724,0.8996024131774902,0.7894737124443054
YNL072W,YGL022W,0,-0.16033743,0.10288767516613007,0.8996024131774902,0.7895737290382385
YOR295W,YLR022C,0,-0.1604296,0.1028759777545929,0.8996024131774902,0.7896738052368164
YBL084C,YDL178W,0,-0.16079141,0.10286428779363632,0.8996024131774902,0.7897738814353943
YPL152W,YPL132W,0,-0.16081323,0.10285259783267975,0.8996024131774902,0.7898738980293274
YEL046C,YML008C,0,-0.16101414,0.10284090787172318,0.8996024131774902,0.7899739742279053
YMR323W,YIL122W,0,-0.1610276,0.1028292253613472,0.8996024131774902,0.7900740504264832
YDR485C,YNL220W,0,-0.16109721,0.10281754285097122,0.8996024131774902,0.790174126625061
YPR104C,YCL010C,0,-0.16111073,0.10280586034059525,0.8996024131774902,0.7902741432189941
YEL034W,YDR324C,0,-0.16121311,0.10279418528079987,0.8996024131774902,0.790374219417572
YIL103W,YER018C,0,-0.16122554,0.10278251022100449,0.8996024131774902,0.7904742956161499
YDR446W,YHL022C,0,-0.16132252,0.1027708351612091,0.8996024131774902,0.7905743718147278
YDR058C,YKL027W,0,-0.16143438,0.10275916755199432,0.8996024131774902,0.7906743884086609
YLR105C,YIL080W,1,-0.16177289,0.10286103188991547,0.9005964398384094,0.7906743884086609
YHL033C,YOR017W,0,-0.16184054,0.10284935683012009,0.9005964398384094,0.7907744646072388
YLR216C,YIL129C,0,-0.161842,0.10283768177032471,0.9005964398384094,0.7908745408058167
YCL030C,YML065W,0,-0.16206007,0.10282601416110992,0.9005964398384094,0.7909745573997498
YOL033W,YDR293C,0,-0.16213997,0.10281434655189514,0.9005964398384094,0.7910746335983276
YGR038W,YDL147W,0,-0.16215813,0.10280267894268036,0.9005964398384094,0.7911747097969055
YCL010C,YFR055W,0,-0.1621797,0.10279101133346558,0.9005964398384094,0.7912747859954834
YDR307W,YPR065W,0,-0.16225943,0.10277935117483139,0.9005964398384094,0.7913748025894165
YDR099W,YPL265W,0,-0.16228329,0.1027676984667778,0.9005964398384094,0.7914748787879944
YCL010C,YPL228W,0,-0.16230196,0.10275603830814362,0.9005964398384094,0.7915749549865723
YPL232W,YKR042W,0,-0.16238113,0.10274438560009003,0.9005964398384094,0.7916750311851501
YDR155C,YOR122C,0,-0.16244377,0.10273273289203644,0.9005964398384094,0.7917750477790833
YMR044W,YER004W,0,-0.16253781,0.10272108763456345,0.9005964398384094,0.7918751239776611
YBL005W-A,YOL075C,0,-0.1627109,0.10270944237709045,0.9005964398384094,0.791975200176239
YGL011C,YJR017C,0,-0.16288911,0.10269780457019806,0.9005964398384094,0.7920752167701721
YDL147W,YDR198C,0,-0.16290475,0.10268615931272507,0.9005964398384094,0.79217529296875
YIL049W,YOR017W,0,-0.16292994,0.10267452150583267,0.9005964398384094,0.7922753691673279
YNL021W,YNL312W,0,-0.16293432,0.10266289114952087,0.9005964398384094,0.7923754453659058
YGR023W,YAL055W,0,-0.16295655,0.10265126079320908,0.9005964398384094,0.7924754619598389
YOR149C,YLR378C,0,-0.16298482,0.10263963043689728,0.9005964398384094,0.7925755381584167
YPR107C,YGL131C,0,-0.16299199,0.10262800008058548,0.9005964398384094,0.7926756143569946
YOR208W,YGL150C,0,-0.16303833,0.10261637717485428,0.9005964398384094,0.7927756905555725
YML078W,YJL076W,0,-0.1631627,0.10260475426912308,0.9005964398384094,0.7928757071495056
YNL315C,YEL055C,0,-0.16333218,0.10259313881397247,0.9005964398384094,0.7929757833480835
YJL042W,YOL130W,0,-0.1633993,0.10258152335882187,0.9005964398384094,0.7930758595466614
YOR115C,YKL049C,0,-0.16354391,0.10256990790367126,0.9005964398384094,0.7931758761405945
YNL090W,YLR051C,0,-0.16364647,0.10255829989910126,0.9005964398384094,0.7932759523391724
YOR202W,YML065W,0,-0.16366981,0.10254669189453125,0.9005964398384094,0.7933760285377502
YLR077W,YML093W,0,-0.1637543,0.10253508388996124,0.9005964398384094,0.7934761047363281
YDL155W,YGL012W,0,-0.16376066,0.10252348333597183,0.9005964398384094,0.7935761213302612
YIL031W,YFR044C,0,-0.16382064,0.10251188278198242,0.9005964398384094,0.7936761975288391
YOL041C,YNL097C,0,-0.16397484,0.10250028222799301,0.9005964398384094,0.793776273727417
YHL009C,YOR328W,0,-0.1640365,0.1024886891245842,0.9005964398384094,0.7938763499259949
YKL221W,YIL122W,0,-0.16410325,0.10247709602117538,0.9005964398384094,0.793976366519928
YLR298C,YDR316W,0,-0.16424526,0.10246550291776657,0.9005964398384094,0.7940764427185059
YIR021W,YGR284C,0,-0.16438365,0.10245391726493835,0.9005964398384094,0.7941765189170837
YBR077C,YKL221W,0,-0.16457857,0.10244233161211014,0.9005964398384094,0.7942765951156616
YPR103W,YBL019W,0,-0.1646059,0.10243075340986252,0.9005964398384094,0.7943766117095947
YKR022C,YIL114C,0,-0.16464727,0.1024191752076149,0.9005964398384094,0.7944766879081726
YDR182W,YKR003W,0,-0.16488333,0.10240759700536728,0.9005964398384094,0.7945767641067505
YDL111C,YIL082W-A,1,-0.1649086,0.102509044110775,0.9015904664993286,0.7945767641067505
YML078W,YMR154C,0,-0.16492356,0.10249745845794678,0.9015904664993286,0.7946767807006836
YGL166W,YOR035C,0,-0.1650054,0.10248587280511856,0.9015904664993286,0.7947768568992615
YGR108W,YBR021W,0,-0.16505587,0.10247429460287094,0.9015904664993286,0.7948769330978394
YOR210W,YHR026W,0,-0.16529094,0.10246272385120392,0.9015904664993286,0.7949770092964172
YBR221C,YBR135W,0,-0.16530009,0.1024511456489563,0.9015904664993286,0.7950770258903503
YPL088W,YNL270C,0,-0.16533159,0.10243957489728928,0.9015904664993286,0.7951771020889282
YOR362C,YJR144W,0,-0.1655363,0.10242800414562225,0.9015904664993286,0.7952771782875061
YER118C,YBR179C,0,-0.1656112,0.10241644084453583,0.9015904664993286,0.795377254486084
YIL080W,YMR239C,1,-0.16568072,0.10251778364181519,0.9025844931602478,0.795377254486084
YNR036C,YDR489W,0,-0.16584274,0.10250620543956757,0.9025844931602478,0.7954772710800171
YOL128C,YNL299W,0,-0.16584481,0.10249463468790054,0.9025844931602478,0.795577347278595
YGR048W,YHR026W,0,-0.1659787,0.10248307138681412,0.9025844931602478,0.7956774234771729
YGL001C,YJR017C,0,-0.16607496,0.1024715006351471,0.9025844931602478,0.795777440071106
YKR087C,YER166W,0,-0.16620032,0.10245994478464127,0.9025844931602478,0.7958775162696838
YHR043C,YDR264C,0,-0.16623321,0.10244838148355484,0.9025844931602478,0.7959775924682617
YJL209W,YNL222W,0,-0.1662377,0.10243682563304901,0.9025844931602478,0.7960776686668396
YKL113C,YJL100W,0,-0.16628966,0.10242526978254318,0.9025844931602478,0.7961776852607727
YMR293C,YBR288C,0,-0.16641387,0.10241371393203735,0.9025844931602478,0.7962777614593506
YDR452W,YIL105C,0,-0.16670622,0.10240216553211212,0.9025844931602478,0.7963778376579285
YCR033W,YMR271C,0,-0.1667722,0.10239061713218689,0.9025844931602478,0.7964779138565063
YBR302C,YHR191C,0,-0.16683702,0.10237907618284225,0.9025844931602478,0.7965779304504395
YLR388W,YJL100W,0,-0.1669079,0.10236752778291702,0.9025844931602478,0.7966780066490173
YLR064W,YGL013C,0,-0.16692616,0.10235599428415298,0.9025844931602478,0.7967780828475952
YCL010C,YLR424W,0,-0.16706862,0.10234445333480835,0.9025844931602478,0.7968780994415283
YDR113C,YER026C,0,-0.16716157,0.10233291983604431,0.9025844931602478,0.7969781756401062
YHR216W,YML066C,0,-0.16726613,0.10232138633728027,0.9025844931602478,0.7970782518386841
YIL010W,YBR199W,0,-0.16732727,0.10230986028909683,0.9025844931602478,0.797178328037262
YER039C,YLR069C,0,-0.16737702,0.10229833424091339,0.9025844931602478,0.7972783446311951
YIR022W,YLR398C,0,-0.16741194,0.10228680819272995,0.9025844931602478,0.797378420829773
YNL321W,YER018C,0,-0.16743621,0.1022752895951271,0.9025844931602478,0.7974784970283508
YBR234C,YKL049C,0,-0.16756685,0.10226377099752426,0.9025844931602478,0.7975785732269287
YDL010W,YDL191W,0,-0.16763374,0.10225225239992142,0.9025844931602478,0.7976785898208618
YFL003C,YGL077C,0,-0.16764157,0.10224074125289917,0.9025844931602478,0.7977786660194397
YJL063C,YGR206W,0,-0.16767414,0.10222923010587692,0.9025844931602478,0.7978787422180176
YHR039C,YER160C,0,-0.16783948,0.10221771895885468,0.9025844931602478,0.7979787588119507
YOL017W,YMR167W,0,-0.16795105,0.10220621526241302,0.9025844931602478,0.7980788350105286
YBL045C,YBR280C,0,-0.16797663,0.10219471156597137,0.9025844931602478,0.7981789112091064
YLR242C,YNL224C,0,-0.16805398,0.10218320786952972,0.9025844931602478,0.7982789874076843
YOL017W,YDL079C,0,-0.16807519,0.10217171162366867,0.9025844931602478,0.7983790040016174
YDR147W,YOR198C,0,-0.16817664,0.10216021537780762,0.9025844931602478,0.7984790802001953
YMR161W,YIL121W,0,-0.16825636,0.10214872658252716,0.9025844931602478,0.7985791563987732
YER018C,YOR022C,0,-0.16828023,0.10213723033666611,0.9025844931602478,0.7986792325973511
YDR180W,YMR199W,0,-0.168305,0.10212574154138565,0.9025844931602478,0.7987792491912842
YER124C,YKL084W,0,-0.16835636,0.10211426019668579,0.9025844931602478,0.7988793253898621
YMR189W,YBR221C,0,-0.16848591,0.10210277885198593,0.9025844931602478,0.7989794015884399
YMR121C,YOL137W,0,-0.1685622,0.10209129750728607,0.9025844931602478,0.799079418182373
YCR027C,YKL209C,0,-0.1686745,0.10207982361316681,0.9025844931602478,0.7991794943809509
YLR274W,YGL257C,0,-0.16872974,0.10206834226846695,0.9025844931602478,0.7992795705795288
YMR280C,YBL105C,0,-0.16889961,0.10205687582492828,0.9025844931602478,0.7993796467781067
YBR073W,YML114C,0,-0.16901465,0.10204540193080902,0.9025844931602478,0.7994796633720398
YNL139C,YKL018W,0,-0.16901694,0.10203393548727036,0.9025844931602478,0.7995797395706177
YOL115W,YIL097W,0,-0.16902624,0.10202246904373169,0.9025844931602478,0.7996798157691956
YER078C,YPL015C,0,-0.16928475,0.10201101005077362,0.9025844931602478,0.7997798919677734
YBL005W-A,YBR083W,0,-0.16934057,0.10199955105781555,0.9025844931602478,0.7998799085617065
YDR141C,YOR140W,0,-0.16934232,0.10198809206485748,0.9025844931602478,0.7999799847602844
YGR166W,YNL047C,0,-0.1694137,0.10197664052248001,0.9025844931602478,0.8000800609588623
YHR079C-A,YKL137W,0,-0.16947253,0.10196518898010254,0.9025844931602478,0.8001801371574402
YGL002W,YHR045W,0,-0.16947378,0.10195373743772507,0.9025844931602478,0.8002801537513733
YBL042C,YBL009W,0,-0.16963068,0.10194229334592819,0.9025844931602478,0.8003802299499512
YPL246C,YER122C,0,-0.16972722,0.10193084925413132,0.9025844931602478,0.800480306148529
YDL126C,YGL020C,0,-0.17011368,0.10191940516233444,0.9025844931602478,0.8005803227424622
YOL041C,YJL014W,0,-0.17018366,0.10190796852111816,0.9025844931602478,0.80068039894104
YBL005W-A,YNL035C,0,-0.1701959,0.10189653187990189,0.9025844931602478,0.8007804751396179
YML093W,YNL272C,0,-0.17039774,0.10188509523868561,0.9025844931602478,0.8008805513381958
YJR017C,YNL003C,0,-0.17040418,0.10187366604804993,0.9025844931602478,0.8009805679321289
YBL097W,YNR049C,0,-0.17042075,0.10186223685741425,0.9025844931602478,0.8010806441307068
YHR007C,YMR021C,0,-0.17072107,0.10185081511735916,0.9025844931602478,0.8011807203292847
YBR133C,YPR061C,0,-0.17081638,0.10183939337730408,0.9025844931602478,0.8012807965278625
YIL110W,YER075C,0,-0.17084669,0.10182797163724899,0.9025844931602478,0.8013808131217957
YER119C,YKR086W,0,-0.17090555,0.10181654989719391,0.9025844931602478,0.8014808893203735
YOL013C,YBR236C,0,-0.17101683,0.10180513560771942,0.9025844931602478,0.8015809655189514
YEL011W,YBR239C,0,-0.1711098,0.10179372131824493,0.9025844931602478,0.8016809821128845
YNL047C,YLL010C,0,-0.17117009,0.10178231447935104,0.9025844931602478,0.8017810583114624
YPL024W,YDL066W,0,-0.17125599,0.10177090018987656,0.9025844931602478,0.8018811345100403
YLR013W,YEL003W,0,-0.17143318,0.10175950080156326,0.9025844931602478,0.8019812107086182
YOR354C,YHR123W,0,-0.17146091,0.10174809396266937,0.9025844931602478,0.8020812273025513
YPL009C,YOR198C,0,-0.17148943,0.10173669457435608,0.9025844931602478,0.8021813035011292
YDL102W,YLR143W,1,-0.17162336,0.10183732956647873,0.903578519821167,0.8021813035011292
YPR058W,YOR141C,0,-0.1716293,0.10182592272758484,0.903578519821167,0.802281379699707
YJR064W,YOL068C,0,-0.17170896,0.10181451588869095,0.903578519821167,0.8023814558982849
YLR421C,YIL114C,0,-0.17171793,0.10180311650037766,0.903578519821167,0.802481472492218
YML110C,YKR098C,0,-0.1717465,0.10179170966148376,0.903578519821167,0.8025815486907959
YJL050W,YJL118W,0,-0.17179412,0.10178031772375107,0.903578519821167,0.8026816248893738
YPL164C,YPL255W,0,-0.17180055,0.10176891833543777,0.903578519821167,0.8027816414833069
YGL044C,YJR077C,0,-0.17190784,0.10175752639770508,0.903578519821167,0.8028817176818848
YDR085C,YJL002C,0,-0.17191814,0.10174614191055298,0.903578519821167,0.8029817938804626
YIL117C,YGL201C,0,-0.17200126,0.10173474997282028,0.903578519821167,0.8030818700790405
YGR247W,YDL104C,0,-0.17211579,0.10172336548566818,0.903578519821167,0.8031818866729736
YCL010C,YPR079W,0,-0.17224036,0.10171198099851608,0.903578519821167,0.8032819628715515
YMR202W,YHR045W,0,-0.17236142,0.10170060396194458,0.903578519821167,0.8033820390701294
YMR059W,YMR137C,1,-0.17239065,0.10180109739303589,0.9045725464820862,0.8033820390701294
YGR157W,YCR017C,0,-0.17239662,0.10178970545530319,0.9045725464820862,0.8034821152687073
YFR051C,YOL119C,0,-0.17266214,0.10177832096815109,0.9045725464820862,0.8035821318626404
YLR077W,YDR382W,0,-0.17266978,0.10176694393157959,0.9045725464820862,0.8036822080612183
YHR062C,YJR064W,0,-0.17283437,0.10175555944442749,0.9045725464820862,0.8037822842597961
YEL077C,YKR042W,0,-0.17286582,0.10174418240785599,0.9045725464820862,0.8038823008537292
YBR103W,YHR200W,0,-0.1730481,0.10173281282186508,0.9045725464820862,0.8039823770523071
YBR057C,YPL005W,0,-0.17312087,0.10172144323587418,0.9045725464820862,0.804082453250885
YMR287C,YMR137C,1,-0.1732101,0.10182183980941772,0.9055665731430054,0.804082453250885
YOR255W,YGR206W,0,-0.17333163,0.10181046277284622,0.9055665731430054,0.8041825294494629
YML064C,YGL166W,0,-0.1733909,0.10179908573627472,0.9055665731430054,0.804282546043396
YNL037C,YAL014C,0,-0.17348303,0.10178770869970322,0.9055665731430054,0.8043826222419739
YLR332W,YIL040W,0,-0.17374739,0.10177633911371231,0.9055665731430054,0.8044826984405518
YMR092C,YLR256W,0,-0.17381366,0.1017649695277214,0.9055665731430054,0.8045827746391296
YGL224C,YGL166W,0,-0.17384888,0.1017535999417305,0.9055665731430054,0.8046827912330627
YHL018W,YGR065C,0,-0.17392893,0.10174223780632019,0.9055665731430054,0.8047828674316406
YBR127C,YNR046W,0,-0.17393984,0.10173087567090988,0.9055665731430054,0.8048829436302185
YNL152W,YJL002C,0,-0.17401935,0.10171952098608017,0.9055665731430054,0.8049829602241516
YLR084C,YOR100C,0,-0.17403592,0.10170815885066986,0.9055665731430054,0.8050830364227295
YOL128C,YIR008C,0,-0.17404471,0.10169680416584015,0.9055665731430054,0.8051831126213074
YGL002W,YCR023C,0,-0.17419328,0.10168545693159103,0.9055665731430054,0.8052831888198853
YIL010W,YDL058W,0,-0.17427705,0.10167410969734192,0.9055665731430054,0.8053832054138184
YBR236C,YDR258C,0,-0.17429508,0.1016627624630928,0.9055665731430054,0.8054832816123962
YBR302C,YKR029C,0,-0.17434533,0.10165141522884369,0.9055665731430054,0.8055833578109741
YFL034C-B,YOL089C,0,-0.17444445,0.10164007544517517,0.9055665731430054,0.805683434009552
YBR018C,YLR210W,0,-0.17456813,0.10162873566150665,0.9055665731430054,0.8057834506034851
YGR133W,YDR480W,0,-0.17463844,0.10161740332841873,0.9055665731430054,0.805883526802063
YBR215W,YDR237W,0,-0.17500378,0.10160607099533081,0.9055665731430054,0.8059836030006409
YGR195W,YPL079W,0,-0.1751696,0.10159473866224289,0.9055665731430054,0.8060836791992188
YOL013C,YFL008W,0,-0.17520577,0.10158340632915497,0.9055665731430054,0.8061836957931519
YDR027C,YKL012W,0,-0.17525649,0.10157208144664764,0.9055665731430054,0.8062837719917297
YOR231W,YKL211C,0,-0.17531474,0.10156075656414032,0.9055665731430054,0.8063838481903076
YBR234C,YML029W,0,-0.17531492,0.10154943913221359,0.9055665731430054,0.8064838647842407
YOR328W,YMR278W,0,-0.17534374,0.10153812170028687,0.9055665731430054,0.8065839409828186
YDR143C,YDR316W,0,-0.17549877,0.10152680426836014,0.9055665731430054,0.8066840171813965
YKL027W,YKL018W,0,-0.17550863,0.10151548683643341,0.9055665731430054,0.8067840933799744
YJL210W,YML019W,0,-0.17556176,0.10150417685508728,0.9055665731430054,0.8068841099739075
YEL060C,YOR077W,0,-0.1756164,0.10149286687374115,0.9055665731430054,0.8069841861724854
YDR346C,YDL147W,0,-0.17562075,0.10148156434297562,0.9055665731430054,0.8070842623710632
YJL207C,YDL079C,0,-0.1758262,0.10147026181221008,0.9055665731430054,0.8071843385696411
YER169W,YBR204C,0,-0.17600273,0.10145895928144455,0.9055665731430054,0.8072843551635742
YKL107W,YKL073W,0,-0.17624478,0.10144766420125961,0.9055665731430054,0.8073844313621521
YBR179C,YDL147W,0,-0.1765185,0.10143636912107468,0.9055665731430054,0.80748450756073
YPR020W,YNR075W,0,-0.17666438,0.10142507404088974,0.9055665731430054,0.8075845241546631
YER144C,YMR067C,0,-0.17670518,0.1014137789607048,0.9055665731430054,0.807684600353241
YBR203W,YNL222W,0,-0.17684208,0.10140249133110046,0.9055665731430054,0.8077846765518188
YOL017W,YNL125C,0,-0.17685416,0.10139121115207672,0.9055665731430054,0.8078847527503967
YLR336C,YKR025W,0,-0.17689033,0.10137992352247238,0.9055665731430054,0.8079847693443298
YOL008W,YKR029C,0,-0.17697684,0.10136864334344864,0.9055665731430054,0.8080848455429077
YJL204C,YGR125W,0,-0.17707174,0.1013573631644249,0.9055665731430054,0.8081849217414856
YGL001C,YJR056C,0,-0.17727664,0.10134609043598175,0.9055665731430054,0.8082849979400635
YDR408C,YIL015W,0,-0.17738439,0.1013348177075386,0.9055665731430054,0.8083850145339966
YNL053W,YOR030W,0,-0.17743991,0.10132354497909546,0.9055665731430054,0.8084850907325745
YOR210W,YDR354W,0,-0.17762001,0.10131227970123291,0.9055665731430054,0.8085851669311523
YDL181W,YMR280C,0,-0.17767154,0.10130101442337036,0.9055665731430054,0.8086851835250854
YNL106C,YKL157W,0,-0.17781837,0.10128974914550781,0.9055665731430054,0.8087852597236633
YKR042W,YOR303W,0,-0.1779244,0.10127849131822586,0.9055665731430054,0.8088853359222412
YBR139W,YAL009W,0,-0.17805083,0.10126723349094391,0.9055665731430054,0.8089854121208191
YJL137C,YGR289C,0,-0.17812812,0.10125597566366196,0.9055665731430054,0.8090854287147522
YMR234W,YOL043C,1,-0.17814365,0.10135585814714432,0.9065606594085693,0.8090854287147522
YPL045W,YDR324C,0,-0.17819414,0.10134459286928177,0.9065606594085693,0.8091855049133301
YFL062W,YCR097W,0,-0.17829591,0.10133333504199982,0.9065606594085693,0.809285581111908
YEL034W,YLR423C,0,-0.17838225,0.10132207721471786,0.9065606594085693,0.8093856573104858
YDR339C,YIL067C,0,-0.17839614,0.10131081938743591,0.9065606594085693,0.809485673904419
YML029W,YJL036W,0,-0.17840914,0.10129956901073456,0.9065606594085693,0.8095857501029968
YMR024W,YKL025C,1,-0.17847134,0.10139937698841095,0.9075546860694885,0.8095857501029968
YPL012W,YOL148C,0,-0.17847438,0.101388119161129,0.9075546860694885,0.8096858263015747
YGL133W,YOL068C,0,-0.17848174,0.10137686133384705,0.9075546860694885,0.8097858428955078
YPL170W,YER058W,0,-0.17850111,0.1013656035065651,0.9075546860694885,0.8098859190940857
YMR135C,YPL211W,0,-0.17854351,0.10135435312986374,0.9075546860694885,0.8099859952926636
YML078W,YBR210W,0,-0.17867368,0.10134310275316238,0.9075546860694885,0.8100860714912415
YAL047C,YLR341W,0,-0.17868,0.10133185237646103,0.9075546860694885,0.8101860880851746
YBR179C,YBL027W,0,-0.17868401,0.10132060945034027,0.9075546860694885,0.8102861642837524
YER035W,YHR026W,0,-0.17872186,0.10130936652421951,0.9075546860694885,0.8103862404823303
YDR216W,YDR141C,0,-0.17892812,0.10129812359809875,0.9075546860694885,0.8104863166809082
YER003C,YDL049C,0,-0.17893557,0.1012868881225586,0.9075546860694885,0.8105863332748413
YPR165W,YKL193C,0,-0.17918602,0.10127565264701843,0.9075546860694885,0.8106864094734192
YNL075W,YNL272C,0,-0.17919527,0.10126441717147827,0.9075546860694885,0.8107864856719971
YOR149C,YER018C,0,-0.17923339,0.10125318914651871,0.9075546860694885,0.8108865022659302
YNL064C,YLR308W,0,-0.17925823,0.10124196112155914,0.9075546860694885,0.8109865784645081
YLR410W,YIL157C,0,-0.17928354,0.10123073309659958,0.9075546860694885,0.8110866546630859
YIL117C,YDR354W,0,-0.1793613,0.10121951252222061,0.9075546860694885,0.8111867308616638
YPR183W,YKL137W,0,-0.17946501,0.10120829194784164,0.9075546860694885,0.8112867474555969
YJL210W,YEL004W,0,-0.17954183,0.10119707137346268,0.9075546860694885,0.8113868236541748
YGR033C,YLR226W,0,-0.17966817,0.1011858582496643,0.9075546860694885,0.8114868998527527
YJL145W,YBR110W,0,-0.17979984,0.10117464512586594,0.9075546860694885,0.8115869760513306
YNR012W,YER058W,0,-0.17991856,0.10116343200206757,0.9075546860694885,0.8116869926452637
YER078C,YDL104C,0,-0.18021773,0.10115222632884979,0.9075546860694885,0.8117870688438416
YPL009C,YKL049C,0,-0.18024543,0.10114102065563202,0.9075546860694885,0.8118871450424194
YNL275W,YLL023C,0,-0.1803543,0.10112981498241425,0.9075546860694885,0.8119872212409973
YNL106C,YDR354W,0,-0.18039165,0.10111861675977707,0.9075546860694885,0.8120872378349304
YLR059C,YBR098W,1,-0.18043444,0.10121816396713257,0.9085487127304077,0.8120872378349304
YKL096W,YKL107W,0,-0.18052459,0.1012069508433342,0.9085487127304077,0.8121873140335083
YPL237W,YGL029W,0,-0.18054308,0.10119574517011642,0.9085487127304077,0.8122873902320862
YNR054C,YHR003C,0,-0.180599,0.10118454694747925,0.9085487127304077,0.8123874068260193
YOL017W,YDR143C,0,-0.18071912,0.10117334872484207,0.9085487127304077,0.8124874830245972
YHR026W,YBR044C,0,-0.18075255,0.1011621505022049,0.9085487127304077,0.812587559223175
YPL132W,YER122C,0,-0.18078454,0.10115095227956772,0.9085487127304077,0.8126876354217529
YLR242C,YHR188C,0,-0.18086334,0.10113976150751114,0.9085487127304077,0.812787652015686
YJL113W,YBR012W-B,1,-0.1809025,0.10123921185731888,0.9095427393913269,0.812787652015686
YMR309C,YGL029W,0,-0.18096106,0.1012280136346817,0.9095427393913269,0.8128877282142639
YDL232W,YOR339C,0,-0.18098132,0.10121681541204453,0.9095427393913269,0.8129878044128418
YLL039C,YJR044C,0,-0.18116777,0.10120561718940735,0.9095427393913269,0.8130878806114197
YBR236C,YBR244W,0,-0.18146506,0.10119442641735077,0.9095427393913269,0.8131878972053528
YGR227W,YLR372W,0,-0.18147193,0.10118323564529419,0.9095427393913269,0.8132879734039307
YCR071C,YER075C,0,-0.18147273,0.10117204487323761,0.9095427393913269,0.8133880496025085
YGR257C,YPR004C,0,-0.18151315,0.10116086155176163,0.9095427393913269,0.8134880661964417
YOL060C,YLR110C,0,-0.18152417,0.10114967823028564,0.9095427393913269,0.8135881423950195
YNL021W,YCR008W,0,-0.18160915,0.10113850235939026,0.9095427393913269,0.8136882185935974
YBR258C,YDL239C,0,-0.18174689,0.10112731903791428,0.9095427393913269,0.8137882947921753
YFL055W,YKR046C,0,-0.18174832,0.10111614316701889,0.9095427393913269,0.8138883113861084
YGR068C,YPL236C,0,-0.18177517,0.1011049747467041,0.9095427393913269,0.8139883875846863
YKR022C,YPL008W,0,-0.18178074,0.10109379887580872,0.9095427393913269,0.8140884637832642
YKR024C,YMR083W,0,-0.18180506,0.10108263045549393,0.9095427393913269,0.814188539981842
YNL021W,YGR280C,0,-0.18194619,0.10107146948575974,0.9095427393913269,0.8142885565757751
YJR007W,YLL032C,0,-0.18202265,0.10106030851602554,0.9095427393913269,0.814388632774353
YEL063C,YGR198W,0,-0.18203188,0.10104914754629135,0.9095427393913269,0.8144887089729309
YDR302W,YPL057C,0,-0.18211056,0.10103798657655716,0.9095427393913269,0.814588725566864
YLR148W,YGR256W,0,-0.18212423,0.10102683305740356,0.9095427393913269,0.8146888017654419
YDR184C,YGL044C,0,-0.18213615,0.10101567953824997,0.9095427393913269,0.8147888779640198
YOR321W,YGR140W,0,-0.18220942,0.10100452601909637,0.9095427393913269,0.8148889541625977
YPR183W,YER035W,0,-0.18226503,0.10099337995052338,0.9095427393913269,0.8149889707565308
YJL139C,YMR271C,0,-0.1823546,0.10098223388195038,0.9095427393913269,0.8150890469551086
YJL209W,YOR205C,0,-0.18236114,0.10097108781337738,0.9095427393913269,0.8151891231536865
YGL166W,YDR156W,0,-0.1823648,0.10095994919538498,0.9095427393913269,0.8152891993522644
YLL005C,YMR113W,0,-0.18247975,0.10094881057739258,0.9095427393913269,0.8153892159461975
YPL283C,YMR113W,0,-0.18253703,0.10093767195940018,0.9095427393913269,0.8154892921447754
YPL088W,YPL283C,0,-0.18266667,0.10092654079198837,0.9095427393913269,0.8155893683433533
YBR280C,YFL024C,0,-0.18270148,0.10091540962457657,0.9095427393913269,0.8156893849372864
YGR030C,YNL072W,1,-0.18271846,0.10101455450057983,0.9105367660522461,0.8156893849372864
YLR233C,YPR082C,0,-0.18272431,0.10100341588258743,0.9105367660522461,0.8157894611358643
YLR275W,YBR236C,0,-0.18284,0.10099228471517563,0.9105367660522461,0.8158895373344421
YBR077C,YML029W,0,-0.1828541,0.10098114609718323,0.9105367660522461,0.81598961353302
YML038C,YPR061C,0,-0.18289812,0.10097001492977142,0.9105367660522461,0.8160896301269531
YDR263C,YGR095C,1,-0.18301989,0.10106910765171051,0.9115307927131653,0.8160896301269531
YOL008W,YCR033W,0,-0.18304043,0.10105796903371811,0.9115307927131653,0.816189706325531
YJL209W,YHR034C,0,-0.18306114,0.10104683041572571,0.9115307927131653,0.8162897825241089
YGL017W,YIL040W,0,-0.18310294,0.1010356992483139,0.9115307927131653,0.8163898587226868
YOR033C,YPR065W,0,-0.1831105,0.1010245680809021,0.9115307927131653,0.8164898753166199
YOL021C,YGR095C,1,-0.18320113,0.10112359374761581,0.9125248789787292,0.8164898753166199
YEL060C,YPL192C,0,-0.18320617,0.10111245512962341,0.9125248789787292,0.8165899515151978
YJL010C,YPL081W,0,-0.18321317,0.10110132396221161,0.9125248789787292,0.8166900277137756
YLR132C,YER118C,0,-0.18322735,0.10109018534421921,0.9125248789787292,0.8167900443077087
YIL114C,YOL058W,0,-0.18336794,0.1010790541768074,0.9125248789787292,0.8168901205062866
YML039W,YOR056C,1,-0.18339206,0.10117802768945694,0.9135189056396484,0.8168901205062866
YIR015W,YMR234W,1,-0.1834078,0.10127697139978409,0.9145129323005676,0.8168901205062866
YBR216C,YDL165W,0,-0.18341754,0.10126582533121109,0.9145129323005676,0.8169901967048645
YBL018C,YHR062C,1,-0.18344612,0.10136473923921585,0.9155069589614868,0.8169901967048645
YDR043C,YLR275W,0,-0.1836201,0.10135358572006226,0.9155069589614868,0.8170902729034424
YBR179C,YEL071W,0,-0.1837232,0.10134243220090866,0.9155069589614868,0.8171902894973755
YBL019W,YGL085W,1,-0.18373422,0.10144130140542984,0.916500985622406,0.8171902894973755
YER003C,YMR189W,0,-0.18381833,0.10143014043569565,0.916500985622406,0.8172903656959534
YGR166W,YLR362W,0,-0.18388195,0.10141898691654205,0.916500985622406,0.8173904418945312
YDR225W,YGL054C,0,-0.18390827,0.10140783339738846,0.916500985622406,0.8174905180931091
YPL170W,YGL047W,0,-0.18393016,0.10139667987823486,0.916500985622406,0.8175905346870422
YNR063W,YCL020W,0,-0.18411504,0.10138552635908127,0.916500985622406,0.8176906108856201
YIL097W,YPL249C,0,-0.18417196,0.10137438029050827,0.916500985622406,0.817790687084198
YDR184C,YPR101W,0,-0.18421876,0.10136323422193527,0.916500985622406,0.8178907632827759
YDL207W,YCL040W,0,-0.18429235,0.10135209560394287,0.916500985622406,0.817990779876709
YKR022C,YKR039W,0,-0.18429737,0.10134095698595047,0.916500985622406,0.8180908560752869
YKR029C,YJR144W,0,-0.18443738,0.10132981836795807,0.916500985622406,0.8181909322738647
YDL239C,YGR206W,0,-0.18445463,0.10131867974996567,0.916500985622406,0.8182909488677979
YJL028W,YOR190W,0,-0.18446307,0.10130754858255386,0.916500985622406,0.8183910250663757
YCR102C,YGL166W,0,-0.18456136,0.10129641741514206,0.916500985622406,0.8184911012649536
YPR145W,YAR066W,0,-0.18465284,0.10128529369831085,0.916500985622406,0.8185911774635315
YGL125W,YOR171C,0,-0.18466789,0.10127416253089905,0.916500985622406,0.8186911940574646
YPL032C,YLR368W,0,-0.18476294,0.10126303881406784,0.916500985622406,0.8187912702560425
YOR208W,YHR018C,0,-0.18487373,0.10125192254781723,0.916500985622406,0.8188913464546204
YKR079C,YOL021C,1,-0.18490323,0.10135061293840408,0.9174950122833252,0.8188913464546204
YJL115W,YMR083W,0,-0.18492885,0.10133948177099228,0.9174950122833252,0.8189914226531982
YER141W,YAL014C,0,-0.1849696,0.10132835805416107,0.9174950122833252,0.8190914392471313
YML078W,YNL088W,0,-0.18498018,0.10131723433732986,0.9174950122833252,0.8191915154457092
YNL305C,YDR409W,0,-0.18513222,0.10130611062049866,0.9174950122833252,0.8192915916442871
YNL264C,YKL046C,0,-0.1851588,0.10129499435424805,0.9174950122833252,0.8193916082382202
YBR216C,YFR009W,0,-0.18521138,0.10128387808799744,0.9174950122833252,0.8194916844367981
YCR033W,YOR360C,0,-0.18525921,0.10127276927232742,0.9174950122833252,0.819591760635376
YGL055W,YDL165W,0,-0.18534003,0.10126165300607681,0.9174950122833252,0.8196918368339539
YGR132C,YMR231W,0,-0.1853538,0.1012505516409874,0.9174950122833252,0.819791853427887
YGR227W,YDR208W,0,-0.1855132,0.10123944282531738,0.9174950122833252,0.8198919296264648
YPL283C,YIL015W,0,-0.18553586,0.10122834146022797,0.9174950122833252,0.8199920058250427
YLR205C,YOR125C,0,-0.18564634,0.10121724009513855,0.9174950122833252,0.8200920820236206
YMR170C,YOL148C,0,-0.18569437,0.10120613873004913,0.9174950122833252,0.8201920986175537
YOR339C,YIL067C,0,-0.18610106,0.10119504481554031,0.9174950122833252,0.8202921748161316
YIR028W,YGR261C,0,-0.18620175,0.1011839509010315,0.9174950122833252,0.8203922510147095
YHR050W,YNL336W,0,-0.18620326,0.10117285698652267,0.9174950122833252,0.8204922676086426
YOR208W,YNR032W,0,-0.18627216,0.10116177052259445,0.9174950122833252,0.8205923438072205
YPL088W,YOL044W,0,-0.18629836,0.10115068405866623,0.9174950122833252,0.8206924200057983
YPR029C,YOL044W,0,-0.18640475,0.101139597594738,0.9174950122833252,0.8207924962043762
YDL193W,YLR070C,0,-0.186433,0.10112851858139038,0.9174950122833252,0.8208925127983093
YNL124W,YPR066W,0,-0.18644269,0.10111743956804276,0.9174950122833252,0.8209925889968872
YPL088W,YFR044C,0,-0.1864634,0.10110636800527573,0.9174950122833252,0.8210926651954651
YIL040W,YBR288C,0,-0.18652894,0.1010952889919281,0.9174950122833252,0.821192741394043
YLR057W,YGL207W,0,-0.18659942,0.10108421742916107,0.9174950122833252,0.8212927579879761
YDL193W,YMR116C,0,-0.18665233,0.10107314586639404,0.9174950122833252,0.821392834186554
YJR129C,YFL002C,0,-0.18672052,0.10106208175420761,0.9174950122833252,0.8214929103851318
YLR064W,YLR070C,0,-0.18680151,0.10105101764202118,0.9174950122833252,0.8215929269790649
YLR272C,YLR399C,0,-0.18681134,0.10103995352983475,0.9174950122833252,0.8216930031776428
YPR058W,YBR152W,0,-0.18685411,0.10102889686822891,0.9174950122833252,0.8217930793762207
YCR097W,YGR067C,0,-0.1868989,0.10101784020662308,0.9174950122833252,0.8218931555747986
YLR051C,YER122C,0,-0.18704355,0.10100678354501724,0.9174950122833252,0.8219931721687317
YDR180W,YPL118W,0,-0.18709184,0.100995734333992,0.9174950122833252,0.8220932483673096
YKL025C,YOL089C,0,-0.18710394,0.10098468512296677,0.9174950122833252,0.8221933245658875
YGL023C,YDR099W,0,-0.18716736,0.10097363591194153,0.9174950122833252,0.8222934007644653
YKL025C,YPR124W,0,-0.18719487,0.10096258670091629,0.9174950122833252,0.8223934173583984
YBR200W,YDR119W,0,-0.18729815,0.10095154494047165,0.9174950122833252,0.8224934935569763
YKL091C,YLR216C,0,-0.18732499,0.1009405106306076,0.9174950122833252,0.8225935697555542
YBR126C,YDL058W,0,-0.18747078,0.10092946887016296,0.9174950122833252,0.8226936459541321
YJL111W,YDR477W,0,-0.18749605,0.10091843456029892,0.9174950122833252,0.8227936625480652
YBR290W,YPR183W,0,-0.18750688,0.10090740025043488,0.9174950122833252,0.8228937387466431
YOR095C,YLR051C,0,-0.18756829,0.10089637339115143,0.9174950122833252,0.822993814945221
YNL300W,YLR341W,0,-0.1876208,0.10088533908128738,0.9174950122833252,0.823093831539154
YNR026C,YKR086W,0,-0.18774852,0.10087431967258453,0.9174950122833252,0.8231939077377319
YIR021W,YNL125C,0,-0.18786955,0.10086329281330109,0.9174950122833252,0.8232939839363098
YNL154C,YDR237W,0,-0.18790488,0.10085227340459824,0.9174950122833252,0.8233940601348877
YLR312W-A,YLR430W,1,-0.18795438,0.10095050930976868,0.9184890389442444,0.8233940601348877
YOR007C,YDR293C,0,-0.1879882,0.10093948245048523,0.9184890389442444,0.8234940767288208
YHR050W,YDR258C,0,-0.18812738,0.10092845559120178,0.9184890389442444,0.8235941529273987
YLR069C,YML093W,0,-0.1883809,0.10091742873191833,0.9184890389442444,0.8236942291259766
YDR339C,YNL169C,0,-0.18839346,0.10090640932321548,0.9184890389442444,0.8237943053245544
YHL007C,YNL064C,0,-0.18840209,0.10089538991451263,0.9184890389442444,0.8238943219184875
YKL011C,YDL227C,1,-0.18846498,0.1009935587644577,0.9194831252098083,0.8238943219184875
YIR013C,YMR134W,0,-0.18854351,0.10098253190517426,0.9194831252098083,0.8239943981170654
YDR006C,YDL044C,0,-0.18854786,0.1009715124964714,0.9194831252098083,0.8240944743156433
YLR225C,YDL236W,0,-0.18905763,0.10096048563718796,0.9194831252098083,0.8241944909095764
YLR166C,YBL084C,0,-0.18909705,0.1009494736790657,0.9194831252098083,0.8242945671081543
YDR153C,YBR018C,0,-0.1891907,0.10093845427036285,0.9194831252098083,0.8243946433067322
YGR048W,YOR190W,0,-0.18924387,0.1009274423122406,0.9194831252098083,0.8244947195053101
YML022W,YGL234W,0,-0.18935795,0.10091643035411835,0.9194831252098083,0.8245947360992432
YLR226W,YOL075C,0,-0.18937683,0.1009054183959961,0.9194831252098083,0.824694812297821
YKL055C,YOR205C,0,-0.18937889,0.10089441388845444,0.9194831252098083,0.8247948884963989
YIL049W,YPL249C,0,-0.18944989,0.10088340938091278,0.9194831252098083,0.8248949646949768
YIL127C,YDR113C,0,-0.18961138,0.10087241232395172,0.9194831252098083,0.8249949812889099
YFL031W,YNL305C,0,-0.18962644,0.10086140781641006,0.9194831252098083,0.8250950574874878
YMR323W,YIL105C,0,-0.18966736,0.100850410759449,0.9194831252098083,0.8251951336860657
YGR192C,YNR075W,0,-0.19016188,0.10083942115306854,0.9194831252098083,0.8252951502799988
YKR079C,YAR008W,1,-0.19024242,0.10093743354082108,0.9204771518707275,0.8252951502799988
YGR049W,YIR035C,0,-0.1903547,0.10092642903327942,0.9204771518707275,0.8253952264785767
YPL016W,YAR066W,0,-0.19039473,0.10091543197631836,0.9204771518707275,0.8254953026771545
YOR141C,YOR303W,0,-0.19045322,0.1009044349193573,0.9204771518707275,0.8255953788757324
YLR084C,YOR210W,0,-0.19064099,0.10089343786239624,0.9204771518707275,0.8256953954696655
YNL064C,YNL075W,0,-0.19068263,0.10088244825601578,0.9204771518707275,0.8257954716682434
YOR354C,YPL158C,0,-0.19076331,0.10087145864963531,0.9204771518707275,0.8258955478668213
YGL131C,YNR036C,0,-0.1908396,0.10086046904325485,0.9204771518707275,0.8259956240653992
YGL255W,YOL044W,0,-0.1908757,0.10084948688745499,0.9204771518707275,0.8260956406593323
YPR201W,YKL065C,0,-0.19088422,0.10083850473165512,0.9204771518707275,0.8261957168579102
YNL254C,YBR135W,0,-0.19094664,0.10082752257585526,0.9204771518707275,0.826295793056488
YHR187W,YPR082C,0,-0.19095807,0.10081654787063599,0.9204771518707275,0.8263958096504211
YMR287C,YAL033W,1,-0.19096275,0.10091443359851837,0.9214711785316467,0.8263958096504211
YHR039C,YAR066W,0,-0.1909946,0.1009034514427185,0.9214711785316467,0.826495885848999
YER006W,YMR047C,0,-0.19103521,0.10089246928691864,0.9214711785316467,0.8265959620475769
YEL077C,YJL100W,0,-0.19110948,0.10088148713111877,0.9214711785316467,0.8266960382461548
YNL064C,YDR155C,0,-0.19115245,0.1008705124258995,0.9214711785316467,0.8267960548400879
YOL001W,YJL159W,0,-0.1911584,0.10085953772068024,0.9214711785316467,0.8268961310386658
YAL001C,YER124C,0,-0.19116127,0.10084856301546097,0.9214711785316467,0.8269962072372437
YOL088C,YIL023C,0,-0.19121416,0.1008375957608223,0.9214711785316467,0.8270962834358215
YOL042W,YER138C,1,-0.1912324,0.10093539208173752,0.9224652051925659,0.8270962834358215
YLR320W,YNR069C,0,-0.19125785,0.10092441737651825,0.9224652051925659,0.8271963000297546
YBL018C,YKL148C,0,-0.19130422,0.10091344267129898,0.9224652051925659,0.8272963762283325
YDL239C,YIL017C,0,-0.19144957,0.10090246796607971,0.9224652051925659,0.8273964524269104
YPL246C,YBR077C,0,-0.19146307,0.10089150071144104,0.9224652051925659,0.8274964690208435
YNL300W,YBR070C,0,-0.19153829,0.10088053345680237,0.9224652051925659,0.8275965452194214
YML131W,YMR116C,0,-0.1915865,0.1008695662021637,0.9224652051925659,0.8276966214179993
YGR133W,YLR022C,0,-0.19170183,0.10085859894752502,0.9224652051925659,0.8277966976165771
YKL120W,YKL216W,0,-0.19171207,0.10084763914346695,0.9224652051925659,0.8278967142105103
YBL016W,YGR256W,0,-0.19175689,0.10083668678998947,0.9224652051925659,0.8279967904090881
YML130C,YPR165W,0,-0.19177762,0.1008257269859314,0.9224652051925659,0.828096866607666
YLR084C,YOR130C,0,-0.19186805,0.10081477463245392,0.9224652051925659,0.8281969428062439
YBR057C,YOR028C,0,-0.1920185,0.10080382227897644,0.9224652051925659,0.828296959400177
YLR272C,YKL222C,0,-0.19204377,0.10079287737607956,0.9224652051925659,0.8283970355987549
YHR121W,YOL068C,0,-0.19217412,0.10078193247318268,0.9224652051925659,0.8284971117973328
YOR214C,YML111W,0,-0.1922109,0.1007709875702858,0.9224652051925659,0.8285971879959106
YOR362C,YKL148C,0,-0.19225608,0.10076004266738892,0.9224652051925659,0.8286972045898438
YCL033C,YOR298C-A,0,-0.1923884,0.10074910521507263,0.9224652051925659,0.8287972807884216
YML029W,YJL093C,0,-0.19256806,0.10073816776275635,0.9224652051925659,0.8288973569869995
YCR069W,YGL121C,0,-0.19259523,0.10072723031044006,0.9224652051925659,0.8289973735809326
YGL086W,YHR183W,0,-0.19260423,0.10071630030870438,0.9224652051925659,0.8290974497795105
YGR030C,YAL033W,1,-0.19262807,0.10081388801336288,0.9234592318534851,0.8290974497795105
YBR018C,YNL252C,0,-0.19267388,0.1008029505610466,0.9234592318534851,0.8291975259780884
YMR092C,YIL065C,0,-0.19271828,0.10079201310873032,0.9234592318534851,0.8292976021766663
YKR045C,YOR022C,0,-0.19291942,0.10078108310699463,0.9234592318534851,0.8293976187705994
YPR121W,YGR284C,0,-0.19301657,0.10077014565467834,0.9234592318534851,0.8294976949691772
YKL008C,YOL044W,0,-0.19312778,0.10075921565294266,0.9234592318534851,0.8295977711677551
YGL033W,YGR125W,0,-0.19331695,0.10074829310178757,0.9234592318534851,0.829697847366333
YDR506C,YKL137W,0,-0.19333221,0.10073737055063248,0.9234592318534851,0.8297978639602661
YHR196W,YMR305C,0,-0.19353868,0.10072644799947739,0.9234592318534851,0.829897940158844
YPL152W,YPL181W,0,-0.19357984,0.1007155254483223,0.9234592318534851,0.8299980163574219
YLR310C,YPR101W,0,-0.1936269,0.1007046103477478,0.9234592318534851,0.830098032951355
YLR116W,YKR003W,0,-0.19370694,0.10069369524717331,0.9234592318534851,0.8301981091499329
YBR217W,YDL174C,0,-0.19374461,0.10068278014659882,0.9234592318534851,0.8302981853485107
YMR024W,YCR093W,1,-0.19378446,0.10078023374080658,0.9244532585144043,0.8302981853485107
YLR034C,YDR155C,0,-0.19392481,0.10076931118965149,0.9244532585144043,0.8303982615470886
YMR202W,YPL081W,0,-0.194138,0.100758396089077,0.9244532585144043,0.8304982781410217
YJR137C,YBR104W,0,-0.19418763,0.1007474809885025,0.9244532585144043,0.8305983543395996
YJR105W,YEL046C,0,-0.1942045,0.10073656588792801,0.9244532585144043,0.8306984305381775
YIL066C,YGL150C,0,-0.19421366,0.10072565823793411,0.9244532585144043,0.8307985067367554
YER003C,YLR089C,0,-0.19427788,0.10071475058794022,0.9244532585144043,0.8308985233306885
YDL014W,YCR048W,0,-0.19438772,0.10070384293794632,0.9244532585144043,0.8309985995292664
YOL080C,YJL208C,1,-0.19439124,0.10080121457576752,0.9254473447799683,0.8309985995292664
YLR034C,YBR221C,0,-0.19454964,0.10079029947519302,0.9254473447799683,0.8310986757278442
YER069W,YMR060C,0,-0.19466002,0.10077939182519913,0.9254473447799683,0.8311986923217773
YKR067W,YBR229C,0,-0.1946712,0.10076848417520523,0.9254473447799683,0.8312987685203552
YPL227C,YOR362C,0,-0.19469404,0.10075757652521133,0.9254473447799683,0.8313988447189331
YGR121C,YNL197C,0,-0.19478719,0.10074666887521744,0.9254473447799683,0.831498920917511
YKL035W,YKL208W,0,-0.19479184,0.10073576867580414,0.9254473447799683,0.8315989375114441
YDR143C,YLR089C,0,-0.19500832,0.10072487592697144,0.9254473447799683,0.831699013710022
YJR113C,YNR075W,0,-0.19504027,0.10071397572755814,0.9254473447799683,0.8317990899085999
YLR336C,YNL099C,0,-0.19512114,0.10070308297872543,0.9254473447799683,0.8318991661071777
YHR124W,YNL014W,0,-0.19513403,0.10069219022989273,0.9254473447799683,0.8319991827011108
YNL316C,YER157W,0,-0.19514608,0.10068130493164062,0.9254473447799683,0.8320992588996887
YGL160W,YML058W,0,-0.19527878,0.10067041218280792,0.9254473447799683,0.8321993350982666
YKL112W,YDL049C,0,-0.19529934,0.10065953433513641,0.9254473447799683,0.8322993516921997
YDR385W,YDL201W,0,-0.19532686,0.10064864903688431,0.9254473447799683,0.8323994278907776
YGR275W,YJR019C,0,-0.19536546,0.1006377711892128,0.9254473447799683,0.8324995040893555
YHR164C,YGL085W,1,-0.1954246,0.10073497891426086,0.9264413714408875,0.8324995040893555
YDR408C,YJL203W,0,-0.19542919,0.10072408616542816,0.9264413714408875,0.8325995802879333
YJL063C,YFL062W,0,-0.19558875,0.10071320831775665,0.9264413714408875,0.8326995968818665
YJL145W,YOR149C,0,-0.19578584,0.10070232301950455,0.9264413714408875,0.8327996730804443
YOL110W,YLL032C,0,-0.1958118,0.10069144517183304,0.9264413714408875,0.8328997492790222
YNL241C,YJR125C,0,-0.19606887,0.10068056732416153,0.9264413714408875,0.8329998254776001
YLR225C,YML118W,0,-0.19610918,0.10066968947649002,0.9264413714408875,0.8330998420715332
YOL128C,YNL224C,0,-0.19635604,0.10065881907939911,0.9264413714408875,0.8331999182701111
YIL066C,YER021W,0,-0.19648585,0.1006479486823082,0.9264413714408875,0.833299994468689
YJR043C,YDR266C,0,-0.19656464,0.10063707828521729,0.9264413714408875,0.8334000110626221
YNL154C,YPR101W,0,-0.19677193,0.10062621533870697,0.9264413714408875,0.8335000872612
YPL227C,YLR410W,0,-0.19699495,0.10061535239219666,0.9264413714408875,0.8336001634597778
YBL046W,YDL150W,0,-0.19725086,0.10060448944568634,0.9264413714408875,0.8337002396583557
YHR123W,YLR027C,0,-0.1973253,0.10059363394975662,0.9264413714408875,0.8338002562522888
YPR058W,YJR014W,0,-0.19742812,0.1005827784538269,0.9264413714408875,0.8339003324508667
YHR007C,YDR484W,0,-0.1974862,0.10057192295789719,0.9264413714408875,0.8340004086494446
YGR215W,YML014W,0,-0.19758834,0.10056106746196747,0.9264413714408875,0.8341004848480225
YBL006C,YIL066C,0,-0.19761364,0.10055021941661835,0.9264413714408875,0.8342005014419556
YPR107C,YMR271C,0,-0.19762495,0.10053937137126923,0.9264413714408875,0.8343005776405334
YHR115C,YCL038C,0,-0.19778557,0.1005285307765007,0.9264413714408875,0.8344006538391113
YGR087C,YJR017C,0,-0.19785222,0.10051769018173218,0.9264413714408875,0.8345007300376892
YKL101W,YOR321W,0,-0.19832477,0.10050684958696365,0.9264413714408875,0.8346007466316223
YFR051C,YCR008W,0,-0.19840363,0.10049600899219513,0.9264413714408875,0.8347008228302002
YLR408C,YIL158W,0,-0.19840845,0.1004851758480072,0.9264413714408875,0.8348008990287781
YGL100W,YNL275W,0,-0.19860476,0.10047434270381927,0.9264413714408875,0.8349009156227112
YDR488C,YLR222C,0,-0.19880755,0.10046350955963135,0.9264413714408875,0.8350009918212891
YDR123C,YDR206W,0,-0.19890584,0.10045268386602402,0.9264413714408875,0.8351010680198669
YCR102C,YDL132W,0,-0.19901064,0.10044185817241669,0.9264413714408875,0.8352011442184448
YOR362C,YGL013C,0,-0.19901292,0.10043103247880936,0.9264413714408875,0.8353011608123779
YJR159W,YDR293C,0,-0.1991575,0.10042021423578262,0.9264413714408875,0.8354012370109558
YOR056C,YCR035C,1,-0.19923978,0.10051713138818741,0.9274353981018066,0.8354012370109558
YEL071W,YMR083W,0,-0.19972257,0.10050629824399948,0.9274353981018066,0.8355013132095337
YGL208W,YGR140W,0,-0.1997344,0.10049547255039215,0.9274353981018066,0.8356013894081116
YKL152C,YDR043C,0,-0.1997842,0.10048465430736542,0.9274353981018066,0.8357014060020447
YGR152C,YDL201W,0,-0.1998987,0.10047382861375809,0.9274353981018066,0.8358014822006226
YMR021C,YER141W,0,-0.20001575,0.10046301037073135,0.9274353981018066,0.8359015583992004
YJR099W,YJR019C,0,-0.20003302,0.10045219957828522,0.9274353981018066,0.8360015749931335
YBL003C,YBR110W,0,-0.2002765,0.10044138133525848,0.9274353981018066,0.8361016511917114
YER011W,YAL055W,0,-0.20031169,0.10043057054281235,0.9274353981018066,0.8362017273902893
YNL209W,YIL131C,0,-0.20036481,0.10041975975036621,0.9274353981018066,0.8363018035888672
YMR030W,YKR018C,0,-0.2003694,0.10040895640850067,0.9274353981018066,0.8364018201828003
YPR151C,YLR431C,0,-0.20037277,0.10039814561605453,0.9274353981018066,0.8365018963813782
YPR020W,YGL044C,0,-0.20052917,0.10038734972476959,0.9274353981018066,0.836601972579956
YLR166C,YPR112C,0,-0.20053007,0.10037654638290405,0.9274353981018066,0.8367020487785339
YNL264C,YOL033W,0,-0.20060122,0.10036575049161911,0.9274353981018066,0.836802065372467
YPL055C,YMR164C,0,-0.20066132,0.10035495460033417,0.9274353981018066,0.8369021415710449
YGR108W,YPL024W,0,-0.20073964,0.10034415870904922,0.9274353981018066,0.8370022177696228
YDR266C,YKR024C,0,-0.2008595,0.10033337026834488,0.9274353981018066,0.8371022343635559
YHR032W,YPL270W,0,-0.20087968,0.10032258182764053,0.9274353981018066,0.8372023105621338
YIL065C,YKL148C,0,-0.20112254,0.10031179338693619,0.9274353981018066,0.8373023867607117
YPL256C,YNL229C,0,-0.20112687,0.10030101239681244,0.9274353981018066,0.8374024629592896
YDR214W,YMR197C,0,-0.20113331,0.10029023140668869,0.9274353981018066,0.8375024795532227
YIL041W,YMR134W,0,-0.20147894,0.10027945041656494,0.9274353981018066,0.8376025557518005
YPL268W,YMR283C,0,-0.2014827,0.10026866942644119,0.9274353981018066,0.8377026319503784
YLR070C,YGR209C,0,-0.20151217,0.10025789588689804,0.9274353981018066,0.8378027081489563
YEL077C,YOL034W,0,-0.20151709,0.10024712234735489,0.9274353981018066,0.8379027247428894
YLR410W,YOR005C,0,-0.20166399,0.10023635625839233,0.9274353981018066,0.8380028009414673
YPL086C,YLR319C,0,-0.20174883,0.10022559016942978,0.9274353981018066,0.8381028771400452
YDL153C,YNL097C,0,-0.20188364,0.10021482408046722,0.9274353981018066,0.8382028937339783
YIL117C,YLR133W,0,-0.2018855,0.10020405799150467,0.9274353981018066,0.8383029699325562
YCR043C,YOR205C,0,-0.20216294,0.10019329935312271,0.9274353981018066,0.838403046131134
YGR038W,YIL158W,0,-0.20238201,0.10018254071474075,0.9274353981018066,0.8385031223297119
YJL118W,YNL093W,0,-0.20256348,0.1001717820763588,0.9274353981018066,0.838603138923645
YML022W,YMR058W,0,-0.20262267,0.10016103088855743,0.9274353981018066,0.8387032151222229
YPL236C,YLR135W,0,-0.2026243,0.10015027970075607,0.9274353981018066,0.8388032913208008
YNL241C,YDR255C,0,-0.20277391,0.10013952851295471,0.9274353981018066,0.8389033675193787
YLR002C,YOL130W,0,-0.20288013,0.10012878477573395,0.9274353981018066,0.8390033841133118
YDL052C,YOL017W,0,-0.20298013,0.10011804103851318,0.9274353981018066,0.8391034603118896
YHL007C,YFL024C,0,-0.2030704,0.10010729730129242,0.9274353981018066,0.8392035365104675
YNL088W,YNL124W,0,-0.2031708,0.10009655356407166,0.9274353981018066,0.8393035531044006
YIL016W,YER018C,0,-0.20320323,0.10008581727743149,0.9274353981018066,0.8394036293029785
YIL066C,YJL159W,0,-0.20324615,0.10007508099079132,0.9274353981018066,0.8395037055015564
YJL151C,YIR033W,0,-0.2032861,0.10006435215473175,0.9274353981018066,0.8396037817001343
YOL097C,YPL020C,0,-0.20342325,0.10005361586809158,0.9274353981018066,0.8397037982940674
YGL079W,YIL067C,0,-0.20343898,0.10004289448261261,0.9274353981018066,0.8398038744926453
YNL053W,YPR004C,0,-0.20345168,0.10003216564655304,0.9274353981018066,0.8399039506912231
YPL005W,YBR201W,0,-0.20346999,0.10002144426107407,0.9274353981018066,0.840004026889801
YCR088W,YIL017C,0,-0.20358738,0.10001072287559509,0.9274353981018066,0.8401040434837341
YKR045C,YOR141C,0,-0.20360751,0.10000000149011612,0.9274353981018066,0.840204119682312
YHR214C-B,YLR145W,1,-0.20364214,0.1000964492559433,0.9284294247627258,0.840204119682312
YPR058W,YJL100W,0,-0.20380487,0.10008572787046432,0.9284294247627258,0.8403041958808899
YKL091C,YFL018C,0,-0.20388758,0.10007499903440475,0.9284294247627258,0.8404042720794678
YIR021W,YHR166C,0,-0.2040544,0.10006427764892578,0.9284294247627258,0.8405042886734009
YBR239C,YHR045W,0,-0.2041907,0.1000535637140274,0.9284294247627258,0.8406043648719788
YDL064W,YKR065C,0,-0.20422257,0.10004284232854843,0.9284294247627258,0.8407044410705566
YLR240W,YIR035C,0,-0.20436184,0.10003212839365005,0.9284294247627258,0.8408044576644897
YDR316W,YDL213C,0,-0.20454971,0.10002141445875168,0.9284294247627258,0.8409045338630676
YBR179C,YGR132C,0,-0.20465606,0.1000107079744339,0.9284294247627258,0.8410046100616455
YHR079C-A,YMR202W,0,-0.20474233,0.10000000149011612,0.9284294247627258,0.8411046862602234
YJL116C,YMR271C,0,-0.20478262,0.09998929500579834,0.9284294247627258,0.8412047028541565
YML038C,YDL174C,0,-0.20478822,0.09997858852148056,0.9284294247627258,0.8413047790527344
YGL131C,YIL097W,0,-0.20496272,0.09996788948774338,0.9284294247627258,0.8414048552513123
YLR069C,YBR018C,0,-0.20496409,0.0999571904540062,0.9284294247627258,0.8415049314498901
YLR369W,YER069W,0,-0.20502137,0.09994649887084961,0.9284294247627258,0.8416049480438232
YAR008W,YDR156W,0,-0.20509331,0.09993579983711243,0.9284294247627258,0.8417050242424011
YKR081C,YPL032C,0,-0.20511895,0.09992510825395584,0.9284294247627258,0.841805100440979
YAR066W,YBR008C,0,-0.20515917,0.09991441667079926,0.9284294247627258,0.8419051170349121
YJR161C,YJL036W,0,-0.20528631,0.09990373253822327,0.9284294247627258,0.84200519323349
YLR077W,YBR019C,0,-0.20567127,0.09989304840564728,0.9284294247627258,0.8421052694320679
YGL017W,YPL046C,0,-0.20568012,0.09988236427307129,0.9284294247627258,0.8422053456306458
YGR215W,YGR206W,0,-0.20577623,0.0998716875910759,0.9284294247627258,0.8423053622245789
YHR121W,YDR043C,0,-0.20578204,0.09986100345849991,0.9284294247627258,0.8424054384231567
YBR057C,YGR249W,0,-0.2058842,0.09985033422708511,0.9284294247627258,0.8425055146217346
YGR287C,YDR293C,0,-0.20597558,0.09983965754508972,0.9284294247627258,0.8426055908203125
YOL088C,YHR115C,0,-0.20611757,0.09982898831367493,0.9284294247627258,0.8427056074142456
YPR066W,YGL150C,0,-0.20621821,0.09981831908226013,0.9284294247627258,0.8428056836128235
YKL137W,YCR083W,0,-0.20640573,0.09980764985084534,0.9284294247627258,0.8429057598114014
YHR050W,YGL012W,0,-0.20648976,0.09979698807001114,0.9284294247627258,0.8430057764053345
YOR234C,YGR098C,0,-0.20654386,0.09978632628917694,0.9284294247627258,0.8431058526039124
YKL160W,YER122C,0,-0.2066888,0.09977566450834274,0.9284294247627258,0.8432059288024902
YPR029C,YOL088C,0,-0.20688261,0.09976501017808914,0.9284294247627258,0.8433060050010681
YFR051C,YER004W,0,-0.20693655,0.09975435584783554,0.9284294247627258,0.8434060215950012
YHR107C,YDR488C,0,-0.20699874,0.09974370151758194,0.9284294247627258,0.8435060977935791
YPL241C,YPR023C,0,-0.2070532,0.09973304718732834,0.9284294247627258,0.843606173992157
YPL086C,YOR140W,0,-0.2070632,0.09972240030765533,0.9284294247627258,0.8437062501907349
YLR205C,YGL011C,0,-0.20708625,0.09971175342798233,0.9284294247627258,0.843806266784668
YBR070C,YPL181W,0,-0.20716482,0.09970110654830933,0.9284294247627258,0.8439063429832458
YKL091C,YHL022C,0,-0.20716812,0.09969046711921692,0.9284294247627258,0.8440064191818237
YHR039C,YNR046W,0,-0.20717467,0.09967982769012451,0.9284294247627258,0.8441064357757568
YOR368W,YGL029W,0,-0.20729263,0.0996691957116127,0.9284294247627258,0.8442065119743347
YDR104C,YPL249C,0,-0.20747532,0.0996585562825203,0.9284294247627258,0.8443065881729126
YOR125C,YHR102W,0,-0.20761085,0.09964792430400848,0.9284294247627258,0.8444066643714905
YJL177W,YGL156W,0,-0.20768131,0.09963729232549667,0.9284294247627258,0.8445066809654236
YOL137W,YIR010W,0,-0.20773369,0.09962666779756546,0.9284294247627258,0.8446067571640015
YER119C,YKL018W,0,-0.2078815,0.09961604326963425,0.9284294247627258,0.8447068333625793
YGL224C,YPL029W,0,-0.20788972,0.09960541874170303,0.9284294247627258,0.8448069095611572
YER048C,YAR014C,0,-0.20789765,0.09959479421377182,0.9284294247627258,0.8449069261550903
YPR009W,YGR280C,0,-0.20794082,0.0995841771364212,0.9284294247627258,0.8450070023536682
YLR398C,YDL150W,0,-0.20801057,0.09957356005907059,0.9284294247627258,0.8451070785522461
YHR123W,YOR125C,0,-0.20817876,0.09956294298171997,0.9284294247627258,0.8452070951461792
YNL067W,YER075C,0,-0.20819695,0.09955233335494995,0.9284294247627258,0.8453071713447571
YGR125W,YMR029C,0,-0.20846494,0.09954172372817993,0.9284294247627258,0.845407247543335
YML024W,YDL201W,0,-0.2085645,0.09953111410140991,0.9284294247627258,0.8455073237419128
YDR339C,YGL079W,0,-0.20860933,0.09952051192522049,0.9284294247627258,0.845607340335846
YGR275W,YCL030C,0,-0.20866717,0.09950990974903107,0.9284294247627258,0.8457074165344238
YBL019W,YML118W,1,-0.20895644,0.09960583597421646,0.929423451423645,0.8457074165344238
YER011W,YBL097W,0,-0.20902835,0.09959522634744644,0.929423451423645,0.8458074927330017
YPR145W,YJR047C,0,-0.20907547,0.09958461672067642,0.929423451423645,0.8459075689315796
YJL042W,YOR003W,0,-0.20916921,0.099574014544487,0.929423451423645,0.8460075855255127
YLR369W,YDR354W,0,-0.20928545,0.09956341236829758,0.929423451423645,0.8461076617240906
YGL013C,YBR229C,0,-0.20941791,0.09955281019210815,0.929423451423645,0.8462077379226685
YJR099W,YFL003C,0,-0.20951077,0.09954221546649933,0.929423451423645,0.8463078141212463
YGL099W,YIL103W,0,-0.20959057,0.0995316132903099,0.929423451423645,0.8464078307151794
YLR340W,YOR017W,0,-0.20971829,0.09952101856470108,0.929423451423645,0.8465079069137573
YIR007W,YFR044C,0,-0.20972449,0.09951043128967285,0.929423451423645,0.8466079831123352
YBR152W,YJR129C,0,-0.20974444,0.09949984401464462,0.929423451423645,0.8467079997062683
YPL265W,YOR171C,0,-0.20975056,0.0994892567396164,0.929423451423645,0.8468080759048462
YOR190W,YML046W,0,-0.20977764,0.09947866946458817,0.929423451423645,0.8469081521034241
YKR013W,YGR256W,0,-0.21007134,0.09946808218955994,0.929423451423645,0.847008228302002
YMR266W,YHL001W,0,-0.21013616,0.0994575023651123,0.929423451423645,0.8471082448959351
YHR124W,YML062C,0,-0.2105245,0.09944692254066467,0.929423451423645,0.8472083210945129
YFL034C-B,YGR013W,0,-0.21067677,0.09943635016679764,0.929423451423645,0.8473083972930908
YKR079C,YHR062C,1,-0.21076344,0.0995321124792099,0.9304174780845642,0.8473083972930908
YBL046W,YGR195W,0,-0.21088554,0.09952153265476227,0.9304174780845642,0.8474084734916687
YNL102W,YNL232W,1,-0.21094318,0.09961726516485214,0.9314115047454834,0.8474084734916687
YFL016C,YHR200W,0,-0.21106787,0.09960667788982391,0.9314115047454834,0.8475084900856018
YJL123C,YDL058W,0,-0.2110749,0.09959609061479568,0.9314115047454834,0.8476085662841797
YNL321W,YNL326C,0,-0.21109907,0.09958550333976746,0.9314115047454834,0.8477086424827576
YLL052C,YKL167C,0,-0.21110092,0.09957492351531982,0.9314115047454834,0.8478086590766907
YDR237W,YKL211C,0,-0.21140777,0.0995643362402916,0.9314115047454834,0.8479087352752686
YNL209W,YIL129C,0,-0.21140955,0.09955376386642456,0.9314115047454834,0.8480088114738464
YER142C,YCL075W,1,-0.21147601,0.09964942187070847,0.9324055910110474,0.8480088114738464
YCR067C,YGR038W,0,-0.21156679,0.09963883459568024,0.9324055910110474,0.8481088876724243
YBL018C,YKR056W,1,-0.21159868,0.09973446279764175,0.9333996176719666,0.8481088876724243
YJL047C,YGL187C,0,-0.21164687,0.09972387552261353,0.9333996176719666,0.8482089042663574
YOL017W,YBL067C,0,-0.211677,0.0997132807970047,0.9333996176719666,0.8483089804649353
YLR408C,YNL148C,0,-0.2117961,0.09970269352197647,0.9333996176719666,0.8484090566635132
YDR141C,YDL213C,0,-0.21190776,0.09969211369752884,0.9333996176719666,0.8485091328620911
YBR088C,YLR372W,0,-0.21196102,0.09968152642250061,0.9333996176719666,0.8486091494560242
YMR161W,YIL010W,0,-0.21210024,0.09967094659805298,0.9333996176719666,0.848709225654602
YDR104C,YGR125W,0,-0.21216722,0.09966036677360535,0.9333996176719666,0.8488093018531799
YDL004W,YLL028W,0,-0.2122445,0.09964979439973831,0.9333996176719666,0.848909318447113
YGR192C,YOL008W,0,-0.21228646,0.09963922202587128,0.9333996176719666,0.8490093946456909
YOR234C,YPL046C,0,-0.21232976,0.09962864965200424,0.9333996176719666,0.8491094708442688
YCL011C,YHR123W,0,-0.21233706,0.09961807727813721,0.9333996176719666,0.8492095470428467
YOL075C,YOL068C,0,-0.21239755,0.09960751235485077,0.9333996176719666,0.8493095636367798
YGL029W,YER058W,0,-0.21250378,0.09959694743156433,0.9333996176719666,0.8494096398353577
YGR152C,YER118C,0,-0.212698,0.0995863825082779,0.9333996176719666,0.8495097160339355
YDR485C,YGR195W,0,-0.21279426,0.09957582503557205,0.9333996176719666,0.8496097922325134
YBL019W,YDR280W,1,-0.2128499,0.09967129677534103,0.9343936443328857,0.8496097922325134
YNL075W,YNL229C,0,-0.21293685,0.0996607318520546,0.9343936443328857,0.8497098088264465
YGR258C,YBR012W-B,1,-0.21293832,0.09975617378950119,0.9353876709938049,0.8497098088264465
YBR186W,YKR022C,0,-0.21304195,0.09974560141563416,0.9353876709938049,0.8498098850250244
YNL102W,YMR224C,1,-0.2131805,0.09984102100133896,0.9363816976547241,0.8498098850250244
YLR362W,YMR251W-A,0,-0.21321426,0.09983043372631073,0.9363816976547241,0.8499099612236023
YDR354W,YIL044C,0,-0.21324009,0.0998198613524437,0.9363816976547241,0.8500099778175354
YKR092C,YMR277W,0,-0.2132885,0.09980928152799606,0.9363816976547241,0.8501100540161133
YPL084W,YDR206W,0,-0.21336193,0.09979870915412903,0.9363816976547241,0.8502101302146912
YML078W,YER048C,0,-0.21343853,0.099788136780262,0.9363816976547241,0.850310206413269
YJR047C,YFL050C,0,-0.21359462,0.09977756440639496,0.9363816976547241,0.8504102230072021
YFL018C,YMR244C-A,0,-0.21370701,0.09976699948310852,0.9363816976547241,0.85051029920578
YPR151C,YKL008C,0,-0.21372665,0.09975643455982208,0.9363816976547241,0.8506103754043579
YGL011C,YPL069C,0,-0.21387088,0.09974586963653564,0.9363816976547241,0.8507104516029358
YLR342W,YER069W,0,-0.21411511,0.0997353121638298,0.9363816976547241,0.8508104681968689
YPL029W,YBR179C,0,-0.21422131,0.09972475469112396,0.9363816976547241,0.8509105443954468
YLR398C,YJR019C,0,-0.21422301,0.09971419721841812,0.9363816976547241,0.8510106205940247
YKL113C,YJR006W,1,-0.21429549,0.09980948269367218,0.9373757243156433,0.8510106205940247
YOR033C,YPR079W,0,-0.21431245,0.09979891777038574,0.9373757243156433,0.8511106371879578
YNL075W,YFL034C-A,0,-0.21442486,0.0997883602976799,0.9373757243156433,0.8512107133865356
YBL050W,YPL057C,0,-0.21446608,0.09977780282497406,0.9373757243156433,0.8513107895851135
YIL117C,YNL116W,0,-0.2145216,0.09976724535226822,0.9373757243156433,0.8514108657836914
YNL264C,YGR277C,0,-0.2149411,0.09975668787956238,0.9373757243156433,0.8515108823776245
YHR191C,YER026C,0,-0.21509145,0.09974613785743713,0.9373757243156433,0.8516109585762024
YAR014C,YNL106C,0,-0.21518415,0.09973558783531189,0.9373757243156433,0.8517110347747803
YGL184C,YPR094W,0,-0.21524148,0.09972504526376724,0.9373757243156433,0.8518111109733582
YOR312C,YGL029W,0,-0.21527685,0.099714495241642,0.9373757243156433,0.8519111275672913
YGR096W,YDR255C,0,-0.21530044,0.09970395267009735,0.9373757243156433,0.8520112037658691
YDL168W,YGR277C,0,-0.21534207,0.0996934100985527,0.9373757243156433,0.852111279964447
YER141W,YKL137W,0,-0.21534348,0.09968287497758865,0.9373757243156433,0.8522113561630249
YPR029C,YJL207C,0,-0.21535783,0.0996723398566246,0.9373757243156433,0.852311372756958
YOR293W,YDR156W,0,-0.2153758,0.09966180473566055,0.9373757243156433,0.8524114489555359
YBL040C,YOR128C,0,-0.21540238,0.0996512770652771,0.9373757243156433,0.8525115251541138
YBL002W,YER042W,0,-0.21549368,0.09964074194431305,0.9373757243156433,0.8526115417480469
YJL145W,YOL001W,0,-0.21579622,0.0996302142739296,0.9373757243156433,0.8527116179466248
YOR231W,YHR203C,0,-0.21586102,0.09961969405412674,0.9373757243156433,0.8528116941452026
YKL163W,YKL157W,0,-0.21589805,0.09960916638374329,0.9373757243156433,0.8529117703437805
YDL181W,YML038C,0,-0.2159193,0.09959864616394043,0.9373757243156433,0.8530117869377136
YGL065C,YLR022C,0,-0.21607603,0.09958813339471817,0.9373757243156433,0.8531118631362915
YPL152W,YAL055W,0,-0.21630612,0.09957761317491531,0.9373757243156433,0.8532119393348694
YBR293W,YER001W,0,-0.21642287,0.09956710040569305,0.9373757243156433,0.8533120155334473
YDR346C,YIL131C,0,-0.21652904,0.0995565876364708,0.9373757243156433,0.8534120321273804
YBR223C,YCR026C,1,-0.21662934,0.09965164214372635,0.9383698105812073,0.8534120321273804
YHR121W,YPL124W,0,-0.21664235,0.09964112192392349,0.9383698105812073,0.8535121083259583
YMR135C,YER078C,0,-0.21676515,0.09963060915470123,0.9383698105812073,0.8536121845245361
YKL008C,YCR023C,0,-0.21690859,0.09962009638547897,0.9383698105812073,0.8537122011184692
YAL042W,YKR042W,0,-0.21697147,0.09960958361625671,0.9383698105812073,0.8538122773170471
YDL126C,YHL013C,0,-0.21698444,0.09959907084703445,0.9383698105812073,0.853912353515625
YOR128C,YPR066W,0,-0.21705483,0.09958856552839279,0.9383698105812073,0.8540124297142029
YIL016W,YBR104W,0,-0.217201,0.09957806020975113,0.9383698105812073,0.854112446308136
YOR298C-A,YNL305C,0,-0.21730141,0.09956755489110947,0.9383698105812073,0.8542125225067139
YDR202C,YGL065C,0,-0.2175274,0.0995570570230484,0.9383698105812073,0.8543125987052917
YPL055C,YPR022C,0,-0.21757524,0.09954655915498734,0.9383698105812073,0.8544126749038696
YBR126C,YMR116C,0,-0.21776767,0.09953606128692627,0.9383698105812073,0.8545126914978027
YDL181W,YGR198W,0,-0.21814126,0.0995255634188652,0.9383698105812073,0.8546127676963806
YHR152W,YER166W,0,-0.21814522,0.09951507300138474,0.9383698105812073,0.8547128438949585
YJR090C,YNL275W,0,-0.2181622,0.09950458258390427,0.9383698105812073,0.8548128604888916
YJR159W,YOR010C,0,-0.21816431,0.0994940996170044,0.9383698105812073,0.8549129366874695
YIR033W,YNL272C,0,-0.21824579,0.09948360919952393,0.9383698105812073,0.8550130128860474
YDR162C,YIR013C,0,-0.2183954,0.09947312623262405,0.9383698105812073,0.8551130890846252
YPL023C,YAR066W,0,-0.2184756,0.09946265071630478,0.9383698105812073,0.8552131056785583
YGL017W,YPR094W,0,-0.2185,0.09945216774940491,0.9383698105812073,0.8553131818771362
YDR519W,YLR431C,0,-0.21852733,0.09944169223308563,0.9383698105812073,0.8554132580757141
YJL047C,YNL279W,0,-0.21862838,0.09943121671676636,0.9383698105812073,0.855513334274292
YBR280C,YCL020W,0,-0.21873939,0.09942074865102768,0.9383698105812073,0.8556133508682251
YOR149C,YGL166W,0,-0.21887146,0.099410280585289,0.9383698105812073,0.855713427066803
YMR170C,YGL179C,0,-0.2190908,0.09939981251955032,0.9383698105812073,0.8558135032653809
YPL024W,YKR029C,0,-0.21914826,0.09938934445381165,0.9383698105812073,0.855913519859314
YEL020C,YJR044C,0,-0.21921833,0.09937888383865356,0.9383698105812073,0.8560135960578918
YLR275W,YGL153W,0,-0.21928492,0.09936842322349548,0.9383698105812073,0.8561136722564697
YOR196C,YKL176C,0,-0.21930306,0.0993579626083374,0.9383698105812073,0.8562137484550476
YGL029W,YIL067C,0,-0.21936177,0.09934750944375992,0.9383698105812073,0.8563137650489807
YMR092C,YKL084W,0,-0.21951254,0.09933704882860184,0.9383698105812073,0.8564138412475586
YGR140W,YPL265W,0,-0.21959442,0.09932659566402435,0.9383698105812073,0.8565139174461365
YPR023C,YNL305C,0,-0.21959683,0.09931614995002747,0.9383698105812073,0.8566139936447144
YGR203W,YIL121W,0,-0.2196732,0.09930570423603058,0.9383698105812073,0.8567140102386475
YPL005W,YKR025W,0,-0.21975496,0.09929525852203369,0.9383698105812073,0.8568140864372253
YLR405W,YNL097C,0,-0.21977484,0.0992848128080368,0.9383698105812073,0.8569141626358032
YLR077W,YNL134C,0,-0.21978134,0.09927437454462051,0.9383698105812073,0.8570141792297363
YDR162C,YEL077C,0,-0.21986999,0.09926393628120422,0.9383698105812073,0.8571142554283142
YKL125W,YIL031W,0,-0.21999086,0.09925349801778793,0.9383698105812073,0.8572143316268921
YNL282W,YML091C,1,-0.22006261,0.09934819489717484,0.9393638372421265,0.8572143316268921
YOL017W,YBR068C,0,-0.22011198,0.09933774918317795,0.9393638372421265,0.85731440782547
YHR124W,YDR352W,0,-0.2201496,0.09932730346918106,0.9393638372421265,0.8574144244194031
YFL018C,YAL061W,0,-0.22019018,0.09931686520576477,0.9393638372421265,0.857514500617981
YNR012W,YFL003C,0,-0.22029431,0.09930643439292908,0.9393638372421265,0.8576145768165588
YLR132C,YPR066W,0,-0.22029701,0.09929599612951279,0.9393638372421265,0.8577146530151367
YEL046C,YOL148C,0,-0.22037052,0.0992855653166771,0.9393638372421265,0.8578146696090698
YCR068W,YIL017C,0,-0.22049345,0.0992751345038414,0.9393638372421265,0.8579147458076477
YLR138W,YJR077C,0,-0.22050805,0.0992647036910057,0.9393638372421265,0.8580148220062256
YER141W,YKL160W,0,-0.22053646,0.09925428032875061,0.9393638372421265,0.8581148982048035
YAL001C,YGL153W,0,-0.2205725,0.09924385696649551,0.9393638372421265,0.8582149147987366
YKL092C,YGR128C,0,-0.22094537,0.09923343360424042,0.9393638372421265,0.8583149909973145
YKL091C,YBR203W,0,-0.22096375,0.09922301769256592,0.9393638372421265,0.8584150671958923
YOR149C,YHR134W,0,-0.22105555,0.09921260178089142,0.9393638372421265,0.8585150837898254
YPL053C,YJL002C,0,-0.22112133,0.09920218586921692,0.9393638372421265,0.8586151599884033
YLR138W,YIL065C,0,-0.22113504,0.09919176995754242,0.9393638372421265,0.8587152361869812
YJR095W,YER004W,0,-0.22115348,0.09918136149644852,0.9393638372421265,0.8588153123855591
YDR311W,YPL255W,0,-0.22116278,0.09917095303535461,0.9393638372421265,0.8589153289794922
YIL099W,YOR122C,0,-0.22124405,0.09916054457426071,0.9393638372421265,0.8590154051780701
YIL158W,YNL169C,0,-0.22125377,0.0991501435637474,0.9393638372421265,0.859115481376648
YOL006C,YNL097C,0,-0.22150083,0.0991397425532341,0.9393638372421265,0.8592155575752258
YDR346C,YLR216C,0,-0.2215063,0.0991293415427208,0.9393638372421265,0.8593155741691589
YGL134W,YFL002C,0,-0.22151561,0.09911894053220749,0.9393638372421265,0.8594156503677368
YER146W,YML014W,0,-0.2217717,0.09910854697227478,0.9393638372421265,0.8595157265663147
YKL113C,YAR008W,1,-0.22192363,0.09920302033424377,0.9403578639030457,0.8595157265663147
YAR008W,YKL113C,1,-0.22192363,0.09929747134447098,0.9413518905639648,0.8595157265663147
YBL102W,YAL001C,0,-0.22207291,0.09928706288337708,0.9413518905639648,0.8596157431602478
YDL153C,YGL029W,0,-0.22211538,0.09927665442228317,0.9413518905639648,0.8597158193588257
YLR320W,YOR100C,0,-0.22216149,0.09926624596118927,0.9413518905639648,0.8598158955574036
YKL221W,YNR049C,0,-0.22231983,0.09925584495067596,0.9413518905639648,0.8599159717559814
YJL123C,YOR028C,0,-0.222533,0.09924544394016266,0.9413518905639648,0.8600159883499146
YJL151C,YJL093C,0,-0.22256038,0.09923504292964935,0.9413518905639648,0.8601160645484924
YJL104W,YPR112C,0,-0.22264571,0.09922464191913605,0.9413518905639648,0.8602161407470703
YJL123C,YNL265C,0,-0.22265878,0.09921424835920334,0.9413518905639648,0.8603162169456482
YKR013W,YOR303W,0,-0.2226959,0.09920385479927063,0.9413518905639648,0.8604162335395813
YGR203W,YGR289C,0,-0.22275458,0.09919346123933792,0.9413518905639648,0.8605163097381592
YNR075W,YML075C,0,-0.22299926,0.09918307512998581,0.9413518905639648,0.8606163859367371
YGR030C,YDR279W,1,-0.22314529,0.09927741438150406,0.942345917224884,0.8606163859367371
YGL047W,YBR161W,0,-0.22315943,0.09926701337099075,0.942345917224884,0.8607164025306702
YGR048W,YOR245C,0,-0.22332206,0.09925661981105804,0.942345917224884,0.860816478729248
YDL126C,YMR170C,0,-0.22341631,0.09924623370170593,0.942345917224884,0.8609165549278259
YPL012W,YLR136C,0,-0.22342853,0.09923584014177322,0.942345917224884,0.8610166311264038
YGR277C,YLR136C,0,-0.22354758,0.09922545403242111,0.942345917224884,0.8611166477203369
YOR115C,YCR066W,0,-0.22355273,0.099215067923069,0.942345917224884,0.8612167239189148
YCR003W,YDR409W,0,-0.22355369,0.09920468926429749,0.942345917224884,0.8613168001174927
YDR266C,YJL014W,0,-0.22379702,0.09919431060552597,0.942345917224884,0.8614168763160706
YGR038W,YJR159W,0,-0.2238365,0.09918393194675446,0.942345917224884,0.8615168929100037
YJL047C,YJR019C,0,-0.22385487,0.09917355328798294,0.942345917224884,0.8616169691085815
YMR104C,YHR098C,0,-0.22391826,0.09916318207979202,0.942345917224884,0.8617170453071594
YNL072W,YHL020C,0,-0.22396076,0.0991528108716011,0.942345917224884,0.8618170619010925
YPL081W,YGL097W,0,-0.2241057,0.09914243966341019,0.942345917224884,0.8619171380996704
YIL085C,YIL017C,0,-0.2242668,0.09913206845521927,0.942345917224884,0.8620172142982483
YOL016C,YML111W,0,-0.22437574,0.09912170469760895,0.942345917224884,0.8621172904968262
YBR236C,YOR303W,0,-0.2245782,0.09911134093999863,0.942345917224884,0.8622173070907593
YJL138C,YER073W,0,-0.22463472,0.0991009846329689,0.942345917224884,0.8623173832893372
YPL242C,YOL027C,0,-0.22497283,0.09909062087535858,0.942345917224884,0.862417459487915
YPR029C,YPR140W,0,-0.22499697,0.09908026456832886,0.942345917224884,0.8625175356864929
YNL037C,YGL131C,0,-0.22501077,0.09906991571187973,0.942345917224884,0.862617552280426
YOR005C,YJL020C,0,-0.22505851,0.09905955940485,0.942345917224884,0.8627176284790039
YDR432W,YGR098C,0,-0.2252203,0.09904921054840088,0.942345917224884,0.8628177046775818
YIL041W,YDR349C,0,-0.2253025,0.09903886169195175,0.942345917224884,0.8629177212715149
YAR014C,YJR161C,0,-0.22533153,0.09902852028608322,0.942345917224884,0.8630177974700928
YLR051C,YML065W,0,-0.22537579,0.0990181714296341,0.942345917224884,0.8631178736686707
YIL162W,YGL065C,0,-0.22573727,0.09900783002376556,0.942345917224884,0.8632179498672485
YCR071C,YPL249C-A,0,-0.22573952,0.09899749606847763,0.942345917224884,0.8633179664611816
YNL083W,YDR331W,0,-0.22622676,0.0989871546626091,0.942345917224884,0.8634180426597595
YDL005C,YDR180W,0,-0.22634663,0.09897682070732117,0.942345917224884,0.8635181188583374
YDL147W,YGL097W,0,-0.22648995,0.09896648675203323,0.942345917224884,0.8636181950569153
YFL062W,YPR094W,0,-0.22685514,0.0989561602473259,0.942345917224884,0.8637182116508484
YIL073C,YBL101C,0,-0.22690569,0.09894583374261856,0.942345917224884,0.8638182878494263
YKL157W,YGR067C,0,-0.22691284,0.09893550723791122,0.942345917224884,0.8639183640480042
YAL055W,YIL010W,0,-0.22715056,0.09892518073320389,0.942345917224884,0.864018440246582
YHR187W,YKL046C,0,-0.2274368,0.09891486167907715,0.942345917224884,0.8641184568405151
YNL154C,YPR058W,0,-0.22757518,0.09890453517436981,0.942345917224884,0.864218533039093
YFR042W,YMR052W,0,-0.22759415,0.09889422357082367,0.942345917224884,0.8643186092376709
YDR221W,YGR247W,0,-0.227728,0.09888390451669693,0.942345917224884,0.864418625831604
YHR191C,YGR183C,0,-0.22787711,0.09887359291315079,0.942345917224884,0.8645187020301819
YDL005C,YKL008C,0,-0.22853176,0.09886328130960464,0.942345917224884,0.8646187782287598
YDR194C,YPL079W,0,-0.22853486,0.0988529697060585,0.942345917224884,0.8647188544273376
YLR431C,YDL165W,0,-0.22870676,0.09884266555309296,0.942345917224884,0.8648188710212708
YCR102C,YMR104C,0,-0.22871563,0.09883236140012741,0.942345917224884,0.8649189472198486
YIL121W,YPL037C,0,-0.22873943,0.09882205724716187,0.942345917224884,0.8650190234184265
YKR013W,YBR127C,0,-0.22877078,0.09881176054477692,0.942345917224884,0.8651190996170044
YIR003W,YLR081W,0,-0.22879438,0.09880145639181137,0.942345917224884,0.8652191162109375
YMR119W,YFR009W,0,-0.22887918,0.09879115968942642,0.942345917224884,0.8653191924095154
YJL115W,YGL097W,0,-0.22890295,0.09878087043762207,0.942345917224884,0.8654192686080933
YGL134W,YGL179C,0,-0.22891526,0.09877057373523712,0.942345917224884,0.8655192852020264
YMR058W,YML075C,0,-0.22902122,0.09876028448343277,0.942345917224884,0.8656193614006042
YJL207C,YKR029C,0,-0.22917157,0.09875000268220901,0.942345917224884,0.8657194375991821
YDR073W,YPR079W,0,-0.22921528,0.09873971343040466,0.942345917224884,0.86581951379776
YGL130W,YLR178C,0,-0.22924425,0.09872943162918091,0.942345917224884,0.8659195303916931
YNL305C,YEL042W,0,-0.22927983,0.09871914982795715,0.942345917224884,0.866019606590271
YDR020C,YDL161W,0,-0.22949298,0.0987088680267334,0.942345917224884,0.8661196827888489
YOR362C,YMR113W,0,-0.22952758,0.09869859367609024,0.942345917224884,0.8662197589874268
YHR043C,YGR132C,0,-0.22960608,0.09868831932544708,0.942345917224884,0.8663197755813599
YML118W,YPL083C,1,-0.2296999,0.09878213703632355,0.9433399438858032,0.8663197755813599
YIL127C,YMR116C,0,-0.2297555,0.09877185523509979,0.9433399438858032,0.8664198517799377
YDR097C,YGL065C,0,-0.22995825,0.09876158088445663,0.9433399438858032,0.8665199279785156
YOR141C,YER157W,0,-0.22998166,0.09875129908323288,0.9433399438858032,0.8666199445724487
YNL021W,YLL032C,0,-0.22998624,0.09874102473258972,0.9433399438858032,0.8667200207710266
YLR135W,YDR386W,1,-0.23007138,0.09883479028940201,0.9443339705467224,0.8667200207710266
YNR054C,YDL014W,0,-0.23017444,0.09882450848817825,0.9443339705467224,0.8668200969696045
YIR013C,YKL012W,0,-0.23029812,0.0988142266869545,0.9443339705467224,0.8669201731681824
YHR123W,YJR044C,0,-0.23036814,0.09880395233631134,0.9443339705467224,0.8670201897621155
YLL052C,YLR178C,0,-0.23042251,0.09879367798566818,0.9443339705467224,0.8671202659606934
YEL011W,YMR113W,0,-0.23053007,0.09878340363502502,0.9443339705467224,0.8672203421592712
YLR376C,YBR298C,0,-0.23057865,0.09877313673496246,0.9443339705467224,0.8673204183578491
YMR280C,YOL041C,0,-0.23069115,0.0987628623843193,0.9443339705467224,0.8674204349517822
YOR202W,YBR088C,0,-0.23074149,0.09875259548425674,0.9443339705467224,0.8675205111503601
YOR307C,YMR106C,0,-0.23078875,0.09874233603477478,0.9443339705467224,0.867620587348938
YMR283C,YHR121W,0,-0.23118144,0.09873206913471222,0.9443339705467224,0.8677206039428711
YML029W,YGR240C,0,-0.23132929,0.09872180968523026,0.9443339705467224,0.867820680141449
YDL153C,YMR029C,0,-0.23140773,0.09871155768632889,0.9443339705467224,0.8679207563400269
YDR506C,YFL053W,0,-0.2314158,0.09870129823684692,0.9443339705467224,0.8680208325386047
YKR045C,YOR100C,0,-0.23147525,0.09869104623794556,0.9443339705467224,0.8681208491325378
YLR262C,YGR109C,0,-0.23150694,0.09868079423904419,0.9443339705467224,0.8682209253311157
YBR135W,YDL222C,0,-0.23159662,0.09867054224014282,0.9443339705467224,0.8683210015296936
YGR257C,YER069W,0,-0.23163845,0.09866029769182205,0.9443339705467224,0.8684210777282715
YIL091C,YDR097C,0,-0.2316408,0.09865005314350128,0.9443339705467224,0.8685210943222046
YMR323W,YNR039C,0,-0.23184466,0.09863980859518051,0.9443339705467224,0.8686211705207825
YBL099W,YLR022C,0,-0.23201646,0.09862957149744034,0.9443339705467224,0.8687212467193604
YOR149C,YIL162W,0,-0.23208992,0.09861932694911957,0.9443339705467224,0.8688212633132935
YJR002W,YMR029C,0,-0.23225346,0.0986090898513794,0.9443339705467224,0.8689213395118713
YGR227W,YCR033W,0,-0.23238645,0.09859886020421982,0.9443339705467224,0.8690214157104492
YBR068C,YHL020C,0,-0.23291658,0.09858862310647964,0.9443339705467224,0.8691214919090271
YCL033C,YHR045W,0,-0.23292357,0.09857839345932007,0.9443339705467224,0.8692215085029602
YDL178W,YKL160W,0,-0.2330247,0.09856817126274109,0.9443339705467224,0.8693215847015381
YBR056W,YPR185W,0,-0.23302874,0.09855794161558151,0.9443339705467224,0.869421660900116
YLR332W,YOR231W,0,-0.23310648,0.09854771941900253,0.9443339705467224,0.8695217370986938
YEL063C,YMR083W,0,-0.23311052,0.09853749722242355,0.9443339705467224,0.869621753692627
YER016W,YPL118W,0,-0.2332251,0.09852727502584457,0.9443339705467224,0.8697218298912048
YPR183W,YNL220W,0,-0.23329838,0.09851706027984619,0.9443339705467224,0.8698219060897827
YBL099W,YFR004W,0,-0.23336944,0.09850684553384781,0.9443339705467224,0.8699219822883606
YLR421C,YGR261C,0,-0.23341659,0.09849663078784943,0.9443339705467224,0.8700219988822937
YHR094C,YLR155C,0,-0.2335539,0.09848641604185104,0.9443339705467224,0.8701220750808716
YFL052W,YLR398C,0,-0.23359664,0.09847620874643326,0.9443339705467224,0.8702221512794495
YKR092C,YGL257C,0,-0.2336007,0.09846600145101547,0.9443339705467224,0.8703221678733826
YMR030W,YDR382W,0,-0.23364954,0.09845580160617828,0.9443339705467224,0.8704222440719604
YLR116W,YOR030W,0,-0.23395376,0.0984455943107605,0.9443339705467224,0.8705223202705383
YOL119C,YIL040W,0,-0.23396008,0.09843539446592331,0.9443339705467224,0.8706223964691162
YJL207C,YPR009W,0,-0.233986,0.09842519462108612,0.9443339705467224,0.8707224130630493
YKL213C,YKR098C,0,-0.23415314,0.09841500222682953,0.9443339705467224,0.8708224892616272
YDL004W,YBR236C,0,-0.23431478,0.09840480983257294,0.9443339705467224,0.8709225654602051
YOL049W,YLR453C,0,-0.23452018,0.09839461743831635,0.9443339705467224,0.871022641658783
YCR067C,YOL119C,0,-0.23471513,0.09838442504405975,0.9443339705467224,0.8711226582527161
YBR203W,YDR214W,0,-0.23478372,0.09837423264980316,0.9443339705467224,0.871222734451294
YKL071W,YOR130C,0,-0.23478585,0.09836404770612717,0.9443339705467224,0.8713228106498718
YBR018C,YBL002W,0,-0.2350338,0.09835387021303177,0.9443339705467224,0.8714228272438049
YOR128C,YMR216C,0,-0.23505916,0.09834368526935577,0.9443339705467224,0.8715229034423828
YGR152C,YKR003W,0,-0.2352379,0.09833350777626038,0.9443339705467224,0.8716229796409607
YML131W,YDR382W,0,-0.23527645,0.09832333028316498,0.9443339705467224,0.8717230558395386
YBR253W,YMR271C,0,-0.23534459,0.09831315279006958,0.9443339705467224,0.8718230724334717
YDR349C,YJL047C,0,-0.23536314,0.09830298274755478,0.9443339705467224,0.8719231486320496
YNL154C,YPR025C,0,-0.2355314,0.09829281270503998,0.9443339705467224,0.8720232248306274
YDR182W,YCL040W,0,-0.23566687,0.09828264266252518,0.9443339705467224,0.8721233010292053
YMR251W-A,YJL036W,0,-0.23584381,0.09827247262001038,0.9443339705467224,0.8722233176231384
YMR189W,YMR083W,0,-0.23590256,0.09826231002807617,0.9443339705467224,0.8723233938217163
YNL232W,YLR430W,1,-0.23590772,0.09835556894540787,0.9453280568122864,0.8723233938217163
YKR013W,YBR302C,0,-0.23612918,0.09834539890289307,0.9453280568122864,0.8724234700202942
YNL072W,YDR113C,0,-0.23623358,0.09833522886037827,0.9453280568122864,0.8725234866142273
YMR283C,YIL157C,0,-0.23634948,0.09832505881786346,0.9453280568122864,0.8726235628128052
YJL104W,YLR355C,0,-0.23648219,0.09831489622592926,0.9453280568122864,0.8727236390113831
YIR035C,YGL133W,0,-0.23654972,0.09830473363399506,0.9453280568122864,0.8728237152099609
YML022W,YLR449W,0,-0.23679961,0.09829457104206085,0.9453280568122864,0.872923731803894
YGR278W,YDR302W,0,-0.23691477,0.09828441590070724,0.9453280568122864,0.8730238080024719
YOR056C,YBR236C,0,-0.23702125,0.09827426075935364,0.9453280568122864,0.8731238842010498
YOL008W,YOL148C,0,-0.23712172,0.09826410561800003,0.9453280568122864,0.8732239603996277
YLL010C,YIL017C,0,-0.23716109,0.09825395047664642,0.9453280568122864,0.8733239769935608
YBR228W,YLR430W,1,-0.23724043,0.09834710508584976,0.9463220834732056,0.8733239769935608
YOR196C,YLR022C,0,-0.23757334,0.09833694994449615,0.9463220834732056,0.8734240531921387
YGR098C,YGR065C,0,-0.23759373,0.09832679480314255,0.9463220834732056,0.8735241293907166
YDL042C,YBR008C,0,-0.23771729,0.09831663966178894,0.9463220834732056,0.8736241459846497
YAR008W,YDL156W,0,-0.23774052,0.09830648452043533,0.9463220834732056,0.8737242221832275
YKL208W,YCL010C,0,-0.23783304,0.09829633682966232,0.9463220834732056,0.8738242983818054
YAL055W,YMR244C-A,0,-0.23796985,0.09828618913888931,0.9463220834732056,0.8739243745803833
YHR079C-A,YPR101W,0,-0.23801701,0.0982760414481163,0.9463220834732056,0.8740243911743164
YMR266W,YLR110C,0,-0.23821586,0.09826589375734329,0.9463220834732056,0.8741244673728943
YDR186C,YMR271C,0,-0.23842195,0.09825575351715088,0.9463220834732056,0.8742245435714722
YLR064W,YPL057C,0,-0.23844998,0.09824561327695847,0.9463220834732056,0.87432461977005
YMR287C,YLR312W-A,1,-0.23857166,0.09833866357803345,0.9473161101341248,0.87432461977005
YJR043C,YMR239C,1,-0.238638,0.09843169897794724,0.948310136795044,0.87432461977005
YGR198W,YDR051C,0,-0.2386788,0.09842154383659363,0.948310136795044,0.8744246363639832
YDR432W,YDR194C,0,-0.2387491,0.09841138869524002,0.948310136795044,0.874524712562561
YDR432W,YHR166C,0,-0.23880105,0.09840124100446701,0.948310136795044,0.8746247887611389
YDL181W,YLR064W,0,-0.23881672,0.0983910858631134,0.948310136795044,0.874724805355072
YGL020C,YDL213C,0,-0.23933113,0.09838094562292099,0.948310136795044,0.8748248815536499
YPL232W,YGL150C,0,-0.23947404,0.09837079793214798,0.948310136795044,0.8749249577522278
YPL242C,YPL190C,0,-0.2395396,0.09836065769195557,0.948310136795044,0.8750250339508057
YNL082W,YJL111W,0,-0.23958491,0.09835051745176315,0.948310136795044,0.8751250505447388
YMR030W,YNL106C,0,-0.23978344,0.09834037721157074,0.948310136795044,0.8752251267433167
YMR014W,YJR007W,0,-0.2398411,0.09833024442195892,0.948310136795044,0.8753252029418945
YOR094W,YGL187C,0,-0.23985107,0.09832010418176651,0.948310136795044,0.8754252791404724
YNL241C,YDL165W,0,-0.23997577,0.09830997884273529,0.948310136795044,0.8755252957344055
YFL009W,YML014W,0,-0.24013804,0.09829984605312347,0.948310136795044,0.8756253719329834
YGR203W,YMR189W,0,-0.24024588,0.09828972071409225,0.948310136795044,0.8757254481315613
YIL017C,YIL129C,0,-0.24025497,0.09827959537506104,0.948310136795044,0.8758255243301392
YDL226C,YAL055W,0,-0.24027981,0.09826947003602982,0.948310136795044,0.8759255409240723
YER026C,YNL097C,0,-0.24030067,0.0982593446969986,0.948310136795044,0.8760256171226501
YOR202W,YDL165W,0,-0.24042498,0.09824922680854797,0.948310136795044,0.876125693321228
YOL091W,YDR119W,0,-0.24048777,0.09823910892009735,0.948310136795044,0.8762257099151611
YJL210W,YHR084W,0,-0.2407149,0.09822899848222733,0.948310136795044,0.876325786113739
YBR103W,YBR110W,0,-0.24078128,0.0982188805937767,0.948310136795044,0.8764258623123169
YML118W,YNL134C,0,-0.24089058,0.09820877015590668,0.948310136795044,0.8765259385108948
YBL018C,YIL082W-A,1,-0.24092917,0.09830159693956375,0.9493041634559631,0.8765259385108948
YDL079C,YLR089C,0,-0.24102409,0.09829147905111313,0.9493041634559631,0.8766259551048279
YCR042C,YIL110W,0,-0.2410572,0.0982813611626625,0.9493041634559631,0.8767260313034058
YBR210W,YMR068W,0,-0.24116878,0.09827125072479248,0.9493041634559631,0.8768261075019836
YLR410W,YLR405W,0,-0.24138016,0.09826114028692245,0.9493041634559631,0.8769261837005615
YLR342W,YNL241C,0,-0.24139656,0.09825102984905243,0.9493041634559631,0.8770262002944946
YGR247W,YHR091C,0,-0.2414829,0.0982409194111824,0.9493041634559631,0.8771262764930725
YIR034C,YLR178C,0,-0.24169056,0.09823081642389297,0.9493041634559631,0.8772263526916504
YKL146W,YIL129C,0,-0.24170606,0.09822071343660355,0.9493041634559631,0.8773263692855835
YGR148C,YFR004W,0,-0.24176702,0.09821061044931412,0.9493041634559631,0.8774264454841614
YNL124W,YDL236W,0,-0.2421232,0.09820051491260529,0.9493041634559631,0.8775265216827393
YHR115C,YLR084C,0,-0.24226181,0.09819041937589645,0.9493041634559631,0.8776265978813171
YDL178W,YHR062C,0,-0.2422801,0.09818032383918762,0.9493041634559631,0.8777266144752502
YBR039W,YER169W,0,-0.24239554,0.09817022830247879,0.9493041634559631,0.8778266906738281
YGR257C,YDL044C,0,-0.24240245,0.09816014021635056,0.9493041634559631,0.877926766872406
YIL110W,YIL129C,0,-0.24241245,0.09815005213022232,0.9493041634559631,0.8780268430709839
YPL045W,YDR477W,0,-0.24250807,0.09813996404409409,0.9493041634559631,0.878126859664917
YDR043C,YDR540C,0,-0.24257942,0.09812988340854645,0.9493041634559631,0.8782269358634949
YBL036C,YHR123W,0,-0.24265999,0.09811979532241821,0.9493041634559631,0.8783270120620728
YDL213C,YDL058W,0,-0.24269594,0.09810972213745117,0.9493041634559631,0.8784270286560059
YOL097C,YGL245W,0,-0.24273945,0.09809964150190353,0.9493041634559631,0.8785271048545837
YKL071W,YJR129C,0,-0.24297701,0.0980895608663559,0.9493041634559631,0.8786271810531616
YCL010C,YPL192C,0,-0.24315614,0.09807948768138885,0.9493041634559631,0.8787272572517395
YPL232W,YOR255W,0,-0.24338213,0.09806942194700241,0.9493041634559631,0.8788272738456726
YBR228W,YBL099W,0,-0.24343245,0.09805934876203537,0.9493041634559631,0.8789273500442505
YGR186W,YNL327W,0,-0.24350469,0.09804928302764893,0.9493041634559631,0.8790274262428284
YOL097C,YLR135W,0,-0.24366327,0.09803921729326248,0.9493041634559631,0.8791275024414062
YKL071W,YPR058W,0,-0.24378206,0.09802915155887604,0.9493041634559631,0.8792275190353394
YOR328W,YFR044C,0,-0.24379596,0.09801909327507019,0.9493041634559631,0.8793275952339172
YBR136W,YDR477W,0,-0.24380407,0.09800902754068375,0.9493041634559631,0.8794276714324951
YIR021W,YDR506C,0,-0.24384445,0.0979989767074585,0.9493041634559631,0.8795276880264282
YGL156W,YHR200W,0,-0.2438929,0.09798891842365265,0.9493041634559631,0.8796277642250061
YNR036C,YLL032C,0,-0.24421914,0.0979788675904274,0.9493041634559631,0.879727840423584
YER146W,YOL039W,0,-0.2442366,0.09796881675720215,0.9493041634559631,0.8798279166221619
YOL146W,YMR067C,0,-0.24433042,0.0979587659239769,0.9493041634559631,0.879927933216095
YKL188C,YPR056W,0,-0.24441272,0.09794871509075165,0.9493041634559631,0.8800280094146729
YER011W,YBR221C,0,-0.2445351,0.097938671708107,0.9493041634559631,0.8801280856132507
YOL088C,YJL036W,0,-0.24463098,0.09792862832546234,0.9493041634559631,0.8802281618118286
YBL066C,YPR052C,0,-0.24472563,0.09791859239339828,0.9493041634559631,0.8803281784057617
YGL245W,YIL114C,0,-0.24472721,0.09790854901075363,0.9493041634559631,0.8804282546043396
YMR052W,YKR029C,0,-0.2449159,0.09789851307868958,0.9493041634559631,0.8805283308029175
YKL065C,YHR176W,0,-0.24493486,0.09788847714662552,0.9493041634559631,0.8806283473968506
YBR235W,YGL099W,0,-0.24540006,0.09787844866514206,0.9493041634559631,0.8807284235954285
YOR144C,YBR079C,0,-0.24542482,0.097868412733078,0.9493041634559631,0.8808284997940063
YJL014W,YAL009W,0,-0.24563561,0.09785838425159454,0.9493041634559631,0.8809285759925842
YLR077W,YGR041W,0,-0.24567114,0.09784836322069168,0.9493041634559631,0.8810285925865173
YKL188C,YLR155C,0,-0.24584417,0.09783833473920822,0.9493041634559631,0.8811286687850952
YNL072W,YIL110W,0,-0.24590062,0.09782831370830536,0.9493041634559631,0.8812287449836731
YFL008W,YKR029C,0,-0.24599269,0.0978182926774025,0.9493041634559631,0.881328821182251
YDR339C,YDL191W,0,-0.24619313,0.09780827164649963,0.9493041634559631,0.8814288377761841
YLR069C,YGR231C,0,-0.24667142,0.09779825806617737,0.9493041634559631,0.881528913974762
YOL006C,YJL036W,0,-0.24668904,0.0977882444858551,0.9493041634559631,0.8816289901733398
YML066C,YNL058C,0,-0.24674283,0.09777823090553284,0.9493041634559631,0.8817290663719177
YKL176C,YNL229C,0,-0.24675828,0.09776822477579117,0.9493041634559631,0.8818290829658508
YDL020C,YKL065C,0,-0.24677756,0.0977582111954689,0.9493041634559631,0.8819291591644287
YEL034W,YDL191W,0,-0.24692778,0.09774821251630783,0.9493041634559631,0.8820292353630066
YKR013W,YOR118W,0,-0.24693574,0.09773820638656616,0.9493041634559631,0.8821292519569397
YFL022C,YPL265W,0,-0.2470284,0.0977282002568245,0.9493041634559631,0.8822293281555176
YNL005C,YGL257C,0,-0.2471182,0.09771820157766342,0.9493041634559631,0.8823294043540955
YER183C,YGR013W,0,-0.24716689,0.09770820289850235,0.9493041634559631,0.8824294805526733
YGR038W,YDR155C,0,-0.24732427,0.09769821166992188,0.9493041634559631,0.8825294971466064
YLR136C,YDR331W,0,-0.24739483,0.0976882129907608,0.9493041634559631,0.8826295733451843
YJR043C,YJL092W,0,-0.24741824,0.09767822176218033,0.9493041634559631,0.8827296495437622
YML078W,YHR200W,0,-0.24753556,0.09766823798418045,0.9493041634559631,0.8828297257423401
YGL234W,YPL275W,0,-0.24757981,0.09765824675559998,0.9493041634559631,0.8829297423362732
YKL213C,YFR004W,0,-0.24780707,0.0976482629776001,0.9493041634559631,0.8830298185348511
YBR228W,YKR046C,0,-0.24788395,0.09763827919960022,0.9493041634559631,0.883129894733429
YCL019W,YCR088W,0,-0.2480294,0.09762829542160034,0.9493041634559631,0.8832299113273621
YCR071C,YKR065C,0,-0.24804081,0.09761831909418106,0.9493041634559631,0.8833299875259399
YJL099W,YIL010W,0,-0.24811412,0.09760834276676178,0.9493041634559631,0.8834300637245178
YGR059W,YPR140W,0,-0.24813966,0.0975983664393425,0.9493041634559631,0.8835301399230957
YOR128C,YNL252C,0,-0.24814114,0.09758839011192322,0.9493041634559631,0.8836301565170288
YBL102W,YMR231W,0,-0.24830465,0.09757842123508453,0.9493041634559631,0.8837302327156067
YAL055W,YGR249W,0,-0.24847405,0.09756845235824585,0.9493041634559631,0.8838303089141846
YCL019W,YML118W,1,-0.24849491,0.09766063839197159,0.9502981901168823,0.8838303089141846
YLR332W,YOR130C,0,-0.24850146,0.09765066206455231,0.9502981901168823,0.8839303851127625
YDL159W,YPL003W,0,-0.24852182,0.09764069318771362,0.9502981901168823,0.8840304017066956
YLR128W,YOR339C,0,-0.2486599,0.09763071686029434,0.9502981901168823,0.8841304779052734
YLR310C,YDL222C,0,-0.24873604,0.09762074798345566,0.9502981901168823,0.8842305541038513
YOR141C,YBR104W,0,-0.24883018,0.09761077910661697,0.9502981901168823,0.8843305706977844
YLR226W,YNL241C,0,-0.24891509,0.09760081768035889,0.9502981901168823,0.8844306468963623
YGR038W,YDR085C,0,-0.24900615,0.0975908562541008,0.9502981901168823,0.8845307230949402
YOL110W,YOR284W,0,-0.24905515,0.09758089482784271,0.9502981901168823,0.8846307992935181
YIL117C,YER124C,0,-0.24932036,0.09757093340158463,0.9502981901168823,0.8847308158874512
YDL178W,YMR271C,0,-0.24945907,0.09756097197532654,0.9502981901168823,0.884830892086029
YPL217C,YCR066W,0,-0.24951498,0.09755101799964905,0.9502981901168823,0.8849309682846069
YMR224C,YGL173C,1,-0.2495959,0.09764309972524643,0.9512922167778015,0.8849309682846069
YNL053W,YPR056W,0,-0.24972408,0.09763313829898834,0.9512922167778015,0.8850310444831848
YMR134W,YOR122C,0,-0.24992423,0.09762317687273026,0.9512922167778015,0.8851310610771179
YDR202C,YOR367W,0,-0.24998562,0.09761321544647217,0.9512922167778015,0.8852311372756958
YDR153C,YER094C,0,-0.25016454,0.09760326147079468,0.9512922167778015,0.8853312134742737
YDL025C,YPR025C,0,-0.25032452,0.09759330749511719,0.9512922167778015,0.8854312300682068
YNL254C,YOL044W,0,-0.25061053,0.0975833609700203,0.9512922167778015,0.8855313062667847
YML078W,YML121W,0,-0.25061303,0.0975734069943428,0.9512922167778015,0.8856313824653625
YBL016W,YDR147W,0,-0.25084323,0.09756346046924591,0.9512922167778015,0.8857314586639404
YHR091C,YNL241C,0,-0.2509293,0.09755351394414902,0.9512922167778015,0.8858314752578735
YLR166C,YPR056W,0,-0.25099012,0.09754357486963272,0.9512922167778015,0.8859315514564514
YGR048W,YJL002C,0,-0.2511817,0.09753363579511642,0.9512922167778015,0.8860316276550293
YGL022W,YML022W,0,-0.25125226,0.09752369672060013,0.9512922167778015,0.8861317038536072
YPL242C,YHR026W,0,-0.25130698,0.09751375764608383,0.9512922167778015,0.8862317204475403
YPR061C,YKL157W,0,-0.25137278,0.09750381857156754,0.9512922167778015,0.8863317966461182
YKL146W,YPR004C,0,-0.25142565,0.09749388694763184,0.9512922167778015,0.886431872844696
YFR046C,YDR186C,0,-0.2514279,0.09748395532369614,0.9512922167778015,0.8865318894386292
YJR105W,YMR162C,0,-0.25148013,0.09747402369976044,0.9512922167778015,0.886631965637207
YPL211W,YGL175C,0,-0.25165874,0.09746409952640533,0.9512922167778015,0.8867320418357849
YPL003W,YKL211C,0,-0.25171798,0.09745417535305023,0.9512922167778015,0.8868321180343628
YNL275W,YHR050W,0,-0.25193384,0.09744425117969513,0.9512922167778015,0.8869321346282959
YHR104W,YCR024C-A,0,-0.25205067,0.09743433445692062,0.9512922167778015,0.8870322108268738
YOR231W,YGR091W,0,-0.25206697,0.09742441028356552,0.9512922167778015,0.8871322870254517
YOL089C,YLR453C,0,-0.25220078,0.09741449356079102,0.9512922167778015,0.8872323632240295
YKL055C,YLL054C,0,-0.25222203,0.09740457683801651,0.9512922167778015,0.8873323798179626
YEL046C,YPR065W,0,-0.25231507,0.0973946675658226,0.9512922167778015,0.8874324560165405
YOL115W,YDR331W,0,-0.25248864,0.09738475829362869,0.9512922167778015,0.8875325322151184
YHR123W,YMR277W,0,-0.25252438,0.09737484902143478,0.9512922167778015,0.8876326084136963
YOR361C,YDL156W,0,-0.25257325,0.09736493974924088,0.9512922167778015,0.8877326250076294
YMR293C,YLR340W,0,-0.2527175,0.09735503792762756,0.9512922167778015,0.8878327012062073
YIL157C,YLR136C,0,-0.2527201,0.09734513610601425,0.9512922167778015,0.8879327774047852
YER006W,YHR032W,0,-0.25297472,0.09733523428440094,0.9512922167778015,0.8880327939987183
YER039C,YBR199W,0,-0.25378767,0.09732533246278763,0.9512922167778015,0.8881328701972961
YML114C,YNL124W,0,-0.25394812,0.09731543809175491,0.9512922167778015,0.888232946395874
YCR048W,YMR067C,0,-0.2541686,0.0973055437207222,0.9512922167778015,0.8883330225944519
YML110C,YFL052W,0,-0.2542183,0.09729564934968948,0.9512922167778015,0.888433039188385
YGR152C,YPL162C,0,-0.2543692,0.09728575497865677,0.9512922167778015,0.8885331153869629
YLR240W,YCL030C,0,-0.25437033,0.09727586805820465,0.9512922167778015,0.8886331915855408
YDL185W,YMR285C,1,-0.25444806,0.09736762195825577,0.9522863030433655,0.8886331915855408
YLR135W,YCR035C,1,-0.2545704,0.0974593460559845,0.9532803297042847,0.8886331915855408
YNL177C,YLR110C,0,-0.25482178,0.09744944423437119,0.9532803297042847,0.8887332677841187
YEL055C,YPL128C,0,-0.25484678,0.09743954241275787,0.9532803297042847,0.8888332843780518
YER039C,YIL065C,0,-0.2552121,0.09742964804172516,0.9532803297042847,0.8889333605766296
YIL105C,YHR026W,0,-0.25533313,0.09741974622011185,0.9532803297042847,0.8890334367752075
YGL201C,YER026C,0,-0.25536567,0.09740985184907913,0.9532803297042847,0.8891334533691406
YOR284W,YKR024C,0,-0.25553182,0.09739995747804642,0.9532803297042847,0.8892335295677185
YFL052W,YIL122W,0,-0.25569165,0.0973900705575943,0.9532803297042847,0.8893336057662964
YDR408C,YKL216W,0,-0.25581235,0.09738017618656158,0.9532803297042847,0.8894336819648743
YJR129C,YNL047C,0,-0.2559347,0.09737028926610947,0.9532803297042847,0.8895336985588074
YFR004W,YDL044C,0,-0.25601524,0.09736040979623795,0.9532803297042847,0.8896337747573853
YHR191C,YLR133W,0,-0.25601798,0.09735052287578583,0.9532803297042847,0.8897338509559631
YGR257C,YBR057C,0,-0.25611892,0.0973406434059143,0.9532803297042847,0.889833927154541
YNR012W,YBR127C,0,-0.25611913,0.09733076393604279,0.9532803297042847,0.8899339437484741
YLR205C,YHR042W,0,-0.25615424,0.09732088446617126,0.9532803297042847,0.890034019947052
YMR121C,YGR163W,0,-0.25618565,0.09731101244688034,0.9532803297042847,0.8901340961456299
YNL003C,YPL187W,0,-0.2565191,0.09730113297700882,0.9532803297042847,0.890234112739563
YGL011C,YMR067C,0,-0.25680745,0.09729126840829849,0.9532803297042847,0.8903341889381409
YNL232W,YLR143W,1,-0.25688255,0.09738283604383469,0.9542743563652039,0.8903341889381409
YCR017C,YOL044W,0,-0.25698185,0.09737295657396317,0.9542743563652039,0.8904342651367188
YPL275W,YGL181W,0,-0.25701517,0.09736308455467224,0.9542743563652039,0.8905343413352966
YGR192C,YCR023C,0,-0.25709614,0.09735321253538132,0.9542743563652039,0.8906343579292297
YKR081C,YGL012W,0,-0.2572645,0.0973433405160904,0.9542743563652039,0.8907344341278076
YNL069C,YLR174W,0,-0.25736564,0.09733346849679947,0.9542743563652039,0.8908345103263855
YJL210W,YNL021W,0,-0.25754282,0.09732360392808914,0.9542743563652039,0.8909345865249634
YOR321W,YHR016C,0,-0.25760785,0.09731373190879822,0.9542743563652039,0.8910346031188965
YBR280C,YLL036C,0,-0.25769463,0.09730387479066849,0.9542743563652039,0.8911346793174744
YAL021C,YCL075W,1,-0.25784987,0.09739536046981812,0.955268383026123,0.8911346793174744
YOR307C,YLR022C,0,-0.25787115,0.09738548845052719,0.955268383026123,0.8912347555160522
YDL232W,YGR207C,0,-0.25792226,0.09737562388181686,0.955268383026123,0.8913347721099854
YML069W,YDL191W,0,-0.25802946,0.09736575186252594,0.955268383026123,0.8914348483085632
YAL014C,YFR004W,0,-0.258063,0.09735588729381561,0.955268383026123,0.8915349245071411
YLR144C,YNL336W,0,-0.25812563,0.09734603017568588,0.955268383026123,0.891635000705719
YDL212W,YNR056C,0,-0.25816298,0.09733617305755615,0.955268383026123,0.8917350172996521
YBR293W,YJL014W,0,-0.25824866,0.09732630848884583,0.955268383026123,0.89183509349823
YBR298C,YMR278W,0,-0.25843573,0.09731645882129669,0.955268383026123,0.8919351696968079
YOL146W,YDR163W,0,-0.25854498,0.09730660170316696,0.955268383026123,0.8920352458953857
YIL117C,YMR288W,0,-0.2586083,0.09729675203561783,0.955268383026123,0.8921352624893188
YDR258C,YLR117C,0,-0.25869,0.0972869023680687,0.955268383026123,0.8922353386878967
YOL044W,YOR375C,0,-0.2588037,0.09727705270051956,0.955268383026123,0.8923354148864746
YER157W,YIL010W,0,-0.25882983,0.09726720303297043,0.955268383026123,0.8924354314804077
YLR320W,YBR244W,0,-0.25886822,0.09725736081600189,0.955268383026123,0.8925355076789856
YCR069W,YIR008C,0,-0.25889444,0.09724751859903336,0.955268383026123,0.8926355838775635
YOL130W,YER166W,0,-0.25903097,0.09723768383264542,0.955268383026123,0.8927356600761414
YBR210W,YDR522C,0,-0.25909835,0.09722784161567688,0.955268383026123,0.8928356766700745
YDR020C,YNL256W,0,-0.2591793,0.09721800684928894,0.955268383026123,0.8929357528686523
YCR017C,YNL169C,0,-0.25942424,0.097208172082901,0.955268383026123,0.8930358290672302
YMR288W,YHR094C,0,-0.25948018,0.09719834476709366,0.955268383026123,0.8931359052658081
YHR026W,YMR083W,0,-0.25955024,0.09718851000070572,0.955268383026123,0.8932359218597412
YJL063C,YKR022C,0,-0.25966278,0.09717868268489838,0.955268383026123,0.8933359980583191
YOR196C,YNL116W,0,-0.25967863,0.09716885536909103,0.955268383026123,0.893436074256897
YDR084C,YER124C,0,-0.25972998,0.09715903550386429,0.955268383026123,0.8935361504554749
YBR070C,YCR043C,0,-0.25987998,0.09714920818805695,0.955268383026123,0.893636167049408
YOL094C,YAL047C,0,-0.2599169,0.0971393883228302,0.955268383026123,0.8937362432479858
YDL181W,YBR203W,0,-0.25992972,0.09712957590818405,0.955268383026123,0.8938363194465637
YML110C,YLR110C,0,-0.2600152,0.0971197560429573,0.955268383026123,0.8939363360404968
YBR077C,YDL010W,0,-0.26001698,0.09710994362831116,0.955268383026123,0.8940364122390747
YDR346C,YPL032C,0,-0.26002988,0.09710013121366501,0.955268383026123,0.8941364884376526
YNL197C,YBR244W,0,-0.26021597,0.09709031879901886,0.955268383026123,0.8942365646362305
YGL121C,YER021W,0,-0.26024643,0.09708051383495331,0.955268383026123,0.8943365812301636
YLR138W,YMR044W,0,-0.26025242,0.09707070887088776,0.955268383026123,0.8944366574287415
YDL168W,YDR363W,0,-0.26030552,0.0970609039068222,0.955268383026123,0.8945367336273193
YBL018C,YLR105C,1,-0.26046202,0.09715209156274796,0.9562624096870422,0.8945367336273193
YBR239C,YIL110W,0,-0.2605301,0.0971422791481018,0.9562624096870422,0.8946368098258972
YDR322C-A,YGR183C,0,-0.26074517,0.09713247418403625,0.9562624096870422,0.8947368264198303
YNL097C,YFL002C,0,-0.26095235,0.0971226617693901,0.9562624096870422,0.8948369026184082
YBR290W,YPR094W,0,-0.26119253,0.09711286425590515,0.9562624096870422,0.8949369788169861
YPR104C,YKL120W,0,-0.26129162,0.0971030592918396,0.9562624096870422,0.8950369954109192
YMR104C,YLR069C,0,-0.26169857,0.09709325432777405,0.9562624096870422,0.8951370716094971
YGR249W,YBR135W,0,-0.26224533,0.09708345681428909,0.9562624096870422,0.895237147808075
YDR206W,YOR295W,0,-0.262251,0.09707365930080414,0.9562624096870422,0.8953372240066528
YMR079W,YDL239C,0,-0.26236996,0.09706386923789978,0.9562624096870422,0.8954372406005859
YKL008C,YHR016C,0,-0.26252845,0.09705407917499542,0.9562624096870422,0.8955373167991638
YLL042C,YPR004C,0,-0.2625377,0.09704428166151047,0.9562624096870422,0.8956373929977417
YNR036C,YBR139W,0,-0.26261818,0.0970344990491867,0.9562624096870422,0.8957374691963196
YNL064C,YNL186W,0,-0.26266772,0.09702470898628235,0.9562624096870422,0.8958374857902527
YLR174W,YPR165W,0,-0.26274335,0.09701492637395859,0.9562624096870422,0.8959375619888306
YOR208W,YDL004W,0,-0.26292822,0.09700514376163483,0.9562624096870422,0.8960376381874084
YMR288W,YBL105C,0,-0.26304898,0.09699536114931107,0.9562624096870422,0.8961376547813416
YBL102W,YCR071C,0,-0.2630692,0.0969855859875679,0.9562624096870422,0.8962377309799194
YNR073C,YLR155C,0,-0.26313266,0.09697580337524414,0.9562624096870422,0.8963378071784973
YGR287C,YNL106C,0,-0.26313645,0.09696602821350098,0.9562624096870422,0.8964378833770752
YNR023W,YEL046C,0,-0.26358712,0.09695626050233841,0.9562624096870422,0.8965378999710083
YLR084C,YHR065C,0,-0.26365516,0.09694648534059525,0.9562624096870422,0.8966379761695862
YBR019C,YGR098C,0,-0.26370558,0.09693671762943268,0.9562624096870422,0.8967380523681641
YKL071W,YCL030C,0,-0.26377225,0.09692694991827011,0.9562624096870422,0.8968381285667419
YOR210W,YPL162C,0,-0.26396075,0.09691718965768814,0.9562624096870422,0.896938145160675
YJL091C,YHR050W,0,-0.26415795,0.09690742194652557,0.9562624096870422,0.8970382213592529
YOR208W,YJR091C,0,-0.26438865,0.0968976616859436,0.9562624096870422,0.8971382975578308
YHR104W,YMR323W,0,-0.26482058,0.09688790142536163,0.9562624096870422,0.8972383141517639
YLR340W,YNL021W,0,-0.26489943,0.09687814861536026,0.9562624096870422,0.8973383903503418
YGR090W,YMR190C,0,-0.26510465,0.09686838835477829,0.9562624096870422,0.8974384665489197
YPL227C,YOL058W,0,-0.26557034,0.09685863554477692,0.9562624096870422,0.8975385427474976
YEL077C,YNL047C,0,-0.26587352,0.09684889018535614,0.9562624096870422,0.8976385593414307
YIR022W,YDL064W,0,-0.26598072,0.09683913737535477,0.9562624096870422,0.8977386355400085
YEL011W,YOR336W,0,-0.26598758,0.09682939201593399,0.9562624096870422,0.8978387117385864
YMR189W,YMR058W,0,-0.266209,0.09681964665651321,0.9562624096870422,0.8979387879371643
YOR033C,YKR086W,0,-0.2665187,0.09680990129709244,0.9562624096870422,0.8980388045310974
YPR104C,YDL236W,0,-0.26667154,0.09680016338825226,0.9562624096870422,0.8981388807296753
YGL250W,YNL321W,0,-0.26672754,0.09679041802883148,0.9562624096870422,0.8982389569282532
YPR082C,YIL097W,0,-0.26674372,0.0967806875705719,0.9562624096870422,0.898339033126831
YNL082W,YNL197C,0,-0.26733693,0.09677094966173172,0.9562624096870422,0.8984390497207642
YBR298C,YPR164W,0,-0.26751953,0.09676121175289154,0.9562624096870422,0.898539125919342
YCR067C,YOL027C,0,-0.26758695,0.09675148129463196,0.9562624096870422,0.8986392021179199
YBL018C,YJR063W,1,-0.26770478,0.09684231877326965,0.9572564363479614,0.8986392021179199
YBR228W,YJL036W,0,-0.26821107,0.09683258086442947,0.9572564363479614,0.898739218711853
YNL134C,YIR008C,0,-0.26830107,0.0968228429555893,0.9572564363479614,0.8988392949104309
YBR126C,YIR022W,0,-0.268416,0.09681311249732971,0.9572564363479614,0.8989393711090088
YER003C,YDL150W,0,-0.2684304,0.09680337458848953,0.9572564363479614,0.8990394473075867
YOR128C,YOR245C,0,-0.26847568,0.09679364413022995,0.9572564363479614,0.8991394639015198
YKL018W,YGL054C,0,-0.2686489,0.09678392112255096,0.9572564363479614,0.8992395401000977
YJR043C,YER041W,1,-0.26870131,0.09687468409538269,0.9582505226135254,0.8992395401000977
YIL121W,YLR226W,0,-0.2689757,0.09686495363712311,0.9582505226135254,0.8993396162986755
YDL156W,YDL236W,0,-0.2691799,0.09685522317886353,0.9582505226135254,0.8994396924972534
YGL001C,YNL305C,0,-0.2692345,0.09684549272060394,0.9582505226135254,0.8995397090911865
YNL264C,YJL137C,0,-0.26937926,0.09683576226234436,0.9582505226135254,0.8996397852897644
YOR083W,YPL270W,0,-0.26950136,0.09682603180408478,0.9582505226135254,0.8997398614883423
YGL125W,YDR307W,0,-0.26963285,0.09681630879640579,0.9582505226135254,0.8998398780822754
YCL010C,YDR489W,0,-0.26969582,0.0968065857887268,0.9582505226135254,0.8999399542808533
YJL210W,YNL241C,0,-0.26972115,0.09679687023162842,0.9582505226135254,0.9000400304794312
YGL250W,YOR173W,0,-0.26975346,0.09678714722394943,0.9582505226135254,0.900140106678009
YBR210W,YBR167C,0,-0.26988176,0.09677743166685104,0.9582505226135254,0.9002401232719421
YIR034C,YAR008W,0,-0.2701583,0.09676771610975266,0.9582505226135254,0.90034019947052
YDR156W,YBL009W,0,-0.27037883,0.09675800800323486,0.9582505226135254,0.9004402756690979
YCR017C,YKR042W,0,-0.27040064,0.09674829244613647,0.9582505226135254,0.9005403518676758
YGR198W,YGL179C,0,-0.27042577,0.09673858433961868,0.9582505226135254,0.9006403684616089
YGL001C,YPR018W,0,-0.27110407,0.09672887623310089,0.9582505226135254,0.9007404446601868
YHR062C,YBR104W,0,-0.271114,0.0967191755771637,0.9582505226135254,0.9008405208587646
YDL103C,YJL050W,0,-0.27113232,0.0967094674706459,0.9582505226135254,0.9009405374526978
YOL115W,YBR044C,0,-0.2716225,0.09669976681470871,0.9582505226135254,0.9010406136512756
YBR133C,YNL241C,0,-0.2717195,0.09669007360935211,0.9582505226135254,0.9011406898498535
YMR199W,YOR197W,0,-0.27174583,0.09668037295341492,0.9582505226135254,0.9012407660484314
YHL033C,YMR058W,0,-0.2718274,0.09667067974805832,0.9582505226135254,0.9013407826423645
YOL058W,YKR046C,0,-0.27236274,0.09666098654270172,0.9582505226135254,0.9014408588409424
YER058W,YKR025W,0,-0.27236927,0.09665129333734512,0.9582505226135254,0.9015409350395203
YKL120W,YMR083W,0,-0.2723719,0.09664160758256912,0.9582505226135254,0.9016410112380981
YDR349C,YGL012W,0,-0.27240044,0.09663191437721252,0.9582505226135254,0.9017410278320312
YGR028W,YOR344C,0,-0.27277437,0.09662222862243652,0.9582505226135254,0.9018411040306091
YBR235W,YAR003W,0,-0.27290595,0.09661255031824112,0.9582505226135254,0.901941180229187
YDL155W,YDR037W,0,-0.27311507,0.09660286456346512,0.9582505226135254,0.9020411968231201
YPR104C,YCR033W,0,-0.27323806,0.09659318625926971,0.9582505226135254,0.902141273021698
YGR048W,YGL166W,0,-0.27345553,0.09658350795507431,0.9582505226135254,0.9022413492202759
YIR021W,YGR098C,0,-0.27366957,0.0965738296508789,0.9582505226135254,0.9023414254188538
YJR067C,YFL003C,0,-0.27404964,0.0965641587972641,0.9582505226135254,0.9024414420127869
YPR066W,YJR161C,0,-0.27409634,0.09655448794364929,0.9582505226135254,0.9025415182113647
YLR307W,YGR163W,0,-0.2742958,0.09654481709003448,0.9582505226135254,0.9026415944099426
YNL197C,YEL003W,0,-0.27431068,0.09653514623641968,0.9582505226135254,0.9027416706085205
YKR045C,YDL222C,0,-0.27435017,0.09652548283338547,0.9582505226135254,0.9028416872024536
YDR186C,YGL044C,0,-0.27442873,0.09651581943035126,0.9582505226135254,0.9029417634010315
YEL060C,YJL074C,0,-0.27448213,0.09650615602731705,0.9582505226135254,0.9030418395996094
YHR216W,YPR121W,0,-0.27454752,0.09649650007486343,0.9582505226135254,0.9031418561935425
YLL028W,YLR256W,0,-0.27460235,0.09648683667182922,0.9582505226135254,0.9032419323921204
YHR062C,YHR019C,0,-0.27478892,0.09647718071937561,0.9582505226135254,0.9033420085906982
YBL050W,YNL326C,0,-0.27483347,0.096467524766922,0.9582505226135254,0.9034420847892761
YBR215W,YEL046C,0,-0.27496046,0.09645787626504898,0.9582505226135254,0.9035421013832092
YPL072W,YBR104W,0,-0.274998,0.09644822776317596,0.9582505226135254,0.9036421775817871
YMR116C,YER026C,0,-0.27511394,0.09643857181072235,0.9582505226135254,0.903742253780365
YKR010C,YDR017C,0,-0.27515626,0.09642893075942993,0.9582505226135254,0.9038423299789429
YJR105W,YLR398C,0,-0.27520353,0.09641928225755692,0.9582505226135254,0.903942346572876
YFR046C,YDR432W,0,-0.27547085,0.0964096412062645,0.9582505226135254,0.9040424227714539
YLR275W,YER157W,0,-0.27547643,0.09640000015497208,0.9582505226135254,0.9041424989700317
YBL002W,YBR229C,0,-0.2755993,0.09639035910367966,0.9582505226135254,0.9042425751686096
YCR023C,YJL159W,0,-0.27562794,0.09638072550296783,0.9582505226135254,0.9043425917625427
YDL052C,YOR336W,0,-0.27590463,0.09637109190225601,0.9582505226135254,0.9044426679611206
YPL003W,YOR130C,0,-0.276064,0.09636145830154419,0.9582505226135254,0.9045427441596985
YCL026C-A,YIL010W,0,-0.27618623,0.09635182470083237,0.9582505226135254,0.9046427607536316
YPL227C,YDL161W,0,-0.2765596,0.09634219110012054,0.9582505226135254,0.9047428369522095
YGL124C,YER004W,0,-0.27656507,0.09633256494998932,0.9582505226135254,0.9048429131507874
YGR049W,YPL211W,0,-0.2765767,0.0963229387998581,0.9582505226135254,0.9049429893493652
YNL305C,YLL010C,0,-0.27662268,0.09631332010030746,0.9582505226135254,0.9050430059432983
YGR133W,YJL093C,0,-0.27663687,0.09630369395017624,0.9582505226135254,0.9051430821418762
YOL044W,YIL073C,0,-0.2767548,0.09629407525062561,0.9582505226135254,0.9052431583404541
YDL092W,YOL148C,0,-0.27684167,0.09628445655107498,0.9582505226135254,0.905343234539032
YBL018C,YDR522C,0,-0.27689123,0.09627484530210495,0.9582505226135254,0.9054432511329651
YAR008W,YGL012W,0,-0.2769625,0.09626522660255432,0.9582505226135254,0.905543327331543
YDR182W,YIL049W,0,-0.27706063,0.09625561535358429,0.9582505226135254,0.9056434035301208
YNL186W,YIL067C,0,-0.27724543,0.09624600410461426,0.9582505226135254,0.905743420124054
YCL011C,YPL086C,0,-0.27735546,0.09623640030622482,0.9582505226135254,0.9058434963226318
YER146W,YMR067C,0,-0.2774421,0.09622678905725479,0.9582505226135254,0.9059435725212097
YOR328W,YGL175C,0,-0.2774576,0.09621718525886536,0.9582505226135254,0.9060436487197876
YEL034W,YGR074W,0,-0.27761605,0.09620758146047592,0.9582505226135254,0.9061436653137207
YPL266W,YER122C,0,-0.27763176,0.09619798511266708,0.9582505226135254,0.9062437415122986
YML062C,YML001W,0,-0.2777346,0.09618838876485825,0.9582505226135254,0.9063438177108765
YCR071C,YDL236W,0,-0.2779501,0.09617879241704941,0.9582505226135254,0.9064438939094543
YLR298C,YPL015C,0,-0.27816635,0.09616919606924057,0.9582505226135254,0.9065439105033875
YMR251W-A,YOR367W,0,-0.2782571,0.09615959972143173,0.9582505226135254,0.9066439867019653
YDL181W,YNL082W,0,-0.2783008,0.09615001082420349,0.9582505226135254,0.9067440629005432
YKR060W,YCR034W,0,-0.2784956,0.09614042192697525,0.9582505226135254,0.9068440794944763
YJR043C,YLR107W,1,-0.27856553,0.09623055160045624,0.9592445492744446,0.9068440794944763
YJR099W,YOR197W,0,-0.27868837,0.096220962703228,0.9592445492744446,0.9069441556930542
YLR393W,YIL157C,0,-0.2790743,0.09621136635541916,0.9592445492744446,0.9070442318916321
YML065W,YHR128W,0,-0.2790953,0.09620177745819092,0.9592445492744446,0.90714430809021
YLR410W,YER124C,0,-0.2793775,0.09619218856096268,0.9592445492744446,0.9072443246841431
YKR013W,YAL001C,0,-0.2794226,0.09618259966373444,0.9592445492744446,0.907344400882721
YDR202C,YGL153W,0,-0.27946752,0.0961730107665062,0.9592445492744446,0.9074444770812988
YDR085C,YIL073C,0,-0.2795323,0.09616342931985855,0.9592445492744446,0.9075445532798767
YJL091C,YFL031W,0,-0.27986312,0.09615384787321091,0.9592445492744446,0.9076445698738098
YDR027C,YOR022C,0,-0.280065,0.09614426642656326,0.9592445492744446,0.9077446460723877
YLR342W,YGL257C,0,-0.28045383,0.09613468497991562,0.9592445492744446,0.9078447222709656
YGL017W,YOR178C,0,-0.28045976,0.09612511098384857,0.9592445492744446,0.9079447388648987
YKL046C,YLR027C,0,-0.28060994,0.09611553698778152,0.9592445492744446,0.9080448150634766
YKR067W,YLL028W,0,-0.28066102,0.09610596299171448,0.9592445492744446,0.9081448912620544
YJL177W,YHL013C,0,-0.2807384,0.09609639644622803,0.9592445492744446,0.9082449674606323
YGR090W,YNL186W,0,-0.2807661,0.09608682990074158,0.9592445492744446,0.9083449840545654
YBL042C,YLR368W,0,-0.2807916,0.09607726335525513,0.9592445492744446,0.9084450602531433
YDL066W,YMR162C,0,-0.28106436,0.09606769680976868,0.9592445492744446,0.9085451364517212
YLR144C,YHR191C,0,-0.28114748,0.09605813026428223,0.9592445492744446,0.9086452126502991
YFL031W,YOL075C,0,-0.28137386,0.09604857116937637,0.9592445492744446,0.9087452292442322
YBR139W,YPL003W,0,-0.2813836,0.09603901207447052,0.9592445492744446,0.9088453054428101
YHR045W,YDR352W,0,-0.28184786,0.09602945297956467,0.9592445492744446,0.9089453816413879
YJL123C,YHR094C,0,-0.2818568,0.09601990133523941,0.9592445492744446,0.909045398235321
YKL127W,YBL009W,0,-0.28188044,0.09601034969091415,0.9592445492744446,0.9091454744338989
YHL033C,YJR007W,0,-0.28188533,0.0960007980465889,0.9592445492744446,0.9092455506324768
YLR135W,YDR263C,1,-0.28204495,0.09609071910381317,0.9602385759353638,0.9092455506324768
YLL039C,YER018C,0,-0.28215095,0.09608116000890732,0.9602385759353638,0.9093456268310547
YBL036C,YOR028C,0,-0.2821712,0.09607160836458206,0.9602385759353638,0.9094456434249878
YCL019W,YOL043C,1,-0.28225216,0.09616149216890335,0.961232602596283,0.9094456434249878
YDL025C,YMR067C,0,-0.2824463,0.0961519330739975,0.961232602596283,0.9095457196235657
YKL071W,YIL065C,0,-0.28247118,0.09614237397909164,0.961232602596283,0.9096457958221436
YGL130W,YLL052C,0,-0.282628,0.09613281488418579,0.961232602596283,0.9097458720207214
YOR229W,YJL203W,0,-0.28268382,0.09612326323986053,0.961232602596283,0.9098458886146545
YBR088C,YML024W,0,-0.28276998,0.09611370414495468,0.961232602596283,0.9099459648132324
YOL110W,YKL046C,0,-0.2828412,0.09610415250062943,0.961232602596283,0.9100460410118103
YPL217C,YDR541C,0,-0.28303856,0.09609460085630417,0.961232602596283,0.9101461172103882
YPL118W,YOR171C,0,-0.2830396,0.09608505666255951,0.961232602596283,0.9102461338043213
YDR163W,YDR538W,0,-0.28309557,0.09607551246881485,0.961232602596283,0.9103462100028992
YPL032C,YAR014C,0,-0.28313768,0.09606596827507019,0.961232602596283,0.910446286201477
YIL085C,YPL255W,0,-0.2831688,0.09605642408132553,0.961232602596283,0.9105463027954102
YPL256C,YNR054C,0,-0.28319308,0.09604687988758087,0.961232602596283,0.910646378993988
YPR029C,YOR368W,0,-0.28364083,0.09603734314441681,0.961232602596283,0.9107464551925659
YPL024W,YMR134W,0,-0.28377163,0.09602780640125275,0.961232602596283,0.9108465313911438
YDR194C,YPL030W,0,-0.28448412,0.09601826965808868,0.961232602596283,0.9109465479850769
YJR105W,YGR096W,0,-0.2845557,0.09600874036550522,0.961232602596283,0.9110466241836548
YML046W,YDR258C,0,-0.2846959,0.09599920362234116,0.961232602596283,0.9111467003822327
YGR121C,YDR051C,0,-0.28487056,0.09598967432975769,0.961232602596283,0.9112467765808105
YHL033C,YML075C,0,-0.2853327,0.09598015248775482,0.961232602596283,0.9113467931747437
YKL213C,YPL181W,0,-0.28539222,0.09597062319517136,0.961232602596283,0.9114468693733215
YMR278W,YJR019C,0,-0.28552765,0.09596110135316849,0.961232602596283,0.9115469455718994
YNL125C,YBR135W,0,-0.28555453,0.09595157951116562,0.961232602596283,0.9116469621658325
YBR235W,YPL030W,0,-0.28566575,0.09594205766916275,0.961232602596283,0.9117470383644104
YDL153C,YNL116W,0,-0.2857498,0.09593254327774048,0.961232602596283,0.9118471145629883
YPR183W,YMR251W-A,0,-0.2862152,0.09592302143573761,0.961232602596283,0.9119471907615662
YER069W,YIL023C,0,-0.28633595,0.09591350704431534,0.961232602596283,0.9120472073554993
YGR195W,YDL122W,0,-0.28647044,0.09590400010347366,0.961232602596283,0.9121472835540771
YLR362W,YMR305C,0,-0.2867509,0.09589448571205139,0.961232602596283,0.912247359752655
YLR388W,YDL153C,0,-0.28688616,0.09588497877120972,0.961232602596283,0.9123474359512329
YAR008W,YDR255C,0,-0.28689277,0.09587547183036804,0.961232602596283,0.912447452545166
YKR060W,YCR008W,0,-0.2873602,0.09586596488952637,0.961232602596283,0.9125475287437439
YNL257C,YCL011C,0,-0.2874745,0.09585646539926529,0.961232602596283,0.9126476049423218
YJL042W,YDR538W,0,-0.28763595,0.09584695845842361,0.961232602596283,0.9127476215362549
YNR073C,YGR289C,0,-0.2878625,0.09583746641874313,0.961232602596283,0.9128476977348328
YGL208W,YML008C,0,-0.28795063,0.09582796692848206,0.961232602596283,0.9129477739334106
YGR192C,YOR173W,0,-0.2879736,0.09581846743822098,0.961232602596283,0.9130478501319885
YBR253W,YBR221C,0,-0.28805298,0.0958089753985405,0.961232602596283,0.9131478667259216
YLR166C,YHR083W,0,-0.28828108,0.09579948335886002,0.961232602596283,0.9132479429244995
YLR275W,YER073W,0,-0.28828228,0.09578999876976013,0.961232602596283,0.9133480191230774
YHR112C,YGR289C,0,-0.28829783,0.09578050673007965,0.961232602596283,0.9134480953216553
YDL181W,YGL156W,0,-0.2885016,0.09577102214097977,0.961232602596283,0.9135481119155884
YLR084C,YER042W,0,-0.2885464,0.09576153755187988,0.961232602596283,0.9136481881141663
YIL091C,YDR488C,0,-0.28857845,0.09575205296278,0.961232602596283,0.9137482643127441
YMR278W,YPR066W,0,-0.28889132,0.09574257582426071,0.961232602596283,0.9138482809066772
YJL139C,YEL003W,0,-0.2888964,0.09573309868574142,0.961232602596283,0.9139483571052551
YER144C,YEL026W,0,-0.28913146,0.09572362154722214,0.961232602596283,0.914048433303833
YOR329C,YKL092C,0,-0.28918284,0.09571414440870285,0.961232602596283,0.9141485095024109
YGR198W,YDR147W,0,-0.28938335,0.09570467472076416,0.961232602596283,0.914248526096344
YJL209W,YLR319C,0,-0.2894504,0.09569519758224487,0.961232602596283,0.9143486022949219
YML118W,YJL020C,0,-0.289463,0.09568572789430618,0.961232602596283,0.9144486784934998
YPR075C,YER004W,0,-0.2894715,0.09567626565694809,0.961232602596283,0.9145487546920776
YLR225C,YML126C,0,-0.28956845,0.0956667959690094,0.961232602596283,0.9146487712860107
YKL086W,YOR173W,0,-0.28960726,0.0956573337316513,0.961232602596283,0.9147488474845886
YML110C,YDR206W,0,-0.28960824,0.09564787149429321,0.961232602596283,0.9148489236831665
YGL001C,YBR021W,0,-0.28970748,0.09563841670751572,0.961232602596283,0.9149489402770996
YNL245C,YFR009W,0,-0.29027617,0.09562895447015762,0.961232602596283,0.9150490164756775
YGR023W,YDR489W,0,-0.29034978,0.09561949968338013,0.961232602596283,0.9151490926742554
YLR225C,YNL134C,0,-0.29037803,0.09561004489660263,0.961232602596283,0.9152491688728333
YEL046C,YLR372W,0,-0.290583,0.09560059010982513,0.961232602596283,0.9153491854667664
YEL077C,YBR139W,0,-0.29078627,0.09559114277362823,0.961232602596283,0.9154492616653442
YBL099W,YPL242C,0,-0.29081056,0.09558169543743134,0.961232602596283,0.9155493378639221
YPL266W,YER075C,0,-0.2909029,0.09557224810123444,0.961232602596283,0.9156494140625
YDR506C,YMR067C,0,-0.29096103,0.09556280076503754,0.961232602596283,0.9157494306564331
YOL016C,YHR045W,0,-0.29124707,0.09555336087942123,0.961232602596283,0.915849506855011
YJL010C,YML014W,0,-0.29125777,0.09554392099380493,0.961232602596283,0.9159495830535889
YPL128C,YPL266W,0,-0.29126248,0.09553448110818863,0.961232602596283,0.9160496592521667
YAR071W,YNL256W,0,-0.29130045,0.09552504122257233,0.961232602596283,0.9161496758460999
YHR039C,YKR086W,0,-0.2913648,0.09551560878753662,0.961232602596283,0.9162497520446777
YOR328W,YDR210W,0,-0.29155457,0.09550617635250092,0.961232602596283,0.9163498282432556
YHR072W,YGR132C,0,-0.29175505,0.09549674391746521,0.961232602596283,0.9164498448371887
YHR124W,YDR147W,0,-0.2921101,0.0954873114824295,0.961232602596283,0.9165499210357666
YKL112W,YNL224C,0,-0.29222572,0.0954778864979744,0.961232602596283,0.9166499972343445
YPL152W,YPR140W,0,-0.2922418,0.09546845406293869,0.961232602596283,0.9167500734329224
YIL010W,YPL192C,0,-0.2925658,0.09545902907848358,0.961232602596283,0.9168500900268555
YGR257C,YKL120W,0,-0.29280764,0.09544961154460907,0.961232602596283,0.9169501662254333
YBR098W,YMR234W,1,-0.29298088,0.09553888440132141,0.9622266292572021,0.9169501662254333
YGL121C,YLR275W,0,-0.29303613,0.0955294594168663,0.9622266292572021,0.9170502424240112
YKR098C,YPR101W,0,-0.2932436,0.0955200344324112,0.9622266292572021,0.9171503186225891
YDL126C,YOR130C,0,-0.2932477,0.09551060944795609,0.9622266292572021,0.9172503352165222
YMR260C,YMR060C,0,-0.29333365,0.09550118446350098,0.9622266292572021,0.9173504114151001
YDL226C,YPR058W,0,-0.29336256,0.09549175947904587,0.9622266292572021,0.917450487613678
YNL069C,YOR141C,0,-0.29340512,0.09548234194517136,0.9622266292572021,0.9175505042076111
YGL065C,YPR033C,0,-0.2934625,0.09547292441129684,0.9622266292572021,0.917650580406189
YJR161C,YGL257C,0,-0.29353476,0.09546351432800293,0.9622266292572021,0.9177506566047668
YIL066C,YDR141C,0,-0.2937388,0.09545409679412842,0.9622266292572021,0.9178507328033447
YMR135C,YBR044C,0,-0.29389697,0.0954446867108345,0.9622266292572021,0.9179507493972778
YML064C,YDR147W,0,-0.29400158,0.09543527662754059,0.9622266292572021,0.9180508255958557
YAL001C,YEL077C,0,-0.29402274,0.09542586654424667,0.9622266292572021,0.9181509017944336
YNL064C,YBL004W,0,-0.29403067,0.09541646391153336,0.9622266292572021,0.9182509779930115
YOR371C,YPL023C,0,-0.29410607,0.09540705382823944,0.9622266292572021,0.9183509945869446
YBL084C,YMR280C,0,-0.29420277,0.09539765119552612,0.9622266292572021,0.9184510707855225
YJR159W,YGL166W,0,-0.2942309,0.0953882560133934,0.9622266292572021,0.9185511469841003
YDL193W,YBR127C,0,-0.29432833,0.09537885338068008,0.9622266292572021,0.9186511635780334
YHR083W,YPR124W,0,-0.29434007,0.09536945819854736,0.9622266292572021,0.9187512397766113
YDR182W,YML001W,0,-0.29435712,0.09536006301641464,0.9622266292572021,0.9188513159751892
YNL053W,YOR188W,0,-0.29450622,0.09535066783428192,0.9622266292572021,0.9189513921737671
YNR056C,YPL124W,0,-0.2945664,0.0953412801027298,0.9622266292572021,0.9190514087677002
YKL046C,YLR110C,0,-0.29461858,0.09533189237117767,0.9622266292572021,0.9191514849662781
YDR311W,YHR128W,0,-0.29467562,0.09532250463962555,0.9622266292572021,0.919251561164856
YHR112C,YFL024C,0,-0.2948275,0.09531311690807343,0.9622266292572021,0.9193516373634338
YHR084W,YBL019W,0,-0.29491657,0.0953037291765213,0.9622266292572021,0.9194516539573669
YMR161W,YMR162C,0,-0.29529718,0.09529434889554977,0.9622266292572021,0.9195517301559448
YLR084C,YNL169C,0,-0.29565448,0.09528496861457825,0.9622266292572021,0.9196518063545227
YCR067C,YNL327W,0,-0.295723,0.09527558833360672,0.9622266292572021,0.9197518229484558
YLR421C,YOR245C,0,-0.2957859,0.09526621550321579,0.9622266292572021,0.9198518991470337
YOR367W,YNL279W,0,-0.2958647,0.09525684267282486,0.9622266292572021,0.9199519753456116
YKL107W,YOR375C,0,-0.2961338,0.09524746984243393,0.9622266292572021,0.9200520515441895
YLR320W,YDL126C,0,-0.29663104,0.095238097012043,0.9622266292572021,0.9201520681381226
YGL065C,YDR255C,0,-0.2969601,0.09522872418165207,0.9622266292572021,0.9202521443367004
YER078C,YGR203W,0,-0.29704773,0.09521935880184174,0.9622266292572021,0.9203522205352783
YOL115W,YGL207W,0,-0.297212,0.0952099934220314,0.9622266292572021,0.9204522967338562
YOR007C,YOR360C,0,-0.29735643,0.09520062804222107,0.9622266292572021,0.9205523133277893
YNL125C,YEL004W,0,-0.29737276,0.09519127011299133,0.9622266292572021,0.9206523895263672
YPR058W,YOR202W,0,-0.2975572,0.095181904733181,0.9622266292572021,0.9207524657249451
YBR280C,YOR367W,0,-0.29777044,0.09517254680395126,0.9622266292572021,0.9208524823188782
YNL186W,YFR028C,0,-0.29782602,0.09516319632530212,0.9622266292572021,0.920952558517456
YPR018W,YPR112C,0,-0.29816657,0.09515383839607239,0.9622266292572021,0.9210526347160339
YPR183W,YHR045W,0,-0.29819906,0.09514448791742325,0.9622266292572021,0.9211527109146118
YDR432W,YMR060C,0,-0.2982049,0.09513513743877411,0.9622266292572021,0.9212527275085449
YIL122W,YOR122C,0,-0.29844207,0.09512578696012497,0.9622266292572021,0.9213528037071228
YNL321W,YNL014W,0,-0.29877672,0.09511643648147583,0.9622266292572021,0.9214528799057007
YBR068C,YOR205C,0,-0.29885787,0.09510709345340729,0.9622266292572021,0.9215529561042786
YJL042W,YMR236W,0,-0.29902178,0.09509775042533875,0.9622266292572021,0.9216529726982117
YGR277C,YCR003W,0,-0.29911232,0.0950884073972702,0.9622266292572021,0.9217530488967896
YDL207W,YCL020W,0,-0.2991664,0.09507907181978226,0.9622266292572021,0.9218531250953674
YNR063W,YOR197W,0,-0.29922616,0.09506972879171371,0.9622266292572021,0.9219532012939453
YGL048C,YGR198W,0,-0.2996479,0.09506039321422577,0.9622266292572021,0.9220532178878784
YJR064W,YOL044W,0,-0.29965883,0.09505105763673782,0.9622266292572021,0.9221532940864563
YDR294C,YKR029C,0,-0.30015144,0.09504172950983047,0.9622266292572021,0.9222533702850342
YLR388W,YBR018C,0,-0.3003404,0.09503239393234253,0.9622266292572021,0.9223533868789673
YNL305C,YGR098C,0,-0.3003411,0.09502306580543518,0.9622266292572021,0.9224534630775452
YDL010W,YGL156W,0,-0.3005225,0.09501374512910843,0.9622266292572021,0.922553539276123
YBR139W,YNL241C,0,-0.30055386,0.09500441700220108,0.9622266292572021,0.9226536154747009
YFL003C,YIR008C,0,-0.30080336,0.09499509632587433,0.9622266292572021,0.922753632068634
YIR021W,YDL052C,0,-0.3009333,0.09498576819896698,0.9622266292572021,0.9228537082672119
YHR063C,YOL017W,0,-0.30096695,0.09497645497322083,0.9622266292572021,0.9229537844657898
YML001W,YJL203W,0,-0.30101836,0.09496713429689407,0.9622266292572021,0.9230538606643677
YDR519W,YDL156W,0,-0.30103993,0.09495782107114792,0.9622266292572021,0.9231538772583008
YOR144C,YEL042W,0,-0.3012911,0.09494850784540176,0.9622266292572021,0.9232539534568787
YBR083W,YPL030W,0,-0.30139458,0.09493919461965561,0.9622266292572021,0.9233540296554565
YBR290W,YDR314C,0,-0.30152786,0.09492988139390945,0.9622266292572021,0.9234540462493896
YKR013W,YLR136C,0,-0.30161178,0.0949205756187439,0.9622266292572021,0.9235541224479675
YFL022C,YDL156W,0,-0.30167028,0.09491126239299774,0.9622266292572021,0.9236541986465454
YDL178W,YGL133W,0,-0.30185616,0.09490196406841278,0.9622266292572021,0.9237542748451233
YLR378C,YKR025W,0,-0.30197564,0.09489265829324722,0.9622266292572021,0.9238542914390564
YPL055C,YCR079W,0,-0.3019983,0.09488335251808167,0.9622266292572021,0.9239543676376343
YJL210W,YHR166C,0,-0.30239958,0.0948740541934967,0.9622266292572021,0.9240544438362122
YER146W,YPR140W,0,-0.3030312,0.09486475586891174,0.9622266292572021,0.92415452003479
YKL035W,YJL036W,0,-0.3031901,0.09485546499490738,0.9622266292572021,0.9242545366287231
YHR063C,YCR028C-A,0,-0.30347854,0.09484616667032242,0.9622266292572021,0.924354612827301
YNL272C,YLR399C,0,-0.30349562,0.09483687579631805,0.9622266292572021,0.9244546890258789
YJR007W,YIL067C,0,-0.30363068,0.09482758492231369,0.9622266292572021,0.924554705619812
YDL181W,YDR446W,0,-0.30379552,0.09481829404830933,0.9622266292572021,0.9246547818183899
YMR161W,YHR091C,0,-0.30401912,0.09480901062488556,0.9622266292572021,0.9247548580169678
YPR103W,YOR256C,0,-0.30417806,0.09479972720146179,0.9622266292572021,0.9248549342155457
YBL045C,YML008C,0,-0.30428493,0.09479044377803802,0.9622266292572021,0.9249549508094788
YLR143W,YMR285C,1,-0.30431503,0.09487907588481903,0.9632206559181213,0.9249549508094788
YJL210W,YOR197W,0,-0.30432677,0.09486978501081467,0.9632206559181213,0.9250550270080566
YOR354C,YML046W,0,-0.30445197,0.0948605015873909,0.9632206559181213,0.9251551032066345
YDL185W,YHR079C,1,-0.30461764,0.09494909644126892,0.9642146825790405,0.9251551032066345
YOL080C,YMR285C,1,-0.304693,0.09503768384456635,0.9652087688446045,0.9251551032066345
YHR187W,YLL036C,0,-0.30487928,0.09502837806940079,0.9652087688446045,0.9252551794052124
YCR071C,YLR272C,0,-0.3051974,0.09501907974481583,0.9652087688446045,0.9253551959991455
YGL043W,YDR266C,0,-0.3052119,0.09500978142023087,0.9652087688446045,0.9254552721977234
YNL257C,YIL157C,0,-0.30543613,0.0950004905462265,0.9652087688446045,0.9255553483963013
YDR216W,YHR016C,0,-0.3055017,0.09499119222164154,0.9652087688446045,0.9256553649902344
YMR135C,YNL148C,0,-0.30555278,0.09498190134763718,0.9652087688446045,0.9257554411888123
YMR113W,YJL100W,0,-0.30564344,0.09497261047363281,0.9652087688446045,0.9258555173873901
YCR079W,YER094C,0,-0.30588314,0.09496332705020905,0.9652087688446045,0.925955593585968
YER065C,YNL124W,0,-0.30590817,0.09495403617620468,0.9652087688446045,0.9260556101799011
YDL126C,YHL022C,0,-0.30605406,0.09494475275278091,0.9652087688446045,0.926155686378479
YMR197C,YMR052W,0,-0.30608988,0.09493546932935715,0.9652087688446045,0.9262557625770569
YLL032C,YNL099C,0,-0.30616364,0.09492619335651398,0.9652087688446045,0.9263558387756348
YPL249C-A,YLR229C,0,-0.30622858,0.09491690993309021,0.9652087688446045,0.9264558553695679
YLR310C,YAL042W,0,-0.30637845,0.09490763396024704,0.9652087688446045,0.9265559315681458
YDL181W,YGL002W,0,-0.30646065,0.09489835798740387,0.9652087688446045,0.9266560077667236
YDR153C,YOR130C,0,-0.30686325,0.0948890820145607,0.9652087688446045,0.9267560243606567
YHR121W,YMR047C,0,-0.3070016,0.09487981349229813,0.9652087688446045,0.9268561005592346
YKR060W,YGL133W,0,-0.30706906,0.09487054497003555,0.9652087688446045,0.9269561767578125
YHR016C,YEL026W,0,-0.3073101,0.09486127644777298,0.9652087688446045,0.9270562529563904
YEL055C,YHL013C,0,-0.3074018,0.0948520079255104,0.9652087688446045,0.9271562695503235
YAL015C,YML118W,1,-0.30765063,0.0949404165148735,0.9662027955055237,0.9271562695503235
YDR051C,YPL003W,0,-0.30778265,0.09493114799261093,0.9662027955055237,0.9272563457489014
YBR056W,YGR140W,0,-0.30785483,0.09492187201976776,0.9662027955055237,0.9273564219474792
YNL264C,YBR253W,0,-0.30848217,0.09491260349750519,0.9662027955055237,0.9274564981460571
YFL018C,YOR303W,0,-0.30854118,0.09490334242582321,0.9662027955055237,0.9275565147399902
YJR091C,YER183C,0,-0.30856428,0.09489407390356064,0.9662027955055237,0.9276565909385681
YBR203W,YNL058C,0,-0.3085904,0.09488481283187866,0.9662027955055237,0.927756667137146
YMR045C,YER160C,1,-0.30863583,0.09497315436601639,0.9671968221664429,0.927756667137146
YFL055W,YCR088W,0,-0.30871722,0.09496388584375381,0.9671968221664429,0.9278567433357239
YBR234C,YCR089W,0,-0.30887583,0.09495461732149124,0.9671968221664429,0.927956759929657
YNL300W,YCR003W,0,-0.30910724,0.09494535624980927,0.9671968221664429,0.9280568361282349
YNR036C,YNL177C,0,-0.30918515,0.09493608772754669,0.9671968221664429,0.9281569123268127
YKR092C,YMR190C,0,-0.30925533,0.09492682665586472,0.9671968221664429,0.9282569289207458
YER011W,YJR017C,0,-0.30964756,0.09491756558418274,0.9671968221664429,0.9283570051193237
YJL210W,YML058W,0,-0.30979872,0.09490831196308136,0.9671968221664429,0.9284570813179016
YLR233C,YHR018C,0,-0.30987707,0.09489905089139938,0.9671968221664429,0.9285571575164795
YGR278W,YML001W,0,-0.30988234,0.094889797270298,0.9671968221664429,0.9286571741104126
YDR294C,YFR044C,0,-0.310466,0.09488054364919662,0.9671968221664429,0.9287572503089905
YGL047W,YPR165W,0,-0.31061712,0.09487129747867584,0.9671968221664429,0.9288573265075684
YGL017W,YPL008W,0,-0.3107583,0.09486204385757446,0.9671968221664429,0.9289574027061462
YGL086W,YOR202W,0,-0.3111825,0.09485279768705368,0.9671968221664429,0.9290574193000793
YBR203W,YGR087C,0,-0.3114114,0.0948435515165329,0.9671968221664429,0.9291574954986572
YKL193C,YMR199W,0,-0.31182694,0.09483430534601212,0.9671968221664429,0.9292575716972351
YER003C,YPL030W,0,-0.31244293,0.09482506662607193,0.9671968221664429,0.9293575882911682
YGR261C,YMR231W,0,-0.31251532,0.09481582790613174,0.9671968221664429,0.9294576644897461
YKR013W,YLR116W,0,-0.3125693,0.09480658918619156,0.9671968221664429,0.929557740688324
YKR081C,YML022W,0,-0.3126991,0.09479735046625137,0.9671968221664429,0.9296578168869019
YGL124C,YER183C,0,-0.31280863,0.09478811174631119,0.9671968221664429,0.929757833480835
YGR157W,YER042W,0,-0.31294394,0.0947788804769516,0.9671968221664429,0.9298579096794128
YLR128W,YDR085C,0,-0.31302252,0.09476964920759201,0.9671968221664429,0.9299579858779907
YBR070C,YBR199W,0,-0.31327945,0.09476041793823242,0.9671968221664429,0.9300580620765686
YGR048W,YPR066W,0,-0.31343678,0.09475119411945343,0.9671968221664429,0.9301580786705017
YBR258C,YLR272C,0,-0.31362024,0.09474197030067444,0.9671968221664429,0.9302581548690796
YIL091C,YFL003C,0,-0.3137747,0.09473273903131485,0.9671968221664429,0.9303582310676575
YFR051C,YDR489W,0,-0.31394827,0.09472352266311646,0.9671968221664429,0.9304582476615906
YPL241C,YDR488C,0,-0.31400058,0.09471429884433746,0.9671968221664429,0.9305583238601685
YBL099W,YNL275W,0,-0.3140808,0.09470508247613907,0.9671968221664429,0.9306584000587463
YMR170C,YEL004W,0,-0.31426015,0.09469586610794067,0.9671968221664429,0.9307584762573242
YHL002W,YOL008W,0,-0.31447235,0.09468664973974228,0.9671968221664429,0.9308584928512573
YJL050W,YNL116W,0,-0.31456453,0.09467743337154388,0.9671968221664429,0.9309585690498352
YPL227C,YDR477W,0,-0.3146043,0.09466822445392609,0.9671968221664429,0.9310586452484131
YCL010C,YMR044W,0,-0.31489682,0.09465901553630829,0.9671968221664429,0.931158721446991
YMR116C,YBR018C,0,-0.31494212,0.09464980661869049,0.9671968221664429,0.9312587380409241
YBR236C,YCR023C,0,-0.31498116,0.09464059770107269,0.9671968221664429,0.931358814239502
YDL066W,YHR166C,0,-0.3150508,0.09463139623403549,0.9671968221664429,0.9314588904380798
YBR302C,YOL016C,0,-0.31569862,0.09462219476699829,0.9671968221664429,0.9315589070320129
YBR126C,YOR035C,0,-0.315807,0.09461299329996109,0.9671968221664429,0.9316589832305908
YLR027C,YPL003W,0,-0.31587273,0.09460379183292389,0.9671968221664429,0.9317590594291687
YDR073W,YKL125W,0,-0.3159774,0.09459459781646729,0.9671968221664429,0.9318591356277466
YLR336C,YHL033C,0,-0.3160202,0.09458539634943008,0.9671968221664429,0.9319591522216797
YPL246C,YGL121C,0,-0.31609553,0.09457620233297348,0.9671968221664429,0.9320592284202576
YGL055W,YOL113W,0,-0.31633258,0.09456701576709747,0.9671968221664429,0.9321593046188354
YNL047C,YGR261C,0,-0.31647795,0.09455782175064087,0.9671968221664429,0.9322593808174133
YNL326C,YOL058W,0,-0.31663942,0.09454863518476486,0.9671968221664429,0.9323593974113464
YPL227C,YOL137W,0,-0.31666556,0.09453944861888885,0.9671968221664429,0.9324594736099243
YCR071C,YMR161W,0,-0.3167191,0.09453026205301285,0.9671968221664429,0.9325595498085022
YBL016W,YGL150C,0,-0.31726357,0.09452108293771744,0.9671968221664429,0.9326595664024353
YBR135W,YMR154C,0,-0.3175289,0.09451189637184143,0.9671968221664429,0.9327596426010132
YJR047C,YLR372W,0,-0.31786132,0.09450271725654602,0.9671968221664429,0.9328597187995911
YDL049C,YOR058C,0,-0.3184026,0.09449353814125061,0.9671968221664429,0.932959794998169
YHR191C,YOR362C,0,-0.31859034,0.0944843664765358,0.9671968221664429,0.933059811592102
YLR166C,YBR290W,0,-0.31867456,0.09447519481182098,0.9671968221664429,0.9331598877906799
YDR085C,YNL106C,0,-0.31897765,0.09446601569652557,0.9671968221664429,0.9332599639892578
YHR050W,YGL055W,0,-0.3197728,0.09445685148239136,0.9671968221664429,0.9333600401878357
YBL084C,YJR105W,0,-0.32011074,0.09444767981767654,0.9671968221664429,0.9334600567817688
YDR477W,YJL014W,0,-0.3203123,0.09443851560354233,0.9671968221664429,0.9335601329803467
YHR007C,YPL283C,0,-0.3204764,0.09442935138940811,0.9671968221664429,0.9336602091789246
YAL061W,YDR208W,0,-0.32083422,0.0944201871752739,0.9671968221664429,0.9337602853775024
YDL181W,YGR207C,0,-0.3209994,0.09441102296113968,0.9671968221664429,0.9338603019714355
YER003C,YDR113C,0,-0.32109326,0.09440186619758606,0.9671968221664429,0.9339603781700134
YPL055C,YER183C,0,-0.32136828,0.09439270198345184,0.9671968221664429,0.9340604543685913
YNL197C,YBR104W,0,-0.32156023,0.09438354521989822,0.9671968221664429,0.9341604709625244
YPL023C,YGL175C,0,-0.32164335,0.0943743959069252,0.9671968221664429,0.9342605471611023
YPL015C,YNL270C,0,-0.3218134,0.09436523914337158,0.9671968221664429,0.9343606233596802
YMR293C,YEL026W,0,-0.3219242,0.09435608983039856,0.9671968221664429,0.9344606995582581
YKR013W,YLR431C,0,-0.32199585,0.09434694051742554,0.9671968221664429,0.9345607161521912
YLR095C,YEL071W,0,-0.32214043,0.09433779120445251,0.9671968221664429,0.934660792350769
YGL099W,YBL003C,0,-0.3223006,0.09432864934206009,0.9671968221664429,0.9347608685493469
YJR113C,YMR052W,0,-0.32233253,0.09431950002908707,0.9671968221664429,0.9348609447479248
YOR173W,YGL181W,0,-0.32237998,0.09431035816669464,0.9671968221664429,0.9349609613418579
YKL112W,YPR094W,0,-0.3226607,0.09430122375488281,0.9671968221664429,0.9350610375404358
YER042W,YKL073W,0,-0.32275045,0.09429208189249039,0.9671968221664429,0.9351611137390137
YDR006C,YGR186W,0,-0.3228703,0.09428294748067856,0.9671968221664429,0.9352611303329468
YAR066W,YOL021C,0,-0.32292104,0.09427381306886673,0.9671968221664429,0.9353612065315247
YKL073W,YOL130W,0,-0.32302785,0.0942646786570549,0.9671968221664429,0.9354612827301025
YFL062W,YDR409W,0,-0.32305843,0.09425554424524307,0.9671968221664429,0.9355613589286804
YMR135C,YER069W,0,-0.3230649,0.09424641728401184,0.9671968221664429,0.9356613755226135
YGR249W,YLR066W,0,-0.32328367,0.09423729032278061,0.9671968221664429,0.9357614517211914
YGL207W,YIL157C,0,-0.32338625,0.09422816336154938,0.9671968221664429,0.9358615279197693
YOL008W,YJR095W,0,-0.3236428,0.09421903640031815,0.9671968221664429,0.9359616041183472
YFR028C,YEL042W,0,-0.32371294,0.09420991688966751,0.9671968221664429,0.9360616207122803
YBR235W,YHR121W,0,-0.32378238,0.09420079737901688,0.9671968221664429,0.9361616969108582
YDR073W,YDR484W,0,-0.32413608,0.09419167786836624,0.9671968221664429,0.936261773109436
YPR061C,YDR155C,0,-0.3243761,0.0941825583577156,0.9671968221664429,0.9363617897033691
YDR216W,YBR280C,0,-0.32444903,0.09417343884706497,0.9671968221664429,0.936461865901947
YJL159W,YMR167W,0,-0.32446086,0.09416432678699493,0.9671968221664429,0.9365619421005249
YIR034C,YEL055C,0,-0.3247581,0.0941552147269249,0.9671968221664429,0.9366620182991028
YDL066W,YOL113W,0,-0.32484585,0.09414610266685486,0.9671968221664429,0.9367620348930359
YLR128W,YLR089C,0,-0.32500473,0.09413699805736542,0.9671968221664429,0.9368621110916138
YNL300W,YNL252C,0,-0.32507643,0.09412789344787598,0.9671968221664429,0.9369621872901917
YOR017W,YNL252C,0,-0.3250841,0.09411878138780594,0.9671968221664429,0.9370622634887695
YKL096W,YJL051W,0,-0.32515675,0.0941096842288971,0.9671968221664429,0.9371622800827026
YCR035C,YHR062C,1,-0.325244,0.09419729560613632,0.9681908488273621,0.9371622800827026
YGL134W,YKR025W,0,-0.32540077,0.09418818354606628,0.9681908488273621,0.9372623562812805
YOL110W,YOR173W,0,-0.32545653,0.09417907893657684,0.9681908488273621,0.9373624324798584
YBR280C,YHR018C,0,-0.32557476,0.0941699668765068,0.9681908488273621,0.9374624490737915
YML130C,YER172C,0,-0.32565767,0.09416086971759796,0.9681908488273621,0.9375625252723694
YJR047C,YAR008W,0,-0.32583728,0.09415176510810852,0.9681908488273621,0.9376626014709473
YDR123C,YNL047C,0,-0.32650656,0.09414266049861908,0.9681908488273621,0.9377626776695251
YBR201W,YGR289C,0,-0.32651597,0.09413356333971024,0.9681908488273621,0.9378626942634583
YJR088C,YOL137W,0,-0.32665604,0.09412446618080139,0.9681908488273621,0.9379627704620361
YNL221C,YIL082W-A,1,-0.32684854,0.09421200305223465,0.9691848754882812,0.9379627704620361
YHR007C,YMR266W,0,-0.32686657,0.09420289844274521,0.9691848754882812,0.938062846660614
YJR029W,YBL005W-B,1,-0.32707056,0.09429040551185608,0.9701789021492004,0.938062846660614
YCL019W,YBR127C,0,-0.32714182,0.09428130090236664,0.9701789021492004,0.9381629228591919
YNL225C,YDR206W,0,-0.3272143,0.0942721888422966,0.9701789021492004,0.938262939453125
YHL001W,YPL037C,0,-0.327429,0.09426308423280716,0.9701789021492004,0.9383630156517029
YHR039C,YGL187C,0,-0.32769865,0.09425398707389832,0.9701789021492004,0.9384630918502808
YOL060C,YML121W,0,-0.32781887,0.09424488246440887,0.9701789021492004,0.9385631084442139
YOR293W,YGR206W,0,-0.32788476,0.09423578530550003,0.9701789021492004,0.9386631846427917
YBR057C,YOL044W,0,-0.32795465,0.09422668814659119,0.9701789021492004,0.9387632608413696
YCR071C,YOR190W,0,-0.32799238,0.09421759098768234,0.9701789021492004,0.9388633370399475
YIL157C,YAL042W,0,-0.32818013,0.0942084938287735,0.9701789021492004,0.9389633536338806
YHR121W,YMR113W,0,-0.32844016,0.09419940412044525,0.9701789021492004,0.9390634298324585
YDL025C,YDR432W,0,-0.32856503,0.094190314412117,0.9701789021492004,0.9391635060310364
YNL300W,YKL216W,0,-0.32871807,0.09418122470378876,0.9701789021492004,0.9392635822296143
YHR079C-A,YNL047C,0,-0.32886538,0.09417213499546051,0.9701789021492004,0.9393635988235474
YPR145W,YLR368W,0,-0.32917517,0.09416304528713226,0.9701789021492004,0.9394636750221252
YPL242C,YNL275W,0,-0.32917684,0.09415396302938461,0.9701789021492004,0.9395637512207031
YPL009C,YGR172C,0,-0.3292009,0.09414488077163696,0.9701789021492004,0.939663827419281
YJL076W,YGL257C,0,-0.3292147,0.09413580596446991,0.9701789021492004,0.9397638440132141
YBR217W,YKL065C,0,-0.32968372,0.09412672370672226,0.9701789021492004,0.939863920211792
YOR033C,YMR197C,0,-0.32979333,0.0941176488995552,0.9701789021492004,0.9399639964103699
YNL282W,YOR001W,1,-0.3298778,0.09420499205589294,0.9711729884147644,0.9399639964103699
YML039W,YJR029W,1,-0.32996538,0.09429232776165009,0.9721670150756836,0.9399639964103699
YLR297W,YDR307W,0,-0.33023536,0.09428323805332184,0.9721670150756836,0.940064013004303
YNL316C,YPR066W,0,-0.33040836,0.09427414834499359,0.9721670150756836,0.9401640892028809
YPL255W,YPL008W,0,-0.33056214,0.09426505863666534,0.9721670150756836,0.9402641654014587
YER169W,YCR097W,0,-0.33085984,0.0942559763789177,0.9721670150756836,0.9403642416000366
YBR235W,YGR041W,0,-0.33160177,0.09424689412117004,0.9721670150756836,0.9404642581939697
YIL091C,YEL042W,0,-0.33173344,0.0942378118634224,0.9721670150756836,0.9405643343925476
YKR018C,YGR284C,0,-0.33220345,0.09422872960567474,0.9721670150756836,0.9406644105911255
YCR097W,YJL036W,0,-0.3328069,0.09421965479850769,0.9721670150756836,0.9407644867897034
YDL052C,YIR010W,0,-0.33320996,0.09421057999134064,0.9721670150756836,0.9408645033836365
YDR155C,YJR125C,0,-0.33359098,0.09420150518417358,0.9721670150756836,0.9409645795822144
YDR084C,YFR044C,0,-0.33363718,0.09419243037700653,0.9721670150756836,0.9410646557807922
YGR065C,YBL019W,0,-0.33369958,0.09418335556983948,0.9721670150756836,0.9411646723747253
YAR008W,YDL064W,0,-0.3338829,0.09417428821325302,0.9721670150756836,0.9412647485733032
YLR225C,YGR033C,0,-0.33428293,0.09416522085666656,0.9721670150756836,0.9413648247718811
YBR068C,YKL216W,0,-0.33491212,0.09415615350008011,0.9721670150756836,0.941464900970459
YGR198W,YBR229C,0,-0.3349722,0.09414709359407425,0.9721670150756836,0.9415649175643921
YGL207W,YMR024W,0,-0.3349858,0.09413803368806839,0.9721670150756836,0.94166499376297
YOR173W,YER141W,0,-0.3352267,0.09412897378206253,0.9721670150756836,0.9417650699615479
YBR056W,YNL106C,0,-0.33523294,0.09411991387605667,0.9721670150756836,0.9418651461601257
YGL001C,YPR101W,0,-0.33559752,0.09411085397005081,0.9721670150756836,0.9419651627540588
YNL035C,YHR102W,0,-0.3356287,0.09410180151462555,0.9721670150756836,0.9420652389526367
YOR022C,YIL065C,0,-0.33573085,0.09409274905920029,0.9721670150756836,0.9421653151512146
YER118C,YJR077C,0,-0.33665454,0.09408369660377502,0.9721670150756836,0.9422653317451477
YMR052W,YJL091C,0,-0.3367069,0.09407464414834976,0.9721670150756836,0.9423654079437256
YAL005C,YLL023C,0,-0.33715278,0.0940655991435051,0.9721670150756836,0.9424654841423035
YNL088W,YHR152W,0,-0.33722162,0.09405654668807983,0.9721670150756836,0.9425655603408813
YFL062W,YNR036C,0,-0.33745223,0.09404750168323517,0.9721670150756836,0.9426655769348145
YLR275W,YPR121W,0,-0.33752286,0.0940384641289711,0.9721670150756836,0.9427656531333923
YBR084C-A,YGL077C,0,-0.33753902,0.09402941912412643,0.9721670150756836,0.9428657293319702
YDR016C,YPL057C,0,-0.33762527,0.09402038156986237,0.9721670150756836,0.9429658055305481
YBR079C,YOR171C,0,-0.33763188,0.0940113440155983,0.9721670150756836,0.9430658221244812
YOR010C,YOR198C,0,-0.33785337,0.09400230646133423,0.9721670150756836,0.9431658983230591
YLR027C,YDR354W,0,-0.33866668,0.09399326890707016,0.9721670150756836,0.943265974521637
YNL075W,YMR067C,0,-0.3389755,0.09398423880338669,0.9721670150756836,0.9433659911155701
YBR152W,YLL036C,0,-0.33948374,0.09397520869970322,0.9721670150756836,0.943466067314148
YDR073W,YDR043C,0,-0.3396674,0.09396617859601974,0.9721670150756836,0.9435661435127258
YPR094W,YJR044C,0,-0.33968094,0.09395715594291687,0.9721670150756836,0.9436662197113037
YDL153C,YPR025C,0,-0.33970076,0.0939481258392334,0.9721670150756836,0.9437662363052368
YJL151C,YBL102W,0,-0.33980593,0.09393910318613052,0.9721670150756836,0.9438663125038147
YKL112W,YHR026W,0,-0.33986753,0.09393008053302765,0.9721670150756836,0.9439663887023926
YKL055C,YBL019W,0,-0.33988148,0.09392105787992477,0.9721670150756836,0.9440664649009705
YGR284C,YLR117C,0,-0.34011152,0.0939120426774025,0.9721670150756836,0.9441664814949036
YKR098C,YNL305C,0,-0.340473,0.09390302747488022,0.9721670150756836,0.9442665576934814
YMR189W,YEL003W,0,-0.34056753,0.09389401227235794,0.9721670150756836,0.9443666338920593
YPL236C,YDL147W,0,-0.34073338,0.09388499706983566,0.9721670150756836,0.9444666504859924
YHR098C,YEL060C,0,-0.34075493,0.09387598186731339,0.9721670150756836,0.9445667266845703
YCR042C,YPR121W,0,-0.3407584,0.0938669741153717,0.9721670150756836,0.9446668028831482
YIL117C,YCR097W,0,-0.34078956,0.09385796636343002,0.9721670150756836,0.9447668790817261
YKR013W,YBL100W-A,0,-0.34083134,0.09384895861148834,0.9721670150756836,0.9448668956756592
YLL039C,YFR044C,0,-0.34137267,0.09383995085954666,0.9721670150756836,0.9449669718742371
YKL221W,YPL228W,0,-0.34142998,0.09383095055818558,0.9721670150756836,0.9450670480728149
YIL049W,YGR125W,0,-0.34158194,0.0938219502568245,0.9721670150756836,0.9451671242713928
YNL329C,YER172C,0,-0.34159863,0.09381294995546341,0.9721670150756836,0.9452671408653259
YNL075W,YIL131C,0,-0.3417015,0.09380394965410233,0.9721670150756836,0.9453672170639038
YIR034C,YDR119W,0,-0.3419695,0.09379495680332184,0.9721670150756836,0.9454672932624817
YML118W,YBR236C,0,-0.34230113,0.09378596395254135,0.9721670150756836,0.9455673694610596
YPR023C,YDR001C,0,-0.34237534,0.09377697110176086,0.9721670150756836,0.9456673860549927
YBR073W,YGL184C,0,-0.34271777,0.09376797825098038,0.9721670150756836,0.9457674622535706
YDR202C,YIR008C,0,-0.34294283,0.09375898540019989,0.9721670150756836,0.9458675384521484
YIL162W,YGL234W,0,-0.34315157,0.09375,0.9721670150756836,0.9459675550460815
YPL283C,YHR083W,0,-0.34431303,0.09374101459980011,0.9721670150756836,0.9460676312446594
YER035W,YGR132C,0,-0.34492236,0.09373202919960022,0.9721670150756836,0.9461677074432373
YGL224C,YPR165W,0,-0.34494323,0.09372304379940033,0.9721670150756836,0.9462677836418152
YBR280C,YLR155C,0,-0.34494835,0.09371406584978104,0.9721670150756836,0.9463678002357483
YBR253W,YNL116W,0,-0.34512907,0.09370508790016174,0.9721670150756836,0.9464678764343262
YEL020C,YDR001C,0,-0.34533703,0.09369610995054245,0.9721670150756836,0.946567952632904
YML131W,YJR159W,0,-0.34548065,0.09368713200092316,0.9721670150756836,0.9466680288314819
YGR271C-A,YOR293W,0,-0.34586573,0.09367816150188446,0.9721670150756836,0.946768045425415
YML039W,YNL221C,1,-0.34623578,0.09376496821641922,0.9731610417366028,0.946768045425415
YGL099W,YPR033C,0,-0.34631222,0.09375598281621933,0.9731610417366028,0.9468681216239929
YGL207W,YEL071W,0,-0.346658,0.09374700486660004,0.9731610417366028,0.9469681978225708
YDL232W,YMR231W,0,-0.34675807,0.09373803436756134,0.9731610417366028,0.9470682144165039
YPR103W,YEL004W,0,-0.34707612,0.09372905641794205,0.9731610417366028,0.9471682906150818
YMR052W,YAL055W,0,-0.34727103,0.09372008591890335,0.9731610417366028,0.9472683668136597
YGL020C,YNL252C,0,-0.3479031,0.09371111541986465,0.9731610417366028,0.9473684430122375
YBL067C,YIL157C,0,-0.34794712,0.09370214492082596,0.9731610417366028,0.9474684596061707
YJL091C,YNL265C,0,-0.3481208,0.09369317442178726,0.9731610417366028,0.9475685358047485
YJL122W,YLR449W,0,-0.34830976,0.09368421137332916,0.9731610417366028,0.9476686120033264
YJL010C,YFL022C,0,-0.34887648,0.09367524832487106,0.9731610417366028,0.9477686882019043
YPL246C,YBL045C,0,-0.34900418,0.09366628527641296,0.9731610417366028,0.9478687047958374
YLR119W,YOR133W,0,-0.3497463,0.09365732222795486,0.9731610417366028,0.9479687809944153
YER021W,YBR139W,0,-0.34984636,0.09364836663007736,0.9731610417366028,0.9480688571929932
YBR280C,YPR023C,0,-0.3501044,0.09363940358161926,0.9731610417366028,0.9481688737869263
YKL096W,YDR506C,0,-0.35012704,0.09363044798374176,0.9731610417366028,0.9482689499855042
YDR020C,YBR215W,0,-0.35016215,0.09362149983644485,0.9731610417366028,0.948369026184082
YMR116C,YHR143W-A,0,-0.35032973,0.09361254423856735,0.9731610417366028,0.9484691023826599
YGR121C,YHR203C,0,-0.35041884,0.09360359609127045,0.9731610417366028,0.948569118976593
YOR231W,YPR033C,0,-0.3505789,0.09359464794397354,0.9731610417366028,0.9486691951751709
YKL018W,YJR077C,0,-0.3507979,0.09358569979667664,0.9731610417366028,0.9487692713737488
YOR307C,YFL022C,0,-0.35137713,0.09357675164937973,0.9731610417366028,0.9488693475723267
YPR023C,YIL157C,0,-0.35186535,0.09356781095266342,0.9731610417366028,0.9489693641662598
YER003C,YER172C,0,-0.3519904,0.09355887025594711,0.9731610417366028,0.9490694403648376
YDL132W,YPR185W,0,-0.3520373,0.0935499295592308,0.9731610417366028,0.9491695165634155
YNL186W,YNR069C,0,-0.35232526,0.0935409888625145,0.9731610417366028,0.9492695331573486
YFL062W,YGL038C,0,-0.35266185,0.09353205561637878,0.9731610417366028,0.9493696093559265
YDR184C,YGL029W,0,-0.35277644,0.09352311491966248,0.9731610417366028,0.9494696855545044
YCR079W,YIL073C,0,-0.35364068,0.09351418167352676,0.9731610417366028,0.9495697617530823
YJL123C,YIL031W,0,-0.3536528,0.09350525587797165,0.9731610417366028,0.9496697783470154
YMR277W,YHR042W,0,-0.3536818,0.09349632263183594,0.9731610417366028,0.9497698545455933
YPL241C,YER006W,0,-0.3537563,0.09348739683628082,0.9731610417366028,0.9498699307441711
YNL124W,YEL046C,0,-0.35459408,0.09347847104072571,0.9731610417366028,0.949970006942749
YGL011C,YPR103W,0,-0.35467649,0.0934695452451706,0.9731610417366028,0.9500700235366821
YBR126C,YGL002W,0,-0.35496816,0.09346061944961548,0.9731610417366028,0.95017009973526
YER166W,YLR449W,0,-0.35510412,0.09345170110464096,0.9731610417366028,0.9502701759338379
YLR431C,YDR051C,0,-0.35516924,0.09344278275966644,0.9731610417366028,0.950370192527771
YCL040W,YDR155C,0,-0.35556924,0.09343386441469193,0.9731610417366028,0.9504702687263489
YLR274W,YOL068C,0,-0.35562173,0.09342494606971741,0.9731610417366028,0.9505703449249268
YLR308W,YNL272C,0,-0.35592198,0.09341602772474289,0.9731610417366028,0.9506704211235046
YGL008C,YLR355C,0,-0.356176,0.09340711683034897,0.9731610417366028,0.9507704377174377
YLR408C,YJL207C,0,-0.35621738,0.09339820593595505,0.9731610417366028,0.9508705139160156
YDR225W,YER122C,0,-0.35723975,0.09338929504156113,0.9731610417366028,0.9509705901145935
YHR121W,YLR272C,0,-0.35769635,0.0933803915977478,0.9731610417366028,0.9510706663131714
YCL019W,YJR029W,1,-0.35829222,0.0934668555855751,0.974155068397522,0.9510706663131714
YBR236C,YGL055W,0,-0.35835615,0.09345794469118118,0.974155068397522,0.9511706829071045
YEL042W,YOL113W,0,-0.35848472,0.09344903379678726,0.974155068397522,0.9512707591056824
YBR152W,YNL087W,0,-0.3592556,0.09344012290239334,0.974155068397522,0.9513708353042603
YNL221C,YNL072W,1,-0.3597908,0.09352654963731766,0.9751490950584412,0.9513708353042603
YEL046C,YBR110W,0,-0.35989845,0.09351763874292374,0.9751490950584412,0.9514709115028381
YDR017C,YJL118W,0,-0.360136,0.09350872039794922,0.9751490950584412,0.9515709280967712
YFR009W,YOL049W,0,-0.3602027,0.0934998095035553,0.9751490950584412,0.9516710042953491
YMR170C,YIL097W,0,-0.36034703,0.09349089860916138,0.9751490950584412,0.951771080493927
YMR011W,YER124C,0,-0.36059278,0.09348198771476746,0.9751490950584412,0.9518710970878601
YLR148W,YLR421C,0,-0.36072716,0.09347308427095413,0.9751490950584412,0.951971173286438
YGL047W,YKR029C,0,-0.36097553,0.09346417337656021,0.9751490950584412,0.9520712494850159
YBL004W,YHL001W,0,-0.36104956,0.09345526993274689,0.9751490950584412,0.9521713256835938
YKR024C,YML065W,0,-0.36112186,0.09344637393951416,0.9751490950584412,0.9522713422775269
YHL022C,YBR223C,1,-0.36132535,0.09353271871805191,0.9761431217193604,0.9522713422775269
YHR121W,YJL138C,0,-0.3613694,0.09352380782365799,0.9761431217193604,0.9523714184761047
YNL053W,YDR119W,0,-0.36195213,0.09351490437984467,0.9761431217193604,0.9524714946746826
YBR302C,YGL254W,0,-0.36200437,0.09350600093603134,0.9761431217193604,0.9525715708732605
YML007W,YDL147W,0,-0.3620776,0.09349709749221802,0.9761431217193604,0.9526715874671936
YHR104W,YOR035C,0,-0.3621688,0.0934881940484047,0.9761431217193604,0.9527716636657715
YGR013W,YBR244W,0,-0.36252505,0.09347929805517197,0.9761431217193604,0.9528717398643494
YHR069C,YML045W,1,-0.3629138,0.09356558322906494,0.9771371483802795,0.9528717398643494
YGL079W,YKL018W,0,-0.36307058,0.09355667978525162,0.9771371483802795,0.9529717564582825
YDR142C,YDR043C,0,-0.3632641,0.0935477763414383,0.9771371483802795,0.9530718326568604
YGL002W,YPR079W,0,-0.36365926,0.09353887289762497,0.9771371483802795,0.9531719088554382
YOL075C,YLR453C,0,-0.3644132,0.09352996945381165,0.9771371483802795,0.9532719850540161
YGL184C,YIL162W,0,-0.36485964,0.09352107346057892,0.9771371483802795,0.9533720016479492
YHR034C,YJR144W,0,-0.36515763,0.09351217746734619,0.9771371483802795,0.9534720778465271
YLR077W,YJL111W,0,-0.36535928,0.09350328147411346,0.9771371483802795,0.953572154045105
YAL015C,YMR050C,1,-0.3659185,0.09358949959278107,0.9781312346458435,0.953572154045105
YEL063C,YCR048W,0,-0.3659762,0.09358059614896774,0.9781312346458435,0.9536722302436829
YML046W,YGR172C,0,-0.36600554,0.09357170015573502,0.9781312346458435,0.953772246837616
YKL091C,YCR102C,0,-0.36700797,0.09356280416250229,0.9781312346458435,0.9538723230361938
YDR311W,YHR203C,0,-0.36706278,0.09355390816926956,0.9781312346458435,0.9539723992347717
YDL178W,YOR202W,0,-0.36728805,0.09354501217603683,0.9781312346458435,0.9540724158287048
YOL089C,YMR231W,0,-0.36739185,0.0935361236333847,0.9781312346458435,0.9541724920272827
YHR016C,YAL061W,0,-0.36739567,0.09352722764015198,0.9781312346458435,0.9542725682258606
YDR206W,YMR083W,0,-0.36749282,0.09351833909749985,0.9781312346458435,0.9543726444244385
YGL020C,YBL067C,0,-0.36840189,0.09350945800542831,0.9781312346458435,0.9544726610183716
YDR016C,YML001W,0,-0.36861247,0.09350056946277618,0.9781312346458435,0.9545727372169495
YER119C,YIL017C,0,-0.36960182,0.09349168837070465,0.9781312346458435,0.9546728134155273
YPL030W,YGL012W,0,-0.36964792,0.09348280727863312,0.9781312346458435,0.9547728896141052
YCR008W,YER170W,0,-0.3703732,0.09347392618656158,0.9781312346458435,0.9548729062080383
YOL008W,YDR171W,0,-0.37043417,0.09346504509449005,0.9781312346458435,0.9549729824066162
YER073W,YER075C,0,-0.37086737,0.09345617145299911,0.9781312346458435,0.9550730586051941
YGR166W,YGL012W,0,-0.3709051,0.09344729036092758,0.9781312346458435,0.9551730751991272
YMR030W,YHR176W,0,-0.3713475,0.09343841671943665,0.9781312346458435,0.9552731513977051
YBR161W,YGL077C,0,-0.37137043,0.0934295505285263,0.9781312346458435,0.955373227596283
YDR348C,YAR014C,0,-0.37173522,0.09342067688703537,0.9781312346458435,0.9554733037948608
YGL184C,YMR167W,0,-0.37254372,0.09341181069612503,0.9781312346458435,0.955573320388794
YJR105W,YER075C,0,-0.37263638,0.09340294450521469,0.9781312346458435,0.9556733965873718
YER006W,YLR378C,0,-0.37293255,0.09339407831430435,0.9781312346458435,0.9557734727859497
YJL209W,YHR196W,0,-0.37305456,0.09338521212339401,0.9781312346458435,0.9558735489845276
YNL209W,YMR309C,0,-0.3731416,0.09337635338306427,0.9781312346458435,0.9559735655784607
YKL049C,YER006W,0,-0.3737523,0.09336749464273453,0.9781312346458435,0.9560736417770386
YGL048C,YPL181W,0,-0.37425703,0.09335863590240479,0.9781312346458435,0.9561737179756165
YIR022W,YDR432W,0,-0.37439254,0.09334977716207504,0.9781312346458435,0.9562737345695496
YNL126W,YOL097C,0,-0.3745329,0.0933409184217453,0.9781312346458435,0.9563738107681274
YGR148C,YML025C,0,-0.37520266,0.09333206713199615,0.9781312346458435,0.9564738869667053
YKL008C,YKL163W,0,-0.3754424,0.09332321584224701,0.9781312346458435,0.9565739631652832
YCR066W,YDL014W,0,-0.3756702,0.09331436455249786,0.9781312346458435,0.9566739797592163
YPL023C,YAR003W,0,-0.37572223,0.09330552071332932,0.9781312346458435,0.9567740559577942
YBL101C,YJR144W,0,-0.37596256,0.09329666942358017,0.9781312346458435,0.9568741321563721
YMR285C,YHR062C,1,-0.37634122,0.09338263422250748,0.9791252613067627,0.9568741321563721
YJR007W,YEL047C,0,-0.37641227,0.09337378293275833,0.9791252613067627,0.95697420835495
YHR039C,YER006W,0,-0.37649447,0.09336493164300919,0.9791252613067627,0.9570742249488831
YNL126W,YLR340W,0,-0.37651372,0.09335608035326004,0.9791252613067627,0.9571743011474609
YGR227W,YPL118W,0,-0.3765505,0.0933472290635109,0.9791252613067627,0.9572743773460388
YGR240C,YBR167C,0,-0.37674236,0.09333838522434235,0.9791252613067627,0.9573744535446167
YGR261C,YPR004C,0,-0.3774219,0.0933295413851738,0.9791252613067627,0.9574744701385498
YCR028C-A,YML026C,0,-0.37752813,0.09332069754600525,0.9791252613067627,0.9575745463371277
YPL217C,YNL209W,0,-0.37805852,0.0933118611574173,0.9791252613067627,0.9576746225357056
YPL256C,YJL104W,0,-0.3780656,0.09330302476882935,0.9791252613067627,0.9577746391296387
YER119C,YJR067C,0,-0.38060045,0.0932941809296608,0.9791252613067627,0.9578747153282166
YML118W,YPL003W,0,-0.38061437,0.09328535199165344,0.9791252613067627,0.9579747915267944
YHR003C,YIL121W,0,-0.38083962,0.09327651560306549,0.9791252613067627,0.9580748677253723
YOR118W,YIL085C,0,-0.38093436,0.09326768666505814,0.9791252613067627,0.9581748843193054
YNL126W,YLR027C,0,-0.3811171,0.09325885027647018,0.9791252613067627,0.9582749605178833
YNR054C,YPR058W,0,-0.3812998,0.09325002133846283,0.9791252613067627,0.9583750367164612
YLR070C,YHR043C,0,-0.3817361,0.09324119985103607,0.9791252613067627,0.9584751129150391
YNL064C,YDL213C,0,-0.382147,0.09323237091302872,0.9791252613067627,0.9585751295089722
YKL011C,YGR276C,1,-0.38234597,0.09331818670034409,0.9801192879676819,0.9585751295089722
YGR261C,YER094C,0,-0.38316768,0.09330935776233673,0.9801192879676819,0.95867520570755
YPR029C,YLR242C,0,-0.38329405,0.09330052882432938,0.9801192879676819,0.9587752819061279
YKL176C,YOR371C,0,-0.38331944,0.09329169988632202,0.9801192879676819,0.958875298500061
YML066C,YIR034C,0,-0.38342184,0.09328287839889526,0.9801192879676819,0.9589753746986389
YPR104C,YJR144W,0,-0.3837665,0.09327404946088791,0.9801192879676819,0.9590754508972168
YER003C,YHR039C,0,-0.38398612,0.09326522797346115,0.9801192879676819,0.9591755270957947
YNL072W,YKL184W,0,-0.38413775,0.0932564064860344,0.9801192879676819,0.9592755436897278
YJL047C,YCL030C,0,-0.38459766,0.09324758499860764,0.9801192879676819,0.9593756198883057
YNL067W,YHR128W,0,-0.38482183,0.09323877096176147,0.9801192879676819,0.9594756960868835
YDR191W,YOR375C,0,-0.3854466,0.09322995692491531,0.9801192879676819,0.9595757722854614
YPR009W,YOR214C,0,-0.38547903,0.09322114288806915,0.9801192879676819,0.9596757888793945
YIL117C,YDR037W,0,-0.38551253,0.09321232885122299,0.9801192879676819,0.9597758650779724
YEL009C,YOR030W,0,-0.38551715,0.09320351481437683,0.9801192879676819,0.9598759412765503
YJL209W,YDR147W,0,-0.38596335,0.09319470822811127,0.9801192879676819,0.9599759578704834
YCR088W,YHR200W,0,-0.38629863,0.0931859016418457,0.9801192879676819,0.9600760340690613
YDL132W,YBR199W,0,-0.38652182,0.09317709505558014,0.9801192879676819,0.9601761102676392
YNL197C,YGL077C,0,-0.38698354,0.09316828846931458,0.9801192879676819,0.960276186466217
YLR242C,YJR161C,0,-0.3874514,0.09315948933362961,0.9801192879676819,0.9603762030601501
YAL033W,YDR280W,1,-0.3880112,0.09324515610933304,0.9811133146286011,0.9603762030601501
YER124C,YAR066W,0,-0.38816643,0.09323634952306747,0.9811133146286011,0.960476279258728
YLR071C,YAR014C,0,-0.38819572,0.09322754293680191,0.9811133146286011,0.9605763554573059
YOR022C,YBR154C,0,-0.38836193,0.09321873635053635,0.9811133146286011,0.9606764316558838
YGR247W,YBR098W,0,-0.3891139,0.09320993721485138,0.9811133146286011,0.9607764482498169
YEL060C,YMR271C,0,-0.38944268,0.09320113062858582,0.9811133146286011,0.9608765244483948
YIL040W,YMR271C,0,-0.3894785,0.09319233149290085,0.9811133146286011,0.9609766006469727
YKL046C,YJL160C,0,-0.3895766,0.09318353235721588,0.9811133146286011,0.9610766172409058
YMR121C,YKR042W,0,-0.3898242,0.09317474067211151,0.9811133146286011,0.9611766934394836
YMR202W,YMR260C,0,-0.3898929,0.09316594153642654,0.9811133146286011,0.9612767696380615
YGR152C,YMR083W,0,-0.3902673,0.09315714985132217,0.9811133146286011,0.9613768458366394
YAR003W,YPR140W,0,-0.3904544,0.0931483581662178,0.9811133146286011,0.9614768624305725
YNL124W,YLR002C,0,-0.39068303,0.09313956648111343,0.9811133146286011,0.9615769386291504
YKL167C,YOR010C,0,-0.39079225,0.09313078224658966,0.9811133146286011,0.9616770148277283
YLR070C,YMR280C,0,-0.39081568,0.09312199056148529,0.9811133146286011,0.9617770910263062
YLR116W,YPL023C,0,-0.39176878,0.09311320632696152,0.9811133146286011,0.9618771076202393
YEL034W,YGL008C,0,-0.3919334,0.09310442209243774,0.9811133146286011,0.9619771838188171
YOR094W,YLR229C,0,-0.392974,0.09309564530849457,0.9811133146286011,0.962077260017395
YPR020W,YDR484W,0,-0.39303997,0.0930868610739708,0.9811133146286011,0.9621772766113281
YJL091C,YGL133W,0,-0.3937199,0.09307808429002762,0.9811133146286011,0.962277352809906
YGR090W,YJL118W,0,-0.39495623,0.09306930750608444,0.9811133146286011,0.9623774290084839
YLR135W,YNL321W,0,-0.39510062,0.09306053072214127,0.9811133146286011,0.9624775052070618
YML093W,YOR073W,0,-0.39513993,0.09305176138877869,0.9811133146286011,0.9625775218009949
YBL036C,YDR084C,0,-0.39535633,0.09304298460483551,0.9811133146286011,0.9626775979995728
YLR332W,YLR256W,0,-0.3955511,0.09303421527147293,0.9811133146286011,0.9627776741981506
YMR280C,YAR014C,0,-0.39617646,0.09302544593811035,0.9811133146286011,0.9628777503967285
YOR368W,YMR024W,1,-0.39639014,0.09311091899871826,0.9821073412895203,0.9628777503967285
YGL017W,YDR027C,0,-0.396428,0.09310214966535568,0.9821073412895203,0.9629777669906616
YML022W,YLR398C,0,-0.3967181,0.0930933728814125,0.9821073412895203,0.9630778431892395
YML066C,YGR271C-A,0,-0.39728314,0.09308460354804993,0.9821073412895203,0.9631779193878174
YER042W,YNR051C,0,-0.39760047,0.09307583421468735,0.9821073412895203,0.9632779955863953
YLR084C,YKL127W,0,-0.39829654,0.09306706488132477,0.9821073412895203,0.9633780121803284
YMR024W,YPL057C,0,-0.39864683,0.09305830299854279,0.9821073412895203,0.9634780883789062
YMR262W,YNL250W,1,-0.3987168,0.09314371645450592,0.9831013679504395,0.9634780883789062
YCL019W,YIL080W,1,-0.39882815,0.09322911500930786,0.9840954542160034,0.9634780883789062
YDR163W,YLL023C,0,-0.3989855,0.09322033822536469,0.9840954542160034,0.9635781645774841
YOL110W,YMR268C,0,-0.39904553,0.09321156144142151,0.9840954542160034,0.9636781811714172
YNL002C,YML019W,0,-0.39939135,0.09320278465747833,0.9840954542160034,0.9637782573699951
YML093W,YOL148C,0,-0.39960024,0.09319401532411575,0.9840954542160034,0.963878333568573
YKL127W,YAL042W,0,-0.39980948,0.09318523854017258,0.9840954542160034,0.9639784097671509
YKL213C,YER183C,0,-0.3998266,0.09317646920681,0.9840954542160034,0.964078426361084
YGR068C,YDR119W,0,-0.40048015,0.09316769987344742,0.9840954542160034,0.9641785025596619
YFL034C-B,YAR066W,0,-0.40052468,0.09315893799066544,0.9840954542160034,0.9642785787582397
YCR093W,YMR224C,1,-0.40075248,0.09324426203966141,0.9850894808769226,0.9642785787582397
YIL158W,YCR008W,0,-0.401226,0.09323548525571823,0.9850894808769226,0.9643786549568176
YCR008W,YHR019C,0,-0.40123242,0.09322671592235565,0.9850894808769226,0.9644786715507507
YBR103W,YOR003W,0,-0.4014546,0.09321794658899307,0.9850894808769226,0.9645787477493286
YOR208W,YGL047W,0,-0.40164042,0.0932091772556305,0.9850894808769226,0.9646788239479065
YNL186W,YKR092C,0,-0.40210268,0.09320041537284851,0.9850894808769226,0.9647788405418396
YDL207W,YPL072W,0,-0.4022767,0.09319164603948593,0.9850894808769226,0.9648789167404175
YGL013C,YLL023C,0,-0.40260166,0.09318288415670395,0.9850894808769226,0.9649789929389954
YDL020C,YIL050W,0,-0.40260464,0.09317412227392197,0.9850894808769226,0.9650790691375732
YIL162W,YBR221C,0,-0.40264156,0.09316536784172058,0.9850894808769226,0.9651790857315063
YKL035W,YJR159W,0,-0.4030804,0.0931566059589386,0.9850894808769226,0.9652791619300842
YLR226W,YDR267C,0,-0.40315247,0.09314785152673721,0.9850894808769226,0.9653792381286621
YCR073C,YHR091C,0,-0.40356404,0.09313909709453583,0.9850894808769226,0.96547931432724
YNL064C,YDR382W,0,-0.40359962,0.09313034266233444,0.9850894808769226,0.9655793309211731
YCR069W,YGL207W,0,-0.4037984,0.09312159568071365,0.9850894808769226,0.965679407119751
YGL250W,YBR216C,0,-0.40383232,0.09311284124851227,0.9850894808769226,0.9657794833183289
YNL102W,YJR063W,1,-0.4055488,0.09319804608821869,0.9860835075378418,0.9657794833183289
YOR094W,YLR110C,0,-0.40567762,0.0931892916560173,0.9860835075378418,0.965879499912262
YOL115W,YDL191W,0,-0.40622315,0.09318053722381592,0.9860835075378418,0.9659795761108398
YGL125W,YKL018W,0,-0.40634632,0.09317178279161453,0.9860835075378418,0.9660796523094177
YER016W,YKR025W,0,-0.4066809,0.09316303580999374,0.9860835075378418,0.9661797285079956
YJL042W,YBR014C,0,-0.40698558,0.09315428882837296,0.9860835075378418,0.9662797451019287
YIL131C,YMR030W,0,-0.40751624,0.09314554184675217,0.9860835075378418,0.9663798213005066
YDR307W,YHR200W,0,-0.40765002,0.09313679486513138,0.9860835075378418,0.9664798974990845
YCR067C,YGL208W,0,-0.40890437,0.09312804788351059,0.9860835075378418,0.9665799736976624
YIL085C,YDR339C,0,-0.40899265,0.0931193083524704,0.9860835075378418,0.9666799902915955
YDR073W,YER094C,0,-0.4090325,0.0931105688214302,0.9860835075378418,0.9667800664901733
YMR113W,YDR394W,0,-0.40919054,0.09310182929039001,0.9860835075378418,0.9668801426887512
YPL081W,YJR002W,0,-0.4095345,0.09309308975934982,0.9860835075378418,0.9669801592826843
YER160C,YJR029W,1,-0.40973374,0.09317819029092789,0.987077534198761,0.9669801592826843
YMR277W,YCR048W,0,-0.40981114,0.0931694507598877,0.987077534198761,0.9670802354812622
YPL047W,YDR027C,0,-0.4098827,0.0931607112288475,0.987077534198761,0.9671803116798401
YBR235W,YMR190C,0,-0.40988463,0.09315197169780731,0.987077534198761,0.967280387878418
YBL006C,YER157W,0,-0.41011775,0.09314323216676712,0.987077534198761,0.9673804044723511
YLR222C,YOR360C,0,-0.4104851,0.09313449263572693,0.987077534198761,0.967480480670929
YOR234C,YBL002W,0,-0.41050395,0.09312576055526733,0.987077534198761,0.9675805568695068
YNL072W,YIL103W,0,-0.41103733,0.09311702847480774,0.987077534198761,0.9676806330680847
YDR182W,YLR178C,0,-0.4113448,0.09310829639434814,0.987077534198761,0.9677806496620178
YGR198W,YML001W,0,-0.41142818,0.09309957176446915,0.987077534198761,0.9678807258605957
YCL038C,YGL156W,0,-0.41175377,0.09309083968400955,0.987077534198761,0.9679808020591736
YGL001C,YIL023C,0,-0.41227418,0.09308211505413055,0.987077534198761,0.9680808782577515
YHR050W,YNL312W,0,-0.41233882,0.09307339042425156,0.987077534198761,0.9681808948516846
YKL086W,YGR065C,0,-0.41339093,0.09306466579437256,0.987077534198761,0.9682809710502625
YHR084W,YPR056W,0,-0.41350502,0.09305594861507416,0.987077534198761,0.9683810472488403
YOL088C,YMR271C,0,-0.41426468,0.09304722398519516,0.987077534198761,0.9684810638427734
YHL022C,YLR272C,0,-0.41429466,0.09303850680589676,0.987077534198761,0.9685811400413513
YDR311W,YJL177W,0,-0.41441795,0.09302978962659836,0.987077534198761,0.9686812162399292
YAL032C,YJR019C,0,-0.414858,0.09302107989788055,0.987077534198761,0.9687812924385071
YOR362C,YEL011W,0,-0.4158973,0.09301236271858215,0.987077534198761,0.9688813090324402
YEL077C,YNL003C,0,-0.41596767,0.09300365298986435,0.987077534198761,0.9689813852310181
YNL300W,YMR266W,0,-0.41632938,0.09299494326114655,0.987077534198761,0.969081461429596
YOR095C,YER075C,0,-0.41649827,0.09298623353242874,0.987077534198761,0.9691815376281738
YJL159W,YGL012W,0,-0.41673297,0.09297753125429153,0.987077534198761,0.9692815542221069
YER003C,YBR228W,0,-0.41684234,0.09296882152557373,0.987077534198761,0.9693816304206848
YGR227W,YKL120W,0,-0.4168527,0.09296011924743652,0.987077534198761,0.9694817066192627
YHR200W,YLR362W,0,-0.41705576,0.09295141696929932,0.987077534198761,0.9695817232131958
YLR308W,YBR244W,0,-0.4170749,0.09294271469116211,0.987077534198761,0.9696817994117737
YPL055C,YCR033W,0,-0.41723996,0.0929340198636055,0.987077534198761,0.9697818756103516
YKL113C,YJR063W,1,-0.41764683,0.09301890432834625,0.9880715608596802,0.9697818756103516
YPR061C,YPL187W,0,-0.41784447,0.09301020205020905,0.9880715608596802,0.9698819518089294
YCL019W,YJL160C,0,-0.4182898,0.09300149977207184,0.9880715608596802,0.9699819684028625
YDL212W,YDR001C,0,-0.41957527,0.09299279749393463,0.9880715608596802,0.9700820446014404
YFR042W,YBL101C,0,-0.41964978,0.09298409521579742,0.9880715608596802,0.9701821208000183
YJL076W,YKL211C,0,-0.41983023,0.09297540038824081,0.9880715608596802,0.9702821969985962
YIL041W,YER004W,0,-0.42002246,0.0929667055606842,0.9880715608596802,0.9703822135925293
YHR007C,YAL009W,0,-0.42103544,0.0929580107331276,0.9880715608596802,0.9704822897911072
YEL063C,YLR089C,0,-0.42134976,0.09294931590557098,0.9880715608596802,0.9705823659896851
YML062C,YIL114C,0,-0.4227277,0.09294062852859497,0.9880715608596802,0.9706823825836182
YJR105W,YOR375C,0,-0.42301786,0.09293193370103836,0.9880715608596802,0.970782458782196
YBR234C,YML065W,0,-0.42307985,0.09292324632406235,0.9880715608596802,0.9708825349807739
YPL164C,YKL096W,0,-0.42344955,0.09291456639766693,0.9880715608596802,0.9709826111793518
YIL117C,YBR229C,0,-0.42425033,0.09290587902069092,0.9880715608596802,0.9710826277732849
YIL082W-A,YPL037C,0,-0.42432836,0.0928971990942955,0.9880715608596802,0.9711827039718628
YIL041W,YGL043W,0,-0.42451063,0.09288851171731949,0.9880715608596802,0.9712827801704407
YOR140W,YBR154C,0,-0.42486897,0.09287983924150467,0.9880715608596802,0.9713828563690186
YIL127C,YER016W,0,-0.4257866,0.09287115931510925,0.9880715608596802,0.9714828729629517
YBR210W,YOR344C,0,-0.426039,0.09286247938871384,0.9880715608596802,0.9715829491615295
YDL181W,YDL004W,0,-0.4261839,0.09285380691289902,0.9880715608596802,0.9716830253601074
YDL052C,YOR171C,0,-0.42628166,0.0928451344370842,0.9880715608596802,0.9717830419540405
YLR081W,YJL020C,0,-0.42642948,0.09283646196126938,0.9880715608596802,0.9718831181526184
YDR142C,YJR161C,0,-0.4267456,0.09282778948545456,0.9880715608596802,0.9719831943511963
YOR007C,YPR066W,0,-0.42711455,0.09281912446022034,0.9880715608596802,0.9720832705497742
YEL060C,YML121W,0,-0.42730117,0.09281045943498611,0.9880715608596802,0.9721832871437073
YHR216W,YER157W,0,-0.42746294,0.09280179440975189,0.9880715608596802,0.9722833633422852
YHR115C,YOL021C,0,-0.4277258,0.09279312938451767,0.9880715608596802,0.972383439540863
YPL266W,YIL110W,0,-0.42797482,0.09278446435928345,0.9880715608596802,0.9724835157394409
YBR234C,YDR153C,0,-0.42805046,0.09277580678462982,0.9880715608596802,0.972583532333374
YGR172C,YJL104W,0,-0.4280698,0.0927671492099762,0.9880715608596802,0.9726836085319519
YIL117C,YNL229C,0,-0.42810407,0.09275849163532257,0.9880715608596802,0.9727836847305298
YCR068W,YCR083W,0,-0.42813212,0.09274983406066895,0.9880715608596802,0.9728837013244629
YDL181W,YNL222W,0,-0.428205,0.09274118393659592,0.9880715608596802,0.9729837775230408
YOL097C,YML093W,0,-0.42827162,0.09273253381252289,0.9880715608596802,0.9730838537216187
YCR008W,YDL014W,0,-0.42829165,0.09272388368844986,0.9880715608596802,0.9731839299201965
YHR107C,YDR480W,0,-0.42887318,0.09271523356437683,0.9880715608596802,0.9732839465141296
YDL155W,YOL058W,0,-0.4289472,0.0927065834403038,0.9880715608596802,0.9733840227127075
YLR057W,YGL097W,0,-0.42958608,0.09269794076681137,0.9880715608596802,0.9734840989112854
YML072C,YJR077C,0,-0.4303637,0.09268929809331894,0.9880715608596802,0.9735841751098633
YBR216C,YGR172C,0,-0.43060803,0.09268065541982651,0.9880715608596802,0.9736841917037964
YDR141C,YOR303W,0,-0.43069518,0.09267201274633408,0.9880715608596802,0.9737842679023743
YCL011C,YAR066W,0,-0.431251,0.09266337007284164,0.9880715608596802,0.9738843441009521
YOL017W,YIL040W,0,-0.43179762,0.09265473484992981,0.9880715608596802,0.97398442029953
YOR361C,YDR450W,0,-0.43208063,0.09264609962701797,0.9880715608596802,0.9740844368934631
YGL131C,YGR163W,0,-0.43219745,0.09263746440410614,0.9880715608596802,0.974184513092041
YHR043C,YOR030W,0,-0.43224165,0.0926288291811943,0.9880715608596802,0.9742845892906189
YML110C,YDR171W,0,-0.43254367,0.09262020140886307,0.9880715608596802,0.974384605884552
YNL075W,YOL039W,0,-0.43361893,0.09261157363653183,0.9880715608596802,0.9744846820831299
YPL032C,YJR137C,0,-0.4342857,0.09260294586420059,0.9880715608596802,0.9745847582817078
YGR048W,YER183C,0,-0.43526113,0.09259431809186935,0.9880715608596802,0.9746848344802856
YOR234C,YCR043C,0,-0.43536472,0.09258569031953812,0.9880715608596802,0.9747848510742188
YDR446W,YNL116W,0,-0.4356662,0.09257706999778748,0.9880715608596802,0.9748849272727966
YDR155C,YIL065C,0,-0.43568522,0.09256844967603683,0.9880715608596802,0.9749850034713745
YNL186W,YLR222C,0,-0.43680418,0.0925598293542862,0.9880715608596802,0.9750850796699524
YML024W,YMR260C,0,-0.43806994,0.09255120903253555,0.9880715608596802,0.9751850962638855
YER026C,YDR267C,0,-0.43844345,0.09254259616136551,0.9880715608596802,0.9752851724624634
YGR271C-A,YHL013C,0,-0.4387307,0.09253397583961487,0.9880715608596802,0.9753852486610413
YJR043C,YML001W,0,-0.43927288,0.09252536296844482,0.9880715608596802,0.9754852652549744
YLR059C,YMR285C,1,-0.43942213,0.09260983020067215,0.9890655875205994,0.9754852652549744
YPR020W,YCL010C,0,-0.44046688,0.09260120987892151,0.9890655875205994,0.9755853414535522
YKR081C,YNL186W,0,-0.44087422,0.09259258955717087,0.9890655875205994,0.9756854176521301
YNL177C,YML010W,0,-0.4410574,0.09258397668600082,0.9890655875205994,0.975785493850708
YPL212C,YML046W,0,-0.44174457,0.09257536381483078,0.9890655875205994,0.9758855104446411
YPL227C,YKR024C,0,-0.44194204,0.09256675094366074,0.9890655875205994,0.975985586643219
YGL097W,YML065W,0,-0.44239458,0.09255813807249069,0.9890655875205994,0.9760856628417969
YPL086C,YJR064W,0,-0.4432509,0.09254953265190125,0.9890655875205994,0.9761857390403748
YGL131C,YDR155C,0,-0.44341153,0.0925409197807312,0.9890655875205994,0.9762857556343079
YER183C,YNL241C,0,-0.44378692,0.09253231436014175,0.9890655875205994,0.9763858318328857
YMR266W,YMR202W,0,-0.4438133,0.09252370893955231,0.9890655875205994,0.9764859080314636
YHR069C,YOL142W,1,-0.44382125,0.09260808676481247,0.9900596141815186,0.9764859080314636
YDL168W,YER016W,0,-0.44416255,0.09259948134422302,0.9900596141815186,0.9765859246253967
YPL212C,YGL097W,0,-0.44447088,0.09259086847305298,0.9900596141815186,0.9766860008239746
YBL050W,YPR079W,0,-0.44458538,0.09258226305246353,0.9900596141815186,0.9767860770225525
YIR007W,YEL071W,0,-0.444632,0.09257365763187408,0.9900596141815186,0.9768861532211304
YCR068W,YGR206W,0,-0.444976,0.09256505221128464,0.9900596141815186,0.9769861698150635
YPR065W,YLR355C,0,-0.44498986,0.09255645424127579,0.9900596141815186,0.9770862460136414
YGR231C,YBL003C,0,-0.44551858,0.09254785627126694,0.9900596141815186,0.9771863222122192
YOR229W,YBR018C,0,-0.4456744,0.09253925830125809,0.9900596141815186,0.9772863984107971
YBR056W,YER018C,0,-0.44569468,0.09253066033124924,0.9900596141815186,0.9773864150047302
YDR141C,YOL058W,0,-0.44596124,0.09252206236124039,0.9900596141815186,0.9774864912033081
YKL091C,YML007W,0,-0.44605255,0.09251347184181213,0.9900596141815186,0.977586567401886
YLR035C,YDR489W,0,-0.447301,0.09250487387180328,0.9900596141815186,0.9776865839958191
YDL212W,YOR196C,0,-0.44736084,0.09249628335237503,0.9900596141815186,0.977786660194397
YHR196W,YIR010W,0,-0.44762444,0.09248769283294678,0.9900596141815186,0.9778867363929749
YNL085W,YGR158C,1,-0.4479136,0.09257195889949799,0.9910537004470825,0.9778867363929749
YPR061C,YIR022W,0,-0.44822294,0.09256336092948914,0.9910537004470825,0.9779868125915527
YDL212W,YGR207C,0,-0.44850242,0.09255477041006088,0.9910537004470825,0.9780868291854858
YJL184W,YKR042W,0,-0.44882545,0.09254617989063263,0.9910537004470825,0.9781869053840637
YGL020C,YBR056W,0,-0.4500944,0.09253758937120438,0.9910537004470825,0.9782869815826416
YNL106C,YDL236W,0,-0.45043576,0.09252899885177612,0.9910537004470825,0.9783870577812195
YOR048C,YMR239C,1,-0.45122546,0.09261321276426315,0.9920477271080017,0.9783870577812195
YBR133C,YKL120W,0,-0.45156136,0.0926046222448349,0.9920477271080017,0.9784870743751526
YDL156W,YGL044C,0,-0.45158106,0.09259603172540665,0.9920477271080017,0.9785871505737305
YJR086W,YMR030W,0,-0.4520141,0.0925874412059784,0.9920477271080017,0.9786872267723083
YHL033C,YJL138C,0,-0.45225543,0.09257885068655014,0.9920477271080017,0.9787872433662415
YDR119W,YEL042W,0,-0.45351595,0.09257026016712189,0.9920477271080017,0.9788873195648193
YAL014C,YNL336W,0,-0.45357165,0.09256167709827423,0.9920477271080017,0.9789873957633972
YPL266W,YGL097W,0,-0.45363647,0.09255309402942657,0.9920477271080017,0.9790874719619751
YNL037C,YJL092W,0,-0.45379218,0.09254451096057892,0.9920477271080017,0.9791874885559082
YLR369W,YER183C,0,-0.45386,0.09253592789173126,0.9920477271080017,0.9792875647544861
YPL088W,YLL052C,0,-0.45573333,0.0925273522734642,0.9920477271080017,0.979387640953064
YGR128C,YKL216W,0,-0.45624328,0.09251876920461655,0.9920477271080017,0.9794877171516418
YDR432W,YFR009W,0,-0.45715356,0.09251019358634949,0.9920477271080017,0.979587733745575
YJL151C,YDR307W,0,-0.4573731,0.09250162541866302,0.9920477271080017,0.9796878099441528
YOL142W,YCR035C,1,-0.45799863,0.0925857275724411,0.9930417537689209,0.9796878099441528
YPL237W,YML046W,0,-0.45807788,0.09257714450359344,0.9930417537689209,0.9797878861427307
YCR102C,YDL161W,0,-0.45848447,0.09256856888532639,0.9930417537689209,0.9798879623413086
YDR294C,YCL038C,0,-0.4589682,0.09255999326705933,0.9930417537689209,0.9799879789352417
YML075C,YKR039W,0,-0.45909557,0.09255141764879227,0.9930417537689209,0.9800880551338196
YDR349C,YDL122W,0,-0.4603048,0.09254284203052521,0.9930417537689209,0.9801881313323975
YOL091W,YLL005C,0,-0.46053413,0.09253427386283875,0.9930417537689209,0.9802881479263306
YGR183C,YBR014C,0,-0.46102893,0.09252569824457169,0.9930417537689209,0.9803882241249084
YFR028C,YMR044W,0,-0.46185908,0.09251713007688522,0.9930417537689209,0.9804883003234863
YDL064W,YMR277W,0,-0.46230847,0.09250856190919876,0.9930417537689209,0.9805883765220642
YGL208W,YJR161C,0,-0.4624374,0.0925000011920929,0.9930417537689209,0.9806883931159973
YLR272C,YOL058W,0,-0.46255708,0.09249143302440643,0.9930417537689209,0.9807884693145752
YGL121C,YLR362W,0,-0.4630906,0.09248287230730057,0.9930417537689209,0.9808885455131531
YHR124W,YBR104W,0,-0.46324176,0.0924743115901947,0.9930417537689209,0.980988621711731
YOR173W,YER026C,0,-0.46331918,0.09246575087308884,0.9930417537689209,0.9810886383056641
YER144C,YJR095W,0,-0.4635787,0.09245719760656357,0.9930417537689209,0.9811887145042419
YBR302C,YBL099W,0,-0.46366373,0.0924486368894577,0.9930417537689209,0.9812887907028198
YML078W,YAL061W,0,-0.4638928,0.09244008362293243,0.9930417537689209,0.9813888072967529
YEL011W,YHR016C,0,-0.46425682,0.09243153035640717,0.9930417537689209,0.9814888834953308
YPL032C,YHR183W,0,-0.467066,0.0924229845404625,0.9930417537689209,0.9815889596939087
YHR121W,YNL087W,0,-0.4679488,0.09241443127393723,0.9930417537689209,0.9816890358924866
YFL050C,YPR058W,0,-0.4683673,0.09240588545799255,0.9930417537689209,0.9817890524864197
YKL157W,YPL249C,0,-0.46837467,0.09239733964204788,0.9930417537689209,0.9818891286849976
YBL102W,YDL214C,0,-0.4688182,0.09238879382610321,0.9930417537689209,0.9819892048835754
YPL081W,YOR153W,0,-0.46890682,0.09238024801015854,0.9930417537689209,0.9820892810821533
YGR028W,YNL305C,0,-0.46908656,0.09237170964479446,0.9930417537689209,0.9821892976760864
YMR293C,YML126C,0,-0.46925357,0.09236316382884979,0.9930417537689209,0.9822893738746643
YGR109C,YEL026W,0,-0.46930328,0.09235462546348572,0.9930417537689209,0.9823894500732422
YPR029C,YPL055C,0,-0.46934846,0.09234608709812164,0.9930417537689209,0.9824894666671753
YDR462W,YGR065C,0,-0.4696501,0.09233755618333817,0.9930417537689209,0.9825895428657532
YOL088C,YJR091C,0,-0.47055078,0.09232901781797409,0.9930417537689209,0.982689619064331
YBR203W,YBR126C,0,-0.47063538,0.09232048690319061,0.9930417537689209,0.9827896952629089
YMR197C,YPL003W,0,-0.4706991,0.09231195598840714,0.9930417537689209,0.982889711856842
YBR290W,YDR264C,0,-0.47082758,0.09230342507362366,0.9930417537689209,0.9829897880554199
YHL002W,YCR083W,0,-0.47133702,0.09229490160942078,0.9930417537689209,0.9830898642539978
YML110C,YGR132C,0,-0.47202864,0.0922863706946373,0.9930417537689209,0.9831899404525757
YMR189W,YPL037C,0,-0.47236,0.09227784723043442,0.9930417537689209,0.9832899570465088
YMR244C-A,YKR029C,0,-0.47334033,0.09226932376623154,0.9930417537689209,0.9833900332450867
YPR079W,YLR362W,0,-0.4738786,0.09226080775260925,0.9930417537689209,0.9834901094436646
YKL188C,YPR103W,0,-0.47413093,0.09225228428840637,0.9930417537689209,0.9835901260375977
YJL210W,YDR489W,0,-0.4741818,0.09224376827478409,0.9930417537689209,0.9836902022361755
YHR112C,YNL336W,0,-0.47434825,0.0922352522611618,0.9930417537689209,0.9837902784347534
YDR408C,YBR227C,0,-0.475297,0.09222673624753952,0.9930417537689209,0.9838903546333313
YML066C,YHR203C,0,-0.47572002,0.09221822023391724,0.9930417537689209,0.9839903712272644
YDR382W,YCR008W,0,-0.47580647,0.09220971167087555,0.9930417537689209,0.9840904474258423
YLR388W,YDR382W,0,-0.4759717,0.09220120310783386,0.9930417537689209,0.9841905236244202
YML010W,YOR295W,0,-0.47645432,0.09219269454479218,0.9930417537689209,0.984290599822998
YKR080W,YOL021C,0,-0.47647876,0.09218418598175049,0.9930417537689209,0.9843906164169312
YLR034C,YER004W,0,-0.47664493,0.0921756774187088,0.9930417537689209,0.984490692615509
YIL091C,YDR324C,0,-0.4768545,0.09216717630624771,0.9930417537689209,0.9845907688140869
YOR056C,YIL082W-A,1,-0.4771976,0.09225092083215714,0.9940357804298401,0.9845907688140869
YOR149C,YHR143W-A,0,-0.47723567,0.09224241226911545,0.9940357804298401,0.98469078540802
YPL237W,YBL004W,0,-0.47755754,0.09223390370607376,0.9940357804298401,0.9847908616065979
YEL020C,YMR170C,0,-0.47873992,0.09222540259361267,0.9940357804298401,0.9848909378051758
YOR208W,YDR255C,0,-0.47876525,0.09221689403057098,0.9940357804298401,0.9849910140037537
YKR056W,YHR062C,1,-0.47965667,0.09230060130357742,0.9950298070907593,0.9849910140037537
YBR135W,YNL093W,0,-0.4809053,0.09229209274053574,0.9950298070907593,0.9850910305976868
YGL121C,YGR163W,0,-0.48133886,0.09228358417749405,0.9950298070907593,0.9851911067962646
YOR361C,YNL087W,0,-0.48146498,0.09227507561445236,0.9950298070907593,0.9852911829948425
YAR003W,YBR293W,0,-0.4837905,0.09226656705141068,0.9950298070907593,0.9853912591934204
YOR321W,YNL241C,0,-0.48501486,0.09225806593894958,0.9950298070907593,0.9854912757873535
YKL091C,YCL038C,0,-0.48547256,0.0922495648264885,0.9950298070907593,0.9855913519859314
YGL166W,YPR165W,0,-0.4855035,0.0922410637140274,0.9950298070907593,0.9856914281845093
YPL012W,YOR133W,0,-0.48703355,0.09223256260156631,0.9950298070907593,0.9857915043830872
YGL017W,YGR132C,0,-0.48705244,0.09222406148910522,0.9950298070907593,0.9858915209770203
YKR081C,YDL155W,0,-0.48813337,0.09221556782722473,0.9950298070907593,0.9859915971755981
YPL181W,YER094C,0,-0.488182,0.09220707416534424,0.9950298070907593,0.986091673374176
YHR196W,YIL114C,0,-0.488357,0.09219858050346375,0.9950298070907593,0.9861916899681091
YLR233C,YML001W,0,-0.49142888,0.09219008684158325,0.9950298070907593,0.986291766166687
YGL234W,YCR043C,0,-0.49308753,0.09218160063028336,0.9950298070907593,0.9863918423652649
YOR100C,YBR135W,0,-0.49340808,0.09217311441898346,0.9950298070907593,0.9864919185638428
YLR240W,YER004W,0,-0.4941465,0.09216462820768356,0.9950298070907593,0.9865919351577759
YAL042W,YNL116W,0,-0.49504405,0.09215614199638367,0.9950298070907593,0.9866920113563538
YPL055C,YHR098C,0,-0.4950527,0.09214765578508377,0.9950298070907593,0.9867920875549316
YIL041W,YKL157W,0,-0.49510545,0.09213917702436447,0.9950298070907593,0.9868921637535095
YGL124C,YLR421C,0,-0.49584037,0.09213069826364517,0.9950298070907593,0.9869921803474426
YJL159W,YML058W,0,-0.4988028,0.09212221950292587,0.9950298070907593,0.9870922565460205
YJL204C,YAR066W,0,-0.4991564,0.09211374074220657,0.9950298070907593,0.9871923327445984
YLL036C,YDR382W,0,-0.4995429,0.09210526198148727,0.9950298070907593,0.9872923493385315
YIR034C,YOL049W,0,-0.49990118,0.09209679067134857,0.9950298070907593,0.9873924255371094
YOL017W,YER073W,0,-0.5020638,0.09208831936120987,0.9950298070907593,0.9874925017356873
YOR210W,YML019W,0,-0.5027922,0.09207984805107117,0.9950298070907593,0.9875925779342651
YCL033C,YER094C,0,-0.5030121,0.09207137674093246,0.9950298070907593,0.9876925945281982
YJR090C,YOR371C,0,-0.503081,0.09206290543079376,0.9950298070907593,0.9877926707267761
YPL266W,YOR133W,0,-0.5040645,0.09205444157123566,0.9950298070907593,0.987892746925354
YJL151C,YNL003C,0,-0.5050598,0.09204597771167755,0.9950298070907593,0.9879928231239319
YGL184C,YNL336W,0,-0.50574696,0.09203751385211945,0.9950298070907593,0.988092839717865
YHR200W,YBL101C,0,-0.50730824,0.09202904999256134,0.9950298070907593,0.9881929159164429
YGR215W,YLR229C,0,-0.5091102,0.09202059358358383,0.9950298070907593,0.9882929921150208
YNL257C,YPR009W,0,-0.5102887,0.09201213717460632,0.9950298070907593,0.9883930087089539
YIR033W,YGR033C,0,-0.5113207,0.09200367331504822,0.9950298070907593,0.9884930849075317
YNL124W,YCR048W,0,-0.5124092,0.0919952243566513,0.9950298070907593,0.9885931611061096
YNR012W,YJL050W,0,-0.5129282,0.0919867679476738,0.9950298070907593,0.9886932373046875
YPR183W,YLR035C,0,-0.5134819,0.09197831153869629,0.9950298070907593,0.9887932538986206
YML058W,YKL148C,0,-0.5152827,0.09196986258029938,0.9950298070907593,0.9888933300971985
YLR336C,YLR449W,0,-0.5159693,0.09196141362190247,0.9950298070907593,0.9889934062957764
YER124C,YOL058W,0,-0.51665926,0.09195296466350555,0.9950298070907593,0.9890934824943542
YGR087C,YMR106C,0,-0.51858455,0.09194452315568924,0.9950298070907593,0.9891934990882874
YPL212C,YDR324C,0,-0.5202772,0.09193607419729233,0.9950298070907593,0.9892935752868652
YDL025C,YGR209C,0,-0.5221953,0.09192763268947601,0.9950298070907593,0.9893936514854431
YAR014C,YFR009W,0,-0.5253979,0.0919191911816597,0.9950298070907593,0.9894936680793762
YDR462W,YGL047W,0,-0.52631456,0.09191074967384338,0.9950298070907593,0.9895937442779541
YHL022C,YGL175C,1,-0.5263569,0.09199412167072296,0.9960238337516785,0.9895937442779541
YOR048C,YOL021C,1,-0.52678657,0.09207747876644135,0.9970179200172424,0.9895937442779541
YNL085W,YMR024W,1,-0.52719855,0.09216082096099854,0.9980119466781616,0.9895937442779541
YDL126C,YKR086W,0,-0.5287426,0.09215236455202103,0.9980119466781616,0.989693820476532
YOL110W,YHR104W,0,-0.52895075,0.09214390814304352,0.9980119466781616,0.9897938966751099
YKR081C,YLR002C,0,-0.5310121,0.09213545173406601,0.9980119466781616,0.989893913269043
YMR236W,YIL105C,0,-0.532929,0.0921269953250885,0.9980119466781616,0.9899939894676208
YKR060W,YPL086C,0,-0.53608376,0.09211854636669159,0.9980119466781616,0.9900940656661987
YER021W,YOL044W,0,-0.53647023,0.09211008995771408,0.9980119466781616,0.9901941418647766
YNL222W,YKL193C,0,-0.5368075,0.09210164099931717,0.9980119466781616,0.9902941584587097
YNL209W,YNL067W,0,-0.53726363,0.09209319204092026,0.9980119466781616,0.9903942346572876
YIR022W,YOR028C,0,-0.53934026,0.09208475053310394,0.9980119466781616,0.9904943108558655
YDL155W,YPL086C,0,-0.5394148,0.09207630157470703,0.9980119466781616,0.9905943274497986
YLR084C,YJL002C,0,-0.54236716,0.09206786006689072,0.9980119466781616,0.9906944036483765
YJR007W,YEL009C,0,-0.5433107,0.0920594185590744,0.9980119466781616,0.9907944798469543
YPL217C,YER118C,0,-0.544103,0.09205097705125809,0.9980119466781616,0.9908945560455322
YHR216W,YDL212W,0,-0.54473263,0.09204253554344177,0.9980119466781616,0.9909945726394653
YDL025C,YPR165W,0,-0.545586,0.09203410148620605,0.9980119466781616,0.9910946488380432
YER006W,YJR002W,0,-0.54743093,0.09202566742897034,0.9980119466781616,0.9911947250366211
YHR187W,YJL111W,0,-0.5478678,0.09201723337173462,0.9980119466781616,0.991294801235199
YOR190W,YPL181W,0,-0.5499343,0.0920087993144989,0.9980119466781616,0.9913948178291321
YLR342W,YNL252C,0,-0.55066407,0.09200036525726318,0.9980119466781616,0.99149489402771
YDL239C,YLR178C,0,-0.5511694,0.09199193865060806,0.9980119466781616,0.9915949702262878
YMR170C,YCR097W,0,-0.55140257,0.09198351204395294,0.9980119466781616,0.9916950464248657
YNL186W,YHR072W,0,-0.55170864,0.09197508543729782,0.9980119466781616,0.9917950630187988
YER019W,YOL044W,0,-0.55176234,0.0919666588306427,0.9980119466781616,0.9918951392173767
YOL041C,YJL104W,0,-0.55245554,0.09195823222398758,0.9980119466781616,0.9919952154159546
YKL086W,YGL201C,0,-0.55381674,0.09194981306791306,0.9980119466781616,0.9920952320098877
YCL033C,YPL088W,0,-0.55571294,0.09194139391183853,0.9980119466781616,0.9921953082084656
YJR019C,YJL093C,0,-0.5561306,0.09193297475576401,0.9980119466781616,0.9922953844070435
YJL204C,YGL055W,0,-0.5565314,0.09192455559968948,0.9980119466781616,0.9923954606056213
YBR126C,YGL011C,0,-0.5566534,0.09191614389419556,0.9980119466781616,0.9924954771995544
YLR320W,YOL033W,0,-0.55689317,0.09190772473812103,0.9980119466781616,0.9925955533981323
YJR105W,YGL020C,0,-0.5570233,0.0918993130326271,0.9980119466781616,0.9926956295967102
YCR069W,YBR139W,0,-0.5607512,0.09189090132713318,0.9980119466781616,0.9927957057952881
YFR051C,YOL058W,0,-0.5618965,0.09188248962163925,0.9980119466781616,0.9928957223892212
YDL150W,YEL042W,0,-0.5621019,0.09187408536672592,0.9980119466781616,0.9929957985877991
YIR034C,YIL065C,0,-0.56617934,0.09186568111181259,0.9980119466781616,0.993095874786377
YER065C,YBR127C,0,-0.56654125,0.09185727685689926,0.9980119466781616,0.9931958913803101
YOR371C,YOR231W,0,-0.5682128,0.09184887260198593,0.9980119466781616,0.9932959675788879
YDL213C,YML075C,0,-0.5710743,0.0918404683470726,0.9980119466781616,0.9933960437774658
YLL036C,YLR449W,0,-0.57149017,0.09183207154273987,0.9980119466781616,0.9934961199760437
YPL217C,YJR064W,0,-0.5719393,0.09182366728782654,0.9980119466781616,0.9935961365699768
YOL039W,YDL213C,0,-0.57297903,0.0918152704834938,0.9980119466781616,0.9936962127685547
YJL138C,YOR153W,0,-0.5736049,0.09180687367916107,0.9980119466781616,0.9937962889671326
YLR423C,YMR030W,0,-0.57437986,0.09179848432540894,0.9980119466781616,0.9938963651657104
YKR081C,YPL241C,0,-0.5769235,0.0917900875210762,0.9980119466781616,0.9939963817596436
YML025C,YNL220W,0,-0.5822198,0.09178169816732407,0.9980119466781616,0.9940964579582214
YKL091C,YCR069W,0,-0.5829919,0.09177330881357193,0.9980119466781616,0.9941965341567993
YBR235W,YAR066W,0,-0.5847234,0.0917649194598198,0.9980119466781616,0.9942965507507324
YNR054C,YJL010C,0,-0.5855034,0.09175653755664825,0.9980119466781616,0.9943966269493103
YGR257C,YIR035C,0,-0.5909364,0.09174814820289612,0.9980119466781616,0.9944967031478882
YFL009W,YDR097C,0,-0.59115547,0.09173976629972458,0.9980119466781616,0.9945967793464661
YBR079C,YJL076W,0,-0.5921196,0.09173138439655304,0.9980119466781616,0.9946967959403992
YBR084C-A,YBL009W,0,-0.59319985,0.0917230024933815,0.9980119466781616,0.994796872138977
YDL052C,YEL042W,0,-0.5943556,0.09171462804079056,0.9980119466781616,0.9948969483375549
YHR072W,YDR324C,0,-0.59970087,0.09170624613761902,0.9980119466781616,0.9949970245361328
YCL038C,YGL145W,0,-0.5999649,0.09169787168502808,0.9980119466781616,0.9950970411300659
YPR058W,YML046W,0,-0.6003854,0.09168949723243713,0.9980119466781616,0.9951971173286438
YNL209W,YDR382W,0,-0.6070117,0.09168112277984619,0.9980119466781616,0.9952971935272217
YNR012W,YPL108W,0,-0.6141224,0.09167275577783585,0.9980119466781616,0.9953972101211548
YNL264C,YHR050W,0,-0.61815804,0.0916643813252449,0.9980119466781616,0.9954972863197327
YGL047W,YNL305C,0,-0.6206302,0.09165601432323456,0.9980119466781616,0.9955973625183105
YJR019C,YIL017C,0,-0.6232455,0.09164764732122421,0.9980119466781616,0.9956974387168884
YJL104W,YEL003W,0,-0.62411875,0.09163928776979446,0.9980119466781616,0.9957974553108215
YGL001C,YFL062W,0,-0.62485605,0.09163092076778412,0.9980119466781616,0.9958975315093994
YOR361C,YHR065C,0,-0.63308746,0.09162256121635437,0.9980119466781616,0.9959976077079773
YBL100W-B,YCL019W,1,-0.63375765,0.09170544892549515,0.9990059733390808,0.9959976077079773
YHR203C,YOR133W,0,-0.6382247,0.0916970819234848,0.9990059733390808,0.9960976839065552
YMR260C,YBR154C,0,-0.6400407,0.09168871492147446,0.9990059733390808,0.9961977005004883
YDL155W,YGR109C,0,-0.64197636,0.09168034791946411,0.9990059733390808,0.9962977766990662
YNL209W,YMR116C,0,-0.6424223,0.09167198836803436,0.9990059733390808,0.996397852897644
YKL091C,YDR293C,0,-0.64487714,0.09166362881660461,0.9990059733390808,0.9964978694915771
YLR226W,YLR022C,0,-0.64737755,0.09165526926517487,0.9990059733390808,0.996597945690155
YGL038C,YBR139W,0,-0.64862406,0.09164690971374512,0.9990059733390808,0.9966980218887329
YHR187W,YIL110W,0,-0.65022784,0.09163855016231537,0.9990059733390808,0.9967980980873108
YNL067W,YGR128C,0,-0.6540453,0.09163019806146622,0.9990059733390808,0.9968981146812439
YJR029W,YER138C,1,-0.6581252,0.09171301126480103,1.0,0.9968981146812439
YDR214W,YPL015C,0,-0.6599979,0.09170465171337128,1.0,0.9969981908798218
YKL035W,YPL015C,0,-0.66256267,0.09169629216194153,1.0,0.9970982670783997
YKL035W,YPL003W,0,-0.6637252,0.09168793261051178,1.0,0.9971983432769775
YOL094C,YBR152W,0,-0.6733133,0.09167958050966263,1.0,0.9972983598709106
YLR003C,YPL079W,0,-0.6759029,0.09167122095823288,1.0,0.9973984360694885
YBL102W,YGR048W,0,-0.67873937,0.09166286885738373,1.0,0.9974985122680664
YDL155W,YOR133W,0,-0.68149996,0.09165451675653458,1.0,0.9975985884666443
YGR271C-A,YPR112C,0,-0.68442625,0.09164617210626602,1.0,0.9976986050605774
YJL177W,YNL220W,0,-0.6968139,0.09163782000541687,1.0,0.9977986812591553
YGR108W,YLR084C,0,-0.6982723,0.09162947535514832,1.0,0.9978987574577332
YPL246C,YML029W,0,-0.7133509,0.09162113070487976,1.0,0.9979987740516663
YKL139W,YOL058W,0,-0.71424097,0.0916127860546112,1.0,0.9980988502502441
YMR058W,YCR048W,0,-0.7346615,0.09160444140434265,1.0,0.998198926448822
YKL091C,YNL305C,0,-0.73619634,0.0915961042046547,1.0,0.9982990026473999
YLR051C,YDL213C,0,-0.7370215,0.09158776700496674,1.0,0.998399019241333
YHR191C,YGL160W,0,-0.7768023,0.09157942980527878,1.0,0.9984990954399109
YOL039W,YMR116C,0,-0.8034379,0.09157109260559082,1.0,0.9985991716384888
YDR354W,YMR060C,0,-0.8037662,0.09156275540590286,1.0,0.9986992478370667
YDR171W,YER094C,0,-0.8191486,0.0915544256567955,1.0,0.9987992644309998
YOR095C,YPL217C,0,-0.8450733,0.09154608845710754,1.0,0.9988993406295776
YDR225W,YBL002W,0,-0.8619026,0.09153775870800018,1.0,0.9989994168281555
YOR361C,YLR003C,0,-0.87194544,0.09152943640947342,1.0,0.9990994334220886
YER004W,YER094C,0,-0.8994495,0.09152110666036606,1.0,0.9991995096206665
YLR406C,YPL249C-A,0,-0.92912245,0.0915127843618393,1.0,0.9992995858192444
YKL213C,YER004W,0,-0.9383321,0.09150445461273193,1.0,0.9993996620178223
YBL002W,YBL003C,0,-0.99256855,0.09149613231420517,1.0,0.9994996786117554
YBR084C-A,YML026C,0,-1.0178636,0.091487817466259,1.0,0.9995997548103333
YBR126C,YBR139W,0,-1.0515003,0.09147949516773224,1.0,0.9996998310089111
YDR324C,YGR128C,0,-1.1679677,0.09147117286920547,1.0,0.999799907207489
YPL081W,YPL079W,0,-1.1947315,0.09146285802125931,1.0,0.9998999238014221
YHR203C,YBL027W,0,-1.6389109,0.09145454317331314,1.0,1.0
