Gene A,Gene B,Label,Score,Precision,Recall,False Positive Rate
YHR157W,YGL043W,1,-1.7781031,1.0,0.0010000000474974513,0.0
YPR168W,YMR250W,0,-1.7888813,0.5,0.0010000000474974513,9.999999747378752e-05
YER062C,YNL325C,0,-1.805164,0.3333333432674408,0.0010000000474974513,0.00019999999494757503
YNL126W,YGL255W,0,-1.8221188,0.25,0.0010000000474974513,0.0003000000142492354
YHR052W,YBR012W-B,0,-1.9335043,0.20000000298023224,0.0010000000474974513,0.00039999998989515007
YPL121C,YPL283C,1,-1.9577127,0.3333333432674408,0.0020000000949949026,0.00039999998989515007
YPL265W,YKR009C,0,-1.964174,0.2857142984867096,0.0020000000949949026,0.0005000000237487257
YDR369C,YPL283C,1,-1.9760106,0.375,0.003000000026077032,0.0005000000237487257
YGL096W,YGL206C,0,-1.9872109,0.3333333432674408,0.003000000026077032,0.0006000000284984708
YBR244W,YLL034C,0,-2.011736,0.30000001192092896,0.003000000026077032,0.000699999975040555
YER062C,YJL076W,0,-2.0227895,0.27272728085517883,0.003000000026077032,0.0007999999797903001
YHR157W,YOL006C,1,-2.0235894,0.3333333432674408,0.004000000189989805,0.0007999999797903001
YER190W,YGL183C,1,-2.0358949,0.38461539149284363,0.004999999888241291,0.0007999999797903001
YPL187W,YDR449C,0,-2.0396938,0.3571428656578064,0.004999999888241291,0.0008999999845400453
YHR157W,YPL283C,1,-2.0479028,0.4000000059604645,0.006000000052154064,0.0008999999845400453
YBR066C,YLR052W,0,-2.0564106,0.375,0.006000000052154064,0.0010000000474974513
YHL022C,YPL283C,1,-2.0708537,0.4117647111415863,0.007000000216066837,0.0010000000474974513
YNL111C,YIL121W,0,-2.0762496,0.3888888955116272,0.007000000216066837,0.0010999999940395355
YGR220C,YMR250W,0,-2.0781665,0.3684210479259491,0.007000000216066837,0.0012000000569969416
YDR393W,YMR250W,0,-2.0781717,0.3499999940395355,0.007000000216066837,0.0013000000035390258
YBL075C,YGL119W,0,-2.0843248,0.3333333432674408,0.007000000216066837,0.00139999995008111
YJR063W,YJR022W,0,-2.08458,0.3181818127632141,0.007000000216066837,0.001500000013038516
YER169W,YBR066C,0,-2.1075428,0.30434781312942505,0.007000000216066837,0.0015999999595806003
YDR180W,YHR157W,1,-2.1079395,0.3333333432674408,0.00800000037997961,0.0015999999595806003
YPR080W,YDL170W,0,-2.1264632,0.3199999928474426,0.00800000037997961,0.0017000000225380063
YDR224C,YGR251W,0,-2.1270154,0.3076923191547394,0.00800000037997961,0.0017999999690800905
YLR092W,YIL117C,0,-2.1329725,0.29629629850387573,0.00800000037997961,0.0019000000320374966
YDR296W,YBL075C,0,-2.1360917,0.2857142984867096,0.00800000037997961,0.0020000000949949026
YHR089C,YBL097W,0,-2.138644,0.27586206793785095,0.00800000037997961,0.002099999925121665
YBL075C,YMR015C,0,-2.1398733,0.2666666805744171,0.00800000037997961,0.002199999988079071
YBR080C,YER103W,0,-2.1557405,0.25806450843811035,0.00800000037997961,0.002300000051036477
YLR205C,YLL018C-A,0,-2.156364,0.25,0.00800000037997961,0.002400000113993883
YNL246W,YER138C,0,-2.1572468,0.24242424964904785,0.00800000037997961,0.0024999999441206455
YHR197W,YPL269W,0,-2.157365,0.23529411852359772,0.00800000037997961,0.0026000000070780516
YBL075C,YOR308C,0,-2.162662,0.22857142984867096,0.00800000037997961,0.0027000000700354576
YER044C-A,YNL339C,1,-2.1655548,0.25,0.008999999612569809,0.0027000000700354576
YLR234W,YNL339C,1,-2.1778657,0.2702702581882477,0.009999999776482582,0.0027000000700354576
YPL015C,YHR157W,1,-2.1785133,0.28947368264198303,0.010999999940395355,0.0027000000700354576
YER062C,YLR071C,0,-2.1809115,0.28205129504203796,0.010999999940395355,0.00279999990016222
YIR025W,YPL283C,1,-2.1812124,0.30000001192092896,0.012000000104308128,0.00279999990016222
YIL139C,YML130C,0,-2.181417,0.2926829159259796,0.012000000104308128,0.002899999963119626
YDR345C,YNR034W,0,-2.1866825,0.2857142984867096,0.012000000104308128,0.003000000026077032
YGL096W,YBL003C,0,-2.187777,0.27906978130340576,0.012000000104308128,0.003100000089034438
YER062C,YEL061C,0,-2.1889784,0.27272728085517883,0.012000000104308128,0.0031999999191612005
YDL095W,YNL213C,0,-2.1892254,0.2666666805744171,0.012000000104308128,0.0032999999821186066
YHR020W,YAL034W-A,0,-2.1922715,0.260869562625885,0.012000000104308128,0.0034000000450760126
YDR378C,YMR134W,0,-2.1939774,0.25531914830207825,0.012000000104308128,0.0035000001080334187
YDR545W,YDL227C,1,-2.1988332,0.2708333432674408,0.013000000268220901,0.0035000001080334187
YDR369C,YNL339C,1,-2.2064302,0.2857142984867096,0.014000000432133675,0.0035000001080334187
YPR137W,YER138C,0,-2.2091677,0.2800000011920929,0.014000000432133675,0.003599999938160181
YFL014W,YDR385W,0,-2.2100058,0.27450981736183167,0.014000000432133675,0.003700000001117587
YGR008C,YLR224W,0,-2.211458,0.26923078298568726,0.014000000432133675,0.003800000064074993
YDL022W,YPL138C,0,-2.2198908,0.2641509473323822,0.014000000432133675,0.0038999998942017555
YER062C,YPL049C,0,-2.2246945,0.25925925374031067,0.014000000432133675,0.004000000189989805
YAL021C,YJR029W,0,-2.2252345,0.2545454502105713,0.014000000432133675,0.004100000020116568
YCL019W,YLR016C,0,-2.2257063,0.25,0.014000000432133675,0.00419999985024333
YGR059W,YMR045C,0,-2.2288961,0.24561403691768646,0.014000000432133675,0.00430000014603138
YFL011W,YPL087W,0,-2.232466,0.24137930572032928,0.014000000432133675,0.004399999976158142
YBL100W-B,YPR083W,0,-2.233506,0.23728813230991364,0.014000000432133675,0.0044999998062849045
YER190W,YDR369C,1,-2.2338321,0.25,0.014999999664723873,0.0044999998062849045
YNR074C,YBL100W-B,0,-2.2351286,0.24590164422988892,0.014999999664723873,0.004600000102072954
YOR338W,YLR055C,0,-2.237591,0.24193547666072845,0.014999999664723873,0.004699999932199717
YNL036W,YDL247W,0,-2.2382715,0.2380952388048172,0.014999999664723873,0.004800000227987766
YDR436W,YBR066C,0,-2.2385213,0.234375,0.014999999664723873,0.004900000058114529
YAR007C,YHR157W,1,-2.2395613,0.2461538463830948,0.01600000075995922,0.004900000058114529
YCL061C,YDR342C,0,-2.2396247,0.24242424964904785,0.01600000075995922,0.004999999888241291
YLR096W,YER108C,0,-2.2411573,0.23880596458911896,0.01600000075995922,0.005100000184029341
YMR305C,YMR232W,0,-2.2416668,0.23529411852359772,0.01600000075995922,0.005200000014156103
YNL045W,YEL069C,0,-2.244879,0.23188406229019165,0.01600000075995922,0.0052999998442828655
YDL109C,YML127W,0,-2.247983,0.22857142984867096,0.01600000075995922,0.005400000140070915
YDL109C,YLR340W,0,-2.2528172,0.22535210847854614,0.01600000075995922,0.005499999970197678
YBL075C,YNL084C,0,-2.2539341,0.2222222238779068,0.01600000075995922,0.00559999980032444
YFL011W-A,YOR239W,0,-2.2552912,0.21917808055877686,0.01600000075995922,0.00570000009611249
YDR273W,YDR146C,0,-2.2583566,0.21621622145175934,0.01600000075995922,0.005799999926239252
YNL209W,YJL214W,0,-2.2610447,0.2133333384990692,0.01600000075995922,0.005900000222027302
YJL113W,YER159C,0,-2.2622313,0.21052631735801697,0.01600000075995922,0.006000000052154064
YGL055W,YPL269W,0,-2.2629206,0.20779220759868622,0.01600000075995922,0.006099999882280827
YDL223C,YJR001W,0,-2.2670162,0.20512820780277252,0.01600000075995922,0.006200000178068876
YBR100W,YKR099W,1,-2.2703083,0.2151898741722107,0.017000000923871994,0.006200000178068876
YNL247W,YBR009C,0,-2.2714903,0.21250000596046448,0.017000000923871994,0.006300000008195639
YBL005W-B,YLR034C,0,-2.2716959,0.20987653732299805,0.017000000923871994,0.006399999838322401
YLL018C-A,YGR070W,0,-2.2756221,0.2073170691728592,0.017000000923871994,0.006500000134110451
YER104W,YPL283C,1,-2.2756746,0.21686747670173645,0.017999999225139618,0.006500000134110451
YLL012W,YKL086W,0,-2.2768621,0.2142857164144516,0.017999999225139618,0.006599999964237213
YGL046W,YHR085W,0,-2.2775972,0.21176470816135406,0.017999999225139618,0.0066999997943639755
YLR435W,YBR090C-A,0,-2.2782247,0.20930232107639313,0.017999999225139618,0.006800000090152025
YMR246W,YPR055W,0,-2.2801478,0.2068965584039688,0.017999999225139618,0.006899999920278788
YPR078C,YGL004C,0,-2.2803452,0.20454545319080353,0.017999999225139618,0.007000000216066837
YMR290C,YER138C,0,-2.2811143,0.20224718749523163,0.017999999225139618,0.0071000000461936
YJR135C,YCR034W,0,-2.2817233,0.20000000298023224,0.017999999225139618,0.007199999876320362
YER190W,YLR234W,1,-2.2822042,0.20879121124744415,0.01899999938905239,0.007199999876320362
YOR304W,YBR012W-B,0,-2.2837696,0.20652173459529877,0.01899999938905239,0.007300000172108412
YAR009C,YDR075W,0,-2.2840269,0.20430107414722443,0.01899999938905239,0.007400000002235174
YBR100W,YPR164W,1,-2.2884274,0.21276596188545227,0.019999999552965164,0.007400000002235174
YDR213W,YMR050C,0,-2.2898614,0.21052631735801697,0.019999999552965164,0.007499999832361937
YLR312C-B,YPR181C,0,-2.291301,0.2083333283662796,0.019999999552965164,0.007600000128149986
YMR045C,YPR181C,0,-2.2932432,0.20618556439876556,0.019999999552965164,0.007699999958276749
YCL066W,YHL047C,0,-2.2937539,0.20408163964748383,0.019999999552965164,0.007799999788403511
YCR093W,YFL011W-A,0,-2.2946284,0.20202019810676575,0.019999999552965164,0.007899999618530273
YBL100W-B,YNL244C,0,-2.295409,0.20000000298023224,0.019999999552965164,0.00800000037997961
YOR338W,YDR227W,0,-2.2972567,0.19801980257034302,0.019999999552965164,0.008100000210106373
YMR049C,YDL247W,0,-2.2990944,0.19607843458652496,0.019999999552965164,0.008200000040233135
YLR020C,YBR012W-B,0,-2.2999084,0.19417475163936615,0.019999999552965164,0.008299999870359898
YHR079C-B,YNL088W,1,-2.300087,0.20192307233810425,0.020999999716877937,0.008299999870359898
YPR078C,YIL014W,0,-2.301154,0.20000000298023224,0.020999999716877937,0.00839999970048666
YGL163C,YPL283C,1,-2.3015482,0.2075471729040146,0.02199999988079071,0.00839999970048666
YCR091W,YCL062W,0,-2.304799,0.20560747385025024,0.02199999988079071,0.008500000461935997
YGL089C,YFL011W-A,0,-2.304843,0.20370370149612427,0.02199999988079071,0.00860000029206276
YJL122W,YER108C,0,-2.3067384,0.20183485746383667,0.02199999988079071,0.008700000122189522
YDR004W,YNL339C,1,-2.3069313,0.20909090340137482,0.023000000044703484,0.008700000122189522
YDR446W,YDR545W,1,-2.307546,0.21621622145175934,0.024000000208616257,0.008700000122189522
YHR079C-B,YHL022C,1,-2.308006,0.2232142835855484,0.02500000037252903,0.008700000122189522
YDR159W,YNL111C,0,-2.3083057,0.22123894095420837,0.02500000037252903,0.008799999952316284
YBL005W-B,YFR005C,0,-2.3110201,0.21929824352264404,0.02500000037252903,0.008899999782443047
YHR214C-B,YER142C,0,-2.3112829,0.21739129722118378,0.02500000037252903,0.008999999612569809
YJL021C,YJR147W,0,-2.3118684,0.21551723778247833,0.02500000037252903,0.009100000374019146
YPR042C,YHR138C,0,-2.313337,0.21367521584033966,0.02500000037252903,0.009200000204145908
YML016C,YBR111W-A,0,-2.3153894,0.2118644118309021,0.02500000037252903,0.00930000003427267
YDR065W,YJL095W,0,-2.31611,0.21008403599262238,0.02500000037252903,0.009399999864399433
YDR261C-D,YGR083C,0,-2.3178186,0.2083333283662796,0.02500000037252903,0.009499999694526196
YCL019W,YPR187W,0,-2.3182514,0.20661157369613647,0.02500000037252903,0.009600000455975533
YNR074C,YFL014W,0,-2.3186333,0.2049180269241333,0.02500000037252903,0.009700000286102295
YER075C,YJL018W,0,-2.3204954,0.20325203239917755,0.02500000037252903,0.009800000116229057
YHL009W-B,YGL191W,0,-2.320724,0.2016129046678543,0.02500000037252903,0.00989999994635582
YOR142W-B,YCR034W,0,-2.3209822,0.20000000298023224,0.02500000037252903,0.009999999776482582
YBR100W,YLR418C,1,-2.3230944,0.2063492089509964,0.026000000536441803,0.009999999776482582
YOR338W,YML098W,0,-2.323425,0.20472441613674164,0.026000000536441803,0.010099999606609344
YBR136W,YNL339C,1,-2.3242512,0.2109375,0.027000000700354576,0.010099999606609344
YFL011W-A,YPR199C,0,-2.3255785,0.20930232107639313,0.027000000700354576,0.010200000368058681
YPR158C-D,YBR048W,0,-2.3265343,0.20769231021404266,0.027000000700354576,0.010300000198185444
YMR202W,YGL035C,0,-2.3266113,0.20610687136650085,0.027000000700354576,0.010400000028312206
YML080W,YPL257W-A,0,-2.3300853,0.20454545319080353,0.027000000700354576,0.010499999858438969
YEL054C,YOL103W-B,0,-2.330537,0.2030075192451477,0.027000000700354576,0.010599999688565731
YJL194W,YDR034C-C,0,-2.330989,0.2014925330877304,0.027000000700354576,0.010700000450015068
YPL257W-A,YLR372W,0,-2.3311825,0.20000000298023224,0.027000000700354576,0.01080000028014183
YDR261W-A,YMR104C,0,-2.331441,0.1985294073820114,0.027000000700354576,0.010900000110268593
YPL235W,YOR088W,0,-2.3317583,0.19708029925823212,0.027000000700354576,0.010999999940395355
YAR009C,YMR025W,0,-2.3319876,0.19565217196941376,0.027000000700354576,0.011099999770522118
YDR345C,YER108C,0,-2.3324397,0.1942446082830429,0.027000000700354576,0.01119999960064888
YPR190C,YDL247W,0,-2.3334749,0.19285714626312256,0.027000000700354576,0.011300000362098217
YNL284C-B,YCR028C-A,0,-2.3339264,0.19148936867713928,0.027000000700354576,0.01140000019222498
YMR127C,YGR027W-B,0,-2.3339586,0.19014084339141846,0.027000000700354576,0.011500000022351742
YGR085C,YLR312C-B,0,-2.3342507,0.18881118297576904,0.027000000700354576,0.011599999852478504
YJL138C,YDR115W,0,-2.334587,0.1875,0.027000000700354576,0.011699999682605267
YFL002W-A,YJL087C,0,-2.3347108,0.1862068921327591,0.027000000700354576,0.011800000444054604
YDR059C,YLR227W-A,0,-2.3357017,0.18493150174617767,0.027000000700354576,0.011900000274181366
YGR109W-B,YDR358W,0,-2.335831,0.18367347121238708,0.027000000700354576,0.012000000104308128
YDR446W,YBR100W,1,-2.3358343,0.18918919563293457,0.02800000086426735,0.012000000104308128
YPR143W,YNL213C,0,-2.3359716,0.1879194676876068,0.02800000086426735,0.01209999993443489
YFL002W-A,YHR150W,0,-2.3361404,0.18666666746139526,0.02800000086426735,0.012199999764561653
YAR044W,YOL012C,0,-2.337026,0.18543046712875366,0.02800000086426735,0.012299999594688416
YMR309C,YPR158W-B,0,-2.3386703,0.18421052396297455,0.02800000086426735,0.012400000356137753
YDR116C,YDR210W-B,0,-2.3389657,0.18300653994083405,0.02800000086426735,0.012500000186264515
YLR096W,YBR090C-A,0,-2.340039,0.1818181872367859,0.02800000086426735,0.012600000016391277
YPR158C-D,YDR297W,0,-2.3404438,0.1806451678276062,0.02800000086426735,0.01269999984651804
YCR031C,YPL257W-A,0,-2.3404765,0.1794871836900711,0.02800000086426735,0.012799999676644802
YNL054W-B,YNL026W,0,-2.341035,0.17834395170211792,0.02800000086426735,0.012900000438094139
YDL109C,YPL028W,0,-2.341446,0.17721518874168396,0.02800000086426735,0.013000000268220901
YLR372W,YOR192C-B,0,-2.3418233,0.17610062658786774,0.02800000086426735,0.013100000098347664
YJL021C,YCR073C,0,-2.3427007,0.17499999701976776,0.02800000086426735,0.013199999928474426
YHR196W,YOR313C,0,-2.3428867,0.17391304671764374,0.02800000086426735,0.013299999758601189
YGR109W-B,YPR037C,0,-2.3429728,0.17283950746059418,0.02800000086426735,0.013399999588727951
YOR142W-B,YOR133W,0,-2.3429728,0.17177914083003998,0.02800000086426735,0.013500000350177288
YML029W,YCL062W,0,-2.3431115,0.17073170840740204,0.02800000086426735,0.01360000018030405
YDR078C,YDR098C-A,0,-2.3432355,0.16969697177410126,0.02800000086426735,0.013700000010430813
YER062C,YPL146C,0,-2.3432539,0.16867469251155853,0.02800000086426735,0.013799999840557575
YDR034C-C,YDR422C,0,-2.3442824,0.16766467690467834,0.02800000086426735,0.013899999670684338
YDR316W-B,YOR272W,0,-2.3443801,0.1666666716337204,0.02800000086426735,0.014000000432133675
YNL133C,YLR227W-A,0,-2.344641,0.16568046808242798,0.02800000086426735,0.014100000262260437
YOR100C,YPR137C-A,0,-2.3448694,0.16470588743686676,0.02800000086426735,0.0142000000923872
YLR131C,YOR133W,0,-2.3454907,0.16374269127845764,0.02800000086426735,0.014299999922513962
YPR052C,YPR137C-A,0,-2.3456194,0.1627907007932663,0.02800000086426735,0.014399999752640724
YBR273C,YPR137C-A,0,-2.3460758,0.161849707365036,0.02800000086426735,0.014499999582767487
YGR109W-B,YDR106W,0,-2.3463042,0.16091954708099365,0.02800000086426735,0.014600000344216824
YDR365W-A,YDL247W,0,-2.3464348,0.1599999964237213,0.02800000086426735,0.014700000174343586
YGR161W-A,YPL156C,0,-2.3466327,0.15909090638160706,0.02800000086426735,0.014800000004470348
YMR162C,YML123C,0,-2.3470213,0.15819208323955536,0.02800000086426735,0.01489999983459711
YJL198W,YOR192C-B,0,-2.3472297,0.15730337798595428,0.02800000086426735,0.014999999664723873
YGL061C,YDR098C-B,0,-2.3473291,0.15642458200454712,0.02800000086426735,0.01510000042617321
YNL268W,YDR098C-A,0,-2.3486555,0.15555556118488312,0.02800000086426735,0.015200000256299973
YBL045C,YHR214C-C,0,-2.3486886,0.15469613671302795,0.02800000086426735,0.015300000086426735
YBR068C,YPR158C-D,0,-2.348954,0.1538461595773697,0.02800000086426735,0.015399999916553497
YBL075C,YLR136C,0,-2.3489978,0.1530054658651352,0.02800000086426735,0.01549999974668026
YEL066W,YLR227W-A,0,-2.3490202,0.15217390656471252,0.02800000086426735,0.015599999576807022
YCR055C,YMR199W,0,-2.3492799,0.15135134756565094,0.02800000086426735,0.015699999406933784
YDR443C,YGR027W-B,0,-2.3492856,0.1505376398563385,0.02800000086426735,0.015799999237060547
YOR343W-B,YDR120C,0,-2.3494847,0.14973261952400208,0.02800000086426735,0.01590000092983246
YFL039C,YGR122W,0,-2.3495982,0.1489361673593521,0.02800000086426735,0.01600000075995922
YGR132C,YDR365W-B,0,-2.3496172,0.14814814925193787,0.02800000086426735,0.016100000590085983
YOR245C,YGR027W-A,0,-2.3496501,0.1473684161901474,0.02800000086426735,0.016200000420212746
YDR261W-A,YIL010W,0,-2.3497167,0.14659686386585236,0.02800000086426735,0.016300000250339508
YPL121C,YLR467W,1,-2.3508303,0.1510416716337204,0.028999999165534973,0.016300000250339508
YDR098C-A,YMR023C,0,-2.3515072,0.15025906264781952,0.028999999165534973,0.01640000008046627
YFL002W-A,YJR057W,0,-2.351663,0.1494845300912857,0.028999999165534973,0.016499999910593033
YOL080C,YDR316W-A,0,-2.351872,0.1487179547548294,0.028999999165534973,0.016599999740719795
YHR079C-B,YBR100W,1,-2.3527849,0.15306122601032257,0.029999999329447746,0.016599999740719795
YBR244W,YGR128C,0,-2.3534818,0.15228426456451416,0.029999999329447746,0.016699999570846558
YPL256C,YGR246C,0,-2.3536098,0.1515151560306549,0.029999999329447746,0.01679999940097332
YPL124W,YLR227W-B,0,-2.354359,0.15075376629829407,0.029999999329447746,0.016899999231100082
YGL183C,YKR099W,1,-2.3548467,0.1550000011920929,0.03099999949336052,0.016899999231100082
YKR055W,YGR272C,0,-2.35517,0.15422885119915009,0.03099999949336052,0.017000000923871994
YDL161W,YHR214C-C,0,-2.355188,0.15346534550189972,0.03099999949336052,0.017100000753998756
YDR365W-A,YBR060C,0,-2.3553536,0.15270936489105225,0.03099999949336052,0.01720000058412552
YPL257W-B,YMR079W,0,-2.3555527,0.15196079015731812,0.03099999949336052,0.01730000041425228
YDR078C,YDR365W-A,0,-2.3555527,0.15121951699256897,0.03099999949336052,0.017400000244379044
YML033W,YGR200C,0,-2.356166,0.15048544108867645,0.03099999949336052,0.017500000074505806
YDR210C-D,YOR288C,0,-2.3565476,0.1497584581375122,0.03099999949336052,0.01759999990463257
YLR182W,YLR035C-A,0,-2.3565574,0.14903846383094788,0.03099999949336052,0.01769999973475933
YNL284C-B,YMR309C,0,-2.3567796,0.1483253538608551,0.03099999949336052,0.017799999564886093
YOL111C,YOR192C-B,0,-2.3568459,0.14761905372142792,0.03099999949336052,0.017899999395012856
YOR343W-B,YLL036C,0,-2.3569453,0.14691942930221558,0.03099999949336052,0.017999999225139618
YHR079C-B,YHR157W,1,-2.3569763,0.15094339847564697,0.03200000151991844,0.017999999225139618
YPL244C,YDR098C-B,0,-2.35731,0.15023474395275116,0.03200000151991844,0.01810000091791153
YGR038C-B,YOL020W,0,-2.357476,0.14953270554542542,0.03200000151991844,0.018200000748038292
YLR216C,YHR094C,0,-2.357762,0.14883720874786377,0.03200000151991844,0.018300000578165054
YBL100W-B,YEL063C,0,-2.358034,0.14814814925193787,0.03200000151991844,0.018400000408291817
YHR023W,YDR034C-C,0,-2.3582718,0.14746543765068054,0.03200000151991844,0.01850000023841858
YDR494W,YDR210W-B,0,-2.3586695,0.14678898453712463,0.03200000151991844,0.01860000006854534
YPL060C-A,YDR115W,0,-2.3589349,0.14611871540546417,0.03200000151991844,0.018699999898672104
YNL313C,YDR261C-D,0,-2.3592663,0.145454540848732,0.03200000151991844,0.018799999728798866
YCR055C,YML008C,0,-2.3594,0.14479638636112213,0.03200000151991844,0.01889999955892563
YPR078C,YLR056W,0,-2.3594944,0.14414414763450623,0.03200000151991844,0.01899999938905239
YOL144W,YOR142W-B,0,-2.3598964,0.1434977650642395,0.03200000151991844,0.019099999219179153
YGR272C,YMR301C,0,-2.360143,0.1428571492433548,0.03200000151991844,0.019200000911951065
YDL109C,YLR096W,0,-2.3606737,0.14222222566604614,0.03200000151991844,0.019300000742077827
YNL054W-A,YJL112W,0,-2.3612227,0.14159291982650757,0.03200000151991844,0.01940000057220459
YNL159C,YLR227W-A,0,-2.3613884,0.1409691572189331,0.03200000151991844,0.019500000402331352
YNL284C-B,YDL102W,0,-2.3621843,0.14035087823867798,0.03200000151991844,0.019600000232458115
YDR261C-D,YJL183W,0,-2.3623502,0.13973799347877502,0.03200000151991844,0.019700000062584877
YLR227W-B,YLL050C,0,-2.362715,0.13913042843341827,0.03200000151991844,0.01979999989271164
YPR137C-B,YMR301C,0,-2.3633118,0.13852813839912415,0.03200000151991844,0.019899999722838402
YGL004C,YOR192C-A,0,-2.3634775,0.13793103396892548,0.03200000151991844,0.019999999552965164
YGR161W-A,YGR253C,0,-2.363544,0.1373390555381775,0.03200000151991844,0.020099999383091927
YDR365W-B,YGL244W,0,-2.3636103,0.1367521435022354,0.03200000151991844,0.02019999921321869
YBL005W-B,YMR039C,0,-2.3636773,0.13617020845413208,0.03200000151991844,0.0203000009059906
YLR417W,YBR090C-A,0,-2.3636806,0.1355932205915451,0.03200000151991844,0.020400000736117363
YGR161C-D,YMR093W,0,-2.3637097,0.13502109050750732,0.03200000151991844,0.020500000566244125
YNL054W-A,YDR240C,0,-2.3637097,0.13445378839969635,0.03200000151991844,0.020600000396370888
YER103W,YMR172W,0,-2.3637621,0.13389120995998383,0.03200000151991844,0.02070000022649765
YOL010W,YCL003W,0,-2.3638701,0.13333334028720856,0.03200000151991844,0.020800000056624413
YNL164C,YOR343W-A,0,-2.364041,0.13278008997440338,0.03200000151991844,0.020899999886751175
YOR343W-B,YMR188C,0,-2.3640745,0.13223139941692352,0.03200000151991844,0.020999999716877937
YDR316W-B,YJL167W,0,-2.3642402,0.1316872388124466,0.03200000151991844,0.0210999995470047
YGR161C-D,YDR322C-A,0,-2.364406,0.13114753365516663,0.03200000151991844,0.021199999377131462
YLR410W-B,YER040W,0,-2.3653677,0.13061223924160004,0.03200000151991844,0.021299999207258224
YGR038C-B,YDL102W,0,-2.3655334,0.13008129596710205,0.03200000151991844,0.021400000900030136
YGR161W-A,YNL138W,0,-2.3655665,0.1295546591281891,0.03200000151991844,0.0215000007301569
YPL257W-B,YBL034C,0,-2.3657987,0.12903225421905518,0.03200000151991844,0.02160000056028366
YGR004W,YDL022W,0,-2.3662903,0.12851405143737793,0.03200000151991844,0.021700000390410423
YDL165W,YLR227W-A,0,-2.3663292,0.12800000607967377,0.03200000151991844,0.021800000220537186
YHR167W,YBR100W,1,-2.366339,0.131474107503891,0.032999999821186066,0.021800000220537186
YPL188W,YKL178C,0,-2.3669603,0.130952388048172,0.032999999821186066,0.021900000050663948
YGR161W-A,YOR316C,0,-2.3674235,0.1304347813129425,0.032999999821186066,0.02199999988079071
YKL212W,YBR090C-A,0,-2.3675106,0.12992125749588013,0.032999999821186066,0.022099999710917473
YPL112C,YLR337W,0,-2.3678262,0.12941177189350128,0.032999999821186066,0.022199999541044235
YCL060C,YLR276C,0,-2.3683646,0.12890625,0.032999999821186066,0.022299999371170998
YHR079C-B,YDL154W,1,-2.3690045,0.13229571282863617,0.03400000184774399,0.022299999371170998
YNL145W,YER138C,0,-2.369434,0.13178294897079468,0.03400000184774399,0.02239999920129776
YGR247W,YLR227W-B,0,-2.3697116,0.13127413392066956,0.03400000184774399,0.02250000089406967
YEL012W,YIL082W-A,0,-2.3698776,0.13076923787593842,0.03400000184774399,0.022600000724196434
YPR070W,YPR137C-B,0,-2.3699105,0.13026820123195648,0.03400000184774399,0.022700000554323196
YGR006W,YOR063W,0,-2.3701231,0.12977099418640137,0.03400000184774399,0.02280000038444996
YIL082W-A,YML081C-A,0,-2.3702555,0.1292775720357895,0.03400000184774399,0.02290000021457672
YDR096W,YJR120W,0,-2.3703585,0.12878787517547607,0.03400000184774399,0.023000000044703484
YFL002W-A,YNL282W,0,-2.371107,0.12830188870429993,0.03400000184774399,0.023099999874830246
YDR195W,YPR158W-A,0,-2.3716514,0.12781955301761627,0.03400000184774399,0.02319999970495701
YGL244W,YOL103W-B,0,-2.372049,0.12734082341194153,0.03400000184774399,0.02329999953508377
YLL022C,YOR343W-A,0,-2.372215,0.1268656700849533,0.03400000184774399,0.023399999365210533
YGR161W-A,YML013W,0,-2.3723643,0.12639404833316803,0.03400000184774399,0.023499999195337296
YDL143W,YOR343W-A,0,-2.37253,0.1259259283542633,0.03400000184774399,0.023600000888109207
YDR365W-B,YMR015C,0,-2.372646,0.12546125054359436,0.03400000184774399,0.02370000071823597
YJR050W,YDR098C-A,0,-2.372928,0.125,0.03400000184774399,0.023800000548362732
YGR272C,YDR146C,0,-2.3734024,0.12454212456941605,0.03400000184774399,0.023900000378489494
YCL019W,YNL084C,0,-2.3734505,0.12408759444952011,0.03400000184774399,0.024000000208616257
YPL060C-A,YJL164C,0,-2.3736076,0.12363636493682861,0.03400000184774399,0.02410000003874302
YCL067C,YHR214C-C,0,-2.373624,0.12318840622901917,0.03400000184774399,0.02419999986886978
YPR137C-B,YJR044C,0,-2.373707,0.12274368107318878,0.03400000184774399,0.024299999698996544
YFR001W,YDR210C-D,0,-2.3741713,0.12230215966701508,0.03400000184774399,0.024399999529123306
YDR034C-D,YMR305C,0,-2.374188,0.12186379730701447,0.03400000184774399,0.02449999935925007
YLR166C,YPR137C-A,0,-2.37447,0.12142857164144516,0.03400000184774399,0.02459999918937683
YBR084W,YBR156C,0,-2.3745966,0.12099643796682358,0.03400000184774399,0.024700000882148743
YBR160W,YDR034C-D,0,-2.3748345,0.12056737393140793,0.03400000184774399,0.024800000712275505
YGR038C-B,YBL045C,0,-2.3749673,0.12014134228229523,0.03400000184774399,0.024900000542402267
YOR142W-B,YDR183W,0,-2.3751,0.11971831321716309,0.03400000184774399,0.02500000037252903
YNL054W-A,YDR085C,0,-2.3751163,0.11929824203252792,0.03400000184774399,0.025100000202655792
YCR055C,YGR246C,0,-2.3752573,0.11888112127780914,0.03400000184774399,0.025200000032782555
YGL175C,YNL339C,1,-2.3753235,0.12195122241973877,0.03500000014901161,0.025200000032782555
YPR182W,YGR038C-B,0,-2.375448,0.1215277761220932,0.03500000014901161,0.025299999862909317
YOR192C-B,YLL050C,0,-2.3760448,0.12110726535320282,0.03500000014901161,0.02539999969303608
YDR365W-A,YJL128C,0,-2.3762438,0.12068965286016464,0.03500000014901161,0.025499999523162842
YOR343W-A,YGR083C,0,-2.3764594,0.12027491629123688,0.03500000014901161,0.025599999353289604
YPL045W,YML045W,0,-2.3765094,0.11986301094293594,0.03500000014901161,0.025699999183416367
YJL033W,YFL002W-B,0,-2.3765423,0.11945392191410065,0.03500000014901161,0.025800000876188278
YPR158W-B,YOL020W,0,-2.3767743,0.1190476194024086,0.03500000014901161,0.02590000070631504
YGR161C-D,YOL115W,0,-2.3768241,0.11864406615495682,0.03500000014901161,0.026000000536441803
YML045W,YJR052W,0,-2.3769593,0.11824323982000351,0.03500000014901161,0.026100000366568565
YKL201C,YCR034W,0,-2.3770125,0.11784511804580688,0.03500000014901161,0.026200000196695328
YCL003W,YPR191W,0,-2.377137,0.11744966357946396,0.03500000014901161,0.02630000002682209
YKL182W,YFR024C,0,-2.3775394,0.11705685406923294,0.03500000014901161,0.026399999856948853
YGR027W-A,YDR256C,0,-2.3775537,0.11666666716337204,0.03500000014901161,0.026499999687075615
YDR364C,YLR227W-A,0,-2.3775702,0.11627907305955887,0.03500000014901161,0.026599999517202377
YOL066C,YDR210C-C,0,-2.378001,0.11589404195547104,0.03500000014901161,0.02669999934732914
YIL139C,YOR192C-B,0,-2.3785317,0.11551155149936676,0.03500000014901161,0.026799999177455902
YOL103W-B,YGL255W,0,-2.378598,0.11513157933950424,0.03500000014901161,0.026900000870227814
YDR432W,YMR199W,0,-2.3786213,0.1147540956735611,0.03500000014901161,0.027000000700354576
YDR034C-C,YJR040W,0,-2.378631,0.11437908560037613,0.03500000014901161,0.02710000053048134
YJR057W,YDR316W-A,0,-2.378996,0.11400651186704636,0.03500000014901161,0.0272000003606081
YGR272C,YDR098C,0,-2.3790834,0.11363636702299118,0.03500000014901161,0.027300000190734863
YPR075C,YJR029W,0,-2.3794754,0.11326860636472702,0.03500000014901161,0.027400000020861626
YDR210W-B,YIL048W,0,-2.3794935,0.11290322244167328,0.03500000014901161,0.027499999850988388
YDR210C-D,YGR280C,0,-2.3796093,0.11254019290208817,0.03500000014901161,0.02759999968111515
YPL271W,YMR050C,0,-2.379759,0.11217948794364929,0.03500000014901161,0.027699999511241913
YML059C,YDR034C-C,0,-2.379858,0.11182108521461487,0.03500000014901161,0.027799999341368675
YFL035C,YNL135C,0,-2.3800728,0.1114649698138237,0.03500000014901161,0.027899999171495438
YNL054W-B,YBR037C,0,-2.38014,0.1111111119389534,0.03500000014901161,0.02800000086426735
YIL072W,YFR024C,0,-2.3802328,0.11075949668884277,0.03500000014901161,0.02810000069439411
YDR052C,YNL054W-B,0,-2.3802395,0.11041009426116943,0.03500000014901161,0.028200000524520874
YNL284C-B,YDL153C,0,-2.380654,0.11006288975477219,0.03500000014901161,0.028300000354647636
YDR034C-C,YEL036C,0,-2.3807533,0.10971786826848984,0.03500000014901161,0.0284000001847744
YJL098W,YER003C,0,-2.381017,0.109375,0.03500000014901161,0.02850000001490116
YHR214C-C,YIL105C,0,-2.3810685,0.10903427004814148,0.03500000014901161,0.028599999845027924
YNL284C-B,YPL262W,0,-2.3813171,0.10869564861059189,0.03500000014901161,0.028699999675154686
YOR004W,YOR240W,0,-2.381488,0.10835913568735123,0.03500000014901161,0.02879999950528145
YCR080W,YMR305C,0,-2.381695,0.10802469402551651,0.03500000014901161,0.02889999933540821
YHL038C,YPR158W-B,0,-2.3819969,0.10769230872392654,0.03500000014901161,0.028999999165534973
YNL054W-A,YLR135W,0,-2.3820133,0.10736196488142014,0.03500000014901161,0.029100000858306885
YJL076W,YGR038C-B,0,-2.3823617,0.1070336401462555,0.03500000014901161,0.029200000688433647
YNR074C,YOL077C,0,-2.3829777,0.10670731961727142,0.03500000014901161,0.02930000051856041
YHR079C-B,YHR039C,1,-2.3829997,0.10942249000072479,0.035999998450279236,0.02930000051856041
YGR142W,YLR227W-A,0,-2.3830743,0.1090909093618393,0.035999998450279236,0.029400000348687172
YJR031C,YOR192C-A,0,-2.3831077,0.10876133292913437,0.035999998450279236,0.029500000178813934
YKL056C,YDR261W-B,0,-2.383207,0.10843373835086823,0.035999998450279236,0.029600000008940697
YLR361C,YDR210W-B,0,-2.3832734,0.10810811072587967,0.035999998450279236,0.02969999983906746
YHL009W-B,YHR158C,0,-2.383373,0.10778442770242691,0.035999998450279236,0.02979999966919422
YEL012W,YDR034C-D,0,-2.3835886,0.10746268928050995,0.035999998450279236,0.029899999499320984
YOL149W,YOR192C-A,0,-2.383605,0.1071428582072258,0.035999998450279236,0.029999999329447746
YGR109W-B,YPL156C,0,-2.3840528,0.10682492703199387,0.035999998450279236,0.03009999915957451
YHR214C-C,YLR105C,0,-2.3842185,0.10650887340307236,0.035999998450279236,0.03020000085234642
YBR100W,YBR136W,1,-2.3843472,0.10914454609155655,0.03700000047683716,0.03020000085234642
YDR365W-B,YGL049C,0,-2.3844423,0.10882353037595749,0.03700000047683716,0.030300000682473183
YNL145W,YOR343W-A,0,-2.3848732,0.10850439965724945,0.03700000047683716,0.030400000512599945
YDR365W-B,YNL130C,0,-2.3853045,0.10818713158369064,0.03700000047683716,0.030500000342726707
YDR261W-B,YCR034W,0,-2.3853872,0.10787171870470047,0.03700000047683716,0.03060000017285347
YHR079C-B,YDR386W,1,-2.385916,0.11046511679887772,0.03799999877810478,0.03060000017285347
YBL041W,YOR192C-A,0,-2.3859346,0.11014492809772491,0.03799999877810478,0.030700000002980232
YDL150W,YLR337W,0,-2.385941,0.10982658714056015,0.03799999877810478,0.030799999833106995
YMR133W,YPL283C,1,-2.385959,0.11239193379878998,0.039000000804662704,0.030799999833106995
YER179W,YPL283C,1,-2.386075,0.1149425283074379,0.03999999910593033,0.030799999833106995
YGR161W-A,YPR100W,0,-2.3860838,0.11461318284273148,0.03999999910593033,0.030899999663233757
YOR047C,YGR027W-A,0,-2.3861666,0.11428571492433548,0.03999999910593033,0.03099999949336052
YNL101W,YDR034C-C,0,-2.386349,0.11396011710166931,0.03999999910593033,0.031099999323487282
YCL060C,YLR176C,0,-2.3864856,0.11363636702299118,0.03999999910593033,0.031199999153614044
YNL163C,YOR192C-B,0,-2.3867056,0.11331444978713989,0.03999999910593033,0.031300000846385956
YDR489W,YCL003W,0,-2.3867188,0.11299435049295425,0.03999999910593033,0.03139999881386757
YHR089C,YPR158C-D,0,-2.3867218,0.11267605423927307,0.03999999910593033,0.03150000050663948
YDR261W-A,YGR252W,0,-2.3868215,0.11235955357551575,0.03999999910593033,0.031599998474121094
YCL003W,YNL311C,0,-2.386884,0.1120448186993599,0.03999999910593033,0.031700000166893005
YCR080W,YPL271W,0,-2.386956,0.11173184216022491,0.03999999910593033,0.03180000185966492
YLR025W,YER108C,0,-2.387056,0.11142061650753021,0.03999999910593033,0.03189999982714653
YCL060C,YHR116W,0,-2.3870807,0.1111111119389534,0.03999999910593033,0.03200000151991844
YOR192C-A,YMR290C,0,-2.3874433,0.11080332100391388,0.03999999910593033,0.032099999487400055
YNL219C,YBR066C,0,-2.387452,0.11049723625183105,0.03999999910593033,0.03220000118017197
YDR210W-A,YHR148W,0,-2.3875508,0.11019283533096313,0.03999999910593033,0.03229999914765358
YJR160C,YDR316W-A,0,-2.3875508,0.10989011079072952,0.03999999910593033,0.03240000084042549
YCR055C,YLR371W,0,-2.3876173,0.10958904027938843,0.03999999910593033,0.032499998807907104
YBR100W,YLR234W,1,-2.3879714,0.11202185600996017,0.04100000113248825,0.032499998807907104
YCR055C,YDR039C,0,-2.3881252,0.1117166206240654,0.04100000113248825,0.032600000500679016
YDR261C-D,YNL209W,0,-2.3881977,0.11141304671764374,0.04100000113248825,0.03269999846816063
YNL313C,YPL257W-A,0,-2.3882806,0.1111111119389534,0.04100000113248825,0.03280000016093254
YCR055C,YCL003W,0,-2.3883197,0.11081080883741379,0.04100000113248825,0.03290000185370445
YAL058W,YGR122W,0,-2.3883426,0.1105121299624443,0.04100000113248825,0.032999999821186066
YER154W,YDR365W-A,0,-2.3883631,0.11021505296230316,0.04100000113248825,0.03310000151395798
YGR004W,YOR142W-B,0,-2.388612,0.10991957038640976,0.04100000113248825,0.03319999948143959
YMR213W,YOR192C-B,0,-2.3886619,0.1096256673336029,0.04100000113248825,0.0333000011742115
YPL257W-B,YER018C,0,-2.3887198,0.109333336353302,0.04100000113248825,0.033399999141693115
YOR240W,YDR153C,0,-2.3887699,0.10904255509376526,0.04100000113248825,0.03350000083446503
YDR378C,YOR343W-B,0,-2.3889687,0.10875331610441208,0.04100000113248825,0.03359999880194664
YFL002W-B,YBR236C,0,-2.3892505,0.10846561193466187,0.04100000113248825,0.03370000049471855
YHR079C-B,YBL088C,1,-2.3892834,0.11081793904304504,0.041999999433755875,0.03370000049471855
YGR161W-A,YOR256C,0,-2.3892918,0.11052631586790085,0.041999999433755875,0.033799998462200165
YOL034W,YPR137C-B,0,-2.389607,0.11023622006177902,0.041999999433755875,0.033900000154972076
YPL257W-A,YBL008W,0,-2.3899386,0.10994764417409897,0.041999999433755875,0.03400000184774399
YGR161W-A,YPR031W,0,-2.3903446,0.1096605733036995,0.041999999433755875,0.0340999998152256
YBR272C,YNL054W-B,0,-2.3904524,0.109375,0.041999999433755875,0.03420000150799751
YIL082W-A,YPR199C,0,-2.3905861,0.1090909093618393,0.041999999433755875,0.034299999475479126
YOR240W,YNL302C,0,-2.3906438,0.10880828648805618,0.041999999433755875,0.03440000116825104
YCL074W,YOR192C-B,0,-2.3907425,0.10852713137865067,0.041999999433755875,0.03449999913573265
YEL026W,YLR320W,0,-2.3909264,0.10824742168188095,0.041999999433755875,0.03460000082850456
YDR489W,YPL257W-A,0,-2.3909662,0.10796914994716644,0.041999999433755875,0.034699998795986176
YFL035C,YBR102C,0,-2.3911712,0.10769230872392654,0.041999999433755875,0.03480000048875809
YLR337W,YML036W,0,-2.391297,0.10741688311100006,0.041999999433755875,0.0348999984562397
YML047C,YML098W,0,-2.3913774,0.1071428582072258,0.041999999433755875,0.03500000014901161
YDR365W-A,YIL114C,0,-2.3914306,0.10687022656202316,0.041999999433755875,0.035100001841783524
YOR085W,YFL035C,0,-2.3915741,0.10659898817539215,0.041999999433755875,0.03519999980926514
YPR042C,YOR192C-B,0,-2.3916295,0.10632911324501038,0.041999999433755875,0.03530000150203705
YER106W,YFL035C,0,-2.3916595,0.10606060922145844,0.041999999433755875,0.03539999946951866
YLR138W,YCL019W,0,-2.3919022,0.10579345375299454,0.041999999433755875,0.03550000116229057
YHL009W-B,YPR125W,0,-2.3923092,0.10552763938903809,0.041999999433755875,0.035599999129772186
YJL006C,YPR158W-B,0,-2.3925993,0.10526315867900848,0.041999999433755875,0.0357000008225441
YCR055C,YGR254W,0,-2.3926423,0.10499999672174454,0.041999999433755875,0.03579999879002571
YGR161W-A,YDR172W,0,-2.392699,0.10473815351724625,0.041999999433755875,0.03590000048279762
YOL011W,YGR122W,0,-2.3928058,0.10447761416435242,0.041999999433755875,0.035999998450279236
YHL038C,YDR316W-A,0,-2.3928065,0.10421836376190186,0.041999999433755875,0.03610000014305115
YGR109W-B,YFR037C,0,-2.3928564,0.10396039485931396,0.041999999433755875,0.03620000183582306
YKR052C,YDR210W-B,0,-2.3928978,0.10370370000600815,0.041999999433755875,0.03629999980330467
YFL035C,YKL160W,0,-2.3932235,0.1034482792019844,0.041999999433755875,0.036400001496076584
YPL257W-A,YOR110W,0,-2.3933122,0.10319410264492035,0.041999999433755875,0.0364999994635582
YPL188W,YLR410W-B,0,-2.3934076,0.10294117778539658,0.041999999433755875,0.03660000115633011
YGR040W,YDR316W-A,0,-2.3935153,0.10268948972225189,0.041999999433755875,0.03669999912381172
YPL015C,YBR100W,1,-2.393621,0.10487804561853409,0.0430000014603138,0.03669999912381172
YCL019W,YPL217C,0,-2.3936443,0.10462287068367004,0.0430000014603138,0.03680000081658363
YAL015C,YOR142W-B,0,-2.3938427,0.10436893254518509,0.0430000014603138,0.03689999878406525
YOL009C,YLR227W-B,0,-2.3938472,0.10411622375249863,0.0430000014603138,0.03700000047683716
YPL167C,YLR035C-A,0,-2.393934,0.10386473685503006,0.0430000014603138,0.03709999844431877
YCR080W,YOL020W,0,-2.3942382,0.1036144569516182,0.0430000014603138,0.03720000013709068
YGR272C,YHR183W,0,-2.3942513,0.10336538404226303,0.0430000014603138,0.037300001829862595
YMR101C,YPR137C-A,0,-2.3943236,0.10311750322580338,0.0430000014603138,0.03739999979734421
YNL054W-A,YGL153W,0,-2.3944438,0.10287081450223923,0.0430000014603138,0.03750000149011612
YML034W,YCL062W,0,-2.3945093,0.1026252955198288,0.0430000014603138,0.03759999945759773
YGL168W,YOR343W-A,0,-2.3945763,0.10238095372915268,0.0430000014603138,0.037700001150369644
YCL060C,YMR104C,0,-2.3945937,0.10213776677846909,0.0430000014603138,0.03779999911785126
YOR338W,YKL034W,0,-2.3946116,0.10189573466777802,0.0430000014603138,0.03790000081062317
YGR027W-B,YMR290C,0,-2.3946717,0.10165484994649887,0.0430000014603138,0.03799999877810478
YJL021C,YKR037C,0,-2.3953285,0.10141509771347046,0.0430000014603138,0.038100000470876694
YJL021C,YPR171W,0,-2.3954017,0.10117647051811218,0.0430000014603138,0.03819999843835831
YBL005W-B,YMR112C,0,-2.3955486,0.10093896836042404,0.0430000014603138,0.03830000013113022
YGR272C,YGL049C,0,-2.395599,0.10070257633924484,0.0430000014603138,0.03840000182390213
YGR161W-A,YIL121W,0,-2.3956168,0.10046728700399399,0.0430000014603138,0.03849999979138374
YGR161C-D,YPL055C,0,-2.395654,0.10023310035467148,0.0430000014603138,0.038600001484155655
YBR100W,YPL283C,1,-2.3957825,0.10232558101415634,0.04399999976158142,0.038600001484155655
YGR178C,YCR055C,0,-2.395929,0.10208816826343536,0.04399999976158142,0.03869999945163727
YDR512C,YDR210C-C,0,-2.3960354,0.10185185074806213,0.04399999976158142,0.03880000114440918
YNL284C-B,YML059C,0,-2.3960562,0.10161662846803665,0.04399999976158142,0.03889999911189079
YOR343W-B,YGL158W,0,-2.396218,0.10138248652219772,0.04399999976158142,0.039000000804662704
YDR545W,YBR100W,1,-2.396283,0.1034482792019844,0.04500000178813934,0.039000000804662704
YLR312C-B,YMR202W,0,-2.3965087,0.10321100801229477,0.04500000178813934,0.03909999877214432
YLR382C,YFL035C,0,-2.3965318,0.10297483205795288,0.04500000178813934,0.03920000046491623
YPL060C-A,YPL262W,0,-2.3968437,0.10273972898721695,0.04500000178813934,0.03929999843239784
YDR501W,YGR038C-B,0,-2.3968563,0.10250569134950638,0.04500000178813934,0.039400000125169754
YOL128C,YOR343W-A,0,-2.397221,0.10227272659540176,0.04500000178813934,0.039500001817941666
YHR079C-B,YKR099W,1,-2.397262,0.10430838912725449,0.04600000008940697,0.039500001817941666
YBR100W,YDL227C,1,-2.3972917,0.10633484274148941,0.04699999839067459,0.039500001817941666
YCR080W,YER003C,0,-2.3974035,0.10609480738639832,0.04699999839067459,0.03959999978542328
YFL035C,YML081C-A,0,-2.3975441,0.10585585236549377,0.04699999839067459,0.03970000147819519
YDR210W-A,YNL243W,0,-2.3976436,0.10561797767877579,0.04699999839067459,0.039799999445676804
YPL233W,YLR410W-A,0,-2.3977783,0.10538116842508316,0.04699999839067459,0.039900001138448715
YJL113W,YDR034C-D,0,-2.398081,0.1051454171538353,0.04699999839067459,0.03999999910593033
YGL150C,YLR312C-B,0,-2.3981786,0.1049107164144516,0.04699999839067459,0.04010000079870224
YLR002C,YCL062W,0,-2.3982608,0.10467705875635147,0.04699999839067459,0.04019999876618385
YOL124C,YER108C,0,-2.3982766,0.10444444417953491,0.04699999839067459,0.040300000458955765
YGR252W,YGR027W-B,0,-2.398566,0.10421285778284073,0.04699999839067459,0.04039999842643738
YHR079C-B,YJL173C,1,-2.3988054,0.10619468986988068,0.04800000041723251,0.04039999842643738
YDL229W,YEL061C,0,-2.3989904,0.10596026480197906,0.04800000041723251,0.04050000011920929
YDR295C,YPR137C-A,0,-2.398995,0.10572687536478043,0.04800000041723251,0.0406000018119812
YNL172W,YJL018W,0,-2.3991046,0.10549450665712357,0.04800000041723251,0.040699999779462814
YHR079C-B,YPL283C,1,-2.3992944,0.10745614022016525,0.04899999871850014,0.040699999779462814
YBR168W,YDR034C-C,0,-2.3993108,0.10722100734710693,0.04899999871850014,0.040800001472234726
YHR197W,YDR098C-A,0,-2.3993523,0.10698690265417099,0.04899999871850014,0.04089999943971634
YCR055C,YOL147C,0,-2.3995407,0.10675381124019623,0.04899999871850014,0.04100000113248825
YJR029W,YPL040C,0,-2.3997736,0.10652174055576324,0.04899999871850014,0.041099999099969864
YDR316W-B,YPL180W,0,-2.400028,0.10629067569971085,0.04899999871850014,0.041200000792741776
YFL002W-A,YDR191W,0,-2.4001114,0.10606060922145844,0.04899999871850014,0.04129999876022339
YGR027W-A,YMR076C,0,-2.400367,0.10583153367042542,0.04899999871850014,0.0414000004529953
YGR027W-A,YNL177C,0,-2.400471,0.10560344904661179,0.04899999871850014,0.04149999842047691
YML129C,YLR337W,0,-2.4005637,0.10537634044885635,0.04899999871850014,0.041600000113248825
YGR161C-D,YPL239W,0,-2.400572,0.10515021532773972,0.04899999871850014,0.04170000180602074
YOR088W,YJL166W,0,-2.400641,0.10492505133152008,0.04899999871850014,0.04179999977350235
YJL021C,YAR003W,0,-2.400757,0.10470085591077805,0.04899999871850014,0.04190000146627426
YLR330W,YGR251W,0,-2.4008448,0.10447761416435242,0.04899999871850014,0.041999999433755875
YHR069C,YCR080W,0,-2.4010158,0.1042553186416626,0.04899999871850014,0.042100001126527786
YDR034C-D,YIL010W,0,-2.4011931,0.10403396934270859,0.04899999871850014,0.0421999990940094
YDR365W-A,YGL030W,0,-2.4011974,0.10381355881690979,0.04899999871850014,0.04230000078678131
YNL259C,YGR027W-B,0,-2.401378,0.10359407961368561,0.04899999871850014,0.042399998754262924
YDR014W-A,YDR386W,1,-2.4014113,0.1054852306842804,0.05000000074505806,0.042399998754262924
YJL021C,YDR210W-B,0,-2.4014113,0.10526315867900848,0.05000000074505806,0.042500000447034836
YBR012W-A,YAR044W,0,-2.4014113,0.10504201799631119,0.05000000074505806,0.04259999841451645
YMR149W,YML045W-A,0,-2.4014113,0.10482180118560791,0.05000000074505806,0.04270000010728836
YDR210W-C,YOR057W,0,-2.4014113,0.10460250824689865,0.05000000074505806,0.04280000180006027
YKL200C,YGR027W-A,0,-2.4014113,0.10438413172960281,0.05000000074505806,0.042899999767541885
YLR025W,YOR343C-B,0,-2.4014113,0.1041666641831398,0.05000000074505806,0.0430000014603138
YGL046W,YOR192C-B,0,-2.4014113,0.10395010560750961,0.05000000074505806,0.04309999942779541
YDR014W-A,YGL175C,1,-2.4014113,0.10580912977457047,0.050999999046325684,0.04309999942779541
YMR039C,YOR343C-A,0,-2.4014113,0.10559006035327911,0.050999999046325684,0.04320000112056732
YDR210W-C,YDR166C,0,-2.4014113,0.10537189990282059,0.050999999046325684,0.043299999088048935
YBR098W,YDR014W-A,1,-2.4014113,0.1072164922952652,0.052000001072883606,0.043299999088048935
YNL053W,YOR343C-B,0,-2.4014113,0.10699588805437088,0.052000001072883606,0.04340000078082085
YDR014W-A,YPR164W,1,-2.4014113,0.108829565346241,0.05299999937415123,0.04340000078082085
YDR365W-B,YOL158C,0,-2.4014113,0.10860655456781387,0.05299999937415123,0.04349999874830246
YCL003W,YPR137C-A,0,-2.4014113,0.10838446021080017,0.05299999937415123,0.04360000044107437
YDR283C,YOR343C-B,0,-2.4014113,0.1081632673740387,0.05299999937415123,0.043699998408555984
YDR210W-C,YBR114W,0,-2.4014113,0.10794297605752945,0.05299999937415123,0.043800000101327896
YDR014W-A,YMR224C,1,-2.4014113,0.10975609719753265,0.05400000140070915,0.043800000101327896
YDR210W-C,YJL209W,0,-2.4014113,0.10953346639871597,0.05400000140070915,0.04390000179409981
YOR343C-A,YJL014W,0,-2.4014113,0.10931174457073212,0.05400000140070915,0.04399999976158142
YBL101W-A,YLR052W,0,-2.4014113,0.1090909093618393,0.05400000140070915,0.04410000145435333
YGR055W,YOR343C-B,0,-2.4014113,0.1088709682226181,0.05400000140070915,0.044199999421834946
YDR014W-A,YOL068C,1,-2.4014113,0.11066398024559021,0.054999999701976776,0.044199999421834946
YGR161W-A,YBR233W-A,0,-2.4014113,0.11044176667928696,0.054999999701976776,0.04430000111460686
YLR410W,YLR157C-A,0,-2.4014113,0.11022043973207474,0.054999999701976776,0.04439999908208847
YGL168W,YLR157C-A,0,-2.4014113,0.10999999940395355,0.054999999701976776,0.04450000077486038
YGR109W-B,YDR507C,0,-2.4014113,0.1097804382443428,0.054999999701976776,0.044599998742341995
YLR227W-B,YER108C,0,-2.4014113,0.10956175625324249,0.054999999701976776,0.04470000043511391
YDR116C,YLR157C-A,0,-2.4014113,0.10934393852949142,0.054999999701976776,0.04479999840259552
YCL060C,YDR210C-C,0,-2.4014113,0.1091269850730896,0.054999999701976776,0.04490000009536743
YJL021C,YHR138C,0,-2.4014113,0.10891088843345642,0.054999999701976776,0.04500000178813934
YBL101W-B,YDL247W,0,-2.4014113,0.10869564861059189,0.054999999701976776,0.045099999755620956
YHR052W,YML045W-A,0,-2.4014113,0.108481265604496,0.054999999701976776,0.04520000144839287
YML045W-A,YLR248W,0,-2.4014113,0.10826771706342697,0.054999999701976776,0.04529999941587448
YPL060C-A,YDR421W,0,-2.4014113,0.1080550104379654,0.054999999701976776,0.04540000110864639
YDR210W-C,YGL206C,0,-2.4014113,0.10784313827753067,0.054999999701976776,0.045499999076128006
YDR180W,YDR014W-A,1,-2.4014113,0.10958904027938843,0.0560000017285347,0.045499999076128006
YDR210W-C,YIL144W,0,-2.4014113,0.109375,0.0560000017285347,0.04560000076889992
YBL101W-B,YFL049W,0,-2.4014113,0.10916179418563843,0.0560000017285347,0.04569999873638153
YOR343C-A,YER169W,0,-2.4014113,0.10894941538572311,0.0560000017285347,0.04580000042915344
YBL101W-B,YHR119W,0,-2.4014113,0.10873786360025406,0.0560000017285347,0.045899998396635056
YOR343C-A,YLR353W,0,-2.4014113,0.10852713137865067,0.0560000017285347,0.04600000008940697
YLR139C,YOR343C-B,0,-2.4014113,0.10831721127033234,0.0560000017285347,0.04610000178217888
YHR152W,YBL101W-A,0,-2.4014113,0.10810811072587967,0.0560000017285347,0.04619999974966049
YHR148W,YML045W-A,0,-2.4014113,0.10789980739355087,0.0560000017285347,0.046300001442432404
YOR192C-A,YLR320W,0,-2.4014113,0.10769230872392654,0.0560000017285347,0.04639999940991402
YBL101W-A,YPL192C,0,-2.4014113,0.10748560726642609,0.0560000017285347,0.04650000110268593
YOR343C-A,YGR252W,0,-2.4014113,0.1072796955704689,0.0560000017285347,0.04659999907016754
YFR008W,YOR343C-B,0,-2.4014113,0.1070745661854744,0.0560000017285347,0.04670000076293945
YJL117W,YOR343C-B,0,-2.4014113,0.10687022656202316,0.0560000017285347,0.046799998730421066
YDR016C,YBL101W-B,0,-2.4014113,0.1066666692495346,0.0560000017285347,0.04690000042319298
YGL163C,YDR014W-A,1,-2.4014113,0.1083650216460228,0.05700000002980232,0.04690000042319298
YDR446W,YDR014W-A,1,-2.4014113,0.11005692929029465,0.057999998331069946,0.04690000042319298
YOR192C-A,YDR507C,0,-2.4014113,0.10984848439693451,0.057999998331069946,0.04699999839067459
YDR014W-A,YER179W,1,-2.4014113,0.11153119057416916,0.05900000035762787,0.04699999839067459
YMR068W,YBL101W-B,0,-2.4014113,0.11132075637578964,0.05900000035762787,0.0471000000834465
YOR343C-B,YDR212W,0,-2.4014113,0.1111111119389534,0.05900000035762787,0.047200001776218414
YPR137C-B,YBR022W,0,-2.4014113,0.11090225726366043,0.05900000035762787,0.04729999974370003
YBL101W-A,YPL178W,0,-2.4014113,0.11069418489933014,0.05900000035762787,0.04740000143647194
YDR014W-A,YHL022C,1,-2.4014113,0.11235955357551575,0.05999999865889549,0.04740000143647194
YIL014W,YOR343C-B,0,-2.4014113,0.11214952915906906,0.05999999865889549,0.04749999940395355
YHR042W,YOR343C-B,0,-2.4014113,0.11194030195474625,0.05999999865889549,0.047600001096725464
YOR343C-A,YDR146C,0,-2.4014113,0.11173184216022491,0.05999999865889549,0.04769999906420708
YGR217W,YML045W-A,0,-2.4014113,0.11152416467666626,0.05999999865889549,0.04780000075697899
YDR346C,YGR027W-A,0,-2.4014113,0.11131725460290909,0.05999999865889549,0.0478999987244606
YDR004W,YDR014W-A,1,-2.4014113,0.11296296119689941,0.061000000685453415,0.0478999987244606
YLR157C-A,YHR031C,0,-2.4014113,0.11275415867567062,0.061000000685453415,0.04800000041723251
YAR007C,YDR014W-A,1,-2.4014113,0.11439114063978195,0.06199999898672104,0.04800000041723251
YPR052C,YLR157C-A,0,-2.4014113,0.11418047547340393,0.06199999898672104,0.04809999838471413
YPL138C,YOR343C-B,0,-2.4014113,0.11397058516740799,0.06199999898672104,0.04820000007748604
YGL006W,YDR210C-D,0,-2.4014113,0.11376146972179413,0.06199999898672104,0.04830000177025795
YJR063W,YOR343C-B,0,-2.4014113,0.11355311423540115,0.06199999898672104,0.04839999973773956
YOR343C-A,YGR129W,0,-2.4014113,0.11334551870822906,0.06199999898672104,0.048500001430511475
YDR014W-A,YPL121C,1,-2.4014113,0.11496350169181824,0.06300000101327896,0.048500001430511475
YOR343C-A,YER012W,0,-2.4014113,0.1147540956735611,0.06300000101327896,0.04859999939799309
YEL066W,YLR157C-A,0,-2.4014113,0.11454545706510544,0.06300000101327896,0.048700001090765
YIL034C,YML045W-A,0,-2.4014113,0.11433757096529007,0.06300000101327896,0.04879999905824661
YDR261C-D,YGR225W,0,-2.4014113,0.11413043737411499,0.06300000101327896,0.048900000751018524
YNL066W,YML045W-A,0,-2.4014113,0.1139240488409996,0.06300000101327896,0.04899999871850014
YDR014W-A,YKR099W,1,-2.4014113,0.11552346497774124,0.06400000303983688,0.04899999871850014
YML115C,YML045W-A,0,-2.4014113,0.11531531810760498,0.06400000303983688,0.04910000041127205
YDR079C-A,YLR227W-A,0,-2.4014113,0.11510791629552841,0.06400000303983688,0.04919999837875366
YDR014W-A,YER044C-A,1,-2.4014113,0.11669658869504929,0.06499999761581421,0.04919999837875366
YOR343C-B,YMR125W,0,-2.4014113,0.11648745834827423,0.06499999761581421,0.049300000071525574
YML033W,YPL257W-A,0,-2.4014113,0.11627907305955887,0.06499999761581421,0.049400001764297485
YPL194W,YDR014W-A,1,-2.4014113,0.11785714328289032,0.06599999964237213,0.049400001764297485
YKL205W,YBL101W-A,0,-2.4014113,0.11764705926179886,0.06599999964237213,0.0494999997317791
YPL060C-A,YKL182W,0,-2.4014113,0.11743772029876709,0.06599999964237213,0.04960000142455101
YDR014W-A,YBR136W,1,-2.4014113,0.11900532990694046,0.06700000166893005,0.04960000142455101
YDR014W-A,YOR033C,1,-2.4014113,0.12056737393140793,0.06800000369548798,0.04960000142455101
YER172C,YML045W-A,0,-2.4014113,0.12035398185253143,0.06800000369548798,0.04969999939203262
YOL080C,YBL101W-B,0,-2.4014113,0.12014134228229523,0.06800000369548798,0.049800001084804535
YDR244W,YOR343C-B,0,-2.4014113,0.11992945522069931,0.06800000369548798,0.04989999905228615
YDR210W-C,YDL231C,0,-2.4014113,0.11971831321716309,0.06800000369548798,0.05000000074505806
YDR014W-A,YDL154W,1,-2.4014113,0.12126538157463074,0.0689999982714653,0.05000000074505806
YDR210W-C,YGR123C,0,-2.4014113,0.12105263024568558,0.0689999982714653,0.05009999871253967
YKL025C,YOR142W-B,0,-2.4014113,0.1208406314253807,0.0689999982714653,0.050200000405311584
YGR070W,YPR158W-A,0,-2.4014113,0.12062937021255493,0.0689999982714653,0.0502999983727932
YOR343C-A,YJL101C,0,-2.4014113,0.12041884660720825,0.0689999982714653,0.05040000006556511
YDR210W-C,YNR015W,0,-2.4014113,0.12020906060934067,0.0689999982714653,0.05050000175833702
YPR137C-A,YOR088W,0,-2.4014113,0.11999999731779099,0.0689999982714653,0.050599999725818634
YBR012W-A,YML045W-A,0,-2.4014113,0.1197916641831398,0.0689999982714653,0.050700001418590546
YDR369C,YDR014W-A,1,-2.4014113,0.12131715565919876,0.07000000029802322,0.050700001418590546
YDR014W-A,YLR418C,1,-2.4014113,0.1228373721241951,0.07100000232458115,0.050700001418590546
YMR270C,YOL103W-B,0,-2.4015608,0.12262521684169769,0.07100000232458115,0.05079999938607216
YDR378C,YGR109W-B,0,-2.401777,0.12241379171609879,0.07100000232458115,0.05090000107884407
YOR142W-B,YPL212C,0,-2.401872,0.12220309674739838,0.07100000232458115,0.050999999046325684
YDR261C-D,YGR186W,0,-2.4020233,0.12199312448501587,0.07100000232458115,0.051100000739097595
YKR019C,YER108C,0,-2.4020643,0.12178387492895126,0.07100000232458115,0.05119999870657921
YDR210C-D,YKL220C,0,-2.4023912,0.12157534062862396,0.07100000232458115,0.05130000039935112
YHR205W,YOR192C-B,0,-2.4024725,0.12136752158403397,0.07100000232458115,0.05139999836683273
YLR312C-B,YKL149C,0,-2.4027345,0.12116041034460068,0.07100000232458115,0.051500000059604645
YLR263W,YOR192C-B,0,-2.4027593,0.1209540069103241,0.07100000232458115,0.051600001752376556
YDR098C-A,YIL010W,0,-2.4027731,0.12074829638004303,0.07100000232458115,0.05169999971985817
YCR080W,YPL152W,0,-2.403314,0.12054329365491867,0.07100000232458115,0.05180000141263008
YPL124W,YFL035C,0,-2.403372,0.12033898383378983,0.07100000232458115,0.051899999380111694
YHR030C,YOR192C-B,0,-2.4034154,0.1201353669166565,0.07100000232458115,0.052000001072883606
YBR049C,YLR227W-B,0,-2.4034464,0.11993243545293808,0.07100000232458115,0.05209999904036522
YBR293W,YGR027W-A,0,-2.4034579,0.11973018199205399,0.07100000232458115,0.05220000073313713
YPL060C-A,YPR191W,0,-2.4035325,0.1195286214351654,0.07100000232458115,0.052299998700618744
YJR121W,YNL313C,0,-2.4035544,0.11932773143053055,0.07100000232458115,0.052400000393390656
YMR239C,YLR337W,0,-2.4039302,0.11912751942873001,0.07100000232458115,0.05249999836087227
YCL062W,YGR252W,0,-2.4039943,0.1189279705286026,0.07100000232458115,0.05260000005364418
YAL047C,YER108C,0,-2.4040449,0.11872909963130951,0.07100000232458115,0.05270000174641609
YNL325C,YDR210C-D,0,-2.4041367,0.11853088438510895,0.07100000232458115,0.052799999713897705
YMR186W,YCR080W,0,-2.4044592,0.11833333224058151,0.07100000232458115,0.05290000140666962
YNL020C,YDR210C-D,0,-2.4044785,0.1181364357471466,0.07100000232458115,0.05299999937415123
YMR277W,YCL062W,0,-2.4045608,0.11794020235538483,0.07100000232458115,0.05310000106692314
YLR312C-B,YLR007W,0,-2.4048512,0.11774460971355438,0.07100000232458115,0.053199999034404755
YMR133W,YNL339C,1,-2.4049537,0.1192052960395813,0.07199999690055847,0.053199999034404755
YKL051W,YHR214C-C,0,-2.4050982,0.11900826543569565,0.07199999690055847,0.053300000727176666
YHR079C-B,YMR224C,1,-2.405162,0.12046204507350922,0.0729999989271164,0.053300000727176666
YDL105W,YPR137C-A,0,-2.4052536,0.12026359140872955,0.0729999989271164,0.05339999869465828
YMR236W,YPR137C-A,0,-2.4055088,0.12006578594446182,0.0729999989271164,0.05350000038743019
YLR227W-B,YDR176W,0,-2.4056807,0.11986863613128662,0.0729999989271164,0.053599998354911804
YDR449C,YJL018W,0,-2.4057071,0.11967213451862335,0.0729999989271164,0.053700000047683716
YCL060C,YPR021C,0,-2.4061458,0.11947626620531082,0.0729999989271164,0.05380000174045563
YNL054W-B,YOR274W,0,-2.4062443,0.11928104609251022,0.0729999989271164,0.05389999970793724
YDR210W-A,YPR005C,0,-2.4063313,0.11908645927906036,0.0729999989271164,0.05400000140070915
YGR109W-B,YNL273W,0,-2.4063394,0.11889250576496124,0.0729999989271164,0.054099999368190765
YFR009W,YNL054W-B,0,-2.4070122,0.11869918555021286,0.0729999989271164,0.05420000106096268
YCR055C,YGL191W,0,-2.4071646,0.11850649118423462,0.0729999989271164,0.05429999902844429
YDR217C,YPR158W-A,0,-2.4072635,0.11831442266702652,0.0729999989271164,0.0544000007212162
YBR100W,YNL139C,1,-2.4075654,0.11974109709262848,0.07400000095367432,0.0544000007212162
YPL257W-B,YIL150C,0,-2.4078238,0.11954765766859055,0.07400000095367432,0.054499998688697815
YGL253W,YHR138C,0,-2.4079518,0.11935483664274216,0.07400000095367432,0.05460000038146973
YDR098C-B,YPR037C,0,-2.4081986,0.11916264146566391,0.07400000095367432,0.05469999834895134
YML033W,YOL064C,0,-2.4084685,0.11897106468677521,0.07400000095367432,0.05480000004172325
YFL002W-A,YDR265W,0,-2.4085546,0.11878009885549545,0.07400000095367432,0.05490000173449516
YJR022W,YKR025W,0,-2.4086263,0.11858974397182465,0.07400000095367432,0.054999999701976776
YBR109C,YDR365W-A,0,-2.4086888,0.11840000003576279,0.07400000095367432,0.05510000139474869
YFL018W-A,YPL084W,0,-2.4088595,0.11821085959672928,0.07400000095367432,0.0551999993622303
YDR365W-A,YNL014W,0,-2.4089563,0.11802233010530472,0.07400000095367432,0.05530000105500221
YGL013C,YGR161C-D,0,-2.408981,0.11783439666032791,0.07400000095367432,0.055399999022483826
YCL060C,YOR349W,0,-2.4089923,0.11764705926179886,0.07400000095367432,0.05550000071525574
YHR079C-B,YDL227C,1,-2.4090657,0.1190476194024086,0.07500000298023224,0.05550000071525574
YGR007W,YER108C,0,-2.4090867,0.1188589558005333,0.07500000298023224,0.05559999868273735
YBR183W,YAL034W-A,0,-2.4094253,0.11867088824510574,0.07500000298023224,0.05570000037550926
YBR100W,YDR386W,1,-2.4096344,0.12006319314241409,0.07599999755620956,0.05570000037550926
YGR161W-A,YJL157C,0,-2.4097514,0.11987381428480148,0.07599999755620956,0.055799998342990875
YDR129C,YPR158W-B,0,-2.4099615,0.11968503892421722,0.07599999755620956,0.05590000003576279
YER106W,YDR046C,0,-2.410047,0.11949685215950012,0.07599999755620956,0.0560000017285347
YKL051W,YPR137C-A,0,-2.4100933,0.11930926144123077,0.07599999755620956,0.05609999969601631
YGR161C-D,YDR244W,0,-2.4101098,0.11912225931882858,0.07599999755620956,0.05620000138878822
YJL080C,YDR365W-A,0,-2.4105299,0.11893583834171295,0.07599999755620956,0.056299999356269836
YKL201C,YDR210C-D,0,-2.4106123,0.11874999850988388,0.07599999755620956,0.05640000104904175
YFR021W,YPR158C-D,0,-2.4107275,0.11856473982334137,0.07599999755620956,0.05649999901652336
YDR325W,YDR259C,0,-2.410834,0.11838006228208542,0.07599999755620956,0.05660000070929527
YNL054W-A,YDR225W,0,-2.4108841,0.11819595843553543,0.07599999755620956,0.056699998676776886
YNR044W,YOR192C-B,0,-2.4108922,0.11801242083311081,0.07599999755620956,0.0568000003695488
YBR100W,YLL002W,1,-2.4112408,0.11937984824180603,0.07699999958276749,0.0568000003695488
YLR110C,YBR066C,0,-2.4113152,0.11919504404067993,0.07699999958276749,0.05689999833703041
YDR240C,YPL131W,0,-2.4113932,0.1190108209848404,0.07699999958276749,0.05700000002980232
YGR109W-B,YOR308C,0,-2.411403,0.11882716417312622,0.07699999958276749,0.057100001722574234
YJR120W,YBR207W,0,-2.411422,0.11864406615495682,0.07699999958276749,0.05719999969005585
YKL134C,YPR158W-A,0,-2.4114935,0.11846154183149338,0.07699999958276749,0.05730000138282776
YNL080C,YOR142W-B,0,-2.4117575,0.11827956885099411,0.07699999958276749,0.05739999935030937
YNL054W-A,YOR269W,0,-2.4118068,0.11809816211462021,0.07699999958276749,0.057500001043081284
YMR092C,YOR343W-A,0,-2.4118314,0.11791730672121048,0.07699999958276749,0.0575999990105629
YGR200C,YBR111W-A,0,-2.4120853,0.11773700267076492,0.07699999958276749,0.05770000070333481
YBR100W,YJL173C,1,-2.4122493,0.11908397078514099,0.07800000160932541,0.05770000070333481
YNL116W,YLR410W-A,0,-2.4123175,0.11890243738889694,0.07800000160932541,0.05779999867081642
YKL034W,YDR316W-A,0,-2.41254,0.11872146278619766,0.07800000160932541,0.05790000036358833
YOR142W-B,YMR046C,0,-2.4125729,0.11854103207588196,0.07800000160932541,0.057999998331069946
YLR205C,YDR034C-D,0,-2.4127128,0.11836115270853043,0.07800000160932541,0.05810000002384186
YLR110C,YGL178W,0,-2.4127307,0.11818181723356247,0.07800000160932541,0.05820000171661377
YGR116W,YBR066C,0,-2.412746,0.11800302565097809,0.07800000160932541,0.05829999968409538
YOR130C,YPR158C-D,0,-2.4127786,0.11782477051019669,0.07800000160932541,0.058400001376867294
YCR055C,YKL018W,0,-2.4134924,0.11764705926179886,0.07800000160932541,0.05849999934434891
YOR156C,YHR214C-C,0,-2.4136436,0.11746987700462341,0.07800000160932541,0.05860000103712082
YGL183C,YBR100W,1,-2.4138675,0.11879698932170868,0.07900000363588333,0.05860000103712082
YGR038C-B,YOR230W,0,-2.4139237,0.11861861497163773,0.07900000363588333,0.05869999900460243
YDR316W-B,YDL155W,0,-2.4139488,0.11844077706336975,0.07900000363588333,0.058800000697374344
YDR034C-D,YBR245C,0,-2.413965,0.11826347559690475,0.07900000363588333,0.05889999866485596
YCL060C,YOR129C,0,-2.4139874,0.11808669567108154,0.07900000363588333,0.05900000035762787
YLR337W,YKR079C,0,-2.4142072,0.11791044473648071,0.07900000363588333,0.05909999832510948
YGL046W,YGL122C,0,-2.4144485,0.11773472279310226,0.07900000363588333,0.05920000001788139
YLR449W,YLR227W-A,0,-2.4146323,0.1175595223903656,0.07900000363588333,0.059300001710653305
YHR107C,YLR410W-B,0,-2.4146488,0.11738484352827072,0.07900000363588333,0.05939999967813492
YHR079C-B,YPL127C,1,-2.4146526,0.11869436502456665,0.07999999821186066,0.05939999967813492
YNL054W-A,YPL131W,0,-2.4147723,0.11851851642131805,0.07999999821186066,0.05950000137090683
YDL153C,YLR337W,0,-2.4150739,0.11834319680929184,0.07999999821186066,0.05959999933838844
YDR172W,YHR214C-C,0,-2.4151018,0.11816839128732681,0.07999999821186066,0.059700001031160355
YIL117C,YDL087C,0,-2.4151142,0.11799409985542297,0.07999999821186066,0.05979999899864197
YJL012C,YDR115W,0,-2.4151666,0.11782032251358032,0.07999999821186066,0.05990000069141388
YML130C,YDR098C-A,0,-2.4152172,0.11764705926179886,0.07999999821186066,0.05999999865889549
YNL216W,YER108C,0,-2.4154925,0.11747430264949799,0.07999999821186066,0.060100000351667404
YNL284C-B,YOR320C,0,-2.4158432,0.1173020526766777,0.07999999821186066,0.06019999831914902
YBR012W-B,YPL050C,0,-2.4158561,0.11713030934333801,0.07999999821186066,0.06030000001192093
YGL163C,YHR079C-B,1,-2.41595,0.1184210553765297,0.08100000023841858,0.06030000001192093
YDR258C,YFL026W,0,-2.4160912,0.11824817210435867,0.08100000023841858,0.06040000170469284
YJR066W,YOR192C-A,0,-2.4161234,0.11807580292224884,0.08100000023841858,0.060499999672174454
YNL054W-B,YER049W,0,-2.4162467,0.117903932929039,0.08100000023841858,0.060600001364946365
YBR100W,YER179W,1,-2.4164279,0.11918604373931885,0.0820000022649765,0.060600001364946365
YLR020C,YOR142W-B,0,-2.4165764,0.11901306360960007,0.0820000022649765,0.06069999933242798
YDR316W-B,YBR257W,0,-2.4166176,0.11884058266878128,0.0820000022649765,0.06080000102519989
YDR210C-C,YNL166C,0,-2.4167905,0.11866859346628189,0.0820000022649765,0.0608999989926815
YGR038C-B,YDL065C,0,-2.4168153,0.11849711090326309,0.0820000022649765,0.061000000685453415
YOR007C,YGR027W-B,0,-2.4168813,0.11832612007856369,0.0820000022649765,0.06109999865293503
YPL060C-A,YFR033C,0,-2.4171283,0.11815562099218369,0.0820000022649765,0.06120000034570694
YCL061C,YDR261C-D,0,-2.4172022,0.11798561364412308,0.0820000022649765,0.06129999831318855
YDR261C-D,YBL041W,0,-2.4173095,0.11781609058380127,0.0820000022649765,0.061400000005960464
YJR053W,YJR029W,0,-2.4173472,0.11764705926179886,0.0820000022649765,0.061500001698732376
YFL031W,YGR027W-A,0,-2.4175155,0.11747851222753525,0.0820000022649765,0.06159999966621399
YPL060C-A,YKL017C,0,-2.4176226,0.11731044203042984,0.0820000022649765,0.0617000013589859
YHL009W-B,YGR159C,0,-2.4177132,0.11714285612106323,0.0820000022649765,0.061799999326467514
YJL183W,YPR158W-A,0,-2.418051,0.11697574704885483,0.0820000022649765,0.061900001019239426
YMR270C,YCL003W,0,-2.418441,0.11680911481380463,0.0820000022649765,0.06199999898672104
YNL091W,YLR035C-A,0,-2.4187346,0.11664295941591263,0.0820000022649765,0.06210000067949295
YDR040C,YBR090C-A,0,-2.4187624,0.11647727340459824,0.0820000022649765,0.062199998646974564
YNL323W,YDR034C-D,0,-2.4189408,0.11631205677986145,0.0820000022649765,0.062300000339746475
YNL101W,YOR192C-A,0,-2.419122,0.11614730954170227,0.0820000022649765,0.06239999830722809
YDR210C-D,YOR081C,0,-2.4193194,0.1159830242395401,0.0820000022649765,0.0625
YML114C,YPL060C-A,0,-2.419616,0.11581920832395554,0.0820000022649765,0.06260000169277191
YMR080C,YBR012W-B,0,-2.4198263,0.11565585434436798,0.0820000022649765,0.06270000338554382
YOR330C,YFL011W-A,0,-2.4204276,0.11549295485019684,0.0820000022649765,0.06279999762773514
YDR034C-D,YPL174C,0,-2.4205716,0.1153305172920227,0.0820000022649765,0.06289999932050705
YBL106C,YDR316W-A,0,-2.4205716,0.11516854166984558,0.0820000022649765,0.06300000101327896
YHL009W-B,YGR211W,0,-2.4206045,0.11500701308250427,0.0820000022649765,0.06310000270605087
YOR032C,YDR098C-B,0,-2.420753,0.11484593898057938,0.0820000022649765,0.06319999694824219
YPL244C,YER138C,0,-2.4208448,0.1146853119134903,0.0820000022649765,0.0632999986410141
YNL054W-B,YPL075W,0,-2.4208848,0.11452513933181763,0.0820000022649765,0.06340000033378601
YHR069C,YDR365W-B,0,-2.421,0.11436541378498077,0.0820000022649765,0.06350000202655792
YFR008W,YLR227W-B,0,-2.4211648,0.11420612782239914,0.0820000022649765,0.06360000371932983
YOR343W-B,YOR230W,0,-2.4212472,0.11404728889465332,0.0820000022649765,0.06369999796152115
YPL155C,YOR088W,0,-2.4213068,0.11388888955116272,0.0820000022649765,0.06379999965429306
YBR100W,YMR133W,1,-2.4213378,0.11511789262294769,0.08299999684095383,0.06379999965429306
YOR343W-A,YNL025C,0,-2.421511,0.11495845019817352,0.08299999684095383,0.06390000134706497
YOR056C,YGR161W-A,0,-2.4215603,0.11479944735765457,0.08299999684095383,0.06400000303983688
YCR080W,YGL222C,0,-2.4218237,0.11464088410139084,0.08299999684095383,0.0640999972820282
YJL108C,YGR027W-B,0,-2.4218733,0.11448276042938232,0.08299999684095383,0.06419999897480011
YPR137C-B,YLR102C,0,-2.422071,0.11432506889104843,0.08299999684095383,0.06430000066757202
YDR034C-D,YLR384C,0,-2.42217,0.11416780948638916,0.08299999684095383,0.06440000236034393
YDR261W-A,YDR404C,0,-2.4225323,0.11401098966598511,0.08299999684095383,0.06449999660253525
YHR079C-B,YER044C-A,1,-2.4229023,0.11522633582353592,0.08399999886751175,0.06449999660253525
YCL060C,YPR101W,0,-2.4229217,0.11506849527359009,0.08399999886751175,0.06459999829530716
YJL170C,YGR088W,0,-2.423188,0.11491107940673828,0.08399999886751175,0.06469999998807907
YPL253C,YCR055C,0,-2.4232492,0.1147540956735611,0.08399999886751175,0.06480000168085098
YDR098C-B,YIL132C,0,-2.423455,0.11459754407405853,0.08399999886751175,0.0649000033736229
YHR072W-A,YCR020C,0,-2.423671,0.11444141715765,0.08399999886751175,0.06499999761581421
YDR098C-B,YMR199W,0,-2.423702,0.11428571492433548,0.08399999886751175,0.06509999930858612
YLR227W-B,YDR437W,0,-2.423801,0.11413043737411499,0.08399999886751175,0.06520000100135803
YCL060C,YCR018C,0,-2.4238567,0.11397557705640793,0.08399999886751175,0.06530000269412994
YDR210W-A,YMR202W,0,-2.4239657,0.11382114142179489,0.08399999886751175,0.06539999693632126
YER133W,YDR210W-B,0,-2.4240153,0.11366711556911469,0.08399999886751175,0.06549999862909317
YNL054W-A,YPL040C,0,-2.424147,0.1135135143995285,0.08399999886751175,0.06560000032186508
YOR157C,YDR316W-B,0,-2.4242785,0.11336032301187515,0.08399999886751175,0.065700002014637
YGR231C,YPL257W-A,0,-2.424361,0.11320754885673523,0.08399999886751175,0.0658000037074089
YPR078C,YGR006W,0,-2.4247253,0.11305518448352814,0.08399999886751175,0.06589999794960022
YLR216C,YDR210W-B,0,-2.4247565,0.11290322244167328,0.08399999886751175,0.06599999964237213
YGL190C,YDR316W-A,0,-2.4247894,0.11275167763233185,0.08399999886751175,0.06610000133514404
YNL261W,YCL062W,0,-2.4248073,0.11260053515434265,0.08399999886751175,0.06620000302791595
YGR088W,YOR290C,0,-2.425279,0.11244980245828629,0.08399999886751175,0.06629999727010727
YOR058C,YBR090C-A,0,-2.4253988,0.11229946464300156,0.08399999886751175,0.06639999896287918
YPL257W-A,YDR325W,0,-2.425811,0.11214952915906906,0.08399999886751175,0.06650000065565109
YJL095W,YGR027W-A,0,-2.4259427,0.1120000034570694,0.08399999886751175,0.066600002348423
YNL261W,YDR261W-A,0,-2.4259593,0.11185086518526077,0.08399999886751175,0.06669999659061432
YGR161W-A,YOR168W,0,-2.4259593,0.11170212924480438,0.08399999886751175,0.06679999828338623
YDR316W-A,YPR068C,0,-2.4261076,0.11155378818511963,0.08399999886751175,0.06689999997615814
YJL021C,YDR260C,0,-2.426224,0.11140583455562592,0.08399999886751175,0.06700000166893005
YOR127W,YDR098C-A,0,-2.4264207,0.11125827580690384,0.08399999886751175,0.06710000336170197
YIL082W-A,YPR016C,0,-2.4266665,0.1111111119389534,0.08399999886751175,0.06719999760389328
YCL060C,YPR056W,0,-2.427024,0.110964335501194,0.08399999886751175,0.06729999929666519
YHR079C-B,YER179W,1,-2.4270394,0.11213720589876175,0.08500000089406967,0.06729999929666519
YGR251W,YAR010C,0,-2.4270637,0.11198946088552475,0.08500000089406967,0.0674000009894371
YGL046W,YMR208W,0,-2.4271023,0.11184210330247879,0.08500000089406967,0.06750000268220901
YPL060C-A,YGR112W,0,-2.4272113,0.11169514060020447,0.08500000089406967,0.06759999692440033
YGR133W,YPR158W-B,0,-2.4273431,0.11154855787754059,0.08500000089406967,0.06769999861717224
YDR263C,YOR192C-A,0,-2.4279525,0.11140236258506775,0.08500000089406967,0.06780000030994415
YPL124W,YDR365W-A,0,-2.4281833,0.11125654727220535,0.08500000089406967,0.06790000200271606
YPR078C,YGR047C,0,-2.4281976,0.1111111119389534,0.08500000089406967,0.06800000369548798
YLR312C-B,YPR143W,0,-2.4285638,0.11096605658531189,0.08500000089406967,0.06809999793767929
YHR157W,YDR289C,1,-2.4291387,0.11212516576051712,0.0860000029206276,0.06809999793767929
YGR089W,YDL247W,0,-2.429386,0.1119791641831398,0.0860000029206276,0.0681999996304512
YBR080C,YDR261W-B,0,-2.4294026,0.11183355003595352,0.0860000029206276,0.06830000132322311
YCR080W,YPL053C,0,-2.4294298,0.11168830841779709,0.0860000029206276,0.06840000301599503
YGR088W,YEL015W,0,-2.429504,0.1115434467792511,0.0860000029206276,0.06849999725818634
YDR527W,YOR142W-B,0,-2.4296005,0.11139896512031555,0.0860000029206276,0.06859999895095825
YLR362W,YMR011W,0,-2.4296567,0.11125484853982925,0.0860000029206276,0.06870000064373016
YPR158C-D,YOR120W,0,-2.429765,0.1111111119389534,0.0860000029206276,0.06880000233650208
YOR343W-B,YMR104C,0,-2.429798,0.1109677404165268,0.0860000029206276,0.06889999657869339
YPR046W,YPR158C-D,0,-2.4303086,0.11082474142313004,0.0860000029206276,0.0689999982714653
YPL283C,YJR021C,1,-2.4312162,0.11196911334991455,0.08699999749660492,0.0689999982714653
YDR316W-B,YAL056W,0,-2.4312642,0.11182519048452377,0.08699999749660492,0.06909999996423721
YHL009W-B,YOL125W,0,-2.4312809,0.11168164014816284,0.08699999749660492,0.06920000165700912
YDR210W-A,YFR008W,0,-2.4316103,0.11153846234083176,0.08699999749660492,0.06930000334978104
YNL054W-A,YOR270C,0,-2.4317257,0.11139564961194992,0.08699999749660492,0.06939999759197235
YGR038C-B,YIL105C,0,-2.4317422,0.11125319451093674,0.08699999749660492,0.06949999928474426
YDR316W-B,YPL203W,0,-2.4317422,0.1111111119389534,0.08699999749660492,0.06960000097751617
YDR365W-A,YIL009W,0,-2.431874,0.11096938699483871,0.08699999749660492,0.06970000267028809
YAR044W,YIL023C,0,-2.4319494,0.11082802712917328,0.08699999749660492,0.0697999969124794
YOR026W,YLR227W-A,0,-2.4323022,0.1106870248913765,0.08699999749660492,0.06989999860525131
YAL059W,YPL269W,0,-2.43234,0.11054638028144836,0.08699999749660492,0.07000000029802322
YDR098C-A,YLL034C,0,-2.432467,0.11040609329938889,0.08699999749660492,0.07010000199079514
YHR079C-B,YOR033C,1,-2.4324841,0.11153358966112137,0.08799999952316284,0.07010000199079514
YOR127W,YPR158W-B,0,-2.4328625,0.11139240860939026,0.08799999952316284,0.07020000368356705
YHR135C,YOR192C-B,0,-2.4330108,0.1112515777349472,0.08799999952316284,0.07029999792575836
YNL286W,YOR192C-B,0,-2.4332416,0.1111111119389534,0.08799999952316284,0.07039999961853027
YCL062W,YDR423C,0,-2.4333017,0.11097099632024765,0.08799999952316284,0.07050000131130219
YHR020W,YOR279C,0,-2.4333813,0.11083123087882996,0.08799999952316284,0.0706000030040741
YCR080W,YEL051W,0,-2.4334962,0.11069182306528091,0.08799999952316284,0.07069999724626541
YGR161C-D,YDL087C,0,-2.4335377,0.11055276542901993,0.08799999952316284,0.07079999893903732
YGR244C,YPL096C-A,0,-2.4337814,0.1104140505194664,0.08799999952316284,0.07090000063180923
YHR119W,YOR192C-A,0,-2.4338014,0.11027568578720093,0.08799999952316284,0.07100000232458115
YOR266W,YGL055W,0,-2.4343166,0.11013767123222351,0.08799999952316284,0.07109999656677246
YNR030W,YDR098C-A,0,-2.434488,0.10999999940395355,0.08799999952316284,0.07119999825954437
YOL102C,YLR035C-A,0,-2.4345796,0.10986267030239105,0.08799999952316284,0.07129999995231628
YHR157W,YNL139C,1,-2.4346895,0.1109725683927536,0.08900000154972076,0.07129999995231628
YML033W,YJR044C,0,-2.435078,0.11083436757326126,0.08900000154972076,0.0714000016450882
YGR109W-B,YNL029C,0,-2.4352179,0.11069651693105698,0.08900000154972076,0.07150000333786011
YCL019W,YBR182C,0,-2.4354107,0.11055900901556015,0.08900000154972076,0.07159999758005142
YOL033W,YLR312C-B,0,-2.4356234,0.11042183637619019,0.08900000154972076,0.07169999927282333
YHR196W,YGR038C-B,0,-2.4359646,0.11028500646352768,0.08900000154972076,0.07180000096559525
YGR027W-B,YLR248W,0,-2.4360325,0.11014851182699203,0.08900000154972076,0.07190000265836716
YCL062W,YER030W,0,-2.4361446,0.11001235991716385,0.08900000154972076,0.07199999690055847
YIL014W,YPR158W-A,0,-2.436338,0.10987654328346252,0.08900000154972076,0.07209999859333038
YOR338W,YGR252W,0,-2.4367716,0.10974106192588806,0.08900000154972076,0.0722000002861023
YOR343W-B,YIL065C,0,-2.436847,0.10960590839385986,0.08900000154972076,0.0723000019788742
YER120W,YDR098C-A,0,-2.4368808,0.10947109758853912,0.08900000154972076,0.07240000367164612
YJR063W,YAR044W,0,-2.4380426,0.10933660715818405,0.08900000154972076,0.07249999791383743
YGR072W,YDR098C-A,0,-2.4382045,0.10920245200395584,0.08900000154972076,0.07259999960660934
YDR210C-D,YHR006W,0,-2.4386797,0.1090686246752739,0.08900000154972076,0.07270000129938126
YCR058C,YNL121C,0,-2.4390905,0.10893512517213821,0.08900000154972076,0.07280000299215317
YNL009W,YDR098C-B,0,-2.4397047,0.1088019534945488,0.08900000154972076,0.07289999723434448
YPL194W,YBR100W,1,-2.4400542,0.10989011079072952,0.09000000357627869,0.07289999723434448
YGR109W-B,YOR110W,0,-2.4401991,0.10975609719753265,0.09000000357627869,0.0729999989271164
YER190W,YIR025W,1,-2.4403903,0.11084043979644775,0.09099999815225601,0.0729999989271164
YNL054W-B,YHL040C,0,-2.4404466,0.11070559918880463,0.09099999815225601,0.0731000006198883
YDR034C-D,YFL031W,0,-2.4406588,0.11057107895612717,0.09099999815225601,0.07320000231266022
YFL011W-A,YER018C,0,-2.440732,0.11043689399957657,0.09099999815225601,0.07329999655485153
YFL018W-A,YNL093W,0,-2.4408545,0.11030302941799164,0.09099999815225601,0.07339999824762344
YHR188C,YGR122W,0,-2.441111,0.11016949266195297,0.09099999815225601,0.07349999994039536
YNL054W-A,YKL205W,0,-2.44126,0.11003627628087997,0.09099999815225601,0.07360000163316727
YER168C,YGR161W-A,0,-2.441614,0.10990338027477264,0.09099999815225601,0.07370000332593918
YHR120W,YHR214C-C,0,-2.4424274,0.10977080464363098,0.09099999815225601,0.0737999975681305
YOR338W,YLR117C,0,-2.4424787,0.10963855683803558,0.09099999815225601,0.0738999992609024
YJL191W,YNR008W,0,-2.44282,0.10950662195682526,0.09099999815225601,0.07400000095367432
YGR132C,YBR090C-A,0,-2.4435704,0.109375,0.09099999815225601,0.07410000264644623
YGR008C,YDR252W,0,-2.4436667,0.10924369841814041,0.09099999815225601,0.07419999688863754
YDR034C-D,YOL012C,0,-2.4437363,0.1091127097606659,0.09099999815225601,0.07429999858140945
YDR358W,YLR227W-B,0,-2.4443026,0.10898203402757645,0.09099999815225601,0.07440000027418137
YHL040C,YOR308C,0,-2.4444387,0.10885167121887207,0.09099999815225601,0.07450000196695328
YGR159C,YPR137C-A,0,-2.4449744,0.10872162133455276,0.09099999815225601,0.07460000365972519
YOL103W-B,YER103W,0,-2.4449744,0.10859188437461853,0.09099999815225601,0.0746999979019165
YPL096C-A,YPR055W,0,-2.4449806,0.10846245288848877,0.09099999815225601,0.07479999959468842
YJL124C,YLR227W-A,0,-2.4451869,0.10833333432674408,0.09099999815225601,0.07490000128746033
YDR261C-D,YBL103C,0,-2.4453635,0.10820452123880386,0.09099999815225601,0.07500000298023224
YDR461W,YAR010C,0,-2.4454606,0.10807600617408752,0.09099999815225601,0.07509999722242355
YCL019W,YPR140W,0,-2.4459774,0.10794780403375626,0.09099999815225601,0.07519999891519547
YGR185C,YPR137C-A,0,-2.4467432,0.10781990736722946,0.09099999815225601,0.07530000060796738
YIL117C,YAR044W,0,-2.4468553,0.10769230872392654,0.09099999815225601,0.07540000230073929
YMR319C,YOR088W,0,-2.4470594,0.1075650081038475,0.09099999815225601,0.0754999965429306
YOR192C-A,YGR195W,0,-2.447203,0.10743801295757294,0.09099999815225601,0.07559999823570251
YBR161W,YPL060C-A,0,-2.4473093,0.10731132328510284,0.09099999815225601,0.07569999992847443
YFL002W-B,YAL030W,0,-2.4474154,0.10718492418527603,0.09099999815225601,0.07580000162124634
YLL018C-A,YGL240W,0,-2.4474611,0.1070588231086731,0.09099999815225601,0.07590000331401825
YDR210W-A,YMR043W,0,-2.4476275,0.10693302005529404,0.09099999815225601,0.07599999755620956
YOR338W,YDL130W-A,0,-2.4477081,0.10680751502513885,0.09099999815225601,0.07609999924898148
YOR142W-B,YHR006W,0,-2.4480522,0.10668230056762695,0.09099999815225601,0.07620000094175339
YHR079C-B,YJR021C,1,-2.4495037,0.10772833973169327,0.09200000017881393,0.07620000094175339
YKL018W,YPR158W-A,0,-2.4495375,0.10760233551263809,0.09200000017881393,0.0763000026345253
YCL019W,YBR198C,0,-2.4509442,0.10747663676738739,0.09200000017881393,0.07639999687671661
YOR025W,YFL018W-A,0,-2.4511273,0.10735122859477997,0.09200000017881393,0.07649999856948853
YPL257W-B,YNL173C,0,-2.4512355,0.10722610354423523,0.09200000017881393,0.07660000026226044
YOR224C,YOR192C-A,0,-2.4516952,0.10710128396749496,0.09200000017881393,0.07670000195503235
YFR053C,YDL024C,0,-2.4518344,0.10697674751281738,0.09200000017881393,0.07680000364780426
YDR210W-B,YIL095W,0,-2.4522617,0.10685249418020248,0.09200000017881393,0.07689999788999557
YPL257W-A,YGL045W,0,-2.4525797,0.10672853887081146,0.09200000017881393,0.07699999958276749
YDR072C,YGR027W-A,0,-2.452686,0.10660486668348312,0.09200000017881393,0.0771000012755394
YJL029C,YER138C,0,-2.4529545,0.10648148506879807,0.09200000017881393,0.07720000296831131
YOR338W,YNL202W,0,-2.4530947,0.10635837912559509,0.09200000017881393,0.07729999721050262
YHR157W,YDR545W,1,-2.4532764,0.10739029943943024,0.09300000220537186,0.07729999721050262
YER104W,YNL339C,1,-2.4535005,0.10841983556747437,0.09399999678134918,0.07729999721050262
YMR204C,YER108C,0,-2.4557598,0.10829493403434753,0.09399999678134918,0.07739999890327454
YGR272C,YGL171W,0,-2.4559267,0.10817030817270279,0.09399999678134918,0.07750000059604645
YHR079C-B,YJL090C,1,-2.4560874,0.10919540375471115,0.0949999988079071,0.07750000059604645
YFL002W-A,YIL123W,0,-2.45631,0.10907003283500671,0.0949999988079071,0.07760000228881836
YER190W,YMR190C,1,-2.4566274,0.11009174585342407,0.09600000083446503,0.07760000228881836
YLR224W,YPR102C,0,-2.459201,0.10996563732624054,0.09600000083446503,0.07769999653100967
YDR243C,YBL005W-A,0,-2.4592118,0.10983981937170029,0.09600000083446503,0.07779999822378159
YER190W,YML095C,1,-2.460344,0.11085714399814606,0.09700000286102295,0.07779999822378159
YMR190C,YBR100W,1,-2.4603844,0.11187214404344559,0.09799999743700027,0.07779999822378159
YGL096W,YPR158W-B,0,-2.460628,0.11174458265304565,0.09799999743700027,0.0778999999165535
YPR078C,YDR057W,0,-2.4609287,0.111617311835289,0.09799999743700027,0.07800000160932541
YDR034C-D,YIL002C,0,-2.460961,0.11149033159017563,0.09799999743700027,0.07810000330209732
YBR012W-B,YJL209W,0,-2.4619486,0.11136363446712494,0.09799999743700027,0.07819999754428864
YGL163C,YER190W,1,-2.4627194,0.11237230151891708,0.0989999994635582,0.07819999754428864
YGR161W-A,YMR060C,0,-2.4633296,0.11224489659070969,0.0989999994635582,0.07829999923706055
YHR089C,YPR055W,0,-2.4636886,0.11211778223514557,0.0989999994635582,0.07840000092983246
YNL284C-B,YPL202C,0,-2.4638479,0.11199095100164413,0.0989999994635582,0.07850000262260437
YBL100W-B,YML016C,0,-2.464386,0.11186441034078598,0.0989999994635582,0.07859999686479568
YHR165C,YIL082W-A,0,-2.4648063,0.11173814535140991,0.0989999994635582,0.0786999985575676
YOR343W-A,YGL113W,0,-2.4651062,0.11161217838525772,0.0989999994635582,0.07880000025033951
YDR113C,YPL283C,1,-2.465181,0.11261261254549026,0.10000000149011612,0.07880000025033951
YIL117C,YFL014W,0,-2.4652689,0.11248593777418137,0.10000000149011612,0.07890000194311142
YBR100W,YER104W,1,-2.4654162,0.11348314583301544,0.10100000351667404,0.07890000194311142
YCR058C,YPL255W,0,-2.465574,0.11335577815771103,0.10100000351667404,0.07900000363588333
YGR251W,YER146W,0,-2.4657502,0.1132287010550499,0.10100000351667404,0.07909999787807465
YJL021C,YLR353W,0,-2.4665303,0.11310190707445145,0.10100000351667404,0.07919999957084656
YBR009C,YBR090C-A,0,-2.466842,0.11297538876533508,0.10100000351667404,0.07930000126361847
YHR079C-B,YPL194W,1,-2.4670947,0.11396647989749908,0.10199999809265137,0.07930000126361847
YIL082W-A,YPR173C,0,-2.4673197,0.1138392835855484,0.10199999809265137,0.07940000295639038
YLR139C,YBR244W,0,-2.4700298,0.113712377846241,0.10199999809265137,0.0794999971985817
YKL119C,YAR009C,0,-2.4702783,0.11358574777841568,0.10199999809265137,0.07959999889135361
YPR137C-B,YDL128W,0,-2.4708798,0.11345940083265305,0.10199999809265137,0.07970000058412552
YDR235W,YPR158W-A,0,-2.4709995,0.1133333370089531,0.10199999809265137,0.07980000227689743
YOR338W,YGR162W,0,-2.471002,0.11320754885673523,0.10199999809265137,0.07989999651908875
YFL002W-A,YDR283C,0,-2.471244,0.11308203637599945,0.10199999809265137,0.07999999821186066
YLR047C,YDR306C,0,-2.4714854,0.11295680701732635,0.10199999809265137,0.08009999990463257
YHR157W,YMR106C,1,-2.4715836,0.11393805593252182,0.10300000011920929,0.08009999990463257
YHR214C-B,YOL111C,0,-2.4719045,0.113812156021595,0.10300000011920929,0.08020000159740448
YPL033C,YDL081C,0,-2.4729772,0.11368653178215027,0.10300000011920929,0.08030000329017639
YOR133W,YDR108W,0,-2.4735167,0.11356119066476822,0.10300000011920929,0.0803999975323677
YBR100W,YOL104C,1,-2.4742806,0.11453744769096375,0.10400000214576721,0.0803999975323677
YPL121C,YDL185W,1,-2.4752061,0.11551155149936676,0.10499999672174454,0.0803999975323677
YPL178W,YHR138C,0,-2.4757798,0.11538461595773697,0.10499999672174454,0.08049999922513962
YGR135W,YBR012W-B,0,-2.4762223,0.11525795608758926,0.10499999672174454,0.08060000091791153
YMR309C,YFR024C,0,-2.4768708,0.11513157933950424,0.10499999672174454,0.08070000261068344
YCL019W,YGR060W,0,-2.47698,0.1150054782629013,0.10499999672174454,0.08079999685287476
YDL024C,YPR158W-B,0,-2.4780173,0.11487965285778046,0.10499999672174454,0.08089999854564667
YCR055C,YJR064W,0,-2.4783552,0.1147540956735611,0.10499999672174454,0.08100000023841858
YOR260W,YGR161C-D,0,-2.478735,0.11462882161140442,0.10499999672174454,0.08110000193119049
YDR446W,YLR467W,1,-2.4790468,0.11559432744979858,0.10599999874830246,0.08110000193119049
YJR007W,YFL011W-A,0,-2.4791152,0.11546841263771057,0.10599999874830246,0.0812000036239624
YBL075C,YMR088C,0,-2.4793832,0.11534276604652405,0.10599999874830246,0.08129999786615372
YAR044W,YIL017C,0,-2.479554,0.11521738767623901,0.10599999874830246,0.08139999955892563
YCR083W,YML039W,0,-2.4795806,0.11509229242801666,0.10599999874830246,0.08150000125169754
YER062C,YJR001W,0,-2.479732,0.1149674654006958,0.10599999874830246,0.08160000294446945
YPR164W,YPL283C,1,-2.480026,0.11592632532119751,0.10700000077486038,0.08160000294446945
YPL126W,YIL037C,0,-2.4805536,0.11580086499452591,0.10700000077486038,0.08169999718666077
YCL019W,YHR158C,0,-2.4805663,0.1156756728887558,0.10700000077486038,0.08179999887943268
YBL005W-B,YHR008C,0,-2.480775,0.11555075645446777,0.10700000077486038,0.08190000057220459
YCR028C-A,YBL005W-A,0,-2.4817145,0.11542610824108124,0.10700000077486038,0.0820000022649765
YDR261C-D,YPR018W,0,-2.4820843,0.1153017207980156,0.10700000077486038,0.08209999650716782
YDR432W,YMR030W,0,-2.4842336,0.11517760902643204,0.10700000077486038,0.08219999819993973
YDR316W-B,YPL075W,0,-2.4851148,0.11505376547574997,0.10700000077486038,0.08229999989271164
YOR237W,YGR275W,0,-2.4862313,0.1149301826953888,0.10700000077486038,0.08240000158548355
YOR221C,YJR120W,0,-2.4864192,0.11480686813592911,0.10700000077486038,0.08250000327825546
YPL269W,YNL209W,0,-2.486738,0.11468381434679031,0.10700000077486038,0.08259999752044678
YPL046C,YMR050C,0,-2.4874313,0.11456102877855301,0.10700000077486038,0.08269999921321869
YER171W,YMR050C,0,-2.487882,0.1144385039806366,0.10700000077486038,0.0828000009059906
YMR287C,YJL114W,0,-2.4884975,0.11431623995304108,0.10700000077486038,0.08290000259876251
YER179W,YML062C,1,-2.4886224,0.11526147276163101,0.1080000028014183,0.08290000259876251
YHL034C,YDR273W,0,-2.4891124,0.11513859033584595,0.1080000028014183,0.08299999684095383
YGL240W,YOR231W,0,-2.4892673,0.11501597613096237,0.1080000028014183,0.08309999853372574
YGR109W-B,YJR143C,0,-2.4908698,0.11489361524581909,0.1080000028014183,0.08320000022649765
YBL005W-B,YLR382C,0,-2.4915702,0.1147715225815773,0.1080000028014183,0.08330000191926956
YNR074C,YEL054C,0,-2.4931927,0.1146496832370758,0.1080000028014183,0.08340000361204147
YMR134W,YKL165C,0,-2.4937928,0.1145281046628952,0.1080000028014183,0.08349999785423279
YPL138C,YBR012W-B,0,-2.4948268,0.1144067794084549,0.1080000028014183,0.0835999995470047
YGR251W,YGR140W,0,-2.4958704,0.11428571492433548,0.1080000028014183,0.08370000123977661
YGR251W,YMR162C,0,-2.49667,0.11416490375995636,0.1080000028014183,0.08380000293254852
YER167W,YOR192C-B,0,-2.4971325,0.11404435336589813,0.1080000028014183,0.08389999717473984
YGL096W,YPR094W,0,-2.498233,0.1139240488409996,0.1080000028014183,0.08399999886751175
YDL247W,YML060W,0,-2.4994931,0.11380400508642197,0.1080000028014183,0.08410000056028366
YIL117C,YMR239C,0,-2.4997041,0.11368420720100403,0.1080000028014183,0.08420000225305557
YHR205W,YOR162C,0,-2.4998045,0.11356467008590698,0.1080000028014183,0.08429999649524689
YML033W,YDR194C,0,-2.4998758,0.11344537883996964,0.1080000028014183,0.0843999981880188
YNL313C,YBR041W,0,-2.4998808,0.11332634091377258,0.1080000028014183,0.08449999988079071
YAR044W,YNR075W,0,-2.4998858,0.11320754885673523,0.1080000028014183,0.08460000157356262
YER179W,YDL227C,1,-2.5001507,0.11413612216711044,0.10899999737739563,0.08460000157356262
YBR098W,YNL339C,1,-2.5009415,0.11506275832653046,0.10999999940395355,0.08460000157356262
YMR134W,YMR023C,0,-2.5013971,0.1149425283074379,0.10999999940395355,0.08470000326633453
YGL168W,YNL213C,0,-2.5016475,0.11482254415750504,0.10999999940395355,0.08479999750852585
YFR013W,YHR020W,0,-2.5020723,0.11470281332731247,0.10999999940395355,0.08489999920129776
YFL011W-A,YJL026W,0,-2.502742,0.1145833358168602,0.10999999940395355,0.08500000089406967
YCL074W,YPR186C,0,-2.5034754,0.11446409672498703,0.10999999940395355,0.08510000258684158
YJL113W,YER133W,0,-2.5036154,0.11434511095285416,0.10999999940395355,0.0851999968290329
YGL070C,YER138C,0,-2.503723,0.11422637850046158,0.10999999940395355,0.08529999852180481
YHR138C,YDR322C-A,0,-2.5039582,0.1141078844666481,0.10999999940395355,0.08540000021457672
YDL247W,YMR168C,0,-2.5043328,0.11398963630199432,0.10999999940395355,0.08550000190734863
YGL183C,YGL043W,1,-2.504441,0.11490683257579803,0.11100000143051147,0.08550000190734863
YMR190C,YMR106C,1,-2.504759,0.11582212895154953,0.1120000034570694,0.08550000190734863
YHR157W,YDR369C,1,-2.5049913,0.11673554033041,0.11299999803304672,0.08550000190734863
YPR005C,YDR065W,0,-2.5050085,0.11661506444215775,0.11299999803304672,0.08560000360012054
YHR079C-B,YOR354C,1,-2.5050523,0.11752577126026154,0.11400000005960464,0.08560000360012054
YGL093W,YEL020W-A,0,-2.5057075,0.11740473657846451,0.11400000005960464,0.08569999784231186
YCL074W,YPL138C,0,-2.5064929,0.11728394776582718,0.11400000005960464,0.08579999953508377
YKL200C,YOR344C,0,-2.5069284,0.11716341227293015,0.11400000005960464,0.08590000122785568
YPL164C,YNL339C,1,-2.506929,0.11806981265544891,0.11500000208616257,0.08590000122785568
YOR005C,YHL040C,0,-2.5073273,0.11794871836900711,0.11500000208616257,0.0860000029206276
YGL253W,YMR065W,0,-2.5076694,0.117827869951725,0.11500000208616257,0.08609999716281891
YOR179C,YER138C,0,-2.5094142,0.1177072674036026,0.11500000208616257,0.08619999885559082
YIR009W,YJR120W,0,-2.5102842,0.11758691072463989,0.11500000208616257,0.08630000054836273
YGR089W,YMR050C,0,-2.5110948,0.11746679991483688,0.11500000208616257,0.08640000224113464
YER190W,YDR446W,1,-2.5111191,0.11836734414100647,0.11599999666213989,0.08640000224113464
YML033W,YDR297W,0,-2.512925,0.11824668943881989,0.11599999666213989,0.08649999648332596
YBR081C,YNL045W,0,-2.5130286,0.1181262731552124,0.11599999666213989,0.08659999817609787
YHR157W,YPL127C,1,-2.5135062,0.119023397564888,0.11699999868869781,0.08659999817609787
YJL089W,YDR385W,0,-2.5136297,0.11890243738889694,0.11699999868869781,0.08669999986886978
YPR186C,YDR306C,0,-2.5137784,0.11878172308206558,0.11699999868869781,0.0868000015616417
YPR162C,YPR158W-B,0,-2.5142353,0.11866125464439392,0.11699999868869781,0.0869000032544136
YMR270C,YAR010C,0,-2.5143275,0.11854103207588196,0.11699999868869781,0.08699999749660492
YPR055W,YLR035C-A,0,-2.514942,0.1184210553765297,0.11699999868869781,0.08709999918937683
YCL003W,YNL091W,0,-2.5155222,0.11830131709575653,0.11699999868869781,0.08720000088214874
YBL005W-B,YNL197C,0,-2.5157163,0.11818181723356247,0.11699999868869781,0.08730000257492065
YHR157W,YDR113C,1,-2.5167103,0.11907164752483368,0.11800000071525574,0.08730000257492065
YAL005C,YML049C,0,-2.5169466,0.11895161122083664,0.11800000071525574,0.08739999681711197
YJL048C,YER108C,0,-2.517165,0.1188318207859993,0.11800000071525574,0.08749999850988388
YML040W,YHR085W,0,-2.5172641,0.11871227622032166,0.11800000071525574,0.08760000020265579
YBL071W-A,YKL220C,0,-2.5191581,0.11859296262264252,0.11800000071525574,0.0877000018954277
YJL157C,YBL097W,0,-2.5193727,0.11847389489412308,0.11800000071525574,0.08780000358819962
YPL257W-A,YPR162C,0,-2.5204983,0.11835506558418274,0.11800000071525574,0.08789999783039093
YCL019W,YBR002C,0,-2.5205114,0.1182364746928215,0.11800000071525574,0.08799999952316284
YLR384C,YJR029W,0,-2.5215516,0.11811811476945877,0.11800000071525574,0.08810000121593475
YDL087C,YML040W,0,-2.521705,0.11800000071525574,0.11800000071525574,0.08820000290870667
YML040W,YGR129W,0,-2.5253224,0.11788211762905121,0.11800000071525574,0.08829999715089798
YDR039C,YDR306C,0,-2.525476,0.11776447296142578,0.11800000071525574,0.08839999884366989
YFL018W-A,YEL004W,0,-2.5261552,0.11764705926179886,0.11800000071525574,0.0885000005364418
YHR214C-B,YPL161C,0,-2.5272062,0.11752988398075104,0.11800000071525574,0.08860000222921371
YGL096W,YLR340W,0,-2.5276392,0.11741293221712112,0.11800000071525574,0.08869999647140503
YHR069C,YGR122W,0,-2.5279214,0.11729622632265091,0.11800000071525574,0.08879999816417694
YML073C,YJL018W,0,-2.528096,0.1171797439455986,0.11800000071525574,0.08889999985694885
YOR240W,YDL226C,0,-2.5289924,0.1170634925365448,0.11800000071525574,0.08900000154972076
YOR007C,YMR045C,0,-2.5295627,0.1169474720954895,0.11800000071525574,0.08910000324249268
YDL084W,YGR122W,0,-2.5317426,0.11683168262243271,0.11800000071525574,0.08919999748468399
YBR250W,YGL096W,0,-2.5321524,0.11671612411737442,0.11800000071525574,0.0892999991774559
YCL024W,YER108C,0,-2.5341346,0.11660078912973404,0.11800000071525574,0.08940000087022781
YNL309W,YDR273W,0,-2.5348861,0.11648568511009216,0.11800000071525574,0.08950000256299973
YHR157W,YBR100W,1,-2.5353081,0.11735700070858002,0.11900000274181366,0.08950000256299973
YJR053W,YAR044W,0,-2.5355432,0.11724138259887695,0.11900000274181366,0.08959999680519104
YBL005W-A,YGR254W,0,-2.535625,0.1171259805560112,0.11900000274181366,0.08969999849796295
YDR545W,YER104W,1,-2.5360062,0.11799409985542297,0.11999999731779099,0.08969999849796295
YKL200C,YDR461W,0,-2.5366008,0.11787819117307663,0.11999999731779099,0.08980000019073486
YCL003W,YMR025W,0,-2.5369785,0.11776251345872879,0.11999999731779099,0.08990000188350677
YCL019W,YGR244C,0,-2.5371985,0.11764705926179886,0.11999999731779099,0.09000000357627869
YCL059C,YDL170W,0,-2.537273,0.11753182858228683,0.11999999731779099,0.09009999781847
YNL313C,YLR240W,0,-2.5373654,0.11741682887077332,0.11999999731779099,0.09019999951124191
YGR008C,YDR359C,0,-2.5377748,0.1173020526766777,0.11999999731779099,0.09030000120401382
YGL089C,YOR063W,0,-2.537968,0.1171875,0.11999999731779099,0.09040000289678574
YHR148W,YMR168C,0,-2.5401294,0.1170731708407402,0.11999999731779099,0.09049999713897705
YKL009W,YCL062W,0,-2.5408766,0.11695906519889832,0.11999999731779099,0.09059999883174896
YNL261W,YBL005W-A,0,-2.5413406,0.11684518307447433,0.11999999731779099,0.09070000052452087
YPL155C,YHR169W,0,-2.5416677,0.11673151701688766,0.11999999731779099,0.09080000221729279
YMR039C,YML045W,0,-2.5417593,0.1166180744767189,0.11999999731779099,0.0908999964594841
YLR276C,YJR022W,0,-2.5425565,0.11650485545396805,0.11999999731779099,0.09099999815225601
YIL082W-A,YGR128C,0,-2.5428872,0.1163918524980545,0.11999999731779099,0.09109999984502792
YGL046W,YBR296C,0,-2.543074,0.11627907305955887,0.11999999731779099,0.09120000153779984
YDL223C,YBL056W,0,-2.5433474,0.11616650223731995,0.11999999731779099,0.09130000323057175
YOL044W,YJL114W,0,-2.5440738,0.11605415493249893,0.11999999731779099,0.09139999747276306
YPR165W,YML039W,0,-2.5443954,0.11594203114509583,0.11999999731779099,0.09149999916553497
YMR049C,YDR126W,0,-2.544579,0.11583011597394943,0.11999999731779099,0.09160000085830688
YHR019C,YMR059W,0,-2.545492,0.11571841686964035,0.11999999731779099,0.0917000025510788
YGL183C,YER179W,1,-2.5456789,0.11657033115625381,0.12099999934434891,0.0917000025510788
YJL021C,YJR059W,0,-2.5459902,0.11645813286304474,0.12099999934434891,0.09179999679327011
YLR205C,YPL204W,0,-2.5460954,0.11634615063667297,0.12099999934434891,0.09189999848604202
YLR009W,YPR162C,0,-2.547168,0.11623439192771912,0.12099999934434891,0.09200000017881393
YML130C,YIL128W,0,-2.5472448,0.11612284183502197,0.12099999934434891,0.09210000187158585
YBL005W-B,YDL235C,0,-2.5477014,0.11601150780916214,0.12099999934434891,0.09220000356435776
YPL187W,YGR122W,0,-2.5481708,0.11590038239955902,0.12099999934434891,0.09229999780654907
YHR138C,YGL022W,0,-2.5492394,0.11578947305679321,0.12099999934434891,0.09239999949932098
YDR342C,YDL081C,0,-2.5493636,0.11567877978086472,0.12099999934434891,0.0925000011920929
YOR027W,YEL032W,0,-2.5498464,0.11556828767061234,0.12099999934434891,0.09260000288486481
YLR424W,YER142C,0,-2.55042,0.11545801162719727,0.12099999934434891,0.09269999712705612
YGR008C,YDR191W,0,-2.5511005,0.1153479516506195,0.12099999934434891,0.09279999881982803
YIL123W,YPL033C,0,-2.5512397,0.11523809283971786,0.12099999934434891,0.09290000051259995
YER062C,YDR512C,0,-2.552605,0.11512845009565353,0.12099999934434891,0.09300000220537186
YGL163C,YDL227C,1,-2.5529568,0.11596958339214325,0.12200000137090683,0.09300000220537186
YPL132W,YMR050C,0,-2.5535545,0.11585944890975952,0.12200000137090683,0.09309999644756317
YER127W,YDR437W,0,-2.5541918,0.11574952304363251,0.12200000137090683,0.09319999814033508
YKR061W,YOR133W,0,-2.5543556,0.1156398132443428,0.12200000137090683,0.093299999833107
YCR092C,YNL339C,1,-2.5545514,0.11647727340459824,0.12300000339746475,0.093299999833107
YLR069C,YMR050C,0,-2.5546262,0.11636707931756973,0.12300000339746475,0.0934000015258789
YFR055W,YBR183W,0,-2.5546434,0.11625708639621735,0.12300000339746475,0.09350000321865082
YBR012W-A,YKL009W,0,-2.554746,0.11614730954170227,0.12300000339746475,0.09359999746084213
YML033W,YIL115C,0,-2.5548975,0.11603773385286331,0.12300000339746475,0.09369999915361404
YDR004W,YBR100W,1,-2.5550668,0.11687088012695312,0.12399999797344208,0.09369999915361404
YBR100W,YNL088W,1,-2.5550733,0.11770244687795639,0.125,0.09369999915361404
YJR026W,YML104C,0,-2.555155,0.1175917237997055,0.125,0.09380000084638596
YBL005W-B,YPR158W-B,0,-2.5569248,0.11748120188713074,0.125,0.09390000253915787
YDR224C,YDL223C,0,-2.5577283,0.11737088859081268,0.125,0.09399999678134918
YLR136C,YNR044W,0,-2.5582192,0.11726079136133194,0.125,0.0940999984741211
YNL164C,YNL213C,0,-2.5583708,0.11715088784694672,0.125,0.094200000166893
YMR134W,YDR384C,0,-2.5585039,0.1170412003993988,0.125,0.09430000185966492
YGL169W,YML075C,0,-2.5587816,0.11693171411752701,0.125,0.09440000355243683
YDR545W,YMR133W,1,-2.5595434,0.11775700747966766,0.12600000202655792,0.09440000355243683
YPL256C,YMR250W,0,-2.5599096,0.11764705926179886,0.12600000202655792,0.09449999779462814
YCL019W,YJR089W,0,-2.5606546,0.11753731220960617,0.12600000202655792,0.09459999948740005
YLL006W,YJL114W,0,-2.561236,0.1174277737736702,0.12600000202655792,0.09470000118017197
YAR007C,YBR100W,1,-2.5626996,0.11824953556060791,0.12700000405311584,0.09470000118017197
YDR264C,YOR240W,0,-2.56296,0.11813953518867493,0.12700000405311584,0.09480000287294388
YGR251W,YBL047C,0,-2.563022,0.11802974343299866,0.12700000405311584,0.09489999711513519
YML049C,YBL005W-A,0,-2.5637448,0.11792014539241791,0.12700000405311584,0.0949999988079071
YLR224W,YGL122C,0,-2.56416,0.11781076341867447,0.12700000405311584,0.09510000050067902
YOR341W,YER032W,0,-2.5659955,0.11770157516002655,0.12700000405311584,0.09520000219345093
YER075C,YHL036W,0,-2.5661004,0.11759259551763535,0.12700000405311584,0.09529999643564224
YMR229C,YGR122W,0,-2.5661805,0.11748380959033966,0.12700000405311584,0.09539999812841415
YDR106W,YML091C,0,-2.5663908,0.11737523227930069,0.12700000405311584,0.09549999982118607
YMR238W,YJL113W,0,-2.5667098,0.11726684868335724,0.12700000405311584,0.09560000151395798
YJR026W,YNL127W,0,-2.5669012,0.1171586737036705,0.12700000405311584,0.09570000320672989
YLL018C-A,YDR106W,0,-2.567038,0.11705069243907928,0.12700000405311584,0.0957999974489212
YDR432W,YPR162C,0,-2.567145,0.11694291234016418,0.12700000405311584,0.09589999914169312
YFL008W,YML039W,0,-2.568177,0.1168353259563446,0.12700000405311584,0.09600000083446503
YBL075C,YHR204W,0,-2.5683482,0.11672794073820114,0.12700000405311584,0.09610000252723694
YDR065W,YNL218W,0,-2.5691037,0.1166207566857338,0.12700000405311584,0.09619999676942825
YOL104C,YGR296W,1,-2.5705101,0.11743119359016418,0.12800000607967377,0.09619999676942825
YDR273W,YOL156W,0,-2.5706189,0.11732355505228043,0.12800000607967377,0.09629999846220016
YDL109C,YPR111W,0,-2.5711758,0.11721611768007278,0.12800000607967377,0.09640000015497208
YER145C,YOR088W,0,-2.5721798,0.11710887402296066,0.12800000607967377,0.09650000184774399
YLL008W,YDR306C,0,-2.5722075,0.11700183153152466,0.12800000607967377,0.0966000035405159
YCL019W,YER030W,0,-2.57245,0.11689497530460358,0.12800000607967377,0.09669999778270721
YHR138C,YDR126W,0,-2.5734012,0.11678832024335861,0.12800000607967377,0.09679999947547913
YPL089C,YGR122W,0,-2.5735016,0.11668185889720917,0.12800000607967377,0.09690000116825104
YHR161C,YMR050C,0,-2.5736454,0.11657559126615524,0.12800000607967377,0.09700000286102295
YCL019W,YFR031C,0,-2.5736852,0.11646951735019684,0.12800000607967377,0.09709999710321426
YDR469W,YJR026W,0,-2.574322,0.11636363714933395,0.12800000607967377,0.09719999879598618
YGR251W,YNL290W,0,-2.5752244,0.11625795066356659,0.12800000607967377,0.09730000048875809
YDR018C,YGL153W,0,-2.5756323,0.11615245044231415,0.12800000607967377,0.09740000218153
YFL002W-A,YJR026W,0,-2.5760438,0.11604714393615723,0.12800000607967377,0.09749999642372131
YDL109C,YDL200C,0,-2.5762708,0.11594203114509583,0.12800000607967377,0.09759999811649323
YLR254C,YDR115W,0,-2.5773306,0.11583710461854935,0.12800000607967377,0.09769999980926514
YOL103W-B,YIL002C,0,-2.5778973,0.11573237180709839,0.12800000607967377,0.09780000150203705
YIL082W-A,YCR034W,0,-2.5781803,0.11562782526016235,0.12800000607967377,0.09790000319480896
YPL110C,YBR012W-B,0,-2.5784166,0.11552346497774124,0.12800000607967377,0.09799999743700027
YLR189C,YLR067C,0,-2.5791452,0.11541929841041565,0.12800000607967377,0.09809999912977219
YDL130W-A,YBR090C-A,0,-2.5793517,0.11531531810760498,0.12800000607967377,0.0982000008225441
YHR161C,YJR119C,0,-2.5801508,0.11521152406930923,0.12800000607967377,0.09830000251531601
YFL026W,YLL050C,0,-2.58022,0.11510791629552841,0.12800000607967377,0.09839999675750732
YOR240W,YMR058W,0,-2.5808566,0.11500449478626251,0.12800000607967377,0.09849999845027924
YOL034W,YMR250W,0,-2.580888,0.11490125954151154,0.12800000607967377,0.09860000014305115
YJR026W,YPR086W,0,-2.5813515,0.11479820311069489,0.12800000607967377,0.09870000183582306
YOR032C,YGR258C,0,-2.5824273,0.11469534039497375,0.12800000607967377,0.09880000352859497
YGR122W,YIL142W,0,-2.5832922,0.11459265649318695,0.12800000607967377,0.09889999777078629
YNL247W,YFL031W,0,-2.5860932,0.11449015885591507,0.12800000607967377,0.0989999994635582
YNL213C,YGR140W,0,-2.5862935,0.11438784748315811,0.12800000607967377,0.09910000115633011
YDL017W,YLL024C,0,-2.5862997,0.11428571492433548,0.12800000607967377,0.09920000284910202
YJR026W,YJR082C,0,-2.586585,0.11418376117944717,0.12800000607967377,0.09929999709129333
YHR157W,YNL312W,1,-2.5867958,0.11497326195240021,0.1289999932050705,0.09929999709129333
YJL034W,YDL170W,0,-2.5872915,0.11487088352441788,0.1289999932050705,0.09939999878406525
YDR240C,YNL209W,0,-2.5874636,0.11476868391036987,0.1289999932050705,0.09950000047683716
YPL126W,YOR313C,0,-2.5876198,0.1146666631102562,0.1289999932050705,0.09960000216960907
YPR046W,YDL223C,0,-2.5879166,0.11456482857465744,0.1289999932050705,0.09969999641180038
YML078W,YLR224W,0,-2.5881684,0.11446317285299301,0.1289999932050705,0.0997999981045723
YDR118W,YMR051C,0,-2.5897524,0.1143617033958435,0.1289999932050705,0.09989999979734421
YCL019W,YDR419W,0,-2.590448,0.11426040530204773,0.1289999932050705,0.10000000149011612
YPL096C-A,YGR280C,0,-2.591853,0.11415929347276688,0.1289999932050705,0.10010000318288803
YGR158C,YOR313C,0,-2.5919983,0.11405835300683975,0.1289999932050705,0.10019999742507935
YGR251W,YJL112W,0,-2.5927413,0.11395759880542755,0.1289999932050705,0.10029999911785126
YGL046W,YOR317W,0,-2.5928829,0.11385701596736908,0.1289999932050705,0.10040000081062317
YJL048C,YKL178C,0,-2.5943754,0.11375661194324493,0.1289999932050705,0.10050000250339508
YIL082W-A,YML034W,0,-2.5955222,0.11365638673305511,0.1289999932050705,0.1005999967455864
YDR065W,YGL070C,0,-2.5960886,0.11355634033679962,0.1289999932050705,0.1006999984383583
YNL214W,YNL213C,0,-2.5969076,0.11345646530389786,0.1289999932050705,0.10080000013113022
YLR205C,YJR050W,0,-2.59717,0.11335676908493042,0.1289999932050705,0.10090000182390213
YPL096C-A,YMR128W,0,-2.5973327,0.11325724422931671,0.1289999932050705,0.10100000351667404
YMR134W,YEL013W,0,-2.597617,0.11315789818763733,0.1289999932050705,0.10109999775886536
YLR467W,YPL164C,1,-2.597838,0.11393514275550842,0.12999999523162842,0.10109999775886536
YJR147W,YLR131C,0,-2.5993989,0.11383537948131561,0.12999999523162842,0.10119999945163727
YOL051W,YJL114W,0,-2.599681,0.11373578011989594,0.12999999523162842,0.10130000114440918
YAR044W,YDL035C,0,-2.5999079,0.11363636702299118,0.12999999523162842,0.10140000283718109
YPL146C,YGR188C,0,-2.6010554,0.11353711783885956,0.12999999523162842,0.1014999970793724
YOL117W,YJR029W,0,-2.60323,0.11343804746866226,0.12999999523162842,0.10159999877214432
YPL075W,YDR449C,0,-2.6041791,0.1133391484618187,0.12999999523162842,0.10170000046491623
YLR136C,YGR014W,0,-2.6052382,0.11324042081832886,0.12999999523162842,0.10180000215768814
YMR224C,YPL283C,1,-2.605519,0.11401218175888062,0.13099999725818634,0.10180000215768814
YBR100W,YDL164C,1,-2.6055634,0.11478260904550552,0.13199999928474426,0.10180000215768814
YNL130C,YHR138C,0,-2.605631,0.1146828830242157,0.13199999928474426,0.10189999639987946
YDR018C,YMR299C,0,-2.6061232,0.1145833358168602,0.13199999928474426,0.10199999809265137
YGL183C,YDR110W,1,-2.606414,0.11535125970840454,0.13300000131130219,0.10199999809265137
YCR031C,YDL130W-A,0,-2.606799,0.11525130271911621,0.13300000131130219,0.10209999978542328
YFL016C,YDR306C,0,-2.607373,0.11515151709318161,0.13300000131130219,0.10220000147819519
YGL163C,YNL339C,1,-2.6080062,0.11591695249080658,0.1340000033378601,0.10220000147819519
YER164W,YMR050C,0,-2.6082125,0.11581676453351974,0.1340000033378601,0.1023000031709671
YBR100W,YOL068C,1,-2.6089435,0.1165803074836731,0.13500000536441803,0.1023000031709671
YFL018W-A,YCR089W,0,-2.6091485,0.11647972464561462,0.13500000536441803,0.10239999741315842
YHR138C,YPL176C,0,-2.6096568,0.11637931317090988,0.13500000536441803,0.10249999910593033
YBR012W-A,YMR199W,0,-2.6101198,0.11627907305955887,0.13500000536441803,0.10260000079870224
YIL037C,YER049W,0,-2.6109412,0.11617900431156158,0.13500000536441803,0.10270000249147415
YDL161W,YDL109C,0,-2.611551,0.11607910692691803,0.13500000536441803,0.10279999673366547
YER062C,YHR012W,0,-2.6120734,0.1159793809056282,0.13500000536441803,0.10289999842643738
YHR167W,YPL283C,1,-2.612545,0.1167382001876831,0.13600000739097595,0.10289999842643738
YDR153C,YMR050C,0,-2.612662,0.11663807928562164,0.13600000739097595,0.10300000011920929
YML045W,YDL232W,0,-2.612662,0.11653812974691391,0.13600000739097595,0.1031000018119812
YBL071W-A,YER111C,0,-2.6127462,0.1164383590221405,0.13600000739097595,0.10320000350475311
YHR138C,YNL173C,0,-2.6130784,0.11633875221014023,0.13600000739097595,0.10329999774694443
YLR320W,YGL021W,0,-2.6133225,0.11623931676149368,0.13600000739097595,0.10339999943971634
YLR276C,YDR115W,0,-2.6134472,0.11614005267620087,0.13600000739097595,0.10350000113248825
YAR010C,YNL290W,0,-2.6138415,0.11604095250368118,0.13600000739097595,0.10360000282526016
YDR083W,YOR349W,0,-2.6139677,0.11594203114509583,0.13600000739097595,0.10369999706745148
YDR065W,YNL072W,0,-2.6140754,0.1158432736992836,0.13600000739097595,0.10379999876022339
YFL010W-A,YGL092W,0,-2.6146812,0.1157446801662445,0.13600000739097595,0.1039000004529953
YJR053W,YMR134W,0,-2.615286,0.11564625799655914,0.13600000739097595,0.10400000214576721
YGR088W,YDR088C,0,-2.615901,0.11554799973964691,0.13600000739097595,0.10409999638795853
YDR516C,YJR066W,0,-2.6160154,0.11544991284608841,0.13600000739097595,0.10419999808073044
YLR216C,YMR204C,0,-2.6164682,0.11535198986530304,0.13600000739097595,0.10429999977350235
YNL247W,YPL161C,0,-2.6167974,0.1152542382478714,0.13600000739097595,0.10440000146627426
YNR034W,YKL178C,0,-2.6185973,0.11515665054321289,0.13600000739097595,0.10450000315904617
YDR523C,YBR289W,0,-2.6191995,0.11505921930074692,0.13600000739097595,0.10459999740123749
YLR130C,YJL018W,0,-2.620713,0.11496195942163467,0.13600000739097595,0.1046999990940094
YDR419W,YFR024C,0,-2.6211421,0.11486486345529556,0.13600000739097595,0.10480000078678131
YCL033C,YDR115W,0,-2.6216724,0.11476793140172958,0.13600000739097595,0.10490000247955322
YCR073C,YMR045C,0,-2.6228898,0.11467116326093674,0.13600000739097595,0.10499999672174454
YJL148W,YFL026W,0,-2.6230257,0.11457455903291702,0.13600000739097595,0.10509999841451645
YBR097W,YHL036W,0,-2.6249082,0.11447811126708984,0.13600000739097595,0.10520000010728836
YHR020W,YBR041W,0,-2.6257656,0.1143818348646164,0.13600000739097595,0.10530000180006027
YOL122C,YNL313C,0,-2.6265867,0.11428571492433548,0.13600000739097595,0.10540000349283218
YLR467W,YDL227C,1,-2.626603,0.11502938717603683,0.13699999451637268,0.10540000349283218
YGR122W,YOR014W,0,-2.6275537,0.11493288725614548,0.13699999451637268,0.1054999977350235
YGR078C,YDR115W,0,-2.6289773,0.11483654379844666,0.13699999451637268,0.10559999942779541
YGL013C,YPL167C,0,-2.6291623,0.11474037170410156,0.13699999451637268,0.10570000112056732
YHR138C,YEL051W,0,-2.6292357,0.11464434862136841,0.13699999451637268,0.10580000281333923
YDR213W,YIL079C,0,-2.6293359,0.11454849690198898,0.13699999451637268,0.10589999705553055
YMR164C,YGR088W,0,-2.6294105,0.1144528016448021,0.13699999451637268,0.10599999874830246
YCL019W,YLR369W,0,-2.6294353,0.11435726284980774,0.13699999451637268,0.10610000044107437
YGR060W,YKR089C,0,-2.6294763,0.11426188796758652,0.13699999451637268,0.10620000213384628
YDR545W,YMR106C,1,-2.6295335,0.11500000208616257,0.1379999965429306,0.10620000213384628
YMR056C,YOR088W,0,-2.6300645,0.1149042472243309,0.1379999965429306,0.1062999963760376
YGR133W,YNL213C,0,-2.6303747,0.11480864882469177,0.1379999965429306,0.10639999806880951
YDL052C,YAR010C,0,-2.6305108,0.11471321433782578,0.1379999965429306,0.10649999976158142
YML039W,YOL125W,0,-2.6314476,0.11461794376373291,0.1379999965429306,0.10660000145435333
YOL002C,YHL040C,0,-2.6319988,0.11452282220125198,0.1379999965429306,0.10670000314712524
YDR448W,YMR011W,0,-2.6323693,0.11442785710096359,0.1379999965429306,0.10679999738931656
YIL082W-A,YOL156W,0,-2.6328037,0.11433305591344833,0.1379999965429306,0.10689999908208847
YPR078C,YMR137C,0,-2.635043,0.11423841118812561,0.1379999965429306,0.10700000077486038
YOR206W,YAL024C,0,-2.6353984,0.11414392292499542,0.1379999965429306,0.1071000024676323
YOR162C,YOR317W,0,-2.6366446,0.11404958367347717,0.1379999965429306,0.10719999670982361
YDR083W,YMR168C,0,-2.6376052,0.11395540833473206,0.1379999965429306,0.10729999840259552
YGR092W,YDR258C,0,-2.6377628,0.11386138945817947,0.1379999965429306,0.10740000009536743
YBR100W,YNL330C,1,-2.6385767,0.11459191888570786,0.13899999856948853,0.10740000009536743
YER173W,YNL339C,1,-2.6408963,0.11532124876976013,0.14000000059604645,0.10740000009536743
YBL100W-B,YML127W,0,-2.6409326,0.11522633582353592,0.14000000059604645,0.10750000178813934
YAL051W,YJL114W,0,-2.6409879,0.11513157933950424,0.14000000059604645,0.10760000348091125
YBR012W-B,YGL113W,0,-2.6415508,0.1150369793176651,0.14000000059604645,0.10769999772310257
YMR292W,YOR240W,0,-2.641688,0.1149425283074379,0.14000000059604645,0.10779999941587448
YLL031C,YAR010C,0,-2.6427639,0.11484823375940323,0.14000000059604645,0.10790000110864639
YGR008C,YML099C,0,-2.6433642,0.1147540956735611,0.14000000059604645,0.1080000028014183
YOR033C,YPL283C,1,-2.6436074,0.11547911912202835,0.14100000262260437,0.1080000028014183
YOR315W,YOR344C,0,-2.645328,0.11538461595773697,0.14100000262260437,0.10809999704360962
YNL202W,YHR138C,0,-2.6478965,0.11529026925563812,0.14100000262260437,0.10819999873638153
YBL005W-B,YGR116W,0,-2.6485317,0.11519607901573181,0.14100000262260437,0.10830000042915344
YER190W,YMR106C,1,-2.6493497,0.11591836810112,0.1420000046491623,0.10830000042915344
YLL012W,YNL135C,0,-2.6499631,0.11582382023334503,0.1420000046491623,0.10840000212192535
YGL089C,YMR011W,0,-2.6500192,0.115729421377182,0.1420000046491623,0.10849999636411667
YLR092W,YPL176C,0,-2.6510823,0.11563517898321152,0.1420000046491623,0.10859999805688858
YJL030W,YEL069C,0,-2.6519084,0.11554109305143356,0.1420000046491623,0.10869999974966049
YNL121C,YJL114W,0,-2.6535199,0.11544715613126755,0.1420000046491623,0.1088000014424324
YDL154W,YNL339C,1,-2.654106,0.11616571992635727,0.14300000667572021,0.1088000014424324
YOL068C,YPL121C,1,-2.6543372,0.11688311398029327,0.14399999380111694,0.1088000014424324
YCL074W,YDR379W,0,-2.6545284,0.11678832024335861,0.14399999380111694,0.10890000313520432
YKL205W,YFL014W,0,-2.654693,0.11669367551803589,0.14399999380111694,0.10899999737739563
YBR132C,YDR065W,0,-2.654833,0.1165991872549057,0.14399999380111694,0.10909999907016754
YDL227C,YML062C,1,-2.6562164,0.117313914000988,0.14499999582767487,0.10909999907016754
YEL065W,YHR072W-A,0,-2.6566732,0.11721907556056976,0.14499999582767487,0.10920000076293945
YOR060C,YAR009C,0,-2.657757,0.11712439358234406,0.14499999582767487,0.10930000245571136
YGL055W,YLR276C,0,-2.6577637,0.11702986061573029,0.14499999582767487,0.10939999669790268
YNL313C,YKR002W,0,-2.6582005,0.11693548411130905,0.14499999582767487,0.10949999839067459
YPR154W,YER018C,0,-2.6582353,0.11684125661849976,0.14499999582767487,0.1096000000834465
YPR005C,YMR051C,0,-2.6585329,0.116747185587883,0.14499999582767487,0.10970000177621841
YKL125W,YNL014W,0,-2.658556,0.11665325611829758,0.14499999582767487,0.10980000346899033
YDR018C,YML024W,0,-2.6586366,0.1165594831109047,0.14499999582767487,0.10989999771118164
YOR381W,YHR148W,0,-2.6589162,0.11646586656570435,0.14499999582767487,0.10999999940395355
YCR092C,YGR296W,1,-2.6593606,0.11717496067285538,0.1459999978542328,0.10999999940395355
YGR180C,YNL311C,0,-2.659384,0.11708099395036697,0.1459999978542328,0.11010000109672546
YDR432W,YOR030W,0,-2.6597927,0.11698717623949051,0.1459999978542328,0.11020000278949738
YER190W,YMR133W,1,-2.6602907,0.11769415438175201,0.1469999998807907,0.11020000278949738
YHR067W,YBR084W,0,-2.6605675,0.11760000139474869,0.1469999998807907,0.11029999703168869
YOR032C,YPL131W,0,-2.6606944,0.1175059974193573,0.1469999998807907,0.1103999987244606
YPR007C,YKR059W,0,-2.661188,0.11741214245557785,0.1469999998807907,0.11050000041723251
YKL145W,YAR010C,0,-2.6613867,0.11731843650341034,0.1469999998807907,0.11060000211000443
YPL188W,YGL021W,0,-2.6619842,0.11722487956285477,0.1469999998807907,0.11069999635219574
YJL113W,YGR195W,0,-2.6622126,0.11713147163391113,0.1469999998807907,0.11079999804496765
YML045W,YCR028C,0,-2.662288,0.11703822016716003,0.1469999998807907,0.11089999973773956
YER190W,YMR224C,1,-2.6624224,0.11774065345525742,0.14800000190734863,0.11089999973773956
YGL046W,YPL177C,0,-2.6626995,0.11764705926179886,0.14800000190734863,0.11100000143051147
YGR159C,YDL028C,0,-2.6632528,0.11755361407995224,0.14800000190734863,0.11110000312328339
YDR432W,YIL154C,0,-2.6634865,0.11746031790971756,0.14800000190734863,0.1111999973654747
YHR094C,YBR290W,0,-2.664241,0.11736717075109482,0.14800000190734863,0.11129999905824661
YIL123W,YGL093W,0,-2.6647108,0.11727416515350342,0.14800000190734863,0.11140000075101852
YNL313C,YLR011W,0,-2.6655204,0.11718131601810455,0.14800000190734863,0.11150000244379044
YBL005W-A,YOL065C,0,-2.6661432,0.11708860844373703,0.14800000190734863,0.11159999668598175
YNR034W,YIL121W,0,-2.6667337,0.11699604988098145,0.14800000190734863,0.11169999837875366
YKR067W,YFL049W,0,-2.6671855,0.1169036328792572,0.14800000190734863,0.11180000007152557
YML113W,YPR154W,0,-2.6680436,0.1168113648891449,0.14800000190734863,0.11190000176429749
YHL040C,YOR290C,0,-2.6688569,0.11671924591064453,0.14800000190734863,0.1120000034570694
YER190W,YGL175C,1,-2.6689537,0.11741528660058975,0.14900000393390656,0.1120000034570694
YFR055W,YNL313C,0,-2.6689956,0.11732283234596252,0.14900000393390656,0.11209999769926071
YER008C,YDR213W,0,-2.669759,0.11723052710294724,0.14900000393390656,0.11219999939203262
YDR171W,YDR115W,0,-2.669952,0.11713836342096329,0.14900000393390656,0.11230000108480453
YLR139C,YHL020C,0,-2.67025,0.11704634875059128,0.14900000393390656,0.11240000277757645
YDR432W,YBR111W-A,0,-2.671752,0.11695447564125061,0.14900000393390656,0.11249999701976776
YMR046C,YNL182C,0,-2.672211,0.11686274409294128,0.14900000393390656,0.11259999871253967
YHR096C,YLR147C,0,-2.672237,0.1167711615562439,0.14900000393390656,0.11270000040531158
YGR055W,YGL232W,0,-2.6752255,0.11667972058057785,0.14900000393390656,0.1128000020980835
YIL117C,YOR148C,0,-2.67543,0.11658842116594315,0.14900000393390656,0.11289999634027481
YDR369C,YDL227C,1,-2.6768544,0.11727912724018097,0.15000000596046448,0.11289999634027481
YIR033W,YGR109C,0,-2.677488,0.1171875,0.15000000596046448,0.11299999803304672
YHR164C,YDR043C,0,-2.67824,0.11709602177143097,0.15000000596046448,0.11309999972581863
YBL071W-A,YLR270W,0,-2.6783087,0.11700467765331268,0.15000000596046448,0.11320000141859055
YOR120W,YNL068C,0,-2.6815202,0.11691348254680634,0.15000000596046448,0.11330000311136246
YDL109C,YOL124C,0,-2.6828582,0.11682242900133133,0.15000000596046448,0.11339999735355377
YDR523C,YGL122C,0,-2.6833842,0.11673151701688766,0.15000000596046448,0.11349999904632568
YGL201C,YMR046C,0,-2.684234,0.11664074659347534,0.15000000596046448,0.1136000007390976
YJL113W,YMR079W,0,-2.684643,0.11655011773109436,0.15000000596046448,0.1137000024318695
YJL209W,YGR094W,0,-2.6853464,0.11645963042974472,0.15000000596046448,0.11379999667406082
YDR081C,YJR120W,0,-2.6855528,0.11636927723884583,0.15000000596046448,0.11389999836683273
YDR113C,YNL339C,1,-2.6855738,0.11705426126718521,0.1509999930858612,0.11389999836683273
YDR065W,YOL124C,0,-2.6858666,0.11696359515190125,0.1509999930858612,0.11400000005960464
YNL247W,YGR133W,0,-2.6863084,0.11687306314706802,0.1509999930858612,0.11410000175237656
YBR084W,YJR153W,0,-2.6863115,0.11678267270326614,0.1509999930858612,0.11420000344514847
YLR430W,YMR045C,0,-2.6889284,0.1166924238204956,0.1509999930858612,0.11429999768733978
YMR015C,YOL028C,0,-2.6895428,0.11660231649875641,0.1509999930858612,0.1143999993801117
YPL253C,YBR183W,0,-2.6913373,0.11651234328746796,0.1509999930858612,0.1145000010728836
YNR016C,YDL223C,0,-2.6926532,0.11642251163721085,0.1509999930858612,0.11460000276565552
YDL126C,YFL014W,0,-2.6929743,0.11633282154798508,0.1509999930858612,0.11469999700784683
YOR094W,YLR224W,0,-2.693137,0.11624326556921005,0.1509999930858612,0.11479999870061874
YHR157W,YOR354C,1,-2.6943867,0.11692307889461517,0.15199999511241913,0.11479999870061874
YDL035C,YDR306C,0,-2.6946313,0.11683320254087448,0.15199999511241913,0.11490000039339066
YGL089C,YER025W,0,-2.6949785,0.11674347519874573,0.15199999511241913,0.11500000208616257
YOL127W,YDR523C,0,-2.6964219,0.11665387451648712,0.15199999511241913,0.11509999632835388
YDR018C,YDR108W,0,-2.6965876,0.11656441539525986,0.15199999511241913,0.1151999980211258
YOL090W,YGL175C,1,-2.6969264,0.11724138259887695,0.15299999713897705,0.1151999980211258
YCR089W,YDL014W,0,-2.6971514,0.11715161055326462,0.15299999713897705,0.1152999997138977
YJL026W,YLR320W,0,-2.697229,0.11706197261810303,0.15299999713897705,0.11540000140666962
YLR043C,YMR250W,0,-2.6972535,0.11697247624397278,0.15299999713897705,0.11550000309944153
YHR214C-B,YJR089W,0,-2.6972735,0.11688311398029327,0.15299999713897705,0.11559999734163284
YER104W,YLR467W,1,-2.697525,0.11755724996328354,0.15399999916553497,0.11559999734163284
YPL164C,YGR296W,1,-2.6978528,0.11823035776615143,0.1550000011920929,0.11559999734163284
YLR015W,YGR122W,0,-2.6978972,0.11814024299383163,0.1550000011920929,0.11569999903440475
YDL102W,YDR115W,0,-2.698068,0.11805026978254318,0.1550000011920929,0.11580000072717667
YJL176C,YBR012W-A,0,-2.6985812,0.11796042323112488,0.1550000011920929,0.11590000241994858
YDR385W,YMR168C,0,-2.699108,0.11787072569131851,0.1550000011920929,0.11599999666213989
YGR121C,YDL039C,0,-2.699336,0.1177811548113823,0.1550000011920929,0.1160999983549118
YCR092C,YHR157W,1,-2.6996686,0.11845102161169052,0.15600000321865082,0.1160999983549118
YGR088W,YNL281W,0,-2.6997836,0.11836115270853043,0.15600000321865082,0.11620000004768372
YBR012W-A,YLR016C,0,-2.7000272,0.11827141791582108,0.15600000321865082,0.11630000174045563
YGR109C,YER049W,0,-2.7013056,0.11818181723356247,0.15600000321865082,0.11640000343322754
YFR033C,YNR002C,0,-2.7018478,0.11809235066175461,0.15600000321865082,0.11649999767541885
YER103W,YER030W,0,-2.70388,0.11800302565097809,0.15600000321865082,0.11659999936819077
YDR103W,YNL045W,0,-2.7044206,0.11791383475065231,0.15600000321865082,0.11670000106096268
YBR114W,YOR230W,0,-2.7044356,0.11782477051019669,0.15600000321865082,0.11680000275373459
YPL127C,YBR100W,1,-2.704485,0.11849056929349899,0.15700000524520874,0.11680000275373459
YCL074W,YKL143W,0,-2.7047038,0.11840120702981949,0.15700000524520874,0.1168999969959259
YHR067W,YLL018C-A,0,-2.7048872,0.11831197887659073,0.15700000524520874,0.11699999868869781
YDL105W,YLR340W,0,-2.7049732,0.11822289228439331,0.15700000524520874,0.11710000038146973
YPL084W,YML039W,0,-2.706529,0.11813393235206604,0.15700000524520874,0.11720000207424164
YDR052C,YDR018C,0,-2.7065566,0.11804511398077011,0.15700000524520874,0.11729999631643295
YDR030C,YOR230W,0,-2.7067149,0.11795642226934433,0.15700000524520874,0.11739999800920486
YHL040C,YIL095W,0,-2.7072246,0.1178678646683693,0.15700000524520874,0.11749999970197678
YBR109C,YLR224W,0,-2.7076354,0.117779441177845,0.15700000524520874,0.11760000139474869
YHR214C-B,YEL019C,0,-2.7076948,0.11769115179777145,0.15700000524520874,0.1177000030875206
YLL008W,YJR022W,0,-2.7080967,0.11760299652814865,0.15700000524520874,0.11779999732971191
YHR001W,YER138C,0,-2.7082822,0.117514967918396,0.15700000524520874,0.11789999902248383
YCR055C,YLR197W,0,-2.7084787,0.11742707341909409,0.15700000524520874,0.11800000071525574
YIL082W-A,YML045W,0,-2.7088592,0.11733931303024292,0.15700000524520874,0.11810000240802765
YNR001C,YNL020C,0,-2.708917,0.1172516793012619,0.15700000524520874,0.11819999665021896
YER112W,YDR306C,0,-2.7100372,0.11716417968273163,0.15700000524520874,0.11829999834299088
YNL219C,YMR045C,0,-2.7107403,0.1170768067240715,0.15700000524520874,0.11840000003576279
YNR001C,YDR018C,0,-2.7107427,0.11698956787586212,0.15700000524520874,0.1185000017285347
YER174C,YDR306C,0,-2.7107787,0.11690245568752289,0.15700000524520874,0.11860000342130661
YDR393W,YNR075W,0,-2.7112222,0.1168154776096344,0.15700000524520874,0.11869999766349792
YPL274W,YIL082W-A,0,-2.7112446,0.11672862619161606,0.15700000524520874,0.11879999935626984
YAR010C,YNR008W,0,-2.7121224,0.11664190143346786,0.15700000524520874,0.11890000104904175
YDR013W,YMR046C,0,-2.7129757,0.11655531078577042,0.15700000524520874,0.11900000274181366
YLR043C,YMR046C,0,-2.713165,0.11646883934736252,0.15700000524520874,0.11909999698400497
YER044C-A,YHR039C,1,-2.713578,0.1171237975358963,0.15800000727176666,0.11909999698400497
YLR131C,YBL106C,0,-2.713621,0.11703703552484512,0.15800000727176666,0.11919999867677689
YBL071W-A,YML011C,0,-2.7141778,0.11695040762424469,0.15800000727176666,0.1193000003695488
YIL123W,YNL232W,0,-2.7148473,0.1168639063835144,0.15800000727176666,0.11940000206232071
YOR103C,YNR075W,0,-2.7148786,0.11677753180265427,0.15800000727176666,0.11949999630451202
YHR176W,YBR012W-B,0,-2.715461,0.11669128388166428,0.15800000727176666,0.11959999799728394
YOL124C,YJR150C,0,-2.7155993,0.11660516262054443,0.15800000727176666,0.11969999969005585
YAL021C,YBR111W-A,0,-2.7156441,0.11651917546987534,0.15800000727176666,0.11980000138282776
YPL265W,YAR009C,0,-2.7157834,0.11643330752849579,0.15800000727176666,0.11990000307559967
YJL048C,YKL055C,0,-2.716416,0.11634756624698639,0.15800000727176666,0.11999999731779099
YBR296C,YGL255W,0,-2.7168908,0.11626195907592773,0.15800000727176666,0.1200999990105629
YJL048C,YKL185W,0,-2.7181442,0.11617647111415863,0.15800000727176666,0.12020000070333481
YGL063W,YCL059C,0,-2.7182987,0.11609110981225967,0.15800000727176666,0.12030000239610672
YHR039C,YOL104C,1,-2.7183015,0.11674008518457413,0.1589999943971634,0.12030000239610672
YOR144C,YGR296W,1,-2.7196038,0.11738811433315277,0.1599999964237213,0.12030000239610672
YOR237W,YJL004C,0,-2.7197833,0.1173020526766777,0.1599999964237213,0.12039999663829803
YGL163C,YDR545W,1,-2.71985,0.11794871836900711,0.16099999845027924,0.12039999663829803
YDR138W,YGR296W,1,-2.7204244,0.11859443783760071,0.16200000047683716,0.12039999663829803
YIL037C,YML040W,0,-2.7207196,0.11850768327713013,0.16200000047683716,0.12049999833106995
YBL100W-B,YDR464W,0,-2.7217638,0.1184210553765297,0.16200000047683716,0.12060000002384186
YGR296W,YLR234W,1,-2.7230272,0.11906500905752182,0.16300000250339508,0.12060000002384186
YPL155C,YLR372W,0,-2.7235105,0.1189781054854393,0.16300000250339508,0.12070000171661377
YKR099W,YPL121C,1,-2.7248943,0.11962071806192398,0.164000004529953,0.12070000171661377
YNL286W,YCR028C-A,0,-2.7249124,0.11953353136777878,0.164000004529953,0.12080000340938568
YFR053C,YDR182W,0,-2.7250612,0.11944646388292313,0.164000004529953,0.120899997651577
YDR118W,YJR120W,0,-2.7255318,0.11935953050851822,0.164000004529953,0.12099999934434891
YPL096C-A,YGL014W,0,-2.725673,0.11927272379398346,0.164000004529953,0.12110000103712082
YHR089C,YGR040W,0,-2.725878,0.11918604373931885,0.164000004529953,0.12120000272989273
YKR055W,YFR053C,0,-2.7258894,0.11909949034452438,0.164000004529953,0.12129999697208405
YGL254W,YIL117C,0,-2.7286406,0.11901306360960007,0.164000004529953,0.12139999866485596
YHR214C-B,YHR008C,0,-2.7288704,0.1189267560839653,0.164000004529953,0.12150000035762787
YJR077C,YGR122W,0,-2.7297437,0.11884058266878128,0.164000004529953,0.12160000205039978
YPL256C,YPR078C,0,-2.729911,0.11875452846288681,0.164000004529953,0.1216999962925911
YJL113W,YDL052C,0,-2.7307246,0.11866859346628189,0.164000004529953,0.121799997985363
YCR098C,YPL212C,0,-2.730728,0.11858279258012772,0.164000004529953,0.12189999967813492
YBL100W-B,YBR179C,0,-2.7312453,0.11849711090326309,0.164000004529953,0.12200000137090683
YHR020W,YPL146C,0,-2.731418,0.11841155588626862,0.164000004529953,0.12210000306367874
YKR061W,YOR344C,0,-2.7314553,0.11832612007856369,0.164000004529953,0.12219999730587006
YPL146C,YNR008W,0,-2.7324758,0.11824081093072891,0.164000004529953,0.12229999899864197
YJR059W,YHR094C,0,-2.7327623,0.11815562099218369,0.164000004529953,0.12240000069141388
YNL037C,YNR060W,0,-2.7328691,0.1180705577135086,0.164000004529953,0.12250000238418579
YBL052C,YJL113W,0,-2.7341292,0.11798561364412308,0.164000004529953,0.1225999966263771
YPR078C,YDR414C,0,-2.7345803,0.1179007887840271,0.164000004529953,0.12269999831914902
YNL270C,YPL131W,0,-2.7347536,0.11781609058380127,0.164000004529953,0.12280000001192093
YJR026W,YLR396C,0,-2.7352912,0.11773151159286499,0.164000004529953,0.12290000170469284
YOR206W,YPL075W,0,-2.7356174,0.11764705926179886,0.164000004529953,0.12300000339746475
YMR038C,YER038C,0,-2.7358482,0.11756272614002228,0.164000004529953,0.12309999763965607
YOR221C,YMR011W,0,-2.7372172,0.11747851222753525,0.164000004529953,0.12319999933242798
YDL223C,YGR122W,0,-2.7374084,0.11739441752433777,0.164000004529953,0.12330000102519989
YML040W,YOL156W,0,-2.737635,0.11731044203042984,0.164000004529953,0.1234000027179718
YHR005C,YDR306C,0,-2.7384796,0.11722659319639206,0.164000004529953,0.12349999696016312
YGL253W,YMR046C,0,-2.7389493,0.11714285612106323,0.164000004529953,0.12359999865293503
YNL279W,YBR233W-A,0,-2.7395988,0.11705924570560455,0.164000004529953,0.12370000034570694
YMR263W,YFR053C,0,-2.7399962,0.11697574704885483,0.164000004529953,0.12380000203847885
YGL096W,YDL030W,0,-2.7415702,0.11689237505197525,0.164000004529953,0.12389999628067017
YNR034W,YHR072W-A,0,-2.7417424,0.11680911481380463,0.164000004529953,0.12399999797344208
YOR330C,YBL106C,0,-2.74349,0.11672598123550415,0.164000004529953,0.12409999966621399
YAL054C,YMR199W,0,-2.74376,0.11664295941591263,0.164000004529953,0.1242000013589859
YHR079C-B,YMR133W,1,-2.746185,0.11727079004049301,0.16500000655651093,0.1242000013589859
YIL117C,YDR464W,0,-2.7468793,0.1171875,0.16500000655651093,0.12430000305175781
YJL108C,YOR346W,0,-2.7477546,0.11710432916879654,0.16500000655651093,0.12439999729394913
YPL231W,YAR008W,0,-2.748142,0.11702127754688263,0.16500000655651093,0.12449999898672104
YBL051C,YDR382W,0,-2.748496,0.11693834513425827,0.16500000655651093,0.12460000067949295
YPR007C,YGR244C,0,-2.7492688,0.11685552448034286,0.16500000655651093,0.12470000237226486
YPL127C,YER179W,1,-2.749756,0.11748053878545761,0.16599999368190765,0.12470000237226486
YBL106C,YDR191W,0,-2.7506728,0.11739745736122131,0.16599999368190765,0.12479999661445618
YIL079C,YCR002C,0,-2.7507603,0.11731448769569397,0.16599999368190765,0.12489999830722809
YGL133W,YLL012W,0,-2.7511592,0.11723163723945618,0.16599999368190765,0.125
YDR527W,YNL007C,0,-2.7512105,0.11714890599250793,0.16599999368190765,0.1251000016927719
YBR121C,YDR306C,0,-2.751864,0.11706629395484924,0.16599999368190765,0.12520000338554382
YOL068C,YHL022C,1,-2.7523205,0.11768851429224014,0.16699999570846558,0.12520000338554382
YLR450W,YGR122W,0,-2.7530377,0.11760563403367996,0.16699999570846558,0.12530000507831573
YJL113W,YNL222W,0,-2.7532973,0.11752287298440933,0.16699999570846558,0.12540000677108765
YJR026W,YOR058C,0,-2.753363,0.11744022369384766,0.16699999570846558,0.12549999356269836
YIR017C,YKL185W,0,-2.753589,0.11735769361257553,0.16699999570846558,0.12559999525547028
YEL062W,YLR263W,0,-2.75375,0.11727528274059296,0.16699999570846558,0.1256999969482422
YNL213C,YIL010W,0,-2.753876,0.11719298362731934,0.16699999570846558,0.1257999986410141
YDR283C,YMR235C,0,-2.7540824,0.11711079627275467,0.16699999570846558,0.125900000333786
YLR263W,YFL026W,0,-2.754246,0.11702872812747955,0.16699999570846558,0.12600000202655792
YBR098W,YLR467W,1,-2.754495,0.11764705926179886,0.1679999977350235,0.12600000202655792
YJL034W,YPL126W,0,-2.7545831,0.11756473034620285,0.1679999977350235,0.12610000371932983
YPR080W,YOR308C,0,-2.7550466,0.11748252063989639,0.1679999977350235,0.12620000541210175
YHR157W,YOL090W,1,-2.755362,0.11809923499822617,0.16899999976158142,0.12620000541210175
YCR083W,YOL017W,0,-2.7560227,0.11801675707101822,0.16899999976158142,0.12630000710487366
YMR198W,YDR120C,0,-2.7560446,0.11793440580368042,0.16899999976158142,0.12639999389648438
YKL101W,YOR317W,0,-2.7565863,0.11785215884447098,0.16899999976158142,0.1264999955892563
YER138C,YHL027W,0,-2.7577543,0.11777003854513168,0.16899999976158142,0.1265999972820282
YHR176W,YJR045C,0,-2.757992,0.11768802255392075,0.16899999976158142,0.1266999989748001
YCL027W,YGL012W,0,-2.7596362,0.11760612577199936,0.16899999976158142,0.12680000066757202
YNL279W,YLR110C,0,-2.7602296,0.11752434074878693,0.16899999976158142,0.12690000236034393
YCR031C,YLR135W,0,-2.7603838,0.11744266748428345,0.16899999976158142,0.12700000405311584
YJL113W,YHR164C,0,-2.7606342,0.11736111342906952,0.16899999976158142,0.12710000574588776
YOR005C,YMR051C,0,-2.7608116,0.11727966368198395,0.16899999976158142,0.12720000743865967
YLR223C,YGL127C,0,-2.7614858,0.11719833314418793,0.16899999976158142,0.12729999423027039
YDR376W,YGR088W,0,-2.7617729,0.11711711436510086,0.16899999976158142,0.1273999959230423
YPL255W,YNR075W,0,-2.7623625,0.11703601479530334,0.16899999976158142,0.1274999976158142
YLR224W,YNL116W,0,-2.7629657,0.11695501953363419,0.16899999976158142,0.12759999930858612
YCL019W,YCR065W,0,-2.7634423,0.11687413603067398,0.16899999976158142,0.12770000100135803
YDR358W,YML058W,0,-2.7636826,0.11679336428642273,0.16899999976158142,0.12780000269412994
YBL071W-A,YKL213C,0,-2.7658246,0.11671270430088043,0.16899999976158142,0.12790000438690186
YDL247W,YLR316C,0,-2.7665641,0.11663216352462769,0.16899999976158142,0.12800000607967377
YMR045C,YNL221C,0,-2.7667725,0.1165517270565033,0.16899999976158142,0.12809999287128448
YOR079C,YDR018C,0,-2.766988,0.11647140234708786,0.16899999976158142,0.1281999945640564
YHR157W,YOL104C,1,-2.7675743,0.11707989126443863,0.17000000178813934,0.1281999945640564
YER106W,YPL087W,0,-2.7682517,0.1169993132352829,0.17000000178813934,0.1282999962568283
YPL217C,YHR007C,0,-2.7685163,0.11691884696483612,0.17000000178813934,0.12839999794960022
YHL022C,YER147C,1,-2.7690008,0.11752577126026154,0.17100000381469727,0.12839999794960022
YDR263C,YCR020W-B,0,-2.7693427,0.11744505167007446,0.17100000381469727,0.12849999964237213
YDL098C,YBR111W-A,0,-2.769639,0.11736444383859634,0.17100000381469727,0.12860000133514404
YNR060W,YPL087W,0,-2.770038,0.11728394776582718,0.17100000381469727,0.12870000302791595
YOR381W,YPR163C,0,-2.7715414,0.11720356345176697,0.17100000381469727,0.12880000472068787
YHR157W,YMR224C,1,-2.7721958,0.11780822277069092,0.1720000058412552,0.12880000472068787
YIL046W,YGR165W,0,-2.7723339,0.11772758513689041,0.1720000058412552,0.12890000641345978
YCR058C,YDL051W,0,-2.7729042,0.11764705926179886,0.1720000058412552,0.1289999932050705
YLR092W,YOR133W,0,-2.7731469,0.11756664514541626,0.1720000058412552,0.1290999948978424
YNL093W,YOR230W,0,-2.7733412,0.11748633533716202,0.1720000058412552,0.12919999659061432
YMR134W,YKR046C,0,-2.7734146,0.11740614473819733,0.1720000058412552,0.12929999828338623
YMR049C,YBL025W,0,-2.774117,0.11732605844736099,0.1720000058412552,0.12939999997615814
YHR069C,YIL123W,0,-2.774358,0.11724608391523361,0.1720000058412552,0.12950000166893005
YDR446W,YER147C,1,-2.7744725,0.11784741282463074,0.17299999296665192,0.12950000166893005
YDL227C,YOR033C,1,-2.7747471,0.1184479221701622,0.17399999499320984,0.12950000166893005
YLR189C,YPL117C,0,-2.7748816,0.11836734414100647,0.17399999499320984,0.12960000336170197
YGL097W,YPL209C,0,-2.7765152,0.11828687787055969,0.17399999499320984,0.12970000505447388
YJR147W,YDR194C,0,-2.7768617,0.11820652335882187,0.17399999499320984,0.1298000067472458
YMR050C,YOL116W,0,-2.7769387,0.1181262731552124,0.17399999499320984,0.1298999935388565
YOR057W,YML040W,0,-2.777982,0.11804613471031189,0.17399999499320984,0.12999999523162842
YER044C-A,YGL043W,1,-2.7783902,0.11864406615495682,0.17499999701976776,0.12999999523162842
YPL231W,YPL096C-A,0,-2.7791455,0.1185636892914772,0.17499999701976776,0.13009999692440033
YOL028C,YGL240W,0,-2.779265,0.11848340928554535,0.17499999701976776,0.13019999861717224
YBR279W,YER179W,1,-2.7804067,0.1190798357129097,0.17599999904632568,0.13019999861717224
YCR089W,YGL037C,0,-2.7806442,0.11899932473897934,0.17599999904632568,0.13030000030994415
YBR012W-A,YMR101C,0,-2.781285,0.11891891807317734,0.17599999904632568,0.13040000200271606
YER089C,YNR075W,0,-2.782066,0.11883862316608429,0.17599999904632568,0.13050000369548798
YJL098W,YEL017C-A,0,-2.7825718,0.1187584325671196,0.17599999904632568,0.1306000053882599
YCL074W,YML040W,0,-2.7830398,0.11867835372686386,0.17599999904632568,0.1307000070810318
YKL009W,YGR246C,0,-2.7840092,0.11859837919473648,0.17599999904632568,0.13079999387264252
YER179W,YGR296W,1,-2.786331,0.11919192224740982,0.1770000010728836,0.13079999387264252
YOR179C,YIL079C,0,-2.7869399,0.11911170929670334,0.1770000010728836,0.13089999556541443
YOR033C,YGR296W,1,-2.7879856,0.11970410495996475,0.17800000309944153,0.13089999556541443
YKL178C,YOL156W,0,-2.7886717,0.11962365359067917,0.17800000309944153,0.13099999725818634
YNL111C,YGR254W,0,-2.7890341,0.11954331398010254,0.17800000309944153,0.13109999895095825
YFL010W-A,YPL167C,0,-2.7901194,0.11946308612823486,0.17800000309944153,0.13120000064373016
YER190W,YBL088C,1,-2.790498,0.12005365639925003,0.17900000512599945,0.13120000064373016
YBR098W,YER190W,1,-2.7909198,0.12064342945814133,0.18000000715255737,0.13120000064373016
YPR111W,YCR034W,0,-2.7911599,0.12056262791156769,0.18000000715255737,0.13130000233650208
YOR145C,YKL185W,0,-2.7913077,0.1204819306731224,0.18000000715255737,0.131400004029274
YJR026W,YGR047C,0,-2.7919424,0.12040133774280548,0.18000000715255737,0.1315000057220459
YPL127C,YER190W,1,-2.7924984,0.12098930776119232,0.1809999942779541,0.1315000057220459
YKL212W,YNL311C,0,-2.7929904,0.12090848386287689,0.1809999942779541,0.1316000074148178
YLR071C,YGR122W,0,-2.7933757,0.12082777172327042,0.1809999942779541,0.13169999420642853
YMR290C,YPR037C,0,-2.7934277,0.1207471638917923,0.1809999942779541,0.13179999589920044
YML045W,YMR288W,0,-2.7935007,0.12066666781902313,0.1809999942779541,0.13189999759197235
YDR296W,YML039W,0,-2.7936218,0.12058627605438232,0.1809999942779541,0.13199999928474426
YAR009C,YGR007W,0,-2.793768,0.12050598859786987,0.1809999942779541,0.13210000097751617
YBR085W,YGR014W,0,-2.7959945,0.12042581290006638,0.1809999942779541,0.13220000267028809
YDR394W,YAR010C,0,-2.7962177,0.12034574151039124,0.1809999942779541,0.13230000436306
YER190W,YKR099W,1,-2.7965038,0.12093023210763931,0.18199999630451202,0.13230000436306
YAR010C,YML048W,0,-2.796738,0.12084993720054626,0.18199999630451202,0.1324000060558319
YDL105W,YPR137W,0,-2.7977984,0.12076973915100098,0.18199999630451202,0.13249999284744263
YMR162C,YDR449C,0,-2.7995179,0.12068965286016464,0.18199999630451202,0.13259999454021454
YDL035C,YDR492W,0,-2.7996209,0.12060967832803726,0.18199999630451202,0.13269999623298645
YDR263C,YNL213C,0,-2.8000886,0.12052980065345764,0.18199999630451202,0.13279999792575836
YDR545W,YOR144C,1,-2.8006108,0.12111184746026993,0.18299999833106995,0.13279999792575836
YDR545W,YKR099W,1,-2.8011224,0.12169311940670013,0.18400000035762787,0.13279999792575836
YPL265W,YOL017W,0,-2.8018942,0.12161269038915634,0.18400000035762787,0.13289999961853027
YBL004W,YDR046C,0,-2.802255,0.1215323656797409,0.18400000035762787,0.13300000131130219
YLR263W,YDR382W,0,-2.8023689,0.12145214527845383,0.18400000035762787,0.1331000030040741
YIL046W,YIL037C,0,-2.8036253,0.1213720291852951,0.18400000035762787,0.133200004696846
YGL013C,YKL009W,0,-2.804614,0.12129202485084534,0.18400000035762787,0.13330000638961792
YLL012W,YJR068W,0,-2.804856,0.12121212482452393,0.18400000035762787,0.13339999318122864
YHR157W,YML062C,1,-2.805569,0.12179065495729446,0.1850000023841858,0.13339999318122864
YDL227C,YJR021C,1,-2.80568,0.12236841768026352,0.1860000044107437,0.13339999318122864
YGR296W,YJR021C,1,-2.8058035,0.12294542789459229,0.18700000643730164,0.13339999318122864
YER190W,YDR386W,1,-2.8059187,0.12352168560028076,0.18799999356269836,0.13339999318122864
YLR069C,YJR029W,0,-2.8061147,0.12344057857990265,0.18799999356269836,0.13349999487400055
YBR250W,YDL208W,0,-2.8065445,0.12335958331823349,0.18799999356269836,0.13359999656677246
YIL046W,YPL211W,0,-2.8066301,0.12327868491411209,0.18799999356269836,0.13369999825954437
YBR030W,YCR058C,0,-2.8079655,0.12319790571928024,0.18799999356269836,0.13379999995231628
YPL121C,YHR039C,1,-2.8084223,0.12377209961414337,0.1889999955892563,0.13379999995231628
YPL283C,YDR110W,1,-2.8086922,0.12434554845094681,0.1899999976158142,0.13379999995231628
YHR176W,YIL082W-A,0,-2.8087075,0.12426422536373138,0.1899999976158142,0.1339000016450882
YNL214W,YJL026W,0,-2.809223,0.12418300658464432,0.1899999976158142,0.1340000033378601
YGR077C,YHL040C,0,-2.8094022,0.12410189211368561,0.1899999976158142,0.13410000503063202
YPL121C,YGR296W,1,-2.8094308,0.12467362731695175,0.19099999964237213,0.13410000503063202
YGL175C,YDL185W,1,-2.8096974,0.1252446174621582,0.19200000166893005,0.13410000503063202
YDR295C,YNR075W,0,-2.8097322,0.1251629739999771,0.19200000166893005,0.13420000672340393
YDL130W-A,YPL007C,0,-2.8105674,0.12508143484592438,0.19200000166893005,0.13429999351501465
YJL114W,YFL055W,0,-2.8122873,0.125,0.19200000166893005,0.13439999520778656
YHL022C,YER179W,1,-2.8124235,0.12556928396224976,0.19300000369548798,0.13439999520778656
YMR106C,YGR296W,1,-2.812483,0.126137837767601,0.1940000057220459,0.13439999520778656
YEL065W,YGL251C,0,-2.813385,0.12605588138103485,0.1940000057220459,0.13449999690055847
YLR189C,YBL025W,0,-2.8133976,0.12597402930259705,0.1940000057220459,0.13459999859333038
YKL056C,YLR319C,0,-2.8142068,0.1258922815322876,0.1940000057220459,0.1347000002861023
YAR007C,YGL183C,1,-2.8143198,0.12645913660526276,0.19499999284744263,0.1347000002861023
YDL223C,YDR030C,0,-2.8145423,0.1263771802186966,0.19499999284744263,0.1348000019788742
YLR205C,YOL044W,0,-2.8150952,0.12629534304141998,0.19499999284744263,0.13490000367164612
YOL090W,YMR133W,1,-2.8154256,0.1268608421087265,0.19599999487400055,0.13490000367164612
YLR424W,YDL007W,0,-2.8171182,0.12677878141403198,0.19599999487400055,0.13500000536441803
YDR115W,YMR046C,0,-2.817775,0.12669683992862701,0.19599999487400055,0.13510000705718994
YDR501W,YJR059W,0,-2.8178942,0.1266149878501892,0.19599999487400055,0.13519999384880066
YDR358W,YJR118C,0,-2.8184352,0.12653324007987976,0.19599999487400055,0.13529999554157257
YBL075C,YOR372C,0,-2.8187697,0.12645161151885986,0.19599999487400055,0.13539999723434448
YHR167W,YHR039C,1,-2.819535,0.12701483070850372,0.19699999690055847,0.13539999723434448
YNL309W,YML040W,0,-2.819903,0.1269329935312271,0.19699999690055847,0.1354999989271164
YLL061W,YHR094C,0,-2.8212287,0.12685126066207886,0.19699999690055847,0.1356000006198883
YER006W,YPR055W,0,-2.8212602,0.12676963210105896,0.19699999690055847,0.13570000231266022
YPL127C,YDR446W,1,-2.822201,0.1273311823606491,0.1979999989271164,0.13570000231266022
YGR048W,YLR276C,0,-2.822352,0.1272493600845337,0.1979999989271164,0.13580000400543213
YOL158C,YDR463W,0,-2.822386,0.12716762721538544,0.1979999989271164,0.13590000569820404
YHR052W,YPL140C,0,-2.8227425,0.12708601355552673,0.1979999989271164,0.13600000739097595
YDR065W,YFR001W,0,-2.823025,0.1270044893026352,0.1979999989271164,0.13609999418258667
YPL121C,YJR021C,1,-2.8244455,0.12756410241127014,0.19900000095367432,0.13609999418258667
YBR272C,YPL131W,0,-2.825505,0.12748238444328308,0.19900000095367432,0.13619999587535858
YER015W,YLR224W,0,-2.8262177,0.12740077078342438,0.19900000095367432,0.1362999975681305
YNL286W,YKL056C,0,-2.8263953,0.12731926143169403,0.19900000095367432,0.1363999992609024
YLR223C,YGL240W,0,-2.827071,0.12723785638809204,0.19900000095367432,0.13650000095367432
YGL158W,YLR438C-A,0,-2.8284361,0.1271565556526184,0.19900000095367432,0.13660000264644623
YPR131C,YBR111W-A,0,-2.82885,0.12707534432411194,0.19900000095367432,0.13670000433921814
YHL028W,YNL209W,0,-2.830066,0.12699425220489502,0.19900000095367432,0.13680000603199005
YDR004W,YGL183C,1,-2.8309774,0.12755101919174194,0.20000000298023224,0.13680000603199005
YCL074W,YCR094W,0,-2.8314283,0.1274697333574295,0.20000000298023224,0.13689999282360077
YJL113W,YFL049W,0,-2.8315108,0.12738853693008423,0.20000000298023224,0.13699999451637268
YFL009W,YBR012W-B,0,-2.8315492,0.1273074448108673,0.20000000298023224,0.1370999962091446
YPL231W,YNL202W,0,-2.8324492,0.12722645699977875,0.20000000298023224,0.1371999979019165
YCR092C,YER190W,1,-2.8326817,0.12778131663799286,0.20100000500679016,0.1371999979019165
YDR004W,YPL121C,1,-2.8326929,0.12833544611930847,0.20200000703334808,0.1371999979019165
YER190W,YHR154W,1,-2.832834,0.12888889014720917,0.2029999941587448,0.1371999979019165
YKL125W,YDR115W,0,-2.834263,0.12880711257457733,0.2029999941587448,0.13729999959468842
YHR094C,YDR324C,0,-2.8344064,0.12872542440891266,0.2029999941587448,0.13740000128746033
YHR118C,YJL034W,0,-2.834473,0.12864385545253754,0.2029999941587448,0.13750000298023224
YPR080W,YDR195W,0,-2.8345041,0.12856237590312958,0.2029999941587448,0.13760000467300415
YKR039W,YLR131C,0,-2.8347185,0.12848101556301117,0.2029999941587448,0.13770000636577606
YLR067C,YGL255W,0,-2.835818,0.12839974462985992,0.2029999941587448,0.13779999315738678
YDR446W,YKR099W,1,-2.8360813,0.12895070016384125,0.20399999618530273,0.13779999315738678
YNR060W,YNL072W,0,-2.8365035,0.12886923551559448,0.20399999618530273,0.1378999948501587
YPR078C,YNL135C,0,-2.836537,0.12878787517547607,0.20399999618530273,0.1379999965429306
YNL090W,YNR075W,0,-2.8376777,0.12870661914348602,0.20399999618530273,0.13809999823570251
YDR378C,YNL111C,0,-2.839874,0.12862546741962433,0.20399999618530273,0.13819999992847443
YOR266W,YOL002C,0,-2.8407166,0.128544420003891,0.20399999618530273,0.13830000162124634
YJL113W,YNL062C,0,-2.841748,0.128463476896286,0.20399999618530273,0.13840000331401825
YHR118C,YDL170W,0,-2.8424957,0.1283826231956482,0.20399999618530273,0.13850000500679016
YJR160C,YOR341W,0,-2.8425252,0.12830188870429993,0.20399999618530273,0.13860000669956207
YOR129C,YGR214W,0,-2.8432944,0.12822124361991882,0.20399999618530273,0.1386999934911728
YHR157W,YDR110W,1,-2.843828,0.12876884639263153,0.20499999821186066,0.1386999934911728
YGR169C,YOL002C,0,-2.8449552,0.1286880075931549,0.20499999821186066,0.1387999951839447
YOR259C,YJL089W,0,-2.8449771,0.12860727310180664,0.20499999821186066,0.1388999968767166
YDL227C,YLL002W,1,-2.8492477,0.12915360927581787,0.20600000023841858,0.1388999968767166
YJL187C,YHR007C,0,-2.8496506,0.12907268106937408,0.20600000023841858,0.13899999856948853
YLR224W,YOR180C,0,-2.8503373,0.12899185717105865,0.20600000023841858,0.13910000026226044
YJL080C,YPR078C,0,-2.8503397,0.12891113758087158,0.20600000023841858,0.13920000195503235
YFL013C,YDR213W,0,-2.850433,0.12883052229881287,0.20600000023841858,0.13930000364780426
YGL183C,YOL006C,1,-2.850522,0.12937499582767487,0.2070000022649765,0.13930000364780426
YMR238W,YNR060W,0,-2.8509443,0.12929418683052063,0.2070000022649765,0.13940000534057617
YAL017W,YML104C,0,-2.851435,0.12921348214149475,0.2070000022649765,0.13950000703334808
YOR349W,YCR034W,0,-2.851546,0.12913288176059723,0.2070000022649765,0.1395999938249588
YLR205C,YLL034C,0,-2.8524582,0.12905237078666687,0.2070000022649765,0.1396999955177307
YJR120W,YHR111W,0,-2.8533564,0.12897196412086487,0.2070000022649765,0.13979999721050262
YDR446W,YER179W,1,-2.8534157,0.12951432168483734,0.20800000429153442,0.13979999721050262
YNL048W,YML040W,0,-2.8536494,0.12943372130393982,0.20800000429153442,0.13989999890327454
YDR194C,YBL106C,0,-2.8539643,0.12935324013233185,0.20800000429153442,0.14000000059604645
YML091C,YKL042W,0,-2.8542173,0.12927283346652985,0.20800000429153442,0.14010000228881836
YLR033W,YMR046C,0,-2.854304,0.1291925460100174,0.20800000429153442,0.14020000398159027
YLL012W,YPR201W,0,-2.8546822,0.1291123479604721,0.20800000429153442,0.14030000567436218
YJL133W,YDR259C,0,-2.8551743,0.12903225421905518,0.20800000429153442,0.1404000073671341
YIR026C,YBR233W-A,0,-2.855234,0.1289522647857666,0.20800000429153442,0.1404999941587448
YPR007C,YEL024W,0,-2.8561935,0.1288723647594452,0.20800000429153442,0.14059999585151672
YFR009W,YDR213W,0,-2.8568144,0.12879256904125214,0.20800000429153442,0.14069999754428864
YOL034W,YER053C,0,-2.857387,0.12871287763118744,0.20800000429153442,0.14079999923706055
YJR153W,YMR051C,0,-2.8576043,0.1286332756280899,0.20800000429153442,0.14090000092983246
YAR010C,YML036W,0,-2.8577797,0.12855376303195953,0.20800000429153442,0.14100000262260437
YDR171W,YHR073W,0,-2.858169,0.1284743696451187,0.20800000429153442,0.14110000431537628
YNL279W,YIL154C,0,-2.8610961,0.12839506566524506,0.20800000429153442,0.1412000060081482
YJL138C,YNL045W,0,-2.862068,0.12831585109233856,0.20800000429153442,0.1412999927997589
YGR227W,YNL209W,0,-2.8622046,0.12823674082756042,0.20800000429153442,0.14139999449253082
YDR060W,YGL022W,0,-2.8624282,0.12815773487091064,0.20800000429153442,0.14149999618530273
YGL112C,YMR015C,0,-2.862469,0.12807881832122803,0.20800000429153442,0.14159999787807465
YER062C,YDL231C,0,-2.8625038,0.12800000607967377,0.20800000429153442,0.14169999957084656
YDR101C,YML104C,0,-2.8627243,0.12792128324508667,0.20800000429153442,0.14180000126361847
YPL096C-A,YBR035C,0,-2.86284,0.12784264981746674,0.20800000429153442,0.14190000295639038
YFL011W,YBR006W,0,-2.8630326,0.12776412069797516,0.20800000429153442,0.1420000046491623
YIR026C,YFL031W,0,-2.8631375,0.12768569588661194,0.20800000429153442,0.1421000063419342
YJL074C,YDR343C,0,-2.8643572,0.12760736048221588,0.20800000429153442,0.14219999313354492
YDR004W,YER179W,1,-2.8645308,0.12814223766326904,0.20900000631809235,0.14219999313354492
YGL183C,YER147C,1,-2.8649158,0.12867647409439087,0.20999999344348907,0.14219999313354492
YCL008C,YLR316C,0,-2.8655782,0.1285976767539978,0.20999999344348907,0.14229999482631683
YGL183C,YER173W,1,-2.8656023,0.12913095951080322,0.210999995470047,0.14229999482631683
YGL163C,YHL022C,1,-2.866287,0.1296636015176773,0.21199999749660492,0.14229999482631683
YBL088C,YDR545W,1,-2.8664992,0.13019560277462006,0.21299999952316284,0.14229999482631683
YDL130W,YOL045W,0,-2.8676975,0.1301160603761673,0.21299999952316284,0.14239999651908875
YCL074W,YOL008W,0,-2.867986,0.1300366371870041,0.21299999952316284,0.14249999821186066
YNL270C,YHR148W,0,-2.868796,0.12995728850364685,0.21299999952316284,0.14259999990463257
YGL096W,YDR030C,0,-2.8692636,0.12987804412841797,0.21299999952316284,0.14270000159740448
YIL082W-A,YPL177C,0,-2.8692782,0.12979890406131744,0.21299999952316284,0.1428000032901764
YHL038C,YDR259C,0,-2.869892,0.12971985340118408,0.21299999952316284,0.1429000049829483
YHR157W,YPL194W,1,-2.8700786,0.13024954497814178,0.21400000154972076,0.1429000049829483
YDR004W,YDL154W,1,-2.8704913,0.13077859580516815,0.2150000035762787,0.1429000049829483
YOL002C,YNL127W,0,-2.8706748,0.13069908320903778,0.2150000035762787,0.14300000667572021
YFR027W,YMR046C,0,-2.8708384,0.13061968982219696,0.2150000035762787,0.14309999346733093
YDR479C,YDR437W,0,-2.8710692,0.1305403709411621,0.2150000035762787,0.14319999516010284
YMR047C,YDR306C,0,-2.8718526,0.1304611712694168,0.2150000035762787,0.14329999685287476
YOL010W,YGL075C,0,-2.8721774,0.13038204610347748,0.2150000035762787,0.14339999854564667
YDR451C,YKL055C,0,-2.8722239,0.1303030252456665,0.2150000035762787,0.14350000023841858
YAL015C,YML074C,0,-2.8725164,0.1302241086959839,0.2150000035762787,0.1436000019311905
YGL183C,YPR164W,1,-2.8743954,0.1307506114244461,0.2160000056028366,0.1436000019311905
YJR004C,YML045W,0,-2.876981,0.13067150115966797,0.2160000056028366,0.1437000036239624
YCR073C,YKL114C,0,-2.877806,0.13059251010417938,0.2160000056028366,0.14380000531673431
YGL225W,YKL055C,0,-2.8782623,0.13051359355449677,0.2160000056028366,0.14390000700950623
YJL187C,YPL043W,0,-2.8785717,0.1304347813129425,0.2160000056028366,0.14399999380111694
YEL062W,YKL081W,0,-2.8803258,0.1303560584783554,0.2160000056028366,0.14409999549388885
YER106W,YKL125W,0,-2.8803854,0.13027743995189667,0.2160000056028366,0.14419999718666077
YDR516C,YDR201W,0,-2.8809621,0.1301989108324051,0.2160000056028366,0.14429999887943268
YHL038C,YPL196W,0,-2.8810494,0.13012048602104187,0.2160000056028366,0.1444000005722046
YBR244W,YPL008W,0,-2.8811364,0.1300421506166458,0.2160000056028366,0.1445000022649765
YOL080C,YJL026W,0,-2.8813183,0.12996390461921692,0.2160000056028366,0.1446000039577484
YNL247W,YOL065C,0,-2.8814652,0.1298857480287552,0.2160000056028366,0.14470000565052032
YDR488C,YHL036W,0,-2.8818457,0.12980769574642181,0.2160000056028366,0.14480000734329224
YDR446W,YOR033C,1,-2.8818514,0.13033032417297363,0.21699999272823334,0.14480000734329224
YGR059W,YER155C,0,-2.8823297,0.13025210797786713,0.21699999272823334,0.14489999413490295
YGR055W,YKL051W,0,-2.882438,0.1301739662885666,0.21699999272823334,0.14499999582767487
YDR013W,YBR111W-A,0,-2.8837872,0.1300959289073944,0.21699999272823334,0.14509999752044678
YDL014W,YGL071W,0,-2.8838565,0.1300179809331894,0.21699999272823334,0.1451999992132187
YNL243W,YJL214W,0,-2.8840823,0.12994012236595154,0.21699999272823334,0.1453000009059906
YML130C,YGR158C,0,-2.8841355,0.12986235320568085,0.21699999272823334,0.1454000025987625
YMR165C,YEL024W,0,-2.88438,0.1297846883535385,0.21699999272823334,0.14550000429153442
YFL004W,YHR214C-B,0,-2.8856976,0.12970711290836334,0.21699999272823334,0.14560000598430634
YOL104C,YDL185W,1,-2.8876877,0.1302269995212555,0.21799999475479126,0.14560000598430634
YDL223C,YMR060C,0,-2.8877456,0.1301492601633072,0.21799999475479126,0.14569999277591705
YMR104C,YGR225W,0,-2.8880115,0.13007159531116486,0.21799999475479126,0.14579999446868896
YNL257C,YPR190C,0,-2.888989,0.12999403476715088,0.21799999475479126,0.14589999616146088
YNL148C,YOR116C,0,-2.8897054,0.12991656363010406,0.21799999475479126,0.1459999978542328
YDR365C,YOR148C,0,-2.890185,0.1298391968011856,0.21799999475479126,0.1460999995470047
YNL202W,YBL006C,0,-2.8918047,0.12976190447807312,0.21799999475479126,0.1462000012397766
YER106W,YNL062C,0,-2.8928382,0.129684716463089,0.21799999475479126,0.14630000293254852
YLR043C,YML045W,0,-2.8930967,0.12960760295391083,0.21799999475479126,0.14640000462532043
YML132W,YPL055C,0,-2.8932438,0.12953059375286102,0.21799999475479126,0.14650000631809235
YGL163C,YER044C-A,1,-2.8935866,0.1300475001335144,0.21899999678134918,0.14650000631809235
YOR180C,YMR046C,0,-2.8936212,0.12997032701969147,0.21899999678134918,0.14659999310970306
YDR087C,YGL089C,0,-2.8936696,0.1298932433128357,0.21899999678134918,0.14669999480247498
YDR285W,YPL131W,0,-2.8946192,0.12981624901294708,0.21899999678134918,0.1467999964952469
YDR443C,YMR175W,0,-2.894725,0.12973932921886444,0.21899999678134918,0.1468999981880188
YNL313C,YIL042C,0,-2.8963096,0.12966252863407135,0.21899999678134918,0.1469999998807907
YOL004W,YGR225W,0,-2.89713,0.12958580255508423,0.21899999678134918,0.14710000157356262
YFR001W,YDR146C,0,-2.8974116,0.12950916588306427,0.21899999678134918,0.14720000326633453
YNL247W,YMR021C,0,-2.8977022,0.12943261861801147,0.21899999678134918,0.14730000495910645
YKL166C,YDR115W,0,-2.897988,0.12935617566108704,0.21899999678134918,0.14740000665187836
YHR058C,YOR298C-A,0,-2.8985288,0.12927980720996857,0.21899999678134918,0.14749999344348907
YKR002W,YKR059W,0,-2.89862,0.12920354306697845,0.21899999678134918,0.147599995136261
YHR157W,YNL330C,1,-2.898625,0.12971697747707367,0.2199999988079071,0.147599995136261
YER177W,YDL039C,0,-2.898936,0.12964054942131042,0.2199999988079071,0.1476999968290329
YJR120W,YGR289C,0,-2.89908,0.12956419587135315,0.2199999988079071,0.1477999985218048
YDR171W,YGR246C,0,-2.899402,0.12948793172836304,0.2199999988079071,0.14790000021457672
YBL003C,YOL008W,0,-2.9005935,0.12941177189350128,0.2199999988079071,0.14800000190734863
YOL034W,YOL077W-A,0,-2.9014726,0.1293356865644455,0.2199999988079071,0.14810000360012054
YJR002W,YLL012W,0,-2.9015107,0.12925969064235687,0.2199999988079071,0.14820000529289246
YOR256C,YMR011W,0,-2.9017818,0.1291837990283966,0.2199999988079071,0.14830000698566437
YDR516C,YOR110W,0,-2.9020944,0.1291079819202423,0.2199999988079071,0.14839999377727509
YEL032W,YCR048W,0,-2.9030015,0.12903225421905518,0.2199999988079071,0.148499995470047
YGR059W,YLL015W,0,-2.9031513,0.1289566308259964,0.2199999988079071,0.1485999971628189
YOR078W,YCR020C,0,-2.9031646,0.1288810819387436,0.2199999988079071,0.14869999885559082
YDR492W,YMR247C,0,-2.9031882,0.12880562245845795,0.2199999988079071,0.14880000054836273
YER190W,YOL090W,1,-2.903208,0.12931539118289948,0.22100000083446503,0.14880000054836273
YOL090W,YPL283C,1,-2.904221,0.12982456386089325,0.22200000286102295,0.14880000054836273
YHR090C,YOR344C,0,-2.9044273,0.12974868714809418,0.22200000286102295,0.14890000224113464
YDL227C,YDL185W,1,-2.905071,0.1302570104598999,0.22300000488758087,0.14890000224113464
YOL008W,YOR230W,0,-2.9058156,0.1301809698343277,0.22300000488758087,0.14900000393390656
YJR066W,YCR034W,0,-2.9068766,0.13010501861572266,0.22300000488758087,0.14910000562667847
YML132W,YER040W,0,-2.9076765,0.13002915680408478,0.22300000488758087,0.14920000731945038
YPL137C,YGR214W,0,-2.907886,0.12995338439941406,0.22300000488758087,0.1492999941110611
YLR176C,YMR046C,0,-2.907976,0.12987768650054932,0.22300000488758087,0.149399995803833
YOL068C,YER179W,1,-2.9083712,0.130384162068367,0.2240000069141388,0.149399995803833
YLL018C-A,YIL073C,0,-2.908665,0.13030831515789032,0.2240000069141388,0.14949999749660492
YPL187W,YHR174W,0,-2.9092844,0.1302325576543808,0.2240000069141388,0.14959999918937683
YBL007C,YNR075W,0,-2.9096086,0.13015688955783844,0.2240000069141388,0.14970000088214874
YCL074W,YLR291C,0,-2.9102285,0.13008129596710205,0.2240000069141388,0.14980000257492065
YMR039C,YGL055W,0,-2.91089,0.13000580668449402,0.2240000069141388,0.14990000426769257
YMR038C,YHR096C,0,-2.9111717,0.12993039190769196,0.2240000069141388,0.15000000596046448
YPL227C,YDL170W,0,-2.9113433,0.12985506653785706,0.2240000069141388,0.1500999927520752
YDR545W,YDL164C,1,-2.9119306,0.1303592175245285,0.22499999403953552,0.1500999927520752
YDL024C,YGL153W,0,-2.9121807,0.13028372824192047,0.22499999403953552,0.1501999944448471
YER036C,YDL132W,0,-2.9125717,0.1302083283662796,0.22499999403953552,0.15029999613761902
YPL267W,YPL093W,0,-2.9141695,0.1301330178976059,0.22499999403953552,0.15039999783039093
YKL099C,YIL095W,0,-2.9147246,0.13005779683589935,0.22499999403953552,0.15049999952316284
YDR365C,YBR022W,0,-2.9148643,0.12998266518115997,0.22499999403953552,0.15060000121593475
YOR032C,YGR165W,0,-2.915813,0.12990762293338776,0.22499999403953552,0.15070000290870667
YOR057W,YER103W,0,-2.9162626,0.1298326551914215,0.22499999403953552,0.15080000460147858
YDR365C,YPR168W,0,-2.916458,0.12975779175758362,0.22499999403953552,0.1509000062942505
YCL074W,YCL063W,0,-2.9172823,0.1296830028295517,0.22499999403953552,0.1509999930858612
YJR140C,YDR343C,0,-2.9174044,0.12960828840732574,0.22499999403953552,0.15109999477863312
YHR152W,YKL178C,0,-2.9187014,0.12953367829322815,0.22499999403953552,0.15119999647140503
YDR358W,YPR080W,0,-2.9193094,0.12945914268493652,0.22499999403953552,0.15129999816417694
YGL183C,YER104W,1,-2.919577,0.12995974719524384,0.22599999606609344,0.15129999816417694
YCL059C,YPR055W,0,-2.9204752,0.12988506257534027,0.22599999606609344,0.15139999985694885
YMR133W,YDL185W,1,-2.9210093,0.13038483262062073,0.22699999809265137,0.15139999985694885
YNL313C,YNL080C,0,-2.9212422,0.13030998408794403,0.22699999809265137,0.15150000154972076
YDR523C,YLR102C,0,-2.9221966,0.1302352249622345,0.22699999809265137,0.15160000324249268
YFL004W,YKL125W,0,-2.9223483,0.13016055524349213,0.22699999809265137,0.1517000049352646
YLR115W,YDR259C,0,-2.9227755,0.13008596003055573,0.22699999809265137,0.1518000066280365
YOR127W,YBL064C,0,-2.9228857,0.1300114542245865,0.22699999809265137,0.15189999341964722
YER190W,YOL006C,1,-2.9232388,0.13050945103168488,0.2280000001192093,0.15189999341964722
YJL056C,YLR263W,0,-2.9236844,0.1304347813129425,0.2280000001192093,0.15199999511241913
YHR052W,YGL207W,0,-2.923944,0.1303602010011673,0.2280000001192093,0.15209999680519104
YGL255W,YOL065C,0,-2.9240034,0.13028571009635925,0.2280000001192093,0.15219999849796295
YNL012W,YLR263W,0,-2.924831,0.13021130859851837,0.2280000001192093,0.15230000019073486
YOL002C,YJR150C,0,-2.925192,0.13013698160648346,0.2280000001192093,0.15240000188350677
YKL188C,YJL114W,0,-2.9256024,0.1300627440214157,0.2280000001192093,0.1525000035762787
YBR243C,YFL013C,0,-2.9261882,0.12998859584331512,0.2280000001192093,0.1526000052690506
YDR159W,YNL307C,0,-2.9262629,0.1299145370721817,0.2280000001192093,0.1527000069618225
YDR273W,YNL326C,0,-2.9266088,0.12984055280685425,0.2280000001192093,0.15279999375343323
YCR089W,YOR315W,0,-2.927495,0.12976664304733276,0.2280000001192093,0.15289999544620514
YDR216W,YML045W,0,-2.9275696,0.12969283759593964,0.2280000001192093,0.15299999713897705
YGL183C,YNL139C,1,-2.9283285,0.13018760085105896,0.2290000021457672,0.15299999713897705
YDL126C,YPL202C,0,-2.9290082,0.1301136314868927,0.2290000021457672,0.15309999883174896
YGL158W,YNL232W,0,-2.9301298,0.1300397515296936,0.2290000021457672,0.15320000052452087
YPL196W,YNL078W,0,-2.9306128,0.12996594607830048,0.2290000021457672,0.15330000221729279
YDR295C,YHR196W,0,-2.9310086,0.1298922300338745,0.2290000021457672,0.1534000039100647
YOR346W,YDR259C,0,-2.9310691,0.12981858849525452,0.2290000021457672,0.1535000056028366
YJL058C,YKR081C,0,-2.9316034,0.12974503636360168,0.2290000021457672,0.15360000729560852
YLR201C,YEL032W,0,-2.9317253,0.12967157363891602,0.2290000021457672,0.15369999408721924
YHR123W,YPL138C,0,-2.9321468,0.12959818542003632,0.2290000021457672,0.15379999577999115
YNL313C,YNL021W,0,-2.9335392,0.12952488660812378,0.2290000021457672,0.15389999747276306
YML047C,YJL008C,0,-2.933576,0.1294516623020172,0.2290000021457672,0.15399999916553497
YGL205W,YDR393W,0,-2.9337523,0.1293785274028778,0.2290000021457672,0.15410000085830688
YHR072W-A,YOL156W,0,-2.9340734,0.12930548191070557,0.2290000021457672,0.1542000025510788
YJL148W,YCR020C,0,-2.9341724,0.1292325109243393,0.2290000021457672,0.1543000042438507
YBR050C,YPR080W,0,-2.934182,0.129159614443779,0.2290000021457672,0.15440000593662262
YOL016C,YEL069C,0,-2.9342592,0.12908680737018585,0.2290000021457672,0.15449999272823334
YPL187W,YDL245C,0,-2.9346008,0.12901408970355988,0.2290000021457672,0.15459999442100525
YGL096W,YLR396C,0,-2.935317,0.12894144654273987,0.2290000021457672,0.15469999611377716
YOL020W,YEL069C,0,-2.9356205,0.12886887788772583,0.2290000021457672,0.15479999780654907
YPL253C,YPR037C,0,-2.9357166,0.12879639863967896,0.2290000021457672,0.15489999949932098
YDL080C,YJR120W,0,-2.9357228,0.12872400879859924,0.2290000021457672,0.1550000011920929
YHL007C,YMR104C,0,-2.935849,0.1286516785621643,0.2290000021457672,0.1551000028848648
YLR139C,YDR037W,0,-2.9365566,0.12857945263385773,0.2290000021457672,0.15520000457763672
YOR260W,YMR051C,0,-2.9366407,0.12850730121135712,0.2290000021457672,0.15530000627040863
YPL131W,YPL176C,0,-2.9370136,0.12843522429466248,0.2290000021457672,0.15539999306201935
YBL030C,YOL156W,0,-2.9376457,0.1283632218837738,0.2290000021457672,0.15549999475479126
YFL010W-A,YIL147C,0,-2.9377344,0.1282913237810135,0.2290000021457672,0.15559999644756317
YML045W,YML036W,0,-2.937864,0.12821948528289795,0.2290000021457672,0.15569999814033508
YDR310C,YML045W,0,-2.9387357,0.12814773619174957,0.2290000021457672,0.155799999833107
YGL008C,YKL022C,0,-2.9387574,0.12807606160640717,0.2290000021457672,0.1559000015258789
YDR052C,YDR079C-A,0,-2.9388673,0.12800447642803192,0.2290000021457672,0.15600000321865082
YLR205C,YKL015W,0,-2.9393163,0.12793296575546265,0.2290000021457672,0.15610000491142273
YER038C,YGL070C,0,-2.9404395,0.12786152958869934,0.2290000021457672,0.15620000660419464
YDR273W,YLR086W,0,-2.9404833,0.1277901828289032,0.2290000021457672,0.15629999339580536
YPL159C,YLR224W,0,-2.9407868,0.12771891057491302,0.2290000021457672,0.15639999508857727
YOR341W,YDL039C,0,-2.9414895,0.12764771282672882,0.2290000021457672,0.15649999678134918
YLR051C,YJR120W,0,-2.9420936,0.12757660448551178,0.2290000021457672,0.1565999984741211
YHR007C,YDL200C,0,-2.9422069,0.1275055706501007,0.2290000021457672,0.156700000166893
YOR237W,YLL036C,0,-2.9422636,0.1274346113204956,0.2290000021457672,0.15680000185966492
YEL032W,YPR034W,0,-2.9422982,0.12736374139785767,0.2290000021457672,0.15690000355243683
YGL249W,YPL096C-A,0,-2.9434254,0.1272929459810257,0.2290000021457672,0.15700000524520874
YNL307C,YDR146C,0,-2.944017,0.1272222250699997,0.2290000021457672,0.15710000693798065
YGR060W,YNL221C,0,-2.944126,0.12715157866477966,0.2290000021457672,0.15719999372959137
YDL227C,YDR386W,1,-2.9444377,0.12763595581054688,0.23000000417232513,0.15719999372959137
YHR157W,YOL068C,1,-2.944474,0.1281197965145111,0.23100000619888306,0.15719999372959137
YFL025C,YEL022W,0,-2.945351,0.12804877758026123,0.23100000619888306,0.15729999542236328
YIL075C,YJR029W,0,-2.9454606,0.12797783315181732,0.23100000619888306,0.1573999971151352
YCR010C,YOR250C,0,-2.9457548,0.12790697813034058,0.23100000619888306,0.1574999988079071
YML102W,YLL015W,0,-2.945767,0.1278361976146698,0.23100000619888306,0.15760000050067902
YKR059W,YGR112W,0,-2.945855,0.127765491604805,0.23100000619888306,0.15770000219345093
YER070W,YER053C,0,-2.9466736,0.12769486010074615,0.23100000619888306,0.15780000388622284
YPR083W,YJL089W,0,-2.9467523,0.1276243031024933,0.23100000619888306,0.15790000557899475
YGR272C,YHR088W,0,-2.947696,0.12755383551120758,0.23100000619888306,0.15800000727176666
YLR110C,YEL062W,0,-2.9479685,0.12748344242572784,0.23100000619888306,0.15809999406337738
YFR001W,YAL024C,0,-2.9480855,0.12741312384605408,0.23100000619888306,0.1581999957561493
YFL008W,YNL130C,0,-2.9482563,0.12734289467334747,0.23100000619888306,0.1582999974489212
YOL076W,YER044C,0,-2.9484982,0.12727272510528564,0.23100000619888306,0.15839999914169312
YKR099W,YGL175C,1,-2.9491098,0.12775330245494843,0.23199999332427979,0.15839999914169312
YDL030W,YPL146C,0,-2.9500585,0.12768299877643585,0.23199999332427979,0.15850000083446503
YHR175W,YJR029W,0,-2.9504426,0.12761275470256805,0.23199999332427979,0.15860000252723694
YJR153W,YDR039C,0,-2.950642,0.12754260003566742,0.23199999332427979,0.15870000422000885
YPR023C,YDL170W,0,-2.9508448,0.12747253477573395,0.23199999332427979,0.15880000591278076
YGR132C,YJL157C,0,-2.9515023,0.12740252912044525,0.23199999332427979,0.15889999270439148
YJR026W,YML126C,0,-2.952407,0.12733259797096252,0.23199999332427979,0.1589999943971634
YOL002C,YJR119C,0,-2.952428,0.12726275622844696,0.23199999332427979,0.1590999960899353
YMR238W,YOL117W,0,-2.952882,0.12719298899173737,0.23199999332427979,0.15919999778270721
YDR369C,YDR138W,1,-2.9531863,0.1276712268590927,0.2329999953508377,0.15919999778270721
YKL145W,YOR317W,0,-2.953612,0.12760131061077118,0.2329999953508377,0.15929999947547913
YPR165W,YPR081C,0,-2.9536126,0.12753146886825562,0.2329999953508377,0.15940000116825104
YAL015C,YJR104C,0,-2.9536772,0.12746170163154602,0.2329999953508377,0.15950000286102295
YDR171W,YIR018W,0,-2.954178,0.1273920238018036,0.2329999953508377,0.15960000455379486
YDR479C,YML099C,0,-2.954354,0.12732240557670593,0.2329999953508377,0.15970000624656677
YEL036C,YDR363W-A,0,-2.9545243,0.12725286185741425,0.2329999953508377,0.1597999930381775
YBR272C,YGR289C,0,-2.9549,0.12718340754508972,0.2329999953508377,0.1598999947309494
YPL018W,YDR172W,0,-2.9549732,0.12711402773857117,0.2329999953508377,0.1599999964237213
YNL257C,YDR173C,0,-2.9551947,0.1270447075366974,0.2329999953508377,0.16009999811649323
YKL188C,YDR065W,0,-2.9555638,0.12697547674179077,0.2329999953508377,0.16019999980926514
YDR013W,YHL036W,0,-2.9559147,0.12690632045269012,0.2329999953508377,0.16030000150203705
YDR113C,YKR099W,1,-2.955917,0.1273815929889679,0.23399999737739563,0.16030000150203705
YHL028W,YGL078C,0,-2.956528,0.1273123025894165,0.23399999737739563,0.16040000319480896
YDR076W,YGR296W,1,-2.9574964,0.12778684496879578,0.23499999940395355,0.16040000319480896
YBR250W,YHR082C,0,-2.9575229,0.12771739065647125,0.23499999940395355,0.16050000488758087
YPL146C,YKL055C,0,-2.9576995,0.1276480108499527,0.23499999940395355,0.16060000658035278
YLR092W,YDR295C,0,-2.958193,0.1275787204504013,0.23499999940395355,0.1606999933719635
YER106W,YDL074C,0,-2.958203,0.1275094896554947,0.23499999940395355,0.1607999950647354
YBR085W,YGL207W,0,-2.9590101,0.12744034826755524,0.23499999940395355,0.16089999675750732
YLL024C,YOR162C,0,-2.9591725,0.12737126648426056,0.23499999940395355,0.16099999845027924
YDR376W,YML075C,0,-2.9595168,0.12730227410793304,0.23499999940395355,0.16110000014305115
YJL148W,YOR266W,0,-2.9596927,0.1272333562374115,0.23499999940395355,0.16120000183582306
YDR389W,YPR143W,0,-2.9606712,0.12716449797153473,0.23499999940395355,0.16130000352859497
YBR267W,YJL095W,0,-2.962493,0.12709572911262512,0.23499999940395355,0.16140000522136688
YGL183C,YNL330C,1,-2.9625697,0.1275675743818283,0.23600000143051147,0.16140000522136688
YHL022C,YML062C,1,-2.962693,0.1280388981103897,0.2370000034570694,0.16140000522136688
YDL030W,YIL002C,0,-2.9628358,0.12796975672245026,0.2370000034570694,0.1615000069141388
YDR379W,YLR056W,0,-2.96351,0.12790070474147797,0.2370000034570694,0.1615999937057495
YPL256C,YML098W,0,-2.963996,0.12783171236515045,0.2370000034570694,0.16169999539852142
YBL088C,YDL227C,1,-2.9642756,0.12830188870429993,0.23800000548362732,0.16169999539852142
YER190W,YDL185W,1,-2.9643729,0.1287715584039688,0.23899999260902405,0.16169999539852142
YIR033W,YEL032W,0,-2.9647248,0.12870220839977264,0.23899999260902405,0.16179999709129333
YDR545W,YOR033C,1,-2.9654405,0.12917114794254303,0.23999999463558197,0.16179999709129333
YOR256C,YGR060W,0,-2.96547,0.12910166382789612,0.23999999463558197,0.16189999878406525
YGR081C,YGR272C,0,-2.9669898,0.12903225421905518,0.23999999463558197,0.16200000047683716
YML073C,YLL061W,0,-2.9670513,0.1289629191160202,0.23999999463558197,0.16210000216960907
YLL024C,YHR169W,0,-2.9671466,0.1288936585187912,0.23999999463558197,0.16220000386238098
YDR180W,YPL164C,1,-2.9672115,0.12936124205589294,0.2409999966621399,0.16220000386238098
YLR357W,YMR011W,0,-2.967325,0.1292918473482132,0.2409999966621399,0.1623000055551529
YOR272W,YGL063W,0,-2.968359,0.12922252714633942,0.2409999966621399,0.1624000072479248
YGL096W,YKL166C,0,-2.9685478,0.1291532665491104,0.2409999966621399,0.16249999403953552
YBL084C,YNR072W,0,-2.9698918,0.12908409535884857,0.2409999966621399,0.16259999573230743
YDR004W,YBR136W,1,-2.9713535,0.12955032289028168,0.24199999868869781,0.16259999573230743
YHR089C,YIL115C,0,-2.971678,0.1294810026884079,0.24199999868869781,0.16269999742507935
YDR545W,YDR097C,1,-2.9720027,0.1299465298652649,0.24300000071525574,0.16269999742507935
YLR216C,YBL014C,0,-2.9727566,0.12987707555294037,0.24300000071525574,0.16279999911785126
YBR279W,YDL227C,1,-2.9751914,0.13034188747406006,0.24400000274181366,0.16279999911785126
YOL009C,YGL096W,0,-2.9756162,0.1302722841501236,0.24400000274181366,0.16290000081062317
YNL313C,YOR032C,0,-2.9762642,0.1302027702331543,0.24400000274181366,0.16300000250339508
YCL067C,YBL097W,0,-2.9772162,0.13013333082199097,0.24400000274181366,0.163100004196167
YHR039C,YDR386W,1,-2.977231,0.13059701025485992,0.24500000476837158,0.163100004196167
YHR011W,YCR089W,0,-2.9779809,0.13052743673324585,0.24500000476837158,0.1632000058889389
YOR381W,YBR244W,0,-2.9781415,0.13045793771743774,0.24500000476837158,0.16329999268054962
YHR196W,YDL101C,0,-2.9782069,0.13038849830627441,0.24500000476837158,0.16339999437332153
YKR099W,YGR296W,1,-2.978663,0.13085106015205383,0.2460000067949295,0.16339999437332153
YAL001C,YDR156W,0,-2.9786847,0.13078150153160095,0.2460000067949295,0.16349999606609344
YMR229C,YGR188C,0,-2.9789705,0.13071200251579285,0.2460000067949295,0.16359999775886536
YER044C-A,YLR234W,1,-2.979314,0.13117365539073944,0.24699999392032623,0.16359999775886536
YOR025W,YPR154W,0,-2.9810264,0.13110403716564178,0.24699999392032623,0.16369999945163727
YDR138W,YDL227C,1,-2.9810631,0.13156498968601227,0.24799999594688416,0.16369999945163727
YMR190C,YOL090W,1,-2.9824684,0.13202545046806335,0.24899999797344208,0.16369999945163727
YDL155W,YER138C,0,-2.9838583,0.13195548951625824,0.24899999797344208,0.16380000114440918
YDR356W,YML040W,0,-2.9839077,0.1318855881690979,0.24899999797344208,0.1639000028371811
YNR074C,YPL211W,0,-2.9843407,0.13181577622890472,0.24899999797344208,0.164000004529953
YGL183C,YDL164C,1,-2.9846058,0.13227513432502747,0.25,0.164000004529953
YOR069W,YKR039W,0,-2.9849145,0.13220518827438354,0.25,0.16410000622272491
YJL005W,YDL039C,0,-2.9849303,0.1321353018283844,0.25,0.16419999301433563
YDR004W,YMR133W,1,-2.9850032,0.1325937658548355,0.25099998712539673,0.16419999301433563
YBL003C,YGR244C,0,-2.9856603,0.13252376019954681,0.25099998712539673,0.16429999470710754
YGR036C,YBL071W-A,0,-2.9856827,0.1324538290500641,0.25099998712539673,0.16439999639987946
YJL090C,YER190W,1,-2.9872947,0.13291139900684357,0.25200000405311584,0.16439999639987946
YCL027W,YGR081C,0,-2.987511,0.1328413337469101,0.25200000405311584,0.16449999809265137
YDR113C,YLR467W,1,-2.9876802,0.13329820334911346,0.2529999911785126,0.16449999809265137
YFL010W-A,YHR083W,0,-2.987702,0.13322801887989044,0.2529999911785126,0.16459999978542328
YML045W,YOR067C,0,-2.9877422,0.1331578940153122,0.2529999911785126,0.1647000014781952
YEL054C,YKL194C,0,-2.9880173,0.13308784365653992,0.2529999911785126,0.1648000031709671
YGR055W,YMR200W,0,-2.9884107,0.1330178827047348,0.2529999911785126,0.164900004863739
YOL002C,YOL021C,0,-2.9889581,0.13294798135757446,0.2529999911785126,0.16500000655651093
YDR244W,YPR131C,0,-2.9894693,0.1328781545162201,0.2529999911785126,0.16509999334812164
YHR214C-B,YIL154C,0,-2.989652,0.1328084021806717,0.2529999911785126,0.16519999504089355
YGR089W,YBR183W,0,-2.990886,0.13273872435092926,0.2529999911785126,0.16529999673366547
YHL034C,YLR223C,0,-2.9914958,0.1326691210269928,0.2529999911785126,0.16539999842643738
YDL159W,YGR094W,0,-2.9917428,0.1325995773077011,0.2529999911785126,0.1655000001192093
YMR268C,YGR059W,0,-2.9920344,0.1325301229953766,0.2529999911785126,0.1656000018119812
YMR038C,YPL212C,0,-2.9921649,0.13246072828769684,0.2529999911785126,0.1657000035047531
YER119C,YMR168C,0,-2.9929264,0.13239142298698425,0.2529999911785126,0.16580000519752502
YGR092W,YML008C,0,-2.993357,0.13232217729091644,0.2529999911785126,0.16590000689029694
YER190W,YOR144C,1,-2.9933794,0.13277573883533478,0.2540000081062317,0.16590000689029694
YKL015W,YBR066C,0,-2.9936435,0.13270637392997742,0.2540000081062317,0.16599999368190765
YKL095W,YDR077W,0,-2.9941719,0.13263706862926483,0.2540000081062317,0.16609999537467957
YML130C,YGR014W,0,-2.9943972,0.1325678527355194,0.2540000081062317,0.16619999706745148
YNL053W,YCR035C,0,-2.994958,0.13249869644641876,0.2540000081062317,0.1662999987602234
YAR007C,YER179W,1,-2.9950569,0.13295099139213562,0.2549999952316284,0.1662999987602234
YPL155C,YBL082C,0,-2.995185,0.13288171589374542,0.2549999952316284,0.1664000004529953
YJL029C,YPL093W,0,-2.995239,0.1328125,0.2549999952316284,0.1665000021457672
YBR111W-A,YBR290W,0,-2.9953563,0.13274335861206055,0.2549999952316284,0.16660000383853912
YLR224W,YIL112W,0,-2.995873,0.13267429172992706,0.2549999952316284,0.16670000553131104
YMR106C,YER179W,1,-2.9961412,0.13312532007694244,0.25600001215934753,0.16670000553131104
YDR216W,YPL265W,0,-2.9971833,0.1330561339855194,0.25600001215934753,0.16680000722408295
YGR188C,YKL178C,0,-2.998277,0.13298700749874115,0.25600001215934753,0.16689999401569366
YFL021W,YOL076W,0,-2.999941,0.13291797041893005,0.25600001215934753,0.16699999570846558
YNL090W,YDR227W,0,-3.0010726,0.13284899294376373,0.25600001215934753,0.1670999974012375
YGL253W,YGL018C,0,-3.0013206,0.13278008997440338,0.25600001215934753,0.1671999990940094
YHR138C,YML060W,0,-3.0013773,0.1327112466096878,0.25600001215934753,0.1673000007867813
YBR133C,YLR175W,0,-3.0019367,0.1326424926519394,0.25600001215934753,0.16740000247955322
YPL265W,YDR173C,0,-3.0019429,0.13257379829883575,0.25600001215934753,0.16750000417232513
YBR172C,YER172C,0,-3.0020912,0.13250517845153809,0.25600001215934753,0.16760000586509705
YIL053W,YBR006W,0,-3.0023131,0.1324366331100464,0.25600001215934753,0.16769999265670776
YMR190C,YPR164W,1,-3.002392,0.13288521766662598,0.25699999928474426,0.16769999265670776
YEL004W,YDR011W,0,-3.0031815,0.13281653821468353,0.25699999928474426,0.16779999434947968
YDR284C,YIL117C,0,-3.0035036,0.13274793326854706,0.25699999928474426,0.1678999960422516
YDR446W,YPR164W,1,-3.0039132,0.1331956684589386,0.257999986410141,0.1678999960422516
YLR226W,YLR056W,0,-3.0040157,0.13312692940235138,0.257999986410141,0.1679999977350235
YDL097C,YHL036W,0,-3.0044653,0.13305827975273132,0.257999986410141,0.1680999994277954
YPL029W,YMR051C,0,-3.0050886,0.13298968970775604,0.257999986410141,0.16820000112056732
YPL139C,YGR070W,0,-3.005143,0.13292117416858673,0.257999986410141,0.16830000281333923
YJL014W,YPR201W,0,-3.0054739,0.1328527331352234,0.257999986410141,0.16840000450611115
YDL153C,YDL087C,0,-3.0059283,0.13278435170650482,0.257999986410141,0.16850000619888306
YOR130C,YGL178W,0,-3.006192,0.13271604478359222,0.257999986410141,0.16859999299049377
YML029W,YDR213W,0,-3.0065486,0.1326478123664856,0.257999986410141,0.16869999468326569
YNL001W,YIL013C,0,-3.0075488,0.13257965445518494,0.257999986410141,0.1687999963760376
YOR025W,YML028W,0,-3.0076628,0.13251155614852905,0.257999986410141,0.1688999980688095
YKL192C,YAL015C,0,-3.008082,0.13244353234767914,0.257999986410141,0.16899999976158142
YDR263C,YPL253C,0,-3.0082493,0.1323755830526352,0.257999986410141,0.16910000145435333
YGL183C,YOL072W,1,-3.0082781,0.1328205168247223,0.2590000033378601,0.16910000145435333
YHR058C,YHR106W,0,-3.0088432,0.1327524334192276,0.2590000033378601,0.16920000314712524
YER190W,YER173W,1,-3.0092466,0.13319672644138336,0.25999999046325684,0.16920000314712524
YDL024C,YHR188C,0,-3.0096006,0.13312852382659912,0.25999999046325684,0.16930000483989716
YHR052W,YKR039W,0,-3.009648,0.13306039571762085,0.25999999046325684,0.16940000653266907
YGR178C,YDR058C,0,-3.01008,0.13299232721328735,0.25999999046325684,0.16949999332427979
YLR205C,YDR356W,0,-3.010124,0.13292433321475983,0.25999999046325684,0.1695999950170517
YDR447C,YOR130C,0,-3.010261,0.13285641372203827,0.25999999046325684,0.1696999967098236
YDR365C,YMR026C,0,-3.0102704,0.1327885538339615,0.25999999046325684,0.16979999840259552
YLR263W,YJR064W,0,-3.0103025,0.13272078335285187,0.25999999046325684,0.16990000009536743
YER147C,YNL339C,1,-3.0103028,0.13316325843334198,0.26100000739097595,0.16990000009536743
YNL053W,YCL008C,0,-3.0106585,0.13309535384178162,0.26100000739097595,0.17000000178813934
YMR106C,YOL072W,1,-3.0113547,0.1335372030735016,0.2619999945163727,0.17000000178813934
YGL192W,YPL138C,0,-3.0126884,0.13346917927265167,0.2619999945163727,0.17010000348091125
YCR058C,YMR290C,0,-3.0129573,0.13340121507644653,0.2619999945163727,0.17020000517368317
YBR123C,YER127W,0,-3.0129845,0.13333334028720856,0.2619999945163727,0.17030000686645508
YFL026W,YDL135C,0,-3.0132325,0.13326551020145416,0.2619999945163727,0.1703999936580658
YFR053C,YPR008W,0,-3.013348,0.13319776952266693,0.2619999945163727,0.1704999953508377
YDR369C,YHR154W,1,-3.013511,0.13363821804523468,0.2630000114440918,0.1704999953508377
YML023C,YCR020C,0,-3.013593,0.1335703432559967,0.2630000114440918,0.17059999704360962
YDR168W,YGR055W,0,-3.013697,0.1335025429725647,0.2630000114440918,0.17069999873638153
YNL339C,YDR289C,1,-3.0137293,0.1339421570301056,0.2639999985694885,0.17069999873638153
YDR270W,YPR101W,0,-3.0143216,0.13387423753738403,0.2639999985694885,0.17080000042915344
YPR201W,YOL142W,0,-3.0154126,0.13380639255046844,0.2639999985694885,0.17090000212192535
YER070W,YPR019W,0,-3.0166154,0.13373860716819763,0.2639999985694885,0.17100000381469727
YCL059C,YPL167C,0,-3.0167966,0.1336708813905716,0.2639999985694885,0.17110000550746918
YBR169C,YNR072W,0,-3.0172002,0.13360324501991272,0.2639999985694885,0.1712000072002411
YDR083W,YMR048W,0,-3.0175672,0.13353565335273743,0.2639999985694885,0.1712999939918518
YGL008C,YGR275W,0,-3.0181763,0.1334681510925293,0.2639999985694885,0.17139999568462372
YGL111W,YMR198W,0,-3.0182345,0.13340070843696594,0.2639999985694885,0.17149999737739563
YER104W,YER044C-A,1,-3.0191305,0.13383838534355164,0.26499998569488525,0.17149999737739563
YOR162C,YOL020W,0,-3.019409,0.13377082347869873,0.26499998569488525,0.17159999907016754
YGL078C,YJR119C,0,-3.0197375,0.1337033361196518,0.26499998569488525,0.17170000076293945
YGR296W,YDR110W,1,-3.0201974,0.13414019346237183,0.26600000262260437,0.17170000076293945
YDR097C,YPL283C,1,-3.0204241,0.13457661867141724,0.2669999897480011,0.17170000076293945
YDR545W,YDR386W,1,-3.0204298,0.13501259684562683,0.2680000066757202,0.17170000076293945
YDR365C,YNR049C,0,-3.0210793,0.1349446177482605,0.2680000066757202,0.17180000245571136
YBR177C,YML104C,0,-3.021288,0.13487669825553894,0.2680000066757202,0.17190000414848328
YJR160C,YER127W,0,-3.02155,0.13480885326862335,0.2680000066757202,0.1720000058412552
YFR055W,YLR032W,0,-3.0220122,0.13474108278751373,0.2680000066757202,0.1720999926328659
YGR158C,YGL251C,0,-3.0226638,0.1346733719110489,0.2680000066757202,0.17219999432563782
YDR179C,YLR009W,0,-3.022905,0.13460572063922882,0.2680000066757202,0.17229999601840973
YDL245C,YBR121C,0,-3.0230978,0.13453815877437592,0.2680000066757202,0.17239999771118164
YBL003C,YGL243W,0,-3.024654,0.1344706416130066,0.2680000066757202,0.17249999940395355
YDL155W,YDR106W,0,-3.0248005,0.13440321385860443,0.2680000066757202,0.17260000109672546
YLR131C,YOR162C,0,-3.0248237,0.13433584570884705,0.2680000066757202,0.17270000278949738
YEL036C,YJR140C,0,-3.0251136,0.13426853716373444,0.2680000066757202,0.1728000044822693
YBL003C,YPL076W,0,-3.0258002,0.1342013031244278,0.2680000066757202,0.1729000061750412
YKL188C,YCR098C,0,-3.0258453,0.13413412868976593,0.2680000066757202,0.17299999296665192
YKR061W,YMR117C,0,-3.0259044,0.13406702876091003,0.2680000066757202,0.17309999465942383
YGR296W,YDR289C,1,-3.025967,0.13449999690055847,0.26899999380111694,0.17309999465942383
YDR252W,YBR082C,0,-3.0262103,0.13443277776241302,0.26899999380111694,0.17319999635219574
YOR085W,YNL313C,0,-3.0262187,0.13436563313007355,0.26899999380111694,0.17329999804496765
YDL080C,YGR159C,0,-3.0263362,0.13429854810237885,0.26899999380111694,0.17339999973773956
YDR180W,YER044C-A,1,-3.0265222,0.1347305327653885,0.27000001072883606,0.17339999973773956
YDR369C,YGL183C,1,-3.026885,0.1351621001958847,0.2709999978542328,0.17339999973773956
YGR006W,YOR204W,0,-3.0271022,0.13509471714496613,0.2709999978542328,0.17350000143051147
YNL267W,YDL022W,0,-3.0271497,0.13502740859985352,0.2709999978542328,0.1736000031232834
YGR013W,YPL188W,0,-3.0274131,0.13496015965938568,0.2709999978542328,0.1737000048160553
YDR180W,YHL022C,1,-3.027631,0.1353907436132431,0.2720000147819519,0.1737000048160553
YCL027W,YHR175W,0,-3.0285983,0.1353233903646469,0.2720000147819519,0.1738000065088272
YPL146C,YLR045C,0,-3.028651,0.1352560967206955,0.2720000147819519,0.17389999330043793
YJL058C,YIL010W,0,-3.0286891,0.13518886268138885,0.2720000147819519,0.17399999499320984
YPR080W,YMR081C,0,-3.0288785,0.13512170314788818,0.2720000147819519,0.17409999668598175
YOL033W,YBR083W,0,-3.0293334,0.13505461812019348,0.2720000147819519,0.17419999837875366
YHL009C,YDR040C,0,-3.0293472,0.13498759269714355,0.2720000147819519,0.17430000007152557
YKL099C,YGL063W,0,-3.0304391,0.1349206417798996,0.2720000147819519,0.17440000176429749
YDR365C,YDR359C,0,-3.0304463,0.13485375046730042,0.2720000147819519,0.1745000034570694
YHR089C,YMR267W,0,-3.0309741,0.134786918759346,0.2720000147819519,0.1746000051498413
YCR092C,YDL227C,1,-3.0310588,0.13521544635295868,0.27300000190734863,0.1746000051498413
YHR167W,YPL127C,1,-3.0311346,0.13564357161521912,0.27399998903274536,0.1746000051498413
YHR052W,YER030W,0,-3.0311592,0.13557644188404083,0.27399998903274536,0.17470000684261322
YHR039C,YOL072W,1,-3.032087,0.13600395619869232,0.2750000059604645,0.17470000684261322
YPR201W,YJR119C,0,-3.0325994,0.13593672215938568,0.2750000059604645,0.17479999363422394
YFL016C,YER174C,0,-3.0327609,0.135869562625885,0.2750000059604645,0.17489999532699585
YHR072W-A,YOR231W,0,-3.0327773,0.1358024626970291,0.2750000059604645,0.17499999701976776
YFL011W,YIL112W,0,-3.033213,0.1357354372739792,0.2750000059604645,0.17509999871253967
YDR180W,YPL194W,1,-3.0339441,0.13616181910037994,0.2759999930858612,0.17509999871253967
YPR042C,YDR227W,0,-3.034372,0.13609467446804047,0.2759999930858612,0.17520000040531158
YJL134W,YLR129W,0,-3.0345128,0.13602760434150696,0.2759999930858612,0.1753000020980835
YER035W,YPL046C,0,-3.0349605,0.13596059381961823,0.2759999930858612,0.1754000037908554
YNL136W,YJR153W,0,-3.0350091,0.13589364290237427,0.2759999930858612,0.17550000548362732
YFL010W-A,YOR129C,0,-3.0352504,0.13582676649093628,0.2759999930858612,0.17560000717639923
YDR545W,YDR289C,1,-3.0356004,0.13625185191631317,0.2770000100135803,0.17560000717639923
YOR266W,YIL034C,0,-3.0365536,0.13618485629558563,0.2770000100135803,0.17569999396800995
YMR239C,YBL051C,0,-3.0367615,0.13611793518066406,0.2770000100135803,0.17579999566078186
YLL012W,YGL011C,0,-3.0367634,0.13605107367038727,0.2770000100135803,0.17589999735355377
YBR132C,YPL028W,0,-3.037019,0.13598428666591644,0.2770000100135803,0.17599999904632568
YGL163C,YOL104C,1,-3.0376341,0.1364082396030426,0.27799999713897705,0.17599999904632568
YHR067W,YBR243C,0,-3.0378034,0.13634134829044342,0.27799999713897705,0.1761000007390976
YDR277C,YHR099W,0,-3.037946,0.136274516582489,0.27799999713897705,0.1762000024318695
YHR020W,YGL158W,0,-3.0381985,0.13620774447917938,0.27799999713897705,0.17630000412464142
YLR442C,YHR072W-A,0,-3.0384824,0.13614103198051453,0.27799999713897705,0.17640000581741333
YCR014C,YMR093W,0,-3.0388725,0.13607439398765564,0.27799999713897705,0.17649999260902405
YDR545W,YHR154W,1,-3.0390213,0.13649706542491913,0.27900001406669617,0.17649999260902405
YDR030C,YCL034W,0,-3.0390966,0.13643032312393188,0.27900001406669617,0.17659999430179596
YER126C,YGL158W,0,-3.0397713,0.13636364042758942,0.27900001406669617,0.17669999599456787
YKL201C,YMR079W,0,-3.0398219,0.13629701733589172,0.27900001406669617,0.17679999768733978
YFL004W,YHL047C,0,-3.0404062,0.13623046875,0.27900001406669617,0.1768999993801117
YAL029C,YDL227C,1,-3.04104,0.13665202260017395,0.2800000011920929,0.1768999993801117
YGR077C,YDL245C,0,-3.0410912,0.13658536970615387,0.2800000011920929,0.1770000010728836
YLR205C,YDL101C,0,-3.041563,0.13651877641677856,0.2800000011920929,0.17710000276565552
YDR523C,YOR078W,0,-3.0424063,0.13645224273204803,0.2800000011920929,0.17720000445842743
YGL254W,YLR131C,0,-3.0430896,0.13638578355312347,0.2800000011920929,0.17730000615119934
YGL018C,YFL022C,0,-3.0435297,0.1363193839788437,0.2800000011920929,0.17739999294281006
YJL108C,YER042W,0,-3.0437686,0.13625304400920868,0.2800000011920929,0.17749999463558197
YML028W,YJR059W,0,-3.0439584,0.13618676364421844,0.2800000011920929,0.17759999632835388
YJR147W,YBR041W,0,-3.0446286,0.13612055778503418,0.2800000011920929,0.1776999980211258
YDR072C,YHR023W,0,-3.0448158,0.13605442643165588,0.2800000011920929,0.1777999997138977
YMR165C,YIL034C,0,-3.04507,0.13598833978176117,0.2800000011920929,0.17790000140666962
YMR202W,YIL159W,0,-3.0454657,0.13592232763767242,0.2800000011920929,0.17800000309944153
YOR056C,YKR061W,0,-3.045572,0.13585637509822845,0.2800000011920929,0.17810000479221344
YGL201C,YGL089C,0,-3.0456667,0.13579049706459045,0.2800000011920929,0.17820000648498535
YPR070W,YHR072W-A,0,-3.045884,0.13572467863559723,0.2800000011920929,0.17829999327659607
YNL080C,YEL004W,0,-3.0458868,0.13565891981124878,0.2800000011920929,0.17839999496936798
YBR243C,YDL044C,0,-3.045938,0.1355932205915451,0.2800000011920929,0.1784999966621399
YPR046W,YHR169W,0,-3.0466125,0.1355275958776474,0.2800000011920929,0.1785999983549118
YOR334W,YBR156C,0,-3.0467741,0.13546201586723328,0.2800000011920929,0.17870000004768372
YFR055W,YOR026W,0,-3.0467916,0.13539652526378632,0.2800000011920929,0.17880000174045563
YNL080C,YGR289C,0,-3.0467927,0.13533107936382294,0.2800000011920929,0.17890000343322754
YNL031C,YBR169C,0,-3.0468419,0.13526569306850433,0.2800000011920929,0.17900000512599945
YDL229W,YNL164C,0,-3.047764,0.1352003812789917,0.2800000011920929,0.17910000681877136
YHR039C,YPL283C,1,-3.0478814,0.13561776280403137,0.2809999883174896,0.17910000681877136
YHR039C,YGL175C,1,-3.0479138,0.13603472709655762,0.28200000524520874,0.17910000681877136
YGR264C,YHR164C,0,-3.0486095,0.1359691470861435,0.28200000524520874,0.17919999361038208
YDR447C,YJL005W,0,-3.0489802,0.13590361177921295,0.28200000524520874,0.179299995303154
YGR089W,YHR116W,0,-3.049606,0.13583815097808838,0.28200000524520874,0.1793999969959259
YHR020W,YNL182C,0,-3.0503974,0.13577274978160858,0.28200000524520874,0.17949999868869781
YHR089C,YMR192W,0,-3.0504768,0.13570740818977356,0.28200000524520874,0.17960000038146973
YDR545W,YLL002W,1,-3.0506232,0.13612313568592072,0.28299999237060547,0.17960000038146973
YDR446W,YGR296W,1,-3.05075,0.13653846085071564,0.2840000092983246,0.17960000038146973
YPL132W,YJL101C,0,-3.050936,0.13647285103797913,0.2840000092983246,0.17970000207424164
YGR257C,YGL030W,0,-3.051018,0.1364073008298874,0.2840000092983246,0.17980000376701355
YER070W,YJL029C,0,-3.0511646,0.13634181022644043,0.2840000092983246,0.17990000545978546
YNL164C,YOR313C,0,-3.0520222,0.13627639412879944,0.2840000092983246,0.18000000715255737
YPL167C,YJL005W,0,-3.0520408,0.13621103763580322,0.2840000092983246,0.1800999939441681
YOR267C,YIL061C,0,-3.0529683,0.13614574074745178,0.2840000092983246,0.18019999563694
YNL279W,YJR158W,0,-3.0541275,0.13608050346374512,0.2840000092983246,0.18029999732971191
YOR237W,YCR009C,0,-3.0541842,0.13601532578468323,0.2840000092983246,0.18039999902248383
YBR085W,YLR371W,0,-3.0542684,0.1359502226114273,0.2840000092983246,0.18050000071525574
YHR196W,YFL055W,0,-3.054526,0.13588516414165497,0.2840000092983246,0.18060000240802765
YBL051C,YGL246C,0,-3.0545692,0.1358201801776886,0.2840000092983246,0.18070000410079956
YIR017C,YPR081C,0,-3.0546572,0.135755255818367,0.2840000092983246,0.18080000579357147
YPR122W,YDL113C,0,-3.055669,0.13569039106369019,0.2840000092983246,0.1808999925851822
YKL032C,YHR089C,0,-3.055685,0.13562560081481934,0.2840000092983246,0.1809999942779541
YKR039W,YER126C,0,-3.0561197,0.13556085526943207,0.2840000092983246,0.181099995970726
YPR122W,YER142C,0,-3.0562017,0.13549618422985077,0.2840000092983246,0.18119999766349792
YOL002C,YML075C,0,-3.0563023,0.13543157279491425,0.2840000092983246,0.18129999935626984
YML029W,YPL093W,0,-3.0564954,0.1353670209646225,0.2840000092983246,0.18140000104904175
YPL096C-A,YIL115C,0,-3.0565994,0.13530252873897552,0.2840000092983246,0.18150000274181366
YML080W,YPL231W,0,-3.0569177,0.13523809611797333,0.2840000092983246,0.18160000443458557
YHL022C,YHR154W,1,-3.057052,0.1356496959924698,0.2849999964237213,0.18160000443458557
YMR287C,YKL143W,0,-3.0572562,0.13558515906333923,0.2849999964237213,0.18170000612735748
YPL121C,YER147C,1,-3.0577486,0.13599619269371033,0.28600001335144043,0.18170000612735748
YML113W,YOR317W,0,-3.0579784,0.1359315663576126,0.28600001335144043,0.1817999929189682
YOL108C,YDR523C,0,-3.058126,0.13586698472499847,0.28600001335144043,0.1818999946117401
YBR009C,YGL169W,0,-3.0582216,0.1358024626970291,0.28600001335144043,0.18199999630451202
YGL014W,YEL051W,0,-3.0590649,0.13573801517486572,0.28600001335144043,0.18209999799728394
YNL310C,YJL157C,0,-3.0593007,0.1356736272573471,0.28600001335144043,0.18219999969005585
YLR224W,YCR081W,0,-3.060055,0.13560929894447327,0.28600001335144043,0.18230000138282776
YLR214W,YDR356W,0,-3.0602129,0.1355450302362442,0.28600001335144043,0.18240000307559967
YDR083W,YJR001W,0,-3.0603814,0.1354808211326599,0.28600001335144043,0.18250000476837158
YDR523C,YPL045W,0,-3.0605452,0.1354166716337204,0.28600001335144043,0.1826000064611435
YGL249W,YDR227W,0,-3.060827,0.13535258173942566,0.28600001335144043,0.1826999932527542
YAL054C,YBR182C,0,-3.0616803,0.1352885514497757,0.28600001335144043,0.18279999494552612
YEL004W,YER025W,0,-3.061991,0.1352245807647705,0.28600001335144043,0.18289999663829803
YGL249W,YDR394W,0,-3.0629432,0.1351606845855713,0.28600001335144043,0.18299999833106995
YMR048W,YHL047C,0,-3.0629985,0.13509683310985565,0.28600001335144043,0.18310000002384186
YPR075C,YDR384C,0,-3.0631368,0.13503305613994598,0.28600001335144043,0.18320000171661377
YFL026W,YNL029C,0,-3.0631478,0.1349693238735199,0.28600001335144043,0.18330000340938568
YLR025W,YGL075C,0,-3.063604,0.13490566611289978,0.28600001335144043,0.1834000051021576
YKR019C,YOL121C,0,-3.06367,0.13484205305576324,0.28600001335144043,0.1835000067949295
YER190W,YNL082W,1,-3.0636785,0.1352497637271881,0.28700000047683716,0.1835000067949295
YDR011W,YDL093W,0,-3.06407,0.1351860612630844,0.28700000047683716,0.18359999358654022
YER106W,YKL114C,0,-3.0655687,0.1351224035024643,0.28700000047683716,0.18369999527931213
YCR092C,YHR039C,1,-3.0658162,0.13552941381931305,0.2879999876022339,0.18369999527931213
YBL061C,YLR320W,0,-3.066055,0.13546566665172577,0.2879999876022339,0.18379999697208405
YPL091W,YMR011W,0,-3.066601,0.13540197908878326,0.2879999876022339,0.18389999866485596
YNL026W,YMR173W,0,-3.0668838,0.13533835113048553,0.2879999876022339,0.18400000035762787
YPR080W,YHL006C,0,-3.0670435,0.13527478277683258,0.2879999876022339,0.18410000205039978
YGR060W,YOR319W,0,-3.0671024,0.1352112740278244,0.2879999876022339,0.1842000037431717
YJL090C,YGR296W,1,-3.067778,0.13561707735061646,0.289000004529953,0.1842000037431717
YNL286W,YPR143W,0,-3.0678275,0.13555346429347992,0.289000004529953,0.1843000054359436
YHL022C,YIR025W,1,-3.0681274,0.1359587460756302,0.28999999165534973,0.1843000054359436
YJL100W,YHR072W-A,0,-3.068288,0.1358950287103653,0.28999999165534973,0.18440000712871552
YLR324W,YNL259C,0,-3.068362,0.13583138585090637,0.28999999165534973,0.18449999392032623
YMR270C,YML008C,0,-3.0683808,0.13576778769493103,0.28999999165534973,0.18459999561309814
YPL235W,YNR060W,0,-3.0688097,0.13570426404476166,0.28999999165534973,0.18469999730587006
YCL066W,YAL058W,0,-3.0689201,0.13564078509807587,0.28999999165534973,0.18479999899864197
YIL123W,YNR072W,0,-3.0690234,0.13557736575603485,0.28999999165534973,0.18490000069141388
YKL134C,YFR019W,0,-3.0691874,0.1355140209197998,0.28999999165534973,0.1850000023841858
YML028W,YBR020W,0,-3.0693371,0.13545072078704834,0.28999999165534973,0.1851000040769577
YKL043W,YDR270W,0,-3.0696037,0.13538749516010284,0.28999999165534973,0.18520000576972961
YDL161W,YNL072W,0,-3.069693,0.13532431423664093,0.28999999165534973,0.18529999256134033
YER044C-A,YJR021C,1,-3.069793,0.13572761416435242,0.29100000858306885,0.18529999256134033
YNR001C,YGL222C,0,-3.0709374,0.13566432893276215,0.29100000858306885,0.18539999425411224
YGR275W,YHR007C,0,-3.0710263,0.13560111820697784,0.29100000858306885,0.18549999594688416
YAL005C,YDR195W,0,-3.0720365,0.13553796708583832,0.29100000858306885,0.18559999763965607
YML073C,YDR342C,0,-3.0728476,0.13547486066818237,0.29100000858306885,0.18569999933242798
YPR193C,YMR060C,0,-3.0739279,0.1354118138551712,0.29100000858306885,0.1858000010251999
YCR014C,YGL037C,0,-3.0742931,0.135348841547966,0.29100000858306885,0.1859000027179718
YMR138W,YDR283C,0,-3.0762584,0.13528591394424438,0.29100000858306885,0.1860000044107437
YDL132W,YIL046W,0,-3.076328,0.13522304594516754,0.29100000858306885,0.18610000610351562
YML075C,YNL182C,0,-3.0769153,0.13516023755073547,0.29100000858306885,0.18619999289512634
YMR199W,YDR382W,0,-3.0769546,0.13509748876094818,0.29100000858306885,0.18629999458789825
YHL022C,YJR021C,1,-3.07702,0.13549883663654327,0.2919999957084656,0.18629999458789825
YGL093W,YGR122W,0,-3.0772827,0.13543599843978882,0.2919999957084656,0.18639999628067017
YFL010W-A,YOL016C,0,-3.077487,0.13537320494651794,0.2919999957084656,0.18649999797344208
YEL036C,YLL015W,0,-3.0775015,0.13531047105789185,0.2919999957084656,0.186599999666214
YNR002C,YBL006C,0,-3.0780108,0.13524779677391052,0.2919999957084656,0.1867000013589859
YAR003W,YGR180C,0,-3.0783222,0.13518518209457397,0.2919999957084656,0.1868000030517578
YDR235W,YLL034C,0,-3.0785887,0.1351226270198822,0.2919999957084656,0.18690000474452972
YPR046W,YEL069C,0,-3.0789192,0.1350601315498352,0.2919999957084656,0.18700000643730164
YLR394W,YDR306C,0,-3.0791206,0.13499769568443298,0.2919999957084656,0.18709999322891235
YDR358W,YPL091W,0,-3.079747,0.13493530452251434,0.2919999957084656,0.18719999492168427
YAL033W,YOR317W,0,-3.0797668,0.13487297296524048,0.2919999957084656,0.18729999661445618
YLR136C,YNL172W,0,-3.080344,0.13481071591377258,0.2919999957084656,0.1873999983072281
YGL096W,YJL101C,0,-3.0805192,0.13474850356578827,0.2919999957084656,0.1875
YLR335W,YDR240C,0,-3.0805962,0.13468635082244873,0.2919999957084656,0.1876000016927719
YGL136C,YJL214W,0,-3.0806642,0.13462425768375397,0.2919999957084656,0.18770000338554382
YER089C,YPL152W,0,-3.0806644,0.13456220924854279,0.2919999957084656,0.18780000507831573
YIL031W,YGL075C,0,-3.0807588,0.13450023531913757,0.2919999957084656,0.18790000677108765
YKL208W,YPR191W,0,-3.0810096,0.13443830609321594,0.2919999957084656,0.18799999356269836
YML047C,YML091C,0,-3.0811167,0.1343764364719391,0.2919999957084656,0.18809999525547028
YDL030W,YDR283C,0,-3.0812075,0.134314626455307,0.2919999957084656,0.1881999969482422
YFL031W,YGL169W,0,-3.0815294,0.1342528760433197,0.2919999957084656,0.1882999986410141
YCR010C,YER174C,0,-3.0817573,0.13419117033481598,0.2919999957084656,0.188400000333786
YLR467W,YER147C,1,-3.081949,0.13458888232707977,0.2930000126361847,0.188400000333786
YDR369C,YDR446W,1,-3.0823052,0.13498622179031372,0.2939999997615814,0.188400000333786
YPL124W,YNR075W,0,-3.0828302,0.1349242776632309,0.2939999997615814,0.18850000202655792
YPL121C,YNL088W,1,-3.0834541,0.13532109558582306,0.29499998688697815,0.18850000202655792
YNR032C-A,YPR034W,0,-3.0838683,0.13525906205177307,0.29499998688697815,0.18860000371932983
YGR258C,YPR173C,0,-3.0840595,0.13519707322120667,0.29499998688697815,0.18870000541210175
YJL164C,YPR138C,0,-3.0840802,0.13513512909412384,0.29499998688697815,0.18880000710487366
YDR516C,YOR099W,0,-3.0840986,0.13507325947284698,0.29499998688697815,0.18889999389648438
YDR180W,YOL104C,1,-3.085427,0.13546910881996155,0.29600000381469727,0.18889999389648438
YNL020C,YLR304C,0,-3.0856175,0.13540713489055634,0.29600000381469727,0.1889999955892563
YOR008C,YFR053C,0,-3.085772,0.1353452205657959,0.29600000381469727,0.1890999972820282
YLL012W,YBR065C,0,-3.0859776,0.13528336584568024,0.29600000381469727,0.1891999989748001
YPR016C,YPL021W,0,-3.0864298,0.13522155582904816,0.29600000381469727,0.18930000066757202
YGR091W,YAL030W,0,-3.086993,0.13515982031822205,0.29600000381469727,0.18940000236034393
YBL004W,YCR020W-B,0,-3.0872586,0.13509812951087952,0.29600000381469727,0.18950000405311584
YHL022C,YER173W,1,-3.0873604,0.1354926973581314,0.296999990940094,0.18950000405311584
YPL132W,YDR503C,0,-3.0881662,0.13543091714382172,0.296999990940094,0.18960000574588776
YML001W,YNL182C,0,-3.0883348,0.1353691816329956,0.296999990940094,0.18970000743865967
YNL222W,YGL227W,0,-3.088555,0.13530752062797546,0.296999990940094,0.18979999423027039
YER106W,YEL030W,0,-3.088568,0.1352459043264389,0.296999990940094,0.1898999959230423
YLR451W,YDR385W,0,-3.0887244,0.13518434762954712,0.296999990940094,0.1899999976158142
YHR023W,YHR205W,0,-3.0889044,0.13512283563613892,0.296999990940094,0.19009999930858612
YER044C,YMR168C,0,-3.088964,0.13506139814853668,0.296999990940094,0.19020000100135803
YFL031W,YEL024W,0,-3.089106,0.13500000536441803,0.296999990940094,0.19030000269412994
YGL225W,YDL098C,0,-3.0894957,0.13493865728378296,0.296999990940094,0.19040000438690186
YLR115W,YER028C,0,-3.089503,0.13487738370895386,0.296999990940094,0.19050000607967377
YIL031W,YJL091C,0,-3.0897348,0.13481615483760834,0.296999990940094,0.19059999287128448
YGL008C,YMR165C,0,-3.0899475,0.1347549855709076,0.296999990940094,0.1906999945640564
YKL208W,YBR026C,0,-3.0903141,0.13469387590885162,0.296999990940094,0.1907999962568283
YNL075W,YGL075C,0,-3.0904205,0.13463282585144043,0.296999990940094,0.19089999794960022
YMR190C,YNL339C,1,-3.090816,0.13502492010593414,0.2980000078678131,0.19089999794960022
YPL155C,YGR200C,0,-3.0909457,0.1349637657403946,0.2980000078678131,0.19099999964237213
YPL132W,YDL200C,0,-3.0912542,0.13490267097949982,0.2980000078678131,0.19110000133514404
YLR136C,YOL067C,0,-3.0913806,0.13484163582324982,0.2980000078678131,0.19120000302791595
YOR377W,YGL255W,0,-3.0914812,0.1347806453704834,0.2980000078678131,0.19130000472068787
YMR080C,YOR313C,0,-3.0917122,0.13471971452236176,0.2980000078678131,0.19140000641345978
YNL299W,YGL206C,0,-3.0926163,0.1346588283777237,0.2980000078678131,0.1914999932050705
YDR240C,YDL024C,0,-3.0931664,0.1345980167388916,0.2980000078678131,0.1915999948978424
YJL076W,YMR175W,0,-3.093358,0.1345372498035431,0.2980000078678131,0.19169999659061432
YEL024W,YDR201W,0,-3.0935938,0.13447652757167816,0.2980000078678131,0.19179999828338623
YPL057C,YDR046C,0,-3.094081,0.1344158798456192,0.2980000078678131,0.19189999997615814
YCL024W,YGL014W,0,-3.0943909,0.13435527682304382,0.2980000078678131,0.19200000166893005
YOR060C,YBR084W,0,-3.0947263,0.13429473340511322,0.2980000078678131,0.19210000336170197
YNL312W,YNL339C,1,-3.0952654,0.13468468189239502,0.29899999499320984,0.19210000336170197
YNL118C,YBL064C,0,-3.0955687,0.13462404906749725,0.29899999499320984,0.19220000505447388
YEL065W,YPL050C,0,-3.096452,0.13456346094608307,0.29899999499320984,0.1923000067472458
YAL054C,YNL218W,0,-3.098715,0.13450291752815247,0.29899999499320984,0.1923999935388565
YOR020C,YLR320W,0,-3.0987403,0.13444244861602783,0.29899999499320984,0.19249999523162842
YPL127C,YGL175C,1,-3.0994346,0.13483145833015442,0.30000001192092896,0.19249999523162842
YDR276C,YOL158C,0,-3.0995061,0.13477088510990143,0.30000001192092896,0.19259999692440033
YLR139C,YKL165C,0,-3.099633,0.1347103714942932,0.30000001192092896,0.19269999861717224
YHR120W,YLL012W,0,-3.1007397,0.13464991748332977,0.30000001192092896,0.19280000030994415
YLR240W,YDR320C-A,0,-3.1009533,0.13458950817584991,0.30000001192092896,0.19290000200271606
YOL080C,YDR145W,0,-3.1016648,0.13452914357185364,0.30000001192092896,0.19300000369548798
YDR516C,YPL178W,0,-3.1017225,0.13446885347366333,0.30000001192092896,0.1931000053882599
YDL095W,YPL211W,0,-3.1022608,0.1344086080789566,0.30000001192092896,0.1932000070810318
YPL015C,YNL339C,1,-3.102475,0.13479623198509216,0.3009999990463257,0.1932000070810318
YMR199W,YGL035C,0,-3.1026888,0.13473589718341827,0.3009999990463257,0.19329999387264252
YKL025C,YLR129W,0,-3.1029418,0.13467562198638916,0.3009999990463257,0.19339999556541443
YFL009W,YBR084W,0,-3.1032958,0.13461539149284363,0.3009999990463257,0.19349999725818634
YMR202W,YHR164C,0,-3.1033902,0.13455520570278168,0.3009999990463257,0.19359999895095825
YGL055W,YCL059C,0,-3.1035225,0.1344950795173645,0.3009999990463257,0.19370000064373016
YGR159C,YLR023C,0,-3.103594,0.1344350129365921,0.3009999990463257,0.19380000233650208
YDR449C,YGR170W,0,-3.1036363,0.13437500596046448,0.3009999990463257,0.193900004029274
YPL239W,YER044C,0,-3.1036773,0.13431504368782043,0.3009999990463257,0.1940000057220459
YML088W,YOL016C,0,-3.1040184,0.13425512611865997,0.3009999990463257,0.1941000074148178
YER028C,YPR034W,0,-3.104172,0.1341952681541443,0.3009999990463257,0.19419999420642853
YEL062W,YOR315W,0,-3.1056902,0.13413546979427338,0.3009999990463257,0.19429999589920044
YMR165C,YKL059C,0,-3.1057928,0.13407573103904724,0.3009999990463257,0.19439999759197235
YKL035W,YGL244W,0,-3.1058292,0.1340160220861435,0.3009999990463257,0.19449999928474426
YNL148C,YKL178C,0,-3.1062064,0.13395638763904572,0.3009999990463257,0.19460000097751617
YDR093W,YMR232W,0,-3.1064076,0.13389679789543152,0.3009999990463257,0.19470000267028809
YHR174W,YFR040W,0,-3.1066182,0.1338372677564621,0.3009999990463257,0.19480000436306
YCR073C,YKR089C,0,-3.1067307,0.13377778232097626,0.3009999990463257,0.1949000060558319
YPL152W,YML008C,0,-3.106785,0.133718341588974,0.3009999990463257,0.19499999284744263
YOR250C,YMR247C,0,-3.1070461,0.1336589753627777,0.3009999990463257,0.19509999454021454
YKR087C,YGR175C,0,-3.107753,0.1335996389389038,0.3009999990463257,0.19519999623298645
YMR038C,YIL123W,0,-3.1085474,0.13354037702083588,0.3009999990463257,0.19529999792575836
YLR060W,YBR233W-A,0,-3.1085696,0.13348115980625153,0.3009999990463257,0.19539999961853027
YNL222W,YGL035C,0,-3.1087272,0.13342198729515076,0.3009999990463257,0.19550000131130219
YGR180C,YPR131C,0,-3.1089098,0.13336287438869476,0.3009999990463257,0.1956000030040741
YIL123W,YBR022W,0,-3.1092734,0.13330380618572235,0.3009999990463257,0.195700004696846
YOL124C,YDR195W,0,-3.1095197,0.13324479758739471,0.3009999990463257,0.19580000638961792
YBR298C,YHR023W,0,-3.1095803,0.13318583369255066,0.3009999990463257,0.19589999318122864
YPL274W,YDL148C,0,-3.1100361,0.13312692940235138,0.3009999990463257,0.19599999487400055
YOR162C,YBR112C,0,-3.1108663,0.13306808471679688,0.3009999990463257,0.19609999656677246
YGL043W,YLR234W,1,-3.110923,0.1334511637687683,0.3019999861717224,0.19609999656677246
YJL148W,YKL208W,0,-3.1110394,0.13339222967624664,0.3019999861717224,0.19619999825954437
YBL071W-A,YMR030W,0,-3.11116,0.13333334028720856,0.3019999861717224,0.19629999995231628
YPL040C,YMR059W,0,-3.111212,0.13327449560165405,0.3019999861717224,0.1964000016450882
YDL223C,YPL029W,0,-3.1117778,0.13321571052074432,0.3019999861717224,0.1965000033378601
YIL121W,YBR106W,0,-3.112333,0.13315697014331818,0.3019999861717224,0.19660000503063202
YPL124W,YOR272W,0,-3.1127985,0.1330982744693756,0.3019999861717224,0.19670000672340393
YGL093W,YER049W,0,-3.1130147,0.133039653301239,0.3019999861717224,0.19679999351501465
YDL154W,YHR154W,1,-3.1131625,0.1334214061498642,0.30300000309944153,0.19679999351501465
YOR100C,YLR223C,0,-3.1132548,0.13336268067359924,0.30300000309944153,0.19689999520778656
YDL080C,YEL026W,0,-3.113275,0.13330399990081787,0.30300000309944153,0.19699999690055847
YER038C,YER001W,0,-3.1138873,0.13324537873268127,0.30300000309944153,0.19709999859333038
YPL283C,YML062C,1,-3.1139932,0.13362637162208557,0.30399999022483826,0.19709999859333038
YDR030C,YDR483W,0,-3.1140306,0.1335676610469818,0.30399999022483826,0.1972000002861023
YIR015W,YGR094W,0,-3.1140313,0.13350901007652283,0.30399999022483826,0.1973000019788742
YEL022W,YNL164C,0,-3.1154013,0.13345038890838623,0.30399999022483826,0.19740000367164612
YOR354C,YPL283C,1,-3.1155102,0.13383062183856964,0.3050000071525574,0.19740000367164612
YMR049C,YDR151C,0,-3.1161168,0.13377192616462708,0.3050000071525574,0.19750000536441803
YNL246W,YML123C,0,-3.1162345,0.13371329009532928,0.3050000071525574,0.19760000705718994
YKL201C,YGL246C,0,-3.1162655,0.13365468382835388,0.3050000071525574,0.19769999384880066
YGL022W,YCR020C,0,-3.1166775,0.13359615206718445,0.3050000071525574,0.19779999554157257
YPL231W,YOL093W,0,-3.1168928,0.1335376501083374,0.3050000071525574,0.19789999723434448
YCR037C,YNR072W,0,-3.1170707,0.13347920775413513,0.3050000071525574,0.1979999989271164
YOR274W,YJL122W,0,-3.1173747,0.13342082500457764,0.3050000071525574,0.1981000006198883
YML011C,YIL034C,0,-3.1174076,0.13336248695850372,0.3050000071525574,0.19820000231266022
YPL127C,YLR467W,1,-3.1175869,0.13374125957489014,0.3059999942779541,0.19820000231266022
YOR341W,YBR091C,0,-3.1177394,0.13368283212184906,0.3059999942779541,0.19830000400543213
YCR018C,YDR385W,0,-3.1178176,0.13362444937229156,0.3059999942779541,0.19840000569820404
YNL111C,YLR071C,0,-3.1178515,0.13356612622737885,0.3059999942779541,0.19850000739097595
YJL173C,YPL283C,1,-3.1182683,0.13394415378570557,0.3070000112056732,0.19850000739097595
YDR147W,YER143W,0,-3.1188974,0.13388574123382568,0.3070000112056732,0.19859999418258667
YLL012W,YML127W,0,-3.1189234,0.13382737338542938,0.3070000112056732,0.19869999587535858
YNL307C,YIL150C,0,-3.119383,0.13376906514167786,0.3070000112056732,0.1987999975681305
YHR007C,YJL110C,0,-3.119537,0.1337108016014099,0.3070000112056732,0.1988999992609024
YJL001W,YLR131C,0,-3.1196744,0.13365259766578674,0.3070000112056732,0.19900000095367432
YHL022C,YOL072W,1,-3.120443,0.1340295970439911,0.30799999833106995,0.19900000095367432
YDL077C,YLR438C-A,0,-3.1207368,0.13397128880023956,0.30799999833106995,0.19910000264644623
YOR267C,YGL127C,0,-3.120861,0.1339130401611328,0.30799999833106995,0.19920000433921814
YPL015C,YDR545W,1,-3.1208856,0.1342894434928894,0.3089999854564667,0.19920000433921814
YGL090W,YHR088W,0,-3.122089,0.1342311054468155,0.3089999854564667,0.19930000603199005
YBL002W,YJR033C,0,-3.1225748,0.13417281210422516,0.3089999854564667,0.19939999282360077
YDR362C,YHR169W,0,-3.123313,0.1341145783662796,0.3089999854564667,0.19949999451637268
YLL013C,YIL046W,0,-3.1235588,0.13405640423297882,0.3089999854564667,0.1995999962091446
YMR190C,YDR097C,1,-3.1245987,0.13443191349506378,0.3100000023841858,0.1995999962091446
YPL283C,YNL139C,1,-3.1248593,0.13480710983276367,0.3109999895095825,0.1995999962091446
YDR479C,YNL142W,0,-3.1251724,0.1347486972808838,0.3109999895095825,0.1996999979019165
YNL026W,YML043C,0,-3.1253421,0.13469034433364868,0.3109999895095825,0.19979999959468842
YGR257C,YJR147W,0,-3.125725,0.13463203608989716,0.3109999895095825,0.19990000128746033
YOL028C,YEL022W,0,-3.1257622,0.1345737725496292,0.3109999895095825,0.20000000298023224
YLR221C,YCR081W,0,-3.126249,0.13451556861400604,0.3109999895095825,0.20010000467300415
YDR369C,YER179W,1,-3.1267416,0.13488975167274475,0.31200000643730164,0.20010000467300415
YOR367W,YDL039C,0,-3.127447,0.13483145833015442,0.31200000643730164,0.20020000636577606
YER106W,YLR371W,0,-3.1276577,0.13477322459220886,0.31200000643730164,0.20029999315738678
YDR244W,YLL036C,0,-3.1277049,0.1347150206565857,0.31200000643730164,0.2003999948501587
YNL029C,YJL101C,0,-3.1277215,0.1346568912267685,0.31200000643730164,0.2004999965429306
YDR320C-A,YOR027W,0,-3.12852,0.13459879159927368,0.31200000643730164,0.20059999823570251
YJL035C,YGR257C,0,-3.128798,0.13454075157642365,0.31200000643730164,0.20069999992847443
YBL106C,YPR128C,0,-3.1289644,0.1344827562570572,0.31200000643730164,0.20080000162124634
YKL049C,YOL067C,0,-3.1289804,0.1344248205423355,0.31200000643730164,0.20090000331401825
YGL249W,YKL139W,0,-3.1290264,0.1343669295310974,0.31200000643730164,0.20100000500679016
YMR270C,YOR120W,0,-3.1291094,0.1343090832233429,0.31200000643730164,0.20110000669956207
YML123C,YFL026W,0,-3.129328,0.13425129652023315,0.31200000643730164,0.2011999934911728
YDR353W,YGL194C,0,-3.1297977,0.134193554520607,0.31200000643730164,0.2012999951839447
YDL188C,YMR046C,0,-3.1302092,0.13413585722446442,0.31200000643730164,0.2013999968767166
YDR295C,YMR173W,0,-3.1302855,0.1340782195329666,0.31200000643730164,0.20149999856948853
YOR084W,YNL007C,0,-3.130349,0.1340206116437912,0.31200000643730164,0.20160000026226044
YIR002C,YGL158W,0,-3.1304772,0.13396307826042175,0.31200000643730164,0.20170000195503235
YPR010C,YFL021W,0,-3.1309512,0.1339055746793747,0.31200000643730164,0.20180000364780426
YDR361C,YNR072W,0,-3.1311388,0.1338481307029724,0.31200000643730164,0.20190000534057617
YLL012W,YKR003W,0,-3.1312053,0.1337907314300537,0.31200000643730164,0.20200000703334808
YLR216C,YFL021W,0,-3.1318724,0.13373339176177979,0.31200000643730164,0.2020999938249588
YER133W,YMR250W,0,-3.1322849,0.13367609679698944,0.31200000643730164,0.2021999955177307
YER133W,YNR060W,0,-3.132625,0.13361884653568268,0.31200000643730164,0.20229999721050262
YOR269W,YPL131W,0,-3.132755,0.1335616409778595,0.31200000643730164,0.20239999890327454
YJR150C,YGR170W,0,-3.1327868,0.1335044950246811,0.31200000643730164,0.20250000059604645
YIL117C,YIL154C,0,-3.1328743,0.13344739377498627,0.31200000643730164,0.20260000228881836
YOL121C,YPL007C,0,-3.1338208,0.13339033722877502,0.31200000643730164,0.20270000398159027
YJR046W,YPR007C,0,-3.1339467,0.13333334028720856,0.31200000643730164,0.20280000567436218
YDR106W,YDR153C,0,-3.1343765,0.13327637314796448,0.31200000643730164,0.2029000073671341
YML132W,YFL026W,0,-3.1344244,0.13321946561336517,0.31200000643730164,0.2029999941587448
YGL232W,YKR061W,0,-3.1344454,0.13316261768341064,0.31200000643730164,0.20309999585151672
YKL178C,YPL050C,0,-3.1346157,0.1331057995557785,0.31200000643730164,0.20319999754428864
YML049C,YMR202W,0,-3.1348488,0.13304904103279114,0.31200000643730164,0.20329999923706055
YHR089C,YNL267W,0,-3.1352527,0.13299232721328735,0.31200000643730164,0.20340000092983246
YNL026W,YKR079C,0,-3.1352684,0.13293565809726715,0.31200000643730164,0.20350000262260437
YMR186W,YNL136W,0,-3.1352932,0.13287904858589172,0.31200000643730164,0.20360000431537628
YJL148W,YGL207W,0,-3.1354525,0.13282248377799988,0.31200000643730164,0.2037000060081482
YKL125W,YPL026C,0,-3.1355891,0.1327659636735916,0.31200000643730164,0.2037999927997589
YNL130C,YMR104C,0,-3.1356313,0.13270948827266693,0.31200000643730164,0.20389999449253082
YJR121W,YHL036W,0,-3.1360908,0.13265305757522583,0.31200000643730164,0.20399999618530273
YDL153C,YHR006W,0,-3.1361942,0.1325966864824295,0.31200000643730164,0.20409999787807465
YOR130C,YGL158W,0,-3.1363304,0.13254036009311676,0.31200000643730164,0.20419999957084656
YLR399C,YDL130W,0,-3.136462,0.1324840784072876,0.31200000643730164,0.20430000126361847
YHR041C,YOL158C,0,-3.1366675,0.13242784142494202,0.31200000643730164,0.20440000295639038
YFR053C,YER026C,0,-3.1374145,0.1323716640472412,0.31200000643730164,0.2045000046491623
YGL078C,YKL220C,0,-3.1375191,0.1323155164718628,0.31200000643730164,0.2046000063419342
YBR296C,YNL072W,0,-3.137524,0.13225942850112915,0.31200000643730164,0.20469999313354492
YLR130C,YIL061C,0,-3.137955,0.1322033852338791,0.31200000643730164,0.20479999482631683
YDL084W,YGL063W,0,-3.138017,0.1321474015712738,0.31200000643730164,0.20489999651908875
YDR078C,YGR279C,0,-3.1383183,0.1320914477109909,0.31200000643730164,0.20499999821186066
YKL026C,YNL302C,0,-3.1383703,0.13203555345535278,0.31200000643730164,0.20509999990463257
YMR234W,YGR289C,0,-3.1383808,0.13197968900203705,0.31200000643730164,0.20520000159740448
YDL022W,YMR088C,0,-3.1385453,0.1319238841533661,0.31200000643730164,0.2053000032901764
YOL043C,YOL077C,0,-3.1386,0.1318681389093399,0.31200000643730164,0.2054000049829483
YOL049W,YMR250W,0,-3.138942,0.1318124234676361,0.31200000643730164,0.20550000667572021
YOR208W,YBR272C,0,-3.1391058,0.1317567527294159,0.31200000643730164,0.20559999346733093
YMR106C,YOR033C,1,-3.1394455,0.13212326169013977,0.31299999356269836,0.20559999346733093
YLR467W,YDR386W,1,-3.1399288,0.13248945772647858,0.3140000104904175,0.20559999346733093
YDR446W,YGL043W,1,-3.1401122,0.1328553408384323,0.3149999976158142,0.20559999346733093
YKL035W,YBR133C,0,-3.1406271,0.13279932737350464,0.3149999976158142,0.20569999516010284
YGL167C,YGR239C,0,-3.1408143,0.13274335861206055,0.3149999976158142,0.20579999685287476
YNL037C,YOR381W,0,-3.1412954,0.13268744945526123,0.3149999976158142,0.20589999854564667
YPL160W,YOL008W,0,-3.1416137,0.1326315850019455,0.3149999976158142,0.20600000023841858
YFR053C,YBR135W,0,-3.1419127,0.13257575035095215,0.3149999976158142,0.2061000019311905
YDL229W,YKL197C,0,-3.1423545,0.13251999020576477,0.3149999976158142,0.2062000036239624
YDL130W,YOR081C,0,-3.1425312,0.13246425986289978,0.3149999976158142,0.20630000531673431
YLR263W,YOR099W,0,-3.1427157,0.13240857422351837,0.3149999976158142,0.20640000700950623
YOR315W,YHR072W-A,0,-3.142899,0.13235294818878174,0.3149999976158142,0.20649999380111694
YBR160W,YGL035C,0,-3.143078,0.1322973519563675,0.3149999976158142,0.20659999549388885
YMR149W,YDL247W,0,-3.1431282,0.13224181532859802,0.3149999976158142,0.20669999718666077
YDR503C,YML081C-A,0,-3.143246,0.13218632340431213,0.3149999976158142,0.20679999887943268
YDR123C,YJL183W,0,-3.1436224,0.13213087618350983,0.3149999976158142,0.2069000005722046
YHR099W,YKR081C,0,-3.1437829,0.1320754736661911,0.3149999976158142,0.2070000022649765
YCR018C,YOL097C,0,-3.144381,0.13202011585235596,0.3149999976158142,0.2071000039577484
YIL009W,YGR091W,0,-3.1445398,0.1319648027420044,0.3149999976158142,0.20720000565052032
YHR193C,YGL151W,0,-3.1446178,0.1319095492362976,0.3149999976158142,0.20730000734329224
YOR007C,YMR011W,0,-3.1447856,0.1318543255329132,0.3149999976158142,0.20739999413490295
YHR152W,YBR012W-A,0,-3.1449609,0.13179916143417358,0.3149999976158142,0.20749999582767487
YJL122W,YMR021C,0,-3.1455638,0.13174404203891754,0.3149999976158142,0.20759999752044678
YPL124W,YNL182C,0,-3.1461961,0.13168896734714508,0.3149999976158142,0.2076999992132187
YER038C,YDR098C,0,-3.1468132,0.1316339373588562,0.3149999976158142,0.2078000009059906
YNL202W,YMR287C,0,-3.1469514,0.1315789520740509,0.3149999976158142,0.2079000025987625
YCL059C,YPL176C,0,-3.146952,0.1315240114927292,0.3149999976158142,0.20800000429153442
YCR091W,YDR147W,0,-3.1474235,0.13146911561489105,0.3149999976158142,0.20810000598430634
YHR042W,YLL061W,0,-3.1482553,0.1314142644405365,0.3149999976158142,0.20819999277591705
YDL227C,YOL006C,1,-3.148317,0.13177648186683655,0.3160000145435333,0.20819999277591705
YOL090W,YMR106C,1,-3.148531,0.13213838636875153,0.31700000166893005,0.20819999277591705
YPR021C,YPL211W,0,-3.149502,0.13208332657814026,0.31700000166893005,0.20829999446868896
YER044C-A,YJL173C,1,-3.1496737,0.1324448138475418,0.3179999887943268,0.20829999446868896
YOL067C,YPL209C,0,-3.1497755,0.13238967955112457,0.3179999887943268,0.20839999616146088
YDR485C,YGL037C,0,-3.1498616,0.13233457505702972,0.3179999887943268,0.2084999978542328
YER038C,YLR248W,0,-3.150171,0.13227953016757965,0.3179999887943268,0.2085999995470047
YGR055W,YGR116W,0,-3.151456,0.13222452998161316,0.3179999887943268,0.2087000012397766
YER035W,YHL047C,0,-3.151663,0.13216957449913025,0.3179999887943268,0.20880000293254852
YDR388W,YDR108W,0,-3.1521125,0.13211466372013092,0.3179999887943268,0.20890000462532043
YOL011W,YDL024C,0,-3.1522691,0.13205979764461517,0.3179999887943268,0.20900000631809235
YBR243C,YLR216C,0,-3.1523004,0.132004976272583,0.3179999887943268,0.20909999310970306
YER038C,YGR280C,0,-3.1527336,0.13195021450519562,0.3179999887943268,0.20919999480247498
YGR059W,YEL024W,0,-3.1534178,0.13189548254013062,0.3179999887943268,0.2092999964952469
YGR092W,YLR276C,0,-3.1534626,0.1318407952785492,0.3179999887943268,0.2093999981880188
YAL001C,YDR101C,0,-3.153576,0.13178615272045135,0.3179999887943268,0.2094999998807907
YAR007C,YOL104C,1,-3.154053,0.13214582204818726,0.3190000057220459,0.2094999998807907
YPL132W,YPL192C,0,-3.1541095,0.13209109008312225,0.3190000057220459,0.20960000157356262
YBR084W,YFL049W,0,-3.1549013,0.13203641772270203,0.3190000057220459,0.20970000326633453
YMR273C,YLL061W,0,-3.1564014,0.13198179006576538,0.3190000057220459,0.20980000495910645
YOR063W,YNL029C,0,-3.1570368,0.13192720711231232,0.3190000057220459,0.20990000665187836
YNL008C,YNL135C,0,-3.1570697,0.13187266886234283,0.3190000057220459,0.20999999344348907
YDR004W,YPR164W,1,-3.1572793,0.13223139941692352,0.3199999928474426,0.20999999344348907
YLR003C,YGL251C,0,-3.1575694,0.13217678666114807,0.3199999928474426,0.210099995136261
YCR031C,YLR370C,0,-3.157676,0.1321222186088562,0.3199999928474426,0.2101999968290329
YNL111C,YKR039W,0,-3.1578605,0.13206768035888672,0.3199999928474426,0.2102999985218048
YDL132W,YPL153C,0,-3.1578732,0.132013201713562,0.3199999928474426,0.21040000021457672
YIL128W,YJL101C,0,-3.1580017,0.1319587677717209,0.3199999928474426,0.21050000190734863
YGR085C,YOR130C,0,-3.158735,0.13190436363220215,0.3199999928474426,0.21060000360012054
YPL152W,YKR042W,0,-3.1594641,0.13185001909732819,0.3199999928474426,0.21070000529289246
YCR092C,YOL104C,1,-3.159713,0.13220757246017456,0.32100000977516174,0.21070000529289246
YGL089C,YDR483W,0,-3.1597412,0.13215315341949463,0.32100000977516174,0.21080000698566437
YJL148W,YOR069W,0,-3.1602123,0.13209876418113708,0.32100000977516174,0.21089999377727509
YFL009W,YHR169W,0,-3.1602724,0.13204441964626312,0.32100000977516174,0.210999995470047
YGR180C,YLR362W,0,-3.1602762,0.13199013471603394,0.32100000977516174,0.2110999971628189
YEL004W,YOR078W,0,-3.1603973,0.13193587958812714,0.32100000977516174,0.21119999885559082
YHR108W,YPL021W,0,-3.1606362,0.13188166916370392,0.32100000977516174,0.21130000054836273
YOR320C,YBR233W-A,0,-3.1611302,0.13182751834392548,0.32100000977516174,0.21140000224113464
YCL027W,YCL033C,0,-3.1620386,0.13177339732646942,0.32100000977516174,0.21150000393390656
YDR087C,YOR058C,0,-3.1622016,0.13171932101249695,0.32100000977516174,0.21160000562667847
YBL075C,YEL017C-A,0,-3.1623392,0.13166530430316925,0.32100000977516174,0.21170000731945038
YDL080C,YDR213W,0,-3.162722,0.13161131739616394,0.32100000977516174,0.2117999941110611
YGL008C,YOL113W,0,-3.1627233,0.1315573751926422,0.32100000977516174,0.211899995803833
YML078W,YJR119C,0,-3.1628287,0.13150347769260406,0.32100000977516174,0.21199999749660492
YJL179W,YBR156C,0,-3.1631267,0.1314496248960495,0.32100000977516174,0.21209999918937683
YDR121W,YFL010W-A,0,-3.163182,0.1313958317041397,0.32100000977516174,0.21220000088214874
YPL121C,YIR025W,1,-3.1636102,0.13175122439861298,0.32199999690055847,0.21220000088214874
YAR007C,YPL194W,1,-3.1638439,0.13210633397102356,0.3230000138282776,0.21220000088214874
YDL227C,YGL043W,1,-3.163952,0.13246116042137146,0.3240000009536743,0.21220000088214874
YEL012W,YFL055W,0,-3.16403,0.1324070245027542,0.3240000009536743,0.21230000257492065
YDL093W,YGL089C,0,-3.164632,0.13235294818878174,0.3240000009536743,0.21240000426769257
YDL154W,YHR039C,1,-3.1646492,0.13270722329616547,0.32499998807907104,0.21240000426769257
YPR046W,YPL117C,0,-3.1649377,0.13265305757522583,0.32499998807907104,0.21250000596046448
YIL056W,YDL153C,0,-3.1650543,0.13259893655776978,0.32499998807907104,0.2125999927520752
YPR108W,YKR059W,0,-3.1650844,0.1325448602437973,0.32499998807907104,0.2126999944448471
YOR033C,YJR021C,1,-3.1651008,0.1328984946012497,0.32600000500679016,0.2126999944448471
YBR114W,YGL065C,0,-3.1651676,0.13284432888031006,0.32600000500679016,0.21279999613761902
YMR204C,YLR197W,0,-3.1657076,0.1327902227640152,0.32600000500679016,0.21289999783039093
YNL127W,YPL160W,0,-3.1658256,0.13273616135120392,0.32600000500679016,0.21299999952316284
YNL257C,YLL034C,0,-3.1661112,0.13268212974071503,0.32600000500679016,0.21310000121593475
YBL003C,YKL022C,0,-3.1661637,0.1326281577348709,0.32600000500679016,0.21320000290870667
YFL037W,YIL013C,0,-3.1674526,0.13257421553134918,0.32600000500679016,0.21330000460147858
YNL286W,YPL146C,0,-3.167463,0.13252031803131104,0.32600000500679016,0.2134000062942505
YGR254W,YGR133W,0,-3.1678991,0.13246648013591766,0.32600000500679016,0.2134999930858612
YBR088C,YOL017W,0,-3.1681182,0.13241267204284668,0.32600000500679016,0.21359999477863312
YKL015W,YKL178C,0,-3.1684153,0.13235890865325928,0.32600000500679016,0.21369999647140503
YOR373W,YBR169C,0,-3.168658,0.13230518996715546,0.32600000500679016,0.21379999816417694
YIL139C,YER040W,0,-3.1690187,0.13225151598453522,0.32600000500679016,0.21389999985694885
YHR154W,YLR234W,1,-3.1690695,0.13260340690612793,0.3269999921321869,0.21389999985694885
YPR041W,YLR139C,0,-3.1705935,0.13254965841770172,0.3269999921321869,0.21400000154972076
YDR446W,YDR138W,1,-3.1706645,0.132901132106781,0.328000009059906,0.21400000154972076
YNL270C,YBL106C,0,-3.170857,0.13284730911254883,0.328000009059906,0.21410000324249268
YOL090W,YER147C,1,-3.1710865,0.13319838047027588,0.32899999618530273,0.21410000324249268
YDR129C,YGR091W,0,-3.1710885,0.13314448297023773,0.32899999618530273,0.2142000049352646
YNL128W,YGR086C,0,-3.1715906,0.13309061527252197,0.32899999618530273,0.2143000066280365
YAL015C,YGR211W,0,-3.1716168,0.1330367922782898,0.32899999618530273,0.21439999341964722
YOR266W,YDR481C,0,-3.171647,0.1329830288887024,0.32899999618530273,0.21449999511241913
YNL012W,YDR297W,0,-3.1717207,0.13292929530143738,0.32899999618530273,0.21459999680519104
YKR039W,YOR020C,0,-3.1726334,0.13287560641765594,0.32899999618530273,0.21469999849796295
YER127W,YKL008C,0,-3.1728277,0.1328219622373581,0.32899999618530273,0.21480000019073486
YGR264C,YPR122W,0,-3.1736038,0.13276836276054382,0.32899999618530273,0.21490000188350677
YGL014W,YHR082C,0,-3.1736195,0.13271480798721313,0.32899999618530273,0.2150000035762787
YIL053W,YOL033W,0,-3.174401,0.13266128301620483,0.32899999618530273,0.2151000052690506
YER070W,YOR148C,0,-3.1748374,0.1326078176498413,0.32899999618530273,0.2152000069618225
YDL014W,YEL019C,0,-3.1750329,0.13255439698696136,0.32899999618530273,0.21529999375343323
YMR133W,YER179W,1,-3.1750634,0.13290373980998993,0.33000001311302185,0.21529999375343323
YHR090C,YDR437W,0,-3.175341,0.13285024464130402,0.33000001311302185,0.21539999544620514
YAL047C,YKL178C,0,-3.1759713,0.1327967792749405,0.33000001311302185,0.21549999713897705
YDR432W,YKR022C,0,-3.1761427,0.13274335861206055,0.33000001311302185,0.21559999883174896
YAL025C,YDR183W,0,-3.176456,0.13268998265266418,0.33000001311302185,0.21570000052452087
YHR167W,YDL227C,1,-3.176778,0.13303858041763306,0.3310000002384186,0.21570000052452087
YPL121C,YDR097C,1,-3.1774387,0.13338689506053925,0.3319999873638153,0.21570000052452087
YGR109C,YMR236W,0,-3.1775405,0.13333334028720856,0.3319999873638153,0.21580000221729279
YDR243C,YGL253W,0,-3.177582,0.13327980041503906,0.3319999873638153,0.2159000039100647
YNL311C,YEL069C,0,-3.1782756,0.13322632014751434,0.3319999873638153,0.2160000056028366
YBR267W,YGR246C,0,-3.178323,0.1331728845834732,0.3319999873638153,0.21610000729560852
YBR098W,YMR190C,1,-3.1800258,0.1335204541683197,0.3330000042915344,0.21610000729560852
YNL021W,YMR173W,0,-3.180204,0.1334669291973114,0.3330000042915344,0.21619999408721924
YML047C,YMR198W,0,-3.1804197,0.13341346383094788,0.3330000042915344,0.21629999577999115
YDR377W,YHR164C,0,-3.1809852,0.13336002826690674,0.3330000042915344,0.21639999747276306
YDL154W,YGR296W,1,-3.1813054,0.1337069720029831,0.33399999141693115,0.21639999747276306
YDR453C,YOR349W,0,-3.1815424,0.133653461933136,0.33399999141693115,0.21649999916553497
YLR205C,YJR158W,0,-3.1816251,0.13359999656677246,0.33399999141693115,0.21660000085830688
YMR038C,YLR183C,0,-3.1820452,0.13354657590389252,0.33399999141693115,0.2167000025510788
YBL051C,YFL055W,0,-3.1823492,0.13349319994449615,0.33399999141693115,0.2168000042438507
YNR074C,YOR162C,0,-3.1826556,0.13343986868858337,0.33399999141693115,0.21690000593662262
YDR263C,YDL166C,0,-3.183286,0.13338658213615417,0.33399999141693115,0.21699999272823334
YDR451C,YHL003C,0,-3.1840866,0.13333334028720856,0.33399999141693115,0.21709999442100525
YBR172C,YMR046C,0,-3.1841052,0.13328012824058533,0.33399999141693115,0.21719999611377716
YDR004W,YJL173C,1,-3.1844711,0.1336258500814438,0.33500000834465027,0.21719999611377716
YGL018C,YDR385W,0,-3.1845472,0.1335725635290146,0.33500000834465027,0.21729999780654907
YGL075C,YBR234C,0,-3.1853974,0.13351933658123016,0.33500000834465027,0.21739999949932098
YNL130C,YBL030C,0,-3.1862614,0.13346613943576813,0.33500000834465027,0.2175000011920929
YDR106W,YDR279W,0,-3.186659,0.13341298699378967,0.33500000834465027,0.2176000028848648
YDL231C,YHR196W,0,-3.1869173,0.1333598792552948,0.33500000834465027,0.21770000457763672
YDR277C,YLR141W,0,-3.186918,0.13330680131912231,0.33500000834465027,0.21780000627040863
YJR059W,YGL158W,0,-3.1870677,0.1332537829875946,0.33500000834465027,0.21789999306201935
YHR188C,YGL158W,0,-3.187239,0.13320079445838928,0.33500000834465027,0.21799999475479126
YNL227C,YHR006W,0,-3.1884892,0.13314785063266754,0.33500000834465027,0.21809999644756317
YBR088C,YOL121C,0,-3.1885316,0.13309495151042938,0.33500000834465027,0.21819999814033508
YPL124W,YBR041W,0,-3.1886952,0.1330420970916748,0.33500000834465027,0.218299999833107
YMR273C,YGR060W,0,-3.1896248,0.1329892873764038,0.33500000834465027,0.2184000015258789
YMR190C,YER104W,1,-3.189841,0.13333334028720856,0.335999995470047,0.2184000015258789
YGL151W,YLR141W,0,-3.1901376,0.1332804411649704,0.335999995470047,0.21850000321865082
YCR020C,YPR009W,0,-3.1902914,0.13322760164737701,0.335999995470047,0.21860000491142273
YER015W,YOR317W,0,-3.1907482,0.13317479193210602,0.335999995470047,0.21870000660419464
YML047C,YNL281W,0,-3.191167,0.1331220269203186,0.335999995470047,0.21879999339580536
YFL025C,YFL026W,0,-3.1913135,0.13306930661201477,0.335999995470047,0.21889999508857727
YLL011W,YCR065W,0,-3.192154,0.13301663100719452,0.335999995470047,0.21899999678134918
YGR089W,YJL002C,0,-3.1926327,0.13296398520469666,0.335999995470047,0.2190999984741211
YDR180W,YNL312W,1,-3.1926744,0.13330696523189545,0.3370000123977661,0.2190999984741211
YPL106C,YNL299W,0,-3.192917,0.1332542449235916,0.3370000123977661,0.219200000166893
YKR079C,YGL021W,0,-3.1931305,0.13320158421993256,0.3370000123977661,0.21930000185966492
YDR363W-A,YGL206C,0,-3.1943133,0.1331489533185959,0.3370000123977661,0.21940000355243683
YOR267C,YLR130C,0,-3.1944153,0.1330963671207428,0.3370000123977661,0.21950000524520874
YPL137C,YDR126W,0,-3.194681,0.1330438256263733,0.3370000123977661,0.21960000693798065
YPL055C,YBR026C,0,-3.195225,0.13299131393432617,0.3370000123977661,0.21969999372959137
YPL270W,YDR256C,0,-3.1965177,0.13293886184692383,0.3370000123977661,0.21979999542236328
YBR243C,YML011C,0,-3.1967094,0.13288643956184387,0.3370000123977661,0.2198999971151352
YFR019W,YFL016C,0,-3.196781,0.1328340619802475,0.3370000123977661,0.2199999988079071
YGR178C,YHR082C,0,-3.197303,0.1327817142009735,0.3370000123977661,0.22010000050067902
YNL299W,YGR186W,0,-3.197312,0.1327294260263443,0.3370000123977661,0.22020000219345093
YBL071W-A,YNL142W,0,-3.1974077,0.13267716765403748,0.3370000123977661,0.22030000388622284
YJR158W,YPL151C,0,-3.1976955,0.13262495398521423,0.3370000123977661,0.22040000557899475
YFL009W,YOL017W,0,-3.197718,0.13257277011871338,0.3370000123977661,0.22050000727176666
YDR270W,YOR099W,0,-3.197872,0.1325206458568573,0.3370000123977661,0.22059999406337738
YBL084C,YPR138C,0,-3.1979578,0.1324685513973236,0.3370000123977661,0.2206999957561493
YDR285W,YDR213W,0,-3.1979628,0.1324165016412735,0.3370000123977661,0.2207999974489212
YLL006W,YMR290C,0,-3.1981742,0.13236449658870697,0.3370000123977661,0.22089999914169312
YBL097W,YGL246C,0,-3.199289,0.13231252133846283,0.3370000123977661,0.22100000083446503
YML091C,YHL047C,0,-3.1997268,0.13226059079170227,0.3370000123977661,0.22110000252723694
YNL136W,YML047C,0,-3.2001011,0.1322087049484253,0.3370000123977661,0.22120000422000885
YEL036C,YLR135W,0,-3.2001088,0.1321568638086319,0.3370000123977661,0.22130000591278076
YLR189C,YJL091C,0,-3.200446,0.1321050524711609,0.3370000123977661,0.22139999270439148
YDR398W,YAL001C,0,-3.2004712,0.13205328583717346,0.3370000123977661,0.2214999943971634
YOR260W,YGL063W,0,-3.2008746,0.13200156390666962,0.3370000123977661,0.2215999960899353
YEL065W,YER016W,0,-3.2009094,0.13194988667964935,0.3370000123977661,0.22169999778270721
YOL158C,YIL112W,0,-3.2009299,0.13189823925495148,0.3370000123977661,0.22179999947547913
YER001W,YJL127C,0,-3.2012382,0.13184663653373718,0.3370000123977661,0.22190000116825104
YDR389W,YER127W,0,-3.2014945,0.13179507851600647,0.3370000123977661,0.22200000286102295
YDR258C,YMR059W,0,-3.2016804,0.13174355030059814,0.3370000123977661,0.22210000455379486
YOR230W,YFL029C,0,-3.2020483,0.1316920667886734,0.3370000123977661,0.22220000624656677
YPR081C,YKL212W,0,-3.2028303,0.13164062798023224,0.3370000123977661,0.2222999930381775
YDR030C,YKR089C,0,-3.2033002,0.13158921897411346,0.3370000123977661,0.2223999947309494
YDL185W,YLL002W,1,-3.2035348,0.13192817568778992,0.33799999952316284,0.2223999947309494
YGR218W,YGL153W,0,-3.2036107,0.13187670707702637,0.33799999952316284,0.2224999964237213
YDR523C,YEL061C,0,-3.20387,0.1318252682685852,0.33799999952316284,0.22259999811649323
YNL148C,YDR120C,0,-3.204495,0.13177387416362762,0.33799999952316284,0.22269999980926514
YGL063W,YNL068C,0,-3.204775,0.13172252476215363,0.33799999952316284,0.22280000150203705
YPR193C,YER111C,0,-3.2048018,0.13167120516300201,0.33799999952316284,0.22290000319480896
YDR156W,YOR162C,0,-3.204804,0.13161993026733398,0.33799999952316284,0.22300000488758087
YHR135C,YDR270W,0,-3.2061331,0.13156870007514954,0.33799999952316284,0.22310000658035278
YPL140C,YGL171W,0,-3.2062008,0.13151751458644867,0.33799999952316284,0.2231999933719635
YNL186W,YIL072W,0,-3.2064257,0.1314663589000702,0.33799999952316284,0.2232999950647354
YHR108W,YGL251C,0,-3.2068024,0.1314152479171753,0.33799999952316284,0.22339999675750732
YBR133C,YNL172W,0,-3.206922,0.13136416673660278,0.33799999952316284,0.22349999845027924
YNR015W,YCR024C-A,0,-3.2073977,0.13131313025951385,0.33799999952316284,0.22360000014305115
YOR267C,YLR316C,0,-3.2075803,0.1312621384859085,0.33799999952316284,0.22370000183582306
YMR270C,YDL030W,0,-3.2076483,0.13121117651462555,0.33799999952316284,0.22380000352859497
YML019W,YJR022W,0,-3.2087638,0.13116025924682617,0.33799999952316284,0.22390000522136688
YGR211W,YOR047C,0,-3.208824,0.13110938668251038,0.33799999952316284,0.2240000069141388
YER070W,YPL053C,0,-3.2089493,0.13105854392051697,0.33799999952316284,0.2240999937057495
YBR267W,YLR340W,0,-3.2091594,0.13100774586200714,0.33799999952316284,0.22419999539852142
YIR017C,YOR346W,0,-3.2096741,0.1309569925069809,0.33799999952316284,0.22429999709129333
YPL043W,YKR037C,0,-3.2100365,0.13090626895427704,0.33799999952316284,0.22439999878406525
YDR273W,YHR096C,0,-3.2102885,0.13085559010505676,0.33799999952316284,0.22450000047683716
YGL183C,YNL082W,1,-3.210621,0.13119195401668549,0.33899998664855957,0.22450000047683716
YKL129C,YDR385W,0,-3.2108588,0.13114120066165924,0.33899998664855957,0.22460000216960907
YER164W,YBR296C,0,-3.2110193,0.13109049201011658,0.33899998664855957,0.22470000386238098
YKL035W,YGL017W,0,-3.2111232,0.1310398131608963,0.33899998664855957,0.2248000055551529
YPR140W,YDR173C,0,-3.2113051,0.1309891790151596,0.33899998664855957,0.2249000072479248
YPL256C,YOL108C,0,-3.2114244,0.1309385895729065,0.33899998664855957,0.22499999403953552
YKL081W,YCL067C,0,-3.2120726,0.13088802993297577,0.33899998664855957,0.22509999573230743
YHR039C,YML095C,1,-3.2127485,0.13122346997261047,0.3400000035762787,0.22509999573230743
YJL034W,YJL191W,0,-3.2131834,0.13117283582687378,0.3400000035762787,0.22519999742507935
YHR052W,YLR427W,0,-3.2132964,0.13112224638462067,0.3400000035762787,0.22529999911785126
YOR341W,YGL113W,0,-3.2133982,0.13107170164585114,0.3400000035762787,0.22540000081062317
YGR122W,YEL061C,0,-3.213475,0.13102120161056519,0.3400000035762787,0.22550000250339508
YMR015C,YGR279C,0,-3.2138488,0.13097073137760162,0.3400000035762787,0.225600004196167
YPL231W,YDR284C,0,-3.2138555,0.13092029094696045,0.3400000035762787,0.2257000058889389
YLR275W,YDR353W,0,-3.2148426,0.13086989521980286,0.3400000035762787,0.22579999268054962
YKL165C,YKL055C,0,-3.2152193,0.13081954419612885,0.3400000035762787,0.22589999437332153
YER111C,YHR197W,0,-3.215892,0.13076923787593842,0.3400000035762787,0.22599999606609344
YOL045W,YNR046W,0,-3.2159944,0.13071896135807037,0.3400000035762787,0.22609999775886536
YGL163C,YPR164W,1,-3.2163332,0.13105303049087524,0.3409999907016754,0.22609999775886536
YDR039C,YJL076W,0,-3.216444,0.13100269436836243,0.3409999907016754,0.22619999945163727
YOL121C,YPL110C,0,-3.217243,0.130952388048172,0.3409999907016754,0.22630000114440918
YMR177W,YDR252W,0,-3.2174983,0.13090211153030396,0.3409999907016754,0.2264000028371811
YER070W,YOL144W,0,-3.2175663,0.1308518797159195,0.3409999907016754,0.226500004529953
YBR041W,YGR103W,0,-3.2177298,0.13080169260501862,0.3409999907016754,0.22660000622272491
YGL006W,YKL182W,0,-3.2180517,0.13075153529644012,0.3409999907016754,0.22669999301433563
YBR132C,YML058W,0,-3.2181046,0.13070142269134521,0.3409999907016754,0.22679999470710754
YHR089C,YDR036C,0,-3.2184918,0.1306513398885727,0.3409999907016754,0.22689999639987946
YER172C,YKL139W,0,-3.2188833,0.13060130178928375,0.3409999907016754,0.22699999809265137
YBL061C,YDR173C,0,-3.219469,0.1305513083934784,0.3409999907016754,0.22709999978542328
YDL227C,YOR354C,1,-3.2196872,0.13088403642177582,0.34200000762939453,0.22709999978542328
YOR027W,YLR045C,0,-3.2198722,0.1308339685201645,0.34200000762939453,0.2272000014781952
YLR417W,YGL178W,0,-3.2199404,0.13078394532203674,0.34200000762939453,0.2273000031709671
YDR043C,YMR172W,0,-3.2200737,0.13073395192623138,0.34200000762939453,0.227400004863739
YPL042C,YGR123C,0,-3.2201116,0.1306839883327484,0.34200000762939453,0.22750000655651093
YIR009W,YDR492W,0,-3.2201898,0.13063406944274902,0.34200000762939453,0.22759999334812164
YLR467W,YML095C,1,-3.220957,0.13096602261066437,0.34299999475479126,0.22759999334812164
YIL061C,YLR056W,0,-3.221055,0.130916029214859,0.34299999475479126,0.22769999504089355
YDR091C,YKL042W,0,-3.2214203,0.13086608052253723,0.34299999475479126,0.22779999673366547
YGR171C,YGR070W,0,-3.2217858,0.13081617653369904,0.34299999475479126,0.22789999842643738
YGL183C,YBR136W,1,-3.2219918,0.13114753365516663,0.3440000116825104,0.22789999842643738
YNL036W,YNR049C,0,-3.2221274,0.13109755516052246,0.3440000116825104,0.2280000001192093
YDR072C,YGR214W,0,-3.22271,0.13104762136936188,0.3440000116825104,0.2281000018119812
YNR074C,YOR171C,0,-3.2228582,0.13099771738052368,0.3440000116825104,0.2282000035047531
YPL021W,YER146W,0,-3.223388,0.13094784319400787,0.3440000116825104,0.22830000519752502
YKR101W,YLR189C,0,-3.2236516,0.13089802861213684,0.3440000116825104,0.22840000689029694
YHR030C,YBL034C,0,-3.2241552,0.130848228931427,0.3440000116825104,0.22849999368190765
YOL090W,YLR234W,1,-3.224344,0.13117870688438416,0.3449999988079071,0.22849999368190765
YER111C,YOR290C,0,-3.2247682,0.13112884759902954,0.3449999988079071,0.22859999537467957
YHR172W,YJL122W,0,-3.225087,0.1310790330171585,0.3449999988079071,0.22869999706745148
YOR025W,YCL031C,0,-3.225459,0.13102924823760986,0.3449999988079071,0.2287999987602234
YCR073C,YBR179C,0,-3.2255995,0.1309794932603836,0.3449999988079071,0.2289000004529953
YHR023W,YBR199W,0,-3.2257073,0.13092979788780212,0.3449999988079071,0.2290000021457672
YER106W,YNL090W,0,-3.2259586,0.13088011741638184,0.3449999988079071,0.22910000383853912
YPR008W,YFL055W,0,-3.2262733,0.13083049654960632,0.3449999988079071,0.22920000553131104
YPR031W,YOR288C,0,-3.2263854,0.130780890583992,0.3449999988079071,0.22930000722408295
YOL121C,YMR175W,0,-3.2265618,0.13073134422302246,0.3449999988079071,0.22939999401569366
YFL021W,YAL017W,0,-3.2272692,0.1306818127632141,0.3449999988079071,0.22949999570846558
YOR144C,YER179W,1,-3.2279165,0.1310109794139862,0.34599998593330383,0.22949999570846558
YPR201W,YBR234C,0,-3.2279384,0.13096138834953308,0.34599998593330383,0.2295999974012375
YGR129W,YOL156W,0,-3.228034,0.13091184198856354,0.34599998593330383,0.2296999990940094
YDR342C,YJL198W,0,-3.2281287,0.13086232542991638,0.34599998593330383,0.2298000007867813
YKL086W,YPL271W,0,-3.228387,0.1308128535747528,0.34599998593330383,0.22990000247955322
YOR315W,YJR118C,0,-3.2284293,0.13076341152191162,0.34599998593330383,0.23000000417232513
YHR016C,YIL114C,0,-3.2287567,0.13071401417255402,0.34599998593330383,0.23010000586509705
YPL271W,YDR046C,0,-3.2287881,0.1306646466255188,0.34599998593330383,0.23019999265670776
YML114C,YDR043C,0,-3.229277,0.13061532378196716,0.34599998593330383,0.23029999434947968
YBL041W,YGL249W,0,-3.229529,0.13056603074073792,0.34599998593330383,0.2303999960422516
YDR146C,YDR225W,0,-3.2302043,0.13051678240299225,0.34599998593330383,0.2304999977350235
YGR278W,YDL081C,0,-3.2305777,0.13046757876873016,0.34599998593330383,0.2305999994277954
YNL053W,YGL232W,0,-3.2306497,0.13041839003562927,0.34599998593330383,0.23070000112056732
YLR003C,YCL016C,0,-3.2315884,0.13036926090717316,0.34599998593330383,0.23080000281333923
YDL223C,YIL016W,0,-3.231809,0.13032014667987823,0.34599998593330383,0.23090000450611115
YMR164C,YBL051C,0,-3.2318954,0.1302710771560669,0.34599998593330383,0.23100000619888306
YDR138W,YLR234W,1,-3.2321174,0.13059842586517334,0.34700000286102295,0.23100000619888306
YDR388W,YLR319C,0,-3.2321534,0.13054928183555603,0.34700000286102295,0.23109999299049377
YGR089W,YER094C,0,-3.232306,0.1305001825094223,0.34700000286102295,0.23119999468326569
YCR014C,YJR064W,0,-3.2327383,0.13045112788677216,0.34700000286102295,0.2312999963760376
YKL119C,YOR349W,0,-3.2329822,0.1304021030664444,0.34700000286102295,0.2313999980688095
YBR035C,YLR320W,0,-3.2343,0.13035312294960022,0.34700000286102295,0.23149999976158142
YLR189C,YDR423C,0,-3.2343805,0.13030417263507843,0.34700000286102295,0.23160000145435333
YOL076W,YBR156C,0,-3.2345679,0.13025525212287903,0.34700000286102295,0.23170000314712524
YBR276C,YGL194C,0,-3.2348292,0.1302063763141632,0.34700000286102295,0.23180000483989716
YKL166C,YIL154C,0,-3.234834,0.13015754520893097,0.34700000286102295,0.23190000653266907
YCL033C,YMR213W,0,-3.2349527,0.13010872900485992,0.34700000286102295,0.23199999332427979
YLR047C,YOR027W,0,-3.234977,0.13005997240543365,0.34700000286102295,0.2320999950170517
YGR142W,YAL031C,0,-3.2350032,0.13001124560832977,0.34700000286102295,0.2321999967098236
YML091C,YML127W,0,-3.2350512,0.12996254861354828,0.34700000286102295,0.23229999840259552
YGL089C,YJL065C,0,-3.2352931,0.12991389632225037,0.34700000286102295,0.23240000009536743
YHR016C,YGL019W,0,-3.236451,0.12986527383327484,0.34700000286102295,0.23250000178813934
YOR171C,YLR340W,0,-3.2368948,0.1298166811466217,0.34700000286102295,0.23260000348091125
YDR479C,YCL025C,0,-3.237087,0.12976813316345215,0.34700000286102295,0.23270000517368317
YDR398W,YBL034C,0,-3.2376068,0.12971962988376617,0.34700000286102295,0.23280000686645508
YHR183W,YKL055C,0,-3.2381318,0.1296711564064026,0.34700000286102295,0.2328999936580658
YJR158W,YKR039W,0,-3.238138,0.1296227127313614,0.34700000286102295,0.2329999953508377
YHR193C,YDR501W,0,-3.238272,0.12957431375980377,0.34700000286102295,0.23309999704360962
YDR432W,YOL045W,0,-3.2392676,0.12952594459056854,0.34700000286102295,0.23319999873638153
YPL055C,YDR191W,0,-3.2397282,0.1294776052236557,0.34700000286102295,0.23330000042915344
YFL025C,YFL039C,0,-3.2400508,0.12942931056022644,0.34700000286102295,0.23340000212192535
YOR349W,YPR137W,0,-3.240707,0.12938106060028076,0.34700000286102295,0.23350000381469727
YML028W,YFL016C,0,-3.241501,0.12933284044265747,0.34700000286102295,0.23360000550746918
YHR089C,YFL016C,0,-3.2415516,0.12928465008735657,0.34700000286102295,0.2337000072002411
YLR205C,YOL013C,0,-3.2416573,0.12923650443553925,0.34700000286102295,0.2337999939918518
YKR059W,YNL291C,0,-3.242311,0.1291883885860443,0.34700000286102295,0.23389999568462372
YDR076W,YJL173C,1,-3.2424214,0.1295124739408493,0.3479999899864197,0.23389999568462372
YER172C,YOR204W,0,-3.2428305,0.1294642835855484,0.3479999899864197,0.23399999737739563
YMR127C,YMR246W,0,-3.2434175,0.12941613793373108,0.3479999899864197,0.23409999907016754
YPL231W,YPL159C,0,-3.2436042,0.12936803698539734,0.3479999899864197,0.23420000076293945
YBL034C,YBL106C,0,-3.2439058,0.1293199509382248,0.3479999899864197,0.23430000245571136
YEL054C,YCR098C,0,-3.2439272,0.12927190959453583,0.3479999899864197,0.23440000414848328
YJL148W,YDR030C,0,-3.2440803,0.12922391295433044,0.3479999899864197,0.2345000058412552
YBR118W,YMR135C,0,-3.2440984,0.12917594611644745,0.3479999899864197,0.2345999926328659
YCL066W,YNL101W,0,-3.2441285,0.12912800908088684,0.3479999899864197,0.23469999432563782
YKL009W,YKR029C,0,-3.2447858,0.12908011674880981,0.3479999899864197,0.23479999601840973
YPR163C,YOR030W,0,-3.2449367,0.12903225421905518,0.3479999899864197,0.23489999771118164
YJL108C,YML043C,0,-3.2450645,0.12898443639278412,0.3479999899864197,0.23499999940395355
YDR252W,YDR363W-A,0,-3.245158,0.12893664836883545,0.3479999899864197,0.23510000109672546
YCL024W,YLL024C,0,-3.2453735,0.12888889014720917,0.3479999899864197,0.23520000278949738
YHR030C,YOL108C,0,-3.2456195,0.12884117662906647,0.3479999899864197,0.2353000044822693
YBL071W-A,YCR027C,0,-3.2456448,0.12879349291324615,0.3479999899864197,0.2354000061750412
YMR197C,YML075C,0,-3.2458026,0.12874583899974823,0.3479999899864197,0.23549999296665192
YOR340C,YMR065W,0,-3.2462246,0.1286982297897339,0.3479999899864197,0.23559999465942383
YHR042W,YDL101C,0,-3.2462854,0.12865065038204193,0.3479999899864197,0.23569999635219574
YJL030W,YGL251C,0,-3.2465775,0.12860310077667236,0.3479999899864197,0.23579999804496765
YNL227C,YJL026W,0,-3.2466812,0.12855559587478638,0.3479999899864197,0.23589999973773956
YIL009W,YLR410W,0,-3.247813,0.12850812077522278,0.3479999899864197,0.23600000143051147
YGR072W,YGR254W,0,-3.247934,0.12846069037914276,0.3479999899864197,0.2361000031232834
YFR055W,YPR186C,0,-3.2479637,0.12841328978538513,0.3479999899864197,0.2362000048160553
YLR214W,YLR405W,0,-3.2484038,0.1283659189939499,0.3479999899864197,0.2363000065088272
YHR058C,YJR150C,0,-3.248433,0.12831857800483704,0.3479999899864197,0.23639999330043793
YKR067W,YNL145W,0,-3.2488225,0.12827128171920776,0.3479999899864197,0.23649999499320984
YNL006W,YKL220C,0,-3.2488816,0.12822403013706207,0.3479999899864197,0.23659999668598175
YJR031C,YML088W,0,-3.2491024,0.12817679345607758,0.3479999899864197,0.23669999837875366
YDR083W,YKR042W,0,-3.249143,0.12812960147857666,0.3479999899864197,0.23680000007152557
YOR130C,YJL168C,0,-3.2494524,0.12808243930339813,0.3479999899864197,0.23690000176429749
YDR416W,YDR060W,0,-3.2495267,0.12803532183170319,0.3479999899864197,0.2370000034570694
YOL011W,YGR085C,0,-3.2497914,0.12798823416233063,0.3479999899864197,0.2371000051498413
YOR057W,YOL077C,0,-3.250025,0.12794117629528046,0.3479999899864197,0.23720000684261322
YGR077C,YOL077W-A,0,-3.2501843,0.12789416313171387,0.3479999899864197,0.23729999363422394
YNL062C,YDR523C,0,-3.250224,0.12784716486930847,0.3479999899864197,0.23739999532699585
YFL021W,YBR035C,0,-3.2502885,0.12780022621154785,0.3479999899864197,0.23749999701976776
YER190W,YNL330C,1,-3.2512484,0.12812040746212006,0.3490000069141388,0.23749999701976776
YNL066W,YGL240W,0,-3.251922,0.12807339429855347,0.3490000069141388,0.23759999871253967
YAL054C,YNL219C,0,-3.2522442,0.12802641093730927,0.3490000069141388,0.23770000040531158
YNL245C,YPL008W,0,-3.2533596,0.12797945737838745,0.3490000069141388,0.2378000020980835
YBR088C,YGL253W,0,-3.253468,0.12793254852294922,0.3490000069141388,0.2379000037908554
YKL085W,YPR068C,0,-3.2544801,0.12788566946983337,0.3490000069141388,0.23800000548362732
YAL033W,YOR058C,0,-3.2545578,0.1278388351202011,0.3490000069141388,0.23810000717639923
YAL031C,YEL020W-A,0,-3.2545686,0.12779201567173004,0.3490000069141388,0.23819999396800995
YMR238W,YJL089W,0,-3.25524,0.12774524092674255,0.3490000069141388,0.23829999566078186
YER119C,YFL039C,0,-3.2556186,0.12769849598407745,0.3490000069141388,0.23839999735355377
YLR382C,YDR432W,0,-3.2564623,0.12765179574489594,0.3490000069141388,0.23849999904632568
YNL270C,YNL182C,0,-3.2576149,0.1276051253080368,0.3490000069141388,0.2386000007390976
YGL013C,YBL035C,0,-3.2581863,0.12755848467350006,0.3490000069141388,0.2387000024318695
YCL061C,YPR094W,0,-3.2585034,0.1275118738412857,0.3490000069141388,0.23880000412464142
YIR025W,YOR033C,1,-3.2590632,0.12783053517341614,0.3499999940395355,0.23880000412464142
YDR318W,YDR043C,0,-3.2590997,0.127783864736557,0.3499999940395355,0.23890000581741333
YPL164C,YPR164W,1,-3.2590997,0.12810218334197998,0.35100001096725464,0.23890000581741333
YGR180C,YOL156W,0,-3.2592192,0.12805545330047607,0.35100001096725464,0.23899999260902405
YBR037C,YJL183W,0,-3.2595685,0.12800875306129456,0.35100001096725464,0.23909999430179596
YFL039C,YBL103C,0,-3.2596958,0.12796208262443542,0.35100001096725464,0.23919999599456787
YDR147W,YDR225W,0,-3.2602675,0.12791545689105988,0.35100001096725464,0.23929999768733978
YKR039W,YHR197W,0,-3.2604694,0.12786884605884552,0.35100001096725464,0.2393999993801117
YDR146C,YLR430W,0,-3.2608562,0.12782227993011475,0.35100001096725464,0.2395000010728836
YER190W,YOL068C,1,-3.2609444,0.12813979387283325,0.35199999809265137,0.2395000010728836
YHR118C,YLL041C,0,-3.260987,0.1280931532382965,0.35199999809265137,0.23960000276565552
YDL229W,YBL103C,0,-3.2614403,0.12804655730724335,0.35199999809265137,0.23970000445842743
YOL090W,YLL002W,1,-3.261681,0.12836363911628723,0.3529999852180481,0.23970000445842743
YDR478W,YDL007W,0,-3.2628124,0.1283169686794281,0.3529999852180481,0.23980000615119934
YMR133W,YOL072W,1,-3.2628286,0.12863372266292572,0.3540000021457672,0.23980000615119934
YLR189C,YPL212C,0,-3.2629602,0.12858699262142181,0.3540000021457672,0.23989999294281006
YER088C,YDR283C,0,-3.2632987,0.1285403072834015,0.3540000021457672,0.23999999463558197
YNL080C,YFL016C,0,-3.2638664,0.12849365174770355,0.3540000021457672,0.24009999632835388
YER012W,YMR250W,0,-3.2638855,0.128447026014328,0.3540000021457672,0.2401999980211258
YGL111W,YIL056W,0,-3.2639809,0.12840043008327484,0.3540000021457672,0.2402999997138977
YPL106C,YMR025W,0,-3.264539,0.12835387885570526,0.3540000021457672,0.24040000140666962
YDL101C,YBL008W,0,-3.2647707,0.12830735743045807,0.3540000021457672,0.24050000309944153
YDL231C,YPL033C,0,-3.2652543,0.12826086580753326,0.3540000021457672,0.24060000479221344
YBL046W,YPL093W,0,-3.2652843,0.12821441888809204,0.3540000021457672,0.24070000648498535
YKL081W,YER142C,0,-3.2652948,0.128167986869812,0.3540000021457672,0.24079999327659607
YDR004W,YPL127C,1,-3.2656443,0.12848353385925293,0.35499998927116394,0.24079999327659607
YDR021W,YEL020W-A,0,-3.265698,0.12843704223632812,0.35499998927116394,0.24089999496936798
YDL236W,YJL157C,0,-3.2657547,0.1283905953168869,0.35499998927116394,0.2409999966621399
YML132W,YPR135W,0,-3.2659252,0.12834417819976807,0.35499998927116394,0.2410999983549118
YNL012W,YMR138W,0,-3.2659643,0.12829779088497162,0.35499998927116394,0.24120000004768372
YML132W,YML094W,0,-3.2663426,0.12825144827365875,0.35499998927116394,0.24130000174045563
YOL011W,YHR169W,0,-3.2666824,0.12820513546466827,0.35499998927116394,0.24140000343322754
YHR082C,YDL232W,0,-3.2673676,0.128158837556839,0.35499998927116394,0.24150000512599945
YDL105W,YMR241W,0,-3.2674172,0.12811259925365448,0.35499998927116394,0.24160000681877136
YJR147W,YGL070C,0,-3.2677374,0.12806637585163116,0.35499998927116394,0.24169999361038208
YML024W,YLR079W,0,-3.2689364,0.12802019715309143,0.35499998927116394,0.241799995303154
YOR063W,YIL154C,0,-3.2690833,0.12797404825687408,0.35499998927116394,0.2418999969959259
YKR009C,YEL069C,0,-3.2692666,0.12792792916297913,0.35499998927116394,0.24199999868869781
YOR058C,YGL194C,0,-3.2694538,0.12788183987140656,0.35499998927116394,0.24210000038146973
YEL026W,YDR126W,0,-3.269621,0.12783579528331757,0.35499998927116394,0.24220000207424164
YKL040C,YDL003W,0,-3.2697456,0.12778978049755096,0.35499998927116394,0.24230000376701355
YNL286W,YFR008W,0,-3.269846,0.12774379551410675,0.35499998927116394,0.24240000545978546
YBR030W,YLR214W,0,-3.2700422,0.12769784033298492,0.35499998927116394,0.24250000715255737
YBR298C,YLR452C,0,-3.2712743,0.12765192985534668,0.35499998927116394,0.2425999939441681
YGL096W,YML019W,0,-3.271283,0.12760603427886963,0.35499998927116394,0.24269999563694
YOL067C,YLR316C,0,-3.2714908,0.12756018340587616,0.35499998927116394,0.24279999732971191
YOL016C,YDR173C,0,-3.2716281,0.12751436233520508,0.35499998927116394,0.24289999902248383
YGL013C,YBR079C,0,-3.271633,0.12746858596801758,0.35499998927116394,0.24300000071525574
YML091C,YBR010W,0,-3.271907,0.12742282450199127,0.35499998927116394,0.24310000240802765
YHR157W,YGL175C,1,-3.2720742,0.1277359127998352,0.35600000619888306,0.24310000240802765
YFR055W,YNL149C,0,-3.2722583,0.12769010663032532,0.35600000619888306,0.24320000410079956
YNL148C,YNL037C,0,-3.2724547,0.12764431536197662,0.35600000619888306,0.24330000579357147
YOR250C,YNL154C,0,-3.2725322,0.1275985687971115,0.35600000619888306,0.2433999925851822
YMR238W,YMR081C,0,-3.273183,0.1275528520345688,0.35600000619888306,0.2434999942779541
YFR021W,YMR059W,0,-3.2741845,0.12750716507434845,0.35600000619888306,0.243599995970726
YNL070W,YCR089W,0,-3.274306,0.1274615079164505,0.35600000619888306,0.24369999766349792
YMR067C,YOR346W,0,-3.2744896,0.12741589546203613,0.35600000619888306,0.24379999935626984
YIL046W,YNL151C,0,-3.2745616,0.12737029790878296,0.35600000619888306,0.24390000104904175
YDR116C,YKL035W,0,-3.2747333,0.12732474505901337,0.35600000619888306,0.24400000274181366
YFR055W,YOR180C,0,-3.2747715,0.12727922201156616,0.35600000619888306,0.24410000443458557
YPL253C,YBL082C,0,-3.2755873,0.12723374366760254,0.35600000619888306,0.24420000612735748
YKR035W-A,YHR108W,0,-3.2756903,0.1271882802248001,0.35600000619888306,0.2442999929189682
YER053C,YDL102W,0,-3.2758524,0.12714286148548126,0.35600000619888306,0.2443999946117401
YKR009C,YKL054C,0,-3.275893,0.1270974725484848,0.35600000619888306,0.24449999630451202
YFR053C,YHR158C,0,-3.2759268,0.12705209851264954,0.35600000619888306,0.24459999799728394
YGR159C,YDR201W,0,-3.276292,0.12700678408145905,0.35600000619888306,0.24469999969005585
YLL008W,YNL214W,0,-3.2766721,0.12696148455142975,0.35600000619888306,0.24480000138282776
YDL105W,YHR119W,0,-3.2766764,0.12691621482372284,0.35600000619888306,0.24490000307559967
YKL053C-A,YGL063W,0,-3.2769668,0.1268709897994995,0.35600000619888306,0.24500000476837158
YJR031C,YEL024W,0,-3.277218,0.12682579457759857,0.35600000619888306,0.2451000064611435
YGL093W,YBR106W,0,-3.2773182,0.12678062915802002,0.35600000619888306,0.2451999932527542
YER082C,YPR201W,0,-3.2773743,0.12673549354076385,0.35600000619888306,0.24529999494552612
YDR369C,YPL121C,1,-3.2778766,0.12704625725746155,0.3569999933242798,0.24529999494552612
YPL031C,YDR194C,0,-3.2780292,0.1270010620355606,0.3569999933242798,0.24539999663829803
YAL059W,YFR055W,0,-3.278039,0.12695589661598206,0.3569999933242798,0.24549999833106995
YPR005C,YDL081C,0,-3.2780433,0.12691077589988708,0.3569999933242798,0.24560000002384186
YDL132W,YDL105W,0,-3.2782223,0.1268656700849533,0.3569999933242798,0.24570000171661377
YLR009W,YOR110W,0,-3.2785091,0.1268206089735031,0.3569999933242798,0.24580000340938568
YGR056W,YDR447C,0,-3.2791574,0.1267755627632141,0.3569999933242798,0.2459000051021576
YOL111C,YOR349W,0,-3.279581,0.1267305612564087,0.3569999933242798,0.2460000067949295
YHR096C,YCR024C-A,0,-3.2803657,0.12668558955192566,0.3569999933242798,0.24609999358654022
YHR058C,YIL017C,0,-3.2809343,0.12664064764976501,0.3569999933242798,0.24619999527931213
YDR378C,YKR039W,0,-3.2812078,0.12659575045108795,0.3569999933242798,0.24629999697208405
YCL025C,YAL025C,0,-3.2812104,0.12655086815357208,0.3569999933242798,0.24639999866485596
YEL026W,YNL025C,0,-3.2813501,0.1265060305595398,0.3569999933242798,0.24650000035762787
YBR103W,YNL110C,0,-3.2816,0.1264612078666687,0.3569999933242798,0.24660000205039978
YPL231W,YDR392W,0,-3.2816179,0.1264164298772812,0.3569999933242798,0.2467000037431717
YIL034C,YLR116W,0,-3.2817304,0.12637168169021606,0.3569999933242798,0.2468000054359436
YMR190C,YLL002W,1,-3.2818885,0.12668082118034363,0.3580000102519989,0.2468000054359436
YHR165C,YNL302C,0,-3.2819715,0.12663601338863373,0.3580000102519989,0.24690000712871552
YDR446W,YIR025W,1,-3.2826614,0.12694483995437622,0.35899999737739563,0.24690000712871552
YCR083W,YEL069C,0,-3.283438,0.12689995765686035,0.35899999737739563,0.24699999392032623
YHL003C,YDR364C,0,-3.2839608,0.12685512006282806,0.35899999737739563,0.24709999561309814
YOR346W,YGL021W,0,-3.2844284,0.12681031227111816,0.35899999737739563,0.24719999730587006
YPL187W,YER112W,0,-3.284644,0.12676553428173065,0.35899999737739563,0.24729999899864197
YHL007C,YLL041C,0,-3.2846835,0.12672078609466553,0.35899999737739563,0.24740000069141388
YGL014W,YOR229W,0,-3.2847095,0.12667608261108398,0.35899999737739563,0.2475000023841858
YNL270C,YDR358W,0,-3.2857277,0.12663139402866364,0.35899999737739563,0.2476000040769577
YHR030C,YDL028C,0,-3.2861474,0.12658673524856567,0.35899999737739563,0.24770000576972961
YDR156W,YPL221W,0,-3.286225,0.1265421211719513,0.35899999737739563,0.24779999256134033
YMR015C,YJL167W,0,-3.2866178,0.1264975368976593,0.35899999737739563,0.24789999425411224
YML091C,YIL002C,0,-3.2868273,0.1264529824256897,0.35899999737739563,0.24799999594688416
YPL164C,YER179W,1,-3.2869117,0.1267605572938919,0.36000001430511475,0.24799999594688416
YLR102C,YMR246W,0,-3.2872412,0.12671594321727753,0.36000001430511475,0.24809999763965607
YLR139C,YGR165W,0,-3.2873662,0.12667135894298553,0.36000001430511475,0.24819999933242798
YNL130C,YDR254W,0,-3.2875414,0.12662680447101593,0.36000001430511475,0.2483000010251999
YKL193C,YNL020C,0,-3.2877762,0.1265822798013687,0.36000001430511475,0.2484000027179718
YBR022W,YPL093W,0,-3.2880292,0.12653778493404388,0.36000001430511475,0.2485000044107437
YER119C,YKR042W,0,-3.2881367,0.12649331986904144,0.36000001430511475,0.24860000610351562
YBR123C,YOL124C,0,-3.2883258,0.12644889950752258,0.36000001430511475,0.24869999289512634
YOL043C,YLR340W,0,-3.2883666,0.12640449404716492,0.36000001430511475,0.24879999458789825
YOR274W,YDL007W,0,-3.289109,0.12636013329029083,0.36000001430511475,0.24889999628067017
YDR432W,YNL264C,0,-3.2892373,0.12631578743457794,0.36000001430511475,0.24899999797344208
YIR026C,YLR277C,0,-3.2896454,0.12627148628234863,0.36000001430511475,0.249099999666214
YBL035C,YOR317W,0,-3.2897952,0.1262272149324417,0.36000001430511475,0.2492000013589859
YKL143W,YDL028C,0,-3.2900255,0.12618295848369598,0.36000001430511475,0.2493000030517578
YPR201W,YJR006W,0,-3.2905488,0.12613874673843384,0.36000001430511475,0.24940000474452972
YPR056W,YCR034W,0,-3.2906373,0.12609456479549408,0.36000001430511475,0.24950000643730164
YHR167W,YGR296W,1,-3.29068,0.12640056014060974,0.3610000014305115,0.24950000643730164
YMR077C,YGR214W,0,-3.2906997,0.1263563185930252,0.3610000014305115,0.24959999322891235
YGR055W,YKR072C,0,-3.2908547,0.12631210684776306,0.3610000014305115,0.24969999492168427
YOR298C-A,YPL180W,0,-3.2909167,0.1262679249048233,0.3610000014305115,0.24979999661445618
YBR079C,YHR023W,0,-3.29094,0.12622377276420593,0.3610000014305115,0.2498999983072281
YHR039C,YDL164C,1,-3.2914116,0.12652918696403503,0.3619999885559082,0.2498999983072281
YBR279W,YOL104C,1,-3.291867,0.12683437764644623,0.3630000054836273,0.2498999983072281
YER038C,YDR297W,0,-3.2919276,0.12679007649421692,0.3630000054836273,0.25
YOL068C,YDR097C,1,-3.2921665,0.12709496915340424,0.36399999260902405,0.25
YOR288C,YOR334W,0,-3.2922242,0.12705060839653015,0.36399999260902405,0.2500999867916107
YNL070W,YDL087C,0,-3.2922952,0.12700627744197845,0.36399999260902405,0.2502000033855438
YPL283C,YNL330C,1,-3.2929864,0.12731078267097473,0.36500000953674316,0.2502000033855438
YMR049C,YPL029W,0,-3.2930303,0.12726639211177826,0.36500000953674316,0.25029999017715454
YJR046W,YHL020C,0,-3.2935972,0.12722203135490417,0.36500000953674316,0.25040000677108765
YDR123C,YBR177C,0,-3.2937133,0.12717770040035248,0.36500000953674316,0.25049999356269836
YER003C,YDR324C,0,-3.2940662,0.12713339924812317,0.36500000953674316,0.25060001015663147
YER044C-A,YDR289C,1,-3.2941477,0.12743732333183289,0.3659999966621399,0.25060001015663147
YBL007C,YDR252W,0,-3.2942073,0.1273929625749588,0.3659999966621399,0.2506999969482422
YGR089W,YJR066W,0,-3.29448,0.1273486465215683,0.3659999966621399,0.2508000135421753
YKL081W,YDR379W,0,-3.2947056,0.127304345369339,0.3659999966621399,0.250900000333786
YDR018C,YLL011W,0,-3.2947192,0.12726008892059326,0.3659999966621399,0.25099998712539673
YEL004W,YNR044W,0,-3.2952764,0.12721584737300873,0.3659999966621399,0.25110000371932983
YDL022W,YLR313C,0,-3.2953236,0.12717165052890778,0.3659999966621399,0.25119999051094055
YOR137C,YJL026W,0,-3.2955015,0.12712746858596802,0.3659999966621399,0.25130000710487366
YGR103W,YOR020C,0,-3.2960165,0.12708333134651184,0.3659999966621399,0.2513999938964844
YOL156W,YBL082C,0,-3.2961633,0.12703922390937805,0.3659999966621399,0.2515000104904175
YPR070W,YDR173C,0,-3.2963278,0.12699514627456665,0.3659999966621399,0.2515999972820282
YJR131W,YMR250W,0,-3.2964327,0.12695109844207764,0.3659999966621399,0.2517000138759613
YFR001W,YPR168W,0,-3.296579,0.126907080411911,0.3659999966621399,0.251800000667572
YDR235W,YNR002C,0,-3.2966444,0.12686309218406677,0.3659999966621399,0.25189998745918274
YCL008C,YFL025C,0,-3.29693,0.12681913375854492,0.3659999966621399,0.25200000405311584
YIL009W,YDR343C,0,-3.2969701,0.12677520513534546,0.3659999966621399,0.25209999084472656
YBR098W,YHR039C,1,-3.297169,0.12707756459712982,0.367000013589859,0.25209999084472656
YNL130C,YDR077W,0,-3.2976806,0.12703357636928558,0.367000013589859,0.25220000743865967
YGL249W,YBR082C,0,-3.297897,0.12698961794376373,0.367000013589859,0.2522999942302704
YDR365C,YDR085C,0,-3.2987595,0.12694568932056427,0.367000013589859,0.2524000108242035
YBL075C,YIR026C,0,-3.2989435,0.1269018054008484,0.367000013589859,0.2524999976158142
YMR029C,YDL024C,0,-3.2991073,0.1268579363822937,0.367000013589859,0.2526000142097473
YAR007C,YDR446W,1,-3.2998888,0.12715964019298553,0.36800000071525574,0.2526000142097473
YDL159W,YCR035C,0,-3.30007,0.12711571156978607,0.36800000071525574,0.25270000100135803
YGL174W,YMR250W,0,-3.3003666,0.1270718276500702,0.36800000071525574,0.25279998779296875
YMR198W,YJL056C,0,-3.3004806,0.1270279586315155,0.36800000071525574,0.25290000438690186
YDR138W,YGL175C,1,-3.300569,0.12732918560504913,0.36899998784065247,0.25290000438690186
YGL093W,YKR042W,0,-3.3008542,0.12728527188301086,0.36899998784065247,0.2529999911785126
YOL028C,YOR073W,0,-3.300968,0.1272413730621338,0.36899998784065247,0.2531000077724457
YER104W,YPL121C,1,-3.3016157,0.12754222750663757,0.3700000047683716,0.2531000077724457
YDR078C,YLL024C,0,-3.301779,0.12749828398227692,0.3700000047683716,0.2531999945640564
YIL037C,YOL142W,0,-3.3019347,0.12745435535907745,0.3700000047683716,0.2533000111579895
YDR146C,YDR043C,0,-3.30237,0.12741047143936157,0.3700000047683716,0.2533999979496002
YBR172C,YOR315W,0,-3.3025973,0.12736660242080688,0.3700000047683716,0.2535000145435333
YDL142C,YLR398C,0,-3.3026247,0.12732277810573578,0.3700000047683716,0.25360000133514404
YNL310C,YDR259C,0,-3.302877,0.12727898359298706,0.3700000047683716,0.25369998812675476
YBR267W,YOR129C,0,-3.3029797,0.12723521888256073,0.3700000047683716,0.25380000472068787
YKL004W,YKL086W,0,-3.303483,0.1271914690732956,0.3700000047683716,0.2538999915122986
YLR071C,YIL135C,0,-3.3039796,0.12714776396751404,0.3700000047683716,0.2540000081062317
YDR216W,YHR052W,0,-3.3040922,0.12710408866405487,0.3700000047683716,0.2540999948978424
YKR061W,YIL095W,0,-3.3041918,0.1270604431629181,0.3700000047683716,0.2542000114917755
YJR083C,YMR175W,0,-3.304268,0.1270168274641037,0.3700000047683716,0.25429999828338623
YCR092C,YJR021C,1,-3.3044438,0.1273164004087448,0.3709999918937683,0.25429999828338623
YAL025C,YGL065C,0,-3.3046587,0.12727272510528564,0.3709999918937683,0.25440001487731934
YIR037W,YER172C,0,-3.305274,0.12722907960414886,0.3709999918937683,0.25450000166893005
YPL112C,YCR028C-A,0,-3.3053195,0.12718546390533447,0.3709999918937683,0.25459998846054077
YML043C,YIL115C,0,-3.3054237,0.12714187800884247,0.3709999918937683,0.2547000050544739
YJL124C,YHL040C,0,-3.305996,0.12709832191467285,0.3709999918937683,0.2547999918460846
YBR030W,YHR061C,0,-3.3063679,0.12705479562282562,0.3709999918937683,0.2549000084400177
YDL223C,YDR101C,0,-3.306431,0.12701129913330078,0.3709999918937683,0.2549999952316284
YOR145C,YNR008W,0,-3.3067446,0.12696783244609833,0.3709999918937683,0.2551000118255615
YOL028C,YPR101W,0,-3.306803,0.12692439556121826,0.3709999918937683,0.25519999861717224
YAR007C,YMR106C,1,-3.3070064,0.12722298502922058,0.3720000088214874,0.25519999861717224
YDR251W,YOR063W,0,-3.307027,0.12717948853969574,0.3720000088214874,0.25529998540878296
YKL053C-A,YGR156W,0,-3.307851,0.1271360218524933,0.3720000088214874,0.25540000200271606
YJR150C,YJR017C,0,-3.308,0.12709258496761322,0.3720000088214874,0.2554999887943268
YJL041W,YLL018C-A,0,-3.3083813,0.12704917788505554,0.3720000088214874,0.2556000053882599
YMR277W,YGL178W,0,-3.3090286,0.12700580060482025,0.3720000088214874,0.2556999921798706
YKR003W,YEL024W,0,-3.3090773,0.12696245312690735,0.3720000088214874,0.2558000087738037
YHL034C,YOR132W,0,-3.3091528,0.12691913545131683,0.3720000088214874,0.25589999556541443
YER161C,YDL081C,0,-3.3091643,0.1268758475780487,0.3720000088214874,0.25600001215934753
YDR138W,YLR467W,1,-3.3101408,0.1271735429763794,0.37299999594688416,0.25600001215934753
YEL036C,YAL024C,0,-3.3106334,0.1271301954984665,0.37299999594688416,0.25609999895095825
YDR167W,YGR060W,0,-3.310669,0.12708687782287598,0.37299999594688416,0.25619998574256897
YDL159W,YDR077W,0,-3.3106904,0.12704358994960785,0.37299999594688416,0.2563000023365021
YIL053W,YMR247C,0,-3.3107862,0.1270003467798233,0.37299999594688416,0.2563999891281128
YOL010W,YJL091C,0,-3.3109012,0.12695711851119995,0.37299999594688416,0.2565000057220459
YDR446W,YDR110W,1,-3.3109848,0.1272541731595993,0.37400001287460327,0.2565000057220459
YDL024C,YDL135C,0,-3.3113096,0.12721088528633118,0.37400001287460327,0.2565999925136566
YLR298C,YDR523C,0,-3.3113763,0.12716762721538544,0.37400001287460327,0.2567000091075897
YMR298W,YGR158C,0,-3.311607,0.12712439894676208,0.37400001287460327,0.25679999589920044
YDR545W,YBR073W,1,-3.3117206,0.12742099165916443,0.375,0.25679999589920044
YOR132W,YDL081C,0,-3.312708,0.1273777186870575,0.375,0.25690001249313354
YMR106C,YKR099W,1,-3.3132226,0.12767402827739716,0.37599998712539673,0.25690001249313354
YBR022W,YBL002W,0,-3.3133335,0.12763068079948425,0.37599998712539673,0.25699999928474426
YLR260W,YGR094W,0,-3.3134727,0.12758737802505493,0.37599998712539673,0.257099986076355
YDL093W,YGR109C,0,-3.3137476,0.127544105052948,0.37599998712539673,0.2572000026702881
YGR289C,YLR429W,0,-3.3140373,0.12750084698200226,0.37599998712539673,0.2572999894618988
YMR133W,YOR033C,1,-3.3144464,0.12779660522937775,0.37700000405311584,0.2572999894618988
YJL098W,YML069W,0,-3.3150887,0.12775330245494843,0.37700000405311584,0.2574000060558319
YDR076W,YHR039C,1,-3.3152304,0.12804877758026123,0.3779999911785126,0.2574000060558319
YOR269W,YDR503C,0,-3.3158157,0.12800541520118713,0.3779999911785126,0.2574999928474426
YLL013C,YPR128C,0,-3.3160307,0.12796208262443542,0.3779999911785126,0.25760000944137573
YPL096W,YNL008C,0,-3.316162,0.1279187798500061,0.3779999911785126,0.25769999623298645
YPL132W,YNR032W,0,-3.316565,0.12787550687789917,0.3779999911785126,0.25780001282691956
YMR239C,YLR023C,0,-3.316622,0.12783226370811462,0.3779999911785126,0.2578999996185303
YMR173W,YMR016C,0,-3.3168888,0.12778905034065247,0.3779999911785126,0.257999986410141
YDR004W,YJL090C,1,-3.3169,0.12808381021022797,0.3790000081062317,0.257999986410141
YOR298C-A,YER025W,0,-3.3171692,0.12804053723812103,0.3790000081062317,0.2581000030040741
YPL188W,YBR188C,0,-3.317322,0.1279972940683365,0.3790000081062317,0.2581999897956848
YHR157W,YPL164C,1,-3.3176887,0.12829169631004333,0.3799999952316284,0.2581999897956848
YJR160C,YGL095C,0,-3.3181107,0.128248393535614,0.3799999952316284,0.2583000063896179
YDL126C,YPL033C,0,-3.3186615,0.12820513546466827,0.3799999952316284,0.25839999318122864
YER120W,YGL151W,0,-3.3189194,0.12816189229488373,0.3799999952316284,0.25850000977516174
YMR137C,YOL093W,0,-3.3191857,0.12811867892742157,0.3799999952316284,0.25859999656677246
YEL032W,YAL015C,0,-3.3192146,0.1280754953622818,0.3799999952316284,0.25870001316070557
YFL026W,YNL116W,0,-3.3192322,0.12803234159946442,0.3799999952316284,0.2587999999523163
YMR186W,YLR092W,0,-3.320311,0.12798921763896942,0.3799999952316284,0.258899986743927
YDR079C-A,YOR116C,0,-3.3203294,0.12794612348079681,0.3799999952316284,0.2590000033378601
YCR089W,YMR280C,0,-3.3204079,0.1279030591249466,0.3799999952316284,0.2590999901294708
YML049C,YDR091C,0,-3.3208158,0.12786002457141876,0.3799999952316284,0.25920000672340393
YMR186W,YPL138C,0,-3.3215177,0.12781701982021332,0.3799999952316284,0.25929999351501465
YOR056C,YKL026C,0,-3.3215258,0.12777404487133026,0.3799999952316284,0.25940001010894775
YFR027W,YML014W,0,-3.3215363,0.1277310997247696,0.3799999952316284,0.25949999690055847
YEL042W,YBR231C,0,-3.3218553,0.12768816947937012,0.3799999952316284,0.2596000134944916
YOL117W,YDR225W,0,-3.3219173,0.12764528393745422,0.3799999952316284,0.2597000002861023
YPL194W,YER044C-A,1,-3.3227794,0.12793821096420288,0.38100001215934753,0.2597000002861023
YCL033C,YIL079C,0,-3.3229225,0.1278952658176422,0.38100001215934753,0.259799987077713
YFR009W,YBR114W,0,-3.3233178,0.12785235047340393,0.38100001215934753,0.2599000036716461
YIR018W,YPR102C,0,-3.3238575,0.12780946493148804,0.38100001215934753,0.25999999046325684
YOL017W,YLR371W,0,-3.323984,0.12776659429073334,0.38100001215934753,0.26010000705718994
YOR221C,YMR093W,0,-3.3243797,0.12772376835346222,0.38100001215934753,0.26019999384880066
YJL090C,YPL121C,1,-3.3245142,0.12801608443260193,0.38199999928474426,0.26019999384880066
YML123C,YLR385C,0,-3.324578,0.12797319889068604,0.38199999928474426,0.26030001044273376
YDR469W,YGL205W,0,-3.3246043,0.12793034315109253,0.38199999928474426,0.2603999972343445
YAR007C,YIR025W,1,-3.324976,0.1282223016023636,0.382999986410141,0.2603999972343445
YNL283C,YEL020W-A,0,-3.3261368,0.1281793862581253,0.382999986410141,0.2605000138282776
YOR377W,YLR045C,0,-3.3261378,0.1281365007162094,0.382999986410141,0.2606000006198883
YPR187W,YGL240W,0,-3.326719,0.1280936449766159,0.382999986410141,0.260699987411499
YOR122C,YML104C,0,-3.32675,0.1280508190393448,0.382999986410141,0.26080000400543213
YNL273W,YHR007C,0,-3.3270903,0.12800802290439606,0.382999986410141,0.26089999079704285
YNL231C,YDR382W,0,-3.327125,0.12796525657176971,0.382999986410141,0.26100000739097595
YML023C,YGL063W,0,-3.327986,0.12792250514030457,0.382999986410141,0.26109999418258667
YDR345C,YPL091W,0,-3.3282278,0.127879798412323,0.382999986410141,0.2612000107765198
YGL089C,YJL002C,0,-3.3285077,0.12783712148666382,0.382999986410141,0.2612999975681305
YOL093W,YDR259C,0,-3.328598,0.12779445946216583,0.382999986410141,0.2614000141620636
YNL309W,YOL097C,0,-3.3287177,0.12775182723999023,0.382999986410141,0.2615000009536743
YDR240C,YGR186W,0,-3.3288162,0.12770923972129822,0.382999986410141,0.26159998774528503
YBR098W,YGL183C,1,-3.3291838,0.12800000607967377,0.3840000033378601,0.26159998774528503
YDL093W,YMR117C,0,-3.3291855,0.12795734405517578,0.3840000033378601,0.26170000433921814
YAR007C,YDL154W,1,-3.3297942,0.12824784219264984,0.38499999046325684,0.26170000433921814
YOL090W,YML095C,1,-3.3297946,0.1285381317138672,0.38600000739097595,0.26170000433921814
YJL058C,YKL185W,0,-3.3298812,0.12849533557891846,0.38600000739097595,0.26179999113082886
YPL196W,YHR001W-A,0,-3.3298845,0.1284525841474533,0.38600000739097595,0.26190000772476196
YER070W,YNL326C,0,-3.329972,0.12840984761714935,0.38600000739097595,0.2619999945163727
YPL196W,YCR024C-A,0,-3.3306205,0.12836714088916779,0.38600000739097595,0.2621000111103058
YHR067W,YLR291C,0,-3.3307188,0.1283244639635086,0.38600000739097595,0.2621999979019165
YLR275W,YBL051C,0,-3.3308694,0.12828181684017181,0.38600000739097595,0.2623000144958496
YPL231W,YHR164C,0,-3.3311398,0.1282391995191574,0.38600000739097595,0.2624000012874603
YAL054C,YLR371W,0,-3.3312776,0.1281966120004654,0.38600000739097595,0.26249998807907104
YAL029C,YDR446W,1,-3.3321738,0.1284860521554947,0.3869999945163727,0.26249998807907104
YDR270W,YMR048W,0,-3.3322427,0.1284434050321579,0.3869999945163727,0.26260000467300415
YGR247W,YBR020W,0,-3.3323538,0.1284008026123047,0.3869999945163727,0.26269999146461487
YCR081W,YGR157W,0,-3.3324635,0.12835821509361267,0.3869999945163727,0.262800008058548
YBR160W,YPL146C,0,-3.3325474,0.12831564247608185,0.3869999945163727,0.2628999948501587
YHR197W,YOL089C,0,-3.332781,0.1282731145620346,0.3869999945163727,0.2630000114440918
YFL009W,YJL058C,0,-3.3330104,0.12823061645030975,0.3869999945163727,0.2630999982357025
YOR025W,YOL067C,0,-3.3331969,0.1281881481409073,0.3869999945163727,0.2632000148296356
YPL127C,YDR110W,1,-3.3332574,0.1284768283367157,0.3880000114440918,0.2632000148296356
YLR144C,YOR204W,0,-3.33332,0.12843430042266846,0.3880000114440918,0.26330000162124634
YCL008C,YJL095W,0,-3.3335216,0.1283917874097824,0.3880000114440918,0.26339998841285706
YHR114W,YIL082W-A,0,-3.3335683,0.12834931910037994,0.3880000114440918,0.26350000500679016
YCR084C,YEL020W-A,0,-3.3337934,0.12830688059329987,0.3880000114440918,0.2635999917984009
YLR442C,YPL177C,0,-3.3346083,0.12826445698738098,0.3880000114440918,0.263700008392334
YMR198W,YOR319W,0,-3.3346736,0.12822207808494568,0.3880000114440918,0.2637999951839447
YPL018W,YOR298C-A,0,-3.3349178,0.12817971408367157,0.3880000114440918,0.2639000117778778
YOR341W,YOR229W,0,-3.335564,0.12813737988471985,0.3880000114440918,0.2639999985694885
YPL018W,YJL008C,0,-3.3364818,0.12809507548809052,0.3880000114440918,0.26409998536109924
YGL029W,YDR040C,0,-3.3366156,0.12805280089378357,0.3880000114440918,0.26420000195503235
YHR011W,YPR101W,0,-3.3367083,0.128010556101799,0.3880000114440918,0.26429998874664307
YKR009C,YJR119C,0,-3.3373199,0.12796834111213684,0.3880000114440918,0.26440000534057617
YDR451C,YNL199C,0,-3.3374083,0.12792614102363586,0.3880000114440918,0.2644999921321869
YDL002C,YLR175W,0,-3.337719,0.12788398563861847,0.3880000114440918,0.26460000872612
YNL090W,YER032W,0,-3.337939,0.12784184515476227,0.3880000114440918,0.2646999955177307
YJL012C,YPL202C,0,-3.33909,0.12779973447322845,0.3880000114440918,0.2648000121116638
YPR140W,YOL016C,0,-3.3391387,0.12775765359401703,0.3880000114440918,0.26489999890327454
YJL010C,YJL091C,0,-3.339194,0.127715602517128,0.3880000114440918,0.26499998569488525
YGL133W,YJL219W,0,-3.3393414,0.12767358124256134,0.3880000114440918,0.26510000228881836
YPL160W,YPL233W,0,-3.340101,0.12763157486915588,0.3880000114440918,0.2651999890804291
YOR100C,YLR011W,0,-3.3401284,0.127589613199234,0.3880000114440918,0.2653000056743622
YDL223C,YGR086C,0,-3.3402302,0.12754766643047333,0.3880000114440918,0.2653999924659729
YBR243C,YOL124C,0,-3.3408642,0.12750574946403503,0.3880000114440918,0.265500009059906
YDR004W,YDR138W,1,-3.3409507,0.1277923732995987,0.3889999985694885,0.265500009059906
YKL143W,YMR319C,0,-3.3412468,0.12775041162967682,0.3889999985694885,0.2655999958515167
YOL117W,YNL111C,0,-3.3412788,0.12770846486091614,0.3889999985694885,0.26570001244544983
YBR114W,YLR360W,0,-3.3415358,0.12766656279563904,0.3889999985694885,0.26579999923706055
YML113W,YAL030W,0,-3.3423557,0.12762467563152313,0.3889999985694885,0.26589998602867126
YNL257C,YPR186C,0,-3.342409,0.12758281826972961,0.3889999985694885,0.26600000262260437
YJR046W,YPR135W,0,-3.3424666,0.12754099071025848,0.3889999985694885,0.2660999894142151
YPL231W,YPL176C,0,-3.342922,0.12749917805194855,0.3889999985694885,0.2662000060081482
YKL182W,YDR108W,0,-3.3434105,0.1274574100971222,0.3889999985694885,0.2662999927997589
YCL025C,YLR313C,0,-3.343611,0.12741565704345703,0.3889999985694885,0.266400009393692
YGR217W,YGL053W,0,-3.3439434,0.12737393379211426,0.3889999985694885,0.26649999618530273
YDL002C,YOR162C,0,-3.344309,0.12733224034309387,0.3889999985694885,0.26660001277923584
YMR067C,YOR377W,0,-3.3446524,0.12729057669639587,0.3889999985694885,0.26669999957084656
YLR424W,YER127W,0,-3.344992,0.12724894285202026,0.3889999985694885,0.2667999863624573
YGR264C,YNL214W,0,-3.3452222,0.12720732390880585,0.3889999985694885,0.2669000029563904
YHR118C,YEL017C-A,0,-3.3454082,0.12716573476791382,0.3889999985694885,0.2669999897480011
YER169W,YBR097W,0,-3.34605,0.12712419033050537,0.3889999985694885,0.2671000063419342
YGR238C,YBR009C,0,-3.3461936,0.12708264589309692,0.3889999985694885,0.2671999931335449
YLR449W,YLR005W,0,-3.346351,0.12704114615917206,0.3889999985694885,0.267300009727478
YGL055W,YBR081C,0,-3.34671,0.12699967622756958,0.3889999985694885,0.26739999651908875
YDL135C,YDR343C,0,-3.3475268,0.1269582211971283,0.3889999985694885,0.26750001311302185
YCR028C,YDL247W,0,-3.3475664,0.1269167959690094,0.3889999985694885,0.26759999990463257
YPL127C,YJL090C,1,-3.347719,0.12720157206058502,0.38999998569488525,0.26759999990463257
YNL007C,YPR032W,0,-3.3487704,0.12716008722782135,0.38999998569488525,0.2676999866962433
YOL093W,YHR072W-A,0,-3.3488853,0.12711864709854126,0.38999998569488525,0.2678000032901764
YAR007C,YOL068C,1,-3.3491385,0.12740306556224823,0.39100000262260437,0.2678000032901764
YDR077W,YPL174C,0,-3.349634,0.12736156582832336,0.39100000262260437,0.2678999900817871
YJL179W,YOR047C,0,-3.3496623,0.1273200958967209,0.39100000262260437,0.2680000066757202
YDR224C,YDL101C,0,-3.350058,0.1272786408662796,0.39100000262260437,0.26809999346733093
YGR063C,YDR283C,0,-3.3503702,0.1272372305393219,0.39100000262260437,0.26820001006126404
YIL073C,YOR290C,0,-3.3505247,0.1271958351135254,0.39100000262260437,0.26829999685287476
YDR481C,YER172C,0,-3.3505797,0.12715446949005127,0.39100000262260437,0.26840001344680786
YMR186W,YGR092W,0,-3.3506029,0.12711313366889954,0.39100000262260437,0.2685000002384186
YLR011W,YPR049C,0,-3.3510473,0.1270718276500702,0.39100000262260437,0.2685999870300293
YKR050W,YHR123W,0,-3.3512795,0.12703053653240204,0.39100000262260437,0.2687000036239624
YDL142C,YBR127C,0,-3.3515851,0.12698927521705627,0.39100000262260437,0.2687999904155731
YLR310C,YLR129W,0,-3.3518012,0.1269480586051941,0.39100000262260437,0.2689000070095062
YOR100C,YER169W,0,-3.352032,0.1269068419933319,0.39100000262260437,0.26899999380111694
YAL005C,YMR053C,0,-3.3521893,0.1268656700849533,0.39100000262260437,0.26910001039505005
YJL207C,YGR158C,0,-3.3528519,0.1268245279788971,0.39100000262260437,0.26919999718666077
YER104W,YHR154W,1,-3.352948,0.1271076500415802,0.3919999897480011,0.26919999718666077
YGL249W,YOR270C,0,-3.3531902,0.1270664483308792,0.3919999897480011,0.26930001378059387
YLR214W,YKR037C,0,-3.3534565,0.1270252764225006,0.3919999897480011,0.2694000005722046
YGL011C,YHR072W-A,0,-3.3536303,0.1269841343164444,0.3919999897480011,0.2694999873638153
YOL017W,YGL066W,0,-3.3536322,0.12694300711154938,0.3919999897480011,0.2696000039577484
YBR123C,YPL188W,0,-3.3539703,0.12690190970897675,0.3919999897480011,0.26969999074935913
YCR028C-A,YDL101C,0,-3.354399,0.1268608421087265,0.3919999897480011,0.26980000734329224
YJR066W,YOR288C,0,-3.35464,0.12681980431079865,0.3919999897480011,0.26989999413490295
YCL066W,YMR236W,0,-3.355255,0.12677878141403198,0.3919999897480011,0.27000001072883606
YMR190C,YHR154W,1,-3.3552885,0.12706109881401062,0.3930000066757202,0.27000001072883606
YJR160C,YLR025W,0,-3.355395,0.12702004611492157,0.3930000066757202,0.2700999975204468
YML123C,YIL138C,0,-3.3555272,0.12697899341583252,0.3930000066757202,0.2702000141143799
YDR156W,YAL034W-A,0,-3.3556933,0.12693798542022705,0.3930000066757202,0.2703000009059906
YLR182W,YDR283C,0,-3.355743,0.12689699232578278,0.3930000066757202,0.2703999876976013
YMR273C,YOR100C,0,-3.3558893,0.1268560290336609,0.3930000066757202,0.2705000042915344
YHL022C,YNL139C,1,-3.3563707,0.12713778018951416,0.39399999380111694,0.2705000042915344
YDR389W,YLR056W,0,-3.3564973,0.1270967721939087,0.39399999380111694,0.27059999108314514
YIR033W,YAL047C,0,-3.3565042,0.1270557940006256,0.39399999380111694,0.27070000767707825
YGL012W,YMR287C,0,-3.356531,0.12701483070850372,0.39399999380111694,0.27079999446868896
YOL004W,YDL148C,0,-3.3569534,0.12697389721870422,0.39399999380111694,0.27090001106262207
YLL061W,YLL050C,0,-3.357179,0.1269329935312271,0.39399999380111694,0.2709999978542328
YDL154W,YPR164W,1,-3.3573813,0.12721416354179382,0.39500001072883606,0.2709999978542328
YDR416W,YDR147W,0,-3.3581526,0.12717321515083313,0.39500001072883606,0.2711000144481659
YNL098C,YDL044C,0,-3.3582966,0.12713228166103363,0.39500001072883606,0.2712000012397766
YOR317W,YDR085C,0,-3.3589618,0.12709137797355652,0.39500001072883606,0.27129998803138733
YOR237W,YLR226W,0,-3.3589976,0.1270505040884018,0.39500001072883606,0.27140000462532043
YIL123W,YER088C,0,-3.3593318,0.12700964510440826,0.39500001072883606,0.27149999141693115
YGL126W,YDR356W,0,-3.3599367,0.12696881592273712,0.39500001072883606,0.27160000801086426
YML060W,YML008C,0,-3.3599658,0.12692801654338837,0.39500001072883606,0.271699994802475
YOL090W,YNL339C,1,-3.3603663,0.12720848619937897,0.3959999978542328,0.271699994802475
YJL134W,YKR059W,0,-3.3611362,0.12716762721538544,0.3959999978542328,0.2718000113964081
YPL137C,YIL132C,0,-3.3612077,0.1271268129348755,0.3959999978542328,0.2718999981880188
YML080W,YBR112C,0,-3.361337,0.12708601355552673,0.3959999978542328,0.2720000147819519
YKL022C,YGR123C,0,-3.361594,0.12704522907733917,0.3959999978542328,0.2721000015735626
YDL226C,YDL170W,0,-3.3616228,0.1270044893026352,0.3959999978542328,0.27219998836517334
YLR103C,YDL245C,0,-3.3617585,0.1269637644290924,0.3959999978542328,0.27230000495910645
YJL167W,YIL046W,0,-3.3617804,0.1269230842590332,0.3959999978542328,0.27239999175071716
YGR169C,YLL050C,0,-3.3629596,0.126882404088974,0.3959999978542328,0.27250000834465027
YPL256C,YNL267W,0,-3.3637164,0.12684176862239838,0.3959999978542328,0.272599995136261
YHR023W,YPL161C,0,-3.3638127,0.12680114805698395,0.3959999978542328,0.2727000117301941
YDR240C,YHL006C,0,-3.3639023,0.1267605572938919,0.3959999978542328,0.2727999985218048
YLR363C,YBR009C,0,-3.3639994,0.12671999633312225,0.3959999978542328,0.2728999853134155
YLR189C,YPR016C,0,-3.3643792,0.126679465174675,0.3959999978542328,0.27300000190734863
YGL006W,YGR003W,0,-3.3644955,0.12663894891738892,0.3959999978542328,0.27309998869895935
YJR050W,YOR133W,0,-3.36478,0.12659846246242523,0.3959999978542328,0.27320000529289246
YBR088C,YNL021W,0,-3.3648036,0.12655800580978394,0.3959999978542328,0.2732999920845032
YPL194W,YGR296W,1,-3.3650002,0.12683705985546112,0.3970000147819519,0.2732999920845032
YLR092W,YDL102W,0,-3.365203,0.12679654359817505,0.3970000147819519,0.2734000086784363
YPL033C,YDR495C,0,-3.365205,0.12675607204437256,0.3970000147819519,0.273499995470047
YHR001W,YJL214W,0,-3.3659167,0.12671561539173126,0.3970000147819519,0.2736000120639801
YNL310C,YOR267C,0,-3.366035,0.12667517364025116,0.3970000147819519,0.2736999988555908
YLR368W,YPR080W,0,-3.3660526,0.12663476169109344,0.3970000147819519,0.27379998564720154
YAL059W,YHR061C,0,-3.366151,0.1265943944454193,0.3970000147819519,0.27390000224113464
YPR030W,YLL050C,0,-3.366419,0.12655402719974518,0.3970000147819519,0.27399998903274536
YLR452C,YJL115W,0,-3.3664894,0.12651370465755463,0.3970000147819519,0.27410000562667847
YOR132W,YFL037W,0,-3.3664935,0.12647339701652527,0.3970000147819519,0.2741999924182892
YKR050W,YBR083W,0,-3.3666716,0.1264331191778183,0.3970000147819519,0.2743000090122223
YBR142W,YOL008W,0,-3.366776,0.12639287114143372,0.3970000147819519,0.274399995803833
YFR055W,YDR412W,0,-3.3669689,0.12635263800621033,0.3970000147819519,0.2745000123977661
YAL029C,YPL121C,1,-3.367112,0.12663060426712036,0.39800000190734863,0.2745000123977661
YAL053W,YMR246W,0,-3.3673437,0.1265903264284134,0.39800000190734863,0.27459999918937683
YGR227W,YIL053W,0,-3.367409,0.1265500783920288,0.39800000190734863,0.27469998598098755
YMR068W,YBR156C,0,-3.3677185,0.1265098601579666,0.39800000190734863,0.27480000257492065
YJL179W,YDR343C,0,-3.3677504,0.1264696568250656,0.39800000190734863,0.27489998936653137
YOR349W,YBR234C,0,-3.3684826,0.126429483294487,0.39800000190734863,0.2750000059604645
YDL148C,YFL014W,0,-3.3685067,0.12638932466506958,0.39800000190734863,0.2750999927520752
YDR240C,YBL025W,0,-3.368582,0.12634921073913574,0.39800000190734863,0.2752000093460083
YNL080C,YPR080W,0,-3.3686678,0.1263091117143631,0.39800000190734863,0.275299996137619
YBL052C,YDR263C,0,-3.369129,0.12626904249191284,0.39800000190734863,0.2754000127315521
YDL003W,YMR088C,0,-3.3691337,0.12622898817062378,0.39800000190734863,0.27549999952316284
YFL031W,YGR214W,0,-3.3696036,0.1261889636516571,0.39800000190734863,0.27559998631477356
YNL283C,YKL139W,0,-3.3702118,0.12614896893501282,0.39800000190734863,0.27570000290870667
YDR180W,YJL173C,1,-3.3703616,0.1264258623123169,0.39899998903274536,0.27570000290870667
YDL113C,YJL026W,0,-3.3704803,0.12638580799102783,0.39899998903274536,0.2757999897003174
YER062C,YMR298W,0,-3.371074,0.12634578347206116,0.39899998903274536,0.2759000062942505
YBR168W,YLL024C,0,-3.3713963,0.12630578875541687,0.39899998903274536,0.2759999930858612
YLR260W,YBR133C,0,-3.3714807,0.12626582384109497,0.39899998903274536,0.2761000096797943
YOR140W,YPL217C,0,-3.3715937,0.12622587382793427,0.39899998903274536,0.27619999647140503
YER111C,YMR053C,0,-3.371894,0.12618595361709595,0.39899998903274536,0.27630001306533813
YER106W,YLR320W,0,-3.3722107,0.12614606320858002,0.39899998903274536,0.27639999985694885
YCR092C,YBR098W,1,-3.3722386,0.12642225623130798,0.4000000059604645,0.27639999985694885
YGL150C,YLR129W,0,-3.372372,0.12638230621814728,0.4000000059604645,0.27649998664855957
YHR023W,YKR025W,0,-3.3725274,0.12634238600730896,0.4000000059604645,0.2766000032424927
YDR087C,YML099C,0,-3.3730934,0.12630249559879303,0.4000000059604645,0.2766999900341034
YGL053W,YMR208W,0,-3.373236,0.1262626200914383,0.4000000059604645,0.2768000066280365
YCR020C,YOL064C,0,-3.3733974,0.12622278928756714,0.4000000059604645,0.2768999934196472
YPR081C,YBR234C,0,-3.373809,0.12618295848369598,0.4000000059604645,0.2770000100135803
YOR224C,YDR103W,0,-3.3741043,0.1261431723833084,0.4000000059604645,0.27709999680519104
YDR072C,YPL138C,0,-3.3743079,0.12610340118408203,0.4000000059604645,0.27720001339912415
YAL029C,YER190W,1,-3.374442,0.12637881934642792,0.4009999930858612,0.27720001339912415
YGL087C,YDR382W,0,-3.3746595,0.12633900344371796,0.4009999930858612,0.27730000019073486
YAR008W,YPR168W,0,-3.3747623,0.12629921734333038,0.4009999930858612,0.2773999869823456
YIL159W,YBR089C-A,0,-3.3748221,0.126259446144104,0.4009999930858612,0.2775000035762787
YKR019C,YHR007C,0,-3.3748448,0.1262197047472,0.4009999930858612,0.2775999903678894
YCR092C,YOL090W,1,-3.3751574,0.1264946460723877,0.4020000100135803,0.2775999903678894
YOL158C,YPR138C,0,-3.3754942,0.12645485997200012,0.4020000100135803,0.2777000069618225
YDR106W,YOR381W,0,-3.375657,0.12641508877277374,0.4020000100135803,0.2777999937534332
YPL026C,YEL036C,0,-3.3759468,0.12637534737586975,0.4020000100135803,0.27790001034736633
YER044C-A,YBR073W,1,-3.3759673,0.1266499012708664,0.40299999713897705,0.27790001034736633
YJL122W,YBR082C,0,-3.3761559,0.12661011517047882,0.40299999713897705,0.27799999713897705
YNL148C,YLR106C,0,-3.3763125,0.12657035887241364,0.40299999713897705,0.27810001373291016
YER031C,YDR216W,0,-3.3765366,0.12653061747550964,0.40299999713897705,0.2782000005245209
YPR041W,YPL213W,0,-3.3768895,0.12649089097976685,0.40299999713897705,0.2782999873161316
YJR143C,YMR232W,0,-3.3771017,0.12645120918750763,0.40299999713897705,0.2784000039100647
YPL231W,YMR025W,0,-3.377538,0.1264115422964096,0.40299999713897705,0.2784999907016754
YJL041W,YBL084C,0,-3.37769,0.12637190520763397,0.40299999713897705,0.2786000072956085
YML029W,YEL065W,0,-3.3777778,0.12633228302001953,0.40299999713897705,0.27869999408721924
YLR214W,YPR057W,0,-3.378493,0.12629270553588867,0.40299999713897705,0.27880001068115234
YGR165W,YKL139W,0,-3.3786633,0.1262531280517578,0.40299999713897705,0.27889999747276306
YPL262W,YLR009W,0,-3.3788245,0.12621359527111053,0.40299999713897705,0.27900001406669617
YPL127C,YOR144C,1,-3.3789153,0.12648716568946838,0.40400001406669617,0.27900001406669617
YDR490C,YDL130W,0,-3.3794513,0.12644757330417633,0.40400001406669617,0.2791000008583069
YNR032C-A,YDL097C,0,-3.3798392,0.12640801072120667,0.40400001406669617,0.2791999876499176
YNL031C,YMR025W,0,-3.3798838,0.1263684630393982,0.40400001406669617,0.2793000042438507
YDL120W,YOR272W,0,-3.3800454,0.1263289600610733,0.40400001406669617,0.2793999910354614
YLR139C,YCR065W,0,-3.3802736,0.1262894719839096,0.40400001406669617,0.27950000762939453
YKL112W,YKL055C,0,-3.3802998,0.1262499988079071,0.40400001406669617,0.27959999442100525
YIL075C,YDR342C,0,-3.3804862,0.126210555434227,0.40400001406669617,0.27970001101493835
YGL136C,YPL093W,0,-3.3805804,0.12617114186286926,0.40400001406669617,0.2797999978065491
YAL020C,YDL007W,0,-3.3807063,0.12613175809383392,0.40400001406669617,0.2799000144004822
YNL247W,YBR087W,0,-3.3807604,0.12609238922595978,0.40400001406669617,0.2800000011920929
YLR154C,YHR023W,0,-3.381023,0.12605303525924683,0.40400001406669617,0.2800999879837036
YBR276C,YFL031W,0,-3.3811152,0.12601372599601746,0.40400001406669617,0.2802000045776367
YMR164C,YOR346W,0,-3.381129,0.12597443163394928,0.40400001406669617,0.28029999136924744
YJR125C,YOL076W,0,-3.3812976,0.1259351670742035,0.40400001406669617,0.28040000796318054
YDR235W,YJL125C,0,-3.3813872,0.1258959174156189,0.40400001406669617,0.28049999475479126
YOR181W,YDR244W,0,-3.3819108,0.1258566975593567,0.40400001406669617,0.28060001134872437
YBR098W,YPR164W,1,-3.3822172,0.1261289268732071,0.4050000011920929,0.28060001134872437
YDR343C,YDR288W,0,-3.3824768,0.1260896623134613,0.4050000011920929,0.2806999981403351
YDR252W,YDR404C,0,-3.3825448,0.1260504275560379,0.4050000011920929,0.2808000147342682
YOR349W,YKL022C,0,-3.3825946,0.1260112076997757,0.4050000011920929,0.2809000015258789
YLR079W,YLR276C,0,-3.3826454,0.12597200274467468,0.4050000011920929,0.2809999883174896
YBR091C,YJR017C,0,-3.3826468,0.12593284249305725,0.4050000011920929,0.28110000491142273
YMR199W,YGR070W,0,-3.3826582,0.125893697142601,0.4050000011920929,0.28119999170303345
YCL067C,YPR175W,0,-3.383093,0.12585456669330597,0.4050000011920929,0.28130000829696655
YLL041C,YJL207C,0,-3.3832157,0.1258154660463333,0.4050000011920929,0.28139999508857727
YBL052C,YFR019W,0,-3.3836977,0.12577639520168304,0.4050000011920929,0.2815000116825104
YPR138C,YPL193W,0,-3.3841212,0.12573735415935516,0.4050000011920929,0.2815999984741211
YFL025C,YMR119W,0,-3.3841882,0.12569832801818848,0.4050000011920929,0.2816999852657318
YDR251W,YKL086W,0,-3.3846517,0.12565931677818298,0.4050000011920929,0.2818000018596649
YNL036W,YPL119C,0,-3.3847415,0.12562035024166107,0.4050000011920929,0.28189998865127563
YLR139C,YOR103C,0,-3.384968,0.12558139860630035,0.4050000011920929,0.28200000524520874
YHR039C,YBR073W,1,-3.3851295,0.12585245072841644,0.4059999883174896,0.28200000524520874
YGL012W,YDR343C,0,-3.3852208,0.12581345438957214,0.4059999883174896,0.28209999203681946
YER159C,YGR103W,0,-3.385348,0.12577447295188904,0.4059999883174896,0.28220000863075256
YLR467W,YER173W,1,-3.3853786,0.12604521214962006,0.40700000524520874,0.28220000863075256
YDL159W,YGR279C,0,-3.3854666,0.12600618600845337,0.40700000524520874,0.2822999954223633
YER120W,YMR011W,0,-3.3857257,0.12596718966960907,0.40700000524520874,0.2824000120162964
YOL043C,YHR088W,0,-3.3858101,0.12592822313308716,0.40700000524520874,0.2824999988079071
YLR047C,YNL173C,0,-3.3861296,0.12588927149772644,0.40700000524520874,0.2825999855995178
YJL148W,YOL113W,0,-3.3866758,0.12585033476352692,0.40700000524520874,0.2827000021934509
YBR156C,YDR507C,0,-3.3866928,0.12581144273281097,0.40700000524520874,0.28279998898506165
YHR052W,YLR056W,0,-3.3873482,0.12577256560325623,0.40700000524520874,0.28290000557899475
YLL012W,YDR260C,0,-3.38745,0.12573370337486267,0.40700000524520874,0.28299999237060547
YDR146C,YFL016C,0,-3.3874552,0.1256948709487915,0.40700000524520874,0.2831000089645386
YCL027W,YGL087C,0,-3.3875,0.12565606832504272,0.40700000524520874,0.2831999957561493
YML043C,YEL019C,0,-3.3875484,0.12561728060245514,0.40700000524520874,0.2833000123500824
YLR357W,YNR032C-A,0,-3.387713,0.12557852268218994,0.40700000524520874,0.2833999991416931
YML041C,YKL143W,0,-3.3880932,0.12553979456424713,0.40700000524520874,0.28349998593330383
YGL092W,YNL259C,0,-3.388758,0.12550108134746552,0.40700000524520874,0.28360000252723694
YNL299W,YNL054W,0,-3.3892295,0.1254623979330063,0.40700000524520874,0.28369998931884766
YCR092C,YDL154W,1,-3.3893936,0.12573190033435822,0.40799999237060547,0.28369998931884766
YER082C,YNL323W,0,-3.389746,0.1256931573152542,0.40799999237060547,0.28380000591278076
YDR494W,YGL178W,0,-3.3901615,0.1256544440984726,0.40799999237060547,0.2838999927043915
YOR056C,YER103W,0,-3.3902557,0.12561576068401337,0.40799999237060547,0.2840000092983246
YBL088C,YKR099W,1,-3.3908403,0.12588489055633545,0.4090000092983246,0.2840000092983246
YDL155W,YIL002C,0,-3.391126,0.12584614753723145,0.4090000092983246,0.2840999960899353
YDR545W,YOL072W,1,-3.391271,0.12611503899097443,0.4099999964237213,0.2840999960899353
YOR007C,YKL143W,0,-3.3915594,0.12607626616954803,0.4099999964237213,0.2842000126838684
YPR175W,YDR103W,0,-3.3916295,0.12603750824928284,0.4099999964237213,0.2842999994754791
YGR217W,YBR267W,0,-3.3919804,0.12599876523017883,0.4099999964237213,0.28439998626708984
YIL112W,YDR173C,0,-3.3926883,0.1259600669145584,0.4099999964237213,0.28450000286102295
YDR123C,YEL004W,0,-3.3927276,0.125921368598938,0.4099999964237213,0.28459998965263367
YGL144C,YDR492W,0,-3.39302,0.12588271498680115,0.4099999964237213,0.2847000062465668
YBR211C,YFR001W,0,-3.3932693,0.1258440762758255,0.4099999964237213,0.2847999930381775
YLR071C,YJR006W,0,-3.3933246,0.12580546736717224,0.4099999964237213,0.2849000096321106
YOL002C,YJL005W,0,-3.3938909,0.12576687335968018,0.4099999964237213,0.2849999964237213
YGR047C,YDR385W,0,-3.3943815,0.1257283091545105,0.4099999964237213,0.2851000130176544
YDL008W,YPR016C,0,-3.3946145,0.12568975985050201,0.4099999964237213,0.28519999980926514
YNL202W,YER111C,0,-3.3952062,0.12565124034881592,0.4099999964237213,0.28529998660087585
YJL148W,YPL016W,0,-3.3952618,0.1256127506494522,0.4099999964237213,0.28540000319480896
YDL056W,YDR523C,0,-3.3954027,0.1255742758512497,0.4099999964237213,0.2854999899864197
YDR448W,YGL249W,0,-3.3954327,0.12553583085536957,0.4099999964237213,0.2856000065803528
YNL292W,YOR068C,0,-3.3956335,0.12549740076065063,0.4099999964237213,0.2856999933719635
YHR089C,YBR199W,0,-3.3956916,0.1254590004682541,0.4099999964237213,0.2858000099658966
YDL161W,YPR163C,0,-3.3958445,0.12542061507701874,0.4099999964237213,0.2858999967575073
YLR376C,YJR143C,0,-3.395943,0.12538225948810577,0.4099999964237213,0.28600001335144043
YHR154W,YBR136W,1,-3.396043,0.12564964592456818,0.41100001335144043,0.28600001335144043
YKR067W,YKL042W,0,-3.39632,0.12561124563217163,0.41100001335144043,0.28610000014305115
YGR014W,YDR120C,0,-3.396591,0.12557287514209747,0.41100001335144043,0.28619998693466187
YPR042C,YJL139C,0,-3.3971004,0.1255345195531845,0.41100001335144043,0.28630000352859497
YKL201C,YCR035C,0,-3.3971436,0.12549617886543274,0.41100001335144043,0.2863999903202057
YAR007C,YML062C,1,-3.3975437,0.12576313316822052,0.41200000047683716,0.2863999903202057
YPL255W,YER044C,0,-3.3980815,0.12572474777698517,0.41200000047683716,0.2865000069141388
YPR010C,YOR344C,0,-3.3982656,0.1256863921880722,0.41200000047683716,0.2865999937057495
YOL045W,YDR256C,0,-3.398483,0.12564806640148163,0.41200000047683716,0.2867000102996826
YCL066W,YHR172W,0,-3.3987434,0.12560975551605225,0.41200000047683716,0.28679999709129333
YPR031W,YCR073W-A,0,-3.3989608,0.12557147443294525,0.41200000047683716,0.28690001368522644
YGR040W,YDL208W,0,-3.3991764,0.12553320825099945,0.41200000047683716,0.28700000047683716
YDR046C,YJR033C,0,-3.3993735,0.12549497187137604,0.41200000047683716,0.2870999872684479
YGL055W,YMR201C,0,-3.3998988,0.125456765294075,0.41200000047683716,0.287200003862381
YJR153W,YKL166C,0,-3.3999364,0.12541857361793518,0.41200000047683716,0.2872999906539917
YDR484W,YMR199W,0,-3.3999658,0.12538039684295654,0.41200000047683716,0.2874000072479248
YKL139W,YGR020C,0,-3.4010434,0.1253422647714615,0.41200000047683716,0.2874999940395355
YFL016C,YGL178W,0,-3.4010584,0.12530413269996643,0.41200000047683716,0.28760001063346863
YMR177W,YGR254W,0,-3.4014642,0.12526604533195496,0.41200000047683716,0.28769999742507935
YNL323W,YDL081C,0,-3.4016788,0.12522795796394348,0.41200000047683716,0.28780001401901245
YJL170C,YLR320W,0,-3.4019148,0.1251899152994156,0.41200000047683716,0.28790000081062317
YDR171W,YLR254C,0,-3.4028807,0.1251518875360489,0.41200000047683716,0.2879999876022339
YGL175C,YNL139C,1,-3.4030256,0.1254175454378128,0.4129999876022339,0.2879999876022339
YOR137C,YER120W,0,-3.4033458,0.12537947297096252,0.4129999876022339,0.288100004196167
YDR416W,YKR042W,0,-3.4035132,0.12534143030643463,0.4129999876022339,0.2881999909877777
YCR092C,YBR136W,1,-3.4039881,0.12560679018497467,0.414000004529953,0.2881999909877777
YJL033W,YIL049W,0,-3.4042165,0.1255687028169632,0.414000004529953,0.2883000075817108
YKL213C,YBR048W,0,-3.4045184,0.12553063035011292,0.414000004529953,0.28839999437332153
YIR017C,YJR118C,0,-3.4046516,0.12549257278442383,0.414000004529953,0.28850001096725464
YCR027C,YGR280C,0,-3.404756,0.12545454502105713,0.414000004529953,0.28859999775886536
YLR442C,YKL208W,0,-3.4048321,0.12541654706001282,0.414000004529953,0.28870001435279846
YPL098C,YJL122W,0,-3.4048655,0.1253785640001297,0.414000004529953,0.2888000011444092
YLR047C,YLR372W,0,-3.405173,0.12534059584140778,0.414000004529953,0.2888999879360199
YJL100W,YHR089C,0,-3.4055145,0.12530265748500824,0.414000004529953,0.289000004529953
YIL138C,YDR259C,0,-3.4055812,0.1252647489309311,0.414000004529953,0.2890999913215637
YGR059W,YPL078C,0,-3.4056668,0.12522685527801514,0.414000004529953,0.2892000079154968
YML023C,YNR034W,0,-3.4057548,0.12518899142742157,0.414000004529953,0.28929999470710754
YPL211W,YNL039W,0,-3.4058256,0.1251511424779892,0.414000004529953,0.28940001130104065
YPR031W,YNR054C,0,-3.4061458,0.1251133233308792,0.414000004529953,0.28949999809265137
YJL080C,YBL093C,0,-3.4062626,0.1250755339860916,0.414000004529953,0.2896000146865845
YML064C,YOL156W,0,-3.4064696,0.1250377595424652,0.414000004529953,0.2897000014781952
YGR175C,YFR027W,0,-3.4067051,0.125,0.414000004529953,0.2897999882698059
YLR215C,YOR073W,0,-3.4067767,0.12496227025985718,0.414000004529953,0.289900004863739
YPR201W,YJL186W,0,-3.4070072,0.12492456287145615,0.414000004529953,0.28999999165534973
YNL082W,YLR467W,1,-3.4074113,0.12518854439258575,0.41499999165534973,0.28999999165534973
YJR135C,YDL130W-A,0,-3.4075172,0.12515078485012054,0.41499999165534973,0.29010000824928284
YMR186W,YLR102C,0,-3.408044,0.12511305510997772,0.41499999165534973,0.29019999504089355
YOR084W,YGR225W,0,-3.4087517,0.1250753402709961,0.41499999165534973,0.29030001163482666
YGR211W,YOR229W,0,-3.4087646,0.12503765523433685,0.41499999165534973,0.2903999984264374
YDL166C,YDR259C,0,-3.4088647,0.125,0.41499999165534973,0.2904999852180481
YPR081C,YCL063W,0,-3.40919,0.12496235966682434,0.41499999165534973,0.2906000018119812
YBR020W,YKL022C,0,-3.4094334,0.12492474168539047,0.41499999165534973,0.2906999886035919
YPL083C,YGL063W,0,-3.4110708,0.12488715350627899,0.41499999165534973,0.290800005197525
YGR128C,YHR108W,0,-3.4112206,0.1248495802283287,0.41499999165534973,0.29089999198913574
YGL008C,YIL126W,0,-3.411397,0.12481202930212021,0.41499999165534973,0.29100000858306885
YOR371C,YHL047C,0,-3.411466,0.1247745007276535,0.41499999165534973,0.29109999537467957
YAL034W-A,YMR125W,0,-3.4120395,0.12473700195550919,0.41499999165534973,0.29120001196861267
YDR040C,YOL125W,0,-3.4120445,0.12469951808452606,0.41499999165534973,0.2912999987602234
YGL151W,YPL001W,0,-3.4121418,0.12466206401586533,0.41499999165534973,0.2913999855518341
YDR235W,YHR062C,0,-3.412919,0.12462462484836578,0.41499999165534973,0.2915000021457672
YDR343C,YJR068W,0,-3.4130847,0.12458720803260803,0.41499999165534973,0.29159998893737793
YCL034W,YOR133W,0,-3.4132962,0.12454982101917267,0.41499999165534973,0.29170000553131104
YKR050W,YDR503C,0,-3.4138892,0.1245124489068985,0.41499999165534973,0.29179999232292175
YNL126W,YAL025C,0,-3.414307,0.12447510659694672,0.41499999165534973,0.29190000891685486
YGR133W,YJL183W,0,-3.4143546,0.12443777918815613,0.41499999165534973,0.2919999957084656
YJR053W,YHR205W,0,-3.4145753,0.12440048158168793,0.41499999165534973,0.2921000123023987
YPL018W,YER149C,0,-3.4147854,0.12436319887638092,0.41499999165534973,0.2921999990940094
YJL157C,YJR090C,0,-3.4147868,0.1243259459733963,0.41499999165534973,0.2922999858856201
YKL129C,YDL170W,0,-3.4149559,0.12428870797157288,0.41499999165534973,0.2924000024795532
YEL054C,YJL115W,0,-3.4156215,0.12425149977207184,0.41499999165534973,0.29249998927116394
YOR233W,YKL220C,0,-3.415664,0.124214306473732,0.41499999165534973,0.29260000586509705
YCR089W,YER018C,0,-3.4156854,0.12417714297771454,0.41499999165534973,0.29269999265670776
YOL090W,YBR279W,1,-3.4160316,0.12443912774324417,0.41600000858306885,0.29269999265670776
YLR025W,YEL032W,0,-3.4164693,0.12440191209316254,0.41600000858306885,0.29280000925064087
YGR078C,YGL075C,0,-3.4167721,0.12436472624540329,0.41600000858306885,0.2928999960422516
YPL135W,YDR108W,0,-3.4168313,0.12432755529880524,0.41600000858306885,0.2930000126361847
YDL161W,YDR382W,0,-3.4170444,0.12429040670394897,0.41600000858306885,0.2930999994277954
YDL035C,YPL192C,0,-3.417085,0.1242532879114151,0.41600000858306885,0.29319998621940613
YPR054W,YOL021C,0,-3.4173505,0.12421618402004242,0.41600000858306885,0.29330000281333923
YER044C-A,YNL312W,1,-3.4173675,0.12447760999202728,0.4169999957084656,0.29330000281333923
YBR097W,YBL002W,0,-3.4180653,0.12444046884775162,0.4169999957084656,0.29339998960494995
YPL194W,YDR097C,1,-3.4182317,0.12470167130231857,0.4180000126361847,0.29339998960494995
YDR004W,YNL088W,1,-3.4183009,0.124962717294693,0.4189999997615814,0.29339998960494995
YPL106C,YJL209W,0,-3.4183311,0.12492546439170837,0.4189999997615814,0.29350000619888306
YMR190C,YJL173C,1,-3.418718,0.12518629431724548,0.41999998688697815,0.29350000619888306
YGL018C,YHR006W,0,-3.418749,0.1251489818096161,0.41999998688697815,0.2935999929904938
YPL049C,YOR180C,0,-3.4188392,0.12511171400547028,0.41999998688697815,0.2937000095844269
YAR007C,YLR467W,1,-3.4189787,0.1253722459077835,0.42100000381469727,0.2937000095844269
YKL205W,YPR082C,0,-3.4190862,0.12533491849899292,0.42100000381469727,0.2937999963760376
YHR197W,YBR082C,0,-3.4190938,0.12529762089252472,0.42100000381469727,0.2939000129699707
YGL240W,YCR009C,0,-3.4192646,0.1252603381872177,0.42100000381469727,0.2939999997615814
YBR160W,YPL217C,0,-3.4196358,0.1252230852842331,0.42100000381469727,0.29409998655319214
YAL017W,YLR148W,0,-3.4197729,0.12518584728240967,0.42100000381469727,0.29420000314712524
YHR082C,YNL025C,0,-3.419939,0.12514863908290863,0.42100000381469727,0.29429998993873596
YHR042W,YFR027W,0,-3.4200747,0.1251114457845688,0.42100000381469727,0.29440000653266907
YMR068W,YBL051C,0,-3.420427,0.12507426738739014,0.42100000381469727,0.2944999933242798
YJL157C,YFR027W,0,-3.4206302,0.12503711879253387,0.42100000381469727,0.2946000099182129
YLR370C,YDR270W,0,-3.4206376,0.125,0.42100000381469727,0.2946999967098236
YLR092W,YPL026C,0,-3.4206626,0.12496289610862732,0.42100000381469727,0.2948000133037567
YBR087W,YCR028C-A,0,-3.4207933,0.12492581456899643,0.42100000381469727,0.29490000009536743
YML011C,YIL114C,0,-3.4208553,0.12488875538110733,0.42100000381469727,0.29499998688697815
YMR238W,YML130C,0,-3.4210746,0.12485171854496002,0.42100000381469727,0.29510000348091125
YDR488C,YOR386W,0,-3.4217918,0.1248147040605545,0.42100000381469727,0.295199990272522
YGR246C,YMR092C,0,-3.4224117,0.12477771192789078,0.42100000381469727,0.2953000068664551
YOR239W,YMR168C,0,-3.4224973,0.12474074214696884,0.42100000381469727,0.2953999936580658
YOR275C,YJL170C,0,-3.422592,0.1247037947177887,0.42100000381469727,0.2955000102519989
YIR002C,YJL101C,0,-3.4227178,0.12466686218976974,0.42100000381469727,0.2955999970436096
YPR094W,YHR007C,0,-3.4230044,0.12462995946407318,0.42100000381469727,0.2957000136375427
YER190W,YOR354C,1,-3.4233418,0.12488902360200882,0.421999990940094,0.2957000136375427
YNL245C,YBR231C,0,-3.4233747,0.12485206872224808,0.421999990940094,0.29580000042915344
YHL034C,YFR031C,0,-3.4234796,0.12481514364480972,0.421999990940094,0.29589998722076416
YJR147W,YHR197W,0,-3.424005,0.12477824091911316,0.421999990940094,0.29600000381469727
YAR007C,YGL043W,1,-3.4241045,0.12503695487976074,0.4230000078678131,0.29600000381469727
YMR238W,YER119C,0,-3.4242542,0.125,0.4230000078678131,0.296099990606308
YFL025C,YBR106W,0,-3.424331,0.12496307492256165,0.4230000078678131,0.2962000072002411
YBR167C,YPR144C,0,-3.424652,0.12492616474628448,0.4230000078678131,0.2962999939918518
YBR098W,YMR133W,1,-3.426119,0.1251845359802246,0.42399999499320984,0.2962999939918518
YMR198W,YER174C,0,-3.42644,0.12514758110046387,0.42399999499320984,0.2964000105857849
YLR240W,YFL025C,0,-3.4265301,0.1251106560230255,0.42399999499320984,0.29649999737739563
YNR034W,YLR438C-A,0,-3.4266098,0.12507374584674835,0.42399999499320984,0.29660001397132874
YDL022W,YMR267W,0,-3.4269269,0.12503686547279358,0.42399999499320984,0.29670000076293945
YGL120C,YOR057W,0,-3.42827,0.125,0.42399999499320984,0.29679998755455017
YJL100W,YNR060W,0,-3.4285457,0.12496315687894821,0.42399999499320984,0.2969000041484833
YEL062W,YBR041W,0,-3.428768,0.12492634356021881,0.42399999499320984,0.296999990940094
YJR118C,YFR027W,0,-3.4289813,0.1248895451426506,0.42399999499320984,0.2971000075340271
YDR036C,YKR009C,0,-3.4291937,0.12485276907682419,0.42399999499320984,0.2971999943256378
YNL126W,YKL086W,0,-3.4297416,0.12481601536273956,0.42399999499320984,0.2973000109195709
YLR467W,YML062C,1,-3.4300008,0.12507356703281403,0.42500001192092896,0.2973000109195709
YPR193C,YDR447C,0,-3.4300559,0.12503677606582642,0.42500001192092896,0.29739999771118164
YGL169W,YDR382W,0,-3.4301167,0.125,0.42500001192092896,0.29750001430511475
YPR009W,YGL021W,0,-3.430193,0.12496324628591537,0.42500001192092896,0.29760000109672546
YOL077W-A,YMR227C,0,-3.4302676,0.12492651492357254,0.42500001192092896,0.2976999878883362
YIL009W,YPL267W,0,-3.430367,0.1248898059129715,0.42500001192092896,0.2978000044822693
YAR007C,YOR144C,1,-3.4304073,0.12514688074588776,0.4259999990463257,0.2978000044822693
YIL051C,YMR053C,0,-3.4304175,0.12511013448238373,0.4259999990463257,0.29789999127388
YNL282W,YBR083W,0,-3.4306743,0.1250734031200409,0.4259999990463257,0.2980000078678131
YPL217C,YPR036W,0,-3.4310234,0.12503668665885925,0.4259999990463257,0.29809999465942383
YDR252W,YMR311C,0,-3.431288,0.125,0.4259999990463257,0.29820001125335693
YJR135C,YNR044W,0,-3.431348,0.12496333569288254,0.4259999990463257,0.29829999804496765
YDR258C,YMR016C,0,-3.4315696,0.12492668628692627,0.4259999990463257,0.29840001463890076
YDR046C,YDR178W,0,-3.4319172,0.12489005923271179,0.4259999990463257,0.2985000014305115
YLR396C,YNL151C,0,-3.4320402,0.1248534619808197,0.4259999990463257,0.2985999882221222
YBL046W,YLR449W,0,-3.4321015,0.1248168796300888,0.4259999990463257,0.2987000048160553
YAL015C,YPL271W,0,-3.4323223,0.1247803196310997,0.4259999990463257,0.298799991607666
YHR023W,YIL065C,0,-3.432703,0.12474377453327179,0.4259999990463257,0.2989000082015991
YER070W,YJL034W,0,-3.4329398,0.12470725923776627,0.4259999990463257,0.29899999499320984
YDR060W,YER167W,0,-3.4330406,0.12467076629400253,0.4259999990463257,0.29910001158714294
YIL056W,YAL056W,0,-3.433441,0.1246342882514,0.4259999990463257,0.29919999837875366
YKR101W,YPL211W,0,-3.4337404,0.12459783256053925,0.4259999990463257,0.2992999851703644
YML024W,YNL116W,0,-3.4338067,0.12456140667200089,0.4259999990463257,0.2994000017642975
YHR011W,YEL063C,0,-3.4339242,0.12452499568462372,0.4259999990463257,0.2994999885559082
YDL003W,YNR015W,0,-3.433953,0.12448859959840775,0.4259999990463257,0.2996000051498413
YER089C,YBL035C,0,-3.4342048,0.12445223331451416,0.4259999990463257,0.299699991941452
YLR138W,YGR225W,0,-3.434316,0.12441588938236237,0.4259999990463257,0.29980000853538513
YCL067C,YHR082C,0,-3.4346209,0.12437956035137177,0.4259999990463257,0.29989999532699585
YDR277C,YCR024C-A,0,-3.4346478,0.12434326112270355,0.4259999990463257,0.30000001192092896
YMR273C,YDR146C,0,-3.4347703,0.12430697679519653,0.4259999990463257,0.3000999987125397
YPR019W,YMR280C,0,-3.4349976,0.1242707148194313,0.4259999990463257,0.3001999855041504
YDL030W,YAL020C,0,-3.4350786,0.12423446774482727,0.4259999990463257,0.3003000020980835
YPR122W,YDR108W,0,-3.435488,0.12419825047254562,0.4259999990463257,0.3003999888896942
YDR527W,YOR103C,0,-3.4355996,0.12416205555200577,0.4259999990463257,0.3005000054836273
YML047C,YMR068W,0,-3.4361699,0.1241258755326271,0.4259999990463257,0.30059999227523804
YBR211C,YGL014W,0,-3.4369805,0.12408971786499023,0.4259999990463257,0.30070000886917114
YGL192W,YDR013W,0,-3.4372327,0.12405358254909515,0.4259999990463257,0.30079999566078186
YPR135W,YNL037C,0,-3.437595,0.12401746958494186,0.4259999990463257,0.30090001225471497
YBR272C,YER003C,0,-3.437671,0.12398137152194977,0.4259999990463257,0.3009999990463257
YKR099W,YHR154W,1,-3.4390314,0.12423625588417053,0.4269999861717224,0.3009999990463257
YER025W,YHR031C,0,-3.439116,0.12420011311769485,0.4269999861717224,0.3010999858379364
YDL022W,YER088C,0,-3.4391415,0.12416400015354156,0.4269999861717224,0.3012000024318695
YER174C,YBR048W,0,-3.4395106,0.12412790954113007,0.4269999861717224,0.3012999892234802
YOR193W,YNL008C,0,-3.4395108,0.12409183382987976,0.4269999861717224,0.30140000581741333
YKL165C,YMR052W,0,-3.4395618,0.12405578047037125,0.4269999861717224,0.30149999260902405
YGR006W,YBL082C,0,-3.4400046,0.12401974946260452,0.4269999861717224,0.30160000920295715
YGL096W,YDL132W,0,-3.4400113,0.12398374080657959,0.4269999861717224,0.30169999599456787
YBL084C,YGL075C,0,-3.4409757,0.12394774705171585,0.4269999861717224,0.301800012588501
YMR133W,YML062C,1,-3.4412184,0.12420197576284409,0.42800000309944153,0.301800012588501
YDL148C,YNR049C,0,-3.441302,0.12416594475507736,0.42800000309944153,0.3018999993801117
YJL080C,YJL127C,0,-3.4413612,0.12412992864847183,0.42800000309944153,0.3019999861717224
YER038C,YDR167W,0,-3.4417374,0.12409394234418869,0.42800000309944153,0.3021000027656555
YNL164C,YBR170C,0,-3.4419296,0.12405797094106674,0.42800000309944153,0.30219998955726624
YOR110W,YAL030W,0,-3.4422362,0.12402202188968658,0.42800000309944153,0.30230000615119934
YJR160C,YOL127W,0,-3.4425666,0.12398609519004822,0.42800000309944153,0.30239999294281006
YGR169C,YDL235C,0,-3.4429424,0.12395019084215164,0.42800000309944153,0.30250000953674316
YLR154C,YDR270W,0,-3.443003,0.12391430139541626,0.42800000309944153,0.3025999963283539
YBR084W,YAL053W,0,-3.4438477,0.12387843430042267,0.42800000309944153,0.302700012922287
YBR279W,YOR033C,1,-3.4444869,0.1241319477558136,0.42899999022483826,0.302700012922287
YGL232W,YJL058C,0,-3.444492,0.12409603595733643,0.42899999022483826,0.3027999997138977
YDR004W,YDL164C,1,-3.4449494,0.12434933334589005,0.4300000071525574,0.3027999997138977
YBL088C,YPL164C,1,-3.444998,0.12460248917341232,0.4309999942779541,0.3027999997138977
YLR228C,YJR045C,0,-3.4451077,0.1245664730668068,0.4309999942779541,0.3028999865055084
YMR227C,YFL016C,0,-3.4452517,0.12453047931194305,0.4309999942779541,0.30300000309944153
YDL077C,YER142C,0,-3.4457686,0.1244945153594017,0.4309999942779541,0.30309998989105225
YHR099W,YHR172W,0,-3.445915,0.12445855885744095,0.4309999942779541,0.30320000648498535
YHL007C,YGR008C,0,-3.4464939,0.12442263215780258,0.4309999942779541,0.30329999327659607
YER168C,YDR495C,0,-3.4465292,0.124386727809906,0.4309999942779541,0.3034000098705292
YGL063W,YFL055W,0,-3.4466817,0.12435083836317062,0.4309999942779541,0.3034999966621399
YDL166C,YNL197C,0,-3.4467285,0.12431497126817703,0.4309999942779541,0.303600013256073
YNL014W,YGR156W,0,-3.4467888,0.12427912652492523,0.4309999942779541,0.3037000000476837
YLL018C-A,YMR285C,0,-3.4470618,0.12424329668283463,0.4309999942779541,0.30379998683929443
YIR026C,YDR173C,0,-3.4474547,0.12420748919248581,0.4309999942779541,0.30390000343322754
YER044C-A,YML095C,1,-3.4475274,0.12445981055498123,0.4320000112056732,0.30390000343322754
YMR273C,YPR181C,0,-3.4475539,0.12442396581172943,0.4320000112056732,0.30399999022483826
YPL106C,YDR163W,0,-3.4475973,0.12438813596963882,0.4320000112056732,0.30410000681877136
YNR032C-A,YGR195W,0,-3.448631,0.12435232847929001,0.4320000112056732,0.3041999936103821
YKR037C,YKR081C,0,-3.4486525,0.12431654334068298,0.4320000112056732,0.3043000102043152
YEL036C,YLR263W,0,-3.4487493,0.12428078055381775,0.4320000112056732,0.3043999969959259
YGL205W,YPR163C,0,-3.4488342,0.1242450401186943,0.4320000112056732,0.304500013589859
YML114C,YDR479C,0,-3.448848,0.12420931458473206,0.4320000112056732,0.3046000003814697
YHR058C,YDR484W,0,-3.448912,0.1241736114025116,0.4320000112056732,0.30469998717308044
YIR009W,YPR135W,0,-3.449013,0.12413793057203293,0.4320000112056732,0.30480000376701355
YLR133W,YBR258C,0,-3.4490402,0.12410227209329605,0.4320000112056732,0.30489999055862427
YDR138W,YNL330C,1,-3.4490778,0.1243538185954094,0.43299999833106995,0.30489999055862427
YOL002C,YPL098C,0,-3.449209,0.12431811541318893,0.43299999833106995,0.3050000071525574
YER068W,YPL131W,0,-3.4493647,0.12428243458271027,0.43299999833106995,0.3050999939441681
YPL211W,YGL178W,0,-3.4493737,0.12424676865339279,0.43299999833106995,0.3052000105381012
YDR180W,YBR136W,1,-3.4494317,0.12449799478054047,0.4339999854564667,0.3052000105381012
YER127W,YOR129C,0,-3.4494958,0.12446229159832001,0.4339999854564667,0.3052999973297119
YKL007W,YHR073W,0,-3.4499028,0.12442660331726074,0.4339999854564667,0.305400013923645
YOL004W,YMR319C,0,-3.4499395,0.12439094483852386,0.4339999854564667,0.30550000071525574
YEL004W,YDR283C,0,-3.4505966,0.12435530126094818,0.4339999854564667,0.30559998750686646
YDR235W,YML057W,0,-3.4506843,0.12431968003511429,0.4339999854564667,0.30570000410079956
YER070W,YFR036W,0,-3.4506953,0.12428408116102219,0.4339999854564667,0.3057999908924103
YOL100W,YBR084W,0,-3.4512086,0.12424849718809128,0.4339999854564667,0.3059000074863434
YPL007C,YLR109W,0,-3.45133,0.12421293556690216,0.4339999854564667,0.3059999942779541
YGR296W,YNL139C,1,-3.4522564,0.1244635209441185,0.4350000023841858,0.3059999942779541
YPR201W,YMR162C,0,-3.4523125,0.1244279146194458,0.4350000023841858,0.3061000108718872
YJL003W,YPL170W,0,-3.4524667,0.12439233809709549,0.4350000023841858,0.3061999976634979
YIL016W,YLR071C,0,-3.4526837,0.12435677647590637,0.4350000023841858,0.30630001425743103
YIL139C,YPR113W,0,-3.4533648,0.12432123720645905,0.4350000023841858,0.30640000104904175
YGR142W,YPR104C,0,-3.4533856,0.12428571283817291,0.4350000023841858,0.30649998784065247
YBL003C,YOR014W,0,-3.453499,0.12425021082162857,0.4350000023841858,0.30660000443458557
YML085C,YDR191W,0,-3.4537537,0.12421473115682602,0.4350000023841858,0.3066999912261963
YDL022W,YOR039W,0,-3.4538376,0.12417927384376526,0.4350000023841858,0.3068000078201294
YKL182W,YBR169C,0,-3.4539788,0.12414383888244629,0.4350000023841858,0.3068999946117401
YAL005C,YPL135W,0,-3.4543157,0.12410841882228851,0.4350000023841858,0.3070000112056732
YIR018W,YPR175W,0,-3.4543438,0.12407302111387253,0.4350000023841858,0.30709999799728394
YKL043W,YBL002W,0,-3.4546244,0.12403763830661774,0.4350000023841858,0.30720001459121704
YKL016C,YGR214W,0,-3.454951,0.12400227785110474,0.4350000023841858,0.30730000138282776
YCL067C,YER042W,0,-3.4552114,0.12396693974733353,0.4350000023841858,0.3073999881744385
YPR161C,YGL255W,0,-3.4553702,0.12393162399530411,0.4350000023841858,0.3075000047683716
YLR275W,YJL030W,0,-3.4553912,0.12389632314443588,0.4350000023841858,0.3075999915599823
YLR045C,YJR069C,0,-3.4556124,0.12386104464530945,0.4350000023841858,0.3077000081539154
YJL148W,YKL040C,0,-3.4558702,0.1238257884979248,0.4350000023841858,0.3077999949455261
YPR187W,YMR101C,0,-3.4561524,0.12379055470228195,0.4350000023841858,0.30790001153945923
YNL008C,YDR162C,0,-3.456793,0.12375533580780029,0.4350000023841858,0.30799999833106995
YOR266W,YIL009W,0,-3.4568558,0.12372013926506042,0.4350000023841858,0.30809998512268066
YDR146C,YBR080C,0,-3.4570045,0.12368495762348175,0.4350000023841858,0.30820000171661377
YNL118C,YDL017W,0,-3.4570103,0.12364979833364487,0.4350000023841858,0.3082999885082245
YCR066W,YNL138W,0,-3.4573414,0.12361466139554977,0.4350000023841858,0.3084000051021576
YMR036C,YGL037C,0,-3.4574971,0.12357954680919647,0.4350000023841858,0.3084999918937683
YKL212W,YGR289C,0,-3.457923,0.12354444712400436,0.4350000023841858,0.3086000084877014
YML011C,YBR275C,0,-3.458338,0.12350936979055405,0.4350000023841858,0.30869999527931213
YLR263W,YDR400W,0,-3.4587376,0.12347431480884552,0.4350000023841858,0.30880001187324524
YJR104C,YKL220C,0,-3.4588983,0.12343927472829819,0.4350000023841858,0.30889999866485596
YBR097W,YKL081W,0,-3.459039,0.12340425699949265,0.4350000023841858,0.3089999854564667
YML047C,YDR130C,0,-3.4594395,0.1233692541718483,0.4350000023841858,0.3091000020503998
YPR168W,YLR320W,0,-3.459698,0.12333428114652634,0.4350000023841858,0.3091999888420105
YDR058C,YOR373W,0,-3.4600658,0.12329932302236557,0.4350000023841858,0.3093000054359436
YCL008C,YNL325C,0,-3.4611883,0.123264379799366,0.4350000023841858,0.3093999922275543
YHR166C,YPL146C,0,-3.4614904,0.12322945892810822,0.4350000023841858,0.3095000088214874
YKL188C,YDL043C,0,-3.461806,0.12319456040859222,0.4350000023841858,0.30959999561309814
YEL065W,YNR013C,0,-3.4618657,0.12315968424081802,0.4350000023841858,0.30970001220703125
YJL194W,YLR324W,0,-3.4621124,0.12312482297420502,0.4350000023841858,0.30979999899864197
YHR099W,YMR172W,0,-3.4621208,0.1230899840593338,0.4350000023841858,0.3098999857902527
YPL127C,YDR369C,1,-3.4625332,0.12333805114030838,0.4359999895095825,0.3098999857902527
YDR097C,YLR467W,1,-3.4625614,0.12358596920967102,0.43700000643730164,0.3098999857902527
YER044C-A,YOL072W,1,-3.4631777,0.12383376061916351,0.43799999356269836,0.3098999857902527
YJL170C,YIL125W,0,-3.4632132,0.12379875779151917,0.43799999356269836,0.3100000023841858
YCR066W,YOL013C,0,-3.4632177,0.12376377731561661,0.43799999356269836,0.3100999891757965
YMR190C,YER147C,1,-3.463411,0.12401130050420761,0.4390000104904175,0.3100999891757965
YNL242W,YPL117C,0,-3.4635243,0.12397627532482147,0.4390000104904175,0.3102000057697296
YCR093W,YOL125W,0,-3.4635713,0.12394127249717712,0.4390000104904175,0.31029999256134033
YPL091W,YKL022C,0,-3.4636614,0.12390629202127457,0.4390000104904175,0.31040000915527344
YBL071W-A,YDR385W,0,-3.4638772,0.1238713338971138,0.4390000104904175,0.31049999594688416
YMR175W,YDL128W,0,-3.4640877,0.12383639067411423,0.4390000104904175,0.31060001254081726
YOR279C,YDL051W,0,-3.4641507,0.12380146980285645,0.4390000104904175,0.310699999332428
YPR137W,YOR037W,0,-3.4644716,0.12376656383275986,0.4390000104904175,0.3107999861240387
YDR295C,YMR168C,0,-3.4648464,0.12373168021440506,0.4390000104904175,0.3109000027179718
YEL004W,YDR404C,0,-3.4648666,0.12369681894779205,0.4390000104904175,0.3109999895095825
YGR103W,YGL207W,0,-3.4650161,0.12366197258234024,0.4390000104904175,0.3111000061035156
YIR026C,YDR342C,0,-3.4652293,0.12362714856863022,0.4390000104904175,0.31119999289512634
YIR018W,YLR175W,0,-3.4653523,0.12359233945608139,0.4390000104904175,0.31130000948905945
YBR088C,YDR194C,0,-3.4653862,0.12355756014585495,0.4390000104904175,0.31139999628067017
YBL004W,YDR073W,0,-3.4656053,0.1235227882862091,0.4390000104904175,0.31150001287460327
YOL090W,YJR021C,1,-3.4665768,0.12376933544874191,0.4399999976158142,0.31150001287460327
YBR244W,YDR258C,0,-3.466633,0.12373453378677368,0.4399999976158142,0.311599999666214
YER082C,YKR022C,0,-3.4669096,0.12369974702596664,0.4399999976158142,0.3116999864578247
YDR516C,YIL023C,0,-3.4670649,0.1236649826169014,0.4399999976158142,0.3118000030517578
YLR260W,YOL156W,0,-3.4672682,0.12363023310899734,0.4399999976158142,0.31189998984336853
YGR246C,YIL002C,0,-3.467551,0.12359550595283508,0.4399999976158142,0.31200000643730164
YLR092W,YLR130C,0,-3.4675698,0.12356080114841461,0.4399999976158142,0.31209999322891235
YJR069C,YIL154C,0,-3.4679968,0.12352611124515533,0.4399999976158142,0.31220000982284546
YLR275W,YGL251C,0,-3.46816,0.12349143624305725,0.4399999976158142,0.3122999966144562
YBL004W,YLR274W,0,-3.4683845,0.12345679104328156,0.4399999976158142,0.3124000132083893
YJL041W,YOL156W,0,-3.46855,0.12342216074466705,0.4399999976158142,0.3125
YER044C-A,YDR386W,1,-3.468597,0.12366797775030136,0.4410000145435333,0.3125
YDR235W,YOL147C,0,-3.4687479,0.12363330274820328,0.4410000145435333,0.3125999867916107
YOR250C,YBR010W,0,-3.4692457,0.12359865754842758,0.4410000145435333,0.3127000033855438
YBL084C,YDR382W,0,-3.4693637,0.12356402724981308,0.4410000145435333,0.31279999017715454
YKR022C,YJL010C,0,-3.4694312,0.12352941185235977,0.4410000145435333,0.31290000677108765
YDR235W,YPL087W,0,-3.4695542,0.12349481880664825,0.4410000145435333,0.31299999356269836
YBR091C,YPR163C,0,-3.4702995,0.12346024811267853,0.4410000145435333,0.31310001015663147
YLR060W,YLR191W,0,-3.4703023,0.12342569231987,0.4410000145435333,0.3131999969482422
YMR164C,YFL008W,0,-3.4703362,0.12339115887880325,0.4410000145435333,0.3133000135421753
YEL024W,YOR313C,0,-3.471088,0.1233566403388977,0.4410000145435333,0.313400000333786
YBR168W,YJR002W,0,-3.4711049,0.12332214415073395,0.4410000145435333,0.31349998712539673
YDR448W,YHR111W,0,-3.4716892,0.12328767031431198,0.4410000145435333,0.31360000371932983
YLR452C,YML126C,0,-3.471761,0.12325321137905121,0.4410000145435333,0.31369999051094055
YCR033W,YDR343C,0,-3.4718401,0.12321877479553223,0.4410000145435333,0.31380000710487366
YML126C,YMR204C,0,-3.47207,0.12318436056375504,0.4410000145435333,0.3138999938964844
YJL080C,YPR042C,0,-3.472336,0.12314996123313904,0.4410000145435333,0.3140000104904175
YER053C,YJL087C,0,-3.4723592,0.12311557680368423,0.4410000145435333,0.3140999972820282
YDR216W,YBL006C,0,-3.4723675,0.12308121472597122,0.4410000145435333,0.3142000138759613
YDR113C,YPL121C,1,-3.4725103,0.1233258917927742,0.44200000166893005,0.3142000138759613
YPL075W,YHR085W,0,-3.4726927,0.1232914924621582,0.44200000166893005,0.314300000667572
YKL185W,YMR119W,0,-3.4727454,0.1232571080327034,0.44200000166893005,0.31439998745918274
YPR201W,YCR075C,0,-3.4730031,0.12322274595499039,0.44200000166893005,0.31450000405311584
YIL013C,YBL084C,0,-3.4730165,0.12318840622901917,0.44200000166893005,0.31459999084472656
YPL267W,YDR359C,0,-3.4732707,0.12315408140420914,0.44200000166893005,0.31470000743865967
YGL155W,YDR039C,0,-3.473286,0.1231197789311409,0.44200000166893005,0.3147999942302704
YHR023W,YPR082C,0,-3.473638,0.12308549135923386,0.44200000166893005,0.3149000108242035
YJL090C,YJL173C,1,-3.4737594,0.12332962453365326,0.4429999887943268,0.3149000108242035
YER001W,YER012W,0,-3.4738905,0.12329529970884323,0.4429999887943268,0.3149999976158142
YNL261W,YMR232W,0,-3.4739382,0.1232609897851944,0.4429999887943268,0.3151000142097473
YPL016W,YEL020W-A,0,-3.4742272,0.12322670221328735,0.4429999887943268,0.31520000100135803
YOL121C,YPR128C,0,-3.4744866,0.1231924369931221,0.4429999887943268,0.31529998779296875
YGL049C,YCR075C,0,-3.4746883,0.12315818667411804,0.4429999887943268,0.31540000438690186
YJR143C,YKL139W,0,-3.4752653,0.12312395870685577,0.4429999887943268,0.3154999911785126
YFR031C,YGL021W,0,-3.4753797,0.1230897456407547,0.4429999887943268,0.3156000077724457
YDL130W,YLL006W,0,-3.475611,0.12305555492639542,0.4429999887943268,0.3156999945640564
YPL115C,YER174C,0,-3.4760818,0.12302138656377792,0.4429999887943268,0.3158000111579895
YMR311C,YPR101W,0,-3.4768949,0.12298722565174103,0.4429999887943268,0.3158999979496002
YOR033C,YLR234W,1,-3.477203,0.12323064357042313,0.4440000057220459,0.3158999979496002
YHR096C,YOR304W,0,-3.477524,0.12319644540548325,0.4440000057220459,0.3160000145435333
YFR036W,YDL024C,0,-3.4780052,0.12316227704286575,0.4440000057220459,0.31610000133514404
YOL158C,YOR079C,0,-3.478347,0.12312811613082886,0.4440000057220459,0.31619998812675476
YLR100W,YGL037C,0,-3.4783967,0.12309398502111435,0.4440000057220459,0.31630000472068787
YER179W,YNL330C,1,-3.4784443,0.1233370304107666,0.4449999928474426,0.31630000472068787
YER028C,YPL196W,0,-3.4784815,0.12330285459756851,0.4449999928474426,0.3163999915122986
YDR279W,YNL288W,0,-3.4785903,0.12326870113611221,0.4449999928474426,0.3165000081062317
YJR049C,YHR197W,0,-3.4793437,0.12323456257581711,0.4449999928474426,0.3165999948978424
YMR106C,YGL175C,1,-3.4798374,0.12347729504108429,0.44600000977516174,0.3165999948978424
YKL086W,YOR355W,0,-3.480117,0.1234431192278862,0.44600000977516174,0.3167000114917755
YHR099W,YBR177C,0,-3.480345,0.1234089657664299,0.44600000977516174,0.31679999828338623
YCL066W,YDL231C,0,-3.4808633,0.1233748272061348,0.44600000977516174,0.31690001487731934
YPR032W,YML091C,0,-3.4811451,0.12334071099758148,0.44600000977516174,0.31700000166893005
YNL119W,YGR188C,0,-3.4812493,0.12330660969018936,0.44600000977516174,0.31709998846054077
YJR125C,YJL026W,0,-3.4815538,0.12327252328395844,0.44600000977516174,0.3172000050544739
YER015W,YPR037C,0,-3.4818223,0.1232384666800499,0.44600000977516174,0.3172999918460846
YLL024C,YGR180C,0,-3.4821064,0.12320441752672195,0.44600000977516174,0.3174000084400177
YDR432W,YPL138C,0,-3.482176,0.1231703981757164,0.44600000977516174,0.3174999952316284
YDR358W,YHR027C,0,-3.4824133,0.12313638627529144,0.44600000977516174,0.3176000118255615
YGR020C,YNR049C,0,-3.482558,0.12310240417718887,0.44600000977516174,0.31769999861717224
YIL031W,YJL186W,0,-3.482667,0.1230684295296669,0.44600000977516174,0.31779998540878296
YDL030W,YER109C,0,-3.4829447,0.12303448468446732,0.44600000977516174,0.31790000200271606
YNL080C,YGR170W,0,-3.4829752,0.12300055474042892,0.44600000977516174,0.3179999887943268
YOR162C,YER155C,0,-3.4829776,0.12296663969755173,0.44600000977516174,0.3181000053882599
YER173W,YJR021C,1,-3.483176,0.12320838123559952,0.44699999690055847,0.3181000053882599
YDR273W,YML115C,0,-3.4835026,0.12317442893981934,0.44699999690055847,0.3181999921798706
YGR279C,YDR495C,0,-3.4837801,0.12314049899578094,0.44699999690055847,0.3183000087738037
YML024W,YGL065C,0,-3.4842641,0.12310658395290375,0.44699999690055847,0.31839999556541443
YDR369C,YOL072W,1,-3.4845452,0.12334802001714706,0.4480000138282776,0.31839999556541443
YIR033W,YNL138W,0,-3.4846652,0.12331406772136688,0.4480000138282776,0.31850001215934753
YLR016C,YGR086C,0,-3.484885,0.1232801303267479,0.4480000138282776,0.31859999895095825
YLR394W,YJR150C,0,-3.484903,0.1232462152838707,0.4480000138282776,0.31869998574256897
YCL067C,YPR054W,0,-3.4852564,0.12321232259273529,0.4480000138282776,0.3188000023365021
YDR004W,YER147C,1,-3.4853528,0.12345339357852936,0.4490000009536743,0.3188000023365021
YPR164W,YJR021C,1,-3.48546,0.12369433790445328,0.44999998807907104,0.3188000023365021
YDR231C,YFL014W,0,-3.485986,0.12366034835577011,0.44999998807907104,0.3188999891281128
YGR094W,YGL021W,0,-3.486224,0.12362637370824814,0.44999998807907104,0.3190000057220459
YGR135W,YPR144C,0,-3.4862676,0.12359242141246796,0.44999998807907104,0.3190999925136566
YDR258C,YPR030W,0,-3.4864314,0.12355848401784897,0.44999998807907104,0.3192000091075897
YOR250C,YHR031C,0,-3.486516,0.12352456897497177,0.44999998807907104,0.31929999589920044
YLR452C,YBR179C,0,-3.4868762,0.12349066883325577,0.44999998807907104,0.31940001249313354
YBR103W,YML043C,0,-3.4869494,0.12345679104328156,0.44999998807907104,0.31949999928474426
YBR068C,YDR227W,0,-3.4874666,0.12342292815446854,0.44999998807907104,0.319599986076355
YNL299W,YPL049C,0,-3.487775,0.12338908761739731,0.44999998807907104,0.3197000026702881
YBR098W,YER044C-A,1,-3.4879034,0.1236293837428093,0.45100000500679016,0.3197000026702881
YLR047C,YKL143W,0,-3.487994,0.12359550595283508,0.45100000500679016,0.3197999894618988
YFL037W,YDR393W,0,-3.4882095,0.12356164306402206,0.45100000500679016,0.3199000060558319
YDL223C,YDR183W,0,-3.4883296,0.12352780252695084,0.45100000500679016,0.3199999928474426
YPL152W,YIL159W,0,-3.4885209,0.1234939768910408,0.45100000500679016,0.32010000944137573
YGR244C,YOR279C,0,-3.4886138,0.12346016615629196,0.45100000500679016,0.32019999623298645
YDR345C,YPR104C,0,-3.4887333,0.12342638522386551,0.45100000500679016,0.32030001282691956
YPL043W,YKL194C,0,-3.4888508,0.12339261174201965,0.45100000500679016,0.3203999996185303
YIR010W,YCL033C,0,-3.488886,0.12335886061191559,0.45100000500679016,0.320499986410141
YJR049C,YNR054C,0,-3.489295,0.12332513183355331,0.45100000500679016,0.3206000030040741
YDR016C,YDR172W,0,-3.4894207,0.12329141795635223,0.45100000500679016,0.3206999897956848
YBR114W,YLR340W,0,-3.4895627,0.12325771898031235,0.45100000500679016,0.3208000063896179
YHR027C,YIL017C,0,-3.4898117,0.12322404235601425,0.45100000500679016,0.32089999318122864
YLR043C,YER006W,0,-3.490126,0.12319038808345795,0.45100000500679016,0.32100000977516174
YDR456W,YDL024C,0,-3.4902527,0.12315674126148224,0.45100000500679016,0.32109999656677246
YKL032C,YJR031C,0,-3.4903047,0.12312312424182892,0.45100000500679016,0.32120001316070557
YJL139C,YNL026W,0,-3.4905026,0.12308952212333679,0.45100000500679016,0.3212999999523163
YPL110C,YDR085C,0,-3.4905055,0.12305593490600586,0.45100000500679016,0.321399986743927
YOL130W,YGR246C,0,-3.4907374,0.12302237004041672,0.45100000500679016,0.3215000033378601
YER147C,YLR234W,1,-3.4907696,0.12326151877641678,0.4519999921321869,0.3215000033378601
YLR291C,YMR052W,0,-3.4908493,0.12322791665792465,0.4519999921321869,0.3215999901294708
YOR058C,YLR002C,0,-3.4911325,0.12319432944059372,0.4519999921321869,0.32170000672340393
YOR208W,YJL041W,0,-3.4912124,0.12316076457500458,0.4519999921321869,0.32179999351501465
YDR030C,YGR230W,0,-3.4913218,0.12312721461057663,0.4519999921321869,0.32190001010894775
YIL009W,YDR258C,0,-3.4923213,0.12309367954730988,0.4519999921321869,0.32199999690055847
YLR166C,YLR430W,0,-3.4923313,0.12306016683578491,0.4519999921321869,0.3221000134944916
YMR088C,YGL158W,0,-3.492676,0.12302667647600174,0.4519999921321869,0.3222000002861023
YJL074C,YLR394W,0,-3.4927979,0.12299319356679916,0.4519999921321869,0.322299987077713
YAR007C,YPL127C,1,-3.493469,0.12323177605867386,0.453000009059906,0.322299987077713
YNL082W,YDL227C,1,-3.4935575,0.12347021698951721,0.45399999618530273,0.322299987077713
YJL026W,YDR191W,0,-3.493876,0.12343665212392807,0.45399999618530273,0.3224000036716461
YGR085C,YPL167C,0,-3.4938815,0.12340310215950012,0.45399999618530273,0.32249999046325684
YNL012W,YMR137C,0,-3.4944253,0.12336956709623337,0.45399999618530273,0.32260000705718994
YHR042W,YOR363C,0,-3.4946344,0.12333604693412781,0.45399999618530273,0.32269999384880066
YDR398W,YJR013W,0,-3.4953249,0.12330255657434464,0.45399999618530273,0.32280001044273376
YLR363C,YCL059C,0,-3.4955423,0.12326907366514206,0.45399999618530273,0.3228999972343445
YPR164W,YBR136W,1,-3.4959295,0.123507060110569,0.45500001311302185,0.3228999972343445
YLR430W,YDR423C,0,-3.4965913,0.12347353994846344,0.45500001311302185,0.3230000138282776
YPL217C,YIL159W,0,-3.4966805,0.12344004213809967,0.45500001311302185,0.3231000006198883
YLR313C,YOL142W,0,-3.4966967,0.12340656667947769,0.45500001311302185,0.323199987411499
YIL117C,YER030W,0,-3.496969,0.12337309867143631,0.45500001311302185,0.32330000400543213
YNL130C,YOL021C,0,-3.4973776,0.12333966046571732,0.45500001311302185,0.32339999079704285
YGL151W,YOL156W,0,-3.4978065,0.12330622971057892,0.45500001311302185,0.32350000739097595
YGL205W,YIL115C,0,-3.4978375,0.12327282875776291,0.45500001311302185,0.32359999418258667
YDR075W,YOR313C,0,-3.4980438,0.1232394352555275,0.45500001311302185,0.3237000107765198
YCL024W,YGR225W,0,-3.4980824,0.12320606410503387,0.45500001311302185,0.3237999975681305
YER179W,YNL139C,1,-3.4983227,0.12344342470169067,0.4560000002384186,0.3237999975681305
YMR201C,YHL020C,0,-3.4988282,0.12341001629829407,0.4560000002384186,0.3239000141620636
YDL100C,YPL267W,0,-3.499015,0.12337662279605865,0.4560000002384186,0.3240000009536743
YNL055C,YNL111C,0,-3.4992998,0.12334325164556503,0.4560000002384186,0.32409998774528503
YLR382C,YGR070W,0,-3.4993246,0.1233098953962326,0.4560000002384186,0.32420000433921814
YEL004W,YKL012W,0,-3.4996872,0.12327656149864197,0.4560000002384186,0.32429999113082886
YNL110C,YBR095C,0,-3.49998,0.12324324250221252,0.4560000002384186,0.32440000772476196
YLR427W,YPR021C,0,-3.5000782,0.12320994585752487,0.4560000002384186,0.3244999945163727
YOL080C,YKL055C,0,-3.5006294,0.12317666411399841,0.4560000002384186,0.3246000111103058
YKR067W,YJL170C,0,-3.5009854,0.12314339727163315,0.4560000002384186,0.3246999979019165
YAL016W,YDR256C,0,-3.5012767,0.12311015278100967,0.4560000002384186,0.3248000144958496
YDR244W,YFL029C,0,-3.5013373,0.1230769231915474,0.4560000002384186,0.3249000012874603
YLR092W,YPL271W,0,-3.5014029,0.1230437159538269,0.4560000002384186,0.32499998807907104
YAL055W,YNL151C,0,-3.5017068,0.12301052361726761,0.4560000002384186,0.32510000467300415
YLR442C,YML073C,0,-3.5018454,0.1229773461818695,0.4560000002384186,0.32519999146461487
YLL008W,YKL194C,0,-3.50195,0.1229441910982132,0.4560000002384186,0.325300008058548
YLL012W,YLR316C,0,-3.5024955,0.12291105091571808,0.4560000002384186,0.3253999948501587
YDR240C,YOL146W,0,-3.5028648,0.12287793308496475,0.4560000002384186,0.3255000114440918
YLL013C,YJL219W,0,-3.5028822,0.12284483015537262,0.4560000002384186,0.3255999982357025
YDL229W,YLR109W,0,-3.5030851,0.12281174212694168,0.4560000002384186,0.3257000148296356
YCR066W,YJR050W,0,-3.5033753,0.12277867645025253,0.4560000002384186,0.32580000162124634
YLR459W,YGR089W,0,-3.503466,0.12274562567472458,0.4560000002384186,0.32589998841285706
YCL055W,YHR196W,0,-3.5043266,0.12271259725093842,0.4560000002384186,0.32600000500679016
YMR190C,YOR354C,1,-3.5043817,0.12294861674308777,0.4569999873638153,0.32600000500679016
YOR341W,YPL271W,0,-3.5044029,0.12291554361581802,0.4569999873638153,0.3260999917984009
YLR201C,YJR150C,0,-3.504429,0.12288249284029007,0.4569999873638153,0.326200008392334
YDR151C,YOR180C,0,-3.5046818,0.1228494644165039,0.4569999873638153,0.3262999951839447
YNL015W,YCR065W,0,-3.5047815,0.12281645089387894,0.4569999873638153,0.3264000117778778
YCL066W,YIL128W,0,-3.504843,0.12278345227241516,0.4569999873638153,0.3264999985694885
YKL193C,YGR230W,0,-3.5051248,0.12275046855211258,0.4569999873638153,0.32659998536109924
YOR068C,YDR096W,0,-3.5053775,0.12271750718355179,0.4569999873638153,0.32670000195503235
YJR143C,YNL142W,0,-3.5060182,0.12268456071615219,0.4569999873638153,0.32679998874664307
YPL138C,YLR135W,0,-3.5060415,0.12265163660049438,0.4569999873638153,0.32690000534057617
YHR118C,YMR175W,0,-3.50605,0.12261872738599777,0.4569999873638153,0.3269999921321869
YNL148C,YDR339C,0,-3.506095,0.12258584052324295,0.4569999873638153,0.32710000872612
YDR523C,YNL188W,0,-3.5063674,0.12255296111106873,0.4569999873638153,0.3271999955177307
YJR153W,YBL051C,0,-3.5065641,0.12252010405063629,0.4569999873638153,0.3273000121116638
YGL126W,YNR015W,0,-3.5066946,0.12248726934194565,0.4569999873638153,0.32739999890327454
YMR058W,YDR190C,0,-3.506921,0.1224544495344162,0.4569999873638153,0.32749998569488525
YLR424W,YDR260C,0,-3.507419,0.12242164462804794,0.4569999873638153,0.32760000228881836
YPR041W,YDR295C,0,-3.5075972,0.12238886207342148,0.4569999873638153,0.3276999890804291
YLR384C,YJL095W,0,-3.5080945,0.12235609441995621,0.4569999873638153,0.3278000056743622
YOR250C,YJL209W,0,-3.5081499,0.12232334166765213,0.4569999873638153,0.3278999924659729
YAR007C,YHR039C,1,-3.5082405,0.12255819886922836,0.4580000042915344,0.3278999924659729
YPR032W,YAL034W-A,0,-3.5082757,0.1225254163146019,0.4580000042915344,0.328000009059906
YIL124W,YPL192C,0,-3.508335,0.12249264866113663,0.4580000042915344,0.3280999958515167
YNL216W,YOR298C-A,0,-3.5084045,0.12245989590883255,0.4580000042915344,0.32820001244544983
YGR063C,YHL038C,0,-3.508876,0.12242715805768967,0.4580000042915344,0.32829999923706055
YNL243W,YEL024W,0,-3.5092027,0.12239444255828857,0.4580000042915344,0.32839998602867126
YDR451C,YML015C,0,-3.5094056,0.12236174196004868,0.4580000042915344,0.32850000262260437
YBR142W,YPL045W,0,-3.5094438,0.12232905626296997,0.4580000042915344,0.3285999894142151
YLL043W,YBL084C,0,-3.5095646,0.12229639291763306,0.4580000042915344,0.3287000060081482
YKR061W,YMR162C,0,-3.5097444,0.12226374447345734,0.4580000042915344,0.3287999927997589
YDL227C,YBR073W,1,-3.5103147,0.12249799817800522,0.45899999141693115,0.3287999927997589
YNL036W,YDR382W,0,-3.5104191,0.12246531248092651,0.45899999141693115,0.328900009393692
YDL159W,YEL042W,0,-3.5104551,0.1224326491355896,0.45899999141693115,0.32899999618530273
YHR039C,YNL088W,1,-3.511031,0.12266666442155838,0.46000000834465027,0.32899999618530273
YML102W,YIL084C,0,-3.5111787,0.12263396382331848,0.46000000834465027,0.32910001277923584
YHR176W,YPL177C,0,-3.5114946,0.12260127812623978,0.46000000834465027,0.32919999957084656
YNL066W,YOL125W,0,-3.5116146,0.12256861478090286,0.46000000834465027,0.3292999863624573
YJL187C,YER018C,0,-3.5117838,0.12253595888614655,0.46000000834465027,0.3294000029563904
YHR187W,YIL150C,0,-3.5118792,0.12250332534313202,0.46000000834465027,0.3294999897480011
YPL181W,YNL138W,0,-3.5120275,0.12247071415185928,0.46000000834465027,0.3296000063419342
YJL033W,YKL049C,0,-3.5120666,0.12243811786174774,0.46000000834465027,0.3296999931335449
YPL060W,YDR178W,0,-3.5128324,0.1224055364727974,0.46000000834465027,0.329800009727478
YGR103W,YBR112C,0,-3.5128734,0.12237296998500824,0.46000000834465027,0.32989999651908875
YDR283C,YMR175W,0,-3.5129135,0.12234042584896088,0.46000000834465027,0.33000001311302185
YPR042C,YLR009W,0,-3.5130148,0.12230789661407471,0.46000000834465027,0.33009999990463257
YPR111W,YJL008C,0,-3.5131996,0.12227538228034973,0.46000000834465027,0.3301999866962433
YOR144C,YDL185W,1,-3.51321,0.12250863760709763,0.460999995470047,0.3301999866962433
YEL030W,YMR093W,0,-3.5133152,0.12247608602046967,0.460999995470047,0.3303000032901764
YMR088C,YPR102C,0,-3.5135772,0.1224435567855835,0.460999995470047,0.3303999900817871
YDR060W,YCR089W,0,-3.5138955,0.12241104990243912,0.460999995470047,0.3305000066757202
YDL111C,YIL037C,0,-3.5142012,0.12237855046987534,0.460999995470047,0.33059999346733093
YER143W,YBR127C,0,-3.5144892,0.12234607338905334,0.460999995470047,0.33070001006126404
YJL173C,YOL104C,1,-3.5145254,0.1225789338350296,0.4620000123977661,0.33070001006126404
YKL212W,YNR035C,0,-3.5146086,0.12254641950130463,0.4620000123977661,0.33079999685287476
YJL176C,YLR060W,0,-3.5148487,0.12251392006874084,0.4620000123977661,0.33090001344680786
YDR058C,YHR050W,0,-3.5149043,0.12248144298791885,0.4620000123977661,0.3310000002384186
YAL024C,YNL029C,0,-3.5150316,0.12244898080825806,0.4620000123977661,0.3310999870300293
YNL251C,YER145C,0,-3.5150878,0.12241653352975845,0.4620000123977661,0.3312000036239624
YLR032W,YBR112C,0,-3.5153491,0.12238410860300064,0.4620000123977661,0.3312999904155731
YCL016C,YEL004W,0,-3.5153768,0.12235169857740402,0.4620000123977661,0.3314000070095062
YBR079C,YHL036W,0,-3.5156004,0.1223193034529686,0.4620000123977661,0.33149999380111694
YOR100C,YDL135C,0,-3.5156887,0.12228692322969437,0.4620000123977661,0.33160001039505005
YGL205W,YGL049C,0,-3.5158293,0.12225456535816193,0.4620000123977661,0.33169999718666077
YER028C,YDR227W,0,-3.5168202,0.12222222238779068,0.4620000123977661,0.33180001378059387
YIR037W,YPR138C,0,-3.516996,0.12218989431858063,0.4620000123977661,0.3319000005722046
YDR432W,YNL075W,0,-3.5170004,0.12215758860111237,0.4620000123977661,0.3319999873638153
YFR033C,YOR230W,0,-3.517149,0.1221252977848053,0.4620000123977661,0.3321000039577484
YLR399C,YER002W,0,-3.5172896,0.12209302186965942,0.4620000123977661,0.33219999074935913
YPR041W,YMR299C,0,-3.5177834,0.12206076830625534,0.4620000123977661,0.33230000734329224
YPL135W,YOR290C,0,-3.518054,0.12202852964401245,0.4620000123977661,0.33239999413490295
YMR133W,YBR073W,1,-3.5183704,0.12226036190986633,0.46299999952316284,0.33239999413490295
YER145C,YNL227C,0,-3.5186791,0.12222808599472046,0.46299999952316284,0.33250001072883606
YBR199W,YBR182C,0,-3.5187724,0.12219583243131638,0.46299999952316284,0.3325999975204468
YBR250W,YDR085C,0,-3.5189145,0.12216358631849289,0.46299999952316284,0.3327000141143799
YNL309W,YHR090C,0,-3.5189776,0.1221313625574112,0.46299999952316284,0.3328000009059906
YDR320C-A,YOR298C-A,0,-3.5190303,0.12209915369749069,0.46299999952316284,0.3328999876976013
YER171W,YJR017C,0,-3.519344,0.12206696718931198,0.46299999952316284,0.3330000042915344
YJR135C,YHR188C,0,-3.519823,0.12203478813171387,0.46299999952316284,0.33309999108314514
YKR087C,YGR214W,0,-3.5202773,0.12200263142585754,0.46299999952316284,0.33320000767707825
YIR006C,YCR081W,0,-3.5203476,0.12197049707174301,0.46299999952316284,0.33329999446868896
YGR216C,YKR059W,0,-3.5206113,0.12193837016820908,0.46299999952316284,0.33340001106262207
YER032W,YDR414C,0,-3.520617,0.12190626561641693,0.46299999952316284,0.3334999978542328
YLR275W,YMR104C,0,-3.5214403,0.12187417596578598,0.46299999952316284,0.3336000144481659
YDL185W,YNL339C,1,-3.5216787,0.12210526317358017,0.46399998664855957,0.3336000144481659
YLR192C,YGL075C,0,-3.521689,0.12207313627004623,0.46399998664855957,0.3337000012397766
YOR058C,YNL026W,0,-3.5217373,0.12204103171825409,0.46399998664855957,0.33379998803138733
YDR356W,YNL244C,0,-3.5221956,0.12200894206762314,0.46399998664855957,0.33390000462532043
YDR361C,YBR083W,0,-3.5224736,0.12197686731815338,0.46399998664855957,0.33399999141693115
YER068W,YHR016C,0,-3.5228498,0.12194480746984482,0.46399998664855957,0.33410000801086426
YBR243C,YMR053C,0,-3.5229108,0.12191276997327805,0.46399998664855957,0.334199994802475
YPR182W,YIL042C,0,-3.5233076,0.12188074737787247,0.46399998664855957,0.3343000113964081
YIL139C,YER133W,0,-3.5234237,0.12184873968362808,0.46399998664855957,0.3343999981880188
YOL147C,YPR138C,0,-3.5234606,0.12181674689054489,0.46399998664855957,0.3345000147819519
YDR138W,YLR418C,1,-3.5235393,0.12204724550247192,0.4650000035762787,0.3345000147819519
YGR030C,YCR024C-A,0,-3.523548,0.12201521545648575,0.4650000035762787,0.3346000015735626
YHR090C,YLR262C,0,-3.524175,0.12198320776224136,0.4650000035762787,0.33469998836517334
YGL049C,YOR133W,0,-3.5244143,0.12195122241973877,0.4650000035762787,0.33480000495910645
YGL222C,YKL182W,0,-3.5246148,0.12191924452781677,0.4650000035762787,0.33489999175071716
YGR142W,YGR239C,0,-3.5247078,0.12188728898763657,0.4650000035762787,0.33500000834465027
YDR545W,YNL139C,1,-3.5252988,0.12211740016937256,0.4659999907016754,0.33500000834465027
YOL016C,YDR130C,0,-3.5254524,0.12208540737628937,0.4659999907016754,0.335099995136261
YAL033W,YDL056W,0,-3.5257566,0.12205342948436737,0.4659999907016754,0.3352000117301941
YCL008C,YEL015W,0,-3.5258472,0.12202147394418716,0.4659999907016754,0.3352999985218048
YGL053W,YOR274W,0,-3.5265973,0.12198952585458755,0.4659999907016754,0.3353999853134155
YMR177W,YNL014W,0,-3.526673,0.12195760011672974,0.4659999907016754,0.33550000190734863
YDL017W,YEL042W,0,-3.5267158,0.12192569673061371,0.4659999907016754,0.33559998869895935
YOL133W,YOR315W,0,-3.5274804,0.12189380079507828,0.4659999907016754,0.33570000529289246
YMR298W,YHR085W,0,-3.527898,0.12186192721128464,0.4659999907016754,0.3357999920845032
YGR159C,YER022W,0,-3.5280602,0.12183006852865219,0.4659999907016754,0.3359000086784363
YOR288C,YLR015W,0,-3.5281749,0.12179822474718094,0.4659999907016754,0.335999995470047
YPL031C,YNL232W,0,-3.5283473,0.12176639586687088,0.4659999907016754,0.3361000120639801
YPL194W,YPL121C,1,-3.5287197,0.12199582159519196,0.46700000762939453,0.3361000120639801
YML043C,YPL221W,0,-3.5288434,0.12196396291255951,0.46700000762939453,0.3361999988555908
YLR223C,YDL170W,0,-3.5289905,0.12193211168050766,0.46700000762939453,0.33629998564720154
YDR235W,YOR245C,0,-3.5290506,0.1219002902507782,0.46700000762939453,0.33640000224113464
YNL267W,YNL259C,0,-3.5291398,0.12186847627162933,0.46700000762939453,0.33649998903274536
YJR033C,YCR024C-A,0,-3.5292146,0.12183668464422226,0.46700000762939453,0.33660000562667847
YBR098W,YKR099W,1,-3.5292885,0.12206573039293289,0.46799999475479126,0.33660000562667847
YDR060W,YPR128C,0,-3.529299,0.12203390151262283,0.46799999475479126,0.3366999924182892
YOL009C,YGR157W,0,-3.5293598,0.12200208753347397,0.46799999475479126,0.3368000090122223
YMR079W,YIL154C,0,-3.5294464,0.1219702884554863,0.46799999475479126,0.336899995803833
YPL096W,YGL194C,0,-3.5295017,0.12193851172924042,0.46799999475479126,0.3370000123977661
YGR254W,YAL034W-A,0,-3.5295336,0.12190674990415573,0.46799999475479126,0.33709999918937683
YJR160C,YHR191C,0,-3.5297294,0.12187500298023224,0.46799999475479126,0.33719998598098755
YDR363W-A,YPR021C,0,-3.5298274,0.12184327095746994,0.46799999475479126,0.33730000257492065
YJR131W,YKL143W,0,-3.5299385,0.12181155383586884,0.46799999475479126,0.33739998936653137
YGL013C,YBL105C,0,-3.530719,0.12177985906600952,0.46799999475479126,0.3375000059604645
YPL127C,YGR296W,1,-3.5310867,0.1220083236694336,0.4690000116825104,0.3375000059604645
YPL146C,YML085C,0,-3.5311322,0.1219765916466713,0.4690000116825104,0.3375999927520752
YGL249W,YGL113W,0,-3.531429,0.12194487452507019,0.4690000116825104,0.3377000093460083
YPR162C,YBR029C,0,-3.5315557,0.12191317975521088,0.4690000116825104,0.337799996137619
YBR068C,YPR080W,0,-3.531635,0.12188149988651276,0.4690000116825104,0.3379000127315521
YDR252W,YPR128C,0,-3.5317667,0.12184982746839523,0.4690000116825104,0.33799999952316284
YPR042C,YOR315W,0,-3.5319986,0.1218181848526001,0.4690000116825104,0.33809998631477356
YER106W,YOR081C,0,-3.532274,0.12178654968738556,0.4690000116825104,0.33820000290870667
YKL025C,YLR214W,0,-3.5324306,0.12175492942333221,0.4690000116825104,0.3382999897003174
YMR013C,YIL154C,0,-3.5324414,0.12172333151102066,0.4690000116825104,0.3384000062942505
YGR055W,YBL058W,0,-3.5325353,0.1216917484998703,0.4690000116825104,0.3384999930858612
YDR494W,YGL089C,0,-3.5325816,0.12166018038988113,0.4690000116825104,0.3386000096797943
YNL243W,YDR363W-A,0,-3.5327232,0.12162862718105316,0.4690000116825104,0.33869999647140503
YNR044W,YPL270W,0,-3.532988,0.12159709632396698,0.4690000116825104,0.33880001306533813
YDL105W,YDR464W,0,-3.533057,0.12156558036804199,0.4690000116825104,0.33889999985694885
YNL307C,YMR060C,0,-3.5331373,0.1215340793132782,0.4690000116825104,0.33899998664855957
YNL309W,YDR216W,0,-3.5331805,0.1215025931596756,0.4690000116825104,0.3391000032424927
YGL095C,YBL061C,0,-3.533336,0.12147112190723419,0.4690000116825104,0.3391999900341034
YDL165W,YMR246W,0,-3.5333407,0.12143966555595398,0.4690000116825104,0.3393000066280365
YKL035W,YBR112C,0,-3.5337005,0.12140823155641556,0.4690000116825104,0.3393999934196472
YOR094W,YIL013C,0,-3.533908,0.12137681245803833,0.4690000116825104,0.3395000100135803
YGR246C,YPL181W,0,-3.5340705,0.1213454082608223,0.4690000116825104,0.33959999680519104
YDL047W,YDR079C-A,0,-3.5341518,0.12131401896476746,0.4690000116825104,0.33970001339912415
YLR467W,YGL043W,1,-3.5344737,0.12154124677181244,0.4699999988079071,0.33970001339912415
YPL018W,YOR233W,0,-3.5345592,0.12150982767343521,0.4699999988079071,0.33980000019073486
YNL251C,YHR001W-A,0,-3.5348332,0.12147841602563858,0.4699999988079071,0.3398999869823456
YER001W,YER049W,0,-3.5348346,0.12144702672958374,0.4699999988079071,0.3400000035762787
YOL108C,YBL106C,0,-3.5348823,0.1214156523346901,0.4699999988079071,0.3400999903678894
YIL105C,YPR055W,0,-3.5349195,0.12138430029153824,0.4699999988079071,0.3402000069618225
YMR177W,YGR089W,0,-3.535241,0.12135295569896698,0.4699999988079071,0.3402999937534332
YLR003C,YDR108W,0,-3.535413,0.12132163345813751,0.4699999988079071,0.34040001034736633
YLL034C,YNL106C,0,-3.5354247,0.12129032611846924,0.4699999988079071,0.34049999713897705
YGL169W,YDL135C,0,-3.5355628,0.12125902622938156,0.4699999988079071,0.34060001373291016
YKR050W,YHR164C,0,-3.5360081,0.12122775614261627,0.4699999988079071,0.3407000005245209
YNL082W,YHL022C,1,-3.5360281,0.12145435810089111,0.47099998593330383,0.3407000005245209
YPL131W,YLR106C,0,-3.5361996,0.12142305076122284,0.47099998593330383,0.3407999873161316
YOL124C,YGL153W,0,-3.5363786,0.12139175087213516,0.47099998593330383,0.3409000039100647
YPR178W,YDL170W,0,-3.5365858,0.12136047333478928,0.47099998593330383,0.3409999907016754
YCL008C,YKR089C,0,-3.5369062,0.12132921069860458,0.47099998593330383,0.3411000072956085
YPL018W,YDR005C,0,-3.5369833,0.12129796296358109,0.47099998593330383,0.34119999408721924
YMR273C,YPR186C,0,-3.5371788,0.12126673758029938,0.47099998593330383,0.34130001068115234
YJL170C,YKL114C,0,-3.537317,0.12123551964759827,0.47099998593330383,0.34139999747276306
YCR092C,YMR133W,1,-3.5374372,0.1214616596698761,0.47200000286102295,0.34139999747276306
YML080W,YPR068C,0,-3.537586,0.1214304119348526,0.47200000286102295,0.34150001406669617
YDL154W,YJL173C,1,-3.5376518,0.1216563805937767,0.4729999899864197,0.34150001406669617
YFL041W,YPL170W,0,-3.537724,0.12162509560585022,0.4729999899864197,0.3416000008583069
YJR153W,YLL022C,0,-3.5380576,0.12159383296966553,0.4729999899864197,0.3416999876499176
YPR010C,YLR005W,0,-3.5381873,0.12156257778406143,0.4729999899864197,0.3418000042438507
YJL112W,YKL213C,0,-3.538432,0.12153134495019913,0.4729999899864197,0.3418999910354614
YML008C,YLL036C,0,-3.5384429,0.12150012701749802,0.4729999899864197,0.34200000762939453
YMR092C,YDR190C,0,-3.538913,0.1214689239859581,0.4729999899864197,0.34209999442100525
YNL119W,YIL132C,0,-3.5391386,0.12143774330615997,0.4729999899864197,0.34220001101493835
YKL205W,YDR392W,0,-3.5392976,0.12140657007694244,0.4729999899864197,0.3422999978065491
YHR089C,YGL232W,0,-3.539718,0.1213754191994667,0.4729999899864197,0.3424000144004822
YIL123W,YIL117C,0,-3.5397322,0.12134427577257156,0.4729999899864197,0.3425000011920929
YLR166C,YMR058W,0,-3.540123,0.12131315469741821,0.4729999899864197,0.3425999879837036
YPL095C,YEL002C,0,-3.540274,0.12128204852342606,0.4729999899864197,0.3427000045776367
YDR490C,YCR034W,0,-3.540463,0.12125096470117569,0.4729999899864197,0.34279999136924744
YGL078C,YLR016C,0,-3.5405033,0.12121988832950592,0.4729999899864197,0.34290000796318054
YIL150C,YGR239C,0,-3.5405786,0.12118882685899734,0.4729999899864197,0.34299999475479126
YNL021W,YIL051C,0,-3.5406516,0.12115778774023056,0.4729999899864197,0.34310001134872437
YDL108W,YLR430W,0,-3.5407252,0.12112676352262497,0.4729999899864197,0.3431999981403351
YBR015C,YDL098C,0,-3.5407574,0.12109574675559998,0.4729999899864197,0.3433000147342682
YKR022C,YIR012W,0,-3.5407846,0.12106475234031677,0.4729999899864197,0.3434000015258789
YHR039C,YNL139C,1,-3.540797,0.12128966301679611,0.4740000069141388,0.3434000015258789
YDL101C,YDR005C,0,-3.54082,0.12125863134860992,0.4740000069141388,0.3434999883174896
YNL267W,YNL037C,0,-3.5413854,0.12122762203216553,0.4740000069141388,0.34360000491142273
YLL012W,YGR200C,0,-3.5418727,0.12119662761688232,0.4740000069141388,0.34369999170303345
YPR082C,YBR289W,0,-3.542136,0.12116564065217972,0.4740000069141388,0.34380000829696655
YMR133W,YNL088W,1,-3.5423489,0.12139023840427399,0.4749999940395355,0.34380000829696655
YHR072W-A,YPR137W,0,-3.542446,0.12135922163724899,0.4749999940395355,0.34389999508857727
YIL117C,YHL027W,0,-3.5431373,0.12132822722196579,0.4749999940395355,0.3440000116825104
YBR142W,YGL065C,0,-3.5431967,0.12129724025726318,0.4749999940395355,0.3440999984741211
YML028W,YPR030W,0,-3.5434158,0.12126627564430237,0.4749999940395355,0.3441999852657318
YDR447C,YNL039W,0,-3.5434487,0.12123532593250275,0.4749999940395355,0.3443000018596649
YJL170C,YGL017W,0,-3.5435166,0.12120439112186432,0.4749999940395355,0.34439998865127563
YOL017W,YHR082C,0,-3.5440698,0.12117347121238708,0.4749999940395355,0.34450000524520874
YMR250W,YOR133W,0,-3.5441196,0.12114256620407104,0.4749999940395355,0.34459999203681946
YOR145C,YDR108W,0,-3.544247,0.1211116760969162,0.4749999940395355,0.34470000863075256
YNL062C,YCR002C,0,-3.5446177,0.12108080834150314,0.4749999940395355,0.3447999954223633
YCR092C,YNL088W,1,-3.5447576,0.12130478769540787,0.47600001096725464,0.3447999954223633
YJR063W,YLR079W,0,-3.544826,0.12127388268709183,0.47600001096725464,0.3449000120162964
YKR052C,YDR227W,0,-3.5449274,0.12124299257993698,0.47600001096725464,0.3449999988079071
YLR399C,YKR059W,0,-3.5456796,0.12121212482452393,0.47600001096725464,0.3450999855995178
YOR132W,YGR040W,0,-3.5459497,0.12118126451969147,0.47600001096725464,0.3452000021934509
YOR149C,YFR040W,0,-3.5463965,0.1211504191160202,0.47600001096725464,0.34529998898506165
YDL005C,YJL101C,0,-3.5464356,0.12111959606409073,0.47600001096725464,0.34540000557899475
YBR182C,YPR131C,0,-3.5465925,0.12108878046274185,0.47600001096725464,0.34549999237060547
YML006C,YDR108W,0,-3.5467489,0.12105798721313477,0.47600001096725464,0.3456000089645386
YGR202C,YOR313C,0,-3.5467665,0.12102720886468887,0.47600001096725464,0.3456999957561493
YBL005W,YDL102W,0,-3.5469415,0.12099643796682358,0.47600001096725464,0.3458000123500824
YGR171C,YPL177C,0,-3.5470345,0.12096568942070007,0.47600001096725464,0.3458999991416931
YDR446W,YBR279W,1,-3.5471482,0.12118902802467346,0.47699999809265137,0.3458999991416931
YJR002W,YJL219W,0,-3.5475175,0.12115824222564697,0.47699999809265137,0.34599998593330383
YHR030C,YJR147W,0,-3.5475564,0.12112747877836227,0.47699999809265137,0.34610000252723694
YHR090C,YOL076W,0,-3.547728,0.12109672278165817,0.47699999809265137,0.34619998931884766
YEL032W,YEL002C,0,-3.5478358,0.12106598913669586,0.47699999809265137,0.34630000591278076
YOR233W,YOR180C,0,-3.547925,0.12103527039289474,0.47699999809265137,0.3463999927043915
YMR038C,YOR272W,0,-3.5480015,0.12100456655025482,0.47699999809265137,0.3465000092983246
YCR010C,YCL032W,0,-3.5481062,0.12097387760877609,0.47699999809265137,0.3465999960899353
YPL192C,YMR168C,0,-3.5481513,0.12094320356845856,0.47699999809265137,0.3467000126838684
YOL027C,YPR186C,0,-3.548486,0.12091254442930222,0.47699999809265137,0.3467999994754791
YHL034C,YLR451W,0,-3.5486448,0.12088190764188766,0.47699999809265137,0.34689998626708984
YBR182C,YNL068C,0,-3.548669,0.12085127830505371,0.47699999809265137,0.34700000286102295
YDL165W,YGR123C,0,-3.5487292,0.12082067131996155,0.47699999809265137,0.34709998965263367
YMR101C,YIL144W,0,-3.5487993,0.12079007178544998,0.47699999809265137,0.3472000062465668
YPL110C,YJL095W,0,-3.5488331,0.1207594946026802,0.47699999809265137,0.3472999930381775
YBR250W,YOR132W,0,-3.5492408,0.12072893232107162,0.47699999809265137,0.3474000096321106
YLR467W,YBR073W,1,-3.549505,0.12095141410827637,0.4779999852180481,0.3474000096321106
YDL017W,YJL125C,0,-3.5496974,0.1209208220243454,0.4779999852180481,0.3474999964237213
YOR304W,YBR233W-A,0,-3.5497973,0.12089023739099503,0.4779999852180481,0.3476000130176544
YDL231C,YFL055W,0,-3.550304,0.12085966765880585,0.4779999852180481,0.34769999980926514
YBR102C,YGR103W,0,-3.5505536,0.12082912027835846,0.4779999852180481,0.34779998660087585
YPL156C,YOR099W,0,-3.5505807,0.12079858779907227,0.4779999852180481,0.34790000319480896
YGR258C,YPR131C,0,-3.5506394,0.12076806277036667,0.4779999852180481,0.3479999899864197
YLR384C,YGL093W,0,-3.5508015,0.12073756009340286,0.4779999852180481,0.3481000065803528
YAL059W,YGR029W,0,-3.5510623,0.12070707231760025,0.4779999852180481,0.3481999933719635
YOR340C,YHR072W-A,0,-3.551476,0.12067659944295883,0.4779999852180481,0.3483000099658966
YJL090C,YDL227C,1,-3.5525672,0.12089853733778,0.4790000021457672,0.3483000099658966
YER070W,YGL190C,0,-3.5525692,0.1208680272102356,0.4790000021457672,0.3483999967575073
YDR446W,YDR386W,1,-3.5528088,0.12108980864286423,0.47999998927116394,0.3483999967575073
YDR523C,YEL013W,0,-3.5539258,0.12105926871299744,0.47999998927116394,0.34850001335144043
YML060W,YLR340W,0,-3.5540423,0.12102874368429184,0.47999998927116394,0.34860000014305115
YGL014W,YLR135W,0,-3.5545938,0.12099823355674744,0.47999998927116394,0.34869998693466187
YLR216C,YNL166C,0,-3.5548332,0.12096773833036423,0.47999998927116394,0.34880000352859497
YHL007C,YNL007C,0,-3.554887,0.12093726545572281,0.47999998927116394,0.3488999903202057
YDL159W,YIL056W,0,-3.5550334,0.12090680003166199,0.47999998927116394,0.3490000069141388
YGR262C,YPL021W,0,-3.5555418,0.12087635695934296,0.47999998927116394,0.3490999937057495
YOL080C,YDR322C-A,0,-3.5556417,0.12084592133760452,0.47999998927116394,0.3492000102996826
YAL029C,YOL090W,1,-3.5556505,0.12106720358133316,0.48100000619888306,0.3492000102996826
YGL244W,YDR156W,0,-3.555703,0.12103673815727234,0.48100000619888306,0.34929999709129333
YMR273C,YPL153C,0,-3.5557086,0.12100628763437271,0.48100000619888306,0.34940001368522644
YDL132W,YBR106W,0,-3.5560257,0.12097585201263428,0.48100000619888306,0.34950000047683716
YKR020W,YIL010W,0,-3.5561688,0.12094543874263763,0.48100000619888306,0.3495999872684479
YPL187W,YLR451W,0,-3.556709,0.12091503292322159,0.48100000619888306,0.349700003862381
YPR140W,YNL259C,0,-3.556982,0.12088464200496674,0.48100000619888306,0.3497999906539917
YDR446W,YER044C-A,1,-3.5571675,0.12110552936792374,0.4819999933242798,0.3497999906539917
YJL170C,YPL271W,0,-3.5574028,0.1210751086473465,0.4819999933242798,0.3499000072479248
YLR117C,YPL098C,0,-3.557492,0.12104470282793045,0.4819999933242798,0.3499999940395355
YDL064W,YML104C,0,-3.5574973,0.1210143119096756,0.4819999933242798,0.35010001063346863
YMR305C,YBL064C,0,-3.5577009,0.12098393589258194,0.4819999933242798,0.35019999742507935
YER028C,YJR033C,0,-3.5578115,0.12095357477664948,0.4819999933242798,0.35030001401901245
YGR238C,YER001W,0,-3.5578513,0.1209232285618782,0.4819999933242798,0.35040000081062317
YOR025W,YDL080C,0,-3.5578992,0.12089290469884872,0.4819999933242798,0.3504999876022339
YER172C,YHR194W,0,-3.558234,0.12086258828639984,0.4819999933242798,0.350600004196167
YHR157W,YOL072W,1,-3.5582442,0.12108297646045685,0.4830000102519989,0.350600004196167
YJR053W,YJL002C,0,-3.5583847,0.12105263024568558,0.4830000102519989,0.3506999909877777
YJL138C,YMR026C,0,-3.5584223,0.1210222989320755,0.4830000102519989,0.3508000075817108
YDL245C,YDR191W,0,-3.5586147,0.12099198251962662,0.4830000102519989,0.35089999437332153
YOL010W,YLR313C,0,-3.558636,0.12096168100833893,0.4830000102519989,0.35100001096725464
YDR277C,YIR002C,0,-3.5588584,0.12093139439821243,0.4830000102519989,0.35109999775886536
YPR034W,YDL135C,0,-3.558964,0.12090112268924713,0.4830000102519989,0.35120001435279846
YPL152W,YGR014W,0,-3.5591035,0.12087087333202362,0.4830000102519989,0.3513000011444092
YGL151W,YOR180C,0,-3.5591218,0.1208406314253807,0.4830000102519989,0.3513999879360199
YKL101W,YPR175W,0,-3.5591385,0.12081040441989899,0.4830000102519989,0.351500004529953
YBR160W,YJL074C,0,-3.5595896,0.12078019231557846,0.4830000102519989,0.3515999913215637
YDR180W,YDL154W,1,-3.5598361,0.12099999934434891,0.48399999737739563,0.3515999913215637
YNL118C,YPR135W,0,-3.559998,0.120969757437706,0.48399999737739563,0.3517000079154968
YMR202W,YLR147C,0,-3.5600564,0.12093953043222427,0.48399999737739563,0.35179999470710754
YLR002C,YAL047C,0,-3.5601678,0.12090931832790375,0.48399999737739563,0.35190001130104065
YNL279W,YNL232W,0,-3.5610058,0.12087912112474442,0.48399999737739563,0.35199999809265137
YBR015C,YPL174C,0,-3.5611043,0.12084893882274628,0.48399999737739563,0.3521000146865845
YJR057W,YDR449C,0,-3.5615866,0.12081877142190933,0.48399999737739563,0.3522000014781952
YHR089C,YLR133W,0,-3.5619452,0.12078861892223358,0.48399999737739563,0.3522999882698059
YNL111C,YIL034C,0,-3.5621645,0.12075848132371902,0.48399999737739563,0.352400004863739
YMR138W,YER127W,0,-3.562317,0.12072835862636566,0.48399999737739563,0.35249999165534973
YLR141W,YER044C,0,-3.5624647,0.12069825083017349,0.48399999737739563,0.35260000824928284
YCL063W,YGL094C,0,-3.562618,0.12066816538572311,0.48399999737739563,0.35269999504089355
YPR171W,YGR109C,0,-3.5627043,0.12063808739185333,0.48399999737739563,0.35280001163482666
YOL097C,YMR216C,0,-3.56273,0.12060802429914474,0.48399999737739563,0.3528999984264374
YLL013C,YER111C,0,-3.5627415,0.12057797610759735,0.48399999737739563,0.3529999852180481
YJR021C,YLR234W,1,-3.5627606,0.12079700827598572,0.48500001430511475,0.3529999852180481
YMR273C,YPL001W,0,-3.5631468,0.12076693028211594,0.48500001430511475,0.3531000018119812
YDR147W,YLR148W,0,-3.563224,0.12073686718940735,0.48500001430511475,0.3531999886035919
YIL053W,YDR164C,0,-3.563409,0.12070681899785995,0.48500001430511475,0.353300005197525
YLR275W,YBL030C,0,-3.563443,0.12067678570747375,0.48500001430511475,0.35339999198913574
YGL158W,YNL218W,0,-3.5635464,0.12064676731824875,0.48500001430511475,0.35350000858306885
YER106W,YPL083C,0,-3.5635936,0.12061676383018494,0.48500001430511475,0.35359999537467957
YIL150C,YER018C,0,-3.5640504,0.12058677524328232,0.48500001430511475,0.35370001196861267
YDR030C,YOR319W,0,-3.5640986,0.1205568015575409,0.48500001430511475,0.3537999987602234
YLR430W,YHR001W-A,0,-3.564178,0.12052683532238007,0.48500001430511475,0.3538999855518341
YNL279W,YPR168W,0,-3.5643723,0.12049689143896103,0.48500001430511475,0.3540000021457672
YIL056W,YMR052W,0,-3.5643907,0.12046696245670319,0.48500001430511475,0.35409998893737793
YNR008W,YKR026C,0,-3.5645075,0.12043704837560654,0.48500001430511475,0.35420000553131104
YHR176W,YJL048C,0,-3.5651112,0.12040714919567108,0.48500001430511475,0.35429999232292175
YOL010W,YDR201W,0,-3.5651383,0.12037726491689682,0.48500001430511475,0.35440000891685486
YOL127W,YJR153W,0,-3.5651543,0.12034739553928375,0.48500001430511475,0.3544999957084656
YIL037C,YOR316C,0,-3.5653102,0.12031754106283188,0.48500001430511475,0.3546000123023987
YJR049C,YDL006W,0,-3.565621,0.1202877014875412,0.48500001430511475,0.3546999990940094
YHR176W,YPL146C,0,-3.5662024,0.12025786936283112,0.48500001430511475,0.3547999858856201
YNL053W,YGR165W,0,-3.5662105,0.12022805958986282,0.48500001430511475,0.3549000024795532
YML123C,YPR034W,0,-3.5662956,0.12019826471805573,0.48500001430511475,0.35499998927116394
YNL282W,YDR297W,0,-3.5663655,0.12016848474740982,0.48500001430511475,0.35510000586509705
YAR007C,YBR073W,1,-3.5666506,0.12038642913103104,0.4860000014305115,0.35510000586509705
YMR175W,YPL153C,0,-3.5668485,0.12035661190748215,0.4860000014305115,0.35519999265670776
YPL262W,YBR121C,0,-3.566982,0.12032681703567505,0.4860000014305115,0.35530000925064087
YDR302W,YNR032C-A,0,-3.5674162,0.12029702961444855,0.4860000014305115,0.3553999960422516
YER149C,YMR204C,0,-3.567482,0.12026725709438324,0.4860000014305115,0.3555000126361847
YGR103W,YHR031C,0,-3.5679767,0.12023750692605972,0.4860000014305115,0.3555999994277954
YMR104C,YJL065C,0,-3.5680792,0.1202077642083168,0.4860000014305115,0.35569998621940613
YDR353W,YGR014W,0,-3.568096,0.12017804384231567,0.4860000014305115,0.35580000281333923
YIL049W,YBL009W,0,-3.5682023,0.12014833092689514,0.4860000014305115,0.35589998960494995
YKL125W,YJR019C,0,-3.5682213,0.1201186329126358,0.4860000014305115,0.35600000619888306
YPL131W,YGR157W,0,-3.568259,0.12008895725011826,0.4860000014305115,0.3560999929904938
YPL106C,YBR020W,0,-3.5684369,0.1200592890381813,0.4860000014305115,0.3562000095844269
YDL007W,YJR069C,0,-3.5688617,0.12002963572740555,0.4860000014305115,0.3562999963760376
YDR147W,YMR238W,0,-3.5688717,0.11999999731779099,0.4860000014305115,0.3564000129699707
YMR164C,YGR254W,0,-3.5691168,0.11997038125991821,0.4860000014305115,0.3564999997615814
YOR281C,YDR495C,0,-3.5691583,0.11994077265262604,0.4860000014305115,0.35659998655319214
YLR277C,YHL020C,0,-3.569309,0.11991117894649506,0.4860000014305115,0.35670000314712524
YOR144C,YHR154W,1,-3.5694976,0.12012826651334763,0.4869999885559082,0.35670000314712524
YCR010C,YBR097W,0,-3.5699055,0.12009864300489426,0.4869999885559082,0.35679998993873596
YJR053W,YJR057W,0,-3.569955,0.12006903439760208,0.4869999885559082,0.35690000653266907
YDR481C,YDR101C,0,-3.5699804,0.1200394406914711,0.4869999885559082,0.3569999933242798
YGR013W,YCR084C,0,-3.5700066,0.12000985443592072,0.4869999885559082,0.3571000099182129
YDL229W,YDR507C,0,-3.5700238,0.11998029053211212,0.4869999885559082,0.3571999967098236
YPL124W,YKL095W,0,-3.5703216,0.11995074152946472,0.4869999885559082,0.3573000133037567
YOR117W,YLR144C,0,-3.5705137,0.11992119997739792,0.4869999885559082,0.35740000009536743
YNL066W,YOR346W,0,-3.5705857,0.1198916807770729,0.4869999885559082,0.35749998688697815
YDR106W,YMR311C,0,-3.570729,0.11986216902732849,0.4869999885559082,0.35760000348091125
YCR092C,YDR113C,1,-3.5711687,0.12007874250411987,0.4880000054836273,0.35760000348091125
YGR135W,YPL192C,0,-3.5713274,0.12004920095205307,0.4880000054836273,0.357699990272522
YDR147W,YOR117W,0,-3.5714211,0.12001967430114746,0.4880000054836273,0.3578000068664551
YIL124W,YBR198C,0,-3.5719635,0.11999016255140305,0.4880000054836273,0.3578999936580658
YOR060C,YIL123W,0,-3.572574,0.11996066570281982,0.4880000054836273,0.3580000102519989
YOL028C,YPL031C,0,-3.5727623,0.1199311837553978,0.4880000054836273,0.3580999970436096
YML023C,YER111C,0,-3.5727947,0.11990171670913696,0.4880000054836273,0.3582000136375427
YLR438C-A,YNL106C,0,-3.5728023,0.11987226456403732,0.4880000054836273,0.35830000042915344
YNR008W,YNL232W,0,-3.572874,0.11984282732009888,0.4880000054836273,0.35839998722076416
YDR252W,YDR081C,0,-3.5731864,0.11981340497732162,0.4880000054836273,0.35850000381469727
YKL212W,YDL232W,0,-3.5733192,0.11978399753570557,0.4880000054836273,0.358599990606308
YKR050W,YNL142W,0,-3.5733416,0.1197545975446701,0.4880000054836273,0.3587000072002411
YDR443C,YPL167C,0,-3.57347,0.11972521990537643,0.4880000054836273,0.3587999939918518
YHR193C,YBR199W,0,-3.5736408,0.11969585716724396,0.4880000054836273,0.3589000105857849
YDR488C,YER143W,0,-3.5738263,0.11966650187969208,0.4880000054836273,0.35899999737739563
YML011C,YBL082C,0,-3.573951,0.11963716894388199,0.4880000054836273,0.35910001397132874
YPL152W,YDL002C,0,-3.5740247,0.1196078434586525,0.4880000054836273,0.35920000076293945
YGL008C,YGR007W,0,-3.574504,0.1195785328745842,0.4880000054836273,0.35929998755455017
YCL061C,YIR012W,0,-3.574683,0.1195492371916771,0.4880000054836273,0.3594000041484833
YCR010C,YDR419W,0,-3.5747697,0.11951996386051178,0.4880000054836273,0.359499990940094
YLL018C-A,YGL097W,0,-3.5749812,0.11949069797992706,0.4880000054836273,0.3596000075340271
YPL121C,YPL164C,1,-3.574999,0.11970624327659607,0.48899999260902405,0.3596000075340271
YNL118C,YHR034C,0,-3.5752597,0.11967694759368896,0.48899999260902405,0.3596999943256378
YOL043C,YER142C,0,-3.5755348,0.11964766681194305,0.48899999260902405,0.3598000109195709
YKL119C,YHR016C,0,-3.5757904,0.11961839348077774,0.48899999260902405,0.35989999771118164
YOL068C,YML095C,1,-3.575806,0.11983370035886765,0.49000000953674316,0.35989999771118164
YHR058C,YDL101C,0,-3.5758493,0.11980440467596054,0.49000000953674316,0.36000001430511475
YEL061C,YPL176C,0,-3.575856,0.11977511644363403,0.49000000953674316,0.36010000109672546
YKL074C,YHR176W,0,-3.5760024,0.11974584311246872,0.49000000953674316,0.3601999878883362
YGL243W,YGR158C,0,-3.5763192,0.1197165921330452,0.49000000953674316,0.3603000044822693
YBR142W,YDR489W,0,-3.576385,0.11968734860420227,0.49000000953674316,0.36039999127388
YOR346W,YHR019C,0,-3.576726,0.11965811997652054,0.49000000953674316,0.3605000078678131
YBR132C,YLR079W,0,-3.5770562,0.11962890625,0.49000000953674316,0.36059999465942383
YOL045W,YLR055C,0,-3.5772908,0.11959970742464066,0.49000000953674316,0.36070001125335693
YKR061W,YIL138C,0,-3.5774786,0.1195705235004425,0.49000000953674316,0.36079999804496765
YIR033W,YDR379W,0,-3.5776932,0.11954135447740555,0.49000000953674316,0.36090001463890076
YER006W,YDR151C,0,-3.5777867,0.11951219290494919,0.49000000953674316,0.3610000014305115
YLR092W,YLR319C,0,-3.57808,0.11948305368423462,0.49000000953674316,0.3610999882221222
YHR058C,YDR451C,0,-3.5781944,0.11945392191410065,0.49000000953674316,0.3612000048160553
YGL008C,YIL065C,0,-3.578273,0.11942481249570847,0.49000000953674316,0.361299991607666
YIL053W,YDL080C,0,-3.5786245,0.11939571052789688,0.49000000953674316,0.3614000082015991
YOL002C,YGR128C,0,-3.5786798,0.11936662346124649,0.49000000953674316,0.36149999499320984
YLR398C,YBR188C,0,-3.5790164,0.1193375512957573,0.49000000953674316,0.36160001158714294
YGL120C,YMR043W,0,-3.579078,0.11930849403142929,0.49000000953674316,0.36169999837875366
YLR110C,YER028C,0,-3.5792673,0.11927945166826248,0.49000000953674316,0.3617999851703644
YBL061C,YJL020C,0,-3.5793076,0.11925042420625687,0.49000000953674316,0.3619000017642975
YLR189C,YNL037C,0,-3.579502,0.11922141164541245,0.49000000953674316,0.3619999885559082
YDR393W,YGR200C,0,-3.579776,0.11919241398572922,0.49000000953674316,0.3621000051498413
YHR205W,YEL017C-A,0,-3.5798051,0.11916342377662659,0.49000000953674316,0.362199991941452
YDR392W,YCR034W,0,-3.5798185,0.11913444846868515,0.49000000953674316,0.36230000853538513
YER111C,YNL151C,0,-3.5798604,0.1191054955124855,0.49000000953674316,0.36239999532699585
YGR296W,YLR418C,1,-3.5799232,0.11931956559419632,0.4909999966621399,0.36239999532699585
YOR224C,YGR140W,0,-3.5804489,0.11929057538509369,0.4909999966621399,0.36250001192092896
YAL033W,YPL213W,0,-3.5806527,0.11926160007715225,0.4909999966621399,0.3625999987125397
YDR004W,YHR154W,1,-3.5806706,0.11947547644376755,0.492000013589859,0.3625999987125397
YDR516C,YBL061C,0,-3.5807831,0.11944646388292313,0.492000013589859,0.3626999855041504
YLR295C,YDR437W,0,-3.5808306,0.1194174736738205,0.492000013589859,0.3628000020980835
YGR003W,YGL158W,0,-3.5808854,0.11938849836587906,0.492000013589859,0.3628999888896942
YHR030C,YLR272C,0,-3.5809305,0.11935953050851822,0.492000013589859,0.3630000054836273
YBR057C,YDR285W,0,-3.5810797,0.11933058500289917,0.492000013589859,0.36309999227523804
YFR013W,YDL039C,0,-3.5812325,0.11930164694786072,0.492000013589859,0.36320000886917114
YMR049C,YDR331W,0,-3.5813076,0.11927272379398346,0.492000013589859,0.36329999566078186
YLR228C,YBR168W,0,-3.5814617,0.11924382299184799,0.492000013589859,0.36340001225471497
YDL166C,YML104C,0,-3.581774,0.11921492964029312,0.492000013589859,0.3634999990463257
YNL149C,YDL014W,0,-3.5817776,0.11918604373931885,0.492000013589859,0.3635999858379364
YMR106C,YDR076W,1,-3.581964,0.11939936876296997,0.49300000071525574,0.3635999858379364
YPL194W,YML095C,1,-3.582013,0.11961258947849274,0.49399998784065247,0.3635999858379364
YER179W,YIR025W,1,-3.5821543,0.11982570588588715,0.4950000047683716,0.3635999858379364
YHR065C,YJL034W,0,-3.5821693,0.11979670822620392,0.4950000047683716,0.3637000024318695
YNL110C,YNL231C,0,-3.5823076,0.11976772546768188,0.4950000047683716,0.3637999892234802
YPL231W,YKR028W,0,-3.582641,0.11973875015974045,0.4950000047683716,0.36390000581741333
YDL030W,YDR163W,0,-3.582797,0.1197097972035408,0.4950000047683716,0.36399999260902405
YDL077C,YDR276C,0,-3.582824,0.11968085169792175,0.4950000047683716,0.36410000920295715
YDR503C,YBL008W,0,-3.582885,0.1196519210934639,0.4950000047683716,0.36419999599456787
YIR017C,YDR363W-A,0,-3.5830715,0.11962300539016724,0.4950000047683716,0.364300012588501
YPL174C,YAL030W,0,-3.5831244,0.11959410458803177,0.4950000047683716,0.3643999993801117
YMR080C,YML011C,0,-3.583134,0.1195652186870575,0.4950000047683716,0.3644999861717224
YDL130W-A,YPL043W,0,-3.5831397,0.11953634023666382,0.4950000047683716,0.3646000027656555
YOR025W,YLR113W,0,-3.583193,0.11950748413801193,0.4950000047683716,0.36469998955726624
YNL001W,YDR451C,0,-3.5832715,0.11947863548994064,0.4950000047683716,0.36480000615119934
YDL077C,YDR264C,0,-3.5835845,0.11944980919361115,0.4950000047683716,0.36489999294281006
YER082C,YPR138C,0,-3.5836117,0.11942099034786224,0.4950000047683716,0.36500000953674316
YGR132C,YNL025C,0,-3.5839825,0.11939218640327454,0.4950000047683716,0.3650999963283539
YHR193C,YOL033W,0,-3.5840807,0.11936339735984802,0.4950000047683716,0.365200012922287
YPL095C,YLR016C,0,-3.5840948,0.1193346157670021,0.4950000047683716,0.3652999997138977
YOL144W,YDR263C,0,-3.584164,0.11930585652589798,0.4950000047683716,0.3653999865055084
YDR416W,YPR010C,0,-3.584293,0.11927710473537445,0.4950000047683716,0.36550000309944153
YPL121C,YDR386W,1,-3.5847018,0.11948928236961365,0.4959999918937683,0.36550000309944153
YML047C,YBL023C,0,-3.5847204,0.11946050077676773,0.4959999918937683,0.36559998989105225
YCR092C,YBL088C,1,-3.5848203,0.11967252939939499,0.4970000088214874,0.36559998989105225
YER106W,YPL040C,0,-3.5848515,0.11964371800422668,0.4970000088214874,0.36570000648498535
YGL093W,YJL058C,0,-3.5849533,0.11961492151021957,0.4970000088214874,0.36579999327659607
YGL232W,YKL201C,0,-3.5854418,0.11958613991737366,0.4970000088214874,0.3659000098705292
YFL037W,YNR054C,0,-3.5855548,0.11955737322568893,0.4970000088214874,0.3659999966621399
YBL022C,YPL174C,0,-3.586065,0.1195286214351654,0.4970000088214874,0.366100013256073
YOR295W,YFR037C,0,-3.58627,0.11949987709522247,0.4970000088214874,0.3662000000476837
YIL123W,YPR144C,0,-3.5865133,0.11947115510702133,0.4970000088214874,0.36629998683929443
YGR171C,YER142C,0,-3.586644,0.11944244056940079,0.4970000088214874,0.36640000343322754
YLR260W,YHR085W,0,-3.5868886,0.11941374093294144,0.4970000088214874,0.36649999022483826
YBR170C,YCR035C,0,-3.5870187,0.11938505619764328,0.4970000088214874,0.36660000681877136
YGR088W,YBR275C,0,-3.5870903,0.11935638636350632,0.4970000088214874,0.3666999936103821
YER168C,YEL026W,0,-3.5876195,0.11932773143053055,0.4970000088214874,0.3668000102043152
YLR166C,YDL006W,0,-3.5892656,0.11929909139871597,0.4970000088214874,0.3668999969959259
YGL171W,YLL050C,0,-3.5896494,0.119270458817482,0.4970000088214874,0.367000013589859
YMR165C,YBL047C,0,-3.5897815,0.11924184113740921,0.4970000088214874,0.3671000003814697
YPL161C,YKL165C,0,-3.5899808,0.11921323835849762,0.4970000088214874,0.36719998717308044
YLR182W,YER036C,0,-3.590035,0.11918465048074722,0.4970000088214874,0.36730000376701355
YHR073W,YJR119C,0,-3.5903125,0.11915607750415802,0.4970000088214874,0.36739999055862427
YNL257C,YNL307C,0,-3.5907469,0.11912751942873001,0.4970000088214874,0.3675000071525574
YDR079C-A,YJL110C,0,-3.5909984,0.1190989688038826,0.4970000088214874,0.3675999939441681
YCL025C,YOR298C-A,0,-3.5910096,0.11907043308019638,0.4970000088214874,0.3677000105381012
YOR279C,YNL016W,0,-3.5911329,0.11904191970825195,0.4970000088214874,0.3677999973297119
YJL005W,YHL036W,0,-3.5912273,0.11901340633630753,0.4970000088214874,0.367900013923645
YIL063C,YPR138C,0,-3.5917914,0.11898491531610489,0.4970000088214874,0.36800000071525574
YHR082C,YFL029C,0,-3.5924208,0.11895643919706345,0.4970000088214874,0.36809998750686646
YIL072W,YDR382W,0,-3.5925806,0.1189279705286026,0.4970000088214874,0.36820000410079956
YLR410W,YJR150C,0,-3.5927327,0.11889952421188354,0.4970000088214874,0.3682999908924103
YPL106C,YGL227W,0,-3.5931418,0.11887108534574509,0.4970000088214874,0.3684000074863434
YER172C,YML104C,0,-3.593218,0.11884266138076782,0.4970000088214874,0.3684999942779541
YPL196W,YER003C,0,-3.5937874,0.11881424486637115,0.4970000088214874,0.3686000108718872
YLR228C,YML016C,0,-3.593816,0.11878585070371628,0.4970000088214874,0.3686999976634979
YNR003C,YDR343C,0,-3.5939157,0.118757463991642,0.4970000088214874,0.36880001425743103
YPL129W,YPL138C,0,-3.593967,0.11872909963130951,0.4970000088214874,0.36890000104904175
YBL009W,YIL159W,0,-3.593991,0.11870074272155762,0.4970000088214874,0.36899998784065247
YLR069C,YPR046W,0,-3.5940492,0.11867240071296692,0.4970000088214874,0.36910000443458557
YDR279W,YMR135C,0,-3.594184,0.11864406615495682,0.4970000088214874,0.3691999912261963
YMR137C,YHR099W,0,-3.594517,0.11861575394868851,0.4970000088214874,0.3693000078201294
YKL055C,YLR438C-A,0,-3.5950153,0.1185874491930008,0.4970000088214874,0.3693999946117401
YFL010W-A,YJL011C,0,-3.5950816,0.11855915933847427,0.4970000088214874,0.3695000112056732
YBR073W,YLR234W,1,-3.5953462,0.11876937747001648,0.49799999594688416,0.3695000112056732
YGL055W,YJR064W,0,-3.5954726,0.11874105781316757,0.49799999594688416,0.36959999799728394
YBL007C,YNL311C,0,-3.5956018,0.11871275305747986,0.49799999594688416,0.36970001459121704
YML080W,YJL138C,0,-3.595617,0.11868446320295334,0.49799999594688416,0.36980000138282776
YML113W,YDR436W,0,-3.595669,0.11865618079900742,0.49799999594688416,0.3698999881744385
YKR083C,YPL160W,0,-3.595713,0.11862792074680328,0.49799999594688416,0.3700000047683716
YOR320C,YER109C,0,-3.5958574,0.11859966814517975,0.49799999594688416,0.3700999915599823
YNL267W,YPL211W,0,-3.5959682,0.11857143044471741,0.49799999594688416,0.3702000081539154
YDR451C,YGR278W,0,-3.5962284,0.11854320764541626,0.49799999594688416,0.3702999949455261
YKL053C-A,YIL159W,0,-3.5963745,0.11851499229669571,0.49799999594688416,0.37040001153945923
YAL029C,YPL283C,1,-3.5965624,0.11872471868991852,0.49900001287460327,0.37040001153945923
YLR103C,YGL014W,0,-3.5968344,0.11869648098945618,0.49900001287460327,0.37049999833106995
YJR153W,YLR028C,0,-3.596884,0.11866825073957443,0.49900001287460327,0.37059998512268066
YGR202C,YGR060W,0,-3.5970318,0.11864003539085388,0.49900001287460327,0.37070000171661377
YDR208W,YGR088W,0,-3.5970705,0.11861183494329453,0.49900001287460327,0.3707999885082245
YOR354C,YGR296W,1,-3.5970845,0.11882129311561584,0.5,0.3707999885082245
YOR004W,YKL220C,0,-3.5970974,0.1187930628657341,0.5,0.3709000051021576
YDL098C,YKL143W,0,-3.597185,0.11876484751701355,0.5,0.3709999918937683
YDL014W,YBR207W,0,-3.597947,0.1187366396188736,0.5,0.3711000084877014
YMR029C,YMR048W,0,-3.5981295,0.11870845407247543,0.5,0.37119999527931213
YMR067C,YMR211W,0,-3.5982196,0.11868027597665787,0.5,0.37130001187324524
YHR150W,YGR258C,0,-3.5982404,0.1186521127820015,0.5,0.37139999866485596
YLR106C,YDL007W,0,-3.5983202,0.11862396448850632,0.5,0.3714999854564667
YHL022C,YDR076W,1,-3.5983317,0.1188330203294754,0.5009999871253967,0.3714999854564667
YGL163C,YLL002W,1,-3.5984552,0.11904197186231613,0.5019999742507935,0.3714999854564667
YGL167C,YGL075C,0,-3.5984676,0.11901374906301498,0.5019999742507935,0.3716000020503998
YDR224C,YMR277W,0,-3.5986807,0.11898554116487503,0.5019999742507935,0.3716999888420105
YDR126W,YOR298C-A,0,-3.5987468,0.11895734816789627,0.5019999742507935,0.3718000054359436
YOR127W,YLR192C,0,-3.5990698,0.11892916262149811,0.5019999742507935,0.3718999922275543
YLL041C,YDR098C,0,-3.5991342,0.11890099197626114,0.5019999742507935,0.3720000088214874
YFR019W,YNL127W,0,-3.599359,0.11887283623218536,0.5019999742507935,0.37209999561309814
YDR200C,YGR188C,0,-3.5995207,0.11884469538927078,0.5019999742507935,0.37220001220703125
YDR341C,YJL194W,0,-3.5995843,0.1188165694475174,0.5019999742507935,0.37229999899864197
YIL075C,YLL041C,0,-3.5995996,0.1187884509563446,0.5019999742507935,0.3723999857902527
YHR107C,YJL048C,0,-3.5996711,0.11876034736633301,0.5019999742507935,0.3725000023841858
YER094C,YNR072W,0,-3.5997367,0.1187322586774826,0.5019999742507935,0.3725999891757965
YDL098C,YLR438C-A,0,-3.6000524,0.1187041848897934,0.5019999742507935,0.3727000057697296
YMR138W,YPR101W,0,-3.6001089,0.11867612600326538,0.5019999742507935,0.37279999256134033
YPL151C,YDR449C,0,-3.6001759,0.11864807456731796,0.5019999742507935,0.37290000915527344
YMR273C,YMR179W,0,-3.6003568,0.11862003803253174,0.5019999742507935,0.37299999594688416
YAR007C,YGL175C,1,-3.600502,0.11882825195789337,0.503000020980835,0.37299999594688416
YJL219W,YJR017C,0,-3.6007779,0.11880018562078476,0.503000020980835,0.37310001254081726
YER038C,YHR073W,0,-3.6007938,0.11877213418483734,0.503000020980835,0.373199999332428
YOL144W,YLR116W,0,-3.6008723,0.11874409765005112,0.503000020980835,0.3732999861240387
YER036C,YOR279C,0,-3.6011155,0.11871607601642609,0.503000020980835,0.3734000027179718
YIL056W,YIL084C,0,-3.6016798,0.11868806183338165,0.503000020980835,0.3734999895095825
YPL122C,YLR166C,0,-3.601693,0.11866006255149841,0.503000020980835,0.3736000061035156
YOR100C,YDR295C,0,-3.602639,0.11863207817077637,0.503000020980835,0.37369999289512634
YDR398W,YBL103C,0,-3.602665,0.11860410124063492,0.503000020980835,0.37380000948905945
YPR041W,YKL182W,0,-3.6027362,0.11857614666223526,0.503000020980835,0.37389999628067017
YOL144W,YGR014W,0,-3.6027863,0.1185481995344162,0.503000020980835,0.37400001287460327
YCR073C,YDR507C,0,-3.6028807,0.11852026730775833,0.503000020980835,0.374099999666214
YDR073W,YIL009W,0,-3.6035326,0.11849234253168106,0.503000020980835,0.3741999864578247
YOL128C,YEL020W-A,0,-3.6035476,0.11846444010734558,0.503000020980835,0.3743000030517578
YGL120C,YOL012C,0,-3.6037266,0.1184365451335907,0.503000020980835,0.37439998984336853
YAL015C,YGL037C,0,-3.6038759,0.11840866506099701,0.503000020980835,0.37450000643730164
YAR007C,YER147C,1,-3.604062,0.11861614137887955,0.5040000081062317,0.37450000643730164
YGL174W,YGL207W,0,-3.6042016,0.11858823895454407,0.5040000081062317,0.37459999322891235
YCR028C-A,YOR372C,0,-3.6042452,0.11856033653020859,0.5040000081062317,0.37470000982284546
YOL122C,YHR023W,0,-3.60434,0.1185324564576149,0.5040000081062317,0.3747999966144562
YHL038C,YJL122W,0,-3.604541,0.1185045838356018,0.5040000081062317,0.3749000132083893
YDR308C,YMR236W,0,-3.6046326,0.11847672611474991,0.5040000081062317,0.375
YCL067C,YBR112C,0,-3.6050289,0.1184488832950592,0.5040000081062317,0.3750999867916107
YFR008W,YHR083W,0,-3.6050417,0.1184210553765297,0.5040000081062317,0.3752000033855438
YGR175C,YHR158C,0,-3.6051228,0.11839323490858078,0.5040000081062317,0.37529999017715454
YCL025C,YMR204C,0,-3.605358,0.11836542934179306,0.5040000081062317,0.37540000677108765
YLL013C,YOL049W,0,-3.6053584,0.11833763867616653,0.5040000081062317,0.37549999356269836
YHR176W,YLR368W,0,-3.6054742,0.1183098554611206,0.5040000081062317,0.37560001015663147
YJR131W,YKL056C,0,-3.60558,0.11828209459781647,0.5040000081062317,0.3756999969482422
YNR034W,YCR028C,0,-3.6059282,0.11825434118509293,0.5040000081062317,0.3758000135421753
YMR023C,YDR324C,0,-3.6060867,0.11822660267353058,0.5040000081062317,0.375900000333786
YFL037W,YJL194W,0,-3.6065009,0.11819887161254883,0.5040000081062317,0.37599998712539673
YER126C,YML127W,0,-3.6065013,0.11817116290330887,0.5040000081062317,0.37610000371932983
YKR087C,YAL001C,0,-3.606548,0.1181434616446495,0.5040000081062317,0.37619999051094055
YGR170W,YHR169W,0,-3.6067593,0.11811577528715134,0.5040000081062317,0.37630000710487366
YBL003C,YNR032W,0,-3.607317,0.11808809638023376,0.5040000081062317,0.3763999938964844
YPL002C,YMR117C,0,-3.6074553,0.11806043237447739,0.5040000081062317,0.3765000104904175
YDL170W,YMR117C,0,-3.6082637,0.1180327832698822,0.5040000081062317,0.3765999972820282
YDR437W,YJL166W,0,-3.6084878,0.11800514906644821,0.5040000081062317,0.3767000138759613
YDR179C,YLR384C,0,-3.608603,0.11797752976417542,0.5040000081062317,0.376800000667572
YOR210W,YGL240W,0,-3.6086867,0.11794991791248322,0.5040000081062317,0.37689998745918274
YPL164C,YJL173C,1,-3.6095617,0.11815629154443741,0.5049999952316284,0.37689998745918274
YER042W,YDR288W,0,-3.6096137,0.11812865734100342,0.5049999952316284,0.37700000405311584
YGL006W,YPL049C,0,-3.6097052,0.11810103058815002,0.5049999952316284,0.37709999084472656
YMR177W,YJR160C,0,-3.6097271,0.11807341873645782,0.5049999952316284,0.37720000743865967
YLR136C,YDL226C,0,-3.6101973,0.11804581433534622,0.5049999952316284,0.3772999942302704
YGL194C,YPL046C,0,-3.6103039,0.11801822483539581,0.5049999952316284,0.3774000108242035
YNL136W,YCR031C,0,-3.6106007,0.1179906576871872,0.5049999952316284,0.3774999976158142
YHR196W,YPR056W,0,-3.610658,0.11796309053897858,0.5049999952316284,0.3776000142097473
YPL106C,YCL032W,0,-3.6106942,0.11793554574251175,0.5049999952316284,0.37770000100135803
YMR065W,YNL151C,0,-3.6107001,0.11790800839662552,0.5049999952316284,0.37779998779296875
YDR058C,YLR183C,0,-3.6109674,0.11788048595190048,0.5049999952316284,0.37790000438690186
YGR121C,YJL214W,0,-3.6111157,0.11785297840833664,0.5049999952316284,0.3779999911785126
YGR142W,YCR048W,0,-3.6111236,0.1178254783153534,0.5049999952316284,0.3781000077724457
YLR313C,YJR140C,0,-3.6111271,0.11779799312353134,0.5049999952316284,0.3781999945640564
YPL152W,YGR129W,0,-3.6111538,0.11777052283287048,0.5049999952316284,0.3783000111579895
YDR345C,YNL326C,0,-3.6112907,0.11774305999279022,0.5049999952316284,0.3783999979496002
YDR425W,YFR040W,0,-3.611621,0.11771561950445175,0.5049999952316284,0.3785000145435333
YLR427W,YLR372W,0,-3.6117322,0.11768818646669388,0.5049999952316284,0.37860000133514404
YMR164C,YAL043C,0,-3.6118445,0.1176607608795166,0.5049999952316284,0.37869998812675476
YPL202C,YIL048W,0,-3.6118724,0.11763335764408112,0.5049999952316284,0.37880000472068787
YFR033C,YIL002C,0,-3.611933,0.11760596185922623,0.5049999952316284,0.3788999915122986
YBR136W,YLR234W,1,-3.6119916,0.1178114116191864,0.5059999823570251,0.3788999915122986
YIL009W,YMR250W,0,-3.6121109,0.11778398603200912,0.5059999823570251,0.3790000081062317
YOR004W,YPR101W,0,-3.61261,0.11775657534599304,0.5059999823570251,0.3790999948978424
YLR192C,YJL095W,0,-3.6129014,0.11772917956113815,0.5059999823570251,0.3792000114917755
YMR080C,YOR298C-A,0,-3.613087,0.11770179122686386,0.5059999823570251,0.37929999828338623
YPL015C,YDR138W,1,-3.613146,0.11790698021650314,0.5070000290870667,0.37929999828338623
YJL167W,YDR101C,0,-3.613213,0.11787956207990646,0.5070000290870667,0.37940001487731934
YMR101C,YML088W,0,-3.613442,0.11785215884447098,0.5070000290870667,0.37950000166893005
YER147C,YNL312W,1,-3.613559,0.11805716902017593,0.5080000162124634,0.37950000166893005
YEL027W,YGL133W,0,-3.6136081,0.11802974343299866,0.5080000162124634,0.37959998846054077
YBR085W,YPL224C,0,-3.613756,0.11800232529640198,0.5080000162124634,0.3797000050544739
YGL006W,YPL138C,0,-3.613816,0.11797492206096649,0.5080000162124634,0.3797999918460846
YDR516C,YPL059W,0,-3.6144605,0.1179475262761116,0.5080000162124634,0.3799000084400177
YOR231W,YEL020W-A,0,-3.6145566,0.11792014539241791,0.5080000162124634,0.3799999952316284
YDL024C,YGR258C,0,-3.6150753,0.1178927794098854,0.5080000162124634,0.3801000118255615
YMR200W,YGL021W,0,-3.6150813,0.1178654283285141,0.5080000162124634,0.38019999861717224
YOR132W,YNR072W,0,-3.615102,0.11783809214830399,0.5080000162124634,0.38029998540878296
YCR073C,YFL008W,0,-3.615161,0.11781076341867447,0.5080000162124634,0.38040000200271606
YFR055W,YDL036C,0,-3.6152833,0.11778344213962555,0.5080000162124634,0.3804999887943268
YPL057C,YLR319C,0,-3.6154249,0.11775614321231842,0.5080000162124634,0.3806000053882599
YHR062C,YNL307C,0,-3.615606,0.11772885173559189,0.5080000162124634,0.3806999921798706
YEL062W,YNL262W,0,-3.6160097,0.11770157516002655,0.5080000162124634,0.3808000087738037
YJL210W,YIL017C,0,-3.616102,0.1176743134856224,0.5080000162124634,0.38089999556541443
YKL022C,YEL017C-A,0,-3.616183,0.11764705926179886,0.5080000162124634,0.38100001215934753
YDR113C,YDL154W,1,-3.6163409,0.11785135418176651,0.5090000033378601,0.38100001215934753
YCR091W,YDL003W,0,-3.616624,0.11782407760620117,0.5090000033378601,0.38109999895095825
YGL168W,YLL041C,0,-3.6166546,0.11779680848121643,0.5090000033378601,0.38119998574256897
YNL214W,YDR414C,0,-3.6166832,0.11776955425739288,0.5090000033378601,0.3813000023365021
YHR167W,YBR136W,1,-3.6172738,0.11797363311052322,0.5099999904632568,0.3813000023365021
YML025C,YGL093W,0,-3.6172793,0.11794634908437729,0.5099999904632568,0.3813999891281128
YJL187C,YPR024W,0,-3.6173668,0.11791907250881195,0.5099999904632568,0.3815000057220459
YBR098W,YHL022C,1,-3.6175148,0.11812297999858856,0.5109999775886536,0.3815000057220459
YPR193C,YPL026C,0,-3.6177108,0.11809568107128143,0.5109999775886536,0.3815999925136566
YMR029C,YGR254W,0,-3.6183226,0.1180683895945549,0.5109999775886536,0.3817000091075897
YBL007C,YOL028C,0,-3.6188035,0.11804112046957016,0.5109999775886536,0.38179999589920044
YCR037C,YAL005C,0,-3.619067,0.11801385879516602,0.5109999775886536,0.38190001249313354
YOL104C,YOL072W,1,-3.6191413,0.11821749806404114,0.5120000243186951,0.38190001249313354
YOR144C,YBR136W,1,-3.6194289,0.1184210553765297,0.5130000114440918,0.38190001249313354
YML123C,YMR213W,0,-3.6194596,0.11839371919631958,0.5130000114440918,0.38199999928474426
YMR137C,YHR019C,0,-3.6194894,0.11836640536785126,0.5130000114440918,0.382099986076355
YPL069C,YPL095C,0,-3.6195457,0.11833909898996353,0.5130000114440918,0.3822000026702881
YML013W,YPL138C,0,-3.619805,0.118311807513237,0.5130000114440918,0.3822999894618988
YJL108C,YGR007W,0,-3.6205964,0.11828453093767166,0.5130000114440918,0.3824000060558319
YDL154W,YLR234W,1,-3.6206763,0.11848778277635574,0.5139999985694885,0.3824000060558319
YGL254W,YDL024C,0,-3.620818,0.11846047639846802,0.5139999985694885,0.3824999928474426
YER125W,YDR393W,0,-3.6212118,0.11843317747116089,0.5139999985694885,0.38260000944137573
YMR173W,YOR355W,0,-3.6217377,0.11840590089559555,0.5139999985694885,0.38269999623298645
YPR201W,YEL030W,0,-3.6220875,0.11837862432003021,0.5139999985694885,0.38280001282691956
YKL032C,YPR111W,0,-3.622415,0.11835137009620667,0.5139999985694885,0.3828999996185303
YDR060W,YCL067C,0,-3.622513,0.11832412332296371,0.5139999985694885,0.382999986410141
YAL029C,YER044C-A,1,-3.6226459,0.11852703988552094,0.5149999856948853,0.382999986410141
YDL020C,YPR191W,0,-3.622729,0.1184997707605362,0.5149999856948853,0.3831000030040741
YBR265W,YOR288C,0,-3.6227374,0.11847250908613205,0.5149999856948853,0.3831999897956848
YNL279W,YOL122C,0,-3.622844,0.1184452623128891,0.5149999856948853,0.3833000063896179
YGL163C,YLR234W,1,-3.6231728,0.11864796280860901,0.515999972820282,0.3833000063896179
YHR167W,YDL185W,1,-3.6232765,0.11885057389736176,0.5170000195503235,0.3833000063896179
YLL015W,YGR094W,0,-3.6233366,0.11882326006889343,0.5170000195503235,0.38339999318122864
YDR369C,YPL194W,1,-3.6234562,0.11902573704719543,0.5180000066757202,0.38339999318122864
YNL055C,YLR045C,0,-3.623523,0.11899839341640472,0.5180000066757202,0.38350000977516174
YCL033C,YLL011W,0,-3.623573,0.11897106468677521,0.5180000066757202,0.38359999656677246
YKL148C,YDR256C,0,-3.6237867,0.11894374340772629,0.5180000066757202,0.38370001316070557
YLR139C,YDR208W,0,-3.6238358,0.11891643702983856,0.5180000066757202,0.3837999999523163
YPL140C,YLR430W,0,-3.6240427,0.11888914555311203,0.5180000066757202,0.383899986743927
YLR133W,YHR007C,0,-3.6244178,0.1188618615269661,0.5180000066757202,0.3840000033378601
YOR025W,YCR035C,0,-3.6245887,0.11883459240198135,0.5180000066757202,0.3840999901294708
YJL138C,YDL022W,0,-3.6246889,0.1188073381781578,0.5180000066757202,0.38420000672340393
YKL007W,YKR039W,0,-3.6246998,0.11878009885549545,0.5180000066757202,0.38429999351501465
YCL067C,YLR430W,0,-3.6251838,0.1187528669834137,0.5180000066757202,0.38440001010894775
YDR045C,YGR247W,0,-3.6253963,0.11872565001249313,0.5180000066757202,0.38449999690055847
YCR020W-B,YBR112C,0,-3.6257207,0.11869844049215317,0.5180000066757202,0.3846000134944916
YDR488C,YLR183C,0,-3.6260293,0.1186712458729744,0.5180000066757202,0.3847000002861023
YNL062C,YGR199W,0,-3.6262176,0.11864406615495682,0.5180000066757202,0.384799987077713
YKL117W,YDR393W,0,-3.626248,0.11861690133810043,0.5180000066757202,0.3849000036716461
YMR246W,YPR191W,0,-3.6266992,0.11858974397182465,0.5180000066757202,0.38499999046325684
YDL142C,YDR030C,0,-3.6268432,0.11856260150671005,0.5180000066757202,0.38510000705718994
YDR172W,YGL094C,0,-3.6269376,0.11853546649217606,0.5180000066757202,0.38519999384880066
YIL049W,YGL093W,0,-3.627619,0.11850835382938385,0.5180000066757202,0.38530001044273376
YDR343C,YOL146W,0,-3.627721,0.11848124116659164,0.5180000066757202,0.3853999972343445
YOR068C,YOR148C,0,-3.6278307,0.11845415085554123,0.5180000066757202,0.3855000138282776
YKL053C-A,YNL291C,0,-3.6279106,0.11842706799507141,0.5180000066757202,0.3856000006198883
YBR265W,YPL026C,0,-3.6279297,0.11840000003576279,0.5180000066757202,0.385699987411499
YDR004W,YDR097C,1,-3.6281188,0.11860146373510361,0.5189999938011169,0.385699987411499
YHR019C,YDR219C,0,-3.6283286,0.1185743659734726,0.5189999938011169,0.38580000400543213
YKR101W,YPR101W,0,-3.6286294,0.11854728311300278,0.5189999938011169,0.38589999079704285
YNL202W,YOR168W,0,-3.629051,0.11852020770311356,0.5189999938011169,0.38600000739097595
YNL222W,YBR010W,0,-3.6291182,0.11849314719438553,0.5189999938011169,0.38609999418258667
YOR032C,YGR230W,0,-3.6297386,0.1184661015868187,0.5189999938011169,0.3862000107765198
YOL002C,YDL007W,0,-3.6297843,0.11843907088041306,0.5189999938011169,0.3862999975681305
YNL070W,YGR200C,0,-3.6298416,0.11841204762458801,0.5189999938011169,0.3864000141620636
YHR165C,YER003C,0,-3.6300137,0.11838503926992416,0.5189999938011169,0.3865000009536743
YPL037C,YBR298C,0,-3.6301017,0.11835803836584091,0.5189999938011169,0.38659998774528503
YJL148W,YPL177C,0,-3.6301978,0.11833105236291885,0.5189999938011169,0.38670000433921814
YML059C,YER015W,0,-3.6302173,0.11830408126115799,0.5189999938011169,0.38679999113082886
YPL159C,YCR066W,0,-3.6305356,0.11827711760997772,0.5189999938011169,0.38690000772476196
YHR148W,YFL014W,0,-3.6307392,0.11825016885995865,0.5189999938011169,0.3869999945163727
YHR042W,YLR015W,0,-3.630831,0.11822323501110077,0.5189999938011169,0.3871000111103058
YMR006C,YIL159W,0,-3.6310678,0.11819630861282349,0.5189999938011169,0.3871999979019165
YHR096C,YLR154C,0,-3.6311781,0.1181693971157074,0.5189999938011169,0.3873000144958496
YJL111W,YOR162C,0,-3.6311831,0.1181425005197525,0.5189999938011169,0.3874000012874603
YAL029C,YOL104C,1,-3.6311932,0.11834319680929184,0.5199999809265137,0.3874000012874603
YGL029W,YER028C,0,-3.6312366,0.11831627041101456,0.5199999809265137,0.38749998807907104
YOR005C,YMR199W,0,-3.6312878,0.11828935146331787,0.5199999809265137,0.38760000467300415
YBR250W,YJR001W,0,-3.6313674,0.11826245486736298,0.5199999809265137,0.38769999146461487
YPL106C,YPR144C,0,-3.6314237,0.11823555827140808,0.5199999809265137,0.387800008058548
YGL126W,YLR015W,0,-3.6314666,0.11820868402719498,0.5199999809265137,0.3878999948501587
YJR076C,YGR188C,0,-3.6314864,0.11818181723356247,0.5199999809265137,0.3880000114440918
YDL235C,YGL240W,0,-3.6317744,0.11815496534109116,0.5199999809265137,0.3880999982357025
YHR167W,YAL029C,1,-3.6319878,0.11835529655218124,0.5210000276565552,0.3880999982357025
YOL009C,YKL213C,0,-3.632,0.11832841485738754,0.5210000276565552,0.3882000148296356
YMR211W,YOR313C,0,-3.6322846,0.11830154061317444,0.5210000276565552,0.38830000162124634
YMR106C,YML062C,1,-3.6323817,0.1185017004609108,0.5220000147819519,0.38830000162124634
YPL170W,YNL302C,0,-3.6324468,0.1184748038649559,0.5220000147819519,0.38839998841285706
YJL080C,YMR172W,0,-3.6326663,0.1184479221701622,0.5220000147819519,0.38850000500679016
YGR218W,YML006C,0,-3.6328452,0.1184210553765297,0.5220000147819519,0.3885999917984009
YFR009W,YBR170C,0,-3.6334074,0.11839419603347778,0.5220000147819519,0.388700008392334
YDL064W,YHR172W,0,-3.633603,0.11836734414100647,0.5220000147819519,0.3887999951839447
YBR179C,YJR059W,0,-3.6338286,0.11834051460027695,0.5220000147819519,0.3889000117778778
YDR093W,YDL014W,0,-3.6338575,0.11831369251012802,0.5220000147819519,0.3889999985694885
YHL003C,YAL034W-A,0,-3.6341307,0.11828687787055969,0.5220000147819519,0.38909998536109924
YJR017C,YPL028W,0,-3.6342676,0.11826007813215256,0.5220000147819519,0.38920000195503235
YKR087C,YDR126W,0,-3.6343539,0.11823329329490662,0.5220000147819519,0.38929998874664307
YGL151W,YLL061W,0,-3.634536,0.11820652335882187,0.5220000147819519,0.38940000534057617
YPR005C,YOR330C,0,-3.634702,0.11817976087331772,0.5220000147819519,0.3894999921321869
YDR168W,YDR393W,0,-3.6348221,0.11815301328897476,0.5220000147819519,0.38960000872612
YNL164C,YNL231C,0,-3.6351354,0.1181262731552124,0.5220000147819519,0.3896999955177307
YOR132W,YHR083W,0,-3.6353688,0.11809954792261124,0.5220000147819519,0.3898000121116638
YPL217C,YLR438C-A,0,-3.6355379,0.11807283759117126,0.5220000147819519,0.38989999890327454
YHR011W,YKL143W,0,-3.635659,0.11804613471031189,0.5220000147819519,0.38999998569488525
YDR285W,YNL091W,0,-3.635774,0.11801944673061371,0.5220000147819519,0.39010000228881836
YDR461W,YGR253C,0,-3.6360345,0.11799276620149612,0.5220000147819519,0.3901999890804291
YDR363W-A,YCR081W,0,-3.636195,0.11796610057353973,0.5220000147819519,0.3903000056743622
YER042W,YOR344C,0,-3.6364505,0.11793944984674454,0.5220000147819519,0.3903999924659729
YGR216C,YJR125C,0,-3.6364791,0.11791280657052994,0.5220000147819519,0.390500009059906
YJR131W,YLR071C,0,-3.6365042,0.11788617819547653,0.5220000147819519,0.3905999958515167
YHR129C,YPR162C,0,-3.636805,0.11785956472158432,0.5220000147819519,0.39070001244544983
YJR076C,YDR343C,0,-3.6369188,0.1178329586982727,0.5220000147819519,0.39079999923706055
YJR049C,YDL201W,0,-3.6370246,0.11780636757612228,0.5220000147819519,0.39089998602867126
YDR358W,YHR187W,0,-3.6374063,0.11777978390455246,0.5220000147819519,0.39100000262260437
YDL024C,YKL126W,0,-3.6375592,0.11775321513414383,0.5220000147819519,0.3910999894142151
YHR175W,YMR036C,0,-3.6376045,0.11772666126489639,0.5220000147819519,0.3912000060081482
YCL061C,YOL111C,0,-3.6377206,0.11770011484622955,0.5220000147819519,0.3912999927997589
YLR009W,YDL078C,0,-3.6381423,0.11767358332872391,0.5220000147819519,0.391400009393692
YKL022C,YMR059W,0,-3.638635,0.11764705926179886,0.5220000147819519,0.39149999618530273
YPL217C,YDR162C,0,-3.638703,0.117620550096035,0.5220000147819519,0.39160001277923584
YHR066W,YKL139W,0,-3.6388714,0.11759405583143234,0.5220000147819519,0.39169999957084656
YGL045W,YDR324C,0,-3.6392424,0.11756756901741028,0.5220000147819519,0.3917999863624573
YCR093W,YDL081C,0,-3.6398666,0.11754109710454941,0.5220000147819519,0.3919000029563904
YJR121W,YAL024C,0,-3.6399338,0.11751463264226913,0.5220000147819519,0.3919999897480011
YKR003W,YPR101W,0,-3.639949,0.11748818308115005,0.5220000147819519,0.3921000063419342
YBL051C,YMR235C,0,-3.6401806,0.11746174842119217,0.5220000147819519,0.3921999931335449
YDR240C,YJL010C,0,-3.64043,0.11743532121181488,0.5220000147819519,0.392300009727478
YGL008C,YNL246W,0,-3.640655,0.11740890890359879,0.5220000147819519,0.39239999651908875
YCR092C,YER147C,1,-3.6407,0.11760737746953964,0.5230000019073486,0.39239999651908875
YJR019C,YBR296C,0,-3.6410606,0.11758093535900116,0.5230000019073486,0.39250001311302185
YJL042W,YKL194C,0,-3.6412647,0.11755450814962387,0.5230000019073486,0.39259999990463257
YBR098W,YDR369C,1,-3.6416175,0.117752805352211,0.5239999890327454,0.39259999990463257
YDR244W,YPL270W,0,-3.6416507,0.11772635579109192,0.5239999890327454,0.3926999866962433
YOL043C,YML091C,0,-3.6418297,0.11769991368055344,0.5239999890327454,0.3928000032901764
YKL035W,YHR191C,0,-3.6418355,0.11767347902059555,0.5239999890327454,0.3928999900817871
YAL020C,YIL159W,0,-3.642151,0.11764705926179886,0.5239999890327454,0.3930000066757202
YJL173C,YNL339C,1,-3.6421974,0.11784511804580688,0.5249999761581421,0.3930000066757202
YDR489W,YDR385W,0,-3.6422622,0.1178186684846878,0.5249999761581421,0.39309999346733093
YDR325W,YPR083W,0,-3.6422641,0.11779223382472992,0.5249999761581421,0.39320001006126404
YBL051C,YHR001W-A,0,-3.6423118,0.11776581406593323,0.5249999761581421,0.39329999685287476
YNL090W,YKL081W,0,-3.6424735,0.11773940175771713,0.5249999761581421,0.39340001344680786
YOR233W,YJR017C,0,-3.642619,0.11771300435066223,0.5249999761581421,0.3935000002384186
YPL127C,YMR106C,1,-3.6426404,0.11791078001260757,0.5260000228881836,0.3935000002384186
YDR263C,YDR244W,0,-3.6427176,0.11788436025381088,0.5260000228881836,0.3935999870300293
YBR123C,YNL070W,0,-3.6427467,0.11785794049501419,0.5260000228881836,0.3937000036239624
YDR295C,YHR205W,0,-3.6427486,0.11783154308795929,0.5260000228881836,0.3937999904155731
YEL026W,YLR105C,0,-3.642829,0.11780515313148499,0.5260000228881836,0.3939000070095062
YMR133W,YER173W,1,-3.6428792,0.11800269037485123,0.5270000100135803,0.3939000070095062
YOR127W,YDL150W,0,-3.64293,0.11797627061605453,0.5270000100135803,0.39399999380111694
YMR058W,YDR470C,0,-3.6431494,0.11794986575841904,0.5270000100135803,0.39410001039505005
YOL128C,YER111C,0,-3.6431687,0.11792347580194473,0.5270000100135803,0.39419999718666077
YGL183C,YOL104C,1,-3.6431804,0.11812080442905426,0.527999997138977,0.39419999718666077
YLR086W,YER044C,0,-3.643431,0.11809438467025757,0.527999997138977,0.39430001378059387
YJR119C,YIL061C,0,-3.6436505,0.11806797981262207,0.527999997138977,0.3944000005722046
YDR235W,YNL172W,0,-3.6438215,0.11804158240556717,0.527999997138977,0.3944999873638153
YML060W,YCL004W,0,-3.644693,0.11801519989967346,0.527999997138977,0.3946000039577484
YOR275C,YMR048W,0,-3.6449018,0.11798882484436035,0.527999997138977,0.39469999074935913
YBR211C,YHR106W,0,-3.644925,0.11796246469020844,0.527999997138977,0.39480000734329224
YOL043C,YDR359C,0,-3.645027,0.11793611943721771,0.527999997138977,0.39489999413490295
YDR365C,YLR191W,0,-3.6452572,0.11790978163480759,0.527999997138977,0.39500001072883606
YMR309C,YFL014W,0,-3.6453357,0.11788345873355865,0.527999997138977,0.3950999975204468
YLR452C,YOL125W,0,-3.645977,0.11785714328289032,0.527999997138977,0.3952000141143799
YEL027W,YML112W,0,-3.646129,0.11783084273338318,0.527999997138977,0.3953000009059906
YJL048C,YMR246W,0,-3.6462667,0.11780454963445663,0.527999997138977,0.3953999876976013
YOR224C,YER174C,0,-3.6470387,0.11777827143669128,0.527999997138977,0.3955000042915344
YOR341W,YJL087C,0,-3.647207,0.11775200814008713,0.527999997138977,0.39559999108314514
YLR003C,YFR040W,0,-3.6474597,0.11772575229406357,0.527999997138977,0.39570000767707825
YDR296W,YFL037W,0,-3.6475039,0.1176995113492012,0.527999997138977,0.39579999446868896
YER018C,YDR227W,0,-3.6489651,0.11767327785491943,0.527999997138977,0.39590001106262207
YMR133W,YLL002W,1,-3.6494067,0.11786987632513046,0.5289999842643738,0.39590001106262207
YDR369C,YGL175C,1,-3.649483,0.11806638538837433,0.5299999713897705,0.39590001106262207
YDR138W,YDR076W,1,-3.6495535,0.11826280504465103,0.531000018119812,0.39590001106262207
YCL029C,YOR063W,0,-3.6496048,0.1182364746928215,0.531000018119812,0.3959999978542328
YPL256C,YOR179C,0,-3.6496336,0.11821015179157257,0.531000018119812,0.3961000144481659
YNR032C-A,YBR112C,0,-3.6496694,0.11818384379148483,0.531000018119812,0.3962000012397766
YJR050W,YFL031W,0,-3.650822,0.11815754324197769,0.531000018119812,0.39629998803138733
YMR101C,YDR483W,0,-3.65108,0.11813125759363174,0.531000018119812,0.39640000462532043
YHL036W,YNL025C,0,-3.6511781,0.1181049793958664,0.531000018119812,0.39649999141693115
YJL191W,YCL034W,0,-3.6513855,0.11807871609926224,0.531000018119812,0.39660000801086426
YBL005W,YPL176C,0,-3.651501,0.11805246770381927,0.531000018119812,0.396699994802475
YDL130W-A,YMR290C,0,-3.651747,0.11802622675895691,0.531000018119812,0.3968000113964081
YDL017W,YIR002C,0,-3.6518905,0.11800000071525574,0.531000018119812,0.3968999981880188
YOL020W,YMR247C,0,-3.6521947,0.11797378212213516,0.531000018119812,0.3970000147819519
YIL072W,YDR173C,0,-3.6527433,0.11794757843017578,0.531000018119812,0.3971000015735626
YLR139C,YDR494W,0,-3.6527603,0.117921382188797,0.531000018119812,0.39719998836517334
YKL049C,YOL111C,0,-3.6528165,0.1178952008485794,0.531000018119812,0.39730000495910645
YPL187W,YPL076W,0,-3.6529112,0.11786903440952301,0.531000018119812,0.39739999175071716
YPL221W,YPR186C,0,-3.6530554,0.11784287542104721,0.531000018119812,0.39750000834465027
YPL132W,YHR006W,0,-3.6530712,0.1178167313337326,0.531000018119812,0.397599995136261
YGL222C,YPL135W,0,-3.6532362,0.1177905946969986,0.531000018119812,0.3977000117301941
YMR068W,YGR086C,0,-3.653467,0.11776447296142578,0.531000018119812,0.3977999985218048
YMR162C,YGR112W,0,-3.6535826,0.11773835867643356,0.531000018119812,0.3978999853134155
YBL008W,YML048W,0,-3.6536815,0.11771225929260254,0.531000018119812,0.39800000190734863
YLR368W,YBR133C,0,-3.6543705,0.11768616735935211,0.531000018119812,0.39809998869895935
YOR256C,YPR144C,0,-3.6545298,0.11766009032726288,0.531000018119812,0.39820000529289246
YGL191W,YOL124C,0,-3.6546614,0.11763402819633484,0.531000018119812,0.3982999920845032
YCR073C,YLL050C,0,-3.6548102,0.1176079735159874,0.531000018119812,0.3984000086784363
YOR140W,YOR162C,0,-3.654961,0.11758193373680115,0.531000018119812,0.398499995470047
YGL111W,YPR021C,0,-3.6550186,0.1175559014081955,0.531000018119812,0.3986000120639801
YLR043C,YGR006W,0,-3.6550605,0.11752988398075104,0.531000018119812,0.3986999988555908
YGR140W,YDR085C,0,-3.6551807,0.11750387400388718,0.531000018119812,0.39879998564720154
YOL060C,YIL115C,0,-3.6552222,0.11747787892818451,0.531000018119812,0.39890000224113464
YOR025W,YLR043C,0,-3.6552813,0.11745189130306244,0.531000018119812,0.39899998903274536
YDR363W-A,YOR231W,0,-3.6557858,0.11742591857910156,0.531000018119812,0.39910000562667847
YOL076W,YOL125W,0,-3.6558135,0.11739995330572128,0.531000018119812,0.3991999924182892
YNL310C,YGL169W,0,-3.6558926,0.1173740029335022,0.531000018119812,0.3993000090122223
YIL106W,YOL125W,0,-3.6559513,0.1173480674624443,0.531000018119812,0.399399995803833
YMR201C,YDR404C,0,-3.655997,0.11732213944196701,0.531000018119812,0.3995000123977661
YBR193C,YOR298C-A,0,-3.656028,0.11729622632265091,0.531000018119812,0.39959999918937683
YMR049C,YPR181C,0,-3.6562884,0.1172703206539154,0.531000018119812,0.39969998598098755
YEL054C,YDL232W,0,-3.6563008,0.1172444224357605,0.531000018119812,0.39980000257492065
YER053C,YBL041W,0,-3.6563475,0.11721854656934738,0.531000018119812,0.39989998936653137
YHR073W,YBR035C,0,-3.6564958,0.11719267070293427,0.531000018119812,0.4000000059604645
YOL090W,YOL006C,1,-3.6566265,0.11738746613264084,0.5320000052452087,0.4000000059604645
YGL232W,YOL077W-A,0,-3.6569412,0.11736156791448593,0.5320000052452087,0.4000999927520752
YJL170C,YDR436W,0,-3.6580179,0.11733568459749222,0.5320000052452087,0.4002000093460083
YHR183W,YPL132W,0,-3.6581278,0.1173098161816597,0.5320000052452087,0.400299996137619
YOL104C,YER173W,1,-3.6581511,0.11750441044569016,0.5329999923706055,0.400299996137619
YBR015C,YNL173C,0,-3.6581652,0.11747851222753525,0.5329999923706055,0.4004000127315521
YDR087C,YIL154C,0,-3.658355,0.11745262145996094,0.5329999923706055,0.40049999952316284
YLL031C,YBL003C,0,-3.658417,0.11742674559354782,0.5329999923706055,0.40059998631477356
YPR010C,YLR133W,0,-3.658417,0.1174008846282959,0.5329999923706055,0.40070000290870667
YMR186W,YJL003W,0,-3.6594107,0.11737503111362457,0.5329999923706055,0.4007999897003174
YDR004W,YDR113C,1,-3.6594582,0.11756934970617294,0.5339999794960022,0.4007999897003174
YMR246W,YPL180W,0,-3.6595843,0.11754347383975983,0.5339999794960022,0.4009000062942505
YHR030C,YIR006C,0,-3.6596835,0.11751760542392731,0.5339999794960022,0.4009999930858612
YJL138C,YNL207W,0,-3.6598194,0.11749175190925598,0.5339999794960022,0.4011000096797943
YHR039C,YLR418C,1,-3.659859,0.11768587678670883,0.5350000262260437,0.4011000096797943
YER164W,YHR172W,0,-3.660013,0.11765999346971512,0.5350000262260437,0.40119999647140503
YNL068C,YPL021W,0,-3.660116,0.1176341250538826,0.5350000262260437,0.40130001306533813
YDL007W,YEL061C,0,-3.660466,0.11760826408863068,0.5350000262260437,0.40139999985694885
YDR448W,YGR070W,0,-3.6604817,0.11758241802453995,0.5350000262260437,0.40149998664855957
YDL004W,YDL247W,0,-3.6605372,0.11755657941102982,0.5350000262260437,0.4016000032424927
YMR211W,YBR127C,0,-3.6606991,0.11753075569868088,0.5350000262260437,0.4016999900341034
YGL012W,YIL073C,0,-3.6607502,0.11750493943691254,0.5350000262260437,0.4018000066280365
YOR229W,YML081C-A,0,-3.661082,0.11747913807630539,0.5350000262260437,0.4018999934196472
YAL034W-A,YCL052C,0,-3.6611297,0.11745335161685944,0.5350000262260437,0.4020000100135803
YIL053W,YPL031C,0,-3.6611938,0.11742756515741348,0.5350000262260437,0.40209999680519104
YOL028C,YOL013C,0,-3.661201,0.11740180104970932,0.5350000262260437,0.40220001339912415
YOR068C,YGR186W,0,-3.6613257,0.11737604439258575,0.5350000262260437,0.40230000019073486
YER168C,YML001W,0,-3.6619241,0.11735029518604279,0.5350000262260437,0.4023999869823456
YML024W,YNL048W,0,-3.6619623,0.11732456088066101,0.5350000262260437,0.4025000035762787
YOL144W,YBR173C,0,-3.662148,0.11729884147644043,0.5350000262260437,0.4025999903678894
YDR211W,YJL191W,0,-3.6622798,0.11727312952280045,0.5350000262260437,0.4027000069618225
YNL273W,YAL056W,0,-3.6623828,0.11724742501974106,0.5350000262260437,0.4027999937534332
YDR235W,YOL144W,0,-3.6625805,0.11722173541784286,0.5350000262260437,0.40290001034736633
YER049W,YER142C,0,-3.6625934,0.11719605326652527,0.5350000262260437,0.40299999713897705
YFR021W,YIR012W,0,-3.6628335,0.11717039346694946,0.5350000262260437,0.40310001373291016
YLR410W,YNL209W,0,-3.6628373,0.11714473366737366,0.5350000262260437,0.4032000005245209
YDR356W,YER143W,0,-3.6631472,0.11711908876895905,0.5350000262260437,0.4032999873161316
YMR092C,YOR209C,0,-3.6634986,0.11709345877170563,0.5350000262260437,0.4034000039100647
YNR016C,YMR164C,0,-3.6636524,0.1170678362250328,0.5350000262260437,0.4034999907016754
YNL163C,YKR009C,0,-3.6636865,0.11704222112894058,0.5350000262260437,0.4036000072956085
YDR060W,YMR270C,0,-3.6640847,0.11701662093400955,0.5350000262260437,0.40369999408721924
YGL232W,YEL012W,0,-3.66441,0.11699103564023972,0.5350000262260437,0.40380001068115234
YPL155C,YNL015W,0,-3.664525,0.11696545779705048,0.5350000262260437,0.40389999747276306
YER044C-A,YLL002W,1,-3.6647809,0.11715847253799438,0.5360000133514404,0.40389999747276306
YNL149C,YLR189C,0,-3.6650121,0.11713286489248276,0.5360000133514404,0.40400001406669617
YKL004W,YEL019C,0,-3.6655953,0.11710727214813232,0.5360000133514404,0.4041000008583069
YGR171C,YPL135W,0,-3.6656115,0.11708169430494308,0.5360000133514404,0.4041999876499176
YGR180C,YDR254W,0,-3.665887,0.11705612391233444,0.5360000133514404,0.4043000042438507
YHR091C,YMR135C,0,-3.6659043,0.117030568420887,0.5360000133514404,0.4043999910354614
YPL140C,YGR195W,0,-3.6663554,0.11700502038002014,0.5360000133514404,0.40450000762939453
YPL188W,YGR133W,0,-3.6665199,0.11697948724031448,0.5360000133514404,0.40459999442100525
YDR138W,YDR386W,1,-3.666578,0.11717215925455093,0.5370000004768372,0.40459999442100525
YCL067C,YGR244C,0,-3.666591,0.11714659631252289,0.5370000004768372,0.40470001101493835
YDR085C,YKL146W,0,-3.666636,0.11712104827165604,0.5370000004768372,0.4047999978065491
YJL115W,YDL232W,0,-3.6669152,0.11709550768136978,0.5370000004768372,0.4049000144004822
YLR410W,YOL124C,0,-3.6669543,0.11706998199224472,0.5370000004768372,0.4050000011920929
YIR018W,YNR046W,0,-3.6672246,0.11704446375370026,0.5370000004768372,0.4050999879837036
YNL053W,YDR240C,0,-3.6675098,0.11701896041631699,0.5370000004768372,0.4052000045776367
YAL053W,YLR011W,0,-3.6675308,0.11699346452951431,0.5370000004768372,0.40529999136924744
YNL075W,YJL091C,0,-3.6676464,0.11696798354387283,0.5370000004768372,0.40540000796318054
YNR030W,YBL030C,0,-3.6679156,0.11694251000881195,0.5370000004768372,0.40549999475479126
YDL077C,YNL148C,0,-3.6680267,0.11691705137491226,0.5370000004768372,0.40560001134872437
YER082C,YCR066W,0,-3.6681762,0.11689160019159317,0.5370000004768372,0.4056999981403351
YPR019W,YLR102C,0,-3.6682267,0.11686615645885468,0.5370000004768372,0.4058000147342682
YKL025C,YEL027W,0,-3.6685936,0.11684072762727737,0.5370000004768372,0.4059000015258789
YHR006W,YPR049C,0,-3.6686635,0.11681531369686127,0.5370000004768372,0.4059999883174896
YLR360W,YJL008C,0,-3.6690013,0.11678990721702576,0.5370000004768372,0.40610000491142273
YBR250W,YLR130C,0,-3.669041,0.11676451563835144,0.5370000004768372,0.40619999170303345
YDR235W,YEL019C,0,-3.66919,0.11673913151025772,0.5370000004768372,0.40630000829696655
YKL205W,YBR112C,0,-3.6692755,0.1167137548327446,0.5370000004768372,0.40639999508857727
YGR185C,YBR296C,0,-3.6693826,0.11668839305639267,0.5370000004768372,0.4065000116825104
YLR260W,YDL036C,0,-3.6695497,0.11666304618120193,0.5370000004768372,0.4065999984741211
YCL043C,YDL166C,0,-3.6696932,0.1166377067565918,0.5370000004768372,0.4066999852657318
YAL029C,YPL127C,1,-3.6697676,0.1168295294046402,0.5379999876022339,0.4066999852657318
YFL025C,YPL221W,0,-3.67012,0.11680416762828827,0.5379999876022339,0.4068000018596649
YNL026W,YPR037C,0,-3.6703007,0.11677881330251694,0.5379999876022339,0.40689998865127563
YPL076W,YBL082C,0,-3.670548,0.1167534738779068,0.5379999876022339,0.40700000524520874
YER082C,YLR363C,0,-3.6705968,0.11672814190387726,0.5379999876022339,0.40709999203681946
YOL028C,YLR032W,0,-3.6706321,0.11670281738042831,0.5379999876022339,0.40720000863075256
YMR234W,YDR449C,0,-3.670878,0.11667750775814056,0.5379999876022339,0.4072999954223633
YLR139C,YPL016W,0,-3.6710572,0.11665221303701401,0.5379999876022339,0.4074000120162964
YDL003W,YJL020C,0,-3.6711454,0.11662692576646805,0.5379999876022339,0.4074999988079071
YJL014W,YIL009W,0,-3.6711707,0.11660164594650269,0.5379999876022339,0.4075999855995178
YHR016C,YHR012W,0,-3.6714668,0.11657638102769852,0.5379999876022339,0.4077000021934509
YGL249W,YMR060C,0,-3.6715243,0.11655112355947495,0.5379999876022339,0.40779998898506165
YDR097C,YPR164W,1,-3.6718733,0.11674247682094574,0.5389999747276306,0.40779998898506165
YDR369C,YLL002W,1,-3.6720836,0.11693374067544937,0.5400000214576721,0.40779998898506165
YGR088W,YDR507C,0,-3.6721838,0.11690842360258102,0.5400000214576721,0.40790000557899475
YLR006C,YIL031W,0,-3.672227,0.11688311398029327,0.5400000214576721,0.40799999237060547
YGL163C,YDR076W,1,-3.6723983,0.11707422882318497,0.5410000085830688,0.40799999237060547
YPR094W,YIR006C,0,-3.672407,0.11704889684915543,0.5410000085830688,0.4081000089645386
YHR129C,YGL173C,0,-3.6724436,0.11702357977628708,0.5410000085830688,0.4081999957561493
YHR114W,YBL030C,0,-3.672632,0.11699827015399933,0.5410000085830688,0.4083000123500824
YDR379W,YML043C,0,-3.6726573,0.11697297543287277,0.5410000085830688,0.4083999991416931
YDR171W,YHR079C,0,-3.672757,0.11694768816232681,0.5410000085830688,0.40849998593330383
YHR174W,YPR168W,0,-3.6730666,0.11692240834236145,0.5410000085830688,0.40860000252723694
YMR240C,YDR259C,0,-3.6735413,0.11689715087413788,0.5410000085830688,0.40869998931884766
YLR405W,YGL035C,0,-3.6737041,0.1168718934059143,0.5410000085830688,0.40880000591278076
YDR004W,YOR033C,1,-3.6744628,0.11706263571977615,0.5419999957084656,0.40880000591278076
YPR164W,YOR033C,1,-3.6745746,0.11725329607725143,0.5429999828338623,0.40880000591278076
YOL043C,YAL001C,0,-3.6745865,0.11722797900438309,0.5429999828338623,0.4088999927043915
YBL005W,YDR384C,0,-3.6754262,0.11720267683267593,0.5429999828338623,0.4090000092983246
YOR089C,YOR230W,0,-3.6755214,0.11717738211154938,0.5429999828338623,0.4090999960899353
YJL090C,YDL154W,1,-3.6758,0.11736785620450974,0.5440000295639038,0.4090999960899353
YGL175C,YBR136W,1,-3.6759617,0.11755824089050293,0.5450000166893005,0.4090999960899353
YNL251C,YKL042W,0,-3.6760626,0.1175328865647316,0.5450000166893005,0.4092000126838684
YOR145C,YCR024C-A,0,-3.6762664,0.11750754714012146,0.5450000166893005,0.4092999994754791
YBL047C,YOL105C,0,-3.6763797,0.11748221516609192,0.5450000166893005,0.40939998626708984
YHR204W,YNL214W,0,-3.6764233,0.11745689809322357,0.5450000166893005,0.40950000286102295
YKL188C,YCL033C,0,-3.676646,0.11743158847093582,0.5450000166893005,0.40959998965263367
YNR030W,YNL232W,0,-3.676709,0.11740629374980927,0.5450000166893005,0.4097000062465668
YNL101W,YER053C,0,-3.6768572,0.1173810064792633,0.5450000166893005,0.4097999930381775
YLR424W,YGR222W,0,-3.676949,0.11735572665929794,0.5450000166893005,0.4099000096321106
YGL191W,YBL035C,0,-3.6770012,0.11733046174049377,0.5450000166893005,0.4099999964237213
YDR527W,YLR115W,0,-3.6772096,0.1173052117228508,0.5450000166893005,0.4101000130176544
YPL194W,YMR106C,1,-3.6774955,0.11749515682458878,0.5460000038146973,0.4101000130176544
YKL032C,YDR437W,0,-3.67752,0.11746987700462341,0.5460000038146973,0.41019999980926514
YMR006C,YKL194C,0,-3.6775382,0.11744461208581924,0.5460000038146973,0.41029998660087585
YNL130C,YKL062W,0,-3.6779118,0.11741935461759567,0.5460000038146973,0.41040000319480896
YCL008C,YDL007W,0,-3.678055,0.1173941120505333,0.5460000038146973,0.4104999899864197
YGL167C,YML112W,0,-3.6783,0.11736887693405151,0.5460000038146973,0.4106000065803528
YDL165W,YLR106C,0,-3.6784155,0.11734364926815033,0.5460000038146973,0.4106999933719635
YGR142W,YML112W,0,-3.6789644,0.11731843650341034,0.5460000038146973,0.4108000099658966
YJL090C,YDR446W,1,-3.6790545,0.11750805377960205,0.546999990940094,0.4108000099658966
YGR142W,YOL011W,0,-3.6790762,0.11748281866312027,0.546999990940094,0.4108999967575073
YGL244W,YGR279C,0,-3.6791806,0.11745759099721909,0.546999990940094,0.41100001335144043
YFL037W,YGL021W,0,-3.679217,0.1174323707818985,0.546999990940094,0.41110000014305115
YOR288C,YNR002C,0,-3.679407,0.1174071654677391,0.546999990940094,0.41119998693466187
YML057W,YIL117C,0,-3.6794126,0.1173819750547409,0.546999990940094,0.41130000352859497
YDL170W,YCR052W,0,-3.6794903,0.1173567920923233,0.546999990940094,0.4113999903202057
YPL164C,YER044C-A,1,-3.6798341,0.11754611879587173,0.5479999780654907,0.4113999903202057
YPL057C,YER042W,0,-3.6800146,0.11752090603113174,0.5479999780654907,0.4115000069141388
YBR050C,YBR296C,0,-3.6803455,0.11749570816755295,0.5479999780654907,0.4115999937057495
YER028C,YPL181W,0,-3.6804445,0.11747052520513535,0.5479999780654907,0.4117000102996826
YPL029W,YLR039C,0,-3.6806693,0.11744534969329834,0.5479999780654907,0.41179999709129333
YMR292W,YDR244W,0,-3.681157,0.11742018163204193,0.5479999780654907,0.41190001368522644
YGR089W,YMR285C,0,-3.6814036,0.11739502847194672,0.5479999780654907,0.41200000047683716
YGR085C,YDR322C-A,0,-3.6817007,0.1173698827624321,0.5479999780654907,0.4120999872684479
YOR073W,YNL054W,0,-3.6818635,0.11734475195407867,0.5479999780654907,0.412200003862381
YGR171C,YOL008W,0,-3.6819441,0.11731962859630585,0.5479999780654907,0.4122999906539917
YDL236W,YPL233W,0,-3.6820984,0.11729452013969421,0.5479999780654907,0.4124000072479248
YJR013W,YDR385W,0,-3.6822178,0.11726941913366318,0.5479999780654907,0.4124999940395355
YIL075C,YKL043W,0,-3.6824534,0.11724433302879333,0.5479999780654907,0.41260001063346863
YDR484W,YMR101C,0,-3.6826909,0.11721925437450409,0.5479999780654907,0.41269999742507935
YLR276C,YMR247C,0,-3.6827438,0.11719418317079544,0.5479999780654907,0.41280001401901245
YGR279C,YPR199C,0,-3.68313,0.11716912686824799,0.5479999780654907,0.41290000081062317
YPR182W,YML102W,0,-3.6832204,0.11714407801628113,0.5479999780654907,0.4129999876022339
YPL194W,YOL104C,1,-3.6837656,0.11733276396989822,0.5490000247955322,0.4129999876022339
YNL299W,YML021C,0,-3.6840045,0.11730769276618958,0.5490000247955322,0.413100004196167
YPR125W,YKL213C,0,-3.6840649,0.11728262901306152,0.5490000247955322,0.4131999909877777
YNL243W,YMR239C,0,-3.6842039,0.11725758016109467,0.5490000247955322,0.4133000075817108
YDR470C,YBR198C,0,-3.6842356,0.117232546210289,0.5490000247955322,0.41339999437332153
YHL022C,YDR386W,1,-3.684553,0.11742100864648819,0.550000011920929,0.41339999437332153
YJR077C,YGL014W,0,-3.6846569,0.11739594489336014,0.550000011920929,0.41350001096725464
YBR079C,YMR092C,0,-3.6847153,0.11737088859081268,0.550000011920929,0.41359999775886536
YLR106C,YBR002C,0,-3.684819,0.11734584718942642,0.550000011920929,0.41370001435279846
YKR099W,YER147C,1,-3.685033,0.11753413081169128,0.5509999990463257,0.41370001435279846
YNL128W,YNL298W,0,-3.6851852,0.11750906705856323,0.5509999990463257,0.4138000011444092
YDR359C,YPR131C,0,-3.685262,0.11748401075601578,0.5509999990463257,0.4138999879360199
YLR011W,YDR393W,0,-3.6853807,0.11745896190404892,0.5509999990463257,0.414000004529953
YCL061C,YJL003W,0,-3.685391,0.11743392795324326,0.5509999990463257,0.4140999913215637
YBR161W,YIL124W,0,-3.685449,0.11740890890359879,0.5509999990463257,0.4142000079154968
YKL134C,YDL188C,0,-3.6854508,0.11738389730453491,0.5509999990463257,0.41429999470710754
YNL021W,YKL022C,0,-3.6858962,0.11735889315605164,0.5509999990463257,0.41440001130104065
YOL090W,YDR113C,1,-3.6860602,0.11754684895277023,0.5519999861717224,0.41440001130104065
YBR244W,YOR386W,0,-3.686307,0.11752182245254517,0.5519999861717224,0.41449999809265137
YLR139C,YNR049C,0,-3.6863344,0.11749681085348129,0.5519999861717224,0.4146000146865845
YOR208W,YGR279C,0,-3.6864727,0.11747179925441742,0.5519999861717224,0.4147000014781952
YDR138W,YGL043W,1,-3.6865902,0.11765957623720169,0.5529999732971191,0.4147000014781952
YKR099W,YDL227C,1,-3.686632,0.1178472638130188,0.5540000200271606,0.4147000014781952
YML132W,YER044C,0,-3.6867878,0.11782220005989075,0.5540000200271606,0.4147999882698059
YKL099C,YDR183W,0,-3.6872876,0.11779715120792389,0.5540000200271606,0.414900004863739
YOL088C,YFL039C,0,-3.6873534,0.11777210980653763,0.5540000200271606,0.41499999165534973
YGL151W,YBL051C,0,-3.6874406,0.11774707585573196,0.5540000200271606,0.41510000824928284
YDR260C,YPR138C,0,-3.6876762,0.1177220568060875,0.5540000200271606,0.41519999504089355
YEL062W,YDR177W,0,-3.687848,0.11769704520702362,0.5540000200271606,0.41530001163482666
YDR353W,YOR371C,0,-3.6882622,0.11767204850912094,0.5540000200271606,0.4153999984264374
YDR221W,YJL214W,0,-3.68843,0.11764705926179886,0.5540000200271606,0.4154999852180481
YHR166C,YLR189C,0,-3.6889832,0.11762207746505737,0.5540000200271606,0.4156000018119812
YNL261W,YGL037C,0,-3.6894972,0.11759711056947708,0.5540000200271606,0.4156999886035919
YGR264C,YLR086W,0,-3.6897366,0.11757215857505798,0.5540000200271606,0.415800005197525
YDR369C,YDR097C,1,-3.6898534,0.11775939166545868,0.5550000071525574,0.415800005197525
YGL210W,YLR106C,0,-3.6900363,0.1177344098687172,0.5550000071525574,0.41589999198913574
YBR098W,YLL002W,1,-3.690307,0.11792152374982834,0.5559999942779541,0.41589999198913574
YDR376W,YMR192W,0,-3.690635,0.11789651960134506,0.5559999942779541,0.41600000858306885
YFL021W,YJL076W,0,-3.6911776,0.11787153035402298,0.5559999942779541,0.41609999537467957
YDR235W,YNL084C,0,-3.6911824,0.1178465485572815,0.5559999942779541,0.41620001196861267
YIL123W,YGL174W,0,-3.6912048,0.1178215742111206,0.5559999942779541,0.4162999987602234
YAL053W,YML060W,0,-3.6916244,0.11779660731554031,0.5559999942779541,0.4163999855518341
YDL197C,YOR298C-A,0,-3.6919954,0.11777165532112122,0.5559999942779541,0.4165000021457672
YBR267W,YGL071W,0,-3.6920702,0.11774671822786331,0.5559999942779541,0.41659998893737793
YOR221C,YBR155W,0,-3.692207,0.117721788585186,0.5559999942779541,0.41670000553131104
YOR233W,YPR046W,0,-3.6922247,0.1176968663930893,0.5559999942779541,0.41679999232292175
YHR204W,YFL021W,0,-3.6922371,0.11767195910215378,0.5559999942779541,0.41690000891685486
YCL027W,YOL147C,0,-3.6925085,0.11764705926179886,0.5559999942779541,0.4169999957084656
YOR100C,YDL216C,0,-3.692585,0.11762216687202454,0.5559999942779541,0.4171000123023987
YNL154C,YJL030W,0,-3.6926134,0.11759728938341141,0.5559999942779541,0.4171999990940094
YHR005C,YLR216C,0,-3.6928277,0.11757242679595947,0.5559999942779541,0.4172999858856201
YDL006W,YLR106C,0,-3.693053,0.11754757165908813,0.5559999942779541,0.4174000024795532
YML036W,YBR198C,0,-3.6934679,0.1175227239727974,0.5559999942779541,0.41749998927116394
YLL061W,YEL002C,0,-3.6938317,0.11749788373708725,0.5559999942779541,0.41760000586509705
YGL133W,YOR330C,0,-3.694184,0.1174730584025383,0.5559999942779541,0.41769999265670776
YBR119W,YDR501W,0,-3.6943552,0.11744824796915054,0.5559999942779541,0.41780000925064087
YDL208W,YBR289W,0,-3.6943834,0.11742344498634338,0.5559999942779541,0.4178999960422516
YDR091C,YOL064C,0,-3.694661,0.11739864945411682,0.5559999942779541,0.4180000126361847
YGR029W,YOR047C,0,-3.6947076,0.11737386882305145,0.5559999942779541,0.4180999994277954
YDL039C,YNR046W,0,-3.6949577,0.11734909564256668,0.5559999942779541,0.41819998621940613
YNL186W,YNL311C,0,-3.695045,0.1173243299126625,0.5559999942779541,0.41830000281333923
YGR230W,YKL008C,0,-3.6950948,0.11729957908391953,0.5559999942779541,0.41839998960494995
YLR295C,YGR180C,0,-3.6953385,0.11727483570575714,0.5559999942779541,0.41850000619888306
YOL111C,YOL021C,0,-3.695645,0.11725010722875595,0.5559999942779541,0.4185999929904938
YGL201C,YBR083W,0,-3.6957772,0.11722538620233536,0.5559999942779541,0.4187000095844269
YCL063W,YER094C,0,-3.6959174,0.11720067262649536,0.5559999942779541,0.4187999963760376
YNL066W,YLR045C,0,-3.6959565,0.11717597395181656,0.5559999942779541,0.4189000129699707
YFR001W,YIL154C,0,-3.6960304,0.11715128272771835,0.5559999942779541,0.4189999997615814
YMR029C,YMR213W,0,-3.69605,0.11712660640478134,0.5559999942779541,0.41909998655319214
YNL075W,YAL058W,0,-3.6961596,0.11710193753242493,0.5559999942779541,0.41920000314712524
YMR106C,YJR021C,1,-3.696212,0.11728785187005997,0.5569999814033508,0.41920000314712524
YOL028C,YBR082C,0,-3.6964128,0.11726316064596176,0.5569999814033508,0.41929998993873596
YHR089C,YBR207W,0,-3.6964931,0.11723847687244415,0.5569999814033508,0.41940000653266907
YPR007C,YNL164C,0,-3.6965232,0.11721380800008774,0.5569999814033508,0.4194999933242798
YDR369C,YKR099W,1,-3.696595,0.11739953607320786,0.5580000281333923,0.4194999933242798
YLR136C,YOR180C,0,-3.6967604,0.11737484484910965,0.5580000281333923,0.4196000099182129
YHR005C,YPR032W,0,-3.6967843,0.11735016107559204,0.5580000281333923,0.4196999967098236
YGL013C,YDR389W,0,-3.6969626,0.11732548475265503,0.5580000281333923,0.4198000133037567
YOR094W,YGL017W,0,-3.6970224,0.11730082333087921,0.5580000281333923,0.41990000009536743
YGR077C,YLR034C,0,-3.6970909,0.11727616935968399,0.5580000281333923,0.41999998688697815
YHR052W,YNL015W,0,-3.697173,0.11725152283906937,0.5580000281333923,0.42010000348091125
YGL244W,YDR252W,0,-3.6971796,0.11722689121961594,0.5580000281333923,0.420199990272522
YPR081C,YMR198W,0,-3.6971958,0.1172022670507431,0.5580000281333923,0.4203000068664551
YJL176C,YKR079C,0,-3.6973054,0.11717765778303146,0.5580000281333923,0.4203999936580658
YOR295W,YPL221W,0,-3.6977754,0.11715305596590042,0.5580000281333923,0.4205000102519989
YMR240C,YDL134C,0,-3.6977875,0.11712846159934998,0.5580000281333923,0.4205999970436096
YLR295C,YDR330W,0,-3.697825,0.11710388213396072,0.5580000281333923,0.4207000136375427
YNL268W,YER172C,0,-3.6979082,0.11707931011915207,0.5580000281333923,0.42080000042915344
YDR235W,YAL051W,0,-3.6979651,0.11705475300550461,0.5580000281333923,0.42089998722076416
YOR259C,YJR150C,0,-3.6982367,0.11703020334243774,0.5580000281333923,0.42100000381469727
YNL323W,YGR195W,0,-3.6984584,0.11700566112995148,0.5580000281333923,0.421099990606308
YJL167W,YFL022C,0,-3.6985795,0.1169811338186264,0.5580000281333923,0.4212000072002411
YOR068C,YCR075C,0,-3.69874,0.11695661395788193,0.5580000281333923,0.4212999939918518
YDL143W,YOR346W,0,-3.6988773,0.11693210154771805,0.5580000281333923,0.4214000105857849
YGR103W,YNL099C,0,-3.699046,0.11690760403871536,0.5580000281333923,0.42149999737739563
YPL124W,YGL086W,0,-3.6990798,0.11688311398029327,0.5580000281333923,0.42160001397132874
YOR033C,YBR136W,1,-3.6991951,0.11706805974245071,0.5590000152587891,0.42160001397132874
YNL036W,YER133W,0,-3.6992257,0.11704355478286743,0.5590000152587891,0.42170000076293945
YOR371C,YGR014W,0,-3.6995344,0.11701904982328415,0.5590000152587891,0.42179998755455017
YLR189C,YOR168W,0,-3.699734,0.11699455976486206,0.5590000152587891,0.4219000041484833
YPR175W,YHR082C,0,-3.6997812,0.11697007715702057,0.5590000152587891,0.421999990940094
YAL016W,YDL024C,0,-3.6998384,0.11694560945034027,0.5590000152587891,0.4221000075340271
YEL032W,YIR012W,0,-3.7004256,0.11692114919424057,0.5590000152587891,0.4221999943256378
YGL012W,YHR085W,0,-3.7008016,0.11689669638872147,0.5590000152587891,0.4223000109195709
YHR167W,YER173W,1,-3.700926,0.11708132922649384,0.5600000023841858,0.4223000109195709
YOL122C,YDL229W,0,-3.7009504,0.11705685406923294,0.5600000023841858,0.42239999771118164
YNL251C,YMR156C,0,-3.7009814,0.11703239381313324,0.5600000023841858,0.42250001430511475
YDL030W,YPR056W,0,-3.701121,0.11700794100761414,0.5600000023841858,0.42260000109672546
YHR073W,YNL078W,0,-3.7011435,0.11698349565267563,0.5600000023841858,0.4226999878883362
YMR023C,YGR123C,0,-3.7011836,0.11695906519889832,0.5600000023841858,0.4228000044822693
YER031C,YBR080C,0,-3.701192,0.1169346421957016,0.5600000023841858,0.42289999127388
YMR224C,YGL043W,1,-3.7012203,0.11711899936199188,0.5609999895095825,0.42289999127388
YLR361C,YDR190C,0,-3.7012486,0.11709455400705338,0.5609999895095825,0.4230000078678131
YMR047C,YDR190C,0,-3.701371,0.11707011610269547,0.5609999895095825,0.42309999465942383
YER125W,YMR025W,0,-3.7013943,0.11704569309949875,0.5609999895095825,0.42320001125335693
YGL168W,YER018C,0,-3.7014067,0.11702127754688263,0.5609999895095825,0.42329999804496765
YGR063C,YPL091W,0,-3.7014644,0.1169968694448471,0.5609999895095825,0.42340001463890076
YDR221W,YKL053C-A,0,-3.701536,0.11697247624397278,0.5609999895095825,0.4235000014305115
YOR295W,YBR133C,0,-3.7017815,0.11694809049367905,0.5609999895095825,0.4235999882221222
YBR272C,YKL125W,0,-3.7020748,0.11692371964454651,0.5609999895095825,0.4237000048160553
YLR110C,YPR161C,0,-3.7025301,0.11689935624599457,0.5609999895095825,0.423799991607666
YPL164C,YDL185W,1,-3.7025707,0.11708333343267441,0.5619999766349792,0.423799991607666
YDR447C,YLR410W,0,-3.7025745,0.11705894768238068,0.5619999766349792,0.4239000082015991
YOL112W,YMR164C,0,-3.7026236,0.11703456938266754,0.5619999766349792,0.42399999499320984
YNL075W,YNL283C,0,-3.7029772,0.117010198533535,0.5619999766349792,0.42410001158714294
YLR438C-A,YHR001W-A,0,-3.7035024,0.11698584258556366,0.5619999766349792,0.42419999837875366
YDR077W,YOL064C,0,-3.7037094,0.11696150153875351,0.5619999766349792,0.4242999851703644
YOR344C,YGR140W,0,-3.7038004,0.11693716049194336,0.5619999766349792,0.4244000017642975
YDL003W,YOR308C,0,-3.7040508,0.1169128343462944,0.5619999766349792,0.4244999885559082
YJL108C,YJR082C,0,-3.704108,0.11688851565122604,0.5619999766349792,0.4246000051498413
YLR238W,YFR019W,0,-3.7041912,0.11686421185731888,0.5619999766349792,0.424699991941452
YDL024C,YLL022C,0,-3.7043357,0.11683991551399231,0.5619999766349792,0.42480000853538513
YJL090C,YBL088C,1,-3.704406,0.11702349036931992,0.5630000233650208,0.42480000853538513
YDR409W,YEL066W,0,-3.705023,0.11699917167425156,0.5630000233650208,0.42489999532699585
YIL063C,YGL158W,0,-3.7050245,0.1169748604297638,0.5630000233650208,0.42500001192092896
YMR058W,YLR135W,0,-3.705047,0.11695056408643723,0.5630000233650208,0.4250999987125397
YBL003C,YPL138C,0,-3.7052608,0.11692627519369125,0.5630000233650208,0.4251999855041504
YDR016C,YIL154C,0,-3.705262,0.11690199375152588,0.5630000233650208,0.4253000020980835
YER070W,YGL078C,0,-3.7054453,0.1168777272105217,0.5630000233650208,0.4253999888896942
YOR266W,YDR449C,0,-3.7056582,0.11685346812009811,0.5630000233650208,0.4255000054836273
YMR106C,YNL330C,1,-3.705739,0.11703673005104065,0.5640000104904175,0.4255000054836273
YML091C,YGL127C,0,-3.705788,0.11701244860887527,0.5640000104904175,0.42559999227523804
YGR030C,YDR356W,0,-3.705847,0.1169881746172905,0.5640000104904175,0.42570000886917114
YDR138W,YER104W,1,-3.7060769,0.11717129498720169,0.5649999976158142,0.42570000886917114
YPL138C,YLR096W,0,-3.7063954,0.11714700609445572,0.5649999976158142,0.42579999566078186
YKL049C,YCR081W,0,-3.706498,0.11712271720170975,0.5649999976158142,0.42590001225471497
YGR056W,YHR082C,0,-3.7068155,0.11709844321012497,0.5649999976158142,0.4259999990463257
YER145C,YNL232W,0,-3.7068417,0.11707418411970139,0.5649999976158142,0.4260999858379364
YJR121W,YLR166C,0,-3.7069995,0.1170499250292778,0.5649999976158142,0.4262000024318695
YDR358W,YDR176W,0,-3.7070858,0.11702568084001541,0.5649999976158142,0.4262999892234802
YDR021W,YNL262W,0,-3.7075348,0.11700145155191422,0.5649999976158142,0.42640000581741333
YHL022C,YOL006C,1,-3.7075408,0.11718426644802094,0.5659999847412109,0.42640000581741333
YDR039C,YOR014W,0,-3.7075446,0.11716000735759735,0.5659999847412109,0.42649999260902405
YIL037C,YOL060C,0,-3.7076275,0.11713576316833496,0.5659999847412109,0.42660000920295715
YCL008C,YLR220W,0,-3.7076938,0.11711152642965317,0.5659999847412109,0.42669999599456787
YBR172C,YNL259C,0,-3.7078784,0.11708729714155197,0.5659999847412109,0.426800012588501
YHR205W,YDL105W,0,-3.7079031,0.11706308275461197,0.5659999847412109,0.4268999993801117
YLR103C,YPL170W,0,-3.7079911,0.11703887581825256,0.5659999847412109,0.4269999861717224
YKR050W,YJR013W,0,-3.7080705,0.11701467633247375,0.5659999847412109,0.4271000027656555
YLR051C,YNL264C,0,-3.70871,0.11699049174785614,0.5659999847412109,0.42719998955726624
YDL105W,YHR006W,0,-3.7087743,0.11696631461381912,0.5659999847412109,0.42730000615119934
YNL243W,YDL022W,0,-3.709369,0.1169421523809433,0.5659999847412109,0.42739999294281006
YKL165C,YKR029C,0,-3.7095275,0.11691799014806747,0.5659999847412109,0.42750000953674316
YPR052C,YKR029C,0,-3.7096846,0.11689384281635284,0.5659999847412109,0.4275999963283539
YNL161W,YIL009W,0,-3.7098,0.11686971038579941,0.5659999847412109,0.427700012922287
YLR262C,YIL079C,0,-3.7099667,0.11684558540582657,0.5659999847412109,0.4277999997138977
YML113W,YDR425W,0,-3.7101252,0.11682146787643433,0.5659999847412109,0.4278999865055084
YCL016C,YFL029C,0,-3.7102787,0.11679735779762268,0.5659999847412109,0.42800000309944153
YGR047C,YMR093W,0,-3.7103674,0.11677326261997223,0.5659999847412109,0.42809998989105225
YDR045C,YPR199C,0,-3.7103956,0.11674917489290237,0.5659999847412109,0.42820000648498535
YNL286W,YML006C,0,-3.710772,0.11672509461641312,0.5659999847412109,0.42829999327659607
YDR208W,YOL010W,0,-3.71113,0.11670102924108505,0.5659999847412109,0.4284000098705292
YJR143C,YAR008W,0,-3.711867,0.11667697131633759,0.5659999847412109,0.4284999966621399
YOR144C,YDR138W,1,-3.712506,0.11685902625322342,0.5669999718666077,0.4284999966621399
YPL231W,YNL262W,0,-3.7134082,0.11683494597673416,0.5669999718666077,0.428600013256073
YPL122C,YDR284C,0,-3.7134578,0.1168108806014061,0.5669999718666077,0.4287000000476837
YEL004W,YLR192C,0,-3.7136123,0.11678681522607803,0.5669999718666077,0.42879998683929443
YBR199W,YER032W,0,-3.7138555,0.11676276475191116,0.5669999718666077,0.42890000343322754
YBR155W,YOR099W,0,-3.7139647,0.11673872917890549,0.5669999718666077,0.42899999022483826
YPL253C,YBR135W,0,-3.7142394,0.11671470105648041,0.5669999718666077,0.42910000681877136
YER165W,YKL114C,0,-3.7142727,0.11669068038463593,0.5669999718666077,0.4291999936103821
YDR097C,YPL164C,1,-3.7146456,0.11687242984771729,0.5680000185966492,0.4291999936103821
YDR180W,YDR076W,1,-3.7150774,0.11705410480499268,0.5690000057220459,0.4291999936103821
YHR108W,YIL095W,0,-3.71536,0.11703003197908401,0.5690000057220459,0.4293000102043152
YCR018C,YMR060C,0,-3.7159855,0.11700596660375595,0.5690000057220459,0.4293999969959259
YOR032C,YFL022C,0,-3.716341,0.11698190867900848,0.5690000057220459,0.429500013589859
YBR098W,YML062C,1,-3.7168028,0.11716341227293015,0.5699999928474426,0.429500013589859
YLR304C,YOR201C,0,-3.716811,0.11713933199644089,0.5699999928474426,0.4296000003814697
YOR386W,YNL311C,0,-3.7170372,0.11711526662111282,0.5699999928474426,0.42969998717308044
YDR394W,YCR034W,0,-3.7171538,0.11709120869636536,0.5699999928474426,0.42980000376701355
YGL254W,YGR178C,0,-3.717159,0.11706715822219849,0.5699999928474426,0.42989999055862427
YCR077C,YNL054W,0,-3.717583,0.11704312264919281,0.5699999928474426,0.4300000071525574
YDL024C,YBL102W,0,-3.717901,0.11701909452676773,0.5699999928474426,0.4300999939441681
YKR046C,YEL017C-A,0,-3.7180054,0.11699507385492325,0.5699999928474426,0.4302000105381012
YPR108W,YGL222C,0,-3.7180114,0.11697106808423996,0.5699999928474426,0.4302999973297119
YEL066W,YPL176C,0,-3.7180612,0.11694706976413727,0.5699999928474426,0.430400013923645
YGL201C,YMR049C,0,-3.7183506,0.11692307889461517,0.5699999928474426,0.43050000071525574
YKR055W,YLR043C,0,-3.7185705,0.11689909547567368,0.5699999928474426,0.43059998750686646
YPL269W,YNL014W,0,-3.7186303,0.11687512695789337,0.5699999928474426,0.43070000410079956
YJR057W,YOL142W,0,-3.7187557,0.11685116589069366,0.5699999928474426,0.4307999908924103
YMR030W,YBR244W,0,-3.719309,0.11682721972465515,0.5699999928474426,0.4309000074863434
YDL142C,YLR052W,0,-3.7193782,0.11680328100919724,0.5699999928474426,0.4309999942779541
YBR118W,YER172C,0,-3.7194703,0.11677934974431992,0.5699999928474426,0.4311000108718872
YIL085C,YDR437W,0,-3.7197232,0.1167554259300232,0.5699999928474426,0.4311999976634979
YJL170C,YDR265W,0,-3.7199533,0.11673151701688766,0.5699999928474426,0.43130001425743103
YHR196W,YOR316C,0,-3.7199972,0.11670761555433273,0.5699999928474426,0.43140000104904175
YFR021W,YFL031W,0,-3.7200108,0.116683728992939,0.5699999928474426,0.43149998784065247
YHR205W,YML036W,0,-3.7203867,0.11665984243154526,0.5699999928474426,0.43160000443458557
YBR170C,YGR020C,0,-3.7204175,0.11663597077131271,0.5699999928474426,0.4316999912261963
YHR183W,YDR363W-A,0,-3.7205212,0.11661211401224136,0.5699999928474426,0.4318000078201294
YLL018C-A,YMR192W,0,-3.7206006,0.11658825725317001,0.5699999928474426,0.4318999946117401
YGR072W,YGR218W,0,-3.7207031,0.11656441539525986,0.5699999928474426,0.4320000112056732
YJL170C,YOR079C,0,-3.7208042,0.1165405884385109,0.5699999928474426,0.43209999799728394
YKR055W,YLR394W,0,-3.7208416,0.11651676148176193,0.5699999928474426,0.43220001459121704
YPR165W,YPR075C,0,-3.7210324,0.11649294942617416,0.5699999928474426,0.43230000138282776
YJL034W,YBR207W,0,-3.7213337,0.11646914482116699,0.5699999928474426,0.4323999881744385
YNL310C,YLR071C,0,-3.7218595,0.11644535511732101,0.5699999928474426,0.4325000047683716
YOL102C,YML104C,0,-3.7218606,0.11642156541347504,0.5699999928474426,0.4325999915599823
YAL047C,YBR156C,0,-3.7221026,0.11639779806137085,0.5699999928474426,0.4327000081539154
YMR199W,YMR247C,0,-3.722535,0.11637403070926666,0.5699999928474426,0.4327999949455261
YGR072W,YIL095W,0,-3.7225583,0.11635027825832367,0.5699999928474426,0.43290001153945923
YBL007C,YNL245C,0,-3.7225769,0.11632653325796127,0.5699999928474426,0.43299999833106995
YBR265W,YPL033C,0,-3.7228854,0.11630279570817947,0.5699999928474426,0.43309998512268066
YJL219W,YPL021W,0,-3.72316,0.11627907305955887,0.5699999928474426,0.43320000171661377
YPR010C,YNL267W,0,-3.7232938,0.11625535041093826,0.5699999928474426,0.4332999885082245
YDL035C,YOL021C,0,-3.7233832,0.11623165011405945,0.5699999928474426,0.4334000051021576
YOL128C,YER165W,0,-3.723491,0.11620794981718063,0.5699999928474426,0.4334999918937683
YBR006W,YML058W,0,-3.7237725,0.11618426442146301,0.5699999928474426,0.4336000084877014
YML011C,YLL036C,0,-3.724116,0.11616058647632599,0.5699999928474426,0.43369999527931213
YDR179C,YHR073W,0,-3.7242408,0.11613691598176956,0.5699999928474426,0.43380001187324524
YBR185C,YNL202W,0,-3.7244656,0.11611326038837433,0.5699999928474426,0.43389999866485596
YFL033C,YJR033C,0,-3.7247527,0.11608961224555969,0.5699999928474426,0.4339999854564667
YGR178C,YHR187W,0,-3.7247899,0.11606597155332565,0.5699999928474426,0.4341000020503998
YML091C,YOR316C,0,-3.7249663,0.11604234576225281,0.5699999928474426,0.4341999888420105
YHR154W,YDR386W,1,-3.7251158,0.11622226983308792,0.5709999799728394,0.4341999888420105
YER169W,YMR048W,0,-3.725341,0.11619861423969269,0.5709999799728394,0.4343000054359436
YAL029C,YGR296W,1,-3.7253916,0.11637843400239944,0.5720000267028809,0.4343000054359436
YHL034C,YMR156C,0,-3.7255147,0.11635476350784302,0.5720000267028809,0.4343999922275543
YFR021W,YPL202C,0,-3.7257006,0.11633109301328659,0.5720000267028809,0.4345000088214874
YMR133W,YER044C-A,1,-3.725929,0.1165107786655426,0.5730000138282776,0.4345000088214874
YDR302W,YER143W,0,-3.7259874,0.11648709326982498,0.5730000138282776,0.43459999561309814
YPL146C,YAL030W,0,-3.7260568,0.11646341532468796,0.5730000138282776,0.43470001220703125
YJR019C,YJR140C,0,-3.72616,0.11643974483013153,0.5730000138282776,0.43479999899864197
YDR113C,YER147C,1,-3.7266214,0.11661925911903381,0.5740000009536743,0.43479999899864197
YJL176C,YER015W,0,-3.7267268,0.11659557372331619,0.5740000009536743,0.4348999857902527
YHR030C,YPL095C,0,-3.7267892,0.11657189577817917,0.5740000009536743,0.4350000023841858
YER035W,YGR247W,0,-3.7268305,0.11654822528362274,0.5740000009536743,0.4350999891757965
YDL130W-A,YPR100W,0,-3.7268665,0.11652456223964691,0.5740000009536743,0.4352000057697296
YAL055W,YGR195W,0,-3.7269413,0.11650091409683228,0.5740000009536743,0.43529999256134033
YBR085W,YML036W,0,-3.7271173,0.11647727340459824,0.5740000009536743,0.43540000915527344
YLR360W,YCL059C,0,-3.7274015,0.1164536401629448,0.5740000009536743,0.43549999594688416
YPR056W,YHL047C,0,-3.7274754,0.11643002182245255,0.5740000009536743,0.43560001254081726
YBL088C,YDR446W,1,-3.7278855,0.11660920828580856,0.574999988079071,0.43560001254081726
YDR087C,YOL016C,0,-3.7280061,0.11658556014299393,0.574999988079071,0.435699999332428
YBR298C,YDR389W,0,-3.7283866,0.11656192690134048,0.574999988079071,0.4357999861240387
YML129C,YHR072W-A,0,-3.7285674,0.11653830856084824,0.574999988079071,0.4359000027179718
YDR076W,YJR021C,1,-3.7286432,0.11671732366085052,0.5759999752044678,0.4359000027179718
YKL051W,YLL015W,0,-3.7287304,0.11669367551803589,0.5759999752044678,0.4359999895095825
YLL006W,YGR158C,0,-3.7288468,0.11667004227638245,0.5759999752044678,0.4361000061035156
YPL121C,YMR224C,1,-3.7288666,0.11684892326593399,0.5770000219345093,0.4361000061035156
YCL029C,YBL003C,0,-3.728934,0.11682526767253876,0.5770000219345093,0.43619999289512634
YDR073W,YBL064C,0,-3.7290728,0.11680161952972412,0.5770000219345093,0.43630000948905945
YDR353W,YDR043C,0,-3.7291043,0.11677797883749008,0.5770000219345093,0.43639999628067017
YAL054C,YMR213W,0,-3.7294471,0.11675435304641724,0.5770000219345093,0.43650001287460327
YKL025C,YEL063C,0,-3.7295885,0.11673072725534439,0.5770000219345093,0.436599999666214
YCR010C,YCL054W,0,-3.729613,0.11670711636543274,0.5770000219345093,0.4366999864578247
YNL286W,YHR158C,0,-3.7297053,0.11668352037668228,0.5770000219345093,0.4368000030517578
YBR243C,YGL071W,0,-3.7297132,0.11665992438793182,0.5770000219345093,0.43689998984336853
YGR244C,YGL030W,0,-3.7299917,0.11663634330034256,0.5770000219345093,0.43700000643730164
YBR030W,YJR118C,0,-3.7304459,0.11661276966333389,0.5770000219345093,0.43709999322891235
YHR039C,YIR025W,1,-3.7306168,0.116791270673275,0.578000009059906,0.43709999322891235
YKL134C,YPL146C,0,-3.731252,0.11676767468452454,0.578000009059906,0.43720000982284546
YPL140C,YKR026C,0,-3.7312787,0.11674409359693527,0.578000009059906,0.4372999966144562
YHR167W,YOL104C,1,-3.7314022,0.11692245304584503,0.5789999961853027,0.4372999966144562
YDR516C,YOR007C,0,-3.7315814,0.11689884960651398,0.5789999961853027,0.4374000132083893
YPL029W,YHR108W,0,-3.7317765,0.11687525361776352,0.5789999961853027,0.4375
YNL199C,YGL233W,0,-3.7318702,0.11685166507959366,0.5789999961853027,0.4375999867916107
YNL286W,YOL076W,0,-3.7320259,0.1168280839920044,0.5789999961853027,0.4377000033855438
YMR162C,YDR265W,0,-3.7321024,0.11680451780557632,0.5789999961853027,0.43779999017715454
YJL012C,YLR135W,0,-3.7324383,0.11678095906972885,0.5789999961853027,0.43790000677108765
YOR320C,YNL142W,0,-3.7325187,0.11675740778446198,0.5789999961853027,0.43799999356269836
YML028W,YOR363C,0,-3.7327876,0.11673387140035629,0.5789999961853027,0.43810001015663147
YBL006C,YOR377W,0,-3.7329044,0.11671034246683121,0.5789999961853027,0.4381999969482422
YDR243C,YDL212W,0,-3.7329974,0.11668682098388672,0.5789999961853027,0.4383000135421753
YOR127W,YOL088C,0,-3.733083,0.11666330695152283,0.5789999961853027,0.438400000333786
YLR277C,YPL028W,0,-3.733154,0.11663980782032013,0.5789999961853027,0.43849998712539673
YMR165C,YMR026C,0,-3.7336714,0.11661631613969803,0.5789999961853027,0.43860000371932983
YOR110W,YLR045C,0,-3.7339327,0.11659283190965652,0.5789999961853027,0.43869999051094055
YBL105C,YOL067C,0,-3.7340438,0.11656935513019562,0.5789999961853027,0.43880000710487366
YNL006W,YMR188C,0,-3.734426,0.1165458932518959,0.5789999961853027,0.4388999938964844
YJL095W,YGR167W,0,-3.7345045,0.11652243882417679,0.5789999961853027,0.4390000104904175
YMR224C,YJR021C,1,-3.7345903,0.1167002022266388,0.5799999833106995,0.4390000104904175
YBR098W,YML095C,1,-3.7347295,0.11687789112329483,0.5809999704360962,0.4390000104904175
YIL031W,YBR231C,0,-3.734855,0.11685438454151154,0.5809999704360962,0.4390999972820282
YFR046C,YIL154C,0,-3.735267,0.11683088541030884,0.5809999704360962,0.4392000138759613
YOR267C,YOL130W,0,-3.7354243,0.11680740118026733,0.5809999704360962,0.439300000667572
YLR438C-A,YMR299C,0,-3.7355843,0.11678391695022583,0.5809999704360962,0.43939998745918274
YLR410W,YHR197W,0,-3.7357442,0.11676044762134552,0.5809999704360962,0.43950000405311584
YPL018W,YKR072C,0,-3.7358434,0.1167369931936264,0.5809999704360962,0.43959999084472656
YHR167W,YBR098W,1,-3.7361438,0.11691442131996155,0.5820000171661377,0.43959999084472656
YBR298C,YML025C,0,-3.736278,0.11689094454050064,0.5820000171661377,0.43970000743865967
YIL042C,YER016W,0,-3.736503,0.11686746776103973,0.5820000171661377,0.4397999942302704
YJR049C,YGR014W,0,-3.73672,0.11684400588274002,0.5820000171661377,0.4399000108242035
YOL088C,YLR106C,0,-3.7370784,0.1168205514550209,0.5820000171661377,0.4399999976158142
YJR049C,YER018C,0,-3.737119,0.11679711192846298,0.5820000171661377,0.4401000142097473
YDR052C,YJL091C,0,-3.73712,0.11677367240190506,0.5820000171661377,0.44020000100135803
YJL100W,YER171W,0,-3.7371628,0.11675024777650833,0.5820000171661377,0.44029998779296875
YPR104C,YBL009W,0,-3.7375002,0.1167268380522728,0.5820000171661377,0.44040000438690186
YKL032C,YPR162C,0,-3.7384498,0.11670342832803726,0.5820000171661377,0.4404999911785126
YDR393W,YNL039W,0,-3.7385366,0.11668003350496292,0.5820000171661377,0.4406000077724457
YNL128W,YBR029C,0,-3.7386968,0.11665664613246918,0.5820000171661377,0.4406999945640564
YJL207C,YKR026C,0,-3.7387037,0.11663326621055603,0.5820000171661377,0.4408000111579895
YHR041C,YNL093W,0,-3.7389746,0.11660990118980408,0.5820000171661377,0.4408999979496002
YNL207W,YLR176C,0,-3.739094,0.11658653616905212,0.5820000171661377,0.4410000145435333
YGR230W,YJR093C,0,-3.739328,0.11656318604946136,0.5820000171661377,0.44110000133514404
YHR058C,YNL261W,0,-3.739445,0.1165398508310318,0.5820000171661377,0.44119998812675476
YDL108W,YOR231W,0,-3.7394636,0.11651651561260223,0.5820000171661377,0.44130000472068787
YPL106C,YNL130C,0,-3.7396462,0.11649319529533386,0.5820000171661377,0.4413999915122986
YCR092C,YLR234W,1,-3.7396805,0.11667000502347946,0.5830000042915344,0.4413999915122986
YMR106C,YDR097C,1,-3.7403028,0.11684674024581909,0.5839999914169312,0.4413999915122986
YMR240C,YPR187W,0,-3.7404234,0.11682336777448654,0.5839999914169312,0.4415000081062317
YBR114W,YLR192C,0,-3.7404807,0.11680000275373459,0.5839999914169312,0.4415999948978424
YDR072C,YMR168C,0,-3.7404945,0.11677664518356323,0.5839999914169312,0.4417000114917755
YKR009C,YPL270W,0,-3.7405853,0.11675329506397247,0.5839999914169312,0.44179999828338623
YMR138W,YIL010W,0,-3.7406542,0.11672995984554291,0.5839999914169312,0.44190001487731934
YER106W,YBL103C,0,-3.7411723,0.11670663207769394,0.5839999914169312,0.44200000166893005
YDR216W,YDR251W,0,-3.741205,0.11668331921100616,0.5839999914169312,0.44209998846054077
YOR069W,YDL126C,0,-3.741306,0.11666000634431839,0.5839999914169312,0.4422000050544739
YGL019W,YIL072W,0,-3.741453,0.11663670837879181,0.5839999914169312,0.4422999918460846
YBL097W,YLR016C,0,-3.7415245,0.11661341786384583,0.5839999914169312,0.4424000084400177
YCR091W,YBR079C,0,-3.7415967,0.11659013479948044,0.5839999914169312,0.4424999952316284
YOR256C,YMR128W,0,-3.7421033,0.11656686663627625,0.5839999914169312,0.4426000118255615
YDL166C,YER142C,0,-3.742106,0.11654360592365265,0.5839999914169312,0.44269999861717224
YPL015C,YMR190C,1,-3.742174,0.11671987175941467,0.5849999785423279,0.44269999861717224
YNL283C,YPL001W,0,-3.742221,0.11669658869504929,0.5849999785423279,0.44279998540878296
YDR013W,YHL027W,0,-3.7423086,0.1166733130812645,0.5849999785423279,0.44290000200271606
YGL094C,YJR059W,0,-3.7423806,0.1166500523686409,0.5849999785423279,0.4429999887943268
YOR260W,YIL117C,0,-3.7424061,0.1166267916560173,0.5849999785423279,0.4431000053882599
YAL059W,YMR011W,0,-3.7424543,0.1166035458445549,0.5849999785423279,0.4431999921798706
YOR008C,YPR046W,0,-3.7427733,0.1165803074836731,0.5849999785423279,0.4433000087738037
YBR273C,YHL036W,0,-3.7428916,0.11655708402395248,0.5849999785423279,0.44339999556541443
YJR147W,YMR250W,0,-3.743114,0.11653386801481247,0.5849999785423279,0.44350001215934753
YDR252W,YKL059C,0,-3.743195,0.11651065200567245,0.5849999785423279,0.44359999895095825
YOR233W,YOL105C,0,-3.7435634,0.11648745834827423,0.5849999785423279,0.44369998574256897
YKL134C,YHR188C,0,-3.7436135,0.11646426469087601,0.5849999785423279,0.4438000023365021
YGL090W,YHR205W,0,-3.7436297,0.11644108593463898,0.5849999785423279,0.4438999891281128
YDL002C,YBL051C,0,-3.743643,0.11641790717840195,0.5849999785423279,0.4440000057220459
YML064C,YIL121W,0,-3.7438126,0.11639475077390671,0.5849999785423279,0.4440999925136566
YOL066C,YOR224C,0,-3.743891,0.11637159436941147,0.5849999785423279,0.4442000091075897
YLR154C,YCR033W,0,-3.7443464,0.11634844541549683,0.5849999785423279,0.44429999589920044
YPR041W,YGL126W,0,-3.7443779,0.11632531136274338,0.5849999785423279,0.44440001249313354
YDR302W,YFL055W,0,-3.7445385,0.11630218476057053,0.5849999785423279,0.44449999928474426
YGL133W,YOL020W,0,-3.74462,0.11627907305955887,0.5849999785423279,0.444599986076355
YJL139C,YKL008C,0,-3.7446325,0.11625596135854721,0.5849999785423279,0.4447000026702881
YNL292W,YDL093W,0,-3.7449226,0.11623286455869675,0.5849999785423279,0.4447999894618988
YIR010W,YBL082C,0,-3.7449605,0.11620977520942688,0.5849999785423279,0.4449000060558319
YMR190C,YDR138W,1,-3.7451057,0.11638530343770981,0.5860000252723694,0.4449000060558319
YBR298C,YIL073C,0,-3.7452953,0.11636219173669815,0.5860000252723694,0.4449999928474426
YIL117C,YDR164C,0,-3.7452962,0.11633908748626709,0.5860000252723694,0.44510000944137573
YBR091C,YPR054W,0,-3.745937,0.11631599813699722,0.5860000252723694,0.44519999623298645
YMR106C,YDL164C,1,-3.7459717,0.11649136990308762,0.5870000123977661,0.44519999623298645
YMR067C,YMR173W,0,-3.745972,0.11646825075149536,0.5870000123977661,0.44530001282691956
YLR275W,YOR180C,0,-3.7464135,0.1164451465010643,0.5870000123977661,0.4453999996185303
YMR177W,YDR118W,0,-3.7464495,0.11642205715179443,0.5870000123977661,0.445499986410141
YFR013W,YMR241W,0,-3.7465305,0.11639896780252457,0.5870000123977661,0.4456000030040741
YBL061C,YGR091W,0,-3.7465348,0.1163758933544159,0.5870000123977661,0.4456999897956848
YKL056C,YOR171C,0,-3.746535,0.11635282635688782,0.5870000123977661,0.4458000063896179
YJL063C,YLR452C,0,-3.7466226,0.11632976680994034,0.5870000123977661,0.44589999318122864
YGL232W,YAL041W,0,-3.7466242,0.11630671471357346,0.5870000123977661,0.44600000977516174
YOL104C,YBR136W,1,-3.7467391,0.11648177355527878,0.5879999995231628,0.44600000977516174
YLR449W,YDR463W,0,-3.7467692,0.1164587065577507,0.5879999995231628,0.44609999656677246
YIL009W,YDR195W,0,-3.7471278,0.11643564701080322,0.5879999995231628,0.44620001316070557
YMR060C,YGR123C,0,-3.747263,0.11641259491443634,0.5879999995231628,0.4462999999523163
YER031C,YPR007C,0,-3.747323,0.11638955026865005,0.5879999995231628,0.446399986743927
YJL090C,YOL104C,1,-3.7474453,0.11656441539525986,0.5889999866485596,0.446399986743927
YML091C,YOL044W,0,-3.747676,0.11654135584831238,0.5889999866485596,0.4465000033378601
YDL102W,YJR006W,0,-3.7476923,0.1165182963013649,0.5889999866485596,0.4465999901294708
YER133W,YMR168C,0,-3.74787,0.11649525165557861,0.5889999866485596,0.44670000672340393
YPL159C,YHR073W,0,-3.7481425,0.11647221446037292,0.5889999866485596,0.44679999351501465
YJL035C,YDR388W,0,-3.748143,0.11644919216632843,0.5889999866485596,0.44690001010894775
YOR120W,YGL078C,0,-3.7482681,0.11642616987228394,0.5889999866485596,0.44699999690055847
YBR185C,YER003C,0,-3.7487183,0.11640316247940063,0.5889999866485596,0.4471000134944916
YOL027C,YML028W,0,-3.7488282,0.11638016253709793,0.5889999866485596,0.4472000002861023
YNL323W,YJL170C,0,-3.7490144,0.11635717004537582,0.5889999866485596,0.447299987077713
YML047C,YLR068W,0,-3.7490754,0.11633419245481491,0.5889999866485596,0.4474000036716461
YGR239C,YDR200C,0,-3.7491872,0.116311214864254,0.5889999866485596,0.44749999046325684
YML057W,YLR319C,0,-3.749272,0.11628825217485428,0.5889999866485596,0.44760000705718994
YDL052C,YER042W,0,-3.74933,0.11626529693603516,0.5889999866485596,0.44769999384880066
YDL017W,YGR245C,0,-3.74967,0.11624234914779663,0.5889999866485596,0.44780001044273376
YMR091C,YDL130W,0,-3.7499592,0.1162194162607193,0.5889999866485596,0.4478999972343445
YPL127C,YER104W,1,-3.7501724,0.11639376729726791,0.5899999737739563,0.4478999972343445
YPR171W,YEL022W,0,-3.7502406,0.11637081205844879,0.5899999737739563,0.4480000138282776
YBL071W-A,YLR276C,0,-3.7503889,0.11634785681962967,0.5899999737739563,0.4481000006198883
YML057W,YOR317W,0,-3.7504685,0.11632492393255234,0.5899999737739563,0.448199987411499
YDL113C,YPL177C,0,-3.750737,0.116301991045475,0.5899999737739563,0.44830000400543213
YMR239C,YNL302C,0,-3.750858,0.11627907305955887,0.5899999737739563,0.44839999079704285
YLR370C,YIL079C,0,-3.751035,0.11625615507364273,0.5899999737739563,0.44850000739097595
YLR006C,YDR150W,0,-3.7512512,0.11623325198888779,0.5899999737739563,0.44859999418258667
YNL075W,YPL028W,0,-3.7513607,0.11621036380529404,0.5899999737739563,0.4487000107765198
YPL127C,YER147C,1,-3.7518785,0.11638440191745758,0.5910000205039978,0.4487000107765198
YLR115W,YBR199W,0,-3.752073,0.11636149138212204,0.5910000205039978,0.4487999975681305
YMR270C,YLR131C,0,-3.7521107,0.1163385808467865,0.5910000205039978,0.4489000141620636
YMR077C,YFR040W,0,-3.752178,0.11631568521261215,0.5910000205039978,0.4490000009536743
YMR186W,YDR130C,0,-3.7522237,0.1162927970290184,0.5910000205039978,0.44909998774528503
YNL009W,YJR131W,0,-3.7525685,0.11626991629600525,0.5910000205039978,0.44920000433921814
YDR264C,YBR083W,0,-3.752667,0.11624705046415329,0.5910000205039978,0.44929999113082886
YCR028C-A,YOR168W,0,-3.752671,0.11622419208288193,0.5910000205039978,0.44940000772476196
YDL084W,YCR098C,0,-3.752743,0.11620133370161057,0.5910000205039978,0.4494999945163727
YDR243C,YJL014W,0,-3.7527878,0.116178497672081,0.5910000205039978,0.4496000111103058
YKR059W,YOL020W,0,-3.7529988,0.11615566164255142,0.5910000205039978,0.4496999979019165
YNL161W,YGR258C,0,-3.753092,0.11613283306360245,0.5910000205039978,0.4498000144958496
YGR218W,YDL212W,0,-3.7531397,0.11611001938581467,0.5910000205039978,0.4499000012874603
YGR247W,YDL035C,0,-3.7532194,0.11608721315860748,0.5910000205039978,0.44999998807907104
YDL036C,YDR507C,0,-3.753453,0.1160644143819809,0.5910000205039978,0.45010000467300415
YOL121C,YDR153C,0,-3.753467,0.1160416230559349,0.5910000205039978,0.45019999146461487
YHR123W,YER094C,0,-3.753776,0.11601884663105011,0.5910000205039978,0.450300008058548
YNL267W,YHR164C,0,-3.753853,0.11599607765674591,0.5910000205039978,0.4503999948501587
YPL007C,YIL154C,0,-3.753922,0.11597330868244171,0.5910000205039978,0.4505000114440918
YGR171C,YDL015C,0,-3.7539623,0.1159505620598793,0.5910000205039978,0.4505999982357025
YDL030W,YDR463W,0,-3.7541418,0.1159278154373169,0.5910000205039978,0.4507000148296356
YER145C,YPR143W,0,-3.7542198,0.11590507626533508,0.5910000205039978,0.45080000162124634
YOR266W,YOR209C,0,-3.7543533,0.11588235199451447,0.5910000205039978,0.45089998841285706
YDR446W,YLL002W,1,-3.7544508,0.1160556748509407,0.5920000076293945,0.45089998841285706
YER147C,YER173W,1,-3.7544718,0.11622893065214157,0.5929999947547913,0.45089998841285706
YOR037W,YDL201W,0,-3.7544928,0.11620615422725677,0.5929999947547913,0.45100000500679016
YMR243C,YML098W,0,-3.7545948,0.11618338525295258,0.5929999947547913,0.4510999917984009
YMR179W,YPR034W,0,-3.7546341,0.11616062372922897,0.5929999947547913,0.451200008392334
YML113W,YGL087C,0,-3.7549531,0.11613787710666656,0.5929999947547913,0.4512999951839447
YCR020W-B,YMR065W,0,-3.7550325,0.11611513793468475,0.5929999947547913,0.4514000117778778
YLR452C,YER008C,0,-3.755312,0.11609240621328354,0.5929999947547913,0.4514999985694885
YDR079C-A,YDR005C,0,-3.7553575,0.11606968194246292,0.5929999947547913,0.45159998536109924
YGR264C,YOR181W,0,-3.7553866,0.1160469651222229,0.5929999947547913,0.45170000195503235
YBL004W,YKR089C,0,-3.7557206,0.11602426320314407,0.5929999947547913,0.45179998874664307
YKL032C,YNL090W,0,-3.7557476,0.11600156128406525,0.5929999947547913,0.45190000534057617
YBR097W,YIL010W,0,-3.7559066,0.11597887426614761,0.5929999947547913,0.4519999921321869
YNL070W,YFR008W,0,-3.7560027,0.11595620214939117,0.5929999947547913,0.45210000872612
YBL046W,YDR168W,0,-3.7562816,0.11593353003263474,0.5929999947547913,0.4521999955177307
YML078W,YPR143W,0,-3.7562854,0.11591086536645889,0.5929999947547913,0.4523000121116638
YER119C,YBR041W,0,-3.7563589,0.11588821560144424,0.5929999947547913,0.45239999890327454
YGR217W,YDL008W,0,-3.756537,0.11586557328701019,0.5929999947547913,0.45249998569488525
YGL061C,YBL025W,0,-3.7567675,0.11584293842315674,0.5929999947547913,0.45260000228881836
YNL286W,YIL013C,0,-3.7569675,0.11582031100988388,0.5929999947547913,0.4526999890804291
YOL104C,YDR289C,1,-3.7573798,0.115992970764637,0.593999981880188,0.4526999890804291
YJL014W,YOL133W,0,-3.757676,0.11597032099962234,0.593999981880188,0.4528000056743622
YOL002C,YGL037C,0,-3.7576935,0.11594768613576889,0.593999981880188,0.4528999924659729
YDR147W,YFR031C,0,-3.7577016,0.11592505872249603,0.593999981880188,0.453000009059906
YAL020C,YBR289W,0,-3.7582204,0.11590243875980377,0.593999981880188,0.4530999958515167
YDL113C,YPR094W,0,-3.758427,0.11587982624769211,0.593999981880188,0.45320001244544983
YBR132C,YOL066C,0,-3.7587059,0.11585722863674164,0.593999981880188,0.45329999923706055
YNL279W,YPR019W,0,-3.7587497,0.11583463102579117,0.593999981880188,0.45339998602867126
YDR400W,YMR016C,0,-3.7588856,0.11581204831600189,0.593999981880188,0.45350000262260437
YNL270C,YJL133W,0,-3.7589521,0.11578947305679321,0.593999981880188,0.4535999894142151
YGR002C,YDR297W,0,-3.7590122,0.11576690524816513,0.593999981880188,0.4537000060081482
YLR085C,YGL227W,0,-3.7590492,0.11574435234069824,0.593999981880188,0.4537999927997589
YER040W,YOR201C,0,-3.7592025,0.11572179943323135,0.593999981880188,0.453900009393692
YBR010W,YDR040C,0,-3.7594216,0.11569926142692566,0.593999981880188,0.45399999618530273
YER012W,YAL034W-A,0,-3.7595623,0.11567673087120056,0.593999981880188,0.45410001277923584
YIL112W,YOR230W,0,-3.7597566,0.11565420776605606,0.593999981880188,0.45419999957084656
YBR298C,YDL052C,0,-3.7597694,0.11563169211149216,0.593999981880188,0.4542999863624573
YPR052C,YML088W,0,-3.7598476,0.11560918390750885,0.593999981880188,0.4544000029563904
YLR361C,YNL259C,0,-3.7599638,0.11558669060468674,0.593999981880188,0.4544999897480011
YML029W,YIL016W,0,-3.7601807,0.11556420475244522,0.593999981880188,0.4546000063419342
YDL101C,YKL213C,0,-3.7602248,0.1155417263507843,0.593999981880188,0.4546999931335449
YPL274W,YMR025W,0,-3.7603145,0.11551925539970398,0.593999981880188,0.454800009727478
YJR031C,YOR272W,0,-3.7603614,0.11549679189920425,0.593999981880188,0.45489999651908875
YIR033W,YLR033W,0,-3.760597,0.11547433584928513,0.593999981880188,0.45500001311302185
YAL033W,YDR129C,0,-3.7606037,0.11545189470052719,0.593999981880188,0.45509999990463257
YHR090C,YJR033C,0,-3.7607381,0.11542946100234985,0.593999981880188,0.4551999866962433
YPL031C,YNL209W,0,-3.7607524,0.11540703475475311,0.593999981880188,0.4553000032901764
YML102W,YOR381W,0,-3.7609923,0.11538461595773697,0.593999981880188,0.4553999900817871
YOL028C,YLR175W,0,-3.7611682,0.11536220461130142,0.593999981880188,0.4555000066757202
YCR018C,YML060W,0,-3.761215,0.11533980816602707,0.593999981880188,0.45559999346733093
YMR292W,YDR345C,0,-3.7615871,0.11531741172075272,0.593999981880188,0.45570001006126404
YDR409W,YOR373W,0,-3.7616303,0.11529503017663956,0.593999981880188,0.45579999685287476
YOR025W,YGR188C,0,-3.7617066,0.115272656083107,0.593999981880188,0.45590001344680786
YNL326C,YDR270W,0,-3.7620356,0.11525028944015503,0.593999981880188,0.4560000002384186
YHR135C,YDL115C,0,-3.7624133,0.11522793769836426,0.593999981880188,0.4560999870300293
YFR033C,YMR216C,0,-3.7625058,0.11520558595657349,0.593999981880188,0.4562000036239624
YDL111C,YGR165W,0,-3.7625625,0.11518324911594391,0.593999981880188,0.4562999904155731
YKL007W,YHR148W,0,-3.7626169,0.11516091227531433,0.593999981880188,0.4564000070095062
YOR373W,YDR150W,0,-3.762626,0.11513859033584595,0.593999981880188,0.45649999380111694
YER127W,YHR050W,0,-3.7627895,0.11511627584695816,0.593999981880188,0.45660001039505005
YML019W,YMR211W,0,-3.7629278,0.11509397625923157,0.593999981880188,0.45669999718666077
YKL119C,YBR133C,0,-3.7629936,0.11507167667150497,0.593999981880188,0.45680001378059387
YAL029C,YDR545W,1,-3.7632184,0.11524307727813721,0.5950000286102295,0.45680001378059387
YDR171W,YPL180W,0,-3.7633193,0.11522076278924942,0.5950000286102295,0.4569000005722046
YGR088W,YGR183C,0,-3.763505,0.11519844830036163,0.5950000286102295,0.4569999873638153
YJL111W,YOR381W,0,-3.763948,0.11517614871263504,0.5950000286102295,0.4571000039577484
YPR164W,YOL104C,1,-3.7641308,0.11534740030765533,0.5960000157356262,0.4571000039577484
YBL052C,YGL078C,0,-3.7642522,0.11532507836818695,0.5960000157356262,0.45719999074935913
YHR011W,YDR469W,0,-3.764535,0.11530276387929916,0.5960000157356262,0.45730000734329224
YER147C,YJR021C,1,-3.7647302,0.11547388881444931,0.597000002861023,0.45730000734329224
YFR033C,YGL094C,0,-3.7650864,0.11545155942440033,0.597000002861023,0.45739999413490295
YDR341C,YBR114W,0,-3.7651303,0.11542923748493195,0.597000002861023,0.45750001072883606
YDL226C,YEL061C,0,-3.7651927,0.11540692299604416,0.597000002861023,0.4575999975204468
YBR022W,YCR081W,0,-3.7652414,0.11538461595773697,0.597000002861023,0.4577000141143799
YER089C,YLR102C,0,-3.7653522,0.11536231637001038,0.597000002861023,0.4578000009059906
YPL015C,YER147C,1,-3.7656786,0.11553323268890381,0.5979999899864197,0.4578000009059906
YOR221C,YDR085C,0,-3.7657468,0.11551091074943542,0.5979999899864197,0.4578999876976013
YML132W,YDR118W,0,-3.7657902,0.11548860371112823,0.5979999899864197,0.4580000042915344
YJR089W,YFL016C,0,-3.7659173,0.11546630412340164,0.5979999899864197,0.45809999108314514
YDL030W,YBR198C,0,-3.765931,0.11544401198625565,0.5979999899864197,0.45820000767707825
YMR109W,YPR175W,0,-3.7661412,0.11542173475027084,0.5979999899864197,0.45829999446868896
YOR100C,YIL114C,0,-3.7661514,0.11539945751428604,0.5979999899864197,0.45840001106262207
YPL159C,YDR195W,0,-3.7663653,0.11537719517946243,0.5979999899864197,0.4584999978542328
YDR320C-A,YBL030C,0,-3.766374,0.11535494029521942,0.5979999899864197,0.4586000144481659
YHR008C,YPR021C,0,-3.76638,0.115332692861557,0.5979999899864197,0.4587000012397766
YJR119C,YAL043C,0,-3.7665303,0.11531045287847519,0.5979999899864197,0.45879998803138733
YLR228C,YKL140W,0,-3.76655,0.11528822034597397,0.5979999899864197,0.45890000462532043
YDR195W,YDR013W,0,-3.7666469,0.11526599526405334,0.5979999899864197,0.45899999141693115
YNL325C,YFL011W,0,-3.766772,0.11524378508329391,0.5979999899864197,0.45910000801086426
YNL111C,YJL183W,0,-3.766874,0.11522158235311508,0.5979999899864197,0.459199994802475
YML126C,YMR036C,0,-3.76701,0.11519938707351685,0.5979999899864197,0.4593000113964081
YHR106W,YIL147C,0,-3.7672327,0.1151771992444992,0.5979999899864197,0.4593999981880188
YJR153W,YLR045C,0,-3.767328,0.11515501886606216,0.5979999899864197,0.4595000147819519
YNL118C,YDR040C,0,-3.7674067,0.11513284593820572,0.5979999899864197,0.4596000015735626
YEL004W,YBR121C,0,-3.767722,0.11511068046092987,0.5979999899864197,0.45969998836517334
YIL139C,YPL001W,0,-3.7677867,0.11508852988481522,0.5979999899864197,0.45980000495910645
YKR099W,YBR073W,1,-3.7682574,0.11525880545377731,0.5989999771118164,0.45980000495910645
YBL023C,YDR469W,0,-3.7684128,0.11523663252592087,0.5989999771118164,0.45989999175071716
YOR335C,YNL116W,0,-3.768812,0.11521446704864502,0.5989999771118164,0.46000000834465027
YER012W,YGR280C,0,-3.7689788,0.11519230902194977,0.5989999771118164,0.460099995136261
YOR005C,YPR037C,0,-3.769294,0.11517015844583511,0.5989999771118164,0.4602000117301941
YOR181W,YCR089W,0,-3.7695644,0.11514802277088165,0.5989999771118164,0.4602999985218048
YKR067W,YLR459W,0,-3.769807,0.11512588709592819,0.5989999771118164,0.4603999853134155
YDR446W,YGL175C,1,-3.7702343,0.11529592424631119,0.6000000238418579,0.4603999853134155
YCL066W,YOR140W,0,-3.7704537,0.11527377367019653,0.6000000238418579,0.46050000190734863
YPL164C,YBR136W,1,-3.7708533,0.11544372141361237,0.6010000109672546,0.46050000190734863
YBR298C,YPR036W,0,-3.770901,0.11542154848575592,0.6010000109672546,0.46059998869895935
YNL154C,YNR072W,0,-3.770946,0.11539938300848007,0.6010000109672546,0.46070000529289246
YMR080C,YPR175W,0,-3.7709908,0.11537723243236542,0.6010000109672546,0.4607999920845032
YDR069C,YML008C,0,-3.77154,0.11535508930683136,0.6010000109672546,0.4609000086784363
YKL220C,YNL029C,0,-3.7718372,0.1153329461812973,0.6010000109672546,0.460999995470047
YLR191W,YCR035C,0,-3.7720933,0.11531081795692444,0.6010000109672546,0.4611000120639801
YDR446W,YLR418C,1,-3.7721565,0.11548052728176117,0.6019999980926514,0.4611000120639801
YDR106W,YGL093W,0,-3.7722366,0.11545838415622711,0.6019999980926514,0.4611999988555908
YLR226W,YGL233W,0,-3.7723608,0.11543624103069305,0.6019999980926514,0.46129998564720154
YDL148C,YOR334W,0,-3.772482,0.11541411280632019,0.6019999980926514,0.46140000224113464
YDR091C,YNL039W,0,-3.7725737,0.11539198458194733,0.6019999980926514,0.46149998903274536
YAL031C,YPL091W,0,-3.7726986,0.11536987125873566,0.6019999980926514,0.46160000562667847
YNL118C,YEL026W,0,-3.7730105,0.11534776538610458,0.6019999980926514,0.4616999924182892
YDR461W,YCR028C-A,0,-3.773227,0.11532566696405411,0.6019999980926514,0.4618000090122223
YIL139C,YIL073C,0,-3.7733169,0.11530358344316483,0.6019999980926514,0.461899995803833
YKL143W,YBR198C,0,-3.7735293,0.11528149992227554,0.6019999980926514,0.4620000123977661
YKL026C,YPL153C,0,-3.7736866,0.11525943130254745,0.6019999980926514,0.46209999918937683
YDL150W,YOR290C,0,-3.7739897,0.11523736268281937,0.6019999980926514,0.46219998598098755
YBR049C,YIL010W,0,-3.7740517,0.11521530896425247,0.6019999980926514,0.46230000257492065
YPR108W,YNL072W,0,-3.7742836,0.11519326269626617,0.6019999980926514,0.46239998936653137
YER031C,YHR072W-A,0,-3.7744071,0.11517122387886047,0.6019999980926514,0.4625000059604645
YDR377W,YMR275C,0,-3.7744992,0.11514919996261597,0.6019999980926514,0.4625999927520752
YPL060W,YJL042W,0,-3.774542,0.11512717604637146,0.6019999980926514,0.4627000093460083
YAL030W,YDR464W,0,-3.7747004,0.11510515958070755,0.6019999980926514,0.462799996137619
YMR081C,YMR247C,0,-3.7751014,0.11508315801620483,0.6019999980926514,0.4629000127315521
YHR007C,YMR236W,0,-3.7753117,0.11506116390228271,0.6019999980926514,0.46299999952316284
YMR201C,YDL134C,0,-3.775407,0.11503917723894119,0.6019999980926514,0.46309998631477356
YML091C,YPR178W,0,-3.775438,0.11501719802618027,0.6019999980926514,0.46320000290870667
YGL086W,YBR193C,0,-3.7756217,0.11499522626399994,0.6019999980926514,0.4632999897003174
YDR058C,YMR054W,0,-3.7757308,0.11497326195240021,0.6019999980926514,0.4634000062942505
YDL087C,YBL035C,0,-3.7759826,0.11495130509138107,0.6019999980926514,0.4634999930858612
YPL152W,YOR168W,0,-3.776048,0.11492936313152313,0.6019999980926514,0.4636000096797943
YKL129C,YDL126C,0,-3.7761161,0.11490742862224579,0.6019999980926514,0.46369999647140503
YPR005C,YOL124C,0,-3.7761288,0.11488549411296844,0.6019999980926514,0.46380001306533813
YOR094W,YBR276C,0,-3.7761886,0.1148635745048523,0.6019999980926514,0.46389999985694885
YPR140W,YGR040W,0,-3.7762496,0.11484166234731674,0.6019999980926514,0.46399998664855957
YDL132W,YGR262C,0,-3.7764843,0.11481975764036179,0.6019999980926514,0.4641000032424927
YGR202C,YML112W,0,-3.776807,0.11479786783456802,0.6019999980926514,0.4641999900341034
YHR011W,YGR188C,0,-3.7770498,0.11477597802877426,0.6019999980926514,0.4643000066280365
YIL053W,YPL270W,0,-3.777308,0.1147540956735611,0.6019999980926514,0.4643999934196472
YFL025C,YPR186C,0,-3.7774284,0.11473222821950912,0.6019999980926514,0.4645000100135803
YOR274W,YDR182W,0,-3.7774808,0.11471036821603775,0.6019999980926514,0.46459999680519104
YOR094W,YJR090C,0,-3.7775543,0.11468851566314697,0.6019999980926514,0.46470001339912415
YDL003W,YKL042W,0,-3.7776325,0.1146666631102562,0.6019999980926514,0.46480000019073486
YAR007C,YDR113C,1,-3.7776408,0.11483526974916458,0.6029999852180481,0.46480000019073486
YJL008C,YML075C,0,-3.7776692,0.11481340229511261,0.6029999852180481,0.4648999869823456
YLR450W,YDL051W,0,-3.777684,0.11479154974222183,0.6029999852180481,0.4650000035762787
YOR346W,YGR078C,0,-3.7780871,0.11476969718933105,0.6029999852180481,0.4650999903678894
YCR028C-A,YHR027C,0,-3.7781465,0.11474785953760147,0.6029999852180481,0.4652000069618225
YNL282W,YNL231C,0,-3.7782028,0.11472602933645248,0.6029999852180481,0.4652999937534332
YBL106C,YEL017C-A,0,-3.7782156,0.1147042065858841,0.6029999852180481,0.46540001034736633
YLR175W,YPL180W,0,-3.7782462,0.1146823912858963,0.6029999852180481,0.46549999713897705
YIR002C,YGR252W,0,-3.7783306,0.1146605834364891,0.6029999852180481,0.46560001373291016
YML016C,YNL182C,0,-3.7785854,0.1146387830376625,0.6029999852180481,0.4657000005245209
YLR130C,YJL005W,0,-3.7792528,0.1146169900894165,0.6029999852180481,0.4657999873161316
YJL157C,YGR200C,0,-3.7792964,0.1145952120423317,0.6029999852180481,0.4659000039100647
YJL019W,YCL033C,0,-3.7794693,0.11457343399524689,0.6029999852180481,0.4659999907016754
YMR309C,YGR170W,0,-3.7796957,0.11455167084932327,0.6029999852180481,0.4661000072956085
YAR008W,YHR111W,0,-3.779724,0.11452991515398026,0.6029999852180481,0.46619999408721924
YJR045C,YGL127C,0,-3.779752,0.11450816690921783,0.6029999852180481,0.46630001068115234
YMR184W,YOL067C,0,-3.7797549,0.11448642611503601,0.6029999852180481,0.46639999747276306
YNR032C-A,YHR174W,0,-3.7800558,0.11446469277143478,0.6029999852180481,0.46650001406669617
YNL159C,YCR028C-A,0,-3.7801478,0.11444296687841415,0.6029999852180481,0.4666000008583069
YJL048C,YNL207W,0,-3.780278,0.11442125588655472,0.6029999852180481,0.4666999876499176
YPL096W,YKR089C,0,-3.7810078,0.11439954489469528,0.6029999852180481,0.4668000042438507
YHR188C,YPL233W,0,-3.7812493,0.11437784880399704,0.6029999852180481,0.4668999910354614
YBR065C,YER002W,0,-3.7812583,0.1143561527132988,0.6029999852180481,0.46700000762939453
YJL176C,YGR081C,0,-3.781403,0.11433447152376175,0.6029999852180481,0.46709999442100525
YDR076W,YBR073W,1,-3.7815242,0.11450237035751343,0.6039999723434448,0.46709999442100525
YBR156C,YBR035C,0,-3.7818258,0.11448066681623459,0.6039999723434448,0.46720001101493835
YLR442C,YOR319W,0,-3.782179,0.11445897072553635,0.6039999723434448,0.4672999978065491
YLR220W,YJR045C,0,-3.7825382,0.1144372895359993,0.6039999723434448,0.4674000144004822
YPR041W,YJR050W,0,-3.7831347,0.11441560834646225,0.6039999723434448,0.4675000011920929
YLR069C,YKR039W,0,-3.7833812,0.1143939420580864,0.6039999723434448,0.4675999879837036
YPR094W,YOL013C,0,-3.7834027,0.11437227576971054,0.6039999723434448,0.4677000045776367
YKR020W,YDR318W,0,-3.783743,0.11435062438249588,0.6039999723434448,0.46779999136924744
YOL068C,YLR234W,1,-3.7840607,0.11451826244592667,0.6050000190734863,0.46779999136924744
YFR014C,YDR343C,0,-3.78433,0.11449659615755081,0.6050000190734863,0.46790000796318054
YHR066W,YEL032W,0,-3.784582,0.11447492986917496,0.6050000190734863,0.46799999475479126
YER177W,YNL014W,0,-3.7846737,0.1144532710313797,0.6050000190734863,0.46810001134872437
YDR129C,YPL177C,0,-3.784729,0.11443162709474564,0.6050000190734863,0.4681999981403351
YOL130W,YNL209W,0,-3.7848952,0.11440998315811157,0.6050000190734863,0.4683000147342682
YMR224C,YBR136W,1,-3.785177,0.11457742750644684,0.6060000061988831,0.4683000147342682
YMR101C,YGR171C,0,-3.7856758,0.11455576866865158,0.6060000061988831,0.4684000015258789
YFR055W,YKR089C,0,-3.7858098,0.11453411728143692,0.6060000061988831,0.4684999883174896
YDR180W,YBR279W,1,-3.7859514,0.11470143496990204,0.6069999933242798,0.4684999883174896
YLR362W,YOR099W,0,-3.7860255,0.11467976868152618,0.6069999933242798,0.46860000491142273
YGL175C,YNL330C,1,-3.786216,0.11484699696302414,0.6079999804496765,0.46860000491142273
YLR221C,YBR243C,0,-3.786239,0.1148253083229065,0.6079999804496765,0.46869999170303345
YOR117W,YPR021C,0,-3.786287,0.11480362713336945,0.6079999804496765,0.46880000829696655
YLR002C,YBR035C,0,-3.786689,0.114781953394413,0.6079999804496765,0.46889999508857727
YMR080C,YGR088W,0,-3.786733,0.11476028710603714,0.6079999804496765,0.4690000116825104
YDR052C,YBL082C,0,-3.786791,0.11473862826824188,0.6079999804496765,0.4690999984741211
YDR369C,YMR224C,1,-3.7868822,0.11490566283464432,0.609000027179718,0.4690999984741211
YER149C,YGL251C,0,-3.787494,0.11488398164510727,0.609000027179718,0.4691999852657318
YBR024W,YGL253W,0,-3.7879736,0.11486231535673141,0.609000027179718,0.4693000018596649
YMR133W,YDL164C,1,-3.7881143,0.1150292307138443,0.6100000143051147,0.4693000018596649
YGR230W,YLR034C,0,-3.7881272,0.11500754207372665,0.6100000143051147,0.46939998865127563
YGR048W,YPL255W,0,-3.788235,0.1149858608841896,0.6100000143051147,0.46950000524520874
YOL077W-A,YBL020W,0,-3.7882571,0.11496419459581375,0.6100000143051147,0.46959999203681946
YCR073C,YPL153C,0,-3.7882984,0.1149425283074379,0.6100000143051147,0.46970000863075256
YDL212W,YFL016C,0,-3.7884667,0.11492087692022324,0.6100000143051147,0.4697999954223633
YML095C,YNL312W,1,-3.7885118,0.1150875836610794,0.6110000014305115,0.4697999954223633
YIL128W,YPR018W,0,-3.788839,0.11506590992212296,0.6110000014305115,0.4699000120162964
YER028C,YHR158C,0,-3.789166,0.1150442510843277,0.6110000014305115,0.4699999988079071
YGR175C,YLR147C,0,-3.7894356,0.11502259224653244,0.6110000014305115,0.4700999855995178
YJL056C,YGR083C,0,-3.7896068,0.11500094085931778,0.6110000014305115,0.4702000021934509
YNL020C,YLR096W,0,-3.7896352,0.11497929692268372,0.6110000014305115,0.47029998898506165
YOR363C,YHR175W,0,-3.7897596,0.11495766788721085,0.6110000014305115,0.47040000557899475
YPL042C,YGL063W,0,-3.7899241,0.11493603885173798,0.6110000014305115,0.47049999237060547
YGL043W,YGL175C,1,-3.789933,0.11510249972343445,0.6119999885559082,0.47049999237060547
YGR121C,YBR091C,0,-3.7906678,0.11508085578680038,0.6119999885559082,0.4706000089645386
YPL231W,YNL197C,0,-3.790827,0.11505921930074692,0.6119999885559082,0.4706999957561493
YMR177W,YER155C,0,-3.790863,0.11503759026527405,0.6119999885559082,0.4708000123500824
YLR039C,YPL007C,0,-3.7913282,0.11501597613096237,0.6119999885559082,0.4708999991416931
YIL124W,YFL016C,0,-3.7914662,0.1149943619966507,0.6119999885559082,0.47099998593330383
YML034W,YDL051W,0,-3.791479,0.11497276276350021,0.6119999885559082,0.47110000252723694
YGR063C,YLR039C,0,-3.79168,0.11495116353034973,0.6119999885559082,0.47119998931884766
YDL166C,YBR198C,0,-3.7917192,0.11492957919836044,0.6119999885559082,0.47130000591278076
YDR087C,YDR043C,0,-3.791908,0.11490799486637115,0.6119999885559082,0.4713999927043915
YOL002C,YBR207W,0,-3.7923255,0.11488642543554306,0.6119999885559082,0.4715000092983246
YHR188C,YHR090C,0,-3.7924864,0.11486486345529556,0.6119999885559082,0.4715999960899353
YBL003C,YOL077W-A,0,-3.7925632,0.11484330892562866,0.6119999885559082,0.4717000126838684
YNL227C,YPL021W,0,-3.7927752,0.11482176184654236,0.6119999885559082,0.4717999994754791
YDR240C,YLR405W,0,-3.7927978,0.11480022221803665,0.6119999885559082,0.47189998626708984
YKL049C,YKL054C,0,-3.7928007,0.11477869749069214,0.6119999885559082,0.47200000286102295
YEL013W,YGR214W,0,-3.7933147,0.11475717276334763,0.6119999885559082,0.47209998965263367
YGR178C,YFL002C,0,-3.7933166,0.11473565548658371,0.6119999885559082,0.4722000062465668
YBR135W,YCL004W,0,-3.7939596,0.11471415311098099,0.6119999885559082,0.4722999930381775
YBL003C,YBL009W,0,-3.7941241,0.11469265073537827,0.6119999885559082,0.4724000096321106
YDR443C,YDR013W,0,-3.794196,0.11467116326093674,0.6119999885559082,0.4724999964237213
YMR239C,YNL106C,0,-3.7942605,0.1146496832370758,0.6119999885559082,0.4726000130176544
YPR108W,YHR031C,0,-3.7944539,0.11462821066379547,0.6119999885559082,0.47269999980926514
YPL069C,YHR083W,0,-3.7944791,0.11460673809051514,0.6119999885559082,0.47279998660087585
YOL002C,YGL011C,0,-3.7945788,0.114585280418396,0.6119999885559082,0.47290000319480896
YGL012W,YNR072W,0,-3.7946656,0.11456383019685745,0.6119999885559082,0.4729999899864197
YDR361C,YML016C,0,-3.794689,0.1145423948764801,0.6119999885559082,0.4731000065803528
YHR152W,YGR158C,0,-3.795184,0.11452095955610275,0.6119999885559082,0.4731999933719635
YJR057W,YKL054C,0,-3.7953131,0.114499531686306,0.6119999885559082,0.4733000099658966
YMR106C,YDR386W,1,-3.795528,0.11466517299413681,0.6129999756813049,0.4733000099658966
YOR005C,YHR050W,0,-3.795531,0.11464372277259827,0.6129999756813049,0.4733999967575073
YKL040C,YOR231W,0,-3.7959864,0.11462228745222092,0.6129999756813049,0.47350001335144043
YBR293W,YNL214W,0,-3.7961414,0.11460085958242416,0.6129999756813049,0.47360000014305115
YBR212W,YPL176C,0,-3.7965043,0.11457943916320801,0.6129999756813049,0.47369998693466187
YCL063W,YOR304W,0,-3.79655,0.11455802619457245,0.6129999756813049,0.47380000352859497
YMR052W,YIL014W,0,-3.7965853,0.11453662067651749,0.6129999756813049,0.4738999903202057
YIL123W,YDL208W,0,-3.7967012,0.11451522260904312,0.6129999756813049,0.4740000069141388
YDR527W,YGL201C,0,-3.796851,0.11449383944272995,0.6129999756813049,0.4740999937057495
YMR133W,YJR021C,1,-3.7968764,0.11465919762849808,0.6140000224113464,0.4740999937057495
YOR073W,YGL178W,0,-3.7968898,0.11463779211044312,0.6140000224113464,0.4742000102996826
YLR071C,YML043C,0,-3.7969358,0.11461638659238815,0.6140000224113464,0.47429999709129333
YER028C,YNR035C,0,-3.7971065,0.11459499597549438,0.6140000224113464,0.47440001368522644
YPR161C,YDL198C,0,-3.7974122,0.11457361280918121,0.6140000224113464,0.47450000047683716
YKR099W,YIR025W,1,-3.7974994,0.11473880708217621,0.6150000095367432,0.47450000047683716
YIL150C,YER142C,0,-3.797557,0.11471740156412125,0.6150000095367432,0.4745999872684479
YDR017C,YJR019C,0,-3.7975624,0.11469601094722748,0.6150000095367432,0.474700003862381
YJL157C,YMR288W,0,-3.7976272,0.11467462033033371,0.6150000095367432,0.4747999906539917
YBR114W,YKR003W,0,-3.7977464,0.11465324461460114,0.6150000095367432,0.4749000072479248
YPR111W,YDR437W,0,-3.7978613,0.11463187634944916,0.6150000095367432,0.4749999940395355
YGR156W,YLR144C,0,-3.797955,0.11461050808429718,0.6150000095367432,0.47510001063346863
YNL216W,YMR298W,0,-3.7980149,0.1145891547203064,0.6150000095367432,0.47519999742507935
YBR161W,YJL026W,0,-3.7980769,0.11456780880689621,0.6150000095367432,0.47530001401901245
YIR015W,YJL168C,0,-3.7983615,0.11454647034406662,0.6150000095367432,0.47540000081062317
YKL053C-A,YPL115C,0,-3.7984889,0.11452513933181763,0.6150000095367432,0.4754999876022339
YIR017C,YBL064C,0,-3.7988122,0.11450381577014923,0.6150000095367432,0.475600004196167
YDL003W,YBR095C,0,-3.7988234,0.11448249965906143,0.6150000095367432,0.4756999909877777
YOR089C,YGR188C,0,-3.7993946,0.11446119844913483,0.6150000095367432,0.4758000075817108
YHR193C,YGR040W,0,-3.799717,0.11443989723920822,0.6150000095367432,0.47589999437332153
YHR012W,YDR130C,0,-3.7998257,0.11441860347986221,0.6150000095367432,0.47600001096725464
YHR205W,YER109C,0,-3.8000383,0.1143973246216774,0.6150000095367432,0.47609999775886536
YDR235W,YMR127C,0,-3.8001916,0.11437604576349258,0.6150000095367432,0.47620001435279846
YNL257C,YMR127C,0,-3.8003087,0.11435478180646896,0.6150000095367432,0.4763000011444092
YNL218W,YAL058W,0,-3.800546,0.11433351784944534,0.6150000095367432,0.4763999879360199
YPL194W,YLR234W,1,-3.801037,0.11449813842773438,0.6159999966621399,0.4763999879360199
YER042W,YER018C,0,-3.801106,0.11447685956954956,0.6159999966621399,0.476500004529953
YBL088C,YGL175C,1,-3.8013117,0.11464139819145203,0.6169999837875366,0.476500004529953
YHR165C,YDR423C,0,-3.8014624,0.11462009698152542,0.6169999837875366,0.4765999913215637
YML099C,YDR394W,0,-3.8015826,0.11459881067276001,0.6169999837875366,0.4767000079154968
YMR277W,YPR113W,0,-3.8016212,0.1145775318145752,0.6169999837875366,0.47679999470710754
YLR467W,YNL330C,1,-3.8016627,0.11474192142486572,0.6179999709129333,0.47679999470710754
YBR133C,YOR047C,0,-3.801718,0.11472062021493912,0.6179999709129333,0.47690001130104065
YOR033C,YML095C,1,-3.8019345,0.11488492786884308,0.6190000176429749,0.47690001130104065
YKL035W,YLR410W,0,-3.8019564,0.11486361175775528,0.6190000176429749,0.47699999809265137
YOL012C,YGL071W,0,-3.802049,0.11484230309724808,0.6190000176429749,0.4771000146865845
YPL253C,YGR170W,0,-3.8020844,0.11482099443674088,0.6190000176429749,0.4772000014781952
YEL012W,YLR023C,0,-3.8022463,0.11479970067739487,0.6190000176429749,0.4772999882698059
YCL061C,YML001W,0,-3.802328,0.11477841436862946,0.6190000176429749,0.477400004863739
YOR315W,YDR400W,0,-3.8023431,0.11475713551044464,0.6190000176429749,0.47749999165534973
YOL009C,YMR211W,0,-3.802526,0.11473586410284042,0.6190000176429749,0.47760000824928284
YDR369C,YER173W,1,-3.8026383,0.11489992588758469,0.6200000047683716,0.47760000824928284
YLR262C,YGR162W,0,-3.8027415,0.11487863957881927,0.6200000047683716,0.47769999504089355
YIL009W,YGR258C,0,-3.8031783,0.11485735327005386,0.6200000047683716,0.47780001163482666
YBR136W,YDR110W,1,-3.80389,0.11502130329608917,0.6209999918937683,0.47780001163482666
YDR337W,YLR116W,0,-3.8039186,0.11500000208616257,0.6209999918937683,0.4778999984264374
YMR292W,YOR057W,0,-3.8040092,0.11497870832681656,0.6209999918937683,0.4779999852180481
YDR138W,YOR354C,1,-3.804137,0.11514253914356232,0.621999979019165,0.4779999852180481
YMR088C,YBR065C,0,-3.8042078,0.11512123048305511,0.621999979019165,0.4781000018119812
YKL194C,YPL115C,0,-3.8043778,0.11509992927312851,0.621999979019165,0.4781999886035919
YLR238W,YNL148C,0,-3.8044815,0.1150786280632019,0.621999979019165,0.478300005197525
YLR270W,YBL005W,0,-3.8051453,0.11505734175443649,0.621999979019165,0.47839999198913574
YJL219W,YHR158C,0,-3.805158,0.11503606289625168,0.621999979019165,0.47850000858306885
YIL073C,YPR186C,0,-3.8051765,0.11501479148864746,0.621999979019165,0.47859999537467957
YHR019C,YDR464W,0,-3.8053753,0.11499352753162384,0.621999979019165,0.47870001196861267
YOR274W,YJR013W,0,-3.8054528,0.11497227102518082,0.621999979019165,0.4787999987602234
YDR217C,YDR077W,0,-3.8056014,0.11495102196931839,0.621999979019165,0.4788999855518341
YMR106C,YNL088W,1,-3.80567,0.11511456221342087,0.6230000257492065,0.4788999855518341
YDL100C,YPR162C,0,-3.806304,0.11509329080581665,0.6230000257492065,0.4790000021457672
YOR320C,YPR191W,0,-3.8066695,0.11507203429937363,0.6230000257492065,0.47909998893737793
YPR190C,YLR007W,0,-3.8069253,0.1150507852435112,0.6230000257492065,0.47920000553131104
YHR039C,YGL043W,1,-3.8072696,0.11521418392658234,0.6240000128746033,0.47920000553131104
YIR002C,YOR295W,0,-3.8073776,0.11519291251897812,0.6240000128746033,0.47929999232292175
YML088W,YGR112W,0,-3.807533,0.1151716485619545,0.6240000128746033,0.47940000891685486
YDR057W,YNR002C,0,-3.8076246,0.11515039950609207,0.6240000128746033,0.4794999957084656
YOL023W,YPL001W,0,-3.8077457,0.11512915045022964,0.6240000128746033,0.4796000123023987
YOR100C,YLR304C,0,-3.8078482,0.11510791629552841,0.6240000128746033,0.4796999990940094
YOL115W,YNL054W,0,-3.8081043,0.11508668214082718,0.6240000128746033,0.4797999858856201
YML078W,YBL014C,0,-3.8083332,0.11506546288728714,0.6240000128746033,0.4799000024795532
YNL199C,YPR175W,0,-3.8083599,0.1150442510843277,0.6240000128746033,0.47999998927116394
YBL088C,YER147C,1,-3.80848,0.11520737409591675,0.625,0.47999998927116394
YLR298C,YJL108C,0,-3.8085241,0.11518613994121552,0.625,0.48010000586509705
YIR015W,YMR202W,0,-3.8085241,0.11516491323709488,0.625,0.48019999265670776
YPR135W,YBR024W,0,-3.808547,0.11514370143413544,0.625,0.48030000925064087
YPR104C,YDR201W,0,-3.8086636,0.115122489631176,0.625,0.4803999960422516
YJL167W,YDR091C,0,-3.808866,0.11510129272937775,0.625,0.4805000126361847
YPR164W,YNL139C,1,-3.8089554,0.11526422202587128,0.6259999871253967,0.4805000126361847
YLR067C,YKL143W,0,-3.8091414,0.11524300277233124,0.6259999871253967,0.4805999994277954
YPR049C,YLL036C,0,-3.8092887,0.1152217909693718,0.6259999871253967,0.48069998621940613
YLR103C,YDL078C,0,-3.8093045,0.11520058661699295,0.6259999871253967,0.48080000281333923
YOR079C,YKL117W,0,-3.8095376,0.1151793897151947,0.6259999871253967,0.48089998960494995
YDL093W,YER143W,0,-3.809674,0.11515820771455765,0.6259999871253967,0.48100000619888306
YHR011W,YFL049W,0,-3.810167,0.1151370257139206,0.6259999871253967,0.4810999929904938
YDL164C,YOL072W,1,-3.8102062,0.11529973894357681,0.6269999742507935,0.4810999929904938
YHL028W,YLR371W,0,-3.8103187,0.11527854204177856,0.6269999742507935,0.4812000095844269
YDL003W,YOR270C,0,-3.8103366,0.11525735259056091,0.6269999742507935,0.4812999963760376
YHR118C,YPR101W,0,-3.8104098,0.11523617058992386,0.6269999742507935,0.4814000129699707
YBL058W,YNL037C,0,-3.8104265,0.1152149960398674,0.6269999742507935,0.4814999997615814
YPL043W,YLR006C,0,-3.8112016,0.11519382894039154,0.6269999742507935,0.48159998655319214
YPL188W,YBL058W,0,-3.8114307,0.11517266929149628,0.6269999742507935,0.48170000314712524
YMR030W,YHL047C,0,-3.8116329,0.11515151709318161,0.6269999742507935,0.48179998993873596
YJL090C,YDR369C,1,-3.8121684,0.11531399190425873,0.628000020980835,0.48179998993873596
YJR063W,YOR270C,0,-3.812351,0.11529282480478287,0.628000020980835,0.48190000653266907
YJL148W,YEL027W,0,-3.812354,0.115271657705307,0.628000020980835,0.4819999933242798
YML091C,YGL097W,0,-3.8124402,0.11525050550699234,0.628000020980835,0.4821000099182129
YCL066W,YKL112W,0,-3.8130505,0.11522936075925827,0.628000020980835,0.4821999967098236
YDL164C,YGL175C,1,-3.8131218,0.11539167165756226,0.6290000081062317,0.4821999967098236
YGL153W,YER142C,0,-3.8133967,0.1153705045580864,0.6290000081062317,0.4823000133037567
YGL254W,YER032W,0,-3.813565,0.11534935235977173,0.6290000081062317,0.48240000009536743
YLR298C,YPR182W,0,-3.8135903,0.11532820016145706,0.6290000081062317,0.48249998688697815
YPL129W,YER018C,0,-3.8144124,0.11530705541372299,0.6290000081062317,0.48260000348091125
YBL088C,YJR021C,1,-3.8145497,0.11546920984983444,0.6299999952316284,0.48260000348091125
YBR098W,YPL164C,1,-3.8147082,0.11563129723072052,0.6309999823570251,0.48260000348091125
YOR381W,YGR185C,0,-3.8148172,0.11561011523008347,0.6309999823570251,0.482699990272522
YKR061W,YBL014C,0,-3.8150222,0.11558893322944641,0.6309999823570251,0.4828000068664551
YMR106C,YOL006C,1,-3.8151155,0.11575091630220413,0.6320000290870667,0.4828000068664551
YKL101W,YBR057C,0,-3.8152514,0.11572971940040588,0.6320000290870667,0.4828999936580658
YNL222W,YEL051W,0,-3.8153508,0.11570852994918823,0.6320000290870667,0.4830000102519989
YGR245C,YOL038W,0,-3.8153965,0.11568734794855118,0.6320000290870667,0.4830999970436096
YBR088C,YKR009C,0,-3.8156369,0.11566618084907532,0.6320000290870667,0.4832000136375427
YJL004C,YDR040C,0,-3.8156574,0.11564501374959946,0.6320000290870667,0.48330000042915344
YCL024W,YER089C,0,-3.8158596,0.1156238541007042,0.6320000290870667,0.48339998722076416
YGR003W,YPL033C,0,-3.816039,0.11560270935297012,0.6320000290870667,0.48350000381469727
YEL026W,YER030W,0,-3.8162193,0.11558156460523605,0.6320000290870667,0.483599990606308
YMR077C,YOR313C,0,-3.8164876,0.11556043475866318,0.6320000290870667,0.4837000072002411
YDR235W,YDR167W,0,-3.8167994,0.1155393049120903,0.6320000290870667,0.4837999939918518
YGR264C,YPL069C,0,-3.8168194,0.11551818996667862,0.6320000290870667,0.4839000105857849
YPL046C,YKL143W,0,-3.8168514,0.11549707502126694,0.6320000290870667,0.48399999737739563
YPL131W,YOR298C-A,0,-3.8169115,0.11547597497701645,0.6320000290870667,0.48410001397132874
YKR052C,YIL046W,0,-3.817274,0.11545487493276596,0.6320000290870667,0.48420000076293945
YFL002C,YMR319C,0,-3.8174489,0.11543378978967667,0.6320000290870667,0.48429998755455017
YNL298W,YHR082C,0,-3.817653,0.11541271209716797,0.6320000290870667,0.4844000041484833
YPL155C,YJR076C,0,-3.817672,0.11539163440465927,0.6320000290870667,0.484499990940094
YLR360W,YKL110C,0,-3.8178253,0.11537057161331177,0.6320000290870667,0.4846000075340271
YMR184W,YNL037C,0,-3.8182504,0.11534951627254486,0.6320000290870667,0.4846999943256378
YBR243C,YKL213C,0,-3.8185463,0.11532846838235855,0.6320000290870667,0.4848000109195709
YLR430W,YML104C,0,-3.8186836,0.11530742794275284,0.6320000290870667,0.48489999771118164
YDR118W,YDL087C,0,-3.818731,0.11528639495372772,0.6320000290870667,0.48500001430511475
YPL274W,YPR144C,0,-3.8188758,0.1152653619647026,0.6320000290870667,0.48510000109672546
YDL154W,YOR033C,1,-3.819294,0.1154266968369484,0.6330000162124634,0.48510000109672546
YPL155C,YPL119C,0,-3.8196137,0.11540564894676208,0.6330000162124634,0.4851999878883362
YIL009W,YDL188C,0,-3.8197129,0.11538461595773697,0.6330000162124634,0.4853000044822693
YBL061C,YLR324W,0,-3.8197262,0.11536358296871185,0.6330000162124634,0.48539999127388
YNL133C,YOL043C,0,-3.819783,0.11534256488084793,0.6330000162124634,0.4855000078678131
YMR240C,YGL207W,0,-3.819803,0.1153215542435646,0.6330000162124634,0.48559999465942383
YDR443C,YIL112W,0,-3.8202121,0.11530054360628128,0.6330000162124634,0.48570001125335693
YBR250W,YGL095C,0,-3.820299,0.11527954787015915,0.6330000162124634,0.48579999804496765
YFL016C,YHR169W,0,-3.820423,0.11525855958461761,0.6330000162124634,0.48590001463890076
YGR088W,YOR116C,0,-3.820709,0.11523757874965668,0.6330000162124634,0.4860000014305115
YOR363C,YDL006W,0,-3.8208625,0.11521659791469574,0.6330000162124634,0.4860999882221222
YNL126W,YJL146W,0,-3.8209298,0.115195631980896,0.6330000162124634,0.4862000048160553
YOL133W,YPR199C,0,-3.8209317,0.11517467349767685,0.6330000162124634,0.486299991607666
YGL006W,YIL009W,0,-3.8213985,0.1151537224650383,0.6330000162124634,0.4864000082015991
YBR037C,YDL028C,0,-3.8215578,0.11513277888298035,0.6330000162124634,0.48649999499320984
YJR082C,YKR026C,0,-3.8215654,0.1151118353009224,0.6330000162124634,0.48660001158714294
YJL006C,YDR191W,0,-3.8216476,0.11509090662002563,0.6330000162124634,0.48669999837875366
YDR285W,YPL117C,0,-3.821798,0.11506998538970947,0.6330000162124634,0.4867999851703644
YHR205W,YDR219C,0,-3.8223875,0.11504907160997391,0.6330000162124634,0.4869000017642975
YMR043W,YLR449W,0,-3.8226235,0.11502816528081894,0.6330000162124634,0.4869999885559082
YBR024W,YDR252W,0,-3.8227005,0.11500726640224457,0.6330000162124634,0.4871000051498413
YDR097C,YOR354C,1,-3.8229446,0.1151680275797844,0.6340000033378601,0.4871000051498413
YDR320C-A,YNL288W,0,-3.8229778,0.11514711380004883,0.6340000033378601,0.487199991941452
YIL061C,YCR035C,0,-3.8229837,0.11512620002031326,0.6340000033378601,0.48730000853538513
YOR201C,YLL050C,0,-3.8231075,0.11510530114173889,0.6340000033378601,0.48739999532699585
YJL138C,YKL110C,0,-3.823544,0.11508440971374512,0.6340000033378601,0.48750001192092896
YOR027W,YBR039W,0,-3.8235543,0.11506351828575134,0.6340000033378601,0.4875999987125397
YLR396C,YDR436W,0,-3.823604,0.11504264175891876,0.6340000033378601,0.4876999855041504
YML085C,YGL171W,0,-3.823712,0.11502177268266678,0.6340000033378601,0.4878000020980835
YLR200W,YKL101W,0,-3.8237631,0.1150009036064148,0.6340000033378601,0.4878999888896942
YDR030C,YDR091C,0,-3.823866,0.114980049431324,0.6340000033378601,0.4880000054836273
YPL137C,YJL167W,0,-3.8246326,0.11495920270681381,0.6340000033378601,0.48809999227523804
YGR171C,YOL060C,0,-3.8246386,0.11493836343288422,0.6340000033378601,0.48820000886917114
YDR503C,YFL055W,0,-3.8248491,0.11491752415895462,0.6340000033378601,0.48829999566078186
YJL056C,YJR108W,0,-3.8250692,0.11489669978618622,0.6340000033378601,0.48840001225471497
YKR020W,YML036W,0,-3.8250816,0.11487588286399841,0.6340000033378601,0.4884999990463257
YOR156C,YOR148C,0,-3.825125,0.1148550733923912,0.6340000033378601,0.4885999858379364
YGL019W,YBR289W,0,-3.8252175,0.1148342713713646,0.6340000033378601,0.4887000024318695
YNL066W,YNL145W,0,-3.8252327,0.11481347680091858,0.6340000033378601,0.4887999892234802
YPR094W,YOL016C,0,-3.8252935,0.11479268223047256,0.6340000033378601,0.48890000581741333
YER167W,YBR182C,0,-3.8253155,0.11477190256118774,0.6340000033378601,0.48899999260902405
YHR176W,YJL219W,0,-3.8254945,0.11475113034248352,0.6340000033378601,0.48910000920295715
YDR260C,YML091C,0,-3.8255584,0.1147303655743599,0.6340000033378601,0.48919999599456787
YBR155W,YNL197C,0,-3.8260229,0.11470960825681686,0.6340000033378601,0.489300012588501
YGR095C,YEL030W,0,-3.8261068,0.11468885838985443,0.6340000033378601,0.4893999993801117
YAL021C,YBR127C,0,-3.8264058,0.1146681159734726,0.6340000033378601,0.4894999861717224
YPL007C,YNL311C,0,-3.8264678,0.11464738100767136,0.6340000033378601,0.4896000027656555
YJR050W,YBR002C,0,-3.8266063,0.11462665349245071,0.6340000033378601,0.48969998955726624
YPL037C,YDL080C,0,-3.8266208,0.11460592597723007,0.6340000033378601,0.48980000615119934
YNL142W,YJR108W,0,-3.8266804,0.11458521336317062,0.6340000033378601,0.48989999294281006
YDR276C,YHR016C,0,-3.827038,0.11456450819969177,0.6340000033378601,0.49000000953674316
YCR031C,YLR200W,0,-3.8270879,0.11454381048679352,0.6340000033378601,0.4900999963283539
YOR085W,YKR050W,0,-3.8271194,0.11452312022447586,0.6340000033378601,0.490200012922287
YMR273C,YLR130C,0,-3.827294,0.1145024374127388,0.6340000033378601,0.4902999997138977
YNL020C,YDL078C,0,-3.8277533,0.11448176205158234,0.6340000033378601,0.4903999865055084
YGL006W,YFL016C,0,-3.827754,0.11446109414100647,0.6340000033378601,0.49050000309944153
YOL034W,YNL283C,0,-3.8280265,0.1144404336810112,0.6340000033378601,0.49059998989105225
YOL002C,YJR093C,0,-3.8281248,0.11441978067159653,0.6340000033378601,0.49070000648498535
YLR424W,YAL035W,0,-3.8283494,0.11439913511276245,0.6340000033378601,0.49079999327659607
YOR032C,YMR168C,0,-3.8283927,0.11437849700450897,0.6340000033378601,0.4909000098705292
YGL094C,YBR296C,0,-3.8285146,0.11435786634683609,0.6340000033378601,0.4909999966621399
YPL146C,YLR337C,0,-3.8285496,0.1143372431397438,0.6340000033378601,0.491100013256073
YMR267W,YPL209C,0,-3.8290532,0.11431662738323212,0.6340000033378601,0.4912000000476837
YLR055C,YER040W,0,-3.82915,0.11429601907730103,0.6340000033378601,0.49129998683929443
YLR182W,YNL016W,0,-3.8291838,0.11427541822195053,0.6340000033378601,0.49140000343322754
YOR355W,YHL006C,0,-3.8295796,0.11425481736660004,0.6340000033378601,0.49149999022483826
YDR180W,YAR007C,1,-3.8298078,0.11441441625356674,0.6349999904632568,0.49149999022483826
YOR103C,YMR319C,0,-3.8298528,0.11439380049705505,0.6349999904632568,0.49160000681877136
YOR140W,YDR252W,0,-3.8300266,0.11437319964170456,0.6349999904632568,0.4916999936103821
YDR364C,YLR438C-A,0,-3.83016,0.11435259878635406,0.6349999904632568,0.4918000102043152
YKR052C,YOR270C,0,-3.8303242,0.11433201283216476,0.6349999904632568,0.4918999969959259
YKR085C,YLL041C,0,-3.830641,0.11431143432855606,0.6349999904632568,0.492000013589859
YLR221C,YLL006W,0,-3.8311102,0.11429085582494736,0.6349999904632568,0.4921000003814697
YDR443C,YPL093W,0,-3.8311894,0.11427029222249985,0.6349999904632568,0.49219998717308044
YLR424W,YOR020C,0,-3.8313441,0.11424972862005234,0.6349999904632568,0.49230000376701355
YHR008C,YMR060C,0,-3.8317454,0.11422917991876602,0.6349999904632568,0.49239999055862427
YDR113C,YBR073W,1,-3.832167,0.11438848823308945,0.6359999775886536,0.49239999055862427
YDR484W,YDL223C,0,-3.8322246,0.11436791718006134,0.6359999775886536,0.4925000071525574
YGR085C,YPL042C,0,-3.832398,0.11434735357761383,0.6359999775886536,0.4925999939441681
YBL061C,YHR034C,0,-3.8324907,0.11432680487632751,0.6359999775886536,0.4927000105381012
YLR117C,YDL052C,0,-3.8330784,0.1143062561750412,0.6359999775886536,0.4927999973297119
YOR100C,YNR030W,0,-3.8331532,0.11428571492433548,0.6359999775886536,0.492900013923645
YGR048W,YDR043C,0,-3.8336751,0.11426518112421036,0.6359999775886536,0.49300000071525574
YPL015C,YOL090W,1,-3.8339853,0.11442428827285767,0.6370000243186951,0.49300000071525574
YPR005C,YLR248W,0,-3.8341162,0.11440373212099075,0.6370000243186951,0.49309998750686646
YDL113C,YPL098C,0,-3.834168,0.11438319087028503,0.6370000243186951,0.49320000410079956
YNR001C,YHR041C,0,-3.8342087,0.11436265707015991,0.6370000243186951,0.4932999908924103
YKR087C,YAL024C,0,-3.834439,0.11434213072061539,0.6370000243186951,0.4934000074863434
YPL015C,YDR113C,1,-3.8346498,0.11450107395648956,0.6380000114440918,0.4934000074863434
YCR028C,YMR319C,0,-3.8348496,0.11448053270578384,0.6380000114440918,0.4934999942779541
YOL105C,YCR009C,0,-3.8351219,0.11445999145507812,0.6380000114440918,0.4936000108718872
YJL187C,YCR075C,0,-3.835148,0.1144394651055336,0.6380000114440918,0.4936999976634979
YHR099W,YGR200C,0,-3.8351638,0.11441893875598907,0.6380000114440918,0.49380001425743103
YPL151C,YCL032W,0,-3.8352413,0.11439841985702515,0.6380000114440918,0.49390000104904175
YBL047C,YLR353W,0,-3.8352416,0.11437791585922241,0.6380000114440918,0.49399998784065247
YMR175W,YBR059C,0,-3.8354704,0.11435741186141968,0.6380000114440918,0.49410000443458557
YHL028W,YPR122W,0,-3.8356607,0.11433691531419754,0.6380000114440918,0.4941999912261963
YDR363W-A,YPR009W,0,-3.8357646,0.1143164336681366,0.6380000114440918,0.4943000078201294
YOL124C,YOR037W,0,-3.8360097,0.11429595202207565,0.6380000114440918,0.4943999946117401
YKL193C,YDR377W,0,-3.8360682,0.1142754778265953,0.6380000114440918,0.4945000112056732
YJL124C,YCR020W-B,0,-3.8363335,0.11425501108169556,0.6380000114440918,0.49459999799728394
YHR129C,YGR244C,0,-3.8363562,0.114234559237957,0.6380000114440918,0.49470001459121704
YGR216C,YBL034C,0,-3.836665,0.11421410739421844,0.6380000114440918,0.49480000138282776
YDR416W,YDL017W,0,-3.8367298,0.11419366300106049,0.6380000114440918,0.4948999881744385
YLR191W,YGL233W,0,-3.8367717,0.11417322605848312,0.6380000114440918,0.4950000047683716
YDR085C,YDR183W,0,-3.8369687,0.11415279656648636,0.6380000114440918,0.4950999915599823
YPR007C,YDL216C,0,-3.8370383,0.11413238197565079,0.6380000114440918,0.4952000081539154
YDR235W,YMR092C,0,-3.8370614,0.11411196738481522,0.6380000114440918,0.4952999949455261
YPL127C,YOL068C,1,-3.8373811,0.11427038908004761,0.6389999985694885,0.4952999949455261
YPL122C,YBR182C,0,-3.8373868,0.11424995213747025,0.6389999985694885,0.49540001153945923
YGR231C,YGL063W,0,-3.8374412,0.11422953009605408,0.6389999985694885,0.49549999833106995
YDR060W,YKL197C,0,-3.8376515,0.1142091155052185,0.6389999985694885,0.49559998512268066
YOL080C,YDR392W,0,-3.8376865,0.11418870836496353,0.6389999985694885,0.49570000171661377
YCR092C,YML095C,1,-3.8385112,0.11434697359800339,0.6399999856948853,0.49570000171661377
YFL008W,YNL072W,0,-3.838662,0.11432654410600662,0.6399999856948853,0.4957999885082245
YJR103W,YNL128W,0,-3.838742,0.11430612951517105,0.6399999856948853,0.4959000051021576
YDR194C,YPR186C,0,-3.8388383,0.11428571492433548,0.6399999856948853,0.4959999918937683
YOL027C,YER049W,0,-3.83913,0.1142653077840805,0.6399999856948853,0.4961000084877014
YER171W,YNR002C,0,-3.8392768,0.11424491554498672,0.6399999856948853,0.49619999527931213
YBR155W,YIL115C,0,-3.839339,0.11422452330589294,0.6399999856948853,0.49630001187324524
YOL097C,YJL089W,0,-3.8393486,0.11420413851737976,0.6399999856948853,0.49639999866485596
YML059C,YDR296W,0,-3.8395402,0.11418376117944717,0.6399999856948853,0.4964999854564667
YDR180W,YMR224C,1,-3.839627,0.11434177309274673,0.640999972820282,0.4964999854564667
YPL194W,YER173W,1,-3.839792,0.11449973285198212,0.6420000195503235,0.4964999854564667
YKR087C,YLR424W,0,-3.8398385,0.11447931826114655,0.6420000195503235,0.4966000020503998
YGL163C,YOR354C,1,-3.8400848,0.11463718861341476,0.6430000066757202,0.4966000020503998
YKL165C,YGR230W,0,-3.8405,0.114616759121418,0.6430000066757202,0.4966999888420105
YOR103C,YDR120C,0,-3.840924,0.11459632962942123,0.6430000066757202,0.4968000054359436
YBR258C,YNR049C,0,-3.840952,0.11457590758800507,0.6430000066757202,0.4968999922275543
YAR007C,YBR279W,1,-3.8409936,0.11473365128040314,0.6439999938011169,0.4968999922275543
YOL033W,YBR156C,0,-3.8410738,0.11471321433782578,0.6439999938011169,0.4970000088214874
YHR167W,YOL006C,1,-3.8413937,0.11487088352441788,0.6449999809265137,0.4970000088214874
YEL066W,YHR174W,0,-3.8414235,0.11485042423009872,0.6449999809265137,0.49709999561309814
YIR010W,YOR025W,0,-3.841509,0.11482997983694077,0.6449999809265137,0.49720001220703125
YPR182W,YER174C,0,-3.841531,0.1148095428943634,0.6449999809265137,0.49729999899864197
YJR121W,YIL084C,0,-3.841688,0.11478910595178604,0.6449999809265137,0.4973999857902527
YDR039C,YPR137W,0,-3.8417494,0.11476868391036987,0.6449999809265137,0.4975000023841858
YDR376W,YPL031C,0,-3.8417687,0.1147482618689537,0.6449999809265137,0.4975999891757965
YML113W,YPL235W,0,-3.8418396,0.11472785472869873,0.6449999809265137,0.4977000057697296
YDR243C,YOR259C,0,-3.842,0.11470745503902435,0.6449999809265137,0.49779999256134033
YPL131W,YLL034C,0,-3.842066,0.11468705534934998,0.6449999809265137,0.49790000915527344
YBL058W,YOL156W,0,-3.842932,0.1146666631102562,0.6449999809265137,0.49799999594688416
YGL192W,YJR050W,0,-3.843041,0.11464628577232361,0.6449999809265137,0.49810001254081726
YHR187W,YJL209W,0,-3.8430548,0.11462590843439102,0.6449999809265137,0.498199999332428
YHR041C,YIL013C,0,-3.8431094,0.11460554599761963,0.6449999809265137,0.4982999861240387
YPR042C,YNL020C,0,-3.843126,0.11458518356084824,0.6449999809265137,0.4984000027179718
YBL046W,YDL198C,0,-3.8431551,0.11456482857465744,0.6449999809265137,0.4984999895095825
YDR072C,YHR006W,0,-3.8435595,0.11454448848962784,0.6449999809265137,0.4986000061035156
YAL033W,YBR082C,0,-3.8435857,0.11452414840459824,0.6449999809265137,0.49869999289512634
YJR103W,YNL039W,0,-3.8436546,0.11450381577014923,0.6449999809265137,0.49880000948905945
YMR135C,YCR002C,0,-3.8439684,0.11448349058628082,0.6449999809265137,0.49889999628067017
YBR079C,YLR417W,0,-3.8441951,0.11446317285299301,0.6449999809265137,0.49900001287460327
YHR152W,YBR179C,0,-3.8442695,0.1144428700208664,0.6449999809265137,0.499099999666214
YGL163C,YIR025W,1,-3.8445947,0.11459996551275253,0.6460000276565552,0.499099999666214
YDR078C,YPL040C,0,-3.8446538,0.11457964032888412,0.6460000276565552,0.4991999864578247
YMR054W,YER040W,0,-3.8448927,0.11455932259559631,0.6460000276565552,0.4993000030517578
YJL173C,YDL185W,1,-3.8449075,0.1147163137793541,0.6470000147819519,0.4993000030517578
YBL058W,YGR020C,0,-3.8450038,0.1146959736943245,0.6470000147819519,0.49939998984336853
YLR154C,YGR258C,0,-3.8450668,0.11467564851045609,0.6470000147819519,0.49950000643730164
YNL310C,YOR073W,0,-3.8451474,0.11465532332658768,0.6470000147819519,0.49959999322891235
YBL005W,YBR212W,0,-3.8451636,0.11463501304388046,0.6470000147819519,0.49970000982284546
YAR007C,YNL082W,1,-3.845226,0.11479184776544571,0.6480000019073486,0.49970000982284546
YIR025W,YER147C,1,-3.8452957,0.11494863778352737,0.6489999890327454,0.49970000982284546
YCL025C,YER030W,0,-3.8454115,0.11492828279733658,0.6489999890327454,0.4997999966144562
YOR334W,YDR212W,0,-3.845606,0.11490793526172638,0.6489999890327454,0.4999000132083893
YBL051C,YLR135W,0,-3.845824,0.11488758772611618,0.6489999890327454,0.5
YGL013C,YJL065C,0,-3.8459103,0.11486725509166718,0.6489999890327454,0.5001000165939331
YNL298W,YMR202W,0,-3.8459184,0.11484692990779877,0.6489999890327454,0.5001999735832214
YEL062W,YBL082C,0,-3.8459966,0.11482661217451096,0.6489999890327454,0.5002999901771545
YOR089C,YGL249W,0,-3.846068,0.11480629444122314,0.6489999890327454,0.5004000067710876
YDL154W,YDR076W,1,-3.846183,0.1149628609418869,0.6499999761581421,0.5004000067710876
YBL061C,YGR199W,0,-3.8464286,0.1149425283074379,0.6499999761581421,0.5005000233650208
YKL165C,YLR007W,0,-3.8464534,0.11492220312356949,0.6499999761581421,0.5005999803543091
YJR125C,YJL033W,0,-3.8465765,0.11490189284086227,0.6499999761581421,0.5006999969482422
YGR004W,YHR073W,0,-3.8465905,0.11488158255815506,0.6499999761581421,0.5008000135421753
YOR210W,YPL161C,0,-3.8467674,0.11486127972602844,0.6499999761581421,0.5008999705314636
YPL140C,YJL128C,0,-3.8468788,0.11484099179506302,0.6499999761581421,0.5009999871253967
YOR386W,YDR343C,0,-3.8471463,0.1148207038640976,0.6499999761581421,0.5011000037193298
YIR018W,YDR464W,0,-3.8475196,0.11480042338371277,0.6499999761581421,0.5012000203132629
YPR031W,YKR079C,0,-3.8475614,0.11478015035390854,0.6499999761581421,0.5012999773025513
YGR246C,YIR004W,0,-3.847627,0.1147598847746849,0.6499999761581421,0.5013999938964844
YML036W,YBR112C,0,-3.8477056,0.11473962664604187,0.6499999761581421,0.5015000104904175
YER028C,YDL198C,0,-3.8478081,0.11471937596797943,0.6499999761581421,0.5016000270843506
YHR193C,YDR265W,0,-3.8478615,0.11469913274049759,0.6499999761581421,0.5016999840736389
YDR358W,YPR171W,0,-3.8478897,0.11467889696359634,0.6499999761581421,0.501800000667572
YKL059C,YAL058W,0,-3.8481095,0.1146586686372757,0.6499999761581421,0.5019000172615051
YIR033W,YBR234C,0,-3.8482354,0.11463844776153564,0.6499999761581421,0.5019999742507935
YOR089C,YDR256C,0,-3.8485546,0.11461823433637619,0.6499999761581421,0.5020999908447266
YJL133W,YMR267W,0,-3.848611,0.11459802836179733,0.6499999761581421,0.5022000074386597
YOL068C,YER147C,1,-3.8486226,0.1147540956735611,0.6510000228881836,0.5022000074386597
YDL236W,YDR256C,0,-3.8489363,0.11473387479782104,0.6510000228881836,0.5023000240325928
YIL128W,YGR095C,0,-3.849055,0.114713653922081,0.6510000228881836,0.5023999810218811
YOR156C,YMR162C,0,-3.8492005,0.11469344794750214,0.6510000228881836,0.5024999976158142
YDR448W,YPL083C,0,-3.8493602,0.11467324197292328,0.6510000228881836,0.5026000142097473
YDR052C,YJL041W,0,-3.849506,0.11465304344892502,0.6510000228881836,0.5026999711990356
YPL015C,YML095C,1,-3.8495927,0.11480894684791565,0.6520000100135803,0.5026999711990356
YKR099W,YBR279W,1,-3.8496768,0.1149647906422615,0.652999997138977,0.5026999711990356
YOL121C,YOR081C,0,-3.8498724,0.11494455486536026,0.652999997138977,0.5027999877929688
YLR382C,YDR283C,0,-3.8498814,0.11492431908845901,0.652999997138977,0.5029000043869019
YML110C,YPR178W,0,-3.8500812,0.11490409821271896,0.652999997138977,0.503000020980835
YDR251W,YPL026C,0,-3.8501117,0.11488388478755951,0.652999997138977,0.5030999779701233
YLR047C,YNL107W,0,-3.8505623,0.11486367881298065,0.652999997138977,0.5031999945640564
YML059C,YGR004W,0,-3.8506145,0.1148434728384018,0.652999997138977,0.5033000111579895
YHR166C,YDR256C,0,-3.8506496,0.11482328176498413,0.652999997138977,0.5034000277519226
YBR244W,YGL071W,0,-3.8508732,0.11480309069156647,0.652999997138977,0.5034999847412109
YML058W,YNL054W,0,-3.8508813,0.11478291451931,0.652999997138977,0.503600001335144
YJL029C,YIR018W,0,-3.851166,0.11476273834705353,0.652999997138977,0.5037000179290771
YPR007C,YHL006C,0,-3.8513339,0.11474257707595825,0.652999997138977,0.5037999749183655
YNL145W,YAL043C,0,-3.851671,0.11472241580486298,0.652999997138977,0.5038999915122986
YPR005C,YOR367W,0,-3.8517945,0.1147022694349289,0.652999997138977,0.5040000081062317
YOR144C,YPR164W,1,-3.851849,0.1148577481508255,0.6539999842643738,0.5040000081062317
YNL009W,YBR135W,0,-3.8519216,0.11483757942914963,0.6539999842643738,0.5041000247001648
YGR211W,YOR020C,0,-3.8520272,0.11481741815805435,0.6539999842643738,0.5041999816894531
YFL025C,YPR016C,0,-3.8521173,0.11479726433753967,0.6539999842643738,0.5042999982833862
YMR128W,YLR005W,0,-3.852205,0.11477711796760559,0.6539999842643738,0.5044000148773193
YML049C,YIL106W,0,-3.8522873,0.11475697159767151,0.6539999842643738,0.5044999718666077
YOR260W,YDR030C,0,-3.8524704,0.11473684012889862,0.6539999842643738,0.5045999884605408
YHR042W,YBR006W,0,-3.8525746,0.11471671611070633,0.6539999842643738,0.5047000050544739
YHR050W,YPR068C,0,-3.8526783,0.11469659954309464,0.6539999842643738,0.504800021648407
YKL025C,YCR093W,0,-3.853184,0.11467648297548294,0.6539999842643738,0.5048999786376953
YNL243W,YIL139C,0,-3.8532088,0.11465638130903244,0.6539999842643738,0.5049999952316284
YKL192C,YGL017W,0,-3.853289,0.11463628709316254,0.6539999842643738,0.5051000118255615
YDR273W,YOR047C,0,-3.8533123,0.11461619287729263,0.6539999842643738,0.5052000284194946
YPR122W,YGL167C,0,-3.8533971,0.11459611356258392,0.6539999842643738,0.505299985408783
YMR201C,YPL031C,0,-3.8539064,0.11457603424787521,0.6539999842643738,0.5054000020027161
YDR145W,YOR078W,0,-3.8539755,0.1145559623837471,0.6539999842643738,0.5055000185966492
YMR006C,YHR012W,0,-3.8541815,0.11453590542078018,0.6539999842643738,0.5055999755859375
YGR092W,YML074C,0,-3.8541877,0.11451584845781326,0.6539999842643738,0.5056999921798706
YJL090C,YDR113C,1,-3.8543732,0.11467086523771286,0.6549999713897705,0.5056999921798706
YPL152W,YDR194C,0,-3.8544433,0.11465079337358475,0.6549999713897705,0.5058000087738037
YEL036C,YOR117W,0,-3.8544714,0.11463072896003723,0.6549999713897705,0.5059000253677368
YOR288C,YPL270W,0,-3.8546972,0.11461067199707031,0.6549999713897705,0.5059999823570251
YHR188C,YGR158C,0,-3.8549306,0.11459062248468399,0.6549999713897705,0.5060999989509583
YDR419W,YJL133W,0,-3.8551638,0.11457058042287827,0.6549999713897705,0.5062000155448914
YDR013W,YPL153C,0,-3.8551843,0.11455054581165314,0.6549999713897705,0.5062999725341797
YLR272C,YBL004W,0,-3.8553112,0.11453051120042801,0.6549999713897705,0.5063999891281128
YFR028C,YDR145W,0,-3.8553576,0.11451049149036407,0.6549999713897705,0.5065000057220459
YMR015C,YGR244C,0,-3.8554108,0.11449047178030014,0.6549999713897705,0.506600022315979
YCR066W,YLL006W,0,-3.855636,0.1144704669713974,0.6549999713897705,0.5066999793052673
YDR138W,YDR289C,1,-3.8557625,0.11462519317865372,0.656000018119812,0.5066999793052673
YDR481C,YJL125C,0,-3.8557642,0.11460517346858978,0.656000018119812,0.5067999958992004
YGR081C,YFR019W,0,-3.8558095,0.11458515375852585,0.656000018119812,0.5069000124931335
YEL066W,YGR170W,0,-3.8560872,0.11456514149904251,0.656000018119812,0.5070000290870667
YPL015C,YDR097C,1,-3.8562057,0.11471974849700928,0.6570000052452087,0.5070000290870667
YKL201C,YPL115C,0,-3.8562639,0.11469972133636475,0.6570000052452087,0.507099986076355
YCR084C,YNR054C,0,-3.8562772,0.11467970162630081,0.6570000052452087,0.5072000026702881
YDR060W,YOR103C,0,-3.8563178,0.11465968936681747,0.6570000052452087,0.5073000192642212
YOR279C,YDR256C,0,-3.8566074,0.11463967710733414,0.6570000052452087,0.5073999762535095
YBR006W,YDR182W,0,-3.8574119,0.114619679749012,0.6570000052452087,0.5074999928474426
YJL139C,YKR089C,0,-3.8579304,0.11459968239068985,0.6570000052452087,0.5076000094413757
YKL213C,YIL115C,0,-3.858053,0.1145796999335289,0.6570000052452087,0.5077000260353088
YIL072W,YBR170C,0,-3.8584003,0.11455971747636795,0.6570000052452087,0.5077999830245972
YDR421W,YBR085W,0,-3.8585792,0.1145397499203682,0.6570000052452087,0.5078999996185303
YOR034C,YML088W,0,-3.8585823,0.11451978236436844,0.6570000052452087,0.5080000162124634
YDR164C,YLR106C,0,-3.858608,0.11449982225894928,0.6570000052452087,0.5080999732017517
YAL001C,YBR041W,0,-3.858689,0.11447987705469131,0.6570000052452087,0.5081999897956848
YCR027C,YGL169W,0,-3.8588111,0.11445993185043335,0.6570000052452087,0.5083000063896179
YOL066C,YJL214W,0,-3.858847,0.11443999409675598,0.6570000052452087,0.508400022983551
YJL014W,YOR363C,0,-3.8589156,0.11442006379365921,0.6570000052452087,0.5084999799728394
YOL011W,YDR358W,0,-3.858948,0.11440014094114304,0.6570000052452087,0.5085999965667725
YML058W,YDR437W,0,-3.8590305,0.11438022553920746,0.6570000052452087,0.5087000131607056
YJL176C,YBR080C,0,-3.8595812,0.11436031013727188,0.6570000052452087,0.5088000297546387
YNL147W,YOR132W,0,-3.8597038,0.1143404096364975,0.6570000052452087,0.508899986743927
YBR172C,YML021C,0,-3.85993,0.11432051658630371,0.6570000052452087,0.5090000033378601
YKL165C,YKR025W,0,-3.8599396,0.11430062353610992,0.6570000052452087,0.5091000199317932
YMR137C,YER026C,0,-3.859954,0.11428074538707733,0.6570000052452087,0.5091999769210815
YCR018C,YLR145W,0,-3.8603518,0.11426086723804474,0.6570000052452087,0.5092999935150146
YGR014W,YNL259C,0,-3.860656,0.11424100399017334,0.6570000052452087,0.5094000101089478
YDL154W,YNL312W,1,-3.8608813,0.11439499258995056,0.6579999923706055,0.5094000101089478
YOR119C,YAL055W,0,-3.861012,0.11437510699033737,0.6579999923706055,0.5095000267028809
YDL212W,YIL079C,0,-3.8613074,0.11435522884130478,0.6579999923706055,0.5095999836921692
YML057W,YPL271W,0,-3.8613162,0.11433535814285278,0.6579999923706055,0.5097000002861023
YCR077C,YPL001W,0,-3.8620436,0.11431549489498138,0.6579999923706055,0.5098000168800354
YER001W,YAL020C,0,-3.8621006,0.11429563909769058,0.6579999923706055,0.5098999738693237
YLR451W,YGL097W,0,-3.8626053,0.11427579075098038,0.6579999923706055,0.5099999904632568
YLL013C,YNL107W,0,-3.8629296,0.11425594985485077,0.6579999923706055,0.5101000070571899
YIL053W,YDR422C,0,-3.862943,0.11423610895872116,0.6579999923706055,0.510200023651123
YDL165W,YAL015C,0,-3.8629887,0.11421628296375275,0.6579999923706055,0.5102999806404114
YLR182W,YHR085W,0,-3.8630126,0.11419645696878433,0.6579999923706055,0.5103999972343445
YLR272C,YER165W,0,-3.8630383,0.11417664587497711,0.6579999923706055,0.5105000138282776
YHR030C,YOR281C,0,-3.8631246,0.11415683478116989,0.6579999923706055,0.5105999708175659
YHR135C,YKL053C-A,0,-3.863302,0.11413703113794327,0.6579999923706055,0.510699987411499
YBL008W,YHR169W,0,-3.863428,0.11411724239587784,0.6579999923706055,0.5108000040054321
YKL053C-A,YGL070C,0,-3.8634722,0.11409745365381241,0.6579999923706055,0.5109000205993652
YDL077C,YBL020W,0,-3.863654,0.11407767236232758,0.6579999923706055,0.5109999775886536
YLR398C,YAL034W-A,0,-3.8638465,0.11405789852142334,0.6579999923706055,0.5110999941825867
YMR224C,YDR289C,1,-3.8639424,0.11421144008636475,0.6589999794960022,0.5110999941825867
YDL028C,YOL064C,0,-3.8640907,0.11419165134429932,0.6589999794960022,0.5112000107765198
YGR239C,YMR168C,0,-3.8643086,0.11417186260223389,0.6589999794960022,0.5113000273704529
YLR330W,YJR103W,0,-3.8645048,0.11415208876132965,0.6589999794960022,0.5113999843597412
YBL034C,YMR241W,0,-3.8645358,0.11413231492042542,0.6589999794960022,0.5115000009536743
YER104W,YBR073W,1,-3.864679,0.11428571492433548,0.6600000262260437,0.5115000009536743
YDR129C,YJR118C,0,-3.8647635,0.11426592618227005,0.6600000262260437,0.5116000175476074
YOL089C,YJL214W,0,-3.8649714,0.11424614489078522,0.6600000262260437,0.5116999745368958
YPL181W,YLL050C,0,-3.8651671,0.11422637850046158,0.6600000262260437,0.5117999911308289
YBL046W,YKL220C,0,-3.8652813,0.11420661211013794,0.6600000262260437,0.511900007724762
YJR158W,YBR236C,0,-3.865285,0.1141868531703949,0.6600000262260437,0.5120000243186951
YPL015C,YER104W,1,-3.8656762,0.11434008181095123,0.6610000133514404,0.5120000243186951
YLL061W,YOL125W,0,-3.8660662,0.114320307970047,0.6610000133514404,0.5120999813079834
YNR034W,YOR367W,0,-3.8661773,0.11430053412914276,0.6610000133514404,0.5121999979019165
YMR301C,YHR066W,0,-3.8661926,0.11428077518939972,0.6610000133514404,0.5123000144958496
YHR067W,YLR295C,0,-3.8662627,0.11426101624965668,0.6610000133514404,0.5123999714851379
YJL168C,YDL208W,0,-3.8666046,0.11424127221107483,0.6610000133514404,0.512499988079071
YJL187C,YDL097C,0,-3.8667815,0.11422152817249298,0.6610000133514404,0.5126000046730042
YDR369C,YDL164C,1,-3.8669636,0.1143745705485344,0.6620000004768372,0.5126000046730042
YOR259C,YJR033C,0,-3.8670356,0.11435481160879135,0.6620000004768372,0.5127000212669373
YER177W,YDR179C,0,-3.8674471,0.1143350601196289,0.6620000004768372,0.5127999782562256
YIR025W,YJL173C,1,-3.8676624,0.11448799818754196,0.6629999876022339,0.5127999782562256
YJL210W,YPL176C,0,-3.8679283,0.11446823179721832,0.6629999876022339,0.5128999948501587
YOR008C,YLR382C,0,-3.868144,0.11444847285747528,0.6629999876022339,0.5130000114440918
YNL257C,YAL043C,0,-3.8682063,0.11442872136831284,0.6629999876022339,0.5131000280380249
YDR164C,YPL160W,0,-3.8687787,0.11440896987915039,0.6629999876022339,0.5131999850273132
YHL003C,YJL127C,0,-3.8690827,0.11438923329114914,0.6629999876022339,0.5133000016212463
YGR024C,YDR259C,0,-3.8694284,0.11436950415372849,0.6629999876022339,0.5134000182151794
YNL009W,YNR034W,0,-3.8694487,0.11434977501630783,0.6629999876022339,0.5134999752044678
YOL010W,YCR075C,0,-3.8702385,0.11433005332946777,0.6629999876022339,0.5135999917984009
YLR298C,YCR018C,0,-3.8702924,0.11431034654378891,0.6629999876022339,0.513700008392334
YNL245C,YLR133W,0,-3.870706,0.11429063975811005,0.6629999876022339,0.5138000249862671
YOR122C,YDR120C,0,-3.8711898,0.11427094042301178,0.6629999876022339,0.5138999819755554
YGL233W,YOR204W,0,-3.8714597,0.11425124853849411,0.6629999876022339,0.5139999985694885
YKL205W,YHR031C,0,-3.871575,0.11423156410455704,0.6629999876022339,0.5141000151634216
YML047C,YCL016C,0,-3.8716457,0.11421188712120056,0.6629999876022339,0.51419997215271
YDL003W,YPR179C,0,-3.8717582,0.11419221758842468,0.6629999876022339,0.5142999887466431
YJR057W,YDR040C,0,-3.8718245,0.1141725480556488,0.6629999876022339,0.5144000053405762
YDR378C,YDR489W,0,-3.8718288,0.11415289342403412,0.6629999876022339,0.5145000219345093
YIR025W,YOL006C,1,-3.8718324,0.11430539190769196,0.6639999747276306,0.5145000219345093
YNL323W,YLR060W,0,-3.871833,0.11428571492433548,0.6639999747276306,0.5145999789237976
YEL036C,YDR194C,0,-3.8725426,0.1142660453915596,0.6639999747276306,0.5146999955177307
YBL106C,YBL105C,0,-3.8727734,0.11424638330936432,0.6639999747276306,0.5148000121116638
YKR022C,YHR174W,0,-3.8730023,0.11422673612833023,0.6639999747276306,0.5149000287055969
YDR488C,YGL094C,0,-3.8730428,0.11420708894729614,0.6639999747276306,0.5149999856948853
YMR165C,YMR197C,0,-3.87306,0.11418744921684265,0.6639999747276306,0.5151000022888184
YBL058W,YHR172W,0,-3.8731055,0.11416780948638916,0.6639999747276306,0.5152000188827515
YBL008W,YOR116C,0,-3.8731177,0.11414818465709686,0.6639999747276306,0.5152999758720398
YOL090W,YOL072W,1,-3.8731258,0.1143004447221756,0.6650000214576721,0.5152999758720398
YNL307C,YHR082C,0,-3.873148,0.1142808049917221,0.6650000214576721,0.5153999924659729
YOR129C,YGL158W,0,-3.8732796,0.11426116526126862,0.6650000214576721,0.515500009059906
YBL084C,YER040W,0,-3.873644,0.11424154043197632,0.6650000214576721,0.5156000256538391
YLR220W,YML104C,0,-3.8737702,0.11422191560268402,0.6650000214576721,0.5156999826431274
YBR207W,YGR091W,0,-3.8738382,0.11420229822397232,0.6650000214576721,0.5157999992370605
YLR043C,YJL003W,0,-3.8740647,0.11418269574642181,0.6650000214576721,0.5159000158309937
YDR331W,YHR158C,0,-3.874184,0.11416309326887131,0.6650000214576721,0.515999972820282
YMR273C,YLR133W,0,-3.8742394,0.1141434982419014,0.6650000214576721,0.5160999894142151
YOR308C,YDR436W,0,-3.874422,0.11412390321493149,0.6650000214576721,0.5162000060081482
YNL282W,YJL128C,0,-3.8744824,0.11410432308912277,0.6650000214576721,0.5163000226020813
YNL037C,YOR259C,0,-3.8749754,0.11408475041389465,0.6650000214576721,0.5163999795913696
YJR002W,YIL034C,0,-3.8750658,0.11406517773866653,0.6650000214576721,0.5164999961853027
YOR208W,YNL283C,0,-3.8751044,0.11404561996459961,0.6650000214576721,0.5166000127792358
YOR144C,YNL330C,1,-3.8751109,0.11419752985239029,0.6660000085830688,0.5166000127792358
YHR205W,YLR427W,0,-3.8751612,0.11417794972658157,0.6660000085830688,0.516700029373169
YNL270C,YJR001W,0,-3.8752944,0.11415838450193405,0.6660000085830688,0.5167999863624573
YOR274W,YNL232W,0,-3.8757875,0.11413881927728653,0.6660000085830688,0.5169000029563904
YDR116C,YEL024W,0,-3.8759809,0.1141192615032196,0.6660000085830688,0.5170000195503235
YGL019W,YBL103C,0,-3.8759854,0.11409971117973328,0.6660000085830688,0.5170999765396118
YIR025W,YDL185W,1,-3.8760183,0.11425145715475082,0.6669999957084656,0.5170999765396118
YNL309W,YPL110C,0,-3.8761601,0.1142318919301033,0.6669999957084656,0.5171999931335449
YDR083W,YPL267W,0,-3.8762534,0.11421232670545578,0.6669999957084656,0.517300009727478
YLR069C,YGL122C,0,-3.8763745,0.11419277638196945,0.6669999957084656,0.5174000263214111
YLR276C,YHR001W-A,0,-3.8765986,0.11417322605848312,0.6669999957084656,0.5174999833106995
YMR109W,YHR031C,0,-3.8770351,0.11415369063615799,0.6669999957084656,0.5175999999046326
YMR038C,YPL028W,0,-3.877144,0.11413415521383286,0.6669999957084656,0.5177000164985657
YGR258C,YDL153C,0,-3.8773975,0.11411462724208832,0.6669999957084656,0.517799973487854
YCR008W,YMR053C,0,-3.8774617,0.11409510672092438,0.6669999957084656,0.5178999900817871
YJR143C,YOR037W,0,-3.878126,0.11407559365034103,0.6669999957084656,0.5180000066757202
YDR172W,YHR006W,0,-3.8781612,0.11405608803033829,0.6669999957084656,0.5181000232696533
YKR061W,YHR188C,0,-3.878166,0.11403658986091614,0.6669999957084656,0.5181999802589417
YIL079C,YPR199C,0,-3.878466,0.11401709169149399,0.6669999957084656,0.5182999968528748
YIR009W,YDR052C,0,-3.8786771,0.11399760842323303,0.6669999957084656,0.5184000134468079
YOR084W,YDR423C,0,-3.8787713,0.11397812515497208,0.6669999957084656,0.5184999704360962
YDR145W,YPL174C,0,-3.8803954,0.11395865678787231,0.6669999957084656,0.5185999870300293
YMR137C,YPL217C,0,-3.8810391,0.11393918842077255,0.6669999957084656,0.5187000036239624
YBL003C,YOR315W,0,-3.8816044,0.11391972750425339,0.6669999957084656,0.5188000202178955
YPL194W,YOL072W,1,-3.881784,0.11407104134559631,0.6679999828338623,0.5188000202178955
YNL312W,YML062C,1,-3.8817947,0.11422229558229446,0.6690000295639038,0.5188000202178955
YNL036W,YJL164C,0,-3.8819335,0.11420279741287231,0.6690000295639038,0.5188999772071838
YDL217C,YPL007C,0,-3.8820298,0.11418330669403076,0.6690000295639038,0.5189999938011169
YBR009C,YGL122C,0,-3.8821752,0.1141638234257698,0.6690000295639038,0.51910001039505
YKL213C,YGR252W,0,-3.882189,0.11414434760808945,0.6690000295639038,0.5192000269889832
YDR016C,YML081C-A,0,-3.882232,0.11412487179040909,0.6690000295639038,0.5192999839782715
YPL106C,YGL144C,0,-3.882396,0.11410540342330933,0.6690000295639038,0.5194000005722046
YNL098C,YPR137W,0,-3.8826487,0.11408594995737076,0.6690000295639038,0.5195000171661377
YDR113C,YOR033C,1,-3.8829975,0.1142369955778122,0.6700000166893005,0.5195000171661377
YOL113W,YIL075C,0,-3.8832371,0.11421752721071243,0.6700000166893005,0.519599974155426
YER164W,YDR384C,0,-3.883239,0.11419805884361267,0.6700000166893005,0.5196999907493591
YER075C,YDL188C,0,-3.883297,0.1141785979270935,0.6700000166893005,0.5198000073432922
YGR013W,YDL232W,0,-3.8834827,0.11415914446115494,0.6700000166893005,0.5199000239372253
YHL009C,YOL093W,0,-3.8835962,0.11413969099521637,0.6700000166893005,0.5199999809265137
YOL144W,YPR154W,0,-3.8836884,0.114120252430439,0.6700000166893005,0.5200999975204468
YPL159C,YBR193C,0,-3.8837898,0.11410081386566162,0.6700000166893005,0.5202000141143799
YDL134C,YDR130C,0,-3.8841105,0.11408139020204544,0.6700000166893005,0.5202999711036682
YDL002C,YKL026C,0,-3.884114,0.11406196653842926,0.6700000166893005,0.5203999876976013
YMR056C,YPL202C,0,-3.8846905,0.11404255032539368,0.6700000166893005,0.5205000042915344
YPL020C,YOR004W,0,-3.8848813,0.11402314156293869,0.6700000166893005,0.5206000208854675
YGL019W,YNL014W,0,-3.8852322,0.1140037402510643,0.6700000166893005,0.5206999778747559
YDR180W,YLR418C,1,-3.8852675,0.11415447294712067,0.6710000038146973,0.5206999778747559
YER145C,YNL048W,0,-3.88535,0.11413505673408508,0.6710000038146973,0.520799994468689
YPR179C,YJR068W,0,-3.8856413,0.1141156479716301,0.6710000038146973,0.5209000110626221
YOR122C,YOR116C,0,-3.885761,0.11409623920917511,0.6710000038146973,0.5210000276565552
YDR422C,YIL017C,0,-3.8859594,0.11407684534788132,0.6710000038146973,0.5210999846458435
YCL025C,YGL094C,0,-3.886365,0.11405745148658752,0.6710000038146973,0.5212000012397766
YDR419W,YJL115W,0,-3.886562,0.11403807252645493,0.6710000038146973,0.5213000178337097
YGL044C,YOR081C,0,-3.8866935,0.11401869356632233,0.6710000038146973,0.521399974822998
YFR031C,YOL010W,0,-3.88681,0.11399932205677032,0.6710000038146973,0.5214999914169312
YOL043C,YML060W,0,-3.8868947,0.11397995799779892,0.6710000038146973,0.5216000080108643
YDR175C,YLR340W,0,-3.8872182,0.11396060138940811,0.6710000038146973,0.5217000246047974
YNR034W,YIL135C,0,-3.8874257,0.1139412447810173,0.6710000038146973,0.5217999815940857
YMR048W,YBR106W,0,-3.887492,0.11392190307378769,0.6710000038146973,0.5218999981880188
YPR034W,YIL114C,0,-3.8875465,0.11390256136655807,0.6710000038146973,0.5220000147819519
YLR368W,YOL076W,0,-3.8878696,0.11388323456048965,0.6710000038146973,0.5220999717712402
YIL016W,YGL075C,0,-3.8879442,0.11386390775442123,0.6710000038146973,0.5221999883651733
YJL098W,YNL323W,0,-3.8879824,0.11384458839893341,0.6710000038146973,0.5223000049591064
YGL119W,YBL051C,0,-3.8879983,0.11382527649402618,0.6710000038146973,0.5224000215530396
YGL053W,YDR130C,0,-3.888065,0.11380597203969955,0.6710000038146973,0.5224999785423279
YGR008C,YDR162C,0,-3.888477,0.11378666758537292,0.6710000038146973,0.522599995136261
YNL222W,YIL023C,0,-3.8885074,0.11376737803220749,0.6710000038146973,0.5227000117301941
YHR005C,YOR308C,0,-3.8885615,0.11374809592962265,0.6710000038146973,0.5228000283241272
YGR103W,YNL290W,0,-3.8885639,0.11372881382703781,0.6710000038146973,0.5228999853134155
YDL006W,YDR423C,0,-3.8887455,0.11370953917503357,0.6710000038146973,0.5230000019073486
YOR335C,YOR315W,0,-3.8889277,0.11369027197360992,0.6710000038146973,0.5231000185012817
YML080W,YPL046C,0,-3.8891006,0.11367101222276688,0.6710000038146973,0.5231999754905701
YHR108W,YIL144W,0,-3.8892162,0.11365175992250443,0.6710000038146973,0.5232999920845032
YBL004W,YMR076C,0,-3.889243,0.11363251507282257,0.6710000038146973,0.5234000086784363
YDR147W,YAL034W-A,0,-3.8896365,0.11361327767372131,0.6710000038146973,0.5235000252723694
YPL124W,YMR052W,0,-3.8896506,0.11359404027462006,0.6710000038146973,0.5235999822616577
YHR039C,YDR289C,1,-3.889867,0.11374407261610031,0.671999990940094,0.5235999822616577
YML064C,YGL014W,0,-3.8906682,0.11372482776641846,0.671999990940094,0.5236999988555908
YNL147W,YHR062C,0,-3.8907213,0.1137055829167366,0.671999990940094,0.5238000154495239
YOR068C,YGR257C,0,-3.890729,0.11368634551763535,0.671999990940094,0.5238999724388123
YER038C,YJR019C,0,-3.890938,0.11366711556911469,0.671999990940094,0.5239999890327454
YFL037W,YFL049W,0,-3.8909762,0.11364789307117462,0.671999990940094,0.5241000056266785
YBR133C,YOR081C,0,-3.8915288,0.11362867802381516,0.671999990940094,0.5242000222206116
YML036W,YMR241W,0,-3.8917358,0.11360947042703629,0.671999990940094,0.5242999792098999
YFL008W,YKL139W,0,-3.8918223,0.11359026283025742,0.671999990940094,0.524399995803833
YGL043W,YDL185W,1,-3.8920352,0.11374007165431976,0.6729999780654907,0.524399995803833
YDL161W,YOR377W,0,-3.892105,0.1137208491563797,0.6729999780654907,0.5245000123977661
YAL005C,YBR010W,0,-3.8924978,0.11370164155960083,0.6729999780654907,0.5246000289916992
YDL130W-A,YDR043C,0,-3.8925405,0.11368243396282196,0.6729999780654907,0.5246999859809875
YHR194W,YDR414C,0,-3.8925507,0.11366323381662369,0.6729999780654907,0.5248000025749207
YFL008W,YCR008W,0,-3.8926,0.11364404112100601,0.6729999780654907,0.5249000191688538
YJL090C,YOR033C,1,-3.8928409,0.11379368603229523,0.6740000247955322,0.5249000191688538
YNR016C,YDR414C,0,-3.892887,0.11377447843551636,0.6740000247955322,0.5249999761581421
YOL088C,YOL115W,0,-3.8929574,0.11375527083873749,0.6740000247955322,0.5250999927520752
YGR004W,YER146W,0,-3.8930304,0.11373607814311981,0.6740000247955322,0.5252000093460083
YLR115W,YGL053W,0,-3.893101,0.11371688544750214,0.6740000247955322,0.5253000259399414
YDL130W,YNL288W,0,-3.8931067,0.11369770765304565,0.6740000247955322,0.5253999829292297
YLR117C,YBL051C,0,-3.8931577,0.11367852985858917,0.6740000247955322,0.5254999995231628
YLR003C,YNL130C,0,-3.8932722,0.11365935951471329,0.6740000247955322,0.525600016117096
YPL057C,YEL061C,0,-3.8933527,0.113640196621418,0.6740000247955322,0.5256999731063843
YJL146W,YPL181W,0,-3.893576,0.11362104117870331,0.6740000247955322,0.5257999897003174
YGR004W,YPL267W,0,-3.8938043,0.11360188573598862,0.6740000247955322,0.5259000062942505
YGR258C,YKR089C,0,-3.8941967,0.11358274519443512,0.6740000247955322,0.5260000228881836
YGL194C,YDR337W,0,-3.894274,0.11356360465288162,0.6740000247955322,0.5260999798774719
YGR133W,YNL288W,0,-3.8943875,0.11354447156190872,0.6740000247955322,0.526199996471405
YPL126W,YPR086W,0,-3.8944557,0.11352534592151642,0.6740000247955322,0.5263000130653381
YGL066W,YKR079C,0,-3.8949845,0.11350622773170471,0.6740000247955322,0.5264000296592712
YDR045C,YNL209W,0,-3.8951666,0.1134871169924736,0.6740000247955322,0.5264999866485596
YMR234W,YER111C,0,-3.8952932,0.11346801370382309,0.6740000247955322,0.5266000032424927
YBR119W,YFL037W,0,-3.8953788,0.11344891786575317,0.6740000247955322,0.5267000198364258
YMR093W,YLR105C,0,-3.8956802,0.11342982202768326,0.6740000247955322,0.5267999768257141
YEL036C,YAL020C,0,-3.8956845,0.11341073364019394,0.6740000247955322,0.5268999934196472
YBL061C,YHR006W,0,-3.896022,0.11339165270328522,0.6740000247955322,0.5270000100135803
YBR068C,YPL269W,0,-3.8963,0.11337257921695709,0.6740000247955322,0.5271000266075134
YDL087C,YMR241W,0,-3.8963022,0.11335351318120956,0.6740000247955322,0.5271999835968018
YER089C,YPL138C,0,-3.8964174,0.11333445459604263,0.6740000247955322,0.5273000001907349
YBL004W,YKL007W,0,-3.896683,0.1133154034614563,0.6740000247955322,0.527400016784668
YPL053C,YMR168C,0,-3.896779,0.11329635232686996,0.6740000247955322,0.5274999737739563
YDR285W,YGR247W,0,-3.897248,0.11327730864286423,0.6740000247955322,0.5275999903678894
YMR216C,YJR069C,0,-3.8974383,0.11325827240943909,0.6740000247955322,0.5277000069618225
YLR410W,YLR051C,0,-3.8975046,0.11323924362659454,0.6740000247955322,0.5278000235557556
YKL025C,YPR046W,0,-3.897514,0.1132202222943306,0.6740000247955322,0.527899980545044
YBR109C,YFL021W,0,-3.897693,0.11320120841264725,0.6740000247955322,0.527999997138977
YLL013C,YER030W,0,-3.8979933,0.1131822019815445,0.6740000247955322,0.5281000137329102
YPL055C,YPR068C,0,-3.8980992,0.11316319555044174,0.6740000247955322,0.5281999707221985
YHR154W,YGL043W,1,-3.8981535,0.11331207305192947,0.675000011920929,0.5281999707221985
YLR100W,YPR168W,0,-3.898186,0.11329305171966553,0.675000011920929,0.5282999873161316
YLR216C,YLR133W,0,-3.8984306,0.11327403783798218,0.675000011920929,0.5284000039100647
YGL012W,YBR022W,0,-3.898486,0.11325503140687943,0.675000011920929,0.5285000205039978
YER042W,YIL115C,0,-3.8986864,0.11323603242635727,0.675000011920929,0.5285999774932861
YOR172W,YBR177C,0,-3.8987937,0.11321704089641571,0.675000011920929,0.5286999940872192
YLR100W,YDL105W,0,-3.898877,0.11319805681705475,0.675000011920929,0.5288000106811523
YDR384C,YLL036C,0,-3.898907,0.11317907273769379,0.675000011920929,0.5289000272750854
YBR258C,YML048W,0,-3.8989398,0.11316010355949402,0.675000011920929,0.5289999842643738
YDR083W,YPL138C,0,-3.898947,0.11314113438129425,0.675000011920929,0.5291000008583069
YDR453C,YOR117W,0,-3.8989668,0.11312217265367508,0.675000011920929,0.52920001745224
YDR251W,YDR425W,0,-3.89905,0.1131032183766365,0.675000011920929,0.5292999744415283
YHR042W,YOL020W,0,-3.8990946,0.11308427155017853,0.675000011920929,0.5293999910354614
YER133W,YLL034C,0,-3.899185,0.11306532472372055,0.675000011920929,0.5295000076293945
YDL077C,YNL214W,0,-3.8991969,0.11304639279842377,0.675000011920929,0.5296000242233276
YLR189C,YGR078C,0,-3.899469,0.11302746087312698,0.675000011920929,0.529699981212616
YJL019W,YOR078W,0,-3.899617,0.1130085363984108,0.675000011920929,0.5297999978065491
YPR036W,YMR036C,0,-3.8997548,0.11298961937427521,0.675000011920929,0.5299000144004822
YMR273C,YJL207C,0,-3.8997848,0.11297070980072021,0.675000011920929,0.5299999713897705
YLR189C,YJL125C,0,-3.9004588,0.11295180767774582,0.675000011920929,0.5300999879837036
YHR050W,YPR131C,0,-3.9006832,0.11293291300535202,0.675000011920929,0.5302000045776367
YGR169C,YJR083C,0,-3.900697,0.11291401833295822,0.675000011920929,0.5303000211715698
YFR055W,YDL128W,0,-3.900749,0.11289513111114502,0.675000011920929,0.5303999781608582
YLR011W,YFL055W,0,-3.9008086,0.11287625133991241,0.675000011920929,0.5304999947547913
YER035W,YLR071C,0,-3.9013238,0.1128573790192604,0.675000011920929,0.5306000113487244
YIR002C,YPR199C,0,-3.9015205,0.112838514149189,0.675000011920929,0.5307000279426575
YMR149W,YOL093W,0,-3.9016898,0.11281965672969818,0.675000011920929,0.5307999849319458
YBR026C,YER129W,0,-3.901798,0.11280079931020737,0.675000011920929,0.5309000015258789
YMR038C,YDR356W,0,-3.9021275,0.11278195679187775,0.675000011920929,0.531000018119812
YDR224C,YNL267W,0,-3.9022286,0.11276311427354813,0.675000011920929,0.5310999751091003
YGR072W,YDR227W,0,-3.9023192,0.1127442792057991,0.675000011920929,0.5311999917030334
YOL009C,YCL059C,0,-3.902438,0.11272545158863068,0.675000011920929,0.5313000082969666
YDR129C,YIL084C,0,-3.9025645,0.11270663142204285,0.675000011920929,0.5314000248908997
YBR298C,YNL031C,0,-3.9028895,0.11268781125545502,0.675000011920929,0.531499981880188
YOR330C,YPR082C,0,-3.903109,0.11266900599002838,0.675000011920929,0.5315999984741211
YBR119W,YAL041W,0,-3.9031308,0.11265020072460175,0.675000011920929,0.5317000150680542
YOL068C,YNL139C,1,-3.9032066,0.11279826611280441,0.6759999990463257,0.5317000150680542
YLL006W,YNL014W,0,-3.9032547,0.11277944594621658,0.6759999990463257,0.5317999720573425
YHR188C,YOR063W,0,-3.9036095,0.11276063323020935,0.6759999990463257,0.5318999886512756
YDR481C,YHR001W-A,0,-3.903625,0.11274182796478271,0.6759999990463257,0.5320000052452087
YPL265W,YLR133W,0,-3.9038107,0.11272303014993668,0.6759999990463257,0.5321000218391418
YML028W,YPR182W,0,-3.9039204,0.11270423233509064,0.6759999990463257,0.5321999788284302
YNL012W,YPR052C,0,-3.903968,0.11268544942140579,0.6759999990463257,0.5322999954223633
YDR224C,YIL049W,0,-3.9041603,0.11266666650772095,0.6759999990463257,0.5324000120162964
YGL175C,YNL312W,1,-3.904292,0.1128145307302475,0.6769999861717224,0.5324000120162964
YOR354C,YML095C,1,-3.904445,0.11296234279870987,0.6779999732971191,0.5324000120162964
YLR139C,YDR200C,0,-3.9045293,0.11294353008270264,0.6779999732971191,0.5325000286102295
YBR298C,YJR089W,0,-3.9046128,0.1129247173666954,0.6779999732971191,0.5325999855995178
YPL124W,YJL179W,0,-3.9047391,0.11290591210126877,0.6779999732971191,0.5327000021934509
YMR197C,YPR173C,0,-3.90475,0.11288711428642273,0.6779999732971191,0.532800018787384
YOL023W,YLR452C,0,-3.9052374,0.11286832392215729,0.6779999732971191,0.5328999757766724
YJR131W,YOR026W,0,-3.9053388,0.11284953355789185,0.6779999732971191,0.5329999923706055
YDR280W,YGL065C,0,-3.9054372,0.112830750644207,0.6779999732971191,0.5331000089645386
YNL283C,YLR032W,0,-3.9055111,0.11281198263168335,0.6779999732971191,0.5332000255584717
YGL192W,YDR103W,0,-3.9056594,0.1127932146191597,0.6779999732971191,0.53329998254776
YCR094W,YKR046C,0,-3.9057736,0.11277445405721664,0.6779999732971191,0.5333999991416931
YKL032C,YIL084C,0,-3.9058132,0.11275569349527359,0.6779999732971191,0.5335000157356262
YDR013W,YIL159W,0,-3.905825,0.11273694783449173,0.6779999732971191,0.5335999727249146
YGR063C,YFL021W,0,-3.9060667,0.11271820217370987,0.6779999732971191,0.5336999893188477
YML113W,YOL028C,0,-3.9062572,0.1126994714140892,0.6779999732971191,0.5338000059127808
YMR056C,YDL113C,0,-3.9066012,0.11268074065446854,0.6779999732971191,0.5339000225067139
YOL008W,YDR339C,0,-3.9066775,0.11266201734542847,0.6779999732971191,0.5339999794960022
YDR123C,YCL024W,0,-3.9067829,0.1126432940363884,0.6779999732971191,0.5340999960899353
YER016W,YAL024C,0,-3.907266,0.11262458562850952,0.6779999732971191,0.5342000126838684
YJR066W,YDR265W,0,-3.907861,0.11260587722063065,0.6779999732971191,0.5343000292778015
YJL124C,YPR054W,0,-3.90799,0.11258718371391296,0.6779999732971191,0.5343999862670898
YDR470C,YKL008C,0,-3.9080198,0.11256849020719528,0.6779999732971191,0.534500002861023
YOR094W,YAL001C,0,-3.9084606,0.1125498041510582,0.6779999732971191,0.534600019454956
YML132W,YLR023C,0,-3.9088051,0.11253111809492111,0.6779999732971191,0.5346999764442444
YER028C,YPL140C,0,-3.9088798,0.11251244693994522,0.6779999732971191,0.5347999930381775
YDR039C,YGL168W,0,-3.9089262,0.11249377578496933,0.6779999732971191,0.5349000096321106
YMR165C,YDR021W,0,-3.9090607,0.11247511953115463,0.6779999732971191,0.5350000262260437
YIL135C,YMR135C,0,-3.909644,0.11245646327733994,0.6779999732971191,0.535099983215332
YNL136W,YEL066W,0,-3.9099715,0.11243781447410583,0.6779999732971191,0.5351999998092651
YPL152W,YLR220W,0,-3.9100204,0.11241916567087173,0.6779999732971191,0.5353000164031982
YOR130C,YDL028C,0,-3.9102404,0.11240053176879883,0.6779999732971191,0.5353999733924866
YKL045W,YKL099C,0,-3.9104035,0.11238189786672592,0.6779999732971191,0.5354999899864197
YBR298C,YPL204W,0,-3.9105394,0.11236327141523361,0.6779999732971191,0.5356000065803528
YBR279W,YMR224C,1,-3.910645,0.11251035332679749,0.6790000200271606,0.5356000065803528
YDR179C,YDR212W,0,-3.9106572,0.11249171942472458,0.6790000200271606,0.5357000231742859
YPR138C,YDL028C,0,-3.911002,0.11247308552265167,0.6790000200271606,0.5357999801635742
YCL029C,YCL067C,0,-3.9110305,0.11245445162057877,0.6790000200271606,0.5358999967575073
YLR039C,YKL114C,0,-3.9111512,0.11243583261966705,0.6790000200271606,0.5360000133514404
YCL055W,YPL089C,0,-3.9111617,0.11241722106933594,0.6790000200271606,0.5360999703407288
YPL106C,YDR302W,0,-3.9113,0.11239860951900482,0.6790000200271606,0.5361999869346619
YMR092C,YGR158C,0,-3.9113061,0.1123800054192543,0.6790000200271606,0.536300003528595
YIL150C,YOR386W,0,-3.911482,0.11236140877008438,0.6790000200271606,0.5364000201225281
YMR054W,YGL151W,0,-3.9115028,0.11234281957149506,0.6790000200271606,0.5364999771118164
YKR055W,YPR138C,0,-3.9123175,0.11232423782348633,0.6790000200271606,0.5365999937057495
YDL036C,YEL017C-A,0,-3.9124691,0.1123056560754776,0.6790000200271606,0.5367000102996826
YNL127W,YEL015W,0,-3.912645,0.11228708177804947,0.6790000200271606,0.5368000268936157
YGL254W,YIR012W,0,-3.9126732,0.11226851493120193,0.6790000200271606,0.536899983882904
YGR116W,YGL246C,0,-3.913344,0.112249955534935,0.6790000200271606,0.5370000004768372
YHR123W,YOR142W,0,-3.914284,0.11223140358924866,0.6790000200271606,0.5371000170707703
YBR243C,YBR265W,0,-3.9143376,0.11221285909414291,0.6790000200271606,0.5371999740600586
YOL051W,YCL016C,0,-3.914459,0.11219431459903717,0.6790000200271606,0.5372999906539917
YPR081C,YER022W,0,-3.9146059,0.11217577755451202,0.6790000200271606,0.5374000072479248
YJL112W,YHL020C,0,-3.914953,0.11215724796056747,0.6790000200271606,0.5375000238418579
YJR049C,YMR093W,0,-3.9151063,0.11213872581720352,0.6790000200271606,0.5375999808311462
YDR523C,YIL051C,0,-3.9151108,0.11212021112442017,0.6790000200271606,0.5376999974250793
YDR190C,YMR076C,0,-3.9151232,0.11210170388221741,0.6790000200271606,0.5378000140190125
YNL130C,YDL134C,0,-3.9151785,0.11208319664001465,0.6790000200271606,0.5378999710083008
YKL212W,YPR009W,0,-3.9154055,0.11206469684839249,0.6790000200271606,0.5379999876022339
YPL161C,YOR073W,0,-3.9154131,0.11204620450735092,0.6790000200271606,0.538100004196167
YDR171W,YHR129C,0,-3.9155653,0.11202771961688995,0.6790000200271606,0.5382000207901001
YER031C,YDR081C,0,-3.915777,0.11200923472642899,0.6790000200271606,0.5382999777793884
YER031C,YBR112C,0,-3.9164069,0.11199076473712921,0.6790000200271606,0.5383999943733215
YIL009W,YLR215C,0,-3.916497,0.11197229474782944,0.6790000200271606,0.5385000109672546
YML016C,YGR280C,0,-3.9167964,0.11195383220911026,0.6790000200271606,0.5386000275611877
YMR243C,YIL106W,0,-3.916839,0.11193537712097168,0.6790000200271606,0.5386999845504761
YOL111C,YPR175W,0,-3.9169438,0.1119169294834137,0.6790000200271606,0.5388000011444092
YJR053W,YPR056W,0,-3.9172075,0.11189848184585571,0.6790000200271606,0.5389000177383423
YLR362W,YLR340W,0,-3.9173815,0.11188004910945892,0.6790000200271606,0.5389999747276306
YNL245C,YIL063C,0,-3.9179509,0.11186161637306213,0.6790000200271606,0.5390999913215637
YKL059C,YGL075C,0,-3.9180367,0.11184319108724594,0.6790000200271606,0.5392000079154968
YML016C,YDR400W,0,-3.918329,0.11182476580142975,0.6790000200271606,0.5393000245094299
YPR031W,YPL076W,0,-3.9187815,0.11180635541677475,0.6790000200271606,0.5393999814987183
YJL100W,YGL096W,0,-3.91881,0.11178794503211975,0.6790000200271606,0.5394999980926514
YMR059W,YDR103W,0,-3.9188225,0.11176954954862595,0.6790000200271606,0.5396000146865845
YDR295C,YPL001W,0,-3.9190953,0.11175115406513214,0.6790000200271606,0.5396999716758728
YBR086C,YHR169W,0,-3.9194546,0.11173276603221893,0.6790000200271606,0.5397999882698059
YER068W,YDL077C,0,-3.9195778,0.11171437799930573,0.6790000200271606,0.539900004863739
YDR512C,YDR295C,0,-3.919802,0.11169600486755371,0.6790000200271606,0.5400000214576721
YPL078C,YCL034W,0,-3.9198945,0.1116776317358017,0.6790000200271606,0.5400999784469604
YDR330W,YJR050W,0,-3.9200294,0.11165926605463028,0.6790000200271606,0.5401999950408936
YJL148W,YHR194W,0,-3.9201765,0.11164090782403946,0.6790000200271606,0.5403000116348267
YER082C,YLR417W,0,-3.9204657,0.11162255704402924,0.6790000200271606,0.5404000282287598
YNR034W,YNL290W,0,-3.920489,0.11160420626401901,0.6790000200271606,0.5404999852180481
YNR016C,YFR027W,0,-3.9206197,0.11158587038516998,0.6790000200271606,0.5406000018119812
YDL126C,YDR195W,0,-3.920946,0.11156753450632095,0.6790000200271606,0.5407000184059143
YGR216C,YNL020C,0,-3.9212258,0.11154920607805252,0.6790000200271606,0.5407999753952026
YHR193C,YNL054W,0,-3.9212775,0.11153087764978409,0.6790000200271606,0.5408999919891357
YGR216C,YPR010C,0,-3.9213743,0.11151256412267685,0.6790000200271606,0.5410000085830688
YGL205W,YPR186C,0,-3.9214337,0.11149425059556961,0.6790000200271606,0.541100025177002
YKL012W,YPR024W,0,-3.9217591,0.11147594451904297,0.6790000200271606,0.5411999821662903
YMR184W,YMR238W,0,-3.9219449,0.11145764589309692,0.6790000200271606,0.5412999987602234
YBR098W,YOL104C,1,-3.9221683,0.11160347610712051,0.6800000071525574,0.5412999987602234
YMR060C,YLL015W,0,-3.9221768,0.11158516258001328,0.6800000071525574,0.5414000153541565
YDR392W,YGR175C,0,-3.9222138,0.11156685650348663,0.6800000071525574,0.5414999723434448
YFR008W,YOR129C,0,-3.9225314,0.11154855787754059,0.6800000071525574,0.5415999889373779
YDR346C,YML016C,0,-3.9225738,0.11153025925159454,0.6800000071525574,0.541700005531311
YDR358W,YOL045W,0,-3.9227667,0.1115119680762291,0.6800000071525574,0.5418000221252441
YPL015C,YPR164W,1,-3.92289,0.11165764927864075,0.6809999942779541,0.5418000221252441
YPL033C,YCR094W,0,-3.922891,0.1116393432021141,0.6809999942779541,0.5418999791145325
YDR419W,YFR008W,0,-3.9230292,0.11162104457616806,0.6809999942779541,0.5419999957084656
YGR178C,YGL095C,0,-3.9231932,0.11160275340080261,0.6809999942779541,0.5421000123023987
YMR067C,YPL221W,0,-3.923394,0.11158446967601776,0.6809999942779541,0.5422000288963318
YNL283C,YLL041C,0,-3.9234154,0.11156618595123291,0.6809999942779541,0.5422999858856201
YLR007W,YGR162W,0,-3.923428,0.11154790967702866,0.6809999942779541,0.5424000024795532
YOL008W,YKL114C,0,-3.9237974,0.111529640853405,0.6809999942779541,0.5425000190734863
YJL090C,YPL164C,1,-3.9238205,0.11167512834072113,0.6819999814033508,0.5425000190734863
YLR295C,YPL253C,0,-3.9240916,0.11165684461593628,0.6819999814033508,0.5425999760627747
YBR161W,YKL018W,0,-3.9242275,0.11163856834173203,0.6819999814033508,0.5426999926567078
YPL029W,YOL020W,0,-3.9243536,0.11162029206752777,0.6819999814033508,0.5428000092506409
YDR076W,YDR097C,1,-3.9245634,0.11176566779613495,0.6830000281333923,0.5428000092506409
YPL233W,YGR086C,0,-3.9247844,0.1117473840713501,0.6830000281333923,0.542900025844574
YAL041W,YCR075C,0,-3.9248793,0.11172910034656525,0.6830000281333923,0.5429999828338623
YGR092W,YJR001W,0,-3.924927,0.11171082407236099,0.6830000281333923,0.5430999994277954
YHR042W,YJR068W,0,-3.9250648,0.11169256269931793,0.6830000281333923,0.5432000160217285
YPR122W,YHR099W,0,-3.9253519,0.11167429387569427,0.6830000281333923,0.5432999730110168
YAL054C,YHR166C,0,-3.9254978,0.11165603995323181,0.6830000281333923,0.54339998960495
YGL006W,YGL113W,0,-3.9256108,0.11163779348134995,0.6830000281333923,0.5435000061988831
YJL080C,YML025C,0,-3.9256532,0.11161954700946808,0.6830000281333923,0.5436000227928162
YDR078C,YMR240C,0,-3.92569,0.11160130798816681,0.6830000281333923,0.5436999797821045
YML102W,YEL065W,0,-3.9257996,0.11158307641744614,0.6830000281333923,0.5437999963760376
YIL016W,YOR117W,0,-3.9259326,0.11156484484672546,0.6830000281333923,0.5439000129699707
YHL038C,YIL142W,0,-3.926133,0.11154662817716599,0.6830000281333923,0.5440000295639038
YLR226W,YDL232W,0,-3.926134,0.1115284115076065,0.6830000281333923,0.5440999865531921
YER111C,YMR172W,0,-3.926273,0.11151020228862762,0.6830000281333923,0.5442000031471252
YBR298C,YDR219C,0,-3.926405,0.11149200052022934,0.6830000281333923,0.5443000197410583
YOR156C,YML013W,0,-3.92642,0.11147380620241165,0.6830000281333923,0.5443999767303467
YFR021W,YFL021W,0,-3.9265683,0.11145561188459396,0.6830000281333923,0.5444999933242798
YLR304C,YCR052W,0,-3.9268003,0.11143742501735687,0.6830000281333923,0.5446000099182129
YKL101W,YPR019W,0,-3.927316,0.11141925305128098,0.6830000281333923,0.544700026512146
YKL125W,YER133W,0,-3.9279406,0.11140107363462448,0.6830000281333923,0.5447999835014343
YLL006W,YGL207W,0,-3.9279835,0.11138290911912918,0.6830000281333923,0.5449000000953674
YER038C,YMR065W,0,-3.9280703,0.11136474460363388,0.6830000281333923,0.5450000166893005
YDR037W,YDR264C,0,-3.92814,0.11134659498929977,0.6830000281333923,0.5450999736785889
YGR169C,YNL309W,0,-3.9281461,0.11132844537496567,0.6830000281333923,0.545199990272522
YOL105C,YJL166W,0,-3.9283555,0.11131030321121216,0.6830000281333923,0.5453000068664551
YDR180W,YDR113C,1,-3.9283876,0.11145510524511337,0.6840000152587891,0.5453000068664551
YLR394W,YDR412W,0,-3.928552,0.11143694818019867,0.6840000152587891,0.5454000234603882
YGL019W,YLR109W,0,-3.9285996,0.11141879856586456,0.6840000152587891,0.5454999804496765
YPL156C,YML029W,0,-3.9287512,0.11140064895153046,0.6840000152587891,0.5455999970436096
YJL139C,YHL009C,0,-3.9288938,0.11138251423835754,0.6840000152587891,0.5457000136375427
YFL009W,YIL121W,0,-3.9296649,0.11136437952518463,0.6840000152587891,0.545799970626831
YDR346C,YML081C-A,0,-3.9300618,0.11134624481201172,0.6840000152587891,0.5458999872207642
YGR175C,YDL108W,0,-3.9302123,0.111328125,0.6840000152587891,0.5460000038146973
YOL068C,YMR224C,1,-3.9303746,0.11147274076938629,0.6850000023841858,0.5460000038146973
YEL002C,YGR094W,0,-3.9304767,0.11145460605621338,0.6850000023841858,0.5461000204086304
YGR063C,YML015C,0,-3.9306931,0.11143647134304047,0.6850000023841858,0.5461999773979187
YHL034C,YJL087C,0,-3.9307985,0.11141834408044815,0.6850000023841858,0.5462999939918518
YDR004W,YOR354C,1,-3.930844,0.11156285554170609,0.6859999895095825,0.5462999939918518
YLR055C,YBR112C,0,-3.931094,0.11154471337795258,0.6859999895095825,0.5464000105857849
YIL128W,YOR231W,0,-3.9314704,0.11152657866477966,0.6859999895095825,0.546500027179718
YKL032C,YCR066W,0,-3.9315424,0.11150845140218735,0.6859999895095825,0.5465999841690063
YMR280C,YHL047C,0,-3.9317186,0.11149033159017563,0.6859999895095825,0.5467000007629395
YOL108C,YJR104C,0,-3.9317365,0.11147221177816391,0.6859999895095825,0.5468000173568726
YAL021C,YML019W,0,-3.9320085,0.11145409941673279,0.6859999895095825,0.5468999743461609
YML013W,YIL031W,0,-3.932134,0.11143599450588226,0.6859999895095825,0.546999990940094
YJL033W,YJL139C,0,-3.9323297,0.11141789704561234,0.6859999895095825,0.5471000075340271
YER026C,YPR057W,0,-3.9323537,0.111399807035923,0.6859999895095825,0.5472000241279602
YOR208W,YDR172W,0,-3.9325316,0.11138171702623367,0.6859999895095825,0.5472999811172485
YLR085C,YPR055W,0,-3.9327378,0.11136363446712494,0.6859999895095825,0.5473999977111816
YFL037W,YMR267W,0,-3.9329169,0.1113455593585968,0.6859999895095825,0.5475000143051147
YLR260W,YMR127C,0,-3.9329822,0.11132749170064926,0.6859999895095825,0.5475999712944031
YOL122C,YOR381W,0,-3.9330714,0.11130942404270172,0.6859999895095825,0.5476999878883362
YAL031C,YMR199W,0,-3.9333642,0.11129137128591537,0.6859999895095825,0.5478000044822693
YOL045W,YDR283C,0,-3.933449,0.11127331852912903,0.6859999895095825,0.5479000210762024
YOR157C,YLR424W,0,-3.9334924,0.11125527322292328,0.6859999895095825,0.5479999780654907
YDR121W,YDR240C,0,-3.933901,0.11123722791671753,0.6859999895095825,0.5480999946594238
YFR021W,YMR013C,0,-3.9339025,0.11121919751167297,0.6859999895095825,0.5482000112533569
YBR250W,YJL110C,0,-3.9340012,0.11120116710662842,0.6859999895095825,0.54830002784729
YPL122C,YOL017W,0,-3.9342473,0.11118314415216446,0.6859999895095825,0.5483999848365784
YLL022C,YHR082C,0,-3.934825,0.1111651286482811,0.6859999895095825,0.5485000014305115
YCR091W,YPL253C,0,-3.9349494,0.11114711314439774,0.6859999895095825,0.5486000180244446
YPL110C,YLR372W,0,-3.935096,0.11112911254167557,0.6859999895095825,0.5486999750137329
YDL132W,YPL115C,0,-3.9351132,0.1111111119389534,0.6859999895095825,0.548799991607666
YNL015W,YJL209W,0,-3.9352968,0.11109311878681183,0.6859999895095825,0.5489000082015991
YKL193C,YMR280C,0,-3.9354532,0.11107513308525085,0.6859999895095825,0.5490000247955322
YDR180W,YDR289C,1,-3.9358513,0.11121904104948044,0.6869999766349792,0.5490000247955322
YDR118W,YNL020C,0,-3.9360843,0.11120103299617767,0.6869999766349792,0.5490999817848206
YHR058C,YGR222W,0,-3.9361794,0.1111830398440361,0.6869999766349792,0.5491999983787537
YMR184W,YDR484W,0,-3.9365442,0.11116504669189453,0.6869999766349792,0.5493000149726868
YPL140C,YGR003W,0,-3.9369776,0.11114706099033356,0.6869999766349792,0.5493999719619751
YNL207W,YJR108W,0,-3.9371288,0.11112908273935318,0.6869999766349792,0.5494999885559082
YKL053C-A,YOL133W,0,-3.93731,0.1111111119389534,0.6869999766349792,0.5496000051498413
YLR398C,YNL222W,0,-3.9373958,0.11109314113855362,0.6869999766349792,0.5497000217437744
YML064C,YPL119C,0,-3.93802,0.11107518523931503,0.6869999766349792,0.5497999787330627
YLR275W,YIL026C,0,-3.9380643,0.11105722934007645,0.6869999766349792,0.5498999953269958
YDL236W,YJR131W,0,-3.9381602,0.11103927344083786,0.6869999766349792,0.550000011920929
YBR037C,YPR186C,0,-3.938223,0.11102133244276047,0.6869999766349792,0.5501000285148621
YKR087C,YGR258C,0,-3.938359,0.11100339144468307,0.6869999766349792,0.5501999855041504
YBR073W,YNL139C,1,-3.9387574,0.11114700883626938,0.6880000233650208,0.5501999855041504
YMR106C,YPL164C,1,-3.9389527,0.1112905815243721,0.6890000104904175,0.5501999855041504
YCL024W,YGR191W,0,-3.939264,0.11127261072397232,0.6890000104904175,0.5503000020980835
YBL023C,YPL033C,0,-3.9396615,0.11125463992357254,0.6890000104904175,0.5504000186920166
YOR245C,YPL180W,0,-3.9399917,0.11123668402433395,0.6890000104904175,0.5504999756813049
YNL053W,YDL028C,0,-3.9402807,0.11121872812509537,0.6890000104904175,0.550599992275238
YHR205W,YGR222W,0,-3.9407642,0.11120077222585678,0.6890000104904175,0.5507000088691711
YNL270C,YNL288W,0,-3.9408405,0.11118283122777939,0.6890000104904175,0.5508000254631042
YGL210W,YOL008W,0,-3.941128,0.111164890229702,0.6890000104904175,0.5508999824523926
YLR313C,YML085C,0,-3.9413083,0.1111469566822052,0.6890000104904175,0.5509999990463257
YCL055W,YGR086C,0,-3.941406,0.111129030585289,0.6890000104904175,0.5511000156402588
YDR451C,YPL152W,0,-3.94161,0.1111111119389534,0.6890000104904175,0.5511999726295471
YMR127C,YJR108W,0,-3.9418166,0.1110931932926178,0.6890000104904175,0.5512999892234802
YAL029C,YOR144C,1,-3.9419637,0.11123649775981903,0.6899999976158142,0.5512999892234802
YNL149C,YOL124C,0,-3.942136,0.11121857166290283,0.6899999976158142,0.5514000058174133
YFL021W,YIL021W,0,-3.9422638,0.11120064556598663,0.6899999976158142,0.5515000224113464
YNL036W,YER123W,0,-3.94233,0.11118272691965103,0.6899999976158142,0.5515999794006348
YGR279C,YOR073W,0,-3.9423301,0.11116481572389603,0.6899999976158142,0.5516999959945679
YPR041W,YGL113W,0,-3.9427145,0.11114690452814102,0.6899999976158142,0.551800012588501
YGL087C,YBR068C,0,-3.9429035,0.11112900823354721,0.6899999976158142,0.5519000291824341
YIR025W,YML095C,1,-3.9429781,0.11127214133739471,0.6909999847412109,0.5519000291824341
YPR135W,YPL181W,0,-3.9431655,0.11125422269105911,0.6909999847412109,0.5519999861717224
YHR129C,YNL151C,0,-3.9432373,0.1112363189458847,0.6909999847412109,0.5521000027656555
YNL036W,YKL008C,0,-3.943383,0.1112184152007103,0.6909999847412109,0.5522000193595886
YPR111W,YDR423C,0,-3.9435582,0.11120051145553589,0.6909999847412109,0.552299976348877
YPR193C,YPL087W,0,-3.9436505,0.11118262261152267,0.6909999847412109,0.5523999929428101
YOL133W,YCL025C,0,-3.943686,0.11116473376750946,0.6909999847412109,0.5525000095367432
YML130C,YDL134C,0,-3.9437437,0.11114685237407684,0.6909999847412109,0.5526000261306763
YLR398C,YNL062C,0,-3.9437735,0.11112897843122482,0.6909999847412109,0.5526999831199646
YBR136W,YDR289C,1,-3.9438193,0.11127191036939621,0.6919999718666077,0.5526999831199646
YBR049C,YNL262W,0,-3.9439511,0.111254021525383,0.6919999718666077,0.5527999997138977
YJL090C,YBR073W,1,-3.944607,0.11139687895774841,0.6930000185966492,0.5527999997138977
YDR217C,YJL033W,0,-3.9449525,0.111378975212574,0.6930000185966492,0.5529000163078308
YML080W,YHR099W,0,-3.945096,0.1113610789179802,0.6930000185966492,0.5529999732971191
YLR182W,YMR059W,0,-3.9456275,0.11134319007396698,0.6930000185966492,0.5530999898910522
YER112W,YLR129W,0,-3.945666,0.11132530122995377,0.6930000185966492,0.5532000064849854
YDL022W,YEL017C-A,0,-3.9456708,0.11130741983652115,0.6930000185966492,0.5533000230789185
YDR069C,YEL027W,0,-3.9457333,0.11128954589366913,0.6930000185966492,0.5533999800682068
YGR003W,YJR059W,0,-3.9460132,0.1112716794013977,0.6930000185966492,0.5534999966621399
YOR172W,YCR077C,0,-3.9462092,0.11125381290912628,0.6930000185966492,0.553600013256073
YOR266W,YLL006W,0,-3.9463718,0.11123595386743546,0.6930000185966492,0.5536999702453613
YJL056C,YKL062W,0,-3.9464247,0.11121810227632523,0.6930000185966492,0.5537999868392944
YER165W,YDL007W,0,-3.9464438,0.1112002581357956,0.6930000185966492,0.5539000034332275
YJR031C,YMR149W,0,-3.9466758,0.11118241399526596,0.6930000185966492,0.5540000200271606
YNR034W,YMR192W,0,-3.9467242,0.11116458475589752,0.6930000185966492,0.554099977016449
YOL133W,YGL246C,0,-3.9469254,0.11114675551652908,0.6930000185966492,0.5541999936103821
YDR310C,YGR244C,0,-3.9474955,0.11112892627716064,0.6930000185966492,0.5543000102043152
YPL055C,YGR014W,0,-3.9475834,0.1111111119389534,0.6930000185966492,0.5544000267982483
YBL084C,YAL035W,0,-3.9477384,0.11109329760074615,0.6930000185966492,0.5544999837875366
YML114C,YML088W,0,-3.9478514,0.1110754907131195,0.6930000185966492,0.5546000003814697
YNR023W,YDR098C,0,-3.9480455,0.11105769127607346,0.6930000185966492,0.5547000169754028
YDR194C,YMR076C,0,-3.9486368,0.111039899289608,0.6930000185966492,0.5547999739646912
YOL088C,YKL220C,0,-3.94884,0.11102210730314255,0.6930000185966492,0.5548999905586243
YMR164C,YGR086C,0,-3.9489315,0.11100432276725769,0.6930000185966492,0.5550000071525574
YER127W,YBL056W,0,-3.949105,0.11098654568195343,0.6930000185966492,0.5551000237464905
YJR059W,YPL174C,0,-3.9492593,0.11096877604722977,0.6930000185966492,0.5551999807357788
YBR161W,YPL033C,0,-3.949497,0.1109510064125061,0.6930000185966492,0.5552999973297119
YGR142W,YCR053W,0,-3.949746,0.11093325167894363,0.6930000185966492,0.555400013923645
YNL163C,YNL039W,0,-3.9498506,0.11091548949480057,0.6930000185966492,0.5554999709129333
YDR166C,YPL033C,0,-3.9499586,0.1108977422118187,0.6930000185966492,0.5555999875068665
YPL217C,YOL044W,0,-3.9502232,0.11088000237941742,0.6930000185966492,0.5557000041007996
YBL014C,YLL001W,0,-3.9503076,0.11086226254701614,0.6930000185966492,0.5558000206947327
YNL136W,YDR284C,0,-3.95037,0.11084453016519547,0.6930000185966492,0.555899977684021
YCR091W,YJR131W,0,-3.9506078,0.11082680523395538,0.6930000185966492,0.5559999942779541
YJL117W,YBR097W,0,-3.9507706,0.1108090803027153,0.6930000185966492,0.5561000108718872
YMR190C,YOL068C,1,-3.9508624,0.11095123738050461,0.6940000057220459,0.5561000108718872
YIL132C,YJL214W,0,-3.9509392,0.11093350499868393,0.6940000057220459,0.5562000274658203
YER133W,YMR025W,0,-3.9514816,0.11091577261686325,0.6940000057220459,0.5562999844551086
YML019W,YAL020C,0,-3.9515326,0.11089804768562317,0.6940000057220459,0.5564000010490417
YFR036W,YOL113W,0,-3.951553,0.11088033020496368,0.6940000057220459,0.5565000176429749
YDL200C,YOL065C,0,-3.9518363,0.1108626201748848,0.6940000057220459,0.5565999746322632
YGL173C,YDL014W,0,-3.9519792,0.11084491014480591,0.6940000057220459,0.5566999912261963
YHR027C,YOR224C,0,-3.952206,0.11082721501588821,0.6940000057220459,0.5568000078201294
YIR025W,YOL104C,1,-3.9522462,0.1109691858291626,0.6949999928474426,0.5568000078201294
YMR268C,YGR159C,0,-3.9522636,0.11095146834850311,0.6949999928474426,0.5569000244140625
YLR139C,YPL206C,0,-3.9524558,0.11093375831842422,0.6949999928474426,0.5569999814033508
YBR296C,YOR270C,0,-3.9525855,0.11091605573892593,0.6949999928474426,0.5570999979972839
YLR384C,YPL075W,0,-3.9531462,0.11089835315942764,0.6949999928474426,0.557200014591217
YKL165C,YOL021C,0,-3.9532397,0.11088066548109055,0.6949999928474426,0.5572999715805054
YNL147W,YOR381W,0,-3.9536307,0.11086297780275345,0.6949999928474426,0.5573999881744385
YOR288C,YDR013W,0,-3.953644,0.11084529757499695,0.6949999928474426,0.5575000047683716
YDR243C,YNL078W,0,-3.95372,0.11082761734724045,0.6949999928474426,0.5576000213623047
YBR123C,YPR191W,0,-3.9538233,0.11080995202064514,0.6949999928474426,0.557699978351593
YDR151C,YJL110C,0,-3.9539583,0.11079228669404984,0.6949999928474426,0.5577999949455261
YBR133C,YPR131C,0,-3.9539714,0.11077462881803513,0.6949999928474426,0.5579000115394592
YDL164C,YBR136W,1,-3.9546213,0.11091633141040802,0.6959999799728394,0.5579000115394592
YPL018W,YNL145W,0,-3.9546926,0.11089865863323212,0.6959999799728394,0.5580000281333923
YDR330W,YNL281W,0,-3.954747,0.11088099330663681,0.6959999799728394,0.5580999851226807
YOR119C,YER172C,0,-3.955375,0.1108633354306221,0.6959999799728394,0.5582000017166138
YOR206W,YNL121C,0,-3.9555628,0.11084567755460739,0.6959999799728394,0.5583000183105469
YCR073W-A,YEL061C,0,-3.9557254,0.11082802712917328,0.6959999799728394,0.5583999752998352
YML110C,YLR316C,0,-3.9560492,0.11081038415431976,0.6959999799728394,0.5584999918937683
YNL084C,YBR010W,0,-3.9561322,0.11079274117946625,0.6959999799728394,0.5586000084877014
YKL040C,YPL159C,0,-3.9561546,0.11077510565519333,0.6959999799728394,0.5587000250816345
YLR417W,YGR156W,0,-3.9564867,0.11075747758150101,0.6959999799728394,0.5587999820709229
YLR085C,YJL125C,0,-3.956496,0.11073985695838928,0.6959999799728394,0.558899998664856
YKR089C,YCL032W,0,-3.9570422,0.11072223633527756,0.6959999799728394,0.5590000152587891
YOR127W,YJL058C,0,-3.9571996,0.11070463061332703,0.6959999799728394,0.5590999722480774
YMR273C,YEL069C,0,-3.9572043,0.1106870248913765,0.6959999799728394,0.5591999888420105
YPL217C,YKL054C,0,-3.95741,0.11066941916942596,0.6959999799728394,0.5593000054359436
YOR193W,YBR039W,0,-3.9577744,0.11065182834863663,0.6959999799728394,0.5594000220298767
YDR469W,YLR069C,0,-3.9577835,0.11063423752784729,0.6959999799728394,0.559499979019165
YOR127W,YDL229W,0,-3.9579718,0.11061665415763855,0.6959999799728394,0.5595999956130981
YDR039C,YJL020C,0,-3.9580405,0.1105990782380104,0.6959999799728394,0.5597000122070312
YGR142W,YML019W,0,-3.9580908,0.11058150976896286,0.6959999799728394,0.5598000288009644
YLL024C,YDL175C,0,-3.958338,0.11056394129991531,0.6959999799728394,0.5598999857902527
YDR039C,YGR183C,0,-3.9585307,0.11054638028144836,0.6959999799728394,0.5600000023841858
YKL040C,YDR388W,0,-3.958596,0.11052882671356201,0.6959999799728394,0.5601000189781189
YHR123W,YAL058W,0,-3.9586062,0.11051127314567566,0.6959999799728394,0.5601999759674072
YLR117C,YGR225W,0,-3.9586651,0.1104937270283699,0.6959999799728394,0.5602999925613403
YMR029C,YLL024C,0,-3.9586775,0.11047618836164474,0.6959999799728394,0.5604000091552734
YGR216C,YGL006W,0,-3.9587314,0.11045865714550018,0.6959999799728394,0.5605000257492065
YDR217C,YNR049C,0,-3.9587348,0.11044113337993622,0.6959999799728394,0.5605999827384949
YER165W,YIL009W,0,-3.958785,0.11042360961437225,0.6959999799728394,0.560699999332428
YNL290W,YGL246C,0,-3.9590483,0.11040609329938889,0.6959999799728394,0.5608000159263611
YDR219C,YMR092C,0,-3.95935,0.11038857698440552,0.6959999799728394,0.5608999729156494
YDL159W,YNL281W,0,-3.9595282,0.11037107557058334,0.6959999799728394,0.5609999895095825
YLR060W,YOR180C,0,-3.9595325,0.11035357415676117,0.6959999799728394,0.5611000061035156
YBR177C,YBR112C,0,-3.95965,0.11033608019351959,0.6959999799728394,0.5612000226974487
YNL072W,YER025W,0,-3.959782,0.11031859368085861,0.6959999799728394,0.5612999796867371
YKL051W,YNL290W,0,-3.9598095,0.11030110716819763,0.6959999799728394,0.5613999962806702
YER106W,YGL249W,0,-3.9599106,0.11028362810611725,0.6959999799728394,0.5615000128746033
YBL004W,YMR149W,0,-3.9602215,0.11026615649461746,0.6959999799728394,0.5616000294685364
YDL161W,YHR034C,0,-3.9603906,0.11024869233369827,0.6959999799728394,0.5616999864578247
YKR055W,YPL091W,0,-3.9606574,0.11023123562335968,0.6959999799728394,0.5618000030517578
YEL015W,YDR178W,0,-3.960914,0.11021377891302109,0.6959999799728394,0.5619000196456909
YBR257W,YNL291C,0,-3.9614367,0.11019632965326309,0.6959999799728394,0.5619999766349792
YDR346C,YLR016C,0,-3.9614456,0.1101788803935051,0.6959999799728394,0.5620999932289124
YPL087W,YPR057W,0,-3.9615164,0.1101614460349083,0.6959999799728394,0.5622000098228455
YGR278W,YNR015W,0,-3.961748,0.11014401167631149,0.6959999799728394,0.5623000264167786
YLR110C,YDR363W-A,0,-3.9620364,0.11012658476829529,0.6959999799728394,0.5623999834060669
YDL126C,YPL153C,0,-3.9623792,0.11010915786027908,0.6959999799728394,0.5625
YGL191W,YBL025W,0,-3.9625053,0.11009174585342407,0.6959999799728394,0.5626000165939331
YLR002C,YDL134C,0,-3.9626133,0.11007433384656906,0.6959999799728394,0.5626999735832214
YDR284C,YHR119W,0,-3.9626796,0.11005692929029465,0.6959999799728394,0.5627999901771545
YDL022W,YBR082C,0,-3.9628413,0.11003952473402023,0.6959999799728394,0.5629000067710876
YOR233W,YBR091C,0,-3.96299,0.11002212762832642,0.6959999799728394,0.5630000233650208
YLR117C,YNL014W,0,-3.9630673,0.1100047379732132,0.6959999799728394,0.5630999803543091
YJL100W,YBR087W,0,-3.9631412,0.10998735576868057,0.6959999799728394,0.5631999969482422
YAL005C,YNL029C,0,-3.9632075,0.10996998101472855,0.6959999799728394,0.5633000135421753
YDR361C,YKR052C,0,-3.9632237,0.10995260626077652,0.6959999799728394,0.5633999705314636
YDR310C,YNL127W,0,-3.9632456,0.10993523895740509,0.6959999799728394,0.5634999871253967
YHR058C,YGL018C,0,-3.9635904,0.10991787910461426,0.6959999799728394,0.5636000037193298
YPL045W,YDR412W,0,-3.9638038,0.10990051925182343,0.6959999799728394,0.5637000203132629
YLR189C,YPR024W,0,-3.9640627,0.10988316684961319,0.6959999799728394,0.5637999773025513
YCR014C,YBL061C,0,-3.9640915,0.10986582189798355,0.6959999799728394,0.5638999938964844
YML023C,YDR191W,0,-3.964129,0.10984848439693451,0.6959999799728394,0.5640000104904175
YAR007C,YJL090C,1,-3.9647012,0.10998895019292831,0.6970000267028809,0.5640000104904175
YGR165W,YBL055C,0,-3.9649737,0.10997159779071808,0.6970000267028809,0.5641000270843506
YOR266W,YJL134W,0,-3.9659002,0.10995425283908844,0.6970000267028809,0.5641999840736389
YGL120C,YNL009W,0,-3.9661171,0.1099369078874588,0.6970000267028809,0.564300000667572
YPL140C,YOR373W,0,-3.966244,0.10991957038640976,0.6970000267028809,0.5644000172615051
YNL159C,YJL134W,0,-3.966359,0.10990224033594131,0.6970000267028809,0.5644999742507935
YOL144W,YBL023C,0,-3.9664423,0.10988491028547287,0.6970000267028809,0.5645999908447266
YLR216C,YML048W,0,-3.9666479,0.10986759513616562,0.6970000267028809,0.5647000074386597
YGR157W,YBL082C,0,-3.9668543,0.10985027253627777,0.6970000267028809,0.5648000240325928
YDL097C,YDL098C,0,-3.967068,0.10983296483755112,0.6970000267028809,0.5648999810218811
YDL154W,YNL139C,1,-3.9676902,0.10997321456670761,0.6980000138282776,0.5648999810218811
YGL151W,YDR322C-A,0,-3.968016,0.10995589196681976,0.6980000138282776,0.5649999976158142
YNL218W,YMR208W,0,-3.9682376,0.10993856936693192,0.6980000138282776,0.5651000142097473
YDR284C,YHR099W,0,-3.968336,0.10992126166820526,0.6980000138282776,0.5651999711990356
YPL152W,YPL217C,0,-3.9685853,0.10990395396947861,0.6980000138282776,0.5652999877929688
YER015W,YJL042W,0,-3.968889,0.10988664627075195,0.6980000138282776,0.5654000043869019
YOR137C,YOR229W,0,-3.9696214,0.10986935347318649,0.6980000138282776,0.565500020980835
YEL002C,YOL156W,0,-3.9699078,0.10985206067562103,0.6980000138282776,0.5655999779701233
YOR033C,YMR224C,1,-3.969978,0.1099921315908432,0.6990000009536743,0.5655999779701233
YFR033C,YDL188C,0,-3.9705403,0.10997482389211655,0.6990000009536743,0.5656999945640564
YOR058C,YDR322C-A,0,-3.9708383,0.10995752364397049,0.6990000009536743,0.5658000111579895
YDR138W,YDR110W,1,-3.9709513,0.11009751260280609,0.699999988079071,0.5658000111579895
YHR167W,YDR446W,1,-3.9711008,0.11023745685815811,0.7009999752044678,0.5658000111579895
YIR010W,YGL167C,0,-3.9711702,0.11022012680768967,0.7009999752044678,0.5659000277519226
YDR251W,YEL019C,0,-3.971391,0.11020279675722122,0.7009999752044678,0.5659999847412109
YNL036W,YDR037W,0,-3.9714916,0.11018547415733337,0.7009999752044678,0.566100001335144
YDL153C,YGL207W,0,-3.9720638,0.11016815900802612,0.7009999752044678,0.5662000179290771
YPR082C,YDR191W,0,-3.9722936,0.11015085130929947,0.7009999752044678,0.5662999749183655
YHR069C,YDL039C,0,-3.97235,0.11013354361057281,0.7009999752044678,0.5663999915122986
YBR068C,YDL153C,0,-3.9724872,0.11011624336242676,0.7009999752044678,0.5665000081062317
YGR056W,YGR195W,0,-3.9725559,0.1100989505648613,0.7009999752044678,0.5666000247001648
YOR340C,YML058W,0,-3.9729145,0.11008165776729584,0.7009999752044678,0.5666999816894531
YHR090C,YGR086C,0,-3.9733598,0.11006437242031097,0.7009999752044678,0.5667999982833862
YFR001W,YGR086C,0,-3.9733994,0.11004709452390671,0.7009999752044678,0.5669000148773193
YAL021C,YPL155C,0,-3.9737465,0.11002982407808304,0.7009999752044678,0.5669999718666077
YJL074C,YGR085C,0,-3.973778,0.11001255363225937,0.7009999752044678,0.5670999884605408
YPL164C,YIR025W,1,-3.9738786,0.11015220731496811,0.7020000219345093,0.5670999884605408
YOR233W,YOR320C,0,-3.973882,0.11013492196798325,0.7020000219345093,0.5672000050544739
YBR109C,YGL201C,0,-3.973885,0.11011764407157898,0.7020000219345093,0.567300021648407
YDL100C,YOR073W,0,-3.9740632,0.11010037362575531,0.7020000219345093,0.5673999786376953
YGR218W,YML016C,0,-3.9748645,0.11008311063051224,0.7020000219345093,0.5674999952316284
YDR264C,YNL302C,0,-3.9749482,0.11006585508584976,0.7020000219345093,0.5676000118255615
YDL153C,YBR082C,0,-3.9749835,0.11004859954118729,0.7020000219345093,0.5677000284194946
YAR007C,YER173W,1,-3.9750116,0.1101880893111229,0.703000009059906,0.5677000284194946
YIL128W,YJL087C,0,-3.9753544,0.11017081886529922,0.703000009059906,0.567799985408783
YDR353W,YJL134W,0,-3.9754062,0.11015355587005615,0.703000009059906,0.5679000020027161
YER143W,YBL056W,0,-3.976137,0.11013630032539368,0.703000009059906,0.5680000185966492
YJL033W,YJL133W,0,-3.9765127,0.1101190447807312,0.703000009059906,0.5680999755859375
YBR029C,YLR148W,0,-3.9766812,0.11010180413722992,0.703000009059906,0.5681999921798706
YPL161C,YBR009C,0,-3.9766936,0.11008456349372864,0.703000009059906,0.5683000087738037
YLR360W,YKR025W,0,-3.976719,0.11006732285022736,0.703000009059906,0.5684000253677368
YER044C-A,YOL104C,1,-3.9770682,0.11020663380622864,0.7039999961853027,0.5684000253677368
YOL104C,YML095C,1,-3.9771378,0.11034590750932693,0.7049999833106995,0.5684000253677368
YPL119C,YKR079C,0,-3.977391,0.11032863706350327,0.7049999833106995,0.5684999823570251
YDL087C,YGR129W,0,-3.9774358,0.11031137406826019,0.7049999833106995,0.5685999989509583
YLR384C,YGR244C,0,-3.9776175,0.11029411852359772,0.7049999833106995,0.5687000155448914
YER015W,YOR295W,0,-3.9776928,0.11027686297893524,0.7049999833106995,0.5687999725341797
YOR193W,YCL067C,0,-3.9777043,0.11025961488485336,0.7049999833106995,0.5688999891281128
YDR494W,YBR048W,0,-3.9785187,0.11024237424135208,0.7049999833106995,0.5690000057220459
YAR003W,YGL065C,0,-3.9785452,0.1102251410484314,0.7049999833106995,0.569100022315979
YOL033W,YBR170C,0,-3.9787838,0.11020790785551071,0.7049999833106995,0.5691999793052673
YPL127C,YDR113C,1,-3.9789884,0.11034698039293289,0.7059999704360962,0.5691999793052673
YJR135C,YNR013C,0,-3.9790666,0.11032973974943161,0.7059999704360962,0.5692999958992004
YAR007C,YDL164C,1,-3.9790704,0.11046875268220901,0.7070000171661377,0.5692999958992004
YGR013W,YJL041W,0,-3.9792178,0.11045148968696594,0.7070000171661377,0.5694000124931335
YLR337C,YLR176C,0,-3.9792235,0.11043424159288406,0.7070000171661377,0.5695000290870667
YLR270W,YGR007W,0,-3.9792595,0.11041699349880219,0.7070000171661377,0.569599986076355
YHR165C,YBR050C,0,-3.9799566,0.1103997528553009,0.7070000171661377,0.5697000026702881
YCL043C,YPR163C,0,-3.9802089,0.11038251221179962,0.7070000171661377,0.5698000192642212
YPL192C,YCR075C,0,-3.9804685,0.11036527901887894,0.7070000171661377,0.5698999762535095
YDR113C,YPL164C,1,-3.9804857,0.1105041354894638,0.7080000042915344,0.5698999762535095
YNL012W,YDR190C,0,-3.9804966,0.11048689484596252,0.7080000042915344,0.5699999928474426
YIL013C,YDR096W,0,-3.9806402,0.11046965420246124,0.7080000042915344,0.5701000094413757
YNL163C,YOR047C,0,-3.980669,0.11045242100954056,0.7080000042915344,0.5702000260353088
YBR185C,YOR334W,0,-3.9808447,0.11043518781661987,0.7080000042915344,0.5702999830245972
YPR190C,YKR003W,0,-3.9809926,0.11041796952486038,0.7080000042915344,0.5703999996185303
YGL232W,YBL035C,0,-3.981003,0.11040075123310089,0.7080000042915344,0.5705000162124634
YJL056C,YKL220C,0,-3.981053,0.1103835329413414,0.7080000042915344,0.5705999732017517
YPL033C,YDL101C,0,-3.9811044,0.1103663295507431,0.7080000042915344,0.5706999897956848
YNL054W,YGR156W,0,-3.9812353,0.1103491261601448,0.7080000042915344,0.5708000063896179
YPR193C,YFR005C,0,-3.9812448,0.1103319302201271,0.7080000042915344,0.570900022983551
YMR224C,YOL072W,1,-3.9812539,0.11047054827213287,0.7089999914169312,0.570900022983551
YNL082W,YBR136W,1,-3.9813545,0.11060912907123566,0.7099999785423279,0.570900022983551
YJL090C,YGL175C,1,-3.981669,0.11074766516685486,0.7110000252723694,0.570900022983551
YPL117C,YNL106C,0,-3.981883,0.11073041707277298,0.7110000252723694,0.5709999799728394
YGR227W,YDR365C,0,-3.9819753,0.1107131764292717,0.7110000252723694,0.5710999965667725
YBR168W,YDR087C,0,-3.9820054,0.11069593578577042,0.7110000252723694,0.5712000131607056
YHR166C,YPR024W,0,-3.982331,0.11067870259284973,0.7110000252723694,0.5713000297546387
YDR422C,YGR171C,0,-3.9825547,0.11066147685050964,0.7110000252723694,0.571399986743927
YFR055W,YJL210W,0,-3.9828794,0.11064425855875015,0.7110000252723694,0.5715000033378601
YOR275C,YKL018W,0,-3.9829614,0.11062704026699066,0.7110000252723694,0.5716000199317932
YHR099W,YMR179W,0,-3.983578,0.11060982942581177,0.7110000252723694,0.5716999769210815
YIL009W,YPR179C,0,-3.9838083,0.11059262603521347,0.7110000252723694,0.5717999935150146
YIR025W,YPR164W,1,-3.9839952,0.11073094606399536,0.7120000123977661,0.5717999935150146
YOL122C,YPR143W,0,-3.9842024,0.11071372777223587,0.7120000123977661,0.5719000101089478
YDR076W,YGL175C,1,-3.9844422,0.11085198819637299,0.7129999995231628,0.5719000101089478
YLR025W,YNL008C,0,-3.9847248,0.1108347550034523,0.7129999995231628,0.5720000267028809
YBR009C,YLR105C,0,-3.984928,0.11081752926111221,0.7129999995231628,0.5720999836921692
YDL197C,YKL182W,0,-3.9851496,0.11080031096935272,0.7129999995231628,0.5722000002861023
YFR028C,YDL115C,0,-3.9852126,0.11078309267759323,0.7129999995231628,0.5723000168800354
YDR277C,YAL053W,0,-3.9852622,0.11076588183641434,0.7129999995231628,0.5723999738693237
YDR490C,YMR175W,0,-3.9853346,0.11074867844581604,0.7129999995231628,0.5724999904632568
YOR100C,YDR453C,0,-3.9855826,0.11073148250579834,0.7129999995231628,0.5726000070571899
YPL137C,YGL044C,0,-3.9856188,0.11071428656578064,0.7129999995231628,0.572700023651123
YMR309C,YPL076W,0,-3.9856367,0.11069709807634354,0.7129999995231628,0.5727999806404114
YOL049W,YDL043C,0,-3.985934,0.11067990958690643,0.7129999995231628,0.5728999972343445
YNL126W,YPR072W,0,-3.9865658,0.11066273599863052,0.7129999995231628,0.5730000138282776
YOR233W,YOR081C,0,-3.9866693,0.11064556241035461,0.7129999995231628,0.5730999708175659
YOL009C,YGR252W,0,-3.9867327,0.1106283962726593,0.7129999995231628,0.573199987411499
YLR221C,YGR070W,0,-3.986789,0.11061123013496399,0.7129999995231628,0.5733000040054321
YJR125C,YKR046C,0,-3.9879735,0.11059407144784927,0.7129999995231628,0.5734000205993652
YOR144C,YNL139C,1,-3.9880016,0.11073201149702072,0.7139999866485596,0.5734000205993652
YPR135W,YER165W,0,-3.9882703,0.11071483790874481,0.7139999866485596,0.5734999775886536
YDR320C-A,YDR404C,0,-3.9882915,0.1106976717710495,0.7139999866485596,0.5735999941825867
YDR478W,YGR156W,0,-3.988308,0.11068051308393478,0.7139999866485596,0.5737000107765198
YGL029W,YNL091W,0,-3.9883902,0.11066336184740067,0.7139999866485596,0.5738000273704529
YPR008W,YER111C,0,-3.9887345,0.11064621061086655,0.7139999866485596,0.5738999843597412
YML028W,YER088C,0,-3.988785,0.11062906682491302,0.7139999866485596,0.5740000009536743
YMR077C,YML014W,0,-3.9888167,0.1106119304895401,0.7139999866485596,0.5741000175476074
YNL262W,YOL038W,0,-3.9888444,0.11059479415416718,0.7139999866485596,0.5741999745368958
YBR243C,YDL056W,0,-3.988959,0.11057766526937485,0.7139999866485596,0.5742999911308289
YGL093W,YLR105C,0,-3.9890623,0.11056054383516312,0.7139999866485596,0.574400007724762
YIL150C,YBR199W,0,-3.9891315,0.11054342985153198,0.7139999866485596,0.5745000243186951
YDR017C,YPR163C,0,-3.989291,0.11052631586790085,0.7139999866485596,0.5745999813079834
YNL267W,YAL030W,0,-3.9894826,0.11050920933485031,0.7139999866485596,0.5746999979019165
YML073C,YPL152W,0,-3.99,0.11049211025238037,0.7139999866485596,0.5748000144958496
YPL046C,YBR234C,0,-3.99009,0.11047501116991043,0.7139999866485596,0.5748999714851379
YBR087W,YDL024C,0,-3.9904873,0.11045791953802109,0.7139999866485596,0.574999988079071
YOR233W,YGL150C,0,-3.9909613,0.11044083535671234,0.7139999866485596,0.5751000046730042
YOR137C,YIL034C,0,-3.991085,0.11042375862598419,0.7139999866485596,0.5752000212669373
YJL041W,YNL182C,0,-3.9913275,0.11040668189525604,0.7139999866485596,0.5752999782562256
YKL099C,YDR150W,0,-3.9916017,0.11038961261510849,0.7139999866485596,0.5753999948501587
YJL128C,YBL008W,0,-3.9917,0.11037254333496094,0.7139999866485596,0.5755000114440918
YLR238W,YBR188C,0,-3.9918153,0.11035548895597458,0.7139999866485596,0.5756000280380249
YGR004W,YNL222W,0,-3.9919364,0.11033843457698822,0.7139999866485596,0.5756999850273132
YJL127C,YGR123C,0,-3.992057,0.11032138764858246,0.7139999866485596,0.5758000016212463
YGR202C,YGR003W,0,-3.9925628,0.1103043407201767,0.7139999866485596,0.5759000182151794
YCL025C,YNL197C,0,-3.9927242,0.11028730124235153,0.7139999866485596,0.5759999752044678
YAR007C,YBL088C,1,-3.9927402,0.1104247123003006,0.7149999737739563,0.5759999752044678
YNR003C,YER129W,0,-3.9927933,0.11040765792131424,0.7149999737739563,0.5760999917984009
YDL036C,YBL061C,0,-3.9934227,0.11039061099290848,0.7149999737739563,0.576200008392334
YDL006W,YER026C,0,-3.9940524,0.11037357151508331,0.7149999737739563,0.5763000249862671
YBL034C,YGL066W,0,-3.9941857,0.11035653948783875,0.7149999737739563,0.5763999819755554
YIL150C,YGR253C,0,-3.9946547,0.11033950746059418,0.7149999737739563,0.5764999985694885
YOL072W,YLL002W,1,-3.9946678,0.1104767769575119,0.7160000205039978,0.5764999985694885
YGR264C,YDR116C,0,-3.9948199,0.11045973747968674,0.7160000205039978,0.5766000151634216
YJL133W,YPL181W,0,-3.995035,0.11044269800186157,0.7160000205039978,0.57669997215271
YCR010C,YDL087C,0,-3.995093,0.110425665974617,0.7160000205039978,0.5767999887466431
YLR086W,YDR075W,0,-3.9951775,0.11040863394737244,0.7160000205039978,0.5769000053405762
YDR425W,YIL095W,0,-3.9954922,0.11039160937070847,0.7160000205039978,0.5770000219345093
YPL140C,YGR040W,0,-3.9957962,0.11037459224462509,0.7160000205039978,0.5770999789237976
YPR175W,YGR167W,0,-3.9957972,0.11035758256912231,0.7160000205039978,0.5771999955177307
YNL009W,YOL127W,0,-3.9958856,0.11034057289361954,0.7160000205039978,0.5773000121116638
YML041C,YDL143W,0,-3.9961717,0.11032357811927795,0.7160000205039978,0.5774000287055969
YDR156W,YBR107C,0,-3.9964426,0.11030657589435577,0.7160000205039978,0.5774999856948853
YKR028W,YGL078C,0,-3.9965694,0.11028958857059479,0.7160000205039978,0.5776000022888184
YLR270W,YPL053C,0,-3.9968972,0.1102726012468338,0.7160000205039978,0.5777000188827515
YPL188W,YKL007W,0,-3.9984643,0.11025562137365341,0.7160000205039978,0.5777999758720398
YLL011W,YDL216C,0,-3.9985025,0.11023864150047302,0.7160000205039978,0.5778999924659729
YGR142W,YDR153C,0,-3.9985268,0.11022167652845383,0.7160000205039978,0.578000009059906
YER173W,YGL043W,1,-3.9989645,0.11035862565040588,0.7170000076293945,0.578000009059906
YLR337C,YIL079C,0,-3.9989922,0.1103416457772255,0.7170000076293945,0.5781000256538391
YHR152W,YPL028W,0,-3.9994528,0.1103246659040451,0.7170000076293945,0.5781999826431274
YBL047C,YPL160W,0,-3.9994586,0.11030769348144531,0.7170000076293945,0.5782999992370605
YDR276C,YIL084C,0,-3.999905,0.11029072105884552,0.7170000076293945,0.5784000158309937
YDR052C,YCR024C-A,0,-4.000153,0.11027376353740692,0.7170000076293945,0.578499972820282
YHL007C,YKL119C,0,-4.000482,0.11025680601596832,0.7170000076293945,0.5785999894142151
YPL156C,YAL024C,0,-4.000585,0.11023985594511032,0.7170000076293945,0.5787000060081482
YML001W,YBR050C,0,-4.0009747,0.11022290587425232,0.7170000076293945,0.5788000226020813
YMR043W,YJL167W,0,-4.001071,0.11020596325397491,0.7170000076293945,0.5788999795913696
YJL108C,YLR396C,0,-4.0011487,0.1101890280842781,0.7170000076293945,0.5789999961853027
YOR084W,YMR192W,0,-4.0016828,0.1101720929145813,0.7170000076293945,0.5791000127792358
YMR311C,YNR049C,0,-4.001928,0.11015517264604568,0.7170000076293945,0.579200029373169
YHR050W,YHR161C,0,-4.001986,0.11013825237751007,0.7170000076293945,0.5792999863624573
YDR072C,YDR379W,0,-4.002061,0.11012133210897446,0.7170000076293945,0.5794000029563904
YDR345C,YLR449W,0,-4.00212,0.11010441929101944,0.7170000076293945,0.5795000195503235
YOL121C,YER030W,0,-4.0024576,0.11008751392364502,0.7170000076293945,0.5795999765396118
YMR056C,YOR272W,0,-4.0024576,0.1100706160068512,0.7170000076293945,0.5796999931335449
YDR093W,YOR355W,0,-4.002562,0.11005372554063797,0.7170000076293945,0.579800009727478
YJL041W,YKL056C,0,-4.003123,0.11003683507442474,0.7170000076293945,0.5799000263214111
YDR113C,YOL104C,1,-4.003197,0.11017338931560516,0.7179999947547913,0.5799000263214111
YBL023C,YMR067C,0,-4.0032525,0.11015649139881134,0.7179999947547913,0.5799999833106995
YPL217C,YML024W,0,-4.0037074,0.11013959348201752,0.7179999947547913,0.5800999999046326
YGL095C,YJR007W,0,-4.003932,0.11012270301580429,0.7179999947547913,0.5802000164985657
YGL191W,YJL183W,0,-4.0040617,0.11010581254959106,0.7179999947547913,0.580299973487854
YPR164W,YML062C,1,-4.0043015,0.11024225503206253,0.718999981880188,0.580299973487854
YGL053W,YER008C,0,-4.0043554,0.11022535711526871,0.718999981880188,0.5803999900817871
YFR021W,YDL101C,0,-4.0046186,0.11020845919847488,0.718999981880188,0.5805000066757202
YBR276C,YKL165C,0,-4.004979,0.11019156873226166,0.718999981880188,0.5806000232696533
YJL080C,YJL001W,0,-4.0051017,0.11017468571662903,0.718999981880188,0.5806999802589417
YOL004W,YNL172W,0,-4.005133,0.1101578027009964,0.718999981880188,0.5807999968528748
YNL021W,YML014W,0,-4.0051613,0.11014093458652496,0.718999981880188,0.5809000134468079
YCL024W,YLR240W,0,-4.005284,0.11012405902147293,0.718999981880188,0.5809999704360962
YDR447C,YPR128C,0,-4.0053983,0.11010719835758209,0.718999981880188,0.5810999870300293
YER173W,YNL312W,1,-4.0055847,0.11024345457553864,0.7200000286102295,0.5810999870300293
YMR077C,YMR053C,0,-4.005815,0.1102265790104866,0.7200000286102295,0.5812000036239624
YDL020C,YER145C,0,-4.0058346,0.11020970344543457,0.7200000286102295,0.5813000202178955
YMR106C,YOL104C,1,-4.0059524,0.11034588515758514,0.7210000157356262,0.5813000202178955
YPR193C,YML024W,0,-4.0059624,0.11032899469137192,0.7210000157356262,0.5813999772071838
YAL021C,YOR140W,0,-4.0059876,0.11031211912631989,0.7210000157356262,0.5814999938011169
YGR135W,YDR361C,0,-4.006376,0.11029524356126785,0.7210000157356262,0.58160001039505
YLR405W,YOR204W,0,-4.0064,0.11027837544679642,0.7210000157356262,0.5817000269889832
YIL121W,YDL065C,0,-4.0066547,0.11026150733232498,0.7210000157356262,0.5817999839782715
YDR456W,YJL101C,0,-4.006776,0.11024464666843414,0.7210000157356262,0.5819000005722046
YLR442C,YMR240C,0,-4.006872,0.1102277934551239,0.7210000157356262,0.5820000171661377
YCR018C,YKL205W,0,-4.007095,0.11021094769239426,0.7210000157356262,0.582099974155426
YER104W,YOL072W,1,-4.007136,0.11034693568944931,0.722000002861023,0.582099974155426
YOL100W,YDR259C,0,-4.0073366,0.11033007502555847,0.722000002861023,0.5821999907493591
YOR026W,YJR119C,0,-4.00741,0.11031321436166763,0.722000002861023,0.5823000073432922
YNL216W,YOL124C,0,-4.0074124,0.11029636114835739,0.722000002861023,0.5824000239372253
YBR142W,YLR103C,0,-4.007423,0.11027951538562775,0.722000002861023,0.5824999809265137
YNR046W,YDR322C-A,0,-4.007451,0.1102626770734787,0.722000002861023,0.5825999975204468
YGL066W,YHR082C,0,-4.0087385,0.11024583876132965,0.722000002861023,0.5827000141143799
YNL257C,YBR112C,0,-4.008832,0.1102290078997612,0.722000002861023,0.5827999711036682
YLR398C,YJR090C,0,-4.009246,0.11021218448877335,0.722000002861023,0.5828999876976013
YMR243C,YPL152W,0,-4.0095377,0.11019536107778549,0.722000002861023,0.5830000042915344
YLR006C,YDR120C,0,-4.0095534,0.11017854511737823,0.722000002861023,0.5831000208854675
YFR050C,YPL093W,0,-4.0096717,0.11016173660755157,0.722000002861023,0.5831999778747559
YMR184W,YKR028W,0,-4.009677,0.11014492809772491,0.722000002861023,0.583299994468689
YGL205W,YDL153C,0,-4.009788,0.11012812703847885,0.722000002861023,0.5834000110626221
YOR039W,YNL302C,0,-4.010087,0.11011133342981339,0.722000002861023,0.5835000276565552
YNL133C,YLR240W,0,-4.010312,0.11009453982114792,0.722000002861023,0.5835999846458435
YJR140C,YCL004W,0,-4.010417,0.11007775366306305,0.722000002861023,0.5837000012397766
YKL112W,YBR041W,0,-4.0105,0.11006097495555878,0.722000002861023,0.5838000178337097
YOL097C,YBR223C,0,-4.0108075,0.1100442036986351,0.722000002861023,0.583899974822998
YMR038C,YGR085C,0,-4.0108476,0.11002743244171143,0.722000002861023,0.5839999914169312
YBR114W,YNL008C,0,-4.0117927,0.11001066863536835,0.722000002861023,0.5841000080108643
YOL016C,YBR086C,0,-4.0118103,0.10999390482902527,0.722000002861023,0.5842000246047974
YML023C,YBL030C,0,-4.0119658,0.10997714847326279,0.722000002861023,0.5842999815940857
YOR208W,YGL136C,0,-4.012018,0.1099603995680809,0.722000002861023,0.5843999981880188
YGR262C,YML075C,0,-4.0122194,0.10994365811347961,0.722000002861023,0.5845000147819519
YHR058C,YLR310C,0,-4.012386,0.10992691665887833,0.722000002861023,0.5845999717712402
YMR047C,YMR058W,0,-4.0128417,0.10991018265485764,0.722000002861023,0.5846999883651733
YNL227C,YKL054C,0,-4.012966,0.10989345610141754,0.722000002861023,0.5848000049591064
YOL108C,YPL167C,0,-4.013037,0.10987672954797745,0.722000002861023,0.5849000215530396
YJL098W,YFL049W,0,-4.013308,0.10986001044511795,0.722000002861023,0.5849999785423279
YKL165C,YNL135C,0,-4.01341,0.10984329879283905,0.722000002861023,0.585099995136261
YNL136W,YNL106C,0,-4.013668,0.10982658714056015,0.722000002861023,0.5852000117301941
YHR204W,YFL031W,0,-4.0139813,0.10980988293886185,0.722000002861023,0.5853000283241272
YOR079C,YLR353W,0,-4.0146475,0.10979318618774414,0.722000002861023,0.5853999853134155
YPL015C,YLL002W,1,-4.0150146,0.10992854088544846,0.7229999899864197,0.5853999853134155
YDL165W,YPR032W,0,-4.015639,0.10991182923316956,0.7229999899864197,0.5855000019073486
YLR450W,YGR254W,0,-4.01565,0.10989511758089066,0.7229999899864197,0.5856000185012817
YHR118C,YNL020C,0,-4.015913,0.10987842082977295,0.7229999899864197,0.5856999754905701
YKL114C,YBR127C,0,-4.0159144,0.10986172407865524,0.7229999899864197,0.5857999920845032
YNR034W,YDR470C,0,-4.0161715,0.10984503477811813,0.7229999899864197,0.5859000086784363
YDR251W,YFL039C,0,-4.016228,0.10982834547758102,0.7229999899864197,0.5860000252723694
YKL015W,YPR034W,0,-4.0162745,0.10981166362762451,0.7229999899864197,0.5860999822616577
YDR369C,YPL164C,1,-4.0164657,0.1099468469619751,0.7239999771118164,0.5860999822616577
YNL149C,YDR091C,0,-4.0167923,0.10993015766143799,0.7239999771118164,0.5861999988555908
YPL091W,YLR016C,0,-4.016868,0.10991346836090088,0.7239999771118164,0.5863000154495239
YER149C,YBR179C,0,-4.017104,0.10989677906036377,0.7239999771118164,0.5863999724388123
YGR004W,YBR059C,0,-4.017683,0.10988010466098785,0.7239999771118164,0.5864999890327454
YDR325W,YGR252W,0,-4.01782,0.10986343026161194,0.7239999771118164,0.5866000056266785
YAL020C,YIL125W,0,-4.017823,0.10984676331281662,0.7239999771118164,0.5867000222206116
YHR072W,YDR400W,0,-4.01784,0.1098300963640213,0.7239999771118164,0.5867999792098999
YBR173C,YAL017W,0,-4.01791,0.10981343686580658,0.7239999771118164,0.586899995803833
YML112W,YNR072W,0,-4.018089,0.10979678481817245,0.7239999771118164,0.5870000123977661
YDL047W,YDL044C,0,-4.018669,0.10978013277053833,0.7239999771118164,0.5871000289916992
YOL033W,YJL087C,0,-4.0189366,0.1097634956240654,0.7239999771118164,0.5871999859809875
YJL003W,YML021C,0,-4.018937,0.10974685102701187,0.7239999771118164,0.5873000025749207
YMR204C,YOR316C,0,-4.018955,0.10973022133111954,0.7239999771118164,0.5874000191688538
YCR083W,YGL233W,0,-4.019117,0.1097135916352272,0.7239999771118164,0.5874999761581421
YCR091W,YJR119C,0,-4.019171,0.10969696938991547,0.7239999771118164,0.5875999927520752
YDL078C,YNL197C,0,-4.0194507,0.10968035459518433,0.7239999771118164,0.5877000093460083
YOR267C,YNL037C,0,-4.0196877,0.10966373980045319,0.7239999771118164,0.5878000259399414
YNL101W,YMR173W,0,-4.020047,0.10964713245630264,0.7239999771118164,0.5878999829292297
YLR092W,YJR118C,0,-4.0201654,0.1096305251121521,0.7239999771118164,0.5879999995231628
YNR052C,YCL032W,0,-4.020592,0.10961392521858215,0.7239999771118164,0.588100016117096
YCL031C,YDL216C,0,-4.02066,0.1095973327755928,0.7239999771118164,0.5881999731063843
YNL216W,YDR322C-A,0,-4.020773,0.10958074778318405,0.7239999771118164,0.5882999897003174
YER154W,YFR008W,0,-4.0213666,0.1095641627907753,0.7239999771118164,0.5884000062942505
YLR032W,YKL112W,0,-4.0214806,0.10954758524894714,0.7239999771118164,0.5885000228881836
YGL169W,YJL115W,0,-4.0215054,0.10953101515769958,0.7239999771118164,0.5885999798774719
YHR193C,YGR180C,0,-4.021535,0.10951444506645203,0.7239999771118164,0.588699996471405
YMR137C,YGL092W,0,-4.02164,0.10949788242578506,0.7239999771118164,0.5888000130653381
YER171W,YLR353W,0,-4.021997,0.1094813272356987,0.7239999771118164,0.5889000296592712
YPL137C,YIR012W,0,-4.02207,0.10946477204561234,0.7239999771118164,0.5889999866485596
YLR228C,YJR118C,0,-4.0220733,0.10944822430610657,0.7239999771118164,0.5891000032424927
YPL132W,YPL233W,0,-4.022104,0.1094316840171814,0.7239999771118164,0.5892000198364258
YHL022C,YMR133W,1,-4.022546,0.10956627130508423,0.7250000238418579,0.5892000198364258
YBR133C,YNL290W,0,-4.0228815,0.10954971611499786,0.7250000238418579,0.5892999768257141
YBR199W,YHR174W,0,-4.02299,0.1095331609249115,0.7250000238418579,0.5893999934196472
YCR033W,YPL153C,0,-4.023315,0.10951661318540573,0.7250000238418579,0.5895000100135803
YDR296W,YNL135C,0,-4.0233645,0.10950007289648056,0.7250000238418579,0.5896000266075134
YKL074C,YPR016C,0,-4.023526,0.10948354005813599,0.7250000238418579,0.5896999835968018
YGL175C,YLR234W,1,-4.0237193,0.10961800068616867,0.7260000109672546,0.5896999835968018
YDR211W,YML008C,0,-4.0239906,0.1096014529466629,0.7260000109672546,0.5898000001907349
YBL041W,YOR224C,0,-4.024331,0.10958490520715714,0.7260000109672546,0.589900016784668
YPL253C,YKL055C,0,-4.0243335,0.10956836491823196,0.7260000109672546,0.5899999737739563
YPL053C,YOR279C,0,-4.0244493,0.10955183207988739,0.7260000109672546,0.5900999903678894
YLR295C,YDR320C-A,0,-4.024507,0.10953530669212341,0.7260000109672546,0.5902000069618225
YOL020W,YLR145W,0,-4.0245657,0.10951878130435944,0.7260000109672546,0.5903000235557556
YGL044C,YGL093W,0,-4.024661,0.10950226336717606,0.7260000109672546,0.590399980545044
YNL199C,YJL194W,0,-4.0249057,0.10948574542999268,0.7260000109672546,0.590499997138977
YHR072W,YBL003C,0,-4.0249333,0.10946924239397049,0.7260000109672546,0.5906000137329102
YNL098C,YMR229C,0,-4.0249777,0.1094527393579483,0.7260000109672546,0.5906999707221985
YNL037C,YCR008W,0,-4.0250554,0.10943623632192612,0.7260000109672546,0.5907999873161316
YKL012W,YBL008W,0,-4.02527,0.10941974073648453,0.7260000109672546,0.5909000039100647
YPL057C,YML008C,0,-4.025424,0.10940325260162354,0.7260000109672546,0.5910000205039978
YPL140C,YOR270C,0,-4.0256114,0.10938677191734314,0.7260000109672546,0.5910999774932861
YER082C,YGR244C,0,-4.025673,0.10937029123306274,0.7260000109672546,0.5911999940872192
YML129C,YPL093W,0,-4.0256844,0.10935381799936295,0.7260000109672546,0.5913000106811523
YFR001W,YGR211W,0,-4.0259805,0.10933735221624374,0.7260000109672546,0.5914000272750854
YCL055W,YMR168C,0,-4.025983,0.10932088643312454,0.7260000109672546,0.5914999842643738
YNL118C,YER002W,0,-4.0261765,0.10930442810058594,0.7260000109672546,0.5916000008583069
YOR117W,YPL181W,0,-4.0262575,0.10928796976804733,0.7260000109672546,0.59170001745224
YBR265W,YMR052W,0,-4.0265794,0.10927152633666992,0.7260000109672546,0.5917999744415283
YDR224C,YOR193W,0,-4.0266194,0.10925507545471191,0.7260000109672546,0.5918999910354614
YLR071C,YLR427W,0,-4.026657,0.1092386394739151,0.7260000109672546,0.5920000076293945
YBR136W,YDR386W,1,-4.02708,0.10937264561653137,0.7269999980926514,0.5920000076293945
YPR187W,YDR483W,0,-4.027191,0.10935619473457336,0.7269999980926514,0.5921000242233276
YBR172C,YIL150C,0,-4.0273104,0.10933975130319595,0.7269999980926514,0.592199981212616
YDL143W,YIL095W,0,-4.0273223,0.10932330787181854,0.7269999980926514,0.5922999978065491
YGR220C,YHR205W,0,-4.0276923,0.10930687189102173,0.7269999980926514,0.5924000144004822
YMR091C,YPR138C,0,-4.027801,0.10929043591022491,0.7269999980926514,0.5924999713897705
YGL225W,YBR082C,0,-4.02801,0.1092740148305893,0.7269999980926514,0.5925999879837036
YFR013W,YDR052C,0,-4.028627,0.10925758630037308,0.7269999980926514,0.5927000045776367
YDR040C,YPR056W,0,-4.0288873,0.10924117267131805,0.7269999980926514,0.5928000211715698
YAR008W,YOR319W,0,-4.0288997,0.10922475904226303,0.7269999980926514,0.5928999781608582
YBR098W,YOR354C,1,-4.0290017,0.10935857146978378,0.7279999852180481,0.5928999781608582
YNL163C,YPR046W,0,-4.0294275,0.10934214293956757,0.7279999852180481,0.5929999947547913
YDR057W,YAL056W,0,-4.0295825,0.10932572185993195,0.7279999852180481,0.5931000113487244
YBR245C,YIL132C,0,-4.029868,0.10930930823087692,0.7279999852180481,0.5932000279426575
YMR186W,YPR128C,0,-4.029899,0.1092929020524025,0.7279999852180481,0.5932999849319458
YPL016W,YHR193C,0,-4.0299573,0.10927649587392807,0.7279999852180481,0.5934000015258789
YDR251W,YFL016C,0,-4.030253,0.10926008969545364,0.7279999852180481,0.593500018119812
YER088C,YNL326C,0,-4.0303173,0.10924369841814041,0.7279999852180481,0.5935999751091003
YGR275W,YBR155W,0,-4.0304184,0.10922730714082718,0.7279999852180481,0.5936999917030334
YKL017C,YLR060W,0,-4.030428,0.10921092331409454,0.7279999852180481,0.5938000082969666
YDR362C,YGR185C,0,-4.030454,0.10919453948736191,0.7279999852180481,0.5939000248908997
YDR325W,YKL145W,0,-4.030533,0.10917816311120987,0.7279999852180481,0.593999981880188
YDR138W,YMR224C,1,-4.031238,0.10931174457073212,0.7289999723434448,0.593999981880188
YGR216C,YLR148W,0,-4.0312777,0.10929535329341888,0.7289999723434448,0.5940999984741211
YNL148C,YCR027C,0,-4.03128,0.10927896946668625,0.7289999723434448,0.5942000150680542
YPL244C,YIL128W,0,-4.031298,0.10926259309053421,0.7289999723434448,0.5942999720573425
YPR083W,YHR158C,0,-4.031328,0.10924621671438217,0.7289999723434448,0.5943999886512756
YOL144W,YCR093W,0,-4.031373,0.10922984778881073,0.7289999723434448,0.5945000052452087
YGR072W,YMR301C,0,-4.03185,0.10921348631381989,0.7289999723434448,0.5946000218391418
YPL194W,YLL002W,1,-4.031894,0.1093469113111496,0.7300000190734863,0.5946000218391418
YDR147W,YDR040C,0,-4.031996,0.10933053493499756,0.7300000190734863,0.5946999788284302
YPL164C,YDR386W,1,-4.032223,0.10946390777826309,0.7310000061988831,0.5946999788284302
YNL283C,YHR019C,0,-4.032847,0.10944752395153046,0.7310000061988831,0.5947999954223633
YBR121C,YJR082C,0,-4.033064,0.10943114012479782,0.7310000061988831,0.5949000120162964
YMR106C,YMR133W,1,-4.033341,0.10956443846225739,0.7319999933242798,0.5949000120162964
YDR058C,YGR159C,0,-4.0334387,0.10954803973436356,0.7319999933242798,0.5950000286102295
YNL068C,YCL059C,0,-4.0335803,0.10953164845705032,0.7319999933242798,0.5950999855995178
YPL055C,YDR225W,0,-4.033667,0.10951525717973709,0.7319999933242798,0.5952000021934509
YJL080C,YDR081C,0,-4.0340414,0.10949888080358505,0.7319999933242798,0.595300018787384
YMR065W,YOL076W,0,-4.034386,0.10948250442743301,0.7319999933242798,0.5953999757766724
YLR103C,YER127W,0,-4.0346665,0.10946612805128098,0.7319999933242798,0.5954999923706055
YLR200W,YBL041W,0,-4.035033,0.10944975912570953,0.7319999933242798,0.5956000089645386
YGR239C,YPL180W,0,-4.035078,0.10943339765071869,0.7319999933242798,0.5957000255584717
YJL006C,YMR243C,0,-4.0353403,0.10941704362630844,0.7319999933242798,0.59579998254776
YMR013C,YNL151C,0,-4.0355105,0.1094006896018982,0.7319999933242798,0.5958999991416931
YLR116W,YLR371W,0,-4.035676,0.10938434302806854,0.7319999933242798,0.5960000157356262
YNL294C,YGR140W,0,-4.0359063,0.10936799645423889,0.7319999933242798,0.5960999727249146
YJR131W,YAL058W,0,-4.0360723,0.10935165733098984,0.7319999933242798,0.5961999893188477
YHR175W,YNL225C,0,-4.036244,0.10933532565832138,0.7319999933242798,0.5963000059127808
YGL175C,YLL002W,1,-4.0362945,0.10946834087371826,0.7329999804496765,0.5963000059127808
YOR025W,YDR485C,0,-4.0363793,0.10945199429988861,0.7329999804496765,0.5964000225067139
YOR275C,YFR046C,0,-4.0367565,0.10943565517663956,0.7329999804496765,0.5964999794960022
YPR164W,YOL072W,1,-4.036798,0.10956859588623047,0.734000027179718,0.5964999794960022
YLR191W,YMR235C,0,-4.037245,0.10955224186182022,0.734000027179718,0.5965999960899353
YDR151C,YIL061C,0,-4.03747,0.10953588783740997,0.734000027179718,0.5967000126838684
YER036C,YJL076W,0,-4.037473,0.10951954871416092,0.734000027179718,0.5968000292778015
YLR117C,YKL114C,0,-4.0376873,0.10950320959091187,0.734000027179718,0.5968999862670898
YDR235W,YGR158C,0,-4.03786,0.10948687046766281,0.734000027179718,0.597000002861023
YKL095W,YBL034C,0,-4.037891,0.10947054624557495,0.734000027179718,0.597100019454956
YOR026W,YDL166C,0,-4.0379663,0.10945422202348709,0.734000027179718,0.5971999764442444
YJR033C,YOR099W,0,-4.0384507,0.10943789780139923,0.734000027179718,0.5972999930381775
YOL077C,YJR068W,0,-4.038739,0.10942158848047256,0.734000027179718,0.5974000096321106
YKL119C,YGR020C,0,-4.03878,0.1094052791595459,0.734000027179718,0.5975000262260437
YIL121W,YLR130C,0,-4.0389776,0.10938896983861923,0.734000027179718,0.597599983215332
YDL126C,YPL049C,0,-4.03898,0.10937267541885376,0.734000027179718,0.5976999998092651
YBR088C,YNL080C,0,-4.039029,0.10935637354850769,0.734000027179718,0.5978000164031982
YDL028C,YDR339C,0,-4.039323,0.10934008657932281,0.734000027179718,0.5978999733924866
YFR009W,YMR179W,0,-4.0394583,0.10932379961013794,0.734000027179718,0.5979999899864197
YPL060W,YPL269W,0,-4.0395126,0.10930752009153366,0.734000027179718,0.5981000065803528
YPL015C,YJL173C,1,-4.039625,0.1094401404261589,0.7350000143051147,0.5981000065803528
YBR002C,YGL037C,0,-4.0396843,0.10942385345697403,0.7350000143051147,0.5982000231742859
YCL061C,YMR067C,0,-4.0399966,0.10940755903720856,0.7350000143051147,0.5982999801635742
YGR227W,YEL027W,0,-4.040235,0.10939127951860428,0.7350000143051147,0.5983999967575073
YDR073W,YNL207W,0,-4.040377,0.109375,0.7350000143051147,0.5985000133514404
YIL139C,YDR463W,0,-4.040851,0.10935872793197632,0.7350000143051147,0.5985999703407288
YMR240C,YPR101W,0,-4.04095,0.10934245586395264,0.7350000143051147,0.5986999869346619
YPL075W,YKR037C,0,-4.041229,0.10932619124650955,0.7350000143051147,0.598800003528595
YDR180W,YML095C,1,-4.0413213,0.10945865511894226,0.7360000014305115,0.598800003528595
YKL056C,YLR056W,0,-4.041434,0.10944237560033798,0.7360000014305115,0.5989000201225281
YFR021W,YDR098C,0,-4.0415087,0.1094261109828949,0.7360000014305115,0.5989999771118164
YKR083C,YPL167C,0,-4.041716,0.10940983891487122,0.7360000014305115,0.5990999937057495
YNL246W,YPR108W,0,-4.0419836,0.10939358174800873,0.7360000014305115,0.5992000102996826
YNL268W,YML073C,0,-4.042113,0.10937732458114624,0.7360000014305115,0.5993000268936157
YOR068C,YOR355W,0,-4.042148,0.10936106741428375,0.7360000014305115,0.599399983882904
YPR164W,YMR224C,1,-4.0422745,0.10949338972568512,0.7369999885559082,0.599399983882904
YFL041W,YLR372W,0,-4.042447,0.10947712510824203,0.7369999885559082,0.5995000004768372
YPR030W,YNL166C,0,-4.0424504,0.10946086794137955,0.7369999885559082,0.5996000170707703
YMR106C,YOL068C,1,-4.0424705,0.10959310829639435,0.7379999756813049,0.5996000170707703
YDR279W,YFL031W,0,-4.042488,0.10957683622837067,0.7379999756813049,0.5996999740600586
YOR032C,YER123W,0,-4.043037,0.10956057161092758,0.7379999756813049,0.5997999906539917
YBL035C,YDL098C,0,-4.043266,0.1095443069934845,0.7379999756813049,0.5999000072479248
YHR135C,YGR157W,0,-4.043323,0.10952804982662201,0.7379999756813049,0.6000000238418579
YHR050W,YNL207W,0,-4.0434356,0.10951180011034012,0.7379999756813049,0.6000999808311462
YAL021C,YML127W,0,-4.043463,0.10949555039405823,0.7379999756813049,0.6001999974250793
YCR018C,YMR137C,0,-4.04381,0.10947930812835693,0.7379999756813049,0.6003000140190125
YBR296C,YNL099C,0,-4.0439434,0.10946306586265564,0.7379999756813049,0.6003999710083008
YDL142C,YPL069C,0,-4.044005,0.10944683104753494,0.7379999756813049,0.6004999876022339
YNL262W,YAL043C,0,-4.044059,0.10943060368299484,0.7379999756813049,0.600600004196167
YBL088C,YLR234W,1,-4.0443354,0.10956263542175293,0.7390000224113464,0.600600004196167
YDL148C,YKL054C,0,-4.044426,0.10954640060663223,0.7390000224113464,0.6007000207901001
YPL015C,YGL175C,1,-4.045002,0.10967837274074554,0.7400000095367432,0.6007000207901001
YDR378C,YDR176W,0,-4.0453606,0.10966212302446365,0.7400000095367432,0.6007999777793884
YDR469W,YMR241W,0,-4.04543,0.10964587330818176,0.7400000095367432,0.6008999943733215
YDL150W,YNL078W,0,-4.0454354,0.10962963104248047,0.7400000095367432,0.6010000109672546
YJL176C,YIL037C,0,-4.045443,0.10961338877677917,0.7400000095367432,0.6011000275611877
YNR001C,YPL026C,0,-4.045623,0.10959715396165848,0.7400000095367432,0.6011999845504761
YLR002C,YAL053W,0,-4.0457873,0.10958092659711838,0.7400000095367432,0.6013000011444092
YMR080C,YIR002C,0,-4.0459375,0.10956469923257828,0.7400000095367432,0.6014000177383423
YBR136W,YML062C,1,-4.0460668,0.10969652235507965,0.7409999966621399,0.6014000177383423
YDR416W,YGL097W,0,-4.0462513,0.10968028753995895,0.7409999966621399,0.6014999747276306
YJL187C,YPL271W,0,-4.046273,0.10966405272483826,0.7409999966621399,0.6015999913215637
YNL133C,YKL055C,0,-4.0463095,0.10964782536029816,0.7409999966621399,0.6017000079154968
YMR106C,YDR110W,1,-4.04638,0.10977955162525177,0.7419999837875366,0.6017000079154968
YBR121C,YLR130C,0,-4.0465,0.10976331681013107,0.7419999837875366,0.6018000245094299
YLR410W,YOR344C,0,-4.0465,0.10974708199501038,0.7419999837875366,0.6018999814987183
YJL014W,YOL045W,0,-4.047052,0.10973084717988968,0.7419999837875366,0.6019999980926514
YCR092C,YOL072W,1,-4.047108,0.10986248403787613,0.7429999709129333,0.6019999980926514
YJL020C,YNL197C,0,-4.04738,0.10984624177217484,0.7429999709129333,0.6021000146865845
YIL016W,YGL153W,0,-4.0477185,0.10983000695705414,0.7429999709129333,0.6021999716758728
YLR295C,YLL008W,0,-4.0479584,0.10981377214193344,0.7429999709129333,0.6022999882698059
YLR166C,YOR132W,0,-4.048051,0.10979754477739334,0.7429999709129333,0.602400004863739
YBR073W,YDR110W,1,-4.048065,0.10992907732725143,0.7440000176429749,0.602400004863739
YGR231C,YCR089W,0,-4.048153,0.10991283506155014,0.7440000176429749,0.6025000214576721
YLR430W,YPR056W,0,-4.0487456,0.10989660024642944,0.7440000176429749,0.6025999784469604
YOL104C,YGL175C,1,-4.048997,0.11002805829048157,0.7450000047683716,0.6025999784469604
YPL194W,YNL312W,1,-4.049003,0.1101594790816307,0.7459999918937683,0.6025999784469604
YLR363C,YGL019W,0,-4.049175,0.11014321446418762,0.7459999918937683,0.6026999950408936
YCL031C,YCR065W,0,-4.0492454,0.11012695729732513,0.7459999918937683,0.6028000116348267
YKL045W,YOR068C,0,-4.0492992,0.11011070013046265,0.7459999918937683,0.6029000282287598
YEL026W,YKL149C,0,-4.0493298,0.11009445041418076,0.7459999918937683,0.6029999852180481
YDR489W,YDL188C,0,-4.04946,0.11007820814847946,0.7459999918937683,0.6031000018119812
YDL231C,YGL093W,0,-4.0495768,0.11006196588277817,0.7459999918937683,0.6032000184059143
YJR001W,YJL020C,0,-4.049714,0.11004573106765747,0.7459999918937683,0.6032999753952026
YCR033W,YGR129W,0,-4.049753,0.11002949625253677,0.7459999918937683,0.6033999919891357
YPL274W,YDL093W,0,-4.049761,0.11001326888799667,0.7459999918937683,0.6035000085830688
YMR298W,YLR272C,0,-4.0500903,0.10999704897403717,0.7459999918937683,0.603600025177002
YLR085C,YBR223C,0,-4.0502763,0.10998083651065826,0.7459999918937683,0.6036999821662903
YLR430W,YGL045W,0,-4.0503263,0.10996462404727936,0.7459999918937683,0.6037999987602234
YLR226W,YHL020C,0,-4.0505123,0.10994841903448105,0.7459999918937683,0.6039000153541565
YGL019W,YNL214W,0,-4.0507264,0.10993221402168274,0.7459999918937683,0.6039999723434448
YJL030W,YGL233W,0,-4.0507445,0.10991601645946503,0.7459999918937683,0.6040999889373779
YBR133C,YJL065C,0,-4.050931,0.10989982634782791,0.7459999918937683,0.604200005531311
YGL254W,YDL093W,0,-4.0511994,0.1098836362361908,0.7459999918937683,0.6043000221252441
YOR129C,YOL146W,0,-4.051218,0.10986745357513428,0.7459999918937683,0.6043999791145325
YHR107C,YLR071C,0,-4.051784,0.10985127091407776,0.7459999918937683,0.6044999957084656
YDL056W,YPL087W,0,-4.0518317,0.10983510315418243,0.7459999918937683,0.6046000123023987
YER016W,YHR191C,0,-4.0519214,0.10981892794370651,0.7459999918937683,0.6047000288963318
YGR230W,YBR275C,0,-4.052147,0.10980276763439178,0.7459999918937683,0.6047999858856201
YOR127W,YPL151C,0,-4.052477,0.10978660732507706,0.7459999918937683,0.6049000024795532
YKR052C,YDL105W,0,-4.052587,0.10977045446634293,0.7459999918937683,0.6050000190734863
YDL154W,YNL088W,1,-4.0526867,0.10990142822265625,0.746999979019165,0.6050000190734863
YGR216C,YJL005W,0,-4.0526967,0.10988526046276093,0.746999979019165,0.6050999760627747
YPL020C,YHR041C,0,-4.0529284,0.1098691001534462,0.746999979019165,0.6051999926567078
YMR268C,YLR055C,0,-4.053589,0.10985293984413147,0.746999979019165,0.6053000092506409
YOR084W,YJL167W,0,-4.0536184,0.10983678698539734,0.746999979019165,0.605400025844574
YNL259C,YJL020C,0,-4.053758,0.1098206415772438,0.746999979019165,0.6054999828338623
YJL029C,YKL043W,0,-4.0537596,0.10980449616909027,0.746999979019165,0.6055999994277954
YOR073W,YGL030W,0,-4.053884,0.10978835821151733,0.746999979019165,0.6057000160217285
YNL307C,YDL111C,0,-4.053924,0.109772227704525,0.746999979019165,0.6057999730110168
YML095C,YNL139C,1,-4.0545573,0.10990303009748459,0.7480000257492065,0.6057999730110168
YJR076C,YMR179W,0,-4.054877,0.10988688468933105,0.7480000257492065,0.60589998960495
YDR079C-A,YMR119W,0,-4.0549173,0.10987073928117752,0.7480000257492065,0.6060000061988831
YPL049C,YKL055C,0,-4.0554714,0.10985460132360458,0.7480000257492065,0.6061000227928162
YNL118C,YDR495C,0,-4.055527,0.10983847081661224,0.7480000257492065,0.6061999797821045
YGL014W,YGR078C,0,-4.0556307,0.1098223477602005,0.7480000257492065,0.6062999963760376
YLR238W,YPR140W,0,-4.0558634,0.10980622470378876,0.7480000257492065,0.6064000129699707
YPL164C,YBR073W,1,-4.0558987,0.10993688553571701,0.7490000128746033,0.6064000129699707
YPR108W,YGL233W,0,-4.0560308,0.10992075502872467,0.7490000128746033,0.6065000295639038
YBR173C,YLR096W,0,-4.056346,0.10990462452173233,0.7490000128746033,0.6065999865531921
YNL186W,YDL007W,0,-4.056426,0.10988849401473999,0.7490000128746033,0.6067000031471252
YLR051C,YEL002C,0,-4.056433,0.10987237840890884,0.7490000128746033,0.6068000197410583
YAL047C,YPL002C,0,-4.0565076,0.1098562628030777,0.7490000128746033,0.6068999767303467
YBR098W,YDR113C,1,-4.0566673,0.1099868044257164,0.75,0.6068999767303467
YBL007C,YBR193C,0,-4.0568037,0.10997067391872406,0.75,0.6069999933242798
YDR057W,YPR173C,0,-4.056823,0.10995455086231232,0.75,0.6071000099182129
YNL199C,YGL227W,0,-4.056924,0.10993843525648117,0.75,0.607200026512146
YNL270C,YPL204W,0,-4.057262,0.10992231965065002,0.75,0.6072999835014343
YML043C,YDL188C,0,-4.057861,0.10990621149539948,0.75,0.6074000000953674
YKL205W,YOL128C,0,-4.0579166,0.10989011079072952,0.75,0.6075000166893005
YBR245C,YDR227W,0,-4.0579557,0.10987401008605957,0.75,0.6075999736785889
YIL128W,YMR172W,0,-4.0580444,0.10985791683197021,0.75,0.607699990272522
YMR138W,YOL038W,0,-4.058045,0.10984183102846146,0.75,0.6078000068664551
YPL015C,YER173W,1,-4.058201,0.10997217893600464,0.7509999871253967,0.6078000068664551
YOR032C,YOR386W,0,-4.058275,0.10995607823133469,0.7509999871253967,0.6079000234603882
YPL106C,YPL096W,0,-4.058349,0.10993997752666473,0.7509999871253967,0.6079999804496765
YOL121C,YBL058W,0,-4.0584483,0.10992388427257538,0.7509999871253967,0.6080999970436096
YGR216C,YOL117W,0,-4.058867,0.10990779846906662,0.7509999871253967,0.6082000136375427
YBL041W,YGR112W,0,-4.0589023,0.10989172011613846,0.7509999871253967,0.608299970626831
YBR006W,YPR082C,0,-4.0589914,0.1098756417632103,0.7509999871253967,0.6083999872207642
YNL148C,YOR279C,0,-4.059285,0.10985956341028214,0.7509999871253967,0.6085000038146973
YLR045C,YDR150W,0,-4.059588,0.10984349995851517,0.7509999871253967,0.6086000204086304
YGR165W,YFL033C,0,-4.059656,0.1098274365067482,0.7509999871253967,0.6086999773979187
YKL112W,YEL017C-A,0,-4.059926,0.10981137305498123,0.7509999871253967,0.6087999939918518
YER028C,YDR400W,0,-4.0600343,0.10979532450437546,0.7509999871253967,0.6089000105857849
YER125W,YGL018C,0,-4.0602565,0.10977926850318909,0.7509999871253967,0.609000027179718
YKR099W,YJR021C,1,-4.060604,0.10990938544273376,0.7519999742507935,0.609000027179718
YDR378C,YJL110C,0,-4.0606327,0.1098933219909668,0.7519999742507935,0.6090999841690063
YFR001W,YLR337C,0,-4.060685,0.10987726598978043,0.7519999742507935,0.6092000007629395
YJL042W,YDR176W,0,-4.060916,0.10986120998859406,0.7519999742507935,0.6093000173568726
YJR121W,YPR190C,0,-4.0610538,0.10984516143798828,0.7519999742507935,0.6093999743461609
YMR198W,YLR116W,0,-4.061121,0.1098291203379631,0.7519999742507935,0.609499990940094
YGR188C,YKL149C,0,-4.0611625,0.10981308668851852,0.7519999742507935,0.6096000075340271
YBR167C,YDR225W,0,-4.0612054,0.10979705303907394,0.7519999742507935,0.6097000241279602
YOR157C,YGR257C,0,-4.061298,0.10978101938962936,0.7519999742507935,0.6097999811172485
YMR241W,YAL043C,0,-4.0618963,0.10976500064134598,0.7519999742507935,0.6098999977111816
YAR007C,YDR004W,1,-4.0620203,0.10989492386579514,0.753000020980835,0.6098999977111816
YDR479C,YLR052W,0,-4.0622044,0.10987888276576996,0.753000020980835,0.6100000143051147
YDR260C,YLR313C,0,-4.062312,0.10986285656690598,0.753000020980835,0.6100999712944031
YDR392W,YDR043C,0,-4.063029,0.10984683036804199,0.753000020980835,0.6101999878883362
YOR208W,YJL117W,0,-4.0634255,0.10983080416917801,0.753000020980835,0.6103000044822693
YOR149C,YDL201W,0,-4.0640693,0.10981478542089462,0.753000020980835,0.6104000210762024
YEL032W,YDR075W,0,-4.064291,0.10979877412319183,0.753000020980835,0.6104999780654907
YHR176W,YOR116C,0,-4.0644126,0.10978277027606964,0.753000020980835,0.6105999946594238
YDR171W,YDR365C,0,-4.0645733,0.10976676642894745,0.753000020980835,0.6107000112533569
YOL012C,YPL117C,0,-4.0656304,0.10975076258182526,0.753000020980835,0.61080002784729
YML049C,YPR068C,0,-4.0657706,0.10973477363586426,0.753000020980835,0.6108999848365784
YER089C,YHR158C,0,-4.0658164,0.10971878468990326,0.753000020980835,0.6110000014305115
YGL097W,YBR223C,0,-4.065836,0.10970279574394226,0.753000020980835,0.6111000180244446
YGR056W,YPR052C,0,-4.06585,0.10968681424856186,0.753000020980835,0.6111999750137329
YDR448W,YDR016C,0,-4.065914,0.10967084020376205,0.753000020980835,0.611299991607666
YDR322C-A,YKL140W,0,-4.0659943,0.10965487360954285,0.753000020980835,0.6114000082015991
YHR042W,YNL326C,0,-4.066372,0.10963890701532364,0.753000020980835,0.6115000247955322
YOR172W,YFL029C,0,-4.0668416,0.10962294042110443,0.753000020980835,0.6115999817848206
YHR107C,YOR145C,0,-4.0669856,0.10960698872804642,0.753000020980835,0.6116999983787537
YPL164C,YLL002W,1,-4.067033,0.10973657667636871,0.7540000081062317,0.6116999983787537
YLR295C,YOL077C,0,-4.067147,0.10972060263156891,0.7540000081062317,0.6118000149726868
YPL137C,YLR368W,0,-4.0674725,0.1097046434879303,0.7540000081062317,0.6118999719619751
YDR231C,YHR176W,0,-4.067549,0.10968868434429169,0.7540000081062317,0.6119999885559082
YHL009C,YDL101C,0,-4.067864,0.10967272520065308,0.7540000081062317,0.6121000051498413
YCL054W,YOL116W,0,-4.068057,0.10965677350759506,0.7540000081062317,0.6122000217437744
YDL212W,YML098W,0,-4.068058,0.10964082926511765,0.7540000081062317,0.6122999787330627
YDL212W,YLR045C,0,-4.068093,0.10962489247322083,0.7540000081062317,0.6123999953269958
YOR085W,YHR118C,0,-4.068305,0.109608955681324,0.7540000081062317,0.612500011920929
YDR469W,YOR340C,0,-4.068726,0.10959302634000778,0.7540000081062317,0.6126000285148621
YMR186W,YOR117W,0,-4.0690126,0.10957709699869156,0.7540000081062317,0.6126999855041504
YAR007C,YNL139C,1,-4.069081,0.10970648378133774,0.7549999952316284,0.6126999855041504
YBR267W,YGR074W,0,-4.069439,0.10969053953886032,0.7549999952316284,0.6128000020980835
YLR223C,YGR078C,0,-4.0694623,0.1096746101975441,0.7549999952316284,0.6129000186920166
YDL036C,YJR082C,0,-4.0694666,0.10965868085622787,0.7549999952316284,0.6129999756813049
YMR179W,YLR385C,0,-4.0696635,0.10964275151491165,0.7549999952316284,0.613099992275238
YOL093W,YDR194C,0,-4.069705,0.10962682962417603,0.7549999952316284,0.6132000088691711
YKL160W,YHR176W,0,-4.069996,0.109610915184021,0.7549999952316284,0.6133000254631042
YNL009W,YML029W,0,-4.0700717,0.10959500819444656,0.7549999952316284,0.6133999824523926
YDR231C,YPL161C,0,-4.07011,0.10957910120487213,0.7549999952316284,0.6134999990463257
YDR379W,YLL061W,0,-4.070339,0.1095632016658783,0.7549999952316284,0.6136000156402588
YKL192C,YDR363W-A,0,-4.070838,0.10954730212688446,0.7549999952316284,0.6136999726295471
YJL187C,YLR226W,0,-4.0708694,0.10953141003847122,0.7549999952316284,0.6137999892234802
YKL034W,YJL089W,0,-4.070879,0.10951551795005798,0.7549999952316284,0.6139000058174133
YDL159W,YJL219W,0,-4.0709696,0.10949964076280594,0.7549999952316284,0.6140000224113464
YDR310C,YHR085W,0,-4.071083,0.1094837561249733,0.7549999952316284,0.6140999794006348
YGL126W,YNL025C,0,-4.071262,0.10946788638830185,0.7549999952316284,0.6141999959945679
YNL128W,YKL148C,0,-4.071337,0.1094520166516304,0.7549999952316284,0.614300012588501
YLR234W,YLR418C,1,-4.0717487,0.1095810979604721,0.7559999823570251,0.614300012588501
YJL173C,YML095C,1,-4.0720525,0.10971014201641083,0.7570000290870667,0.614300012588501
YER173W,YNL330C,1,-4.072068,0.10983915627002716,0.7580000162124634,0.614300012588501
YLR398C,YDR126W,0,-4.072179,0.10982324182987213,0.7580000162124634,0.6144000291824341
YNL163C,YLR319C,0,-4.0721874,0.1098073273897171,0.7580000162124634,0.6144999861717224
YBR258C,YER012W,0,-4.072247,0.10979142785072327,0.7580000162124634,0.6146000027656555
YDL008W,YNL292W,0,-4.072609,0.10977552831172943,0.7580000162124634,0.6147000193595886
YJR121W,YOR330C,0,-4.0726485,0.1097596287727356,0.7580000162124634,0.614799976348877
YGL232W,YPL132W,0,-4.0727262,0.10974373668432236,0.7580000162124634,0.6148999929428101
YPR075C,YML036W,0,-4.073136,0.10972785204648972,0.7580000162124634,0.6150000095367432
YPL001W,YDR219C,0,-4.0733013,0.10971196740865707,0.7580000162124634,0.6151000261306763
YDL030W,YDL043C,0,-4.074042,0.10969609022140503,0.7580000162124634,0.6151999831199646
YAL020C,YKR026C,0,-4.0741305,0.10968022048473358,0.7580000162124634,0.6152999997138977
YKR055W,YBR182C,0,-4.074148,0.10966435074806213,0.7580000162124634,0.6154000163078308
YGL119W,YML081C-A,0,-4.074327,0.10964848846197128,0.7580000162124634,0.6154999732971191
YJL134W,YBR172C,0,-4.0743628,0.10963262617588043,0.7580000162124634,0.6155999898910522
YHR167W,YOR354C,1,-4.0745187,0.10976138710975647,0.7590000033378601,0.6155999898910522
YPR018W,YER049W,0,-4.074555,0.10974551737308502,0.7590000033378601,0.6157000064849854
YPL127C,YDR386W,1,-4.074726,0.10987422615289688,0.7599999904632568,0.6157000064849854
YGR231C,YML075C,0,-4.074735,0.10985834151506424,0.7599999904632568,0.6158000230789185
YDR437W,YML036W,0,-4.07476,0.1098424643278122,0.7599999904632568,0.6158999800682068
YHR152W,YNR013C,0,-4.074859,0.10982658714056015,0.7599999904632568,0.6159999966621399
YHR065C,YER143W,0,-4.075241,0.1098107174038887,0.7599999904632568,0.616100013256073
YKL182W,YGR214W,0,-4.075289,0.10979485511779785,0.7599999904632568,0.6161999702453613
YDR093W,YOL033W,0,-4.075482,0.1097790002822876,0.7599999904632568,0.6162999868392944
YOL027C,YDR279W,0,-4.075755,0.10976314544677734,0.7599999904632568,0.6164000034332275
YLR442C,YDR176W,0,-4.0758123,0.10974729061126709,0.7599999904632568,0.6165000200271606
YNL020C,YNL106C,0,-4.075815,0.10973144322633743,0.7599999904632568,0.616599977016449
YNL251C,YGR047C,0,-4.076164,0.10971560329198837,0.7599999904632568,0.6166999936103821
YNL202W,YJR118C,0,-4.0763803,0.10969977080821991,0.7599999904632568,0.6168000102043152
YER035W,YBR223C,0,-4.0765157,0.10968393832445145,0.7599999904632568,0.6169000267982483
YLL011W,YMR156C,0,-4.076639,0.10966811329126358,0.7599999904632568,0.6169999837875366
YDL217C,YGL205W,0,-4.077055,0.10965228825807571,0.7599999904632568,0.6171000003814697
YER161C,YDR412W,0,-4.077242,0.10963647067546844,0.7599999904632568,0.6172000169754028
YBR024W,YFR037C,0,-4.0773315,0.10962065309286118,0.7599999904632568,0.6172999739646912
YPL110C,YLR248W,0,-4.0773664,0.1096048429608345,0.7599999904632568,0.6173999905586243
YLR260W,YNL298W,0,-4.077427,0.10958904027938843,0.7599999904632568,0.6175000071525574
YFR024C-A,YGR245C,0,-4.0775266,0.10957323759794235,0.7599999904632568,0.6176000237464905
YPR008W,YGL158W,0,-4.07799,0.10955744236707687,0.7599999904632568,0.6176999807357788
YDR409W,YER075C,0,-4.078543,0.10954165458679199,0.7599999904632568,0.6177999973297119
YBR272C,YOR067C,0,-4.078624,0.10952586680650711,0.7599999904632568,0.617900013923645
YDR523C,YOL149W,0,-4.078625,0.10951008647680283,0.7599999904632568,0.6179999709129333
YDL229W,YJR001W,0,-4.079101,0.10949430614709854,0.7599999904632568,0.6180999875068665
YKL064W,YEL024W,0,-4.079772,0.10947853326797485,0.7599999904632568,0.6182000041007996
YBR265W,YMR025W,0,-4.079866,0.10946276783943176,0.7599999904632568,0.6183000206947327
YGR211W,YBR234C,0,-4.0803013,0.10944700241088867,0.7599999904632568,0.618399977684021
YNL012W,YLR043C,0,-4.080315,0.10943124443292618,0.7599999904632568,0.6184999942779541
YOR330C,YML069W,0,-4.080974,0.10941549390554428,0.7599999904632568,0.6186000108718872
YNR052C,YPL153C,0,-4.0811334,0.10939974337816238,0.7599999904632568,0.6187000274658203
YKL051W,YMR067C,0,-4.082068,0.10938399285078049,0.7599999904632568,0.6187999844551086
YDL113C,YBR095C,0,-4.0820985,0.10936825722455978,0.7599999904632568,0.6189000010490417
YJR006W,YMR211W,0,-4.0821743,0.10935252159833908,0.7599999904632568,0.6190000176429749
YAR003W,YKL149C,0,-4.082194,0.10933678597211838,0.7599999904632568,0.6190999746322632
YOL144W,YDL216C,0,-4.0821996,0.10932105779647827,0.7599999904632568,0.6191999912261963
YNL147W,YPR168W,0,-4.0823317,0.10930533707141876,0.7599999904632568,0.6193000078201294
YIL144W,YPL181W,0,-4.082636,0.10928961634635925,0.7599999904632568,0.6194000244140625
YMR173W,YPL221W,0,-4.0828195,0.10927390307188034,0.7599999904632568,0.6194999814033508
YNL323W,YLR353W,0,-4.08284,0.10925819724798203,0.7599999904632568,0.6195999979972839
YNL156C,YKR037C,0,-4.082915,0.10924249142408371,0.7599999904632568,0.619700014591217
YNL219C,YCL059C,0,-4.0829673,0.1092267856001854,0.7599999904632568,0.6197999715805054
YOR140W,YER164W,0,-4.0829906,0.10921109467744827,0.7599999904632568,0.6198999881744385
YIR004W,YMR208W,0,-4.0830536,0.10919540375471115,0.7599999904632568,0.6200000047683716
YOL051W,YBR257W,0,-4.0833516,0.10917971283197403,0.7599999904632568,0.6201000213623047
YKL182W,YNL039W,0,-4.083388,0.1091640368103981,0.7599999904632568,0.620199978351593
YLR396C,YDL200C,0,-4.083433,0.10914835333824158,0.7599999904632568,0.6202999949455261
YNL261W,YNL093W,0,-4.0835633,0.10913268476724625,0.7599999904632568,0.6204000115394592
YOR346W,YPR100W,0,-4.0836515,0.10911701619625092,0.7599999904632568,0.6205000281333923
YPR165W,YNL136W,0,-4.0838885,0.10910134762525558,0.7599999904632568,0.6205999851226807
YLL043W,YNL128W,0,-4.0839453,0.10908568650484085,0.7599999904632568,0.6207000017166138
YJL124C,YIL095W,0,-4.0839834,0.10907003283500671,0.7599999904632568,0.6208000183105469
YDR394W,YDR436W,0,-4.0842547,0.10905438661575317,0.7599999904632568,0.6208999752998352
YNL021W,YLR385C,0,-4.0842595,0.10903874039649963,0.7599999904632568,0.6209999918937683
YDR224C,YBR212W,0,-4.0845966,0.1090230941772461,0.7599999904632568,0.6211000084877014
YER147C,YOL006C,1,-4.084758,0.10915088653564453,0.7609999775886536,0.6211000084877014
YNL136W,YMR267W,0,-4.084837,0.1091352328658104,0.7609999775886536,0.6212000250816345
YGL126W,YLR136C,0,-4.084923,0.10911958664655685,0.7609999775886536,0.6212999820709229
YJL029C,YIL010W,0,-4.085376,0.10910394042730331,0.7609999775886536,0.621399998664856
YPL096W,YHR085W,0,-4.0855336,0.10908830165863037,0.7609999775886536,0.6215000152587891
YBR192W,YLL034C,0,-4.0858474,0.10907267034053802,0.7609999775886536,0.6215999722480774
YDL132W,YOR099W,0,-4.0858955,0.10905703902244568,0.7609999775886536,0.6216999888420105
YOL010W,YOR204W,0,-4.086061,0.10904140770435333,0.7609999775886536,0.6218000054359436
YMR137C,YOL044W,0,-4.0864315,0.10902579128742218,0.7609999775886536,0.6219000220298767
YGR036C,YOR260W,0,-4.0864563,0.10901016741991043,0.7609999775886536,0.621999979019165
YGR013W,YER165W,0,-4.0865974,0.10899455845355988,0.7609999775886536,0.6220999956130981
YGL244W,YPR179C,0,-4.0867057,0.10897894948720932,0.7609999775886536,0.6222000122070312
YJR076C,YNL078W,0,-4.0872054,0.10896334797143936,0.7609999775886536,0.6223000288009644
YGR280C,YDR182W,0,-4.087397,0.1089477464556694,0.7609999775886536,0.6223999857902527
YOR231W,YLR007W,0,-4.087811,0.10893215239048004,0.7609999775886536,0.6225000023841858
YGL092W,YPR009W,0,-4.0880184,0.10891655832529068,0.7609999775886536,0.6226000189781189
YAL021C,YER109C,0,-4.088218,0.10890097171068192,0.7609999775886536,0.6226999759674072
YNL268W,YPR034W,0,-4.088385,0.10888539254665375,0.7609999775886536,0.6227999925613403
YOR266W,YGR257C,0,-4.0884433,0.10886981338262558,0.7609999775886536,0.6229000091552734
YDR045C,YML110C,0,-4.08855,0.10885424166917801,0.7609999775886536,0.6230000257492065
YGR178C,YGR253C,0,-4.088671,0.10883866995573044,0.7609999775886536,0.6230999827384949
YPL156C,YOR194C,0,-4.08884,0.10882310569286346,0.7609999775886536,0.623199999332428
YLR295C,YLR369W,0,-4.0889063,0.10880754888057709,0.7609999775886536,0.6233000159263611
YLR450W,YKL043W,0,-4.0896883,0.10879199206829071,0.7609999775886536,0.6233999729156494
YBL023C,YOR295W,0,-4.0897226,0.10877644270658493,0.7609999775886536,0.6234999895095825
YOR194C,YOL021C,0,-4.089836,0.10876090079545975,0.7609999775886536,0.6236000061035156
YPR041W,YJR044C,0,-4.0898705,0.10874535888433456,0.7609999775886536,0.6237000226974487
YOR122C,YMR247C,0,-4.0901027,0.10872981697320938,0.7609999775886536,0.6237999796867371
YPR101W,YLL001W,0,-4.090241,0.1087142825126648,0.7609999775886536,0.6238999962806702
YDL043C,YDL039C,0,-4.0902686,0.1086987555027008,0.7609999775886536,0.6240000128746033
YOR274W,YKL197C,0,-4.0908504,0.10868323594331741,0.7609999775886536,0.6241000294685364
YNL123W,YHR012W,0,-4.0911794,0.10866771638393402,0.7609999775886536,0.6241999864578247
YPL132W,YOR281C,0,-4.0915804,0.10865219682455063,0.7609999775886536,0.6243000030517578
YCR092C,YMR224C,1,-4.0923266,0.10877944529056549,0.7620000243186951,0.6243000030517578
YEL062W,YOR171C,0,-4.0929227,0.1087639182806015,0.7620000243186951,0.6244000196456909
YDR059C,YBR127C,0,-4.0931334,0.10874839127063751,0.7620000243186951,0.6244999766349792
YGR081C,YMR250W,0,-4.093574,0.10873287916183472,0.7620000243186951,0.6245999932289124
YPR042C,YGL049C,0,-4.0937753,0.10871736705303192,0.7620000243186951,0.6247000098228455
YHR027C,YNR003C,0,-4.093844,0.10870185494422913,0.7620000243186951,0.6248000264167786
YPR162C,YKR002W,0,-4.0939965,0.10868635028600693,0.7620000243186951,0.6248999834060669
YOL104C,YLL002W,1,-4.09403,0.10881346464157104,0.7630000114440918,0.6248999834060669
YBR103W,YPL110C,0,-4.094059,0.10879794508218765,0.7630000114440918,0.625
YMR056C,YNL292W,0,-4.094257,0.10878243297338486,0.7630000114440918,0.6251000165939331
YDR116C,YML075C,0,-4.094428,0.10876692831516266,0.7630000114440918,0.6251999735832214
YOL009C,YDR464W,0,-4.09447,0.10875142365694046,0.7630000114440918,0.6252999901771545
YDR113C,YHR154W,1,-4.0947127,0.10887844115495682,0.7639999985694885,0.6252999901771545
YOL133W,YOR279C,0,-4.095114,0.10886292159557343,0.7639999985694885,0.6254000067710876
YER168C,YMR235C,0,-4.0951333,0.10884741693735123,0.7639999985694885,0.6255000233650208
YAR003W,YKL197C,0,-4.095268,0.10883191227912903,0.7639999985694885,0.6255999803543091
YLR186W,YFR050C,0,-4.0955515,0.10881640762090683,0.7639999985694885,0.6256999969482422
YOR193W,YKL110C,0,-4.0955763,0.10880091041326523,0.7639999985694885,0.6258000135421753
YOR171C,YPL212C,0,-4.095618,0.10878542065620422,0.7639999985694885,0.6258999705314636
YDR077W,YEL026W,0,-4.09576,0.10876993089914322,0.7639999985694885,0.6259999871253967
YDL087C,YPL204W,0,-4.09603,0.10875444859266281,0.7639999985694885,0.6261000037193298
YOR317W,YGR162W,0,-4.0962963,0.1087389662861824,0.7639999985694885,0.6262000203132629
YOL034W,YMR016C,0,-4.0965767,0.10872349143028259,0.7639999985694885,0.6262999773025513
YDL164C,YGL043W,1,-4.0966134,0.10885031521320343,0.7649999856948853,0.6262999773025513
YOR058C,YOL142W,0,-4.0966525,0.10883482545614243,0.7649999856948853,0.6263999938964844
YMR047C,YEL012W,0,-4.096692,0.10881934314966202,0.7649999856948853,0.6265000104904175
YLR295C,YPR111W,0,-4.0968657,0.10880386829376221,0.7649999856948853,0.6266000270843506
YNL048W,YCL034W,0,-4.096915,0.1087883934378624,0.7649999856948853,0.6266999840736389
YGR230W,YLR141W,0,-4.0969567,0.10877292603254318,0.7649999856948853,0.626800000667572
YJL170C,YMR204C,0,-4.097706,0.10875746607780457,0.7649999856948853,0.6269000172615051
YNL273W,YJL029C,0,-4.0977645,0.10874200612306595,0.7649999856948853,0.6269999742507935
YPL194W,YKR099W,1,-4.097796,0.10886867344379425,0.765999972820282,0.6269999742507935
YLR399C,YIL121W,0,-4.097983,0.10885320603847504,0.765999972820282,0.6270999908447266
YNL262W,YPR057W,0,-4.098265,0.10883773863315582,0.765999972820282,0.6272000074386597
YHR152W,YDR178W,0,-4.0982704,0.1088222786784172,0.765999972820282,0.6273000240325928
YNL286W,YNL166C,0,-4.0983353,0.10880681872367859,0.765999972820282,0.6273999810218811
YHR205W,YBR192W,0,-4.098362,0.10879136621952057,0.765999972820282,0.6274999976158142
YKR003W,YMR239C,0,-4.098386,0.10877591371536255,0.765999972820282,0.6276000142097473
YIL085C,YGR211W,0,-4.0985055,0.10876046866178513,0.765999972820282,0.6276999711990356
YER089C,YBR082C,0,-4.098645,0.1087450310587883,0.765999972820282,0.6277999877929688
YBR161W,YFL041W,0,-4.0986686,0.10872959345579147,0.765999972820282,0.6279000043869019
YDR045C,YOR229W,0,-4.0987797,0.10871416330337524,0.765999972820282,0.628000020980835
YPL091W,YCR034W,0,-4.0991926,0.10869874060153961,0.765999972820282,0.6280999779701233
YGR158C,YFL039C,0,-4.099412,0.10868331789970398,0.765999972820282,0.6281999945640564
YGR275W,YHR108W,0,-4.0994234,0.10866789519786835,0.765999972820282,0.6283000111579895
YJL134W,YIL095W,0,-4.099556,0.10865247994661331,0.765999972820282,0.6284000277519226
YDR284C,YDR414C,0,-4.0997987,0.10863707214593887,0.765999972820282,0.6284999847412109
YML080W,YJR090C,0,-4.0998154,0.10862166434526443,0.765999972820282,0.628600001335144
YDR201W,YKR079C,0,-4.099932,0.1086062639951706,0.765999972820282,0.6287000179290771
YDL051W,YER142C,0,-4.1002474,0.10859087109565735,0.765999972820282,0.6287999749183655
YOR335C,YNL264C,0,-4.1007247,0.1085754781961441,0.765999972820282,0.6288999915122986
YOL122C,YLR110C,0,-4.100794,0.10856009274721146,0.765999972820282,0.6290000081062317
YML095C,YDR110W,1,-4.1013446,0.1086864098906517,0.7670000195503235,0.6290000081062317
YPL178W,YML126C,0,-4.101347,0.10867100954055786,0.7670000195503235,0.6291000247001648
YDR469W,YKL114C,0,-4.101363,0.10865561664104462,0.7670000195503235,0.6291999816894531
YNL309W,YIR037W,0,-4.101478,0.10864022374153137,0.7670000195503235,0.6292999982833862
YER125W,YJL011C,0,-4.1015053,0.10862483829259872,0.7670000195503235,0.6294000148773193
YDL134C,YHR108W,0,-4.101667,0.10860946029424667,0.7670000195503235,0.6294999718666077
YFR024C-A,YPL178W,0,-4.101723,0.10859408229589462,0.7670000195503235,0.6295999884605408
YPL084W,YBR029C,0,-4.101849,0.10857871174812317,0.7670000195503235,0.6297000050544739
YNL326C,YDL115C,0,-4.1020675,0.10856334120035172,0.7670000195503235,0.629800021648407
YNL055C,YDR384C,0,-4.1027617,0.10854797810316086,0.7670000195503235,0.6298999786376953
YHR030C,YCL031C,0,-4.103076,0.10853261500597,0.7670000195503235,0.6299999952316284
YOR069W,YMR119W,0,-4.10388,0.10851725935935974,0.7670000195503235,0.6301000118255615
YOL027C,YOR047C,0,-4.104075,0.10850191116333008,0.7670000195503235,0.6302000284194946
YDR037W,YNR008W,0,-4.104414,0.10848656296730042,0.7670000195503235,0.630299985408783
YKL017C,YGR191W,0,-4.1045437,0.10847122222185135,0.7670000195503235,0.6304000020027161
YAL029C,YHR154W,1,-4.1056156,0.1085972860455513,0.7680000066757202,0.6304000020027161
YLR032W,YPR036W,0,-4.105907,0.10858193039894104,0.7680000066757202,0.6305000185966492
YDR168W,YHR005C,0,-4.1063805,0.10856658220291138,0.7680000066757202,0.6305999755859375
YJR045C,YNL048W,0,-4.1064973,0.10855123400688171,0.7680000066757202,0.6306999921798706
YCR066W,YOR026W,0,-4.1065736,0.10853589326143265,0.7680000066757202,0.6308000087738037
YOR140W,YDR240C,0,-4.1066747,0.10852055996656418,0.7680000066757202,0.6309000253677368
YOL080C,YMR029C,0,-4.106736,0.10850522667169571,0.7680000066757202,0.6309999823570251
YLR450W,YPR104C,0,-4.1067753,0.10848990082740784,0.7680000066757202,0.6310999989509583
YGL011C,YJL087C,0,-4.106786,0.10847457498311996,0.7680000066757202,0.6312000155448914
YPL057C,YDR485C,0,-4.106982,0.10845925658941269,0.7680000066757202,0.6312999725341797
YGL205W,YMR311C,0,-4.1070585,0.10844394564628601,0.7680000066757202,0.6313999891281128
YDL159W,YML069W,0,-4.107177,0.10842863470315933,0.7680000066757202,0.6315000057220459
YBR142W,YDR208W,0,-4.1079226,0.10841332376003265,0.7680000066757202,0.631600022315979
YJL074C,YKR079C,0,-4.108147,0.10839802771806717,0.7680000066757202,0.6316999793052673
YLR277C,YNL048W,0,-4.1083703,0.10838272422552109,0.7680000066757202,0.6317999958992004
YFL008W,YDR130C,0,-4.1089153,0.1083674356341362,0.7680000066757202,0.6319000124931335
YDL036C,YPR056W,0,-4.108958,0.10835214704275131,0.7680000066757202,0.6320000290870667
YFL021W,YLR324W,0,-4.109237,0.10833685845136642,0.7680000066757202,0.632099986076355
YMR239C,YMR135C,0,-4.109323,0.10832157731056213,0.7680000066757202,0.6322000026702881
YDR296W,YGL029W,0,-4.1093583,0.10830630362033844,0.7680000066757202,0.6323000192642212
YDR058C,YDR168W,0,-4.1093774,0.10829102993011475,0.7680000066757202,0.6323999762535095
YHR175W,YOR204W,0,-4.110053,0.10827576369047165,0.7680000066757202,0.6324999928474426
YNL323W,YJL101C,0,-4.110148,0.10826050490140915,0.7680000066757202,0.6326000094413757
YLR221C,YJL001W,0,-4.110227,0.10824524611234665,0.7680000066757202,0.6327000260353088
YHR183W,YLR056W,0,-4.1103196,0.10822998732328415,0.7680000066757202,0.6327999830245972
YML028W,YBL103C,0,-4.110322,0.10821473598480225,0.7680000066757202,0.6328999996185303
YOR233W,YKR029C,0,-4.110421,0.10819949209690094,0.7680000066757202,0.6330000162124634
YKL112W,YIL002C,0,-4.1104536,0.10818424820899963,0.7680000066757202,0.6330999732017517
YNL251C,YPR008W,0,-4.110665,0.10816901177167892,0.7680000066757202,0.6331999897956848
YGL191W,YLR248W,0,-4.110893,0.10815378278493881,0.7680000066757202,0.6333000063896179
YNR002C,YJL005W,0,-4.110963,0.1081385537981987,0.7680000066757202,0.633400022983551
YPR173C,YOR020C,0,-4.1109967,0.10812332481145859,0.7680000066757202,0.6334999799728394
YJL003W,YPR161C,0,-4.111,0.10810811072587967,0.7680000066757202,0.6335999965667725
YOR266W,YCR028C,0,-4.1111007,0.10809288918972015,0.7680000066757202,0.6337000131607056
YMR301C,YGL122C,0,-4.1111283,0.10807768255472183,0.7680000066757202,0.6338000297546387
YMR268C,YBR167C,0,-4.1115003,0.10806247591972351,0.7680000066757202,0.633899986743927
YFR036W,YGR156W,0,-4.111562,0.10804726928472519,0.7680000066757202,0.6340000033378601
YGR036C,YGL019W,0,-4.111816,0.10803207010030746,0.7680000066757202,0.6341000199317932
YKL004W,YJL065C,0,-4.112213,0.10801687836647034,0.7680000066757202,0.6341999769210815
YGL011C,YFL022C,0,-4.1124787,0.10800168663263321,0.7680000066757202,0.6342999935150146
YMR298W,YER126C,0,-4.1126523,0.10798650234937668,0.7680000066757202,0.6344000101089478
YNR003C,YHR158C,0,-4.112711,0.10797131806612015,0.7680000066757202,0.6345000267028809
YGL174W,YLR116W,0,-4.112871,0.10795614123344421,0.7680000066757202,0.6345999836921692
YPL106C,YOR181W,0,-4.1129327,0.10794097185134888,0.7680000066757202,0.6347000002861023
YER015W,YCR052W,0,-4.113159,0.10792580246925354,0.7680000066757202,0.6348000168800354
YOR100C,YJL095W,0,-4.113471,0.1079106330871582,0.7680000066757202,0.6348999738693237
YML013W,YEL066W,0,-4.1135063,0.10789547860622406,0.7680000066757202,0.6349999904632568
YHR129C,YFR033C,0,-4.1135116,0.10788031667470932,0.7680000066757202,0.6351000070571899
YOR181W,YNL016W,0,-4.113594,0.10786516964435577,0.7680000066757202,0.635200023651123
YBR030W,YKR042W,0,-4.114024,0.10785002261400223,0.7680000066757202,0.6352999806404114
YBR160W,YDR093W,0,-4.11417,0.10783487558364868,0.7680000066757202,0.6353999972343445
YDR501W,YLR052W,0,-4.1142087,0.10781973600387573,0.7680000066757202,0.6355000138282776
YDL102W,YGL169W,0,-4.114232,0.10780460387468338,0.7680000066757202,0.6355999708175659
YER089C,YJL127C,0,-4.114322,0.10778947174549103,0.7680000066757202,0.635699987411499
YNL267W,YDL201W,0,-4.1143904,0.10777434706687927,0.7680000066757202,0.6358000040054321
YNL009W,YPR125W,0,-4.1144495,0.10775922238826752,0.7680000066757202,0.6359000205993652
YIL105C,YIL159W,0,-4.1146407,0.10774410516023636,0.7680000066757202,0.6359999775886536
YOL044W,YBR275C,0,-4.1148024,0.1077289953827858,0.7680000066757202,0.6360999941825867
YPL161C,YBR035C,0,-4.115549,0.10771388560533524,0.7680000066757202,0.6362000107765198
YLR023C,YLR274W,0,-4.1159334,0.10769878327846527,0.7680000066757202,0.6363000273704529
YOR137C,YKR028W,0,-4.115967,0.1076836809515953,0.7680000066757202,0.6363999843597412
YMR277W,YHR188C,0,-4.116031,0.10766858607530594,0.7680000066757202,0.6365000009536743
YFL009W,YNL163C,0,-4.1161556,0.10765349119901657,0.7680000066757202,0.6366000175476074
YAL033W,YGR191W,0,-4.1162376,0.1076384037733078,0.7680000066757202,0.6366999745368958
YNL214W,YIL084C,0,-4.116265,0.10762331634759903,0.7680000066757202,0.6367999911308289
YOR073W,YDR190C,0,-4.1167097,0.10760823637247086,0.7680000066757202,0.636900007724762
YEL062W,YNL188W,0,-4.116889,0.10759316384792328,0.7680000066757202,0.6370000243186951
YPL015C,YOL072W,1,-4.1170125,0.10771816968917847,0.7689999938011169,0.6370000243186951
YPL016W,YMR023C,0,-4.1171846,0.1077030822634697,0.7689999938011169,0.6370999813079834
YLR451W,YJR007W,0,-4.1172934,0.10768800228834152,0.7689999938011169,0.6371999979019165
YGL175C,YOL072W,1,-4.1173253,0.10781294107437134,0.7699999809265137,0.6371999979019165
YDR503C,YNL225C,0,-4.1173625,0.10779784619808197,0.7699999809265137,0.6373000144958496
YOL002C,YLL022C,0,-4.1173797,0.1077827513217926,0.7699999809265137,0.6373999714851379
YDL231C,YMR240C,0,-4.1176143,0.10776767134666443,0.7699999809265137,0.637499988079071
YJL080C,YHR196W,0,-4.117709,0.10775259137153625,0.7699999809265137,0.6376000046730042
YNL082W,YHR154W,1,-4.117896,0.10787743330001831,0.7710000276565552,0.6376000046730042
YMR036C,YJL115W,0,-4.1182647,0.10786233842372894,0.7710000276565552,0.6377000212669373
YHR120W,YLR394W,0,-4.1185455,0.10784725099802017,0.7710000276565552,0.6377999782562256
YJL210W,YPR154W,0,-4.11857,0.107832171022892,0.7710000276565552,0.6378999948501587
YKL194C,YPL119C,0,-4.118585,0.10781709104776382,0.7710000276565552,0.6380000114440918
YJL019W,YGR279C,0,-4.1191607,0.10780201107263565,0.7710000276565552,0.6381000280380249
YPL121C,YER044C-A,1,-4.1199884,0.10792674124240875,0.7720000147819519,0.6381000280380249
YNL267W,YNL283C,0,-4.1205425,0.10791166126728058,0.7720000147819519,0.6381999850273132
YGR121C,YEL066W,0,-4.120571,0.10789657384157181,0.7720000147819519,0.6383000016212463
YNL159C,YJL110C,0,-4.1206293,0.10788150131702423,0.7720000147819519,0.6384000182151794
YML098W,YMR208W,0,-4.1206503,0.10786642134189606,0.7720000147819519,0.6384999752044678
YGR254W,YKL018W,0,-4.1206565,0.10785135626792908,0.7720000147819519,0.6385999917984009
YDR078C,YKL110C,0,-4.120696,0.1078362911939621,0.7720000147819519,0.638700008392334
YNL257C,YLR007W,0,-4.1207128,0.10782122611999512,0.7720000147819519,0.6388000249862671
YML049C,YMR119W,0,-4.1207232,0.10780617594718933,0.7720000147819519,0.6388999819755554
YJR090C,YDL101C,0,-4.1208663,0.10779111832380295,0.7720000147819519,0.6389999985694885
YJR031C,YCR052W,0,-4.121334,0.10777606815099716,0.7720000147819519,0.6391000151634216
YPR081C,YER169W,0,-4.121396,0.10776102542877197,0.7720000147819519,0.63919997215271
YLR240W,YCR081W,0,-4.1215134,0.10774599015712738,0.7720000147819519,0.6392999887466431
YDL188C,YGL246C,0,-4.1219373,0.10773095488548279,0.7720000147819519,0.6394000053405762
YER068W,YNL021W,0,-4.121965,0.1077159196138382,0.7720000147819519,0.6395000219345093
YFL025C,YHR188C,0,-4.122179,0.1077008917927742,0.7720000147819519,0.6395999789237976
YDR057W,YJR143C,0,-4.1222444,0.1076858714222908,0.7720000147819519,0.6396999955177307
YFR005C,YGR183C,0,-4.1223226,0.1076708510518074,0.7720000147819519,0.6398000121116638
YGR063C,YPR199C,0,-4.122659,0.1076558381319046,0.7720000147819519,0.6399000287055969
YDR097C,YLR418C,1,-4.1226883,0.10778025537729263,0.7730000019073486,0.6399000287055969
YDR295C,YKL058W,0,-4.1232123,0.10776522755622864,0.7730000019073486,0.6399999856948853
YGR185C,YIL147C,0,-4.123292,0.10775020718574524,0.7730000019073486,0.6401000022888184
YOL122C,YDR190C,0,-4.1234155,0.10773519426584244,0.7730000019073486,0.6402000188827515
YIL063C,YIL072W,0,-4.123441,0.10772018134593964,0.7730000019073486,0.6402999758720398
YDR409W,YOR319W,0,-4.123543,0.10770516842603683,0.7730000019073486,0.6403999924659729
YCR073W-A,YNR002C,0,-4.123786,0.10769016295671463,0.7730000019073486,0.640500009059906
YJL138C,YPL135W,0,-4.1240377,0.10767516493797302,0.7730000019073486,0.6406000256538391
YKL022C,YLR319C,0,-4.124051,0.10766016691923141,0.7730000019073486,0.6406999826431274
YLR130C,YMR208W,0,-4.124124,0.1076451763510704,0.7730000019073486,0.6407999992370605
YER123W,YOR316C,0,-4.1241274,0.1076301857829094,0.7730000019073486,0.6409000158309937
YOL089C,YDL128W,0,-4.1246414,0.10761520266532898,0.7730000019073486,0.640999972820282
YLR100W,YOR129C,0,-4.1247373,0.10760021954774857,0.7730000019073486,0.6410999894142151
YNL147W,YIL034C,0,-4.124818,0.10758524388074875,0.7730000019073486,0.6412000060081482
YGL044C,YER018C,0,-4.124898,0.10757027566432953,0.7730000019073486,0.6413000226020813
YJL048C,YPR100W,0,-4.124917,0.10755530744791031,0.7730000019073486,0.6413999795913696
YOR081C,YML081C-A,0,-4.1251926,0.10754034668207169,0.7730000019073486,0.6414999961853027
YGR238C,YDL142C,0,-4.1252766,0.10752538591623306,0.7730000019073486,0.6416000127792358
YDR302W,YOR014W,0,-4.1254015,0.10751043260097504,0.7730000019073486,0.641700029373169
YJR046W,YML023C,0,-4.1258454,0.10749547928571701,0.7730000019073486,0.6417999863624573
YKR050W,YCL004W,0,-4.1258507,0.10748053342103958,0.7730000019073486,0.6419000029563904
YER104W,YNL088W,1,-4.1263437,0.10760461539030075,0.7739999890327454,0.6419000029563904
YDR058C,YDR182W,0,-4.1266956,0.10758965462446213,0.7739999890327454,0.6420000195503235
YDL102W,YPR199C,0,-4.1267867,0.1075747013092041,0.7739999890327454,0.6420999765396118
YHR167W,YPR164W,1,-4.1268897,0.1076987236738205,0.7749999761581421,0.6420999765396118
YIL023C,YGL122C,0,-4.1269393,0.10768375545740128,0.7749999761581421,0.6421999931335449
YMR135C,YKL114C,0,-4.127037,0.10766879469156265,0.7749999761581421,0.642300009727478
YOR269W,YGR123C,0,-4.1274347,0.10765384137630463,0.7749999761581421,0.6424000263214111
YPR173C,YBL105C,0,-4.127447,0.1076388880610466,0.7749999761581421,0.6424999833106995
YDR123C,YFL016C,0,-4.127455,0.10762394219636917,0.7749999761581421,0.6425999999046326
YDR123C,YLL061W,0,-4.12757,0.10760899633169174,0.7749999761581421,0.6427000164985657
YLR201C,YOR315W,0,-4.1276054,0.10759405791759491,0.7749999761581421,0.642799973487854
YDL217C,YOR156C,0,-4.127702,0.10757911950349808,0.7749999761581421,0.6428999900817871
YMR273C,YNL084C,0,-4.1278086,0.10756418853998184,0.7749999761581421,0.6430000066757202
YDR159W,YNL039W,0,-4.12798,0.1075492650270462,0.7749999761581421,0.6431000232696533
YER104W,YER173W,1,-4.1283536,0.10767309367656708,0.7760000228881836,0.6431000232696533
YLR147C,YER109C,0,-4.1286707,0.10765815526247025,0.7760000228881836,0.6431999802589417
YOR119C,YBR009C,0,-4.1287756,0.10764322429895401,0.7760000228881836,0.6432999968528748
YGR112W,YCL004W,0,-4.128884,0.10762829333543777,0.7760000228881836,0.6434000134468079
YBR211C,YKL042W,0,-4.1289997,0.10761336982250214,0.7760000228881836,0.6434999704360962
YPL167C,YER146W,0,-4.129021,0.1075984463095665,0.7760000228881836,0.6435999870300293
YKL026C,YPR163C,0,-4.1291604,0.10758353024721146,0.7760000228881836,0.6437000036239624
YLR399C,YKL016C,0,-4.129313,0.10756861418485641,0.7760000228881836,0.6438000202178955
YMR268C,YPL075W,0,-4.129356,0.10755370557308197,0.7760000228881836,0.6438999772071838
YIL128W,YCL032W,0,-4.129366,0.10753880441188812,0.7760000228881836,0.6439999938011169
YGR135W,YNL222W,0,-4.1294723,0.10752390325069427,0.7760000228881836,0.64410001039505
YLR216C,YML024W,0,-4.129566,0.10750900208950043,0.7760000228881836,0.6442000269889832
YDL226C,YBL035C,0,-4.130157,0.10749411582946777,0.7760000228881836,0.6442999839782715
YBR275C,YHR034C,0,-4.1304383,0.10747922211885452,0.7760000228881836,0.6444000005722046
YLR139C,YHR166C,0,-4.1306596,0.10746434330940247,0.7760000228881836,0.6445000171661377
YBL064C,YNL016W,0,-4.1311073,0.10744945704936981,0.7760000228881836,0.644599974155426
YPL020C,YPL239W,0,-4.131617,0.10743458569049835,0.7760000228881836,0.6446999907493591
YPL159C,YBR103W,0,-4.1317534,0.10741971433162689,0.7760000228881836,0.6448000073432922
YLR007W,YLR274W,0,-4.132137,0.10740484297275543,0.7760000228881836,0.6449000239372253
YKL049C,YBR234C,0,-4.132191,0.10738997906446457,0.7760000228881836,0.6449999809265137
YOR058C,YGR140W,0,-4.132281,0.1073751226067543,0.7760000228881836,0.6450999975204468
YDR121W,YHR052W,0,-4.1324058,0.10736026614904404,0.7760000228881836,0.6452000141143799
YPL127C,YLL002W,1,-4.132574,0.10748374462127686,0.7770000100135803,0.6452000141143799
YDR481C,YGR186W,0,-4.132578,0.10746888071298599,0.7770000100135803,0.6452999711036682
YDR345C,YNL068C,0,-4.132701,0.10745401680469513,0.7770000100135803,0.6453999876976013
YER149C,YBR068C,0,-4.132729,0.10743916034698486,0.7770000100135803,0.6455000042915344
YML095C,YML062C,1,-4.1328673,0.10756255686283112,0.777999997138977,0.6455000042915344
YGR178C,YJR046W,0,-4.1329904,0.10754769295454025,0.777999997138977,0.6456000208854675
YMR112C,YOL076W,0,-4.133007,0.10753282904624939,0.777999997138977,0.6456999778747559
YBL035C,YCL032W,0,-4.1332927,0.10751796513795853,0.777999997138977,0.645799994468689
YJL100W,YOR047C,0,-4.133403,0.10750310868024826,0.777999997138977,0.6459000110626221
YDR264C,YLR216C,0,-4.1339455,0.10748825967311859,0.777999997138977,0.6460000276565552
YJR143C,YOR230W,0,-4.134025,0.10747341066598892,0.777999997138977,0.6460999846458435
YEL054C,YJL146W,0,-4.134049,0.10745856165885925,0.777999997138977,0.6462000012397766
YJL006C,YML014W,0,-4.134054,0.10744372010231018,0.777999997138977,0.6463000178337097
YFR005C,YLR370C,0,-4.1340575,0.1074288859963417,0.777999997138977,0.646399974822998
YLR086W,YLR385C,0,-4.134147,0.10741405189037323,0.777999997138977,0.6464999914169312
YLR086W,YDR308C,0,-4.134243,0.10739922523498535,0.777999997138977,0.6466000080108643
YDL217C,YPR082C,0,-4.1342916,0.10738440603017807,0.777999997138977,0.6467000246047974
YBR037C,YIL125W,0,-4.1344557,0.10736958682537079,0.777999997138977,0.6467999815940857
YPL037C,YJL011C,0,-4.1344643,0.10735476762056351,0.777999997138977,0.6468999981880188
YGR086C,YOR168W,0,-4.1346526,0.10733995586633682,0.777999997138977,0.6470000147819519
YDR377W,YPL138C,0,-4.134879,0.10732515156269073,0.777999997138977,0.6470999717712402
YDL035C,YJL183W,0,-4.1349826,0.10731034725904465,0.777999997138977,0.6471999883651733
YLR045C,YCR075C,0,-4.135359,0.10729554295539856,0.777999997138977,0.6473000049591064
YOR335C,YMR172W,0,-4.1361723,0.10728075355291367,0.777999997138977,0.6474000215530396
YHL007C,YBR173C,0,-4.1362357,0.10726595669984818,0.777999997138977,0.6474999785423279
YOL139C,YJL133W,0,-4.1362705,0.10725117474794388,0.777999997138977,0.647599995136261
YLR103C,YPR083W,0,-4.136526,0.10723638534545898,0.777999997138977,0.6477000117301941
YDR285W,YAL043C,0,-4.1366496,0.10722161084413528,0.777999997138977,0.6478000283241272
YPL001W,YJR104C,0,-4.1368613,0.10720683634281158,0.777999997138977,0.6478999853134155
YIL106W,YBL025W,0,-4.1369314,0.10719206184148788,0.777999997138977,0.6480000019073486
YOR037W,YGR170W,0,-4.1372776,0.10717729479074478,0.777999997138977,0.6481000185012817
YDR017C,YGL253W,0,-4.137344,0.10716253519058228,0.777999997138977,0.6481999754905701
YKL194C,YGR074W,0,-4.137442,0.10714777559041977,0.777999997138977,0.6482999920845032
YHR114W,YKR025W,0,-4.137549,0.10713302344083786,0.777999997138977,0.6484000086784363
YDR483W,YNL302C,0,-4.137732,0.10711827129125595,0.777999997138977,0.6485000252723694
YER031C,YJL139C,0,-4.1377482,0.10710352659225464,0.777999997138977,0.6485999822616577
YMR298W,YPR057W,0,-4.1379547,0.10708878189325333,0.777999997138977,0.6486999988555908
YLR200W,YNR013C,0,-4.1381507,0.10707404464483261,0.777999997138977,0.6488000154495239
YMR275C,YJL020C,0,-4.138183,0.1070593073964119,0.777999997138977,0.6488999724388123
YJL209W,YNL029C,0,-4.138219,0.10704457759857178,0.777999997138977,0.6489999890327454
YNL246W,YOR355W,0,-4.1383185,0.10702985525131226,0.777999997138977,0.6491000056266785
YPL152W,YDR153C,0,-4.1383805,0.10701513290405273,0.777999997138977,0.6492000222206116
YPL075W,YBL093C,0,-4.138409,0.10700041055679321,0.777999997138977,0.6492999792098999
YJL124C,YBR112C,0,-4.1385713,0.10698569566011429,0.777999997138977,0.649399995803833
YDR069C,YHR052W,0,-4.1387806,0.10697098821401596,0.777999997138977,0.6495000123977661
YOR127W,YLR272C,0,-4.13879,0.10695628076791763,0.777999997138977,0.6496000289916992
YGR230W,YKR026C,0,-4.138889,0.1069415807723999,0.777999997138977,0.6496999859809875
YMR080C,YGL094C,0,-4.1390953,0.10692688077688217,0.777999997138977,0.6498000025749207
YDL100C,YDR040C,0,-4.1391115,0.10691218823194504,0.777999997138977,0.6499000191688538
YPR164W,YOL006C,1,-4.1392026,0.10703489929437637,0.7789999842643738,0.6499000191688538
YDR052C,YJR002W,0,-4.140469,0.10702019184827805,0.7789999842643738,0.6499999761581421
YGR030C,YER025W,0,-4.1404867,0.10700549185276031,0.7789999842643738,0.6500999927520752
YOL023W,YEL017C-A,0,-4.140963,0.10699079930782318,0.7789999842643738,0.6502000093460083
YBR199W,YER018C,0,-4.1409645,0.10697610676288605,0.7789999842643738,0.6503000259399414
YAL041W,YOR073W,0,-4.140992,0.10696141421794891,0.7789999842643738,0.6503999829292297
YPR021C,YPR113W,0,-4.14134,0.10694672912359238,0.7789999842643738,0.6504999995231628
YNL147W,YOR014W,0,-4.1417193,0.10693205147981644,0.7789999842643738,0.650600016117096
YGR121C,YDR503C,0,-4.1418495,0.1069173738360405,0.7789999842643738,0.6506999731063843
YLR166C,YGR230W,0,-4.141955,0.10690270364284515,0.7789999842643738,0.6507999897003174
YOR008C,YBR091C,0,-4.14256,0.10688803344964981,0.7789999842643738,0.6509000062942505
YER088C,YPL031C,0,-4.142693,0.10687337070703506,0.7789999842643738,0.6510000228881836
YDR078C,YIL142W,0,-4.1427827,0.10685870796442032,0.7789999842643738,0.6510999798774719
YCL055W,YKL055C,0,-4.1428823,0.10684405267238617,0.7789999842643738,0.651199996471405
YOL043C,YPL153C,0,-4.143618,0.10682940483093262,0.7789999842643738,0.6513000130653381
YLR368W,YJR031C,0,-4.144752,0.10681475698947906,0.7789999842643738,0.6514000296592712
YJL187C,YLR430W,0,-4.1448717,0.10680010914802551,0.7789999842643738,0.6514999866485596
YDR162C,YDL216C,0,-4.1449413,0.10678546875715256,0.7789999842643738,0.6516000032424927
YBR172C,YDR096W,0,-4.145023,0.1067708358168602,0.7789999842643738,0.6517000198364258
YOR260W,YDR392W,0,-4.1453295,0.10675620287656784,0.7789999842643738,0.6517999768257141
YBL023C,YDR484W,0,-4.145374,0.10674156993627548,0.7789999842643738,0.6518999934196472
YBL007C,YMR213W,0,-4.1454,0.10672695189714432,0.7789999842643738,0.6520000100135803
YLR201C,YBR087W,0,-4.14559,0.10671232640743256,0.7789999842643738,0.6521000266075134
YBR098W,YBR279W,1,-4.1458893,0.10683467984199524,0.7799999713897705,0.6521000266075134
YGR132C,YLR052W,0,-4.1460304,0.10682004690170288,0.7799999713897705,0.6521999835968018
YJL187C,YGL092W,0,-4.146224,0.10680542141199112,0.7799999713897705,0.6523000001907349
YNL163C,YPR171W,0,-4.1464233,0.10679079592227936,0.7799999713897705,0.652400016784668
YAR007C,YNL088W,1,-4.146446,0.10691307485103607,0.781000018119812,0.652400016784668
YNL309W,YNL311C,0,-4.146508,0.10689844191074371,0.781000018119812,0.6524999737739563
YBL061C,YKL139W,0,-4.146583,0.10688380897045135,0.781000018119812,0.6525999903678894
YNL020C,YJR082C,0,-4.14659,0.1068691834807396,0.781000018119812,0.6527000069618225
YNL273W,YDL052C,0,-4.1466174,0.10685456544160843,0.781000018119812,0.6528000235557556
YMR201C,YNL290W,0,-4.146957,0.10683994740247726,0.781000018119812,0.652899980545044
YLR272C,YIL095W,0,-4.147184,0.1068253293633461,0.781000018119812,0.652999997138977
YGR014W,YKL182W,0,-4.147191,0.10681071877479553,0.781000018119812,0.6531000137329102
YOL043C,YJL020C,0,-4.1472116,0.10679611563682556,0.781000018119812,0.6531999707221985
YNL197C,YAL030W,0,-4.147257,0.10678151249885559,0.781000018119812,0.6532999873161316
YDR422C,YPL269W,0,-4.147263,0.10676691681146622,0.781000018119812,0.6534000039100647
YNL088W,YJR021C,1,-4.1473017,0.10688900947570801,0.7820000052452087,0.6534000039100647
YLR103C,YHL027W,0,-4.1473756,0.10687439888715744,0.7820000052452087,0.6535000205039978
YOR363C,YCR075C,0,-4.147401,0.10685979574918747,0.7820000052452087,0.6535999774932861
YOR272W,YBL035C,0,-4.147424,0.1068452000617981,0.7820000052452087,0.6536999940872192
YDR118W,YMR047C,0,-4.1474648,0.10683060437440872,0.7820000052452087,0.6538000106811523
YOR130C,YMR173W,0,-4.147478,0.10681600868701935,0.7820000052452087,0.6539000272750854
YDL159W,YMR088C,0,-4.1478286,0.10680142045021057,0.7820000052452087,0.6539999842643738
YDL236W,YBR081C,0,-4.1481395,0.10678683966398239,0.7820000052452087,0.6541000008583069
YGL254W,YOR367W,0,-4.1483884,0.10677225887775421,0.7820000052452087,0.65420001745224
YCR010C,YPL244C,0,-4.148588,0.10675767809152603,0.7820000052452087,0.6542999744415283
YBL007C,YDR358W,0,-4.1486983,0.10674310475587845,0.7820000052452087,0.6543999910354614
YGL254W,YDL231C,0,-4.148743,0.10672853887081146,0.7820000052452087,0.6545000076293945
YOR119C,YER155C,0,-4.1487827,0.10671397298574448,0.7820000052452087,0.6546000242233276
YPL031C,YML021C,0,-4.148808,0.10669941455125809,0.7820000052452087,0.654699981212616
YDR369C,YJR021C,1,-4.1488132,0.10682128369808197,0.7829999923706055,0.654699981212616
YOR084W,YGL144C,0,-4.1488276,0.10680671036243439,0.7829999923706055,0.6547999978065491
YDR276C,YGL205W,0,-4.1491656,0.1067921444773674,0.7829999923706055,0.6549000144004822
YGR175C,YLL050C,0,-4.149744,0.10677757859230042,0.7829999923706055,0.6549999713897705
YDL008W,YPL076W,0,-4.149993,0.10676302015781403,0.7829999923706055,0.6550999879837036
YJL006C,YJR002W,0,-4.1500793,0.10674846917390823,0.7829999923706055,0.6552000045776367
YGR029W,YLR034C,0,-4.1501055,0.10673391819000244,0.7829999923706055,0.6553000211715698
YER012W,YGL049C,0,-4.1503806,0.10671936720609665,0.7829999923706055,0.6553999781608582
YDL154W,YNL082W,1,-4.150391,0.10684110224246979,0.7839999794960022,0.6553999781608582
YDL235C,YJL127C,0,-4.150951,0.1068265438079834,0.7839999794960022,0.6554999947547913
YPL217C,YCR035C,0,-4.1509786,0.1068119928240776,0.7839999794960022,0.6556000113487244
YNL118C,YKL062W,0,-4.151021,0.10679744184017181,0.7839999794960022,0.6557000279426575
YKL212W,YOL038W,0,-4.1510396,0.10678289085626602,0.7839999794960022,0.6557999849319458
YHR176W,YBR133C,0,-4.1510816,0.10676834732294083,0.7839999794960022,0.6559000015258789
YPR164W,YNL330C,1,-4.1514254,0.10688997805118561,0.7850000262260437,0.6559000015258789
YBL004W,YGR112W,0,-4.151779,0.10687542706727982,0.7850000262260437,0.656000018119812
YHR019C,YER018C,0,-4.1518826,0.10686087608337402,0.7850000262260437,0.6560999751091003
YOR007C,YMR172W,0,-4.152212,0.10684633255004883,0.7850000262260437,0.6561999917030334
YPR019W,YER123W,0,-4.1525393,0.10683178901672363,0.7850000262260437,0.6563000082969666
YNR003C,YBR095C,0,-4.1525927,0.10681725293397903,0.7850000262260437,0.6564000248908997
YLR221C,YBR234C,0,-4.1526303,0.10680272430181503,0.7850000262260437,0.656499981880188
YDR280W,YJL065C,0,-4.1526837,0.10678819566965103,0.7850000262260437,0.6565999984741211
YJR050W,YNL127W,0,-4.152985,0.10677366703748703,0.7850000262260437,0.6567000150680542
YBR276C,YPL076W,0,-4.153136,0.10675914585590363,0.7850000262260437,0.6567999720573425
YGR178C,YBR167C,0,-4.153172,0.10674463212490082,0.7850000262260437,0.6568999886512756
YNR015W,YJL127C,0,-4.1533217,0.10673011839389801,0.7850000262260437,0.6570000052452087
YJR031C,YGR024C,0,-4.15348,0.1067156046628952,0.7850000262260437,0.6571000218391418
YMR068W,YGR070W,0,-4.1536393,0.10670109838247299,0.7850000262260437,0.6571999788284302
YOR127W,YKL182W,0,-4.1537046,0.10668659955263138,0.7850000262260437,0.6572999954223633
YGR004W,YAL024C,0,-4.153934,0.10667210072278976,0.7850000262260437,0.6574000120162964
YKL119C,YGL207W,0,-4.1541605,0.10665760934352875,0.7850000262260437,0.6575000286102295
YMR263W,YJR002W,0,-4.154352,0.10664311796426773,0.7850000262260437,0.6575999855995178
YOR181W,YKL012W,0,-4.1545005,0.10662863403558731,0.7850000262260437,0.6577000021934509
YDR436W,YJL065C,0,-4.15472,0.10661415010690689,0.7850000262260437,0.657800018787384
YEL027W,YBR198C,0,-4.1547437,0.10659967362880707,0.7850000262260437,0.6578999757766724
YDL078C,YMR175W,0,-4.1548123,0.10658519715070724,0.7850000262260437,0.6579999923706055
YPR138C,YPL075W,0,-4.1551013,0.10657072812318802,0.7850000262260437,0.6581000089645386
YPR108W,YOR209C,0,-4.1551695,0.10655626654624939,0.7850000262260437,0.6582000255584717
YDL198C,YNL093W,0,-4.155451,0.10654180496931076,0.7850000262260437,0.65829998254776
YPL161C,YOL045W,0,-4.155537,0.10652734339237213,0.7850000262260437,0.6583999991416931
YMR133W,YIR025W,1,-4.155835,0.10664857178926468,0.7860000133514404,0.6583999991416931
YBR006W,YPR016C,0,-4.156169,0.10663411021232605,0.7860000133514404,0.6585000157356262
YPL253C,YBR192W,0,-4.156339,0.10661964118480682,0.7860000133514404,0.6585999727249146
YJL170C,YBR211C,0,-4.156404,0.1066051796078682,0.7860000133514404,0.6586999893188477
YKR009C,YJL089W,0,-4.156984,0.10659072548151016,0.7860000133514404,0.6588000059127808
YHR107C,YGR036C,0,-4.1572795,0.10657627135515213,0.7860000133514404,0.6589000225067139
YKL125W,YMR211W,0,-4.1572886,0.1065618246793747,0.7860000133514404,0.6589999794960022
YFL041W,YBL064C,0,-4.1574492,0.10654737800359726,0.7860000133514404,0.6590999960899353
YPL174C,YMR025W,0,-4.157742,0.10653293877840042,0.7860000133514404,0.6592000126838684
YLR039C,YKR026C,0,-4.1578326,0.10651849955320358,0.7860000133514404,0.6593000292778015
YPL124W,YNL126W,0,-4.159203,0.10650406777858734,0.7860000133514404,0.6593999862670898
YBL005W,YBR106W,0,-4.159612,0.1064896360039711,0.7860000133514404,0.659500002861023
YLR201C,YLR277C,0,-4.1596475,0.10647521167993546,0.7860000133514404,0.659600019454956
YBR265W,YMR065W,0,-4.1600413,0.10646078735589981,0.7860000133514404,0.6596999764442444
YFR031C,YNL231C,0,-4.160062,0.10644637048244476,0.7860000133514404,0.6597999930381775
YLR103C,YDR072C,0,-4.1601396,0.10643195360898972,0.7860000133514404,0.6599000096321106
YHR008C,YDL208W,0,-4.1607075,0.10641754418611526,0.7860000133514404,0.6600000262260437
YPL007C,YGR170W,0,-4.1607385,0.10640314221382141,0.7860000133514404,0.660099983215332
YJL090C,YDL164C,1,-4.1608357,0.10652409493923187,0.7870000004768372,0.660099983215332
YMR006C,YKL140W,0,-4.160993,0.10650967806577682,0.7870000004768372,0.6601999998092651
YNL199C,YHR031C,0,-4.1610494,0.10649526119232178,0.7870000004768372,0.6603000164031982
YDL232W,YLL036C,0,-4.161059,0.10648085176944733,0.7870000004768372,0.6603999733924866
YOL127W,YMR302C,0,-4.161172,0.10646644979715347,0.7870000004768372,0.6604999899864197
YLR275W,YDR235W,0,-4.1614203,0.10645204782485962,0.7870000004768372,0.6606000065803528
YMR224C,YDR386W,1,-4.1615686,0.10657289624214172,0.7879999876022339,0.6606000065803528
YDR302W,YBR179C,0,-4.161611,0.10655848681926727,0.7879999876022339,0.6607000231742859
YDL064W,YEL020W-A,0,-4.1618047,0.10654407739639282,0.7879999876022339,0.6607999801635742
YMR068W,YLR007W,0,-4.1618423,0.10652967542409897,0.7879999876022339,0.6608999967575073
YNL054W,YOR148C,0,-4.1618743,0.10651527345180511,0.7879999876022339,0.6610000133514404
YHR135C,YLR435W,0,-4.1619344,0.10650087893009186,0.7879999876022339,0.6610999703407288
YGL210W,YJL030W,0,-4.16196,0.1064864844083786,0.7879999876022339,0.6611999869346619
YMR039C,YNL307C,0,-4.162006,0.10647209733724594,0.7879999876022339,0.661300003528595
YPR187W,YPR009W,0,-4.1622915,0.10645771771669388,0.7879999876022339,0.6614000201225281
YDR416W,YGL087C,0,-4.162583,0.10644333064556122,0.7879999876022339,0.6614999771118164
YML029W,YDL002C,0,-4.1625853,0.10642895847558975,0.7879999876022339,0.6615999937057495
YBL047C,YFL013C,0,-4.162653,0.10641458630561829,0.7879999876022339,0.6617000102996826
YIL009W,YGR191W,0,-4.1627526,0.10640021413564682,0.7879999876022339,0.6618000268936157
YML094W,YML098W,0,-4.163084,0.10638584941625595,0.7879999876022339,0.661899983882904
YDL087C,YBR192W,0,-4.1631103,0.10637149214744568,0.7879999876022339,0.6620000004768372
YPL083C,YMR275C,0,-4.16315,0.1063571348786354,0.7879999876022339,0.6621000170707703
YLR270W,YNL219C,0,-4.163166,0.10634277760982513,0.7879999876022339,0.6621999740600586
YHR008C,YBR244W,0,-4.163278,0.10632842779159546,0.7879999876022339,0.6622999906539917
YLR362W,YPR143W,0,-4.1633086,0.10631408542394638,0.7879999876022339,0.6624000072479248
YGL205W,YPL045W,0,-4.1633954,0.1062997430562973,0.7879999876022339,0.6625000238418579
YDR113C,YGL175C,1,-4.1637425,0.10642028599977493,0.7889999747276306,0.6625000238418579
YJR121W,YOR133W,0,-4.164362,0.10640593618154526,0.7889999747276306,0.6625999808311462
YER015W,YOR122C,0,-4.1644278,0.10639158636331558,0.7889999747276306,0.6626999974250793
YHR099W,YLL001W,0,-4.1645265,0.1063772439956665,0.7889999747276306,0.6628000140190125
YOR110W,YJL008C,0,-4.16517,0.10636290162801743,0.7889999747276306,0.6628999710083008
YGR165W,YML060W,0,-4.1653686,0.10634856671094894,0.7889999747276306,0.6629999876022339
YCL043C,YDR288W,0,-4.165895,0.10633423179388046,0.7889999747276306,0.663100004196167
YLR362W,YDR244W,0,-4.16603,0.10631990432739258,0.7889999747276306,0.6632000207901001
YLR360W,YIR004W,0,-4.166348,0.1063055768609047,0.7889999747276306,0.6632999777793884
YKR067W,YBR049C,0,-4.166529,0.1062912568449974,0.7889999747276306,0.6633999943733215
YMR177W,YNL037C,0,-4.166618,0.10627693682909012,0.7889999747276306,0.6635000109672546
YHR039C,YNL330C,1,-4.1667085,0.10639730840921402,0.7900000214576721,0.6635000109672546
YER038C,YBL064C,0,-4.166728,0.10638298094272614,0.7900000214576721,0.6636000275611877
YOR275C,YER164W,0,-4.1669126,0.10636865347623825,0.7900000214576721,0.6636999845504761
YGL168W,YNL006W,0,-4.166973,0.10635433346033096,0.7900000214576721,0.6638000011444092
YMR270C,YOL130W,0,-4.167002,0.10634002089500427,0.7900000214576721,0.6639000177383423
YNL149C,YHR204W,0,-4.167084,0.10632570832967758,0.7900000214576721,0.6639999747276306
YNL103W,YJR017C,0,-4.1675377,0.10631139576435089,0.7900000214576721,0.6640999913215637
YER147C,YLR418C,1,-4.1678,0.10643164813518524,0.7910000085830688,0.6640999913215637
YDL154W,YOR144C,1,-4.167809,0.10655186325311661,0.7919999957084656,0.6640999913215637
YMR198W,YMR247C,0,-4.167868,0.10653752833604813,0.7919999957084656,0.6642000079154968
YDR004W,YDR386W,1,-4.1680737,0.10665769875049591,0.7929999828338623,0.6642000079154968
YOR206W,YMR104C,0,-4.1681705,0.10664335638284683,0.7929999828338623,0.6643000245094299
YGL119W,YDR162C,0,-4.1687503,0.10662901401519775,0.7929999828338623,0.6643999814987183
YPR161C,YER002W,0,-4.169083,0.10661467909812927,0.7929999828338623,0.6644999980926514
YPL015C,YKR099W,1,-4.1695805,0.10673477500677109,0.7940000295639038,0.6644999980926514
YJR089W,YGL063W,0,-4.1698594,0.10672043263912201,0.7940000295639038,0.6646000146865845
YBL088C,YLL002W,1,-4.1703897,0.10684047639369965,0.7950000166893005,0.6646000146865845
YDR017C,YDL232W,0,-4.170424,0.10682611912488937,0.7950000166893005,0.6646999716758728
YIL051C,YOL016C,0,-4.1705904,0.1068117693066597,0.7950000166893005,0.6647999882698059
YHR067W,YPL239W,0,-4.1707263,0.10679741948843002,0.7950000166893005,0.664900004863739
YNL172W,YDR359C,0,-4.1707973,0.10678307712078094,0.7950000166893005,0.6650000214576721
YJR049C,YML060W,0,-4.171231,0.10676873475313187,0.7950000166893005,0.6650999784469604
YER040W,YFR046C,0,-4.171486,0.10675439983606339,0.7950000166893005,0.6651999950408936
YDR461W,YLR361C,0,-4.1718473,0.1067400649189949,0.7950000166893005,0.6653000116348267
YML029W,YKL062W,0,-4.1719203,0.10672573745250702,0.7950000166893005,0.6654000282287598
YDR113C,YIR025W,1,-4.1722693,0.10684563964605331,0.7960000038146973,0.6654000282287598
YOR179C,YDL134C,0,-4.172367,0.10683129727840424,0.7960000038146973,0.6654999852180481
YOL097C,YOR073W,0,-4.172379,0.10681696236133575,0.7960000038146973,0.6656000018119812
YDL147W,YOL117W,0,-4.1725073,0.10680262744426727,0.7960000038146973,0.6657000184059143
YHR205W,YFL025C,0,-4.172567,0.10678829997777939,0.7960000038146973,0.6657999753952026
YLR335W,YJR108W,0,-4.1730866,0.1067739799618721,0.7960000038146973,0.6658999919891357
YEL051W,YHL027W,0,-4.1735024,0.10675965994596481,0.7960000038146973,0.6660000085830688
YDR073W,YPL181W,0,-4.173554,0.10674533993005753,0.7960000038146973,0.666100025177002
YDR060W,YGR072W,0,-4.1736183,0.10673102736473083,0.7960000038146973,0.6661999821662903
YKR039W,YAL035W,0,-4.1736574,0.10671671479940414,0.7960000038146973,0.6662999987602234
YBR272C,YPL181W,0,-4.1743217,0.10670240968465805,0.7960000038146973,0.6664000153541565
YJL003W,YGR121C,0,-4.174989,0.10668811202049255,0.7960000038146973,0.6664999723434448
YPL253C,YDR191W,0,-4.1760626,0.10667381435632706,0.7960000038146973,0.6665999889373779
YML114C,YPR165W,0,-4.176196,0.10665951669216156,0.7960000038146973,0.666700005531311
YBR123C,YJL020C,0,-4.1763,0.10664523392915726,0.7960000038146973,0.6668000221252441
YPR171W,YPL176C,0,-4.1764016,0.10663094371557236,0.7960000038146973,0.6668999791145325
YLR154C,YPR111W,0,-4.176594,0.10661666095256805,0.7960000038146973,0.6669999957084656
YDR264C,YDR346C,0,-4.1766906,0.10660238564014435,0.7960000038146973,0.6671000123023987
YAL017W,YGR083C,0,-4.177289,0.10658811032772064,0.7960000038146973,0.6672000288963318
YOL021C,YLR028C,0,-4.1773887,0.10657383501529694,0.7960000038146973,0.6672999858856201
YOR085W,YER169W,0,-4.1777306,0.10655957460403442,0.7960000038146973,0.6674000024795532
YML099C,YPR021C,0,-4.1779037,0.10654530674219131,0.7960000038146973,0.6675000190734863
YML115C,YDR079C-A,0,-4.17795,0.1065310463309288,0.7960000038146973,0.6675999760627747
YBR109C,YLR337C,0,-4.178004,0.10651679337024689,0.7960000038146973,0.6676999926567078
YHL034C,YOR373W,0,-4.178006,0.10650254040956497,0.7960000038146973,0.6678000092506409
YML011C,YLR362W,0,-4.178123,0.10648829489946365,0.7960000038146973,0.667900025844574
YBR179C,YPR131C,0,-4.178173,0.10647404938936234,0.7960000038146973,0.6679999828338623
YGL205W,YNR003C,0,-4.1782646,0.10645981132984161,0.7960000038146973,0.6680999994277954
YDR235W,YKL194C,0,-4.1782675,0.10644557327032089,0.7960000038146973,0.6682000160217285
YDR416W,YMR216C,0,-4.1783643,0.10643134266138077,0.7960000038146973,0.6682999730110168
YFL009W,YDR437W,0,-4.178435,0.10641711205244064,0.7960000038146973,0.66839998960495
YPL137C,YOR346W,0,-4.1789956,0.10640288889408112,0.7960000038146973,0.6685000061988831
YPL194W,YBL088C,1,-4.179107,0.1065223217010498,0.796999990940094,0.6685000061988831
YOR067C,YGL144C,0,-4.179215,0.10650808364152908,0.796999990940094,0.6686000227928162
YAR007C,YJL173C,1,-4.1792836,0.10662747174501419,0.7979999780654907,0.6686000227928162
YIR018W,YLR052W,0,-4.179529,0.10661322623491287,0.7979999780654907,0.6686999797821045
YDR175C,YDR365C,0,-4.179753,0.10659898817539215,0.7979999780654907,0.6687999963760376
YBR088C,YER133W,0,-4.1797585,0.10658475011587143,0.7979999780654907,0.6689000129699707
YPR018W,YPR181C,0,-4.18,0.10657051205635071,0.7979999780654907,0.6690000295639038
YLR398C,YGR230W,0,-4.1804767,0.10655628144741058,0.7979999780654907,0.6690999865531921
YPL160W,YFL031W,0,-4.180655,0.10654205828905106,0.7979999780654907,0.6692000031471252
YOR089C,YNL135C,0,-4.180819,0.10652783513069153,0.7979999780654907,0.6693000197410583
YIR037W,YKL042W,0,-4.1811213,0.106513611972332,0.7979999780654907,0.6693999767303467
YDL095W,YLR362W,0,-4.181126,0.10649939626455307,0.7979999780654907,0.6694999933242798
YPL156C,YLR324W,0,-4.181173,0.10648518800735474,0.7979999780654907,0.6696000099182129
YFR014C,YAL024C,0,-4.1811748,0.1064709797501564,0.7979999780654907,0.669700026512146
YOR334W,YIL061C,0,-4.181479,0.10645677894353867,0.7979999780654907,0.6697999835014343
YDL020C,YJL110C,0,-4.1816525,0.10644257813692093,0.7979999780654907,0.6699000000953674
YOR057W,YIL073C,0,-4.181798,0.10642837733030319,0.7979999780654907,0.6700000166893005
YGL013C,YFR014C,0,-4.1818357,0.10641419142484665,0.7979999780654907,0.6700999736785889
YOR025W,YJL110C,0,-4.181867,0.10639999806880951,0.7979999780654907,0.670199990272522
YNL221C,YBR082C,0,-4.1821446,0.10638581216335297,0.7979999780654907,0.6703000068664551
YMR267W,YMR199W,0,-4.1823072,0.10637163370847702,0.7979999780654907,0.6704000234603882
YGL019W,YHR085W,0,-4.1823335,0.10635745525360107,0.7979999780654907,0.6704999804496765
YDL056W,YNL119W,0,-4.18272,0.10634328424930573,0.7979999780654907,0.6705999970436096
YDR085C,YDL208W,0,-4.182831,0.10632911324501038,0.7979999780654907,0.6707000136375427
YER053C,YOR224C,0,-4.183002,0.10631494969129562,0.7979999780654907,0.670799970626831
YNL066W,YKL182W,0,-4.1832113,0.10630078613758087,0.7979999780654907,0.6708999872207642
YGR254W,YDL135C,0,-4.1833897,0.10628663003444672,0.7979999780654907,0.6710000038146973
YJL090C,YML095C,1,-4.183468,0.10640564560890198,0.7990000247955322,0.6710000038146973
YDL020C,YGR278W,0,-4.1837277,0.10639147460460663,0.7990000247955322,0.6711000204086304
YGR003W,YBR022W,0,-4.18373,0.10637731105089188,0.7990000247955322,0.6711999773979187
YIR015W,YOL002C,0,-4.1838846,0.10636315494775772,0.7990000247955322,0.6712999939918518
YLL006W,YJL030W,0,-4.183991,0.10634899139404297,0.7990000247955322,0.6714000105857849
YPL235W,YDR308C,0,-4.1841154,0.10633484274148941,0.7990000247955322,0.671500027179718
YHL007C,YDL236W,0,-4.1841817,0.10632069408893585,0.7990000247955322,0.6715999841690063
YJR017C,YOR334W,0,-4.1843534,0.1063065454363823,0.7990000247955322,0.6717000007629395
YGL167C,YDL005C,0,-4.1846724,0.10629240423440933,0.7990000247955322,0.6718000173568726
YMR038C,YPR082C,0,-4.184792,0.10627826303243637,0.7990000247955322,0.6718999743461609
YFR021W,YOR308C,0,-4.1850877,0.106264129281044,0.7990000247955322,0.671999990940094
YML041C,YOR157C,0,-4.185159,0.10625000298023224,0.7990000247955322,0.6721000075340271
YMR039C,YIR012W,0,-4.1853776,0.10623586922883987,0.7990000247955322,0.6722000241279602
YLR405W,YOR315W,0,-4.1856704,0.1062217503786087,0.7990000247955322,0.6722999811172485
YDR264C,YKR029C,0,-4.185813,0.10620763152837753,0.7990000247955322,0.6723999977111816
YOR094W,YNL142W,0,-4.186014,0.10619351267814636,0.7990000247955322,0.6725000143051147
YMR202W,YEL015W,0,-4.1860347,0.10617940127849579,0.7990000247955322,0.6725999712944031
YML095C,YLR418C,1,-4.186044,0.10629816353321075,0.800000011920929,0.6725999712944031
YNL001W,YLL043W,0,-4.186086,0.10628404468297958,0.800000011920929,0.6726999878883362
YKR055W,YNR046W,0,-4.1860914,0.10626992583274841,0.800000011920929,0.6728000044822693
YNL242W,YMR239C,0,-4.186211,0.10625581443309784,0.800000011920929,0.6729000210762024
YDL093W,YMR112C,0,-4.1865706,0.10624170303344727,0.800000011920929,0.6729999780654907
YPL129W,YIL042C,0,-4.1865983,0.10622759163379669,0.800000011920929,0.6730999946594238
YDR171W,YDR058C,0,-4.1868196,0.10621348768472672,0.800000011920929,0.6732000112533569
YKL134C,YLR371W,0,-4.1868978,0.10619939118623734,0.800000011920929,0.67330002784729
YKR101W,YPL069C,0,-4.1870837,0.10618529468774796,0.800000011920929,0.6733999848365784
YMR036C,YBR234C,0,-4.1871495,0.10617119818925858,0.800000011920929,0.6735000014305115
YGL192W,YPL053C,0,-4.187236,0.10615710914134979,0.800000011920929,0.6736000180244446
YER015W,YLR016C,0,-4.1873565,0.1061430275440216,0.800000011920929,0.6736999750137329
YOL108C,YNL292W,0,-4.1875377,0.10612894594669342,0.800000011920929,0.673799991607666
YDR052C,YJR066W,0,-4.187998,0.10611487179994583,0.800000011920929,0.6739000082015991
YIL065C,YMR023C,0,-4.188124,0.10610079765319824,0.800000011920929,0.6740000247955322
YHR042W,YPR199C,0,-4.1883645,0.10608672350645065,0.800000011920929,0.6740999817848206
YBR243C,YHR150W,0,-4.188367,0.10607265681028366,0.800000011920929,0.6741999983787537
YPR052C,YGL065C,0,-4.1883893,0.10605859756469727,0.800000011920929,0.6743000149726868
YGL006W,YKL058W,0,-4.188846,0.10604453831911087,0.800000011920929,0.6743999719619751
YLR363C,YDR479C,0,-4.1889167,0.10603048652410507,0.800000011920929,0.6744999885559082
YHR061C,YER167W,0,-4.1890564,0.10601643472909927,0.800000011920929,0.6746000051498413
YOR269W,YDL126C,0,-4.189233,0.10600238293409348,0.800000011920929,0.6747000217437744
YKL081W,YMR302C,0,-4.189234,0.10598833858966827,0.800000011920929,0.6747999787330627
YKL025C,YGL168W,0,-4.1892853,0.10597430169582367,0.800000011920929,0.6748999953269958
YLR085C,YER040W,0,-4.189531,0.10596026480197906,0.800000011920929,0.675000011920929
YPR072W,YER018C,0,-4.1897063,0.10594623535871506,0.800000011920929,0.6751000285148621
YBR068C,YIL010W,0,-4.189764,0.10593220591545105,0.800000011920929,0.6751999855041504
YBR250W,YNL290W,0,-4.1899276,0.10591817647218704,0.800000011920929,0.6753000020980835
YCL051W,YDR005C,0,-4.1901107,0.10590415447950363,0.800000011920929,0.6754000186920166
YDL147W,YML060W,0,-4.1902013,0.10589013993740082,0.800000011920929,0.6754999756813049
YAL016W,YJR089W,0,-4.1902223,0.105876125395298,0.800000011920929,0.675599992275238
YPL096W,YBR236C,0,-4.190314,0.10586211830377579,0.800000011920929,0.6757000088691711
YPR007C,YML069W,0,-4.1905656,0.10584811121225357,0.800000011920929,0.6758000254631042
YJR004C,YLR176C,0,-4.1908507,0.10583410412073135,0.800000011920929,0.6758999824523926
YOL121C,YPL059W,0,-4.190945,0.10582010447978973,0.800000011920929,0.6759999990463257
YMR133W,YLR234W,1,-4.1912837,0.1059383675456047,0.8009999990463257,0.6759999990463257
YMR133W,YOL104C,1,-4.1913257,0.10605660080909729,0.8019999861717224,0.6759999990463257
YML057W,YMR077C,0,-4.1914964,0.10604257881641388,0.8019999861717224,0.6761000156402588
YKR029C,YDR150W,0,-4.191524,0.10602855682373047,0.8019999861717224,0.6761999726295471
YER125W,YCL054W,0,-4.1917577,0.10601454228162766,0.8019999861717224,0.6762999892234802
YLL031C,YLR319C,0,-4.192206,0.10600052773952484,0.8019999861717224,0.6764000058174133
YJL004C,YER015W,0,-4.1924176,0.10598652064800262,0.8019999861717224,0.6765000224113464
YBR185C,YIL079C,0,-4.192508,0.10597251355648041,0.8019999861717224,0.6765999794006348
YNL173C,YER049W,0,-4.192807,0.10595851391553879,0.8019999861717224,0.6766999959945679
YGR178C,YPL239W,0,-4.1931233,0.10594451427459717,0.8019999861717224,0.676800012588501
YGR217W,YMR267W,0,-4.193142,0.10593052208423615,0.8019999861717224,0.6769000291824341
YOR239W,YLR135W,0,-4.1934824,0.10591653734445572,0.8019999861717224,0.6769999861717224
YER125W,YAL030W,0,-4.19422,0.1059025451540947,0.8019999861717224,0.6771000027656555
YDR224C,YNL118C,0,-4.194383,0.10588856786489487,0.8019999861717224,0.6772000193595886
YPL084W,YPR143W,0,-4.1944804,0.10587459057569504,0.8019999861717224,0.677299976348877
YJL008C,YJR140C,0,-4.19459,0.10586061328649521,0.8019999861717224,0.6773999929428101
YHR152W,YJL010C,0,-4.1947694,0.10584664344787598,0.8019999861717224,0.6775000095367432
YPL239W,YIL115C,0,-4.194987,0.10583267360925674,0.8019999861717224,0.6776000261306763
YJR045C,YDR288W,0,-4.1951885,0.10581871122121811,0.8019999861717224,0.6776999831199646
YEL012W,YNL025C,0,-4.1952043,0.10580474883317947,0.8019999861717224,0.6777999997138977
YJL008C,YMR119W,0,-4.195234,0.10579079389572144,0.8019999861717224,0.6779000163078308
YIL013C,YNL099C,0,-4.195249,0.1057768389582634,0.8019999861717224,0.6779999732971191
YNL098C,YGR040W,0,-4.195289,0.10576289147138596,0.8019999861717224,0.6780999898910522
YOR007C,YJL110C,0,-4.1957,0.10574894398450851,0.8019999861717224,0.6782000064849854
YCR028C-A,YOL121C,0,-4.195845,0.10573500394821167,0.8019999861717224,0.6783000230789185
YPR122W,YKL051W,0,-4.195992,0.10572106391191483,0.8019999861717224,0.6783999800682068
YJR143C,YNL145W,0,-4.196173,0.10570713132619858,0.8019999861717224,0.6784999966621399
YOL100W,YJR121W,0,-4.1966968,0.10569319874048233,0.8019999861717224,0.678600013256073
YJL179W,YIL017C,0,-4.1973853,0.10567927360534668,0.8019999861717224,0.6786999702453613
YMR263W,YJL010C,0,-4.197497,0.10566534847021103,0.8019999861717224,0.6787999868392944
YAL059W,YDL024C,0,-4.1984544,0.10565143078565598,0.8019999861717224,0.6789000034332275
YBR080C,YPR181C,0,-4.1985106,0.10563751310110092,0.8019999861717224,0.6790000200271606
YAL033W,YPL084W,0,-4.1985354,0.10562360286712646,0.8019999861717224,0.679099977016449
YDR389W,YJL187C,0,-4.1986575,0.10560969263315201,0.8019999861717224,0.6791999936103821
YDR446W,YMR133W,1,-4.1988754,0.10572744905948639,0.8029999732971191,0.6791999936103821
YNL292W,YNL177C,0,-4.1990886,0.10571353137493134,0.8029999732971191,0.6793000102043152
YPR108W,YDL208W,0,-4.1993995,0.10569962114095688,0.8029999732971191,0.6794000267982483
YBR272C,YNL026W,0,-4.199737,0.10568570345640182,0.8029999732971191,0.6794999837875366
YML081C-A,YML127W,0,-4.199845,0.10567180067300797,0.8029999732971191,0.6796000003814697
YJR004C,YDR221W,0,-4.200215,0.1056578978896141,0.8029999732971191,0.6797000169754028
YLR238W,YOR132W,0,-4.2007203,0.10564399510622025,0.8029999732971191,0.6797999739646912
YLR370C,YER127W,0,-4.2010965,0.10563009977340698,0.8029999732971191,0.6798999905586243
YJR007W,YMR092C,0,-4.2012196,0.10561620444059372,0.8029999732971191,0.6800000071525574
YDR264C,YNR032W,0,-4.2012906,0.10560231655836105,0.8029999732971191,0.6801000237464905
YHR042W,YPL129W,0,-4.2013574,0.10558842867612839,0.8029999732971191,0.6801999807357788
YDL101C,YPL153C,0,-4.2013645,0.10557454824447632,0.8029999732971191,0.6802999973297119
YML043C,YGL169W,0,-4.2016883,0.10556066781282425,0.8029999732971191,0.680400013923645
YDR081C,YDR167W,0,-4.2018323,0.10554679483175278,0.8029999732971191,0.6804999709129333
YNL270C,YDL235C,0,-4.2020087,0.1055329218506813,0.8029999732971191,0.6805999875068665
YBL052C,YDR243C,0,-4.2021317,0.10551905632019043,0.8029999732971191,0.6807000041007996
YGR047C,YMR311C,0,-4.2024527,0.10550519078969955,0.8029999732971191,0.6808000206947327
YDR106W,YNL093W,0,-4.202583,0.10549133270978928,0.8029999732971191,0.680899977684021
YMR092C,YIL079C,0,-4.2026744,0.105477474629879,0.8029999732971191,0.6809999942779541
YNL014W,YKR089C,0,-4.2027183,0.10546361654996872,0.8029999732971191,0.6811000108718872
YOL121C,YGL078C,0,-4.203224,0.10544977337121964,0.8029999732971191,0.6812000274658203
YLR138W,YBR193C,0,-4.2032676,0.10543592274188995,0.8029999732971191,0.6812999844551086
YGR217W,YNL231C,0,-4.203333,0.10542207956314087,0.8029999732971191,0.6814000010490417
YIL053W,YLR430W,0,-4.2033563,0.10540824383497238,0.8029999732971191,0.6815000176429749
YDR469W,YGR186W,0,-4.2040257,0.1053944081068039,0.8029999732971191,0.6815999746322632
YFR024C-A,YOR304W,0,-4.204048,0.105380579829216,0.8029999732971191,0.6816999912261963
YER036C,YMR125W,0,-4.204369,0.10536675155162811,0.8029999732971191,0.6818000078201294
YLR189C,YBR199W,0,-4.2046146,0.10535292327404022,0.8029999732971191,0.6819000244140625
YGR202C,YMR138W,0,-4.2047668,0.10533910244703293,0.8029999732971191,0.6819999814033508
YPL115C,YLR033W,0,-4.2047796,0.10532528907060623,0.8029999732971191,0.6820999979972839
YDR231C,YKL004W,0,-4.2053084,0.10531147569417953,0.8029999732971191,0.682200014591217
YDR485C,YGL122C,0,-4.2053437,0.10529766231775284,0.8029999732971191,0.6822999715805054
YDR443C,YGR007W,0,-4.2054734,0.10528385639190674,0.8029999732971191,0.6823999881744385
YDR069C,YGR129W,0,-4.2058697,0.10527005791664124,0.8029999732971191,0.6825000047683716
YMR236W,YBR112C,0,-4.2062984,0.10525625944137573,0.8029999732971191,0.6826000213623047
YLR139C,YPL204W,0,-4.2064342,0.10524246096611023,0.8029999732971191,0.682699978351593
YKL188C,YGL094C,0,-4.206607,0.10522866994142532,0.8029999732971191,0.6827999949455261
YKL192C,YDR414C,0,-4.2072816,0.10521488636732101,0.8029999732971191,0.6829000115394592
YOR056C,YKL101W,0,-4.2075014,0.1052011027932167,0.8029999732971191,0.6830000281333923
YKR101W,YPL206C,0,-4.2076735,0.1051873192191124,0.8029999732971191,0.6830999851226807
YDR175C,YOR156C,0,-4.20768,0.10517354309558868,0.8029999732971191,0.6832000017166138
YML001W,YKL056C,0,-4.207857,0.10515976697206497,0.8029999732971191,0.6833000183105469
YEL036C,YLL022C,0,-4.207908,0.10514599829912186,0.8029999732971191,0.6833999752998352
YIL135C,YPR128C,0,-4.2079744,0.10513223707675934,0.8029999732971191,0.6834999918937683
YHR167W,YER147C,1,-4.2079887,0.10524937510490417,0.8040000200271606,0.6834999918937683
YDR421W,YOL115W,0,-4.2080317,0.10523559898138046,0.8040000200271606,0.6836000084877014
YML049C,YDL015C,0,-4.208217,0.10522183030843735,0.8040000200271606,0.6837000250816345
YPL156C,YDL078C,0,-4.208281,0.10520806163549423,0.8040000200271606,0.6837999820709229
YBR272C,YER145C,0,-4.2085376,0.10519429296255112,0.8040000200271606,0.683899998664856
YGR092W,YGR024C,0,-4.2085385,0.1051805317401886,0.8040000200271606,0.6840000152587891
YDR072C,YLR254C,0,-4.209514,0.10516677796840668,0.8040000200271606,0.6840999722480774
YDR171W,YDR172W,0,-4.2096815,0.10515302419662476,0.8040000200271606,0.6841999888420105
YDR523C,YPL042C,0,-4.2097163,0.10513927042484283,0.8040000200271606,0.6843000054359436
YNL130C,YHR066W,0,-4.20978,0.10512552410364151,0.8040000200271606,0.6844000220298767
YIR026C,YBR207W,0,-4.2098823,0.10511177778244019,0.8040000200271606,0.684499979019165
YPL267W,YJL065C,0,-4.210048,0.10509803891181946,0.8040000200271606,0.6845999956130981
YBR243C,YFL037W,0,-4.210053,0.10508430004119873,0.8040000200271606,0.6847000122070312
YKL018W,YJR052W,0,-4.2103534,0.1050705686211586,0.8040000200271606,0.6848000288009644
YJL124C,YPR005C,0,-4.2105603,0.10505683720111847,0.8040000200271606,0.6848999857902527
YLR117C,YDR310C,0,-4.2106624,0.10504311323165894,0.8040000200271606,0.6850000023841858
YLR260W,YLL013C,0,-4.2107267,0.1050293892621994,0.8040000200271606,0.6851000189781189
YPR072W,YLR109W,0,-4.210739,0.10501567274332047,0.8040000200271606,0.6851999759674072
YGR180C,YDR077W,0,-4.2112155,0.10500195622444153,0.8040000200271606,0.6852999925613403
YLR200W,YLR135W,0,-4.211679,0.10498824715614319,0.8040000200271606,0.6854000091552734
YLR200W,YNL164C,0,-4.2119746,0.10497453808784485,0.8040000200271606,0.6855000257492065
YGR245C,YOR209C,0,-4.2119765,0.1049608364701271,0.8040000200271606,0.6855999827384949
YKR087C,YOR014W,0,-4.2120357,0.10494713485240936,0.8040000200271606,0.685699999332428
YNR001C,YMR309C,0,-4.2121162,0.10493344068527222,0.8040000200271606,0.6858000159263611
YAL031C,YJL194W,0,-4.2121215,0.10491974651813507,0.8040000200271606,0.6858999729156494
YPL146C,YHR083W,0,-4.2122016,0.10490605235099792,0.8040000200271606,0.6859999895095825
YDR194C,YBL014C,0,-4.2123322,0.10489236563444138,0.8040000200271606,0.6861000061035156
YIL063C,YKL022C,0,-4.2125134,0.10487868636846542,0.8040000200271606,0.6862000226974487
YJL124C,YHR176W,0,-4.2126803,0.10486500710248947,0.8040000200271606,0.6862999796867371
YER032W,YHR191C,0,-4.213205,0.10485132783651352,0.8040000200271606,0.6863999962806702
YDR231C,YOR047C,0,-4.213557,0.10483765602111816,0.8040000200271606,0.6865000128746033
YMR275C,YNL116W,0,-4.213653,0.1048239916563034,0.8040000200271606,0.6866000294685364
YPL194W,YBR279W,1,-4.2137313,0.10494068264961243,0.8050000071525574,0.6866000294685364
YML099C,YHR158C,0,-4.213962,0.10492701083421707,0.8050000071525574,0.6866999864578247
YKL166C,YKL085W,0,-4.214351,0.10491333156824112,0.8050000071525574,0.6868000030517578
YNL012W,YER012W,0,-4.2144203,0.10489965975284576,0.8050000071525574,0.6869000196456909
YPL016W,YGL192W,0,-4.214725,0.104885995388031,0.8050000071525574,0.6869999766349792
YGL205W,YPL244C,0,-4.2150445,0.10487233102321625,0.8050000071525574,0.6870999932289124
YMR060C,YHR061C,0,-4.2152705,0.10485866665840149,0.8050000071525574,0.6872000098228455
YAL029C,YKR099W,1,-4.215531,0.10497525334358215,0.8059999942779541,0.6872000098228455
YLR399C,YJR017C,0,-4.2155714,0.1049615815281868,0.8059999942779541,0.6873000264167786
YJL041W,YDL087C,0,-4.2156806,0.10494791716337204,0.8059999942779541,0.6873999834060669
YPL098C,YLR032W,0,-4.2158155,0.10493425279855728,0.8059999942779541,0.6875
YOL142W,YJR013W,0,-4.2159233,0.10492059588432312,0.8059999942779541,0.6876000165939331
YGL029W,YJL112W,0,-4.2159405,0.10490693897008896,0.8059999942779541,0.6876999735832214
YGR014W,YNL221C,0,-4.216035,0.1048932820558548,0.8059999942779541,0.6877999901771545
YOR245C,YLR310C,0,-4.216368,0.10487963259220123,0.8059999942779541,0.6879000067710876
YHR187W,YLL043W,0,-4.2164874,0.10486599057912827,0.8059999942779541,0.6880000233650208
YNL126W,YCL052C,0,-4.216491,0.1048523485660553,0.8059999942779541,0.6880999803543091
YDL003W,YAL035W,0,-4.2166667,0.10483870655298233,0.8059999942779541,0.6881999969482422
YER172C,YGL207W,0,-4.2174096,0.10482507199048996,0.8059999942779541,0.6883000135421753
YLR384C,YLR353W,0,-4.2176633,0.10481144487857819,0.8059999942779541,0.6883999705314636
YGL191W,YOR386W,0,-4.217853,0.10479781776666641,0.8059999942779541,0.6884999871253967
YNL110C,YOR230W,0,-4.2180057,0.10478419065475464,0.8059999942779541,0.6886000037193298
YDR076W,YDR110W,1,-4.2180505,0.10490056127309799,0.8069999814033508,0.6886000037193298
YBR029C,YOR039W,0,-4.2180886,0.10488692671060562,0.8069999814033508,0.6887000203132629
YJR004C,YOL033W,0,-4.218291,0.10487329214811325,0.8069999814033508,0.6887999773025513
YBR098W,YOL072W,1,-4.2185187,0.10498960316181183,0.8080000281333923,0.6887999773025513
YDL147W,YGR133W,0,-4.219048,0.10497596114873886,0.8080000281333923,0.6888999938964844
YGL225W,YPL117C,0,-4.219148,0.10496232658624649,0.8080000281333923,0.6890000104904175
YPL256C,YHR193C,0,-4.219369,0.10494869202375412,0.8080000281333923,0.6891000270843506
YDL161W,YGL065C,0,-4.2201104,0.10493506491184235,0.8080000281333923,0.6891999840736389
YPL059W,YIR012W,0,-4.2201266,0.10492143779993057,0.8080000281333923,0.689300000667572
YMR128W,YGR140W,0,-4.220219,0.1049078181385994,0.8080000281333923,0.6894000172615051
YPL178W,YOR381W,0,-4.220324,0.10489419847726822,0.8080000281333923,0.6894999742507935
YNL103W,YIL125W,0,-4.2203765,0.10488057881593704,0.8080000281333923,0.6895999908447266
YOR275C,YGR040W,0,-4.220525,0.10486696660518646,0.8080000281333923,0.6897000074386597
YNL008C,YMR109W,0,-4.220878,0.10485336184501648,0.8080000281333923,0.6898000240325928
YGL175C,YML095C,1,-4.221193,0.10496950894594193,0.8090000152587891,0.6898000240325928
YDR425W,YHR191C,0,-4.221327,0.10495588928461075,0.8090000152587891,0.6898999810218811
YDR251W,YEL042W,0,-4.2217216,0.10494227707386017,0.8090000152587891,0.6899999976158142
YBL064C,YDL208W,0,-4.2217984,0.10492866486310959,0.8090000152587891,0.6901000142097473
YDL130W-A,YDL113C,0,-4.221806,0.1049150601029396,0.8090000152587891,0.6901999711990356
YDR364C,YKR072C,0,-4.221811,0.10490145534276962,0.8090000152587891,0.6902999877929688
YGL111W,YLR117C,0,-4.222538,0.10488785058259964,0.8090000152587891,0.6904000043869019
YNR015W,YOR149C,0,-4.222841,0.10487425327301025,0.8090000152587891,0.690500020980835
YFL009W,YOR373W,0,-4.2229342,0.10486066341400146,0.8090000152587891,0.6905999779701233
YNL292W,YBR050C,0,-4.222959,0.10484707355499268,0.8090000152587891,0.6906999945640564
YLR071C,YGR040W,0,-4.2230535,0.10483348369598389,0.8090000152587891,0.6908000111579895
YML001W,YIL023C,0,-4.223398,0.1048199012875557,0.8090000152587891,0.6909000277519226
YKL018W,YOL064C,0,-4.223492,0.1048063188791275,0.8090000152587891,0.6909999847412109
YPR072W,YHR197W,0,-4.2235866,0.10479274392127991,0.8090000152587891,0.691100001335144
YLR376C,YKL114C,0,-4.223823,0.10477917641401291,0.8090000152587891,0.6912000179290771
YNL267W,YMR081C,0,-4.2239738,0.10476560145616531,0.8090000152587891,0.6912999749183655
YAL001C,YKL112W,0,-4.224154,0.10475204139947891,0.8090000152587891,0.6913999915122986
YER147C,YGL043W,1,-4.2241616,0.10486794263124466,0.8100000023841858,0.6913999915122986
YHR069C,YDR177W,0,-4.22447,0.10485436767339706,0.8100000023841858,0.6915000081062317
YHR120W,YJL065C,0,-4.224513,0.10484080016613007,0.8100000023841858,0.6916000247001648
YBR084W,YDR219C,0,-4.2247596,0.10482723265886307,0.8100000023841858,0.6916999816894531
YJR050W,YJR066W,0,-4.2247825,0.10481366515159607,0.8100000023841858,0.6917999982833862
YKL040C,YFL016C,0,-4.2252145,0.10480010509490967,0.8100000023841858,0.6919000148773193
YDR376W,YPR052C,0,-4.225226,0.10478654503822327,0.8100000023841858,0.6919999718666077
YBR029C,YGR007W,0,-4.2255797,0.10477299243211746,0.8100000023841858,0.6920999884605408
YML130C,YOL016C,0,-4.225797,0.10475943982601166,0.8100000023841858,0.6922000050544739
YHR123W,YNL091W,0,-4.2260194,0.10474589467048645,0.8100000023841858,0.692300021648407
YGL044C,YKR003W,0,-4.226189,0.10473234951496124,0.8100000023841858,0.6923999786376953
YOL128C,YNL048W,0,-4.2263484,0.10471881181001663,0.8100000023841858,0.6924999952316284
YGR129W,YJL110C,0,-4.2264504,0.10470527410507202,0.8100000023841858,0.6926000118255615
YPL139C,YMR025W,0,-4.226542,0.10469174385070801,0.8100000023841858,0.6927000284194946
YOR025W,YNL107W,0,-4.226596,0.104678213596344,0.8100000023841858,0.692799985408783
YEL027W,YGR162W,0,-4.2266316,0.10466468334197998,0.8100000023841858,0.6929000020027161
YJL133W,YLR028C,0,-4.226847,0.10465116053819656,0.8100000023841858,0.6930000185966492
YOR005C,YOL142W,0,-4.22698,0.10463764518499374,0.8100000023841858,0.6930999755859375
YJL035C,YHL034C,0,-4.227013,0.10462412983179092,0.8100000023841858,0.6931999921798706
YMR287C,YNL091W,0,-4.227033,0.1046106144785881,0.8100000023841858,0.6933000087738037
YER173W,YLL002W,1,-4.227955,0.10472624003887177,0.8109999895095825,0.6933000087738037
YOL133W,YLR417W,0,-4.227973,0.10471271723508835,0.8109999895095825,0.6934000253677368
YBR049C,YIL114C,0,-4.2279773,0.10469920188188553,0.8109999895095825,0.6934999823570251
YDR052C,YIL073C,0,-4.2280097,0.10468568652868271,0.8109999895095825,0.6935999989509583
YMR298W,YIR033W,0,-4.228433,0.10467217117547989,0.8109999895095825,0.6937000155448914
YDR093W,YDL108W,0,-4.2284575,0.10465866327285767,0.8109999895095825,0.6937999725341797
YDR073W,YNR015W,0,-4.22848,0.10464516282081604,0.8109999895095825,0.6938999891281128
YDL084W,YNL048W,0,-4.2285485,0.10463166236877441,0.8109999895095825,0.6940000057220459
YKL043W,YPL180W,0,-4.2286053,0.10461816191673279,0.8109999895095825,0.694100022315979
YCL061C,YOR260W,0,-4.228818,0.10460466891527176,0.8109999895095825,0.6941999793052673
YKR083C,YMR192W,0,-4.2288756,0.10459117591381073,0.8109999895095825,0.6942999958992004
YOR145C,YHL009C,0,-4.22897,0.1045776903629303,0.8109999895095825,0.6944000124931335
YLR105C,YDR322C-A,0,-4.229689,0.10456420481204987,0.8109999895095825,0.6945000290870667
YGL044C,YHR164C,0,-4.229699,0.10455072671175003,0.8109999895095825,0.694599986076355
YAL056W,YLR262C,0,-4.230049,0.1045372486114502,0.8109999895095825,0.6947000026702881
YOL045W,YJR066W,0,-4.230115,0.10452377796173096,0.8109999895095825,0.6948000192642212
YLR043C,YER035W,0,-4.230741,0.10451030731201172,0.8109999895095825,0.6948999762535095
YDL006W,YIL026C,0,-4.230896,0.10449684411287308,0.8109999895095825,0.6949999928474426
YOL142W,YDR150W,0,-4.230965,0.10448338091373444,0.8109999895095825,0.6951000094413757
YMR038C,YDL080C,0,-4.2315483,0.1044699177145958,0.8109999895095825,0.6952000260353088
YKL051W,YOL113W,0,-4.2315693,0.10445646941661835,0.8109999895095825,0.6952999830245972
YDR017C,YBR089C-A,0,-4.2317653,0.1044430136680603,0.8109999895095825,0.6953999996185303
YNL068C,YGR200C,0,-4.23178,0.10442956537008286,0.8109999895095825,0.6955000162124634
YER111C,YDR195W,0,-4.2318997,0.10441611707210541,0.8109999895095825,0.6955999732017517
YNL298W,YKL194C,0,-4.232083,0.10440267622470856,0.8109999895095825,0.6956999897956848
YGR227W,YOL105C,0,-4.232668,0.1043892428278923,0.8109999895095825,0.6958000063896179
YPL164C,YLR418C,1,-4.2327666,0.10450450330972672,0.8119999766349792,0.6958000063896179
YAR003W,YDR322C-A,0,-4.2328777,0.10449105501174927,0.8119999766349792,0.695900022983551
YDR036C,YJL209W,0,-4.2331624,0.10447761416435242,0.8119999766349792,0.6959999799728394
YER177W,YMR109W,0,-4.2333922,0.10446417331695557,0.8119999766349792,0.6960999965667725
YGR072W,YPL091W,0,-4.23356,0.10445073246955872,0.8119999766349792,0.6962000131607056
YDR416W,YJR153W,0,-4.2336574,0.10443729907274246,0.8119999766349792,0.6963000297546387
YML074C,YIL144W,0,-4.2336907,0.10442386567592621,0.8119999766349792,0.696399986743927
YLR086W,YDR339C,0,-4.2339244,0.10441043972969055,0.8119999766349792,0.6965000033378601
YHR106W,YOL077C,0,-4.2339272,0.1043970137834549,0.8119999766349792,0.6966000199317932
YGL163C,YER104W,1,-4.2339497,0.10451214760541916,0.8130000233650208,0.6966000199317932
YBR088C,YNL110C,0,-4.2343345,0.1044987142086029,0.8130000233650208,0.6966999769210815
YBR293W,YPR075C,0,-4.2343755,0.10448528826236725,0.8130000233650208,0.6967999935150146
YML001W,YMR065W,0,-4.2343993,0.104471854865551,0.8130000233650208,0.6969000101089478
YCL051W,YNL207W,0,-4.2344027,0.10445843636989594,0.8130000233650208,0.6970000267028809
YJL001W,YAL053W,0,-4.234408,0.10444501787424088,0.8130000233650208,0.6970999836921692
YNL270C,YGL075C,0,-4.234453,0.10443159937858582,0.8130000233650208,0.6972000002861023
YLR186W,YDR464W,0,-4.234492,0.10441818833351135,0.8130000233650208,0.6973000168800354
YDL006W,YGR029W,0,-4.2347245,0.10440477728843689,0.8130000233650208,0.6973999738693237
YBR026C,YJL005W,0,-4.2347918,0.10439137369394302,0.8130000233650208,0.6974999904632568
YPR165W,YPL040C,0,-4.235307,0.10437797009944916,0.8130000233650208,0.6976000070571899
YGR167W,YIL061C,0,-4.2353463,0.10436456650495529,0.8130000233650208,0.697700023651123
YAL005C,YGR199W,0,-4.235494,0.10435117781162262,0.8130000233650208,0.6977999806404114
YPL255W,YDR279W,0,-4.2355795,0.10433778166770935,0.8130000233650208,0.6978999972343445
YMR043W,YDL098C,0,-4.235625,0.10432439297437668,0.8130000233650208,0.6980000138282776
YDL006W,YEL019C,0,-4.2356906,0.1043110117316246,0.8130000233650208,0.6980999708175659
YHR073W,YOL044W,0,-4.235836,0.10429762303829193,0.8130000233650208,0.698199987411499
YJL090C,YOR354C,1,-4.235971,0.1044125184416771,0.8140000104904175,0.698199987411499
YJL090C,YDR138W,1,-4.2362065,0.10452738404273987,0.8149999976158142,0.698199987411499
YMR067C,YGR007W,0,-4.2362437,0.104513980448246,0.8149999976158142,0.6983000040054321
YML011C,YPL096W,0,-4.2363296,0.10450057685375214,0.8149999976158142,0.6984000205993652
YGL087C,YPL193W,0,-4.236419,0.10448718070983887,0.8149999976158142,0.6984999775886536
YER104W,YML062C,1,-4.2365346,0.10460197180509567,0.8159999847412109,0.6984999775886536
YGL092W,YJL065C,0,-4.236897,0.1045885682106018,0.8159999847412109,0.6985999941825867
YJR050W,YBR041W,0,-4.2369456,0.10457516461610794,0.8159999847412109,0.6987000107765198
YMR273C,YIL013C,0,-4.236975,0.10456176102161407,0.8159999847412109,0.6988000273704529
YOR020C,YCL052C,0,-4.2371416,0.1045483648777008,0.8159999847412109,0.6988999843597412
YGL019W,YNL015W,0,-4.237427,0.10453497618436813,0.8159999847412109,0.6990000009536743
YDR224C,YNR016C,0,-4.2374864,0.10452158004045486,0.8159999847412109,0.6991000175476074
YPL151C,YBR127C,0,-4.2375464,0.10450819879770279,0.8159999847412109,0.6991999745368958
YAL053W,YOL021C,0,-4.2376904,0.10449481010437012,0.8159999847412109,0.6992999911308289
YKR089C,YDR120C,0,-4.237866,0.10448143631219864,0.8159999847412109,0.699400007724762
YJL134W,YPL271W,0,-4.2378697,0.10446805506944656,0.8159999847412109,0.6995000243186951
YGR180C,YGR244C,0,-4.2385097,0.10445468872785568,0.8159999847412109,0.6995999813079834
YNL245C,YMR234W,0,-4.2386947,0.1044413149356842,0.8159999847412109,0.6996999979019165
YBL088C,YDR097C,1,-4.2390084,0.10455592721700668,0.8169999718666077,0.6996999979019165
YDR060W,YEL013W,0,-4.239109,0.10454254597425461,0.8169999718666077,0.6998000144958496
YLR369W,YGR157W,0,-4.2391253,0.10452917218208313,0.8169999718666077,0.6998999714851379
YPR111W,YDR494W,0,-4.239343,0.10451579838991165,0.8169999718666077,0.699999988079071
YHR058C,YCR084C,0,-4.2395735,0.10450243204832077,0.8169999718666077,0.7001000046730042
YGR085C,YPR199C,0,-4.2395883,0.10448906570672989,0.8169999718666077,0.7002000212669373
YMR292W,YIL142W,0,-4.2396607,0.1044757068157196,0.8169999718666077,0.7002999782562256
YNL121C,YDR324C,0,-4.2398505,0.10446234792470932,0.8169999718666077,0.7003999948501587
YLR357W,YHR065C,0,-4.2398887,0.10444898903369904,0.8169999718666077,0.7005000114440918
YDL064W,YKR083C,0,-4.239969,0.10443563759326935,0.8169999718666077,0.7006000280380249
YNL267W,YOL149W,0,-4.240002,0.10442229360342026,0.8169999718666077,0.7006999850273132
YKL208W,YLR007W,0,-4.240165,0.10440894216299057,0.8169999718666077,0.7008000016212463
YMR319C,YCR024C-A,0,-4.240255,0.10439560562372208,0.8169999718666077,0.7009000182151794
YNL243W,YFL039C,0,-4.240396,0.10438226908445358,0.8169999718666077,0.7009999752044678
YNL283C,YPR173C,0,-4.2404175,0.10436893254518509,0.8169999718666077,0.7010999917984009
YIL016W,YGR191W,0,-4.2405515,0.10435560345649719,0.8169999718666077,0.701200008392334
YHR062C,YBR039W,0,-4.2407317,0.1043422743678093,0.8169999718666077,0.7013000249862671
YGL006W,YDR494W,0,-4.242064,0.104328952729702,0.8169999718666077,0.7013999819755554
YDR412W,YGR170W,0,-4.2421937,0.1043156310915947,0.8169999718666077,0.7014999985694885
YLR103C,YKL114C,0,-4.2423105,0.1043023094534874,0.8169999718666077,0.7016000151634216
YOR320C,YKL056C,0,-4.242394,0.1042889952659607,0.8169999718666077,0.70169997215271
YMR311C,YJR140C,0,-4.2424135,0.10427568852901459,0.8169999718666077,0.7017999887466431
YHR042W,YDR057W,0,-4.2426934,0.10426238179206848,0.8169999718666077,0.7019000053405762
YDR414C,YDR322C-A,0,-4.242909,0.10424907505512238,0.8169999718666077,0.7020000219345093
YBR024W,YHR006W,0,-4.243776,0.10423577576875687,0.8169999718666077,0.7020999789237976
YPL015C,YHR039C,1,-4.243963,0.10435004532337189,0.8180000185966492,0.7020999789237976
YML023C,YOR340C,0,-4.2440257,0.10433673113584518,0.8180000185966492,0.7021999955177307
YML099C,YNL068C,0,-4.2444987,0.10432343184947968,0.8180000185966492,0.7023000121116638
YLL043W,YPL089C,0,-4.245189,0.10431012511253357,0.8180000185966492,0.7024000287055969
YGL013C,YML115C,0,-4.2454886,0.10429682582616806,0.8180000185966492,0.7024999856948853
YMR263W,YNL138W,0,-4.245521,0.10428352653980255,0.8180000185966492,0.7026000022888184
YMR309C,YGR156W,0,-4.245551,0.10427023470401764,0.8180000185966492,0.7027000188827515
YGL119W,YNR008W,0,-4.245991,0.10425694286823273,0.8180000185966492,0.7027999758720398
YCL033C,YJL111W,0,-4.246053,0.10424365848302841,0.8180000185966492,0.7028999924659729
YER088C,YOL146W,0,-4.2460866,0.1042303740978241,0.8180000185966492,0.703000009059906
YOL100W,YAR014C,0,-4.2461047,0.10421709716320038,0.8180000185966492,0.7031000256538391
YAL053W,YMR299C,0,-4.246217,0.10420382022857666,0.8180000185966492,0.7031999826431274
YDR180W,YMR106C,1,-4.2467957,0.10431791841983795,0.8190000057220459,0.7031999826431274
YNL261W,YNL262W,0,-4.2470846,0.10430463403463364,0.8190000057220459,0.7032999992370605
YHL003C,YGL133W,0,-4.2471476,0.10429135710000992,0.8190000057220459,0.7034000158309937
YDR359C,YMR023C,0,-4.2472415,0.1042780727148056,0.8190000057220459,0.703499972820282
YKL160W,YER142C,0,-4.2473764,0.10426479578018188,0.8190000057220459,0.7035999894142151
YBR298C,YML098W,0,-4.2476335,0.10425152629613876,0.8190000057220459,0.7037000060081482
YDR156W,YNL281W,0,-4.248114,0.10423825681209564,0.8190000057220459,0.7038000226020813
YFR009W,YOL077C,0,-4.2481236,0.10422499477863312,0.8190000057220459,0.7038999795913696
YJL095W,YEL063C,0,-4.2483315,0.1042117327451706,0.8190000057220459,0.7039999961853027
YLR051C,YNR035C,0,-4.248671,0.10419847071170807,0.8190000057220459,0.7041000127792358
YOR120W,YKL062W,0,-4.2487097,0.10418521612882614,0.8190000057220459,0.704200029373169
YGL013C,YPL087W,0,-4.248733,0.10417196899652481,0.8190000057220459,0.7042999863624573
YMR029C,YDL111C,0,-4.248881,0.10415871441364288,0.8190000057220459,0.7044000029563904
YHR005C,YDR087C,0,-4.2498546,0.10414547473192215,0.8190000057220459,0.7045000195503235
YLL015W,YGR123C,0,-4.249908,0.10413223505020142,0.8190000057220459,0.7045999765396118
YKL192C,YKL085W,0,-4.2502227,0.10411899536848068,0.8190000057220459,0.7046999931335449
YER089C,YGL150C,0,-4.2503257,0.10410575568675995,0.8190000057220459,0.704800009727478
YOL009C,YIR004W,0,-4.250344,0.10409252345561981,0.8190000057220459,0.7049000263214111
YAL030W,YIL112W,0,-4.2507815,0.10407929867506027,0.8190000057220459,0.7049999833106995
YOR194C,YPR144C,0,-4.2509933,0.10406607389450073,0.8190000057220459,0.7050999999046326
YDR470C,YGR091W,0,-4.2510715,0.10405284911394119,0.8190000057220459,0.7052000164985657
YOL102C,YHR061C,0,-4.251184,0.10403963178396225,0.8190000057220459,0.705299973487854
YNL307C,YOR148C,0,-4.2514086,0.1040264219045639,0.8190000057220459,0.7053999900817871
YML006C,YDR173C,0,-4.251544,0.10401320457458496,0.8190000057220459,0.7055000066757202
YBR029C,YPR086W,0,-4.251798,0.10400000214576721,0.8190000057220459,0.7056000232696533
YDR394W,YFL013C,0,-4.2519093,0.10398679226636887,0.8190000057220459,0.7056999802589417
YHR135C,YJL170C,0,-4.251944,0.10397359728813171,0.8190000057220459,0.7057999968528748
YDL197C,YJR006W,0,-4.2520485,0.10396039485931396,0.8190000057220459,0.7059000134468079
YGR245C,YPR154W,0,-4.25214,0.10394719988107681,0.8190000057220459,0.7059999704360962
YHR167W,YIR025W,1,-4.252458,0.10406091064214706,0.8199999928474426,0.7059999704360962
YLR200W,YMR241W,0,-4.2527456,0.10404770821332932,0.8199999928474426,0.7060999870300293
YNL270C,YPR068C,0,-4.2527747,0.10403450578451157,0.8199999928474426,0.7062000036239624
YER089C,YJR019C,0,-4.2528234,0.10402131080627441,0.8199999928474426,0.7063000202178955
YNR016C,YGL087C,0,-4.2532535,0.10400811582803726,0.8199999928474426,0.7063999772071838
YPL016W,YCR002C,0,-4.253464,0.1039949283003807,0.8199999928474426,0.7064999938011169
YBR068C,YMR081C,0,-4.253491,0.10398174077272415,0.8199999928474426,0.70660001039505
YLR186W,YOL121C,0,-4.253546,0.1039685532450676,0.8199999928474426,0.7067000269889832
YNL031C,YEL051W,0,-4.2535768,0.10395537316799164,0.8199999928474426,0.7067999839782715
YDR078C,YJL207C,0,-4.2536182,0.10394220054149628,0.8199999928474426,0.7069000005722046
YJL006C,YOR229W,0,-4.2537737,0.10392902046442032,0.8199999928474426,0.7070000171661377
YER088C,YPL161C,0,-4.2540298,0.10391585528850555,0.8199999928474426,0.707099974155426
YML029W,YPR154W,0,-4.2541323,0.10390268266201019,0.8199999928474426,0.7071999907493591
YLL022C,YPL028W,0,-4.2545257,0.10388952493667603,0.8199999928474426,0.7073000073432922
YLR113W,YPR024W,0,-4.255105,0.10387635976076126,0.8199999928474426,0.7074000239372253
YOL051W,YPL212C,0,-4.255182,0.1038632020354271,0.8199999928474426,0.7074999809265137
YOL034W,YER129W,0,-4.2552547,0.10385005176067352,0.8199999928474426,0.7075999975204468
YOL144W,YKL197C,0,-4.2553735,0.10383690148591995,0.8199999928474426,0.7077000141143799
YDR512C,YJL074C,0,-4.2554116,0.10382375121116638,0.8199999928474426,0.7077999711036682
YOL011W,YDR151C,0,-4.255609,0.10381060838699341,0.8199999928474426,0.7078999876976013
YOR140W,YPR081C,0,-4.2557006,0.10379746556282043,0.8199999928474426,0.7080000042915344
YDL229W,YDL002C,0,-4.25595,0.10378433018922806,0.8199999928474426,0.7081000208854675
YOR363C,YMR280C,0,-4.256166,0.10377119481563568,0.8199999928474426,0.7081999778747559
YKR002W,YDR488C,0,-4.256618,0.1037580668926239,0.8199999928474426,0.708299994468689
YMR263W,YPR131C,0,-4.256882,0.10374493896961212,0.8199999928474426,0.7084000110626221
YKR099W,YNL088W,1,-4.25713,0.10385831445455551,0.8209999799728394,0.7084000110626221
YGL086W,YNL221C,0,-4.2576256,0.10384517908096313,0.8209999799728394,0.7085000276565552
YNL270C,YJL112W,0,-4.257658,0.10383205115795135,0.8209999799728394,0.7085999846458435
YOL139C,YCR028C-A,0,-4.258023,0.10381891578435898,0.8209999799728394,0.7087000012397766
YNL090W,YNL281W,0,-4.258366,0.1038057878613472,0.8209999799728394,0.7088000178337097
YOL127W,YDR443C,0,-4.258657,0.10379266738891602,0.8209999799728394,0.708899974822998
YNL199C,YPL117C,0,-4.258696,0.10377954691648483,0.8209999799728394,0.7089999914169312
YMR184W,YNL021W,0,-4.2587695,0.10376643389463425,0.8209999799728394,0.7091000080108643
YHL034C,YCL024W,0,-4.259169,0.10375332087278366,0.8209999799728394,0.7092000246047974
YLR353W,YFR027W,0,-4.2593927,0.10374020785093307,0.8209999799728394,0.7092999815940857
YOR110W,YIL095W,0,-4.25966,0.10372710227966309,0.8209999799728394,0.7093999981880188
YLR047C,YFL029C,0,-4.259954,0.1037139967083931,0.8209999799728394,0.7095000147819519
YMR091C,YGL029W,0,-4.2600236,0.1037008985877037,0.8209999799728394,0.7095999717712402
YDR059C,YLR449W,0,-4.260147,0.10368780046701431,0.8209999799728394,0.7096999883651733
YDL020C,YJL207C,0,-4.2601748,0.10367470979690552,0.8209999799728394,0.7098000049591064
YLR113W,YDR043C,0,-4.260221,0.10366161912679672,0.8209999799728394,0.7099000215530396
YDR379W,YDR359C,0,-4.2604575,0.10364852845668793,0.8209999799728394,0.7099999785423279
YIL056W,YER028C,0,-4.260698,0.10363544523715973,0.8209999799728394,0.710099995136261
YJR053W,YMR268C,0,-4.2608156,0.10362236201763153,0.8209999799728394,0.7102000117301941
YER173W,YDR110W,1,-4.2610164,0.10373548418283463,0.8220000267028809,0.7102000117301941
YCR028C,YLR274W,0,-4.2612867,0.10372240096330643,0.8220000267028809,0.7103000283241272
YJL167W,YDL212W,0,-4.2619267,0.10370931029319763,0.8220000267028809,0.7103999853134155
YCL016C,YDL108W,0,-4.2619543,0.10369622707366943,0.8220000267028809,0.7105000019073486
YLR330W,YFR028C,0,-4.262483,0.10368315130472183,0.8220000267028809,0.7106000185012817
YEL026W,YGR167W,0,-4.262562,0.10367007553577423,0.8220000267028809,0.7106999754905701
YFR024C-A,YKR028W,0,-4.2628016,0.10365699976682663,0.8220000267028809,0.7107999920845032
YDR078C,YDR503C,0,-4.26296,0.10364393144845963,0.8220000267028809,0.7109000086784363
YGR231C,YIL017C,0,-4.2629747,0.10363086313009262,0.8220000267028809,0.7110000252723694
YJL090C,YGL043W,1,-4.263071,0.10374385118484497,0.8230000138282776,0.7110000252723694
YGR222W,YGR157W,0,-4.2632484,0.10373077541589737,0.8230000138282776,0.7110999822616577
YHR205W,YNL283C,0,-4.263388,0.10371770709753036,0.8230000138282776,0.7111999988555908
YGL111W,YBR009C,0,-4.2634025,0.10370463877916336,0.8230000138282776,0.7113000154495239
YDR052C,YKL007W,0,-4.263449,0.10369157046079636,0.8230000138282776,0.7113999724388123
YAR003W,YIL138C,0,-4.26355,0.10367850959300995,0.8230000138282776,0.7114999890327454
YCL029C,YGL095C,0,-4.2635903,0.10366544872522354,0.8230000138282776,0.7116000056266785
YBL006C,YNL172W,0,-4.2635922,0.10365239530801773,0.8230000138282776,0.7117000222206116
YCR084C,YDR164C,0,-4.263755,0.10363934189081192,0.8230000138282776,0.7117999792098999
YOR210W,YBR049C,0,-4.263992,0.10362628847360611,0.8230000138282776,0.711899995803833
YDR358W,YCR073W-A,0,-4.2640204,0.1036132425069809,0.8230000138282776,0.7120000123977661
YHR061C,YDR337W,0,-4.264068,0.10360020399093628,0.8230000138282776,0.7121000289916992
YLR138W,YJL010C,0,-4.2641964,0.10358715802431107,0.8230000138282776,0.7121999859809875
YJL004C,YOR132W,0,-4.2644396,0.10357412695884705,0.8230000138282776,0.7123000025749207
YNL261W,YOR047C,0,-4.2646446,0.10356109589338303,0.8230000138282776,0.7124000191688538
YDR081C,YGL127C,0,-4.2648997,0.103548064827919,0.8230000138282776,0.7124999761581421
YPR083W,YGL240W,0,-4.265513,0.10353503376245499,0.8230000138282776,0.7125999927520752
YKL190W,YER028C,0,-4.265552,0.10352201014757156,0.8230000138282776,0.7127000093460083
YPL231W,YLL043W,0,-4.2656507,0.10350899398326874,0.8230000138282776,0.7128000259399414
YDR284C,YML099C,0,-4.2657323,0.10349597781896591,0.8230000138282776,0.7128999829292297
YBR024W,YOR162C,0,-4.265782,0.10348296165466309,0.8230000138282776,0.7129999995231628
YEL027W,YPL049C,0,-4.2659,0.10346995294094086,0.8230000138282776,0.713100016117096
YGR072W,YML099C,0,-4.2660356,0.10345694422721863,0.8230000138282776,0.7131999731063843
YHR079C,YBR168W,0,-4.266584,0.103443942964077,0.8230000138282776,0.7132999897003174
YKL049C,YOL089C,0,-4.2667885,0.10343094170093536,0.8230000138282776,0.7134000062942505
YDL235C,YPL213W,0,-4.267182,0.10341794788837433,0.8230000138282776,0.7135000228881836
YDL159W,YER146W,0,-4.2672973,0.1034049540758133,0.8230000138282776,0.7135999798774719
YJL014W,YGR278W,0,-4.2673335,0.10339196026325226,0.8230000138282776,0.713699996471405
YOR208W,YMR109W,0,-4.268046,0.10337897390127182,0.8230000138282776,0.7138000130653381
YPL274W,YBR107C,0,-4.268496,0.10336598753929138,0.8230000138282776,0.7139000296592712
YOR032C,YDR150W,0,-4.268746,0.10335300862789154,0.8230000138282776,0.7139999866485596
YML028W,YGL174W,0,-4.268871,0.1033400297164917,0.8230000138282776,0.7141000032424927
YNL282W,YMR156C,0,-4.2692585,0.10332705825567245,0.8230000138282776,0.7142000198364258
YNL243W,YLR399C,0,-4.2692757,0.10331408679485321,0.8230000138282776,0.7142999768257141
YBR119W,YDL208W,0,-4.26943,0.10330111533403397,0.8230000138282776,0.7143999934196472
YJL076W,YJR069C,0,-4.2696996,0.10328815132379532,0.8230000138282776,0.7145000100135803
YDR211W,YMR053C,0,-4.269789,0.10327519476413727,0.8230000138282776,0.7146000266075134
YGL155W,YKR083C,0,-4.270079,0.10326223075389862,0.8230000138282776,0.7146999835968018
YCL025C,YBR095C,0,-4.270118,0.10324928164482117,0.8230000138282776,0.7148000001907349
YDR097C,YOR033C,1,-4.2702317,0.10336176306009293,0.8240000009536743,0.7148000001907349
YMR135C,YGR007W,0,-4.2707324,0.10334879904985428,0.8240000009536743,0.714900016784668
YNL270C,YMR065W,0,-4.270867,0.10333584249019623,0.8240000009536743,0.7149999737739563
YKR083C,YLL001W,0,-4.271029,0.10332288593053818,0.8240000009536743,0.7150999903678894
YPL020C,YBR080C,0,-4.2712655,0.10330992937088013,0.8240000009536743,0.7152000069618225
YOR144C,YJR021C,1,-4.2714972,0.10342233628034592,0.824999988079071,0.7152000069618225
YPL018W,YNL156C,0,-4.2716126,0.10340937227010727,0.824999988079071,0.7153000235557556
YJL100W,YDR190C,0,-4.2716403,0.10339641571044922,0.824999988079071,0.715399980545044
YKL015W,YCR065W,0,-4.271993,0.10338345915079117,0.824999988079071,0.715499997138977
YDR477W,YOL125W,0,-4.272102,0.10337050259113312,0.824999988079071,0.7156000137329102
YMR301C,YDR494W,0,-4.272218,0.10335755348205566,0.824999988079071,0.7156999707221985
YHR150W,YCR081W,0,-4.2722445,0.10334460437297821,0.824999988079071,0.7157999873161316
YER168C,YMR081C,0,-4.272372,0.10333166271448135,0.824999988079071,0.7159000039100647
YFR028C,YFR027W,0,-4.272408,0.1033187210559845,0.824999988079071,0.7160000205039978
YMR198W,YDR425W,0,-4.2735524,0.10330578684806824,0.824999988079071,0.7160999774932861
YNL270C,YMR268C,0,-4.2738824,0.10329285264015198,0.824999988079071,0.7161999940872192
YAL047C,YEL002C,0,-4.2739882,0.10327991843223572,0.824999988079071,0.7163000106811523
YLR139C,YMR179W,0,-4.2742014,0.10326699167490005,0.824999988079071,0.7164000272750854
YPR161C,YDL065C,0,-4.2743726,0.10325406491756439,0.824999988079071,0.7164999842643738
YGR246C,YPR181C,0,-4.2744555,0.10324114561080933,0.824999988079071,0.7166000008583069
YBL102W,YDR507C,0,-4.2745247,0.10322822630405426,0.824999988079071,0.71670001745224
YOR265W,YBR127C,0,-4.27465,0.10321531444787979,0.824999988079071,0.7167999744415283
YJL063C,YJR044C,0,-4.2747316,0.10320240259170532,0.824999988079071,0.7168999910354614
YPL001W,YGR095C,0,-4.2749,0.10318949073553085,0.824999988079071,0.7170000076293945
YKL143W,YDR085C,0,-4.2751856,0.10317658632993698,0.824999988079071,0.7171000242233276
YAL059W,YFR037C,0,-4.275363,0.1031636893749237,0.824999988079071,0.717199981212616
YPL129W,YDR120C,0,-4.2753835,0.10315078496932983,0.824999988079071,0.7172999978065491
YPR171W,YGR029W,0,-4.2754164,0.10313789546489716,0.824999988079071,0.7174000144004822
YER075C,YGR195W,0,-4.2755284,0.10312499850988388,0.824999988079071,0.7174999713897705
YOR210W,YGL206C,0,-4.2756524,0.1031121090054512,0.824999988079071,0.7175999879837036
YLR215C,YPL181W,0,-4.2757006,0.10309922695159912,0.824999988079071,0.7177000045776367
YCL034W,YIL147C,0,-4.2757907,0.10308634489774704,0.824999988079071,0.7178000211715698
YNL216W,YOL045W,0,-4.275992,0.10307346284389496,0.824999988079071,0.7178999781608582
YDR101C,YBR039W,0,-4.276156,0.10306058824062347,0.824999988079071,0.7179999947547913
YER089C,YJL112W,0,-4.2761703,0.10304771363735199,0.824999988079071,0.7181000113487244
YGR216C,YDL020C,0,-4.2768574,0.1030348464846611,0.824999988079071,0.7182000279426575
YLR086W,YNL173C,0,-4.2768955,0.10302197933197021,0.824999988079071,0.7182999849319458
YDR310C,YJR153W,0,-4.277221,0.10300911217927933,0.824999988079071,0.7184000015258789
YDR392W,YFR037C,0,-4.27727,0.10299625247716904,0.824999988079071,0.718500018119812
YLR417W,YAL024C,0,-4.2776093,0.10298340022563934,0.824999988079071,0.7185999751091003
YGR006W,YNL107W,0,-4.2780204,0.10297054052352905,0.824999988079071,0.7186999917030334
YBL023C,YIL013C,0,-4.2782817,0.10295769572257996,0.824999988079071,0.7188000082969666
YPL122C,YNL084C,0,-4.278317,0.10294484347105026,0.824999988079071,0.7189000248908997
YNL080C,YCR002C,0,-4.2784424,0.10293200612068176,0.824999988079071,0.718999981880188
YDL130W,YBR273C,0,-4.2785387,0.10291916131973267,0.824999988079071,0.7190999984741211
YKL040C,YNL148C,0,-4.2788835,0.10290632396936417,0.824999988079071,0.7192000150680542
YDR129C,YNL039W,0,-4.278978,0.10289348661899567,0.824999988079071,0.7192999720573425
YDR422C,YPR009W,0,-4.2790046,0.10288065671920776,0.824999988079071,0.7193999886512756
YHL038C,YPL151C,0,-4.280394,0.10286782681941986,0.824999988079071,0.7195000052452087
YLL003W,YHR205W,0,-4.2804103,0.10285500437021255,0.824999988079071,0.7196000218391418
YIR002C,YNL128W,0,-4.2808003,0.10284218192100525,0.824999988079071,0.7196999788284302
YLR417W,YPL117C,0,-4.281329,0.10282936692237854,0.824999988079071,0.7197999954223633
YKL134C,YAL043C,0,-4.28143,0.10281655192375183,0.824999988079071,0.7199000120162964
YML129C,YLR223C,0,-4.2819085,0.10280373692512512,0.824999988079071,0.7200000286102295
YDL020C,YML021C,0,-4.2820954,0.10279092937707901,0.824999988079071,0.7200999855995178
YLR370C,YDL035C,0,-4.282246,0.1027781218290329,0.824999988079071,0.7202000021934509
YOR250C,YDR254W,0,-4.282264,0.10276532173156738,0.824999988079071,0.720300018787384
YDR129C,YOR078W,0,-4.2822948,0.10275252163410187,0.824999988079071,0.7203999757766724
YHR150W,YML091C,0,-4.283109,0.10273972898721695,0.824999988079071,0.7204999923706055
YKL040C,YDR183W,0,-4.28311,0.10272693634033203,0.824999988079071,0.7206000089645386
YDL008W,YCR081W,0,-4.283232,0.10271414369344711,0.824999988079071,0.7207000255584717
YIL046W,YDL065C,0,-4.2832837,0.10270135849714279,0.824999988079071,0.72079998254776
YOL049W,YBL055C,0,-4.2833943,0.10268857330083847,0.824999988079071,0.7208999991416931
YJR019C,YIL095W,0,-4.283443,0.10267579555511475,0.824999988079071,0.7210000157356262
YPL253C,YDR159W,0,-4.283447,0.10266301780939102,0.824999988079071,0.7210999727249146
YLR450W,YDR013W,0,-4.2835126,0.1026502400636673,0.824999988079071,0.7211999893188477
YMR049C,YDR167W,0,-4.2837787,0.10263746976852417,0.824999988079071,0.7213000059127808
YDL200C,YIL147C,0,-4.283858,0.10262470692396164,0.824999988079071,0.7214000225067139
YGR257C,YKL110C,0,-4.2842226,0.10261193662881851,0.824999988079071,0.7214999794960022
YDL231C,YHR119W,0,-4.2842736,0.10259918123483658,0.824999988079071,0.7215999960899353
YAL051W,YPL110C,0,-4.2847433,0.10258641839027405,0.824999988079071,0.7217000126838684
YNL001W,YGR007W,0,-4.285023,0.10257366299629211,0.824999988079071,0.7218000292778015
YCR093W,YMR013C,0,-4.285506,0.10256091505289078,0.824999988079071,0.7218999862670898
YJR121W,YNL039W,0,-4.285524,0.10254816710948944,0.824999988079071,0.722000002861023
YLR295C,YLR191W,0,-4.2855673,0.1025354191660881,0.824999988079071,0.722100019454956
YKR052C,YBR199W,0,-4.28601,0.10252267867326736,0.824999988079071,0.7221999764442444
YBR079C,YPL083C,0,-4.286081,0.10250993818044662,0.824999988079071,0.7222999930381775
YKL145W,YGR060W,0,-4.2861047,0.10249720513820648,0.824999988079071,0.7224000096321106
YKL007W,YOR334W,0,-4.2861333,0.10248447209596634,0.824999988079071,0.7225000262260437
YDR088C,YMR016C,0,-4.2865596,0.1024717390537262,0.824999988079071,0.722599983215332
YEL063C,YKL110C,0,-4.2867217,0.10245901346206665,0.824999988079071,0.7226999998092651
YMR190C,YML062C,1,-4.2868614,0.10257047414779663,0.8259999752044678,0.7226999998092651
YDL077C,YNL188W,0,-4.287071,0.10255773365497589,0.8259999752044678,0.7228000164031982
YER171W,YKL017C,0,-4.287132,0.10254500061273575,0.8259999752044678,0.7228999733924866
YKR055W,YPL095C,0,-4.287174,0.1025322750210762,0.8259999752044678,0.7229999899864197
YJL154C,YHR099W,0,-4.2878785,0.10251954942941666,0.8259999752044678,0.7231000065803528
YIL138C,YPL177C,0,-4.2886195,0.10250682383775711,0.8259999752044678,0.7232000231742859
YEL051W,YDR404C,0,-4.288821,0.10249410569667816,0.8259999752044678,0.7232999801635742
YNL270C,YMR077C,0,-4.2889457,0.10248138755559921,0.8259999752044678,0.7233999967575073
YCL031C,YOR047C,0,-4.288983,0.10246867686510086,0.8259999752044678,0.7235000133514404
YKR035W-A,YER035W,0,-4.2892966,0.10245596617460251,0.8259999752044678,0.7235999703407288
YJR121W,YDR101C,0,-4.289541,0.10244326293468475,0.8259999752044678,0.7236999869346619
YHR005C,YPR187W,0,-4.2898793,0.1024305522441864,0.8259999752044678,0.723800003528595
YHR194W,YMR311C,0,-4.2899504,0.10241785645484924,0.8259999752044678,0.7239000201225281
YHR204W,YLR016C,0,-4.2899594,0.10240516066551208,0.8259999752044678,0.7239999771118164
YKL081W,YLL022C,0,-4.2906294,0.10239246487617493,0.8259999752044678,0.7240999937057495
YNR016C,YMR016C,0,-4.2907147,0.10237976908683777,0.8259999752044678,0.7242000102996826
YAL059W,YLR130C,0,-4.2908154,0.10236708074808121,0.8259999752044678,0.7243000268936157
YOR256C,YDL097C,0,-4.2912827,0.10235439985990524,0.8259999752044678,0.724399983882904
YLL006W,YNL054W,0,-4.2916064,0.10234171897172928,0.8259999752044678,0.7245000004768372
YNL055C,YDR320C-A,0,-4.2918305,0.10232903808355331,0.8259999752044678,0.7246000170707703
YKL045W,YGR186W,0,-4.291964,0.10231636464595795,0.8259999752044678,0.7246999740600586
YGR048W,YNL326C,0,-4.292118,0.10230369120836258,0.8259999752044678,0.7247999906539917
YOR157C,YGL233W,0,-4.292335,0.10229102522134781,0.8259999752044678,0.7249000072479248
YER068W,YML080W,0,-4.292465,0.10227835923433304,0.8259999752044678,0.7250000238418579
YDR167W,YJR044C,0,-4.2926965,0.10226569324731827,0.8259999752044678,0.7250999808311462
YHR193C,YNL116W,0,-4.2931,0.1022530347108841,0.8259999752044678,0.7251999974250793
YLR220W,YGR185C,0,-4.2932315,0.10224037617444992,0.8259999752044678,0.7253000140190125
YER012W,YGL030W,0,-4.2933273,0.10222772508859634,0.8259999752044678,0.7253999710083008
YOR026W,YGR129W,0,-4.2933497,0.10221507400274277,0.8259999752044678,0.7254999876022339
YDR364C,YDR073W,0,-4.2933564,0.10220242291688919,0.8259999752044678,0.725600004196167
YJL012C,YGR253C,0,-4.293948,0.10218977928161621,0.8259999752044678,0.7257000207901001
YLR394W,YGR199W,0,-4.294131,0.10217714309692383,0.8259999752044678,0.7257999777793884
YEL042W,YPL271W,0,-4.2944584,0.10216449946165085,0.8259999752044678,0.7258999943733215
YLR376C,YOL146W,0,-4.294493,0.10215187072753906,0.8259999752044678,0.7260000109672546
YCR091W,YOL049W,0,-4.29461,0.10213923454284668,0.8259999752044678,0.7261000275611877
YIR010W,YKL117W,0,-4.294611,0.1021266058087349,0.8259999752044678,0.7261999845504761
YNL021W,YOR239W,0,-4.294822,0.1021139845252037,0.8259999752044678,0.7263000011444092
YOR354C,YDR386W,1,-4.29498,0.10222496837377548,0.8270000219345093,0.7263000011444092
YPL262W,YLR384C,0,-4.2950783,0.1022123321890831,0.8270000219345093,0.7264000177383423
YML015C,YHR001W,0,-4.2953014,0.10219970345497131,0.8270000219345093,0.7264999747276306
YKR087C,YIL014W,0,-4.295419,0.10218707472085953,0.8270000219345093,0.7265999913215637
YLR133W,YOR039W,0,-4.295468,0.10217445343732834,0.8270000219345093,0.7267000079154968
YBR002C,YOR308C,0,-4.2956796,0.10216182470321655,0.8270000219345093,0.7268000245094299
YIL105C,YER003C,0,-4.2956834,0.10214921087026596,0.8270000219345093,0.7268999814987183
YHR041C,YLR370C,0,-4.2957025,0.10213659703731537,0.8270000219345093,0.7269999980926514
YLR025W,YLR047C,0,-4.296001,0.10212398320436478,0.8270000219345093,0.7271000146865845
YPL055C,YGL210W,0,-4.2960057,0.10211136937141418,0.8270000219345093,0.7271999716758728
YDL020C,YDL007W,0,-4.2961926,0.10209876298904419,0.8270000219345093,0.7272999882698059
YMR216C,YOR081C,0,-4.29641,0.10208616405725479,0.8270000219345093,0.727400004863739
YGR095C,YMR179W,0,-4.296439,0.1020735651254654,0.8270000219345093,0.7275000214576721
YDR310C,YJL076W,0,-4.296555,0.102060966193676,0.8270000219345093,0.7275999784469604
YOL004W,YLR060W,0,-4.2967753,0.1020483747124672,0.8270000219345093,0.7276999950408936
YHR090C,YDR400W,0,-4.2967877,0.10203578323125839,0.8270000219345093,0.7278000116348267
YGR063C,YHL027W,0,-4.2972207,0.10202319175004959,0.8270000219345093,0.7279000282287598
YKR028W,YGL093W,0,-4.2973146,0.10201060771942139,0.8270000219345093,0.7279999852180481
YER031C,YKR002W,0,-4.29732,0.10199802368879318,0.8270000219345093,0.7281000018119812
YBR109C,YNL054W,0,-4.297426,0.10198544710874557,0.8270000219345093,0.7282000184059143
YCR077C,YPL221W,0,-4.2977376,0.10197287052869797,0.8270000219345093,0.7282999753952026
YLR394W,YDR254W,0,-4.2979198,0.10196030139923096,0.8270000219345093,0.7283999919891357
YBR024W,YPR068C,0,-4.2982154,0.10194773226976395,0.8270000219345093,0.7285000085830688
YBR026C,YMR104C,0,-4.298265,0.10193516314029694,0.8270000219345093,0.728600025177002
YJR049C,YMR023C,0,-4.298433,0.10192260146141052,0.8270000219345093,0.7286999821662903
YBR278W,YGL097W,0,-4.298501,0.10191003978252411,0.8270000219345093,0.7287999987602234
YPR010C,YML043C,0,-4.298599,0.10189748555421829,0.8270000219345093,0.7289000153541565
YOR039W,YLR109W,0,-4.298963,0.10188493132591248,0.8270000219345093,0.7289999723434448
YFR036W,YPR108W,0,-4.2990937,0.10187238454818726,0.8270000219345093,0.7290999889373779
YGR183C,YCR035C,0,-4.2994733,0.10185983777046204,0.8270000219345093,0.729200005531311
YER075C,YNR032W,0,-4.299481,0.10184729099273682,0.8270000219345093,0.7293000221252441
YLR003C,YBR086C,0,-4.299539,0.1018347516655922,0.8270000219345093,0.7293999791145325
YNL216W,YLR015W,0,-4.299695,0.10182221233844757,0.8270000219345093,0.7294999957084656
YNL055C,YMR277W,0,-4.299873,0.10180967301130295,0.8270000219345093,0.7296000123023987
YHR154W,YDL185W,1,-4.3001933,0.1019202396273613,0.828000009059906,0.7296000123023987
YMR173W,YOL013C,0,-4.300497,0.10190769284963608,0.828000009059906,0.7297000288963318
YCR091W,YNL325C,0,-4.300504,0.10189515352249146,0.828000009059906,0.7297999858856201
YNR052C,YGL086W,0,-4.3009286,0.10188261419534683,0.828000009059906,0.7299000024795532
YHR107C,YNL103W,0,-4.300951,0.1018700823187828,0.828000009059906,0.7300000190734863
YCR010C,YPR008W,0,-4.3009953,0.10185755044221878,0.828000009059906,0.7300999760627747
YNL142W,YOL116W,0,-4.301272,0.10184501856565475,0.828000009059906,0.7301999926567078
YJL011C,YJR033C,0,-4.301471,0.10183249413967133,0.828000009059906,0.7303000092506409
YCR092C,YDR110W,1,-4.3017697,0.10194294154644012,0.8289999961853027,0.7303000092506409
YER112W,YHR083W,0,-4.302049,0.1019304096698761,0.8289999961853027,0.730400025844574
YDR235W,YJL003W,0,-4.3024035,0.10191787779331207,0.8289999961853027,0.7304999828338623
YOL100W,YML081C-A,0,-4.3025403,0.10190534591674805,0.8289999961853027,0.7305999994277954
YIL112W,YMR192W,0,-4.3026395,0.10189282149076462,0.8289999961853027,0.7307000160217285
YGR244C,YCR075C,0,-4.3028307,0.10188029706478119,0.8289999961853027,0.7307999730110168
YOR132W,YBR177C,0,-4.302901,0.10186778008937836,0.8289999961853027,0.73089998960495
YPL060W,YPR199C,0,-4.3029337,0.10185526311397552,0.8289999961853027,0.7310000061988831
YGL087C,YMR048W,0,-4.303201,0.10184275358915329,0.8289999961853027,0.7311000227928162
YDR389W,YPL202C,0,-4.303859,0.10183024406433105,0.8289999961853027,0.7311999797821045
YJL139C,YGR156W,0,-4.304128,0.10181773453950882,0.8289999961853027,0.7312999963760376
YLR103C,YOR132W,0,-4.304198,0.10180523246526718,0.8289999961853027,0.7314000129699707
YIL002C,YBR060C,0,-4.3042464,0.10179273039102554,0.8289999961853027,0.7315000295639038
YFR013W,YIR037W,0,-4.304307,0.1017802357673645,0.8289999961853027,0.7315999865531921
YPL001W,YIL023C,0,-4.3047037,0.10176774114370346,0.8289999961853027,0.7317000031471252
YBR068C,YNL123W,0,-4.3048415,0.10175524652004242,0.8289999961853027,0.7318000197410583
YMR127C,YGR200C,0,-4.3050885,0.10174275934696198,0.8289999961853027,0.7318999767303467
YCL016C,YGR230W,0,-4.305134,0.10173027217388153,0.8289999961853027,0.7319999933242798
YML001W,YHR034C,0,-4.3052707,0.10171779245138168,0.8289999961853027,0.7321000099182129
YNL020C,YDR075W,0,-4.3055825,0.10170531272888184,0.8289999961853027,0.732200026512146
YER036C,YDR264C,0,-4.305642,0.10169283300638199,0.8289999961853027,0.7322999835014343
YLR100W,YJL020C,0,-4.305671,0.10168036073446274,0.8289999961853027,0.7324000000953674
YDL084W,YOL146W,0,-4.3063054,0.10166789591312408,0.8289999961853027,0.7325000166893005
YCR083W,YLR067C,0,-4.3063736,0.10165542364120483,0.8289999961853027,0.7325999736785889
YFL039C,YNL166C,0,-4.306393,0.10164295881986618,0.8289999961853027,0.732699990272522
YOL066C,YDR211W,0,-4.3065014,0.10163050144910812,0.8289999961853027,0.7328000068664551
YGR170W,YGR195W,0,-4.306645,0.10161804407835007,0.8289999961853027,0.7329000234603882
YPR165W,YLR277C,0,-4.3069882,0.10160558670759201,0.8289999961853027,0.7329999804496765
YDL105W,YOL089C,0,-4.307135,0.10159313678741455,0.8289999961853027,0.7330999970436096
YAL031C,YEL062W,0,-4.3072095,0.10158068686723709,0.8289999961853027,0.7332000136375427
YDL102W,YPL193W,0,-4.3072286,0.10156824439764023,0.8289999961853027,0.733299970626831
YHR073W,YDL093W,0,-4.3082404,0.10155580192804337,0.8289999961853027,0.7333999872207642
YOR027W,YBR212W,0,-4.3082795,0.1015433594584465,0.8289999961853027,0.7335000038146973
YPL194W,YDR110W,1,-4.308725,0.10165339708328247,0.8299999833106995,0.7335000038146973
YAL031C,YGR040W,0,-4.308751,0.10164094716310501,0.8299999833106995,0.7336000204086304
YML114C,YDR182W,0,-4.3091636,0.10162850469350815,0.8299999833106995,0.7336999773979187
YML126C,YML074C,0,-4.3093734,0.10161606222391129,0.8299999833106995,0.7337999939918518
YLR186W,YHR114W,0,-4.309729,0.10160361975431442,0.8299999833106995,0.7339000105857849
YDL024C,YCR052W,0,-4.309793,0.10159118473529816,0.8299999833106995,0.734000027179718
YBR199W,YOL149W,0,-4.3098235,0.10157875716686249,0.8299999833106995,0.7340999841690063
YGR239C,YGL210W,0,-4.3098254,0.10156632214784622,0.8299999833106995,0.7342000007629395
YFL021W,YJR082C,0,-4.3106046,0.10155389457941055,0.8299999833106995,0.7343000173568726
YGL061C,YKL101W,0,-4.3107853,0.10154147446155548,0.8299999833106995,0.7343999743461609
YNL147W,YDL024C,0,-4.3113484,0.10152905434370041,0.8299999833106995,0.734499990940094
YLR291C,YLR362W,0,-4.3117943,0.10151663422584534,0.8299999833106995,0.7346000075340271
YLR442C,YLR055C,0,-4.312115,0.10150422155857086,0.8299999833106995,0.7347000241279602
YHR016C,YFR008W,0,-4.3122144,0.10149180889129639,0.8299999833106995,0.7347999811172485
YOL088C,YJL117W,0,-4.3123755,0.10147939622402191,0.8299999833106995,0.7348999977111816
YLR396C,YNR013C,0,-4.3124013,0.10146699100732803,0.8299999833106995,0.7350000143051147
YKL149C,YGL075C,0,-4.312535,0.10145459324121475,0.8299999833106995,0.7350999712944031
YIL105C,YBL055C,0,-4.3131843,0.10144218802452087,0.8299999833106995,0.7351999878883362
YKR067W,YKL129C,0,-4.313547,0.10142979025840759,0.8299999833106995,0.7353000044822693
YOR145C,YLR337C,0,-4.3135686,0.10141739994287491,0.8299999833106995,0.7354000210762024
YGR169C,YBR198C,0,-4.3136444,0.10140500962734222,0.8299999833106995,0.7354999780654907
YJR045C,YPL146C,0,-4.3137627,0.10139261931180954,0.8299999833106995,0.7355999946594238
YDR488C,YPL075W,0,-4.313821,0.10138023644685745,0.8299999833106995,0.7357000112533569
YGR264C,YBR060C,0,-4.3140135,0.10136785358190536,0.8299999833106995,0.73580002784729
YDR463W,YLR015W,0,-4.3148117,0.10135547816753387,0.8299999833106995,0.7358999848365784
YAL033W,YGL030W,0,-4.3150263,0.10134310275316238,0.8299999833106995,0.7360000014305115
YMR186W,YDR129C,0,-4.315086,0.1013307273387909,0.8299999833106995,0.7361000180244446
YPL132W,YEL015W,0,-4.3156004,0.101318359375,0.8299999833106995,0.7361999750137329
YFR013W,YML041C,0,-4.315822,0.1013059914112091,0.8299999833106995,0.736299991607666
YPL262W,YOR081C,0,-4.3158555,0.10129363089799881,0.8299999833106995,0.7364000082015991
YEL066W,YER030W,0,-4.315955,0.10128127038478851,0.8299999833106995,0.7365000247955322
YGL087C,YDL166C,0,-4.3160415,0.10126890987157822,0.8299999833106995,0.7365999817848206
YDR016C,YGR253C,0,-4.316157,0.10125655680894852,0.8299999833106995,0.7366999983787537
YJL076W,YBR039W,0,-4.316405,0.10124420374631882,0.8299999833106995,0.7368000149726868
YNL082W,YOL072W,1,-4.3165393,0.10135382413864136,0.8309999704360962,0.7368000149726868
YDR057W,YNL138W,0,-4.316568,0.10134146362543106,0.8309999704360962,0.7368999719619751
YJL167W,YDR096W,0,-4.316695,0.10132910311222076,0.8309999704360962,0.7369999885559082
YDL113C,YBL004W,0,-4.316919,0.10131675004959106,0.8309999704360962,0.7371000051498413
YBR192W,YOR229W,0,-4.317176,0.10130440443754196,0.8309999704360962,0.7372000217437744
YLR459W,YCL004W,0,-4.317672,0.10129205137491226,0.8309999704360962,0.7372999787330627
YJL014W,YML036W,0,-4.317804,0.10127970576286316,0.8309999704360962,0.7373999953269958
YJR083C,YJL091C,0,-4.3179607,0.10126736760139465,0.8309999704360962,0.737500011920929
YDR151C,YMR088C,0,-4.317973,0.10125502943992615,0.8309999704360962,0.7376000285148621
YLR262C,YDL051W,0,-4.318821,0.10124269127845764,0.8309999704360962,0.7376999855041504
YNL036W,YDL226C,0,-4.319021,0.10123036056756973,0.8309999704360962,0.7378000020980835
YMR177W,YHR011W,0,-4.319131,0.10121802985668182,0.8309999704360962,0.7379000186920166
YOR127W,YBR123C,0,-4.319693,0.10120569914579391,0.8309999704360962,0.7379999756813049
YIL026C,YML098W,0,-4.3197045,0.1011933758854866,0.8309999704360962,0.738099992275238
YGR199W,YMR192W,0,-4.319878,0.10118105262517929,0.8309999704360962,0.7382000088691711
YOR025W,YNL232W,0,-4.32043,0.10116873681545258,0.8309999704360962,0.7383000254631042
YOR078W,YPR191W,0,-4.3206496,0.10115642100572586,0.8309999704360962,0.7383999824523926
YGR002C,YPR181C,0,-4.320712,0.10114411264657974,0.8309999704360962,0.7384999990463257
YHR107C,YPL040C,0,-4.320766,0.10113179683685303,0.8309999704360962,0.7386000156402588
YKR072C,YOL013C,0,-4.3213344,0.1011194959282875,0.8309999704360962,0.7386999726295471
YER015W,YJL170C,0,-4.3214145,0.10110718756914139,0.8309999704360962,0.7387999892234802
YMR079W,YKL016C,0,-4.3217287,0.10109489411115646,0.8309999704360962,0.7389000058174133
YDL245C,YER159C,0,-4.3220825,0.10108259320259094,0.8309999704360962,0.7390000224113464
YOL133W,YML130C,0,-4.322187,0.10107029974460602,0.8309999704360962,0.7390999794006348
YDR392W,YMR287C,0,-4.322202,0.1010580062866211,0.8309999704360962,0.7391999959945679
YDL108W,YDR172W,0,-4.3222113,0.10104572027921677,0.8309999704360962,0.739300012588501
YNL080C,YNL078W,0,-4.322351,0.10103343427181244,0.8309999704360962,0.7394000291824341
YGL011C,YGL119W,0,-4.3231645,0.10102115571498871,0.8309999704360962,0.7394999861717224
YFR028C,YER125W,0,-4.3235593,0.10100886970758438,0.8309999704360962,0.7396000027656555
YBL023C,YDL102W,0,-4.323693,0.10099659860134125,0.8309999704360962,0.7397000193595886
YOL139C,YDL043C,0,-4.323945,0.10098432004451752,0.8309999704360962,0.739799976348877
YLR424W,YKR089C,0,-4.324219,0.10097205638885498,0.8309999704360962,0.7398999929428101
YOR180C,YGL119W,0,-4.324351,0.10095978528261185,0.8309999704360962,0.7400000095367432
YGL097W,YCR002C,0,-4.324467,0.10094752162694931,0.8309999704360962,0.7401000261306763
YDR081C,YHR050W,0,-4.3245287,0.10093525797128677,0.8309999704360962,0.7401999831199646
YER104W,YNL330C,1,-4.3246818,0.10104444622993469,0.8320000171661377,0.7401999831199646
YBR024W,YBR081C,0,-4.3248286,0.10103218257427216,0.8320000171661377,0.7402999997138977
YFR021W,YHR091C,0,-4.3248954,0.10101991146802902,0.8320000171661377,0.7404000163078308
YPL227C,YPL224C,0,-4.324957,0.10100764781236649,0.8320000171661377,0.7404999732971191
YGR077C,YLR113W,0,-4.32538,0.10099538415670395,0.8320000171661377,0.7405999898910522
YBR123C,YJR131W,0,-4.3256106,0.10098312795162201,0.8320000171661377,0.7407000064849854
YEL062W,YLR371W,0,-4.3256483,0.10097087174654007,0.8320000171661377,0.7408000230789185
YOR034C,YDR297W,0,-4.326287,0.10095862299203873,0.8320000171661377,0.7408999800682068
YKR083C,YBR188C,0,-4.3266864,0.10094637423753738,0.8320000171661377,0.7409999966621399
YLR154C,YDR017C,0,-4.3271174,0.10093412548303604,0.8320000171661377,0.741100013256073
YJL179W,YER129W,0,-4.3272834,0.1009218841791153,0.8320000171661377,0.7411999702453613
YPL151C,YDR091C,0,-4.3276668,0.10090964287519455,0.8320000171661377,0.7412999868392944
YPL055C,YEL042W,0,-4.3278317,0.1008974015712738,0.8320000171661377,0.7414000034332275
YFL009W,YNL080C,0,-4.3278327,0.10088516771793365,0.8320000171661377,0.7415000200271606
YOR193W,YGL244W,0,-4.327906,0.1008729413151741,0.8320000171661377,0.741599977016449
YNL020C,YPL110C,0,-4.327987,0.10086070746183395,0.8320000171661377,0.7416999936103821
YBR015C,YNL156C,0,-4.3285527,0.100848488509655,0.8320000171661377,0.7418000102043152
YOR334W,YAL058W,0,-4.32908,0.10083626210689545,0.8320000171661377,0.7419000267982483
YOR089C,YNL068C,0,-4.329342,0.10082404315471649,0.8320000171661377,0.7419999837875366
YHR012W,YOR372C,0,-4.3294373,0.10081182420253754,0.8320000171661377,0.7421000003814697
YDR364C,YLL034C,0,-4.3295736,0.10079961270093918,0.8320000171661377,0.7422000169754028
YKL119C,YDR037W,0,-4.3307443,0.10078740119934082,0.8320000171661377,0.7422999739646912
YBR257W,YDL044C,0,-4.3308415,0.10077519714832306,0.8320000171661377,0.7423999905586243
YBL052C,YBL034C,0,-4.330856,0.1007629856467247,0.8320000171661377,0.7425000071525574
YNL244C,YMR288W,0,-4.3308773,0.10075078904628754,0.8320000171661377,0.7426000237464905
YHR154W,YDR110W,1,-4.3310666,0.10085967183113098,0.8330000042915344,0.7426000237464905
YHR119W,YKL194C,0,-4.331086,0.10084746032953262,0.8330000042915344,0.7426999807357788
YKL194C,YNL232W,0,-4.3312774,0.10083524882793427,0.8330000042915344,0.7427999973297119
YHR167W,YDR113C,1,-4.3317094,0.10094407945871353,0.8339999914169312,0.7427999973297119
YAR003W,YIL046W,0,-4.332401,0.10093186795711517,0.8339999914169312,0.742900013923645
YHR001W,YCR024C-A,0,-4.3326187,0.10091964900493622,0.8339999914169312,0.7429999709129333
YKL193C,YMR112C,0,-4.3327355,0.10090743750333786,0.8339999914169312,0.7430999875068665
YOL149W,YDR085C,0,-4.3328123,0.1008952334523201,0.8339999914169312,0.7432000041007996
YLR045C,YNL135C,0,-4.3329263,0.10088302940130234,0.8339999914169312,0.7433000206947327
YJR004C,YER042W,0,-4.3334107,0.10087082535028458,0.8339999914169312,0.743399977684021
YGL222C,YJL186W,0,-4.333453,0.10085862874984741,0.8339999914169312,0.7434999942779541
YFR033C,YER146W,0,-4.333458,0.10084643214941025,0.8339999914169312,0.7436000108718872
YNL145W,YJR140C,0,-4.333654,0.10083424299955368,0.8339999914169312,0.7437000274658203
YFL041W,YLR060W,0,-4.3337007,0.10082205384969711,0.8339999914169312,0.7437999844551086
YGL163C,YOL006C,1,-4.3340735,0.10093073546886444,0.8349999785423279,0.7437999844551086
YOR231W,YDR322C-A,0,-4.3345075,0.10091853886842728,0.8349999785423279,0.7439000010490417
YOR032C,YBR036C,0,-4.334586,0.10090634226799011,0.8349999785423279,0.7440000176429749
YDR235W,YBR035C,0,-4.334705,0.10089415311813354,0.8349999785423279,0.7440999746322632
YNL222W,YJL091C,0,-4.3351197,0.10088196396827698,0.8349999785423279,0.7441999912261963
YOL108C,YPR046W,0,-4.3351235,0.10086977481842041,0.8349999785423279,0.7443000078201294
YMR201C,YAL034W-A,0,-4.3353243,0.10085759311914444,0.8349999785423279,0.7444000244140625
YBL023C,YGL075C,0,-4.335385,0.10084541141986847,0.8349999785423279,0.7444999814033508
YDR436W,YDR507C,0,-4.335477,0.1008332297205925,0.8349999785423279,0.7445999979972839
YJR103W,YER053C,0,-4.3356705,0.10082105547189713,0.8349999785423279,0.744700014591217
YLR117C,YHL027W,0,-4.335918,0.10080888867378235,0.8349999785423279,0.7447999715805054
YNL282W,YLR085C,0,-4.335926,0.10079671442508698,0.8349999785423279,0.7448999881744385
YML028W,YFR037C,0,-4.336197,0.1007845476269722,0.8349999785423279,0.7450000047683716
YNR032W,YGL233W,0,-4.336248,0.10077238827943802,0.8349999785423279,0.7451000213623047
YDR166C,YLR006C,0,-4.3362937,0.10076022893190384,0.8349999785423279,0.745199978351593
YDR168W,YKR081C,0,-4.3363795,0.10074806958436966,0.8349999785423279,0.7452999949455261
YBR102C,YPL153C,0,-4.3376703,0.10073591768741608,0.8349999785423279,0.7454000115394592
YLR363C,YJL166W,0,-4.337799,0.1007237657904625,0.8349999785423279,0.7455000281333923
YOR371C,YDR463W,0,-4.33808,0.10071161389350891,0.8349999785423279,0.7455999851226807
YDR412W,YDR423C,0,-4.33858,0.10069946944713593,0.8349999785423279,0.7457000017166138
YNL119W,YNL111C,0,-4.339034,0.10068732500076294,0.8349999785423279,0.7458000183105469
YEL030W,YLR052W,0,-4.3390517,0.10067518800497055,0.8349999785423279,0.7458999752998352
YKR087C,YMR127C,0,-4.3390527,0.10066305100917816,0.8349999785423279,0.7459999918937683
YOR057W,YGR129W,0,-4.3392005,0.10065091401338577,0.8349999785423279,0.7461000084877014
YDL155W,YIL010W,0,-4.3392825,0.10063878446817398,0.8349999785423279,0.7462000250816345
YLR100W,YNL267W,0,-4.3394237,0.10062665492296219,0.8349999785423279,0.7462999820709229
YDL052C,YNL259C,0,-4.339681,0.100614532828331,0.8349999785423279,0.746399998664856
YPR083W,YIL037C,0,-4.339857,0.1006024107336998,0.8349999785423279,0.7465000152587891
YOL108C,YDR083W,0,-4.3399086,0.1005902886390686,0.8349999785423279,0.7465999722480774
YGR004W,YDL047W,0,-4.340059,0.100578173995018,0.8349999785423279,0.7466999888420105
YDL084W,YKL015W,0,-4.3403015,0.10056605935096741,0.8349999785423279,0.7468000054359436
YBL007C,YOL066C,0,-4.340739,0.1005539521574974,0.8349999785423279,0.7469000220298767
YLR376C,YDR331W,0,-4.3407435,0.1005418449640274,0.8349999785423279,0.746999979019165
YHR188C,YPR173C,0,-4.3409114,0.1005297377705574,0.8349999785423279,0.7470999956130981
YBR091C,YMR188C,0,-4.34122,0.100517638027668,0.8349999785423279,0.7472000122070312
YLR043C,YDR409W,0,-4.3413124,0.1005055382847786,0.8349999785423279,0.7473000288009644
YNL257C,YJL091C,0,-4.341463,0.10049343854188919,0.8349999785423279,0.7473999857902527
YJL090C,YJR021C,1,-4.3415008,0.1006016880273819,0.8360000252723694,0.7473999857902527
YPL196W,YAR008W,0,-4.3418922,0.1005895808339119,0.8360000252723694,0.7475000023841858
YLR234W,YML062C,1,-4.3426514,0.10069778561592102,0.8370000123977661,0.7475000023841858
YHR166C,YPL151C,0,-4.3426843,0.10068567097187042,0.8370000123977661,0.7476000189781189
YGL190C,YDR279W,0,-4.342829,0.10067356377840042,0.8370000123977661,0.7476999759674072
YHR067W,YFR008W,0,-4.342931,0.10066145658493042,0.8370000123977661,0.7477999925613403
YGR092W,YKL042W,0,-4.343011,0.10064934939146042,0.8370000123977661,0.7479000091552734
YHR030C,YLR109W,0,-4.343309,0.10063724964857101,0.8370000123977661,0.7480000257492065
YGR013W,YPL203W,0,-4.343379,0.10062514990568161,0.8370000123977661,0.7480999827384949
YHR027C,YDR382W,0,-4.343602,0.1006130576133728,0.8370000123977661,0.748199999332428
YGR072W,YCR077C,0,-4.344333,0.1006009578704834,0.8370000123977661,0.7483000159263611
YGL163C,YNL088W,1,-4.3446965,0.10070905089378357,0.8379999995231628,0.7483000159263611
YNL088W,YML095C,1,-4.3447747,0.10081711411476135,0.8389999866485596,0.7483000159263611
YJR057W,YFL049W,0,-4.345669,0.10080499947071075,0.8389999866485596,0.7483999729156494
YHR167W,YDR110W,1,-4.345676,0.10091302543878555,0.8399999737739563,0.7483999729156494
YOL130W,YKR037C,0,-4.345756,0.10090090334415436,0.8399999737739563,0.7484999895095825
YLR226W,YIL048W,0,-4.3457856,0.10088878124952316,0.8399999737739563,0.7486000061035156
YOR281C,YAL020C,0,-4.3458014,0.10087666660547256,0.8399999737739563,0.7487000226974487
YDR285W,YOL065C,0,-4.34586,0.10086455196142197,0.8399999737739563,0.7487999796867371
YHR187W,YDR422C,0,-4.345945,0.10085244476795197,0.8399999737739563,0.7488999962806702
YLR270W,YOL093W,0,-4.345972,0.10084033757448196,0.8399999737739563,0.7490000128746033
YOR094W,YDR172W,0,-4.346043,0.10082823038101196,0.8399999737739563,0.7491000294685364
YML034W,YBL022C,0,-4.3461776,0.10081613063812256,0.8399999737739563,0.7491999864578247
YML028W,YPL053C,0,-4.346228,0.10080403089523315,0.8399999737739563,0.7493000030517578
YJL100W,YIL026C,0,-4.34631,0.10079193860292435,0.8399999737739563,0.7494000196456909
YJL090C,YDR076W,1,-4.3465734,0.1008998230099678,0.8410000205039978,0.7494000196456909
YLR106C,YDR359C,0,-4.346601,0.1008877158164978,0.8410000205039978,0.7494999766349792
YLR238W,YLR032W,0,-4.3466015,0.1008756160736084,0.8410000205039978,0.7495999932289124
YBR278W,YGL153W,0,-4.34681,0.100863516330719,0.8410000205039978,0.7497000098228455
YEL017C-A,YNR013C,0,-4.346915,0.10085142403841019,0.8410000205039978,0.7498000264167786
YLR370C,YPR068C,0,-4.3477387,0.10083933174610138,0.8410000205039978,0.7498999834060669
YPR140W,YCR075C,0,-4.3477674,0.10082723945379257,0.8410000205039978,0.75
YMR200W,YDR302W,0,-4.3480716,0.10081515461206436,0.8410000205039978,0.7501000165939331
YGL094C,YDR182W,0,-4.348264,0.10080306977033615,0.8410000205039978,0.7501999735832214
YDL153C,YML048W,0,-4.3483586,0.10079098492860794,0.8410000205039978,0.7502999901771545
YIR002C,YBR234C,0,-4.3491187,0.10077890753746033,0.8410000205039978,0.7504000067710876
YGL201C,YOL142W,0,-4.3492303,0.10076683759689331,0.8410000205039978,0.7505000233650208
YMR080C,YNL290W,0,-4.349418,0.1007547602057457,0.8410000205039978,0.7505999803543091
YAL056W,YOR281C,0,-4.349457,0.10074269026517868,0.8410000205039978,0.7506999969482422
YPL126W,YIL125W,0,-4.349461,0.10073062777519226,0.8410000205039978,0.7508000135421753
YMR298W,YOR230W,0,-4.349638,0.10071856528520584,0.8410000205039978,0.7508999705314636
YLR430W,YBR177C,0,-4.349759,0.10070650279521942,0.8410000205039978,0.7509999871253967
YOR304W,YAL020C,0,-4.349799,0.1006944477558136,0.8410000205039978,0.7511000037193298
YGR244C,YPL204W,0,-4.3500695,0.10068239271640778,0.8410000205039978,0.7512000203132629
YJL173C,YLL002W,1,-4.350159,0.10079003870487213,0.8420000076293945,0.7512000203132629
YPL193W,YHL027W,0,-4.350174,0.10077797621488571,0.8420000076293945,0.7512999773025513
YLL043W,YHR088W,0,-4.3505964,0.10076591372489929,0.8420000076293945,0.7513999938964844
YLR023C,YLR052W,0,-4.350616,0.10075385868549347,0.8420000076293945,0.7515000104904175
YOR089C,YML081C-A,0,-4.35111,0.10074180364608765,0.8420000076293945,0.7516000270843506
YDR172W,YLR427W,0,-4.3511167,0.10072975605726242,0.8420000076293945,0.7516999840736389
YER125W,YMR077C,0,-4.3511405,0.1007177010178566,0.8420000076293945,0.751800000667572
YFR013W,YJR069C,0,-4.351189,0.10070566087961197,0.8420000076293945,0.7519000172615051
YML015C,YOR078W,0,-4.35173,0.10069361329078674,0.8420000076293945,0.7519999742507935
YHR079C,YPR186C,0,-4.3518977,0.10068157315254211,0.8420000076293945,0.7520999908447266
YJL020C,YER129W,0,-4.351958,0.10066953301429749,0.8420000076293945,0.7522000074386597
YNL222W,YLR016C,0,-4.3520308,0.10065750032663345,0.8420000076293945,0.7523000240325928
YKL194C,YNL106C,0,-4.352056,0.10064546763896942,0.8420000076293945,0.7523999810218811
YHR114W,YDL212W,0,-4.352142,0.10063344240188599,0.8420000076293945,0.7524999976158142
YKL051W,YDR376W,0,-4.352355,0.10062141716480255,0.8420000076293945,0.7526000142097473
YBR087W,YMR179W,0,-4.352385,0.10060939192771912,0.8420000076293945,0.7526999711990356
YBR293W,YLR360W,0,-4.3524346,0.10059737414121628,0.8420000076293945,0.7527999877929688
YKL043W,YJR040W,0,-4.3528996,0.10058535635471344,0.8420000076293945,0.7529000043869019
YJL100W,YLR398C,0,-4.3538823,0.1005733385682106,0.8420000076293945,0.753000020980835
YLR337C,YGL070C,0,-4.3540564,0.10056132823228836,0.8420000076293945,0.7530999779701233
YKL051W,YDR279W,0,-4.354167,0.10054931789636612,0.8420000076293945,0.7531999945640564
YHR154W,YOL006C,1,-4.3543077,0.10065671801567078,0.8429999947547913,0.7531999945640564
YOR132W,YNL151C,0,-4.3543353,0.10064470022916794,0.8429999947547913,0.7533000111579895
YJL210W,YLR005W,0,-4.3544064,0.1006326824426651,0.8429999947547913,0.7534000277519226
YNL216W,YMR049C,0,-4.3546004,0.10062067210674286,0.8429999947547913,0.7534999847412109
YOR363C,YPL151C,0,-4.3546987,0.10060866177082062,0.8429999947547913,0.753600001335144
YLR295C,YBL035C,0,-4.3552413,0.10059665888547897,0.8429999947547913,0.7537000179290771
YJL041W,YDR265W,0,-4.35536,0.10058465600013733,0.8429999947547913,0.7537999749183655
YKL064W,YLR399C,0,-4.3553963,0.10057265311479568,0.8429999947547913,0.7538999915122986
YBR102C,YDR400W,0,-4.355824,0.10056065768003464,0.8429999947547913,0.7540000081062317
YLR277C,YJL209W,0,-4.355827,0.10054866224527359,0.8429999947547913,0.7541000247001648
YGR092W,YEL002C,0,-4.356017,0.10053667426109314,0.8429999947547913,0.7541999816894531
YDR118W,YBR265W,0,-4.356137,0.10052468627691269,0.8429999947547913,0.7542999982833862
YMR288W,YHR082C,0,-4.3567624,0.10051269829273224,0.8429999947547913,0.7544000148773193
YGL254W,YJL011C,0,-4.3573813,0.10050071775913239,0.8429999947547913,0.7544999718666077
YER008C,YIL026C,0,-4.3581033,0.10048873722553253,0.8429999947547913,0.7545999884605408
YFR001W,YJL087C,0,-4.358144,0.10047675669193268,0.8429999947547913,0.7547000050544739
YKL095W,YOR295W,0,-4.358433,0.10046478360891342,0.8429999947547913,0.754800021648407
YML130C,YLR028C,0,-4.35878,0.10045281052589417,0.8429999947547913,0.7548999786376953
YHR119W,YHR196W,0,-4.358993,0.1004408448934555,0.8429999947547913,0.7549999952316284
YJR083C,YLR277C,0,-4.359022,0.10042887926101685,0.8429999947547913,0.7551000118255615
YHR042W,YER001W,0,-4.3590646,0.10041691362857819,0.8429999947547913,0.7552000284194946
YBR135W,YHR008C,0,-4.3591094,0.10040495544672012,0.8429999947547913,0.755299985408783
YLR102C,YDR423C,0,-4.3592114,0.10039299726486206,0.8429999947547913,0.7554000020027161
YLR002C,YJL012C,0,-4.359424,0.1003810465335846,0.8429999947547913,0.7555000185966492
YOL049W,YLL036C,0,-4.359466,0.10036908835172653,0.8429999947547913,0.7555999755859375
YPL161C,YER018C,0,-4.359688,0.10035714507102966,0.8429999947547913,0.7556999921798706
YBR029C,YCR052W,0,-4.359748,0.1003451943397522,0.8429999947547913,0.7558000087738037
YLR459W,YIL026C,0,-4.3598666,0.10033325105905533,0.8429999947547913,0.7559000253677368
YMR197C,YMR125W,0,-4.360041,0.10032131522893906,0.8429999947547913,0.7559999823570251
YGR238C,YJL019W,0,-4.360042,0.10030937939882278,0.8429999947547913,0.7560999989509583
YMR101C,YER161C,0,-4.360258,0.10029744356870651,0.8429999947547913,0.7562000155448914
YMR067C,YDR494W,0,-4.360349,0.10028550773859024,0.8429999947547913,0.7562999725341797
YNR016C,YBR275C,0,-4.3605127,0.10027357935905457,0.8429999947547913,0.7563999891281128
YHR042W,YOR181W,0,-4.3612714,0.10026165843009949,0.8429999947547913,0.7565000057220459
YPR008W,YIL034C,0,-4.3619895,0.10024973005056381,0.8429999947547913,0.756600022315979
YNR016C,YDR464W,0,-4.362489,0.10023780912160873,0.8429999947547913,0.7566999793052673
YJL090C,YOL068C,1,-4.3626103,0.10034478455781937,0.843999981880188,0.7566999793052673
YPR143W,YHR194W,0,-4.3626246,0.10033285617828369,0.843999981880188,0.7567999958992004
YBL041W,YER167W,0,-4.3626256,0.10032093524932861,0.843999981880188,0.7569000124931335
YNL147W,YDL134C,0,-4.36285,0.10030900686979294,0.843999981880188,0.7570000290870667
YJR121W,YLR006C,0,-4.3635526,0.10029708594083786,0.843999981880188,0.757099986076355
YDR159W,YNL264C,0,-4.3637137,0.10028517246246338,0.843999981880188,0.7572000026702881
YFR050C,YOL045W,0,-4.36418,0.1002732589840889,0.843999981880188,0.7573000192642212
YMR270C,YCR027C,0,-4.364404,0.10026134550571442,0.843999981880188,0.7573999762535095
YDR512C,YGR078C,0,-4.3644137,0.10024943947792053,0.843999981880188,0.7574999928474426
YGL053W,YFR004W,0,-4.3653646,0.10023752599954605,0.843999981880188,0.7576000094413757
YOR094W,YGR165W,0,-4.3654156,0.10022562742233276,0.843999981880188,0.7577000260353088
YHR107C,YPL239W,0,-4.365479,0.10021372884511948,0.843999981880188,0.7577999830245972
YOR386W,YDL102W,0,-4.3656206,0.10020183026790619,0.843999981880188,0.7578999996185303
YMR235C,YLR316C,0,-4.365767,0.1001899316906929,0.843999981880188,0.7580000162124634
YMR109W,YGR020C,0,-4.3658266,0.10017804056406021,0.843999981880188,0.7580999732017517
YJL001W,YKL110C,0,-4.3661904,0.10016614943742752,0.843999981880188,0.7581999897956848
YNR002C,YDL148C,0,-4.366282,0.10015426576137543,0.843999981880188,0.7583000063896179
YJR057W,YKR035W-A,0,-4.366526,0.10014238208532333,0.843999981880188,0.758400022983551
YLR043C,YGR156W,0,-4.366939,0.10013049840927124,0.843999981880188,0.7584999799728394
YPR070W,YLR277C,0,-4.367023,0.10011862218379974,0.843999981880188,0.7585999965667725
YGR003W,YDR036C,0,-4.367443,0.10010674595832825,0.843999981880188,0.7587000131607056
YDL036C,YLR183C,0,-4.3677516,0.10009487718343735,0.843999981880188,0.7588000297546387
YKR055W,YLR034C,0,-4.36779,0.10008300840854645,0.843999981880188,0.758899986743927
YOL125W,YOR168W,0,-4.367979,0.10007113963365555,0.843999981880188,0.7590000033378601
YBR278W,YGL150C,0,-4.3680067,0.10005927830934525,0.843999981880188,0.7591000199317932
YPL213W,YLR438C-A,0,-4.3683,0.10004741698503494,0.843999981880188,0.7591999769210815
YML069W,YPL087W,0,-4.3683004,0.10003555566072464,0.843999981880188,0.7592999935150146
YOR193W,YPR168W,0,-4.368341,0.10002370178699493,0.843999981880188,0.7594000101089478
YDL030W,YBR091C,0,-4.368351,0.10001184791326523,0.843999981880188,0.7595000267028809
YER035W,YKL112W,0,-4.3685303,0.10000000149011612,0.843999981880188,0.7595999836921692
YBL005W,YDR260C,0,-4.3686557,0.09998815506696701,0.843999981880188,0.7597000002861023
YIL150C,YIL115C,0,-4.368998,0.0999763086438179,0.843999981880188,0.7598000168800354
YGR020C,YDR005C,0,-4.3691525,0.09996446967124939,0.843999981880188,0.7598999738693237
YLR197W,YPL193W,0,-4.3692946,0.09995263069868088,0.843999981880188,0.7599999904632568
YPL015C,YBR279W,1,-4.3695173,0.10005920380353928,0.8450000286102295,0.7599999904632568
YPR070W,YNL161W,0,-4.3695407,0.10004735738039017,0.8450000286102295,0.7601000070571899
YGL232W,YML073C,0,-4.3697114,0.10003551840782166,0.8450000286102295,0.760200023651123
YGR036C,YPR007C,0,-4.369766,0.10002367198467255,0.8450000286102295,0.7602999806404114
YJL100W,YDR005C,0,-4.3702364,0.10001183301210403,0.8450000286102295,0.7603999972343445
YLR277C,YDR177W,0,-4.3702593,0.10000000149011612,0.8450000286102295,0.7605000138282776
YLR424W,YKL110C,0,-4.370365,0.0999881699681282,0.8450000286102295,0.7605999708175659
YJL076W,YIL051C,0,-4.3704257,0.09997633844614029,0.8450000286102295,0.760699987411499
YNL199C,YNL101W,0,-4.3707848,0.09996450692415237,0.8450000286102295,0.7608000040054321
YPR068C,YCL032W,0,-4.37084,0.09995268285274506,0.8450000286102295,0.7609000205993652
YDL198C,YPL002C,0,-4.3710895,0.09994086623191833,0.8450000286102295,0.7609999775886536
YDR156W,YBR192W,0,-4.3713174,0.09992904216051102,0.8450000286102295,0.7610999941825867
YLR154C,YCL052C,0,-4.3714623,0.0999172255396843,0.8450000286102295,0.7612000107765198
YBR177C,YOR367W,0,-4.3715177,0.09990541636943817,0.8450000286102295,0.7613000273704529
YBR049C,YLR145W,0,-4.371815,0.09989360719919205,0.8450000286102295,0.7613999843597412
YGL173C,YPL057C,0,-4.3719444,0.09988179802894592,0.8450000286102295,0.7615000009536743
YPL060W,YOL077C,0,-4.371947,0.0998699888586998,0.8450000286102295,0.7616000175476074
YGR220C,YJL042W,0,-4.3721704,0.09985818713903427,0.8450000286102295,0.7616999745368958
YCR083W,YMR270C,0,-4.3723054,0.09984639286994934,0.8450000286102295,0.7617999911308289
YDR016C,YGR029W,0,-4.3723607,0.09983459115028381,0.8450000286102295,0.761900007724762
YNL159C,YOR334W,0,-4.3724265,0.09982279688119888,0.8450000286102295,0.7620000243186951
YLR449W,YOR304W,0,-4.372537,0.09981101006269455,0.8450000286102295,0.7620999813079834
YLR106C,YKR081C,0,-4.3725963,0.09979922324419022,0.8450000286102295,0.7621999979019165
YBR167C,YNL197C,0,-4.372761,0.09978743642568588,0.8450000286102295,0.7623000144958496
YDL006W,YKL117W,0,-4.3728137,0.09977564960718155,0.8450000286102295,0.7623999714851379
YGL225W,YDR425W,0,-4.373426,0.09976387023925781,0.8450000286102295,0.762499988079071
YNL127W,YOR279C,0,-4.3734593,0.09975209832191467,0.8450000286102295,0.7626000046730042
YPL098C,YGL206C,0,-4.3735056,0.09974031895399094,0.8450000286102295,0.7627000212669373
YDR416W,YPL016W,0,-4.3735633,0.0997285470366478,0.8450000286102295,0.7627999782562256
YJR050W,YBL056W,0,-4.3740053,0.09971678256988525,0.8450000286102295,0.7628999948501587
YOR081C,YPL204W,0,-4.3740554,0.09970501810312271,0.8450000286102295,0.7630000114440918
YHR191C,YKR089C,0,-4.374265,0.09969325363636017,0.8450000286102295,0.7631000280380249
YMR029C,YDR088C,0,-4.374537,0.09968148916959763,0.8450000286102295,0.7631999850273132
YGL094C,YBL102W,0,-4.374548,0.09966973215341568,0.8450000286102295,0.7633000016212463
YOR005C,YJR006W,0,-4.374959,0.09965797513723373,0.8450000286102295,0.7634000182151794
YGR056W,YOL020W,0,-4.375444,0.09964622557163239,0.8450000286102295,0.7634999752044678
YFR001W,YLR028C,0,-4.3754582,0.09963447600603104,0.8450000286102295,0.7635999917984009
YIL085C,YDL134C,0,-4.3756537,0.09962273389101028,0.8450000286102295,0.763700008392334
YJL164C,YGL071W,0,-4.375711,0.09961098432540894,0.8450000286102295,0.7638000249862671
YAL034W-A,YGR199W,0,-4.3757997,0.09959924221038818,0.8450000286102295,0.7638999819755554
YKL045W,YPR187W,0,-4.37592,0.09958750754594803,0.8450000286102295,0.7639999985694885
YDL115C,YGR230W,0,-4.3760076,0.09957577288150787,0.8450000286102295,0.7641000151634216
YOR060C,YHR027C,0,-4.376528,0.09956403821706772,0.8450000286102295,0.76419997215271
YJR103W,YCR033W,0,-4.376533,0.09955231100320816,0.8450000286102295,0.7642999887466431
YAL017W,YNR046W,0,-4.3765416,0.0995405837893486,0.8450000286102295,0.7644000053405762
YPR125W,YPL028W,0,-4.3765864,0.09952885657548904,0.8450000286102295,0.7645000219345093
YJL004C,YNL142W,0,-4.3767214,0.09951713681221008,0.8450000286102295,0.7645999789237976
YKL165C,YAL020C,0,-4.377115,0.09950541704893112,0.8450000286102295,0.7646999955177307
YOR281C,YBR041W,0,-4.3774323,0.09949369728565216,0.8450000286102295,0.7648000121116638
YAL029C,YJL173C,1,-4.3775573,0.09959971904754639,0.8460000157356262,0.7648000121116638
YOR117W,YBL006C,0,-4.377789,0.09958799183368683,0.8460000157356262,0.7649000287055969
YKL192C,YBR244W,0,-4.377991,0.09957627207040787,0.8460000157356262,0.7649999856948853
YLR220W,YPL029W,0,-4.378018,0.0995645523071289,0.8460000157356262,0.7651000022888184
YKR022C,YJR093C,0,-4.37802,0.09955283254384995,0.8460000157356262,0.7652000188827515
YAL047C,YGL136C,0,-4.3782024,0.09954112023115158,0.8460000157356262,0.7652999758720398
YIL075C,YGR083C,0,-4.378284,0.09952941536903381,0.8460000157356262,0.7653999924659729
YDR096W,YGL207W,0,-4.378617,0.09951770305633545,0.8460000157356262,0.765500009059906
YMR092C,YIR004W,0,-4.378818,0.09950599819421768,0.8460000157356262,0.7656000256538391
YGR222W,YDL101C,0,-4.3790803,0.09949429333209991,0.8460000157356262,0.7656999826431274
YIL135C,YGL003C,0,-4.3791165,0.09948259592056274,0.8460000157356262,0.7657999992370605
YHL047C,YOR316C,0,-4.379143,0.09947089850902557,0.8460000157356262,0.7659000158309937
YDR016C,YJL111W,0,-4.379146,0.099459208548069,0.8460000157356262,0.765999972820282
YNL261W,YNR034W,0,-4.379317,0.09944751113653183,0.8460000157356262,0.7660999894142151
YFR013W,YER025W,0,-4.379727,0.09943582862615585,0.8460000157356262,0.7662000060081482
YDR106W,YCL004W,0,-4.3799224,0.09942413866519928,0.8460000157356262,0.7663000226020813
YGL201C,YCR027C,0,-4.379991,0.0994124561548233,0.8460000157356262,0.7663999795913696
YOR172W,YOR068C,0,-4.3802567,0.09940077364444733,0.8460000157356262,0.7664999961853027
YLR135W,YDR130C,0,-4.3802824,0.09938909858465195,0.8460000157356262,0.7666000127792358
YBL030C,YJL065C,0,-4.3804307,0.09937742352485657,0.8460000157356262,0.766700029373169
YJR083C,YDR126W,0,-4.380525,0.09936574846506119,0.8460000157356262,0.7667999863624573
YFL004W,YKL192C,0,-4.3809214,0.0993540808558464,0.8460000157356262,0.7669000029563904
YOL021C,YGR112W,0,-4.3810134,0.09934241324663162,0.8460000157356262,0.7670000195503235
YOL093W,YHR019C,0,-4.3810925,0.09933075308799744,0.8460000157356262,0.7670999765396118
YDR378C,YGR078C,0,-4.381409,0.09931908547878265,0.8460000157356262,0.7671999931335449
YDR490C,YGR252W,0,-4.381507,0.09930743277072906,0.8460000157356262,0.767300009727478
YKL134C,YPR179C,0,-4.382222,0.09929577261209488,0.8460000157356262,0.7674000263214111
YKR085C,YNL039W,0,-4.383045,0.09928411990404129,0.8460000157356262,0.7674999833106995
YDL084W,YOR304W,0,-4.3831954,0.0992724746465683,0.8460000157356262,0.7675999999046326
YML025C,YPL139C,0,-4.38324,0.09926082193851471,0.8460000157356262,0.7677000164985657
YHR193C,YML081C-A,0,-4.3836875,0.09924917668104172,0.8460000157356262,0.767799973487854
YAL025C,YNL173C,0,-4.3839726,0.09923753887414932,0.8460000157356262,0.7678999900817871
YJR153W,YKR020W,0,-4.384379,0.09922589361667633,0.8460000157356262,0.7680000066757202
YPL045W,YKL194C,0,-4.3845377,0.09921426326036453,0.8460000157356262,0.7681000232696533
YMR263W,YIL125W,0,-4.3846474,0.09920262545347214,0.8460000157356262,0.7681999802589417
YBR037C,YKR046C,0,-4.3847947,0.09919099509716034,0.8460000157356262,0.7682999968528748
YLR200W,YJL154C,0,-4.3852916,0.09917936474084854,0.8460000157356262,0.7684000134468079
YDR446W,YHL022C,1,-4.3852935,0.09928496181964874,0.847000002861023,0.7684000134468079
YDR320C-A,YER012W,0,-4.385491,0.09927332401275635,0.847000002861023,0.7684999704360962
YHR187W,YML085C,0,-4.385533,0.09926168620586395,0.847000002861023,0.7685999870300293
YNL106C,YCL052C,0,-4.385568,0.09925005584955215,0.847000002861023,0.7687000036239624
YGL053W,YPL211W,0,-4.385831,0.09923843294382095,0.847000002861023,0.7688000202178955
YMR243C,YPL007C,0,-4.3859334,0.09922680258750916,0.847000002861023,0.7688999772071838
YOL113W,YHR050W,0,-4.386065,0.09921517968177795,0.847000002861023,0.7689999938011169
YHR152W,YML019W,0,-4.3863196,0.09920356422662735,0.847000002861023,0.76910001039505
YIL075C,YPL151C,0,-4.386624,0.09919194132089615,0.847000002861023,0.7692000269889832
YJL098W,YPL206C,0,-4.386894,0.09918032586574554,0.847000002861023,0.7692999839782715
YER161C,YNL135C,0,-4.387061,0.09916871786117554,0.847000002861023,0.7694000005722046
YDR145W,YPL265W,0,-4.3875012,0.09915710240602493,0.847000002861023,0.7695000171661377
YGR040W,YGL003C,0,-4.3879986,0.09914550185203552,0.847000002861023,0.769599974155426
YNL209W,YNR046W,0,-4.38822,0.09913389384746552,0.847000002861023,0.7696999907493591
YIR026C,YDR098C,0,-4.388586,0.0991222932934761,0.847000002861023,0.7698000073432922
YKR028W,YFL055W,0,-4.388598,0.0991106927394867,0.847000002861023,0.7699000239372253
YKL101W,YPR100W,0,-4.3886247,0.09909909963607788,0.847000002861023,0.7699999809265137
YDR217C,YJL219W,0,-4.388826,0.09908750653266907,0.847000002861023,0.7700999975204468
YPL194W,YDR076W,1,-4.389461,0.09919288754463196,0.8479999899864197,0.7700999975204468
YBR057C,YML015C,0,-4.3900065,0.09918128699064255,0.8479999899864197,0.7702000141143799
YLR103C,YBL008W,0,-4.3901434,0.09916968643665314,0.8479999899864197,0.7702999711036682
YLR033W,YGR200C,0,-4.3902507,0.09915809333324432,0.8479999899864197,0.7703999876976013
YER088C,YBR103W,0,-4.3904862,0.09914650022983551,0.8479999899864197,0.7705000042915344
YLR228C,YBR127C,0,-4.390967,0.0991349071264267,0.8479999899864197,0.7706000208854675
YMR137C,YNL325C,0,-4.391995,0.09912332147359848,0.8479999899864197,0.7706999778747559
YIL016W,YPL206C,0,-4.391997,0.09911173582077026,0.8479999899864197,0.770799994468689
YGR047C,YCR035C,0,-4.3922553,0.09910015016794205,0.8479999899864197,0.7709000110626221
YGR279C,YML019W,0,-4.3927913,0.09908857196569443,0.8479999899864197,0.7710000276565552
YBR276C,YBR278W,0,-4.3929524,0.09907699376344681,0.8479999899864197,0.7710999846458435
YJL074C,YGR024C,0,-4.3935566,0.09906542301177979,0.8479999899864197,0.7712000012397766
YIR025W,YOL072W,1,-4.393604,0.09917065501213074,0.8489999771118164,0.7712000012397766
YDR081C,YGR183C,0,-4.3936133,0.09915907680988312,0.8489999771118164,0.7713000178337097
YGR002C,YMR128W,0,-4.3936296,0.0991474986076355,0.8489999771118164,0.771399974822998
YCL025C,YOR269W,0,-4.3937373,0.09913592040538788,0.8489999771118164,0.7714999914169312
YCR033W,YOR373W,0,-4.394098,0.09912434220314026,0.8489999771118164,0.7716000080108643
YOL139C,YMR156C,0,-4.3942966,0.09911277145147324,0.8489999771118164,0.7717000246047974
YLR200W,YJR093C,0,-4.3948336,0.09910120069980621,0.8489999771118164,0.7717999815940857
YMR277W,YPL217C,0,-4.3949113,0.09908963739871979,0.8489999771118164,0.7718999981880188
YHR107C,YPR024W,0,-4.3954086,0.09907807409763336,0.8489999771118164,0.7720000147819519
YLL013C,YJL110C,0,-4.3955035,0.09906651079654694,0.8489999771118164,0.7720999717712402
YBL045C,YCR065W,0,-4.3955393,0.09905495494604111,0.8489999771118164,0.7721999883651733
YBR030W,YKL018W,0,-4.3961225,0.09904339909553528,0.8489999771118164,0.7723000049591064
YPR108W,YGR275W,0,-4.3963885,0.09903184324502945,0.8489999771118164,0.7724000215530396
YPR075C,YLL001W,0,-4.396394,0.09902029484510422,0.8489999771118164,0.7724999785423279
YIL046W,YGL093W,0,-4.3965306,0.09900874644517899,0.8489999771118164,0.772599995136261
YBL047C,YJL127C,0,-4.396661,0.09899719804525375,0.8489999771118164,0.7727000117301941
YKR029C,YMR288W,0,-4.3967643,0.09898565709590912,0.8489999771118164,0.7728000283241272
YDL100C,YHR183W,0,-4.396777,0.09897411614656448,0.8489999771118164,0.7728999853134155
YCL025C,YOR171C,0,-4.3968515,0.09896258264780045,0.8489999771118164,0.7730000019073486
YNL091W,YPL135W,0,-4.3968635,0.09895104914903641,0.8489999771118164,0.7731000185012817
YJL001W,YDR295C,0,-4.3971815,0.09893951565027237,0.8489999771118164,0.7731999754905701
YGR170W,YMR023C,0,-4.397879,0.09892798960208893,0.8489999771118164,0.7732999920845032
YGR200C,YPL204W,0,-4.3978934,0.09891646355390549,0.8489999771118164,0.7734000086784363
YLR435W,YDR337W,0,-4.397951,0.09890493750572205,0.8489999771118164,0.7735000252723694
YMR198W,YML127W,0,-4.398285,0.0988934189081192,0.8489999771118164,0.7735999822616577
YJR019C,YHR205W,0,-4.3983145,0.09888190031051636,0.8489999771118164,0.7736999988555908
YMR190C,YGL175C,1,-4.3990483,0.09898684173822403,0.8500000238418579,0.7736999988555908
YPR072W,YMR172W,0,-4.3990984,0.09897531569004059,0.8500000238418579,0.7738000154495239
YAL029C,YOR033C,1,-4.3992686,0.09908021986484528,0.8510000109672546,0.7738000154495239
YDR453C,YNL214W,0,-4.3993144,0.09906868636608124,0.8510000109672546,0.7738999724388123
YKR035W-A,YNL232W,0,-4.3993874,0.0990571528673172,0.8510000109672546,0.7739999890327454
YBR107C,YER155C,0,-4.3994164,0.09904562681913376,0.8510000109672546,0.7741000056266785
YIR002C,YER133W,0,-4.3998504,0.09903410077095032,0.8510000109672546,0.7742000222206116
YNL015W,YIR004W,0,-4.400039,0.09902257472276688,0.8510000109672546,0.7742999792098999
YDR113C,YDL164C,1,-4.4005666,0.099127396941185,0.8519999980926514,0.7742999792098999
YPL138C,YHR158C,0,-4.401288,0.09911587089300156,0.8519999980926514,0.774399995803833
YDR059C,YNL309W,0,-4.4013023,0.09910433739423752,0.8519999980926514,0.7745000123977661
YLR138W,YOL004W,0,-4.401314,0.09909281134605408,0.8519999980926514,0.7746000289916992
YOR355W,YHR191C,0,-4.4013166,0.09908128529787064,0.8519999980926514,0.7746999859809875
YDL097C,YAL043C,0,-4.4013495,0.09906976670026779,0.8519999980926514,0.7748000025749207
YGR238C,YPL110C,0,-4.4014425,0.09905824810266495,0.8519999980926514,0.7749000191688538
YBR192W,YMR016C,0,-4.4016395,0.0990467369556427,0.8519999980926514,0.7749999761581421
YOR179C,YDL080C,0,-4.4018216,0.09903521835803986,0.8519999980926514,0.7750999927520752
YML073C,YPR086W,0,-4.4018736,0.09902370721101761,0.8519999980926514,0.7752000093460083
YLR103C,YOR320C,0,-4.4021316,0.09901220351457596,0.8519999980926514,0.7753000259399414
YDL087C,YPL193W,0,-4.402188,0.09900069981813431,0.8519999980926514,0.7753999829292297
YOR266W,YLR226W,0,-4.4026065,0.09898919612169266,0.8519999980926514,0.7754999995231628
YGR047C,YPL076W,0,-4.403191,0.09897769242525101,0.8519999980926514,0.775600016117096
YIL016W,YPL135W,0,-4.40327,0.09896619617938995,0.8519999980926514,0.7756999731063843
YLR330W,YGR094W,0,-4.403451,0.0989547073841095,0.8519999980926514,0.7757999897003174
YMR038C,YOR288C,0,-4.404114,0.09894321113824844,0.8519999980926514,0.7759000062942505
YGL112C,YMR241W,0,-4.4042597,0.09893172234296799,0.8519999980926514,0.7760000228881836
YDR167W,YER002W,0,-4.4045405,0.09892023354768753,0.8519999980926514,0.7760999798774719
YGR036C,YFR037C,0,-4.404835,0.09890875220298767,0.8519999980926514,0.776199996471405
YBR173C,YMR309C,0,-4.40484,0.09889727085828781,0.8519999980926514,0.7763000130653381
YPL002C,YDR414C,0,-4.404851,0.09888579696416855,0.8519999980926514,0.7764000296592712
YDR260C,YDR288W,0,-4.40505,0.09887431561946869,0.8519999980926514,0.7764999866485596
YPL269W,YMR119W,0,-4.4051375,0.09886284172534943,0.8519999980926514,0.7766000032424927
YMR243C,YHR150W,0,-4.4052305,0.09885137528181076,0.8519999980926514,0.7767000198364258
YFR028C,YNL264C,0,-4.405231,0.0988399088382721,0.8519999980926514,0.7767999768257141
YJL090C,YLR418C,1,-4.4053836,0.09894444048404694,0.8529999852180481,0.7767999768257141
YGR202C,YDR412W,0,-4.405493,0.09893295913934708,0.8529999852180481,0.7768999934196472
YNL082W,YJL173C,1,-4.405572,0.09903746098279953,0.8539999723434448,0.7768999934196472
YFR024C-A,YIL147C,0,-4.405868,0.09902597218751907,0.8539999723434448,0.7770000100135803
YKR035W-A,YLR324W,0,-4.4060044,0.09901449084281921,0.8539999723434448,0.7771000266075134
YOR132W,YLR020C,0,-4.4061275,0.09900301694869995,0.8539999723434448,0.7771999835968018
YDR004W,YML062C,1,-4.406671,0.09910745173692703,0.8550000190734863,0.7771999835968018
YGL232W,YGR083C,0,-4.4069037,0.09909596294164658,0.8550000190734863,0.7773000001907349
YDR091C,YAR014C,0,-4.4070086,0.09908448159694672,0.8550000190734863,0.777400016784668
YAL001C,YML129C,0,-4.407225,0.09907300025224686,0.8550000190734863,0.7774999737739563
YOL068C,YDL164C,1,-4.407311,0.09917738288640976,0.8560000061988831,0.7774999737739563
YDR037W,YOR103C,0,-4.407519,0.0991658940911293,0.8560000061988831,0.7775999903678894
YGR004W,YOR039W,0,-4.4075503,0.09915440529584885,0.8560000061988831,0.7777000069618225
YML059C,YGL017W,0,-4.4077697,0.09914292395114899,0.8560000061988831,0.7778000235557556
YDR252W,YHR031C,0,-4.40782,0.09913144260644913,0.8560000061988831,0.777899980545044
YJR125C,YCL059C,0,-4.408373,0.09911996126174927,0.8560000061988831,0.777999997138977
YLR110C,YPL161C,0,-4.4085407,0.09910848736763,0.8560000061988831,0.7781000137329102
YBL102W,YPR179C,0,-4.4086084,0.09909701347351074,0.8560000061988831,0.7781999707221985
YOR084W,YMR080C,0,-4.4088883,0.09908553957939148,0.8560000061988831,0.7782999873161316
YDR004W,YER173W,1,-4.4089236,0.09918981790542603,0.8569999933242798,0.7782999873161316
YOR122C,YDL081C,0,-4.409476,0.09917833656072617,0.8569999933242798,0.7784000039100647
YBR015C,YOR122C,0,-4.4095597,0.0991668626666069,0.8569999933242798,0.7785000205039978
YBR278W,YKR028W,0,-4.409672,0.09915538877248764,0.8569999933242798,0.7785999774932861
YDL008W,YPR131C,0,-4.410113,0.09914391487836838,0.8569999933242798,0.7786999940872192
YJL003W,YDR162C,0,-4.4101777,0.09913244843482971,0.8569999933242798,0.7788000106811523
YBR199W,YKL026C,0,-4.4106107,0.09912098199129105,0.8569999933242798,0.7789000272750854
YBR173C,YGR183C,0,-4.411127,0.09910951554775238,0.8569999933242798,0.7789999842643738
YDR325W,YML112W,0,-4.411384,0.09909805655479431,0.8569999933242798,0.7791000008583069
YGR191W,YGL066W,0,-4.411424,0.09908659756183624,0.8569999933242798,0.77920001745224
YML021C,YMR053C,0,-4.411575,0.09907514601945877,0.8569999933242798,0.7792999744415283
YNL015W,YML048W,0,-4.411734,0.0990636944770813,0.8569999933242798,0.7793999910354614
YDL084W,YLR051C,0,-4.411755,0.09905224293470383,0.8569999933242798,0.7795000076293945
YJL080C,YDR087C,0,-4.4119215,0.09904079139232635,0.8569999933242798,0.7796000242233276
YDR113C,YNL139C,1,-4.412269,0.09914490580558777,0.8579999804496765,0.7796000242233276
YLR166C,YDR159W,0,-4.4123015,0.0991334468126297,0.8579999804496765,0.779699981212616
YLR361C,YER109C,0,-4.412357,0.09912199527025223,0.8579999804496765,0.7797999978065491
YDL130W,YPL050C,0,-4.412596,0.09911054372787476,0.8579999804496765,0.7799000144004822
YFR050C,YOL146W,0,-4.4126563,0.09909909963607788,0.8579999804496765,0.7799999713897705
YML001W,YPR199C,0,-4.4127192,0.099087655544281,0.8579999804496765,0.7800999879837036
YLR006C,YNL029C,0,-4.413095,0.09907621145248413,0.8579999804496765,0.7802000045776367
YPL106C,YJL117W,0,-4.4138465,0.09906477481126785,0.8579999804496765,0.7803000211715698
YJL035C,YJR082C,0,-4.4140267,0.09905333817005157,0.8579999804496765,0.7803999781608582
YKL212W,YBR082C,0,-4.4140534,0.0990419015288353,0.8579999804496765,0.7804999947547913
YFR005C,YHL009C,0,-4.414083,0.09903047233819962,0.8579999804496765,0.7806000113487244
YHR107C,YJL134W,0,-4.4142423,0.09901904314756393,0.8579999804496765,0.7807000279426575
YOR221C,YOR073W,0,-4.414305,0.09900761395692825,0.8579999804496765,0.7807999849319458
YHL034C,YGL044C,0,-4.414434,0.09899619221687317,0.8579999804496765,0.7809000015258789
YHR176W,YDL093W,0,-4.4144487,0.09898477047681808,0.8579999804496765,0.781000018119812
YER031C,YML014W,0,-4.4144707,0.0989733561873436,0.8579999804496765,0.7810999751091003
YIL016W,YLR316C,0,-4.4146466,0.09896193444728851,0.8579999804496765,0.7811999917030334
YIR025W,YDR110W,1,-4.414766,0.0990658551454544,0.859000027179718,0.7811999917030334
YBR006W,YBR199W,0,-4.4147997,0.09905442595481873,0.859000027179718,0.7813000082969666
YER171W,YKL018W,0,-4.414811,0.09904300421476364,0.859000027179718,0.7814000248908997
YDR365C,YFR037C,0,-4.415103,0.09903158992528915,0.859000027179718,0.781499981880188
YDR179C,YPL255W,0,-4.415323,0.09902017563581467,0.859000027179718,0.7815999984741211
YML112W,YBL105C,0,-4.4155307,0.09900876134634018,0.859000027179718,0.7817000150680542
YPL043W,YLR020C,0,-4.4155602,0.09899734705686569,0.859000027179718,0.7817999720573425
YDR224C,YHR158C,0,-4.415566,0.0989859402179718,0.859000027179718,0.7818999886512756
YMR038C,YMR235C,0,-4.4156604,0.09897453337907791,0.859000027179718,0.7820000052452087
YKL192C,YNR030W,0,-4.415949,0.09896313399076462,0.859000027179718,0.7821000218391418
YPR171W,YBR127C,0,-4.416201,0.09895173460245132,0.859000027179718,0.7821999788284302
YER022W,YOL038W,0,-4.416524,0.09894033521413803,0.859000027179718,0.7822999954223633
YFR014C,YNL026W,0,-4.416565,0.09892894327640533,0.859000027179718,0.7824000120162964
YDL115C,YLR176C,0,-4.416602,0.09891755133867264,0.859000027179718,0.7825000286102295
YLR228C,YMR243C,0,-4.4167624,0.09890615940093994,0.859000027179718,0.7825999855995178
YNL138W,YMR076C,0,-4.4169517,0.09889477491378784,0.859000027179718,0.7827000021934509
YDR285W,YNL093W,0,-4.417318,0.09888339042663574,0.859000027179718,0.782800018787384
YPR144C,YNL078W,0,-4.417788,0.09887200593948364,0.859000027179718,0.7828999757766724
YMR298W,YDR295C,0,-4.417808,0.09886062890291214,0.859000027179718,0.7829999923706055
YLR360W,YMR065W,0,-4.4187827,0.09884925186634064,0.859000027179718,0.7831000089645386
YDL236W,YER155C,0,-4.4191203,0.09883787482976913,0.859000027179718,0.7832000255584717
YBL006C,YGL113W,0,-4.419138,0.09882650524377823,0.859000027179718,0.78329998254776
YGR013W,YPR104C,0,-4.4194016,0.09881513565778732,0.859000027179718,0.7833999991416931
YDL005C,YJR050W,0,-4.4194036,0.09880377352237701,0.859000027179718,0.7835000157356262
YDR076W,YLR418C,1,-4.4195156,0.09890741854906082,0.8600000143051147,0.7835000157356262
YLR223C,YMR119W,0,-4.419706,0.09889604151248932,0.8600000143051147,0.7835999727249146
YER003C,YBR036C,0,-4.420114,0.09888467192649841,0.8600000143051147,0.7836999893188477
YMR149W,YPL233W,0,-4.4202223,0.09887330234050751,0.8600000143051147,0.7838000059127808
YLR103C,YIL026C,0,-4.4202867,0.0988619402050972,0.8600000143051147,0.7839000225067139
YNL292W,YOR229W,0,-4.4208035,0.09885057806968689,0.8600000143051147,0.7839999794960022
YFR024C-A,YKL012W,0,-4.420936,0.09883921593427658,0.8600000143051147,0.7840999960899353
YLR191W,YHR034C,0,-4.421149,0.09882785379886627,0.8600000143051147,0.7842000126838684
YDR386W,YDR110W,1,-4.421269,0.09893140196800232,0.8610000014305115,0.7842000126838684
YPL029W,YAR008W,0,-4.4213023,0.09892003983259201,0.8610000014305115,0.7843000292778015
YKL058W,YML088W,0,-4.4215713,0.0989086702466011,0.8610000014305115,0.7843999862670898
YKL034W,YIL154C,0,-4.421766,0.09889731556177139,0.8610000014305115,0.784500002861023
YOR110W,YOR103C,0,-4.4221196,0.09888595342636108,0.8610000014305115,0.784600019454956
YDR045C,YMR288W,0,-4.422215,0.09887459874153137,0.8610000014305115,0.7846999764442444
YPL178W,YIL079C,0,-4.422313,0.09886324405670166,0.8610000014305115,0.7847999930381775
YGR231C,YML015C,0,-4.4231286,0.09885189682245255,0.8610000014305115,0.7849000096321106
YLR138W,YHR005C,0,-4.423391,0.09884054958820343,0.8610000014305115,0.7850000262260437
YNL199C,YBR155W,0,-4.423527,0.09882920235395432,0.8610000014305115,0.785099983215332
YJL173C,YNL330C,1,-4.4238987,0.09893263131380081,0.8619999885559082,0.785099983215332
YJL080C,YLL022C,0,-4.4241366,0.0989212766289711,0.8619999885559082,0.7851999998092651
YGR132C,YBL023C,0,-4.424397,0.09890992194414139,0.8619999885559082,0.7853000164031982
YCR014C,YIL135C,0,-4.4244876,0.09889857470989227,0.8619999885559082,0.7853999733924866
YPL016W,YDL120W,0,-4.4244914,0.09888723492622375,0.8619999885559082,0.7854999899864197
YKL085W,YPL180W,0,-4.424754,0.09887588769197464,0.8619999885559082,0.7856000065803528
YKR099W,YNL330C,1,-4.424824,0.09897924214601517,0.8629999756813049,0.7856000065803528
YNR023W,YOR233W,0,-4.424848,0.09896788746118546,0.8629999756813049,0.7857000231742859
YGL071W,YDR182W,0,-4.4251227,0.09895654022693634,0.8629999756813049,0.7857999801635742
YJR059W,YNL264C,0,-4.425194,0.09894519299268723,0.8629999756813049,0.7858999967575073
YPR080W,YGR167W,0,-4.4257984,0.09893385320901871,0.8629999756813049,0.7860000133514404
YNL156C,YJR006W,0,-4.4258666,0.09892251342535019,0.8629999756813049,0.7860999703407288
YJL002C,YLR007W,0,-4.42654,0.09891117364168167,0.8629999756813049,0.7861999869346619
YJR001W,YDR265W,0,-4.426695,0.09889984130859375,0.8629999756813049,0.786300003528595
YIR002C,YCR009C,0,-4.4268465,0.09888850897550583,0.8629999756813049,0.7864000201225281
YJL008C,YOR230W,0,-4.4273963,0.09887717664241791,0.8629999756813049,0.7864999771118164
YGL151W,YFR033C,0,-4.4274263,0.09886585175991058,0.8629999756813049,0.7865999937057495
YOR179C,YDR341C,0,-4.4275,0.09885452687740326,0.8629999756813049,0.7867000102996826
YKL193C,YDR494W,0,-4.427733,0.09884320199489594,0.8629999756813049,0.7868000268936157
YHR072W,YOL038W,0,-4.4280143,0.09883188456296921,0.8629999756813049,0.786899983882904
YCR033W,YBR089C-A,0,-4.428077,0.09882056713104248,0.8629999756813049,0.7870000004768372
YHR065C,YDL022W,0,-4.428203,0.09880924969911575,0.8629999756813049,0.7871000170707703
YGR013W,YIL150C,0,-4.4284477,0.09879793971776962,0.8629999756813049,0.7871999740600586
YMR184W,YPL139C,0,-4.428489,0.09878662973642349,0.8629999756813049,0.7872999906539917
YOR239W,YML081C-A,0,-4.4285154,0.09877531975507736,0.8629999756813049,0.7874000072479248
YPL057C,YGR225W,0,-4.4286895,0.09876401722431183,0.8629999756813049,0.7875000238418579
YOR085W,YDR363W-A,0,-4.429233,0.0987527146935463,0.8629999756813049,0.7875999808311462
YGR132C,YIL051C,0,-4.429281,0.09874141961336136,0.8629999756813049,0.7876999974250793
YGL092W,YBL056W,0,-4.4294205,0.09873012453317642,0.8629999756813049,0.7878000140190125
YPL122C,YGR191W,0,-4.4294887,0.09871882945299149,0.8629999756813049,0.7878999710083008
YJL003W,YGL065C,0,-4.4296513,0.09870753437280655,0.8629999756813049,0.7879999876022339
YLL041C,YAL035W,0,-4.4299145,0.09869624674320221,0.8629999756813049,0.788100004196167
YML001W,YNL177C,0,-4.430063,0.09868495911359787,0.8629999756813049,0.7882000207901001
YPR032W,YNR003C,0,-4.4304824,0.09867367893457413,0.8629999756813049,0.7882999777793884
YDR151C,YIL138C,0,-4.4309072,0.09866239875555038,0.8629999756813049,0.7883999943733215
YDR251W,YKR089C,0,-4.431087,0.09865111857652664,0.8629999756813049,0.7885000109672546
YDR168W,YMR287C,0,-4.43123,0.0986398458480835,0.8629999756813049,0.7886000275611877
YLR295C,YGR175C,0,-4.4313827,0.09862857311964035,0.8629999756813049,0.7886999845504761
YPL112C,YGR013W,0,-4.431911,0.0986173003911972,0.8629999756813049,0.7888000011444092
YBR179C,YDL043C,0,-4.432027,0.09860603511333466,0.8629999756813049,0.7889000177383423
YOR193W,YBL034C,0,-4.4320683,0.0985947698354721,0.8629999756813049,0.7889999747276306
YLL031C,YHR161C,0,-4.432737,0.09858350455760956,0.8629999756813049,0.7890999913215637
YOL012C,YDL134C,0,-4.4332013,0.0985722467303276,0.8629999756813049,0.7892000079154968
YOR094W,YNL054W,0,-4.4333506,0.09856098890304565,0.8629999756813049,0.7893000245094299
YNL286W,YMR053C,0,-4.4334884,0.0985497310757637,0.8629999756813049,0.7893999814987183
YIL042C,YKL055C,0,-4.433756,0.09853848069906235,0.8629999756813049,0.7894999980926514
YDR416W,YLR182W,0,-4.4339886,0.09852723032236099,0.8629999756813049,0.7896000146865845
YOR377W,YLR105C,0,-4.434594,0.09851597994565964,0.8629999756813049,0.7896999716758728
YJL002C,YNL172W,0,-4.434595,0.09850473701953888,0.8629999756813049,0.7897999882698059
YLR376C,YBR278W,0,-4.4349723,0.09849349409341812,0.8629999756813049,0.789900004863739
YHR116W,YBR127C,0,-4.435064,0.09848225861787796,0.8629999756813049,0.7900000214576721
YHL003C,YGL233W,0,-4.4355283,0.0984710156917572,0.8629999756813049,0.7900999784469604
YGR202C,YLR145W,0,-4.4357066,0.09845978021621704,0.8629999756813049,0.7901999950408936
YKL007W,YER032W,0,-4.4359374,0.09844855219125748,0.8629999756813049,0.7903000116348267
YPL018W,YPL221W,0,-4.437613,0.09843732416629791,0.8629999756813049,0.7904000282287598
YGL061C,YNL103W,0,-4.4377065,0.09842609614133835,0.8629999756813049,0.7904999852180481
YDR330W,YOR039W,0,-4.4378886,0.09841486811637878,0.8629999756813049,0.7906000018119812
YPL115C,YPL167C,0,-4.4379,0.09840364754199982,0.8629999756813049,0.7907000184059143
YIR004W,YBR198C,0,-4.438062,0.09839242696762085,0.8629999756813049,0.7907999753952026
YDL226C,YOR373W,0,-4.438227,0.09838121384382248,0.8629999756813049,0.7908999919891357
YML098W,YBR234C,0,-4.4383,0.09837000072002411,0.8629999756813049,0.7910000085830688
YNL142W,YPL271W,0,-4.4384866,0.09835878759622574,0.8629999756813049,0.791100025177002
YDR419W,YBR173C,0,-4.4385476,0.09834758192300797,0.8629999756813049,0.7911999821662903
YIR010W,YLR272C,0,-4.438638,0.0983363687992096,0.8629999756813049,0.7912999987602234
YGR238C,YNL154C,0,-4.438823,0.09832517057657242,0.8629999756813049,0.7914000153541565
YPL164C,YJR021C,1,-4.4389634,0.09842788428068161,0.8640000224113464,0.7914000153541565
YBL006C,YOR334W,0,-4.439235,0.09841667860746384,0.8640000224113464,0.7914999723434448
YMR188C,YGR086C,0,-4.4392867,0.09840546548366547,0.8640000224113464,0.7915999889373779
YJR066W,YIL115C,0,-4.439555,0.09839425981044769,0.8640000224113464,0.791700005531311
YPR131C,YAL043C,0,-4.439787,0.09838305413722992,0.8640000224113464,0.7918000221252441
YPL016W,YNR015W,0,-4.4399457,0.09837185591459274,0.8640000224113464,0.7918999791145325
YGR077C,YOR149C,0,-4.440177,0.09836065769195557,0.8640000224113464,0.7919999957084656
YER149C,YCR075C,0,-4.4401884,0.09834945946931839,0.8640000224113464,0.7921000123023987
YBR080C,YOR014W,0,-4.440311,0.09833826869726181,0.8640000224113464,0.7922000288963318
YOL113W,YGL025C,0,-4.440533,0.09832707047462463,0.8640000224113464,0.7922999858856201
YKL192C,YNR032W,0,-4.4411407,0.09831588715314865,0.8640000224113464,0.7924000024795532
YPL131W,YIL051C,0,-4.4413943,0.09830469638109207,0.8640000224113464,0.7925000190734863
YCL051W,YJL030W,0,-4.4416227,0.09829351305961609,0.8640000224113464,0.7925999760627747
YKR055W,YDL232W,0,-4.4426956,0.0982823371887207,0.8640000224113464,0.7926999926567078
YBL046W,YNL055C,0,-4.4427238,0.09827115386724472,0.8640000224113464,0.7928000092506409
YDR358W,YOL149W,0,-4.4433756,0.09825997799634933,0.8640000224113464,0.792900025844574
YER161C,YLL006W,0,-4.443645,0.09824880957603455,0.8640000224113464,0.7929999828338623
YDL097C,YNR046W,0,-4.4441705,0.09823763370513916,0.8640000224113464,0.7930999994277954
YDR260C,YPR186C,0,-4.444261,0.09822646528482437,0.8640000224113464,0.7932000160217285
YKL160W,YJL127C,0,-4.444352,0.09821530431509018,0.8640000224113464,0.7932999730110168
YNL251C,YKL017C,0,-4.4444714,0.09820413589477539,0.8640000224113464,0.79339998960495
YDL165W,YDR376W,0,-4.4449186,0.0981929749250412,0.8640000224113464,0.7935000061988831
YKL160W,YLR226W,0,-4.44497,0.0981818214058876,0.8640000224113464,0.7936000227928162
YML099C,YKL012W,0,-4.444984,0.09817066043615341,0.8640000224113464,0.7936999797821045
YDR389W,YER008C,0,-4.4450994,0.09815950691699982,0.8640000224113464,0.7937999963760376
YCL063W,YJR143C,0,-4.445107,0.09814836084842682,0.8640000224113464,0.7939000129699707
YBR087W,YLL001W,0,-4.445673,0.09813720732927322,0.8640000224113464,0.7940000295639038
YDL155W,YML057W,0,-4.447929,0.09812606126070023,0.8640000224113464,0.7940999865531921
YGR006W,YNL291C,0,-4.4479413,0.09811492264270782,0.8640000224113464,0.7942000031471252
YDL164C,YMR224C,1,-4.4481664,0.09821732342243195,0.8650000095367432,0.7942000031471252
YLR103C,YNL021W,0,-4.448255,0.09820617735385895,0.8650000095367432,0.7943000197410583
YPL033C,YGR171C,0,-4.4485974,0.09819503128528595,0.8650000095367432,0.7943999767303467
YJL138C,YOL012C,0,-4.448647,0.09818388521671295,0.8650000095367432,0.7944999933242798
YHR067W,YOR026W,0,-4.4491296,0.09817273914813995,0.8650000095367432,0.7946000099182129
YHR161C,YIR004W,0,-4.4493146,0.09816160053014755,0.8650000095367432,0.794700026512146
YBL088C,YNL312W,1,-4.4497166,0.0982639268040657,0.8659999966621399,0.794700026512146
YDR419W,YPL151C,0,-4.450628,0.0982527807354927,0.8659999966621399,0.7947999835014343
YKL205W,YJR063W,0,-4.451452,0.09824163466691971,0.8659999966621399,0.7949000000953674
YOR179C,YEL013W,0,-4.452283,0.09823048859834671,0.8659999966621399,0.7950000166893005
YOR008C,YFL037W,0,-4.4531646,0.09821934998035431,0.8659999966621399,0.7950999736785889
YOL038W,YDR385W,0,-4.4537926,0.09820821136236191,0.8659999966621399,0.795199990272522
YGL174W,YNL311C,0,-4.454183,0.0981970727443695,0.8659999966621399,0.7953000068664551
YLR363C,YDR362C,0,-4.454888,0.0981859415769577,0.8659999966621399,0.7954000234603882
YFR033C,YKL056C,0,-4.4554954,0.0981748104095459,0.8659999966621399,0.7954999804496765
YJL006C,YGR133W,0,-4.45556,0.0981636792421341,0.8659999966621399,0.7955999970436096
YDL056W,YEL022W,0,-4.455717,0.09815255552530289,0.8659999966621399,0.7957000136375427
YDR378C,YNR052C,0,-4.455794,0.09814143180847168,0.8659999966621399,0.795799970626831
YGR036C,YBR119W,0,-4.455874,0.09813030809164047,0.8659999966621399,0.7958999872207642
YMR119W,YNL264C,0,-4.4559317,0.09811919182538986,0.8659999966621399,0.7960000038146973
YKL148C,YPR021C,0,-4.4560747,0.09810807555913925,0.8659999966621399,0.7961000204086304
YDL245C,YDR477W,0,-4.456333,0.09809696674346924,0.8659999966621399,0.7961999773979187
YLL024C,YER030W,0,-4.456354,0.09808585047721863,0.8659999966621399,0.7962999939918518
YLR138W,YNL116W,0,-4.4565043,0.09807474166154861,0.8659999966621399,0.7964000105857849
YPL112C,YNL232W,0,-4.4567966,0.0980636402964592,0.8659999966621399,0.796500027179718
YDR057W,YJL042W,0,-4.4570174,0.09805253893136978,0.8659999966621399,0.7965999841690063
YOR256C,YOL125W,0,-4.4571958,0.09804143756628036,0.8659999966621399,0.7967000007629395
YKL119C,YPR056W,0,-4.4576373,0.09803033620119095,0.8659999966621399,0.7968000173568726
YOL133W,YIL051C,0,-4.457684,0.09801924228668213,0.8659999966621399,0.7968999743461609
YBL020W,YJL115W,0,-4.4581056,0.09800814837217331,0.8659999966621399,0.796999990940094
YOR103C,YDR436W,0,-4.458444,0.09799705445766449,0.8659999966621399,0.7971000075340271
YMR137C,YOR180C,0,-4.4589424,0.09798596799373627,0.8659999966621399,0.7972000241279602
YMR288W,YDR201W,0,-4.4589515,0.09797488152980804,0.8659999966621399,0.7972999811172485
YJL122W,YLL036C,0,-4.458978,0.09796380251646042,0.8659999966621399,0.7973999977111816
YBR109C,YNL222W,0,-4.459169,0.09795272350311279,0.8659999966621399,0.7975000143051147
YFR050C,YPL031C,0,-4.459273,0.09794164448976517,0.8659999966621399,0.7975999712944031
YNL298W,YPL002C,0,-4.459329,0.09793056547641754,0.8659999966621399,0.7976999878883362
YNL015W,YBR155W,0,-4.4593754,0.09791949391365051,0.8659999966621399,0.7978000044822693
YBR279W,YDL185W,1,-4.459468,0.0980214774608612,0.8669999837875366,0.7978000044822693
YBR185C,YIL016W,0,-4.4596715,0.09801039844751358,0.8669999837875366,0.7979000210762024
YBR293W,YBR042C,0,-4.459773,0.09799931943416595,0.8669999837875366,0.7979999780654907
YGL133W,YLR370C,0,-4.4603887,0.09798824787139893,0.8669999837875366,0.7980999946594238
YDR285W,YNL048W,0,-4.460983,0.0979771688580513,0.8669999837875366,0.7982000112533569
YDR168W,YPL040C,0,-4.4610014,0.09796610474586487,0.8669999837875366,0.79830002784729
YJR031C,YDR464W,0,-4.461205,0.09795503318309784,0.8669999837875366,0.7983999848365784
YML115C,YOR377W,0,-4.461277,0.09794396907091141,0.8669999837875366,0.7985000014305115
YHL028W,YBL046W,0,-4.4613676,0.09793290495872498,0.8669999837875366,0.7986000180244446
YER035W,YDL200C,0,-4.4614244,0.09792184084653854,0.8669999837875366,0.7986999750137329
YLR182W,YDL024C,0,-4.4614444,0.09791078418493271,0.8669999837875366,0.798799991607666
YNL188W,YCR075C,0,-4.4620304,0.09789972752332687,0.8669999837875366,0.7989000082015991
YLR138W,YER145C,0,-4.4620414,0.09788867831230164,0.8669999837875366,0.7990000247955322
YLR369W,YDR265W,0,-4.462501,0.0978776216506958,0.8669999837875366,0.7990999817848206
YER038C,YDR453C,0,-4.4626317,0.09786657989025116,0.8669999837875366,0.7991999983787537
YDL008W,YAR003W,0,-4.462963,0.09785553067922592,0.8669999837875366,0.7993000149726868
YOR137C,YOL144W,0,-4.463075,0.09784448891878128,0.8669999837875366,0.7993999719619751
YDR045C,YDR153C,0,-4.4632053,0.09783344715833664,0.8669999837875366,0.7994999885559082
YER022W,YGR253C,0,-4.463493,0.097822405397892,0.8669999837875366,0.7996000051498413
YHR194W,YGR162W,0,-4.463817,0.09781137108802795,0.8669999837875366,0.7997000217437744
YBL022C,YGR086C,0,-4.463982,0.09780033677816391,0.8669999837875366,0.7997999787330627
YBR098W,YDR289C,1,-4.4639826,0.0979020968079567,0.8679999709129333,0.7997999787330627
YMR056C,YGL153W,0,-4.464093,0.09789105504751205,0.8679999709129333,0.7998999953269958
YNR030W,YMR172W,0,-4.4645934,0.09788002073764801,0.8679999709129333,0.800000011920929
YOL100W,YML098W,0,-4.4647145,0.09786897897720337,0.8679999709129333,0.8001000285148621
YNL279W,YLR215C,0,-4.4651294,0.09785794466733932,0.8679999709129333,0.8001999855041504
YLR298C,YDL005C,0,-4.465423,0.09784691780805588,0.8679999709129333,0.8003000020980835
YJR066W,YBL056W,0,-4.4655366,0.09783589094877243,0.8679999709129333,0.8004000186920166
YBR095C,YKL149C,0,-4.4656286,0.09782486408948898,0.8679999709129333,0.8004999756813049
YKL007W,YDL150W,0,-4.466087,0.09781383723020554,0.8679999709129333,0.800599992275238
YOR275C,YBR177C,0,-4.4660983,0.09780281782150269,0.8679999709129333,0.8007000088691711
YOR140W,YLL036C,0,-4.4671464,0.09779179841279984,0.8679999709129333,0.8008000254631042
YJR033C,YML127W,0,-4.4675093,0.09778077900409698,0.8679999709129333,0.8008999824523926
YOL009C,YIL014W,0,-4.4676986,0.09776976704597473,0.8679999709129333,0.8009999990463257
YML113W,YNL298W,0,-4.4678273,0.09775875508785248,0.8679999709129333,0.8011000156402588
YBR188C,YCR052W,0,-4.4678354,0.09774775058031082,0.8679999709129333,0.8011999726295471
YGL066W,YLR135W,0,-4.467911,0.09773673862218857,0.8679999709129333,0.8012999892234802
YAL059W,YNL294C,0,-4.468219,0.09772573411464691,0.8679999709129333,0.8014000058174133
YDR036C,YNL039W,0,-4.4687557,0.09771473705768585,0.8679999709129333,0.8015000224113464
YFL016C,YOL038W,0,-4.4696326,0.09770374000072479,0.8679999709129333,0.8015999794006348
YPL122C,YDL155W,0,-4.4697895,0.09769274294376373,0.8679999709129333,0.8016999959945679
YPR075C,YIL154C,0,-4.4702616,0.09768174588680267,0.8679999709129333,0.801800012588501
YMR285C,YBL058W,0,-4.4704957,0.09767075628042221,0.8679999709129333,0.8019000291824341
YOL104C,YLR418C,1,-4.47094,0.0977722778916359,0.8690000176429749,0.8019000291824341
YPL271W,YBR275C,0,-4.4715753,0.09776128083467484,0.8690000176429749,0.8019999861717224
YJL035C,YFL008W,0,-4.4722047,0.09775028377771378,0.8690000176429749,0.8021000027656555
YER104W,YOL006C,1,-4.4722266,0.09785176068544388,0.8700000047683716,0.8021000027656555
YNL294C,YNL267W,0,-4.4723845,0.09784075617790222,0.8700000047683716,0.8022000193595886
YLR154C,YGR230W,0,-4.4725986,0.09782975167036057,0.8700000047683716,0.802299976348877
YPL206C,YPR037C,0,-4.4726644,0.0978187546133995,0.8700000047683716,0.8023999929428101
YFL031W,YCR053W,0,-4.473492,0.09780775755643845,0.8700000047683716,0.8025000095367432
YPL122C,YKL125W,0,-4.473637,0.09779676049947739,0.8700000047683716,0.8026000261306763
YDL155W,YKL101W,0,-4.4743643,0.09778577089309692,0.8700000047683716,0.8026999831199646
YGL244W,YMR077C,0,-4.4744654,0.09777478128671646,0.8700000047683716,0.8027999997138977
YOR145C,YBR169C,0,-4.4744773,0.097763791680336,0.8700000047683716,0.8029000163078308
YBL058W,YGL045W,0,-4.4746456,0.09775280952453613,0.8700000047683716,0.8029999732971191
YLL022C,YPL087W,0,-4.474919,0.09774182736873627,0.8700000047683716,0.8030999898910522
YIL150C,YLR020C,0,-4.475079,0.0977308452129364,0.8700000047683716,0.8032000064849854
YPL033C,YLR385C,0,-4.4753923,0.09771987050771713,0.8700000047683716,0.8033000230789185
YLL001W,YBR106W,0,-4.4754653,0.09770889580249786,0.8700000047683716,0.8033999800682068
YCL063W,YNL218W,0,-4.4757247,0.0976979210972786,0.8700000047683716,0.8034999966621399
YER109C,YCL004W,0,-4.476827,0.09768695384263992,0.8700000047683716,0.803600013256073
YDR118W,YDL102W,0,-4.4769797,0.09767598658800125,0.8700000047683716,0.8036999702453613
YOL147C,YIL023C,0,-4.4773145,0.09766501933336258,0.8700000047683716,0.8037999868392944
YPL239W,YJL091C,0,-4.477482,0.0976540595293045,0.8700000047683716,0.8039000034332275
YPL112C,YJR033C,0,-4.477546,0.09764309972524643,0.8700000047683716,0.8040000200271606
YDR156W,YDL108W,0,-4.4776607,0.09763213992118835,0.8700000047683716,0.804099977016449
YBR026C,YJL183W,0,-4.47776,0.09762118756771088,0.8700000047683716,0.8041999936103821
YOR103C,YDR385W,0,-4.477961,0.0976102352142334,0.8700000047683716,0.8043000102043152
YER112W,YKR046C,0,-4.478539,0.09759928286075592,0.8700000047683716,0.8044000267982483
YML062C,YNL139C,1,-4.4790025,0.09770050644874573,0.8709999918937683,0.8044000267982483
YLR201C,YPL045W,0,-4.479666,0.09768954664468765,0.8709999918937683,0.8044999837875366
YER173W,YOL006C,1,-4.4801564,0.09779074043035507,0.871999979019165,0.8044999837875366
YGL070C,YDR414C,0,-4.4801955,0.0977797731757164,0.871999979019165,0.8046000003814697
YKL188C,YOR142W,0,-4.4802003,0.09776880592107773,0.871999979019165,0.8047000169754028
YOR354C,YDR110W,1,-4.480388,0.09786995500326157,0.8730000257492065,0.8047000169754028
YPR140W,YDL231C,0,-4.480433,0.0978589877486229,0.8730000257492065,0.8047999739646912
YDR221W,YJL112W,0,-4.4804544,0.09784801304340363,0.8730000257492065,0.8048999905586243
YLR201C,YNL037C,0,-4.480477,0.09783705323934555,0.8730000257492065,0.8050000071525574
YNL147W,YOL144W,0,-4.480577,0.09782608598470688,0.8730000257492065,0.8051000237464905
YOR144C,YDR076W,1,-4.4809604,0.09792716801166534,0.8740000128746033,0.8051000237464905
YOL051W,YCR002C,0,-4.481,0.09791620075702667,0.8740000128746033,0.8051999807357788
YOL066C,YHL027W,0,-4.4811606,0.097905233502388,0.8740000128746033,0.8052999973297119
YNL173C,YPL135W,0,-4.481167,0.09789426624774933,0.8740000128746033,0.805400013923645
YJR090C,YLL061W,0,-4.481261,0.09788329899311066,0.8740000128746033,0.8054999709129333
YJL063C,YIL014W,0,-4.4813457,0.09787233918905258,0.8740000128746033,0.8055999875068665
YOR194C,YMR013C,0,-4.481528,0.0978613793849945,0.8740000128746033,0.8057000041007996
YGL053W,YHR111W,0,-4.4815555,0.09785042703151703,0.8740000128746033,0.8058000206947327
YFR028C,YGR227W,0,-4.4815993,0.09783947467803955,0.8740000128746033,0.805899977684021
YNL070W,YGR002C,0,-4.4822054,0.09782852232456207,0.8740000128746033,0.8059999942779541
YER168C,YLR238W,0,-4.4822564,0.0978175699710846,0.8740000128746033,0.8061000108718872
YPL060W,YBR236C,0,-4.4826035,0.09780662506818771,0.8740000128746033,0.8062000274658203
YML013W,YEL015W,0,-4.4828405,0.09779568016529083,0.8740000128746033,0.8062999844551086
YGR264C,YNL163C,0,-4.48455,0.09778474271297455,0.8740000128746033,0.8064000010490417
YNL325C,YGL071W,0,-4.4849315,0.09777379781007767,0.8740000128746033,0.8065000176429749
YER169W,YOR304W,0,-4.4852576,0.09776286035776138,0.8740000128746033,0.8065999746322632
YDL165W,YJL100W,0,-4.485292,0.0977519303560257,0.8740000128746033,0.8066999912261963
YLR103C,YGL018C,0,-4.4853244,0.09774100035429001,0.8740000128746033,0.8068000078201294
YLR086W,YGL044C,0,-4.4854093,0.09773007035255432,0.8740000128746033,0.8069000244140625
YKR087C,YKL012W,0,-4.4856586,0.09771914035081863,0.8740000128746033,0.8069999814033508
YFR013W,YML058W,0,-4.485871,0.09770821779966354,0.8740000128746033,0.8070999979972839
YPL119C,YDR005C,0,-4.4858894,0.09769729524850845,0.8740000128746033,0.807200014591217
YNL136W,YBR059C,0,-4.486035,0.09768637269735336,0.8740000128746033,0.8072999715805054
YJR083C,YBR037C,0,-4.4861073,0.09767545759677887,0.8740000128746033,0.8073999881744385
YBR245C,YOL116W,0,-4.4866166,0.09766454249620438,0.8740000128746033,0.8075000047683716
YOL147C,YLR226W,0,-4.4867926,0.09765363484621048,0.8740000128746033,0.8076000213623047
YNL088W,YOL072W,1,-4.487121,0.09775444120168686,0.875,0.8076000213623047
YNR023W,YMR239C,0,-4.4871383,0.09774351865053177,0.875,0.807699978351593
YIL063C,YJR045C,0,-4.4872837,0.09773260354995728,0.875,0.8077999949455261
YNL257C,YPL002C,0,-4.487374,0.09772168844938278,0.875,0.8079000115394592
YDL235C,YMR197C,0,-4.487758,0.09771077334880829,0.875,0.8080000281333923
YER167W,YER030W,0,-4.4878387,0.09769986569881439,0.875,0.8080999851226807
YEL030W,YHR191C,0,-4.489217,0.0976889580488205,0.875,0.8082000017166138
YPL015C,YML062C,1,-4.4893847,0.09778968244791031,0.8759999871253967,0.8082000017166138
YKR020W,YGR262C,0,-4.4894404,0.09777876734733582,0.8759999871253967,0.8083000183105469
YOR269W,YOR229W,0,-4.4899716,0.09776785969734192,0.8759999871253967,0.8083999752998352
YLR130C,YCR035C,0,-4.4905324,0.09775694459676743,0.8759999871253967,0.8084999918937683
YKL134C,YGR006W,0,-4.490549,0.09774603694677353,0.8759999871253967,0.8086000084877014
YPR005C,YLR015W,0,-4.4909225,0.09773513674736023,0.8759999871253967,0.8087000250816345
YCR092C,YBR073W,1,-4.490931,0.09783578664064407,0.8769999742507935,0.8087000250816345
YBR223C,YNL207W,0,-4.4910607,0.09782487154006958,0.8769999742507935,0.8087999820709229
YFR021W,YOL130W,0,-4.4911084,0.09781396389007568,0.8769999742507935,0.808899998664856
YDL164C,YJL173C,1,-4.491367,0.09791457653045654,0.878000020980835,0.808899998664856
YJR077C,YIL106W,0,-4.491443,0.09790365397930145,0.878000020980835,0.8090000152587891
YAL055W,YDR201W,0,-4.4927297,0.09789273887872696,0.878000020980835,0.8090999722480774
YAL016W,YPL160W,0,-4.4928207,0.09788183122873306,0.878000020980835,0.8091999888420105
YLR451W,YMR172W,0,-4.4929595,0.09787091612815857,0.878000020980835,0.8093000054359436
YPR070W,YOR179C,0,-4.4929757,0.09786000847816467,0.878000020980835,0.8094000220298767
YHR058C,YBR002C,0,-4.4931192,0.09784910082817078,0.878000020980835,0.809499979019165
YBR068C,YBL020W,0,-4.4934754,0.09783820062875748,0.878000020980835,0.8095999956130981
YJL168C,YOR334W,0,-4.4935393,0.09782730042934418,0.878000020980835,0.8097000122070312
YDR088C,YGR112W,0,-4.4936423,0.09781640022993088,0.878000020980835,0.8098000288009644
YDR341C,YMR213W,0,-4.4937525,0.09780550003051758,0.878000020980835,0.8098999857902527
YJR125C,YOR039W,0,-4.4937687,0.09779460728168488,0.878000020980835,0.8100000023841858
YJR013W,YDR130C,0,-4.4942904,0.09778371453285217,0.878000020980835,0.8101000189781189
YOR269W,YML127W,0,-4.4947295,0.09777282923460007,0.878000020980835,0.8101999759674072
YMR119W,YNL182C,0,-4.494862,0.09776194393634796,0.878000020980835,0.8102999925613403
YML019W,YLR248W,0,-4.495004,0.09775105863809586,0.878000020980835,0.8104000091552734
YPL122C,YOL023W,0,-4.495377,0.09774017333984375,0.878000020980835,0.8105000257492065
YHR135C,YLR175W,0,-4.4956565,0.09772929549217224,0.878000020980835,0.8105999827384949
YDR121W,YPL053C,0,-4.4959884,0.09771841764450073,0.878000020980835,0.810699999332428
YJR004C,YER008C,0,-4.495998,0.09770754724740982,0.878000020980835,0.8108000159263611
YOR140W,YGR024C,0,-4.4964705,0.09769666939973831,0.878000020980835,0.8108999729156494
YJL090C,YML062C,1,-4.4966745,0.09779706597328186,0.8790000081062317,0.8108999729156494
YNL147W,YOR330C,0,-4.496708,0.09778618067502975,0.8790000081062317,0.8109999895095825
YBR257W,YEL024W,0,-4.496738,0.09777530282735825,0.8790000081062317,0.8111000061035156
YBR293W,YLR007W,0,-4.496936,0.09776443243026733,0.8790000081062317,0.8112000226974487
YOR363C,YNL142W,0,-4.4971695,0.09775356203317642,0.8790000081062317,0.8112999796867371
YDR113C,YNL312W,1,-4.497244,0.097853884100914,0.8799999952316284,0.8112999796867371
YER104W,YNL139C,1,-4.49735,0.09795419126749039,0.8809999823570251,0.8112999796867371
YDR409W,YMR268C,0,-4.497355,0.09794329851865768,0.8809999823570251,0.8113999962806702
YOL010W,YMR053C,0,-4.497455,0.09793241322040558,0.8809999823570251,0.8115000128746033
YKR055W,YLL003W,0,-4.497508,0.09792152792215347,0.8809999823570251,0.8116000294685364
YNR052C,YDR081C,0,-4.497603,0.09791065007448196,0.8809999823570251,0.8116999864578247
YHR120W,YDL150W,0,-4.498141,0.09789976477622986,0.8809999823570251,0.8118000030517578
YBR136W,YML095C,1,-4.4982247,0.09799999743700027,0.8820000290870667,0.8118000030517578
YOL089C,YBR082C,0,-4.4983253,0.09798911213874817,0.8820000290870667,0.8119000196456909
YDR469W,YFR004W,0,-4.4985995,0.09797822684049606,0.8820000290870667,0.8119999766349792
YDR159W,YNL290W,0,-4.4992566,0.09796734154224396,0.8820000290870667,0.8120999932289124
YMR184W,YGL113W,0,-4.4993415,0.09795646369457245,0.8820000290870667,0.8122000098228455
YGL244W,YOR239W,0,-4.4997106,0.09794558584690094,0.8820000290870667,0.8123000264167786
YOR132W,YPR137W,0,-4.5004454,0.09793470799922943,0.8820000290870667,0.8123999834060669
YPR165W,YDR098C,0,-4.500467,0.09792383760213852,0.8820000290870667,0.8125
YDL008W,YDR419W,0,-4.5007186,0.09791296720504761,0.8820000290870667,0.8126000165939331
YLR102C,YLR006C,0,-4.5009146,0.0979020968079567,0.8820000290870667,0.8126999735832214
YPL227C,YNL123W,0,-4.5011344,0.09789123386144638,0.8820000290870667,0.8127999901771545
YDR208W,YPL057C,0,-4.501298,0.09788037091493607,0.8820000290870667,0.8129000067710876
YAL031C,YPR187W,0,-4.501762,0.09786950796842575,0.8820000290870667,0.8130000233650208
YPL137C,YGL190C,0,-4.502,0.09785864502191544,0.8820000290870667,0.8130999803543091
YGL244W,YNL164C,0,-4.502792,0.09784778952598572,0.8820000290870667,0.8131999969482422
YGL086W,YBR036C,0,-4.503204,0.0978369414806366,0.8820000290870667,0.8133000135421753
YIR002C,YKL058W,0,-4.504042,0.09782608598470688,0.8820000290870667,0.8133999705314636
YOL051W,YNL080C,0,-4.504213,0.09781523793935776,0.8820000290870667,0.8134999871253967
YLR240W,YEL012W,0,-4.504467,0.09780438989400864,0.8820000290870667,0.8136000037193298
YMR238W,YOR259C,0,-4.5044947,0.09779354929924011,0.8820000290870667,0.8137000203132629
YDL005C,YJR002W,0,-4.5046372,0.09778270870447159,0.8820000290870667,0.8137999773025513
YJR044C,YIL048W,0,-4.5050173,0.09777186810970306,0.8820000290870667,0.8138999938964844
YLR298C,YKL025C,0,-4.5053544,0.09776102751493454,0.8820000290870667,0.8140000104904175
YDR378C,YJL030W,0,-4.5053983,0.09775019437074661,0.8820000290870667,0.8141000270843506
YDR386W,YOL006C,1,-4.505976,0.09785017371177673,0.8830000162124634,0.8141000270843506
YCR048W,YOR026W,0,-4.506579,0.09783933311700821,0.8830000162124634,0.8141999840736389
YGL087C,YGL018C,0,-4.506723,0.09782849252223969,0.8830000162124634,0.814300000667572
YLR138W,YER149C,0,-4.5070553,0.09781765937805176,0.8830000162124634,0.8144000172615051
YJR049C,YBR081C,0,-4.507087,0.09780682623386383,0.8830000162124634,0.8144999742507935
YGR014W,YNL091W,0,-4.507177,0.0977959930896759,0.8830000162124634,0.8145999908447266
YEL017C-A,YMR247C,0,-4.5072846,0.09778515994548798,0.8830000162124634,0.8147000074386597
YHL028W,YBR024W,0,-4.5075383,0.09777433425188065,0.8830000162124634,0.8148000240325928
YJL091C,YBR223C,0,-4.507702,0.09776350855827332,0.8830000162124634,0.8148999810218811
YPL127C,YNL088W,1,-4.508108,0.09786339104175568,0.8840000033378601,0.8148999810218811
YKR020W,YFL029C,0,-4.5081716,0.09785255789756775,0.8840000033378601,0.8149999976158142
YAL056W,YBR102C,0,-4.5081725,0.09784172475337982,0.8840000033378601,0.8151000142097473
YML094W,YDR279W,0,-4.5085044,0.09783089905977249,0.8840000033378601,0.8151999711990356
YNL048W,YKR089C,0,-4.5088763,0.09782007336616516,0.8840000033378601,0.8152999877929688
YAL029C,YNL312W,1,-4.5090003,0.09791989624500275,0.8849999904632568,0.8152999877929688
YDR394W,YNL288W,0,-4.5093536,0.09790906310081482,0.8849999904632568,0.8154000043869019
YCL024W,YBL102W,0,-4.5095563,0.09789822995662689,0.8849999904632568,0.815500020980835
YJL128C,YNL244C,0,-4.509701,0.09788740426301956,0.8849999904632568,0.8155999779701233
YDR310C,YGR252W,0,-4.510013,0.09787657856941223,0.8849999904632568,0.8156999945640564
YDR310C,YNL218W,0,-4.5100207,0.0978657528758049,0.8849999904632568,0.8158000111579895
YER031C,YBL082C,0,-4.510118,0.09785493463277817,0.8849999904632568,0.8159000277519226
YKL012W,YGL025C,0,-4.51019,0.09784411638975143,0.8849999904632568,0.8159999847412109
YKR067W,YKL143W,0,-4.510625,0.0978332981467247,0.8849999904632568,0.816100001335144
YOR103C,YNL302C,0,-4.5107083,0.09782247990369797,0.8849999904632568,0.8162000179290771
YIR010W,YLR102C,0,-4.5111384,0.09781166911125183,0.8849999904632568,0.8162999749183655
YOL068C,YDR076W,1,-4.511327,0.09791137278079987,0.8859999775886536,0.8162999749183655
YNL084C,YGR222W,0,-4.5114036,0.09790055453777313,0.8859999775886536,0.8163999915122986
YGR171C,YJR052W,0,-4.5114436,0.0978897362947464,0.8859999775886536,0.8165000081062317
YOL010W,YLL022C,0,-4.511594,0.09787892550230026,0.8859999775886536,0.8166000247001648
YGL111W,YGL174W,0,-4.511658,0.09786810725927353,0.8859999775886536,0.8166999816894531
YNR044W,YLR147C,0,-4.5121922,0.09785730391740799,0.8859999775886536,0.8167999982833862
YCL061C,YDR400W,0,-4.512388,0.09784649312496185,0.8859999775886536,0.8169000148773193
YBR024W,YKL009W,0,-4.512441,0.09783568978309631,0.8859999775886536,0.8169999718666077
YHR204W,YOR224C,0,-4.5125804,0.09782488644123077,0.8859999775886536,0.8170999884605408
YLR451W,YLR405W,0,-4.512582,0.09781409054994583,0.8859999775886536,0.8172000050544739
YCL031C,YDR400W,0,-4.5126843,0.09780328720808029,0.8859999775886536,0.817300021648407
YLR020C,YGR171C,0,-4.5128636,0.09779249131679535,0.8859999775886536,0.8173999786376953
YPL227C,YEL017C-A,0,-4.5131717,0.097781702876091,0.8859999775886536,0.8174999952316284
YMR091C,YJL209W,0,-4.514919,0.09777091443538666,0.8859999775886536,0.8176000118255615
YNL273W,YDL098C,0,-4.5158834,0.09776012599468231,0.8859999775886536,0.8177000284194946
YHL007C,YBL058W,0,-4.5159907,0.09774933755397797,0.8859999775886536,0.817799985408783
YNL161W,YCR008W,0,-4.5160046,0.09773855656385422,0.8859999775886536,0.8179000020027161
YGL174W,YBR112C,0,-4.5172534,0.09772777557373047,0.8859999775886536,0.8180000185966492
YNL031C,YOR377W,0,-4.5174685,0.09771699458360672,0.8859999775886536,0.8180999755859375
YER149C,YFL029C,0,-4.5174775,0.09770622104406357,0.8859999775886536,0.8181999921798706
YDL003W,YGL190C,0,-4.517578,0.09769544750452042,0.8859999775886536,0.8183000087738037
YOR265W,YDL128W,0,-4.517735,0.09768467396497726,0.8859999775886536,0.8184000253677368
YOL130W,YNL207W,0,-4.5178127,0.09767390787601471,0.8859999775886536,0.8184999823570251
YLR032W,YNL156C,0,-4.5185995,0.09766314178705215,0.8859999775886536,0.8185999989509583
YNL159C,YER125W,0,-4.518604,0.0976523756980896,0.8859999775886536,0.8187000155448914
YOR144C,YDL164C,1,-4.518682,0.09775181859731674,0.8870000243186951,0.8187000155448914
YOR274W,YDR423C,0,-4.5187316,0.09774104505777359,0.8870000243186951,0.8187999725341797
YDL078C,YMR060C,0,-4.5187373,0.09773027896881104,0.8870000243186951,0.8188999891281128
YER025W,YGL025C,0,-4.5189114,0.09771951287984848,0.8870000243186951,0.8190000057220459
YBL023C,YPL178W,0,-4.5193896,0.09770874679088593,0.8870000243186951,0.819100022315979
YMR240C,YPR034W,0,-4.51953,0.09769798070192337,0.8870000243186951,0.8191999793052673
YJL003W,YBR089C-A,0,-4.519629,0.09768722206354141,0.8870000243186951,0.8192999958992004
YDL008W,YGL097W,0,-4.5198236,0.09767647087574005,0.8870000243186951,0.8194000124931335
YHR061C,YMR288W,0,-4.520408,0.0976657122373581,0.8870000243186951,0.8195000290870667
YNL268W,YFR027W,0,-4.5206404,0.09765496104955673,0.8870000243186951,0.819599986076355
YMR065W,YPL119C,0,-4.520988,0.09764420986175537,0.8870000243186951,0.8197000026702881
YHR191C,YOL116W,0,-4.5210013,0.09763345867395401,0.8870000243186951,0.8198000192642212
YER168C,YGR029W,0,-4.5214605,0.09762271493673325,0.8870000243186951,0.8198999762535095
YML110C,YMR068W,0,-4.5218606,0.09761197119951248,0.8870000243186951,0.8199999928474426
YCL029C,YNL218W,0,-4.522079,0.09760123491287231,0.8870000243186951,0.8201000094413757
YLR459W,YNR046W,0,-4.522584,0.09759049117565155,0.8870000243186951,0.8202000260353088
YER129W,YDR183W,0,-4.5226207,0.09757975488901138,0.8870000243186951,0.8202999830245972
YDR180W,YDR110W,1,-4.522827,0.0976790264248848,0.8880000114440918,0.8202999830245972
YGR085C,YDL134C,0,-4.522905,0.09766828268766403,0.8880000114440918,0.8203999996185303
YLR110C,YGR007W,0,-4.5230985,0.09765753895044327,0.8880000114440918,0.8205000162124634
YJL179W,YNL121C,0,-4.524043,0.0976468026638031,0.8880000114440918,0.8205999732017517
YIL049W,YGR195W,0,-4.524835,0.09763606637716293,0.8880000114440918,0.8206999897956848
YCL055W,YAR014C,0,-4.524842,0.09762533009052277,0.8880000114440918,0.8208000063896179
YHR062C,YDR507C,0,-4.524921,0.0976146012544632,0.8880000114440918,0.820900022983551
YIR002C,YER026C,0,-4.5250297,0.09760387241840363,0.8880000114440918,0.8209999799728394
YJL090C,YMR224C,1,-4.5252056,0.09770304709672928,0.8889999985694885,0.8209999799728394
YMR243C,YDR376W,0,-4.5256505,0.09769231081008911,0.8889999985694885,0.8210999965667725
YGR275W,YKL117W,0,-4.5256677,0.09768157452344894,0.8889999985694885,0.8212000131607056
YMR162C,YKL146W,0,-4.525726,0.09767083823680878,0.8889999985694885,0.8213000297546387
YGR048W,YNL107W,0,-4.5261884,0.0976601094007492,0.8889999985694885,0.821399986743927
YBR211C,YJR118C,0,-4.526481,0.09764938801527023,0.8889999985694885,0.8215000033378601
YHR062C,YJL183W,0,-4.5266814,0.09763865917921066,0.8889999985694885,0.8216000199317932
YLR154C,YDR337W,0,-4.526692,0.09762793779373169,0.8889999985694885,0.8216999769210815
YPL069C,YMR109W,0,-4.5268607,0.09761721640825272,0.8889999985694885,0.8217999935150146
YOR110W,YIL023C,0,-4.527638,0.09760650247335434,0.8889999985694885,0.8219000101089478
YLR376C,YPR009W,0,-4.5276475,0.09759578108787537,0.8889999985694885,0.8220000267028809
YML021C,YLR016C,0,-4.527719,0.09758507460355759,0.8889999985694885,0.8220999836921692
YGL171W,YFR037C,0,-4.5283046,0.09757436066865921,0.8889999985694885,0.8222000002861023
YDL154W,YJR021C,1,-4.528427,0.09767340123653412,0.8899999856948853,0.8222000002861023
YGL006W,YKL114C,0,-4.5284567,0.09766267985105515,0.8899999856948853,0.8223000168800354
YAL021C,YOR085W,0,-4.5286436,0.09765196591615677,0.8899999856948853,0.8223999738693237
YPL042C,YHR188C,0,-4.528703,0.09764125198125839,0.8899999856948853,0.8224999904632568
YOL112W,YDR318W,0,-4.5287967,0.09763053804636002,0.8899999856948853,0.8226000070571899
YBR276C,YNL101W,0,-4.528825,0.09761983156204224,0.8899999856948853,0.822700023651123
YBR211C,YPL076W,0,-4.5289483,0.09760912507772446,0.8899999856948853,0.8227999806404114
YEL051W,YPR023C,0,-4.5297384,0.09759841859340668,0.8899999856948853,0.8228999972343445
YLR085C,YNL072W,0,-4.5300355,0.0975877195596695,0.8899999856948853,0.8230000138282776
YLR016C,YJR040W,0,-4.530339,0.09757702052593231,0.8899999856948853,0.8230999708175659
YIR037W,YJL115W,0,-4.530391,0.09756632149219513,0.8899999856948853,0.823199987411499
YMR214W,YDR103W,0,-4.5304217,0.09755562990903854,0.8899999856948853,0.8233000040054321
YOR063W,YPR113W,0,-4.5304904,0.09754493832588196,0.8899999856948853,0.8234000205993652
YHR205W,YOR209C,0,-4.5305085,0.09753424674272537,0.8899999856948853,0.8234999775886536
YKR003W,YJL128C,0,-4.5305114,0.09752356261014938,0.8899999856948853,0.8235999941825867
YGL019W,YNL103W,0,-4.5307574,0.0975128710269928,0.8899999856948853,0.8237000107765198
YCL029C,YMR287C,0,-4.531159,0.0975021943449974,0.8899999856948853,0.8238000273704529
YGR002C,YDL135C,0,-4.5314775,0.09749151021242142,0.8899999856948853,0.8238999843597412
YDR077W,YJL011C,0,-4.5317564,0.09748083353042603,0.8899999856948853,0.8240000009536743
YMR054W,YPL106C,0,-4.5320334,0.09747015684843063,0.8899999856948853,0.8241000175476074
YMR267W,YPL193W,0,-4.532562,0.09745948016643524,0.8899999856948853,0.8241999745368958
YLR398C,YLL036C,0,-4.5329432,0.09744881093502045,0.8899999856948853,0.8242999911308289
YJR118C,YDR339C,0,-4.532968,0.09743814170360565,0.8899999856948853,0.824400007724762
YDL100C,YAR014C,0,-4.5330734,0.09742747992277145,0.8899999856948853,0.8245000243186951
YDL080C,YLR145W,0,-4.533392,0.09741681069135666,0.8899999856948853,0.8245999813079834
YNL015W,YER126C,0,-4.533529,0.09740614891052246,0.8899999856948853,0.8246999979019165
YMR243C,YEL013W,0,-4.533748,0.09739549458026886,0.8899999856948853,0.8248000144958496
YGR222W,YBL103C,0,-4.534176,0.09738483279943466,0.8899999856948853,0.8248999714851379
YNL133C,YOR058C,0,-4.534204,0.09737417846918106,0.8899999856948853,0.824999988079071
YDR216W,YGR245C,0,-4.5343175,0.09736352413892746,0.8899999856948853,0.8251000046730042
YOR275C,YPL271W,0,-4.5344024,0.09735287725925446,0.8899999856948853,0.8252000212669373
YGL045W,YDR400W,0,-4.5344977,0.09734223037958145,0.8899999856948853,0.8252999782562256
YDL056W,YDL006W,0,-4.534783,0.09733158349990845,0.8899999856948853,0.8253999948501587
YOR037W,YPL181W,0,-4.53513,0.09732094407081604,0.8899999856948853,0.8255000114440918
YGR185C,YBR022W,0,-4.5352273,0.09731029719114304,0.8899999856948853,0.8256000280380249
YOR089C,YIL135C,0,-4.535316,0.09729965776205063,0.8899999856948853,0.8256999850273132
YPR019W,YGR262C,0,-4.5356154,0.09728902578353882,0.8899999856948853,0.8258000016212463
YPL227C,YBR029C,0,-4.535767,0.09727839380502701,0.8899999856948853,0.8259000182151794
YNL119W,YOR295W,0,-4.536608,0.0972677618265152,0.8899999856948853,0.8259999752044678
YER018C,YER146W,0,-4.5368633,0.09725712984800339,0.8899999856948853,0.8260999917984009
YMR263W,YML080W,0,-4.5369916,0.09724650532007217,0.8899999856948853,0.826200008392334
YNL268W,YGL133W,0,-4.5370555,0.09723588079214096,0.8899999856948853,0.8263000249862671
YNR015W,YJL183W,0,-4.5373135,0.09722525626420975,0.8899999856948853,0.8263999819755554
YJL134W,YGL127C,0,-4.5375514,0.09721463918685913,0.8899999856948853,0.8264999985694885
YNL225C,YBR060C,0,-4.537696,0.09720402210950851,0.8899999856948853,0.8266000151634216
YDR443C,YEL013W,0,-4.5378146,0.0971934050321579,0.8899999856948853,0.82669997215271
YDR341C,YOR194C,0,-4.538097,0.09718278795480728,0.8899999856948853,0.8267999887466431
YPL046C,YOR081C,0,-4.5382133,0.09717217832803726,0.8899999856948853,0.8269000053405762
YLR335W,YHR194W,0,-4.538833,0.09716156870126724,0.8899999856948853,0.8270000219345093
YOL068C,YGL043W,1,-4.539349,0.09726012498140335,0.890999972820282,0.8270000219345093
YKL051W,YOR014W,0,-4.539546,0.09724950790405273,0.890999972820282,0.8270999789237976
YOR094W,YFL033C,0,-4.539588,0.09723889827728271,0.890999972820282,0.8271999955177307
YOR132W,YOR320C,0,-4.5398097,0.0972282811999321,0.890999972820282,0.8273000121116638
YDR484W,YNL119W,0,-4.5401664,0.09721767902374268,0.890999972820282,0.8274000287055969
YMR227C,YLR051C,0,-4.5406895,0.09720706939697266,0.890999972820282,0.8274999856948853
YKL205W,YPL160W,0,-4.540728,0.09719646722078323,0.890999972820282,0.8276000022888184
YMR068W,YDR091C,0,-4.540762,0.09718586504459381,0.890999972820282,0.8277000188827515
YFR005C,YJL154C,0,-4.5413404,0.09717526286840439,0.890999972820282,0.8277999758720398
YPL020C,YPL049C,0,-4.5414376,0.09716466814279556,0.890999972820282,0.8278999924659729
YJR093C,YKL146W,0,-4.5415597,0.09715407341718674,0.890999972820282,0.828000009059906
YLR240W,YGR200C,0,-4.541639,0.09714347869157791,0.890999972820282,0.8281000256538391
YBR188C,YBR207W,0,-4.5416574,0.09713289141654968,0.890999972820282,0.8281999826431274
YAR003W,YDR512C,0,-4.541791,0.09712230414152145,0.890999972820282,0.8282999992370605
YIL021W,YDR183W,0,-4.5419908,0.09711171686649323,0.890999972820282,0.8284000158309937
YBL088C,YNL139C,1,-4.5420003,0.0972101166844368,0.8920000195503235,0.8284000158309937
YER147C,YNL139C,1,-4.5422196,0.09730848670005798,0.8930000066757202,0.8284000158309937
YMR292W,YBR223C,0,-4.5426393,0.09729788452386856,0.8930000066757202,0.828499972820282
YNL207W,YPR024W,0,-4.5426893,0.09728728979825974,0.8930000066757202,0.8285999894142151
YDR116C,YMR076C,0,-4.542957,0.09727668762207031,0.8930000066757202,0.8287000060081482
YAL055W,YMR287C,0,-4.54313,0.09726609289646149,0.8930000066757202,0.8288000226020813
YER088C,YEL017C-A,0,-4.5433283,0.09725549817085266,0.8930000066757202,0.8288999795913696
YGL061C,YJL117W,0,-4.5434256,0.09724491089582443,0.8930000066757202,0.8289999961853027
YOR193W,YMR101C,0,-4.5440927,0.0972343236207962,0.8930000066757202,0.8291000127792358
YGR175C,YBR010W,0,-4.544312,0.09722373634576797,0.8930000066757202,0.829200029373169
YML019W,YNL156C,0,-4.5443716,0.09721314907073975,0.8930000066757202,0.8292999863624573
YDL005C,YPL083C,0,-4.544747,0.09720256924629211,0.8930000066757202,0.8294000029563904
YBR170C,YLR105C,0,-4.544865,0.09719198942184448,0.8930000066757202,0.8295000195503235
YBL046W,YNL299W,0,-4.544902,0.09718140959739685,0.8930000066757202,0.8295999765396118
YDR260C,YJL210W,0,-4.545585,0.09717083722352982,0.8930000066757202,0.8296999931335449
YJL012C,YLL036C,0,-4.5456243,0.09716026484966278,0.8930000066757202,0.829800009727478
YER008C,YJR089W,0,-4.545711,0.09714969247579575,0.8930000066757202,0.8299000263214111
YER031C,YGR092W,0,-4.545985,0.09713912755250931,0.8930000066757202,0.8299999833106995
YCL055W,YLR182W,0,-4.5460114,0.09712856262922287,0.8930000066757202,0.8300999999046326
YDR436W,YCR009C,0,-4.546819,0.09711799770593643,0.8930000066757202,0.8302000164985657
YML129C,YMR227C,0,-4.54696,0.09710744023323059,0.8930000066757202,0.830299973487854
YBR107C,YLR113W,0,-4.5475483,0.09709688276052475,0.8930000066757202,0.8303999900817871
YMR038C,YJR090C,0,-4.5476694,0.09708632528781891,0.8930000066757202,0.8305000066757202
YHR061C,YOR265W,0,-4.547769,0.09707576781511307,0.8930000066757202,0.8306000232696533
YPR041W,YMR302C,0,-4.5479074,0.09706521779298782,0.8930000066757202,0.8306999802589417
YPR144C,YDR005C,0,-4.5479264,0.09705466777086258,0.8930000066757202,0.8307999968528748
YAL029C,YBR098W,1,-4.5479894,0.09715279191732407,0.8939999938011169,0.8307999968528748
YNL119W,YDL006W,0,-4.548241,0.09714223444461823,0.8939999938011169,0.8309000134468079
YDL084W,YLR020C,0,-4.548266,0.09713168442249298,0.8939999938011169,0.8309999704360962
YPR161C,YGR040W,0,-4.548309,0.09712112694978714,0.8939999938011169,0.8310999870300293
YOR085W,YPL096W,0,-4.548785,0.0971105769276619,0.8939999938011169,0.8312000036239624
YFL002C,YKL139W,0,-4.550293,0.09710003435611725,0.8939999938011169,0.8313000202178955
YBL005W,YKL194C,0,-4.5502954,0.097089484333992,0.8939999938011169,0.8313999772071838
YGR220C,YDR254W,0,-4.550463,0.09707894176244736,0.8939999938011169,0.8314999938011169
YOR272W,YGL092W,0,-4.5504937,0.0970684066414833,0.8939999938011169,0.83160001039505
YAL029C,YNL082W,1,-4.5512776,0.09716643393039703,0.8949999809265137,0.83160001039505
YPL106C,YIL126W,0,-4.551395,0.09715588390827179,0.8949999809265137,0.8317000269889832
YGL253W,YML058W,0,-4.551863,0.09714534133672714,0.8949999809265137,0.8317999839782715
YIL085C,YGL049C,0,-4.552546,0.0971347913146019,0.8949999809265137,0.8319000005722046
YJL210W,YJR076C,0,-4.552763,0.09712425619363785,0.8949999809265137,0.8320000171661377
YIL112W,YDR098C,0,-4.552792,0.0971137136220932,0.8949999809265137,0.832099974155426
YDL100C,YPR131C,0,-4.5529027,0.09710317850112915,0.8949999809265137,0.8321999907493591
YMR268C,YPL050C,0,-4.5530343,0.0970926433801651,0.8949999809265137,0.8323000073432922
YPL194W,YNL330C,1,-4.5534067,0.09719058126211166,0.8960000276565552,0.8323000073432922
YMR060C,YBR188C,0,-4.553955,0.09718004614114761,0.8960000276565552,0.8324000239372253
YPL122C,YFR031C,0,-4.5557666,0.09716950356960297,0.8960000276565552,0.8324999809265137
YOR144C,YDR289C,1,-4.5558996,0.09726740419864655,0.8970000147819519,0.8324999809265137
YAL033W,YLL034C,0,-4.5563464,0.0972568541765213,0.8970000147819519,0.8325999975204468
YBR010W,YOR304W,0,-4.556455,0.09724631160497665,0.8970000147819519,0.8327000141143799
YNL147W,YER094C,0,-4.556858,0.097235769033432,0.8970000147819519,0.8327999711036682
YGL095C,YLR023C,0,-4.5570025,0.09722523391246796,0.8970000147819519,0.8328999876976013
YLR023C,YBL025W,0,-4.557028,0.0972146987915039,0.8970000147819519,0.8330000042915344
YJL014W,YNR030W,0,-4.5580316,0.09720416367053986,0.8970000147819519,0.8331000208854675
YKL194C,YNL039W,0,-4.5581117,0.0971936285495758,0.8970000147819519,0.8331999778747559
YDL236W,YLR069C,0,-4.5581946,0.09718310087919235,0.8970000147819519,0.833299994468689
YMR235C,YCR024C-A,0,-4.558726,0.0971725732088089,0.8970000147819519,0.8334000110626221
YMR047C,YGR133W,0,-4.558794,0.09716204553842545,0.8970000147819519,0.8335000276565552
YOR005C,YOL128C,0,-4.558917,0.09715152531862259,0.8970000147819519,0.8335999846458435
YLR370C,YML127W,0,-4.5600867,0.09714099764823914,0.8970000147819519,0.8337000012397766
YIL135C,YNL218W,0,-4.560221,0.09713048487901688,0.8970000147819519,0.8338000178337097
YIL061C,YFR046C,0,-4.5602746,0.09711996465921402,0.8970000147819519,0.833899974822998
YHR041C,YGR252W,0,-4.560292,0.09710945188999176,0.8970000147819519,0.8339999914169312
YBR087W,YPL007C,0,-4.560757,0.0970989391207695,0.8970000147819519,0.8341000080108643
YFR009W,YOR265W,0,-4.561274,0.09708842635154724,0.8970000147819519,0.8342000246047974
YDR166C,YOR373W,0,-4.561484,0.09707792103290558,0.8970000147819519,0.8342999815940857
YOR315W,YGL037C,0,-4.561503,0.09706741571426392,0.8970000147819519,0.8343999981880188
YGR231C,YNR015W,0,-4.5623517,0.09705691039562225,0.8970000147819519,0.8345000147819519
YGR092W,YOL012C,0,-4.5625863,0.09704641252756119,0.8970000147819519,0.8345999717712402
YIL046W,YPL204W,0,-4.5635715,0.09703591465950012,0.8970000147819519,0.8346999883651733
YOR039W,YJL087C,0,-4.5637116,0.09702541679143906,0.8970000147819519,0.8348000049591064
YGR227W,YPR019W,0,-4.56399,0.09701492637395859,0.8970000147819519,0.8349000215530396
YLR372W,YMR135C,0,-4.5641036,0.09700443595647812,0.8970000147819519,0.8349999785423279
YKL058W,YGL049C,0,-4.564505,0.09699394553899765,0.8970000147819519,0.835099995136261
YJL012C,YOL064C,0,-4.564921,0.09698345512151718,0.8970000147819519,0.8352000117301941
YGR262C,YLR316C,0,-4.565086,0.09697297215461731,0.8970000147819519,0.8353000283241272
YNL259C,YNL291C,0,-4.5655622,0.09696248918771744,0.8970000147819519,0.8353999853134155
YGL095C,YIL147C,0,-4.565735,0.09695201367139816,0.8970000147819519,0.8355000019073486
YDR059C,YGR214W,0,-4.565839,0.09694153070449829,0.8970000147819519,0.8356000185012817
YDR276C,YJL012C,0,-4.5658493,0.09693105518817902,0.8970000147819519,0.8356999754905701
YBR172C,YLR316C,0,-4.5662537,0.09692058712244034,0.8970000147819519,0.8357999920845032
YLR166C,YBR103W,0,-4.566319,0.09691011160612106,0.8970000147819519,0.8359000086784363
YBR073W,YER147C,1,-4.5663633,0.09700766950845718,0.8980000019073486,0.8359000086784363
YJL011C,YLR007W,0,-4.5669155,0.09699719399213791,0.8980000019073486,0.8360000252723694
YBL041W,YDL232W,0,-4.5669723,0.09698671847581863,0.8980000019073486,0.8360999822616577
YGR227W,YGR078C,0,-4.5674944,0.09697624295949936,0.8980000019073486,0.8361999988555908
YBR170C,YER146W,0,-4.5680737,0.09696576744318008,0.8980000019073486,0.8363000154495239
YMR198W,YGL003C,0,-4.568469,0.0969552993774414,0.8980000019073486,0.8363999724388123
YLR363C,YGL222C,0,-4.568523,0.09694483131170273,0.8980000019073486,0.8364999890327454
YGR077C,YDL051W,0,-4.5686407,0.09693437069654465,0.8980000019073486,0.8366000056266785
YIL061C,YDL044C,0,-4.568794,0.09692391008138657,0.8980000019073486,0.8367000222206116
YDR308C,YNL091W,0,-4.5695567,0.09691344946622849,0.8980000019073486,0.8367999792098999
YGL244W,YER159C,0,-4.569565,0.0969029888510704,0.8980000019073486,0.836899995803833
YML094W,YBR275C,0,-4.569752,0.09689253568649292,0.8980000019073486,0.8370000123977661
YDR243C,YOR194C,0,-4.5698185,0.09688208252191544,0.8980000019073486,0.8371000289916992
YDR163W,YCR075C,0,-4.569855,0.09687162935733795,0.8980000019073486,0.8371999859809875
YHR167W,YLR234W,1,-4.5699315,0.09696904569864273,0.8989999890327454,0.8371999859809875
YDL142C,YDR436W,0,-4.569959,0.09695858508348465,0.8989999890327454,0.8373000025749207
YBR057C,YOL113W,0,-4.5703015,0.09694813191890717,0.8989999890327454,0.8374000191688538
YGR086C,YIL125W,0,-4.5704503,0.09693767875432968,0.8989999890327454,0.8374999761581421
YML025C,YMR247C,0,-4.57064,0.0969272255897522,0.8989999890327454,0.8375999927520752
YPR023C,YIL010W,0,-4.570914,0.09691677242517471,0.8989999890327454,0.8377000093460083
YLL006W,YJR104C,0,-4.5711102,0.09690632671117783,0.8989999890327454,0.8378000259399414
YLR435W,YFL016C,0,-4.5717874,0.09689588099718094,0.8989999890327454,0.8378999829292297
YER031C,YPL151C,0,-4.571795,0.09688544273376465,0.8989999890327454,0.8379999995231628
YMR192W,YPR057W,0,-4.5724173,0.09687499701976776,0.8989999890327454,0.838100016117096
YEL051W,YOR372C,0,-4.572696,0.09686455875635147,0.8989999890327454,0.8381999731063843
YGL049C,YOL146W,0,-4.5729394,0.09685412794351578,0.8989999890327454,0.8382999897003174
YLR060W,YDR400W,0,-4.573047,0.09684368968009949,0.8989999890327454,0.8384000062942505
YGR279C,YNL135C,0,-4.5733542,0.0968332588672638,0.8989999890327454,0.8385000228881836
YBR081C,YML127W,0,-4.573434,0.0968228355050087,0.8989999890327454,0.8385999798774719
YDR369C,YDR110W,1,-4.573517,0.09692009538412094,0.8999999761581421,0.8385999798774719
YJR021C,YNL312W,1,-4.573928,0.0970173329114914,0.9010000228881836,0.8385999798774719
YBR192W,YDL188C,0,-4.5739355,0.0970068871974945,0.9010000228881836,0.838699996471405
YLR368W,YDL153C,0,-4.57396,0.09699644893407822,0.9010000228881836,0.8388000130653381
YGL017W,YGR156W,0,-4.574079,0.09698600322008133,0.9010000228881836,0.8389000296592712
YPL227C,YPL016W,0,-4.5742564,0.09697556495666504,0.9010000228881836,0.8389999866485596
YOR233W,YDR166C,0,-4.574958,0.09696513414382935,0.9010000228881836,0.8391000032424927
YAL051W,YOR089C,0,-4.5749946,0.09695469588041306,0.9010000228881836,0.8392000198364258
YPL112C,YLR086W,0,-4.5751653,0.09694426506757736,0.9010000228881836,0.8392999768257141
YDR116C,YBR236C,0,-4.575317,0.09693383425474167,0.9010000228881836,0.8393999934196472
YOR194C,YOL149W,0,-4.5760465,0.09692341089248657,0.9010000228881836,0.8395000100135803
YMR292W,YBR022W,0,-4.576185,0.09691298007965088,0.9010000228881836,0.8396000266075134
YNL261W,YBR068C,0,-4.5764155,0.09690255671739578,0.9010000228881836,0.8396999835968018
YCL054W,YML006C,0,-4.576533,0.09689214080572128,0.9010000228881836,0.8398000001907349
YAL029C,YGL043W,1,-4.5767083,0.09698924422264099,0.9020000100135803,0.8398000001907349
YFR024C-A,YPL042C,0,-4.577905,0.0969788208603859,0.9020000100135803,0.839900016784668
YDL043C,YLR032W,0,-4.5784035,0.0969683974981308,0.9020000100135803,0.8399999737739563
YPL096W,YMR077C,0,-4.5790133,0.0969579741358757,0.9020000100135803,0.8400999903678894
YGR214W,YLR129W,0,-4.579576,0.0969475507736206,0.9020000100135803,0.8402000069618225
YPR137W,YGR070W,0,-4.5799804,0.09693712741136551,0.9020000100135803,0.8403000235557556
YNL267W,YBR057C,0,-4.580107,0.09692671149969101,0.9020000100135803,0.840399980545044
YAL053W,YPL193W,0,-4.580734,0.0969163030385971,0.9020000100135803,0.840499997138977
YDL188C,YKR026C,0,-4.580793,0.09690588712692261,0.9020000100135803,0.8406000137329102
YGL136C,YMR060C,0,-4.5814447,0.0968954786658287,0.9020000100135803,0.8406999707221985
YNL159C,YNL014W,0,-4.5815606,0.0968850702047348,0.9020000100135803,0.8407999873161316
YJR118C,YER030W,0,-4.581871,0.0968746617436409,0.9020000100135803,0.8409000039100647
YPL084W,YGL155W,0,-4.5827966,0.0968642607331276,0.9020000100135803,0.8410000205039978
YLR226W,YML014W,0,-4.5828805,0.09685385972261429,0.9020000100135803,0.8410999774932861
YJR090C,YJL042W,0,-4.583108,0.09684345871210098,0.9020000100135803,0.8411999940872192
YLR025W,YJL167W,0,-4.583424,0.09683306515216827,0.9020000100135803,0.8413000106811523
YDL236W,YDL100C,0,-4.5834446,0.09682267159223557,0.9020000100135803,0.8414000272750854
YDR264C,YMR081C,0,-4.5837874,0.09681227803230286,0.9020000100135803,0.8414999842643738
YOL068C,YIR025W,1,-4.5839868,0.09690921008586884,0.902999997138977,0.8414999842643738
YNL330C,YOL072W,1,-4.584138,0.09700611978769302,0.9039999842643738,0.8414999842643738
YNL219C,YFL013C,0,-4.584156,0.09699571132659912,0.9039999842643738,0.8416000008583069
YML074C,YMR016C,0,-4.584826,0.09698530286550522,0.9039999842643738,0.84170001745224
YNL037C,YPL091W,0,-4.584838,0.09697489440441132,0.9039999842643738,0.8417999744415283
YBR173C,YDL093W,0,-4.5861773,0.09696449339389801,0.9039999842643738,0.8418999910354614
YDR364C,YGR170W,0,-4.586925,0.0969540998339653,0.9039999842643738,0.8420000076293945
YNL222W,YOR304W,0,-4.587265,0.096943698823452,0.9039999842643738,0.8421000242233276
YPR008W,YKR037C,0,-4.5874047,0.09693330526351929,0.9039999842643738,0.842199981212616
YLR417W,YCR065W,0,-4.5874305,0.09692291170358658,0.9039999842643738,0.8422999978065491
YHR175W,YPL053C,0,-4.587477,0.09691251814365387,0.9039999842643738,0.8424000144004822
YDL226C,YML127W,0,-4.5878997,0.09690213203430176,0.9039999842643738,0.8424999713897705
YJR083C,YMR030W,0,-4.58962,0.09689174592494965,0.9039999842643738,0.8425999879837036
YOR060C,YNR003C,0,-4.5898414,0.09688135981559753,0.9039999842643738,0.8427000045776367
YML021C,YKL110C,0,-4.5898757,0.09687098115682602,0.9039999842643738,0.8428000211715698
YGL043W,YNL330C,1,-4.5899487,0.09696774929761887,0.9049999713897705,0.8428000211715698
YGL133W,YGL210W,0,-4.5900106,0.09695736318826675,0.9049999713897705,0.8428999781608582
YPL239W,YOR279C,0,-4.5902467,0.09694697707891464,0.9049999713897705,0.8429999947547913
YDL056W,YMR288W,0,-4.590972,0.09693659096956253,0.9049999713897705,0.8431000113487244
YHR089C,YKR059W,0,-4.5910754,0.09692620486021042,0.9049999713897705,0.8432000279426575
YDL164C,YML062C,1,-4.591532,0.09702291339635849,0.906000018119812,0.8432000279426575
YNL139C,YLR418C,1,-4.5916533,0.09711960703134537,0.9070000052452087,0.8432000279426575
YNR001C,YML127W,0,-4.5917583,0.09710920602083206,0.9070000052452087,0.8432999849319458
YNL082W,YLR234W,1,-4.5918593,0.09720586985349655,0.9079999923706055,0.8432999849319458
YDR512C,YCL059C,0,-4.59231,0.09719546139240265,0.9079999923706055,0.8434000015258789
YJR053W,YGL251C,0,-4.5923295,0.09718506038188934,0.9079999923706055,0.843500018119812
YFL016C,YGR140W,0,-4.592526,0.09717465937137604,0.9079999923706055,0.8435999751091003
YOL060C,YPR030W,0,-4.5926876,0.09716425836086273,0.9079999923706055,0.8436999917030334
YHR129C,YPR111W,0,-4.5927587,0.09715386480093002,0.9079999923706055,0.8438000082969666
YOR117W,YGL070C,0,-4.5930696,0.09714347124099731,0.9079999923706055,0.8439000248908997
YDR284C,YLR051C,0,-4.593653,0.0971330776810646,0.9079999923706055,0.843999981880188
YIR009W,YOL067C,0,-4.593778,0.0971226841211319,0.9079999923706055,0.8440999984741211
YNL001W,YHR205W,0,-4.5939174,0.09711229801177979,0.9079999923706055,0.8442000150680542
YDR389W,YNL172W,0,-4.5939527,0.09710191190242767,0.9079999923706055,0.8442999720573425
YGR132C,YBR211C,0,-4.594107,0.09709153324365616,0.9079999923706055,0.8443999886512756
YPR070W,YJL011C,0,-4.594371,0.09708114713430405,0.9079999923706055,0.8445000052452087
YOL060C,YAR008W,0,-4.5945973,0.09707076847553253,0.9079999923706055,0.8446000218391418
YPR181C,YNL218W,0,-4.59502,0.09706039726734161,0.9079999923706055,0.8446999788284302
YDR325W,YKL034W,0,-4.595095,0.0970500186085701,0.9079999923706055,0.8447999954223633
YHR041C,YMR156C,0,-4.5951324,0.09703964740037918,0.9079999923706055,0.8449000120162964
YPL206C,YDR436W,0,-4.5960402,0.09702927619218826,0.9079999923706055,0.8450000286102295
YDR364C,YKL059C,0,-4.5969033,0.09701891243457794,0.9079999923706055,0.8450999855995178
YER068W,YGL022W,0,-4.5970454,0.09700854867696762,0.9079999923706055,0.8452000021934509
YDR436W,YER146W,0,-4.597568,0.0969981849193573,0.9079999923706055,0.845300018787384
YLR335W,YMR211W,0,-4.597778,0.09698782116174698,0.9079999923706055,0.8453999757766724
YMR054W,YLR442C,0,-4.5980716,0.09697746485471725,0.9079999923706055,0.8454999923706055
YOL068C,YOR033C,1,-4.598475,0.09707389771938324,0.9089999794960022,0.8454999923706055
YML098W,YHR158C,0,-4.598598,0.09706353396177292,0.9089999794960022,0.8456000089645386
YGR231C,YKL012W,0,-4.5987735,0.0970531702041626,0.9089999794960022,0.8457000255584717
YMR277W,YAL035W,0,-4.5987887,0.09704280644655228,0.9089999794960022,0.84579998254776
YNL273W,YNL161W,0,-4.598889,0.09703245013952255,0.9089999794960022,0.8458999991416931
YOR256C,YDR463W,0,-4.599235,0.09702209383249283,0.9089999794960022,0.8460000157356262
YGL053W,YHR106W,0,-4.5998025,0.0970117375254631,0.9089999794960022,0.8460999727249146
YOR272W,YMR135C,0,-4.600124,0.09700138866901398,0.9089999794960022,0.8461999893188477
YDR494W,YIL128W,0,-4.600131,0.09699103981256485,0.9089999794960022,0.8463000059127808
YPL112C,YHR031C,0,-4.6007,0.09698069095611572,0.9089999794960022,0.8464000225067139
YDL078C,YJL167W,0,-4.600826,0.0969703420996666,0.9089999794960022,0.8464999794960022
YMR243C,YOL021C,0,-4.600919,0.09696000069379807,0.9089999794960022,0.8465999960899353
YLR191W,YDR244W,0,-4.6010766,0.09694965928792953,0.9089999794960022,0.8467000126838684
YOL117W,YLR310C,0,-4.601093,0.096939317882061,0.9089999794960022,0.8468000292778015
YKL129C,YGL078C,0,-4.601555,0.09692898392677307,0.9089999794960022,0.8468999862670898
YDL164C,YDR110W,1,-4.60171,0.09702526777982712,0.9100000262260437,0.8468999862670898
YGR063C,YER112W,0,-4.6022134,0.09701492637395859,0.9100000262260437,0.847000002861023
YPR070W,YBR049C,0,-4.6023526,0.09700458496809006,0.9100000262260437,0.847100019454956
YOR194C,YDR212W,0,-4.60239,0.09699424356222153,0.9100000262260437,0.8471999764442444
YBR199W,YLR371W,0,-4.6024604,0.0969839096069336,0.9100000262260437,0.8472999930381775
YGR171C,YPL040C,0,-4.6025033,0.09697357565164566,0.9100000262260437,0.8474000096321106
YML112W,YCR008W,0,-4.6025453,0.09696324169635773,0.9100000262260437,0.8475000262260437
YOL009C,YLR240W,0,-4.602634,0.0969529077410698,0.9100000262260437,0.847599983215332
YLR277C,YGL066W,0,-4.60267,0.09694258123636246,0.9100000262260437,0.8476999998092651
YIL075C,YGR029W,0,-4.602835,0.09693225473165512,0.9100000262260437,0.8478000164031982
YOR033C,YOL072W,1,-4.6030755,0.09702843427658081,0.9110000133514404,0.8478000164031982
YCL052C,YKL149C,0,-4.603126,0.09701810777187347,0.9110000133514404,0.8478999733924866
YMR243C,YDR093W,0,-4.6034474,0.09700777381658554,0.9110000133514404,0.8479999899864197
YBR098W,YJR021C,1,-4.604069,0.09710391610860825,0.9120000004768372,0.8479999899864197
YLR115W,YOR058C,0,-4.6041355,0.09709358215332031,0.9120000004768372,0.8481000065803528
YLR047C,YDR422C,0,-4.6042757,0.09708324819803238,0.9120000004768372,0.8482000231742859
YBL046W,YFR009W,0,-4.6044135,0.09707291424274445,0.9120000004768372,0.8482999801635742
YLR298C,YCR053W,0,-4.604914,0.09706258028745651,0.9120000004768372,0.8483999967575073
YDR083W,YKL026C,0,-4.605492,0.09705225378274918,0.9120000004768372,0.8485000133514404
YIL042C,YBR290W,0,-4.6055436,0.09704192727804184,0.9120000004768372,0.8485999703407288
YCL051W,YDR075W,0,-4.605944,0.0970316007733345,0.9120000004768372,0.8486999869346619
YGL126W,YAL016W,0,-4.6065946,0.09702127426862717,0.9120000004768372,0.848800003528595
YBR272C,YOR026W,0,-4.606791,0.09701095521450043,0.9120000004768372,0.8489000201225281
YGL065C,YIL147C,0,-4.607418,0.09700063616037369,0.9120000004768372,0.8489999771118164
YKL009W,YIL124W,0,-4.6079874,0.09699032455682755,0.9120000004768372,0.8490999937057495
YPL055C,YOR319W,0,-4.6084843,0.0969800055027008,0.9120000004768372,0.8492000102996826
YOR346W,YJR068W,0,-4.6085753,0.09696969389915466,0.9120000004768372,0.8493000268936157
YOR132W,YNL173C,0,-4.6086326,0.09695938974618912,0.9120000004768372,0.849399983882904
YEL026W,YGR112W,0,-4.6094394,0.09694907814264297,0.9120000004768372,0.8495000004768372
YCR091W,YNL055C,0,-4.609946,0.09693877398967743,0.9120000004768372,0.8496000170707703
YGR030C,YGL071W,0,-4.610061,0.09692846983671188,0.9120000004768372,0.8496999740600586
YAL051W,YKL022C,0,-4.6101594,0.09691817313432693,0.9120000004768372,0.8497999906539917
YLR298C,YMR211W,0,-4.610245,0.09690787643194199,0.9120000004768372,0.8499000072479248
YJR131W,YGR007W,0,-4.610264,0.09689757972955704,0.9120000004768372,0.8500000238418579
YOL100W,YIL084C,0,-4.610281,0.09688728302717209,0.9120000004768372,0.8500999808311462
YDL245C,YMR197C,0,-4.610316,0.09687699377536774,0.9120000004768372,0.8501999974250793
YGR077C,YLR450W,0,-4.6107287,0.09686670452356339,0.9120000004768372,0.8503000140190125
YML129C,YFL021W,0,-4.6115956,0.09685641527175903,0.9120000004768372,0.8503999710083008
YJL090C,YPL194W,1,-4.611836,0.09695231914520264,0.9129999876022339,0.8503999710083008
YGR171C,YGR007W,0,-4.611944,0.09694202244281769,0.9129999876022339,0.8504999876022339
YNL012W,YLR361C,0,-4.6127887,0.09693173319101334,0.9129999876022339,0.850600004196167
YDL078C,YNR013C,0,-4.6129327,0.09692144393920898,0.9129999876022339,0.8507000207901001
YPL160W,YPL087W,0,-4.612993,0.09691115468740463,0.9129999876022339,0.8507999777793884
YPL045W,YMR216C,0,-4.6134076,0.09690087288618088,0.9129999876022339,0.8508999943733215
YNL244C,YOL016C,0,-4.614118,0.09689058363437653,0.9129999876022339,0.8510000109672546
YFR013W,YDR176W,0,-4.614289,0.09688030928373337,0.9129999876022339,0.8511000275611877
YLL022C,YGL066W,0,-4.615299,0.09687002748250961,0.9129999876022339,0.8511999845504761
YJL029C,YDR151C,0,-4.615498,0.09685975313186646,0.9129999876022339,0.8513000011444092
YOL027C,YDR331W,0,-4.61576,0.0968494713306427,0.9129999876022339,0.8514000177383423
YFR033C,YAL035W,0,-4.6159015,0.09683920443058014,0.9129999876022339,0.8514999747276306
YJL033W,YOR039W,0,-4.615915,0.09682893007993698,0.9129999876022339,0.8515999913215637
YGR132C,YOL016C,0,-4.6159344,0.09681866317987442,0.9129999876022339,0.8517000079154968
YBR035C,YMR208W,0,-4.616011,0.09680839627981186,0.9129999876022339,0.8518000245094299
YLR335W,YIL147C,0,-4.616051,0.0967981368303299,0.9129999876022339,0.8518999814987183
YKL190W,YGL206C,0,-4.6161094,0.09678786993026733,0.9129999876022339,0.8519999980926514
YGR227W,YLR047C,0,-4.6167736,0.09677761048078537,0.9129999876022339,0.8521000146865845
YCR014C,YIL126W,0,-4.616942,0.096767358481884,0.9129999876022339,0.8521999716758728
YOL011W,YPL244C,0,-4.6169496,0.09675709903240204,0.9129999876022339,0.8522999882698059
YDL120W,YIL154C,0,-4.617411,0.09674684703350067,0.9129999876022339,0.852400004863739
YPL262W,YLR085C,0,-4.6174417,0.0967365950345993,0.9129999876022339,0.8525000214576721
YAL055W,YJL048C,0,-4.6175265,0.09672635048627853,0.9129999876022339,0.8525999784469604
YCR083W,YFR050C,0,-4.6175513,0.09671609848737717,0.9129999876022339,0.8526999950408936
YNL082W,YGL043W,1,-4.617786,0.09681177884340286,0.9139999747276306,0.8526999950408936
YOR193W,YOL012C,0,-4.6180353,0.0968015268445015,0.9139999747276306,0.8528000116348267
YOR149C,YCL052C,0,-4.618397,0.09679127484560013,0.9139999747276306,0.8529000282287598
YLR291C,YPL206C,0,-4.618939,0.09678102284669876,0.9139999747276306,0.8529999852180481
YPR018W,YJL065C,0,-4.619068,0.09677077829837799,0.9139999747276306,0.8531000018119812
YNL103W,YIL159W,0,-4.619454,0.09676053375005722,0.9139999747276306,0.8532000184059143
YIL046W,YPL221W,0,-4.6198125,0.09675028920173645,0.9139999747276306,0.8532999753952026
YNL161W,YLR248W,0,-4.6200113,0.09674005210399628,0.9139999747276306,0.8533999919891357
YGL112C,YDR394W,0,-4.6202884,0.0967298150062561,0.9139999747276306,0.8535000085830688
YIL124W,YKR026C,0,-4.620606,0.09671957790851593,0.9139999747276306,0.853600025177002
YLR138W,YAL033W,0,-4.6208,0.09670934081077576,0.9139999747276306,0.8536999821662903
YDL154W,YDR289C,1,-4.6209226,0.0968049094080925,0.9150000214576721,0.8536999821662903
YJL035C,YIL079C,0,-4.6210985,0.09679466485977173,0.9150000214576721,0.8537999987602234
YKL025C,YLR182W,0,-4.6214604,0.09678442776203156,0.9150000214576721,0.8539000153541565
YBR057C,YBR060C,0,-4.6217647,0.09677419066429138,0.9150000214576721,0.8539999723434448
YBL041W,YPR054W,0,-4.6218386,0.0967639610171318,0.9150000214576721,0.8540999889373779
YDR362C,YLR130C,0,-4.6219354,0.09675372391939163,0.9150000214576721,0.854200005531311
YMR065W,YPR100W,0,-4.622087,0.09674349427223206,0.9150000214576721,0.8543000221252441
YKL040C,YFL021W,0,-4.6223807,0.09673327207565308,0.9150000214576721,0.8543999791145325
YML062C,YDR110W,1,-4.6225495,0.09682875126600266,0.9160000085830688,0.8543999791145325
YJL139C,YJR044C,0,-4.6225495,0.09681852161884308,0.9160000085830688,0.8544999957084656
YPL069C,YCR094W,0,-4.6226306,0.0968082845211029,0.9160000085830688,0.8546000123023987
YGR183C,YBR035C,0,-4.622724,0.09679805487394333,0.9160000085830688,0.8547000288963318
YNL119W,YJR090C,0,-4.6235347,0.09678782522678375,0.9160000085830688,0.8547999858856201
YNL283C,YKL034W,0,-4.623818,0.09677760303020477,0.9160000085830688,0.8549000024795532
YCR048W,YDR414C,0,-4.62397,0.0967673808336258,0.9160000085830688,0.8550000190734863
YNL088W,YOR033C,1,-4.6241865,0.0968627855181694,0.9169999957084656,0.8550000190734863
YGL167C,YOL064C,0,-4.6242433,0.09685255587100983,0.9169999957084656,0.8550999760627747
YOR201C,YDR288W,0,-4.6254315,0.09684232622385025,0.9169999957084656,0.8551999926567078
YPL089C,YNL121C,0,-4.626226,0.09683210402727127,0.9169999957084656,0.8553000092506409
YKR067W,YBL102W,0,-4.6272073,0.0968218743801117,0.9169999957084656,0.855400025844574
YLR200W,YER159C,0,-4.6274514,0.09681165218353271,0.9169999957084656,0.8554999828338623
YPL069C,YPR072W,0,-4.627972,0.09680143743753433,0.9169999957084656,0.8555999994277954
YPR108W,YEL063C,0,-4.6279984,0.09679121524095535,0.9169999957084656,0.8557000160217285
YDL043C,YDL028C,0,-4.6285114,0.09678100049495697,0.9169999957084656,0.8557999730110168
YFR028C,YMR021C,0,-4.6289277,0.09677078574895859,0.9169999957084656,0.85589998960495
YGR089W,YDR166C,0,-4.6291165,0.0967605784535408,0.9169999957084656,0.8560000061988831
YNL268W,YDL080C,0,-4.630133,0.09675037115812302,0.9169999957084656,0.8561000227928162
YGL120C,YLL022C,0,-4.630159,0.09674016386270523,0.9169999957084656,0.8561999797821045
YER031C,YFR050C,0,-4.630179,0.09672995656728745,0.9169999957084656,0.8562999963760376
YPL075W,YFL033C,0,-4.6311517,0.09671975672245026,0.9169999957084656,0.8564000129699707
YOL066C,YBR207W,0,-4.631418,0.09670955687761307,0.9169999957084656,0.8565000295639038
YNL119W,YGL136C,0,-4.6316032,0.09669935703277588,0.9169999957084656,0.8565999865531921
YDR484W,YDR201W,0,-4.63213,0.09668915718793869,0.9169999957084656,0.8567000031471252
YPL262W,YBR272C,0,-4.632144,0.0966789647936821,0.9169999957084656,0.8568000197410583
YDR280W,YLR369W,0,-4.6323485,0.0966687723994255,0.9169999957084656,0.8568999767303467
YBL007C,YER112W,0,-4.632461,0.09665858745574951,0.9169999957084656,0.8569999933242798
YER146W,YNL302C,0,-4.632499,0.09664839506149292,0.9169999957084656,0.8571000099182129
YER022W,YDR005C,0,-4.633058,0.09663821011781693,0.9169999957084656,0.857200026512146
YNL312W,YDR386W,1,-4.6331162,0.09673340618610382,0.9179999828338623,0.857200026512146
YDR087C,YKL114C,0,-4.633231,0.09672321379184723,0.9179999828338623,0.8572999835014343
YOL147C,YPR128C,0,-4.6332603,0.09671302139759064,0.9179999828338623,0.8574000000953674
YDL052C,YGR083C,0,-4.633509,0.09670283645391464,0.9179999828338623,0.8575000166893005
YBR119W,YPR037C,0,-4.6335273,0.09669265151023865,0.9179999828338623,0.8575999736785889
YKL101W,YER155C,0,-4.63405,0.09668246656656265,0.9179999828338623,0.857699990272522
YNL290W,YOR290C,0,-4.634078,0.09667228162288666,0.9179999828338623,0.8578000068664551
YMR006C,YMR188C,0,-4.634546,0.09666210412979126,0.9179999828338623,0.8579000234603882
YPL110C,YKL085W,0,-4.634584,0.09665192663669586,0.9179999828338623,0.8579999804496765
YBR135W,YCR048W,0,-4.6346374,0.09664174914360046,0.9179999828338623,0.8580999970436096
YDR017C,YKL190W,0,-4.634746,0.09663157910108566,0.9179999828338623,0.8582000136375427
YKR022C,YBR179C,0,-4.6348567,0.09662140905857086,0.9179999828338623,0.858299970626831
YJL063C,YDR377W,0,-4.6356997,0.09661123901605606,0.9179999828338623,0.8583999872207642
YGR191W,YKL018W,0,-4.636043,0.09660107642412186,0.9179999828338623,0.8585000038146973
YKL194C,YML014W,0,-4.636076,0.09659090638160706,0.9179999828338623,0.8586000204086304
YGL006W,YGL136C,0,-4.63611,0.09658074378967285,0.9179999828338623,0.8586999773979187
YDR113C,YOR144C,1,-4.6364503,0.09667578339576721,0.9190000295639038,0.8586999773979187
YOR224C,YBL002W,0,-4.6366286,0.09666561335325241,0.9190000295639038,0.8587999939918518
YFR028C,YDR052C,0,-4.6367593,0.0966554507613182,0.9190000295639038,0.8589000105857849
YJL111W,YJR052W,0,-4.6369395,0.0966452807188034,0.9190000295639038,0.859000027179718
YAL029C,YBR073W,1,-4.6370783,0.09674027562141418,0.9200000166893005,0.859000027179718
YKL188C,YGR048W,0,-4.6374598,0.09673010557889938,0.9200000166893005,0.8590999841690063
YLR450W,YKL008C,0,-4.6376853,0.09671993553638458,0.9200000166893005,0.8592000007629395
YMR298W,YEL066W,0,-4.637693,0.09670976549386978,0.9200000166893005,0.8593000173568726
YIL049W,YDR166C,0,-4.637961,0.09669960290193558,0.9200000166893005,0.8593999743461609
YNL154C,YOR078W,0,-4.6380744,0.09668944031000137,0.9200000166893005,0.859499990940094
YBL056W,YLL036C,0,-4.638162,0.09667927771806717,0.9200000166893005,0.8596000075340271
YLR133W,YKL146W,0,-4.6383634,0.09666911512613297,0.9200000166893005,0.8597000241279602
YPR075C,YMR076C,0,-4.6385655,0.09665895998477936,0.9200000166893005,0.8597999811172485
YLL015W,YLR248W,0,-4.6386676,0.09664880484342575,0.9200000166893005,0.8598999977111816
YER068W,YDR310C,0,-4.638945,0.09663865715265274,0.9200000166893005,0.8600000143051147
YBL047C,YPL178W,0,-4.6392694,0.09662850201129913,0.9200000166893005,0.8600999712944031
YBL056W,YNL166C,0,-4.639606,0.09661835432052612,0.9200000166893005,0.8601999878883362
YHR091C,YPR072W,0,-4.639978,0.09660821408033371,0.9200000166893005,0.8603000044822693
YGL210W,YDR101C,0,-4.640038,0.0965980663895607,0.9200000166893005,0.8604000210762024
YOR120W,YOR245C,0,-4.640701,0.09658792614936829,0.9200000166893005,0.8604999780654907
YPR023C,YGR162W,0,-4.641049,0.09657778590917587,0.9200000166893005,0.8605999946594238
YBL088C,YNL088W,1,-4.641378,0.09667261689901352,0.9210000038146973,0.8605999946594238
YNL231C,YCR002C,0,-4.64162,0.09666246920824051,0.9210000038146973,0.8607000112533569
YDR081C,YGR024C,0,-4.6417484,0.0966523215174675,0.9210000038146973,0.86080002784729
YKL045W,YOR194C,0,-4.6419506,0.09664218127727509,0.9210000038146973,0.8608999848365784
YGR158C,YLR052W,0,-4.6422315,0.09663204103708267,0.9210000038146973,0.8610000014305115
YGL173C,YPR009W,0,-4.643864,0.09662190824747086,0.9210000038146973,0.8611000180244446
YHR027C,YJL011C,0,-4.6439204,0.09661176800727844,0.9210000038146973,0.8611999750137329
YBL102W,YDR464W,0,-4.644178,0.09660163521766663,0.9210000038146973,0.861299991607666
YEL063C,YGL003C,0,-4.6441817,0.09659150242805481,0.9210000038146973,0.8614000082015991
YEL027W,YEL013W,0,-4.6442313,0.09658137708902359,0.9210000038146973,0.8615000247955322
YKL148C,YDL148C,0,-4.6444087,0.09657125174999237,0.9210000038146973,0.8615999817848206
YDL028C,YCR052W,0,-4.644565,0.09656112641096115,0.9210000038146973,0.8616999983787537
YBR132C,YGR078C,0,-4.6450477,0.09655100107192993,0.9210000038146973,0.8618000149726868
YML001W,YLR096W,0,-4.6451383,0.09654088318347931,0.9210000038146973,0.8618999719619751
YHR135C,YLR248W,0,-4.6455054,0.09653076529502869,0.9210000038146973,0.8619999885559082
YNL330C,YML062C,1,-4.6456914,0.0966254472732544,0.921999990940094,0.8619999885559082
YAL029C,YPL164C,1,-4.6458,0.09672010689973831,0.9229999780654907,0.8619999885559082
YNL149C,YML021C,0,-4.6460567,0.0967099741101265,0.9229999780654907,0.8621000051498413
YKL007W,YLR220W,0,-4.6462693,0.09669984132051468,0.9229999780654907,0.8622000217437744
YGL244W,YBR127C,0,-4.646314,0.09668971598148346,0.9229999780654907,0.8622999787330627
YNL326C,YLR015W,0,-4.646342,0.09667958319187164,0.9229999780654907,0.8623999953269958
YMR179W,YMR016C,0,-4.646502,0.09666945785284042,0.9229999780654907,0.862500011920929
YPR111W,YPL206C,0,-4.647227,0.0966593325138092,0.9229999780654907,0.8626000285148621
YBR098W,YBL088C,1,-4.6476808,0.09675392508506775,0.9240000247955322,0.8626000285148621
YDR446W,YPL121C,1,-4.6483436,0.0968484953045845,0.925000011920929,0.8626000285148621
YLL031C,YMR067C,0,-4.6484046,0.09683835506439209,0.925000011920929,0.8626999855041504
YGL167C,YOL147C,0,-4.648555,0.09682822227478027,0.925000011920929,0.8628000020980835
YGL006W,YIL124W,0,-4.6491237,0.09681808948516846,0.925000011920929,0.8629000186920166
YOL027C,YBR119W,0,-4.6493154,0.09680795669555664,0.925000011920929,0.8629999756813049
YNL268W,YER167W,0,-4.6499104,0.09679782390594482,0.925000011920929,0.863099992275238
YPL161C,YDR088C,0,-4.649914,0.0967876985669136,0.925000011920929,0.8632000088691711
YPR161C,YDL028C,0,-4.6500697,0.09677756577730179,0.925000011920929,0.8633000254631042
YEL012W,YML014W,0,-4.650168,0.09676744788885117,0.925000011920929,0.8633999824523926
YDR179C,YGL113W,0,-4.650579,0.09675732254981995,0.925000011920929,0.8634999990463257
YDR167W,YGR191W,0,-4.6506705,0.09674720466136932,0.925000011920929,0.8636000156402588
YML129C,YDR356W,0,-4.6507077,0.0967370867729187,0.925000011920929,0.8636999726295471
YNL268W,YER088C,0,-4.6509914,0.09672696888446808,0.925000011920929,0.8637999892234802
YLL031C,YHR085W,0,-4.6514926,0.09671685844659805,0.925000011920929,0.8639000058174133
YOL088C,YML115C,0,-4.6515994,0.09670674055814743,0.925000011920929,0.8640000224113464
YPL255W,YFL049W,0,-4.651698,0.096696637570858,0.925000011920929,0.8640999794006348
YDR200C,YJL209W,0,-4.6527915,0.09668652713298798,0.925000011920929,0.8641999959945679
YCR028C,YLR007W,0,-4.6529555,0.09667642414569855,0.925000011920929,0.864300012588501
YOL068C,YDR110W,1,-4.6531663,0.09677082300186157,0.9259999990463257,0.864300012588501
YER177W,YHR158C,0,-4.6533933,0.09676071256399155,0.9259999990463257,0.8644000291824341
YOR094W,YPL119C,0,-4.6534677,0.09675060212612152,0.9259999990463257,0.8644999861717224
YDL188C,YPL002C,0,-4.653705,0.0967404916882515,0.9259999990463257,0.8646000027656555
YFR009W,YOR116C,0,-4.654301,0.09673038870096207,0.9259999990463257,0.8647000193595886
YJL186W,YBR112C,0,-4.6546845,0.09672028571367264,0.9259999990463257,0.864799976348877
YGL019W,YPR082C,0,-4.6551538,0.09671018272638321,0.9259999990463257,0.8648999929428101
YBR199W,YHR008C,0,-4.6559205,0.09670008718967438,0.9259999990463257,0.8650000095367432
YOR140W,YHR027C,0,-4.6559844,0.09668998420238495,0.9259999990463257,0.8651000261306763
YDR404C,YPL002C,0,-4.6574383,0.09667988866567612,0.9259999990463257,0.8651999831199646
YPR101W,YKL016C,0,-4.6577106,0.09666980057954788,0.9259999990463257,0.8652999997138977
YBR276C,YDL134C,0,-4.657972,0.09665970504283905,0.9259999990463257,0.8654000163078308
YKR028W,YBR106W,0,-4.657987,0.09664961695671082,0.9259999990463257,0.8654999732971191
YML057W,YOL116W,0,-4.658334,0.09663952887058258,0.9259999990463257,0.8655999898910522
YLR363C,YGL133W,0,-4.6584077,0.09662944823503494,0.9259999990463257,0.8657000064849854
YPL178W,YKR037C,0,-4.658565,0.0966193675994873,0.9259999990463257,0.8658000230789185
YDR478W,YGR024C,0,-4.6586356,0.09660928696393967,0.9259999990463257,0.8658999800682068
YGR202C,YJL128C,0,-4.6588473,0.09659920632839203,0.9259999990463257,0.8659999966621399
YBR172C,YGR024C,0,-4.6594186,0.09658913314342499,0.9259999990463257,0.866100013256073
YER147C,YML062C,1,-4.6597586,0.09668335318565369,0.9269999861717224,0.866100013256073
YBL005W,YDL111C,0,-4.659921,0.09667327255010605,0.9269999861717224,0.8661999702453613
YGR116W,YJL207C,0,-4.661143,0.09666319191455841,0.9269999861717224,0.8662999868392944
YDR461W,YGL232W,0,-4.661339,0.09665311127901077,0.9269999861717224,0.8664000034332275
YCL024W,YDL004W,0,-4.6614084,0.09664303809404373,0.9269999861717224,0.8665000200271606
YMR137C,YGR003W,0,-4.6616817,0.09663296490907669,0.9269999861717224,0.866599977016449
YMR204C,YLR135W,0,-4.6616845,0.09662289172410965,0.9269999861717224,0.8666999936103821
YDR421W,YDR231C,0,-4.6617446,0.09661281853914261,0.9269999861717224,0.8668000102043152
YFL013C,YPL087W,0,-4.6618376,0.09660275280475616,0.9269999861717224,0.8669000267982483
YDR180W,YOL006C,1,-4.661945,0.0966968834400177,0.9279999732971191,0.8669000267982483
YNL207W,YGR112W,0,-4.662018,0.09668681025505066,0.9279999732971191,0.8669999837875366
YNL048W,YLL006W,0,-4.6620345,0.09667673707008362,0.9279999732971191,0.8671000003814697
YDR289C,YDR110W,1,-4.662084,0.09677083045244217,0.9290000200271606,0.8671000003814697
YPL227C,YDR361C,0,-4.662147,0.09676075726747513,0.9290000200271606,0.8672000169754028
YLR272C,YPL177C,0,-4.662481,0.09675067663192749,0.9290000200271606,0.8672999739646912
YOL113W,YER022W,0,-4.662757,0.09674060344696045,0.9290000200271606,0.8673999905586243
YDR341C,YPL057C,0,-4.66309,0.09673053026199341,0.9290000200271606,0.8675000071525574
YDL056W,YDL102W,0,-4.6632943,0.09672045707702637,0.9290000200271606,0.8676000237464905
YKL054C,YDL015C,0,-4.6640973,0.09671039134263992,0.9290000200271606,0.8676999807357788
YCR094W,YCL004W,0,-4.6643906,0.09670032560825348,0.9290000200271606,0.8677999973297119
YJL210W,YNL121C,0,-4.6646233,0.09669025987386703,0.9290000200271606,0.867900013923645
YAL016W,YJR050W,0,-4.664726,0.09668019413948059,0.9290000200271606,0.8679999709129333
YOL112W,YPL213W,0,-4.6652894,0.09667013585567474,0.9290000200271606,0.8680999875068665
YKL148C,YJL008C,0,-4.665561,0.0966600775718689,0.9290000200271606,0.8682000041007996
YMR184W,YJR017C,0,-4.6656384,0.09665001928806305,0.9290000200271606,0.8683000206947327
YER119C,YGL174W,0,-4.6661286,0.0966399684548378,0.9290000200271606,0.868399977684021
YOR144C,YNL088W,1,-4.666425,0.0967339277267456,0.9300000071525574,0.868399977684021
YLR186W,YNL156C,0,-4.666476,0.09672386944293976,0.9300000071525574,0.8684999942779541
YDR489W,YNL177C,0,-4.6668315,0.09671381115913391,0.9300000071525574,0.8686000108718872
YHR001W,YER109C,0,-4.6670337,0.09670375287532806,0.9300000071525574,0.8687000274658203
YCR037C,YDR409W,0,-4.66767,0.09669370204210281,0.9300000071525574,0.8687999844551086
YAL051W,YIR037W,0,-4.667941,0.09668364375829697,0.9300000071525574,0.8689000010490417
YER016W,YOR239W,0,-4.6680846,0.09667360037565231,0.9300000071525574,0.8690000176429749
YGL112C,YHR062C,0,-4.66909,0.09666354954242706,0.9300000071525574,0.8690999746322632
YML023C,YLR033W,0,-4.6693563,0.09665349870920181,0.9300000071525574,0.8691999912261963
YKL165C,YML019W,0,-4.66965,0.09664345532655716,0.9300000071525574,0.8693000078201294
YOR245C,YMR213W,0,-4.671,0.0966334193944931,0.9300000071525574,0.8694000244140625
YBR168W,YKR083C,0,-4.6711,0.09662337601184845,0.9300000071525574,0.8694999814033508
YOR067C,YOR129C,0,-4.6716456,0.0966133400797844,0.9300000071525574,0.8695999979972839
YFL009W,YFR033C,0,-4.671656,0.09660330414772034,0.9300000071525574,0.869700014591217
YLR459W,YDR265W,0,-4.6719084,0.09659326821565628,0.9300000071525574,0.8697999715805054
YLR043C,YHR001W,0,-4.6731467,0.09658323973417282,0.9300000071525574,0.8698999881744385
YPL029W,YMR059W,0,-4.6733637,0.09657321125268936,0.9300000071525574,0.8700000047683716
YGL163C,YPL164C,1,-4.673434,0.09666701406240463,0.9309999942779541,0.8700000047683716
YIR025W,YNL330C,1,-4.673696,0.09676079452037811,0.9319999814033508,0.8700000047683716
YDR096W,YOR279C,0,-4.6739807,0.09675075113773346,0.9319999814033508,0.8701000213623047
YBR161W,YBL008W,0,-4.6741858,0.0967407077550888,0.9319999814033508,0.870199978351593
YGL119W,YML074C,0,-4.67462,0.09673067182302475,0.9319999814033508,0.8702999949455261
YPR068C,YDL028C,0,-4.6747427,0.0967206284403801,0.9319999814033508,0.8704000115394592
YBR073W,YER173W,1,-4.6747813,0.09681436419487,0.9330000281333923,0.8704000115394592
YJL112W,YNL166C,0,-4.675388,0.09680431336164474,0.9330000281333923,0.8705000281333923
YIR025W,YLR234W,1,-4.675427,0.09689801931381226,0.9340000152587891,0.8705000281333923
YGR227W,YBL025W,0,-4.675663,0.096887968480587,0.9340000152587891,0.8705999851226807
YMR243C,YGR112W,0,-4.6761584,0.09687791764736176,0.9340000152587891,0.8707000017166138
YCL016C,YPL029W,0,-4.6764836,0.0968678668141365,0.9340000152587891,0.8708000183105469
YML041C,YOL122C,0,-4.6767745,0.09685782343149185,0.9340000152587891,0.8708999752998352
YPR104C,YBR273C,0,-4.6772413,0.0968477800488472,0.9340000152587891,0.8709999918937683
YLR226W,YDL175C,0,-4.677496,0.09683773666620255,0.9340000152587891,0.8711000084877014
YGR278W,YLR020C,0,-4.6778226,0.09682770073413849,0.9340000152587891,0.8712000250816345
YER143W,YIL147C,0,-4.6782503,0.09681766480207443,0.9340000152587891,0.8712999820709229
YOL090W,YNL088W,1,-4.6787915,0.09691127389669418,0.9350000023841858,0.8712999820709229
YKL025C,YLL003W,0,-4.679025,0.09690123051404953,0.9350000023841858,0.871399998664856
YER149C,YKR002W,0,-4.67933,0.09689119458198547,0.9350000023841858,0.8715000152587891
YMR224C,YNL330C,1,-4.6796,0.09698476642370224,0.9359999895095825,0.8715000152587891
YIL075C,YPL002C,0,-4.679653,0.09697472304105759,0.9359999895095825,0.8715999722480774
YMR026C,YPR054W,0,-4.6796856,0.09696467220783234,0.9359999895095825,0.8716999888420105
YDR284C,YPL026C,0,-4.680207,0.09695462882518768,0.9359999895095825,0.8718000054359436
YGR169C,YOR149C,0,-4.680343,0.09694458544254303,0.9359999895095825,0.8719000220298767
YMR234W,YHR191C,0,-4.680577,0.09693454951047897,0.9359999895095825,0.871999979019165
YDR341C,YFL033C,0,-4.6820626,0.09692451357841492,0.9359999895095825,0.8720999956130981
YDL155W,YBR112C,0,-4.682314,0.09691447764635086,0.9359999895095825,0.8722000122070312
YDR168W,YNL214W,0,-4.6826234,0.0969044417142868,0.9359999895095825,0.8723000288009644
YDR276C,YFR037C,0,-4.6828804,0.09689441323280334,0.9359999895095825,0.8723999857902527
YLR182W,YNL288W,0,-4.6833024,0.09688437730073929,0.9359999895095825,0.8725000023841858
YOR144C,YER104W,1,-4.683927,0.0969778522849083,0.9369999766349792,0.8725000023841858
YNL246W,YDL226C,0,-4.6842017,0.09696781635284424,0.9369999766349792,0.8726000189781189
YNL082W,YML095C,1,-4.6844783,0.09706126153469086,0.9380000233650208,0.8726000189781189
YOR069W,YER161C,0,-4.684582,0.0970512181520462,0.9380000233650208,0.8726999759674072
YKL074C,YJL179W,0,-4.684601,0.09704117476940155,0.9380000233650208,0.8727999925613403
YOL004W,YOR304W,0,-4.6850295,0.0970311388373375,0.9380000233650208,0.8729000091552734
YLR201C,YBR155W,0,-4.6850705,0.09702110290527344,0.9380000233650208,0.8730000257492065
YER104W,YDR110W,1,-4.685455,0.09711448848247528,0.9390000104904175,0.8730000257492065
YLR186W,YEL012W,0,-4.6857924,0.09710444509983063,0.9390000104904175,0.8730999827384949
YHR148W,YJR069C,0,-4.686856,0.09709440916776657,0.9390000104904175,0.873199999332428
YGR002C,YML058W,0,-4.6869235,0.09708436578512192,0.9390000104904175,0.8733000159263611
YPL121C,YMR133W,1,-4.6870623,0.09717771410942078,0.9399999976158142,0.8733000159263611
YLR459W,YDR121W,0,-4.6874833,0.09716766327619553,0.9399999976158142,0.8733999729156494
YGL119W,YMR188C,0,-4.688217,0.09715761989355087,0.9399999976158142,0.8734999895095825
YPL055C,YDL080C,0,-4.688358,0.09714758396148682,0.9399999976158142,0.8736000061035156
YER075C,YMR127C,0,-4.6886897,0.09713754057884216,0.9399999976158142,0.8737000226974487
YGR132C,YCR052W,0,-4.6888776,0.0971275046467781,0.9399999976158142,0.8737999796867371
YDL113C,YMR053C,0,-4.6892166,0.09711746871471405,0.9399999976158142,0.8738999962806702
YOR149C,YKL085W,0,-4.6894875,0.09710744023323059,0.9399999976158142,0.8740000128746033
YHL034C,YBR265W,0,-4.689684,0.09709740430116653,0.9399999976158142,0.8741000294685364
YOR172W,YAL035W,0,-4.689707,0.09708737581968307,0.9399999976158142,0.8741999864578247
YNR023W,YMR054W,0,-4.6898465,0.09707735478878021,0.9399999976158142,0.8743000030517578
YDR251W,YPL110C,0,-4.69027,0.09706732630729675,0.9399999976158142,0.8744000196456909
YJR050W,YGL155W,0,-4.691152,0.09705730527639389,0.9399999976158142,0.8744999766349792
YBR010W,YLL036C,0,-4.691791,0.09704728424549103,0.9399999976158142,0.8745999932289124
YOL149W,YEL051W,0,-4.6922135,0.09703726321458817,0.9399999976158142,0.8747000098228455
YER031C,YMR156C,0,-4.6931567,0.0970272496342659,0.9399999976158142,0.8748000264167786
YBR168W,YLR007W,0,-4.693315,0.09701723605394363,0.9399999976158142,0.8748999834060669
YDR276C,YDL081C,0,-4.6935053,0.09700722247362137,0.9399999976158142,0.875
YOR127W,YGR247W,0,-4.6937637,0.0969972163438797,0.9399999976158142,0.8751000165939331
YGL006W,YJR002W,0,-4.6941395,0.09698720276355743,0.9399999976158142,0.8751999735832214
YBR030W,YLL001W,0,-4.694239,0.09697719663381577,0.9399999976158142,0.8752999901771545
YOL068C,YPL164C,1,-4.6945176,0.0970703512430191,0.9409999847412109,0.8752999901771545
YBL007C,YPL020C,0,-4.6946197,0.09706033766269684,0.9409999847412109,0.8754000067710876
YMR080C,YGL227W,0,-4.694811,0.09705033153295517,0.9409999847412109,0.8755000233650208
YJR076C,YOR290C,0,-4.695644,0.0970403254032135,0.9409999847412109,0.8755999803543091
YGR116W,YNR008W,0,-4.6957207,0.09703031182289124,0.9409999847412109,0.8756999969482422
YKR020W,YGL168W,0,-4.696861,0.09702031314373016,0.9409999847412109,0.8758000135421753
YLR115W,YFR004W,0,-4.699201,0.0970103070139885,0.9409999847412109,0.8758999705314636
YJL063C,YDR400W,0,-4.6992164,0.09700030833482742,0.9409999847412109,0.8759999871253967
YBR193C,YIL159W,0,-4.6997285,0.09699030965566635,0.9409999847412109,0.8761000037193298
YDR037W,YIL125W,0,-4.6998205,0.09698031842708588,0.9409999847412109,0.8762000203132629
YDL143W,YGL171W,0,-4.7002206,0.0969703197479248,0.9409999847412109,0.8762999773025513
YOR371C,YNL103W,0,-4.7003155,0.09696032851934433,0.9409999847412109,0.8763999938964844
YER159C,YIL065C,0,-4.7015862,0.09695033729076385,0.9409999847412109,0.8765000104904175
YHR069C,YOR269W,0,-4.7016587,0.09694035351276398,0.9409999847412109,0.8766000270843506
YDR172W,YCR027C,0,-4.702763,0.0969303697347641,0.9409999847412109,0.8766999840736389
YGR217W,YNL091W,0,-4.702993,0.09692038595676422,0.9409999847412109,0.876800000667572
YNL082W,YOL068C,1,-4.7033286,0.09701339155435562,0.9419999718666077,0.876800000667572
YDL093W,YNL225C,0,-4.7037005,0.09700340032577515,0.9419999718666077,0.8769000172615051
YDR172W,YDR212W,0,-4.7044215,0.09699340909719467,0.9419999718666077,0.8769999742507935
YPL135W,YJL166W,0,-4.7047715,0.0969834253191948,0.9419999718666077,0.8770999908447266
YPL244C,YGR129W,0,-4.704968,0.09697344154119492,0.9419999718666077,0.8772000074386597
YOR266W,YCL029C,0,-4.70503,0.09696345776319504,0.9419999718666077,0.8773000240325928
YOR007C,YHR161C,0,-4.7054777,0.09695348143577576,0.9419999718666077,0.8773999810218811
YIL063C,YDL143W,0,-4.7055583,0.09694349765777588,0.9419999718666077,0.8774999976158142
YPL015C,YAL029C,1,-4.70568,0.09703642874956131,0.9430000185966492,0.8774999976158142
YGL006W,YPL211W,0,-4.706412,0.09702644497156143,0.9430000185966492,0.8776000142097473
YML088W,YLR396C,0,-4.706657,0.09701646119356155,0.9430000185966492,0.8776999711990356
YDR093W,YIL051C,0,-4.7068343,0.09700647741556168,0.9430000185966492,0.8777999877929688
YOR089C,YGR074W,0,-4.7069445,0.0969965010881424,0.9430000185966492,0.8779000043869019
YFR036W,YDR221W,0,-4.7075763,0.09698652476072311,0.9430000185966492,0.878000020980835
YKR083C,YDL226C,0,-4.707587,0.09697655588388443,0.9430000185966492,0.8780999779701233
YGR029W,YBL084C,0,-4.7076764,0.09696657955646515,0.9430000185966492,0.8781999945640564
YAL029C,YLR418C,1,-4.707913,0.09705942869186401,0.9440000057220459,0.8781999945640564
YDR341C,YOL108C,0,-4.708091,0.09704945236444473,0.9440000057220459,0.8783000111579895
YBL020W,YIL114C,0,-4.7082095,0.09703947603702545,0.9440000057220459,0.8784000277519226
YFR014C,YPL271W,0,-4.7083135,0.09702949970960617,0.9440000057220459,0.8784999847412109
YDL126C,YLR192C,0,-4.7086453,0.09701953083276749,0.9440000057220459,0.878600001335144
YJR007W,YPL087W,0,-4.70946,0.0970095545053482,0.9440000057220459,0.8787000179290771
YFR031C,YDL135C,0,-4.7098727,0.09699958562850952,0.9440000057220459,0.8787999749183655
YML069W,YHR158C,0,-4.7114496,0.09698962420225143,0.9440000057220459,0.8788999915122986
YNL273W,YDR177W,0,-4.7117996,0.09697965532541275,0.9440000057220459,0.8790000081062317
YNR032W,YFR004W,0,-4.71256,0.09696969389915466,0.9440000057220459,0.8791000247001648
YOR250C,YMR026C,0,-4.712706,0.09695973992347717,0.9440000057220459,0.8791999816894531
YJL033W,YDR156W,0,-4.712811,0.09694977849721909,0.9440000057220459,0.8792999982833862
YJR077C,YNL001W,0,-4.713099,0.0969398245215416,0.9440000057220459,0.8794000148773193
YGL253W,YOR122C,0,-4.71328,0.0969298705458641,0.9440000057220459,0.8794999718666077
YKL101W,YDR190C,0,-4.713441,0.09691991657018661,0.9440000057220459,0.8795999884605408
YPL213W,YPL042C,0,-4.7139792,0.09690997004508972,0.9440000057220459,0.8797000050544739
YNL082W,YER104W,1,-4.7142477,0.09700267016887665,0.9449999928474426,0.8797000050544739
YGL049C,YLL050C,0,-4.714334,0.09699271619319916,0.9449999928474426,0.879800021648407
YDR052C,YPL153C,0,-4.714339,0.09698276221752167,0.9449999928474426,0.8798999786376953
YKL059C,YPL255W,0,-4.7144356,0.09697280824184418,0.9449999928474426,0.8799999952316284
YJL186W,YPL204W,0,-4.714541,0.09696285426616669,0.9449999928474426,0.8801000118255615
YOL102C,YMR275C,0,-4.7150235,0.0969529077410698,0.9449999928474426,0.8802000284194946
YLR360W,YCR048W,0,-4.71503,0.0969429612159729,0.9449999928474426,0.880299985408783
YJL006C,YMR268C,0,-4.715041,0.0969330221414566,0.9449999928474426,0.8804000020027161
YDR179C,YGR004W,0,-4.7151403,0.09692307561635971,0.9449999928474426,0.8805000185966492
YJR019C,YIL106W,0,-4.7161813,0.09691313654184341,0.9449999928474426,0.8805999755859375
YDR400W,YER146W,0,-4.7163906,0.09690319746732712,0.9449999928474426,0.8806999921798706
YLR363C,YDR036C,0,-4.716785,0.09689326584339142,0.9449999928474426,0.8808000087738037
YGR186W,YPR175W,0,-4.7168694,0.09688332676887512,0.9449999928474426,0.8809000253677368
YDR361C,YMR285C,0,-4.716891,0.09687339514493942,0.9449999928474426,0.8809999823570251
YNL298W,YBR009C,0,-4.7170854,0.09686347097158432,0.9449999928474426,0.8810999989509583
YGR185C,YLR340W,0,-4.71766,0.09685353934764862,0.9449999928474426,0.8812000155448914
YOR033C,YOL006C,1,-4.718175,0.0969460979104042,0.9459999799728394,0.8812000155448914
YGL144C,YNL207W,0,-4.718427,0.09693615883588791,0.9459999799728394,0.8812999725341797
YFR024C-A,YBR068C,0,-4.718739,0.09692622721195221,0.9459999799728394,0.8813999891281128
YMR039C,YPL096W,0,-4.718843,0.0969163030385971,0.9459999799728394,0.8815000057220459
YKL188C,YER025W,0,-4.7189803,0.09690637141466141,0.9459999799728394,0.881600022315979
YPR140W,YHR001W-A,0,-4.7190046,0.0968964472413063,0.9459999799728394,0.8816999793052673
YOL066C,YOL116W,0,-4.71928,0.0968865230679512,0.9459999799728394,0.8817999958992004
YDR421W,YNL244C,0,-4.719458,0.0968765988945961,0.9459999799728394,0.8819000124931335
YMR077C,YBR060C,0,-4.7195897,0.0968666821718216,0.9459999799728394,0.8820000290870667
YOR279C,YPL008W,0,-4.7200933,0.09685676544904709,0.9459999799728394,0.882099986076355
YKL004W,YBR048W,0,-4.7202525,0.09684684872627258,0.9459999799728394,0.8822000026702881
YLR011W,YOR386W,0,-4.7204156,0.09683693200349808,0.9459999799728394,0.8823000192642212
YIL049W,YGL127C,0,-4.7207165,0.09682702273130417,0.9459999799728394,0.8823999762535095
YDR045C,YOL146W,0,-4.7216268,0.09681711345911026,0.9459999799728394,0.8824999928474426
YAL021C,YJL146W,0,-4.7220774,0.09680720418691635,0.9459999799728394,0.8826000094413757
YMR088C,YCL034W,0,-4.722756,0.09679730236530304,0.9459999799728394,0.8827000260353088
YOR267C,YJL042W,0,-4.7228045,0.09678739309310913,0.9459999799728394,0.8827999830245972
YOL113W,YER159C,0,-4.7238874,0.09677749127149582,0.9459999799728394,0.8828999996185303
YJL139C,YOL045W,0,-4.724893,0.0967675969004631,0.9459999799728394,0.8830000162124634
YML129C,YGL092W,0,-4.725327,0.09675769507884979,0.9459999799728394,0.8830999732017517
YGR030C,YBR039W,0,-4.7255707,0.09674780070781708,0.9459999799728394,0.8831999897956848
YMR109W,YGR047C,0,-4.725886,0.09673790633678436,0.9459999799728394,0.8833000063896179
YBR087W,YBR103W,0,-4.72597,0.09672801941633224,0.9459999799728394,0.883400022983551
YER154W,YDR153C,0,-4.7260356,0.09671812504529953,0.9459999799728394,0.8834999799728394
YLR130C,YIR004W,0,-4.726214,0.09670823812484741,0.9459999799728394,0.8835999965667725
YDR013W,YBR212W,0,-4.7263274,0.0966983512043953,0.9459999799728394,0.8837000131607056
YNL288W,YGL207W,0,-4.726949,0.09668847173452377,0.9459999799728394,0.8838000297546387
YHR052W,YMR127C,0,-4.7271695,0.09667859226465225,0.9459999799728394,0.883899986743927
YLR357W,YOR094W,0,-4.727464,0.09666871279478073,0.9459999799728394,0.8840000033378601
YLR085C,YPL083C,0,-4.7286344,0.09665883332490921,0.9459999799728394,0.8841000199317932
YOR057W,YAL043C,0,-4.728797,0.09664896130561829,0.9459999799728394,0.8841999769210815
YOR085W,YPL119C,0,-4.7288074,0.09663908183574677,0.9459999799728394,0.8842999935150146
YFR013W,YGR030C,0,-4.729066,0.09662920981645584,0.9459999799728394,0.8844000101089478
YBR109C,YGR030C,0,-4.7302413,0.09661934524774551,0.9459999799728394,0.8845000267028809
YKL017C,YOL149W,0,-4.7307935,0.09660948067903519,0.9459999799728394,0.8845999836921692
YOR157C,YHR050W,0,-4.731415,0.09659960865974426,0.9459999799728394,0.8847000002861023
YOL066C,YKL049C,0,-4.7316794,0.09658975154161453,0.9459999799728394,0.8848000168800354
YLR115W,YDL028C,0,-4.73205,0.0965798869729042,0.9459999799728394,0.8848999738693237
YDR477W,YPR057W,0,-4.7324486,0.09657002985477448,0.9459999799728394,0.8849999904632568
YML006C,YPL221W,0,-4.7335963,0.09656017273664474,0.9459999799728394,0.8851000070571899
YBR250W,YEL069C,0,-4.7336397,0.09655031561851501,0.9459999799728394,0.885200023651123
YCL061C,YML021C,0,-4.7344956,0.09654046595096588,0.9459999799728394,0.8852999806404114
YOR295W,YPL233W,0,-4.7345414,0.09653060883283615,0.9459999799728394,0.8853999972343445
YJL098W,YCL059C,0,-4.73523,0.09652076661586761,0.9459999799728394,0.8855000138282776
YJL133W,YOL093W,0,-4.7353396,0.09651091694831848,0.9459999799728394,0.8855999708175659
YER068W,YDR483W,0,-4.7354856,0.09650107473134995,0.9459999799728394,0.885699987411499
YNL288W,YNR035C,0,-4.735537,0.09649122506380081,0.9459999799728394,0.8858000040054321
YOR089C,YPL040C,0,-4.7357802,0.09648139029741287,0.9459999799728394,0.8859000205993652
YDL005C,YHR191C,0,-4.7357907,0.09647154808044434,0.9459999799728394,0.8859999775886536
YNL149C,YJR143C,0,-4.736403,0.0964617133140564,0.9459999799728394,0.8860999941825867
YJL004C,YDL080C,0,-4.736609,0.09645187854766846,0.9459999799728394,0.8862000107765198
YPR187W,YLR147C,0,-4.7367244,0.09644204378128052,0.9459999799728394,0.8863000273704529
YOL080C,YNL159C,0,-4.7376256,0.09643220901489258,0.9459999799728394,0.8863999843597412
YOR142W,YPL206C,0,-4.737827,0.09642238169908524,0.9459999799728394,0.8865000009536743
YDL080C,YKL148C,0,-4.7381883,0.0964125543832779,0.9459999799728394,0.8866000175476074
YJL198W,YDL065C,0,-4.738464,0.09640273451805115,0.9459999799728394,0.8866999745368958
YOR117W,YMR092C,0,-4.7392554,0.0963929072022438,0.9459999799728394,0.8867999911308289
YKL040C,YAL051W,0,-4.739466,0.09638308733701706,0.9459999799728394,0.886900007724762
YGL210W,YIL079C,0,-4.7396016,0.09637326747179031,0.9459999799728394,0.8870000243186951
YJL176C,YPL020C,0,-4.7398014,0.09636344760656357,0.9459999799728394,0.8870999813079834
YLR138W,YBR080C,0,-4.7398305,0.09635363519191742,0.9459999799728394,0.8871999979019165
YLR410W,YDR129C,0,-4.740148,0.09634382277727127,0.9459999799728394,0.8873000144958496
YPR082C,YKL042W,0,-4.740432,0.09633401036262512,0.9459999799728394,0.8873999714851379
YCL016C,YLR226W,0,-4.740827,0.09632420539855957,0.9459999799728394,0.887499988079071
YGR227W,YGR116W,0,-4.7410903,0.09631439298391342,0.9459999799728394,0.8876000046730042
YFL009W,YNL218W,0,-4.7411513,0.09630458801984787,0.9459999799728394,0.8877000212669373
YER145C,YFL033C,0,-4.7413855,0.09629479050636292,0.9459999799728394,0.8877999782562256
YGR121C,YOR089C,0,-4.7414384,0.09628498554229736,0.9459999799728394,0.8878999948501587
YOR193W,YBR168W,0,-4.742088,0.09627518802881241,0.9459999799728394,0.8880000114440918
YPL112C,YOR290C,0,-4.7430973,0.09626539051532745,0.9459999799728394,0.8881000280380249
YOL128C,YDR265W,0,-4.7441382,0.0962555930018425,0.9459999799728394,0.8881999850273132
YGL061C,YGL127C,0,-4.7446585,0.09624580293893814,0.9459999799728394,0.8883000016212463
YPL244C,YPL267W,0,-4.744822,0.09623601287603378,0.9459999799728394,0.8884000182151794
YBL088C,YOL006C,1,-4.744824,0.09632794559001923,0.9470000267028809,0.8884000182151794
YOR157C,YMR243C,0,-4.745797,0.09631814807653427,0.9470000267028809,0.8884999752044678
YLL002W,YOL006C,1,-4.7460284,0.09641005098819733,0.9480000138282776,0.8884999752044678
YDL004W,YJL127C,0,-4.746363,0.09640024602413177,0.9480000138282776,0.8885999917984009
YGR216C,YER155C,0,-4.746368,0.09639044106006622,0.9480000138282776,0.888700008392334
YMR177W,YGL144C,0,-4.7465415,0.09638064354658127,0.9480000138282776,0.8888000249862671
YIR010W,YJL111W,0,-4.7466984,0.09637084603309631,0.9480000138282776,0.8888999819755554
YLR270W,YBR183W,0,-4.7479157,0.09636104851961136,0.9480000138282776,0.8889999985694885
YNL101W,YPR024W,0,-4.7486587,0.096351258456707,0.9480000138282776,0.8891000151634216
YGL244W,YPR082C,0,-4.749595,0.09634146094322205,0.9480000138282776,0.88919997215271
YKR022C,YPL098C,0,-4.750274,0.09633167088031769,0.9480000138282776,0.8892999887466431
YLR102C,YLR372W,0,-4.75028,0.09632188826799393,0.9480000138282776,0.8894000053405762
YDR494W,YJL076W,0,-4.750603,0.09631209820508957,0.9480000138282776,0.8895000219345093
YOL139C,YNL127W,0,-4.7506614,0.09630231559276581,0.9480000138282776,0.8895999789237976
YNL119W,YFL025C,0,-4.7510257,0.09629253298044205,0.9480000138282776,0.8896999955177307
YAL051W,YLR020C,0,-4.752032,0.09628275781869888,0.9480000138282776,0.8898000121116638
YOR103C,YDR279W,0,-4.75236,0.09627297520637512,0.9480000138282776,0.8899000287055969
YMR177W,YGL092W,0,-4.7528586,0.09626320004463196,0.9480000138282776,0.8899999856948853
YDR494W,YML021C,0,-4.7529516,0.0962534248828888,0.9480000138282776,0.8901000022888184
YGL065C,YLL001W,0,-4.7537394,0.09624365717172623,0.9480000138282776,0.8902000188827515
YLR055C,YNL107W,0,-4.7538714,0.09623388200998306,0.9480000138282776,0.8902999758720398
YDL155W,YGR191W,0,-4.7543077,0.0962241142988205,0.9480000138282776,0.8903999924659729
YDR310C,YER159C,0,-4.754322,0.09621435403823853,0.9480000138282776,0.890500009059906
YOR233W,YLR009W,0,-4.754811,0.09620458632707596,0.9480000138282776,0.8906000256538391
YDL081C,YOR168W,0,-4.755285,0.09619482606649399,0.9480000138282776,0.8906999826431274
YOR171C,YMR211W,0,-4.755469,0.09618506580591202,0.9480000138282776,0.8907999992370605
YOL066C,YOL013C,0,-4.755814,0.09617530554533005,0.9480000138282776,0.8909000158309937
YIL042C,YLR394W,0,-4.7562184,0.09616555273532867,0.9480000138282776,0.890999972820282
YML015C,YLR371W,0,-4.756314,0.0961557999253273,0.9480000138282776,0.8910999894142151
YJR077C,YHR088W,0,-4.7564244,0.09614604711532593,0.9480000138282776,0.8912000060081482
YHR152W,YLR135W,0,-4.757457,0.09613629430532455,0.9480000138282776,0.8913000226020813
YML088W,YCL004W,0,-4.757652,0.09612654894590378,0.9480000138282776,0.8913999795913696
YOR058C,YPR086W,0,-4.758777,0.096116803586483,0.9480000138282776,0.8914999961853027
YNR030W,YHR194W,0,-4.7593036,0.09610705822706223,0.9480000138282776,0.8916000127792358
YDR421W,YMR192W,0,-4.7594275,0.09609731286764145,0.9480000138282776,0.891700029373169
YOR269W,YPL151C,0,-4.7603183,0.09608757495880127,0.9480000138282776,0.8917999863624573
YML064C,YER146W,0,-4.760648,0.09607783704996109,0.9480000138282776,0.8919000029563904
YDL175C,YGL136C,0,-4.7607117,0.09606809914112091,0.9480000138282776,0.8920000195503235
YMR198W,YOR386W,0,-4.7609224,0.09605836123228073,0.9480000138282776,0.8920999765396118
YMR056C,YNL054W,0,-4.7620964,0.09604863077402115,0.9480000138282776,0.8921999931335449
YIL126W,YBL025W,0,-4.762323,0.09603890031576157,0.9480000138282776,0.892300009727478
YOR110W,YPR023C,0,-4.7623367,0.09602916985750198,0.9480000138282776,0.8924000263214111
YKL004W,YGR123C,0,-4.762814,0.096019446849823,0.9480000138282776,0.8924999833106995
YJR135C,YOR058C,0,-4.7630534,0.09600972384214401,0.9480000138282776,0.8925999999046326
YMR039C,YBR022W,0,-4.7630877,0.09600000083446503,0.9480000138282776,0.8927000164985657
YNL001W,YIL014W,0,-4.7631044,0.09599027782678604,0.9480000138282776,0.892799973487854
YNL118C,YJL112W,0,-4.763701,0.09598056226968765,0.9480000138282776,0.8928999900817871
YER125W,YLR005W,0,-4.7638736,0.09597084671258926,0.9480000138282776,0.8930000066757202
YOR063W,YEL017C-A,0,-4.764087,0.09596113115549088,0.9480000138282776,0.8931000232696533
YER190W,YLR467W,1,-4.7646327,0.0960526317358017,0.9490000009536743,0.8931000232696533
YFL041W,YOR201C,0,-4.765162,0.09604290872812271,0.9490000009536743,0.8931999802589417
YDR037W,YGL246C,0,-4.765227,0.09603319317102432,0.9490000009536743,0.8932999968528748
YIL042C,YDR212W,0,-4.76531,0.09602347761392593,0.9490000009536743,0.8934000134468079
YDL128W,YKR026C,0,-4.765529,0.09601376205682755,0.9490000009536743,0.8934999704360962
YDR443C,YCR033W,0,-4.765773,0.09600404649972916,0.9490000009536743,0.8935999870300293
YDL165W,YDR016C,0,-4.766093,0.09599433839321136,0.9490000009536743,0.8937000036239624
YOL093W,YDL102W,0,-4.7665668,0.09598462283611298,0.9490000009536743,0.8938000202178955
YMR112C,YDR339C,0,-4.7665963,0.09597492218017578,0.9490000009536743,0.8938999772071838
YNR023W,YOL028C,0,-4.7675977,0.09596521407365799,0.9490000009536743,0.8939999938011169
YJL134W,YDL093W,0,-4.7681227,0.0959555134177208,0.9490000009536743,0.89410001039505
YDL159W,YDR183W,0,-4.7682424,0.0959458127617836,0.9490000009536743,0.8942000269889832
YJL186W,YDL208W,0,-4.7684026,0.0959361121058464,0.9490000009536743,0.8942999839782715
YDR168W,YLR085C,0,-4.7687297,0.09592641144990921,0.9490000009536743,0.8944000005722046
YOR269W,YBR103W,0,-4.7692847,0.09591671824455261,0.9490000009536743,0.8945000171661377
YDR153C,YGR083C,0,-4.7699084,0.09590702503919601,0.9490000009536743,0.894599974155426
YNR049C,YPR024W,0,-4.7715135,0.09589733183383942,0.9490000009536743,0.8946999907493591
YIL017C,YML060W,0,-4.771745,0.09588764607906342,0.9490000009536743,0.8948000073432922
YJR131W,YGR047C,0,-4.7722664,0.09587795287370682,0.9490000009536743,0.8949000239372253
YOL044W,YBR188C,0,-4.7723603,0.09586826711893082,0.9490000009536743,0.8949999809265137
YDL002C,YCR002C,0,-4.772525,0.09585858881473541,0.9490000009536743,0.8950999975204468
YER171W,YJL010C,0,-4.7726555,0.09584890305995941,0.9490000009536743,0.8952000141143799
YLR376C,YMR213W,0,-4.772844,0.09583922475576401,0.9490000009536743,0.8952999711036682
YOL051W,YPL055C,0,-4.7733893,0.0958295464515686,0.9490000009536743,0.8953999876976013
YKL049C,YIL014W,0,-4.7741,0.0958198681473732,0.9490000009536743,0.8955000042915344
YOL089C,YKL140W,0,-4.7743945,0.09581019729375839,0.9490000009536743,0.8956000208854675
YMR047C,YOR149C,0,-4.77508,0.09580052644014359,0.9490000009536743,0.8956999778747559
YOL124C,YGL246C,0,-4.7752285,0.09579085558652878,0.9490000009536743,0.895799994468689
YHR088W,YBL020W,0,-4.7756863,0.09578118473291397,0.9490000009536743,0.8959000110626221
YDR369C,YOR144C,1,-4.775808,0.0958724394440651,0.949999988079071,0.8959000110626221
YMR243C,YPR128C,0,-4.775927,0.09586276859045029,0.949999988079071,0.8960000276565552
YNL288W,YIL084C,0,-4.775927,0.09585309028625488,0.949999988079071,0.8960999846458435
YDL064W,YOR194C,0,-4.776057,0.09584341943264008,0.949999988079071,0.8962000012397766
YGR254W,YDL212W,0,-4.7763767,0.09583375602960587,0.949999988079071,0.8963000178337097
YNR035C,YDR098C,0,-4.776397,0.09582408517599106,0.949999988079071,0.896399974822998
YDR221W,YFL016C,0,-4.7768917,0.09581442177295685,0.949999988079071,0.8964999914169312
YDL111C,YBL102W,0,-4.777391,0.09580475836992264,0.949999988079071,0.8966000080108643
YHR193C,YDR463W,0,-4.777502,0.09579510241746902,0.949999988079071,0.8967000246047974
YMR043W,YLR369W,0,-4.7780232,0.09578543901443481,0.949999988079071,0.8967999815940857
YMR224C,YLR234W,1,-4.778088,0.09587659686803818,0.9509999752044678,0.8967999815940857
YMR030W,YDR182W,0,-4.77914,0.09586693346500397,0.9509999752044678,0.8968999981880188
YBR173C,YHR114W,0,-4.7793736,0.09585727006196976,0.9509999752044678,0.8970000147819519
YMR054W,YKL117W,0,-4.7795653,0.09584761410951614,0.9509999752044678,0.8970999717712402
YIL056W,YPL084W,0,-4.7806816,0.09583795070648193,0.9509999752044678,0.8971999883651733
YDR168W,YOR272W,0,-4.780873,0.09582829475402832,0.9509999752044678,0.8973000049591064
YNL257C,YPR024W,0,-4.780983,0.09581863880157471,0.9509999752044678,0.8974000215530396
YJL063C,YHR083W,0,-4.7816796,0.0958089828491211,0.9509999752044678,0.8974999785423279
YLR376C,YOR193W,0,-4.7817097,0.09579933434724808,0.9509999752044678,0.897599995136261
YPL244C,YER159C,0,-4.7817197,0.09578968584537506,0.9509999752044678,0.8977000117301941
YDL093W,YIL023C,0,-4.78284,0.09578003734350204,0.9509999752044678,0.8978000283241272
YPR083W,YNR032W,0,-4.7838435,0.09577039629220963,0.9509999752044678,0.8978999853134155
YBR006W,YKL213C,0,-4.7839627,0.09576074779033661,0.9509999752044678,0.8980000019073486
YJR046W,YDR251W,0,-4.783996,0.09575110673904419,0.9509999752044678,0.8981000185012817
YKL032C,YDR164C,0,-4.7840323,0.09574146568775177,0.9509999752044678,0.8981999754905701
YJR049C,YJR040W,0,-4.784591,0.09573183208703995,0.9509999752044678,0.8982999920845032
YLR399C,YMR013C,0,-4.7847953,0.09572219103574753,0.9509999752044678,0.8984000086784363
YNL154C,YLL001W,0,-4.784914,0.0957125574350357,0.9509999752044678,0.8985000252723694
YKR002W,YLR028C,0,-4.7850933,0.09570293128490448,0.9509999752044678,0.8985999822616577
YBR006W,YEL042W,0,-4.7852902,0.09569329768419266,0.9509999752044678,0.8986999988555908
YDL064W,YGR231C,0,-4.7854214,0.09568367153406143,0.9509999752044678,0.8988000154495239
YPL161C,YJR040W,0,-4.785559,0.0956740453839302,0.9509999752044678,0.8988999724388123
YNL268W,YDL043C,0,-4.78567,0.09566441923379898,0.9509999752044678,0.8989999890327454
YMR234W,YBR212W,0,-4.7860065,0.09565480053424835,0.9509999752044678,0.8991000056266785
YMR127C,YDR153C,0,-4.786264,0.09564517438411713,0.9509999752044678,0.8992000222206116
YNL054W,YNL106C,0,-4.7872357,0.0956355556845665,0.9509999752044678,0.8992999792098999
YOL043C,YGR199W,0,-4.787243,0.09562594443559647,0.9509999752044678,0.899399995803833
YDR276C,YIL049W,0,-4.7874784,0.09561632573604584,0.9509999752044678,0.8995000123977661
YKL095W,YML006C,0,-4.7882524,0.0956067144870758,0.9509999752044678,0.8996000289916992
YHR008C,YML013W,0,-4.789346,0.09559710323810577,0.9509999752044678,0.8996999859809875
YPL015C,YPL127C,1,-4.789532,0.09568800777196884,0.9520000219345093,0.8996999859809875
YNL267W,YNL281W,0,-4.7895455,0.09567838907241821,0.9520000219345093,0.8998000025749207
YOL144W,YNL177C,0,-4.7895627,0.09566877782344818,0.9520000219345093,0.8999000191688538
YPL112C,YER167W,0,-4.7898784,0.09565916657447815,0.9520000219345093,0.8999999761581421
YPR031W,YHR158C,0,-4.790032,0.09564955532550812,0.9520000219345093,0.9000999927520752
YJR050W,YNL121C,0,-4.790484,0.09563994407653809,0.9520000219345093,0.9002000093460083
YFL004W,YJR007W,0,-4.7905703,0.09563033282756805,0.9520000219345093,0.9003000259399414
YML078W,YDR512C,0,-4.7909884,0.09562072902917862,0.9520000219345093,0.9003999829292297
YHR165C,YJL076W,0,-4.7910132,0.09561112523078918,0.9520000219345093,0.9004999995231628
YDR494W,YGL065C,0,-4.791096,0.09560152888298035,0.9520000219345093,0.900600016117096
YDL005C,YBR245C,0,-4.792008,0.09559192508459091,0.9520000219345093,0.9006999731063843
YNR023W,YJL005W,0,-4.7936316,0.09558232873678207,0.9520000219345093,0.9007999897003174
YIL063C,YDR162C,0,-4.7939916,0.09557273238897324,0.9520000219345093,0.9009000062942505
YOL108C,YDL015C,0,-4.794534,0.095563143491745,0.9520000219345093,0.9010000228881836
YDR076W,YDR289C,1,-4.7955623,0.09565392136573792,0.953000009059906,0.9010000228881836
YOL068C,YLR418C,1,-4.7956734,0.09574468433856964,0.9539999961853027,0.9010000228881836
YNL268W,YPL059W,0,-4.795817,0.09573507308959961,0.9539999961853027,0.9010999798774719
YDR384C,YCR052W,0,-4.796576,0.09572546929121017,0.9539999961853027,0.901199996471405
YDR490C,YGR195W,0,-4.7966914,0.09571586549282074,0.9539999961853027,0.9013000130653381
YJL019W,YGR231C,0,-4.79711,0.0957062616944313,0.9539999961853027,0.9014000296592712
YLR228C,YGR171C,0,-4.7981033,0.09569665789604187,0.9539999961853027,0.9014999866485596
YDR060W,YOL142W,0,-4.799316,0.09568706154823303,0.9539999961853027,0.9016000032424927
YPL244C,YDR318W,0,-4.799634,0.0956774652004242,0.9539999961853027,0.9017000198364258
YNL098C,YNL218W,0,-4.7997947,0.09566786885261536,0.9539999961853027,0.9017999768257141
YDR280W,YMR243C,0,-4.80004,0.09565827995538712,0.9539999961853027,0.9018999934196472
YGR245C,YKL016C,0,-4.800319,0.09564868360757828,0.9539999961853027,0.9020000100135803
YIL063C,YGR227W,0,-4.800548,0.09563909471035004,0.9539999961853027,0.9021000266075134
YOL093W,YPL192C,0,-4.800693,0.09562951326370239,0.9539999961853027,0.9021999835968018
YOR007C,YBL093C,0,-4.80071,0.09561992436647415,0.9539999961853027,0.9023000001907349
YGR007W,YDR013W,0,-4.801042,0.09561034291982651,0.9539999961853027,0.902400016784668
YPR018W,YNL164C,0,-4.8011737,0.09560076147317886,0.9539999961853027,0.9024999737739563
YIR037W,YBR042C,0,-4.8012886,0.09559118002653122,0.9539999961853027,0.9025999903678894
YBR192W,YNL099C,0,-4.801945,0.09558160603046417,0.9539999961853027,0.9027000069618225
YDR093W,YBL020W,0,-4.8023477,0.09557203203439713,0.9539999961853027,0.9028000235557556
YMR056C,YER038C,0,-4.803181,0.09556245803833008,0.9539999961853027,0.902899980545044
YMR053C,YOR334W,0,-4.8041263,0.09555288404226303,0.9539999961853027,0.902999997138977
YJL098W,YJL074C,0,-4.804303,0.09554331749677658,0.9539999961853027,0.9031000137329102
YDR376W,YDL200C,0,-4.8048186,0.09553375095129013,0.9539999961853027,0.9031999707221985
YPR019W,YNL326C,0,-4.805027,0.09552418440580368,0.9539999961853027,0.9032999873161316
YJR076C,YPL029W,0,-4.805672,0.09551461786031723,0.9539999961853027,0.9034000039100647
YJR135C,YOR172W,0,-4.80632,0.09550505876541138,0.9539999961853027,0.9035000205039978
YJR064W,YJL127C,0,-4.806799,0.09549549221992493,0.9539999961853027,0.9035999774932861
YLL013C,YKR089C,0,-4.8074737,0.09548594057559967,0.9539999961853027,0.9036999940872192
YBR086C,YKR026C,0,-4.8079414,0.09547638148069382,0.9539999961853027,0.9038000106811523
YMR224C,YML062C,1,-4.809036,0.09556689858436584,0.9549999833106995,0.9038000106811523
YDR069C,YDR308C,0,-4.8094487,0.0955573320388794,0.9549999833106995,0.9039000272750854
YOR194C,YGR029W,0,-4.809838,0.09554777294397354,0.9549999833106995,0.9039999842643738
YNL216W,YDR153C,0,-4.810363,0.09553821384906769,0.9549999833106995,0.9041000008583069
YNL048W,YLR033W,0,-4.811098,0.09552866220474243,0.9549999833106995,0.90420001745224
YKL034W,YLR106C,0,-4.8116183,0.09551910310983658,0.9549999833106995,0.9042999744415283
YCR009C,YPR131C,0,-4.8119454,0.09550955146551132,0.9549999833106995,0.9043999910354614
YPL212C,YPR009W,0,-4.8128114,0.09549999982118607,0.9549999833106995,0.9045000076293945
YER031C,YBR179C,0,-4.8130083,0.09549044817686081,0.9549999833106995,0.9046000242233276
YDR118W,YOR372C,0,-4.8137565,0.09548090398311615,0.9549999833106995,0.904699981212616
YOR140W,YKR029C,0,-4.8140664,0.09547135978937149,0.9549999833106995,0.9047999978065491
YIR004W,YBL014C,0,-4.814242,0.09546181559562683,0.9549999833106995,0.9049000144004822
YOR039W,YJR052W,0,-4.814465,0.09545227140188217,0.9549999833106995,0.9049999713897705
YFR028C,YPR008W,0,-4.8151946,0.09544273465871811,0.9549999833106995,0.9050999879837036
YGL173C,YKR072C,0,-4.815561,0.09543319791555405,0.9549999833106995,0.9052000045776367
YER147C,YNL330C,1,-4.8161497,0.09552358090877533,0.9559999704360962,0.9052000045776367
YFR013W,YIL115C,0,-4.8164487,0.09551403671503067,0.9559999704360962,0.9053000211715698
YPL127C,YJL173C,1,-4.8168025,0.09560439735651016,0.9570000171661377,0.9053000211715698
YDL147W,YNL267W,0,-4.8170567,0.0955948457121849,0.9570000171661377,0.9053999781608582
YDR217C,YPR072W,0,-4.8171296,0.09558529406785965,0.9570000171661377,0.9054999947547913
YOR094W,YPR100W,0,-4.817426,0.09557574987411499,0.9570000171661377,0.9056000113487244
YCL051W,YOL013C,0,-4.8174496,0.09556620568037033,0.9570000171661377,0.9057000279426575
YDL159W,YLR096W,0,-4.817904,0.09555666148662567,0.9570000171661377,0.9057999849319458
YDR456W,YBR037C,0,-4.8181887,0.09554712474346161,0.9570000171661377,0.9059000015258789
YBR119W,YOR037W,0,-4.8188357,0.09553758800029755,0.9570000171661377,0.906000018119812
YLR398C,YPL075W,0,-4.8195853,0.09552805125713348,0.9570000171661377,0.9060999751091003
YLR226W,YBL102W,0,-4.8199587,0.09551851451396942,0.9570000171661377,0.9061999917030334
YJR045C,YKL212W,0,-4.8202505,0.09550898522138596,0.9570000171661377,0.9063000082969666
YDR478W,YEL061C,0,-4.8204517,0.0954994484782219,0.9570000171661377,0.9064000248908997
YDL217C,YMR301C,0,-4.8219714,0.09548991918563843,0.9570000171661377,0.906499981880188
YAL029C,YBL088C,1,-4.8222084,0.09558016806840897,0.9580000042915344,0.906499981880188
YDR057W,YOL089C,0,-4.8226514,0.0955706313252449,0.9580000042915344,0.9065999984741211
YOL068C,YOL072W,1,-4.8226647,0.09566085040569305,0.9589999914169312,0.9065999984741211
YNR023W,YPL075W,0,-4.8228602,0.0956513062119484,0.9589999914169312,0.9067000150680542
YGL112C,YBR127C,0,-4.823727,0.09564176946878433,0.9589999914169312,0.9067999720573425
YBR298C,YDR277C,0,-4.8242965,0.09563223272562027,0.9589999914169312,0.9068999886512756
YPL069C,YIL014W,0,-4.8257756,0.09562269598245621,0.9589999914169312,0.9070000052452087
YGL155W,YMR127C,0,-4.826037,0.09561315923929214,0.9589999914169312,0.9071000218391418
YDL165W,YIL105C,0,-4.826193,0.09560362994670868,0.9589999914169312,0.9071999788284302
YJL003W,YGL004C,0,-4.8262143,0.09559410065412521,0.9589999914169312,0.9072999954223633
YDL002C,YGR183C,0,-4.826383,0.09558457136154175,0.9589999914169312,0.9074000120162964
YPR070W,YGL018C,0,-4.826691,0.09557504206895828,0.9589999914169312,0.9075000286102295
YJL090C,YDR110W,1,-4.826842,0.09566517174243927,0.9599999785423279,0.9075000286102295
YDR251W,YLR015W,0,-4.827353,0.0956556424498558,0.9599999785423279,0.9075999855995178
YBR279W,YOL072W,1,-4.827726,0.0957457423210144,0.9610000252723694,0.9075999855995178
YCR037C,YNL099C,0,-4.8277535,0.09573620557785034,0.9610000252723694,0.9077000021934509
YMR039C,YGR199W,0,-4.827899,0.09572666883468628,0.9610000252723694,0.907800018787384
YPL098C,YOR281C,0,-4.828393,0.09571713209152222,0.9610000252723694,0.9078999757766724
YML115C,YER049W,0,-4.828593,0.09570759534835815,0.9610000252723694,0.9079999923706055
YML059C,YMR079W,0,-4.829134,0.09569806605577469,0.9610000252723694,0.9081000089645386
YDL165W,YPR024W,0,-4.8292923,0.09568853676319122,0.9610000252723694,0.9082000255584717
YFL009W,YIL106W,0,-4.8293324,0.09567901492118835,0.9610000252723694,0.90829998254776
YIL063C,YML013W,0,-4.82966,0.09566948562860489,0.9610000252723694,0.9083999991416931
YOR279C,YBR245C,0,-4.830198,0.09565996378660202,0.9610000252723694,0.9085000157356262
YLR362W,YBR049C,0,-4.830333,0.09565044194459915,0.9610000252723694,0.9085999727249146
YPL274W,YGL066W,0,-4.8309255,0.09564092010259628,0.9610000252723694,0.9086999893188477
YLR324W,YGR095C,0,-4.8316154,0.09563140571117401,0.9610000252723694,0.9088000059127808
YAL029C,YOL068C,1,-4.832489,0.09572139382362366,0.9620000123977661,0.9088000059127808
YGR048W,YGL227W,0,-4.83297,0.09571187198162079,0.9620000123977661,0.9089000225067139
YOR085W,YHR123W,0,-4.8338056,0.09570235013961792,0.9620000123977661,0.9089999794960022
YLR369W,YCR052W,0,-4.8340335,0.09569282829761505,0.9620000123977661,0.9090999960899353
YDR059C,YKR025W,0,-4.8347487,0.09568330645561218,0.9620000123977661,0.9092000126838684
YOR079C,YJR064W,0,-4.8351817,0.09567379206418991,0.9620000123977661,0.9093000292778015
YDR036C,YDR098C,0,-4.836049,0.09566427767276764,0.9620000123977661,0.9093999862670898
YOL112W,YNL055C,0,-4.837214,0.09565477073192596,0.9620000123977661,0.909500002861023
YGR185C,YBR155W,0,-4.837875,0.09564525634050369,0.9620000123977661,0.909600019454956
YCL051W,YKR028W,0,-4.8379908,0.09563574939966202,0.9620000123977661,0.9096999764442444
YHR066W,YDR464W,0,-4.8387046,0.09562624245882034,0.9620000123977661,0.9097999930381775
YBR042C,YPL135W,0,-4.8388333,0.09561673551797867,0.9620000123977661,0.9099000096321106
YGL070C,YFL039C,0,-4.8388352,0.09560723602771759,0.9620000123977661,0.9100000262260437
YDR118W,YNL177C,0,-4.8389134,0.09559773653745651,0.9620000123977661,0.910099983215332
YDR052C,YBR258C,0,-4.839292,0.09558823704719543,0.9620000123977661,0.9101999998092651
YAL056W,YPR057W,0,-4.8406744,0.09557873755693436,0.9620000123977661,0.9103000164031982
YJR019C,YJR064W,0,-4.840837,0.09556924551725388,0.9620000123977661,0.9103999733924866
YEL054C,YGR245C,0,-4.8410006,0.0955597460269928,0.9620000123977661,0.9104999899864197
YLR398C,YLR071C,0,-4.841322,0.09555026143789291,0.9620000123977661,0.9106000065803528
YOR272W,YBR026C,0,-4.8413334,0.09554076939821243,0.9620000123977661,0.9107000231742859
YGR167W,YNL039W,0,-4.8428097,0.09553127735853195,0.9620000123977661,0.9107999801635742
YNL219C,YHR108W,0,-4.843573,0.09552179276943207,0.9620000123977661,0.9108999967575073
YBR267W,YDR211W,0,-4.8441753,0.09551230818033218,0.9620000123977661,0.9110000133514404
YDR180W,YDL185W,1,-4.8441796,0.09560210257768631,0.9629999995231628,0.9110000133514404
YCR083W,YGL045W,0,-4.844444,0.09559261798858643,0.9629999995231628,0.9110999703407288
YPL015C,YOL068C,1,-4.844781,0.09568238258361816,0.9639999866485596,0.9110999703407288
YGL173C,YLL024C,0,-4.8468895,0.09567288309335709,0.9639999866485596,0.9111999869346619
YDR175C,YGR140W,0,-4.8479753,0.0956633910536766,0.9639999866485596,0.911300003528595
YDR456W,YBR278W,0,-4.8490396,0.09565389901399612,0.9639999866485596,0.9114000201225281
YIL150C,YER167W,0,-4.8491163,0.09564440697431564,0.9639999866485596,0.9114999771118164
YPL007C,YDR150W,0,-4.8493023,0.09563492238521576,0.9639999866485596,0.9115999937057495
YPL224C,YIL126W,0,-4.849462,0.09562543034553528,0.9639999866485596,0.9117000102996826
YMR043W,YKL074C,0,-4.84967,0.0956159457564354,0.9639999866485596,0.9118000268936157
YHR041C,YGL065C,0,-4.8503675,0.09560646861791611,0.9639999866485596,0.911899983882904
YDR512C,YIL114C,0,-4.851171,0.09559698402881622,0.9639999866485596,0.9120000004768372
YBR073W,YNL330C,1,-4.8515453,0.0956866666674614,0.9649999737739563,0.9120000004768372
YLR405W,YDR212W,0,-4.8516345,0.09567717462778091,0.9649999737739563,0.9121000170707703
YHL034C,YMR188C,0,-4.8520184,0.09566769003868103,0.9649999737739563,0.9121999740600586
YPR018W,YMR021C,0,-4.8520627,0.09565820544958115,0.9649999737739563,0.9122999906539917
YBR102C,YER159C,0,-4.852341,0.09564872831106186,0.9649999737739563,0.9124000072479248
YOR194C,YJR064W,0,-4.852632,0.09563924372196198,0.9649999737739563,0.9125000238418579
YPL045W,YJL166W,0,-4.852722,0.09562976658344269,0.9649999737739563,0.9125999808311462
YDL100C,YDR388W,0,-4.8532147,0.095620296895504,0.9649999737739563,0.9126999974250793
YBR298C,YGR253C,0,-4.8532805,0.09561081975698471,0.9649999737739563,0.9128000140190125
YER133W,YKL062W,0,-4.8536606,0.09560135006904602,0.9649999737739563,0.9128999710083008
YML114C,YGL191W,0,-4.8539586,0.09559188038110733,0.9649999737739563,0.9129999876022339
YDL113C,YER049W,0,-4.8544073,0.09558241069316864,0.9649999737739563,0.913100004196167
YGR185C,YOR063W,0,-4.8549056,0.09557294100522995,0.9649999737739563,0.9132000207901001
YDL235C,YBR002C,0,-4.8549733,0.09556347876787186,0.9649999737739563,0.9132999777793884
YPR144C,YIL142W,0,-4.8551173,0.09555401653051376,0.9649999737739563,0.9133999943733215
YNL084C,YJL115W,0,-4.855506,0.09554455429315567,0.9649999737739563,0.9135000109672546
YOR260W,YPL045W,0,-4.8559155,0.09553509205579758,0.9649999737739563,0.9136000275611877
YNL082W,YDR110W,1,-4.8566136,0.09562462568283081,0.9660000205039978,0.9136000275611877
YLR384C,YLR052W,0,-4.856623,0.09561516344547272,0.9660000205039978,0.9136999845504761
YCL029C,YJR007W,0,-4.856805,0.09560570120811462,0.9660000205039978,0.9138000011444092
YPL129W,YPR008W,0,-4.8571463,0.09559623897075653,0.9660000205039978,0.9139000177383423
YAL047C,YNL291C,0,-4.857181,0.09558677673339844,0.9660000205039978,0.9139999747276306
YCR083W,YDR177W,0,-4.858292,0.09557732194662094,0.9660000205039978,0.9140999913215637
YJR013W,YDL015C,0,-4.8583894,0.09556786715984344,0.9660000205039978,0.9142000079154968
YDL100C,YEL030W,0,-4.858457,0.09555841237306595,0.9660000205039978,0.9143000245094299
YKL016C,YOL116W,0,-4.8594813,0.09554896503686905,0.9660000205039978,0.9143999814987183
YCL031C,YOR308C,0,-4.8605876,0.09553951025009155,0.9660000205039978,0.9144999980926514
YLR103C,YNL188W,0,-4.8607397,0.09553006291389465,0.9660000205039978,0.9146000146865845
YBR265W,YIL048W,0,-4.8611054,0.09552061557769775,0.9660000205039978,0.9146999716758728
YKL049C,YMR026C,0,-4.8616786,0.09551117569208145,0.9660000205039978,0.9147999882698059
YLR405W,YLR052W,0,-4.861934,0.09550172835588455,0.9660000205039978,0.914900004863739
YLR368W,YNL116W,0,-4.8623295,0.09549228847026825,0.9660000205039978,0.9150000214576721
YDR231C,YDR167W,0,-4.862408,0.09548284858465195,0.9660000205039978,0.9150999784469604
YMR263W,YFL013C,0,-4.862777,0.09547341614961624,0.9660000205039978,0.9151999950408936
YOL108C,YIL147C,0,-4.864449,0.09546397626399994,0.9660000205039978,0.9153000116348267
YJR143C,YPL050C,0,-4.864465,0.09545454382896423,0.9660000205039978,0.9154000282287598
YOL112W,YGR121C,0,-4.864481,0.09544511139392853,0.9660000205039978,0.9154999852180481
YLR032W,YBL055C,0,-4.8648357,0.09543568640947342,0.9660000205039978,0.9156000018119812
YDR162C,YCR094W,0,-4.8652244,0.09542625397443771,0.9660000205039978,0.9157000184059143
YKL193C,YMR239C,0,-4.8653417,0.0954168289899826,0.9660000205039978,0.9157999753952026
YLR291C,YFR037C,0,-4.8654456,0.0954074040055275,0.9660000205039978,0.9158999919891357
YBR059C,YGR024C,0,-4.865479,0.09539798647165298,0.9660000205039978,0.9160000085830688
YJL048C,YDL115C,0,-4.8655634,0.09538856893777847,0.9660000205039978,0.916100025177002
YAL029C,YDR110W,1,-4.8657002,0.0954778864979744,0.9670000076293945,0.916100025177002
YDR409W,YOL060C,0,-4.866059,0.09546845406293869,0.9670000076293945,0.9161999821662903
YDL113C,YKL117W,0,-4.8661084,0.09545902907848358,0.9670000076293945,0.9162999987602234
YDR416W,YDL074C,0,-4.866799,0.09544961154460907,0.9670000076293945,0.9164000153541565
YPL227C,YKL059C,0,-4.867047,0.09544018656015396,0.9670000076293945,0.9164999723434448
YOR005C,YGR199W,0,-4.8671036,0.09543076902627945,0.9670000076293945,0.9165999889373779
YDL115C,YCL034W,0,-4.867286,0.09542135149240494,0.9670000076293945,0.916700005531311
YLR226W,YPR030W,0,-4.867371,0.09541194140911102,0.9670000076293945,0.9168000221252441
YNL123W,YLR316C,0,-4.867702,0.09540252387523651,0.9670000076293945,0.9168999791145325
YOR363C,YOR256C,0,-4.8680263,0.0953931137919426,0.9670000076293945,0.9169999957084656
YIL112W,YDL007W,0,-4.868386,0.09538370370864868,0.9670000076293945,0.9171000123023987
YGR008C,YCR073W-A,0,-4.871157,0.09537429362535477,0.9670000076293945,0.9172000288963318
YLR110C,YIL014W,0,-4.872642,0.09536489099264145,0.9670000076293945,0.9172999858856201
YGR020C,YEL013W,0,-4.8726707,0.09535548835992813,0.9670000076293945,0.9174000024795532
YPL227C,YFL022C,0,-4.873173,0.09534608572721481,0.9670000076293945,0.9175000190734863
YMR213W,YCR053W,0,-4.873479,0.0953366830945015,0.9670000076293945,0.9175999760627747
YPR186C,YOL146W,0,-4.8735175,0.09532728791236877,0.9670000076293945,0.9176999926567078
YDR284C,YDR254W,0,-4.873604,0.09531789273023605,0.9670000076293945,0.9178000092506409
YCL061C,YER169W,0,-4.8736205,0.09530849754810333,0.9670000076293945,0.917900025844574
YML013W,YNL281W,0,-4.8737493,0.09529910236597061,0.9670000076293945,0.9179999828338623
YMR092C,YFL013C,0,-4.8739634,0.09528971463441849,0.9670000076293945,0.9180999994277954
YMR268C,YDL111C,0,-4.874128,0.09528032690286636,0.9670000076293945,0.9182000160217285
YJL124C,YDR150W,0,-4.8749003,0.09527093917131424,0.9670000076293945,0.9182999730110168
YDR389W,YOR030W,0,-4.87501,0.09526155143976212,0.9670000076293945,0.91839998960495
YJL029C,YPL078C,0,-4.875239,0.09525216370820999,0.9670000076293945,0.9185000061988831
YDR021W,YLR052W,0,-4.8754754,0.09524278342723846,0.9670000076293945,0.9186000227928162
YDL078C,YIL049W,0,-4.875829,0.09523340314626694,0.9670000076293945,0.9186999797821045
YLR201C,YHR001W-A,0,-4.876098,0.09522403031587601,0.9670000076293945,0.9187999963760376
YGL190C,YOL049W,0,-4.876936,0.09521465003490448,0.9670000076293945,0.9189000129699707
YDL235C,YPL206C,0,-4.876951,0.09520527720451355,0.9670000076293945,0.9190000295639038
YJR083C,YNL282W,0,-4.8772793,0.09519590437412262,0.9670000076293945,0.9190999865531921
YOL027C,YNR013C,0,-4.8779674,0.09518653154373169,0.9670000076293945,0.9192000031471252
YOL122C,YPR125W,0,-4.878904,0.09517716616392136,0.9670000076293945,0.9193000197410583
YAL051W,YKR046C,0,-4.87891,0.09516780078411102,0.9670000076293945,0.9193999767303467
YOL090W,YNL082W,1,-4.878925,0.09525684267282486,0.9679999947547913,0.9193999767303467
YGL205W,YDR167W,0,-4.8789763,0.09524746984243393,0.9679999947547913,0.9194999933242798
YNR052C,YJR007W,0,-4.8791113,0.095238097012043,0.9679999947547913,0.9196000099182129
YDR217C,YLR005W,0,-4.8799076,0.09522872418165207,0.9679999947547913,0.919700026512146
YDR412W,YLR028C,0,-4.881305,0.09521935880184174,0.9679999947547913,0.9197999835014343
YGL019W,YDL200C,0,-4.881949,0.0952099934220314,0.9679999947547913,0.9199000000953674
YKL032C,YDL155W,0,-4.88279,0.09520062804222107,0.9679999947547913,0.9200000166893005
YPR094W,YJL065C,0,-4.8828187,0.09519127011299133,0.9679999947547913,0.9200999736785889
YFR013W,YMR270C,0,-4.883125,0.095181904733181,0.9679999947547913,0.920199990272522
YDR081C,YBR095C,0,-4.8832097,0.09517254680395126,0.9679999947547913,0.9203000068664551
YDR392W,YDR436W,0,-4.8837123,0.09516319632530212,0.9679999947547913,0.9204000234603882
YAL031C,YMR302C,0,-4.884793,0.09515383839607239,0.9679999947547913,0.9204999804496765
YGR116W,YER145C,0,-4.8851695,0.09514448791742325,0.9679999947547913,0.9205999970436096
YDR151C,YJL042W,0,-4.8852286,0.09513513743877411,0.9679999947547913,0.9207000136375427
YPR086W,YMR208W,0,-4.8854175,0.09512578696012497,0.9679999947547913,0.920799970626831
YFR046C,YLR052W,0,-4.886186,0.09511643648147583,0.9679999947547913,0.9208999872207642
YER169W,YPL181W,0,-4.8866477,0.09510709345340729,0.9679999947547913,0.9210000038146973
YOR085W,YMR101C,0,-4.886823,0.09509775042533875,0.9679999947547913,0.9211000204086304
YGL192W,YOR334W,0,-4.8869867,0.0950884073972702,0.9679999947547913,0.9211999773979187
YAL020C,YGL022W,0,-4.887367,0.09507907181978226,0.9679999947547913,0.9212999939918518
YHR089C,YMR302C,0,-4.8876057,0.09506972879171371,0.9679999947547913,0.9214000105857849
YGL044C,YOR020C,0,-4.887856,0.09506039321422577,0.9679999947547913,0.921500027179718
YBR057C,YLR191W,0,-4.8881764,0.09505105763673782,0.9679999947547913,0.9215999841690063
YBR102C,YBR049C,0,-4.888431,0.09504172950983047,0.9679999947547913,0.9217000007629395
YGL222C,YIL147C,0,-4.8887725,0.09503239393234253,0.9679999947547913,0.9218000173568726
YKL058W,YGR086C,0,-4.8888755,0.09502306580543518,0.9679999947547913,0.9218999743461609
YDR284C,YJR082C,0,-4.889395,0.09501374512910843,0.9679999947547913,0.921999990940094
YLL006W,YIL112W,0,-4.8898563,0.09500441700220108,0.9679999947547913,0.9221000075340271
YDR378C,YLR200W,0,-4.8898826,0.09499509632587433,0.9679999947547913,0.9222000241279602
YMR311C,YPR016C,0,-4.89006,0.09498576819896698,0.9679999947547913,0.9222999811172485
YPL045W,YGR183C,0,-4.8901057,0.09497645497322083,0.9679999947547913,0.9223999977111816
YBR278W,YPR056W,0,-4.890364,0.09496713429689407,0.9679999947547913,0.9225000143051147
YDR221W,YIL065C,0,-4.8907785,0.09495782107114792,0.9679999947547913,0.9225999712944031
YPL078C,YIL048W,0,-4.8907905,0.09494850784540176,0.9679999947547913,0.9226999878883362
YDL004W,YER042W,0,-4.8909283,0.09493919461965561,0.9679999947547913,0.9228000044822693
YFR014C,YDL200C,0,-4.8915887,0.09492988139390945,0.9679999947547913,0.9229000210762024
YDR093W,YMR247C,0,-4.8918204,0.0949205756187439,0.9679999947547913,0.9229999780654907
YBR185C,YAL055W,0,-4.893755,0.09491126239299774,0.9679999947547913,0.9230999946594238
YNR015W,YLL022C,0,-4.893786,0.09490196406841278,0.9679999947547913,0.9232000112533569
YDR260C,YDR182W,0,-4.8940816,0.09489265829324722,0.9679999947547913,0.92330002784729
YER164W,YER112W,0,-4.8941016,0.09488335251808167,0.9679999947547913,0.9233999848365784
YPR094W,YMR311C,0,-4.894132,0.0948740541934967,0.9679999947547913,0.9235000014305115
YJL183W,YIL154C,0,-4.89438,0.09486475586891174,0.9679999947547913,0.9236000180244446
YDR346C,YBR267W,0,-4.895386,0.09485546499490738,0.9679999947547913,0.9236999750137329
YOL068C,YDL185W,1,-4.8973646,0.09494414925575256,0.968999981880188,0.9236999750137329
YPL053C,YMR119W,0,-4.898709,0.0949348509311676,0.968999981880188,0.923799991607666
YBR057C,YDR422C,0,-4.8989673,0.09492554515600204,0.968999981880188,0.9239000082015991
YOL112W,YPR023C,0,-4.899019,0.09491624683141708,0.968999981880188,0.9240000247955322
YER068W,YJR040W,0,-4.899981,0.09490695595741272,0.968999981880188,0.9240999817848206
YDL120W,YCR027C,0,-4.900535,0.09489765763282776,0.968999981880188,0.9241999983787537
YBR121C,YBL056W,0,-4.900553,0.0948883667588234,0.968999981880188,0.9243000149726868
YBL046W,YHR041C,0,-4.9014955,0.09487907588481903,0.968999981880188,0.9243999719619751
YMR091C,YML014W,0,-4.9026556,0.09486978501081467,0.968999981880188,0.9244999885559082
YDR264C,YOL064C,0,-4.9037223,0.0948605015873909,0.968999981880188,0.9246000051498413
YLR370C,YBR039W,0,-4.903797,0.09485121071338654,0.968999981880188,0.9247000217437744
YOR256C,YGR007W,0,-4.90389,0.09484192728996277,0.968999981880188,0.9247999787330627
YDL006W,YCR027C,0,-4.9049973,0.0948326513171196,0.968999981880188,0.9248999953269958
YLR410W,YCR009C,0,-4.9050746,0.09482336789369583,0.968999981880188,0.925000011920929
YPR041W,YCR034W,0,-4.9052777,0.09481409192085266,0.968999981880188,0.9251000285148621
YNL325C,YML006C,0,-4.9052844,0.09480481594800949,0.968999981880188,0.9251999855041504
YGR085C,YLL022C,0,-4.905886,0.09479553997516632,0.968999981880188,0.9253000020980835
YFR050C,YNL029C,0,-4.90641,0.09478626400232315,0.968999981880188,0.9254000186920166
YPL178W,YER167W,0,-4.906837,0.09477699548006058,0.968999981880188,0.9254999756813049
YJL090C,YNL082W,1,-4.906902,0.09486552327871323,0.9700000286102295,0.9254999756813049
YDR260C,YDL074C,0,-4.908685,0.09485624730587006,0.9700000286102295,0.925599992275238
YPL164C,YML062C,1,-4.9087105,0.09494475275278091,0.9710000157356262,0.925599992275238
YFL002C,YPL139C,0,-4.9101224,0.09493546932935715,0.9710000157356262,0.9257000088691711
YNL082W,YNL139C,1,-4.910399,0.09502395242452621,0.972000002861023,0.9257000088691711
YBR002C,YCR052W,0,-4.9105916,0.09501466155052185,0.972000002861023,0.9258000254631042
YDL064W,YOR260W,0,-4.9111776,0.09500537812709808,0.972000002861023,0.9258999824523926
YGL150C,YPL028W,0,-4.9115524,0.09499608725309372,0.972000002861023,0.9259999990463257
YMR054W,YML014W,0,-4.912456,0.09498680382966995,0.972000002861023,0.9261000156402588
YOL100W,YOR372C,0,-4.912544,0.09497752785682678,0.972000002861023,0.9261999726295471
YKL166C,YDL150W,0,-4.913461,0.09496824443340302,0.972000002861023,0.9262999892234802
YNL136W,YNL119W,0,-4.913765,0.09495896846055984,0.972000002861023,0.9264000058174133
YPL140C,YOR026W,0,-4.9151645,0.09494969248771667,0.972000002861023,0.9265000224113464
YOR224C,YJR068W,0,-4.9156227,0.0949404165148735,0.972000002861023,0.9265999794006348
YDL201W,YPL117C,0,-4.9158354,0.09493114799261093,0.972000002861023,0.9266999959945679
YOR304W,YDR337W,0,-4.9158554,0.09492187201976776,0.972000002861023,0.926800012588501
YDL143W,YCR024C-A,0,-4.916185,0.09491260349750519,0.972000002861023,0.9269000291824341
YDL147W,YDL111C,0,-4.916345,0.09490334242582321,0.972000002861023,0.9269999861717224
YOL027C,YBR095C,0,-4.917393,0.09489407390356064,0.972000002861023,0.9271000027656555
YJL117W,YNL281W,0,-4.9175286,0.09488481283187866,0.972000002861023,0.9272000193595886
YDL165W,YPL002C,0,-4.917794,0.09487555176019669,0.972000002861023,0.927299976348877
YLL031C,YER125W,0,-4.9181256,0.09486629068851471,0.972000002861023,0.9273999929428101
YLR405W,YEL042W,0,-4.9184813,0.09485702961683273,0.972000002861023,0.9275000095367432
YLR201C,YIL013C,0,-4.9187474,0.09484777599573135,0.972000002861023,0.9276000261306763
YPR165W,YHR019C,0,-4.919105,0.09483852237462997,0.972000002861023,0.9276999831199646
YER068W,YHL034C,0,-4.9192843,0.0948292687535286,0.972000002861023,0.9277999997138977
YEL030W,YCL004W,0,-4.9195247,0.09482001513242722,0.972000002861023,0.9279000163078308
YMR079W,YOL130W,0,-4.9195743,0.09481076896190643,0.972000002861023,0.9279999732971191
YER120W,YDR145W,0,-4.9202476,0.09480152279138565,0.972000002861023,0.9280999898910522
YOL049W,YIR037W,0,-4.9206085,0.09479227662086487,0.972000002861023,0.9282000064849854
YJL176C,YML025C,0,-4.920747,0.09478303045034409,0.972000002861023,0.9283000230789185
YOR060C,YOL089C,0,-4.921494,0.0947737917304039,0.972000002861023,0.9283999800682068
YGR048W,YHL027W,0,-4.921904,0.09476455301046371,0.972000002861023,0.9284999966621399
YDR389W,YML129C,0,-4.921928,0.09475531429052353,0.972000002861023,0.928600013256073
YJL003W,YML115C,0,-4.9227185,0.09474607557058334,0.972000002861023,0.9286999702453613
YDR172W,YMR290C,0,-4.9237323,0.09473684430122375,0.972000002861023,0.9287999868392944
YFL009W,YDR288W,0,-4.923943,0.09472761303186417,0.972000002861023,0.9289000034332275
YDR231C,YML013W,0,-4.924407,0.09471838176250458,0.972000002861023,0.9290000200271606
YML074C,YOL077C,0,-4.9246063,0.09470915049314499,0.972000002861023,0.929099977016449
YFR013W,YIL075C,0,-4.9248614,0.0946999192237854,0.972000002861023,0.9291999936103821
YNL186W,YNL298W,0,-4.9249206,0.09469069540500641,0.972000002861023,0.9293000102043152
YKL117W,YIL125W,0,-4.9251943,0.09468147158622742,0.972000002861023,0.9294000267982483
YGL190C,YMR234W,0,-4.926163,0.09467224776744843,0.972000002861023,0.9294999837875366
YMR186W,YDL229W,0,-4.926451,0.09466303139925003,0.972000002861023,0.9296000003814697
YER149C,YOL115W,0,-4.9280396,0.09465381503105164,0.972000002861023,0.9297000169754028
YPL042C,YDL197C,0,-4.928166,0.09464459866285324,0.972000002861023,0.9297999739646912
YHR019C,YDR225W,0,-4.9285274,0.09463538229465485,0.972000002861023,0.9298999905586243
YDR398W,YOR123C,0,-4.9295406,0.09462616592645645,0.972000002861023,0.9300000071525574
YGR231C,YIL105C,0,-4.929554,0.09461695700883865,0.972000002861023,0.9301000237464905
YDL120W,YPL115C,0,-4.9296613,0.09460774809122086,0.972000002861023,0.9301999807357788
YML001W,YDR302W,0,-4.9306655,0.09459853917360306,0.972000002861023,0.9302999973297119
YGR211W,YGR078C,0,-4.930848,0.09458933770656586,0.972000002861023,0.930400013923645
YPR046W,YMR299C,0,-4.932373,0.09458012878894806,0.972000002861023,0.9304999709129333
YPR100W,YDR464W,0,-4.9330587,0.09457092732191086,0.972000002861023,0.9305999875068665
YCR091W,YOR275C,0,-4.9331093,0.09456172585487366,0.972000002861023,0.9307000041007996
YER177W,YLR005W,0,-4.933129,0.09455253183841705,0.972000002861023,0.9308000206947327
YNL031C,YLR060W,0,-4.933737,0.09454333037137985,0.972000002861023,0.930899977684021
YEL027W,YFR004W,0,-4.933846,0.09453413635492325,0.972000002861023,0.9309999942779541
YCR083W,YFR005C,0,-4.9339824,0.09452494233846664,0.972000002861023,0.9311000108718872
YLR216C,YOR020C,0,-4.9344,0.09451575577259064,0.972000002861023,0.9312000274658203
YDR081C,YMR268C,0,-4.935085,0.09450656175613403,0.972000002861023,0.9312999844551086
YLR357W,YDR331W,0,-4.9359536,0.09449737519025803,0.972000002861023,0.9314000010490417
YNL091W,YNL166C,0,-4.9364247,0.09448818862438202,0.972000002861023,0.9315000176429749
YJL179W,YOL012C,0,-4.937013,0.09447900205850601,0.972000002861023,0.9315999746322632
YLR015W,YKR037C,0,-4.937406,0.0944698229432106,0.972000002861023,0.9316999912261963
YDR153C,YGL122C,0,-4.93746,0.09446064382791519,0.972000002861023,0.9318000078201294
YHR042W,YBR036C,0,-4.93754,0.09445146471261978,0.972000002861023,0.9319000244140625
YBR279W,YOR354C,1,-4.9386563,0.09453944861888885,0.9729999899864197,0.9319000244140625
YCR037C,YBR290W,0,-4.9389105,0.09453026205301285,0.9729999899864197,0.9319999814033508
YJR007W,YBL082C,0,-4.939299,0.09452108293771744,0.9729999899864197,0.9320999979972839
YMR309C,YOR346W,0,-4.9394345,0.09451189637184143,0.9729999899864197,0.932200014591217
YHR135C,YJL166W,0,-4.939519,0.09450271725654602,0.9729999899864197,0.9322999715805054
YGL095C,YLR105C,0,-4.9396243,0.09449353814125061,0.9729999899864197,0.9323999881744385
YCL043C,YFR004W,0,-4.940226,0.0944843664765358,0.9729999899864197,0.9325000047683716
YDR409W,YOL067C,0,-4.9402833,0.09447519481182098,0.9729999899864197,0.9326000213623047
YJL002C,YPL204W,0,-4.940452,0.09446601569652557,0.9729999899864197,0.932699978351593
YJR049C,YOR304W,0,-4.9409204,0.09445685148239136,0.9729999899864197,0.9327999949455261
YJL139C,YML014W,0,-4.94138,0.09444767981767654,0.9729999899864197,0.9329000115394592
YML059C,YJR040W,0,-4.943274,0.09443851560354233,0.9729999899864197,0.9330000281333923
YMR298W,YGL191W,0,-4.9437156,0.09442935138940811,0.9729999899864197,0.9330999851226807
YOR067C,YLR372W,0,-4.9438396,0.0944201871752739,0.9729999899864197,0.9332000017166138
YJL041W,YKL117W,0,-4.944528,0.09441102296113968,0.9729999899864197,0.9333000183105469
YNL310C,YGL222C,0,-4.9445376,0.09440186619758606,0.9729999899864197,0.9333999752998352
YML115C,YBR207W,0,-4.9446607,0.09439270198345184,0.9729999899864197,0.9334999918937683
YDR116C,YPR140W,0,-4.9447403,0.09438354521989822,0.9729999899864197,0.9336000084877014
YHR072W,YKL145W,0,-4.945083,0.0943743959069252,0.9729999899864197,0.9337000250816345
YDR400W,YNL166C,0,-4.945478,0.09436523914337158,0.9729999899864197,0.9337999820709229
YDR432W,YLR384C,0,-4.945723,0.09435608983039856,0.9729999899864197,0.933899998664856
YPL178W,YMR213W,0,-4.945811,0.09434694051742554,0.9729999899864197,0.9340000152587891
YPL016W,YMR109W,0,-4.9460254,0.09433779120445251,0.9729999899864197,0.9340999722480774
YKL040C,YDR260C,0,-4.9462733,0.09432864934206009,0.9729999899864197,0.9341999888420105
YKL205W,YDL051W,0,-4.9465075,0.09431950002908707,0.9729999899864197,0.9343000054359436
YKL197C,YOR245C,0,-4.9480033,0.09431035816669464,0.9729999899864197,0.9344000220298767
YKR085C,YMR302C,0,-4.9500017,0.09430122375488281,0.9729999899864197,0.934499979019165
YCR091W,YDL020C,0,-4.95091,0.09429208189249039,0.9729999899864197,0.9345999956130981
YPL224C,YLR371W,0,-4.9510636,0.09428294748067856,0.9729999899864197,0.9347000122070312
YHR188C,YOR230W,0,-4.9527225,0.09427381306886673,0.9729999899864197,0.9348000288009644
YBR168W,YGR095C,0,-4.9532123,0.0942646786570549,0.9729999899864197,0.9348999857902527
YDR153C,YOR201C,0,-4.953406,0.09425554424524307,0.9729999899864197,0.9350000023841858
YIR010W,YDL175C,0,-4.9534326,0.09424641728401184,0.9729999899864197,0.9351000189781189
YJL001W,YDR120C,0,-4.9537272,0.09423729032278061,0.9729999899864197,0.9351999759674072
YPL255W,YGL174W,0,-4.9543757,0.09422816336154938,0.9729999899864197,0.9352999925613403
YBR109C,YGL113W,0,-4.954526,0.09421903640031815,0.9729999899864197,0.9354000091552734
YPL262W,YGR202C,0,-4.9552526,0.09420991688966751,0.9729999899864197,0.9355000257492065
YMR192W,YJR068W,0,-4.955604,0.09420079737901688,0.9729999899864197,0.9355999827384949
YDL147W,YKL126W,0,-4.9556584,0.09419167786836624,0.9729999899864197,0.935699999332428
YIL126W,YFL022C,0,-4.9557524,0.0941825583577156,0.9729999899864197,0.9358000159263611
YOR007C,YER022W,0,-4.9563155,0.09417343884706497,0.9729999899864197,0.9358999729156494
YDR379W,YER040W,0,-4.956468,0.09416432678699493,0.9729999899864197,0.9359999895095825
YKL074C,YOL142W,0,-4.956552,0.0941552147269249,0.9729999899864197,0.9361000061035156
YOR144C,YPL164C,1,-4.9587007,0.09424286335706711,0.9739999771118164,0.9361000061035156
YLR369W,YKR022C,0,-4.958896,0.09423374384641647,0.9739999771118164,0.9362000226974487
YER129W,YBR290W,0,-4.958928,0.09422463178634644,0.9739999771118164,0.9362999796867371
YML115C,YPL117C,0,-4.958978,0.0942155122756958,0.9739999771118164,0.9363999962806702
YAL029C,YNL088W,1,-4.9596725,0.09430312365293503,0.9750000238418579,0.9363999962806702
YNL268W,YNL231C,0,-4.9600177,0.0942940041422844,0.9750000238418579,0.9365000128746033
YBR265W,YPL140C,0,-4.9600644,0.09428488463163376,0.9750000238418579,0.9366000294685364
YMR285C,YLR147C,0,-4.9604774,0.09427576512098312,0.9750000238418579,0.9366999864578247
YGR029W,YIL138C,0,-4.9605446,0.09426665306091309,0.9750000238418579,0.9368000030517578
YDR091C,YNL135C,0,-4.9606094,0.09425754100084305,0.9750000238418579,0.9369000196456909
YBR278W,YMR112C,0,-4.960849,0.09424842894077301,0.9750000238418579,0.9369999766349792
YKL197C,YLR028C,0,-4.9618974,0.09423931688070297,0.9750000238418579,0.9370999932289124
YBR207W,YMR119W,0,-4.9622035,0.09423021227121353,0.9750000238418579,0.9372000098228455
YKL056C,YKL145W,0,-4.963942,0.09422110766172409,0.9750000238418579,0.9373000264167786
YMR267W,YDR339C,0,-4.965199,0.09421200305223465,0.9750000238418579,0.9373999834060669
YNL159C,YOL089C,0,-4.965493,0.09420289844274521,0.9750000238418579,0.9375
YDR175C,YPL181W,0,-4.96569,0.09419380128383636,0.9750000238418579,0.9376000165939331
YLR138W,YBL056W,0,-4.9659705,0.09418469667434692,0.9750000238418579,0.9376999735832214
YBR081C,YER030W,0,-4.9673214,0.09417559951543808,0.9750000238418579,0.9377999901771545
YCL024W,YGR252W,0,-4.967605,0.09416650235652924,0.9750000238418579,0.9379000067710876
YMR092C,YPL002C,0,-4.968891,0.09415741264820099,0.9750000238418579,0.9380000233650208
YHR152W,YPL091W,0,-4.969333,0.09414832293987274,0.9750000238418579,0.9380999803543091
YLR298C,YER112W,0,-4.9695516,0.0941392332315445,0.9750000238418579,0.9381999969482422
YLL006W,YNR008W,0,-4.9697785,0.09413014352321625,0.9750000238418579,0.9383000135421753
YMR301C,YBR236C,0,-4.9702425,0.094121053814888,0.9750000238418579,0.9383999705314636
YDR322C-A,YBR290W,0,-4.970785,0.09411197155714035,0.9750000238418579,0.9384999871253967
YCL031C,YKL018W,0,-4.9714527,0.0941028892993927,0.9750000238418579,0.9386000037193298
YGR227W,YDR359C,0,-4.971478,0.09409380704164505,0.9750000238418579,0.9387000203132629
YPL008W,YNL188W,0,-4.9716425,0.0940847247838974,0.9750000238418579,0.9387999773025513
YHR079C,YNL197C,0,-4.9716716,0.09407564997673035,0.9750000238418579,0.9388999938964844
YOR233W,YPL084W,0,-4.9717655,0.0940665677189827,0.9750000238418579,0.9390000104904175
YGL163C,YOL072W,1,-4.9722023,0.09415396302938461,0.9760000109672546,0.9390000104904175
YNL062C,YHR114W,0,-4.9725823,0.09414488077163696,0.9760000109672546,0.9391000270843506
YFR031C,YMR060C,0,-4.974022,0.09413580596446991,0.9760000109672546,0.9391999840736389
YJL128C,YGL017W,0,-4.9755507,0.09412672370672226,0.9760000109672546,0.939300000667572
YNL163C,YNL166C,0,-4.976436,0.0941176488995552,0.9760000109672546,0.9394000172615051
YDR384C,YGR078C,0,-4.976695,0.09410857409238815,0.9760000109672546,0.9394999742507935
YDR416W,YGR231C,0,-4.97677,0.0940994992852211,0.9760000109672546,0.9395999908447266
YNL082W,YDR076W,1,-4.9780874,0.09418682754039764,0.9769999980926514,0.9395999908447266
YGL167C,YJL186W,0,-4.9781413,0.09417775273323059,0.9769999980926514,0.9397000074386597
YDL100C,YDR036C,0,-4.979988,0.09416867792606354,0.9769999980926514,0.9398000240325928
YOR008C,YKL032C,0,-4.980177,0.09415959566831589,0.9769999980926514,0.9398999810218811
YOR320C,YLR220W,0,-4.980738,0.09415052831172943,0.9769999980926514,0.9399999976158142
YGR140W,YGR024C,0,-4.980806,0.09414145350456238,0.9769999980926514,0.9401000142097473
YLR427W,YLR096W,0,-4.981968,0.09413238614797592,0.9769999980926514,0.9401999711990356
YGR013W,YGR121C,0,-4.982033,0.09412331134080887,0.9769999980926514,0.9402999877929688
YDL159W,YJR090C,0,-4.982837,0.09411424398422241,0.9769999980926514,0.9404000043869019
YJL124C,YLR191W,0,-4.983845,0.09410518407821655,0.9769999980926514,0.940500020980835
YMR149W,YLR410W,0,-4.9840994,0.0940961167216301,0.9769999980926514,0.9405999779701233
YDR097C,YNL139C,1,-4.9844394,0.09418335556983948,0.9779999852180481,0.9405999779701233
YGR132C,YGR048W,0,-4.985613,0.09417428821325302,0.9779999852180481,0.9406999945640564
YJR007W,YDR337W,0,-4.985713,0.09416522085666656,0.9779999852180481,0.9408000111579895
YLR270W,YER143W,0,-4.9860616,0.09415615350008011,0.9779999852180481,0.9409000277519226
YLL022C,YDR098C,0,-4.9864955,0.09414709359407425,0.9779999852180481,0.9409999847412109
YDR477W,YPL059W,0,-4.9868083,0.09413803368806839,0.9779999852180481,0.941100001335144
YDR163W,YJL058C,0,-4.989075,0.09412897378206253,0.9779999852180481,0.9412000179290771
YBR024W,YDR178W,0,-4.9916377,0.09411991387605667,0.9779999852180481,0.9412999749183655
YMR239C,YOR319W,0,-4.991672,0.09411085397005081,0.9779999852180481,0.9413999915122986
YDR164C,YJR006W,0,-4.9917984,0.09410180151462555,0.9779999852180481,0.9415000081062317
YDL235C,YNL138W,0,-4.9919534,0.09409274905920029,0.9779999852180481,0.9416000247001648
YER177W,YLL024C,0,-4.9920497,0.09408369660377502,0.9779999852180481,0.9416999816894531
YGR072W,YFR001W,0,-4.9922748,0.09407464414834976,0.9779999852180481,0.9417999982833862
YDR159W,YKR085C,0,-4.9928308,0.0940655991435051,0.9779999852180481,0.9419000148773193
YER120W,YOL097C,0,-4.9962363,0.09405654668807983,0.9779999852180481,0.9419999718666077
YOR144C,YOL006C,1,-4.997474,0.09414366632699966,0.9789999723434448,0.9419999718666077
YNL119W,YDR425W,0,-4.998686,0.0941346138715744,0.9789999723434448,0.9420999884605408
YDR264C,YOR057W,0,-4.9996457,0.09412556141614914,0.9789999723434448,0.9422000050544739
YJR121W,YOR117W,0,-5.0011907,0.09411651641130447,0.9789999723434448,0.942300021648407
YMR311C,YOR209C,0,-5.002882,0.09410747140645981,0.9789999723434448,0.9423999786376953
YDR217C,YEL061C,0,-5.003142,0.09409842640161514,0.9789999723434448,0.9424999952316284
YGL155W,YML021C,0,-5.004373,0.09408938139677048,0.9789999723434448,0.9426000118255615
YPL020C,YBR024W,0,-5.004643,0.09408033639192581,0.9789999723434448,0.9427000284194946
YML094W,YGR278W,0,-5.005465,0.09407129883766174,0.9789999723434448,0.942799985408783
YNL082W,YOR354C,1,-5.006082,0.09415833652019501,0.9800000190734863,0.942799985408783
YCR033W,YBR275C,0,-5.006182,0.09414929151535034,0.9800000190734863,0.9429000020027161
YGL111W,YDL064W,0,-5.007179,0.09414024651050568,0.9800000190734863,0.9430000185966492
YDR088C,YPL119C,0,-5.0084386,0.09413120895624161,0.9800000190734863,0.9430999755859375
YLR260W,YGL190C,0,-5.010391,0.09412216395139694,0.9800000190734863,0.9431999921798706
YBR236C,YGL222C,0,-5.0104117,0.09411312639713287,0.9800000190734863,0.9433000087738037
YKL192C,YLR110C,0,-5.0108466,0.0941040888428688,0.9800000190734863,0.9434000253677368
YBR103W,YLR427W,0,-5.011249,0.09409505873918533,0.9800000190734863,0.9434999823570251
YKL134C,YDL028C,0,-5.0116935,0.09408602118492126,0.9800000190734863,0.9435999989509583
YPR075C,YPL270W,0,-5.0123954,0.09407699108123779,0.9800000190734863,0.9437000155448914
YLR020C,YDR200C,0,-5.0126004,0.09406796097755432,0.9800000190734863,0.9437999725341797
YMR080C,YDL236W,0,-5.012861,0.09405893087387085,0.9800000190734863,0.9438999891281128
YOL100W,YJL186W,0,-5.013064,0.09404990077018738,0.9800000190734863,0.9440000057220459
YGR121C,YAL031C,0,-5.013354,0.0940408781170845,0.9800000190734863,0.944100022315979
YDR342C,YDR178W,0,-5.013529,0.09403185546398163,0.9800000190734863,0.9441999793052673
YBR133C,YBR086C,0,-5.014296,0.09402283281087875,0.9800000190734863,0.9442999958992004
YGL029W,YMR235C,0,-5.0147963,0.09401381760835648,0.9800000190734863,0.9444000124931335
YIL150C,YPR179C,0,-5.016052,0.0940047949552536,0.9800000190734863,0.9445000290870667
YKL190W,YKL148C,0,-5.01619,0.09399577975273132,0.9800000190734863,0.944599986076355
YOL115W,YDR178W,0,-5.0167723,0.09398676455020905,0.9800000190734863,0.9447000026702881
YLR085C,YKR028W,0,-5.0175304,0.09397774934768677,0.9800000190734863,0.9448000192642212
YOL127W,YOR103C,0,-5.0180144,0.09396874159574509,0.9800000190734863,0.9448999762535095
YOR085W,YJL186W,0,-5.0190983,0.0939597338438034,0.9800000190734863,0.9449999928474426
YDR167W,YNL084C,0,-5.0194993,0.09395072609186172,0.9800000190734863,0.9451000094413757
YPL203W,YHR158C,0,-5.0197086,0.09394171833992004,0.9800000190734863,0.9452000260353088
YLR405W,YJR069C,0,-5.020697,0.09393271058797836,0.9800000190734863,0.9452999830245972
YAL016W,YDR389W,0,-5.0209336,0.09392371028661728,0.9800000190734863,0.9453999996185303
YDR477W,YML034W,0,-5.0218825,0.0939147099852562,0.9800000190734863,0.9455000162124634
YCR053W,YPL270W,0,-5.022163,0.09390570968389511,0.9800000190734863,0.9455999732017517
YJL146W,YHR001W,0,-5.023763,0.09389671683311462,0.9800000190734863,0.9456999897956848
YDR389W,YLR410W,0,-5.0238976,0.09388771653175354,0.9800000190734863,0.9458000063896179
YGR216C,YIL142W,0,-5.025971,0.09387872368097305,0.9800000190734863,0.945900022983551
YKL074C,YNL298W,0,-5.0262456,0.09386973083019257,0.9800000190734863,0.9459999799728394
YLR005W,YJR040W,0,-5.026915,0.09386073797941208,0.9800000190734863,0.9460999965667725
YOL133W,YIL065C,0,-5.027005,0.09385175257921219,0.9800000190734863,0.9462000131607056
YNL154C,YNL291C,0,-5.027114,0.0938427671790123,0.9800000190734863,0.9463000297546387
YKR028W,YOR116C,0,-5.027291,0.09383378177881241,0.9800000190734863,0.946399986743927
YDR147W,YDR150W,0,-5.0280604,0.09382479637861252,0.9800000190734863,0.9465000033378601
YPR161C,YAR014C,0,-5.0283,0.09381581097841263,0.9800000190734863,0.9466000199317932
YKL095W,YNL325C,0,-5.0297747,0.09380683302879333,0.9800000190734863,0.9466999769210815
YPR041W,YDL212W,0,-5.0303254,0.09379785507917404,0.9800000190734863,0.9467999935150146
YPR018W,YIL147C,0,-5.032702,0.09378887712955475,0.9800000190734863,0.9469000101089478
YKL040C,YNR023W,0,-5.03486,0.09377990663051605,0.9800000190734863,0.9470000267028809
YOR085W,YHR001W,0,-5.0361667,0.09377092868089676,0.9800000190734863,0.9470999836921692
YDR507C,YFR004W,0,-5.0362887,0.09376195818185806,0.9800000190734863,0.9472000002861023
YPL037C,YPR036W,0,-5.036331,0.09375298768281937,0.9800000190734863,0.9473000168800354
YMR109W,YKL145W,0,-5.037064,0.09374402463436127,0.9800000190734863,0.9473999738693237
YGR278W,YLR007W,0,-5.0379806,0.09373505413532257,0.9800000190734863,0.9474999904632568
YDR093W,YER133W,0,-5.039043,0.09372609108686447,0.9800000190734863,0.9476000070571899
YKR099W,YOL006C,1,-5.0396767,0.09381275624036789,0.9810000061988831,0.9476000070571899
YOL033W,YOR386W,0,-5.0406246,0.0938037857413292,0.9810000061988831,0.947700023651123
YLR005W,YEL013W,0,-5.041126,0.0937948152422905,0.9810000061988831,0.9477999806404114
YNL123W,YNL138W,0,-5.0412393,0.0937858521938324,0.9810000061988831,0.9478999972343445
YDR346C,YLR060W,0,-5.0434093,0.0937768891453743,0.9810000061988831,0.9480000138282776
YLR298C,YJL019W,0,-5.0438714,0.0937679186463356,0.9810000061988831,0.9480999708175659
YGR095C,YDR088C,0,-5.044194,0.0937589630484581,0.9810000061988831,0.948199987411499
YBR024W,YJL030W,0,-5.044558,0.09375,0.9810000061988831,0.9483000040054321
YKL194C,YCR052W,0,-5.044687,0.0937410444021225,0.9810000061988831,0.9484000205993652
YDR060W,YDR194C,0,-5.0447354,0.0937320813536644,0.9810000061988831,0.9484999775886536
YDR166C,YPL050C,0,-5.0457616,0.09372313320636749,0.9810000061988831,0.9485999941825867
YLR166C,YLR028C,0,-5.0464783,0.09371417760848999,0.9810000061988831,0.9487000107765198
YML029W,YMR197C,0,-5.0465713,0.09370522201061249,0.9810000061988831,0.9488000273704529
YLR113W,YLR130C,0,-5.0470023,0.09369627386331558,0.9810000061988831,0.9488999843597412
YER040W,YPL180W,0,-5.048159,0.09368732571601868,0.9810000061988831,0.9490000009536743
YOR259C,YGR024C,0,-5.048492,0.09367837756872177,0.9810000061988831,0.9491000175476074
YIL142W,YPR113W,0,-5.048499,0.09366943687200546,0.9810000061988831,0.9491999745368958
YKL064W,YJR045C,0,-5.048696,0.09366049617528915,0.9810000061988831,0.9492999911308289
YLR069C,YDR212W,0,-5.0487304,0.09365154802799225,0.9810000061988831,0.949400007724762
YDL154W,YLR418C,1,-5.048878,0.09373807162046432,0.9819999933242798,0.949400007724762
YML091C,YBL093C,0,-5.0498443,0.09372912347316742,0.9819999933242798,0.9495000243186951
YNL291C,YAL043C,0,-5.050842,0.09372017532587051,0.9819999933242798,0.9495999813079834
YLR459W,YDL035C,0,-5.0513315,0.0937112346291542,0.9819999933242798,0.9496999979019165
YNL159C,YML029W,0,-5.052826,0.0937022864818573,0.9819999933242798,0.9498000144958496
YDL078C,YPR113W,0,-5.053249,0.09369335323572159,0.9819999933242798,0.9498999714851379
YER190W,YGR296W,1,-5.053286,0.09377980977296829,0.9829999804496765,0.9498999714851379
YEL063C,YHL027W,0,-5.054311,0.09377086907625198,0.9829999804496765,0.949999988079071
YPL244C,YPL206C,0,-5.0548816,0.09376192092895508,0.9829999804496765,0.9501000046730042
YPR100W,YBR231C,0,-5.0554233,0.09375298023223877,0.9829999804496765,0.9502000212669373
YBR172C,YPL053C,0,-5.055841,0.09374403953552246,0.9829999804496765,0.9502999782562256
YLR384C,YLR028C,0,-5.058549,0.09373509883880615,0.9829999804496765,0.9503999948501587
YDR059C,YJL128C,0,-5.0590835,0.09372616559267044,0.9829999804496765,0.9505000114440918
YLR291C,YGR024C,0,-5.060161,0.09371722489595413,0.9829999804496765,0.9506000280380249
YLR138W,YLR182W,0,-5.0606494,0.09370829164981842,0.9829999804496765,0.9506999850273132
YNL159C,YBR086C,0,-5.0608745,0.09369935840368271,0.9829999804496765,0.9508000016212463
YPL139C,YER030W,0,-5.061,0.0936904326081276,0.9829999804496765,0.9509000182151794
YOL097C,YBL064C,0,-5.0622234,0.09368149936199188,0.9829999804496765,0.9509999752044678
YPL244C,YCL052C,0,-5.0631914,0.09367257356643677,0.9829999804496765,0.9510999917984009
YBL088C,YDR386W,1,-5.0642433,0.09375893324613571,0.984000027179718,0.9510999917984009
YEL017C-A,YIL138C,0,-5.0656314,0.09375,0.984000027179718,0.951200008392334
YDR264C,YOR171C,0,-5.0665946,0.09374106675386429,0.984000027179718,0.9513000249862671
YDR353W,YPL091W,0,-5.067153,0.09373214095830917,0.984000027179718,0.9513999819755554
YNR016C,YPR052C,0,-5.0674453,0.09372321516275406,0.984000027179718,0.9514999985694885
YER155C,YPR036W,0,-5.0686784,0.09371428936719894,0.984000027179718,0.9516000151634216
YPR165W,YMR208W,0,-5.0691013,0.09370536357164383,0.984000027179718,0.95169997215271
YLR291C,YLR220W,0,-5.0698857,0.09369643777608871,0.984000027179718,0.9517999887466431
YBR119W,YDL015C,0,-5.0702205,0.0936875194311142,0.984000027179718,0.9519000053405762
YDL078C,YGL071W,0,-5.070475,0.09367860108613968,0.984000027179718,0.9520000219345093
YOR005C,YMR080C,0,-5.0710917,0.09366968274116516,0.984000027179718,0.9520999789237976
YDR310C,YDR167W,0,-5.071441,0.09366076439619064,0.984000027179718,0.9521999955177307
YHL003C,YPL084W,0,-5.0716386,0.09365185350179672,0.984000027179718,0.9523000121116638
YNR023W,YOR179C,0,-5.0720468,0.0936429351568222,0.984000027179718,0.9524000287055969
YOR193W,YER008C,0,-5.072416,0.09363402426242828,0.984000027179718,0.9524999856948853
YML028W,YNL219C,0,-5.0732856,0.09362512081861496,0.984000027179718,0.9526000022888184
YDL155W,YMR197C,0,-5.0733027,0.09361620992422104,0.984000027179718,0.9527000188827515
YGR220C,YER159C,0,-5.073311,0.09360730648040771,0.984000027179718,0.9527999758720398
YLR220W,YNL232W,0,-5.0737286,0.09359840303659439,0.984000027179718,0.9528999924659729
YPL020C,YDL047W,0,-5.0751576,0.09358949959278107,0.984000027179718,0.953000009059906
YDR057W,YDL108W,0,-5.076189,0.09358059614896774,0.984000027179718,0.9531000256538391
YIR010W,YDL078C,0,-5.076739,0.09357170015573502,0.984000027179718,0.9531999826431274
YDR280W,YLR096W,0,-5.0775228,0.09356280416250229,0.984000027179718,0.9532999992370605
YGR081C,YLR007W,0,-5.077825,0.09355390816926956,0.984000027179718,0.9534000158309937
YCR033W,YDR190C,0,-5.0793624,0.09354501217603683,0.984000027179718,0.953499972820282
YNL199C,YNL031C,0,-5.0797143,0.0935361236333847,0.984000027179718,0.9535999894142151
YAL016W,YDR057W,0,-5.0804887,0.09352722764015198,0.984000027179718,0.9537000060081482
YDR211W,YOL116W,0,-5.082038,0.09351833909749985,0.984000027179718,0.9538000226020813
YLR369W,YGL190C,0,-5.0825424,0.09350945800542831,0.984000027179718,0.9538999795913696
YOR094W,YNL119W,0,-5.0846705,0.09350056946277618,0.984000027179718,0.9539999961853027
YKL190W,YPL055C,0,-5.085137,0.09349168837070465,0.984000027179718,0.9541000127792358
YDR069C,YBR039W,0,-5.0857415,0.09348280727863312,0.984000027179718,0.954200029373169
YDL002C,YPR128C,0,-5.086161,0.09347392618656158,0.984000027179718,0.9542999863624573
YOL125W,YOL021C,0,-5.0878997,0.09346504509449005,0.984000027179718,0.9544000029563904
YJR001W,YNL029C,0,-5.087919,0.09345617145299911,0.984000027179718,0.9545000195503235
YDL064W,YOR122C,0,-5.0886884,0.09344729036092758,0.984000027179718,0.9545999765396118
YDR021W,YBL055C,0,-5.088938,0.09343841671943665,0.984000027179718,0.9546999931335449
YJR050W,YBR123C,0,-5.0892067,0.0934295505285263,0.984000027179718,0.954800009727478
YOR335C,YBL056W,0,-5.089837,0.09342067688703537,0.984000027179718,0.9549000263214111
YBL088C,YOL072W,1,-5.0904856,0.09350673854351044,0.9850000143051147,0.9549000263214111
YLR399C,YDR164C,0,-5.092454,0.0934978649020195,0.9850000143051147,0.9549999833106995
YJL134W,YLR025W,0,-5.09279,0.09348899126052856,0.9850000143051147,0.9550999999046326
YAL055W,YDR151C,0,-5.0932107,0.09348011761903763,0.9850000143051147,0.9552000164985657
YPR008W,YHR034C,0,-5.0948844,0.09347124397754669,0.9850000143051147,0.955299973487854
YDR389W,YDR362C,0,-5.0967593,0.09346237778663635,0.9850000143051147,0.9553999900817871
YJR050W,YNL219C,0,-5.0980015,0.09345351159572601,0.9850000143051147,0.9555000066757202
YJR057W,YFL013C,0,-5.099094,0.09344464540481567,0.9850000143051147,0.9556000232696533
YMR302C,YIL026C,0,-5.0997615,0.09343577921390533,0.9850000143051147,0.9556999802589417
YDR172W,YOL124C,0,-5.0999885,0.09342692047357559,0.9850000143051147,0.9557999968528748
YOR057W,YBL058W,0,-5.1001663,0.09341805428266525,0.9850000143051147,0.9559000134468079
YKR022C,YLR191W,0,-5.102198,0.09340919554233551,0.9850000143051147,0.9559999704360962
YMR263W,YJR049C,0,-5.102665,0.09340034425258636,0.9850000143051147,0.9560999870300293
YPL112C,YMR240C,0,-5.1032796,0.09339148551225662,0.9850000143051147,0.9562000036239624
YPR190C,YDR365C,0,-5.1046567,0.09338263422250748,0.9850000143051147,0.9563000202178955
YOL080C,YBR257W,0,-5.105541,0.09337378293275833,0.9850000143051147,0.9563999772071838
YLR003C,YDL111C,0,-5.107384,0.09336493164300919,0.9850000143051147,0.9564999938011169
YLR147C,YKL114C,0,-5.1085844,0.09335608035326004,0.9850000143051147,0.95660001039505
YGR185C,YPR036W,0,-5.108768,0.0933472290635109,0.9850000143051147,0.9567000269889832
YDR180W,YAL029C,1,-5.1120763,0.09343314915895462,0.9860000014305115,0.9567000269889832
YDR394W,YDR265W,0,-5.113317,0.09342429041862488,0.9860000014305115,0.9567999839782715
YJL029C,YKL022C,0,-5.114367,0.09341544657945633,0.9860000014305115,0.9569000005722046
YDR217C,YBR081C,0,-5.1147923,0.09340659528970718,0.9860000014305115,0.9570000171661377
YDL115C,YBR036C,0,-5.1166472,0.09339774399995804,0.9860000014305115,0.957099974155426
YBR030W,YDL148C,0,-5.119251,0.09338890016078949,0.9860000014305115,0.9571999907493591
YMR277W,YNL068C,0,-5.119637,0.09338005632162094,0.9860000014305115,0.9573000073432922
YBL052C,YMR036C,0,-5.1209416,0.09337121248245239,0.9860000014305115,0.9574000239372253
YIL126W,YJL002C,0,-5.121944,0.09336236864328384,0.9860000014305115,0.9574999809265137
YPL043W,YGL227W,0,-5.122497,0.09335353225469589,0.9860000014305115,0.9575999975204468
YBL006C,YNL290W,0,-5.1228147,0.09334469586610794,0.9860000014305115,0.9577000141143799
YJL019W,YMR236W,0,-5.1237793,0.09333585947751999,0.9860000014305115,0.9577999711036682
YNL156C,YGR199W,0,-5.124038,0.09332702308893204,0.9860000014305115,0.9578999876976013
YNL219C,YBR041W,0,-5.1245255,0.09331818670034409,0.9860000014305115,0.9580000042915344
YNL159C,YOR057W,0,-5.126908,0.09330935776233673,0.9860000014305115,0.9581000208854675
YHR194W,YNL188W,0,-5.127172,0.09330052882432938,0.9860000014305115,0.9581999778747559
YDR036C,YEL017C-A,0,-5.1274934,0.09329169988632202,0.9860000014305115,0.958299994468689
YJL111W,YNR015W,0,-5.1290646,0.09328287839889526,0.9860000014305115,0.9584000110626221
YAL029C,YDL185W,1,-5.129477,0.09336864948272705,0.9869999885559082,0.9584000110626221
YPL217C,YGR158C,0,-5.129864,0.0933598205447197,0.9869999885559082,0.9585000276565552
YOR008C,YDR422C,0,-5.1301494,0.09335099160671234,0.9869999885559082,0.9585999846458435
YOR275C,YJL146W,0,-5.130205,0.09334216266870499,0.9869999885559082,0.9587000012397766
YOL100W,YDL175C,0,-5.1321063,0.09333333373069763,0.9869999885559082,0.9588000178337097
YCL051W,YMR076C,0,-5.1325784,0.09332450479269028,0.9869999885559082,0.958899974822998
YOR130C,YML013W,0,-5.1330857,0.09331568330526352,0.9869999885559082,0.9589999914169312
YKL101W,YER129W,0,-5.1333346,0.09330686181783676,0.9869999885559082,0.9591000080108643
YMR138W,YDR167W,0,-5.1336303,0.09329804033041,0.9869999885559082,0.9592000246047974
YJL125C,YPR187W,0,-5.13425,0.09328922629356384,0.9869999885559082,0.9592999815940857
YGR191W,YJL183W,0,-5.1353445,0.09328040480613708,0.9869999885559082,0.9593999981880188
YLR291C,YLR316C,0,-5.1363273,0.09327159076929092,0.9869999885559082,0.9595000147819519
YGL097W,YBL082C,0,-5.1369586,0.09326277673244476,0.9869999885559082,0.9595999717712402
YMR092C,YKR089C,0,-5.1375513,0.0932539701461792,0.9869999885559082,0.9596999883651733
YNR001C,YBR169C,0,-5.138273,0.09324515610933304,0.9869999885559082,0.9598000049591064
YNL001W,YIL079C,0,-5.1389346,0.09323634952306747,0.9869999885559082,0.9599000215530396
YGR132C,YDL150W,0,-5.1389384,0.09322754293680191,0.9869999885559082,0.9599999785423279
YDL175C,YKR003W,0,-5.139733,0.09321873635053635,0.9869999885559082,0.960099995136261
YDR388W,YCR028C,0,-5.1398787,0.09320993721485138,0.9869999885559082,0.9602000117301941
YGL011C,YER008C,0,-5.140336,0.09320113062858582,0.9869999885559082,0.9603000283241272
YJR049C,YGL065C,0,-5.140443,0.09319233149290085,0.9869999885559082,0.9603999853134155
YDR302W,YGR020C,0,-5.141904,0.09318353235721588,0.9869999885559082,0.9605000019073486
YNL118C,YGL066W,0,-5.143128,0.09317474067211151,0.9869999885559082,0.9606000185012817
YEL015W,YGR195W,0,-5.14667,0.09316594153642654,0.9869999885559082,0.9606999754905701
YOR157C,YMR208W,0,-5.148405,0.09315714985132217,0.9869999885559082,0.9607999920845032
YDR096W,YHR148W,0,-5.1490226,0.0931483581662178,0.9869999885559082,0.9609000086784363
YGR116W,YLR291C,0,-5.149254,0.09313956648111343,0.9869999885559082,0.9610000252723694
YOL133W,YNL161W,0,-5.1501822,0.09313078224658966,0.9869999885559082,0.9610999822616577
YNL133C,YOR265W,0,-5.150393,0.09312199056148529,0.9869999885559082,0.9611999988555908
YCL029C,YJL186W,0,-5.150442,0.09311320632696152,0.9869999885559082,0.9613000154495239
YPL112C,YML013W,0,-5.1508956,0.09310442209243774,0.9869999885559082,0.9613999724388123
YKL148C,YIL079C,0,-5.1515822,0.09309564530849457,0.9869999885559082,0.9614999890327454
YKL045W,YNR032W,0,-5.152179,0.0930868610739708,0.9869999885559082,0.9616000056266785
YOR172W,YMR077C,0,-5.152573,0.09307808429002762,0.9869999885559082,0.9617000222206116
YDL005C,YDR400W,0,-5.1532702,0.09306930750608444,0.9869999885559082,0.9617999792098999
YBR265W,YIL142W,0,-5.1534905,0.09306053072214127,0.9869999885559082,0.961899995803833
YDL128W,YNL166C,0,-5.156255,0.09305176138877869,0.9869999885559082,0.9620000123977661
YGL061C,YOR037W,0,-5.156377,0.09304298460483551,0.9869999885559082,0.9621000289916992
YPR187W,YML074C,0,-5.1566863,0.09303421527147293,0.9869999885559082,0.9621999859809875
YBL052C,YMR288W,0,-5.158183,0.09302544593811035,0.9869999885559082,0.9623000025749207
YDR416W,YEL019C,0,-5.158816,0.09301668405532837,0.9869999885559082,0.9624000191688538
YMR137C,YKR083C,0,-5.1596,0.09300791472196579,0.9869999885559082,0.9624999761581421
YCR084C,YHR205W,0,-5.159608,0.09299915283918381,0.9869999885559082,0.9625999927520752
YNL188W,YDR339C,0,-5.1601677,0.09299039095640182,0.9869999885559082,0.9627000093460083
YBL052C,YPR171W,0,-5.1610384,0.09298162907361984,0.9869999885559082,0.9628000259399414
YDR073W,YBR022W,0,-5.162461,0.09297287464141846,0.9869999885559082,0.9628999829292297
YDL231C,YDL004W,0,-5.1640496,0.09296411275863647,0.9869999885559082,0.9629999995231628
YLR007W,YJL166W,0,-5.1641097,0.09295535832643509,0.9869999885559082,0.963100016117096
YER125W,YKL058W,0,-5.165425,0.0929466038942337,0.9869999885559082,0.9631999731063843
YML115C,YMR188C,0,-5.165896,0.09293784946203232,0.9869999885559082,0.9632999897003174
YPL203W,YEL013W,0,-5.167564,0.09292910248041153,0.9869999885559082,0.9634000062942505
YOL100W,YIL017C,0,-5.1711135,0.09292035549879074,0.9869999885559082,0.9635000228881836
YOR275C,YGL003C,0,-5.1716475,0.09291160851716995,0.9869999885559082,0.9635999798774719
YNL225C,YER030W,0,-5.1717453,0.09290286153554916,0.9869999885559082,0.963699996471405
YBR002C,YBL055C,0,-5.1722465,0.09289411455392838,0.9869999885559082,0.9638000130653381
YDR477W,YOR194C,0,-5.173909,0.09288537502288818,0.9869999885559082,0.9639000296592712
YJL124C,YNL091W,0,-5.175039,0.09287663549184799,0.9869999885559082,0.9639999866485596
YJL154C,YGL113W,0,-5.1756563,0.0928678959608078,0.9869999885559082,0.9641000032424927
YJR121W,YGL253W,0,-5.176247,0.09285915642976761,0.9869999885559082,0.9642000198364258
YOR145C,YBR172C,0,-5.1769648,0.09285042434930801,0.9869999885559082,0.9642999768257141
YLR369W,YHR150W,0,-5.1770673,0.09284169226884842,0.9869999885559082,0.9643999934196472
YGL173C,YNL099C,0,-5.178115,0.09283296018838882,0.9869999885559082,0.9645000100135803
YMR026C,YJR068W,0,-5.179563,0.09282422810792923,0.9869999885559082,0.9646000266075134
YBL088C,YLR418C,1,-5.181248,0.09290953725576401,0.9879999756813049,0.9646000266075134
YPR108W,YNR035C,0,-5.181598,0.09290079772472382,0.9879999756813049,0.9646999835968018
YNL147W,YDR456W,0,-5.1838856,0.09289206564426422,0.9879999756813049,0.9648000001907349
YDL126C,YLR028C,0,-5.1840205,0.09288333356380463,0.9879999756813049,0.964900016784668
YDR260C,YDL015C,0,-5.18416,0.09287460148334503,0.9879999756813049,0.9649999737739563
YGR253C,YPR024W,0,-5.185946,0.09286586940288544,0.9879999756813049,0.9650999903678894
YEL013W,YOL146W,0,-5.186214,0.09285714477300644,0.9879999756813049,0.9652000069618225
YOR319W,YJL166W,0,-5.186539,0.09284842014312744,0.9879999756813049,0.9653000235557556
YOR067C,YOR239W,0,-5.187981,0.09283968806266785,0.9879999756813049,0.965399980545044
YBL023C,YPR023C,0,-5.1885724,0.09283097088336945,0.9879999756813049,0.965499997138977
YKL188C,YOL133W,0,-5.1904902,0.09282224625349045,0.9879999756813049,0.9656000137329102
YDR376W,YDL004W,0,-5.1915307,0.09281352907419205,0.9879999756813049,0.9656999707221985
YLR069C,YLR148W,0,-5.1957474,0.09280481189489365,0.9879999756813049,0.9657999873161316
YKR067W,YBR212W,0,-5.19601,0.09279609471559525,0.9879999756813049,0.9659000039100647
YBR022W,YER094C,0,-5.1963253,0.09278737753629684,0.9879999756813049,0.9660000205039978
YFR013W,YJL134W,0,-5.1967854,0.09277866780757904,0.9879999756813049,0.9660999774932861
YPL020C,YMR039C,0,-5.197372,0.09276995062828064,0.9879999756813049,0.9661999940872192
YDR036C,YOR270C,0,-5.1974993,0.09276124089956284,0.9879999756813049,0.9663000106811523
YDR021W,YOL013C,0,-5.198258,0.09275253117084503,0.9879999756813049,0.9664000272750854
YNL186W,YKL009W,0,-5.199933,0.09274382889270782,0.9879999756813049,0.9664999842643738
YPL227C,YPL045W,0,-5.201725,0.09273512661457062,0.9879999756813049,0.9666000008583069
YOR335C,YFR004W,0,-5.20241,0.09272641688585281,0.9879999756813049,0.96670001745224
YPR056W,YOL116W,0,-5.2036057,0.0927177146077156,0.9879999756813049,0.9667999744415283
YDR477W,YNL084C,0,-5.204244,0.092709019780159,0.9879999756813049,0.9668999910354614
YBL102W,YNL225C,0,-5.207722,0.09270031750202179,0.9879999756813049,0.9670000076293945
YOR008C,YLR105C,0,-5.2080083,0.09269162267446518,0.9879999756813049,0.9671000242233276
YML113W,YKR081C,0,-5.2092977,0.09268292784690857,0.9879999756813049,0.967199981212616
YGL004C,YGL018C,0,-5.209588,0.09267423301935196,0.9879999756813049,0.9672999978065491
YKR055W,YGR030C,0,-5.210872,0.09266553819179535,0.9879999756813049,0.9674000144004822
YGR199W,YML048W,0,-5.210875,0.09265685081481934,0.9879999756813049,0.9674999713897705
YDL064W,YKL064W,0,-5.212866,0.09264816343784332,0.9879999756813049,0.9675999879837036
YHR066W,YPR187W,0,-5.2141004,0.09263947606086731,0.9879999756813049,0.9677000045776367
YJR103W,YBR273C,0,-5.2149663,0.0926307886838913,0.9879999756813049,0.9678000211715698
YLR105C,YDL028C,0,-5.2173743,0.09262210875749588,0.9879999756813049,0.9678999781608582
YLL008W,YJR007W,0,-5.218306,0.09261342138051987,0.9879999756813049,0.9679999947547913
YPL164C,YGL175C,1,-5.2185016,0.09269846975803375,0.9890000224113464,0.9679999947547913
YLR410W,YNR008W,0,-5.2195764,0.09268978238105774,0.9890000224113464,0.9681000113487244
YDR093W,YDR219C,0,-5.219613,0.09268109500408173,0.9890000224113464,0.9682000279426575
YDR346C,YBR155W,0,-5.219986,0.09267241507768631,0.9890000224113464,0.9682999849319458
YNL139C,YOL006C,1,-5.2200794,0.09275742620229721,0.9900000095367432,0.9682999849319458
YNL163C,YDL201W,0,-5.2206426,0.0927487388253212,0.9900000095367432,0.9684000015258789
YIL016W,YOL064C,0,-5.2213306,0.09274004399776459,0.9900000095367432,0.968500018119812
YOR007C,YHR001W,0,-5.2223754,0.09273135662078857,0.9900000095367432,0.9685999751091003
YGR275W,YGR167W,0,-5.222636,0.09272267669439316,0.9900000095367432,0.9686999917030334
YKL099C,YMR302C,0,-5.223615,0.09271398931741714,0.9900000095367432,0.9688000082969666
YGL191W,YIL114C,0,-5.223844,0.09270530939102173,0.9900000095367432,0.9689000248908997
YHR052W,YCR035C,0,-5.2245183,0.09269662946462631,0.9900000095367432,0.968999981880188
YDR211W,YGR024C,0,-5.2256293,0.0926879495382309,0.9900000095367432,0.9690999984741211
YLL022C,YIL138C,0,-5.2256365,0.09267927706241608,0.9900000095367432,0.9692000150680542
YOR004W,YPL050C,0,-5.2258267,0.09267059713602066,0.9900000095367432,0.9692999720573425
YKL160W,YDR463W,0,-5.225853,0.09266192466020584,0.9900000095367432,0.9693999886512756
YOL066C,YBR060C,0,-5.228047,0.09265325218439102,0.9900000095367432,0.9695000052452087
YFR013W,YPL060W,0,-5.228413,0.0926445797085762,0.9900000095367432,0.9696000218391418
YHR148W,YAL035W,0,-5.229094,0.09263591468334198,0.9900000095367432,0.9696999788284302
YDR251W,YML115C,0,-5.2305818,0.09262724220752716,0.9900000095367432,0.9697999954223633
YDR211W,YMR125W,0,-5.231541,0.09261857718229294,0.9900000095367432,0.9699000120162964
YMR056C,YKL146W,0,-5.232347,0.09260991215705872,0.9900000095367432,0.9700000286102295
YGL006W,YGL169W,0,-5.232448,0.09260125458240509,0.9900000095367432,0.9700999855995178
YPR041W,YLR002C,0,-5.2374063,0.09259258955717087,0.9900000095367432,0.9702000021934509
YNL149C,YGL066W,0,-5.237516,0.09258393198251724,0.9900000095367432,0.970300018787384
YIR012W,YDR075W,0,-5.237907,0.09257527440786362,0.9900000095367432,0.9703999757766724
YDR477W,YPR023C,0,-5.2383604,0.09256661683320999,0.9900000095367432,0.9704999923706055
YNL088W,YDR289C,1,-5.2390456,0.09265145659446716,0.9909999966621399,0.9704999923706055
YDR436W,YPR057W,0,-5.23912,0.09264279901981354,0.9909999966621399,0.9706000089645386
YGL155W,YMR026C,0,-5.239322,0.09263413399457932,0.9909999966621399,0.9707000255584717
YGR220C,YGR252W,0,-5.2415037,0.09262547641992569,0.9909999966621399,0.97079998254776
YOR027W,YDR258C,0,-5.243265,0.09261681884527206,0.9909999966621399,0.9708999991416931
YER155C,YNR013C,0,-5.243327,0.09260816872119904,0.9909999966621399,0.9710000157356262
YER190W,YNL339C,1,-5.243795,0.09269295632839203,0.9919999837875366,0.9710000157356262
YOL100W,YAL031C,0,-5.244131,0.0926842913031578,0.9919999837875366,0.9710999727249146
YNL154C,YOL116W,0,-5.2454104,0.09267563372850418,0.9919999837875366,0.9711999893188477
YGR231C,YLR023C,0,-5.2455497,0.09266697615385056,0.9919999837875366,0.9713000059127808
YDR200C,YGL066W,0,-5.245754,0.09265832602977753,0.9919999837875366,0.9714000225067139
YHR114W,YNL173C,0,-5.2464614,0.0926496684551239,0.9919999837875366,0.9714999794960022
YDR456W,YGL167C,0,-5.247912,0.09264101833105087,0.9919999837875366,0.9715999960899353
YDR478W,YOR034C,0,-5.249433,0.09263236820697784,0.9919999837875366,0.9717000126838684
YJL002C,YMR188C,0,-5.249946,0.09262371808290482,0.9919999837875366,0.9718000292778015
YML078W,YML129C,0,-5.252045,0.09261506795883179,0.9919999837875366,0.9718999862670898
YGL065C,YPL180W,0,-5.253827,0.09260642528533936,0.9919999837875366,0.972000002861023
YLR069C,YLR028C,0,-5.254414,0.09259777516126633,0.9919999837875366,0.972100019454956
YOL013C,YDR085C,0,-5.2552905,0.0925891324877739,0.9919999837875366,0.9721999764442444
YOR007C,YBR290W,0,-5.2563214,0.09258049726486206,0.9919999837875366,0.9722999930381775
YNL159C,YBR173C,0,-5.25759,0.09257185459136963,0.9919999837875366,0.9724000096321106
YKL166C,YLR096W,0,-5.2576995,0.0925632193684578,0.9919999837875366,0.9725000262260437
YGR116W,YGL174W,0,-5.2598658,0.09255458414554596,0.9919999837875366,0.972599983215332
YLR186W,YML073C,0,-5.2620163,0.09254594892263412,0.9919999837875366,0.9726999998092651
YJR007W,YDR414C,0,-5.2627263,0.09253731369972229,0.9919999837875366,0.9728000164031982
YGL006W,YMR109W,0,-5.262941,0.09252867847681046,0.9919999837875366,0.9728999733924866
YOR172W,YJR076C,0,-5.2643065,0.09252005070447922,0.9919999837875366,0.9729999899864197
YGL011C,YOL013C,0,-5.264871,0.09251142293214798,0.9919999837875366,0.9731000065803528
YJR007W,YNL177C,0,-5.2657337,0.09250279515981674,0.9919999837875366,0.9732000231742859
YNL055C,YNL098C,0,-5.266186,0.0924941748380661,0.9919999837875366,0.9732999801635742
YGL111W,YER036C,0,-5.267925,0.09248554706573486,0.9919999837875366,0.9733999967575073
YNR001C,YKL034W,0,-5.268367,0.09247692674398422,0.9919999837875366,0.9735000133514404
YJR135C,YGR227W,0,-5.2708383,0.09246830642223358,0.9919999837875366,0.9735999703407288
YJL014W,YPR052C,0,-5.2710767,0.09245968610048294,0.9919999837875366,0.9736999869346619
YDR363W-A,YDL200C,0,-5.271391,0.0924510732293129,0.9919999837875366,0.973800003528595
YOR335C,YDL201W,0,-5.27183,0.09244245290756226,0.9919999837875366,0.9739000201225281
YJL154C,YJL210W,0,-5.2727556,0.09243384003639221,0.9919999837875366,0.9739999771118164
YML001W,YKL160W,0,-5.273723,0.09242522716522217,0.9919999837875366,0.9740999937057495
YML029W,YHR114W,0,-5.276192,0.09241662174463272,0.9919999837875366,0.9742000102996826
YMR263W,YLR295C,0,-5.2775054,0.09240800887346268,0.9919999837875366,0.9743000268936157
YLR025W,YJL001W,0,-5.2833724,0.09239940345287323,0.9919999837875366,0.974399983882904
YKR085C,YMR235C,0,-5.2840123,0.09239079803228378,0.9919999837875366,0.9745000004768372
YEL054C,YGR200C,0,-5.2845407,0.09238219261169434,0.9919999837875366,0.9746000170707703
YOR260W,YDL166C,0,-5.285626,0.09237359464168549,0.9919999837875366,0.9746999740600586
YOL130W,YPR086W,0,-5.2875733,0.09236498922109604,0.9919999837875366,0.9747999906539917
YJL019W,YLR417W,0,-5.2876525,0.09235639125108719,0.9919999837875366,0.9749000072479248
YPR165W,YHR050W,0,-5.291656,0.09234779328107834,0.9919999837875366,0.9750000238418579
YOL013C,YOR316C,0,-5.2929544,0.09233919531106949,0.9919999837875366,0.9750999808311462
YMR243C,YDR361C,0,-5.294278,0.09233060479164124,0.9919999837875366,0.9751999974250793
YAL053W,YBL102W,0,-5.2958817,0.09232200682163239,0.9919999837875366,0.9753000140190125
YKR067W,YOL013C,0,-5.2966285,0.09231341630220413,0.9919999837875366,0.9753999710083008
YGR135W,YHR161C,0,-5.29689,0.09230482578277588,0.9919999837875366,0.9754999876022339
YGL011C,YKL059C,0,-5.299114,0.09229624271392822,0.9919999837875366,0.975600004196167
YGL078C,YOR116C,0,-5.302238,0.09228765219449997,0.9919999837875366,0.9757000207901001
YDL143W,YDL212W,0,-5.3038664,0.09227906912565231,0.9919999837875366,0.9757999777793884
YNL156C,YIL026C,0,-5.3041625,0.09227048605680466,0.9919999837875366,0.9758999943733215
YGR186W,YOR039W,0,-5.304452,0.092261902987957,0.9919999837875366,0.9760000109672546
YGR121C,YDL197C,0,-5.3063135,0.09225332736968994,0.9919999837875366,0.9761000275611877
YKR087C,YOR037W,0,-5.30691,0.09224474430084229,0.9919999837875366,0.9761999845504761
YIL075C,YNR035C,0,-5.3072863,0.09223616868257523,0.9919999837875366,0.9763000011444092
YPL140C,YJL112W,0,-5.3086905,0.09222759306430817,0.9919999837875366,0.9764000177383423
YBL020W,YJL198W,0,-5.3100114,0.09221901744604111,0.9919999837875366,0.9764999747276306
YDL006W,YDR337W,0,-5.3103266,0.09221044927835464,0.9919999837875366,0.9765999913215637
YNL264C,YEL013W,0,-5.310331,0.09220188111066818,0.9919999837875366,0.9767000079154968
YER022W,YER123W,0,-5.31058,0.09219330549240112,0.9919999837875366,0.9768000245094299
YOR260W,YER155C,0,-5.3110614,0.09218474477529526,0.9919999837875366,0.9768999814987183
YOL068C,YOR354C,1,-5.314448,0.09226909279823303,0.9929999709129333,0.9768999814987183
YKR083C,YKL114C,0,-5.314944,0.09226052463054657,0.9929999709129333,0.9769999980926514
YOR145C,YDR346C,0,-5.315409,0.09225194901227951,0.9929999709129333,0.9771000146865845
YDL111C,YPR137W,0,-5.316527,0.09224338084459305,0.9929999709129333,0.9771999716758728
YFR050C,YIL042C,0,-5.3166804,0.09223481267690659,0.9929999709129333,0.9772999882698059
YOR172W,YLR105C,0,-5.317208,0.09222624450922012,0.9929999709129333,0.977400004863739
YOL139C,YER133W,0,-5.317982,0.09221768379211426,0.9929999709129333,0.9775000214576721
YJL134W,YJL166W,0,-5.319036,0.0922091156244278,0.9929999709129333,0.9775999784469604
YLR023C,YEL063C,0,-5.3203197,0.09220055490732193,0.9929999709129333,0.9776999950408936
YGR056W,YBR095C,0,-5.320542,0.09219199419021606,0.9929999709129333,0.9778000116348267
YKR059W,YDL081C,0,-5.3208346,0.0921834409236908,0.9929999709129333,0.9779000282287598
YFR013W,YPR104C,0,-5.32845,0.09217488020658493,0.9929999709129333,0.9779999852180481
YEL042W,YOL077C,0,-5.329758,0.09216632694005966,0.9929999709129333,0.9781000018119812
YGL112C,YOR026W,0,-5.330009,0.0921577736735344,0.9929999709129333,0.9782000184059143
YML110C,YNL177C,0,-5.3327146,0.09214922040700912,0.9929999709129333,0.9782999753952026
YML094W,YGR081C,0,-5.332865,0.09214066714048386,0.9929999709129333,0.9783999919891357
YDR069C,YMR188C,0,-5.3356824,0.09213212132453918,0.9929999709129333,0.9785000085830688
YML110C,YPL002C,0,-5.3388753,0.09212357550859451,0.9929999709129333,0.978600025177002
YDR167W,YML036W,0,-5.3398,0.09211502969264984,0.9929999709129333,0.9786999821662903
YJR007W,YGL119W,0,-5.3399043,0.09210648387670517,0.9929999709129333,0.9787999987602234
YBR024W,YER012W,0,-5.3407416,0.0920979380607605,0.9929999709129333,0.9789000153541565
YDR512C,YFL029C,0,-5.343907,0.09208939969539642,0.9929999709129333,0.9789999723434448
YPL053C,YBR060C,0,-5.3461075,0.09208086133003235,0.9929999709129333,0.9790999889373779
YDR516C,YKL085W,0,-5.352814,0.09207232296466827,0.9929999709129333,0.979200005531311
YML110C,YKL140W,0,-5.353391,0.0920637845993042,0.9929999709129333,0.9793000221252441
YMR311C,YBR035C,0,-5.360591,0.09205525368452072,0.9929999709129333,0.9793999791145325
YCR077C,YKR042W,0,-5.361977,0.09204671531915665,0.9929999709129333,0.9794999957084656
YNL103W,YGL113W,0,-5.3624454,0.09203818440437317,0.9929999709129333,0.9796000123023987
YMR088C,YHR050W,0,-5.36323,0.09202965348958969,0.9929999709129333,0.9797000288963318
YDR120C,YDR339C,0,-5.3675933,0.09202113002538681,0.9929999709129333,0.9797999858856201
YAL029C,YOL072W,1,-5.373218,0.09210526198148727,0.9940000176429749,0.9797999858856201
YDR175C,YNL154C,0,-5.375126,0.0920967310667038,0.9940000176429749,0.9799000024795532
YLR369W,YBR258C,0,-5.377238,0.09208820015192032,0.9940000176429749,0.9800000190734863
YOL127W,YOL077C,0,-5.3799553,0.09207966923713684,0.9940000176429749,0.9800999760627747
YIL106W,YLR007W,0,-5.3813033,0.09207113832235336,0.9940000176429749,0.9801999926567078
YNL021W,YPR057W,0,-5.3818455,0.09206260740756989,0.9940000176429749,0.9803000092506409
YBR278W,YMR188C,0,-5.3848686,0.092054083943367,0.9940000176429749,0.980400025844574
YBL006C,YER094C,0,-5.3880105,0.09204556047916412,0.9940000176429749,0.9804999828338623
YDL084W,YJR069C,0,-5.3938346,0.09203703701496124,0.9940000176429749,0.9805999994277954
YGL150C,YDR150W,0,-5.39621,0.09202851355075836,0.9940000176429749,0.9807000160217285
YNL088W,YML062C,1,-5.398193,0.09211257100105286,0.9950000047683716,0.9807000160217285
YKL040C,YDL147W,0,-5.401926,0.09210404753684998,0.9950000047683716,0.9807999730110168
YOR206W,YML014W,0,-5.407666,0.0920955166220665,0.9950000047683716,0.98089998960495
YPR008W,YNL156C,0,-5.407894,0.09208699315786362,0.9950000047683716,0.9810000061988831
YGL190C,YGL086W,0,-5.4091754,0.09207847714424133,0.9950000047683716,0.9811000227928162
YDR361C,YGL097W,0,-5.411728,0.09206995368003845,0.9950000047683716,0.9811999797821045
YML110C,YLR417W,0,-5.412095,0.09206143766641617,0.9950000047683716,0.9812999963760376
YOR149C,YOR355W,0,-5.4121842,0.09205292165279388,0.9950000047683716,0.9814000129699707
YBR258C,YPR056W,0,-5.414286,0.0920444056391716,0.9950000047683716,0.9815000295639038
YDR412W,YKR079C,0,-5.4149446,0.09203588962554932,0.9950000047683716,0.9815999865531921
YDR116C,YDR145W,0,-5.417973,0.09202737361192703,0.9950000047683716,0.9817000031471252
YDL074C,YLR105C,0,-5.4211335,0.09201886504888535,0.9950000047683716,0.9818000197410583
YBL007C,YDR093W,0,-5.425034,0.09201035648584366,0.9950000047683716,0.9818999767303467
YOR256C,YMR021C,0,-5.4251943,0.09200184792280197,0.9950000047683716,0.9819999933242798
YPR100W,YHL027W,0,-5.425864,0.09199334681034088,0.9950000047683716,0.9821000099182129
YDL097C,YJL065C,0,-5.426919,0.0919848382472992,0.9950000047683716,0.982200026512146
YBR039W,YDR190C,0,-5.427498,0.0919763371348381,0.9950000047683716,0.9822999835014343
YCR048W,YGR253C,0,-5.43035,0.09196783602237701,0.9950000047683716,0.9824000000953674
YJL117W,YPL084W,0,-5.434085,0.09195933490991592,0.9950000047683716,0.9825000166893005
YBR236C,YGR074W,0,-5.434392,0.09195083379745483,0.9950000047683716,0.9825999736785889
YBR057C,YOR037W,0,-5.434545,0.09194234013557434,0.9950000047683716,0.982699990272522
YPL112C,YIL014W,0,-5.4371767,0.09193384647369385,0.9950000047683716,0.9828000068664551
YBR279W,YML062C,1,-5.437205,0.09201774001121521,0.9959999918937683,0.9828000068664551
YKL040C,YOR060C,0,-5.437573,0.09200923889875412,0.9959999918937683,0.9829000234603882
YNL199C,YCR033W,0,-5.438269,0.09200073778629303,0.9959999918937683,0.9829999804496765
YLR025W,YDL004W,0,-5.439779,0.09199224412441254,0.9959999918937683,0.9830999970436096
YDL002C,YPR100W,0,-5.441854,0.09198374301195145,0.9959999918937683,0.9832000136375427
YDL226C,YPR086W,0,-5.442779,0.09197524935007095,0.9959999918937683,0.983299970626831
YJR121W,YMR079W,0,-5.444118,0.09196675568819046,0.9959999918937683,0.9833999872207642
YMR214W,YML048W,0,-5.445318,0.09195826947689056,0.9959999918937683,0.9835000038146973
YPR190C,YOL093W,0,-5.451229,0.09194977581501007,0.9959999918937683,0.9836000204086304
YKR003W,YCR053W,0,-5.451792,0.09194128960371017,0.9959999918937683,0.9836999773979187
YDR096W,YIL142W,0,-5.452805,0.09193280339241028,0.9959999918937683,0.9837999939918518
YOL044W,YOR099W,0,-5.453769,0.09192431718111038,0.9959999918937683,0.9839000105857849
YOL023W,YNR008W,0,-5.4611993,0.09191583842039108,0.9959999918937683,0.984000027179718
YDL064W,YNL154C,0,-5.461825,0.09190735220909119,0.9959999918937683,0.9840999841690063
YNL219C,YKL059C,0,-5.4629664,0.09189887344837189,0.9959999918937683,0.9842000007629395
YKL032C,YCR009C,0,-5.465961,0.09189039468765259,0.9959999918937683,0.9843000173568726
YLR011W,YDL120W,0,-5.466377,0.09188191592693329,0.9959999918937683,0.9843999743461609
YNL119W,YLR147C,0,-5.47133,0.09187344461679459,0.9959999918937683,0.984499990940094
YML062C,YOL072W,1,-5.4725137,0.0919572040438652,0.996999979019165,0.984499990940094
YFR024C-A,YGR167W,0,-5.473154,0.0919487252831459,0.996999979019165,0.9846000075340271
YCR083W,YAL055W,0,-5.477187,0.0919402465224266,0.996999979019165,0.9847000241279602
YOL006C,YLR418C,1,-5.485255,0.09202397614717484,0.9980000257492065,0.9847000241279602
YKL007W,YPL206C,0,-5.487906,0.09201548993587494,0.9980000257492065,0.9847999811172485
YEL026W,YOL124C,0,-5.489573,0.09200700372457504,0.9980000257492065,0.9848999977111816
YNL199C,YNL121C,0,-5.496774,0.09199852496385574,0.9980000257492065,0.9850000143051147
YFR013W,YLR298C,0,-5.501326,0.09199004620313644,0.9980000257492065,0.9850999712944031
YLR138W,YGL210W,0,-5.505383,0.09198156744241714,0.9980000257492065,0.9851999878883362
YGL019W,YEL051W,0,-5.512179,0.09197308868169785,0.9980000257492065,0.9853000044822693
YOL142W,YNL164C,0,-5.5149226,0.09196461737155914,0.9980000257492065,0.9854000210762024
YNR023W,YEL015W,0,-5.517072,0.09195613861083984,0.9980000257492065,0.9854999780654907
YOL108C,YDL115C,0,-5.517933,0.09194766730070114,0.9980000257492065,0.9855999946594238
YLR254C,YOR372C,0,-5.5392323,0.09193919599056244,0.9980000257492065,0.9857000112533569
YDR419W,YNL218W,0,-5.5398374,0.09193073213100433,0.9980000257492065,0.98580002784729
YOL100W,YGR132C,0,-5.5445285,0.09192226082086563,0.9980000257492065,0.9858999848365784
YGL150C,YPR086W,0,-5.547524,0.09191379696130753,0.9980000257492065,0.9860000014305115
YPR041W,YDR037W,0,-5.552906,0.09190533310174942,0.9980000257492065,0.9861000180244446
YMR039C,YPL059W,0,-5.554952,0.09189686924219131,0.9980000257492065,0.9861999750137329
YPL106C,YKL117W,0,-5.5551047,0.09188840538263321,0.9980000257492065,0.986299991607666
YDR346C,YHR196W,0,-5.558619,0.0918799489736557,0.9980000257492065,0.9864000082015991
YOR172W,YOR171C,0,-5.564345,0.09187149256467819,0.9980000257492065,0.9865000247955322
YPR086W,YPL180W,0,-5.5672665,0.09186303615570068,0.9980000257492065,0.9865999817848206
YGL112C,YKR085C,0,-5.57371,0.09185457974672318,0.9980000257492065,0.9866999983787537
YDR168W,YKL117W,0,-5.5773387,0.09184612333774567,0.9980000257492065,0.9868000149726868
YNL199C,YNR052C,0,-5.5815682,0.09183767437934875,0.9980000257492065,0.9868999719619751
YIL063C,YMR200W,0,-5.582956,0.09182922542095184,0.9980000257492065,0.9869999885559082
YKL049C,YOR039W,0,-5.5934625,0.09182077646255493,0.9980000257492065,0.9871000051498413
YLR370C,YPR086W,0,-5.5940194,0.09181232750415802,0.9980000257492065,0.9872000217437744
YJL020C,YKL126W,0,-5.6025405,0.09180387854576111,0.9980000257492065,0.9872999787330627
YLR020C,YBR042C,0,-5.610927,0.0917954370379448,0.9980000257492065,0.9873999953269958
YOR145C,YLR223C,0,-5.6151795,0.09178699553012848,0.9980000257492065,0.987500011920929
YKR055W,YOR060C,0,-5.6184406,0.09177855402231216,0.9980000257492065,0.9876000285148621
YOR210W,YNL151C,0,-5.619659,0.09177011251449585,0.9980000257492065,0.9876999855041504
YBR024W,YMR119W,0,-5.6209645,0.09176167845726013,0.9980000257492065,0.9878000020980835
YDR129C,YBR212W,0,-5.6246424,0.09175324440002441,0.9980000257492065,0.9879000186920166
YIR026C,YDL111C,0,-5.624964,0.0917448028922081,0.9980000257492065,0.9879999756813049
YBR109C,YNL099C,0,-5.62509,0.09173637628555298,0.9980000257492065,0.988099992275238
YDL126C,YBL022C,0,-5.6297946,0.09172794222831726,0.9980000257492065,0.9882000088691711
YPR143W,YDL074C,0,-5.633655,0.09171950817108154,0.9980000257492065,0.9883000254631042
YJR044C,YDR177W,0,-5.636851,0.09171108156442642,0.9980000257492065,0.9883999824523926
YDR494W,YJR064W,0,-5.638255,0.0917026549577713,0.9980000257492065,0.9884999990463257
YGR231C,YMR311C,0,-5.6449037,0.09169422835111618,0.9980000257492065,0.9886000156402588
YIL063C,YDR168W,0,-5.652134,0.09168580919504166,0.9980000257492065,0.9886999726295471
YDR069C,YJL166W,0,-5.655361,0.09167738258838654,0.9980000257492065,0.9887999892234802
YPL235W,YOR168W,0,-5.6633954,0.09166896343231201,0.9980000257492065,0.9889000058174133
YBR109C,YJL128C,0,-5.6642137,0.09166054427623749,0.9980000257492065,0.9890000224113464
YDR447C,YLR175W,0,-5.670751,0.09165212512016296,0.9980000257492065,0.9890999794006348
YKL032C,YGR167W,0,-5.674849,0.09164371341466904,0.9980000257492065,0.9891999959945679
YGR167W,YHL027W,0,-5.6756215,0.09163529425859451,0.9980000257492065,0.989300012588501
YLR435W,YLR060W,0,-5.678525,0.09162688255310059,0.9980000257492065,0.9894000291824341
YDR251W,YJL154C,0,-5.6818843,0.09161847084760666,0.9980000257492065,0.9894999861717224
YPL203W,YDR361C,0,-5.687105,0.09161005914211273,0.9980000257492065,0.9896000027656555
YBL058W,YJR064W,0,-5.689094,0.0916016548871994,0.9980000257492065,0.9897000193595886
YER177W,YOR270C,0,-5.6962547,0.09159324318170547,0.9980000257492065,0.989799976348877
YGL011C,YDR162C,0,-5.6978507,0.09158483892679214,0.9980000257492065,0.9898999929428101
YMR309C,YMR285C,0,-5.709321,0.09157643467187881,0.9980000257492065,0.9900000095367432
YFL041W,YFR004W,0,-5.7135396,0.09156803041696548,0.9980000257492065,0.9901000261306763
YMR243C,YPR016C,0,-5.7222314,0.09155963361263275,0.9980000257492065,0.9901999831199646
YNL055C,YDR456W,0,-5.7254033,0.09155123680830002,0.9980000257492065,0.9902999997138977
YBR212W,YBR290W,0,-5.7345743,0.09154283255338669,0.9980000257492065,0.9904000163078308
YDL147W,YDR400W,0,-5.748087,0.09153444319963455,0.9980000257492065,0.9904999732971191
YER012W,YBR207W,0,-5.752558,0.09152604639530182,0.9980000257492065,0.9905999898910522
YOR039W,YKR085C,0,-5.75376,0.09151764959096909,0.9980000257492065,0.9907000064849854
YOR281C,YKL149C,0,-5.7595267,0.09150926023721695,0.9980000257492065,0.9908000230789185
YLL031C,YOR058C,0,-5.7705474,0.09150087088346481,0.9980000257492065,0.9908999800682068
YKL095W,YMR213W,0,-5.774863,0.09149248152971268,0.9980000257492065,0.9909999966621399
YJL014W,YKL054C,0,-5.776674,0.09148409217596054,0.9980000257492065,0.991100013256073
YAL016W,YKL064W,0,-5.797187,0.091475710272789,0.9980000257492065,0.9911999702453613
YGR081C,YGL246C,0,-5.7975492,0.09146732836961746,0.9980000257492065,0.9912999868392944
YOR007C,YOR372C,0,-5.811212,0.09145894646644592,0.9980000257492065,0.9914000034332275
YLL041C,YJL166W,0,-5.815655,0.09145056456327438,0.9980000257492065,0.9915000200271606
YKL119C,YKL160W,0,-5.819126,0.09144218266010284,0.9980000257492065,0.991599977016449
YPR041W,YHR062C,0,-5.82169,0.0914338082075119,0.9980000257492065,0.9916999936103821
YDR179C,YMR077C,0,-5.8281517,0.09142543375492096,0.9980000257492065,0.9918000102043152
YDR494W,YHR158C,0,-5.829125,0.09141705930233002,0.9980000257492065,0.9919000267982483
YDL153C,YGR158C,0,-5.8292785,0.09140868484973907,0.9980000257492065,0.9919999837875366
YJL011C,YGR074W,0,-5.834075,0.09140031039714813,0.9980000257492065,0.9921000003814697
YFL002C,YJL198W,0,-5.83571,0.09139194339513779,0.9980000257492065,0.9922000169754028
YML078W,YPL262W,0,-5.839929,0.09138357639312744,0.9980000257492065,0.9922999739646912
YOL006C,YDR110W,1,-5.846859,0.0914667621254921,0.9990000128746033,0.9922999739646912
YGR296W,YNL339C,1,-5.864111,0.09154994040727615,1.0,0.9922999739646912
YPL178W,YDR167W,0,-5.8678403,0.09154155850410461,1.0,0.9923999905586243
YER068W,YOR039W,0,-5.8793406,0.09153318405151367,1.0,0.9925000071525574
YNL123W,YJL198W,0,-5.887855,0.09152480214834213,1.0,0.9926000237464905
YMR030W,YOL013C,0,-5.8903236,0.09151642769575119,1.0,0.9926999807357788
YOR275C,YBR102C,0,-5.893342,0.09150805324316025,1.0,0.9927999973297119
YJR002W,YIL079C,0,-5.899335,0.0914996787905693,1.0,0.992900013923645
YDR208W,YNL325C,0,-5.9017835,0.09149131178855896,1.0,0.9929999709129333
YNL219C,YOR270C,0,-5.9029818,0.09148293733596802,1.0,0.9930999875068665
YMR058W,YEL065W,0,-5.911382,0.09147457033395767,1.0,0.9932000041007996
YDL074C,YMR213W,0,-5.9191246,0.09146620333194733,1.0,0.9933000206947327
YOR145C,YOL139C,0,-5.9217577,0.09145783632993698,1.0,0.993399977684021
YOL147C,YNR032W,0,-5.9264627,0.09144947677850723,1.0,0.9934999942779541
YML024W,YKL009W,0,-5.9279094,0.09144110977649689,1.0,0.9936000108718872
YLR002C,YER049W,0,-5.9473796,0.09143275022506714,1.0,0.9937000274658203
YNL292W,YNL227C,0,-5.952881,0.09142439067363739,1.0,0.9937999844551086
YIL079C,YDR324C,0,-5.9805436,0.09141603112220764,1.0,0.9939000010490417
YOR243C,YML014W,0,-5.9891696,0.09140767902135849,1.0,0.9940000176429749
YDR153C,YMR213W,0,-5.991216,0.09139932692050934,1.0,0.9940999746322632
YAL051W,YJL128C,0,-6.0052505,0.09139096736907959,1.0,0.9941999912261963
YGR081C,YOL077C,0,-6.011867,0.09138262271881104,1.0,0.9943000078201294
YOR304W,YPR056W,0,-6.0147533,0.09137427061796188,1.0,0.9944000244140625
YPL244C,YDR150W,0,-6.0334997,0.09136591851711273,1.0,0.9944999814033508
YLR051C,YIR012W,0,-6.039675,0.09135757386684418,1.0,0.9945999979972839
YNL292W,YNL110C,0,-6.040896,0.09134922921657562,1.0,0.994700014591217
YDL147W,YPL084W,0,-6.041233,0.09134088456630707,1.0,0.9947999715805054
YGL225W,YBL002W,0,-6.0453715,0.09133253991603851,1.0,0.9948999881744385
YML080W,YCL031C,0,-6.0562825,0.09132420271635056,1.0,0.9950000047683716
YLR435W,YJL198W,0,-6.0926414,0.091315858066082,1.0,0.9951000213623047
YOL139C,YNL292W,0,-6.1011996,0.09130752086639404,1.0,0.995199978351593
YHR196W,YJL010C,0,-6.107139,0.09129919111728668,1.0,0.9952999949455261
YGL029W,YMR309C,0,-6.1155887,0.09129085391759872,1.0,0.9954000115394592
YGR231C,YBL022C,0,-6.1345916,0.09128251671791077,1.0,0.9955000281333923
YJL001W,YMR311C,0,-6.165372,0.0912741869688034,1.0,0.9955999851226807
YOR335C,YFL022C,0,-6.1691623,0.09126585721969604,1.0,0.9957000017166138
YER006W,YBL004W,0,-6.1715846,0.09125752747058868,1.0,0.9958000183105469
YDL014W,YER126C,0,-6.185331,0.09124920517206192,1.0,0.9958999752998352
YGR231C,YOR117W,0,-6.1853356,0.09124087542295456,1.0,0.9959999918937683
YGL120C,YHR052W,0,-6.2136416,0.0912325531244278,1.0,0.9961000084877014
YKL081W,YEL026W,0,-6.225491,0.09122423082590103,1.0,0.9962000250816345
YPL217C,YHR088W,0,-6.230127,0.09121590852737427,1.0,0.9962999820709229
YLR051C,YDL150W,0,-6.2301464,0.0912075862288475,1.0,0.996399998664856
YOL097C,YDL153C,0,-6.242979,0.09119927138090134,1.0,0.9965000152587891
YPR190C,YLL011W,0,-6.2909646,0.09119095653295517,1.0,0.9965999722480774
YFL002C,YGL078C,0,-6.2931666,0.091182641685009,1.0,0.9966999888420105
YPL271W,YGR183C,0,-6.304915,0.09117432683706284,1.0,0.9968000054359436
YDL201W,YDR339C,0,-6.3180957,0.09116601198911667,1.0,0.9969000220298767
YJR007W,YJL186W,0,-6.338995,0.0911577045917511,1.0,0.996999979019165
YGR245C,YDL201W,0,-6.340863,0.09114939719438553,1.0,0.9970999956130981
YGL167C,YJL002C,0,-6.342794,0.09114108979701996,1.0,0.9972000122070312
YJL148W,YGR280C,0,-6.3481965,0.09113278239965439,1.0,0.9973000288009644
YMR309C,YPL093W,0,-6.3510537,0.09112447500228882,1.0,0.9973999857902527
YOR340C,YOL093W,0,-6.3610187,0.09111617505550385,1.0,0.9975000023841858
YNL156C,YMR302C,0,-6.414046,0.09110787510871887,1.0,0.9976000189781189
YGR159C,YHR085W,0,-6.4172645,0.0910995751619339,1.0,0.9976999759674072
YLR221C,YJL033W,0,-6.4425063,0.09109127521514893,1.0,0.9977999925613403
YLR221C,YIR012W,0,-6.472218,0.09108297526836395,1.0,0.9979000091552734
YJL010C,YLL034C,0,-6.5307384,0.09107468277215958,1.0,0.9980000257492065
YGR159C,YJL198W,0,-6.5628705,0.0910663902759552,1.0,0.9980999827384949
YHR085W,YHR169W,0,-6.607363,0.09105809777975082,1.0,0.998199999332428
YGL111W,YNL292W,0,-6.6183467,0.09104980528354645,1.0,0.9983000159263611
YOR335C,YOR243C,0,-6.6298356,0.09104151278734207,1.0,0.9983999729156494
YBR169C,YER103W,0,-6.7096972,0.09103322774171829,1.0,0.9984999895095825
YOR270C,YBR127C,0,-6.719309,0.09102494269609451,1.0,0.9986000061035156
YIR026C,YGR280C,0,-6.7409844,0.09101665765047073,1.0,0.9987000226974487
YGR128C,YGR158C,0,-6.8670287,0.09100837260484695,1.0,0.9987999796867371
YDR087C,YLR409C,0,-6.996587,0.09100008755922318,1.0,0.9988999962806702
YMR239C,YDR412W,0,-7.0935225,0.09099180996417999,1.0,0.9990000128746033
YJL033W,YGR128C,0,-7.136366,0.09098353236913681,1.0,0.9991000294685364
YFR050C,YBL058W,0,-7.205323,0.09097525477409363,1.0,0.9991999864578247
YDL148C,YNL182C,0,-7.379169,0.09096697717905045,1.0,0.9993000030517578
YOR206W,YDR412W,0,-7.4877057,0.09095870703458786,1.0,0.9994000196456909
YGL111W,YLR221C,0,-7.5127616,0.09095042943954468,1.0,0.9994999766349792
YEL054C,YKL056C,0,-7.536294,0.09094215929508209,1.0,0.9995999932289124
YOR056C,YPL043W,0,-7.619733,0.0909338891506195,1.0,0.9997000098228455
YOR145C,YOR078W,0,-7.815794,0.09092562645673752,1.0,0.9998000264167786
YGL111W,YLR276C,0,-8.14814,0.09091735631227493,1.0,0.9998999834060669
YHR052W,YPL043W,0,-8.5733795,0.09090909361839294,1.0,1.0
