Gene A,Gene B,Label,Score,Precision,Recall,False Positive Rate
YPL256C,YGL184C,0,-4.111786,0.0,0.0,0.002222222276031971
YIL099W,YPL265W,0,-4.4906745,0.0,0.0,0.004444444552063942
YBL004W,YDR037W,0,-4.7037306,0.0,0.0,0.006666666828095913
YIL158W,YBL027W,0,-4.753037,0.0,0.0,0.008888889104127884
YOR095C,YOL128C,0,-5.143834,0.0,0.0,0.011111111380159855
YOL060C,YNL305C,0,-5.1714125,0.0,0.0,0.013333333656191826
YJR137C,YJL036W,0,-5.174404,0.0,0.0,0.015555555932223797
YGL125W,YLR178C,0,-5.277709,0.0,0.0,0.017777778208255768
YOR229W,YJL050W,0,-5.284932,0.0,0.0,0.019999999552965164
YBR126C,YER124C,0,-5.4107666,0.0,0.0,0.02222222276031971
YDR541C,YBR171W,0,-5.434723,0.0,0.0,0.024444444105029106
YDR506C,YOR339C,0,-5.453521,0.0,0.0,0.02666666731238365
YML007W,YJL118W,0,-5.522943,0.0,0.0,0.028888888657093048
YNL329C,YJL160C,0,-5.575641,0.0,0.0,0.031111111864447594
YDL188C,YNL134C,0,-5.5904956,0.0,0.0,0.03333333507180214
YJL204C,YBL036C,0,-5.6510143,0.0,0.0,0.035555556416511536
YPR104C,YLR388W,0,-5.65221,0.0,0.0,0.03777777776122093
YNL154C,YOL058W,0,-5.655373,0.0,0.0,0.03999999910593033
YCR083W,YPL265W,0,-5.7118473,0.0,0.0,0.042222220450639725
YDR058C,YGR192C,0,-5.712284,0.0,0.0,0.04444444552063942
YGR059W,YDR210W,0,-5.7392745,0.0,0.0,0.046666666865348816
YNL336W,YNL093W,0,-5.7579927,0.0,0.0,0.04888888821005821
YPL016W,YDR348C,0,-5.7689524,0.0,0.0,0.05111110955476761
YLL039C,YBR139W,0,-5.793142,0.0,0.0,0.0533333346247673
YCL062W,YNL329C,0,-5.801283,0.0,0.0,0.0555555559694767
YEL026W,YBR161W,0,-5.814394,0.0,0.0,0.057777777314186096
YDL010W,YML033W,0,-5.837162,0.0,0.0,0.05999999865889549
YOR100C,YER124C,0,-5.8403153,0.0,0.0,0.06222222372889519
YDR097C,YOR088W,0,-5.846116,0.0,0.0,0.06444444507360458
YGR148C,YJL074C,0,-5.8771033,0.0,0.0,0.06666667014360428
YLR157C-B,YPL012W,0,-5.8773556,0.0,0.0,0.06888888776302338
YGR038C-A,YPL023C,0,-5.8782616,0.0,0.0,0.07111111283302307
YGR038C-A,YOR231W,0,-5.878916,0.0,0.0,0.07333333045244217
YNL024C-A,YNL003C,0,-5.8815947,0.0,0.0,0.07555555552244186
YPL124W,YOR343C-B,0,-5.8815947,0.0,0.0,0.07777778059244156
YPR158W-A,YOR088W,0,-5.8815947,0.0,0.0,0.07999999821186066
YLR157C-A,YIL040W,0,-5.8815947,0.0,0.0,0.08222222328186035
YMR323W,YJR129C,0,-5.889309,0.0,0.0,0.08444444090127945
YBR215W,YGR038C-B,0,-5.893117,0.0,0.0,0.08666666597127914
YBR098W,YGR038C-B,0,-5.8933654,0.0,0.0,0.08888889104127884
YMR119W,YGR038C-B,0,-5.9020634,0.0,0.0,0.09111110866069794
YHL007C,YGR038C-A,0,-5.908914,0.0,0.0,0.09333333373069763
YCL019W,YNL264C,0,-5.910785,0.0,0.0,0.09555555880069733
YPL227C,YGR038C-A,0,-5.9109044,0.0,0.0,0.09777777642011642
YGL156W,YCR070W,0,-5.9352393,0.0,0.0,0.10000000149011612
YCL045C,YOR077W,0,-5.9425783,0.0,0.0,0.10222221910953522
YBL004W,YNL148C,0,-5.9496703,0.0,0.0,0.10444444417953491
YIR013C,YGL029W,0,-5.9560385,0.0,0.0,0.1066666692495346
YKR099C-A,YDR480W,0,-5.985821,0.0,0.0,0.1088888868689537
YHL001W,YMR291W,0,-5.986184,0.0,0.0,0.1111111119389534
YJR129C,YPR022C,0,-5.9946003,0.0,0.0,0.1133333370089531
YPL211W,YHR196W,0,-6.011261,0.0,0.0,0.11555555462837219
YCL062W,YAR003W,0,-6.0193205,0.0,0.0,0.11777777969837189
YER069W,YHR094C,0,-6.0204997,0.0,0.0,0.11999999731779099
YMR291W,YKL120W,0,-6.0241528,0.0,0.0,0.12222222238779068
YCL062W,YOR003W,0,-6.0269594,0.0,0.0,0.12444444745779037
YJR095W,YLR089C,0,-6.030051,0.0,0.0,0.12666666507720947
YPR103W,YOR214C,0,-6.0423803,0.0,0.0,0.12888889014720917
YBL036C,YNL035C,0,-6.06635,0.0,0.0,0.13111111521720886
YOR336W,YHR128W,0,-6.070297,0.0,0.0,0.13333334028720856
YHL022C,YDR450W,0,-6.0810804,0.0,0.0,0.13555555045604706
YHR045W,YDR291W,0,-6.0847654,0.0,0.0,0.13777777552604675
YHL018W,YOR100C,0,-6.089737,0.0,0.0,0.14000000059604645
YHR032W,YLR003C,0,-6.0932856,0.0,0.0,0.14222222566604614
YOR208W,YLR135W,0,-6.1315165,0.0,0.0,0.14444445073604584
YHR112C,YGL130W,0,-6.13684,0.0,0.0,0.14666666090488434
YNL082W,YGL234W,0,-6.144362,0.0,0.0,0.14888888597488403
YDR186C,YIL122W,0,-6.151336,0.0,0.0,0.15111111104488373
YBR056W,YJR014W,0,-6.154206,0.0,0.0,0.15333333611488342
YPL249C-A,YHL020C,0,-6.157164,0.0,0.0,0.15555556118488312
YIL117C,YKL049C,0,-6.1798677,0.0,0.0,0.15777777135372162
YJL139C,YML033W,0,-6.1830025,0.0,0.0,0.1599999964237213
YIL158W,YNL047C,0,-6.1857796,0.0,0.0,0.162222221493721
YDR206W,YPR004C,0,-6.19107,0.0,0.0,0.1644444465637207
YFL024C,YDR488C,0,-6.195759,0.0,0.0,0.1666666716337204
YBR039W,YNR075W,0,-6.209635,0.0,0.0,0.1688888818025589
YBR227C,YLL032C,0,-6.2162085,0.0,0.0,0.1711111068725586
YPR107C,YKR039W,0,-6.2199135,0.0,0.0,0.1733333319425583
YPR145W,YJL074C,0,-6.2243757,0.0,0.0,0.17555555701255798
YKL091C,YLR408C,0,-6.229826,0.0,0.0,0.17777778208255768
YHR039C,YDR156W,0,-6.235342,0.0,0.0,0.18000000715255737
YCR028C-A,YHR152W,0,-6.2375593,0.0,0.0,0.18222221732139587
YMR199W,YDL201W,0,-6.25213,0.0,0.0,0.18444444239139557
YJL028W,YBR167C,0,-6.261015,0.0,0.0,0.18666666746139526
YNL058C,YKR029C,0,-6.2659903,0.0,0.0,0.18888889253139496
YHR083W,YFR055W,0,-6.2782984,0.0,0.0,0.19111111760139465
YGL099W,YKR018C,0,-6.293069,0.0,0.0,0.19333332777023315
YPL009C,YDR519W,0,-6.338313,0.0,0.0,0.19555555284023285
YIR034C,YGL047W,0,-6.3398867,0.0,0.0,0.19777777791023254
YJL177W,YOR231W,0,-6.339942,0.0,0.0,0.20000000298023224
YBL036C,YMR060C,0,-6.3521233,0.0,0.0,0.20222222805023193
YBR056W,YIL129C,0,-6.3707714,0.0,0.0,0.20444443821907043
YCR027C,YER172C,0,-6.386662,0.0,0.0,0.20666666328907013
YGR277C,YDR266C,0,-6.4039416,0.0,0.0,0.20888888835906982
YHR065C,YOR022C,0,-6.408453,0.0,0.0,0.21111111342906952
YIL099W,YGL179C,0,-6.41076,0.0,0.0,0.2133333384990692
YIL099W,YCR048W,0,-6.411274,0.0,0.0,0.21555554866790771
YJL204C,YNL154C,0,-6.4363327,0.0,0.0,0.2177777737379074
YNL148C,YLR022C,0,-6.439417,0.0,0.0,0.2199999988079071
YDR382W,YIL103W,1,-6.439582,0.009999999776482582,0.02222222276031971,0.2199999988079071
YLR069C,YOR133W,1,-6.4471664,0.019801979884505272,0.04444444552063942,0.2199999988079071
YBR200W,YOR344C,0,-6.4480815,0.019607843831181526,0.04444444552063942,0.2222222238779068
YLR342W,YHR124W,0,-6.4554605,0.019417475908994675,0.04444444552063942,0.2244444489479065
YCR023C,YKR024C,0,-6.4586554,0.01923076994717121,0.04444444552063942,0.2266666740179062
YPL132W,YGR192C,0,-6.459501,0.01904761977493763,0.04444444552063942,0.2288888841867447
YDL212W,YML111W,0,-6.4670825,0.01886792480945587,0.04444444552063942,0.23111110925674438
YIR007W,YLR226W,0,-6.475609,0.018691588193178177,0.04444444552063942,0.23333333432674408
YPR029C,YOL075C,0,-6.480619,0.018518518656492233,0.04444444552063942,0.23555555939674377
YLR340W,YFR009W,1,-6.5011234,0.027522936463356018,0.06666667014360428,0.23555555939674377
YIR007W,YML038C,0,-6.5042925,0.027272727340459824,0.06666667014360428,0.23777778446674347
YDR314C,YLR089C,0,-6.507667,0.027027027681469917,0.06666667014360428,0.23999999463558197
YMR014W,YGR065C,0,-6.511286,0.02678571455180645,0.06666667014360428,0.24222221970558167
YER006W,YML111W,0,-6.516446,0.02654867246747017,0.06666667014360428,0.24444444477558136
YIR003W,YOL001W,0,-6.519286,0.02631578966975212,0.06666667014360428,0.24666666984558105
YIL082W-A,YNL252C,0,-6.567496,0.0260869562625885,0.06666667014360428,0.24888889491558075
YER078C,YHR018C,0,-6.568713,0.0258620698004961,0.06666667014360428,0.25111111998558044
YJL139C,YDR324C,0,-6.582734,0.025641025975346565,0.06666667014360428,0.25333333015441895
YGR152C,YML014W,0,-6.594029,0.025423727929592133,0.06666667014360428,0.25555557012557983
YHR124W,YFL022C,0,-6.5950828,0.02521008439362049,0.06666667014360428,0.25777778029441833
YGL250W,YGL055W,0,-6.6044617,0.02500000037252903,0.06666667014360428,0.25999999046325684
YGR148C,YOR371C,0,-6.613353,0.024793388321995735,0.06666667014360428,0.2622222304344177
YPL132W,YFR055W,0,-6.613389,0.02459016442298889,0.06666667014360428,0.2644444406032562
YDL064W,YPR164W,0,-6.6198254,0.024390242993831635,0.06666667014360428,0.2666666805744171
YLR340W,YIL103W,1,-6.6225967,0.032258063554763794,0.08888889104127884,0.2666666805744171
YEL026W,YDR291W,0,-6.6301646,0.03200000151991844,0.08888889104127884,0.2688888907432556
YIL091C,YGR186W,0,-6.636629,0.0317460335791111,0.08888889104127884,0.2711111009120941
YOR284W,YDL191W,0,-6.6426487,0.031496062874794006,0.08888889104127884,0.273333340883255
YGR090W,YBR014C,0,-6.6446095,0.03125,0.08888889104127884,0.2755555510520935
YLR069C,YDR382W,1,-6.674543,0.03875968977808952,0.1111111119389534,0.2755555510520935
YPL152W,YFR055W,0,-6.6775,0.03846153989434242,0.1111111119389534,0.2777777910232544
YNL014W,YDR382W,1,-6.6792417,0.04580152779817581,0.13333334028720856,0.2777777910232544
YMR021C,YJL159W,0,-6.6872244,0.04545454680919647,0.13333334028720856,0.2800000011920929
YLR340W,YLR069C,1,-6.687404,0.05263157933950424,0.15555556118488312,0.2800000011920929
YIR007W,YMR309C,0,-6.7008314,0.05223880708217621,0.15555556118488312,0.2822222113609314
YDR339C,YMR291W,0,-6.70163,0.051851850003004074,0.15555556118488312,0.2844444513320923
YPL032C,YPL079W,0,-6.7016916,0.05147058889269829,0.15555556118488312,0.2866666615009308
YML008C,YML121W,0,-6.702669,0.051094889640808105,0.15555556118488312,0.2888889014720917
YNL053W,YIL067C,0,-6.705063,0.050724636763334274,0.15555556118488312,0.2911111116409302
YMR164C,YEL077C,0,-6.712765,0.050359711050987244,0.15555556118488312,0.2933333218097687
YIL041W,YIL127C,0,-6.7200904,0.05000000074505806,0.15555556118488312,0.29555556178092957
YLR174W,YPL057C,0,-6.723033,0.04964539036154747,0.15555556118488312,0.29777777194976807
YGL234W,YIR010W,0,-6.7292767,0.04929577559232712,0.15555556118488312,0.30000001192092896
YFR009W,YDR382W,1,-6.733204,0.0559440553188324,0.17777778208255768,0.30000001192092896
YHR107C,YPR201W,0,-6.7364326,0.0555555559694767,0.17777778208255768,0.30222222208976746
YLL023C,YGL153W,0,-6.745268,0.05517241358757019,0.17777778208255768,0.30444443225860596
YGL131C,YBR161W,0,-6.7484245,0.054794520139694214,0.17777778208255768,0.30666667222976685
YHL033C,YDR001C,0,-6.7546587,0.054421767592430115,0.17777778208255768,0.30888888239860535
YLL039C,YGL047W,0,-6.7554994,0.054054055362939835,0.17777778208255768,0.31111112236976624
YDR446W,YML126C,0,-6.7569866,0.05369127541780472,0.17777778208255768,0.31333333253860474
YPL170W,YOR293W,0,-6.7572365,0.0533333346247673,0.17777778208255768,0.31555554270744324
YOL039W,YFR009W,1,-6.790637,0.05960264801979065,0.20000000298023224,0.31555554270744324
YOR293W,YLR453C,0,-6.7915525,0.05921052768826485,0.20000000298023224,0.3177777826786041
YLL039C,YPR185W,0,-6.79452,0.05882352963089943,0.20000000298023224,0.3199999928474426
YDL064W,YHR032W,0,-6.8017735,0.05844155699014664,0.20000000298023224,0.3222222328186035
YLR340W,YBL071W-A,1,-6.8135204,0.06451612710952759,0.2222222238779068,0.3222222328186035
YDL153C,YCL020W,0,-6.818302,0.06410256773233414,0.2222222238779068,0.324444442987442
YEL042W,YOR198C,0,-6.822023,0.06369426846504211,0.2222222238779068,0.3266666531562805
YAR014C,YPL265W,0,-6.827563,0.06329113990068436,0.2222222238779068,0.3288888931274414
YOL039W,YIL103W,1,-6.8374333,0.069182388484478,0.24444444477558136,0.3288888931274414
YBL004W,YJL104W,0,-6.8508043,0.06875000149011612,0.24444444477558136,0.3311111032962799
YDL150W,YMR305C,0,-6.852616,0.06832297891378403,0.24444444477558136,0.3333333432674408
YOR344C,YGR289C,0,-6.8565183,0.06790123134851456,0.24444444477558136,0.3355555534362793
YBR018C,YGL047W,0,-6.8601303,0.06748466193675995,0.24444444477558136,0.3377777636051178
YPR101W,YBR152W,0,-6.8606415,0.06707317382097244,0.24444444477558136,0.3400000035762787
YIL082W-A,YGR240C,0,-6.884385,0.06666667014360428,0.24444444477558136,0.3422222137451172
YDR216W,YBR018C,0,-6.8891816,0.0662650614976883,0.24444444477558136,0.3444444537162781
YDR073W,YGR148C,0,-6.903415,0.06586826592683792,0.24444444477558136,0.3466666638851166
YBL042C,YML019W,0,-6.9035788,0.065476194024086,0.24444444477558136,0.3488888740539551
YNL257C,YPR112C,0,-6.929117,0.06508875638246536,0.24444444477558136,0.35111111402511597
YML029W,YBR083W,0,-6.931789,0.06470588594675064,0.24444444477558136,0.35333332419395447
YIL103W,YOR133W,1,-6.9340405,0.07017543911933899,0.2666666805744171,0.35333332419395447
YPL086C,YDR450W,0,-6.936948,0.06976744532585144,0.2666666805744171,0.35555556416511536
YPR107C,YBR098W,0,-6.9486933,0.06936416029930115,0.2666666805744171,0.35777777433395386
YKL008C,YDL191W,0,-6.9494367,0.06896551698446274,0.2666666805744171,0.36000001430511475
YHR007C,YJL020C,0,-6.953249,0.06857142597436905,0.2666666805744171,0.36222222447395325
YMR214W,YEL020C,0,-6.95688,0.06818182021379471,0.2666666805744171,0.36444443464279175
YDL079C,YPL024W,0,-6.96432,0.06779661029577255,0.2666666805744171,0.36666667461395264
YJL010C,YEL026W,0,-6.9816265,0.06741572916507721,0.2666666805744171,0.36888888478279114
YHR187W,YPL124W,0,-6.9816847,0.0670391097664833,0.2666666805744171,0.371111124753952
YJL010C,YPL255W,0,-6.9890428,0.06666667014360428,0.2666666805744171,0.3733333349227905
YLR069C,YOL039W,1,-6.993261,0.07182320207357407,0.2888889014720917,0.3733333349227905
YIL162W,YKR042W,0,-6.9944806,0.0714285746216774,0.2888889014720917,0.37555554509162903
YLR340W,YNL014W,1,-6.999461,0.0765027329325676,0.31111112236976624,0.37555554509162903
YMR266W,YGL234W,0,-7.0058007,0.07608695328235626,0.31111112236976624,0.3777777850627899
YMR197C,YGL160W,0,-7.006439,0.07567567378282547,0.31111112236976624,0.3799999952316284
YOL039W,YBL071W-A,1,-7.0076985,0.08064515888690948,0.3333333432674408,0.3799999952316284
YGR157W,YBL016W,0,-7.016102,0.08021390438079834,0.3333333432674408,0.3822222352027893
YOR118W,YKR046C,0,-7.016237,0.0797872319817543,0.3333333432674408,0.3844444453716278
YGL023C,YLL023C,0,-7.0240974,0.0793650820851326,0.3333333432674408,0.3866666555404663
YNL186W,YJR019C,0,-7.038507,0.07894736528396606,0.3333333432674408,0.3888888955116272
YLL032C,YNR039C,0,-7.0426073,0.07853402942419052,0.3333333432674408,0.3911111056804657
YDR302W,YBL002W,0,-7.0479517,0.078125,0.3333333432674408,0.3933333456516266
YIL103W,YBL071W-A,1,-7.0505004,0.08290155231952667,0.35555556416511536,0.3933333456516266
YAL047C,YPL012W,0,-7.054491,0.0824742242693901,0.35555556416511536,0.3955555558204651
YCR028C-A,YBR098W,0,-7.06964,0.08205128461122513,0.35555556416511536,0.3977777659893036
YLR069C,YBL071W-A,1,-7.0709467,0.08673469722270966,0.3777777850627899,0.3977777659893036
YPR201W,YPL181W,0,-7.088107,0.08629441261291504,0.3777777850627899,0.4000000059604645
YDR385W,YIL103W,1,-7.0948524,0.09090909361839294,0.4000000059604645,0.4000000059604645
YFR009W,YBL071W-A,1,-7.110553,0.0954773873090744,0.42222222685813904,0.4000000059604645
YML029W,YJR159W,0,-7.1435814,0.0949999988079071,0.42222222685813904,0.402222216129303
YGR152C,YER065C,0,-7.155583,0.09452736377716064,0.42222222685813904,0.40444445610046387
YOR033C,YGR092W,0,-7.1598377,0.09405940771102905,0.42222222685813904,0.40666666626930237
YKR086W,YOL089C,0,-7.161023,0.09359605610370636,0.42222222685813904,0.40888887643814087
YOL075C,YJL104W,0,-7.1720195,0.09313725680112839,0.42222222685813904,0.41111111640930176
YOR140W,YKL216W,0,-7.180812,0.09268292784690857,0.42222222685813904,0.41333332657814026
YOR329C,YDR079C-A,0,-7.211591,0.09223300963640213,0.42222222685813904,0.41555556654930115
YDL010W,YKL127W,0,-7.2453403,0.0917874425649643,0.42222222685813904,0.41777777671813965
YFL016C,YJR019C,0,-7.2560134,0.09134615212678909,0.42222222685813904,0.41999998688697815
YDR540C,YLR378C,0,-7.256958,0.09090909361839294,0.42222222685813904,0.42222222685813904
YML029W,YCR088W,0,-7.273076,0.09047619253396988,0.42222222685813904,0.42444443702697754
YGL017W,YOR130C,0,-7.2903543,0.09004739671945572,0.42222222685813904,0.4266666769981384
YKL086W,YLR369W,0,-7.2921333,0.08962263911962509,0.42222222685813904,0.42888888716697693
YOR133W,YBL071W-A,1,-7.292851,0.09389671683311462,0.4444444477558136,0.42888888716697693
YER170W,YGR065C,0,-7.3030987,0.09345794469118118,0.4444444477558136,0.43111109733581543
YJR152W,YGL145W,0,-7.3127675,0.09302325546741486,0.4444444477558136,0.4333333373069763
YDR363W,YER169W,0,-7.313114,0.09259258955717087,0.4444444477558136,0.4355555474758148
YDR382W,YBL071W-A,1,-7.3133383,0.09677419066429138,0.46666666865348816,0.4355555474758148
YKR001C,YOR205C,0,-7.314519,0.09633027762174606,0.46666666865348816,0.4377777874469757
YNL064C,YOL137W,0,-7.3210497,0.09589041024446487,0.46666666865348816,0.4399999976158142
YFR009W,YOR133W,1,-7.3249454,0.10000000149011612,0.4888888895511627,0.4399999976158142
YOR298C-A,YOR198C,0,-7.3258963,0.09954751282930374,0.4888888895511627,0.4422222077846527
YDR058C,YGL121C,0,-7.337078,0.09909909963607788,0.4888888895511627,0.4444444477558136
YHR152W,YNL106C,0,-7.3383975,0.09865470975637436,0.4888888895511627,0.4466666579246521
YDR191W,YMR167W,0,-7.3460608,0.0982142835855484,0.4888888895511627,0.448888897895813
YPL128C,YIL017C,0,-7.350363,0.09777777642011642,0.4888888895511627,0.4511111080646515
YDL232W,YLR341W,0,-7.354298,0.09734513610601425,0.4888888895511627,0.4533333480358124
YER048C,YDR522C,0,-7.357746,0.0969163030385971,0.4888888895511627,0.4555555582046509
YML114C,YBL009W,0,-7.36461,0.09649122506380081,0.4888888895511627,0.4577777683734894
YPR185W,YPL030W,0,-7.3732805,0.09606987237930298,0.4888888895511627,0.46000000834465027
YPR104C,YDR237W,0,-7.380501,0.09565217047929764,0.4888888895511627,0.46222221851348877
YLR071C,YNL152W,0,-7.38126,0.095238097012043,0.4888888895511627,0.46444445848464966
YGR121C,YOR375C,0,-7.399438,0.09482758492231369,0.4888888895511627,0.46666666865348816
YNL329C,YDR037W,0,-7.4004765,0.09442060440778732,0.4888888895511627,0.46888887882232666
YML038C,YJL207C,0,-7.4009805,0.09401709586381912,0.4888888895511627,0.47111111879348755
YDR385W,YNL014W,1,-7.4018846,0.09787233918905258,0.5111111402511597,0.47111111879348755
YPL212C,YBL002W,0,-7.4090424,0.09745762497186661,0.5111111402511597,0.47333332896232605
YPL256C,YDR006C,0,-7.410265,0.09704641252756119,0.5111111402511597,0.47555556893348694
YBR302C,YPL187W,0,-7.4185343,0.09663865715265274,0.5111111402511597,0.47777777910232544
YDR385W,YBL071W-A,1,-7.42181,0.10041841119527817,0.5333333611488342,0.47777777910232544
YFL003C,YER094C,0,-7.4241915,0.10000000149011612,0.5333333611488342,0.47999998927116394
YNL014W,YOR133W,1,-7.4329786,0.10373444110155106,0.5555555820465088,0.47999998927116394
YBR039W,YPL030W,0,-7.435844,0.10330578684806824,0.5555555820465088,0.48222222924232483
YGR198W,YOL068C,0,-7.4366846,0.10288065671920776,0.5555555820465088,0.48444443941116333
YBR136W,YPL046C,0,-7.4390554,0.10245901346206665,0.5555555820465088,0.4866666793823242
YDR314C,YKL120W,0,-7.4683504,0.10204081982374191,0.5555555820465088,0.4888888895511627
YEL042W,YPR066W,0,-7.4859343,0.10162601619958878,0.5555555820465088,0.4911110997200012
YCL038C,YMR067C,0,-7.4899487,0.10121457278728485,0.5555555820465088,0.4933333396911621
YFR028C,YDR522C,0,-7.4949822,0.10080645233392715,0.5555555820465088,0.4955555498600006
YGR096W,YPL046C,0,-7.5095816,0.1004016101360321,0.5555555820465088,0.4977777898311615
YNL321W,YKR087C,0,-7.5111322,0.10000000149011612,0.5555555820465088,0.5
YDR385W,YFR009W,1,-7.522766,0.10358566045761108,0.5777778029441833,0.5
YNL047C,YDR001C,0,-7.52527,0.1031746044754982,0.5777778029441833,0.5022222399711609
YFR009W,YNL014W,1,-7.526081,0.10671936720609665,0.6000000238418579,0.5022222399711609
YML066C,YHR026W,0,-7.528101,0.10629921406507492,0.6000000238418579,0.504444420337677
YNL014W,YBL071W-A,1,-7.5497684,0.10980392247438431,0.6222222447395325,0.504444420337677
YHR124W,YNL083W,0,-7.552142,0.109375,0.6222222447395325,0.5066666603088379
YMR014W,YGR289C,0,-7.553467,0.10894941538572311,0.6222222447395325,0.5088889002799988
YBR288C,YER004W,0,-7.5545406,0.10852713137865067,0.6222222447395325,0.5111111402511597
YPR058W,YKR001C,0,-7.5577974,0.10810811072587967,0.6222222447395325,0.5133333206176758
YGR209C,YOR231W,0,-7.5610743,0.10769230872392654,0.6222222447395325,0.5155555605888367
YOL128C,YJL002C,0,-7.5611887,0.1072796955704689,0.6222222447395325,0.5177778005599976
YOL039W,YNL014W,1,-7.5661974,0.1106870248913765,0.644444465637207,0.5177778005599976
YMR323W,YER016W,0,-7.5692177,0.11026615649461746,0.644444465637207,0.5199999809265137
YDR385W,YLR069C,1,-7.570363,0.11363636702299118,0.6666666865348816,0.5199999809265137
YMR068W,YKL211C,0,-7.5799947,0.11320754885673523,0.6666666865348816,0.5222222208976746
YLR372W,YBR008C,0,-7.5869293,0.11278195679187775,0.6666666865348816,0.5244444608688354
YDR302W,YHR072W-A,0,-7.5886116,0.11235955357551575,0.6666666865348816,0.5266666412353516
YML123C,YDR264C,0,-7.5921755,0.11194030195474625,0.6666666865348816,0.5288888812065125
YGR041W,YNL087W,0,-7.5939813,0.11152416467666626,0.6666666865348816,0.5311111211776733
YMR266W,YDR221W,0,-7.5978007,0.1111111119389534,0.6666666865348816,0.5333333611488342
YHR124W,YFL018C,0,-7.5996103,0.11070110648870468,0.6666666865348816,0.5355555415153503
YKL091C,YDR294C,0,-7.6044707,0.11029411852359772,0.6666666865348816,0.5377777814865112
YOL088C,YBL004W,0,-7.604785,0.10989011079072952,0.6666666865348816,0.5400000214576721
YER006W,YLR362W,0,-7.628489,0.10948905348777771,0.6666666865348816,0.5422222018241882
YDL049C,YKR086W,0,-7.630351,0.1090909093618393,0.6666666865348816,0.5444444417953491
YLR027C,YOR073W,0,-7.640829,0.10869564861059189,0.6666666865348816,0.54666668176651
YIL162W,YDR293C,0,-7.643885,0.1083032488822937,0.6666666865348816,0.5488888621330261
YIL121W,YLR424W,0,-7.6520996,0.10791366547346115,0.6666666865348816,0.551111102104187
YER119C,YBR039W,0,-7.652102,0.10752688348293304,0.6666666865348816,0.5533333420753479
YIL016W,YML072C,0,-7.666249,0.1071428582072258,0.6666666865348816,0.5555555820465088
YCR067C,YMR170C,0,-7.668301,0.10676156729459763,0.6666666865348816,0.5577777624130249
YMR170C,YER004W,0,-7.6758933,0.10638298094272614,0.6666666865348816,0.5600000023841858
YDR156W,YHR018C,0,-7.6787214,0.10600706934928894,0.6666666865348816,0.5622222423553467
YOR328W,YLR405W,0,-7.691004,0.10563380271196365,0.6666666865348816,0.5644444227218628
YNL014W,YIL103W,1,-7.702703,0.1087719276547432,0.6888889074325562,0.5644444227218628
YDR182W,YDL174C,0,-7.7083955,0.10839160531759262,0.6888889074325562,0.5666666626930237
YOR255W,YJR077C,0,-7.7238846,0.10801393538713455,0.6888889074325562,0.5688889026641846
YML001W,YLR319C,0,-7.7271132,0.1076388880610466,0.6888889074325562,0.5711110830307007
YFR028C,YLR319C,0,-7.7340302,0.10726643353700638,0.6888889074325562,0.5733333230018616
YOR115C,YER001W,0,-7.7360754,0.1068965494632721,0.6888889074325562,0.5755555629730225
YOR229W,YLR013W,0,-7.758987,0.10652920603752136,0.6888889074325562,0.5777778029441833
YPL246C,YKL092C,0,-7.7774057,0.10616438090801239,0.6888889074325562,0.5799999833106995
YMR135C,YKL092C,0,-7.778735,0.10580204427242279,0.6888889074325562,0.5822222232818604
YLR262C,YDR198C,0,-7.785137,0.10544217377901077,0.6888889074325562,0.5844444632530212
YGL130W,YGR280C,0,-7.7913184,0.10508474707603455,0.6888889074325562,0.5866666436195374
YPR107C,YIL065C,0,-7.8008614,0.10472972691059113,0.6888889074325562,0.5888888835906982
YIL157C,YBL003C,0,-7.8090324,0.10437710583209991,0.6888889074325562,0.5911111235618591
YML123C,YLR226W,0,-7.8226633,0.10402684658765793,0.6888889074325562,0.5933333039283752
YMR283C,YGR240C,0,-7.842284,0.10367892682552338,0.6888889074325562,0.5955555438995361
YFR009W,YIL103W,1,-7.853163,0.1066666692495346,0.7111111283302307,0.5955555438995361
YPL132W,YKL160W,0,-7.8671603,0.10631228983402252,0.7111111283302307,0.597777783870697
YLR210W,YIR008C,0,-7.868381,0.10596026480197906,0.7111111283302307,0.6000000238418579
YOR361C,YBR293W,0,-7.8697205,0.10561056435108185,0.7111111283302307,0.602222204208374
YGL254W,YHR176W,0,-7.8752184,0.10526315867900848,0.7111111283302307,0.6044444441795349
YDR058C,YML029W,0,-7.884384,0.10491803288459778,0.7111111283302307,0.6066666841506958
YHR187W,YNL326C,0,-7.9016447,0.10457516461610794,0.7111111283302307,0.6088888645172119
YDR225W,YNR036C,0,-7.920009,0.10423452407121658,0.7111111283302307,0.6111111044883728
YER141W,YHL020C,0,-7.920406,0.10389610379934311,0.7111111283302307,0.6133333444595337
YIL099W,YML022W,0,-7.9239464,0.10355987399816513,0.7111111283302307,0.6155555844306946
YMR135C,YPL255W,0,-7.924547,0.10322580486536026,0.7111111283302307,0.6177777647972107
YDL207W,YLR216C,0,-7.926074,0.1028938889503479,0.7111111283302307,0.6200000047683716
YNL321W,YBR288C,0,-7.932244,0.10256410390138626,0.7111111283302307,0.6222222447395325
YOL091W,YDR141C,0,-7.932261,0.10223641991615295,0.7111111283302307,0.6244444251060486
YCL040W,YDR099W,0,-7.933892,0.10191082954406738,0.7111111283302307,0.6266666650772095
YLR084C,YGL254W,0,-7.9494734,0.10158730298280716,0.7111111283302307,0.6288889050483704
YLR274W,YCL011C,0,-7.9505863,0.10126582533121109,0.7111111283302307,0.6311110854148865
YNL064C,YMR309C,0,-7.9563484,0.10094637423753738,0.7111111283302307,0.6333333253860474
YOL041C,YKR046C,0,-7.9589663,0.10062892735004425,0.7111111283302307,0.6355555653572083
YIL049W,YKR092C,0,-7.9641957,0.10031347721815109,0.7111111283302307,0.6377778053283691
YOR094W,YDL092W,0,-7.97575,0.10000000149011612,0.7111111283302307,0.6399999856948853
YAL055W,YML072C,0,-7.98181,0.09968847036361694,0.7111111283302307,0.6422222256660461
YOR234C,YPR061C,0,-7.9831142,0.09937888383865356,0.7111111283302307,0.644444465637207
YMR266W,YIL122W,0,-7.9851727,0.099071204662323,0.7111111283302307,0.6466666460037231
YKL008C,YKR065C,0,-7.986418,0.09876543283462524,0.7111111283302307,0.648888885974884
YCR008W,YBL097W,0,-7.986925,0.09846153855323792,0.7111111283302307,0.6511111259460449
YMR104C,YJR064W,0,-7.990001,0.09815950691699982,0.7111111283302307,0.653333306312561
YKL213C,YER069W,0,-8.00625,0.09785933047533035,0.7111111283302307,0.6555555462837219
YER018C,YIL114C,0,-8.024574,0.09756097197532654,0.7111111283302307,0.6577777862548828
YHR123W,YGR132C,0,-8.026672,0.09726443886756897,0.7111111283302307,0.6600000262260437
YJR067C,YOL148C,0,-8.036039,0.09696969389915466,0.7111111283302307,0.6622222065925598
YHL002W,YDR314C,0,-8.037761,0.09667673707008362,0.7111111283302307,0.6644444465637207
YDR142C,YNL083W,0,-8.047047,0.09638553857803345,0.7111111283302307,0.6666666865348816
YLR138W,YOL091W,0,-8.065053,0.09609609842300415,0.7111111283302307,0.6688888669013977
YDL132W,YER075C,0,-8.09084,0.09580838680267334,0.7111111283302307,0.6711111068725586
YLR431C,YCR003W,0,-8.094183,0.09552238881587982,0.7111111283302307,0.6733333468437195
YEL063C,YPL227C,0,-8.104973,0.095238097012043,0.7111111283302307,0.6755555272102356
YMR293C,YMR280C,0,-8.117741,0.09495548903942108,0.7111111283302307,0.6777777671813965
YFR046C,YGL029W,0,-8.123652,0.09467455744743347,0.7111111283302307,0.6800000071525574
YIL066C,YOR035C,0,-8.12682,0.09439527988433838,0.7111111283302307,0.6822222471237183
YPR164W,YDL044C,0,-8.149767,0.0941176488995552,0.7111111283302307,0.6844444274902344
YBR073W,YIL044C,0,-8.15621,0.09384164214134216,0.7111111283302307,0.6866666674613953
YMR263W,YLR013W,0,-8.161119,0.09356725215911865,0.7111111283302307,0.6888889074325562
YML078W,YKL092C,0,-8.162493,0.09329446405172348,0.7111111283302307,0.6911110877990723
YKR067W,YGR132C,0,-8.201712,0.09302325546741486,0.7111111283302307,0.6933333277702332
YBR265W,YLL010C,0,-8.215742,0.09275362640619278,0.7111111283302307,0.695555567741394
YDR302W,YBL019W,0,-8.216374,0.09248554706573486,0.7111111283302307,0.6977777481079102
YMR266W,YPL128C,0,-8.219252,0.09221901744604111,0.7111111283302307,0.699999988079071
YLR242C,YCR083W,0,-8.223775,0.09195402264595032,0.7111111283302307,0.7022222280502319
YBL042C,YNL097C,0,-8.238736,0.0916905477643013,0.7111111283302307,0.7044444680213928
YAL055W,YER058W,0,-8.245017,0.09142857044935226,0.7111111283302307,0.7066666483879089
YBR290W,YBR083W,0,-8.257478,0.09116809070110321,0.7111111283302307,0.7088888883590698
YGR157W,YEL009C,0,-8.308834,0.09090909361839294,0.7111111283302307,0.7111111283302307
YNR023W,YDR354W,0,-8.30938,0.09065155684947968,0.7111111283302307,0.7133333086967468
YNL053W,YDR452W,0,-8.316206,0.0903954803943634,0.7111111283302307,0.7155555486679077
YPL047W,YMR231W,0,-8.318633,0.09014084190130234,0.7111111283302307,0.7177777886390686
YDL042C,YGR261C,0,-8.320339,0.08988764137029648,0.7111111283302307,0.7200000286102295
YLR242C,YGR198W,0,-8.323687,0.08963585644960403,0.7111111283302307,0.7222222089767456
YGL017W,YHR134W,0,-8.334021,0.08938547223806381,0.7111111283302307,0.7244444489479065
YBR133C,YML069W,0,-8.3400755,0.08913648873567581,0.7111111283302307,0.7266666889190674
YJL063C,YML110C,0,-8.34075,0.08888889104127884,0.7111111283302307,0.7288888692855835
YOL006C,YBR098W,0,-8.341677,0.0886426568031311,0.7111111283302307,0.7311111092567444
YBR280C,YGR140W,0,-8.357268,0.0883977934718132,0.7111111283302307,0.7333333492279053
YBL006C,YKR022C,0,-8.357417,0.08815427124500275,0.7111111283302307,0.7355555295944214
YLR069C,YFR009W,1,-8.370604,0.09065934270620346,0.7333333492279053,0.7355555295944214
YMR164C,YNR036C,0,-8.371302,0.09041095525026321,0.7333333492279053,0.7377777695655823
YLR110C,YBR154C,0,-8.372526,0.0901639312505722,0.7333333492279053,0.7400000095367432
YJL042W,YCR042C,0,-8.377318,0.08991825580596924,0.7333333492279053,0.742222249507904
YOL128C,YDL178W,0,-8.397664,0.08967391401529312,0.7333333492279053,0.7444444298744202
YDL153C,YGL054C,0,-8.398016,0.08943089097738266,0.7333333492279053,0.746666669845581
YPR181C,YDR316W,0,-8.406023,0.08918918669223785,0.7333333492279053,0.7488889098167419
YBR265W,YPR065W,0,-8.412948,0.08894878625869751,0.7333333492279053,0.7511110901832581
YNL082W,YHR104W,0,-8.415649,0.08870967477560043,0.7333333492279053,0.753333330154419
YCL011C,YMR044W,0,-8.430388,0.08847185224294662,0.7333333492279053,0.7555555701255798
YBR102C,YOL049W,0,-8.430946,0.0882352963089943,0.7333333492279053,0.757777750492096
YHR050W,YLR117C,0,-8.437233,0.08799999952316284,0.7333333492279053,0.7599999904632568
YER016W,YOL130W,0,-8.439685,0.08776595443487167,0.7333333492279053,0.7622222304344177
YPR018W,YPL181W,0,-8.464397,0.08753315359354019,0.7333333492279053,0.7644444704055786
YNL075W,YOR100C,0,-8.46449,0.0873015895485878,0.7333333492279053,0.7666666507720947
YJR099W,YPL086C,0,-8.485059,0.0870712399482727,0.7333333492279053,0.7688888907432556
YOR005C,YLL010C,0,-8.486004,0.08684210479259491,0.7333333492279053,0.7711111307144165
YNL125C,YLR275W,0,-8.503091,0.08661417663097382,0.7333333492279053,0.7733333110809326
YGL011C,YGL097W,0,-8.506436,0.08638743311166763,0.7333333492279053,0.7755555510520935
YKR087C,YKL184W,0,-8.529377,0.08616188168525696,0.7333333492279053,0.7777777910232544
YOR094W,YBR102C,0,-8.529916,0.0859375,0.7333333492279053,0.7799999713897705
YHR141C,YBR127C,0,-8.53092,0.08571428805589676,0.7333333492279053,0.7822222113609314
YJR014W,YDR331W,0,-8.532433,0.08549223095178604,0.7333333492279053,0.7844444513320923
YOR007C,YGL257C,0,-8.561137,0.08527132123708725,0.7333333492279053,0.7866666913032532
YDL002C,YGR028W,0,-8.591479,0.08505154401063919,0.7333333492279053,0.7888888716697693
YLR070C,YDR119W,0,-8.595733,0.08483290672302246,0.7333333492279053,0.7911111116409302
YBR079C,YDR099W,0,-8.606736,0.08461538702249527,0.7333333492279053,0.7933333516120911
YGL134W,YNL093W,0,-8.622317,0.08439897745847702,0.7333333492279053,0.7955555319786072
YFR051C,YBL101C,0,-8.63511,0.08418367058038712,0.7333333492279053,0.7977777719497681
YOL094C,YLR342W,0,-8.648339,0.08396946638822556,0.7333333492279053,0.800000011920929
YBR019C,YBL018C,0,-8.653875,0.08375634253025055,0.7333333492279053,0.8022222518920898
YJL210W,YGR163W,0,-8.666984,0.0835443064570427,0.7333333492279053,0.804444432258606
YGL150C,YMR067C,0,-8.672118,0.0833333358168602,0.7333333492279053,0.8066666722297668
YEL034W,YOL097C,0,-8.673598,0.08312342315912247,0.7333333492279053,0.8088889122009277
YGL020C,YGR261C,0,-8.6797285,0.0829145759344101,0.7333333492279053,0.8111110925674438
YPL268W,YBL019W,0,-8.682231,0.0827067643404007,0.7333333492279053,0.8133333325386047
YGL100W,YLR398C,0,-8.687495,0.08250000327825546,0.7333333492279053,0.8155555725097656
YDR153C,YHL020C,0,-8.697545,0.08229426294565201,0.7333333492279053,0.8177777528762817
YOR312C,YEL009C,0,-8.704788,0.08208955079317093,0.7333333492279053,0.8199999928474426
YJR019C,YOR197W,0,-8.705959,0.08188585937023163,0.7333333492279053,0.8222222328186035
YLR320W,YNL009W,0,-8.711426,0.08168316632509232,0.7333333492279053,0.8244444727897644
YAR008W,YBL067C,0,-8.724881,0.08148147910833359,0.7333333492279053,0.8266666531562805
YNL082W,YER042W,0,-8.742823,0.08128079026937485,0.7333333492279053,0.8288888931274414
YOR128C,YDR156W,0,-8.745149,0.0810810774564743,0.7333333492279053,0.8311111330986023
YML062C,YJL014W,0,-8.752589,0.08088235557079315,0.7333333492279053,0.8333333134651184
YGL124C,YLR119W,0,-8.76591,0.080684594810009,0.7333333492279053,0.8355555534362793
YDR142C,YPL212C,0,-8.767419,0.08048780262470245,0.7333333492279053,0.8377777934074402
YPL227C,YOL130W,0,-8.783086,0.08029197156429291,0.7333333492279053,0.8399999737739563
YDL155W,YOR303W,0,-8.790552,0.08009708672761917,0.7333333492279053,0.8422222137451172
YLR069C,YIL103W,1,-8.808603,0.08232445269823074,0.7555555701255798,0.8422222137451172
YGR121C,YCL011C,0,-8.808741,0.08212560415267944,0.7555555701255798,0.8444444537162781
YPR029C,YPR020W,0,-8.810668,0.08192770928144455,0.7555555701255798,0.846666693687439
YOR360C,YLR119W,0,-8.818601,0.08173076808452606,0.7555555701255798,0.8488888740539551
YPR056W,YGL179C,0,-8.822617,0.08153477311134338,0.7555555701255798,0.851111114025116
YGR023W,YPL029W,0,-8.823806,0.08133970946073532,0.7555555701255798,0.8533333539962769
YLR138W,YPL249C,0,-8.829967,0.08114558458328247,0.7555555701255798,0.855555534362793
YCL038C,YDR051C,0,-8.840796,0.08095238357782364,0.7555555701255798,0.8577777743339539
YMR197C,YEL003W,0,-8.841101,0.08076009154319763,0.7555555701255798,0.8600000143051147
YLR274W,YML029W,0,-8.841174,0.08056872338056564,0.7555555701255798,0.8622221946716309
YMR079W,YNL300W,0,-8.843404,0.08037824928760529,0.7555555701255798,0.8644444346427917
YJR099W,YGR065C,0,-8.867997,0.08018867671489716,0.7555555701255798,0.8666666746139526
YKL146W,YIR010W,0,-8.869364,0.07999999821186066,0.7555555701255798,0.8688889145851135
YHR188C,YOR140W,0,-8.874219,0.07981220632791519,0.7555555701255798,0.8711110949516296
YOR144C,YHR124W,0,-8.877316,0.07962529361248016,0.7555555701255798,0.8733333349227905
YNL069C,YGR192C,0,-8.882112,0.07943925261497498,0.7555555701255798,0.8755555748939514
YDR255C,YIL044C,0,-8.885218,0.07925407588481903,0.7555555701255798,0.8777777552604675
YHR191C,YNL241C,0,-8.89194,0.07906977087259293,0.7555555701255798,0.8799999952316284
YML014W,YBR110W,0,-8.892941,0.07888630777597427,0.7555555701255798,0.8822222352027893
YOL039W,YOR133W,1,-8.9122,0.08101851493120193,0.7777777910232544,0.8822222352027893
YBR171W,YBR199W,0,-8.919305,0.08083140850067139,0.7777777910232544,0.8844444155693054
YDR058C,YDR484W,0,-8.926272,0.08064515888690948,0.7777777910232544,0.8866666555404663
YDL212W,YBR077C,0,-8.936716,0.08045977354049683,0.7777777910232544,0.8888888955116272
YJR086W,YER021W,0,-8.942519,0.08027523010969162,0.7777777910232544,0.8911111354827881
YMR162C,YLR117C,0,-8.965071,0.08009153604507446,0.7777777910232544,0.8933333158493042
YIL041W,YHR134W,0,-9.004598,0.07990867644548416,0.7777777910232544,0.8955555558204651
YOR128C,YER122C,0,-9.007567,0.07972665131092072,0.7777777910232544,0.897777795791626
YNL177C,YOL137W,0,-9.049222,0.07954545319080353,0.7777777910232544,0.8999999761581421
YGL011C,YJL020C,0,-9.067052,0.0793650820851326,0.7777777910232544,0.902222216129303
YDL150W,YML058W,0,-9.1288805,0.07918552309274673,0.7777777910232544,0.9044444561004639
YPL055C,YIR010W,0,-9.13804,0.07900676876306534,0.7777777910232544,0.9066666960716248
YFL009W,YDR291W,0,-9.152179,0.078828826546669,0.7777777910232544,0.9088888764381409
YKL101W,YNL275W,0,-9.157395,0.07865168899297714,0.7777777910232544,0.9111111164093018
YDL002C,YAL009W,0,-9.167576,0.07847533375024796,0.7777777910232544,0.9133333563804626
YLR034C,YPL053C,0,-9.175233,0.07829977571964264,0.7777777910232544,0.9155555367469788
YNL099C,YOR028C,0,-9.175999,0.078125,0.7777777910232544,0.9177777767181396
YDR051C,YPL255W,0,-9.180186,0.07795099914073944,0.7777777910232544,0.9200000166893005
YOL119C,YJL111W,0,-9.18082,0.07777778059244156,0.7777777910232544,0.9222221970558167
YML038C,YOR058C,0,-9.210763,0.07760532200336456,0.7777777910232544,0.9244444370269775
YGR140W,YNR039C,0,-9.230475,0.07743363082408905,0.7777777910232544,0.9266666769981384
YHR191C,YNL272C,0,-9.23487,0.07726269215345383,0.7777777910232544,0.9288889169692993
YDL181W,YKL209C,0,-9.251245,0.07709251344203949,0.7777777910232544,0.9311110973358154
YNL169C,YPL170W,0,-9.251509,0.07692307978868484,0.7777777910232544,0.9333333373069763
YPL246C,YBR171W,0,-9.284634,0.0767543837428093,0.7777777910232544,0.9355555772781372
YDR162C,YDR255C,0,-9.29057,0.07658643275499344,0.7777777910232544,0.9377777576446533
YGL002W,YOL113W,0,-9.294145,0.07641921192407608,0.7777777910232544,0.9399999976158142
YGR068C,YKL139W,0,-9.302772,0.07625272125005722,0.7777777910232544,0.9422222375869751
YDR058C,YJL100W,0,-9.320086,0.07608695328235626,0.7777777910232544,0.9444444179534912
YJL076W,YMR044W,0,-9.343947,0.0759219080209732,0.7777777910232544,0.9466666579246521
YCR017C,YML069W,0,-9.344745,0.07575757801532745,0.7777777910232544,0.948888897895813
YML007W,YLR421C,0,-9.35732,0.07559395581483841,0.7777777910232544,0.9511111378669739
YOL088C,YDR214W,0,-9.357982,0.07543103396892548,0.7777777910232544,0.95333331823349
YHR134W,YKL018W,0,-9.367852,0.07526881992816925,0.7777777910232544,0.9555555582046509
YPR020W,YBR044C,0,-9.372297,0.07510729879140854,0.7777777910232544,0.9577777981758118
YHL009C,YOR058C,0,-9.376767,0.07494646310806274,0.7777777910232544,0.9599999785423279
YGR132C,YER166W,0,-9.378925,0.07478632777929306,0.7777777910232544,0.9622222185134888
YMR293C,YOL001W,0,-9.389832,0.0746268630027771,0.7777777910232544,0.9644444584846497
YLR340W,YOR133W,1,-9.417777,0.0765957459807396,0.800000011920929,0.9644444584846497
YBR216C,YPL270W,0,-9.426848,0.07643312215805054,0.800000011920929,0.9666666388511658
YIL023C,YJR086W,0,-9.465222,0.0762711837887764,0.800000011920929,0.9688888788223267
YDR408C,YML001W,0,-9.492221,0.07610993832349777,0.800000011920929,0.9711111187934875
YNL082W,YER166W,0,-9.541259,0.07594936341047287,0.800000011920929,0.9733333587646484
YDR382W,YOR133W,1,-9.567946,0.07789473980665207,0.8222222328186035,0.9733333587646484
YDR385W,YOL039W,1,-9.612794,0.07983193546533585,0.8444444537162781,0.9733333587646484
YLR069C,YNL014W,1,-9.63477,0.08176100999116898,0.8666666746139526,0.9733333587646484
YPR033C,YER094C,0,-9.654668,0.0815899595618248,0.8666666746139526,0.9755555391311646
YMR309C,YOL044W,0,-9.6770935,0.08141962438821793,0.8666666746139526,0.9777777791023254
YOL039W,YDR382W,1,-9.689861,0.0833333358168602,0.8888888955116272,0.9777777791023254
YNL003C,YOR360C,0,-9.7438,0.08316008001565933,0.8888888955116272,0.9800000190734863
YGL166W,YPL008W,0,-9.756871,0.08298755437135696,0.8888888955116272,0.9822221994400024
YNR012W,YDR142C,0,-9.765744,0.0828157365322113,0.8888888955116272,0.9844444394111633
YMR044W,YNL272C,0,-9.793,0.08264462649822235,0.8888888955116272,0.9866666793823242
YDR385W,YOR133W,1,-9.820268,0.08453608304262161,0.9111111164093018,0.9866666793823242
YGL100W,YJR086W,0,-9.863383,0.08436214178800583,0.9111111164093018,0.9888888597488403
YGL038C,YOR141C,0,-9.906724,0.08418890833854675,0.9111111164093018,0.9911110997200012
YDR462W,YDR206W,0,-10.187366,0.08401639014482498,0.9111111164093018,0.9933333396911621
YER146W,YBR293W,0,-10.266107,0.08384457975625992,0.9111111164093018,0.995555579662323
YLR298C,YPR056W,0,-10.407462,0.08367346972227097,0.9111111164093018,0.9977777600288391
YDR385W,YLR340W,1,-10.411719,0.08553971350193024,0.9333333373069763,0.9977777600288391
YLR340W,YDR382W,1,-10.511621,0.08739837259054184,0.9555555582046509,0.9977777600288391
YMR021C,YDL207W,0,-10.657086,0.08722109347581863,0.9555555582046509,1.0
YDR385W,YDR382W,1,-10.902722,0.08906882256269455,0.9777777791023254,1.0
YLR340W,YOL039W,1,-11.114389,0.09090909361839294,1.0,1.0
