Gene A,Gene B,Label,Score,Precision,Recall,False Positive Rate
YDR284C,YCR034W,1,5.4087667,1.0,0.0010000000474974513,0.0
YPL028W,YLR088W,1,4.589982,1.0,0.0020000000949949026,0.0
YDR147W,YOL002C,1,4.3949227,1.0,0.003000000026077032,0.0
YMR202W,YDL078C,1,3.9109094,1.0,0.004000000189989805,0.0
YER026C,YMR015C,1,3.773042,1.0,0.004999999888241291,0.0
YMR208W,YLR056W,1,3.4609642,1.0,0.006000000052154064,0.0
YOR317W,YGL055W,1,3.2871816,1.0,0.007000000216066837,0.0
YJR013W,YDR297W,1,3.2118652,1.0,0.00800000037997961,0.0
YGL001C,YIL160C,1,3.2049243,1.0,0.008999999612569809,0.0
YDR503C,YLR372W,1,3.204562,1.0,0.009999999776482582,0.0
YOL011W,YBR183W,1,3.1998436,1.0,0.010999999940395355,0.0
YOL002C,YDR213W,1,3.1878119,1.0,0.012000000104308128,0.0
YBR132C,YBR110W,1,3.1688817,1.0,0.013000000268220901,0.0
YJL196C,YBR265W,1,3.1004508,1.0,0.014000000432133675,0.0
YER026C,YNR008W,1,3.0988944,1.0,0.014999999664723873,0.0
YDR062W,YJR103W,1,3.0840132,1.0,0.01600000075995922,0.0
YJL196C,YHR123W,1,3.080568,1.0,0.017000000923871994,0.0
YML075C,YNL156C,1,2.9918196,1.0,0.017999999225139618,0.0
YNL111C,YJR110W,1,2.950617,1.0,0.01899999938905239,0.0
YLL031C,YML075C,1,2.9010508,1.0,0.019999999552965164,0.0
YPL028W,YLL031C,1,2.8512704,1.0,0.020999999716877937,0.0
YMR015C,YKL165C,1,2.777058,1.0,0.02199999988079071,0.0
YLR284C,YCR034W,1,2.7533371,1.0,0.023000000044703484,0.0
YGR175C,YNR043W,1,2.7484186,1.0,0.024000000208616257,0.0
YLR459W,YDR297W,1,2.7142363,1.0,0.02500000037252903,0.0
YMR008C,YDR297W,1,2.697809,1.0,0.026000000536441803,0.0
YCR048W,YDL142C,1,2.6092331,1.0,0.027000000700354576,0.0
YLR133W,YCR034W,1,2.5902026,1.0,0.02800000086426735,0.0
YKL008C,YJL100W,1,2.5796857,1.0,0.028999999165534973,0.0
YDL142C,YKL008C,1,2.570047,1.0,0.029999999329447746,0.0
YHR042W,YBR035C,1,2.5621958,1.0,0.03099999949336052,0.0
YLR228C,YMR202W,1,2.5061297,1.0,0.03200000151991844,0.0
YML126C,YOL002C,1,2.5052023,1.0,0.032999999821186066,0.0
YLR056W,YGL126W,1,2.4351888,1.0,0.03400000184774399,0.0
YHR123W,YLL031C,1,2.3981488,1.0,0.03500000014901161,0.0
YGL001C,YLL012W,1,2.3583434,1.0,0.035999998450279236,0.0
YCR034W,YLR450W,1,2.3242667,1.0,0.03700000047683716,0.0
YGL142C,YDR297W,1,2.3058858,1.0,0.03799999877810478,0.0
YGL012W,YDL078C,1,2.2514966,1.0,0.039000000804662704,0.0
YNL280C,YHR042W,1,2.197388,1.0,0.03999999910593033,0.0
YGR177C,YOR317W,1,2.1831892,1.0,0.04100000113248825,0.0
YJL196C,YDR302W,1,2.160597,1.0,0.041999999433755875,0.0
YER026C,YGR007W,1,2.149534,1.0,0.0430000014603138,0.0
YPR113W,YDR213W,1,2.1368937,1.0,0.04399999976158142,0.0
YBR132C,YLR242C,1,2.1343753,1.0,0.04500000178813934,0.0
YMR008C,YBR006W,1,2.0909722,1.0,0.04600000008940697,0.0
YMR015C,YGL225W,1,2.0733354,1.0,0.04699999839067459,0.0
YBR110W,YDR284C,1,2.0595543,1.0,0.04800000041723251,0.0
YBR036C,YNL156C,1,2.0388443,1.0,0.04899999871850014,0.0
YOR100C,YDR302W,1,1.986849,1.0,0.05000000074505806,0.0
YGR037C,YOL002C,1,1.9595598,1.0,0.050999999046325684,0.0
YDR147W,YOR363C,1,1.9451581,1.0,0.052000001072883606,0.0
YCR048W,YDR331W,1,1.9028505,1.0,0.05299999937415123,0.0
YHR133C,YDR297W,1,1.8774067,1.0,0.05400000140070915,0.0
YFL025C,YBR036C,1,1.8587543,1.0,0.054999999701976776,0.0
YPL028W,YLR372W,1,1.8580388,1.0,0.0560000017285347,0.0
YOR317W,YHR001W,1,1.8472326,1.0,0.05700000002980232,0.0
YLR228C,YMR079W,1,1.8088986,1.0,0.057999998331069946,0.0
YNL169C,YBR183W,1,1.796086,1.0,0.05900000035762787,0.0
YGL012W,YDR297W,1,1.7597193,1.0,0.05999999865889549,0.0
YIL124W,YJR103W,1,1.7372822,1.0,0.061000000685453415,0.0
YBR029C,YNL106C,1,1.7316529,1.0,0.06199999898672104,0.0
YML075C,YER019W,1,1.6915661,1.0,0.06300000101327896,0.0
YJL196C,YPL028W,1,1.6509787,1.0,0.06400000303983688,0.0
YBR161W,YJR019C,1,1.6284305,1.0,0.06499999761581421,0.0
YPL057C,YPL206C,1,1.6154788,1.0,0.06599999964237213,0.0
YHR190W,YMR079W,1,1.5712209,1.0,0.06700000166893005,0.0
YHR190W,YLR372W,1,1.5616325,1.0,0.06800000369548798,0.0
YGL055W,YPR113W,1,1.5355321,1.0,0.0689999982714653,0.0
YGL001C,YLR459W,1,1.4970809,1.0,0.07000000029802322,0.0
YER026C,YLR459W,1,1.4860085,1.0,0.07100000232458115,0.0
YGR177C,YGR007W,1,1.4813707,1.0,0.07199999690055847,0.0
YML075C,YJR103W,1,1.4621121,1.0,0.0729999989271164,0.0
YHR072W,YAL051W,1,1.4498242,1.0,0.07400000095367432,0.0
YBR036C,YGL126W,1,1.4196577,1.0,0.07500000298023224,0.0
YPL006W,YGL225W,1,1.4140414,1.0,0.07599999755620956,0.0
YML126C,YHR042W,1,1.3979945,1.0,0.07699999958276749,0.0
YOR317W,YGL225W,1,1.3807101,1.0,0.07800000160932541,0.0
YNL280C,YPR140W,1,1.3723785,1.0,0.07900000363588333,0.0
YDR331W,YML075C,1,1.3714838,1.0,0.07999999821186066,0.0
YNR043W,YLR240W,1,1.337439,1.0,0.08100000023841858,0.0
YPL028W,YJR013W,1,1.3290719,1.0,0.0820000022649765,0.0
YDL142C,YMR208W,1,1.3179201,1.0,0.08299999684095383,0.0
YMR246W,YFL031W,1,1.31307,1.0,0.08399999886751175,0.0
YCR048W,YDR294C,1,1.3006579,1.0,0.08500000089406967,0.0
YGR177C,YKR053C,1,1.284736,1.0,0.0860000029206276,0.0
YLR284C,YMR208W,1,1.2825553,1.0,0.08699999749660492,0.0
YOR317W,YKL126W,1,1.2786435,1.0,0.08799999952316284,0.0
YGL126W,YBR006W,1,1.2508987,1.0,0.08900000154972076,0.0
YML059C,YMR272C,1,1.2408235,1.0,0.09000000357627869,0.0
YGL225W,YLL012W,1,1.2407855,1.0,0.09099999815225601,0.0
YGR060W,YJL062W,1,1.2313694,1.0,0.09200000017881393,0.0
YNL111C,YMR272C,1,1.2107778,1.0,0.09300000220537186,0.0
YOR100C,YOL002C,1,1.2021313,1.0,0.09399999678134918,0.0
YGR175C,YGR007W,1,1.1967072,1.0,0.0949999988079071,0.0
YLL031C,YGR007W,1,1.1301554,1.0,0.09600000083446503,0.0
YER015W,YLR450W,1,1.0920734,1.0,0.09700000286102295,0.0
YBR161W,YKR053C,1,1.0920417,1.0,0.09799999743700027,0.0
YGR175C,YJL100W,1,1.0791522,1.0,0.0989999994635582,0.0
YBR036C,YNL045W,1,1.071002,1.0,0.10000000149011612,0.0
YOL002C,YDR062W,1,1.0607433,1.0,0.10100000351667404,0.0
YMR015C,YLR372W,1,1.0409964,1.0,0.10199999809265137,0.0
YBR036C,YLR459W,1,1.0396031,1.0,0.10300000011920929,0.0
YER019W,YMR165C,1,1.039311,1.0,0.10400000214576721,0.0
YBR132C,YER019W,1,1.0368063,1.0,0.10499999672174454,0.0
YCR094W,YDL142C,1,0.99369067,1.0,0.10599999874830246,0.0
YBR036C,YDR297W,1,0.98887986,1.0,0.10700000077486038,0.0
YNL156C,YBL039C,1,0.9842021,1.0,0.1080000028014183,0.0
YHR042W,YKL055C,1,0.9840855,1.0,0.10899999737739563,0.0
YGL055W,YKR031C,1,0.9715778,1.0,0.10999999940395355,0.0
YIL124W,YGR175C,1,0.9455481,1.0,0.11100000143051147,0.0
YDR331W,YOR171C,1,0.939145,1.0,0.1120000034570694,0.0
YBR177C,YLR100W,1,0.92276233,1.0,0.11299999803304672,0.0
YER026C,YLR372W,1,0.92052716,1.0,0.11400000005960464,0.0
YJR013W,YOL101C,1,0.9139388,1.0,0.11500000208616257,0.0
YKR009C,YDL078C,1,0.9079564,1.0,0.11599999666213989,0.0
YHR190W,YDR062W,1,0.90446264,1.0,0.11699999868869781,0.0
YMR208W,YMR296C,1,0.9015763,1.0,0.11800000071525574,0.0
YOR100C,YGL012W,1,0.8871255,1.0,0.11900000274181366,0.0
YBR161W,YGR060W,1,0.88484824,1.0,0.11999999731779099,0.0
YJL062W,YNR043W,1,0.8734022,1.0,0.12099999934434891,0.0
YCR048W,YNL038W,1,0.8715406,1.0,0.12200000137090683,0.0
YLR088W,YDR062W,1,0.8673021,1.0,0.12300000339746475,0.0
YMR015C,YDR331W,1,0.86238384,1.0,0.12399999797344208,0.0
YER061C,YLL031C,1,0.8599469,1.0,0.125,0.0
YER026C,YDR062W,1,0.84062445,1.0,0.12600000202655792,0.0
YKL004W,YJR103W,1,0.8330166,1.0,0.12700000405311584,0.0
YLR133W,YMR246W,1,0.82631767,1.0,0.12800000607967377,0.0
YNL066W,YMR203W,0,0.81498927,0.9922480583190918,0.12800000607967377,9.999999747378752e-05
YLR189C,YHR133C,1,0.79019463,0.9923076629638672,0.1289999932050705,9.999999747378752e-05
YOR180C,YLR023C,1,0.7786046,0.9923664331436157,0.12999999523162842,9.999999747378752e-05
YMR272C,YBL039C,1,0.7731702,0.9924242496490479,0.13099999725818634,9.999999747378752e-05
YPL069C,YOL002C,1,0.7518676,0.9924812316894531,0.13199999928474426,9.999999747378752e-05
YLR372W,YPL206C,1,0.75130075,0.9925373196601868,0.13300000131130219,9.999999747378752e-05
YBR110W,YOR100C,1,0.7358335,0.9925925731658936,0.1340000033378601,9.999999747378752e-05
YMR202W,YOR149C,1,0.72552943,0.9926470518112183,0.13500000536441803,9.999999747378752e-05
YBR110W,YLR372W,1,0.7223982,0.9927007555961609,0.13600000739097595,9.999999747378752e-05
YCR094W,YNL156C,1,0.7100683,0.9927536249160767,0.13699999451637268,9.999999747378752e-05
YLR284C,YNR043W,1,0.6936192,0.9928057789802551,0.1379999965429306,9.999999747378752e-05
YKL004W,YOR317W,1,0.69130784,0.9928571581840515,0.13899999856948853,9.999999747378752e-05
YOL002C,YDR297W,1,0.68381506,0.9929078221321106,0.14000000059604645,9.999999747378752e-05
YNR043W,YLR372W,1,0.665098,0.9929577708244324,0.14100000262260437,9.999999747378752e-05
YDR062W,YBR265W,1,0.657664,0.9930070042610168,0.1420000046491623,9.999999747378752e-05
YHR123W,YOR221C,1,0.6456813,0.9930555820465088,0.14300000667572021,9.999999747378752e-05
YPL076W,YBR002C,1,0.63586766,0.9931034445762634,0.14399999380111694,9.999999747378752e-05
YML075C,YLR450W,1,0.6354577,0.9931507110595703,0.14499999582767487,9.999999747378752e-05
YPL076W,YLR372W,1,0.6350389,0.9931972622871399,0.1459999978542328,9.999999747378752e-05
YDR284C,YFL031W,1,0.6129628,0.9932432174682617,0.1469999998807907,9.999999747378752e-05
YLR056W,YGR216C,1,0.60373646,0.9932885766029358,0.14800000190734863,9.999999747378752e-05
YJR013W,YML075C,1,0.5996691,0.9933333396911621,0.14900000393390656,9.999999747378752e-05
YDR434W,YGL126W,1,0.58236355,0.9933775067329407,0.15000000596046448,9.999999747378752e-05
YOR109W,YMR008C,1,0.576094,0.9934210777282715,0.1509999930858612,9.999999747378752e-05
YBR177C,YCR034W,1,0.5714553,0.9934640526771545,0.15199999511241913,9.999999747378752e-05
YBR132C,YDR213W,1,0.560809,0.9935064911842346,0.15299999713897705,9.999999747378752e-05
YJR013W,YBR004C,1,0.5376925,0.9935483932495117,0.15399999916553497,9.999999747378752e-05
YLR100W,YLL031C,1,0.51926,0.9935897588729858,0.1550000011920929,9.999999747378752e-05
YMR202W,YHR042W,1,0.51807934,0.993630588054657,0.15600000321865082,9.999999747378752e-05
YPL076W,YMR006C,1,0.5144297,0.9936708807945251,0.15700000524520874,9.999999747378752e-05
YNL156C,YKR003W,1,0.51068574,0.9937106966972351,0.15800000727176666,9.999999747378752e-05
YBR110W,YMR296C,1,0.50631595,0.9937499761581421,0.1589999943971634,9.999999747378752e-05
YKL008C,YCL004W,1,0.4946868,0.9937888383865356,0.1599999964237213,9.999999747378752e-05
YCR048W,YNL156C,1,0.48719034,0.9938271641731262,0.16099999845027924,9.999999747378752e-05
YMR319C,YLR376C,0,0.4807084,0.987730085849762,0.16099999845027924,0.00019999999494757503
YGR177C,YOR109W,1,0.46072474,0.9878048896789551,0.16200000047683716,0.00019999999494757503
YGR060W,YMR272C,1,0.45251766,0.9878787994384766,0.16300000250339508,0.00019999999494757503
YBR036C,YKR031C,1,0.4481844,0.9879518151283264,0.164000004529953,0.00019999999494757503
YDR503C,YPR113W,1,0.44530395,0.9880239367485046,0.16500000655651093,0.00019999999494757503
YDR503C,YPR140W,1,0.44487765,0.988095223903656,0.16599999368190765,0.00019999999494757503
YMR202W,YOR317W,1,0.4400544,0.9881656765937805,0.16699999570846558,0.00019999999494757503
YKL165C,YIL160C,1,0.4202561,0.9882352948188782,0.1679999977350235,0.00019999999494757503
YGR175C,YLR023C,1,0.40893385,0.988304078578949,0.16899999976158142,0.00019999999494757503
YGR216C,YJL100W,1,0.39988703,0.9883720874786377,0.17000000178813934,0.00019999999494757503
YFL025C,YPL028W,1,0.39808735,0.9884393215179443,0.17100000381469727,0.00019999999494757503
YBR036C,YDR503C,1,0.39636615,0.9885057210922241,0.1720000058412552,0.00019999999494757503
YDR062W,YNL156C,1,0.3951579,0.9885714054107666,0.17299999296665192,0.00019999999494757503
YGL200C,YPL092W,0,0.38622168,0.9829545617103577,0.17299999296665192,0.0003000000142492354
YKL008C,YOR363C,1,0.38573173,0.9830508232116699,0.17399999499320984,0.0003000000142492354
YMR298W,YOL147C,1,0.3834963,0.983146071434021,0.17499999701976776,0.0003000000142492354
YGR177C,YGL225W,1,0.3432143,0.9832402467727661,0.17599999904632568,0.0003000000142492354
YIL013C,YBR043C,0,0.3425624,0.9777777791023254,0.17599999904632568,0.00039999998989515007
YDR294C,YHR133C,1,0.3207598,0.9779005646705627,0.1770000010728836,0.00039999998989515007
YJR047C,YPL144W,0,0.31748307,0.9725274443626404,0.1770000010728836,0.0005000000237487257
YOL147C,YGR170W,1,0.30124462,0.9726775884628296,0.17800000309944153,0.0005000000237487257
YDR123C,YOR081C,1,0.28188503,0.9728260636329651,0.17900000512599945,0.0005000000237487257
YBR132C,YBR183W,1,0.2746251,0.9729729890823364,0.18000000715255737,0.0005000000237487257
YDR284C,YJL167W,1,0.24805418,0.9731183052062988,0.1809999942779541,0.0005000000237487257
YGR060W,YBL011W,1,0.23804268,0.9732620120048523,0.18199999630451202,0.0005000000237487257
YDR062W,YER125W,1,0.23564842,0.9734042286872864,0.18299999833106995,0.0005000000237487257
YML075C,YEL050C,1,0.23499659,0.9735449552536011,0.18400000035762787,0.0005000000237487257
YDR284C,YNL156C,1,0.22084627,0.9736841917037964,0.1850000023841858,0.0005000000237487257
YGL012W,YOL002C,1,0.20546338,0.9738219976425171,0.1860000044107437,0.0005000000237487257
YER015W,YKR003W,1,0.20362416,0.9739583134651184,0.18700000643730164,0.0005000000237487257
YHR190W,YDR437W,1,0.2001147,0.9740932583808899,0.18799999356269836,0.0005000000237487257
YLR056W,YNL054W,1,0.20007193,0.9742268323898315,0.1889999955892563,0.0005000000237487257
YIL124W,YNL054W,1,0.18808809,0.9743589758872986,0.1899999976158142,0.0005000000237487257
YLR242C,YCR034W,1,0.18757746,0.9744898080825806,0.19099999964237213,0.0005000000237487257
YPL028W,YNL009W,1,0.17608503,0.9746192693710327,0.19200000166893005,0.0005000000237487257
YLR133W,YGR060W,1,0.1727863,0.9747474789619446,0.19300000369548798,0.0005000000237487257
YKL192C,YGR060W,1,0.17072192,0.9748743772506714,0.1940000057220459,0.0005000000237487257
YAL040C,YGR227W,0,0.15583506,0.9700000286102295,0.1940000057220459,0.0006000000284984708
YMR202W,YPL076W,1,0.13583228,0.9701492786407471,0.19499999284744263,0.0006000000284984708
YJL196C,YGR202C,1,0.13279456,0.9702970385551453,0.19599999487400055,0.0006000000284984708
YOR317W,YLR023C,1,0.1292072,0.9704433679580688,0.19699999690055847,0.0006000000284984708
YLR450W,YBL039C,1,0.114382304,0.970588207244873,0.1979999989271164,0.0006000000284984708
YLR153C,YHR194W,0,0.10651321,0.9658536314964294,0.1979999989271164,0.000699999975040555
YML126C,YBR159W,1,0.10184417,0.9660193920135498,0.19900000095367432,0.000699999975040555
YGR007W,YHR133C,1,0.09374706,0.966183602809906,0.20000000298023224,0.000699999975040555
YKL004W,YER026C,1,0.07336215,0.9663461446762085,0.20100000500679016,0.000699999975040555
YCR094W,YLR056W,1,0.057707407,0.9665071964263916,0.20200000703334808,0.000699999975040555
YDR093W,YNL169C,1,0.054121114,0.9666666388511658,0.2029999941587448,0.000699999975040555
YLR201C,YNR031C,0,0.050810553,0.9620853066444397,0.2029999941587448,0.0007999999797903001
YCR048W,YOR363C,1,0.04360006,0.9622641801834106,0.20399999618530273,0.0007999999797903001
YPR140W,YJR103W,1,0.028171577,0.9624413251876831,0.20499999821186066,0.0007999999797903001
YPL028W,YNR008W,1,0.02679015,0.9626168012619019,0.20600000023841858,0.0007999999797903001
YML127W,YKL051W,0,0.022516258,0.9581395387649536,0.20600000023841858,0.0008999999845400453
YNR043W,YOR149C,1,0.02171988,0.9583333134651184,0.2070000022649765,0.0008999999845400453
YDR294C,YLR228C,1,0.021067329,0.9585253596305847,0.20800000429153442,0.0008999999845400453
YLR270W,YLR080W,0,0.02083508,0.9541284441947937,0.20800000429153442,0.0010000000474974513
YGL038C,YFL045C,0,0.0182961,0.9497717022895813,0.20800000429153442,0.0010999999940395355
YER166W,YPL206C,1,0.008132137,0.949999988079071,0.20900000631809235,0.0010999999940395355
YNL275W,YDR369C,0,-0.0020832643,0.9457013607025146,0.20900000631809235,0.0012000000569969416
YLL031C,YMR079W,1,-0.0039386377,0.9459459185600281,0.20999999344348907,0.0012000000569969416
YBR004C,YPL175W,1,-0.006501518,0.9461883306503296,0.210999995470047,0.0012000000569969416
YLR056W,YER015W,1,-0.009569727,0.9464285969734192,0.21199999749660492,0.0012000000569969416
YPL095C,YNL169C,1,-0.011945508,0.9466666579246521,0.21299999952316284,0.0012000000569969416
YDR284C,YMR207C,1,-0.03333997,0.9469026327133179,0.21400000154972076,0.0012000000569969416
YGL142C,YDR058C,1,-0.034477375,0.9471365809440613,0.2150000035762787,0.0012000000569969416
YKL004W,YKL126W,1,-0.054025255,0.9473684430122375,0.2160000056028366,0.0012000000569969416
YBR177C,YOL011W,1,-0.06560268,0.9475982785224915,0.21699999272823334,0.0012000000569969416
YBR004C,YJL062W,1,-0.06971779,0.947826087474823,0.21799999475479126,0.0012000000569969416
YJR013W,YHR042W,1,-0.070922695,0.948051929473877,0.21899999678134918,0.0012000000569969416
YGR175C,YDR434W,1,-0.081935786,0.9482758641242981,0.2199999988079071,0.0012000000569969416
YMR272C,YBR006W,1,-0.085193,0.9484978318214417,0.22100000083446503,0.0012000000569969416
YLR189C,YNL169C,1,-0.08773505,0.9487179517745972,0.22200000286102295,0.0012000000569969416
YLR242C,YPR113W,1,-0.09769427,0.9489361643791199,0.22300000488758087,0.0012000000569969416
YGR175C,YNL169C,1,-0.100888215,0.9491525292396545,0.2240000069141388,0.0012000000569969416
YOR363C,YLR305C,1,-0.10296529,0.949367105960846,0.22499999403953552,0.0012000000569969416
YJL062W,YNR008W,1,-0.10624636,0.9495798349380493,0.22599999606609344,0.0012000000569969416
YGL012W,YKL126W,1,-0.11696132,0.9497907757759094,0.22699999809265137,0.0012000000569969416
YDL155W,YPL265W,0,-0.12084403,0.9458333253860474,0.22699999809265137,0.0013000000035390258
YNR019W,YMR202W,1,-0.12255918,0.9460580945014954,0.2280000001192093,0.0013000000035390258
YDR284C,YBR004C,1,-0.12793288,0.9462810158729553,0.2290000021457672,0.0013000000035390258
YLR459W,YGR143W,1,-0.13672164,0.9465020298957825,0.23000000417232513,0.0013000000035390258
YGR175C,YKR009C,1,-0.1375924,0.9467213153839111,0.23100000619888306,0.0013000000035390258
YLR133W,YDR503C,1,-0.1383788,0.9469387531280518,0.23199999332427979,0.0013000000035390258
YDR434W,YHR133C,1,-0.14353839,0.9471544623374939,0.2329999953508377,0.0013000000035390258
YNL111C,YDR058C,1,-0.14895305,0.9473684430122375,0.23399999737739563,0.0013000000035390258
YLR450W,YPL206C,1,-0.1501284,0.9475806355476379,0.23499999940395355,0.0013000000035390258
YKL004W,YBR183W,1,-0.15269849,0.9477911591529846,0.23600000143051147,0.0013000000035390258
YBL032W,YIL105C,0,-0.1542323,0.9440000057220459,0.23600000143051147,0.00139999995008111
YBR177C,YFR019W,1,-0.15566435,0.9442231059074402,0.2370000034570694,0.00139999995008111
YER026C,YLL031C,1,-0.16057697,0.9444444179534912,0.23800000548362732,0.00139999995008111
YBR132C,YKL140W,1,-0.16067752,0.9446640610694885,0.23899999260902405,0.00139999995008111
YOR363C,YGR170W,1,-0.16104355,0.9448819160461426,0.23999999463558197,0.00139999995008111
YCR048W,YDR058C,1,-0.19147703,0.9450980424880981,0.2409999966621399,0.00139999995008111
YHR133C,YNL231C,1,-0.19350538,0.9453125,0.24199999868869781,0.00139999995008111
YMR006C,YKR031C,1,-0.20213464,0.9455252885818481,0.24300000071525574,0.00139999995008111
YCR048W,YFL031W,1,-0.22425786,0.9457364082336426,0.24400000274181366,0.00139999995008111
YHR123W,YMR006C,1,-0.22549087,0.9459459185600281,0.24500000476837158,0.00139999995008111
YGL126W,YJR103W,1,-0.23518538,0.9461538195610046,0.2460000067949295,0.00139999995008111
YLL006W,YNL283C,0,-0.25156084,0.9425287246704102,0.2460000067949295,0.001500000013038516
YGL012W,YBR030W,1,-0.25519082,0.9427480697631836,0.24699999392032623,0.001500000013038516
YBL039C,YNL045W,1,-0.26037738,0.9429658055305481,0.24799999594688416,0.001500000013038516
YMR208W,YMR008C,1,-0.2609329,0.9431818127632141,0.24899999797344208,0.001500000013038516
YBR029C,YOR171C,1,-0.26986742,0.9433962106704712,0.25,0.001500000013038516
YGR060W,YHR190W,1,-0.2713543,0.9436089992523193,0.25099998712539673,0.001500000013038516
YMR202W,YDR503C,1,-0.27475867,0.9438202381134033,0.25200000405311584,0.001500000013038516
YGR175C,YGR170W,1,-0.2837629,0.9440298676490784,0.2529999911785126,0.001500000013038516
YLR208W,YHR048W,0,-0.29250643,0.9405204653739929,0.2529999911785126,0.0015999999595806003
YPR176C,YDR300C,0,-0.2987834,0.9370370507240295,0.2529999911785126,0.0017000000225380063
YDR317W,YOR003W,0,-0.30888,0.9335793256759644,0.2529999911785126,0.0017999999690800905
YPL095C,YPR140W,1,-0.3100165,0.9338235259056091,0.2540000081062317,0.0017999999690800905
YER155C,YOR156C,0,-0.31350964,0.930402934551239,0.2540000081062317,0.0019000000320374966
YDR093W,YLR372W,1,-0.31999883,0.930656909942627,0.2549999952316284,0.0019000000320374966
YCR034W,YDR062W,1,-0.3251678,0.9309090971946716,0.25600001215934753,0.0019000000320374966
YDR252W,YDR472W,0,-0.33280903,0.9275362491607666,0.25600001215934753,0.0020000000949949026
YMR015C,YDR434W,1,-0.3378583,0.9277978539466858,0.25699999928474426,0.0020000000949949026
YPL110C,YJL062W,1,-0.34678242,0.9280575513839722,0.257999986410141,0.0020000000949949026
YPL069C,YMR079W,1,-0.34688613,0.9283154010772705,0.2590000033378601,0.0020000000949949026
YHR072W,YPL006W,1,-0.351312,0.9285714030265808,0.25999999046325684,0.0020000000949949026
YHR001W,YNL169C,1,-0.35386178,0.9288256168365479,0.26100000739097595,0.0020000000949949026
YOR180C,YJL196C,1,-0.35530353,0.9290780425071716,0.2619999945163727,0.0020000000949949026
YGR037C,YLR450W,1,-0.3562688,0.9293286204338074,0.2630000114440918,0.0020000000949949026
YBR132C,YLR023C,1,-0.36093834,0.9295774698257446,0.2639999985694885,0.0020000000949949026
YBR161W,YMR208W,1,-0.36157313,0.9298245906829834,0.26499998569488525,0.0020000000949949026
YCL004W,YKL126W,1,-0.36176905,0.9300699234008789,0.26600000262260437,0.0020000000949949026
YOR025W,YOR221C,1,-0.36196968,0.9303135871887207,0.2669999897480011,0.0020000000949949026
YCL055W,YGR077C,0,-0.36844733,0.9270833134651184,0.2669999897480011,0.002099999925121665
YFL031W,YDR503C,1,-0.37180072,0.9273356199264526,0.2680000066757202,0.002099999925121665
YDR302W,YKR003W,1,-0.3745663,0.9275861978530884,0.26899999380111694,0.002099999925121665
YOL063C,YKL034W,0,-0.37459072,0.9243986010551453,0.26899999380111694,0.002199999988079071
YOL147C,YPR140W,1,-0.3785151,0.9246575236320496,0.27000001072883606,0.002199999988079071
YOL040C,YDL185W,0,-0.38104996,0.9215016961097717,0.27000001072883606,0.002300000051036477
YBR036C,YMR296C,1,-0.38407475,0.9217687249183655,0.2709999978542328,0.002300000051036477
YMR162C,YGL001C,1,-0.38659146,0.9220339059829712,0.2720000147819519,0.002300000051036477
YJL125C,YBL071W-A,0,-0.39794767,0.9189189076423645,0.2720000147819519,0.002400000113993883
YHR133C,YMR006C,1,-0.40659538,0.9191918969154358,0.27300000190734863,0.002400000113993883
YOL147C,YBR030W,1,-0.40865186,0.9194630980491638,0.27399998903274536,0.002400000113993883
YKR031C,YBR006W,1,-0.41941068,0.9197324514389038,0.2750000059604645,0.002400000113993883
YML126C,YLR023C,1,-0.42170867,0.9200000166893005,0.2759999930858612,0.002400000113993883
YDL232W,YDL128W,0,-0.4369905,0.9169435501098633,0.2759999930858612,0.0024999999441206455
YMR119W,YBL078C,0,-0.43905857,0.9139072895050049,0.2759999930858612,0.0026000000070780516
YOR025W,YJR103W,1,-0.44320175,0.9141914248466492,0.2770000100135803,0.0026000000070780516
YBR132C,YJR110W,1,-0.45779172,0.9144737124443054,0.27799999713897705,0.0026000000070780516
YNL111C,YFR019W,1,-0.45798457,0.9147540926933289,0.27900001406669617,0.0026000000070780516
YPL095C,YGR060W,1,-0.46673027,0.915032684803009,0.2800000011920929,0.0026000000070780516
YNL156C,YPL057C,1,-0.46857116,0.9153094291687012,0.2809999883174896,0.0026000000070780516
YML075C,YDR503C,1,-0.4711918,0.9155844449996948,0.28200000524520874,0.0026000000070780516
YHR042W,YBR002C,1,-0.4716135,0.9158576130867004,0.28299999237060547,0.0026000000070780516
YER026C,YBL011W,1,-0.4729154,0.9161290526390076,0.2840000092983246,0.0026000000070780516
YLR088W,YLR459W,1,-0.47353324,0.9163987040519714,0.2849999964237213,0.0026000000070780516
YLR347C,YBL063W,0,-0.47840872,0.9134615659713745,0.2849999964237213,0.0027000000700354576
YDR096W,YLL012W,1,-0.47877452,0.9137380123138428,0.28600001335144043,0.0027000000700354576
YNL280C,YGR216C,1,-0.48260924,0.9140127301216125,0.28700000047683716,0.0027000000700354576
YMR208W,YPL110C,1,-0.48307893,0.9142857193946838,0.2879999876022339,0.0027000000700354576
YKL008C,YMR165C,1,-0.4859856,0.9145569801330566,0.289000004529953,0.0027000000700354576
YCR034W,YDR123C,1,-0.4886677,0.914826512336731,0.28999999165534973,0.0027000000700354576
YOR149C,YBR058C-A,1,-0.4955344,0.9150943160057068,0.29100000858306885,0.0027000000700354576
YIL124W,YMR208W,1,-0.49665046,0.9153605103492737,0.2919999957084656,0.0027000000700354576
YLR284C,YDR058C,1,-0.4978325,0.9156249761581421,0.2930000126361847,0.0027000000700354576
YBR132C,YNL009W,1,-0.4979721,0.9158878326416016,0.2939999997615814,0.0027000000700354576
YBL098W,YLR079W,0,-0.5021723,0.9130434989929199,0.2939999997615814,0.00279999990016222
YDR434W,YBL039C,1,-0.5037755,0.9133126735687256,0.29499998688697815,0.00279999990016222
YNL280C,YDR123C,1,-0.50619334,0.9135802388191223,0.29600000381469727,0.00279999990016222
YPR037C,YKR065C,0,-0.5070252,0.9107692241668701,0.29600000381469727,0.002899999963119626
YDR302W,YOL147C,1,-0.5082784,0.9110429286956787,0.296999990940094,0.002899999963119626
YNL009W,YJR110W,1,-0.51239645,0.9113149642944336,0.2980000078678131,0.002899999963119626
YJL121C,YEL004W,0,-0.5149741,0.9085366129875183,0.2980000078678131,0.003000000026077032
YLR228C,YJL167W,1,-0.51597,0.9088146090507507,0.29899999499320984,0.003000000026077032
YGL051W,YBR127C,0,-0.5167869,0.9060605764389038,0.29899999499320984,0.003100000089034438
YLR450W,YJR110W,1,-0.5197664,0.9063444137573242,0.30000001192092896,0.003100000089034438
YKL004W,YMR208W,1,-0.52957207,0.9066265225410461,0.3009999990463257,0.003100000089034438
YCR073C,YNL066W,0,-0.5314999,0.9039039015769958,0.3009999990463257,0.0031999999191612005
YKL165C,YBR265W,1,-0.53494155,0.9041916131973267,0.3019999861717224,0.0031999999191612005
YMR202W,YLR305C,1,-0.53738725,0.904477596282959,0.30300000309944153,0.0031999999191612005
YNL169C,YKR031C,1,-0.54109204,0.9047619104385376,0.30399999022483826,0.0031999999191612005
YNL101W,YOR204W,0,-0.54568297,0.9020771384239197,0.30399999022483826,0.0032999999821186066
YPL110C,YML059C,1,-0.5556602,0.9023668766021729,0.3050000071525574,0.0032999999821186066
YKL192C,YER061C,1,-0.5567965,0.9026548862457275,0.3059999942779541,0.0032999999821186066
YMR165C,YBR002C,1,-0.55759144,0.9029411673545837,0.3070000112056732,0.0032999999821186066
YBR036C,YDR062W,1,-0.5613991,0.9032257795333862,0.30799999833106995,0.0032999999821186066
YER015W,YNL054W,1,-0.5622593,0.9035087823867798,0.3089999854564667,0.0032999999821186066
YBR004C,YCL052C,1,-0.5628218,0.9037901163101196,0.3100000023841858,0.0032999999821186066
YJL196C,YPL206C,1,-0.56851935,0.9040697813034058,0.3109999895095825,0.0032999999821186066
YLR231C,YML115C,0,-0.5716227,0.9014492630958557,0.3109999895095825,0.0034000000450760126
YPR198W,YOR110W,0,-0.5771127,0.8988439440727234,0.3109999895095825,0.0035000001080334187
YOR100C,YHR001W,1,-0.5878764,0.8991354703903198,0.31200000643730164,0.0035000001080334187
YDR096W,YGR007W,1,-0.59914476,0.8994252681732178,0.31299999356269836,0.0035000001080334187
YHR190W,YKL055C,1,-0.60548717,0.8997134566307068,0.3140000104904175,0.0035000001080334187
YHR094C,YKR037C,0,-0.6056352,0.8971428275108337,0.3140000104904175,0.003599999938160181
YBR035C,YKR089C,1,-0.60947317,0.8974359035491943,0.3149999976158142,0.003599999938160181
YDL078C,YBL039C,1,-0.6119709,0.8977272510528564,0.3160000145435333,0.003599999938160181
YCR048W,YGR143W,1,-0.6120418,0.8980169892311096,0.31700000166893005,0.003599999938160181
YLR133W,YMR162C,1,-0.6213724,0.8983050584793091,0.3179999887943268,0.003599999938160181
YOL147C,YPR113W,1,-0.6299794,0.8985915780067444,0.3190000057220459,0.003599999938160181
YLR133W,YKR031C,1,-0.6311615,0.898876428604126,0.3199999928474426,0.003599999938160181
YDR294C,YPL095C,1,-0.6346057,0.8991596698760986,0.32100000977516174,0.003599999938160181
YML130C,YHR056C,0,-0.65557426,0.8966480493545532,0.32100000977516174,0.003700000001117587
YNL065W,YGL038C,0,-0.6597282,0.89415043592453,0.32100000977516174,0.003800000064074993
YGR157W,YPL095C,1,-0.6635787,0.894444465637207,0.32199999690055847,0.003800000064074993
YOR142W,YLL013C,0,-0.66727436,0.8919667601585388,0.32199999690055847,0.0038999998942017555
YOR201C,YGL030W,0,-0.66858214,0.889502763748169,0.32199999690055847,0.004000000189989805
YNL009W,YML059C,1,-0.67235166,0.8898071646690369,0.3230000138282776,0.004000000189989805
YBR110W,YNL156C,1,-0.6723837,0.8901098966598511,0.3240000009536743,0.004000000189989805
YDR096W,YNR008W,1,-0.67554367,0.8904109597206116,0.32499998807907104,0.004000000189989805
YIL124W,YJR019C,1,-0.68517214,0.8907103538513184,0.32600000500679016,0.004000000189989805
YPL006W,YGR202C,1,-0.69049674,0.891008198261261,0.3269999921321869,0.004000000189989805
YFL025C,YMR272C,1,-0.7033369,0.8913043737411499,0.328000009059906,0.004000000189989805
YLR088W,YKL008C,1,-0.71037394,0.8915989398956299,0.32899999618530273,0.004000000189989805
YGR060W,YBR035C,1,-0.7116279,0.8918918967247009,0.33000001311302185,0.004000000189989805
YER013W,YNL333W,0,-0.718902,0.8894878625869751,0.33000001311302185,0.004100000020116568
YNL156C,YKL126W,1,-0.7232608,0.8897849321365356,0.3310000002384186,0.004100000020116568
YMR298W,YOR149C,1,-0.7282916,0.890080451965332,0.3319999873638153,0.004100000020116568
YGR202C,YBR265W,1,-0.73119324,0.8903743028640747,0.3330000042915344,0.004100000020116568
YER026C,YMR006C,1,-0.73937047,0.890666663646698,0.33399999141693115,0.004100000020116568
YPR006C,YIL076W,0,-0.7403708,0.8882978558540344,0.33399999141693115,0.00419999985024333
YNL038W,YNL009W,1,-0.7435821,0.8885941505432129,0.33500000834465027,0.00419999985024333
YBR168W,YOR386W,0,-0.747873,0.8862434029579163,0.33500000834465027,0.00430000014603138
YLR155C,YHR041C,0,-0.753362,0.8839049935340881,0.33500000834465027,0.004399999976158142
YLR284C,YOR317W,1,-0.76575595,0.8842105269432068,0.335999995470047,0.004399999976158142
YPL095C,YOL002C,1,-0.7728905,0.8845144510269165,0.3370000123977661,0.004399999976158142
YKL150W,YPL006W,1,-0.77574944,0.8848167657852173,0.33799999952316284,0.004399999976158142
YPL152W,YNL304W,0,-0.77885866,0.8825065493583679,0.33799999952316284,0.0044999998062849045
YPL069C,YHR133C,1,-0.7802953,0.8828125,0.33899998664855957,0.0044999998062849045
YLR133W,YMR006C,1,-0.7838607,0.8831169009208679,0.3400000035762787,0.0044999998062849045
YMR015C,YNL045W,1,-0.79090124,0.8834196925163269,0.3409999907016754,0.0044999998062849045
YDL126C,YML127W,0,-0.79378563,0.881136953830719,0.3409999907016754,0.004600000102072954
YNL106C,YPL206C,1,-0.7952284,0.8814433217048645,0.34200000762939453,0.004600000102072954
YMR008C,YLR372W,1,-0.7998521,0.8817480802536011,0.34299999475479126,0.004600000102072954
YCR048W,YOR149C,1,-0.8039294,0.8820512890815735,0.3440000116825104,0.004600000102072954
YDR284C,YJR103W,1,-0.81965274,0.8823529481887817,0.3449999988079071,0.004600000102072954
YGR216C,YMR210W,1,-0.8238204,0.8826530575752258,0.34599998593330383,0.004600000102072954
YMR015C,YHR067W,1,-0.82941,0.8829516768455505,0.34700000286102295,0.004600000102072954
YOL101C,YMR079W,1,-0.8337986,0.8832487463951111,0.3479999899864197,0.004600000102072954
YPL076W,YPL006W,1,-0.8384191,0.8835443258285522,0.3490000069141388,0.004600000102072954
YBR265W,YGL225W,1,-0.8396901,0.8838383555412292,0.3499999940395355,0.004600000102072954
YNR043W,YBL011W,1,-0.841853,0.8841309547424316,0.35100001096725464,0.004600000102072954
YOL011W,YJR103W,1,-0.84732515,0.8844221234321594,0.35199999809265137,0.004600000102072954
YLR450W,YCL052C,1,-0.8483487,0.8847118020057678,0.3529999852180481,0.004600000102072954
YOR099W,YBR169C,0,-0.84964293,0.8824999928474426,0.3529999852180481,0.004699999932199717
YGL012W,YGL055W,1,-0.85454994,0.8827930092811584,0.3540000021457672,0.004699999932199717
YDL174C,YDL051W,0,-0.85620934,0.8805969953536987,0.3540000021457672,0.004800000227987766
YGR175C,YBR159W,1,-0.8738503,0.8808932900428772,0.35499998927116394,0.004800000227987766
YDR294C,YBR159W,1,-0.87913567,0.8811880946159363,0.35600000619888306,0.004800000227987766
YBR110W,YDR302W,1,-0.8826138,0.8814814686775208,0.3569999933242798,0.004800000227987766
YPL069C,YHR001W,1,-0.8842062,0.8817734122276306,0.3580000102519989,0.004800000227987766
YLR304C,YNR058W,0,-0.8850383,0.8796069025993347,0.3580000102519989,0.004900000058114529
YMR015C,YNL264C,1,-0.8856717,0.8799019455909729,0.35899999737739563,0.004900000058114529
YOR142W,YKL064W,0,-0.8856866,0.8777506351470947,0.35899999737739563,0.004999999888241291
YCL004W,YLR305C,1,-0.889554,0.8780487775802612,0.36000001430511475,0.004999999888241291
YGR037C,YOR363C,1,-0.9007222,0.8783454895019531,0.3610000014305115,0.004999999888241291
YBR004C,YLL012W,1,-0.9044985,0.8786407709121704,0.3619999885559082,0.004999999888241291
YKL004W,YPL006W,1,-0.90801764,0.8789346218109131,0.3630000054836273,0.004999999888241291
YLL031C,YGR202C,1,-0.9125138,0.8792270421981812,0.36399999260902405,0.004999999888241291
YMR208W,YBR265W,1,-0.92047125,0.8795180916786194,0.36500000953674316,0.004999999888241291
YML120C,YBL106C,0,-0.9228324,0.8774038553237915,0.36500000953674316,0.005100000184029341
YDR191W,YOR081C,1,-0.9243491,0.8776978254318237,0.3659999966621399,0.005100000184029341
YJL196C,YDR123C,1,-0.92617667,0.8779904246330261,0.367000013589859,0.005100000184029341
YBR159W,YGR170W,1,-0.92942166,0.8782815933227539,0.36800000071525574,0.005100000184029341
YHR042W,YNL045W,1,-0.9419144,0.8785714507102966,0.36899998784065247,0.005100000184029341
YOL147C,YKL126W,1,-0.9421515,0.8788598775863647,0.3700000047683716,0.005100000184029341
YBR132C,YMR165C,1,-0.9463436,0.879146933555603,0.3709999918937683,0.005100000184029341
YHR094C,YLR316C,0,-0.94955045,0.8770685791969299,0.3709999918937683,0.005200000014156103
YHR133C,YPR140W,1,-0.9538396,0.8773584961891174,0.3720000088214874,0.005200000014156103
YLR088W,YLR372W,1,-0.95478123,0.8776470422744751,0.37299999594688416,0.005200000014156103
YNL264C,YKR089C,1,-0.9557292,0.8779342770576477,0.37400001287460327,0.005200000014156103
YDR331W,YBR035C,1,-0.96034175,0.8782201409339905,0.375,0.005200000014156103
YLL031C,YJL062W,1,-0.96854466,0.8785046935081482,0.37599998712539673,0.005200000014156103
YBL002W,YHR203C,0,-0.9737902,0.8764568567276001,0.37599998712539673,0.0052999998442828655
YPL096C-A,YMR165C,1,-0.98256665,0.8767442107200623,0.37700000405311584,0.0052999998442828655
YBR110W,YKL140W,1,-0.98382074,0.8770301342010498,0.3779999911785126,0.0052999998442828655
YHL040C,YMR054W,0,-0.98710406,0.875,0.3779999911785126,0.005400000140070915
YFL025C,YBR265W,1,-0.9946504,0.8752886652946472,0.3790000081062317,0.005400000140070915
YML121W,YNR017W,0,-0.9994286,0.8732718825340271,0.3790000081062317,0.005499999970197678
YLR318W,YEL026W,0,-1.0052562,0.8712643384933472,0.3790000081062317,0.00559999980032444
YPR187W,YNL283C,0,-1.0083332,0.8692660331726074,0.3790000081062317,0.00570000009611249
YMR165C,YKL126W,1,-1.0097274,0.8695651888847351,0.3799999952316284,0.00570000009611249
YPL110C,YKR089C,1,-1.0100754,0.8698630332946777,0.38100001215934753,0.00570000009611249
YGL055W,YLR240W,1,-1.0158848,0.8701594471931458,0.38199999928474426,0.00570000009611249
YKL165C,YOR081C,1,-1.0206006,0.8704545497894287,0.382999986410141,0.00570000009611249
YPL028W,YDR434W,1,-1.0240977,0.8707482814788818,0.3840000033378601,0.00570000009611249
YMR208W,YDR191W,1,-1.0243459,0.8710407018661499,0.38499999046325684,0.00570000009611249
YOR149C,YKL140W,1,-1.0247533,0.8713318109512329,0.38600000739097595,0.00570000009611249
YKL043W,YDR400W,0,-1.0281092,0.869369387626648,0.38600000739097595,0.005799999926239252
YGR060W,YOR221C,1,-1.0313101,0.8696629405021667,0.3869999945163727,0.005799999926239252
YKL051W,YML021C,0,-1.0358442,0.8677130341529846,0.3869999945163727,0.005900000222027302
YDR301W,YML129C,0,-1.0465555,0.8657718300819397,0.3869999945163727,0.006000000052154064
YGR037C,YDR331W,1,-1.0477645,0.8660714030265808,0.3880000114440918,0.006000000052154064
YLR347C,YAL024C,0,-1.0519574,0.8641425371170044,0.3880000114440918,0.006099999882280827
YML075C,YOL011W,1,-1.0526371,0.8644444346427917,0.3889999985694885,0.006099999882280827
YGR157W,YLR459W,1,-1.0642643,0.864745020866394,0.38999998569488525,0.006099999882280827
YKL055C,YGL225W,1,-1.0708438,0.8650442361831665,0.39100000262260437,0.006099999882280827
YKL208W,YER005W,0,-1.0752261,0.8631346821784973,0.39100000262260437,0.006200000178068876
YOR100C,YNL009W,1,-1.0848925,0.8634361028671265,0.3919999897480011,0.006200000178068876
YMR208W,YBL011W,1,-1.0871559,0.8637362718582153,0.3930000066757202,0.006200000178068876
YJR013W,YBR030W,1,-1.0913631,0.8640350699424744,0.39399999380111694,0.006200000178068876
YDL055C,YMR305C,0,-1.093803,0.862144410610199,0.39399999380111694,0.006300000008195639
YLR056W,YHR042W,1,-1.0954168,0.8624454140663147,0.39500001072883606,0.006300000008195639
YDR093W,YDR062W,1,-1.0977147,0.8627451062202454,0.3959999978542328,0.006300000008195639
YIL124W,YPL110C,1,-1.1000065,0.863043487071991,0.3970000147819519,0.006300000008195639
YDR062W,YKL055C,1,-1.1052866,0.8633405566215515,0.39800000190734863,0.006300000008195639
YBR132C,YJL196C,1,-1.1055944,0.8636363744735718,0.39899998903274536,0.006300000008195639
YEL050C,YLR305C,1,-1.1126767,0.863930881023407,0.4000000059604645,0.006300000008195639
YLR429W,YGR004W,0,-1.1189724,0.8620689511299133,0.4000000059604645,0.006399999838322401
YER019W,YMR272C,1,-1.1259843,0.8623656034469604,0.4009999930858612,0.006399999838322401
YKR003W,YER125W,1,-1.1301968,0.8626609444618225,0.4020000100135803,0.006399999838322401
YPL110C,YML075C,1,-1.1307045,0.8629550337791443,0.40299999713897705,0.006399999838322401
YNL128W,YMR210W,1,-1.1363958,0.8632478713989258,0.40400001406669617,0.006399999838322401
YDR434W,YER019W,1,-1.1383601,0.863539457321167,0.4050000011920929,0.006399999838322401
YLR240W,YBR183W,1,-1.1391164,0.8638297915458679,0.4059999883174896,0.006399999838322401
YNL127W,YBR293W,0,-1.1490253,0.8619957566261292,0.4059999883174896,0.006500000134110451
YBR177C,YNL054W,1,-1.1507324,0.8622881174087524,0.40700000524520874,0.006500000134110451
YOR298W,YBR006W,1,-1.1521648,0.8625792860984802,0.40799999237060547,0.006500000134110451
YGR143W,YBL039C,1,-1.1639205,0.8628692030906677,0.4090000092983246,0.006500000134110451
YDL106C,YMR200W,0,-1.1657575,0.8610526323318481,0.4090000092983246,0.006599999964237213
YBR068C,YOR151C,0,-1.1728481,0.8592436909675598,0.4090000092983246,0.0066999997943639755
YMR208W,YPL076W,1,-1.173222,0.8595387935638428,0.4099999964237213,0.0066999997943639755
YLR056W,YDR503C,1,-1.1745176,0.8598326444625854,0.41100001335144043,0.0066999997943639755
YMR149W,YJR066W,0,-1.1765796,0.8580375909805298,0.41100001335144043,0.006800000090152025
YER083C,YIL120W,0,-1.1774757,0.856249988079071,0.41100001335144043,0.006899999920278788
YJL210W,YDR435C,0,-1.1842713,0.8544698357582092,0.41100001335144043,0.007000000216066837
YNL280C,YMR296C,1,-1.1849221,0.8547717928886414,0.41200000047683716,0.007000000216066837
YFL031W,YPL175W,1,-1.1913905,0.8550724387168884,0.4129999876022339,0.007000000216066837
YNL280C,YBR265W,1,-1.1947888,0.85537189245224,0.414000004529953,0.007000000216066837
YHR067W,YKL150W,1,-1.1984195,0.8556700944900513,0.41499999165534973,0.007000000216066837
YLR411W,YBR207W,0,-1.2026862,0.8539094924926758,0.41499999165534973,0.0071000000461936
YOR100C,YGR060W,1,-1.2076143,0.8542094230651855,0.41600000858306885,0.0071000000461936
YKL008C,YLL012W,1,-1.2099324,0.8545082211494446,0.4169999957084656,0.0071000000461936
YDR284C,YOR149C,1,-1.2106413,0.8548057079315186,0.4180000126361847,0.0071000000461936
YOR002W,YNL008C,0,-1.2110344,0.8530611991882324,0.4180000126361847,0.007199999876320362
YCR034W,YDR437W,1,-1.2166474,0.8533604741096497,0.4189999997615814,0.007199999876320362
YMR246W,YLR450W,1,-1.2203218,0.8536585569381714,0.41999998688697815,0.007199999876320362
YHR004C,YIL048W,0,-1.2234265,0.8519269824028015,0.41999998688697815,0.007300000172108412
YNL328C,YHR077C,0,-1.2244625,0.8502024412155151,0.41999998688697815,0.007400000002235174
YOL063C,YIR012W,0,-1.2287861,0.8484848737716675,0.41999998688697815,0.007499999832361937
YKR089C,YGL225W,1,-1.2320093,0.8487903475761414,0.42100000381469727,0.007499999832361937
YIL033C,YBR069C,0,-1.2330564,0.8470824956893921,0.42100000381469727,0.007600000128149986
YDL226C,YPR006C,0,-1.2401512,0.845381498336792,0.42100000381469727,0.007699999958276749
YLR023C,YLL012W,1,-1.2447379,0.8456913828849792,0.421999990940094,0.007699999958276749
YLR189C,YJR019C,1,-1.2571114,0.8460000157356262,0.4230000078678131,0.007699999958276749
YCR094W,YNL009W,1,-1.2607199,0.8463073968887329,0.42399999499320984,0.007699999958276749
YNL280C,YNR008W,1,-1.2625312,0.8466135263442993,0.42500001192092896,0.007699999958276749
YIL010W,YGL162W,0,-1.2702183,0.8449304103851318,0.42500001192092896,0.007799999788403511
YGR216C,YAL051W,1,-1.2711841,0.8452380895614624,0.4259999990463257,0.007799999788403511
YNL111C,YHR072W,1,-1.274377,0.8455445766448975,0.4269999861717224,0.007799999788403511
YFR019W,YGL126W,1,-1.2894224,0.8458498120307922,0.42800000309944153,0.007799999788403511
YDR123C,YMR296C,1,-1.2894765,0.8461538553237915,0.42899999022483826,0.007799999788403511
YOL138C,YOR084W,0,-1.3048675,0.8444882035255432,0.42899999022483826,0.007899999618530273
YDR062W,YDR058C,1,-1.3086346,0.8447937369346619,0.4300000071525574,0.007899999618530273
YDL142C,YNL054W,1,-1.3208766,0.8450980186462402,0.4309999942779541,0.007899999618530273
YBR161W,YER166W,1,-1.3266622,0.8454011678695679,0.4320000112056732,0.007899999618530273
YOR100C,YDR191W,1,-1.3267615,0.845703125,0.43299999833106995,0.007899999618530273
YDR235W,YNL283C,0,-1.3307062,0.8440545797348022,0.43299999833106995,0.00800000037997961
YKR019C,YAR003W,0,-1.3312896,0.8424124717712402,0.43299999833106995,0.008100000210106373
YGR060W,YHR067W,1,-1.3352786,0.8427184224128723,0.4339999854564667,0.008100000210106373
YOR180C,YDR147W,1,-1.3391405,0.8430232405662537,0.4350000023841858,0.008100000210106373
YDR191W,YOR363C,1,-1.3396971,0.8433268666267395,0.4359999895095825,0.008100000210106373
YKL055C,YNL169C,1,-1.340534,0.8436293601989746,0.43700000643730164,0.008100000210106373
YER018C,YHR181W,0,-1.3416209,0.8420038819313049,0.43700000643730164,0.008200000040233135
YPL096C-A,YAL051W,1,-1.3416903,0.8423076868057251,0.43799999356269836,0.008200000040233135
YIL048W,YER003C,0,-1.3419,0.8406909704208374,0.43799999356269836,0.008299999870359898
YLR328W,YGL008C,0,-1.3432924,0.8390804529190063,0.43799999356269836,0.00839999970048666
YKR009C,YGR202C,1,-1.3432983,0.8393881320953369,0.4390000104904175,0.00839999970048666
YMR202W,YNL128W,1,-1.3453225,0.8396946787834167,0.4399999976158142,0.00839999970048666
YCR048W,YMR202W,1,-1.3475453,0.8399999737739563,0.4410000145435333,0.00839999970048666
YMR162C,YKL165C,1,-1.3518261,0.8403041958808899,0.44200000166893005,0.00839999970048666
YER119C,YMR237W,0,-1.3556874,0.8387096524238586,0.44200000166893005,0.008500000461935997
YJL167W,YBL039C,1,-1.3597118,0.8390151262283325,0.4429999887943268,0.008500000461935997
YFL034C-B,YDR456W,0,-1.3639835,0.8374291062355042,0.4429999887943268,0.00860000029206276
YLR088W,YHR001W,1,-1.3648134,0.8377358317375183,0.4440000057220459,0.00860000029206276
YDR294C,YHR001W,1,-1.3655547,0.8380414247512817,0.4449999928474426,0.00860000029206276
YCR048W,YBR030W,1,-1.3673679,0.8383458852767944,0.44600000977516174,0.00860000029206276
YHR079C,YBL080C,0,-1.3689983,0.8367729783058167,0.44600000977516174,0.008700000122189522
YMR202W,YDR018C,1,-1.3773812,0.8370786309242249,0.44699999690055847,0.008700000122189522
YLL006W,YLR371W,0,-1.3777983,0.8355140089988708,0.44699999690055847,0.008799999952316284
YNL110C,YMR133W,0,-1.3792821,0.8339552283287048,0.44699999690055847,0.008899999782443047
YNL111C,YPL110C,1,-1.3798857,0.8342644572257996,0.4480000138282776,0.008899999782443047
YNL275W,YDR427W,0,-1.3885828,0.832713782787323,0.4480000138282776,0.008999999612569809
YDL029W,YMR292W,0,-1.3907673,0.8311688303947449,0.4480000138282776,0.009100000374019146
YDR284C,YDL109C,1,-1.3990954,0.8314814567565918,0.4490000009536743,0.009100000374019146
YKL064W,YOR201C,0,-1.4057344,0.8299445509910583,0.4490000009536743,0.009200000204145908
YNL066W,YGR047C,0,-1.4087886,0.8284133076667786,0.4490000009536743,0.00930000003427267
YDR301W,YOR204W,0,-1.4203228,0.8268876671791077,0.4490000009536743,0.009399999864399433
YHR042W,YGR202C,1,-1.4275712,0.8272058963775635,0.44999998807907104,0.009399999864399433
YGR134W,YOR003W,0,-1.4300821,0.8256880640983582,0.44999998807907104,0.009499999694526196
YJL167W,YPL057C,1,-1.4378186,0.8260073065757751,0.45100000500679016,0.009499999694526196
YDR284C,YPL076W,1,-1.4378382,0.8263254165649414,0.4519999921321869,0.009499999694526196
YOR100C,YER166W,1,-1.443432,0.8266423344612122,0.453000009059906,0.009499999694526196
YLR133W,YBR006W,1,-1.4473194,0.8269581198692322,0.45399999618530273,0.009499999694526196
YGL012W,YOR081C,1,-1.4534836,0.8272727131843567,0.45500001311302185,0.009499999694526196
YLR284C,YDR147W,1,-1.4606174,0.8275862336158752,0.4560000002384186,0.009499999694526196
YMR208W,YKL126W,1,-1.4664911,0.8278985619544983,0.4569999873638153,0.009499999694526196
YOL011W,YNL045W,1,-1.4672847,0.8282097578048706,0.4580000042915344,0.009499999694526196
YOR317W,YLR305C,1,-1.4675056,0.828519880771637,0.45899999141693115,0.009499999694526196
YPL244C,YLR350W,0,-1.467715,0.8270270228385925,0.45899999141693115,0.009600000455975533
YCR048W,YNL128W,1,-1.4685496,0.8273381590843201,0.46000000834465027,0.009600000455975533
YBL011W,YLL012W,1,-1.4725802,0.8276481032371521,0.460999995470047,0.009600000455975533
YOR025W,YMR272C,1,-1.4739805,0.8279569745063782,0.4620000123977661,0.009600000455975533
YLR231C,YGR221C,0,-1.4740257,0.8264758586883545,0.4620000123977661,0.009700000286102295
YHR108W,YJL146W,0,-1.4750475,0.824999988079071,0.4620000123977661,0.009800000116229057
YJR105W,YMR037C,0,-1.4756821,0.8235294222831726,0.4620000123977661,0.00989999994635582
YPL069C,YMR208W,1,-1.4759082,0.8238434195518494,0.46299999952316284,0.00989999994635582
YFL025C,YKR089C,1,-1.4772893,0.8241562843322754,0.46399998664855957,0.00989999994635582
YBL030C,YMR302C,0,-1.4795228,0.8226950168609619,0.46399998664855957,0.009999999776482582
YBR029C,YER026C,1,-1.4830388,0.8230088353157043,0.4650000035762787,0.009999999776482582
YHR067W,YNL009W,1,-1.4849654,0.8233215808868408,0.4659999907016754,0.009999999776482582
YIL049W,YMR036C,0,-1.487358,0.8218694925308228,0.4659999907016754,0.010099999606609344
YPL169C,YJL026W,0,-1.4882544,0.8204225301742554,0.4659999907016754,0.010200000368058681
YNL111C,YOR317W,1,-1.4894339,0.8207381367683411,0.46700000762939453,0.010200000368058681
YER166W,YAL051W,1,-1.4938602,0.821052610874176,0.46799999475479126,0.010200000368058681
YGR060W,YHR133C,1,-1.4953061,0.821366012096405,0.4690000116825104,0.010200000368058681
YPL249C,YLR292C,0,-1.4969391,0.8199300765991211,0.4690000116825104,0.010300000198185444
YJR047C,YNR013C,0,-1.5067629,0.8184991478919983,0.4690000116825104,0.010400000028312206
YBR077C,YPR016C,0,-1.5174127,0.8170731663703918,0.4690000116825104,0.010499999858438969
YER038C,YMR239C,0,-1.5182904,0.8156521916389465,0.4690000116825104,0.010599999688565731
YKL004W,YER061C,1,-1.518812,0.8159722089767456,0.4699999988079071,0.010599999688565731
YMR192W,YAL009W,0,-1.5207375,0.8145580291748047,0.4699999988079071,0.010700000450015068
YBR021W,YDL047W,0,-1.5227078,0.8131487965583801,0.4699999988079071,0.01080000028014183
YJR004C,YCR033W,0,-1.5302836,0.8117443919181824,0.4699999988079071,0.010900000110268593
YFR019W,YLL012W,1,-1.5306194,0.8120689392089844,0.47099998593330383,0.010900000110268593
YML048W,YML038C,0,-1.5322512,0.8106712698936462,0.47099998593330383,0.010999999940395355
YNL219C,YER095W,0,-1.5338959,0.8092783689498901,0.47099998593330383,0.011099999770522118
YAL051W,YKR003W,1,-1.5390208,0.8096054792404175,0.47200000286102295,0.011099999770522118
YPR083W,YJR135W-A,0,-1.5407857,0.8082191944122314,0.47200000286102295,0.01119999960064888
YOR328W,YDR159W,0,-1.5420953,0.8068376183509827,0.47200000286102295,0.011300000362098217
YMR207C,YNL009W,1,-1.5432426,0.8071672320365906,0.4729999899864197,0.011300000362098217
YLR411W,YFL038C,0,-1.5501894,0.8057921528816223,0.4729999899864197,0.01140000019222498
YHR072W,YDR331W,1,-1.5518696,0.8061224222183228,0.4740000069141388,0.01140000019222498
YOL104C,YOR362C,0,-1.5544382,0.804753839969635,0.4740000069141388,0.011500000022351742
YEL056W,YDL003W,0,-1.5554844,0.803389847278595,0.4740000069141388,0.011599999852478504
YMR162C,YAL051W,1,-1.5658432,0.8037225008010864,0.4749999940395355,0.011599999852478504
YJR040W,YDR324C,0,-1.5673622,0.8023648858070374,0.4749999940395355,0.011699999682605267
YNL112W,YJL052W,0,-1.567665,0.8010118007659912,0.4749999940395355,0.011800000444054604
YPL244C,YOL104C,0,-1.5713552,0.7996633052825928,0.4749999940395355,0.011900000274181366
YJR103W,YNL045W,1,-1.5745991,0.800000011920929,0.47600001096725464,0.011900000274181366
YOR100C,YFR019W,1,-1.5818104,0.8003355860710144,0.47699999809265137,0.011900000274181366
YJR040W,YGR172C,0,-1.5853022,0.7989949584007263,0.47699999809265137,0.012000000104308128
YNR019W,YPL006W,1,-1.5860435,0.7993311285972595,0.4779999852180481,0.012000000104308128
YGR037C,YDR123C,1,-1.5868163,0.7996661067008972,0.4790000021457672,0.012000000104308128
YML126C,YGR143W,1,-1.5890523,0.800000011920929,0.47999998927116394,0.012000000104308128
YDR424C,YGL048C,0,-1.590726,0.7986688613891602,0.47999998927116394,0.01209999993443489
YGL062W,YER117W,0,-1.5911794,0.7973421812057495,0.47999998927116394,0.012199999764561653
YDR375C,YML042W,0,-1.598962,0.7960199117660522,0.47999998927116394,0.012299999594688416
YBL041W,YDR260C,0,-1.5994866,0.7947019934654236,0.47999998927116394,0.012400000356137753
YPL028W,YPL096C-A,1,-1.6006483,0.7950413227081299,0.48100000619888306,0.012400000356137753
YLR314C,YIL048W,0,-1.6050149,0.7937293648719788,0.48100000619888306,0.012500000186264515
YKL208W,YOR129C,0,-1.606648,0.7924217581748962,0.48100000619888306,0.012600000016391277
YKL126W,YMR210W,1,-1.60739,0.7927631735801697,0.4819999933242798,0.012600000016391277
YDL117W,YBR077C,0,-1.6104409,0.7914614081382751,0.4819999933242798,0.01269999984651804
YCR033W,YNL197C,0,-1.6117429,0.7901639342308044,0.4819999933242798,0.012799999676644802
YDR511W,YOR117W,0,-1.6123407,0.7888706922531128,0.4819999933242798,0.012900000438094139
YLR088W,YDR331W,1,-1.6135436,0.7892156839370728,0.4830000102519989,0.012900000438094139
YBR110W,YER026C,1,-1.6156856,0.789559543132782,0.48399999737739563,0.012900000438094139
YCL038C,YLR086W,0,-1.6158276,0.7882736325263977,0.48399999737739563,0.013000000268220901
YLR318W,YEL031W,0,-1.6222149,0.7869918942451477,0.48399999737739563,0.013100000098347664
YNR019W,YOR109W,1,-1.6225446,0.7873376607894897,0.48500001430511475,0.013100000098347664
YFL031W,YOR025W,1,-1.6240758,0.7876823544502258,0.4860000014305115,0.013100000098347664
YJL196C,YHR190W,1,-1.6278046,0.7880259156227112,0.4869999885559082,0.013100000098347664
YDR093W,YJR103W,1,-1.6336428,0.7883683443069458,0.4880000054836273,0.013100000098347664
YLR242C,YDR018C,1,-1.6339146,0.7887097001075745,0.48899999260902405,0.013100000098347664
YGL022W,YDR472W,0,-1.6347138,0.7874395847320557,0.48899999260902405,0.013199999928474426
YOL126C,YBR223C,0,-1.6347477,0.7861736416816711,0.48899999260902405,0.013299999758601189
YCL017C,YDR004W,0,-1.6347858,0.7849116921424866,0.48899999260902405,0.013399999588727951
YGR037C,YOR109W,1,-1.6370186,0.7852563858032227,0.49000000953674316,0.013399999588727951
YLR242C,YPL057C,1,-1.6371675,0.7856000065803528,0.4909999966621399,0.013399999588727951
YLR242C,YOR081C,1,-1.6426381,0.7859424948692322,0.492000013589859,0.013399999588727951
YDR147W,YKL126W,1,-1.6466433,0.7862839102745056,0.49300000071525574,0.013399999588727951
YHR124W,YCR037C,0,-1.6475409,0.7850318551063538,0.49300000071525574,0.013500000350177288
YHR133C,YPR113W,1,-1.6533222,0.7853736281394958,0.49399998784065247,0.013500000350177288
YBR237W,YGR281W,0,-1.6558577,0.7841269969940186,0.49399998784065247,0.01360000018030405
YDR294C,YBR030W,1,-1.6580235,0.7844690680503845,0.4950000047683716,0.01360000018030405
YOR025W,YOL147C,1,-1.6604258,0.7848101258277893,0.4959999918937683,0.01360000018030405
YGL055W,YMR008C,1,-1.6637697,0.7851500511169434,0.4970000088214874,0.01360000018030405
YLR228C,YKL140W,1,-1.6639777,0.7854889631271362,0.49799999594688416,0.01360000018030405
YIL160C,YER125W,1,-1.6657844,0.7858267426490784,0.49900001287460327,0.01360000018030405
YCL052C,YDR018C,1,-1.6660768,0.7861635088920593,0.5,0.01360000018030405
YDR294C,YML075C,1,-1.6676724,0.7864992022514343,0.5009999871253967,0.01360000018030405
YLR390W-A,YIL122W,0,-1.6688384,0.7852664589881897,0.5009999871253967,0.013700000010430813
YPL078C,YJR066W,0,-1.6692677,0.7840375304222107,0.5009999871253967,0.013799999840557575
YGL055W,YOR363C,1,-1.6703463,0.784375011920929,0.5019999742507935,0.013799999840557575
YML019W,YLR066W,0,-1.670648,0.7831513285636902,0.5019999742507935,0.013899999670684338
YGR157W,YNL038W,1,-1.6715349,0.7834891080856323,0.503000020980835,0.013899999670684338
YJR025C,YPL010W,0,-1.6797949,0.782270610332489,0.503000020980835,0.014000000432133675
YDL142C,YMR246W,1,-1.6798519,0.782608687877655,0.5040000081062317,0.014000000432133675
YDL226C,YKL019W,0,-1.680317,0.7813953757286072,0.5040000081062317,0.014100000262260437
YKL004W,YKR009C,1,-1.6806263,0.7817337512969971,0.5049999952316284,0.014100000262260437
YNL106C,YBR030W,1,-1.6857167,0.7820711135864258,0.5059999823570251,0.014100000262260437
YLR403W,YKL081W,0,-1.6861632,0.7808641791343689,0.5059999823570251,0.0142000000923872
YDL230W,YOL142W,0,-1.6930581,0.7796609997749329,0.5059999823570251,0.014299999922513962
YER056C,YOR230W,0,-1.695489,0.7784615159034729,0.5059999823570251,0.014399999752640724
YKL192C,YLR100W,1,-1.6967937,0.7788018584251404,0.5070000290870667,0.014399999752640724
YGR158C,YBR260C,0,-1.6974468,0.7776073813438416,0.5070000290870667,0.014499999582767487
YLR196W,YMR247C,0,-1.7110022,0.776416540145874,0.5070000290870667,0.014600000344216824
YHR072W,YPL096C-A,1,-1.7127739,0.7767584323883057,0.5080000162124634,0.014600000344216824
YLR047C,YGR101W,0,-1.7129833,0.7755725383758545,0.5080000162124634,0.014700000174343586
YLR368W,YHR004C,0,-1.7136412,0.7743902206420898,0.5080000162124634,0.014800000004470348
YNR043W,YBR030W,1,-1.713921,0.7747336626052856,0.5090000033378601,0.014800000004470348
YDR294C,YPL076W,1,-1.715088,0.7750759720802307,0.5099999904632568,0.014800000004470348
YHR163W,YJL056C,0,-1.7194797,0.7738998532295227,0.5099999904632568,0.01489999983459711
YBR086C,YAL009W,0,-1.7258699,0.7727272510528564,0.5099999904632568,0.014999999664723873
YPL125W,YCR061W,0,-1.7274538,0.7715582251548767,0.5099999904632568,0.01510000042617321
YMR008C,YKR053C,1,-1.7288024,0.7719033360481262,0.5109999775886536,0.01510000042617321
YIL034C,YIR037W,0,-1.7302984,0.7707390785217285,0.5109999775886536,0.015200000256299973
YDR358W,YFR051C,0,-1.7304481,0.7695783376693726,0.5109999775886536,0.015300000086426735
YDR110W,YKL201C,0,-1.7349657,0.7684210538864136,0.5109999775886536,0.015399999916553497
YDR191W,YCL052C,1,-1.7380413,0.7687687873840332,0.5120000243186951,0.015399999916553497
YPL095C,YER019W,1,-1.7451984,0.7691154479980469,0.5130000114440918,0.015399999916553497
YBR177C,YPL206C,1,-1.7478527,0.7694610953330994,0.5139999985694885,0.015399999916553497
YPL095C,YDR503C,1,-1.7478837,0.7698056697845459,0.5149999856948853,0.015399999916553497
YMR042W,YIL110W,0,-1.7544097,0.7686567306518555,0.5149999856948853,0.01549999974668026
YKL150W,YOR363C,1,-1.7575005,0.7690014839172363,0.515999972820282,0.01549999974668026
YPR001W,YGL027C,0,-1.7590877,0.7678571343421936,0.515999972820282,0.015599999576807022
YLR059C,YGR281W,0,-1.7601429,0.7667161822319031,0.515999972820282,0.015699999406933784
YOR040W,YDR456W,0,-1.7625816,0.7655786275863647,0.515999972820282,0.015799999237060547
YLR056W,YBR058C-A,1,-1.7639774,0.765925943851471,0.5170000195503235,0.015799999237060547
YMR298W,YPR113W,1,-1.7640508,0.7662721872329712,0.5180000066757202,0.015799999237060547
YGR284C,YOR368W,0,-1.7667814,0.7651403546333313,0.5180000066757202,0.01590000092983246
YLR228C,YLR240W,1,-1.7697653,0.7654867172241211,0.5189999938011169,0.01590000092983246
YDR302W,YLR372W,1,-1.7699509,0.7658321261405945,0.5199999809265137,0.01590000092983246
YDL174C,YGL245W,0,-1.7717024,0.7647058963775635,0.5199999809265137,0.01600000075995922
YEL063C,YOR110W,0,-1.7745706,0.7635829448699951,0.5199999809265137,0.016100000590085983
YCL038C,YOR307C,0,-1.7790662,0.7624633312225342,0.5199999809265137,0.016200000420212746
YFR019W,YNL045W,1,-1.7813238,0.7628111243247986,0.5210000276565552,0.016200000420212746
YKL021C,YNL332W,0,-1.7819592,0.761695921421051,0.5210000276565552,0.016300000250339508
YBR177C,YOL147C,1,-1.7828947,0.7620437741279602,0.5220000147819519,0.016300000250339508
YBR260C,YBL050W,0,-1.7833992,0.7609329223632812,0.5220000147819519,0.01640000008046627
YNL221C,YNL311C,0,-1.7835039,0.7598253488540649,0.5220000147819519,0.016499999910593033
YDR294C,YLR088W,1,-1.7838119,0.7601743936538696,0.5230000019073486,0.016499999910593033
YPL155C,YOR270C,0,-1.784521,0.7590711116790771,0.5230000019073486,0.016599999740719795
YLR411W,YMR150C,0,-1.7849953,0.7579709887504578,0.5230000019073486,0.016699999570846558
YJL219W,YOR195W,0,-1.7894922,0.7568740844726562,0.5230000019073486,0.01679999940097332
YGR216C,YNL009W,1,-1.7983156,0.7572254538536072,0.5239999890327454,0.01679999940097332
YNR052C,YLR130C,0,-1.8007448,0.7561327815055847,0.5239999890327454,0.016899999231100082
YLR254C,YGR077C,0,-1.8045548,0.7550432085990906,0.5239999890327454,0.017000000923871994
YDR439W,YPR054W,0,-1.805148,0.7539568543434143,0.5239999890327454,0.017100000753998756
YNL009W,YBR265W,1,-1.8064593,0.7543103694915771,0.5249999761581421,0.017100000753998756
YDR093W,YDR058C,1,-1.8073388,0.754662811756134,0.5260000228881836,0.017100000753998756
YOR317W,YEL050C,1,-1.8101714,0.7550143003463745,0.5270000100135803,0.017100000753998756
YHR072W,YER125W,1,-1.81039,0.7553648352622986,0.527999997138977,0.017100000753998756
YAL023C,YDL159W,0,-1.8108819,0.7542856931686401,0.527999997138977,0.01720000058412552
YBR110W,YJL100W,1,-1.8121084,0.7546362280845642,0.5289999842643738,0.01720000058412552
YBR110W,YDR093W,1,-1.8140348,0.7549857497215271,0.5299999713897705,0.01720000058412552
YOR094W,YOR153W,0,-1.815029,0.7539117932319641,0.5299999713897705,0.01730000041425228
YPR052C,YPR133W-A,0,-1.8159598,0.7528409361839294,0.5299999713897705,0.017400000244379044
YOL031C,YDR545W,0,-1.8223001,0.7517730593681335,0.5299999713897705,0.017500000074505806
YPL028W,YBR002C,1,-1.8227152,0.7521246671676636,0.531000018119812,0.017500000074505806
YMR298W,YKL150W,1,-1.8233062,0.7524752616882324,0.5320000052452087,0.017500000074505806
YNR002C,YOL003C,0,-1.8266687,0.7514124512672424,0.5320000052452087,0.01759999990463257
YGR199W,YDR238C,0,-1.8266854,0.7503526210784912,0.5320000052452087,0.01769999973475933
YPL076W,YKL126W,1,-1.8291556,0.7507042288780212,0.5329999923706055,0.01769999973475933
YHR190W,YMR272C,1,-1.8296278,0.7510548233985901,0.5339999794960022,0.01769999973475933
YGR060W,YLR372W,1,-1.8305675,0.7514045238494873,0.5350000262260437,0.01769999973475933
YJL167W,YGL126W,1,-1.8318261,0.7517531514167786,0.5360000133514404,0.01769999973475933
YNR008W,YGL055W,1,-1.8321326,0.7521008253097534,0.5370000004768372,0.01769999973475933
YER061C,YKR009C,1,-1.8343743,0.7524475455284119,0.5379999876022339,0.01769999973475933
YGR041W,YNL126W,0,-1.836496,0.751396656036377,0.5379999876022339,0.017799999564886093
YGR175C,YGR216C,1,-1.8367466,0.7517433762550354,0.5389999747276306,0.017799999564886093
YGR007W,YPR173C,1,-1.8385192,0.7520891427993774,0.5400000214576721,0.017799999564886093
YPL018W,YPL265W,0,-1.839497,0.7510431408882141,0.5400000214576721,0.017899999395012856
YCR010C,YHR081W,0,-1.8398374,0.75,0.5400000214576721,0.017999999225139618
YDR437W,YGR007W,1,-1.847936,0.7503467202186584,0.5410000085830688,0.017999999225139618
YGL055W,YOL147C,1,-1.8485821,0.7506925463676453,0.5419999957084656,0.017999999225139618
YOR116C,YPL144W,0,-1.8531083,0.749654233455658,0.5419999957084656,0.01810000091791153
YLL018C-A,YHR174W,0,-1.8531967,0.7486187815666199,0.5419999957084656,0.018200000748038292
YLR350W,YCL001W,0,-1.8571001,0.747586190700531,0.5419999957084656,0.018300000578165054
YJR013W,YOR109W,1,-1.8573297,0.7479338645935059,0.5429999828338623,0.018300000578165054
YDR055W,YLR183C,0,-1.8584846,0.7469050884246826,0.5429999828338623,0.018400000408291817
YDR116C,YDR490C,0,-1.8613476,0.7458791136741638,0.5429999828338623,0.01850000023841858
YHR190W,YKL150W,1,-1.8709522,0.7462276816368103,0.5440000295639038,0.01850000023841858
YFL025C,YDR213W,1,-1.8732709,0.7465753555297852,0.5450000166893005,0.01850000023841858
YGR202C,YLL012W,1,-1.8733205,0.7469220161437988,0.5460000038146973,0.01850000023841858
YNL239W,YKL188C,0,-1.8775748,0.7459016442298889,0.5460000038146973,0.01860000006854534
YJL062W,YOR221C,1,-1.8810667,0.7462483048439026,0.546999990940094,0.01860000006854534
YPL028W,YMR006C,1,-1.8817946,0.7465940117835999,0.5479999780654907,0.01860000006854534
YBL098W,YJL128C,0,-1.8859559,0.7455782294273376,0.5479999780654907,0.018699999898672104
YIR012W,YLR006C,0,-1.8873689,0.7445651888847351,0.5479999780654907,0.018799999728798866
YML127W,YKL178C,0,-1.8874587,0.743554949760437,0.5479999780654907,0.01889999955892563
YER159C,YDR356W,0,-1.8878893,0.7425474524497986,0.5479999780654907,0.01899999938905239
YBR274W,YKR061W,0,-1.8888248,0.741542637348175,0.5479999780654907,0.019099999219179153
YEL017C-A,YHR026W,0,-1.8897413,0.7405405640602112,0.5479999780654907,0.019200000911951065
YPR198W,YBR083W,0,-1.8898641,0.7395411729812622,0.5479999780654907,0.019300000742077827
YGR177C,YDR437W,1,-1.8908166,0.7398921847343445,0.5490000247955322,0.019300000742077827
YJL214W,YHR039C-A,0,-1.8917668,0.738896369934082,0.5490000247955322,0.01940000057220459
YCR094W,YJL167W,1,-1.8920187,0.7392473220825195,0.550000011920929,0.01940000057220459
YOR180C,YMR015C,1,-1.8920951,0.7395973205566406,0.5509999990463257,0.01940000057220459
YPL028W,YOR025W,1,-1.8923615,0.7399463653564453,0.5519999861717224,0.01940000057220459
YLR450W,YKR003W,1,-1.8940442,0.7402945160865784,0.5529999732971191,0.01940000057220459
YNR019W,YNL280C,1,-1.8941581,0.740641713142395,0.5540000200271606,0.01940000057220459
YDL188C,YNL131W,0,-1.8993672,0.7396528720855713,0.5540000200271606,0.019500000402331352
YIL124W,YHR001W,1,-1.9015449,0.7400000095367432,0.5550000071525574,0.019500000402331352
YNL223W,YHR175W,0,-1.9027096,0.7390146255493164,0.5550000071525574,0.019600000232458115
YOR002W,YDR238C,0,-1.9095654,0.7380319237709045,0.5550000071525574,0.019700000062584877
YNR002C,YML127W,0,-1.9141742,0.737051784992218,0.5550000071525574,0.01979999989271164
YJR078W,YBL032W,0,-1.9189807,0.7360742688179016,0.5550000071525574,0.019899999722838402
YJL071W,YHR038W,0,-1.922428,0.7350993156433105,0.5550000071525574,0.019999999552965164
YKL188C,YOR110W,0,-1.9261798,0.7341269850730896,0.5550000071525574,0.020099999383091927
YIL062C,YCL033C,0,-1.9285827,0.733157217502594,0.5550000071525574,0.02019999921321869
YBR207W,YKR087C,0,-1.9302163,0.732189953327179,0.5550000071525574,0.0203000009059906
YOR317W,YBR035C,1,-1.9321133,0.7325428128242493,0.5559999942779541,0.0203000009059906
YNL101W,YOR145C,0,-1.9322716,0.7315789461135864,0.5559999942779541,0.020400000736117363
YDR106W,YPR103W,0,-1.9415275,0.7306175827980042,0.5559999942779541,0.020500000566244125
YPL069C,YGR157W,1,-1.944266,0.7309711575508118,0.5569999814033508,0.020500000566244125
YOR073W,YGR281W,0,-1.9503258,0.7300131320953369,0.5569999814033508,0.020600000396370888
YGR268C,YNL247W,0,-1.9549444,0.7290576100349426,0.5569999814033508,0.02070000022649765
YGL137W,YJL138C,0,-1.9566383,0.7281045913696289,0.5569999814033508,0.020800000056624413
YCR063W,YDL174C,0,-1.9573702,0.7271540760993958,0.5569999814033508,0.020899999886751175
YER053C,YOR305W,0,-1.9596511,0.7262060046195984,0.5569999814033508,0.020999999716877937
YBR006W,YDR213W,1,-1.9626591,0.7265625,0.5580000281333923,0.020999999716877937
YLR033W,YGR059W,0,-1.9707392,0.7256177067756653,0.5580000281333923,0.0210999995470047
YJL170C,YDR299W,0,-1.9713722,0.7246752977371216,0.5580000281333923,0.021199999377131462
YPR102C,YHL022C,0,-1.9724017,0.7237353920936584,0.5580000281333923,0.021299999207258224
YGR177C,YDR123C,1,-1.9753692,0.7240932583808899,0.5590000152587891,0.021299999207258224
YOR036W,YBR275C,0,-1.9763924,0.7231565117835999,0.5590000152587891,0.021400000900030136
YDL174C,YJL039C,0,-1.9835278,0.7222222089767456,0.5590000152587891,0.0215000007301569
YKR046C,YAL033W,0,-1.9840631,0.7212903499603271,0.5590000152587891,0.02160000056028366
YAL054C,YNL253W,0,-1.9858984,0.7203608155250549,0.5590000152587891,0.021700000390410423
YKL060C,YCL043C,0,-1.9865518,0.7194337248802185,0.5590000152587891,0.021800000220537186
YNL328C,YDR451C,0,-1.9902433,0.7185090184211731,0.5590000152587891,0.021900000050663948
YKR027W,YGL054C,0,-1.9902483,0.7175866365432739,0.5590000152587891,0.02199999988079071
YMR056C,YGL255W,0,-1.990962,0.7166666388511658,0.5590000152587891,0.022099999710917473
YJL059W,YML038C,0,-1.994407,0.7157490253448486,0.5590000152587891,0.022199999541044235
YKL185W,YPL221W,0,-1.999781,0.7148337364196777,0.5590000152587891,0.022299999371170998
YGR175C,YNL106C,1,-2.0063539,0.7151979804039001,0.5600000023841858,0.022299999371170998
YNR074C,YNL049C,0,-2.006655,0.7142857313156128,0.5600000023841858,0.02239999920129776
YLR138W,YGR042W,0,-2.0101855,0.7133758068084717,0.5600000023841858,0.02250000089406967
YNR002C,YNL014W,0,-2.0144894,0.7124682068824768,0.5600000023841858,0.022600000724196434
YLR023C,YKL150W,1,-2.0155838,0.7128335237503052,0.5609999895095825,0.022600000724196434
YNL270C,YGL067W,0,-2.0178742,0.7119289636611938,0.5609999895095825,0.022700000554323196
YLR088W,YLR023C,1,-2.0198166,0.7122940421104431,0.5619999766349792,0.022700000554323196
YDL115C,YBR168W,0,-2.0229013,0.7113924026489258,0.5619999766349792,0.02280000038444996
YDR093W,YKL126W,1,-2.0232806,0.711757242679596,0.5630000233650208,0.02280000038444996
YBR161W,YLR088W,1,-2.0234904,0.7121211886405945,0.5640000104904175,0.02280000038444996
YGR004W,YMR305C,0,-2.023747,0.7112231850624084,0.5640000104904175,0.02290000021457672
YMR246W,YJR013W,1,-2.0264406,0.7115868926048279,0.5649999976158142,0.02290000021457672
YEL017C-A,YGR229C,0,-2.0283082,0.7106918096542358,0.5649999976158142,0.023000000044703484
YMR246W,YCL004W,1,-2.029437,0.7110552787780762,0.5659999847412109,0.023000000044703484
YLR157C,YHR171W,0,-2.029802,0.7101631164550781,0.5659999847412109,0.023099999874830246
YGL136C,YDR489W,0,-2.0326731,0.7092731595039368,0.5659999847412109,0.02319999970495701
YJL081C,YJL214W,0,-2.0338285,0.7083854675292969,0.5659999847412109,0.02329999953508377
YFL057C,YDR498C,0,-2.0388665,0.7074999809265137,0.5659999847412109,0.023399999365210533
YML071C,YNR059W,0,-2.0402715,0.7066166996955872,0.5659999847412109,0.023499999195337296
YML059C,YOR081C,1,-2.0415657,0.7069825530052185,0.5669999718666077,0.023499999195337296
YPL069C,YHR123W,1,-2.042882,0.7073474526405334,0.5680000185966492,0.023499999195337296
YGR216C,YMR207C,1,-2.0464315,0.7077114582061768,0.5690000057220459,0.023499999195337296
YDR472W,YDL128W,0,-2.048776,0.7068322896957397,0.5690000057220459,0.023600000888109207
YLR165C,YER005W,0,-2.049356,0.7059553265571594,0.5690000057220459,0.02370000071823597
YKR003W,YBR002C,1,-2.0494628,0.7063196897506714,0.5699999928474426,0.02370000071823597
YDL200C,YJL093C,0,-2.0502539,0.7054455280303955,0.5699999928474426,0.023800000548362732
YDR018C,YMR210W,1,-2.0504134,0.7058096528053284,0.5709999799728394,0.023800000548362732
YER061C,YMR296C,1,-2.0511875,0.7061728239059448,0.5720000267028809,0.023800000548362732
YOR298W,YPL006W,1,-2.0549922,0.7065351605415344,0.5730000138282776,0.023800000548362732
YPR042C,YML011C,0,-2.0554454,0.7056650519371033,0.5730000138282776,0.023900000378489494
YMR006C,YEL050C,1,-2.0567822,0.7060270309448242,0.5740000009536743,0.023900000378489494
YPR198W,YER041W,0,-2.0571582,0.7051597237586975,0.5740000009536743,0.024000000208616257
YJR057W,YGR199W,0,-2.0583215,0.7042945027351379,0.5740000009536743,0.02410000003874302
YCR094W,YJL196C,1,-2.061462,0.7046568393707275,0.574999988079071,0.02410000003874302
YML059C,YGR202C,1,-2.0623834,0.7050183415412903,0.5759999752044678,0.02410000003874302
YCR071C,YDR285W,0,-2.0632405,0.7041564583778381,0.5759999752044678,0.02419999986886978
YNL023C,YLR126C,0,-2.0635839,0.7032967209815979,0.5759999752044678,0.024299999698996544
YHR068W,YBR168W,0,-2.0679111,0.70243901014328,0.5759999752044678,0.024399999529123306
YBR110W,YLR023C,1,-2.0697105,0.7028014659881592,0.5770000219345093,0.024399999529123306
YGR037C,YDR434W,1,-2.0698287,0.7031630277633667,0.578000009059906,0.024399999529123306
YMR207C,YKR053C,1,-2.0699599,0.7035236954689026,0.5789999961853027,0.024399999529123306
YDR294C,YPL206C,1,-2.0706825,0.7038834691047668,0.5799999833106995,0.024399999529123306
YFR019W,YBR183W,1,-2.0721407,0.7042424082756042,0.5809999704360962,0.024399999529123306
YLR133W,YNL045W,1,-2.0757926,0.7046005129814148,0.5820000171661377,0.024399999529123306
YHR123W,YBL011W,1,-2.0788484,0.7049576640129089,0.5830000042915344,0.024399999529123306
YIL070C,YMR182C,0,-2.0802667,0.7041062712669373,0.5830000042915344,0.02449999935925007
YBL099W,YPL106C,0,-2.0816793,0.7032569646835327,0.5830000042915344,0.02459999918937683
YDR284C,YNL045W,1,-2.083234,0.7036144733428955,0.5839999914169312,0.02459999918937683
YHR124W,YOR213C,0,-2.0905285,0.7027677297592163,0.5839999914169312,0.024700000882148743
YPL256C,YER035W,0,-2.090554,0.7019230723381042,0.5839999914169312,0.024800000712275505
YMR011W,YGR047C,0,-2.090939,0.7010804414749146,0.5839999914169312,0.024900000542402267
YLR047C,YLR265C,0,-2.0952976,0.7002398371696472,0.5839999914169312,0.02500000037252903
YJL186W,YNL049C,0,-2.0969949,0.6994011998176575,0.5839999914169312,0.025100000202655792
YNL225C,YCR040W,0,-2.0992587,0.6985645890235901,0.5839999914169312,0.025200000032782555
YER166W,YLR305C,1,-2.1003284,0.698924720287323,0.5849999785423279,0.025200000032782555
YOR284W,YGL104C,0,-2.1013746,0.698090672492981,0.5849999785423279,0.025299999862909317
YDR096W,YHR133C,1,-2.1042473,0.6984505653381348,0.5860000252723694,0.025299999862909317
YBR036C,YBR030W,1,-2.1050072,0.6988095045089722,0.5870000123977661,0.025299999862909317
YER026C,YDL142C,1,-2.1065667,0.6991676688194275,0.5879999995231628,0.025299999862909317
YCL032W,YBR105C,0,-2.1074848,0.6983373165130615,0.5879999995231628,0.02539999969303608
YPL244C,YJL108C,0,-2.1075711,0.6975088715553284,0.5879999995231628,0.025499999523162842
YDR123C,YMR165C,1,-2.1109803,0.6978672742843628,0.5889999866485596,0.025499999523162842
YNL021W,YLR285W,0,-2.1135194,0.697041392326355,0.5889999866485596,0.025599999353289604
YOR142W,YDL188C,0,-2.1144512,0.6962174773216248,0.5889999866485596,0.025699999183416367
YJL060W,YIR018W,0,-2.1146343,0.6953955292701721,0.5889999866485596,0.025800000876188278
YGR177C,YNL106C,1,-2.1159258,0.6957547068595886,0.5899999737739563,0.025800000876188278
YLR056W,YOR171C,1,-2.118237,0.6961130499839783,0.5910000205039978,0.025800000876188278
YLR233C,YGR040W,0,-2.1306794,0.6952941417694092,0.5910000205039978,0.02590000070631504
YKL016C,YGR041W,0,-2.1324458,0.6944770812988281,0.5910000205039978,0.026000000536441803
YLL018C-A,YFL026W,0,-2.1324854,0.6936619877815247,0.5910000205039978,0.026100000366568565
YCR034W,YML059C,1,-2.1359577,0.6940211057662964,0.5920000076293945,0.026100000366568565
YOR011W,YPL047W,0,-2.1367052,0.6932084560394287,0.5920000076293945,0.026200000196695328
YMR048W,YCL044C,0,-2.1389678,0.6923976540565491,0.5920000076293945,0.02630000002682209
YNL261W,YDL188C,0,-2.1398046,0.6915887594223022,0.5920000076293945,0.026399999856948853
YLR228C,YPL076W,1,-2.1426322,0.691948652267456,0.5929999947547913,0.026399999856948853
YBL005W,YDL093W,0,-2.1432135,0.691142201423645,0.5929999947547913,0.026499999687075615
YFR019W,YGL225W,1,-2.1436732,0.6915017366409302,0.593999981880188,0.026499999687075615
YMR303C,YDL188C,0,-2.143839,0.6906976699829102,0.593999981880188,0.026599999517202377
YNR044W,YJR045C,0,-2.148948,0.6898954510688782,0.593999981880188,0.02669999934732914
YGR037C,YKR053C,1,-2.1520236,0.6902552247047424,0.5950000286102295,0.02669999934732914
YFR008W,YML023C,0,-2.15274,0.6894553899765015,0.5950000286102295,0.026799999177455902
YLR144C,YDR131C,0,-2.1540735,0.6886574029922485,0.5950000286102295,0.026900000870227814
YOR040W,YDR328C,0,-2.1548884,0.6878612637519836,0.5950000286102295,0.027000000700354576
YPL093W,YMR302C,0,-2.1565378,0.6870669722557068,0.5950000286102295,0.02710000053048134
YJR047C,YML029W,0,-2.1568477,0.686274528503418,0.5950000286102295,0.0272000003606081
YPL221W,YDL194W,0,-2.1590617,0.6854838728904724,0.5950000286102295,0.027300000190734863
YER109C,YKL084W,0,-2.1599917,0.6846950650215149,0.5950000286102295,0.027400000020861626
YMR319C,YKL085W,0,-2.1649497,0.6839080452919006,0.5950000286102295,0.027499999850988388
YGL142C,YDR434W,1,-2.16576,0.684270977973938,0.5960000157356262,0.027499999850988388
YGL038C,YDL229W,0,-2.1684067,0.6834862232208252,0.5960000157356262,0.02759999968111515
YGR037C,YMR162C,1,-2.1695313,0.6838487982749939,0.597000002861023,0.02759999968111515
YER083C,YPL258C,0,-2.170283,0.6830663681030273,0.597000002861023,0.027699999511241913
YGR007W,YNL264C,1,-2.1777952,0.6834285855293274,0.5979999899864197,0.027699999511241913
YLR023C,YBR006W,1,-2.1843503,0.6837899684906006,0.5989999771118164,0.027699999511241913
YDR141C,YLR060W,0,-2.1909306,0.6830102801322937,0.5989999771118164,0.027799999341368675
YAL040C,YDL085W,0,-2.1916726,0.6822323203086853,0.5989999771118164,0.027899999171495438
YLR085C,YBR024W,0,-2.1925833,0.6814562082290649,0.5989999771118164,0.02800000086426735
YJL178C,YOR301W,0,-2.196514,0.6806818246841431,0.5989999771118164,0.02810000069439411
YLR285W,YJL108C,0,-2.1989796,0.6799091696739197,0.5989999771118164,0.028200000524520874
YNL219C,YDR337W,0,-2.2007873,0.6791383028030396,0.5989999771118164,0.028300000354647636
YDR178W,YHR041C,0,-2.2017205,0.6783692240715027,0.5989999771118164,0.0284000001847744
YLR411W,YAL002W,0,-2.2034068,0.6776018142700195,0.5989999771118164,0.02850000001490116
YNR060W,YNL307C,0,-2.2034104,0.6768361330032349,0.5989999771118164,0.028599999845027924
YNL101W,YPL221W,0,-2.206302,0.6760722398757935,0.5989999771118164,0.028699999675154686
YBR029C,YDL078C,1,-2.2067668,0.6764374375343323,0.6000000238418579,0.028699999675154686
YKL192C,YJL062W,1,-2.210194,0.6768018007278442,0.6010000109672546,0.028699999675154686
YOR034C,YOR143C,0,-2.2128599,0.6760404706001282,0.6010000109672546,0.02879999950528145
YEL016C,YLR130C,0,-2.2141428,0.6752809286117554,0.6010000109672546,0.02889999933540821
YMR312W,YDR129C,0,-2.2150247,0.6745229959487915,0.6010000109672546,0.028999999165534973
YML110C,YKR050W,0,-2.216888,0.6737667918205261,0.6010000109672546,0.029100000858306885
YIR028W,YDR459C,0,-2.2185614,0.6730123162269592,0.6010000109672546,0.029200000688433647
YEL027W,YDR310C,0,-2.219451,0.672259509563446,0.6010000109672546,0.02930000051856041
YMR239C,YJL143W,0,-2.2195652,0.6715083718299866,0.6010000109672546,0.029400000348687172
YKL004W,YPL175W,1,-2.2202275,0.671875,0.6019999980926514,0.029400000348687172
YIL114C,YOR076C,0,-2.2206242,0.6711259484291077,0.6019999980926514,0.029500000178813934
YAL054C,YDR517W,0,-2.2223537,0.6703786253929138,0.6019999980926514,0.029600000008940697
YGL012W,YLR459W,1,-2.2224143,0.6707452535629272,0.6029999852180481,0.029600000008940697
YAL051W,YCL052C,1,-2.2253249,0.6711111068725586,0.6039999723434448,0.029600000008940697
YKL062W,YOL031C,0,-2.2257204,0.6703662872314453,0.6039999723434448,0.02969999983906746
YKL053C-A,YGR095C,0,-2.225905,0.669623076915741,0.6039999723434448,0.02979999966919422
YER035W,YJL187C,0,-2.2274854,0.6688815355300903,0.6039999723434448,0.029899999499320984
YBR161W,YGR216C,1,-2.2282372,0.6692478060722351,0.6050000190734863,0.029899999499320984
YCR012W,YER072W,0,-2.229894,0.6685082912445068,0.6050000190734863,0.029999999329447746
YDR045C,YOR116C,0,-2.23124,0.6677704453468323,0.6050000190734863,0.03009999915957451
YDR437W,YPL206C,1,-2.23325,0.668136715888977,0.6060000061988831,0.03009999915957451
YLR372W,YNL128W,1,-2.2342303,0.6685022115707397,0.6069999933242798,0.03009999915957451
YDR191W,YMR008C,1,-2.2348905,0.6688668727874756,0.6079999804496765,0.03009999915957451
YMR006C,YBL011W,1,-2.2374027,0.6692307591438293,0.609000027179718,0.03009999915957451
YCR038C,YDR268W,0,-2.237836,0.6684961318969727,0.609000027179718,0.03020000085234642
YPR124W,YJL183W,0,-2.2402616,0.6677631735801697,0.609000027179718,0.030300000682473183
YDL035C,YJL183W,0,-2.2432375,0.6670317649841309,0.609000027179718,0.030400000512599945
YLL031C,YDR437W,1,-2.2449307,0.667396068572998,0.6100000143051147,0.030400000512599945
YGR120C,YGR281W,0,-2.2453053,0.6666666865348816,0.6100000143051147,0.030500000342726707
YLR284C,YBR265W,1,-2.245385,0.6670305728912354,0.6110000014305115,0.030500000342726707
YKL146W,YNL326C,0,-2.246628,0.6663031578063965,0.6110000014305115,0.03060000017285347
YGL119W,YOL055C,0,-2.2468908,0.6655773520469666,0.6110000014305115,0.030700000002980232
YLR165C,YER070W,0,-2.252761,0.6648530960083008,0.6110000014305115,0.030799999833106995
YLR166C,YPR198W,0,-2.25523,0.664130449295044,0.6110000014305115,0.030899999663233757
YBL035C,YLR183C,0,-2.2560132,0.6634093523025513,0.6110000014305115,0.03099999949336052
YMR296C,YDR062W,1,-2.256051,0.6637744307518005,0.6119999885559082,0.03099999949336052
YDR219C,YBR168W,0,-2.2584727,0.6630552411079407,0.6119999885559082,0.031099999323487282
YPL259C,YPL086C,0,-2.2626975,0.6623376607894897,0.6119999885559082,0.031199999153614044
YHR072W,YKL140W,1,-2.2671814,0.6627026796340942,0.6129999756813049,0.031199999153614044
YBL098W,YFR004W,0,-2.26872,0.6619870662689209,0.6129999756813049,0.031300000846385956
YER164W,YER161C,0,-2.2689447,0.6612729430198669,0.6129999756813049,0.03139999881386757
YPR019W,YDR131C,0,-2.274716,0.6605603694915771,0.6129999756813049,0.03150000050663948
YNL008C,YDR443C,0,-2.276806,0.6598492860794067,0.6129999756813049,0.031599998474121094
YDR331W,YNL054W,1,-2.2776191,0.6602150797843933,0.6140000224113464,0.031599998474121094
YOR216C,YMR322C,0,-2.279436,0.6595059037208557,0.6140000224113464,0.031700000166893005
YGL098W,YJL012C,0,-2.2798023,0.6587982773780823,0.6140000224113464,0.03180000185966492
YJL196C,YDR018C,1,-2.2803588,0.6591640114784241,0.6150000095367432,0.03180000185966492
YHL011C,YOR159C,0,-2.2818756,0.6584582328796387,0.6150000095367432,0.03189999982714653
YOR145C,YMR284W,0,-2.2841952,0.6577540040016174,0.6150000095367432,0.03200000151991844
YLR100W,YHR067W,1,-2.2845075,0.6581196784973145,0.6159999966621399,0.03200000151991844
YDR219C,YNL291C,0,-2.286692,0.6574172973632812,0.6159999966621399,0.032099999487400055
YPL110C,YDR123C,1,-2.288116,0.6577824950218201,0.6169999837875366,0.032099999487400055
YNL031C,YER006W,0,-2.2912338,0.6570820212364197,0.6169999837875366,0.03220000118017197
YNL258C,YDL138W,0,-2.2919836,0.6563829779624939,0.6169999837875366,0.03229999914765358
YIL140W,YGR169C,0,-2.2921684,0.6556854248046875,0.6169999837875366,0.03240000084042549
YDR294C,YLR284C,1,-2.295134,0.656050980091095,0.6179999709129333,0.03240000084042549
YDR411C,YGL013C,0,-2.2961009,0.6553552746772766,0.6179999709129333,0.032499998807907104
YPL152W,YDR306C,0,-2.2965362,0.6546609997749329,0.6179999709129333,0.032600000500679016
YHR133C,YNL156C,1,-2.297017,0.6550264358520508,0.6190000176429749,0.032600000500679016
YMR208W,YOR298W,1,-2.2971203,0.6553910970687866,0.6200000047683716,0.032600000500679016
YDR317W,YER087C-A,0,-2.2973955,0.6546990275382996,0.6200000047683716,0.03269999846816063
YBR168W,YPL258C,0,-2.298729,0.6540084481239319,0.6200000047683716,0.03280000016093254
YGR238C,YPL147W,0,-2.29922,0.6533192992210388,0.6200000047683716,0.03290000185370445
YOR100C,YKR089C,1,-2.301918,0.6536841988563538,0.6209999918937683,0.03290000185370445
YJL100W,YNL045W,1,-2.3033013,0.6540483832359314,0.621999979019165,0.03290000185370445
YMR145C,YBR106W,0,-2.305331,0.6533613204956055,0.621999979019165,0.032999999821186066
YGR004W,YMR284W,0,-2.3063548,0.6526757478713989,0.621999979019165,0.03310000151395798
YGL075C,YDR260C,0,-2.3068988,0.651991605758667,0.621999979019165,0.03319999948143959
YKR052C,YKR062W,0,-2.310195,0.6513088941574097,0.621999979019165,0.0333000011742115
YLL043W,YMR140W,0,-2.3113356,0.650627613067627,0.621999979019165,0.033399999141693115
YDL232W,YGR231C,0,-2.3118157,0.6499477624893188,0.621999979019165,0.03350000083446503
YGR143W,YLL012W,1,-2.3140438,0.650313138961792,0.6230000257492065,0.03350000083446503
YNL167C,YER018C,0,-2.3159945,0.6496350169181824,0.6230000257492065,0.03359999880194664
YLR335W,YDL216C,0,-2.3175826,0.6489583253860474,0.6230000257492065,0.03370000049471855
YNL293W,YKL088W,0,-2.3193476,0.648283064365387,0.6230000257492065,0.033799998462200165
YOR122C,YCR060W,0,-2.3193817,0.6476091742515564,0.6230000257492065,0.033900000154972076
YLR219W,YOL055C,0,-2.3197687,0.6469366550445557,0.6230000257492065,0.03400000184774399
YJL196C,YHR067W,1,-2.3208907,0.6473029255867004,0.6240000128746033,0.03400000184774399
YEL034W,YAL002W,0,-2.3221347,0.6466321349143982,0.6240000128746033,0.0340999998152256
YPL224C,YLR426W,0,-2.3230255,0.6459627151489258,0.6240000128746033,0.03420000150799751
YNL128W,YGL225W,1,-2.323204,0.646328866481781,0.625,0.03420000150799751
YJL196C,YKL055C,1,-2.3246439,0.6466942429542542,0.6259999871253967,0.03420000150799751
YJL198W,YOR116C,0,-2.3307722,0.6460268497467041,0.6259999871253967,0.034299999475479126
YJR126C,YNL197C,0,-2.331066,0.6453608274459839,0.6259999871253967,0.03440000116825104
YDR386W,YER165W,0,-2.3313015,0.6446961760520935,0.6259999871253967,0.03449999913573265
YER183C,YPL270W,0,-2.3313572,0.644032895565033,0.6259999871253967,0.03460000082850456
YBR002C,YKL126W,1,-2.3351395,0.6443987488746643,0.6269999742507935,0.03460000082850456
YKL038W,YLR039C,0,-2.3365798,0.6437371373176575,0.6269999742507935,0.034699998795986176
YJR047C,YCR065W,0,-2.3366845,0.6430768966674805,0.6269999742507935,0.03480000048875809
YNL006W,YCR012W,0,-2.3410728,0.6424180269241333,0.6269999742507935,0.0348999984562397
YLR286C,YNL070W,0,-2.3432496,0.6417604684829712,0.6269999742507935,0.03500000014901161
YAL044C,YNL036W,0,-2.34352,0.6411042809486389,0.6269999742507935,0.035100001841783524
YCR094W,YDR191W,1,-2.347245,0.6414709091186523,0.628000020980835,0.035100001841783524
YJL167W,YJL100W,1,-2.348138,0.6418367624282837,0.6290000081062317,0.035100001841783524
YPL096C-A,YPR140W,1,-2.349486,0.642201840877533,0.6299999952316284,0.035100001841783524
YLR219W,YFL033C,0,-2.35004,0.6415478587150574,0.6299999952316284,0.03519999980926514
YNL156C,YNL045W,1,-2.3518474,0.6419125199317932,0.6309999823570251,0.03519999980926514
YJL133W,YDR246W,0,-2.3530874,0.6412601470947266,0.6309999823570251,0.03530000150203705
YGR231C,YBR231C,0,-2.3541713,0.6406091451644897,0.6309999823570251,0.03539999946951866
YNL219C,YDR495C,0,-2.3555021,0.639959454536438,0.6309999823570251,0.03550000116229057
YJL060W,YFL048C,0,-2.3585734,0.6393110156059265,0.6309999823570251,0.035599999129772186
YCL052C,YNL264C,1,-2.3590004,0.6396760940551758,0.6320000290870667,0.035599999129772186
YKR048C,YNL012W,0,-2.3648324,0.639029324054718,0.6320000290870667,0.0357000008225441
YLR350W,YPR036W,0,-2.365126,0.6383838653564453,0.6320000290870667,0.03579999879002571
YLR231C,YPL152W,0,-2.3676877,0.6377396583557129,0.6320000290870667,0.03590000048279762
YPL098C,YOR307C,0,-2.3679154,0.6370967626571655,0.6320000290870667,0.035999998450279236
YDR524C,YOR040W,0,-2.3685033,0.6364551782608032,0.6320000290870667,0.03610000014305115
YFL003C,YLR003C,0,-2.3704243,0.635814905166626,0.6320000290870667,0.03620000183582306
YLR023C,YDR058C,1,-2.3710935,0.6361808776855469,0.6330000162124634,0.03620000183582306
YMR208W,YPL096C-A,1,-2.3716843,0.6365461945533752,0.6340000033378601,0.03620000183582306
YJL196C,YCL004W,1,-2.3751333,0.6369107365608215,0.6349999904632568,0.03620000183582306
YNL278W,YJR156C,0,-2.3793888,0.6362725496292114,0.6349999904632568,0.03629999980330467
YGR286C,YDR300C,0,-2.3799853,0.6356356143951416,0.6349999904632568,0.036400001496076584
YDL005C,YNL078W,0,-2.384116,0.6349999904632568,0.6349999904632568,0.0364999994635582
YDR437W,YBR035C,1,-2.384794,0.6353646516799927,0.6359999775886536,0.0364999994635582
YER083C,YGL095C,0,-2.3875377,0.6347305178642273,0.6359999775886536,0.03660000115633011
YOR160W,YML029W,0,-2.3878205,0.634097695350647,0.6359999775886536,0.03669999912381172
YOL158C,YOL116W,0,-2.388098,0.6334661245346069,0.6359999775886536,0.03680000081658363
YDR096W,YJL062W,1,-2.3892505,0.6338308453559875,0.6370000243186951,0.03680000081658363
YOR301W,YER005W,0,-2.3910973,0.6332008242607117,0.6370000243186951,0.03689999878406525
YLL018C-A,YER171W,0,-2.3915744,0.6325719952583313,0.6370000243186951,0.03700000047683716
YDR376W,YBR295W,0,-2.3926713,0.6319444179534912,0.6370000243186951,0.03709999844431877
YGR157W,YKL140W,1,-2.3930855,0.6323091983795166,0.6380000114440918,0.03709999844431877
YBL079W,YOR313C,0,-2.3950624,0.6316831707954407,0.6380000114440918,0.03720000013709068
YFR019W,YDR123C,1,-2.395654,0.6320474743843079,0.6389999985694885,0.03720000013709068
YLR175W,YER179W,0,-2.3964806,0.6314229369163513,0.6389999985694885,0.037300001829862595
YLR172C,YMR133W,0,-2.3966882,0.6307995915412903,0.6389999985694885,0.03739999979734421
YJL167W,YMR006C,1,-2.3967679,0.6311637163162231,0.6399999856948853,0.03739999979734421
YMR208W,YOR149C,1,-2.3973348,0.6315270662307739,0.640999972820282,0.03739999979734421
YJR025C,YOR204W,0,-2.3973634,0.6309055089950562,0.640999972820282,0.03750000149011612
YHL002W,YOR284W,0,-2.3991134,0.6302851438522339,0.640999972820282,0.03759999945759773
YBR110W,YLL012W,1,-2.403281,0.6306483149528503,0.6420000195503235,0.03759999945759773
YPL100W,YDL128W,0,-2.4065826,0.6300294399261475,0.6420000195503235,0.037700001150369644
YJL095W,YLL006W,0,-2.407159,0.6294117569923401,0.6420000195503235,0.03779999911785126
YLL002W,YDR129C,0,-2.407499,0.628795325756073,0.6420000195503235,0.03790000081062317
YPL110C,YLL012W,1,-2.4152145,0.6291584968566895,0.6430000066757202,0.03790000081062317
YLR080W,YDR400W,0,-2.419659,0.628543496131897,0.6430000066757202,0.03799999877810478
YMR296C,YGL126W,1,-2.42252,0.62890625,0.6439999938011169,0.03799999877810478
YDL142C,YFR019W,1,-2.4226358,0.6292682886123657,0.6449999809265137,0.03799999877810478
YBR132C,YDR018C,1,-2.423863,0.6296296119689941,0.6460000276565552,0.03799999877810478
YPL124W,YPL033C,0,-2.4255683,0.6290165781974792,0.6460000276565552,0.038100000470876694
YOL009C,YHR038W,0,-2.4314337,0.6284046769142151,0.6460000276565552,0.03819999843835831
YNL219C,YNL261W,0,-2.4328296,0.6277939677238464,0.6460000276565552,0.03830000013113022
YDR093W,YGL142C,1,-2.4340622,0.6281553506851196,0.6470000147819519,0.03830000013113022
YPR008W,YML127W,0,-2.43448,0.6275460720062256,0.6470000147819519,0.03840000182390213
YLR113W,YPL242C,0,-2.4354815,0.626937985420227,0.6470000147819519,0.03849999979138374
YMR237W,YGR285C,0,-2.4367108,0.626331090927124,0.6470000147819519,0.038600001484155655
YLR291C,YGL022W,0,-2.4417257,0.6257253289222717,0.6470000147819519,0.03869999945163727
YML048W,YPR033C,0,-2.441854,0.6251207590103149,0.6470000147819519,0.03880000114440918
YHR175W,YHR094C,0,-2.442744,0.6245173811912537,0.6470000147819519,0.03889999911189079
YKR031C,YNL128W,1,-2.4429605,0.6248794794082642,0.6480000019073486,0.03889999911189079
YHR133C,YGR143W,1,-2.4444711,0.6252408623695374,0.6489999890327454,0.03889999911189079
YGR247W,YGL011C,0,-2.444964,0.624639093875885,0.6489999890327454,0.039000000804662704
YAL038W,YCL043C,0,-2.4464061,0.6240384578704834,0.6489999890327454,0.03909999877214432
YLR035C,YDL085W,0,-2.447437,0.6234390139579773,0.6489999890327454,0.03920000046491623
YLR318W,YGL253W,0,-2.4480956,0.6228407025337219,0.6489999890327454,0.03929999843239784
YBL017C,YNL290W,0,-2.4481404,0.6222435235977173,0.6489999890327454,0.039400000125169754
YPR021C,YML038C,0,-2.4488943,0.6216475367546082,0.6489999890327454,0.039500001817941666
YCR094W,YNL128W,1,-2.4527304,0.6220095753669739,0.6499999761581421,0.039500001817941666
YER166W,YBR058C-A,1,-2.4560814,0.6223709583282471,0.6510000228881836,0.039500001817941666
YJL196C,YER019W,1,-2.4563835,0.622731626033783,0.6520000100135803,0.039500001817941666
YIL068C,YOL020W,0,-2.4595406,0.6221374273300171,0.6520000100135803,0.03959999978542328
YPR165W,YML127W,0,-2.4598255,0.6215443015098572,0.6520000100135803,0.03970000147819519
YKL129C,YKR001C,0,-2.4599605,0.6209523677825928,0.6520000100135803,0.039799999445676804
YOR213C,YCR084C,0,-2.4650383,0.6203615665435791,0.6520000100135803,0.039900001138448715
YCR012W,YNL333W,0,-2.4652326,0.6197718381881714,0.6520000100135803,0.03999999910593033
YMR207C,YDL078C,1,-2.4654405,0.6201329827308655,0.652999997138977,0.03999999910593033
YOR180C,YDR503C,1,-2.4668663,0.6204933524131775,0.6539999842643738,0.03999999910593033
YPR052C,YAL011W,0,-2.4672697,0.6199052333831787,0.6539999842643738,0.04010000079870224
YGR171C,YBL079W,0,-2.4686832,0.6193181872367859,0.6539999842643738,0.04019999876618385
YGL104C,YNL247W,0,-2.4688604,0.6187322735786438,0.6539999842643738,0.040300000458955765
YGL200C,YLR069C,0,-2.4695466,0.6181474328041077,0.6539999842643738,0.04039999842643738
YGL053W,YPR139C,0,-2.4704068,0.6175637245178223,0.6539999842643738,0.04050000011920929
YLR372W,YKL140W,1,-2.4707203,0.6179245114326477,0.6549999713897705,0.04050000011920929
YHR197W,YCR073W-A,0,-2.4722068,0.6173421144485474,0.6549999713897705,0.0406000018119812
YDL226C,YML004C,0,-2.4736898,0.6167608499526978,0.6549999713897705,0.040699999779462814
YNL128W,YDR018C,1,-2.4758012,0.6171213388442993,0.656000018119812,0.040699999779462814
YPL214C,YPL203W,0,-2.4760838,0.61654132604599,0.656000018119812,0.040800001472234726
YOR153W,YGL098W,0,-2.476468,0.6159624457359314,0.656000018119812,0.04089999943971634
YPL006W,YNL169C,1,-2.476834,0.6163226962089539,0.6570000052452087,0.04089999943971634
YER056C,YML023C,0,-2.477903,0.6157450675964355,0.6570000052452087,0.04100000113248825
YBR036C,YJR013W,1,-2.4786825,0.6161048412322998,0.6579999923706055,0.04100000113248825
YBR110W,YKL165C,1,-2.481557,0.6164639592170715,0.6589999794960022,0.04100000113248825
YCR018C,YMR039C,0,-2.4824858,0.6158878207206726,0.6589999794960022,0.041099999099969864
YDR480W,YJR077C,0,-2.4832153,0.6153128147125244,0.6589999794960022,0.041200000792741776
YLL018C-A,YBL002W,0,-2.483559,0.6147388219833374,0.6589999794960022,0.04129999876022339
YMR276W,YJL168C,0,-2.4874053,0.6141659021377563,0.6589999794960022,0.0414000004529953
YOR388C,YER024W,0,-2.4931726,0.6135940551757812,0.6589999794960022,0.04149999842047691
YHR190W,YGR143W,1,-2.495165,0.6139534711837769,0.6600000262260437,0.04149999842047691
YOR109W,YOL002C,1,-2.4960427,0.6143122911453247,0.6610000133514404,0.04149999842047691
YIL124W,YCR094W,1,-2.49963,0.6146703958511353,0.6620000004768372,0.04149999842047691
YGR014W,YHR106W,0,-2.5008862,0.6141001582145691,0.6620000004768372,0.041600000113248825
YOL003C,YFR040W,0,-2.5009773,0.6135310530662537,0.6620000004768372,0.04170000180602074
YBR092C,YIL075C,0,-2.501063,0.6129629611968994,0.6620000004768372,0.04179999977350235
YGR157W,YMR006C,1,-2.5016048,0.6133210062980652,0.6629999876022339,0.04179999977350235
YDR434W,YOL011W,1,-2.5026398,0.6136783957481384,0.6639999747276306,0.04179999977350235
YMR129W,YDR129C,0,-2.5037239,0.6131117343902588,0.6639999747276306,0.04190000146627426
YNL008C,YNL099C,0,-2.5087798,0.6125461459159851,0.6639999747276306,0.041999999433755875
YGR227W,YKL025C,0,-2.5100555,0.6119815707206726,0.6639999747276306,0.042100001126527786
YFR036W,YDR129C,0,-2.5123217,0.6114180684089661,0.6639999747276306,0.0421999990940094
YJL060W,YDL209C,0,-2.5141814,0.6108555793762207,0.6639999747276306,0.04230000078678131
YKR009C,YBR006W,1,-2.5149455,0.611213207244873,0.6650000214576721,0.04230000078678131
YOR149C,YDL109C,1,-2.5191443,0.6115702390670776,0.6660000085830688,0.04230000078678131
YBL020W,YGR212W,0,-2.5203645,0.6110091805458069,0.6660000085830688,0.042399998754262924
YMR061W,YFL049W,0,-2.5207133,0.6104491353034973,0.6660000085830688,0.042500000447034836
YDR148C,YIR006C,0,-2.5207632,0.6098901033401489,0.6660000085830688,0.04259999841451645
YML130C,YPL145C,0,-2.5219212,0.6093320846557617,0.6660000085830688,0.04270000010728836
YHL040C,YLR208W,0,-2.5221908,0.6087751388549805,0.6660000085830688,0.04280000180006027
YPL155C,YOR150W,0,-2.5230527,0.6082192063331604,0.6660000085830688,0.042899999767541885
YLL018C-A,YBR065C,0,-2.5282433,0.6076642274856567,0.6660000085830688,0.0430000014603138
YDR141C,YNL145W,0,-2.5311203,0.607110321521759,0.6660000085830688,0.04309999942779541
YMR208W,YNR008W,1,-2.5331762,0.6074681282043457,0.6669999957084656,0.04309999942779541
YGR155W,YJL186W,0,-2.534018,0.6069153547286987,0.6669999957084656,0.04320000112056732
YML061C,YIL073C,0,-2.5351608,0.6063636541366577,0.6669999957084656,0.043299999088048935
YKL192C,YGR177C,1,-2.5383604,0.6067211627960205,0.6679999828338623,0.043299999088048935
YLR153C,YML118W,0,-2.5385349,0.6061705946922302,0.6679999828338623,0.04340000078082085
YCR038C,YMR088C,0,-2.5388734,0.6056210398674011,0.6679999828338623,0.04349999874830246
YLR133W,YJL100W,1,-2.5418367,0.60597825050354,0.6690000295639038,0.04349999874830246
YBR029C,YGL126W,1,-2.5438445,0.6063348650932312,0.6700000166893005,0.04349999874830246
YPR168W,YLR006C,0,-2.5442834,0.6057866215705872,0.6700000166893005,0.04360000044107437
YLL031C,YLR240W,1,-2.5447152,0.6061426997184753,0.6710000038146973,0.04360000044107437
YKL004W,YDR123C,1,-2.5448756,0.6064981818199158,0.671999990940094,0.04360000044107437
YOR156C,YKL134C,0,-2.5466406,0.6059513092041016,0.671999990940094,0.043699998408555984
YJR033C,YNL290W,0,-2.5473251,0.6054053902626038,0.671999990940094,0.043800000101327896
YML051W,YNL210W,0,-2.548865,0.6048604846000671,0.671999990940094,0.04390000179409981
YNL216W,YDR129C,0,-2.5544908,0.6043165326118469,0.671999990940094,0.04399999976158142
YJL100W,YBR058C-A,1,-2.5549767,0.6046720743179321,0.6729999780654907,0.04399999976158142
YLL043W,YDR277C,0,-2.558434,0.6041292548179626,0.6729999780654907,0.04410000145435333
YMR029C,YHR206W,0,-2.5594432,0.6035874485969543,0.6729999780654907,0.044199999421834946
YGR143W,YMR210W,1,-2.5624819,0.6039426326751709,0.6740000247955322,0.044199999421834946
YGR227W,YDL128W,0,-2.5635676,0.6034019589424133,0.6740000247955322,0.04430000111460686
YGL032C,YDR427W,0,-2.5639627,0.6028622388839722,0.6740000247955322,0.04439999908208847
YLR450W,YOR221C,1,-2.5644968,0.6032171845436096,0.675000011920929,0.04439999908208847
YJL106W,YLR006C,0,-2.564508,0.6026785969734192,0.675000011920929,0.04450000077486038
YNR008W,YBL011W,1,-2.5721078,0.6030330061912537,0.6759999990463257,0.04450000077486038
YNL172W,YFL033C,0,-2.5728304,0.602495551109314,0.6759999990463257,0.044599998742341995
YGR157W,YDR096W,1,-2.5732043,0.6028494834899902,0.6769999861717224,0.044599998742341995
YKL150W,YDL078C,1,-2.5789049,0.6032028198242188,0.6779999732971191,0.044599998742341995
YBR004C,YPL057C,1,-2.5802245,0.6035555601119995,0.6790000200271606,0.044599998742341995
YLR240W,YJR110W,1,-2.5828364,0.6039076447486877,0.6800000071525574,0.044599998742341995
YPL048W,YER142C,0,-2.5828507,0.603371798992157,0.6800000071525574,0.04470000043511391
YPR068C,YCR020C-A,0,-2.5833259,0.6028369069099426,0.6800000071525574,0.04479999840259552
YDR030C,YJL154C,0,-2.5833838,0.6023029088973999,0.6800000071525574,0.04490000009536743
YHR012W,YOL105C,0,-2.583832,0.6017699241638184,0.6800000071525574,0.04500000178813934
YDR288W,YPR016C,0,-2.5852902,0.6012378334999084,0.6800000071525574,0.045099999755620956
YNL110C,YML131W,0,-2.5899093,0.6007066965103149,0.6800000071525574,0.04520000144839287
YJR013W,YBL011W,1,-2.590909,0.6010591387748718,0.6809999942779541,0.04520000144839287
YGR256W,YGL062W,0,-2.5916615,0.6005290746688843,0.6809999942779541,0.04529999941587448
YNR059W,YLR340W,0,-2.5922256,0.6000000238418579,0.6809999942779541,0.04540000110864639
YLL006W,YDR103W,0,-2.5955606,0.5994718074798584,0.6809999942779541,0.045499999076128006
YOR226C,YBR080C,0,-2.5958548,0.5989446043968201,0.6809999942779541,0.04560000076889992
YPR168W,YDR265W,0,-2.5997465,0.5984182953834534,0.6809999942779541,0.04569999873638153
YKL185W,YHR034C,0,-2.60101,0.5978928804397583,0.6809999942779541,0.04580000042915344
YPL069C,YDL142C,1,-2.601744,0.5982456207275391,0.6819999814033508,0.04580000042915344
YOR171C,YNL264C,1,-2.603549,0.5985977053642273,0.6830000281333923,0.04580000042915344
YNL148C,YDR178W,0,-2.609089,0.5980735421180725,0.6830000281333923,0.045899998396635056
YPL145C,YMR164C,0,-2.6111498,0.5975503325462341,0.6830000281333923,0.04600000008940697
YDR062W,YBR002C,1,-2.6121726,0.5979021191596985,0.6840000152587891,0.04600000008940697
YBL045C,YHR206W,0,-2.6127121,0.5973799228668213,0.6840000152587891,0.04610000178217888
YCL044C,YHR086W,0,-2.6134195,0.5968586206436157,0.6840000152587891,0.04619999974966049
YNL288W,YIL103W,0,-2.6158218,0.5963382720947266,0.6840000152587891,0.046300001442432404
YKL004W,YER125W,1,-2.616215,0.5966898798942566,0.6850000023841858,0.046300001442432404
YML121W,YPR198W,0,-2.6169286,0.5961706042289734,0.6850000023841858,0.04639999940991402
YOL130W,YOR207C,0,-2.617155,0.595652163028717,0.6850000023841858,0.04650000110268593
YNR067C,YER070W,0,-2.6178863,0.5951346755027771,0.6850000023841858,0.04659999907016754
YDR147W,YPL076W,1,-2.6215189,0.5954861044883728,0.6859999895095825,0.04659999907016754
YJL196C,YDL109C,1,-2.6235955,0.5958369374275208,0.6869999766349792,0.04659999907016754
YJL146W,YGL127C,0,-2.6275291,0.5953206419944763,0.6869999766349792,0.04670000076293945
YNL020C,YLR136C,0,-2.6280737,0.5948051810264587,0.6869999766349792,0.046799998730421066
YAL021C,YCR033W,0,-2.6319478,0.5942906737327576,0.6869999766349792,0.04690000042319298
YGR204W,YGR047C,0,-2.6328738,0.5937770009040833,0.6869999766349792,0.04699999839067459
YLR304C,YBR038W,0,-2.6339252,0.5932642221450806,0.6869999766349792,0.0471000000834465
YGL017W,YNL223W,0,-2.634085,0.5927523970603943,0.6869999766349792,0.047200001776218414
YJL210W,YML021C,0,-2.6347194,0.5922414064407349,0.6869999766349792,0.04729999974370003
YPR083W,YLR350W,0,-2.6350641,0.5917312502861023,0.6869999766349792,0.04740000143647194
YNL270C,YGL039W,0,-2.6370122,0.5912220478057861,0.6869999766349792,0.04749999940395355
YJL196C,YBR159W,1,-2.637387,0.5915735363960266,0.6880000233650208,0.04749999940395355
YLR284C,YDR191W,1,-2.6388302,0.5919243693351746,0.6890000104904175,0.04749999940395355
YHR079C,YOR035C,0,-2.6403627,0.5914162993431091,0.6890000104904175,0.047600001096725464
YCR075C,YJL059W,0,-2.6429784,0.5909090638160706,0.6890000104904175,0.04769999906420708
YBR168W,YMR146C,0,-2.6449635,0.5904027223587036,0.6890000104904175,0.04780000075697899
YOR187W,YNL046W,0,-2.6552033,0.5898972749710083,0.6890000104904175,0.0478999987244606
YDR096W,YGR143W,1,-2.6591275,0.5902480483055115,0.6899999976158142,0.0478999987244606
YMR059W,YNL066W,0,-2.661031,0.5897436141967773,0.6899999976158142,0.04800000041723251
YGR101W,YBL005W-A,0,-2.661618,0.5892399549484253,0.6899999976158142,0.04809999838471413
YIL066C,YDR400W,0,-2.662161,0.5887371897697449,0.6899999976158142,0.04820000007748604
YBR177C,YJL196C,1,-2.6656396,0.5890877842903137,0.6909999847412109,0.04820000007748604
YGR003W,YGR171C,0,-2.668731,0.5885860323905945,0.6909999847412109,0.04830000177025795
YHR067W,YKL126W,1,-2.6694696,0.5889361500740051,0.6919999718666077,0.04830000177025795
YDR301W,YLR328W,0,-2.6722429,0.5884353518486023,0.6919999718666077,0.04839999973773956
YGR175C,YGL001C,1,-2.6724389,0.5887850522994995,0.6930000185966492,0.04839999973773956
YGL116W,YNL281W,0,-2.672998,0.5882852077484131,0.6930000185966492,0.048500001430511475
YML081C-A,YML028W,0,-2.6737792,0.5877862572669983,0.6930000185966492,0.04859999939799309
YNL020C,YMR224C,0,-2.6739337,0.5872881412506104,0.6930000185966492,0.048700001090765
YMR207C,YNL264C,1,-2.6744874,0.5876376032829285,0.6940000057220459,0.048700001090765
YOR113W,YNL307C,0,-2.6757874,0.5871404409408569,0.6940000057220459,0.04879999905824661
YLR276C,YDL174C,0,-2.6783707,0.5866441130638123,0.6940000057220459,0.048900000751018524
YOR142W,YPL036W,0,-2.6845117,0.5861486196517944,0.6940000057220459,0.04899999871850014
YNL259C,YFR047C,0,-2.6893332,0.5856540203094482,0.6940000057220459,0.04910000041127205
YMR088C,YDR306C,0,-2.6947563,0.5851601958274841,0.6940000057220459,0.04919999837875366
YJL196C,YDR191W,1,-2.6975405,0.585509717464447,0.6949999928474426,0.04919999837875366
YJL100W,YKR003W,1,-2.6976273,0.5858585834503174,0.6959999799728394,0.04919999837875366
YPL069C,YBR058C-A,1,-2.6989129,0.5862069129943848,0.6970000267028809,0.04919999837875366
YNL053W,YNL251C,0,-2.6996439,0.5857142806053162,0.6970000267028809,0.049300000071525574
YML023C,YNL149C,0,-2.7014668,0.5852224826812744,0.6970000267028809,0.049400001764297485
YHR001W,YBR265W,1,-2.7069528,0.5855704545974731,0.6980000138282776,0.049400001764297485
YKL055C,YPR173C,1,-2.708113,0.5859178304672241,0.6990000009536743,0.049400001764297485
YJL196C,YLR023C,1,-2.709843,0.5862646698951721,0.699999988079071,0.049400001764297485
YDL106C,YPR181C,0,-2.7103832,0.5857740640640259,0.699999988079071,0.0494999997317791
YOR201C,YDR002W,0,-2.713511,0.5852842926979065,0.699999988079071,0.04960000142455101
YFL041W,YFL005W,0,-2.7136912,0.5847952961921692,0.699999988079071,0.04969999939203262
YPR162C,YOR003W,0,-2.7171557,0.5843071937561035,0.699999988079071,0.049800001084804535
YDR296W,YJL140W,0,-2.7185962,0.5838198661804199,0.699999988079071,0.04989999905228615
YMR015C,YBL039C,1,-2.72111,0.5841666460037231,0.7009999752044678,0.04989999905228615
YDR116C,YER012W,0,-2.725189,0.583680272102356,0.7009999752044678,0.05000000074505806
YEL017C-A,YDR422C,0,-2.7256439,0.5831946730613708,0.7009999752044678,0.05009999871253967
YDL101C,YBL005W,0,-2.7290301,0.5827099084854126,0.7009999752044678,0.050200000405311584
YGR216C,YBR006W,1,-2.7291808,0.5830564498901367,0.7020000219345093,0.050200000405311584
YDL138W,YKR101W,0,-2.7310357,0.5825726389884949,0.7020000219345093,0.0502999983727932
YER166W,YMR272C,1,-2.732435,0.5829187631607056,0.703000009059906,0.0502999983727932
YGL192W,YER120W,0,-2.7327194,0.5824357867240906,0.703000009059906,0.05040000006556511
YKR048C,YLR132C,0,-2.733298,0.5819536447525024,0.703000009059906,0.05050000175833702
YDR436W,YCL062W,0,-2.7333992,0.5814722776412964,0.703000009059906,0.050599999725818634
YJR145C,YJL004C,0,-2.7392797,0.5809917449951172,0.703000009059906,0.050700001418590546
YMR150C,YLR324W,0,-2.739401,0.5805119872093201,0.703000009059906,0.05079999938607216
YBL011W,YDR213W,1,-2.7394478,0.5808581113815308,0.7039999961853027,0.05079999938607216
YPL069C,YDR213W,1,-2.7398555,0.5812036395072937,0.7049999833106995,0.05079999938607216
YKL189W,YNL304W,0,-2.740081,0.5807248950004578,0.7049999833106995,0.05090000107884407
YIL072W,YOR346W,0,-2.7409208,0.5802469253540039,0.7049999833106995,0.050999999046325684
YPL006W,YJR110W,1,-2.7415476,0.5805920958518982,0.7059999704360962,0.050999999046325684
YLR274W,YBR040W,0,-2.744607,0.580115020275116,0.7059999704360962,0.051100000739097595
YHR089C,YML131W,0,-2.7452195,0.5796387791633606,0.7059999704360962,0.05119999870657921
YNL071W,YBR214W,0,-2.7464228,0.5791632533073425,0.7059999704360962,0.05130000039935112
YNL106C,YDR018C,1,-2.7464502,0.5795081853866577,0.7070000171661377,0.05130000039935112
YPL028W,YCL052C,1,-2.7477384,0.5798525810241699,0.7080000042915344,0.05130000039935112
YLR355C,YOR140W,0,-2.7479384,0.579378068447113,0.7080000042915344,0.05139999836683273
YLR342W,YDL077C,0,-2.7479556,0.5789043307304382,0.7080000042915344,0.051500000059604645
YOR109W,YLL012W,1,-2.7486374,0.5792483687400818,0.7089999914169312,0.051500000059604645
YML048W,YGL063W,0,-2.7488477,0.5787755250930786,0.7089999914169312,0.051600001752376556
YLL019C,YIL066C,0,-2.7495015,0.5783033967018127,0.7089999914169312,0.05169999971985817
YDL243C,YER147C,0,-2.7508552,0.5778321027755737,0.7089999914169312,0.05180000141263008
YFL004W,YGR042W,0,-2.7513983,0.5773615837097168,0.7089999914169312,0.051899999380111694
YPL076W,YGR170W,1,-2.751449,0.577705442905426,0.7099999785423279,0.051899999380111694
YDL194W,YKL119C,0,-2.7514522,0.577235758304596,0.7099999785423279,0.052000001072883606
YJR050W,YNL029C,0,-2.7514675,0.576766848564148,0.7099999785423279,0.05209999904036522
YDR524C,YNL070W,0,-2.753497,0.576298713684082,0.7099999785423279,0.05220000073313713
YOL156W,YGR004W,0,-2.7565753,0.5758312940597534,0.7099999785423279,0.052299998700618744
YDL232W,YPL002C,0,-2.7588432,0.5753646492958069,0.7099999785423279,0.052400000393390656
YJL060W,YHR206W,0,-2.7606094,0.5748987793922424,0.7099999785423279,0.05249999836087227
YHR094C,YCR084C,0,-2.7625883,0.5744336843490601,0.7099999785423279,0.05260000005364418
YJR108W,YDR052C,0,-2.763128,0.573969304561615,0.7099999785423279,0.05270000174641609
YKL165C,YCL004W,1,-2.7640922,0.5743134021759033,0.7110000252723694,0.05270000174641609
YDL117W,YDR131C,0,-2.7653773,0.5738498568534851,0.7110000252723694,0.052799999713897705
YJL196C,YNL231C,1,-2.7667792,0.57419353723526,0.7120000123977661,0.052799999713897705
YLR228C,YIL160C,1,-2.7703574,0.5745366811752319,0.7129999995231628,0.052799999713897705
YJL198W,YLR006C,0,-2.773488,0.5740740895271301,0.7129999995231628,0.05290000140666962
YPL006W,YCL052C,1,-2.77532,0.5744167566299438,0.7139999866485596,0.05290000140666962
YOR011W,YGL006W,0,-2.7759624,0.5739549994468689,0.7139999866485596,0.05299999937415123
YLR153C,YOR310C,0,-2.778982,0.5734939575195312,0.7139999866485596,0.05310000106692314
YBR169C,YHR016C,0,-2.7791002,0.5730336904525757,0.7139999866485596,0.053199999034404755
YGR227W,YBR081C,0,-2.7805612,0.5725741982460022,0.7139999866485596,0.053300000727176666
YAR019C,YGR055W,0,-2.780968,0.5721153616905212,0.7139999866485596,0.05339999869465828
YML113W,YLR132C,0,-2.7831461,0.5716572999954224,0.7139999866485596,0.05350000038743019
YOR213C,YML124C,0,-2.7835438,0.5712000131607056,0.7139999866485596,0.053599998354911804
YPL265W,YNL091W,0,-2.7837105,0.5707433819770813,0.7139999866485596,0.053700000047683716
YML110C,YMR087W,0,-2.7859886,0.5702875256538391,0.7139999866485596,0.05380000174045563
YNR067C,YDR065W,0,-2.7873838,0.5698323845863342,0.7139999866485596,0.05389999970793724
YGR284C,YER089C,0,-2.7906053,0.5693780183792114,0.7139999866485596,0.05400000140070915
YPL076W,YNL009W,1,-2.797312,0.5697211027145386,0.7149999737739563,0.05400000140070915
YDR272W,YGR144W,0,-2.7974079,0.5692675113677979,0.7149999737739563,0.054099999368190765
YOL001W,YJL047C,0,-2.798928,0.5688146352767944,0.7149999737739563,0.05420000106096268
YNL288W,YML025C,0,-2.800451,0.5683624744415283,0.7149999737739563,0.05429999902844429
YKL004W,YLR372W,1,-2.8010554,0.5687053203582764,0.7160000205039978,0.05429999902844429
YJL060W,YBR058C,0,-2.8013775,0.5682539939880371,0.7160000205039978,0.0544000007212162
YIL034C,YPL270W,0,-2.803323,0.5678033232688904,0.7160000205039978,0.054499998688697815
YOR326W,YBR240C,0,-2.8034432,0.5673534274101257,0.7160000205039978,0.05460000038146973
YDR501W,YPL130W,0,-2.8036072,0.5669041872024536,0.7160000205039978,0.05469999834895134
YHL027W,YJL052W,0,-2.8058517,0.5664557218551636,0.7160000205039978,0.05480000004172325
YER061C,YER166W,1,-2.806578,0.5667984485626221,0.7170000076293945,0.05480000004172325
YPL177C,YJL210W,0,-2.8086743,0.5663506984710693,0.7170000076293945,0.05490000173449516
YHR133C,YNL045W,1,-2.8090234,0.5666929483413696,0.7179999947547913,0.05490000173449516
YGL129C,YNL304W,0,-2.8096967,0.5662460327148438,0.7179999947547913,0.054999999701976776
YDR296W,YPL065W,0,-2.8120139,0.5657998323440552,0.7179999947547913,0.05510000139474869
YDR299W,YDL030W,0,-2.8121161,0.5653543472290039,0.7179999947547913,0.0551999993622303
YER129W,YMR149W,0,-2.8121178,0.5649095177650452,0.7179999947547913,0.05530000105500221
YLR284C,YBR030W,1,-2.8147733,0.5652515888214111,0.718999981880188,0.05530000105500221
YBL071W-A,YMR175W,0,-2.8164766,0.5648075342178345,0.718999981880188,0.055399999022483826
YLR450W,YER019W,1,-2.8174174,0.5651491284370422,0.7200000286102295,0.055399999022483826
YBR070C,YGL116W,0,-2.8180258,0.5647059082984924,0.7200000286102295,0.05550000071525574
YML048W,YHR090C,0,-2.8205514,0.5642633438110352,0.7200000286102295,0.05559999868273735
YGR060W,YBR058C-A,1,-2.8207376,0.5646045207977295,0.7210000157356262,0.05559999868273735
YLR220W,YDR508C,0,-2.8227813,0.5641627311706543,0.7210000157356262,0.05570000037550926
YBR234C,YER019C-A,0,-2.8243692,0.5637216567993164,0.7210000157356262,0.055799998342990875
YOR181W,YNL218W,0,-2.8266613,0.563281238079071,0.7210000157356262,0.05590000003576279
YLR242C,YPL206C,1,-2.8273404,0.5636221766471863,0.722000002861023,0.05590000003576279
YGR177C,YOR180C,1,-2.8287027,0.5639625787734985,0.7229999899864197,0.05590000003576279
YGR091W,YPR198W,0,-2.8322432,0.56352299451828,0.7229999899864197,0.0560000017285347
YKL185W,YNL317W,0,-2.8327644,0.5630841255187988,0.7229999899864197,0.05609999969601631
YBR029C,YNL128W,1,-2.8340385,0.5634241104125977,0.7239999771118164,0.05609999969601631
YDL216C,YHR041C,0,-2.8344593,0.5629860162734985,0.7239999771118164,0.05620000138878822
YDR277C,YMR247C,0,-2.8355663,0.5625485777854919,0.7239999771118164,0.056299999356269836
YML069W,YIL080W,0,-2.836206,0.5621117949485779,0.7239999771118164,0.05640000104904175
YHR083W,YPR198W,0,-2.8376455,0.5616757273674011,0.7239999771118164,0.05649999901652336
YNL037C,YGL169W,0,-2.8380797,0.5612403154373169,0.7239999771118164,0.05660000070929527
YNL101W,YIL014W,0,-2.8419616,0.5608055591583252,0.7239999771118164,0.056699998676776886
YHR086W,YNL213C,0,-2.8426602,0.5603715181350708,0.7239999771118164,0.0568000003695488
YGR246C,YLL018C-A,0,-2.8430905,0.5599381327629089,0.7239999771118164,0.05689999833703041
YJR147W,YML028W,0,-2.8432195,0.5595054030418396,0.7239999771118164,0.05700000002980232
YAL022C,YBR254C,0,-2.843885,0.5590733885765076,0.7239999771118164,0.057100001722574234
YDL160C,YLL040C,0,-2.8447683,0.5586419701576233,0.7239999771118164,0.05719999969005585
YDR294C,YMR207C,1,-2.8468068,0.558982253074646,0.7250000238418579,0.05719999969005585
YOR201C,YCL043C,0,-2.8473978,0.5585516095161438,0.7250000238418579,0.05730000138282776
YOR156C,YER147C,0,-2.8474176,0.5581216216087341,0.7250000238418579,0.05739999935030937
YOR229W,YIL080W,0,-2.8486207,0.557692289352417,0.7250000238418579,0.057500001043081284
YLR305C,YNL045W,1,-2.8487077,0.5580322742462158,0.7260000109672546,0.057500001043081284
YAL024C,YNL251C,0,-2.850487,0.557603657245636,0.7260000109672546,0.0575999990105629
YAL029C,YKR001C,0,-2.8519094,0.5571757555007935,0.7260000109672546,0.05770000070333481
YLR284C,YBL039C,1,-2.8535998,0.5575153231620789,0.7269999980926514,0.05770000070333481
YBR038W,YOL104C,0,-2.8618639,0.5570881366729736,0.7269999980926514,0.05779999867081642
YJL128C,YBR069C,0,-2.8625855,0.5566615462303162,0.7269999980926514,0.05790000036358833
YHL040C,YLR160C,0,-2.8636215,0.556235671043396,0.7269999980926514,0.057999998331069946
YKL029C,YML049C,0,-2.864231,0.5558103919029236,0.7269999980926514,0.05810000002384186
YNL055C,YER087C-A,0,-2.8653488,0.5553857684135437,0.7269999980926514,0.05820000171661377
YBR136W,YPL022W,0,-2.8681319,0.5549618601799011,0.7269999980926514,0.05829999968409538
YNL133C,YDR276C,0,-2.8694193,0.5545385479927063,0.7269999980926514,0.058400001376867294
YIL153W,YKL034W,0,-2.8697085,0.5541158318519592,0.7269999980926514,0.05849999934434891
YLL038C,YOL059W,0,-2.8721888,0.5536938309669495,0.7269999980926514,0.05860000103712082
YJL106W,YML104C,0,-2.8723302,0.5532724261283875,0.7269999980926514,0.05869999900460243
YER183C,YKL117W,0,-2.8738687,0.5528517365455627,0.7269999980926514,0.058800000697374344
YHR190W,YKR053C,1,-2.875158,0.5531914830207825,0.7279999852180481,0.058800000697374344
YLR318W,YNL209W,0,-2.8754728,0.5527714490890503,0.7279999852180481,0.05889999866485596
YDR503C,YKR003W,1,-2.8759518,0.5531107783317566,0.7289999723434448,0.05889999866485596
YGL142C,YIL160C,1,-2.8786952,0.5534495711326599,0.7300000190734863,0.05889999866485596
YDR384C,YAR033W,0,-2.8805287,0.5530303120613098,0.7300000190734863,0.05900000035762787
YLR264W,YDL244W,0,-2.8820295,0.5526116490364075,0.7300000190734863,0.05909999832510948
YOL044W,YGR212W,0,-2.8846447,0.5521936416625977,0.7300000190734863,0.05920000001788139
YGR040W,YDR456W,0,-2.8849218,0.5517762899398804,0.7300000190734863,0.059300001710653305
YFR019W,YOR081C,1,-2.8858697,0.5521147847175598,0.7310000061988831,0.059300001710653305
YBR145W,YOR367W,0,-2.8887355,0.5516980886459351,0.7310000061988831,0.05939999967813492
YKL008C,YER125W,1,-2.8896484,0.5520362257957458,0.7319999933242798,0.05939999967813492
YDR434W,YKL055C,1,-2.890513,0.5523737668991089,0.7329999804496765,0.05939999967813492
YCR084C,YGL255W,0,-2.8913443,0.5519578456878662,0.7329999804496765,0.05950000137090683
YNR059W,YOR386W,0,-2.8916018,0.5515425205230713,0.7329999804496765,0.05959999933838844
YLR405W,YMR175W,0,-2.89378,0.5511277914047241,0.7329999804496765,0.059700001031160355
YNL059C,YAR033W,0,-2.896804,0.5507137775421143,0.7329999804496765,0.05979999899864197
YEL030W,YGR103W,0,-2.8981745,0.5503003001213074,0.7329999804496765,0.05990000069141388
YBR090C-A,YJL004C,0,-2.8993208,0.549887478351593,0.7329999804496765,0.05999999865889549
YLR332W,YFL049W,0,-2.903226,0.5494752526283264,0.7329999804496765,0.060100000351667404
YGL017W,YNL149C,0,-2.9033525,0.5490636825561523,0.7329999804496765,0.06019999831914902
YFL018C,YDL120W,0,-2.9033625,0.548652708530426,0.7329999804496765,0.06030000001192093
YLR246W,YOR117W,0,-2.9037883,0.5482423305511475,0.7329999804496765,0.06040000170469284
YIL042C,YIL118W,0,-2.9081883,0.5478326082229614,0.7329999804496765,0.060499999672174454
YBR106W,YNL311C,0,-2.9105437,0.5474234223365784,0.7329999804496765,0.060600001364946365
YBR070C,YGL240W,0,-2.9110208,0.5470149517059326,0.7329999804496765,0.06069999933242798
YGL180W,YER051W,0,-2.9113102,0.5466070175170898,0.7329999804496765,0.06080000102519989
YNL314W,YHL007C,0,-2.912591,0.5461996793746948,0.7329999804496765,0.0608999989926815
YJR065C,YLR141W,0,-2.912741,0.5457929968833923,0.7329999804496765,0.061000000685453415
YMR201C,YLR132C,0,-2.9128368,0.5453869104385376,0.7329999804496765,0.06109999865293503
YPL048W,YKL119C,0,-2.915235,0.5449814200401306,0.7329999804496765,0.06120000034570694
YJL170C,YPL050C,0,-2.9183867,0.5445765256881714,0.7329999804496765,0.06129999831318855
YBR112C,YDR369C,0,-2.9191716,0.5441722273826599,0.7329999804496765,0.061400000005960464
YGR037C,YLR023C,1,-2.9220908,0.5445103645324707,0.734000027179718,0.061400000005960464
YBR260C,YGL210W,0,-2.923,0.5441067218780518,0.734000027179718,0.061500001698732376
YNL103W,YML131W,0,-2.9231098,0.5437036752700806,0.734000027179718,0.06159999966621399
YCL066W,YFR004W,0,-2.9283593,0.5433012843132019,0.734000027179718,0.0617000013589859
YMR047C,YBR186W,0,-2.9303977,0.5428994297981262,0.734000027179718,0.061799999326467514
YGR231C,YIL114C,0,-2.9317958,0.5424981713294983,0.734000027179718,0.061900001019239426
YPL130W,YPL042C,0,-2.931873,0.5420975089073181,0.734000027179718,0.06199999898672104
YGL012W,YAL051W,1,-2.932794,0.5424354076385498,0.7350000143051147,0.06199999898672104
YGL206C,YBR214W,0,-2.9329658,0.5420354008674622,0.7350000143051147,0.06210000067949295
YHR133C,YEL050C,1,-2.9340408,0.5423728823661804,0.7360000014305115,0.06210000067949295
YBR066C,YOR340C,0,-2.9340744,0.5419734716415405,0.7360000014305115,0.062199998646974564
YER119C,YNL246W,0,-2.9361804,0.5415747165679932,0.7360000014305115,0.062300000339746475
YBR164C,YBR080C,0,-2.9380534,0.5411764979362488,0.7360000014305115,0.06239999830722809
YHR094C,YNL318C,0,-2.938608,0.5407788157463074,0.7360000014305115,0.0625
YBL099W,YOL042W,0,-2.939065,0.5403817892074585,0.7360000014305115,0.06260000169277191
YHR133C,YKL055C,1,-2.9391987,0.5407189726829529,0.7369999885559082,0.06260000169277191
YLR207W,YBR223C,0,-2.9405086,0.5403226017951965,0.7369999885559082,0.06270000338554382
YDR208W,YOL138C,0,-2.9406035,0.5399267673492432,0.7369999885559082,0.06279999762773514
YDR147W,YOR221C,1,-2.9406312,0.5402635335922241,0.7379999756813049,0.06279999762773514
YPR037C,YJL133W,0,-2.9407518,0.5398682951927185,0.7379999756813049,0.06289999932050705
YML113W,YBL102W,0,-2.9420502,0.5394737124443054,0.7379999756813049,0.06300000101327896
YLR100W,YBL039C,1,-2.942571,0.539810061454773,0.7390000224113464,0.06300000101327896
YAL022C,YML038C,0,-2.944517,0.5394160747528076,0.7390000224113464,0.06310000270605087
YPR138C,YIL147C,0,-2.9445684,0.5390226244926453,0.7390000224113464,0.06319999694824219
YGL187C,YLR165C,0,-2.9447987,0.5386297106742859,0.7390000224113464,0.0632999986410141
YLL006W,YER072W,0,-2.9468434,0.538237452507019,0.7390000224113464,0.06340000033378601
YFR052W,YKR001C,0,-2.9471796,0.5378457307815552,0.7390000224113464,0.06350000202655792
YNL326C,YMR267W,0,-2.948506,0.5374545454978943,0.7390000224113464,0.06360000371932983
YJR060W,YGR086C,0,-2.9486856,0.5370639562606812,0.7390000224113464,0.06369999796152115
YOR363C,YJR019C,1,-2.949024,0.5374001264572144,0.7400000095367432,0.06369999796152115
YBR038W,YBR112C,0,-2.949704,0.537010133266449,0.7400000095367432,0.06379999965429306
YML042W,YMR091C,0,-2.9503613,0.5366207361221313,0.7400000095367432,0.06390000134706497
YKR046C,YIR022W,0,-2.9504776,0.5362318754196167,0.7400000095367432,0.06400000303983688
YDL008W,YNL066W,0,-2.952492,0.5358436107635498,0.7400000095367432,0.0640999972820282
YAL021C,YOL142W,0,-2.9530036,0.5354558825492859,0.7400000095367432,0.06419999897480011
YLR276C,YGR075C,0,-2.9532173,0.535068690776825,0.7400000095367432,0.06430000066757202
YER056C,YIR025W,0,-2.9544299,0.5346820950508118,0.7400000095367432,0.06440000236034393
YHR186C,YCR106W,0,-2.9585245,0.5342960357666016,0.7400000095367432,0.06449999660253525
YJR013W,YGR170W,1,-2.9596221,0.5346320271492004,0.7409999966621399,0.06449999660253525
YOR298W,YGR143W,1,-2.9604833,0.5349675416946411,0.7419999837875366,0.06449999660253525
YLL013C,YKL028W,0,-2.961817,0.5345821380615234,0.7419999837875366,0.06459999829530716
YPL128C,YOR356W,0,-2.962357,0.5341972708702087,0.7419999837875366,0.06469999998807907
YCR034W,YMR207C,1,-2.9632945,0.534532368183136,0.7429999709129333,0.06469999998807907
YLR380W,YIL095W,0,-2.9637487,0.534148097038269,0.7429999709129333,0.06480000168085098
YDR463W,YIL029C,0,-2.965237,0.5337643623352051,0.7429999709129333,0.0649000033736229
YNL278W,YLR291C,0,-2.9658735,0.5333811640739441,0.7429999709129333,0.06499999761581421
YOL064C,YPL210C,0,-2.9668396,0.5329985618591309,0.7429999709129333,0.06509999930858612
YPL155C,YNL197C,0,-2.9673922,0.5326164960861206,0.7429999709129333,0.06520000100135803
YDR299W,YBR182C,0,-2.967928,0.5322349667549133,0.7429999709129333,0.06530000269412994
YLR088W,YNL106C,1,-2.968294,0.5325697660446167,0.7440000176429749,0.06530000269412994
YMR068W,YLR453C,0,-2.968601,0.5321888327598572,0.7440000176429749,0.06539999693632126
YER155C,YCR065W,0,-2.9690933,0.5318084359169006,0.7440000176429749,0.06549999862909317
YNL025C,YHR070W,0,-2.9744437,0.5314285755157471,0.7440000176429749,0.06560000032186508
YEL063C,YMR036C,0,-2.9785483,0.5310492515563965,0.7440000176429749,0.065700002014637
YDR092W,YGL227W,0,-2.9796867,0.5306704640388489,0.7440000176429749,0.0658000037074089
YBR058C-A,YBR006W,1,-2.9798265,0.5310049653053284,0.7450000047683716,0.0658000037074089
YMR208W,YBR058C-A,1,-2.9832668,0.5313390493392944,0.7459999918937683,0.0658000037074089
YOL089C,YBR022W,0,-2.983822,0.5309608578681946,0.7459999918937683,0.06589999794960022
YGL175C,YDL212W,0,-2.9850307,0.5305832028388977,0.7459999918937683,0.06599999964237213
YAR019C,YPR054W,0,-2.9879029,0.5302060842514038,0.7459999918937683,0.06610000133514404
YLR231C,YBR223C,0,-2.988116,0.5298295617103577,0.7459999918937683,0.06620000302791595
YNL021W,YMR004W,0,-2.9887626,0.5294535160064697,0.7459999918937683,0.06629999727010727
YFL025C,YDR147W,1,-2.9891427,0.5297872424125671,0.746999979019165,0.06629999727010727
YIL048W,YIL063C,0,-2.9897387,0.529411792755127,0.746999979019165,0.06639999896287918
YDR254W,YJL168C,0,-2.990278,0.529036819934845,0.746999979019165,0.06650000065565109
YJL146W,YPR036W,0,-2.9903553,0.5286624431610107,0.746999979019165,0.066600002348423
YLR133W,YDR018C,1,-2.9904401,0.5289957523345947,0.7480000257492065,0.066600002348423
YBL098W,YGR169C,0,-2.9926927,0.5286219120025635,0.7480000257492065,0.06669999659061432
YBR297W,YGR054W,0,-2.9960515,0.5282486081123352,0.7480000257492065,0.06679999828338623
YBR207W,YGR268C,0,-2.9968874,0.5278757810592651,0.7480000257492065,0.06689999997615814
YGR041W,YNL327W,0,-2.99703,0.5275035500526428,0.7480000257492065,0.06700000166893005
YKL208W,YMR263W,0,-2.9999483,0.5271317958831787,0.7480000257492065,0.06710000336170197
YAL021C,YBR107C,0,-3.0011952,0.5267605781555176,0.7480000257492065,0.06719999760389328
YGR037C,YDL109C,1,-3.0017014,0.5270935893058777,0.7490000128746033,0.06719999760389328
YDL100C,YCR061W,0,-3.0032213,0.5267229080200195,0.7490000128746033,0.06729999929666519
YLR228C,YNR008W,1,-3.0034587,0.5270555019378662,0.75,0.06729999929666519
YML038C,YER005W,0,-3.0051405,0.5266854166984558,0.75,0.0674000009894371
YDL109C,YMR210W,1,-3.0074131,0.5270175337791443,0.7509999871253967,0.0674000009894371
YCR005C,YOR008C,0,-3.0078645,0.5266479849815369,0.7509999871253967,0.06750000268220901
YML104C,YGL226C-A,0,-3.008888,0.5262789130210876,0.7509999871253967,0.06759999692440033
YLR080W,YNL313C,0,-3.0094767,0.5259103775024414,0.7509999871253967,0.06769999861717224
YGR268C,YLR320W,0,-3.0096977,0.5255423188209534,0.7509999871253967,0.06780000030994415
YKL170W,YAR009C,0,-3.009824,0.5251747965812683,0.7509999871253967,0.06790000200271606
YGL062W,YKL014C,0,-3.0099592,0.5248078107833862,0.7509999871253967,0.06800000369548798
YBR161W,YBR004C,1,-3.0110085,0.5251396894454956,0.7519999742507935,0.06800000369548798
YOL101C,YGR170W,1,-3.015722,0.525471031665802,0.753000020980835,0.06800000369548798
YDR343C,YDR472W,0,-3.0159647,0.5251045823097229,0.753000020980835,0.06809999793767929
YBR111W-A,YHR048W,0,-3.0178156,0.5247386693954468,0.753000020980835,0.0681999996304512
YEL016C,YPL283C,0,-3.0182273,0.5243732333183289,0.753000020980835,0.06830000132322311
YBR080C,YLR181C,0,-3.0193655,0.5240083336830139,0.753000020980835,0.06840000301599503
YBR135W,YBR169C,0,-3.020714,0.523643970489502,0.753000020980835,0.06849999725818634
YNL101W,YJL095W,0,-3.0230343,0.5232800841331482,0.753000020980835,0.06859999895095825
YGL116W,YPR155C,0,-3.0263422,0.5229166746139526,0.753000020980835,0.06870000064373016
YJL053W,YKL075C,0,-3.0263484,0.5225538015365601,0.753000020980835,0.06880000233650208
YJL109C,YIL029C,0,-3.030295,0.5221914052963257,0.753000020980835,0.06889999657869339
YNL307C,YOR147W,0,-3.0309684,0.5218295454978943,0.753000020980835,0.0689999982714653
YNL101W,YLR132C,0,-3.0315995,0.5214681625366211,0.753000020980835,0.06909999996423721
YDR236C,YDL135C,0,-3.0330367,0.5211072564125061,0.753000020980835,0.06920000165700912
YMR301C,YBR240C,0,-3.0333683,0.5207468867301941,0.753000020980835,0.06930000334978104
YNR017W,YBR240C,0,-3.0334156,0.5203869938850403,0.753000020980835,0.06939999759197235
YLR342W,YBR296C,0,-3.033685,0.5200276374816895,0.753000020980835,0.06949999928474426
YAL029C,YML031W,0,-3.0341737,0.5196687579154968,0.753000020980835,0.06960000097751617
YLR132C,YLR301W,0,-3.034298,0.5193103551864624,0.753000020980835,0.06970000267028809
YGR279C,YPR198W,0,-3.034949,0.5189524292945862,0.753000020980835,0.0697999969124794
YGR256W,YDL046W,0,-3.0352676,0.5185950398445129,0.753000020980835,0.06989999860525131
YCR071C,YDL087C,0,-3.0370593,0.5182381272315979,0.753000020980835,0.07000000029802322
YIL124W,YJR110W,1,-3.0372238,0.5185694694519043,0.7540000081062317,0.07000000029802322
YHR079C,YGR104C,0,-3.0392182,0.5182130336761475,0.7540000081062317,0.07010000199079514
YIL062C,YML023C,0,-3.0392392,0.5178571343421936,0.7540000081062317,0.07020000368356705
YKR003W,YDR018C,1,-3.0399435,0.5181880593299866,0.7549999952316284,0.07020000368356705
YGR157W,YLR450W,1,-3.043681,0.5185185074806213,0.7559999823570251,0.07020000368356705
YJL053W,YBR250W,0,-3.043796,0.5181631445884705,0.7559999823570251,0.07029999792575836
YNL036W,YGL111W,0,-3.0441053,0.517808198928833,0.7559999823570251,0.07039999961853027
YKL005C,YHL038C,0,-3.0470035,0.5174537897109985,0.7559999823570251,0.07050000131130219
YLR175W,YML092C,0,-3.0476577,0.5170998573303223,0.7559999823570251,0.0706000030040741
YLR189C,YOR149C,1,-3.0482647,0.5174299478530884,0.7570000290870667,0.0706000030040741
YLL035W,YIL109C,0,-3.049136,0.5170764923095703,0.7570000290870667,0.07069999724626541
YMR232W,YHR090C,0,-3.0502641,0.5167235732078552,0.7570000290870667,0.07079999893903732
YCL017C,YJR135W-A,0,-3.051338,0.5163710713386536,0.7570000290870667,0.07090000063180923
YDL051W,YMR149W,0,-3.0547671,0.5160191059112549,0.7570000290870667,0.07100000232458115
YLR189C,YKR009C,1,-3.0556085,0.5163487792015076,0.7580000162124634,0.07100000232458115
YNR017W,YCR073C,0,-3.0576563,0.5159972906112671,0.7580000162124634,0.07109999656677246
YNL311C,YBR182C,0,-3.0578709,0.5156462788581848,0.7580000162124634,0.07119999825954437
YMR267W,YOR380W,0,-3.0587301,0.5152957439422607,0.7580000162124634,0.07129999995231628
YKL029C,YGL067W,0,-3.0606055,0.5149456262588501,0.7580000162124634,0.0714000016450882
YHR072W,YKR031C,1,-3.0620725,0.5152749419212341,0.7590000033378601,0.0714000016450882
YHL019C,YDR356W,0,-3.0638316,0.5149253606796265,0.7590000033378601,0.07150000333786011
YBR038W,YKL079W,0,-3.0642188,0.514576256275177,0.7590000033378601,0.07159999758005142
YLR138W,YJR004C,0,-3.0650656,0.5142276287078857,0.7590000033378601,0.07169999927282333
YDR218C,YPL139C,0,-3.0650704,0.5138794779777527,0.7590000033378601,0.07180000096559525
YAL055W,YBR237W,0,-3.0652783,0.5135318040847778,0.7590000033378601,0.07190000265836716
YGR038W,YLR329W,0,-3.0659254,0.5131846070289612,0.7590000033378601,0.07199999690055847
YDR252W,YLR424W,0,-3.0659611,0.512837827205658,0.7590000033378601,0.07209999859333038
YOR099W,YLL013C,0,-3.0661101,0.5124915838241577,0.7590000033378601,0.0722000002861023
YNR044W,YIL135C,0,-3.0691786,0.5121457576751709,0.7590000033378601,0.0723000019788742
YBR038W,YIL105C,0,-3.069186,0.5118004083633423,0.7590000033378601,0.07240000367164612
YDL175C,YBL103C,0,-3.0738895,0.5114555358886719,0.7590000033378601,0.07249999791383743
YPL119C,YPL127C,0,-3.0742285,0.5111111402511597,0.7590000033378601,0.07259999960660934
YJL129C,YOR003W,0,-3.0755484,0.5107671618461609,0.7590000033378601,0.07270000129938126
YBL032W,YGR169C,0,-3.0771601,0.5104236602783203,0.7590000033378601,0.07280000299215317
YCL017C,YLR316C,0,-3.077226,0.5100806355476379,0.7590000033378601,0.07289999723434448
YJR118C,YHR181W,0,-3.0805027,0.5097380876541138,0.7590000033378601,0.0729999989271164
YDL007W,YJR004C,0,-3.0807276,0.509395956993103,0.7590000033378601,0.0731000006198883
YPR182W,YML124C,0,-3.080773,0.5090543031692505,0.7590000033378601,0.07320000231266022
YFL034C-B,YKL062W,0,-3.083452,0.5087131261825562,0.7590000033378601,0.07329999655485153
YEL066W,YDR300C,0,-3.084738,0.50837242603302,0.7590000033378601,0.07339999824762344
YGL236C,YBL041W,0,-3.0853302,0.5080321431159973,0.7590000033378601,0.07349999994039536
YBR039W,YKL110C,0,-3.0856345,0.5076923370361328,0.7590000033378601,0.07360000163316727
YER015W,YNL009W,1,-3.0877624,0.5080214142799377,0.7599999904632568,0.07360000163316727
YPL076W,YLR305C,1,-3.0882442,0.5083500146865845,0.7609999775886536,0.07360000163316727
YBR085W,YKL081W,0,-3.0889897,0.5080106854438782,0.7609999775886536,0.07370000332593918
YGR249W,YMR134W,0,-3.0896251,0.5076717734336853,0.7609999775886536,0.0737999975681305
YDR097C,YNL036W,0,-3.090943,0.5073333382606506,0.7609999775886536,0.0738999992609024
YCR063W,YGL054C,0,-3.091962,0.5069953203201294,0.7609999775886536,0.07400000095367432
YDR281C,YHR181W,0,-3.093167,0.5066577792167664,0.7609999775886536,0.07410000264644623
YLR028C,YPL227C,0,-3.093193,0.5063207149505615,0.7609999775886536,0.07419999688863754
YCR075C,YJR050W,0,-3.0936425,0.5059840679168701,0.7609999775886536,0.07429999858140945
YHR026W,YBL102W,0,-3.0942152,0.5056478381156921,0.7609999775886536,0.07440000027418137
YDR147W,YGL126W,1,-3.095104,0.5059760808944702,0.7620000243186951,0.07440000027418137
YGR101W,YHR041C,0,-3.0952876,0.5056403279304504,0.7620000243186951,0.07450000196695328
YHR030C,YPR139C,0,-3.0962884,0.5053050518035889,0.7620000243186951,0.07460000365972519
YJL214W,YFL017W-A,0,-3.097586,0.5049701929092407,0.7620000243186951,0.0746999979019165
YGR286C,YGL246C,0,-3.0986354,0.504635751247406,0.7620000243186951,0.07479999959468842
YDR284C,YLR240W,1,-3.0988386,0.5049635767936707,0.7630000114440918,0.07479999959468842
YOL147C,YJR110W,1,-3.0998976,0.5052909851074219,0.7639999985694885,0.07479999959468842
YOL147C,YMR272C,1,-3.100249,0.5056179761886597,0.7649999856948853,0.07479999959468842
YBR132C,YMR207C,1,-3.100808,0.5059444904327393,0.765999972820282,0.07479999959468842
YGR121C,YNL129W,0,-3.1016266,0.5056105852127075,0.765999972820282,0.07490000128746033
YPL210C,YEL004W,0,-3.102529,0.5052770376205444,0.765999972820282,0.07500000298023224
YMR162C,YDR294C,1,-3.102908,0.5056031346321106,0.7670000195503235,0.07500000298023224
YHR171W,YLR270W,0,-3.1050153,0.5052700638771057,0.7670000195503235,0.07509999722242355
YEL027W,YKL060C,0,-3.1052468,0.504937469959259,0.7670000195503235,0.07519999891519547
YER114C,YPL214C,0,-3.1057043,0.504605233669281,0.7670000195503235,0.07530000060796738
YGR239C,YBL061C,0,-3.108474,0.504273533821106,0.7670000195503235,0.07540000230073929
YPL212C,YMR322C,0,-3.113022,0.5039421916007996,0.7670000195503235,0.0754999965429306
YPR037C,YMR292W,0,-3.1132133,0.5036112666130066,0.7670000195503235,0.07559999823570251
YOR037W,YCL020W,0,-3.1133423,0.5032808184623718,0.7670000195503235,0.07569999992847443
YPL188W,YPL010W,0,-3.1138258,0.5029508471488953,0.7670000195503235,0.07580000162124634
YMR119W,YHR012W,0,-3.1168394,0.5026212334632874,0.7670000195503235,0.07590000331401825
YGL048C,YER072W,0,-3.1189334,0.5022920966148376,0.7670000195503235,0.07599999755620956
YDR258C,YNL304W,0,-3.119234,0.5019633769989014,0.7670000195503235,0.07609999924898148
YKL019W,YOR132W,0,-3.1230333,0.5016350746154785,0.7670000195503235,0.07620000094175339
YMR100W,YML131W,0,-3.1232135,0.5013071894645691,0.7670000195503235,0.0763000026345253
YGL054C,YGR004W,0,-3.1259918,0.5009797811508179,0.7670000195503235,0.07639999687671661
YLL019C,YIR022W,0,-3.1270156,0.5006527304649353,0.7670000195503235,0.07649999856948853
YER027C,YOR181W,0,-3.1302626,0.5003261566162109,0.7670000195503235,0.07660000026226044
YPL110C,YBL039C,1,-3.130483,0.5006518959999084,0.7680000066757202,0.07660000026226044
YML121W,YJR043C,0,-3.1306827,0.5003257393836975,0.7680000066757202,0.07670000195503235
YBR294W,YOR272W,0,-3.1317399,0.5,0.7680000066757202,0.07680000364780426
YLR034C,YNL263C,0,-3.1319258,0.4996746778488159,0.7680000066757202,0.07689999788999557
YHR176W,YCR058C,0,-3.1320674,0.49934980273246765,0.7680000066757202,0.07699999958276749
YNR067C,YOL113W,0,-3.1325648,0.4990253448486328,0.7680000066757202,0.0771000012755394
YJL168C,YNL049C,0,-3.1329207,0.4987013041973114,0.7680000066757202,0.07720000296831131
YDR206W,YDL223C,0,-3.1354153,0.4983776807785034,0.7680000066757202,0.07729999721050262
YOR171C,YGL126W,1,-3.1361449,0.4987029731273651,0.7689999938011169,0.07729999721050262
YCR098C,YLR337C,0,-3.1376765,0.49837976694107056,0.7689999938011169,0.07739999890327454
YIL049W,YBR171W,0,-3.1428204,0.4980570077896118,0.7689999938011169,0.07750000059604645
YOR380W,YMR149W,0,-3.1434944,0.4977346360683441,0.7689999938011169,0.07760000228881836
YFR055W,YNL082W,0,-3.144567,0.49741268157958984,0.7689999938011169,0.07769999653100967
YDR376W,YIL129C,0,-3.1453433,0.497091144323349,0.7689999938011169,0.07779999822378159
YLR380W,YMR060C,0,-3.1468523,0.4967700242996216,0.7689999938011169,0.0778999999165535
YBR021W,YLR052W,0,-3.1474862,0.4964493215084076,0.7689999938011169,0.07800000160932541
YER119C,YLR224W,0,-3.1503756,0.49612903594970703,0.7689999938011169,0.07810000330209732
YLR390W-A,YDL232W,0,-3.1510408,0.4958091676235199,0.7689999938011169,0.07819999754428864
YBR114W,YHR203C,0,-3.152272,0.4954896867275238,0.7689999938011169,0.07829999923706055
YIR037W,YML021C,0,-3.1542683,0.49517062306404114,0.7689999938011169,0.07840000092983246
YCR098C,YJL059W,0,-3.154307,0.4948520064353943,0.7689999938011169,0.07850000262260437
YCR106W,YFL005W,0,-3.1551225,0.4945337474346161,0.7689999938011169,0.07859999686479568
YFR019W,YPL057C,1,-3.155176,0.49485862255096436,0.7699999809265137,0.07859999686479568
YJR025C,YJR091C,0,-3.156063,0.4945407807826996,0.7699999809265137,0.0786999985575676
YJR091C,YNL126W,0,-3.1561415,0.49422335624694824,0.7699999809265137,0.07880000025033951
YNL135C,YMR266W,0,-3.1597643,0.4939063489437103,0.7699999809265137,0.07890000194311142
YBR029C,YOL011W,1,-3.1603785,0.4942307770252228,0.7710000276565552,0.07890000194311142
YML031W,YDL224C,0,-3.1608472,0.4939141571521759,0.7710000276565552,0.07900000363588333
YKL025C,YGR109W-A,0,-3.1616526,0.49359795451164246,0.7710000276565552,0.07909999787807465
YIL013C,YDR395W,0,-3.1645384,0.49328213930130005,0.7710000276565552,0.07919999957084656
YDL142C,YKL150W,1,-3.1663454,0.4936061501502991,0.7720000147819519,0.07919999957084656
YGL051W,YDR515W,0,-3.166622,0.4932907223701477,0.7720000147819519,0.07930000126361847
YER159C,YPR009W,0,-3.1707866,0.49297574162483215,0.7720000147819519,0.07940000295639038
YOR180C,YDR191W,1,-3.1714938,0.49329930543899536,0.7730000019073486,0.07940000295639038
YIL033C,YAL022C,0,-3.1748908,0.49298468232154846,0.7730000019073486,0.0794999971985817
YGR007W,YLR240W,1,-3.1777294,0.49330782890319824,0.7739999890327454,0.0794999971985817
YDR423C,YMR149W,0,-3.1789615,0.49299362301826477,0.7739999890327454,0.07959999889135361
YER095W,YDR498C,0,-3.1797812,0.4926798343658447,0.7739999890327454,0.07970000058412552
YOL049W,YKL138C-A,0,-3.1800926,0.49236640334129333,0.7739999890327454,0.07980000227689743
YGL175C,YIL144W,0,-3.1813195,0.49205338954925537,0.7739999890327454,0.07989999651908875
YDL076C,YDR293C,0,-3.1844637,0.49174079298973083,0.7739999890327454,0.07999999821186066
YMR186W,YMR046C,0,-3.1891863,0.49142858386039734,0.7739999890327454,0.08009999990463257
YOL077W-A,YMR234W,0,-3.1904547,0.4911167621612549,0.7739999890327454,0.08020000159740448
YDL188C,YPL144W,0,-3.1905093,0.49080532789230347,0.7739999890327454,0.08030000329017639
YNL139C,YMR045C,0,-3.1915848,0.4904943108558655,0.7739999890327454,0.0803999975323677
YGL178W,YLR383W,0,-3.1925442,0.49018365144729614,0.7739999890327454,0.08049999922513962
YPL249C,YPL085W,0,-3.1930296,0.48987340927124023,0.7739999890327454,0.08060000091791153
YLR192C,YJL210W,0,-3.1938775,0.48956355452537537,0.7739999890327454,0.08070000261068344
YIL110W,YOL129W,0,-3.1960654,0.4892541170120239,0.7739999890327454,0.08079999685287476
YPR187W,YLR126C,0,-3.1996222,0.48894503712654114,0.7739999890327454,0.08089999854564667
YMR168C,YDR356W,0,-3.2008276,0.4886363744735718,0.7739999890327454,0.08100000023841858
YPR176C,YDL229W,0,-3.2032225,0.48832806944847107,0.7739999890327454,0.08110000193119049
YDL088C,YIL119C,0,-3.2037456,0.4880201816558838,0.7739999890327454,0.0812000036239624
YPL095C,YNL038W,1,-3.2042139,0.4883427917957306,0.7749999761581421,0.0812000036239624
YJL014W,YFL026W,0,-3.2083766,0.48803526163101196,0.7749999761581421,0.08129999786615372
YDR065W,YDR532C,0,-3.2088752,0.4877281188964844,0.7749999761581421,0.08139999955892563
YKL138C-A,YJR126C,0,-3.2107666,0.4874213933944702,0.7749999761581421,0.08150000125169754
YOL023W,YAL001C,0,-3.211476,0.4871150255203247,0.7749999761581421,0.08160000294446945
YDL132W,YLR154C,0,-3.21231,0.48680904507637024,0.7749999761581421,0.08169999718666077
YKL208W,YDR272W,0,-3.2138145,0.4865034520626068,0.7749999761581421,0.08179999887943268
YPR042C,YGR270W,0,-3.2156832,0.4861982464790344,0.7749999761581421,0.08190000057220459
YFR047C,YKL084W,0,-3.2171705,0.4858934283256531,0.7749999761581421,0.0820000022649765
YDR116C,YPL258C,0,-3.2177384,0.4855889678001404,0.7749999761581421,0.08209999650716782
YOR073W,YPR182W,0,-3.2185626,0.4852848947048187,0.7749999761581421,0.08219999819993973
YOR033C,YLR060W,0,-3.2188134,0.4849812388420105,0.7749999761581421,0.08229999989271164
YER061C,YER125W,1,-3.2217884,0.4853033125400543,0.7760000228881836,0.08229999989271164
YNL251C,YFR003C,0,-3.2229342,0.48500001430511475,0.7760000228881836,0.08240000158548355
YGL142C,YDR503C,1,-3.223788,0.48532167077064514,0.7770000100135803,0.08240000158548355
YGR178C,YAL055W,0,-3.2240307,0.4850187301635742,0.7770000100135803,0.08250000327825546
YDR147W,YOR171C,1,-3.2246888,0.4853399991989136,0.777999997138977,0.08250000327825546
YFL049W,YER024W,0,-3.2256033,0.4850374162197113,0.777999997138977,0.08259999752044678
YER053C,YLR426W,0,-3.226127,0.4847351908683777,0.777999997138977,0.08269999921321869
YLL001W,YOL138C,0,-3.227195,0.4844333827495575,0.777999997138977,0.0828000009059906
YGR220C,YLR346C,0,-3.2274997,0.48413193225860596,0.777999997138977,0.08290000259876251
YGR157W,YJL062W,1,-3.2287781,0.4844527244567871,0.7789999842643738,0.08290000259876251
YHR094C,YJL063C,0,-3.2299166,0.4841516613960266,0.7789999842643738,0.08299999684095383
YML048W,YOL094C,0,-3.2302022,0.4838509261608124,0.7789999842643738,0.08309999853372574
YOL003C,YDL140C,0,-3.2303069,0.4835505783557892,0.7789999842643738,0.08320000022649765
YMR264W,YBR020W,0,-3.2308595,0.48325061798095703,0.7789999842643738,0.08330000191926956
YIL159W,YPL130W,0,-3.231509,0.48295101523399353,0.7789999842643738,0.08340000361204147
YOR181W,YNL119W,0,-3.2326534,0.48265179991722107,0.7789999842643738,0.08349999785423279
YKL170W,YBL100W-A,0,-3.234138,0.48235294222831726,0.7789999842643738,0.0835999995470047
YPL265W,YCL032W,0,-3.2352378,0.4820544421672821,0.7789999842643738,0.08370000123977661
YDL212W,YLR139C,0,-3.2356393,0.481756329536438,0.7789999842643738,0.08380000293254852
YOR027W,YPL163C,0,-3.2357318,0.4814586043357849,0.7789999842643738,0.08389999717473984
YAL044C,YNL046W,0,-3.236307,0.4811612069606781,0.7789999842643738,0.08399999886751175
YPL255W,YDL230W,0,-3.237937,0.48086419701576233,0.7789999842643738,0.08410000056028366
YBL011W,YPR173C,1,-3.2386997,0.4811844527721405,0.7799999713897705,0.08410000056028366
YBR159W,YOR298W,1,-3.2405894,0.48150432109832764,0.781000018119812,0.08410000056028366
YBL042C,YOR373W,0,-3.242757,0.48120763897895813,0.781000018119812,0.08420000225305557
YOR095C,YOR137C,0,-3.2437904,0.48091134428977966,0.781000018119812,0.08429999649524689
YER036C,YMR081C,0,-3.243937,0.48061537742614746,0.781000018119812,0.0843999981880188
YPL268W,YML021C,0,-3.244639,0.4803197979927063,0.781000018119812,0.08449999988079071
YGR055W,YIL082W-A,0,-3.245114,0.4800245761871338,0.781000018119812,0.08460000157356262
YLR450W,YOL147C,1,-3.2457938,0.4803439676761627,0.7820000052452087,0.08460000157356262
YBR077C,YDR484W,0,-3.2468832,0.48004910349845886,0.7820000052452087,0.08470000326633453
YLL006W,YOR212W,0,-3.24713,0.47975459694862366,0.7820000052452087,0.08479999750852585
YCL004W,YJR103W,1,-3.2484958,0.48007357120513916,0.7829999923706055,0.08479999750852585
YGL187C,YIR018W,0,-3.2497027,0.4797794222831726,0.7829999923706055,0.08489999920129776
YBR161W,YBR030W,1,-3.2498405,0.4800979793071747,0.7839999794960022,0.08489999920129776
YDL080C,YDR453C,0,-3.2501714,0.4798041582107544,0.7839999794960022,0.08500000089406967
YCR094W,YML059C,1,-3.2522662,0.48012232780456543,0.7850000262260437,0.08500000089406967
YCR094W,YOL147C,1,-3.252525,0.4804401099681854,0.7860000133514404,0.08500000089406967
YGL129C,YER072W,0,-3.2527506,0.4801466166973114,0.7860000133514404,0.08510000258684158
YOR386W,YGR183C,0,-3.253806,0.47985348105430603,0.7860000133514404,0.0851999968290329
YLR092W,YLR409C,0,-3.254411,0.4795607030391693,0.7860000133514404,0.08529999852180481
YLL006W,YLR362W,0,-3.2573915,0.47926828265190125,0.7860000133514404,0.08540000021457672
YGL181W,YHR079C,0,-3.2609308,0.47897621989250183,0.7860000133514404,0.08550000190734863
YDR225W,YLL040C,0,-3.2610707,0.47868454456329346,0.7860000133514404,0.08560000360012054
YJR155W,YNL290W,0,-3.2629452,0.47839319705963135,0.7860000133514404,0.08569999784231186
YLR380W,YCL044C,0,-3.264183,0.4781021773815155,0.7860000133514404,0.08579999953508377
YLR153C,YBR295W,0,-3.2645729,0.4778115451335907,0.7860000133514404,0.08590000122785568
YPL096C-A,YBR265W,1,-3.2649343,0.4781287908554077,0.7870000004768372,0.08590000122785568
YGL180W,YGR122W,0,-3.2661564,0.4778384864330292,0.7870000004768372,0.0860000029206276
YOR310C,YNL311C,0,-3.266301,0.4775485396385193,0.7870000004768372,0.08609999716281891
YLR205C,YGR135W,0,-3.2666051,0.47725895047187805,0.7870000004768372,0.08619999885559082
YKL084W,YJL059W,0,-3.2667193,0.4769696891307831,0.7870000004768372,0.08630000054836273
YOL077W-A,YDL232W,0,-3.267363,0.47668078541755676,0.7870000004768372,0.08640000224113464
YHR160C,YGR063C,0,-3.268616,0.4763922393321991,0.7870000004768372,0.08649999648332596
YDL085W,YGR141W,0,-3.2688189,0.4761040508747101,0.7870000004768372,0.08659999817609787
YKR061W,YIL013C,0,-3.2703066,0.47581619024276733,0.7870000004768372,0.08669999986886978
YCL004W,YBL011W,1,-3.270396,0.47613292932510376,0.7879999876022339,0.08669999986886978
YFL031W,YDR191W,1,-3.272672,0.47644928097724915,0.7889999747276306,0.08669999986886978
YDL022W,YLR208W,0,-3.2736814,0.47616174817085266,0.7889999747276306,0.0868000015616417
YPR083W,YLR139C,0,-3.2741547,0.47587454319000244,0.7889999747276306,0.0869000032544136
YNL275W,YFL060C,0,-3.274912,0.4755876958370209,0.7889999747276306,0.08699999749660492
YDL164C,YPL119C,0,-3.2773511,0.47530120611190796,0.7889999747276306,0.08709999918937683
YEL016C,YDR300C,0,-3.278067,0.4750150442123413,0.7889999747276306,0.08720000088214874
YJL106W,YER041W,0,-3.279161,0.4747292399406433,0.7889999747276306,0.08730000257492065
YPL224C,YPL002C,0,-3.2805464,0.4744437634944916,0.7889999747276306,0.08739999681711197
YNR056C,YJL138C,0,-3.2821023,0.4741586446762085,0.7889999747276306,0.08749999850988388
YMR140W,YKL034W,0,-3.2840319,0.47387388348579407,0.7889999747276306,0.08760000020265579
YPL026C,YDR472W,0,-3.28678,0.4735894501209259,0.7889999747276306,0.0877000018954277
YMR208W,YLR305C,1,-3.2869084,0.47390520572662354,0.7900000214576721,0.0877000018954277
YPL096C-A,YJL062W,1,-3.288887,0.4742206335067749,0.7910000085830688,0.0877000018954277
YOR064C,YPL283C,0,-3.2890196,0.4739364981651306,0.7910000085830688,0.08780000358819962
YPL125W,YOL003C,0,-3.2892349,0.4736526906490326,0.7910000085830688,0.08789999783039093
YER164W,YML029W,0,-3.2895212,0.4733692407608032,0.7910000085830688,0.08799999952316284
YPL069C,YDR284C,1,-3.290525,0.4736842215061188,0.7919999957084656,0.08799999952316284
YCR106W,YOR043W,0,-3.2923338,0.4734010696411133,0.7919999957084656,0.08810000121593475
YNR067C,YDR532C,0,-3.2944255,0.47311827540397644,0.7919999957084656,0.08820000290870667
YLR144C,YJR139C,0,-3.2944872,0.47283580899238586,0.7919999957084656,0.08829999715089798
YPR008W,YLR035C,0,-3.294493,0.47255370020866394,0.7919999957084656,0.08839999884366989
YEL017C-A,YOL028C,0,-3.2954295,0.4722719192504883,0.7919999957084656,0.0885000005364418
YOL068C,YPR182W,0,-3.2955096,0.4719904661178589,0.7919999957084656,0.08860000222921371
YLR265C,YPL130W,0,-3.2958245,0.47170934081077576,0.7919999957084656,0.08869999647140503
YJL005W,YBR069C,0,-3.2958276,0.4714285731315613,0.7919999957084656,0.08879999816417694
YBR161W,YDR058C,1,-3.2963047,0.47174301743507385,0.7929999828338623,0.08879999816417694
YOR221C,YKL055C,1,-3.29738,0.4720570743083954,0.7940000295639038,0.08879999816417694
YER125W,YBL039C,1,-3.2985191,0.47237077355384827,0.7950000166893005,0.08879999816417694
YGR172C,YKR014C,0,-3.2996657,0.4720902740955353,0.7950000166893005,0.08889999985694885
YLR080W,YPL091W,0,-3.2998445,0.47181010246276855,0.7950000166893005,0.08900000154972076
YDR296W,YGR275W,0,-3.3028822,0.4715302586555481,0.7950000166893005,0.08910000324249268
YJR091C,YBR049C,0,-3.3038926,0.4712507426738739,0.7950000166893005,0.08919999748468399
YJL106W,YJL076W,0,-3.3059442,0.47097155451774597,0.7950000166893005,0.0892999991774559
YBR038W,YHL022C,0,-3.30627,0.4706927239894867,0.7950000166893005,0.08940000087022781
YML132W,YJL139C,0,-3.3090289,0.4704141914844513,0.7950000166893005,0.08950000256299973
YOR257W,YPL001W,0,-3.309458,0.47013601660728455,0.7950000166893005,0.08959999680519104
YMR208W,YBR030W,1,-3.3114166,0.47044917941093445,0.7960000038146973,0.08959999680519104
YCL011C,YLR035C,0,-3.3132849,0.4701713025569916,0.7960000038146973,0.08969999849796295
YPL218W,YER087C-B,0,-3.3155358,0.46989375352859497,0.7960000038146973,0.08980000019073486
YBR021W,YML011C,0,-3.316376,0.46961653232574463,0.7960000038146973,0.08990000188350677
YIL040W,YBL008W,0,-3.3172562,0.46933960914611816,0.7960000038146973,0.09000000357627869
YLR134W,YPL203W,0,-3.3197086,0.46906304359436035,0.7960000038146973,0.09009999781847
YJR040W,YDR311W,0,-3.3199048,0.4687868058681488,0.7960000038146973,0.09019999951124191
YBR164C,YBR294W,0,-3.3208177,0.4685108959674835,0.7960000038146973,0.09030000120401382
YGL192W,YBR117C,0,-3.3213198,0.4682352840900421,0.7960000038146973,0.09040000289678574
YGR204W,YMR172W,0,-3.3245661,0.46796002984046936,0.7960000038146973,0.09049999713897705
YIL033C,YOL055C,0,-3.325415,0.4676850736141205,0.7960000038146973,0.09059999883174896
YPR193C,YNL164C,0,-3.3257077,0.46741044521331787,0.7960000038146973,0.09070000052452087
YFR053C,YML039W,0,-3.3257153,0.4671361446380615,0.7960000038146973,0.09080000221729279
YLR350W,YPL283C,0,-3.3261552,0.46686217188835144,0.7960000038146973,0.0908999964594841
YLR079W,YLL017W,0,-3.326176,0.46658849716186523,0.7960000038146973,0.09099999815225601
YLR231C,YPL040C,0,-3.3263843,0.4663151800632477,0.7960000038146973,0.09109999984502792
YOR363C,YMR079W,1,-3.326393,0.4666276276111603,0.796999990940094,0.09109999984502792
YJL071W,YCR071C,0,-3.3271177,0.4663545787334442,0.796999990940094,0.09120000153779984
YBR183W,YNL045W,1,-3.3278332,0.46666666865348816,0.7979999780654907,0.09120000153779984
YCR018C,YIL129C,0,-3.3313217,0.46639391779899597,0.7979999780654907,0.09130000323057175
YLR144C,YOR129C,0,-3.3320282,0.46612149477005005,0.7979999780654907,0.09139999747276306
YNL036W,YBR022W,0,-3.332434,0.4658493995666504,0.7979999780654907,0.09149999916553497
YOR061W,YCL062W,0,-3.3339863,0.4655776023864746,0.7979999780654907,0.09160000085830688
YIL109C,YHR012W,0,-3.3343706,0.4653061330318451,0.7979999780654907,0.0917000025510788
YBL006C,YDR490C,0,-3.3350058,0.46503496170043945,0.7979999780654907,0.09179999679327011
YDR096W,YGR170W,1,-3.3356874,0.4653465449810028,0.7990000247955322,0.09179999679327011
YOR054C,YJL141C,0,-3.335712,0.46507567167282104,0.7990000247955322,0.09189999848604202
YBL098W,YBR048W,0,-3.336319,0.46480512619018555,0.7990000247955322,0.09200000017881393
YML032C,YDR443C,0,-3.336418,0.4645348787307739,0.7990000247955322,0.09210000187158585
YPR017C,YDL128W,0,-3.3369646,0.46426495909690857,0.7990000247955322,0.09220000356435776
YPL132W,YPL119C,0,-3.3373597,0.4639953672885895,0.7990000247955322,0.09229999780654907
YOR174W,YPL156C,0,-3.3384607,0.46372607350349426,0.7990000247955322,0.09239999949932098
YER035W,YLR246W,0,-3.3385491,0.4634570777416229,0.7990000247955322,0.0925000011920929
YAR014C,YDL147W,0,-3.340008,0.46318840980529785,0.7990000247955322,0.09260000288486481
YNL037C,YOL055C,0,-3.3407335,0.46292003989219666,0.7990000247955322,0.09269999712705612
YBR133C,YER165W,0,-3.3429184,0.4626519978046417,0.7990000247955322,0.09279999881982803
YML019W,YOL003C,0,-3.3441818,0.46238425374031067,0.7990000247955322,0.09290000051259995
YDL174C,YLR191W,0,-3.3462627,0.4621168375015259,0.7990000247955322,0.09300000220537186
YAL058W,YDR342C,0,-3.346463,0.46184971928596497,0.7990000247955322,0.09309999644756317
YPL096C-A,YDR213W,1,-3.347099,0.462160587310791,0.800000011920929,0.09309999644756317
YDL076C,YKL088W,0,-3.3479655,0.461893767118454,0.800000011920929,0.09319999814033508
YHL034C,YBR117C,0,-3.3494632,0.4616272449493408,0.800000011920929,0.093299999833107
YBR159W,YOR149C,1,-3.3504798,0.46193772554397583,0.8009999990463257,0.093299999833107
YGR134W,YJR102C,0,-3.3517416,0.46167147159576416,0.8009999990463257,0.0934000015258789
YHR053C,YJL187C,0,-3.3527005,0.46140551567077637,0.8009999990463257,0.09350000321865082
YDR194C,YLR148W,0,-3.3532434,0.46113988757133484,0.8009999990463257,0.09359999746084213
YER014C-A,YLR381W,0,-3.3553216,0.4608745574951172,0.8009999990463257,0.09369999915361404
YHR150W,YHR178W,0,-3.3556392,0.4606095552444458,0.8009999990463257,0.09380000084638596
YKL043W,YFL033C,0,-3.3572311,0.4603448212146759,0.8009999990463257,0.09390000253915787
YEL062W,YER009W,0,-3.3581803,0.46008041501045227,0.8009999990463257,0.09399999678134918
YBR233W-A,YHR197W,0,-3.3589365,0.4598163068294525,0.8009999990463257,0.0940999984741211
YIL154C,YDL195W,0,-3.3596082,0.45955249667167664,0.8009999990463257,0.094200000166893
YLR318W,YER044C-A,0,-3.3599412,0.45928898453712463,0.8009999990463257,0.09430000185966492
YOL077W-A,YBL032W,0,-3.3610218,0.4590258002281189,0.8009999990463257,0.09440000355243683
YLR158C,YER118C,0,-3.3625865,0.45876288414001465,0.8009999990463257,0.09449999779462814
YER165W,YKL188C,0,-3.3636808,0.45850029587745667,0.8009999990463257,0.09459999948740005
YPR135W,YNL145W,0,-3.3645012,0.45823797583580017,0.8009999990463257,0.09470000118017197
YKL034W,YIL135C,0,-3.3656752,0.45797598361968994,0.8009999990463257,0.09480000287294388
YML126C,YEL050C,1,-3.366008,0.45828571915626526,0.8019999861717224,0.09480000287294388
YNL293W,YOR305W,0,-3.3675668,0.4580239951610565,0.8019999861717224,0.09489999711513519
YMR292W,YDL200C,0,-3.3679247,0.45776256918907166,0.8019999861717224,0.0949999988079071
YGL028C,YHR014W,0,-3.3693101,0.4575014114379883,0.8019999861717224,0.09510000050067902
YHL047C,YOR156C,0,-3.3700068,0.45724058151245117,0.8019999861717224,0.09520000219345093
YJL021C,YMR025W,0,-3.3705165,0.45698004961013794,0.8019999861717224,0.09529999643564224
YOR109W,YMR210W,1,-3.3736258,0.45728930830955505,0.8029999732971191,0.09529999643564224
YBR177C,YNL045W,1,-3.375044,0.45759817957878113,0.8040000200271606,0.09529999643564224
YKL192C,YMR246W,1,-3.3751628,0.45790672302246094,0.8050000071525574,0.09529999643564224
YLR023C,YKL126W,1,-3.3758628,0.4582149088382721,0.8059999942779541,0.09529999643564224
YAL003W,YKL088W,0,-3.3761766,0.4579545557498932,0.8059999942779541,0.09539999812841415
YDR158W,YBL051C,0,-3.3766053,0.45769450068473816,0.8059999942779541,0.09549999982118607
YNR019W,YBR177C,1,-3.3773184,0.4580022692680359,0.8069999814033508,0.09549999982118607
YJL047C,YNL079C,0,-3.379816,0.45774248242378235,0.8069999814033508,0.09560000151395798
YGL038C,YDL195W,0,-3.3825223,0.4574829936027527,0.8069999814033508,0.09570000320672989
YPL036W,YOR301W,0,-3.3829873,0.4572238028049469,0.8069999814033508,0.0957999974489212
YDR294C,YMR015C,1,-3.3833485,0.4575311541557312,0.8080000281333923,0.0957999974489212
YDR062W,YNL054W,1,-3.3839777,0.45783814787864685,0.8090000152587891,0.0957999974489212
YML059C,YGL225W,1,-3.3843312,0.45814478397369385,0.8100000023841858,0.0957999974489212
YOR095C,YNL263C,0,-3.384977,0.4578858017921448,0.8100000023841858,0.09589999914169312
YGR284C,YOR319W,0,-3.3850024,0.4576271176338196,0.8100000023841858,0.09600000083446503
YML110C,YOL051W,0,-3.3895888,0.45736873149871826,0.8100000023841858,0.09610000252723694
YLR231C,YKR020W,0,-3.3897324,0.45711061358451843,0.8100000023841858,0.09619999676942825
YPR070W,YKL062W,0,-3.3905385,0.4568527936935425,0.8100000023841858,0.09629999846220016
YKR039W,YPR067W,0,-3.390934,0.4565952718257904,0.8100000023841858,0.09640000015497208
YPL069C,YLR305C,1,-3.3918931,0.4569014012813568,0.8109999895095825,0.09640000015497208
YCL017C,YMR045C,0,-3.3930397,0.4566441476345062,0.8109999895095825,0.09650000184774399
YFR046C,YER151C,0,-3.394604,0.45638716220855713,0.8109999895095825,0.0966000035405159
YOR353C,YLL017W,0,-3.3950036,0.4561304748058319,0.8109999895095825,0.09669999778270721
YCR065W,YNL209W,0,-3.397385,0.45587408542633057,0.8109999895095825,0.09679999947547913
YHR119W,YNL012W,0,-3.4009545,0.4556179642677307,0.8109999895095825,0.09690000116825104
YML110C,YOL126C,0,-3.4011204,0.4553621709346771,0.8109999895095825,0.09700000286102295
YNL055C,YML058W,0,-3.4013212,0.45510661602020264,0.8109999895095825,0.09709999710321426
YOR284W,YNL066W,0,-3.40334,0.4548513889312744,0.8109999895095825,0.09719999879598618
YLR284C,YMR207C,1,-3.4034684,0.45515695214271545,0.8119999766349792,0.09719999879598618
YPR020W,YER070W,0,-3.4037998,0.45490196347236633,0.8119999766349792,0.09730000048875809
YGL063W,YDR178W,0,-3.4076917,0.4546472430229187,0.8119999766349792,0.09740000218153
YPL110C,YMR210W,1,-3.4086926,0.4549524486064911,0.8130000233650208,0.09740000218153
YPL110C,YPL076W,1,-3.4089882,0.45525726675987244,0.8140000104904175,0.09740000218153
YOL095C,YLR347C,0,-3.4091868,0.4550027847290039,0.8140000104904175,0.09749999642372131
YML075C,YML059C,1,-3.40985,0.455307275056839,0.8149999976158142,0.09749999642372131
YJR131W,YHR021C,0,-3.4105444,0.45505303144454956,0.8149999976158142,0.09759999811649323
YLL042C,YOL054W,0,-3.412707,0.4547991156578064,0.8149999976158142,0.09769999980926514
YKL084W,YOR181W,0,-3.4135103,0.4545454680919647,0.8149999976158142,0.09780000150203705
YDL200C,YGR281W,0,-3.4163382,0.45429208874702454,0.8149999976158142,0.09790000319480896
YLR368W,YGR248W,0,-3.4168928,0.4540390074253082,0.8149999976158142,0.09799999743700027
YOR221C,YIL160C,1,-3.4178884,0.4543429911136627,0.8159999847412109,0.09799999743700027
YBR058C,YOR272W,0,-3.41865,0.4540901482105255,0.8159999847412109,0.09809999912977219
YDL175C,YOL117W,0,-3.4187045,0.4538376033306122,0.8159999847412109,0.0982000008225441
YDR409W,YOR256C,0,-3.418719,0.45358532667160034,0.8159999847412109,0.09830000251531601
YKL019W,YOR088W,0,-3.4201436,0.4533333480358124,0.8159999847412109,0.09839999675750732
YCR075C,YOR211C,0,-3.4206643,0.4530816078186035,0.8159999847412109,0.09849999845027924
YPL028W,YGR202C,1,-3.4217474,0.4533851146697998,0.8169999718666077,0.09849999845027924
YNL020C,YNL210W,0,-3.4222295,0.4531336724758148,0.8169999718666077,0.09860000014305115
YBR186W,YBL020W,0,-3.4228373,0.45288246870040894,0.8169999718666077,0.09870000183582306
YER145C,YPR073C,0,-3.4234543,0.4526315927505493,0.8169999718666077,0.09880000352859497
YLR071C,YGR211W,0,-3.423794,0.4523809552192688,0.8169999718666077,0.09889999777078629
YLR318W,YBR297W,0,-3.4244955,0.45213061571121216,0.8169999718666077,0.0989999994635582
YGR007W,YDR018C,1,-3.4248579,0.45243361592292786,0.8180000185966492,0.0989999994635582
YMR172W,YNL046W,0,-3.4257185,0.4521835148334503,0.8180000185966492,0.09910000115633011
YMR303C,YMR145C,0,-3.425835,0.45193371176719666,0.8180000185966492,0.09920000284910202
YKL146W,YBR106W,0,-3.4274995,0.4516841471195221,0.8180000185966492,0.09929999709129333
YJL167W,YDR018C,1,-3.4291964,0.45198675990104675,0.8190000057220459,0.09929999709129333
YLR100W,YOR081C,1,-3.429466,0.45228901505470276,0.8199999928474426,0.09929999709129333
YER087C-A,YLL021W,0,-3.42981,0.4520396888256073,0.8199999928474426,0.09939999878406525
YML077W,YMR322C,0,-3.4298341,0.45179063081741333,0.8199999928474426,0.09950000047683716
YPL188W,YOR064C,0,-3.4306972,0.45154184103012085,0.8199999928474426,0.09960000216960907
YGL181W,YPR016C,0,-3.4308455,0.45129334926605225,0.8199999928474426,0.09969999641180038
YBL045C,YMR292W,0,-3.4315526,0.45104509592056274,0.8199999928474426,0.0997999981045723
YDL140C,YDR306C,0,-3.431623,0.4507971405982971,0.8199999928474426,0.09989999979734421
YPL095C,YOR221C,1,-3.4335704,0.45109888911247253,0.8209999799728394,0.09989999979734421
YCR026C,YMR047C,0,-3.4335873,0.450851172208786,0.8209999799728394,0.10000000149011612
YBR110W,YLL031C,1,-3.4340065,0.45115259289741516,0.8220000267028809,0.10000000149011612
YGR202C,YKL126W,1,-3.4386032,0.45145365595817566,0.8230000138282776,0.10000000149011612
YOR171C,YPL057C,1,-3.4419787,0.4517543911933899,0.8240000009536743,0.10000000149011612
YDR424C,YKR046C,0,-3.4428341,0.4515068531036377,0.8240000009536743,0.10010000318288803
YBL008W,YGR042W,0,-3.4429438,0.451259583234787,0.8240000009536743,0.10019999742507935
YLR129W,YLR195C,0,-3.4430618,0.45101258158683777,0.8240000009536743,0.10029999911785126
YDR188W,YGR055W,0,-3.443243,0.4507658779621124,0.8240000009536743,0.10040000081062317
YMR232W,YDR160W,0,-3.4433162,0.4505194127559662,0.8240000009536743,0.10050000250339508
YGL181W,YGR014W,0,-3.4434874,0.45027321577072144,0.8240000009536743,0.1005999967455864
YML007W,YKL088W,0,-3.4437635,0.45002731680870056,0.8240000009536743,0.1006999984383583
YKL208W,YPL091W,0,-3.443846,0.4497816562652588,0.8240000009536743,0.10080000013113022
YOR095C,YNL049C,0,-3.4445121,0.4495362937450409,0.8240000009536743,0.10090000182390213
YKL192C,YDR294C,1,-3.4447403,0.4498364329338074,0.824999988079071,0.10090000182390213
YFL025C,YGR216C,1,-3.4467337,0.4501362442970276,0.8259999752044678,0.10090000182390213
YDR096W,YHR001W,1,-3.4473493,0.45043572783470154,0.8270000219345093,0.10090000182390213
YML067C,YKR062W,0,-3.4486904,0.4501905143260956,0.8270000219345093,0.10100000351667404
YPL268W,YCR084C,0,-3.4489033,0.4499455988407135,0.8270000219345093,0.10109999775886536
YMR048W,YCL034W,0,-3.4499252,0.4497009217739105,0.8270000219345093,0.10119999945163727
YDL051W,YDL232W,0,-3.4505568,0.44945651292800903,0.8270000219345093,0.10130000114440918
YBR159W,YJL100W,1,-3.4509537,0.44975557923316956,0.828000009059906,0.10130000114440918
YPR067W,YLR043C,0,-3.4517047,0.44951140880584717,0.828000009059906,0.10140000283718109
YDR372C,YOL105C,0,-3.4526417,0.44926750659942627,0.828000009059906,0.1014999970793724
YLL027W,YGL030W,0,-3.4556084,0.44902387261390686,0.828000009059906,0.10159999877214432
YKL019W,YIL082W-A,0,-3.4559195,0.44878047704696655,0.828000009059906,0.10170000046491623
YNL331C,YGL175C,0,-3.4566677,0.4485373795032501,0.828000009059906,0.10180000215768814
YDL095W,YPL258C,0,-3.4569268,0.4482945203781128,0.828000009059906,0.10189999639987946
YPL265W,YOR355W,0,-3.4579368,0.44805195927619934,0.828000009059906,0.10199999809265137
YIL022W,YNL304W,0,-3.4593906,0.447809636592865,0.828000009059906,0.10209999978542328
YGL105W,YMR280C,0,-3.4604304,0.44756758213043213,0.828000009059906,0.10220000147819519
YLL031C,YBR159W,1,-3.4609993,0.4478660225868225,0.8289999961853027,0.10220000147819519
YJL167W,YPL110C,1,-3.4634821,0.4481641352176666,0.8299999833106995,0.10220000147819519
YNL219C,YJR027W,0,-3.4637856,0.4479222893714905,0.8299999833106995,0.1023000031709671
YGR092W,YNL177C,0,-3.4638953,0.44768068194389343,0.8299999833106995,0.10239999741315842
YJL196C,YML059C,1,-3.4672563,0.4479784369468689,0.8309999704360962,0.10239999741315842
YGL001C,YKR003W,1,-3.4680426,0.4482758641242981,0.8320000171661377,0.10239999741315842
YDR524C,YKL052C,0,-3.4702036,0.44803446531295776,0.8320000171661377,0.10249999910593033
YLR144C,YER095W,0,-3.471801,0.4477933347225189,0.8320000171661377,0.10260000079870224
YNL163C,YOR192C-B,0,-3.4756162,0.4475524425506592,0.8320000171661377,0.10270000249147415
YKL170W,YOR095C,0,-3.475784,0.4473118185997009,0.8320000171661377,0.10279999673366547
YJL121C,YPL065W,0,-3.4757845,0.44707146286964417,0.8320000171661377,0.10289999842643738
YCR038C,YAL068C,0,-3.4772317,0.4468313753604889,0.8320000171661377,0.10300000011920929
YJR017C,YBL102W,0,-3.478188,0.4465915262699127,0.8320000171661377,0.1031000018119812
YFR008W,YML032C,0,-3.4788096,0.44635194540023804,0.8320000171661377,0.10320000350475311
YGR227W,YDR306C,0,-3.482958,0.44611260294914246,0.8320000171661377,0.10329999774694443
YJL029C,YFL004W,0,-3.48442,0.44587352871894836,0.8320000171661377,0.10339999943971634
YBR136W,YNL145W,0,-3.4850864,0.44563472270965576,0.8320000171661377,0.10350000113248825
YGR216C,YER019W,1,-3.485362,0.44593146443367004,0.8330000042915344,0.10350000113248825
YGR284C,YML010W,0,-3.4878986,0.44569289684295654,0.8330000042915344,0.10360000282526016
YLR138W,YHR041C,0,-3.4885292,0.44545453786849976,0.8330000042915344,0.10369999706745148
YHL019C,YDR039C,0,-3.4886,0.44521644711494446,0.8330000042915344,0.10379999876022339
YMR311C,YMR073C,0,-3.4886243,0.44497862458229065,0.8330000042915344,0.1039000004529953
YNL331C,YIL153W,0,-3.4887109,0.44474107027053833,0.8330000042915344,0.10400000214576721
YHR089C,YPR165W,0,-3.4896626,0.4445037245750427,0.8330000042915344,0.10409999638795853
YBR205W,YOL105C,0,-3.4901397,0.444266676902771,0.8330000042915344,0.10419999808073044
YLR190W,YER041W,0,-3.4901922,0.444029837846756,0.8330000042915344,0.10429999977350235
YJL214W,YGR094W,0,-3.4908242,0.44379329681396484,0.8330000042915344,0.10440000146627426
YKL170W,YGR144W,0,-3.4913867,0.4435569643974304,0.8330000042915344,0.10450000315904617
YGR007W,YCL003W,1,-3.4919102,0.44385311007499695,0.8339999914169312,0.10450000315904617
YMR056C,YMR164C,0,-3.4924784,0.4436170160770416,0.8339999914169312,0.10459999740123749
YHL038C,YLR426W,0,-3.4938457,0.4433811902999878,0.8339999914169312,0.1046999990940094
YBR080C,YHR206W,0,-3.494507,0.44314560294151306,0.8339999914169312,0.10480000078678131
YCL055W,YIL021W,0,-3.5019524,0.44291025400161743,0.8339999914169312,0.10490000247955322
YNR034W,YER138C,0,-3.5039036,0.4426751732826233,0.8339999914169312,0.10499999672174454
YHR086W,YFL037W,0,-3.5045345,0.44244033098220825,0.8339999914169312,0.10509999841451645
YPR201W,YOR178C,0,-3.5049558,0.4422057271003723,0.8339999914169312,0.10520000010728836
YKL138C-A,YOR129C,0,-3.5051196,0.44197139143943787,0.8339999914169312,0.10530000180006027
YIL120W,YEL013W,0,-3.507984,0.4417372941970825,0.8339999914169312,0.10540000349283218
YBR145W,YNR013C,0,-3.5086195,0.4415034353733063,0.8339999914169312,0.1054999977350235
YBR057C,YLR224W,0,-3.5086834,0.4412698447704315,0.8339999914169312,0.10559999942779541
YLR189C,YMR165C,1,-3.5111277,0.44156530499458313,0.8349999785423279,0.10559999942779541
YHL040C,YER035W,0,-3.5115755,0.4413319230079651,0.8349999785423279,0.10570000112056732
YOL059W,YJR094C,0,-3.5130227,0.44109877943992615,0.8349999785423279,0.10580000281333923
YGR004W,YJL026W,0,-3.51322,0.4408659040927887,0.8349999785423279,0.10589999705553055
YPR052C,YER169W,0,-3.513869,0.44063323736190796,0.8349999785423279,0.10599999874830246
YPL256C,YKL029C,0,-3.5152333,0.4404008388519287,0.8349999785423279,0.10610000044107437
YOR284W,YLR224W,0,-3.515578,0.44016867876052856,0.8349999785423279,0.10620000213384628
YMR165C,YDR058C,1,-3.516102,0.4404636323451996,0.8360000252723694,0.10620000213384628
YGL006W,YIL105C,0,-3.5161507,0.44023171067237854,0.8360000252723694,0.1062999963760376
YBR121C,YPR198W,0,-3.5162249,0.4399999976158142,0.8360000252723694,0.10639999806880951
YPL244C,YBR214W,0,-3.5169666,0.43976855278015137,0.8360000252723694,0.10649999976158142
YDR427W,YOR230W,0,-3.5177052,0.43953731656074524,0.8360000252723694,0.10660000145435333
YOL031C,YBR083W,0,-3.5178049,0.4393063485622406,0.8360000252723694,0.10670000314712524
YNL071W,YKL045W,0,-3.5194795,0.43907561898231506,0.8360000252723694,0.10679999738931656
YDR268W,YGL038C,0,-3.5198913,0.438845157623291,0.8360000252723694,0.10689999908208847
YAR044W,YDR165W,0,-3.5211217,0.4386149048805237,0.8360000252723694,0.10700000077486038
YIL124W,YMR246W,1,-3.521675,0.43890929222106934,0.8370000123977661,0.10700000077486038
YCL038C,YAR008W,0,-3.5220778,0.4386792480945587,0.8370000123977661,0.1071000024676323
YML077W,YHL027W,0,-3.5222132,0.4384494423866272,0.8370000123977661,0.10719999670982361
YOR386W,YOL105C,0,-3.5230172,0.43821990489959717,0.8370000123977661,0.10729999840259552
YNR019W,YBR002C,1,-3.5231237,0.4385138750076294,0.8379999995231628,0.10729999840259552
YBR217W,YLR136C,0,-3.5262601,0.4382845163345337,0.8379999995231628,0.10740000009536743
YDL175C,YCL033C,0,-3.5263112,0.4380553960800171,0.8379999995231628,0.10750000178813934
YLR144C,YJL014W,0,-3.5280793,0.437826544046402,0.8379999995231628,0.10760000348091125
YBL013W,YHR187W,0,-3.52876,0.4375979006290436,0.8379999995231628,0.10769999772310257
YLR391W,YPL033C,0,-3.532849,0.43736952543258667,0.8379999995231628,0.10779999941587448
YOR079C,YLR288C,0,-3.5332742,0.4371413588523865,0.8379999995231628,0.10790000110864639
YPL101W,YPR138C,0,-3.533314,0.43691346049308777,0.8379999995231628,0.1080000028014183
YDR096W,YNL169C,1,-3.5345376,0.43720686435699463,0.8389999866485596,0.1080000028014183
YPL095C,YNL231C,1,-3.5347455,0.4375,0.8399999737739563,0.1080000028014183
YOR236W,YLL006W,0,-3.535671,0.43727225065231323,0.8399999737739563,0.10809999704360962
YER116C,YEL031W,0,-3.5374577,0.43704473972320557,0.8399999737739563,0.10819999873638153
YER122C,YML131W,0,-3.5381792,0.436817467212677,0.8399999737739563,0.10830000042915344
YOR240W,YPR133W-A,0,-3.5391195,0.43659043312072754,0.8399999737739563,0.10840000212192535
YPL123C,YGR109W-A,0,-3.53945,0.4363636374473572,0.8399999737739563,0.10849999636411667
YDR096W,YDR437W,1,-3.54122,0.43665629625320435,0.8410000205039978,0.10849999636411667
YDR420W,YOL042W,0,-3.5415905,0.4364296793937683,0.8410000205039978,0.10859999805688858
YLR284C,YLR088W,1,-3.542412,0.4367219805717468,0.8420000076293945,0.10859999805688858
YPL119C,YLR350W,0,-3.5435138,0.4364956021308899,0.8420000076293945,0.10869999974966049
YMR097C,YNL253W,0,-3.5436244,0.4362694323062897,0.8420000076293945,0.1088000014424324
YDR427W,YHR106W,0,-3.5462728,0.43604350090026855,0.8420000076293945,0.10890000313520432
YHL025W,YKL034W,0,-3.5463786,0.43581780791282654,0.8420000076293945,0.10899999737739563
YBR164C,YJR158W,0,-3.5485969,0.4355923533439636,0.8420000076293945,0.10909999907016754
YNL008C,YGL191W,0,-3.5490692,0.4353671073913574,0.8420000076293945,0.10920000076293945
YIL049W,YNL044W,0,-3.5490904,0.4351421296596527,0.8420000076293945,0.10930000245571136
YPL270W,YDR260C,0,-3.549495,0.4349173605442047,0.8420000076293945,0.10939999669790268
YPR124W,YLR006C,0,-3.5498867,0.4346928298473358,0.8420000076293945,0.10949999839067459
YGR063C,YDR306C,0,-3.549977,0.434468537569046,0.8420000076293945,0.1096000000834465
YMR091C,YAL016W,0,-3.551655,0.43424445390701294,0.8420000076293945,0.10970000177621841
YMR150C,YDR285W,0,-3.5550215,0.43402060866355896,0.8420000076293945,0.10980000346899033
YNL264C,YNL054W,1,-3.5553396,0.43431222438812256,0.8429999947547913,0.10980000346899033
YNR013C,YOR213C,0,-3.5559883,0.4340885579586029,0.8429999947547913,0.10989999771118164
YOR310C,YLR329W,0,-3.557853,0.43386515974998474,0.8429999947547913,0.10999999940395355
YGR004W,YML032C,0,-3.5580447,0.4336419701576233,0.8429999947547913,0.11010000109672546
YLL031C,YJR103W,1,-3.558422,0.43393316864967346,0.843999981880188,0.11010000109672546
YLR265C,YEL004W,0,-3.5592391,0.4337101876735687,0.843999981880188,0.11020000278949738
YBR228W,YLR337C,0,-3.5613143,0.4334874153137207,0.843999981880188,0.11029999703168869
YDR503C,YGR170W,1,-3.5620515,0.43377822637557983,0.8450000286102295,0.11029999703168869
YDR473C,YDL230W,0,-3.5622003,0.4335556626319885,0.8450000286102295,0.1103999987244606
YCR037C,YDR472W,0,-3.564037,0.4333333373069763,0.8450000286102295,0.11050000041723251
YDR331W,YMR210W,1,-3.5642793,0.4336237907409668,0.8460000157356262,0.11050000041723251
YJL005W,YJR040W,0,-3.5654218,0.4334016442298889,0.8460000157356262,0.11060000211000443
YBR066C,YMR305C,0,-3.5654929,0.43317973613739014,0.8460000157356262,0.11069999635219574
YEL031W,YKL166C,0,-3.5664275,0.43295803666114807,0.8460000157356262,0.11079999804496765
YPR073C,YGL046W,0,-3.568171,0.4327365756034851,0.8460000157356262,0.11089999973773956
YKL048C,YHR206W,0,-3.5694654,0.43251532316207886,0.8460000157356262,0.11100000143051147
YDR039C,YGR010W,0,-3.5697024,0.4322943389415741,0.8460000157356262,0.11110000312328339
YDR129C,YGL095C,0,-3.5697422,0.43207353353500366,0.8460000157356262,0.1111999973654747
YNL307C,YLL061W,0,-3.5712364,0.4318529963493347,0.8460000157356262,0.11129999905824661
YOR028C,YPL275W,0,-3.5722902,0.4316326677799225,0.8460000157356262,0.11140000075101852
YGL223C,YGL183C,0,-3.5729127,0.43141254782676697,0.8460000157356262,0.11150000244379044
YNL127W,YOR110W,0,-3.5736287,0.43119266629219055,0.8460000157356262,0.11159999668598175
YOR236W,YMR305C,0,-3.5747864,0.43097299337387085,0.8460000157356262,0.11169999837875366
YOR156C,YDR065W,0,-3.5755813,0.43075355887413025,0.8460000157356262,0.11180000007152557
YIL010W,YGL022W,0,-3.5761225,0.43053436279296875,0.8460000157356262,0.11190000176429749
YBR233W-A,YNR003C,0,-3.5764387,0.43031537532806396,0.8460000157356262,0.1120000034570694
YOR304W,YDR126W,0,-3.5766275,0.4300965964794159,0.8460000157356262,0.11209999769926071
YLL013C,YLR337C,0,-3.5776136,0.4298780560493469,0.8460000157356262,0.11219999939203262
YGL142C,YJR103W,1,-3.5778396,0.4301675856113434,0.847000002861023,0.11219999939203262
YLL038C,YNL272C,0,-3.5826044,0.42994922399520874,0.847000002861023,0.11230000108480453
YLR370C,YML038C,0,-3.5845728,0.4297311007976532,0.847000002861023,0.11240000277757645
YLR429W,YDR027C,0,-3.588027,0.42951318621635437,0.847000002861023,0.11249999701976776
YER061C,YBR004C,1,-3.5883834,0.4298023283481598,0.8479999899864197,0.11249999701976776
YLR189C,YKL126W,1,-3.5893302,0.43009117245674133,0.8489999771118164,0.11249999701976776
YDL087C,YJR127C,0,-3.590991,0.42987340688705444,0.8489999771118164,0.11259999871253967
YMR135C,YPL249C,0,-3.5916705,0.42965587973594666,0.8489999771118164,0.11270000040531158
YBL022C,YML049C,0,-3.5919974,0.4294385313987732,0.8489999771118164,0.1128000020980835
YML132W,YPR187W,0,-3.593313,0.42922142148017883,0.8489999771118164,0.11289999634027481
YBL106C,YKL070W,0,-3.5957634,0.4290045499801636,0.8489999771118164,0.11299999803304672
YAL009W,YML085C,0,-3.5971894,0.42878788709640503,0.8489999771118164,0.11309999972581863
YKL138C-A,YMR091C,0,-3.597225,0.4285714328289032,0.8489999771118164,0.11320000141859055
YJL026W,YPR101W,0,-3.600495,0.4283551871776581,0.8489999771118164,0.11330000311136246
YLR427W,YJL052W,0,-3.6005826,0.42813917994499207,0.8489999771118164,0.11339999735355377
YOR113W,YCL027W,0,-3.6006238,0.42792338132858276,0.8489999771118164,0.11349999904632568
YBR049C,YLR452C,0,-3.6007154,0.42770782113075256,0.8489999771118164,0.1136000007390976
YHR187W,YDR079C-A,0,-3.6018946,0.4274924397468567,0.8489999771118164,0.1137000024318695
YCR106W,YIR018W,0,-3.6025252,0.4272772967815399,0.8489999771118164,0.11379999667406082
YPR007C,YDL225W,0,-3.6031046,0.42706236243247986,0.8489999771118164,0.11389999836683273
YFR004W,YML021C,0,-3.6036394,0.4268476665019989,0.8489999771118164,0.11400000005960464
YHR171W,YPL063W,0,-3.6040523,0.42663317918777466,0.8489999771118164,0.11410000175237656
YPL085W,YDR086C,0,-3.6051345,0.42641887068748474,0.8489999771118164,0.11420000344514847
YBR039W,YNL197C,0,-3.6056583,0.4262048304080963,0.8489999771118164,0.11429999768733978
YJL128C,YDR400W,0,-3.6056774,0.4259909689426422,0.8489999771118164,0.1143999993801117
YNL031C,YIR006C,0,-3.6066358,0.4257773458957672,0.8489999771118164,0.1145000010728836
YCL044C,YKR090W,0,-3.6073506,0.42556390166282654,0.8489999771118164,0.11460000276565552
YBR193C,YLL013C,0,-3.608411,0.42535069584846497,0.8489999771118164,0.11469999700784683
YPR083W,YJL054W,0,-3.6091826,0.4251376986503601,0.8489999771118164,0.11479999870061874
YOR301W,YLR224W,0,-3.6095152,0.42492491006851196,0.8489999771118164,0.11490000039339066
YJR091C,YOR211C,0,-3.6095822,0.4247123599052429,0.8489999771118164,0.11500000208616257
YPR083W,YPR144C,0,-3.6103256,0.4244999885559082,0.8489999771118164,0.11509999632835388
YLR304C,YGL127C,0,-3.6105158,0.4242878556251526,0.8489999771118164,0.1151999980211258
YGR092W,YML021C,0,-3.6118138,0.4240759313106537,0.8489999771118164,0.1152999997138977
YPR182W,YCR073C,0,-3.6134574,0.4238642156124115,0.8489999771118164,0.11540000140666962
YNL281W,YNL049C,0,-3.6135976,0.423652708530426,0.8489999771118164,0.11550000309944153
YHL019C,YNR017W,0,-3.6144226,0.42344141006469727,0.8489999771118164,0.11559999734163284
YBR240C,YLR466W,0,-3.6167705,0.4232303202152252,0.8489999771118164,0.11569999903440475
YLR361C,YML104C,0,-3.6189034,0.4230194389820099,0.8489999771118164,0.11580000072717667
YCL034W,YPR154W,0,-3.6200368,0.42280876636505127,0.8489999771118164,0.11590000241994858
YDR377W,YBR193C,0,-3.6204393,0.42259830236434937,0.8489999771118164,0.11599999666213989
YOR094W,YDR126W,0,-3.6205633,0.4223880469799042,0.8489999771118164,0.1160999983549118
YPR138C,YOR368W,0,-3.6210735,0.4221780300140381,0.8489999771118164,0.11620000004768372
YKL060C,YJR158W,0,-3.62321,0.4219681918621063,0.8489999771118164,0.11630000174045563
YGR267C,YDR485C,0,-3.6235025,0.4217585623264313,0.8489999771118164,0.11640000343322754
YPL227C,YOR103C,0,-3.6235619,0.42154914140701294,0.8489999771118164,0.11649999767541885
YFR002W,YPL033C,0,-3.6236925,0.4213399589061737,0.8489999771118164,0.11659999936819077
YFL034C-B,YOR313C,0,-3.6248648,0.4211309552192688,0.8489999771118164,0.11670000106096268
YKL029C,YBL014C,0,-3.6256225,0.4209221601486206,0.8489999771118164,0.11680000275373459
YOR037W,YLL017W,0,-3.626414,0.4207135736942291,0.8489999771118164,0.1168999969959259
YLR079W,YDR027C,0,-3.6265583,0.42050519585609436,0.8489999771118164,0.11699999868869781
YDR116C,YFL008W,0,-3.626631,0.4202970266342163,0.8489999771118164,0.11710000038146973
YBR098W,YGR109W-A,0,-3.6267455,0.42008906602859497,0.8489999771118164,0.11720000207424164
YNL250W,YGR042W,0,-3.6299264,0.41988131403923035,0.8489999771118164,0.11729999631643295
YPL096C-A,YDR331W,1,-3.6307733,0.42016807198524475,0.8500000238418579,0.11729999631643295
YGL070C,YBR105C,0,-3.6315048,0.41996046900749207,0.8500000238418579,0.11739999800920486
YDL035C,YLR207W,0,-3.6323125,0.4197530746459961,0.8500000238418579,0.11749999970197678
YFL031W,YPR140W,1,-3.6327102,0.42003947496414185,0.8510000109672546,0.11749999970197678
YPL036W,YOR230W,0,-3.6336088,0.4198322594165802,0.8510000109672546,0.11760000139474869
YOR025W,YJR110W,1,-3.6340153,0.4201183319091797,0.8519999980926514,0.11760000139474869
YKR083C,YDR450W,0,-3.6352217,0.41991129517555237,0.8519999980926514,0.1177000030875206
YDR268W,YJR033C,0,-3.6377094,0.4197044372558594,0.8519999980926514,0.11779999732971191
YDR218C,YOL055C,0,-3.6385367,0.4194977879524231,0.8519999980926514,0.11789999902248383
YDL102W,YBR022W,0,-3.6391618,0.41929134726524353,0.8519999980926514,0.11800000071525574
YDR276C,YCR061W,0,-3.640237,0.4190850853919983,0.8519999980926514,0.11810000240802765
YKL194C,YER178W,0,-3.6408079,0.41887906193733215,0.8519999980926514,0.11819999665021896
YOR226C,YCL051W,0,-3.641963,0.41867321729660034,0.8519999980926514,0.11829999834299088
YOL064C,YKL070W,0,-3.6425078,0.41846758127212524,0.8519999980926514,0.11840000003576279
YPL096C-A,YLR088W,1,-3.6431568,0.418753057718277,0.8529999852180481,0.11840000003576279
YOR174W,YOR301W,0,-3.6438994,0.4185476005077362,0.8529999852180481,0.1185000017285347
YNL097C,YHR079C-B,0,-3.6451862,0.41834232211112976,0.8529999852180481,0.11860000342130661
YML118W,YLR134W,0,-3.6453807,0.41813725233078003,0.8529999852180481,0.11869999766349792
YMR224C,YER087C-A,0,-3.6466067,0.417932391166687,0.8529999852180481,0.11879999935626984
YDL090C,YMR234W,0,-3.6475396,0.4177277088165283,0.8529999852180481,0.11890000104904175
YGL032C,YOR301W,0,-3.6476574,0.41752326488494873,0.8529999852180481,0.11900000274181366
YDR236C,YOR232W,0,-3.6489656,0.4173189699649811,0.8529999852180481,0.11909999698400497
YPR029C,YPL145C,0,-3.6503446,0.41711491346359253,0.8529999852180481,0.11919999867677689
YGL043W,YCR061W,0,-3.6503513,0.4169110357761383,0.8529999852180481,0.1193000003695488
YHR034C,YCL033C,0,-3.6509407,0.4167073667049408,0.8529999852180481,0.11940000206232071
YJL092W,YJL109C,0,-3.651225,0.41650390625,0.8529999852180481,0.11949999630451202
YOL012C,YGR241C,0,-3.6520674,0.41630062460899353,0.8529999852180481,0.11959999799728394
YMR042W,YGR046W,0,-3.652886,0.4160975515842438,0.8529999852180481,0.11969999969005585
YDR265W,YDR494W,0,-3.6536667,0.41589468717575073,0.8529999852180481,0.11980000138282776
YIL154C,YGL046W,0,-3.654318,0.415692001581192,0.8529999852180481,0.11990000307559967
YER108C,YGR082W,0,-3.655887,0.41548952460289,0.8529999852180481,0.11999999731779099
YDR027C,YNL213C,0,-3.6571743,0.4152872562408447,0.8529999852180481,0.1200999990105629
YFL057C,YDL029W,0,-3.6573527,0.41508516669273376,0.8529999852180481,0.12020000070333481
YOL021C,YCR065W,0,-3.6583955,0.41488325595855713,0.8529999852180481,0.12030000239610672
YJL156C,YGR241C,0,-3.6604395,0.4146815836429596,0.8529999852180481,0.12039999663829803
YGR288W,YNL333W,0,-3.6606083,0.4144800901412964,0.8529999852180481,0.12049999833106995
YJL001W,YGR074W,0,-3.6614335,0.4142787754535675,0.8529999852180481,0.12060000002384186
YDL111C,YKL070W,0,-3.6617644,0.41407766938209534,0.8529999852180481,0.12070000171661377
YGL194C,YDR515W,0,-3.6619396,0.4138767719268799,0.8529999852180481,0.12080000340938568
YMR056C,YAR019C,0,-3.6624014,0.41367605328559875,0.8529999852180481,0.120899997651577
YDL159W,YFL058W,0,-3.664342,0.41347551345825195,0.8529999852180481,0.12099999934434891
YBR288C,YNL263C,0,-3.6644356,0.41327518224716187,0.8529999852180481,0.12110000103712082
YER027C,YBR156C,0,-3.664762,0.4130750596523285,0.8529999852180481,0.12120000272989273
YBL051C,YML092C,0,-3.6648574,0.41287511587142944,0.8529999852180481,0.12129999697208405
YML061C,YMR175W,0,-3.6683612,0.4126753807067871,0.8529999852180481,0.12139999866485596
YEL056W,YLR337C,0,-3.6705265,0.4124758243560791,0.8529999852180481,0.12150000035762787
YDR288W,YPR036W,0,-3.6706457,0.4122764766216278,0.8529999852180481,0.12160000205039978
YKL055C,YIL160C,1,-3.6707478,0.412560373544693,0.8539999723434448,0.12160000205039978
YER118C,YJR156C,0,-3.6711373,0.41236117482185364,0.8539999723434448,0.1216999962925911
YFR040W,YAL009W,0,-3.6740558,0.4121621549129486,0.8539999723434448,0.121799997985363
YOL042W,YOR193W,0,-3.674091,0.4119633436203003,0.8539999723434448,0.12189999967813492
YDL085W,YDR142C,0,-3.6745265,0.4117647111415863,0.8539999723434448,0.12200000137090683
YOL126C,YJL004C,0,-3.6751502,0.41156625747680664,0.8539999723434448,0.12210000306367874
YMR037C,YGR258C,0,-3.675248,0.4113680124282837,0.8539999723434448,0.12219999730587006
YLR148W,YOL031C,0,-3.6764624,0.41116994619369507,0.8539999723434448,0.12229999899864197
YNL149C,YMR175W,0,-3.6768286,0.41097208857536316,0.8539999723434448,0.12240000069141388
YOR240W,YGR098C,0,-3.677427,0.4107744097709656,0.8539999723434448,0.12250000238418579
YMR298W,YAL051W,1,-3.677808,0.4110576808452606,0.8550000190734863,0.12250000238418579
YML051W,YHL025W,0,-3.6782053,0.410860151052475,0.8550000190734863,0.1225999966263771
YHR067W,YLR372W,1,-3.6782925,0.41114312410354614,0.8560000061988831,0.1225999966263771
YDR516C,YNL329C,0,-3.67879,0.41094574332237244,0.8560000061988831,0.12269999831914902
YML081C-A,YMR038C,0,-3.680105,0.41074857115745544,0.8560000061988831,0.12280000001192093
YBR029C,YLL012W,1,-3.6801069,0.41103118658065796,0.8569999933242798,0.12280000001192093
YML055W,YNL246W,0,-3.6803744,0.4108341336250305,0.8569999933242798,0.12290000170469284
YLR242C,YOL011W,1,-3.6812646,0.41111642122268677,0.8579999804496765,0.12290000170469284
YNL014W,YER013W,0,-3.6836286,0.41091954708099365,0.8579999804496765,0.12300000339746475
YJL039C,YOR137C,0,-3.6845858,0.4107228219509125,0.8579999804496765,0.12309999763965607
YCL060C,YAL029C,0,-3.6854217,0.410526305437088,0.8579999804496765,0.12319999933242798
YMR119W,YBR260C,0,-3.6873546,0.41032999753952026,0.8579999804496765,0.12330000102519989
YOL133W,YLR208W,0,-3.6885953,0.41013383865356445,0.8579999804496765,0.1234000027179718
YBR038W,YGL048C,0,-3.6893525,0.40993788838386536,0.8579999804496765,0.12349999696016312
YLR405W,YKL175W,0,-3.6895099,0.4097421169281006,0.8579999804496765,0.12359999865293503
YGL192W,YHR203C,0,-3.6896007,0.40954655408859253,0.8579999804496765,0.12370000034570694
YBR186W,YDL135C,0,-3.691249,0.4093511402606964,0.8579999804496765,0.12380000203847885
YDR436W,YNL213C,0,-3.691427,0.409155935049057,0.8579999804496765,0.12389999628067017
YOL011W,YMR210W,1,-3.692216,0.4094375669956207,0.859000027179718,0.12389999628067017
YJL074C,YAL001C,0,-3.6925359,0.40924251079559326,0.859000027179718,0.12399999797344208
YNL053W,YHR004C,0,-3.6929767,0.4090476334095001,0.859000027179718,0.12409999966621399
YBL020W,YBR037C,0,-3.6933115,0.4088529348373413,0.859000027179718,0.1242000013589859
YOR319W,YDL093W,0,-3.6948822,0.4086584150791168,0.859000027179718,0.12430000305175781
YMR231W,YOR272W,0,-3.6957843,0.40846410393714905,0.859000027179718,0.12439999729394913
YLR160C,YAL044C,0,-3.698517,0.4082699716091156,0.859000027179718,0.12449999898672104
YDL046W,YMR302C,0,-3.7006404,0.4080760180950165,0.859000027179718,0.12460000067949295
YOL068C,YDR205W,0,-3.7008374,0.4078822433948517,0.859000027179718,0.12470000237226486
YLL050C,YBL032W,0,-3.7010326,0.4076886475086212,0.859000027179718,0.12479999661445618
YLR347C,YGR042W,0,-3.7010353,0.40749526023864746,0.859000027179718,0.12489999830722809
YJL071W,YDL007W,0,-3.7012956,0.40730205178260803,0.859000027179718,0.125
YLR284C,YMR210W,1,-3.7015831,0.40758293867111206,0.8600000143051147,0.125
YCR047C,YIL017W,0,-3.7041123,0.4073898494243622,0.8600000143051147,0.1251000016927719
YMR232W,YGL145W,0,-3.7067056,0.407196968793869,0.8600000143051147,0.12520000338554382
YDL115C,YCL062W,0,-3.7068598,0.4070042669773102,0.8600000143051147,0.12530000507831573
YMR095C,YNL284C-A,0,-3.7076762,0.40681174397468567,0.8600000143051147,0.12540000677108765
YPR124W,YBL055C,0,-3.7077773,0.4066193997859955,0.8600000143051147,0.12549999356269836
YDR320C-A,YDR512C,0,-3.708697,0.4064272344112396,0.8600000143051147,0.12559999525547028
YPR138C,YDR422C,0,-3.7088661,0.4062352478504181,0.8600000143051147,0.1256999969482422
YBL084C,YPL106C,0,-3.7093737,0.4060434401035309,0.8600000143051147,0.1257999986410141
YER145C,YML105C,0,-3.7098045,0.405851811170578,0.8600000143051147,0.125900000333786
YLR405W,YMR292W,0,-3.7100356,0.40566039085388184,0.8600000143051147,0.12600000202655792
YJR053W,YOR344C,0,-3.7103777,0.4054691195487976,0.8600000143051147,0.12610000371932983
YGR101W,YJR028W,0,-3.7104013,0.4052780270576477,0.8600000143051147,0.12620000541210175
YML010W,YJR141W,0,-3.7110283,0.4050871431827545,0.8600000143051147,0.12630000710487366
YGL178W,YHR160C,0,-3.7116065,0.40489640831947327,0.8600000143051147,0.12639999389648438
YGR041W,YAL030W,0,-3.7128232,0.40470588207244873,0.8600000143051147,0.1264999955892563
YDR517W,YPL180W,0,-3.713369,0.4045155346393585,0.8600000143051147,0.1265999972820282
YBR296C,YGR047C,0,-3.7137582,0.40432533621788025,0.8600000143051147,0.1266999989748001
YOR301W,YBR214W,0,-3.714257,0.4041353464126587,0.8600000143051147,0.12680000066757202
YLR418C,YJL092W,0,-3.7150414,0.4039455056190491,0.8600000143051147,0.12690000236034393
YIL007C,YDR126W,0,-3.715757,0.40375587344169617,0.8600000143051147,0.12700000405311584
YGR169C,YGR024C,0,-3.7168336,0.4035663902759552,0.8600000143051147,0.12710000574588776
YGL038C,YDR489W,0,-3.718272,0.40337711572647095,0.8600000143051147,0.12720000743865967
YCR060W,YHL028W,0,-3.7192562,0.40318799018859863,0.8600000143051147,0.12729999423027039
YNL101W,YER070W,0,-3.721514,0.40299907326698303,0.8600000143051147,0.1273999959230423
YFR040W,YDR011W,0,-3.7218883,0.40281030535697937,0.8600000143051147,0.1274999976158142
YBL013W,YNL253W,0,-3.7219539,0.40262171626091003,0.8600000143051147,0.12759999930858612
YMR060C,YJR156C,0,-3.72399,0.402433305978775,0.8600000143051147,0.12770000100135803
YDL093W,YJL029C,0,-3.7240357,0.40224507451057434,0.8600000143051147,0.12780000269412994
YLR320W,YDL128W,0,-3.7254303,0.402057021856308,0.8600000143051147,0.12790000438690186
YJL058C,YMR163C,0,-3.725948,0.40186914801597595,0.8600000143051147,0.12800000607967377
YMR276W,YGL173C,0,-3.7264805,0.40168145298957825,0.8600000143051147,0.12809999287128448
YBR297W,YLR165C,0,-3.726883,0.40149393677711487,0.8600000143051147,0.1281999945640564
YAL023C,YGR214W,0,-3.7275202,0.4013065695762634,0.8600000143051147,0.1282999962568283
YGR041W,YLR141W,0,-3.7277682,0.4011194109916687,0.8600000143051147,0.12839999794960022
YBR133C,YKL203C,0,-3.7278335,0.4009324014186859,0.8600000143051147,0.12849999964237213
YOL011W,YMR272C,1,-3.7287307,0.40121155977249146,0.8610000014305115,0.12849999964237213
YLL018C-A,YBR097W,0,-3.729088,0.4010246992111206,0.8610000014305115,0.12860000133514404
YMR292W,YDR395W,0,-3.7296236,0.4008379876613617,0.8610000014305115,0.12870000302791595
YMR202W,YGL012W,1,-3.7298667,0.4011167883872986,0.8619999885559082,0.12870000302791595
YNL275W,YNL329C,0,-3.7309964,0.4009302258491516,0.8619999885559082,0.12880000472068787
YLR309C,YOR156C,0,-3.7316792,0.40074384212493896,0.8619999885559082,0.12890000641345978
YFL057C,YNL008C,0,-3.7331307,0.40055760741233826,0.8619999885559082,0.1289999932050705
YBR083W,YNL273W,0,-3.733417,0.40037158131599426,0.8619999885559082,0.1290999948978424
YDR255C,YPL122C,0,-3.7349946,0.4001857042312622,0.8619999885559082,0.12919999659061432
YJR047C,YGR109W-A,0,-3.7351491,0.4000000059604645,0.8619999885559082,0.12929999828338623
YOL149W,YLR224W,0,-3.736083,0.3998144567012787,0.8619999885559082,0.12939999997615814
YDL087C,YOL104C,0,-3.7375054,0.3996291160583496,0.8619999885559082,0.12950000166893005
YPL194W,YDR246W,0,-3.7375154,0.39944392442703247,0.8619999885559082,0.12960000336170197
YDL209C,YBL017C,0,-3.738729,0.39925891160964966,0.8619999885559082,0.12970000505447388
YGR261C,YJL198W,0,-3.7390242,0.39907407760620117,0.8619999885559082,0.1298000067472458
YMR219W,YMR046C,0,-3.7398646,0.3988893926143646,0.8619999885559082,0.1298999935388565
YFR052W,YIL084C,0,-3.7405522,0.3987049162387848,0.8619999885559082,0.12999999523162842
YLR207W,YLR165C,0,-3.7407408,0.3985205590724945,0.8619999885559082,0.13009999692440033
YLR329W,YLR208W,0,-3.7411072,0.39833641052246094,0.8619999885559082,0.13019999861717224
YDR437W,YBR159W,1,-3.744097,0.3986143171787262,0.8629999756813049,0.13019999861717224
YDL147W,YGR221C,0,-3.744476,0.3984302878379822,0.8629999756813049,0.13030000030994415
YLR172C,YOR027W,0,-3.745384,0.3982464373111725,0.8629999756813049,0.13040000200271606
YPR155C,YER159C-A,0,-3.745633,0.39806273579597473,0.8629999756813049,0.13050000369548798
YJR131W,YOL143C,0,-3.745748,0.3978792130947113,0.8629999756813049,0.1306000053882599
YDL046W,YCL074W,0,-3.7462597,0.3976958394050598,0.8629999756813049,0.1307000070810318
YJL170C,YIL106W,0,-3.7479722,0.39751267433166504,0.8629999756813049,0.13079999387264252
YMR068W,YDR103W,0,-3.74836,0.3973296582698822,0.8629999756813049,0.13089999556541443
YPL065W,YKL095W,0,-3.7492726,0.3971467912197113,0.8629999756813049,0.13099999725818634
YNR049C,YDR435C,0,-3.750054,0.3969641327857971,0.8629999756813049,0.13109999895095825
YHR059W,YKL051W,0,-3.7505786,0.3967816233634949,0.8629999756813049,0.13120000064373016
YMR037C,YDR131C,0,-3.750643,0.39659926295280457,0.8629999756813049,0.13130000233650208
YHR133C,YMR210W,1,-3.7531588,0.39687642455101013,0.8640000224113464,0.13130000233650208
YOR034C,YDL195W,0,-3.7537644,0.39669421315193176,0.8640000224113464,0.131400004029274
YNL268W,YER024W,0,-3.7542827,0.39651215076446533,0.8640000224113464,0.1315000057220459
YNR001C,YHR160C,0,-3.7554233,0.3963302671909332,0.8640000224113464,0.1316000074148178
YJR104C,YBL106C,0,-3.7556548,0.39614856243133545,0.8640000224113464,0.13169999420642853
YBL085W,YPR055W,0,-3.7561498,0.3959670066833496,0.8640000224113464,0.13179999589920044
YJL165C,YDR472W,0,-3.7585967,0.3957856297492981,0.8640000224113464,0.13189999759197235
YOL027C,YNL247W,0,-3.7592342,0.3956044018268585,0.8640000224113464,0.13199999928474426
YOR112W,YJL012C,0,-3.7607472,0.39542335271835327,0.8640000224113464,0.13210000097751617
YDL181W,YOL020W,0,-3.7632,0.39524245262145996,0.8640000224113464,0.13220000267028809
YPR103W,YKL214C,0,-3.7635272,0.395061731338501,0.8640000224113464,0.13230000436306
YML130C,YHR079C,0,-3.7639916,0.39488115906715393,0.8640000224113464,0.1324000060558319
YGL012W,YDR331W,1,-3.7640324,0.3951576054096222,0.8650000095367432,0.1324000060558319
YDR411C,YPL059W,0,-3.7641947,0.3949771821498871,0.8650000095367432,0.13249999284744263
YIL053W,YDR079C-A,0,-3.7643101,0.3947969079017639,0.8650000095367432,0.13259999454021454
YGR183C,YDR306C,0,-3.7643511,0.3946167826652527,0.8650000095367432,0.13269999623298645
YLR155C,YML058W-A,0,-3.7644353,0.3944368362426758,0.8650000095367432,0.13279999792575836
YCL012W,YLR285W,0,-3.7662842,0.3942570686340332,0.8650000095367432,0.13289999961853027
YFL003C,YOR346W,0,-3.7664015,0.39407745003700256,0.8650000095367432,0.13300000131130219
YDL232W,YDL224C,0,-3.7669106,0.39389801025390625,0.8650000095367432,0.1331000030040741
YLR160C,YDR207C,0,-3.7680566,0.3937187194824219,0.8650000095367432,0.133200004696846
YFL010W-A,YJL065C,0,-3.7684324,0.39353957772254944,0.8650000095367432,0.13330000638961792
YCR063W,YGL097W,0,-3.7689197,0.39336061477661133,0.8650000095367432,0.13339999318122864
YKL062W,YGR122W,0,-3.7690895,0.39318183064460754,0.8650000095367432,0.13349999487400055
YPR188C,YIL080W,0,-3.7712162,0.3930031657218933,0.8650000095367432,0.13359999656677246
YKR052C,YDR386W,0,-3.7729123,0.3928247094154358,0.8650000095367432,0.13369999825954437
YMR167W,YHR214C-B,0,-3.7729614,0.3926464021205902,0.8650000095367432,0.13379999995231628
YNL153C,YNL210W,0,-3.7729661,0.39246824383735657,0.8650000095367432,0.1339000016450882
YDL226C,YHL022C,0,-3.7737248,0.39229023456573486,0.8650000095367432,0.1340000033378601
YMR292W,YKR095W-A,0,-3.7738345,0.3921124339103699,0.8650000095367432,0.13410000503063202
YJL186W,YPR052C,0,-3.7742162,0.39193475246429443,0.8650000095367432,0.13420000672340393
YPR198W,YNL025C,0,-3.77616,0.3917572498321533,0.8650000095367432,0.13429999351501465
YJL106W,YPL050C,0,-3.7775815,0.39157989621162415,0.8650000095367432,0.13439999520778656
YGR199W,YGR129W,0,-3.7781706,0.3914027214050293,0.8650000095367432,0.13449999690055847
YIL036W,YAR009C,0,-3.7787578,0.3912256956100464,0.8650000095367432,0.13459999859333038
YLR155C,YPR046W,0,-3.7787797,0.3910488188266754,0.8650000095367432,0.1347000002861023
YLR347C,YIL153W,0,-3.780224,0.39087212085723877,0.8650000095367432,0.1348000019788742
YNL020C,YBR254C,0,-3.7822773,0.39069557189941406,0.8650000095367432,0.13490000367164612
YLL035W,YEL057C,0,-3.7827504,0.3905192017555237,0.8650000095367432,0.13500000536441803
YPR054W,YNL064C,0,-3.7827952,0.39034295082092285,0.8650000095367432,0.13510000705718994
YJR118C,YAR044W,0,-3.7829928,0.39016687870025635,0.8650000095367432,0.13519999384880066
YPL195W,YDL181W,0,-3.7834234,0.38999098539352417,0.8650000095367432,0.13529999554157257
YKL191W,YPL257W-B,0,-3.7838788,0.38981524109840393,0.8650000095367432,0.13539999723434448
YDR277C,YBR037C,0,-3.7845504,0.38963964581489563,0.8650000095367432,0.1354999989271164
YCR082W,YMR045C,0,-3.7848349,0.38946419954299927,0.8650000095367432,0.1356000006198883
YCR093W,YCL062W,0,-3.785692,0.38928893208503723,0.8650000095367432,0.13570000231266022
YFR019W,YNL264C,1,-3.787385,0.389563649892807,0.8659999966621399,0.13570000231266022
YDR277C,YFL036W,0,-3.7874713,0.3893885016441345,0.8659999966621399,0.13580000400543213
YLR274W,YCL001W,0,-3.7876446,0.3892134726047516,0.8659999966621399,0.13590000569820404
YJL004C,YKL119C,0,-3.7876546,0.389038622379303,0.8659999966621399,0.13600000739097595
YGR275W,YLR045C,0,-3.788068,0.3888639509677887,0.8659999966621399,0.13609999418258667
YBL006C,YBL088C,0,-3.788153,0.38868939876556396,0.8659999966621399,0.13619999587535858
YFL018C,YNL312W,0,-3.7884004,0.38851502537727356,0.8659999966621399,0.1362999975681305
YNL209W,YNL263C,0,-3.7901762,0.3883408010005951,0.8659999966621399,0.1363999992609024
YNL008C,YDR490C,0,-3.7913516,0.38816675543785095,0.8659999966621399,0.13650000095367432
YGL038C,YDR418W,0,-3.7927816,0.38799282908439636,0.8659999966621399,0.13660000264644623
YOL043C,YLR455W,0,-3.7931154,0.3878190815448761,0.8659999966621399,0.13670000433921814
YBL071W-A,YGR020C,0,-3.7937844,0.3876454830169678,0.8659999966621399,0.13680000603199005
YBL079W,YML061C,0,-3.7941306,0.3874720335006714,0.8659999966621399,0.13689999282360077
YNL131W,YKL075C,0,-3.7945712,0.38729873299598694,0.8659999966621399,0.13699999451637268
YMR184W,YLR301W,0,-3.796688,0.3871256113052368,0.8659999966621399,0.1370999962091446
YPR119W,YJR033C,0,-3.7972062,0.38695263862609863,0.8659999966621399,0.1371999979019165
YPL047W,YAR009C,0,-3.7975838,0.3867798149585724,0.8659999966621399,0.13729999959468842
YEL027W,YOL133W,0,-3.7980478,0.3866071403026581,0.8659999966621399,0.13740000128746033
YBR167C,YJR029W,0,-3.7982976,0.3864346146583557,0.8659999966621399,0.13750000298023224
YLR144C,YAR002W,0,-3.7994626,0.38626226782798767,0.8659999966621399,0.13760000467300415
YDL106C,YGR086C,0,-3.8007,0.38609007000923157,0.8659999966621399,0.13770000636577606
YPR198W,YBL007C,0,-3.801329,0.385917991399765,0.8659999966621399,0.13779999315738678
YBR098W,YGR005C,0,-3.801349,0.3857460916042328,0.8659999966621399,0.1378999948501587
YCR094W,YHR042W,1,-3.8018153,0.38601958751678467,0.8669999837875366,0.1378999948501587
YLL008W,YBR294W,0,-3.8025568,0.385847806930542,0.8669999837875366,0.1379999965429306
YOR002W,YKL110C,0,-3.8034742,0.38567614555358887,0.8669999837875366,0.13809999823570251
YBR237W,YIL135C,0,-3.8036895,0.38550466299057007,0.8669999837875366,0.13819999992847443
YGL116W,YKR055W,0,-3.8051865,0.3853333294391632,0.8669999837875366,0.13830000162124634
YLR274W,YKL070W,0,-3.8051958,0.3851621448993683,0.8669999837875366,0.13840000331401825
YJR091C,YMR087W,0,-3.805228,0.3849911093711853,0.8669999837875366,0.13850000500679016
YNL161W,YCR081W,0,-3.8052862,0.38482025265693665,0.8669999837875366,0.13860000669956207
YGR286C,YGR181W,0,-3.8056157,0.38464951515197754,0.8669999837875366,0.1386999934911728
YNL177C,YDR218C,0,-3.8058197,0.38447892665863037,0.8669999837875366,0.1387999951839447
YBR090C-A,YDR356W,0,-3.8080747,0.38430851697921753,0.8669999837875366,0.1388999968767166
YLL018C-A,YCR075C,0,-3.809871,0.38413822650909424,0.8669999837875366,0.13899999856948853
YGR038W,YDR498C,0,-3.8106134,0.3839681148529053,0.8669999837875366,0.13910000026226044
YGR286C,YHR065C,0,-3.8124907,0.38379815220832825,0.8669999837875366,0.13920000195503235
YPL101W,YJL012C,0,-3.813866,0.38362830877304077,0.8669999837875366,0.13930000364780426
YDR093W,YLR305C,1,-3.8147047,0.3839009404182434,0.8679999709129333,0.13930000364780426
YPR056W,YJL059W,0,-3.8147411,0.3837312161922455,0.8679999709129333,0.13940000534057617
YDR343C,YOR008C,0,-3.8155239,0.3835616409778595,0.8679999709129333,0.13950000703334808
YOR156C,YDL055C,0,-3.8160796,0.38339221477508545,0.8679999709129333,0.1395999938249588
YMR058W,YGR279C,0,-3.81614,0.3832229673862457,0.8679999709129333,0.1396999955177307
YER044C-A,YDL065C,0,-3.8161926,0.38305383920669556,0.8679999709129333,0.13979999721050262
YEL009C,YGR109W-B,0,-3.817141,0.3828848600387573,0.8679999709129333,0.13989999890327454
YNL312W,YCL074W,0,-3.8180134,0.3827160596847534,0.8679999709129333,0.14000000059604645
YHR205W,YJR156C,0,-3.8182406,0.38254737854003906,0.8679999709129333,0.14010000228881836
YDR054C,YGR010W,0,-3.8187435,0.38237884640693665,0.8679999709129333,0.14020000398159027
YNR001C,YDL108W,0,-3.8200166,0.38221049308776855,0.8679999709129333,0.14030000567436218
YGL021W,YBR127C,0,-3.821164,0.38204225897789,0.8679999709129333,0.1404000073671341
YPL192C,YIL082W-A,0,-3.8220553,0.3818741738796234,0.8679999709129333,0.1404999941587448
YBL098W,YDR045C,0,-3.8240573,0.38170623779296875,0.8679999709129333,0.14059999585151672
YLL016W,YHR050W,0,-3.8247957,0.381538450717926,0.8679999709129333,0.14069999754428864
YBR068C,YGL013C,0,-3.825034,0.38137081265449524,0.8679999709129333,0.14079999923706055
YMR081C,YIL122W,0,-3.8253179,0.3812033236026764,0.8679999709129333,0.14090000092983246
YLL060C,YHR083W,0,-3.825468,0.3810359835624695,0.8679999709129333,0.14100000262260437
YHL038C,YNL293W,0,-3.8276126,0.3808687925338745,0.8679999709129333,0.14110000431537628
YMR301C,YHR160C,0,-3.8282702,0.3807017505168915,0.8679999709129333,0.1412000060081482
YER027C,YBL030C,0,-3.8289444,0.3805348575115204,0.8679999709129333,0.1412999927997589
YCR039C,YDR181C,0,-3.8290417,0.38036808371543884,0.8679999709129333,0.14139999449253082
YGL058W,YDR293C,0,-3.8292997,0.3802014887332916,0.8679999709129333,0.14149999618530273
YBR185C,YJR068W,0,-3.8296287,0.38003501296043396,0.8679999709129333,0.14159999787807465
YAL040C,YPL026C,0,-3.8308272,0.3798687160015106,0.8679999709129333,0.14169999957084656
YGL020C,YNL012W,0,-3.8308837,0.37970253825187683,0.8679999709129333,0.14180000126361847
YBR195C,YJL026W,0,-3.8330553,0.379536509513855,0.8679999709129333,0.14190000295639038
YLR045C,YBR240C,0,-3.8334687,0.37937062978744507,0.8679999709129333,0.1420000046491623
YKL074C,YDL138W,0,-3.834556,0.3792048990726471,0.8679999709129333,0.1421000063419342
YDL134C,YER005W,0,-3.8346477,0.37903928756713867,0.8679999709129333,0.14219999313354492
YBL017C,YOR064C,0,-3.8351417,0.3788738548755646,0.8679999709129333,0.14229999482631683
YPL001W,YBR081C,0,-3.8361003,0.37870854139328003,0.8679999709129333,0.14239999651908875
YNL106C,YDR058C,1,-3.836243,0.37897950410842896,0.8690000176429749,0.14239999651908875
YER179W,YML058W-A,0,-3.8372686,0.37881430983543396,0.8690000176429749,0.14249999821186066
YBR207W,YFR029W,0,-3.8384397,0.3786492347717285,0.8690000176429749,0.14259999990463257
YJL219W,YJL148W,0,-3.838596,0.378484308719635,0.8690000176429749,0.14270000159740448
YCR040W,YNL290W,0,-3.8399763,0.37831956148147583,0.8690000176429749,0.1428000032901764
YNL031C,YIL017C,0,-3.840401,0.3781549036502838,0.8690000176429749,0.1429000049829483
YLR013W,YPR054W,0,-3.8407059,0.3779904246330261,0.8690000176429749,0.14300000667572021
YIL097W,YHR048W,0,-3.8413522,0.37782609462738037,0.8690000176429749,0.14309999346733093
YCR063W,YJL087C,0,-3.8413587,0.37766188383102417,0.8690000176429749,0.14319999516010284
YOL077W-A,YHR077C,0,-3.8427455,0.3774978220462799,0.8690000176429749,0.14329999685287476
YJR047C,YKL193C,0,-3.84349,0.3773339092731476,0.8690000176429749,0.14339999854564667
YDR198C,YBR083W,0,-3.8462412,0.3771701455116272,0.8690000176429749,0.14350000023841858
YLR155C,YMR100W,0,-3.8464673,0.37700650095939636,0.8690000176429749,0.1436000019311905
YAL020C,YML031W,0,-3.8473601,0.37684300541877747,0.8690000176429749,0.1437000036239624
YGR261C,YDR116C,0,-3.8480697,0.3766796588897705,0.8690000176429749,0.14380000531673431
YLR133W,YLR240W,1,-3.848244,0.3769497275352478,0.8700000047683716,0.14380000531673431
YKL011C,YOR232W,0,-3.8498027,0.3767865002155304,0.8700000047683716,0.14390000700950623
YMR208W,YJR110W,1,-3.8517666,0.3770562708377838,0.8709999918937683,0.14390000700950623
YAR019C,YER028C,0,-3.8523195,0.37689313292503357,0.8709999918937683,0.14399999380111694
YOR371C,YDR381W,0,-3.852502,0.3767301142215729,0.8709999918937683,0.14409999549388885
YNL053W,YIR012W,0,-3.8529704,0.37656721472740173,0.8709999918937683,0.14419999718666077
YHR187W,YBR043C,0,-3.8534276,0.3764044940471649,0.8709999918937683,0.14429999887943268
YER149C,YLR009W,0,-3.8536189,0.37624189257621765,0.8709999918937683,0.1444000005722046
YER035W,YIR015W,0,-3.8538957,0.3760794401168823,0.8709999918937683,0.1445000022649765
YKL143W,YOR116C,0,-3.8541362,0.37591713666915894,0.8709999918937683,0.1446000039577484
YBR247C,YFL002W-B,0,-3.8541868,0.3757549524307251,0.8709999918937683,0.14470000565052032
YCL012W,YEL022W,0,-3.8544734,0.3755929172039032,0.8709999918937683,0.14480000734329224
YHR205W,YGR054W,0,-3.8545063,0.37543103098869324,0.8709999918937683,0.14489999413490295
YPR201W,YDR335W,0,-3.8545601,0.3752692937850952,0.8709999918937683,0.14499999582767487
YKL201C,YPL147W,0,-3.8549416,0.37510767579078674,0.8709999918937683,0.14509999752044678
YPL048W,YLR451W,0,-3.8552337,0.3749461770057678,0.8709999918937683,0.1451999992132187
YML004C,YJL121C,0,-3.8555288,0.3747848570346832,0.8709999918937683,0.1453000009059906
YOR211C,YCL043C,0,-3.8559878,0.3746236562728882,0.8709999918937683,0.1454000025987625
YDL087C,YKL018W,0,-3.8565087,0.3744626045227051,0.8709999918937683,0.14550000429153442
YGL006W,YML028W,0,-3.857684,0.3743016719818115,0.8709999918937683,0.14560000598430634
YBR021W,YLL026W,0,-3.8583229,0.3741408884525299,0.8709999918937683,0.14569999277591705
YOR025W,YJL062W,1,-3.8586173,0.37440961599349976,0.871999979019165,0.14569999277591705
YDR142C,YER031C,0,-3.8586667,0.3742489218711853,0.871999979019165,0.14579999446868896
YGR288W,YGR086C,0,-3.8598258,0.3740883767604828,0.871999979019165,0.14589999616146088
YJL128C,YER138C,0,-3.8607202,0.3739279508590698,0.871999979019165,0.1459999978542328
YOR240W,YKL052C,0,-3.8612363,0.3737676739692688,0.871999979019165,0.1460999995470047
YPR024W,YDR065W,0,-3.863714,0.3736075460910797,0.871999979019165,0.1462000012397766
YLR175W,YHR004C,0,-3.8650696,0.3734475374221802,0.871999979019165,0.14630000293254852
YLR034C,YPL016W,0,-3.8660896,0.3732876777648926,0.871999979019165,0.14640000462532043
YAR002W,YER159C-A,0,-3.8674314,0.37312793731689453,0.871999979019165,0.14650000631809235
YNR054C,YKL201C,0,-3.8682902,0.3729683458805084,0.871999979019165,0.14659999310970306
YDR213W,YNL054W,1,-3.869169,0.37323641777038574,0.8730000257492065,0.14659999310970306
YBR095C,YML029W,0,-3.8719637,0.3730769157409668,0.8730000257492065,0.14669999480247498
YGL116W,YAL047C,0,-3.8725803,0.3729175627231598,0.8730000257492065,0.1467999964952469
YGL119W,YCR088W,0,-3.8732214,0.37275832891464233,0.8730000257492065,0.1468999981880188
YNL218W,YNL287W,0,-3.8732972,0.3725992441177368,0.8730000257492065,0.1469999998807907
YDL030W,YBR182C,0,-3.8735425,0.37244027853012085,0.8730000257492065,0.14710000157356262
YOL158C,YLR035C,0,-3.8736987,0.3722814619541168,0.8730000257492065,0.14720000326633453
YOL082W,YCL038C,0,-3.874211,0.37212276458740234,0.8730000257492065,0.14730000495910645
YGR244C,YOL028C,0,-3.874746,0.3719642162322998,0.8730000257492065,0.14740000665187836
YNL116W,YOL138C,0,-3.8750265,0.3718057870864868,0.8730000257492065,0.14749999344348907
YPR200C,YDR296W,0,-3.8756423,0.37164750695228577,0.8730000257492065,0.147599995136261
YMR287C,YNL248C,0,-3.8762681,0.37148937582969666,0.8730000257492065,0.1476999968290329
YLR361C,YJL139C,0,-3.8769002,0.3713313341140747,0.8730000257492065,0.1477999985218048
YMR168C,YPL046C,0,-3.8775098,0.3711734712123871,0.8730000257492065,0.14790000021457672
YFL010W-A,YJL154C,0,-3.8777158,0.371015727519989,0.8730000257492065,0.14800000190734863
YAL016W,YMR284W,0,-3.8778427,0.3708581030368805,0.8730000257492065,0.14810000360012054
YMR232W,YDR181C,0,-3.878397,0.3707006275653839,0.8730000257492065,0.14820000529289246
YOR043W,YAR009C,0,-3.8787305,0.37054330110549927,0.8730000257492065,0.14830000698566437
YDL230W,YKR014C,0,-3.878784,0.3703860938549042,0.8730000257492065,0.14839999377727509
YPL001W,YJR120W,0,-3.8788877,0.37022900581359863,0.8730000257492065,0.148499995470047
YML071C,YBR294W,0,-3.8798168,0.37007206678390503,0.8730000257492065,0.1485999971628189
YIR022W,YKR001C,0,-3.8804758,0.369915246963501,0.8730000257492065,0.14869999885559082
YML110C,YGR279C,0,-3.8809726,0.36975857615470886,0.8730000257492065,0.14880000054836273
YKL062W,YGL044C,0,-3.8814542,0.3696020245552063,0.8730000257492065,0.14890000224113464
YOR100C,YOR171C,1,-3.8816564,0.36986881494522095,0.8740000128746033,0.14890000224113464
YNL231C,YPR113W,1,-3.8826973,0.3701353669166565,0.875,0.14890000224113464
YDR363W-A,YBR289W,0,-3.882995,0.3699788451194763,0.875,0.14900000393390656
YGL113W,YDR369C,0,-3.8839726,0.3698224723339081,0.875,0.14910000562667847
YOL051W,YGL067W,0,-3.8846376,0.3696662485599518,0.875,0.14920000731945038
YML129C,YDR142C,0,-3.8852594,0.36951014399528503,0.875,0.1492999941110611
YOR250C,YPR182W,0,-3.885879,0.36935415863990784,0.875,0.149399995803833
YMR280C,YDR381W,0,-3.886688,0.3691983222961426,0.875,0.14949999749660492
YLR196W,YGL048C,0,-3.8870533,0.36904260516166687,0.875,0.14959999918937683
YGR261C,YNL008C,0,-3.8876896,0.3688870072364807,0.875,0.14970000088214874
YDL181W,YLR069C,0,-3.8888805,0.3687315583229065,0.875,0.14980000257492065
YGL180W,YNL027W,0,-3.8888881,0.3685762286186218,0.875,0.14990000426769257
YHR089C,YOR116C,0,-3.8894799,0.3684210479259491,0.875,0.15000000596046448
YOR034C,YBR021W,0,-3.8920267,0.3682659864425659,0.875,0.1500999927520752
YLR292C,YGR122W,0,-3.893555,0.3681110739707947,0.875,0.1501999944448471
YPL233W,YKR095W-A,0,-3.894383,0.3679562509059906,0.875,0.15029999613761902
YGR199W,YML076C,0,-3.8950326,0.36780160665512085,0.875,0.15039999783039093
YDL145C,YFR033C,0,-3.8960626,0.36764705181121826,0.875,0.15049999952316284
YOR103C,YDR328C,0,-3.8973553,0.3674926459789276,0.875,0.15060000121593475
YMR183C,YDL077C,0,-3.897496,0.3673383593559265,0.875,0.15070000290870667
YOR056C,YPL188W,0,-3.8975136,0.36718422174453735,0.875,0.15080000460147858
YIL139C,YLR466W,0,-3.8982818,0.36703020334243774,0.875,0.1509000062942505
YBR070C,YMR201C,0,-3.898642,0.3668763041496277,0.875,0.1509999930858612
YCR081W,YDL229W,0,-3.9006119,0.36672255396842957,0.875,0.15109999477863312
YER166W,YDL109C,1,-3.90173,0.36698785424232483,0.8759999871253967,0.15109999477863312
YGL240W,YDR337W,0,-3.9017806,0.3668341636657715,0.8759999871253967,0.15119999647140503
YMR145C,YCL062W,0,-3.9025004,0.3666806221008301,0.8759999871253967,0.15129999816417694
YOR243C,YGR109W-B,0,-3.9054573,0.3665271997451782,0.8759999871253967,0.15139999985694885
YPL265W,YCL062W,0,-3.9063084,0.3663738965988159,0.8759999871253967,0.15150000154972076
YDR421W,YDR285W,0,-3.9074113,0.36622074246406555,0.8759999871253967,0.15160000324249268
YGR077C,YGR094W,0,-3.9075854,0.36606770753860474,0.8759999871253967,0.1517000049352646
YFL057C,YLR319C,0,-3.9084842,0.36591479182243347,0.8759999871253967,0.1518000066280365
YAL031C,YOL039W,0,-3.9093564,0.36576199531555176,0.8759999871253967,0.15189999341964722
YJL208C,YGR169C,0,-3.9120119,0.365609347820282,0.8759999871253967,0.15199999511241913
YMR298W,YNL045W,1,-3.9122398,0.3658740222454071,0.8769999742507935,0.15199999511241913
YNL098C,YLR383W,0,-3.9130409,0.3657214343547821,0.8769999742507935,0.15209999680519104
YIL142W,YPR168W,0,-3.9132407,0.36556899547576904,0.8769999742507935,0.15219999849796295
YIL048W,YJL192C,0,-3.9149156,0.36541667580604553,0.8769999742507935,0.15230000019073486
YFR002W,YBR295W,0,-3.9153783,0.3652644753456116,0.8769999742507935,0.15240000188350677
YNL293W,YBR167C,0,-3.9160645,0.36511239409446716,0.8769999742507935,0.1525000035762787
YDL076C,YML058W,0,-3.9172926,0.3649604618549347,0.8769999742507935,0.1526000052690506
YLR013W,YPR134W,0,-3.9180415,0.3648086488246918,0.8769999742507935,0.1527000069618225
YML048W,YJL186W,0,-3.9187856,0.3646569550037384,0.8769999742507935,0.15279999375343323
YIL110W,YLR139C,0,-3.9190052,0.364505410194397,0.8769999742507935,0.15289999544620514
YOL023W,YMR167W,0,-3.9191759,0.3643539547920227,0.8769999742507935,0.15299999713897705
YPL256C,YML027W,0,-3.920586,0.3642026484012604,0.8769999742507935,0.15309999883174896
YKL185W,YKL002W,0,-3.920671,0.3640514612197876,0.8769999742507935,0.15320000052452087
YPL132W,YPL059W,0,-3.920737,0.36390042304992676,0.8769999742507935,0.15330000221729279
YHR171W,YDR057W,0,-3.9223988,0.3637494742870331,0.8769999742507935,0.1534000039100647
YNL094W,YGL206C,0,-3.9224575,0.36359867453575134,0.8769999742507935,0.1535000056028366
YPL019C,YGR161W-B,0,-3.9231236,0.36344799399375916,0.8769999742507935,0.15360000729560852
YPR010C,YML088W,0,-3.923261,0.3632974326610565,0.8769999742507935,0.15369999408721924
YFR027W,YNL070W,0,-3.924635,0.36314699053764343,0.8769999742507935,0.15379999577999115
YNR072W,YMR053C,0,-3.925194,0.3629966974258423,0.8769999742507935,0.15389999747276306
YMR097C,YJL004C,0,-3.9271839,0.3628464937210083,0.8769999742507935,0.15399999916553497
YLR086W,YPL060C-A,0,-3.9271843,0.36269643902778625,0.8769999742507935,0.15410000085830688
YKL011C,YGL172W,0,-3.927323,0.36254650354385376,0.8769999742507935,0.1542000025510788
YFL034C-B,YNL070W,0,-3.9275007,0.3623966872692108,0.8769999742507935,0.1543000042438507
YHL048W,YMR219W,0,-3.927891,0.3622470200061798,0.8769999742507935,0.15440000593662262
YNL327W,YDR092W,0,-3.928319,0.36209744215011597,0.8769999742507935,0.15449999272823334
YEL036C,YOL027C,0,-3.9293635,0.3619479835033417,0.8769999742507935,0.15459999442100525
YEL062W,YGL062W,0,-3.929529,0.3617986738681793,0.8769999742507935,0.15469999611377716
YGL063W,YPL128C,0,-3.929835,0.3616494834423065,0.8769999742507935,0.15479999780654907
YEL009C,YDR142C,0,-3.9307864,0.36150041222572327,0.8769999742507935,0.15489999949932098
YOL059W,YGR181W,0,-3.9317982,0.36135146021842957,0.8769999742507935,0.1550000011920929
YAL043C,YCR058C,0,-3.9319806,0.3612026274204254,0.8769999742507935,0.1551000028848648
YGL222C,YML006C,0,-3.932521,0.3610539436340332,0.8769999742507935,0.15520000457763672
YOL068C,YAL068C,0,-3.9335241,0.36090534925460815,0.8769999742507935,0.15530000627040863
YHR083W,YOR140W,0,-3.9336553,0.36075690388679504,0.8769999742507935,0.15539999306201935
YOR133W,YER159C-A,0,-3.9349148,0.3606085479259491,0.8769999742507935,0.15549999475479126
YPR187W,YHR206W,0,-3.936058,0.3604603409767151,0.8769999742507935,0.15559999644756317
YGL021W,YPL147W,0,-3.9364254,0.36031225323677063,0.8769999742507935,0.15569999814033508
YML071C,YOL105C,0,-3.9419045,0.3601642847061157,0.8769999742507935,0.155799999833107
YOL130W,YLR095C,0,-3.9431238,0.360016405582428,0.8769999742507935,0.1559000015258789
YJL108C,YOR210W,0,-3.944708,0.35986870527267456,0.8769999742507935,0.15600000321865082
YBL032W,YBL002W,0,-3.945787,0.3597210943698883,0.8769999742507935,0.15610000491142273
YEL031W,YDR320C,0,-3.9462752,0.3595736026763916,0.8769999742507935,0.15620000660419464
YLR201C,YER146W,0,-3.9472141,0.35942623019218445,0.8769999742507935,0.15629999339580536
YMR287C,YDR385W,0,-3.9488375,0.35927897691726685,0.8769999742507935,0.15639999508857727
YER172C,YGR112W,0,-3.9490583,0.3591318726539612,0.8769999742507935,0.15649999678134918
YLR381W,YJL128C,0,-3.949684,0.3589848577976227,0.8769999742507935,0.1565999984741211
YNL263C,YOR272W,0,-3.950823,0.35883796215057373,0.8769999742507935,0.156700000166893
YML088W,YEL057C,0,-3.950872,0.3586912155151367,0.8769999742507935,0.15680000185966492
YIR013C,YBR117C,0,-3.9531088,0.35854455828666687,0.8769999742507935,0.15690000355243683
YJR160C,YBR123C,0,-3.9545743,0.35839805006980896,0.8769999742507935,0.15700000524520874
YKL138C-A,YGR005C,0,-3.9550254,0.3582516312599182,0.8769999742507935,0.15710000693798065
YJR094C,YDR200C,0,-3.9564312,0.3581053614616394,0.8769999742507935,0.15719999372959137
YOR351C,YOR076C,0,-3.9564722,0.35795918107032776,0.8769999742507935,0.15729999542236328
YLR141W,YKR028W,0,-3.9568737,0.35781314969062805,0.8769999742507935,0.1573999971151352
YNL286W,YBL100W-B,0,-3.9570358,0.3576672077178955,0.8769999742507935,0.1574999988079071
YLR201C,YGR077C,0,-3.9586723,0.3575214147567749,0.8769999742507935,0.15760000050067902
YMR025W,YDL200C,0,-3.9587681,0.35737571120262146,0.8769999742507935,0.15770000219345093
YDR324C,YJL056C,0,-3.960121,0.35723015666007996,0.8769999742507935,0.15780000388622284
YHR026W,YCR062W,0,-3.9626226,0.3570846915245056,0.8769999742507935,0.15790000557899475
YOL021C,YBR240C,0,-3.963534,0.3569393455982208,0.8769999742507935,0.15800000727176666
YLR131C,YOR130C,0,-3.9644737,0.356794148683548,0.8769999742507935,0.15809999406337738
YDL035C,YMR183C,0,-3.9645612,0.3566490411758423,0.8769999742507935,0.1581999957561493
YNL139C,YPR137C-A,0,-3.9648287,0.35650405287742615,0.8769999742507935,0.1582999974489212
YNL059C,YOL156W,0,-3.9656827,0.35635921359062195,0.8769999742507935,0.15839999914169312
YPL275W,YLR165C,0,-3.9673471,0.3562144637107849,0.8769999742507935,0.15850000083446503
YDL159W,YCR102C,0,-3.96827,0.3560698330402374,0.8769999742507935,0.15860000252723694
YOR367W,YIL080W,0,-3.9688756,0.3559253215789795,0.8769999742507935,0.15870000422000885
YKL138C-A,YPL045W,0,-3.9691844,0.3557809293270111,0.8769999742507935,0.15880000591278076
YDL087C,YKL064W,0,-3.9694016,0.3556366562843323,0.8769999742507935,0.15889999270439148
YDL088C,YLR265C,0,-3.9696739,0.355492502450943,0.8769999742507935,0.1589999943971634
YLR155C,YHR086W,0,-3.9699738,0.35534846782684326,0.8769999742507935,0.1590999960899353
YBR058C,YKL214C,0,-3.9702115,0.3552045226097107,0.8769999742507935,0.15919999778270721
YPL119C,YJR127C,0,-3.9726837,0.35506072640419006,0.8769999742507935,0.15929999947547913
YIL066C,YNR034W,0,-3.9726875,0.354917049407959,0.8769999742507935,0.15940000116825104
YGR060W,YNL231C,1,-3.9735668,0.35517799854278564,0.878000020980835,0.15940000116825104
YKL048C,YGR109W-B,0,-3.9739387,0.35503438115119934,0.878000020980835,0.15950000286102295
YNL148C,YNL275W,0,-3.9748049,0.3548908531665802,0.878000020980835,0.15960000455379486
YKL007W,YNL317W,0,-3.9758468,0.354747474193573,0.878000020980835,0.15970000624656677
YHR171W,YBR275C,0,-3.9765325,0.35460421442985535,0.878000020980835,0.1597999930381775
YFL057C,YGR004W,0,-3.9781654,0.35446104407310486,0.878000020980835,0.1598999947309494
YCR088W,YCL069W,0,-3.9783702,0.3543179929256439,0.878000020980835,0.1599999964237213
YOR388C,YOL064C,0,-3.9784338,0.35417506098747253,0.878000020980835,0.16009999811649323
YFL045C,YPR133W-A,0,-3.9789424,0.3540322482585907,0.878000020980835,0.16019999980926514
YCR010C,YJR118C,0,-3.9793293,0.3538895547389984,0.878000020980835,0.16030000150203705
YKL154W,YGR109W-A,0,-3.9798224,0.3537469804286957,0.878000020980835,0.16040000319480896
YBR015C,YGR054W,0,-3.9802601,0.3536045253276825,0.878000020980835,0.16050000488758087
YIR015W,YHL012W,0,-3.980542,0.3534621596336365,0.878000020980835,0.16060000658035278
YGR214W,YHR178W,0,-3.981406,0.35331991314888,0.878000020980835,0.1606999933719635
YJL112W,YGR281W,0,-3.9814792,0.3531777858734131,0.878000020980835,0.1607999950647354
YGL153W,YDR300C,0,-3.981929,0.3530357778072357,0.878000020980835,0.16089999675750732
YOL095C,YDL140C,0,-3.981993,0.3528938889503479,0.878000020980835,0.16099999845027924
YJR077C,YFL035C-A,0,-3.9819934,0.35275211930274963,0.878000020980835,0.16110000014305115
YHR019C,YLL038C,0,-3.982585,0.35261043906211853,0.878000020980835,0.16120000183582306
YLL001W,YBL005W,0,-3.9831316,0.352468878030777,0.878000020980835,0.16130000352859497
YNL199C,YOL156W,0,-3.983767,0.352327436208725,0.878000020980835,0.16140000522136688
YPR175W,YPR081C,0,-3.9851248,0.3521861135959625,0.878000020980835,0.1615000069141388
YMR202W,YGR060W,1,-3.9856818,0.3524458706378937,0.8790000081062317,0.1615000069141388
YPR176C,YDR388W,0,-3.9858391,0.352304607629776,0.8790000081062317,0.1615999937057495
YDR277C,YPR052C,0,-3.9858832,0.3521634638309479,0.8790000081062317,0.16169999539852142
YLR175W,YBR182C,0,-3.9877512,0.3520224392414093,0.8790000081062317,0.16179999709129333
YOL130W,YNR053C,0,-3.9882002,0.3518815040588379,0.8790000081062317,0.16189999878406525
YOR113W,YDL046W,0,-3.9885252,0.35174068808555603,0.8790000081062317,0.16200000047683716
YLR127C,YFL002W-B,0,-3.988609,0.3515999913215637,0.8790000081062317,0.16210000216960907
YMR207C,YNL231C,1,-3.9902287,0.3518592417240143,0.8799999952316284,0.16210000216960907
YDL033C,YDR131C,0,-3.990617,0.35171863436698914,0.8799999952316284,0.16220000386238098
YLR391W,YDL140C,0,-3.9912026,0.35157811641693115,0.8799999952316284,0.1623000055551529
YNR074C,YGL257C,0,-3.9915602,0.35143768787384033,0.8799999952316284,0.1624000072479248
YFR028C,YPR198W,0,-3.9934728,0.35129740834236145,0.8799999952316284,0.16249999403953552
YGL028C,YBR214W,0,-3.9935098,0.35115721821784973,0.8799999952316284,0.16259999573230743
YML071C,YJL012C-A,0,-3.9937932,0.35101714730262756,0.8799999952316284,0.16269999742507935
YPL194W,YCL044C,0,-3.993962,0.35087719559669495,0.8799999952316284,0.16279999911785126
YPR033C,YOR373W,0,-3.9943027,0.3507373332977295,0.8799999952316284,0.16290000081062317
YOR002W,YGR161W-B,0,-3.995418,0.350597620010376,0.8799999952316284,0.16300000250339508
YPL275W,YJR145C,0,-3.9955611,0.3504579961299896,0.8799999952316284,0.163100004196167
YOR156C,YML027W,0,-3.996174,0.35031846165657043,0.8799999952316284,0.1632000058889389
YJR040W,YCL074W,0,-3.9974573,0.3501790761947632,0.8799999952316284,0.16329999268054962
YPL001W,YOR143C,0,-3.999418,0.3500397801399231,0.8799999952316284,0.16339999437332153
YLR189C,YBL011W,1,-4.0000935,0.3502981960773468,0.8809999823570251,0.16339999437332153
YHR094C,YOR256C,0,-4.000414,0.3501589894294739,0.8809999823570251,0.16349999606609344
YDR254W,YKL084W,0,-4.000528,0.3500198721885681,0.8809999823570251,0.16359999775886536
YKL138C-A,YML038C,0,-4.0019345,0.3498808443546295,0.8809999823570251,0.16369999945163727
YJR077C,YGR161W-B,0,-4.0020623,0.34974196553230286,0.8809999823570251,0.16380000114440918
YMR246W,YPL110C,1,-4.0025725,0.3499999940395355,0.8820000290870667,0.16380000114440918
YJL093C,YBL004W,0,-4.0042906,0.34986117482185364,0.8820000290870667,0.1639000028371811
YOR201C,YJR027W,0,-4.0043974,0.3497224450111389,0.8820000290870667,0.164000004529953
YKL138C-A,YKL053C-A,0,-4.005553,0.34958383440971375,0.8820000290870667,0.16410000622272491
YDR081C,YGR112W,0,-4.005761,0.34944531321525574,0.8820000290870667,0.16419999301433563
YPR103W,YGR122W,0,-4.005998,0.34930694103240967,0.8820000290870667,0.16429999470710754
YDR252W,YOL116W,0,-4.006288,0.34916865825653076,0.8820000290870667,0.16439999639987946
YGR244C,YDR285W,0,-4.0074606,0.349030464887619,0.8820000290870667,0.16449999809265137
YLR429W,YHL028W,0,-4.0080905,0.3488923907279968,0.8820000290870667,0.16459999978542328
YPL031C,YHR041C,0,-4.0088224,0.3487544357776642,0.8820000290870667,0.1647000014781952
YBL071W-A,YGL137W,0,-4.0090785,0.3486166000366211,0.8820000290870667,0.1648000031709671
YGR134W,YLL018C-A,0,-4.0094705,0.34847885370254517,0.8820000290870667,0.164900004863739
YHR038W,YDR078C,0,-4.0105333,0.3483412265777588,0.8820000290870667,0.16500000655651093
YDR378C,YER159C-A,0,-4.010686,0.34820371866226196,0.8820000290870667,0.16509999334812164
YLL008W,YHR181W,0,-4.011572,0.3480663001537323,0.8820000290870667,0.16519999504089355
YPL151C,YDL170W,0,-4.0121202,0.3479290008544922,0.8820000290870667,0.16529999673366547
YLL035W,YLR329W,0,-4.0136185,0.34779179096221924,0.8820000290870667,0.16539999842643738
YIL051C,YDL120W,0,-4.0140944,0.34765470027923584,0.8820000290870667,0.1655000001192093
YDR263C,YHR205W,0,-4.014385,0.347517728805542,0.8820000290870667,0.1656000018119812
YLR144C,YBR210W,0,-4.0144415,0.3473808467388153,0.8820000290870667,0.1657000035047531
YPL040C,YNL251C,0,-4.0154424,0.3472440838813782,0.8820000290870667,0.16580000519752502
YHR124W,YER074W-A,0,-4.0164332,0.3471074402332306,0.8820000290870667,0.16590000689029694
YJR091C,YLR254C,0,-4.0186815,0.34697088599205017,0.8820000290870667,0.16599999368190765
YPR057W,YGL222C,0,-4.0189123,0.3468344509601593,0.8820000290870667,0.16609999537467957
YPR068C,YDR148C,0,-4.018957,0.3466981053352356,0.8820000290870667,0.16619999706745148
YPL006W,YBR183W,1,-4.0205474,0.3469548225402832,0.8830000162124634,0.16619999706745148
YMR137C,YJL026W,0,-4.0208235,0.3468185365200043,0.8830000162124634,0.1662999987602234
YCR038C,YIL017C,0,-4.0244756,0.3466823697090149,0.8830000162124634,0.1664000004529953
YIL056W,YLR410W-B,0,-4.0249004,0.34654632210731506,0.8830000162124634,0.1665000021457672
YDL020C,YER082C,0,-4.025513,0.3464103639125824,0.8830000162124634,0.16660000383853912
YBL032W,YLR126C,0,-4.029266,0.3462744951248169,0.8830000162124634,0.16670000553131104
YPL174C,YPL274W,0,-4.029814,0.34613877534866333,0.8830000162124634,0.16680000722408295
YPR046W,YJR077C,0,-4.03041,0.34600314497947693,0.8830000162124634,0.16689999401569366
YML032C,YKR028W,0,-4.030472,0.3458676040172577,0.8830000162124634,0.16699999570846558
YGR002C,YDR131C,0,-4.030655,0.345732182264328,0.8830000162124634,0.1670999974012375
YNL020C,YER159C-A,0,-4.0307107,0.34559687972068787,0.8830000162124634,0.1671999990940094
YJR040W,YCR053W,0,-4.031213,0.3454616665840149,0.8830000162124634,0.1673000007867813
YMR012W,YGR275W,0,-4.03126,0.3453265428543091,0.8830000162124634,0.16740000247955322
YAL053W,YBR171W,0,-4.0324826,0.3451915681362152,0.8830000162124634,0.16750000417232513
YIR010W,YGL046W,0,-4.0324926,0.3450566530227661,0.8830000162124634,0.16760000586509705
YMR119W,YNL282W,0,-4.032689,0.34492188692092896,0.8830000162124634,0.16769999265670776
YOR240W,YHR181W,0,-4.033099,0.3447871804237366,0.8830000162124634,0.16779999434947968
YDL224C,YGR042W,0,-4.0335393,0.34465262293815613,0.8830000162124634,0.1678999960422516
YBR060C,YCR042C,0,-4.0339847,0.34451815485954285,0.8830000162124634,0.1679999977350235
YOR034C,YDR156W,0,-4.0340395,0.34438377618789673,0.8830000162124634,0.1680999994277954
YMR203W,YPR139C,0,-4.0352187,0.34424951672554016,0.8830000162124634,0.16820000112056732
YBR168W,YNL207W,0,-4.0367274,0.34411534667015076,0.8830000162124634,0.16830000281333923
YBR145W,YDR130C,0,-4.0368595,0.3439812958240509,0.8830000162124634,0.16840000450611115
YPL049C,YOL089C,0,-4.0369787,0.3438473641872406,0.8830000162124634,0.16850000619888306
YMR163C,YBL017C,0,-4.038199,0.34371352195739746,0.8830000162124634,0.16859999299049377
YBR015C,YLR043C,0,-4.038484,0.3435797691345215,0.8830000162124634,0.16869999468326569
YOL068C,YBR162C,0,-4.0386095,0.34344613552093506,0.8830000162124634,0.1687999963760376
YEL022W,YBR168W,0,-4.0397363,0.3433125913143158,0.8830000162124634,0.1688999980688095
YDR079C-A,YDL080C,0,-4.040209,0.3431791663169861,0.8830000162124634,0.16899999976158142
YNL099C,YCR062W,0,-4.041301,0.34304583072662354,0.8830000162124634,0.16910000145435333
YIL040W,YHR175W,0,-4.042273,0.34291261434555054,0.8830000162124634,0.16920000314712524
YMR044W,YKL028W,0,-4.042767,0.3427795171737671,0.8830000162124634,0.16930000483989716
YNL004W,YER159C-A,0,-4.0429673,0.3426464796066284,0.8830000162124634,0.16940000653266907
YHR157W,YCL001W,0,-4.043324,0.3425135910511017,0.8830000162124634,0.16949999332427979
YAL022C,YBR121C,0,-4.0445027,0.3423807621002197,0.8830000162124634,0.1695999950170517
YJL012C-A,YNL044W,0,-4.0458317,0.3422480523586273,0.8830000162124634,0.1696999967098236
YMR069W,YJL129C,0,-4.0470033,0.34211546182632446,0.8830000162124634,0.16979999840259552
YAL023C,YHR206W,0,-4.0473013,0.34198296070098877,0.8830000162124634,0.16990000009536743
YNL127W,YDR261W-B,0,-4.0474553,0.34185054898262024,0.8830000162124634,0.17000000178813934
YGR171C,YER094C,0,-4.0477867,0.34171825647354126,0.8830000162124634,0.17010000348091125
YPR001W,YDL033C,0,-4.0478587,0.34158608317375183,0.8830000162124634,0.17020000517368317
YML042W,YIL042C,0,-4.048213,0.3414539694786072,0.8830000162124634,0.17030000686645508
YLR293C,YML023C,0,-4.048306,0.34132200479507446,0.8830000162124634,0.1703999936580658
YMR250W,YDL181W,0,-4.048621,0.3411900997161865,0.8830000162124634,0.1704999953508377
YNL020C,YIR022W,0,-4.049232,0.34105831384658813,0.8830000162124634,0.17059999704360962
YMR186W,YDR532C,0,-4.050082,0.3409266471862793,0.8830000162124634,0.17069999873638153
YDR293C,YML115C,0,-4.050159,0.3407950699329376,0.8830000162124634,0.17080000042915344
YDR280W,YER024W,0,-4.050965,0.3406635820865631,0.8830000162124634,0.17090000212192535
YLR175W,YIR017C,0,-4.0524664,0.34053221344947815,0.8830000162124634,0.17100000381469727
YOR371C,YCR073W-A,0,-4.053275,0.34040093421936035,0.8830000162124634,0.17110000550746918
YNL167C,YGL249W,0,-4.0542865,0.3402697443962097,0.8830000162124634,0.1712000072002411
YHL028W,YJR027W,0,-4.05438,0.34013867378234863,0.8830000162124634,0.1712999939918518
YIL036W,YBR083W,0,-4.0546865,0.3400076925754547,0.8830000162124634,0.17139999568462372
YMR276W,YDL195W,0,-4.055111,0.33987683057785034,0.8830000162124634,0.17149999737739563
YLR088W,YBL039C,1,-4.055525,0.3401308059692383,0.8840000033378601,0.17149999737739563
YOR334W,YCL001W,0,-4.055717,0.3400000035762787,0.8840000033378601,0.17159999907016754
YPR017C,YLR246W,0,-4.055882,0.33986929059028625,0.8840000033378601,0.17170000076293945
YDR235W,YFL026W,0,-4.0571513,0.339738667011261,0.8840000033378601,0.17180000245571136
YOR079C,YLR335W,0,-4.057274,0.3396081328392029,0.8840000033378601,0.17190000414848328
YBR059C,YCR038C,0,-4.0574093,0.3394777178764343,0.8840000033378601,0.1720000058412552
YJR155W,YHR034C,0,-4.0577917,0.3393474221229553,0.8840000033378601,0.1720999926328659
YLR207W,YDR137W,0,-4.0586724,0.3392171859741211,0.8840000033378601,0.17219999432563782
YMR292W,YHL028W,0,-4.0587196,0.3390870690345764,0.8840000033378601,0.17229999601840973
YGL187C,YJR027W,0,-4.058799,0.3389570415019989,0.8840000033378601,0.17239999771118164
YJL095W,YGR132C,0,-4.059176,0.33882713317871094,0.8840000033378601,0.17249999940395355
YOL051W,YHR194W,0,-4.0594425,0.33869731426239014,0.8840000033378601,0.17260000109672546
YPL127C,YDR027C,0,-4.059754,0.3385675847530365,0.8840000033378601,0.17270000278949738
YJR055W,YOL038W,0,-4.0600867,0.3384379744529724,0.8840000033378601,0.1728000044822693
YBL085W,YOR137C,0,-4.060424,0.3383084535598755,0.8840000033378601,0.1729000061750412
YDR515W,YNR023W,0,-4.060964,0.3381790220737457,0.8840000033378601,0.17299999296665192
YLR157C,YNL218W,0,-4.061361,0.3380497097969055,0.8840000033378601,0.17309999465942383
YLR100W,YDR062W,1,-4.0617867,0.33830276131629944,0.8849999904632568,0.17309999465942383
YNL161W,YAL016W,0,-4.061914,0.3381734788417816,0.8849999904632568,0.17319999635219574
YOL011W,YJR110W,1,-4.064278,0.33842629194259644,0.8859999775886536,0.17319999635219574
YJL187C,YJL056C,0,-4.064521,0.3382970690727234,0.8859999775886536,0.17329999804496765
YOR034C,YPL140C,0,-4.0649915,0.3381679356098175,0.8859999775886536,0.17339999973773956
YPL095C,YFL031W,1,-4.0650253,0.33842045068740845,0.8870000243186951,0.17339999973773956
YNL097C,YGL039W,0,-4.065059,0.33829137682914734,0.8870000243186951,0.17350000143051147
YOR098C,YFL026W,0,-4.0655828,0.3381624221801758,0.8870000243186951,0.1736000031232834
YNR015W,YDR260C,0,-4.065673,0.338033527135849,0.8870000243186951,0.1737000048160553
YDR424C,YHR038W,0,-4.0682516,0.33790475130081177,0.8870000243186951,0.1738000065088272
YNL008C,YPR095C,0,-4.0711193,0.3377760946750641,0.8870000243186951,0.17389999330043793
YDR060W,YIR041W,0,-4.071225,0.3376474976539612,0.8870000243186951,0.17399999499320984
YGL194C,YLR346C,0,-4.071292,0.3375190198421478,0.8870000243186951,0.17409999668598175
YDR513W,YGL145W,0,-4.0720506,0.33739063143730164,0.8870000243186951,0.17419999837875366
YBR106W,YPL060C-A,0,-4.0725417,0.337262362241745,0.8870000243186951,0.17430000007152557
YLR205C,YLR084C,0,-4.0728917,0.3371341824531555,0.8870000243186951,0.17440000176429749
YGL226C-A,YLR039C,0,-4.074153,0.3370060920715332,0.8870000243186951,0.1745000034570694
YJL021C,YGR141W,0,-4.0756974,0.33687809109687805,0.8870000243186951,0.1746000051498413
YBR043C,YDR027C,0,-4.076466,0.33675017952919006,0.8870000243186951,0.17470000684261322
YOR099W,YLR035C-A,0,-4.0767035,0.3366223871707916,0.8870000243186951,0.17479999363422394
YKL170W,YNL090W,0,-4.0768237,0.33649468421936035,0.8870000243186951,0.17489999532699585
YLR148W,YFL033C,0,-4.0787044,0.33636707067489624,0.8870000243186951,0.17499999701976776
YPL270W,YJR043C,0,-4.079419,0.3362395763397217,0.8870000243186951,0.17509999871253967
YHR083W,YLR035C-A,0,-4.0794253,0.3361121714115143,0.8870000243186951,0.17520000040531158
YAL009W,YLR410W,0,-4.080458,0.33598485589027405,0.8870000243186951,0.1753000020980835
YDR309C,YJL056C,0,-4.0807805,0.335857629776001,0.8870000243186951,0.1754000037908554
YOR209C,YLR452C,0,-4.080908,0.33573049306869507,0.8870000243186951,0.17550000548362732
YDR252W,YNL161W,0,-4.081502,0.3356034755706787,0.8870000243186951,0.17560000717639923
YKL048C,YHR039C-B,0,-4.081631,0.3354765474796295,0.8870000243186951,0.17569999396800995
YGL244W,YDL038C,0,-4.0817733,0.3353497087955475,0.8870000243186951,0.17579999566078186
YML075C,YMR210W,1,-4.082116,0.33560091257095337,0.8880000114440918,0.17579999566078186
YGR041W,YDL153C,0,-4.082465,0.3354741334915161,0.8880000114440918,0.17589999735355377
YNL253W,YBR254C,0,-4.083026,0.335347443819046,0.8880000114440918,0.17599999904632568
YLR284C,YOR025W,1,-4.0834126,0.335598349571228,0.8889999985694885,0.17599999904632568
YBR145W,YHR160C,0,-4.084346,0.3354716897010803,0.8889999985694885,0.1761000007390976
YBR100W,YPL147W,0,-4.084561,0.33534514904022217,0.8889999985694885,0.1762000024318695
YOR159C,YKL088W,0,-4.086086,0.3352186977863312,0.8889999985694885,0.17630000412464142
YGL226C-A,YBR216C,0,-4.087881,0.33509233593940735,0.8889999985694885,0.17640000581741333
YKR007W,YIL007C,0,-4.088958,0.33496609330177307,0.8889999985694885,0.17649999260902405
YDR503C,YBR002C,1,-4.0890965,0.33521658182144165,0.8899999856948853,0.17649999260902405
YLR201C,YBR228W,0,-4.0897884,0.33509036898612976,0.8899999856948853,0.17659999430179596
YER116C,YGR221C,0,-4.0907683,0.33496424555778503,0.8899999856948853,0.17669999599456787
YDR219C,YGR038C-B,0,-4.0910554,0.33483821153640747,0.8899999856948853,0.17679999768733978
YLL038C,YDR292C,0,-4.0926075,0.33471229672431946,0.8899999856948853,0.1768999993801117
YBR080C,YOL020W,0,-4.0926685,0.3345864713191986,0.8899999856948853,0.1770000010728836
YPL248C,YJL054W,0,-4.0927715,0.3344607353210449,0.8899999856948853,0.17710000276565552
YGR222W,YLR191W,0,-4.09289,0.3343350887298584,0.8899999856948853,0.17720000445842743
YPR119W,YAL016W,0,-4.0932817,0.33420953154563904,0.8899999856948853,0.17730000615119934
YAL022C,YBR231C,0,-4.095249,0.33408409357070923,0.8899999856948853,0.17739999294281006
YGL252C,YGR161C-D,0,-4.096138,0.3339587152004242,0.8899999856948853,0.17749999463558197
YML120C,YIL082W-A,0,-4.0972075,0.3338334560394287,0.8899999856948853,0.17759999632835388
YDL132W,YAL024C,0,-4.097305,0.3337082862854004,0.8899999856948853,0.1776999980211258
YLR411W,YJR082C,0,-4.0974803,0.33358320593833923,0.8899999856948853,0.1777999997138977
YNR017W,YLR410W,0,-4.098092,0.33345821499824524,0.8899999856948853,0.17790000140666962
YGR098C,YOL023W,0,-4.0992117,0.3333333432674408,0.8899999856948853,0.17800000309944153
YNL131W,YGR281W,0,-4.09993,0.33320853114128113,0.8899999856948853,0.17810000479221344
YLR361C,YML025C,0,-4.1001577,0.333083838224411,0.8899999856948853,0.17820000648498535
YFR008W,YJR120W,0,-4.1001997,0.33295923471450806,0.8899999856948853,0.17829999327659607
YDL014W,YER003C,0,-4.1009235,0.3328346908092499,0.8899999856948853,0.17839999496936798
YMR167W,YAL029C,0,-4.101995,0.33271026611328125,0.8899999856948853,0.1784999966621399
YPL083C,YGR042W,0,-4.102714,0.3325859606266022,0.8899999856948853,0.1785999983549118
YGR171C,YOR129C,0,-4.1033792,0.33246171474456787,0.8899999856948853,0.17870000004768372
YJL198W,YDR477W,0,-4.103709,0.33233755826950073,0.8899999856948853,0.17880000174045563
YMR267W,YGR135W,0,-4.104305,0.33221352100372314,0.8899999856948853,0.17890000343322754
YLL035W,YBR205W,0,-4.104577,0.33208954334259033,0.8899999856948853,0.17900000512599945
YIR002C,YJR004C,0,-4.1057405,0.33196568489074707,0.8899999856948853,0.17910000681877136
YER068W,YLR126C,0,-4.1068697,0.33184191584587097,0.8899999856948853,0.17919999361038208
YLL042C,YPL047W,0,-4.108561,0.33171823620796204,0.8899999856948853,0.179299995303154
YJL127C,YPR121W,0,-4.108844,0.33159464597702026,0.8899999856948853,0.1793999969959259
YGR249W,YDR485C,0,-4.109732,0.33147114515304565,0.8899999856948853,0.17949999868869781
YOL039W,YJR028W,0,-4.110175,0.3313477337360382,0.8899999856948853,0.17960000038146973
YKR082W,YKR095W-A,0,-4.1103287,0.3312244117259979,0.8899999856948853,0.17970000207424164
YML059C,YNL054W,1,-4.11129,0.3314732015132904,0.890999972820282,0.17970000207424164
YPR006C,YIL082W-A,0,-4.1116767,0.3313499391078949,0.890999972820282,0.17980000376701355
YOR320C,YNL004W,0,-4.111783,0.33122676610946655,0.890999972820282,0.17990000545978546
YMR060C,YML027W,0,-4.1118593,0.33110368251800537,0.890999972820282,0.18000000715255737
YNR054C,YER159C-A,0,-4.11228,0.33098068833351135,0.890999972820282,0.1800999939441681
YER177W,YDR472W,0,-4.113492,0.3308577835559845,0.890999972820282,0.18019999563694
YDR034C-C,YDR365W-B,0,-4.116746,0.3307349681854248,0.890999972820282,0.18029999732971191
YGR280C,YDR240C,0,-4.1178455,0.3306122422218323,0.890999972820282,0.18039999902248383
YOR367W,YGL039W,0,-4.1188693,0.3304896056652069,0.890999972820282,0.18050000071525574
YNL030W,YDR261C-D,0,-4.1189165,0.3303670883178711,0.890999972820282,0.18060000240802765
YER162C,YGL098W,0,-4.119129,0.33024463057518005,0.890999972820282,0.18070000410079956
YER083C,YMR201C,0,-4.1196117,0.3301222622394562,0.890999972820282,0.18080000579357147
YCR037C,YDR260C,0,-4.119873,0.33000001311302185,0.890999972820282,0.1808999925851822
YIL007C,YBR212W,0,-4.1201315,0.3298778235912323,0.890999972820282,0.1809999942779541
YBR168W,YGL063W,0,-4.1217604,0.3297557234764099,0.890999972820282,0.181099995970726
YBR002C,YLR372W,1,-4.1226544,0.3300037086009979,0.8920000195503235,0.181099995970726
YAL031C,YER107C,0,-4.12274,0.3298816680908203,0.8920000195503235,0.18119999766349792
YPR008W,YGL039W,0,-4.122872,0.32975971698760986,0.8920000195503235,0.18129999935626984
YGR085C,YDR261W-B,0,-4.123492,0.3296378552913666,0.8920000195503235,0.18140000104904175
YLR067C,YDR079C-A,0,-4.1242843,0.32951608300209045,0.8920000195503235,0.18150000274181366
YDR276C,YPR178W,0,-4.1243663,0.3293944001197815,0.8920000195503235,0.18160000443458557
YER114C,YGR024C,0,-4.1250386,0.3292728066444397,0.8920000195503235,0.18170000612735748
YER108C,YGL008C,0,-4.1252966,0.32915130257606506,0.8920000195503235,0.1817999929189682
YNL148C,YJL047C,0,-4.1253185,0.3290298879146576,0.8920000195503235,0.1818999946117401
YDL132W,YAL016W,0,-4.1266828,0.3289085626602173,0.8920000195503235,0.18199999630451202
YIL144W,YDR306C,0,-4.127519,0.32878732681274414,0.8920000195503235,0.18209999799728394
YDL100C,YKL059C,0,-4.1277237,0.32866618037223816,0.8920000195503235,0.18219999969005585
YDR427W,YDL038C,0,-4.130613,0.32854512333869934,0.8920000195503235,0.18230000138282776
YJL073W,YHL022C,0,-4.130822,0.3284241557121277,0.8920000195503235,0.18240000307559967
YDR147W,YDR437W,1,-4.1308565,0.32867133617401123,0.8930000066757202,0.18240000307559967
YMR035W,YMR096W,0,-4.1310153,0.32855039834976196,0.8930000066757202,0.18250000476837158
YOR156C,YCR027C,0,-4.1315575,0.32842957973480225,0.8930000066757202,0.1826000064611435
YLR291C,YCL062W,0,-4.132346,0.3283088207244873,0.8930000066757202,0.1826999932527542
YLR028C,YOR381W,0,-4.1330214,0.3281881809234619,0.8930000066757202,0.18279999494552612
YNL291C,YDL106C,0,-4.133226,0.3280676007270813,0.8930000066757202,0.18289999663829803
YPR171W,YMR140W,0,-4.1345167,0.32794710993766785,0.8930000066757202,0.18299999833106995
YKL205W,YHR056C,0,-4.135784,0.32782673835754395,0.8930000066757202,0.18310000002384186
YDL093W,YKL086W,0,-4.1359,0.3277064263820648,0.8930000066757202,0.18320000171661377
YMR246W,YDR302W,1,-4.1363373,0.327953040599823,0.8939999938011169,0.18320000171661377
YCL012W,YMR088C,0,-4.137668,0.32783278822898865,0.8939999938011169,0.18330000340938568
YIL004C,YPL092W,0,-4.1392584,0.3277125954627991,0.8939999938011169,0.1834000051021576
YBR010W,YBR098W,0,-4.1393423,0.32759252190589905,0.8939999938011169,0.1835000067949295
YNL333W,YBR152W,0,-4.1394787,0.3274725377559662,0.8939999938011169,0.18359999358654022
YDR137W,YKL070W,0,-4.1395383,0.3273526132106781,0.8939999938011169,0.18369999527931213
YML092C,YLR055C,0,-4.1398873,0.32723280787467957,0.8939999938011169,0.18379999697208405
YNL111C,YEL050C,1,-4.140064,0.32747897505760193,0.8949999809265137,0.18379999697208405
YJL125C,YFL058W,0,-4.1409397,0.3273591697216034,0.8949999809265137,0.18389999866485596
YDL088C,YDL095W,0,-4.141941,0.3272394835948944,0.8949999809265137,0.18400000035762787
YFR028C,YML092C,0,-4.1422625,0.3271198868751526,0.8949999809265137,0.18410000205039978
YOR079C,YOR004W,0,-4.1425505,0.32700037956237793,0.8949999809265137,0.1842000037431717
YFL036W,YJR004C,0,-4.142862,0.32688093185424805,0.8949999809265137,0.1843000054359436
YBR136W,YDR277C,0,-4.1429605,0.3267616033554077,0.8949999809265137,0.18440000712871552
YML129C,YNL206C,0,-4.1433787,0.32664233446121216,0.8949999809265137,0.18449999392032623
YML023C,YBR088C,0,-4.1453824,0.32652315497398376,0.8949999809265137,0.18459999561309814
YLR189C,YGL012W,1,-4.1455064,0.32676878571510315,0.8960000276565552,0.18459999561309814
YPL267W,YCR058C,0,-4.145517,0.32664966583251953,0.8960000276565552,0.18469999730587006
YPR138C,YER120W,0,-4.1457214,0.3265306055545807,0.8960000276565552,0.18479999899864197
YNL199C,YLR337C,0,-4.146623,0.3264116644859314,0.8960000276565552,0.18490000069141388
YFR047C,YDR148C,0,-4.147252,0.3262927830219269,0.8960000276565552,0.1850000023841858
YOR026W,YGL046W,0,-4.148158,0.3261740207672119,0.8960000276565552,0.1851000040769577
YLL043W,YBR152W,0,-4.1485047,0.3260553181171417,0.8960000276565552,0.18520000576972961
YLR332W,YJL054W,0,-4.1490736,0.3259367048740387,0.8960000276565552,0.18529999256134033
YLL026W,YBR275C,0,-4.150365,0.32581818103790283,0.8960000276565552,0.18539999425411224
YGL206C,YAL031C,0,-4.150718,0.32569974660873413,0.8960000276565552,0.18549999594688416
YBR274W,YNL068C,0,-4.1507425,0.3255814015865326,0.8960000276565552,0.18559999763965607
YLR166C,YDL244W,0,-4.1511183,0.3254631459712982,0.8960000276565552,0.18569999933242798
YDR472W,YOL028C,0,-4.151324,0.3253449499607086,0.8960000276565552,0.1858000010251999
YLL006W,YPL133C,0,-4.1516333,0.32522687315940857,0.8960000276565552,0.1859000027179718
YJL001W,YGR161W-B,0,-4.1518745,0.3251088559627533,0.8960000276565552,0.1860000044107437
YFL034C-B,YNL098C,0,-4.15273,0.3249909281730652,0.8960000276565552,0.18610000610351562
YMR119W,YOL078W,0,-4.1547613,0.32487308979034424,0.8960000276565552,0.18619999289512634
YDR299W,YPR016C,0,-4.156005,0.32475534081459045,0.8960000276565552,0.18629999458789825
YJL005W,YJR066W,0,-4.156096,0.32463768124580383,0.8960000276565552,0.18639999628067017
YBR039W,YDR343C,0,-4.1579576,0.3245201110839844,0.8960000276565552,0.18649999797344208
YER145C,YPR165W,0,-4.1599197,0.3244026005268097,0.8960000276565552,0.186599999666214
YIL159W,YGR171C,0,-4.1599255,0.32428520917892456,0.8960000276565552,0.1867000013589859
YPL002C,YJL012C-A,0,-4.161169,0.3241678774356842,0.8960000276565552,0.1868000030517578
YJR078W,YBR210W,0,-4.162325,0.324050635099411,0.8960000276565552,0.18690000474452972
YEL036C,YER007W,0,-4.163905,0.323933482170105,0.8960000276565552,0.18700000643730164
YDL135C,YIL076W,0,-4.1646185,0.3238164186477661,0.8960000276565552,0.18709999322891235
YLL001W,YCR084C,0,-4.1658564,0.323699414730072,0.8960000276565552,0.18719999492168427
YHR148W,YLR403W,0,-4.1659894,0.3235825300216675,0.8960000276565552,0.18729999661445618
YOR030W,YGR212W,0,-4.1664734,0.3234657049179077,0.8960000276565552,0.1873999983072281
YHR139C,YLR234W,0,-4.166484,0.3233489692211151,0.8960000276565552,0.1875
YJR108W,YDL181W,0,-4.1676693,0.3232323229312897,0.8960000276565552,0.1876000016927719
YNL133C,YBR105C,0,-4.1679926,0.3231157660484314,0.8960000276565552,0.18770000338554382
YBR247C,YMR051C,0,-4.1692424,0.3229992687702179,0.8960000276565552,0.18780000507831573
YPL163C,YLR249W,0,-4.1712413,0.32288289070129395,0.8960000276565552,0.18790000677108765
YOR140W,YNL046W,0,-4.171491,0.32276657223701477,0.8960000276565552,0.18799999356269836
YBR038W,YPR139C,0,-4.1717186,0.32265034317970276,0.8960000276565552,0.18809999525547028
YAL020C,YGL210W-A,0,-4.1720433,0.3225342035293579,0.8960000276565552,0.1881999969482422
YNL275W,YLR095C,0,-4.172342,0.32241812348365784,0.8960000276565552,0.1882999986410141
YHL031C,YBR293W,0,-4.172513,0.3223021626472473,0.8960000276565552,0.188400000333786
YLR160C,YDL244W,0,-4.1729827,0.32218626141548157,0.8960000276565552,0.18850000202655792
YAL059W,YBL041W,0,-4.1729956,0.322070449590683,0.8960000276565552,0.18860000371932983
YDL014W,YLR329W,0,-4.175342,0.32195472717285156,0.8960000276565552,0.18870000541210175
YIR041W,YPL210C,0,-4.1754465,0.3218390941619873,0.8960000276565552,0.18880000710487366
YLR391W,YDL040C,0,-4.1763325,0.3217235207557678,0.8960000276565552,0.18889999389648438
YNL101W,YHR039C-B,0,-4.1766043,0.3216080367565155,0.8960000276565552,0.1889999955892563
YFL031W,YDR123C,1,-4.1778774,0.3218514621257782,0.8970000147819519,0.1889999955892563
YJL073W,YKL175W,0,-4.1794033,0.32173600792884827,0.8970000147819519,0.1890999972820282
YNL282W,YDL060W,0,-4.1794205,0.3216206431388855,0.8970000147819519,0.1891999989748001
YDR545W,YDR210W-B,0,-4.179867,0.3215053677558899,0.8970000147819519,0.18930000066757202
YCR071C,YGL090W,0,-4.180501,0.32139018177986145,0.8970000147819519,0.18940000236034393
YOR028C,YPR017C,0,-4.1806173,0.32127508521080017,0.8970000147819519,0.18950000405311584
YNL021W,YOR195W,0,-4.181142,0.32116004824638367,0.8970000147819519,0.18960000574588776
YBL085W,YLR224W,0,-4.181153,0.3210451006889343,0.8970000147819519,0.18970000743865967
YBL030C,YDR265W,0,-4.1825533,0.32093024253845215,0.8970000147819519,0.18979999423027039
YAL031C,YCL043C,0,-4.183079,0.32081544399261475,0.8970000147819519,0.1898999959230423
YBL007C,YJL012C-A,0,-4.1842823,0.3207007646560669,0.8970000147819519,0.1899999976158142
YER159C,YNL025C,0,-4.184551,0.3205861449241638,0.8970000147819519,0.19009999930858612
YDL130W,YJL035C,0,-4.1846266,0.3204715847969055,0.8970000147819519,0.19020000100135803
YGL044C,YIL022W,0,-4.185687,0.32035714387893677,0.8970000147819519,0.19030000269412994
YNL068C,YER138C,0,-4.185871,0.3202427625656128,0.8970000147819519,0.19040000438690186
YNL075W,YPR007C,0,-4.18696,0.320128470659256,0.8970000147819519,0.19050000607967377
YJR131W,YOL004W,0,-4.187763,0.32001426815986633,0.8970000147819519,0.19059999287128448
YML077W,YOL003C,0,-4.187974,0.31990015506744385,0.8970000147819519,0.1906999945640564
YBR168W,YGR185C,0,-4.1886253,0.31978610157966614,0.8970000147819519,0.1907999962568283
YGR094W,YCL075W,0,-4.188958,0.3196721374988556,0.8970000147819519,0.19089999794960022
YJL121C,YLR410W-B,0,-4.1893826,0.3195582330226898,0.8970000147819519,0.19099999964237213
YLR347C,YNL177C,0,-4.190483,0.3194444477558136,0.8970000147819519,0.19110000133514404
YBR237W,YGL046W,0,-4.1907864,0.31933072209358215,0.8970000147819519,0.19120000302791595
YEL042W,YIL042C,0,-4.190942,0.31921708583831787,0.8970000147819519,0.19130000472068787
YOR368W,YGL046W,0,-4.192259,0.31910350918769836,0.8970000147819519,0.19140000641345978
YCR065W,YDR450W,0,-4.193641,0.3189900517463684,0.8970000147819519,0.1914999932050705
YIL062C,YKR095W-A,0,-4.1937423,0.3188766539096832,0.8970000147819519,0.1915999948978424
YNL326C,YDL236W,0,-4.193989,0.3187633156776428,0.8970000147819519,0.19169999659061432
YGL222C,YDR409W,0,-4.1939936,0.31865009665489197,0.8970000147819519,0.19179999828338623
YKL138C-A,YGL058W,0,-4.1940427,0.3185369372367859,0.8970000147819519,0.19189999997615814
YDL020C,YMR149W,0,-4.194078,0.318423867225647,0.8970000147819519,0.19200000166893005
YCR020W-B,YAL025C,0,-4.195938,0.31831085681915283,0.8970000147819519,0.19210000336170197
YGL142C,YOR171C,1,-4.196099,0.3185526728630066,0.8980000019073486,0.19210000336170197
YCR020C-A,YDR240C,0,-4.1966047,0.3184397220611572,0.8980000019073486,0.19220000505447388
YPL268W,YDR306C,0,-4.197033,0.31832683086395264,0.8980000019073486,0.1923000067472458
YOR201C,YPL031C,0,-4.197381,0.3182140290737152,0.8980000019073486,0.1923999935388565
YKL191W,YOL095C,0,-4.1980276,0.31810131669044495,0.8980000019073486,0.19249999523162842
YKL038W,YLR136C,0,-4.199299,0.31798866391181946,0.8980000019073486,0.19259999692440033
YLR110C,YNL328C,0,-4.2009373,0.31787610054016113,0.8980000019073486,0.19269999861717224
YGR007W,YBR058C-A,1,-4.2009916,0.3181174695491791,0.8989999890327454,0.19269999861717224
YDR062W,YCL003W,1,-4.2011023,0.3183586895465851,0.8999999761581421,0.19269999861717224
YLR097C,YNL251C,0,-4.2012353,0.31824609637260437,0.8999999761581421,0.19280000030994415
YER014C-A,YOR217W,0,-4.2017336,0.3181336224079132,0.8999999761581421,0.19290000200271606
YOL076W,YDR435C,0,-4.2021923,0.3180212080478668,0.8999999761581421,0.19300000369548798
YDR141C,YJR139C,0,-4.203013,0.3179088532924652,0.8999999761581421,0.1931000053882599
YLR113W,YNR048W,0,-4.203356,0.31779661774635315,0.8999999761581421,0.1932000070810318
YAL029C,YFL002W-B,0,-4.2038374,0.31768444180488586,0.8999999761581421,0.19329999387264252
YPL037C,YPL190C,0,-4.2043343,0.31757232546806335,0.8999999761581421,0.19339999556541443
YBL084C,YIL112W,0,-4.205381,0.3174603283405304,0.8999999761581421,0.19349999725818634
YEL042W,YDR137W,0,-4.205621,0.3173483908176422,0.8999999761581421,0.19359999895095825
YDR477W,YDL080C,0,-4.2066298,0.3172365128993988,0.8999999761581421,0.19370000064373016
YKL192C,YMR208W,1,-4.207864,0.31747710704803467,0.9010000228881836,0.19370000064373016
YGR041W,YAL016W,0,-4.2086215,0.31736525893211365,0.9010000228881836,0.19380000233650208
YJR118C,YPL058C,0,-4.2088103,0.3172535300254822,0.9010000228881836,0.193900004029274
YBR126C,YGL227W,0,-4.2100163,0.3171418607234955,0.9010000228881836,0.1940000057220459
YNL288W,YPL270W,0,-4.210563,0.31703025102615356,0.9010000228881836,0.1941000074148178
YDR170C,YDR545W,0,-4.210941,0.3169187605381012,0.9010000228881836,0.19419999420642853
YPL194W,YPL050C,0,-4.211334,0.3168072998523712,0.9010000228881836,0.19429999589920044
YBR123C,YDR261W-B,0,-4.2115564,0.3166959583759308,0.9010000228881836,0.19439999759197235
YLR052W,YHR031C,0,-4.211978,0.31658467650413513,0.9010000228881836,0.19449999928474426
YCR094W,YLR305C,1,-4.212076,0.316824734210968,0.9020000100135803,0.19449999928474426
YOL051W,YER138C,0,-4.2124667,0.31671348214149475,0.9020000100135803,0.19460000097751617
YGR169C,YPL012W,0,-4.2126346,0.31660231947898865,0.9020000100135803,0.19470000267028809
YER014C-A,YGR122W,0,-4.212832,0.3164912164211273,0.9020000100135803,0.19480000436306
YOR014W,YKL051W,0,-4.212907,0.31638020277023315,0.9020000100135803,0.1949000060558319
YDL135C,YBL106C,0,-4.2130957,0.31626927852630615,0.9020000100135803,0.19499999284744263
YDL181W,YCR037C,0,-4.2131286,0.3161584436893463,0.9020000100135803,0.19509999454021454
YOR030W,YNL243W,0,-4.2134027,0.31604763865470886,0.9020000100135803,0.19519999623298645
YNL009W,YGR202C,1,-4.2140727,0.31628721952438354,0.902999997138977,0.19519999623298645
YPL106C,YJR027W,0,-4.214316,0.31617647409439087,0.902999997138977,0.19529999792575836
YML051W,YLR035C,0,-4.2148066,0.31606581807136536,0.902999997138977,0.19539999961853027
YER027C,YDL087C,0,-4.2151203,0.3159552216529846,0.902999997138977,0.19550000131130219
YKR003W,YNL231C,1,-4.216123,0.31619447469711304,0.9039999842643738,0.19550000131130219
YLR110C,YOL012C,0,-4.216138,0.3160839080810547,0.9039999842643738,0.1956000030040741
YNL294C,YBR117C,0,-4.2162366,0.3159734308719635,0.9039999842643738,0.195700004696846
YLR080W,YDR320C,0,-4.2185564,0.3158630430698395,0.9039999842643738,0.19580000638961792
YJL106W,YFL045C,0,-4.2187834,0.31575271487236023,0.9039999842643738,0.19589999318122864
YPL026C,YDR098C-B,0,-4.2187886,0.31564244627952576,0.9039999842643738,0.19599999487400055
YJR083C,YCL012W,0,-4.219296,0.31553229689598083,0.9039999842643738,0.19609999656677246
YMR199W,YGL090W,0,-4.2194643,0.3154221773147583,0.9039999842643738,0.19619999825954437
YPR081C,YGR212W,0,-4.219808,0.3153121769428253,0.9039999842643738,0.19629999995231628
YNL291C,YMR004W,0,-4.2199926,0.3152022361755371,0.9039999842643738,0.1964000016450882
YOR081C,YPL206C,1,-4.220228,0.31544092297554016,0.9049999713897705,0.1964000016450882
YAL068C,YDL236W,0,-4.220667,0.31533101201057434,0.9049999713897705,0.1965000033378601
YMR299C,YPR051W,0,-4.2212014,0.3152211904525757,0.9049999713897705,0.19660000503063202
YGR258C,YDR065W,0,-4.221382,0.3151114284992218,0.9049999713897705,0.19670000672340393
YFL035C-A,YGL153W,0,-4.2220697,0.3150017261505127,0.9049999713897705,0.19679999351501465
YLR096W,YBL020W,0,-4.2226377,0.31489214301109314,0.9049999713897705,0.19689999520778656
YNL327W,YBR214W,0,-4.223049,0.31478261947631836,0.9049999713897705,0.19699999690055847
YOR095C,YOR018W,0,-4.2236776,0.31467315554618835,0.9049999713897705,0.19709999859333038
YDR517W,YGR070W,0,-4.2237663,0.3145637810230255,0.9049999713897705,0.1972000002861023
YDR123C,YDR062W,1,-4.2250814,0.3148019313812256,0.906000018119812,0.1972000002861023
YGL071W,YDR205W,0,-4.2254233,0.3146926164627075,0.906000018119812,0.1973000019788742
YCR098C,YFL035C-A,0,-4.225491,0.31458333134651184,0.906000018119812,0.19740000367164612
YHR124W,YBL033C,0,-4.22645,0.3144741356372833,0.906000018119812,0.19750000536441803
YOR036W,YLR059C,0,-4.228048,0.314365029335022,0.906000018119812,0.19760000705718994
YPL161C,YGR155W,0,-4.228342,0.3142559826374054,0.906000018119812,0.19769999384880066
YLR426W,YPR158C-D,0,-4.230161,0.314147025346756,0.906000018119812,0.19779999554157257
YAL040C,YOR181W,0,-4.2312403,0.31403812766075134,0.906000018119812,0.19789999723434448
YMR299C,YKR001C,0,-4.231536,0.31392931938171387,0.906000018119812,0.1979999989271164
YNL135C,YIL029C,0,-4.2318296,0.31382057070732117,0.906000018119812,0.1981000006198883
YMR038C,YPR016C,0,-4.231847,0.31371191143989563,0.906000018119812,0.19820000231266022
YAL031C,YPL140C,0,-4.231968,0.31360331177711487,0.906000018119812,0.19830000400543213
YLR431C,YKL075C,0,-4.2320123,0.31349480152130127,0.906000018119812,0.19840000569820404
YFR004W,YJL059W,0,-4.2324033,0.31338638067245483,0.906000018119812,0.19850000739097595
YGL206C,YDR260C,0,-4.2327595,0.3132780194282532,0.906000018119812,0.19859999418258667
YOL055C,YAR009C,0,-4.2333326,0.3131697177886963,0.906000018119812,0.19869999587535858
YFR004W,YBR162C,0,-4.2334766,0.31306150555610657,0.906000018119812,0.1987999975681305
YLR394W,YOR040W,0,-4.2341185,0.312953382730484,0.906000018119812,0.1988999992609024
YLR144C,YDL113C,0,-4.2343574,0.31284528970718384,0.906000018119812,0.19900000095367432
YER159C,YGL238W,0,-4.2347507,0.3127373158931732,0.906000018119812,0.19910000264644623
YPL100W,YBL041W,0,-4.235305,0.3126294016838074,0.906000018119812,0.19920000433921814
YAL031C,YIL082W-A,0,-4.2379417,0.3125215470790863,0.906000018119812,0.19930000603199005
YOR363C,YMR006C,1,-4.2382026,0.3127586245536804,0.9070000052452087,0.19930000603199005
YML099C,YPL036W,0,-4.2383804,0.31265079975128174,0.9070000052452087,0.19939999282360077
YGL122C,YGR161W-B,0,-4.238685,0.3125430643558502,0.9070000052452087,0.19949999451637268
YGL071W,YML118W,0,-4.239826,0.31243541836738586,0.9070000052452087,0.1995999962091446
YDR160W,YGR281W,0,-4.239854,0.3123278319835663,0.9070000052452087,0.1996999979019165
YKL192C,YER015W,1,-4.239969,0.31256455183029175,0.9079999923706055,0.1996999979019165
YAL022C,YAL024C,0,-4.240325,0.31245699524879456,0.9079999923706055,0.19979999959468842
YBR290W,YIL109C,0,-4.2426367,0.31234949827194214,0.9079999923706055,0.19990000128746033
YGL084C,YOR147W,0,-4.243488,0.3122420907020569,0.9079999923706055,0.20000000298023224
YPR111W,YER083C,0,-4.2438736,0.3121347427368164,0.9079999923706055,0.20010000467300415
YDR384C,YBR153W,0,-4.2439623,0.3120274841785431,0.9079999923706055,0.20020000636577606
YKL166C,YPR125W,0,-4.244712,0.31192031502723694,0.9079999923706055,0.20029999315738678
YBR244W,YJL128C,0,-4.245799,0.3118131756782532,0.9079999923706055,0.2003999948501587
YCR040W,YGL067W,0,-4.247106,0.31170615553855896,0.9079999923706055,0.2004999965429306
YPL122C,YHR048W,0,-4.247239,0.31159916520118713,0.9079999923706055,0.20059999823570251
YHR004C,YPL268W,0,-4.2474375,0.31149229407310486,0.9079999923706055,0.20069999992847443
YER014C-A,YPR010C,0,-4.2481036,0.31138545274734497,0.9079999923706055,0.20080000162124634
YPR155C,YNL055C,0,-4.2483315,0.31127870082855225,0.9079999923706055,0.20090000331401825
YNL118C,YBL017C,0,-4.248505,0.3111720383167267,0.9079999923706055,0.20100000500679016
YDL155W,YBR136W,0,-4.2495074,0.3110654354095459,0.9079999923706055,0.20110000669956207
YPL096C-A,YNL045W,1,-4.250347,0.3113013803958893,0.9089999794960022,0.20110000669956207
YCR107W,YER005W,0,-4.2518487,0.3111948072910309,0.9089999794960022,0.2011999934911728
YMR100W,YGR027W-B,0,-4.2522335,0.31108829379081726,0.9089999794960022,0.2012999951839447
YNL078W,YBL100W-A,0,-4.252471,0.3109818696975708,0.9089999794960022,0.2013999968767166
YCL066W,YGL058W,0,-4.2530403,0.3108755052089691,0.9089999794960022,0.20149999856948853
YLR384C,YGL175C,0,-4.2535057,0.3107692301273346,0.9089999794960022,0.20160000026226044
YGR239C,YDR515W,0,-4.253743,0.31066301465034485,0.9089999794960022,0.20170000195503235
YER109C,YER031C,0,-4.254586,0.31055688858032227,0.9089999794960022,0.20180000364780426
YGR040W,YJL012C-A,0,-4.255732,0.31045082211494446,0.9089999794960022,0.20190000534057617
YOL033W,YKL194C,0,-4.2560854,0.3103448152542114,0.9089999794960022,0.20200000703334808
YLR411W,YGR212W,0,-4.2569027,0.31023889780044556,0.9089999794960022,0.2020999938249588
YAL056W,YOR156C,0,-4.257267,0.31013306975364685,0.9089999794960022,0.2021999955177307
YHL038C,YBR083W,0,-4.257346,0.31002727150917053,0.9089999794960022,0.20229999721050262
YPR193C,YDR395W,0,-4.257578,0.30992159247398376,0.9089999794960022,0.20239999890327454
YBL008W,YGR027W-B,0,-4.258023,0.3098159432411194,0.9089999794960022,0.20250000059604645
YGR280C,YNL012W,0,-4.258281,0.30971038341522217,0.9089999794960022,0.20260000228881836
YBL097W,YGL219C,0,-4.2591596,0.3096049129962921,0.9089999794960022,0.20270000398159027
YDL008W,YKL197C,0,-4.259779,0.30949950218200684,0.9089999794960022,0.20280000567436218
YOR150W,YIL042C,0,-4.2599053,0.30939415097236633,0.9089999794960022,0.2029000073671341
YCL060C,YMR061W,0,-4.2601213,0.3092888593673706,0.9089999794960022,0.2029999941587448
YJR013W,YCL003W,1,-4.260251,0.3095238208770752,0.9100000262260437,0.2029999941587448
YNL142W,YGR082W,0,-4.2604322,0.30941855907440186,0.9100000262260437,0.20309999585151672
YBR090C-A,YPL065W,0,-4.2607303,0.3093133866786957,0.9100000262260437,0.20319999754428864
YLR350W,YCR027C,0,-4.261161,0.30920830368995667,0.9100000262260437,0.20329999923706055
YOR240W,YLR106C,0,-4.26126,0.30910325050354004,0.9100000262260437,0.20340000092983246
YLL018C-A,YGR200C,0,-4.2622285,0.30899831652641296,0.9100000262260437,0.20350000262260437
YMR029C,YOL100W,0,-4.262658,0.3088934123516083,0.9100000262260437,0.20360000431537628
YDR377W,YDR201W,0,-4.262986,0.30878859758377075,0.9100000262260437,0.2037000060081482
YNL014W,YIR002C,0,-4.26317,0.308683842420578,0.9100000262260437,0.2037999927997589
YIR025W,YML127W,0,-4.263365,0.3085791766643524,0.9100000262260437,0.20389999449253082
YFL033C,YGR212W,0,-4.264999,0.3084745705127716,0.9100000262260437,0.20399999618530273
YLR134W,YPL016W,0,-4.2651396,0.30837005376815796,0.9100000262260437,0.20409999787807465
YMR296C,YNL156C,1,-4.2672024,0.30860432982444763,0.9110000133514404,0.20409999787807465
YDL135C,YBR117C,0,-4.268009,0.30849984288215637,0.9110000133514404,0.20419999957084656
YPL271W,YHL011C,0,-4.2692776,0.3083953857421875,0.9110000133514404,0.20430000126361847
YOR034C,YJL058C,0,-4.2698545,0.3082910180091858,0.9110000133514404,0.20440000295639038
YMR229C,YCL010C,0,-4.2698784,0.30818673968315125,0.9110000133514404,0.2045000046491623
YML120C,YJL004C,0,-4.2699313,0.3080825209617615,0.9110000133514404,0.2046000063419342
YJL214W,YOR230W,0,-4.2710366,0.3079783618450165,0.9110000133514404,0.20469999313354492
YDR252W,YNL047C,0,-4.272562,0.30787429213523865,0.9110000133514404,0.20479999482631683
YDL160C,YFL041W,0,-4.272861,0.3077702820301056,0.9110000133514404,0.20489999651908875
YHR081W,YDL085W,0,-4.2756605,0.3076663315296173,0.9110000133514404,0.20499999821186066
YIL075C,YDR523C,0,-4.2757015,0.3075624704360962,0.9110000133514404,0.20509999990463257
YNL091W,YGR027W-B,0,-4.2757554,0.30745866894721985,0.9110000133514404,0.20520000159740448
YFL010W-A,YGR109W-B,0,-4.2765045,0.3073549270629883,0.9110000133514404,0.2053000032901764
YOL130W,YGR086C,0,-4.276948,0.3072512745857239,0.9110000133514404,0.2054000049829483
YML048W,YBR223C,0,-4.2771025,0.30714768171310425,0.9110000133514404,0.20550000667572021
YHR175W,YPL257W-B,0,-4.277916,0.3070441484451294,0.9110000133514404,0.20559999346733093
YIR015W,YDL212W,0,-4.278449,0.3069407045841217,0.9110000133514404,0.20569999516010284
YCL011C,YDL093W,0,-4.2787504,0.3068373203277588,0.9110000133514404,0.20579999685287476
YKL062W,YPL010W,0,-4.279206,0.30673399567604065,0.9110000133514404,0.20589999854564667
YDR206W,YJR042W,0,-4.279345,0.3066307604312897,0.9110000133514404,0.20600000023841858
YDL140C,YBR127C,0,-4.2800083,0.30652758479118347,0.9110000133514404,0.2061000019311905
YMR177W,YBR097W,0,-4.280118,0.30642449855804443,0.9110000133514404,0.2062000036239624
YOR201C,YLR410W-B,0,-4.28012,0.3063214421272278,0.9110000133514404,0.20630000531673431
YHR089C,YNL097C,0,-4.2801504,0.3062184751033783,0.9110000133514404,0.20640000700950623
YJR078W,YHR065C,0,-4.2806253,0.30611559748649597,0.9110000133514404,0.20649999380111694
YJL170C,YDR120C,0,-4.2806354,0.30601274967193604,0.9110000133514404,0.20659999549388885
YGR204W,YLR313C,0,-4.2813096,0.30591002106666565,0.9110000133514404,0.20669999718666077
YDR244W,YDR098C-B,0,-4.282455,0.30580732226371765,0.9110000133514404,0.20679999887943268
YER016W,YNR006W,0,-4.2831597,0.3057047128677368,0.9110000133514404,0.2069000005722046
YLR254C,YIR041W,0,-4.2833366,0.30560213327407837,0.9110000133514404,0.2070000022649765
YMR150C,YJL018W,0,-4.2838717,0.3054996728897095,0.9110000133514404,0.2071000039577484
YIL139C,YDL007W,0,-4.284827,0.30539724230766296,0.9110000133514404,0.20720000565052032
YDR260C,YOR270C,0,-4.285041,0.3052949011325836,0.9110000133514404,0.20730000734329224
YLR390W-A,YCR058C,0,-4.28562,0.30519261956214905,0.9110000133514404,0.20739999413490295
YGR267C,YIL013C,0,-4.2856283,0.30509042739868164,0.9110000133514404,0.20749999582767487
YDR436W,YDR079C-A,0,-4.286147,0.304988294839859,0.9110000133514404,0.20759999752044678
YBL030C,YGL104C,0,-4.286149,0.30488622188568115,0.9110000133514404,0.2076999992132187
YKR097W,YJR127C,0,-4.286544,0.30478420853614807,0.9110000133514404,0.2078000009059906
YOR249C,YOR084W,0,-4.286593,0.30468228459358215,0.9110000133514404,0.2079000025987625
YNL065W,YHL038C,0,-4.287572,0.304580420255661,0.9110000133514404,0.20800000429153442
YNL101W,YML055W,0,-4.2882633,0.30447861552238464,0.9110000133514404,0.20810000598430634
YER116C,YLR316C,0,-4.2884264,0.30437687039375305,0.9110000133514404,0.20819999277591705
YOL142W,YJL047C,0,-4.29125,0.3042752146720886,0.9110000133514404,0.20829999446868896
YBL006C,YKL062W,0,-4.2919884,0.30417361855506897,0.9110000133514404,0.20839999616146088
YBR132C,YGR202C,1,-4.292827,0.3044058680534363,0.9120000004768372,0.20839999616146088
YGL163C,YDL138W,0,-4.292925,0.304304301738739,0.9120000004768372,0.2084999978542328
YOR329C,YDR316W-A,0,-4.293436,0.3042027950286865,0.9120000004768372,0.2085999995470047
YER178W,YML127W,0,-4.2935123,0.3041013777256012,0.9120000004768372,0.2087000012397766
YAL053W,YBR043C,0,-4.293542,0.30399999022483826,0.9120000004768372,0.20880000293254852
YER009W,YBR240C,0,-4.293825,0.3038986921310425,0.9120000004768372,0.20890000462532043
YHR175W,YDR309C,0,-4.294765,0.3037974536418915,0.9120000004768372,0.20900000631809235
YNL094W,YKR039W,0,-4.2952576,0.30369630455970764,0.9120000004768372,0.20909999310970306
YNL006W,YDR479C,0,-4.2985134,0.3035952150821686,0.9120000004768372,0.20919999480247498
YAL054C,YGR094W,0,-4.298611,0.3034941852092743,0.9120000004768372,0.2092999964952469
YGL028C,YOR008C-A,0,-4.299865,0.3033932149410248,0.9120000004768372,0.2093999981880188
YMR012W,YMR088C,0,-4.3018045,0.30329230427742004,0.9120000004768372,0.2094999998807907
YER052C,YBR048W,0,-4.3021545,0.30319148302078247,0.9120000004768372,0.20960000157356262
YPL021W,YDR255C,0,-4.3021736,0.3030907213687897,0.9120000004768372,0.20970000326633453
YHR193C,YML040W,0,-4.303048,0.30299001932144165,0.9120000004768372,0.20980000495910645
YJR013W,YNL054W,1,-4.3034515,0.30322152376174927,0.9129999876022339,0.20980000495910645
YDR320C,YCL020W,0,-4.3043113,0.30312085151672363,0.9129999876022339,0.20990000665187836
YPL060W,YDR079C-A,0,-4.30435,0.3030202388763428,0.9129999876022339,0.20999999344348907
YDR039C,YDR517W,0,-4.3048034,0.3029197156429291,0.9129999876022339,0.210099995136261
YOL077C,YEL042W,0,-4.304838,0.30281925201416016,0.9129999876022339,0.2101999968290329
YGL151W,YNL049C,0,-4.3056602,0.3027188181877136,0.9129999876022339,0.2102999985218048
YGR092W,YGL094C,0,-4.306129,0.30261850357055664,0.9129999876022339,0.21040000021457672
YLL061W,YPL106C,0,-4.306382,0.30251821875572205,0.9129999876022339,0.21050000190734863
YPL160W,YHR194W,0,-4.3070335,0.3024180233478546,0.9129999876022339,0.21060000360012054
YGR097W,YCL010C,0,-4.3070364,0.30231788754463196,0.9129999876022339,0.21070000529289246
YJR053W,YLR309C,0,-4.30733,0.3022178113460541,0.9129999876022339,0.21080000698566437
YJR105W,YFR004W,0,-4.3077683,0.30211779475212097,0.9129999876022339,0.21089999377727509
YMR182C,YHR012W,0,-4.308377,0.30201786756515503,0.9129999876022339,0.210999995470047
YOR334W,YNL131W,0,-4.3089423,0.30191799998283386,0.9129999876022339,0.2110999971628189
YOL049W,YPL156C,0,-4.3091574,0.30181819200515747,0.9129999876022339,0.21119999885559082
YCL003W,YGR143W,1,-4.3100076,0.302048921585083,0.9139999747276306,0.21119999885559082
YBR133C,YIR021W,0,-4.3100944,0.3019491136074066,0.9139999747276306,0.21130000054836273
YNL061W,YGR109W-B,0,-4.3104835,0.3018493950366974,0.9139999747276306,0.21140000224113464
YNL250W,YOR344C,0,-4.31068,0.3017497658729553,0.9139999747276306,0.21150000393390656
YKL195W,YMR051C,0,-4.3107452,0.30165016651153564,0.9139999747276306,0.21160000562667847
YPL047W,YER024W,0,-4.312754,0.30155065655708313,0.9139999747276306,0.21170000731945038
YBL106C,YGR005C,0,-4.3127866,0.301451176404953,0.9139999747276306,0.2117999941110611
YBR185C,YLR426W,0,-4.3136177,0.30135178565979004,0.9139999747276306,0.211899995803833
YCL012W,YDR158W,0,-4.313676,0.30125248432159424,0.9139999747276306,0.21199999749660492
YLL038C,YCR053W,0,-4.313687,0.3011532127857208,0.9139999747276306,0.21209999918937683
YHR183W,YLR223C,0,-4.3136973,0.3010540306568146,0.9139999747276306,0.21220000088214874
YBL084C,YDR365W-B,0,-4.3137174,0.3009548783302307,0.9139999747276306,0.21230000257492065
YGL172W,YOR327C,0,-4.31391,0.300855815410614,0.9139999747276306,0.21240000426769257
YLR383W,YOR356W,0,-4.314319,0.3007568418979645,0.9139999747276306,0.21250000596046448
YAL021C,YPR036W,0,-4.317232,0.30065789818763733,0.9139999747276306,0.2125999927520752
YDR096W,YGR202C,1,-4.317352,0.3008878529071808,0.9150000214576721,0.2125999927520752
YOR014W,YNL197C,0,-4.3177657,0.3007889688014984,0.9150000214576721,0.2126999944448471
YKL197C,YNL025C,0,-4.318976,0.3006901144981384,0.9150000214576721,0.21279999613761902
YBL002W,YLR035C-A,0,-4.3210754,0.3005913197994232,0.9150000214576721,0.21289999783039093
YJL060W,YDR116C,0,-4.3210773,0.30049261450767517,0.9150000214576721,0.21299999952316284
YER172C,YNL118C,0,-4.321203,0.3003939688205719,0.9150000214576721,0.21310000121593475
YDR364C,YPL218W,0,-4.32262,0.3002953827381134,0.9150000214576721,0.21320000290870667
YJL074C,YPR054W,0,-4.323147,0.3001968562602997,0.9150000214576721,0.21330000460147858
YNL327W,YLR396C,0,-4.3243585,0.30009838938713074,0.9150000214576721,0.2134000062942505
YGR004W,YPL208W,0,-4.325962,0.30000001192092896,0.9150000214576721,0.2134999930858612
YOR327C,YLR410W-B,0,-4.325989,0.29990166425704956,0.9150000214576721,0.21359999477863312
YDR141C,YMR011W,0,-4.3265214,0.29980340600013733,0.9150000214576721,0.21369999647140503
YGL019W,YGR244C,0,-4.3287096,0.2997052073478699,0.9150000214576721,0.21379999816417694
YJR118C,YDL195W,0,-4.3292184,0.2996070683002472,0.9150000214576721,0.21389999985694885
YGL219C,YPR016C,0,-4.329564,0.2995089888572693,0.9150000214576721,0.21400000154972076
YLR451W,YMR106C,0,-4.3307033,0.29941099882125854,0.9150000214576721,0.21410000324249268
YKL192C,YOR180C,1,-4.33171,0.2996401786804199,0.9160000085830688,0.21410000324249268
YGL067W,YPL274W,0,-4.332604,0.2995421886444092,0.9160000085830688,0.2142000049352646
YGL047W,YDL216C,0,-4.3326864,0.2994442582130432,0.9160000085830688,0.2143000066280365
YNL209W,YDR261C-C,0,-4.3335757,0.2993464171886444,0.9160000085830688,0.21439999341964722
YGR143W,YDR018C,1,-4.3345056,0.2995752990245819,0.9169999957084656,0.21439999341964722
YHR058C,YOR362C,0,-4.334553,0.2994774580001831,0.9169999957084656,0.21449999511241913
YHR019C,YLR035C,0,-4.3347383,0.29937970638275146,0.9169999957084656,0.21459999680519104
YER025W,YNL049C,0,-4.334848,0.2992819845676422,0.9169999957084656,0.21469999849796295
YLR335W,YGR144W,0,-4.335597,0.2991843521595001,0.9169999957084656,0.21480000019073486
YJL140W,YHR098C,0,-4.3359284,0.2990867495536804,0.9169999957084656,0.21490000188350677
YOR171C,YLL012W,1,-4.3363905,0.29931530356407166,0.9179999828338623,0.21490000188350677
YGR204W,YLR410W-B,0,-4.3369293,0.29921773076057434,0.9179999828338623,0.2150000035762787
YKL052C,YOR213C,0,-4.3386936,0.2991202473640442,0.9179999828338623,0.2151000052690506
YNR035C,YDL138W,0,-4.338962,0.2990227937698364,0.9179999828338623,0.2152000069618225
YDL188C,YJR104C,0,-4.3396688,0.2989254295825958,0.9179999828338623,0.21529999375343323
YNR058W,YIL120W,0,-4.340625,0.298828125,0.9179999828338623,0.21539999544620514
YMR042W,YGR238C,0,-4.340863,0.29873088002204895,0.9179999828338623,0.21549999713897705
YOR240W,YNL020C,0,-4.3410087,0.2986336946487427,0.9179999828338623,0.21559999883174896
YDR243C,YIL084C,0,-4.3413143,0.29853659868240356,0.9179999828338623,0.21570000052452087
YOL068C,YER120W,0,-4.3420115,0.29843953251838684,0.9179999828338623,0.21580000221729279
YOL011W,YBR058C-A,1,-4.3426914,0.2986675202846527,0.9190000295639038,0.21580000221729279
YNL233W,YNL209W,0,-4.343446,0.29857051372528076,0.9190000295639038,0.2159000039100647
YPL091W,YDL006W,0,-4.3439364,0.2984735369682312,0.9190000295639038,0.2160000056028366
YCR088W,YBR105C,0,-4.3463864,0.2983766198158264,0.9190000295639038,0.21610000729560852
YGR261C,YPL242C,0,-4.3465385,0.2982797920703888,0.9190000295639038,0.21619999408721924
YBL042C,YJR029W,0,-4.346597,0.29818299412727356,0.9190000295639038,0.21629999577999115
YJR094C,YNR006W,0,-4.347805,0.2980862855911255,0.9190000295639038,0.21639999747276306
YOR038C,YNL251C,0,-4.348405,0.2979896366596222,0.9190000295639038,0.21649999916553497
YOL146W,YBR083W,0,-4.35122,0.2978930175304413,0.9190000295639038,0.21660000085830688
YPL095C,YJR110W,1,-4.3525925,0.29812055826187134,0.9200000166893005,0.21660000085830688
YNL288W,YOR110W,0,-4.352602,0.2980239689350128,0.9200000166893005,0.2167000025510788
YDL130W,YLR227W-B,0,-4.3528757,0.29792746901512146,0.9200000166893005,0.2168000042438507
YGR171C,YKL203C,0,-4.353853,0.2978309988975525,0.9200000166893005,0.21690000593662262
YNL119W,YCL062W,0,-4.3548393,0.2977346181869507,0.9200000166893005,0.21699999272823334
YKL060C,YDR409W,0,-4.3552303,0.29763829708099365,0.9200000166893005,0.21709999442100525
YNL219C,YOR230W,0,-4.3557253,0.2975420355796814,0.9200000166893005,0.21719999611377716
YOR198C,YKL070W,0,-4.3563485,0.2974458336830139,0.9200000166893005,0.21729999780654907
YDL116W,YOL020W,0,-4.3571157,0.2973497211933136,0.9200000166893005,0.21739999949932098
YLR433C,YOR142W,0,-4.3572407,0.29725363850593567,0.9200000166893005,0.2175000011920929
YDR244W,YDR261W-B,0,-4.358343,0.2971576154232025,0.9200000166893005,0.2176000028848648
YNL094W,YER179W,0,-4.358581,0.2970616817474365,0.9200000166893005,0.21770000457763672
YLR233C,YHR186C,0,-4.3593864,0.2969657778739929,0.9200000166893005,0.21780000627040863
YFR027W,YOR095C,0,-4.3595448,0.2968699634075165,0.9200000166893005,0.21789999306201935
YOR036W,YDR459C,0,-4.36158,0.2967741787433624,0.9200000166893005,0.21799999475479126
YGL062W,YDR261W-B,0,-4.3620744,0.29667848348617554,0.9200000166893005,0.21809999644756317
YER014C-A,YOR129C,0,-4.36225,0.2965828478336334,0.9200000166893005,0.21819999814033508
YLR391W,YKL110C,0,-4.362521,0.2964872717857361,0.9200000166893005,0.218299999833107
YPR081C,YAL068C,0,-4.3629622,0.2963917553424835,0.9200000166893005,0.2184000015258789
YLR220W,YFL034C-B,0,-4.3638506,0.29629629850387573,0.9200000166893005,0.21850000321865082
YDR311W,YJL138C,0,-4.3641505,0.2962009012699127,0.9200000166893005,0.21860000491142273
YFL016C,YOR313C,0,-4.364176,0.2961055636405945,0.9200000166893005,0.21870000660419464
YKL160W,YGL063W,0,-4.366156,0.296010285615921,0.9200000166893005,0.21879999339580536
YJL201W,YOL104C,0,-4.3664465,0.2959150969982147,0.9200000166893005,0.21889999508857727
YBL022C,YDR170C,0,-4.36695,0.2958199381828308,0.9200000166893005,0.21899999678134918
YNL218W,YNL291C,0,-4.367489,0.2957248389720917,0.9200000166893005,0.2190999984741211
YOL004W,YFL060C,0,-4.3684263,0.2956298291683197,0.9200000166893005,0.219200000166893
YML004C,YGL062W,0,-4.369501,0.2955348491668701,0.9200000166893005,0.21930000185966492
YPR143W,YNL213C,0,-4.3696594,0.2954399585723877,0.9200000166893005,0.21940000355243683
YML023C,YGR024C,0,-4.3703732,0.29534509778022766,0.9200000166893005,0.21950000524520874
YPL248C,YPL124W,0,-4.370923,0.2952503263950348,0.9200000166893005,0.21960000693798065
YJL170C,YNL163C,0,-4.371624,0.2951555848121643,0.9200000166893005,0.21969999372959137
YJR004C,YHR214C-B,0,-4.372222,0.295060932636261,0.9200000166893005,0.21979999542236328
YDR378C,YKL203C,0,-4.372896,0.29496634006500244,0.9200000166893005,0.2198999971151352
YGL030W,YOL103W-B,0,-4.373951,0.29487180709838867,0.9200000166893005,0.2199999988079071
YMR036C,YBR100W,0,-4.3744125,0.2947773039340973,0.9200000166893005,0.22010000050067902
YLR329W,YOL040C,0,-4.374808,0.29468289017677307,0.9200000166893005,0.22020000219345093
YIL053W,YNL333W,0,-4.3748364,0.29458853602409363,0.9200000166893005,0.22030000388622284
YNL075W,YOR192C-B,0,-4.3749704,0.29449424147605896,0.9200000166893005,0.22040000557899475
YPR019W,YPL124W,0,-4.3750544,0.29440000653266907,0.9200000166893005,0.22050000727176666
YKL120W,YJL168C,0,-4.3754797,0.29430583119392395,0.9200000166893005,0.22059999406337738
YJR139C,YDR342C,0,-4.3755007,0.2942117154598236,0.9200000166893005,0.2206999957561493
YDR423C,YOR344C,0,-4.3778467,0.29411765933036804,0.9200000166893005,0.2207999974489212
YGR132C,YDR079C-A,0,-4.37996,0.29402366280555725,0.9200000166893005,0.22089999914169312
YGR092W,YOR036W,0,-4.380328,0.29392972588539124,0.9200000166893005,0.22100000083446503
YMR309C,YKL043W,0,-4.3808603,0.29383584856987,0.9200000166893005,0.22110000252723694
YPL049C,YER035W,0,-4.382819,0.29374203085899353,0.9200000166893005,0.22120000422000885
YJL001W,YKL088W,0,-4.383647,0.29364827275276184,0.9200000166893005,0.22130000591278076
YDR461W,YAL002W,0,-4.3839703,0.2935545742511749,0.9200000166893005,0.22139999270439148
YOR109W,YBL011W,1,-4.385231,0.2937799096107483,0.9210000038146973,0.22139999270439148
YPR083W,YDR175C,0,-4.386365,0.2936862111091614,0.9210000038146973,0.2214999943971634
YOR150W,YGR109W-A,0,-4.3869147,0.2935926020145416,0.9210000038146973,0.2215999960899353
YNR008W,YDR018C,1,-4.3874397,0.2938177287578583,0.921999990940094,0.2215999960899353
YMR280C,YER122C,0,-4.387782,0.2937241196632385,0.921999990940094,0.22169999778270721
YNR031C,YJR027W,0,-4.3878083,0.29363057017326355,0.921999990940094,0.22179999947547913
YLR381W,YMR266W,0,-4.388406,0.29353708028793335,0.921999990940094,0.22190000116825104
YGR155W,YFR053C,0,-4.3895316,0.2934436798095703,0.921999990940094,0.22200000286102295
YGR112W,YKL070W,0,-4.391989,0.29335030913352966,0.921999990940094,0.22210000455379486
YGR030C,YDL033C,0,-4.3922005,0.2932569980621338,0.921999990940094,0.22220000624656677
YGR163W,YJR022W,0,-4.3933487,0.2931637465953827,0.921999990940094,0.2222999930381775
YAL053W,YDL002C,0,-4.39387,0.29307055473327637,0.921999990940094,0.2223999947309494
YPL049C,YOL090W,0,-4.394544,0.2929774522781372,0.921999990940094,0.2224999964237213
YJL021C,YOR153W,0,-4.394581,0.29288437962532043,0.921999990940094,0.22259999811649323
YOL151W,YJR077C,0,-4.3953156,0.29279136657714844,0.921999990940094,0.22269999980926514
YJR025C,YJL005W,0,-4.3953714,0.2926984131336212,0.921999990940094,0.22280000150203705
YGL051W,YMR039C,0,-4.39642,0.29260551929473877,0.921999990940094,0.22290000319480896
YMR266W,YNL032W,0,-4.397087,0.2925126850605011,0.921999990940094,0.22300000488758087
YDR477W,YNL263C,0,-4.39717,0.2924199104309082,0.921999990940094,0.22310000658035278
YPR181C,YNL167C,0,-4.3971868,0.2923271954059601,0.921999990940094,0.2231999933719635
YDR098C,YKL086W,0,-4.3977666,0.29223453998565674,0.921999990940094,0.2232999950647354
YDR087C,YCR062W,0,-4.3978143,0.29214194416999817,0.921999990940094,0.22339999675750732
YER142C,YER087C-B,0,-4.3983626,0.2920494079589844,0.921999990940094,0.22349999845027924
YOR353C,YCL005W-A,0,-4.4032226,0.29195693135261536,0.921999990940094,0.22360000014305115
YOR381W,YDR219C,0,-4.4035277,0.2918645143508911,0.921999990940094,0.22370000183582306
YDR243C,YML021C,0,-4.4044886,0.29177215695381165,0.921999990940094,0.22380000352859497
YDR052C,YHR079C-B,0,-4.4045424,0.29167985916137695,0.921999990940094,0.22390000522136688
YPR068C,YFL034C-B,0,-4.404614,0.29158759117126465,0.921999990940094,0.2240000069141388
YDR256C,YJR026W,0,-4.4049826,0.2914954125881195,0.921999990940094,0.2240999937057495
YHL036W,YLR410W-B,0,-4.4056683,0.29140329360961914,0.921999990940094,0.22419999539852142
YDL175C,YHL011C,0,-4.4067698,0.29131120443344116,0.921999990940094,0.22429999709129333
YCL066W,YPR187W,0,-4.407138,0.29121920466423035,0.921999990940094,0.22439999878406525
YNL030W,YCR033W,0,-4.4082212,0.2911272644996643,0.921999990940094,0.22450000047683716
YJL071W,YLR157C,0,-4.4084415,0.29103535413742065,0.921999990940094,0.22460000216960907
YOR094W,YBR210W,0,-4.4088407,0.2909435033798218,0.921999990940094,0.22470000386238098
YPR176C,YJL019W,0,-4.409339,0.29085174202919006,0.921999990940094,0.2248000055551529
YBR070C,YDL006W,0,-4.4096475,0.29076001048088074,0.921999990940094,0.2249000072479248
YPR176C,YGL063W,0,-4.4098167,0.2906683385372162,0.921999990940094,0.22499999403953552
YGL153W,YML085C,0,-4.4101973,0.2905767560005188,0.921999990940094,0.22509999573230743
YBR145W,YLR418C,0,-4.410266,0.2904852032661438,0.921999990940094,0.22519999742507935
YER051W,YMR188C,0,-4.410869,0.2903937101364136,0.921999990940094,0.22529999911785126
YDL046W,YFL005W,0,-4.412196,0.2903022766113281,0.921999990940094,0.22540000081062317
YPR175W,YOR159C,0,-4.412264,0.29021090269088745,0.921999990940094,0.22550000250339508
YDR499W,YCR062W,0,-4.4128914,0.29011955857276917,0.921999990940094,0.225600004196167
YCR065W,YIL112W,0,-4.4135923,0.29002830386161804,0.921999990940094,0.2257000058889389
YGR086C,YER019C-A,0,-4.4138207,0.2899371087551117,0.921999990940094,0.22579999268054962
YDR211W,YNL247W,0,-4.414487,0.2898459732532501,0.921999990940094,0.22589999437332153
YFL005W,YPL203W,0,-4.4154778,0.28975486755371094,0.921999990940094,0.22599999606609344
YER178W,YNR039C,0,-4.4165792,0.2896638512611389,0.921999990940094,0.22609999775886536
YDR483W,YJR029W,0,-4.4168463,0.2895728647708893,0.921999990940094,0.22619999945163727
YMR290C,YJL146W,0,-4.416978,0.2894819378852844,0.921999990940094,0.22630000114440918
YNL138W,YJL012C-A,0,-4.417612,0.28939110040664673,0.921999990940094,0.2264000028371811
YER119C,YGR109W-A,0,-4.418869,0.2893002927303314,0.921999990940094,0.226500004529953
YBR213W,YOR160W,0,-4.419054,0.2892095446586609,0.921999990940094,0.22660000622272491
YOR267C,YGR172C,0,-4.419694,0.28911885619163513,0.921999990940094,0.22669999301433563
YNL309W,YBR294W,0,-4.419905,0.28902822732925415,0.921999990940094,0.22679999470710754
YNR033W,YKL043W,0,-4.420248,0.28893762826919556,0.921999990940094,0.22689999639987946
YBR274W,YKL194C,0,-4.421475,0.2888471186161041,0.921999990940094,0.22699999809265137
YKL016C,YBR083W,0,-4.421596,0.28875666856765747,0.921999990940094,0.22709999978542328
YDR182W,YGL062W,0,-4.422166,0.2886662483215332,0.921999990940094,0.2272000014781952
YPL130W,YGR281W,0,-4.4239683,0.2885758876800537,0.921999990940094,0.2273000031709671
YDL134C,YPL258C,0,-4.4252954,0.2884856164455414,0.921999990940094,0.227400004863739
YML071C,YDR011W,0,-4.4254713,0.28839537501335144,0.921999990940094,0.22750000655651093
YHR206W,YER151C,0,-4.426367,0.2883051931858063,0.921999990940094,0.22759999334812164
YMR199W,YMR134W,0,-4.426901,0.2882150709629059,0.921999990940094,0.22769999504089355
YOR110W,YPL060C-A,0,-4.4279375,0.28812500834465027,0.921999990940094,0.22779999673366547
YER036C,YKL062W,0,-4.4283543,0.28803497552871704,0.921999990940094,0.22789999842643738
YGR258C,YCL074W,0,-4.4285026,0.287945032119751,0.921999990940094,0.2280000001192093
YGR121C,YGL232W,0,-4.4297485,0.2878551483154297,0.921999990940094,0.2281000018119812
YGR041W,YER108C,0,-4.429818,0.2877652943134308,0.921999990940094,0.2282000035047531
YKR057W,YDR285W,0,-4.43073,0.28767549991607666,0.921999990940094,0.22830000519752502
YOL038W,YMR046C,0,-4.4324994,0.2875857651233673,0.921999990940094,0.22840000689029694
YMR081C,YDL003W,0,-4.4330807,0.28749608993530273,0.921999990940094,0.22849999368190765
YOR319W,YGL127C,0,-4.433668,0.28740647435188293,0.921999990940094,0.22859999537467957
YPR029C,YBR221C,0,-4.4337463,0.2873169183731079,0.921999990940094,0.22869999706745148
YNL030W,YPL174C,0,-4.4341455,0.28722742199897766,0.921999990940094,0.2287999987602234
YLR138W,YGL232W,0,-4.4345818,0.2871379554271698,0.921999990940094,0.2289000004529953
YNR049C,YGR276C,0,-4.4350553,0.2870485782623291,0.921999990940094,0.2290000021457672
YLR117C,YGL178W,0,-4.4366927,0.2869592308998108,0.921999990940094,0.22910000383853912
YMR015C,YDR123C,1,-4.43695,0.2871810793876648,0.9229999780654907,0.22910000383853912
YML042W,YOL148C,0,-4.437595,0.28709176182746887,0.9229999780654907,0.22920000553131104
YPR008W,YNL328C,0,-4.437989,0.28700247406959534,0.9229999780654907,0.22930000722408295
YKL028W,YDR261W-A,0,-4.438079,0.28691327571868896,0.9229999780654907,0.22939999401569366
YMR173W,YOR305W,0,-4.4382668,0.286824107170105,0.9229999780654907,0.22949999570846558
YPL119C,YNL272C,0,-4.4390473,0.28673499822616577,0.9229999780654907,0.2295999974012375
YJL018W,YOL105C,0,-4.4392157,0.28664594888687134,0.9229999780654907,0.2296999990940094
YHL040C,YDR472W,0,-4.439358,0.2865569591522217,0.9229999780654907,0.2298000007867813
YBR090C-A,YHR098C,0,-4.439666,0.2864680290222168,0.9229999780654907,0.22990000247955322
YKL086W,YKL075C,0,-4.4402456,0.2863791584968567,0.9229999780654907,0.23000000417232513
YNL111C,YFL031W,1,-4.440675,0.2866005003452301,0.9240000247955322,0.23000000417232513
YLR291C,YDR443C,0,-4.440731,0.28651162981987,0.9240000247955322,0.23010000586509705
YCL062W,YGR172C,0,-4.4408784,0.28642281889915466,0.9240000247955322,0.23019999265670776
YER108C,YGL245W,0,-4.4411845,0.2863340675830841,0.9240000247955322,0.23029999434947968
YPR193C,YPL242C,0,-4.4412956,0.28624534606933594,0.9240000247955322,0.2303999960422516
YEL053C,YGL006W,0,-4.441504,0.28615671396255493,0.9240000247955322,0.2304999977350235
YNL153C,YBR216C,0,-4.4421115,0.2860681116580963,0.9240000247955322,0.2305999994277954
YMR164C,YGR109W-B,0,-4.443321,0.28597956895828247,0.9240000247955322,0.23070000112056732
YBL003C,YPL214C,0,-4.4434814,0.2858910858631134,0.9240000247955322,0.23080000281333923
YNL331C,YOR373W,0,-4.443507,0.2858026623725891,0.9240000247955322,0.23090000450611115
YBR135W,YLR316C,0,-4.443508,0.2857142984867096,0.9240000247955322,0.23100000619888306
YBR223C,YBR165W,0,-4.443932,0.28562596440315247,0.9240000247955322,0.23109999299049377
YOL031C,YGR128C,0,-4.444021,0.2855376899242401,0.9240000247955322,0.23119999468326569
YER183C,YCR012W,0,-4.4441113,0.2854495048522949,0.9240000247955322,0.2312999963760376
YHL031C,YDR143C,0,-4.4447174,0.28536131978034973,0.9240000247955322,0.2313999980688095
YER016W,YDL194W,0,-4.4447203,0.2852732241153717,0.9240000247955322,0.23149999976158142
YJL173C,YDR156W,0,-4.4447365,0.28518518805503845,0.9240000247955322,0.23160000145435333
YLL041C,YLR337W,0,-4.4450445,0.2850971817970276,0.9240000247955322,0.23170000314712524
YFL038C,YPL060C-A,0,-4.445771,0.2850092649459839,0.9240000247955322,0.23180000483989716
YNL027W,YDR484W,0,-4.4462094,0.2849213778972626,0.9240000247955322,0.23190000653266907
YNL136W,YER145C,0,-4.4462156,0.28483355045318604,0.9240000247955322,0.23199999332427979
YHR114W,YAL011W,0,-4.4465766,0.2847457528114319,0.9240000247955322,0.2320999950170517
YJL090C,YCR084C,0,-4.4468784,0.2846580445766449,0.9240000247955322,0.2321999967098236
YDR261C-C,YLR227W-B,0,-4.447196,0.2845703661441803,0.9240000247955322,0.23229999840259552
YBR210W,YGL039W,0,-4.4489527,0.2844827473163605,0.9240000247955322,0.23240000009536743
YJL178C,YLR425W,0,-4.4491415,0.2843951880931854,0.9240000247955322,0.23250000178813934
YGR006W,YNL012W,0,-4.4492846,0.28430768847465515,0.9240000247955322,0.23260000348091125
YHR086W,YDL118W,0,-4.449966,0.28422024846076965,0.9240000247955322,0.23270000517368317
YPL256C,YML007W,0,-4.450712,0.28413283824920654,0.9240000247955322,0.23280000686645508
YMR038C,YBR118W,0,-4.4510045,0.2840454876422882,0.9240000247955322,0.2328999936580658
YKL129C,YER138C,0,-4.4515195,0.28395819664001465,0.9240000247955322,0.2329999953508377
YDR191W,YBR058C-A,1,-4.451831,0.2841781973838806,0.925000011920929,0.2329999953508377
YOR260W,YHR194W,0,-4.4520874,0.28409090638160706,0.925000011920929,0.23309999704360962
YMR029C,YLR219W,0,-4.4522696,0.28400367498397827,0.925000011920929,0.23319999873638153
YDR477W,YBR162C,0,-4.452669,0.28391650319099426,0.925000011920929,0.23330000042915344
YHL019C,YMR046C,0,-4.4527736,0.28382939100265503,0.925000011920929,0.23340000212192535
YPL152W,YGL104C,0,-4.453522,0.28374233841896057,0.925000011920929,0.23350000381469727
YNL218W,YHL022C,0,-4.4542456,0.2836553156375885,0.925000011920929,0.23360000550746918
YNR067C,YMR311C,0,-4.4559507,0.2835683524608612,0.925000011920929,0.2337000072002411
YMR038C,YML104C,0,-4.4561234,0.2834814488887787,0.925000011920929,0.2337999939918518
YCR063W,YJL110C,0,-4.45613,0.28339460492134094,0.925000011920929,0.23389999568462372
YJR147W,YDR261W-A,0,-4.4578915,0.283307820558548,0.925000011920929,0.23399999737739563
YDR123C,YPR173C,1,-4.458348,0.2835272550582886,0.9259999990463257,0.23399999737739563
YKL108W,YEL031W,0,-4.4588366,0.2834404706954956,0.9259999990463257,0.23409999907016754
YAL022C,YOR057W,0,-4.4597373,0.2833537459373474,0.9259999990463257,0.23420000076293945
YPL018W,YBR097W,0,-4.460144,0.2832670509815216,0.9259999990463257,0.23430000245571136
YHR019C,YJL034W,0,-4.4602275,0.2831804156303406,0.9259999990463257,0.23440000414848328
YJR105W,YGR183C,0,-4.4604483,0.2830938696861267,0.9259999990463257,0.2345000058412552
YLR409C,YOR192C-B,0,-4.46195,0.28300732374191284,0.9259999990463257,0.2345999926328659
YHR027C,YMR067C,0,-4.462038,0.28292086720466614,0.9259999990463257,0.23469999432563782
YNL270C,YPR072W,0,-4.4621096,0.2828344404697418,0.9259999990463257,0.23479999601840973
YBR103W,YPL214C,0,-4.462886,0.28274810314178467,0.9259999990463257,0.23489999771118164
YPR054W,YJL154C,0,-4.4631195,0.2826617956161499,0.9259999990463257,0.23499999940395355
YKL197C,YKL175W,0,-4.463795,0.2825755178928375,0.9259999990463257,0.23510000109672546
YLR154C,YDL217C,0,-4.4649673,0.2824893295764923,0.9259999990463257,0.23520000278949738
YDR483W,YML019W,0,-4.464974,0.2824031710624695,0.9259999990463257,0.2353000044822693
YOR310C,YBL100W-B,0,-4.4651303,0.28231707215309143,0.9259999990463257,0.2354000061750412
YNL094W,YFL038C,0,-4.465782,0.28223103284835815,0.9259999990463257,0.23549999296665192
YEL017C-A,YLR126C,0,-4.4669533,0.28214502334594727,0.9259999990463257,0.23559999465942383
YLL009C,YPL192C,0,-4.4670267,0.28205910325050354,0.9259999990463257,0.23569999635219574
YIL119C,YOR088W,0,-4.4671574,0.2819732129573822,0.9259999990463257,0.23579999804496765
YBR088C,YHR090C,0,-4.4672265,0.28188735246658325,0.9259999990463257,0.23589999973773956
YJR112W,YLR453C,0,-4.467371,0.28180158138275146,0.9259999990463257,0.23600000143051147
YPL177C,YHR160C,0,-4.4691606,0.28171584010124207,0.9259999990463257,0.2361000031232834
YLR435W,YPL283C,0,-4.470372,0.28163015842437744,0.9259999990463257,0.2362000048160553
YCR038C,YDR243C,0,-4.470606,0.2815445363521576,0.9259999990463257,0.2363000065088272
YDR459C,YDL244W,0,-4.4708486,0.2814589738845825,0.9259999990463257,0.23639999330043793
YFL035C-A,YPR054W,0,-4.471826,0.28137344121932983,0.9259999990463257,0.23649999499320984
YJL026W,YGR002C,0,-4.472313,0.2812879681587219,0.9259999990463257,0.23659999668598175
YDR279W,YCR073C,0,-4.4723973,0.2812025547027588,0.9259999990463257,0.23669999837875366
YMR029C,YLR207W,0,-4.4730153,0.28111717104911804,0.9259999990463257,0.23680000007152557
YLR403W,YDR285W,0,-4.473068,0.28103187680244446,0.9259999990463257,0.23690000176429749
YMR058W,YLL027W,0,-4.4731426,0.28094661235809326,0.9259999990463257,0.2370000034570694
YDL004W,YCL027W,0,-4.4735136,0.28086137771606445,0.9259999990463257,0.2371000051498413
YPR025C,YLR391W-A,0,-4.474288,0.2807762324810028,0.9259999990463257,0.23720000684261322
YHR160C,YPL128C,0,-4.4750395,0.28069111704826355,0.9259999990463257,0.23729999363422394
YBR158W,YPL049C,0,-4.476077,0.28060606122016907,0.9259999990463257,0.23739999532699585
YGL194C,YDR261C-D,0,-4.476777,0.28052106499671936,0.9259999990463257,0.23749999701976776
YGR285C,YGR161W-B,0,-4.477842,0.28043609857559204,0.9259999990463257,0.23759999871253967
YMR137C,YHR048W,0,-4.4784107,0.2803511917591095,0.9259999990463257,0.23770000040531158
YDR268W,YGL104C,0,-4.4784555,0.28026634454727173,0.9259999990463257,0.2378000020980835
YFR009W,YBR082C,0,-4.4785132,0.28018155694007874,0.9259999990463257,0.2379000037908554
YLR242C,YBR265W,1,-4.479327,0.28039926290512085,0.9269999861717224,0.2379000037908554
YOR130C,YIR022W,0,-4.4795227,0.28031447529792786,0.9269999861717224,0.23800000548362732
YCR107W,YNL029C,0,-4.4807854,0.28022974729537964,0.9269999861717224,0.23810000717639923
YIR021W,YDL185W,0,-4.4808598,0.2801450490951538,0.9269999861717224,0.23819999396800995
YFR051C,YJL012C-A,0,-4.4813905,0.28006041049957275,0.9269999861717224,0.23829999566078186
YFR008W,YPR182W,0,-4.481844,0.2799758315086365,0.9269999861717224,0.23839999735355377
YCL012W,YJL146W,0,-4.4828243,0.27989131212234497,0.9269999861717224,0.23849999904632568
YPL209C,YJL128C,0,-4.4831457,0.27980682253837585,0.9269999861717224,0.2386000007390976
YDR524C,YDL014W,0,-4.4845133,0.2797223925590515,0.9269999861717224,0.2387000024318695
YLR047C,YNL062C,0,-4.4846363,0.27963802218437195,0.9269999861717224,0.23880000412464142
YJL154C,YGR172C,0,-4.4853835,0.27955368161201477,0.9269999861717224,0.23890000581741333
YIL033C,YMR203W,0,-4.4858947,0.27946940064430237,0.9269999861717224,0.23899999260902405
YDL232W,YGR094W,0,-4.4861813,0.27938517928123474,0.9269999861717224,0.23909999430179596
YDR098C,YMR164C,0,-4.4864845,0.2793009877204895,0.9269999861717224,0.23919999599456787
YOR094W,YNL054W-B,0,-4.4881773,0.27921685576438904,0.9269999861717224,0.23929999768733978
YER159C,YDL007W,0,-4.4884663,0.27913278341293335,0.9269999861717224,0.2393999993801117
YNL304W,YPL257W-B,0,-4.488841,0.27904877066612244,0.9269999861717224,0.2395000010728836
YKL074C,YEL026W,0,-4.489275,0.2789647877216339,0.9269999861717224,0.23960000276565552
YNL006W,YDR435C,0,-4.4894485,0.27888086438179016,0.9269999861717224,0.23970000445842743
YIL040W,YER035W,0,-4.489856,0.2787970006465912,0.9269999861717224,0.23980000615119934
YHR094C,YNL312W,0,-4.490118,0.2787131667137146,0.9269999861717224,0.23989999294281006
YBR170C,YAR009C,0,-4.4903107,0.2786293923854828,0.9269999861717224,0.23999999463558197
YDR116C,YGL135W,0,-4.490409,0.27854567766189575,0.9269999861717224,0.24009999632835388
YFL041W,YHL031C,0,-4.490627,0.2784619927406311,0.9269999861717224,0.2401999980211258
YLR009W,YNL213C,0,-4.490837,0.27837836742401123,0.9269999861717224,0.2402999997138977
YFL010W-A,YKR099W,0,-4.491019,0.27829480171203613,0.9269999861717224,0.24040000140666962
YDR421W,YFR003C,0,-4.4912653,0.2782112956047058,0.9269999861717224,0.24050000309944153
YML058W,YFL049W,0,-4.4920683,0.2781278192996979,0.9269999861717224,0.24060000479221344
YNL008C,YFL003C,0,-4.4923687,0.2780444025993347,0.9269999861717224,0.24070000648498535
YEL030W,YOR201C,0,-4.4923906,0.27796101570129395,0.9269999861717224,0.24079999327659607
YGL054C,YJR091C,0,-4.4925203,0.27787768840789795,0.9269999861717224,0.24089999496936798
YDR375C,YDR325W,0,-4.4926376,0.27779442071914673,0.9269999861717224,0.2409999966621399
YML113W,YGL062W,0,-4.492807,0.2777112126350403,0.9269999861717224,0.2410999983549118
YER178W,YOL103W-B,0,-4.4940567,0.2776280343532562,0.9269999861717224,0.24120000004768372
YDL117W,YDL170W,0,-4.49432,0.27754491567611694,0.9269999861717224,0.24130000174045563
YNL062C,YGR047C,0,-4.495579,0.27746182680130005,0.9269999861717224,0.24140000343322754
YLR242C,YDR331W,1,-4.4958086,0.2776780426502228,0.9279999732971191,0.24140000343322754
YPL221W,YJR046W,0,-4.4989586,0.27759498357772827,0.9279999732971191,0.24150000512599945
YOR074C,YOR127W,0,-4.499037,0.27751195430755615,0.9279999732971191,0.24160000681877136
YIL004C,YCL060C,0,-4.500166,0.2774289846420288,0.9279999732971191,0.24169999361038208
YBR228W,YJL004C,0,-4.500371,0.27734607458114624,0.9279999732971191,0.241799995303154
YNL031C,YLR006C,0,-4.5006056,0.27726322412490845,0.9279999732971191,0.2418999969959259
YJR083C,YKL203C,0,-4.5009384,0.27718040347099304,0.9279999732971191,0.24199999868869781
YKR095W-A,YNL149C,0,-4.5011387,0.2770976424217224,0.9279999732971191,0.24210000038146973
YBR279W,YCL062W,0,-4.5013475,0.27701491117477417,0.9279999732971191,0.24220000207424164
YMR236W,YDL120W,0,-4.501499,0.2769322693347931,0.9279999732971191,0.24230000376701355
YLR095C,YKL166C,0,-4.5021343,0.276849627494812,0.9279999732971191,0.24240000545978546
YGL051W,YDR075W,0,-4.5026827,0.2767670750617981,0.9279999732971191,0.24250000715255737
YBL009W,YIL132C,0,-4.5027313,0.27668455243110657,0.9279999732971191,0.2425999939441681
YNR043W,YPR173C,1,-4.5035467,0.27690014243125916,0.9290000200271606,0.2425999939441681
YGL192W,YBR089C-A,0,-4.5041046,0.27681764960289,0.9290000200271606,0.24269999563694
YCR107W,YOL115W,0,-4.5043297,0.27673518657684326,0.9290000200271606,0.24279999732971191
YLR228C,YLR023C,1,-4.504516,0.27695056796073914,0.9300000071525574,0.24279999732971191
YOL095C,YGR038C-B,0,-4.5048895,0.2768681049346924,0.9300000071525574,0.24289999902248383
YNL233W,YJL143W,0,-4.5058165,0.2767857015132904,0.9300000071525574,0.24300000071525574
YLR131C,YBL009W,0,-4.5062923,0.2767033576965332,0.9300000071525574,0.24310000240802765
YOR151C,YPR181C,0,-4.506487,0.2766210734844208,0.9300000071525574,0.24320000410079956
YIL048W,YFL017W-A,0,-4.506501,0.27653881907463074,0.9300000071525574,0.24330000579357147
YDL046W,YGL067W,0,-4.506796,0.2764565944671631,0.9300000071525574,0.2433999925851822
YKL108W,YCR073C,0,-4.507161,0.2763744294643402,0.9300000071525574,0.2434999942779541
YJR053W,YCL060C,0,-4.509208,0.2762923240661621,0.9300000071525574,0.243599995970726
YPL010W,YDR381W,0,-4.509771,0.2762102782726288,0.9300000071525574,0.24369999766349792
YDR424C,YBR077C,0,-4.510499,0.27612826228141785,0.9300000071525574,0.24379999935626984
YLR144C,YNL149C,0,-4.5119953,0.2760463058948517,0.9300000071525574,0.24390000104904175
YGL020C,YDR261W-B,0,-4.5124044,0.2759643793106079,0.9300000071525574,0.24400000274181366
YNL318C,YDR208W,0,-4.5130615,0.2758825421333313,0.9300000071525574,0.24410000443458557
YPL085W,YBR171W,0,-4.513124,0.2758007049560547,0.9300000071525574,0.24420000612735748
YDR375C,YGR013W,0,-4.5136385,0.27571895718574524,0.9300000071525574,0.2442999929189682
YIR013C,YLR376C,0,-4.514214,0.2756372392177582,0.9300000071525574,0.2443999946117401
YOR236W,YPL203W,0,-4.515607,0.2755555510520935,0.9300000071525574,0.24449999630451202
YPR103W,YFL033C,0,-4.5156164,0.2754739224910736,0.9300000071525574,0.24459999799728394
YGL245W,YDL244W,0,-4.516623,0.2753923535346985,0.9300000071525574,0.24469999969005585
YNL307C,YCR084C,0,-4.5172834,0.27531084418296814,0.9300000071525574,0.24480000138282776
YOR171C,YKR031C,1,-4.517638,0.27552530169487,0.9309999942779541,0.24480000138282776
YLR246W,YLR453C,0,-4.519044,0.27544379234313965,0.9309999942779541,0.24490000307559967
YLR418C,YBR021W,0,-4.519168,0.2753623127937317,0.9309999942779541,0.24500000476837158
YNL328C,YKR014C,0,-4.5198083,0.2752808928489685,0.9309999942779541,0.2451000064611435
YJL047C,YGR090W,0,-4.5201125,0.2751995325088501,0.9309999942779541,0.2451999932527542
YOR363C,YIL160C,1,-4.520137,0.27541372179985046,0.9319999814033508,0.2451999932527542
YHL002W,YLR224W,0,-4.5203514,0.27533236145973206,0.9319999814033508,0.24529999494552612
YOL130W,YML051W,0,-4.5212994,0.27525103092193604,0.9319999814033508,0.24539999663829803
YFL031W,YCL003W,1,-4.522692,0.2754650115966797,0.9330000281333923,0.24539999663829803
YNL166C,YEL057C,0,-4.5227947,0.27538371086120605,0.9330000281333923,0.24549999833106995
YDL155W,YDR260C,0,-4.5228515,0.2753024399280548,0.9330000281333923,0.24560000002384186
YGL019W,YLR301W,0,-4.52342,0.27522122859954834,0.9330000281333923,0.24570000171661377
YOR198C,YLR115W,0,-4.524664,0.27514007687568665,0.9330000281333923,0.24580000340938568
YDL164C,YOR088W,0,-4.5246916,0.27505895495414734,0.9330000281333923,0.2459000051021576
YDL197C,YNL225C,0,-4.5253644,0.2749778926372528,0.9330000281333923,0.2460000067949295
YOR316C,YOL103W-B,0,-4.527195,0.27489688992500305,0.9330000281333923,0.24609999358654022
YGL084C,YER151C,0,-4.527444,0.2748159170150757,0.9330000281333923,0.24619999527931213
YEL032W,YGL028C,0,-4.527667,0.2747349739074707,0.9330000281333923,0.24629999697208405
YOL090W,YPL144W,0,-4.5282383,0.2746541202068329,0.9330000281333923,0.24639999866485596
YDR263C,YCL020W,0,-4.529019,0.27457326650619507,0.9330000281333923,0.24650000035762787
YDR375C,YDR508C,0,-4.529216,0.2744925022125244,0.9330000281333923,0.24660000205039978
YDR395W,YBR216C,0,-4.5299935,0.27441176772117615,0.9330000281333923,0.2467000037431717
YCL005W-A,YPL065W,0,-4.5301576,0.27433109283447266,0.9330000281333923,0.2468000054359436
YFR047C,YLR384C,0,-4.5308714,0.27425044775009155,0.9330000281333923,0.24690000712871552
YGR055W,YDL118W,0,-4.531017,0.2741698622703552,0.9330000281333923,0.24699999392032623
YIL072W,YLL016W,0,-4.531631,0.2740893065929413,0.9330000281333923,0.24709999561309814
YCR075C,YBL101W-B,0,-4.531639,0.2740088105201721,0.9330000281333923,0.24719999730587006
YNL251C,YMR053C,0,-4.531872,0.27392837405204773,0.9330000281333923,0.24729999899864197
YNL225C,YGR122W,0,-4.532757,0.2738479673862457,0.9330000281333923,0.24740000069141388
YNL053W,YHR106W,0,-4.532905,0.2737676203250885,0.9330000281333923,0.2475000023841858
YGR167W,YOL103W-B,0,-4.5331926,0.27368730306625366,0.9330000281333923,0.2476000040769577
YOR320C,YNL236W,0,-4.533698,0.2736070454120636,0.9330000281333923,0.24770000576972961
YOL077W-A,YNL046W,0,-4.534007,0.2735268175601959,0.9330000281333923,0.24779999256134033
YNR053C,YML032C,0,-4.5347676,0.273446649312973,0.9330000281333923,0.24789999425411224
YJL042W,YHR079C-B,0,-4.5361595,0.2733665406703949,0.9330000281333923,0.24799999594688416
YNL218W,YLR332W,0,-4.5367804,0.27328646183013916,0.9330000281333923,0.24809999763965607
YJL021C,YMR290C,0,-4.5368257,0.2732064425945282,0.9330000281333923,0.24819999933242798
YNR019W,YDR437W,1,-4.5374846,0.27341920137405396,0.9340000152587891,0.24819999933242798
YMR100W,YOR256C,0,-4.5378532,0.273339182138443,0.9340000152587891,0.2483000010251999
YLR309C,YPL040C,0,-4.537958,0.2732592225074768,0.9340000152587891,0.2484000027179718
YPR007C,YMR305C,0,-4.5380263,0.273179292678833,0.9340000152587891,0.2485000044107437
YER108C,YKL075C,0,-4.538229,0.273099422454834,0.9340000152587891,0.24860000610351562
YDR425W,YGR241C,0,-4.5384407,0.27301958203315735,0.9340000152587891,0.24869999289512634
YBR004C,YCL003W,1,-4.5386047,0.27323204278945923,0.9350000023841858,0.24869999289512634
YGR092W,YCL075W,0,-4.5387607,0.2731522023677826,0.9350000023841858,0.24879999458789825
YLR288C,YDR034C-C,0,-4.5388894,0.27307242155075073,0.9350000023841858,0.24889999628067017
YOR160W,YDR238C,0,-4.539998,0.27299270033836365,0.9350000023841858,0.24899999797344208
YJL018W,YGR122W,0,-4.541383,0.27291300892829895,0.9350000023841858,0.249099999666214
YBR135W,YGL127C,0,-4.5418305,0.27283337712287903,0.9350000023841858,0.2492000013589859
YCL016C,YBR111W-A,0,-4.5419908,0.2727538049221039,0.9350000023841858,0.2493000030517578
YCL012W,YNL133C,0,-4.542344,0.2726742625236511,0.9350000023841858,0.24940000474452972
YIR013C,YLR208W,0,-4.5430117,0.27259474992752075,0.9350000023841858,0.24950000643730164
YDR057W,YCL074W,0,-4.543089,0.27251529693603516,0.9350000023841858,0.24959999322891235
YHR067W,YOR171C,1,-4.543217,0.27272728085517883,0.9359999895095825,0.24959999322891235
YKL138C-A,YPL063W,0,-4.5432568,0.27264782786369324,0.9359999895095825,0.24969999492168427
YLR391W-A,YMR319C,0,-4.5432916,0.2725684344768524,0.9359999895095825,0.24979999661445618
YOR191W,YJL012C-A,0,-4.543308,0.272489070892334,0.9359999895095825,0.2498999983072281
YOR023C,YNR059W,0,-4.5448766,0.2724097669124603,0.9359999895095825,0.25
YDR517W,YPR083W,0,-4.54507,0.27233052253723145,0.9359999895095825,0.2500999867916107
YLL002W,YKL070W,0,-4.545149,0.27225130796432495,0.9359999895095825,0.2502000033855438
YOR213C,YMR045C,0,-4.5453534,0.27217215299606323,0.9359999895095825,0.25029999017715454
YML029W,YJR027W,0,-4.546605,0.2720930278301239,0.9359999895095825,0.25040000677108765
YML112W,YGL039W,0,-4.54725,0.27201396226882935,0.9359999895095825,0.25049999356269836
YJL095W,YOR388C,0,-4.5483885,0.2719349265098572,0.9359999895095825,0.25060001015663147
YLR405W,YBL101W-B,0,-4.5484877,0.2718559503555298,0.9359999895095825,0.2506999969482422
YKL029C,YGL058W,0,-4.5486813,0.2717770040035248,0.9359999895095825,0.2508000135421753
YPL195W,YOL077W-A,0,-4.548915,0.27169811725616455,0.9359999895095825,0.250900000333786
YMR036C,YDL236W,0,-4.54986,0.2716192603111267,0.9359999895095825,0.25099998712539673
YLL008W,YLR071C,0,-4.5500793,0.27154046297073364,0.9359999895095825,0.25110000371932983
YLR189C,YDR302W,1,-4.5501204,0.27175173163414,0.9369999766349792,0.25110000371932983
YMR068W,YBR127C,0,-4.550158,0.27167293429374695,0.9369999766349792,0.25119999051094055
YJR119C,YNR052C,0,-4.5506067,0.27159419655799866,0.9369999766349792,0.25130000710487366
YDR511W,YPL151C,0,-4.551958,0.27151548862457275,0.9369999766349792,0.2513999938964844
YER083C,YPR158C-D,0,-4.5533776,0.2714368402957916,0.9369999766349792,0.2515000104904175
YMR025W,YPL116W,0,-4.554341,0.2713582515716553,0.9369999766349792,0.2515999972820282
YGL163C,YBL100W-B,0,-4.5550275,0.2712796628475189,0.9369999766349792,0.2517000138759613
YDR194C,YGR161C-D,0,-4.5554624,0.27120116353034973,0.9369999766349792,0.251800000667572
YDR288W,YJR028W,0,-4.555514,0.27112269401550293,0.9369999766349792,0.25189998745918274
YHR021C,YBL101W-A,0,-4.555887,0.2710442543029785,0.9369999766349792,0.25200000405311584
YLR449W,YBL101W-B,0,-4.555975,0.2709658741950989,0.9369999766349792,0.25209999084472656
YGL245W,YLR227W-A,0,-4.5560017,0.270887553691864,0.9369999766349792,0.25220000743865967
YJL029C,YBL101W-A,0,-4.556262,0.27080926299095154,0.9369999766349792,0.2522999942302704
YPL042C,YBL101W-B,0,-4.556329,0.27073100209236145,0.9369999766349792,0.2524000108242035
YOR034C,YBR276C,0,-4.55667,0.27065280079841614,0.9369999766349792,0.2524999976158142
YIL109C,YOR343C-A,0,-4.5567007,0.2705746591091156,0.9369999766349792,0.2526000142097473
YOL038W,YDR210W-D,0,-4.5567007,0.27049654722213745,0.9369999766349792,0.25270000100135803
YOL146W,YOR343C-B,0,-4.5567007,0.2704184651374817,0.9369999766349792,0.25279998779296875
YDR258C,YBL101W-A,0,-4.5567007,0.2703404426574707,0.9369999766349792,0.25290000438690186
YKL160W,YOR343C-A,0,-4.5567007,0.2702624797821045,0.9369999766349792,0.2529999911785126
YIL115C,YOR343C-A,0,-4.5567007,0.27018454670906067,0.9369999766349792,0.2531000077724457
YCR073C,YDR210W-C,0,-4.5567007,0.2701066732406616,0.9369999766349792,0.2531999945640564
YDL051W,YDR210W-C,0,-4.5567007,0.27002882957458496,0.9369999766349792,0.2533000111579895
YDR261C-D,YOR343C-B,0,-4.5567007,0.2699510157108307,0.9369999766349792,0.2533999979496002
YIL021W,YDR210W-C,0,-4.5567007,0.2698732614517212,0.9369999766349792,0.2535000145435333
YNL078W,YOR343C-B,0,-4.5567007,0.26979556679725647,0.9369999766349792,0.25360000133514404
YDR176W,YDR210W-C,0,-4.5567007,0.26971790194511414,0.9369999766349792,0.25369998812675476
YNL023C,YOR343C-B,0,-4.5567007,0.2696402966976166,0.9369999766349792,0.25380000472068787
YNL270C,YDR210W-D,0,-4.5567007,0.2695627212524414,0.9369999766349792,0.2538999915122986
YHR166C,YOR343C-A,0,-4.5567007,0.2694851756095886,0.9369999766349792,0.2540000081062317
YER014C-A,YDR365W-B,0,-4.5567007,0.269407719373703,0.9369999766349792,0.2540999948978424
YGL180W,YOR343C-B,0,-4.5567007,0.2693302631378174,0.9369999766349792,0.2542000114917755
YPR042C,YOR343C-A,0,-4.5567007,0.26925286650657654,0.9369999766349792,0.25429999828338623
YJL035C,YOR343C-A,0,-4.5567007,0.26917552947998047,0.9369999766349792,0.25440001487731934
YPL208W,YOR343C-B,0,-4.5567007,0.2690982222557068,0.9369999766349792,0.25450000166893005
YLR355C,YDR210W-D,0,-4.5567007,0.2690209448337555,0.9369999766349792,0.25459998846054077
YPR009W,YOR343C-B,0,-4.5567007,0.26894375681877136,0.9369999766349792,0.2547000050544739
YOR076C,YOR343C-A,0,-4.5567007,0.26886656880378723,0.9369999766349792,0.2547999918460846
YJL173C,YOR343C-B,0,-4.5567007,0.2687894403934479,0.9369999766349792,0.2549000084400177
YJL165C,YOR343C-A,0,-4.5567007,0.2687123715877533,0.9369999766349792,0.2549999952316284
YMR129W,YOR343C-A,0,-4.5567007,0.2686353325843811,0.9369999766349792,0.2551000118255615
YLR286C,YDR210W-C,0,-4.5567007,0.2685583233833313,0.9369999766349792,0.25519999861717224
YCR058C,YDR098C-B,0,-4.5567007,0.26848137378692627,0.9369999766349792,0.25529998540878296
YLR113W,YOR343C-B,0,-4.5567007,0.26840445399284363,0.9369999766349792,0.25540000200271606
YJL190C,YDR210W-C,0,-4.5567007,0.26832759380340576,0.9369999766349792,0.2554999887943268
YLR221C,YOR343C-A,0,-4.5567007,0.26825079321861267,0.9369999766349792,0.2556000053882599
YKL043W,YOR343C-A,0,-4.5567007,0.26817402243614197,0.9369999766349792,0.2556999921798706
YDR210W-C,YDR365W-B,0,-4.5567007,0.26809728145599365,0.9369999766349792,0.2558000087738037
YCL062W,YMR045C,0,-4.5567007,0.2680206000804901,0.9369999766349792,0.25589999556541443
YKL086W,YOR343C-A,0,-4.5567007,0.26794394850730896,0.9369999766349792,0.25600001215934753
YER120W,YDR210W-D,0,-4.5567007,0.2678673565387726,0.9369999766349792,0.25609999895095825
YDR511W,YOR343C-A,0,-4.5567007,0.2677907943725586,0.9369999766349792,0.25619998574256897
YHR187W,YDR210W-C,0,-4.5567007,0.2677142918109894,0.9369999766349792,0.2563000023365021
YGL013C,YDR210W-D,0,-4.5567007,0.26763781905174255,0.9369999766349792,0.2563999891281128
YPL265W,YDR210W-D,0,-4.5567007,0.2675614058971405,0.9369999766349792,0.2565000057220459
YNL126W,YDR210W-D,0,-4.5567007,0.26748502254486084,0.9369999766349792,0.2565999925136566
YLR113W,YOR343C-A,0,-4.5567007,0.26740866899490356,0.9369999766349792,0.2567000091075897
YGR222W,YDR210W-C,0,-4.5567007,0.26733237504959106,0.9369999766349792,0.25679999589920044
YNL172W,YDR210W-D,0,-4.5567007,0.26725614070892334,0.9369999766349792,0.25690001249313354
YBR155W,YOR343C-A,0,-4.5567007,0.267179936170578,0.9369999766349792,0.25699999928474426
YOR063W,YOR343C-A,0,-4.5567007,0.26710376143455505,0.9369999766349792,0.257099986076355
YMR142C,YBL101W-B,0,-4.5567007,0.2670276463031769,0.9369999766349792,0.2572000026702881
YLR263W,YDR210W-D,0,-4.5567007,0.2669515609741211,0.9369999766349792,0.2572999894618988
YER108C,YGR027W-B,0,-4.5567007,0.2668755352497101,0.9369999766349792,0.2574000060558319
YPR201W,YML131W,0,-4.557148,0.26679953932762146,0.9369999766349792,0.2574999928474426
YOR088W,YBL005W-A,0,-4.5571547,0.2667236030101776,0.9369999766349792,0.25760000944137573
YPL163C,YFL038C,0,-4.557187,0.26664769649505615,0.9369999766349792,0.25769999623298645
YER045C,YDL231C,0,-4.557386,0.26657184958457947,0.9369999766349792,0.25780001282691956
YAR019C,YGL051W,0,-4.557637,0.26649603247642517,0.9369999766349792,0.2578999996185303
YJL018W,YNR048W,0,-4.558061,0.26642024517059326,0.9369999766349792,0.257999986410141
YOR250C,YLR429W,0,-4.5583425,0.26634451746940613,0.9369999766349792,0.2581000030040741
YDR280W,YDR129C,0,-4.558372,0.2662688195705414,0.9369999766349792,0.2581999897956848
YDR158W,YBL101W-B,0,-4.5596447,0.2661931812763214,0.9369999766349792,0.2583000063896179
YOL078W,YDL046W,0,-4.5596666,0.26611757278442383,0.9369999766349792,0.25839999318122864
YCL012W,YCL075W,0,-4.5597935,0.266042023897171,0.9369999766349792,0.25850000977516174
YER045C,YIR010W,0,-4.5605474,0.2659665048122406,0.9369999766349792,0.25859999656677246
YDR320C-A,YPR158C-C,0,-4.5605855,0.26589104533195496,0.9369999766349792,0.25870001316070557
YDL004W,YER165W,0,-4.5605927,0.2658156156539917,0.9369999766349792,0.2587999999523163
YPL157W,YPL065W,0,-4.562083,0.26574021577835083,0.9369999766349792,0.258899986743927
YPL078C,YLR113W,0,-4.5625753,0.26566487550735474,0.9369999766349792,0.2590000033378601
YDR228C,YLR034C,0,-4.5627027,0.26558956503868103,0.9369999766349792,0.2590999901294708
YGL028C,YBL101W-A,0,-4.562707,0.2655143141746521,0.9369999766349792,0.25920000672340393
YOR265W,YBL101W-B,0,-4.56301,0.26543909311294556,0.9369999766349792,0.25929999351501465
YJR119C,YHR016C,0,-4.564415,0.2653639316558838,0.9369999766349792,0.25940001010894775
YBR049C,YDR285W,0,-4.5647864,0.2652888000011444,0.9369999766349792,0.25949999690055847
YDL243C,YAR033W,0,-4.565201,0.2652136981487274,0.9369999766349792,0.2596000134944916
YKL074C,YLL016W,0,-4.5653405,0.2651386559009552,0.9369999766349792,0.2597000002861023
YGR003W,YDL230W,0,-4.565451,0.26506364345550537,0.9369999766349792,0.259799987077713
YJR155W,YHR094C,0,-4.56593,0.2649886906147003,0.9369999766349792,0.2599000036716461
YCR020C,YBL101W-A,0,-4.5663137,0.26491376757621765,0.9369999766349792,0.25999999046325684
YML060W,YKL051W,0,-4.56659,0.26483890414237976,0.9369999766349792,0.26010000705718994
YDR490C,YDR365W-B,0,-4.567542,0.26476407051086426,0.9369999766349792,0.26019999384880066
YGL019W,YOR030W,0,-4.567951,0.26468926668167114,0.9369999766349792,0.26030001044273376
YBR112C,YIR012W,0,-4.5679955,0.2646145224571228,0.9369999766349792,0.2603999972343445
YPR033C,YDL118W,0,-4.568584,0.26453980803489685,0.9369999766349792,0.2605000138282776
YCR065W,YOL003C,0,-4.5688376,0.2644651532173157,0.9369999766349792,0.2606000006198883
YKR095W-A,YML088W,0,-4.569007,0.2643905282020569,0.9369999766349792,0.260699987411499
YLR381W,YDR342C,0,-4.569008,0.2643159329891205,0.9369999766349792,0.26080000400543213
YIL095W,YGR094W,0,-4.5690413,0.26424139738082886,0.9369999766349792,0.26089999079704285
YDL117W,YBR017C,0,-4.569928,0.2641668915748596,0.9369999766349792,0.26100000739097595
YPL132W,YGR161C-D,0,-4.570938,0.26409244537353516,0.9369999766349792,0.26109999418258667
YHR170W,YLR035C-A,0,-4.570984,0.2640180289745331,0.9369999766349792,0.2612000107765198
YOL111C,YMR225C,0,-4.5712214,0.2639436721801758,0.9369999766349792,0.2612999975681305
YPL115C,YBL101W-A,0,-4.572365,0.26386934518814087,0.9369999766349792,0.2614000141620636
YDR377W,YKR019C,0,-4.5725718,0.26379504799842834,0.9369999766349792,0.2615000009536743
YJR108W,YDR160W,0,-4.573385,0.2637208104133606,0.9369999766349792,0.26159998774528503
YDR283C,YDR098C-B,0,-4.573694,0.26364660263061523,0.9369999766349792,0.26170000433921814
YDL065C,YNL149C,0,-4.5741115,0.26357242465019226,0.9369999766349792,0.26179999113082886
YPR001W,YMR088C,0,-4.5747266,0.26349830627441406,0.9369999766349792,0.26190000772476196
YGL226C-A,YPL122C,0,-4.575087,0.26342424750328064,0.9369999766349792,0.2619999945163727
YPL259C,YML034W,0,-4.5755086,0.2633501887321472,0.9369999766349792,0.2621000111103058
YPR001W,YFL060C,0,-4.575771,0.26327618956565857,0.9369999766349792,0.2621999979019165
YGL014W,YOR230W,0,-4.5761714,0.2632022500038147,0.9369999766349792,0.2623000144958496
YLR332W,YCR053W,0,-4.576249,0.2631283402442932,0.9369999766349792,0.2624000012874603
YJL026W,YLR346C,0,-4.576579,0.2630544602870941,0.9369999766349792,0.26249998807907104
YOR137C,YDR027C,0,-4.5766964,0.2629806399345398,0.9369999766349792,0.26260000467300415
YLL011W,YBL100W-A,0,-4.577927,0.26290684938430786,0.9369999766349792,0.26269999146461487
YGL046W,YKL086W,0,-4.578719,0.2628330886363983,0.9369999766349792,0.262800008058548
YOR371C,YDL135C,0,-4.5789766,0.26275938749313354,0.9369999766349792,0.2628999948501587
YHR089C,YLR410W-B,0,-4.5794773,0.26268571615219116,0.9369999766349792,0.2630000114440918
YHR053C,YPR041W,0,-4.5795894,0.26261210441589355,0.9369999766349792,0.2630999982357025
YHR205W,YNL263C,0,-4.580683,0.26253852248191833,0.9369999766349792,0.2632000148296356
YNL245C,YLR256W,0,-4.58083,0.2624650001525879,0.9369999766349792,0.26330000162124634
YNL219C,YLL038C,0,-4.5810595,0.26239147782325745,0.9369999766349792,0.26339998841285706
YPR036W,YGR281W,0,-4.583379,0.2623180150985718,0.9369999766349792,0.26350000500679016
YMR139W,YGL175C,0,-4.5834217,0.2622446119785309,0.9369999766349792,0.2635999917984009
YDR317W,YLR181C,0,-4.5834327,0.2621712386608124,0.9369999766349792,0.263700008392334
YGL172W,YOL103W-B,0,-4.584031,0.26209789514541626,0.9369999766349792,0.2637999951839447
YNR056C,YIL153W,0,-4.584494,0.2620246112346649,0.9369999766349792,0.2639000117778778
YDL197C,YER155C,0,-4.584981,0.26195135712623596,0.9369999766349792,0.2639999985694885
YER036C,YGL240W,0,-4.5849953,0.2618781328201294,0.9369999766349792,0.26409998536109924
YOR327C,YML038C,0,-4.585434,0.2618049681186676,0.9369999766349792,0.26420000195503235
YLR106C,YJR045C,0,-4.586491,0.2617318332195282,0.9369999766349792,0.26429998874664307
YHR019C,YLR181C,0,-4.5874057,0.26165875792503357,0.9369999766349792,0.26440000534057617
YML019W,YPL133C,0,-4.5883284,0.26158571243286133,0.9369999766349792,0.2644999921321869
YBR274W,YMR053C,0,-4.5885286,0.2615126967430115,0.9369999766349792,0.26460000872612
YMR192W,YMR322C,0,-4.5892115,0.2614397406578064,0.9369999766349792,0.2646999955177307
YLR155C,YJL011C,0,-4.5893936,0.2613668143749237,0.9369999766349792,0.2648000121116638
YOR037W,YDR508C,0,-4.5896497,0.2612939178943634,0.9369999766349792,0.26489999890327454
YOR078W,YDR210W-B,0,-4.5899324,0.2612210810184479,0.9369999766349792,0.26499998569488525
YPL228W,YDR508C,0,-4.5912457,0.26114827394485474,0.9369999766349792,0.26510000228881836
YBL064C,YBR043C,0,-4.591593,0.261075496673584,0.9369999766349792,0.2651999890804291
YMR199W,YLR186W,0,-4.5927258,0.261002779006958,0.9369999766349792,0.2653000056743622
YGL192W,YKR014C,0,-4.593401,0.2609300911426544,0.9369999766349792,0.2653999924659729
YDL223C,YCR062W,0,-4.5937324,0.2608574628829956,0.9369999766349792,0.265500009059906
YFL010W-A,YMR100W,0,-4.593951,0.2607848644256592,0.9369999766349792,0.2655999958515167
YGL236C,YDR545W,0,-4.594388,0.26071229577064514,0.9369999766349792,0.26570001244544983
YPL145C,YGR020C,0,-4.5952454,0.2606397867202759,0.9369999766349792,0.26579999923706055
YPL133C,YOL103W-B,0,-4.5953245,0.260567307472229,0.9369999766349792,0.26589998602867126
YGR081C,YHR163W,0,-4.595463,0.2604948580265045,0.9369999766349792,0.26600000262260437
YOL127W,YOR192C-B,0,-4.595954,0.2604224681854248,0.9369999766349792,0.2660999894142151
YFR008W,YBR087W,0,-4.596168,0.2603501081466675,0.9369999766349792,0.2662000060081482
YGR247W,YNR031C,0,-4.5963554,0.26027777791023254,0.9369999766349792,0.2662999927997589
YCR040W,YKR101W,0,-4.596434,0.2602055072784424,0.9369999766349792,0.266400009393692
YER038C,YOL001W,0,-4.5969486,0.2601332664489746,0.9369999766349792,0.26649999618530273
YJL005W,YOR213C,0,-4.59702,0.2600610554218292,0.9369999766349792,0.26660001277923584
YOL005C,YIL029C,0,-4.5970297,0.2599889039993286,0.9369999766349792,0.26669999957084656
YLR153C,YNL302C,0,-4.598198,0.2599167823791504,0.9369999766349792,0.2667999863624573
YLR314C,YDR316W-B,0,-4.5986414,0.25984469056129456,0.9369999766349792,0.2669000029563904
YDR240C,YPR125W,0,-4.598649,0.2597726583480835,0.9369999766349792,0.2669999897480011
YBR228W,YIR012W,0,-4.598914,0.2597006559371948,0.9369999766349792,0.2671000063419342
YFR004W,YLR130C,0,-4.5994177,0.2596287131309509,0.9369999766349792,0.2671999931335449
YBR245C,YPL258C,0,-4.6016912,0.2595568001270294,0.9369999766349792,0.267300009727478
YLR242C,YDR434W,1,-4.6018724,0.25976184010505676,0.9380000233650208,0.267300009727478
YOR381W,YIL056W,0,-4.6021843,0.25968992710113525,0.9380000233650208,0.26739999651908875
YGL021W,YGR004W,0,-4.602726,0.25961804389953613,0.9380000233650208,0.26750001311302185
YER108C,YML124C,0,-4.6028986,0.2595462203025818,0.9380000233650208,0.26759999990463257
YDL145C,YLR043C,0,-4.602927,0.25947442650794983,0.9380000233650208,0.2676999866962433
YEL056W,YJL203W,0,-4.6030297,0.25940266251564026,0.9380000233650208,0.2678000032901764
YAL056W,YNL126W,0,-4.603253,0.2593309283256531,0.9380000233650208,0.2678999900817871
YLR368W,YNR053C,0,-4.604062,0.25925925374031067,0.9380000233650208,0.2680000066757202
YJR158W,YJR066W,0,-4.605467,0.25918760895729065,0.9380000233650208,0.26809999346733093
YMR043W,YGL162W,0,-4.605503,0.2591160237789154,0.9380000233650208,0.26820001006126404
YFL036W,YLR086W,0,-4.605692,0.25904446840286255,0.9380000233650208,0.26829999685287476
YJL112W,YHR012W,0,-4.606003,0.2589729428291321,0.9380000233650208,0.26840001344680786
YIR004W,YPR081C,0,-4.6065884,0.2589014768600464,0.9380000233650208,0.2685000002384186
YPL133C,YDR362C,0,-4.6070814,0.2588300108909607,0.9380000233650208,0.2685999870300293
YDR512C,YGL039W,0,-4.607417,0.25875863432884216,0.9380000233650208,0.2687000036239624
YFL016C,YLR455W,0,-4.607698,0.25868725776672363,0.9380000233650208,0.2687999904155731
YOR301W,YDR098C-B,0,-4.6086483,0.2586159408092499,0.9380000233650208,0.2689000070095062
YML006C,YNL177C,0,-4.608905,0.2585446536540985,0.9380000233650208,0.26899999380111694
YBR161W,YNL231C,1,-4.609756,0.25874897837638855,0.9390000104904175,0.26899999380111694
YER172C,YLR355C,0,-4.609891,0.2586776912212372,0.9390000104904175,0.26910001039505005
YGR147C,YGR013W,0,-4.6103907,0.2586064338684082,0.9390000104904175,0.26919999718666077
YLR106C,YNL213C,0,-4.6104937,0.258535236120224,0.9390000104904175,0.26930001378059387
YER052C,YCR058C,0,-4.610561,0.2584640681743622,0.9390000104904175,0.2694000005722046
YPR155C,YBR228W,0,-4.6106343,0.25839295983314514,0.9390000104904175,0.2694999873638153
YNL064C,YJR141W,0,-4.6110554,0.2583218812942505,0.9390000104904175,0.2696000039577484
YNL164C,YCR073W-A,0,-4.6118126,0.2582508325576782,0.9390000104904175,0.26969999074935913
YHR036W,YGR221C,0,-4.6120415,0.25817981362342834,0.9390000104904175,0.26980000734329224
YOR221C,YMR008C,1,-4.612302,0.25838372111320496,0.9399999976158142,0.26980000734329224
YPL259C,YLR196W,0,-4.612478,0.25831273198127747,0.9399999976158142,0.26989999413490295
YGL163C,YFL002W-B,0,-4.6138554,0.25824177265167236,0.9399999976158142,0.27000001072883606
YBR021W,YDR280W,0,-4.615026,0.25817084312438965,0.9399999976158142,0.2700999975204468
YBR127C,YKL095W,0,-4.615206,0.2580999433994293,0.9399999976158142,0.2702000141143799
YML036W,YER083C,0,-4.615787,0.25802910327911377,0.9399999976158142,0.2703000009059906
YPL275W,YDL051W,0,-4.6167326,0.2579582929611206,0.9399999976158142,0.2703999876976013
YPL040C,YHL012W,0,-4.6171494,0.25788751244544983,0.9399999976158142,0.2705000042915344
YKL060C,YIL007C,0,-4.6183014,0.25781679153442383,0.9399999976158142,0.27059999108314514
YHR171W,YDR228C,0,-4.619717,0.2577461004257202,0.9399999976158142,0.27070000767707825
YFL004W,YDL118W,0,-4.6198945,0.257675439119339,0.9399999976158142,0.27079999446868896
YNL106C,YGR202C,1,-4.6202526,0.2578788697719574,0.9409999847412109,0.27079999446868896
YMR177W,YPL257W-B,0,-4.62117,0.25780820846557617,0.9409999847412109,0.27090001106262207
YHR190W,YDR018C,1,-4.6220837,0.25801149010658264,0.9419999718666077,0.27090001106262207
YDL164C,YJL157C,0,-4.622157,0.2579408586025238,0.9419999718666077,0.2709999978542328
YAL056W,YGR159C,0,-4.622685,0.25787025690078735,0.9419999718666077,0.2711000144481659
YOR240W,YPL145C,0,-4.6253147,0.2577996850013733,0.9419999718666077,0.2712000012397766
YKL208W,YER041W,0,-4.6255007,0.2577291429042816,0.9419999718666077,0.27129998803138733
YPL112C,YLL016W,0,-4.6255584,0.25765863060951233,0.9419999718666077,0.27140000462532043
YOR211C,YBR083W,0,-4.626039,0.2575881779193878,0.9419999718666077,0.27149999141693115
YIL019W,YOR054C,0,-4.626093,0.2575177550315857,0.9419999718666077,0.27160000801086426
YCR027C,YPL063W,0,-4.628098,0.25744739174842834,0.9419999718666077,0.271699994802475
YOR171C,YHR133C,1,-4.628171,0.2576502859592438,0.9430000185966492,0.271699994802475
YER038C,YER151C,0,-4.629011,0.25757989287376404,0.9430000185966492,0.2718000113964081
YOL077W-A,YKL014C,0,-4.6293283,0.2575095593929291,0.9430000185966492,0.2718999981880188
YHR065C,YOR073W,0,-4.6293573,0.2574392557144165,0.9430000185966492,0.2720000147819519
YDR183W,YER022W,0,-4.6301556,0.2573689818382263,0.9430000185966492,0.2721000015735626
YGR041W,YIL143C,0,-4.6303654,0.2572987675666809,0.9430000185966492,0.27219998836517334
YBR202W,YOR386W,0,-4.631008,0.2572285830974579,0.9430000185966492,0.27230000495910645
YLR293C,YDR261W-A,0,-4.6332383,0.25715842843055725,0.9430000185966492,0.27239999175071716
YMR314W,YBR083W,0,-4.633523,0.2570883333683014,0.9430000185966492,0.27250000834465027
YEL056W,YDR472W,0,-4.63453,0.2570182681083679,0.9430000185966492,0.272599995136261
YGR159C,YOL103W-B,0,-4.6347,0.25694823265075684,0.9430000185966492,0.2727000117301941
YKL079W,YOR313C,0,-4.635255,0.25687822699546814,0.9430000185966492,0.2727999985218048
YMR199W,YNL307C,0,-4.635438,0.2568082809448242,0.9430000185966492,0.2728999853134155
YPR055W,YNL131W,0,-4.6359744,0.2567383646965027,0.9430000185966492,0.27300000190734863
YDL004W,YBR111W-A,0,-4.63698,0.25666847825050354,0.9430000185966492,0.27309998869895935
YDR335W,YEL004W,0,-4.6378956,0.25659865140914917,0.9430000185966492,0.27320000529289246
YHR065C,YIL129C,0,-4.638182,0.2565288245677948,0.9430000185966492,0.2732999920845032
YOR160W,YAR003W,0,-4.6382713,0.2564590573310852,0.9430000185966492,0.2734000086784363
YBR080C,YNL049C,0,-4.638437,0.2563893496990204,0.9430000185966492,0.273499995470047
YER014C-A,YBR127C,0,-4.6393194,0.25631964206695557,0.9430000185966492,0.2736000120639801
YHR183W,YML093W,0,-4.6394305,0.2562499940395355,0.9430000185966492,0.2736999988555908
YDL132W,YPL021W,0,-4.6399517,0.25618037581443787,0.9430000185966492,0.27379998564720154
YER015W,YFR019W,1,-4.640786,0.25638240575790405,0.9440000057220459,0.27379998564720154
YER072W,YPL257W-B,0,-4.6414094,0.2563127875328064,0.9440000057220459,0.27390000224113464
YGL181W,YLL026W,0,-4.6417046,0.25624319911003113,0.9440000057220459,0.27399998903274536
YKR061W,YMR077C,0,-4.641877,0.25617367029190063,0.9440000057220459,0.27410000562667847
YBR055C,YDR261C-D,0,-4.6422296,0.25610417127609253,0.9440000057220459,0.2741999924182892
YMR280C,YCR053W,0,-4.6430945,0.2560347020626068,0.9440000057220459,0.2743000090122223
YER052C,YPL065W,0,-4.643131,0.25596529245376587,0.9440000057220459,0.274399995803833
YLL009C,YKR095W-A,0,-4.644736,0.2558959126472473,0.9440000057220459,0.2745000123977661
YLR291C,YMR192W,0,-4.644785,0.25582656264305115,0.9440000057220459,0.27459999918937683
YJL170C,YHR019C,0,-4.6456594,0.25575724244117737,0.9440000057220459,0.27469998598098755
YAL042W,YAL016W,0,-4.6456795,0.25568798184394836,0.9440000057220459,0.27480000257492065
YPL283C,YOR192C-A,0,-4.6459227,0.25561875104904175,0.9440000057220459,0.27489998936653137
YER035W,YDL046W,0,-4.6460323,0.2555495500564575,0.9440000057220459,0.2750000059604645
YMR029C,YCL017C,0,-4.6469297,0.2554803788661957,0.9440000057220459,0.2750999927520752
YJL207C,YJL018W,0,-4.646981,0.2554112672805786,0.9440000057220459,0.2752000093460083
YJL165C,YBR136W,0,-4.6472692,0.25534215569496155,0.9440000057220459,0.275299996137619
YDR121W,YOR156C,0,-4.6484885,0.25527313351631165,0.9440000057220459,0.2754000127315521
YLL043W,YOL005C,0,-4.6486936,0.25520411133766174,0.9440000057220459,0.27549999952316284
YPR046W,YJR026W,0,-4.648779,0.2551351487636566,0.9440000057220459,0.27559998631477356
YDL002C,YLR084C,0,-4.6489496,0.2550661861896515,0.9440000057220459,0.27570000290870667
YOR320C,YBL026W,0,-4.6489816,0.2549973130226135,0.9440000057220459,0.2757999897003174
YGR284C,YHR157W,0,-4.6492834,0.25492843985557556,0.9440000057220459,0.2759000062942505
YBR136W,YOR266W,0,-4.649335,0.25485959649086,0.9440000057220459,0.2759999930858612
YCR028C-A,YGR186W,0,-4.649996,0.2547908127307892,0.9440000057220459,0.2761000096797943
YMR177W,YLR453C,0,-4.650487,0.25472205877304077,0.9440000057220459,0.27619999647140503
YBR012W-A,YDR365W-A,0,-4.650569,0.25465336441993713,0.9440000057220459,0.27630001306533813
YDR238C,YCR062W,0,-4.65074,0.2545846700668335,0.9440000057220459,0.27639999985694885
YOR028C,YIL013C,0,-4.652199,0.25451603531837463,0.9440000057220459,0.27649998664855957
YFL045C,YDR065W,0,-4.654215,0.25444743037223816,0.9440000057220459,0.2766000032424927
YBR234C,YLR034C,0,-4.655405,0.25437888503074646,0.9440000057220459,0.2766999900341034
YJR050W,YOL076W,0,-4.6558104,0.25431033968925476,0.9440000057220459,0.2768000066280365
YPR111W,YBR100W,0,-4.6559052,0.25424185395240784,0.9440000057220459,0.2768999934196472
YGR209C,YDR381W,0,-4.6579833,0.2541733980178833,0.9440000057220459,0.2770000100135803
YNL020C,YBL005W-A,0,-4.6589756,0.25410497188568115,0.9440000057220459,0.27709999680519104
YHR187W,YML039W,0,-4.6592884,0.2540366053581238,0.9440000057220459,0.27720001339912415
YGR119C,YOL091W,0,-4.6594586,0.2539682686328888,0.9440000057220459,0.27730000019073486
YBL002W,YBR153W,0,-4.65964,0.2538999319076538,0.9440000057220459,0.2773999869823456
YGL084C,YHR027C,0,-4.6600704,0.253831684589386,0.9440000057220459,0.2775000035762787
YPR141C,YOR153W,0,-4.660171,0.25376343727111816,0.9440000057220459,0.2775999903678894
YMR137C,YDL244W,0,-4.661331,0.2536952495574951,0.9440000057220459,0.2777000069618225
YER017C,YPL161C,0,-4.6623807,0.25362709164619446,0.9440000057220459,0.2777999937534332
YBR244W,YER051W,0,-4.662381,0.2535589635372162,0.9440000057220459,0.27790001034736633
YMR039C,YNL213C,0,-4.6624904,0.2534908652305603,0.9440000057220459,0.27799999713897705
YCL005W-A,YNL284C-A,0,-4.6626544,0.2534228265285492,0.9440000057220459,0.27810001373291016
YBR214W,YDR261W-B,0,-4.662858,0.2533548176288605,0.9440000057220459,0.2782000005245209
YLR201C,YOL033W,0,-4.663081,0.25328683853149414,0.9440000057220459,0.2782999873161316
YBR237W,YGR112W,0,-4.6631136,0.2532188892364502,0.9440000057220459,0.2784000039100647
YEL066W,YJL121C,0,-4.6632185,0.25315096974372864,0.9440000057220459,0.2784999907016754
YLR314C,YDR028C,0,-4.6636386,0.25308310985565186,0.9440000057220459,0.2786000072956085
YKL041W,YBR012W-A,0,-4.664264,0.25301527976989746,0.9440000057220459,0.27869999408721924
YOR173W,YDR098C-B,0,-4.6645336,0.25294747948646545,0.9440000057220459,0.27880001068115234
YOR061W,YJL219W,0,-4.6655684,0.25287970900535583,0.9440000057220459,0.27889999747276306
YPR042C,YOL031C,0,-4.6661067,0.252811998128891,0.9440000057220459,0.27900001406669617
YCR071C,YGL173C,0,-4.6685467,0.25274431705474854,0.9440000057220459,0.2791000008583069
YCR005C,YEL018W,0,-4.669045,0.25267666578292847,0.9440000057220459,0.2791999876499176
YNL148C,YGR261C,0,-4.669165,0.2526090443134308,0.9440000057220459,0.2793000042438507
YMR192W,YNL247W,0,-4.67024,0.2525414526462555,0.9440000057220459,0.2793999910354614
YER019W,YCL003W,1,-4.6707425,0.25274136662483215,0.9449999928474426,0.2793999910354614
YBL005W,YJL012C-A,0,-4.670842,0.25267380475997925,0.9449999928474426,0.27950000762939453
YNL009W,YGR170W,1,-4.6710205,0.25287356972694397,0.9459999799728394,0.27950000762939453
YBR136W,YHL027W,0,-4.6714983,0.2528059780597687,0.9459999799728394,0.27959999442100525
YOR153W,YGR161C-D,0,-4.67309,0.25273844599723816,0.9459999799728394,0.27970001101493835
YGR224W,YJR126C,0,-4.674813,0.25267094373703003,0.9459999799728394,0.2797999978065491
YDR342C,YDR261W-A,0,-4.675124,0.2526034712791443,0.9459999799728394,0.2799000144004822
YLR342W,YDR309C,0,-4.6761956,0.25253602862358093,0.9459999799728394,0.2800000011920929
YPL127C,YGL030W,0,-4.676343,0.25246864557266235,0.9459999799728394,0.2800999879837036
YBR017C,YPL169C,0,-4.6769423,0.25240129232406616,0.9459999799728394,0.2802000045776367
YML058W-A,YGL075C,0,-4.677161,0.25233396887779236,0.9459999799728394,0.28029999136924744
YEL017C-A,YDR261W-A,0,-4.677207,0.25226667523384094,0.9459999799728394,0.28040000796318054
YJL074C,YJR028W,0,-4.6776533,0.2521994113922119,0.9459999799728394,0.28049999475479126
YPL157W,YJL129C,0,-4.678593,0.25213220715522766,0.9459999799728394,0.28060001134872437
YDR463W,YML085C,0,-4.6786623,0.2520650029182434,0.9459999799728394,0.2806999981403351
YML118W,YNR006W,0,-4.6808434,0.25199785828590393,0.9459999799728394,0.2808000147342682
YJL201W,YOR103C,0,-4.681146,0.25193077325820923,0.9459999799728394,0.2809000015258789
YPL010W,YHR030C,0,-4.682131,0.2518636882305145,0.9459999799728394,0.2809999883174896
YNL101W,YJR097W,0,-4.6823297,0.2517966330051422,0.9459999799728394,0.28110000491142273
YNL250W,YDR146C,0,-4.6823435,0.2517296373844147,0.9459999799728394,0.28119999170303345
YDL008W,YER116C,0,-4.682377,0.2516626715660095,0.9459999799728394,0.28130000829696655
YOL101C,YGR143W,1,-4.6828113,0.25186169147491455,0.9470000267028809,0.28130000829696655
YOL126C,YNL079C,0,-4.6842604,0.2517947256565094,0.9470000267028809,0.28139999508857727
YFL057C,YLR381W,0,-4.6848893,0.25172778964042664,0.9470000267028809,0.2815000116825104
YJL029C,YBL055C,0,-4.685135,0.25166091322898865,0.9470000267028809,0.2815999984741211
YPL152W,YMR045C,0,-4.685753,0.25159403681755066,0.9470000267028809,0.2816999852657318
YNR074C,YLL034C,0,-4.68609,0.25152722001075745,0.9470000267028809,0.2818000018596649
YLL016W,YHR039C-B,0,-4.686257,0.2514604330062866,0.9470000267028809,0.28189998865127563
YMR135C,YDR034C-C,0,-4.68637,0.2513936758041382,0.9470000267028809,0.28200000524520874
YPL031C,YJL140W,0,-4.686727,0.2513269782066345,0.9470000267028809,0.28209999203681946
YLR129W,YKL089W,0,-4.6876345,0.25126028060913086,0.9470000267028809,0.28220000863075256
YGR231C,YBL057C,0,-4.6878514,0.251193642616272,0.9470000267028809,0.2822999954223633
YAR033W,YJL080C,0,-4.6878796,0.2511270344257355,0.9470000267028809,0.2824000120162964
YJR118C,YJR091C,0,-4.6882114,0.25106045603752136,0.9470000267028809,0.2824999988079071
YOR316C,YGR080W,0,-4.688589,0.25099390745162964,0.9470000267028809,0.2825999855995178
YMR137C,YCR062W,0,-4.6888666,0.2509273886680603,0.9470000267028809,0.2827000021934509
YJL125C,YOL003C,0,-4.6891255,0.25086092948913574,0.9470000267028809,0.28279998898506165
YPL147W,YCR052W,0,-4.689418,0.25079450011253357,0.9470000267028809,0.28290000557899475
YAR044W,YJR156C,0,-4.690345,0.2507281005382538,0.9470000267028809,0.28299999237060547
YPL092W,YML007W,0,-4.691004,0.2506617307662964,0.9470000267028809,0.2831000089645386
YKL192C,YPR140W,1,-4.6915593,0.2508600056171417,0.9480000138282776,0.2831000089645386
YER027C,YOR150W,0,-4.691587,0.2507936656475067,0.9480000138282776,0.2831999957561493
YBR233W-A,YML127W,0,-4.691681,0.2507273256778717,0.9480000138282776,0.2833000123500824
YBR039W,YGL201C,0,-4.6924973,0.2506610155105591,0.9480000138282776,0.2833999991416931
YNL145W,YMR234W,0,-4.693427,0.25059476494789124,0.9480000138282776,0.28349998593330383
YGR098C,YMR232W,0,-4.6934304,0.2505285441875458,0.9480000138282776,0.28360000252723694
YPL181W,YNL291C,0,-4.694206,0.2504623532295227,0.9480000138282776,0.28369998931884766
YMR308C,YDR129C,0,-4.6946783,0.250396192073822,0.9480000138282776,0.28380000591278076
YLR431C,YJL183W,0,-4.695715,0.2503300905227661,0.9480000138282776,0.2838999927043915
YAL031C,YDR192C,0,-4.6958923,0.2502639889717102,0.9480000138282776,0.2840000092983246
YOL149W,YLR337W,0,-4.696099,0.2501979470252991,0.9480000138282776,0.2840999960899353
YPR176C,YNL236W,0,-4.6964035,0.2501319348812103,0.9480000138282776,0.2842000126838684
YLR191W,YIL018W,0,-4.696531,0.25006595253944397,0.9480000138282776,0.2842999994754791
YHR108W,YHR124W,0,-4.696596,0.25,0.9480000138282776,0.28439998626708984
YKR076W,YIL017W,0,-4.697155,0.2499340921640396,0.9480000138282776,0.28450000286102295
YNL223W,YDR365W-A,0,-4.6982107,0.2498682141304016,0.9480000138282776,0.28459998965263367
YBR068C,YPR181C,0,-4.6982765,0.249802365899086,0.9480000138282776,0.2847000062465668
YCL039W,YBR205W,0,-4.6993876,0.24973656237125397,0.9480000138282776,0.2847999930381775
YBR065C,YHR099W,0,-4.699531,0.24967078864574432,0.9480000138282776,0.2849000096321106
YGR249W,YKL045W,0,-4.700305,0.24960505962371826,0.9480000138282776,0.2849999964237213
YPL125W,YMR053C,0,-4.700985,0.2495393455028534,0.9480000138282776,0.2851000130176544
YDL113C,YLR145W,0,-4.70119,0.2494736909866333,0.9480000138282776,0.28519999980926514
YGR229C,YCR084C,0,-4.70172,0.2494080513715744,0.9480000138282776,0.28529998660087585
YJR066W,YER072W,0,-4.7017717,0.24934245645999908,0.9480000138282776,0.28540000319480896
YLR052W,YGR121C,0,-4.7022696,0.24927689135074615,0.9480000138282776,0.2854999899864197
YCR005C,YKL018W,0,-4.702679,0.2492113560438156,0.9480000138282776,0.2856000065803528
YDL042C,YDR451C,0,-4.7033544,0.24914586544036865,0.9480000138282776,0.2856999933719635
YLR332W,YOR191W,0,-4.7044744,0.24908040463924408,0.9480000138282776,0.2858000099658966
YGR020C,YLR035C-A,0,-4.7046256,0.2490149736404419,0.9480000138282776,0.2858999967575073
YLR069C,YCR026C,0,-4.70465,0.2489495724439621,0.9480000138282776,0.28600001335144043
YML129C,YML076C,0,-4.705226,0.24888421595096588,0.9480000138282776,0.28610000014305115
YBR090C-A,YER123W,0,-4.7053504,0.24881890416145325,0.9480000138282776,0.28619998693466187
YIL068C,YAR044W,0,-4.705636,0.2487536072731018,0.9480000138282776,0.28630000352859497
YLL061W,YML023C,0,-4.7056627,0.24868835508823395,0.9480000138282776,0.2863999903202057
YDR479C,YPR036W,0,-4.7057457,0.24862313270568848,0.9480000138282776,0.2865000069141388
YLR148W,YER111C,0,-4.7070494,0.2485579401254654,0.9480000138282776,0.2865999937057495
YAL024C,YOR129C,0,-4.7074423,0.2484927922487259,0.9480000138282776,0.2867000102996826
YLR391W-A,YHR026W,0,-4.7077203,0.24842767417430878,0.9480000138282776,0.28679999709129333
YER179W,YFR027W,0,-4.7084646,0.24836258590221405,0.9480000138282776,0.28690001368522644
YGL067W,YPL060C-A,0,-4.708832,0.2482975423336029,0.9480000138282776,0.28700000047683716
YDR016C,YMR140W,0,-4.7091484,0.24823252856731415,0.9480000138282776,0.2870999872684479
YML033W,YPL243W,0,-4.7096767,0.24816754460334778,0.9480000138282776,0.287200003862381
YBR015C,YDL130W,0,-4.7100224,0.2481025904417038,0.9480000138282776,0.2872999906539917
YGR097W,YPR080W,0,-4.710583,0.2480376809835434,0.9480000138282776,0.2874000072479248
YAL041W,YEL009C,0,-4.7116833,0.24797280132770538,0.9480000138282776,0.2874999940395355
YDR158W,YKL134C,0,-4.712099,0.24790795147418976,0.9480000138282776,0.28760001063346863
YLR452C,YKL081W,0,-4.7127166,0.24784313142299652,0.9480000138282776,0.28769999742507935
YOR181W,YDR079C-A,0,-4.7127523,0.24777835607528687,0.9480000138282776,0.28780001401901245
YNL020C,YEL066W,0,-4.7129292,0.2477136105298996,0.9480000138282776,0.28790000081062317
YMR048W,YDR335W,0,-4.7132206,0.2476489096879959,0.9480000138282776,0.2879999876022339
YJL201W,YJL186W,0,-4.7133045,0.24758422374725342,0.9480000138282776,0.288100004196167
YDL188C,YJR028W,0,-4.713463,0.2475195825099945,0.9480000138282776,0.2881999909877777
YNL166C,YPR158W-A,0,-4.713845,0.24745497107505798,0.9480000138282776,0.2883000075817108
YGL013C,YDR459C,0,-4.7139406,0.24739038944244385,0.9480000138282776,0.28839999437332153
YGL020C,YGR101W,0,-4.7146606,0.2473258525133133,0.9480000138282776,0.28850001096725464
YKL193C,YDR463W,0,-4.715201,0.24726134538650513,0.9480000138282776,0.28859999775886536
YAR033W,YMR146C,0,-4.7152233,0.24719686806201935,0.9480000138282776,0.28870001435279846
YPL085W,YJR029W,0,-4.716474,0.24713243544101715,0.9480000138282776,0.2888000011444092
YER003C,YOL020W,0,-4.716961,0.24706801772117615,0.9480000138282776,0.2888999879360199
YFL025C,YDR434W,1,-4.7174225,0.24726420640945435,0.9490000009536743,0.2888999879360199
YBR037C,YMR051C,0,-4.717519,0.24719978868961334,0.9490000009536743,0.289000004529953
YBL032W,YPR193C,0,-4.717578,0.24713541567325592,0.9490000009536743,0.2890999913215637
YLR390W-A,YML006C,0,-4.717804,0.2470710724592209,0.9490000009536743,0.2892000079154968
YBR202W,YHR005C-A,0,-4.718047,0.24700677394866943,0.9490000009536743,0.28929999470710754
YGL033W,YKL088W,0,-4.7188096,0.24694249033927917,0.9490000009536743,0.28940001130104065
YJL164C,YOR192C-B,0,-4.718838,0.2468782514333725,0.9490000009536743,0.28949999809265137
YIL079C,YBR038W,0,-4.7190127,0.2468140423297882,0.9490000009536743,0.2896000146865845
YJL141C,YMR045C,0,-4.719416,0.2467498630285263,0.9490000009536743,0.2897000014781952
YOR386W,YPR036W,0,-4.719433,0.24668572843074799,0.9490000009536743,0.2897999882698059
YOR221C,YDR213W,1,-4.7195196,0.24688149988651276,0.949999988079071,0.2897999882698059
YGR238C,YMR164C,0,-4.7199306,0.24681735038757324,0.949999988079071,0.289900004863739
YNL291C,YDR028C,0,-4.720366,0.2467532455921173,0.949999988079071,0.28999999165534973
YKR087C,YDR210W-B,0,-4.7209225,0.24668917059898376,0.949999988079071,0.29010000824928284
YNL148C,YKL029C,0,-4.721794,0.2466251254081726,0.949999988079071,0.29019999504089355
YJL198W,YLL011W,0,-4.7225437,0.24656112492084503,0.949999988079071,0.29030001163482666
YLR006C,YHR214C-B,0,-4.7233305,0.24649713933467865,0.949999988079071,0.2903999984264374
YOR030W,YMR067C,0,-4.7238703,0.24643319845199585,0.949999988079071,0.2904999852180481
YBR085W,YLR147C,0,-4.7251096,0.24636928737163544,0.949999988079071,0.2906000018119812
YGL219C,YJR120W,0,-4.7258105,0.2463054209947586,0.949999988079071,0.2906999886035919
YGR181W,YHR106W,0,-4.726056,0.24624156951904297,0.949999988079071,0.290800005197525
YJR147W,YLR227W-B,0,-4.7261176,0.2461777627468109,0.949999988079071,0.29089999198913574
YLR371W,YKL095W,0,-4.7265177,0.24611398577690125,0.949999988079071,0.29100000858306885
YDL220C,YDR425W,0,-4.7277026,0.24605023860931396,0.949999988079071,0.29109999537467957
YER035W,YKL188C,0,-4.7279615,0.24598653614521027,0.949999988079071,0.29120001196861267
YGR246C,YOL020W,0,-4.72871,0.24592286348342896,0.949999988079071,0.2912999987602234
YOR281C,YOR192C-B,0,-4.729047,0.24585922062397003,0.949999988079071,0.2913999855518341
YPR100W,YPL092W,0,-4.7295856,0.2457956075668335,0.949999988079071,0.2915000021457672
YML076C,YLR224W,0,-4.7297635,0.24573202431201935,0.949999988079071,0.29159998893737793
YBL084C,YPL242C,0,-4.72989,0.2456684708595276,0.949999988079071,0.29170000553131104
YIL036W,YPL156C,0,-4.7299995,0.2456049621105194,0.949999988079071,0.29179999232292175
YDL042C,YJR156C,0,-4.7303696,0.24554148316383362,0.949999988079071,0.29190000891685486
YGR075C,YJL140W,0,-4.7305684,0.24547803401947021,0.949999988079071,0.2919999957084656
YLR433C,YMR053C,0,-4.7307997,0.2454146146774292,0.949999988079071,0.2921000123023987
YBR085W,YHR085W,0,-4.730981,0.24535124003887177,0.949999988079071,0.2921999990940094
YLR391W-A,YKR065C,0,-4.7323084,0.24528789520263672,0.949999988079071,0.2922999858856201
YCR058C,YFR033C,0,-4.7323923,0.24522458016872406,0.949999988079071,0.2924000024795532
YMR207C,YNR008W,1,-4.7340326,0.24541935324668884,0.9509999752044678,0.2924000024795532
YGL187C,YLR191W,0,-4.7341843,0.24535603821277618,0.9509999752044678,0.29249998927116394
YJL071W,YPR017C,0,-4.734316,0.2452927529811859,0.9509999752044678,0.29260000586509705
YJL076W,YLR328W,0,-4.73454,0.24522949755191803,0.9509999752044678,0.29269999265670776
YDL117W,YLR192C,0,-4.734784,0.24516628682613373,0.9509999752044678,0.29280000925064087
YNR060W,YNL268W,0,-4.735218,0.24510309100151062,0.9509999752044678,0.2928999960422516
YGR075C,YMR060C,0,-4.735323,0.2450399398803711,0.9509999752044678,0.2930000126361847
YMR182C,YOR142W-B,0,-4.7354703,0.24497681856155396,0.9509999752044678,0.2930999994277954
YDR432W,YOR192C-B,0,-4.735809,0.2449137270450592,0.9509999752044678,0.29319998621940613
YBR017C,YHR214C-B,0,-4.7358737,0.24485066533088684,0.9509999752044678,0.29330000281333923
YAL031C,YKL110C,0,-4.736014,0.24478764832019806,0.9509999752044678,0.29339998960494995
YKL021C,YGR024C,0,-4.736196,0.24472464621067047,0.9509999752044678,0.29350000619888306
YNL177C,YIL119C,0,-4.737578,0.24466168880462646,0.9509999752044678,0.2935999929904938
YGR167W,YNL054W-B,0,-4.737624,0.24459876120090485,0.9509999752044678,0.2937000095844269
YDR158W,YHL025W,0,-4.738064,0.24453586339950562,0.9509999752044678,0.2937999963760376
YCL066W,YGR244C,0,-4.738234,0.24447301030158997,0.9509999752044678,0.2939000129699707
YOR267C,YGL067W,0,-4.7386084,0.2444101721048355,0.9509999752044678,0.2939999997615814
YDR214W,YBL055C,0,-4.7391105,0.24434737861156464,0.9509999752044678,0.29409998655319214
YBR145W,YOR122C,0,-4.7396913,0.24428461492061615,0.9509999752044678,0.29420000314712524
YML024W,YLR466W,0,-4.7400312,0.24422188103199005,0.9509999752044678,0.29429998993873596
YOL010W,YLR346C,0,-4.741214,0.24415917694568634,0.9509999752044678,0.29440000653266907
YDL181W,YBR111W-A,0,-4.741421,0.24409650266170502,0.9509999752044678,0.2944999933242798
YNL142W,YDR098C-B,0,-4.741684,0.24403387308120728,0.9509999752044678,0.2946000099182129
YOR335C,YFL017W-A,0,-4.741823,0.24397127330303192,0.9509999752044678,0.2946999967098236
YBR278W,YLR095C,0,-4.7421503,0.24390868842601776,0.9509999752044678,0.2948000133037567
YDR228C,YJL198W,0,-4.743737,0.24384614825248718,0.9509999752044678,0.29490000009536743
YCR063W,YOL123W,0,-4.743952,0.243783637881279,0.9509999752044678,0.29499998688697815
YBL071W-A,YBL102W,0,-4.7443857,0.24372117221355438,0.9509999752044678,0.29510000348091125
YNL129W,YIL017W,0,-4.7448444,0.24365872144699097,0.9509999752044678,0.295199990272522
YNL327W,YGR094W,0,-4.745329,0.24359631538391113,0.9509999752044678,0.2953000068664551
YOR011W,YPL209C,0,-4.7454786,0.2435339242219925,0.9509999752044678,0.2953999936580658
YBR103W,YGR161C-D,0,-4.746579,0.24347157776355743,0.9509999752044678,0.2955000102519989
YKL208W,YOR231W,0,-4.7472887,0.24340926110744476,0.9509999752044678,0.2955999970436096
YFR055W,YDR235W,0,-4.7474403,0.24334697425365448,0.9509999752044678,0.2957000136375427
YGR092W,YDR480W,0,-4.74817,0.24328473210334778,0.9509999752044678,0.29580000042915344
YDR398W,YOL103W-B,0,-4.749917,0.24322250485420227,0.9509999752044678,0.29589998722076416
YKL138C-A,YOR160W,0,-4.750307,0.24316032230854034,0.9509999752044678,0.29600000381469727
YOL130W,YOR241W,0,-4.7503815,0.2430981546640396,0.9509999752044678,0.296099990606308
YOR117W,YCL020W,0,-4.7512016,0.24303603172302246,0.9509999752044678,0.2962000072002411
YPR111W,YGR027W-B,0,-4.751836,0.2429739385843277,0.9509999752044678,0.2962999939918518
YOL063C,YOL044W,0,-4.751873,0.24291187524795532,0.9509999752044678,0.2964000105857849
YGR284C,YOR272W,0,-4.7522864,0.24284984171390533,0.9509999752044678,0.29649999737739563
YMR168C,YPR154W,0,-4.752304,0.24278785288333893,0.9509999752044678,0.29660001397132874
YLR013W,YDR116C,0,-4.753084,0.24272587895393372,0.9509999752044678,0.29670000076293945
YDR004W,YGR013W,0,-4.7542815,0.24266394972801208,0.9509999752044678,0.29679998755455017
YEL063C,YJR119C,0,-4.754571,0.24260203540325165,0.9509999752044678,0.2969000041484833
YJR083C,YHR077C,0,-4.7548037,0.2425401657819748,0.9509999752044678,0.296999990940094
YDR213W,YKL126W,1,-4.7553825,0.24273329973220825,0.9520000219345093,0.296999990940094
YJR160C,YHR016C,0,-4.7553926,0.2426714301109314,0.9520000219345093,0.2971000075340271
YER177W,YMR203W,0,-4.7555585,0.24260957539081573,0.9520000219345093,0.2971999943256378
YKL172W,YGL039W,0,-4.755629,0.24254776537418365,0.9520000219345093,0.2973000109195709
YFR046C,YOL089C,0,-4.757219,0.24248598515987396,0.9520000219345093,0.29739999771118164
YHL011C,YKR090W,0,-4.7587614,0.24242424964904785,0.9520000219345093,0.29750001430511475
YDL207W,YBR129C,0,-4.759581,0.24236252903938293,0.9520000219345093,0.29760000109672546
YBR034C,YMR073C,0,-4.759767,0.2423008382320404,0.9520000219345093,0.2976999878883362
YAL042W,YPL203W,0,-4.7600336,0.24223919212818146,0.9520000219345093,0.2978000044822693
YMR052W,YBL002W,0,-4.76021,0.2421775609254837,0.9520000219345093,0.29789999127388
YMR200W,YML131W,0,-4.7606554,0.24211597442626953,0.9520000219345093,0.2980000078678131
YGR244C,YOR192C-A,0,-4.761075,0.24205441772937775,0.9520000219345093,0.29809999465942383
YOL158C,YPL042C,0,-4.762288,0.24199287593364716,0.9520000219345093,0.29820001125335693
YMR312W,YLR119W,0,-4.762597,0.24193137884140015,0.9520000219345093,0.29829999804496765
YPL224C,YDL195W,0,-4.764134,0.24186991155147552,0.9520000219345093,0.29840001463890076
YMR038C,YDR261C-D,0,-4.7645006,0.24180848896503448,0.9520000219345093,0.2985000014305115
YBL079W,YDR316W-B,0,-4.7648363,0.24174708127975464,0.9520000219345093,0.2985999882221222
YBR039W,YBR186W,0,-4.768111,0.24168570339679718,0.9520000219345093,0.2987000048160553
YMR095C,YDR120C,0,-4.7686367,0.2416243702173233,0.9520000219345093,0.298799991607666
YPR176C,YBR091C,0,-4.7692823,0.24156305193901062,0.9520000219345093,0.2989000082015991
YML116W,YJR022W,0,-4.7693768,0.24150177836418152,0.9520000219345093,0.29899999499320984
YGR261C,YGR027W-B,0,-4.769746,0.2414405345916748,0.9520000219345093,0.29910001158714294
YPL122C,YLR410W-B,0,-4.7699213,0.24137930572032928,0.9520000219345093,0.29919999837875366
YKL134C,YCR106W,0,-4.771467,0.24131812155246735,0.9520000219345093,0.2992999851703644
YBR022W,YGR258C,0,-4.7725744,0.2412569671869278,0.9520000219345093,0.2994000017642975
YNL030W,YPR137C-A,0,-4.7729807,0.24119584262371063,0.9520000219345093,0.2994999885559082
YPL115C,YGL113W,0,-4.773179,0.24113474786281586,0.9520000219345093,0.2996000051498413
YKR027W,YDR316W-A,0,-4.773469,0.24107368290424347,0.9520000219345093,0.299699991941452
YGL122C,YDR316W-A,0,-4.7739778,0.24101266264915466,0.9520000219345093,0.29980000853538513
YEL063C,YLR013W,0,-4.774537,0.24095165729522705,0.9520000219345093,0.29989999532699585
YPR175W,YOR088W,0,-4.775115,0.24089068174362183,0.9520000219345093,0.30000001192092896
YPL125W,YJL109C,0,-4.775159,0.24082975089550018,0.9520000219345093,0.3000999987125397
YGR088W,YDR261W-B,0,-4.7753754,0.24076883494853973,0.9520000219345093,0.3001999855041504
YPR083W,YLR035C,0,-4.7769003,0.24070796370506287,0.9520000219345093,0.3003000020980835
YDL226C,YGL067W,0,-4.7770514,0.2406471222639084,0.9520000219345093,0.3003999888896942
YLR319C,YLR342W,0,-4.777856,0.2405862957239151,0.9520000219345093,0.3005000054836273
YHR171W,YML042W,0,-4.7780404,0.2405255138874054,0.9520000219345093,0.30059999227523804
YBR022W,YGR109W-B,0,-4.77854,0.24046476185321808,0.9520000219345093,0.30070000886917114
YGR003W,YDL188C,0,-4.7787037,0.24040403962135315,0.9520000219345093,0.30079999566078186
YDR424C,YER024W,0,-4.778901,0.2403433471918106,0.9520000219345093,0.30090001225471497
YMR048W,YML023C,0,-4.7792015,0.24028268456459045,0.9520000219345093,0.3009999990463257
YML081C-A,YBL030C,0,-4.7802167,0.2402220517396927,0.9520000219345093,0.3010999858379364
YHL019C,YKL053C-A,0,-4.7804203,0.2401614487171173,0.9520000219345093,0.3012000024318695
YLL050C,YMR173W,0,-4.7810664,0.24010087549686432,0.9520000219345093,0.3012999892234802
YDR309C,YJL052W,0,-4.781533,0.2400403469800949,0.9520000219345093,0.30140000581741333
YDR301W,YBR020W,0,-4.78197,0.2399798333644867,0.9520000219345093,0.30149999260902405
YGR278W,YPL124W,0,-4.78267,0.23991934955120087,0.9520000219345093,0.30160000920295715
YNL004W,YJL198W,0,-4.782891,0.23985891044139862,0.9520000219345093,0.30169999599456787
YJL033W,YMR096W,0,-4.7846923,0.23979848623275757,0.9520000219345093,0.301800012588501
YGR101W,YNL304W,0,-4.7847176,0.2397381067276001,0.9520000219345093,0.3018999993801117
YBR100W,YER087C-A,0,-4.785142,0.23967774212360382,0.9520000219345093,0.3019999861717224
YHR079C-B,YPL122C,0,-4.785344,0.23961742222309113,0.9520000219345093,0.3021000027656555
YJL042W,YLR130C,0,-4.7853713,0.23955711722373962,0.9520000219345093,0.30219998955726624
YJL010C,YIL053W,0,-4.786871,0.2394968569278717,0.9520000219345093,0.30230000615119934
YOR208W,YPL139C,0,-4.787094,0.23943662643432617,0.9520000219345093,0.30239999294281006
YPR017C,YDR435C,0,-4.7871866,0.23937641084194183,0.9520000219345093,0.30250000953674316
YHR148W,YDL230W,0,-4.7876754,0.23931623995304108,0.9520000219345093,0.3025999963283539
YHR079C,YNR034W,0,-4.7883525,0.2392560988664627,0.9520000219345093,0.302700012922287
YBR059C,YOR192C-A,0,-4.788744,0.23919597268104553,0.9520000219345093,0.3027999997138977
YAL056W,YKL043W,0,-4.7887454,0.23913589119911194,0.9520000219345093,0.3028999865055084
YPL096C-A,YDL109C,1,-4.790357,0.23932696878910065,0.953000009059906,0.3028999865055084
YJR078W,YLR129W,0,-4.790445,0.23926688730716705,0.953000009059906,0.30300000309944153
YOR240W,YER072W,0,-4.7904787,0.23920682072639465,0.953000009059906,0.30309998989105225
YDR174W,YCL005W-A,0,-4.7904787,0.23914679884910583,0.953000009059906,0.30320000648498535
YGR075C,YBL014C,0,-4.79051,0.2390868067741394,0.953000009059906,0.30329999327659607
YHR019C,YCR106W,0,-4.791133,0.23902684450149536,0.953000009059906,0.3034000098705292
YIL118W,YPR125W,0,-4.792128,0.2389668971300125,0.953000009059906,0.3034999966621399
YNL318C,YKR050W,0,-4.792157,0.23890699446201324,0.953000009059906,0.303600013256073
YCL014W,YJL112W,0,-4.7921667,0.23884712159633636,0.953000009059906,0.3037000000476837
YDR092W,YDL038C,0,-4.792349,0.23878727853298187,0.953000009059906,0.30379998683929443
YBR217W,YOR281C,0,-4.792988,0.23872745037078857,0.953000009059906,0.30390000343322754
YMR081C,YNR031C,0,-4.7932987,0.23866766691207886,0.953000009059906,0.30399999022483826
YMR201C,YBR080C,0,-4.793597,0.23860791325569153,0.953000009059906,0.30410000681877136
YGL183C,YLR224W,0,-4.7936363,0.2385481894016266,0.953000009059906,0.3041999936103821
YJL021C,YIL075C,0,-4.7937603,0.23848849534988403,0.953000009059906,0.3043000102043152
YBL041W,YDR202C,0,-4.793998,0.23842881619930267,0.953000009059906,0.3043999969959259
YKL005C,YKR065C,0,-4.794485,0.2383691817522049,0.953000009059906,0.304500013589859
YNL021W,YJL219W,0,-4.7948456,0.2383095771074295,0.953000009059906,0.3046000003814697
YML128C,YOR142W-A,0,-4.795518,0.2382500022649765,0.953000009059906,0.30469998717308044
YDR078C,YGR129W,0,-4.795608,0.2381904572248459,0.953000009059906,0.30480000376701355
YHR016C,YBR012W-A,0,-4.7960463,0.23813092708587646,0.953000009059906,0.30489999055862427
YNL066W,YCL005W-A,0,-4.7962284,0.23807144165039062,0.953000009059906,0.3050000071525574
YJR066W,YIR018W,0,-4.797187,0.23801198601722717,0.953000009059906,0.3050999939441681
YDR123C,YNL231C,1,-4.797866,0.23820224404335022,0.9539999961853027,0.3050999939441681
YBR136W,YFL035C-A,0,-4.798734,0.23814278841018677,0.9539999961853027,0.3052000105381012
YMR177W,YMR201C,0,-4.7993054,0.2380833476781845,0.9539999961853027,0.3052999973297119
YPR025C,YDR261W-B,0,-4.799361,0.23802395164966583,0.9539999961853027,0.305400013923645
YIL014W,YCR012W,0,-4.8005466,0.23796458542346954,0.9539999961853027,0.30550000071525574
YCR040W,YOL064C,0,-4.800707,0.23790523409843445,0.9539999961853027,0.30559998750686646
YKL129C,YGR104C,0,-4.800779,0.23784592747688293,0.9539999961853027,0.30570000410079956
YLL018C-A,YGL030W,0,-4.8014274,0.23778663575649261,0.9539999961853027,0.3057999908924103
YDR320C-A,YPR125W,0,-4.8022923,0.23772738873958588,0.9539999961853027,0.3059000074863434
YDR083W,YNR031C,0,-4.803088,0.23766815662384033,0.9539999961853027,0.3059999942779541
YIL140W,YLR337W,0,-4.803216,0.23760896921157837,0.9539999961853027,0.3061000108718872
YKR052C,YLR119W,0,-4.8035073,0.2375497967004776,0.9539999961853027,0.3061999976634979
YBL017C,YOR210W,0,-4.8038063,0.2374906688928604,0.9539999961853027,0.30630001425743103
YER024W,YOR272W,0,-4.8038945,0.23743155598640442,0.9539999961853027,0.30640000104904175
YGL067W,YBR129C,0,-4.804058,0.237372487783432,0.9539999961853027,0.30649998784065247
YPL256C,YJL112W,0,-4.8044043,0.2373134344816208,0.9539999961853027,0.30660000443458557
YGL183C,YMR037C,0,-4.8045177,0.23725441098213196,0.9539999961853027,0.3066999912261963
YNL327W,YDR443C,0,-4.8047886,0.2371954321861267,0.9539999961853027,0.3068000078201294
YFR019W,YNL231C,1,-4.8048763,0.23738503456115723,0.9549999833106995,0.3068000078201294
YML118W,YCL069W,0,-4.8049192,0.23732604086399078,0.9549999833106995,0.3068999946117401
YMR164C,YOR344C,0,-4.8057156,0.23726707696914673,0.9549999833106995,0.3070000112056732
YPR001W,YPL192C,0,-4.8063726,0.23720814287662506,0.9549999833106995,0.30709999799728394
YPL240C,YKR007W,0,-4.8074913,0.23714923858642578,0.9549999833106995,0.30720001459121704
YJL081C,YAR009C,0,-4.8077106,0.2370903640985489,0.9549999833106995,0.30730000138282776
YPR049C,YDL120W,0,-4.80817,0.23703151941299438,0.9549999833106995,0.3073999881744385
YJR147W,YPR158C-D,0,-4.8090725,0.23697270452976227,0.9549999833106995,0.3075000047683716
YFL022C,YNL004W,0,-4.810321,0.23691391944885254,0.9549999833106995,0.3075999915599823
YOR373W,YLR227W-A,0,-4.811356,0.2368551641702652,0.9549999833106995,0.3077000081539154
YNL243W,YDR316W-A,0,-4.8120437,0.23679642379283905,0.9549999833106995,0.3077999949455261
YHR191C,YIR017C,0,-4.8123364,0.23673772811889648,0.9549999833106995,0.30790001153945923
YER045C,YNL182C,0,-4.813279,0.2366790622472763,0.9549999833106995,0.30799999833106995
YJL081C,YMR140W,0,-4.8141074,0.23662041127681732,0.9549999833106995,0.30809998512268066
YKL120W,YBR129C,0,-4.8141117,0.23656180500984192,0.9549999833106995,0.30820000171661377
YGR088W,YPL248C,0,-4.814135,0.2365032136440277,0.9549999833106995,0.3082999885082245
YHR059W,YJL207C,0,-4.8146067,0.23644466698169708,0.9549999833106995,0.3084000051021576
YNL153C,YLR035C-A,0,-4.815073,0.23638613522052765,0.9549999833106995,0.3084999918937683
YAL017W,YIL022W,0,-4.815175,0.2363276481628418,0.9549999833106995,0.3086000084877014
YNL031C,YIL051C,0,-4.815516,0.23626917600631714,0.9549999833106995,0.30869999527931213
YGL047W,YBR254C,0,-4.8160734,0.23621073365211487,0.9549999833106995,0.30880001187324524
YPL200W,YDR337W,0,-4.816135,0.23615232110023499,0.9549999833106995,0.30889999866485596
YPL093W,YGR178C,0,-4.8170066,0.2360939383506775,0.9549999833106995,0.3089999854564667
YKL201C,YMR106C,0,-4.8170137,0.23603558540344238,0.9549999833106995,0.3091000020503998
YPR025C,YGR161W-B,0,-4.817337,0.23597726225852966,0.9549999833106995,0.3091999888420105
YML113W,YLR195C,0,-4.817475,0.23591896891593933,0.9549999833106995,0.3093000054359436
YEL030W,YGR275W,0,-4.8180695,0.2358607053756714,0.9549999833106995,0.3093999922275543
YFL025C,YER061C,1,-4.8185463,0.23604938387870789,0.9559999704360962,0.3093999922275543
YHR178W,YOR229W,0,-4.819082,0.23599112033843994,0.9559999704360962,0.3095000088214874
YIL051C,YER159C-A,0,-4.819625,0.2359328716993332,0.9559999704360962,0.30959999561309814
YOL068C,YJL146W,0,-4.821103,0.23587466776371002,0.9559999704360962,0.30970001220703125
YJL065C,YMR192W,0,-4.8212028,0.23581647872924805,0.9559999704360962,0.30979999899864197
YGL073W,YLR035C-A,0,-4.822069,0.23575831949710846,0.9559999704360962,0.3098999857902527
YFL029C,YGL192W,0,-4.82364,0.23570019006729126,0.9559999704360962,0.3100000023841858
YDR411C,YBR097W,0,-4.8236895,0.23564210534095764,0.9559999704360962,0.3100999891757965
YER162C,YLR362W,0,-4.823744,0.23558403551578522,0.9559999704360962,0.3102000057697296
YKL186C,YMR284W,0,-4.824151,0.23552599549293518,0.9559999704360962,0.31029999256134033
YHR016C,YOR192C-B,0,-4.824194,0.23546798527240753,0.9559999704360962,0.31040000915527344
YJR022W,YDR261W-A,0,-4.8245926,0.23541000485420227,0.9559999704360962,0.31049999594688416
YNL145W,YDL224C,0,-4.8259697,0.2353520393371582,0.9559999704360962,0.31060001254081726
YKL176C,YIL115C,0,-4.8267097,0.23529411852359772,0.9559999704360962,0.310699999332428
YIL142W,YHR086W,0,-4.8269777,0.23523622751235962,0.9559999704360962,0.3107999861240387
YKL195W,YER003C,0,-4.8273945,0.23517835140228271,0.9559999704360962,0.3109000027179718
YOL044W,YLR227W-A,0,-4.8278875,0.2351205050945282,0.9559999704360962,0.3109999895095825
YBL008W,YKR001C,0,-4.8282638,0.23506270349025726,0.9559999704360962,0.3111000061035156
YNL256W,YPR067W,0,-4.8285823,0.23500491678714752,0.9559999704360962,0.31119999289512634
YDL216C,YOR216C,0,-4.829829,0.23494715988636017,0.9559999704360962,0.31130000948905945
YCR040W,YCL060C,0,-4.8300858,0.2348894327878952,0.9559999704360962,0.31139999628067017
YBR142W,YDL085W,0,-4.830136,0.23483173549175262,0.9559999704360962,0.31150001287460327
YJL095W,YNL263C,0,-4.8305902,0.23477406799793243,0.9559999704360962,0.311599999666214
YJL115W,YKL018W,0,-4.830764,0.23471643030643463,0.9559999704360962,0.3116999864578247
YFL039C,YOR328W,0,-4.831008,0.23465880751609802,0.9559999704360962,0.3118000030517578
YOR056C,YNL054W-A,0,-4.831727,0.234601229429245,0.9559999704360962,0.31189998984336853
YNL148C,YLR052W,0,-4.8317485,0.23454366624355316,0.9559999704360962,0.31200000643730164
YBR276C,YGR248W,0,-4.8318334,0.2344861477613449,0.9559999704360962,0.31209999322891235
YLR391W,YGL181W,0,-4.8319006,0.23442864418029785,0.9559999704360962,0.31220000982284546
YBL100W-B,YPR158C-C,0,-4.8321705,0.23437117040157318,0.9559999704360962,0.3122999966144562
YJL198W,YLR147C,0,-4.832196,0.2343137264251709,0.9559999704360962,0.3124000132083893
YPL007C,YNL284C-A,0,-4.83465,0.234256312251091,0.9559999704360962,0.3125
YPR001W,YLR067C,0,-4.8352175,0.2341989278793335,0.9559999704360962,0.3125999867916107
YDR513W,YNL164C,0,-4.8353434,0.23414155840873718,0.9559999704360962,0.3127000033855438
YDR343C,YDR160W,0,-4.835497,0.23408423364162445,0.9559999704360962,0.31279999017715454
YNL268W,YER106W,0,-4.8356752,0.2340269237756729,0.9559999704360962,0.31290000677108765
YPL233W,YDR365W-A,0,-4.836214,0.23396965861320496,0.9559999704360962,0.31299999356269836
YJL081C,YDR320C,0,-4.8373537,0.2339124083518982,0.9559999704360962,0.31310001015663147
YAL054C,YBR073W,0,-4.837966,0.23385518789291382,0.9559999704360962,0.3131999969482422
YBR059C,YOL115W,0,-4.8397036,0.23379799723625183,0.9559999704360962,0.3133000135421753
YPR068C,YGL210W-A,0,-4.8397617,0.23374083638191223,0.9559999704360962,0.313400000333786
YGL183C,YPR041W,0,-4.840289,0.23368369042873383,0.9559999704360962,0.31349998712539673
YHR187W,YGR038C-B,0,-4.8405886,0.233626589179039,0.9559999704360962,0.31360000371932983
YOR181W,YGR251W,0,-4.8414664,0.23356950283050537,0.9559999704360962,0.31369999051094055
YBL080C,YOR142W-B,0,-4.8415737,0.23351246118545532,0.9559999704360962,0.31380000710487366
YCL069W,YER041W,0,-4.8418856,0.23345543444156647,0.9559999704360962,0.3138999938964844
YFR036W,YDR039C,0,-4.841935,0.2333984375,0.9559999704360962,0.3140000104904175
YCR092C,YNL054W-B,0,-4.842124,0.23334147036075592,0.9559999704360962,0.3140999972820282
YJR155W,YJL073W,0,-4.8421373,0.23328453302383423,0.9559999704360962,0.3142000138759613
YEL027W,YNL209W,0,-4.8428965,0.23322761058807373,0.9559999704360962,0.314300000667572
YKR036C,YER089C,0,-4.843216,0.23317073285579681,0.9559999704360962,0.31439998745918274
YER013W,YIL139C,0,-4.8455067,0.2331138700246811,0.9559999704360962,0.31450000405311584
YOR201C,YDR045C,0,-4.846087,0.23305705189704895,0.9559999704360962,0.31459999084472656
YDR409W,YLR466W,0,-4.8465047,0.233000248670578,0.9559999704360962,0.31470000743865967
YCL011C,YDR316W-A,0,-4.8471584,0.23294347524642944,0.9559999704360962,0.3147999942302704
YLR390W-A,YPR134W,0,-4.8475533,0.23288671672344208,0.9559999704360962,0.3149000108242035
YMR225C,YIL153W,0,-4.8479195,0.2328300029039383,0.9559999704360962,0.3149999976158142
YMR225C,YDR365W-B,0,-4.8487206,0.2327733188867569,0.9559999704360962,0.3151000142097473
YBR080C,YDR316W-A,0,-4.8494844,0.2327166497707367,0.9559999704360962,0.31520000100135803
YOR079C,YOL054W,0,-4.8494883,0.23266001045703888,0.9559999704360962,0.31529998779296875
YJL146W,YCR052W,0,-4.8503237,0.23260340094566345,0.9559999704360962,0.31540000438690186
YER028C,YHL009C,0,-4.851165,0.2325468212366104,0.9559999704360962,0.3154999911785126
YLR448W,YGR172C,0,-4.851837,0.23249027132987976,0.9559999704360962,0.3156000077724457
YBR223C,YJR026W,0,-4.853471,0.2324337512254715,0.9559999704360962,0.3156999945640564
YMR037C,YDR436W,0,-4.854062,0.23237724602222443,0.9559999704360962,0.3158000111579895
YDR011W,YCR062W,0,-4.8542595,0.23232077062129974,0.9559999704360962,0.3158999979496002
YGR055W,YBL020W,0,-4.8546896,0.23226433992385864,0.9559999704360962,0.3160000145435333
YFL048C,YLR383W,0,-4.8547072,0.23220792412757874,0.9559999704360962,0.31610000133514404
YLR135W,YDL185W,0,-4.854761,0.23215152323246002,0.9559999704360962,0.31619998812675476
YHR181W,YIL080W,0,-4.8565016,0.2320951670408249,0.9559999704360962,0.31630000472068787
YMR068W,YNL054W-B,0,-4.857429,0.23203884065151215,0.9559999704360962,0.3163999915122986
YGL192W,YOL039W,0,-4.858178,0.2319825291633606,0.9559999704360962,0.3165000081062317
YLR133W,YLR284C,1,-4.8585033,0.23216885328292847,0.9570000171661377,0.3165000081062317
YCL010C,YFL017W-A,0,-4.8591013,0.23211254179477692,0.9570000171661377,0.3165999948978424
YPL040C,YML131W,0,-4.8591776,0.23205626010894775,0.9570000171661377,0.3167000114917755
YCR040W,YDL224C,0,-4.859304,0.23199999332427979,0.9570000171661377,0.31679999828338623
YJL173C,YCL020W,0,-4.860751,0.2319437712430954,0.9570000171661377,0.31690001487731934
YDL140C,YPR158W-A,0,-4.8608813,0.2318875640630722,0.9570000171661377,0.31700000166893005
YPL265W,YGL054C,0,-4.8619857,0.2318314015865326,0.9570000171661377,0.31709998846054077
YFL029C,YFR036W,0,-4.8629103,0.23177525401115417,0.9570000171661377,0.3172000050544739
YCR002C,YBR295W,0,-4.8632145,0.23171912133693695,0.9570000171661377,0.3172999918460846
YDR423C,YLR411W,0,-4.863428,0.2316630333662033,0.9570000171661377,0.3174000084400177
YBL079W,YOR088W,0,-4.863473,0.23160697519779205,0.9570000171661377,0.3174999952316284
YMR054W,YJR029W,0,-4.863684,0.231550931930542,0.9570000171661377,0.3176000118255615
YAL020C,YOR018W,0,-4.8659406,0.23149491846561432,0.9570000171661377,0.31769999861717224
YDL029W,YHR214C-B,0,-4.866416,0.23143893480300903,0.9570000171661377,0.31779998540878296
YDL051W,YDR261C-D,0,-4.867354,0.23138298094272614,0.9570000171661377,0.31790000200271606
YLR039C,YCL020W,0,-4.868091,0.23132704198360443,0.9570000171661377,0.3179999887943268
YBR038W,YGL045W,0,-4.869423,0.2312711477279663,0.9570000171661377,0.3181000053882599
YNL327W,YPL275W,0,-4.869478,0.23121526837348938,0.9570000171661377,0.3181999921798706
YMR264W,YOR142W,0,-4.86954,0.23115941882133484,0.9570000171661377,0.3183000087738037
YLR332W,YHL025W,0,-4.8697224,0.23110359907150269,0.9570000171661377,0.31839999556541443
YFR047C,YDL051W,0,-4.870121,0.23104780912399292,0.9570000171661377,0.31850001215934753
YLR228C,YNL264C,1,-4.8704033,0.2312334030866623,0.9580000042915344,0.31850001215934753
YNL112W,YMR037C,0,-4.871452,0.23117761313915253,0.9580000042915344,0.31859999895095825
YNL231C,YCL003W,1,-4.87182,0.23136308789253235,0.9589999914169312,0.31859999895095825
YGL039W,YGR109W-B,0,-4.8719516,0.2313072830438614,0.9589999914169312,0.31869998574256897
YGR158C,YGR027W-B,0,-4.8720818,0.23125150799751282,0.9589999914169312,0.3188000023365021
YMR139W,YLR035C-A,0,-4.8736124,0.23119576275348663,0.9589999914169312,0.3188999891281128
YGL124C,YNL066W,0,-4.8737392,0.23114003241062164,0.9589999914169312,0.3190000057220459
YEL036C,YOR297C,0,-4.8742557,0.23108433187007904,0.9589999914169312,0.3190999925136566
YBR065C,YPL021W,0,-4.8750052,0.23102866113185883,0.9589999914169312,0.3192000091075897
YBR035C,YPR173C,1,-4.8759155,0.23121386766433716,0.9599999785423279,0.3192000091075897
YGR284C,YMR037C,0,-4.8763723,0.23115819692611694,0.9599999785423279,0.31929999589920044
YMR069W,YHR050W,0,-4.876377,0.23110255599021912,0.9599999785423279,0.31940001249313354
YOR355W,YKL086W,0,-4.8769093,0.23104692995548248,0.9599999785423279,0.31949999928474426
YBR038W,YIR010W,0,-4.87827,0.23099133372306824,0.9599999785423279,0.319599986076355
YAL059W,YDR300C,0,-4.878504,0.23093576729297638,0.9599999785423279,0.3197000026702881
YMR068W,YDL195W,0,-4.8785515,0.2308802306652069,0.9599999785423279,0.3197999894618988
YNL037C,YBL071W-A,0,-4.8787766,0.23082472383975983,0.9599999785423279,0.3199000060558319
YLR186W,YER129W,0,-4.879019,0.23076923191547394,0.9599999785423279,0.3199999928474426
YLR254C,YCR060W,0,-4.879094,0.23071376979351044,0.9599999785423279,0.32010000944137573
YKL045W,YDR388W,0,-4.8795776,0.23065833747386932,0.9599999785423279,0.32019999623298645
YDL200C,YML131W,0,-4.8797708,0.2306029349565506,0.9599999785423279,0.32030001282691956
YNL070W,YER159C-A,0,-4.8803988,0.23054754734039307,0.9599999785423279,0.3203999996185303
YHR056C,YKL028W,0,-4.8805046,0.23049218952655792,0.9599999785423279,0.320499986410141
YCR075C,YAR035W,0,-4.880594,0.23043687641620636,0.9599999785423279,0.3206000030040741
YDR054C,YKL060C,0,-4.8813095,0.2303815633058548,0.9599999785423279,0.3206999897956848
YPL145C,YCL075W,0,-4.8817434,0.23032629489898682,0.9599999785423279,0.3208000063896179
YLR390W-A,YDR480W,0,-4.882158,0.23027104139328003,0.9599999785423279,0.32089999318122864
YAL003W,YBR090C-A,0,-4.883402,0.23021583259105682,0.9599999785423279,0.32100000977516174
YHR197W,YJL004C,0,-4.88375,0.2301606386899948,0.9599999785423279,0.32109999656677246
YPL037C,YOR088W,0,-4.8840017,0.230105459690094,0.9599999785423279,0.32120001316070557
YML092C,YPR056W,0,-4.8855095,0.23005032539367676,0.9599999785423279,0.3212999999523163
YDR116C,YFL037W,0,-4.8855915,0.22999520599842072,0.9599999785423279,0.321399986743927
YGL086W,YFL059W,0,-4.8857946,0.22994011640548706,0.9599999785423279,0.3215000033378601
YDL035C,YLR035C-A,0,-4.8864684,0.2298850566148758,0.9599999785423279,0.3215999901294708
YDL195W,YOL105C,0,-4.8910885,0.22983002662658691,0.9599999785423279,0.32170000672340393
YNL177C,YGR161C-D,0,-4.892947,0.22977501153945923,0.9599999785423279,0.32179999351501465
YKR095W-A,YOR151C,0,-4.892956,0.22972002625465393,0.9599999785423279,0.32190001010894775
YGL210W-A,YLR452C,0,-4.8930616,0.22966507077217102,0.9599999785423279,0.32199999690055847
YMR266W,YEL065W,0,-4.8936787,0.2296101450920105,0.9599999785423279,0.3221000134944916
YGL054C,YLR263W,0,-4.89368,0.22955523431301117,0.9599999785423279,0.3222000002861023
YOR355W,YDL170W,0,-4.8939776,0.22950035333633423,0.9599999785423279,0.322299987077713
YNR057C,YDR126W,0,-4.894041,0.22944550216197968,0.9599999785423279,0.3224000036716461
YNR001C,YNL272C,0,-4.8944693,0.2293906807899475,0.9599999785423279,0.32249999046325684
YGR220C,YHR039C-B,0,-4.8946333,0.22933587431907654,0.9599999785423279,0.32260000705718994
YGR112W,YBR223C,0,-4.894723,0.22928111255168915,0.9599999785423279,0.32269999384880066
YNL172W,YHR214C-C,0,-4.8954296,0.22922636568546295,0.9599999785423279,0.32280001044273376
YHR164C,YER007W,0,-4.8958015,0.22917163372039795,0.9599999785423279,0.3228999972343445
YNL053W,YML069W,0,-4.8960304,0.22911694645881653,0.9599999785423279,0.3230000138282776
YOR335C,YNL318C,0,-4.8966966,0.2290622740983963,0.9599999785423279,0.3231000006198883
YOR079C,YGR128C,0,-4.897116,0.22900763154029846,0.9599999785423279,0.323199987411499
YNL068C,YGR122W,0,-4.8973346,0.228953018784523,0.9599999785423279,0.32330000400543213
YIR002C,YIL029C,0,-4.8977537,0.22889842092990875,0.9599999785423279,0.32339999079704285
YBR020W,YOL143C,0,-4.8982573,0.22884386777877808,0.9599999785423279,0.32350000739097595
YJR139C,YDR316W-A,0,-4.8989706,0.2287893295288086,0.9599999785423279,0.32359999418258667
YOR381W,YGR085C,0,-4.899808,0.2287348061800003,0.9599999785423279,0.3237000107765198
YMR068W,YBR087W,0,-4.899973,0.2286803275346756,0.9599999785423279,0.3237999975681305
YJL104W,YGR161W-B,0,-4.899987,0.22862586379051208,0.9599999785423279,0.3239000141620636
YCR026C,YNL326C,0,-4.900342,0.22857142984867096,0.9599999785423279,0.3240000009536743
YDR301W,YOL005C,0,-4.901588,0.22851702570915222,0.9599999785423279,0.32409998774528503
YDL076C,YPR158C-D,0,-4.9017763,0.22846263647079468,0.9599999785423279,0.32420000433921814
YDR363W,YOR216C,0,-4.901849,0.22840827703475952,0.9599999785423279,0.32429999113082886
YNL099C,YGR122W,0,-4.902075,0.22835394740104675,0.9599999785423279,0.32440000772476196
YLR274W,YMR314W,0,-4.9034023,0.22829964756965637,0.9599999785423279,0.3244999945163727
YIL040W,YML055W,0,-4.903753,0.22824536263942719,0.9599999785423279,0.3246000111103058
YGR261C,YOR073W,0,-4.903884,0.22819110751152039,0.9599999785423279,0.3246999979019165
YPR168W,YNL121C,0,-4.903922,0.22813688218593597,0.9599999785423279,0.3248000144958496
YGL194C,YNL054W-B,0,-4.9045854,0.22808268666267395,0.9599999785423279,0.3249000012874603
YER051W,YGR258C,0,-4.90476,0.22802850604057312,0.9599999785423279,0.32499998807907104
YNL222W,YOR142W-B,0,-4.904921,0.22797435522079468,0.9599999785423279,0.32510000467300415
YBR077C,YML076C,0,-4.9055815,0.22792023420333862,0.9599999785423279,0.32519999146461487
YJL021C,YLR075W,0,-4.9059944,0.22786612808704376,0.9599999785423279,0.325300008058548
YIL140W,YPL274W,0,-4.906212,0.2278120517730713,0.9599999785423279,0.3253999948501587
YOR257W,YER024W,0,-4.906727,0.2277580052614212,0.9599999785423279,0.3255000114440918
YNL053W,YAR035W,0,-4.9068418,0.2277039885520935,0.9599999785423279,0.3255999982357025
YOR274W,YMR164C,0,-4.907401,0.227649986743927,0.9599999785423279,0.3257000148296356
YOR147W,YNL103W,0,-4.9090805,0.22759601473808289,0.9599999785423279,0.32580000162124634
YNL008C,YKL194C,0,-4.9092007,0.22754207253456116,0.9599999785423279,0.32589998841285706
YAL021C,YCR071C,0,-4.9095984,0.22748814523220062,0.9599999785423279,0.32600000500679016
YCL032W,YLR227W-B,0,-4.9099474,0.22743426263332367,0.9599999785423279,0.3260999917984009
YNL270C,YIL076W,0,-4.909951,0.2273803949356079,0.9599999785423279,0.326200008392334
YJL121C,YPR158C-C,0,-4.9102755,0.22732654213905334,0.9599999785423279,0.3262999951839447
YHL002W,YBL026W,0,-4.910671,0.22727273404598236,0.9599999785423279,0.3264000117778778
YLR131C,YPL100W,0,-4.911106,0.22721894085407257,0.9599999785423279,0.3264999985694885
YNL283C,YNL054W-B,0,-4.9112625,0.22716516256332397,0.9599999785423279,0.32659998536109924
YIL034C,YGL075C,0,-4.912443,0.22711142897605896,0.9599999785423279,0.32670000195503235
YDR335W,YAL016W,0,-4.913369,0.22705771028995514,0.9599999785423279,0.32679998874664307
YMR068W,YDR273W,0,-4.9145923,0.2270040214061737,0.9599999785423279,0.32690000534057617
YKR046C,YDL111C,0,-4.9147224,0.22695034742355347,0.9599999785423279,0.3269999921321869
YGR155W,YNR031C,0,-4.9151154,0.2268967181444168,0.9599999785423279,0.32710000872612
YMR163C,YBR106W,0,-4.9155984,0.22684310376644135,0.9599999785423279,0.3271999955177307
YOL133W,YCR033W,0,-4.9161344,0.22678950428962708,0.9599999785423279,0.3273000121116638
YLR391W,YIL115C,0,-4.916687,0.2267359495162964,0.9599999785423279,0.32739999890327454
YFR047C,YOR038C,0,-4.9172764,0.2266824096441269,0.9599999785423279,0.32749998569488525
YER155C,YKR020W,0,-4.917612,0.22662889957427979,0.9599999785423279,0.32760000228881836
YBR090C-A,YGR186W,0,-4.9183426,0.22657540440559387,0.9599999785423279,0.3276999890804291
YNR023W,YNL131W,0,-4.920326,0.22652193903923035,0.9599999785423279,0.3278000056743622
YIL101C,YNL054W-B,0,-4.9206266,0.2264685034751892,0.9599999785423279,0.3278999924659729
YML116W,YPR056W,0,-4.9208126,0.22641509771347046,0.9599999785423279,0.328000009059906
YGR268C,YJR094C,0,-4.920863,0.2263617068529129,0.9599999785423279,0.3280999958515167
YDR395W,YER138C,0,-4.9216957,0.22630834579467773,0.9599999785423279,0.32820001244544983
YBL071W-A,YLR084C,0,-4.9218493,0.22625501453876495,0.9599999785423279,0.32829999923706055
YLR411W,YMR039C,0,-4.9240465,0.22620169818401337,0.9599999785423279,0.32839998602867126
YCR047C,YOL148C,0,-4.924086,0.22614841163158417,0.9599999785423279,0.32850000262260437
YMR029C,YGL194C,0,-4.924199,0.22609515488147736,0.9599999785423279,0.3285999894142151
YDR113C,YGL207W,0,-4.9242153,0.22604191303253174,0.9599999785423279,0.3287000060081482
YNL332W,YDL112W,0,-4.9242387,0.2259887009859085,0.9599999785423279,0.3287999927997589
YER120W,YMR284W,0,-4.9242907,0.22593551874160767,0.9599999785423279,0.328900009393692
YMR048W,YOL103W-B,0,-4.924432,0.22588235139846802,0.9599999785423279,0.32899999618530273
YML013W,YLR369W,0,-4.9246197,0.22582921385765076,0.9599999785423279,0.32910001277923584
YML120C,YGR059W,0,-4.924677,0.22577610611915588,0.9599999785423279,0.32919999957084656
YER167W,YHR106W,0,-4.9246798,0.2257230132818222,0.9599999785423279,0.3292999863624573
YGL070C,YHR163W,0,-4.925786,0.2256699502468109,0.9599999785423279,0.3294000029563904
YPL047W,YPL258C,0,-4.926175,0.225616917014122,0.9599999785423279,0.3294999897480011
YOR147W,YER042W,0,-4.9262676,0.2255639135837555,0.9599999785423279,0.3296000063419342
YDL043C,YDR316W-B,0,-4.926345,0.22551092505455017,0.9599999785423279,0.3296999931335449
YPL156C,YDR261W-B,0,-4.9266214,0.22545796632766724,0.9599999785423279,0.329800009727478
YMR077C,YDL224C,0,-4.9267335,0.2254050225019455,0.9599999785423279,0.32989999651908875
YNL037C,YML038C,0,-4.927465,0.22535210847854614,0.9599999785423279,0.33000001311302185
YLL060C,YHR148W,0,-4.9283404,0.22529922425746918,0.9599999785423279,0.33009999990463257
YNL062C,YIL080W,0,-4.9284496,0.2252463698387146,0.9599999785423279,0.3301999866962433
YOR298W,YCL003W,1,-4.9285574,0.22542810440063477,0.9610000252723694,0.3301999866962433
YPR103W,YDR159W,0,-4.9285955,0.225375235080719,0.9610000252723694,0.3303000032901764
YPL192C,YDL098C,0,-4.928708,0.2253223955631256,0.9610000252723694,0.3303999900817871
YGR129W,YCR062W,0,-4.929156,0.22526957094669342,0.9610000252723694,0.3305000066757202
YKL016C,YJR027W,0,-4.9293537,0.22521677613258362,0.9610000252723694,0.33059999346733093
YLR191W,YGR027W-B,0,-4.9304924,0.2251640111207962,0.9610000252723694,0.33070001006126404
YDL209C,YHR183W,0,-4.93082,0.22511126101016998,0.9610000252723694,0.33079999685287476
YGL175C,YOR367W,0,-4.9328375,0.22505854070186615,0.9610000252723694,0.33090001344680786
YMR059W,YJL143W,0,-4.9329004,0.2250058501958847,0.9610000252723694,0.3310000002384186
YDR495C,YDR365W-B,0,-4.9332194,0.22495318949222565,0.9610000252723694,0.3310999870300293
YFR031C,YBL005W-A,0,-4.9335613,0.22490054368972778,0.9610000252723694,0.3312000036239624
YOL013C,YFL016C,0,-4.933643,0.2248479127883911,0.9610000252723694,0.3312999904155731
YCL043C,YCR009C,0,-4.9343457,0.22479532659053802,0.9610000252723694,0.3314000070095062
YML085C,YDR034C-C,0,-4.9365854,0.22474275529384613,0.9610000252723694,0.33149999380111694
YDR480W,YOR035C,0,-4.9366865,0.22469019889831543,0.9610000252723694,0.33160001039505005
YBL097W,YPL033C,0,-4.9367037,0.2246376872062683,0.9610000252723694,0.33169999718666077
YIL051C,YPL243W,0,-4.936814,0.22458519041538239,0.9610000252723694,0.33180001378059387
YPR083W,YMR309C,0,-4.936985,0.22453270852565765,0.9610000252723694,0.3319000005722046
YLL050C,YDR385W,0,-4.9370003,0.2244802564382553,0.9610000252723694,0.3319999873638153
YCL003W,YOR363C,1,-4.9370546,0.22466138005256653,0.9620000123977661,0.3319999873638153
YLR155C,YKR097W,0,-4.937249,0.224608913064003,0.9620000123977661,0.3321000039577484
YEL032W,YHR205W,0,-4.9401636,0.22455649077892303,0.9620000123977661,0.33219999074935913
YMR311C,YDL044C,0,-4.9409666,0.22450408339500427,0.9620000123977661,0.33230000734329224
YKR019C,YLR035C-A,0,-4.941059,0.2244517058134079,0.9620000123977661,0.33239999413490295
YCL033C,YGR251W,0,-4.941068,0.22439934313297272,0.9620000123977661,0.33250001072883606
YNR017W,YPR024W,0,-4.9412737,0.22434701025485992,0.9620000123977661,0.3325999975204468
YGL071W,YMR225C,0,-4.941905,0.22429470717906952,0.9620000123977661,0.3327000141143799
YJL039C,YGL104C,0,-4.9435863,0.2242424190044403,0.9620000123977661,0.3328000009059906
YML116W,YBR278W,0,-4.9438534,0.22419016063213348,0.9620000123977661,0.3328999876976013
YGL187C,YGR027W-A,0,-4.9439383,0.22413793206214905,0.9620000123977661,0.3330000042915344
YEL050C,YBL011W,1,-4.9440494,0.22431865334510803,0.9629999995231628,0.3330000042915344
YKL053C-A,YGL252C,0,-4.9440827,0.2242664247751236,0.9629999995231628,0.33309999108314514
YOR011W,YJL165C,0,-4.944476,0.22421419620513916,0.9629999995231628,0.33320000767707825
YLR144C,YLR009W,0,-4.945526,0.2241620123386383,0.9629999995231628,0.33329999446868896
YLR303W,YJL164C,0,-4.9457088,0.22410984337329865,0.9629999995231628,0.33340001106262207
YPL200W,YDL194W,0,-4.9460964,0.22405770421028137,0.9629999995231628,0.3334999978542328
YJR064W,YCR102C,0,-4.9461217,0.2240055799484253,0.9629999995231628,0.3336000144481659
YLR075W,YAR003W,0,-4.9464197,0.2239534854888916,0.9629999995231628,0.3337000012397766
YBR100W,YDL028C,0,-4.946581,0.2239014208316803,0.9629999995231628,0.33379998803138733
YJR025C,YJR094C,0,-4.947569,0.2238493710756302,0.9629999995231628,0.33390000462532043
YPR007C,YHR039C-B,0,-4.94765,0.22379735112190247,0.9629999995231628,0.33399999141693115
YKL146W,YNL131W,0,-4.9481635,0.22374534606933594,0.9629999995231628,0.33410000801086426
YHR164C,YHR108W,0,-4.94818,0.223693385720253,0.9629999995231628,0.334199994802475
YJL203W,YGR112W,0,-4.948864,0.22364142537117004,0.9629999995231628,0.3343000113964081
YJR078W,YOR056C,0,-4.9489665,0.22358950972557068,0.9629999995231628,0.3343999981880188
YCR005C,YOR117W,0,-4.949124,0.2235376089811325,0.9629999995231628,0.3345000147819519
YDR265W,YFR029W,0,-4.9494505,0.22348572313785553,0.9629999995231628,0.3346000015735626
YNL148C,YLR071C,0,-4.9497156,0.22343388199806213,0.9629999995231628,0.33469998836517334
YJL179W,YML127W,0,-4.9500036,0.22338204085826874,0.9629999995231628,0.33480000495910645
YGL178W,YER147C,0,-4.9511375,0.22333024442195892,0.9629999995231628,0.33489999175071716
YDR194C,YOR142W-A,0,-4.951599,0.2232784628868103,0.9629999995231628,0.33500000834465027
YKR061W,YLR075W,0,-4.9527354,0.22322671115398407,0.9629999995231628,0.335099995136261
YHR060W,YDL038C,0,-4.952834,0.22317497432231903,0.9629999995231628,0.3352000117301941
YNL014W,YBR090C-A,0,-4.95304,0.22312326729297638,0.9629999995231628,0.3352999985218048
YJL170C,YAL058W,0,-4.953439,0.22307157516479492,0.9629999995231628,0.3353999853134155
YOR110W,YHR214C-C,0,-4.9536285,0.22301991283893585,0.9629999995231628,0.33550000190734863
YPL048W,YNL054W-B,0,-4.9538426,0.22296828031539917,0.9629999995231628,0.33559998869895935
YBR168W,YNL313C,0,-4.954544,0.22291666269302368,0.9629999995231628,0.33570000529289246
YJR047C,YML116W,0,-4.9547315,0.22286507487297058,0.9629999995231628,0.3357999920845032
YOL012C,YJL186W,0,-4.955279,0.22281351685523987,0.9629999995231628,0.3359000086784363
YKR061W,YNL272C,0,-4.9553695,0.22276197373867035,0.9629999995231628,0.335999995470047
YDR339C,YGR054W,0,-4.9554033,0.22271046042442322,0.9629999995231628,0.3361000120639801
YFR046C,YNR023W,0,-4.9556274,0.22265896201133728,0.9629999995231628,0.3361999988555908
YFR055W,YDR244W,0,-4.9557695,0.22260749340057373,0.9629999995231628,0.33629998564720154
YLR009W,YDR365W-A,0,-4.9560447,0.22255603969097137,0.9629999995231628,0.33640000224113464
YGL035C,YBL100W-A,0,-4.9562426,0.2225046157836914,0.9629999995231628,0.33649998903274536
YLR201C,YPL152W,0,-4.9571137,0.22245322167873383,0.9629999995231628,0.33660000562667847
YBR107C,YER028C,0,-4.957477,0.22240184247493744,0.9629999995231628,0.3366999924182892
YGL038C,YDR034C-C,0,-4.9582033,0.22235049307346344,0.9629999995231628,0.3368000090122223
YAL041W,YDR261C-D,0,-4.9588146,0.22229917347431183,0.9629999995231628,0.336899995803833
YBL045C,YPR158W-A,0,-4.9591665,0.2222478687763214,0.9629999995231628,0.3370000123977661
YHL031C,YNR031C,0,-4.959374,0.2221965789794922,0.9629999995231628,0.33709999918937683
YML099C,YNR060W,0,-4.959606,0.22214533388614655,0.9629999995231628,0.33719998598098755
YIR021W,YCR052W,0,-4.9600306,0.2220940887928009,0.9629999995231628,0.33730000257492065
YOR061W,YDR088C,0,-4.96052,0.22204288840293884,0.9629999995231628,0.33739998936653137
YJL192C,YDR285W,0,-4.9613934,0.22199170291423798,0.9629999995231628,0.3375000059604645
YNL333W,YNR048W,0,-4.9614534,0.2219405323266983,0.9629999995231628,0.3375999927520752
YHL031C,YNL131W,0,-4.9614935,0.2218894064426422,0.9629999995231628,0.3377000093460083
YNR049C,YIR018W,0,-4.962573,0.22183828055858612,0.9629999995231628,0.337799996137619
YJL026W,YOR045W,0,-4.9627924,0.2217871993780136,0.9629999995231628,0.3379000127315521
YDR030C,YNL253W,0,-4.962813,0.2217361330986023,0.9629999995231628,0.33799999952316284
YMR270C,YFL045C,0,-4.9633036,0.22168508172035217,0.9629999995231628,0.33809998631477356
YPL060W,YDR060W,0,-4.9640274,0.22163406014442444,0.9629999995231628,0.33820000290870667
YCR107W,YJR007W,0,-4.964547,0.2215830683708191,0.9629999995231628,0.3382999897003174
YML130C,YDR324C,0,-4.964896,0.22153209149837494,0.9629999995231628,0.3384000062942505
YDR343C,YCR039C,0,-4.9652023,0.22148114442825317,0.9629999995231628,0.3384999930858612
YNL239W,YKL194C,0,-4.9657183,0.2214302122592926,0.9629999995231628,0.3386000096797943
YNL148C,YOL091W,0,-4.9661016,0.22137930989265442,0.9629999995231628,0.33869999647140503
YNL298W,YNL012W,0,-4.966461,0.22132843732833862,0.9629999995231628,0.33880001306533813
YHR068W,YPL283C,0,-4.9666204,0.22127757966518402,0.9629999995231628,0.33889999985694885
YCR027C,YPR182W,0,-4.9669075,0.2212267369031906,0.9629999995231628,0.33899998664855957
YAL059W,YBR254C,0,-4.9672356,0.2211759239435196,0.9629999995231628,0.3391000032424927
YJR004C,YPR137C-A,0,-4.967967,0.22112514078617096,0.9629999995231628,0.3391999900341034
YCR020C-A,YNL284C-A,0,-4.9683137,0.22107438743114471,0.9629999995231628,0.3393000066280365
YGL020C,YOL124C,0,-4.968541,0.22102363407611847,0.9629999995231628,0.3393999934196472
YGL162W,YDR261C-C,0,-4.9688673,0.2209729254245758,0.9629999995231628,0.3395000100135803
YBR193C,YNL012W,0,-4.969343,0.22092223167419434,0.9629999995231628,0.33959999680519104
YCL074W,YHR214C-B,0,-4.969737,0.22087155282497406,0.9629999995231628,0.33970001339912415
YHR194W,YBL057C,0,-4.9698644,0.22082091867923737,0.9629999995231628,0.33980000019073486
YJR090C,YMR046C,0,-4.970585,0.22077028453350067,0.9629999995231628,0.3398999869823456
YJL210W,YPL112C,0,-4.9708796,0.22071969509124756,0.9629999995231628,0.3400000035762787
YLR033W,YDR261C-D,0,-4.971815,0.22066910564899445,0.9629999995231628,0.3400999903678894
YJR147W,YHR004C,0,-4.9719486,0.22061856091022491,0.9629999995231628,0.3402000069618225
YML086C,YKR014C,0,-4.9740615,0.22056803107261658,0.9629999995231628,0.3402999937534332
YLL001W,YDR363W-A,0,-4.9740753,0.22051751613616943,0.9629999995231628,0.34040001034736633
YGL232W,YDR246W,0,-4.974134,0.22046703100204468,0.9629999995231628,0.34049999713897705
YDL003W,YJL047C,0,-4.9741993,0.2204165756702423,0.9629999995231628,0.34060001373291016
YGR224W,YHR164C,0,-4.9746847,0.22036613523960114,0.9629999995231628,0.3407000005245209
YOR301W,YFL059W,0,-4.9769363,0.22031572461128235,0.9629999995231628,0.3407999873161316
YJL021C,YCL044C,0,-4.9773045,0.22026532888412476,0.9629999995231628,0.3409000039100647
YPL060W,YHR079C-B,0,-4.9779615,0.22021494805812836,0.9629999995231628,0.3409999907016754
YLR332W,YHR206W,0,-4.978015,0.22016461193561554,0.9629999995231628,0.3411000072956085
YBL003C,YML010W,0,-4.9782276,0.22011429071426392,0.9629999995231628,0.34119999408721924
YBL098W,YDR261W-A,0,-4.978383,0.2200639843940735,0.9629999995231628,0.34130001068115234
YMR263W,YLR035C-A,0,-4.978471,0.22001370787620544,0.9629999995231628,0.34139999747276306
YDR208W,YNL236W,0,-4.9787974,0.2199634462594986,0.9629999995231628,0.34150001406669617
YOL064C,YOR191W,0,-4.9794703,0.21991322934627533,0.9629999995231628,0.3416000008583069
YDR188W,YDR236C,0,-4.9801083,0.21986301243305206,0.9629999995231628,0.3416999876499176
YGR014W,YDR255C,0,-4.98048,0.21981282532215118,0.9629999995231628,0.3418000042438507
YLR256W,YGL244W,0,-4.9804993,0.2197626680135727,0.9629999995231628,0.3418999910354614
YNR044W,YDR365W-B,0,-4.9825754,0.2197125256061554,0.9629999995231628,0.34200000762939453
YLR304C,YEL031W,0,-4.98485,0.21966241300106049,0.9629999995231628,0.34209999442100525
YDL081C,YLR034C,0,-4.985222,0.21961231529712677,0.9629999995231628,0.34220001101493835
YJR119C,YIR015W,0,-4.9871097,0.21956224739551544,0.9629999995231628,0.3422999978065491
YMR292W,YGL178W,0,-4.987565,0.2195121943950653,0.9629999995231628,0.3424000144004822
YIL051C,YDR097C,0,-4.9885435,0.21946217119693756,0.9629999995231628,0.3425000011920929
YDR513W,YJR006W,0,-4.9885626,0.219412162899971,0.9629999995231628,0.3425999879837036
YOR298W,YLL012W,1,-4.9907465,0.2195899784564972,0.9639999866485596,0.3425999879837036
YLR304C,YPR158C-C,0,-4.991927,0.21953997015953064,0.9639999866485596,0.3427000045776367
YKL139W,YGR027W-A,0,-4.992312,0.21948997676372528,0.9639999866485596,0.34279999136924744
YGR214W,YJL138C,0,-4.992478,0.2194400131702423,0.9639999866485596,0.34290000796318054
YNR056C,YDL108W,0,-4.992599,0.21939007937908173,0.9639999866485596,0.34299999475479126
YJL021C,YOR007C,0,-4.9934244,0.21934016048908234,0.9639999866485596,0.34310001134872437
YMR039C,YDR098C-B,0,-4.9939957,0.21929025650024414,0.9639999866485596,0.3431999981403351
YKR027W,YDL055C,0,-4.9949484,0.21924039721488953,0.9639999866485596,0.3433000147342682
YCR035C,YLR227W-A,0,-4.9950423,0.2191905379295349,0.9639999866485596,0.3434000015258789
YBL071W-A,YEL053C,0,-4.99508,0.21914070844650269,0.9639999866485596,0.3434999883174896
YFL016C,YKR090W,0,-4.9958825,0.21909090876579285,0.9639999866485596,0.34360000491142273
YNL251C,YFL045C,0,-4.9966254,0.2190411239862442,0.9639999866485596,0.34369999170303345
YKR046C,YHR048W,0,-4.996962,0.21899136900901794,0.9639999866485596,0.34380000829696655
YLR138W,YOR142W-A,0,-4.9972177,0.21894162893295288,0.9639999866485596,0.34389999508857727
YPL093W,YFR031C,0,-4.9975553,0.2188919186592102,0.9639999866485596,0.3440000116825104
YMR067C,YML040W,0,-4.9999223,0.21884222328662872,0.9639999866485596,0.3440999984741211
YDL065C,YPR121W,0,-5.000682,0.21879255771636963,0.9639999866485596,0.3441999852657318
YDR523C,YBR081C,0,-5.000991,0.21874290704727173,0.9639999866485596,0.3443000018596649
YER166W,YKR003W,1,-5.0011854,0.21892014145851135,0.9649999737739563,0.3443000018596649
YLR274W,YGR185C,0,-5.002217,0.21887049078941345,0.9649999737739563,0.34439998865127563
YBR136W,YLL016W,0,-5.00237,0.21882085502147675,0.9649999737739563,0.34450000524520874
YML118W,YER070W,0,-5.00239,0.21877124905586243,0.9649999737739563,0.34459999203681946
YHR086W,YGR081C,0,-5.0040874,0.2187216728925705,0.9649999737739563,0.34470000863075256
YNL278W,YNL244C,0,-5.0062666,0.21867211163043976,0.9649999737739563,0.3447999954223633
YFL003C,YOR362C,0,-5.006698,0.21862256526947021,0.9649999737739563,0.3449000120162964
YGL027C,YOR142W-B,0,-5.006856,0.21857304871082306,0.9649999737739563,0.3449999988079071
YPL271W,YBR133C,0,-5.007764,0.2185235470533371,0.9649999737739563,0.3450999855995178
YAL022C,YDL038C,0,-5.008761,0.21847407519817352,0.9649999737739563,0.3452000021934509
YCL051W,YPL139C,0,-5.0091653,0.21842463314533234,0.9649999737739563,0.34529998898506165
YGR040W,YIR018W,0,-5.0093145,0.21837519109249115,0.9649999737739563,0.34540000557899475
YDL030W,YNL054W-B,0,-5.0095363,0.21832579374313354,0.9649999737739563,0.34549999237060547
YJR004C,YMR106C,0,-5.0098863,0.21827641129493713,0.9649999737739563,0.3456000089645386
YIL112W,YHR086W,0,-5.0102205,0.21822704374790192,0.9649999737739563,0.3456999957561493
YOR178C,YMR087W,0,-5.0105677,0.2181777060031891,0.9649999737739563,0.3458000123500824
YBR090C-A,YDR279W,0,-5.011262,0.21812838315963745,0.9649999737739563,0.3458999991416931
YBR192W,YLR371W,0,-5.0115185,0.2180790901184082,0.9649999737739563,0.34599998593330383
YML110C,YLR148W,0,-5.0118895,0.21802982687950134,0.9649999737739563,0.34610000252723694
YKR057W,YJR029W,0,-5.012067,0.21798057854175568,0.9649999737739563,0.34619998931884766
YKL095W,YJL139C,0,-5.012433,0.2179313451051712,0.9649999737739563,0.34630000591278076
YNL262W,YHR079C-B,0,-5.0126495,0.21788214147090912,0.9649999737739563,0.3463999927043915
YPL146C,YBR254C,0,-5.012889,0.21783295273780823,0.9649999737739563,0.3465000092983246
YLR157C,YPL200W,0,-5.0136433,0.21778379380702972,0.9649999737739563,0.3465999960899353
YMR188C,YLR376C,0,-5.013996,0.21773464977741241,0.9649999737739563,0.3467000126838684
YEL053C,YOR270C,0,-5.014043,0.2176855355501175,0.9649999737739563,0.3467999994754791
YAR019C,YDR365W-A,0,-5.0142455,0.21763645112514496,0.9649999737739563,0.34689998626708984
YJL194W,YGL033W,0,-5.014321,0.21758736670017242,0.9649999737739563,0.34700000286102295
YGR145W,YJR158W,0,-5.0144043,0.21753832697868347,0.9649999737739563,0.34709998965263367
YDL138W,YHR143W-A,0,-5.01501,0.21748928725719452,0.9649999737739563,0.3472000062465668
YEL032W,YLR403W,0,-5.015087,0.21744029223918915,0.9649999737739563,0.3472999930381775
YMR239C,YCR060W,0,-5.0156775,0.21739129722118378,0.9649999737739563,0.3474000096321106
YIL034C,YPL147W,0,-5.016806,0.217342346906662,0.9649999737739563,0.3474999964237213
YML077W,YDL174C,0,-5.0175257,0.2172933965921402,0.9649999737739563,0.3476000130176544
YJL071W,YIL139C,0,-5.017556,0.217244490981102,0.9649999737739563,0.34769999980926514
YAL043C,YOR140W,0,-5.017826,0.21719558537006378,0.9649999737739563,0.34779998660087585
YKL185W,YLR219W,0,-5.018194,0.21714670956134796,0.9649999737739563,0.34790000319480896
YHR163W,YCR018C,0,-5.018774,0.21709786355495453,0.9649999737739563,0.3479999899864197
YKR061W,YML029W,0,-5.018836,0.2170490324497223,0.9649999737739563,0.3481000065803528
YJR025C,YFL024C,0,-5.018842,0.21700023114681244,0.9649999737739563,0.3481999933719635
YBR207W,YLR086W,0,-5.0195756,0.21695144474506378,0.9649999737739563,0.3483000099658966
YPL050C,YNL293W,0,-5.0203156,0.21690267324447632,0.9649999737739563,0.3483999967575073
YFR055W,YGR014W,0,-5.0206256,0.21685393154621124,0.9649999737739563,0.34850001335144043
YPR021C,YDR261W-A,0,-5.0220385,0.21680521965026855,0.9649999737739563,0.34860000014305115
YFL033C,YJR046W,0,-5.0222282,0.21675650775432587,0.9649999737739563,0.34869998693466187
YOR023C,YFR052W,0,-5.022234,0.21670784056186676,0.9649999737739563,0.34880000352859497
YBR155W,YGR042W,0,-5.022977,0.21665918827056885,0.9649999737739563,0.3488999903202057
YBR021W,YNL247W,0,-5.023344,0.21661055088043213,0.9649999737739563,0.3490000069141388
YBL009W,YDL226C,0,-5.0234632,0.2165619432926178,0.9649999737739563,0.3490999937057495
YKL038W,YML115C,0,-5.023526,0.21651335060596466,0.9649999737739563,0.3492000102996826
YBR247C,YML045W-A,0,-5.023527,0.2164647877216339,0.9649999737739563,0.34929999709129333
YPL275W,YHL007C,0,-5.024058,0.21641623973846436,0.9649999737739563,0.34940001368522644
YBL088C,YOR142W-A,0,-5.0247326,0.216367706656456,0.9649999737739563,0.34950000047683716
YJR155W,YDR202C,0,-5.02486,0.2163192182779312,0.9649999737739563,0.3495999872684479
YGL045W,YPL128C,0,-5.024954,0.21627072989940643,0.9649999737739563,0.349700003862381
YLR238W,YJL018W,0,-5.025297,0.21622227132320404,0.9649999737739563,0.3497999906539917
YGL219C,YOR372C,0,-5.0261607,0.21617384254932404,0.9649999737739563,0.3499000072479248
YKL188C,YFL002C,0,-5.0264177,0.21612541377544403,0.9649999737739563,0.3499999940395355
YOR150W,YGL046W,0,-5.0266666,0.2160770297050476,0.9649999737739563,0.35010001063346863
YGL200C,YDR210W-B,0,-5.0266933,0.21602866053581238,0.9649999737739563,0.35019999742507935
YNR034W,YNL025C,0,-5.0268307,0.21598030626773834,0.9649999737739563,0.35030001401901245
YLR219W,YOR207C,0,-5.026993,0.2159319818019867,0.9649999737739563,0.35040000081062317
YAL068C,YDL153C,0,-5.0270476,0.21588367223739624,0.9649999737739563,0.3504999876022339
YNL094W,YJL026W,0,-5.0272064,0.21583537757396698,0.9649999737739563,0.350600004196167
YMR288W,YNL177C,0,-5.027467,0.2157871127128601,0.9649999737739563,0.3506999909877777
YBR040W,YBR185C,0,-5.0276594,0.21573887765407562,0.9649999737739563,0.3508000075817108
YGL016W,YPL270W,0,-5.027816,0.21569065749645233,0.9649999737739563,0.35089999437332153
YDL170W,YGR281W,0,-5.0278664,0.21564245223999023,0.9649999737739563,0.35100001096725464
YGR098C,YGR252W,0,-5.027971,0.21559427678585052,0.9649999737739563,0.35109999775886536
YDR363W-A,YMR067C,0,-5.028304,0.2155461311340332,0.9649999737739563,0.35120001435279846
YDL207W,YMR177W,0,-5.0287075,0.21549798548221588,0.9649999737739563,0.3513000011444092
YDR411C,YCR060W,0,-5.0288763,0.21544988453388214,0.9649999737739563,0.3513999879360199
YMR319C,YLR097C,0,-5.03046,0.2154017835855484,0.9649999737739563,0.351500004529953
YAL053W,YPR137C-A,0,-5.0305805,0.21535371243953705,0.9649999737739563,0.3515999913215637
YJL116C,YLR006C,0,-5.030704,0.21530567109584808,0.9649999737739563,0.3517000079154968
YML116W,YOR198C,0,-5.030761,0.2152576446533203,0.9649999737739563,0.35179999470710754
YOL104C,YFR031C,0,-5.03204,0.21520963311195374,0.9649999737739563,0.35190001130104065
YIR004W,YBR088C,0,-5.0322447,0.21516165137290955,0.9649999737739563,0.35199999809265137
YHR019C,YDR045C,0,-5.034219,0.21511368453502655,0.9649999737739563,0.3521000146865845
YLR160C,YMR153W,0,-5.035512,0.21506574749946594,0.9649999737739563,0.3522000014781952
YGR238C,YBR212W,0,-5.0363436,0.21501782536506653,0.9649999737739563,0.3522999882698059
YGR104C,YCL069W,0,-5.0367193,0.2149699330329895,0.9649999737739563,0.352400004863739
YER108C,YER007W,0,-5.0380917,0.21492205560207367,0.9649999737739563,0.35249999165534973
YNL148C,YDR129C,0,-5.038663,0.21487419307231903,0.9649999737739563,0.35260000824928284
YCR042C,YLL017W,0,-5.038855,0.21482636034488678,0.9649999737739563,0.35269999504089355
YLR015W,YOR142W-A,0,-5.03938,0.21477854251861572,0.9649999737739563,0.35280001163482666
YER162C,YLR227W-A,0,-5.0405025,0.21473075449466705,0.9649999737739563,0.3528999984264374
YKR039W,YHR090C,0,-5.040978,0.21468298137187958,0.9649999737739563,0.3529999852180481
YDR296W,YDL120W,0,-5.0411286,0.2146352380514145,0.9649999737739563,0.3531000018119812
YDL051W,YLR337W,0,-5.0413666,0.2145875096321106,0.9649999737739563,0.3531999886035919
YPR165W,YDR201W,0,-5.041385,0.2145397961139679,0.9649999737739563,0.353300005197525
YGL133W,YMR140W,0,-5.042046,0.21449211239814758,0.9649999737739563,0.35339999198913574
YPR155C,YOR187W,0,-5.0420504,0.21444444358348846,0.9649999737739563,0.35350000858306885
YMR168C,YDR328C,0,-5.042094,0.21439680457115173,0.9649999737739563,0.35359999537467957
YDL145C,YBR250W,0,-5.042337,0.2143491804599762,0.9649999737739563,0.35370001196861267
YMR199W,YIL036W,0,-5.0425878,0.21430157124996185,0.9649999737739563,0.3537999987602234
YDL029W,YLR212C,0,-5.042659,0.2142539918422699,0.9649999737739563,0.3538999855518341
YDL132W,YGL033W,0,-5.0427256,0.21420644223690033,0.9649999737739563,0.3540000021457672
YML058W-A,YML029W,0,-5.042934,0.21415889263153076,0.9649999737739563,0.35409998893737793
YMR069W,YNR039C,0,-5.0431786,0.21411138772964478,0.9649999737739563,0.35420000553131104
YGL035C,YFL004W,0,-5.0432534,0.2140638828277588,0.9649999737739563,0.35429999232292175
YDR078C,YNL284C-A,0,-5.04335,0.2140164077281952,0.9649999737739563,0.35440000891685486
YBL020W,YPR102C,0,-5.0441,0.21396896243095398,0.9649999737739563,0.3544999957084656
YLR219W,YDR055W,0,-5.044217,0.21392153203487396,0.9649999737739563,0.3546000123023987
YDR021W,YJL127C,0,-5.044285,0.21387411653995514,0.9649999737739563,0.3546999990940094
YLL027W,YPR158C-C,0,-5.0451193,0.2138267159461975,0.9649999737739563,0.3547999858856201
YML032C,YPL163C,0,-5.047023,0.21377936005592346,0.9649999737739563,0.3549000024795532
YMR292W,YDR501W,0,-5.0470533,0.21373200416564941,0.9649999737739563,0.35499998927116394
YGR097W,YDR463W,0,-5.047755,0.21368467807769775,0.9649999737739563,0.35510000586509705
YBL084C,YLR139C,0,-5.047887,0.2136373668909073,0.9649999737739563,0.35519999265670776
YOR327C,YKL075C,0,-5.0490885,0.2135900855064392,0.9649999737739563,0.35530000925064087
YKL170W,YAR044W,0,-5.05059,0.21354281902313232,0.9649999737739563,0.3553999960422516
YDR143C,YPR158W-A,0,-5.050668,0.21349558234214783,0.9649999737739563,0.3555000126361847
YHR083W,YNL054W-A,0,-5.050829,0.21344834566116333,0.9649999737739563,0.3555999994277954
YDR265W,YOR088W,0,-5.0509067,0.21340115368366241,0.9649999737739563,0.35569998621940613
YAL042W,YOR129C,0,-5.051093,0.2133539617061615,0.9649999737739563,0.35580000281333923
YLL008W,YDR281C,0,-5.051689,0.21330681443214417,0.9649999737739563,0.35589998960494995
YLR186W,YLL061W,0,-5.05217,0.21325966715812683,0.9649999737739563,0.35600000619888306
YJR040W,YNL222W,0,-5.0523806,0.21321254968643188,0.9649999737739563,0.3560999929904938
YML129C,YDR424C,0,-5.052533,0.21316544711589813,0.9649999737739563,0.3562000095844269
YBR090C-A,YBR289W,0,-5.0528655,0.21311837434768677,0.9649999737739563,0.3562999963760376
YMR091C,YOL031C,0,-5.0546675,0.2130713164806366,0.9649999737739563,0.3564000129699707
YPL100W,YDR034C-C,0,-5.0548105,0.2130242884159088,0.9649999737739563,0.3564999997615814
YBR223C,YDL038C,0,-5.055745,0.21297726035118103,0.9649999737739563,0.35659998655319214
YER032W,YPR121W,0,-5.0559244,0.21293027698993683,0.9649999737739563,0.35670000314712524
YDR219C,YMR270C,0,-5.057313,0.21288329362869263,0.9649999737739563,0.35679998993873596
YER179W,YIL026C,0,-5.057541,0.212836354970932,0.9649999737739563,0.35690000653266907
YKR068C,YER094C,0,-5.0577044,0.2127894163131714,0.9649999737739563,0.3569999933242798
YDR516C,YOR192C-A,0,-5.0587006,0.21274250745773315,0.9649999737739563,0.3571000099182129
YJL101C,YJR120W,0,-5.058729,0.21269561350345612,0.9649999737739563,0.3571999967098236
YDR523C,YOL103W-B,0,-5.058971,0.21264874935150146,0.9649999737739563,0.3573000133037567
YBR296C,YMR060C,0,-5.0593104,0.212601900100708,0.9649999737739563,0.35740000009536743
YER108C,YNL329C,0,-5.059431,0.21255506575107574,0.9649999737739563,0.35749998688697815
YLR405W,YOR103C,0,-5.0597095,0.21250826120376587,0.9649999737739563,0.35760000348091125
YGR169C,YPR036W,0,-5.0602527,0.2124614715576172,0.9649999737739563,0.357699990272522
YFR055W,YOR243C,0,-5.0617046,0.2124146968126297,0.9649999737739563,0.3578000068664551
YOL078W,YGR268C,0,-5.0617228,0.2123679518699646,0.9649999737739563,0.3578999936580658
YMR287C,YJR120W,0,-5.0621862,0.2123212367296219,0.9649999737739563,0.3580000102519989
YNL172W,YHR038W,0,-5.062231,0.21227452158927917,0.9649999737739563,0.3580999970436096
YNL298W,YLL009C,0,-5.0627193,0.21222783625125885,0.9649999737739563,0.3582000136375427
YDR330W,YOR142W-B,0,-5.062828,0.2121811807155609,0.9649999737739563,0.35830000042915344
YMR199W,YDR320C-A,0,-5.062867,0.21213454008102417,0.9649999737739563,0.35839998722076416
YOR099W,YML061C,0,-5.0632734,0.21208791434764862,0.9649999737739563,0.35850000381469727
YGR264C,YBL005W-A,0,-5.063677,0.21204130351543427,0.9649999737739563,0.358599990606308
YHR039C-A,YGR027W-A,0,-5.0655136,0.2119947224855423,0.9649999737739563,0.3587000072002411
YGR119C,YMR175W,0,-5.0663996,0.21194817125797272,0.9649999737739563,0.3587999939918518
YIR013C,YOL124C,0,-5.0670624,0.21190162003040314,0.9649999737739563,0.3589000105857849
YGR286C,YCR062W,0,-5.0679884,0.21185509860515594,0.9649999737739563,0.35899999737739563
YOR040W,YEL016C,0,-5.068238,0.21180860698223114,0.9649999737739563,0.35910001397132874
YDL174C,YOR142W-A,0,-5.068712,0.21176213026046753,0.9649999737739563,0.35920000076293945
YPR175W,YDR459C,0,-5.069539,0.2117156684398651,0.9649999737739563,0.35929998755455017
YBR165W,YGR161C-D,0,-5.0698004,0.2116692215204239,0.9649999737739563,0.3594000041484833
YER045C,YER094C,0,-5.0699425,0.21162280440330505,0.9649999737739563,0.359499990940094
YCL014W,YLR363C,0,-5.0702047,0.2115764021873474,0.9649999737739563,0.3596000075340271
YNL116W,YER087C-A,0,-5.070969,0.21153002977371216,0.9649999737739563,0.3596999943256378
YFR046C,YDR303C,0,-5.07253,0.2114836722612381,0.9649999737739563,0.3598000109195709
YOR144C,YIL129C,0,-5.0730133,0.21143732964992523,0.9649999737739563,0.35989999771118164
YDR450W,YFL045C,0,-5.0733075,0.21139101684093475,0.9649999737739563,0.36000001430511475
YGR075C,YJL190C,0,-5.073443,0.21134471893310547,0.9649999737739563,0.36010000109672546
YNR056C,YDR129C,0,-5.0737104,0.21129845082759857,0.9649999737739563,0.3601999878883362
YIL053W,YMR149W,0,-5.073951,0.21125218272209167,0.9649999737739563,0.3603000044822693
YKR052C,YPL007C,0,-5.0742803,0.21120595932006836,0.9649999737739563,0.36039999127388
YLR376C,YDR463W,0,-5.0745764,0.21115973591804504,0.9649999737739563,0.3605000078678131
YLR391W-A,YIR006C,0,-5.0753803,0.21111354231834412,0.9649999737739563,0.36059999465942383
YPR073C,YOR213C,0,-5.0758715,0.21106736361980438,0.9649999737739563,0.36070001125335693
YDL022W,YGR158C,0,-5.0763407,0.21102121472358704,0.9649999737739563,0.36079999804496765
YNL288W,YFR053C,0,-5.076414,0.21097508072853088,0.9649999737739563,0.36090001463890076
YML043C,YGR059W,0,-5.077046,0.21092896163463593,0.9649999737739563,0.3610000014305115
YMR054W,YDL217C,0,-5.0789647,0.21088287234306335,0.9649999737739563,0.3610999882221222
YNL333W,YOR142W-A,0,-5.079011,0.21083679795265198,0.9649999737739563,0.3612000048160553
YGL137W,YGR046W,0,-5.080698,0.2107907384634018,0.9649999737739563,0.361299991607666
YOR326W,YLR376C,0,-5.0807796,0.210744708776474,0.9649999737739563,0.3614000082015991
YNL139C,YAL002W,0,-5.080988,0.2106986939907074,0.9649999737739563,0.36149999499320984
YOL149W,YPL120W,0,-5.0810285,0.210652694106102,0.9649999737739563,0.36160001158714294
YGL029W,YLL018C-A,0,-5.081311,0.21060672402381897,0.9649999737739563,0.36169999837875366
YLR381W,YHR214C-C,0,-5.0816746,0.21056076884269714,0.9649999737739563,0.3617999851703644
YDL243C,YLR155C,0,-5.0817738,0.2105148285627365,0.9649999737739563,0.3619000017642975
YPR138C,YPL157W,0,-5.0826054,0.21046891808509827,0.9649999737739563,0.3619999885559082
YER018C,YML088W,0,-5.0827465,0.21042302250862122,0.9649999737739563,0.3621000051498413
YLR318W,YLR222C,0,-5.083395,0.21037715673446655,0.9649999737739563,0.362199991941452
YDR167W,YNL283C,0,-5.0837193,0.21033130586147308,0.9649999737739563,0.36230000853538513
YJL021C,YKL018W,0,-5.083819,0.2102854698896408,0.9649999737739563,0.36239999532699585
YBR065C,YHR108W,0,-5.0840387,0.21023964881896973,0.9649999737739563,0.36250001192092896
YLR115W,YKR065C,0,-5.0846868,0.21019385755062103,0.9649999737739563,0.3625999987125397
YHR086W,YHR197W,0,-5.085,0.21014808118343353,0.9649999737739563,0.3626999855041504
YNL207W,YMR149W,0,-5.0852385,0.21010233461856842,0.9649999737739563,0.3628000020980835
YML010W,YIL101C,0,-5.085452,0.2100566029548645,0.9649999737739563,0.3628999888896942
YAL021C,YLR248W,0,-5.086547,0.21001088619232178,0.9649999737739563,0.3630000054836273
YIL018W,YOR137C,0,-5.0866585,0.20996518433094025,0.9649999737739563,0.36309999227523804
YAL038W,YIL106W,0,-5.0879993,0.2099195122718811,0.9649999737739563,0.36320000886917114
YPL048W,YJR135C,0,-5.0882044,0.20987385511398315,0.9649999737739563,0.36329999566078186
YDR279W,YNL284C-A,0,-5.088294,0.2098282277584076,0.9649999737739563,0.36340001225471497
YDL132W,YOR346W,0,-5.0887985,0.20978261530399323,0.9649999737739563,0.3634999990463257
YDR210W-B,YJR141W,0,-5.0892816,0.20973701775074005,0.9649999737739563,0.3635999858379364
YGL181W,YDR202C,0,-5.089808,0.20969143509864807,0.9649999737739563,0.3637000024318695
YOR098C,YHR090C,0,-5.0910096,0.20964588224887848,0.9649999737739563,0.3637999892234802
YKR027W,YBL003C,0,-5.092162,0.20960034430027008,0.9649999737739563,0.36390000581741333
YER006W,YFR029W,0,-5.092206,0.20955483615398407,0.9649999737739563,0.36399999260902405
YBR294W,YAR003W,0,-5.0933113,0.20950934290885925,0.9649999737739563,0.36410000920295715
YIL070C,YGL252C,0,-5.0934515,0.20946386456489563,0.9649999737739563,0.36419999599456787
YOL123W,YLR181C,0,-5.0936346,0.2094184011220932,0.9649999737739563,0.364300012588501
YIL132C,YGR027W-B,0,-5.093881,0.20937296748161316,0.9649999737739563,0.3643999993801117
YBL098W,YBR231C,0,-5.094593,0.2093275487422943,0.9649999737739563,0.3644999861717224
YPL256C,YLL040C,0,-5.095224,0.20928214490413666,0.9649999737739563,0.3646000027656555
YNL029C,YML045W-A,0,-5.0952587,0.2092367708683014,0.9649999737739563,0.36469998955726624
YPL127C,YMR004W,0,-5.0960107,0.20919141173362732,0.9649999737739563,0.36480000615119934
YDL212W,YHR048W,0,-5.097072,0.20914608240127563,0.9649999737739563,0.36489999294281006
YPR052C,YGL044C,0,-5.098014,0.20910075306892395,0.9649999737739563,0.36500000953674316
YJL121C,YPL163C,0,-5.0980296,0.20905545353889465,0.9649999737739563,0.3650999963283539
YOR150W,YGL227W,0,-5.0982027,0.20901018381118774,0.9649999737739563,0.365200012922287
YGL089C,YPL096W,0,-5.098315,0.20896491408348083,0.9649999737739563,0.3652999997138977
YPR057W,YPR095C,0,-5.0990443,0.2089196741580963,0.9649999737739563,0.3653999865055084
YGL245W,YCR058C,0,-5.0992937,0.20887446403503418,0.9649999737739563,0.36550000309944153
YJL005W,YPR070W,0,-5.099866,0.20882925391197205,0.9649999737739563,0.36559998989105225
YGL226C-A,YDR303C,0,-5.100207,0.2087840735912323,0.9649999737739563,0.36570000648498535
YKL012W,YGL022W,0,-5.1004477,0.20873890817165375,0.9649999737739563,0.36579999327659607
YJL210W,YNL047C,0,-5.100808,0.20869377255439758,0.9649999737739563,0.3659000098705292
YPL177C,YKL029C,0,-5.1011367,0.2086486518383026,0.9649999737739563,0.3659999966621399
YGL116W,YER169W,0,-5.101712,0.20860354602336884,0.9649999737739563,0.366100013256073
YLR304C,YJR105W,0,-5.102504,0.20855845510959625,0.9649999737739563,0.3662000000476837
YBR086C,YIR021W,0,-5.102806,0.20851339399814606,0.9649999737739563,0.36629998683929443
YBR274W,YOR142W-A,0,-5.1042223,0.20846834778785706,0.9649999737739563,0.36640000343322754
YOR226C,YGR109W-A,0,-5.1060534,0.20842333137989044,0.9649999737739563,0.36649999022483826
YOL064C,YGL030W,0,-5.1061482,0.20837831497192383,0.9649999737739563,0.36660000681877136
YNR033W,YGR227W,0,-5.1070557,0.2083333283662796,0.9649999737739563,0.3666999936103821
YFL010W-A,YGR257C,0,-5.1072454,0.20828837156295776,0.9649999737739563,0.3668000102043152
YHR004C,YGR038C-B,0,-5.1072702,0.20824341475963593,0.9649999737739563,0.3668999969959259
YER036C,YGL008C,0,-5.107415,0.20819848775863647,0.9649999737739563,0.367000013589859
YNR054C,YPL257W-B,0,-5.1077223,0.20815357565879822,0.9649999737739563,0.3671000003814697
YDR106W,YPL151C,0,-5.1077385,0.20810869336128235,0.9649999737739563,0.36719998717308044
YLL042C,YPL040C,0,-5.108382,0.20806382596492767,0.9649999737739563,0.36730000376701355
YPL248C,YER146W,0,-5.1091747,0.2080189734697342,0.9649999737739563,0.36739999055862427
YBR085W,YGL053W,0,-5.1103516,0.2079741358757019,0.9649999737739563,0.3675000071525574
YLL018C-A,YKR082W,0,-5.112976,0.207929328083992,0.9649999737739563,0.3675999939441681
YKL191W,YGL039W,0,-5.113841,0.2078845351934433,0.9649999737739563,0.3677000105381012
YNR058W,YDR002W,0,-5.113939,0.2078397572040558,0.9649999737739563,0.3677999973297119
YCR039C,YNL046W,0,-5.114343,0.20779500901699066,0.9649999737739563,0.367900013923645
YML042W,YJR125C,0,-5.114456,0.20775027573108673,0.9649999737739563,0.36800000071525574
YPL218W,YDL118W,0,-5.114526,0.207705557346344,0.9649999737739563,0.36809998750686646
YDL029W,YHR090C,0,-5.1147614,0.20766085386276245,0.9649999737739563,0.36820000410079956
YIL112W,YDR260C,0,-5.1150403,0.2076161801815033,0.9649999737739563,0.3682999908924103
YOR266W,YPL010W,0,-5.1151557,0.20757152140140533,0.9649999737739563,0.3684000074863434
YHL031C,YBR012W-A,0,-5.1153803,0.20752687752246857,0.9649999737739563,0.3684999942779541
YML099C,YDR494W,0,-5.1162367,0.2074822634458542,0.9649999737739563,0.3686000108718872
YGR200C,YLR410W,0,-5.1166067,0.207437664270401,0.9649999737739563,0.3686999976634979
YFL024C,YMR133W,0,-5.116744,0.207393079996109,0.9649999737739563,0.36880001425743103
YGL223C,YOR030W,0,-5.116995,0.2073485106229782,0.9649999737739563,0.36890000104904175
YDL243C,YPR125W,0,-5.1183395,0.2073039710521698,0.9649999737739563,0.36899998784065247
YDR512C,YJL012C,0,-5.1185665,0.20725944638252258,0.9649999737739563,0.36910000443458557
YDR116C,YPL123C,0,-5.1190042,0.20721495151519775,0.9649999737739563,0.3691999912261963
YPL147W,YIL029C,0,-5.119155,0.20717045664787292,0.9649999737739563,0.3693000078201294
YNL004W,YGR024C,0,-5.1195655,0.20712599158287048,0.9649999737739563,0.3693999946117401
YGL061C,YCL055W,0,-5.1206565,0.20708154141902924,0.9649999737739563,0.3695000112056732
YBL102W,YBR111W-A,0,-5.121339,0.20703712105751038,0.9649999737739563,0.36959999799728394
YML116W,YER145C,0,-5.122999,0.20699270069599152,0.9649999737739563,0.36970001459121704
YGL043W,YNL068C,0,-5.124468,0.20694831013679504,0.9649999737739563,0.36980000138282776
YMR182C,YOR142W-A,0,-5.1253943,0.20690394937992096,0.9649999737739563,0.3698999881744385
YDR255C,YOL055C,0,-5.125537,0.20685958862304688,0.9649999737739563,0.3700000047683716
YAR033W,YML092C,0,-5.1260247,0.20681525766849518,0.9649999737739563,0.3700999915599823
YPL069C,YCR094W,1,-5.1263666,0.2069852203130722,0.9660000205039978,0.3700999915599823
YCL027W,YMR266W,0,-5.128144,0.20694087445735931,0.9660000205039978,0.3702000081539154
YPR201W,YKR090W,0,-5.1304007,0.2068965584039688,0.9660000205039978,0.3702999949455261
YER007W,YGL162W,0,-5.1306324,0.2068522423505783,0.9660000205039978,0.37040001153945923
YLR190W,YMR096W,0,-5.131053,0.2068079710006714,0.9660000205039978,0.37049999833106995
YGR171C,YML015C,0,-5.131477,0.20676369965076447,0.9660000205039978,0.37059998512268066
YPL085W,YLL017W,0,-5.132148,0.20671945810317993,0.9660000205039978,0.37070000171661377
YIR022W,YOR043W,0,-5.133419,0.2066752314567566,0.9660000205039978,0.3707999885082245
YJL095W,YJR027W,0,-5.1335807,0.20663101971149445,0.9660000205039978,0.3709000051021576
YOL143C,YER087C-A,0,-5.1343336,0.2065868228673935,0.9660000205039978,0.3709999918937683
YKL208W,YDL154W,0,-5.1343384,0.20654265582561493,0.9660000205039978,0.3711000084877014
YCL011C,YHR181W,0,-5.1352506,0.20649850368499756,0.9660000205039978,0.37119999527931213
YGR104C,YHR214C-C,0,-5.1353106,0.20645436644554138,0.9660000205039978,0.37130001187324524
YER027C,YML027W,0,-5.135781,0.2064102590084076,0.9660000205039978,0.37139999866485596
YDL090C,YDR261W-A,0,-5.1360807,0.206366166472435,0.9660000205039978,0.3714999854564667
YLR368W,YOL027C,0,-5.136464,0.2063220888376236,0.9660000205039978,0.3716000020503998
YDR182W,YDL076C,0,-5.136486,0.2062780261039734,0.9660000205039978,0.3716999888420105
YFR027W,YCL074W,0,-5.136688,0.20623399317264557,0.9660000205039978,0.3718000054359436
YPR201W,YDR422C,0,-5.1370454,0.20618997514247894,0.9660000205039978,0.3718999922275543
YIL010W,YJR028W,0,-5.1371946,0.2061459720134735,0.9660000205039978,0.3720000088214874
YGR204W,YPL019C,0,-5.1388674,0.20610198378562927,0.9660000205039978,0.37209999561309814
YCR038C,YJL113W,0,-5.139452,0.20605802536010742,0.9660000205039978,0.37220001220703125
YPL188W,YHR214C-C,0,-5.1403565,0.20601408183574677,0.9660000205039978,0.37229999899864197
YCL012W,YOR373W,0,-5.1405964,0.2059701532125473,0.9660000205039978,0.3723999857902527
YNR013C,YCR031C,0,-5.1412315,0.20592623949050903,0.9660000205039978,0.3725000023841858
YJL073W,YMR054W,0,-5.1413794,0.20588235557079315,0.9660000205039978,0.3725999891757965
YGL027C,YFR053C,0,-5.141741,0.20583848655223846,0.9660000205039978,0.3727000057697296
YDR106W,YPL221W,0,-5.141761,0.20579463243484497,0.9660000205039978,0.37279999256134033
YHL048W,YOL054W,0,-5.141773,0.20575079321861267,0.9660000205039978,0.37290000915527344
YBR168W,YNL047C,0,-5.1420755,0.20570698380470276,0.9660000205039978,0.37299999594688416
YDR309C,YPL096W,0,-5.1423626,0.20566318929195404,0.9660000205039978,0.37310001254081726
YML067C,YGL051W,0,-5.142854,0.20561940968036652,0.9660000205039978,0.373199999332428
YGL183C,YBR223C,0,-5.142906,0.20557565987110138,0.9660000205039978,0.3732999861240387
YNL328C,YOL121C,0,-5.142914,0.20553191006183624,0.9660000205039978,0.3734000027179718
YDR052C,YML045W-A,0,-5.1431794,0.2054881900548935,0.9660000205039978,0.3734999895095825
YER013W,YFL004W,0,-5.1435003,0.20544448494911194,0.9660000205039978,0.3736000061035156
YGR224W,YKL001C,0,-5.1440363,0.20540080964565277,0.9660000205039978,0.37369999289512634
YEL066W,YFL035C-A,0,-5.1442156,0.2053571492433548,0.9660000205039978,0.37380000948905945
YCL039W,YOR380W,0,-5.1443014,0.20531348884105682,0.9660000205039978,0.37389999628067017
YCR039C,YCL005W-A,0,-5.1450863,0.20526987314224243,0.9660000205039978,0.37400001287460327
YCL012W,YPL241C,0,-5.1451936,0.20522625744342804,0.9660000205039978,0.374099999666214
YMR276W,YDR459C,0,-5.145232,0.20518267154693604,0.9660000205039978,0.3741999864578247
YPL116W,YLR139C,0,-5.145451,0.20513910055160522,0.9660000205039978,0.3743000030517578
YPL169C,YDR365W-A,0,-5.1455894,0.2050955444574356,0.9660000205039978,0.37439998984336853
YNL227C,YNL210W,0,-5.1456594,0.20505200326442719,0.9660000205039978,0.37450000643730164
YKR068C,YDL130W,0,-5.145737,0.20500849187374115,0.9660000205039978,0.37459999322891235
YNL121C,YLL017W,0,-5.146544,0.2049649953842163,0.9660000205039978,0.37470000982284546
YOL100W,YOR187W,0,-5.1466074,0.20492151379585266,0.9660000205039978,0.3747999966144562
YLR097C,YGR101W,0,-5.14722,0.2048780471086502,0.9660000205039978,0.3749000132083893
YMR081C,YGR206W,0,-5.147267,0.20483461022377014,0.9660000205039978,0.375
YFL039C,YBR135W,0,-5.1480303,0.20479118824005127,0.9660000205039978,0.3750999867916107
YML121W,YER087C-A,0,-5.1482496,0.2047477811574936,0.9660000205039978,0.3752000033855438
YNL294C,YPR158C-C,0,-5.149228,0.2047043889760971,0.9660000205039978,0.37529999017715454
YPR054W,YJL138C,0,-5.150591,0.20466101169586182,0.9660000205039978,0.37540000677108765
YDR376W,YNR060W,0,-5.151347,0.2046176642179489,0.9660000205039978,0.37549999356269836
YJR022W,YFR052W,0,-5.151435,0.2045743316411972,0.9660000205039978,0.37560001015663147
YER051W,YPL047W,0,-5.151661,0.2045310139656067,0.9660000205039978,0.3756999969482422
YIR002C,YBL030C,0,-5.1520643,0.20448772609233856,0.9660000205039978,0.3758000135421753
YKR099W,YJL092W,0,-5.154019,0.20444443821907043,0.9660000205039978,0.375900000333786
YOR368W,YJR066W,0,-5.155197,0.2044011801481247,0.9660000205039978,0.37599998712539673
YDR211W,YDR261C-C,0,-5.155445,0.20435793697834015,0.9660000205039978,0.37610000371932983
YLR015W,YDL093W,0,-5.1555977,0.204314723610878,0.9660000205039978,0.37619999051094055
YMR276W,YGR040W,0,-5.1559496,0.20427151024341583,0.9660000205039978,0.37630000710487366
YIR025W,YOR008C-A,0,-5.1572027,0.20422832667827606,0.9660000205039978,0.3763999938964844
YOL063C,YPR033C,0,-5.157255,0.20418515801429749,0.9660000205039978,0.3765000104904175
YPR200C,YMR224C,0,-5.15784,0.2041420191526413,0.9660000205039978,0.3765999972820282
YOR193W,YPL045W,0,-5.158203,0.2040988802909851,0.9660000205039978,0.3767000138759613
YKL022C,YLL006W,0,-5.1585274,0.2040557712316513,0.9660000205039978,0.376800000667572
YDL160C,YBL080C,0,-5.1593976,0.2040126770734787,0.9660000205039978,0.37689998745918274
YER108C,YPR055W,0,-5.1594453,0.20396959781646729,0.9660000205039978,0.37700000405311584
YCR063W,YBR221C,0,-5.1598063,0.20392653346061707,0.9660000205039978,0.37709999084472656
YGL020C,YPL190C,0,-5.160228,0.20388349890708923,0.9660000205039978,0.37720000743865967
YDR279W,YGL207W,0,-5.1604037,0.2038404792547226,0.9660000205039978,0.3772999942302704
YMR139W,YDR246W,0,-5.160472,0.20379747450351715,0.9660000205039978,0.3774000108242035
YFL003C,YER018C,0,-5.1606874,0.2037544846534729,0.9660000205039978,0.3774999976158142
YLR131C,YIL120W,0,-5.160815,0.20371150970458984,0.9660000205039978,0.3776000142097473
YJL116C,YMR268C,0,-5.1608195,0.20366856455802917,0.9660000205039978,0.37770000100135803
YBR065C,YBR105C,0,-5.160925,0.2036256343126297,0.9660000205039978,0.37779998779296875
YNL101W,YHR031C,0,-5.161218,0.20358271896839142,0.9660000205039978,0.37790000438690186
YGL150C,YOR328W,0,-5.1618466,0.20353981852531433,0.9660000205039978,0.3779999911785126
YBL097W,YOR147W,0,-5.162426,0.20349694788455963,0.9660000205039978,0.3781000077724457
YFR003C,YOR142W-B,0,-5.1638527,0.20345409214496613,0.9660000205039978,0.3781999945640564
YAL053W,YJL102W,0,-5.1648417,0.2034112513065338,0.9660000205039978,0.3783000111579895
YPL157W,YNL197C,0,-5.1648984,0.2033684253692627,0.9660000205039978,0.3783999979496002
YHR068W,YPL258C,0,-5.165228,0.20332561433315277,0.9660000205039978,0.3785000145435333
YDL188C,YGL113W,0,-5.165863,0.20328283309936523,0.9660000205039978,0.37860000133514404
YJL014W,YNL213C,0,-5.1658688,0.2032400518655777,0.9660000205039978,0.37869998812675476
YGL035C,YFL002W-B,0,-5.1661205,0.20319730043411255,0.9660000205039978,0.37880000472068787
YGL104C,YOR172W,0,-5.166667,0.2031545788049698,0.9660000205039978,0.3788999915122986
YNL149C,YFR031C,0,-5.166688,0.20311185717582703,0.9660000205039978,0.3790000081062317
YOR028C,YDR483W,0,-5.166995,0.20306916534900665,0.9660000205039978,0.3790999948978424
YHR098C,YDR484W,0,-5.1670413,0.20302648842334747,0.9660000205039978,0.3792000114917755
YMR097C,YPL152W,0,-5.167773,0.2029838263988495,0.9660000205039978,0.37929999828338623
YKL166C,YDR261C-D,0,-5.1681776,0.2029411792755127,0.9660000205039978,0.37940001487731934
YJL050W,YGR086C,0,-5.1685023,0.2028985470533371,0.9660000205039978,0.37950000166893005
YKL150W,YCL003W,1,-5.1685877,0.2030659317970276,0.9670000076293945,0.37950000166893005
YHR108W,YLR134W,0,-5.1686854,0.203023299574852,0.9670000076293945,0.37959998846054077
YMR053C,YML041C,0,-5.1688814,0.20298068225383759,0.9670000076293945,0.3797000050544739
YFR055W,YCL005W-A,0,-5.1707478,0.20293809473514557,0.9670000076293945,0.3797999918460846
YHR176W,YNR049C,0,-5.1719866,0.20289550721645355,0.9670000076293945,0.3799000084400177
YLR221C,YJR127C,0,-5.1733303,0.20285294950008392,0.9670000076293945,0.3799999952316284
YGL028C,YJL139C,0,-5.1734514,0.2028104066848755,0.9670000076293945,0.3801000118255615
YJR125C,YDR303C,0,-5.1744394,0.20276787877082825,0.9670000076293945,0.38019999861717224
YER013W,YOR313C,0,-5.174545,0.2027253657579422,0.9670000076293945,0.38029998540878296
YEL042W,YDR261C-C,0,-5.1747427,0.20268288254737854,0.9670000076293945,0.38040000200271606
YGL119W,YDL039C,0,-5.1752567,0.20264039933681488,0.9670000076293945,0.3804999887943268
YFL048C,YGL210W,0,-5.1754084,0.2025979459285736,0.9670000076293945,0.3806000053882599
YMR149W,YNL079C,0,-5.175585,0.20255550742149353,0.9670000076293945,0.3806999921798706
YLL001W,YGL236C,0,-5.175918,0.20251308381557465,0.9670000076293945,0.3808000087738037
YCR005C,YDL019C,0,-5.176057,0.20247069001197815,0.9670000076293945,0.38089999556541443
YFL024C,YPL012W,0,-5.176763,0.20242829620838165,0.9670000076293945,0.38100001215934753
YKL064W,YGR199W,0,-5.1773,0.20238593220710754,0.9670000076293945,0.38109999895095825
YCR053W,YCL020W,0,-5.177542,0.20234358310699463,0.9670000076293945,0.38119998574256897
YML130C,YFL003C,0,-5.1775784,0.2023012489080429,0.9670000076293945,0.3813000023365021
YLR069C,YIR026C,0,-5.1776524,0.20225894451141357,0.9670000076293945,0.3813999891281128
YKL025C,YNL054W-A,0,-5.1782913,0.20221664011478424,0.9670000076293945,0.3815000057220459
YML129C,YCL069W,0,-5.1790724,0.2021743655204773,0.9670000076293945,0.3815999925136566
YMR145C,YLR337W,0,-5.1795254,0.20213210582733154,0.9670000076293945,0.3817000091075897
YBR058C-A,YBL039C,1,-5.1800766,0.2022988498210907,0.9679999947547913,0.3817000091075897
YNL246W,YJR120W,0,-5.18268,0.20225657522678375,0.9679999947547913,0.38179999589920044
YLR276C,YFL035C-A,0,-5.1833487,0.2022143304347992,0.9679999947547913,0.38190001249313354
YOL139C,YFL058W,0,-5.183494,0.20217210054397583,0.9679999947547913,0.38199999928474426
YLR319C,YIL070C,0,-5.1845427,0.20212988555431366,0.9679999947547913,0.382099986076355
YDL243C,YDR423C,0,-5.1847663,0.20208768546581268,0.9679999947547913,0.3822000026702881
YMR280C,YKR090W,0,-5.1861477,0.2020455002784729,0.9679999947547913,0.3822999894618988
YLR233C,YLR264W,0,-5.186527,0.2020033448934555,0.9679999947547913,0.3824000060558319
YML019W,YPL016W,0,-5.186609,0.2019611895084381,0.9679999947547913,0.3824999928474426
YJL111W,YGR038C-B,0,-5.1869655,0.2019190639257431,0.9679999947547913,0.38260000944137573
YOR386W,YBR097W,0,-5.187688,0.2018769532442093,0.9679999947547913,0.38269999623298645
YDL126C,YOR284W,0,-5.1880636,0.20183485746383667,0.9679999947547913,0.38280001282691956
YOR266W,YJR126C,0,-5.1888485,0.20179279148578644,0.9679999947547913,0.3828999996185303
YDR201W,YPR158C-D,0,-5.189212,0.2017507255077362,0.9679999947547913,0.382999986410141
YPR189W,YJR045C,0,-5.189378,0.20170868933200836,0.9679999947547913,0.3831000030040741
YJL192C,YJL164C,0,-5.189858,0.2016666680574417,0.9679999947547913,0.3831999897956848
YDR358W,YLR303W,0,-5.190482,0.20162466168403625,0.9679999947547913,0.3833000063896179
YMR056C,YLR435W,0,-5.1917887,0.201582670211792,0.9679999947547913,0.38339999318122864
YBL080C,YGR046W,0,-5.1921315,0.20154070854187012,0.9679999947547913,0.38350000977516174
YDR255C,YNL160W,0,-5.1924334,0.20149874687194824,0.9679999947547913,0.38359999656677246
YBR089C-A,YGR159C,0,-5.1929812,0.20145681500434875,0.9679999947547913,0.38370001316070557
YMR004W,YBR080C,0,-5.196425,0.20141489803791046,0.9679999947547913,0.3837999999523163
YBR112C,YNL131W,0,-5.1971455,0.20137299597263336,0.9679999947547913,0.383899986743927
YLR383W,YBL055C,0,-5.1972246,0.20133110880851746,0.9679999947547913,0.3840000033378601
YNL117W,YGR038C-B,0,-5.1974335,0.20128925144672394,0.9679999947547913,0.3840999901294708
YGL222C,YBR168W,0,-5.1986313,0.20124739408493042,0.9679999947547913,0.38420000672340393
YGL038C,YJL098W,0,-5.2002444,0.2012055665254593,0.9679999947547913,0.38429999351501465
YPR055W,YKL075C,0,-5.200534,0.20116375386714935,0.9679999947547913,0.38440001010894775
YER183C,YER147C,0,-5.200561,0.2011219561100006,0.9679999947547913,0.38449999690055847
YMR188C,YBL100W-B,0,-5.201028,0.20108018815517426,0.9679999947547913,0.3846000134944916
YPL275W,YOR127W,0,-5.201225,0.2010384202003479,0.9679999947547913,0.3847000002861023
YMR133W,YFL058W,0,-5.2023907,0.20099668204784393,0.9679999947547913,0.384799987077713
YOR313C,YJL113W,0,-5.202805,0.20095494389533997,0.9679999947547913,0.3849000036716461
YLR427W,YDR255C,0,-5.2030888,0.2009132355451584,0.9679999947547913,0.38499999046325684
YKL192C,YIL160C,1,-5.203314,0.20107905566692352,0.968999981880188,0.38499999046325684
YPL042C,YJL052W,0,-5.203354,0.20103734731674194,0.968999981880188,0.38510000705718994
YLR157C,YOR208W,0,-5.203578,0.20099563896656036,0.968999981880188,0.38519999384880066
YGR167W,YBL063W,0,-5.20359,0.20095396041870117,0.968999981880188,0.38530001044273376
YDR335W,YHR119W,0,-5.2041698,0.20091229677200317,0.968999981880188,0.3853999972343445
YBR021W,YLR134W,0,-5.204706,0.20087064802646637,0.968999981880188,0.3855000138282776
YBL041W,YOL102C,0,-5.205345,0.20082901418209076,0.968999981880188,0.3856000006198883
YLR231C,YLR172C,0,-5.206163,0.20078739523887634,0.968999981880188,0.385699987411499
YMR058W,YJL128C,0,-5.206747,0.20074580609798431,0.968999981880188,0.38580000400543213
YPR029C,YBR086C,0,-5.206867,0.20070423185825348,0.968999981880188,0.38589999079704285
YFL060C,YGR162W,0,-5.2072015,0.20066265761852264,0.968999981880188,0.38600000739097595
YOL091W,YPR137C-A,0,-5.2078857,0.2006211131811142,0.968999981880188,0.38609999418258667
YER038C,YDR219C,0,-5.2079144,0.20057958364486694,0.968999981880188,0.3862000107765198
YGL183C,YBR186W,0,-5.2083797,0.20053808391094208,0.968999981880188,0.3862999975681305
YBR195C,YDR246W,0,-5.2104645,0.2004965841770172,0.968999981880188,0.3864000141620636
YOL130W,YLR208W,0,-5.210595,0.20045511424541473,0.968999981880188,0.3865000009536743
YBR081C,YOL109W,0,-5.211739,0.20041364431381226,0.968999981880188,0.38659998774528503
YJL170C,YOL020W,0,-5.212145,0.20037220418453217,0.968999981880188,0.38670000433921814
YPR103W,YOR106W,0,-5.212289,0.20033077895641327,0.968999981880188,0.38679999113082886
YBL064C,YNL054W-A,0,-5.212414,0.20028936862945557,0.968999981880188,0.38690000772476196
YNL220W,YOR151C,0,-5.2126713,0.20024798810482025,0.968999981880188,0.3869999945163727
YLR391W-A,YMR097C,0,-5.213821,0.20020660758018494,0.968999981880188,0.3871000111103058
YBR121C,YGL046W,0,-5.2147255,0.200165256857872,0.968999981880188,0.3871999979019165
YGR041W,YOL071W,0,-5.2152543,0.20012392103672028,0.968999981880188,0.3873000144958496
YKL043W,YMR016C,0,-5.2159567,0.20008260011672974,0.968999981880188,0.3874000012874603
YCR053W,YDL118W,0,-5.2161818,0.2000412940979004,0.968999981880188,0.38749998807907104
YNL281W,YDR238C,0,-5.2163,0.20000000298023224,0.968999981880188,0.38760000467300415
YPL233W,YKL038W,0,-5.2163267,0.19995872676372528,0.968999981880188,0.38769999146461487
YLR401C,YHR099W,0,-5.2165556,0.1999174803495407,0.968999981880188,0.387800008058548
YBR085W,YMR299C,0,-5.2168055,0.19987623393535614,0.968999981880188,0.3878999948501587
YPL085W,YDR170C,0,-5.2175503,0.19983501732349396,0.968999981880188,0.3880000114440918
YBR133C,YKL029C,0,-5.2176695,0.19979381561279297,0.968999981880188,0.3880999982357025
YDR423C,YLR097C,0,-5.217809,0.19975262880325317,0.968999981880188,0.3882000148296356
YOR328W,YLR316C,0,-5.2178245,0.19971145689487457,0.968999981880188,0.38830000162124634
YPR100W,YBR162C,0,-5.2181716,0.19967029988765717,0.968999981880188,0.38839998841285706
YBL063W,YGL038C,0,-5.218587,0.19962917268276215,0.968999981880188,0.38850000500679016
YDR098C,YEL032W,0,-5.218615,0.19958806037902832,0.968999981880188,0.3885999917984009
YKL138C-A,YOL088C,0,-5.2186546,0.1995469480752945,0.968999981880188,0.388700008392334
YDL024C,YLR154C,0,-5.218727,0.19950586557388306,0.968999981880188,0.3887999951839447
YML118W,YDR545W,0,-5.218978,0.1994647979736328,0.968999981880188,0.3889000117778778
YMR058W,YJR004C,0,-5.219188,0.19942374527454376,0.968999981880188,0.3889999985694885
YNL078W,YDR103W,0,-5.219406,0.1993827223777771,0.968999981880188,0.38909998536109924
YMR232W,YMR236W,0,-5.2198415,0.19934169948101044,0.968999981880188,0.38920000195503235
YAL056W,YPR073C,0,-5.220227,0.19930070638656616,0.968999981880188,0.38929998874664307
YOR026W,YBR289W,0,-5.2211666,0.1992597132921219,0.968999981880188,0.38940000534057617
YCR005C,YEL026W,0,-5.2212105,0.19921875,0.968999981880188,0.3894999921321869
YJL085W,YDR261C-C,0,-5.222147,0.1991778016090393,0.968999981880188,0.38960000872612
YFL048C,YGR144W,0,-5.22317,0.1991368681192398,0.968999981880188,0.3896999955177307
YKL007W,YDL118W,0,-5.2232704,0.1990959495306015,0.968999981880188,0.3898000121116638
YDR424C,YJR004C,0,-5.223634,0.19905506074428558,0.968999981880188,0.38989999890327454
YEL063C,YDR198C,0,-5.2237597,0.19901417195796967,0.968999981880188,0.38999998569488525
YER177W,YMR235C,0,-5.224537,0.19897331297397614,0.968999981880188,0.39010000228881836
YKR083C,YGR027W-A,0,-5.2247033,0.1989324539899826,0.968999981880188,0.3901999890804291
YPL161C,YIL132C,0,-5.224934,0.19889162480831146,0.968999981880188,0.3903000056743622
YDL019C,YNL025C,0,-5.2253513,0.1988508105278015,0.968999981880188,0.3903999924659729
YBR288C,YFL037W,0,-5.225563,0.19881001114845276,0.968999981880188,0.390500009059906
YMR232W,YNL121C,0,-5.2256465,0.1987692266702652,0.968999981880188,0.3905999958515167
YBR278W,YFR052W,0,-5.226041,0.19872847199440002,0.968999981880188,0.39070001244544983
YPL031C,YNL236W,0,-5.226178,0.19868771731853485,0.968999981880188,0.39079999923706055
YPL268W,YDR045C,0,-5.226507,0.19864699244499207,0.968999981880188,0.39089998602867126
YGL172W,YMR149W,0,-5.226806,0.19860626757144928,0.968999981880188,0.39100000262260437
YGL151W,YOR229W,0,-5.227481,0.19856557250022888,0.968999981880188,0.3910999894142151
YJL219W,YPL214C,0,-5.2283936,0.19852489233016968,0.968999981880188,0.3912000060081482
YNL245C,YGL033W,0,-5.2285414,0.19848422706127167,0.968999981880188,0.3912999927997589
YFL039C,YOR005C,0,-5.229575,0.19844357669353485,0.968999981880188,0.391400009393692
YMR287C,YFL048C,0,-5.229576,0.19840294122695923,0.968999981880188,0.39149999618530273
YDL029W,YMR168C,0,-5.230937,0.198362335562706,0.968999981880188,0.39160001277923584
YLR220W,YBR202W,0,-5.231202,0.19832172989845276,0.968999981880188,0.39169999957084656
YPL181W,YEL019C,0,-5.2314463,0.1982811540365219,0.968999981880188,0.3917999863624573
YGL136C,YDR400W,0,-5.2317185,0.19824059307575226,0.968999981880188,0.3919000029563904
YOR159C,YOR356W,0,-5.2318606,0.1982000470161438,0.968999981880188,0.3919999897480011
YPL029W,YDR365W-A,0,-5.2322197,0.19815951585769653,0.968999981880188,0.3921000063419342
YGL246C,YBR156C,0,-5.232744,0.19811899960041046,0.968999981880188,0.3921999931335449
YDR296W,YDL106C,0,-5.232815,0.19807849824428558,0.968999981880188,0.392300009727478
YGR120C,YBR216C,0,-5.234379,0.1980380117893219,0.968999981880188,0.39239999651908875
YLR342W,YBR017C,0,-5.23535,0.1979975551366806,0.968999981880188,0.39250001311302185
YNL023C,YOR043W,0,-5.236062,0.1979570984840393,0.968999981880188,0.39259999990463257
YEL026W,YEL004W,0,-5.2362194,0.1979166716337204,0.968999981880188,0.3926999866962433
YAL042W,YIL029C,0,-5.23656,0.1978762447834015,0.968999981880188,0.3928000032901764
YPR201W,YOR037W,0,-5.2366686,0.19783584773540497,0.968999981880188,0.3928999900817871
YLR381W,YDR310C,0,-5.2369504,0.19779546558856964,0.968999981880188,0.3930000066757202
YDR513W,YBL022C,0,-5.2370644,0.1977550983428955,0.968999981880188,0.39309999346733093
YPR133W-A,YDR545W,0,-5.2371435,0.19771474599838257,0.968999981880188,0.39320001006126404
YNL020C,YNL302C,0,-5.2387247,0.19767442345619202,0.968999981880188,0.39329999685287476
YBL099W,YDL120W,0,-5.2391105,0.19763410091400146,0.968999981880188,0.39340001344680786
YNL331C,YML040W,0,-5.240041,0.1975938081741333,0.968999981880188,0.3935000002384186
YER014C-A,YHL012W,0,-5.2400885,0.19755351543426514,0.968999981880188,0.3935999870300293
YMR240C,YOR159C,0,-5.2404156,0.19751325249671936,0.968999981880188,0.3937000036239624
YDR365C,YLL060C,0,-5.240635,0.19747300446033478,0.968999981880188,0.3937999904155731
YCR093W,YGL048C,0,-5.241122,0.1974327564239502,0.968999981880188,0.3939000070095062
YKL053C-A,YOL104C,0,-5.2432327,0.197392538189888,0.968999981880188,0.39399999380111694
YEL034W,YDR116C,0,-5.243283,0.197352334856987,0.968999981880188,0.39410001039505005
YHR036W,YAL022C,0,-5.2433844,0.1973121613264084,0.968999981880188,0.39419999718666077
YGL073W,YBR192W,0,-5.243439,0.19727198779582977,0.968999981880188,0.39430001378059387
YBR039W,YGL127C,0,-5.2440796,0.19723182916641235,0.968999981880188,0.3944000005722046
YGR214W,YMR087W,0,-5.2445846,0.19719170033931732,0.968999981880188,0.3944999873638153
YJR089W,YGL200C,0,-5.2448025,0.1971515715122223,0.968999981880188,0.3946000039577484
YIR004W,YCL005W-A,0,-5.2461205,0.19711147248744965,0.968999981880188,0.39469999074935913
YDL174C,YJR022W,0,-5.2466846,0.1970713883638382,0.968999981880188,0.39480000734329224
YKR039W,YGR257C,0,-5.246979,0.19703131914138794,0.968999981880188,0.39489999413490295
YML038C,YNL054W-B,0,-5.247331,0.19699126482009888,0.968999981880188,0.39500001072883606
YBL097W,YLR449W,0,-5.2477884,0.196951225399971,0.968999981880188,0.3950999975204468
YDL088C,YLR157C,0,-5.2478766,0.19691120088100433,0.968999981880188,0.3952000141143799
YDR377W,YPL058C,0,-5.2485156,0.19687119126319885,0.968999981880188,0.3953000009059906
YNL164C,YDR477W,0,-5.24855,0.19683119654655457,0.968999981880188,0.3953999876976013
YLR045C,YML021C,0,-5.2495594,0.19679123163223267,0.968999981880188,0.3955000042915344
YML124C,YGR241C,0,-5.2501397,0.19675126671791077,0.968999981880188,0.39559999108314514
YLR411W,YDR365W-B,0,-5.2501965,0.19671133160591125,0.968999981880188,0.39570000767707825
YKR046C,YOR216C,0,-5.251511,0.19667139649391174,0.968999981880188,0.39579999446868896
YDL006W,YLR447C,0,-5.252343,0.19663149118423462,0.968999981880188,0.39590001106262207
YLR157C,YJR026W,0,-5.252405,0.1965916007757187,0.968999981880188,0.3959999978542328
YPL270W,YLR138W,0,-5.2525883,0.19655172526836395,0.968999981880188,0.3961000144481659
YDR343C,YBR106W,0,-5.2527704,0.1965118646621704,0.968999981880188,0.3962000012397766
YDR206W,YGR104C,0,-5.252817,0.19647201895713806,0.968999981880188,0.39629998803138733
YPL069C,YOL147C,1,-5.2531886,0.196634903550148,0.9700000286102295,0.39629998803138733
YDR411C,YKR065C,0,-5.2536516,0.19659505784511566,0.9700000286102295,0.39640000462532043
YGR038W,YOR008C-A,0,-5.2537336,0.1965552121400833,0.9700000286102295,0.39649999141693115
YLL042C,YOR192C-B,0,-5.2559037,0.19651539623737335,0.9700000286102295,0.39660000801086426
YMR012W,YHR016C,0,-5.2559295,0.19647559523582458,0.9700000286102295,0.396699994802475
YPL026C,YIL029C,0,-5.2563715,0.196435809135437,0.9700000286102295,0.3968000113964081
YIL036W,YER087C-A,0,-5.257413,0.19639603793621063,0.9700000286102295,0.3968999981880188
YGR007W,YNL054W,1,-5.257618,0.19655869901180267,0.9710000157356262,0.3968999981880188
YKR036C,YOL090W,0,-5.25864,0.1965189278125763,0.9710000157356262,0.3970000147819519
YKL146W,YER118C,0,-5.2588243,0.19647915661334991,0.9710000157356262,0.3971000015735626
YBR039W,YHR031C,0,-5.2599964,0.19643941521644592,0.9710000157356262,0.39719998836517334
YML129C,YLR425W,0,-5.260068,0.19639967381954193,0.9710000157356262,0.39730000495910645
YJR021C,YGL004C,0,-5.2604513,0.19635996222496033,0.9710000157356262,0.39739999175071716
YGR284C,YOR191W,0,-5.2607965,0.19632026553153992,0.9710000157356262,0.39750000834465027
YMR240C,YLL034C,0,-5.2612953,0.1962805688381195,0.9710000157356262,0.397599995136261
YJR108W,YDR477W,0,-5.261608,0.19624090194702148,0.9710000157356262,0.3977000117301941
YFR009W,YDR116C,0,-5.2627807,0.19620124995708466,0.9710000157356262,0.3977999985218048
YLL050C,YML110C,0,-5.263025,0.19616161286830902,0.9710000157356262,0.3978999853134155
YOR231W,YOR140W,0,-5.2632365,0.19612199068069458,0.9710000157356262,0.39800000190734863
YNL329C,YGR186W,0,-5.263828,0.19608239829540253,0.9710000157356262,0.39809998869895935
YBR234C,YGR147C,0,-5.263894,0.19604280591011047,0.9710000157356262,0.39820000529289246
YBR297W,YBR156C,0,-5.2643614,0.19600322842597961,0.9710000157356262,0.3982999920845032
YJL056C,YDR365W-B,0,-5.264867,0.19596366584300995,0.9710000157356262,0.3984000086784363
YGR101W,YNR003C,0,-5.2649813,0.19592413306236267,0.9710000157356262,0.398499995470047
YMR129W,YFL026W,0,-5.2658277,0.1958846002817154,0.9710000157356262,0.3986000120639801
YGR264C,YKL019W,0,-5.2664986,0.1958450973033905,0.9710000157356262,0.3986999988555908
YGL097W,YLR005W,0,-5.2665906,0.1958056092262268,0.9710000157356262,0.39879998564720154
YLR096W,YLR425W,0,-5.2668285,0.1957661360502243,0.9710000157356262,0.39890000224113464
YDR188W,YAL068C,0,-5.2672462,0.1957266628742218,0.9710000157356262,0.39899998903274536
YNL037C,YJR141W,0,-5.2674265,0.1956872195005417,0.9710000157356262,0.39910000562667847
YDL231C,YNL015W,0,-5.267683,0.19564779102802277,0.9710000157356262,0.3991999924182892
YML118W,YCR027C,0,-5.26789,0.19560837745666504,0.9710000157356262,0.3993000090122223
YIL139C,YJL004C,0,-5.267955,0.1955689787864685,0.9710000157356262,0.399399995803833
YCR071C,YBR195C,0,-5.268189,0.19552959501743317,0.9710000157356262,0.3995000123977661
YJR055W,YGR085C,0,-5.2696223,0.19549024105072021,0.9710000157356262,0.39959999918937683
YBL078C,YLR227W-A,0,-5.270191,0.19545088708400726,0.9710000157356262,0.39969998598098755
YOR249C,YGR212W,0,-5.2708836,0.1954115480184555,0.9710000157356262,0.39980000257492065
YKL005C,YPL128C,0,-5.271905,0.19537223875522614,0.9710000157356262,0.39989998936653137
YDL030W,YDR489W,0,-5.2744284,0.19533292949199677,0.9710000157356262,0.4000000059604645
YPR052C,YBR089C-A,0,-5.2746053,0.19529365003108978,0.9710000157356262,0.4000999927520752
YML012W,YCR083W,0,-5.274657,0.1952543705701828,0.9710000157356262,0.4002000093460083
YNL328C,YFL035C-A,0,-5.27483,0.1952151209115982,0.9710000157356262,0.400299996137619
YDL035C,YFL035C-A,0,-5.275237,0.1951758861541748,0.9710000157356262,0.4004000127315521
YOL063C,YPL210C,0,-5.275364,0.1951366513967514,0.9710000157356262,0.40049999952316284
YBR058C-A,YBR030W,1,-5.2758427,0.19529837369918823,0.972000002861023,0.40049999952316284
YEL003W,YHR118C,0,-5.2765684,0.19525913894176483,0.972000002861023,0.40059998631477356
YDR312W,YLR136C,0,-5.2768154,0.19521991908550262,0.972000002861023,0.40070000290870667
YOL149W,YER117W,0,-5.2773285,0.1951807290315628,0.972000002861023,0.4007999897003174
YOL077W-A,YNL135C,0,-5.277414,0.19514153897762299,0.972000002861023,0.4009000062942505
YMR287C,YML121W,0,-5.2778606,0.19510236382484436,0.972000002861023,0.4009999930858612
YPR168W,YDL134C,0,-5.2783127,0.19506321847438812,0.972000002861023,0.4011000096797943
YBL084C,YLR186W,0,-5.278366,0.19502407312393188,0.972000002861023,0.40119999647140503
YJL176C,YFL058W,0,-5.278476,0.19498495757579803,0.972000002861023,0.40130001306533813
YFR029W,YML032C,0,-5.2794533,0.19494584202766418,0.972000002861023,0.40139999985694885
YBR112C,YGR080W,0,-5.279501,0.19490675628185272,0.972000002861023,0.40149998664855957
YIL132C,YOL103W-B,0,-5.279893,0.19486768543720245,0.972000002861023,0.4016000032424927
YLR391W-A,YKR097W,0,-5.281826,0.19482862949371338,0.972000002861023,0.4016999900341034
YPL040C,YLR347C,0,-5.282087,0.1947895735502243,0.972000002861023,0.4018000066280365
YDR207C,YCL075W,0,-5.2824006,0.19475054740905762,0.972000002861023,0.4018999934196472
YDR205W,YOR266W,0,-5.2830687,0.19471153616905212,0.972000002861023,0.4020000100135803
YMR199W,YJL110C,0,-5.2831945,0.19467253983020782,0.972000002861023,0.40209999680519104
YAR033W,YDR034C-C,0,-5.2832484,0.19463355839252472,0.972000002861023,0.40220001339912415
YLR370C,YML045W-A,0,-5.283375,0.1945945918560028,0.972000002861023,0.40230000019073486
YBR152W,YBR223C,0,-5.2840786,0.1945556402206421,0.972000002861023,0.4023999869823456
YER082C,YGR054W,0,-5.2842493,0.19451670348644257,0.972000002861023,0.4025000035762787
YGL029W,YLR013W,0,-5.2842836,0.19447779655456543,0.972000002861023,0.4025999903678894
YPL156C,YDL147W,0,-5.2857203,0.1944388896226883,0.972000002861023,0.4027000069618225
YHR019C,YNL210W,0,-5.285777,0.19439999759197235,0.972000002861023,0.4027999937534332
YGL169W,YCL033C,0,-5.285886,0.1943611204624176,0.972000002861023,0.40290001034736633
YEL027W,YIL105C,0,-5.286,0.19432227313518524,0.972000002861023,0.40299999713897705
YAL012W,YLR227W-A,0,-5.287553,0.19428342580795288,0.972000002861023,0.40310001373291016
YGL194C,YIL014W,0,-5.287676,0.1942446082830429,0.972000002861023,0.4032000005245209
YDR385W,YIR006C,0,-5.2878165,0.19420579075813293,0.972000002861023,0.4032999873161316
YPL147W,YBR012W-A,0,-5.288227,0.19416700303554535,0.972000002861023,0.4034000039100647
YHL038C,YKL208W,0,-5.2888885,0.19412821531295776,0.972000002861023,0.4034999907016754
YNR074C,YOR326W,0,-5.2898784,0.19408945739269257,0.972000002861023,0.4036000072956085
YNL094W,YDL134C,0,-5.29002,0.19405071437358856,0.972000002861023,0.40369999408721924
YNL270C,YPL012W,0,-5.290053,0.19401197135448456,0.972000002861023,0.40380001068115234
YMR270C,YDL128W,0,-5.2901435,0.19397325813770294,0.972000002861023,0.40389999747276306
YPL248C,YKR014C,0,-5.290537,0.19393455982208252,0.972000002861023,0.40400001406669617
YBL019W,YHR026W,0,-5.2906504,0.1938958764076233,0.972000002861023,0.4041000008583069
YPL200W,YNL047C,0,-5.2913437,0.19385719299316406,0.972000002861023,0.4041999876499176
YCR093W,YBR058C,0,-5.291587,0.19381853938102722,0.972000002861023,0.4043000042438507
YGL207W,YOR256C,0,-5.2920804,0.19377990067005157,0.972000002861023,0.4043999910354614
YJL198W,YBR055C,0,-5.292427,0.19374127686023712,0.972000002861023,0.40450000762939453
YGL054C,YNL102W,0,-5.292593,0.19370266795158386,0.972000002861023,0.40459999442100525
YGL219C,YML039W,0,-5.2926893,0.1936640739440918,0.972000002861023,0.40470001101493835
YNL199C,YDR362C,0,-5.293217,0.19362549483776093,0.972000002861023,0.4047999978065491
YLR384C,YCR073W-A,0,-5.293271,0.19358693063259125,0.972000002861023,0.4049000144004822
YPR070W,YKL088W,0,-5.293771,0.19354838132858276,0.972000002861023,0.4050000011920929
YOL145C,YKL001C,0,-5.2939806,0.19350986182689667,0.972000002861023,0.4050999879837036
YDL117W,YJL143W,0,-5.29406,0.19347134232521057,0.972000002861023,0.4052000045776367
YNL116W,YDL076C,0,-5.294185,0.19343283772468567,0.972000002861023,0.40529999136924744
YJL125C,YDR477W,0,-5.2944374,0.19339434802532196,0.972000002861023,0.40540000796318054
YKR009C,YPR173C,1,-5.2954235,0.1935548037290573,0.9729999899864197,0.40540000796318054
YPL275W,YOL127W,0,-5.2954426,0.1935163140296936,0.9729999899864197,0.40549999475479126
YML110C,YNL072W,0,-5.2954865,0.1934778243303299,0.9729999899864197,0.40560001134872437
YPR051W,YJL109C,0,-5.2964144,0.19343936443328857,0.9729999899864197,0.4056999981403351
YHR181W,YOR004W,0,-5.296619,0.19340091943740845,0.9729999899864197,0.4058000147342682
YPR068C,YGR279C,0,-5.297006,0.19336247444152832,0.9729999899864197,0.4059000015258789
YLL042C,YDR116C,0,-5.2972016,0.19332405924797058,0.9729999899864197,0.4059999883174896
YOL049W,YKL120W,0,-5.2984123,0.19328565895557404,0.9729999899864197,0.40610000491142273
YNL172W,YJL173C,0,-5.2989225,0.19324727356433868,0.9729999899864197,0.40619999170303345
YLR309C,YDR148C,0,-5.299139,0.19320890307426453,0.9729999899864197,0.40630000829696655
YER028C,YIL144W,0,-5.301119,0.19317053258419037,0.9729999899864197,0.40639999508857727
YNL021W,YHR027C,0,-5.3013525,0.1931321918964386,0.9729999899864197,0.4065000116825104
YJR050W,YIL063C,0,-5.30138,0.19309386610984802,0.9729999899864197,0.4065999984741211
YDL132W,YLR329W,0,-5.3015246,0.19305555522441864,0.9729999899864197,0.4066999852657318
YDL100C,YOR076C,0,-5.3018684,0.19301725924015045,0.9729999899864197,0.4068000018596649
YLL050C,YCR039C,0,-5.303318,0.19297897815704346,0.9729999899864197,0.40689998865127563
YIL097W,YKL193C,0,-5.3035994,0.19294071197509766,0.9729999899864197,0.40700000524520874
YAL042W,YGR251W,0,-5.303733,0.19290246069431305,0.9729999899864197,0.40709999203681946
YER014C-A,YJL098W,0,-5.3038445,0.19286422431468964,0.9729999899864197,0.40720000863075256
YLR016C,YLR196W,0,-5.304148,0.19282600283622742,0.9729999899864197,0.4072999954223633
YDR513W,YCR009C,0,-5.304719,0.1927877962589264,0.9729999899864197,0.4074000120162964
YCR098C,YLR034C,0,-5.305211,0.19274960458278656,0.9729999899864197,0.4074999988079071
YJL021C,YKL144C,0,-5.305376,0.19271142780780792,0.9729999899864197,0.4075999855995178
YBR234C,YNL054W-A,0,-5.30598,0.19267326593399048,0.9729999899864197,0.4077000021934509
YCL038C,YBL005W-A,0,-5.306237,0.19263511896133423,0.9729999899864197,0.40779998898506165
YCR082W,YDR316W-A,0,-5.307249,0.19259698688983917,0.9729999899864197,0.40790000557899475
YGR206W,YNL102W,0,-5.3086033,0.1925588697195053,0.9729999899864197,0.40799999237060547
YJL112W,YER070W,0,-5.30923,0.19252078235149384,0.9729999899864197,0.4081000089645386
YPL209C,YGL090W,0,-5.3113747,0.19248269498348236,0.9729999899864197,0.4081999957561493
YNL318C,YHR118C,0,-5.312958,0.19244462251663208,0.9729999899864197,0.4083000123500824
YER177W,YLR060W,0,-5.313093,0.192406564950943,0.9729999899864197,0.4083999991416931
YLR342W,YLL004W,0,-5.313181,0.1923685222864151,0.9729999899864197,0.40849998593330383
YJL090C,YAL016W,0,-5.3132405,0.1923304945230484,0.9729999899864197,0.40860000252723694
YPR175W,YPL190C,0,-5.313322,0.1922924965620041,0.9729999899864197,0.40869998931884766
YDR299W,YLR337W,0,-5.3149524,0.19225449860095978,0.9729999899864197,0.40880000591278076
YGR086C,YBR048W,0,-5.3155975,0.19221651554107666,0.9729999899864197,0.4088999927043915
YFL034C-B,YBR168W,0,-5.315775,0.19217854738235474,0.9729999899864197,0.4090000092983246
YAL020C,YDR208W,0,-5.31605,0.192140594124794,0.9729999899864197,0.4090999960899353
YJL194W,YKL193C,0,-5.3160515,0.19210267066955566,0.9729999899864197,0.4092000126838684
YPR093C,YAL044C,0,-5.31699,0.19206474721431732,0.9729999899864197,0.4092999994754791
YDL093W,YBR083W,0,-5.317194,0.19202683866024017,0.9729999899864197,0.40939998626708984
YCR083W,YLR337W,0,-5.3177857,0.19198894500732422,0.9729999899864197,0.40950000286102295
YPR037C,YDR176W,0,-5.317804,0.19195108115673065,0.9729999899864197,0.40959998965263367
YOR240W,YJL108C,0,-5.317827,0.19191321730613708,0.9729999899864197,0.4097000062465668
YBL078C,YIR010W,0,-5.318716,0.1918753683567047,0.9729999899864197,0.4097999930381775
YCR075C,YLR254C,0,-5.318821,0.19183753430843353,0.9729999899864197,0.4099000096321106
YNR002C,YDR309C,0,-5.3191075,0.19179973006248474,0.9729999899864197,0.4099999964237213
YPL228W,YDL051W,0,-5.3192616,0.19176192581653595,0.9729999899864197,0.4101000130176544
YNL251C,YLL013C,0,-5.31934,0.19172413647174835,0.9729999899864197,0.41019999980926514
YOL033W,YHR106W,0,-5.320175,0.19168636202812195,0.9729999899864197,0.41029998660087585
YOR216C,YKL034W,0,-5.3210096,0.19164861738681793,0.9729999899864197,0.41040000319480896
YGL151W,YIL120W,0,-5.321083,0.19161087274551392,0.9729999899864197,0.4104999899864197
YER165W,YER162C,0,-5.3216887,0.1915731430053711,0.9729999899864197,0.4106000065803528
YAR033W,YOR159C,0,-5.3221874,0.19153542816638947,0.9729999899864197,0.4106999933719635
YBL041W,YPL012W,0,-5.3223896,0.19149774312973022,0.9729999899864197,0.4108000099658966
YER108C,YDR177W,0,-5.3230305,0.19146005809307098,0.9729999899864197,0.4108999967575073
YNR001C,YLR272C,0,-5.3248243,0.19142238795757294,0.9729999899864197,0.41100001335144043
YBR290W,YLR288C,0,-5.324835,0.19138473272323608,0.9729999899864197,0.41110000014305115
YOR241W,YIL076W,0,-5.324866,0.19134709239006042,0.9729999899864197,0.41119998693466187
YOR038C,YGL104C,0,-5.3254137,0.19130948185920715,0.9729999899864197,0.41130000352859497
YDL111C,YDR293C,0,-5.3254995,0.19127187132835388,0.9729999899864197,0.4113999903202057
YPL188W,YLR301W,0,-5.325759,0.1912342756986618,0.9729999899864197,0.4115000069141388
YOL064C,YGR285C,0,-5.325774,0.19119669497013092,0.9729999899864197,0.4115999937057495
YER109C,YML019W,0,-5.325867,0.19115912914276123,0.9729999899864197,0.4117000102996826
YDR422C,YOR305W,0,-5.326254,0.19112159311771393,0.9729999899864197,0.41179999709129333
YCR028C-A,YPR032W,0,-5.326317,0.19108405709266663,0.9729999899864197,0.41190001368522644
YGL020C,YGR239C,0,-5.3272715,0.19104653596878052,0.9729999899864197,0.41200000047683716
YPL124W,YLR227W-B,0,-5.327647,0.1910090297460556,0.9729999899864197,0.4120999872684479
YLR390W-A,YLR227W-B,0,-5.3278694,0.19097153842449188,0.9729999899864197,0.412200003862381
YOR381W,YPL127C,0,-5.328659,0.19093406200408936,0.9729999899864197,0.4122999906539917
YCR038C,YOR160W,0,-5.32922,0.19089660048484802,0.9729999899864197,0.4124000072479248
YDL069C,YJL012C-A,0,-5.3297534,0.19085915386676788,0.9729999899864197,0.4124999940395355
YLR035C,YPR112C,0,-5.3299327,0.19082173705101013,0.9729999899864197,0.41260001063346863
YPR046W,YJR021C,0,-5.330203,0.19078432023525238,0.9729999899864197,0.41269999742507935
YPR072W,YDR316W-A,0,-5.330329,0.19074691832065582,0.9729999899864197,0.41280001401901245
YDL115C,YLR034C,0,-5.3304825,0.19070953130722046,0.9729999899864197,0.41290000081062317
YGR280C,YGL169W,0,-5.330914,0.1906721591949463,0.9729999899864197,0.4129999876022339
YIL033C,YBR214W,0,-5.3313646,0.1906348019838333,0.9729999899864197,0.413100004196167
YKL220C,YJR004C,0,-5.3322086,0.19059745967388153,0.9729999899864197,0.4131999909877777
YDL181W,YKL188C,0,-5.3328357,0.19056013226509094,0.9729999899864197,0.4133000075817108
YPR021C,YPL249C,0,-5.33337,0.19052280485630035,0.9729999899864197,0.41339999437332153
YJL021C,YGR030C,0,-5.333879,0.19048550724983215,0.9729999899864197,0.41350001096725464
YDL154W,YGR161C-D,0,-5.3342247,0.19044822454452515,0.9729999899864197,0.41359999775886536
YDR384C,YJL140W,0,-5.334461,0.19041095674037933,0.9729999899864197,0.41370001435279846
YGL019W,YBR233W-A,0,-5.335062,0.19037370383739471,0.9729999899864197,0.4138000011444092
YDR440W,YNL304W,0,-5.3351564,0.1903364658355713,0.9729999899864197,0.4138999879360199
YIL143C,YNL247W,0,-5.336369,0.19029924273490906,0.9729999899864197,0.414000004529953
YPL119C,YDR409W,0,-5.3374214,0.19026201963424683,0.9729999899864197,0.4140999913215637
YMR054W,YCL020W,0,-5.337594,0.19022482633590698,0.9729999899864197,0.4142000079154968
YBL051C,YOL146W,0,-5.338071,0.19018764793872833,0.9729999899864197,0.41429999470710754
YIL095W,YIL119C,0,-5.3392315,0.19015048444271088,0.9729999899864197,0.41440001130104065
YOR362C,YJL145W,0,-5.339734,0.19011332094669342,0.9729999899864197,0.41449999809265137
YNL331C,YCR052W,0,-5.339812,0.19007618725299835,0.9729999899864197,0.4146000146865845
YMR004W,YKL175W,0,-5.3407173,0.19003906846046448,0.9729999899864197,0.4147000014781952
YNL167C,YJL192C,0,-5.341199,0.1900019496679306,0.9729999899864197,0.4147999882698059
YKL038W,YGR090W,0,-5.341438,0.18996486067771912,0.9729999899864197,0.414900004863739
YJR091C,YML007W,0,-5.341606,0.18992777168750763,0.9729999899864197,0.41499999165534973
YCL034W,YNL015W,0,-5.341773,0.18989071249961853,0.9729999899864197,0.41510000824928284
YDR174W,YMR045C,0,-5.341856,0.18985365331172943,0.9729999899864197,0.41519999504089355
YLL061W,YNL283C,0,-5.34224,0.18981662392616272,0.9729999899864197,0.41530001163482666
YNR001C,YJL201W,0,-5.3425646,0.189779594540596,0.9729999899864197,0.4153999984264374
YPR081C,YBR142W,0,-5.343111,0.18974259495735168,0.9729999899864197,0.4154999852180481
YNL268W,YMR266W,0,-5.3444424,0.18970559537410736,0.9729999899864197,0.4156000018119812
YDR309C,YNL110C,0,-5.3448906,0.18966861069202423,0.9729999899864197,0.4156999886035919
YJL104W,YDR183W,0,-5.3453646,0.1896316558122635,0.9729999899864197,0.415800005197525
YDR384C,YDR320C,0,-5.34618,0.18959470093250275,0.9729999899864197,0.41589999198913574
YER126C,YDR034C-C,0,-5.346346,0.1895577609539032,0.9729999899864197,0.41600000858306885
YPL100W,YDL217C,0,-5.34723,0.18952083587646484,0.9729999899864197,0.41609999537467957
YHR186C,YJL029C,0,-5.348212,0.18948394060134888,0.9729999899864197,0.41620001196861267
YOR112W,YNL262W,0,-5.3506403,0.1894470453262329,0.9729999899864197,0.4162999987602234
YMR199W,YLR455W,0,-5.3509974,0.18941016495227814,0.9729999899864197,0.4163999855518341
YLR355C,YIL139C,0,-5.3515673,0.18937329947948456,0.9729999899864197,0.4165000021457672
YGR267C,YJR104C,0,-5.3523026,0.18933644890785217,0.9729999899864197,0.41659998893737793
YGL174W,YDR261C-C,0,-5.355256,0.18929961323738098,0.9729999899864197,0.41670000553131104
YDR436W,YMR067C,0,-5.356262,0.18926279246807098,0.9729999899864197,0.41679999232292175
YKL022C,YLR086W,0,-5.3563814,0.18922598659992218,0.9729999899864197,0.41690000891685486
YOR173W,YIL009C-A,0,-5.357129,0.18918919563293457,0.9729999899864197,0.4169999957084656
YPR052C,YBR048W,0,-5.3575053,0.18915240466594696,0.9729999899864197,0.4171000123023987
YER083C,YGR212W,0,-5.358408,0.18911564350128174,0.9729999899864197,0.4171999990940094
YAL055W,YKR001C,0,-5.358858,0.1890788972377777,0.9729999899864197,0.4172999858856201
YIL132C,YHL027W,0,-5.3597555,0.18904216587543488,0.9729999899864197,0.4174000024795532
YCR093W,YIL070C,0,-5.3603783,0.18900543451309204,0.9729999899864197,0.41749998927116394
YGL222C,YKR039W,0,-5.3609533,0.1889687329530716,0.9729999899864197,0.41760000586509705
YER167W,YKL022C,0,-5.361197,0.18893203139305115,0.9729999899864197,0.41769999265670776
YDR375C,YGR264C,0,-5.361245,0.1888953596353531,0.9729999899864197,0.41780000925064087
YLR172C,YOR301W,0,-5.3615007,0.18885870277881622,0.9729999899864197,0.4178999960422516
YKR003W,YCL052C,1,-5.362172,0.18901610374450684,0.9739999771118164,0.4178999960422516
YNL139C,YDL120W,0,-5.362227,0.18897943198680878,0.9739999771118164,0.4180000126361847
YLR318W,YDR378C,0,-5.362605,0.1889427751302719,0.9739999771118164,0.4180999994277954
YLR059C,YBR289W,0,-5.362849,0.18890613317489624,0.9739999771118164,0.41819998621940613
YEL036C,YJL186W,0,-5.3629036,0.18886949121952057,0.9739999771118164,0.41830000281333923
YGR249W,YBR098W,0,-5.362978,0.18883287906646729,0.9739999771118164,0.41839998960494995
YHL040C,YJR027W,0,-5.364165,0.1887962818145752,0.9739999771118164,0.41850000619888306
YPL129W,YPR133W-A,0,-5.3642836,0.1887596845626831,0.9739999771118164,0.4185999929904938
YDR377W,YBL098W,0,-5.365079,0.1887231171131134,0.9739999771118164,0.4187000095844269
YIL008W,YGR027W-A,0,-5.36537,0.1886865496635437,0.9739999771118164,0.4187999963760376
YJL100W,YBL039C,1,-5.365912,0.18884369730949402,0.9750000238418579,0.4187999963760376
YOL034W,YGR054W,0,-5.3660994,0.18880712985992432,0.9750000238418579,0.4189000129699707
YOR250C,YIL013C,0,-5.366435,0.1887705773115158,0.9750000238418579,0.4189999997615814
YOL149W,YGL039W,0,-5.3671813,0.1887340247631073,0.9750000238418579,0.41909998655319214
YJR021C,YJR068W,0,-5.367231,0.18869750201702118,0.9750000238418579,0.41920000314712524
YCR031C,YBR080C,0,-5.367257,0.18866099417209625,0.9750000238418579,0.41929998993873596
YJR160C,YFL017W-A,0,-5.3683596,0.18862448632717133,0.9750000238418579,0.41940000653266907
YDR358W,YDR098C,0,-5.368429,0.1885880082845688,0.9750000238418579,0.4194999933242798
YDL161W,YDR202C,0,-5.3690453,0.18855153024196625,0.9750000238418579,0.4196000099182129
YHR139C,YIL056W,0,-5.369487,0.1885150820016861,0.9750000238418579,0.4196999967098236
YNL079C,YDR131C,0,-5.370512,0.18847863376140594,0.9750000238418579,0.4198000133037567
YNL239W,YDR246W,0,-5.371076,0.18844221532344818,0.9750000238418579,0.41990000009536743
YDL209C,YGR059W,0,-5.3715887,0.18840579688549042,0.9750000238418579,0.41999998688697815
YJR055W,YER118C,0,-5.372081,0.18836939334869385,0.9750000238418579,0.42010000348091125
YCR088W,YNR067C,0,-5.372704,0.18833300471305847,0.9750000238418579,0.420199990272522
YDR384C,YPL116W,0,-5.3728976,0.18829664587974548,0.9750000238418579,0.4203000068664551
YHR175W,YDR516C,0,-5.3731956,0.1882602870464325,0.9750000238418579,0.4203999936580658
YKR019C,YNL126W,0,-5.374193,0.1882239431142807,0.9750000238418579,0.4205000102519989
YIL033C,YIL017W,0,-5.3755655,0.1881876140832901,0.9750000238418579,0.4205999970436096
YNL128W,YNL054W,1,-5.375827,0.18834426999092102,0.9760000109672546,0.4205999970436096
YDR206W,YIR002C,0,-5.3761597,0.18830792605876923,0.9760000109672546,0.4207000136375427
YNR056C,YOR129C,0,-5.376519,0.18827161192893982,0.9760000109672546,0.42080000042915344
YEL019C,YKR090W,0,-5.3768144,0.1882352977991104,0.9760000109672546,0.42089998722076416
YPL228W,YAR003W,0,-5.377308,0.1881989985704422,0.9760000109672546,0.42100000381469727
YMR011W,YBR107C,0,-5.378949,0.18816271424293518,0.9760000109672546,0.421099990606308
YJL125C,YKR001C,0,-5.3790283,0.18812644481658936,0.9760000109672546,0.4212000072002411
YJR077C,YLR277C,0,-5.379177,0.18809019029140472,0.9760000109672546,0.4212999939918518
YDR054C,YPR125W,0,-5.379884,0.1880539506673813,0.9760000109672546,0.4214000105857849
YML118W,YOR008C,0,-5.3800726,0.18801772594451904,0.9760000109672546,0.42149999737739563
YNL135C,YGR241C,0,-5.3807507,0.187981516122818,0.9760000109672546,0.42160001397132874
YEL030W,YJR135C,0,-5.381246,0.18794530630111694,0.9760000109672546,0.42170000076293945
YKR027W,YBL102W,0,-5.381325,0.18790912628173828,0.9760000109672546,0.42179998755455017
YPR141C,YHR014W,0,-5.3824606,0.1878729611635208,0.9760000109672546,0.4219000041484833
YDL088C,YPR070W,0,-5.38249,0.18783679604530334,0.9760000109672546,0.421999990940094
YBR127C,YDR545W,0,-5.38274,0.18780066072940826,0.9760000109672546,0.4221000075340271
YNR072W,YHL025W,0,-5.384096,0.18776452541351318,0.9760000109672546,0.4221999943256378
YPR001W,YNL054W-A,0,-5.3865967,0.1877284049987793,0.9760000109672546,0.4223000109195709
YNR059W,YKL166C,0,-5.3869486,0.1876923143863678,0.9760000109672546,0.42239999771118164
YLR067C,YBR097W,0,-5.38757,0.1876562237739563,0.9760000109672546,0.42250001430511475
YGL245W,YJL138C,0,-5.389045,0.187620148062706,0.9760000109672546,0.42260000109672546
YGR178C,YLL040C,0,-5.3890996,0.18758408725261688,0.9760000109672546,0.4226999878883362
YKL110C,YOR329C,0,-5.3895426,0.18754804134368896,0.9760000109672546,0.4228000044822693
YPR188C,YDL007W,0,-5.39009,0.18751201033592224,0.9760000109672546,0.42289999127388
YOR178C,YJL112W,0,-5.390526,0.1874759942293167,0.9760000109672546,0.4230000078678131
YMR140W,YOR272W,0,-5.391608,0.18743997812271118,0.9760000109672546,0.42309999465942383
YGL030W,YOR230W,0,-5.393972,0.18740399181842804,0.9760000109672546,0.42320001125335693
YDL223C,YLR055C,0,-5.3957443,0.1873680204153061,0.9760000109672546,0.42329999804496765
YNL068C,YPR095C,0,-5.395817,0.18733204901218414,0.9760000109672546,0.42340001463890076
YDR110W,YIL109C,0,-5.3959928,0.18729610741138458,0.9760000109672546,0.4235000014305115
YER108C,YOR014W,0,-5.3975716,0.18726016581058502,0.9760000109672546,0.4235999882221222
YNL273W,YNL247W,0,-5.4000425,0.18722425401210785,0.9760000109672546,0.4237000048160553
YMR146C,YLR136C,0,-5.400591,0.18718834221363068,0.9760000109672546,0.423799991607666
YDR101C,YGR172C,0,-5.4019947,0.1871524453163147,0.9760000109672546,0.4239000082015991
YJL095W,YML058W-A,0,-5.402228,0.1871165633201599,0.9760000109672546,0.42399999499320984
YDR228C,YDR011W,0,-5.4025316,0.18708069622516632,0.9760000109672546,0.42410001158714294
YKL001C,YLR410W,0,-5.402852,0.18704484403133392,0.9760000109672546,0.42419999837875366
YDL226C,YDR393W,0,-5.403066,0.18700900673866272,0.9760000109672546,0.4242999851703644
YKL220C,YDL040C,0,-5.4046717,0.1869731843471527,0.9760000109672546,0.4244000017642975
YCR075C,YOR260W,0,-5.4047284,0.1869373619556427,0.9760000109672546,0.4244999885559082
YMR303C,YFL010W-A,0,-5.4051876,0.18690156936645508,0.9760000109672546,0.4246000051498413
YJL008C,YDR182W,0,-5.4056396,0.18686579167842865,0.9760000109672546,0.424699991941452
YLR016C,YIL101C,0,-5.405814,0.18683001399040222,0.9760000109672546,0.42480000853538513
YCL033C,YPL257W-B,0,-5.406333,0.186794251203537,0.9760000109672546,0.42489999532699585
YOL063C,YGR285C,0,-5.406394,0.18675851821899414,0.9760000109672546,0.42500001192092896
YDL197C,YMR145C,0,-5.4071555,0.1867227852344513,0.9760000109672546,0.4250999987125397
YPR034W,YDL038C,0,-5.407235,0.18668706715106964,0.9760000109672546,0.4251999855041504
YER151C,YML007W,0,-5.408395,0.18665136396884918,0.9760000109672546,0.4253000020980835
YNL133C,YNL006W,0,-5.4087715,0.18661567568778992,0.9760000109672546,0.4253999888896942
YIL075C,YJR145C,0,-5.409771,0.18658000230789185,0.9760000109672546,0.4255000054836273
YGR075C,YJR059W,0,-5.410122,0.18654434382915497,0.9760000109672546,0.42559999227523804
YPL093W,YJL026W,0,-5.411045,0.18650870025157928,0.9760000109672546,0.42570000886917114
YER159C,YPL241C,0,-5.4111934,0.1864730566740036,0.9760000109672546,0.42579999566078186
YNR035C,YML071C,0,-5.41148,0.1864374428987503,0.9760000109672546,0.42590001225471497
YER044C-A,YJR153W,0,-5.4130263,0.186401829123497,0.9760000109672546,0.4259999990463257
YFL057C,YLL016W,0,-5.413604,0.1863662451505661,0.9760000109672546,0.4260999858379364
YBR059C,YLR285W,0,-5.414166,0.1863306611776352,0.9760000109672546,0.4262000024318695
YJL093C,YPL120W,0,-5.414401,0.18629509210586548,0.9760000109672546,0.4262999892234802
YCL034W,YLL013C,0,-5.4147015,0.18625953793525696,0.9760000109672546,0.42640000581741333
YLR362W,YDR260C,0,-5.4153605,0.18622399866580963,0.9760000109672546,0.42649999260902405
YDR206W,YNL153C,0,-5.416232,0.1861884742975235,0.9760000109672546,0.42660000920295715
YAR014C,YBL055C,0,-5.4164515,0.18615296483039856,0.9760000109672546,0.42669999599456787
YGR144W,YKR020W,0,-5.416682,0.18611747026443481,0.9760000109672546,0.426800012588501
YOL127W,YER005W,0,-5.416847,0.18608197569847107,0.9760000109672546,0.4268999993801117
YNL275W,YGL058W,0,-5.4174657,0.1860465109348297,0.9760000109672546,0.4269999861717224
YML071C,YFL026W,0,-5.417819,0.18601106107234955,0.9760000109672546,0.4271000027656555
YOR005C,YML006C,0,-5.418,0.18597561120986938,0.9760000109672546,0.42719998955726624
YNL245C,YPL221W,0,-5.418413,0.18594017624855042,0.9760000109672546,0.42730000615119934
YOR204W,YPL065W,0,-5.420556,0.18590475618839264,0.9760000109672546,0.42739999294281006
YKR036C,YMR177W,0,-5.421798,0.18586935102939606,0.9760000109672546,0.42750000953674316
YJR158W,YMR046C,0,-5.4224997,0.18583396077156067,0.9760000109672546,0.4275999963283539
YER009W,YBR111W-A,0,-5.4228935,0.18579858541488647,0.9760000109672546,0.427700012922287
YHR050W,YCL005W-A,0,-5.4230003,0.18576322495937347,0.9760000109672546,0.4277999997138977
YBL016W,YOR156C,0,-5.4230413,0.18572787940502167,0.9760000109672546,0.4278999865055084
YDL113C,YOR113W,0,-5.423628,0.18569254875183105,0.9760000109672546,0.42800000309944153
YDL161W,YOR381W,0,-5.4240637,0.18565721809864044,0.9760000109672546,0.42809998989105225
YDR142C,YML069W,0,-5.4240866,0.18562190234661102,0.9760000109672546,0.42820000648498535
YPL140C,YHR206W,0,-5.4242716,0.185586616396904,0.9760000109672546,0.42829999327659607
YBR195C,YER070W,0,-5.4242926,0.18555133044719696,0.9760000109672546,0.4284000098705292
YHR206W,YKL070W,0,-5.424494,0.18551605939865112,0.9760000109672546,0.4284999966621399
YOR112W,YNL133C,0,-5.424609,0.18548080325126648,0.9760000109672546,0.428600013256073
YPR037C,YJL012C-A,0,-5.4252214,0.18544556200504303,0.9760000109672546,0.4287000000476837
YPR083W,YGR209C,0,-5.425433,0.18541033565998077,0.9760000109672546,0.42879998683929443
YAR003W,YJR135W-A,0,-5.4263916,0.1853751242160797,0.9760000109672546,0.42890000343322754
YBR205W,YDL002C,0,-5.4272137,0.18533991277217865,0.9760000109672546,0.42899999022483826
YNR017W,YJL080C,0,-5.4283195,0.18530473113059998,0.9760000109672546,0.42910000681877136
YEL060C,YLR005W,0,-5.4285927,0.1852695494890213,0.9760000109672546,0.4291999936103821
YNL055C,YML038C,0,-5.428937,0.18523438274860382,0.9760000109672546,0.4293000102043152
YDR255C,YBR126C,0,-5.42903,0.18519924581050873,0.9760000109672546,0.4293999969959259
YHR089C,YHR186C,0,-5.4301734,0.18516410887241364,0.9760000109672546,0.429500013589859
YOL077W-A,YDR218C,0,-5.430702,0.18512898683547974,0.9760000109672546,0.4296000003814697
YPL078C,YLR394W,0,-5.4318895,0.18509387969970703,0.9760000109672546,0.42969998717308044
YLR220W,YKL042W,0,-5.432736,0.18505877256393433,0.9760000109672546,0.42980000376701355
YGL150C,YKL070W,0,-5.4333286,0.185023695230484,0.9760000109672546,0.42989999055862427
YOR160W,YGL207W,0,-5.4342456,0.18498863279819489,0.9760000109672546,0.4300000071525574
YGL191W,YKL093W,0,-5.4365835,0.18495357036590576,0.9760000109672546,0.4300999939441681
YHR124W,YHR205W,0,-5.437178,0.18491852283477783,0.9760000109672546,0.4302000105381012
YOR373W,YKR101W,0,-5.437775,0.1848835051059723,0.9760000109672546,0.4302999973297119
YLR340W,YEL031W,0,-5.439,0.18484848737716675,0.9760000109672546,0.430400013923645
YBL020W,YOR195W,0,-5.4392166,0.1848134845495224,0.9760000109672546,0.43050000071525574
YPR057W,YPL139C,0,-5.439988,0.18477849662303925,0.9760000109672546,0.43059998750686646
YOR386W,YBR088C,0,-5.440045,0.18474352359771729,0.9760000109672546,0.43070000410079956
YOR257W,YDR180W,0,-5.440238,0.18470855057239532,0.9760000109672546,0.4307999908924103
YAL009W,YLR466W,0,-5.4405527,0.18467360734939575,0.9760000109672546,0.4309000074863434
YLR131C,YDR484W,0,-5.4406395,0.18463866412639618,0.9760000109672546,0.4309999942779541
YNL020C,YBR055C,0,-5.4407887,0.184603750705719,0.9760000109672546,0.4311000108718872
YER161C,YOR142W-A,0,-5.440816,0.1845688372850418,0.9760000109672546,0.4311999976634979
YOR130C,YDL076C,0,-5.4413633,0.18453393876552582,0.9760000109672546,0.43130001425743103
YDL029W,YLR376C,0,-5.4416566,0.18449905514717102,0.9760000109672546,0.43140000104904175
YMR184W,YGL236C,0,-5.4423327,0.18446418642997742,0.9760000109672546,0.43149998784065247
YMR224C,YDR386W,0,-5.4426374,0.184429332613945,0.9760000109672546,0.43160000443458557
YCR072C,YDR261W-B,0,-5.4428062,0.1843944787979126,0.9760000109672546,0.4316999912261963
YPR200C,YGL210W,0,-5.443413,0.18435965478420258,0.9760000109672546,0.4318000078201294
YFL003C,YJR127C,0,-5.445321,0.18432483077049255,0.9760000109672546,0.4318999946117401
YBR207W,YOR308C,0,-5.44639,0.18429003655910492,0.9760000109672546,0.4320000112056732
YJL116C,YNL090W,0,-5.4469776,0.18425524234771729,0.9760000109672546,0.43209999799728394
YNL332W,YDL224C,0,-5.4489803,0.18422046303749084,0.9760000109672546,0.43220001459121704
YPR017C,YDR116C,0,-5.4489956,0.1841856986284256,0.9760000109672546,0.43230000138282776
YOR388C,YKL134C,0,-5.449089,0.18415094912052155,0.9760000109672546,0.4323999881744385
YDL164C,YDL224C,0,-5.4494667,0.1841161996126175,0.9760000109672546,0.4325000047683716
YJL047C,YNL272C,0,-5.4495106,0.18408147990703583,0.9760000109672546,0.4325999915599823
YBR135W,YLL013C,0,-5.4496613,0.18404676020145416,0.9760000109672546,0.4327000081539154
YIL109C,YDR092W,0,-5.449954,0.18401207029819489,0.9760000109672546,0.4327999949455261
YOL127W,YLR403W,0,-5.4504437,0.1839773803949356,0.9760000109672546,0.43290001153945923
YLR390W-A,YHR111W,0,-5.4508457,0.18394270539283752,0.9760000109672546,0.43299999833106995
YJL039C,YFL060C,0,-5.451318,0.18390804529190063,0.9760000109672546,0.43309998512268066
YLL006W,YJL080C,0,-5.4522395,0.18387340009212494,0.9760000109672546,0.43320000171661377
YLR309C,YER117W,0,-5.453128,0.18383876979351044,0.9760000109672546,0.4332999885082245
YOR198C,YKL034W,0,-5.4534464,0.18380413949489594,0.9760000109672546,0.4334000051021576
YOR198C,YNL049C,0,-5.4534774,0.18376953899860382,0.9760000109672546,0.4334999918937683
YDR039C,YPR189W,0,-5.4535046,0.1837349385023117,0.9760000109672546,0.4336000084877014
YCR031C,YER138C,0,-5.454605,0.1837003529071808,0.9760000109672546,0.43369999527931213
YDR461W,YHR120W,0,-5.4553976,0.18366578221321106,0.9760000109672546,0.43380001187324524
YLR115W,YDL230W,0,-5.4555087,0.18363122642040253,0.9760000109672546,0.43389999866485596
YER052C,YDL120W,0,-5.455607,0.1835966855287552,0.9760000109672546,0.4339999854564667
YGR142W,YOR153W,0,-5.456115,0.18356215953826904,0.9760000109672546,0.4341000020503998
YNL031C,YPR041W,0,-5.4574785,0.1835276484489441,0.9760000109672546,0.4341999888420105
YDL154W,YDR515W,0,-5.457543,0.18349313735961914,0.9760000109672546,0.4343000054359436
YHR186C,YGR132C,0,-5.4576836,0.18345864117145538,0.9760000109672546,0.4343999922275543
YPR138C,YPL147W,0,-5.457988,0.183424174785614,0.9760000109672546,0.4345000088214874
YCL039W,YGR244C,0,-5.4588857,0.18338970839977264,0.9760000109672546,0.43459999561309814
YML036W,YMR234W,0,-5.459097,0.18335525691509247,0.9760000109672546,0.43470001220703125
YOL130W,YPL055C,0,-5.459107,0.1833208054304123,0.9760000109672546,0.43479999899864197
YDL076C,YDR310C,0,-5.4591084,0.1832863837480545,0.9760000109672546,0.4348999857902527
YIL115C,YHR178W,0,-5.4591208,0.1832519769668579,0.9760000109672546,0.4350000023841858
YNL023C,YDR283C,0,-5.459533,0.18321757018566132,0.9760000109672546,0.4350999891757965
YIL049W,YJR040W,0,-5.459606,0.18318317830562592,0.9760000109672546,0.4352000057697296
YLR347C,YDR308C,0,-5.460058,0.1831488013267517,0.9760000109672546,0.43529999256134033
YDL024C,YPL124W,0,-5.460235,0.1831144392490387,0.9760000109672546,0.43540000915527344
YLR303W,YML034W,0,-5.4602633,0.18308009207248688,0.9760000109672546,0.43549999594688416
YAL044C,YOR386W,0,-5.4603233,0.18304575979709625,0.9760000109672546,0.43560001254081726
YCL027W,YOL100W,0,-5.4618745,0.18301144242286682,0.9760000109672546,0.435699999332428
YLR141W,YKL014C,0,-5.462091,0.1829771250486374,0.9760000109672546,0.4357999861240387
YER105C,YGL045W,0,-5.4645576,0.18294283747673035,0.9760000109672546,0.4359000027179718
YHL025W,YML033W,0,-5.4646773,0.1829085499048233,0.9760000109672546,0.4359999895095825
YKL019W,YNR034W,0,-5.465047,0.18287427723407745,0.9760000109672546,0.4361000061035156
YDR524C,YER108C,0,-5.465472,0.1828400194644928,0.9760000109672546,0.43619999289512634
YER164W,YPL203W,0,-5.4657717,0.18280576169490814,0.9760000109672546,0.43630000948905945
YOR307C,YJL113W,0,-5.470806,0.18277153372764587,0.9760000109672546,0.43639999628067017
YGR132C,YDR126W,0,-5.472103,0.1827373206615448,0.9760000109672546,0.43650001287460327
YDR046C,YPL125W,0,-5.4721203,0.18270310759544373,0.9760000109672546,0.436599999666214
YML110C,YDR281C,0,-5.472154,0.18266890943050385,0.9760000109672546,0.4366999864578247
YER167W,YKL042W,0,-5.473563,0.18263472616672516,0.9760000109672546,0.4368000030517578
YPL037C,YDR174W,0,-5.4737773,0.18260055780410767,0.9760000109672546,0.43689998984336853
YLR115W,YLR006C,0,-5.4737897,0.18256640434265137,0.9760000109672546,0.43700000643730164
YBR065C,YPL123C,0,-5.474044,0.18253226578235626,0.9760000109672546,0.43709999322891235
YBR020W,YIL017C,0,-5.4745398,0.18249812722206116,0.9760000109672546,0.43720000982284546
YML058W-A,YNL082W,0,-5.4756737,0.18246401846408844,0.9760000109672546,0.4372999966144562
YPL253C,YPL065W,0,-5.4764113,0.18242990970611572,0.9760000109672546,0.4374000132083893
YHR099W,YOR192C-A,0,-5.4765816,0.1823958158493042,0.9760000109672546,0.4375
YLL036C,YKL038W,0,-5.4770856,0.18236173689365387,0.9760000109672546,0.4375999867916107
YDL007W,YAR008W,0,-5.477463,0.18232767283916473,0.9760000109672546,0.4377000033855438
YML011C,YDL080C,0,-5.478424,0.1822936087846756,0.9760000109672546,0.43779999017715454
YOR386W,YCL020W,0,-5.4788527,0.18225957453250885,0.9760000109672546,0.43790000677108765
YFR046C,YCL016C,0,-5.479239,0.1822255402803421,0.9760000109672546,0.43799999356269836
YJL034W,YML010W,0,-5.4794393,0.18219152092933655,0.9760000109672546,0.43810001015663147
YPR102C,YNL213C,0,-5.4797683,0.1821575164794922,0.9760000109672546,0.4381999969482422
YBR260C,YPR198W,0,-5.4800043,0.18212352693080902,0.9760000109672546,0.4383000135421753
YHR059W,YOR290C,0,-5.480075,0.18208955228328705,0.9760000109672546,0.438400000333786
YBR103W,YKL214C,0,-5.4809303,0.18205559253692627,0.9760000109672546,0.43849998712539673
YOL116W,YBR169C,0,-5.48143,0.1820216327905655,0.9760000109672546,0.43860000371932983
YMR182C,YML027W,0,-5.4814844,0.1819876879453659,0.9760000109672546,0.43869999051094055
YER142C,YDR146C,0,-5.4822764,0.1819537729024887,0.9760000109672546,0.43880000710487366
YAL044C,YOR145C,0,-5.4837894,0.1819198578596115,0.9760000109672546,0.4388999938964844
YAR014C,YEL017C-A,0,-5.4838057,0.18188594281673431,0.9760000109672546,0.4390000104904175
YPL119C,YMR106C,0,-5.484103,0.1818520575761795,0.9760000109672546,0.4390999972820282
YGL119W,YER052C,0,-5.48435,0.1818181872367859,0.9760000109672546,0.4392000138759613
YPL060W,YIL143C,0,-5.4846034,0.18178431689739227,0.9760000109672546,0.439300000667572
YBR244W,YPL145C,0,-5.4849124,0.18175046145915985,0.9760000109672546,0.43939998745918274
YBR164C,YHR171W,0,-5.485347,0.18171662092208862,0.9760000109672546,0.43950000405311584
YBR009C,YNL025C,0,-5.48569,0.1816827952861786,0.9760000109672546,0.43959999084472656
YFL018C,YNL154C,0,-5.487406,0.18164898455142975,0.9760000109672546,0.43970000743865967
YMR038C,YML129C,0,-5.487583,0.1816151887178421,0.9760000109672546,0.4397999942302704
YBL051C,YBR171W,0,-5.4877977,0.18158139288425446,0.9760000109672546,0.4399000108242035
YDL209C,YGR027W-A,0,-5.4880257,0.181547611951828,0.9760000109672546,0.4399999976158142
YDR021W,YJL042W,0,-5.4881067,0.18151386082172394,0.9760000109672546,0.4401000142097473
YBL061C,YNL044W,0,-5.4881196,0.18148010969161987,0.9760000109672546,0.44020000100135803
YPL265W,YBL061C,0,-5.4890423,0.1814463585615158,0.9760000109672546,0.44029998779296875
YGR220C,YCR012W,0,-5.4905043,0.18141263723373413,0.9760000109672546,0.44040000438690186
YER107C,YHR214C-C,0,-5.49053,0.18137893080711365,0.9760000109672546,0.4404999911785126
YHR203C,YLR224W,0,-5.49131,0.18134522438049316,0.9760000109672546,0.4406000077724457
YBL030C,YBR097W,0,-5.4923954,0.18131153285503387,0.9760000109672546,0.4406999945640564
YML129C,YOR140W,0,-5.492722,0.18127785623073578,0.9760000109672546,0.4408000111579895
YMR043W,YGL025C,0,-5.494356,0.18124419450759888,0.9760000109672546,0.4408999979496002
YEL056W,YIL147C,0,-5.4943647,0.18121054768562317,0.9760000109672546,0.4410000145435333
YOL082W,YMR045C,0,-5.4945993,0.18117690086364746,0.9760000109672546,0.44110000133514404
YIL010W,YIL053W,0,-5.494676,0.18114328384399414,0.9760000109672546,0.44119998812675476
YDR054C,YML124C,0,-5.494813,0.18110966682434082,0.9760000109672546,0.44130000472068787
YOR160W,YLL002W,0,-5.494983,0.1810760647058487,0.9760000109672546,0.4413999915122986
YNL278W,YGL200C,0,-5.495633,0.18104247748851776,0.9760000109672546,0.4415000081062317
YDL046W,YNL047C,0,-5.4956512,0.18100890517234802,0.9760000109672546,0.4415999948978424
YOL126C,YMR214W,0,-5.496215,0.18097533285617828,0.9760000109672546,0.4417000114917755
YNL231C,YDR018C,1,-5.4963064,0.1811271756887436,0.9769999980926514,0.4417000114917755
YDR214W,YOR140W,0,-5.4970207,0.18109360337257385,0.9769999980926514,0.44179999828338623
YDR081C,YML092C,0,-5.4971895,0.1810600459575653,0.9769999980926514,0.44190001487731934
YFL003C,YKR055W,0,-5.4983406,0.18102650344371796,0.9769999980926514,0.44200000166893005
YOR005C,YJL019W,0,-5.4984937,0.1809929609298706,0.9769999980926514,0.44209998846054077
YJL058C,YIR026C,0,-5.498609,0.18095943331718445,0.9769999980926514,0.4422000050544739
YEL003W,YHR026W,0,-5.498909,0.18092592060565948,0.9769999980926514,0.4422999918460846
YMR021C,YDR192C,0,-5.4990473,0.18089242279529572,0.9769999980926514,0.4424000084400177
YJR158W,YMR235C,0,-5.4991035,0.18085893988609314,0.9769999980926514,0.4424999952316284
YJL085W,YBR293W,0,-5.4997125,0.18082547187805176,0.9769999980926514,0.4426000118255615
YMR037C,YFL002C,0,-5.499804,0.18079200387001038,0.9769999980926514,0.44269999861717224
YDR372C,YIL029C,0,-5.5018973,0.1807585507631302,0.9769999980926514,0.44279998540878296
YBR145W,YDR116C,0,-5.502347,0.1807251274585724,0.9769999980926514,0.44290000200271606
YER177W,YLR403W,0,-5.5023584,0.1806916892528534,0.9769999980926514,0.4429999887943268
YIL010W,YKL048C,0,-5.5041466,0.1806582808494568,0.9769999980926514,0.4431000053882599
YLL006W,YIL066C,0,-5.5053,0.18062488734722137,0.9769999980926514,0.4431999921798706
YDL002C,YCR073W-A,0,-5.5055466,0.18059149384498596,0.9769999980926514,0.4433000087738037
YKR063C,YGL053W,0,-5.5069494,0.18055811524391174,0.9769999980926514,0.44339999556541443
YJR089W,YPR036W,0,-5.5075836,0.1805247664451599,0.9769999980926514,0.44350001215934753
YML075C,YPR173C,1,-5.507841,0.1806761473417282,0.9779999852180481,0.44350001215934753
YNR067C,YFL018C,0,-5.5095253,0.18064278364181519,0.9779999852180481,0.44359999895095825
YOL139C,YDL039C,0,-5.513512,0.18060941994190216,0.9779999852180481,0.44369998574256897
YBR167C,YOR172W,0,-5.513916,0.18057607114315033,0.9779999852180481,0.4438000023365021
YIR028W,YHR099W,0,-5.513944,0.1805427372455597,0.9779999852180481,0.4438999891281128
YLR405W,YKR050W,0,-5.514716,0.18050941824913025,0.9779999852180481,0.4440000057220459
YDL019C,YBL017C,0,-5.515095,0.1804760992527008,0.9779999852180481,0.4440999925136566
YIL070C,YLR026C,0,-5.5164557,0.18044281005859375,0.9779999852180481,0.4442000091075897
YLR453C,YKL051W,0,-5.516527,0.1804095208644867,0.9779999852180481,0.44429999589920044
YKL154W,YHR048W,0,-5.5172305,0.18037624657154083,0.9779999852180481,0.44440001249313354
YOR207C,YKL203C,0,-5.5173726,0.18034298717975616,0.9779999852180481,0.44449999928474426
YHL022C,YLR362W,0,-5.5174513,0.1803097277879715,0.9779999852180481,0.444599986076355
YFL017W-A,YER005W,0,-5.5184317,0.18027649819850922,0.9779999852180481,0.4447000026702881
YDL019C,YOR308C,0,-5.5185356,0.18024326860904694,0.9779999852180481,0.4447999894618988
YGL032C,YGR082W,0,-5.5188904,0.18021005392074585,0.9779999852180481,0.4449000060558319
YDL115C,YOR313C,0,-5.5192432,0.18017685413360596,0.9779999852180481,0.4449999928474426
YDL117W,YPR067W,0,-5.5193453,0.18014366924762726,0.9779999852180481,0.44510000944137573
YER147C,YBR173C,0,-5.521531,0.18011049926280975,0.9779999852180481,0.44519999623298645
YDR513W,YKR087C,0,-5.5219984,0.18007732927799225,0.9779999852180481,0.44530001282691956
YLR363C,YFR040W,0,-5.5223913,0.18004418909549713,0.9779999852180481,0.4453999996185303
YNL317W,YBL100W-B,0,-5.523952,0.18001104891300201,0.9779999852180481,0.445499986410141
YER045C,YPL180W,0,-5.525627,0.1799779236316681,0.9779999852180481,0.4456000030040741
YPL228W,YGL027C,0,-5.526192,0.17994479835033417,0.9779999852180481,0.4456999897956848
YOR207C,YKL070W,0,-5.526224,0.17991170287132263,0.9779999852180481,0.4458000063896179
YER109C,YJR119C,0,-5.526959,0.1798786073923111,0.9779999852180481,0.44589999318122864
YOL012C,YLR055C,0,-5.527505,0.17984552681446075,0.9779999852180481,0.44600000977516174
YHR053C,YMR287C,0,-5.528314,0.1798124611377716,0.9779999852180481,0.44609999656677246
YJR108W,YLR115W,0,-5.528386,0.17977941036224365,0.9779999852180481,0.44620001316070557
YER172C,YGR206W,0,-5.529675,0.1797463744878769,0.9779999852180481,0.4462999999523163
YGR092W,YNL037C,0,-5.530429,0.17971333861351013,0.9779999852180481,0.446399986743927
YHR108W,YBR186W,0,-5.53156,0.17968031764030457,0.9779999852180481,0.4465000033378601
YPL248C,YOL088C,0,-5.532588,0.1796473115682602,0.9779999852180481,0.4465999901294708
YJL012C,YLL017W,0,-5.533097,0.17961432039737701,0.9779999852180481,0.44670000672340393
YPL270W,YNR013C,0,-5.533314,0.17958134412765503,0.9779999852180481,0.44679999351501465
YLR069C,YML011C,0,-5.5338554,0.17954836785793304,0.9779999852180481,0.44690001010894775
YPL271W,YHR181W,0,-5.5342455,0.17951542139053345,0.9779999852180481,0.44699999690055847
YLR060W,YEL042W,0,-5.5356693,0.17948247492313385,0.9779999852180481,0.4471000134944916
YDR512C,YJR158W,0,-5.5363083,0.17944954335689545,0.9779999852180481,0.4472000002861023
YDL209C,YLR134W,0,-5.5365286,0.17941662669181824,0.9779999852180481,0.447299987077713
YNL029C,YMR060C,0,-5.537117,0.17938371002674103,0.9779999852180481,0.4474000036716461
YDR300C,YFR004W,0,-5.537573,0.1793508231639862,0.9779999852180481,0.44749999046325684
YNL227C,YNL015W,0,-5.5376825,0.17931793630123138,0.9779999852180481,0.44760000705718994
YDR384C,YOL111C,0,-5.5376883,0.17928506433963776,0.9779999852180481,0.44769999384880066
YFR009W,YJR027W,0,-5.53916,0.17925219237804413,0.9779999852180481,0.44780001044273376
YNR017W,YGR158C,0,-5.5396256,0.1792193502187729,0.9779999852180481,0.4478999972343445
YPL160W,YHR005C-A,0,-5.539913,0.17918650805950165,0.9779999852180481,0.4480000138282776
YMR263W,YDL225W,0,-5.5404606,0.1791536957025528,0.9779999852180481,0.4481000006198883
YJR156C,YIL029C,0,-5.5416484,0.17912088334560394,0.9779999852180481,0.448199987411499
YKL005C,YDR281C,0,-5.5418663,0.17908808588981628,0.9779999852180481,0.44830000400543213
YMR168C,YGR222W,0,-5.542593,0.17905528843402863,0.9779999852180481,0.44839999079704285
YGL210W-A,YDR083W,0,-5.5427184,0.17902252078056335,0.9779999852180481,0.44850000739097595
YGR144W,YCL005W-A,0,-5.5435376,0.17898975312709808,0.9779999852180481,0.44859999418258667
YBL006C,YAR035W,0,-5.5436997,0.178957000374794,0.9779999852180481,0.4487000107765198
YML081C-A,YDL209C,0,-5.5437117,0.17892426252365112,0.9779999852180481,0.4487999975681305
YJL186W,YBR087W,0,-5.545521,0.17889152467250824,0.9779999852180481,0.4489000141620636
YPR017C,YLR448W,0,-5.5473323,0.17885881662368774,0.9779999852180481,0.4490000009536743
YPL190C,YNL251C,0,-5.5481195,0.17882610857486725,0.9779999852180481,0.44909998774528503
YPL147W,YBR283C,0,-5.5486536,0.17879341542720795,0.9779999852180481,0.44920000433921814
YJL033W,YLR026C,0,-5.548735,0.17876073718070984,0.9779999852180481,0.44929999113082886
YEL022W,YER123W,0,-5.5487747,0.17872807383537292,0.9779999852180481,0.44940000772476196
YBL045C,YMR232W,0,-5.549057,0.178695410490036,0.9779999852180481,0.4494999945163727
YKR026C,YJL056C,0,-5.5490656,0.1786627620458603,0.9779999852180481,0.4496000111103058
YIL110W,YDL039C,0,-5.5495486,0.17863014340400696,0.9779999852180481,0.4496999979019165
YDR207C,YHL009C,0,-5.549673,0.17859750986099243,0.9779999852180481,0.4498000144958496
YDR065W,YOR129C,0,-5.549717,0.1785649061203003,0.9779999852180481,0.4499000012874603
YCR082W,YLR424W,0,-5.5515924,0.17853231728076935,0.9779999852180481,0.44999998807907104
YBR073W,YJR029W,0,-5.551626,0.1784997284412384,0.9779999852180481,0.45010000467300415
YOR150W,YDL006W,0,-5.5518064,0.17846715450286865,0.9779999852180481,0.45019999146461487
YMR011W,YDR335W,0,-5.55208,0.1784345954656601,0.9779999852180481,0.450300008058548
YNL020C,YDL093W,0,-5.552145,0.17840203642845154,0.9779999852180481,0.4503999948501587
YLR318W,YML121W,0,-5.5531197,0.17836950719356537,0.9779999852180481,0.4505000114440918
YGL104C,YKL214C,0,-5.5533533,0.1783369779586792,0.9779999852180481,0.4505999982357025
YFL011W,YOR308C,0,-5.553466,0.17830446362495422,0.9779999852180481,0.4507000148296356
YER083C,YOR098C,0,-5.553761,0.17827196419239044,0.9779999852180481,0.45080000162124634
YCL027W,YBR034C,0,-5.5547824,0.17823947966098785,0.9779999852180481,0.45089998841285706
YAL059W,YGR077C,0,-5.555695,0.17820699512958527,0.9779999852180481,0.45100000500679016
YFR027W,YCR018C,0,-5.5563173,0.17817452549934387,0.9779999852180481,0.4510999917984009
YKL208W,YOR187W,0,-5.5570593,0.17814207077026367,0.9779999852180481,0.451200008392334
YOR207C,YLR126C,0,-5.5570602,0.17810963094234467,0.9779999852180481,0.4512999951839447
YGL027C,YML124C,0,-5.5572853,0.17807720601558685,0.9779999852180481,0.4514000117778778
YOR171C,YBL039C,1,-5.5574303,0.17822682857513428,0.9789999723434448,0.4514000117778778
YGL113W,YJR045C,0,-5.5587897,0.17819438874721527,0.9789999723434448,0.4514999985694885
YKR068C,YJL194W,0,-5.56042,0.17816196382045746,0.9789999723434448,0.45159998536109924
YJR131W,YML093W,0,-5.56104,0.17812955379486084,0.9789999723434448,0.45170000195503235
YBL079W,YBR080C,0,-5.562475,0.17809714376926422,0.9789999723434448,0.45179998874664307
YPL242C,YER082C,0,-5.562573,0.1780647486448288,0.9789999723434448,0.45190000534057617
YER183C,YNL227C,0,-5.562977,0.17803236842155457,0.9789999723434448,0.4519999921321869
YJL116C,YBL017C,0,-5.563549,0.17800000309944153,0.9789999723434448,0.45210000872612
YNL253W,YNR048W,0,-5.5649433,0.1779676377773285,0.9789999723434448,0.4521999955177307
YDR099W,YNL233W,0,-5.5655384,0.17793530225753784,0.9789999723434448,0.4523000121116638
YHL047C,YBL088C,0,-5.565915,0.1779029667377472,0.9789999723434448,0.45239999890327454
YER056C,YKL028W,0,-5.566173,0.17787064611911774,0.9789999723434448,0.45249998569488525
YNL332W,YDL080C,0,-5.5667596,0.17783832550048828,0.9789999723434448,0.45260000228881836
YFL033C,YLR166C,0,-5.5671387,0.1778060346841812,0.9789999723434448,0.4526999890804291
YDR472W,YDR495C,0,-5.5672407,0.17777374386787415,0.9789999723434448,0.4528000056743622
YDR384C,YER165W,0,-5.5673532,0.17774146795272827,0.9789999723434448,0.4528999924659729
YOR380W,YDR078C,0,-5.5679674,0.1777092069387436,0.9789999723434448,0.453000009059906
YKL191W,YLR106C,0,-5.5680885,0.1776769459247589,0.9789999723434448,0.4530999958515167
YMR264W,YFL003C,0,-5.5681887,0.17764471471309662,0.9789999723434448,0.45320001244544983
YDL029W,YJL198W,0,-5.56825,0.17761248350143433,0.9789999723434448,0.45329999923706055
YDL161W,YNL332W,0,-5.568845,0.17758026719093323,0.9789999723434448,0.45339998602867126
YBL079W,YKL203C,0,-5.569726,0.17754806578159332,0.9789999723434448,0.45350000262260437
YJL071W,YPL096W,0,-5.5697975,0.17751586437225342,0.9789999723434448,0.4535999894142151
YDR378C,YER120W,0,-5.5699787,0.1774836778640747,0.9789999723434448,0.4537000060081482
YJL021C,YMR150C,0,-5.569985,0.1774515062570572,0.9789999723434448,0.4537999927997589
YDR258C,YKL051W,0,-5.570485,0.17741934955120087,0.9789999723434448,0.453900009393692
YOR112W,YMR192W,0,-5.5715313,0.17738720774650574,0.9789999723434448,0.45399999618530273
YNL199C,YCR071C,0,-5.571775,0.1773550659418106,0.9789999723434448,0.45410001277923584
YGL178W,YFR040W,0,-5.572403,0.17732295393943787,0.9789999723434448,0.45419999957084656
YEL027W,YMR182C,0,-5.573188,0.17729084193706512,0.9789999723434448,0.4542999863624573
YPR093C,YDR192C,0,-5.5740576,0.17725872993469238,0.9789999723434448,0.4544000029563904
YPR049C,YPL151C,0,-5.574585,0.17722664773464203,0.9789999723434448,0.4544999897480011
YLR286C,YPL188W,0,-5.5757427,0.17719456553459167,0.9789999723434448,0.4546000063419342
YCR071C,YEL004W,0,-5.575942,0.17716249823570251,0.9789999723434448,0.4546999931335449
YNL099C,YNL139C,0,-5.5759964,0.17713044583797455,0.9789999723434448,0.454800009727478
YER020W,YNL131W,0,-5.57625,0.17709840834140778,0.9789999723434448,0.45489999651908875
YML116W,YML058W,0,-5.576733,0.177066370844841,0.9789999723434448,0.45500001311302185
YFR008W,YLR148W,0,-5.5772924,0.17703436315059662,0.9789999723434448,0.45509999990463257
YOR023C,YNL210W,0,-5.5779905,0.17700235545635223,0.9789999723434448,0.4551999866962433
YBR193C,YDR140W,0,-5.578021,0.17697034776210785,0.9789999723434448,0.4553000032901764
YLR361C,YMR219W,0,-5.578123,0.17693836987018585,0.9789999723434448,0.4553999900817871
YNL118C,YGL226C-A,0,-5.5783253,0.17690639197826385,0.9789999723434448,0.4555000066757202
YAL023C,YFL008W,0,-5.5791087,0.17687442898750305,0.9789999723434448,0.45559999346733093
YER159C,YDR227W,0,-5.5803804,0.17684248089790344,0.9789999723434448,0.45570001006126404
YDL117W,YGR285C,0,-5.580782,0.17681054770946503,0.9789999723434448,0.45579999685287476
YDL145C,YML129C,0,-5.5809174,0.1767786145210266,0.9789999723434448,0.45590001344680786
YLR418C,YPL130W,0,-5.580984,0.17674671113491058,0.9789999723434448,0.4560000002384186
YLL036C,YNR015W,0,-5.5815115,0.17671480774879456,0.9789999723434448,0.4560999870300293
YNR001C,YLR466W,0,-5.5821495,0.17668290436267853,0.9789999723434448,0.4562000036239624
YMR060C,YPL253C,0,-5.582443,0.1766510307788849,0.9789999723434448,0.4562999904155731
YIL110W,YKR052C,0,-5.58299,0.17661915719509125,0.9789999723434448,0.4564000070095062
YIL132C,YBR021W,0,-5.583938,0.1765872985124588,0.9789999723434448,0.45649999380111694
YKR036C,YDR165W,0,-5.584219,0.17655545473098755,0.9789999723434448,0.45660001039505005
YOR023C,YDR218C,0,-5.584223,0.1765236258506775,0.9789999723434448,0.45669999718666077
YOR257W,YPL096W,0,-5.584895,0.17649179697036743,0.9789999723434448,0.45680001378059387
YLR286C,YNL318C,0,-5.585541,0.17645998299121857,0.9789999723434448,0.4569000005722046
YOR005C,YOR231W,0,-5.5863976,0.1764281839132309,0.9789999723434448,0.4569999873638153
YDL087C,YNL149C,0,-5.586442,0.17639639973640442,0.9789999723434448,0.4571000039577484
YMR136W,YDR277C,0,-5.5865316,0.17636461555957794,0.9789999723434448,0.45719999074935913
YGR288W,YPL188W,0,-5.5868483,0.17633284628391266,0.9789999723434448,0.45730000734329224
YDL147W,YML034W,0,-5.586887,0.17630109190940857,0.9789999723434448,0.45739999413490295
YAL054C,YBL075C,0,-5.5869784,0.17626935243606567,0.9789999723434448,0.45750001072883606
YER172C,YBR012W-A,0,-5.5874414,0.17623762786388397,0.9789999723434448,0.4575999975204468
YOR005C,YGR129W,0,-5.587791,0.17620590329170227,0.9789999723434448,0.4577000141143799
YOL059W,YLL061W,0,-5.5882516,0.17617419362068176,0.9789999723434448,0.4578000009059906
YLR139C,YPL239W,0,-5.5889187,0.17614249885082245,0.9789999723434448,0.4578999876976013
YML130C,YML015C,0,-5.5890894,0.17611080408096313,0.9789999723434448,0.4580000042915344
YJL008C,YMR087W,0,-5.589252,0.1760791391134262,0.9789999723434448,0.45809999108314514
YML069W,YBR275C,0,-5.5895343,0.17604747414588928,0.9789999723434448,0.45820000767707825
YKL146W,YKR055W,0,-5.5895557,0.17601582407951355,0.9789999723434448,0.45829999446868896
YER183C,YGL183C,0,-5.590683,0.17598417401313782,0.9789999723434448,0.45840001106262207
YHR166C,YGR004W,0,-5.590782,0.17595255374908447,0.9789999723434448,0.4584999978542328
YPL086C,YDR310C,0,-5.591408,0.17592093348503113,0.9789999723434448,0.4586000144481659
YDR188W,YHR053C,0,-5.593292,0.17588932812213898,0.9789999723434448,0.4587000012397766
YOR244W,YBL050W,0,-5.5934114,0.17585773766040802,0.9789999723434448,0.45879998803138733
YGL180W,YDL154W,0,-5.5934577,0.17582614719867706,0.9789999723434448,0.45890000462532043
YNL167C,YML088W,0,-5.593995,0.1757945716381073,0.9789999723434448,0.45899999141693115
YGL020C,YOL004W,0,-5.5940275,0.17576301097869873,0.9789999723434448,0.45910000801086426
YMR199W,YBR214W,0,-5.5940843,0.17573146522045135,0.9789999723434448,0.459199994802475
YNL278W,YLL040C,0,-5.594179,0.17569993436336517,0.9789999723434448,0.4593000113964081
YDR517W,YOR054C,0,-5.595793,0.175668403506279,0.9789999723434448,0.4593999981880188
YOL143C,YOR076C,0,-5.5977793,0.175636887550354,0.9789999723434448,0.4595000147819519
YER167W,YML025C,0,-5.5987897,0.1756053864955902,0.9789999723434448,0.4596000015735626
YML006C,YOR290C,0,-5.599218,0.17557388544082642,0.9789999723434448,0.45969998836517334
YDR121W,YLR026C,0,-5.599223,0.17554239928722382,0.9789999723434448,0.45980000495910645
YLR115W,YDL085W,0,-5.6002116,0.1755109429359436,0.9789999723434448,0.45989999175071716
YGR089W,YKL025C,0,-5.60041,0.1754794716835022,0.9789999723434448,0.46000000834465027
YER027C,YDR219C,0,-5.601162,0.17544803023338318,0.9789999723434448,0.460099995136261
YGR256W,YJL138C,0,-5.601655,0.17541658878326416,0.9789999723434448,0.4602000117301941
YJR002W,YBR105C,0,-5.601658,0.17538516223430634,0.9789999723434448,0.4602999985218048
YJL157C,YLR165C,0,-5.6016974,0.1753537505865097,0.9789999723434448,0.4603999853134155
YDL175C,YDR364C,0,-5.6024666,0.17532235383987427,0.9789999723434448,0.46050000190734863
YCR058C,YAR008W,0,-5.602603,0.17529095709323883,0.9789999723434448,0.46059998869895935
YPR049C,YAL003W,0,-5.6043606,0.1752595752477646,0.9789999723434448,0.46070000529289246
YLR254C,YGL226C-A,0,-5.60452,0.17522820830345154,0.9789999723434448,0.4607999920845032
YAL003W,YJL087C,0,-5.6046195,0.17519685626029968,0.9789999723434448,0.4609000086784363
YPL228W,YER089C,0,-5.605096,0.17516550421714783,0.9789999723434448,0.460999995470047
YMR048W,YLR221C,0,-5.6052856,0.17513416707515717,0.9789999723434448,0.4611000120639801
YPL192C,YGR169C,0,-5.605615,0.1751028448343277,0.9789999723434448,0.4611999988555908
YDL236W,YLR059C,0,-5.60649,0.17507153749465942,0.9789999723434448,0.46129998564720154
YMR097C,YKL025C,0,-5.606729,0.17504023015499115,0.9789999723434448,0.46140000224113464
YJL178C,YDR529C,0,-5.606798,0.17500893771648407,0.9789999723434448,0.46149998903274536
YOL089C,YJR120W,0,-5.6073976,0.17497766017913818,0.9789999723434448,0.46160000562667847
YDL040C,YFR031C,0,-5.6079335,0.1749463975429535,0.9789999723434448,0.4616999924182892
YJR042W,YLR141W,0,-5.6082354,0.1749151349067688,0.9789999723434448,0.4618000090122223
YBR073W,YMR045C,0,-5.609299,0.1748838871717453,0.9789999723434448,0.461899995803833
YDR524C,YFL014W,0,-5.6095953,0.174852654337883,0.9789999723434448,0.4620000123977661
YAR044W,YDR065W,0,-5.6096034,0.1748214215040207,0.9789999723434448,0.46209999918937683
YBL013W,YKL088W,0,-5.6096497,0.17479021847248077,0.9789999723434448,0.46219998598098755
YNR058W,YOL059W,0,-5.610544,0.17475901544094086,0.9789999723434448,0.46230000257492065
YDR335W,YGR212W,0,-5.610553,0.17472782731056213,0.9789999723434448,0.46239998936653137
YJL214W,YOR272W,0,-5.610613,0.1746966391801834,0.9789999723434448,0.4625000059604645
YDR423C,YGL028C,0,-5.610953,0.17466548085212708,0.9789999723434448,0.4625999927520752
YOR209C,YHR012W,0,-5.611109,0.17463432252407074,0.9789999723434448,0.4627000093460083
YNL172W,YNL037C,0,-5.611802,0.1746031790971756,0.9789999723434448,0.462799996137619
YML067C,YGL004C,0,-5.6120243,0.17457203567028046,0.9789999723434448,0.4629000127315521
YOL021C,YOR380W,0,-5.612378,0.1745409220457077,0.9789999723434448,0.46299999952316284
YOL043C,YHL034C,0,-5.6125097,0.17450980842113495,0.9789999723434448,0.46309998631477356
YKR082W,YBR186W,0,-5.612714,0.1744787096977234,0.9789999723434448,0.46320000290870667
YJL026W,YER018C,0,-5.6130605,0.17444761097431183,0.9789999723434448,0.4632999897003174
YHR206W,YDR260C,0,-5.6133385,0.17441652715206146,0.9789999723434448,0.4634000062942505
YER016W,YER074W-A,0,-5.6133556,0.1743854582309723,0.9789999723434448,0.4634999930858612
YPL155C,YJR135C,0,-5.613558,0.1743544042110443,0.9789999723434448,0.4636000096797943
YGR004W,YGR241C,0,-5.6137605,0.17432336509227753,0.9789999723434448,0.46369999647140503
YML023C,YKL081W,0,-5.6137958,0.17429232597351074,0.9789999723434448,0.46380001306533813
YOR253W,YGL037C,0,-5.613988,0.17426130175590515,0.9789999723434448,0.46389999985694885
YER017C,YIL062C,0,-5.614155,0.17423029243946075,0.9789999723434448,0.46399998664855957
YDR388W,YDR356W,0,-5.614658,0.17419928312301636,0.9789999723434448,0.4641000032424927
YLL061W,YLR196W,0,-5.6148033,0.17416830360889435,0.9789999723434448,0.4641999900341034
YBR119W,YAR044W,0,-5.6159534,0.17413732409477234,0.9789999723434448,0.4643000066280365
YNL216W,YGR054W,0,-5.616596,0.17410634458065033,0.9789999723434448,0.4643999934196472
YMR073C,YLR016C,0,-5.6166143,0.1740753948688507,0.9789999723434448,0.4645000100135803
YNL068C,YER095W,0,-5.616893,0.1740444451570511,0.9789999723434448,0.46459999680519104
YER164W,YDR055W,0,-5.6174574,0.17401351034641266,0.9789999723434448,0.46470001339912415
YNL098C,YOR217W,0,-5.617468,0.17398259043693542,0.9789999723434448,0.46480000019073486
YOR160W,YKL040C,0,-5.6183696,0.1739516705274582,0.9789999723434448,0.4648999869823456
YLR160C,YFL059W,0,-5.620409,0.17392076551914215,0.9789999723434448,0.4650000035762787
YCR002C,YPL096W,0,-5.62055,0.1738898754119873,0.9789999723434448,0.4650999903678894
YLL042C,YFR009W,0,-5.620592,0.17385900020599365,0.9789999723434448,0.4652000069618225
YPL018W,YER007W,0,-5.621331,0.173828125,0.9789999723434448,0.4652999937534332
YJL201W,YJL034W,0,-5.622037,0.17379726469516754,0.9789999723434448,0.46540001034736633
YGL051W,YKL082C,0,-5.622216,0.17376641929149628,0.9789999723434448,0.46549999713897705
YOR260W,YJR059W,0,-5.6223745,0.173735573887825,0.9789999723434448,0.46560001373291016
YPL140C,YLR424W,0,-5.6224117,0.17370475828647614,0.9789999723434448,0.4657000005245209
YIL072W,YGL252C,0,-5.6231165,0.17367394268512726,0.9789999723434448,0.4657999873161316
YDR200C,YER031C,0,-5.623145,0.17364314198493958,0.9789999723434448,0.4659000039100647
YPL169C,YJL056C,0,-5.6240845,0.1736123412847519,0.9789999723434448,0.4659999907016754
YGR178C,YJL203W,0,-5.6240892,0.1735815554857254,0.9789999723434448,0.4661000072956085
YEL016C,YEL004W,0,-5.624699,0.1735507845878601,0.9789999723434448,0.46619999408721924
YLR191W,YDR409W,0,-5.6248074,0.173520028591156,0.9789999723434448,0.46630001068115234
YCL014W,YPR083W,0,-5.6250734,0.1734892725944519,0.9789999723434448,0.46639999747276306
YOL042W,YDR501W,0,-5.6254473,0.1734585464000702,0.9789999723434448,0.46650001406669617
YLR401C,YGL210W-A,0,-5.625858,0.17342780530452728,0.9789999723434448,0.4666000008583069
YMR172W,YPR073C,0,-5.626171,0.17339709401130676,0.9789999723434448,0.4666999876499176
YPR041W,YCL033C,0,-5.6264114,0.17336638271808624,0.9789999723434448,0.4668000042438507
YNL021W,YPL180W,0,-5.62706,0.1733357012271881,0.9789999723434448,0.4668999910354614
YBR073W,YDR280W,0,-5.627534,0.17330500483512878,0.9789999723434448,0.46700000762939453
YDL223C,YJL198W,0,-5.6279507,0.17327433824539185,0.9789999723434448,0.46709999442100525
YBL097W,YNL079C,0,-5.628216,0.1732436716556549,0.9789999723434448,0.46720001101493835
YAL056W,YKR001C,0,-5.6290236,0.17321301996707916,0.9789999723434448,0.4672999978065491
YOR240W,YLR008C,0,-5.6298323,0.1731823831796646,0.9789999723434448,0.4674000144004822
YJR108W,YBR106W,0,-5.630636,0.17315174639225006,0.9789999723434448,0.4675000011920929
YGR206W,YHR205W,0,-5.631206,0.1731211245059967,0.9789999723434448,0.4675999879837036
YOR156C,YBR127C,0,-5.6322966,0.17309051752090454,0.9789999723434448,0.4677000045776367
YOR267C,YDL044C,0,-5.632779,0.17305992543697357,0.9789999723434448,0.46779999136924744
YOL051W,YKL186C,0,-5.6339865,0.1730293333530426,0.9789999723434448,0.46790000796318054
YHR094C,YJR026W,0,-5.6352024,0.17299875617027283,0.9789999723434448,0.46799999475479126
YPL270W,YGR094W,0,-5.6355286,0.17296819388866425,0.9789999723434448,0.46810001134872437
YIL076W,YOR027W,0,-5.6356697,0.17293764650821686,0.9789999723434448,0.4681999981403351
YJR033C,YIL022W,0,-5.6357193,0.17290709912776947,0.9789999723434448,0.4683000147342682
YLR059C,YNL047C,0,-5.636364,0.17287656664848328,0.9789999723434448,0.4684000015258789
YDL126C,YOR173W,0,-5.63715,0.17284604907035828,0.9789999723434448,0.4684999883174896
YPL265W,YDL120W,0,-5.6373096,0.17281553149223328,0.9789999723434448,0.46860000491142273
YBR145W,YOL121C,0,-5.637439,0.17278502881526947,0.9789999723434448,0.46869999170303345
YBL013W,YOR329C,0,-5.6385183,0.17275454103946686,0.9789999723434448,0.46880000829696655
YNR033W,YCL017C,0,-5.6393933,0.17272406816482544,0.9789999723434448,0.46889999508857727
YPL214C,YGL095C,0,-5.639719,0.17269359529018402,0.9789999723434448,0.4690000116825104
YDL200C,YBL103C,0,-5.639719,0.1726631373167038,0.9789999723434448,0.4690999984741211
YPR020W,YMR163C,0,-5.639846,0.17263269424438477,0.9789999723434448,0.4691999852657318
YLR254C,YDR276C,0,-5.639877,0.17260225117206573,0.9789999723434448,0.4693000018596649
YCR088W,YIR010W,0,-5.6403847,0.1725718379020691,0.9789999723434448,0.46939998865127563
YGR097W,YMR201C,0,-5.640421,0.17254140973091125,0.9789999723434448,0.46950000524520874
YDR425W,YDR092W,0,-5.6404448,0.1725110113620758,0.9789999723434448,0.46959999203681946
YGR171C,YDR362C,0,-5.6405478,0.17248061299324036,0.9789999723434448,0.46970000863075256
YDR299W,YNL037C,0,-5.640646,0.1724502444267273,0.9789999723434448,0.4697999954223633
YJL011C,YLR139C,0,-5.641349,0.17241986095905304,0.9789999723434448,0.4699000120162964
YGL180W,YLR075W,0,-5.641551,0.17238950729370117,0.9789999723434448,0.4699999988079071
YDR299W,YBL051C,0,-5.6417856,0.1723591536283493,0.9789999723434448,0.4700999855995178
YCL051W,YER007W,0,-5.64192,0.17232881486415863,0.9789999723434448,0.4702000021934509
YKL120W,YAR009C,0,-5.642116,0.17229849100112915,0.9789999723434448,0.47029998898506165
YOR208W,YPL208W,0,-5.6425314,0.17226816713809967,0.9789999723434448,0.47040000557899475
YKL084W,YGR047C,0,-5.642944,0.17223785817623138,0.9789999723434448,0.47049999237060547
YNL328C,YBR193C,0,-5.6433673,0.1722075641155243,0.9789999723434448,0.4706000089645386
YJR033C,YDR212W,0,-5.6446004,0.1721772849559784,0.9789999723434448,0.4706999957561493
YBL019W,YOR130C,0,-5.6452456,0.1721470057964325,0.9789999723434448,0.4708000123500824
YOR127W,YLR166C,0,-5.6465626,0.1721167415380478,0.9789999723434448,0.4708999991416931
YDL100C,YOR328W,0,-5.646576,0.17208647727966309,0.9789999723434448,0.47099998593330383
YDL111C,YDR306C,0,-5.6466913,0.17205624282360077,0.9789999723434448,0.47110000252723694
YLR175W,YNL293W,0,-5.646719,0.17202600836753845,0.9789999723434448,0.47119998931884766
YER095W,YDR027C,0,-5.6471457,0.17199578881263733,0.9789999723434448,0.47130000591278076
YBR217W,YDR400W,0,-5.6471734,0.1719655692577362,0.9789999723434448,0.4713999927043915
YPL190C,YHR070W,0,-5.648809,0.17193536460399628,0.9789999723434448,0.4715000092983246
YDL226C,YML104C,0,-5.648881,0.17190517485141754,0.9789999723434448,0.4715999960899353
YCL014W,YKL189W,0,-5.648923,0.171875,0.9789999723434448,0.4717000126838684
YLR429W,YKR076W,0,-5.6507807,0.17184482514858246,0.9789999723434448,0.4717999994754791
YLR051C,YPL022W,0,-5.6533403,0.1718146651983261,0.9789999723434448,0.47189998626708984
YPR175W,YLR346C,0,-5.6540823,0.17178452014923096,0.9789999723434448,0.47200000286102295
YGR238C,YDR515W,0,-5.65458,0.171754390001297,0.9789999723434448,0.47209998965263367
YJR083C,YDL019C,0,-5.6550827,0.17172425985336304,0.9789999723434448,0.4722000062465668
YLR350W,YBL030C,0,-5.6550856,0.17169414460659027,0.9789999723434448,0.4722999930381775
YOR079C,YBL052C,0,-5.6550894,0.1716640293598175,0.9789999723434448,0.4724000096321106
YNL031C,YMR153W,0,-5.655216,0.17163394391536713,0.9789999723434448,0.4724999964237213
YPR134W,YLR272C,0,-5.6552696,0.17160385847091675,0.9789999723434448,0.4726000130176544
YGL033W,YMR047C,0,-5.6553206,0.17157378792762756,0.9789999723434448,0.47269999980926514
YEL016C,YPR009W,0,-5.655966,0.17154371738433838,0.9789999723434448,0.47279998660087585
YFL024C,YDL224C,0,-5.6564684,0.1715136617422104,0.9789999723434448,0.47290000319480896
YJL110C,YGL244W,0,-5.6572948,0.1714836210012436,0.9789999723434448,0.4729999899864197
YGL124C,YJL117W,0,-5.657738,0.171453595161438,0.9789999723434448,0.4731000065803528
YDR385W,YLR324W,0,-5.6583915,0.17142356932163239,0.9789999723434448,0.4731999933719635
YDL101C,YOR266W,0,-5.6584253,0.17139355838298798,0.9789999723434448,0.4733000099658966
YOR099W,YEL053C,0,-5.6584673,0.17136356234550476,0.9789999723434448,0.4733999967575073
YBR217W,YNL297C,0,-5.659044,0.17133356630802155,0.9789999723434448,0.47350001335144043
YER052C,YBL079W,0,-5.659672,0.17130358517169952,0.9789999723434448,0.47360000014305115
YIL120W,YDR159W,0,-5.6602407,0.1712736189365387,0.9789999723434448,0.47369998693466187
YAL054C,YOR274W,0,-5.6603093,0.17124365270137787,0.9789999723434448,0.47380000352859497
YJL128C,YJL138C,0,-5.6606965,0.17121371626853943,0.9789999723434448,0.4738999903202057
YDR378C,YDR205W,0,-5.6609025,0.171183779835701,0.9789999723434448,0.4740000069141388
YBR135W,YOL021C,0,-5.66175,0.17115384340286255,0.9789999723434448,0.4740999937057495
YML006C,YDL128W,0,-5.661807,0.1711239367723465,0.9789999723434448,0.4742000102996826
YJR042W,YNL243W,0,-5.662609,0.17109403014183044,0.9789999723434448,0.47429999709129333
YPL132W,YDL185W,0,-5.663087,0.1710641235113144,0.9789999723434448,0.47440001368522644
YPR102C,YIL082W-A,0,-5.6634727,0.17103424668312073,0.9789999723434448,0.47450000047683716
YBR210W,YNL292W,0,-5.663581,0.17100436985492706,0.9789999723434448,0.4745999872684479
YER111C,YLR466W,0,-5.6636243,0.1709745079278946,0.9789999723434448,0.474700003862381
YIL142W,YMR045C,0,-5.6638927,0.17094464600086212,0.9789999723434448,0.4747999906539917
YNL111C,YMR298W,1,-5.663991,0.17108938097953796,0.9800000190734863,0.4747999906539917
YNL037C,YDR393W,0,-5.6641474,0.1710595190525055,0.9800000190734863,0.4749000072479248
YBL102W,YOR110W,0,-5.6642346,0.17102967202663422,0.9800000190734863,0.4749999940395355
YLR450W,YDR018C,1,-5.664466,0.1711743175983429,0.9810000061988831,0.4749999940395355
YJL006C,YNL046W,0,-5.6661243,0.17114445567131042,0.9810000061988831,0.47510001063346863
YOL151W,YJL176C,0,-5.6661887,0.17111459374427795,0.9810000061988831,0.47519999742507935
YBR145W,YLR045C,0,-5.66665,0.17108476161956787,0.9810000061988831,0.47530001401901245
YBR278W,YBR083W,0,-5.666786,0.1710549294948578,0.9810000061988831,0.47540000081062317
YDL020C,YCR073W-A,0,-5.6671343,0.1710250973701477,0.9810000061988831,0.4754999876022339
YKR083C,YDL190C,0,-5.6673,0.17099529504776,0.9810000061988831,0.475600004196167
YDR378C,YKL197C,0,-5.6676087,0.17096549272537231,0.9810000061988831,0.4756999909877777
YIL040W,YOL094C,0,-5.6684747,0.1709357053041458,0.9810000061988831,0.4758000075817108
YOL021C,YHR004C,0,-5.6690755,0.1709059178829193,0.9810000061988831,0.47589999437332153
YBR059C,YNL047C,0,-5.669938,0.1708761602640152,0.9810000061988831,0.47600001096725464
YEL009C,YOR156C,0,-5.6699505,0.1708463877439499,0.9810000061988831,0.47609999775886536
YLR451W,YLR130C,0,-5.6703157,0.17081664502620697,0.9810000061988831,0.47620001435279846
YGR238C,YDR156W,0,-5.670953,0.17078690230846405,0.9810000061988831,0.4763000011444092
YJL203W,YGL022W,0,-5.671868,0.17075717449188232,0.9810000061988831,0.4763999879360199
YNR060W,YIL063C,0,-5.672224,0.1707274615764618,0.9810000061988831,0.476500004529953
YOR095C,YPR032W,0,-5.6726427,0.17069774866104126,0.9810000061988831,0.4765999913215637
YPR049C,YBR024W,0,-5.6727657,0.17066806554794312,0.9810000061988831,0.4767000079154968
YJL101C,YJL019W,0,-5.673865,0.17063836753368378,0.9810000061988831,0.47679999470710754
YGL127C,YIL022W,0,-5.6742,0.17060869932174683,0.9810000061988831,0.47690001130104065
YBR040W,YDR113C,0,-5.6749206,0.17057903110980988,0.9810000061988831,0.47699999809265137
YGL017W,YDR300C,0,-5.675851,0.17054937779903412,0.9810000061988831,0.4771000146865845
YCL060C,YMR097C,0,-5.6760774,0.17051972448825836,0.9810000061988831,0.4772000014781952
YIL105C,YHR099W,0,-5.676342,0.170490100979805,0.9810000061988831,0.4772999882698059
YDR099W,YIL034C,0,-5.677118,0.17046046257019043,0.9810000061988831,0.477400004863739
YNL210W,YOL080C,0,-5.677293,0.17043085396289825,0.9810000061988831,0.47749999165534973
YGR104C,YBR223C,0,-5.677737,0.17040124535560608,0.9810000061988831,0.47760000824928284
YDR252W,YOR112W,0,-5.6779118,0.1703716516494751,0.9810000061988831,0.47769999504089355
YJR050W,YDL116W,0,-5.678797,0.1703420728445053,0.9810000061988831,0.47780001163482666
YIL153W,YLL040C,0,-5.6789446,0.17031249403953552,0.9810000061988831,0.4778999984264374
YBR049C,YDR485C,0,-5.6798487,0.17028293013572693,0.9810000061988831,0.4779999852180481
YMR150C,YPL063W,0,-5.68042,0.17025338113307953,0.9810000061988831,0.4781000018119812
YER014C-A,YIR017C,0,-5.6823397,0.17022384703159332,0.9810000061988831,0.4781999886035919
YKR101W,YLR035C-A,0,-5.6826,0.17019431293010712,0.9810000061988831,0.478300005197525
YKL191W,YKL074C,0,-5.6837583,0.1701647937297821,0.9810000061988831,0.47839999198913574
YER052C,YGR222W,0,-5.6839695,0.1701352745294571,0.9810000061988831,0.47850000858306885
YLR201C,YGL104C,0,-5.6853228,0.17010577023029327,0.9810000061988831,0.47859999537467957
YOR371C,YMR241W,0,-5.6856375,0.17007628083229065,0.9810000061988831,0.47870001196861267
YBL099W,YOR148C,0,-5.6858897,0.17004680633544922,0.9810000061988831,0.4787999987602234
YNR060W,YKR090W,0,-5.6858945,0.1700173318386078,0.9810000061988831,0.4788999855518341
YJL071W,YBL061C,0,-5.686005,0.16998787224292755,0.9810000061988831,0.4790000021457672
YKL146W,YDR364C,0,-5.6862397,0.16995841264724731,0.9810000061988831,0.47909998893737793
YML104C,YNL160W,0,-5.686281,0.16992898285388947,0.9810000061988831,0.47920000553131104
YNR035C,YKL022C,0,-5.6876755,0.16989955306053162,0.9810000061988831,0.47929999232292175
YDR343C,YNL121C,0,-5.687787,0.16987012326717377,0.9810000061988831,0.47940000891685486
YGR103W,YOR018W,0,-5.6882844,0.1698407232761383,0.9810000061988831,0.4794999957084656
YGR097W,YAL011W,0,-5.6884613,0.16981132328510284,0.9810000061988831,0.4796000123023987
YDL181W,YDR292C,0,-5.6888247,0.16978193819522858,0.9810000061988831,0.4796999990940094
YDR343C,YHL009C,0,-5.689231,0.1697525531053543,0.9810000061988831,0.4797999858856201
YPR112C,YGR211W,0,-5.6904373,0.16972318291664124,0.9810000061988831,0.4799000024795532
YHR059W,YNL090W,0,-5.6904516,0.16969382762908936,0.9810000061988831,0.47999998927116394
YNL245C,YNL127W,0,-5.690974,0.16966447234153748,0.9810000061988831,0.48010000586509705
YGL014W,YNL287W,0,-5.6916475,0.1696351319551468,0.9810000061988831,0.48019999265670776
YOL021C,YDR483W,0,-5.6932526,0.1696058064699173,0.9810000061988831,0.48030000925064087
YNL166C,YFR036W,0,-5.6940355,0.169576495885849,0.9810000061988831,0.4803999960422516
YDL074C,YGR142W,0,-5.694432,0.1695471853017807,0.9810000061988831,0.4805000126361847
YNL264C,YKL140W,1,-5.694631,0.16969068348407745,0.9819999933242798,0.4805000126361847
YCL010C,YPL129W,0,-5.695058,0.16966137290000916,0.9819999933242798,0.4805999994277954
YNL206C,YEL031W,0,-5.6961837,0.16963206231594086,0.9819999933242798,0.48069998621940613
YML023C,YFR029W,0,-5.6966786,0.16960276663303375,0.9819999933242798,0.48080000281333923
YDR427W,YHL012W,0,-5.6983385,0.16957347095012665,0.9819999933242798,0.48089998960494995
YJR090C,YMR011W,0,-5.698623,0.16954420506954193,0.9819999933242798,0.48100000619888306
YJR042W,YPR181C,0,-5.698841,0.16951493918895721,0.9819999933242798,0.4810999929904938
YER171W,YBR069C,0,-5.6988497,0.1694856733083725,0.9819999933242798,0.4812000095844269
YHR056C,YLR208W,0,-5.6993604,0.16945642232894897,0.9819999933242798,0.4812999963760376
YIL115C,YDL190C,0,-5.6997905,0.16942718625068665,0.9819999933242798,0.4814000129699707
YHR081W,YER087C-B,0,-5.7000427,0.1693979650735855,0.9819999933242798,0.4814999997615814
YFL036W,YNL126W,0,-5.700415,0.16936874389648438,0.9819999933242798,0.48159998655319214
YER068W,YOR150W,0,-5.701112,0.16933953762054443,0.9819999933242798,0.48170000314712524
YFR009W,YDR057W,0,-5.701255,0.16931034624576569,0.9819999933242798,0.48179998993873596
YIR041W,YIL017C,0,-5.7031736,0.16928115487098694,0.9819999933242798,0.48190000653266907
YNL273W,YDR131C,0,-5.7032795,0.16925197839736938,0.9819999933242798,0.4819999933242798
YDR178W,YDR131C,0,-5.7033463,0.16922281682491302,0.9819999933242798,0.4821000099182129
YDL085W,YOL124C,0,-5.704174,0.16919365525245667,0.9819999933242798,0.4821999967098236
YKL007W,YMR267W,0,-5.705241,0.1691645085811615,0.9819999933242798,0.4823000133037567
YPL192C,YDR175C,0,-5.7058825,0.16913537681102753,0.9819999933242798,0.48240000009536743
YDL101C,YER169W,0,-5.706718,0.16910624504089355,0.9819999933242798,0.48249998688697815
YEL009C,YDL047W,0,-5.706976,0.16907712817192078,0.9819999933242798,0.48260000348091125
YMR139W,YJL052W,0,-5.7081866,0.1690480262041092,0.9819999933242798,0.482699990272522
YDL231C,YCR040W,0,-5.708232,0.1690189391374588,0.9819999933242798,0.4828000068664551
YER114C,YLR136C,0,-5.7085834,0.1689898520708084,0.9819999933242798,0.4828999936580658
YHL038C,YHL012W,0,-5.7088065,0.16896076500415802,0.9819999933242798,0.4830000102519989
YDR385W,YMR134W,0,-5.709706,0.16893170773983002,0.9819999933242798,0.4830999970436096
YOL044W,YDR369C,0,-5.7106447,0.16890265047550201,0.9819999933242798,0.4832000136375427
YAL053W,YOR310C,0,-5.7113523,0.1688736081123352,0.9819999933242798,0.48330000042915344
YER104W,YMR322C,0,-5.711608,0.1688445657491684,0.9819999933242798,0.48339998722076416
YGR088W,YER109C,0,-5.711895,0.16881553828716278,0.9819999933242798,0.48350000381469727
YOL068C,YJR094C,0,-5.7124605,0.16878652572631836,0.9819999933242798,0.483599990606308
YJL178C,YCL010C,0,-5.7125893,0.16875751316547394,0.9819999933242798,0.4837000072002411
YDR283C,YNL129W,0,-5.7137003,0.1687285155057907,0.9819999933242798,0.4837999939918518
YJL183W,YNL283C,0,-5.714221,0.16869953274726868,0.9819999933242798,0.4839000105857849
YBR205W,YFL003C,0,-5.7142315,0.16867056488990784,0.9819999933242798,0.48399999737739563
YGR152C,YCL069W,0,-5.715576,0.168641597032547,0.9819999933242798,0.48410001397132874
YMR168C,YBR091C,0,-5.7159386,0.16861264407634735,0.9819999933242798,0.48420000076293945
YOR256C,YER031C,0,-5.7160177,0.1685836911201477,0.9819999933242798,0.48429998755455017
YKL079W,YLR316C,0,-5.716322,0.16855475306510925,0.9819999933242798,0.4844000041484833
YMR015C,YCL003W,1,-5.7168117,0.16869744658470154,0.9829999804496765,0.4844000041484833
YDR420W,YNL154C,0,-5.718281,0.1686684936285019,0.9829999804496765,0.484499990940094
YHR068W,YJL076W,0,-5.7188797,0.16863955557346344,0.9829999804496765,0.4846000075340271
YDL008W,YGL207W,0,-5.7190137,0.16861063241958618,0.9829999804496765,0.4846999943256378
YNL153C,YNR039C,0,-5.7192564,0.16858172416687012,0.9829999804496765,0.4848000109195709
YMR319C,YDR422C,0,-5.7195787,0.16855281591415405,0.9829999804496765,0.48489999771118164
YIL004C,YGR063C,0,-5.7195964,0.16852392256259918,0.9829999804496765,0.48500001430511475
YBR069C,YPL045W,0,-5.719708,0.1684950292110443,0.9829999804496765,0.48510000109672546
YOR373W,YFL045C,0,-5.7199726,0.16846615076065063,0.9829999804496765,0.4851999878883362
YKL160W,YCR073W-A,0,-5.7200413,0.16843728721141815,0.9829999804496765,0.4853000044822693
YER095W,YNR034W,0,-5.720452,0.16840842366218567,0.9829999804496765,0.48539999127388
YHL047C,YNL294C,0,-5.7206063,0.16837957501411438,0.9829999804496765,0.4855000078678131
YPR042C,YLR132C,0,-5.7208996,0.16835074126720428,0.9829999804496765,0.48559999465942383
YPL119C,YEL034W,0,-5.7223186,0.16832192242145538,0.9829999804496765,0.48570001125335693
YCL051W,YPL270W,0,-5.7227497,0.16829310357570648,0.9829999804496765,0.48579999804496765
YOL164W,YAL030W,0,-5.722933,0.16826429963111877,0.9829999804496765,0.48590001463890076
YDL090C,YPR187W,0,-5.7234154,0.16823549568653107,0.9829999804496765,0.4860000014305115
YNR049C,YDR218C,0,-5.724763,0.16820670664310455,0.9829999804496765,0.4860999882221222
YBL033C,YLR135W,0,-5.7251444,0.16817793250083923,0.9829999804496765,0.4862000048160553
YKL135C,YBR297W,0,-5.726257,0.1681491583585739,0.9829999804496765,0.486299991607666
YDR422C,YGL169W,0,-5.7263756,0.1681203991174698,0.9829999804496765,0.4864000082015991
YLR085C,YOR129C,0,-5.727367,0.16809165477752686,0.9829999804496765,0.48649999499320984
YGR024C,YDR484W,0,-5.728177,0.16806291043758392,0.9829999804496765,0.48660001158714294
YML033W,YML025C,0,-5.728567,0.16803418099880219,0.9829999804496765,0.48669999837875366
YFL024C,YDR439W,0,-5.7292833,0.16800546646118164,0.9829999804496765,0.4867999851703644
YJL021C,YBR296C,0,-5.729345,0.1679767668247223,0.9829999804496765,0.4869000017642975
YDL160C,YKL191W,0,-5.72976,0.16794806718826294,0.9829999804496765,0.4869999885559082
YKL093W,YLR292C,0,-5.730365,0.1679193675518036,0.9829999804496765,0.4871000051498413
YOR367W,YLR136C,0,-5.730651,0.16789069771766663,0.9829999804496765,0.487199991941452
YNL268W,YIL144W,0,-5.73088,0.16786202788352966,0.9829999804496765,0.48730000853538513
YGR246C,YNL247W,0,-5.7323933,0.1678333580493927,0.9829999804496765,0.48739999532699585
YHL047C,YHR083W,0,-5.732499,0.16780471801757812,0.9829999804496765,0.48750001192092896
YGL183C,YBL030C,0,-5.7326784,0.16777607798576355,0.9829999804496765,0.4875999987125397
YIL097W,YMR153W,0,-5.732812,0.16774743795394897,0.9829999804496765,0.4876999855041504
YCL051W,YPR036W,0,-5.734272,0.1677188128232956,0.9829999804496765,0.4878000020980835
YJR078W,YER108C,0,-5.734344,0.1676902025938034,0.9829999804496765,0.4878999888896942
YJL146W,YPL138C,0,-5.734412,0.1676616072654724,0.9829999804496765,0.4880000054836273
YGL051W,YMR241W,0,-5.73485,0.16763301193714142,0.9829999804496765,0.48809999227523804
YER051W,YDR081C,0,-5.734909,0.16760443150997162,0.9829999804496765,0.48820000886917114
YGL210W-A,YMR235C,0,-5.735204,0.167575865983963,0.9829999804496765,0.48829999566078186
YDR243C,YBR077C,0,-5.735279,0.1675473004579544,0.9829999804496765,0.48840001225471497
YHL002W,YAL023C,0,-5.736225,0.167518749833107,0.9829999804496765,0.4884999990463257
YGR163W,YIL135C,0,-5.737181,0.16749019920825958,0.9829999804496765,0.4885999858379364
YPR051W,YKL188C,0,-5.737269,0.16746166348457336,0.9829999804496765,0.4887000024318695
YDL069C,YOL033W,0,-5.7372723,0.16743314266204834,0.9829999804496765,0.4887999892234802
YJL156C,YDL038C,0,-5.7375946,0.1674046367406845,0.9829999804496765,0.48890000581741333
YDL099W,YER094C,0,-5.73857,0.16737613081932068,0.9829999804496765,0.48899999260902405
YLR453C,YLR043C,0,-5.7385807,0.16734763979911804,0.9829999804496765,0.48910000920295715
YBR195C,YDR238C,0,-5.739036,0.1673191487789154,0.9829999804496765,0.48919999599456787
YER083C,YOR018W,0,-5.739233,0.16729067265987396,0.9829999804496765,0.489300012588501
YHR187W,YOL031C,0,-5.7418866,0.1672622114419937,0.9829999804496765,0.4893999993801117
YGR171C,YOL055C,0,-5.742033,0.16723375022411346,0.9829999804496765,0.4894999861717224
YNR031C,YGR020C,0,-5.74223,0.1672053039073944,0.9829999804496765,0.4896000027656555
YGL244W,YDR362C,0,-5.742337,0.16717687249183655,0.9829999804496765,0.48969998955726624
YOR174W,YOR217W,0,-5.7427645,0.1671484410762787,0.9829999804496765,0.48980000615119934
YPL140C,YML011C,0,-5.7432027,0.16712002456188202,0.9829999804496765,0.48989999294281006
YGR006W,YGR116W,0,-5.7436748,0.16709162294864655,0.9829999804496765,0.49000000953674316
YMR021C,YGL136C,0,-5.7441826,0.16706322133541107,0.9829999804496765,0.4900999963283539
YBR136W,YBR100W,0,-5.7442446,0.1670348346233368,0.9829999804496765,0.490200012922287
YLR284C,YPL057C,1,-5.744295,0.16717635095119476,0.984000027179718,0.490200012922287
YMR309C,YEL057C,0,-5.744794,0.1671479493379593,0.984000027179718,0.4902999997138977
YKL220C,YOR191W,0,-5.7462006,0.167119562625885,0.984000027179718,0.4903999865055084
YPL021W,YER074W-A,0,-5.746212,0.16709119081497192,0.984000027179718,0.49050000309944153
YJL014W,YOR256C,0,-5.7462234,0.16706281900405884,0.984000027179718,0.49059998989105225
YGL150C,YBL033C,0,-5.746445,0.16703446209430695,0.984000027179718,0.49070000648498535
YLR157C,YCL032W,0,-5.747706,0.16700610518455505,0.984000027179718,0.49079999327659607
YNL136W,YML127W,0,-5.748051,0.16697776317596436,0.984000027179718,0.4909000098705292
YDL226C,YPR033C,0,-5.7482386,0.16694943606853485,0.984000027179718,0.4909999966621399
YMR276W,YBR080C,0,-5.7489767,0.16692112386226654,0.984000027179718,0.491100013256073
YGR003W,YLR139C,0,-5.7496624,0.16689281165599823,0.984000027179718,0.4912000000476837
YOR005C,YER126C,0,-5.7505927,0.1668645143508911,0.984000027179718,0.49129998683929443
YJL042W,YIR041W,0,-5.7506557,0.166836217045784,0.984000027179718,0.49140000343322754
YGR252W,YKR028W,0,-5.7507725,0.16680793464183807,0.984000027179718,0.49149999022483826
YEL063C,YLR129W,0,-5.7508326,0.16677966713905334,0.984000027179718,0.49160000681877136
YDR310C,YML040W,0,-5.750879,0.16675139963626862,0.984000027179718,0.4916999936103821
YPL227C,YDL217C,0,-5.7514825,0.16672314703464508,0.984000027179718,0.4918000102043152
YBR100W,YNL066W,0,-5.752431,0.16669489443302155,0.984000027179718,0.4918999969959259
YHL011C,YLL041C,0,-5.7532096,0.1666666716337204,0.984000027179718,0.492000013589859
YKL059C,YOL055C,0,-5.7532687,0.16663844883441925,0.984000027179718,0.4921000003814697
YLR265C,YML085C,0,-5.753809,0.1666102260351181,0.984000027179718,0.49219998717308044
YLR192C,YML115C,0,-5.753953,0.16658201813697815,0.984000027179718,0.49230000376701355
YKL170W,YKL035W,0,-5.7543173,0.1665538251399994,0.984000027179718,0.49239999055862427
YKL146W,YDR516C,0,-5.7554708,0.16652563214302063,0.984000027179718,0.4925000071525574
YOR007C,YML088W,0,-5.7564435,0.16649746894836426,0.984000027179718,0.4925999939441681
YFL057C,YGR222W,0,-5.756746,0.1664692908525467,0.984000027179718,0.4927000105381012
YBR069C,YJR026W,0,-5.756917,0.1664411425590515,0.984000027179718,0.4927999973297119
YMR186W,YLR329W,0,-5.7575846,0.16641299426555634,0.984000027179718,0.492900013923645
YAR019C,YFL017W-A,0,-5.7579875,0.16638484597206116,0.984000027179718,0.49300000071525574
YCR073W-A,YPL239W,0,-5.759989,0.16635672748088837,0.984000027179718,0.49309998750686646
YDR258C,YOL117W,0,-5.7600718,0.16632859408855438,0.984000027179718,0.49320000410079956
YGR284C,YDR177W,0,-5.7601857,0.16630049049854279,0.984000027179718,0.4932999908924103
YKR019C,YML049C,0,-5.7606287,0.1662723869085312,0.984000027179718,0.4934000074863434
YBR059C,YDL130W-A,0,-5.761732,0.1662442982196808,0.984000027179718,0.4934999942779541
YER006W,YPR055W,0,-5.762388,0.16621620953083038,0.984000027179718,0.4936000108718872
YAL059W,YDR432W,0,-5.7628765,0.16618815064430237,0.984000027179718,0.4936999976634979
YPR144C,YBL004W,0,-5.763337,0.16616007685661316,0.984000027179718,0.49380001425743103
YJL092W,YML115C,0,-5.7645526,0.16613203287124634,0.984000027179718,0.49390000104904175
YCR082W,YDR146C,0,-5.7646475,0.16610398888587952,0.984000027179718,0.49399998784065247
YJR059W,YGL058W,0,-5.7646694,0.1660759449005127,0.984000027179718,0.49410000443458557
YLR160C,YIL026C,0,-5.766303,0.16604793071746826,0.984000027179718,0.4941999912261963
YNL153C,YOR040W,0,-5.76637,0.16601990163326263,0.984000027179718,0.4943000078201294
YOR133W,YPL016W,0,-5.766478,0.1659919023513794,0.984000027179718,0.4943999946117401
YGR041W,YHR012W,0,-5.7668133,0.16596390306949615,0.984000027179718,0.4945000112056732
YBR072W,YEL013W,0,-5.767134,0.1659359186887741,0.984000027179718,0.49459999799728394
YOR005C,YGR112W,0,-5.7680864,0.16590793430805206,0.984000027179718,0.49470001459121704
YKL052C,YGR095C,0,-5.769125,0.1658799797296524,0.984000027179718,0.49480000138282776
YMR240C,YNL309W,0,-5.769162,0.16585201025009155,0.984000027179718,0.4948999881744385
YPR104C,YLR136C,0,-5.7697697,0.1658240705728531,0.984000027179718,0.4950000047683716
YLR055C,YHR178W,0,-5.769972,0.16579613089561462,0.984000027179718,0.4950999915599823
YPL031C,YER147C,0,-5.770554,0.16576819121837616,0.984000027179718,0.4952000081539154
YGL173C,YML032C,0,-5.770633,0.1657402664422989,0.984000027179718,0.4952999949455261
YCL043C,YJL035C,0,-5.774561,0.1657123565673828,0.984000027179718,0.49540001153945923
YER044C-A,YLR466W,0,-5.7753673,0.16568446159362793,0.984000027179718,0.49549999833106995
YNL129W,YDR145W,0,-5.7759953,0.16565656661987305,0.984000027179718,0.49559998512268066
YMR303C,YKL144C,0,-5.7763042,0.16562868654727936,0.984000027179718,0.49570000171661377
YKL059C,YKR037C,0,-5.77711,0.16560080647468567,0.984000027179718,0.4957999885082245
YPL200W,YPR111W,0,-5.777267,0.16557294130325317,0.984000027179718,0.4959000051021576
YEL032W,YLR084C,0,-5.777545,0.16554509103298187,0.984000027179718,0.4959999918937683
YOR344C,YPL019C,0,-5.7780275,0.16551724076271057,0.984000027179718,0.4961000084877014
YPL227C,YBL075C,0,-5.778083,0.16548940539360046,0.984000027179718,0.49619999527931213
YAL068C,YLR191W,0,-5.7789116,0.16546157002449036,0.984000027179718,0.49630001187324524
YKR019C,YOR327C,0,-5.779488,0.16543376445770264,0.984000027179718,0.49639999866485596
YOR267C,YHR150W,0,-5.7798433,0.16540594398975372,0.984000027179718,0.4964999854564667
YIL040W,YLR186W,0,-5.780464,0.1653781533241272,0.984000027179718,0.4966000020503998
YDR499W,YFL017W-A,0,-5.780517,0.16535036265850067,0.984000027179718,0.4966999888420105
YDR436W,YIL075C,0,-5.7807484,0.16532258689403534,0.984000027179718,0.4968000054359436
YJL010C,YCR018C,0,-5.78151,0.16529481112957,0.984000027179718,0.4968999922275543
YDL132W,YDL043C,0,-5.7816057,0.16526705026626587,0.984000027179718,0.4970000088214874
YLR376C,YML029W,0,-5.781837,0.16523928940296173,0.984000027179718,0.49709999561309814
YBL019W,YBL035C,0,-5.7821064,0.16521155834197998,0.984000027179718,0.49720001220703125
YNL127W,YDR097C,0,-5.783104,0.16518381237983704,0.984000027179718,0.49729999899864197
YGL174W,YGL073W,0,-5.783536,0.16515609622001648,0.984000027179718,0.4973999857902527
YPR102C,YDR103W,0,-5.783537,0.16512838006019592,0.984000027179718,0.4975000023841858
YER022W,YDR416W,0,-5.7844515,0.16510066390037537,0.984000027179718,0.4975999891757965
YKL022C,YCR033W,0,-5.78458,0.1650729775428772,0.984000027179718,0.4977000057697296
YNR074C,YOR340C,0,-5.7848277,0.16504529118537903,0.984000027179718,0.49779999256134033
YNL307C,YKL178C,0,-5.7849035,0.16501760482788086,0.984000027179718,0.49790000915527344
YJR105W,YHR031C,0,-5.7849674,0.16498993337154388,0.984000027179718,0.49799999594688416
YLR127C,YJL092W,0,-5.785281,0.1649622768163681,0.984000027179718,0.49810001254081726
YOL059W,YDL081C,0,-5.785285,0.16493463516235352,0.984000027179718,0.498199999332428
YDR121W,YML064C,0,-5.785755,0.16490699350833893,0.984000027179718,0.4982999861240387
YPL241C,YJL069C,0,-5.7873497,0.16487935185432434,0.984000027179718,0.4984000027179718
YOR037W,YGL006W,0,-5.7878623,0.16485174000263214,0.984000027179718,0.4984999895095825
YLR391W,YJL154C,0,-5.788,0.16482411324977875,0.984000027179718,0.4986000061035156
YKR002W,YNL149C,0,-5.788035,0.16479651629924774,0.984000027179718,0.49869999289512634
YDL209C,YML067C,0,-5.790146,0.16476891934871674,0.984000027179718,0.49880000948905945
YAL059W,YNL049C,0,-5.7912526,0.16474133729934692,0.984000027179718,0.49889999628067017
YOR244W,YDR176W,0,-5.7914486,0.1647137552499771,0.984000027179718,0.49900001287460327
YNL293W,YDR386W,0,-5.7917247,0.1646861881017685,0.984000027179718,0.499099999666214
YMR136W,YMR268C,0,-5.792692,0.16465863585472107,0.984000027179718,0.4991999864578247
YGR212W,YLR135W,0,-5.7929945,0.16463108360767365,0.984000027179718,0.4993000030517578
YLR381W,YNL297C,0,-5.7935257,0.16460354626178741,0.984000027179718,0.49939998984336853
YJL146W,YBL079W,0,-5.793848,0.16457600891590118,0.984000027179718,0.49950000643730164
YBL061C,YJL113W,0,-5.7946653,0.16454850137233734,0.984000027179718,0.49959999322891235
YMR299C,YBR293W,0,-5.795227,0.1645209789276123,0.984000027179718,0.49970000982284546
YLR286C,YLR254C,0,-5.7970734,0.16449348628520966,0.984000027179718,0.4997999966144562
YLR335W,YMR200W,0,-5.7976475,0.164465993642807,0.984000027179718,0.4999000132083893
YJL165C,YDR235W,0,-5.7993917,0.16443850100040436,0.984000027179718,0.5
YGL003C,YDL230W,0,-5.7994547,0.1644110232591629,0.984000027179718,0.5001000165939331
YDR477W,YEL026W,0,-5.8001404,0.16438356041908264,0.984000027179718,0.5001999735832214
YER164W,YPL151C,0,-5.800152,0.16435609757900238,0.984000027179718,0.5002999901771545
YAR014C,YER031C,0,-5.800358,0.1643286645412445,0.984000027179718,0.5004000067710876
YJR006W,YLR045C,0,-5.800536,0.16430121660232544,0.984000027179718,0.5005000233650208
YDL126C,YER149C,0,-5.8005843,0.16427378356456757,0.984000027179718,0.5005999803543091
YGL025C,YMR077C,0,-5.800627,0.1642463654279709,0.984000027179718,0.5006999969482422
YLR080W,YOR056C,0,-5.801815,0.1642189621925354,0.984000027179718,0.5008000135421753
YOL164W,YGR120C,0,-5.8026485,0.16419155895709991,0.984000027179718,0.5008999705314636
YNL331C,YJL139C,0,-5.8026557,0.16416417062282562,0.984000027179718,0.5009999871253967
YKL185W,YOR048C,0,-5.8027143,0.16413678228855133,0.984000027179718,0.5011000037193298
YOL012C,YKL081W,0,-5.803267,0.16410940885543823,0.984000027179718,0.5012000203132629
YCL034W,YPL122C,0,-5.8033133,0.16408203542232513,0.984000027179718,0.5012999773025513
YKR027W,YER031C,0,-5.80367,0.16405469179153442,0.984000027179718,0.5013999938964844
YGR286C,YOR308C,0,-5.8044863,0.16402733325958252,0.984000027179718,0.5015000104904175
YDR461W,YIL129C,0,-5.8049145,0.164000004529953,0.984000027179718,0.5016000270843506
YNL101W,YOL146W,0,-5.8060184,0.1639726758003235,0.984000027179718,0.5016999840736389
YFL018C,YBL100W-A,0,-5.8061204,0.16394534707069397,0.984000027179718,0.501800000667572
YPL194W,YKR063C,0,-5.8075275,0.16391804814338684,0.984000027179718,0.5019000172615051
YNR056C,YML023C,0,-5.8082542,0.16389073431491852,0.984000027179718,0.5019999742507935
YLR068W,YMR247C,0,-5.8088107,0.16386345028877258,0.984000027179718,0.5020999908447266
YKL108W,YLR006C,0,-5.8088574,0.16383616626262665,0.984000027179718,0.5022000074386597
YIL122W,YCL075W,0,-5.8091416,0.1638088822364807,0.984000027179718,0.5023000240325928
YCL001W,YPR182W,0,-5.8091655,0.16378162801265717,0.984000027179718,0.5023999810218811
YDR235W,YJL187C,0,-5.8092637,0.16375437378883362,0.984000027179718,0.5024999976158142
YIL072W,YLL011W,0,-5.8093033,0.16372711956501007,0.984000027179718,0.5026000142097473
YBR210W,YML060W,0,-5.8093657,0.16369988024234772,0.984000027179718,0.5026999711990356
YPR052C,YER178W,0,-5.809809,0.16367265582084656,0.984000027179718,0.5027999877929688
YLR215C,YKL043W,0,-5.8101845,0.1636454313993454,0.984000027179718,0.5029000043869019
YOR351C,YGR128C,0,-5.8109574,0.16361822187900543,0.984000027179718,0.503000020980835
YHR176W,YDR443C,0,-5.8117194,0.16359102725982666,0.984000027179718,0.5030999779701233
YCR027C,YJL093C,0,-5.812639,0.1635638326406479,0.984000027179718,0.5031999945640564
YLR039C,YGL162W,0,-5.8132477,0.1635366529226303,0.984000027179718,0.5033000111579895
YNL148C,YML124C,0,-5.813633,0.16350947320461273,0.984000027179718,0.5034000277519226
YMR044W,YKL110C,0,-5.8137918,0.16348230838775635,0.984000027179718,0.5034999847412109
YMR280C,YCR039C,0,-5.8142967,0.16345514357089996,0.984000027179718,0.503600001335144
YGL038C,YOR057W,0,-5.814517,0.16342800855636597,0.984000027179718,0.5037000179290771
YHR067W,YBL039C,1,-5.814744,0.16356691718101501,0.9850000143051147,0.5037000179290771
YOR038C,YFL003C,0,-5.815771,0.16353976726531982,0.9850000143051147,0.5037999749183655
YPL119C,YAL053W,0,-5.8159223,0.16351261734962463,0.9850000143051147,0.5038999915122986
YCL060C,YBR091C,0,-5.8161077,0.16348548233509064,0.9850000143051147,0.5040000081062317
YPL002C,YKR062W,0,-5.8177996,0.16345834732055664,0.9850000143051147,0.5041000247001648
YOR316C,YGL043W,0,-5.8179216,0.16343122720718384,0.9850000143051147,0.5041999816894531
YNL275W,YNL318C,0,-5.817931,0.16340410709381104,0.9850000143051147,0.5042999982833862
YOR380W,YER024W,0,-5.8182774,0.16337701678276062,0.9850000143051147,0.5044000148773193
YLR319C,YLL004W,0,-5.8188353,0.163349911570549,0.9850000143051147,0.5044999718666077
YPL060W,YGR080W,0,-5.8197575,0.1633228361606598,0.9850000143051147,0.5045999884605408
YOR122C,YAR035W,0,-5.8205047,0.16329576075077057,0.9850000143051147,0.5047000050544739
YPL119C,YDR272W,0,-5.8214397,0.16326868534088135,0.9850000143051147,0.504800021648407
YKL054C,YGR162W,0,-5.821461,0.16324162483215332,0.9850000143051147,0.5048999786376953
YLR189C,YLR372W,1,-5.822863,0.16338028013706207,0.9860000014305115,0.5048999786376953
YPL049C,YLL036C,0,-5.8230314,0.16335321962833405,0.9860000014305115,0.5049999952316284
YGR098C,YMR112C,0,-5.823327,0.16332615911960602,0.9860000014305115,0.5051000118255615
YDL029W,YHR027C,0,-5.823614,0.163299098610878,0.9860000014305115,0.5052000284194946
YBR260C,YOR290C,0,-5.8239813,0.16327206790447235,0.9860000014305115,0.505299985408783
YKL192C,YHR133C,1,-5.824751,0.16341058909893036,0.9869999885559082,0.505299985408783
YNL112W,YJL125C,0,-5.8249826,0.16338354349136353,0.9869999885559082,0.5054000020027161
YMR308C,YGR122W,0,-5.825437,0.1633564978837967,0.9869999885559082,0.5055000185966492
YOL003C,YPL085W,0,-5.8255568,0.16332946717739105,0.9869999885559082,0.5055999755859375
YLL043W,YGL136C,0,-5.826968,0.1633024513721466,0.9869999885559082,0.5056999921798706
YDR083W,YJR127C,0,-5.8271728,0.16327543556690216,0.9869999885559082,0.5058000087738037
YAL056W,YPR042C,0,-5.827617,0.1632484346628189,0.9869999885559082,0.5059000253677368
YOR026W,YBL064C,0,-5.8276615,0.16322143375873566,0.9869999885559082,0.5059999823570251
YLR220W,YKL203C,0,-5.828184,0.1631944477558136,0.9869999885559082,0.5060999989509583
YLR275W,YDL190C,0,-5.828451,0.16316746175289154,0.9869999885559082,0.5062000155448914
YBR055C,YNL248C,0,-5.829094,0.16314049065113068,0.9869999885559082,0.5062999725341797
YBR297W,YBR126C,0,-5.8298492,0.163113534450531,0.9869999885559082,0.5063999891281128
YNL148C,YOR320C,0,-5.8298955,0.16308657824993134,0.9869999885559082,0.5065000057220459
YNL251C,YPL122C,0,-5.8300962,0.16305963695049286,0.9869999885559082,0.506600022315979
YAL020C,YNL055C,0,-5.8310328,0.16303271055221558,0.9869999885559082,0.5066999793052673
YDR362C,YPL033C,0,-5.8310986,0.1630057841539383,0.9869999885559082,0.5067999958992004
YOR074C,YER018C,0,-5.8311634,0.162978857755661,0.9869999885559082,0.5069000124931335
YHR120W,YDR293C,0,-5.8313293,0.16295196115970612,0.9869999885559082,0.5070000290870667
YDL069C,YMR052W,0,-5.832313,0.16292506456375122,0.9869999885559082,0.507099986076355
YBL090W,YJR026W,0,-5.8327975,0.16289816796779633,0.9869999885559082,0.5072000026702881
YOR144C,YDR372C,0,-5.833254,0.16287128627300262,0.9869999885559082,0.5073000192642212
YCR047C,YNL145W,0,-5.833578,0.16284441947937012,0.9869999885559082,0.5073999762535095
YKL192C,YDR096W,1,-5.83372,0.1629825085401535,0.9879999756813049,0.5073999762535095
YJR050W,YJL116C,0,-5.833921,0.1629556268453598,0.9879999756813049,0.5074999928474426
YDR427W,YFL002C,0,-5.8355036,0.1629287600517273,0.9879999756813049,0.5076000094413757
YDL166C,YOR045W,0,-5.8357534,0.1629018932580948,0.9879999756813049,0.5077000260353088
YBR009C,YJR145C,0,-5.8357716,0.16287504136562347,0.9879999756813049,0.5077999830245972
YLR147C,YAL002W,0,-5.8361416,0.16284818947315216,0.9879999756813049,0.5078999996185303
YPR137W,YCR084C,0,-5.836227,0.16282135248184204,0.9879999756813049,0.5080000162124634
YGL241W,YOL010W,0,-5.836685,0.16279453039169312,0.9879999756813049,0.5080999732017517
YKL191W,YER111C,0,-5.8369203,0.1627677083015442,0.9879999756813049,0.5081999897956848
YLR008C,YPL029W,0,-5.837718,0.16274090111255646,0.9879999756813049,0.5083000063896179
YKL048C,YDR146C,0,-5.84007,0.16271409392356873,0.9879999756813049,0.508400022983551
YPR081C,YLR301W,0,-5.8405876,0.1626873016357422,0.9879999756813049,0.5084999799728394
YNL149C,YMR235C,0,-5.8408585,0.16266052424907684,0.9879999756813049,0.5085999965667725
YNL153C,YER123W,0,-5.841955,0.1626337468624115,0.9879999756813049,0.5087000131607056
YER107C,YMR112C,0,-5.842574,0.16260698437690735,0.9879999756813049,0.5088000297546387
YBL022C,YNL098C,0,-5.8443418,0.1625802218914032,0.9879999756813049,0.508899986743927
YLL006W,YDR453C,0,-5.8444037,0.16255347430706024,0.9879999756813049,0.5090000033378601
YNL153C,YPL120W,0,-5.844734,0.16252672672271729,0.9879999756813049,0.5091000199317932
YER105C,YHR014W,0,-5.8454237,0.16249999403953552,0.9879999756813049,0.5091999769210815
YDL002C,YGR020C,0,-5.8454833,0.16247327625751495,0.9879999756813049,0.5092999935150146
YMR268C,YFR033C,0,-5.845834,0.16244655847549438,0.9879999756813049,0.5094000101089478
YOR142W,YNL098C,0,-5.845932,0.162419855594635,0.9879999756813049,0.5095000267028809
YGL171W,YIL135C,0,-5.8473616,0.16239316761493683,0.9879999756813049,0.5095999836921692
YLL021W,YBR081C,0,-5.8473797,0.16236647963523865,0.9879999756813049,0.5097000002861023
YGL014W,YOR116C,0,-5.847479,0.16233979165554047,0.9879999756813049,0.5098000168800354
YHL019C,YOR132W,0,-5.847637,0.16231313347816467,0.9879999756813049,0.5098999738693237
YDR443C,YLL017W,0,-5.8478885,0.16228646039962769,0.9879999756813049,0.5099999904632568
YPL203W,YDL120W,0,-5.8483047,0.16225981712341309,0.9879999756813049,0.5101000070571899
YDL113C,YNL164C,0,-5.8483953,0.1622331738471985,0.9879999756813049,0.510200023651123
YPL233W,YDR425W,0,-5.8487463,0.1622065305709839,0.9879999756813049,0.5102999806404114
YML110C,YER052C,0,-5.8495398,0.16217990219593048,0.9879999756813049,0.5103999972343445
YPL130W,YKL081W,0,-5.849572,0.16215328872203827,0.9879999756813049,0.5105000138282776
YOL126C,YMR142C,0,-5.850008,0.16212667524814606,0.9879999756813049,0.5105999708175659
YML064C,YNL197C,0,-5.850209,0.16210007667541504,0.9879999756813049,0.510699987411499
YDL174C,YPL146C,0,-5.8504667,0.16207349300384521,0.9879999756813049,0.5108000040054321
YGL206C,YNL078W,0,-5.850818,0.1620469093322754,0.9879999756813049,0.5109000205993652
YDL102W,YCR012W,0,-5.8508334,0.16202034056186676,0.9879999756813049,0.5109999775886536
YJL194W,YNL213C,0,-5.850933,0.16199377179145813,0.9879999756813049,0.5110999941825867
YPL174C,YPL022W,0,-5.851701,0.1619672179222107,0.9879999756813049,0.5112000107765198
YHL025W,YGL232W,0,-5.8517103,0.16194066405296326,0.9879999756813049,0.5113000273704529
YFL029C,YLR192C,0,-5.8526993,0.16191412508487701,0.9879999756813049,0.5113999843597412
YOR145C,YAL001C,0,-5.852997,0.16188760101795197,0.9879999756813049,0.5115000009536743
YDR335W,YDR425W,0,-5.8533072,0.16186107695102692,0.9879999756813049,0.5116000175476074
YDR420W,YJL124C,0,-5.854004,0.16183456778526306,0.9879999756813049,0.5116999745368958
YDL080C,YHR106W,0,-5.8560677,0.1618080586194992,0.9879999756813049,0.5117999911308289
YPL031C,YJL059W,0,-5.856081,0.16178156435489655,0.9879999756813049,0.511900007724762
YAL040C,YMR239C,0,-5.856605,0.16175507009029388,0.9879999756813049,0.5120000243186951
YPL194W,YDR011W,0,-5.8566475,0.16172859072685242,0.9879999756813049,0.5120999813079834
YGL240W,YMR073C,0,-5.856883,0.16170212626457214,0.9879999756813049,0.5121999979019165
YMR250W,YNR031C,0,-5.856989,0.16167566180229187,0.9879999756813049,0.5123000144958496
YKL150W,YNL156C,1,-5.8575754,0.16181282699108124,0.9890000224113464,0.5123000144958496
YEL063C,YOR265W,0,-5.8578653,0.16178636252880096,0.9890000224113464,0.5123999714851379
YLL042C,YBR231C,0,-5.857965,0.1617598980665207,0.9890000224113464,0.512499988079071
YEL063C,YEL032W,0,-5.85837,0.1617334485054016,0.9890000224113464,0.5126000046730042
YDL035C,YNL268W,0,-5.8588085,0.16170699894428253,0.9890000224113464,0.5127000212669373
YGR247W,YHR176W,0,-5.859503,0.16168056428432465,0.9890000224113464,0.5127999782562256
YBR085W,YHR053C,0,-5.8600974,0.16165412962436676,0.9890000224113464,0.5128999948501587
YPL018W,YHR170W,0,-5.8620415,0.16162770986557007,0.9890000224113464,0.5130000114440918
YIL010W,YJR068W,0,-5.863158,0.16160130500793457,0.9890000224113464,0.5131000280380249
YMR247C,YDR170C,0,-5.8632097,0.16157490015029907,0.9890000224113464,0.5131999850273132
YNL008C,YHR119W,0,-5.8638077,0.16154851019382477,0.9890000224113464,0.5133000016212463
YJR060W,YNL078W,0,-5.8639936,0.16152213513851166,0.9890000224113464,0.5134000182151794
YOR198C,YLR401C,0,-5.8641067,0.16149576008319855,0.9890000224113464,0.5134999752044678
YPL241C,YBR167C,0,-5.864151,0.16146938502788544,0.9890000224113464,0.5135999917984009
YGL073W,YHR143W-A,0,-5.8645115,0.16144302487373352,0.9890000224113464,0.513700008392334
YLR190W,YJL210W,0,-5.864871,0.1614166796207428,0.9890000224113464,0.5138000249862671
YNL082W,YCR042C,0,-5.865064,0.16139033436775208,0.9890000224113464,0.5138999819755554
YLL038C,YGL249W,0,-5.865076,0.16136400401592255,0.9890000224113464,0.5139999985694885
YJL184W,YGL025C,0,-5.8652105,0.1613376885652542,0.9890000224113464,0.5141000151634216
YDR252W,YDL090C,0,-5.8655853,0.16131137311458588,0.9890000224113464,0.51419997215271
YHR089C,YPR073C,0,-5.866032,0.16128505766391754,0.9890000224113464,0.5142999887466431
YMR025W,YKR057W,0,-5.8662643,0.1612587571144104,0.9890000224113464,0.5144000053405762
YBL017C,YER111C,0,-5.8664036,0.16123247146606445,0.9890000224113464,0.5145000219345093
YFL057C,YHR068W,0,-5.866598,0.1612062007188797,0.9890000224113464,0.5145999789237976
YKL002W,YJL186W,0,-5.8667045,0.16117991507053375,0.9890000224113464,0.5146999955177307
YER045C,YOR230W,0,-5.8670397,0.1611536592245102,0.9890000224113464,0.5148000121116638
YBR133C,YCR106W,0,-5.868868,0.16112740337848663,0.9890000224113464,0.5149000287055969
YOL013C,YMR146C,0,-5.868946,0.16110116243362427,0.9890000224113464,0.5149999856948853
YOR144C,YDR131C,0,-5.869155,0.1610749214887619,0.9890000224113464,0.5151000022888184
YBR193C,YOR088W,0,-5.869398,0.16104869544506073,0.9890000224113464,0.5152000188827515
YER070W,YAL011W,0,-5.8699403,0.16102246940135956,0.9890000224113464,0.5152999758720398
YOR310C,YDR545W,0,-5.869969,0.16099625825881958,0.9890000224113464,0.5153999924659729
YKL149C,YOR332W,0,-5.87022,0.1609700471162796,0.9890000224113464,0.515500009059906
YPL255W,YML093W,0,-5.870879,0.16094385087490082,0.9890000224113464,0.5156000256538391
YOR034C,YML024W,0,-5.8728914,0.16091766953468323,0.9890000224113464,0.5156999826431274
YDL159W,YOR230W,0,-5.8732657,0.16089148819446564,0.9890000224113464,0.5157999992370605
YML116W,YBL105C,0,-5.873953,0.16086532175540924,0.9890000224113464,0.5159000158309937
YPL259C,YDL005C,0,-5.874485,0.16083915531635284,0.9890000224113464,0.515999972820282
YMR029C,YOR274W,0,-5.8752985,0.16081300377845764,0.9890000224113464,0.5160999894142151
YER053C,YGR074W,0,-5.875404,0.16078686714172363,0.9890000224113464,0.5162000060081482
YGL006W,YBR087W,0,-5.877493,0.16076073050498962,0.9890000224113464,0.5163000226020813
YDL117W,YOR030W,0,-5.8777394,0.16073459386825562,0.9890000224113464,0.5163999795913696
YJL042W,YGL162W,0,-5.8782125,0.160708487033844,0.9890000224113464,0.5164999961853027
YDR254W,YOR328W,0,-5.878232,0.16068236529827118,0.9890000224113464,0.5166000127792358
YGR040W,YKL176C,0,-5.878847,0.16065627336502075,0.9890000224113464,0.516700029373169
YGL047W,YOR028C,0,-5.8792577,0.16063018143177032,0.9890000224113464,0.5167999863624573
YJR047C,YPL019C,0,-5.8797913,0.1606040894985199,0.9890000224113464,0.5169000029563904
YDR480W,YER032W,0,-5.8801126,0.16057801246643066,0.9890000224113464,0.5170000195503235
YFL003C,YNL311C,0,-5.880584,0.16055195033550262,0.9890000224113464,0.5170999765396118
YGL171W,YLR212C,0,-5.882301,0.16052588820457458,0.9890000224113464,0.5171999931335449
YKR055W,YIL129C,0,-5.8824015,0.16049984097480774,0.9890000224113464,0.517300009727478
YPL051W,YKL043W,0,-5.8824964,0.1604737937450409,0.9890000224113464,0.5174000263214111
YDR071C,YHL009C,0,-5.8829036,0.16044776141643524,0.9890000224113464,0.5174999833106995
YNL287W,YPL016W,0,-5.8834057,0.1604217290878296,0.9890000224113464,0.5175999999046326
YOR274W,YJL109C,0,-5.884143,0.16039571166038513,0.9890000224113464,0.5177000164985657
YBR058C,YHR039C-A,0,-5.884164,0.16036970913410187,0.9890000224113464,0.517799973487854
YLR160C,YHR069C,0,-5.8844204,0.1603437066078186,0.9890000224113464,0.5178999900817871
YER155C,YOL021C,0,-5.8849263,0.16031771898269653,0.9890000224113464,0.5180000066757202
YOL088C,YJR028W,0,-5.885297,0.16029173135757446,0.9890000224113464,0.5181000232696533
YGL053W,YJL138C,0,-5.8861737,0.1602657586336136,0.9890000224113464,0.5181999802589417
YIL149C,YDL224C,0,-5.886565,0.1602397859096527,0.9890000224113464,0.5182999968528748
YOR250C,YGR082W,0,-5.8872147,0.16021382808685303,0.9890000224113464,0.5184000134468079
YNL232W,YAL042W,0,-5.8891172,0.16018788516521454,0.9890000224113464,0.5184999704360962
YNL290W,YOL091W,0,-5.889119,0.16016194224357605,0.9890000224113464,0.5185999870300293
YPL001W,YGL169W,0,-5.8892565,0.16013601422309875,0.9890000224113464,0.5187000036239624
YER108C,YDR178W,0,-5.889803,0.16011008620262146,0.9890000224113464,0.5188000202178955
YPL161C,YPR054W,0,-5.8906097,0.16008417308330536,0.9890000224113464,0.5188999772071838
YGL192W,YHR041C,0,-5.8906217,0.16005825996398926,0.9890000224113464,0.5189999938011169
YOL089C,YOR207C,0,-5.8927097,0.16003236174583435,0.9890000224113464,0.51910001039505
YDL007W,YJL093C,0,-5.8934608,0.16000647842884064,0.9890000224113464,0.5192000269889832
YML094W,YHR214C-B,0,-5.8939314,0.15998059511184692,0.9890000224113464,0.5192999839782715
YDR017C,YJL029C,0,-5.8954496,0.1599547117948532,0.9890000224113464,0.5194000005722046
YER106W,YER009W,0,-5.896664,0.1599288433790207,0.9890000224113464,0.5195000171661377
YPL265W,YPL224C,0,-5.8967357,0.15990298986434937,0.9890000224113464,0.519599974155426
YJL058C,YGR090W,0,-5.8969946,0.15987713634967804,0.9890000224113464,0.5196999907493591
YHL019C,YLR318W,0,-5.897315,0.1598512977361679,0.9890000224113464,0.5198000073432922
YLR362W,YAL002W,0,-5.8979273,0.15982547402381897,0.9890000224113464,0.5199000239372253
YGR086C,YMR059W,0,-5.897992,0.15979965031147003,0.9890000224113464,0.5199999809265137
YCR107W,YOR151C,0,-5.8980837,0.1597738265991211,0.9890000224113464,0.5200999975204468
YBL019W,YDR495C,0,-5.8981223,0.15974801778793335,0.9890000224113464,0.5202000141143799
YNL031C,YOR353C,0,-5.899116,0.1597222238779068,0.9890000224113464,0.5202999711036682
YML004C,YFL036W,0,-5.899666,0.15969642996788025,0.9890000224113464,0.5203999876976013
YNR027W,YMR240C,0,-5.901,0.1596706509590149,0.9890000224113464,0.5205000042915344
YPR020W,YGR014W,0,-5.901947,0.15964487195014954,0.9890000224113464,0.5206000208854675
YOL139C,YFL024C,0,-5.902396,0.15961910784244537,0.9890000224113464,0.5206999778747559
YLL061W,YPR112C,0,-5.9029393,0.1595933586359024,0.9890000224113464,0.520799994468689
YFL010W-A,YLR215C,0,-5.903225,0.15956760942935944,0.9890000224113464,0.5209000110626221
YOL077W-A,YPL106C,0,-5.903817,0.15954186022281647,0.9890000224113464,0.5210000276565552
YCR075C,YDL135C,0,-5.9040847,0.1595161259174347,0.9890000224113464,0.5210999846458435
YPR019W,YPL002C,0,-5.904399,0.1594904065132141,0.9890000224113464,0.5212000012397766
YNL020C,YKL144C,0,-5.905381,0.15946468710899353,0.9890000224113464,0.5213000178337097
YHR065C,YCR060W,0,-5.9055185,0.15943898260593414,0.9890000224113464,0.521399974822998
YNL053W,YKR029C,0,-5.905729,0.15941327810287476,0.9890000224113464,0.5214999914169312
YCR094W,YMR246W,1,-5.9063835,0.15954874455928802,0.9900000095367432,0.5214999914169312
YIL084C,YDR453C,0,-5.9067755,0.15952304005622864,0.9900000095367432,0.5216000080108643
YPL127C,YDR004W,0,-5.907118,0.15949733555316925,0.9900000095367432,0.5217000246047974
YBR260C,YDR180W,0,-5.907364,0.15947164595127106,0.9900000095367432,0.5217999815940857
YAL030W,YBR169C,0,-5.9081345,0.15944597125053406,0.9900000095367432,0.5218999981880188
YCR020W-B,YDR400W,0,-5.909053,0.15942029654979706,0.9900000095367432,0.5220000147819519
YLR411W,YKL086W,0,-5.910174,0.15939462184906006,0.9900000095367432,0.5220999717712402
YGR252W,YMR096W,0,-5.9115963,0.15936896204948425,0.9900000095367432,0.5221999883651733
YML048W,YLR212C,0,-5.91175,0.15934331715106964,0.9900000095367432,0.5223000049591064
YBR202W,YHR019C,0,-5.912694,0.15931767225265503,0.9900000095367432,0.5224000215530396
YKL052C,YDR288W,0,-5.9127226,0.1592920422554016,0.9900000095367432,0.5224999785423279
YBR250W,YJL127C,0,-5.913336,0.1592664122581482,0.9900000095367432,0.522599995136261
YFL041W,YML025C,0,-5.913455,0.15924079716205597,0.9900000095367432,0.5227000117301941
YHL024W,YOR140W,0,-5.913729,0.15921518206596375,0.9900000095367432,0.5228000283241272
YPL188W,YCR102C,0,-5.91516,0.15918958187103271,0.9900000095367432,0.5228999853134155
YPR056W,YDR451C,0,-5.9174886,0.15916398167610168,0.9900000095367432,0.5230000019073486
YBR020W,YMR241W,0,-5.917698,0.15913839638233185,0.9900000095367432,0.5231000185012817
YDR517W,YPL133C,0,-5.9184875,0.1591128259897232,0.9900000095367432,0.5231999754905701
YJR025C,YLR015W,0,-5.918578,0.15908725559711456,0.9900000095367432,0.5232999920845032
YJL010C,YPR121W,0,-5.9196067,0.15906170010566711,0.9900000095367432,0.5234000086784363
YNR059W,YMR077C,0,-5.9215956,0.15903614461421967,0.9900000095367432,0.5235000252723694
YPL096W,YML007W,0,-5.921757,0.1590106040239334,0.9900000095367432,0.5235999822616577
YDR411C,YDR244W,0,-5.9229636,0.15898506343364716,0.9900000095367432,0.5236999988555908
YCR038C,YLR215C,0,-5.9234076,0.1589595377445221,0.9900000095367432,0.5238000154495239
YAR033W,YDR453C,0,-5.9234133,0.15893401205539703,0.9900000095367432,0.5238999724388123
YOR122C,YDL170W,0,-5.9234743,0.15890850126743317,0.9900000095367432,0.5239999890327454
YJR004C,YKL014C,0,-5.923568,0.1588830053806305,0.9900000095367432,0.5241000056266785
YLR157C,YCR073C,0,-5.9243975,0.15885750949382782,0.9900000095367432,0.5242000222206116
YNL117W,YKR065C,0,-5.9247713,0.15883202850818634,0.9900000095367432,0.5242999792098999
YMR167W,YMR182C,0,-5.924904,0.15880654752254486,0.9900000095367432,0.524399995803833
YEL060C,YKL113C,0,-5.9250374,0.15878108143806458,0.9900000095367432,0.5245000123977661
YOL045W,YDR325W,0,-5.925387,0.1587556153535843,0.9900000095367432,0.5246000289916992
YML092C,YPL156C,0,-5.925518,0.1587301641702652,0.9900000095367432,0.5246999859809875
YEL042W,YER165W,0,-5.925991,0.1587047129869461,0.9900000095367432,0.5248000025749207
YBR010W,YGR024C,0,-5.9263234,0.1586792767047882,0.9900000095367432,0.5249000191688538
YBL071W-A,YDR400W,0,-5.9270377,0.1586538404226303,0.9900000095367432,0.5249999761581421
YNL329C,YDL130W-A,0,-5.9275436,0.1586284190416336,0.9900000095367432,0.5250999927520752
YGR097W,YLR051C,0,-5.927555,0.1586030125617981,0.9900000095367432,0.5252000093460083
YIL036W,YPR168W,0,-5.928548,0.15857760608196259,0.9900000095367432,0.5253000259399414
YOR381W,YPR055W,0,-5.9287024,0.15855221450328827,0.9900000095367432,0.5253999829292297
YCR082W,YGL216W,0,-5.929137,0.15852682292461395,0.9900000095367432,0.5254999995231628
YMR025W,YHL022C,0,-5.931336,0.15850144624710083,0.9900000095367432,0.525600016117096
YIL142W,YBR276C,0,-5.931956,0.1584760695695877,0.9900000095367432,0.5256999731063843
YDR188W,YHR031C,0,-5.9322534,0.15845070779323578,0.9900000095367432,0.5257999897003174
YPR143W,YJL012C,0,-5.93226,0.15842534601688385,0.9900000095367432,0.5259000062942505
YDL055C,YCR018C,0,-5.933162,0.15839999914169312,0.9900000095367432,0.5260000228881836
YDR363W,YLR060W,0,-5.9333344,0.15837466716766357,0.9900000095367432,0.5260999798774719
YOR346W,YFR003C,0,-5.933551,0.15834933519363403,0.9900000095367432,0.526199996471405
YER107C,YER052C,0,-5.933634,0.1583240032196045,0.9900000095367432,0.5263000130653381
YIL079C,YOR388C,0,-5.934273,0.15829868614673615,0.9900000095367432,0.5264000296592712
YJR118C,YDR243C,0,-5.9347706,0.158273383975029,0.9900000095367432,0.5264999866485596
YAR033W,YFR002W,0,-5.9352875,0.15824808180332184,0.9900000095367432,0.5266000032424927
YCL044C,YJL029C,0,-5.935633,0.15822279453277588,0.9900000095367432,0.5267000198364258
YGR214W,YLR369W,0,-5.935782,0.15819750726222992,0.9900000095367432,0.5267999768257141
YOL068C,YJL102W,0,-5.9359684,0.15817223489284515,0.9900000095367432,0.5268999934196472
YDL207W,YCR020C,0,-5.9360437,0.1581469625234604,0.9900000095367432,0.5270000100135803
YJR119C,YOL027C,0,-5.9366946,0.15812170505523682,0.9900000095367432,0.5271000266075134
YCR028C-A,YDR532C,0,-5.936947,0.15809644758701324,0.9900000095367432,0.5271999835968018
YDR378C,YDR324C,0,-5.9373517,0.15807120501995087,0.9900000095367432,0.5273000001907349
YAL021C,YBR278W,0,-5.9382343,0.15804597735404968,0.9900000095367432,0.527400016784668
YKL139W,YOR201C,0,-5.938659,0.1580207496881485,0.9900000095367432,0.5274999737739563
YNL327W,YDL039C,0,-5.939476,0.1579955369234085,0.9900000095367432,0.5275999903678894
YOR025W,YKL055C,1,-5.9406805,0.15812988579273224,0.9909999966621399,0.5275999903678894
YER122C,YIL080W,0,-5.9410753,0.15810465812683105,0.9909999966621399,0.5277000069618225
YLR288C,YPL218W,0,-5.9413033,0.15807944536209106,0.9909999966621399,0.5278000235557556
YHR176W,YMR060C,0,-5.9415083,0.15805423259735107,0.9909999966621399,0.527899980545044
YER179W,YHR099W,0,-5.942048,0.15802901983261108,0.9909999966621399,0.527999997138977
YBR207W,YLR165C,0,-5.942054,0.1580038219690323,0.9909999966621399,0.5281000137329102
YGR195W,YLR410W,0,-5.9432983,0.15797863900661469,0.9909999966621399,0.5281999707221985
YBR118W,YKL095W,0,-5.9453707,0.15795345604419708,0.9909999966621399,0.5282999873161316
YBR135W,YPL242C,0,-5.946271,0.15792828798294067,0.9909999966621399,0.5284000039100647
YMR319C,YCL044C,0,-5.9479337,0.15790311992168427,0.9909999966621399,0.5285000205039978
YKL056C,YJL093C,0,-5.949895,0.15787796676158905,0.9909999966621399,0.5285999774932861
YCR082W,YER031C,0,-5.9499474,0.15785281360149384,0.9909999966621399,0.5286999940872192
YGR145W,YDR002W,0,-5.9504695,0.15782767534255981,0.9909999966621399,0.5288000106811523
YOL078W,YGR014W,0,-5.9513063,0.157802551984787,0.9909999966621399,0.5289000272750854
YDL174C,YBR173C,0,-5.951498,0.15777742862701416,0.9909999966621399,0.5289999842643738
YPL161C,YOR212W,0,-5.951581,0.15775230526924133,0.9909999966621399,0.5291000008583069
YJL176C,YGR241C,0,-5.951707,0.1577271968126297,0.9909999966621399,0.52920001745224
YAL021C,YDR358W,0,-5.95203,0.15770210325717926,0.9909999966621399,0.5292999744415283
YOR355W,YDR456W,0,-5.952195,0.15767700970172882,0.9909999966621399,0.5293999910354614
YNL318C,YGL246C,0,-5.9525423,0.15765193104743958,0.9909999966621399,0.5295000076293945
YBR210W,YPL243W,0,-5.953071,0.15762685239315033,0.9909999966621399,0.5296000242233276
YDR106W,YDL004W,0,-5.954219,0.15760177373886108,0.9909999966621399,0.529699981212616
YCR020C,YOR027W,0,-5.954257,0.15757672488689423,0.9909999966621399,0.5297999978065491
YDL095W,YFL017W-A,0,-5.955269,0.15755167603492737,0.9909999966621399,0.5299000144004822
YER017C,YAL053W,0,-5.955441,0.1575266271829605,0.9909999966621399,0.5299999713897705
YDR206W,YBR193C,0,-5.956617,0.15750159323215485,0.9909999966621399,0.5300999879837036
YKL129C,YDL085W,0,-5.9568043,0.15747655928134918,0.9909999966621399,0.5302000045776367
YFL045C,YNL304W,0,-5.9572234,0.1574515402317047,0.9909999966621399,0.5303000211715698
YLR095C,YBR169C,0,-5.957464,0.15742653608322144,0.9909999966621399,0.5303999781608582
YHL011C,YGL104C,0,-5.958316,0.15740153193473816,0.9909999966621399,0.5304999947547913
YGL133W,YJR070C,0,-5.958951,0.15737652778625488,0.9909999966621399,0.5306000113487244
YBL006C,YMR054W,0,-5.9595466,0.1573515385389328,0.9909999966621399,0.5307000279426575
YLR134W,YOL038W,0,-5.9598026,0.1573265641927719,0.9909999966621399,0.5307999849319458
YOR160W,YDL085W,0,-5.9601364,0.15730158984661102,0.9909999966621399,0.5309000015258789
YGL084C,YOR368W,0,-5.960903,0.15727661550045013,0.9909999966621399,0.531000018119812
YMR303C,YGL163C,0,-5.9623213,0.15725167095661163,0.9909999966621399,0.5310999751091003
YPL001W,YPL036W,0,-5.9623895,0.15722671151161194,0.9909999966621399,0.5311999917030334
YOL123W,YDR176W,0,-5.9626946,0.15720178186893463,0.9909999966621399,0.5313000082969666
YBR254C,YOR004W,0,-5.9634542,0.15717683732509613,0.9909999966621399,0.5314000248908997
YNL023C,YAL047C,0,-5.963995,0.15715192258358002,0.9909999966621399,0.531499981880188
YDR411C,YAR044W,0,-5.9640093,0.1571270078420639,0.9909999966621399,0.5315999984741211
YFL024C,YER146W,0,-5.9640903,0.1571020931005478,0.9909999966621399,0.5317000150680542
YDR268W,YNL236W,0,-5.966341,0.15707719326019287,0.9909999966621399,0.5317999720573425
YNL148C,YFL041W,0,-5.966489,0.15705229341983795,0.9909999966621399,0.5318999886512756
YHR024C,YCL044C,0,-5.967033,0.15702740848064423,0.9909999966621399,0.5320000052452087
YGL238W,YLL026W,0,-5.967062,0.1570025384426117,0.9909999966621399,0.5321000218391418
YHR164C,YGL020C,0,-5.9678783,0.15697766840457916,0.9909999966621399,0.5321999788284302
YMR219W,YDL033C,0,-5.968171,0.15695279836654663,0.9909999966621399,0.5322999954223633
YNL312W,YGR059W,0,-5.9692407,0.1569279432296753,0.9909999966621399,0.5324000120162964
YBR038W,YKR007W,0,-5.9693,0.15690310299396515,0.9909999966621399,0.5325000286102295
YBR247C,YML058W-A,0,-5.9694176,0.156878262758255,0.9909999966621399,0.5325999855995178
YDR071C,YHR012W,0,-5.96976,0.15685343742370605,0.9909999966621399,0.5327000021934509
YDL008W,YNL032W,0,-5.969855,0.1568286120891571,0.9909999966621399,0.532800018787384
YCR040W,YDR002W,0,-5.96999,0.15680380165576935,0.9909999966621399,0.5328999757766724
YNL116W,YPL203W,0,-5.970745,0.1567789912223816,0.9909999966621399,0.5329999923706055
YDL170W,YDR306C,0,-5.970879,0.15675419569015503,0.9909999966621399,0.5331000089645386
YPL098C,YDR308C,0,-5.9733663,0.15672940015792847,0.9909999966621399,0.5332000255584717
YMR137C,YOR027W,0,-5.9735394,0.1567046195268631,0.9909999966621399,0.53329998254776
YNL071W,YHR008C,0,-5.9735794,0.15667983889579773,0.9909999966621399,0.5333999991416931
YDR479C,YPL139C,0,-5.97459,0.15665507316589355,0.9909999966621399,0.5335000157356262
YNL145W,YKL042W,0,-5.9747095,0.15663030743598938,0.9909999966621399,0.5335999727249146
YNR074C,YNL327W,0,-5.974891,0.1566055566072464,0.9909999966621399,0.5336999893188477
YCR020W-B,YKL189W,0,-5.975145,0.1565808206796646,0.9909999966621399,0.5338000059127808
YOR319W,YOL044W,0,-5.9756384,0.15655608475208282,0.9909999966621399,0.5339000225067139
YOR078W,YDR508C,0,-5.975655,0.15653134882450104,0.9909999966621399,0.5339999794960022
YLR154C,YBR082C,0,-5.975868,0.15650662779808044,0.9909999966621399,0.5340999960899353
YGR091W,YPL258C,0,-5.9759254,0.15648192167282104,0.9909999966621399,0.5342000126838684
YLL013C,YDR463W,0,-5.9762115,0.15645721554756165,0.9909999966621399,0.5343000292778015
YGL253W,YLL034C,0,-5.9763412,0.15643252432346344,0.9909999966621399,0.5343999862670898
YNL314W,YIL106W,0,-5.978246,0.15640783309936523,0.9909999966621399,0.534500002861023
YPL255W,YDL118W,0,-5.9783916,0.15638314187526703,0.9909999966621399,0.534600019454956
YDR440W,YNL310C,0,-5.978522,0.15635846555233002,0.9909999966621399,0.5346999764442444
YNL227C,YPL147W,0,-5.9790096,0.1563338041305542,0.9909999966621399,0.5347999930381775
YLR175W,YFL016C,0,-5.9791374,0.15630914270877838,0.9909999966621399,0.5349000096321106
YMR182C,YLR272C,0,-5.979638,0.15628449618816376,0.9909999966621399,0.5350000262260437
YMR047C,YOR346W,0,-5.9798555,0.15625984966754913,0.9909999966621399,0.535099983215332
YDR361C,YPL120W,0,-5.98193,0.1562352180480957,0.9909999966621399,0.5351999998092651
YBR083W,YDR532C,0,-5.982483,0.15621058642864227,0.9909999966621399,0.5353000164031982
YDR288W,YNL032W,0,-5.982908,0.15618596971035004,0.9909999966621399,0.5353999733924866
YBR127C,YNL197C,0,-5.9831743,0.156161367893219,0.9909999966621399,0.5354999899864197
YOL105C,YLR272C,0,-5.9840627,0.15613675117492676,0.9909999966621399,0.5356000065803528
YDR118W,YOR112W,0,-5.984963,0.1561121642589569,0.9909999966621399,0.5357000231742859
YOL113W,YCR073W-A,0,-5.985427,0.15608757734298706,0.9909999966621399,0.5357999801635742
YGL008C,YLR346C,0,-5.985447,0.1560629904270172,0.9909999966621399,0.5358999967575073
YER178W,YOR195W,0,-5.985767,0.15603841841220856,0.9909999966621399,0.5360000133514404
YLR175W,YPL021W,0,-5.986308,0.1560138612985611,0.9909999966621399,0.5360999703407288
YER009W,YIL056W,0,-5.9872055,0.15598928928375244,0.9909999966621399,0.5361999869346619
YJL203W,YPR010C,0,-5.987318,0.15596474707126617,0.9909999966621399,0.536300003528595
YHL002W,YCR027C,0,-5.987363,0.1559402048587799,0.9909999966621399,0.5364000201225281
YDR513W,YGL084C,0,-5.9875903,0.15591567754745483,0.9909999966621399,0.5364999771118164
YJL101C,YFL016C,0,-5.9876313,0.15589115023612976,0.9909999966621399,0.5365999937057495
YPL161C,YCL005W-A,0,-5.9879527,0.1558666229248047,0.9909999966621399,0.5367000102996826
YLR304C,YDR113C,0,-5.988551,0.1558421105146408,0.9909999966621399,0.5368000268936157
YBR275C,YCL020W,0,-5.988552,0.15581761300563812,0.9909999966621399,0.536899983882904
YER025W,YOL020W,0,-5.990266,0.15579311549663544,0.9909999966621399,0.5370000004768372
YGR264C,YOR213C,0,-5.9909506,0.15576863288879395,0.9909999966621399,0.5371000170707703
YDL223C,YBR089C-A,0,-5.9918423,0.15574415028095245,0.9909999966621399,0.5371999740600586
YDR499W,YDL194W,0,-5.992193,0.15571966767311096,0.9909999966621399,0.5372999906539917
YPL133C,YOR018W,0,-5.993617,0.15569521486759186,0.9909999966621399,0.5374000072479248
YLR060W,YIR009W,0,-5.9936924,0.15567074716091156,0.9909999966621399,0.5375000238418579
YKL011C,YDR320C,0,-5.99376,0.15564629435539246,0.9909999966621399,0.5375999808311462
YGR074W,YIL022W,0,-5.9940853,0.15562185645103455,0.9909999966621399,0.5376999974250793
YML105C,YFL049W,0,-5.9942656,0.15559741854667664,0.9909999966621399,0.5378000140190125
YPL227C,YGL232W,0,-5.9942675,0.15557299554347992,0.9909999966621399,0.5378999710083008
YMR264W,YJR135C,0,-5.994381,0.1555485725402832,0.9909999966621399,0.5379999876022339
YGL201C,YDR386W,0,-5.995392,0.15552416443824768,0.9909999966621399,0.538100004196167
YKL040C,YBL055C,0,-5.9958944,0.15549977123737335,0.9909999966621399,0.5382000207901001
YGR103W,YCL001W,0,-5.996028,0.15547536313533783,0.9909999966621399,0.5382999777793884
YGR264C,YCL001W,0,-5.9960556,0.1554509848356247,0.9909999966621399,0.5383999943733215
YMR153W,YDL128W,0,-5.9971156,0.15542660653591156,0.9909999966621399,0.5385000109672546
YGR195W,YOR142W-A,0,-5.9977846,0.15540222823619843,0.9909999966621399,0.5386000275611877
YLR427W,YOL045W,0,-5.998047,0.15537786483764648,0.9909999966621399,0.5386999845504761
YOR026W,YOR116C,0,-5.998707,0.15535350143909454,0.9909999966621399,0.5388000011444092
YMR139W,YBR182C,0,-5.998709,0.1553291529417038,0.9909999966621399,0.5389000177383423
YPL086C,YPR190C,0,-6.0001597,0.15530480444431305,0.9909999966621399,0.5389999747276306
YER172C,YML028W,0,-6.0005784,0.1552804708480835,0.9909999966621399,0.5390999913215637
YNR003C,YAR035W,0,-6.000845,0.15525615215301514,0.9909999966621399,0.5392000079154968
YJL008C,YHL028W,0,-6.0012054,0.15523183345794678,0.9909999966621399,0.5393000245094299
YJR047C,YMR077C,0,-6.0018106,0.15520751476287842,0.9909999966621399,0.5393999814987183
YBR129C,YNL309W,0,-6.0020638,0.15518321096897125,0.9909999966621399,0.5394999980926514
YJL127C,YJR028W,0,-6.0021815,0.15515892207622528,0.9909999966621399,0.5396000146865845
YMR021C,YLR191W,0,-6.0021935,0.1551346331834793,0.9909999966621399,0.5396999716758728
YPR100W,YHR008C,0,-6.0022798,0.15511034429073334,0.9909999966621399,0.5397999882698059
YCL055W,YAL002W,0,-6.002384,0.15508607029914856,0.9909999966621399,0.539900004863739
YMR097C,YIL013C,0,-6.0028133,0.15506181120872498,0.9909999966621399,0.5400000214576721
YMR150C,YJL102W,0,-6.004209,0.1550375521183014,0.9909999966621399,0.5400999784469604
YCR038C,YJL101C,0,-6.0057583,0.1550132930278778,0.9909999966621399,0.5401999950408936
YML065W,YMR149W,0,-6.006073,0.15498904883861542,0.9909999966621399,0.5403000116348267
YDL130W-A,YJR066W,0,-6.0060787,0.15496481955051422,0.9909999966621399,0.5404000282287598
YAR009C,YLR003C,0,-6.007243,0.15494059026241302,0.9909999966621399,0.5404999852180481
YLL027W,YBL102W,0,-6.007633,0.15491636097431183,0.9909999966621399,0.5406000018119812
YGL089C,YNL091W,0,-6.0077085,0.15489214658737183,0.9909999966621399,0.5407000184059143
YCL016C,YCL060C,0,-6.008749,0.15486794710159302,0.9909999966621399,0.5407999753952026
YKL007W,YMR029C,0,-6.0094175,0.1548437476158142,0.9909999966621399,0.5408999919891357
YOR284W,YDL115C,0,-6.009499,0.1548195630311966,0.9909999966621399,0.5410000085830688
YDR331W,YPR173C,1,-6.010182,0.1549515724182129,0.9919999837875366,0.5410000085830688
YAL012W,YLR135W,0,-6.010276,0.15492737293243408,0.9919999837875366,0.541100025177002
YBR095C,YOR110W,0,-6.010853,0.15490318834781647,0.9919999837875366,0.5411999821662903
YDR106W,YDR288W,0,-6.0135317,0.15487900376319885,0.9919999837875366,0.5412999987602234
YML099C,YER109C,0,-6.0140257,0.15485481917858124,0.9919999837875366,0.5414000153541565
YNL068C,YML120C,0,-6.014042,0.15483064949512482,0.9919999837875366,0.5414999723434448
YGR088W,YDR443C,0,-6.015015,0.1548064947128296,0.9919999837875366,0.5415999889373779
YER114C,YNR015W,0,-6.0150156,0.15478233993053436,0.9919999837875366,0.541700005531311
YPL271W,YLR319C,0,-6.015498,0.15475818514823914,0.9919999837875366,0.5418000221252441
YDR190C,YER147C,0,-6.01647,0.1547340452671051,0.9919999837875366,0.5418999791145325
YMR145C,YHR088W,0,-6.016647,0.15470992028713226,0.9919999837875366,0.5419999957084656
YCR093W,YNL310C,0,-6.0179386,0.15468579530715942,0.9919999837875366,0.5421000123023987
YJR025C,YNL055C,0,-6.0184574,0.15466167032718658,0.9919999837875366,0.5422000288963318
YLR427W,YHL025W,0,-6.018949,0.15463757514953613,0.9919999837875366,0.5422999858856201
YGL232W,YNL283C,0,-6.0196953,0.1546134650707245,0.9919999837875366,0.5424000024795532
YPL267W,YMR078C,0,-6.0198636,0.15458936989307404,0.9919999837875366,0.5425000190734863
YDR272W,YMR263W,0,-6.0204287,0.15456528961658478,0.9919999837875366,0.5425999760627747
YMR240C,YIL115C,0,-6.0205107,0.15454120934009552,0.9919999837875366,0.5426999926567078
YLL060C,YCL060C,0,-6.0225697,0.15451712906360626,0.9919999837875366,0.5428000092506409
YAL031C,YKL108W,0,-6.023716,0.1544930636882782,0.9919999837875366,0.542900025844574
YPR111W,YDR174W,0,-6.0245323,0.15446901321411133,0.9919999837875366,0.5429999828338623
YDL126C,YML004C,0,-6.025708,0.15444496273994446,0.9919999837875366,0.5430999994277954
YMR184W,YNL099C,0,-6.0276985,0.15442092716693878,0.9919999837875366,0.5432000160217285
YEL022W,YFL049W,0,-6.0277343,0.1543968915939331,0.9919999837875366,0.5432999730110168
YGL216W,YML039W,0,-6.0280805,0.15437285602092743,0.9919999837875366,0.54339998960495
YDR256C,YBR080C,0,-6.0281277,0.15434883534908295,0.9919999837875366,0.5435000061988831
YML031W,YML085C,0,-6.0286436,0.15432482957839966,0.9919999837875366,0.5436000227928162
YCR028C-A,YNL079C,0,-6.0291867,0.15430082380771637,0.9919999837875366,0.5436999797821045
YPL152W,YKR050W,0,-6.0294404,0.15427683293819427,0.9919999837875366,0.5437999963760376
YBL084C,YER179W,0,-6.0301914,0.15425284206867218,0.9919999837875366,0.5439000129699707
YKR090W,YGL169W,0,-6.0307474,0.15422885119915009,0.9919999837875366,0.5440000295639038
YDL229W,YPL253C,0,-6.032392,0.15420487523078918,0.9919999837875366,0.5440999865531921
YJL063C,YHR206W,0,-6.0334935,0.15418091416358948,0.9919999837875366,0.5442000031471252
YOL059W,YCL075W,0,-6.0342493,0.15415695309638977,0.9919999837875366,0.5443000197410583
YJL071W,YDR175C,0,-6.034355,0.15413300693035126,0.9919999837875366,0.5443999767303467
YOL049W,YJL087C,0,-6.0345545,0.15410906076431274,0.9919999837875366,0.5444999933242798
YPR112C,YCR009C,0,-6.0346327,0.15408511459827423,0.9919999837875366,0.5446000099182129
YGR103W,YGL038C,0,-6.035018,0.1540611833333969,0.9919999837875366,0.544700026512146
YDR423C,YBR192W,0,-6.0353703,0.1540372669696808,0.9919999837875366,0.5447999835014343
YHL036W,YDR472W,0,-6.0356855,0.15401335060596466,0.9919999837875366,0.5449000000953674
YKL160W,YDL181W,0,-6.035692,0.15398944914340973,0.9919999837875366,0.5450000166893005
YDL087C,YPR133W-A,0,-6.036006,0.1539655476808548,0.9919999837875366,0.5450999736785889
YHR205W,YGR212W,0,-6.036233,0.15394164621829987,0.9919999837875366,0.545199990272522
YNR044W,YNL020C,0,-6.0362344,0.15391775965690613,0.9919999837875366,0.5453000068664551
YBL090W,YDR443C,0,-6.0371,0.15389388799667358,0.9919999837875366,0.5454000234603882
YJL095W,YOR362C,0,-6.037528,0.15387001633644104,0.9919999837875366,0.5454999804496765
YOR113W,YCL034W,0,-6.037754,0.1538461595773697,0.9919999837875366,0.5455999970436096
YNL112W,YBR205W,0,-6.038951,0.15382230281829834,0.9919999837875366,0.5457000136375427
YKR076W,YJR002W,0,-6.0396304,0.153798446059227,0.9919999837875366,0.545799970626831
YOL164W,YER074W-A,0,-6.0431843,0.15377460420131683,0.9919999837875366,0.5458999872207642
YMR137C,YJL080C,0,-6.0444546,0.15375077724456787,0.9919999837875366,0.5460000038146973
YML130C,YNL313C,0,-6.045407,0.1537269502878189,0.9919999837875366,0.5461000204086304
YER052C,YDL019C,0,-6.04568,0.15370312333106995,0.9919999837875366,0.5461999773979187
YLR051C,YPR007C,0,-6.045932,0.15367931127548218,0.9919999837875366,0.5462999939918518
YOR011W,YHR036W,0,-6.0459948,0.1536555141210556,0.9919999837875366,0.5464000105857849
YDR364C,YDR292C,0,-6.0461335,0.15363171696662903,0.9919999837875366,0.546500027179718
YOR005C,YGL137W,0,-6.046469,0.15360793471336365,0.9919999837875366,0.5465999841690063
YJL109C,YOR305W,0,-6.0474834,0.15358415246009827,0.9919999837875366,0.5467000007629395
YKL005C,YOL123W,0,-6.0478377,0.15356037020683289,0.9919999837875366,0.5468000173568726
YDL130W,YOR305W,0,-6.0479345,0.1535366028547287,0.9919999837875366,0.5468999743461609
YDR479C,YBR088C,0,-6.048487,0.1535128504037857,0.9919999837875366,0.546999990940094
YHR027C,YAL047C,0,-6.0488625,0.1534890979528427,0.9919999837875366,0.5471000075340271
YGR121C,YOL113W,0,-6.0514393,0.15346534550189972,0.9919999837875366,0.5472000241279602
YJL085W,YNL333W,0,-6.051482,0.15344160795211792,0.9919999837875366,0.5472999811172485
YBR017C,YOL034W,0,-6.0531726,0.15341788530349731,0.9919999837875366,0.5473999977111816
YPR033C,YDR207C,0,-6.053509,0.15339414775371552,0.9919999837875366,0.5475000143051147
YMR129W,YOR187W,0,-6.053733,0.1533704400062561,0.9919999837875366,0.5475999712944031
YHR205W,YOR230W,0,-6.054494,0.1533467322587967,0.9919999837875366,0.5476999878883362
YGL245W,YPL192C,0,-6.0554056,0.15332302451133728,0.9919999837875366,0.5478000044822693
YJR083C,YPL151C,0,-6.0565042,0.15329933166503906,0.9919999837875366,0.5479000210762024
YHL031C,YLR183C,0,-6.056629,0.15327565371990204,0.9919999837875366,0.5479999780654907
YNL258C,YOR274W,0,-6.057391,0.15325197577476501,0.9919999837875366,0.5480999946594238
YHR166C,YDL033C,0,-6.0583363,0.153228297829628,0.9919999837875366,0.5482000112533569
YBR070C,YJR059W,0,-6.058708,0.15320463478565216,0.9919999837875366,0.54830002784729
YPR009W,YER138C,0,-6.0592737,0.15318097174167633,0.9919999837875366,0.5483999848365784
YCL016C,YOL124C,0,-6.0594816,0.1531573235988617,0.9919999837875366,0.5485000014305115
YMR168C,YEL018W,0,-6.0603533,0.15313369035720825,0.9919999837875366,0.5486000180244446
YLR427W,YDL080C,0,-6.06063,0.15311004221439362,0.9919999837875366,0.5486999750137329
YJL201W,YOL004W,0,-6.061879,0.15308642387390137,0.9919999837875366,0.548799991607666
YKR026C,YPR134W,0,-6.0622244,0.15306280553340912,0.9919999837875366,0.5489000082015991
YNL281W,YLR008C,0,-6.0630856,0.15303918719291687,0.9919999837875366,0.5490000247955322
YKL144C,YMR096W,0,-6.063306,0.15301558375358582,0.9919999837875366,0.5490999817848206
YLR368W,YPL036W,0,-6.0646563,0.15299198031425476,0.9919999837875366,0.5491999983787537
YLR293C,YFR055W,0,-6.0650244,0.1529683917760849,0.9919999837875366,0.5493000149726868
YAL021C,YMR241W,0,-6.065234,0.15294480323791504,0.9919999837875366,0.5493999719619751
YPR073C,YDL236W,0,-6.0654516,0.15292122960090637,0.9919999837875366,0.5494999885559082
YOR381W,YLR277C,0,-6.066181,0.1528976559638977,0.9919999837875366,0.5496000051498413
YPL021W,YHR059W,0,-6.0662556,0.15287409722805023,0.9919999837875366,0.5497000217437744
YOR074C,YKR061W,0,-6.067007,0.15285053849220276,0.9919999837875366,0.5497999787330627
YKL002W,YCL069W,0,-6.068487,0.15282699465751648,0.9919999837875366,0.5498999953269958
YER038C,YLR132C,0,-6.069105,0.1528034508228302,0.9919999837875366,0.550000011920929
YIL076W,YMR134W,0,-6.0697956,0.15277992188930511,0.9919999837875366,0.5501000285148621
YBR009C,YOR003W,0,-6.070169,0.15275639295578003,0.9919999837875366,0.5501999855041504
YEL019C,YLR141W,0,-6.070499,0.15273286402225494,0.9919999837875366,0.5503000020980835
YJL110C,YKL001C,0,-6.0706587,0.15270936489105225,0.9919999837875366,0.5504000186920166
YLR263W,YHR014W,0,-6.071535,0.15268585085868835,0.9919999837875366,0.5504999756813049
YJL194W,YMR287C,0,-6.0728154,0.15266235172748566,0.9919999837875366,0.550599992275238
YOL044W,YIL143C,0,-6.0729322,0.15263886749744415,0.9919999837875366,0.5507000088691711
YEL026W,YNL333W,0,-6.07372,0.15261538326740265,0.9919999837875366,0.5508000254631042
YGL027C,YGL145W,0,-6.073735,0.15259191393852234,0.9919999837875366,0.5508999824523926
YCR075C,YNR054C,0,-6.0744286,0.15256844460964203,0.9919999837875366,0.5509999990463257
YML110C,YPR162C,0,-6.075462,0.15254497528076172,0.9919999837875366,0.5511000156402588
YPL086C,YDL244W,0,-6.0760546,0.1525215208530426,0.9919999837875366,0.5511999726295471
YLR059C,YOR064C,0,-6.076606,0.15249808132648468,0.9919999837875366,0.5512999892234802
YNL036W,YDL014W,0,-6.0767264,0.15247464179992676,0.9919999837875366,0.5514000058174133
YFL037W,YOR064C,0,-6.077017,0.15245120227336884,0.9919999837875366,0.5515000224113464
YDL029W,YFL018C,0,-6.0770817,0.1524277776479721,0.9919999837875366,0.5515999794006348
YBL105C,YOR329C,0,-6.077165,0.15240436792373657,0.9919999837875366,0.5516999959945679
YML116W,YDR477W,0,-6.077659,0.15238095819950104,0.9919999837875366,0.551800012588501
YOL164W,YPL132W,0,-6.0781755,0.1523575484752655,0.9919999837875366,0.5519000291824341
YDR299W,YMR004W,0,-6.079495,0.15233415365219116,0.9919999837875366,0.5519999861717224
YBR295W,YOL091W,0,-6.079997,0.15231075882911682,0.9919999837875366,0.5521000027656555
YPL116W,YLR277C,0,-6.0804224,0.15228737890720367,0.9919999837875366,0.5522000193595886
YHR157W,YNL244C,0,-6.082139,0.15226399898529053,0.9919999837875366,0.552299976348877
YMR012W,YER120W,0,-6.082302,0.15224063396453857,0.9919999837875366,0.5523999929428101
YNR049C,YDR328C,0,-6.082634,0.15221728384494781,0.9919999837875366,0.5525000095367432
YNL160W,YNL044W,0,-6.0831656,0.15219391882419586,0.9919999837875366,0.5526000261306763
YLR405W,YGR163W,0,-6.0839386,0.1521705836057663,0.9919999837875366,0.5526999831199646
YOL005C,YDR532C,0,-6.0846486,0.15214723348617554,0.9919999837875366,0.5527999997138977
YIL095W,YLR181C,0,-6.0852613,0.15212391316890717,0.9919999837875366,0.5529000163078308
YGL045W,YML010W,0,-6.0854707,0.1521005779504776,0.9919999837875366,0.5529999732971191
YHL040C,YJL203W,0,-6.08577,0.15207725763320923,0.9919999837875366,0.5530999898910522
YGR006W,YNL309W,0,-6.086316,0.15205395221710205,0.9919999837875366,0.5532000064849854
YER019C-A,YIL017C,0,-6.087557,0.15203064680099487,0.9919999837875366,0.5533000230789185
YDL126C,YDR427W,0,-6.0876923,0.1520073562860489,0.9919999837875366,0.5533999800682068
YDR337W,YLR139C,0,-6.088794,0.1519840657711029,0.9919999837875366,0.5534999966621399
YER167W,YBR244W,0,-6.088898,0.15196079015731812,0.9919999837875366,0.553600013256073
YIL072W,YOR020C,0,-6.0891743,0.15193751454353333,0.9919999837875366,0.5536999702453613
YHR114W,YNL138W,0,-6.0897484,0.15191423892974854,0.9919999837875366,0.5537999868392944
YHR193C,YDR363W,0,-6.0898705,0.15189097821712494,0.9919999837875366,0.5539000034332275
YDR198C,YGR112W,0,-6.090737,0.15186773240566254,0.9919999837875366,0.5540000200271606
YMR042W,YGL252C,0,-6.0914927,0.15184448659420013,0.9919999837875366,0.554099977016449
YPL243W,YBR173C,0,-6.0917172,0.15182124078273773,0.9919999837875366,0.5541999936103821
YJR035W,YOL066C,0,-6.0923796,0.15179800987243652,0.9919999837875366,0.5543000102043152
YER155C,YJR112W,0,-6.092499,0.15177477896213531,0.9919999837875366,0.5544000267982483
YDL017W,YPR006C,0,-6.092943,0.1517515629529953,0.9919999837875366,0.5544999837875366
YDL019C,YKL144C,0,-6.0932302,0.15172836184501648,0.9919999837875366,0.5546000003814697
YMR073C,YGL090W,0,-6.0933533,0.15170516073703766,0.9919999837875366,0.5547000169754028
YGR080W,YGR270W,0,-6.093485,0.15168195962905884,0.9919999837875366,0.5547999739646912
YLR113W,YOL023W,0,-6.09354,0.1516587734222412,0.9919999837875366,0.5548999905586243
YPR046W,YDR532C,0,-6.093609,0.15163558721542358,0.9919999837875366,0.5550000071525574
YIL010W,YDR293C,0,-6.0938067,0.15161241590976715,0.9919999837875366,0.5551000237464905
YGL045W,YGR212W,0,-6.093971,0.15158924460411072,0.9919999837875366,0.5551999807357788
YBR098W,YBL050W,0,-6.0954094,0.15156608819961548,0.9919999837875366,0.5552999973297119
YDL035C,YNL310C,0,-6.095933,0.15154293179512024,0.9919999837875366,0.555400013923645
YNL268W,YBR294W,0,-6.0960236,0.151519775390625,0.9919999837875366,0.5554999709129333
YML071C,YLR383W,0,-6.096055,0.15149663388729095,0.9919999837875366,0.5555999875068665
YMR061W,YPL026C,0,-6.0967216,0.1514735072851181,0.9919999837875366,0.5557000041007996
YMR240C,YGL070C,0,-6.0973296,0.15145038068294525,0.9919999837875366,0.5558000206947327
YDR205W,YLR452C,0,-6.0976615,0.1514272689819336,0.9919999837875366,0.555899977684021
YLR028C,YOL049W,0,-6.097993,0.15140415728092194,0.9919999837875366,0.5559999942779541
YLR405W,YOR346W,0,-6.0980296,0.15138104557991028,0.9919999837875366,0.5561000108718872
YDL226C,YPR032W,0,-6.100543,0.15135794878005981,0.9919999837875366,0.5562000274658203
YDL006W,YOL138C,0,-6.100924,0.15133485198020935,0.9919999837875366,0.5562999844551086
YOL001W,YIL122W,0,-6.1010265,0.15131177008152008,0.9919999837875366,0.5564000010490417
YGL047W,YGR288W,0,-6.1018004,0.151288703083992,0.9919999837875366,0.5565000176429749
YMR287C,YNL138W,0,-6.1023664,0.15126563608646393,0.9919999837875366,0.5565999746322632
YPR020W,YOL126C,0,-6.1027327,0.15124256908893585,0.9919999837875366,0.5566999912261963
YAR019C,YNL201C,0,-6.104159,0.15121951699256897,0.9919999837875366,0.5568000078201294
YNL023C,YDL170W,0,-6.1051183,0.1511964648962021,0.9919999837875366,0.5569000244140625
YGR286C,YOR257W,0,-6.106035,0.1511734277009964,0.9919999837875366,0.5569999814033508
YBR119W,YLR126C,0,-6.106127,0.1511503905057907,0.9919999837875366,0.5570999979972839
YLR361C,YOL009C,0,-6.1067734,0.15112736821174622,0.9919999837875366,0.557200014591217
YBL026W,YIL075C,0,-6.1068363,0.15110434591770172,0.9919999837875366,0.5572999715805054
YOR362C,YCL010C,0,-6.107831,0.15108132362365723,0.9919999837875366,0.5573999881744385
YOR319W,YDR030C,0,-6.108247,0.15105831623077393,0.9919999837875366,0.5575000047683716
YEL032W,YGR089W,0,-6.1095295,0.15103532373905182,0.9919999837875366,0.5576000213623047
YPL125W,YKL001C,0,-6.111292,0.1510123312473297,0.9919999837875366,0.557699978351593
YPL200W,YJR035W,0,-6.112417,0.1509893387556076,0.9919999837875366,0.5577999949455261
YIL062C,YMR225C,0,-6.112918,0.1509663611650467,0.9919999837875366,0.5579000115394592
YHL048W,YJL085W,0,-6.1137896,0.15094339847564697,0.9919999837875366,0.5580000281333923
YLR429W,YDR052C,0,-6.113917,0.15092043578624725,0.9919999837875366,0.5580999851226807
YLR431C,YNR067C,0,-6.1142015,0.15089747309684753,0.9919999837875366,0.5582000017166138
YFL041W,YML065W,0,-6.11446,0.150874525308609,0.9919999837875366,0.5583000183105469
YGL045W,YDR372C,0,-6.115184,0.15085157752037048,0.9919999837875366,0.5583999752998352
YPR083W,YKR029C,0,-6.115568,0.15082864463329315,0.9919999837875366,0.5584999918937683
YMR276W,YLR191W,0,-6.1169405,0.15080571174621582,0.9919999837875366,0.5586000084877014
YJL116C,YGR089W,0,-6.1171904,0.15078279376029968,0.9919999837875366,0.5587000250816345
YMR035W,YOL044W,0,-6.1173077,0.15075987577438354,0.9919999837875366,0.5587999820709229
YJR064W,YGR059W,0,-6.117428,0.1507369726896286,0.9919999837875366,0.558899998664856
YDR511W,YMR177W,0,-6.1184425,0.15071406960487366,0.9919999837875366,0.5590000152587891
YCL051W,YDR449C,0,-6.118579,0.1506911814212799,0.9919999837875366,0.5590999722480774
YMR263W,YML115C,0,-6.1188326,0.15066829323768616,0.9919999837875366,0.5591999888420105
YBR070C,YPL116W,0,-6.118976,0.1506454050540924,0.9919999837875366,0.5593000054359436
YGR220C,YKL086W,0,-6.1196737,0.15062253177165985,0.9919999837875366,0.5594000220298767
YNL233W,YJR119C,0,-6.1208925,0.1505996733903885,0.9919999837875366,0.559499979019165
YDR075W,YPL026C,0,-6.121202,0.15057680010795593,0.9919999837875366,0.5595999956130981
YFL049W,YGL095C,0,-6.121366,0.15055395662784576,0.9919999837875366,0.5597000122070312
YLR292C,YOR076C,0,-6.1219707,0.1505311131477356,0.9919999837875366,0.5598000288009644
YPL164C,YBR097W,0,-6.1221967,0.15050826966762543,0.9919999837875366,0.5598999857902527
YOR023C,YKR036C,0,-6.1228833,0.15048544108867645,0.9919999837875366,0.5600000023841858
YJR057W,YFL004W,0,-6.124396,0.15046261250972748,0.9919999837875366,0.5601000189781189
YGR220C,YDR409W,0,-6.1246324,0.1504397988319397,0.9919999837875366,0.5601999759674072
YOL077C,YBR193C,0,-6.1251287,0.15041698515415192,0.9919999837875366,0.5602999925613403
YDL035C,YOL066C,0,-6.125793,0.15039417147636414,0.9919999837875366,0.5604000091552734
YNR031C,YML124C,0,-6.1259727,0.15037138760089874,0.9919999837875366,0.5605000257492065
YLL019C,YLR466W,0,-6.12632,0.15034858882427216,0.9919999837875366,0.5605999827384949
YNL047C,YLR086W,0,-6.126794,0.15032580494880676,0.9919999837875366,0.560699999332428
YIL022W,YDL118W,0,-6.127544,0.15030303597450256,0.9919999837875366,0.5608000159263611
YDR180W,YML041C,0,-6.12834,0.15028026700019836,0.9919999837875366,0.5608999729156494
YNL153C,YDR330W,0,-6.128684,0.15025749802589417,0.9919999837875366,0.5609999895095825
YJL194W,YKR001C,0,-6.129237,0.15023474395275116,0.9919999837875366,0.5611000061035156
YGL174W,YMR046C,0,-6.13026,0.15021198987960815,0.9919999837875366,0.5612000226974487
YLR285W,YBR250W,0,-6.1310425,0.15018925070762634,0.9919999837875366,0.5612999796867371
YOR249C,YGR135W,0,-6.1319227,0.15016651153564453,0.9919999837875366,0.5613999962806702
YDR418W,YDL194W,0,-6.1319265,0.1501437872648239,0.9919999837875366,0.5615000128746033
YLR223C,YPL258C,0,-6.132347,0.1501210629940033,0.9919999837875366,0.5616000294685364
YBR260C,YDR181C,0,-6.1324253,0.15009835362434387,0.9919999837875366,0.5616999864578247
YLL006W,YAR035W,0,-6.1338058,0.15007564425468445,0.9919999837875366,0.5618000030517578
YGL192W,YLR254C,0,-6.1345854,0.15005293488502502,0.9919999837875366,0.5619000196456909
YKL053C-A,YBL061C,0,-6.1345863,0.150030255317688,0.9919999837875366,0.5619999766349792
YLR008C,YOR208W,0,-6.134589,0.15000756084918976,0.9919999837875366,0.5620999932289124
YMR184W,YNL182C,0,-6.136078,0.14998488128185272,0.9919999837875366,0.5622000098228455
YPR068C,YHR069C,0,-6.1361184,0.14996220171451569,0.9919999837875366,0.5623000264167786
YNL127W,YOL111C,0,-6.137333,0.14993953704833984,0.9919999837875366,0.5623999834060669
YLR097C,YDR372C,0,-6.1373525,0.1499168872833252,0.9919999837875366,0.5625
YDR377W,YNL023C,0,-6.137355,0.14989422261714935,0.9919999837875366,0.5626000165939331
YLR276C,YPR101W,0,-6.1382236,0.1498715877532959,0.9919999837875366,0.5626999735832214
YLR134W,YBR173C,0,-6.139035,0.14984893798828125,0.9919999837875366,0.5627999901771545
YGR195W,YAR003W,0,-6.1401834,0.1498263031244278,0.9919999837875366,0.5629000067710876
YNL082W,YAR009C,0,-6.1409864,0.14980368316173553,0.9919999837875366,0.5630000233650208
YBR070C,YJL030W,0,-6.141643,0.14978106319904327,0.9919999837875366,0.5630999803543091
YFL010W-A,YBR079C,0,-6.141964,0.1497584581375122,0.9919999837875366,0.5631999969482422
YLR028C,YML065W,0,-6.1430473,0.14973585307598114,0.9919999837875366,0.5633000135421753
YOL077W-A,YCR084C,0,-6.1430874,0.14971324801445007,0.9919999837875366,0.5633999705314636
YBR228W,YMR096W,0,-6.143216,0.1496906578540802,0.9919999837875366,0.5634999871253967
YPL249C,YIL120W,0,-6.143361,0.14966806769371033,0.9919999837875366,0.5636000037193298
YMR069W,YML010W,0,-6.1438847,0.14964549243450165,0.9919999837875366,0.5637000203132629
YIL118W,YGL097W,0,-6.1456785,0.14962293207645416,0.9919999837875366,0.5637999773025513
YDR283C,YNL031C,0,-6.1478577,0.14960035681724548,0.9919999837875366,0.5638999938964844
YLR342W,YGL053W,0,-6.147923,0.1495778113603592,0.9919999837875366,0.5640000104904175
YGL180W,YNR057C,0,-6.1488867,0.1495552510023117,0.9919999837875366,0.5641000270843506
YJL201W,YCR020W-B,0,-6.1496363,0.14953270554542542,0.9919999837875366,0.5641999840736389
YDR054C,YLR396C,0,-6.1506433,0.14951017498970032,0.9919999837875366,0.564300000667572
YML065W,YOR027W,0,-6.1513114,0.14948764443397522,0.9919999837875366,0.5644000172615051
YNL061W,YOR207C,0,-6.152252,0.14946511387825012,0.9919999837875366,0.5644999742507935
YBL084C,YBR276C,0,-6.152585,0.14944259822368622,0.9919999837875366,0.5645999908447266
YKR039W,YNL099C,0,-6.1526737,0.1494200974702835,0.9919999837875366,0.5647000074386597
YIL013C,YKR101W,0,-6.1528673,0.1493975967168808,0.9919999837875366,0.5648000240325928
YDR190C,YGR209C,0,-6.153347,0.1493750959634781,0.9919999837875366,0.5648999810218811
YML061C,YER161C,0,-6.153412,0.14935261011123657,0.9919999837875366,0.5649999976158142
YBL017C,YOL080C,0,-6.153963,0.14933012425899506,0.9919999837875366,0.5651000142097473
YKR061W,YMR267W,0,-6.1553082,0.14930765330791473,0.9919999837875366,0.5651999711990356
YDL069C,YDL118W,0,-6.1561823,0.1492851823568344,0.9919999837875366,0.5652999877929688
YGL003C,YMR060C,0,-6.156727,0.1492627114057541,0.9919999837875366,0.5654000043869019
YJL092W,YGL016W,0,-6.157157,0.14924025535583496,0.9919999837875366,0.565500020980835
YGL061C,YGL127C,0,-6.157337,0.14921781420707703,0.9919999837875366,0.5655999779701233
YNL166C,YEL027W,0,-6.157419,0.1491953730583191,0.9919999837875366,0.5656999945640564
YDR312W,YLR426W,0,-6.1582785,0.14917293190956116,0.9919999837875366,0.5658000111579895
YDR361C,YLL008W,0,-6.158864,0.14915050566196442,0.9919999837875366,0.5659000277519226
YOL051W,YLR005W,0,-6.158908,0.14912807941436768,0.9919999837875366,0.5659999847412109
YNL127W,YER068W,0,-6.1590023,0.14910566806793213,0.9919999837875366,0.566100001335144
YHR183W,YNL142W,0,-6.1604533,0.14908325672149658,0.9919999837875366,0.5662000179290771
YNR060W,YOR231W,0,-6.160627,0.14906086027622223,0.9919999837875366,0.5662999749183655
YBR039W,YCL029C,0,-6.1608,0.14903846383094788,0.9919999837875366,0.5663999915122986
YDL007W,YFL037W,0,-6.161733,0.14901606738567352,0.9919999837875366,0.5665000081062317
YHR004C,YLR453C,0,-6.1628504,0.14899368584156036,0.9919999837875366,0.5666000247001648
YPL093W,YDL095W,0,-6.1629186,0.1489713191986084,0.9919999837875366,0.5666999816894531
YEL019C,YDR142C,0,-6.1630025,0.14894895255565643,0.9919999837875366,0.5667999982833862
YPR049C,YDL220C,0,-6.164075,0.14892658591270447,0.9919999837875366,0.5669000148773193
YEL053C,YKL053C-A,0,-6.16409,0.1489042341709137,0.9919999837875366,0.5669999718666077
YLR028C,YLR055C,0,-6.1646857,0.14888188242912292,0.9919999837875366,0.5670999884605408
YLR429W,YJL173C,0,-6.1660185,0.14885954558849335,0.9919999837875366,0.5672000050544739
YBR121C,YMR201C,0,-6.1660986,0.14883720874786377,0.9919999837875366,0.567300021648407
YHR031C,YDR400W,0,-6.1665306,0.14881488680839539,0.9919999837875366,0.5673999786376953
YPL100W,YGL124C,0,-6.166588,0.148792564868927,0.9919999837875366,0.5674999952316284
YJR059W,YHR099W,0,-6.1672277,0.14877024292945862,0.9919999837875366,0.5676000118255615
YNL049C,YLR403W,0,-6.1674695,0.14874793589115143,0.9919999837875366,0.5677000284194946
YEL031W,YCR060W,0,-6.1679955,0.14872564375400543,0.9919999837875366,0.567799985408783
YEL036C,YOR036W,0,-6.1684327,0.14870333671569824,0.9919999837875366,0.5679000020027161
YHL040C,YAR014C,0,-6.168716,0.14868105947971344,0.9919999837875366,0.5680000185966492
YBR133C,YGL090W,0,-6.1692014,0.14865876734256744,0.9919999837875366,0.5680999755859375
YBL057C,YGL249W,0,-6.1695423,0.14863650500774384,0.9919999837875366,0.5681999921798706
YPR049C,YCR063W,0,-6.1695604,0.14861422777175903,0.9919999837875366,0.5683000087738037
YBR288C,YLR092W,0,-6.169673,0.14859196543693542,0.9919999837875366,0.5684000253677368
YIR026C,YCL075W,0,-6.170575,0.148569718003273,0.9919999837875366,0.5684999823570251
YKL016C,YDR142C,0,-6.1709876,0.1485474705696106,0.9919999837875366,0.5685999989509583
YPL100W,YOR073W,0,-6.1718826,0.14852522313594818,0.9919999837875366,0.5687000155448914
YMR056C,YLR401C,0,-6.1723766,0.14850299060344696,0.9919999837875366,0.5687999725341797
YJR078W,YPR024W,0,-6.1727686,0.14848077297210693,0.9919999837875366,0.5688999891281128
YOL089C,YNL236W,0,-6.17354,0.1484585404396057,0.9919999837875366,0.5690000057220459
YHL047C,YLR324W,0,-6.174556,0.14843633770942688,0.9919999837875366,0.569100022315979
YLL008W,YLR095C,0,-6.175025,0.14841412007808685,0.9919999837875366,0.5691999793052673
YGL111W,YGL053W,0,-6.175782,0.14839191734790802,0.9919999837875366,0.5692999958992004
YOR079C,YDR453C,0,-6.176547,0.14836972951889038,0.9919999837875366,0.5694000124931335
YBR296C,YFL059W,0,-6.1773963,0.14834754168987274,0.9919999837875366,0.5695000290870667
YLR427W,YHR039C-A,0,-6.177492,0.1483253538608551,0.9919999837875366,0.569599986076355
YMR219W,YBL080C,0,-6.1781673,0.14830318093299866,0.9919999837875366,0.5697000026702881
YDL095W,YJR007W,0,-6.1781693,0.1482810229063034,0.9919999837875366,0.5698000192642212
YLR370C,YOR250C,0,-6.1787586,0.14825884997844696,0.9919999837875366,0.5698999762535095
YER095W,YJL140W,0,-6.1791983,0.1482367068529129,0.9919999837875366,0.5699999928474426
YGL014W,YPL106C,0,-6.179673,0.14821454882621765,0.9919999837875366,0.5701000094413757
YGL003C,YOR307C,0,-6.180782,0.1481924057006836,0.9919999837875366,0.5702000260353088
YCR071C,YGL087C,0,-6.181219,0.14817027747631073,0.9919999837875366,0.5702999830245972
YPL224C,YDL116W,0,-6.1820335,0.14814814925193787,0.9919999837875366,0.5703999996185303
YIL109C,YDL170W,0,-6.1823454,0.148126021027565,0.9919999837875366,0.5705000162124634
YGL003C,YOR103C,0,-6.1824617,0.14810390770435333,0.9919999837875366,0.5705999732017517
YOL038W,YBR214W,0,-6.1824656,0.14808180928230286,0.9919999837875366,0.5706999897956848
YNL261W,YJL053W,0,-6.1829987,0.1480596959590912,0.9919999837875366,0.5708000063896179
YGL014W,YDL077C,0,-6.1833167,0.1480376124382019,0.9919999837875366,0.570900022983551
YBR010W,YEL057C,0,-6.1842127,0.14801551401615143,0.9919999837875366,0.5709999799728394
YGR134W,YER116C,0,-6.18434,0.14799343049526215,0.9919999837875366,0.5710999965667725
YGR010W,YNL099C,0,-6.1858463,0.14797136187553406,0.9919999837875366,0.5712000131607056
YLL027W,YDR238C,0,-6.1862354,0.14794929325580597,0.9919999837875366,0.5713000297546387
YBR274W,YGR239C,0,-6.186547,0.14792722463607788,0.9919999837875366,0.571399986743927
YKR068C,YPR125W,0,-6.1866283,0.147905170917511,0.9919999837875366,0.5715000033378601
YJL165C,YPL040C,0,-6.187058,0.1478831171989441,0.9919999837875366,0.5716000199317932
YKL114C,YHR089C,0,-6.187318,0.1478610783815384,0.9919999837875366,0.5716999769210815
YER116C,YGL098W,0,-6.187498,0.1478390395641327,0.9919999837875366,0.5717999935150146
YMR280C,YBR043C,0,-6.1875935,0.14781701564788818,0.9919999837875366,0.5719000101089478
YAL012W,YOR030W,0,-6.1893673,0.14779499173164368,0.9919999837875366,0.5720000267028809
YCL034W,YMR164C,0,-6.1898565,0.14777298271656036,0.9919999837875366,0.5720999836921692
YJL063C,YOR035C,0,-6.190734,0.14775097370147705,0.9919999837875366,0.5722000002861023
YGR097W,YFL018C,0,-6.191134,0.14772896468639374,0.9919999837875366,0.5723000168800354
YBR274W,YNL126W,0,-6.1919546,0.14770697057247162,0.9919999837875366,0.5723999738693237
YLL038C,YOR056C,0,-6.192254,0.1476849764585495,0.9919999837875366,0.5724999904632568
YDR206W,YJR094C,0,-6.1924243,0.14766299724578857,0.9919999837875366,0.5726000070571899
YNL314W,YGR055W,0,-6.1925,0.14764101803302765,0.9919999837875366,0.572700023651123
YGR075C,YLR277C,0,-6.192656,0.14761905372142792,0.9919999837875366,0.5727999806404114
YLL019C,YML105C,0,-6.192801,0.14759708940982819,0.9919999837875366,0.5728999972343445
YCR073W-A,YAL011W,0,-6.1934733,0.14757512509822845,0.9919999837875366,0.5730000138282776
YKL135C,YGL033W,0,-6.1954155,0.14755317568778992,0.9919999837875366,0.5730999708175659
YER017C,YLR371W,0,-6.1959934,0.14753122627735138,0.9919999837875366,0.573199987411499
YLR039C,YOR008C,0,-6.1970644,0.14750929176807404,0.9919999837875366,0.5733000040054321
YNL068C,YDR398W,0,-6.1970925,0.1474873572587967,0.9919999837875366,0.5734000205993652
YML047C,YOL066C,0,-6.1991444,0.14746543765068054,0.9919999837875366,0.5734999775886536
YBR186W,YOR308C,0,-6.1992216,0.1474435180425644,0.9919999837875366,0.5735999941825867
YPL086C,YDR306C,0,-6.199727,0.14742161333560944,0.9919999837875366,0.5737000107765198
YOL027C,YGR172C,0,-6.2009325,0.14739970862865448,0.9919999837875366,0.5738000273704529
YJL138C,YMR134W,0,-6.201543,0.14737780392169952,0.9919999837875366,0.5738999843597412
YKR039W,YNL253W,0,-6.202759,0.14735591411590576,0.9919999837875366,0.5740000009536743
YNL072W,YBR079C,0,-6.2038813,0.147334024310112,0.9919999837875366,0.5741000175476074
YOL045W,YBR293W,0,-6.2042885,0.14731214940547943,0.9919999837875366,0.5741999745368958
YNL221C,YGR185C,0,-6.204311,0.14729027450084686,0.9919999837875366,0.5742999911308289
YBL002W,YMR051C,0,-6.2045183,0.1472684144973755,0.9919999837875366,0.574400007724762
YDR202C,YPR125W,0,-6.2049513,0.1472465544939041,0.9919999837875366,0.5745000243186951
YER172C,YPL046C,0,-6.2050366,0.14722469449043274,0.9919999837875366,0.5745999813079834
YNL239W,YLR196W,0,-6.2050533,0.14720284938812256,0.9919999837875366,0.5746999979019165
YGL008C,YGR285C,0,-6.205371,0.14718100428581238,0.9919999837875366,0.5748000144958496
YPR068C,YOR211C,0,-6.205719,0.1471591740846634,0.9919999837875366,0.5748999714851379
YML036W,YCR020W-B,0,-6.206337,0.1471373438835144,0.9919999837875366,0.574999988079071
YOR095C,YAR009C,0,-6.206352,0.1471155285835266,0.9919999837875366,0.5751000046730042
YNR034W,YJL109C,0,-6.2063894,0.14709371328353882,0.9919999837875366,0.5752000212669373
YGR041W,YDR499W,0,-6.2067127,0.14707189798355103,0.9919999837875366,0.5752999782562256
YOL090W,YMR088C,0,-6.2097054,0.14705009758472443,0.9919999837875366,0.5753999948501587
YPL241C,YDR479C,0,-6.209908,0.14702831208705902,0.9919999837875366,0.5755000114440918
YLR015W,YBR186W,0,-6.2100296,0.14700652658939362,0.9919999837875366,0.5756000280380249
YJL034W,YDL087C,0,-6.2105646,0.1469847410917282,0.9919999837875366,0.5756999850273132
YKL054C,YBR117C,0,-6.210741,0.1469629555940628,0.9919999837875366,0.5758000016212463
YFR009W,YBR205W,0,-6.212019,0.1469411998987198,0.9919999837875366,0.5759000182151794
YJL104W,YIL042C,0,-6.212211,0.14691942930221558,0.9919999837875366,0.5759999752044678
YER025W,YIR009W,0,-6.2129664,0.14689767360687256,0.9919999837875366,0.5760999917984009
YBR081C,YEL004W,0,-6.214429,0.14687593281269073,0.9919999837875366,0.576200008392334
YER172C,YCR102C,0,-6.2152996,0.14685417711734772,0.9919999837875366,0.5763000249862671
YNL037C,YKL186C,0,-6.2160187,0.1468324512243271,0.9919999837875366,0.5763999819755554
YFL011W,YDR126W,0,-6.217581,0.14681071043014526,0.9919999837875366,0.5764999985694885
YPL174C,YNL246W,0,-6.218063,0.14678898453712463,0.9919999837875366,0.5766000151634216
YPR134W,YJL156C,0,-6.2188535,0.1467672735452652,0.9919999837875366,0.57669997215271
YJL207C,YML061C,0,-6.220871,0.14674556255340576,0.9919999837875366,0.5767999887466431
YIL070C,YOR048C,0,-6.2216535,0.14672385156154633,0.9919999837875366,0.5769000053405762
YNL044W,YPL033C,0,-6.2221475,0.14670215547084808,0.9919999837875366,0.5770000219345093
YGR244C,YKR057W,0,-6.222804,0.14668047428131104,0.9919999837875366,0.5770999789237976
YML010W,YIR018W,0,-6.2242994,0.1466587781906128,0.9919999837875366,0.5771999955177307
YNL071W,YDR479C,0,-6.2243257,0.14663709700107574,0.9919999837875366,0.5773000121116638
YGL169W,YLR136C,0,-6.224451,0.1466154307126999,0.9919999837875366,0.5774000287055969
YNL231C,YDR058C,1,-6.224617,0.14674153923988342,0.9929999709129333,0.5774000287055969
YOR316C,YJL005W,0,-6.224985,0.14671985805034637,0.9929999709129333,0.5774999856948853
YOR260W,YLR222C,0,-6.2251873,0.14669817686080933,0.9929999709129333,0.5776000022888184
YGL119W,YDR268W,0,-6.225829,0.14667651057243347,0.9929999709129333,0.5777000188827515
YGR038W,YNL064C,0,-6.2258863,0.14665484428405762,0.9929999709129333,0.5777999758720398
YNR002C,YDL161W,0,-6.2265997,0.14663319289684296,0.9929999709129333,0.5778999924659729
YNL258C,YDR356W,0,-6.2266045,0.1466115415096283,0.9929999709129333,0.578000009059906
YDR171W,YBR168W,0,-6.2269487,0.14658990502357483,0.9929999709129333,0.5781000256538391
YOR368W,YHR139C,0,-6.227783,0.14656826853752136,0.9929999709129333,0.5781999826431274
YMR021C,YHR205W,0,-6.2278013,0.1465466320514679,0.9929999709129333,0.5782999992370605
YJL039C,YHR178W,0,-6.2282944,0.14652501046657562,0.9929999709129333,0.5784000158309937
YOR232W,YHR206W,0,-6.2285986,0.14650338888168335,0.9929999709129333,0.578499972820282
YER089C,YML058W,0,-6.2286444,0.14648178219795227,0.9929999709129333,0.5785999894142151
YGR256W,YFL002C,0,-6.2292366,0.1464601755142212,0.9929999709129333,0.5787000060081482
YDL074C,YCR081W,0,-6.2292914,0.1464385837316513,0.9929999709129333,0.5788000226020813
YJL203W,YER072W,0,-6.2295027,0.14641699194908142,0.9929999709129333,0.5788999795913696
YMR311C,YLR166C,0,-6.2306204,0.14639540016651154,0.9929999709129333,0.5789999961853027
YLR361C,YMR172W,0,-6.230854,0.14637382328510284,0.9929999709129333,0.5791000127792358
YHR034C,YJL168C,0,-6.2313614,0.14635224640369415,0.9929999709129333,0.579200029373169
YOR211C,YDL190C,0,-6.231428,0.14633068442344666,0.9929999709129333,0.5792999863624573
YJL214W,YOR110W,0,-6.2315893,0.14630912244319916,0.9929999709129333,0.5794000029563904
YML060W,YPL203W,0,-6.2318974,0.14628756046295166,0.9929999709129333,0.5795000195503235
YDR411C,YDR227W,0,-6.234351,0.14626601338386536,0.9929999709129333,0.5795999765396118
YJR025C,YDR312W,0,-6.234795,0.14624448120594025,0.9929999709129333,0.5796999931335449
YDL132W,YGR128C,0,-6.2352977,0.14622294902801514,0.9929999709129333,0.579800009727478
YER129W,YLR183C,0,-6.235696,0.14620141685009003,0.9929999709129333,0.5799000263214111
YBR037C,YGR013W,0,-6.2382083,0.14617988467216492,0.9929999709129333,0.5799999833106995
YPL119C,YFR055W,0,-6.238469,0.1461583822965622,0.9929999709129333,0.5800999999046326
YGL003C,YBL050W,0,-6.238618,0.14613686501979828,0.9929999709129333,0.5802000164985657
YHR124W,YIL101C,0,-6.2392616,0.14611536264419556,0.9929999709129333,0.580299973487854
YDL209C,YJL053W,0,-6.2400846,0.14609386026859283,0.9929999709129333,0.5803999900817871
YBR164C,YGL253W,0,-6.2405057,0.1460723727941513,0.9929999709129333,0.5805000066757202
YOR130C,YOR063W,0,-6.241018,0.14605088531970978,0.9929999709129333,0.5806000232696533
YDR081C,YNL313C,0,-6.241284,0.14602941274642944,0.9929999709129333,0.5806999802589417
YOR054C,YGR054W,0,-6.2423415,0.1460079401731491,0.9929999709129333,0.5807999968528748
YKL029C,YGR251W,0,-6.2431393,0.14598646759986877,0.9929999709129333,0.5809000134468079
YFR009W,YDR004W,0,-6.2433076,0.14596500992774963,0.9929999709129333,0.5809999704360962
YBR267W,YNL247W,0,-6.2434206,0.1459435671567917,0.9929999709129333,0.5810999870300293
YIR021W,YDR207C,0,-6.24379,0.14592210948467255,0.9929999709129333,0.5812000036239624
YKL040C,YLR165C,0,-6.2445035,0.1459006816148758,0.9929999709129333,0.5813000202178955
YHR024C,YDR416W,0,-6.2454734,0.14587923884391785,0.9929999709129333,0.5813999772071838
YDR439W,YOR148C,0,-6.2455387,0.1458578109741211,0.9929999709129333,0.5814999938011169
YPR176C,YOR007C,0,-6.246281,0.14583639800548553,0.9929999709129333,0.58160001039505
YGR224W,YEL065W,0,-6.2466326,0.14581498503684998,0.9929999709129333,0.5817000269889832
YGL174W,YLR005W,0,-6.2467413,0.14579357206821442,0.9929999709129333,0.5817999839782715
YHL027W,YCR102C,0,-6.2471714,0.14577217400074005,0.9929999709129333,0.5819000005722046
YMR035W,YMR097C,0,-6.2473006,0.14575077593326569,0.9929999709129333,0.5820000171661377
YHR026W,YLR383W,0,-6.2484484,0.14572937786579132,0.9929999709129333,0.582099974155426
YIR013C,YMR182C,0,-6.2488303,0.14570799469947815,0.9929999709129333,0.5821999907493591
YER142C,YBR092C,0,-6.249898,0.14568662643432617,0.9929999709129333,0.5823000073432922
YHR129C,YIL073C,0,-6.2501554,0.145665243268013,0.9929999709129333,0.5824000239372253
YOR267C,YMR129W,0,-6.2512064,0.14564388990402222,0.9929999709129333,0.5824999809265137
YMR264W,YDR296W,0,-6.2512255,0.14562252163887024,0.9929999709129333,0.5825999975204468
YFR046C,YMR164C,0,-6.2521276,0.14560116827487946,0.9929999709129333,0.5827000141143799
YJL179W,YGR195W,0,-6.252779,0.14557982981204987,0.9929999709129333,0.5827999711036682
YLR355C,YOL138C,0,-6.2529335,0.14555849134922028,0.9929999709129333,0.5828999876976013
YBL061C,YNR015W,0,-6.254867,0.14553715288639069,0.9929999709129333,0.5830000042915344
YHL031C,YGR181W,0,-6.254964,0.1455158293247223,0.9929999709129333,0.5831000208854675
YPR100W,YHL024W,0,-6.2554173,0.1454945057630539,0.9929999709129333,0.5831999778747559
YLR424W,YPL019C,0,-6.256382,0.1454731971025467,0.9929999709129333,0.583299994468689
YNR058W,YGR229C,0,-6.256385,0.1454518884420395,0.9929999709129333,0.5834000110626221
YJR139C,YDR255C,0,-6.2570786,0.1454305797815323,0.9929999709129333,0.5835000276565552
YIL046W,YDR328C,0,-6.257738,0.14540928602218628,0.9929999709129333,0.5835999846458435
YPR001W,YLL061W,0,-6.2587557,0.14538799226284027,0.9929999709129333,0.5837000012397766
YGL135W,YOR084W,0,-6.258865,0.14536671340465546,0.9929999709129333,0.5838000178337097
YLR220W,YJL140W,0,-6.259359,0.14534543454647064,0.9929999709129333,0.583899974822998
YDR473C,YCR073W-A,0,-6.259809,0.14532415568828583,0.9929999709129333,0.5839999914169312
YPL051W,YDL194W,0,-6.260399,0.1453028917312622,0.9929999709129333,0.5841000080108643
YLR398C,YMR322C,0,-6.2605343,0.14528164267539978,0.9929999709129333,0.5842000246047974
YDL209C,YOL038W,0,-6.2605515,0.14526039361953735,0.9929999709129333,0.5842999815940857
YPL217C,YIL109C,0,-6.2607746,0.14523914456367493,0.9929999709129333,0.5843999981880188
YOR236W,YPL224C,0,-6.2631416,0.1452178955078125,0.9929999709129333,0.5845000147819519
YLR390W-A,YKL001C,0,-6.2633667,0.14519666135311127,0.9929999709129333,0.5845999717712402
YDR423C,YBL050W,0,-6.263592,0.14517544209957123,0.9929999709129333,0.5846999883651733
YOL051W,YFL005W,0,-6.263646,0.1451542228460312,0.9929999709129333,0.5848000049591064
YCR092C,YDR178W,0,-6.2641277,0.14513300359249115,0.9929999709129333,0.5849000215530396
YDR365C,YJL056C,0,-6.264494,0.1451117992401123,0.9929999709129333,0.5849999785423279
YAL023C,YDL120W,0,-6.2651258,0.14509059488773346,0.9929999709129333,0.585099995136261
YGR132C,YBR257W,0,-6.2651978,0.14506939053535461,0.9929999709129333,0.5852000117301941
YDL140C,YDR484W,0,-6.2655454,0.14504820108413696,0.9929999709129333,0.5853000283241272
YHR011W,YNL135C,0,-6.265921,0.1450270265340805,0.9929999709129333,0.5853999853134155
YDR490C,YDR473C,0,-6.2659864,0.14500583708286285,0.9929999709129333,0.5855000019073486
YHR206W,YDR320C,0,-6.2687073,0.1449846625328064,0.9929999709129333,0.5856000185012817
YPL209C,YBR060C,0,-6.2688665,0.14496350288391113,0.9929999709129333,0.5856999754905701
YGL122C,YPR052C,0,-6.269232,0.14494234323501587,0.9929999709129333,0.5857999920845032
YDL164C,YGR014W,0,-6.2693624,0.1449211835861206,0.9929999709129333,0.5859000086784363
YEL065W,YPL042C,0,-6.269534,0.14490003883838654,0.9929999709129333,0.5860000252723694
YPR175W,YGR005C,0,-6.2695494,0.14487890899181366,0.9929999709129333,0.5860999822616577
YKL084W,YML005W,0,-6.2697544,0.1448577642440796,0.9929999709129333,0.5861999988555908
YLR155C,YDL006W,0,-6.2708597,0.1448366343975067,0.9929999709129333,0.5863000154495239
YKL048C,YDL128W,0,-6.270976,0.14481551945209503,0.9929999709129333,0.5863999724388123
YLR106C,YER087C-A,0,-6.271015,0.14479440450668335,0.9929999709129333,0.5864999890327454
YIL139C,YPL033C,0,-6.2712965,0.14477328956127167,0.9929999709129333,0.5866000056266785
YER053C,YML055W,0,-6.2718534,0.14475218951702118,0.9929999709129333,0.5867000222206116
YMR287C,YML118W,0,-6.2722015,0.1447310894727707,0.9929999709129333,0.5867999792098999
YBL051C,YPR102C,0,-6.2726603,0.1447100043296814,0.9929999709129333,0.586899995803833
YIR041W,YLR003C,0,-6.2739925,0.1446889042854309,0.9929999709129333,0.5870000123977661
YBR136W,YER147C,0,-6.27413,0.1446678340435028,0.9929999709129333,0.5871000289916992
YNL331C,YKR099W,0,-6.2748704,0.1446467638015747,0.9929999709129333,0.5871999859809875
YGL174W,YKL005C,0,-6.275488,0.1446256935596466,0.9929999709129333,0.5873000025749207
YER155C,YLL034C,0,-6.275982,0.1446046382188797,0.9929999709129333,0.5874000191688538
YNL232W,YLR181C,0,-6.2759857,0.1445835828781128,0.9929999709129333,0.5874999761581421
YBR152W,YJL012C,0,-6.2767897,0.1445625275373459,0.9929999709129333,0.5875999927520752
YHR089C,YGL136C,0,-6.277239,0.14454148709774017,0.9929999709129333,0.5877000093460083
YKL220C,YDL081C,0,-6.27754,0.14452044665813446,0.9929999709129333,0.5878000259399414
YMR052W,YHR118C,0,-6.2781334,0.14449942111968994,0.9929999709129333,0.5878999829292297
YDR420W,YIL105C,0,-6.2784095,0.14447839558124542,0.9929999709129333,0.5879999995231628
YLR148W,YGR020C,0,-6.279167,0.1444573700428009,0.9929999709129333,0.588100016117096
YBR161W,YDR191W,1,-6.2794285,0.14458182454109192,0.9940000176429749,0.588100016117096
YLR103C,YJL029C,0,-6.2800655,0.1445607841014862,0.9940000176429749,0.5881999731063843
YBR279W,YDR086C,0,-6.2809772,0.14453977346420288,0.9940000176429749,0.5882999897003174
YDR377W,YML006C,0,-6.281253,0.14451876282691956,0.9940000176429749,0.5884000062942505
YOR257W,YNL036W,0,-6.281472,0.14449775218963623,0.9940000176429749,0.5885000228881836
YMR014W,YDL229W,0,-6.2825437,0.1444767415523529,0.9940000176429749,0.5885999798774719
YPR200C,YJL095W,0,-6.282653,0.14445574581623077,0.9940000176429749,0.588699996471405
YJL014W,YFL005W,0,-6.283437,0.14443475008010864,0.9940000176429749,0.5888000130653381
YJL170C,YDL135C,0,-6.2843285,0.1444137692451477,0.9940000176429749,0.5889000296592712
YGL025C,YGL004C,0,-6.2843356,0.14439278841018677,0.9940000176429749,0.5889999866485596
YKR055W,YFL038C,0,-6.284535,0.14437182247638702,0.9940000176429749,0.5891000032424927
YKL149C,YER027C,0,-6.2860355,0.14435085654258728,0.9940000176429749,0.5892000198364258
YKL185W,YDR312W,0,-6.286294,0.14432989060878754,0.9940000176429749,0.5892999768257141
YOR130C,YGL175C,0,-6.2876167,0.144308939576149,0.9940000176429749,0.5893999934196472
YJL039C,YHR038W,0,-6.287801,0.14428798854351044,0.9940000176429749,0.5895000100135803
YMR078C,YJL073W,0,-6.2880306,0.14426705241203308,0.9940000176429749,0.5896000266075134
YPL116W,YBR017C,0,-6.289216,0.14424611628055573,0.9940000176429749,0.5896999835968018
YGR142W,YDR156W,0,-6.289484,0.14422519505023956,0.9940000176429749,0.5898000001907349
YGL063W,YDR172W,0,-6.291457,0.1442042589187622,0.9940000176429749,0.589900016784668
YCL016C,YFR002W,0,-6.29409,0.14418335258960724,0.9940000176429749,0.5899999737739563
YLR144C,YMR236W,0,-6.295092,0.14416243135929108,0.9940000176429749,0.5900999903678894
YBR234C,YKL016C,0,-6.2958755,0.1441415250301361,0.9940000176429749,0.5902000069618225
YNL112W,YIL095W,0,-6.2960134,0.14412063360214233,0.9940000176429749,0.5903000235557556
YJL116C,YML028W,0,-6.2965107,0.14409974217414856,0.9940000176429749,0.590399980545044
YPR049C,YMR037C,0,-6.296592,0.14407885074615479,0.9940000176429749,0.590499997138977
YMR068W,YKR061W,0,-6.297142,0.1440579742193222,0.9940000176429749,0.5906000137329102
YNL091W,YER074W-A,0,-6.298208,0.14403709769248962,0.9940000176429749,0.5906999707221985
YDL088C,YLR086W,0,-6.2983065,0.14401622116565704,0.9940000176429749,0.5907999873161316
YAL011W,YDR065W,0,-6.299461,0.14399535953998566,0.9940000176429749,0.5909000039100647
YPL058C,YOR151C,0,-6.3001747,0.14397451281547546,0.9940000176429749,0.5910000205039978
YDR480W,YHR084W,0,-6.300339,0.14395365118980408,0.9940000176429749,0.5910999774932861
YER177W,YNL294C,0,-6.300443,0.14393281936645508,0.9940000176429749,0.5911999940872192
YLR186W,YAR035W,0,-6.3007765,0.14391197264194489,0.9940000176429749,0.5913000106811523
YGL027C,YJR153W,0,-6.3021736,0.1438911408185959,0.9940000176429749,0.5914000272750854
YIR006C,YLR075W,0,-6.302374,0.1438703089952469,0.9940000176429749,0.5914999842643738
YLR129W,YLR005W,0,-6.302788,0.14384949207305908,0.9940000176429749,0.5916000008583069
YPR167C,YPR125W,0,-6.304201,0.14382867515087128,0.9940000176429749,0.59170001745224
YCL034W,YKL045W,0,-6.3045483,0.14380787312984467,0.9940000176429749,0.5917999744415283
YFR031C,YNL079C,0,-6.3047857,0.14378707110881805,0.9940000176429749,0.5918999910354614
YJR065C,YKR014C,0,-6.3048763,0.14376626908779144,0.9940000176429749,0.5920000076293945
YIR037W,YLR086W,0,-6.306071,0.14374548196792603,0.9940000176429749,0.5921000242233276
YPL083C,YML034W,0,-6.306362,0.1437246948480606,0.9940000176429749,0.592199981212616
YNL129W,YGR006W,0,-6.3077164,0.14370392262935638,0.9940000176429749,0.5922999978065491
YOL089C,YPL093W,0,-6.3078613,0.14368315041065216,0.9940000176429749,0.5924000144004822
YGR231C,YGR258C,0,-6.308111,0.14366237819194794,0.9940000176429749,0.5924999713897705
YBR267W,YKR029C,0,-6.308307,0.1436416208744049,0.9940000176429749,0.5925999879837036
YDL002C,YHR205W,0,-6.308445,0.14362086355686188,0.9940000176429749,0.5927000045776367
YPL228W,YOR035C,0,-6.3087926,0.14360012114048004,0.9940000176429749,0.5928000211715698
YNL097C,YPR024W,0,-6.3088818,0.1435793787240982,0.9940000176429749,0.5928999781608582
YLR394W,YGR206W,0,-6.3090034,0.14355863630771637,0.9940000176429749,0.5929999947547913
YHL040C,YER159C,0,-6.30913,0.14353790879249573,0.9940000176429749,0.5931000113487244
YOL043C,YJL168C,0,-6.309371,0.14351718127727509,0.9940000176429749,0.5932000279426575
YER145C,YCL027W,0,-6.3099856,0.14349646866321564,0.9940000176429749,0.5932999849319458
YIR002C,YKL095W,0,-6.311033,0.1434757560491562,0.9940000176429749,0.5934000015258789
YBL003C,YOR362C,0,-6.311386,0.14345504343509674,0.9940000176429749,0.593500018119812
YER016W,YDR208W,0,-6.311755,0.1434343457221985,0.9940000176429749,0.5935999751091003
YER007W,YLR008C,0,-6.3121734,0.14341364800930023,0.9940000176429749,0.5936999917030334
YER118C,YMR095C,0,-6.3126545,0.14339296519756317,0.9940000176429749,0.5938000082969666
YMR048W,YPR104C,0,-6.3129272,0.1433722823858261,0.9940000176429749,0.5939000248908997
YGR267C,YMR145C,0,-6.313144,0.14335159957408905,0.9940000176429749,0.593999981880188
YLR318W,YPL270W,0,-6.313922,0.14333093166351318,0.9940000176429749,0.5940999984741211
YAL003W,YER070W,0,-6.314318,0.14331026375293732,0.9940000176429749,0.5942000150680542
YNL318C,YIL021W,0,-6.3144717,0.14328961074352264,0.9940000176429749,0.5942999720573425
YHL034C,YBR152W,0,-6.3154726,0.14326895773410797,0.9940000176429749,0.5943999886512756
YNR044W,YDR409W,0,-6.3165913,0.1432483047246933,0.9940000176429749,0.5945000052452087
YBR135W,YNL326C,0,-6.3185797,0.14322766661643982,0.9940000176429749,0.5946000218391418
YGL252C,YBR123C,0,-6.319226,0.14320702850818634,0.9940000176429749,0.5946999788284302
YGL017W,YJL065C,0,-6.319282,0.14318640530109406,0.9940000176429749,0.5947999954223633
YJR119C,YBR022W,0,-6.319309,0.14316578209400177,0.9940000176429749,0.5949000120162964
YPR051W,YAL033W,0,-6.3197746,0.14314515888690948,0.9940000176429749,0.5950000286102295
YOL082W,YPR067W,0,-6.3204527,0.1431245505809784,0.9940000176429749,0.5950999855995178
YPR162C,YBR106W,0,-6.3209786,0.1431039422750473,0.9940000176429749,0.5952000021934509
YGR286C,YPL233W,0,-6.3210793,0.1430833488702774,0.9940000176429749,0.595300018787384
YKL160W,YKR020W,0,-6.321163,0.1430627554655075,0.9940000176429749,0.5953999757766724
YNR015W,YJL093C,0,-6.3212423,0.1430421620607376,0.9940000176429749,0.5954999923706055
YGL047W,YDR527W,0,-6.3238897,0.1430215835571289,0.9940000176429749,0.5956000089645386
YEL022W,YOR253W,0,-6.3243575,0.1430010050535202,0.9940000176429749,0.5957000255584717
YBL041W,YGR112W,0,-6.324565,0.1429804414510727,0.9940000176429749,0.59579998254776
YIL051C,YGR258C,0,-6.325159,0.14295987784862518,0.9940000176429749,0.5958999991416931
YOR198C,YDL120W,0,-6.325321,0.14293931424617767,0.9940000176429749,0.5960000157356262
YLR028C,YLR427W,0,-6.325613,0.14291876554489136,0.9940000176429749,0.5960999727249146
YDR385W,YFL033C,0,-6.3264704,0.14289821684360504,0.9940000176429749,0.5961999893188477
YNL027W,YMR036C,0,-6.3264723,0.14287768304347992,0.9940000176429749,0.5963000059127808
YNL112W,YNL133C,0,-6.327406,0.1428571492433548,0.9940000176429749,0.5964000225067139
YOR267C,YPL240C,0,-6.3276215,0.14283661544322968,0.9940000176429749,0.5964999794960022
YER114C,YKL134C,0,-6.327752,0.14281609654426575,0.9940000176429749,0.5965999960899353
YGR264C,YOL142W,0,-6.328802,0.14279557764530182,0.9940000176429749,0.5967000126838684
YGR155W,YJL011C,0,-6.32884,0.1427750587463379,0.9940000176429749,0.5968000292778015
YCR098C,YPR055W,0,-6.330535,0.14275455474853516,0.9940000176429749,0.5968999862670898
YFL024C,YJL073W,0,-6.3308125,0.14273406565189362,0.9940000176429749,0.597000002861023
YBR214W,YGR013W,0,-6.3308635,0.14271356165409088,0.9940000176429749,0.597100019454956
YPL161C,YGR144W,0,-6.331085,0.14269308745861053,0.9940000176429749,0.5971999764442444
YIL051C,YOR043W,0,-6.331129,0.142672598361969,0.9940000176429749,0.5972999930381775
YIR004W,YFL058W,0,-6.3320565,0.14265212416648865,0.9940000176429749,0.5974000096321106
YGL222C,YML074C,0,-6.333999,0.1426316499710083,0.9940000176429749,0.5975000262260437
YAL047C,YMR284W,0,-6.3347883,0.14261119067668915,0.9940000176429749,0.597599983215332
YGL257C,YGL211W,0,-6.3355,0.14259073138237,0.9940000176429749,0.5976999998092651
YER087C-A,YOR187W,0,-6.336344,0.14257028698921204,0.9940000176429749,0.5978000164031982
YJR040W,YIL167W,0,-6.3364363,0.14254982769489288,0.9940000176429749,0.5978999733924866
YFL058W,YDL120W,0,-6.337163,0.14252939820289612,0.9940000176429749,0.5979999899864197
YCL029C,YNL251C,0,-6.3389096,0.14250895380973816,0.9940000176429749,0.5981000065803528
YIL019W,YHR038W,0,-6.3409824,0.1424885392189026,0.9940000176429749,0.5982000231742859
YPL169C,YML041C,0,-6.341042,0.14246810972690582,0.9940000176429749,0.5982999801635742
YKR039W,YDR145W,0,-6.3412337,0.14244769513607025,0.9940000176429749,0.5983999967575073
YIR025W,YNR053C,0,-6.3416357,0.14242728054523468,0.9940000176429749,0.5985000133514404
YNL225C,YLL019C,0,-6.3423896,0.1424068808555603,0.9940000176429749,0.5985999703407288
YJL201W,YKL205W,0,-6.342435,0.14238648116588593,0.9940000176429749,0.5986999869346619
YCL038C,YNL281W,0,-6.3425465,0.14236608147621155,0.9940000176429749,0.598800003528595
YNL059C,YOR113W,0,-6.342574,0.14234569668769836,0.9940000176429749,0.5989000201225281
YBL079W,YDR501W,0,-6.3435717,0.14232531189918518,0.9940000176429749,0.5989999771118164
YDL207W,YJR006W,0,-6.3439794,0.1423049420118332,0.9940000176429749,0.5990999937057495
YOR074C,YBR275C,0,-6.344515,0.1422845721244812,0.9940000176429749,0.5992000102996826
YER019C-A,YDR532C,0,-6.3450375,0.1422642022371292,0.9940000176429749,0.5993000268936157
YPL275W,YNL110C,0,-6.3456364,0.14224384725093842,0.9940000176429749,0.599399983882904
YGR267C,YGL090W,0,-6.345809,0.14222349226474762,0.9940000176429749,0.5995000004768372
YDL113C,YBR039W,0,-6.34638,0.14220315217971802,0.9940000176429749,0.5996000170707703
YOL063C,YER169W,0,-6.346442,0.14218281209468842,0.9940000176429749,0.5996999740600586
YHR186C,YML092C,0,-6.346795,0.1421624720096588,0.9940000176429749,0.5997999906539917
YBR020W,YKL079W,0,-6.347706,0.1421421468257904,0.9940000176429749,0.5999000072479248
YER120W,YML010W,0,-6.347952,0.142121821641922,0.9940000176429749,0.6000000238418579
YIL062C,YJL106W,0,-6.3482413,0.1421014964580536,0.9940000176429749,0.6000999808311462
YLR264W,YDL112W,0,-6.3492956,0.14208118617534637,0.9940000176429749,0.6001999974250793
YKL038W,YGR104C,0,-6.3493147,0.14206087589263916,0.9940000176429749,0.6003000140190125
YGL071W,YJL112W,0,-6.34972,0.14204058051109314,0.9940000176429749,0.6003999710083008
YBR049C,YNL243W,0,-6.3507266,0.14202028512954712,0.9940000176429749,0.6004999876022339
YNL116W,YMR263W,0,-6.3513594,0.1420000046491623,0.9940000176429749,0.600600004196167
YCL055W,YLR166C,0,-6.352057,0.14197972416877747,0.9940000176429749,0.6007000207901001
YOL104C,YGR251W,0,-6.3531933,0.14195944368839264,0.9940000176429749,0.6007999777793884
YPL240C,YLR288C,0,-6.35384,0.1419391632080078,0.9940000176429749,0.6008999943733215
YNR060W,YGR258C,0,-6.3543673,0.14191889762878418,0.9940000176429749,0.6010000109672546
YFL039C,YJR007W,0,-6.3554077,0.14189864695072174,0.9940000176429749,0.6011000275611877
YDR060W,YGR280C,0,-6.3554144,0.1418783962726593,0.9940000176429749,0.6011999845504761
YEL060C,YKL051W,0,-6.3568726,0.14185814559459686,0.9940000176429749,0.6013000011444092
YIL019W,YAL044C,0,-6.357017,0.14183789491653442,0.9940000176429749,0.6014000177383423
YNR058W,YHR108W,0,-6.357792,0.14181765913963318,0.9940000176429749,0.6014999747276306
YGL124C,YBR165W,0,-6.3582797,0.14179743826389313,0.9940000176429749,0.6015999913215637
YNL148C,YIL075C,0,-6.3582935,0.14177720248699188,0.9940000176429749,0.6017000079154968
YOR094W,YGL054C,0,-6.3587465,0.14175698161125183,0.9940000176429749,0.6018000245094299
YDR265W,YNL250W,0,-6.3591537,0.14173677563667297,0.9940000176429749,0.6018999814987183
YLR079W,YNL012W,0,-6.359907,0.14171656966209412,0.9940000176429749,0.6019999980926514
YDR214W,YBR257W,0,-6.359967,0.14169636368751526,0.9940000176429749,0.6021000146865845
YNL239W,YOR216C,0,-6.360572,0.1416761726140976,0.9940000176429749,0.6021999716758728
YDR086C,YGR211W,0,-6.3606577,0.14165598154067993,0.9940000176429749,0.6022999882698059
YPR033C,YLR409C,0,-6.3606815,0.14163579046726227,0.9940000176429749,0.602400004863739
YJL006C,YBL024W,0,-6.3609247,0.1416156142950058,0.9940000176429749,0.6025000214576721
YML099C,YGL192W,0,-6.362095,0.14159543812274933,0.9940000176429749,0.6025999784469604
YAL042W,YOR145C,0,-6.363287,0.14157527685165405,0.9940000176429749,0.6026999950408936
YHL011C,YER041W,0,-6.363858,0.14155511558055878,0.9940000176429749,0.6028000116348267
YDL154W,YCL074W,0,-6.364219,0.1415349543094635,0.9940000176429749,0.6029000282287598
YEL026W,YBR123C,0,-6.364557,0.14151480793952942,0.9940000176429749,0.6029999852180481
YOR056C,YOR305W,0,-6.3650446,0.14149466156959534,0.9940000176429749,0.6031000018119812
YPL243W,YIL129C,0,-6.3653703,0.14147453010082245,0.9940000176429749,0.6032000184059143
YBR173C,YAL002W,0,-6.3661847,0.14145438373088837,0.9940000176429749,0.6032999753952026
YJR047C,YIL068C,0,-6.3662906,0.14143426716327667,0.9940000176429749,0.6033999919891357
YPL255W,YNL127W,0,-6.36671,0.14141413569450378,0.9940000176429749,0.6035000085830688
YNL139C,YLR033W,0,-6.3670907,0.1413940191268921,0.9940000176429749,0.603600025177002
YHL040C,YPR181C,0,-6.3678317,0.1413739174604416,0.9940000176429749,0.6036999821662903
YFR031C,YDR165W,0,-6.3679514,0.1413538157939911,0.9940000176429749,0.6037999987602234
YGL253W,YBR079C,0,-6.3680205,0.1413337141275406,0.9940000176429749,0.6039000153541565
YGR257C,YOR216C,0,-6.36899,0.1413136124610901,0.9940000176429749,0.6039999723434448
YBL099W,YNL207W,0,-6.370143,0.14129352569580078,0.9940000176429749,0.6040999889373779
YHR024C,YGL151W,0,-6.370209,0.14127345383167267,0.9940000176429749,0.604200005531311
YGR220C,YDR303C,0,-6.3707056,0.14125338196754456,0.9940000176429749,0.6043000221252441
YHR157W,YJL011C,0,-6.3708315,0.14123331010341644,0.9940000176429749,0.6043999791145325
YNL062C,YOL012C,0,-6.3708906,0.14121323823928833,0.9940000176429749,0.6044999957084656
YIL010W,YOR106W,0,-6.3714266,0.1411931812763214,0.9940000176429749,0.6046000123023987
YFL024C,YAL043C,0,-6.3726234,0.1411731243133545,0.9940000176429749,0.6047000288963318
YIL142W,YJL101C,0,-6.37298,0.14115308225154877,0.9940000176429749,0.6047999858856201
YMR036C,YPR162C,0,-6.3738804,0.14113304018974304,0.9940000176429749,0.6049000024795532
YLR190W,YMR133W,0,-6.3739295,0.14111299812793732,0.9940000176429749,0.6050000190734863
YJL145W,YDR330W,0,-6.373975,0.14109297096729279,0.9940000176429749,0.6050999760627747
YLL004W,YBR114W,0,-6.3742228,0.14107294380664825,0.9940000176429749,0.6051999926567078
YGR264C,YLR130C,0,-6.374426,0.14105293154716492,0.9940000176429749,0.6053000092506409
YML019W,YHR070W,0,-6.374548,0.14103291928768158,0.9940000176429749,0.605400025844574
YBL085W,YOL095C,0,-6.375946,0.14101290702819824,0.9940000176429749,0.6054999828338623
YOR145C,YDR202C,0,-6.376273,0.1409929096698761,0.9940000176429749,0.6055999994277954
YLR223C,YLR425W,0,-6.3765497,0.14097291231155396,0.9940000176429749,0.6057000160217285
YMR168C,YPL190C,0,-6.3767486,0.1409529149532318,0.9940000176429749,0.6057999730110168
YCR088W,YOL145C,0,-6.376908,0.14093293249607086,0.9940000176429749,0.60589998960495
YOR260W,YKR090W,0,-6.377124,0.1409129500389099,0.9940000176429749,0.6060000061988831
YOR250C,YLL060C,0,-6.3772955,0.14089298248291016,0.9940000176429749,0.6061000227928162
YER146W,YER095W,0,-6.378478,0.1408730149269104,0.9940000176429749,0.6061999797821045
YJR035W,YJL109C,0,-6.378643,0.14085304737091064,0.9940000176429749,0.6062999963760376
YBR294W,YNL253W,0,-6.379101,0.14083309471607208,0.9940000176429749,0.6064000129699707
YNL182C,YDR293C,0,-6.3793955,0.14081314206123352,0.9940000176429749,0.6065000295639038
YEL030W,YHR099W,0,-6.3801427,0.14079320430755615,0.9940000176429749,0.6065999865531921
YCL044C,YDR494W,0,-6.3804502,0.14077326655387878,0.9940000176429749,0.6067000031471252
YGR014W,YDR227W,0,-6.381096,0.14075332880020142,0.9940000176429749,0.6068000197410583
YKL064W,YPL045W,0,-6.381115,0.14073340594768524,0.9940000176429749,0.6068999767303467
YGR288W,YMR096W,0,-6.3835363,0.14071348309516907,0.9940000176429749,0.6069999933242798
YAL042W,YNL049C,0,-6.3836117,0.1406935602426529,0.9940000176429749,0.6071000099182129
YDL236W,YOR063W,0,-6.384121,0.1406736522912979,0.9940000176429749,0.607200026512146
YPL026C,YKR037C,0,-6.385972,0.14065374433994293,0.9940000176429749,0.6072999835014343
YBR283C,YJL087C,0,-6.387803,0.14063383638858795,0.9940000176429749,0.6074000000953674
YLR285W,YIL084C,0,-6.388337,0.14061394333839417,0.9940000176429749,0.6075000166893005
YAL054C,YOR179C,0,-6.388376,0.14059406518936157,0.9940000176429749,0.6075999736785889
YLR039C,YML085C,0,-6.3885746,0.14057417213916779,0.9940000176429749,0.607699990272522
YPL194W,YNR052C,0,-6.3905425,0.1405542939901352,0.9940000176429749,0.6078000068664551
YKL054C,YDR228C,0,-6.390568,0.1405344307422638,0.9940000176429749,0.6079000234603882
YBR185C,YML058W,0,-6.390616,0.1405145674943924,0.9940000176429749,0.6079999804496765
YDL040C,YOR217W,0,-6.391528,0.140494704246521,0.9940000176429749,0.6080999970436096
YBR153W,YKR020W,0,-6.3916054,0.1404748409986496,0.9940000176429749,0.6082000136375427
YMR172W,YBL007C,0,-6.3923798,0.1404549926519394,0.9940000176429749,0.608299970626831
YOR267C,YDL170W,0,-6.3940268,0.1404351443052292,0.9940000176429749,0.6083999872207642
YOL164W,YLR079W,0,-6.394132,0.14041531085968018,0.9940000176429749,0.6085000038146973
YLR186W,YML088W,0,-6.3953094,0.14039547741413116,0.9940000176429749,0.6086000204086304
YIR017C,YOR297C,0,-6.3958874,0.14037565886974335,0.9940000176429749,0.6086999773979187
YLR190W,YNL154C,0,-6.3968234,0.14035582542419434,0.9940000176429749,0.6087999939918518
YJL085W,YHR012W,0,-6.397077,0.1403360217809677,0.9940000176429749,0.6089000105857849
YNL030W,YOR266W,0,-6.3974133,0.1403162032365799,0.9940000176429749,0.609000027179718
YMR312W,YFL038C,0,-6.397524,0.14029639959335327,0.9940000176429749,0.6090999841690063
YOL093W,YHR039C-A,0,-6.397805,0.14027659595012665,0.9940000176429749,0.6092000007629395
YER117W,YML105C,0,-6.398343,0.14025680720806122,0.9940000176429749,0.6093000173568726
YBL016W,YDR292C,0,-6.3986497,0.1402370184659958,0.9940000176429749,0.6093999743461609
YER042W,YNL261W,0,-6.3990817,0.14021724462509155,0.9940000176429749,0.609499990940094
YGL020C,YOR274W,0,-6.3991265,0.14019745588302612,0.9940000176429749,0.6096000075340271
YKL029C,YAL025C,0,-6.401248,0.14017769694328308,0.9940000176429749,0.6097000241279602
YOR094W,YFL059W,0,-6.401285,0.14015792310237885,0.9940000176429749,0.6097999811172485
YOR113W,YOR367W,0,-6.401432,0.1401381641626358,0.9940000176429749,0.6098999977111816
YIR009W,YHR098C,0,-6.401713,0.14011840522289276,0.9940000176429749,0.6100000143051147
YDR099W,YJR006W,0,-6.40444,0.1400986611843109,0.9940000176429749,0.6100999712944031
YNR031C,YKL041W,0,-6.40449,0.14007891714572906,0.9940000176429749,0.6101999878883362
YER027C,YNL201C,0,-6.4053373,0.14005917310714722,0.9940000176429749,0.6103000044822693
YOR095C,YML049C,0,-6.407252,0.14003944396972656,0.9940000176429749,0.6104000210762024
YLR130C,YOR084W,0,-6.407568,0.1400197148323059,0.9940000176429749,0.6104999780654907
YHR069C,YLR135W,0,-6.407648,0.14000000059604645,0.9940000176429749,0.6105999946594238
YGL003C,YGR104C,0,-6.4082623,0.139980286359787,0.9940000176429749,0.6107000112533569
YER042W,YBR276C,0,-6.4104147,0.13996057212352753,0.9940000176429749,0.61080002784729
YKL005C,YKL119C,0,-6.41263,0.13994087278842926,0.9940000176429749,0.6108999848365784
YBL006C,YLR033W,0,-6.4139175,0.139921173453331,0.9940000176429749,0.6110000014305115
YHR114W,YJR033C,0,-6.4141436,0.13990147411823273,0.9940000176429749,0.6111000180244446
YLR370C,YPL133C,0,-6.4149275,0.13988178968429565,0.9940000176429749,0.6111999750137329
YOR014W,YML088W,0,-6.4152126,0.13986210525035858,0.9940000176429749,0.611299991607666
YDL113C,YGL053W,0,-6.415332,0.1398424357175827,0.9940000176429749,0.6114000082015991
YDR214W,YKR059W,0,-6.4163966,0.13982276618480682,0.9940000176429749,0.6115000247955322
YDR386W,YNL091W,0,-6.417724,0.13980309665203094,0.9940000176429749,0.6115999817848206
YLR363C,YDR177W,0,-6.4177732,0.13978342711925507,0.9940000176429749,0.6116999983787537
YGR200C,YNL250W,0,-6.418019,0.13976377248764038,0.9940000176429749,0.6118000149726868
YGR097W,YPL078C,0,-6.418317,0.1397441327571869,0.9940000176429749,0.6118999719619751
YGR204W,YMR214W,0,-6.4189367,0.1397244930267334,0.9940000176429749,0.6119999885559082
YIR028W,YCR060W,0,-6.4195023,0.1397048532962799,0.9940000176429749,0.6121000051498413
YPL046C,YLR396C,0,-6.4195647,0.13968521356582642,0.9940000176429749,0.6122000217437744
YER168C,YLR248W,0,-6.4203386,0.13966558873653412,0.9940000176429749,0.6122999787330627
YDR254W,YMR097C,0,-6.420879,0.13964596390724182,0.9940000176429749,0.6123999953269958
YJR089W,YOR320C,0,-6.421172,0.13962635397911072,0.9940000176429749,0.612500011920929
YDR388W,YLR086W,0,-6.421215,0.13960674405097961,0.9940000176429749,0.6126000285148621
YDR088C,YDR131C,0,-6.421216,0.1395871341228485,0.9940000176429749,0.6126999855041504
YCR020C,YOR308C,0,-6.4222407,0.1395675390958786,0.9940000176429749,0.6128000020980835
YBL013W,YDR137W,0,-6.424648,0.1395479440689087,0.9940000176429749,0.6129000186920166
YBR182C,YDR523C,0,-6.4253983,0.13952834904193878,0.9940000176429749,0.6129999756813049
YHR129C,YPL089C,0,-6.4259744,0.13950876891613007,0.9940000176429749,0.613099992275238
YCL034W,YCL032W,0,-6.426913,0.13948918879032135,0.9940000176429749,0.6132000088691711
YDL101C,YNL182C,0,-6.428773,0.13946962356567383,0.9940000176429749,0.6133000254631042
YGR088W,YML127W,0,-6.429862,0.1394500583410263,0.9940000176429749,0.6133999824523926
YPL112C,YPR016C,0,-6.430341,0.13943049311637878,0.9940000176429749,0.6134999990463257
YPL060W,YNL036W,0,-6.4306555,0.13941094279289246,0.9940000176429749,0.6136000156402588
YKL052C,YPR080W,0,-6.4311047,0.13939139246940613,0.9940000176429749,0.6136999726295471
YJL101C,YGL098W,0,-6.431266,0.1393718421459198,0.9940000176429749,0.6137999892234802
YDR246W,YER024W,0,-6.4318657,0.13935230672359467,0.9940000176429749,0.6139000058174133
YOR037W,YNL297C,0,-6.4333363,0.13933277130126953,0.9940000176429749,0.6140000224113464
YGR167W,YDR258C,0,-6.433854,0.1393132507801056,0.9940000176429749,0.6140999794006348
YOR020C,YBR231C,0,-6.43447,0.13929371535778046,0.9940000176429749,0.6141999959945679
YGL003C,YDR443C,0,-6.434825,0.1392742097377777,0.9940000176429749,0.614300012588501
YIR010W,YFR003C,0,-6.435363,0.13925468921661377,0.9940000176429749,0.6144000291824341
YOL005C,YML124C,0,-6.435543,0.13923518359661102,0.9940000176429749,0.6144999861717224
YLR028C,YOL105C,0,-6.4360633,0.13921569287776947,0.9940000176429749,0.6146000027656555
YLR431C,YLL011W,0,-6.436621,0.13919618725776672,0.9940000176429749,0.6147000193595886
YMR048W,YBL057C,0,-6.4385324,0.13917669653892517,0.9940000176429749,0.614799976348877
YFR033C,YCL001W,0,-6.4393888,0.1391572207212448,0.9940000176429749,0.6148999929428101
YJL125C,YJR153W,0,-6.4393997,0.13913774490356445,0.9940000176429749,0.6150000095367432
YBR119W,YHR098C,0,-6.440137,0.1391182690858841,0.9940000176429749,0.6151000261306763
YBR089C-A,YER126C,0,-6.4405174,0.13909879326820374,0.9940000176429749,0.6151999831199646
YDR192C,YLL040C,0,-6.4405594,0.13907933235168457,0.9940000176429749,0.6152999997138977
YPR154W,YDR422C,0,-6.441398,0.1390598714351654,0.9940000176429749,0.6154000163078308
YFR028C,YDL051W,0,-6.442877,0.13904042541980743,0.9940000176429749,0.6154999732971191
YEL032W,YCR060W,0,-6.4437,0.13902097940444946,0.9940000176429749,0.6155999898910522
YBL052C,YDR363W-A,0,-6.445672,0.1390015333890915,0.9940000176429749,0.6157000064849854
YDL029W,YER019C-A,0,-6.4457445,0.13898210227489471,0.9940000176429749,0.6158000230789185
YBR211C,YCR072C,0,-6.4487314,0.13896267116069794,0.9940000176429749,0.6158999800682068
YPL265W,YPL156C,0,-6.448963,0.13894325494766235,0.9940000176429749,0.6159999966621399
YLR219W,YOL109W,0,-6.449138,0.13892382383346558,0.9940000176429749,0.616100013256073
YJL063C,YJL187C,0,-6.4495516,0.1389044225215912,0.9940000176429749,0.6161999702453613
YBR107C,YGL124C,0,-6.449558,0.1388850063085556,0.9940000176429749,0.6162999868392944
YJR118C,YLR410W,0,-6.4497256,0.1388656049966812,0.9940000176429749,0.6164000034332275
YOR335C,YAL011W,0,-6.44993,0.13884620368480682,0.9940000176429749,0.6165000200271606
YGL187C,YPR125W,0,-6.4512815,0.13882681727409363,0.9940000176429749,0.616599977016449
YMR250W,YGL192W,0,-6.4520435,0.13880743086338043,0.9940000176429749,0.6166999936103821
YIL097W,YLR264W,0,-6.4522715,0.13878804445266724,0.9940000176429749,0.6168000102043152
YDR363W-A,YLR006C,0,-6.452857,0.13876867294311523,0.9940000176429749,0.6169000267982483
YJL168C,YBR069C,0,-6.453072,0.13874930143356323,0.9940000176429749,0.6169999837875366
YDL164C,YBL030C,0,-6.453817,0.13872992992401123,0.9940000176429749,0.6171000003814697
YGL084C,YER024W,0,-6.4551125,0.13871057331562042,0.9940000176429749,0.6172000169754028
YHR183W,YKL042W,0,-6.456053,0.13869121670722961,0.9940000176429749,0.6172999739646912
YMR097C,YKL129C,0,-6.4568543,0.138671875,0.9940000176429749,0.6173999905586243
YGR169C,YGL045W,0,-6.457163,0.13865253329277039,0.9940000176429749,0.6175000071525574
YOR249C,YBR254C,0,-6.457992,0.13863319158554077,0.9940000176429749,0.6176000237464905
YDR364C,YAL058W,0,-6.458635,0.13861386477947235,0.9940000176429749,0.6176999807357788
YOL076W,YLR009W,0,-6.460232,0.13859453797340393,0.9940000176429749,0.6177999973297119
YPR083W,YOR274W,0,-6.4612193,0.1385752111673355,0.9940000176429749,0.617900013923645
YPR046W,YML098W,0,-6.4630346,0.13855589926242828,0.9940000176429749,0.6179999709129333
YKR083C,YLR130C,0,-6.4647336,0.13853658735752106,0.9940000176429749,0.6180999875068665
YCR093W,YNL068C,0,-6.4655266,0.13851727545261383,0.9940000176429749,0.6182000041007996
YDL126C,YLR451W,0,-6.4669857,0.1384979784488678,0.9940000176429749,0.6183000206947327
YDL159W,YPL029W,0,-6.4672446,0.13847868144512177,0.9940000176429749,0.618399977684021
YDL088C,YMR186W,0,-6.4673243,0.13845939934253693,0.9940000176429749,0.6184999942779541
YGR241C,YPR024W,0,-6.4675856,0.1384401172399521,0.9940000176429749,0.6186000108718872
YHR059W,YLR113W,0,-6.4696517,0.13842083513736725,0.9940000176429749,0.6187000274658203
YMR081C,YDR159W,0,-6.4698544,0.1384015530347824,0.9940000176429749,0.6187999844551086
YGL062W,YER019C-A,0,-6.4703364,0.13838228583335876,0.9940000176429749,0.6189000010490417
YNL286W,YDL112W,0,-6.470535,0.1383630335330963,0.9940000176429749,0.6190000176429749
YCR033W,YPR036W,0,-6.470842,0.13834376633167267,0.9940000176429749,0.6190999746322632
YDR473C,YJR126C,0,-6.472063,0.13832451403141022,0.9940000176429749,0.6191999912261963
YKR046C,YIL075C,0,-6.4724846,0.13830527663230896,0.9940000176429749,0.6193000078201294
YBL024W,YHR118C,0,-6.4726944,0.1382860392332077,0.9940000176429749,0.6194000244140625
YBR009C,YOR340C,0,-6.4727936,0.13826680183410645,0.9940000176429749,0.6194999814033508
YHR157W,YMR059W,0,-6.4729404,0.1382475644350052,0.9940000176429749,0.6195999979972839
YDR101C,YLR208W,0,-6.4729548,0.13822834193706512,0.9940000176429749,0.619700014591217
YLL061W,YNL333W,0,-6.473155,0.13820911943912506,0.9940000176429749,0.6197999715805054
YML051W,YJL143W,0,-6.4734526,0.1381899118423462,0.9940000176429749,0.6198999881744385
YPR052C,YMR039C,0,-6.4746485,0.13817070424556732,0.9940000176429749,0.6200000047683716
YPL268W,YGL249W,0,-6.4750547,0.13815149664878845,0.9940000176429749,0.6201000213623047
YBL088C,YDR002W,0,-6.47775,0.13813228905200958,0.9940000176429749,0.620199978351593
YJL112W,YDR308C,0,-6.477915,0.1381130963563919,0.9940000176429749,0.6202999949455261
YOR030W,YER171W,0,-6.47851,0.13809391856193542,0.9940000176429749,0.6204000115394592
YOL146W,YMR201C,0,-6.481262,0.13807472586631775,0.9940000176429749,0.6205000281333923
YBR275C,YPL218W,0,-6.4816146,0.13805556297302246,0.9940000176429749,0.6205999851226807
YLR401C,YFR053C,0,-6.481737,0.13803638517856598,0.9940000176429749,0.6207000017166138
YBR133C,YPR133C,0,-6.4818735,0.1380172222852707,0.9940000176429749,0.6208000183105469
YEL036C,YFR053C,0,-6.4829597,0.1379980593919754,0.9940000176429749,0.6208999752998352
YIL046W,YDR461W,0,-6.48492,0.13797889649868011,0.9940000176429749,0.6209999918937683
YPR112C,YDR255C,0,-6.4849815,0.13795974850654602,0.9940000176429749,0.6211000084877014
YLL042C,YDL002C,0,-6.4854693,0.13794060051441193,0.9940000176429749,0.6212000250816345
YHR089C,YJR070C,0,-6.4873796,0.13792146742343903,0.9940000176429749,0.6212999820709229
YKL186C,YLR447C,0,-6.487779,0.13790233433246613,0.9940000176429749,0.621399998664856
YPR119W,YLR208W,0,-6.4883494,0.13788320124149323,0.9940000176429749,0.6215000152587891
YFL029C,YKR059W,0,-6.488718,0.13786408305168152,0.9940000176429749,0.6215999722480774
YDL230W,YDL153C,0,-6.4893775,0.1378449648618698,0.9940000176429749,0.6216999888420105
YOR381W,YNL151C,0,-6.489429,0.1378258466720581,0.9940000176429749,0.6218000054359436
YMR036C,YAL029C,0,-6.4896946,0.1378067433834076,0.9940000176429749,0.6219000220298767
YOR243C,YJL148W,0,-6.4899883,0.13778764009475708,0.9940000176429749,0.621999979019165
YJR091C,YER116C,0,-6.4909,0.13776853680610657,0.9940000176429749,0.6220999956130981
YHR164C,YDL116W,0,-6.4924717,0.13774944841861725,0.9940000176429749,0.6222000122070312
YHR160C,YKL117W,0,-6.493183,0.13773036003112793,0.9940000176429749,0.6223000288009644
YDR416W,YPL253C,0,-6.4932666,0.1377112716436386,0.9940000176429749,0.6223999857902527
YDR081C,YGR231C,0,-6.4940505,0.13769219815731049,0.9940000176429749,0.6225000023841858
YFR036W,YNL160W,0,-6.494117,0.13767312467098236,0.9940000176429749,0.6226000189781189
YJR090C,YMR183C,0,-6.4952745,0.13765406608581543,0.9940000176429749,0.6226999759674072
YNR054C,YDR060W,0,-6.4954295,0.1376350075006485,0.9940000176429749,0.6227999925613403
YER168C,YMR290C,0,-6.496507,0.13761594891548157,0.9940000176429749,0.6229000091552734
YOR178C,YDR473C,0,-6.4969597,0.13759690523147583,0.9940000176429749,0.6230000257492065
YJL085W,YBR034C,0,-6.497341,0.1375778615474701,0.9940000176429749,0.6230999827384949
YFR036W,YLR272C,0,-6.497463,0.13755881786346436,0.9940000176429749,0.623199999332428
YJL081C,YML098W,0,-6.4977546,0.13753977417945862,0.9940000176429749,0.6233000159263611
YDR045C,YBR165W,0,-6.497762,0.13752074539661407,0.9940000176429749,0.6233999729156494
YGL067W,YDL230W,0,-6.4977655,0.13750173151493073,0.9940000176429749,0.6234999895095825
YPR100W,YLR134W,0,-6.4988265,0.13748271763324738,0.9940000176429749,0.6236000061035156
YJL073W,YDR060W,0,-6.499118,0.13746370375156403,0.9940000176429749,0.6237000226974487
YLL035W,YOR270C,0,-6.499123,0.13744468986988068,0.9940000176429749,0.6237999796867371
YPL270W,YMR235C,0,-6.50094,0.13742569088935852,0.9940000176429749,0.6238999962806702
YGR142W,YPR125W,0,-6.5016174,0.13740669190883636,0.9940000176429749,0.6240000128746033
YBR276C,YDR450W,0,-6.5016575,0.1373876929283142,0.9940000176429749,0.6241000294685364
YGL192W,YLR166C,0,-6.5017614,0.13736870884895325,0.9940000176429749,0.6241999864578247
YPL242C,YLR086W,0,-6.5019283,0.13734972476959229,0.9940000176429749,0.6243000030517578
YOR244W,YML047C,0,-6.503092,0.13733075559139252,0.9940000176429749,0.6244000196456909
YPL100W,YDL055C,0,-6.5036263,0.13731178641319275,0.9940000176429749,0.6244999766349792
YNR053C,YIL017C,0,-6.5037584,0.13729281723499298,0.9940000176429749,0.6245999932289124
YJR127C,YGR074W,0,-6.5047855,0.1372738629579544,0.9940000176429749,0.6247000098228455
YBR010W,YDR140W,0,-6.507065,0.13725490868091583,0.9940000176429749,0.6248000264167786
YJL071W,YDR485C,0,-6.5072637,0.13723595440387726,0.9940000176429749,0.6248999834060669
YPR068C,YLR409C,0,-6.507427,0.13721700012683868,0.9940000176429749,0.625
YLL036C,YGR209C,0,-6.507702,0.1371980607509613,0.9940000176429749,0.6251000165939331
YJL116C,YLR321C,0,-6.5081983,0.13717913627624512,0.9940000176429749,0.6251999735832214
YGR238C,YDL154W,0,-6.508398,0.13716019690036774,0.9940000176429749,0.6252999901771545
YLR043C,YBR173C,0,-6.5093164,0.13714128732681274,0.9940000176429749,0.6254000067710876
YBL064C,YGR024C,0,-6.5108423,0.13712236285209656,0.9940000176429749,0.6255000233650208
YGR046W,YMR284W,0,-6.510847,0.13710345327854156,0.9940000176429749,0.6255999803543091
YNR052C,YOR004W,0,-6.512553,0.13708454370498657,0.9940000176429749,0.6256999969482422
YGR278W,YPL046C,0,-6.5137315,0.13706563413143158,0.9940000176429749,0.6258000135421753
YCR098C,YKL195W,0,-6.514371,0.13704673945903778,0.9940000176429749,0.6258999705314636
YMR142C,YGL022W,0,-6.5144567,0.13702784478664398,0.9940000176429749,0.6259999871253967
YML128C,YLR183C,0,-6.514517,0.13700896501541138,0.9940000176429749,0.6261000037193298
YGL061C,YPL242C,0,-6.5147324,0.13699007034301758,0.9940000176429749,0.6262000203132629
YDR378C,YJL074C,0,-6.515363,0.13697120547294617,0.9940000176429749,0.6262999773025513
YGL106W,YBR043C,0,-6.515375,0.13695232570171356,0.9940000176429749,0.6263999938964844
YDL017W,YJL052W,0,-6.5165133,0.13693346083164215,0.9940000176429749,0.6265000104904175
YLR425W,YKR020W,0,-6.5167475,0.13691459596157074,0.9940000176429749,0.6266000270843506
YJL071W,YGL014W,0,-6.5173655,0.13689574599266052,0.9940000176429749,0.6266999840736389
YDL194W,YKR056W,0,-6.519495,0.1368768960237503,0.9940000176429749,0.626800000667572
YNL286W,YOR232W,0,-6.519685,0.1368580460548401,0.9940000176429749,0.6269000172615051
YBR211C,YDL047W,0,-6.520357,0.13683921098709106,0.9940000176429749,0.6269999742507935
YHR027C,YER074W-A,0,-6.5213337,0.13682037591934204,0.9940000176429749,0.6270999908447266
YEL016C,YJL127C,0,-6.521414,0.13680154085159302,0.9940000176429749,0.6272000074386597
YIL034C,YDR424C,0,-6.521702,0.1367827206850052,0.9940000176429749,0.6273000240325928
YNL136W,YJL207C,0,-6.522095,0.13676390051841736,0.9940000176429749,0.6273999810218811
YGR098C,YKL144C,0,-6.523039,0.13674508035182953,0.9940000176429749,0.6274999976158142
YOR266W,YBL033C,0,-6.523485,0.1367262750864029,0.9940000176429749,0.6276000142097473
YPR154W,YNL216W,0,-6.5235724,0.13670746982097626,0.9940000176429749,0.6276999711990356
YNL023C,YHR027C,0,-6.5244875,0.13668866455554962,0.9940000176429749,0.6277999877929688
YER016W,YLR166C,0,-6.5246863,0.13666987419128418,0.9940000176429749,0.6279000043869019
YBL013W,YBL055C,0,-6.5247164,0.13665108382701874,0.9940000176429749,0.628000020980835
YHR059W,YGL133W,0,-6.5250616,0.1366323083639145,0.9940000176429749,0.6280999779701233
YJL095W,YDR423C,0,-6.5255704,0.13661351799964905,0.9940000176429749,0.6281999945640564
YDR377W,YER013W,0,-6.5257454,0.136594757437706,0.9940000176429749,0.6283000111579895
YJL085W,YBR095C,0,-6.525961,0.13657598197460175,0.9940000176429749,0.6284000277519226
YML077W,YAL003W,0,-6.5261416,0.1365572214126587,0.9940000176429749,0.6284999847412109
YPL037C,YER151C,0,-6.5266037,0.13653846085071564,0.9940000176429749,0.628600001335144
YPR162C,YOR035C,0,-6.527196,0.13651971518993378,0.9940000176429749,0.6287000179290771
YPL240C,YLR026C,0,-6.5275073,0.13650095462799072,0.9940000176429749,0.6287999749183655
YOR174W,YNL066W,0,-6.528165,0.13648222386837006,0.9940000176429749,0.6288999915122986
YOR267C,YOR191W,0,-6.5291677,0.1364634782075882,0.9940000176429749,0.6290000081062317
YIR004W,YDR325W,0,-6.529948,0.13644474744796753,0.9940000176429749,0.6291000247001648
YLR256W,YOL146W,0,-6.5301538,0.13642601668834686,0.9940000176429749,0.6291999816894531
YDR103W,YER031C,0,-6.530364,0.1364073008298874,0.9940000176429749,0.6292999982833862
YPR072W,YIL056W,0,-6.5313497,0.13638858497142792,0.9940000176429749,0.6294000148773193
YPL132W,YDL076C,0,-6.533038,0.13636986911296844,0.9940000176429749,0.6294999718666077
YNL072W,YPR024W,0,-6.533565,0.13635116815567017,0.9940000176429749,0.6295999884605408
YLR080W,YLR342W,0,-6.5339527,0.1363324671983719,0.9940000176429749,0.6297000050544739
YML011C,YNL272C,0,-6.5340147,0.1363137662410736,0.9940000176429749,0.629800021648407
YPR167C,YLR409C,0,-6.534402,0.13629508018493652,0.9940000176429749,0.6298999786376953
YDL064W,YKR020W,0,-6.5353413,0.13627639412879944,0.9940000176429749,0.6299999952316284
YLL043W,YIR041W,0,-6.537096,0.13625770807266235,0.9940000176429749,0.6301000118255615
YBL013W,YOL059W,0,-6.5371456,0.13623903691768646,0.9940000176429749,0.6302000284194946
YNR074C,YGL136C,0,-6.5374966,0.13622036576271057,0.9940000176429749,0.630299985408783
YLR138W,YOL038W,0,-6.540208,0.13620169460773468,0.9940000176429749,0.6304000020027161
YIL076W,YGL097W,0,-6.5405946,0.13618303835391998,0.9940000176429749,0.6305000185966492
YML067C,YPR143W,0,-6.5419474,0.13616438210010529,0.9940000176429749,0.6305999755859375
YDL088C,YBL103C,0,-6.5421762,0.13614574074745178,0.9940000176429749,0.6306999921798706
YOR226C,YOR353C,0,-6.5432215,0.13612708449363708,0.9940000176429749,0.6308000087738037
YML005W,YDR002W,0,-6.545403,0.13610844314098358,0.9940000176429749,0.6309000253677368
YBR205W,YER105C,0,-6.5454297,0.13608981668949127,0.9940000176429749,0.6309999823570251
YER036C,YHL034C,0,-6.5457773,0.13607119023799896,0.9940000176429749,0.6310999989509583
YGR089W,YNL102W,0,-6.546725,0.13605256378650665,0.9940000176429749,0.6312000155448914
YNL014W,YDL043C,0,-6.547345,0.13603393733501434,0.9940000176429749,0.6312999725341797
YJR139C,YMR016C,0,-6.548057,0.13601532578468323,0.9940000176429749,0.6313999891281128
YBR245C,YDR422C,0,-6.548218,0.1359967142343521,0.9940000176429749,0.6315000057220459
YLR248W,YOL143C,0,-6.5485506,0.1359781175851822,0.9940000176429749,0.631600022315979
YAL047C,YGL098W,0,-6.5485744,0.13595950603485107,0.9940000176429749,0.6316999793052673
YCR088W,YHR065C,0,-6.5497165,0.13594092428684235,0.9940000176429749,0.6317999958992004
YPL211W,YNL313C,0,-6.5503006,0.13592232763767242,0.9940000176429749,0.6319000124931335
YDR512C,YML032C,0,-6.550642,0.1359037458896637,0.9940000176429749,0.6320000290870667
YDL115C,YJR002W,0,-6.550832,0.13588516414165497,0.9940000176429749,0.632099986076355
YGR288W,YHR065C,0,-6.55134,0.13586659729480743,0.9940000176429749,0.6322000026702881
YBR034C,YBR223C,0,-6.552922,0.1358480304479599,0.9940000176429749,0.6323000192642212
YOR150W,YCR053W,0,-6.5544076,0.13582946360111237,0.9940000176429749,0.6323999762535095
YNR044W,YGR275W,0,-6.555128,0.13581089675426483,0.9940000176429749,0.6324999928474426
YHL002W,YDR225W,0,-6.555171,0.1357923448085785,0.9940000176429749,0.6326000094413757
YNL218W,YML034W,0,-6.555223,0.13577380776405334,0.9940000176429749,0.6327000260353088
YER016W,YMR077C,0,-6.556029,0.135755255818367,0.9940000176429749,0.6327999830245972
YPL267W,YKL084W,0,-6.556705,0.13573671877384186,0.9940000176429749,0.6328999996185303
YML006C,YEL032W,0,-6.557561,0.1357181817293167,0.9940000176429749,0.6330000162124634
YNR072W,YIR041W,0,-6.5576077,0.13569965958595276,0.9940000176429749,0.6330999732017517
YBR072W,YKL194C,0,-6.558196,0.1356811374425888,0.9940000176429749,0.6331999897956848
YJR105W,YOL109W,0,-6.5583153,0.13566261529922485,0.9940000176429749,0.6333000063896179
YCR084C,YPL019C,0,-6.5591702,0.1356441080570221,0.9940000176429749,0.633400022983551
YOL156W,YDR246W,0,-6.5599527,0.13562560081481934,0.9940000176429749,0.6334999799728394
YDR258C,YML120C,0,-6.560302,0.13560709357261658,0.9940000176429749,0.6335999965667725
YMR314W,YNL333W,0,-6.560582,0.135588601231575,0.9940000176429749,0.6337000131607056
YLL061W,YNL047C,0,-6.5608163,0.13557010889053345,0.9940000176429749,0.6338000297546387
YMR056C,YER082C,0,-6.561062,0.13555161654949188,0.9940000176429749,0.633899986743927
YGL153W,YLR316C,0,-6.561128,0.1355331391096115,0.9940000176429749,0.6340000033378601
YNL133C,YHR099W,0,-6.563806,0.13551466166973114,0.9940000176429749,0.6341000199317932
YNL272C,YJL056C,0,-6.5639424,0.13549618422985077,0.9940000176429749,0.6341999769210815
YNR027W,YGL075C,0,-6.564717,0.1354777216911316,0.9940000176429749,0.6342999935150146
YMR025W,YML040W,0,-6.5655775,0.13545925915241241,0.9940000176429749,0.6344000101089478
YER051W,YOR310C,0,-6.566583,0.13544079661369324,0.9940000176429749,0.6345000267028809
YBR072W,YGR040W,0,-6.566896,0.13542234897613525,0.9940000176429749,0.6345999836921692
YBL009W,YCR084C,0,-6.5671973,0.13540390133857727,0.9940000176429749,0.6347000002861023
YPL240C,YBR245C,0,-6.5677,0.1353854537010193,0.9940000176429749,0.6348000168800354
YDR263C,YDL115C,0,-6.5687675,0.1353670209646225,0.9940000176429749,0.6348999738693237
YGR267C,YMR231W,0,-6.5693703,0.1353485882282257,0.9940000176429749,0.6349999904632568
YER172C,YPR144C,0,-6.570584,0.13533015549182892,0.9940000176429749,0.6351000070571899
YER159C,YOR281C,0,-6.5707874,0.13531173765659332,0.9940000176429749,0.635200023651123
YPL037C,YOL109W,0,-6.5717754,0.13529331982135773,0.9940000176429749,0.6352999806404114
YLL060C,YGL192W,0,-6.572306,0.13527490198612213,0.9940000176429749,0.6353999972343445
YCR005C,YDL024C,0,-6.5725627,0.13525649905204773,0.9940000176429749,0.6355000138282776
YER095W,YPR187W,0,-6.572564,0.13523809611797333,0.9940000176429749,0.6355999708175659
YIL132C,YGR238C,0,-6.572803,0.13521969318389893,0.9940000176429749,0.635699987411499
YER025W,YKR037C,0,-6.573202,0.13520130515098572,0.9940000176429749,0.6358000040054321
YPR125W,YPL033C,0,-6.573814,0.1351829171180725,0.9940000176429749,0.6359000205993652
YER083C,YOL144W,0,-6.5750995,0.1351645290851593,0.9940000176429749,0.6359999775886536
YNL199C,YMR067C,0,-6.575142,0.1351461559534073,0.9940000176429749,0.6360999941825867
YDR097C,YOL005C,0,-6.5751424,0.13512778282165527,0.9940000176429749,0.6362000107765198
YPL018W,YDR174W,0,-6.5752554,0.13510942459106445,0.9940000176429749,0.6363000273704529
YNR033W,YIL040W,0,-6.575448,0.13509105145931244,0.9940000176429749,0.6363999843597412
YLL006W,YLR221C,0,-6.5757427,0.13507269322872162,0.9940000176429749,0.6365000009536743
YGR220C,YER178W,0,-6.575864,0.135054349899292,0.9940000176429749,0.6366000175476074
YBL041W,YKL012W,0,-6.5760612,0.13503600656986237,0.9940000176429749,0.6366999745368958
YOR284W,YBL061C,0,-6.5766144,0.13501766324043274,0.9940000176429749,0.6367999911308289
YKR083C,YPL224C,0,-6.5776067,0.1349993199110031,0.9940000176429749,0.636900007724762
YBR135W,YKR019C,0,-6.578777,0.13498099148273468,0.9940000176429749,0.6370000243186951
YBR260C,YDL216C,0,-6.580229,0.13496266305446625,0.9940000176429749,0.6370999813079834
YDR099W,YEL016C,0,-6.580285,0.13494433462619781,0.9940000176429749,0.6371999979019165
YIL106W,YGL210W,0,-6.581485,0.13492602109909058,0.9940000176429749,0.6373000144958496
YOL038W,YOL124C,0,-6.581603,0.13490770757198334,0.9940000176429749,0.6373999714851379
YDR208W,YOR179C,0,-6.581689,0.1348894089460373,0.9940000176429749,0.637499988079071
YKR001C,YJL029C,0,-6.581995,0.13487109541893005,0.9940000176429749,0.6376000046730042
YOR332W,YGL104C,0,-6.583845,0.134852796792984,0.9940000176429749,0.6377000212669373
YDR499W,YOR018W,0,-6.584147,0.13483451306819916,0.9940000176429749,0.6377999782562256
YDR202C,YNL070W,0,-6.5844364,0.1348162144422531,0.9940000176429749,0.6378999948501587
YJR089W,YNL032W,0,-6.5846562,0.13479794561862946,0.9940000176429749,0.6380000114440918
YJR139C,YLR272C,0,-6.5850763,0.1347796618938446,0.9940000176429749,0.6381000280380249
YMR299C,YFR033C,0,-6.5851936,0.13476139307022095,0.9940000176429749,0.6381999850273132
YKL016C,YOL138C,0,-6.587536,0.1347431242465973,0.9940000176429749,0.6383000016212463
YNL065W,YKL178C,0,-6.5879064,0.13472485542297363,0.9940000176429749,0.6384000182151794
YDL231C,YGR063C,0,-6.5887675,0.13470660150051117,0.9940000176429749,0.6384999752044678
YOL078W,YGL048C,0,-6.5891604,0.1346883475780487,0.9940000176429749,0.6385999917984009
YPL093W,YHR118C,0,-6.589636,0.13467009365558624,0.9940000176429749,0.638700008392334
YIR041W,YLR045C,0,-6.589674,0.13465185463428497,0.9940000176429749,0.6388000249862671
YNL258C,YDR281C,0,-6.589878,0.1346336156129837,0.9940000176429749,0.6388999819755554
YGR098C,YNL153C,0,-6.5903454,0.13461539149284363,0.9940000176429749,0.6389999985694885
YML130C,YER151C,0,-6.5904922,0.13459715247154236,0.9940000176429749,0.6391000151634216
YHR166C,YMR267W,0,-6.5905275,0.13457892835140228,0.9940000176429749,0.63919997215271
YOL164W,YML041C,0,-6.591543,0.1345607191324234,0.9940000176429749,0.6392999887466431
YPL021W,YOR320C,0,-6.59233,0.13454249501228333,0.9940000176429749,0.6394000053405762
YDL031W,YHL009C,0,-6.592402,0.13452428579330444,0.9940000176429749,0.6395000219345093
YPR141C,YIL070C,0,-6.5932283,0.13450609147548676,0.9940000176429749,0.6395999789237976
YMR288W,YJL139C,0,-6.59811,0.13448789715766907,0.9940000176429749,0.6396999955177307
YDR361C,YML064C,0,-6.5988626,0.13446970283985138,0.9940000176429749,0.6398000121116638
YLR002C,YLR455W,0,-6.5991287,0.1344515085220337,0.9940000176429749,0.6399000287055969
YPR100W,YGL038C,0,-6.5993137,0.1344333291053772,0.9940000176429749,0.6399999856948853
YHR150W,YLR448W,0,-6.601624,0.1344151496887207,0.9940000176429749,0.6401000022888184
YDL207W,YLR154C,0,-6.6024294,0.1343969702720642,0.9940000176429749,0.6402000188827515
YOR030W,YGR002C,0,-6.6031437,0.1343788057565689,0.9940000176429749,0.6402999758720398
YDR420W,YPL188W,0,-6.6037016,0.1343606412410736,0.9940000176429749,0.6403999924659729
YOL088C,YMR236W,0,-6.6037774,0.1343424767255783,0.9940000176429749,0.640500009059906
YGR121C,YBR082C,0,-6.603858,0.1343243271112442,0.9940000176429749,0.6406000256538391
YNR027W,YDR158W,0,-6.6040373,0.1343061774969101,0.9940000176429749,0.6406999826431274
YAL042W,YJL087C,0,-6.605891,0.134288027882576,0.9940000176429749,0.6407999992370605
YGL020C,YMR201C,0,-6.606733,0.13426989316940308,0.9940000176429749,0.6409000158309937
YGL245W,YFR029W,0,-6.607379,0.13425175845623016,0.9940000176429749,0.640999972820282
YJR033C,YMR061W,0,-6.607957,0.13423362374305725,0.9940000176429749,0.6410999894142151
YHL019C,YKR097W,0,-6.608208,0.13421550393104553,0.9940000176429749,0.6412000060081482
YAL012W,YNL248C,0,-6.609307,0.1341973841190338,0.9940000176429749,0.6413000226020813
YER149C,YML064C,0,-6.6094413,0.1341792643070221,0.9940000176429749,0.6413999795913696
YGR268C,YPR144C,0,-6.6101003,0.13416115939617157,0.9940000176429749,0.6414999961853027
YPR138C,YHR031C,0,-6.6105194,0.13414305448532104,0.9940000176429749,0.6416000127792358
YBL022C,YHL022C,0,-6.610711,0.13412494957447052,0.9940000176429749,0.641700029373169
YNL287W,YAL047C,0,-6.610853,0.1341068595647812,0.9940000176429749,0.6417999863624573
YHR148W,YAL030W,0,-6.611124,0.13408876955509186,0.9940000176429749,0.6419000029563904
YBR210W,YNL160W,0,-6.612181,0.13407067954540253,0.9940000176429749,0.6420000195503235
YLR115W,YKR063C,0,-6.6133747,0.1340525895357132,0.9940000176429749,0.6420999765396118
YGR121C,YHR077C,0,-6.6137094,0.13403451442718506,0.9940000176429749,0.6421999931335449
YNR056C,YML110C,0,-6.6143084,0.13401645421981812,0.9940000176429749,0.642300009727478
YPL228W,YHR194W,0,-6.614569,0.13399837911128998,0.9940000176429749,0.6424000263214111
YDR308C,YLR132C,0,-6.615813,0.13398031890392303,0.9940000176429749,0.6424999833106995
YMR192W,YLR139C,0,-6.6168613,0.1339622586965561,0.9940000176429749,0.6425999999046326
YLR435W,YDR325W,0,-6.61701,0.13394421339035034,0.9940000176429749,0.6427000164985657
YNL153C,YLR134W,0,-6.61797,0.1339261680841446,0.9940000176429749,0.642799973487854
YPL098C,YNL206C,0,-6.6183543,0.13390812277793884,0.9940000176429749,0.6428999900817871
YMR276W,YGR089W,0,-6.6186,0.1338900923728943,0.9940000176429749,0.6430000066757202
YML036W,YJL124C,0,-6.6190395,0.13387204706668854,0.9940000176429749,0.6431000232696533
YLL026W,YDR201W,0,-6.619133,0.13385403156280518,0.9940000176429749,0.6431999802589417
YER146W,YHR070W,0,-6.6192384,0.13383600115776062,0.9940000176429749,0.6432999968528748
YJL090C,YGR002C,0,-6.6214247,0.13381798565387726,0.9940000176429749,0.6434000134468079
YDL051W,YJR059W,0,-6.621911,0.1337999701499939,0.9940000176429749,0.6434999704360962
YPL181W,YMR192W,0,-6.622078,0.13378196954727173,0.9940000176429749,0.6435999870300293
YGL106W,YDR218C,0,-6.6220913,0.13376396894454956,0.9940000176429749,0.6437000036239624
YKL176C,YPL019C,0,-6.623393,0.1337459683418274,0.9940000176429749,0.6438000202178955
YML116W,YDL014W,0,-6.6242037,0.13372796773910522,0.9940000176429749,0.6438999772071838
YML099C,YDR256C,0,-6.624672,0.13370998203754425,0.9940000176429749,0.6439999938011169
YIL103W,YHR089C,0,-6.624839,0.13369199633598328,0.9940000176429749,0.64410001039505
YER042W,YDR484W,0,-6.62501,0.1336740255355835,0.9940000176429749,0.6442000269889832
YDR424C,YOR035C,0,-6.6263704,0.13365603983402252,0.9940000176429749,0.6442999839782715
YFL031W,YGR202C,1,-6.626398,0.13377252221107483,0.9950000047683716,0.6442999839782715
YLR418C,YGR158C,0,-6.6266255,0.13375453650951385,0.9950000047683716,0.6444000005722046
YGR206W,YGR004W,0,-6.628635,0.13373656570911407,0.9950000047683716,0.6445000171661377
YIL034C,YGL241W,0,-6.628844,0.1337185800075531,0.9950000047683716,0.644599974155426
YPR201W,YDR228C,0,-6.629275,0.13370062410831451,0.9950000047683716,0.6446999907493591
YJR078W,YPL253C,0,-6.629816,0.13368265330791473,0.9950000047683716,0.6448000073432922
YOR257W,YHR008C,0,-6.630901,0.13366469740867615,0.9950000047683716,0.6449000239372253
YDL155W,YDR317W,0,-6.6311045,0.13364674150943756,0.9950000047683716,0.6449999809265137
YGL090W,YDR479C,0,-6.6313696,0.13362880051136017,0.9950000047683716,0.6450999975204468
YMR290C,YNL163C,0,-6.6315045,0.13361084461212158,0.9950000047683716,0.6452000141143799
YGL095C,YDR451C,0,-6.6318154,0.1335929036140442,0.9950000047683716,0.6452999711036682
YNL278W,YOL043C,0,-6.631966,0.133574977517128,0.9950000047683716,0.6453999876976013
YOR328W,YHR099W,0,-6.6328263,0.1335570514202118,0.9950000047683716,0.6455000042915344
YBL084C,YER042W,0,-6.633012,0.1335391253232956,0.9950000047683716,0.6456000208854675
YDL223C,YLR303W,0,-6.633177,0.1335211992263794,0.9950000047683716,0.6456999778747559
YIR013C,YGL253W,0,-6.633445,0.1335032880306244,0.9950000047683716,0.645799994468689
YFR033C,YIL153W,0,-6.633977,0.13348537683486938,0.9950000047683716,0.6459000110626221
YGR264C,YMR314W,0,-6.6345086,0.13346746563911438,0.9950000047683716,0.6460000276565552
YOL100W,YHR070W,0,-6.6349325,0.13344956934452057,0.9950000047683716,0.6460999846458435
YLL036C,YGR280C,0,-6.637018,0.13343167304992676,0.9950000047683716,0.6462000012397766
YBR068C,YMR125W,0,-6.637312,0.13341377675533295,0.9950000047683716,0.6463000178337097
YJL076W,YKL040C,0,-6.6375093,0.13339589536190033,0.9950000047683716,0.646399974822998
YGR275W,YAL047C,0,-6.6390862,0.1333780139684677,0.9950000047683716,0.6464999914169312
YNL232W,YOR018W,0,-6.6393166,0.1333601325750351,0.9950000047683716,0.6466000080108643
YDR244W,YKR050W,0,-6.639387,0.13334226608276367,0.9950000047683716,0.6467000246047974
YMR283C,YKL178C,0,-6.640433,0.13332439959049225,0.9950000047683716,0.6467999815940857
YER183C,YNR053C,0,-6.6405077,0.13330653309822083,0.9950000047683716,0.6468999981880188
YGR286C,YDL135C,0,-6.6405754,0.1332886815071106,0.9950000047683716,0.6470000147819519
YLR134W,YLR346C,0,-6.640741,0.13327082991600037,0.9950000047683716,0.6470999717712402
YOL164W,YOL100W,0,-6.6409206,0.13325297832489014,0.9950000047683716,0.6471999883651733
YPL164C,YGR128C,0,-6.644665,0.1332351416349411,0.9950000047683716,0.6473000049591064
YOR063W,YFL049W,0,-6.645134,0.13321730494499207,0.9950000047683716,0.6474000215530396
YPL101W,YOR027W,0,-6.6455536,0.13319946825504303,0.9950000047683716,0.6474999785423279
YGL246C,YPL042C,0,-6.6472,0.133181631565094,0.9950000047683716,0.647599995136261
YLR013W,YDL080C,0,-6.647457,0.13316380977630615,0.9950000047683716,0.6477000117301941
YBR036C,YPR173C,1,-6.647538,0.13327980041503906,0.9959999918937683,0.6477000117301941
YLR035C,YLR183C,0,-6.647857,0.13326197862625122,0.9959999918937683,0.6478000283241272
YIL115C,YJR104C,0,-6.648413,0.13324414193630219,0.9959999918937683,0.6478999853134155
YIL033C,YML006C,0,-6.6485376,0.13322632014751434,0.9959999918937683,0.6480000019073486
YKL084W,YLR403W,0,-6.6488085,0.1332085132598877,0.9959999918937683,0.6481000185012817
YKL110C,YMR225C,0,-6.6488543,0.13319069147109985,0.9959999918937683,0.6481999754905701
YDR463W,YJR046W,0,-6.6492605,0.1331728845834732,0.9959999918937683,0.6482999920845032
YJR047C,YJL141C,0,-6.649385,0.13315507769584656,0.9959999918937683,0.6484000086784363
YDR256C,YPR007C,0,-6.6494756,0.1331372857093811,0.9959999918937683,0.6485000252723694
YNL172W,YER005W,0,-6.6503744,0.13311949372291565,0.9959999918937683,0.6485999822616577
YDR258C,YEL019C,0,-6.6506515,0.1331017017364502,0.9959999918937683,0.6486999988555908
YJR060W,YKL014C,0,-6.6509,0.13308390974998474,0.9959999918937683,0.6488000154495239
YIR010W,YHR012W,0,-6.650995,0.13306613266468048,0.9959999918937683,0.6488999724388123
YLR238W,YDR201W,0,-6.6513696,0.13304835557937622,0.9959999918937683,0.6489999890327454
YDL035C,YLR396C,0,-6.652685,0.13303059339523315,0.9959999918937683,0.6491000056266785
YLR084C,YPR056W,0,-6.6535034,0.1330128163099289,0.9959999918937683,0.6492000222206116
YDL031W,YLR342W,0,-6.6538,0.13299505412578583,0.9959999918937683,0.6492999792098999
YPR103W,YIL084C,0,-6.6550956,0.13297730684280396,0.9959999918937683,0.649399995803833
YAL029C,YBL024W,0,-6.655732,0.1329595446586609,0.9959999918937683,0.6495000123977661
YLR067C,YNL090W,0,-6.6559215,0.13294179737567902,0.9959999918937683,0.6496000289916992
YGL174W,YDL229W,0,-6.656399,0.13292406499385834,0.9959999918937683,0.6496999859809875
YDR075W,YBR069C,0,-6.656435,0.13290631771087646,0.9959999918937683,0.6498000025749207
YDR512C,YOL009C,0,-6.6578927,0.1328885853290558,0.9959999918937683,0.6499000191688538
YOR130C,YMR314W,0,-6.657978,0.1328708678483963,0.9959999918937683,0.6499999761581421
YCR071C,YML124C,0,-6.658646,0.13285313546657562,0.9959999918937683,0.6500999927520752
YGL119W,YLR059C,0,-6.661293,0.13283541798591614,0.9959999918937683,0.6502000093460083
YDR363W,YGL016W,0,-6.661642,0.13281771540641785,0.9959999918937683,0.6503000259399414
YLR160C,YFR003C,0,-6.6617026,0.13279999792575836,0.9959999918937683,0.6503999829292297
YER056C,YPR032W,0,-6.6620817,0.13278229534626007,0.9959999918937683,0.6504999995231628
YPR131C,YJL154C,0,-6.6638827,0.13276459276676178,0.9959999918937683,0.650600016117096
YAL020C,YDR310C,0,-6.6648655,0.13274690508842468,0.9959999918937683,0.6506999731063843
YDL101C,YDR335W,0,-6.6661644,0.13272921741008759,0.9959999918937683,0.6507999897003174
YOL164W,YDL230W,0,-6.6661644,0.1327115297317505,0.9959999918937683,0.6509000062942505
YIL153W,YOR313C,0,-6.666301,0.1326938420534134,0.9959999918937683,0.6510000228881836
YIL049W,YGR206W,0,-6.6666102,0.1326761692762375,0.9959999918937683,0.6510999798774719
YOL090W,YOR372C,0,-6.6668434,0.13265849649906158,0.9959999918937683,0.651199996471405
YFL017W-A,YJL109C,0,-6.668172,0.13264082372188568,0.9959999918937683,0.6513000130653381
YNL099C,YOR073W,0,-6.6684465,0.13262316584587097,0.9959999918937683,0.6514000296592712
YOR226C,YKL144C,0,-6.6687,0.13260550796985626,0.9959999918937683,0.6514999866485596
YGL219C,YIL167W,0,-6.6687427,0.13258786499500275,0.9959999918937683,0.6516000032424927
YHR206W,YIL080W,0,-6.6689773,0.13257020711898804,0.9959999918937683,0.6517000198364258
YNR027W,YER146W,0,-6.6689935,0.13255256414413452,0.9959999918937683,0.6517999768257141
YER177W,YPL124W,0,-6.6699095,0.1325349360704422,0.9959999918937683,0.6518999934196472
YOR244W,YIL149C,0,-6.671674,0.13251729309558868,0.9959999918937683,0.6520000100135803
YIL106W,YML069W,0,-6.6717033,0.13249966502189636,0.9959999918937683,0.6521000266075134
YLL009C,YOL055C,0,-6.6721334,0.13248203694820404,0.9959999918937683,0.6521999835968018
YDL007W,YJL143W,0,-6.672366,0.1324644237756729,0.9959999918937683,0.6523000001907349
YJL201W,YBR240C,0,-6.6729593,0.13244681060314178,0.9959999918937683,0.652400016784668
YJR078W,YER117W,0,-6.673124,0.13242919743061066,0.9959999918937683,0.6524999737739563
YDR244W,YML076C,0,-6.6744747,0.13241159915924072,0.9959999918937683,0.6525999903678894
YIL103W,YDR227W,0,-6.674704,0.1323939859867096,0.9959999918937683,0.6527000069618225
YGL180W,YKL056C,0,-6.6761312,0.13237640261650085,0.9959999918937683,0.6528000235557556
YJR002W,YGR080W,0,-6.6763687,0.13235880434513092,0.9959999918937683,0.652899980545044
YDR099W,YGR092W,0,-6.6765785,0.13234122097492218,0.9959999918937683,0.652999997138977
YJR050W,YHR178W,0,-6.677174,0.13232363760471344,0.9959999918937683,0.6531000137329102
YKL205W,YBL024W,0,-6.6777983,0.1323060542345047,0.9959999918937683,0.6531999707221985
YPL046C,YOL044W,0,-6.6793823,0.13228848576545715,0.9959999918937683,0.6532999873161316
YEL036C,YNL213C,0,-6.679425,0.1322709172964096,0.9959999918937683,0.6534000039100647
YHR084W,YDR177W,0,-6.680133,0.13225334882736206,0.9959999918937683,0.6535000205039978
YBR289W,YHR060W,0,-6.680331,0.1322357952594757,0.9959999918937683,0.6535999774932861
YHR059W,YJL203W,0,-6.68129,0.13221824169158936,0.9959999918937683,0.6536999940872192
YHL038C,YKR014C,0,-6.681464,0.132200688123703,0.9959999918937683,0.6538000106811523
YMR192W,YHL034C,0,-6.682111,0.13218314945697784,0.9959999918937683,0.6539000272750854
YDR439W,YNL317W,0,-6.682684,0.13216561079025269,0.9959999918937683,0.6539999842643738
YAL025C,YNL049C,0,-6.682785,0.13214807212352753,0.9959999918937683,0.6541000008583069
YPL248C,YJR022W,0,-6.6839223,0.13213053345680237,0.9959999918937683,0.65420001745224
YGL191W,YNR052C,0,-6.6841927,0.1321130096912384,0.9959999918937683,0.6542999744415283
YMR229C,YER151C,0,-6.684355,0.13209548592567444,0.9959999918937683,0.6543999910354614
YDL069C,YPL026C,0,-6.684587,0.13207797706127167,0.9959999918937683,0.6545000076293945
YDR236C,YML015C,0,-6.6854806,0.1320604681968689,0.9959999918937683,0.6546000242233276
YMR168C,YBR279W,0,-6.6859007,0.13204295933246613,0.9959999918937683,0.654699981212616
YIL014W,YNL126W,0,-6.68716,0.13202545046806335,0.9959999918937683,0.6547999978065491
YBL063W,YDR418W,0,-6.6874285,0.13200795650482178,0.9959999918937683,0.6549000144004822
YPL048W,YOL088C,0,-6.687682,0.1319904625415802,0.9959999918937683,0.6549999713897705
YIR010W,YLR207W,0,-6.6879835,0.13197296857833862,0.9959999918937683,0.6550999879837036
YAL003W,YBR073W,0,-6.6884446,0.13195548951625824,0.9959999918937683,0.6552000045776367
YBR207W,YNL030W,0,-6.688874,0.13193801045417786,0.9959999918937683,0.6553000211715698
YNL275W,YEL056W,0,-6.6890697,0.13192053139209747,0.9959999918937683,0.6553999781608582
YPL085W,YGR270W,0,-6.6904297,0.1319030523300171,0.9959999918937683,0.6554999947547913
YLL009C,YLR113W,0,-6.690971,0.1318855881690979,0.9959999918937683,0.6556000113487244
YOL044W,YLR221C,0,-6.691266,0.1318681389093399,0.9959999918937683,0.6557000279426575
YMR137C,YDR427W,0,-6.692578,0.13185067474842072,0.9959999918937683,0.6557999849319458
YNL245C,YKL176C,0,-6.6926036,0.13183322548866272,0.9959999918937683,0.6559000015258789
YHR068W,YLR410W,0,-6.693203,0.13181577622890472,0.9959999918937683,0.656000018119812
YOR319W,YLR106C,0,-6.693246,0.13179832696914673,0.9959999918937683,0.6560999751091003
YJL054W,YOL102C,0,-6.6939154,0.13178089261054993,0.9959999918937683,0.6561999917030334
YDL223C,YCR102C,0,-6.6939974,0.13176345825195312,0.9959999918937683,0.6563000082969666
YJL058C,YOL095C,0,-6.69462,0.13174603879451752,0.9959999918937683,0.6564000248908997
YAL042W,YLL002W,0,-6.6956987,0.13172860443592072,0.9959999918937683,0.656499981880188
YBR245C,YOL109W,0,-6.6961365,0.1317111849784851,0.9959999918937683,0.6565999984741211
YLR340W,YOR140W,0,-6.6963677,0.1316937655210495,0.9959999918937683,0.6567000150680542
YCR098C,YDL039C,0,-6.6967583,0.13167636096477509,0.9959999918937683,0.6567999720573425
YLL027W,YPR112C,0,-6.6976542,0.13165895640850067,0.9959999918937683,0.6568999886512756
YAL024C,YJR043C,0,-6.701355,0.13164155185222626,0.9959999918937683,0.6570000052452087
YOL095C,YBR083W,0,-6.7014976,0.13162416219711304,0.9959999918937683,0.6571000218391418
YFR019W,YBR030W,1,-6.7020154,0.13173890113830566,0.996999979019165,0.6571000218391418
YNL288W,YLR086W,0,-6.7021904,0.13172149658203125,0.996999979019165,0.6571999788284302
YCL027W,YMR186W,0,-6.7025557,0.13170409202575684,0.996999979019165,0.6572999954223633
YMR029C,YDR202C,0,-6.7030864,0.13168670237064362,0.996999979019165,0.6574000120162964
YLR208W,YDR449C,0,-6.703697,0.1316693127155304,0.996999979019165,0.6575000286102295
YBR244W,YHR085W,0,-6.707184,0.13165192306041718,0.996999979019165,0.6575999855995178
YKL016C,YER053C,0,-6.707321,0.13163453340530396,0.996999979019165,0.6577000021934509
YJR002W,YDR456W,0,-6.708233,0.13161715865135193,0.996999979019165,0.657800018787384
YLR186W,YOR143C,0,-6.709746,0.1315997838973999,0.996999979019165,0.6578999757766724
YNR067C,YKR037C,0,-6.709939,0.13158242404460907,0.996999979019165,0.6579999923706055
YGR167W,YBR010W,0,-6.7103457,0.13156506419181824,0.996999979019165,0.6581000089645386
YER164W,YKL002W,0,-6.7106113,0.1315477043390274,0.996999979019165,0.6582000255584717
YKL048C,YLR086W,0,-6.7126102,0.13153034448623657,0.996999979019165,0.65829998254776
YPL046C,YDR337W,0,-6.712702,0.13151299953460693,0.996999979019165,0.6583999991416931
YJL095W,YKL172W,0,-6.713254,0.1314956545829773,0.996999979019165,0.6585000157356262
YNL015W,YGL153W,0,-6.713704,0.13147830963134766,0.996999979019165,0.6585999727249146
YEL053C,YGR186W,0,-6.714044,0.13146096467971802,0.996999979019165,0.6586999893188477
YHR124W,YML007W,0,-6.7149677,0.13144363462924957,0.996999979019165,0.6588000059127808
YPR168W,YOR110W,0,-6.715219,0.13142630457878113,0.996999979019165,0.6589000225067139
YLR175W,YGL200C,0,-6.7157755,0.13140898942947388,0.996999979019165,0.6589999794960022
YPL001W,YDR418W,0,-6.716151,0.13139167428016663,0.996999979019165,0.6590999960899353
YPL046C,YGL151W,0,-6.7162905,0.13137435913085938,0.996999979019165,0.6592000126838684
YOR290C,YDR160W,0,-6.716977,0.13135704398155212,0.996999979019165,0.6593000292778015
YBR059C,YLR274W,0,-6.7174807,0.13133974373340607,0.996999979019165,0.6593999862670898
YPL122C,YBR012W-A,0,-6.7176275,0.13132244348526,0.996999979019165,0.659500002861023
YDR106W,YDR160W,0,-6.719574,0.13130514323711395,0.996999979019165,0.659600019454956
YKR026C,YBR091C,0,-6.7206144,0.1312878578901291,0.996999979019165,0.6596999764442444
YMR042W,YPL018W,0,-6.720661,0.13127057254314423,0.996999979019165,0.6597999930381775
YDR219C,YBR037C,0,-6.7206945,0.13125328719615936,0.996999979019165,0.6599000096321106
YOR078W,YPL007C,0,-6.720846,0.1312360167503357,0.996999979019165,0.6600000262260437
YBL057C,YIL021W,0,-6.7215133,0.13121874630451202,0.996999979019165,0.660099983215332
YKR027W,YIL008W,0,-6.722873,0.13120147585868835,0.996999979019165,0.6601999998092651
YPL221W,YIL008W,0,-6.7245064,0.13118420541286469,0.996999979019165,0.6603000164031982
YPL195W,YDR141C,0,-6.726198,0.1311669498682022,0.996999979019165,0.6603999733924866
YLR131C,YJL113W,0,-6.727069,0.13114969432353973,0.996999979019165,0.6604999899864197
YGR142W,YJL214W,0,-6.7276993,0.13113245368003845,0.996999979019165,0.6606000065803528
YPL270W,YOR265W,0,-6.7286525,0.13111519813537598,0.996999979019165,0.6607000231742859
YEL018W,YCL044C,0,-6.72894,0.1310979574918747,0.996999979019165,0.6607999801635742
YML132W,YHR050W,0,-6.729928,0.1310807317495346,0.996999979019165,0.6608999967575073
YMR150C,YBL064C,0,-6.7310815,0.13106349110603333,0.996999979019165,0.6610000133514404
YBR234C,YOR005C,0,-6.7314153,0.13104626536369324,0.996999979019165,0.6610999703407288
YDR180W,YFL059W,0,-6.7315474,0.13102903962135315,0.996999979019165,0.6611999869346619
YER083C,YKL110C,0,-6.732744,0.13101182878017426,0.996999979019165,0.661300003528595
YEL015W,YPR070W,0,-6.733042,0.13099461793899536,0.996999979019165,0.6614000201225281
YKR065C,YLR092W,0,-6.733829,0.13097740709781647,0.996999979019165,0.6614999771118164
YDL230W,YKL041W,0,-6.73383,0.13096019625663757,0.996999979019165,0.6615999937057495
YBL019W,YDL077C,0,-6.7345896,0.13094300031661987,0.996999979019165,0.6617000102996826
YOR193W,YPL047W,0,-6.735711,0.13092580437660217,0.996999979019165,0.6618000268936157
YPR193C,YBL079W,0,-6.738343,0.13090860843658447,0.996999979019165,0.661899983882904
YOR335C,YHR178W,0,-6.7386923,0.13089142739772797,0.996999979019165,0.6620000004768372
YDR513W,YBL052C,0,-6.7392097,0.13087424635887146,0.996999979019165,0.6621000170707703
YBR129C,YNL163C,0,-6.739571,0.13085706532001495,0.996999979019165,0.6621999740600586
YOL164W,YCR035C,0,-6.740712,0.13083989918231964,0.996999979019165,0.6622999906539917
YGR278W,YIL013C,0,-6.7409363,0.13082273304462433,0.996999979019165,0.6624000072479248
YOR144C,YBR121C,0,-6.7425866,0.13080556690692902,0.996999979019165,0.6625000238418579
YGL033W,YKL059C,0,-6.742652,0.1307884007692337,0.996999979019165,0.6625999808311462
YNL214W,YCR060W,0,-6.7426925,0.13077124953269958,0.996999979019165,0.6626999974250793
YDR361C,YEL060C,0,-6.7427483,0.13075409829616547,0.996999979019165,0.6628000140190125
YOL133W,YMR231W,0,-6.742757,0.13073694705963135,0.996999979019165,0.6628999710083008
YPL115C,YER094C,0,-6.743443,0.13071981072425842,0.996999979019165,0.6629999876022339
YCL027W,YPR009W,0,-6.7440677,0.1307026743888855,0.996999979019165,0.663100004196167
YLR371W,YDR175C,0,-6.7450733,0.13068553805351257,0.996999979019165,0.6632000207901001
YHL036W,YOL138C,0,-6.7452,0.13066841661930084,0.996999979019165,0.6632999777793884
YDR279W,YLR136C,0,-6.7452364,0.1306512951850891,0.996999979019165,0.6633999943733215
YLR405W,YBR017C,0,-6.7457147,0.13063417375087738,0.996999979019165,0.6635000109672546
YNR052C,YGR002C,0,-6.7462745,0.13061705231666565,0.996999979019165,0.6636000275611877
YDR508C,YKL129C,0,-6.746566,0.1305999457836151,0.996999979019165,0.6636999845504761
YLL050C,YDL005C,0,-6.747354,0.13058283925056458,0.996999979019165,0.6638000011444092
YJL106W,YKR019C,0,-6.747611,0.13056574761867523,0.996999979019165,0.6639000177383423
YDL132W,YBR009C,0,-6.748577,0.1305486410856247,0.996999979019165,0.6639999747276306
YNL244C,YAL002W,0,-6.749803,0.13053154945373535,0.996999979019165,0.6640999913215637
YDR045C,YJL154C,0,-6.750151,0.130514457821846,0.996999979019165,0.6642000079154968
YNL053W,YPR009W,0,-6.7507715,0.13049738109111786,0.996999979019165,0.6643000245094299
YGL223C,YDR194C,0,-6.7508974,0.1304803043603897,0.996999979019165,0.6643999814987183
YDL164C,YKL119C,0,-6.7511954,0.13046322762966156,0.996999979019165,0.6644999980926514
YBR065C,YBR152W,0,-6.752448,0.1304461658000946,0.996999979019165,0.6646000146865845
YNL268W,YNL333W,0,-6.7537947,0.13042908906936646,0.996999979019165,0.6646999716758728
YML051W,YLR277C,0,-6.754004,0.1304120272397995,0.996999979019165,0.6647999882698059
YHR081W,YJL203W,0,-6.755313,0.13039498031139374,0.996999979019165,0.664900004863739
YLR368W,YMR037C,0,-6.755372,0.13037793338298798,0.996999979019165,0.6650000214576721
YOL080C,YEL013W,0,-6.757,0.13036087155342102,0.996999979019165,0.6650999784469604
YAL044C,YBL033C,0,-6.757046,0.13034383952617645,0.996999979019165,0.6651999950408936
YDL220C,YPL021W,0,-6.757201,0.1303267925977707,0.996999979019165,0.6653000116348267
YJL101C,YKR062W,0,-6.757371,0.13030976057052612,0.996999979019165,0.6654000282287598
YBR170C,YKL070W,0,-6.7580647,0.13029272854328156,0.996999979019165,0.6654999852180481
YPL160W,YGL163C,0,-6.758175,0.13027571141719818,0.996999979019165,0.6656000018119812
YDR258C,YOL028C,0,-6.75825,0.1302586942911148,0.996999979019165,0.6657000184059143
YLR205C,YKR020W,0,-6.758497,0.13024167716503143,0.996999979019165,0.6657999753952026
YBR195C,YNL066W,0,-6.7585516,0.13022466003894806,0.996999979019165,0.6658999919891357
YFL039C,YPL195W,0,-6.758859,0.13020765781402588,0.996999979019165,0.6660000085830688
YNL243W,YNL310C,0,-6.7597666,0.1301906555891037,0.996999979019165,0.666100025177002
YDL043C,YBR077C,0,-6.761874,0.13017365336418152,0.996999979019165,0.6661999821662903
YKR090W,YDR190C,0,-6.7620635,0.13015665113925934,0.996999979019165,0.6662999987602234
YAR033W,YCR102C,0,-6.7623296,0.13013966381549835,0.996999979019165,0.6664000153541565
YGR278W,YPR083W,0,-6.762503,0.13012267649173737,0.996999979019165,0.6664999723434448
YDR508C,YDR499W,0,-6.762639,0.13010570406913757,0.996999979019165,0.6665999889373779
YCL034W,YAR008W,0,-6.7627897,0.13008873164653778,0.996999979019165,0.666700005531311
YJR125C,YIR041W,0,-6.7628107,0.130071759223938,0.996999979019165,0.6668000221252441
YGR142W,YOR056C,0,-6.76371,0.1300547868013382,0.996999979019165,0.6668999791145325
YNL223W,YKL041W,0,-6.7642546,0.1300378292798996,0.996999979019165,0.6669999957084656
YOR036W,YLR071C,0,-6.7645125,0.130020871758461,0.996999979019165,0.6671000123023987
YPL248C,YLR264W,0,-6.7657766,0.1300039142370224,0.996999979019165,0.6672000288963318
YOR185C,YDR212W,0,-6.7662725,0.1299869567155838,0.996999979019165,0.6672999858856201
YDR110W,YIL129C,0,-6.766444,0.1299700140953064,0.996999979019165,0.6674000024795532
YHR005C-A,YGL169W,0,-6.7666683,0.129953071475029,0.996999979019165,0.6675000190734863
YBR009C,YNL037C,0,-6.7671423,0.12993614375591278,0.996999979019165,0.6675999760627747
YER052C,YDL194W,0,-6.7677803,0.12991920113563538,0.996999979019165,0.6676999926567078
YDR439W,YIL068C,0,-6.769446,0.12990227341651917,0.996999979019165,0.6678000092506409
YCR063W,YBR043C,0,-6.7705007,0.12988536059856415,0.996999979019165,0.667900025844574
YKL001C,YBL014C,0,-6.7710857,0.12986843287944794,0.996999979019165,0.6679999828338623
YFR053C,YNR072W,0,-6.7715964,0.12985152006149292,0.996999979019165,0.6680999994277954
YPL209C,YMR302C,0,-6.771716,0.1298346072435379,0.996999979019165,0.6682000160217285
YJL148W,YGR172C,0,-6.7724442,0.12981770932674408,0.996999979019165,0.6682999730110168
YER013W,YDL080C,0,-6.7725763,0.12980081140995026,0.996999979019165,0.66839998960495
YOR226C,YDR308C,0,-6.772833,0.12978391349315643,0.996999979019165,0.6685000061988831
YGR275W,YDR381W,0,-6.7729826,0.1297670155763626,0.996999979019165,0.6686000227928162
YOR074C,YGR252W,0,-6.774987,0.12975013256072998,0.996999979019165,0.6686999797821045
YIL072W,YDR113C,0,-6.7758174,0.12973324954509735,0.996999979019165,0.6687999963760376
YGL086W,YPR036W,0,-6.7758675,0.12971636652946472,0.996999979019165,0.6689000129699707
YNL136W,YPR193C,0,-6.7760005,0.1296994984149933,0.996999979019165,0.6690000295639038
YPL040C,YPL093W,0,-6.7760234,0.12968261539936066,0.996999979019165,0.6690999865531921
YGL150C,YDR325W,0,-6.776729,0.12966576218605042,0.996999979019165,0.6692000031471252
YMR173W,YIL076W,0,-6.7767434,0.12964889407157898,0.996999979019165,0.6693000197410583
YBL063W,YOL038W,0,-6.777565,0.12963204085826874,0.996999979019165,0.6693999767303467
YNL070W,YFR003C,0,-6.778535,0.1296151876449585,0.996999979019165,0.6694999933242798
YDR440W,YDR483W,0,-6.7785525,0.12959833443164825,0.996999979019165,0.6696000099182129
YMR068W,YNL167C,0,-6.7788305,0.1295814961194992,0.996999979019165,0.669700026512146
YOR244W,YKR029C,0,-6.779131,0.12956465780735016,0.996999979019165,0.6697999835014343
YGR006W,YKR014C,0,-6.779585,0.1295478194952011,0.996999979019165,0.6699000000953674
YOR173W,YPL233W,0,-6.7797318,0.12953098118305206,0.996999979019165,0.6700000166893005
YPL093W,YHR027C,0,-6.780567,0.1295141577720642,0.996999979019165,0.6700999736785889
YNL331C,YHL047C,0,-6.7805705,0.12949733436107635,0.996999979019165,0.670199990272522
YEL066W,YJL127C,0,-6.7807107,0.1294805258512497,0.996999979019165,0.6703000068664551
YDR375C,YER016W,0,-6.781582,0.12946370244026184,0.996999979019165,0.6704000234603882
YGL187C,YOR243C,0,-6.782106,0.12944689393043518,0.996999979019165,0.6704999804496765
YGR244C,YLR369W,0,-6.7824802,0.12943008542060852,0.996999979019165,0.6705999970436096
YDR320C-A,YGL219C,0,-6.7832565,0.12941329181194305,0.996999979019165,0.6707000136375427
YIL142W,YCL075W,0,-6.783286,0.1293964982032776,0.996999979019165,0.670799970626831
YJR145C,YNR015W,0,-6.7834015,0.12937970459461212,0.996999979019165,0.6708999872207642
YJL092W,YEL016C,0,-6.7853365,0.12936291098594666,0.996999979019165,0.6710000038146973
YHR038W,YLR321C,0,-6.786771,0.12934613227844238,0.996999979019165,0.6711000204086304
YMR136W,YHL031C,0,-6.7880225,0.1293293535709381,0.996999979019165,0.6711999773979187
YDR508C,YJL219W,0,-6.7891006,0.12931257486343384,0.996999979019165,0.6712999939918518
YBR059C,YBL016W,0,-6.7907696,0.12929581105709076,0.996999979019165,0.6714000105857849
YKL089W,YJR042W,0,-6.791335,0.12927904725074768,0.996999979019165,0.671500027179718
YNL317W,YDR057W,0,-6.791869,0.1292622834444046,0.996999979019165,0.6715999841690063
YAL020C,YNL053W,0,-6.79243,0.12924553453922272,0.996999979019165,0.6717000007629395
YHR129C,YCR039C,0,-6.792439,0.12922877073287964,0.996999979019165,0.6718000173568726
YGL192W,YOR265W,0,-6.793071,0.12921202182769775,0.996999979019165,0.6718999743461609
YGL238W,YOR211C,0,-6.7933846,0.12919528782367706,0.996999979019165,0.671999990940094
YGR246C,YDR320C,0,-6.7938304,0.12917853891849518,0.996999979019165,0.6721000075340271
YOL063C,YOR027W,0,-6.794844,0.1291618049144745,0.996999979019165,0.6722000241279602
YPL256C,YDR137W,0,-6.7951756,0.1291450709104538,0.996999979019165,0.6722999811172485
YGR167W,YBR276C,0,-6.795686,0.1291283518075943,0.996999979019165,0.6723999977111816
YGL174W,YFL037W,0,-6.7965727,0.1291116327047348,0.996999979019165,0.6725000143051147
YBR192W,YKR001C,0,-6.7970657,0.1290949136018753,0.996999979019165,0.6725999712944031
YDR192C,YPL112C,0,-6.7981324,0.1290781944990158,0.996999979019165,0.6726999878883362
YDL031W,YOR310C,0,-6.799371,0.1290614902973175,0.996999979019165,0.6728000044822693
YGL004C,YNL209W,0,-6.8013597,0.1290447860956192,0.996999979019165,0.6729000210762024
YBR202W,YOR388C,0,-6.80311,0.1290280818939209,0.996999979019165,0.6729999780654907
YDR153C,YLR303W,0,-6.8035254,0.1290113925933838,0.996999979019165,0.6730999946594238
YAL012W,YJL165C,0,-6.8043222,0.12899468839168549,0.996999979019165,0.6732000112533569
YOR112W,YDR470C,0,-6.8077707,0.12897801399230957,0.996999979019165,0.67330002784729
YKL146W,YDR052C,0,-6.8077784,0.12896132469177246,0.996999979019165,0.6733999848365784
YNL135C,YFL002C,0,-6.808584,0.12894465029239655,0.996999979019165,0.6735000014305115
YOR014W,YAL009W,0,-6.808731,0.12892797589302063,0.996999979019165,0.6736000180244446
YHR041C,YIL063C,0,-6.808964,0.12891130149364471,0.996999979019165,0.6736999750137329
YDR182W,YLR016C,0,-6.8092537,0.12889464199543,0.996999979019165,0.673799991607666
YML061C,YDR075W,0,-6.810093,0.12887796759605408,0.996999979019165,0.6739000082015991
YFL005W,YIL022W,0,-6.8102307,0.12886132299900055,0.996999979019165,0.6740000247955322
YJR108W,YJL012C,0,-6.8107414,0.12884466350078583,0.996999979019165,0.6740999817848206
YKR061W,YMR182C,0,-6.810901,0.1288280189037323,0.996999979019165,0.6741999983787537
YLR113W,YOR172W,0,-6.8112,0.12881137430667877,0.996999979019165,0.6743000149726868
YER126C,YCL020W,0,-6.8116775,0.12879472970962524,0.996999979019165,0.6743999719619751
YHL038C,YBR079C,0,-6.81211,0.1287781000137329,0.996999979019165,0.6744999885559082
YBR089C-A,YKL035W,0,-6.815816,0.12876145541667938,0.996999979019165,0.6746000051498413
YFR002W,YNL326C,0,-6.816026,0.12874484062194824,0.996999979019165,0.6747000217437744
YGL191W,YGR082W,0,-6.8161573,0.1287282109260559,0.996999979019165,0.6747999787330627
YHR067W,YDR213W,1,-6.8176107,0.12884068489074707,0.9980000257492065,0.6747999787330627
YNL172W,YOL138C,0,-6.8176165,0.12882405519485474,0.9980000257492065,0.6748999953269958
YOR061W,YHR175W,0,-6.8190002,0.1288074404001236,0.9980000257492065,0.675000011920929
YBR202W,YNR067C,0,-6.819108,0.12879081070423126,0.9980000257492065,0.6751000285148621
YER159C,YLR301W,0,-6.819459,0.12877419590950012,0.9980000257492065,0.6751999855041504
YOR320C,YNL273W,0,-6.8196163,0.12875758111476898,0.9980000257492065,0.6753000020980835
YIL097W,YPR139C,0,-6.820488,0.12874096632003784,0.9980000257492065,0.6754000186920166
YOR241W,YIL105C,0,-6.820654,0.1287243664264679,0.9980000257492065,0.6754999756813049
YER027C,YOR147W,0,-6.8217173,0.12870776653289795,0.9980000257492065,0.675599992275238
YPR119W,YER118C,0,-6.821912,0.128691166639328,0.9980000257492065,0.6757000088691711
YFR029W,YDR443C,0,-6.822294,0.12867458164691925,0.9980000257492065,0.6758000254631042
YHR108W,YMR053C,0,-6.823023,0.1286579817533493,0.9980000257492065,0.6758999824523926
YNL075W,YOR332W,0,-6.8232183,0.12864139676094055,0.9980000257492065,0.6759999990463257
YMR056C,YNL250W,0,-6.8234043,0.128624826669693,0.9980000257492065,0.6761000156402588
YDR280W,YDR451C,0,-6.8241825,0.12860824167728424,0.9980000257492065,0.6761999726295471
YGR142W,YDR200C,0,-6.826477,0.12859167158603668,0.9980000257492065,0.6762999892234802
YPR134W,YPL133C,0,-6.826582,0.12857511639595032,0.9980000257492065,0.6764000058174133
YIL128W,YLR328W,0,-6.826619,0.12855854630470276,0.9980000257492065,0.6765000224113464
YML099C,YBL058W,0,-6.8274765,0.1285419911146164,0.9980000257492065,0.6765999794006348
YDR092W,YLR410W,0,-6.8277264,0.12852543592453003,0.9980000257492065,0.6766999959945679
YDL159W,YKL214C,0,-6.8297634,0.12850888073444366,0.9980000257492065,0.676800012588501
YDR440W,YKR050W,0,-6.8300533,0.1284923404455185,0.9980000257492065,0.6769000291824341
YCL027W,YPL233W,0,-6.83092,0.12847580015659332,0.9980000257492065,0.6769999861717224
YHR089C,YPR141C,0,-6.8314013,0.12845925986766815,0.9980000257492065,0.6771000027656555
YHR005C-A,YGR013W,0,-6.8316817,0.12844273447990417,0.9980000257492065,0.6772000193595886
YDR167W,YML005W,0,-6.831769,0.128426194190979,0.9980000257492065,0.677299976348877
YMR142C,YHL025W,0,-6.832251,0.12840966880321503,0.9980000257492065,0.6773999929428101
YAL020C,YDL020C,0,-6.833961,0.12839315831661224,0.9980000257492065,0.6775000095367432
YOR217W,YDL190C,0,-6.833991,0.12837663292884827,0.9980000257492065,0.6776000261306763
YIL017C,YJR102C,0,-6.835637,0.12836012244224548,0.9980000257492065,0.6776999831199646
YLR175W,YJR057W,0,-6.836445,0.1283436268568039,0.9980000257492065,0.6777999997138977
YBR095C,YDR328C,0,-6.837303,0.1283271163702011,0.9980000257492065,0.6779000163078308
YNL127W,YHR183W,0,-6.837538,0.12831062078475952,0.9980000257492065,0.6779999732971191
YDL087C,YOR266W,0,-6.8387957,0.12829412519931793,0.9980000257492065,0.6780999898910522
YLR115W,YGR172C,0,-6.8389087,0.12827762961387634,0.9980000257492065,0.6782000064849854
YJL207C,YBR228W,0,-6.8397264,0.12826114892959595,0.9980000257492065,0.6783000230789185
YNL136W,YER019C-A,0,-6.8399553,0.12824466824531555,0.9980000257492065,0.6783999800682068
YOL033W,YBR048W,0,-6.8407316,0.12822818756103516,0.9980000257492065,0.6784999966621399
YOL042W,YIL017C,0,-6.8408012,0.12821172177791595,0.9980000257492065,0.678600013256073
YHR129C,YLR411W,0,-6.8411465,0.12819524109363556,0.9980000257492065,0.6786999702453613
YKL208W,YBR098W,0,-6.8412485,0.12817877531051636,0.9980000257492065,0.6787999868392944
YEL032W,YAL016W,0,-6.8415027,0.12816232442855835,0.9980000257492065,0.6789000034332275
YDR461W,YGR152C,0,-6.8431334,0.12814585864543915,0.9980000257492065,0.6790000200271606
YMR039C,YOR054C,0,-6.843206,0.12812940776348114,0.9980000257492065,0.679099977016449
YML086C,YER116C,0,-6.843873,0.12811297178268433,0.9980000257492065,0.6791999936103821
YCL066W,YOL040C,0,-6.8443174,0.12809652090072632,0.9980000257492065,0.6793000102043152
YML006C,YBR168W,0,-6.844692,0.1280800849199295,0.9980000257492065,0.6794000267982483
YPL155C,YER111C,0,-6.846307,0.1280636489391327,0.9980000257492065,0.6794999837875366
YFR004W,YJL109C,0,-6.8468275,0.12804721295833588,0.9980000257492065,0.6796000003814697
YOL088C,YMR137C,0,-6.8477545,0.12803079187870026,0.9980000257492065,0.6797000169754028
YKL016C,YGR206W,0,-6.8487267,0.12801437079906464,0.9980000257492065,0.6797999739646912
YGL087C,YGR104C,0,-6.8487973,0.12799794971942902,0.9980000257492065,0.6798999905586243
YNL142W,YHR021C,0,-6.850579,0.1279815286397934,0.9980000257492065,0.6800000071525574
YMR073C,YOL034W,0,-6.851725,0.12796512246131897,0.9980000257492065,0.6801000237464905
YOR036W,YOR301W,0,-6.85201,0.12794871628284454,0.9980000257492065,0.6801999807357788
YHR175W,YDL108W,0,-6.8541,0.12793231010437012,0.9980000257492065,0.6802999973297119
YGR129W,YDR324C,0,-6.8546076,0.12791591882705688,0.9980000257492065,0.680400013923645
YNL288W,YDL051W,0,-6.8551216,0.12789952754974365,0.9980000257492065,0.6804999709129333
YDR320C-A,YIL112W,0,-6.855295,0.12788313627243042,0.9980000257492065,0.6805999875068665
YDL024C,YLR008C,0,-6.8558397,0.1278667449951172,0.9980000257492065,0.6807000041007996
YOL116W,YML127W,0,-6.8565283,0.12785036861896515,0.9980000257492065,0.6808000206947327
YNL118C,YIL153W,0,-6.857024,0.1278339922428131,0.9980000257492065,0.680899977684021
YOL063C,YGR081C,0,-6.857073,0.12781761586666107,0.9980000257492065,0.6809999942779541
YBR112C,YOR045W,0,-6.8570814,0.12780125439167023,0.9980000257492065,0.6811000108718872
YBR164C,YEL060C,0,-6.8577027,0.12778489291667938,0.9980000257492065,0.6812000274658203
YEL062W,YKR101W,0,-6.8580093,0.12776853144168854,0.9980000257492065,0.6812999844551086
YER172C,YEL004W,0,-6.858599,0.1277521699666977,0.9980000257492065,0.6814000010490417
YIL034C,YGL223C,0,-6.859819,0.12773582339286804,0.9980000257492065,0.6815000176429749
YMR037C,YBR106W,0,-6.859912,0.1277194768190384,0.9980000257492065,0.6815999746322632
YGL135W,YGL129C,0,-6.8599916,0.12770313024520874,0.9980000257492065,0.6816999912261963
YOL082W,YNR048W,0,-6.8603263,0.12768679857254028,0.9980000257492065,0.6818000078201294
YCR047C,YOR030W,0,-6.860497,0.12767046689987183,0.9980000257492065,0.6819000244140625
YFL041W,YDL130W,0,-6.8622656,0.12765413522720337,0.9980000257492065,0.6819999814033508
YNL068C,YHR187W,0,-6.8648214,0.1276378035545349,0.9980000257492065,0.6820999979972839
YGL105W,YKL060C,0,-6.866248,0.12762148678302765,0.9980000257492065,0.682200014591217
YGL127C,YML041C,0,-6.8666034,0.12760517001152039,0.9980000257492065,0.6822999715805054
YHR170W,YCR060W,0,-6.8671017,0.12758885324001312,0.9980000257492065,0.6823999881744385
YIL014W,YHR027C,0,-6.8673735,0.12757253646850586,0.9980000257492065,0.6825000047683716
YKL120W,YKL043W,0,-6.8682528,0.1275562345981598,0.9980000257492065,0.6826000213623047
YNL055C,YDR449C,0,-6.8691926,0.12753993272781372,0.9980000257492065,0.682699978351593
YNL312W,YGL045W,0,-6.870697,0.12752364575862885,0.9980000257492065,0.6827999949455261
YBL063W,YJR077C,0,-6.8714404,0.12750734388828278,0.9980000257492065,0.6829000115394592
YLR092W,YPL120W,0,-6.8727136,0.1274910569190979,0.9980000257492065,0.6830000281333923
YIL115C,YLR346C,0,-6.8729205,0.12747476994991302,0.9980000257492065,0.6830999851226807
YMR044W,YIL042C,0,-6.873333,0.12745849788188934,0.9980000257492065,0.6832000017166138
YOR038C,YHR021C,0,-6.8735905,0.12744221091270447,0.9980000257492065,0.6833000183105469
YJR006W,YML088W,0,-6.8756623,0.1274259388446808,0.9980000257492065,0.6833999752998352
YDL087C,YML047C,0,-6.875906,0.1274096816778183,0.9980000257492065,0.6834999918937683
YKL060C,YPR189W,0,-6.876017,0.12739340960979462,0.9980000257492065,0.6836000084877014
YOR103C,YDR156W,0,-6.876398,0.12737715244293213,0.9980000257492065,0.6837000250816345
YLR449W,YGL172W,0,-6.8765373,0.12736089527606964,0.9980000257492065,0.6837999820709229
YIL072W,YIR037W,0,-6.8767123,0.12734465301036835,0.9980000257492065,0.683899998664856
YLR013W,YNL287W,0,-6.8769355,0.12732839584350586,0.9980000257492065,0.6840000152587891
YMR029C,YOR267C,0,-6.877291,0.12731215357780457,0.9980000257492065,0.6840999722480774
YPR083W,YLL002W,0,-6.8781443,0.12729591131210327,0.9980000257492065,0.6841999888420105
YPL212C,YBL106C,0,-6.8786488,0.12727968394756317,0.9980000257492065,0.6843000054359436
YGL022W,YKL028W,0,-6.878934,0.12726345658302307,0.9980000257492065,0.6844000220298767
YGR224W,YML028W,0,-6.8792353,0.12724722921848297,0.9980000257492065,0.684499979019165
YGL087C,YGL075C,0,-6.880658,0.12723100185394287,0.9980000257492065,0.6845999956130981
YMR219W,YOR143C,0,-6.881483,0.12721478939056396,0.9980000257492065,0.6847000122070312
YKR076W,YDR086C,0,-6.885698,0.12719857692718506,0.9980000257492065,0.6848000288009644
YCL014W,YPR025C,0,-6.885957,0.12718236446380615,0.9980000257492065,0.6848999857902527
YPR072W,YGR239C,0,-6.887227,0.12716615200042725,0.9980000257492065,0.6850000023841858
YDR421W,YDR440W,0,-6.8877783,0.12714995443820953,0.9980000257492065,0.6851000189781189
YBR020W,YNL290W,0,-6.889525,0.12713375687599182,0.9980000257492065,0.6851999759674072
YLR368W,YHR197W,0,-6.88981,0.1271175593137741,0.9980000257492065,0.6852999925613403
YNL286W,YLR092W,0,-6.891189,0.1271013766527176,0.9980000257492065,0.6854000091552734
YDR122W,YKL001C,0,-6.8923073,0.12708519399166107,0.9980000257492065,0.6855000257492065
YLR394W,YLL026W,0,-6.8929424,0.12706901133060455,0.9980000257492065,0.6855999827384949
YGL241W,YHR024C,0,-6.8933506,0.12705282866954803,0.9980000257492065,0.685699999332428
YJL179W,YHR106W,0,-6.8941994,0.1270366609096527,0.9980000257492065,0.6858000159263611
YJL039C,YBL051C,0,-6.8947754,0.12702049314975739,0.9980000257492065,0.6858999729156494
YPR137W,YGL113W,0,-6.8956137,0.12700432538986206,0.9980000257492065,0.6859999895095825
YDR158W,YDR432W,0,-6.89567,0.12698817253112793,0.9980000257492065,0.6861000061035156
YPL036W,YJL109C,0,-6.896285,0.1269720047712326,0.9980000257492065,0.6862000226974487
YHR005C-A,YIL144W,0,-6.896886,0.12695585191249847,0.9980000257492065,0.6862999796867371
YDL166C,YML064C,0,-6.8970613,0.12693971395492554,0.9980000257492065,0.6863999962806702
YLR160C,YHR066W,0,-6.898164,0.1269235610961914,0.9980000257492065,0.6865000128746033
YNL023C,YDL007W,0,-6.8982196,0.12690742313861847,0.9980000257492065,0.6866000294685364
YNL286W,YHR004C,0,-6.8982987,0.12689128518104553,0.9980000257492065,0.6866999864578247
YOR260W,YOR386W,0,-6.898368,0.1268751621246338,0.9980000257492065,0.6868000030517578
YKL053C-A,YLR398C,0,-6.8990192,0.12685902416706085,0.9980000257492065,0.6869000196456909
YOL038W,YOR307C,0,-6.900034,0.1268429011106491,0.9980000257492065,0.6869999766349792
YMR025W,YMR142C,0,-6.9003105,0.12682679295539856,0.9980000257492065,0.6870999932289124
YNL245C,YDR174W,0,-6.900602,0.12681066989898682,0.9980000257492065,0.6872000098228455
YDR277C,YOL144W,0,-6.9006352,0.12679456174373627,0.9980000257492065,0.6873000264167786
YIL042C,YMR268C,0,-6.900704,0.12677845358848572,0.9980000257492065,0.6873999834060669
YGR098C,YBR193C,0,-6.9009905,0.12676234543323517,0.9980000257492065,0.6875
YML099C,YBR169C,0,-6.902131,0.1267462521791458,0.9980000257492065,0.6876000165939331
YLL001W,YGR214W,0,-6.9024715,0.12673015892505646,0.9980000257492065,0.6876999735832214
YOR023C,YAL047C,0,-6.9028273,0.1267140656709671,0.9980000257492065,0.6877999901771545
YJR070C,YLR069C,0,-6.9089174,0.12669798731803894,0.9980000257492065,0.6879000067710876
YIL036W,YLR355C,0,-6.9096074,0.12668189406394958,0.9980000257492065,0.6880000233650208
YMR145C,YDL150W,0,-6.911077,0.12666581571102142,0.9980000257492065,0.6880999803543091
YGR239C,YNL317W,0,-6.911537,0.12664975225925446,0.9980000257492065,0.6881999969482422
YJR002W,YEL016C,0,-6.9117327,0.1266336739063263,0.9980000257492065,0.6883000135421753
YKL052C,YDR176W,0,-6.9117765,0.12661761045455933,0.9980000257492065,0.6883999705314636
YNR031C,YHL009C,0,-6.9120646,0.12660154700279236,0.9980000257492065,0.6884999871253967
YMR056C,YKL016C,0,-6.9124513,0.1265854835510254,0.9980000257492065,0.6886000037193298
YMR299C,YPL059W,0,-6.9147224,0.12656943500041962,0.9980000257492065,0.6887000203132629
YPL037C,YGL033W,0,-6.9149942,0.12655338644981384,0.9980000257492065,0.6887999773025513
YOR153W,YER171W,0,-6.9177423,0.12653733789920807,0.9980000257492065,0.6888999938964844
YAL017W,YDR425W,0,-6.9178143,0.1265213042497635,0.9980000257492065,0.6890000104904175
YKR048C,YLR154C,0,-6.917922,0.12650525569915771,0.9980000257492065,0.6891000270843506
YER142C,YOR208W,0,-6.920598,0.12648922204971313,0.9980000257492065,0.6891999840736389
YBR211C,YJL115W,0,-6.921982,0.12647320330142975,0.9980000257492065,0.689300000667572
YLR368W,YIL021W,0,-6.922576,0.12645716965198517,0.9980000257492065,0.6894000172615051
YOL009C,YJL190C,0,-6.923567,0.12644115090370178,0.9980000257492065,0.6894999742507935
YBR164C,YIL119C,0,-6.9235826,0.1264251321554184,0.9980000257492065,0.6895999908447266
YIL046W,YML029W,0,-6.9243426,0.126409113407135,0.9980000257492065,0.6897000074386597
YDL209C,YGL244W,0,-6.9246864,0.12639310956001282,0.9980000257492065,0.6898000240325928
YJL183W,YML005W,0,-6.9249725,0.12637710571289062,0.9980000257492065,0.6898999810218811
YLR035C,YHR060W,0,-6.925292,0.12636110186576843,0.9980000257492065,0.6899999976158142
YMR237W,YDR075W,0,-6.9256716,0.12634511291980743,0.9980000257492065,0.6901000142097473
YDL236W,YNL282W,0,-6.9268885,0.12632910907268524,0.9980000257492065,0.6901999711990356
YLR394W,YDR130C,0,-6.927053,0.12631312012672424,0.9980000257492065,0.6902999877929688
YDL175C,YMR129W,0,-6.9282174,0.12629714608192444,0.9980000257492065,0.6904000043869019
YKR099W,YBR020W,0,-6.9284754,0.12628115713596344,0.9980000257492065,0.690500020980835
YLR275W,YPR121W,0,-6.9298544,0.12626518309116364,0.9980000257492065,0.6905999779701233
YDR361C,YNL218W,0,-6.929881,0.12624920904636383,0.9980000257492065,0.6906999945640564
YDL085W,YDR427W,0,-6.9321938,0.12623323500156403,0.9980000257492065,0.6908000111579895
YNR072W,YDR429C,0,-6.932493,0.12621727585792542,0.9980000257492065,0.6909000277519226
YDL051W,YAL001C,0,-6.9326634,0.1262013167142868,0.9980000257492065,0.6909999847412109
YHL038C,YJL059W,0,-6.932881,0.1261853575706482,0.9980000257492065,0.691100001335144
YLR350W,YDR324C,0,-6.9332085,0.12616939842700958,0.9980000257492065,0.6912000179290771
YML077W,YMR299C,0,-6.933602,0.12615345418453217,0.9980000257492065,0.6912999749183655
YJR053W,YPL256C,0,-6.9336987,0.12613750994205475,0.9980000257492065,0.6913999915122986
YEL015W,YLR135W,0,-6.9364014,0.12612156569957733,0.9980000257492065,0.6915000081062317
YPR025C,YNL064C,0,-6.9379945,0.1261056363582611,0.9980000257492065,0.6916000247001648
YMR319C,YOR344C,0,-6.938998,0.12608970701694489,0.9980000257492065,0.6916999816894531
YNL278W,YER074W-A,0,-6.9390745,0.12607377767562866,0.9980000257492065,0.6917999982833862
YOR033C,YGR046W,0,-6.9401093,0.12605784833431244,0.9980000257492065,0.6919000148773193
YDL088C,YJL186W,0,-6.940572,0.1260419338941574,0.9980000257492065,0.6919999718666077
YNL099C,YDR388W,0,-6.940858,0.12602601945400238,0.9980000257492065,0.6920999884605408
YLL061W,YHL022C,0,-6.9409404,0.12601010501384735,0.9980000257492065,0.6922000050544739
YPL178W,YFL016C,0,-6.9410734,0.12599419057369232,0.9980000257492065,0.692300021648407
YPL119C,YKL060C,0,-6.9416037,0.1259782910346985,0.9980000257492065,0.6923999786376953
YHR205W,YHR163W,0,-6.942137,0.12596239149570465,0.9980000257492065,0.6924999952316284
YLR190W,YER118C,0,-6.9422235,0.12594649195671082,0.9980000257492065,0.6926000118255615
YPL208W,YFL060C,0,-6.9460335,0.12593059241771698,0.9980000257492065,0.6927000284194946
YKL085W,YKL186C,0,-6.9465017,0.12591470777988434,0.9980000257492065,0.692799985408783
YCR093W,YGL013C,0,-6.947139,0.1258988231420517,0.9980000257492065,0.6929000020027161
YBR112C,YNL133C,0,-6.9482174,0.12588295340538025,0.9980000257492065,0.6930000185966492
YIL142W,YBL052C,0,-6.948221,0.1258670687675476,0.9980000257492065,0.6930999755859375
YML042W,YOL068C,0,-6.9485235,0.12585119903087616,0.9980000257492065,0.6931999921798706
YKL160W,YNL164C,0,-6.948715,0.1258353292942047,0.9980000257492065,0.6933000087738037
YCR033W,YFL002C,0,-6.9487944,0.12581945955753326,0.9980000257492065,0.6934000253677368
YLR097C,YKL082C,0,-6.948802,0.125803604722023,0.9980000257492065,0.6934999823570251
YER171W,YDR198C,0,-6.9499226,0.12578774988651276,0.9980000257492065,0.6935999989509583
YLR136C,YKR079C,0,-6.9503117,0.1257718950510025,0.9980000257492065,0.6937000155448914
YDL223C,YLR324W,0,-6.950328,0.12575605511665344,0.9980000257492065,0.6937999725341797
YOL142W,YIL068C,0,-6.9503574,0.1257402002811432,0.9980000257492065,0.6938999891281128
YLR384C,YDR195W,0,-6.950721,0.12572436034679413,0.9980000257492065,0.6940000057220459
YAL001C,YGR181W,0,-6.951329,0.12570852041244507,0.9980000257492065,0.694100022315979
YIL018W,YOR110W,0,-6.951746,0.1256926953792572,0.9980000257492065,0.6941999793052673
YLR304C,YPR067W,0,-6.9523067,0.12567687034606934,0.9980000257492065,0.6942999958992004
YLR015W,YOR301W,0,-6.9524574,0.12566104531288147,0.9980000257492065,0.6944000124931335
YMR240C,YBR223C,0,-6.9525676,0.1256452202796936,0.9980000257492065,0.6945000290870667
YDL030W,YGR024C,0,-6.9527903,0.12562941014766693,0.9980000257492065,0.694599986076355
YCL055W,YOR353C,0,-6.953941,0.12561360001564026,0.9980000257492065,0.6947000026702881
YGR221C,YLR425W,0,-6.95418,0.1255977898836136,0.9980000257492065,0.6948000192642212
YPL083C,YBR081C,0,-6.9542637,0.12558197975158691,0.9980000257492065,0.6948999762535095
YMR043W,YNR053C,0,-6.954325,0.12556618452072144,0.9980000257492065,0.6949999928474426
YJR089W,YPR182W,0,-6.9552135,0.12555038928985596,0.9980000257492065,0.6951000094413757
YPR017C,YNR052C,0,-6.9557285,0.12553459405899048,0.9980000257492065,0.6952000260353088
YML061C,YPR095C,0,-6.956702,0.125518798828125,0.9980000257492065,0.6952999830245972
YCR082W,YML004C,0,-6.9571905,0.12550301849842072,0.9980000257492065,0.6953999996185303
YML077W,YLR092W,0,-6.9574366,0.12548723816871643,0.9980000257492065,0.6955000162124634
YIL076W,YLR369W,0,-6.95897,0.12547145783901215,0.9980000257492065,0.6955999732017517
YPR095C,YLR043C,0,-6.960113,0.12545569241046906,0.9980000257492065,0.6956999897956848
YLR291C,YOL123W,0,-6.961924,0.12543992698192596,0.9980000257492065,0.6958000063896179
YLR381W,YPR135W,0,-6.962123,0.12542416155338287,0.9980000257492065,0.695900022983551
YDR459C,YOL121C,0,-6.962164,0.12540839612483978,0.9980000257492065,0.6959999799728394
YGL094C,YMR096W,0,-6.9632673,0.1253926306962967,0.9980000257492065,0.6960999965667725
YDR432W,YBR296C,0,-6.9635696,0.1253768801689148,0.9980000257492065,0.6962000131607056
YFR037C,YBL075C,0,-6.9639015,0.1253611296415329,0.9980000257492065,0.6963000297546387
YNL272C,YPL019C,0,-6.9643354,0.1253453940153122,0.9980000257492065,0.696399986743927
YPL192C,YHR106W,0,-6.966316,0.1253296434879303,0.9980000257492065,0.6965000033378601
YNL286W,YBR107C,0,-6.9671874,0.1253139078617096,0.9980000257492065,0.6966000199317932
YDR052C,YER013W,0,-6.967442,0.1252981722354889,0.9980000257492065,0.6966999769210815
YNR044W,YGL047W,0,-6.9675555,0.12528245151042938,0.9980000257492065,0.6967999935150146
YBL084C,YOL027C,0,-6.9681196,0.12526673078536987,0.9980000257492065,0.6969000101089478
YMR283C,YHR139C,0,-6.970337,0.12525101006031036,0.9980000257492065,0.6970000267028809
YDR328C,YMR106C,0,-6.970666,0.12523528933525085,0.9980000257492065,0.6970999836921692
YHR183W,YJL019W,0,-6.9709673,0.12521956861019135,0.9980000257492065,0.6972000002861023
YDR377W,YNL251C,0,-6.97104,0.12520386278629303,0.9980000257492065,0.6973000168800354
YNL129W,YFR004W,0,-6.9726634,0.12518815696239471,0.9980000257492065,0.6973999738693237
YMR266W,YDR498C,0,-6.9732513,0.1251724511384964,0.9980000257492065,0.6974999904632568
YGR041W,YLR052W,0,-6.9736266,0.12515676021575928,0.9980000257492065,0.6976000070571899
YJL063C,YCR009C,0,-6.9736795,0.12514106929302216,0.9980000257492065,0.697700023651123
YML023C,YOR344C,0,-6.9740863,0.12512537837028503,0.9980000257492065,0.6977999806404114
YOR116C,YGR002C,0,-6.9750767,0.1251096874475479,0.9980000257492065,0.6978999972343445
YLL050C,YMR054W,0,-6.9752254,0.12509401142597198,0.9980000257492065,0.6980000138282776
YBR091C,YBR103W,0,-6.9753413,0.12507833540439606,0.9980000257492065,0.6980999708175659
YKL208W,YLR067C,0,-6.9760256,0.12506265938282013,0.9980000257492065,0.698199987411499
YJL186W,YDR131C,0,-6.9760447,0.1250469833612442,0.9980000257492065,0.6983000040054321
YEL062W,YGL210W,0,-6.9769044,0.12503132224082947,0.9980000257492065,0.6984000205993652
YDR436W,YER118C,0,-6.977479,0.12501566112041473,0.9980000257492065,0.6984999775886536
YOR284W,YFL058W,0,-6.9784513,0.125,0.9980000257492065,0.6985999941825867
YER166W,YPL175W,1,-6.9796486,0.12510958313941956,0.9990000128746033,0.6985999941825867
YNL014W,YBL033C,0,-6.979988,0.12509390711784363,0.9990000128746033,0.6987000107765198
YDL051W,YFR037C,0,-6.979995,0.1250782459974289,0.9990000128746033,0.6988000273704529
YHR084W,YER072W,0,-6.980306,0.12506259977817535,0.9990000128746033,0.6988999843597412
YKL135C,YPL140C,0,-6.981176,0.12504693865776062,0.9990000128746033,0.6990000009536743
YHR120W,YBL041W,0,-6.9814625,0.12503129243850708,0.9990000128746033,0.6991000175476074
YPL241C,YDL006W,0,-6.981859,0.12501564621925354,0.9990000128746033,0.6991999745368958
YDR385W,YPR188C,0,-6.9821215,0.125,0.9990000128746033,0.6992999911308289
YJR070C,YGR258C,0,-6.9823914,0.12498436123132706,0.9990000128746033,0.699400007724762
YGL216W,YOR027W,0,-6.9827337,0.12496872991323471,0.9990000128746033,0.6995000243186951
YJL219W,YBL064C,0,-6.9827986,0.12495309859514236,0.9990000128746033,0.6995999813079834
YCL016C,YDR075W,0,-6.984276,0.12493746727705002,0.9990000128746033,0.6996999979019165
YLR148W,YNR015W,0,-6.9845862,0.12492184340953827,0.9990000128746033,0.6998000144958496
YLL035W,YPR139C,0,-6.9860587,0.12490622699260712,0.9990000128746033,0.6998999714851379
YKR061W,YNL072W,0,-6.9862423,0.12489061057567596,0.9990000128746033,0.699999988079071
YMR038C,YGL098W,0,-6.9863334,0.12487500160932541,0.9990000128746033,0.7001000046730042
YKL191W,YPL211W,0,-6.9869146,0.12485939264297485,0.9990000128746033,0.7002000212669373
YNR056C,YGL194C,0,-6.988044,0.1248437911272049,0.9990000128746033,0.7002999782562256
YDR016C,YGR206W,0,-6.988798,0.12482818961143494,0.9990000128746033,0.7003999948501587
YBR257W,YDR523C,0,-6.9892745,0.12481259554624557,0.9990000128746033,0.7005000114440918
YML094W,YPL249C,0,-6.9894285,0.12479700148105621,0.9990000128746033,0.7006000280380249
YER017C,YPL127C,0,-6.989647,0.12478141486644745,0.9990000128746033,0.7006999850273132
YOL068C,YJL140W,0,-6.990444,0.12476582825183868,0.9990000128746033,0.7008000016212463
YGL047W,YEL009C,0,-6.990868,0.12475024908781052,0.9990000128746033,0.7009000182151794
YER159C,YAL023C,0,-6.9918485,0.12473466992378235,0.9990000128746033,0.7009999752044678
YGL106W,YKR028W,0,-6.9922743,0.12471909821033478,0.9990000128746033,0.7010999917984009
YDR364C,YPL116W,0,-6.9933414,0.1247035339474678,0.9990000128746033,0.701200008392334
YBL090W,YLR277C,0,-6.9941626,0.12468796968460083,0.9990000128746033,0.7013000249862671
YKL064W,YOL094C,0,-6.995001,0.12467240542173386,0.9990000128746033,0.7013999819755554
YER038C,YNL047C,0,-6.9950523,0.12465684860944748,0.9990000128746033,0.7014999985694885
YGR238C,YOR008C,0,-6.995077,0.1246412992477417,0.9990000128746033,0.7016000151634216
YDR195W,YKL014C,0,-6.995613,0.12462574988603592,0.9990000128746033,0.70169997215271
YKR097W,YFL026W,0,-6.9966707,0.12461020052433014,0.9990000128746033,0.7017999887466431
YBR103W,YKR062W,0,-6.9981966,0.12459465861320496,0.9990000128746033,0.7019000053405762
YNL270C,YDR060W,0,-6.9983974,0.12457912415266037,0.9990000128746033,0.7020000219345093
YPL258C,YPL239W,0,-6.998552,0.12456358969211578,0.9990000128746033,0.7020999789237976
YGR097W,YIL144W,0,-6.9987535,0.1245480626821518,0.9990000128746033,0.7021999955177307
YLL013C,YPL045W,0,-7.0005574,0.1245325356721878,0.9990000128746033,0.7023000121116638
YJR059W,YIL075C,0,-7.00152,0.12451701611280441,0.9990000128746033,0.7024000287055969
YLR115W,YDR477W,0,-7.001889,0.12450149655342102,0.9990000128746033,0.7024999856948853
YHL047C,YLL004W,0,-7.001892,0.12448598444461823,0.9990000128746033,0.7026000022888184
YDL197C,YLR410W,0,-7.001911,0.12447047233581543,0.9990000128746033,0.7027000188827515
YNL218W,YFR040W,0,-7.0032587,0.12445496767759323,0.9990000128746033,0.7027999758720398
YLR117C,YDR276C,0,-7.0034246,0.12443946301937103,0.9990000128746033,0.7028999924659729
YAR002W,YKL019W,0,-7.0037856,0.12442396581172943,0.9990000128746033,0.703000009059906
YML012W,YGR098C,0,-7.004095,0.12440846860408783,0.9990000128746033,0.7031000256538391
YIL040W,YOL077C,0,-7.0052524,0.12439297884702682,0.9990000128746033,0.7031999826431274
YKL054C,YGR214W,0,-7.005253,0.12437748908996582,0.9990000128746033,0.7032999992370605
YOR027W,YJL164C,0,-7.005488,0.12436200678348541,0.9990000128746033,0.7034000158309937
YHR004C,YFR029W,0,-7.0063534,0.124346524477005,0.9990000128746033,0.703499972820282
YNR023W,YGR209C,0,-7.006921,0.1243310496211052,0.9990000128746033,0.7035999894142151
YLL026W,YMR309C,0,-7.007531,0.12431558221578598,0.9990000128746033,0.7037000060081482
YPL040C,YCL024W,0,-7.0079503,0.12430011481046677,0.9990000128746033,0.7038000226020813
YDR263C,YLR092W,0,-7.0087748,0.12428464740514755,0.9990000128746033,0.7038999795913696
YBR202W,YBR121C,0,-7.0090466,0.12426918745040894,0.9990000128746033,0.7039999961853027
YJL019W,YNR048W,0,-7.009679,0.12425373494625092,0.9990000128746033,0.7041000127792358
YJL019W,YJL168C,0,-7.0098333,0.1242382824420929,0.9990000128746033,0.704200029373169
YKR039W,YDR212W,0,-7.0111046,0.12422282993793488,0.9990000128746033,0.7042999863624573
YER025W,YGL073W,0,-7.012597,0.12420738488435745,0.9990000128746033,0.7044000029563904
YER177W,YBR156C,0,-7.0127907,0.12419194728136063,0.9990000128746033,0.7045000195503235
YGR155W,YDR137W,0,-7.0128126,0.1241765096783638,0.9990000128746033,0.7045999765396118
YLR160C,YIL132C,0,-7.013292,0.12416107207536697,0.9990000128746033,0.7046999931335449
YLR370C,YGR181W,0,-7.0135593,0.12414564192295074,0.9990000128746033,0.704800009727478
YJR112W,YOR018W,0,-7.0135612,0.12413021922111511,0.9990000128746033,0.7049000263214111
YGR249W,YOR004W,0,-7.0152974,0.12411479651927948,0.9990000128746033,0.7049999833106995
YER159C,YHR157W,0,-7.0154567,0.12409938126802444,0.9990000128746033,0.7050999999046326
YER146W,YGL163C,0,-7.0167866,0.12408396601676941,0.9990000128746033,0.7052000164985657
YIL109C,YML015C,0,-7.016966,0.12406855076551437,0.9990000128746033,0.705299973487854
YKL007W,YDL003W,0,-7.017194,0.12405315041542053,0.9990000128746033,0.7053999900817871
YPL029W,YPL063W,0,-7.017659,0.1240377426147461,0.9990000128746033,0.7055000066757202
YOR241W,YCR081W,0,-7.0182,0.12402234971523285,0.9990000128746033,0.7056000232696533
YOR319W,YNR052C,0,-7.018402,0.12400694936513901,0.9990000128746033,0.7056999802589417
YIL110W,YGR132C,0,-7.0186973,0.12399155646562576,0.9990000128746033,0.7057999968528748
YLL002W,YJL069C,0,-7.019781,0.12397617101669312,0.9990000128746033,0.7059000134468079
YML061C,YGR141W,0,-7.021084,0.12396078556776047,0.9990000128746033,0.7059999704360962
YJR002W,YDR432W,0,-7.021375,0.12394540756940842,0.9990000128746033,0.7060999870300293
YKL022C,YKL070W,0,-7.021467,0.12393003702163696,0.9990000128746033,0.7062000036239624
YHR019C,YJL133W,0,-7.0223436,0.12391465902328491,0.9990000128746033,0.7063000202178955
YBL006C,YDR325W,0,-7.02355,0.12389929592609406,0.9990000128746033,0.7063999772071838
YLR013W,YDR081C,0,-7.024,0.1238839253783226,0.9990000128746033,0.7064999938011169
YCL017C,YGL172W,0,-7.025299,0.12386856973171234,0.9990000128746033,0.70660001039505
YOR381W,YLR424W,0,-7.026004,0.12385321408510208,0.9990000128746033,0.7067000269889832
YER017C,YOL095C,0,-7.026146,0.12383785843849182,0.9990000128746033,0.7067999839782715
YER167W,YFR004W,0,-7.0280704,0.12382251024246216,0.9990000128746033,0.7069000005722046
YGL047W,YDL047W,0,-7.0284886,0.1238071620464325,0.9990000128746033,0.7070000171661377
YJR083C,YER095W,0,-7.0289373,0.12379182130098343,0.9990000128746033,0.707099974155426
YEL042W,YER051W,0,-7.0301666,0.12377648055553436,0.9990000128746033,0.7071999907493591
YDL223C,YHL002W,0,-7.030401,0.1237611472606659,0.9990000128746033,0.7073000073432922
YLL038C,YJR119C,0,-7.0307846,0.12374582141637802,0.9990000128746033,0.7074000239372253
YFL010W-A,YER138C,0,-7.0311575,0.12373049557209015,0.9990000128746033,0.7074999809265137
YFL058W,YHR090C,0,-7.0313625,0.12371516972780228,0.9990000128746033,0.7075999975204468
YBR040W,YPL233W,0,-7.032527,0.123699851334095,0.9990000128746033,0.7077000141143799
YDR106W,YLR435W,0,-7.0327396,0.12368453294038773,0.9990000128746033,0.7077999711036682
YNL030W,YOR129C,0,-7.033717,0.12366922199726105,0.9990000128746033,0.7078999876976013
YIL004C,YDR227W,0,-7.034086,0.12365391850471497,0.9990000128746033,0.7080000042915344
YPL180W,YJL138C,0,-7.0346804,0.12363861501216888,0.9990000128746033,0.7081000208854675
YOL004W,YMR067C,0,-7.034864,0.1236233115196228,0.9990000128746033,0.7081999778747559
YLR275W,YMR146C,0,-7.035967,0.12360801547765732,0.9990000128746033,0.708299994468689
YMR135C,YPR168W,0,-7.036084,0.12359272688627243,0.9990000128746033,0.7084000110626221
YJL008C,YML047C,0,-7.0363555,0.12357743829488754,0.9990000128746033,0.7085000276565552
YKR068C,YPL059W,0,-7.036478,0.12356214970350266,0.9990000128746033,0.7085999846458435
YAL044C,YLR403W,0,-7.039063,0.12354686856269836,0.9990000128746033,0.7087000012397766
YOR281C,YLR329W,0,-7.040555,0.12353159487247467,0.9990000128746033,0.7088000178337097
YNL172W,YOR213C,0,-7.04066,0.12351632118225098,0.9990000128746033,0.708899974822998
YDR483W,YPL129W,0,-7.040666,0.12350104749202728,0.9990000128746033,0.7089999914169312
YDL164C,YCR081W,0,-7.041893,0.12348578125238419,0.9990000128746033,0.7091000080108643
YOR257W,YNL290W,0,-7.042963,0.12347052246332169,0.9990000128746033,0.7092000246047974
YOR159C,YMR095C,0,-7.043002,0.12345526367425919,0.9990000128746033,0.7092999815940857
YNL112W,YKL081W,0,-7.0431504,0.12344001233577728,0.9990000128746033,0.7093999981880188
YBR135W,YKL041W,0,-7.0432186,0.12342476099729538,0.9990000128746033,0.7095000147819519
YLR113W,YER006W,0,-7.0465574,0.12340950965881348,0.9990000128746033,0.7095999717712402
YLR303W,YDR087C,0,-7.046712,0.12339426577091217,0.9990000128746033,0.7096999883651733
YBR244W,YNR006W,0,-7.0473146,0.12337902933359146,0.9990000128746033,0.7098000049591064
YDL175C,YLR212C,0,-7.0476,0.12336379289627075,0.9990000128746033,0.7099000215530396
YMR052W,YEL034W,0,-7.0488653,0.12334856390953064,0.9990000128746033,0.7099999785423279
YJL101C,YPR134W,0,-7.0499744,0.12333333492279053,0.9990000128746033,0.710099995136261
YMR232W,YIL110W,0,-7.0503745,0.12331810593605042,0.9990000128746033,0.7102000117301941
YNL292W,YNL209W,0,-7.050923,0.1233028918504715,0.9990000128746033,0.7103000283241272
YER042W,YKL178C,0,-7.051098,0.12328767031431198,0.9990000128746033,0.7103999853134155
YOR191W,YGR152C,0,-7.0513544,0.12327245622873306,0.9990000128746033,0.7105000019073486
YDR420W,YHR021C,0,-7.05214,0.12325724959373474,0.9990000128746033,0.7106000185012817
YKR056W,YDR369C,0,-7.0523806,0.12324204295873642,0.9990000128746033,0.7106999754905701
YCR020C-A,YPL123C,0,-7.053447,0.1232268437743187,0.9990000128746033,0.7107999920845032
YOL149W,YGR161C,0,-7.055716,0.12321164458990097,0.9990000128746033,0.7109000086784363
YAL030W,YGR002C,0,-7.0557785,0.12319644540548325,0.9990000128746033,0.7110000252723694
YDR343C,YLR396C,0,-7.0569124,0.12318126112222672,0.9990000128746033,0.7110999822616577
YER155C,YNL182C,0,-7.0595946,0.12316606938838959,0.9990000128746033,0.7111999988555908
YOL021C,YDR211W,0,-7.060091,0.12315088510513306,0.9990000128746033,0.7113000154495239
YJR118C,YBR097W,0,-7.0606365,0.12313570827245712,0.9990000128746033,0.7113999724388123
YGL004C,YML055W,0,-7.061747,0.12312053143978119,0.9990000128746033,0.7114999890327454
YJL115W,YPR032W,0,-7.061896,0.12310536205768585,0.9990000128746033,0.7116000056266785
YBR060C,YOR281C,0,-7.062052,0.12309019267559052,0.9990000128746033,0.7117000222206116
YIR004W,YBR153W,0,-7.0635715,0.12307503074407578,0.9990000128746033,0.7117999792098999
YIL018W,YGL244W,0,-7.064269,0.12305986881256104,0.9990000128746033,0.711899995803833
YGL222C,YLL034C,0,-7.064494,0.1230447068810463,0.9990000128746033,0.7120000123977661
YHR129C,YNL291C,0,-7.0658536,0.12302955985069275,0.9990000128746033,0.7121000289916992
YGL075C,YNL091W,0,-7.067156,0.1230144053697586,0.9990000128746033,0.7121999859809875
YJR097W,YDR180W,0,-7.0676193,0.12299925833940506,0.9990000128746033,0.7123000025749207
YMR250W,YDR342C,0,-7.0681925,0.12298411875963211,0.9990000128746033,0.7124000191688538
YOL013C,YMR214W,0,-7.0682387,0.12296897917985916,0.9990000128746033,0.7124999761581421
YBR091C,YOR344C,0,-7.0682907,0.12295384705066681,0.9990000128746033,0.7125999927520752
YAL055W,YOR207C,0,-7.0688267,0.12293871492147446,0.9990000128746033,0.7127000093460083
YJR060W,YKL117W,0,-7.0689406,0.1229235902428627,0.9990000128746033,0.7128000259399414
YGR014W,YFL008W,0,-7.0694594,0.12290846556425095,0.9990000128746033,0.7128999829292297
YJR160C,YOR014W,0,-7.071579,0.12289334833621979,0.9990000128746033,0.7129999995231628
YMR199W,YER120W,0,-7.0717883,0.12287823110818863,0.9990000128746033,0.713100016117096
YHR024C,YDL076C,0,-7.0732727,0.12286311388015747,0.9990000128746033,0.7131999731063843
YNL116W,YGR129W,0,-7.0743346,0.1228480115532875,0.9990000128746033,0.7132999897003174
YNL068C,YML047C,0,-7.0753307,0.12283290177583694,0.9990000128746033,0.7134000062942505
YFR055W,YBR213W,0,-7.075577,0.12281779944896698,0.9990000128746033,0.7135000228881836
YGR006W,YBL102W,0,-7.0758777,0.12280270457267761,0.9990000128746033,0.7135999798774719
YHR041C,YJL138C,0,-7.0759053,0.12278760969638824,0.9990000128746033,0.713699996471405
YBL042C,YJL124C,0,-7.076804,0.12277252227067947,0.9990000128746033,0.7138000130653381
YGR249W,YDR205W,0,-7.0783367,0.1227574348449707,0.9990000128746033,0.7139000296592712
YLR276C,YLR135W,0,-7.0785794,0.12274235486984253,0.9990000128746033,0.7139999866485596
YIR015W,YPL106C,0,-7.0788975,0.12272727489471436,0.9990000128746033,0.7141000032424927
YAL044C,YOL093W,0,-7.0793123,0.12271219491958618,0.9990000128746033,0.7142000198364258
YOL095C,YDL185W,0,-7.079382,0.1226971223950386,0.9990000128746033,0.7142999768257141
YER089C,YPL180W,0,-7.0798187,0.12268205732107162,0.9990000128746033,0.7143999934196472
YLR096W,YLR190W,0,-7.080652,0.12266699224710464,0.9990000128746033,0.7145000100135803
YPR049C,YML121W,0,-7.0809307,0.12265193462371826,0.9990000128746033,0.7146000266075134
YGL029W,YMR047C,0,-7.0810394,0.12263687700033188,0.9990000128746033,0.7146999835968018
YDR255C,YOR327C,0,-7.082862,0.12262182682752609,0.9990000128746033,0.7148000001907349
YPL255W,YCL051W,0,-7.083018,0.1226067766547203,0.9990000128746033,0.714900016784668
YDR364C,YJR043C,0,-7.0844083,0.12259172648191452,0.9990000128746033,0.7149999737739563
YEL032W,YLR003C,0,-7.085801,0.12257668375968933,0.9990000128746033,0.7150999903678894
YPR103W,YDR160W,0,-7.08651,0.12256164848804474,0.9990000128746033,0.7152000069618225
YGL054C,YML065W,0,-7.086964,0.12254661321640015,0.9990000128746033,0.7153000235557556
YML110C,YBR066C,0,-7.08698,0.12253158539533615,0.9990000128746033,0.715399980545044
YKL005C,YBR192W,0,-7.0874357,0.12251655757427216,0.9990000128746033,0.715499997138977
YLR318W,YGR141W,0,-7.0878305,0.12250152975320816,0.9990000128746033,0.7156000137329102
YBR092C,YOR063W,0,-7.088001,0.12248650938272476,0.9990000128746033,0.7156999707221985
YDR386W,YOR137C,0,-7.089643,0.12247149646282196,0.9990000128746033,0.7157999873161316
YJR112W,YDR055W,0,-7.0903454,0.12245648354291916,0.9990000128746033,0.7159000039100647
YLR418C,YLR376C,0,-7.0906363,0.12244147807359695,0.9990000128746033,0.7160000205039978
YEL016C,YLR424W,0,-7.0916066,0.12242647260427475,0.9990000128746033,0.7160999774932861
YGL019W,YPR033C,0,-7.091757,0.12241146713495255,0.9990000128746033,0.7161999940872192
YER142C,YAL011W,0,-7.092175,0.12239646911621094,0.9990000128746033,0.7163000106811523
YGR238C,YOR308C,0,-7.093598,0.12238147854804993,0.9990000128746033,0.7164000272750854
YJR055W,YDL190C,0,-7.0937257,0.12236648797988892,0.9990000128746033,0.7164999842643738
YDL145C,YKL117W,0,-7.094461,0.1223514974117279,0.9990000128746033,0.7166000008583069
YDR219C,YOR272W,0,-7.0946865,0.12233651429414749,0.9990000128746033,0.71670001745224
YOL044W,YLR003C,0,-7.0955877,0.12232153862714767,0.9990000128746033,0.7167999744415283
YKL042W,YGR094W,0,-7.0965433,0.12230656296014786,0.9990000128746033,0.7168999910354614
YDL100C,YHR008C,0,-7.097691,0.12229158729314804,0.9990000128746033,0.7170000076293945
YEL053C,YFR031C,0,-7.0989084,0.12227661907672882,0.9990000128746033,0.7171000242233276
YLR401C,YNL201C,0,-7.099876,0.1222616583108902,0.9990000128746033,0.717199981212616
YOR018W,YLR092W,0,-7.1000166,0.12224669754505157,0.9990000128746033,0.7172999978065491
YFL013C,YBR126C,0,-7.1005206,0.12223173677921295,0.9990000128746033,0.7174000144004822
YBL009W,YFR028C,0,-7.1016197,0.12221678346395493,0.9990000128746033,0.7174999713897705
YBL016W,YLR113W,0,-7.102733,0.1222018375992775,0.9990000128746033,0.7175999879837036
YBR068C,YKL084W,0,-7.1029387,0.12218689173460007,0.9990000128746033,0.7177000045776367
YOR335C,YDR240C,0,-7.106743,0.12217194586992264,0.9990000128746033,0.7178000211715698
YPR020W,YNL036W,0,-7.106876,0.1221570074558258,0.9990000128746033,0.7178999781608582
YOR113W,YJL183W,0,-7.1071568,0.12214206904172897,0.9990000128746033,0.7179999947547913
YAL029C,YOL034W,0,-7.1078863,0.12212713807821274,0.9990000128746033,0.7181000113487244
YER105C,YBL055C,0,-7.1079063,0.1221122145652771,0.9990000128746033,0.7182000279426575
YMR219W,YOL126C,0,-7.1104417,0.12209728360176086,0.9990000128746033,0.7182999849319458
YLR069C,YPR125W,0,-7.110511,0.12208236753940582,0.9990000128746033,0.7184000015258789
YML077W,YJL069C,0,-7.1110873,0.12206745147705078,0.9990000128746033,0.718500018119812
YDR045C,YOL091W,0,-7.1111827,0.12205253541469574,0.9990000128746033,0.7185999751091003
YLR319C,YOR143C,0,-7.112318,0.1220376268029213,0.9990000128746033,0.7186999917030334
YML071C,YLR291C,0,-7.1124716,0.12202271819114685,0.9990000128746033,0.7188000082969666
YIR017C,YPR103W,0,-7.1127496,0.122007817029953,0.9990000128746033,0.7189000248908997
YMR299C,YMR073C,0,-7.1131053,0.12199291586875916,0.9990000128746033,0.718999981880188
YGL043W,YLR256W,0,-7.113293,0.1219780221581459,0.9990000128746033,0.7190999984741211
YDR268W,YCR009C,0,-7.1134663,0.12196312844753265,0.9990000128746033,0.7192000150680542
YKL135C,YJL168C,0,-7.1138964,0.1219482421875,0.9990000128746033,0.7192999720573425
YJR022W,YER169W,0,-7.113954,0.12193335592746735,0.9990000128746033,0.7193999886512756
YKL021C,YKL014C,0,-7.117914,0.12191847711801529,0.9990000128746033,0.7195000052452087
YLR293C,YGR239C,0,-7.118823,0.12190359830856323,0.9990000128746033,0.7196000218391418
YMR012W,YJR026W,0,-7.119632,0.12188872694969177,0.9990000128746033,0.7196999788284302
YBR212W,YDR292C,0,-7.120499,0.12187385559082031,0.9990000128746033,0.7197999954223633
YDR099W,YMR038C,0,-7.1208653,0.12185899168252945,0.9990000128746033,0.7199000120162964
YKL170W,YAL011W,0,-7.1212683,0.12184412777423859,0.9990000128746033,0.7200000286102295
YGR159C,YDL095W,0,-7.1216836,0.12182927131652832,0.9990000128746033,0.7200999855995178
YEL056W,YIL128W,0,-7.1222887,0.12181441485881805,0.9990000128746033,0.7202000021934509
YNL245C,YIL038C,0,-7.1230917,0.12179955840110779,0.9990000128746033,0.720300018787384
YOR038C,YCL069W,0,-7.1241446,0.12178470939397812,0.9990000128746033,0.7203999757766724
YCR020C-A,YMR241W,0,-7.125536,0.12176986783742905,0.9990000128746033,0.7204999923706055
YOR037W,YDR002W,0,-7.127227,0.12175502628087997,0.9990000128746033,0.7206000089645386
YCL016C,YNL262W,0,-7.1276627,0.1217401921749115,0.9990000128746033,0.7207000255584717
YPL055C,YDR485C,0,-7.128337,0.12172535806894302,0.9990000128746033,0.72079998254776
YIL007C,YLR363C,0,-7.1287374,0.12171052396297455,0.9990000128746033,0.7208999991416931
YDR113C,YHR139C,0,-7.1291695,0.12169569730758667,0.9990000128746033,0.7210000157356262
YNL008C,YLR015W,0,-7.1332073,0.12168087810277939,0.9990000128746033,0.7210999727249146
YNL318C,YBR294W,0,-7.1335235,0.1216660588979721,0.9990000128746033,0.7211999893188477
YAL044C,YOL040C,0,-7.133665,0.12165123969316483,0.9990000128746033,0.7213000059127808
YNL023C,YDR071C,0,-7.135046,0.12163642793893814,0.9990000128746033,0.7214000225067139
YGL151W,YOR230W,0,-7.1354237,0.12162162363529205,0.9990000128746033,0.7214999794960022
YLR028C,YLL004W,0,-7.135871,0.12160681933164597,0.9990000128746033,0.7215999960899353
YDR423C,YGL163C,0,-7.136301,0.12159201502799988,0.9990000128746033,0.7217000126838684
YPL012W,YER031C,0,-7.1373315,0.12157721817493439,0.9990000128746033,0.7218000292778015
YMR276W,YDL051W,0,-7.137596,0.1215624213218689,0.9990000128746033,0.7218999862670898
YCR018C,YJR066W,0,-7.1377864,0.121547631919384,0.9990000128746033,0.722000002861023
YPL195W,YIL008W,0,-7.138093,0.1215328499674797,0.9990000128746033,0.722100019454956
YPR025C,YML074C,0,-7.1382923,0.12151806056499481,0.9990000128746033,0.7221999764442444
YPL051W,YNL167C,0,-7.1393585,0.12150328606367111,0.9990000128746033,0.7222999930381775
YPR175W,YOR344C,0,-7.1400795,0.12148851156234741,0.9990000128746033,0.7224000096321106
YNL072W,YDR470C,0,-7.140405,0.12147373706102371,0.9990000128746033,0.7225000262260437
YOR226C,YOL001W,0,-7.1412983,0.12145897001028061,0.9990000128746033,0.722599983215332
YMR142C,YGR054W,0,-7.142016,0.1214442029595375,0.9990000128746033,0.7226999998092651
YCL039W,YGR144W,0,-7.1420593,0.121429443359375,0.9990000128746033,0.7228000164031982
YMR069W,YLR453C,0,-7.1422257,0.1214146837592125,0.9990000128746033,0.7228999733924866
YMR029C,YLR396C,0,-7.142549,0.12139992415904999,0.9990000128746033,0.7229999899864197
YLR451W,YLR055C,0,-7.1429434,0.12138517946004868,0.9990000128746033,0.7231000065803528
YDR183W,YGR211W,0,-7.143379,0.12137042731046677,0.9990000128746033,0.7232000231742859
YER165W,YOL066C,0,-7.1464972,0.12135568261146545,0.9990000128746033,0.7232999801635742
YOL076W,YIR012W,0,-7.147339,0.12134094536304474,0.9990000128746033,0.7233999967575073
YGR261C,YDL220C,0,-7.1477795,0.12132620811462402,0.9990000128746033,0.7235000133514404
YAL031C,YNL182C,0,-7.147788,0.1213114783167839,0.9990000128746033,0.7235999703407288
YML012W,YDL135C,0,-7.14814,0.12129674851894379,0.9990000128746033,0.7236999869346619
YOR346W,YNL313C,0,-7.148168,0.12128201872110367,0.9990000128746033,0.723800003528595
YKL074C,YPR154W,0,-7.1485357,0.12126729637384415,0.9990000128746033,0.7239000201225281
YJL085W,YPL007C,0,-7.1492705,0.12125258147716522,0.9990000128746033,0.7239999771118164
YJL039C,YOL124C,0,-7.1521287,0.1212378665804863,0.9990000128746033,0.7240999937057495
YDL014W,YGR161C,0,-7.152465,0.12122315168380737,0.9990000128746033,0.7242000102996826
YKR026C,YOR253W,0,-7.1526704,0.12120844423770905,0.9990000128746033,0.7243000268936157
YBR103W,YGR005C,0,-7.156031,0.12119373679161072,0.9990000128746033,0.724399983882904
YOR274W,YPL253C,0,-7.1561313,0.12117903679609299,0.9990000128746033,0.7245000004768372
YOL149W,YJL054W,0,-7.1562605,0.12116434425115585,0.9990000128746033,0.7246000170707703
YCR010C,YPL058C,0,-7.1571226,0.12114965170621872,0.9990000128746033,0.7246999740600586
YNL245C,YFR037C,0,-7.157693,0.12113495916128159,0.9990000128746033,0.7247999906539917
YGL033W,YIL068C,0,-7.157713,0.12112027406692505,0.9990000128746033,0.7249000072479248
YOR103C,YMR183C,0,-7.1586323,0.12110558897256851,0.9990000128746033,0.7250000238418579
YOR040W,YPR101W,0,-7.158967,0.12109091132879257,0.9990000128746033,0.7250999808311462
YPR187W,YCR060W,0,-7.160104,0.12107623368501663,0.9990000128746033,0.7251999974250793
YDL065C,YPL123C,0,-7.1601105,0.12106156349182129,0.9990000128746033,0.7253000140190125
YKL052C,YPL119C,0,-7.161165,0.12104689329862595,0.9990000128746033,0.7253999710083008
YLR369W,YDR200C,0,-7.162322,0.1210322231054306,0.9990000128746033,0.7254999876022339
YMR276W,YHR154W,0,-7.1628942,0.12101756781339645,0.9990000128746033,0.725600004196167
YNL161W,YOL009C,0,-7.1633234,0.12100290507078171,0.9990000128746033,0.7257000207901001
YOL164W,YPR100W,0,-7.1642256,0.12098824977874756,0.9990000128746033,0.7257999777793884
YIL040W,YDR172W,0,-7.1643133,0.120973601937294,0.9990000128746033,0.7258999943733215
YPL242C,YDR244W,0,-7.165661,0.12095895409584045,0.9990000128746033,0.7260000109672546
YDR421W,YKR059W,0,-7.165963,0.1209443062543869,0.9990000128746033,0.7261000275611877
YFR053C,YIL135C,0,-7.1660223,0.12092966586351395,0.9990000128746033,0.7261999845504761
YPL221W,YNL222W,0,-7.166271,0.12091503292322159,0.9990000128746033,0.7263000011444092
YGL084C,YGL035C,0,-7.1666327,0.12090039998292923,0.9990000128746033,0.7264000177383423
YJR089W,YML124C,0,-7.1667957,0.12088576704263687,0.9990000128746033,0.7264999747276306
YPL240C,YDR425W,0,-7.166817,0.12087114155292511,0.9990000128746033,0.7265999913215637
YDR490C,YNL121C,0,-7.168069,0.12085652351379395,0.9990000128746033,0.7267000079154968
YHR118C,YER012W,0,-7.170875,0.12084189802408218,0.9990000128746033,0.7268000245094299
YNL256W,YPR046W,0,-7.173293,0.12082728743553162,0.9990000128746033,0.7268999814987183
YML032C,YOR054C,0,-7.174144,0.12081267684698105,0.9990000128746033,0.7269999980926514
YML099C,YOR036W,0,-7.17418,0.12079806625843048,0.9990000128746033,0.7271000146865845
YFL018C,YBR091C,0,-7.174892,0.12078346312046051,0.9990000128746033,0.7271999716758728
YMR135C,YHR197W,0,-7.17562,0.12076885998249054,0.9990000128746033,0.7272999882698059
YNL245C,YNL294C,0,-7.176467,0.12075426429510117,0.9990000128746033,0.727400004863739
YBR185C,YKR014C,0,-7.1768694,0.12073966860771179,0.9990000128746033,0.7275000214576721
YHR060W,YNL283C,0,-7.178401,0.12072507292032242,0.9990000128746033,0.7275999784469604
YJL190C,YIL017W,0,-7.1788445,0.12071048468351364,0.9990000128746033,0.7276999950408936
YKL197C,YBL057C,0,-7.18118,0.12069590389728546,0.9990000128746033,0.7278000116348267
YHR089C,YMR214W,0,-7.1812525,0.12068132311105728,0.9990000128746033,0.7279000282287598
YLR384C,YHR050W,0,-7.181593,0.1206667497754097,0.9990000128746033,0.7279999852180481
YMR068W,YOR103C,0,-7.181997,0.12065217643976212,0.9990000128746033,0.7281000018119812
YDL113C,YAL024C,0,-7.1823273,0.12063760310411453,0.9990000128746033,0.7282000184059143
YNR054C,YOL031C,0,-7.1824064,0.12062303721904755,0.9990000128746033,0.7282999753952026
YNL207W,YER041W,0,-7.182662,0.12060847878456116,0.9990000128746033,0.7283999919891357
YPL155C,YPL174C,0,-7.182806,0.12059391289949417,0.9990000128746033,0.7285000085830688
YHR065C,YDR453C,0,-7.1834316,0.12057936191558838,0.9990000128746033,0.728600025177002
YER044C-A,YIL051C,0,-7.1838737,0.12056481093168259,0.9990000128746033,0.7286999821662903
YMR112C,YBR257W,0,-7.1838984,0.1205502599477768,0.9990000128746033,0.7287999987602234
YGR167W,YLR092W,0,-7.1845326,0.1205357164144516,0.9990000128746033,0.7289000153541565
YPL270W,YDR028C,0,-7.184993,0.1205211728811264,0.9990000128746033,0.7289999723434448
YNL292W,YJL052W,0,-7.1853123,0.1205066367983818,0.9990000128746033,0.7290999889373779
YCL034W,YPR054W,0,-7.185886,0.12049210071563721,0.9990000128746033,0.729200005531311
YGL035C,YGR209C,0,-7.1876736,0.1204775720834732,0.9990000128746033,0.7293000221252441
YOL149W,YDR122W,0,-7.1879153,0.1204630434513092,0.9990000128746033,0.7293999791145325
YMR219W,YML093W,0,-7.1883044,0.1204485148191452,0.9990000128746033,0.7294999957084656
YPL036W,YOR208W,0,-7.1891537,0.1204339936375618,0.9990000128746033,0.7296000123023987
YJL148W,YBR156C,0,-7.1901884,0.12041947990655899,0.9990000128746033,0.7297000288963318
YJL115W,YOR346W,0,-7.1902013,0.12040496617555618,0.9990000128746033,0.7297999858856201
YLR103C,YPL059W,0,-7.1911154,0.12039045244455338,0.9990000128746033,0.7299000024795532
YBL071W-A,YNL129W,0,-7.191136,0.12037594616413116,0.9990000128746033,0.7300000190734863
YNL029C,YJL030W,0,-7.1932945,0.12036144733428955,0.9990000128746033,0.7300999760627747
YJL125C,YOR020C,0,-7.193316,0.12034694850444794,0.9990000128746033,0.7301999926567078
YAL020C,YNL287W,0,-7.193655,0.12033244967460632,0.9990000128746033,0.7303000092506409
YDL132W,YLR145W,0,-7.193697,0.1203179582953453,0.9990000128746033,0.730400025844574
YOL071W,YGR171C,0,-7.1938972,0.12030346691608429,0.9990000128746033,0.7304999828338623
YDR190C,YFL038C,0,-7.194073,0.12028898298740387,0.9990000128746033,0.7305999994277954
YJR158W,YKL056C,0,-7.195627,0.12027449905872345,0.9990000128746033,0.7307000160217285
YCL034W,YLR148W,0,-7.195716,0.12026002258062363,0.9990000128746033,0.7307999730110168
YPR083W,YLR248W,0,-7.1992855,0.1202455461025238,0.9990000128746033,0.73089998960495
YNR033W,YFL037W,0,-7.1998725,0.12023107707500458,0.9990000128746033,0.7310000061988831
YNL061W,YML043C,0,-7.2000074,0.12021660804748535,0.9990000128746033,0.7311000227928162
YNL307C,YJR002W,0,-7.200187,0.12020213901996613,0.9990000128746033,0.7311999797821045
YMR283C,YDR227W,0,-7.2012725,0.1201876774430275,0.9990000128746033,0.7312999963760376
YBR250W,YIL135C,0,-7.201638,0.12017322331666946,0.9990000128746033,0.7314000129699707
YGR178C,YDL216C,0,-7.2017384,0.12015876919031143,0.9990000128746033,0.7315000295639038
YOR319W,YDL002C,0,-7.204323,0.1201443150639534,0.9990000128746033,0.7315999865531921
YDR299W,YNL053W,0,-7.2061753,0.12012986838817596,0.9990000128746033,0.7317000031471252
YDR310C,YDR398W,0,-7.206458,0.12011542916297913,0.9990000128746033,0.7318000197410583
YBL099W,YPR188C,0,-7.207752,0.12010098248720169,0.9990000128746033,0.7318999767303467
YOL023W,YPL065W,0,-7.2079525,0.12008655071258545,0.9990000128746033,0.7319999933242798
YLR045C,YDR472W,0,-7.2084603,0.12007211893796921,0.9990000128746033,0.7321000099182129
YPR111W,YCR098C,0,-7.2091217,0.12005768716335297,0.9990000128746033,0.732200026512146
YGR224W,YOR198C,0,-7.210154,0.12004325538873672,0.9990000128746033,0.7322999835014343
YHR174W,YLR191W,0,-7.211232,0.12002883851528168,0.9990000128746033,0.7324000000953674
YOR026W,YGL013C,0,-7.211528,0.12001441419124603,0.9990000128746033,0.7325000166893005
YER083C,YOR266W,0,-7.212234,0.11999999731779099,0.9990000128746033,0.7325999736785889
YDR343C,YBR165W,0,-7.213134,0.11998558789491653,0.9990000128746033,0.732699990272522
YBR112C,YDR087C,0,-7.2133045,0.11997117847204208,0.9990000128746033,0.7328000068664551
YLR238W,YNL110C,0,-7.214028,0.11995676904916763,0.9990000128746033,0.7329000234603882
YDR130C,YMR231W,0,-7.214383,0.11994236707687378,0.9990000128746033,0.7329999804496765
YJL201W,YER013W,0,-7.2149744,0.11992797255516052,0.9990000128746033,0.7330999970436096
YPL051W,YGL045W,0,-7.215313,0.11991357803344727,0.9990000128746033,0.7332000136375427
YOL077C,YPR124W,0,-7.2160106,0.11989918351173401,0.9990000128746033,0.733299970626831
YNR060W,YMR188C,0,-7.21612,0.11988479644060135,0.9990000128746033,0.7333999872207642
YML099C,YGR241C,0,-7.217028,0.11987040936946869,0.9990000128746033,0.7335000038146973
YCR010C,YCL066W,0,-7.2176366,0.11985602974891663,0.9990000128746033,0.7336000204086304
YNL291C,YFL036W,0,-7.218163,0.11984165012836456,0.9990000128746033,0.7336999773979187
YNL103W,YMR305C,0,-7.2182426,0.1198272779583931,0.9990000128746033,0.7337999939918518
YLL060C,YJR021C,0,-7.21974,0.11981290578842163,0.9990000128746033,0.7339000105857849
YDR461W,YPR072W,0,-7.220298,0.11979853361845016,0.9990000128746033,0.734000027179718
YJR060W,YJR035W,0,-7.22169,0.11978417634963989,0.9990000128746033,0.7340999841690063
YKL001C,YGR004W,0,-7.222381,0.11976981163024902,0.9990000128746033,0.7342000007629395
YDR273W,YKL042W,0,-7.2230625,0.11975545436143875,0.9990000128746033,0.7343000173568726
YDL022W,YGR047C,0,-7.2244644,0.11974109709262848,0.9990000128746033,0.7343999743461609
YHR053C,YHR119W,0,-7.2248917,0.1197267472743988,0.9990000128746033,0.734499990940094
YGL173C,YOR212W,0,-7.2259626,0.11971240490674973,0.9990000128746033,0.7346000075340271
YGR238C,YJR021C,0,-7.226722,0.11969806253910065,0.9990000128746033,0.7347000241279602
YNR054C,YNR017W,0,-7.228738,0.11968372017145157,0.9990000128746033,0.7347999811172485
YLR013W,YNR039C,0,-7.2289333,0.11966938525438309,0.9990000128746033,0.7348999977111816
YKR076W,YLR067C,0,-7.229717,0.1196550503373146,0.9990000128746033,0.7350000143051147
YJR043C,YDL111C,0,-7.2302685,0.11964071542024612,0.9990000128746033,0.7350999712944031
YGR014W,YMR047C,0,-7.230893,0.11962639540433884,0.9990000128746033,0.7351999878883362
YNL020C,YFL002C,0,-7.2314277,0.11961206793785095,0.9990000128746033,0.7353000044822693
YHR148W,YIR009W,0,-7.23164,0.11959774792194366,0.9990000128746033,0.7354000210762024
YMR182C,YNL049C,0,-7.2335196,0.11958343535661697,0.9990000128746033,0.7354999780654907
YDR309C,YBR254C,0,-7.23526,0.11956912279129028,0.9990000128746033,0.7355999946594238
YCL029C,YOR368W,0,-7.2361293,0.11955481022596359,0.9990000128746033,0.7357000112533569
YLR215C,YLR219W,0,-7.2362437,0.1195405051112175,0.9990000128746033,0.73580002784729
YLR113W,YBR142W,0,-7.236499,0.1195261999964714,0.9990000128746033,0.7358999848365784
YDR272W,YER020W,0,-7.2371583,0.11951190233230591,0.9990000128746033,0.7360000014305115
YPL208W,YDR523C,0,-7.238058,0.11949760466814041,0.9990000128746033,0.7361000180244446
YCL051W,YKR079C,0,-7.2386827,0.11948331445455551,0.9990000128746033,0.7361999750137329
YPL037C,YHR016C,0,-7.2392135,0.11946902424097061,0.9990000128746033,0.736299991607666
YAL055W,YGR005C,0,-7.239313,0.11945474147796631,0.9990000128746033,0.7364000082015991
YBR077C,YLR066W,0,-7.2398067,0.119440458714962,0.9990000128746033,0.7365000247955322
YNR056C,YHL038C,0,-7.241843,0.1194261834025383,0.9990000128746033,0.7365999817848206
YOL043C,YBR024W,0,-7.2424316,0.1194119080901146,0.9990000128746033,0.7366999983787537
YDR017C,YJL001W,0,-7.242609,0.11939763277769089,0.9990000128746033,0.7368000149726868
YPR072W,YBL007C,0,-7.243027,0.11938336491584778,0.9990000128746033,0.7368999719619751
YOL023W,YER072W,0,-7.2441506,0.11936909705400467,0.9990000128746033,0.7369999885559082
YBR237W,YPL085W,0,-7.2462254,0.11935483664274216,0.9990000128746033,0.7371000051498413
YCR092C,YER022W,0,-7.246566,0.11934058368206024,0.9990000128746033,0.7372000217437744
YGL086W,YOL031C,0,-7.2469926,0.11932632327079773,0.9990000128746033,0.7372999787330627
YMR048W,YGR085C,0,-7.249278,0.11931207776069641,0.9990000128746033,0.7373999953269958
YLR431C,YKL002W,0,-7.2503524,0.1192978248000145,0.9990000128746033,0.737500011920929
YJR118C,YGR129W,0,-7.25294,0.11928357928991318,0.9990000128746033,0.7376000285148621
YBR039W,YIR026C,0,-7.2542667,0.11926934123039246,0.9990000128746033,0.7376999855041504
YLR370C,YAL043C,0,-7.2547107,0.11925510317087173,0.9990000128746033,0.7378000020980835
YBR040W,YNL090W,0,-7.255033,0.11924087256193161,0.9990000128746033,0.7379000186920166
YDR420W,YOR327C,0,-7.2553244,0.11922663450241089,0.9990000128746033,0.7379999756813049
YPL271W,YBR173C,0,-7.2561684,0.11921241134405136,0.9990000128746033,0.738099992275238
YMR038C,YDR177W,0,-7.2572613,0.11919818818569183,0.9990000128746033,0.7382000088691711
YDL014W,YDR177W,0,-7.258461,0.1191839650273323,0.9990000128746033,0.7383000254631042
YGR267C,YGR020C,0,-7.259049,0.11916974931955338,0.9990000128746033,0.7383999824523926
YGR135W,YBR240C,0,-7.2592864,0.11915553361177444,0.9990000128746033,0.7384999990463257
YBR088C,YDL030W,0,-7.2599335,0.11914132535457611,0.9990000128746033,0.7386000156402588
YDL005C,YNL312W,0,-7.2611427,0.11912711709737778,0.9990000128746033,0.7386999726295471
YDR165W,YGR241C,0,-7.262025,0.11911291629076004,0.9990000128746033,0.7387999892234802
YNL172W,YNL110C,0,-7.2624354,0.1190987154841423,0.9990000128746033,0.7389000058174133
YMR276W,YDR325W,0,-7.2626905,0.11908451467752457,0.9990000128746033,0.7390000224113464
YLR449W,YGL106W,0,-7.2628746,0.11907032132148743,0.9990000128746033,0.7390999794006348
YGL058W,YOR117W,0,-7.263343,0.11905612796545029,0.9990000128746033,0.7391999959945679
YOR257W,YLR165C,0,-7.2653103,0.11904194205999374,0.9990000128746033,0.739300012588501
YDL126C,YPL239W,0,-7.2668753,0.1190277636051178,0.9990000128746033,0.7394000291824341
YOR079C,YAL012W,0,-7.268557,0.11901357769966125,0.9990000128746033,0.7394999861717224
YIL014W,YBR123C,0,-7.2686105,0.1189994066953659,0.9990000128746033,0.7396000027656555
YAL054C,YDR463W,0,-7.27116,0.11898522824048996,0.9990000128746033,0.7397000193595886
YNL149C,YML041C,0,-7.2716713,0.11897106468677521,0.9990000128746033,0.739799976348877
YPR072W,YDR202C,0,-7.2724566,0.11895689368247986,0.9990000128746033,0.7398999929428101
YPR188C,YGL048C,0,-7.2724648,0.1189427301287651,0.9990000128746033,0.7400000095367432
YGL071W,YBL022C,0,-7.2726235,0.11892857402563095,0.9990000128746033,0.7401000261306763
YOR381W,YPL019C,0,-7.2728434,0.1189144179224968,0.9990000128746033,0.7401999831199646
YIL118W,YNL272C,0,-7.273713,0.11890026181936264,0.9990000128746033,0.7402999997138977
YDR268W,YGL244W,0,-7.2748413,0.11888611316680908,0.9990000128746033,0.7404000163078308
YDL225W,YBR118W,0,-7.2754693,0.11887196451425552,0.9990000128746033,0.7404999732971191
YMR112C,YDL095W,0,-7.2759957,0.11885782331228256,0.9990000128746033,0.7405999898910522
YDR211W,YDL216C,0,-7.2760124,0.1188436821103096,0.9990000128746033,0.7407000064849854
YDL130W,YLR208W,0,-7.2762103,0.11882954835891724,0.9990000128746033,0.7408000230789185
YGR088W,YEL062W,0,-7.277569,0.11881541460752487,0.9990000128746033,0.7408999800682068
YIL097W,YIL018W,0,-7.2777185,0.11880128085613251,0.9990000128746033,0.7409999966621399
YBR290W,YDL135C,0,-7.2789345,0.11878715455532074,0.9990000128746033,0.741100013256073
YFL008W,YOL105C,0,-7.2797995,0.11877303570508957,0.9990000128746033,0.7411999702453613
YBL063W,YOR117W,0,-7.281256,0.1187589168548584,0.9990000128746033,0.7412999868392944
YML032C,YJL109C,0,-7.2814846,0.11874479800462723,0.9990000128746033,0.7414000034332275
YHR065C,YHL025W,0,-7.281784,0.11873068660497665,0.9990000128746033,0.7415000200271606
YGL219C,YNR031C,0,-7.2823067,0.11871657520532608,0.9990000128746033,0.741599977016449
YIL110W,YJR112W,0,-7.2826214,0.1187024712562561,0.9990000128746033,0.7416999936103821
YBL008W,YKL034W,0,-7.283293,0.11868836730718613,0.9990000128746033,0.7418000102043152
YPR029C,YHL009C,0,-7.2853003,0.11867427080869675,0.9990000128746033,0.7419000267982483
YMR021C,YGL153W,0,-7.286047,0.11866017431020737,0.9990000128746033,0.7419999837875366
YPR029C,YHR083W,0,-7.2863054,0.11864607781171799,0.9990000128746033,0.7421000003814697
YOL012C,YPL060W,0,-7.2883263,0.1186319887638092,0.9990000128746033,0.7422000169754028
YAL024C,YBR192W,0,-7.2895346,0.11861790716648102,0.9990000128746033,0.7422999739646912
YPL187W,YBR073W,0,-7.290142,0.11860382556915283,0.9990000128746033,0.7423999905586243
YLR376C,YMR125W,0,-7.2903147,0.11858974397182465,0.9990000128746033,0.7425000071525574
YBL014C,YHR039C-A,0,-7.292774,0.11857566982507706,0.9990000128746033,0.7426000237464905
YDR211W,YPL120W,0,-7.293949,0.11856159567832947,0.9990000128746033,0.7426999807357788
YIR015W,YDR416W,0,-7.2941203,0.11854752898216248,0.9990000128746033,0.7427999973297119
YGL150C,YFL045C,0,-7.2942624,0.11853346228599548,0.9990000128746033,0.742900013923645
YGL133W,YNL167C,0,-7.2945023,0.11851939558982849,0.9990000128746033,0.7429999709129333
YNL148C,YOR020C,0,-7.29557,0.1185053363442421,0.9990000128746033,0.7430999875068665
YKL160W,YDR175C,0,-7.2962317,0.1184912845492363,0.9990000128746033,0.7432000041007996
YLR376C,YGL045W,0,-7.2966385,0.1184772327542305,0.9990000128746033,0.7433000206947327
YBL026W,YGR129W,0,-7.2975645,0.1184631809592247,0.9990000128746033,0.743399977684021
YLR127C,YEL053C,0,-7.297943,0.1184491366147995,0.9990000128746033,0.7434999942779541
YGR038W,YBL064C,0,-7.298959,0.1184350922703743,0.9990000128746033,0.7436000108718872
YDR480W,YBR017C,0,-7.2989855,0.1184210553765297,0.9990000128746033,0.7437000274658203
YBR081C,YLR396C,0,-7.2998557,0.11840701848268509,0.9990000128746033,0.7437999844551086
YBR156C,YGL022W,0,-7.301362,0.11839298158884048,0.9990000128746033,0.7439000010490417
YPL233W,YBR037C,0,-7.301365,0.11837895214557648,0.9990000128746033,0.7440000176429749
YOR076C,YIL063C,0,-7.301523,0.11836493015289307,0.9990000128746033,0.7440999746322632
YIR002C,YGL095C,0,-7.3024044,0.11835090816020966,0.9990000128746033,0.7441999912261963
YLR246W,YNL244C,0,-7.3039103,0.11833688616752625,0.9990000128746033,0.7443000078201294
YIL014W,YGR081C,0,-7.304233,0.11832287162542343,0.9990000128746033,0.7444000244140625
YOL045W,YKL070W,0,-7.3045025,0.11830885708332062,0.9990000128746033,0.7444999814033508
YGL067W,YNL044W,0,-7.305602,0.1182948499917984,0.9990000128746033,0.7445999979972839
YDL106C,YML005W,0,-7.3062882,0.11828084290027618,0.9990000128746033,0.744700014591217
YMR303C,YMR135C,0,-7.306743,0.11826684325933456,0.9990000128746033,0.7447999715805054
YKL170W,YDL230W,0,-7.3067675,0.11825284361839294,0.9990000128746033,0.7448999881744385
YPL049C,YIL101C,0,-7.3074284,0.11823884397745132,0.9990000128746033,0.7450000047683716
YLR246W,YDR159W,0,-7.3094773,0.1182248517870903,0.9990000128746033,0.7451000213623047
YGL003C,YNL291C,0,-7.309675,0.11821085959672928,0.9990000128746033,0.745199978351593
YNR017W,YHR111W,0,-7.3100624,0.11819687485694885,0.9990000128746033,0.7452999949455261
YIL119C,YPR009W,0,-7.3108296,0.11818289011716843,0.9990000128746033,0.7454000115394592
YOR319W,YML034W,0,-7.3109283,0.1181689128279686,0.9990000128746033,0.7455000281333923
YBR294W,YML015C,0,-7.311654,0.11815493553876877,0.9990000128746033,0.7455999851226807
YOL133W,YBL041W,0,-7.311955,0.11814096570014954,0.9990000128746033,0.7457000017166138
YPL178W,YLR183C,0,-7.312112,0.1181269958615303,0.9990000128746033,0.7458000183105469
YDL155W,YLR059C,0,-7.3124924,0.11811302602291107,0.9990000128746033,0.7458999752998352
YBL064C,YDL224C,0,-7.315194,0.11809906363487244,0.9990000128746033,0.7459999918937683
YJR017C,YAL043C,0,-7.315345,0.1180851086974144,0.9990000128746033,0.7461000084877014
YPR134W,YOR116C,0,-7.31628,0.11807114630937576,0.9990000128746033,0.7462000250816345
YLL050C,YDR337W,0,-7.3163795,0.11805719882249832,0.9990000128746033,0.7462999820709229
YML094W,YDL077C,0,-7.3171163,0.11804324388504028,0.9990000128746033,0.746399998664856
YIR025W,YNL287W,0,-7.317313,0.11802930384874344,0.9990000128746033,0.7465000152587891
YCR027C,YGL145W,0,-7.3181205,0.118015356361866,0.9990000128746033,0.7465999722480774
YJR158W,YJL034W,0,-7.3181534,0.11800141632556915,0.9990000128746033,0.7466999888420105
YOR020C,YIL014W,0,-7.3184385,0.1179874837398529,0.9990000128746033,0.7468000054359436
YDR060W,YHL025W,0,-7.318568,0.11797355115413666,0.9990000128746033,0.7469000220298767
YGL054C,YGL124C,0,-7.318571,0.11795961856842041,0.9990000128746033,0.746999979019165
YLR134W,YGR082W,0,-7.318883,0.11794569343328476,0.9990000128746033,0.7470999956130981
YLR060W,YGL016W,0,-7.319497,0.11793176829814911,0.9990000128746033,0.7472000122070312
YGL191W,YNL102W,0,-7.319597,0.11791785061359406,0.9990000128746033,0.7473000288009644
YCL024W,YML024W,0,-7.320097,0.117903932929039,0.9990000128746033,0.7473999857902527
YML019W,YBR275C,0,-7.3225102,0.11789001524448395,0.9990000128746033,0.7475000023841858
YER122C,YGL201C,0,-7.3232064,0.11787610501050949,0.9990000128746033,0.7476000189781189
YOL077C,YPL209C,0,-7.3241367,0.11786220222711563,0.9990000128746033,0.7476999759674072
YPL085W,YDR451C,0,-7.3245506,0.11784829199314117,0.9990000128746033,0.7477999925613403
YDR358W,YLR309C,0,-7.324581,0.11783439666032791,0.9990000128746033,0.7479000091552734
YPL195W,YOR133W,0,-7.3257027,0.11782050132751465,0.9990000128746033,0.7480000257492065
YJL042W,YOR212W,0,-7.3263264,0.11780660599470139,0.9990000128746033,0.7480999827384949
YBR135W,YLR075W,0,-7.3291817,0.11779271066188812,0.9990000128746033,0.748199999332428
YCR005C,YJL140W,0,-7.3324013,0.11777882277965546,0.9990000128746033,0.7483000159263611
YAL042W,YDR362C,0,-7.3325224,0.11776494234800339,0.9990000128746033,0.7483999729156494
YIR010W,YMR247C,0,-7.332822,0.11775106191635132,0.9990000128746033,0.7484999895095825
YHR129C,YML032C,0,-7.3336525,0.11773718148469925,0.9990000128746033,0.7486000061035156
YGR098C,YER162C,0,-7.3338385,0.11772330850362778,0.9990000128746033,0.7487000226974487
YOR257W,YIL147C,0,-7.3356276,0.1177094355225563,0.9990000128746033,0.7487999796867371
YER122C,YOL039W,0,-7.335974,0.11769556999206543,0.9990000128746033,0.7488999962806702
YLR313C,YCR073C,0,-7.3362904,0.11768170446157455,0.9990000128746033,0.7490000128746033
YFL039C,YDL197C,0,-7.3377624,0.11766784638166428,0.9990000128746033,0.7491000294685364
YNL099C,YPR181C,0,-7.3396754,0.117653988301754,0.9990000128746033,0.7491999864578247
YDR017C,YER005W,0,-7.3415775,0.11764013022184372,0.9990000128746033,0.7493000030517578
YOR034C,YDR052C,0,-7.3418736,0.11762627959251404,0.9990000128746033,0.7494000196456909
YDR309C,YGL008C,0,-7.342756,0.11761242896318436,0.9990000128746033,0.7494999766349792
YMR167W,YNL102W,0,-7.344408,0.11759858578443527,0.9990000128746033,0.7495999932289124
YLR381W,YDR363W,0,-7.3452272,0.11758474260568619,0.9990000128746033,0.7497000098228455
YKR029C,YLR139C,0,-7.346319,0.1175709068775177,0.9990000128746033,0.7498000264167786
YNL220W,YHR070W,0,-7.3463416,0.11755707114934921,0.9990000128746033,0.7498999834060669
YHR030C,YML040W,0,-7.346804,0.11754324287176132,0.9990000128746033,0.75
YDR118W,YJR097W,0,-7.347199,0.11752941459417343,0.9990000128746033,0.7501000165939331
YGL200C,YNL102W,0,-7.347771,0.11751558631658554,0.9990000128746033,0.7501999735832214
YGL084C,YKL042W,0,-7.3495765,0.11750176548957825,0.9990000128746033,0.7502999901771545
YOL133W,YDR205W,0,-7.3495817,0.11748794466257095,0.9990000128746033,0.7504000067710876
YMR067C,YDR002W,0,-7.3500285,0.11747413128614426,0.9990000128746033,0.7505000233650208
YEL053C,YHR062C,0,-7.3507566,0.11746031790971756,0.9990000128746033,0.7505999803543091
YDR517W,YGR128C,0,-7.3516197,0.11744651198387146,0.9990000128746033,0.7506999969482422
YLR381W,YDR113C,0,-7.3521433,0.11743270605802536,0.9990000128746033,0.7508000135421753
YPL248C,YPR163C,0,-7.3524303,0.11741890013217926,0.9990000128746033,0.7508999705314636
YNR056C,YPR042C,0,-7.3525257,0.11740510165691376,0.9990000128746033,0.7509999871253967
YCR031C,YKL014C,0,-7.352729,0.11739130318164825,0.9990000128746033,0.7511000037193298
YPL267W,YCR084C,0,-7.3529596,0.11737751215696335,0.9990000128746033,0.7512000203132629
YJL111W,YFR033C,0,-7.355125,0.11736372113227844,0.9990000128746033,0.7512999773025513
YDR097C,YJL154C,0,-7.355256,0.11734993755817413,0.9990000128746033,0.7513999938964844
YBL006C,YER042W,0,-7.35707,0.11733615398406982,0.9990000128746033,0.7515000104904175
YMR029C,YLR147C,0,-7.3580627,0.11732237040996552,0.9990000128746033,0.7516000270843506
YFR008W,YDR420W,0,-7.358721,0.1173085942864418,0.9990000128746033,0.7516999840736389
YEL016C,YDR429C,0,-7.359136,0.11729482561349869,0.9990000128746033,0.751800000667572
YKL002W,YNR048W,0,-7.3621864,0.11728104948997498,0.9990000128746033,0.7519000172615051
YMR237W,YBR279W,0,-7.362352,0.11726728826761246,0.9990000128746033,0.7519999742507935
YAL044C,YBR034C,0,-7.3627567,0.11725351959466934,0.9990000128746033,0.7520999908447266
YNL006W,YIR041W,0,-7.3646455,0.11723975837230682,0.9990000128746033,0.7522000074386597
YPL140C,YGR080W,0,-7.3647776,0.1172260046005249,0.9990000128746033,0.7523000240325928
YBR066C,YPL106C,0,-7.3648458,0.11721225082874298,0.9990000128746033,0.7523999810218811
YDR101C,YBR126C,0,-7.3653927,0.11719849705696106,0.9990000128746033,0.7524999976158142
YMR061W,YDR045C,0,-7.3654604,0.11718475073575974,0.9990000128746033,0.7526000142097473
YCR010C,YGL062W,0,-7.365534,0.11717100441455841,0.9990000128746033,0.7526999711990356
YOR257W,YOR073W,0,-7.3656263,0.11715726554393768,0.9990000128746033,0.7527999877929688
YBL078C,YER169W,0,-7.36586,0.11714352667331696,0.9990000128746033,0.7529000043869019
YIR013C,YMR241W,0,-7.366145,0.11712979525327682,0.9990000128746033,0.753000020980835
YML130C,YNL012W,0,-7.3671756,0.1171160638332367,0.9990000128746033,0.7530999779701233
YGR224W,YGR082W,0,-7.3690486,0.11710233241319656,0.9990000128746033,0.7531999945640564
YOR020C,YLR191W,0,-7.369488,0.11708860844373703,0.9990000128746033,0.7533000111579895
YER161C,YGR090W,0,-7.3696985,0.1170748844742775,0.9990000128746033,0.7534000277519226
YPR037C,YGR094W,0,-7.370339,0.11706116795539856,0.9990000128746033,0.7534999847412109
YAL020C,YLR060W,0,-7.370933,0.11704745143651962,0.9990000128746033,0.753600001335144
YGR103W,YDR388W,0,-7.3712263,0.11703374236822128,0.9990000128746033,0.7537000179290771
YLR033W,YPL047W,0,-7.371593,0.11702003329992294,0.9990000128746033,0.7537999749183655
YNL163C,YPL083C,0,-7.373432,0.1170063242316246,0.9990000128746033,0.7538999915122986
YPL177C,YOL028C,0,-7.3750215,0.11699262261390686,0.9990000128746033,0.7540000081062317
YBR038W,YDL002C,0,-7.3751965,0.11697892099618912,0.9990000128746033,0.7541000247001648
YLR039C,YFL037W,0,-7.3766994,0.11696522682905197,0.9990000128746033,0.7541999816894531
YIR004W,YJL063C,0,-7.3779316,0.11695153266191483,0.9990000128746033,0.7542999982833862
YGR221C,YHR016C,0,-7.379422,0.11693784594535828,0.9990000128746033,0.7544000148773193
YFL018C,YGR116W,0,-7.379698,0.11692415922880173,0.9990000128746033,0.7544999718666077
YER164W,YGL150C,0,-7.3813553,0.11691047251224518,0.9990000128746033,0.7545999884605408
YDR122W,YER009W,0,-7.381446,0.11689679324626923,0.9990000128746033,0.7547000050544739
YKL021C,YLR138W,0,-7.3824224,0.11688311398029327,0.9990000128746033,0.754800021648407
YCR031C,YBR169C,0,-7.384804,0.11686944216489792,0.9990000128746033,0.7548999786376953
YPL241C,YNL287W,0,-7.3859324,0.11685577034950256,0.9990000128746033,0.7549999952316284
YER149C,YPR102C,0,-7.3871684,0.1168421059846878,0.9990000128746033,0.7551000118255615
YPL224C,YJL050W,0,-7.388251,0.11682844161987305,0.9990000128746033,0.7552000284194946
YLR103C,YDR320C,0,-7.3883443,0.11681477725505829,0.9990000128746033,0.755299985408783
YLR293C,YGL172W,0,-7.3897576,0.11680112034082413,0.9990000128746033,0.7554000020027161
YDL175C,YPL050C,0,-7.389962,0.11678747087717056,0.9990000128746033,0.7555000185966492
YOL133W,YNR039C,0,-7.3901615,0.1167738139629364,0.9990000128746033,0.7555999755859375
YDL147W,YDR280W,0,-7.3903065,0.11676017194986343,0.9990000128746033,0.7556999921798706
YBL032W,YNL142W,0,-7.3906364,0.11674652248620987,0.9990000128746033,0.7558000087738037
YJL008C,YER178W,0,-7.390837,0.1167328804731369,0.9990000128746033,0.7559000253677368
YDR432W,YMR146C,0,-7.391778,0.11671924591064453,0.9990000128746033,0.7559999823570251
YLR192C,YOL055C,0,-7.395158,0.11670560389757156,0.9990000128746033,0.7560999989509583
YER146W,YPR133C,0,-7.396764,0.11669197678565979,0.9990000128746033,0.7562000155448914
YCR002C,YBR254C,0,-7.397443,0.11667834967374802,0.9990000128746033,0.7562999725341797
YGR161C,YNL222W,0,-7.39799,0.11666472256183624,0.9990000128746033,0.7563999891281128
YER122C,YDR103W,0,-7.398008,0.11665109544992447,0.9990000128746033,0.7565000057220459
YOR249C,YHR089C,0,-7.4006395,0.11663747578859329,0.9990000128746033,0.756600022315979
YMR234W,YDR308C,0,-7.400939,0.11662386357784271,0.9990000128746033,0.7566999793052673
YBR069C,YGR185C,0,-7.401007,0.11661025136709213,0.9990000128746033,0.7567999958992004
YJR002W,YLR337C,0,-7.4023466,0.11659663915634155,0.9990000128746033,0.7569000124931335
YIL076W,YHL007C,0,-7.402377,0.11658303439617157,0.9990000128746033,0.7570000290870667
YML118W,YER024W,0,-7.402526,0.11656942963600159,0.9990000128746033,0.757099986076355
YPL001W,YLR181C,0,-7.403369,0.1165558248758316,0.9990000128746033,0.7572000026702881
YLL035W,YHR058C,0,-7.403637,0.11654222756624222,0.9990000128746033,0.7573000192642212
YER009W,YNL304W,0,-7.4039097,0.11652863770723343,0.9990000128746033,0.7573999762535095
YPL240C,YGL249W,0,-7.4039283,0.11651504784822464,0.9990000128746033,0.7574999928474426
YDL155W,YBR072W,0,-7.4043293,0.11650145798921585,0.9990000128746033,0.7576000094413757
YDR054C,YLR005W,0,-7.4061823,0.11648787558078766,0.9990000128746033,0.7577000260353088
YGL257C,YER006W,0,-7.407084,0.11647429317235947,0.9990000128746033,0.7577999830245972
YMR139W,YPL203W,0,-7.4083967,0.11646071076393127,0.9990000128746033,0.7578999996185303
YCL066W,YGR085C,0,-7.408405,0.11644713580608368,0.9990000128746033,0.7580000162124634
YBR070C,YPR134W,0,-7.408825,0.11643356829881668,0.9990000128746033,0.7580999732017517
YMR290C,YFR003C,0,-7.409187,0.11642000079154968,0.9990000128746033,0.7581999897956848
YDR450W,YGR009C,0,-7.4092484,0.11640643328428268,0.9990000128746033,0.7583000063896179
YLR067C,YLR059C,0,-7.409273,0.11639287322759628,0.9990000128746033,0.758400022983551
YPR111W,YEL016C,0,-7.409729,0.11637931317090988,0.9990000128746033,0.7584999799728394
YEL022W,YNL047C,0,-7.4104586,0.11636575311422348,0.9990000128746033,0.7585999965667725
YMR250W,YPL060W,0,-7.4107747,0.11635220050811768,0.9990000128746033,0.7587000131607056
YIL038C,YLR008C,0,-7.4110856,0.11633864790201187,0.9990000128746033,0.7588000297546387
YBR228W,YDR177W,0,-7.41119,0.11632510274648666,0.9990000128746033,0.758899986743927
YOR028C,YDR279W,0,-7.412151,0.11631155759096146,0.9990000128746033,0.7590000033378601
YOR116C,YOR332W,0,-7.4123363,0.11629801988601685,0.9990000128746033,0.7591000199317932
YOL123W,YHR187W,0,-7.414173,0.11628448218107224,0.9990000128746033,0.7591999769210815
YPR138C,YDR450W,0,-7.414552,0.11627095192670822,0.9990000128746033,0.7592999935150146
YGR252W,YGL252C,0,-7.41527,0.11625742167234421,0.9990000128746033,0.7594000101089478
YLR068W,YIL051C,0,-7.415313,0.1162438914179802,0.9990000128746033,0.7595000267028809
YHR108W,YKR079C,0,-7.416025,0.11623036861419678,0.9990000128746033,0.7595999836921692
YBR009C,YGR280C,0,-7.417262,0.11621684581041336,0.9990000128746033,0.7597000002861023
YFL034C-B,YPL243W,0,-7.418577,0.11620333045721054,0.9990000128746033,0.7598000168800354
YNL278W,YKL172W,0,-7.418606,0.11618981510400772,0.9990000128746033,0.7598999738693237
YBL016W,YJL179W,0,-7.4195623,0.1161762997508049,0.9990000128746033,0.7599999904632568
YML074C,YMR164C,0,-7.422842,0.11616279184818268,0.9990000128746033,0.7601000070571899
YGL191W,YKL149C,0,-7.423224,0.11614928394556046,0.9990000128746033,0.760200023651123
YOR127W,YKL082C,0,-7.4247184,0.11613578349351883,0.9990000128746033,0.7602999806404114
YJL214W,YDR228C,0,-7.425191,0.1161222830414772,0.9990000128746033,0.7603999972343445
YNL015W,YGR258C,0,-7.4253087,0.11610879004001617,0.9990000128746033,0.7605000138282776
YCR082W,YGL207W,0,-7.4256706,0.11609529703855515,0.9990000128746033,0.7605999708175659
YER009W,YPL192C,0,-7.4262805,0.11608180403709412,0.9990000128746033,0.760699987411499
YER167W,YOR187W,0,-7.426852,0.11606831848621368,0.9990000128746033,0.7608000040054321
YPL157W,YER082C,0,-7.4270144,0.11605483293533325,0.9990000128746033,0.7609000205993652
YIL128W,YKR059W,0,-7.4278955,0.11604135483503342,0.9990000128746033,0.7609999775886536
YBL007C,YMR236W,0,-7.4293737,0.11602787673473358,0.9990000128746033,0.7610999941825867
YGL252C,YHR070W,0,-7.4331636,0.11601439863443375,0.9990000128746033,0.7612000107765198
YJL033W,YOR137C,0,-7.4337053,0.11600092798471451,0.9990000128746033,0.7613000273704529
YDR228C,YNL025C,0,-7.435093,0.11598745733499527,0.9990000128746033,0.7613999843597412
YDL160C,YML093W,0,-7.436075,0.11597399413585663,0.9990000128746033,0.7615000009536743
YPL241C,YOR137C,0,-7.4365177,0.11596053093671799,0.9990000128746033,0.7616000175476074
YDR137W,YMR234W,0,-7.4375563,0.11594707518815994,0.9990000128746033,0.7616999745368958
YML081C-A,YDR320C,0,-7.4387236,0.1159336194396019,0.9990000128746033,0.7617999911308289
YNL061W,YDL065C,0,-7.440563,0.11592016369104385,0.9990000128746033,0.761900007724762
YGL113W,YHR178W,0,-7.4406424,0.1159067153930664,0.9990000128746033,0.7620000243186951
YDR118W,YIL034C,0,-7.442054,0.11589327454566956,0.9990000128746033,0.7620999813079834
YER017C,YMR250W,0,-7.443695,0.11587982624769211,0.9990000128746033,0.7621999979019165
YBL009W,YBR119W,0,-7.445241,0.11586638540029526,0.9990000128746033,0.7623000144958496
YBR296C,YLR403W,0,-7.4455914,0.115852952003479,0.9990000128746033,0.7623999714851379
YDR377W,YGL163C,0,-7.445757,0.11583951860666275,0.9990000128746033,0.762499988079071
YKL149C,YNL047C,0,-7.447834,0.1158260852098465,0.9990000128746033,0.7626000046730042
YML065W,YDL055C,0,-7.4481597,0.11581265926361084,0.9990000128746033,0.7627000212669373
YOR074C,YKL160W,0,-7.448485,0.11579923331737518,0.9990000128746033,0.7627999782562256
YDL028C,YDL236W,0,-7.4487457,0.11578581482172012,0.9990000128746033,0.7628999948501587
YDR153C,YML120C,0,-7.448825,0.11577239632606506,0.9990000128746033,0.7630000114440918
YDR142C,YBR082C,0,-7.4524646,0.11575897783041,0.9990000128746033,0.7631000280380249
YJR140C,YDR288W,0,-7.454586,0.11574556678533554,0.9990000128746033,0.7631999850273132
YHR036W,YJL141C,0,-7.4551196,0.11573215574026108,0.9990000128746033,0.7633000016212463
YCL055W,YPR165W,0,-7.4558377,0.11571875214576721,0.9990000128746033,0.7634000182151794
YER035W,YOR098C,0,-7.456787,0.11570534855127335,0.9990000128746033,0.7634999752044678
YML113W,YAL059W,0,-7.4576383,0.11569195240736008,0.9990000128746033,0.7635999917984009
YLR314C,YHL034C,0,-7.45845,0.11567855626344681,0.9990000128746033,0.763700008392334
YJL058C,YML098W,0,-7.46008,0.11566516011953354,0.9990000128746033,0.7638000249862671
YIR013C,YLL002W,0,-7.460212,0.11565177142620087,0.9990000128746033,0.7638999819755554
YLR370C,YLR288C,0,-7.463164,0.1156383827328682,0.9990000128746033,0.7639999985694885
YIR004W,YOR144C,0,-7.4638443,0.11562500149011612,0.9990000128746033,0.7641000151634216
YOL042W,YDR023W,0,-7.4643545,0.11561162024736404,0.9990000128746033,0.76419997215271
YMR280C,YML130C,0,-7.4650164,0.11559823900461197,0.9990000128746033,0.7642999887466431
YJL104W,YKR002W,0,-7.466162,0.11558486521244049,0.9990000128746033,0.7644000053405762
YOR340C,YCR061W,0,-7.4677544,0.11557149142026901,0.9990000128746033,0.7645000219345093
YOR250C,YIL105C,0,-7.4687595,0.11555812507867813,0.9990000128746033,0.7645999789237976
YNL245C,YPR188C,0,-7.468774,0.11554475873708725,0.9990000128746033,0.7646999955177307
YGR142W,YPR037C,0,-7.469193,0.11553139984607697,0.9990000128746033,0.7648000121116638
YDR236C,YJL098W,0,-7.469595,0.11551804095506668,0.9990000128746033,0.7649000287055969
YPL125W,YDR208W,0,-7.469757,0.1155046820640564,0.9990000128746033,0.7649999856948853
YFL022C,YLR005W,0,-7.4699316,0.11549133062362671,0.9990000128746033,0.7651000022888184
YJL194W,YGR285C,0,-7.470936,0.11547797918319702,0.9990000128746033,0.7652000188827515
YBR278W,YPR138C,0,-7.472768,0.11546463519334793,0.9990000128746033,0.7652999758720398
YHR005C-A,YDR395W,0,-7.473428,0.11545129120349884,0.9990000128746033,0.7653999924659729
YKR057W,YJL059W,0,-7.473675,0.11543794721364975,0.9990000128746033,0.765500009059906
YHR197W,YGL252C,0,-7.4741607,0.11542461067438126,0.9990000128746033,0.7656000256538391
YGL116W,YER041W,0,-7.4744763,0.11541127413511276,0.9990000128746033,0.7656999826431274
YNL259C,YAL041W,0,-7.477878,0.11539794504642487,0.9990000128746033,0.7657999992370605
YJL192C,YDR177W,0,-7.4780626,0.11538461595773697,0.9990000128746033,0.7659000158309937
YCR084C,YLR396C,0,-7.4790363,0.11537128686904907,0.9990000128746033,0.765999972820282
YLR383W,YPL129W,0,-7.4792113,0.11535796523094177,0.9990000128746033,0.7660999894142151
YKR056W,YMR241W,0,-7.480382,0.11534465104341507,0.9990000128746033,0.7662000060081482
YBL057C,YGL171W,0,-7.4808884,0.11533132940530777,0.9990000128746033,0.7663000226020813
YCL027W,YPL188W,0,-7.48384,0.11531802266836166,0.9990000128746033,0.7663999795913696
YDL004W,YOR266W,0,-7.485802,0.11530470848083496,0.9990000128746033,0.7664999961853027
YER105C,YOR116C,0,-7.485908,0.11529140174388885,0.9990000128746033,0.7666000127792358
YGR155W,YBR205W,0,-7.4868145,0.11527809500694275,0.9990000128746033,0.766700029373169
YCR094W,YNR008W,1,-7.4872293,0.1153801754117012,1.0,0.766700029373169
YPR131C,YMR183C,0,-7.4877186,0.1153668686747551,1.0,0.7667999863624573
YNL286W,YOR130C,0,-7.4880114,0.11535356193780899,1.0,0.7669000029563904
YGL003C,YNL025C,0,-7.48905,0.11534025520086288,1.0,0.7670000195503235
YIL167W,YNL236W,0,-7.4900813,0.11532694846391678,1.0,0.7670999765396118
YER045C,YDR515W,0,-7.491342,0.11531365662813187,1.0,0.7671999931335449
YMR177W,YML085C,0,-7.4914474,0.11530035734176636,1.0,0.767300009727478
YDL069C,YMR268C,0,-7.4926977,0.11528706550598145,1.0,0.7674000263214111
YGL178W,YER024W,0,-7.4928045,0.11527377367019653,1.0,0.7674999833106995
YKL220C,YDL130W-A,0,-7.49333,0.11526048928499222,1.0,0.7675999999046326
YDR060W,YLR362W,0,-7.494425,0.1152472048997879,1.0,0.7677000164985657
YMR214W,YPL138C,0,-7.494956,0.11523392796516418,1.0,0.767799973487854
YOR127W,YLR321C,0,-7.495287,0.11522065103054047,1.0,0.7678999900817871
YDL004W,YGR013W,0,-7.4955425,0.11520737409591675,1.0,0.7680000066757202
YER035W,YFL011W,0,-7.4964967,0.11519410461187363,1.0,0.7681000232696533
YNL328C,YGR169C,0,-7.4968987,0.1151808351278305,1.0,0.7681999802589417
YGL246C,YML115C,0,-7.501664,0.11516756564378738,1.0,0.7682999968528748
YLR134W,YBR118W,0,-7.501676,0.11515430361032486,1.0,0.7684000134468079
YAL059W,YIL129C,0,-7.501882,0.11514104902744293,1.0,0.7684999704360962
YHL031C,YJR102C,0,-7.502041,0.115127794444561,1.0,0.7685999870300293
YDR268W,YDR369C,0,-7.502997,0.11511453986167908,1.0,0.7687000036239624
YNR057C,YML061C,0,-7.5038667,0.11510129272937775,1.0,0.7688000202178955
YNL286W,YBR182C,0,-7.5040164,0.11508804559707642,1.0,0.7688999772071838
YNR067C,YPL140C,0,-7.505985,0.11507479846477509,1.0,0.7689999938011169
YER147C,YOR230W,0,-7.5083437,0.11506155878305435,1.0,0.76910001039505
YKL108W,YOR004W,0,-7.508896,0.11504831910133362,1.0,0.7692000269889832
YBR217W,YLR071C,0,-7.509344,0.11503508687019348,1.0,0.7692999839782715
YML067C,YDR145W,0,-7.510128,0.11502185463905334,1.0,0.7694000005722046
YBL078C,YOR217W,0,-7.5117464,0.11500862240791321,1.0,0.7695000171661377
YNL068C,YNL272C,0,-7.511822,0.11499539762735367,1.0,0.769599974155426
YOR320C,YGL094C,0,-7.5120287,0.11498218029737473,1.0,0.7696999907493591
YGR089W,YML098W,0,-7.5126743,0.11496895551681519,1.0,0.7698000073432922
YHR034C,YOR018W,0,-7.5133276,0.11495574563741684,1.0,0.7699000239372253
YBR133C,YOL109W,0,-7.515058,0.1149425283074379,1.0,0.7699999809265137
YOR267C,YHR005C-A,0,-7.515101,0.11492931842803955,1.0,0.7700999975204468
YPL242C,YAL043C,0,-7.51703,0.1149161085486412,1.0,0.7702000141143799
YDR174W,YHR154W,0,-7.519448,0.11490290611982346,1.0,0.7702999711036682
YNR074C,YKL139W,0,-7.5205126,0.1148897036910057,1.0,0.7703999876976013
YFR036W,YLR003C,0,-7.521052,0.11487650871276855,1.0,0.7705000042915344
YPL164C,YGL153W,0,-7.522244,0.1148633137345314,1.0,0.7706000208854675
YLR131C,YGL241W,0,-7.5233784,0.11485011875629425,1.0,0.7706999778747559
YDR420W,YJR153W,0,-7.526859,0.1148369312286377,1.0,0.770799994468689
YER107C,YGL025C,0,-7.526891,0.11482374370098114,1.0,0.7709000110626221
YBL014C,YOR008C,0,-7.526898,0.11481056362390518,1.0,0.7710000276565552
YOR132W,YNL154C,0,-7.5280595,0.11479738354682922,1.0,0.7710999846458435
YDR384C,YLR103C,0,-7.5288544,0.11478420346975327,1.0,0.7712000012397766
YKL012W,YML055W,0,-7.529283,0.1147710308432579,1.0,0.7713000178337097
YLR096W,YOR069W,0,-7.529666,0.11475785821676254,1.0,0.771399974822998
YJL179W,YOR129C,0,-7.529904,0.11474469304084778,1.0,0.7714999914169312
YDR292C,YBR117C,0,-7.5305967,0.11473152786493301,1.0,0.7716000080108643
YNL148C,YGL105W,0,-7.5323515,0.11471836268901825,1.0,0.7717000246047974
YJL157C,YGL257C,0,-7.5328674,0.11470520496368408,1.0,0.7717999815940857
YML130C,YKL178C,0,-7.533019,0.11469205468893051,1.0,0.7718999981880188
YOL042W,YOR069W,0,-7.5330415,0.11467889696359634,1.0,0.7720000147819519
YOR094W,YPL178W,0,-7.5353317,0.11466574668884277,1.0,0.7720999717712402
YKL135C,YFR009W,0,-7.5354466,0.1146526038646698,1.0,0.7721999883651733
YPR200C,YLR222C,0,-7.536362,0.11463946104049683,1.0,0.7723000049591064
YKR083C,YDR424C,0,-7.5389175,0.11462631821632385,1.0,0.7724000215530396
YEL003W,YML024W,0,-7.5390024,0.11461318284273148,1.0,0.7724999785423279
YDR071C,YOR045W,0,-7.540338,0.1146000474691391,1.0,0.772599995136261
YPR072W,YLR071C,0,-7.54171,0.11458691209554672,1.0,0.7727000117301941
YDL115C,YDR071C,0,-7.5422544,0.11457378417253494,1.0,0.7728000283241272
YDR021W,YNL079C,0,-7.5423326,0.11456065624952316,1.0,0.7728999853134155
YNL127W,YBL016W,0,-7.5438585,0.11454753577709198,1.0,0.7730000019073486
YNR015W,YPR041W,0,-7.5466924,0.1145344153046608,1.0,0.7731000185012817
YPR034W,YLL006W,0,-7.5468116,0.11452130228281021,1.0,0.7731999754905701
YER009W,YBR077C,0,-7.5470853,0.11450818926095963,1.0,0.7732999920845032
YJL073W,YDR418W,0,-7.5478697,0.11449507623910904,1.0,0.7734000086784363
YAL056W,YEL034W,0,-7.548993,0.11448197066783905,1.0,0.7735000252723694
YGL257C,YDL111C,0,-7.5510125,0.11446886509656906,1.0,0.7735999822616577
YDR043C,YER024W,0,-7.5510883,0.11445575952529907,1.0,0.7736999988555908
YML010W,YLR316C,0,-7.5529175,0.11444266140460968,1.0,0.7738000154495239
YDL017W,YKL160W,0,-7.552934,0.11442957073450089,1.0,0.7738999724388123
YDL223C,YBR072W,0,-7.5542793,0.11441647261381149,1.0,0.7739999890327454
YBR210W,YDL224C,0,-7.5562816,0.1144033893942833,1.0,0.7741000056266785
YBR155W,YFL048C,0,-7.5566463,0.1143902987241745,1.0,0.7742000222206116
YBL099W,YNR023W,0,-7.557073,0.1143772155046463,1.0,0.7742999792098999
YMR264W,YPL139C,0,-7.5576863,0.1143641322851181,1.0,0.774399995803833
YNL059C,YHL031C,0,-7.5589333,0.1143510565161705,1.0,0.7745000123977661
YML071C,YKR014C,0,-7.559458,0.1143379807472229,1.0,0.7746000289916992
YKL195W,YGR285C,0,-7.559648,0.1143249124288559,1.0,0.7746999859809875
YOL044W,YHR026W,0,-7.5604687,0.11431184411048889,1.0,0.7748000025749207
YJL101C,YPL058C,0,-7.5607686,0.11429877579212189,1.0,0.7749000191688538
YDR170C,YDL112W,0,-7.5612073,0.11428571492433548,1.0,0.7749999761581421
YDR118W,YLR319C,0,-7.562407,0.11427265405654907,1.0,0.7750999927520752
YGR178C,YIL147C,0,-7.564109,0.11425960063934326,1.0,0.7752000093460083
YDR335W,YIL144W,0,-7.566162,0.11424654722213745,1.0,0.7753000259399414
YGR195W,YAL002W,0,-7.5666656,0.11423349380493164,1.0,0.7753999829292297
YOL012C,YOL102C,0,-7.567815,0.11422044783830643,1.0,0.7754999995231628
YAL003W,YDR365C,0,-7.5719543,0.11420740187168121,1.0,0.775600016117096
YOR117W,YPL047W,0,-7.5736527,0.114194355905056,1.0,0.7756999731063843
YPL007C,YBR097W,0,-7.573783,0.11418131738901138,1.0,0.7757999897003174
YNL250W,YBR294W,0,-7.573818,0.11416828632354736,1.0,0.7759000062942505
YHL019C,YOR195W,0,-7.574361,0.11415524780750275,1.0,0.7760000228881836
YBR290W,YGL127C,0,-7.574763,0.11414222419261932,1.0,0.7760999798774719
YDL102W,YGL098W,0,-7.575227,0.1141291931271553,1.0,0.776199996471405
YHR120W,YDR081C,0,-7.5755005,0.11411616951227188,1.0,0.7763000130653381
YDR256C,YGL073W,0,-7.5759044,0.11410314589738846,1.0,0.7764000296592712
YDR121W,YOL148C,0,-7.5765147,0.11409012973308563,1.0,0.7764999866485596
YER017C,YDL113C,0,-7.577495,0.1140771135687828,1.0,0.7766000032424927
YDL220C,YGL216W,0,-7.577926,0.11406410485506058,1.0,0.7767000198364258
YDR361C,YGL020C,0,-7.578474,0.11405109614133835,1.0,0.7767999768257141
YDR420W,YMR172W,0,-7.579138,0.11403808742761612,1.0,0.7768999934196472
YCL010C,YOR195W,0,-7.579979,0.11402508616447449,1.0,0.7770000100135803
YER171W,YGR104C,0,-7.5832534,0.11401208490133286,1.0,0.7771000266075134
YDR106W,YGR142W,0,-7.584699,0.11399909108877182,1.0,0.7771999835968018
YLR219W,YCR042C,0,-7.587311,0.11398609727621078,1.0,0.7773000001907349
YBR290W,YJL203W,0,-7.5909038,0.11397310346364975,1.0,0.777400016784668
YOR153W,YOL028C,0,-7.5914865,0.11396011710166931,1.0,0.7774999737739563
YPL160W,YBR024W,0,-7.5935674,0.11394713073968887,1.0,0.7775999903678894
YJL186W,YDR023W,0,-7.5937815,0.11393414437770844,1.0,0.7777000069618225
YGR059W,YLR119W,0,-7.594291,0.1139211654663086,1.0,0.7778000235557556
YGR014W,YKL144C,0,-7.594852,0.11390818655490875,1.0,0.777899980545044
YPR188C,YCL001W,0,-7.59511,0.11389521509408951,1.0,0.777999997138977
YIL040W,YER159C,0,-7.596863,0.11388224363327026,1.0,0.7781000137329102
YDL116W,YJL011C,0,-7.597217,0.11386927962303162,1.0,0.7781999707221985
YOR211C,YKL194C,0,-7.597578,0.11385631561279297,1.0,0.7782999873161316
YPL178W,YDL106C,0,-7.598837,0.11384335160255432,1.0,0.7784000039100647
YPL209C,YML088W,0,-7.599082,0.11383039504289627,1.0,0.7785000205039978
YOR198C,YMR263W,0,-7.6002,0.11381743848323822,1.0,0.7785999774932861
YOL013C,YOR332W,0,-7.6009755,0.11380448192358017,1.0,0.7786999940872192
YCR031C,YJR004C,0,-7.6010656,0.11379153281450272,1.0,0.7788000106811523
YCL011C,YIL053W,0,-7.602247,0.11377858370542526,1.0,0.7789000272750854
YJL098W,YJR104C,0,-7.602792,0.1137656420469284,1.0,0.7789999842643738
YOR144C,YGL200C,0,-7.605183,0.11375270038843155,1.0,0.7791000008583069
YOR153W,YDR412W,0,-7.606137,0.11373976618051529,1.0,0.77920001745224
YKL007W,YCR084C,0,-7.6067576,0.11372682452201843,1.0,0.7792999744415283
YKL143W,YLR166C,0,-7.608365,0.11371389776468277,1.0,0.7793999910354614
YFR036W,YLR435W,0,-7.6084023,0.11370096355676651,1.0,0.7795000076293945
YIL068C,YJL129C,0,-7.608534,0.11368803679943085,1.0,0.7796000242233276
YOL144W,YPL192C,0,-7.6088486,0.11367511749267578,1.0,0.779699981212616
YHR193C,YCL039W,0,-7.610675,0.11366219818592072,1.0,0.7797999978065491
YER094C,YKL178C,0,-7.611149,0.11364927887916565,1.0,0.7799000144004822
YLR110C,YKR059W,0,-7.611497,0.11363636702299118,1.0,0.7799999713897705
YKL007W,YBL006C,0,-7.611532,0.11362345516681671,1.0,0.7800999879837036
YPL194W,YMR287C,0,-7.611651,0.11361054331064224,1.0,0.7802000045776367
YDR376W,YKL028W,0,-7.6127415,0.11359763890504837,1.0,0.7803000211715698
YHR191C,YPL010W,0,-7.6131887,0.1135847344994545,1.0,0.7803999781608582
YBR020W,YDL111C,0,-7.615298,0.11357183754444122,1.0,0.7804999947547913
YML112W,YFL004W,0,-7.615429,0.11355894058942795,1.0,0.7806000113487244
YER032W,YNL206C,0,-7.615943,0.11354604363441467,1.0,0.7807000279426575
YEL015W,YBR275C,0,-7.6161623,0.113533154129982,1.0,0.7807999849319458
YAR002W,YDL065C,0,-7.617293,0.11352026462554932,1.0,0.7809000015258789
YFL029C,YNL258C,0,-7.6186523,0.11350737512111664,1.0,0.781000018119812
YJL060W,YDR071C,0,-7.6186724,0.11349449306726456,1.0,0.7810999751091003
YDR499W,YAR008W,0,-7.6192,0.11348161846399307,1.0,0.7811999917030334
YLR115W,YDR122W,0,-7.620055,0.11346873641014099,1.0,0.7813000082969666
YDR052C,YJL090C,0,-7.620509,0.1134558692574501,1.0,0.7814000248908997
YPL271W,YER162C,0,-7.620734,0.11344299465417862,1.0,0.781499981880188
YEL066W,YHR014W,0,-7.6230297,0.11343012750148773,1.0,0.7815999984741211
YKL205W,YOL038W,0,-7.6231246,0.11341726034879684,1.0,0.7817000150680542
YOL023W,YJL179W,0,-7.623192,0.11340440064668655,1.0,0.7817999720573425
YBL017C,YGR276C,0,-7.6238136,0.11339154094457626,1.0,0.7818999886512756
YLR274W,YGR095C,0,-7.623841,0.11337868124246597,1.0,0.7820000052452087
YDL132W,YBR237W,0,-7.6243544,0.11336582899093628,1.0,0.7821000218391418
YPR135W,YMR299C,0,-7.624941,0.11335298418998718,1.0,0.7821999788284302
YNL129W,YLL034C,0,-7.6257095,0.11334013193845749,1.0,0.7822999954223633
YDR228C,YLR071C,0,-7.6262584,0.11332728713750839,1.0,0.7824000120162964
YGR278W,YMR270C,0,-7.626833,0.11331444978713989,1.0,0.7825000286102295
YDR364C,YJR097W,0,-7.626991,0.11330161243677139,1.0,0.7825999855995178
YER016W,YLR263W,0,-7.6297865,0.1132887750864029,1.0,0.7827000021934509
YLR207W,YGL171W,0,-7.632024,0.1132759377360344,1.0,0.782800018787384
YIL142W,YPL042C,0,-7.6322203,0.11326310783624649,1.0,0.7828999757766724
YIL159W,YIL153W,0,-7.6324644,0.11325028538703918,1.0,0.7829999923706055
YDR484W,YKL175W,0,-7.633068,0.11323745548725128,1.0,0.7831000089645386
YJL081C,YLR003C,0,-7.633567,0.11322464048862457,1.0,0.7832000255584717
YDL051W,YML060W,0,-7.6337233,0.11321181803941727,1.0,0.78329998254776
YLR231C,YOL077C,0,-7.6341925,0.11319900304079056,1.0,0.7833999991416931
YHR036W,YDL022W,0,-7.635873,0.11318618804216385,1.0,0.7835000157356262
YNR017W,YJR077C,0,-7.6359425,0.11317338049411774,1.0,0.7835999727249146
YNL286W,YDR484W,0,-7.6363425,0.11316057294607162,1.0,0.7836999893188477
YGL216W,YPL212C,0,-7.63685,0.11314777284860611,1.0,0.7838000059127808
YDL017W,YOL100W,0,-7.6383667,0.1131349727511406,1.0,0.7839000225067139
YGR003W,YGL028C,0,-7.638539,0.11312217265367508,1.0,0.7839999794960022
YKR076W,YHR081W,0,-7.638612,0.11310938000679016,1.0,0.7840999960899353
YML086C,YER051W,0,-7.6404905,0.11309658735990524,1.0,0.7842000126838684
YEL042W,YER042W,0,-7.64091,0.11308379471302032,1.0,0.7843000292778015
YBR091C,YLR195C,0,-7.641986,0.113071009516716,1.0,0.7843999862670898
YNL027W,YPL139C,0,-7.644279,0.11305822432041168,1.0,0.784500002861023
YDR423C,YNL032W,0,-7.644623,0.11304544657468796,1.0,0.784600019454956
YNL102W,YLR337C,0,-7.6450577,0.11303266882896423,1.0,0.7846999764442444
YDL005C,YLR008C,0,-7.6454177,0.11301989108324051,1.0,0.7847999930381775
YJL019W,YDR416W,0,-7.6486654,0.11300712078809738,1.0,0.7849000096321106
YHR170W,YDR190C,0,-7.65174,0.11299435049295425,1.0,0.7850000262260437
YLR028C,YDR311W,0,-7.65175,0.11298158764839172,1.0,0.785099983215332
YKR055W,YBR192W,0,-7.6522536,0.1129688173532486,1.0,0.7851999998092651
YKL135C,YDR054C,0,-7.6532493,0.11295606195926666,1.0,0.7853000164031982
YER056C,YBR040W,0,-7.6539226,0.11294329911470413,1.0,0.7853999733924866
YKR048C,YPR016C,0,-7.6544256,0.1129305511713028,1.0,0.7854999899864197
YOR201C,YGR276C,0,-7.6587486,0.11291779577732086,1.0,0.7856000065803528
YDR208W,YMR241W,0,-7.65885,0.11290504783391953,1.0,0.7857000231742859
YOR151C,YML124C,0,-7.65919,0.11289229989051819,1.0,0.7857999801635742
YOL149W,YBL090W,0,-7.659605,0.11287955939769745,1.0,0.7858999967575073
YNL256W,YPL139C,0,-7.6605797,0.11286681890487671,1.0,0.7860000133514404
YOR048C,YGR229C,0,-7.661129,0.11285407841205597,1.0,0.7860999703407288
YMR168C,YKL170W,0,-7.6612206,0.11284134536981583,1.0,0.7861999869346619
YDR101C,YOL033W,0,-7.662675,0.11282861232757568,1.0,0.786300003528595
YOL054W,YMR302C,0,-7.663105,0.11281588673591614,1.0,0.7864000201225281
YLL001W,YML041C,0,-7.6632986,0.11280316114425659,1.0,0.7864999771118164
YKR063C,YML024W,0,-7.6637955,0.11279043555259705,1.0,0.7865999937057495
YLR074C,YEL004W,0,-7.6661167,0.1127777174115181,1.0,0.7867000102996826
YBL080C,YHR154W,0,-7.6670027,0.11276499927043915,1.0,0.7868000268936157
YKL110C,YDL111C,0,-7.6671753,0.1127522811293602,1.0,0.786899983882904
YBR098W,YER009W,0,-7.6676707,0.11273957043886185,1.0,0.7870000004768372
YKR061W,YKL093W,0,-7.6693645,0.1127268597483635,1.0,0.7871000170707703
YCR010C,YMR236W,0,-7.671261,0.11271415650844574,1.0,0.7871999740600586
YDR450W,YKL034W,0,-7.6715007,0.11270145326852798,1.0,0.7872999906539917
YJR046W,YMR106C,0,-7.671646,0.11268875002861023,1.0,0.7874000072479248
YPR034W,YOR232W,0,-7.6729164,0.11267605423927307,1.0,0.7875000238418579
YKL195W,YOR132W,0,-7.673099,0.11266335844993591,1.0,0.7875999808311462
YLR449W,YPR010C,0,-7.673884,0.11265067011117935,1.0,0.7876999974250793
YOR112W,YPL256C,0,-7.673913,0.11263798177242279,1.0,0.7878000140190125
YNL331C,YGL151W,0,-7.674301,0.11262529343366623,1.0,0.7878999710083008
YNL314W,YER179W,0,-7.67572,0.11261261254549026,1.0,0.7879999876022339
YNL166C,YBL106C,0,-7.67811,0.1125999316573143,1.0,0.788100004196167
YMR290C,YLR084C,0,-7.679122,0.11258725821971893,1.0,0.7882000207901001
YAR002W,YDL170W,0,-7.6792274,0.11257457733154297,1.0,0.7882999777793884
YBL063W,YLR448W,0,-7.679561,0.1125619113445282,1.0,0.7883999943733215
YJR147W,YLL061W,0,-7.6799226,0.11254923790693283,1.0,0.7885000109672546
YBR279W,YBL106C,0,-7.68237,0.11253657191991806,1.0,0.7886000275611877
YMR287C,YKL108W,0,-7.682499,0.11252391338348389,1.0,0.7886999845504761
YER164W,YLR293C,0,-7.6827497,0.11251125484704971,1.0,0.7888000011444092
YCL032W,YPL128C,0,-7.683298,0.11249859631061554,1.0,0.7889000177383423
YPL125W,YBL079W,0,-7.6835613,0.11248593777418137,1.0,0.7889999747276306
YJL184W,YHL031C,0,-7.6843495,0.11247328668832779,1.0,0.7890999913215637
YDL044C,YDR113C,0,-7.684727,0.11246063560247421,1.0,0.7892000079154968
YHR176W,YBR024W,0,-7.685069,0.11244799196720123,1.0,0.7893000245094299
YJL063C,YDR532C,0,-7.6861286,0.11243534833192825,1.0,0.7893999814987183
YCL039W,YGR185C,0,-7.686516,0.11242271214723587,1.0,0.7894999980926514
YBL024W,YKR065C,0,-7.686717,0.11241006851196289,1.0,0.7896000146865845
YGR258C,YBR069C,0,-7.688042,0.1123974397778511,1.0,0.7896999716758728
YIL122W,YHR178W,0,-7.6882043,0.11238480359315872,1.0,0.7897999882698059
YDR451C,YML027W,0,-7.688531,0.11237217485904694,1.0,0.789900004863739
YER126C,YDR490C,0,-7.6901484,0.11235955357551575,1.0,0.7900000214576721
YIL097W,YDR280W,0,-7.6902637,0.11234692484140396,1.0,0.7900999784469604
YGL153W,YGR080W,0,-7.690474,0.11233430355787277,1.0,0.7901999950408936
YBR119W,YHR062C,0,-7.6912003,0.11232168972492218,1.0,0.7903000116348267
YJL178C,YFL036W,0,-7.691286,0.11230907589197159,1.0,0.7904000282287598
YGL153W,YER082C,0,-7.691741,0.112296462059021,1.0,0.7904999852180481
YFL036W,YDR388W,0,-7.6924257,0.112283855676651,1.0,0.7906000018119812
YGL071W,YNL047C,0,-7.694315,0.112271249294281,1.0,0.7907000184059143
YDL145C,YDL005C,0,-7.6947646,0.11225864291191101,1.0,0.7907999753952026
YNL182C,YHL011C,0,-7.694809,0.11224604398012161,1.0,0.7908999919891357
YDR052C,YHL025W,0,-7.696842,0.11223344504833221,1.0,0.7910000085830688
YGL087C,YPR080W,0,-7.697049,0.11222085356712341,1.0,0.791100025177002
YLR238W,YML092C,0,-7.701805,0.11220826208591461,1.0,0.7911999821662903
YNL182C,YBR142W,0,-7.7024403,0.11219567060470581,1.0,0.7912999987602234
YOR078W,YDR532C,0,-7.7029357,0.11218307912349701,1.0,0.7914000153541565
YLR175W,YNL001W,0,-7.7040787,0.1121705025434494,1.0,0.7914999723434448
YNL001W,YOR195W,0,-7.704269,0.1121579185128212,1.0,0.7915999889373779
YJL157C,YLL027W,0,-7.7045946,0.11214534193277359,1.0,0.791700005531311
YHR166C,YLR183C,0,-7.705583,0.11213276535272598,1.0,0.7918000221252441
YHL002W,YMR004W,0,-7.7070336,0.11212019622325897,1.0,0.7918999791145325
YML012W,YGR128C,0,-7.7098694,0.11210761964321136,1.0,0.7919999957084656
YFL048C,YHR187W,0,-7.7111583,0.11209505796432495,1.0,0.7921000123023987
YOR281C,YBR073W,0,-7.7123632,0.11208249628543854,1.0,0.7922000288963318
YDL031W,YGR040W,0,-7.7125177,0.11206993460655212,1.0,0.7922999858856201
YNL206C,YDR453C,0,-7.713948,0.11205737292766571,1.0,0.7924000024795532
YDR309C,YMR069W,0,-7.714097,0.1120448186993599,1.0,0.7925000190734863
YKL038W,YLR435W,0,-7.7147098,0.11203226447105408,1.0,0.7925999760627747
YER169W,YLR409C,0,-7.714745,0.11201971769332886,1.0,0.7926999926567078
YCR002C,YHR205W,0,-7.7158794,0.11200717091560364,1.0,0.7928000092506409
YNL259C,YPR072W,0,-7.716673,0.11199462413787842,1.0,0.792900025844574
YNL006W,YNL282W,0,-7.7187843,0.1119820848107338,1.0,0.7929999828338623
YPR100W,YJL127C,0,-7.7196817,0.11196954548358917,1.0,0.7930999994277954
YDR118W,YMR060C,0,-7.7209754,0.11195700615644455,1.0,0.7932000160217285
YPL192C,YGL030W,0,-7.7212095,0.11194447427988052,1.0,0.7932999730110168
YNL232W,YLL040C,0,-7.723034,0.1119319424033165,1.0,0.79339998960495
YDR219C,YJL052W,0,-7.723091,0.11191941797733307,1.0,0.7935000061988831
YNL142W,YER022W,0,-7.723593,0.11190689355134964,1.0,0.7936000227928162
YNL110C,YBR022W,0,-7.7238073,0.11189436912536621,1.0,0.7936999797821045
YLR234W,YPR125W,0,-7.724334,0.11188185214996338,1.0,0.7937999963760376
YGR268C,YPL012W,0,-7.7257857,0.11186933517456055,1.0,0.7939000129699707
YER038C,YDR324C,0,-7.7282267,0.11185682564973831,1.0,0.7940000295639038
YJR125C,YDR208W,0,-7.729613,0.11184431612491608,1.0,0.7940999865531921
YNR067C,YML088W,0,-7.7298956,0.11183180660009384,1.0,0.7942000031471252
YKR027W,YIL149C,0,-7.73021,0.1118192970752716,1.0,0.7943000197410583
YNL008C,YPL209C,0,-7.732827,0.11180679500102997,1.0,0.7943999767303467
YNL116W,YJL050W,0,-7.7339206,0.11179430037736893,1.0,0.7944999933242798
YLR383W,YHR070W,0,-7.735284,0.11178179830312729,1.0,0.7946000099182129
YHR203C,YOR344C,0,-7.7362204,0.11176931113004684,1.0,0.794700026512146
YNR001C,YFL013C,0,-7.738966,0.1117568165063858,1.0,0.7947999835014343
YPL267W,YGL249W,0,-7.7390366,0.11174432933330536,1.0,0.7949000000953674
YFR029W,YML073C,0,-7.73911,0.11173184216022491,1.0,0.7950000166893005
YPL218W,YPR080W,0,-7.739767,0.11171936243772507,1.0,0.7950999736785889
YDR188W,YBR091C,0,-7.741432,0.11170688271522522,1.0,0.795199990272522
YPL122C,YDL060W,0,-7.742379,0.11169440299272537,1.0,0.7953000068664551
YBL041W,YBR127C,0,-7.7437973,0.11168193072080612,1.0,0.7954000234603882
YGL153W,YDL065C,0,-7.74424,0.11166945844888687,1.0,0.7954999804496765
YGR074W,YJR007W,0,-7.7445316,0.11165698617696762,1.0,0.7955999970436096
YKL022C,YPR131C,0,-7.7449517,0.11164452135562897,1.0,0.7957000136375427
YLR051C,YDL181W,0,-7.7451987,0.11163206398487091,1.0,0.795799970626831
YBR213W,YDR183W,0,-7.745409,0.11161959916353226,1.0,0.7958999872207642
YOR094W,YLR319C,0,-7.7454405,0.1116071417927742,1.0,0.7960000038146973
YML113W,YDR473C,0,-7.7473807,0.11159468442201614,1.0,0.7961000204086304
YDL024C,YBL014C,0,-7.747715,0.11158223450183868,1.0,0.7961999773979187
YPR029C,YOR334W,0,-7.74861,0.11156978458166122,1.0,0.7962999939918518
YBR106W,YCR072C,0,-7.749926,0.11155734211206436,1.0,0.7964000105857849
YMR043W,YNL287W,0,-7.7504673,0.1115448996424675,1.0,0.796500027179718
YLR370C,YML015C,0,-7.750514,0.11153245717287064,1.0,0.7965999841690063
YIL154C,YPR032W,0,-7.7509184,0.11152001470327377,1.0,0.7967000007629395
YIL018W,YHR111W,0,-7.7509685,0.11150757968425751,1.0,0.7968000173568726
YNL099C,YIL068C,0,-7.7510657,0.11149515211582184,1.0,0.7968999743461609
YMR172W,YHL002W,0,-7.7553444,0.11148271709680557,1.0,0.796999990940094
YFL016C,YDL064W,0,-7.759439,0.1114702895283699,1.0,0.7971000075340271
YDR122W,YLR003C,0,-7.7597194,0.11145786941051483,1.0,0.7972000241279602
YLR071C,YDR198C,0,-7.7603707,0.11144544929265976,1.0,0.7972999811172485
YCL032W,YKL041W,0,-7.760751,0.11143302917480469,1.0,0.7973999977111816
YKL054C,YDL047W,0,-7.762966,0.11142061650753021,1.0,0.7975000143051147
YDL164C,YMR036C,0,-7.7642627,0.11140819638967514,1.0,0.7975999712944031
YHR005C-A,YPR024W,0,-7.7653093,0.11139579117298126,1.0,0.7976999878883362
YGL013C,YHR088W,0,-7.767924,0.11138337850570679,1.0,0.7978000044822693
YCR039C,YIL147C,0,-7.7695413,0.11137097328901291,1.0,0.7979000210762024
YML047C,YDR103W,0,-7.7699156,0.11135857552289963,1.0,0.7979999780654907
YHL002W,YGL062W,0,-7.770093,0.11134617775678635,1.0,0.7980999946594238
YMR052W,YBR048W,0,-7.7709856,0.11133377999067307,1.0,0.7982000112533569
YLL006W,YER151C,0,-7.7718554,0.11132138222455978,1.0,0.79830002784729
YHL040C,YJL006C,0,-7.7733617,0.1113089919090271,1.0,0.7983999848365784
YMR129W,YOR212W,0,-7.773549,0.11129660904407501,1.0,0.7985000014305115
YPL169C,YJR160C,0,-7.7736855,0.11128421872854233,1.0,0.7986000180244446
YHR160C,YIL167W,0,-7.7740993,0.11127183586359024,1.0,0.7986999750137329
YDR211W,YLL034C,0,-7.774367,0.11125946044921875,1.0,0.798799991607666
YDL175C,YLR015W,0,-7.7761974,0.11124707758426666,1.0,0.7989000082015991
YOR143C,YMR241W,0,-7.7807198,0.11123470216989517,1.0,0.7990000247955322
YPL160W,YIL014W,0,-7.7814026,0.11122233420610428,1.0,0.7990999817848206
YBR237W,YML105C,0,-7.781888,0.11120996624231339,1.0,0.7991999983787537
YLR074C,YMR266W,0,-7.7834473,0.11119759827852249,1.0,0.7993000149726868
YOR326W,YDR192C,0,-7.7842126,0.1111852377653122,1.0,0.7993999719619751
YJL019W,YER012W,0,-7.7856045,0.1111728772521019,1.0,0.7994999885559082
YAL020C,YIR013C,0,-7.785774,0.1111605167388916,1.0,0.7996000051498413
YKL048C,YOL042W,0,-7.786069,0.1111481636762619,1.0,0.7997000217437744
YPL177C,YGL129C,0,-7.788279,0.1111358106136322,1.0,0.7997999787330627
YER032W,YKL110C,0,-7.788679,0.1111234575510025,1.0,0.7998999953269958
YPR133C,YPL019C,0,-7.7894573,0.1111111119389534,1.0,0.800000011920929
YMR186W,YDR129C,0,-7.7896657,0.1110987663269043,1.0,0.8001000285148621
YDL024C,YLR097C,0,-7.7903876,0.11108642816543579,1.0,0.8001999855041504
YOR386W,YPR163C,0,-7.7906394,0.11107409000396729,1.0,0.8003000020980835
YJR057W,YHR005C-A,0,-7.791062,0.11106175184249878,1.0,0.8004000186920166
YDL130W-A,YJL012C,0,-7.791429,0.11104941368103027,1.0,0.8004999756813049
YMR135C,YOR210W,0,-7.792715,0.11103708297014236,1.0,0.800599992275238
YHR004C,YML093W,0,-7.793132,0.11102475970983505,1.0,0.8007000088691711
YBL099W,YKL048C,0,-7.7950215,0.11101243644952774,1.0,0.8008000254631042
YGL194C,YDR086C,0,-7.795125,0.11100011318922043,1.0,0.8008999824523926
YJL117W,YKL214C,0,-7.795872,0.11098778992891312,1.0,0.8009999990463257
YFR053C,YMR146C,0,-7.7993917,0.1109754741191864,1.0,0.8011000156402588
YKL045W,YGL030W,0,-7.800201,0.11096315830945969,1.0,0.8011999726295471
YPL240C,YIL013C,0,-7.800979,0.11095084995031357,1.0,0.8012999892234802
YGL201C,YKL056C,0,-7.8010206,0.11093854159116745,1.0,0.8014000058174133
YLR067C,YPL212C,0,-7.801777,0.11092623323202133,1.0,0.8015000224113464
YMR012W,YJL141C,0,-7.8026133,0.11091393232345581,1.0,0.8015999794006348
YDR130C,YLR410W,0,-7.802702,0.11090163141489029,1.0,0.8016999959945679
YER142C,YGR159C,0,-7.804432,0.11088933050632477,1.0,0.801800012588501
YIL159W,YLR265C,0,-7.806217,0.11087703704833984,1.0,0.8019000291824341
YDL074C,YOR040W,0,-7.807949,0.11086474359035492,1.0,0.8019999861717224
YOL071W,YDR393W,0,-7.8086195,0.11085245758295059,1.0,0.8021000027656555
YJL080C,YOL093W,0,-7.8109465,0.11084017157554626,1.0,0.8022000193595886
YGL058W,YLR234W,0,-7.810976,0.11082788556814194,1.0,0.802299976348877
YOR076C,YLR396C,0,-7.8115315,0.11081559956073761,1.0,0.8023999929428101
YOR144C,YDR158W,0,-7.8124433,0.11080332100391388,1.0,0.8025000095367432
YIR004W,YOR319W,0,-7.8132334,0.11079104989767075,1.0,0.8026000261306763
YDR276C,YGR063C,0,-7.8135967,0.11077877134084702,1.0,0.8026999831199646
YGL236C,YPR102C,0,-7.8137336,0.11076650768518448,1.0,0.8027999997138977
YMR240C,YGR116W,0,-7.8178616,0.11075423657894135,1.0,0.8029000163078308
YCR063W,YNL047C,0,-7.8189316,0.11074197292327881,1.0,0.8029999732971191
YBR234C,YHR203C,0,-7.819306,0.11072970926761627,1.0,0.8030999898910522
YOL139C,YDL022W,0,-7.820225,0.11071744561195374,1.0,0.8032000064849854
YDR188W,YDL153C,0,-7.822669,0.1107051894068718,1.0,0.8033000230789185
YGR085C,YKL081W,0,-7.823476,0.11069294065237045,1.0,0.8033999800682068
YKR026C,YEL066W,0,-7.823791,0.11068068444728851,1.0,0.8034999966621399
YOR368W,YMR077C,0,-7.8240395,0.11066843569278717,1.0,0.803600013256073
YOL145C,YGL027C,0,-7.824259,0.11065619438886642,1.0,0.8036999702453613
YIL142W,YKR007W,0,-7.8242874,0.11064394563436508,1.0,0.8037999868392944
YDR121W,YCR026C,0,-7.826096,0.11063170433044434,1.0,0.8039000034332275
YLR449W,YGL133W,0,-7.826186,0.11061947047710419,1.0,0.8040000200271606
YNL225C,YFL013C,0,-7.826191,0.11060723662376404,1.0,0.804099977016449
YMR219W,YPL036W,0,-7.8288054,0.11059500277042389,1.0,0.8041999936103821
YLR148W,YHR014W,0,-7.8292513,0.11058276891708374,1.0,0.8043000102043152
YDL231C,YAR008W,0,-7.8293037,0.11057054251432419,1.0,0.8044000267982483
YPL249C,YGR047C,0,-7.829707,0.11055831611156464,1.0,0.8044999837875366
YDL088C,YBL014C,0,-7.8297663,0.11054609715938568,1.0,0.8046000003814697
YDR028C,YOR353C,0,-7.830255,0.11053387820720673,1.0,0.8047000169754028
YMR069W,YNR048W,0,-7.8341312,0.11052165925502777,1.0,0.8047999739646912
YDR235W,YOR208W,0,-7.8343344,0.11050944775342941,1.0,0.8048999905586243
YFR009W,YOL027C,0,-7.8345103,0.11049723625183105,1.0,0.8050000071525574
YER149C,YPL151C,0,-7.8354445,0.1104850322008133,1.0,0.8051000237464905
YOR320C,YHL034C,0,-7.835458,0.11047282069921494,1.0,0.8051999807357788
YJR140C,YGL008C,0,-7.835488,0.11046062409877777,1.0,0.8052999973297119
YIL159W,YER171W,0,-7.835492,0.11044842004776001,1.0,0.805400013923645
YPL253C,YOR229W,0,-7.8361087,0.11043622344732285,1.0,0.8054999709129333
YNL121C,YGL227W,0,-7.8363004,0.11042402684688568,1.0,0.8055999875068665
YLR355C,YKL038W,0,-7.83671,0.11041183769702911,1.0,0.8057000041007996
YMR100W,YNL055C,0,-7.837107,0.11039964854717255,1.0,0.8058000206947327
YOR368W,YGR095C,0,-7.838478,0.11038745939731598,1.0,0.805899977684021
YNR067C,YLR119W,0,-7.840084,0.11037527769804001,1.0,0.8059999942779541
YJR090C,YBR142W,0,-7.84039,0.11036309599876404,1.0,0.8061000108718872
YBR247C,YNL253W,0,-7.8404536,0.11035091429948807,1.0,0.8062000274658203
YFL017W-A,YGR186W,0,-7.841025,0.1103387400507927,1.0,0.8062999844551086
YPL178W,YDL007W,0,-7.841056,0.11032656580209732,1.0,0.8064000010490417
YPL018W,YDR280W,0,-7.8438067,0.11031439900398254,1.0,0.8065000176429749
YNL221C,YGR270W,0,-7.8446975,0.11030222475528717,1.0,0.8065999746322632
YKR027W,YPR094W,0,-7.8458,0.11029006540775299,1.0,0.8066999912261963
YLR085C,YKL042W,0,-7.8466644,0.11027789860963821,1.0,0.8068000078201294
YER056C,YHR014W,0,-7.8496637,0.11026573926210403,1.0,0.8069000244140625
YLR256W,YPL156C,0,-7.8500757,0.11025357991456985,1.0,0.8069999814033508
YHR077C,YDR293C,0,-7.8501577,0.11024142801761627,1.0,0.8070999979972839
YLL035W,YOL013C,0,-7.850401,0.11022927612066269,1.0,0.807200014591217
YFL029C,YDR145W,0,-7.850859,0.1102171242237091,1.0,0.8072999715805054
YBR278W,YGR129W,0,-7.85165,0.11020497977733612,1.0,0.8073999881744385
YHR164C,YDL108W,0,-7.852632,0.11019283533096313,1.0,0.8075000047683716
YDL164C,YJL108C,0,-7.8526573,0.11018069833517075,1.0,0.8076000213623047
YAL041W,YDR092W,0,-7.8530188,0.11016856133937836,1.0,0.807699978351593
YGR134W,YNL199C,0,-7.857851,0.11015642434358597,1.0,0.8077999949455261
YML077W,YLR115W,0,-7.8587947,0.11014428734779358,1.0,0.8079000115394592
YNL290W,YOR229W,0,-7.8600216,0.11013215780258179,1.0,0.8080000281333923
YML058W-A,YJR094C,0,-7.8605785,0.11012002825737,1.0,0.8080999851226807
YKL007W,YNL023C,0,-7.861115,0.1101079061627388,1.0,0.8082000017166138
YDL112W,YOR043W,0,-7.861482,0.1100957840681076,1.0,0.8083000183105469
YPR057W,YLR186W,0,-7.861751,0.11008366197347641,1.0,0.8083999752998352
YIL095W,YGL232W,0,-7.862008,0.11007154732942581,1.0,0.8084999918937683
YPR083W,YPL007C,0,-7.862363,0.11005943268537521,1.0,0.8086000084877014
YMR224C,YLR059C,0,-7.8629417,0.11004731804132462,1.0,0.8087000250816345
YBR073W,YML015C,0,-7.8630586,0.11003521084785461,1.0,0.8087999820709229
YGR264C,YGL008C,0,-7.8641663,0.11002310365438461,1.0,0.808899998664856
YNL225C,YJR153W,0,-7.8644123,0.11001100391149521,1.0,0.8090000152587891
YFL011W,YHR041C,0,-7.8655143,0.10999889671802521,1.0,0.8090999722480774
YML112W,YOR341W,0,-7.8655314,0.1099868044257164,1.0,0.8091999888420105
YNL270C,YML128C,0,-7.8668604,0.109974704682827,1.0,0.8093000054359436
YBL071W-A,YGR002C,0,-7.8669796,0.10996261239051819,1.0,0.8094000220298767
YGR095C,YER161C,0,-7.8674455,0.10995052009820938,1.0,0.809499979019165
YPL093W,YPL208W,0,-7.867572,0.10993843525648117,1.0,0.8095999956130981
YDR358W,YAL024C,0,-7.8689046,0.10992635041475296,1.0,0.8097000122070312
YCR028C-A,YOR143C,0,-7.869643,0.10991426557302475,1.0,0.8098000288009644
YJR060W,YMR177W,0,-7.8699307,0.10990218818187714,1.0,0.8098999857902527
YMR048W,YDR356W,0,-7.8699975,0.10989011079072952,1.0,0.8100000023841858
YNL248C,YLR275W,0,-7.8704476,0.10987803339958191,1.0,0.8101000189781189
YER109C,YPL026C,0,-7.8731966,0.10986596345901489,1.0,0.8101999759674072
YNR057C,YDR054C,0,-7.8768606,0.10985389351844788,1.0,0.8102999925613403
YBL013W,YNL031C,0,-7.876876,0.10984183102846146,1.0,0.8104000091552734
YPL046C,YKR063C,0,-7.878171,0.10982976108789444,1.0,0.8105000257492065
YBR164C,YCR063W,0,-7.878398,0.10981770604848862,1.0,0.8105999827384949
YDL132W,YNL116W,0,-7.880378,0.1098056435585022,1.0,0.810699999332428
YOR144C,YPR036W,0,-7.8808527,0.10979358851909637,1.0,0.8108000159263611
YEL032W,YJL029C,0,-7.881921,0.10978153347969055,1.0,0.8108999729156494
YKR039W,YPR046W,0,-7.882763,0.10976948589086533,1.0,0.8109999895095825
YOR145C,YBR103W,0,-7.883649,0.1097574383020401,1.0,0.8111000061035156
YNL273W,YMR067C,0,-7.885154,0.10974539071321487,1.0,0.8112000226974487
YKL016C,YNL275W,0,-7.885238,0.10973335057497025,1.0,0.8112999796867371
YBR247C,YDL154W,0,-7.8856945,0.10972131043672562,1.0,0.8113999962806702
YDR028C,YLL034C,0,-7.8865833,0.10970927029848099,1.0,0.8115000128746033
YDR272W,YOL116W,0,-7.8873262,0.10969723761081696,1.0,0.8116000294685364
YMR214W,YNR015W,0,-7.887377,0.10968520492315292,1.0,0.8116999864578247
YGL173C,YJL156C,0,-7.8877716,0.10967317223548889,1.0,0.8118000030517578
YLR321C,YGR209C,0,-7.8877964,0.10966114699840546,1.0,0.8119000196456909
YPR029C,YAL055W,0,-7.888315,0.10964912176132202,1.0,0.8119999766349792
YJR145C,YLR249W,0,-7.888363,0.10963710397481918,1.0,0.8120999932289124
YPL119C,YML094W,0,-7.888584,0.10962507873773575,1.0,0.8122000098228455
YLR270W,YPR188C,0,-7.888927,0.10961306840181351,1.0,0.8123000264167786
YBR098W,YOR008C,0,-7.8892803,0.10960105061531067,1.0,0.8123999834060669
YMR004W,YMR125W,0,-7.889878,0.10958904027938843,1.0,0.8125
YOL040C,YBL106C,0,-7.890127,0.10957702994346619,1.0,0.8126000165939331
YMR061W,YGL137W,0,-7.892879,0.10956502705812454,1.0,0.8126999735832214
YLR263W,YDL159W,0,-7.8931584,0.1095530241727829,1.0,0.8127999901771545
YOL044W,YBL075C,0,-7.8940926,0.10954102128744125,1.0,0.8129000067710876
YMR188C,YKL193C,0,-7.894301,0.1095290258526802,1.0,0.8130000233650208
YDR395W,YDR485C,0,-7.894863,0.10951703041791916,1.0,0.8130999803543091
YOR098C,YCR035C,0,-7.895088,0.10950503498315811,1.0,0.8131999969482422
YOL078W,YKR059W,0,-7.8955,0.10949304699897766,1.0,0.8133000135421753
YJR022W,YMR241W,0,-7.895726,0.10948105901479721,1.0,0.8133999705314636
YPR072W,YKL214C,0,-7.8964043,0.10946907848119736,1.0,0.8134999871253967
YJL183W,YBL075C,0,-7.896524,0.1094570904970169,1.0,0.8136000037193298
YNR033W,YPL093W,0,-7.896868,0.10944510996341705,1.0,0.8137000203132629
YKL052C,YHR062C,0,-7.899275,0.1094331368803978,1.0,0.8137999773025513
YJL019W,YGR206W,0,-7.9015956,0.10942116379737854,1.0,0.8138999938964844
YLR035C,YOR265W,0,-7.9017196,0.10940919071435928,1.0,0.8140000104904175
YDL153C,YEL013W,0,-7.903018,0.10939721763134003,1.0,0.8141000270843506
YBR020W,YOR056C,0,-7.9053955,0.10938525199890137,1.0,0.8141999840736389
YLR033W,YDR207C,0,-7.9079094,0.1093732938170433,1.0,0.814300000667572
YCR020W-B,YER105C,0,-7.908234,0.10936132818460464,1.0,0.8144000172615051
YAL033W,YHL034C,0,-7.90897,0.10934937000274658,1.0,0.8144999742507935
YMR135C,YJR050W,0,-7.909308,0.10933741182088852,1.0,0.8145999908447266
YMR043W,YDL185W,0,-7.911085,0.10932546108961105,1.0,0.8147000074386597
YPL161C,YKL056C,0,-7.912377,0.10931351035833359,1.0,0.8148000240325928
YHR118C,YGL013C,0,-7.912786,0.10930155962705612,1.0,0.8148999810218811
YNL149C,YMR061W,0,-7.913194,0.10928961634635925,1.0,0.8149999976158142
YMR311C,YNL131W,0,-7.9133024,0.10927767306566238,1.0,0.8151000142097473
YNL071W,YER009W,0,-7.913848,0.10926573723554611,1.0,0.8151999711990356
YIR015W,YPL042C,0,-7.915764,0.10925379395484924,1.0,0.8152999877929688
YNL062C,YDR427W,0,-7.9165907,0.10924185812473297,1.0,0.8154000043869019
YIR012W,YML098W,0,-7.9172015,0.1092299297451973,1.0,0.815500020980835
YDR365C,YLL004W,0,-7.917791,0.10921800136566162,1.0,0.8155999779701233
YPL156C,YNL216W,0,-7.9191685,0.10920607298612595,1.0,0.8156999945640564
YGR200C,YOL071W,0,-7.9201183,0.10919414460659027,1.0,0.8158000111579895
YJR035W,YMR106C,0,-7.9225388,0.10918222367763519,1.0,0.8159000277519226
YOR198C,YPL211W,0,-7.9227123,0.10917030274868011,1.0,0.8159999847412109
YBR039W,YOL151W,0,-7.922738,0.10915838927030563,1.0,0.816100001335144
YJL194W,YOR201C,0,-7.925494,0.10914647579193115,1.0,0.8162000179290771
YCR098C,YPR024W,0,-7.9267035,0.10913456231355667,1.0,0.8162999749183655
YGL211W,YLR403W,0,-7.9275603,0.10912265628576279,1.0,0.8163999915122986
YPL209C,YKL113C,0,-7.9298625,0.1091107502579689,1.0,0.8165000081062317
YDL174C,YBR010W,0,-7.9308777,0.10909884423017502,1.0,0.8166000247001648
YLR238W,YOR150W,0,-7.9321938,0.10908694565296173,1.0,0.8166999816894531
YBL019W,YDR101C,0,-7.9329967,0.10907504707574844,1.0,0.8167999982833862
YOR260W,YDL043C,0,-7.9335685,0.10906314849853516,1.0,0.8169000148773193
YJR050W,YDR372C,0,-7.933592,0.10905125737190247,1.0,0.8169999718666077
YGL133W,YGL063W,0,-7.9338274,0.10903936624526978,1.0,0.8170999884605408
YNR013C,YFL008W,0,-7.9342937,0.10902747511863708,1.0,0.8172000050544739
YDR273W,YPL243W,0,-7.934535,0.10901559144258499,1.0,0.817300021648407
YKL040C,YDL007W,0,-7.935852,0.1090037077665329,1.0,0.8173999786376953
YGL086W,YKL201C,0,-7.9359202,0.1089918240904808,1.0,0.8174999952316284
YIL079C,YIL046W,0,-7.9362917,0.10897994786500931,1.0,0.8176000118255615
YJL157C,YBL024W,0,-7.93763,0.10896807163953781,1.0,0.8177000284194946
YDR171W,YPL129W,0,-7.9390655,0.10895620286464691,1.0,0.817799985408783
YLR095C,YML019W,0,-7.94051,0.10894432663917542,1.0,0.8179000020027161
YML130C,YLR449W,0,-7.941229,0.10893246531486511,1.0,0.8180000185966492
YCR107W,YMR058W,0,-7.9413137,0.10892059653997421,1.0,0.8180999755859375
YDR361C,YML069W,0,-7.942035,0.10890873521566391,1.0,0.8181999921798706
YGL238W,YNL078W,0,-7.9422693,0.10889687389135361,1.0,0.8183000087738037
YCL066W,YOL005C,0,-7.9430575,0.1088850200176239,1.0,0.8184000253677368
YPL161C,YBR129C,0,-7.9440823,0.1088731661438942,1.0,0.8184999823570251
YGL163C,YKR057W,0,-7.9450865,0.10886131227016449,1.0,0.8185999989509583
YML088W,YOR172W,0,-7.94942,0.10884945839643478,1.0,0.8187000155448914
YJL186W,YGR178C,0,-7.949686,0.10883761197328568,1.0,0.8187999725341797
YDR499W,YGR211W,0,-7.9499397,0.10882577300071716,1.0,0.8188999891281128
YFR036W,YLR274W,0,-7.95022,0.10881392657756805,1.0,0.8190000057220459
YER036C,YHR012W,0,-7.950877,0.10880208760499954,1.0,0.819100022315979
YNL166C,YMR235C,0,-7.9514513,0.10879025608301163,1.0,0.8191999793052673
YGL086W,YMR060C,0,-7.9527445,0.10877841711044312,1.0,0.8192999958992004
YBR114W,YDR180W,0,-7.9536076,0.1087665855884552,1.0,0.8194000124931335
YDR101C,YGR070W,0,-7.9542217,0.10875476151704788,1.0,0.8195000290870667
YLR117C,YDR183W,0,-7.9567122,0.10874292999505997,1.0,0.819599986076355
YEL036C,YDR277C,0,-7.957594,0.10873110592365265,1.0,0.8197000026702881
YKR036C,YDR480W,0,-7.9578133,0.10871928930282593,1.0,0.8198000192642212
YMR219W,YNR031C,0,-7.9578476,0.10870746523141861,1.0,0.8198999762535095
YNL136W,YBR193C,0,-7.9586916,0.10869564861059189,1.0,0.8199999928474426
YOL049W,YJL104W,0,-7.960203,0.10868383944034576,1.0,0.8201000094413757
YKL172W,YDL232W,0,-7.961806,0.10867203027009964,1.0,0.8202000260353088
YOL080C,YML058W,0,-7.9650717,0.10866022109985352,1.0,0.8202999830245972
YAL058W,YJR119C,0,-7.965896,0.10864841192960739,1.0,0.8203999996185303
YDR511W,YBR155W,0,-7.9660163,0.10863661020994186,1.0,0.8205000162124634
YJR070C,YLR320W,0,-7.9680967,0.10862480849027634,1.0,0.8205999732017517
YDR110W,YDR320C,0,-7.968459,0.1086130142211914,1.0,0.8206999897956848
YML080W,YAL003W,0,-7.968561,0.10860121995210648,1.0,0.8208000063896179
YBR142W,YIR022W,0,-7.9695783,0.10858942568302155,1.0,0.820900022983551
YNL135C,YGR162W,0,-7.9701633,0.10857763141393661,1.0,0.8209999799728394
YCR098C,YGL171W,0,-7.9712763,0.10856584459543228,1.0,0.8210999965667725
YKL001C,YJL104W,0,-7.971817,0.10855405777692795,1.0,0.8212000131607056
YMR301C,YLR003C,0,-7.9723916,0.10854227840900421,1.0,0.8213000297546387
YLL035W,YLR288C,0,-7.9732766,0.10853049904108047,1.0,0.821399986743927
YBL084C,YDR512C,0,-7.973535,0.10851871967315674,1.0,0.8215000033378601
YKL186C,YBR228W,0,-7.9741297,0.1085069477558136,1.0,0.8216000199317932
YNL161W,YOR027W,0,-7.974738,0.10849516838788986,1.0,0.8216999769210815
YGL245W,YKR028W,0,-7.975072,0.10848340392112732,1.0,0.8217999935150146
YGR231C,YGR009C,0,-7.9763,0.10847163200378418,1.0,0.8219000101089478
YHR124W,YGL244W,0,-7.977687,0.10845986753702164,1.0,0.8220000267028809
YKR068C,YKL166C,0,-7.9791665,0.10844811052083969,1.0,0.8220999836921692
YLR015W,YPL106C,0,-7.980358,0.10843634605407715,1.0,0.8222000002861023
YDR030C,YNL309W,0,-7.9805317,0.1084245890378952,1.0,0.8223000168800354
YPR025C,YDR280W,0,-7.981031,0.10841283947229385,1.0,0.8223999738693237
YDR440W,YLR126C,0,-7.98148,0.10840108245611191,1.0,0.8224999904632568
YNR033W,YOR073W,0,-7.9825506,0.10838933289051056,1.0,0.8226000070571899
YNL008C,YPL026C,0,-7.9834547,0.10837759077548981,1.0,0.822700023651123
YFL010W-A,YLL036C,0,-7.9842014,0.10836584120988846,1.0,0.8227999806404114
YNL207W,YAL002W,0,-7.9848948,0.1083540990948677,1.0,0.8228999972343445
YMR014W,YBR060C,0,-7.986263,0.10834236443042755,1.0,0.8230000138282776
YKL059C,YBL007C,0,-7.986508,0.1083306223154068,1.0,0.8230999708175659
YGL058W,YPL180W,0,-7.986776,0.10831888765096664,1.0,0.823199987411499
YIL062C,YHR129C,0,-7.9885383,0.10830716043710709,1.0,0.8233000040054321
YLR246W,YPL122C,0,-7.98979,0.10829543322324753,1.0,0.8234000205993652
YER114C,YDR130C,0,-7.989861,0.10828370600938797,1.0,0.8234999775886536
YOR256C,YML021C,0,-7.9927063,0.10827197879552841,1.0,0.8235999941825867
YBL020W,YNL151C,0,-7.99298,0.10826025903224945,1.0,0.8237000107765198
YHR014W,YHL009C,0,-7.99321,0.10824853926897049,1.0,0.8238000273704529
YML130C,YGR112W,0,-7.9933114,0.10823681950569153,1.0,0.8238999843597412
YBR290W,YLR425W,0,-7.995386,0.10822510719299316,1.0,0.8240000009536743
YFR046C,YHR088W,0,-7.9968677,0.1082133948802948,1.0,0.8241000175476074
YBR217W,YLR451W,0,-7.9971256,0.10820169001817703,1.0,0.8241999745368958
YPL152W,YOL124C,0,-7.998393,0.10818998515605927,1.0,0.8242999911308289
YJR065C,YER013W,0,-7.998804,0.1081782802939415,1.0,0.824400007724762
YCR012W,YIL114C,0,-8.001563,0.10816657543182373,1.0,0.8245000243186951
YBR233W-A,YBR214W,0,-8.00388,0.10815487802028656,1.0,0.8245999813079834
YDL209C,YNR053C,0,-8.004142,0.10814318060874939,1.0,0.8246999979019165
YOL066C,YCR042C,0,-8.004468,0.10813149064779282,1.0,0.8248000144958496
YGR120C,YMR078C,0,-8.004633,0.10811979323625565,1.0,0.8248999714851379
YER177W,YNL177C,0,-8.005454,0.10810811072587967,1.0,0.824999988079071
YGL119W,YMR247C,0,-8.006008,0.1080964207649231,1.0,0.8251000046730042
YBL042C,YGL104C,0,-8.00623,0.10808473825454712,1.0,0.8252000212669373
YGR280C,YDR103W,0,-8.007461,0.10807305574417114,1.0,0.8252999782562256
YDL225W,YMR016C,0,-8.007583,0.10806138068437576,1.0,0.8253999948501587
YPL055C,YLR272C,0,-8.00792,0.10804970562458038,1.0,0.8255000114440918
YDR343C,YNL293W,0,-8.008103,0.108038030564785,1.0,0.8256000280380249
YBR296C,YJL108C,0,-8.010501,0.10802635550498962,1.0,0.8256999850273132
YOL013C,YKL108W,0,-8.0110855,0.10801468789577484,1.0,0.8258000016212463
YGL181W,YNL025C,0,-8.012294,0.10800302773714066,1.0,0.8259000182151794
YHR191C,YNL090W,0,-8.012747,0.10799136012792587,1.0,0.8259999752044678
YPR187W,YHR038W,0,-8.013139,0.10797969996929169,1.0,0.8260999917984009
YGL084C,YER082C,0,-8.015261,0.1079680398106575,1.0,0.826200008392334
YMR301C,YMR077C,0,-8.015264,0.10795638710260391,1.0,0.8263000249862671
YPR025C,YPL031C,0,-8.015869,0.10794473439455032,1.0,0.8263999819755554
YHR038W,YDR087C,0,-8.0161495,0.10793308168649673,1.0,0.8264999985694885
YJR082C,YOR373W,0,-8.01699,0.10792143642902374,1.0,0.8266000151634216
YOL005C,YOR272W,0,-8.017368,0.10790978372097015,1.0,0.82669997215271
YLR131C,YOR250C,0,-8.017494,0.10789814591407776,1.0,0.8267999887466431
YNL127W,YER146W,0,-8.017711,0.10788650065660477,1.0,0.8269000053405762
YKL074C,YDR103W,0,-8.018476,0.10787486284971237,1.0,0.8270000219345093
YDR365C,YMR192W,0,-8.01931,0.10786323249340057,1.0,0.8270999789237976
YBR022W,YDR477W,0,-8.021077,0.10785159468650818,1.0,0.8271999955177307
YIL142W,YBR289W,0,-8.021438,0.10783996433019638,1.0,0.8273000121116638
YER149C,YPL129W,0,-8.022159,0.10782833397388458,1.0,0.8274000287055969
YER017C,YIR026C,0,-8.022996,0.10781671106815338,1.0,0.8274999856948853
YBR117C,YHR070W,0,-8.023032,0.10780508816242218,1.0,0.8276000022888184
YMR303C,YNL201C,0,-8.024722,0.10779346525669098,1.0,0.8277000188827515
YKL025C,YGL048C,0,-8.0265665,0.10778184980154037,1.0,0.8277999758720398
YCR047C,YHL024W,0,-8.027038,0.10777023434638977,1.0,0.8278999924659729
YPR052C,YPR133C,0,-8.028496,0.10775861889123917,1.0,0.828000009059906
YNL233W,YMR264W,0,-8.030846,0.10774701088666916,1.0,0.8281000256538391
YNL290W,YDR308C,0,-8.030995,0.10773540288209915,1.0,0.8281999826431274
YGL003C,YNR015W,0,-8.032627,0.10772379487752914,1.0,0.8282999992370605
YOL064C,YGR258C,0,-8.032726,0.10771219432353973,1.0,0.8284000158309937
YDR017C,YLR071C,0,-8.032827,0.10770059376955032,1.0,0.828499972820282
YKL016C,YOL095C,0,-8.033699,0.10768899321556091,1.0,0.8285999894142151
YFL049W,YPL120W,0,-8.033861,0.1076774001121521,1.0,0.8287000060081482
YDR512C,YKL045W,0,-8.0341835,0.10766580700874329,1.0,0.8288000226020813
YPL200W,YLL034C,0,-8.0343075,0.10765421390533447,1.0,0.8288999795913696
YLR215C,YDR078C,0,-8.035224,0.10764262825250626,1.0,0.8289999961853027
YBR217W,YPL133C,0,-8.037284,0.10763104259967804,1.0,0.8291000127792358
YOR181W,YFL002C,0,-8.037488,0.10761945694684982,1.0,0.829200029373169
YNL118C,YMR268C,0,-8.037536,0.1076078787446022,1.0,0.8292999863624573
YHR157W,YOR116C,0,-8.038752,0.10759630054235458,1.0,0.8294000029563904
YDR416W,YNL079C,0,-8.040768,0.10758472234010696,1.0,0.8295000195503235
YBR095C,YLR313C,0,-8.041263,0.10757315158843994,1.0,0.8295999765396118
YNL166C,YDR265W,0,-8.041662,0.10756158083677292,1.0,0.8296999931335449
YLL009C,YGL035C,0,-8.0419445,0.1075500100851059,1.0,0.829800009727478
YDR195W,YHR090C,0,-8.042489,0.10753844678401947,1.0,0.8299000263214111
YOR327C,YNR048W,0,-8.0433235,0.10752688348293304,1.0,0.8299999833106995
YOR023C,YGR091W,0,-8.044767,0.10751532018184662,1.0,0.8300999999046326
YIR012W,YDR120C,0,-8.045788,0.10750376433134079,1.0,0.8302000164985657
YGR158C,YJL010C,0,-8.0464,0.10749220848083496,1.0,0.830299973487854
YBR020W,YER111C,0,-8.046492,0.10748065263032913,1.0,0.8303999900817871
YLR051C,YJL192C,0,-8.048803,0.1074691042304039,1.0,0.8305000066757202
YLR318W,YOL126C,0,-8.049134,0.10745755583047867,1.0,0.8306000232696533
YER036C,YBR173C,0,-8.050628,0.10744600743055344,1.0,0.8306999802589417
YAL024C,YPR073C,0,-8.051542,0.1074344664812088,1.0,0.8307999968528748
YLR394W,YML043C,0,-8.052433,0.10742292553186417,1.0,0.8309000134468079
YKR082W,YJL138C,0,-8.052667,0.10741138458251953,1.0,0.8309999704360962
YJR155W,YLR127C,0,-8.052997,0.1073998510837555,1.0,0.8310999870300293
YNL136W,YMR314W,0,-8.053494,0.10738831758499146,1.0,0.8312000036239624
YJL112W,YMR047C,0,-8.054007,0.10737678408622742,1.0,0.8313000202178955
YGL075C,YHR014W,0,-8.055295,0.10736525803804398,1.0,0.8313999772071838
YBR091C,YER007W,0,-8.0554695,0.10735373198986053,1.0,0.8314999938011169
YER107C,YOR057W,0,-8.056134,0.1073422059416771,1.0,0.83160001039505
YLR314C,YMR288W,0,-8.057942,0.10733068734407425,1.0,0.8317000269889832
YDL115C,YLR313C,0,-8.058611,0.1073191687464714,1.0,0.8317999839782715
YDR153C,YPL010W,0,-8.058898,0.10730765014886856,1.0,0.8319000005722046
YOR266W,YAL047C,0,-8.06136,0.10729613900184631,1.0,0.8320000171661377
YCL011C,YDR030C,0,-8.064109,0.10728462785482407,1.0,0.832099974155426
YOR236W,YGL171W,0,-8.064692,0.10727311670780182,1.0,0.8321999907493591
YGR132C,YPL212C,0,-8.064795,0.10726161301136017,1.0,0.8323000073432922
YJL095W,YOR116C,0,-8.065798,0.10725010931491852,1.0,0.8324000239372253
YGL025C,YPR133C,0,-8.067621,0.10723860561847687,1.0,0.8324999809265137
YBR245C,YGL169W,0,-8.0688925,0.10722710937261581,1.0,0.8325999975204468
YBL016W,YLR190W,0,-8.069469,0.10721561312675476,1.0,0.8327000141143799
YGL027C,YOL102C,0,-8.070125,0.10720411688089371,1.0,0.8327999711036682
YLR191W,YOR018W,0,-8.070699,0.10719262808561325,1.0,0.8328999876976013
YPL195W,YDL098C,0,-8.071083,0.1071811392903328,1.0,0.8330000042915344
YOL151W,YNL312W,0,-8.0738125,0.10716965049505234,1.0,0.8331000208854675
YBL099W,YER111C,0,-8.075671,0.10715816915035248,1.0,0.8331999778747559
YLR274W,YIL036W,0,-8.0758705,0.10714668035507202,1.0,0.833299994468689
YPR094W,YOR069W,0,-8.079038,0.10713520646095276,1.0,0.8334000110626221
YPL160W,YPR006C,0,-8.079265,0.1071237251162529,1.0,0.8335000276565552
YPR070W,YOL040C,0,-8.079456,0.10711225122213364,1.0,0.8335999846458435
YHR062C,YPR055W,0,-8.081494,0.10710078477859497,1.0,0.8337000012397766
YDL207W,YJL101C,0,-8.082985,0.10708931088447571,1.0,0.8338000178337097
YPL146C,YMR140W,0,-8.084979,0.10707784444093704,1.0,0.833899974822998
YLR051C,YDL134C,0,-8.085758,0.10706637799739838,1.0,0.8339999914169312
YOR007C,YLR424W,0,-8.086346,0.10705491900444031,1.0,0.8341000080108643
YDR398W,YJL059W,0,-8.086776,0.10704346001148224,1.0,0.8342000246047974
YBL057C,YLR234W,0,-8.087544,0.10703200101852417,1.0,0.8342999815940857
YPL155C,YOL127W,0,-8.088956,0.1070205494761467,1.0,0.8343999981880188
YDR194C,YDR176W,0,-8.08983,0.10700909793376923,1.0,0.8345000147819519
YDR385W,YPR162C,0,-8.090356,0.10699764639139175,1.0,0.8345999717712402
YNR027W,YLR363C,0,-8.090608,0.10698620229959488,1.0,0.8346999883651733
YLR394W,YJR022W,0,-8.090803,0.10697475075721741,1.0,0.8348000049591064
YPR133C,YER161C,0,-8.091104,0.10696331411600113,1.0,0.8349000215530396
YBL009W,YCL014W,0,-8.092071,0.10695187002420425,1.0,0.8349999785423279
YCL024W,YDL150W,0,-8.092314,0.10694043338298798,1.0,0.835099995136261
YER114C,YHR090C,0,-8.092491,0.1069289967417717,1.0,0.8352000117301941
YKR063C,YAL043C,0,-8.092955,0.10691756755113602,1.0,0.8353000283241272
YGR276C,YBR127C,0,-8.09322,0.10690613836050034,1.0,0.8353999853134155
YDL087C,YOR353C,0,-8.093552,0.10689470916986465,1.0,0.8355000019073486
YER006W,YCR033W,0,-8.094646,0.10688327997922897,1.0,0.8356000185012817
YHL048W,YKL028W,0,-8.09613,0.10687185823917389,1.0,0.8356999754905701
YPL049C,YKR026C,0,-8.096897,0.1068604439496994,1.0,0.8357999920845032
YDR252W,YPL031C,0,-8.10214,0.10684902220964432,1.0,0.8359000086784363
YBR244W,YDR043C,0,-8.102997,0.10683760792016983,1.0,0.8360000252723694
YOR106W,YNL154C,0,-8.103254,0.10682619363069534,1.0,0.8360999822616577
YCL043C,YGR085C,0,-8.104786,0.10681478679180145,1.0,0.8361999988555908
YJR057W,YDR283C,0,-8.105003,0.10680337250232697,1.0,0.8363000154495239
YJL140W,YNR048W,0,-8.106499,0.10679196566343307,1.0,0.8363999724388123
YDR016C,YKL054C,0,-8.106778,0.10678056627511978,1.0,0.8364999890327454
YOL054W,YLR376C,0,-8.106787,0.10676916688680649,1.0,0.8366000056266785
YMR012W,YOL040C,0,-8.107262,0.1067577674984932,1.0,0.8367000222206116
YDR214W,YBR072W,0,-8.108261,0.1067463681101799,1.0,0.8367999792098999
YOR078W,YAL011W,0,-8.109837,0.1067349761724472,1.0,0.836899995803833
YOL123W,YPL139C,0,-8.110125,0.10672358423471451,1.0,0.8370000123977661
YBR296C,YPR125W,0,-8.110533,0.10671219974756241,1.0,0.8371000289916992
YGR186W,YGL104C,0,-8.111433,0.10670080780982971,1.0,0.8371999859809875
YIL075C,YNL079C,0,-8.11145,0.10668943077325821,1.0,0.8373000025749207
YPL112C,YGR005C,0,-8.111973,0.10667804628610611,1.0,0.8374000191688538
YGL120C,YLR277C,0,-8.11277,0.1066666692495346,1.0,0.8374999761581421
YCR035C,YPR024W,0,-8.113629,0.1066552922129631,1.0,0.8375999927520752
YAL031C,YIR025W,0,-8.1138525,0.1066439151763916,1.0,0.8377000093460083
YNL282W,YNL250W,0,-8.114197,0.1066325455904007,1.0,0.8378000259399414
YPR017C,YPL085W,0,-8.115154,0.10662117600440979,1.0,0.8378999829292297
YML112W,YLR383W,0,-8.115164,0.10660980641841888,1.0,0.8379999995231628
YNL221C,YPL026C,0,-8.119217,0.10659844428300858,1.0,0.838100016117096
YNL220W,YJL050W,0,-8.120092,0.10658708214759827,1.0,0.8381999731063843
YLR449W,YDL033C,0,-8.121654,0.10657572001218796,1.0,0.8382999897003174
YPL046C,YNL167C,0,-8.1219225,0.10656436532735825,1.0,0.8384000062942505
YDL111C,YLR003C,0,-8.124241,0.10655301064252853,1.0,0.8385000228881836
YMR153W,YDL007W,0,-8.125301,0.10654165595769882,1.0,0.8385999798774719
YGR267C,YPR162C,0,-8.125657,0.10653030872344971,1.0,0.838699996471405
YOL145C,YOR144C,0,-8.126695,0.10651896148920059,1.0,0.8388000130653381
YJL179W,YOR217W,0,-8.127193,0.10650761425495148,1.0,0.8389000296592712
YPL086C,YOL043C,0,-8.12766,0.10649627447128296,1.0,0.8389999866485596
YJL115W,YBR275C,0,-8.128501,0.10648493468761444,1.0,0.8391000032424927
YOR117W,YBR081C,0,-8.128593,0.10647359490394592,1.0,0.8392000198364258
YNR035C,YPR190C,0,-8.1287,0.106462262570858,1.0,0.8392999768257141
YOL088C,YCR026C,0,-8.128721,0.10645092278718948,1.0,0.8393999934196472
YMR167W,YDL236W,0,-8.129898,0.10643959790468216,1.0,0.8395000100135803
YMR309C,YBR060C,0,-8.130693,0.10642826557159424,1.0,0.8396000266075134
YER032W,YDR513W,0,-8.130842,0.10641694068908691,1.0,0.8396999835968018
YJL014W,YJL104W,0,-8.132027,0.10640561580657959,1.0,0.8398000001907349
YDR021W,YDR513W,0,-8.133534,0.10639429837465286,1.0,0.839900016784668
YNR001C,YKL108W,0,-8.134536,0.10638298094272614,1.0,0.8399999737739563
YLR129W,YKR059W,0,-8.134602,0.10637166351079941,1.0,0.8400999903678894
YER159C,YMR025W,0,-8.135821,0.10636034607887268,1.0,0.8402000069618225
YML004C,YGL127C,0,-8.136217,0.10634903609752655,1.0,0.8403000235557556
YML058W-A,YCR027C,0,-8.138403,0.10633772611618042,1.0,0.840399980545044
YNL135C,YKL038W,0,-8.140743,0.10632642358541489,1.0,0.840499997138977
YER082C,YPL120W,0,-8.141295,0.10631512105464935,1.0,0.8406000137329102
YDL164C,YKR002W,0,-8.141451,0.10630381852388382,1.0,0.8406999707221985
YJL179W,YLR301W,0,-8.142084,0.10629251599311829,1.0,0.8407999873161316
YLL061W,YDR145W,0,-8.14212,0.10628122091293335,1.0,0.8409000039100647
YPL188W,YLL002W,0,-8.142172,0.10626992583274841,1.0,0.8410000205039978
YLR449W,YDL217C,0,-8.143737,0.10625863075256348,1.0,0.8410999774932861
YER109C,YDL108W,0,-8.144011,0.10624734312295914,1.0,0.8411999940872192
YJR125C,YMR043W,0,-8.147779,0.1062360554933548,1.0,0.8413000106811523
YJR125C,YBL061C,0,-8.147938,0.10622477531433105,1.0,0.8414000272750854
YMR311C,YML088W,0,-8.149491,0.10621348768472672,1.0,0.8414999842643738
YNL161W,YPR162C,0,-8.14969,0.10620220750570297,1.0,0.8416000008583069
YDR116C,YOL115W,0,-8.149807,0.10619093477725983,1.0,0.84170001745224
YOL049W,YPL031C,0,-8.151356,0.10617965459823608,1.0,0.8417999744415283
YBR073W,YLR033W,0,-8.151398,0.10616838186979294,1.0,0.8418999910354614
YPL181W,YLR449W,0,-8.152195,0.10615710914134979,1.0,0.8420000076293945
YMR137C,YNL310C,0,-8.1542845,0.10614584386348724,1.0,0.8421000242233276
YDL098C,YPR095C,0,-8.155111,0.1061345785856247,1.0,0.842199981212616
YDR450W,YDL047W,0,-8.159128,0.10612331330776215,1.0,0.8422999978065491
YNL066W,YGR128C,0,-8.161364,0.1061120554804802,1.0,0.8424000144004822
YLR370C,YDR495C,0,-8.162269,0.10610079765319824,1.0,0.8424999713897705
YOL064C,YIL147C,0,-8.16475,0.10608953982591629,1.0,0.8425999879837036
YJR017C,YJR002W,0,-8.166337,0.10607828944921494,1.0,0.8427000045776367
YHR089C,YOL088C,0,-8.168417,0.10606703162193298,1.0,0.8428000211715698
YKR052C,YKL079W,0,-8.170118,0.10605578869581223,1.0,0.8428999781608582
YEL018W,YPL221W,0,-8.170647,0.10604453831911087,1.0,0.8429999947547913
YIL084C,YNL236W,0,-8.171113,0.10603329539299011,1.0,0.8431000113487244
YNL149C,YJL109C,0,-8.172155,0.10602205246686935,1.0,0.8432000279426575
YMR048W,YOR230W,0,-8.172187,0.1060108095407486,1.0,0.8432999849319458
YGL073W,YBL061C,0,-8.17389,0.10599957406520844,1.0,0.8434000015258789
YHR129C,YER142C,0,-8.1742,0.10598833858966827,1.0,0.843500018119812
YFL057C,YML112W,0,-8.175526,0.10597711056470871,1.0,0.8435999751091003
YPL217C,YGR178C,0,-8.176552,0.10596588253974915,1.0,0.8436999917030334
YOL145C,YPR070W,0,-8.177845,0.10595465451478958,1.0,0.8438000082969666
YDL161W,YNL312W,0,-8.179844,0.10594342648983002,1.0,0.8439000248908997
YHR186C,YPL007C,0,-8.180438,0.10593220591545105,1.0,0.843999981880188
YGR167W,YDR205W,0,-8.182463,0.10592098534107208,1.0,0.8440999984741211
YDR363W,YKR046C,0,-8.184328,0.10590976476669312,1.0,0.8442000150680542
YPL116W,YHR085W,0,-8.185897,0.10589855164289474,1.0,0.8442999720573425
YJR022W,YFL038C,0,-8.186207,0.10588733851909637,1.0,0.8443999886512756
YHR108W,YPL233W,0,-8.186977,0.105876125395298,1.0,0.8445000052452087
YPR034W,YOL027C,0,-8.187117,0.10586491972208023,1.0,0.8446000218391418
YMR042W,YOL105C,0,-8.187502,0.10585370659828186,1.0,0.8446999788284302
YJR077C,YPL208W,0,-8.188633,0.10584250837564468,1.0,0.8447999954223633
YER172C,YGL094C,0,-8.190393,0.10583130270242691,1.0,0.8449000120162964
YNL163C,YBR250W,0,-8.190765,0.10582010447978973,1.0,0.8450000286102295
YDL069C,YBL032W,0,-8.192176,0.10580890625715256,1.0,0.8450999855995178
YIR037W,YNL273W,0,-8.192368,0.10579771548509598,1.0,0.8452000021934509
YLR175W,YJL190C,0,-8.192393,0.1057865247130394,1.0,0.845300018787384
YLR429W,YOL038W,0,-8.192934,0.10577533394098282,1.0,0.8453999757766724
YLR254C,YIL122W,0,-8.193422,0.10576414316892624,1.0,0.8454999923706055
YNR074C,YJR047C,0,-8.193828,0.10575295984745026,1.0,0.8456000089645386
YER155C,YKL001C,0,-8.195524,0.10574177652597427,1.0,0.8457000255584717
YPL125W,YOR340C,0,-8.19672,0.10573060065507889,1.0,0.84579998254776
YNL061W,YER070W,0,-8.197914,0.1057194173336029,1.0,0.8458999991416931
YPR188C,YOR007C,0,-8.199052,0.10570824891328812,1.0,0.8460000157356262
YDL113C,YER122C,0,-8.199156,0.10569707304239273,1.0,0.8460999727249146
YOR078W,YPR178W,0,-8.200491,0.10568590462207794,1.0,0.8461999893188477
YBR237W,YDR312W,0,-8.201944,0.10567473620176315,1.0,0.8463000059127808
YCL017C,YDL134C,0,-8.202999,0.10566356778144836,1.0,0.8464000225067139
YPR049C,YDR099W,0,-8.2043705,0.10565240681171417,1.0,0.8464999794960022
YLL009C,YJL069C,0,-8.205906,0.10564124584197998,1.0,0.8465999960899353
YFL016C,YOL127W,0,-8.206121,0.10563008487224579,1.0,0.8467000126838684
YGL089C,YBR195C,0,-8.207875,0.1056189239025116,1.0,0.8468000292778015
YOR253W,YBR127C,0,-8.20819,0.105607770383358,1.0,0.8468999862670898
YPL160W,YPL010W,0,-8.208237,0.105596624314785,1.0,0.847000002861023
YKL085W,YGR285C,0,-8.211082,0.10558547079563141,1.0,0.847100019454956
YGL122C,YGR214W,0,-8.211671,0.10557432472705841,1.0,0.8471999764442444
YKL143W,YOL034W,0,-8.212132,0.10556317865848541,1.0,0.8472999930381775
YGL086W,YBR283C,0,-8.213575,0.10555204004049301,1.0,0.8474000096321106
YDR516C,YGR116W,0,-8.214146,0.10554089397192001,1.0,0.8475000262260437
YMR068W,YIL132C,0,-8.216131,0.10552976280450821,1.0,0.847599983215332
YML088W,YOL138C,0,-8.218708,0.10551862418651581,1.0,0.8476999998092651
YOL059W,YJL069C,0,-8.219534,0.105507493019104,1.0,0.8478000164031982
YIL034C,YBR244W,0,-8.221115,0.1054963618516922,1.0,0.8478999733924866
YPR135W,YMR308C,0,-8.221313,0.1054852306842804,1.0,0.8479999899864197
YEL062W,YDR083W,0,-8.22216,0.10547410696744919,1.0,0.8481000065803528
YCL024W,YIR017C,0,-8.2230625,0.10546298325061798,1.0,0.8482000231742859
YGR135W,YMR096W,0,-8.224348,0.10545185953378677,1.0,0.8482999801635742
YIL120W,YBR118W,0,-8.225132,0.10544074326753616,1.0,0.8483999967575073
YER013W,YBR048W,0,-8.225315,0.10542962700128555,1.0,0.8485000133514404
YNL218W,YOL080C,0,-8.2278595,0.10541851073503494,1.0,0.8485999703407288
YDR517W,YIL046W,0,-8.230223,0.10540740191936493,1.0,0.8486999869346619
YPL138C,YLL040C,0,-8.230616,0.10539629310369492,1.0,0.848800003528595
YKL016C,YBR296C,0,-8.2323265,0.1053851842880249,1.0,0.8489000201225281
YDL223C,YDR529C,0,-8.232492,0.10537407547235489,1.0,0.8489999771118164
YOR340C,YEL013W,0,-8.232761,0.10536297410726547,1.0,0.8490999937057495
YER142C,YAL043C,0,-8.234238,0.10535187274217606,1.0,0.8492000102996826
YKL186C,YLR265C,0,-8.235914,0.10534077882766724,1.0,0.8493000268936157
YGR239C,YFR033C,0,-8.236066,0.10532968491315842,1.0,0.849399983882904
YKL007W,YJL111W,0,-8.239262,0.1053185909986496,1.0,0.8495000004768372
YJR090C,YMR047C,0,-8.239426,0.10530749708414078,1.0,0.8496000170707703
YFL014W,YLR208W,0,-8.240644,0.10529641062021255,1.0,0.8496999740600586
YFL002C,YPL120W,0,-8.242504,0.10528532415628433,1.0,0.8497999906539917
YOR372C,YER087C-B,0,-8.242561,0.10527423769235611,1.0,0.8499000072479248
YNL151C,YOR305W,0,-8.243546,0.10526315867900848,1.0,0.8500000238418579
YOL071W,YER006W,0,-8.244017,0.10525207966566086,1.0,0.8500999808311462
YOR284W,YDR279W,0,-8.245007,0.10524100065231323,1.0,0.8501999974250793
YKL143W,YPL163C,0,-8.24588,0.1052299290895462,1.0,0.8503000140190125
YML113W,YDR325W,0,-8.246203,0.10521885752677917,1.0,0.8503999710083008
YMR309C,YHR031C,0,-8.24863,0.10520778596401215,1.0,0.8504999876022339
YAL025C,YBR088C,0,-8.251144,0.10519671440124512,1.0,0.850600004196167
YNL286W,YJR104C,0,-8.251828,0.10518565028905869,1.0,0.8507000207901001
YER165W,YPL212C,0,-8.253845,0.10517458617687225,1.0,0.8507999777793884
YOR274W,YOR266W,0,-8.255497,0.10516352951526642,1.0,0.8508999943733215
YPL116W,YDR308C,0,-8.256457,0.10515247285366058,1.0,0.8510000109672546
YLR274W,YIL120W,0,-8.256979,0.10514141619205475,1.0,0.8511000275611877
YLR433C,YHR186C,0,-8.257708,0.10513035953044891,1.0,0.8511999845504761
YGL238W,YKR059W,0,-8.258554,0.10511931031942368,1.0,0.8513000011444092
YBR070C,YLR272C,0,-8.260501,0.10510826110839844,1.0,0.8514000177383423
YFR037C,YNL070W,0,-8.260987,0.1050972118973732,1.0,0.8514999747276306
YDL132W,YLR350W,0,-8.261114,0.10508617013692856,1.0,0.8515999913215637
YKR081C,YML105C,0,-8.262109,0.10507512837648392,1.0,0.8517000079154968
YPL271W,YOL113W,0,-8.262587,0.10506408661603928,1.0,0.8518000245094299
YFL017W-A,YDR207C,0,-8.264241,0.10505305230617523,1.0,0.8518999814987183
YAL012W,YBR017C,0,-8.266481,0.10504201799631119,1.0,0.8519999980926514
YDR377W,YIL167W,0,-8.267306,0.10503098368644714,1.0,0.8521000146865845
YDL006W,YGR063C,0,-8.26753,0.1050199568271637,1.0,0.8521999716758728
YKR026C,YER151C,0,-8.273701,0.10500892251729965,1.0,0.8522999882698059
YMR172W,YDL200C,0,-8.274641,0.1049979031085968,1.0,0.852400004863739
YER003C,YER022W,0,-8.275157,0.10498687624931335,1.0,0.8525000214576721
YPR162C,YLR075W,0,-8.275818,0.1049758568406105,1.0,0.8525999784469604
YLR451W,YKR087C,0,-8.2758255,0.10496483743190765,1.0,0.8526999950408936
YMR047C,YBL004W,0,-8.27606,0.1049538180232048,1.0,0.8528000116348267
YPR135W,YOR106W,0,-8.276522,0.10494280606508255,1.0,0.8529000282287598
YER114C,YNL129W,0,-8.27758,0.1049317941069603,1.0,0.8529999852180481
YJL053W,YBR289W,0,-8.277931,0.10492078214883804,1.0,0.8531000018119812
YER028C,YER149C,0,-8.281121,0.10490977764129639,1.0,0.8532000184059143
YPL059W,YIL149C,0,-8.281274,0.10489877313375473,1.0,0.8532999753952026
YDL243C,YHR060W,0,-8.28163,0.10488776862621307,1.0,0.8533999919891357
YNL118C,YDR235W,0,-8.281988,0.10487677156925201,1.0,0.8535000085830688
YPR171W,YNL064C,0,-8.282251,0.10486577451229095,1.0,0.853600025177002
YHR034C,YLR410W,0,-8.284047,0.1048547774553299,1.0,0.8536999821662903
YOR319W,YHR031C,0,-8.2843075,0.10484378039836884,1.0,0.8537999987602234
YOR236W,YDL170W,0,-8.284672,0.10483279079198837,1.0,0.8539000153541565
YKR083C,YGR231C,0,-8.284824,0.10482180118560791,1.0,0.8539999723434448
YOR174W,YHR008C,0,-8.288405,0.10481081902980804,1.0,0.8540999889373779
YEL019C,YOR243C,0,-8.289639,0.10479982942342758,1.0,0.854200005531311
YKL007W,YDR228C,0,-8.2938175,0.10478884726762772,1.0,0.8543000221252441
YPL227C,YDR172W,0,-8.298405,0.10477787256240845,1.0,0.8543999791145325
YBR073W,YDL170W,0,-8.299261,0.10476689040660858,1.0,0.8544999957084656
YBR072W,YGL175C,0,-8.299547,0.10475591570138931,1.0,0.8546000123023987
YNL055C,YBL103C,0,-8.301171,0.10474494844675064,1.0,0.8547000288963318
YIL097W,YEL065W,0,-8.301992,0.10473397374153137,1.0,0.8547999858856201
YFR028C,YNL329C,0,-8.303528,0.1047230064868927,1.0,0.8549000024795532
YOR249C,YKL120W,0,-8.304506,0.10471203923225403,1.0,0.8550000190734863
YJR139C,YAL025C,0,-8.304661,0.10470107942819595,1.0,0.8550999760627747
YDR440W,YKL117W,0,-8.304911,0.10469011962413788,1.0,0.8551999926567078
YDR254W,YNL310C,0,-8.306755,0.1046791598200798,1.0,0.8553000092506409
YJL014W,YDR110W,0,-8.307482,0.10466820001602173,1.0,0.855400025844574
YDR386W,YOL040C,0,-8.3114,0.10465724766254425,1.0,0.8554999828338623
YPR141C,YBR057C,0,-8.311712,0.10464629530906677,1.0,0.8555999994277954
YJR002W,YDR159W,0,-8.31208,0.1046353429555893,1.0,0.8557000160217285
YPR029C,YGL116W,0,-8.313749,0.10462439805269241,1.0,0.8557999730110168
YNL326C,YKL041W,0,-8.31381,0.10461345314979553,1.0,0.85589998960495
YML024W,YJL004C,0,-8.318304,0.10460250824689865,1.0,0.8560000061988831
YDR043C,YDR146C,0,-8.319031,0.10459157079458237,1.0,0.8561000227928162
YJL069C,YEL013W,0,-8.319275,0.10458063334226608,1.0,0.8561999797821045
YDR258C,YOR045W,0,-8.319317,0.1045696958899498,1.0,0.8562999963760376
YDR243C,YDR292C,0,-8.321356,0.10455875843763351,1.0,0.8564000129699707
YBR245C,YDR192C,0,-8.321872,0.10454782843589783,1.0,0.8565000295639038
YER035W,YBR121C,0,-8.322393,0.10453689843416214,1.0,0.8565999865531921
YLR394W,YAL033W,0,-8.322637,0.10452597588300705,1.0,0.8567000031471252
YDL019C,YHR030C,0,-8.323145,0.10451505333185196,1.0,0.8568000197410583
YNL142W,YMR096W,0,-8.328192,0.10450413078069687,1.0,0.8568999767303467
YNL110C,YJL010C,0,-8.333092,0.10449320822954178,1.0,0.8569999933242798
YDL051W,YOR174W,0,-8.333963,0.10448229312896729,1.0,0.8571000099182129
YBR296C,YLR337C,0,-8.334521,0.10447137802839279,1.0,0.857200026512146
YBL019W,YJR102C,0,-8.335529,0.1044604629278183,1.0,0.8572999835014343
YLR002C,YHR069C,0,-8.337823,0.1044495478272438,1.0,0.8574000000953674
YBR170C,YNL243W,0,-8.340314,0.10443864017724991,1.0,0.8575000166893005
YBR142W,YMR145C,0,-8.342148,0.10442773252725601,1.0,0.8575999736785889
YLR361C,YGL150C,0,-8.343918,0.10441683232784271,1.0,0.857699990272522
YNL236W,YLR369W,0,-8.349259,0.10440593212842941,1.0,0.8578000068664551
YHR058C,YDR195W,0,-8.349373,0.10439503192901611,1.0,0.8579000234603882
YPR052C,YPL019C,0,-8.350787,0.10438413172960281,1.0,0.8579999804496765
YNR049C,YBR127C,0,-8.352701,0.10437323898077011,1.0,0.8580999970436096
YHR119W,YDR449C,0,-8.35327,0.10436234623193741,1.0,0.8582000136375427
YPR093C,YLR039C,0,-8.354109,0.1043514534831047,1.0,0.858299970626831
YBL024W,YDL064W,0,-8.355837,0.1043405681848526,1.0,0.8583999872207642
YNL059C,YDR365C,0,-8.35738,0.1043296828866005,1.0,0.8585000038146973
YOL145C,YPL152W,0,-8.357567,0.10431879758834839,1.0,0.8586000204086304
YOR038C,YPR112C,0,-8.358294,0.10430791974067688,1.0,0.8586999773979187
YGL089C,YOR004W,0,-8.358644,0.10429703444242477,1.0,0.8587999939918518
YJL157C,YDR436W,0,-8.359398,0.10428616404533386,1.0,0.8589000105857849
YML081C-A,YGL113W,0,-8.360882,0.10427528619766235,1.0,0.859000027179718
YOL149W,YGL216W,0,-8.361145,0.10426441580057144,1.0,0.8590999841690063
YOR211C,YHR008C,0,-8.361366,0.10425354540348053,1.0,0.8592000007629395
YNL220W,YPL249C,0,-8.3615,0.10424267500638962,1.0,0.8593000173568726
YJL104W,YMR267W,0,-8.362777,0.1042318120598793,1.0,0.8593999743461609
YMR042W,YPR057W,0,-8.364086,0.10422094911336899,1.0,0.859499990940094
YBL080C,YOL113W,0,-8.365812,0.10421008616685867,1.0,0.8596000075340271
YOR098C,YOR106W,0,-8.366873,0.10419923067092896,1.0,0.8597000241279602
YPL164C,YDR228C,0,-8.367804,0.10418837517499924,1.0,0.8597999811172485
YER051W,YDR280W,0,-8.368811,0.10417751967906952,1.0,0.8598999977111816
YOR274W,YHR038W,0,-8.369696,0.1041666641831398,1.0,0.8600000143051147
YPL123C,YNL154C,0,-8.370309,0.10415581613779068,1.0,0.8600999712944031
YPL155C,YGL135W,0,-8.370514,0.10414496809244156,1.0,0.8601999878883362
YLL001W,YOL039W,0,-8.371433,0.10413412749767303,1.0,0.8603000044822693
YMR173W,YCR031C,0,-8.372456,0.10412327945232391,1.0,0.8604000210762024
YDR378C,YDR087C,0,-8.373451,0.10411243885755539,1.0,0.8604999780654907
YGL030W,YNL206C,0,-8.374716,0.10410160571336746,1.0,0.8605999946594238
YBR017C,YKR087C,0,-8.375557,0.10409076511859894,1.0,0.8607000112533569
YNL236W,YPL253C,0,-8.376044,0.10407993197441101,1.0,0.86080002784729
YJR139C,YIL110W,0,-8.377405,0.10406909883022308,1.0,0.8608999848365784
YJL026W,YIR026C,0,-8.377869,0.10405827313661575,1.0,0.8610000014305115
YDR376W,YDR532C,0,-8.38005,0.10404744744300842,1.0,0.8611000180244446
YPL051W,YHR166C,0,-8.382177,0.10403662174940109,1.0,0.8611999750137329
YDR512C,YOL051W,0,-8.383598,0.10402579605579376,1.0,0.861299991607666
YFL024C,YPR125W,0,-8.384349,0.10401497781276703,1.0,0.8614000082015991
YBR290W,YER117W,0,-8.38439,0.1040041595697403,1.0,0.8615000247955322
YNL281W,YEL017C-A,0,-8.38468,0.10399334132671356,1.0,0.8615999817848206
YGL245W,YOR208W,0,-8.385155,0.10398253053426743,1.0,0.8616999983787537
YDR140W,YLR067C,0,-8.385264,0.10397171974182129,1.0,0.8618000149726868
YJL011C,YML015C,0,-8.386152,0.10396090894937515,1.0,0.8618999719619751
YMR078C,YKL129C,0,-8.386266,0.10395010560750961,1.0,0.8619999885559082
YDL216C,YGR181W,0,-8.389971,0.10393930226564407,1.0,0.8621000051498413
YKR068C,YLR074C,0,-8.391419,0.10392849892377853,1.0,0.8622000217437744
YGR142W,YKL022C,0,-8.391438,0.103917695581913,1.0,0.8622999787330627
YPR133C,YDR463W,0,-8.392803,0.10390689969062805,1.0,0.8623999953269958
YIR013C,YAL044C,0,-8.393307,0.10389610379934311,1.0,0.862500011920929
YLL050C,YOR308C,0,-8.395417,0.10388530790805817,1.0,0.8626000285148621
YLR433C,YMR139W,0,-8.395552,0.10387451946735382,1.0,0.8626999855041504
YOR191W,YIL101C,0,-8.39594,0.10386373102664948,1.0,0.8628000020980835
YDR385W,YPL233W,0,-8.396011,0.10385294258594513,1.0,0.8629000186920166
YJL092W,YJR097W,0,-8.397365,0.10384216159582138,1.0,0.8629999756813049
YHR114W,YML024W,0,-8.397905,0.10383138060569763,1.0,0.863099992275238
YDL117W,YDR004W,0,-8.39806,0.10382059961557388,1.0,0.8632000088691711
YLR320W,YBR221C,0,-8.398264,0.10380981862545013,1.0,0.8633000254631042
YNL164C,YDL153C,0,-8.401133,0.10379904508590698,1.0,0.8633999824523926
YGR214W,YDR320C,0,-8.401927,0.10378827154636383,1.0,0.8634999990463257
YHL027W,YHR062C,0,-8.403919,0.10377749800682068,1.0,0.8636000156402588
YNR035C,YHL002W,0,-8.404465,0.10376673191785812,1.0,0.8636999726295471
YPL259C,YFL010W-A,0,-8.407854,0.10375596582889557,1.0,0.8637999892234802
YEL022W,YJL063C,0,-8.40802,0.10374519973993301,1.0,0.8639000058174133
YBR158W,YNL151C,0,-8.41111,0.10373444110155106,1.0,0.8640000224113464
YPL240C,YIL135C,0,-8.41203,0.1037236824631691,1.0,0.8640999794006348
YCR047C,YBL061C,0,-8.41213,0.10371292382478714,1.0,0.8641999959945679
YDL108W,YGR158C,0,-8.413679,0.10370216518640518,1.0,0.864300012588501
YJL073W,YPR072W,0,-8.416235,0.10369141399860382,1.0,0.8644000291824341
YLR401C,YEL019C,0,-8.417527,0.10368066281080246,1.0,0.8644999861717224
YER068W,YOR004W,0,-8.418264,0.1036699116230011,1.0,0.8646000027656555
YPR033C,YBR228W,0,-8.418764,0.10365916788578033,1.0,0.8647000193595886
YGR267C,YOR274W,0,-8.419554,0.10364842414855957,1.0,0.864799976348877
YJR064W,YDR449C,0,-8.420122,0.1036376804113388,1.0,0.8648999929428101
YBR155W,YDR443C,0,-8.422068,0.10362694412469864,1.0,0.8650000095367432
YPL256C,YMR137C,0,-8.422232,0.10361620783805847,1.0,0.8651000261306763
YDR512C,YMR183C,0,-8.422983,0.1036054715514183,1.0,0.8651999831199646
YNL094W,YPL129W,0,-8.423729,0.10359473526477814,1.0,0.8652999997138977
YMR097C,YLR045C,0,-8.424768,0.10358400642871857,1.0,0.8654000163078308
YLR449W,YOL093W,0,-8.425597,0.103573277592659,1.0,0.8654999732971191
YOL064C,YLR136C,0,-8.426056,0.10356254875659943,1.0,0.8655999898910522
YJR119C,YFR037C,0,-8.427202,0.10355182737112045,1.0,0.8657000064849854
YOR232W,YPL122C,0,-8.428918,0.10354110598564148,1.0,0.8658000230789185
YNR033W,YPR119W,0,-8.430029,0.1035303846001625,1.0,0.8658999800682068
YHR019C,YLR136C,0,-8.430627,0.10351967066526413,1.0,0.8659999966621399
YMR004W,YOR127W,0,-8.431095,0.10350895673036575,1.0,0.866100013256073
YPL267W,YGR090W,0,-8.431358,0.10349824279546738,1.0,0.8661999702453613
YDL135C,YJL192C,0,-8.431953,0.103487528860569,1.0,0.8662999868392944
YGL014W,YPL138C,0,-8.432255,0.10347682237625122,1.0,0.8664000034332275
YIL070C,YHL022C,0,-8.432264,0.10346611589193344,1.0,0.8665000200271606
YCL016C,YEL003W,0,-8.4332285,0.10345540940761566,1.0,0.866599977016449
YJR064W,YOL020W,0,-8.4339695,0.10344471037387848,1.0,0.8666999936103821
YBR057C,YIL022W,0,-8.434836,0.1034340113401413,1.0,0.8668000102043152
YDR088C,YOR172W,0,-8.435245,0.10342331230640411,1.0,0.8669000267982483
YDR277C,YMR309C,0,-8.435535,0.10341261327266693,1.0,0.8669999837875366
YER159C,YLR264W,0,-8.438,0.10340192168951035,1.0,0.8671000003814697
YOR150W,YPR100W,0,-8.438297,0.10339123010635376,1.0,0.8672000169754028
YIL115C,YNL138W,0,-8.439949,0.10338054597377777,1.0,0.8672999739646912
YOR335C,YPR046W,0,-8.446667,0.10336985439062119,1.0,0.8673999905586243
YDR364C,YFL008W,0,-8.448938,0.1033591702580452,1.0,0.8675000071525574
YOR020C,YDL040C,0,-8.449453,0.1033484935760498,1.0,0.8676000237464905
YMR231W,YCR060W,0,-8.449495,0.10333780944347382,1.0,0.8676999807357788
YKL170W,YMR091C,0,-8.450485,0.10332713276147842,1.0,0.8677999973297119
YML023C,YGL025C,0,-8.451234,0.10331645607948303,1.0,0.867900013923645
YML004C,YJL050W,0,-8.452356,0.10330578684806824,1.0,0.8679999709129333
YGL191W,YDR098C,0,-8.452872,0.10329511761665344,1.0,0.8680999875068665
YHR008C,YKL041W,0,-8.454388,0.10328444838523865,1.0,0.8682000041007996
YPR019W,YDR310C,0,-8.454629,0.10327377915382385,1.0,0.8683000206947327
YDR055W,YOR216C,0,-8.456294,0.10326311737298965,1.0,0.868399977684021
YHR005C-A,YNL047C,0,-8.456782,0.10325245559215546,1.0,0.8684999942779541
YNR058W,YDR320C,0,-8.4572735,0.10324179381132126,1.0,0.8686000108718872
YOL012C,YAL025C,0,-8.45743,0.10323113203048706,1.0,0.8687000274658203
YIL159W,YDL115C,0,-8.457655,0.10322047770023346,1.0,0.8687999844551086
YGR279C,YDR088C,0,-8.458404,0.10320982336997986,1.0,0.8689000010490417
YNL239W,YFL026W,0,-8.458604,0.10319917649030685,1.0,0.8690000176429749
YGL061C,YKR048C,0,-8.459108,0.10318852216005325,1.0,0.8690999746322632
YPL045W,YML041C,0,-8.459229,0.10317787528038025,1.0,0.8691999912261963
YIL142W,YCR060W,0,-8.460783,0.10316723585128784,1.0,0.8693000078201294
YPR190C,YDR027C,0,-8.4612055,0.10315658897161484,1.0,0.8694000244140625
YOL127W,YCR053W,0,-8.463299,0.10314594954252243,1.0,0.8694999814033508
YLR186W,YOR304W,0,-8.465242,0.10313531011343002,1.0,0.8695999979972839
YDL005C,YDL002C,0,-8.465459,0.10312467813491821,1.0,0.869700014591217
YDL155W,YFL018C,0,-8.4688835,0.1031140461564064,1.0,0.8697999715805054
YJR002W,YNL098C,0,-8.470646,0.10310341417789459,1.0,0.8698999881744385
YPR138C,YIL021W,0,-8.474949,0.10309278219938278,1.0,0.8700000047683716
YFL033C,YGR162W,0,-8.47598,0.10308215767145157,1.0,0.8701000213623047
YLR196W,YDR028C,0,-8.476444,0.10307153314352036,1.0,0.870199978351593
YER052C,YLR147C,0,-8.478085,0.10306090861558914,1.0,0.8702999949455261
YBL003C,YKR056W,0,-8.484549,0.10305029153823853,1.0,0.8704000115394592
YLL009C,YOR030W,0,-8.485086,0.10303966701030731,1.0,0.8705000281333923
YGR142W,YOL138C,0,-8.485661,0.10302905738353729,1.0,0.8705999851226807
YPR193C,YGR009C,0,-8.4864025,0.10301844030618668,1.0,0.8707000017166138
YGL180W,YKL048C,0,-8.490463,0.10300783067941666,1.0,0.8708000183105469
YNR035C,YFL014W,0,-8.49075,0.10299722105264664,1.0,0.8708999752998352
YBR278W,YER165W,0,-8.491141,0.10298661142587662,1.0,0.8709999918937683
YPR144C,YOR076C,0,-8.492142,0.1029760092496872,1.0,0.8711000084877014
YOL049W,YBR114W,0,-8.494295,0.10296540707349777,1.0,0.8712000250816345
YCL027W,YHR170W,0,-8.495766,0.10295480489730835,1.0,0.8712999820709229
YPR193C,YGL163C,0,-8.495911,0.10294420272111893,1.0,0.871399998664856
YPR093C,YHR070W,0,-8.496626,0.1029336079955101,1.0,0.8715000152587891
YDR153C,YHL024W,0,-8.496914,0.10292301326990128,1.0,0.8715999722480774
YLL043W,YLR192C,0,-8.497269,0.10291241854429245,1.0,0.8716999888420105
YBR164C,YDR258C,0,-8.49901,0.10290183126926422,1.0,0.8718000054359436
YOR367W,YDR120C,0,-8.499723,0.10289124399423599,1.0,0.8719000220298767
YLL006W,YJL056C,0,-8.500124,0.10288065671920776,1.0,0.871999979019165
YGR070W,YOR073W,0,-8.500539,0.10287007689476013,1.0,0.8720999956130981
YOR061W,YBL022C,0,-8.501238,0.1028594970703125,1.0,0.8722000122070312
YPR057W,YNR027W,0,-8.502402,0.10284891724586487,1.0,0.8723000288009644
YAL024C,YKL144C,0,-8.503391,0.10283833742141724,1.0,0.8723999857902527
YDL161W,YDR416W,0,-8.50373,0.1028277650475502,1.0,0.8725000023841858
YBL085W,YKR101W,0,-8.5039215,0.10281719267368317,1.0,0.8726000189781189
YPR008W,YLR008C,0,-8.504059,0.10280662029981613,1.0,0.8726999759674072
YDR153C,YNR006W,0,-8.505321,0.1027960553765297,1.0,0.8727999925613403
YEL060C,YDR308C,0,-8.505681,0.10278548300266266,1.0,0.8729000091552734
YKL005C,YDR363W,0,-8.5061245,0.10277492552995682,1.0,0.8730000257492065
YFL010W-A,YHR186C,0,-8.5062275,0.10276436060667038,1.0,0.8730999827384949
YNL001W,YOR033C,0,-8.50685,0.10275380313396454,1.0,0.873199999332428
YLR154C,YFL036W,0,-8.509464,0.1027432456612587,1.0,0.8733000159263611
YKR029C,YJR102C,0,-8.510073,0.10273268818855286,1.0,0.8733999729156494
YER129W,YLR086W,0,-8.510336,0.10272213816642761,1.0,0.8734999895095825
YBR153W,YKR079C,0,-8.511156,0.10271158814430237,1.0,0.8736000061035156
YBR245C,YDR369C,0,-8.512146,0.10270103812217712,1.0,0.8737000226974487
YDR075W,YJL035C,0,-8.512696,0.10269048810005188,1.0,0.8737999796867371
YDL039C,YOR367W,0,-8.515183,0.10267994552850723,1.0,0.8738999962806702
YNL133C,YKL053C-A,0,-8.516013,0.10266940295696259,1.0,0.8740000128746033
YKL191W,YKL021C,0,-8.517706,0.10265886783599854,1.0,0.8741000294685364
YGL047W,YKR057W,0,-8.518219,0.10264832526445389,1.0,0.8741999864578247
YGR145W,YMR016C,0,-8.519133,0.10263779014348984,1.0,0.8743000030517578
YMR043W,YMR139W,0,-8.519785,0.10262725502252579,1.0,0.8744000196456909
YGR070W,YOL109W,0,-8.5207,0.10261672735214233,1.0,0.8744999766349792
YER159C,YBR091C,0,-8.524417,0.10260619968175888,1.0,0.8745999932289124
YNL136W,YHL024W,0,-8.524498,0.10259567201137543,1.0,0.8747000098228455
YLL034C,YGR013W,0,-8.5252285,0.10258514434099197,1.0,0.8748000264167786
YBR247C,YIL119C,0,-8.526979,0.10257462412118912,1.0,0.8748999834060669
YBR171W,YNR015W,0,-8.527036,0.10256410390138626,1.0,0.875
YKR036C,YMR136W,0,-8.527563,0.1025535836815834,1.0,0.8751000165939331
YDL115C,YBR024W,0,-8.529124,0.10254307091236115,1.0,0.8751999735832214
YOL077W-A,YDR529C,0,-8.531054,0.10253255069255829,1.0,0.8752999901771545
YBR195C,YHR034C,0,-8.53483,0.10252204537391663,1.0,0.8754000067710876
YPL267W,YLR431C,0,-8.535849,0.10251153260469437,1.0,0.8755000233650208
YKR029C,YML064C,0,-8.536222,0.1025010272860527,1.0,0.8755999803543091
YNL102W,YHR099W,0,-8.536245,0.10249052196741104,1.0,0.8756999969482422
YJR091C,YDR140W,0,-8.536766,0.10248001664876938,1.0,0.8758000135421753
YPR094W,YPR139C,0,-8.538702,0.10246951878070831,1.0,0.8758999705314636
YGR276C,YLL002W,0,-8.539188,0.10245901346206665,1.0,0.8759999871253967
YJL187C,YHR060W,0,-8.539442,0.10244852304458618,1.0,0.8761000037193298
YPL037C,YKR057W,0,-8.539964,0.10243802517652512,1.0,0.8762000203132629
YIL110W,YDL042C,0,-8.543295,0.10242753475904465,1.0,0.8762999773025513
YKR036C,YKL172W,0,-8.546047,0.10241704434156418,1.0,0.8763999938964844
YJL112W,YNL221C,0,-8.54631,0.10240655392408371,1.0,0.8765000104904175
YNL136W,YDL223C,0,-8.549261,0.10239607095718384,1.0,0.8766000270843506
YML094W,YOL042W,0,-8.550453,0.10238558053970337,1.0,0.8766999840736389
YFR002W,YDL134C,0,-8.550497,0.1023751050233841,1.0,0.876800000667572
YDR121W,YBR195C,0,-8.550603,0.10236462205648422,1.0,0.8769000172615051
YJL124C,YOR159C,0,-8.551301,0.10235414654016495,1.0,0.8769999742507935
YER109C,YPL169C,0,-8.55158,0.10234367102384567,1.0,0.8770999908447266
YMR078C,YIL097W,0,-8.553382,0.1023331955075264,1.0,0.8772000074386597
YMR309C,YMR140W,0,-8.555611,0.10232272744178772,1.0,0.8773000240325928
YJR077C,YJL183W,0,-8.557903,0.10231225937604904,1.0,0.8773999810218811
YDR440W,YJL074C,0,-8.561258,0.10230179131031036,1.0,0.8774999976158142
YOR212W,YGR005C,0,-8.563734,0.10229132324457169,1.0,0.8776000142097473
YHR187W,YBR195C,0,-8.564339,0.1022808626294136,1.0,0.8776999711990356
YNR027W,YPL210C,0,-8.565178,0.10227040201425552,1.0,0.8777999877929688
YPR104C,YGR209C,0,-8.566341,0.10225994139909744,1.0,0.8779000043869019
YCL029C,YCR060W,0,-8.567139,0.10224948823451996,1.0,0.878000020980835
YEL018W,YHR206W,0,-8.567259,0.10223903506994247,1.0,0.8780999779701233
YKL048C,YDR240C,0,-8.567261,0.10222858190536499,1.0,0.8781999945640564
YBR081C,YIL143C,0,-8.571684,0.1022181361913681,1.0,0.8783000111579895
YDR219C,YKL056C,0,-8.572491,0.10220768302679062,1.0,0.8784000277519226
YER119C,YGR103W,0,-8.574961,0.10219723731279373,1.0,0.8784999847412109
YOL001W,YLR452C,0,-8.578133,0.10218679904937744,1.0,0.878600001335144
YBL064C,YLR055C,0,-8.58066,0.10217635333538055,1.0,0.8787000179290771
YJR153W,YNL160W,0,-8.580746,0.10216591507196426,1.0,0.8787999749183655
YGL151W,YIL167W,0,-8.582351,0.10215548425912857,1.0,0.8788999915122986
YER172C,YDR409W,0,-8.583259,0.10214504599571228,1.0,0.8790000081062317
YGL246C,YDR450W,0,-8.583996,0.10213461518287659,1.0,0.8791000247001648
YLL021W,YGR020C,0,-8.585194,0.1021241843700409,1.0,0.8791999816894531
YDR099W,YIL128W,0,-8.591166,0.1021137535572052,1.0,0.8792999982833862
YLR009W,YMR061W,0,-8.591713,0.1021033301949501,1.0,0.8794000148773193
YDR017C,YKR002W,0,-8.592918,0.10209290683269501,1.0,0.8794999718666077
YMR145C,YLR254C,0,-8.593389,0.10208248347043991,1.0,0.8795999884605408
YGR152C,YOL034W,0,-8.594992,0.10207206010818481,1.0,0.8797000050544739
YDL108W,YDR484W,0,-8.596657,0.10206164419651031,1.0,0.879800021648407
YPL012W,YER019C-A,0,-8.59982,0.10205122828483582,1.0,0.8798999786376953
YMR058W,YOR038C,0,-8.6,0.10204081982374191,1.0,0.8799999952316284
YER159C,YPL112C,0,-8.601012,0.10203040391206741,1.0,0.8801000118255615
YLR429W,YLR033W,0,-8.601226,0.10201999545097351,1.0,0.8802000284194946
YOL115W,YPL012W,0,-8.605113,0.10200958698987961,1.0,0.880299985408783
YDR523C,YMR077C,0,-8.609612,0.1019991859793663,1.0,0.8804000020027161
YOL003C,YER019C-A,0,-8.610933,0.1019887775182724,1.0,0.8805000185966492
YPL040C,YIL038C,0,-8.615266,0.10197838395833969,1.0,0.8805999755859375
YLR192C,YJL208C,0,-8.616795,0.10196798294782639,1.0,0.8806999921798706
YEL015W,YKR081C,0,-8.619736,0.10195758193731308,1.0,0.8808000087738037
YPR049C,YNL102W,0,-8.620001,0.10194718837738037,1.0,0.8809000253677368
YIL132C,YOL076W,0,-8.621648,0.10193680226802826,1.0,0.8809999823570251
YLR051C,YLR033W,0,-8.622322,0.10192640870809555,1.0,0.8810999989509583
YGL089C,YKR062W,0,-8.624008,0.10191602259874344,1.0,0.8812000155448914
YLR138W,YNL160W,0,-8.625227,0.10190563648939133,1.0,0.8812999725341797
YMR014W,YOR159C,0,-8.625568,0.10189525038003922,1.0,0.8813999891281128
YJL005W,YJL053W,0,-8.628368,0.1018848717212677,1.0,0.8815000057220459
YJR135C,YCR084C,0,-8.628637,0.10187449306249619,1.0,0.881600022315979
YLR129W,YDR440W,0,-8.62898,0.10186411440372467,1.0,0.8816999793052673
YDR167W,YPL139C,0,-8.629421,0.10185373574495316,1.0,0.8817999958992004
YMR167W,YCL010C,0,-8.62945,0.10184336453676224,1.0,0.8819000124931335
YCR027C,YKL041W,0,-8.63003,0.10183299332857132,1.0,0.8820000290870667
YGL216W,YLR138W,0,-8.630215,0.1018226221203804,1.0,0.882099986076355
YAL041W,YLR425W,0,-8.632622,0.10181225836277008,1.0,0.8822000026702881
YNL004W,YKL205W,0,-8.633034,0.10180189460515976,1.0,0.8823000192642212
YML015C,YNR039C,0,-8.633056,0.10179153084754944,1.0,0.8823999762535095
YLR335W,YER012W,0,-8.633123,0.10178116708993912,1.0,0.8824999928474426
YOL117W,YMR229C,0,-8.633188,0.1017708107829094,1.0,0.8826000094413757
YLR411W,YLR222C,0,-8.633966,0.10176045447587967,1.0,0.8827000260353088
YBR155W,YCL051W,0,-8.636823,0.10175009816884995,1.0,0.8827999830245972
YLR288C,YGL211W,0,-8.638637,0.10173974931240082,1.0,0.8828999996185303
YOR351C,YOL034W,0,-8.644839,0.10172940045595169,1.0,0.8830000162124634
YGL120C,YLL041C,0,-8.6458435,0.10171905159950256,1.0,0.8830999732017517
YDR211W,YGL171W,0,-8.646639,0.10170870274305344,1.0,0.8831999897956848
YMR250W,YBR060C,0,-8.649147,0.1016983613371849,1.0,0.8833000063896179
YBL008W,YHR148W,0,-8.649965,0.10168801993131638,1.0,0.883400022983551
YJR158W,YKL086W,0,-8.650484,0.10167767852544785,1.0,0.8834999799728394
YPL046C,YHR056C,0,-8.65108,0.10166734457015991,1.0,0.8835999965667725
YJR006W,YDR490C,0,-8.651329,0.10165701061487198,1.0,0.8837000131607056
YLR370C,YGL044C,0,-8.652088,0.10164667665958405,1.0,0.8838000297546387
YGL067W,YDR228C,0,-8.652699,0.10163634270429611,1.0,0.883899986743927
YEL022W,YIL112W,0,-8.6558895,0.10162601619958878,1.0,0.8840000033378601
YHR191C,YMR091C,0,-8.657354,0.10161568969488144,1.0,0.8841000199317932
YOL013C,YJR046W,0,-8.657774,0.1016053631901741,1.0,0.8841999769210815
YDR356W,YLR410W,0,-8.65837,0.10159504413604736,1.0,0.8842999935150146
YOR020C,YBR195C,0,-8.6583805,0.10158472508192062,1.0,0.8844000101089478
YPL096W,YLL011W,0,-8.658678,0.10157440602779388,1.0,0.8845000267028809
YJR065C,YJR097W,0,-8.659605,0.10156408697366714,1.0,0.8845999836921692
YDL102W,YOR074C,0,-8.659935,0.101553775370121,1.0,0.8847000002861023
YHR170W,YOL121C,0,-8.660463,0.10154346376657486,1.0,0.8848000168800354
YMR301C,YDR416W,0,-8.661121,0.10153315216302872,1.0,0.8848999738693237
YDL153C,YBR077C,0,-8.661203,0.10152284055948257,1.0,0.8849999904632568
YDL108W,YER012W,0,-8.66431,0.10151253640651703,1.0,0.8851000070571899
YPR171W,YKR082W,0,-8.668486,0.10150223225355148,1.0,0.885200023651123
YOR048C,YJR068W,0,-8.6689415,0.10149192810058594,1.0,0.8852999806404114
YDL150W,YOR140W,0,-8.669123,0.10148163139820099,1.0,0.8853999972343445
YDL102W,YLR285W,0,-8.669125,0.10147133469581604,1.0,0.8855000138282776
YDR288W,YOR373W,0,-8.670268,0.10146103799343109,1.0,0.8855999708175659
YBL078C,YDR427W,0,-8.670999,0.10145074874162674,1.0,0.885699987411499
YMR139W,YJL074C,0,-8.673182,0.10144045203924179,1.0,0.8858000040054321
YDL197C,YLR003C,0,-8.673241,0.10143016278743744,1.0,0.8859000205993652
YIL010W,YKL041W,0,-8.675423,0.10141988098621368,1.0,0.8859999775886536
YML015C,YIL063C,0,-8.679104,0.10140959173440933,1.0,0.8860999941825867
YOR144C,YJL141C,0,-8.679955,0.10139930993318558,1.0,0.8862000107765198
YLR015W,YER159C,0,-8.681675,0.10138902813196182,1.0,0.8863000273704529
YOR236W,YDL108W,0,-8.682559,0.10137875378131866,1.0,0.8863999843597412
YOL076W,YGL169W,0,-8.68258,0.10136847198009491,1.0,0.8865000009536743
YLR340W,YDL120W,0,-8.683551,0.10135819762945175,1.0,0.8866000175476074
YER036C,YCL033C,0,-8.68365,0.10134793072938919,1.0,0.8866999745368958
YGR088W,YDL098C,0,-8.684769,0.10133765637874603,1.0,0.8867999911308289
YDR265W,YOL124C,0,-8.684823,0.10132738947868347,1.0,0.886900007724762
YIL013C,YBR082C,0,-8.685411,0.10131712257862091,1.0,0.8870000243186951
YCL029C,YPR162C,0,-8.688586,0.10130685567855835,1.0,0.8870999813079834
YPL208W,YFL038C,0,-8.68866,0.10129659622907639,1.0,0.8871999979019165
YIL103W,YDL207W,0,-8.690521,0.10128633677959442,1.0,0.8873000144958496
YLR117C,YIL101C,0,-8.692228,0.10127607733011246,1.0,0.8873999714851379
YOR023C,YLR451W,0,-8.693426,0.10126582533121109,1.0,0.887499988079071
YJR002W,YDR045C,0,-8.696883,0.10125556588172913,1.0,0.8876000046730042
YGL216W,YFR002W,0,-8.697627,0.10124531388282776,1.0,0.8877000212669373
YGR014W,YAL033W,0,-8.6977005,0.10123506933450699,1.0,0.8877999782562256
YOR236W,YDR238C,0,-8.697716,0.10122481733560562,1.0,0.8878999948501587
YLR196W,YMR234W,0,-8.698184,0.10121457278728485,1.0,0.8880000114440918
YFL057C,YMR096W,0,-8.700617,0.10120432823896408,1.0,0.8881000280380249
YNL326C,YBR156C,0,-8.701443,0.10119409114122391,1.0,0.8881999850273132
YNL023C,YNL090W,0,-8.703532,0.10118385404348373,1.0,0.8883000016212463
YPL051W,YJL186W,0,-8.705199,0.10117361694574356,1.0,0.8884000182151794
YOR265W,YLL034C,0,-8.706087,0.10116337984800339,1.0,0.8884999752044678
YHL002W,YLR316C,0,-8.706509,0.10115314275026321,1.0,0.8885999917984009
YOR147W,YBR152W,0,-8.708896,0.10114291310310364,1.0,0.888700008392334
YGR116W,YCR042C,0,-8.708956,0.10113268345594406,1.0,0.8888000249862671
YIR012W,YBR082C,0,-8.709719,0.10112246125936508,1.0,0.8888999819755554
YLR433C,YGR094W,0,-8.714282,0.1011122316122055,1.0,0.8889999985694885
YNL071W,YDR201W,0,-8.715249,0.10110200941562653,1.0,0.8891000151634216
YNL258C,YKL117W,0,-8.717089,0.10109179466962814,1.0,0.88919997215271
YFL016C,YER028C,0,-8.717333,0.10108157247304916,1.0,0.8892999887466431
YOR355W,YJL179W,0,-8.717691,0.10107135772705078,1.0,0.8894000053405762
YBR237W,YOR073W,0,-8.718197,0.1010611429810524,1.0,0.8895000219345093
YNL331C,YGL113W,0,-8.724225,0.10105092823505402,1.0,0.8895999789237976
YNL091W,YFL008W,0,-8.72775,0.10104072093963623,1.0,0.8896999955177307
YGR171C,YGR280C,0,-8.728449,0.10103051364421844,1.0,0.8898000121116638
YML086C,YOR372C,0,-8.730116,0.10102030634880066,1.0,0.8899000287055969
YNL068C,YLR154C,0,-8.741766,0.10101009905338287,1.0,0.8899999856948853
YFL049W,YGR241C,0,-8.742286,0.10099989920854568,1.0,0.8901000022888184
YPL106C,YDR103W,0,-8.743486,0.1009896993637085,1.0,0.8902000188827515
YGR095C,YJR104C,0,-8.743698,0.10097949951887131,1.0,0.8902999758720398
YCR047C,YLR342W,0,-8.744261,0.10096930712461472,1.0,0.8903999924659729
YHR019C,YNL302C,0,-8.746378,0.10095911473035812,1.0,0.890500009059906
YDL106C,YLL011W,0,-8.746494,0.10094892233610153,1.0,0.8906000256538391
YCL024W,YNL248C,0,-8.746756,0.10093872994184494,1.0,0.8906999826431274
YDL130W-A,YDR453C,0,-8.748158,0.10092854499816895,1.0,0.8907999992370605
YKR101W,YPL144W,0,-8.750138,0.10091836005449295,1.0,0.8909000158309937
YOR061W,YJL034W,0,-8.750524,0.10090817511081696,1.0,0.890999972820282
YOL111C,YIL075C,0,-8.751923,0.10089799016714096,1.0,0.8910999894142151
YJR053W,YOR372C,0,-8.753347,0.10088781267404556,1.0,0.8912000060081482
YFL022C,YEL019C,0,-8.755453,0.10087763518095016,1.0,0.8913000226020813
YPL140C,YJL019W,0,-8.758176,0.10086745768785477,1.0,0.8913999795913696
YOL133W,YOR106W,0,-8.758806,0.10085728764533997,1.0,0.8914999961853027
YLR291C,YOL148C,0,-8.761833,0.10084711760282516,1.0,0.8916000127792358
YBR114W,YHR163W,0,-8.76749,0.10083694756031036,1.0,0.891700029373169
YJR158W,YHR066W,0,-8.768735,0.10082677751779556,1.0,0.8917999863624573
YLL019C,YFR029W,0,-8.770294,0.10081661492586136,1.0,0.8919000029563904
YHL047C,YKR050W,0,-8.771027,0.10080645233392715,1.0,0.8920000195503235
YOR074C,YPR104C,0,-8.772602,0.10079628974199295,1.0,0.8920999765396118
YNL151C,YPL007C,0,-8.773363,0.10078613460063934,1.0,0.8921999931335449
YOR153W,YOR212W,0,-8.778118,0.10077597200870514,1.0,0.892300009727478
YBR185C,YIL167W,0,-8.778289,0.10076581686735153,1.0,0.8924000263214111
YOL133W,YOL039W,0,-8.778329,0.10075566917657852,1.0,0.8924999833106995
YKL011C,YGR081C,0,-8.779145,0.10074551403522491,1.0,0.8925999999046326
YDR385W,YJR118C,0,-8.780452,0.1007353663444519,1.0,0.8927000164985657
YPL012W,YIL101C,0,-8.782138,0.1007252186536789,1.0,0.892799973487854
YKR068C,YLR398C,0,-8.783796,0.10071507841348648,1.0,0.8928999900817871
YGL136C,YAR002W,0,-8.7861595,0.10070493817329407,1.0,0.8930000066757202
YNR015W,YIL063C,0,-8.787506,0.10069479048252106,1.0,0.8931000232696533
YHR178W,YPL139C,0,-8.789345,0.10068465769290924,1.0,0.8931999802589417
YHR118C,YNL209W,0,-8.7906475,0.10067451745271683,1.0,0.8932999968528748
YDR524C,YOR265W,0,-8.79068,0.10066438466310501,1.0,0.8934000134468079
YGR159C,YOR045W,0,-8.793514,0.1006542518734932,1.0,0.8934999704360962
YIL022W,YPR139C,0,-8.800483,0.10064411908388138,1.0,0.8935999870300293
YCR010C,YPR154W,0,-8.802339,0.10063399374485016,1.0,0.8937000036239624
YIL036W,YBR195C,0,-8.80245,0.10062386840581894,1.0,0.8938000202178955
YOR113W,YJL085W,0,-8.803554,0.10061374306678772,1.0,0.8938999772071838
YIR010W,YOR063W,0,-8.803597,0.1006036251783371,1.0,0.8939999938011169
YJR082C,YML061C,0,-8.805206,0.10059349983930588,1.0,0.89410001039505
YPL194W,YDR424C,0,-8.806747,0.10058338195085526,1.0,0.8942000269889832
YJL085W,YGR231C,0,-8.807451,0.10057326406240463,1.0,0.8942999839782715
YNL001W,YER006W,0,-8.810198,0.1005631536245346,1.0,0.8944000005722046
YKR061W,YML093W,0,-8.810457,0.10055304318666458,1.0,0.8945000171661377
YHR065C,YER104W,0,-8.813202,0.10054293274879456,1.0,0.894599974155426
YAL012W,YFL033C,0,-8.81448,0.10053282231092453,1.0,0.8946999907493591
YML060W,YDL060W,0,-8.817512,0.1005227193236351,1.0,0.8948000073432922
YMR048W,YGL016W,0,-8.81827,0.10051261633634567,1.0,0.8949000239372253
YDR160W,YKL041W,0,-8.818695,0.10050251334905624,1.0,0.8949999809265137
YOR112W,YNL298W,0,-8.82589,0.10049241036176682,1.0,0.8950999975204468
YDR276C,YDR412W,0,-8.829046,0.10048231482505798,1.0,0.8952000141143799
YGR158C,YPR139C,0,-8.829586,0.10047221928834915,1.0,0.8952999711036682
YLL019C,YFL017W-A,0,-8.830978,0.10046212375164032,1.0,0.8953999876976013
YBR245C,YKL045W,0,-8.832427,0.10045203566551208,1.0,0.8955000042915344
YJL030W,YOL116W,0,-8.832627,0.10044194757938385,1.0,0.8956000208854675
YJL127C,YJR156C,0,-8.83554,0.10043185949325562,1.0,0.8956999778747559
YDR211W,YHR205W,0,-8.837065,0.10042177140712738,1.0,0.895799994468689
YPR133C,YDR177W,0,-8.837997,0.10041169077157974,1.0,0.8959000110626221
YGL194C,YGR104C,0,-8.838373,0.1004016101360321,1.0,0.8960000276565552
YMR135C,YGL216W,0,-8.838995,0.10039152950048447,1.0,0.8960999846458435
YER053C,YPR125W,0,-8.839272,0.10038144886493683,1.0,0.8962000012397766
YOR098C,YJL011C,0,-8.840829,0.10037137567996979,1.0,0.8963000178337097
YLR009W,YMR229C,0,-8.840912,0.10036130249500275,1.0,0.896399974822998
YPL174C,YML073C,0,-8.841026,0.1003512293100357,1.0,0.8964999914169312
YCR047C,YOL054W,0,-8.841394,0.10034116357564926,1.0,0.8966000080108643
YLR304C,YNL112W,0,-8.842977,0.10033109039068222,1.0,0.8967000246047974
YML086C,YLL011W,0,-8.842993,0.10032102465629578,1.0,0.8967999815940857
YMR167W,YJL176C,0,-8.843053,0.10031096637248993,1.0,0.8968999981880188
YGR132C,YDR120C,0,-8.844157,0.10030090063810349,1.0,0.8970000147819519
YOR241W,YPL047W,0,-8.844391,0.10029084235429764,1.0,0.8970999717712402
YIL040W,YIR037W,0,-8.845852,0.10028078407049179,1.0,0.8971999883651733
YGR258C,YJR102C,0,-8.847259,0.10027073323726654,1.0,0.8973000049591064
YLR405W,YIL143C,0,-8.851147,0.1002606749534607,1.0,0.8974000215530396
YML012W,YBL008W,0,-8.852899,0.10025062412023544,1.0,0.8974999785423279
YNL133C,YDL120W,0,-8.853484,0.10024058073759079,1.0,0.897599995136261
YNL001W,YBR024W,0,-8.854609,0.10023052990436554,1.0,0.8977000117301941
YOR145C,YNL032W,0,-8.854826,0.10022048652172089,1.0,0.8978000283241272
YDR420W,YEL053C,0,-8.856654,0.10021044313907623,1.0,0.8978999853134155
YPR017C,YDL042C,0,-8.860666,0.10020039975643158,1.0,0.8980000019073486
YDR432W,YDR146C,0,-8.8630295,0.10019036382436752,1.0,0.8981000185012817
YJR022W,YLR196W,0,-8.8643465,0.10018032789230347,1.0,0.8981999754905701
YEL030W,YFL014W,0,-8.866217,0.10017029196023941,1.0,0.8982999920845032
YOR386W,YGL163C,0,-8.8670435,0.10016025602817535,1.0,0.8984000086784363
YPR070W,YDR057W,0,-8.869577,0.1001502275466919,1.0,0.8985000252723694
YBR221C,YIL144W,0,-8.87089,0.10014019906520844,1.0,0.8985999822616577
YOR005C,YDR202C,0,-8.871993,0.10013017058372498,1.0,0.8986999988555908
YPR162C,YLR221C,0,-8.872301,0.10012014210224152,1.0,0.8988000154495239
YAL011W,YML038C,0,-8.873203,0.10011012107133865,1.0,0.8988999724388123
YPR133C,YHR106W,0,-8.87365,0.10010010004043579,1.0,0.8989999890327454
YDL209C,YML064C,0,-8.874252,0.10009007900953293,1.0,0.8991000056266785
YGR220C,YBL050W,0,-8.874491,0.10008006542921066,1.0,0.8992000222206116
YOL095C,YDR088C,0,-8.876936,0.1000700518488884,1.0,0.8992999792098999
YOR098C,YLL011W,0,-8.879529,0.10006003826856613,1.0,0.899399995803833
YMR264W,YDR171W,0,-8.879669,0.10005002468824387,1.0,0.8995000123977661
YIR010W,YHR088W,0,-8.879825,0.1000400185585022,1.0,0.8996000289916992
YJL053W,YOR191W,0,-8.881628,0.10003001242876053,1.0,0.8996999859809875
YKL093W,YGL244W,0,-8.882334,0.10002000629901886,1.0,0.8998000025749207
YDL003W,YBL057C,0,-8.882412,0.10001000016927719,1.0,0.8999000191688538
YLR068W,YDR057W,0,-8.882572,0.10000000149011612,1.0,0.8999999761581421
YHR065C,YBR103W,0,-8.88266,0.09999000281095505,1.0,0.9000999927520752
YJL184W,YIR009W,0,-8.883734,0.09998000413179398,1.0,0.9002000093460083
YIL036W,YOL021C,0,-8.883863,0.0999700054526329,1.0,0.9003000259399414
YDR083W,YBR118W,0,-8.8849945,0.09996001422405243,1.0,0.9003999829292297
YLR117C,YKR028W,0,-8.885145,0.09995002299547195,1.0,0.9004999995231628
YGL086W,YHR163W,0,-8.88555,0.09994003921747208,1.0,0.900600016117096
YBR244W,YKL018W,0,-8.888084,0.0999300479888916,1.0,0.9006999731063843
YDL175C,YJL179W,0,-8.888368,0.09992006421089172,1.0,0.9007999897003174
YML113W,YMR091C,0,-8.888506,0.09991008043289185,1.0,0.9009000062942505
YBL078C,YDR398W,0,-8.888708,0.09990009665489197,1.0,0.9010000228881836
YMR311C,YPL029W,0,-8.889105,0.09989012032747269,1.0,0.9010999798774719
YDL043C,YBR081C,0,-8.890356,0.0998801440000534,1.0,0.901199996471405
YMR037C,YHR088W,0,-8.891211,0.09987016767263412,1.0,0.9013000130653381
YOL149W,YML051W,0,-8.89227,0.09986019879579544,1.0,0.9014000296592712
YML094W,YHR154W,0,-8.895364,0.09985022246837616,1.0,0.9014999866485596
YER006W,YDL106C,0,-8.901302,0.09984025359153748,1.0,0.9016000032424927
YLR270W,YBR123C,0,-8.901949,0.09983029216527939,1.0,0.9017000198364258
YBR211C,YGR116W,0,-8.902679,0.0998203232884407,1.0,0.9017999768257141
YOL095C,YML124C,0,-8.903937,0.09981036186218262,1.0,0.9018999934196472
YBR059C,YKR063C,0,-8.90567,0.09980040043592453,1.0,0.9020000100135803
YLR110C,YHR187W,0,-8.906773,0.09979043900966644,1.0,0.9021000266075134
YGR132C,YOR272W,0,-8.906876,0.09978048503398895,1.0,0.9021999835968018
YDR052C,YCL043C,0,-8.907489,0.09977053105831146,1.0,0.9023000001907349
YFL002C,YJL054W,0,-8.907646,0.09976057708263397,1.0,0.902400016784668
YLR074C,YPL218W,0,-8.907864,0.09975062310695648,1.0,0.9024999737739563
YCL024W,YBR087W,0,-8.909517,0.09974067658185959,1.0,0.9025999903678894
YPR133C,YKL035W,0,-8.912098,0.0997307300567627,1.0,0.9027000069618225
YNL207W,YHR088W,0,-8.912878,0.0997207835316658,1.0,0.9028000235557556
YOR216C,YJL109C,0,-8.913336,0.09971083700656891,1.0,0.902899980545044
YER068W,YBR283C,0,-8.91435,0.09970089793205261,1.0,0.902999997138977
YHR203C,YDR092W,0,-8.915219,0.09969095885753632,1.0,0.9031000137329102
YGR200C,YLR249W,0,-8.915938,0.09968101978302002,1.0,0.9031999707221985
YER162C,YJR068W,0,-8.917554,0.09967108815908432,1.0,0.9032999873161316
YEL060C,YIL008W,0,-8.9184475,0.09966114908456802,1.0,0.9034000039100647
YOR260W,YMR004W,0,-8.918678,0.09965121746063232,1.0,0.9035000205039978
YGL027C,YIR025W,0,-8.918894,0.09964129328727722,1.0,0.9035999774932861
YBR106W,YNL151C,0,-8.919403,0.09963136166334152,1.0,0.9036999940872192
YPR175W,YPR133C,0,-8.919662,0.09962143748998642,1.0,0.9038000106811523
YHR148W,YDL153C,0,-8.919971,0.09961151331663132,1.0,0.9039000272750854
YNR023W,YGR162W,0,-8.922965,0.09960159659385681,1.0,0.9039999842643738
YHL036W,YOR064C,0,-8.925335,0.09959167242050171,1.0,0.9041000008583069
YOR310C,YOL028C,0,-8.927144,0.0995817556977272,1.0,0.90420001745224
YOR122C,YDR372C,0,-8.928555,0.0995718389749527,1.0,0.9042999744415283
YKR076W,YDR494W,0,-8.938518,0.09956192970275879,1.0,0.9043999910354614
YHR053C,YPL129W,0,-8.941516,0.09955201297998428,1.0,0.9045000076293945
YDR176W,YDL170W,0,-8.942959,0.09954210370779037,1.0,0.9046000242233276
YDL051W,YLR396C,0,-8.943129,0.09953220188617706,1.0,0.904699981212616
YDL024C,YOL116W,0,-8.943296,0.09952229261398315,1.0,0.9047999978065491
YLL009C,YGR080W,0,-8.943591,0.09951239079236984,1.0,0.9049000144004822
YNL259C,YNL292W,0,-8.943598,0.09950248897075653,1.0,0.9049999713897705
YBL079W,YMR183C,0,-8.946487,0.09949258714914322,1.0,0.9050999879837036
YJR064W,YPR094W,0,-8.947023,0.0994826927781105,1.0,0.9052000045776367
YPL115C,YHR119W,0,-8.949034,0.09947279095649719,1.0,0.9053000211715698
YOL043C,YAL033W,0,-8.951195,0.09946290403604507,1.0,0.9053999781608582
YFR002W,YOR266W,0,-8.951466,0.09945300966501236,1.0,0.9054999947547913
YIL026C,YFL060C,0,-8.952387,0.09944311529397964,1.0,0.9056000113487244
YGL044C,YGL113W,0,-8.956354,0.09943322837352753,1.0,0.9057000279426575
YJR090C,YBL033C,0,-8.957653,0.09942334145307541,1.0,0.9057999849319458
YPR141C,YER006W,0,-8.958242,0.09941346198320389,1.0,0.9059000015258789
YOR004W,YIL063C,0,-8.95858,0.09940357506275177,1.0,0.906000018119812
YDR375C,YLL036C,0,-8.960636,0.09939369559288025,1.0,0.9060999751091003
YHR066W,YJL056C,0,-8.961126,0.09938382357358932,1.0,0.9061999917030334
YDR110W,YLR254C,0,-8.968025,0.0993739441037178,1.0,0.9063000082969666
YMR268C,YMR095C,0,-8.971874,0.09936407208442688,1.0,0.9064000248908997
YKL040C,YML041C,0,-8.972349,0.09935420006513596,1.0,0.906499981880188
YDL020C,YDR412W,0,-8.973085,0.09934432804584503,1.0,0.9065999984741211
YOL115W,YLR059C,0,-8.9742155,0.09933445602655411,1.0,0.9067000150680542
YAL041W,YPR006C,0,-8.975128,0.09932459145784378,1.0,0.9067999720573425
YMR225C,YBL105C,0,-8.975685,0.09931472688913345,1.0,0.9068999886512756
YEL026W,YKL119C,0,-8.976296,0.09930486232042313,1.0,0.9070000052452087
YLR015W,YDR372C,0,-8.977527,0.0992950052022934,1.0,0.9071000218391418
YDL007W,YOR159C,0,-8.978004,0.09928514808416367,1.0,0.9071999788284302
YDR054C,YMR172W,0,-8.978245,0.09927529096603394,1.0,0.9072999954223633
YPL217C,YOR151C,0,-8.98393,0.0992654338479042,1.0,0.9074000120162964
YKL193C,YGR090W,0,-8.986937,0.09925558418035507,1.0,0.9075000286102295
YFR053C,YDR429C,0,-8.989399,0.09924573451280594,1.0,0.9075999855995178
YDR101C,YHR114W,0,-8.990925,0.0992358848452568,1.0,0.9077000021934509
YJR045C,YLR425W,0,-8.992266,0.09922603517770767,1.0,0.907800018787384
YDL145C,YNL304W,0,-8.992687,0.09921619296073914,1.0,0.9078999757766724
YGL136C,YML011C,0,-8.992761,0.0992063507437706,1.0,0.9079999923706055
YPL040C,YPL106C,0,-8.995708,0.09919650852680206,1.0,0.9081000089645386
YGL021W,YLR110C,0,-8.996978,0.09918666630983353,1.0,0.9082000255584717
YOR335C,YDR439W,0,-8.997075,0.09917683154344559,1.0,0.90829998254776
YJL063C,YMR061W,0,-9.000526,0.09916699677705765,1.0,0.9083999991416931
YFR046C,YIR017C,0,-9.001068,0.09915716201066971,1.0,0.9085000157356262
YGR258C,YJL054W,0,-9.0016165,0.09914733469486237,1.0,0.9085999727249146
YNL027W,YML113W,0,-9.0021515,0.09913750737905502,1.0,0.9086999893188477
YGL086W,YBR091C,0,-9.002541,0.09912768006324768,1.0,0.9088000059127808
YDR283C,YJR068W,0,-9.002615,0.09911785274744034,1.0,0.9089000225067139
YGL111W,YMR266W,0,-9.004124,0.099108025431633,1.0,0.9089999794960022
YMR225C,YPL144W,0,-9.005071,0.09909820556640625,1.0,0.9090999960899353
YFR009W,YKR048C,0,-9.005098,0.0990883857011795,1.0,0.9092000126838684
YML129C,YJL005W,0,-9.007393,0.09907856583595276,1.0,0.9093000292778015
YFL024C,YKL085W,0,-9.010687,0.09906875342130661,1.0,0.9093999862670898
YPL101W,YBR095C,0,-9.016626,0.09905894100666046,1.0,0.909500002861023
YOR057W,YBR126C,0,-9.019915,0.09904912859201431,1.0,0.909600019454956
YDL006W,YKR090W,0,-9.02008,0.09903931617736816,1.0,0.9096999764442444
YGR086C,YNL253W,0,-9.021492,0.09902951121330261,1.0,0.9097999930381775
YCL016C,YJL208C,0,-9.0242815,0.09901970624923706,1.0,0.9099000096321106
YCL014W,YNL119W,0,-9.025407,0.09900990128517151,1.0,0.9100000262260437
YKL178C,YPR024W,0,-9.026806,0.09900009632110596,1.0,0.910099983215332
YMR112C,YHR012W,0,-9.027281,0.098990298807621,1.0,0.9101999998092651
YDL087C,YHL036W,0,-9.027428,0.09898050129413605,1.0,0.9103000164031982
YLR060W,YFL008W,0,-9.028866,0.09897070378065109,1.0,0.9103999733924866
YHL002W,YDL065C,0,-9.031086,0.09896091371774673,1.0,0.9104999899864197
YPL228W,YKL056C,0,-9.032717,0.09895111620426178,1.0,0.9106000065803528
YOL076W,YPR112C,0,-9.033582,0.09894132614135742,1.0,0.9107000231742859
YDR086C,YPL063W,0,-9.03498,0.09893153607845306,1.0,0.9107999801635742
YDR165W,YML085C,0,-9.035033,0.0989217534661293,1.0,0.9108999967575073
YIL026C,YER022W,0,-9.036779,0.09891197085380554,1.0,0.9110000133514404
YLL036C,YBR126C,0,-9.037876,0.09890218824148178,1.0,0.9110999703407288
YAR014C,YML064C,0,-9.040183,0.09889240562915802,1.0,0.9111999869346619
YIL079C,YBR221C,0,-9.041269,0.09888262301683426,1.0,0.911300003528595
YMR025W,YGR013W,0,-9.048464,0.0988728478550911,1.0,0.9114000201225281
YLR270W,YJL092W,0,-9.049362,0.09886307269334793,1.0,0.9114999771118164
YKL110C,YDR097C,0,-9.049403,0.09885330498218536,1.0,0.9115999937057495
YDR339C,YBR118W,0,-9.049834,0.0988435298204422,1.0,0.9117000102996826
YGL089C,YBL102W,0,-9.050123,0.09883376210927963,1.0,0.9118000268936157
YBR072W,YOR191W,0,-9.052055,0.09882399439811707,1.0,0.911899983882904
YPL132W,YFL014W,0,-9.054407,0.0988142266869545,1.0,0.9120000004768372
YDL005C,YLL061W,0,-9.055785,0.09880446642637253,1.0,0.9121000170707703
YPR057W,YLR424W,0,-9.055803,0.09879470616579056,1.0,0.9121999740600586
YKR082W,YLR409C,0,-9.059193,0.09878494590520859,1.0,0.9122999906539917
YIL139C,YDL150W,0,-9.059321,0.09877518564462662,1.0,0.9124000072479248
YPR020W,YPL240C,0,-9.061672,0.09876543283462524,1.0,0.9125000238418579
YLR129W,YIL026C,0,-9.062727,0.09875568002462387,1.0,0.9125999808311462
YHR058C,YCR033W,0,-9.063424,0.0987459272146225,1.0,0.9126999974250793
YDR511W,YNL064C,0,-9.064039,0.09873617440462112,1.0,0.9128000140190125
YNL153C,YHR148W,0,-9.067293,0.09872642904520035,1.0,0.9128999710083008
YLR016C,YKL056C,0,-9.068567,0.09871668368577957,1.0,0.9129999876022339
YCL066W,YDR043C,0,-9.068661,0.0987069383263588,1.0,0.913100004196167
YOL100W,YLL002W,0,-9.072536,0.09869720041751862,1.0,0.9132000207901001
YGL238W,YLL002W,0,-9.073551,0.09868745505809784,1.0,0.9132999777793884
YIL079C,YLR246W,0,-9.074511,0.09867771714925766,1.0,0.9133999943733215
YLR117C,YPR188C,0,-9.075081,0.09866797924041748,1.0,0.9135000109672546
YLR009W,YOR045W,0,-9.075525,0.0986582487821579,1.0,0.9136000275611877
YGR142W,YGR094W,0,-9.077953,0.09864851832389832,1.0,0.9136999845504761
YDL236W,YBL022C,0,-9.078103,0.09863878786563873,1.0,0.9138000011444092
YDL099W,YAL012W,0,-9.079472,0.09862905740737915,1.0,0.9139000177383423
YOR249C,YJL110C,0,-9.083645,0.09861932694911957,1.0,0.9139999747276306
YPR119W,YIR026C,0,-9.087323,0.09860960394144058,1.0,0.9140999913215637
YPL040C,YDR004W,0,-9.088383,0.0985998809337616,1.0,0.9142000079154968
YMR250W,YNL309W,0,-9.088842,0.09859015792608261,1.0,0.9143000245094299
YDR328C,YDR207C,0,-9.089333,0.09858044236898422,1.0,0.9143999814987183
YAL059W,YOL115W,0,-9.091175,0.09857072681188583,1.0,0.9144999980926514
YLR324W,YDR312W,0,-9.092207,0.09856101125478745,1.0,0.9146000146865845
YDR450W,YNR031C,0,-9.093397,0.09855129569768906,1.0,0.9146999716758728
YFL016C,YCR060W,0,-9.094147,0.09854158759117126,1.0,0.9147999882698059
YLR276C,YCL066W,0,-9.094848,0.09853187203407288,1.0,0.914900004863739
YER119C,YKL018W,0,-9.094997,0.09852216392755508,1.0,0.9150000214576721
YNL182C,YOR147W,0,-9.095716,0.09851246327161789,1.0,0.9150999784469604
YHR034C,YBR276C,0,-9.096634,0.0985027551651001,1.0,0.9151999950408936
YAL021C,YJR066W,0,-9.099148,0.0984930545091629,1.0,0.9153000116348267
YDL043C,YPL151C,0,-9.101692,0.09848335385322571,1.0,0.9154000282287598
YJL138C,YPL063W,0,-9.104521,0.09847366064786911,1.0,0.9154999852180481
YBR057C,YBR049C,0,-9.104636,0.09846395999193192,1.0,0.9156000018119812
YHR157W,YNL294C,0,-9.111281,0.09845426678657532,1.0,0.9157000184059143
YJL115W,YGR229C,0,-9.11283,0.09844457358121872,1.0,0.9157999753952026
YGR119C,YJR033C,0,-9.115616,0.09843488782644272,1.0,0.9158999919891357
YPL195W,YJL145W,0,-9.116697,0.09842519462108612,1.0,0.9160000085830688
YNL214W,YDL153C,0,-9.116795,0.09841550886631012,1.0,0.916100025177002
YPR057W,YMR308C,0,-9.117603,0.09840582311153412,1.0,0.9161999821662903
YIR017C,YGR077C,0,-9.118542,0.09839614480733871,1.0,0.9162999987602234
YMR136W,YER149C,0,-9.1205,0.09838645905256271,1.0,0.9164000153541565
YJR064W,YCL016C,0,-9.121408,0.09837678074836731,1.0,0.9164999723434448
YJL207C,YLR075W,0,-9.12221,0.0983671024441719,1.0,0.9165999889373779
YAL012W,YPR143W,0,-9.127982,0.0983574315905571,1.0,0.916700005531311
YKL048C,YOR195W,0,-9.129038,0.09834776073694229,1.0,0.9168000221252441
YLR274W,YBR228W,0,-9.129471,0.09833808988332748,1.0,0.9168999791145325
YNL062C,YFL014W,0,-9.131098,0.09832841902971268,1.0,0.9169999957084656
YOR151C,YBR228W,0,-9.131969,0.09831874817609787,1.0,0.9171000123023987
YJL183W,YML015C,0,-9.134167,0.09830908477306366,1.0,0.9172000288963318
YDR324C,YOR132W,0,-9.134375,0.09829942137002945,1.0,0.9172999858856201
YBL024W,YPL139C,0,-9.13562,0.09828975796699524,1.0,0.9174000024795532
YJL034W,YML023C,0,-9.13616,0.09828009456396103,1.0,0.9175000190734863
YPL228W,YLR222C,0,-9.137556,0.09827043861150742,1.0,0.9175999760627747
YMR021C,YIL110W,0,-9.1375885,0.0982607826590538,1.0,0.9176999926567078
YLR074C,YAL016W,0,-9.137672,0.09825112670660019,1.0,0.9178000092506409
YBR155W,YGR231C,0,-9.141163,0.09824147820472717,1.0,0.917900025844574
YOR178C,YNL129W,0,-9.142202,0.09823182970285416,1.0,0.9179999828338623
YML093W,YML038C,0,-9.142882,0.09822218120098114,1.0,0.9180999994277954
YGR261C,YMR100W,0,-9.145645,0.09821253269910812,1.0,0.9182000160217285
YLR075W,YOR195W,0,-9.145658,0.09820288419723511,1.0,0.9182999730110168
YOR191W,YBL014C,0,-9.149071,0.09819324314594269,1.0,0.91839998960495
YML112W,YJL039C,0,-9.15454,0.09818360209465027,1.0,0.9185000061988831
YEL003W,YCR092C,0,-9.154585,0.09817396104335785,1.0,0.9186000227928162
YDR328C,YBR283C,0,-9.156866,0.09816432744264603,1.0,0.9186999797821045
YLR335W,YHR041C,0,-9.15728,0.0981546938419342,1.0,0.9187999963760376
YCR002C,YPR133C,0,-9.157377,0.09814506024122238,1.0,0.9189000129699707
YFR028C,YOR304W,0,-9.160327,0.09813542664051056,1.0,0.9190000295639038
YER052C,YLR424W,0,-9.161316,0.09812580049037933,1.0,0.9190999865531921
YNL097C,YHR031C,0,-9.161328,0.09811616688966751,1.0,0.9192000031471252
YIL143C,YML029W,0,-9.164297,0.09810654073953629,1.0,0.9193000197410583
YLR015W,YDR208W,0,-9.1651535,0.09809692203998566,1.0,0.9193999767303467
YDL108W,YMR164C,0,-9.167635,0.09808729588985443,1.0,0.9194999933242798
YFL014W,YJR043C,0,-9.169728,0.0980776771903038,1.0,0.9196000099182129
YKL114C,YML115C,0,-9.172071,0.09806805849075317,1.0,0.919700026512146
YKL205W,YIL153W,0,-9.172136,0.09805843979120255,1.0,0.9197999835014343
YEL018W,YJR070C,0,-9.172467,0.09804882854223251,1.0,0.9199000000953674
YLR368W,YKR079C,0,-9.174177,0.09803921729326248,1.0,0.9200000166893005
YER012W,YML098W,0,-9.175655,0.09802960604429245,1.0,0.9200999736785889
YPR037C,YMR188C,0,-9.175924,0.09801999479532242,1.0,0.920199990272522
YGL021W,YNR058W,0,-9.176488,0.09801039099693298,1.0,0.9203000068664551
YDR097C,YOR281C,0,-9.1788,0.09800078719854355,1.0,0.9204000234603882
YBR155W,YOR148C,0,-9.185936,0.09799118340015411,1.0,0.9204999804496765
YJL124C,YML025C,0,-9.187006,0.09798157960176468,1.0,0.9205999970436096
YFR008W,YJL033W,0,-9.187284,0.09797198325395584,1.0,0.9207000136375427
YER025W,YGR158C,0,-9.189783,0.0979623794555664,1.0,0.920799970626831
YHR065C,YGR162W,0,-9.190797,0.09795278310775757,1.0,0.9208999872207642
YBL061C,YNL246W,0,-9.191088,0.09794319421052933,1.0,0.9210000038146973
YGL053W,YJR045C,0,-9.192941,0.09793359786272049,1.0,0.9211000204086304
YLR191W,YKL144C,0,-9.194536,0.09792400896549225,1.0,0.9211999773979187
YAL042W,YPL212C,0,-9.195555,0.09791442006826401,1.0,0.9212999939918518
YGL194C,YJR043C,0,-9.19617,0.09790483862161636,1.0,0.9214000105857849
YNL206C,YMR125W,0,-9.198513,0.09789524972438812,1.0,0.921500027179718
YGL172W,YML010W,0,-9.19989,0.09788566827774048,1.0,0.9215999841690063
YHL024W,YDR398W,0,-9.200034,0.09787608683109283,1.0,0.9217000007629395
YER149C,YPR154W,0,-9.200521,0.09786651283502579,1.0,0.9218000173568726
YBR278W,YKL056C,0,-9.201696,0.09785693138837814,1.0,0.9218999743461609
YPL047W,YJR045C,0,-9.203859,0.0978473573923111,1.0,0.921999990940094
YLR238W,YLR448W,0,-9.205034,0.09783778339624405,1.0,0.9221000075340271
YPL086C,YJL125C,0,-9.205781,0.0978282168507576,1.0,0.9222000241279602
YNL094W,YDR052C,0,-9.206949,0.09781864285469055,1.0,0.9222999811172485
YJL184W,YOR179C,0,-9.207579,0.0978090763092041,1.0,0.9223999977111816
YOR005C,YOL005C,0,-9.213121,0.09779950976371765,1.0,0.9225000143051147
YKL016C,YFL016C,0,-9.215044,0.0977899506688118,1.0,0.9225999712944031
YGR247W,YOR272W,0,-9.217223,0.09778038412332535,1.0,0.9226999878883362
YKL139W,YHR024C,0,-9.220756,0.0977708250284195,1.0,0.9228000044822693
YGL133W,YBR276C,0,-9.224341,0.09776126593351364,1.0,0.9229000210762024
YER179W,YFL008W,0,-9.226039,0.09775171428918839,1.0,0.9229999780654907
YML074C,YBL105C,0,-9.231676,0.09774215519428253,1.0,0.9230999946594238
YGR155W,YJL124C,0,-9.232749,0.09773260354995728,1.0,0.9232000112533569
YOL021C,YDR207C,0,-9.233015,0.09772305190563202,1.0,0.92330002784729
YJL115W,YIL097W,0,-9.235355,0.09771350771188736,1.0,0.9233999848365784
YDR425W,YBR165W,0,-9.241511,0.0977039560675621,1.0,0.9235000014305115
YPL140C,YGL169W,0,-9.241905,0.09769441187381744,1.0,0.9236000180244446
YGL105W,YOR212W,0,-9.24317,0.09768486768007278,1.0,0.9236999750137329
YNL068C,YJR112W,0,-9.250537,0.09767533093690872,1.0,0.923799991607666
YJL115W,YJR131W,0,-9.251826,0.09766578674316406,1.0,0.9239000082015991
YDR030C,YAR008W,0,-9.254776,0.09765625,1.0,0.9240000247955322
YNL256W,YOR319W,0,-9.255837,0.09764671325683594,1.0,0.9240999817848206
YAL024C,YAL043C,0,-9.258834,0.09763717651367188,1.0,0.9241999983787537
YDR097C,YOR253W,0,-9.259114,0.09762764722108841,1.0,0.9243000149726868
YPL055C,YJL074C,0,-9.259533,0.09761811792850494,1.0,0.9243999719619751
YNL314W,YDR453C,0,-9.261926,0.09760858863592148,1.0,0.9244999885559082
YJL092W,YMR097C,0,-9.265163,0.09759905934333801,1.0,0.9246000051498413
YGR229C,YHR016C,0,-9.267138,0.09758953750133514,1.0,0.9247000217437744
YIL019W,YDR362C,0,-9.267373,0.09758001565933228,1.0,0.9247999787330627
YOL071W,YBR049C,0,-9.267773,0.0975704938173294,1.0,0.9248999953269958
YGR120C,YDR228C,0,-9.269714,0.09756097197532654,1.0,0.925000011920929
YDL102W,YAR002W,0,-9.269754,0.09755145758390427,1.0,0.9251000285148621
YML128C,YPR032W,0,-9.269821,0.097541943192482,1.0,0.9251999855041504
YNL314W,YCL016C,0,-9.272056,0.09753242880105972,1.0,0.9253000020980835
YMR153W,YFL008W,0,-9.272131,0.09752291440963745,1.0,0.9254000186920166
YAL042W,YDL020C,0,-9.27215,0.09751340746879578,1.0,0.9254999756813049
YDR153C,YOR256C,0,-9.277603,0.0975039005279541,1.0,0.925599992275238
YMR043W,YGR158C,0,-9.277622,0.09749439358711243,1.0,0.9257000088691711
YDR043C,YPL243W,0,-9.278894,0.09748488664627075,1.0,0.9258000254631042
YNL094W,YOL054W,0,-9.279971,0.09747538715600967,1.0,0.9258999824523926
YDL209C,YIR017C,0,-9.280613,0.0974658876657486,1.0,0.9259999990463257
YPL055C,YJL187C,0,-9.281625,0.09745638817548752,1.0,0.9261000156402588
YKR057W,YKL119C,0,-9.282991,0.09744688868522644,1.0,0.9261999726295471
YBR217W,YNL099C,0,-9.284382,0.09743739664554596,1.0,0.9262999892234802
YPR135W,YOR272W,0,-9.286247,0.09742790460586548,1.0,0.9264000058174133
YDR228C,YDL081C,0,-9.287556,0.097418412566185,1.0,0.9265000224113464
YER149C,YOR008C,0,-9.287601,0.09740892052650452,1.0,0.9265999794006348
YMR288W,YGL086W,0,-9.290525,0.09739943593740463,1.0,0.9266999959945679
YBR244W,YDR075W,0,-9.293812,0.09738995134830475,1.0,0.926800012588501
YKL043W,YMR059W,0,-9.297789,0.09738046675920486,1.0,0.9269000291824341
YMR247C,YIL147C,0,-9.298411,0.09737098217010498,1.0,0.9269999861717224
YKL064W,YDR532C,0,-9.300245,0.0973615050315857,1.0,0.9271000027656555
YBL084C,YIL128W,0,-9.303991,0.0973520278930664,1.0,0.9272000193595886
YGR249W,YDR156W,0,-9.307358,0.09734255075454712,1.0,0.927299976348877
YMR137C,YER019C-A,0,-9.308401,0.09733307361602783,1.0,0.9273999929428101
YML060W,YOR327C,0,-9.309362,0.09732360392808914,1.0,0.9275000095367432
YDR052C,YNR039C,0,-9.309513,0.09731412678956985,1.0,0.9276000261306763
YDL024C,YOL113W,0,-9.309656,0.09730466455221176,1.0,0.9276999831199646
YCR093W,YOR195W,0,-9.311334,0.09729519486427307,1.0,0.9277999997138977
YPL249C,YDL081C,0,-9.319397,0.09728572517633438,1.0,0.9279000163078308
YKL185W,YPR080W,0,-9.320166,0.09727626293897629,1.0,0.9279999732971191
YML065W,YHR060W,0,-9.322153,0.0972668007016182,1.0,0.9280999898910522
YGR155W,YOR216C,0,-9.323948,0.0972573459148407,1.0,0.9282000064849854
YPL122C,YNL121C,0,-9.324135,0.0972478836774826,1.0,0.9283000230789185
YPR171W,YFR028C,0,-9.324438,0.09723842889070511,1.0,0.9283999800682068
YJL006C,YFL004W,0,-9.325224,0.09722897410392761,1.0,0.9284999966621399
YDR052C,YOR145C,0,-9.32704,0.09721951931715012,1.0,0.928600013256073
YHR166C,YBR275C,0,-9.329746,0.09721007198095322,1.0,0.9286999702453613
YMR052W,YDR180W,0,-9.33094,0.09720062464475632,1.0,0.9287999868392944
YPL147W,YDR312W,0,-9.334448,0.09719117730855942,1.0,0.9289000034332275
YLR196W,YDR200C,0,-9.335013,0.09718172997236252,1.0,0.9290000200271606
YDR296W,YOR043W,0,-9.338106,0.09717229008674622,1.0,0.929099977016449
YIL004C,YPL151C,0,-9.33917,0.09716284275054932,1.0,0.9291999936103821
YDL166C,YLR223C,0,-9.339803,0.09715340286493301,1.0,0.9293000102043152
YHR187W,YDL030W,0,-9.340574,0.09714397042989731,1.0,0.9294000267982483
YIR010W,YDL081C,0,-9.340577,0.097134530544281,1.0,0.9294999837875366
YDR060W,YDL120W,0,-9.3483925,0.0971250981092453,1.0,0.9296000003814697
YGL061C,YOR241W,0,-9.348494,0.0971156656742096,1.0,0.9297000169754028
YAL043C,YDL130W,0,-9.351648,0.09710623323917389,1.0,0.9297999739646912
YLR154C,YGR095C,0,-9.352305,0.09709680825471878,1.0,0.9298999905586243
YOR249C,YBL052C,0,-9.352657,0.09708737581968307,1.0,0.9300000071525574
YER117W,YBR077C,0,-9.354958,0.09707795083522797,1.0,0.9301000237464905
YPL018W,YMR096W,0,-9.3552885,0.09706853330135345,1.0,0.9301999807357788
YGL207W,YGR162W,0,-9.356812,0.09705910831689835,1.0,0.9302999973297119
YDR527W,YGR080W,0,-9.358743,0.09704969078302383,1.0,0.930400013923645
YOR320C,YLR448W,0,-9.3607235,0.09704027324914932,1.0,0.9304999709129333
YOR319W,YMR247C,0,-9.362542,0.09703085571527481,1.0,0.9305999875068665
YNL233W,YJL109C,0,-9.365185,0.0970214381814003,1.0,0.9307000041007996
YOL116W,YKR062W,0,-9.365907,0.09701202809810638,1.0,0.9308000206947327
YDL031W,YML076C,0,-9.367138,0.09700261801481247,1.0,0.930899977684021
YIL118W,YPR024W,0,-9.368571,0.09699320793151855,1.0,0.9309999942779541
YML121W,YDR057W,0,-9.372778,0.09698380529880524,1.0,0.9311000108718872
YJL090C,YML093W,0,-9.375662,0.09697439521551132,1.0,0.9312000274658203
YKL021C,YFL026W,0,-9.384007,0.096964992582798,1.0,0.9312999844551086
YGR142W,YDL069C,0,-9.385423,0.09695559740066528,1.0,0.9314000010490417
YIL008W,YGL210W,0,-9.385498,0.09694619476795197,1.0,0.9315000176429749
YDR083W,YEL065W,0,-9.385936,0.09693679958581924,1.0,0.9315999746322632
YPL164C,YDR292C,0,-9.387731,0.09692740440368652,1.0,0.9316999912261963
YBL052C,YPL157W,0,-9.395373,0.0969180092215538,1.0,0.9318000078201294
YBL063W,YPL146C,0,-9.396076,0.09690861403942108,1.0,0.9319000244140625
YBR257W,YML124C,0,-9.397806,0.09689922630786896,1.0,0.9319999814033508
YDL108W,YER041W,0,-9.399822,0.09688983857631683,1.0,0.9320999979972839
YOL077C,YOR371C,0,-9.399899,0.09688045084476471,1.0,0.932200014591217
YGL019W,YIL018W,0,-9.400148,0.09687106311321259,1.0,0.9322999715805054
YGL063W,YBL052C,0,-9.4036,0.09686168283224106,1.0,0.9323999881744385
YDR440W,YNL068C,0,-9.405613,0.09685230255126953,1.0,0.9325000047683716
YNL312W,YDR280W,0,-9.405822,0.096842922270298,1.0,0.9326000213623047
YKL154W,YDR453C,0,-9.410886,0.09683354198932648,1.0,0.932699978351593
YNL142W,YOR281C,0,-9.416007,0.09682416915893555,1.0,0.9327999949455261
YLR238W,YMR047C,0,-9.418392,0.09681479632854462,1.0,0.9329000115394592
YGL151W,YCR060W,0,-9.420986,0.09680542349815369,1.0,0.9330000281333923
YDL039C,YJR127C,0,-9.423431,0.09679605066776276,1.0,0.9330999851226807
YLR129W,YIL154C,0,-9.423878,0.09678668528795242,1.0,0.9332000017166138
YFR031C,YGL227W,0,-9.424805,0.09677731245756149,1.0,0.9333000183105469
YPR017C,YPR143W,0,-9.425695,0.09676794707775116,1.0,0.9333999752998352
YOL133W,YEL034W,0,-9.42869,0.09675858914852142,1.0,0.9334999918937683
YML060W,YIL063C,0,-9.428915,0.09674922376871109,1.0,0.9336000084877014
YOR232W,YNL216W,0,-9.429666,0.09673986583948135,1.0,0.9337000250816345
YNL065W,YDR527W,0,-9.434029,0.09673050791025162,1.0,0.9337999820709229
YOR048C,YBR289W,0,-9.435583,0.09672114998102188,1.0,0.933899998664856
YDL051W,YNL294C,0,-9.438972,0.09671179950237274,1.0,0.9340000152587891
YER056C,YPR163C,0,-9.439798,0.0967024490237236,1.0,0.9340999722480774
YDR087C,YDR227W,0,-9.441395,0.09669309854507446,1.0,0.9341999888420105
YDR339C,YGL244W,0,-9.442396,0.09668374806642532,1.0,0.9343000054359436
YDR087C,YDR145W,0,-9.443457,0.09667439758777618,1.0,0.9344000220298767
YHR205W,YPR133C,0,-9.4475975,0.09666505455970764,1.0,0.934499979019165
YNR057C,YJR017C,0,-9.450734,0.0966557115316391,1.0,0.9345999956130981
YBR112C,YKL041W,0,-9.456207,0.09664636850357056,1.0,0.9347000122070312
YCR035C,YPL083C,0,-9.459624,0.09663703292608261,1.0,0.9348000288009644
YNL221C,YOR143C,0,-9.4699745,0.09662768989801407,1.0,0.9348999857902527
YJL140W,YMR241W,0,-9.470018,0.09661835432052612,1.0,0.9350000023841858
YDL074C,YPL098C,0,-9.470615,0.09660902619361877,1.0,0.9351000189781189
YDR365C,YIL109C,0,-9.470802,0.09659969061613083,1.0,0.9351999759674072
YPR111W,YLR288C,0,-9.471353,0.09659036248922348,1.0,0.9352999925613403
YAL003W,YLR009W,0,-9.472528,0.09658103436231613,1.0,0.9354000091552734
YGL194C,YHR066W,0,-9.473185,0.09657170623540878,1.0,0.9355000257492065
YGL037C,YJL140W,0,-9.475605,0.09656237810850143,1.0,0.9355999827384949
YNL164C,YPR162C,0,-9.476667,0.09655305743217468,1.0,0.935699999332428
YDR028C,YDR181C,0,-9.47848,0.09654373675584793,1.0,0.9358000159263611
YKL149C,YIR012W,0,-9.480541,0.09653441607952118,1.0,0.9358999729156494
YOL149W,YPL164C,0,-9.480883,0.09652509540319443,1.0,0.9359999895095825
YGR120C,YLR265C,0,-9.483252,0.09651578217744827,1.0,0.9361000061035156
YLR215C,YDL108W,0,-9.484287,0.09650646895170212,1.0,0.9362000226974487
YLR060W,YDR159W,0,-9.484705,0.09649715572595596,1.0,0.9362999796867371
YPR025C,YKL194C,0,-9.48558,0.09648784250020981,1.0,0.9363999962806702
YGR129W,YBR126C,0,-9.485962,0.09647853672504425,1.0,0.9365000128746033
YGR088W,YPL211W,0,-9.4866495,0.0964692234992981,1.0,0.9366000294685364
YOL088C,YGR161C,0,-9.491309,0.09645991772413254,1.0,0.9366999864578247
YKL001C,YPL133C,0,-9.49588,0.09645061939954758,1.0,0.9368000030517578
YDR060W,YOR132W,0,-9.496359,0.09644131362438202,1.0,0.9369000196456909
YDR279W,YAL002W,0,-9.497973,0.09643201529979706,1.0,0.9369999766349792
YDL130W,YCR031C,0,-9.499111,0.0964227169752121,1.0,0.9370999932289124
YDR202C,YOR195W,0,-9.499264,0.09641341865062714,1.0,0.9372000098228455
YGR074W,YDR308C,0,-9.505007,0.09640412777662277,1.0,0.9373000264167786
YOL095C,YML034W,0,-9.506573,0.09639483690261841,1.0,0.9373999834060669
YBR059C,YGR261C,0,-9.506578,0.09638553857803345,1.0,0.9375
YBL019W,YNL075W,0,-9.508495,0.09637625515460968,1.0,0.9376000165939331
YLR215C,YBR091C,0,-9.511105,0.09636696428060532,1.0,0.9376999735832214
YER068W,YIL144W,0,-9.511312,0.09635768085718155,1.0,0.9377999901771545
YFR027W,YPL155C,0,-9.51153,0.09634839743375778,1.0,0.9379000067710876
YJR118C,YHR143W-A,0,-9.512489,0.09633911401033401,1.0,0.9380000233650208
YPL101W,YLR192C,0,-9.512554,0.09632983058691025,1.0,0.9380999803543091
YER107C,YNR039C,0,-9.518623,0.09632055461406708,1.0,0.9381999969482422
YOR112W,YML006C,0,-9.520784,0.09631127864122391,1.0,0.9383000135421753
YOR198C,YGR128C,0,-9.530356,0.09630200266838074,1.0,0.9383999705314636
YOR372C,YDL112W,0,-9.532715,0.09629272669553757,1.0,0.9384999871253967
YGL037C,YDR145W,0,-9.533491,0.096283458173275,1.0,0.9386000037193298
YGL027C,YIL026C,0,-9.534412,0.09627418965101242,1.0,0.9387000203132629
YML074C,YDR429C,0,-9.539768,0.09626492112874985,1.0,0.9387999773025513
YJL110C,YIL042C,0,-9.545135,0.09625565260648727,1.0,0.9388999938964844
YNR027W,YGL216W,0,-9.545551,0.0962463915348053,1.0,0.9390000104904175
YIL118W,YOR340C,0,-9.546005,0.09623713046312332,1.0,0.9391000270843506
YPR111W,YNL177C,0,-9.546347,0.09622786939144135,1.0,0.9391999840736389
YBR155W,YER142C,0,-9.547157,0.09621860831975937,1.0,0.939300000667572
YDR303C,YMR016C,0,-9.54796,0.09620935469865799,1.0,0.9394000172615051
YPR008W,YML028W,0,-9.561081,0.09620009362697601,1.0,0.9394999742507935
YDR512C,YMR016C,0,-9.56171,0.09619084000587463,1.0,0.9395999908447266
YLR068W,YOR127W,0,-9.568209,0.09618159383535385,1.0,0.9397000074386597
YOR178C,YGL073W,0,-9.568235,0.09617234021425247,1.0,0.9398000240325928
YGR158C,YGR103W,0,-9.568266,0.09616309404373169,1.0,0.9398999810218811
YEL015W,YIL046W,0,-9.569212,0.09615384787321091,1.0,0.9399999976158142
YOR346W,YML093W,0,-9.569461,0.09614460170269012,1.0,0.9401000142097473
YPR072W,YBR276C,0,-9.571554,0.09613535553216934,1.0,0.9401999711990356
YOL139C,YIL068C,0,-9.575087,0.09612611681222916,1.0,0.9402999877929688
YKR101W,YKR079C,0,-9.575401,0.09611687809228897,1.0,0.9404000043869019
YDR516C,YER129W,0,-9.578657,0.09610763937234879,1.0,0.940500020980835
YDR212W,YGR162W,0,-9.582653,0.0960984081029892,1.0,0.9405999779701233
YLR401C,YIL101C,0,-9.583796,0.09608916938304901,1.0,0.9406999945640564
YAL043C,YDR280W,0,-9.588335,0.09607993811368942,1.0,0.9408000111579895
YDL051W,YJL054W,0,-9.590742,0.09607070684432983,1.0,0.9409000277519226
YMR025W,YJL104W,0,-9.5910015,0.09606148302555084,1.0,0.9409999847412109
YMR135C,YER068W,0,-9.5920315,0.09605225175619125,1.0,0.941100001335144
YNR033W,YPL228W,0,-9.601419,0.09604302793741226,1.0,0.9412000179290771
YNL001W,YAL011W,0,-9.60339,0.09603380411863327,1.0,0.9412999749183655
YKL135C,YGR009C,0,-9.607234,0.09602458029985428,1.0,0.9413999915122986
YBL078C,YGR095C,0,-9.608255,0.09601536393165588,1.0,0.9415000081062317
YBR214W,YPR163C,0,-9.609301,0.09600614756345749,1.0,0.9416000247001648
YDL132W,YHR170W,0,-9.610506,0.0959969311952591,1.0,0.9416999816894531
YNL001W,YGL227W,0,-9.611495,0.0959877148270607,1.0,0.9417999982833862
YOL089C,YNL182C,0,-9.617279,0.0959784984588623,1.0,0.9419000148773193
YBR020W,YMR283C,0,-9.617976,0.0959692895412445,1.0,0.9419999718666077
YMR247C,YIL021W,0,-9.6208935,0.09596008062362671,1.0,0.9420999884605408
YGL047W,YLR293C,0,-9.622008,0.09595087170600891,1.0,0.9422000050544739
YDL099W,YNL222W,0,-9.622604,0.09594167023897171,1.0,0.942300021648407
YFR037C,YIL143C,0,-9.625167,0.09593246132135391,1.0,0.9423999786376953
YOR257W,YHR119W,0,-9.625478,0.09592325985431671,1.0,0.9424999952316284
YDL166C,YMR135C,0,-9.628635,0.09591405838727951,1.0,0.9426000118255615
YNL001W,YNL153C,0,-9.629435,0.0959048643708229,1.0,0.9427000284194946
YJR022W,YKR046C,0,-9.631186,0.0958956629037857,1.0,0.942799985408783
YLR238W,YGR231C,0,-9.632005,0.0958864688873291,1.0,0.9429000020027161
YDR238C,YBL075C,0,-9.63559,0.0958772748708725,1.0,0.9430000185966492
YDR028C,YJR045C,0,-9.636635,0.09586808830499649,1.0,0.9430999755859375
YPL217C,YNL273W,0,-9.6383295,0.09585889428853989,1.0,0.9431999921798706
YNR033W,YPR034W,0,-9.640175,0.09584970772266388,1.0,0.9433000087738037
YDR130C,YPR131C,0,-9.640482,0.09584052115678787,1.0,0.9434000253677368
YIL038C,YJL053W,0,-9.641412,0.09583133459091187,1.0,0.9434999823570251
YNL072W,YNR003C,0,-9.645107,0.09582215547561646,1.0,0.9435999989509583
YOL044W,YML015C,0,-9.64635,0.09581297636032104,1.0,0.9437000155448914
YBR205W,YLR321C,0,-9.647345,0.09580379724502563,1.0,0.9437999725341797
YHR170W,YOR132W,0,-9.652969,0.09579461812973022,1.0,0.9438999891281128
YLR068W,YDL159W,0,-9.653425,0.09578543901443481,1.0,0.9440000057220459
YOL123W,YMR241W,0,-9.654032,0.09577626734972,1.0,0.944100022315979
YKR101W,YNL243W,0,-9.655135,0.09576709568500519,1.0,0.9441999793052673
YFR028C,YLR075W,0,-9.656755,0.09575792402029037,1.0,0.9442999958992004
YLR276C,YJR050W,0,-9.658955,0.09574875235557556,1.0,0.9444000124931335
YFL022C,YOR329C,0,-9.66434,0.09573958814144135,1.0,0.9445000290870667
YKL053C-A,YOR212W,0,-9.671496,0.09573042392730713,1.0,0.944599986076355
YMR052W,YOR243C,0,-9.677643,0.09572125971317291,1.0,0.9447000026702881
YHR068W,YOR327C,0,-9.677706,0.0957120954990387,1.0,0.9448000192642212
YDR167W,YPR139C,0,-9.678049,0.09570293873548508,1.0,0.9448999762535095
YBL030C,YDL153C,0,-9.680695,0.09569378197193146,1.0,0.9449999928474426
YOR147W,YOL116W,0,-9.690368,0.09568462520837784,1.0,0.9451000094413757
YDL099W,YDL209C,0,-9.693539,0.09567546844482422,1.0,0.9452000260353088
YLL026W,YNR015W,0,-9.695794,0.0956663191318512,1.0,0.9452999830245972
YGL008C,YGL171W,0,-9.70447,0.09565716236829758,1.0,0.9453999996185303
YNL256W,YDR393W,0,-9.7070265,0.09564801305532455,1.0,0.9455000162124634
YLL008W,YAR035W,0,-9.710411,0.09563887119293213,1.0,0.9455999732017517
YLR335W,YDR137W,0,-9.711654,0.0956297218799591,1.0,0.9456999897956848
YDL115C,YDR412W,0,-9.712513,0.09562058001756668,1.0,0.9458000063896179
YLR110C,YBR245C,0,-9.713625,0.09561143815517426,1.0,0.945900022983551
YLR015W,YJL102W,0,-9.724479,0.09560229629278183,1.0,0.9459999799728394
YLR270W,YOR127W,0,-9.728237,0.0955931544303894,1.0,0.9460999965667725
YBR279W,YGL246C,0,-9.728369,0.09558402001857758,1.0,0.9462000131607056
YDL102W,YHR170W,0,-9.730564,0.09557488560676575,1.0,0.9463000297546387
YJR097W,YPL123C,0,-9.7312765,0.09556575119495392,1.0,0.946399986743927
YML021C,YJL154C,0,-9.735081,0.09555661678314209,1.0,0.9465000033378601
YBR289W,YPL239W,0,-9.738176,0.09554748982191086,1.0,0.9466000199317932
YPL086C,YPL155C,0,-9.755775,0.09553835541009903,1.0,0.9466999769210815
YIL142W,YOR319W,0,-9.756374,0.0955292284488678,1.0,0.9467999935150146
YGL061C,YHR205W,0,-9.764225,0.09552010893821716,1.0,0.9469000101089478
YDR211W,YLR291C,0,-9.765287,0.09551098197698593,1.0,0.9470000267028809
YDR214W,YER106W,0,-9.76616,0.0955018624663353,1.0,0.9470999836921692
YNL068C,YBR283C,0,-9.768511,0.09549274295568466,1.0,0.9472000002861023
YJR135C,YPR144C,0,-9.769241,0.09548362344503403,1.0,0.9473000168800354
YLR276C,YJL019W,0,-9.769852,0.09547451138496399,1.0,0.9473999738693237
YDL135C,YHR030C,0,-9.771988,0.09546539187431335,1.0,0.9474999904632568
YDL115C,YML041C,0,-9.77343,0.09545627981424332,1.0,0.9476000070571899
YNL161W,YJR068W,0,-9.776161,0.09544716775417328,1.0,0.947700023651123
YKR020W,YLR003C,0,-9.779423,0.09543806314468384,1.0,0.9477999806404114
YHR069C,YGR128C,0,-9.780172,0.0954289510846138,1.0,0.9478999972343445
YMR044W,YDR002W,0,-9.780842,0.09541984647512436,1.0,0.9480000138282776
YGL097W,YDR320C,0,-9.781479,0.09541074186563492,1.0,0.9480999708175659
YNL327W,YBL051C,0,-9.784782,0.09540163725614548,1.0,0.948199987411499
YDR137W,YJR104C,0,-9.784918,0.09539254009723663,1.0,0.9483000040054321
YGR135W,YDR325W,0,-9.78874,0.09538344293832779,1.0,0.9484000205993652
YJL098W,YHR090C,0,-9.789986,0.09537434577941895,1.0,0.9484999775886536
YBR098W,YNL273W,0,-9.791183,0.0953652486205101,1.0,0.9485999941825867
YDR377W,YDL200C,0,-9.801125,0.09535615891218185,1.0,0.9487000107765198
YGL136C,YLR003C,0,-9.80476,0.09534706175327301,1.0,0.9488000273704529
YIL007C,YBR079C,0,-9.805189,0.09533797204494476,1.0,0.9488999843597412
YNR033W,YJR017C,0,-9.807373,0.09532888233661652,1.0,0.9490000009536743
YPR072W,YPR094W,0,-9.808517,0.09531980007886887,1.0,0.9491000175476074
YOR185C,YEL060C,0,-9.811715,0.09531071037054062,1.0,0.9491999745368958
YIL103W,YML074C,0,-9.815325,0.09530162811279297,1.0,0.9492999911308289
YNL201C,YML098W,0,-9.816164,0.09529254585504532,1.0,0.949400007724762
YFR009W,YPR009W,0,-9.821856,0.09528347104787827,1.0,0.9495000243186951
YOR304W,YOL090W,0,-9.823849,0.09527438879013062,1.0,0.9495999813079834
YOL077C,YGL232W,0,-9.826061,0.09526531398296356,1.0,0.9496999979019165
YGR145W,YLR409C,0,-9.828167,0.09525623917579651,1.0,0.9498000144958496
YMR283C,YOR064C,0,-9.828985,0.09524716436862946,1.0,0.9498999714851379
YDL197C,YGL211W,0,-9.829551,0.095238097012043,1.0,0.949999988079071
YOR372C,YFL008W,0,-9.830026,0.09522902220487595,1.0,0.9501000046730042
YKL021C,YKL113C,0,-9.833893,0.09521995484828949,1.0,0.9502000212669373
YGR142W,YJL047C,0,-9.840267,0.09521089494228363,1.0,0.9502999782562256
YLR138W,YDL060W,0,-9.844347,0.09520182758569717,1.0,0.9503999948501587
YPL147W,YMR229C,0,-9.849415,0.09519276767969131,1.0,0.9505000114440918
YNR052C,YCR033W,0,-9.851236,0.09518370777368546,1.0,0.9506000280380249
YHR129C,YPR017C,0,-9.852264,0.0951746478676796,1.0,0.9506999850273132
YGR006W,YER111C,0,-9.872553,0.09516558796167374,1.0,0.9508000016212463
YFR053C,YNL117W,0,-9.875528,0.09515653550624847,1.0,0.9509000182151794
YBL079W,YNL160W,0,-9.876978,0.09514747560024261,1.0,0.9509999752044678
YIL019W,YIR021W,0,-9.877876,0.09513842314481735,1.0,0.9510999917984009
YNL298W,YBL057C,0,-9.883776,0.09512937813997269,1.0,0.951200008392334
YKL085W,YDL200C,0,-9.885645,0.09512032568454742,1.0,0.9513000249862671
YDR386W,YGL094C,0,-9.888496,0.09511128067970276,1.0,0.9513999819755554
YPR034W,YOR069W,0,-9.891012,0.0951022356748581,1.0,0.9514999985694885
YDR308C,YAL011W,0,-9.897207,0.09509319067001343,1.0,0.9516000151634216
YLR288C,YJL087C,0,-9.898548,0.09508415311574936,1.0,0.95169997215271
YBR217W,YBR165W,0,-9.899485,0.0950751081109047,1.0,0.9517999887466431
YOL133W,YDL081C,0,-9.900389,0.09506607055664062,1.0,0.9519000053405762
YPL160W,YOL038W,0,-9.900447,0.09505703300237656,1.0,0.9520000219345093
YBR142W,YCR035C,0,-9.901028,0.09504800289869308,1.0,0.9520999789237976
YBL075C,YLR410W,0,-9.905105,0.09503896534442902,1.0,0.9521999955177307
YDR054C,YEL019C,0,-9.905903,0.09502993524074554,1.0,0.9523000121116638
YNL232W,YKR028W,0,-9.907185,0.09502090513706207,1.0,0.9524000287055969
YBL007C,YLL011W,0,-9.907232,0.0950118750333786,1.0,0.9524999856948853
YOR236W,YGR145W,0,-9.907235,0.09500285238027573,1.0,0.9526000022888184
YOL094C,YCR042C,0,-9.91057,0.09499382227659225,1.0,0.9527000188827515
YLR405W,YLR249W,0,-9.911465,0.09498479962348938,1.0,0.9527999758720398
YNL037C,YLR448W,0,-9.91284,0.0949757844209671,1.0,0.9528999924659729
YFR029W,YDR083W,0,-9.913567,0.09496676176786423,1.0,0.953000009059906
YGL043W,YLR452C,0,-9.914181,0.09495774656534195,1.0,0.9531000256538391
YPL112C,YBL055C,0,-9.915407,0.09494873136281967,1.0,0.9531999826431274
YDL164C,YPL239W,0,-9.917697,0.0949397161602974,1.0,0.9532999992370605
YGR145W,YGR231C,0,-9.926222,0.09493070095777512,1.0,0.9534000158309937
YBR040W,YMR239C,0,-9.929052,0.09492169320583344,1.0,0.953499972820282
YJL179W,YGR006W,0,-9.931496,0.09491267800331116,1.0,0.9535999894142151
YNL098C,YDR212W,0,-9.932301,0.09490367025136948,1.0,0.9537000060081482
YOR250C,YJL011C,0,-9.932362,0.09489466995000839,1.0,0.9538000226020813
YHR191C,YDR527W,0,-9.9324465,0.09488566219806671,1.0,0.9538999795913696
YMR186W,YGL087C,0,-9.934866,0.09487666189670563,1.0,0.9539999961853027
YEL018W,YIL105C,0,-9.937664,0.09486766159534454,1.0,0.9541000127792358
YLR449W,YPL063W,0,-9.938084,0.09485866129398346,1.0,0.954200029373169
YJL208C,YLR165C,0,-9.938614,0.09484966099262238,1.0,0.9542999863624573
YHR120W,YBR279W,0,-9.939688,0.09484066814184189,1.0,0.9544000029563904
YDR309C,YFL014W,0,-9.941545,0.0948316752910614,1.0,0.9545000195503235
YGL150C,YBR079C,0,-9.94178,0.09482268244028091,1.0,0.9545999765396118
YCL024W,YDR120C,0,-9.949028,0.09481368958950043,1.0,0.9546999931335449
YHR034C,YBR079C,0,-9.95046,0.09480470418930054,1.0,0.954800009727478
YHR114W,YJL029C,0,-9.950789,0.09479571878910065,1.0,0.9549000263214111
YOR173W,YGR276C,0,-9.95144,0.09478673338890076,1.0,0.9549999833106995
YPR131C,YMR309C,0,-9.955998,0.09477774798870087,1.0,0.9550999999046326
YMR097C,YOR307C,0,-9.955999,0.09476876258850098,1.0,0.9552000164985657
YPR144C,YDL120W,0,-9.95618,0.09475978463888168,1.0,0.955299973487854
YNL110C,YHR069C,0,-9.956494,0.09475080668926239,1.0,0.9553999900817871
YBR217W,YNL232W,0,-9.958337,0.0947418287396431,1.0,0.9555000066757202
YML073C,YKL081W,0,-9.963742,0.0947328507900238,1.0,0.9556000232696533
YMR048W,YBR156C,0,-9.964668,0.09472388029098511,1.0,0.9556999802589417
YML081C-A,YGR005C,0,-9.969383,0.09471490979194641,1.0,0.9557999968528748
YDL108W,YDR473C,0,-9.971701,0.09470593929290771,1.0,0.9559000134468079
YNL298W,YJR002W,0,-9.9730015,0.09469696879386902,1.0,0.9559999704360962
YLR129W,YDR424C,0,-9.973615,0.09468800574541092,1.0,0.9560999870300293
YMR219W,YKR090W,0,-9.978643,0.09467903524637222,1.0,0.9562000036239624
YEL056W,YKL082C,0,-9.986283,0.09467007219791412,1.0,0.9563000202178955
YBR213W,YBR214W,0,-9.987148,0.09466111660003662,1.0,0.9563999772071838
YDL155W,YDR440W,0,-9.988676,0.09465215355157852,1.0,0.9564999938011169
YLR248W,YOL109W,0,-9.991234,0.09464319795370102,1.0,0.95660001039505
YNL166C,YLR002C,0,-9.994488,0.09463424235582352,1.0,0.9567000269889832
YEL015W,YBR034C,0,-9.995381,0.09462528675794601,1.0,0.9567999839782715
YPR057W,YLR052W,0,-9.997008,0.09461633116006851,1.0,0.9569000005722046
YER006W,YER022W,0,-9.997768,0.0946073830127716,1.0,0.9570000171661377
YOR362C,YBR228W,0,-10.002283,0.0945984274148941,1.0,0.957099974155426
YJR135C,YDR300C,0,-10.002485,0.0945894792675972,1.0,0.9571999907493591
YLR293C,YMR112C,0,-10.008252,0.09458053857088089,1.0,0.9573000073432922
YDL004W,YBR098W,0,-10.0101595,0.09457159042358398,1.0,0.9574000239372253
YLR384C,YOR281C,0,-10.010916,0.09456264972686768,1.0,0.9574999809265137
YMR311C,YBR079C,0,-10.0156145,0.09455370903015137,1.0,0.9575999975204468
YDR098C,YPL208W,0,-10.018154,0.09454476833343506,1.0,0.9577000141143799
YDR181C,YPR163C,0,-10.018605,0.09453582763671875,1.0,0.9577999711036682
YOR173W,YBR081C,0,-10.019581,0.09452689439058304,1.0,0.9578999876976013
YML036W,YMR219W,0,-10.022089,0.09451796114444733,1.0,0.9580000042915344
YPL164C,YMR263W,0,-10.022955,0.09450902789831161,1.0,0.9581000208854675
YER025W,YGR186W,0,-10.028291,0.0945000946521759,1.0,0.9581999778747559
YPL217C,YFL049W,0,-10.030344,0.09449116140604019,1.0,0.958299994468689
YML004C,YBR289W,0,-10.0332985,0.09448223561048508,1.0,0.9584000110626221
YOL126C,YDL154W,0,-10.040261,0.09447330981492996,1.0,0.9585000276565552
YDR016C,YPR041W,0,-10.044058,0.09446438401937485,1.0,0.9585999846458435
YFR009W,YOR340C,0,-10.044348,0.09445546567440033,1.0,0.9587000012397766
YGR047C,YDR200C,0,-10.048186,0.09444653987884521,1.0,0.9588000178337097
YML113W,YPL046C,0,-10.049019,0.0944376215338707,1.0,0.958899974822998
YBR091C,YGL236C,0,-10.0504,0.09442870318889618,1.0,0.9589999914169312
YJL095W,YBR155W,0,-10.052801,0.09441979229450226,1.0,0.9591000080108643
YPR046W,YJL050W,0,-10.053084,0.09441087394952774,1.0,0.9592000246047974
YDR043C,YPL123C,0,-10.053525,0.09440196305513382,1.0,0.9592999815940857
YKR056W,YHR090C,0,-10.056178,0.0943930521607399,1.0,0.9593999981880188
YPL120W,YIR026C,0,-10.058116,0.09438414126634598,1.0,0.9595000147819519
YKR099W,YPL178W,0,-10.061581,0.09437523782253265,1.0,0.9595999717712402
YOR028C,YHR062C,0,-10.064794,0.09436632692813873,1.0,0.9596999883651733
YBR217W,YMR047C,0,-10.065467,0.09435742348432541,1.0,0.9598000049591064
YDR258C,YGR209C,0,-10.065611,0.09434852004051208,1.0,0.9599000215530396
YER172C,YDR516C,0,-10.069809,0.09433962404727936,1.0,0.9599999785423279
YPL267W,YML113W,0,-10.070097,0.09433072060346603,1.0,0.960099995136261
YOL054W,YGL095C,0,-10.070297,0.0943218246102333,1.0,0.9602000117301941
YDL074C,YPL060W,0,-10.071817,0.09431292861700058,1.0,0.9603000283241272
YML011C,YKL082C,0,-10.072083,0.09430403262376785,1.0,0.9603999853134155
YLR449W,YJL190C,0,-10.076071,0.09429514408111572,1.0,0.9605000019073486
YKL021C,YDR443C,0,-10.077644,0.09428625553846359,1.0,0.9606000185012817
YDR153C,YLR292C,0,-10.08122,0.09427736699581146,1.0,0.9606999754905701
YDL159W,YGR005C,0,-10.0919485,0.09426847845315933,1.0,0.9607999920845032
YKL052C,YBR017C,0,-10.0971985,0.0942595899105072,1.0,0.9609000086784363
YPR143W,YJL069C,0,-10.104534,0.09425070881843567,1.0,0.9610000252723694
YLR208W,YMR183C,0,-10.105922,0.09424182772636414,1.0,0.9610999822616577
YDR103W,YLR409C,0,-10.110022,0.0942329466342926,1.0,0.9611999988555908
YNL233W,YPL239W,0,-10.111524,0.09422406554222107,1.0,0.9613000154495239
YOR173W,YIL105C,0,-10.111936,0.09421518445014954,1.0,0.9613999724388123
YNR054C,YDR071C,0,-10.114346,0.0942063108086586,1.0,0.9614999890327454
YGL105W,YOR038C,0,-10.116242,0.09419743716716766,1.0,0.9616000056266785
YDR171W,YDR156W,0,-10.120228,0.09418856352567673,1.0,0.9617000222206116
YIL149C,YDR195W,0,-10.122915,0.09417969733476639,1.0,0.9617999792098999
YGR134W,YJL109C,0,-10.128339,0.09417082369327545,1.0,0.961899995803833
YER104W,YPL239W,0,-10.129116,0.09416195750236511,1.0,0.9620000123977661
YOL111C,YHR060W,0,-10.133078,0.09415309131145477,1.0,0.9621000289916992
YGL245W,YMR153W,0,-10.138295,0.09414423257112503,1.0,0.9621999859809875
YOR372C,YLL036C,0,-10.1389265,0.09413536638021469,1.0,0.9623000025749207
YGL014W,YDR159W,0,-10.144049,0.09412650763988495,1.0,0.9624000191688538
YBR290W,YMR067C,0,-10.144479,0.0941176488995552,1.0,0.9624999761581421
YMR299C,YJL176C,0,-10.146837,0.09410879015922546,1.0,0.9625999927520752
YOL023W,YDL159W,0,-10.148258,0.09409993141889572,1.0,0.9627000093460083
YNL161W,YGL014W,0,-10.152799,0.09409108012914658,1.0,0.9628000259399414
YGR261C,YOR014W,0,-10.153987,0.09408222883939743,1.0,0.9628999829292297
YBR072W,YNL164C,0,-10.158272,0.09407337754964828,1.0,0.9629999995231628
YDL003W,YDR489W,0,-10.16114,0.09406452625989914,1.0,0.963100016117096
YDR424C,YNL023C,0,-10.165827,0.09405568242073059,1.0,0.9631999731063843
YLR319C,YJL168C,0,-10.170322,0.09404683858156204,1.0,0.9632999897003174
YAR014C,YOL093W,0,-10.170988,0.0940379947423935,1.0,0.9634000062942505
YHR081W,YLR301W,0,-10.174495,0.09402915090322495,1.0,0.9635000228881836
YLR110C,YGR206W,0,-10.1767025,0.0940203070640564,1.0,0.9635999798774719
YNL006W,YJR068W,0,-10.177533,0.09401147067546844,1.0,0.963699996471405
YGL086W,YFL038C,0,-10.179861,0.0940026342868805,1.0,0.9638000130653381
YMR231W,YLL036C,0,-10.194754,0.09399379789829254,1.0,0.9639000296592712
YDL161W,YGR248W,0,-10.194931,0.09398496150970459,1.0,0.9639999866485596
YDR364C,YBR060C,0,-10.196978,0.09397613257169724,1.0,0.9641000032424927
YOR116C,YOR057W,0,-10.19787,0.09396729618310928,1.0,0.9642000198364258
YML036W,YNL110C,0,-10.202797,0.09395846724510193,1.0,0.9642999768257141
YJL115W,YHR143W-A,0,-10.204695,0.09394964575767517,1.0,0.9643999934196472
YDL074C,YJL190C,0,-10.204763,0.09394081681966782,1.0,0.9645000100135803
YGR246C,YNL209W,0,-10.207573,0.09393199533224106,1.0,0.9646000266075134
YLR096W,YBR170C,0,-10.209591,0.0939231738448143,1.0,0.9646999835968018
YLR085C,YGR128C,0,-10.210304,0.09391435235738754,1.0,0.9648000001907349
YGL029W,YGL201C,0,-10.211152,0.09390553086996078,1.0,0.964900016784668
YBR288C,YMR048W,0,-10.221077,0.09389671683311462,1.0,0.9649999737739563
YGR142W,YML073C,0,-10.223988,0.09388789534568787,1.0,0.9650999903678894
YDL145C,YOR281C,0,-10.225842,0.0938790813088417,1.0,0.9652000069618225
YBR170C,YLR212C,0,-10.227331,0.09387027472257614,1.0,0.9653000235557556
YNL023C,YHR170W,0,-10.240677,0.09386146068572998,1.0,0.965399980545044
YLR183C,YDR398W,0,-10.241219,0.09385265409946442,1.0,0.965499997138977
YDR017C,YHR088W,0,-10.243084,0.09384384751319885,1.0,0.9656000137329102
YPR119W,YNL309W,0,-10.244785,0.09383504092693329,1.0,0.9656999707221985
YKL172W,YDR280W,0,-10.246351,0.09382623434066772,1.0,0.9657999873161316
YML073C,YDR443C,0,-10.256909,0.09381742775440216,1.0,0.9659000039100647
YDL106C,YFR037C,0,-10.262271,0.0938086286187172,1.0,0.9660000205039978
YJL140W,YPR137W,0,-10.270088,0.09379982948303223,1.0,0.9660999774932861
YNL129W,YDR228C,0,-10.273176,0.09379103034734726,1.0,0.9661999940872192
YGR161C,YJL093C,0,-10.284658,0.09378223866224289,1.0,0.9663000106811523
YIL019W,YJR068W,0,-10.284805,0.09377344697713852,1.0,0.9664000272750854
YLR172C,YLR340W,0,-10.284861,0.09376464784145355,1.0,0.9664999842643738
YPL146C,YOL142W,0,-10.287363,0.09375585615634918,1.0,0.9666000008583069
YJL010C,YPR009W,0,-10.293268,0.09374707192182541,1.0,0.96670001745224
YCL029C,YML093W,0,-10.296253,0.09373828023672104,1.0,0.9667999744415283
YDL132W,YLR002C,0,-10.299477,0.09372949600219727,1.0,0.9668999910354614
YDR308C,YOL138C,0,-10.313537,0.09372071176767349,1.0,0.9670000076293945
YOR284W,YOL115W,0,-10.316182,0.09371192753314972,1.0,0.9671000242233276
YER016W,YJL019W,0,-10.322603,0.09370315074920654,1.0,0.967199981212616
YDR021W,YMR139W,0,-10.329325,0.09369436651468277,1.0,0.9672999978065491
YGR195W,YHR139C,0,-10.335517,0.0936855897307396,1.0,0.9674000144004822
YHR081W,YIR021W,0,-10.346073,0.09367681294679642,1.0,0.9674999713897705
YPR025C,YOR367W,0,-10.347888,0.09366804361343384,1.0,0.9675999879837036
YJL124C,YMR235C,0,-10.355207,0.09365926682949066,1.0,0.9677000045776367
YDL231C,YBL052C,0,-10.362339,0.09365049749612808,1.0,0.9678000211715698
YBR294W,YIL101C,0,-10.374971,0.0936417281627655,1.0,0.9678999781608582
YIL142W,YBL064C,0,-10.37521,0.09363295882940292,1.0,0.9679999947547913
YLL026W,YGR091W,0,-10.387215,0.09362418949604034,1.0,0.9681000113487244
YKL052C,YOL145C,0,-10.390879,0.09361542761325836,1.0,0.9682000279426575
YFR027W,YMR229C,0,-10.399571,0.09360666573047638,1.0,0.9682999849319458
YNL232W,YBR072W,0,-10.407169,0.0935979038476944,1.0,0.9684000015258789
YNL216W,YPL010W,0,-10.409072,0.09358914196491241,1.0,0.968500018119812
YJL183W,YPL122C,0,-10.410112,0.09358038753271103,1.0,0.9685999751091003
YDR176W,YOL040C,0,-10.413145,0.09357162564992905,1.0,0.9686999917030334
YBR059C,YDR121W,0,-10.413299,0.09356287121772766,1.0,0.9688000082969666
YJR070C,YMR225C,0,-10.417678,0.09355412423610687,1.0,0.9689000248908997
YIL103W,YJR082C,0,-10.423711,0.09354536980390549,1.0,0.968999981880188
YAL025C,YGL030W,0,-10.4272,0.0935366228222847,1.0,0.9690999984741211
YKL048C,YCR042C,0,-10.427839,0.09352786839008331,1.0,0.9692000150680542
YOL077C,YDR255C,0,-10.430668,0.09351912140846252,1.0,0.9692999720573425
YMR078C,YER116C,0,-10.439231,0.09351038187742233,1.0,0.9693999886512756
YDR052C,YEL009C,0,-10.442827,0.09350163489580154,1.0,0.9695000052452087
YCL039W,YGR047C,0,-10.453947,0.09349289536476135,1.0,0.9696000218391418
YLR264W,YER123W,0,-10.4544115,0.09348415583372116,1.0,0.9696999788284302
YLR110C,YNL214W,0,-10.457378,0.09347541630268097,1.0,0.9697999954223633
YDR412W,YLR249W,0,-10.457707,0.09346667677164078,1.0,0.9699000120162964
YMR250W,YMR035W,0,-10.4624605,0.09345794469118118,1.0,0.9700000286102295
YOR304W,YAL011W,0,-10.462619,0.09344921261072159,1.0,0.9700999855995178
YPL101W,YNL091W,0,-10.464212,0.093440480530262,1.0,0.9702000021934509
YBR295W,YOR281C,0,-10.466339,0.0934317484498024,1.0,0.970300018787384
YKL021C,YNL309W,0,-10.470531,0.0934230163693428,1.0,0.9703999757766724
YBR169C,YML093W,0,-10.472127,0.0934142917394638,1.0,0.9704999923706055
YKL040C,YOR272W,0,-10.482874,0.09340556710958481,1.0,0.9706000089645386
YPL169C,YDR087C,0,-10.48635,0.09339684247970581,1.0,0.9707000255584717
YDR511W,YDR398W,0,-10.487587,0.09338811784982681,1.0,0.97079998254776
YMR097C,YNL273W,0,-10.490878,0.09337940067052841,1.0,0.9708999991416931
YOR185C,YMR164C,0,-10.498795,0.09337068349123001,1.0,0.9710000157356262
YKL139W,YPR067W,0,-10.50721,0.09336196631193161,1.0,0.9710999727249146
YNL256W,YML093W,0,-10.508329,0.09335324913263321,1.0,0.9711999893188477
YJR089W,YBR055C,0,-10.514902,0.09334453195333481,1.0,0.9713000059127808
YGR014W,YDR083W,0,-10.5156355,0.093335822224617,1.0,0.9714000225067139
YLR002C,YMR139W,0,-10.515989,0.0933271124958992,1.0,0.9714999794960022
YGL241W,YGL137W,0,-10.516445,0.0933184027671814,1.0,0.9715999960899353
YBR195C,YPL029W,0,-10.518495,0.09330969303846359,1.0,0.9717000126838684
YGR220C,YAR002W,0,-10.520683,0.09330099076032639,1.0,0.9718000292778015
YBR121C,YMR061W,0,-10.522458,0.09329228103160858,1.0,0.9718999862670898
YDR060W,YGL004C,0,-10.523378,0.09328357875347137,1.0,0.972000002861023
YDR339C,YHR083W,0,-10.529465,0.09327488392591476,1.0,0.972100019454956
YEL015W,YPR101W,0,-10.531226,0.09326618164777756,1.0,0.9721999764442444
YPR135W,YFL022C,0,-10.540091,0.09325748682022095,1.0,0.9722999930381775
YGL089C,YER068W,0,-10.544168,0.09324878454208374,1.0,0.9724000096321106
YBL105C,YML024W,0,-10.544662,0.09324008971452713,1.0,0.9725000262260437
YER012W,YJL141C,0,-10.545528,0.09323140233755112,1.0,0.972599983215332
YBL009W,YKL028W,0,-10.554493,0.0932227075099945,1.0,0.9726999998092651
YLL004W,YDL060W,0,-10.557934,0.0932140201330185,1.0,0.9728000164031982
YOL021C,YML043C,0,-10.55865,0.09320533275604248,1.0,0.9728999733924866
YLR191W,YGL169W,0,-10.595098,0.09319664537906647,1.0,0.9729999899864197
YIL143C,YGR005C,0,-10.597122,0.09318795800209045,1.0,0.9731000065803528
YBR121C,YOR362C,0,-10.600309,0.09317927807569504,1.0,0.9732000231742859
YKL139W,YPL125W,0,-10.610934,0.09317059814929962,1.0,0.9732999801635742
YLR068W,YOR329C,0,-10.61211,0.0931619182229042,1.0,0.9733999967575073
YGL232W,YKL041W,0,-10.612812,0.09315323829650879,1.0,0.9735000133514404
YGR142W,YMR142C,0,-10.619459,0.09314455837011337,1.0,0.9735999703407288
YOL164W,YNL151C,0,-10.621582,0.09313588589429855,1.0,0.9736999869346619
YER126C,YHR014W,0,-10.631435,0.09312721341848373,1.0,0.973800003528595
YBR288C,YJR057W,0,-10.644315,0.09311854094266891,1.0,0.9739000201225281
YML112W,YLR145W,0,-10.646034,0.0931098684668541,1.0,0.9739999771118164
YDR002W,YLR277C,0,-10.646612,0.09310120344161987,1.0,0.9740999937057495
YLR154C,YOR308C,0,-10.65863,0.09309253096580505,1.0,0.9742000102996826
YJL179W,YGR161C,0,-10.67147,0.09308386594057083,1.0,0.9743000268936157
YGR280C,YDR308C,0,-10.676905,0.0930752083659172,1.0,0.974399983882904
YGR159C,YLR154C,0,-10.6847315,0.09306654334068298,1.0,0.9745000004768372
YOL054W,YLR424W,0,-10.688907,0.09305787831544876,1.0,0.9746000170707703
YKR083C,YCL034W,0,-10.714118,0.09304922074079514,1.0,0.9746999740600586
YFL014W,YLR222C,0,-10.718351,0.09304056316614151,1.0,0.9747999906539917
YJR082C,YGR162W,0,-10.732653,0.09303191304206848,1.0,0.9749000072479248
YOR198C,YJL184W,0,-10.735086,0.09302325546741486,1.0,0.9750000238418579
YDR043C,YPL151C,0,-10.737898,0.09301460534334183,1.0,0.9750999808311462
YBR290W,YHR069C,0,-10.742489,0.0930059552192688,1.0,0.9751999974250793
YEL018W,YLR003C,0,-10.744839,0.09299730509519577,1.0,0.9753000140190125
YJL008C,YGR248W,0,-10.746621,0.09298865497112274,1.0,0.9753999710083008
YFL039C,YKL021C,0,-10.7510805,0.09298001229763031,1.0,0.9754999876022339
YEL018W,YER146W,0,-10.762041,0.09297136217355728,1.0,0.975600004196167
YBR142W,YLR191W,0,-10.762905,0.09296271950006485,1.0,0.9757000207901001
YHR129C,YDL155W,0,-10.765596,0.09295408427715302,1.0,0.9757999777793884
YGR005C,YPR139C,0,-10.7664175,0.09294544160366058,1.0,0.9758999943733215
YNL222W,YPL157W,0,-10.767458,0.09293680638074875,1.0,0.9760000109672546
YCR026C,YGR229C,0,-10.769763,0.09292816370725632,1.0,0.9761000275611877
YPR175W,YFR053C,0,-10.772402,0.09291952848434448,1.0,0.9761999845504761
YMR048W,YOR151C,0,-10.785336,0.09291090071201324,1.0,0.9763000011444092
YJL050W,YJL076W,0,-10.788254,0.09290226548910141,1.0,0.9764000177383423
YCR010C,YBR169C,0,-10.794292,0.09289363771677017,1.0,0.9764999747276306
YBR278W,YJL076W,0,-10.795368,0.09288500994443893,1.0,0.9765999913215637
YLR051C,YFR003C,0,-10.81219,0.0928763821721077,1.0,0.9767000079154968
YGL211W,YDR004W,0,-10.822801,0.09286775439977646,1.0,0.9768000245094299
YAL059W,YLL021W,0,-10.827702,0.09285913407802582,1.0,0.9768999814987183
YIR010W,YLR405W,0,-10.830206,0.09285051375627518,1.0,0.9769999980926514
YNL182C,YFL038C,0,-10.832634,0.09284189343452454,1.0,0.9771000146865845
YML112W,YDR201W,0,-10.842798,0.0928332731127739,1.0,0.9771999716758728
YDR494W,YKL081W,0,-10.843954,0.09282465279102325,1.0,0.9772999882698059
YHR085W,YBR048W,0,-10.879431,0.09281603991985321,1.0,0.977400004863739
YGR088W,YML094W,0,-10.891972,0.09280742704868317,1.0,0.9775000214576721
YDL074C,YHR008C,0,-10.90019,0.09279881417751312,1.0,0.9775999784469604
YLR129W,YCR035C,0,-10.913151,0.09279020130634308,1.0,0.9776999950408936
YOR304W,YFL002C,0,-10.92536,0.09278158843517303,1.0,0.9778000116348267
YGL150C,YOR265W,0,-10.933491,0.09277298301458359,1.0,0.9779000282287598
YOL144W,YNL246W,0,-10.939356,0.09276437759399414,1.0,0.9779999852180481
YKR063C,YNL061W,0,-10.939634,0.0927557721734047,1.0,0.9781000018119812
YLR051C,YEL022W,0,-10.949264,0.09274717420339584,1.0,0.9782000184059143
YER018C,YDR429C,0,-10.951196,0.0927385687828064,1.0,0.9782999753952026
YLR051C,YKL143W,0,-10.951204,0.09272997081279755,1.0,0.9783999919891357
YMR235C,YDR165W,0,-10.958134,0.0927213728427887,1.0,0.9785000085830688
YEL015W,YOL010W,0,-10.958761,0.09271277487277985,1.0,0.978600025177002
YER171W,YOR195W,0,-10.964193,0.09270418435335159,1.0,0.9786999821662903
YML080W,YGR200C,0,-10.96865,0.09269558638334274,1.0,0.9787999987602234
YMR014W,YPR037C,0,-10.974922,0.09268699586391449,1.0,0.9789000153541565
YDL108W,YOL034W,0,-10.978076,0.09267840534448624,1.0,0.9789999723434448
YNR054C,YKL134C,0,-10.981851,0.09266981482505798,1.0,0.9790999889373779
YLR002C,YHL034C,0,-10.984768,0.09266123175621033,1.0,0.979200005531311
YGR074W,YKL041W,0,-10.985706,0.09265264868736267,1.0,0.9793000221252441
YHR059W,YGR285C,0,-10.991543,0.09264405816793442,1.0,0.9793999791145325
YOR063W,YNR015W,0,-10.9919615,0.09263548254966736,1.0,0.9794999957084656
YCL029C,YHR143W-A,0,-10.999729,0.0926268994808197,1.0,0.9796000123023987
YLR309C,YKL205W,0,-11.002587,0.09261831641197205,1.0,0.9797000288963318
YOL095C,YAR035W,0,-11.004794,0.09260974079370499,1.0,0.9797999858856201
YGL070C,YDR181C,0,-11.008026,0.09260116517543793,1.0,0.9799000024795532
YDR228C,YBR267W,0,-11.023919,0.09259258955717087,1.0,0.9800000190734863
YML094W,YPL218W,0,-11.030256,0.0925840213894844,1.0,0.9800999760627747
YGL173C,YDR398W,0,-11.044235,0.09257544577121735,1.0,0.9801999926567078
YGL187C,YPL174C,0,-11.054697,0.09256687760353088,1.0,0.9803000092506409
YPR094W,YBR082C,0,-11.055693,0.09255830943584442,1.0,0.980400025844574
YBR290W,YGL232W,0,-11.063383,0.09254974871873856,1.0,0.9804999828338623
YDL226C,YOR148C,0,-11.0696945,0.0925411805510521,1.0,0.9805999994277954
YFL014W,YMR239C,0,-11.072514,0.09253261983394623,1.0,0.9807000160217285
YHR089C,YLR003C,0,-11.07454,0.09252405911684036,1.0,0.9807999730110168
YNL258C,YDR312W,0,-11.0855,0.0925154983997345,1.0,0.98089998960495
YOL142W,YIL167W,0,-11.0863495,0.09250693768262863,1.0,0.9810000061988831
YJL081C,YHR069C,0,-11.097029,0.09249838441610336,1.0,0.9811000227928162
YFR037C,YGR270W,0,-11.117826,0.0924898236989975,1.0,0.9811999797821045
YPR057W,YGL070C,0,-11.1198015,0.09248127043247223,1.0,0.9812999963760376
YKL110C,YBR073W,0,-11.14282,0.09247271716594696,1.0,0.9814000129699707
YDR202C,YGR209C,0,-11.144018,0.09246417135000229,1.0,0.9815000295639038
YOL149W,YJR017C,0,-11.153236,0.09245561808347702,1.0,0.9815999865531921
YIL019W,YHR088W,0,-11.158056,0.09244707226753235,1.0,0.9817000031471252
YHR085W,YIR026C,0,-11.161222,0.09243852645158768,1.0,0.9818000197410583
YJR077C,YOR340C,0,-11.161441,0.092429980635643,1.0,0.9818999767303467
YJL184W,YOL010W,0,-11.164331,0.09242144227027893,1.0,0.9819999933242798
YBL024W,YDR409W,0,-11.168438,0.09241290390491486,1.0,0.9821000099182129
YER053C,YKL203C,0,-11.169251,0.09240435808897018,1.0,0.982200026512146
YDL051W,YDR409W,0,-11.172169,0.0923958271741867,1.0,0.9822999835014343
YOL080C,YDR328C,0,-11.178072,0.09238728880882263,1.0,0.9824000000953674
YIL128W,YFR037C,0,-11.182205,0.09237875044345856,1.0,0.9825000166893005
YDR527W,YLR409C,0,-11.187953,0.09237021952867508,1.0,0.9825999736785889
YDL200C,YNL201C,0,-11.210224,0.0923616886138916,1.0,0.982699990272522
YDL154W,YML093W,0,-11.211203,0.09235315769910812,1.0,0.9828000068664551
YLR276C,YJR017C,0,-11.242195,0.09234462678432465,1.0,0.9829000234603882
YML128C,YDR473C,0,-11.242691,0.09233610332012177,1.0,0.9829999804496765
YBR155W,YJL039C,0,-11.2435055,0.09232757985591888,1.0,0.9830999970436096
YNL133C,YLR293C,0,-11.243816,0.092319056391716,1.0,0.9832000136375427
YJL148W,YOL034W,0,-11.260727,0.09231053292751312,1.0,0.983299970626831
YDL166C,YLR181C,0,-11.271826,0.09230200946331024,1.0,0.9833999872207642
YDL166C,YKL082C,0,-11.274813,0.09229349344968796,1.0,0.9835000038146973
YPL101W,YHR081W,0,-11.276882,0.09228497743606567,1.0,0.9836000204086304
YPR189W,YGL210W,0,-11.279648,0.09227646142244339,1.0,0.9836999773979187
YHR085W,YGR241C,0,-11.281633,0.0922679454088211,1.0,0.9837999939918518
YMR029C,YKL082C,0,-11.282705,0.09225943684577942,1.0,0.9839000105857849
YDL031W,YDR527W,0,-11.286862,0.09225092083215714,1.0,0.984000027179718
YLR449W,YDL120W,0,-11.296758,0.09224241226911545,1.0,0.9840999841690063
YJL115W,YLR264W,0,-11.305555,0.09223390370607376,1.0,0.9842000007629395
YDL040C,YPR137W,0,-11.309556,0.09222540259361267,1.0,0.9843000173568726
YHR148W,YOL111C,0,-11.316841,0.09221689403057098,1.0,0.9843999743461609
YPL267W,YBL079W,0,-11.318909,0.0922083929181099,1.0,0.984499990940094
YJL140W,YOR195W,0,-11.33219,0.0921998918056488,1.0,0.9846000075340271
YEL018W,YKL154W,0,-11.334277,0.09219139069318771,1.0,0.9847000241279602
YOR284W,YPL146C,0,-11.343577,0.09218288958072662,1.0,0.9847999811172485
YOR143C,YIR026C,0,-11.344042,0.09217439591884613,1.0,0.9848999977111816
YJL030W,YNL151C,0,-11.358633,0.09216590225696564,1.0,0.9850000143051147
YFR052W,YDL153C,0,-11.384811,0.09215740114450455,1.0,0.9850999712944031
YPL050C,YDL150W,0,-11.391659,0.09214891493320465,1.0,0.9851999878883362
YDL102W,YJL076W,0,-11.394835,0.09214042127132416,1.0,0.9853000044822693
YML094W,YBL064C,0,-11.402473,0.09213193506002426,1.0,0.9854000210762024
YJR125C,YJL010C,0,-11.411768,0.09212344884872437,1.0,0.9854999780654907
YDR473C,YGR090W,0,-11.433357,0.09211496263742447,1.0,0.9855999946594238
YFR037C,YPL026C,0,-11.436993,0.09210647642612457,1.0,0.9857000112533569
YDR473C,YNL216W,0,-11.441973,0.09209799021482468,1.0,0.98580002784729
YDR087C,YLR275W,0,-11.458122,0.09208951145410538,1.0,0.9858999848365784
YJL069C,YGL210W,0,-11.460363,0.09208103269338608,1.0,0.9860000014305115
YDL003W,YML011C,0,-11.493396,0.09207255393266678,1.0,0.9861000180244446
YLL036C,YFL038C,0,-11.499507,0.09206407517194748,1.0,0.9861999750137329
YBR185C,YDR418W,0,-11.510014,0.09205560386180878,1.0,0.986299991607666
YER016W,YDL043C,0,-11.525385,0.09204712510108948,1.0,0.9864000082015991
YOR057W,YDR165W,0,-11.528003,0.09203865379095078,1.0,0.9865000247955322
YDR516C,YBR257W,0,-11.544607,0.09203018248081207,1.0,0.9865999817848206
YOR198C,YNL201C,0,-11.57062,0.09202171862125397,1.0,0.9866999983787537
YDR312W,YNL222W,0,-11.578143,0.09201324731111526,1.0,0.9868000149726868
YML073C,YNL167C,0,-11.596703,0.09200478345155716,1.0,0.9868999719619751
YLL060C,YBR072W,0,-11.6090355,0.09199631959199905,1.0,0.9869999885559082
YNL061W,YDR501W,0,-11.6306925,0.09198785573244095,1.0,0.9871000051498413
YOR094W,YML060W,0,-11.639898,0.09197939932346344,1.0,0.9872000217437744
YJR135C,YPL050C,0,-11.643606,0.09197093546390533,1.0,0.9872999787330627
YBL052C,YCL010C,0,-11.651943,0.09196247905492783,1.0,0.9873999953269958
YDR480W,YJL208C,0,-11.673838,0.09195402264595032,1.0,0.987500011920929
YJL090C,YIL008W,0,-11.680992,0.09194556623697281,1.0,0.9876000285148621
YNR033W,YBR060C,0,-11.683422,0.0919371172785759,1.0,0.9876999855041504
YGL201C,YDR398W,0,-11.687519,0.09192866086959839,1.0,0.9878000020980835
YLL008W,YLR075W,0,-11.693336,0.09192021191120148,1.0,0.9879000186920166
YNL298W,YNL075W,0,-11.698424,0.09191176295280457,1.0,0.9879999756813049
YJL005W,YMR142C,0,-11.706642,0.09190331399440765,1.0,0.988099992275238
YKL149C,YNL292W,0,-11.708225,0.09189487248659134,1.0,0.9882000088691711
YLR254C,YNL292W,0,-11.714186,0.09188643097877502,1.0,0.9883000254631042
YIL114C,YBR126C,0,-11.716249,0.09187798947095871,1.0,0.9883999824523926
YOR095C,YGL232W,0,-11.725429,0.0918695479631424,1.0,0.9884999990463257
YDR211W,YHR083W,0,-11.733351,0.09186110645532608,1.0,0.9886000156402588
YMR250W,YHR077C,0,-11.740084,0.09185266494750977,1.0,0.9886999726295471
YDL111C,YDR308C,0,-11.741732,0.09184423089027405,1.0,0.9887999892234802
YPR017C,YOR265W,0,-11.7423,0.09183579683303833,1.0,0.9889000058174133
YCR072C,YGL207W,0,-11.755289,0.09182736277580261,1.0,0.9890000224113464
YOR028C,YDR211W,0,-11.759661,0.09181893616914749,1.0,0.9890999794006348
YPR137W,YHL034C,0,-11.761681,0.09181050211191177,1.0,0.9891999959945679
YGL173C,YER082C,0,-11.766821,0.09180207550525665,1.0,0.989300012588501
YDL197C,YDR398W,0,-11.775309,0.09179364889860153,1.0,0.9894000291824341
YGR145W,YGL129C,0,-11.790234,0.09178522229194641,1.0,0.9894999861717224
YHR031C,YNL273W,0,-11.790289,0.09177679568529129,1.0,0.9896000027656555
YKL172W,YMR112C,0,-11.804619,0.09176837652921677,1.0,0.9897000193595886
YOR310C,YPL239W,0,-11.806049,0.09175995737314224,1.0,0.989799976348877
YBR142W,YDR409W,0,-11.808246,0.09175153821706772,1.0,0.9898999929428101
YKL166C,YJL129C,0,-11.810762,0.0917431190609932,1.0,0.9900000095367432
YMR268C,YPR190C,0,-11.815939,0.09173469990491867,1.0,0.9901000261306763
YPL146C,YJL053W,0,-11.821786,0.09172628819942474,1.0,0.9901999831199646
YNL199C,YDR279W,0,-11.862344,0.09171787649393082,1.0,0.9902999997138977
YJL050W,YKL040C,0,-11.868387,0.09170946478843689,1.0,0.9904000163078308
YDL161W,YMR146C,0,-11.869644,0.09170105308294296,1.0,0.9904999732971191
YJL033W,YNL290W,0,-11.871126,0.09169264882802963,1.0,0.9905999898910522
YLR276C,YDR409W,0,-11.876368,0.0916842371225357,1.0,0.9907000064849854
YEL009C,YPL129W,0,-11.87978,0.09167583286762238,1.0,0.9908000230789185
YJR057W,YJL011C,0,-11.882738,0.09166742861270905,1.0,0.9908999800682068
YAR002W,YCL010C,0,-11.887489,0.09165903180837631,1.0,0.9909999966621399
YOR371C,YNL151C,0,-11.899038,0.09165062755346298,1.0,0.991100013256073
YOL139C,YJL140W,0,-11.903969,0.09164223074913025,1.0,0.9911999702453613
YIL021W,YKL041W,0,-11.911594,0.09163383394479752,1.0,0.9912999868392944
YNL098C,YLR075W,0,-11.912903,0.09162543714046478,1.0,0.9914000034332275
YPL178W,YHR178W,0,-11.92946,0.09161704033613205,1.0,0.9915000200271606
YJR006W,YJL148W,0,-11.938997,0.09160865098237991,1.0,0.991599977016449
YIL079C,YBR121C,0,-11.953667,0.09160025417804718,1.0,0.9916999936103821
YPR034W,YGR074W,0,-11.958859,0.09159186482429504,1.0,0.9918000102043152
YBR288C,YER016W,0,-11.961992,0.09158347547054291,1.0,0.9919000267982483
YDR043C,YBR118W,0,-11.969565,0.09157509356737137,1.0,0.9919999837875366
YJL090C,YPL129W,0,-11.983753,0.09156670421361923,1.0,0.9921000003814697
YBL035C,YDR083W,0,-12.011604,0.09155832231044769,1.0,0.9922000169754028
YLR051C,YMR146C,0,-12.021988,0.09154994040727615,1.0,0.9922999739646912
YMR231W,YGR276C,0,-12.037377,0.09154155850410461,1.0,0.9923999905586243
YJL008C,YKL149C,0,-12.044492,0.09153318405151367,1.0,0.9925000071525574
YLR147C,YML093W,0,-12.044975,0.09152480214834213,1.0,0.9926000237464905
YOR028C,YNL149C,0,-12.0498905,0.09151642769575119,1.0,0.9926999807357788
YNL222W,YOL124C,0,-12.05048,0.09150805324316025,1.0,0.9927999973297119
YHR166C,YDL161W,0,-12.054275,0.0914996787905693,1.0,0.992900013923645
YPL228W,YNL117W,0,-12.058138,0.09149131178855896,1.0,0.9929999709129333
YOL080C,YLR075W,0,-12.063589,0.09148293733596802,1.0,0.9930999875068665
YLR096W,YOL115W,0,-12.07427,0.09147457033395767,1.0,0.9932000041007996
YLR384C,YBR037C,0,-12.085768,0.09146620333194733,1.0,0.9933000206947327
YBR267W,YLR221C,0,-12.130856,0.09145783632993698,1.0,0.993399977684021
YMR112C,YEL060C,0,-12.1366825,0.09144947677850723,1.0,0.9934999942779541
YKL139W,YMR241W,0,-12.142914,0.09144110977649689,1.0,0.9936000108718872
YEL018W,YKR026C,0,-12.15056,0.09143275022506714,1.0,0.9937000274658203
YKL191W,YJL104W,0,-12.1719055,0.09142439067363739,1.0,0.9937999844551086
YFL024C,YKR002W,0,-12.198894,0.09141603112220764,1.0,0.9939000010490417
YDL074C,YCL032W,0,-12.230105,0.09140767902135849,1.0,0.9940000176429749
YML073C,YPR143W,0,-12.242943,0.09139932692050934,1.0,0.9940999746322632
YJL050W,YOR057W,0,-12.252958,0.09139096736907959,1.0,0.9941999912261963
YNL027W,YIL038C,0,-12.267984,0.09138262271881104,1.0,0.9943000078201294
YPL217C,YOR212W,0,-12.268491,0.09137427061796188,1.0,0.9944000244140625
YJL008C,YOL028C,0,-12.282551,0.09136591851711273,1.0,0.9944999814033508
YFR046C,YJL010C,0,-12.297527,0.09135757386684418,1.0,0.9945999979972839
YPL146C,YGL111W,0,-12.304529,0.09134922921657562,1.0,0.994700014591217
YLR106C,YNL222W,0,-12.336754,0.09134088456630707,1.0,0.9947999715805054
YLR448W,YDR416W,0,-12.355297,0.09133253991603851,1.0,0.9948999881744385
YLR009W,YOL034W,0,-12.369939,0.09132420271635056,1.0,0.9950000047683716
YER012W,YGR161C,0,-12.41921,0.091315858066082,1.0,0.9951000213623047
YBR169C,YGR285C,0,-12.430542,0.09130752086639404,1.0,0.995199978351593
YPR119W,YHR066W,0,-12.443168,0.09129919111728668,1.0,0.9952999949455261
YOR078W,YNL164C,0,-12.487436,0.09129085391759872,1.0,0.9954000115394592
YJR077C,YLR335W,0,-12.516876,0.09128251671791077,1.0,0.9955000281333923
YJL111W,YNL023C,0,-12.528884,0.0912741869688034,1.0,0.9955999851226807
YML112W,YOR151C,0,-12.530931,0.09126585721969604,1.0,0.9957000017166138
YLR276C,YGL244W,0,-12.53653,0.09125752747058868,1.0,0.9958000183105469
YOL149W,YKL082C,0,-12.56807,0.09124920517206192,1.0,0.9958999752998352
YGR248W,YGR285C,0,-12.605921,0.09124087542295456,1.0,0.9959999918937683
YNL164C,YAL025C,0,-12.60815,0.0912325531244278,1.0,0.9961000084877014
YLR370C,YLR051C,0,-12.669498,0.09122423082590103,1.0,0.9962000250816345
YOR145C,YOL040C,0,-12.689915,0.09121590852737427,1.0,0.9962999820709229
YLR448W,YLR409C,0,-12.710243,0.0912075862288475,1.0,0.996399998664856
YMR125W,YDL064W,0,-12.784382,0.09119927138090134,1.0,0.9965000152587891
YPR144C,YML073C,0,-12.824577,0.09119095653295517,1.0,0.9965999722480774
YDL031W,YDR516C,0,-12.834718,0.091182641685009,1.0,0.9966999888420105
YIL118W,YOR148C,0,-12.839859,0.09117432683706284,1.0,0.9968000054359436
YDL007W,YGR094W,0,-12.861231,0.09116601198911667,1.0,0.9969000220298767
YPL049C,YDR527W,0,-12.890785,0.0911577045917511,1.0,0.996999979019165
YJR070C,YMR268C,0,-12.969191,0.09114939719438553,1.0,0.9970999956130981
YJL184W,YDL064W,0,-12.973574,0.09114108979701996,1.0,0.9972000122070312
YDR087C,YGR104C,0,-12.982311,0.09113278239965439,1.0,0.9973000288009644
YIL128W,YDR308C,0,-13.114388,0.09112447500228882,1.0,0.9973999857902527
YGL216W,YGR152C,0,-13.192053,0.09111617505550385,1.0,0.9975000023841858
YDR279W,YHR069C,0,-13.208286,0.09110787510871887,1.0,0.9976000189781189
YJR060W,YBR155W,0,-13.228924,0.0910995751619339,1.0,0.9976999759674072
YDR473C,YOL040C,0,-13.2642975,0.09109127521514893,1.0,0.9977999925613403
YBR155W,YJL124C,0,-13.285168,0.09108297526836395,1.0,0.9979000091552734
YNR053C,YNL222W,0,-13.308435,0.09107468277215958,1.0,0.9980000257492065
YJR002W,YGR152C,0,-13.309211,0.0910663902759552,1.0,0.9980999827384949
YOL094C,YDR167W,0,-13.347742,0.09105809777975082,1.0,0.998199999332428
YGR145W,YPL210C,0,-13.404745,0.09104980528354645,1.0,0.9983000159263611
YGR158C,YJL074C,0,-13.504877,0.09104151278734207,1.0,0.9983999729156494
YGR142W,YNL239W,0,-13.522415,0.09103322774171829,1.0,0.9984999895095825
YOL021C,YBR167C,0,-13.592617,0.09102494269609451,1.0,0.9986000061035156
YHR066W,YOR110W,0,-13.634221,0.09101665765047073,1.0,0.9987000226974487
YJL124C,YOL144W,0,-13.639701,0.09100837260484695,1.0,0.9987999796867371
YGR158C,YGR030C,0,-13.658114,0.09100008755922318,1.0,0.9988999962806702
YMR270C,YCR035C,0,-13.680571,0.09099180996417999,1.0,0.9990000128746033
YGR246C,YNL112W,0,-13.688501,0.09098353236913681,1.0,0.9991000294685364
YNL182C,YGL232W,0,-13.780356,0.09097525477409363,1.0,0.9991999864578247
YML071C,YDR398W,0,-13.821902,0.09096697717905045,1.0,0.9993000030517578
YOL077C,YGL087C,0,-13.987053,0.09095870703458786,1.0,0.9994000196456909
YDL108W,YGL211W,0,-14.05147,0.09095042943954468,1.0,0.9994999766349792
YDR097C,YHR119W,0,-14.072651,0.09094215929508209,1.0,0.9995999932289124
YGR120C,YJL124C,0,-14.453793,0.0909338891506195,1.0,0.9997000098228455
YGR195W,YNL253W,0,-14.502809,0.09092562645673752,1.0,0.9998000264167786
YNL061W,YFR052W,0,-14.652301,0.09091735631227493,1.0,0.9998999834060669
YPR143W,YGR185C,0,-15.339621,0.09090909361839294,1.0,1.0
