Gene A,Gene B,Label,Score,Precision,Recall,False Positive Rate
YPL154C,YDR481C,0,-3.2633018,0.0,0.0,9.999999747378752e-05
YDR294C,YLR191W,0,-3.5200536,0.0,0.0,0.00019999999494757503
YLR216C,YIL097W,0,-3.5790439,0.0,0.0,0.0003000000142492354
YKR066C,YBL040C,0,-3.6714213,0.0,0.0,0.00039999998989515007
YER017C,YMR186W,0,-3.67662,0.0,0.0,0.0005000000237487257
YBR207W,YGL181W,1,-3.6836963,0.1666666716337204,0.0010000000474974513,0.0005000000237487257
YDR394W,YAL016W,0,-3.7137215,0.1428571492433548,0.0010000000474974513,0.0006000000284984708
YDL178W,YOL033W,0,-3.7262719,0.125,0.0010000000474974513,0.000699999975040555
YDL126C,YCL052C,0,-3.751883,0.1111111119389534,0.0010000000474974513,0.0007999999797903001
YOR035C,YDR328C,0,-3.7733734,0.10000000149011612,0.0010000000474974513,0.0008999999845400453
YBR009C,YDR224C,0,-3.7759619,0.09090909361839294,0.0010000000474974513,0.0010000000474974513
YBR059C,YOR109W,1,-3.7874565,0.1666666716337204,0.0020000000949949026,0.0010000000474974513
YOR109W,YDR388W,1,-3.7932186,0.23076923191547394,0.003000000026077032,0.0010000000474974513
YDR394W,YJL036W,0,-3.7981465,0.2142857164144516,0.003000000026077032,0.0010999999940395355
YHR027C,YOR259C,0,-3.8035598,0.20000000298023224,0.003000000026077032,0.0012000000569969416
YBR059C,YHR161C,1,-3.8253255,0.25,0.004000000189989805,0.0012000000569969416
YBL078C,YGR007W,0,-3.856559,0.23529411852359772,0.004000000189989805,0.0013000000035390258
YER027C,YPL224C,0,-3.8737106,0.2222222238779068,0.004000000189989805,0.00139999995008111
YPL232W,YOR132W,0,-3.8813734,0.21052631735801697,0.004000000189989805,0.001500000013038516
YNL006W,YNL007C,0,-3.89715,0.20000000298023224,0.004000000189989805,0.0015999999595806003
YNR035C,YBR207W,1,-3.9340339,0.2380952388048172,0.004999999888241291,0.0015999999595806003
YKL195W,YDR092W,0,-3.9352584,0.22727273404598236,0.004999999888241291,0.0017000000225380063
YER036C,YKL051W,0,-3.9494061,0.21739129722118378,0.004999999888241291,0.0017999999690800905
YDR069C,YNL154C,1,-3.97154,0.25,0.006000000052154064,0.0017999999690800905
YLR371W,YNL243W,1,-3.972938,0.2800000011920929,0.007000000216066837,0.0017999999690800905
YIL154C,YKR048C,0,-3.9897814,0.26923078298568726,0.007000000216066837,0.0019000000320374966
YNR035C,YKL126W,1,-3.9947953,0.29629629850387573,0.00800000037997961,0.0019000000320374966
YMR041C,YML029W,0,-3.9957814,0.2857142984867096,0.00800000037997961,0.0020000000949949026
YGR167W,YGR284C,1,-3.9991727,0.3103448152542114,0.008999999612569809,0.0020000000949949026
YNR035C,YOR089C,1,-4.000981,0.3333333432674408,0.009999999776482582,0.0020000000949949026
YHR114W,YOR109W,1,-4.009606,0.35483869910240173,0.010999999940395355,0.0020000000949949026
YBR201W,YER178W,0,-4.0156264,0.34375,0.010999999940395355,0.002099999925121665
YPL145C,YNL154C,1,-4.015841,0.3636363744735718,0.012000000104308128,0.002099999925121665
YER166W,YER133W,1,-4.01649,0.38235294818878174,0.013000000268220901,0.002099999925121665
YBR207W,YJL165C,1,-4.018091,0.4000000059604645,0.014000000432133675,0.002099999925121665
YML124C,YDL128W,0,-4.0197816,0.3888888955116272,0.014000000432133675,0.002199999988079071
YFR024C-A,YMR314W,0,-4.0219073,0.37837839126586914,0.014000000432133675,0.002300000051036477
YGR186W,YOR132W,0,-4.0361896,0.3684210479259491,0.014000000432133675,0.002400000113993883
YGR167W,YNL293W,1,-4.040256,0.38461539149284363,0.014999999664723873,0.002400000113993883
YNR035C,YGR284C,1,-4.0432262,0.4000000059604645,0.01600000075995922,0.002400000113993883
YPL204W,YBR214W,1,-4.056286,0.4146341383457184,0.017000000923871994,0.002400000113993883
YBR109C,YEL027W,1,-4.066365,0.4285714328289032,0.017999999225139618,0.002400000113993883
YHR114W,YHR016C,1,-4.0671644,0.44186046719551086,0.01899999938905239,0.002400000113993883
YJR139C,YBL102W,0,-4.0691733,0.4318181872367859,0.01899999938905239,0.0024999999441206455
YIL097W,YER161C,0,-4.0696244,0.42222222685813904,0.01899999938905239,0.0026000000070780516
YLR328W,YPR132W,0,-4.0714145,0.41304346919059753,0.01899999938905239,0.0027000000700354576
YLR085C,YMR197C,0,-4.0729256,0.40425533056259155,0.01899999938905239,0.00279999990016222
YBL047C,YGL181W,1,-4.086513,0.4166666567325592,0.019999999552965164,0.00279999990016222
YIL034C,YIL143C,0,-4.089001,0.40816327929496765,0.019999999552965164,0.002899999963119626
YPL084W,YIL115C,0,-4.101004,0.4000000059604645,0.019999999552965164,0.003000000026077032
YLR102C,YDR289C,0,-4.104504,0.3921568691730499,0.019999999552965164,0.003100000089034438
YLL019C,YKL073W,0,-4.1077,0.38461539149284363,0.019999999552965164,0.0031999999191612005
YJR060W,YJL128C,0,-4.109075,0.37735849618911743,0.019999999552965164,0.0032999999821186066
YPL177C,YBL033C,0,-4.109756,0.37037035822868347,0.019999999552965164,0.0034000000450760126
YKL041W,YKL196C,0,-4.113292,0.3636363744735718,0.019999999552965164,0.0035000001080334187
YBR059C,YLR371W,1,-4.1303163,0.375,0.020999999716877937,0.0035000001080334187
YKL190W,YDR328C,0,-4.1318045,0.3684210479259491,0.020999999716877937,0.003599999938160181
YJL020C,YBR024W,0,-4.135897,0.36206895112991333,0.020999999716877937,0.003700000001117587
YDR145W,YOR110W,0,-4.148203,0.35593220591545105,0.020999999716877937,0.003800000064074993
YAL026C,YNL084C,1,-4.1486444,0.36666667461395264,0.02199999988079071,0.003800000064074993
YPL094C,YPL129W,0,-4.149361,0.3606557250022888,0.02199999988079071,0.0038999998942017555
YGR147C,YML120C,0,-4.1504536,0.35483869910240173,0.02199999988079071,0.004000000189989805
YHR114W,YAR042W,1,-4.156863,0.3650793731212616,0.023000000044703484,0.004000000189989805
YGR167W,YHR161C,1,-4.16112,0.375,0.024000000208616257,0.004000000189989805
YMR275C,YBR214W,1,-4.1614366,0.38461539149284363,0.02500000037252903,0.004000000189989805
YBR059C,YHR114W,1,-4.1616282,0.39393940567970276,0.026000000536441803,0.004000000189989805
YER021W,YLL024C,0,-4.164618,0.38805970549583435,0.026000000536441803,0.004100000020116568
YDR258C,YIL075C,0,-4.167659,0.38235294818878174,0.026000000536441803,0.00419999985024333
YGR167W,YOR008C,1,-4.1755505,0.3913043439388275,0.027000000700354576,0.00419999985024333
YNR026C,YOR132W,0,-4.176584,0.3857142925262451,0.027000000700354576,0.00430000014603138
YMR109W,YKL126W,1,-4.18936,0.39436620473861694,0.02800000086426735,0.00430000014603138
YKL139W,YNL007C,0,-4.1941714,0.3888888955116272,0.02800000086426735,0.004399999976158142
YMR275C,YGL181W,1,-4.1975927,0.39726027846336365,0.028999999165534973,0.004399999976158142
YGL084C,YNL085W,0,-4.200869,0.3918918967247009,0.028999999165534973,0.0044999998062849045
YGL027C,YIL039W,0,-4.201504,0.3866666555404663,0.028999999165534973,0.004600000102072954
YHR114W,YDR388W,1,-4.20153,0.3947368562221527,0.029999999329447746,0.004600000102072954
YBR029C,YDL128W,0,-4.2019277,0.3896103799343109,0.029999999329447746,0.004699999932199717
YCL040W,YDR409W,0,-4.2034087,0.38461539149284363,0.029999999329447746,0.004800000227987766
YLR102C,YER013W,0,-4.2089686,0.37974682450294495,0.029999999329447746,0.004900000058114529
YER166W,YBL007C,1,-4.21283,0.38749998807907104,0.03099999949336052,0.004900000058114529
YER166W,YOR008C,1,-4.2148557,0.395061731338501,0.03200000151991844,0.004900000058114529
YDR375C,YDR092W,0,-4.2149386,0.39024388790130615,0.03200000151991844,0.004999999888241291
YER133W,YOR327C,1,-4.2174854,0.39759036898612976,0.032999999821186066,0.004999999888241291
YBR214W,YGR241C,1,-4.2175603,0.4047619104385376,0.03400000184774399,0.004999999888241291
YCL052C,YML097C,0,-4.2178073,0.4000000059604645,0.03400000184774399,0.005100000184029341
YDR328C,YDR477W,0,-4.2188993,0.39534884691238403,0.03400000184774399,0.005200000014156103
YPL135W,YLR260W,0,-4.2204638,0.39080458879470825,0.03400000184774399,0.0052999998442828655
YLL027W,YGL095C,0,-4.221144,0.3863636255264282,0.03400000184774399,0.005400000140070915
YGR167W,YCR028C,1,-4.2213492,0.3932584226131439,0.03500000014901161,0.005400000140070915
YPL249C,YDR463W,0,-4.2244005,0.3888888955116272,0.03500000014901161,0.005499999970197678
YCR008W,YOR008C,1,-4.227382,0.3956044018268585,0.035999998450279236,0.005499999970197678
YBR207W,YDR388W,1,-4.2275686,0.4021739065647125,0.03700000047683716,0.005499999970197678
YOR023C,YGR008C,0,-4.230184,0.3978494703769684,0.03700000047683716,0.00559999980032444
YOR109W,YOR089C,1,-4.2308183,0.40425533056259155,0.03799999877810478,0.00559999980032444
YGL181W,YNR047W,1,-4.2320337,0.410526305437088,0.039000000804662704,0.00559999980032444
YER177W,YPL232W,0,-4.2329125,0.40625,0.039000000804662704,0.00570000009611249
YLR095C,YKL196C,0,-4.2344346,0.4020618498325348,0.039000000804662704,0.005799999926239252
YDR272W,YER072W,0,-4.235437,0.3979591727256775,0.039000000804662704,0.005900000222027302
YDL126C,YML028W,0,-4.2359023,0.39393940567970276,0.039000000804662704,0.006000000052154064
YJL053W,YNL007C,0,-4.2394204,0.38999998569488525,0.039000000804662704,0.006099999882280827
YEL027W,YIL048W,1,-4.2407737,0.39603960514068604,0.03999999910593033,0.006099999882280827
YGL053W,YEL037C,0,-4.2425704,0.3921568691730499,0.03999999910593033,0.006200000178068876
YDR092W,YMR197C,0,-4.2468934,0.3883495032787323,0.03999999910593033,0.006300000008195639
YBR288C,YNL084C,1,-4.2470727,0.39423078298568726,0.04100000113248825,0.006300000008195639
YNL243W,YOR008C,1,-4.248672,0.4000000059604645,0.041999999433755875,0.006300000008195639
YGL191W,YDR483W,0,-4.2541966,0.3962264060974121,0.041999999433755875,0.006399999838322401
YBR109C,YOR327C,1,-4.26247,0.40186914801597595,0.0430000014603138,0.006399999838322401
YGR193C,YPR181C,0,-4.2636046,0.39814814925193787,0.0430000014603138,0.006500000134110451
YLR201C,YJL012C,0,-4.264254,0.39449542760849,0.0430000014603138,0.006599999964237213
YER017C,YFR004W,0,-4.265673,0.3909091055393219,0.0430000014603138,0.0066999997943639755
YDR231C,YGR008C,0,-4.2664866,0.38738739490509033,0.0430000014603138,0.006800000090152025
YER166W,YOR109W,1,-4.2665734,0.3928571343421936,0.04399999976158142,0.006800000090152025
YHR114W,YNL243W,1,-4.2671356,0.39823007583618164,0.04500000178813934,0.006800000090152025
YGL181W,YOR008C,1,-4.2672668,0.4035087823867798,0.04600000008940697,0.006800000090152025
YKL074C,YNR006W,0,-4.2675986,0.4000000059604645,0.04600000008940697,0.006899999920278788
YNR035C,YBR109C,1,-4.27124,0.4051724076271057,0.04699999839067459,0.006899999920278788
YDR062W,YBL079W,0,-4.2713075,0.4017094075679779,0.04699999839067459,0.007000000216066837
YJR049C,YLL040C,0,-4.272352,0.39830508828163147,0.04699999839067459,0.0071000000461936
YDR264C,YOR089C,1,-4.2755046,0.40336135029792786,0.04800000041723251,0.0071000000461936
YCL052C,YOL072W,0,-4.278251,0.4000000059604645,0.04800000041723251,0.007199999876320362
YBR207W,YHR016C,1,-4.2796483,0.40495866537094116,0.04899999871850014,0.007199999876320362
YKR003W,YPL032C,1,-4.280927,0.4098360538482666,0.05000000074505806,0.007199999876320362
YER166W,YNR047W,1,-4.281846,0.4146341383457184,0.050999999046325684,0.007199999876320362
YBR214W,YLR240W,1,-4.2829957,0.4193548262119293,0.052000001072883606,0.007199999876320362
YMR184W,YPL135W,0,-4.284371,0.41600000858306885,0.052000001072883606,0.007300000172108412
YNL219C,YDR251W,0,-4.2860456,0.4126984179019928,0.052000001072883606,0.007400000002235174
YOR245C,YPL120W,0,-4.2875466,0.4094488322734833,0.052000001072883606,0.007499999832361937
YIL044C,YBR109C,1,-4.290631,0.4140625,0.05299999937415123,0.007499999832361937
YDL040C,YMR313C,0,-4.2918506,0.41085270047187805,0.05299999937415123,0.007600000128149986
YDR518W,YPR086W,0,-4.292692,0.4076923131942749,0.05299999937415123,0.007699999958276749
YOR007C,YPL002C,0,-4.293974,0.40458014607429504,0.05299999937415123,0.007799999788403511
YLR206W,YMR109W,1,-4.2951736,0.40909090638160706,0.05400000140070915,0.007799999788403511
YNR035C,YNL243W,1,-4.29559,0.4135338366031647,0.054999999701976776,0.007799999788403511
YGR037C,YLR266C,0,-4.2957335,0.41044774651527405,0.054999999701976776,0.007899999618530273
YBR059C,YKL126W,1,-4.2987456,0.4148148000240326,0.0560000017285347,0.007899999618530273
YBR049C,YPR024W,0,-4.298947,0.4117647111415863,0.0560000017285347,0.00800000037997961
YDL084W,YOR332W,0,-4.300648,0.40875911712646484,0.0560000017285347,0.008100000210106373
YGL181W,YDL019C,1,-4.304147,0.41304346919059753,0.05700000002980232,0.008100000210106373
YER133W,YOR089C,1,-4.304297,0.41726619005203247,0.057999998331069946,0.008100000210106373
YGR101W,YJL048C,0,-4.304399,0.41428571939468384,0.057999998331069946,0.008200000040233135
YJR093C,YJL004C,0,-4.3046336,0.41134750843048096,0.057999998331069946,0.008299999870359898
YGR284C,YNL243W,1,-4.3101997,0.4154929518699646,0.05900000035762787,0.008299999870359898
YPL224C,YGL172W,0,-4.3102584,0.41258740425109863,0.05900000035762787,0.00839999970048666
YER145C,YDL097C,0,-4.3146453,0.4097222089767456,0.05900000035762787,0.008500000461935997
YGL025C,YHR106W,0,-4.316799,0.40689656138420105,0.05900000035762787,0.00860000029206276
YPL204W,YIL048W,1,-4.318025,0.4109589159488678,0.05999999865889549,0.00860000029206276
YDR116C,YER094C,0,-4.3236175,0.40816327929496765,0.05999999865889549,0.008700000122189522
YPL145C,YOR008C,1,-4.325504,0.4121621549129486,0.061000000685453415,0.008700000122189522
YDR264C,YGR167W,1,-4.326294,0.4161073863506317,0.06199999898672104,0.008700000122189522
YKL040C,YML029W,0,-4.3269134,0.41333332657814026,0.06199999898672104,0.008799999952316284
YAL026C,YHR135C,1,-4.3271537,0.41721853613853455,0.06300000101327896,0.008799999952316284
YPL179W,YIL105C,0,-4.3281374,0.41447368264198303,0.06300000101327896,0.008899999782443047
YPL078C,YNL241C,0,-4.328514,0.4117647111415863,0.06300000101327896,0.008999999612569809
YJR065C,YDL088C,0,-4.33194,0.40909090638160706,0.06300000101327896,0.009100000374019146
YGR284C,YPL204W,1,-4.3319993,0.41290321946144104,0.06400000303983688,0.009100000374019146
YIL065C,YMR186W,0,-4.332725,0.41025641560554504,0.06400000303983688,0.009200000204145908
YDL077C,YPL120W,0,-4.3336587,0.40764331817626953,0.06400000303983688,0.00930000003427267
YMR072W,YOL027C,0,-4.334829,0.40506330132484436,0.06400000303983688,0.009399999864399433
YBL047C,YNL297C,1,-4.335465,0.4088050425052643,0.06499999761581421,0.009399999864399433
YDR294C,YGL122C,0,-4.3357716,0.40625,0.06499999761581421,0.009499999694526196
YOR039W,YNL044W,0,-4.335844,0.4037266969680786,0.06499999761581421,0.009600000455975533
YLR324W,YOR275C,0,-4.3361053,0.40123456716537476,0.06499999761581421,0.009700000286102295
YDR272W,YBL093C,0,-4.3383336,0.3987730145454407,0.06499999761581421,0.009800000116229057
YHR115C,YHR200W,0,-4.338388,0.396341472864151,0.06499999761581421,0.00989999994635582
YNR035C,YNL297C,1,-4.338903,0.4000000059604645,0.06599999964237213,0.00989999994635582
YIL034C,YER087C-B,0,-4.339062,0.39759036898612976,0.06599999964237213,0.009999999776482582
YHR114W,YMR109W,1,-4.3410134,0.401197612285614,0.06700000166893005,0.009999999776482582
YDR375C,YNL088W,0,-4.343593,0.3988095223903656,0.06700000166893005,0.010099999606609344
YNL084C,YGL054C,1,-4.3436284,0.40236687660217285,0.06800000369548798,0.010099999606609344
YMR012W,YAL035W,0,-4.34382,0.4000000059604645,0.06800000369548798,0.010200000368058681
YNL015W,YKR062W,0,-4.344834,0.3976608216762543,0.06800000369548798,0.010300000198185444
YDL095W,YGL144C,0,-4.3457303,0.39534884691238403,0.06800000369548798,0.010400000028312206
YLR028C,YHR006W,0,-4.3506737,0.39306357502937317,0.06800000369548798,0.010499999858438969
YFR021W,YER100W,0,-4.3508244,0.39080458879470825,0.06800000369548798,0.010599999688565731
YBL056W,YCL008C,0,-4.352604,0.38857144117355347,0.06800000369548798,0.010700000450015068
YER166W,YLR371W,1,-4.355499,0.3920454680919647,0.0689999982714653,0.010700000450015068
YDR294C,YOL049W,0,-4.356929,0.38983049988746643,0.0689999982714653,0.01080000028014183
YCL035C,YCL031C,0,-4.356949,0.38764044642448425,0.0689999982714653,0.010900000110268593
YDR358W,YLR034C,0,-4.3585715,0.3854748606681824,0.0689999982714653,0.010999999940395355
YDR294C,YBR082C,0,-4.358669,0.38333332538604736,0.0689999982714653,0.011099999770522118
YGR167W,YLR206W,1,-4.359095,0.3867403268814087,0.07000000029802322,0.011099999770522118
YGR167W,YKL126W,1,-4.360701,0.3901098966598511,0.07100000232458115,0.011099999770522118
YPL053C,YJR126C,0,-4.3616533,0.38797813653945923,0.07100000232458115,0.01119999960064888
YDR069C,YBL047C,1,-4.3616643,0.3913043439388275,0.07199999690055847,0.01119999960064888
YDL052C,YKR042W,0,-4.3665648,0.3891891837120056,0.07199999690055847,0.011300000362098217
YDL007W,YGL208W,0,-4.3689675,0.3870967626571655,0.07199999690055847,0.01140000019222498
YDR388W,YAR042W,1,-4.3699627,0.3903743326663971,0.0729999989271164,0.01140000019222498
YBR288C,YIL048W,1,-4.370905,0.39361703395843506,0.07400000095367432,0.01140000019222498
YPL084W,YOL004W,0,-4.3723273,0.39153438806533813,0.07400000095367432,0.011500000022351742
YGL244W,YDR372C,0,-4.3742557,0.38947367668151855,0.07400000095367432,0.011599999852478504
YIL122W,YBR024W,0,-4.375365,0.38743454217910767,0.07400000095367432,0.011699999682605267
YDR388W,YOR043W,1,-4.3756413,0.390625,0.07500000298023224,0.011699999682605267
YLR206W,YHR161C,1,-4.3771977,0.393782377243042,0.07599999755620956,0.011699999682605267
YBR059C,YGR284C,1,-4.378343,0.3969072103500366,0.07699999958276749,0.011699999682605267
YPL048W,YMR203W,0,-4.3789797,0.3948718011379242,0.07699999958276749,0.011800000444054604
YPL015C,YNL231C,0,-4.379168,0.3928571343421936,0.07699999958276749,0.011900000274181366
YFR004W,YGR141W,0,-4.379743,0.39086294174194336,0.07699999958276749,0.012000000104308128
YER177W,YNL298W,0,-4.3807797,0.3888888955116272,0.07699999958276749,0.01209999993443489
YBL047C,YBR214W,1,-4.38119,0.3919597864151001,0.07800000160932541,0.01209999993443489
YDL088C,YGL245W,0,-4.383634,0.38999998569488525,0.07800000160932541,0.012199999764561653
YLR206W,YNR047W,1,-4.3841224,0.39303481578826904,0.07900000363588333,0.012199999764561653
YDL045C,YOR151C,0,-4.385176,0.3910891115665436,0.07900000363588333,0.012299999594688416
YGR167W,YHR016C,1,-4.386331,0.39408865571022034,0.07999999821186066,0.012299999594688416
YPL171C,YGR197C,0,-4.387115,0.3921568691730499,0.07999999821186066,0.012400000356137753
YDL019C,YAR042W,1,-4.387254,0.3951219618320465,0.08100000023841858,0.012400000356137753
YHL019C,YHR114W,1,-4.387415,0.3980582654476166,0.0820000022649765,0.012400000356137753
YER166W,YDL019C,1,-4.3875136,0.40096619725227356,0.08299999684095383,0.012400000356137753
YKL213C,YFL004W,0,-4.3879676,0.3990384638309479,0.08299999684095383,0.012500000186264515
YBR109C,YCR028C,1,-4.388563,0.4019138813018799,0.08399999886751175,0.012500000186264515
YGR167W,YBR207W,1,-4.388979,0.4047619104385376,0.08500000089406967,0.012500000186264515
YOL016C,YGL095C,0,-4.3896785,0.4028435945510864,0.08500000089406967,0.012600000016391277
YDR264C,YHR016C,1,-4.3900056,0.40566039085388184,0.0860000029206276,0.012600000016391277
YDL147W,YHR030C,0,-4.390269,0.40375587344169617,0.0860000029206276,0.01269999984651804
YMR316W,YOR157C,0,-4.3912253,0.40186914801597595,0.0860000029206276,0.012799999676644802
YDL099W,YMR004W,0,-4.392404,0.4000000059604645,0.0860000029206276,0.012900000438094139
YLR170C,YDR394W,0,-4.393455,0.39814814925193787,0.0860000029206276,0.013000000268220901
YMR041C,YOR191W,0,-4.393912,0.3963133692741394,0.0860000029206276,0.013100000098347664
YJR065C,YHR115C,0,-4.3964796,0.39449542760849,0.0860000029206276,0.013199999928474426
YNR019W,YLR314C,0,-4.3966527,0.39269405603408813,0.0860000029206276,0.013299999758601189
YLR206W,YNL243W,1,-4.3973784,0.3954545557498932,0.08699999749660492,0.013299999758601189
YER166W,YBR214W,1,-4.397693,0.39819005131721497,0.08799999952316284,0.013299999758601189
YDR069C,YPL204W,1,-4.3979325,0.4009009003639221,0.08900000154972076,0.013299999758601189
YPL259C,YJL124C,0,-4.3981524,0.3991031348705292,0.08900000154972076,0.013399999588727951
YAL015C,YFL004W,0,-4.3991876,0.3973214328289032,0.08900000154972076,0.013500000350177288
YGL105W,YAL012W,0,-4.3996863,0.3955555558204651,0.08900000154972076,0.01360000018030405
YGL054C,YOR089C,1,-4.4020166,0.39823007583618164,0.09000000357627869,0.01360000018030405
YBR288C,YNL154C,1,-4.4024625,0.4008810520172119,0.09099999815225601,0.01360000018030405
YDL161W,YDL019C,1,-4.4047065,0.4035087823867798,0.09200000017881393,0.01360000018030405
YDR225W,YLR328W,0,-4.4053206,0.4017467200756073,0.09200000017881393,0.013700000010430813
YJL186W,YOL122C,0,-4.405383,0.4000000059604645,0.09200000017881393,0.013799999840557575
YDR385W,YKL152C,0,-4.4099507,0.3982684016227722,0.09200000017881393,0.013899999670684338
YGR284C,YLR240W,1,-4.410215,0.40086206793785095,0.09300000220537186,0.013899999670684338
YMR275C,YKR003W,1,-4.4117904,0.4034334719181061,0.09399999678134918,0.013899999670684338
YMR109W,YNR047W,1,-4.4126725,0.4059829115867615,0.0949999988079071,0.013899999670684338
YLR417W,YFL038C,0,-4.4141784,0.40425533056259155,0.0949999988079071,0.014000000432133675
YBR109C,YHR135C,1,-4.4145427,0.4067796468734741,0.09600000083446503,0.014000000432133675
YKL179C,YGL048C,0,-4.4178934,0.40506330132484436,0.09600000083446503,0.014100000262260437
YCL035C,YPR103W,0,-4.4219384,0.40336135029792786,0.09600000083446503,0.0142000000923872
YCL034W,YKL126W,1,-4.4239135,0.40585774183273315,0.09700000286102295,0.0142000000923872
YIL048W,YNL154C,1,-4.4241567,0.40833333134651184,0.09799999743700027,0.0142000000923872
YDR309C,YNL291C,0,-4.426412,0.4066390097141266,0.09799999743700027,0.014299999922513962
YDL161W,YKL126W,1,-4.42729,0.40909090638160706,0.0989999994635582,0.014299999922513962
YBR288C,YER133W,1,-4.430694,0.41152262687683105,0.10000000149011612,0.014299999922513962
YKL145W,YDR353W,0,-4.43113,0.4098360538482666,0.10000000149011612,0.014399999752640724
YNL297C,YHR161C,1,-4.431412,0.41224488615989685,0.10100000351667404,0.014399999752640724
YCR002C,YBR127C,0,-4.4341187,0.41056910157203674,0.10100000351667404,0.014499999582767487
YER027C,YPR181C,0,-4.435201,0.40890687704086304,0.10100000351667404,0.014600000344216824
YBR199W,YGL219C,0,-4.43574,0.4072580635547638,0.10100000351667404,0.014700000174343586
YJL003W,YDR212W,0,-4.4358883,0.4056224822998047,0.10100000351667404,0.014800000004470348
YNL084C,YNL243W,1,-4.43742,0.40799999237060547,0.10199999809265137,0.014800000004470348
YDR164C,YGR033C,0,-4.438934,0.4063745141029358,0.10199999809265137,0.01489999983459711
YER143W,YOR191W,0,-4.440454,0.4047619104385376,0.10199999809265137,0.014999999664723873
YLR240W,YHR016C,1,-4.441553,0.4071146249771118,0.10300000011920929,0.014999999664723873
YKL129C,YDL019C,1,-4.4419785,0.4094488322734833,0.10400000214576721,0.014999999664723873
YKR003W,YKL126W,1,-4.4428353,0.4117647111415863,0.10499999672174454,0.014999999664723873
YDR483W,YGR253C,0,-4.4446473,0.41015625,0.10499999672174454,0.01510000042617321
YIL044C,YBL047C,1,-4.4461646,0.4124513566493988,0.10599999874830246,0.01510000042617321
YIL002C,YNL243W,1,-4.4491796,0.41472867131233215,0.10700000077486038,0.01510000042617321
YCL034W,YKR001C,1,-4.450026,0.41698840260505676,0.1080000028014183,0.01510000042617321
YBR110W,YKL214C,0,-4.4503136,0.4153846204280853,0.1080000028014183,0.015200000256299973
YER133W,YPL204W,1,-4.450746,0.4176245331764221,0.10899999737739563,0.015200000256299973
YDL115C,YDR162C,0,-4.451488,0.41603052616119385,0.10899999737739563,0.015300000086426735
YGR033C,YPR024W,0,-4.4526906,0.41444867849349976,0.10899999737739563,0.015399999916553497
YMR109W,YBL007C,1,-4.4555626,0.4166666567325592,0.10999999940395355,0.015399999916553497
YML057W,YJL036W,0,-4.455816,0.4150943458080292,0.10999999940395355,0.01549999974668026
YNL015W,YPL094C,0,-4.4581413,0.4135338366031647,0.10999999940395355,0.015599999576807022
YLR292C,YOR115C,0,-4.459543,0.41198500990867615,0.10999999940395355,0.015699999406933784
YPL031C,YEL037C,0,-4.4599113,0.41044774651527405,0.10999999940395355,0.015799999237060547
YMR109W,YHR161C,1,-4.4603696,0.41263940930366516,0.11100000143051147,0.015799999237060547
YKL007W,YPR161C,0,-4.4605565,0.41111111640930176,0.11100000143051147,0.01590000092983246
YGL084C,YJL166W,0,-4.4628015,0.4095940887928009,0.11100000143051147,0.01600000075995922
YMR237W,YCR002C,0,-4.4640746,0.40808823704719543,0.11100000143051147,0.016100000590085983
YER133W,YML001W,1,-4.465016,0.41025641560554504,0.1120000034570694,0.016100000590085983
YDL135C,YHR030C,0,-4.466084,0.40875911712646484,0.1120000034570694,0.016200000420212746
YBL047C,YKL129C,1,-4.4665112,0.41090908646583557,0.11299999803304672,0.016200000420212746
YOR109W,YDL019C,1,-4.468172,0.41304346919059753,0.11400000005960464,0.016200000420212746
YCR028C,YOR089C,1,-4.469965,0.41516244411468506,0.11500000208616257,0.016200000420212746
YBR288C,YML001W,1,-4.470794,0.41726619005203247,0.11599999666213989,0.016200000420212746
YPL084W,YMR077C,0,-4.47115,0.41577062010765076,0.11599999666213989,0.016300000250339508
YOL016C,YIL013C,0,-4.471566,0.41428571939468384,0.11599999666213989,0.01640000008046627
YML048W,YDR174W,0,-4.474007,0.41281139850616455,0.11599999666213989,0.016499999910593033
YMR275C,YIL048W,1,-4.474488,0.41489362716674805,0.11699999868869781,0.016499999910593033
YPL161C,YJL036W,0,-4.4752126,0.41342756152153015,0.11699999868869781,0.016599999740719795
YGR167W,YLR337C,1,-4.4756575,0.4154929518699646,0.11800000071525574,0.016599999740719795
YMR208W,YDR353W,0,-4.476114,0.4140350818634033,0.11800000071525574,0.016699999570846558
YOR089C,YHR161C,1,-4.478933,0.4160839021205902,0.11900000274181366,0.016699999570846558
YLR330W,YBR218C,0,-4.480764,0.4146341383457184,0.11900000274181366,0.01679999940097332
YJL053W,YPL206C,0,-4.483719,0.4131944477558136,0.11900000274181366,0.016899999231100082
YFR041C,YOR254C,0,-4.4840674,0.4117647111415863,0.11900000274181366,0.017000000923871994
YJR065C,YER068W,0,-4.484344,0.41034483909606934,0.11900000274181366,0.017100000753998756
YBR059C,YBR214W,1,-4.4865413,0.41237112879753113,0.11999999731779099,0.017100000753998756
YGL172W,YIL105C,0,-4.4867334,0.4109589159488678,0.11999999731779099,0.01720000058412552
YFL021W,YER020W,0,-4.4871354,0.4095562994480133,0.11999999731779099,0.01730000041425228
YGL190C,YER162C,0,-4.487297,0.40816327929496765,0.11999999731779099,0.017400000244379044
YGL054C,YCL034W,1,-4.488275,0.41016948223114014,0.12099999934434891,0.017400000244379044
YKL013C,YGR147C,0,-4.490262,0.40878379344940186,0.12099999934434891,0.017500000074505806
YER166W,YLR206W,1,-4.4910903,0.4107744097709656,0.12200000137090683,0.017500000074505806
YBL047C,YOR008C,1,-4.4910927,0.4127516746520996,0.12300000339746475,0.017500000074505806
YER133W,YNR047W,1,-4.491201,0.4147157073020935,0.12399999797344208,0.017500000074505806
YER166W,YNL243W,1,-4.4912267,0.4166666567325592,0.125,0.017500000074505806
YLR113W,YPR198W,0,-4.4912925,0.41528239846229553,0.125,0.01759999990463257
YBR289W,YGL098W,0,-4.4923577,0.4139072895050049,0.125,0.01769999973475933
YHR001W-A,YJR010C-A,0,-4.4926023,0.4125412404537201,0.125,0.017799999564886093
YHR114W,YNL293W,1,-4.494744,0.41447368264198303,0.12600000202655792,0.017799999564886093
YLR229C,YOR089C,1,-4.4949355,0.4163934290409088,0.12700000405311584,0.017799999564886093
YNL008C,YGL190C,0,-4.49661,0.41503268480300903,0.12700000405311584,0.017899999395012856
YGR284C,YCR028C,1,-4.4973407,0.41693809628486633,0.12800000607967377,0.017899999395012856
YGL233W,YGL100W,0,-4.497976,0.41558441519737244,0.12800000607967377,0.017999999225139618
YBR109C,YHR161C,1,-4.499375,0.41747573018074036,0.1289999932050705,0.017999999225139618
YDL095W,YCL010C,0,-4.499691,0.4161290228366852,0.1289999932050705,0.01810000091791153
YFR024C-A,YLR181C,0,-4.4998727,0.4147909879684448,0.1289999932050705,0.018200000748038292
YBL047C,YOR109W,1,-4.500595,0.4166666567325592,0.12999999523162842,0.018200000748038292
YPR188C,YJR104C,0,-4.5008187,0.415335476398468,0.12999999523162842,0.018300000578165054
YCR002C,YBL058W,0,-4.501911,0.41401273012161255,0.12999999523162842,0.018400000408291817
YLR398C,YGR046W,0,-4.5020356,0.4126984179019928,0.12999999523162842,0.01850000023841858
YBR207W,YOR008C,1,-4.5026193,0.41455695033073425,0.13099999725818634,0.01850000023841858
YPR056W,YBR265W,0,-4.5038633,0.4132492244243622,0.13099999725818634,0.01860000006854534
YMR276W,YPR107C,0,-4.5042253,0.41194969415664673,0.13099999725818634,0.018699999898672104
YIL030C,YEL002C,0,-4.506144,0.4106582999229431,0.13099999725818634,0.018799999728798866
YJL061W,YDR289C,0,-4.506249,0.40937501192092896,0.13099999725818634,0.01889999955892563
YNL293W,YDR388W,1,-4.506313,0.4112149477005005,0.13199999928474426,0.01889999955892563
YDL226C,YLR427W,0,-4.50812,0.40993788838386536,0.13199999928474426,0.01899999938905239
YDL207W,YMR298W,0,-4.5086145,0.40866872668266296,0.13199999928474426,0.019099999219179153
YOR039W,YNR052C,0,-4.5090194,0.40740740299224854,0.13199999928474426,0.019200000911951065
YDR388W,YHR135C,1,-4.509667,0.4092307686805725,0.13300000131130219,0.019200000911951065
YHR114W,YLL038C,1,-4.5106983,0.4110429584980011,0.1340000033378601,0.019200000911951065
YDR294C,YGL106W,0,-4.510727,0.4097859263420105,0.1340000033378601,0.019300000742077827
YMR083W,YFL022C,0,-4.5108905,0.4085365831851959,0.1340000033378601,0.01940000057220459
YMR313C,YNR006W,0,-4.5113273,0.4072948396205902,0.1340000033378601,0.019500000402331352
YDL040C,YJL004C,0,-4.5118136,0.4060606062412262,0.1340000033378601,0.019600000232458115
YIL033C,YDR331W,0,-4.5123687,0.4048338234424591,0.1340000033378601,0.019700000062584877
YPR108W,YDR166C,0,-4.512688,0.40361446142196655,0.1340000033378601,0.01979999989271164
YDL126C,YEL071W,0,-4.514361,0.402402400970459,0.1340000033378601,0.019899999722838402
YOR153W,YOR035C,0,-4.5157323,0.401197612285614,0.1340000033378601,0.019999999552965164
YOL049W,YLR165C,0,-4.5163875,0.4000000059604645,0.1340000033378601,0.020099999383091927
YHL031C,YPL045W,0,-4.517156,0.3988095223903656,0.1340000033378601,0.02019999921321869
YLR309C,YJL036W,0,-4.51755,0.3976261019706726,0.1340000033378601,0.0203000009059906
YNL154C,YNR047W,1,-4.5208397,0.3994082808494568,0.13500000536441803,0.0203000009059906
YKL046C,YLR113W,0,-4.5209255,0.39823007583618164,0.13500000536441803,0.020400000736117363
YDL126C,YER013W,0,-4.523756,0.3970588147640228,0.13500000536441803,0.020500000566244125
YMR072W,YKL059C,0,-4.525493,0.39589443802833557,0.13500000536441803,0.020600000396370888
YOR275C,YOR132W,0,-4.5259967,0.3947368562221527,0.13500000536441803,0.02070000022649765
YDL142C,YML069W,0,-4.5260396,0.39358600974082947,0.13500000536441803,0.020800000056624413
YBL017C,YNL016W,0,-4.526143,0.39244186878204346,0.13500000536441803,0.020899999886751175
YJR074W,YJL143W,0,-4.5287023,0.3913043439388275,0.13500000536441803,0.020999999716877937
YNL243W,YHR135C,1,-4.5289264,0.39306357502937317,0.13600000739097595,0.020999999716877937
YDR168W,YNL323W,0,-4.528988,0.39193084836006165,0.13600000739097595,0.0210999995470047
YOR316C,YMR197C,0,-4.530921,0.39080458879470825,0.13600000739097595,0.021199999377131462
YCL035C,YPR056W,0,-4.5319734,0.3896848261356354,0.13600000739097595,0.021299999207258224
YCR008W,YOR043W,1,-4.5323467,0.39142856001853943,0.13699999451637268,0.021299999207258224
YNL159C,YJL099W,0,-4.5334806,0.39031338691711426,0.13699999451637268,0.021400000900030136
YDL113C,YMR197C,0,-4.534089,0.3892045319080353,0.13699999451637268,0.0215000007301569
YLR148W,YOR014W,0,-4.534722,0.3881019949913025,0.13699999451637268,0.02160000056028366
YCL034W,YGR241C,1,-4.534797,0.38983049988746643,0.1379999965429306,0.02160000056028366
YOL013C,YNL160W,0,-4.535464,0.3887324035167694,0.1379999965429306,0.021700000390410423
YOR327C,YOR089C,1,-4.535972,0.3904494345188141,0.13899999856948853,0.021700000390410423
YDL230W,YDR166C,0,-4.5362496,0.38935574889183044,0.13899999856948853,0.021800000220537186
YMR119W,YBL099W,0,-4.5370555,0.3882681429386139,0.13899999856948853,0.021900000050663948
YLR371W,YHR016C,1,-4.5391216,0.38997215032577515,0.14000000059604645,0.021900000050663948
YNL239W,YNL294C,0,-4.5403376,0.3888888955116272,0.14000000059604645,0.02199999988079071
YDR069C,YKL126W,1,-4.5423455,0.39058172702789307,0.14100000262260437,0.02199999988079071
YDL192W,YJR121W,0,-4.543831,0.38950276374816895,0.14100000262260437,0.022099999710917473
YGL073W,YIL117C,0,-4.544937,0.38842976093292236,0.14100000262260437,0.022199999541044235
YGR268C,YLR130C,0,-4.5454164,0.38736262917518616,0.14100000262260437,0.022299999371170998
YOR099W,YCR012W,0,-4.546422,0.3863013684749603,0.14100000262260437,0.02239999920129776
YDL013W,YJL004C,0,-4.5469728,0.3852458894252777,0.14100000262260437,0.02250000089406967
YGR193C,YDR092W,0,-4.5470243,0.3841961920261383,0.14100000262260437,0.022600000724196434
YDL015C,YOR359W,0,-4.5487247,0.38315218687057495,0.14100000262260437,0.022700000554323196
YMR029C,YPL094C,0,-4.5498757,0.38211381435394287,0.14100000262260437,0.02280000038444996
YJR076C,YDR337W,0,-4.553662,0.38108107447624207,0.14100000262260437,0.02290000021457672
YMR275C,YBR109C,1,-4.5549016,0.3827493190765381,0.1420000046491623,0.02290000021457672
YIL075C,YOR110W,0,-4.556439,0.3817204236984253,0.1420000046491623,0.023000000044703484
YOL076W,YJL128C,0,-4.5565605,0.3806970417499542,0.1420000046491623,0.023099999874830246
YDR264C,YER133W,1,-4.5582123,0.38235294818878174,0.14300000667572021,0.023099999874830246
YIL044C,YHR114W,1,-4.5584598,0.3840000033378601,0.14399999380111694,0.023099999874830246
YCR008W,YAR042W,1,-4.5592394,0.3856382966041565,0.14499999582767487,0.023099999874830246
YEL009C,YDR142C,0,-4.559383,0.38461539149284363,0.14499999582767487,0.02319999970495701
YMR109W,YOR089C,1,-4.5595474,0.38624337315559387,0.1459999978542328,0.02319999970495701
YER166W,YBL047C,1,-4.560738,0.38786280155181885,0.1469999998807907,0.02319999970495701
YKL016C,YMR091C,0,-4.5620227,0.38684210181236267,0.1469999998807907,0.02329999953508377
YGL047W,YGR209C,0,-4.5629797,0.3858267664909363,0.1469999998807907,0.023399999365210533
YMR029C,YLR260W,0,-4.564005,0.3848167657852173,0.1469999998807907,0.023499999195337296
YJL020C,YGL004C,0,-4.5669665,0.3838120102882385,0.1469999998807907,0.023600000888109207
YBR201W,YNL121C,0,-4.5684047,0.3828125,0.1469999998807907,0.02370000071823597
YKL160W,YPL213W,0,-4.568531,0.38181817531585693,0.1469999998807907,0.023800000548362732
YJL165C,YOR109W,1,-4.5700784,0.3834196925163269,0.14800000190734863,0.023800000548362732
YIL044C,YDR264C,1,-4.570973,0.3850129246711731,0.14900000393390656,0.023800000548362732
YKL129C,YHR161C,1,-4.571465,0.3865979313850403,0.15000000596046448,0.023800000548362732
YBL033C,YDR477W,0,-4.5731893,0.3856041133403778,0.15000000596046448,0.023900000378489494
YHL019C,YER133W,1,-4.573235,0.38717949390411377,0.1509999930858612,0.023900000378489494
YBL099W,YGR285C,0,-4.5761523,0.3861892521381378,0.1509999930858612,0.024000000208616257
YGR253C,YCL008C,0,-4.5763288,0.3852040767669678,0.1509999930858612,0.02410000003874302
YOR026W,YNL267W,0,-4.5766993,0.38422390818595886,0.1509999930858612,0.02419999986886978
YGR074W,YNL263C,0,-4.577416,0.3832487165927887,0.1509999930858612,0.024299999698996544
YOR067C,YPR131C,0,-4.5782146,0.3822784721851349,0.1509999930858612,0.024399999529123306
YJR084W,YGR005C,0,-4.5782504,0.38131314516067505,0.1509999930858612,0.02449999935925007
YPL060W,YDL134C,0,-4.5787325,0.380352646112442,0.1509999930858612,0.02459999918937683
YJL031C,YGL213C,0,-4.5792975,0.3793969750404358,0.1509999930858612,0.024700000882148743
YJL165C,YBR214W,1,-4.579575,0.380952388048172,0.15199999511241913,0.024700000882148743
YDR264C,YNL243W,1,-4.5803986,0.3824999928474426,0.15299999713897705,0.024700000882148743
YNL239W,YJL036W,0,-4.5817184,0.38154613971710205,0.15299999713897705,0.024800000712275505
YMR161W,YOR275C,0,-4.583178,0.3805970251560211,0.15299999713897705,0.024900000542402267
YOR099W,YGL068W,0,-4.5832934,0.37965261936187744,0.15299999713897705,0.02500000037252903
YLR206W,YBR207W,1,-4.5840273,0.38118812441825867,0.15399999916553497,0.02500000037252903
YJL165C,YOR043W,1,-4.584599,0.3827160596847534,0.1550000011920929,0.02500000037252903
YPL118W,YIL052C,0,-4.585174,0.3817734122276306,0.1550000011920929,0.025100000202655792
YPL224C,YLR066W,0,-4.5853653,0.3808353841304779,0.1550000011920929,0.025200000032782555
YLR240W,YOR043W,1,-4.585632,0.38235294818878174,0.15600000321865082,0.025200000032782555
YDR295C,YDR251W,0,-4.585736,0.3814180791378021,0.15600000321865082,0.025299999862909317
YMR092C,YGR133W,0,-4.587204,0.3804877996444702,0.15600000321865082,0.02539999969303608
YBR059C,YOR008C,1,-4.5877676,0.38199514150619507,0.15700000524520874,0.02539999969303608
YPL169C,YDL040C,0,-4.587872,0.3810679614543915,0.15700000524520874,0.025499999523162842
YER133W,YKL203C,1,-4.587973,0.38256657123565674,0.15800000727176666,0.025499999523162842
YDR231C,YLR292C,0,-4.589543,0.38164252042770386,0.15800000727176666,0.025599999353289604
YKR067W,YGR170W,0,-4.590687,0.38072288036346436,0.15800000727176666,0.025699999183416367
YLR102C,YEL030W,0,-4.590861,0.3798076808452606,0.15800000727176666,0.025800000876188278
YAL026C,YNL297C,1,-4.591142,0.38129496574401855,0.1589999943971634,0.025800000876188278
YDR093W,YBL007C,1,-4.591698,0.38277512788772583,0.1599999964237213,0.025800000876188278
YIL049W,YPL196W,0,-4.59172,0.3818615674972534,0.1599999964237213,0.02590000070631504
YMR068W,YGR007W,0,-4.5924,0.380952388048172,0.1599999964237213,0.026000000536441803
YER166W,YAR042W,1,-4.5925612,0.3824228048324585,0.16099999845027924,0.026000000536441803
YKR055W,YMR077C,0,-4.593489,0.38151657581329346,0.16099999845027924,0.026100000366568565
YPL060W,YDR463W,0,-4.593597,0.38061466813087463,0.16099999845027924,0.026200000196695328
YCL034W,YLR396C,1,-4.593977,0.3820754587650299,0.16200000047683716,0.026200000196695328
YHR114W,YHR073W,1,-4.594284,0.3835294246673584,0.16300000250339508,0.026200000196695328
YMR150C,YIL154C,0,-4.595412,0.3826290965080261,0.16300000250339508,0.02630000002682209
YPL195W,YBR060C,0,-4.5957885,0.3817330300807953,0.16300000250339508,0.026399999856948853
YLR328W,YJL140W,0,-4.5986257,0.38084113597869873,0.16300000250339508,0.026499999687075615
YHR091C,YER041W,0,-4.599039,0.37995338439941406,0.16300000250339508,0.026599999517202377
YIL033C,YMR004W,0,-4.600184,0.3790697753429413,0.16300000250339508,0.02669999934732914
YLR390W-A,YAL005C,0,-4.6010156,0.3781902492046356,0.16300000250339508,0.026799999177455902
YGR202C,YMR054W,0,-4.601193,0.37731480598449707,0.16300000250339508,0.026900000870227814
YOR171C,YER094C,0,-4.6018577,0.37644341588020325,0.16300000250339508,0.027000000700354576
YMR207C,YPL118W,0,-4.6029716,0.37557604908943176,0.16300000250339508,0.02710000053048134
YGL181W,YGR086C,1,-4.603011,0.3770115077495575,0.164000004529953,0.02710000053048134
YLR310C,YGL227W,0,-4.603184,0.3761467933654785,0.164000004529953,0.0272000003606081
YIL016W,YJL143W,0,-4.6035705,0.3752860426902771,0.164000004529953,0.027300000190734863
YMR218C,YOR132W,0,-4.6036477,0.37442922592163086,0.164000004529953,0.027400000020861626
YKL049C,YPL049C,0,-4.6042495,0.3735763132572174,0.164000004529953,0.027499999850988388
YLL019C,YGR220C,0,-4.604962,0.37272727489471436,0.164000004529953,0.02759999968111515
YNL290W,YOR254C,0,-4.60572,0.3718820810317993,0.164000004529953,0.027699999511241913
YLR208W,YJL054W,0,-4.6062083,0.3710407316684723,0.164000004529953,0.027799999341368675
YDL134C,YER024W,0,-4.606967,0.3702031672000885,0.164000004529953,0.027899999171495438
YOR043W,YNR047W,1,-4.6086154,0.37162160873413086,0.16500000655651093,0.027899999171495438
YDR335W,YJR126C,0,-4.6091256,0.37078651785850525,0.16500000655651093,0.02800000086426735
YDR093W,YIR006C,1,-4.609132,0.37219730019569397,0.16599999368190765,0.02800000086426735
YBR109C,YGR241C,1,-4.6094155,0.3736017942428589,0.16699999570846558,0.02800000086426735
YLR284C,YBL102W,0,-4.6094785,0.3727678656578064,0.16699999570846558,0.02810000069439411
YPL259C,YKR062W,0,-4.609512,0.37193763256073,0.16699999570846558,0.028200000524520874
YGR167W,YLR371W,1,-4.609906,0.3733333349227905,0.1679999977350235,0.028200000524520874
YMR044W,YML098W,0,-4.6106563,0.3725055456161499,0.1679999977350235,0.028300000354647636
YJL204C,YBR214W,1,-4.611508,0.3738937973976135,0.16899999976158142,0.028300000354647636
YNR019W,YMR197C,0,-4.6119657,0.3730684220790863,0.16899999976158142,0.0284000001847744
YER119C,YHR006W,0,-4.6125226,0.3722466826438904,0.16899999976158142,0.02850000001490116
YBL045C,YGR147C,0,-4.6138024,0.37142857909202576,0.16899999976158142,0.028599999845027924
YLR305C,YEL002C,0,-4.614283,0.37061402201652527,0.16899999976158142,0.028699999675154686
YBR109C,YJL165C,1,-4.6143875,0.37199124693870544,0.17000000178813934,0.028699999675154686
YER017C,YJR126C,0,-4.6162343,0.3711790442466736,0.17000000178813934,0.02879999950528145
YKR001C,YLR396C,1,-4.6171165,0.37254902720451355,0.17100000381469727,0.02879999950528145
YLR138W,YDL046W,0,-4.6178074,0.37173911929130554,0.17100000381469727,0.02889999933540821
YLR206W,YOR089C,1,-4.6178327,0.37310194969177246,0.1720000058412552,0.02889999933540821
YDR059C,YPL120W,0,-4.6182256,0.3722943663597107,0.1720000058412552,0.028999999165534973
YNL219C,YIL112W,0,-4.618339,0.3714902698993683,0.1720000058412552,0.029100000858306885
YGL181W,YIL048W,1,-4.61856,0.3728448152542114,0.17299999296665192,0.029100000858306885
YBL007C,YOR008C,1,-4.6192803,0.37419354915618896,0.17399999499320984,0.029100000858306885
YDR388W,YHR161C,1,-4.619868,0.3755364716053009,0.17499999701976776,0.029100000858306885
YEL050C,YDR477W,0,-4.621041,0.3747323453426361,0.17499999701976776,0.029200000688433647
YMR188C,YPL022W,0,-4.6212387,0.3739316165447235,0.17499999701976776,0.02930000051856041
YGL195W,YPR161C,0,-4.6217976,0.3731343150138855,0.17499999701976776,0.029400000348687172
YDL015C,YLR193C,0,-4.6236577,0.3723404109477997,0.17499999701976776,0.029500000178813934
YDL019C,YDR388W,1,-4.6238937,0.3736730217933655,0.17599999904632568,0.029500000178813934
YIL034C,YDR160W,0,-4.6240754,0.37288135290145874,0.17599999904632568,0.029600000008940697
YKL114C,YDR358W,0,-4.624648,0.3720930218696594,0.17599999904632568,0.02969999983906746
YCL034W,YIL048W,1,-4.625036,0.3734177350997925,0.1770000010728836,0.02969999983906746
YER133W,YGL181W,1,-4.625208,0.37473684549331665,0.17800000309944153,0.02969999983906746
YLR155C,YML057W,0,-4.6260014,0.3739495873451233,0.17800000309944153,0.02979999966919422
YIL048W,YML001W,1,-4.6261115,0.375262051820755,0.17900000512599945,0.02979999966919422
YML051W,YMR313C,0,-4.627896,0.37447699904441833,0.17900000512599945,0.029899999499320984
YFL041W,YER165W,0,-4.6290736,0.3736951947212219,0.17900000512599945,0.029999999329447746
YOL013C,YMR070W,0,-4.62997,0.37291666865348816,0.17900000512599945,0.03009999915957451
YOL148C,YJL164C,0,-4.6306243,0.37214136123657227,0.17900000512599945,0.03020000085234642
YIL147C,YPR032W,0,-4.630744,0.37136930227279663,0.17900000512599945,0.030300000682473183
YDL065C,YJR033C,0,-4.6311326,0.3706004023551941,0.17900000512599945,0.030400000512599945
YLR438C-A,YIL070C,0,-4.631725,0.3698347210884094,0.17900000512599945,0.030500000342726707
YNL129W,YPR103W,0,-4.6317525,0.36907216906547546,0.17900000512599945,0.03060000017285347
YBR201W,YOL094C,0,-4.632994,0.3683127462863922,0.17900000512599945,0.030700000002980232
YOR089C,YGR241C,1,-4.6331797,0.36960986256599426,0.18000000715255737,0.030700000002980232
YNL085W,YHR001W-A,0,-4.634388,0.3688524663448334,0.18000000715255737,0.030799999833106995
YGR167W,YDL019C,1,-4.6344037,0.3701431453227997,0.1809999942779541,0.030799999833106995
YJL048C,YGR281W,0,-4.634528,0.36938774585723877,0.1809999942779541,0.030899999663233757
YCL034W,YOR089C,1,-4.6353335,0.3706721067428589,0.18199999630451202,0.030899999663233757
YLR362W,YNL121C,0,-4.6360383,0.36991870403289795,0.18199999630451202,0.03099999949336052
YER133W,YHR161C,1,-4.6367764,0.3711967468261719,0.18299999833106995,0.03099999949336052
YFR050C,YNL026W,0,-4.637746,0.3704453408718109,0.18299999833106995,0.031099999323487282
YLR229C,YER166W,1,-4.638712,0.3717171847820282,0.18400000035762787,0.031099999323487282
YKR067W,YLR138W,0,-4.6394696,0.3709677457809448,0.18400000035762787,0.031199999153614044
YLR229C,YOR008C,1,-4.6398892,0.37223339080810547,0.1850000023841858,0.031199999153614044
YKR003W,YOR089C,1,-4.640036,0.3734939694404602,0.1860000044107437,0.031199999153614044
YCL034W,YNL154C,1,-4.640528,0.3747495114803314,0.18700000643730164,0.031199999153614044
YJL124C,YAL016W,0,-4.641188,0.37400001287460327,0.18700000643730164,0.031300000846385956
YNL006W,YKL145W,0,-4.6417193,0.3732534945011139,0.18700000643730164,0.03139999881386757
YGL181W,YHR161C,1,-4.6427236,0.3745020031929016,0.18799999356269836,0.03139999881386757
YNL293W,YGR241C,1,-4.643535,0.3757455348968506,0.1889999955892563,0.03139999881386757
YPL204W,YLR240W,1,-4.643683,0.3769841194152832,0.1899999976158142,0.03139999881386757
YPL091W,YPR132W,0,-4.644033,0.3762376308441162,0.1899999976158142,0.03150000050663948
YMR212C,YML055W,0,-4.6441026,0.3754940629005432,0.1899999976158142,0.031599998474121094
YPL135W,YGR270W,0,-4.644128,0.3747534453868866,0.1899999976158142,0.031700000166893005
YKR001C,YLR240W,1,-4.64708,0.375984251499176,0.19099999964237213,0.031700000166893005
YPL053C,YOL110W,0,-4.647619,0.3752455711364746,0.19099999964237213,0.03180000185966492
YBR059C,YNL293W,1,-4.648144,0.3764705955982208,0.19200000166893005,0.03180000185966492
YLR429W,YGR183C,0,-4.6483016,0.3757338523864746,0.19200000166893005,0.03189999982714653
YFR021W,YBR160W,0,-4.648879,0.375,0.19200000166893005,0.03200000151991844
YGR167W,YKL203C,1,-4.649627,0.376218318939209,0.19300000369548798,0.03200000151991844
YBR288C,YHR114W,1,-4.6519403,0.3774318993091583,0.1940000057220459,0.03200000151991844
YML057W,YNL142W,0,-4.651995,0.3766990303993225,0.1940000057220459,0.032099999487400055
YPL145C,YML001W,1,-4.6528125,0.3779069781303406,0.19499999284744263,0.032099999487400055
YLR144C,YDL137W,0,-4.6530266,0.3771760165691376,0.19499999284744263,0.03220000118017197
YBR129C,YOR036W,0,-4.6537337,0.3764478862285614,0.19499999284744263,0.03229999914765358
YGL216W,YMR298W,0,-4.653797,0.3757225573062897,0.19499999284744263,0.03240000084042549
YLR229C,YDR069C,1,-4.65412,0.3769230842590332,0.19599999487400055,0.03240000084042549
YPR008W,YGR118W,0,-4.6546226,0.3761996030807495,0.19599999487400055,0.032499998807907104
YPL091W,YNL312W,0,-4.654924,0.37547892332077026,0.19599999487400055,0.032600000500679016
YNL084C,YCL034W,1,-4.655065,0.37667304277420044,0.19699999690055847,0.032600000500679016
YCR028C,YKR003W,1,-4.6551337,0.3778626024723053,0.1979999989271164,0.032600000500679016
YDL231C,YBR109C,1,-4.6558337,0.3790476322174072,0.19900000095367432,0.032600000500679016
YEL027W,YCL034W,1,-4.6562896,0.3802281320095062,0.20000000298023224,0.032600000500679016
YLR216C,YGL229C,0,-4.656815,0.3795066475868225,0.20000000298023224,0.03269999846816063
YNL159C,YNL099C,0,-4.657245,0.3787878751754761,0.20000000298023224,0.03280000016093254
YJR076C,YCL001W,0,-4.6584325,0.3780718445777893,0.20000000298023224,0.03290000185370445
YNL290W,YPR181C,0,-4.659302,0.37735849618911743,0.20000000298023224,0.032999999821186066
YPL053C,YDR028C,0,-4.6604753,0.37664783000946045,0.20000000298023224,0.03310000151395798
YMR275C,YGR167W,1,-4.662432,0.3778195381164551,0.20100000500679016,0.03310000151395798
YDR385W,YPL206C,0,-4.6633363,0.37711068987846375,0.20100000500679016,0.03319999948143959
YAL056W,YGL227W,0,-4.6642575,0.3764044940471649,0.20100000500679016,0.0333000011742115
YGL223C,YOR110W,0,-4.6653447,0.3757009208202362,0.20100000500679016,0.033399999141693115
YFR041C,YDR378C,0,-4.6656995,0.375,0.20100000500679016,0.03350000083446503
YKL016C,YGR008C,0,-4.665794,0.3743016719818115,0.20100000500679016,0.03359999880194664
YDR054C,YNL023C,0,-4.665984,0.3736059367656708,0.20100000500679016,0.03370000049471855
YPR025C,YEL071W,0,-4.6661196,0.37291279435157776,0.20100000500679016,0.033799998462200165
YNL098C,YLR147C,0,-4.666511,0.3722222149372101,0.20100000500679016,0.033900000154972076
YNL135C,YBR035C,0,-4.667178,0.37153419852256775,0.20100000500679016,0.03400000184774399
YJL054W,YML025C,0,-4.6673617,0.37084871530532837,0.20100000500679016,0.0340999998152256
YOR261C,YMR156C,0,-4.667586,0.37016573548316956,0.20100000500679016,0.03420000150799751
YBL047C,YNR047W,1,-4.667607,0.37132352590560913,0.20200000703334808,0.03420000150799751
YDL145C,YPL002C,0,-4.667641,0.37064221501350403,0.20200000703334808,0.034299999475479126
YDL178W,YAL005C,0,-4.667678,0.3699633777141571,0.20200000703334808,0.03440000116825104
YDL161W,YJL165C,1,-4.6680884,0.37111517786979675,0.2029999941587448,0.03440000116825104
YNL219C,YML051W,0,-4.668331,0.37043794989585876,0.2029999941587448,0.03449999913573265
YIR023W,YGR193C,0,-4.6688924,0.36976319551467896,0.2029999941587448,0.03460000082850456
YGL084C,YIL030C,0,-4.6690593,0.3690909147262573,0.2029999941587448,0.034699998795986176
YHR114W,YBR214W,1,-4.6699157,0.3702359199523926,0.20399999618530273,0.034699998795986176
YGR005C,YIL039W,0,-4.670013,0.3695652186870575,0.20399999618530273,0.03480000048875809
YOR026W,YPL008W,0,-4.6704164,0.3688969314098358,0.20399999618530273,0.0348999984562397
YBR214W,YKL203C,1,-4.67085,0.3700360953807831,0.20499999821186066,0.0348999984562397
YBL102W,YCL010C,0,-4.671543,0.36936935782432556,0.20499999821186066,0.03500000014901161
YOR245C,YBR228W,0,-4.671581,0.36870503425598145,0.20499999821186066,0.035100001841783524
YMR109W,YHR135C,1,-4.671673,0.3698384165763855,0.20600000023841858,0.035100001841783524
YER036C,YGR202C,0,-4.6723895,0.36917561292648315,0.20600000023841858,0.03519999980926514
YBR160W,YEL012W,0,-4.6730323,0.3685151934623718,0.20600000023841858,0.03530000150203705
YOR208W,YOR359W,0,-4.673105,0.3678571283817291,0.20600000023841858,0.03539999946951866
YFR034C,YOL006C,0,-4.674107,0.36720141768455505,0.20600000023841858,0.03550000116229057
YLR259C,YDR073W,0,-4.6743426,0.3665480315685272,0.20600000023841858,0.035599999129772186
YMR013C,YPL087W,0,-4.674477,0.36589697003364563,0.20600000023841858,0.0357000008225441
YML057W,YPL224C,0,-4.6744924,0.3652482330799103,0.20600000023841858,0.03579999879002571
YGR238C,YDR176W,0,-4.6752257,0.3646017611026764,0.20600000023841858,0.03590000048279762
YBR207W,YJL204C,1,-4.6757426,0.3657243847846985,0.2070000022649765,0.03590000048279762
YNL192W,YFL005W,0,-4.675877,0.3650793731212616,0.2070000022649765,0.035999998450279236
YIL044C,YER166W,1,-4.677114,0.3661971688270569,0.20800000429153442,0.035999998450279236
YMR237W,YOR250C,0,-4.67769,0.365553617477417,0.20800000429153442,0.03610000014305115
YHL019C,YNL084C,1,-4.678002,0.36666667461395264,0.20900000631809235,0.03610000014305115
YDL161W,YBL007C,1,-4.6782947,0.3677758276462555,0.20999999344348907,0.03610000014305115
YEL009C,YKL122C,0,-4.6783366,0.36713287234306335,0.20999999344348907,0.03620000183582306
YER083C,YGL213C,0,-4.6789355,0.3664921522140503,0.20999999344348907,0.03629999980330467
YFL021W,YDR247W,0,-4.679236,0.3658536672592163,0.20999999344348907,0.036400001496076584
YIL097W,YDR116C,0,-4.6810193,0.365217387676239,0.20999999344348907,0.0364999994635582
YDL145C,YJL143W,0,-4.681072,0.3645833432674408,0.20999999344348907,0.03660000115633011
YDL029W,YMR150C,0,-4.6815534,0.3639514744281769,0.20999999344348907,0.03669999912381172
YMR267W,YPR088C,0,-4.683267,0.36332181096076965,0.20999999344348907,0.03680000081658363
YFR033C,YDL015C,0,-4.683703,0.36269429326057434,0.20999999344348907,0.03689999878406525
YDR093W,YBR207W,1,-4.684354,0.36379310488700867,0.210999995470047,0.03689999878406525
YOR089C,YHR135C,1,-4.684564,0.36488813161849976,0.21199999749660492,0.03689999878406525
YDL065C,YML025C,0,-4.685043,0.3642611801624298,0.21199999749660492,0.03700000047683716
YMR047C,YGR276C,0,-4.6853213,0.3636363744735718,0.21199999749660492,0.03709999844431877
YMR316W,YBR015C,0,-4.6856046,0.36301368474960327,0.21199999749660492,0.03720000013709068
YOR028C,YFL041W,0,-4.6869903,0.36239317059516907,0.21199999749660492,0.037300001829862595
YGR167W,YPL145C,1,-4.6877365,0.36348122358322144,0.21299999952316284,0.037300001829862595
YDR069C,YIL048W,1,-4.687772,0.36456558108329773,0.21400000154972076,0.037300001829862595
YBR286W,YPR056W,0,-4.6879697,0.3639455735683441,0.21400000154972076,0.03739999979734421
YGR009C,YDR059C,0,-4.68806,0.36332768201828003,0.21400000154972076,0.03750000149011612
YHL027W,YGR048W,0,-4.688145,0.3627118766307831,0.21400000154972076,0.03759999945759773
YDR264C,YMR275C,1,-4.6904407,0.3637901842594147,0.2150000035762787,0.03759999945759773
YGL223C,YDR238C,0,-4.6909013,0.3631756901741028,0.2150000035762787,0.037700001150369644
YDL195W,YBR082C,0,-4.6918206,0.36256325244903564,0.2150000035762787,0.03779999911785126
YER122C,YHR026W,0,-4.692387,0.36195287108421326,0.2150000035762787,0.03790000081062317
YNR035C,YOR327C,1,-4.692599,0.3630252182483673,0.2160000056028366,0.03790000081062317
YLR229C,YCL034W,1,-4.693461,0.36409395933151245,0.21699999272823334,0.03790000081062317
YMR068W,YMR140W,0,-4.693907,0.36348408460617065,0.21699999272823334,0.03799999877810478
YOR109W,YHR016C,1,-4.6941066,0.3645485043525696,0.21799999475479126,0.03799999877810478
YNR007C,YGR047C,0,-4.69568,0.36393991112709045,0.21799999475479126,0.038100000470876694
YMR316W,YBL032W,0,-4.69573,0.3633333444595337,0.21799999475479126,0.03819999843835831
YBL047C,YHR016C,1,-4.6958733,0.3643926680088043,0.21899999678134918,0.03819999843835831
YJL099W,YGL219C,0,-4.69589,0.36378738284111023,0.21899999678134918,0.03830000013113022
YBL007C,YLR396C,1,-4.697448,0.3648424446582794,0.2199999988079071,0.03830000013113022
YMR316W,YLR007W,0,-4.698901,0.3642384111881256,0.2199999988079071,0.03840000182390213
YHR114W,YBR207W,1,-4.699777,0.36528927087783813,0.22100000083446503,0.03840000182390213
YJL081C,YIL036W,0,-4.699845,0.3646864593029022,0.22100000083446503,0.03849999979138374
YDR264C,YGL054C,1,-4.700423,0.3657331168651581,0.22200000286102295,0.03849999979138374
YLR098C,YLR362W,0,-4.7014055,0.36513158679008484,0.22200000286102295,0.038600001484155655
YMR275C,YBL047C,1,-4.702153,0.36617404222488403,0.22300000488758087,0.038600001484155655
YDR364C,YOL043C,0,-4.704406,0.3655737638473511,0.22300000488758087,0.03869999945163727
YPL049C,YOL143C,0,-4.704515,0.3649754524230957,0.22300000488758087,0.03880000114440918
YGR086C,YOR043W,1,-4.7048573,0.3660130798816681,0.2240000069141388,0.03880000114440918
YAR042W,YOR043W,1,-4.705272,0.3670473098754883,0.22499999403953552,0.03880000114440918
YKR003W,YOR008C,1,-4.7054706,0.36807817220687866,0.22599999606609344,0.03880000114440918
YJR057W,YBR035C,0,-4.705602,0.36747968196868896,0.22599999606609344,0.03889999911189079
YKL058W,YKL080W,0,-4.705914,0.36688312888145447,0.22599999606609344,0.039000000804662704
YDL040C,YGR193C,0,-4.7061605,0.3662884831428528,0.22599999606609344,0.03909999877214432
YGL047W,YNL059C,0,-4.7064962,0.3656958043575287,0.22599999606609344,0.03920000046491623
YNL059C,YBR022W,0,-4.7065883,0.365105003118515,0.22599999606609344,0.03929999843239784
YCR028C,YOR043W,1,-4.707134,0.3661290407180786,0.22699999809265137,0.03929999843239784
YJL014W,YLR191W,0,-4.7084517,0.36553946137428284,0.22699999809265137,0.039400000125169754
YDR062W,YML103C,0,-4.709159,0.3649517595767975,0.22699999809265137,0.039500001817941666
YLR380W,YGR252W,0,-4.7092137,0.36436596512794495,0.22699999809265137,0.03959999978542328
YBR188C,YPL123C,0,-4.7102323,0.36378204822540283,0.22699999809265137,0.03970000147819519
YDL088C,YDR158W,0,-4.710571,0.36320000886917114,0.22699999809265137,0.039799999445676804
YPR081C,YIL126W,0,-4.7122416,0.3626198172569275,0.22699999809265137,0.039900001138448715
YGL090W,YCR083W,0,-4.712423,0.3620414733886719,0.22699999809265137,0.03999999910593033
YAL010C,YPR024W,0,-4.712572,0.3614649772644043,0.22699999809265137,0.04010000079870224
YER027C,YBR119W,0,-4.7140083,0.36089029908180237,0.22699999809265137,0.04019999876618385
YJL081C,YMR263W,0,-4.714213,0.3603174686431885,0.22699999809265137,0.040300000458955765
YOR109W,YLR240W,1,-4.7148423,0.3613312244415283,0.2280000001192093,0.040300000458955765
YDL161W,YNL293W,1,-4.7149034,0.3623417615890503,0.2290000021457672,0.040300000458955765
YLR229C,YBL047C,1,-4.7149625,0.36334913969039917,0.23000000417232513,0.040300000458955765
YBR286W,YBR260C,0,-4.7153234,0.3627760112285614,0.23000000417232513,0.04039999842643738
YAL026C,YOR089C,1,-4.7157063,0.3637795150279999,0.23100000619888306,0.04039999842643738
YBR109C,YKL203C,1,-4.716683,0.36477985978126526,0.23199999332427979,0.04039999842643738
YKL203C,YKL126W,1,-4.7172647,0.36577707529067993,0.2329999953508377,0.04039999842643738
YBL047C,YDR388W,1,-4.717607,0.3667711615562439,0.23399999737739563,0.04039999842643738
YOR299W,YEL015W,0,-4.7185893,0.3661971688270569,0.23399999737739563,0.04050000011920929
YDR093W,YAL026C,1,-4.7192554,0.3671875,0.23499999940395355,0.04050000011920929
YOL051W,YOL109W,0,-4.719568,0.3666146695613861,0.23499999940395355,0.0406000018119812
YGL092W,YDL047W,0,-4.719627,0.3660436272621155,0.23499999940395355,0.040699999779462814
YOR075W,YML025C,0,-4.719769,0.3654743432998657,0.23499999940395355,0.040800001472234726
YBL047C,YGR284C,1,-4.7200418,0.3664596378803253,0.23600000143051147,0.040800001472234726
YPL204W,YHR016C,1,-4.720057,0.367441862821579,0.2370000034570694,0.040800001472234726
YNL258C,YGL212W,0,-4.7204537,0.3668730556964874,0.2370000034570694,0.04089999943971634
YHR114W,YGL181W,1,-4.7204685,0.3678516149520874,0.23800000548362732,0.04089999943971634
YNL173C,YDR329C,0,-4.7208076,0.3672839403152466,0.23800000548362732,0.04100000113248825
YOL112W,YLR200W,0,-4.721358,0.36671802401542664,0.23800000548362732,0.041099999099969864
YJL036W,YDR135C,0,-4.721891,0.3661538362503052,0.23800000548362732,0.041200000792741776
YMR188C,YKR037C,0,-4.722811,0.3655914068222046,0.23800000548362732,0.04129999876022339
YBR109C,YNL243W,1,-4.723785,0.36656442284584045,0.23899999260902405,0.04129999876022339
YDL132W,YLR266C,0,-4.723987,0.3660030663013458,0.23899999260902405,0.0414000004529953
YER107C,YBR015C,0,-4.7254786,0.3654434382915497,0.23899999260902405,0.04149999842047691
YBR207W,YLR396C,1,-4.725486,0.3664122223854065,0.23999999463558197,0.04149999842047691
YDR141C,YDR251W,0,-4.725783,0.3658536672592163,0.23999999463558197,0.041600000113248825
YML062C,YNL007C,0,-4.7258162,0.3652968108654022,0.23999999463558197,0.04170000180602074
YOL016C,YCL044C,0,-4.7259865,0.36474165320396423,0.23999999463558197,0.04179999977350235
YKR061W,YEL012W,0,-4.7267656,0.36418816447257996,0.23999999463558197,0.04190000146627426
YBR214W,YNL243W,1,-4.7269254,0.3651515245437622,0.2409999966621399,0.04190000146627426
YGL153W,YDL097C,0,-4.727443,0.3645990788936615,0.2409999966621399,0.041999999433755875
YER017C,YGR113W,0,-4.727921,0.3640483319759369,0.2409999966621399,0.042100001126527786
YLR229C,YIL048W,1,-4.7282352,0.36500754952430725,0.24199999868869781,0.042100001126527786
YNL080C,YDR202C,0,-4.7284436,0.3644578456878662,0.24199999868869781,0.0421999990940094
YMR275C,YDR388W,1,-4.730805,0.3654135465621948,0.24300000071525574,0.0421999990940094
YHR188C,YIL063C,0,-4.7311387,0.36486485600471497,0.24300000071525574,0.04230000078678131
YGL180W,YJR049C,0,-4.731548,0.3643178343772888,0.24300000071525574,0.042399998754262924
YNL243W,YHR161C,1,-4.7321954,0.3652694523334503,0.24400000274181366,0.042399998754262924
YHR188C,YPL015C,0,-4.732224,0.36472347378730774,0.24400000274181366,0.042500000447034836
YBL047C,YNL293W,1,-4.7330513,0.36567163467407227,0.24500000476837158,0.042500000447034836
YIL065C,YER095W,0,-4.7333503,0.36512666940689087,0.24500000476837158,0.04259999841451645
YDL135C,YPR074C,0,-4.733475,0.3645833432674408,0.24500000476837158,0.04270000010728836
YIL002C,YDL019C,1,-4.73364,0.365527480840683,0.2460000067949295,0.04270000010728836
YKL112W,YOR020C,0,-4.734455,0.3649851679801941,0.2460000067949295,0.04280000180006027
YER094C,YMR054W,0,-4.7358174,0.36444443464279175,0.2460000067949295,0.042899999767541885
YOR109W,YKL129C,1,-4.7358923,0.36538460850715637,0.24699999392032623,0.042899999767541885
YPL049C,YER072W,0,-4.735979,0.3648449182510376,0.24699999392032623,0.0430000014603138
YCR008W,YBL007C,1,-4.736635,0.3657817244529724,0.24799999594688416,0.0430000014603138
YNR035C,YJL165C,1,-4.7381053,0.36671575903892517,0.24899999797344208,0.0430000014603138
YBR179C,YNL090W,0,-4.7382183,0.36617645621299744,0.24899999797344208,0.04309999942779541
YMR119W,YDR302W,0,-4.738919,0.36563876271247864,0.24899999797344208,0.04320000112056732
YGL181W,YKL129C,1,-4.7392316,0.366568922996521,0.25,0.04320000112056732
YBL079W,YMR243C,0,-4.740669,0.366032212972641,0.25,0.043299999088048935
YLR324W,YJL004C,0,-4.7413154,0.36549708247184753,0.25,0.04340000078082085
YGL065C,YPR107C,0,-4.7415233,0.36496350169181824,0.25,0.04349999874830246
YGL190C,YLL021W,0,-4.742232,0.3644315004348755,0.25,0.04360000044107437
YER133W,YIL048W,1,-4.7424088,0.3653566241264343,0.25099998712539673,0.04360000044107437
YLR097C,YOR213C,0,-4.7430534,0.364825576543808,0.25099998712539673,0.043699998408555984
YIL097W,YIL117C,0,-4.744638,0.3642960786819458,0.25099998712539673,0.043800000101327896
YFR009W,YPR033C,0,-4.744737,0.3637681305408478,0.25099998712539673,0.04390000179409981
YCL008C,YKL035W,0,-4.7448144,0.36324167251586914,0.25099998712539673,0.04399999976158142
YMR041C,YMR255W,0,-4.744929,0.36271676421165466,0.25099998712539673,0.04410000145435333
YOL077W-A,YLR448W,0,-4.7452817,0.36219337582588196,0.25099998712539673,0.044199999421834946
YLR246W,YGL219C,0,-4.7454505,0.36167147755622864,0.25099998712539673,0.04430000111460686
YBR009C,YGL253W,0,-4.7467237,0.3611510694026947,0.25099998712539673,0.04439999908208847
YDR460W,YDL080C,0,-4.7473235,0.36063218116760254,0.25099998712539673,0.04450000077486038
YGR007W,YKL056C,0,-4.748139,0.36011478304862976,0.25099998712539673,0.044599998742341995
YNL037C,YAL029C,0,-4.748632,0.359598845243454,0.25099998712539673,0.04470000043511391
YDR214W,YLR163C,0,-4.7491913,0.3590843975543976,0.25099998712539673,0.04479999840259552
YDR075W,YOR307C,0,-4.749788,0.35857143998146057,0.25099998712539673,0.04490000009536743
YKL015W,YDR246W,0,-4.74983,0.35805991291999817,0.25099998712539673,0.04500000178813934
YIL076W,YJL036W,0,-4.750382,0.35754984617233276,0.25099998712539673,0.045099999755620956
YCR067C,YMR125W,0,-4.750875,0.35704123973846436,0.25099998712539673,0.04520000144839287
YJR035W,YOR069W,0,-4.7510157,0.35653409361839294,0.25099998712539673,0.04529999941587448
YMR041C,YHR050W,0,-4.7510886,0.35602837800979614,0.25099998712539673,0.04540000110864639
YOR377W,YBL058W,0,-4.751392,0.35552409291267395,0.25099998712539673,0.045499999076128006
YNL129W,YGL048C,0,-4.752113,0.355021208524704,0.25099998712539673,0.04560000076889992
YKL054C,YKL043W,0,-4.752207,0.354519784450531,0.25099998712539673,0.04569999873638153
YDL161W,YLR396C,1,-4.7523518,0.3554301857948303,0.25200000405311584,0.04569999873638153
YOR028C,YIL036W,0,-4.7524524,0.3549295663833618,0.25200000405311584,0.04580000042915344
YIL109C,YML124C,0,-4.752723,0.3544303774833679,0.25200000405311584,0.045899998396635056
YDL078C,YDR363W-A,0,-4.753823,0.35393258929252625,0.25200000405311584,0.04600000008940697
YDR216W,YMR280C,0,-4.754658,0.3534361720085144,0.25200000405311584,0.04610000178217888
YDR264C,YCR008W,1,-4.7552156,0.3543417453765869,0.2529999911785126,0.04610000178217888
YCL034W,YDL019C,1,-4.755256,0.3552447557449341,0.2540000081062317,0.04610000178217888
YPL123C,YDR460W,0,-4.7553124,0.35474860668182373,0.2540000081062317,0.04619999974966049
YNL084C,YPL032C,1,-4.7553306,0.35564854741096497,0.2549999952316284,0.04619999974966049
YBR214W,YHR161C,1,-4.7562337,0.35654595494270325,0.25600001215934753,0.04619999974966049
YGL244W,YLR166C,0,-4.7569804,0.3560500741004944,0.25600001215934753,0.046300001442432404
YEL027W,YER133W,1,-4.757238,0.3569444417953491,0.25699999928474426,0.046300001442432404
YER162C,YDL195W,0,-4.757668,0.3564493656158447,0.25699999928474426,0.04639999940991402
YJR013W,YNL307C,0,-4.7578454,0.35595569014549255,0.25699999928474426,0.04650000110268593
YBL090W,YNL302C,0,-4.757853,0.3554633557796478,0.25699999928474426,0.04659999907016754
YER052C,YHR006W,0,-4.75787,0.35497236251831055,0.25699999928474426,0.04670000076293945
YJL081C,YML112W,0,-4.7582116,0.3544827699661255,0.25699999928474426,0.046799998730421066
YOR036W,YAR031W,0,-4.7583537,0.3539944887161255,0.25699999928474426,0.04690000042319298
YNL192W,YDR486C,0,-4.7589374,0.3535075783729553,0.25699999928474426,0.04699999839067459
YJR076C,YGL210W,0,-4.760029,0.3530219793319702,0.25699999928474426,0.0471000000834465
YBR289W,YDR359C,0,-4.7601066,0.35253772139549255,0.25699999928474426,0.047200001776218414
YER035W,YBR199W,0,-4.7613754,0.35205480456352234,0.25699999928474426,0.04729999974370003
YLR238W,YPR088C,0,-4.7626634,0.3515731990337372,0.25699999928474426,0.04740000143647194
YEL060C,YGR197C,0,-4.762693,0.3510929048061371,0.25699999928474426,0.04749999940395355
YDR174W,YFR024C-A,0,-4.7631583,0.35061392188072205,0.25699999928474426,0.047600001096725464
YGR284C,YIL002C,1,-4.7634606,0.35149863362312317,0.257999986410141,0.047600001096725464
YMR184W,YLR314C,0,-4.76382,0.3510203957557678,0.257999986410141,0.04769999906420708
YNL084C,YIL002C,1,-4.7643123,0.35190218687057495,0.2590000033378601,0.04769999906420708
YLL060C,YPR108W,0,-4.7643867,0.3514246940612793,0.2590000033378601,0.04780000075697899
YML124C,YML021C,0,-4.764832,0.3509485125541687,0.2590000033378601,0.0478999987244606
YML102W,YMR267W,0,-4.765063,0.3504736125469208,0.2590000033378601,0.04800000041723251
YDR392W,YDR460W,0,-4.765511,0.3499999940395355,0.2590000033378601,0.04809999838471413
YMR212C,YOR160W,0,-4.765532,0.34952765703201294,0.2590000033378601,0.04820000007748604
YOR171C,YIL076W,0,-4.766734,0.349056601524353,0.2590000033378601,0.04830000177025795
YPL145C,YLR371W,1,-4.76741,0.3499327003955841,0.25999999046325684,0.04830000177025795
YLR148W,YOR027W,0,-4.7677894,0.3494623601436615,0.25999999046325684,0.04839999973773956
YKL145W,YDR460W,0,-4.7691836,0.34899330139160156,0.25999999046325684,0.048500001430511475
YMR275C,YDR093W,1,-4.769702,0.34986594319343567,0.26100000739097595,0.048500001430511475
YFR024C-A,YDL015C,0,-4.7698884,0.34939759969711304,0.26100000739097595,0.04859999939799309
YER117W,YPR086W,0,-4.770077,0.3489304780960083,0.26100000739097595,0.048700001090765
YIL105C,YJR066W,0,-4.7701135,0.34846460819244385,0.26100000739097595,0.04879999905824661
YMR029C,YER129W,0,-4.7703385,0.3479999899864197,0.26100000739097595,0.048900000751018524
YCL014W,YPL048W,0,-4.770417,0.3475366234779358,0.26100000739097595,0.04899999871850014
YLR165C,YDR487C,0,-4.770515,0.3470744788646698,0.26100000739097595,0.04910000041127205
YLR229C,YDR388W,1,-4.7707434,0.3479415774345398,0.2619999945163727,0.04910000041127205
YBL099W,YMR208W,0,-4.771112,0.3474801182746887,0.2619999945163727,0.04919999837875366
YPL060W,YKL025C,0,-4.771183,0.34701988101005554,0.2619999945163727,0.049300000071525574
YBR280C,YER072W,0,-4.771191,0.34656083583831787,0.2619999945163727,0.049400001764297485
YBL047C,YGL054C,1,-4.7716994,0.3474240303039551,0.2630000114440918,0.049400001764297485
YFR021W,YDR477W,0,-4.77234,0.3469657003879547,0.2630000114440918,0.0494999997317791
YMR276W,YGL219C,0,-4.772777,0.34650856256484985,0.2630000114440918,0.04960000142455101
YNR019W,YGL011C,0,-4.772926,0.3460526168346405,0.2630000114440918,0.04969999939203262
YMR275C,YJL165C,1,-4.7731194,0.3469119668006897,0.2639999985694885,0.04969999939203262
YLR459W,YBL006C,0,-4.773373,0.34645670652389526,0.2639999985694885,0.049800001084804535
YPR181C,YJL143W,0,-4.7734227,0.34600260853767395,0.2639999985694885,0.04989999905228615
YIL040W,YBR177C,0,-4.7741947,0.34554973244667053,0.2639999985694885,0.05000000074505806
YDR140W,YHR030C,0,-4.7746353,0.3450980484485626,0.2639999985694885,0.05009999871253967
YLR114C,YER151C,0,-4.7755504,0.34464752674102783,0.2639999985694885,0.050200000405311584
YBR288C,YGL181W,1,-4.7765427,0.34550195932388306,0.26499998569488525,0.050200000405311584
YHR116W,YAL042W,0,-4.7766013,0.3450520932674408,0.26499998569488525,0.0502999983727932
YLL009C,YGL135W,0,-4.7766848,0.34460338950157166,0.26499998569488525,0.05040000006556511
YKL145W,YPR181C,0,-4.7768006,0.34415584802627563,0.26499998569488525,0.05050000175833702
YNL293W,YBR214W,1,-4.7769527,0.3450064957141876,0.26600000262260437,0.05050000175833702
YBR103W,YDR381W,0,-4.7774453,0.34455958008766174,0.26600000262260437,0.050599999725818634
YIL044C,YML052W,1,-4.7787924,0.34540751576423645,0.2669999897480011,0.050599999725818634
YLL027W,YOR328W,0,-4.7795854,0.3449612259864807,0.2669999897480011,0.050700001418590546
YER177W,YNL016W,0,-4.779618,0.3445161283016205,0.2669999897480011,0.05079999938607216
YNL029C,YDL140C,0,-4.7806344,0.344072163105011,0.2669999897480011,0.05090000107884407
YMR029C,YPR138C,0,-4.7820907,0.3436293303966522,0.2669999897480011,0.050999999046325684
YLR011W,YKR055W,0,-4.7828794,0.3431876599788666,0.2669999897480011,0.051100000739097595
YNR035C,YPL032C,1,-4.782968,0.34403079748153687,0.2680000066757202,0.051100000739097595
YDR224C,YOR210W,0,-4.7829757,0.34358975291252136,0.2680000066757202,0.05119999870657921
YAR042W,YHR135C,1,-4.7842774,0.34443020820617676,0.26899999380111694,0.05119999870657921
YAL043C,YHR039C-A,0,-4.7848077,0.343989759683609,0.26899999380111694,0.05130000039935112
YHL019C,YDR388W,1,-4.785839,0.3448275923728943,0.27000001072883606,0.05130000039935112
YNL297C,YNR047W,1,-4.7865796,0.34566327929496765,0.2709999978542328,0.05130000039935112
YMR298W,YEL053C,0,-4.786958,0.34522292017936707,0.2709999978542328,0.05139999836683273
YDL045C,YHR039C-A,0,-4.7871385,0.3447837233543396,0.2709999978542328,0.051500000059604645
YJL073W,YPL196W,0,-4.7898507,0.3443456292152405,0.2709999978542328,0.051600001752376556
YCL040W,YOL143C,0,-4.7913117,0.3439086377620697,0.2709999978542328,0.05169999971985817
YGL013C,YGL153W,0,-4.792252,0.34347274899482727,0.2709999978542328,0.05180000141263008
YGR044C,YAL001C,0,-4.7929106,0.3430379629135132,0.2709999978542328,0.051899999380111694
YBR207W,YPL145C,1,-4.793096,0.34386852383613586,0.2720000147819519,0.051899999380111694
YNR035C,YDR093W,1,-4.793404,0.344696968793869,0.27300000190734863,0.051899999380111694
YAR002C-A,YDR075W,0,-4.7934136,0.3442623019218445,0.27300000190734863,0.052000001072883606
YLR155C,YOR085W,0,-4.793613,0.3438287079334259,0.27300000190734863,0.05209999904036522
YER020W,YOR153W,0,-4.7937407,0.34339621663093567,0.27300000190734863,0.05220000073313713
YPR073C,YOL148C,0,-4.793924,0.3429648280143738,0.27300000190734863,0.052299998700618744
YDR093W,YLR371W,1,-4.7940636,0.3437892198562622,0.27399998903274536,0.052299998700618744
YDR198C,YGL011C,0,-4.79506,0.3433583974838257,0.27399998903274536,0.052400000393390656
YPL015C,YML028W,0,-4.795707,0.3429286479949951,0.27399998903274536,0.05249999836087227
YGR264C,YOR224C,0,-4.795795,0.3425000011920929,0.27399998903274536,0.05260000005364418
YBL040C,YKL122C,0,-4.7959423,0.34207239747047424,0.27399998903274536,0.05270000174641609
YPR185W,YEL060C,0,-4.79692,0.34164589643478394,0.27399998903274536,0.052799999713897705
YNR030W,YNL263C,0,-4.797064,0.3412204086780548,0.27399998903274536,0.05290000140666962
YOR085W,YKL080W,0,-4.797624,0.34079602360725403,0.27399998903274536,0.05299999937415123
YHR115C,YBR179C,0,-4.7980185,0.3403726816177368,0.27399998903274536,0.05310000106692314
YDL142C,YGL073W,0,-4.798698,0.3399503827095032,0.27399998903274536,0.053199999034404755
YGR284C,YPL145C,1,-4.799266,0.3407682776451111,0.2750000059604645,0.053199999034404755
YFL041W,YBR121C,0,-4.7997346,0.3403465449810028,0.2750000059604645,0.053300000727176666
YOR136W,YGL066W,0,-4.800546,0.3399258255958557,0.2750000059604645,0.05339999869465828
YBR289W,YJL029C,0,-4.800628,0.3395061790943146,0.2750000059604645,0.05350000038743019
YLR342W,YNL243W,1,-4.8014026,0.3403205871582031,0.2759999930858612,0.05350000038743019
YDR411C,YLR034C,0,-4.8023148,0.33990147709846497,0.2759999930858612,0.053599998354911804
YHL019C,YNL297C,1,-4.8033547,0.34071341156959534,0.2770000100135803,0.053599998354911804
YIL002C,YCL034W,1,-4.8045435,0.34152334928512573,0.27799999713897705,0.053599998354911804
YCL034W,YLR240W,1,-4.80656,0.34233129024505615,0.27900001406669617,0.053599998354911804
YDL078C,YBR015C,0,-4.8069835,0.34191176295280457,0.27900001406669617,0.053700000047683716
YNL267W,YER005W,0,-4.808706,0.34149327874183655,0.27900001406669617,0.05380000174045563
YDL155W,YOR259C,0,-4.808783,0.3410758078098297,0.27900001406669617,0.05389999970793724
YGR147C,YDR088C,0,-4.8090663,0.34065935015678406,0.27900001406669617,0.05400000140070915
YMR047C,YAL043C,0,-4.8095803,0.3402439057826996,0.27900001406669617,0.054099999368190765
YNL085W,YJR044C,0,-4.809897,0.3398294746875763,0.27900001406669617,0.05420000106096268
YIL142W,YNL310C,0,-4.8103023,0.3394160568714142,0.27900001406669617,0.05429999902844429
YLL024C,YOR054C,0,-4.81049,0.33900365233421326,0.27900001406669617,0.0544000007212162
YHR114W,YKR003W,1,-4.8105044,0.33980581164360046,0.2800000011920929,0.0544000007212162
YIL044C,YGL054C,1,-4.810832,0.34060606360435486,0.2809999883174896,0.0544000007212162
YBL047C,YPL204W,1,-4.8110366,0.34140434861183167,0.28200000524520874,0.0544000007212162
YPL170W,YDR329C,0,-4.8110576,0.3409915268421173,0.28200000524520874,0.054499998688697815
YPL204W,YDL019C,1,-4.8116655,0.3417874276638031,0.28299999237060547,0.054499998688697815
YMR287C,YMR029C,0,-4.8119254,0.3413751423358917,0.28299999237060547,0.05460000038146973
YBR059C,YDL161W,1,-4.8120084,0.3421686887741089,0.2840000092983246,0.05460000038146973
YEL009C,YPL106C,0,-4.8121567,0.3417569100856781,0.2840000092983246,0.05469999834895134
YDR264C,YPL145C,1,-4.8122873,0.34254807233810425,0.2849999964237213,0.05469999834895134
YHR114W,YOR008C,1,-4.812658,0.3433373272418976,0.28600001335144043,0.05469999834895134
YGL084C,YPL244C,0,-4.8131847,0.34292566776275635,0.28600001335144043,0.05480000004172325
YHR114W,YIR006C,1,-4.814609,0.34371256828308105,0.28700000047683716,0.05480000004172325
YML126C,YGL066W,0,-4.8150086,0.3433014452457428,0.28700000047683716,0.05490000173449516
YCL034W,YHR073W,1,-4.8171506,0.34408602118492126,0.2879999876022339,0.05490000173449516
YDR174W,YBR272C,0,-4.8182673,0.3436754047870636,0.2879999876022339,0.054999999701976776
YDL019C,YOR327C,1,-4.8183174,0.3444576859474182,0.289000004529953,0.054999999701976776
YOR039W,YGL106W,0,-4.818657,0.3440476059913635,0.289000004529953,0.05510000139474869
YOR304W,YNL244C,0,-4.818773,0.34363853931427,0.289000004529953,0.0551999993622303
YJR089W,YDR122W,0,-4.81894,0.34323039650917053,0.289000004529953,0.05530000105500221
YBR210W,YKR028W,0,-4.81923,0.34282323718070984,0.289000004529953,0.055399999022483826
YER052C,YMR004W,0,-4.8194194,0.34241706132888794,0.289000004529953,0.05550000071525574
YNL286W,YPL176C,0,-4.819529,0.34201183915138245,0.289000004529953,0.05559999868273735
YJR001W,YER001W,0,-4.819782,0.34160757064819336,0.289000004529953,0.05570000037550926
YLR229C,YGR284C,1,-4.820126,0.34238487482070923,0.28999999165534973,0.05570000037550926
YDL006W,YHL025W,0,-4.820148,0.3419811427593231,0.28999999165534973,0.055799998342990875
YBR199W,YCL001W,0,-4.820598,0.34157833456993103,0.28999999165534973,0.05590000003576279
YLR396C,YNR047W,1,-4.821011,0.3423529267311096,0.29100000858306885,0.05590000003576279
YOR036W,YKL041W,0,-4.8213477,0.3419506549835205,0.29100000858306885,0.0560000017285347
YLR155C,YKL007W,0,-4.82192,0.3415493071079254,0.29100000858306885,0.05609999969601631
YBR059C,YLR206W,1,-4.822676,0.3423212170600891,0.2919999957084656,0.05609999969601631
YJL042W,YPL087W,0,-4.822785,0.3419203758239746,0.2919999957084656,0.05620000138878822
YIL002C,YOR089C,1,-4.8228,0.34269005060195923,0.2930000126361847,0.05620000138878822
YER143W,YDR325W,0,-4.823428,0.3422897160053253,0.2930000126361847,0.056299999356269836
YPL084W,YBR037C,0,-4.8235354,0.3418903052806854,0.2930000126361847,0.05640000104904175
YMR113W,YER072W,0,-4.8240266,0.34149184823036194,0.2930000126361847,0.05649999901652336
YOR288C,YPL002C,0,-4.824116,0.3410942852497101,0.2930000126361847,0.05660000070929527
YLR396C,YML001W,1,-4.824178,0.34186047315597534,0.2939999997615814,0.05660000070929527
YGL066W,YNL257C,0,-4.824464,0.3414634168148041,0.2939999997615814,0.056699998676776886
YLR085C,YER129W,0,-4.824474,0.34106728434562683,0.2939999997615814,0.0568000003695488
YER100W,YML007W,0,-4.8248224,0.3406720757484436,0.2939999997615814,0.05689999833703041
YDR194C,YGL004C,0,-4.8249545,0.3402777910232544,0.2939999997615814,0.05700000002980232
YHR114W,YNR047W,1,-4.8251863,0.3410404622554779,0.29499998688697815,0.05700000002980232
YDR162C,YLR266C,0,-4.825256,0.3406466543674469,0.29499998688697815,0.057100001722574234
YHR115C,YEL022W,0,-4.825684,0.3402537405490875,0.29499998688697815,0.05719999969005585
YBR059C,YLR337C,1,-4.8257737,0.3410138189792633,0.29600000381469727,0.05719999969005585
YPL270W,YOR110W,0,-4.8264813,0.3406214118003845,0.29600000381469727,0.05730000138282776
YDL231C,YLR371W,1,-4.8266654,0.341379314661026,0.296999990940094,0.05730000138282776
YKL032C,YHR026W,0,-4.826803,0.3409873843193054,0.296999990940094,0.05739999935030937
YMR119W,YLR350W,0,-4.8269143,0.3405963182449341,0.296999990940094,0.057500001043081284
YNL003C,YGL115W,0,-4.8272004,0.34020617604255676,0.296999990940094,0.0575999990105629
YER083C,YLR208W,0,-4.827997,0.3398169279098511,0.296999990940094,0.05770000070333481
YGR253C,YOR332W,0,-4.828621,0.339428573846817,0.296999990940094,0.05779999867081642
YCL034W,YPL032C,1,-4.8295636,0.34018266201019287,0.2980000078678131,0.05779999867081642
YCR044C,YPL235W,0,-4.829828,0.33979475498199463,0.2980000078678131,0.05790000036358833
YOR236W,YIR011C,0,-4.829858,0.339407742023468,0.2980000078678131,0.057999998331069946
YJL061W,YLR193C,0,-4.8302445,0.33902162313461304,0.2980000078678131,0.05810000002384186
YNR032W,YML092C,0,-4.8304935,0.3386363685131073,0.2980000078678131,0.05820000171661377
YGR037C,YER149C,0,-4.8306136,0.3382519781589508,0.2980000078678131,0.05829999968409538
YGR008C,YDR353W,0,-4.831467,0.33786848187446594,0.2980000078678131,0.058400001376867294
YLR459W,YJL041W,0,-4.8317213,0.3374858498573303,0.2980000078678131,0.05849999934434891
YMR225C,YBR130C,0,-4.831866,0.33710408210754395,0.2980000078678131,0.05860000103712082
YAL026C,YMR109W,1,-4.832231,0.3378531038761139,0.29899999499320984,0.05860000103712082
YPL204W,YJL204C,1,-4.832418,0.3386004567146301,0.30000001192092896,0.05860000103712082
YKR085C,YBR165W,0,-4.832652,0.33821871876716614,0.30000001192092896,0.05869999900460243
YKL059C,YDL134C,0,-4.83295,0.3378378450870514,0.30000001192092896,0.058800000697374344
YOR112W,YJR035W,0,-4.834501,0.3374578058719635,0.30000001192092896,0.05889999866485596
YGL084C,YDR140W,0,-4.834752,0.33707866072654724,0.30000001192092896,0.05900000035762787
YMR200W,YDR080W,0,-4.835216,0.33670035004615784,0.30000001192092896,0.05909999832510948
YGL047W,YNR023W,0,-4.835386,0.3363228738307953,0.30000001192092896,0.05920000001788139
YOL061W,YIR011C,0,-4.8354483,0.335946261882782,0.30000001192092896,0.059300001710653305
YBR109C,YML052W,1,-4.835675,0.3366890251636505,0.3009999990463257,0.059300001710653305
YOL027C,YOR027W,0,-4.836264,0.336312860250473,0.3009999990463257,0.05939999967813492
YPL100W,YGL174W,0,-4.836648,0.3359375,0.3009999990463257,0.05950000137090683
YOR099W,YGL011C,0,-4.836661,0.33556297421455383,0.3009999990463257,0.05959999933838844
YPR185W,YFR029W,0,-4.8368754,0.3351893126964569,0.3009999990463257,0.059700001031160355
YDR260C,YBR058C,0,-4.8378263,0.33481645584106445,0.3009999990463257,0.05979999899864197
YMR202W,YMR255W,0,-4.838039,0.33444443345069885,0.3009999990463257,0.05990000069141388
YOR259C,YDR088C,0,-4.8380723,0.3340732455253601,0.3009999990463257,0.05999999865889549
YOR094W,YKR001C,1,-4.8382263,0.3348115384578705,0.3019999861717224,0.05999999865889549
YKR066C,YDR381W,0,-4.8389373,0.33444076776504517,0.3019999861717224,0.060100000351667404
YDL047W,YKL080W,0,-4.839193,0.3340708017349243,0.3019999861717224,0.06019999831914902
YER129W,YLR066W,0,-4.8393364,0.3337016701698303,0.3019999861717224,0.06030000001192093
YJL099W,YLR328W,0,-4.840018,0.3333333432674408,0.3019999861717224,0.06040000170469284
YNL267W,YCL008C,0,-4.8402495,0.33296582102775574,0.3019999861717224,0.060499999672174454
YKL054C,YOR038C,0,-4.8412366,0.33259913325309753,0.3019999861717224,0.060600001364946365
YBR008C,YNL123W,0,-4.8414774,0.3322332203388214,0.3019999861717224,0.06069999933242798
YBR214W,YOR089C,1,-4.841682,0.33296704292297363,0.30300000309944153,0.06069999933242798
YPR032W,YEL012W,0,-4.841911,0.33260154724121094,0.30300000309944153,0.06080000102519989
YBL006C,YDR296W,0,-4.8422637,0.3322368562221527,0.30300000309944153,0.0608999989926815
YLR238W,YBR172C,0,-4.8426623,0.33187294006347656,0.30300000309944153,0.061000000685453415
YER036C,YBL056W,0,-4.8431153,0.33150985836982727,0.30300000309944153,0.06109999865293503
YBL078C,YIL034C,0,-4.8436418,0.33114755153656006,0.30300000309944153,0.06120000034570694
YNR035C,YOR043W,1,-4.843737,0.331877738237381,0.30399999022483826,0.06120000034570694
YNL007C,YMR054W,0,-4.8443923,0.3315158188343048,0.30399999022483826,0.06129999831318855
YBR103W,YPR024W,0,-4.8446536,0.3311546742916107,0.30399999022483826,0.061400000005960464
YCR008W,YBR214W,1,-4.84469,0.3318824768066406,0.3050000071525574,0.061400000005960464
YMR072W,YKL038W,0,-4.845574,0.33152174949645996,0.3050000071525574,0.061500001698732376
YMR119W,YLR256W,0,-4.8456845,0.331161767244339,0.3050000071525574,0.06159999966621399
YCR048W,YJL065C,0,-4.845701,0.3308025896549225,0.3050000071525574,0.0617000013589859
YBR110W,YGR246C,0,-4.845879,0.33044421672821045,0.3050000071525574,0.061799999326467514
YDR069C,YLR342W,1,-4.846073,0.3311688303947449,0.3059999942779541,0.061799999326467514
YDL002C,YIL118W,0,-4.8461337,0.3308108150959015,0.3059999942779541,0.061900001019239426
YJL091C,YLR340W,0,-4.8465576,0.3304535746574402,0.3059999942779541,0.06199999898672104
YKL149C,YLR043C,0,-4.8472033,0.3300970792770386,0.3059999942779541,0.06210000067949295
YLR206W,YCR028C,1,-4.847523,0.33081895112991333,0.3070000112056732,0.06210000067949295
YBL082C,YGR010W,0,-4.8480706,0.33046287298202515,0.3070000112056732,0.062199998646974564
YNL059C,YNR032W,0,-4.848575,0.33010753989219666,0.3070000112056732,0.062300000339746475
YDL231C,YER133W,1,-4.8502827,0.3308270573616028,0.30799999833106995,0.062300000339746475
YPL091W,YCR067C,0,-4.8503375,0.33047211170196533,0.30799999833106995,0.06239999830722809
YGR218W,YGR028W,0,-4.8503838,0.3301179111003876,0.30799999833106995,0.0625
YIL002C,YMR109W,1,-4.8506155,0.33083510398864746,0.3089999854564667,0.0625
YAR002C-A,YOR075W,0,-4.8509874,0.33048129081726074,0.3089999854564667,0.06260000169277191
YLR362W,YKR062W,0,-4.851393,0.33012819290161133,0.3089999854564667,0.06270000338554382
YMR083W,YPL045W,0,-4.8519416,0.329775869846344,0.3089999854564667,0.06279999762773514
YDR122W,YNL310C,0,-4.852881,0.32942432165145874,0.3089999854564667,0.06289999932050705
YDR150W,YGR281W,0,-4.8529773,0.3290734887123108,0.3089999854564667,0.06300000101327896
YGR191W,YGR268C,0,-4.8531146,0.32872340083122253,0.3089999854564667,0.06310000270605087
YHR073W,YIR006C,1,-4.8533616,0.3294367790222168,0.3100000023841858,0.06310000270605087
YKL170W,YLR048W,0,-4.8534617,0.3290870487689972,0.3100000023841858,0.06319999694824219
YOR250C,YDL024C,0,-4.8543916,0.3287380635738373,0.3100000023841858,0.0632999986410141
YLR270W,YDL056W,0,-4.854736,0.32838982343673706,0.3100000023841858,0.06340000033378601
YFL034C-B,YEL012W,0,-4.8551555,0.32804232835769653,0.3100000023841858,0.06350000202655792
YGR007W,YDR164C,0,-4.855617,0.3276955485343933,0.3100000023841858,0.06360000371932983
YDR093W,YHR016C,1,-4.8557544,0.328405499458313,0.3109999895095825,0.06360000371932983
YOL127W,YDR025W,0,-4.855774,0.3280590772628784,0.3109999895095825,0.06369999796152115
YMR041C,YLR259C,0,-4.855865,0.32771337032318115,0.3109999895095825,0.06379999965429306
YJL094C,YLR362W,0,-4.8560987,0.3273684084415436,0.3109999895095825,0.06390000134706497
YGR284C,YBR207W,1,-4.8562155,0.32807570695877075,0.31200000643730164,0.06390000134706497
YFR041C,YJL036W,0,-4.857102,0.32773110270500183,0.31200000643730164,0.06400000303983688
YJL024C,YLR100W,0,-4.857348,0.3273871839046478,0.31200000643730164,0.0640999972820282
YBL045C,YLR208W,0,-4.857428,0.3270440399646759,0.31200000643730164,0.06419999897480011
YNL272C,YML034W,0,-4.857504,0.3267015814781189,0.31200000643730164,0.06430000066757202
YLR206W,YAR042W,1,-4.8590374,0.3274058699607849,0.31299999356269836,0.06430000066757202
YHL019C,YBR288C,1,-4.8590417,0.32810866832733154,0.3140000104904175,0.06430000066757202
YBL040C,YGR181W,0,-4.859129,0.32776618003845215,0.3140000104904175,0.06440000236034393
YGL253W,YIL063C,0,-4.859772,0.32742440700531006,0.3140000104904175,0.06449999660253525
YOR377W,YDR137W,0,-4.860049,0.3270833194255829,0.3140000104904175,0.06459999829530716
YKR037C,YLR150W,0,-4.8607106,0.3267429769039154,0.3140000104904175,0.06469999998807907
YCR008W,YLR240W,1,-4.8608813,0.32744282484054565,0.3149999976158142,0.06469999998807907
YLR337C,YLR337W,1,-4.8609614,0.3281412124633789,0.3160000145435333,0.06469999998807907
YER166W,YBR207W,1,-4.861551,0.32883816957473755,0.31700000166893005,0.06469999998807907
YMR150C,YNL231C,0,-4.861561,0.32849740982055664,0.31700000166893005,0.06480000168085098
YKL093W,YDR335W,0,-4.8616214,0.32815733551979065,0.31700000166893005,0.0649000033736229
YHR114W,YLR229C,1,-4.861941,0.328852117061615,0.3179999887943268,0.0649000033736229
YEL027W,YDR388W,1,-4.862105,0.3295454680919647,0.3190000057220459,0.0649000033736229
YGL018C,YDR145W,0,-4.862388,0.32920536398887634,0.3190000057220459,0.06499999761581421
YPL022W,YJR049C,0,-4.8626466,0.32886597514152527,0.3190000057220459,0.06509999930858612
YCL034W,YIR006C,1,-4.8627696,0.3295571506023407,0.3199999928474426,0.06509999930858612
YLL015W,YLR376C,0,-4.863024,0.3292181193828583,0.3199999928474426,0.06520000100135803
YMR073C,YDR469W,0,-4.8636594,0.3288797438144684,0.3199999928474426,0.06530000269412994
YPL078C,YOR026W,0,-4.863741,0.3285420835018158,0.3199999928474426,0.06539999693632126
YDR264C,YER166W,1,-4.8637815,0.32923075556755066,0.32100000977516174,0.06539999693632126
YEL027W,YGL054C,1,-4.86402,0.3299180269241333,0.32199999690055847,0.06539999693632126
YGL038C,YNL049C,0,-4.864158,0.3295803368091583,0.32199999690055847,0.06549999862909317
YPL195W,YNL123W,0,-4.864837,0.32924336194992065,0.32199999690055847,0.06560000032186508
YNL099C,YNL064C,0,-4.8650575,0.3289070427417755,0.32199999690055847,0.065700002014637
YOR034C,YDR411C,0,-4.8652077,0.3285714387893677,0.32199999690055847,0.0658000037074089
YCR028C,YLR396C,1,-4.8654,0.3292558491230011,0.3230000138282776,0.0658000037074089
YOR094W,YHR135C,1,-4.8654814,0.3299388885498047,0.3240000009536743,0.0658000037074089
YKR055W,YOR007C,0,-4.865755,0.32960325479507446,0.3240000009536743,0.06589999794960022
YNL099C,YPL002C,0,-4.8660274,0.32926830649375916,0.3240000009536743,0.06599999964237213
YPL195W,YBL017C,0,-4.866137,0.3289340138435364,0.3240000009536743,0.06610000133514404
YGL073W,YJL108C,0,-4.8669972,0.3286004066467285,0.3240000009536743,0.06620000302791595
YLR116W,YIL143C,0,-4.8671117,0.32826748490333557,0.3240000009536743,0.06629999727010727
YIL068C,YDR353W,0,-4.8671536,0.32793521881103516,0.3240000009536743,0.06639999896287918
YDR296W,YER029C,0,-4.8678,0.32760363817214966,0.3240000009536743,0.06650000065565109
YBR210W,YLR305C,0,-4.867869,0.3272727131843567,0.3240000009536743,0.066600002348423
YDR122W,YPL085W,0,-4.868276,0.32694247364997864,0.3240000009536743,0.06669999659061432
YNR030W,YNL159C,0,-4.868707,0.3266128897666931,0.3240000009536743,0.06679999828338623
YCR028C,YLR342W,1,-4.8687205,0.3272910416126251,0.32499998807907104,0.06679999828338623
YKL190W,YMR179W,0,-4.8701463,0.3269617557525635,0.32499998807907104,0.06689999997615814
YLL042C,YLR270W,0,-4.8710837,0.32663315534591675,0.32499998807907104,0.06700000166893005
YJR118C,YBR119W,0,-4.871565,0.32630521059036255,0.32499998807907104,0.06710000336170197
YDR072C,YNL312W,0,-4.873146,0.3259779214859009,0.32499998807907104,0.06719999760389328
YGL012W,YMR296C,0,-4.8732414,0.32565128803253174,0.32499998807907104,0.06729999929666519
YER112W,YBR058C,0,-4.8734555,0.3253253400325775,0.32499998807907104,0.0674000009894371
YDR099W,YDL230W,0,-4.8735013,0.32499998807907104,0.32499998807907104,0.06750000268220901
YML112W,YOR160W,0,-4.873769,0.3246753215789795,0.32499998807907104,0.06759999692440033
YNL084C,YML052W,1,-4.8739305,0.3253493010997772,0.32600000500679016,0.06759999692440033
YBL040C,YJR143C,0,-4.8742375,0.32502493262290955,0.32600000500679016,0.06769999861717224
YIL013C,YDR259C,0,-4.875857,0.324701189994812,0.32600000500679016,0.06780000030994415
YAL026C,YBL047C,1,-4.8761973,0.3253731429576874,0.3269999921321869,0.06780000030994415
YKR048C,YGL037C,0,-4.8772054,0.3250496983528137,0.3269999921321869,0.06790000200271606
YPL048W,YOR316C,0,-4.8779454,0.3247269093990326,0.3269999921321869,0.06800000369548798
YMR026C,YGL208W,0,-4.8781304,0.324404776096344,0.3269999921321869,0.06809999793767929
YCR038C,YLR260W,0,-4.8781924,0.32408323884010315,0.3269999921321869,0.0681999996304512
YGL054C,YGR241C,1,-4.8786697,0.32475247979164124,0.328000009059906,0.0681999996304512
YMR188C,YCR031C,0,-4.8810525,0.32443127036094666,0.328000009059906,0.06830000132322311
YLR047C,YDR358W,0,-4.8816714,0.3241106867790222,0.328000009059906,0.06840000301599503
YER122C,YIL154C,0,-4.8823133,0.3237907290458679,0.328000009059906,0.06849999725818634
YDL113C,YIL147C,0,-4.882512,0.32347139716148376,0.328000009059906,0.06859999895095825
YEL061C,YER088C,0,-4.8825526,0.32315272092819214,0.328000009059906,0.06870000064373016
YDL192W,YCL001W,0,-4.882597,0.32283464074134827,0.328000009059906,0.06880000233650208
YKL038W,YMR030W,0,-4.8827615,0.3225172162055969,0.328000009059906,0.06889999657869339
YBR214W,YNL154C,1,-4.883044,0.32318270206451416,0.32899999618530273,0.06889999657869339
YHR115C,YER178W,0,-4.8835464,0.3228655457496643,0.32899999618530273,0.0689999982714653
YKL206C,YDR145W,0,-4.8838763,0.3225490152835846,0.32899999618530273,0.06909999996423721
YDL161W,YHR135C,1,-4.8843584,0.32321253418922424,0.33000001311302185,0.06909999996423721
YJL140W,YBR165W,0,-4.884393,0.322896271944046,0.33000001311302185,0.06920000165700912
YKR003W,YDR388W,1,-4.884525,0.32355815172195435,0.3310000002384186,0.06920000165700912
YNL136W,YDR460W,0,-4.885602,0.3232421875,0.3310000002384186,0.06930000334978104
YDR163W,YLR148W,0,-4.886043,0.3229268193244934,0.3310000002384186,0.06939999759197235
YLR246W,YDR258C,0,-4.886468,0.32261207699775696,0.3310000002384186,0.06949999928474426
YPL244C,YOR132W,0,-4.8870683,0.32229796051979065,0.3310000002384186,0.06960000097751617
YGR163W,YJL164C,0,-4.8873534,0.3219844400882721,0.3310000002384186,0.06970000267028809
YPL156C,YGL229C,0,-4.887758,0.3216715157032013,0.3310000002384186,0.0697999969124794
YMR213W,YGL005C,0,-4.8878675,0.32135921716690063,0.3310000002384186,0.06989999860525131
YBL007C,YNR047W,1,-4.8882947,0.32201746106147766,0.3319999873638153,0.06989999860525131
YMR030W,YPL258C,0,-4.888594,0.3217054307460785,0.3319999873638153,0.07000000029802322
YIL048W,YBR214W,1,-4.888681,0.3223620653152466,0.3330000042915344,0.07000000029802322
YAL042W,YDL128W,0,-4.8889036,0.3220503032207489,0.3330000042915344,0.07010000199079514
YPL159C,YDL130W-A,0,-4.8889728,0.321739137172699,0.3330000042915344,0.07020000368356705
YBR201W,YOL006C,0,-4.8891215,0.3214285671710968,0.3330000042915344,0.07029999792575836
YNL293W,YMR109W,1,-4.889315,0.3220829367637634,0.33399999141693115,0.07029999792575836
YBR288C,YNL293W,1,-4.8896646,0.3227360248565674,0.33500000834465027,0.07029999792575836
YLR144C,YFR014C,0,-4.8900585,0.32242539525032043,0.33500000834465027,0.07039999961853027
YCR077C,YMR293C,0,-4.8902497,0.32211539149284363,0.33500000834465027,0.07050000131130219
YIR015W,YDR189W,0,-4.8903413,0.3218059539794922,0.33500000834465027,0.0706000030040741
YJR118C,YDL015C,0,-4.890892,0.3214971125125885,0.33500000834465027,0.07069999724626541
YHR200W,YLR066W,0,-4.892094,0.32118886709213257,0.33500000834465027,0.07079999893903732
YPL233W,YOL143C,0,-4.8922544,0.3208812177181244,0.33500000834465027,0.07090000063180923
YJL140W,YBR231C,0,-4.8927474,0.32057416439056396,0.33500000834465027,0.07100000232458115
YML071C,YCR084C,0,-4.894782,0.3202676773071289,0.33500000834465027,0.07109999656677246
YDR388W,YML001W,1,-4.894875,0.32091689109802246,0.335999995470047,0.07109999656677246
YIL026C,YPR073C,0,-4.89514,0.3206106722354889,0.335999995470047,0.07119999825954437
YBR289W,YML088W,0,-4.895231,0.3203050494194031,0.335999995470047,0.07129999995231628
YPL135W,YFR048W,0,-4.895633,0.3199999928474426,0.335999995470047,0.0714000016450882
YBR288C,YJL204C,1,-4.8960347,0.3206470012664795,0.3370000123977661,0.0714000016450882
YIL098C,YIL030C,0,-4.8961515,0.32034221291542053,0.3370000123977661,0.07150000333786011
YHR116W,YIL075C,0,-4.8961987,0.32003799080848694,0.3370000123977661,0.07159999758005142
YDR345C,YNR006W,0,-4.8963346,0.3197343349456787,0.3370000123977661,0.07169999927282333
YGL219C,YBR153W,0,-4.896582,0.31943127512931824,0.3370000123977661,0.07180000096559525
YGR057C,YDR166C,0,-4.897224,0.31912878155708313,0.3370000123977661,0.07190000265836716
YBR049C,YJL054W,0,-4.8973365,0.3188268542289734,0.3370000123977661,0.07199999690055847
YFR009W,YKL019W,0,-4.8973756,0.3185255229473114,0.3370000123977661,0.07209999859333038
YNL038W,YJL052W,0,-4.89752,0.3182247281074524,0.3370000123977661,0.0722000002861023
YLR085C,YOR162C,0,-4.8982987,0.31792452931404114,0.3370000123977661,0.0723000019788742
YKL021C,YCR077C,0,-4.898459,0.31762489676475525,0.3370000123977661,0.07240000367164612
YDR168W,YDR198C,0,-4.8988285,0.31732580065727234,0.3370000123977661,0.07249999791383743
YEL009C,YOR103C,0,-4.899091,0.3170272707939148,0.3370000123977661,0.07259999960660934
YKL101W,YPL243W,0,-4.8991036,0.316729336977005,0.3370000123977661,0.07270000129938126
YPL032C,YKL126W,1,-4.8993893,0.3173708915710449,0.33799999952316284,0.07270000129938126
YDR025W,YHR083W,0,-4.899516,0.31707316637039185,0.33799999952316284,0.07280000299215317
YMR275C,YIL095W,1,-4.899837,0.31771320104599,0.33899998664855957,0.07280000299215317
YDR069C,YJL204C,1,-4.8999753,0.318352073431015,0.3400000035762787,0.07280000299215317
YOR250C,YLR398C,0,-4.900067,0.3180542588233948,0.3400000035762787,0.07289999723434448
YER157W,YAL043C,0,-4.900183,0.3177570104598999,0.3400000035762787,0.0729999989271164
YOR267C,YFL038C,0,-4.9004855,0.3174603283405304,0.3400000035762787,0.0731000006198883
YGR085C,YDL015C,0,-4.9011884,0.31716418266296387,0.3400000035762787,0.07320000231266022
YFR005C,YML055W,0,-4.90196,0.3168686032295227,0.3400000035762787,0.07329999655485153
YOR109W,YKR001C,1,-4.9020534,0.3175046443939209,0.3409999907016754,0.07329999655485153
YGR147C,YOR270C,0,-4.9020615,0.31720930337905884,0.3409999907016754,0.07339999824762344
YLR102C,YBR217W,0,-4.9026265,0.31691449880599976,0.3409999907016754,0.07349999994039536
YGR029W,YML092C,0,-4.902722,0.31662023067474365,0.3409999907016754,0.07360000163316727
YNR019W,YKL057C,0,-4.90295,0.3163265287876129,0.3409999907016754,0.07370000332593918
YHR043C,YOR209C,0,-4.9034715,0.31603336334228516,0.3409999907016754,0.0737999975681305
YDR137W,YLR354C,0,-4.903798,0.3157407343387604,0.3409999907016754,0.0738999992609024
YLR270W,YPR173C,0,-4.904724,0.31544867157936096,0.3409999907016754,0.07400000095367432
YPR075C,YBR073W,0,-4.9047303,0.31515711545944214,0.3409999907016754,0.07410000264644623
YBR130C,YML021C,0,-4.9048076,0.3148661255836487,0.3409999907016754,0.07419999688863754
YOL016C,YMR091C,0,-4.905264,0.3145756423473358,0.3409999907016754,0.07429999858140945
YER166W,YHR016C,1,-4.905274,0.3152073621749878,0.34200000762939453,0.07429999858140945
YER149C,YPL087W,0,-4.905537,0.31491711735725403,0.34200000762939453,0.07440000027418137
YLR355C,YGR197C,0,-4.9056134,0.31462740898132324,0.34200000762939453,0.07450000196695328
YBR286W,YHR086W,0,-4.9056726,0.31433823704719543,0.34200000762939453,0.07460000365972519
YBR026C,YAL029C,0,-4.905693,0.3140496015548706,0.34200000762939453,0.0746999979019165
YDR158W,YOL072W,0,-4.905727,0.31376147270202637,0.34200000762939453,0.07479999959468842
YGR099W,YGR186W,0,-4.9057856,0.3134738802909851,0.34200000762939453,0.07490000128746033
YDR037W,YCR083W,0,-4.9058113,0.3131868243217468,0.34200000762939453,0.07500000298023224
YLR399C,YDR158W,0,-4.906936,0.31290027499198914,0.34200000762939453,0.07509999722242355
YOR171C,YEL024W,0,-4.906965,0.3126142621040344,0.34200000762939453,0.07519999891519547
YPL178W,YBR129C,0,-4.9072547,0.3123287558555603,0.34200000762939453,0.07530000060796738
YJL042W,YNL231C,0,-4.9074807,0.31204378604888916,0.34200000762939453,0.07540000230073929
YPL204W,YML001W,1,-4.9087777,0.31267091631889343,0.34299999475479126,0.07540000230073929
YJL020C,YDL095W,0,-4.9088206,0.312386155128479,0.34299999475479126,0.0754999965429306
YPL196W,YNL128W,0,-4.908856,0.31210190057754517,0.34299999475479126,0.07559999823570251
YMR072W,YJR090C,0,-4.9093137,0.3118181824684143,0.34299999475479126,0.07569999992847443
YNL135C,YNL317W,0,-4.909384,0.31153497099876404,0.34299999475479126,0.07580000162124634
YFR014C,YNL044W,0,-4.909389,0.31125226616859436,0.34299999475479126,0.07590000331401825
YJL020C,YPL188W,0,-4.9094024,0.3109700679779053,0.34299999475479126,0.07599999755620956
YJR025C,YJL128C,0,-4.9095244,0.31068840622901917,0.34299999475479126,0.07609999924898148
YML067C,YOR265W,0,-4.909559,0.31040725111961365,0.34299999475479126,0.07620000094175339
YMR073C,YLR154C,0,-4.909848,0.31012657284736633,0.34299999475479126,0.0763000026345253
YNL037C,YOR151C,0,-4.909999,0.309846431016922,0.34299999475479126,0.07639999687671661
YHR073W,YKR001C,1,-4.910333,0.31046929955482483,0.3440000116825104,0.07639999687671661
YJR001W,YKR035W-A,0,-4.910399,0.3101893663406372,0.3440000116825104,0.07649999856948853
YFR014C,YIL117C,0,-4.910743,0.3099099099636078,0.3440000116825104,0.07660000026226044
YNL293W,YAR042W,1,-4.911325,0.31053104996681213,0.3449999988079071,0.07660000026226044
YDR265W,YOL129W,0,-4.9118915,0.31025180220603943,0.3449999988079071,0.07670000195503235
YLL038C,YGR284C,1,-4.912346,0.31087151169776917,0.34599998593330383,0.07670000195503235
YPL032C,YNR047W,1,-4.9126134,0.31149011850357056,0.34700000286102295,0.07670000195503235
YBR198C,YCR084C,0,-4.9126678,0.3112107515335083,0.34700000286102295,0.07680000364780426
YCL011C,YJL052W,0,-4.9135075,0.31093189120292664,0.34700000286102295,0.07689999788999557
YKL026C,YDR436W,0,-4.9135137,0.31065353751182556,0.34700000286102295,0.07699999958276749
YOR239W,YOR115C,0,-4.913631,0.3103756606578827,0.34700000286102295,0.0771000012755394
YLR011W,YBR192W,0,-4.913807,0.3100982904434204,0.34700000286102295,0.07720000296831131
YLR134W,YMR008C,0,-4.9140716,0.3098214268684387,0.34700000286102295,0.07729999721050262
YJL134W,YML069W,0,-4.9143825,0.30954504013061523,0.34700000286102295,0.07739999890327454
YKL206C,YCL067C,0,-4.9154387,0.30926916003227234,0.34700000286102295,0.07750000059604645
YGR010W,YDR487C,0,-4.915644,0.30899375677108765,0.34700000286102295,0.07760000228881836
YKL129C,YOR008C,1,-4.915745,0.3096085488796234,0.3479999899864197,0.07760000228881836
YER133W,YHR073W,1,-4.9162946,0.31022220849990845,0.3490000069141388,0.07760000228881836
YCR091W,YGR009C,0,-4.9166036,0.3099467158317566,0.3490000069141388,0.07769999653100967
YHR027C,YLR298C,0,-4.916619,0.30967170000076294,0.3490000069141388,0.07779999822378159
YGL054C,YBL007C,1,-4.917017,0.31028369069099426,0.3499999940395355,0.07779999822378159
YJL165C,YGR086C,1,-4.917256,0.31089460849761963,0.35100001096725464,0.07779999822378159
YIL098C,YGR009C,0,-4.9180818,0.3106194734573364,0.35100001096725464,0.0778999999165535
YGR217W,YDR392W,0,-4.91826,0.3103448152542114,0.35100001096725464,0.07800000160932541
YDL243C,YBR280C,0,-4.9187045,0.310070663690567,0.35100001096725464,0.07810000330209732
YBR059C,YCR008W,1,-4.9187317,0.3106796145439148,0.35199999809265137,0.07810000330209732
YJL128C,YJR033C,0,-4.919022,0.3104056417942047,0.35199999809265137,0.07819999754428864
YNR007C,YMR225C,0,-4.9190993,0.31013214588165283,0.35199999809265137,0.07829999923706055
YGR197C,YNL310C,0,-4.9194636,0.30985915660858154,0.35199999809265137,0.07840000092983246
YIL097W,YGL233W,0,-4.9204946,0.30958664417266846,0.35199999809265137,0.07850000262260437
YOR026W,YPL244C,0,-4.9215865,0.3093145787715912,0.35199999809265137,0.07859999686479568
YPR030W,YNL093W,1,-4.9222803,0.309920996427536,0.3529999852180481,0.07859999686479568
YMR298W,YDR194C,0,-4.9224014,0.30964910984039307,0.3529999852180481,0.0786999985575676
YDR099W,YGR197C,0,-4.9225616,0.3093777298927307,0.3529999852180481,0.07880000025033951
YFR014C,YHR050W,0,-4.922697,0.30910682678222656,0.3529999852180481,0.07890000194311142
YKR035W-A,YAL034W-A,0,-4.922733,0.3088364005088806,0.3529999852180481,0.07900000363588333
YKL016C,YLR378C,0,-4.9227557,0.3085664212703705,0.3529999852180481,0.07909999787807465
YEL027W,YNR047W,1,-4.9230285,0.30917030572891235,0.3540000021457672,0.07909999787807465
YLR340W,YDR212W,0,-4.9237037,0.30890053510665894,0.3540000021457672,0.07919999957084656
YPL060W,YBL061C,0,-4.924272,0.30863121151924133,0.3540000021457672,0.07930000126361847
YDL013W,YCR012W,0,-4.9245086,0.30836236476898193,0.3540000021457672,0.07940000295639038
YER133W,YOR109W,1,-4.924967,0.3089643120765686,0.35499998927116394,0.07940000295639038
YNL014W,YJL214W,0,-4.9251823,0.30869564414024353,0.35499998927116394,0.0794999971985817
YDR077W,YDR293C,0,-4.9254107,0.30842745304107666,0.35499998927116394,0.07959999889135361
YEL037C,YGL096W,0,-4.925532,0.3081597089767456,0.35499998927116394,0.07970000058412552
YPL224C,YLR020C,0,-4.9256167,0.30789244174957275,0.35499998927116394,0.07980000227689743
YDR174W,YPR131C,0,-4.9258585,0.3076256513595581,0.35499998927116394,0.07989999651908875
YMR047C,YDR392W,0,-4.9264245,0.3073593080043793,0.35499998927116394,0.07999999821186066
YPR188C,YDR532C,0,-4.9268975,0.30709341168403625,0.35499998927116394,0.08009999990463257
YGL172W,YPR075C,0,-4.927096,0.30682799220085144,0.35499998927116394,0.08020000159740448
YBR212W,YDL224C,0,-4.927634,0.30656304955482483,0.35499998927116394,0.08030000329017639
YOR036W,YLR105C,0,-4.9277663,0.30629852414131165,0.35499998927116394,0.0803999975323677
YPL049C,YIL097W,0,-4.927857,0.30603447556495667,0.35499998927116394,0.08049999922513962
YLR418C,YFR052W,0,-4.927956,0.3057708740234375,0.35499998927116394,0.08060000091791153
YDR174W,YGL144C,0,-4.9284415,0.30550774931907654,0.35499998927116394,0.08070000261068344
YPL232W,YDR212W,0,-4.9288416,0.305245041847229,0.35499998927116394,0.08079999685287476
YKL176C,YJL166W,0,-4.928962,0.3049828112125397,0.35499998927116394,0.08089999854564667
YBR129C,YGL037C,0,-4.9291105,0.30472102761268616,0.35499998927116394,0.08100000023841858
YPL249C,YDR486C,0,-4.9293504,0.30445969104766846,0.35499998927116394,0.08110000193119049
YNL326C,YOL004W,0,-4.9294534,0.3041988015174866,0.35499998927116394,0.0812000036239624
YOR327C,YKL126W,1,-4.9297442,0.3047945201396942,0.35600000619888306,0.0812000036239624
YGR224W,YKR002W,0,-4.929838,0.30453377962112427,0.35600000619888306,0.08129999786615372
YGL181W,YBL007C,1,-4.93012,0.30512821674346924,0.3569999933242798,0.08129999786615372
YGL051W,YIL039W,0,-4.9308476,0.30486762523651123,0.3569999933242798,0.08139999955892563
YLR163C,YLL021W,0,-4.9310255,0.3046075105667114,0.3569999933242798,0.08150000125169754
YPR030W,YGL181W,1,-4.931473,0.30520033836364746,0.3580000102519989,0.08150000125169754
YER017C,YKL186C,0,-4.931692,0.3049403727054596,0.3580000102519989,0.08160000294446945
YDR221W,YJL029C,0,-4.9317555,0.30468085408210754,0.3580000102519989,0.08169999718666077
YJL204C,YNR047W,1,-4.931989,0.30527210235595703,0.35899999737739563,0.08169999718666077
YKL139W,YJR059W,0,-4.932069,0.3050127327442169,0.35899999737739563,0.08179999887943268
YMR296C,YGL111W,0,-4.9321456,0.3047538101673126,0.35899999737739563,0.08190000057220459
YNL129W,YBR127C,0,-4.933165,0.30449533462524414,0.35899999737739563,0.0820000022649765
YEL027W,YDL161W,1,-4.933445,0.3050847351551056,0.36000001430511475,0.0820000022649765
YHL019C,YJL204C,1,-4.9334774,0.30567315220832825,0.3610000014305115,0.0820000022649765
YOR254C,YIL039W,0,-4.9338813,0.3054145574569702,0.3610000014305115,0.08209999650716782
YDL097C,YOL122C,0,-4.9346576,0.3051563799381256,0.3610000014305115,0.08219999819993973
YMR275C,YOR008C,1,-4.9347405,0.3057432472705841,0.3619999885559082,0.08219999819993973
YLR190W,YEL037C,0,-4.935724,0.30548521876335144,0.3619999885559082,0.08229999989271164
YGL195W,YNL003C,0,-4.9357276,0.305227667093277,0.3619999885559082,0.08240000158548355
YDL231C,YCR008W,1,-4.9360275,0.3058129847049713,0.3630000054836273,0.08240000158548355
YKR003W,YHR135C,1,-4.936316,0.30639731884002686,0.36399999260902405,0.08240000158548355
YLR433C,YMR200W,0,-4.936606,0.30613961815834045,0.36399999260902405,0.08250000327825546
YBR272C,YGL113W,0,-4.936731,0.30588236451148987,0.36399999260902405,0.08259999752044678
YGL054C,YIL048W,1,-4.9373746,0.30646514892578125,0.36500000953674316,0.08259999752044678
YDR276C,YIL147C,0,-4.9374356,0.3062080442905426,0.36500000953674316,0.08269999921321869
YJL004C,YHL028W,0,-4.938436,0.30595138669013977,0.36500000953674316,0.0828000009059906
YER177W,YJR064W,0,-4.939177,0.30569514632225037,0.36500000953674316,0.08290000259876251
YER142C,YLR090W,0,-4.9398866,0.3054393231868744,0.36500000953674316,0.08299999684095383
YMR275C,YNR047W,1,-4.940188,0.3060200810432434,0.3659999966621399,0.08299999684095383
YNL084C,YGR241C,1,-4.940502,0.30659982562065125,0.367000013589859,0.08299999684095383
YBR221C,YDR166C,0,-4.940636,0.3063439130783081,0.367000013589859,0.08309999853372574
YDR272W,YER029C,0,-4.9408,0.3060884177684784,0.367000013589859,0.08320000022649765
YOR153W,YER094C,0,-4.941483,0.3058333396911621,0.367000013589859,0.08330000191926956
YAL042W,YPL050C,0,-4.9416537,0.30557867884635925,0.367000013589859,0.08340000361204147
YML091C,YOR307C,0,-4.9418097,0.3053244650363922,0.367000013589859,0.08349999785423279
YNL271C,YLL040C,0,-4.9418454,0.3050706684589386,0.367000013589859,0.0835999995470047
YDR298C,YMR260C,0,-4.941863,0.3048172891139984,0.367000013589859,0.08370000123977661
YLR268W,YGL207W,0,-4.9420857,0.30456432700157166,0.367000013589859,0.08380000293254852
YLR371W,YHR135C,1,-4.942557,0.30514097213745117,0.36800000071525574,0.08380000293254852
YMR047C,YJL176C,0,-4.9425726,0.30488815903663635,0.36800000071525574,0.08389999717473984
YDR276C,YKL141W,0,-4.9433217,0.30463576316833496,0.36800000071525574,0.08399999886751175
YHL002W,YML127W,0,-4.944453,0.304383784532547,0.36800000071525574,0.08410000056028366
YJR007W,YOL109W,0,-4.944958,0.30413222312927246,0.36800000071525574,0.08420000225305557
YNL048W,YER009W,0,-4.945092,0.30388107895851135,0.36800000071525574,0.08429999649524689
YLR295C,YDL213C,0,-4.945111,0.30363035202026367,0.36800000071525574,0.0843999981880188
YBL006C,YKL195W,0,-4.9458003,0.3033800423145294,0.36800000071525574,0.08449999988079071
YKL085W,YDR381W,0,-4.9460864,0.3031301498413086,0.36800000071525574,0.08460000157356262
YPR008W,YHL007C,0,-4.9465337,0.3028806447982788,0.36800000071525574,0.08470000326633453
YOR151C,YGL011C,0,-4.946751,0.30263158679008484,0.36800000071525574,0.08479999750852585
YOR204W,YLR059C,0,-4.9470387,0.3023829162120819,0.36800000071525574,0.08489999920129776
YBR068C,YML051W,0,-4.947161,0.30213463306427,0.36800000071525574,0.08500000089406967
YGL073W,YDR164C,0,-4.947376,0.30188679695129395,0.36800000071525574,0.08510000258684158
YER143W,YBR041W,0,-4.947754,0.3016393482685089,0.36800000071525574,0.0851999968290329
YGR224W,YEL060C,0,-4.9479055,0.3013922870159149,0.36800000071525574,0.08529999852180481
YGL195W,YLR150W,0,-4.948237,0.30114567279815674,0.36800000071525574,0.08540000021457672
YCR028C,YHR016C,1,-4.9491534,0.3017171025276184,0.36899998784065247,0.08540000021457672
YER001W,YHR050W,0,-4.9497113,0.3014705777168274,0.36899998784065247,0.08550000190734863
YKR095W,YML098W,0,-4.9497375,0.3012244999408722,0.36899998784065247,0.08560000360012054
YCR024C-A,YER019C-A,0,-4.949846,0.30097877979278564,0.36899998784065247,0.08569999784231186
YJR076C,YBL030C,0,-4.950652,0.3007335066795349,0.36899998784065247,0.08579999953508377
YKL179C,YGL210W,0,-4.9511685,0.30048859119415283,0.36899998784065247,0.08590000122785568
YNL051W,YOR085W,0,-4.9520926,0.3002440929412842,0.36899998784065247,0.0860000029206276
YOR386W,YLR034C,0,-4.952123,0.30000001192092896,0.36899998784065247,0.08609999716281891
YMR168C,YDR329C,0,-4.952185,0.2997562885284424,0.36899998784065247,0.08619999885559082
YDL085W,YBR037C,0,-4.952353,0.29951298236846924,0.36899998784065247,0.08630000054836273
YLR229C,YOR327C,1,-4.952401,0.3000811040401459,0.3700000047683716,0.08630000054836273
YBR130C,YDL015C,0,-4.9527197,0.2998379170894623,0.3700000047683716,0.08640000224113464
YNL286W,YBR210W,0,-4.9531045,0.2995951473712921,0.3700000047683716,0.08649999648332596
YNL139C,YDL224C,0,-4.9533043,0.299352765083313,0.3700000047683716,0.08659999817609787
YHR030C,YNL121C,0,-4.9536495,0.2991107404232025,0.3700000047683716,0.08669999986886978
YMR033W,YLR262C,0,-4.9542556,0.29886913299560547,0.3700000047683716,0.0868000015616417
YMR109W,YNL154C,1,-4.954264,0.299435019493103,0.3709999918937683,0.0868000015616417
YPL204W,YIL002C,1,-4.9550567,0.30000001192092896,0.3720000088214874,0.0868000015616417
YNR067C,YDL227C,0,-4.955475,0.29975825548171997,0.3720000088214874,0.0869000032544136
YLR357W,YPR024W,0,-4.955589,0.2995169162750244,0.3720000088214874,0.08699999749660492
YGL174W,YMR197C,0,-4.9557214,0.2992759346961975,0.3720000088214874,0.08709999918937683
YIL044C,YGL181W,1,-4.9557495,0.29983922839164734,0.37299999594688416,0.08709999918937683
YHR114W,YCR008W,1,-4.9557614,0.30040159821510315,0.37400001287460327,0.08709999918937683
YGL021W,YBR161W,0,-4.9558496,0.3001605272293091,0.37400001287460327,0.08720000088214874
YDR264C,YBL047C,1,-4.9560614,0.3007217347621918,0.375,0.08720000088214874
YDR150W,YKR002W,0,-4.9569764,0.30048078298568726,0.375,0.08730000257492065
YLR100W,YDR212W,0,-4.957338,0.3002401888370514,0.375,0.08739999681711197
YPL204W,YDR388W,1,-4.957417,0.30079999566078186,0.37599998712539673,0.08739999681711197
YJL183W,YER005W,0,-4.957789,0.30055955052375793,0.37599998712539673,0.08749999850988388
YPL015C,YJL053W,0,-4.9578834,0.30031949281692505,0.37599998712539673,0.08760000020265579
YFL021W,YKL176C,0,-4.9579124,0.3000798225402832,0.37599998712539673,0.0877000018954277
YPR185W,YGL087C,0,-4.957927,0.29984050989151,0.37599998712539673,0.08780000358819962
YGL119W,YJL102W,0,-4.958222,0.29960158467292786,0.37599998712539673,0.08789999783039093
YPL145C,YKL126W,1,-4.95846,0.3001592457294464,0.37700000405311584,0.08789999783039093
YBR160W,YOR103C,0,-4.958675,0.2999204397201538,0.37700000405311584,0.08799999952316284
YBL078C,YML013W,0,-4.958949,0.29968202114105225,0.37700000405311584,0.08810000121593475
YDL115C,YPR189W,0,-4.9593186,0.2994439899921417,0.37700000405311584,0.08820000290870667
YAR014C,YPL060W,0,-4.9599514,0.29920634627342224,0.37700000405311584,0.08829999715089798
YOR113W,YJL128C,0,-4.960119,0.2989690601825714,0.37700000405311584,0.08839999884366989
YGL047W,YBR258C,0,-4.9608016,0.2987321615219116,0.37700000405311584,0.0885000005364418
YOR112W,YHR158C,0,-4.9611487,0.29849565029144287,0.37700000405311584,0.08860000222921371
YMR311C,YGR085C,0,-4.9618444,0.2982594966888428,0.37700000405311584,0.08869999647140503
YPL196W,YIR018W,0,-4.9628906,0.29802370071411133,0.37700000405311584,0.08879999816417694
YER165W,YLR264W,0,-4.963043,0.2977883219718933,0.37700000405311584,0.08889999985694885
YHR114W,YKL203C,1,-4.963304,0.2983425557613373,0.3779999911785126,0.08889999985694885
YBL047C,YIL002C,1,-4.963313,0.2988958954811096,0.3790000081062317,0.08889999985694885
YCR008W,YPL032C,1,-4.963677,0.2994483709335327,0.3799999952316284,0.08889999985694885
YCL034W,YGR086C,1,-4.964157,0.30000001192092896,0.38100001215934753,0.08889999985694885
YOR020C,YBL093C,0,-4.9647145,0.2997639775276184,0.38100001215934753,0.08900000154972076
YDR264C,YOR043W,1,-4.964927,0.30031445622444153,0.38199999928474426,0.08900000154972076
YLR229C,YOR109W,1,-4.9651194,0.3008641004562378,0.382999986410141,0.08900000154972076
YPL061W,YPL129W,0,-4.9657636,0.3006279468536377,0.382999986410141,0.08910000324249268
YGR078C,YBR218C,0,-4.9659986,0.30039215087890625,0.382999986410141,0.08919999748468399
YGR119C,YNL241C,0,-4.9662147,0.30015674233436584,0.382999986410141,0.0892999991774559
YDL137W,YDR243C,0,-4.967437,0.2999216914176941,0.382999986410141,0.08940000087022781
YNL159C,YFL041W,0,-4.9675536,0.299686998128891,0.382999986410141,0.08950000256299973
YGR167W,YPR030W,1,-4.967929,0.3002345561981201,0.3840000033378601,0.08950000256299973
YDL231C,YGR284C,1,-4.9680552,0.30078125,0.38499999046325684,0.08950000256299973
YKR061W,YML029W,0,-4.968311,0.30054643750190735,0.38499999046325684,0.08959999680519104
YGR121C,YPR074C,0,-4.968397,0.30031201243400574,0.38499999046325684,0.08969999849796295
YDR069C,YNL084C,1,-4.968722,0.3008573651313782,0.38600000739097595,0.08969999849796295
YKL194C,YCR084C,0,-4.9691005,0.3006230592727661,0.38600000739097595,0.08980000019073486
YDR043C,YAL051W,0,-4.9692216,0.3003891110420227,0.38600000739097595,0.08990000188350677
YBR243C,YGL195W,0,-4.970304,0.30015552043914795,0.38600000739097595,0.09000000357627869
YOR171C,YNL099C,0,-4.9710793,0.29992228746414185,0.38600000739097595,0.09009999781847
YMR025W,YNL044W,0,-4.9710917,0.2996894419193268,0.38600000739097595,0.09019999951124191
YNL130C,YDR308C,0,-4.9711175,0.29945695400238037,0.38600000739097595,0.09030000120401382
YDL188C,YOR208W,0,-4.971214,0.2992247939109802,0.38600000739097595,0.09040000289678574
YOR094W,YDR388W,1,-4.9713607,0.2997676134109497,0.3869999945163727,0.09040000289678574
YIL048W,YAR042W,1,-4.971503,0.30030959844589233,0.3880000114440918,0.09040000289678574
YGR143W,YCR084C,0,-4.9720964,0.300077348947525,0.3880000114440918,0.09049999713897705
YER105C,YOL110W,0,-4.972318,0.299845427274704,0.3880000114440918,0.09059999883174896
YER166W,YKL203C,1,-4.973371,0.30038610100746155,0.3889999985694885,0.09059999883174896
YOL086C,YGR007W,0,-4.9737544,0.30015432834625244,0.3889999985694885,0.09070000052452087
YMR275C,YKL129C,1,-4.97392,0.30069389939308167,0.38999998569488525,0.09070000052452087
YIL048W,YDR388W,1,-4.974948,0.3012326657772064,0.39100000262260437,0.09070000052452087
YER020W,YOR142W,0,-4.9753947,0.30100077390670776,0.39100000262260437,0.09080000221729279
YPL115C,YKL145W,0,-4.976044,0.30076923966407776,0.39100000262260437,0.0908999964594841
YPR057W,YPL243W,0,-4.9767327,0.300538033246994,0.39100000262260437,0.09099999815225601
YDL006W,YBR058C,0,-4.977557,0.3003072142601013,0.39100000262260437,0.09109999984502792
YKR003W,YAR042W,1,-4.977562,0.3008441925048828,0.3919999897480011,0.09109999984502792
YIL124W,YCL001W,0,-4.9776664,0.30061349272727966,0.3919999897480011,0.09120000153779984
YOR109W,YLR337C,1,-4.977828,0.3011494278907776,0.3930000066757202,0.09120000153779984
YDR043C,YDR329C,0,-4.9786744,0.300918847322464,0.3930000066757202,0.09130000323057175
YNL330C,YOR213C,0,-4.978687,0.30068859457969666,0.3930000066757202,0.09139999747276306
YDL019C,YOR008C,1,-4.9787235,0.3012232482433319,0.39399999380111694,0.09139999747276306
YIL048W,YLR240W,1,-4.9787893,0.3017570674419403,0.39500001072883606,0.09139999747276306
YBR130C,YGR046W,0,-4.978845,0.3015267252922058,0.39500001072883606,0.09149999916553497
YBR153W,YLR268W,0,-4.97905,0.3012967109680176,0.39500001072883606,0.09160000085830688
YDR423C,YOL043C,0,-4.9790845,0.3010670840740204,0.39500001072883606,0.0917000025510788
YJR077C,YNL003C,0,-4.9791512,0.30083778500556946,0.39500001072883606,0.09179999679327011
YPL110C,YPL055C,0,-4.979304,0.3006088137626648,0.39500001072883606,0.09189999848604202
YLR113W,YLL040C,0,-4.979585,0.30038022994995117,0.39500001072883606,0.09200000017881393
YNR030W,YPL094C,0,-4.980045,0.3001519739627838,0.39500001072883606,0.09210000187158585
YPL204W,YKL129C,1,-4.980187,0.3006833791732788,0.3959999978542328,0.09210000187158585
YMR275C,YCR028C,1,-4.981331,0.30121394991874695,0.3970000147819519,0.09210000187158585
YDR023W,YLR066W,0,-4.9814515,0.3009856045246124,0.3970000147819519,0.09220000356435776
YLL009C,YMR026C,0,-4.981608,0.30075758695602417,0.3970000147819519,0.09229999780654907
YGL181W,YJL165C,1,-4.983111,0.301286906003952,0.39800000190734863,0.09229999780654907
YDR069C,YDR388W,1,-4.983259,0.3018154203891754,0.39899998903274536,0.09229999780654907
YAL043C,YLR105C,0,-4.9834847,0.30158731341362,0.39899998903274536,0.09239999949932098
YMR109W,YHR073W,1,-4.9846187,0.3021148145198822,0.4000000059604645,0.09239999949932098
YNL297C,YKR001C,1,-4.9848084,0.30264151096343994,0.4009999930858612,0.09239999949932098
YKL203C,YHR016C,1,-4.9852796,0.3031674325466156,0.4020000100135803,0.09239999949932098
YLR109W,YGL122C,0,-4.9852924,0.30293896794319153,0.4020000100135803,0.0925000011920929
YNL173C,YER021W,0,-4.9853096,0.3027108311653137,0.4020000100135803,0.09260000288486481
YNL037C,YKR090W,0,-4.985577,0.30248308181762695,0.4020000100135803,0.09269999712705612
YMR073C,YJL052W,0,-4.985663,0.30225563049316406,0.4020000100135803,0.09279999881982803
YBR109C,YIL002C,1,-4.985761,0.3027798533439636,0.40299999713897705,0.09279999881982803
YMR068W,YNL239W,0,-4.9858823,0.30255255103111267,0.40299999713897705,0.09290000051259995
YPL046C,YGL011C,0,-4.986132,0.302325576543808,0.40299999713897705,0.09300000220537186
YAR014C,YDR039C,0,-4.9862585,0.30209895968437195,0.40299999713897705,0.09309999644756317
YML078W,YPL244C,0,-4.986419,0.3018726706504822,0.40299999713897705,0.09319999814033508
YBR059C,YJL204C,1,-4.987205,0.30239519476890564,0.40400001406669617,0.09319999814033508
YAL031C,YCL067C,0,-4.987331,0.3021690249443054,0.40400001406669617,0.093299999833107
YFL018C,YDR097C,0,-4.987469,0.30194321274757385,0.40400001406669617,0.0934000015258789
YKL194C,YLR148W,0,-4.987526,0.30171769857406616,0.40400001406669617,0.09350000321865082
YGR218W,YJL065C,0,-4.98861,0.3014925420284271,0.40400001406669617,0.09359999746084213
YNL131W,YHR012W,0,-4.9890237,0.30126771330833435,0.40400001406669617,0.09369999915361404
YER075C,YER162C,0,-4.9895377,0.30104321241378784,0.40400001406669617,0.09380000084638596
YIL118W,YEL012W,0,-4.9898276,0.30081906914711,0.40400001406669617,0.09390000253915787
YPR033C,YKR072C,0,-4.9905486,0.300595223903656,0.40400001406669617,0.09399999678134918
YKL170W,YGL022W,0,-4.990988,0.3003717362880707,0.40400001406669617,0.0940999984741211
YGL112C,YNL121C,0,-4.9912324,0.3001485764980316,0.40400001406669617,0.094200000166893
YKR085C,YGR274C,0,-4.991307,0.2999257743358612,0.40400001406669617,0.09430000185966492
YMR097C,YDR265W,0,-4.9914317,0.2997032701969147,0.40400001406669617,0.09440000355243683
YPR113W,YPR132W,0,-4.991443,0.2994810938835144,0.40400001406669617,0.09449999779462814
YLR144C,YMR012W,0,-4.9914947,0.2992592453956604,0.40400001406669617,0.09459999948740005
YBR015C,YDR181C,0,-4.992088,0.29903775453567505,0.40400001406669617,0.09470000118017197
YGL195W,YIL039W,0,-4.9921255,0.2988165616989136,0.40400001406669617,0.09480000287294388
YLR201C,YEL060C,0,-4.9924264,0.29859572649002075,0.40400001406669617,0.09489999711513519
YOR304W,YKL120W,0,-4.992541,0.2983751893043518,0.40400001406669617,0.0949999988079071
YGL172W,YER005W,0,-4.99297,0.2981549799442291,0.40400001406669617,0.09510000050067902
YBR023C,YIL097W,0,-4.992988,0.2979350984096527,0.40400001406669617,0.09520000219345093
YKR095W,YGR008C,0,-4.993372,0.29771554470062256,0.40400001406669617,0.09529999643564224
YDL099W,YHR074W,0,-4.9933753,0.29749631881713867,0.40400001406669617,0.09539999812841415
YBR199W,YMR125W,0,-4.993415,0.29727742075920105,0.40400001406669617,0.09549999982118607
YKL112W,YGL257C,0,-4.9935403,0.2970588207244873,0.40400001406669617,0.09560000151395798
YGL020C,YGR222W,0,-4.9939647,0.2968405485153198,0.40400001406669617,0.09570000320672989
YAL007C,YDL013W,0,-4.9940205,0.2966226041316986,0.40400001406669617,0.0957999974489212
YLR284C,YDR470C,0,-4.9941525,0.29640498757362366,0.40400001406669617,0.09589999914169312
YER129W,YKL196C,0,-4.9945292,0.2961876690387726,0.40400001406669617,0.09600000083446503
YPL202C,YFR050C,0,-4.99516,0.29597070813179016,0.40400001406669617,0.09610000252723694
YGL054C,YPL145C,1,-4.9952846,0.2964860796928406,0.4050000011920929,0.09610000252723694
YBR103W,YPR088C,0,-4.9962473,0.2962692081928253,0.4050000011920929,0.09619999676942825
YER088C,YKL043W,0,-4.9962993,0.29605263471603394,0.4050000011920929,0.09629999846220016
YDR214W,YDR481C,0,-4.997124,0.2958363890647888,0.4050000011920929,0.09640000015497208
YNL130C,YMR186W,0,-4.9972696,0.2956204414367676,0.4050000011920929,0.09650000184774399
YDR071C,YNL241C,0,-4.9976215,0.2954048216342926,0.4050000011920929,0.0966000035405159
YJR060W,YGL130W,0,-4.9980807,0.2951894998550415,0.4050000011920929,0.09669999778270721
YJL099W,YLR007W,0,-4.998992,0.29497450590133667,0.4050000011920929,0.09679999947547913
YBL007C,YHR161C,1,-4.999306,0.2954876124858856,0.4059999883174896,0.09679999947547913
YMR044W,YLR055C,0,-4.9996047,0.29527273774147034,0.4059999883174896,0.09690000116825104
YJL128C,YMR013C,0,-4.9997797,0.29505813121795654,0.4059999883174896,0.09700000286102295
YER087C-B,YML124C,0,-4.999897,0.294843852519989,0.4059999883174896,0.09709999710321426
YHR102W,YHR204W,0,-5.000171,0.29462990164756775,0.4059999883174896,0.09719999879598618
YNL038W,YLL024C,0,-5.0003347,0.29441624879837036,0.4059999883174896,0.09730000048875809
YAR007C,YBR082C,0,-5.0004325,0.29420289397239685,0.4059999883174896,0.09740000218153
YNL166C,YLL015W,0,-5.0010962,0.2939898669719696,0.4059999883174896,0.09749999642372131
YNL239W,YGR074W,0,-5.001615,0.29377713799476624,0.4059999883174896,0.09759999811649323
YLR028C,YBR210W,0,-5.0026917,0.29356470704078674,0.4059999883174896,0.09769999980926514
YPL161C,YPL253C,0,-5.003332,0.2933526039123535,0.4059999883174896,0.09780000150203705
YDL231C,YGL181W,1,-5.003549,0.29386281967163086,0.40700000524520874,0.09780000150203705
YDR093W,YNL297C,1,-5.003637,0.2943722903728485,0.40799999237060547,0.09780000150203705
YMR216C,YDR200C,0,-5.0048413,0.29416006803512573,0.40799999237060547,0.09790000319480896
YKR052C,YDR150W,0,-5.00506,0.29394811391830444,0.40799999237060547,0.09799999743700027
YBR109C,YDR093W,1,-5.0053267,0.29445645213127136,0.4090000092983246,0.09799999743700027
YER061C,YKR090W,0,-5.0056267,0.2942446172237396,0.4090000092983246,0.09809999912977219
YLR229C,YCR028C,1,-5.0058,0.29475197196006775,0.4099999964237213,0.09809999912977219
YDR320C-A,YNL085W,0,-5.006043,0.2945402264595032,0.4099999964237213,0.0982000008225441
YKL059C,YMR216C,0,-5.007694,0.2943287789821625,0.4099999964237213,0.09830000251531601
YPR072W,YOR035C,0,-5.007811,0.29411765933036804,0.4099999964237213,0.09839999675750732
YBR179C,YOL013C,0,-5.0081434,0.2939068078994751,0.4099999964237213,0.09849999845027924
YMR048W,YNL129W,0,-5.008482,0.2936962842941284,0.4099999964237213,0.09860000014305115
YOR171C,YBL105C,0,-5.008878,0.2934860289096832,0.4099999964237213,0.09870000183582306
YNL118C,YJL186W,0,-5.0090756,0.2932761013507843,0.4099999964237213,0.09880000352859497
YOR043W,YHR135C,1,-5.009558,0.2937812805175781,0.41100001335144043,0.09880000352859497
YLR023C,YGR007W,0,-5.010169,0.29357144236564636,0.41100001335144043,0.09889999777078629
YJR076C,YDL195W,0,-5.0102243,0.2933618724346161,0.41100001335144043,0.0989999994635582
YPL156C,YLR006C,0,-5.010432,0.2931526303291321,0.41100001335144043,0.09910000115633011
YEL017C-A,YLR448W,0,-5.010978,0.29294368624687195,0.41100001335144043,0.09920000284910202
YKR068C,YPR074C,0,-5.0116906,0.2927350401878357,0.41100001335144043,0.09929999709129333
YBL047C,YKR001C,1,-5.012586,0.29323843121528625,0.41200000047683716,0.09929999709129333
YIL009W,YDR072C,0,-5.013231,0.29302987456321716,0.41200000047683716,0.09939999878406525
YNL082W,YLR193C,0,-5.0133553,0.29282161593437195,0.41200000047683716,0.09950000047683716
YOR085W,YGL066W,0,-5.0139594,0.2926136255264282,0.41200000047683716,0.09960000216960907
YPR008W,YOL129W,0,-5.014665,0.29240596294403076,0.41200000047683716,0.09969999641180038
YGR037C,YFL022C,0,-5.0149155,0.2921985685825348,0.41200000047683716,0.0997999981045723
YOR173W,YNL036W,0,-5.0149913,0.2919915020465851,0.41200000047683716,0.09989999979734421
YOR245C,YMR188C,0,-5.015061,0.29178470373153687,0.41200000047683716,0.10000000149011612
YMR029C,YDR325W,0,-5.015119,0.2915782034397125,0.41200000047683716,0.10010000318288803
YOR109W,YPL145C,1,-5.0153155,0.29207921028137207,0.4129999876022339,0.10010000318288803
YPR131C,YCR024C-A,0,-5.0153613,0.2918727993965149,0.4129999876022339,0.10019999742507935
YKL048C,YKL193C,0,-5.015739,0.2916666567325592,0.4129999876022339,0.10029999911785126
YOR316C,YJL166W,0,-5.0158424,0.2914608418941498,0.4129999876022339,0.10040000081062317
YGR284C,YHR073W,1,-5.015922,0.2919605076313019,0.414000004529953,0.10040000081062317
YAL015C,YDR088C,0,-5.0159698,0.29175475239753723,0.414000004529953,0.10050000250339508
YMR047C,YLR425W,0,-5.016749,0.29154929518699646,0.414000004529953,0.1005999967455864
YGR113W,YDR456W,0,-5.0172772,0.29134413599967957,0.414000004529953,0.1006999984383583
YGR028W,YFL036W,0,-5.0175023,0.29113924503326416,0.414000004529953,0.10080000013113022
YDR264C,YPL204W,1,-5.017918,0.2916373908519745,0.41499999165534973,0.10080000013113022
YOR037W,YGR007W,0,-5.01815,0.29143258929252625,0.41499999165534973,0.10090000182390213
YPL242C,YPL118W,0,-5.0184407,0.2912280559539795,0.41499999165534973,0.10100000351667404
YDR358W,YMR076C,0,-5.0187483,0.291023850440979,0.41499999165534973,0.10109999775886536
YLR270W,YPL049C,0,-5.01917,0.29081991314888,0.41499999165534973,0.10119999945163727
YKL040C,YJL012C,0,-5.0191846,0.2906162440776825,0.41499999165534973,0.10130000114440918
YNL236W,YPL120W,0,-5.019364,0.29041287302970886,0.41499999165534973,0.10140000283718109
YKL073W,YGL227W,0,-5.0197296,0.2902098000049591,0.41499999165534973,0.1014999970793724
YFR046C,YJL002C,0,-5.019798,0.29000699520111084,0.41499999165534973,0.10159999877214432
YPR199C,YNL099C,0,-5.0199227,0.28980445861816406,0.41499999165534973,0.10170000046491623
YLR216C,YML067C,0,-5.020248,0.28960222005844116,0.41499999165534973,0.10180000215768814
YBL007C,YLR337C,1,-5.020605,0.2900976240634918,0.41600000858306885,0.10180000215768814
YMR097C,YEL017C-A,0,-5.0208845,0.2898954749107361,0.41600000858306885,0.10189999639987946
YLR332W,YPR024W,0,-5.021261,0.28969359397888184,0.41600000858306885,0.10199999809265137
YNL036W,YGR038W,0,-5.0216327,0.28949201107025146,0.41600000858306885,0.10209999978542328
YLR096W,YMR247C,0,-5.0217805,0.2892906963825226,0.41600000858306885,0.10220000147819519
YLR309C,YDR189W,0,-5.0219283,0.2890896499156952,0.41600000858306885,0.1023000031709671
YDR039C,YBL033C,0,-5.022328,0.2888889014720917,0.41600000858306885,0.10239999741315842
YMR192W,YPR133C,0,-5.0225253,0.28868842124938965,0.41600000858306885,0.10249999910593033
YNL085W,YPR100W,0,-5.0225787,0.2884882092475891,0.41600000858306885,0.10260000079870224
YCR077C,YML127W,0,-5.0231347,0.28828829526901245,0.41600000858306885,0.10270000249147415
YFL041W,YGR199W,0,-5.023187,0.2880886495113373,0.41600000858306885,0.10279999673366547
YER119C,YDL058W,0,-5.023229,0.2878892719745636,0.41600000858306885,0.10289999842643738
YMR119W,YDR038C,0,-5.023749,0.2876901924610138,0.41600000858306885,0.10300000011920929
YAR042W,YHR016C,1,-5.0239787,0.28818243741989136,0.4169999957084656,0.10300000011920929
YFL021W,YMR285C,0,-5.024012,0.28798341751098633,0.4169999957084656,0.1031000018119812
YJL065C,YNL239W,0,-5.0242915,0.2877846658229828,0.4169999957084656,0.10320000350475311
YLR399C,YER019C-A,0,-5.0243163,0.2875862121582031,0.4169999957084656,0.10329999774694443
YLR134W,YDL195W,0,-5.0247617,0.28738799691200256,0.4169999957084656,0.10339999943971634
YDR071C,YDL095W,0,-5.0249147,0.2871900796890259,0.4169999957084656,0.10350000113248825
YGR278W,YER093C,0,-5.025286,0.2869924306869507,0.4169999957084656,0.10360000282526016
YNR035C,YCR008W,1,-5.0255766,0.2874827980995178,0.4180000126361847,0.10360000282526016
YFR009W,YDL147W,0,-5.0261025,0.2872852087020874,0.4180000126361847,0.10369999706745148
YDR093W,YKR003W,1,-5.026358,0.2877747118473053,0.4189999997615814,0.10369999706745148
YOR043W,YML001W,1,-5.026551,0.28826355934143066,0.41999998688697815,0.10369999706745148
YOR023C,YBL051C,0,-5.0269723,0.2880658507347107,0.41999998688697815,0.10379999876022339
YPL115C,YBR253W,0,-5.027122,0.2878684103488922,0.41999998688697815,0.1039000004529953
YGL219C,YOR326W,0,-5.0272717,0.2876712381839752,0.41999998688697815,0.10400000214576721
YCR035C,YOL129W,0,-5.027719,0.2874743342399597,0.41999998688697815,0.10409999638795853
YJL204C,YCR008W,1,-5.028028,0.2879616916179657,0.42100000381469727,0.10409999638795853
YGR009C,YLR079W,0,-5.028279,0.28776487708091736,0.42100000381469727,0.10419999808073044
YPR113W,YMR314W,0,-5.028753,0.2875683009624481,0.42100000381469727,0.10429999977350235
YMR238W,YKL119C,0,-5.029145,0.28737202286720276,0.42100000381469727,0.10440000146627426
YNL293W,YKL126W,1,-5.0294223,0.28785812854766846,0.421999990940094,0.10440000146627426
YIR025W,YGL093W,0,-5.0294642,0.2876618802547455,0.421999990940094,0.10450000315904617
YLR206W,YBL007C,1,-5.029569,0.2881471514701843,0.4230000078678131,0.10450000315904617
YJR052W,YGL004C,0,-5.0302997,0.2879509925842285,0.4230000078678131,0.10459999740123749
YGR166W,YGL096W,0,-5.03047,0.2877551019191742,0.4230000078678131,0.1046999990940094
YBR212W,YKL212W,0,-5.0307126,0.28755947947502136,0.4230000078678131,0.10480000078678131
YAR002C-A,YMR314W,0,-5.0309353,0.28736412525177,0.4230000078678131,0.10490000247955322
YAL035W,YER020W,0,-5.031218,0.28716903924942017,0.4230000078678131,0.10499999672174454
YER042W,YKR002W,0,-5.0317903,0.2869742214679718,0.4230000078678131,0.10509999841451645
YDL145C,YJR140C,0,-5.031942,0.2867796719074249,0.4230000078678131,0.10520000010728836
YNL032W,YNL241C,0,-5.0320096,0.28658536076545715,0.4230000078678131,0.10530000180006027
YER013W,YDL224C,0,-5.0322223,0.28639134764671326,0.4230000078678131,0.10540000349283218
YOR099W,YKL130C,0,-5.0322423,0.28619757294654846,0.4230000078678131,0.1054999977350235
YBR217W,YDL149W,0,-5.032431,0.28600406646728516,0.4230000078678131,0.10559999942779541
YGR028W,YDR477W,0,-5.032546,0.28581079840660095,0.4230000078678131,0.10570000112056732
YNR016C,YGR267C,0,-5.0334883,0.2856178283691406,0.4230000078678131,0.10580000281333923
YBR236C,YLR398C,0,-5.033552,0.2854250967502594,0.4230000078678131,0.10589999705553055
YGR267C,YOR171C,0,-5.033698,0.28523263335227966,0.4230000078678131,0.10599999874830246
YOL002C,YML085C,0,-5.0337405,0.2850404381752014,0.4230000078678131,0.10610000044107437
YNL325C,YDR394W,0,-5.0338798,0.28484848141670227,0.4230000078678131,0.10620000213384628
YDR194C,YPR181C,0,-5.0341926,0.2846567928791046,0.4230000078678131,0.1062999963760376
YHL019C,YNR035C,1,-5.0348153,0.2851378619670868,0.42399999499320984,0.1062999963760376
YDR221W,YEL034W,0,-5.0350966,0.2849462330341339,0.42399999499320984,0.10639999806880951
YNL297C,YKR003W,1,-5.0352025,0.28542646765708923,0.42500001192092896,0.10639999806880951
YKL152C,YDR409W,0,-5.035222,0.28523489832878113,0.42500001192092896,0.10649999976158142
YCL061C,YDR142C,0,-5.0355473,0.2850435972213745,0.42500001192092896,0.10660000145435333
YNL099C,YGL167C,0,-5.035642,0.284852534532547,0.42500001192092896,0.10670000314712524
YLR347C,YKL080W,0,-5.035664,0.28466174006462097,0.42500001192092896,0.10679999738931656
YHR115C,YBR280C,0,-5.03577,0.28447121381759644,0.42500001192092896,0.10689999908208847
YLR006C,YML041C,0,-5.036203,0.284280925989151,0.42500001192092896,0.10700000077486038
YMR083W,YGL112C,0,-5.037194,0.28409090638160706,0.42500001192092896,0.1071000024676323
YAL056W,YDR258C,0,-5.0374436,0.2839011251926422,0.42500001192092896,0.10719999670982361
YDL115C,YNL323W,0,-5.0375504,0.28371161222457886,0.42500001192092896,0.10729999840259552
YGR140W,YDR486C,0,-5.037579,0.2835223376750946,0.42500001192092896,0.10740000009536743
YNR001C,YDR135C,0,-5.0383396,0.28333333134651184,0.42500001192092896,0.10750000178813934
YGL105W,YFR048W,0,-5.0386252,0.2831445634365082,0.42500001192092896,0.10760000348091125
YNR017W,YPL179W,0,-5.038824,0.282956063747406,0.42500001192092896,0.10769999772310257
YKR038C,YFL038C,0,-5.0390887,0.28276780247688293,0.42500001192092896,0.10779999941587448
YHR073W,YHR135C,1,-5.0392275,0.28324466943740845,0.4259999990463257,0.10779999941587448
YMR311C,YAL011W,0,-5.0395617,0.28305646777153015,0.4259999990463257,0.10790000110864639
YLR259C,YDR487C,0,-5.0397263,0.28286853432655334,0.4259999990463257,0.1080000028014183
YLR330W,YOR254C,0,-5.040032,0.28268080949783325,0.4259999990463257,0.10809999704360962
YPL078C,YGR157W,0,-5.040326,0.28249338269233704,0.4259999990463257,0.10819999873638153
YDL161W,YLR240W,1,-5.0411005,0.2829688489437103,0.4269999861717224,0.10819999873638153
YOL065C,YPR024W,0,-5.041179,0.2827814519405365,0.4269999861717224,0.10830000042915344
YIL044C,YHR161C,1,-5.0412445,0.2832561135292053,0.42800000309944153,0.10830000042915344
YHR074W,YIR011C,0,-5.041325,0.28306877613067627,0.42800000309944153,0.10840000212192535
YPL231W,YKL045W,0,-5.0415177,0.2828816771507263,0.42800000309944153,0.10849999636411667
YIL035C,YDR116C,0,-5.041607,0.28269484639167786,0.42800000309944153,0.10859999805688858
YPR052C,YPR113W,0,-5.042188,0.2825082540512085,0.42800000309944153,0.10869999974966049
YGL048C,YMR013C,0,-5.042212,0.28232190012931824,0.42800000309944153,0.1088000014424324
YLL038C,YOR043W,1,-5.0423455,0.2827949821949005,0.42899999022483826,0.1088000014424324
YNL331C,YLR028C,0,-5.0424676,0.28260868787765503,0.42899999022483826,0.10890000313520432
YLR246W,YMR255W,0,-5.0431104,0.28242263197898865,0.42899999022483826,0.10899999737739563
YNL074C,YGR004W,0,-5.0433064,0.28223684430122375,0.42899999022483826,0.10909999907016754
YHR019C,YGR183C,0,-5.043699,0.28205129504203796,0.42899999022483826,0.10920000076293945
YHR005C,YPL179W,0,-5.0437913,0.2818659543991089,0.42899999022483826,0.10930000245571136
YEL027W,YAL026C,1,-5.044066,0.282337486743927,0.4300000071525574,0.10930000245571136
YDL231C,YNL293W,1,-5.0441833,0.282808393239975,0.4309999942779541,0.10930000245571136
YOR386W,YDR260C,0,-5.044314,0.28262296319007874,0.4309999942779541,0.10939999669790268
YOR326W,YBR260C,0,-5.0445867,0.2824377417564392,0.4309999942779541,0.10949999839067459
YDR294C,YML019W,0,-5.0446296,0.28225278854370117,0.4309999942779541,0.1096000000834465
YCR028C,YKL126W,1,-5.04503,0.28272250294685364,0.4320000112056732,0.1096000000834465
YLR314C,YOL011W,0,-5.045634,0.2825376093387604,0.4320000112056732,0.10970000177621841
YHR114W,YPL204W,1,-5.0456753,0.28300654888153076,0.43299999833106995,0.10970000177621841
YJR084W,YML067C,0,-5.0462003,0.2828216850757599,0.43299999833106995,0.10980000346899033
YIL095W,YDR388W,1,-5.0469265,0.2832898199558258,0.4339999854564667,0.10980000346899033
YMR192W,YDL134C,0,-5.047295,0.2831050157546997,0.4339999854564667,0.10989999771118164
YHR011W,YBL030C,0,-5.048449,0.2829204797744751,0.4339999854564667,0.10999999940395355
YJR074W,YKL122C,0,-5.048549,0.2827361524105072,0.4339999854564667,0.11010000109672546
YPL188W,YHL025W,0,-5.0486817,0.2825520932674408,0.4339999854564667,0.11020000278949738
YAR003W,YLR130C,0,-5.0497794,0.2823682427406311,0.4339999854564667,0.11029999703168869
YGL038C,YDL047W,0,-5.0499043,0.2821846604347229,0.4339999854564667,0.1103999987244606
YDR302W,YGL115W,0,-5.0501432,0.2820012867450714,0.4339999854564667,0.11050000041723251
YGL122C,YPL193W,0,-5.0505204,0.2818181812763214,0.4339999854564667,0.11060000211000443
YLR210W,YLR362W,0,-5.051287,0.2816353142261505,0.4339999854564667,0.11069999635219574
YKL016C,YIR008C,0,-5.051592,0.28145265579223633,0.4339999854564667,0.11079999804496765
YKR001C,YHR135C,1,-5.0516076,0.28191834688186646,0.4350000023841858,0.11079999804496765
YNR030W,YJR025C,0,-5.0518374,0.28173574805259705,0.4350000023841858,0.11089999973773956
YLR229C,YHR073W,1,-5.051982,0.2822006344795227,0.4359999895095825,0.11089999973773956
YOR327C,YOR043W,1,-5.052116,0.282664954662323,0.43700000643730164,0.11089999973773956
YKL214C,YDR341C,0,-5.0523934,0.28248223662376404,0.43700000643730164,0.11100000143051147
YIL044C,YDR069C,1,-5.052987,0.2829457223415375,0.43799999356269836,0.11100000143051147
YPL213W,YDR276C,0,-5.0533233,0.2827630639076233,0.43799999356269836,0.11110000312328339
YHL019C,YOR109W,1,-5.0536256,0.28322580456733704,0.4390000104904175,0.11110000312328339
YGR029W,YPL234C,0,-5.0537777,0.2830432057380676,0.4390000104904175,0.1111999973654747
YMR116C,YLR332W,0,-5.054012,0.28286081552505493,0.4390000104904175,0.11129999905824661
YMR275C,YGR284C,1,-5.054749,0.28332260251045227,0.4399999976158142,0.11129999905824661
YDL019C,YLR337C,1,-5.054786,0.28378379344940186,0.4410000145435333,0.11129999905824661
YDR260C,YER074W-A,0,-5.0548043,0.2836012840270996,0.4410000145435333,0.11140000075101852
YCL035C,YJR118C,0,-5.0552354,0.28341901302337646,0.4410000145435333,0.11150000244379044
YNL293W,YOR327C,1,-5.0552373,0.28387925028800964,0.44200000166893005,0.11150000244379044
YER133W,YNL154C,1,-5.055363,0.28433889150619507,0.4429999887943268,0.11150000244379044
YNL051W,YMR276W,0,-5.055533,0.2841565012931824,0.4429999887943268,0.11159999668598175
YDR512C,YJL054W,0,-5.055673,0.2839743494987488,0.4429999887943268,0.11169999837875366
YOR142W,YLR034C,0,-5.0560007,0.2837924361228943,0.4429999887943268,0.11180000007152557
YJL209W,YBR026C,0,-5.056062,0.2836107611656189,0.4429999887943268,0.11190000176429749
YFR013W,YKL073W,0,-5.056189,0.2834292948246002,0.4429999887943268,0.1120000034570694
YIL046W,YGR133W,0,-5.0566,0.28324809670448303,0.4429999887943268,0.11209999769926071
YKL016C,YNL207W,0,-5.0569787,0.28306710720062256,0.4429999887943268,0.11219999939203262
YFL013C,YHL027W,0,-5.0569854,0.2828863263130188,0.4429999887943268,0.11230000108480453
YGR268C,YIL121W,0,-5.0573783,0.28270581364631653,0.4429999887943268,0.11240000277757645
YGR037C,YOR151C,0,-5.057414,0.28252550959587097,0.4429999887943268,0.11249999701976776
YBR286W,YJL039C,0,-5.0576286,0.2823454439640045,0.4429999887943268,0.11259999871253967
YOR039W,YJR135C,0,-5.058003,0.28216561675071716,0.4429999887943268,0.11270000040531158
YKL195W,YDR322C-A,0,-5.058253,0.2819859981536865,0.4429999887943268,0.1128000020980835
YNL048W,YKR022C,0,-5.0585065,0.281806617975235,0.4429999887943268,0.11289999634027481
YGR047C,YIL056W,0,-5.0585237,0.28162747621536255,0.4429999887943268,0.11299999803304672
YDR037W,YGL067W,0,-5.0588374,0.2814485430717468,0.4429999887943268,0.11309999972581863
YLR165C,YPR108W,0,-5.0588865,0.2812698483467102,0.4429999887943268,0.11320000141859055
YDR151C,YOR351C,0,-5.0594845,0.2810913622379303,0.4429999887943268,0.11330000311136246
YIL049W,YDR456W,0,-5.060027,0.2809131145477295,0.4429999887943268,0.11339999735355377
YEL027W,YBR207W,1,-5.060093,0.28136882185935974,0.4440000057220459,0.11339999735355377
YHR114W,YLR337C,1,-5.0602727,0.28182393312454224,0.4449999928474426,0.11339999735355377
YPR005C,YLR256W,0,-5.0605865,0.2816455662250519,0.4449999928474426,0.11349999904632568
YOL005C,YOR075W,0,-5.0608144,0.2814674377441406,0.4449999928474426,0.1136000007390976
YBR179C,YMR293C,0,-5.0608535,0.2812895178794861,0.4449999928474426,0.1137000024318695
YKL073W,YJL061W,0,-5.060985,0.28111180663108826,0.4449999928474426,0.11379999667406082
YHR030C,YLR262C,0,-5.0613647,0.28093433380126953,0.4449999928474426,0.11389999836683273
YLR342W,YNL293W,1,-5.0614533,0.2813880145549774,0.44600000977516174,0.11389999836683273
YDR005C,YDR457W,0,-5.0622954,0.28121060132980347,0.44600000977516174,0.11400000005960464
YGR284C,YNR047W,1,-5.062327,0.2816635072231293,0.44699999690055847,0.11400000005960464
YHL019C,YBR109C,1,-5.0631447,0.2821158766746521,0.4480000138282776,0.11400000005960464
YLR309C,YBL061C,0,-5.063419,0.2819383144378662,0.4480000138282776,0.11410000175237656
YGL174W,YGR118W,0,-5.06364,0.2817610204219818,0.4480000138282776,0.11420000344514847
YMR219W,YDR483W,0,-5.0642233,0.28158390522003174,0.4480000138282776,0.11429999768733978
YNL192W,YML124C,0,-5.0644283,0.28140702843666077,0.4480000138282776,0.1143999993801117
YIL036W,YBR258C,0,-5.0645547,0.2812303900718689,0.4480000138282776,0.1145000010728836
YNL041C,YPR173C,0,-5.064607,0.28105396032333374,0.4480000138282776,0.11460000276565552
YER052C,YDL135C,0,-5.064833,0.2808777391910553,0.4480000138282776,0.11469999700784683
YHR114W,YJL165C,1,-5.065305,0.28132832050323486,0.4490000009536743,0.11469999700784683
YNR013C,YJL166W,0,-5.065638,0.2811521589756012,0.4490000009536743,0.11479999870061874
YNL298W,YLR150W,0,-5.065656,0.28097620606422424,0.4490000009536743,0.11490000039339066
YBR110W,YMR190C,0,-5.0658283,0.2808004915714264,0.4490000009536743,0.11500000208616257
YMR192W,YPL258C,0,-5.065841,0.28062498569488525,0.4490000009536743,0.11509999632835388
YBR160W,YOR194C,0,-5.066446,0.2804497182369232,0.4490000009536743,0.1151999980211258
YDR296W,YDR409W,0,-5.0665894,0.2802746593952179,0.4490000009536743,0.1152999997138977
YDR099W,YER005W,0,-5.0669703,0.2800998091697693,0.4490000009536743,0.11540000140666962
YLR210W,YDL052C,0,-5.067571,0.2799251973628998,0.4490000009536743,0.11550000309944153
YKR052C,YGL137W,0,-5.0676455,0.2797507643699646,0.4490000009536743,0.11559999734163284
YDR099W,YKL074C,0,-5.0677543,0.2795765995979309,0.4490000009536743,0.11569999903440475
YKL197C,YNR023W,0,-5.0678606,0.27940261363983154,0.4490000009536743,0.11580000072717667
YNL221C,YDL134C,0,-5.0679746,0.2792288661003113,0.4490000009536743,0.11590000241994858
YKL114C,YOR326W,0,-5.0681443,0.27905532717704773,0.4490000009536743,0.11599999666213989
YCR008W,YOR327C,1,-5.068316,0.27950310707092285,0.44999998807907104,0.11599999666213989
YER157W,YDR379W,0,-5.0685,0.2793295979499817,0.44999998807907104,0.1160999983549118
YDR440W,YDR062W,0,-5.0687747,0.27915632724761963,0.44999998807907104,0.11620000004768372
YDL201W,YBL055C,0,-5.068834,0.2789832651615143,0.44999998807907104,0.11630000174045563
YDL231C,YNL154C,1,-5.06947,0.27943000197410583,0.45100000500679016,0.11630000174045563
YIL048W,YJL204C,1,-5.069513,0.279876172542572,0.4519999921321869,0.11630000174045563
YPR019W,YJL085W,0,-5.0701156,0.27970296144485474,0.4519999921321869,0.11640000343322754
YDR258C,YLR079W,0,-5.071148,0.27952998876571655,0.4519999921321869,0.11649999767541885
YLL038C,YHR135C,1,-5.071158,0.2799752652645111,0.453000009059906,0.11649999767541885
YNR035C,YLR371W,1,-5.071719,0.2804200053215027,0.45399999618530273,0.11649999767541885
YDR129C,YLL003W,0,-5.0725245,0.28024691343307495,0.45399999618530273,0.11659999936819077
YLR418C,YJL041W,0,-5.073009,0.28007403016090393,0.45399999618530273,0.11670000106096268
YMR129W,YBR273C,0,-5.0734715,0.2799013555049896,0.45399999618530273,0.11680000275373459
YGR284C,YNL154C,1,-5.073522,0.28034505248069763,0.45500001311302185,0.11680000275373459
YAL026C,YIL002C,1,-5.073816,0.2807881832122803,0.4560000002384186,0.11680000275373459
YNR035C,YKL203C,1,-5.073933,0.28123077750205994,0.4569999873638153,0.11680000275373459
YER017C,YDR423C,0,-5.0739474,0.28105780482292175,0.4569999873638153,0.1168999969959259
YBR179C,YAL051W,0,-5.073978,0.28088507056236267,0.4569999873638153,0.11699999868869781
YPR030W,YNL293W,1,-5.0742364,0.2813267707824707,0.4580000042915344,0.11699999868869781
YOL013C,YJR068W,0,-5.074561,0.2811540961265564,0.4580000042915344,0.11710000038146973
YER143W,YKL154W,0,-5.074861,0.2809816002845764,0.4580000042915344,0.11720000207424164
YHR115C,YOL013C,0,-5.0753565,0.28080931305885315,0.4580000042915344,0.11729999631643295
YDL138W,YKL020C,0,-5.0755754,0.280637264251709,0.4580000042915344,0.11739999800920486
YJR104C,YMR260C,0,-5.075668,0.28046539425849915,0.4580000042915344,0.11749999970197678
YHL019C,YIL002C,1,-5.0757084,0.28090575337409973,0.45899999141693115,0.11749999970197678
YDR179C,YGL100W,0,-5.075873,0.28073394298553467,0.45899999141693115,0.11760000139474869
YER020W,YPL249C,0,-5.07649,0.2805623412132263,0.45899999141693115,0.1177000030875206
YFR009W,YNR006W,0,-5.076575,0.2803909480571747,0.45899999141693115,0.11779999732971191
YBR243C,YOR359W,0,-5.076746,0.28021979331970215,0.45899999141693115,0.11789999902248383
YLL038C,YNL243W,1,-5.0767694,0.28065893054008484,0.46000000834465027,0.11789999902248383
YDR054C,YJL062W,0,-5.076896,0.2804878056049347,0.46000000834465027,0.11800000071525574
YCR077C,YFL045C,0,-5.0775623,0.28031688928604126,0.46000000834465027,0.11810000240802765
YDL231C,YNL084C,1,-5.077742,0.2807551622390747,0.460999995470047,0.11810000240802765
YLR293C,YJL012C,0,-5.0777936,0.28058430552482605,0.460999995470047,0.11819999665021896
YKR038C,YOR209C,0,-5.078647,0.2804136276245117,0.460999995470047,0.11829999834299088
YGR113W,YNL317W,0,-5.0790176,0.2802431583404541,0.460999995470047,0.11840000003576279
YOR103C,YOR386W,0,-5.079181,0.2800728976726532,0.460999995470047,0.1185000017285347
YLR163C,YMR263W,0,-5.079435,0.279902845621109,0.460999995470047,0.11860000342130661
YBR201W,YDR137W,0,-5.079543,0.27973300218582153,0.460999995470047,0.11869999766349792
YMR213W,YDL115C,0,-5.079972,0.27956336736679077,0.460999995470047,0.11879999935626984
YNR027W,YDR168W,0,-5.0800653,0.2793939411640167,0.460999995470047,0.11890000104904175
YDL198C,YDR037W,0,-5.0806537,0.2792247235774994,0.460999995470047,0.11900000274181366
YMR012W,YGR020C,0,-5.080799,0.2790556848049164,0.460999995470047,0.11909999698400497
YJR059W,YGR048W,0,-5.0809703,0.2788868844509125,0.460999995470047,0.11919999867677689
YDR096W,YIR009W,0,-5.080975,0.2787182629108429,0.460999995470047,0.1193000003695488
YHR004C,YGR141W,0,-5.081428,0.27854984998703003,0.460999995470047,0.11940000206232071
YAL026C,YCL034W,1,-5.081997,0.27898550033569336,0.4620000123977661,0.11940000206232071
YGR224W,YOR275C,0,-5.0821457,0.27881714701652527,0.4620000123977661,0.11949999630451202
YER053C,YDL229W,0,-5.0826955,0.2786489725112915,0.4620000123977661,0.11959999799728394
YMR237W,YNL029C,0,-5.0829387,0.27848100662231445,0.4620000123977661,0.11969999969005585
YDR123C,YNL098C,0,-5.0830812,0.2783132493495941,0.4620000123977661,0.11980000138282776
YIL044C,YOR094W,1,-5.0832143,0.2787477374076843,0.46299999952316284,0.11980000138282776
YIL002C,YIL048W,1,-5.08329,0.27918171882629395,0.46399998664855957,0.11980000138282776
YPL145C,YGR241C,1,-5.0834804,0.2796151638031006,0.4650000035762787,0.11980000138282776
YNL169C,YAL043C,0,-5.084069,0.27944710850715637,0.4650000035762787,0.11990000307559967
YER083C,YNL173C,0,-5.0845532,0.27927929162979126,0.4650000035762787,0.11999999731779099
YJL024C,YPR082C,0,-5.08474,0.2791116535663605,0.4650000035762787,0.1200999990105629
YIL154C,YBR273C,0,-5.0851016,0.2789442241191864,0.4650000035762787,0.12020000070333481
YBR288C,YLR240W,1,-5.0852094,0.2793765068054199,0.4659999907016754,0.12020000070333481
YOR028C,YMR314W,0,-5.08555,0.27920910716056824,0.4659999907016754,0.12030000239610672
YPL209C,YDR329C,0,-5.085555,0.27904191613197327,0.4659999907016754,0.12039999663829803
YDR168W,YGL044C,0,-5.0861244,0.278874933719635,0.4659999907016754,0.12049999833106995
YKL213C,YJL059W,0,-5.086315,0.2787081301212311,0.4659999907016754,0.12060000002384186
YAL026C,YHR161C,1,-5.0863795,0.27913928031921387,0.46700000762939453,0.12060000002384186
YBR008C,YMR200W,0,-5.086439,0.2789725065231323,0.46700000762939453,0.12070000171661377
YDR099W,YMR216C,0,-5.0868077,0.2788059711456299,0.46700000762939453,0.12080000340938568
YML051W,YCL001W,0,-5.0869565,0.27863961458206177,0.46700000762939453,0.120899997651577
YIL051C,YMR314W,0,-5.0870004,0.27847346663475037,0.46700000762939453,0.12099999934434891
YHR115C,YGR046W,0,-5.0871887,0.2783074975013733,0.46700000762939453,0.12110000103712082
YDR093W,YKL126W,1,-5.087564,0.278737336397171,0.46799999475479126,0.12110000103712082
YFL018C,YGL226C-A,0,-5.088007,0.2785714268684387,0.46799999475479126,0.12120000272989273
YPL084W,YDR075W,0,-5.0881524,0.27840569615364075,0.46799999475479126,0.12129999697208405
YDR423C,YAL042W,0,-5.0882235,0.2782402038574219,0.46799999475479126,0.12139999866485596
YHR058C,YPL094C,0,-5.0886016,0.27807486057281494,0.46799999475479126,0.12150000035762787
YKL093W,YER100W,0,-5.0888658,0.2779097259044647,0.46799999475479126,0.12160000205039978
YDL145C,YCL040W,0,-5.089213,0.2777447998523712,0.46799999475479126,0.1216999962925911
YHR161C,YML001W,1,-5.0894694,0.27817317843437195,0.4690000116825104,0.1216999962925911
YLR206W,YGL045W,1,-5.0896425,0.2786010801792145,0.4699999988079071,0.1216999962925911
YJR001W,YBR043C,0,-5.089666,0.27843600511550903,0.4699999988079071,0.121799997985363
YIL053W,YLR150W,0,-5.089689,0.2782711684703827,0.4699999988079071,0.12189999967813492
YBR153W,YBR048W,0,-5.089742,0.2781065106391907,0.4699999988079071,0.12200000137090683
YOR099W,YKL055C,0,-5.0897536,0.277942031621933,0.4699999988079071,0.12210000306367874
YBR288C,YDL161W,1,-5.0902104,0.2783688008785248,0.47099998593330383,0.12210000306367874
YEL034W,YML091C,0,-5.090355,0.27820438146591187,0.47099998593330383,0.12219999730587006
YDR207C,YGL095C,0,-5.0904293,0.2780401408672333,0.47099998593330383,0.12229999899864197
YMR314W,YFR031C,0,-5.0907054,0.2778761088848114,0.47099998593330383,0.12240000069141388
YJR076C,YDR225W,0,-5.0913606,0.27771225571632385,0.47099998593330383,0.12250000238418579
YGR267C,YGR074W,0,-5.0918584,0.277548611164093,0.47099998593330383,0.1225999966263771
YHR019C,YDR394W,0,-5.0920806,0.2773851454257965,0.47099998593330383,0.12269999831914902
YDR069C,YKL129C,1,-5.092286,0.2778104841709137,0.47200000286102295,0.12269999831914902
YNL074C,YEL002C,0,-5.0927854,0.2776470482349396,0.47200000286102295,0.12280000001192093
YPL078C,YNL267W,0,-5.092854,0.27748382091522217,0.47200000286102295,0.12290000170469284
YGL174W,YIL085C,0,-5.0935664,0.2773208022117615,0.47200000286102295,0.12300000339746475
YNL312W,YGR020C,0,-5.0937405,0.2771579623222351,0.47200000286102295,0.12309999763965607
YNL084C,YPL204W,1,-5.0941143,0.27758216857910156,0.4729999899864197,0.12309999763965607
YGL115W,YDR429C,0,-5.0945067,0.2774193584918976,0.4729999899864197,0.12319999933242798
YER133W,YIL002C,1,-5.0950174,0.2778429090976715,0.4740000069141388,0.12319999933242798
YDR393W,YIL063C,0,-5.095619,0.2776801288127899,0.4740000069141388,0.12330000102519989
YLR163C,YBL033C,0,-5.0963063,0.27751755714416504,0.4740000069141388,0.1234000027179718
YDR423C,YBL026W,0,-5.0965023,0.2773551642894745,0.4740000069141388,0.12349999696016312
YML069W,YPL106C,0,-5.0969434,0.27719298005104065,0.4740000069141388,0.12359999865293503
YKR082W,YLR107W,0,-5.0976443,0.27703097462654114,0.4740000069141388,0.12370000034570694
YDL099W,YKL045W,0,-5.0976825,0.27686914801597595,0.4740000069141388,0.12380000203847885
YBR201W,YKL025C,0,-5.097754,0.2767075300216675,0.4740000069141388,0.12389999628067017
YOL088C,YDR208W,0,-5.0977607,0.27654609084129333,0.4740000069141388,0.12399999797344208
YKR066C,YPR162C,0,-5.098192,0.2763848304748535,0.4740000069141388,0.12409999966621399
YML120C,YGL025C,0,-5.098541,0.2762237787246704,0.4740000069141388,0.1242000013589859
YPR023C,YDR429C,0,-5.0987716,0.27606290578842163,0.4740000069141388,0.12430000305175781
YBR095C,YJL012C,0,-5.098955,0.2759022116661072,0.4740000069141388,0.12439999729394913
YDL161W,YAR042W,1,-5.099049,0.27632343769073486,0.4749999940395355,0.12439999729394913
YDL019C,YNR047W,1,-5.099253,0.27674418687820435,0.47600001096725464,0.12439999729394913
YHR116W,YLR362W,0,-5.0993433,0.27658337354660034,0.47600001096725464,0.12449999898672104
YIL049W,YDR378C,0,-5.099509,0.27642276883125305,0.47600001096725464,0.12460000067949295
YER019C-A,YDR328C,0,-5.099661,0.2762623429298401,0.47600001096725464,0.12470000237226486
YLR144C,YBR179C,0,-5.100473,0.27610209584236145,0.47600001096725464,0.12479999661445618
YLR459W,YLR340W,0,-5.100735,0.27594202756881714,0.47600001096725464,0.12489999830722809
YNL118C,YML055W,0,-5.1011567,0.27578216791152954,0.47600001096725464,0.125
YLR355C,YBL050W,0,-5.1014233,0.2756224572658539,0.47600001096725464,0.1251000016927719
YPL249C,YDR059C,0,-5.101567,0.27546295523643494,0.47600001096725464,0.12520000338554382
YLL038C,YNR047W,1,-5.1024866,0.2758820056915283,0.47699999809265137,0.12520000338554382
YNR001C,YER072W,0,-5.102999,0.27572253346443176,0.47699999809265137,0.12530000507831573
YDL226C,YBR022W,0,-5.103078,0.2755632698535919,0.47699999809265137,0.12540000677108765
YBR059C,YAL026C,1,-5.103125,0.27598151564598083,0.4779999852180481,0.12540000677108765
YOR288C,YAR031W,0,-5.1032014,0.2758222818374634,0.4779999852180481,0.12549999356269836
YLR216C,YLL040C,0,-5.103967,0.27566319704055786,0.4779999852180481,0.12559999525547028
YNL041C,YBR272C,0,-5.104648,0.27550432085990906,0.4779999852180481,0.1256999969482422
YEL027W,YLR371W,1,-5.104861,0.27592167258262634,0.4790000021457672,0.1256999969482422
YLR206W,YKR001C,1,-5.1051145,0.27633851766586304,0.47999998927116394,0.1256999969482422
YDL231C,YIL048W,1,-5.105161,0.27675488591194153,0.48100000619888306,0.1256999969482422
YFR004W,YFR031C,0,-5.1052947,0.27659574151039124,0.48100000619888306,0.1257999986410141
YBR236C,YML088W,0,-5.1056085,0.27643677592277527,0.48100000619888306,0.125900000333786
YOR216C,YLR362W,0,-5.10584,0.27627798914909363,0.48100000619888306,0.12600000202655792
YNL188W,YNL007C,0,-5.106007,0.2761194109916687,0.48100000619888306,0.12610000371932983
YNR035C,YKR003W,1,-5.106178,0.27653470635414124,0.4819999933242798,0.12610000371932983
YML081C-A,YGR085C,0,-5.1063046,0.2763761579990387,0.4819999933242798,0.12620000541210175
YHR086W,YDR207C,0,-5.10683,0.2762177586555481,0.4819999933242798,0.12630000710487366
YGR147C,YDR381W,0,-5.107347,0.2760595679283142,0.4819999933242798,0.12639999389648438
YOR281C,YDL052C,0,-5.1075034,0.27590155601501465,0.4819999933242798,0.1264999955892563
YPL262W,YHR186C,0,-5.1076045,0.275743693113327,0.4819999933242798,0.1265999972820282
YMR119W,YLR459W,0,-5.1078486,0.2755860388278961,0.4819999933242798,0.1266999989748001
YJL204C,YDR388W,1,-5.107969,0.2759999930858612,0.4830000102519989,0.1266999989748001
YFL013C,YKL043W,0,-5.10803,0.2758423686027527,0.4830000102519989,0.12680000066757202
YDL145C,YGL227W,0,-5.1085563,0.2756849229335785,0.4830000102519989,0.12690000236034393
YGL071W,YBR256C,0,-5.1086893,0.2755276560783386,0.4830000102519989,0.12700000405311584
YDR166C,YDL015C,0,-5.109013,0.2753705680370331,0.4830000102519989,0.12710000574588776
YDR122W,YLR138W,0,-5.109339,0.27521368861198425,0.4830000102519989,0.12720000743865967
YBL082C,YGL003C,0,-5.109562,0.27505695819854736,0.4830000102519989,0.12729999423027039
YLR229C,YIL095W,1,-5.109571,0.2754695415496826,0.48399999737739563,0.12729999423027039
YGL195W,YPL270W,0,-5.1099367,0.2753128409385681,0.48399999737739563,0.1273999959230423
YIL002C,YKL129C,1,-5.1103168,0.275724858045578,0.48500001430511475,0.1273999959230423
YKL040C,YML055W,0,-5.1107106,0.2755681872367859,0.48500001430511475,0.1274999976158142
YMR200W,YGL229C,0,-5.110896,0.2754116952419281,0.48500001430511475,0.12759999930858612
YMR237W,YIL051C,0,-5.1110263,0.27525538206100464,0.48500001430511475,0.12770000100135803
YLR079W,YGL207W,0,-5.1111083,0.2750992774963379,0.48500001430511475,0.12780000269412994
YCR008W,YKL126W,1,-5.111596,0.27551019191741943,0.4860000014305115,0.12780000269412994
YDR264C,YDR069C,1,-5.111849,0.27592068910598755,0.4869999885559082,0.12780000269412994
YBR243C,YMR012W,0,-5.112266,0.27576443552970886,0.4869999885559082,0.12790000438690186
YLR006C,YPR107C,0,-5.1122966,0.2756083905696869,0.4869999885559082,0.12800000607967377
YMR212C,YPL169C,0,-5.1123233,0.27545249462127686,0.4869999885559082,0.12809999287128448
YLR229C,YBR214W,1,-5.1124945,0.27586206793785095,0.4880000054836273,0.12809999287128448
YIL044C,YLL038C,1,-5.112841,0.27627119421958923,0.48899999260902405,0.12809999287128448
YBL102W,YIL056W,0,-5.1137424,0.27611517906188965,0.48899999260902405,0.1281999945640564
YHR053C,YMR314W,0,-5.113869,0.2759593725204468,0.48899999260902405,0.1282999962568283
YNL242W,YMR237W,0,-5.1138706,0.27580371499061584,0.48899999260902405,0.12839999794960022
YLR274W,YDL006W,0,-5.1141915,0.2756482660770416,0.48899999260902405,0.12849999964237213
YKR003W,YOR043W,1,-5.114246,0.27605634927749634,0.49000000953674316,0.12849999964237213
YKL007W,YGR056W,0,-5.1143174,0.2759009003639221,0.49000000953674316,0.12860000133514404
YNL059C,YNL090W,0,-5.114421,0.2757456302642822,0.49000000953674316,0.12870000302791595
YNL293W,YPL032C,1,-5.1145463,0.27615296840667725,0.4909999966621399,0.12870000302791595
YBR272C,YGR010W,0,-5.114622,0.27599775791168213,0.4909999966621399,0.12880000472068787
YCR008W,YML052W,1,-5.1174355,0.2764045000076294,0.492000013589859,0.12880000472068787
YDL145C,YML126C,0,-5.117679,0.2762492895126343,0.492000013589859,0.12890000641345978
YKR052C,YDR129C,0,-5.117724,0.2760942876338959,0.492000013589859,0.1289999932050705
YMR073C,YEL017C-A,0,-5.1178975,0.2759394347667694,0.492000013589859,0.1290999948978424
YML092C,YCR035C,0,-5.118133,0.27578476071357727,0.492000013589859,0.12919999659061432
YKL139W,YNR038W,0,-5.118447,0.27563026547431946,0.492000013589859,0.12929999828338623
YHR019C,YNL015W,0,-5.1185136,0.2754759192466736,0.492000013589859,0.12939999997615814
YOR103C,YER129W,0,-5.119369,0.2753217816352844,0.492000013589859,0.12950000166893005
YDR518W,YOR036W,0,-5.119544,0.2751677930355072,0.492000013589859,0.12960000336170197
YDR309C,YOR069W,0,-5.1196465,0.2750139832496643,0.492000013589859,0.12970000505447388
YPL061W,YML028W,0,-5.1197944,0.27486032247543335,0.492000013589859,0.1298000067472458
YDL015C,YOL129W,0,-5.120753,0.2747068703174591,0.492000013589859,0.1298999935388565
YJR144W,YNL263C,0,-5.1208625,0.2745535671710968,0.492000013589859,0.12999999523162842
YKL114C,YDR030C,0,-5.121467,0.2744004428386688,0.492000013589859,0.13009999692440033
YIL035C,YOR040W,0,-5.1215105,0.27424749732017517,0.492000013589859,0.13019999861717224
YKL204W,YPL082C,0,-5.1217976,0.27409470081329346,0.492000013589859,0.13030000030994415
YOL127W,YPR107C,0,-5.1222377,0.27394208312034607,0.492000013589859,0.13040000200271606
YJR006W,YGL094C,0,-5.1222463,0.273789644241333,0.492000013589859,0.13050000369548798
YLR270W,YKL040C,0,-5.123191,0.2736373841762543,0.492000013589859,0.1306000053882599
YGR246C,YDL046W,0,-5.1236854,0.2734852731227875,0.492000013589859,0.1307000070810318
YER166W,YPL204W,1,-5.123917,0.27388888597488403,0.49300000071525574,0.1307000070810318
YPR019W,YGR101W,0,-5.1239285,0.2737368047237396,0.49300000071525574,0.13079999387264252
YJL003W,YER100W,0,-5.1240172,0.27358490228652954,0.49300000071525574,0.13089999556541443
YLR006C,YLR262C,0,-5.124121,0.2734331786632538,0.49300000071525574,0.13099999725818634
YLR398C,YDR392W,0,-5.124354,0.27328160405158997,0.49300000071525574,0.13109999895095825
YNR013C,YMR022W,0,-5.1263623,0.2731302082538605,0.49300000071525574,0.13120000064373016
YGR010W,YMR054W,0,-5.1264434,0.2729789614677429,0.49300000071525574,0.13130000233650208
YCR082W,YGL124C,0,-5.1264634,0.2728278934955597,0.49300000071525574,0.131400004029274
YOR191W,YPL087W,0,-5.1269054,0.2726770043373108,0.49300000071525574,0.1315000057220459
YIL044C,YLR371W,1,-5.1269593,0.2730790376663208,0.49399998784065247,0.1315000057220459
YPL233W,YHR006W,0,-5.127108,0.2729281783103943,0.49399998784065247,0.1316000074148178
YML065W,YPR065W,0,-5.127402,0.2727774679660797,0.49399998784065247,0.13169999420642853
YGR101W,YER178W,0,-5.1274323,0.27262693643569946,0.49399998784065247,0.13179999589920044
YFR013W,YBL079W,0,-5.12744,0.27247655391693115,0.49399998784065247,0.13189999759197235
YDL099W,YGL195W,0,-5.127445,0.27232635021209717,0.49399998784065247,0.13199999928474426
YGL011C,YKR037C,0,-5.1278524,0.2721762955188751,0.49399998784065247,0.13210000097751617
YNL281W,YOR142W,0,-5.127978,0.2720264196395874,0.49399998784065247,0.13220000267028809
YDR069C,YDL161W,1,-5.1282067,0.2724270820617676,0.4950000047683716,0.13220000267028809
YBR245C,YLR191W,0,-5.1286464,0.27227723598480225,0.4950000047683716,0.13230000436306
YOR061W,YDR268W,0,-5.129476,0.27212753891944885,0.4950000047683716,0.1324000060558319
YKL025C,YDR470C,0,-5.1301193,0.2719780206680298,0.4950000047683716,0.13249999284744263
YDR062W,YBR162C,0,-5.130514,0.27182865142822266,0.4950000047683716,0.13259999454021454
YNL230C,YDL065C,0,-5.1309934,0.27167946100234985,0.4950000047683716,0.13269999623298645
YER094C,YPR198W,0,-5.131024,0.2715304493904114,0.4950000047683716,0.13279999792575836
YDL226C,YGR119C,0,-5.1312623,0.27138158679008484,0.4950000047683716,0.13289999961853027
YMR234W,YLR417W,0,-5.1314187,0.27123287320137024,0.4950000047683716,0.13300000131130219
YDR314C,YDR484W,0,-5.131432,0.27108433842658997,0.4950000047683716,0.1331000030040741
YLR330W,YCR077C,0,-5.132179,0.27093595266342163,0.4950000047683716,0.133200004696846
YGR163W,YDR498C,0,-5.132652,0.2707877457141876,0.4950000047683716,0.13330000638961792
YJL091C,YDL227C,0,-5.1328483,0.27063968777656555,0.4950000047683716,0.13339999318122864
YKL195W,YNL097C,0,-5.132941,0.2704918086528778,0.4950000047683716,0.13349999487400055
YDR212W,YML007W,0,-5.1332006,0.270344078540802,0.4950000047683716,0.13359999656677246
YGL054C,YGL181W,1,-5.133242,0.27074235677719116,0.4959999918937683,0.13359999656677246
YOR244W,YOR380W,0,-5.133543,0.27059465646743774,0.4959999918937683,0.13369999825954437
YDR479C,YDR469W,0,-5.1336546,0.27044710516929626,0.4959999918937683,0.13379999995231628
YPR021C,YJL094C,0,-5.1336904,0.2702997326850891,0.4959999918937683,0.1339000016450882
YER142C,YKR022C,0,-5.133796,0.2701525092124939,0.4959999918937683,0.1340000033378601
YKR067W,YDR308C,0,-5.1341796,0.2700054347515106,0.4959999918937683,0.13410000503063202
YDL113C,YCR014C,0,-5.1341863,0.26985853910446167,0.4959999918937683,0.13420000672340393
YJR105W,YDL045C,0,-5.134523,0.26971179246902466,0.4959999918937683,0.13429999351501465
YGL084C,YDR392W,0,-5.134912,0.269565224647522,0.4959999918937683,0.13439999520778656
YNL330C,YBR293W,0,-5.135016,0.2694188058376312,0.4959999918937683,0.13449999690055847
YFL041W,YGL210W,0,-5.1353793,0.2692725360393524,0.4959999918937683,0.13459999859333038
YCL067C,YDR097C,0,-5.135602,0.26912641525268555,0.4959999918937683,0.1347000002861023
YHR005C,YBR293W,0,-5.1358104,0.268980473279953,0.4959999918937683,0.1348000019788742
YAL042W,YDR331W,0,-5.1360564,0.2688346803188324,0.4959999918937683,0.13490000367164612
YHR115C,YNR013C,0,-5.136143,0.2686890661716461,0.4959999918937683,0.13500000536441803
YER112W,YDR181C,0,-5.1367774,0.2685435712337494,0.4959999918937683,0.13510000705718994
YDL200C,YPR103W,0,-5.1368594,0.268398255109787,0.4959999918937683,0.13519999384880066
YAL026C,YKR001C,1,-5.1368937,0.2687939405441284,0.4970000088214874,0.13519999384880066
YMR285C,YOR209C,0,-5.1373625,0.2686486542224884,0.4970000088214874,0.13529999554157257
YFL025C,YER019W,0,-5.137584,0.2685035169124603,0.4970000088214874,0.13539999723434448
YKL060C,YOR304W,0,-5.137921,0.2683585286140442,0.4970000088214874,0.1354999989271164
YCL034W,YHR016C,1,-5.1380134,0.26875337958335876,0.49799999594688416,0.1354999989271164
YDR296W,YLR090W,0,-5.138092,0.268608421087265,0.49799999594688416,0.1356000006198883
YNL006W,YER151C,0,-5.138681,0.2684636116027832,0.49799999594688416,0.13570000231266022
YAL015C,YCR073W-A,0,-5.138823,0.26831895112991333,0.49799999594688416,0.13580000400543213
YMR083W,YDR477W,0,-5.139016,0.2681744694709778,0.49799999594688416,0.13590000569820404
YLR399C,YJL129C,0,-5.1390343,0.2680301368236542,0.49799999594688416,0.13600000739097595
YGL216W,YPL106C,0,-5.139254,0.2678859531879425,0.49799999594688416,0.13609999418258667
YKL013C,YOL054W,0,-5.1393,0.26774194836616516,0.49799999594688416,0.13619999587535858
YBR286W,YOR241W,0,-5.1393,0.26759806275367737,0.49799999594688416,0.1362999975681305
YMR033W,YDL098C,0,-5.139568,0.2674543559551239,0.49799999594688416,0.1363999992609024
YDR166C,YIL143C,0,-5.1395802,0.2673107981681824,0.49799999594688416,0.13650000095367432
YML091C,YGR128C,0,-5.139807,0.2671673893928528,0.49799999594688416,0.13660000264644623
YMR026C,YDR381W,0,-5.1399055,0.26702412962913513,0.49799999594688416,0.13670000433921814
YGL005C,YNL323W,0,-5.141625,0.2668810188770294,0.49799999594688416,0.13680000603199005
YDL056W,YIL120W,0,-5.1421757,0.26673808693885803,0.49799999594688416,0.13689999282360077
YDL029W,YGL219C,0,-5.142204,0.2665952742099762,0.49799999594688416,0.13699999451637268
YDR296W,YLR066W,0,-5.142207,0.2664526402950287,0.49799999594688416,0.1370999962091446
YFL055W,YDL230W,0,-5.1427855,0.2663101553916931,0.49799999594688416,0.1371999979019165
YDR093W,YGL054C,1,-5.142816,0.2667022943496704,0.49900001287460327,0.1371999979019165
YDR181C,YOR270C,0,-5.14323,0.2665598392486572,0.49900001287460327,0.13729999959468842
YML077W,YDR141C,0,-5.1434536,0.2664175033569336,0.49900001287460327,0.13740000128746033
YNL192W,YGR141W,0,-5.143646,0.2662753462791443,0.49900001287460327,0.13750000298023224
YOR020C,YER001W,0,-5.1436934,0.2661333382129669,0.49900001287460327,0.13760000467300415
YJR084W,YLR105C,0,-5.1444163,0.2659914791584015,0.49900001287460327,0.13770000636577606
YGL245W,YDR166C,0,-5.144448,0.265849769115448,0.49900001287460327,0.13779999315738678
YFL009W,YOR307C,0,-5.14472,0.26570820808410645,0.49900001287460327,0.1378999948501587
YLR291C,YHL031C,0,-5.1448956,0.26556679606437683,0.49900001287460327,0.1379999965429306
YML034W,YLR298C,0,-5.144992,0.26542553305625916,0.49900001287460327,0.13809999823570251
YDR309C,YKL085W,0,-5.1449947,0.2652844190597534,0.49900001287460327,0.13819999992847443
YLR226W,YDR221W,0,-5.145024,0.2651434540748596,0.49900001287460327,0.13830000162124634
YHR135C,YKL126W,1,-5.1454616,0.2655337154865265,0.5,0.13830000162124634
YLR028C,YLR285W,0,-5.1455674,0.2653927803039551,0.5,0.13840000331401825
YOR266W,YDR189W,0,-5.1457987,0.2652519941329956,0.5,0.13850000500679016
YDR072C,YEL017C-A,0,-5.1463094,0.26511135697364807,0.5,0.13860000669956207
YER016W,YDL044C,0,-5.1463675,0.2649708390235901,0.5,0.1386999934911728
YDR189W,YGL093W,0,-5.146439,0.26483049988746643,0.5,0.1387999951839447
YNL049C,YIL105C,0,-5.146641,0.2646903097629547,0.5,0.1388999968767166
YHR188C,YGL112C,0,-5.14669,0.26455026865005493,0.5,0.13899999856948853
YDL140C,YEL012W,0,-5.147046,0.2644103765487671,0.5,0.13910000026226044
YDR294C,YMR225C,0,-5.1474113,0.2642706036567688,0.5,0.13920000195503235
YAL007C,YBL026W,0,-5.1475987,0.26413100957870483,0.5,0.13930000364780426
YJR093C,YKL035W,0,-5.1478877,0.2639915645122528,0.5,0.13940000534057617
YPR132W,YBR162C,0,-5.1479745,0.26385223865509033,0.5,0.13950000703334808
YMR296C,YDR322C-A,0,-5.148234,0.2637130916118622,0.5,0.1395999938249588
YPL008W,YMR197C,0,-5.1489587,0.2635740637779236,0.5,0.1396999955177307
YPL262W,YLR459W,0,-5.1496415,0.2634351849555969,0.5,0.13979999721050262
YBL057C,YIL056W,0,-5.149798,0.2632964849472046,0.5,0.13989999890327454
YGR218W,YDL188C,0,-5.150478,0.2631579041481018,0.5,0.14000000059604645
YDR099W,YGR186W,0,-5.1505647,0.26301947236061096,0.5,0.14010000228881836
YJL165C,YNR047W,1,-5.1509433,0.2634069323539734,0.5009999871253967,0.14010000228881836
YDR228C,YPL179W,0,-5.1510925,0.26326853036880493,0.5009999871253967,0.14020000398159027
YGL054C,YOR043W,1,-5.1515937,0.2636554539203644,0.5019999742507935,0.14020000398159027
YDL065C,YGR047C,0,-5.1517196,0.2635170519351959,0.5019999742507935,0.14030000567436218
YDL195W,YNL263C,0,-5.1518426,0.2633787989616394,0.5019999742507935,0.1404000073671341
YBL030C,YIL016W,0,-5.1518893,0.2632406949996948,0.5019999742507935,0.1404999941587448
YDL243C,YFL048C,0,-5.151976,0.2631027400493622,0.5019999742507935,0.14059999585151672
YBR039W,YDR202C,0,-5.1526303,0.2629649043083191,0.5019999742507935,0.14069999754428864
YBL006C,YGL053W,0,-5.1526814,0.26282721757888794,0.5019999742507935,0.14079999923706055
YJR089W,YJR049C,0,-5.1527963,0.2626896798610687,0.5019999742507935,0.14090000092983246
YGR119C,YMR005W,0,-5.153279,0.26255229115486145,0.5019999742507935,0.14100000262260437
YOR008C,YHR016C,1,-5.153301,0.2629377841949463,0.503000020980835,0.14100000262260437
YOR023C,YKL194C,0,-5.1538672,0.2628004252910614,0.503000020980835,0.14110000431537628
YLR265C,YEL037C,0,-5.154034,0.26266318559646606,0.503000020980835,0.1412000060081482
YJL165C,YKL129C,1,-5.1543803,0.2630480229854584,0.5040000081062317,0.1412000060081482
YDR512C,YDL092W,0,-5.154474,0.26291078329086304,0.5040000081062317,0.1412999927997589
YML062C,YGR143W,0,-5.1550846,0.262773722410202,0.5040000081062317,0.14139999449253082
YOR039W,YDR518W,0,-5.1551766,0.26263678073883057,0.5040000081062317,0.14149999618530273
YPL002C,YEL051W,0,-5.15525,0.26249998807907104,0.5040000081062317,0.14159999787807465
YIL150C,YPR031W,0,-5.156606,0.26236334443092346,0.5040000081062317,0.14169999957084656
YDL126C,YOR267C,0,-5.156629,0.2622268497943878,0.5040000081062317,0.14180000126361847
YOR171C,YPL224C,0,-5.1567783,0.2620904743671417,0.5040000081062317,0.14190000295639038
YPL249C,YDR160W,0,-5.1573005,0.26195424795150757,0.5040000081062317,0.1420000046491623
YJR001W,YDR457W,0,-5.1573606,0.26181817054748535,0.5040000081062317,0.1421000063419342
YJL165C,YOR008C,1,-5.1576533,0.2622014582157135,0.5049999952316284,0.1421000063419342
YBR245C,YML069W,0,-5.1581955,0.2620653808116913,0.5049999952316284,0.14219999313354492
YDL231C,YGL045W,1,-5.158282,0.26244813203811646,0.5059999823570251,0.14219999313354492
YIL147C,YMR054W,0,-5.1583934,0.2623120844364166,0.5059999823570251,0.14229999482631683
YNL267W,YBL035C,0,-5.1585717,0.26217615604400635,0.5059999823570251,0.14239999651908875
YMR255W,YGL255W,0,-5.1587863,0.2620404064655304,0.5059999823570251,0.14249999821186066
YLR206W,YIR006C,1,-5.1591873,0.2624223530292511,0.5070000290870667,0.14249999821186066
YDR040C,YBR221C,0,-5.1593375,0.26228660345077515,0.5070000290870667,0.14259999990463257
YBR215W,YML019W,0,-5.159371,0.26215097308158875,0.5070000290870667,0.14270000159740448
YOR299W,YLR254C,0,-5.1600013,0.2620154917240143,0.5070000290870667,0.1428000032901764
YDR425W,YBR231C,0,-5.160966,0.26188015937805176,0.5070000290870667,0.1429000049829483
YFR033C,YKR042W,0,-5.1610136,0.26174497604370117,0.5070000290870667,0.14300000667572021
YPR185W,YKL040C,0,-5.1614466,0.26160991191864014,0.5070000290870667,0.14309999346733093
YMR267W,YDL224C,0,-5.161528,0.26147499680519104,0.5070000290870667,0.14319999516010284
YNL142W,YGR095C,0,-5.161858,0.2613402009010315,0.5070000290870667,0.14329999685287476
YDR375C,YBR165W,0,-5.161972,0.2612055540084839,0.5070000290870667,0.14339999854564667
YDL006W,YGR085C,0,-5.1620393,0.2610710561275482,0.5070000290870667,0.14350000023841858
YGR217W,YER148W,0,-5.162071,0.2609367072582245,0.5070000290870667,0.1436000019311905
YPL169C,YBL051C,0,-5.1622024,0.2608024775981903,0.5070000290870667,0.1437000036239624
YDR069C,YIL095W,1,-5.162434,0.2611825168132782,0.5080000162124634,0.1437000036239624
YDL134C,YHR111W,0,-5.162458,0.2610483169555664,0.5080000162124634,0.14380000531673431
YBR207W,YKL203C,1,-5.162796,0.2614278495311737,0.5090000033378601,0.14380000531673431
YPR065W,YKL214C,0,-5.16331,0.2612936198711395,0.5090000033378601,0.14390000700950623
YBR205W,YHL007C,0,-5.1638074,0.2611595690250397,0.5090000033378601,0.14399999380111694
YDR481C,YAR031W,0,-5.1641154,0.26102563738822937,0.5090000033378601,0.14409999549388885
YGR262C,YDR309C,0,-5.164166,0.260891854763031,0.5090000033378601,0.14419999718666077
YIL048W,YKL126W,1,-5.1654415,0.2612704932689667,0.5099999904632568,0.14419999718666077
YGL038C,YCR012W,0,-5.165999,0.2611367106437683,0.5099999904632568,0.14429999887943268
YLR044C,YER053C,0,-5.16643,0.2610030770301819,0.5099999904632568,0.1444000005722046
YMR021C,YLR163C,0,-5.1666512,0.260869562625885,0.5099999904632568,0.1445000022649765
YJR060W,YCL011C,0,-5.16676,0.2607361972332001,0.5099999904632568,0.1446000039577484
YLR429W,YMR113W,0,-5.1667695,0.2606029510498047,0.5099999904632568,0.14470000565052032
YDR069C,YGR284C,1,-5.1668777,0.26098060607910156,0.5109999775886536,0.14470000565052032
YNL037C,YDR464W,0,-5.1669235,0.2608473598957062,0.5109999775886536,0.14480000734329224
YGL124C,YIL031W,0,-5.1673822,0.2607142925262451,0.5109999775886536,0.14489999413490295
YHR167W,YGL104C,0,-5.168096,0.2605813443660736,0.5109999775886536,0.14499999582767487
YDR320C-A,YBR205W,0,-5.1683683,0.26044851541519165,0.5109999775886536,0.14509999752044678
YJR084W,YGL195W,0,-5.1685143,0.26031583547592163,0.5109999775886536,0.1451999992132187
YCR038C,YOL060C,0,-5.1688685,0.26018330454826355,0.5109999775886536,0.1453000009059906
YGR163W,YKL074C,0,-5.1689577,0.260050892829895,0.5109999775886536,0.1454000025987625
YLR350W,YNL070W,0,-5.169084,0.2599186301231384,0.5109999775886536,0.14550000429153442
YJL030W,YOL003C,0,-5.169167,0.2597864866256714,0.5109999775886536,0.14560000598430634
YJR093C,YBR024W,0,-5.169219,0.2596544623374939,0.5109999775886536,0.14569999277591705
YGL190C,YLR023C,0,-5.1694145,0.25952258706092834,0.5109999775886536,0.14579999446868896
YPL154C,YDL236W,0,-5.1694865,0.25939086079597473,0.5109999775886536,0.14589999616146088
YNL293W,YKL203C,1,-5.1695294,0.2597666084766388,0.5120000243186951,0.14589999616146088
YLR270W,YMR225C,0,-5.1698766,0.2596348822116852,0.5120000243186951,0.1459999978542328
YFR013W,YPR189W,0,-5.16996,0.2595033049583435,0.5120000243186951,0.1460999995470047
YMR080C,YML124C,0,-5.1709266,0.2593718469142914,0.5120000243186951,0.1462000012397766
YNL101W,YDR460W,0,-5.1713643,0.2592405080795288,0.5120000243186951,0.14630000293254852
YPL145C,YHR135C,1,-5.171519,0.25961539149284363,0.5130000114440918,0.14630000293254852
YAR014C,YLR330W,0,-5.1716905,0.25948405265808105,0.5130000114440918,0.14640000462532043
YJL186W,YEL051W,0,-5.171952,0.2593528926372528,0.5130000114440918,0.14650000631809235
YMR240C,YER142C,0,-5.1722956,0.2592218220233917,0.5130000114440918,0.14659999310970306
YFR014C,YOR035C,0,-5.172499,0.2590909004211426,0.5130000114440918,0.14669999480247498
YDL140C,YGR141W,0,-5.173543,0.25896012783050537,0.5130000114440918,0.1467999964952469
YPL123C,YDR484W,0,-5.173694,0.2588294744491577,0.5130000114440918,0.1468999981880188
YMR161W,YHL028W,0,-5.1738305,0.2586989402770996,0.5130000114440918,0.1469999998807907
YER087C-B,YBR289W,0,-5.1739573,0.25856855511665344,0.5130000114440918,0.14710000157356262
YGL012W,YDR483W,0,-5.1739583,0.2584382891654968,0.5130000114440918,0.14720000326633453
YER052C,YML041C,0,-5.174157,0.25830814242362976,0.5130000114440918,0.14730000495910645
YOL143C,YCL033C,0,-5.174224,0.25817814469337463,0.5130000114440918,0.14740000665187836
YDL137W,YJL124C,0,-5.17427,0.25804829597473145,0.5130000114440918,0.14749999344348907
YNL118C,YLR086W,0,-5.1750197,0.2579185664653778,0.5130000114440918,0.147599995136261
YJR084W,YGL104C,0,-5.1752534,0.2577889561653137,0.5130000114440918,0.1476999968290329
YLR418C,YNL274C,0,-5.1754,0.2576594650745392,0.5130000114440918,0.1477999985218048
YMR109W,YNL093W,1,-5.176268,0.2580321431159973,0.5139999985694885,0.1477999985218048
YKL204W,YLR090W,0,-5.1765265,0.2579026520252228,0.5139999985694885,0.14790000021457672
YGR097W,YML058W,0,-5.1766734,0.2577733099460602,0.5139999985694885,0.14800000190734863
YCL014W,YDR451C,0,-5.1767373,0.2576441168785095,0.5139999985694885,0.14810000360012054
YER035W,YNL239W,0,-5.1767707,0.2575150430202484,0.5139999985694885,0.14820000529289246
YPL055C,YDL135C,0,-5.1775947,0.25738608837127686,0.5139999985694885,0.14830000698566437
YKR022C,YDR023W,0,-5.1776347,0.25725725293159485,0.5139999985694885,0.14839999377727509
YJL091C,YDR485C,0,-5.1778655,0.2571285665035248,0.5139999985694885,0.148499995470047
YDR096W,YOR007C,0,-5.1779056,0.25699999928474426,0.5139999985694885,0.1485999971628189
YMR070W,YHR111W,0,-5.1779637,0.2568715512752533,0.5139999985694885,0.14869999885559082
YDR289C,YLR105C,0,-5.1780396,0.25674325227737427,0.5139999985694885,0.14880000054836273
YLR229C,YLL038C,1,-5.178126,0.25711432099342346,0.5149999856948853,0.14880000054836273
YOR143C,YIL039W,0,-5.178278,0.25698602199554443,0.5149999856948853,0.14890000224113464
YGL257C,YGR020C,0,-5.178411,0.25685784220695496,0.5149999856948853,0.14900000393390656
YMR238W,YHL036W,0,-5.1786876,0.2567298114299774,0.5149999856948853,0.14910000562667847
YCR044C,YKR037C,0,-5.179027,0.25660189986228943,0.5149999856948853,0.14920000731945038
YLR229C,YLR337C,1,-5.1790586,0.2569721043109894,0.515999972820282,0.14920000731945038
YFR046C,YIL021W,0,-5.1795063,0.2568441927433014,0.515999972820282,0.1492999941110611
YOR281C,YER117W,0,-5.1797795,0.25671643018722534,0.515999972820282,0.149399995803833
YJL030W,YPL233W,0,-5.1798177,0.25658875703811646,0.515999972820282,0.14949999749660492
YGL142C,YNL016W,0,-5.1807795,0.2564612329006195,0.515999972820282,0.14959999918937683
YKL172W,YCR027C,0,-5.181153,0.2563338279724121,0.515999972820282,0.14970000088214874
YDR151C,YER129W,0,-5.1815324,0.25620654225349426,0.515999972820282,0.14980000257492065
YKR066C,YML062C,0,-5.181645,0.25607940554618835,0.515999972820282,0.14990000426769257
YJL026W,YOR035C,0,-5.181659,0.255952388048172,0.515999972820282,0.15000000596046448
YKL016C,YDR176W,0,-5.1816773,0.2558254897594452,0.515999972820282,0.1500999927520752
YCR048W,YFL038C,0,-5.1817985,0.25569871068000793,0.515999972820282,0.1501999944448471
YPR128C,YDL008W,0,-5.183928,0.25557205080986023,0.515999972820282,0.15029999613761902
YPL123C,YKL018W,0,-5.184038,0.25544553995132446,0.515999972820282,0.15039999783039093
YDR194C,YNL329C,0,-5.184174,0.25531914830207825,0.515999972820282,0.15049999952316284
YKL139W,YDR460W,0,-5.1841846,0.2551928758621216,0.515999972820282,0.15060000121593475
YHR092C,YGL167C,0,-5.184356,0.25506672263145447,0.515999972820282,0.15070000290870667
YPL078C,YIL056W,0,-5.184447,0.2549407184123993,0.515999972820282,0.15080000460147858
YBR097W,YDR369C,0,-5.184467,0.2548148036003113,0.515999972820282,0.1509000062942505
YGL119W,YDR268W,0,-5.184839,0.2546890377998352,0.515999972820282,0.1509999930858612
YKL002W,YNL147W,0,-5.1851015,0.2545633912086487,0.515999972820282,0.15109999477863312
YAL029C,YBL050W,0,-5.18568,0.2544378638267517,0.515999972820282,0.15119999647140503
YDR384C,YJR077C,0,-5.185693,0.2543124556541443,0.515999972820282,0.15129999816417694
YGR097W,YNL232W,0,-5.1858945,0.2541871964931488,0.515999972820282,0.15139999985694885
YPL032C,YKR001C,1,-5.1860805,0.25455442070961,0.5170000195503235,0.15139999985694885
YNR035C,YHR016C,1,-5.1862845,0.2549212574958801,0.5180000066757202,0.15139999985694885
YLL038C,YHR161C,1,-5.1876197,0.255287766456604,0.5189999938011169,0.15139999985694885
YLR059C,YDR487C,0,-5.1880307,0.25516223907470703,0.5189999938011169,0.15150000154972076
YMR220W,YDR381W,0,-5.1880403,0.255036860704422,0.5189999938011169,0.15160000324249268
YDL029W,YGL124C,0,-5.188044,0.2549116015434265,0.5189999938011169,0.1517000049352646
YIL033C,YNL250W,0,-5.1882343,0.2547864615917206,0.5189999938011169,0.1518000066280365
YIL112W,YGR118W,0,-5.188495,0.2546614408493042,0.5189999938011169,0.15189999341964722
YPR105C,YDL065C,0,-5.1885257,0.25453653931617737,0.5189999938011169,0.15199999511241913
YMR048W,YGR005C,0,-5.188669,0.2544117569923401,0.5189999938011169,0.15209999680519104
YLR192C,YFR052W,0,-5.1887307,0.25428712368011475,0.5189999938011169,0.15219999849796295
YHL019C,YCL034W,1,-5.189487,0.2546522915363312,0.5199999809265137,0.15219999849796295
YPL145C,YHR073W,1,-5.189756,0.25501713156700134,0.5210000276565552,0.15219999849796295
YGR004W,YJL036W,0,-5.190045,0.25489237904548645,0.5210000276565552,0.15230000019073486
YPL224C,YCL004W,0,-5.190445,0.2547677159309387,0.5210000276565552,0.15240000188350677
YGL105W,YML057W,0,-5.190541,0.25464320182800293,0.5210000276565552,0.1525000035762787
YML126C,YGR199W,0,-5.190614,0.2545188069343567,0.5210000276565552,0.1526000052690506
YDL207W,YDR363W-A,0,-5.1906385,0.25439453125,0.5210000276565552,0.1527000069618225
YDR517W,YPR032W,0,-5.190782,0.25427037477493286,0.5210000276565552,0.15279999375343323
YNL293W,YHR135C,1,-5.1912217,0.25463414192199707,0.5220000147819519,0.15279999375343323
YPL259C,YOL061W,0,-5.191529,0.25450998544692993,0.5220000147819519,0.15289999544620514
YFR014C,YOR259C,0,-5.19179,0.25438597798347473,0.5220000147819519,0.15299999713897705
YOR039W,YOR035C,0,-5.1918845,0.2542620599269867,0.5220000147819519,0.15309999883174896
YPL259C,YBL051C,0,-5.1921144,0.2541382610797882,0.5220000147819519,0.15320000052452087
YGR246C,YPL180W,0,-5.192143,0.25401461124420166,0.5220000147819519,0.15330000221729279
YOR031W,YER042W,0,-5.1922746,0.2538910508155823,0.5220000147819519,0.1534000039100647
YDL161W,YHR161C,1,-5.192312,0.2542537748813629,0.5230000019073486,0.1534000039100647
YPR135W,YPL087W,0,-5.192432,0.25413021445274353,0.5230000019073486,0.1535000056028366
YOR094W,YCL034W,1,-5.1925316,0.25449246168136597,0.5239999890327454,0.1535000056028366
YMR220W,YKL145W,0,-5.192818,0.25436893105506897,0.5239999890327454,0.15360000729560852
YDR231C,YEL015W,0,-5.192908,0.2542455196380615,0.5239999890327454,0.15369999408721924
YDR276C,YCR033W,0,-5.193072,0.25412219762802124,0.5239999890327454,0.15379999577999115
YJR105W,YBR205W,0,-5.193843,0.2539990246295929,0.5239999890327454,0.15389999747276306
YMR173W,YLR095C,0,-5.1944957,0.2538759708404541,0.5239999890327454,0.15399999916553497
YPR133C,YGL112C,0,-5.1949806,0.25375303626060486,0.5239999890327454,0.15410000085830688
YNL294C,YDR457W,0,-5.194992,0.2536301910877228,0.5239999890327454,0.1542000025510788
YMR033W,YPL050C,0,-5.1974044,0.25350749492645264,0.5239999890327454,0.1543000042438507
YMR212C,YPL020C,0,-5.197514,0.25338491797447205,0.5239999890327454,0.15440000593662262
YAL053W,YNL330C,0,-5.1978064,0.253262460231781,0.5239999890327454,0.15449999272823334
YMR246W,YBR127C,0,-5.1978884,0.25314009189605713,0.5239999890327454,0.15459999442100525
YDR092W,YDR369C,0,-5.198277,0.2530178725719452,0.5239999890327454,0.15469999611377716
YGR005C,YGL145W,0,-5.1982923,0.2528957426548004,0.5239999890327454,0.15479999780654907
YOR377W,YDR005C,0,-5.1987786,0.2527737617492676,0.5239999890327454,0.15489999949932098
YKR031C,YER022W,0,-5.1988864,0.2526518702507019,0.5239999890327454,0.1550000011920929
YNL307C,YKL056C,0,-5.199265,0.25253012776374817,0.5239999890327454,0.1551000028848648
YDR069C,YLR371W,1,-5.199635,0.2528901696205139,0.5249999761581421,0.1551000028848648
YDR243C,YBR082C,0,-5.2009797,0.2527684271335602,0.5249999761581421,0.15520000457763672
YMR276W,YNR043W,0,-5.2013774,0.2526467740535736,0.5249999761581421,0.15530000627040863
YOR261C,YMR190C,0,-5.2014184,0.2525252401828766,0.5249999761581421,0.15539999306201935
YDL058W,YOL109W,0,-5.202004,0.2524038553237915,0.5249999761581421,0.15549999475479126
YDR507C,YOR085W,0,-5.2022157,0.2522825598716736,0.5249999761581421,0.15559999644756317
YGR222W,YOR213C,0,-5.202254,0.2521613836288452,0.5249999761581421,0.15569999814033508
YER133W,YHR016C,1,-5.2027383,0.2525204122066498,0.5260000228881836,0.15569999814033508
YBL047C,YNL154C,1,-5.2028594,0.2528790831565857,0.5270000100135803,0.15569999814033508
YJR007W,YPL087W,0,-5.2028985,0.2527577877044678,0.5270000100135803,0.155799999833107
YKL150W,YEL002C,0,-5.2035146,0.2526366114616394,0.5270000100135803,0.1559000015258789
YLR148W,YGL145W,0,-5.203957,0.252515584230423,0.5270000100135803,0.15600000321865082
YML051W,YPL050C,0,-5.2039657,0.2523946464061737,0.5270000100135803,0.15610000491142273
YML116W,YER072W,0,-5.204313,0.252273827791214,0.5270000100135803,0.15620000660419464
YLR144C,YOR160W,0,-5.2044573,0.25215309858322144,0.5270000100135803,0.15629999339580536
YER001W,YGL022W,0,-5.204805,0.2520325183868408,0.5270000100135803,0.15639999508857727
YBR168W,YOR069W,0,-5.204918,0.25191205739974976,0.5270000100135803,0.15649999678134918
YIL044C,YCR008W,1,-5.2055373,0.2522694766521454,0.527999997138977,0.15649999678134918
YHR133C,YIL068C,0,-5.2057323,0.25214898586273193,0.527999997138977,0.1565999984741211
YDR072C,YJR042W,0,-5.206285,0.2520286440849304,0.527999997138977,0.156700000166893
YNL001W,YKL058W,0,-5.207551,0.25190839171409607,0.527999997138977,0.15680000185966492
YKL054C,YAL013W,0,-5.2079043,0.25178825855255127,0.527999997138977,0.15690000355243683
YPR016C,YPR024W,0,-5.20795,0.251668244600296,0.527999997138977,0.15700000524520874
YCL040W,YPR081C,0,-5.207959,0.2515483498573303,0.527999997138977,0.15710000693798065
YLR295C,YMR296C,0,-5.2079625,0.2514285743236542,0.527999997138977,0.15719999372959137
YOR099W,YCL044C,0,-5.208375,0.2513088881969452,0.527999997138977,0.15729999542236328
YLR431C,YOL043C,0,-5.2086964,0.25118935108184814,0.527999997138977,0.1573999971151352
YDR005C,YDR404C,0,-5.2100434,0.25106990337371826,0.527999997138977,0.1574999988079071
YIL124W,YIL035C,0,-5.210119,0.25095057487487793,0.527999997138977,0.15760000050067902
YMR263W,YDR381W,0,-5.2102056,0.25083136558532715,0.527999997138977,0.15770000219345093
YBL047C,YLR240W,1,-5.210256,0.2511870861053467,0.5289999842643738,0.15770000219345093
YOL094C,YGL044C,0,-5.210347,0.2510678768157959,0.5289999842643738,0.15780000388622284
YDL115C,YOR321W,0,-5.2105365,0.2509487569332123,0.5289999842643738,0.15790000557899475
YPR138C,YOR279C,0,-5.2105923,0.2508297860622406,0.5289999842643738,0.15800000727176666
YBL019W,YGR098C,0,-5.2109704,0.2507109045982361,0.5289999842643738,0.15809999406337738
YMR025W,YKL145W,0,-5.2118106,0.2505921423435211,0.5289999842643738,0.1581999957561493
YBR119W,YBR212W,0,-5.2118354,0.2504734992980957,0.5289999842643738,0.1582999974489212
YJR066W,YOR115C,0,-5.2120337,0.25035494565963745,0.5289999842643738,0.15839999914169312
YJL204C,YBL007C,1,-5.212153,0.25070956349372864,0.5299999713897705,0.15839999914169312
YML126C,YBL056W,0,-5.2124248,0.2505910098552704,0.5299999713897705,0.15850000083446503
YLR192C,YBR272C,0,-5.212759,0.2504725754261017,0.5299999713897705,0.15860000252723694
YPR082C,YML124C,0,-5.213148,0.25035426020622253,0.5299999713897705,0.15870000422000885
YAR007C,YGL115W,0,-5.2133546,0.25023606419563293,0.5299999713897705,0.15880000591278076
YNR043W,YMR272C,0,-5.213614,0.2501179873943329,0.5299999713897705,0.15889999270439148
YIL117C,YFL038C,0,-5.2138863,0.25,0.5299999713897705,0.1589999943971634
YLR259C,YIL016W,0,-5.214956,0.24988213181495667,0.5299999713897705,0.1590999960899353
YDL231C,YHR016C,1,-5.2149673,0.2502356171607971,0.531000018119812,0.1590999960899353
YMR255W,YHL025W,0,-5.2153707,0.2501177489757538,0.531000018119812,0.15919999778270721
YNL036W,YML028W,0,-5.215419,0.25,0.531000018119812,0.15929999947547913
YHR158C,YPL053C,0,-5.2155147,0.24988235533237457,0.531000018119812,0.15940000116825104
YOL026C,YNL082W,0,-5.216024,0.2497648149728775,0.531000018119812,0.15950000286102295
YPR088C,YOR081C,0,-5.216062,0.24964739382266998,0.531000018119812,0.15960000455379486
YNL331C,YDL097C,0,-5.2171,0.24953007698059082,0.531000018119812,0.15970000624656677
YKL203C,YNR047W,1,-5.2171707,0.24988257884979248,0.5320000052452087,0.15970000624656677
YER088C,YHR150W,0,-5.217354,0.24976526200771332,0.5320000052452087,0.1597999930381775
YBL016W,YPR067W,0,-5.2177825,0.2496480494737625,0.5320000052452087,0.1598999947309494
YHL019C,YAL026C,1,-5.217997,0.25,0.5329999923706055,0.1598999947309494
YBL088C,YJR044C,0,-5.2180057,0.2498827874660492,0.5329999923706055,0.1599999964237213
YNL291C,YNL098C,0,-5.218482,0.24976569414138794,0.5329999923706055,0.16009999811649323
YDR221W,YOL148C,0,-5.218487,0.24964870512485504,0.5329999923706055,0.16019999980926514
YOR036W,YBL075C,0,-5.2186313,0.2495318353176117,0.5329999923706055,0.16030000150203705
YGR170W,YJL036W,0,-5.21899,0.2494150698184967,0.5329999923706055,0.16040000319480896
YMR091C,YPR056W,0,-5.219316,0.24929840862751007,0.5329999923706055,0.16050000488758087
YDR221W,YKL122C,0,-5.2196655,0.249181866645813,0.5329999923706055,0.16060000658035278
YGL245W,YLR154C,0,-5.219742,0.24906541407108307,0.5329999923706055,0.1606999933719635
YAL026C,YGR086C,1,-5.219913,0.24941615760326385,0.5339999794960022,0.1606999933719635
YOR377W,YOL045W,0,-5.219958,0.24929971992969513,0.5339999794960022,0.1607999950647354
YDR265W,YDR532C,0,-5.220002,0.24918338656425476,0.5339999794960022,0.16089999675750732
YLR259C,YGR020C,0,-5.2202754,0.24906715750694275,0.5339999794960022,0.16099999845027924
YDR096W,YPL249C,0,-5.22067,0.2489510476589203,0.5339999794960022,0.16110000014305115
YLR081W,YOR347C,0,-5.220748,0.24883504211902618,0.5339999794960022,0.16120000183582306
YDR375C,YCR044C,0,-5.221003,0.24871914088726044,0.5339999794960022,0.16130000352859497
YNL169C,YOL110W,0,-5.221301,0.24860335886478424,0.5339999794960022,0.16140000522136688
YER021W,YDR146C,0,-5.2216005,0.2484876662492752,0.5339999794960022,0.1615000069141388
YKL176C,YDR478W,0,-5.2217965,0.24837209284305573,0.5339999794960022,0.1615999937057495
YBR109C,YLR206W,1,-5.221994,0.24872152507305145,0.5350000262260437,0.1615999937057495
YOR244W,YPR108W,0,-5.2219977,0.24860595166683197,0.5350000262260437,0.16169999539852142
YKL139W,YMR238W,0,-5.222115,0.24849048256874084,0.5350000262260437,0.16179999709129333
YCR038C,YML057W,0,-5.222401,0.24837511777877808,0.5350000262260437,0.16189999878406525
YPL032C,YHR135C,1,-5.2234187,0.24872389435768127,0.5360000133514404,0.16189999878406525
YHL019C,YGL181W,1,-5.223503,0.2490723580121994,0.5370000004768372,0.16189999878406525
YER035W,YEL041W,0,-5.2236,0.24895688891410828,0.5370000004768372,0.16200000047683716
YOR326W,YNL236W,0,-5.2240686,0.2488415241241455,0.5370000004768372,0.16210000216960907
YOR123C,YOR328W,0,-5.2254605,0.2487262636423111,0.5370000004768372,0.16220000386238098
YGR238C,YPL164C,0,-5.225899,0.24861110746860504,0.5370000004768372,0.1623000055551529
YMR083W,YKL179C,0,-5.226051,0.24849607050418854,0.5370000004768372,0.1624000072479248
YJL081C,YBR188C,0,-5.2260675,0.2483811229467392,0.5370000004768372,0.16249999403953552
YDR098C,YLL027W,0,-5.226584,0.2482662945985794,0.5370000004768372,0.16259999573230743
YMR225C,YOL122C,0,-5.2266316,0.24815157055854797,0.5370000004768372,0.16269999742507935
YGR224W,YJL042W,0,-5.226676,0.2480369508266449,0.5370000004768372,0.16279999911785126
YHR135C,YNR047W,1,-5.226932,0.24838411808013916,0.5379999876022339,0.16279999911785126
YBR017C,YCR044C,0,-5.227019,0.24826949834823608,0.5379999876022339,0.16290000081062317
YDL040C,YDL002C,0,-5.2270627,0.24815498292446136,0.5379999876022339,0.16300000250339508
YBL047C,YLR396C,1,-5.227133,0.24850161373615265,0.5389999747276306,0.16300000250339508
YDL101C,YGL073W,0,-5.227526,0.24838709831237793,0.5389999747276306,0.163100004196167
YNL041C,YMR311C,0,-5.228065,0.24827268719673157,0.5389999747276306,0.1632000058889389
YAL035W,YGR209C,0,-5.22813,0.24815838038921356,0.5389999747276306,0.16329999268054962
YNL192W,YGR213C,0,-5.228544,0.2480441778898239,0.5389999747276306,0.16339999437332153
YPR082C,YLR079W,0,-5.228584,0.24793007969856262,0.5389999747276306,0.16349999606609344
YCL001W,YFL045C,0,-5.2289395,0.2478160858154297,0.5389999747276306,0.16359999775886536
YLR417W,YMR243C,0,-5.229382,0.2477022111415863,0.5389999747276306,0.16369999945163727
YMR208W,YBL006C,0,-5.229399,0.24758842587471008,0.5389999747276306,0.16380000114440918
YNL074C,YMR030W,0,-5.229758,0.24747474491596222,0.5389999747276306,0.1639000028371811
YBL011W,YER161C,0,-5.2298517,0.2473611682653427,0.5389999747276306,0.164000004529953
YOL033W,YPR074C,0,-5.2298875,0.24724771082401276,0.5389999747276306,0.16410000622272491
YDR243C,YKL145W,0,-5.230556,0.24713434278964996,0.5389999747276306,0.16419999301433563
YBR205W,YDR407C,0,-5.230593,0.24702107906341553,0.5389999747276306,0.16429999470710754
YPL270W,YNL312W,0,-5.2307954,0.24690791964530945,0.5389999747276306,0.16439999639987946
YOR112W,YDR463W,0,-5.231857,0.24679486453533173,0.5389999747276306,0.16449999809265137
YER164W,YGR121C,0,-5.2319903,0.24668192863464355,0.5389999747276306,0.16459999978542328
YDR375C,YBL079W,0,-5.232162,0.24656908214092255,0.5389999747276306,0.1647000014781952
YKL160W,YKR101W,0,-5.232531,0.2464563399553299,0.5389999747276306,0.1648000031709671
YKR026C,YDR174W,0,-5.2326274,0.2463436871767044,0.5389999747276306,0.164900004863739
YDR069C,YNL297C,1,-5.232653,0.24668797850608826,0.5400000214576721,0.164900004863739
YDL008W,YMR021C,0,-5.232726,0.24657534062862396,0.5400000214576721,0.16500000655651093
YKL190W,YOR279C,0,-5.232825,0.24646280705928802,0.5400000214576721,0.16509999334812164
YMR119W,YPL190C,0,-5.232939,0.24635036289691925,0.5400000214576721,0.16519999504089355
YGL054C,YBR214W,1,-5.2330165,0.24669402837753296,0.5410000085830688,0.16519999504089355
YLR347C,YML092C,0,-5.233151,0.24658158421516418,0.5410000085830688,0.16529999673366547
YNL192W,YJL176C,0,-5.233399,0.24646924436092377,0.5410000085830688,0.16539999842643738
YLR371W,YOR008C,1,-5.2335005,0.2468123883008957,0.5419999957084656,0.16539999842643738
YOL077W-A,YPL120W,0,-5.2338176,0.24670004844665527,0.5419999957084656,0.1655000001192093
YFL048C,YAL042W,0,-5.2338204,0.2465878129005432,0.5419999957084656,0.1656000018119812
YGL087C,YKR087C,0,-5.233866,0.24647566676139832,0.5419999957084656,0.1657000035047531
YMR192W,YLR096W,0,-5.234039,0.24636363983154297,0.5419999957084656,0.16580000519752502
YPL262W,YPL237W,0,-5.234179,0.24625170230865479,0.5419999957084656,0.16590000689029694
YIL051C,YBR192W,0,-5.234673,0.24613986909389496,0.5419999957084656,0.16599999368190765
YMR188C,YPL123C,0,-5.2348747,0.2460281401872635,0.5419999957084656,0.16609999537467957
YOR250C,YDR025W,0,-5.2351384,0.24591651558876038,0.5419999957084656,0.16619999706745148
YBL093C,YPR108W,0,-5.235989,0.24580499529838562,0.5419999957084656,0.1662999987602234
YBR059C,YDR093W,1,-5.2360387,0.24614687263965607,0.5429999828338623,0.1662999987602234
YMR005W,YKL214C,0,-5.23692,0.24603533744812012,0.5429999828338623,0.1664000004529953
YDL175C,YGR238C,0,-5.236955,0.24592390656471252,0.5429999828338623,0.1665000021457672
YOR349W,YDR142C,0,-5.2371697,0.2458125799894333,0.5429999828338623,0.16660000383853912
YPL258C,YCR061W,0,-5.23751,0.2457013577222824,0.5429999828338623,0.16670000553131104
YKR067W,YAL047C,0,-5.2377687,0.2455902248620987,0.5429999828338623,0.16680000722408295
YPL112C,YDL080C,0,-5.2382646,0.24547921121120453,0.5429999828338623,0.16689999401569366
YPL271W,YJL061W,0,-5.2391057,0.24536827206611633,0.5429999828338623,0.16699999570846558
YPL049C,YOL011W,0,-5.2392125,0.2452574521303177,0.5429999828338623,0.1670999974012375
YOL020W,YOR110W,0,-5.2392297,0.2451467216014862,0.5429999828338623,0.1671999990940094
YLR011W,YIL120W,0,-5.2396855,0.24503609538078308,0.5429999828338623,0.1673000007867813
YLR229C,YIR006C,1,-5.2398953,0.24537663161754608,0.5440000295639038,0.1673000007867813
YMR275C,YGR241C,1,-5.2399907,0.245716854929924,0.5450000166893005,0.1673000007867813
YOL003C,YDR077W,0,-5.2400203,0.24560612440109253,0.5450000166893005,0.16740000247955322
YPL115C,YML057W,0,-5.2400613,0.2454954981803894,0.5450000166893005,0.16750000417232513
YLR011W,YJR104C,0,-5.240216,0.24538496136665344,0.5450000166893005,0.16760000586509705
YDR245W,YJL052W,0,-5.240408,0.24527452886104584,0.5450000166893005,0.16769999265670776
YJR118C,YAL016W,0,-5.2411094,0.2451641857624054,0.5450000166893005,0.16779999434947968
YDR227W,YER029C,0,-5.2414374,0.2450539618730545,0.5450000166893005,0.1678999960422516
YML107C,YIL173W,0,-5.241773,0.24494382739067078,0.5450000166893005,0.1679999977350235
YDR022C,YMR005W,0,-5.241978,0.2448337823152542,0.5450000166893005,0.1680999994277954
YMR208W,YDR205W,0,-5.2420897,0.244723841547966,0.5450000166893005,0.16820000112056732
YIL044C,YER133W,1,-5.2422366,0.24506284296512604,0.5460000038146973,0.16820000112056732
YLR418C,YOR241W,0,-5.2424483,0.24495288729667664,0.5460000038146973,0.16830000281333923
YOR261C,YCR060W,0,-5.2425847,0.24484305083751678,0.5460000038146973,0.16840000450611115
YNL291C,YGL113W,0,-5.2426085,0.2447333037853241,0.5460000038146973,0.16850000619888306
YAR002C-A,YOR254C,0,-5.242641,0.24462366104125977,0.5460000038146973,0.16859999299049377
YKL212W,YKL166C,0,-5.2427487,0.2445141077041626,0.5460000038146973,0.16869999468326569
YDL188C,YGR085C,0,-5.2429204,0.2444046586751938,0.5460000038146973,0.1687999963760376
YGL047W,YDR485C,0,-5.2429967,0.24429529905319214,0.5460000038146973,0.1688999980688095
YBR272C,YOR229W,0,-5.2431984,0.24418604373931885,0.5460000038146973,0.16899999976158142
YOR330C,YJR049C,0,-5.243253,0.2440768927335739,0.5460000038146973,0.16910000145435333
YFR027W,YDL007W,0,-5.2433248,0.24396783113479614,0.5460000038146973,0.16920000314712524
YOL017W,YMR216C,0,-5.2434754,0.24385885894298553,0.5460000038146973,0.16930000483989716
YLR206W,YJL204C,1,-5.2438083,0.24419642984867096,0.546999990940094,0.16930000483989716
YGR262C,YGL191W,0,-5.244221,0.24408745765686035,0.546999990940094,0.16940000653266907
YLR353W,YDR456W,0,-5.244636,0.2439785897731781,0.546999990940094,0.16949999332427979
YNL330C,YHR039C-A,0,-5.2451053,0.243869811296463,0.546999990940094,0.1695999950170517
YMR192W,YOR126C,0,-5.245358,0.24376113712787628,0.546999990940094,0.1696999967098236
YPL243W,YCR083W,0,-5.24544,0.2436525672674179,0.546999990940094,0.16979999840259552
YOL004W,YIL138C,0,-5.2454796,0.2435440719127655,0.546999990940094,0.16990000009536743
YLR242C,YLR240W,1,-5.2455325,0.2438807338476181,0.5479999780654907,0.16990000009536743
YLR034C,YGL227W,0,-5.24571,0.2437722384929657,0.5479999780654907,0.17000000178813934
YNR001C,YBR231C,0,-5.246001,0.24366384744644165,0.5479999780654907,0.17010000348091125
YPL179W,YKL042W,0,-5.2460866,0.24355556070804596,0.5479999780654907,0.17020000517368317
YKL129C,YKR001C,1,-5.2464004,0.24389159679412842,0.5490000247955322,0.17020000517368317
YDR176W,YDR088C,0,-5.2471776,0.24378331005573273,0.5490000247955322,0.17030000686645508
YOR151C,YBL055C,0,-5.247199,0.243675097823143,0.5490000247955322,0.1703999936580658
YDL155W,YKL085W,0,-5.2473054,0.24356698989868164,0.5490000247955322,0.1704999953508377
YJR073C,YGR085C,0,-5.2478347,0.24345898628234863,0.5490000247955322,0.17059999704360962
YHR143W,YJR077C,0,-5.24832,0.2433510571718216,0.5490000247955322,0.17069999873638153
YJL030W,YLR191W,0,-5.248483,0.2432432472705841,0.5490000247955322,0.17080000042915344
YBL047C,YGL045W,1,-5.2487006,0.24357838928699493,0.550000011920929,0.17080000042915344
YDR069C,YAR042W,1,-5.2490363,0.24391323328018188,0.5509999990463257,0.17080000042915344
YNL127W,YGL167C,0,-5.249042,0.24380530416965485,0.5509999990463257,0.17090000212192535
YOR204W,YMR263W,0,-5.249127,0.24369747936725616,0.5509999990463257,0.17100000381469727
YGL119W,YBR256C,0,-5.249215,0.24358974397182465,0.5509999990463257,0.17110000550746918
YBR015C,YGR118W,0,-5.249259,0.2434820979833603,0.5509999990463257,0.1712000072002411
YKL206C,YLR264W,0,-5.249603,0.2433745563030243,0.5509999990463257,0.1712999939918518
YPL270W,YBL093C,0,-5.2497764,0.24326710402965546,0.5509999990463257,0.17139999568462372
YOR355W,YER082C,0,-5.2498493,0.24315975606441498,0.5509999990463257,0.17149999737739563
YDR123C,YDR227W,0,-5.250016,0.24305249750614166,0.5509999990463257,0.17159999907016754
YGL241W,YLL019C,0,-5.2502065,0.2429453283548355,0.5509999990463257,0.17170000076293945
YCL025C,YDL028C,0,-5.2507024,0.24283824861049652,0.5509999990463257,0.17180000245571136
YER088C,YGL018C,0,-5.250884,0.2427312731742859,0.5509999990463257,0.17190000414848328
YFL041W,YLR386W,0,-5.251148,0.24262438714504242,0.5509999990463257,0.1720000058412552
YHR150W,YLR193C,0,-5.251194,0.2425176054239273,0.5509999990463257,0.1720999926328659
YML052W,YHR135C,1,-5.2515273,0.24285085499286652,0.5519999861717224,0.1720999926328659
YBL023C,YMR075W,0,-5.2515736,0.2427440583705902,0.5519999861717224,0.17219999432563782
YDR224C,YPR080W,0,-5.252034,0.24263736605644226,0.5519999861717224,0.17229999601840973
YDL231C,YBL047C,1,-5.2522817,0.24297012388706207,0.5529999732971191,0.17229999601840973
YLR396C,YHR161C,1,-5.25264,0.243302583694458,0.5540000200271606,0.17229999601840973
YOL049W,YKL051W,0,-5.2528605,0.2431957870721817,0.5540000200271606,0.17239999771118164
YGL257C,YDR205W,0,-5.253077,0.24308907985687256,0.5540000200271606,0.17249999940395355
YAL026C,YNL293W,1,-5.25336,0.2434210479259491,0.5550000071525574,0.17249999940395355
YMR004W,YBL018C,0,-5.2537813,0.24331434071063995,0.5550000071525574,0.17260000109672546
YLR433C,YML058W,0,-5.2540073,0.24320770800113678,0.5550000071525574,0.17270000278949738
YKL150W,YGL035C,0,-5.254168,0.24310117959976196,0.5550000071525574,0.1728000044822693
YGR262C,YPL135W,0,-5.254258,0.2429947406053543,0.5550000071525574,0.1729000061750412
YBR059C,YGL054C,1,-5.2543902,0.24332603812217712,0.5559999942779541,0.1729000061750412
YLR206W,YPL204W,1,-5.2545123,0.24365703761577606,0.5569999814033508,0.1729000061750412
YER122C,YGL207W,0,-5.2546344,0.24355050921440125,0.5569999814033508,0.17299999296665192
YDR385W,YNL014W,0,-5.255069,0.2434440553188324,0.5569999814033508,0.17309999465942383
YLR295C,YER146W,0,-5.2551723,0.2433377057313919,0.5569999814033508,0.17319999635219574
YDL137W,YHR086W,0,-5.2556667,0.24323144555091858,0.5569999814033508,0.17329999804496765
YBR210W,YBR102C,0,-5.255758,0.24312527477741241,0.5569999814033508,0.17339999973773956
YJR068W,YLR467W,0,-5.25606,0.2430191934108734,0.5569999814033508,0.17350000143051147
YKL139W,YOR298C-A,0,-5.256231,0.24291321635246277,0.5569999814033508,0.1736000031232834
YFL009W,YPL169C,0,-5.2563887,0.2428073287010193,0.5569999814033508,0.1737000048160553
YNL250W,YGL098W,0,-5.256534,0.24270153045654297,0.5569999814033508,0.1738000065088272
YPR104C,YAL011W,0,-5.256615,0.2425958216190338,0.5569999814033508,0.17389999330043793
YDL161W,YPL032C,1,-5.256988,0.24292555451393127,0.5580000281333923,0.17389999330043793
YJL204C,YHR016C,1,-5.257183,0.24325500428676605,0.5590000152587891,0.17389999330043793
YMR001C,YMR197C,0,-5.2573056,0.24314919114112854,0.5590000152587891,0.17399999499320984
YDR272W,YOL142W,0,-5.257793,0.24304348230361938,0.5590000152587891,0.17409999668598175
YDL044C,YLR193C,0,-5.257948,0.2429378479719162,0.5590000152587891,0.17419999837875366
YDR093W,YGL045W,1,-5.2584586,0.2432667315006256,0.5600000023841858,0.17419999837875366
YDL145C,YKR002W,0,-5.2586083,0.24316109716892242,0.5600000023841858,0.17430000007152557
YFR004W,YDL052C,0,-5.2587304,0.2430555522441864,0.5600000023841858,0.17440000176429749
YDR485C,YIL023C,0,-5.258902,0.24295011162757874,0.5600000023841858,0.1745000034570694
YGR276C,YDR498C,0,-5.259115,0.24284474551677704,0.5600000023841858,0.1746000051498413
YOL008W,YDR176W,0,-5.2592006,0.2427394837141037,0.5600000023841858,0.17470000684261322
YIL160C,YGR141W,0,-5.259716,0.24263431131839752,0.5600000023841858,0.17479999363422394
YPR138C,YOL109W,0,-5.25975,0.2425292283296585,0.5600000023841858,0.17489999532699585
YOR208W,YPR088C,0,-5.2598586,0.24242424964904785,0.5600000023841858,0.17499999701976776
YDR264C,YOR094W,1,-5.260214,0.2427520602941513,0.5609999895095825,0.17499999701976776
YHR114W,YOR327C,1,-5.2606626,0.24307958781719208,0.5619999766349792,0.17499999701976776
YIL098C,YDR483W,0,-5.261289,0.24297448992729187,0.5619999766349792,0.17509999871253967
YPL046C,YBL006C,0,-5.261416,0.24286949634552002,0.5619999766349792,0.17520000040531158
YJL204C,YOR008C,1,-5.2625604,0.2431965470314026,0.5630000233650208,0.17520000040531158
YOR209C,YIL143C,0,-5.262709,0.24309153854846954,0.5630000233650208,0.1753000020980835
YPL078C,YGR281W,0,-5.262986,0.24298661947250366,0.5630000233650208,0.1754000037908554
YKR095W,YDR079W,0,-5.263064,0.24288178980350494,0.5630000233650208,0.17550000548362732
YGL054C,YHR073W,1,-5.263288,0.24320827424526215,0.5640000104904175,0.17550000548362732
YPL161C,YBR215W,0,-5.2633443,0.24310344457626343,0.5640000104904175,0.17560000717639923
YGR284C,YIL095W,1,-5.2634006,0.24342955648899078,0.5649999976158142,0.17560000717639923
YJR065C,YGL166W,0,-5.263659,0.24332472681999207,0.5649999976158142,0.17569999396800995
YHR073W,YNL154C,1,-5.2643495,0.24365045130252838,0.5659999847412109,0.17569999396800995
YGL003C,YGL020C,0,-5.2644925,0.24354560673236847,0.5659999847412109,0.17579999566078186
YDL035C,YOR119C,0,-5.264609,0.24344086647033691,0.5659999847412109,0.17589999735355377
YKR022C,YFL036W,0,-5.264961,0.24333620071411133,0.5659999847412109,0.17599999904632568
YIL033C,YLR284C,0,-5.2650113,0.2432316243648529,0.5659999847412109,0.1761000007390976
YOR099W,YDR451C,0,-5.265161,0.24312715232372284,0.5659999847412109,0.1762000024318695
YAL035W,YDR150W,0,-5.265302,0.24302275478839874,0.5659999847412109,0.17630000412464142
YBR132C,YKR031C,0,-5.2655764,0.242918461561203,0.5659999847412109,0.17640000581741333
YLR207W,YOR194C,0,-5.2655826,0.24281424283981323,0.5659999847412109,0.17649999260902405
YNR052C,YGL243W,0,-5.26578,0.24271011352539062,0.5659999847412109,0.17659999430179596
YKL032C,YLR305C,0,-5.2659707,0.24260608851909637,0.5659999847412109,0.17669999599456787
YPL022W,YEL002C,0,-5.265989,0.2425021380186081,0.5659999847412109,0.17679999768733978
YDR364C,YNL015W,0,-5.2661777,0.24239829182624817,0.5659999847412109,0.1768999993801117
YMR296C,YML124C,0,-5.2663655,0.2422945201396942,0.5659999847412109,0.1770000010728836
YBR127C,YLR003C,0,-5.2666745,0.24219083786010742,0.5659999847412109,0.17710000276565552
YCL061C,YCR014C,0,-5.266687,0.242087259888649,0.5659999847412109,0.17720000445842743
YNL142W,YOR054C,0,-5.2671123,0.24198375642299652,0.5659999847412109,0.17730000615119934
YJR104C,YBR058C,0,-5.2672744,0.24188034236431122,0.5659999847412109,0.17739999294281006
YKL139W,YJL124C,0,-5.2674527,0.24177701771259308,0.5659999847412109,0.17749999463558197
YPR067W,YGR178C,0,-5.2674804,0.2416737824678421,0.5659999847412109,0.17759999632835388
YIL142W,YDR288W,0,-5.2679076,0.2415706366300583,0.5659999847412109,0.1776999980211258
YBR288C,YOR008C,1,-5.267923,0.2418942004442215,0.5669999718666077,0.1776999980211258
YLR396C,YNL154C,1,-5.268562,0.24221748113632202,0.5680000185966492,0.1776999980211258
YIR006C,YNR047W,1,-5.2686095,0.24254049360752106,0.5690000057220459,0.1776999980211258
YMR168C,YFL041W,0,-5.2687693,0.24243715405464172,0.5690000057220459,0.1777999997138977
YOR142W,YPL128C,0,-5.268856,0.24233390390872955,0.5690000057220459,0.17790000140666962
YMR097C,YPL133C,0,-5.2688766,0.24223074316978455,0.5690000057220459,0.17800000309944153
YOR094W,YGR086C,1,-5.2695518,0.24255318939685822,0.5699999928474426,0.17800000309944153
YDR062W,YER094C,0,-5.2697787,0.2424500286579132,0.5699999928474426,0.17810000479221344
YLR100W,YAL031C,0,-5.270454,0.24234694242477417,0.5699999928474426,0.17820000648498535
YBR121C,YNL070W,0,-5.270608,0.2422439455986023,0.5699999928474426,0.17829999327659607
YGL058W,YDL224C,0,-5.2706795,0.24214103817939758,0.5699999928474426,0.17839999496936798
YNL004W,YGR118W,0,-5.270796,0.24203822016716003,0.5699999928474426,0.1784999966621399
YFL018C,YPL050C,0,-5.271256,0.24193547666072845,0.5699999928474426,0.1785999983549118
YDR085C,YKR048C,0,-5.271518,0.24183283746242523,0.5699999928474426,0.17870000004768372
YDR122W,YIL126W,0,-5.2716393,0.24173027276992798,0.5699999928474426,0.17880000174045563
YKL129C,YBL007C,1,-5.271709,0.24205172061920166,0.5709999799728394,0.17880000174045563
YPR023C,YKR060W,0,-5.2719297,0.2419491559267044,0.5709999799728394,0.17890000343322754
YDL231C,YOR043W,1,-5.2722583,0.24227023124694824,0.5720000267028809,0.17890000343322754
YOR265W,YFR031C,0,-5.272359,0.2421676516532898,0.5720000267028809,0.17900000512599945
YDR334W,YOL006C,0,-5.272533,0.2420651763677597,0.5720000267028809,0.17910000681877136
YDL088C,YLR059C,0,-5.2725883,0.24196277558803558,0.5720000267028809,0.17919999361038208
YDR171W,YBR273C,0,-5.273065,0.24186046421527863,0.5720000267028809,0.179299995303154
YDL175C,YLR303W,0,-5.2731385,0.24175824224948883,0.5720000267028809,0.1793999969959259
YBR009C,YKL043W,0,-5.2738757,0.2416561096906662,0.5720000267028809,0.17949999868869781
YIL124W,YFR019W,0,-5.274242,0.24155405163764954,0.5720000267028809,0.17960000038146973
YCR026C,YLR266C,0,-5.2742534,0.24145208299160004,0.5720000267028809,0.17970000207424164
YLR229C,YGL045W,1,-5.2750893,0.2417721450328827,0.5730000138282776,0.17970000207424164
YKL060C,YPR131C,0,-5.275232,0.2416701763868332,0.5730000138282776,0.17980000376701355
YHR115C,YDR243C,0,-5.275289,0.24156829714775085,0.5730000138282776,0.17990000545978546
YOR288C,YLR020C,0,-5.2755075,0.2414664924144745,0.5730000138282776,0.18000000715255737
YER083C,YOR027W,0,-5.275825,0.24136479198932648,0.5730000138282776,0.1800999939441681
YDR202C,YNL032W,0,-5.275883,0.24126315116882324,0.5730000138282776,0.18019999563694
YGL094C,YGL233W,0,-5.2762036,0.24116161465644836,0.5730000138282776,0.18029999732971191
YDL231C,YOR327C,1,-5.2762856,0.24148085713386536,0.5740000009536743,0.18029999732971191
YML107C,YPL120W,0,-5.276647,0.24137930572032928,0.5740000009536743,0.18039999902248383
YML112W,YPL020C,0,-5.2766757,0.24127784371376038,0.5740000009536743,0.18050000071525574
YMR275C,YPL032C,1,-5.2770157,0.24159663915634155,0.574999988079071,0.18050000071525574
YMR029C,YPR067W,0,-5.2774014,0.24149517714977264,0.574999988079071,0.18060000240802765
YCR106W,YGR080W,0,-5.2779083,0.2413937896490097,0.574999988079071,0.18070000410079956
YIL033C,YCL004W,0,-5.2784805,0.24129249155521393,0.574999988079071,0.18080000579357147
YIL122W,YCR073W-A,0,-5.278795,0.24119126796722412,0.574999988079071,0.1808999925851822
YDL056W,YBL058W,0,-5.27888,0.24109014868736267,0.574999988079071,0.1809999942779541
YKL006C-A,YOL072W,0,-5.2794375,0.2409891039133072,0.574999988079071,0.181099995970726
YER019W,YBR165W,0,-5.2799306,0.24088814854621887,0.574999988079071,0.18119999766349792
YHL019C,YAR042W,1,-5.280089,0.24120603501796722,0.5759999752044678,0.18119999766349792
YBL061C,YDR484W,0,-5.280176,0.2411050647497177,0.5759999752044678,0.18129999935626984
YDR487C,YPR133C,0,-5.280208,0.24100418388843536,0.5759999752044678,0.18140000104904175
YPL149W,YJR059W,0,-5.280568,0.24090339243412018,0.5759999752044678,0.18150000274181366
YHR083W,YGL112C,0,-5.280707,0.24080267548561096,0.5759999752044678,0.18160000443458557
YBL082C,YPL234C,0,-5.280806,0.2407020479440689,0.5759999752044678,0.18170000612735748
YOR094W,YER166W,1,-5.281081,0.24101921916007996,0.5770000219345093,0.18170000612735748
YDL230W,YBR192W,0,-5.281592,0.2409185767173767,0.5770000219345093,0.1817999929189682
YLR260W,YLR020C,0,-5.2819533,0.24081802368164062,0.5770000219345093,0.1818999946117401
YOL033W,YBR168W,0,-5.282112,0.2407175600528717,0.5770000219345093,0.18199999630451202
YDR192C,YGR276C,0,-5.2832646,0.24061718583106995,0.5770000219345093,0.18209999799728394
YMR211W,YHR043C,0,-5.2833133,0.24051688611507416,0.5770000219345093,0.18219999969005585
YJR001W,YKL040C,0,-5.283336,0.24041666090488434,0.5770000219345093,0.18230000138282776
YKR028W,YMR013C,0,-5.283722,0.24031654000282288,0.5770000219345093,0.18240000307559967
YDL192W,YMR033W,0,-5.283795,0.24021649360656738,0.5770000219345093,0.18250000476837158
YGR199W,YGR185C,0,-5.284176,0.24011652171611786,0.5770000219345093,0.1826000064611435
YMR065W,YEL041W,0,-5.284464,0.2400166392326355,0.5770000219345093,0.1826999932527542
YBR207W,YML052W,1,-5.2847333,0.24033263325691223,0.578000009059906,0.1826999932527542
YBR210W,YFL034C-B,0,-5.284887,0.24023275077342987,0.578000009059906,0.18279999494552612
YKL204W,YIR033W,0,-5.2849255,0.24013294279575348,0.578000009059906,0.18289999663829803
YDL137W,YEL050C,0,-5.2853465,0.24003322422504425,0.578000009059906,0.18299999833106995
YOR328W,YDR498C,0,-5.285405,0.239933580160141,0.578000009059906,0.18310000002384186
YGL038C,YDR073W,0,-5.2857304,0.2398340255022049,0.578000009059906,0.18320000171661377
YPL171C,YOR261C,0,-5.285869,0.23973454535007477,0.578000009059906,0.18330000340938568
YNL286W,YJL129C,0,-5.285903,0.2396351546049118,0.578000009059906,0.1834000051021576
YER022W,YMR125W,0,-5.285933,0.239535853266716,0.578000009059906,0.1835000067949295
YDR256C,YLR145W,0,-5.286059,0.23943662643432617,0.578000009059906,0.18359999358654022
YDL113C,YIL098C,0,-5.286126,0.2393374741077423,0.578000009059906,0.18369999527931213
YJL143W,YKR060W,0,-5.2862573,0.2392384111881256,0.578000009059906,0.18379999697208405
YDR160W,YGR270W,0,-5.286429,0.23913942277431488,0.578000009059906,0.18389999866485596
YDL175C,YML088W,0,-5.286431,0.2390405237674713,0.578000009059906,0.18400000035762787
YPR199C,YDR023W,0,-5.286438,0.2389417141675949,0.578000009059906,0.18410000205039978
YCL044C,YIL147C,0,-5.286492,0.23884297907352448,0.578000009059906,0.1842000037431717
YGR241C,YHR016C,1,-5.286514,0.23915737867355347,0.5789999961853027,0.1842000037431717
YDR225W,YLR023C,0,-5.286695,0.23905862867832184,0.5789999961853027,0.1843000054359436
YDR276C,YDL058W,0,-5.286726,0.23895996809005737,0.5789999961853027,0.18440000712871552
YPL269W,YDR076W,0,-5.286972,0.23886138200759888,0.5789999961853027,0.18449999392032623
YDL064W,YER072W,0,-5.286982,0.23876288533210754,0.5789999961853027,0.18459999561309814
YFR021W,YOR208W,0,-5.2871566,0.23866446316242218,0.5789999961853027,0.18469999730587006
YNR007C,YPL233W,0,-5.287272,0.23856613039970398,0.5789999961853027,0.18479999899864197
YNL166C,YNL257C,0,-5.288322,0.23846787214279175,0.5789999961853027,0.18490000069141388
YJR042W,YDR156W,0,-5.288447,0.23836970329284668,0.5789999961853027,0.1850000023841858
YGL054C,YML052W,1,-5.2887244,0.23868313431739807,0.5799999833106995,0.1850000023841858
YOL108C,YGL227W,0,-5.2888618,0.2385849505662918,0.5799999833106995,0.1851000040769577
YNL331C,YCL033C,0,-5.2889047,0.23848684132099152,0.5799999833106995,0.18520000576972961
YNL039W,YBR196C,0,-5.289162,0.2383888214826584,0.5799999833106995,0.18529999256134033
YDL115C,YDL154W,0,-5.2898917,0.23829087615013123,0.5799999833106995,0.18539999425411224
YGL190C,YER001W,0,-5.2899423,0.23819302022457123,0.5799999833106995,0.18549999594688416
YDR085C,YGR033C,0,-5.2899795,0.2380952388048172,0.5799999833106995,0.18559999763965607
YGR133W,YBR237W,0,-5.2900395,0.23799753189086914,0.5799999833106995,0.18569999933242798
YJR013W,YNL273W,0,-5.2900753,0.23789991438388824,0.5799999833106995,0.1858000010251999
YNL118C,YKL008C,0,-5.2908235,0.23780237138271332,0.5799999833106995,0.1859000027179718
YLR022C,YLR043C,0,-5.291336,0.23770491778850555,0.5799999833106995,0.1860000044107437
YHR150W,YER162C,0,-5.291592,0.23760753870010376,0.5799999833106995,0.18610000610351562
YIL002C,YOR008C,1,-5.2923503,0.23791973292827606,0.5809999704360962,0.18610000610351562
YDL088C,YIL173W,0,-5.2924004,0.23782235383987427,0.5809999704360962,0.18619999289512634
YDR093W,YNL093W,1,-5.2924156,0.2381342053413391,0.5820000171661377,0.18619999289512634
YNR033W,YOR288C,0,-5.293093,0.23803681135177612,0.5820000171661377,0.18629999458789825
YBR168W,YKL119C,0,-5.293223,0.2379394918680191,0.5820000171661377,0.18639999628067017
YIL143C,YDR285W,0,-5.2936697,0.23784226179122925,0.5820000171661377,0.18649999797344208
YDR079W,YDR460W,0,-5.29372,0.23774509131908417,0.5820000171661377,0.186599999666214
YDL165W,YBL035C,0,-5.2939954,0.23764802515506744,0.5820000171661377,0.1867000013589859
YHR123W,YGL243W,0,-5.29409,0.2375510185956955,0.5820000171661377,0.1868000030517578
YNR010W,YDR477W,0,-5.29415,0.2374541014432907,0.5820000171661377,0.18690000474452972
YKL190W,YGR118W,0,-5.29427,0.2373572587966919,0.5820000171661377,0.18700000643730164
YLR342W,YGL181W,1,-5.294366,0.23766815662384033,0.5830000042915344,0.18700000643730164
YNL130C,YLR305C,0,-5.2946334,0.23757131397724152,0.5830000042915344,0.18709999322891235
YMR109W,YGL045W,1,-5.2946496,0.2378818690776825,0.5839999914169312,0.18709999322891235
YLR229C,YNR047W,1,-5.294779,0.23819218575954437,0.5849999785423279,0.18709999322891235
YHR165C,YNL098C,0,-5.294994,0.2380952388048172,0.5849999785423279,0.18719999492168427
YDR270W,YML088W,0,-5.295138,0.237998366355896,0.5849999785423279,0.18729999661445618
YGL229C,YOR132W,0,-5.295168,0.23790158331394196,0.5849999785423279,0.1873999983072281
YNR010W,YJL124C,0,-5.295177,0.23780487477779388,0.5849999785423279,0.1875
YPR023C,YER165W,0,-5.296005,0.23770825564861298,0.5849999785423279,0.1876000016927719
YDR494W,YMR077C,0,-5.2960086,0.23761169612407684,0.5849999785423279,0.18770000338554382
YKL007W,YDR038C,0,-5.296931,0.23751522600650787,0.5849999785423279,0.18780000507831573
YLR078C,YBR260C,0,-5.2970266,0.23741883039474487,0.5849999785423279,0.18790000677108765
YKL054C,YDR464W,0,-5.2972045,0.23732250928878784,0.5849999785423279,0.18799999356269836
YLR206W,YGL181W,1,-5.2972074,0.23763179779052734,0.5860000252723694,0.18799999356269836
YIL044C,YOR109W,1,-5.297236,0.23794081807136536,0.5870000123977661,0.18799999356269836
YGR156W,YDL090C,0,-5.2973723,0.23784440755844116,0.5870000123977661,0.18809999525547028
YKL149C,YGL194C,0,-5.297396,0.23774807155132294,0.5870000123977661,0.1881999969482422
YPL195W,YDR419W,0,-5.2974095,0.23765182495117188,0.5870000123977661,0.1882999986410141
YJR108W,YML016C,0,-5.2976995,0.23755565285682678,0.5870000123977661,0.188400000333786
YNL297C,YGL045W,1,-5.2981896,0.23786407709121704,0.5879999995231628,0.188400000333786
YOR265W,YKL042W,0,-5.298434,0.23776789009571075,0.5879999995231628,0.18850000202655792
YGR284C,YLR396C,1,-5.29853,0.23807598650455475,0.5889999866485596,0.18850000202655792
YKR066C,YDL024C,0,-5.2985587,0.23797979950904846,0.5889999866485596,0.18860000371932983
YPL075W,YDR176W,0,-5.2988524,0.23788368701934814,0.5889999866485596,0.18870000541210175
YAL031C,YOL054W,0,-5.2991033,0.2377876490354538,0.5889999866485596,0.18880000710487366
YGR157W,YMR216C,0,-5.2995396,0.23769168555736542,0.5889999866485596,0.18889999389648438
YBR006W,YGR141W,0,-5.2997146,0.2375958114862442,0.5889999866485596,0.1889999955892563
YBR023C,YIL147C,0,-5.3000593,0.23749999701976776,0.5889999866485596,0.1890999972820282
YIL035C,YCL001W,0,-5.3001447,0.23740427196025848,0.5889999866485596,0.1891999989748001
YNL271C,YIL075C,0,-5.300471,0.23730862140655518,0.5889999866485596,0.18930000066757202
YDR121W,YDR310C,0,-5.3005433,0.23721304535865784,0.5889999866485596,0.18940000236034393
YJL085W,YGL104C,0,-5.3006377,0.23711755871772766,0.5889999866485596,0.18950000405311584
YIR006C,YNL154C,1,-5.300777,0.2374245524406433,0.5899999737739563,0.18950000405311584
YMR311C,YNL246W,0,-5.3007975,0.23732903599739075,0.5899999737739563,0.18960000574588776
YDR022C,YGL113W,0,-5.3008413,0.23723360896110535,0.5899999737739563,0.18970000743865967
YLR170C,YKR083C,0,-5.300939,0.23713825643062592,0.5899999737739563,0.18979999423027039
YLR433C,YAR002C-A,0,-5.301305,0.23704299330711365,0.5899999737739563,0.1898999959230423
YNR016C,YIL052C,0,-5.301443,0.23694778978824615,0.5899999737739563,0.1899999976158142
YNL135C,YPL208W,0,-5.301972,0.23685267567634583,0.5899999737739563,0.19009999930858612
YNL330C,YOL102C,0,-5.3020678,0.23675762116909027,0.5899999737739563,0.19020000100135803
YHL003C,YGL112C,0,-5.3020883,0.23666265606880188,0.5899999737739563,0.19030000269412994
YAL026C,YER133W,1,-5.3022137,0.2369687259197235,0.5910000205039978,0.19030000269412994
YPL190C,YLR208W,0,-5.3023562,0.23687374591827393,0.5910000205039978,0.19040000438690186
YKL001C,YGL144C,0,-5.3024125,0.2367788404226303,0.5910000205039978,0.19050000607967377
YGL142C,YDR337W,0,-5.302816,0.23668402433395386,0.5910000205039978,0.19059999287128448
YGL115W,YDR246W,0,-5.302956,0.23658926784992218,0.5910000205039978,0.1906999945640564
YNL159C,YDR171W,0,-5.3030553,0.23649460077285767,0.5910000205039978,0.1907999962568283
YNL098C,YPL210C,0,-5.3032413,0.23639999330043793,0.5910000205039978,0.19089999794960022
YJL204C,YLR396C,1,-5.3033433,0.23670531809329987,0.5920000076293945,0.19089999794960022
YNL041C,YJR049C,0,-5.3040032,0.23661071062088013,0.5920000076293945,0.19099999964237213
YHL002W,YLR376C,0,-5.3042417,0.23651617765426636,0.5920000076293945,0.19110000133514404
YJL042W,YDR071C,0,-5.3044086,0.23642171919345856,0.5920000076293945,0.19120000302791595
YJR059W,YDR082W,0,-5.3046556,0.23632735013961792,0.5920000076293945,0.19130000472068787
YFR019W,YHR200W,0,-5.30483,0.23623304069042206,0.5920000076293945,0.19140000641345978
YLR310C,YDR472W,0,-5.304949,0.23613880574703217,0.5920000076293945,0.1914999932050705
YPR199C,YKL035W,0,-5.305591,0.23604466021060944,0.5920000076293945,0.1915999948978424
YLR114C,YPR052C,0,-5.3056307,0.23595057427883148,0.5920000076293945,0.19169999659061432
YKL185W,YAL043C,0,-5.3061137,0.2358565777540207,0.5920000076293945,0.19179999828338623
YER105C,YCL010C,0,-5.3061786,0.23576264083385468,0.5920000076293945,0.19189999997615814
YGL065C,YOR045W,0,-5.3062577,0.23566879332065582,0.5920000076293945,0.19200000166893005
YCR002C,YGR171C,0,-5.306333,0.23557500541210175,0.5920000076293945,0.19210000336170197
YNL042W,YEL017C-A,0,-5.3074164,0.23548130691051483,0.5920000076293945,0.19220000505447388
YCR028C,YDL019C,1,-5.307629,0.23578529059886932,0.5929999947547913,0.19220000505447388
YPR128C,YKL056C,0,-5.3076425,0.23569157719612122,0.5929999947547913,0.1923000067472458
YKR085C,YLL021W,0,-5.3077693,0.23559793829917908,0.5929999947547913,0.1923999935388565
YCR005C,YML092C,0,-5.3077826,0.2355043739080429,0.5929999947547913,0.19249999523162842
YKR028W,YCL033C,0,-5.3081946,0.2354108840227127,0.5929999947547913,0.19259999692440033
YEL037C,YFR037C,0,-5.3087964,0.23531745374202728,0.5929999947547913,0.19269999861717224
YGL038C,YKR090W,0,-5.308843,0.23522411286830902,0.5929999947547913,0.19280000030994415
YIL117C,YBL088C,0,-5.3097796,0.23513084650039673,0.5929999947547913,0.19290000200271606
YGR262C,YML015C,0,-5.3100295,0.2350376546382904,0.5929999947547913,0.19300000369548798
YPL190C,YNL139C,0,-5.310184,0.23494453728199005,0.5929999947547913,0.1931000053882599
YER112W,YNL016W,0,-5.3102,0.23485147953033447,0.5929999947547913,0.1932000070810318
YLR059C,YGR005C,0,-5.310425,0.23475851118564606,0.5929999947547913,0.19329999387264252
YML071C,YPR051W,0,-5.3105493,0.2346656173467636,0.5929999947547913,0.19339999556541443
YPR083W,YOR363C,0,-5.3105674,0.23457278311252594,0.5929999947547913,0.19349999725818634
YCR028C,YGL181W,1,-5.3105955,0.23487544059753418,0.593999981880188,0.19349999725818634
YLR047C,YOR363C,0,-5.3106093,0.2347826063632965,0.593999981880188,0.19359999895095825
YPL196W,YJR059W,0,-5.3107166,0.2346898466348648,0.593999981880188,0.19370000064373016
YPL048W,YGR080W,0,-5.310768,0.23459716141223907,0.593999981880188,0.19380000233650208
YIL038C,YBR024W,0,-5.310822,0.23450453579425812,0.593999981880188,0.193900004029274
YLR033W,YBL055C,0,-5.310951,0.23441199958324432,0.593999981880188,0.1940000057220459
YHR019C,YOR110W,0,-5.311148,0.2343195229768753,0.593999981880188,0.1941000074148178
YPL221W,YNL272C,0,-5.3116603,0.23422713577747345,0.593999981880188,0.19419999420642853
YBR073W,YDR126W,0,-5.3122954,0.23413480818271637,0.593999981880188,0.19429999589920044
YGR278W,YPL011C,0,-5.312301,0.23404255509376526,0.593999981880188,0.19439999759197235
YPR030W,YPL204W,1,-5.31237,0.2343442291021347,0.5950000286102295,0.19439999759197235
YDR219C,YNL026W,0,-5.3126335,0.2342519611120224,0.5950000286102295,0.19449999928474426
YER146W,YCL008C,0,-5.3126493,0.23415978252887726,0.5950000286102295,0.19460000097751617
YJL076W,YNL326C,0,-5.312777,0.2340676635503769,0.5950000286102295,0.19470000267028809
YLR085C,YCR067C,0,-5.3129325,0.2339756190776825,0.5950000286102295,0.19480000436306
YGR029W,YGR170W,0,-5.313052,0.23388364911079407,0.5950000286102295,0.1949000060558319
YHR175W,YEL050C,0,-5.3134055,0.2337917536497116,0.5950000286102295,0.19499999284744263
YGL005C,YJR090C,0,-5.3134074,0.23369991779327393,0.5950000286102295,0.19509999454021454
YBR160W,YJR006W,0,-5.3134885,0.2336081713438034,0.5950000286102295,0.19519999623298645
YLR442C,YJL052W,0,-5.313507,0.23351648449897766,0.5950000286102295,0.19529999792575836
YJL095W,YJL143W,0,-5.313999,0.23342487215995789,0.5950000286102295,0.19539999961853027
YCR086W,YDR129C,0,-5.3140073,0.23333333432674408,0.5950000286102295,0.19550000131130219
YDL113C,YLR043C,0,-5.3140254,0.23324187099933624,0.5950000286102295,0.1956000030040741
YLR228C,YDR392W,0,-5.3140407,0.23315046727657318,0.5950000286102295,0.195700004696846
YML052W,YOR043W,1,-5.314156,0.23345084488391876,0.5960000157356262,0.195700004696846
YNR035C,YJL204C,1,-5.314406,0.23375098407268524,0.597000002861023,0.195700004696846
YNL136W,YGL004C,0,-5.3145614,0.23365949094295502,0.597000002861023,0.19580000638961792
YMR076C,YMR060C,0,-5.3156734,0.23356807231903076,0.597000002861023,0.19589999318122864
YOR089C,YNL154C,1,-5.316276,0.233867809176445,0.5979999899864197,0.19589999318122864
YOR028C,YNR011C,0,-5.316993,0.23377639055252075,0.5979999899864197,0.19599999487400055
YAR018C,YBR192W,0,-5.317086,0.23368503153324127,0.5979999899864197,0.19609999656677246
YDL117W,YOR027W,0,-5.317254,0.23359374701976776,0.5979999899864197,0.19619999825954437
YDR038C,YDR129C,0,-5.3177133,0.23350253701210022,0.5979999899864197,0.19629999995231628
YPR131C,YOR275C,0,-5.317892,0.23341140151023865,0.5979999899864197,0.1964000016450882
YBR192W,YKR062W,0,-5.3179917,0.23332032561302185,0.5979999899864197,0.1965000033378601
YAL051W,YDR485C,0,-5.3183656,0.23322932422161102,0.5979999899864197,0.19660000503063202
YHR114W,YLR396C,1,-5.318395,0.233528271317482,0.5989999771118164,0.19660000503063202
YHR072W,YAL007C,0,-5.3184266,0.23343725502490997,0.5989999771118164,0.19670000672340393
YDL207W,YER178W,0,-5.3185167,0.23334631323814392,0.5989999771118164,0.19679999351501465
YMR075W,YKR031C,0,-5.3186846,0.23325544595718384,0.5989999771118164,0.19689999520778656
YPL195W,YDR058C,0,-5.3188634,0.23316465318202972,0.5989999771118164,0.19699999690055847
YOR094W,YGL054C,1,-5.3190923,0.23346303403377533,0.6000000238418579,0.19699999690055847
YDR358W,YBR130C,0,-5.3192735,0.23337222635746002,0.6000000238418579,0.19709999859333038
YJL102W,YBR165W,0,-5.3197227,0.23328149318695068,0.6000000238418579,0.1972000002861023
YOL135C,YIL023C,0,-5.320351,0.23319083452224731,0.6000000238418579,0.1973000019788742
YHR073W,YJL204C,1,-5.320987,0.23348873853683472,0.6010000109672546,0.1973000019788742
YAL026C,YNR047W,1,-5.321074,0.23378640413284302,0.6019999980926514,0.1973000019788742
YEL071W,YIL143C,0,-5.321544,0.23369565606117249,0.6019999980926514,0.19740000367164612
YJR150C,YOR321W,0,-5.321629,0.23360496759414673,0.6019999980926514,0.19750000536441803
YMR177W,YGR213C,0,-5.321999,0.23351435363292694,0.6019999980926514,0.19760000705718994
YBL006C,YNL032W,0,-5.3223996,0.23342381417751312,0.6019999980926514,0.19769999384880066
YGL168W,YKL032C,0,-5.3225603,0.23333333432674408,0.6019999980926514,0.19779999554157257
YER042W,YLR265C,0,-5.323067,0.233242928981781,0.6019999980926514,0.19789999723434448
YLR148W,YLR176C,0,-5.323277,0.2331525981426239,0.6019999980926514,0.1979999989271164
YPL262W,YIL038C,0,-5.3239703,0.23306232690811157,0.6019999980926514,0.1981000006198883
YDL040C,YGR170W,0,-5.324221,0.2329721301794052,0.6019999980926514,0.19820000231266022
YKL013C,YHR019C,0,-5.324567,0.23288200795650482,0.6019999980926514,0.19830000400543213
YFR037C,YLR417W,0,-5.324641,0.2327919602394104,0.6019999980926514,0.19840000569820404
YKL004W,YOL066C,0,-5.324984,0.23270197212696075,0.6019999980926514,0.19850000739097595
YDR487C,YPR032W,0,-5.3255553,0.23261205852031708,0.6019999980926514,0.19859999418258667
YOL112W,YJL035C,0,-5.3255734,0.23252220451831818,0.6019999980926514,0.19869999587535858
YDR295C,YPL163C,0,-5.3256555,0.23243242502212524,0.6019999980926514,0.1987999975681305
YCR028C,YIL002C,1,-5.325974,0.23272867500782013,0.6029999852180481,0.1987999975681305
YFL056C,YCL004W,0,-5.326324,0.2326388955116272,0.6029999852180481,0.1988999992609024
YBR199W,YGR279C,0,-5.3267503,0.23254917562007904,0.6029999852180481,0.19900000095367432
YDL217C,YLR090W,0,-5.3270936,0.23245951533317566,0.6029999852180481,0.19910000264644623
YML019W,YDR166C,0,-5.3275976,0.23236994445323944,0.6029999852180481,0.19920000433921814
YPL015C,YML064C,0,-5.3276772,0.232280433177948,0.6029999852180481,0.19930000603199005
YML048W,YPR102C,0,-5.3276944,0.23219099640846252,0.6029999852180481,0.19939999282360077
YOR185C,YPL243W,0,-5.3277726,0.23210161924362183,0.6029999852180481,0.19949999451637268
YLR342W,YGR086C,1,-5.3279843,0.23239707946777344,0.6039999723434448,0.19949999451637268
YIR025W,YER008C,0,-5.328109,0.23230768740177155,0.6039999723434448,0.1995999962091446
YLR206W,YPL145C,1,-5.3287983,0.23260284960269928,0.6050000190734863,0.1995999962091446
YBR200W,YHR102W,0,-5.3293643,0.2325134575366974,0.6050000190734863,0.1996999979019165
YFL036W,YGL011C,0,-5.329462,0.23242412507534027,0.6050000190734863,0.19979999959468842
YBR161W,YIL085C,0,-5.329498,0.23233486711978912,0.6050000190734863,0.19990000128746033
YML085C,YML041C,0,-5.3300605,0.23224568367004395,0.6050000190734863,0.20000000298023224
YGL087C,YDR143C,0,-5.3301263,0.23215655982494354,0.6050000190734863,0.20010000467300415
YDR276C,YJL138C,0,-5.330215,0.2320675104856491,0.6050000190734863,0.20020000636577606
YJL165C,YIL002C,1,-5.330412,0.23236195743083954,0.6060000061988831,0.20020000636577606
YAR042W,YKR001C,1,-5.3306127,0.23265619575977325,0.6069999933242798,0.20020000636577606
YIL002C,YOR043W,1,-5.3306947,0.23295019567012787,0.6079999804496765,0.20020000636577606
YIL038C,YDL039C,0,-5.3307734,0.2328609675168991,0.6079999804496765,0.20029999315738678
YPR131C,YDL147W,0,-5.3311152,0.2327718287706375,0.6079999804496765,0.2003999948501587
YDR254W,YHL027W,0,-5.3314633,0.2326827347278595,0.6079999804496765,0.2004999965429306
YOR030W,YLR354C,0,-5.331754,0.23259373009204865,0.6079999804496765,0.20059999823570251
YOR321W,YLR034C,0,-5.331787,0.23250478506088257,0.6079999804496765,0.20069999992847443
YNL214W,YNL206C,0,-5.3319564,0.23241589963436127,0.6079999804496765,0.20080000162124634
YER146W,YPL179W,0,-5.3321548,0.23232708871364594,0.6079999804496765,0.20090000331401825
YGL256W,YHR200W,0,-5.332333,0.23223835229873657,0.6079999804496765,0.20100000500679016
YDR069C,YGL045W,1,-5.332335,0.23253150284290314,0.609000027179718,0.20100000500679016
YNR075W,YCL034W,1,-5.332798,0.2328244298696518,0.6100000143051147,0.20100000500679016
YER166W,YDR069C,1,-5.3328433,0.23311713337898254,0.6110000014305115,0.20100000500679016
YMR255W,YCL031C,0,-5.333182,0.23302821815013885,0.6110000014305115,0.20110000669956207
YPL242C,YDL056W,0,-5.3333936,0.23293937742710114,0.6110000014305115,0.2011999934911728
YJL031C,YER020W,0,-5.333587,0.23285061120986938,0.6110000014305115,0.2012999951839447
YML058W,YDR246W,0,-5.334085,0.2327619045972824,0.6110000014305115,0.2013999968767166
YDR264C,YGR284C,1,-5.3341722,0.23305407166481018,0.6119999885559082,0.2013999968767166
YJL166W,YOL066C,0,-5.334205,0.2329653650522232,0.6119999885559082,0.20149999856948853
YPL008W,YLL040C,0,-5.3342156,0.232876718044281,0.6119999885559082,0.20160000026226044
YCR048W,YCR038C,0,-5.334223,0.23278813064098358,0.6119999885559082,0.20170000195503235
YJR052W,YHR008C,0,-5.334537,0.23269961774349213,0.6119999885559082,0.20180000364780426
YBR288C,YOR043W,1,-5.3351336,0.2329912632703781,0.6129999756813049,0.20180000364780426
YDR221W,YDR381W,0,-5.3353457,0.23290273547172546,0.6129999756813049,0.20190000534057617
YMR301C,YER107C,0,-5.3354397,0.23281428217887878,0.6129999756813049,0.20200000703334808
YOL001W,YOR216C,0,-5.3355374,0.23272588849067688,0.6129999756813049,0.2020999938249588
YBR272C,YPL128C,0,-5.335907,0.23263756930828094,0.6129999756813049,0.2021999955177307
YEL069C,YOR162C,0,-5.336432,0.23254930973052979,0.6129999756813049,0.20229999721050262
YLR148W,YPL210C,0,-5.3364673,0.2324611246585846,0.6129999756813049,0.20239999890327454
YGL219C,YOL034W,0,-5.3366885,0.23237301409244537,0.6129999756813049,0.20250000059604645
YOR085W,YMR231W,0,-5.3372045,0.23228496313095093,0.6129999756813049,0.20260000228881836
YKL206C,YHR142W,0,-5.3375664,0.23219697177410126,0.6129999756813049,0.20270000398159027
YDR073W,YMR054W,0,-5.3376746,0.23210905492305756,0.6129999756813049,0.20280000567436218
YIL044C,YKL129C,1,-5.337697,0.23239970207214355,0.6140000224113464,0.20280000567436218
YMR083W,YMR011W,0,-5.33791,0.23231177031993866,0.6140000224113464,0.2029000073671341
YNL090W,YLR181C,0,-5.338061,0.23222389817237854,0.6140000224113464,0.2029999941587448
YDR272W,YPL283C,0,-5.3381753,0.2321361005306244,0.6140000224113464,0.20309999585151672
YOR040W,YNL246W,0,-5.3385224,0.2320483773946762,0.6140000224113464,0.20319999754428864
YDR043C,YGL014W,0,-5.3395643,0.2319607138633728,0.6140000224113464,0.20329999923706055
YJL094C,YDR359C,0,-5.3400483,0.23187310993671417,0.6140000224113464,0.20340000092983246
YDR256C,YGL018C,0,-5.3400683,0.2317855805158615,0.6140000224113464,0.20350000262260437
YOR120W,YMR314W,0,-5.340104,0.23169811069965363,0.6140000224113464,0.20360000431537628
YER013W,YDR077W,0,-5.3403506,0.2316107153892517,0.6140000224113464,0.2037000060081482
YML102W,YPL138C,0,-5.340471,0.23152337968349457,0.6140000224113464,0.2037999927997589
YGR086C,YLR337C,1,-5.3404975,0.23181304335594177,0.6150000095367432,0.2037999927997589
YDR016C,YMR208W,0,-5.3406844,0.23172569274902344,0.6150000095367432,0.20389999449253082
YKL059C,YCR060W,0,-5.3411407,0.23163841664791107,0.6150000095367432,0.20399999618530273
YLR450W,YGL211W,0,-5.341144,0.23155120015144348,0.6150000095367432,0.20409999787807465
YDR518W,YPL206C,0,-5.3412833,0.23146405816078186,0.6150000095367432,0.20419999957084656
YBR039W,YGR191W,0,-5.341314,0.23137697577476501,0.6150000095367432,0.20430000126361847
YLR342W,YNR047W,1,-5.3413453,0.23166604340076447,0.6159999966621399,0.20430000126361847
YCR026C,YOR119C,0,-5.3416915,0.23157894611358643,0.6159999966621399,0.20440000295639038
YBR039W,YPL042C,0,-5.3416944,0.23149192333221436,0.6159999966621399,0.2045000046491623
YOR239W,YGL012W,0,-5.3418946,0.23140496015548706,0.6159999966621399,0.2046000063419342
YMR004W,YDR463W,0,-5.341917,0.23131805658340454,0.6159999966621399,0.20469999313354492
YLR429W,YMR075W,0,-5.34201,0.231231227517128,0.6159999966621399,0.20479999482631683
YDR375C,YER165W,0,-5.3420796,0.23114445805549622,0.6159999966621399,0.20489999651908875
YJR084W,YML091C,0,-5.342447,0.2310577630996704,0.6159999966621399,0.20499999821186066
YMR316W,YMR293C,0,-5.342506,0.23097112774848938,0.6159999966621399,0.20509999990463257
YPR052C,YMR260C,0,-5.3432345,0.23088455200195312,0.6159999966621399,0.20520000159740448
YDL132W,YAL056W,0,-5.343381,0.23079805076122284,0.6159999966621399,0.2053000032901764
YOL001W,YEL051W,0,-5.343469,0.23071160912513733,0.6159999966621399,0.2054000049829483
YMR280C,YLR309C,0,-5.343635,0.2306252270936966,0.6159999966621399,0.20550000667572021
YHR073W,YNR047W,1,-5.343958,0.2309131771326065,0.6169999837875366,0.20550000667572021
YNL281W,YMR273C,0,-5.3440604,0.23082678020000458,0.6169999837875366,0.20559999346733093
YCR063W,YKL085W,0,-5.3444324,0.23074045777320862,0.6169999837875366,0.20569999516010284
YDR096W,YPL112C,0,-5.344865,0.23065420985221863,0.6169999837875366,0.20579999685287476
YLR238W,YBL055C,0,-5.344875,0.23056800663471222,0.6169999837875366,0.20589999854564667
YER178W,YPL176C,0,-5.3449078,0.23048187792301178,0.6169999837875366,0.20600000023841858
YGL073W,YIL125W,0,-5.3449306,0.2303958237171173,0.6169999837875366,0.2061000019311905
YER053C,YPL131W,0,-5.3450866,0.23030981421470642,0.6169999837875366,0.2062000036239624
YJL014W,YBL055C,0,-5.3452106,0.2302238792181015,0.6169999837875366,0.20630000531673431
YPR188C,YIL051C,0,-5.345298,0.23013800382614136,0.6169999837875366,0.20640000700950623
YMR240C,YLR086W,0,-5.3453975,0.23005220293998718,0.6169999837875366,0.20649999380111694
YPL100W,YBR023C,0,-5.345452,0.22996646165847778,0.6169999837875366,0.20659999549388885
YDR099W,YJL076W,0,-5.34574,0.22988077998161316,0.6169999837875366,0.20669999718666077
YBR200W,YLR350W,0,-5.3459983,0.2297951579093933,0.6169999837875366,0.20679999887943268
YDR288W,YPL045W,0,-5.3462424,0.22970961034297943,0.6169999837875366,0.2069000005722046
YJR084W,YLL013C,0,-5.3463864,0.22962412238121033,0.6169999837875366,0.2070000022649765
YDR320C-A,YOR035C,0,-5.346653,0.229538694024086,0.6169999837875366,0.2071000039577484
YDR448W,YPR161C,0,-5.3471875,0.22945332527160645,0.6169999837875366,0.20720000565052032
YIL070C,YJL173C,0,-5.347238,0.22936803102493286,0.6169999837875366,0.20730000734329224
YAL024C,YBL011W,0,-5.347873,0.22928279638290405,0.6169999837875366,0.20739999413490295
YJL060W,YHR005C,0,-5.3479905,0.22919762134552002,0.6169999837875366,0.20749999582767487
YOR208W,YBR127C,0,-5.348218,0.22911252081394196,0.6169999837875366,0.20759999752044678
YGR268C,YDL098C,0,-5.3487396,0.22902746498584747,0.6169999837875366,0.2076999992132187
YLR337C,YKL126W,1,-5.3491044,0.22931353747844696,0.6179999709129333,0.2076999992132187
YER016W,YOR171C,0,-5.3491883,0.22922848165035248,0.6179999709129333,0.2078000009059906
YLR214W,YMR067C,0,-5.3494587,0.22914348542690277,0.6179999709129333,0.2079000025987625
YDR054C,YOL108C,0,-5.349858,0.22905856370925903,0.6179999709129333,0.20800000429153442
YBR205W,YJL121C,0,-5.3500605,0.22897368669509888,0.6179999709129333,0.20810000598430634
YDR461W,YLR208W,0,-5.3501267,0.2288888841867447,0.6179999709129333,0.20819999277591705
YEL030W,YKL058W,0,-5.3504972,0.22880414128303528,0.6179999709129333,0.20829999446868896
YFL055W,YDL142C,0,-5.350616,0.22871947288513184,0.6179999709129333,0.20839999616146088
YLR163C,YHR133C,0,-5.3506265,0.22863484919071198,0.6179999709129333,0.2084999978542328
YPL098C,YKR042W,0,-5.3507905,0.22855030000209808,0.6179999709129333,0.2085999995470047
YDR314C,YGL098W,0,-5.3512807,0.22846581041812897,0.6179999709129333,0.2087000012397766
YLR342W,YOR327C,1,-5.3518276,0.22875092923641205,0.6190000176429749,0.2087000012397766
YLR201C,YJL198W,0,-5.352302,0.22866642475128174,0.6190000176429749,0.20880000293254852
YNL323W,YER100W,0,-5.3527217,0.2285819798707962,0.6190000176429749,0.20890000462532043
YNL029C,YAL001C,0,-5.3527436,0.22849759459495544,0.6190000176429749,0.20900000631809235
YEL018W,YNR052C,0,-5.3533864,0.22841328382492065,0.6190000176429749,0.20909999310970306
YDL143W,YGR252W,0,-5.3534284,0.22832903265953064,0.6190000176429749,0.20919999480247498
YBR059C,YKR001C,1,-5.353685,0.22861357033252716,0.6200000047683716,0.20919999480247498
YGL126W,YBR097W,0,-5.353764,0.22852930426597595,0.6200000047683716,0.2092999964952469
YMR211W,YAL005C,0,-5.3538556,0.22844509780406952,0.6200000047683716,0.2093999981880188
YLR155C,YDR160W,0,-5.3539715,0.22836095094680786,0.6200000047683716,0.2094999998807907
YJL014W,YGL135W,0,-5.3543696,0.22827687859535217,0.6200000047683716,0.20960000157356262
YDR284C,YML007W,0,-5.3546014,0.22819286584854126,0.6200000047683716,0.20970000326633453
YPL208W,YNL049C,0,-5.354746,0.22810889780521393,0.6200000047683716,0.20980000495910645
YNL039W,YLR105C,0,-5.3553357,0.22802500426769257,0.6200000047683716,0.20990000665187836
YLR266C,YBR231C,0,-5.3553843,0.22794117033481598,0.6200000047683716,0.20999999344348907
YKL188C,YOR110W,0,-5.3556495,0.22785741090774536,0.6200000047683716,0.210099995136261
YLL061W,YPR009W,0,-5.3562107,0.22777369618415833,0.6200000047683716,0.2101999968290329
YPL075W,YHR186C,0,-5.3564615,0.22769004106521606,0.6200000047683716,0.2102999985218048
YLR228C,YDL046W,0,-5.3567147,0.22760646045207977,0.6200000047683716,0.21040000021457672
YOL060C,YNL310C,0,-5.3572817,0.22752293944358826,0.6200000047683716,0.21050000190734863
YLR100W,YDR308C,0,-5.3573947,0.22743947803974152,0.6200000047683716,0.21060000360012054
YDL006W,YML025C,0,-5.357462,0.22735607624053955,0.6200000047683716,0.21070000529289246
YHL020C,YGR170W,0,-5.357639,0.22727273404598236,0.6200000047683716,0.21080000698566437
YGL222C,YKR053C,0,-5.357919,0.22718945145606995,0.6200000047683716,0.21089999377727509
YLL038C,YKL126W,1,-5.3580356,0.22747252881526947,0.6209999918937683,0.21089999377727509
YGL122C,YCL031C,0,-5.3581157,0.22738923132419586,0.6209999918937683,0.210999995470047
YOR075W,YBR127C,0,-5.358234,0.22730600833892822,0.6209999918937683,0.2110999971628189
YMR275C,YLR337C,1,-5.3584256,0.2275887280702591,0.621999979019165,0.2110999971628189
YER146W,YAL034W-A,0,-5.358482,0.22750549018383026,0.621999979019165,0.21119999885559082
YNR010W,YGL216W,0,-5.358665,0.227422297000885,0.621999979019165,0.21130000054836273
YPR138C,YDR532C,0,-5.359634,0.22733917832374573,0.621999979019165,0.21140000224113464
YDL056W,YER178W,0,-5.3598266,0.22725611925125122,0.621999979019165,0.21150000393390656
YFL021W,YCR106W,0,-5.3599477,0.2271731197834015,0.621999979019165,0.21160000562667847
YPL228W,YDR122W,0,-5.360024,0.22709017992019653,0.621999979019165,0.21170000731945038
YMR311C,YMR059W,0,-5.3602386,0.22700729966163635,0.621999979019165,0.2117999941110611
YGR140W,YCR083W,0,-5.3604083,0.22692447900772095,0.621999979019165,0.211899995803833
YDR255C,YHR027C,0,-5.3604155,0.22684171795845032,0.621999979019165,0.21199999749660492
YPR138C,YNL283C,0,-5.3605695,0.22675901651382446,0.621999979019165,0.21209999918937683
YLL038C,YLR342W,1,-5.3606057,0.22704081237316132,0.6230000257492065,0.21209999918937683
YJL140W,YBR048W,0,-5.360808,0.22695811092853546,0.6230000257492065,0.21220000088214874
YDR298C,YBR084W,0,-5.3609653,0.2268754541873932,0.6230000257492065,0.21230000257492065
YLR102C,YGR088W,0,-5.3611393,0.22679287195205688,0.6230000257492065,0.21240000426769257
YNL188W,YMR070W,0,-5.3612065,0.22671033442020416,0.6230000257492065,0.21250000596046448
YDR054C,YBR143C,0,-5.3616843,0.2266278713941574,0.6230000257492065,0.2125999927520752
YOR244W,YEL017C-A,0,-5.361992,0.22654545307159424,0.6230000257492065,0.2126999944448471
YER016W,YDR503C,0,-5.3620067,0.22646310925483704,0.6230000257492065,0.21279999613761902
YIL095W,YGL045W,1,-5.3628163,0.22674418985843658,0.6240000128746033,0.21279999613761902
YPL262W,YDR088C,0,-5.363334,0.226661816239357,0.6240000128746033,0.21289999783039093
YDR516C,YMR125W,0,-5.3634925,0.22657951712608337,0.6240000128746033,0.21299999952316284
YMR255W,YDR062W,0,-5.3638473,0.22649727761745453,0.6240000128746033,0.21310000121593475
YNL281W,YGR296W,0,-5.364619,0.22641509771347046,0.6240000128746033,0.21320000290870667
YLR380W,YGR098C,0,-5.365354,0.22633297741413116,0.6240000128746033,0.21330000460147858
YBR060C,YGR099W,0,-5.365806,0.22625090181827545,0.6240000128746033,0.2134000062942505
YNL274C,YPR056W,0,-5.3659277,0.2261689007282257,0.6240000128746033,0.2134999930858612
YPR030W,YDR069C,1,-5.3660026,0.22644928097724915,0.625,0.2134999930858612
YHR079C,YPR070W,0,-5.3662496,0.2263672649860382,0.625,0.21359999477863312
YBR015C,YBL057C,0,-5.366308,0.22628529369831085,0.625,0.21369999647140503
YFR027W,YER162C,0,-5.366347,0.22620339691638947,0.625,0.21379999816417694
YHL003C,YKL080W,0,-5.3669076,0.22612155973911285,0.625,0.21389999985694885
YMR250W,YER052C,0,-5.367122,0.22603978216648102,0.625,0.21400000154972076
YLL038C,YLR396C,1,-5.367225,0.2263195961713791,0.6259999871253967,0.21400000154972076
YOR159C,YDR545W,0,-5.3673587,0.22623780369758606,0.6259999871253967,0.21410000324249268
YKL130C,YPL065W,0,-5.3673797,0.2261560708284378,0.6259999871253967,0.2142000049352646
YBR272C,YDR205W,0,-5.367556,0.22607439756393433,0.6259999871253967,0.2143000066280365
YER008C,YLR452C,0,-5.3685365,0.22599278390407562,0.6259999871253967,0.21439999341964722
YMR240C,YKL051W,0,-5.3685827,0.2259112298488617,0.6259999871253967,0.21449999511241913
YOR239W,YDR037W,0,-5.3695283,0.22582972049713135,0.6259999871253967,0.21459999680519104
YJR077C,YGR033C,0,-5.369639,0.22574828565120697,0.6259999871253967,0.21469999849796295
YHR019C,YGR009C,0,-5.3698606,0.22566691040992737,0.6259999871253967,0.21480000019073486
YKR090W,YHR039C-A,0,-5.370097,0.22558557987213135,0.6259999871253967,0.21490000188350677
YOR377W,YKR037C,0,-5.370166,0.2255043238401413,0.6259999871253967,0.2150000035762787
YHR119W,YER029C,0,-5.370233,0.22542311251163483,0.6259999871253967,0.2151000052690506
YMR033W,YDL040C,0,-5.3702884,0.22534197568893433,0.6259999871253967,0.2152000069618225
YLR429W,YER013W,0,-5.3705993,0.2252608835697174,0.6259999871253967,0.21529999375343323
YDR168W,YGR098C,0,-5.3707495,0.22517985105514526,0.6259999871253967,0.21539999544620514
YDR122W,YLR092W,0,-5.371123,0.2250988781452179,0.6259999871253967,0.21549999713897705
YDR343C,YOR159C,0,-5.3713546,0.2250179797410965,0.6259999871253967,0.21559999883174896
YDR270W,YDR512C,0,-5.3717732,0.22493711113929749,0.6259999871253967,0.21570000052452087
YPL061W,YIL098C,0,-5.372,0.22485631704330444,0.6259999871253967,0.21580000221729279
YGL174W,YMR240C,0,-5.3720593,0.22477558255195618,0.6259999871253967,0.2159000039100647
YNL329C,YDR487C,0,-5.372103,0.22469490766525269,0.6259999871253967,0.2160000056028366
YBR131W,YOL042W,0,-5.3725533,0.22461427748203278,0.6259999871253967,0.21610000729560852
YOR031W,YHR007C,0,-5.3726606,0.22453372180461884,0.6259999871253967,0.21619999408721924
YNR052C,YLR033W,0,-5.372717,0.22445321083068848,0.6259999871253967,0.21629999577999115
YLR097C,YDR337W,0,-5.372849,0.2243727594614029,0.6259999871253967,0.21639999747276306
YDR456W,YOL028C,0,-5.37292,0.22429236769676208,0.6259999871253967,0.21649999916553497
YDR265W,YPR110C,0,-5.3729777,0.22421203553676605,0.6259999871253967,0.21660000085830688
YEL018W,YOL033W,0,-5.372981,0.2241317629814148,0.6259999871253967,0.2167000025510788
YGL037C,YJR104C,0,-5.3730373,0.22405153512954712,0.6259999871253967,0.2168000042438507
YOL116W,YOR386W,0,-5.3730836,0.2239713817834854,0.6259999871253967,0.21690000593662262
YGR247W,YDL084W,0,-5.3731704,0.2238912731409073,0.6259999871253967,0.21699999272823334
YGL035C,YDR142C,0,-5.3737645,0.22381122410297394,0.6259999871253967,0.21709999442100525
YMR311C,YNL169C,0,-5.37406,0.22373123466968536,0.6259999871253967,0.21719999611377716
YPL061W,YPL002C,0,-5.3746076,0.22365130484104156,0.6259999871253967,0.21729999780654907
YKL004W,YKL041W,0,-5.374675,0.22357143461704254,0.6259999871253967,0.21739999949932098
YNR052C,YGR091W,0,-5.3748975,0.2234916090965271,0.6259999871253967,0.2175000011920929
YHR019C,YDR411C,0,-5.3749285,0.22341184318065643,0.6259999871253967,0.2176000028848648
YDR073W,YOR270C,0,-5.3753314,0.22333213686943054,0.6259999871253967,0.21770000457763672
YKL073W,YGR183C,0,-5.375465,0.22325249016284943,0.6259999871253967,0.21780000627040863
YNL123W,YDR460W,0,-5.375567,0.22317290306091309,0.6259999871253967,0.21789999306201935
YAL007C,YGL122C,0,-5.3756623,0.22309337556362152,0.6259999871253967,0.21799999475479126
YGL247W,YHR030C,0,-5.3759284,0.22301389276981354,0.6259999871253967,0.21809999644756317
YBR243C,YOR347C,0,-5.376092,0.22293446958065033,0.6259999871253967,0.21819999814033508
YLR114C,YDL097C,0,-5.3763566,0.2228551059961319,0.6259999871253967,0.218299999833107
YLR206W,YLR342W,1,-5.3764386,0.2231316715478897,0.6269999742507935,0.218299999833107
YGR097W,YOL142W,0,-5.3765926,0.22305229306221008,0.6269999742507935,0.2184000015258789
YPL255W,YMR005W,0,-5.3766847,0.22297297418117523,0.6269999742507935,0.21850000321865082
YPR075C,YMR267W,0,-5.376703,0.22289371490478516,0.6269999742507935,0.21860000491142273
YCL014W,YPR032W,0,-5.376958,0.22281450033187866,0.6269999742507935,0.21870000660419464
YJR090C,YIL084C,0,-5.3772154,0.22273534536361694,0.6269999742507935,0.21879999339580536
YOR046C,YDL052C,0,-5.377294,0.22265625,0.6269999742507935,0.21889999508857727
YEL050C,YEL012W,0,-5.377358,0.22257721424102783,0.6269999742507935,0.21899999678134918
YBL047C,YOR043W,1,-5.3774037,0.22285309433937073,0.628000020980835,0.21899999678134918
YKL160W,YKL154W,0,-5.3774056,0.22277402877807617,0.628000020980835,0.2190999984741211
YMR313C,YGL145W,0,-5.377501,0.22269503772258759,0.628000020980835,0.219200000166893
YEL030W,YBR050C,0,-5.377646,0.22261609137058258,0.628000020980835,0.21930000185966492
YGL054C,YLR342W,1,-5.3776646,0.22289156913757324,0.6290000081062317,0.21930000185966492
YDL101C,YPR173C,0,-5.377874,0.22281260788440704,0.6290000081062317,0.21940000355243683
YKL149C,YKL214C,0,-5.37794,0.22273370623588562,0.6290000081062317,0.21950000524520874
YOL061W,YMR067C,0,-5.3779674,0.22265486419200897,0.6290000081062317,0.21960000693798065
YHR043C,YLR055C,0,-5.3784943,0.2225760817527771,0.6290000081062317,0.21969999372959137
YNL127W,YBR276C,0,-5.378677,0.2224973440170288,0.6290000081062317,0.21979999542236328
YAL015C,YNR052C,0,-5.3787017,0.2224186658859253,0.6290000081062317,0.2198999971151352
YPL046C,YNL121C,0,-5.3788137,0.22234004735946655,0.6290000081062317,0.2199999988079071
YDR135C,YJR110W,0,-5.3788905,0.2222614884376526,0.6290000081062317,0.22010000050067902
YNL233W,YDR098C,0,-5.379107,0.2221829742193222,0.6290000081062317,0.22020000219345093
YBR179C,YDR469W,0,-5.3794284,0.2221045196056366,0.6290000081062317,0.22030000388622284
YGL003C,YGL067W,0,-5.379623,0.22202612459659576,0.6290000081062317,0.22040000557899475
YDR069C,YGL181W,1,-5.3800516,0.22230063378810883,0.6299999952316284,0.22040000557899475
YNR044W,YDR414C,0,-5.380348,0.2222222238779068,0.6299999952316284,0.22050000727176666
YHR073W,YLR396C,1,-5.380527,0.22249647974967957,0.6309999823570251,0.22050000727176666
YFL048C,YLR285W,0,-5.380589,0.22241804003715515,0.6309999823570251,0.22059999406337738
YDR151C,YBR060C,0,-5.380918,0.2223396748304367,0.6309999823570251,0.2206999957561493
YER036C,YPL083C,0,-5.3815265,0.22226135432720184,0.6309999823570251,0.2207999974489212
YOR209C,YNL169C,0,-5.381593,0.22218309342861176,0.6309999823570251,0.22089999914169312
YHR186C,YBR256C,0,-5.381887,0.22210489213466644,0.6309999823570251,0.22100000083446503
YOR039W,YOL033W,0,-5.3819165,0.2220267355442047,0.6309999823570251,0.22110000252723694
YLR284C,YJR126C,0,-5.382028,0.22194863855838776,0.6309999823570251,0.22120000422000885
YJR084W,YNL330C,0,-5.3823447,0.22187060117721558,0.6309999823570251,0.22130000591278076
YKR099W,YMR029C,0,-5.3823495,0.22179262340068817,0.6309999823570251,0.22139999270439148
YLR378C,YOR140W,0,-5.3823795,0.22171469032764435,0.6309999823570251,0.2214999943971634
YKR003W,YNL093W,1,-5.3825927,0.22198805212974548,0.6320000290870667,0.2214999943971634
YOR094W,YLL038C,1,-5.382628,0.2222612351179123,0.6330000162124634,0.2214999943971634
YMR097C,YGR038W,0,-5.3826485,0.2221832275390625,0.6330000162124634,0.2215999960899353
YPR030W,YKL126W,1,-5.3827825,0.22245614230632782,0.6340000033378601,0.2215999960899353
YFL018C,YIR015W,0,-5.383014,0.22237811982631683,0.6340000033378601,0.22169999778270721
YDL115C,YBL005W,0,-5.383083,0.22230014204978943,0.6340000033378601,0.22179999947547913
YER016W,YIL105C,0,-5.383384,0.2222222238779068,0.6340000033378601,0.22190000116825104
YLR085C,YKL160W,0,-5.3834796,0.22214436531066895,0.6340000033378601,0.22200000286102295
YIR006C,YLR371W,1,-5.3836293,0.22241681814193726,0.6349999904632568,0.22200000286102295
YFR041C,YDL080C,0,-5.383903,0.22233892977237701,0.6349999904632568,0.22210000455379486
YER174C,YLR265C,0,-5.383951,0.22226111590862274,0.6349999904632568,0.22220000624656677
YDR414C,YDL045C,0,-5.3845077,0.22218334674835205,0.6349999904632568,0.2222999930381775
YLR201C,YJR009C,0,-5.3851485,0.22210563719272614,0.6349999904632568,0.2223999947309494
YOR334W,YDR289C,0,-5.3852334,0.2220279723405838,0.6349999904632568,0.2224999964237213
YJR047C,YMR073C,0,-5.3856373,0.22195036709308624,0.6349999904632568,0.22259999811649323
YER119C,YMR013C,0,-5.3859763,0.22187282145023346,0.6349999904632568,0.22269999980926514
YGR038W,YDR322C-A,0,-5.3859897,0.22179532051086426,0.6349999904632568,0.22280000150203705
YGR217W,YJL036W,0,-5.3862004,0.22171787917613983,0.6349999904632568,0.22290000319480896
YLR206W,YLR371W,1,-5.386582,0.22198952734470367,0.6359999775886536,0.22290000319480896
YPR162C,YGR170W,0,-5.3866334,0.22191207110881805,0.6359999775886536,0.22300000488758087
YIL115C,YDR382W,0,-5.386663,0.2218346744775772,0.6359999775886536,0.22310000658035278
YNL293W,YIL095W,1,-5.3869257,0.2221059948205948,0.6370000243186951,0.22310000658035278
YJR050W,YDR436W,0,-5.3870034,0.22202858328819275,0.6370000243186951,0.2231999933719635
YBR132C,YIR011C,0,-5.3870387,0.2219512164592743,0.6370000243186951,0.2232999950647354
YGL043W,YLL019C,0,-5.387176,0.2218739092350006,0.6370000243186951,0.22339999675750732
YDR085C,YER162C,0,-5.3872867,0.2217966616153717,0.6370000243186951,0.22349999845027924
YDL135C,YML097C,0,-5.387337,0.22171945869922638,0.6370000243186951,0.22360000014305115
YIL068C,YOR179C,0,-5.3873706,0.22164231538772583,0.6370000243186951,0.22370000183582306
YLL004W,YOR115C,0,-5.387648,0.22156521677970886,0.6370000243186951,0.22380000352859497
YLR032W,YJL176C,0,-5.387731,0.22148817777633667,0.6370000243186951,0.22390000522136688
YNL325C,YJR010C-A,0,-5.3877816,0.22141119837760925,0.6370000243186951,0.2240000069141388
YNL007C,YDL217C,0,-5.3878794,0.22133426368236542,0.6370000243186951,0.2240999937057495
YJL128C,YHR034C,0,-5.3880153,0.22125737369060516,0.6370000243186951,0.22419999539852142
YJR108W,YDR483W,0,-5.3882155,0.22118055820465088,0.6370000243186951,0.22429999709129333
YMR068W,YKL190W,0,-5.388251,0.22110378742218018,0.6370000243186951,0.22439999878406525
YDR093W,YPL032C,1,-5.3886495,0.221374049782753,0.6380000114440918,0.22439999878406525
YMR275C,YKL203C,1,-5.3890896,0.22164411842823029,0.6389999985694885,0.22439999878406525
YLR380W,YFR013W,0,-5.3893332,0.2215672731399536,0.6389999985694885,0.22450000047683716
YML067C,YKL148C,0,-5.389745,0.22149047255516052,0.6389999985694885,0.22460000216960907
YPL171C,YGL113W,0,-5.389792,0.221413716673851,0.6389999985694885,0.22470000386238098
YIL147C,YJL176C,0,-5.3898787,0.22133703529834747,0.6389999985694885,0.2248000055551529
YLR207W,YOL112W,0,-5.3899255,0.22126038372516632,0.6389999985694885,0.2249000072479248
YPR033C,YDR228C,0,-5.390119,0.22118380665779114,0.6389999985694885,0.22499999403953552
YML078W,YGR171C,0,-5.3904586,0.22110725939273834,0.6389999985694885,0.22509999573230743
YJL186W,YJR052W,0,-5.390506,0.22103078663349152,0.6389999985694885,0.22519999742507935
YCR008W,YKL203C,1,-5.3907094,0.2213001400232315,0.6399999856948853,0.22519999742507935
YDR227W,YDR464W,0,-5.390831,0.2212236374616623,0.6399999856948853,0.22529999911785126
YNL192W,YPL015C,0,-5.390901,0.22114719450473785,0.6399999856948853,0.22540000081062317
YKR085C,YOL020W,0,-5.391357,0.2210708111524582,0.6399999856948853,0.22550000250339508
YKL114C,YLR259C,0,-5.3917184,0.2209944725036621,0.6399999856948853,0.225600004196167
YMR048W,YFR024C-A,0,-5.3921857,0.2209181934595108,0.6399999856948853,0.2257000058889389
YML078W,YDR243C,0,-5.392548,0.22084195911884308,0.6399999856948853,0.22579999268054962
YPL204W,YBL007C,1,-5.393138,0.2211107313632965,0.640999972820282,0.22579999268054962
YCL035C,YGL094C,0,-5.393269,0.2210344821214676,0.640999972820282,0.22589999437332153
YGR121C,YPL156C,0,-5.393328,0.22095829248428345,0.640999972820282,0.22599999606609344
YJR108W,YHR050W,0,-5.393559,0.22088214755058289,0.640999972820282,0.22609999775886536
YDR091C,YDR092W,0,-5.39361,0.2208060622215271,0.640999972820282,0.22619999945163727
YFL045C,YCR073W-A,0,-5.3940716,0.2207300215959549,0.640999972820282,0.22630000114440918
YIL124W,YLR399C,0,-5.3943,0.22065404057502747,0.640999972820282,0.2264000028371811
YKL129C,YIR006C,1,-5.394313,0.22092223167419434,0.6420000195503235,0.2264000028371811
YKL114C,YLR023C,0,-5.3944526,0.2208462357521057,0.6420000195503235,0.226500004529953
YGL061C,YBR058C,0,-5.394572,0.22077028453350067,0.6420000195503235,0.22660000622272491
YNR027W,YJR139C,0,-5.3948846,0.2206943929195404,0.6420000195503235,0.22669999301433563
YMR021C,YDL200C,0,-5.395288,0.22061856091022491,0.6420000195503235,0.22679999470710754
YDR093W,YNR047W,1,-5.3953137,0.22088629007339478,0.6430000066757202,0.22679999470710754
YGR142W,YJR049C,0,-5.3953414,0.2208104431629181,0.6430000066757202,0.22689999639987946
YFR009W,YLR034C,0,-5.3954577,0.220734640955925,0.6430000066757202,0.22699999809265137
YMR234W,YLR262C,0,-5.3955326,0.22065888345241547,0.6430000066757202,0.22709999978542328
YDR309C,YLR347C,0,-5.395688,0.22058318555355072,0.6430000066757202,0.2272000014781952
YKR001C,YGR241C,1,-5.396172,0.22085048258304596,0.6439999938011169,0.2272000014781952
YJR155W,YGL084C,0,-5.396333,0.22077476978302002,0.6439999938011169,0.2273000031709671
YGL043W,YGR116W,0,-5.3968105,0.22069910168647766,0.6439999938011169,0.227400004863739
YGR143W,YML021C,0,-5.396925,0.22062350809574127,0.6439999938011169,0.22750000655651093
YGL166W,YDR503C,0,-5.397162,0.22054794430732727,0.6439999938011169,0.22759999334812164
YBR207W,YNL154C,1,-5.397406,0.2208147943019867,0.6449999809265137,0.22759999334812164
YBR177C,YMR192W,0,-5.3974457,0.2207392156124115,0.6449999809265137,0.22769999504089355
YHR186C,YBR275C,0,-5.39757,0.22066369652748108,0.6449999809265137,0.22779999673366547
YLR028C,YGR082W,0,-5.3979383,0.22058823704719543,0.6449999809265137,0.22789999842643738
YER036C,YKR038C,0,-5.3981166,0.22051282227039337,0.6449999809265137,0.2280000001192093
YJR006W,YIL115C,0,-5.398293,0.2204374521970749,0.6449999809265137,0.2281000018119812
YER145C,YDL015C,0,-5.3983026,0.22036214172840118,0.6449999809265137,0.2282000035047531
YNR007C,YMR204C,0,-5.3983464,0.22028689086437225,0.6449999809265137,0.22830000519752502
YNL082W,YBR256C,0,-5.3988442,0.2202116698026657,0.6449999809265137,0.22840000689029694
YGL223C,YHL025W,0,-5.3988447,0.22013652324676514,0.6449999809265137,0.22849999368190765
YMR272C,YDR059C,0,-5.398953,0.22006140649318695,0.6449999809265137,0.22859999537467957
YNL027W,YDR309C,0,-5.399051,0.21998636424541473,0.6449999809265137,0.22869999706745148
YDR334W,YGL227W,0,-5.3993297,0.2199113517999649,0.6449999809265137,0.2287999987602234
YLR314C,YEL015W,0,-5.3997626,0.21983639895915985,0.6449999809265137,0.2289000004529953
YPL119C,YGL066W,0,-5.400042,0.21976150572299957,0.6449999809265137,0.2290000021457672
YGL054C,YLR240W,1,-5.400048,0.22002725303173065,0.6460000276565552,0.2290000021457672
YDR062W,YOR326W,0,-5.4000635,0.21995232999324799,0.6460000276565552,0.22910000383853912
YNR013C,YNL139C,0,-5.4002056,0.2198774665594101,0.6460000276565552,0.22920000553131104
YDR256C,YBL040C,0,-5.4003596,0.2198026478290558,0.6460000276565552,0.22930000722408295
YMR015C,YOL109W,0,-5.400627,0.21972788870334625,0.6460000276565552,0.22939999401569366
YKL006C-A,YOR230W,0,-5.401053,0.2196531742811203,0.6460000276565552,0.22949999570846558
YKL101W,YLR059C,0,-5.401054,0.21957851946353912,0.6460000276565552,0.2295999974012375
YOR028C,YEL003W,0,-5.4010816,0.21950390934944153,0.6460000276565552,0.2296999990940094
YER001W,YDR260C,0,-5.4013205,0.21942934393882751,0.6460000276565552,0.2298000007867813
YOR265W,YML007W,0,-5.401352,0.21935483813285828,0.6460000276565552,0.22990000247955322
YGL137W,YML109W,0,-5.4013767,0.21928037703037262,0.6460000276565552,0.23000000417232513
YNL118C,YMR065W,0,-5.4014573,0.21920597553253174,0.6460000276565552,0.23010000586509705
YLR191W,YBR231C,0,-5.40155,0.21913161873817444,0.6460000276565552,0.23019999265670776
YAL024C,YGL092W,0,-5.4016433,0.21905730664730072,0.6460000276565552,0.23029999434947968
YGR284C,YIR006C,1,-5.402082,0.21932204067707062,0.6470000147819519,0.23029999434947968
YBR102C,YML098W,0,-5.402436,0.2192477136850357,0.6470000147819519,0.2303999960422516
YFR004W,YHL006C,0,-5.4026957,0.21917344629764557,0.6470000147819519,0.2304999977350235
YNL136W,YDL081C,0,-5.4031043,0.219099223613739,0.6470000147819519,0.2305999994277954
YPR080W,YGR094W,0,-5.403529,0.21902504563331604,0.6470000147819519,0.23070000112056732
YDR181C,YKL175W,0,-5.404103,0.21895092725753784,0.6470000147819519,0.23080000281333923
YDR448W,YDR098C,0,-5.4042516,0.21887685358524323,0.6470000147819519,0.23090000450611115
YKL019W,YKR055W,0,-5.4044003,0.21880283951759338,0.6470000147819519,0.23100000619888306
YLR342W,YJL165C,1,-5.404639,0.21906693279743195,0.6480000019073486,0.23100000619888306
YMR177W,YOL102C,0,-5.404688,0.2189929038286209,0.6480000019073486,0.23109999299049377
YOR023C,YJL167W,0,-5.404725,0.21891891956329346,0.6480000019073486,0.23119999468326569
YKL101W,YNL206C,0,-5.405053,0.21884498000144958,0.6480000019073486,0.2312999963760376
YJR025C,YDL217C,0,-5.4050775,0.2187711000442505,0.6480000019073486,0.2313999980688095
YPR025C,YLR135W,0,-5.40548,0.21869726479053497,0.6480000019073486,0.23149999976158142
YML107C,YJR033C,0,-5.406029,0.21862348914146423,0.6480000019073486,0.23160000145435333
YBL047C,YNL093W,1,-5.406491,0.21888701617717743,0.6489999890327454,0.23160000145435333
YGL068W,YLR249W,0,-5.4070983,0.2188132107257843,0.6489999890327454,0.23170000314712524
YMR202W,YGL210W,0,-5.4071,0.21873946487903595,0.6489999890327454,0.23180000483989716
YHR142W,YJL164C,0,-5.4072433,0.21866576373577118,0.6489999890327454,0.23190000653266907
YKL085W,YML097C,0,-5.4074016,0.21859212219715118,0.6489999890327454,0.23199999332427979
YML059C,YDR228C,0,-5.407424,0.21851852536201477,0.6489999890327454,0.2320999950170517
YIL117C,YGL098W,0,-5.4074674,0.21844497323036194,0.6489999890327454,0.2321999967098236
YJL140W,YIL063C,0,-5.4074817,0.2183714658021927,0.6489999890327454,0.23229999840259552
YOR145C,YDR324C,0,-5.4075556,0.2182980179786682,0.6489999890327454,0.23240000009536743
YMR240C,YDR460W,0,-5.407677,0.21822461485862732,0.6489999890327454,0.23250000178813934
YPL196W,YPL154C,0,-5.4079785,0.21815125644207,0.6489999890327454,0.23260000348091125
YKR085C,YDR425W,0,-5.4080234,0.21807795763015747,0.6489999890327454,0.23270000517368317
YGL093W,YBR127C,0,-5.4080358,0.21800470352172852,0.6489999890327454,0.23280000686645508
YGL020C,YDL040C,0,-5.40845,0.21793149411678314,0.6489999890327454,0.2328999936580658
YLR293C,YHR074W,0,-5.4084663,0.21785834431648254,0.6489999890327454,0.2329999953508377
YNR035C,YGR241C,1,-5.408622,0.21812079846858978,0.6499999761581421,0.2329999953508377
YOR211C,YOL129W,0,-5.4086995,0.218047633767128,0.6499999761581421,0.23309999704360962
YLL004W,YDL111C,0,-5.4087996,0.21797451376914978,0.6499999761581421,0.23319999873638153
YDL008W,YNL326C,0,-5.408918,0.21790143847465515,0.6499999761581421,0.23330000042915344
YPR073C,YGR091W,0,-5.4093413,0.2178284227848053,0.6499999761581421,0.23340000212192535
YMR213W,YNL088W,0,-5.409373,0.21775543689727783,0.6499999761581421,0.23350000381469727
YER088C,YML025C,0,-5.409926,0.21768252551555634,0.6499999761581421,0.23360000550746918
YOR159C,YBR253W,0,-5.409962,0.21760964393615723,0.6499999761581421,0.2337000072002411
YGR082W,YMR203W,0,-5.410155,0.2175368070602417,0.6499999761581421,0.2337999939918518
YMR048W,YFR031C,0,-5.4102335,0.21746402978897095,0.6499999761581421,0.23389999568462372
YGR014W,YDL046W,0,-5.410833,0.21739129722118378,0.6499999761581421,0.23399999737739563
YBR158W,YLR399C,0,-5.410898,0.21731862425804138,0.6499999761581421,0.23409999907016754
YKL029C,YGL058W,0,-5.4110026,0.21724599599838257,0.6499999761581421,0.23420000076293945
YJR064W,YMR162C,0,-5.4112105,0.21717339754104614,0.6499999761581421,0.23430000245571136
YPL234C,YGR024C,0,-5.4123006,0.21710087358951569,0.6499999761581421,0.23440000414848328
YPL259C,YML109W,0,-5.4123225,0.21702837944030762,0.6499999761581421,0.2345000058412552
YMR021C,YPL036W,0,-5.4125743,0.21695594489574432,0.6499999761581421,0.2345999926328659
YDL055C,YPR010C,0,-5.412846,0.2168835550546646,0.6499999761581421,0.23469999432563782
YKL054C,YEL034W,0,-5.4133525,0.21681120991706848,0.6499999761581421,0.23479999601840973
YOR014W,YLL021W,0,-5.41338,0.21673890948295593,0.6499999761581421,0.23489999771118164
YCL044C,YDR212W,0,-5.4136987,0.21666666865348816,0.6499999761581421,0.23499999940395355
YDR517W,YPL042C,0,-5.4137664,0.21659447252750397,0.6499999761581421,0.23510000109672546
YLR107W,YHR006W,0,-5.4139776,0.21652232110500336,0.6499999761581421,0.23520000278949738
YKL112W,YBR289W,0,-5.4140716,0.21645021438598633,0.6499999761581421,0.2353000044822693
YDR440W,YJL029C,0,-5.414166,0.21637816727161407,0.6499999761581421,0.2354000061750412
YER009W,YDR265W,0,-5.414552,0.2163061499595642,0.6499999761581421,0.23549999296665192
YFR004W,YNL206C,0,-5.415,0.21623419225215912,0.6499999761581421,0.23559999465942383
YDR260C,YKL166C,0,-5.41502,0.2161622941493988,0.6499999761581421,0.23569999635219574
YPL228W,YGL172W,0,-5.4150324,0.21609042584896088,0.6499999761581421,0.23579999804496765
YHR119W,YER100W,0,-5.415129,0.21601861715316772,0.6499999761581421,0.23589999973773956
YOR316C,YPL174C,0,-5.4151382,0.21594683825969696,0.6499999761581421,0.23600000143051147
YKL068W,YAL016W,0,-5.4153066,0.21587511897087097,0.6499999761581421,0.2361000031232834
YPL255W,YBR015C,0,-5.415314,0.21580345928668976,0.6499999761581421,0.2362000048160553
YDR005C,YNL097C,0,-5.4154015,0.21573182940483093,0.6499999761581421,0.2363000065088272
YNL159C,YKL182W,0,-5.4156175,0.21566025912761688,0.6499999761581421,0.23639999330043793
YGL087C,YER093C,0,-5.415775,0.21558871865272522,0.6499999761581421,0.23649999499320984
YPR162C,YGR141W,0,-5.4158225,0.21551723778247833,0.6499999761581421,0.23659999668598175
YCL014W,YNL044W,0,-5.4159513,0.21544580161571503,0.6499999761581421,0.23669999837875366
YGL065C,YGR008C,0,-5.416433,0.2153744250535965,0.6499999761581421,0.23680000007152557
YPR088C,YMR273C,0,-5.416611,0.21530307829380035,0.6499999761581421,0.23690000176429749
YIL098C,YKR025W,0,-5.416848,0.215231791138649,0.6499999761581421,0.2370000034570694
YMR168C,YOR075W,0,-5.4171147,0.2151605486869812,0.6499999761581421,0.2371000051498413
YDR324C,YDR381W,0,-5.4173293,0.215089350938797,0.6499999761581421,0.23720000684261322
YPL202C,YNR013C,0,-5.417456,0.21501819789409637,0.6499999761581421,0.23729999363422394
YJL170C,YNR007C,0,-5.417837,0.21494708955287933,0.6499999761581421,0.23739999532699585
YDR294C,YOR144C,0,-5.417971,0.21487602591514587,0.6499999761581421,0.23749999701976776
YGR230W,YOL042W,0,-5.417992,0.2148050218820572,0.6499999761581421,0.23759999871253967
YLR353W,YAR002C-A,0,-5.418054,0.2147340625524521,0.6499999761581421,0.23770000040531158
YPL221W,YPL133C,0,-5.418226,0.21466314792633057,0.6499999761581421,0.2378000020980835
YML057W,YKL194C,0,-5.418346,0.21459227800369263,0.6499999761581421,0.2379000037908554
YMR220W,YIL147C,0,-5.418375,0.21452145278453827,0.6499999761581421,0.23800000548362732
YNL286W,YJR077C,0,-5.418427,0.2144506722688675,0.6499999761581421,0.23810000717639923
YMR177W,YDL098C,0,-5.4188895,0.2143799513578415,0.6499999761581421,0.23819999396800995
YDR228C,YPL022W,0,-5.419433,0.21430926024913788,0.6499999761581421,0.23829999566078186
YGL087C,YGL044C,0,-5.4195504,0.21423862874507904,0.6499999761581421,0.23839999735355377
YMR186W,YGR118W,0,-5.4197154,0.21416804194450378,0.6499999761581421,0.23849999904632568
YPL018W,YMR022W,0,-5.4198823,0.2140974998474121,0.6499999761581421,0.2386000007390976
YJL061W,YJL004C,0,-5.419907,0.21402700245380402,0.6499999761581421,0.2387000024318695
YPR067W,YGL051W,0,-5.420135,0.2139565497636795,0.6499999761581421,0.23880000412464142
YLR145W,YNL044W,0,-5.4202585,0.21388614177703857,0.6499999761581421,0.23890000581741333
YOR067C,YBR200W,0,-5.4202914,0.21381579339504242,0.6499999761581421,0.23899999260902405
YKR034W,YER020W,0,-5.4203057,0.21374547481536865,0.6499999761581421,0.23909999430179596
YPR105C,YDL115C,0,-5.4204106,0.21367521584033966,0.6499999761581421,0.23919999599456787
YLR274W,YPL154C,0,-5.4205995,0.21360500156879425,0.6499999761581421,0.23929999768733978
YHR188C,YDR425W,0,-5.4207554,0.21353481709957123,0.6499999761581421,0.2393999993801117
YLR210W,YNL323W,0,-5.4209886,0.21346469223499298,0.6499999761581421,0.2395000010728836
YDL083C,YGR143W,0,-5.4213243,0.21339461207389832,0.6499999761581421,0.23960000276565552
YMR235C,YKL119C,0,-5.4215,0.21332457661628723,0.6499999761581421,0.23970000445842743
YNL084C,YBR214W,1,-5.421966,0.21358267962932587,0.6510000228881836,0.23970000445842743
YGR156W,YGR074W,0,-5.4229326,0.2135126292705536,0.6510000228881836,0.23980000615119934
YMR309C,YGR192C,0,-5.4231176,0.2134426236152649,0.6510000228881836,0.23989999294281006
YGL054C,YAR042W,1,-5.423573,0.21370042860507965,0.6520000100135803,0.23989999294281006
YPR113W,YPR161C,0,-5.42361,0.21363040804862976,0.6520000100135803,0.23999999463558197
YKL038W,YOR151C,0,-5.4237123,0.21356043219566345,0.6520000100135803,0.24009999632835388
YKL204W,YOR032C,0,-5.423833,0.21349050104618073,0.6520000100135803,0.2401999980211258
YLR310C,YOR191W,0,-5.4239497,0.21342061460018158,0.6520000100135803,0.2402999997138977
YGR091W,YPL237W,0,-5.4243627,0.2133507877588272,0.6520000100135803,0.24040000140666962
YDR284C,YGL049C,0,-5.4249015,0.21328099071979523,0.6520000100135803,0.24050000309944153
YMR076C,YKL119C,0,-5.425054,0.21321125328540802,0.6520000100135803,0.24060000479221344
YHR114W,YPL032C,1,-5.425059,0.21346844732761383,0.652999997138977,0.24060000479221344
YDR478W,YDR470C,0,-5.425653,0.21339869499206543,0.652999997138977,0.24070000648498535
YLR086W,YPR032W,0,-5.425793,0.21332897245883942,0.652999997138977,0.24079999327659607
YER073W,YOR245C,0,-5.4260798,0.21325930953025818,0.652999997138977,0.24089999496936798
YDR046C,YEL015W,0,-5.4265194,0.21318967640399933,0.652999997138977,0.2409999966621399
YPL209C,YDR369C,0,-5.426584,0.21312010288238525,0.652999997138977,0.2410999983549118
YOL077W-A,YOL042W,0,-5.4266653,0.21305057406425476,0.652999997138977,0.24120000004768372
YOR109W,YOR327C,1,-5.4269285,0.2133072465658188,0.6539999842643738,0.24120000004768372
YMR026C,YOR083W,0,-5.426993,0.2132376879453659,0.6539999842643738,0.24130000174045563
YIL120W,YDL135C,0,-5.427053,0.2131681889295578,0.6539999842643738,0.24140000343322754
YBL047C,YHR073W,1,-5.4272995,0.21342456340789795,0.6549999713897705,0.24140000343322754
YPL048W,YKL015W,0,-5.427778,0.21335504949092865,0.6549999713897705,0.24150000512599945
YMR119W,YDR372C,0,-5.427851,0.21328558027744293,0.6549999713897705,0.24160000681877136
YBL050W,YDR082W,0,-5.428663,0.2132161408662796,0.6549999713897705,0.24169999361038208
YIL013C,YMR077C,0,-5.428694,0.21314676105976105,0.6549999713897705,0.241799995303154
YIL056W,YML041C,0,-5.4288287,0.21307742595672607,0.6549999713897705,0.2418999969959259
YAL026C,YCR028C,1,-5.4293404,0.2133333384990692,0.656000018119812,0.2418999969959259
YDR163W,YDR498C,0,-5.4295115,0.21326397359371185,0.656000018119812,0.24199999868869781
YDR256C,YLR360W,0,-5.429576,0.21319466829299927,0.656000018119812,0.24210000038146973
YDL188C,YMR143W,0,-5.4296384,0.21312540769577026,0.656000018119812,0.24220000207424164
YNL080C,YOL128C,0,-5.429931,0.21305619180202484,0.656000018119812,0.24230000376701355
YLR172C,YGR029W,0,-5.4303803,0.2129870057106018,0.656000018119812,0.24240000545978546
YMR285C,YKL175W,0,-5.4304047,0.21291787922382355,0.656000018119812,0.24250000715255737
YJL183W,YBL055C,0,-5.43073,0.21284879744052887,0.656000018119812,0.2425999939441681
YPL145C,YIL048W,1,-5.4309583,0.21310411393642426,0.6570000052452087,0.2425999939441681
YDR245W,YPL122C,0,-5.4309773,0.21303501725196838,0.6570000052452087,0.24269999563694
YIL044C,YGR086C,1,-5.4314027,0.21329011023044586,0.6579999923706055,0.24269999563694
YOL049W,YPR179C,0,-5.431448,0.2132209986448288,0.6579999923706055,0.24279999732971191
YDL153C,YJL143W,0,-5.431601,0.2131519317626953,0.6579999923706055,0.24289999902248383
YPL224C,YJL035C,0,-5.43183,0.21308289468288422,0.6579999923706055,0.24300000071525574
YDR141C,YNL139C,0,-5.432015,0.2130139172077179,0.6579999923706055,0.24310000240802765
YPL159C,YNL121C,0,-5.432056,0.21294498443603516,0.6579999923706055,0.24320000410079956
YGL116W,YDR284C,0,-5.43256,0.212876096367836,0.6579999923706055,0.24330000579357147
YNR044W,YBR006W,0,-5.432897,0.21280723810195923,0.6579999923706055,0.2433999925851822
YOR103C,YDR436W,0,-5.4330335,0.21273843944072723,0.6579999923706055,0.2434999942779541
YLR206W,YNL293W,1,-5.433206,0.21299289166927338,0.6589999794960022,0.2434999942779541
YPL078C,YOL145C,0,-5.4332457,0.2129240781068802,0.6589999794960022,0.243599995970726
YIL036W,YMR015C,0,-5.4333386,0.2128552943468094,0.6589999794960022,0.24369999766349792
YER100W,YLR298C,0,-5.433495,0.21278657019138336,0.6589999794960022,0.24379999935626984
YNL297C,YGR086C,1,-5.4335213,0.21304066479206085,0.6600000262260437,0.24379999935626984
YLR438C-A,YNL142W,0,-5.433543,0.21297192573547363,0.6600000262260437,0.24390000104904175
YDR005C,YNL283C,0,-5.4336333,0.21290323138237,0.6600000262260437,0.24400000274181366
YOL086C,YLR007W,0,-5.434322,0.21283456683158875,0.6600000262260437,0.24410000443458557
YBL040C,YJR052W,0,-5.4349337,0.21276596188545227,0.6600000262260437,0.24420000612735748
YOR281C,YKL125W,0,-5.4350195,0.21269738674163818,0.6600000262260437,0.2442999929189682
YLR052W,YHR004C,0,-5.4350815,0.21262887120246887,0.6600000262260437,0.2443999946117401
YDR479C,YKL041W,0,-5.4350934,0.21256038546562195,0.6600000262260437,0.24449999630451202
YDL044C,YPL094C,0,-5.435099,0.2124919444322586,0.6600000262260437,0.24459999799728394
YLR229C,YLR240W,1,-5.4354796,0.21274541318416595,0.6610000133514404,0.24459999799728394
YOR089C,YLR396C,1,-5.435509,0.21299871802330017,0.6620000004768372,0.24459999799728394
YDR030C,YOR140W,0,-5.435513,0.21293020248413086,0.6620000004768372,0.24469999969005585
YNL153C,YPR161C,0,-5.4358854,0.21286173164844513,0.6620000004768372,0.24480000138282776
YBR008C,YER127W,0,-5.4360886,0.21279332041740417,0.6620000004768372,0.24490000307559967
YMR184W,YOR031W,0,-5.4364038,0.2127249389886856,0.6620000004768372,0.24500000476837158
YML116W,YGL195W,0,-5.4366574,0.21265660226345062,0.6620000004768372,0.2451000064611435
YLR095C,YLR376C,0,-5.436952,0.21258831024169922,0.6620000004768372,0.2451999932527542
YNL291C,YDL244W,0,-5.437088,0.2125200629234314,0.6620000004768372,0.24529999494552612
YNL286W,YFR029W,0,-5.4375167,0.21245186030864716,0.6620000004768372,0.24539999663829803
YLR266C,YDR487C,0,-5.4375625,0.2123837023973465,0.6620000004768372,0.24549999833106995
YDR427W,YPR161C,0,-5.437636,0.21231558918952942,0.6620000004768372,0.24560000002384186
YHR102W,YDR092W,0,-5.437697,0.21224752068519592,0.6620000004768372,0.24570000171661377
YLR144C,YGR143W,0,-5.4379635,0.21217948198318481,0.6620000004768372,0.24580000340938568
YBR023C,YIL051C,0,-5.4381804,0.21211150288581848,0.6620000004768372,0.2459000051021576
YPL202C,YHR204W,0,-5.4383216,0.21204356849193573,0.6620000004768372,0.2460000067949295
YPR072W,YGR059W,0,-5.4387383,0.21197566390037537,0.6620000004768372,0.24609999358654022
YCR048W,YLL042C,0,-5.4389644,0.21190780401229858,0.6620000004768372,0.24619999527931213
YNL188W,YDL093W,0,-5.439037,0.21184000372886658,0.6620000004768372,0.24629999697208405
YDR409W,YKR037C,0,-5.439058,0.21177223324775696,0.6620000004768372,0.24639999866485596
YJR086W,YDR325W,0,-5.439091,0.21170450747013092,0.6620000004768372,0.24650000035762787
YGL191W,YLR081W,0,-5.4397964,0.21163682639598846,0.6620000004768372,0.24660000205039978
YCL035C,YKR025W,0,-5.440256,0.2115691900253296,0.6620000004768372,0.2467000037431717
YBR214W,YML001W,1,-5.4403224,0.2118210792541504,0.6629999876022339,0.2467000037431717
YDL200C,YNL201C,0,-5.440331,0.21175342798233032,0.6629999876022339,0.2468000054359436
YGL190C,YGR270W,0,-5.4405923,0.21168582141399384,0.6629999876022339,0.24690000712871552
YER109C,YKR028W,0,-5.441301,0.21161825954914093,0.6629999876022339,0.24699999392032623
YBL030C,YGR047C,0,-5.4413457,0.2115507274866104,0.6629999876022339,0.24709999561309814
YGR028W,YJR126C,0,-5.441696,0.21148325502872467,0.6629999876022339,0.24719999730587006
YNL258C,YDL195W,0,-5.441716,0.21141581237316132,0.6629999876022339,0.24729999899864197
YNL243W,YML052W,1,-5.4417825,0.21166719496250153,0.6639999747276306,0.24729999899864197
YER035W,YKL020C,0,-5.441842,0.21159975230693817,0.6639999747276306,0.24740000069141388
YMR041C,YGL115W,0,-5.442653,0.2115323394536972,0.6639999747276306,0.2475000023841858
YCR028C,YJL165C,1,-5.442742,0.21178343892097473,0.6650000214576721,0.2475000023841858
YHR164C,YFR024C-A,0,-5.442947,0.21171601116657257,0.6650000214576721,0.2476000040769577
YNL029C,YER029C,0,-5.4429965,0.211648628115654,0.6650000214576721,0.24770000576972961
YLR155C,YGR268C,0,-5.4435925,0.211581289768219,0.6650000214576721,0.24779999256134033
YCL044C,YNL291C,0,-5.4436316,0.21151399612426758,0.6650000214576721,0.24789999425411224
YNL051W,YLR357W,0,-5.4438224,0.21144674718379974,0.6650000214576721,0.24799999594688416
YOR160W,YLR014C,0,-5.4441833,0.2113795280456543,0.6650000214576721,0.24809999763965607
YKL059C,YKR085C,0,-5.444641,0.21131235361099243,0.6650000214576721,0.24819999933242798
YDR477W,YJR009C,0,-5.444941,0.21124523878097534,0.6650000214576721,0.2483000010251999
YKL043W,YOR275C,0,-5.444985,0.21117815375328064,0.6650000214576721,0.2484000027179718
YIL040W,YML021C,0,-5.4452777,0.21111111342906952,0.6650000214576721,0.2485000044107437
YKR003W,YNR047W,1,-5.446276,0.21136146783828735,0.6660000085830688,0.2485000044107437
YCL061C,YNL047C,0,-5.4467044,0.21129441261291504,0.6660000085830688,0.24860000610351562
YGR038W,YDR028C,0,-5.446916,0.2112274020910263,0.6660000085830688,0.24869999289512634
YOL013C,YHL025W,0,-5.4469533,0.21116043627262115,0.6660000085830688,0.24879999458789825
YGL257C,YOR261C,0,-5.4473414,0.2110935002565384,0.6660000085830688,0.24889999628067017
YDL005C,YOL115W,0,-5.447344,0.2110266089439392,0.6660000085830688,0.24899999797344208
YMR208W,YLR130C,0,-5.4475255,0.2109597772359848,0.6660000085830688,0.249099999666214
YGR276C,YIL021W,0,-5.4477725,0.21089297533035278,0.6660000085830688,0.2492000013589859
YFR009W,YLR145W,0,-5.448172,0.21082621812820435,0.6660000085830688,0.2493000030517578
YBR043C,YHR106W,0,-5.4486604,0.2107594907283783,0.6660000085830688,0.24940000474452972
YDR036C,YLR079W,0,-5.4487042,0.21069282293319702,0.6660000085830688,0.24950000643730164
YPR138C,YBR093C,0,-5.449001,0.21062618494033813,0.6660000085830688,0.24959999322891235
YDR318W,YDL134C,0,-5.4490104,0.21055959165096283,0.6660000085830688,0.24969999492168427
YPL069C,YMR022W,0,-5.4494247,0.2104930430650711,0.6660000085830688,0.24979999661445618
YLR353W,YCL016C,0,-5.4495645,0.21042653918266296,0.6660000085830688,0.2498999983072281
YHR114W,YAL026C,1,-5.449579,0.2106759250164032,0.6669999957084656,0.2498999983072281
YOR085W,YGR270W,0,-5.449634,0.21060940623283386,0.6669999957084656,0.25
YMR255W,YGL087C,0,-5.4498515,0.2105429321527481,0.6669999957084656,0.2500999867916107
YER146W,YER149C,0,-5.4500394,0.21047648787498474,0.6669999957084656,0.2502000033855438
YJL184W,YOR330C,0,-5.4501066,0.21041008830070496,0.6669999957084656,0.25029999017715454
YMR237W,YAR002C-A,0,-5.4505386,0.21034373342990875,0.6669999957084656,0.25040000677108765
YGL180W,YHR150W,0,-5.451342,0.21027742326259613,0.6669999957084656,0.25049999356269836
YOL095C,YJL061W,0,-5.4517627,0.2102111577987671,0.6669999957084656,0.25060001015663147
YER143W,YAL056W,0,-5.4520116,0.21014492213726044,0.6669999957084656,0.2506999969482422
YEL032W,YDR142C,0,-5.4522805,0.21007874608039856,0.6669999957084656,0.2508000135421753
YDL229W,YIL143C,0,-5.4527955,0.21001259982585907,0.6669999957084656,0.250900000333786
YDR030C,YKR031C,0,-5.452892,0.20994648337364197,0.6669999957084656,0.25099998712539673
YOL027C,YOR269W,0,-5.4533734,0.20988042652606964,0.6669999957084656,0.25110000371932983
YKL182W,YDL079C,0,-5.454203,0.2098144143819809,0.6669999957084656,0.25119999051094055
YER118C,YPL234C,0,-5.454266,0.20974843204021454,0.6669999957084656,0.25130000710487366
YOR023C,YDR429C,0,-5.4549565,0.20968249440193176,0.6669999957084656,0.2513999938964844
YJL209W,YDR394W,0,-5.455037,0.20961658656597137,0.6669999957084656,0.2515000104904175
YGL130W,YGR249W,0,-5.4550457,0.20955073833465576,0.6669999957084656,0.2515999972820282
YDR085C,YHL028W,0,-5.4555984,0.20948491990566254,0.6669999957084656,0.2517000138759613
YDR046C,YMR004W,0,-5.4557853,0.2094191461801529,0.6669999957084656,0.251800000667572
YIL131C,YNL263C,0,-5.456098,0.20935341715812683,0.6669999957084656,0.25189998745918274
YOR180C,YAL055W,0,-5.4563613,0.20928773283958435,0.6669999957084656,0.25200000405311584
YLR260W,YKR086W,0,-5.4564757,0.20922207832336426,0.6669999957084656,0.25209999084472656
YEL034W,YBR265W,0,-5.4566627,0.20915646851062775,0.6669999957084656,0.25220000743865967
YHR024C,YER009W,0,-5.456697,0.20909090340137482,0.6669999957084656,0.2522999942302704
YHR024C,YIL115C,0,-5.4570074,0.20902538299560547,0.6669999957084656,0.2524000108242035
YAL024C,YOR354C,0,-5.457263,0.2089598923921585,0.6669999957084656,0.2524999976158142
YGR143W,YGR104C,0,-5.4574037,0.20889446139335632,0.6669999957084656,0.2526000142097473
YPL055C,YJR126C,0,-5.4574914,0.20882906019687653,0.6669999957084656,0.25270000100135803
YMR296C,YGL115W,0,-5.457504,0.20876368880271912,0.6669999957084656,0.25279998779296875
YFR029W,YDR059C,0,-5.4581876,0.20869837701320648,0.6669999957084656,0.25290000438690186
YNL271C,YGR143W,0,-5.458212,0.20863309502601624,0.6669999957084656,0.2529999911785126
YMR298W,YKL081W,0,-5.458466,0.20856785774230957,0.6669999957084656,0.2531000077724457
YBR214W,YHR016C,1,-5.4585776,0.20881526172161102,0.6679999828338623,0.2531000077724457
YGR009C,YOR047C,0,-5.4590087,0.20874999463558197,0.6679999828338623,0.2531999945640564
YMR163C,YBR196C,0,-5.45904,0.2086847871541977,0.6679999828338623,0.2533000111579895
YHR024C,YKL095W,0,-5.459555,0.2086196094751358,0.6679999828338623,0.2533999979496002
YGL047W,YMR227C,0,-5.459688,0.2085544764995575,0.6679999828338623,0.2535000145435333
YMR119W,YCL061C,0,-5.4601836,0.20848938822746277,0.6679999828338623,0.25360000133514404
YDR295C,YGR072W,0,-5.460806,0.20842432975769043,0.6679999828338623,0.25369998812675476
YBR200W,YOR354C,0,-5.461639,0.20835933089256287,0.6679999828338623,0.25380000472068787
YGL054C,YOR109W,1,-5.461699,0.20860616862773895,0.6690000295639038,0.25380000472068787
YDR173C,YPR054W,0,-5.4618945,0.208541139960289,0.6690000295639038,0.2538999915122986
YOR347C,YNL332W,0,-5.461985,0.20847615599632263,0.6690000295639038,0.2540000081062317
YJR001W,YDR143C,0,-5.4624763,0.20841121673583984,0.6690000295639038,0.2540999948978424
YGL020C,YLR362W,0,-5.4625287,0.20834630727767944,0.6690000295639038,0.2542000114917755
YPL171C,YGL048C,0,-5.462685,0.20828144252300262,0.6690000295639038,0.25429999828338623
YGR119C,YNL121C,0,-5.4626956,0.2082166224718094,0.6690000295639038,0.25440001487731934
YFR046C,YLR266C,0,-5.462729,0.20815183222293854,0.6690000295639038,0.25450000166893005
YBL056W,YJL187C,0,-5.4628663,0.20808708667755127,0.6690000295639038,0.25459998846054077
YBL069W,YBR041W,0,-5.462941,0.20802238583564758,0.6690000295639038,0.2547000050544739
YIR006C,YCR008W,1,-5.463345,0.20826856791973114,0.6700000166893005,0.2547000050544739
YEL027W,YHR016C,1,-5.4634986,0.20851460099220276,0.6710000038146973,0.2547000050544739
YJL074C,YDR334W,0,-5.46358,0.2084498256444931,0.6710000038146973,0.2547999918460846
YGL093W,YML028W,0,-5.463661,0.20838509500026703,0.6710000038146973,0.2549000084400177
YKL129C,YKL203C,1,-5.464412,0.20863085985183716,0.671999990940094,0.2549000084400177
YNL027W,YGR057C,0,-5.464604,0.2085661143064499,0.671999990940094,0.2549999952316284
YGL238W,YER088C,0,-5.4647937,0.208501398563385,0.671999990940094,0.2551000118255615
YCR075C,YDR503C,0,-5.4649034,0.2084367275238037,0.671999990940094,0.25519999861717224
YML081C-A,YPR009W,0,-5.4649296,0.2083720862865448,0.671999990940094,0.25529998540878296
YFL013C,YFR040W,0,-5.4651756,0.20830750465393066,0.671999990940094,0.25540000200271606
YJR121W,YFR028C,0,-5.4660144,0.20824295282363892,0.671999990940094,0.2554999887943268
YER119C,YJL072C,0,-5.46609,0.20817844569683075,0.671999990940094,0.2556000053882599
YNL133C,YLR259C,0,-5.466576,0.20811396837234497,0.671999990940094,0.2556999921798706
YLR206W,YIL095W,1,-5.466639,0.20835913717746735,0.6729999780654907,0.2556999921798706
YOR209C,YDR150W,0,-5.4668574,0.20829464495182037,0.6729999780654907,0.2558000087738037
YNL293W,YOR043W,1,-5.4670305,0.20853960514068604,0.6740000247955322,0.2558000087738037
YOR347C,YOR110W,0,-5.467076,0.20847509801387787,0.6740000247955322,0.25589999556541443
YOR194C,YDR341C,0,-5.4674344,0.20841063559055328,0.6740000247955322,0.25600001215934753
YOR334W,YGR116W,0,-5.467435,0.20834621787071228,0.6740000247955322,0.25609999895095825
YLR201C,YAR031W,0,-5.467459,0.20828182995319366,0.6740000247955322,0.25619998574256897
YGL151W,YNL026W,0,-5.4684277,0.20821748673915863,0.6740000247955322,0.2563000023365021
YFL050C,YOR359W,0,-5.468698,0.20815318822860718,0.6740000247955322,0.2563999891281128
YPR138C,YNL330C,0,-5.469011,0.2080889195203781,0.6740000247955322,0.2565000057220459
YNL102W,YMR314W,0,-5.469575,0.20802469551563263,0.6740000247955322,0.2565999925136566
YNL159C,YNL250W,0,-5.46979,0.20796050131320953,0.6740000247955322,0.2567000091075897
YOR040W,YBR004C,0,-5.4698462,0.2078963667154312,0.6740000247955322,0.25679999589920044
YML120C,YKL080W,0,-5.4699864,0.2078322470188141,0.6740000247955322,0.25690001249313354
YDR283C,YGR193C,0,-5.470218,0.20776818692684174,0.6740000247955322,0.25699999928474426
YGR254W,YER022W,0,-5.4703565,0.20770415663719177,0.6740000247955322,0.257099986076355
YLR310C,YMR165C,0,-5.4704394,0.2076401710510254,0.6740000247955322,0.2572000026702881
YJL006C,YER072W,0,-5.470681,0.2075762301683426,0.6740000247955322,0.2572999894618988
YNL166C,YGL137W,0,-5.470762,0.20751231908798218,0.6740000247955322,0.2574000060558319
YOR377W,YHR091C,0,-5.4709587,0.20744845271110535,0.6740000247955322,0.2574999928474426
YHR053C,YDR189W,0,-5.470965,0.2073846161365509,0.6740000247955322,0.25760000944137573
YGL065C,YGL025C,0,-5.4710956,0.20732082426548004,0.6740000247955322,0.25769999623298645
YOR084W,YOR129C,0,-5.4716506,0.20725707709789276,0.6740000247955322,0.25780001282691956
YKL043W,YOR380W,0,-5.4716706,0.20719335973262787,0.6740000247955322,0.2578999996185303
YJR065C,YMR104C,0,-5.471813,0.20712968707084656,0.6740000247955322,0.257999986410141
YOR188W,YER149C,0,-5.471867,0.20706605911254883,0.6740000247955322,0.2581000030040741
YFR034C,YPL106C,0,-5.4719415,0.2070024609565735,0.6740000247955322,0.2581999897956848
YGL222C,YBR198C,0,-5.47196,0.20693890750408173,0.6740000247955322,0.2583000063896179
YEL071W,YGL001C,0,-5.4719787,0.20687538385391235,0.6740000247955322,0.25839999318122864
YMR213W,YKL048C,0,-5.471995,0.20681190490722656,0.6740000247955322,0.25850000977516174
YJL094C,YER053C,0,-5.472194,0.20674847066402435,0.6740000247955322,0.25859999656677246
YKL040C,YFR037C,0,-5.4723535,0.20668506622314453,0.6740000247955322,0.25870001316070557
YGL068W,YAL051W,0,-5.4724174,0.2066217064857483,0.6740000247955322,0.2587999999523163
YOL033W,YMR089C,0,-5.472841,0.20655837655067444,0.6740000247955322,0.258899986743927
YGR113W,YGR270W,0,-5.4731736,0.20649509131908417,0.6740000247955322,0.2590000033378601
YAR007C,YMR140W,0,-5.473331,0.20643185079097748,0.6740000247955322,0.2590999901294708
YEL027W,YLL038C,1,-5.4733734,0.20667482912540436,0.675000011920929,0.2590999901294708
YGR010W,YOR159C,0,-5.4733787,0.20661157369613647,0.675000011920929,0.25920000672340393
YDL207W,YGR104C,0,-5.473451,0.20654834806919098,0.675000011920929,0.25929999351501465
YJL081C,YOL040C,0,-5.4735646,0.20648516714572906,0.675000011920929,0.25940001010894775
YHR068W,YDR156W,0,-5.4735713,0.20642201602458954,0.675000011920929,0.25949999690055847
YKL188C,YGR116W,0,-5.473639,0.2063589096069336,0.675000011920929,0.2596000134944916
YDR425W,YCL008C,0,-5.473863,0.20629584789276123,0.675000011920929,0.2597000002861023
YDL013W,YHL025W,0,-5.4739327,0.20623281598091125,0.675000011920929,0.259799987077713
YKL160W,YER148W,0,-5.4743123,0.20616982877254486,0.675000011920929,0.2599000036716461
YGL025C,YGR199W,0,-5.4744196,0.20610687136650085,0.675000011920929,0.25999999046325684
YPR182W,YPL129W,0,-5.474533,0.20604395866394043,0.675000011920929,0.26010000705718994
YLR165C,YFL058W,0,-5.474754,0.2059810757637024,0.675000011920929,0.26019999384880066
YOR179C,YBR123C,0,-5.4749546,0.20591823756694794,0.675000011920929,0.26030001044273376
YMR138W,YBR097W,0,-5.4751053,0.20585544407367706,0.675000011920929,0.2603999972343445
YLR260W,YDR285W,0,-5.4751763,0.20579268038272858,0.675000011920929,0.2605000138282776
YNL080C,YKL073W,0,-5.4754987,0.20572996139526367,0.675000011920929,0.2606000006198883
YIR006C,YHR016C,1,-5.4755855,0.20597197115421295,0.6759999990463257,0.2606000006198883
YDR524C,YPL180W,0,-5.4757466,0.20590922236442566,0.6759999990463257,0.260699987411499
YBR212W,YLR193C,0,-5.475891,0.20584653317928314,0.6759999990463257,0.26080000400543213
YNL147W,YPL243W,0,-5.4759107,0.20578385889530182,0.6759999990463257,0.26089999079704285
YER001W,YIR008C,0,-5.4759383,0.20572124421596527,0.6759999990463257,0.26100000739097595
YIL040W,YGR278W,0,-5.475942,0.2056586593389511,0.6759999990463257,0.26109999418258667
YOR034C,YER165W,0,-5.4760737,0.20559610426425934,0.6759999990463257,0.2612000107765198
YJL179W,YDR135C,0,-5.4761033,0.20553359389305115,0.6759999990463257,0.2612999975681305
YHR191C,YBR088C,0,-5.476812,0.20547112822532654,0.6759999990463257,0.2614000141620636
YPL015C,YNL291C,0,-5.4769025,0.20540869235992432,0.6759999990463257,0.2615000009536743
YNL293W,YML001W,1,-5.4769645,0.20565006136894226,0.6769999861717224,0.2615000009536743
YEL027W,YGR241C,1,-5.476978,0.20589128136634827,0.6779999732971191,0.2615000009536743
YGL005C,YGR165W,0,-5.477155,0.20582878589630127,0.6779999732971191,0.26159998774528503
YER073W,YJL076W,0,-5.4778056,0.20576630532741547,0.6779999732971191,0.26170000433921814
YNL065W,YOL043C,0,-5.4784093,0.20570388436317444,0.6779999732971191,0.26179999113082886
YGR029W,YDR137W,0,-5.4786096,0.2056414932012558,0.6779999732971191,0.26190000772476196
YLL019C,YKL008C,0,-5.4786863,0.20557913184165955,0.6779999732971191,0.2619999945163727
YBL105C,YLR092W,0,-5.4786897,0.20551683008670807,0.6779999732971191,0.2621000111103058
YLR078C,YBL035C,0,-5.47874,0.20545454323291779,0.6779999732971191,0.2621999979019165
YLR371W,YKR001C,1,-5.47874,0.205695241689682,0.6790000200271606,0.2621999979019165
YOR208W,YDR011W,0,-5.478845,0.20563295483589172,0.6790000200271606,0.2623000144958496
YGR212W,YBR127C,0,-5.479137,0.20557069778442383,0.6790000200271606,0.2624000012874603
YPR065W,YML028W,0,-5.480189,0.20550847053527832,0.6790000200271606,0.26249998807907104
YOR008C,YLR337C,1,-5.480316,0.20574887096881866,0.6800000071525574,0.26249998807907104
YOL061W,YKL058W,0,-5.480472,0.20568662881851196,0.6800000071525574,0.26260000467300415
YEL016C,YGL058W,0,-5.480599,0.20562443137168884,0.6800000071525574,0.26269999146461487
YBR272C,YDR126W,0,-5.480781,0.2055622786283493,0.6800000071525574,0.262800008058548
YGR047C,YFL004W,0,-5.480902,0.20550015568733215,0.6800000071525574,0.2628999948501587
YGR218W,YOR185C,0,-5.4810796,0.2054380625486374,0.6800000071525574,0.2630000114440918
YKL042W,YDR457W,0,-5.481688,0.2053760141134262,0.6800000071525574,0.2630999982357025
YJL072C,YHL007C,0,-5.481784,0.2053140103816986,0.6800000071525574,0.2632000148296356
YOL149W,YHL028W,0,-5.4817934,0.2052520364522934,0.6800000071525574,0.26330000162124634
YKL017C,YOL009C,0,-5.4819407,0.20519010722637177,0.6800000071525574,0.26339998841285706
YHR171W,YAL013W,0,-5.4821897,0.20512820780277252,0.6800000071525574,0.26350000500679016
YBR059C,YPL145C,1,-5.4822206,0.20536790788173676,0.6809999942779541,0.26350000500679016
YEL030W,YLR010C,0,-5.482633,0.20530599355697632,0.6809999942779541,0.2635999917984009
YCR038C,YER142C,0,-5.4826436,0.20524412393569946,0.6809999942779541,0.263700008392334
YGL190C,YER052C,0,-5.482875,0.205182284116745,0.6809999942779541,0.2637999951839447
YFR021W,YNR057C,0,-5.4829636,0.2051204890012741,0.6809999942779541,0.2639000117778778
YMR161W,YJL073W,0,-5.4830203,0.2050587236881256,0.6809999942779541,0.2639999985694885
YPL095C,YIL118W,0,-5.4831457,0.2049969881772995,0.6809999942779541,0.26409998536109924
YKL220C,YGL124C,0,-5.4833207,0.20493529736995697,0.6809999942779541,0.26420000195503235
YFR014C,YPL020C,0,-5.483499,0.20487365126609802,0.6809999942779541,0.26429998874664307
YCR075C,YNL323W,0,-5.483799,0.20481203496456146,0.6809999942779541,0.26440000534057617
YNL047C,YPL206C,0,-5.4838505,0.2047504484653473,0.6809999942779541,0.2644999921321869
YMR092C,YBR218C,0,-5.484058,0.2046889066696167,0.6809999942779541,0.26460000872612
YGL045W,YKL126W,1,-5.484107,0.20492789149284363,0.6819999814033508,0.26460000872612
YLR148W,YLR376C,0,-5.4842343,0.20486631989479065,0.6819999814033508,0.2646999955177307
YIL049W,YGL151W,0,-5.484472,0.20480480790138245,0.6819999814033508,0.2648000121116638
YHR114W,YML052W,1,-5.4849353,0.20504352450370789,0.6830000281333923,0.2648000121116638
YOL094C,YNL229C,0,-5.4849796,0.2049819976091385,0.6830000281333923,0.26489999890327454
YLR314C,YGL113W,0,-5.4850283,0.20492048561573029,0.6830000281333923,0.26499998569488525
YMR299C,YBL026W,0,-5.485088,0.20485903322696686,0.6830000281333923,0.26510000228881836
YMR314W,YAL032C,0,-5.4853225,0.20479759573936462,0.6830000281333923,0.2651999890804291
YKL048C,YOR275C,0,-5.4855704,0.20473621785640717,0.6830000281333923,0.2653000056743622
YER008C,YMR101C,0,-5.4866247,0.2046748548746109,0.6830000281333923,0.2653999924659729
YOL143C,YKL018W,0,-5.4869275,0.20461353659629822,0.6830000281333923,0.265500009059906
YML102W,YDR054C,0,-5.487164,0.20455226302146912,0.6830000281333923,0.2655999958515167
YLR328W,YDR443C,0,-5.4872346,0.2044910192489624,0.6830000281333923,0.26570001244544983
YLR369W,YGR192C,0,-5.4876595,0.20442980527877808,0.6830000281333923,0.26579999923706055
YKR068C,YDR283C,0,-5.4877543,0.20436863601207733,0.6830000281333923,0.26589998602867126
YKL059C,YNL082W,0,-5.4879518,0.20430751144886017,0.6830000281333923,0.26600000262260437
YPR131C,YDR356W,0,-5.488165,0.2042464166879654,0.6830000281333923,0.2660999894142151
YNL062C,YLL041C,0,-5.488401,0.204185351729393,0.6830000281333923,0.2662000060081482
YNL258C,YKR028W,0,-5.488763,0.2041243314743042,0.6830000281333923,0.2662999927997589
YHR038W,YLR006C,0,-5.4892716,0.20406334102153778,0.6830000281333923,0.266400009393692
YPL202C,YER122C,0,-5.489307,0.20400239527225494,0.6830000281333923,0.26649999618530273
YEL009C,YGR101W,0,-5.489445,0.2039414793252945,0.6830000281333923,0.26660001277923584
YMR072W,YPL200W,0,-5.4894595,0.20388059318065643,0.6830000281333923,0.26669999957084656
YLL027W,YKR087C,0,-5.489472,0.20381975173950195,0.6830000281333923,0.2667999863624573
YPR138C,YHR004C,0,-5.4895034,0.20375895500183105,0.6830000281333923,0.2669000029563904
YDL231C,YGL054C,1,-5.4895997,0.2039964199066162,0.6840000152587891,0.2669000029563904
YIL048W,YNR047W,1,-5.489646,0.20423375070095062,0.6850000023841858,0.2669000029563904
YKL026C,YBR043C,0,-5.4897027,0.20417287945747375,0.6850000023841858,0.2669999897480011
YDR358W,YHL028W,0,-5.490263,0.20411203801631927,0.6850000023841858,0.2671000063419342
YDL008W,YLR150W,0,-5.4904456,0.20405124127864838,0.6850000023841858,0.2671999931335449
YDL045C,YDR345C,0,-5.490751,0.20399047434329987,0.6850000023841858,0.267300009727478
YPR073C,YOR328W,0,-5.4909945,0.20392973721027374,0.6850000023841858,0.26739999651908875
YMR267W,YDR470C,0,-5.4913764,0.2038690447807312,0.6850000023841858,0.26750001311302185
YLR448W,YLR193C,0,-5.492187,0.20380839705467224,0.6850000023841858,0.26759999990463257
YOL011W,YOR259C,0,-5.4931455,0.20374776422977448,0.6850000023841858,0.2676999866962433
YDR440W,YGR274C,0,-5.49332,0.20368719100952148,0.6850000023841858,0.2678000032901764
YDR345C,YDR030C,0,-5.4940495,0.2036266326904297,0.6850000023841858,0.2678999900817871
YPR110C,YGL028C,0,-5.494073,0.20356611907482147,0.6850000023841858,0.2680000066757202
YBR199W,YIL021W,0,-5.4946647,0.20350565016269684,0.6850000023841858,0.26809999346733093
YOR151C,YIL031W,0,-5.4946666,0.2034451961517334,0.6850000023841858,0.26820001006126404
YAL026C,YGL045W,1,-5.4948144,0.20368170738220215,0.6859999895095825,0.26820001006126404
YDR265W,YDR076W,0,-5.4948387,0.2036212533712387,0.6859999895095825,0.26829999685287476
YLR085C,YNL051W,0,-5.4948993,0.20356082916259766,0.6859999895095825,0.26840001344680786
YLR270W,YKL193C,0,-5.49525,0.20350044965744019,0.6859999895095825,0.2685000002384186
YGL257C,YOR162C,0,-5.49548,0.2034400999546051,0.6859999895095825,0.2685999870300293
YDR460W,YDR285W,0,-5.4956937,0.2033797800540924,0.6859999895095825,0.2687000036239624
YKL112W,YGR074W,0,-5.495733,0.2033195048570633,0.6859999895095825,0.2687999904155731
YPL154C,YJL026W,0,-5.4960065,0.20325925946235657,0.6859999895095825,0.2689000070095062
YGL011C,YLR010C,0,-5.4961305,0.20319905877113342,0.6859999895095825,0.26899999380111694
YDL090C,YER022W,0,-5.4963136,0.20313888788223267,0.6859999895095825,0.26910001039505005
YGL251C,YDL093W,0,-5.4968915,0.2030787467956543,0.6859999895095825,0.26919999718666077
YER030W,YMR207C,0,-5.496944,0.2030186504125595,0.6859999895095825,0.26930001378059387
YNL154C,YML001W,1,-5.496981,0.20325443148612976,0.6869999766349792,0.26930001378059387
YLR270W,YBL014C,0,-5.4971247,0.20319432020187378,0.6869999766349792,0.2694000005722046
YML067C,YGL219C,0,-5.4973645,0.20313423871994019,0.6869999766349792,0.2694999873638153
YAR003W,YPL258C,0,-5.4973693,0.20307420194149017,0.6869999766349792,0.2696000039577484
YPR088C,YIL039W,0,-5.4974346,0.20301418006420135,0.6869999766349792,0.26969999074935913
YBL032W,YPL042C,0,-5.497574,0.20295420289039612,0.6869999766349792,0.26980000734329224
YML076C,YEL041W,0,-5.4982195,0.20289427042007446,0.6869999766349792,0.26989999413490295
YKL093W,YKL025C,0,-5.4982905,0.2028343677520752,0.6869999766349792,0.27000001072883606
YCR075C,YBL079W,0,-5.4983993,0.20277449488639832,0.6869999766349792,0.2700999975204468
YDR168W,YGL162W,0,-5.498459,0.20271466672420502,0.6869999766349792,0.2702000141143799
YDL002C,YFR050C,0,-5.498477,0.2026548683643341,0.6869999766349792,0.2703000009059906
YOL026C,YER162C,0,-5.4985185,0.20259509980678558,0.6869999766349792,0.2703999876976013
YGL037C,YPL045W,0,-5.4989495,0.20253537595272064,0.6869999766349792,0.2705000042915344
YPL123C,YPL243W,0,-5.499019,0.2024756819009781,0.6869999766349792,0.27059999108314514
YDR517W,YEL054C,0,-5.49925,0.20241603255271912,0.6869999766349792,0.27070000767707825
YMR272C,YHL025W,0,-5.499351,0.20235641300678253,0.6869999766349792,0.27079999446868896
YJL072C,YIL023C,0,-5.4994435,0.20229682326316833,0.6869999766349792,0.27090001106262207
YCR026C,YGR192C,0,-5.499528,0.20223726332187653,0.6869999766349792,0.2709999978542328
YNL014W,YGR009C,0,-5.499849,0.2021777480840683,0.6869999766349792,0.2711000144481659
YOR037W,YNL032W,0,-5.500113,0.20211826264858246,0.6869999766349792,0.2712000012397766
YGR003W,YGL194C,0,-5.500117,0.2020588219165802,0.6869999766349792,0.27129998803138733
YOL077W-A,YDR129C,0,-5.5003114,0.20199941098690033,0.6869999766349792,0.27140000462532043
YDR036C,YDR040C,0,-5.5005736,0.20194002985954285,0.6869999766349792,0.27149999141693115
YLR163C,YEL016C,0,-5.5006375,0.20188069343566895,0.6869999766349792,0.27160000801086426
YPL006W,YDR129C,0,-5.500793,0.20182138681411743,0.6869999766349792,0.271699994802475
YBL040C,YDR280W,0,-5.5009637,0.2017621099948883,0.6869999766349792,0.2718000113964081
YLR353W,YLR181C,0,-5.5011573,0.20170287787914276,0.6869999766349792,0.2718999981880188
YGR142W,YOR075W,0,-5.5012927,0.2016436755657196,0.6869999766349792,0.2720000147819519
YGL071W,YNL044W,0,-5.5014114,0.20158450305461884,0.6869999766349792,0.2721000015735626
YIL048W,YIL095W,1,-5.501445,0.20181871950626373,0.6880000233650208,0.2721000015735626
YOR144C,YML019W,0,-5.5017,0.20175953209400177,0.6880000233650208,0.27219998836517334
YDR264C,YPL032C,1,-5.5020237,0.20199355483055115,0.6890000104904175,0.27219998836517334
YNL173C,YBL058W,0,-5.5024223,0.201934352517128,0.6890000104904175,0.27230000495910645
YMR065W,YOL020W,0,-5.503877,0.20187518000602722,0.6890000104904175,0.27239999175071716
YBR217W,YDR256C,0,-5.503919,0.20181605219841003,0.6890000104904175,0.27250000834465027
YDL002C,YGR046W,0,-5.5045195,0.20175695419311523,0.6890000104904175,0.272599995136261
YPL177C,YGL014W,0,-5.504754,0.20169788599014282,0.6890000104904175,0.2727000117301941
YNL309W,YER005W,0,-5.5048695,0.201638862490654,0.6890000104904175,0.2727999985218048
YPL100W,YER179W,0,-5.5052447,0.20157986879348755,0.6890000104904175,0.2728999853134155
YDR022C,YNL230C,0,-5.505318,0.2015209197998047,0.6890000104904175,0.27300000190734863
YDR337W,YLR265C,0,-5.5054984,0.20146198570728302,0.6890000104904175,0.27309998869895935
YOL051W,YER052C,0,-5.5056815,0.20140309631824493,0.6890000104904175,0.27320000529289246
YOR298C-A,YDR485C,0,-5.505682,0.20134423673152924,0.6890000104904175,0.2732999920845032
YGR007W,YCR031C,0,-5.505702,0.20128542184829712,0.6890000104904175,0.2734000086784363
YDL207W,YFR013W,0,-5.506884,0.2012266367673874,0.6890000104904175,0.273499995470047
YGL021W,YLR176C,0,-5.507449,0.20116788148880005,0.6890000104904175,0.2736000120639801
YHR188C,YML092C,0,-5.5076137,0.2011091709136963,0.6890000104904175,0.2736999988555908
YIR023W,YOL049W,0,-5.5076776,0.20105047523975372,0.6890000104904175,0.27379998564720154
YCR031C,YPR163C,0,-5.5081344,0.20099183917045593,0.6890000104904175,0.27390000224113464
YEL066W,YDR334W,0,-5.5082374,0.20093321800231934,0.6890000104904175,0.27399998903274536
YIL066C,YPR181C,0,-5.5086756,0.20087464153766632,0.6890000104904175,0.27410000562667847
YLR399C,YDR166C,0,-5.508755,0.2008160948753357,0.6890000104904175,0.2741999924182892
YDL229W,YDL201W,0,-5.5089707,0.20075757801532745,0.6890000104904175,0.2743000090122223
YPL177C,YKL038W,0,-5.5091996,0.2006990909576416,0.6890000104904175,0.274399995803833
YJR121W,YOL006C,0,-5.5092044,0.20064064860343933,0.6890000104904175,0.2745000123977661
YGR165W,YDL111C,0,-5.510137,0.20058223605155945,0.6890000104904175,0.27459999918937683
YLR238W,YDL065C,0,-5.5102396,0.20052386820316315,0.6890000104904175,0.27469998598098755
YJR121W,YMR073C,0,-5.5105586,0.20046551525592804,0.6890000104904175,0.27480000257492065
YOR157C,YDR478W,0,-5.510586,0.2004072070121765,0.6890000104904175,0.27489998936653137
YMR177W,YGL124C,0,-5.5106006,0.20034894347190857,0.6890000104904175,0.2750000059604645
YGL092W,YMR182C,0,-5.510821,0.20029069483280182,0.6890000104904175,0.2750999927520752
YNL082W,YGR024C,0,-5.5110273,0.20023249089717865,0.6890000104904175,0.2752000093460083
YIL033C,YCR061W,0,-5.511519,0.20017431676387787,0.6890000104904175,0.275299996137619
YDL056W,YDR288W,0,-5.5115952,0.20011617243289948,0.6890000104904175,0.2754000127315521
YDR060W,YHR119W,0,-5.5126777,0.20005807280540466,0.6890000104904175,0.27549999952316284
YNL041C,YLR071C,0,-5.5126815,0.20000000298023224,0.6890000104904175,0.27559998631477356
YPR031W,YNR023W,0,-5.512978,0.1999419629573822,0.6890000104904175,0.27570000290870667
YGL038C,YEL050C,0,-5.5134797,0.19988395273685455,0.6890000104904175,0.2757999897003174
YPL204W,YML052W,1,-5.513664,0.20011600852012634,0.6899999976158142,0.2757999897003174
YBR236C,YBL046W,0,-5.5139337,0.2000579833984375,0.6899999976158142,0.2759000062942505
YEL066W,YLR044C,0,-5.513946,0.20000000298023224,0.6899999976158142,0.2759999930858612
YDR320C-A,YLR032W,0,-5.51481,0.19994205236434937,0.6899999976158142,0.2761000096797943
YCR065W,YEL041W,0,-5.5149794,0.19988413155078888,0.6899999976158142,0.27619999647140503
YJL124C,YGR192C,0,-5.515228,0.19982624053955078,0.6899999976158142,0.27630001306533813
YLR399C,YDR302W,0,-5.5153737,0.19976837933063507,0.6899999976158142,0.27639999985694885
YDR272W,YGR180C,0,-5.5155206,0.19971056282520294,0.6899999976158142,0.27649998664855957
YMR150C,YNL003C,0,-5.515901,0.1996527761220932,0.6899999976158142,0.2766000032424927
YBL051C,YMR075W,0,-5.5160418,0.19959501922130585,0.6899999976158142,0.2766999900341034
YDL143W,YOL054W,0,-5.516129,0.19953730702400208,0.6899999976158142,0.2768000066280365
YOL063C,YML126C,0,-5.5162706,0.1994796246290207,0.6899999976158142,0.2768999934196472
YGR175C,YIL039W,0,-5.5164313,0.1994219720363617,0.6899999976158142,0.2770000100135803
YHR191C,YDL140C,0,-5.516558,0.19936434924602509,0.6899999976158142,0.27709999680519104
YER177W,YOR243C,0,-5.5168743,0.19930675625801086,0.6899999976158142,0.27720001339912415
YGL151W,YER005W,0,-5.5170035,0.19924920797348022,0.6899999976158142,0.27730000019073486
YDR507C,YOL102C,0,-5.5170665,0.19919168949127197,0.6899999976158142,0.2773999869823456
YLR103C,YGR014W,0,-5.5173225,0.1991342008113861,0.6899999976158142,0.2775000035762787
YLR193C,YGL098W,0,-5.51741,0.19907674193382263,0.6899999976158142,0.2775999903678894
YCR082W,YJR068W,0,-5.5175843,0.19901932775974274,0.6899999976158142,0.2777000069618225
YGR217W,YPL095C,0,-5.5177608,0.19896194338798523,0.6899999976158142,0.2777999937534332
YDR173C,YPL050C,0,-5.5178123,0.1989045888185501,0.6899999976158142,0.27790001034736633
YFR033C,YGR085C,0,-5.5178413,0.19884726405143738,0.6899999976158142,0.27799999713897705
YHR026W,YGR044C,0,-5.5179515,0.19878996908664703,0.6899999976158142,0.27810001373291016
YOR136W,YKL042W,0,-5.5183015,0.19873271882534027,0.6899999976158142,0.2782000005245209
YDL243C,YGR156W,0,-5.5185103,0.1986754983663559,0.6899999976158142,0.2782999873161316
YEL030W,YDR142C,0,-5.518513,0.1986183077096939,0.6899999976158142,0.2784000039100647
YGL113W,YMR067C,0,-5.5185986,0.1985611468553543,0.6899999976158142,0.2784999907016754
YMR060C,YLR305C,0,-5.518839,0.1985040307044983,0.6899999976158142,0.2786000072956085
YOR236W,YKL085W,0,-5.51905,0.19844694435596466,0.6899999976158142,0.27869999408721924
YDL161W,YGR241C,1,-5.5191255,0.1986774057149887,0.6909999847412109,0.27869999408721924
YMR199W,YAR008W,0,-5.5192065,0.1986202895641327,0.6909999847412109,0.27880001068115234
YBL032W,YLL022C,0,-5.5193176,0.19856321811676025,0.6909999847412109,0.27889999747276306
YMR220W,YPL087W,0,-5.51961,0.1985061764717102,0.6909999847412109,0.27900001406669617
YPL235W,YKL212W,0,-5.51963,0.19844916462898254,0.6909999847412109,0.2791000008583069
YER045C,YGL095C,0,-5.5196824,0.19839219748973846,0.6909999847412109,0.2791999876499176
YOR266W,YDR238C,0,-5.519944,0.19833524525165558,0.6909999847412109,0.2793000042438507
YJL020C,YDR181C,0,-5.520101,0.19827833771705627,0.6909999847412109,0.2793999910354614
YNL027W,YKL188C,0,-5.5201206,0.19822145998477936,0.6909999847412109,0.27950000762939453
YDL029W,YMR142C,0,-5.5202756,0.19816461205482483,0.6909999847412109,0.27959999442100525
YLR214W,YDR030C,0,-5.520784,0.1981077939271927,0.6909999847412109,0.27970001101493835
YOL110W,YGR046W,0,-5.5211015,0.19805102050304413,0.6909999847412109,0.2797999978065491
YLR328W,YLR079W,0,-5.5211024,0.19799426198005676,0.6909999847412109,0.2799000144004822
YER061C,YDR247W,0,-5.521114,0.19793754816055298,0.6909999847412109,0.2800000011920929
YPL055C,YGL106W,0,-5.521231,0.19788086414337158,0.6909999847412109,0.2800999879837036
YEL015W,YKL182W,0,-5.5213385,0.19782422482967377,0.6909999847412109,0.2802000045776367
YDR231C,YPL249C,0,-5.5213456,0.19776760041713715,0.6909999847412109,0.28029999136924744
YDL227C,YKL057C,0,-5.521728,0.1977110207080841,0.6909999847412109,0.28040000796318054
YLL013C,YMR125W,0,-5.5221105,0.19765445590019226,0.6909999847412109,0.28049999475479126
YOL049W,YLR340W,0,-5.5221124,0.197597935795784,0.6909999847412109,0.28060001134872437
YPL159C,YDR078C,0,-5.522547,0.19754144549369812,0.6909999847412109,0.2806999981403351
YMR033W,YJL186W,0,-5.522825,0.19748499989509583,0.6909999847412109,0.2808000147342682
YNR017W,YML124C,0,-5.522897,0.19742856919765472,0.6909999847412109,0.2809000015258789
YOR031W,YER074W-A,0,-5.5230155,0.1973721832036972,0.6909999847412109,0.2809999883174896
YBR068C,YGL094C,0,-5.523042,0.19731581211090088,0.6909999847412109,0.28110000491142273
YMR012W,YDL130W-A,0,-5.5231624,0.19725948572158813,0.6909999847412109,0.28119999170303345
YGR147C,YDR322C-A,0,-5.52317,0.19720318913459778,0.6909999847412109,0.28130000829696655
YHL019C,YDL161W,1,-5.5233636,0.1974322348833084,0.6919999718666077,0.28130000829696655
YBR177C,YAR018C,0,-5.523373,0.19737592339515686,0.6919999718666077,0.28139999508857727
YOR250C,YDR512C,0,-5.523772,0.1973196417093277,0.6919999718666077,0.2815000116825104
YIL046W,YNR052C,0,-5.524097,0.19726340472698212,0.6919999718666077,0.2815999984741211
YGR179C,YGL115W,0,-5.524141,0.19720718264579773,0.6919999718666077,0.2816999852657318
YDR224C,YJR160C,0,-5.5242367,0.19715099036693573,0.6919999718666077,0.2818000018596649
YIL037C,YML028W,0,-5.5243993,0.1970948427915573,0.6919999718666077,0.28189998865127563
YGR140W,YFL009W,0,-5.524427,0.19703872501850128,0.6919999718666077,0.28200000524520874
YHR072W-A,YDR260C,0,-5.524837,0.19698263704776764,0.6919999718666077,0.28209999203681946
YFR024C-A,YKL113C,0,-5.5249286,0.19692657887935638,0.6919999718666077,0.28220000863075256
YLR034C,YGR192C,0,-5.5250726,0.19687055051326752,0.6919999718666077,0.2822999954223633
YMR275C,YOR327C,1,-5.5252485,0.197098970413208,0.6930000185966492,0.2822999954223633
YDL145C,YAL033W,0,-5.525386,0.19704292714595795,0.6930000185966492,0.2824000120162964
YIR005W,YML069W,0,-5.526229,0.19698692858219147,0.6930000185966492,0.2824999988079071
YNL244C,YDR532C,0,-5.526274,0.19693094491958618,0.6930000185966492,0.2825999855995178
YER027C,YGR006W,0,-5.5263634,0.19687500596046448,0.6930000185966492,0.2827000021934509
YNL188W,YOL088C,0,-5.5263867,0.19681908190250397,0.6930000185966492,0.28279998898506165
YJL186W,YKL175W,0,-5.526591,0.19676320254802704,0.6930000185966492,0.28290000557899475
YGL045W,YHR161C,1,-5.5266337,0.1969912052154541,0.6940000057220459,0.28290000557899475
YKL179C,YDL052C,0,-5.5266976,0.19693529605865479,0.6940000057220459,0.28299999237060547
YPR046W,YNL007C,0,-5.526831,0.19687943160533905,0.6940000057220459,0.2831000089645386
YCL055W,YIL126W,0,-5.5268683,0.1968235969543457,0.6940000057220459,0.2831999957561493
YPL188W,YKL035W,0,-5.527839,0.19676779210567474,0.6940000057220459,0.2833000123500824
YPL115C,YHR091C,0,-5.528133,0.19671201705932617,0.6940000057220459,0.2833999991416931
YDL161W,YBR214W,1,-5.528346,0.1969396471977234,0.6949999928474426,0.2833999991416931
YDR039C,YDR400W,0,-5.528589,0.19688385725021362,0.6949999928474426,0.28349998593330383
YBL079W,YDR207C,0,-5.528726,0.19682809710502625,0.6949999928474426,0.28360000252723694
YDL029W,YBL061C,0,-5.5294695,0.19677236676216125,0.6949999928474426,0.28369998931884766
YDR375C,YBL061C,0,-5.5296025,0.19671666622161865,0.6949999928474426,0.28380000591278076
YAL005C,YNL246W,0,-5.5297165,0.19666101038455963,0.6949999928474426,0.2838999927043915
YKL122C,YKL175W,0,-5.5297647,0.1966053694486618,0.6949999928474426,0.2840000092983246
YOL061W,YER008C,0,-5.529781,0.19654977321624756,0.6949999928474426,0.2840999960899353
YHR072W-A,YDR079W,0,-5.5301285,0.1964942067861557,0.6949999928474426,0.2842000126838684
YER122C,YMR204C,0,-5.5311546,0.19643867015838623,0.6949999928474426,0.2842999994754791
YPL131W,YML114C,0,-5.5317225,0.19638316333293915,0.6949999928474426,0.28439998626708984
YKL113C,YKL019W,0,-5.5317664,0.19632768630981445,0.6949999928474426,0.28450000286102295
YER119C,YIL051C,0,-5.531937,0.19627223908901215,0.6949999928474426,0.28459998965263367
YKL032C,YPR054W,0,-5.532091,0.19621682167053223,0.6949999928474426,0.2847000062465668
YPL032C,YOR043W,1,-5.532208,0.19644369184970856,0.6959999799728394,0.2847000062465668
YOL115W,YOL020W,0,-5.53256,0.19638825953006744,0.6959999799728394,0.2847999930381775
YCL059C,YOR270C,0,-5.5333333,0.19633285701274872,0.6959999799728394,0.2849000096321106
YKL015W,YPL176C,0,-5.533487,0.19627749919891357,0.6959999799728394,0.2849999964237213
YHR142W,YKL054C,0,-5.5338445,0.19622215628623962,0.6959999799728394,0.2851000130176544
YHL036W,YBL105C,0,-5.533996,0.19616685807704926,0.6959999799728394,0.28519999980926514
YKL114C,YLR191W,0,-5.534436,0.19611157476902008,0.6959999799728394,0.28529998660087585
YIL117C,YKL212W,0,-5.5344977,0.1960563361644745,0.6959999799728394,0.28540000319480896
YGR163W,YGR165W,0,-5.534597,0.19600112736225128,0.6959999799728394,0.2854999899864197
YAL031C,YKL173W,0,-5.5347347,0.19594594836235046,0.6959999799728394,0.2856000065803528
YLR228C,YPR016C,0,-5.5347657,0.19589079916477203,0.6959999799728394,0.2856999933719635
YBL025W,YDR227W,0,-5.5351086,0.195835679769516,0.6959999799728394,0.2858000099658966
YPL046C,YOR159C,0,-5.5351796,0.19578059017658234,0.6959999799728394,0.2858999967575073
YDR219C,YBR221C,0,-5.535743,0.19572553038597107,0.6959999799728394,0.28600001335144043
YOR136W,YBR123C,0,-5.536021,0.19567051529884338,0.6959999799728394,0.28610000014305115
YLR098C,YFL048C,0,-5.5361867,0.1956155151128769,0.6959999799728394,0.28619998693466187
YLR295C,YOL011W,0,-5.5362678,0.1955605447292328,0.6959999799728394,0.28630000352859497
YMR235C,YOL072W,0,-5.53684,0.19550561904907227,0.6959999799728394,0.2863999903202057
YNL135C,YPR008W,0,-5.536951,0.19545072317123413,0.6959999799728394,0.2865000069141388
YLR134W,YDL130W-A,0,-5.53706,0.1953958421945572,0.6959999799728394,0.2865999937057495
YPL078C,YPR070W,0,-5.537068,0.19534100592136383,0.6959999799728394,0.2867000102996826
YLR229C,YNL093W,1,-5.537111,0.19556677341461182,0.6970000267028809,0.2867000102996826
YGL205W,YDR330W,0,-5.5376463,0.19551192224025726,0.6970000267028809,0.28679999709129333
YGL032C,YER035W,0,-5.53774,0.1954571008682251,0.6970000267028809,0.28690001368522644
YIR015W,YNL160W,0,-5.537959,0.19540229439735413,0.6970000267028809,0.28700000047683716
YOR347C,YNL090W,0,-5.5380177,0.19534753262996674,0.6970000267028809,0.2870999872684479
YCR098C,YER087C-B,0,-5.538407,0.19529280066490173,0.6970000267028809,0.287200003862381
YBR119W,YOR045W,0,-5.5384135,0.19523809850215912,0.6970000267028809,0.2872999906539917
YGR119C,YBL093C,0,-5.538505,0.1951834261417389,0.6970000267028809,0.2874000072479248
YMR240C,YLR191W,0,-5.5387635,0.19512878358364105,0.6970000267028809,0.2874999940395355
YDR331W,YJL179W,0,-5.5388327,0.1950741708278656,0.6970000267028809,0.28760001063346863
YDL008W,YNL329C,0,-5.5391746,0.19501958787441254,0.6970000267028809,0.28769999742507935
YAL010C,YDR397C,0,-5.539228,0.19496503472328186,0.6970000267028809,0.28780001401901245
YOR328W,YOR386W,0,-5.5392356,0.19491051137447357,0.6970000267028809,0.28790000081062317
YCR048W,YIL118W,0,-5.539483,0.19485601782798767,0.6970000267028809,0.2879999876022339
YGL168W,YPL154C,0,-5.539599,0.19480156898498535,0.6970000267028809,0.288100004196167
YNR032C-A,YBL058W,0,-5.5398946,0.19474713504314423,0.6970000267028809,0.2881999909877777
YNL023C,YIL098C,0,-5.539945,0.1946927309036255,0.6970000267028809,0.2883000075817108
YDR308C,YKL035W,0,-5.5399513,0.19463837146759033,0.6970000267028809,0.28839999437332153
YLR059C,YDR382W,0,-5.540068,0.19458402693271637,0.6970000267028809,0.28850001096725464
YNL169C,YCR027C,0,-5.5401077,0.194529727101326,0.6970000267028809,0.28859999775886536
YKR034W,YCR091W,0,-5.540546,0.1944754421710968,0.6970000267028809,0.28870001435279846
YOR109W,YNL154C,1,-5.5407696,0.19470013678073883,0.6980000138282776,0.28870001435279846
YDR108W,YJL074C,0,-5.5408278,0.19464585185050964,0.6980000138282776,0.2888000011444092
YDR318W,YML034W,0,-5.541267,0.19459158182144165,0.6980000138282776,0.2888999879360199
YML043C,YOR213C,0,-5.5414023,0.19453734159469604,0.6980000138282776,0.289000004529953
YDR194C,YLL004W,0,-5.541683,0.19448314607143402,0.6980000138282776,0.2890999913215637
YOR269W,YOR347C,0,-5.542069,0.1944289654493332,0.6980000138282776,0.2892000079154968
YOR250C,YMR047C,0,-5.5425763,0.19437482953071594,0.6980000138282776,0.28929999470710754
YMR184W,YOL077W-A,0,-5.543157,0.1943207085132599,0.6980000138282776,0.28940001130104065
YMR033W,YLR022C,0,-5.543266,0.19426663219928741,0.6980000138282776,0.28949999809265137
YCL010C,YHR099W,0,-5.543643,0.19421257078647614,0.6980000138282776,0.2896000146865845
YLR265C,YNL098C,0,-5.5436935,0.19415855407714844,0.6980000138282776,0.2897000014781952
YBR214W,YOR043W,1,-5.5437427,0.1943826526403427,0.6990000009536743,0.2897000014781952
YCR075C,YIL109C,0,-5.543896,0.19432860612869263,0.6990000009536743,0.2897999882698059
YNL051W,YGR180C,0,-5.5442386,0.19427460432052612,0.6990000009536743,0.289900004863739
YMR161W,YLR044C,0,-5.5442843,0.1942206174135208,0.6990000009536743,0.28999999165534973
YER044C,YNL239W,0,-5.5444574,0.1941666603088379,0.6990000009536743,0.29010000824928284
YDL083C,YDR447C,0,-5.544549,0.19411274790763855,0.6990000009536743,0.29019999504089355
YOR236W,YCR024C-A,0,-5.544662,0.1940588504076004,0.6990000009536743,0.29030001163482666
YOR326W,YLR265C,0,-5.544822,0.19400499761104584,0.6990000009536743,0.2903999984264374
YGR147C,YNL329C,0,-5.544972,0.19395115971565247,0.6990000009536743,0.2904999852180481
YGL012W,YMR015C,0,-5.5451016,0.19389736652374268,0.6990000009536743,0.2906000018119812
YPL098C,YJL076W,0,-5.5452027,0.19384358823299408,0.6990000009536743,0.2906999886035919
YDR264C,YNL293W,1,-5.5457845,0.1940670907497406,0.699999988079071,0.2906999886035919
YIL085C,YKR062W,0,-5.5458455,0.1940132975578308,0.699999988079071,0.290800005197525
YMR285C,YLR266C,0,-5.545958,0.1939595490694046,0.699999988079071,0.29089999198913574
YJL071W,YLR147C,0,-5.545989,0.1939058154821396,0.699999988079071,0.29100000858306885
YOR245C,YPL123C,0,-5.5460787,0.19385211169719696,0.699999988079071,0.29109999537467957
YNL293W,YGL045W,1,-5.5462055,0.1940753012895584,0.7009999752044678,0.29109999537467957
YLR293C,YBL033C,0,-5.5462575,0.1940215826034546,0.7009999752044678,0.29120001196861267
YIL075C,YJL138C,0,-5.5466833,0.19396790862083435,0.7009999752044678,0.2912999987602234
YMR301C,YIL115C,0,-5.547051,0.1939142495393753,0.7009999752044678,0.2913999855518341
YOL002C,YDL224C,0,-5.5471063,0.19386062026023865,0.7009999752044678,0.2915000021457672
YMR005W,YJL129C,0,-5.5472264,0.19380702078342438,0.7009999752044678,0.29159998893737793
YMR219W,YGL111W,0,-5.5473285,0.1937534511089325,0.7009999752044678,0.29170000553131104
YNL206C,YPL083C,0,-5.547963,0.193699911236763,0.7009999752044678,0.29179999232292175
YNL041C,YDL188C,0,-5.5479975,0.1936464160680771,0.7009999752044678,0.29190000891685486
YOL060C,YPR162C,0,-5.548424,0.19359293580055237,0.7009999752044678,0.2919999957084656
YHR096C,YPL123C,0,-5.5485654,0.19353948533535004,0.7009999752044678,0.2921000123023987
YOR074C,YKL152C,0,-5.5489697,0.1934860646724701,0.7009999752044678,0.2921999990940094
YPR093C,YCR067C,0,-5.5493097,0.19343267381191254,0.7009999752044678,0.2922999858856201
YDL220C,YOL072W,0,-5.549743,0.19337931275367737,0.7009999752044678,0.2924000024795532
YPL119C,YDR381W,0,-5.5501065,0.1933259814977646,0.7009999752044678,0.29249998927116394
YOR038C,YNL330C,0,-5.5504804,0.1932726800441742,0.7009999752044678,0.29260000586509705
YJL204C,YGR241C,1,-5.550607,0.1934950351715088,0.7020000219345093,0.29260000586509705
YGL195W,YPL001W,0,-5.550771,0.1934417188167572,0.7020000219345093,0.29269999265670776
YGL047W,YKR038C,0,-5.550986,0.193388432264328,0.7020000219345093,0.29280000925064087
YNL298W,YNL007C,0,-5.551022,0.1933351755142212,0.7020000219345093,0.2928999960422516
YMR138W,YGL035C,0,-5.551987,0.19328193366527557,0.7020000219345093,0.2930000126361847
YIL044C,YGL045W,1,-5.5520034,0.1935039907693863,0.703000009059906,0.2930000126361847
YGR220C,YPL159C,0,-5.5523987,0.19345074892044067,0.703000009059906,0.2930999994277954
YOL142W,YML028W,0,-5.5524383,0.19339752197265625,0.703000009059906,0.29319998621940613
YAL031C,YLR071C,0,-5.5529456,0.1933443397283554,0.703000009059906,0.29330000281333923
YLR028C,YER044C,0,-5.5531735,0.19329117238521576,0.703000009059906,0.29339998960494995
YCR020W-B,YOR209C,0,-5.5532618,0.1932380497455597,0.703000009059906,0.29350000619888306
YMR298W,YJL026W,0,-5.553708,0.19318494200706482,0.703000009059906,0.2935999929904938
YPL266W,YDR345C,0,-5.553746,0.19313186407089233,0.703000009059906,0.2937000095844269
YMR177W,YDL046W,0,-5.554253,0.19307883083820343,0.703000009059906,0.2937999963760376
YNL233W,YPL060W,0,-5.5543427,0.19302581250667572,0.703000009059906,0.2939000129699707
YFL021W,YER028C,0,-5.554753,0.1929728239774704,0.703000009059906,0.2939999997615814
YLR100W,YBL011W,0,-5.5547843,0.19291986525058746,0.703000009059906,0.29409998655319214
YGL071W,YLR314C,0,-5.5547986,0.19286693632602692,0.703000009059906,0.29420000314712524
YLR448W,YOL004W,0,-5.554923,0.19281403720378876,0.703000009059906,0.29429998993873596
YOR260W,YLL027W,0,-5.554952,0.19276116788387299,0.703000009059906,0.29440000653266907
YGL190C,YLR172C,0,-5.5549817,0.1927083283662796,0.703000009059906,0.2944999933242798
YOR326W,YBL093C,0,-5.555153,0.1926555186510086,0.703000009059906,0.2946000099182129
YBL046W,YDR369C,0,-5.555172,0.19260273873806,0.703000009059906,0.2946999967098236
YPR030W,YIL095W,1,-5.5553155,0.1928238868713379,0.7039999961853027,0.2946999967098236
YBR023C,YMR173W,0,-5.5559554,0.1927710771560669,0.7039999961853027,0.2948000133037567
YJL184W,YPL144W,0,-5.5562625,0.19271831214427948,0.7039999961853027,0.29490000009536743
YGL257C,YKL006C-A,0,-5.5563474,0.19266557693481445,0.7039999961853027,0.29499998688697815
YER038C,YPL232W,0,-5.5563607,0.19261285662651062,0.7039999961853027,0.29510000348091125
YMR276W,YPR018W,0,-5.556549,0.19256018102169037,0.7039999961853027,0.295199990272522
YJL031C,YPL001W,0,-5.5567117,0.1925075203180313,0.7039999961853027,0.2953000068664551
YNL172W,YMR041C,0,-5.5567904,0.19245488941669464,0.7039999961853027,0.2953999936580658
YIL098C,YIL052C,0,-5.5570855,0.19240228831768036,0.7039999961853027,0.2955000102519989
YER109C,YOR099W,0,-5.557129,0.19234973192214966,0.7039999961853027,0.2955999970436096
YGL168W,YBL004W,0,-5.557605,0.19229719042778015,0.7039999961853027,0.2957000136375427
YNL088W,YJR066W,0,-5.5579934,0.19224467873573303,0.7039999961853027,0.29580000042915344
YJL121C,YDR077W,0,-5.558162,0.1921921968460083,0.7039999961853027,0.29589998722076416
YNL084C,YLR396C,1,-5.55827,0.19241265952587128,0.7049999833106995,0.29589998722076416
YDR039C,YJL041W,0,-5.5582905,0.19236016273498535,0.7049999833106995,0.29600000381469727
YAL035W,YLR347C,0,-5.558408,0.19230769574642181,0.7049999833106995,0.296099990606308
YNL327W,YDL147W,0,-5.5584683,0.19225524365901947,0.7049999833106995,0.2962000072002411
YGR003W,YLL003W,0,-5.558664,0.1922028362751007,0.7049999833106995,0.2962999939918518
YBR043C,YJL054W,0,-5.5587263,0.19215044379234314,0.7049999833106995,0.2964000105857849
YBL056W,YCR027C,0,-5.5587792,0.19209809601306915,0.7049999833106995,0.29649999737739563
YKL004W,YNL186W,0,-5.5588217,0.19204576313495636,0.7049999833106995,0.29660001397132874
YBR121C,YLR130C,0,-5.5588346,0.19199346005916595,0.7049999833106995,0.29670000076293945
YBL016W,YKL038W,0,-5.558905,0.19194118678569794,0.7049999833106995,0.29679998755455017
YPL271W,YJR042W,0,-5.559018,0.1918889433145523,0.7049999833106995,0.2969000041484833
YHR123W,YPL006W,0,-5.55915,0.19183672964572906,0.7049999833106995,0.296999990940094
YJR065C,YFR034C,0,-5.559251,0.1917845457792282,0.7049999833106995,0.2971000075340271
YKL026C,YDR359C,0,-5.5597024,0.19173239171504974,0.7049999833106995,0.2971999943256378
YIL097W,YKR042W,0,-5.560668,0.19168026745319366,0.7049999833106995,0.2973000109195709
YML091C,YOR129C,0,-5.560722,0.19162815809249878,0.7049999833106995,0.29739999771118164
YKL059C,YMR030W,0,-5.5608735,0.19157609343528748,0.7049999833106995,0.29750001430511475
YAR008W,YPL234C,0,-5.5609,0.19152404367923737,0.7049999833106995,0.29760000109672546
YIL048W,YKR001C,1,-5.561178,0.1917436122894287,0.7059999704360962,0.29760000109672546
YPL200W,YAL031C,0,-5.561255,0.1916915625333786,0.7059999704360962,0.2976999878883362
YML049C,YNL273W,0,-5.5615735,0.19163952767848969,0.7059999704360962,0.2978000044822693
YKL170W,YIL023C,0,-5.561645,0.19158752262592316,0.7059999704360962,0.29789999127388
YLR342W,YDR388W,1,-5.561792,0.1918068379163742,0.7070000171661377,0.29789999127388
YPL050C,YGL095C,0,-5.5621233,0.19175481796264648,0.7070000171661377,0.2980000078678131
YNL243W,YNL093W,1,-5.5622287,0.1919739693403244,0.7080000042915344,0.2980000078678131
YGL209W,YOR047C,0,-5.5630245,0.19192193448543549,0.7080000042915344,0.29809999465942383
YPR191W,YNL302C,0,-5.5635104,0.19186991453170776,0.7080000042915344,0.29820001125335693
YOR094W,YPL145C,1,-5.563681,0.19208887219429016,0.7089999914169312,0.29820001125335693
YOR067C,YOR182C,0,-5.5638247,0.19203683733940125,0.7089999914169312,0.29829999804496765
YPL231W,YFR034C,0,-5.564056,0.19198483228683472,0.7089999914169312,0.29840001463890076
YLR270W,YLR466W,0,-5.5641427,0.19193285703659058,0.7089999914169312,0.2985000014305115
YLR078C,YLR048W,0,-5.564289,0.19188092648983002,0.7089999914169312,0.2985999882221222
YHR165C,YLR369W,0,-5.564329,0.19182901084423065,0.7089999914169312,0.2987000048160553
YGL073W,YKL196C,0,-5.5643325,0.19177711009979248,0.7089999914169312,0.298799991607666
YPR110C,YHR030C,0,-5.5648904,0.1917252540588379,0.7089999914169312,0.2989000082015991
YPL112C,YOR230W,0,-5.564924,0.1916734278202057,0.7089999914169312,0.29899999499320984
YGL105W,YPR093C,0,-5.5649705,0.19162161648273468,0.7089999914169312,0.29910001158714294
YCL014W,YOR160W,0,-5.5657973,0.19156984984874725,0.7089999914169312,0.29919999837875366
YGL194C,YDR386W,0,-5.565862,0.19151809811592102,0.7089999914169312,0.2992999851703644
YOL090W,YMR060C,0,-5.565884,0.19146637618541718,0.7089999914169312,0.2994000017642975
YNL080C,YNL014W,0,-5.5663657,0.19141468405723572,0.7089999914169312,0.2994999885559082
YGL222C,YLR438C-A,0,-5.5664043,0.19136302173137665,0.7089999914169312,0.2996000051498413
YGL001C,YLR292C,0,-5.5664487,0.19131138920783997,0.7089999914169312,0.299699991941452
YDR284C,YMR129W,0,-5.5665636,0.19125977158546448,0.7089999914169312,0.29980000853538513
YGL247W,YDR477W,0,-5.5667105,0.19120819866657257,0.7089999914169312,0.29989999532699585
YFL048C,YLL024C,0,-5.5667186,0.19115664064884186,0.7089999914169312,0.30000001192092896
YPR132W,YKR101W,0,-5.566834,0.19110512733459473,0.7089999914169312,0.3000999987125397
YBR161W,YDR243C,0,-5.5668483,0.1910536289215088,0.7089999914169312,0.3001999855041504
YDR235W,YGR229C,0,-5.5668683,0.19100216031074524,0.7089999914169312,0.3003000020980835
YNL064C,YOR003W,0,-5.566914,0.19095070660114288,0.7089999914169312,0.3003999888896942
YEL036C,YML019W,0,-5.567394,0.1908992975950241,0.7089999914169312,0.3005000054836273
YDR276C,YDR463W,0,-5.5675807,0.19084791839122772,0.7089999914169312,0.30059999227523804
YOR185C,YDR487C,0,-5.567681,0.19079655408859253,0.7089999914169312,0.30070000886917114
YDR005C,YGR180C,0,-5.567819,0.19074521958827972,0.7089999914169312,0.30079999566078186
YBL032W,YMR216C,0,-5.567853,0.1906939148902893,0.7089999914169312,0.30090001225471497
YER045C,YNR052C,0,-5.567853,0.19064263999462128,0.7089999914169312,0.3009999990463257
YDL137W,YNL107W,0,-5.568357,0.19059139490127563,0.7089999914169312,0.3010999858379364
YDR205W,YOR269W,0,-5.568625,0.19054017961025238,0.7089999914169312,0.3012000024318695
YPL259C,YLR383W,0,-5.5688987,0.19048897922039032,0.7089999914169312,0.3012999892234802
YFR041C,YER129W,0,-5.569042,0.19043782353401184,0.7089999914169312,0.30140000581741333
YOR349W,YGR020C,0,-5.569075,0.19038668274879456,0.7089999914169312,0.30149999260902405
YGL223C,YGR098C,0,-5.5694733,0.19033557176589966,0.7089999914169312,0.30160000920295715
YDR448W,YGR252W,0,-5.5697627,0.19028449058532715,0.7089999914169312,0.30169999599456787
YCL067C,YGR056W,0,-5.569982,0.19023342430591583,0.7089999914169312,0.301800012588501
YKL185W,YGL012W,0,-5.5700183,0.1901824027299881,0.7089999914169312,0.3018999993801117
YDR309C,YDR280W,0,-5.570042,0.19013139605522156,0.7089999914169312,0.3019999861717224
YFR013W,YDL064W,0,-5.5703597,0.1900804340839386,0.7089999914169312,0.3021000027656555
YPL244C,YGR070W,0,-5.5704,0.19002948701381683,0.7089999914169312,0.30219998955726624
YBR073W,YOR007C,0,-5.570788,0.18997856974601746,0.7089999914169312,0.30230000615119934
YDR141C,YJR104C,0,-5.570865,0.18992766737937927,0.7089999914169312,0.30239999294281006
YNL027W,YFR009W,0,-5.570953,0.18987680971622467,0.7089999914169312,0.30250000953674316
YMR204C,YBR073W,0,-5.5710254,0.18982596695423126,0.7089999914169312,0.3025999963283539
YGL195W,YOL011W,0,-5.5711017,0.18977515399456024,0.7089999914169312,0.302700012922287
YKL005C,YMR077C,0,-5.571111,0.1897243708372116,0.7089999914169312,0.3027999997138977
YBR103W,YLR385C,0,-5.571171,0.18967361748218536,0.7089999914169312,0.3028999865055084
YLR228C,YFR048W,0,-5.571341,0.1896228939294815,0.7089999914169312,0.30300000309944153
YDR163W,YLR385C,0,-5.571363,0.18957218527793884,0.7089999914169312,0.30309998989105225
YPL097W,YPR182W,0,-5.5713897,0.18952152132987976,0.7089999914169312,0.30320000648498535
YDL226C,YNL236W,0,-5.571703,0.18947087228298187,0.7089999914169312,0.30329999327659607
YDL226C,YLL003W,0,-5.5718403,0.18942025303840637,0.7089999914169312,0.3034000098705292
YMR163C,YJL183W,0,-5.571841,0.18936966359615326,0.7089999914169312,0.3034999966621399
YIL125W,YER100W,0,-5.572217,0.18931908905506134,0.7089999914169312,0.303600013256073
YER157W,YDR198C,0,-5.5724454,0.189268559217453,0.7089999914169312,0.3037000000476837
YGL071W,YOR241W,0,-5.572558,0.18921804428100586,0.7089999914169312,0.30379998683929443
YML049C,YDR363W-A,0,-5.5725856,0.1891675591468811,0.7089999914169312,0.30390000343322754
YML071C,YDR207C,0,-5.5726504,0.18911710381507874,0.7089999914169312,0.30399999022483826
YGL021W,YAL034W-A,0,-5.5727153,0.18906666338443756,0.7089999914169312,0.30410000681877136
YDL017W,YOL051W,0,-5.572767,0.18901626765727997,0.7089999914169312,0.3041999936103821
YOL049W,YDR225W,0,-5.5729465,0.18896588683128357,0.7089999914169312,0.3043000102043152
YPL097W,YPR002W,0,-5.5730047,0.18891553580760956,0.7089999914169312,0.3043999969959259
YMR220W,YKL176C,0,-5.573623,0.18886521458625793,0.7089999914169312,0.304500013589859
YAL051W,YNL139C,0,-5.573665,0.1888149082660675,0.7089999914169312,0.3046000003814697
YNR033W,YBR293W,0,-5.5737185,0.18876464664936066,0.7089999914169312,0.30469998717308044
YOL149W,YER053C,0,-5.573837,0.188714399933815,0.7089999914169312,0.30480000376701355
YMR150C,YOL054W,0,-5.5739427,0.18866418302059174,0.7089999914169312,0.30489999055862427
YHL019C,YCR008W,1,-5.5739617,0.18888002634048462,0.7099999785423279,0.30489999055862427
YMR213W,YDL138W,0,-5.5742335,0.18882979452610016,0.7099999785423279,0.3050000071525574
YDR173C,YCR067C,0,-5.5743337,0.1887795776128769,0.7099999785423279,0.3050999939441681
YKL005C,YOR127W,0,-5.5744433,0.1887294054031372,0.7099999785423279,0.3052000105381012
YLR096W,YDR322C-A,0,-5.574598,0.18867924809455872,0.7099999785423279,0.3052999973297119
YPR083W,YNL330C,0,-5.5748873,0.1886291205883026,0.7099999785423279,0.305400013923645
YDR251W,YNL290W,0,-5.575393,0.1885790228843689,0.7099999785423279,0.30550000071525574
YJL184W,YGR274C,0,-5.5759897,0.18852894008159637,0.7099999785423279,0.30559998750686646
YNL293W,YKR003W,1,-5.5761895,0.18874436616897583,0.7110000252723694,0.30559998750686646
YOR030W,YGR098C,0,-5.5766253,0.18869426846504211,0.7110000252723694,0.30570000410079956
YAL015C,YGL008C,0,-5.576664,0.1886442005634308,0.7110000252723694,0.3057999908924103
YPL188W,YMR263W,0,-5.5766697,0.18859416246414185,0.7110000252723694,0.3059000074863434
YBR161W,YDR545W,0,-5.5766826,0.1885441541671753,0.7110000252723694,0.3059999942779541
YDR388W,YML052W,1,-5.576878,0.18875928223133087,0.7120000123977661,0.3059999942779541
YDL142C,YHL006C,0,-5.5769124,0.18870924413204193,0.7120000123977661,0.3061000108718872
YFR028C,YBR265W,0,-5.577083,0.18865925073623657,0.7120000123977661,0.3061999976634979
YGL254W,YNL026W,0,-5.577143,0.1886092722415924,0.7120000123977661,0.30630001425743103
YAL013W,YCR033W,0,-5.577396,0.18855932354927063,0.7120000123977661,0.30640000104904175
YGR157W,YDR372C,0,-5.577465,0.18850940465927124,0.7120000123977661,0.30649998784065247
YGR078C,YLR208W,0,-5.5776324,0.18845950067043304,0.7120000123977661,0.30660000443458557
YGL181W,YGL045W,1,-5.5776906,0.18867425620555878,0.7129999995231628,0.30660000443458557
YKL179C,YGL144C,0,-5.5778146,0.1886243373155594,0.7129999995231628,0.3066999912261963
YLR129W,YBR218C,0,-5.5778823,0.18857444822788239,0.7129999995231628,0.3068000078201294
YDR265W,YOL061W,0,-5.578073,0.18852458894252777,0.7129999995231628,0.3068999946117401
YPL244C,YNL090W,0,-5.5781856,0.18847475945949554,0.7129999995231628,0.3070000112056732
YLR145W,YJL140W,0,-5.578534,0.1884249448776245,0.7129999995231628,0.30709999799728394
YMR198W,YGL233W,0,-5.5785594,0.18837516009807587,0.7129999995231628,0.30720001459121704
YLR238W,YBR004C,0,-5.578628,0.1883254051208496,0.7129999995231628,0.30730000138282776
YPR021C,YGL136C,0,-5.578694,0.18827567994594574,0.7129999995231628,0.3073999881744385
YPR113W,YLR105C,0,-5.578728,0.18822596967220306,0.7129999995231628,0.3075000047683716
YBL015W,YML099C,0,-5.5789776,0.18817630410194397,0.7129999995231628,0.3075999915599823
YML078W,YLR048W,0,-5.5790157,0.18812665343284607,0.7129999995231628,0.3077000081539154
YEL018W,YPR005C,0,-5.579087,0.18807701766490936,0.7129999995231628,0.3077999949455261
YER146W,YLR378C,0,-5.579373,0.18802742660045624,0.7129999995231628,0.30790001153945923
YKL213C,YER065C,0,-5.579405,0.1879778504371643,0.7129999995231628,0.30799999833106995
YNL027W,YER112W,0,-5.579557,0.18792830407619476,0.7129999995231628,0.30809998512268066
YOR038C,YIL112W,0,-5.579836,0.1878787875175476,0.7129999995231628,0.30820000171661377
YJL170C,YFR024C-A,0,-5.580158,0.18782930076122284,0.7129999995231628,0.3082999885082245
YJR119C,YIL038C,0,-5.5804515,0.18777982890605927,0.7129999995231628,0.3084000051021576
YLR448W,YOR259C,0,-5.580524,0.18773038685321808,0.7129999995231628,0.3084999918937683
YCR026C,YGR239C,0,-5.580622,0.18768097460269928,0.7129999995231628,0.3086000084877014
YER103W,YBL088C,0,-5.58085,0.18763157725334167,0.7129999995231628,0.30869999527931213
YBL093C,YGL244W,0,-5.5809603,0.18758220970630646,0.7129999995231628,0.30880001187324524
YGL238W,YDR331W,0,-5.5816507,0.18753287196159363,0.7129999995231628,0.30889999866485596
YNL038W,YBL105C,0,-5.582009,0.18748356401920319,0.7129999995231628,0.3089999854564667
YPL119C,YJR158W,0,-5.5820665,0.18743428587913513,0.7129999995231628,0.3091000020503998
YGL049C,YLR386W,0,-5.5823617,0.18738502264022827,0.7129999995231628,0.3091999888420105
YOR067C,YNR003C,0,-5.5823994,0.1873357892036438,0.7129999995231628,0.3093000054359436
YNR019W,YGR165W,0,-5.58262,0.18728657066822052,0.7129999995231628,0.3093999922275543
YHR073W,YBL007C,1,-5.5830216,0.1875,0.7139999866485596,0.3093999922275543
YBL019W,YDL130W-A,0,-5.583184,0.18745078146457672,0.7139999866485596,0.3095000088214874
YDL036C,YJL054W,0,-5.5837703,0.18740157783031464,0.7139999866485596,0.30959999561309814
YER040W,YJL134W,0,-5.583821,0.18735240399837494,0.7139999866485596,0.30970001220703125
YIL013C,YDR477W,0,-5.5840535,0.18730325996875763,0.7139999866485596,0.30979999899864197
YNL231C,YIL023C,0,-5.5841017,0.1872541308403015,0.7139999866485596,0.3098999857902527
YLR226W,YER129W,0,-5.5841126,0.18720503151416779,0.7139999866485596,0.3100000023841858
YGL092W,YDL007W,0,-5.584416,0.18715596199035645,0.7139999866485596,0.3100999891757965
YGR037C,YIL084C,0,-5.5844946,0.1871069222688675,0.7139999866485596,0.3102000057697296
YKR003W,YIL095W,1,-5.5846405,0.18731988966464996,0.7149999737739563,0.3102000057697296
YLR144C,YGR003W,0,-5.5847955,0.18727082014083862,0.7149999737739563,0.31029999256134033
YPR201W,YJR077C,0,-5.584972,0.18722178041934967,0.7149999737739563,0.31040000915527344
YGR047C,YDR400W,0,-5.5850105,0.1871727705001831,0.7149999737739563,0.31049999594688416
YLR284C,YNL080C,0,-5.5852504,0.18712379038333893,0.7149999737739563,0.31060001254081726
YOR056C,YGR279C,0,-5.585297,0.18707482516765594,0.7149999737739563,0.310699999332428
YGL256W,YMR173W,0,-5.5855436,0.18702588975429535,0.7149999737739563,0.3107999861240387
YLR231C,YLR254C,0,-5.585702,0.18697698414325714,0.7149999737739563,0.3109000027179718
YDL035C,YBR095C,0,-5.5857987,0.18692810833454132,0.7149999737739563,0.3109999895095825
YCL059C,YFR033C,0,-5.586244,0.1868792474269867,0.7149999737739563,0.3111000061035156
YBL105C,YBR258C,0,-5.586252,0.18683041632175446,0.7149999737739563,0.31119999289512634
YMR127C,YIL030C,0,-5.586271,0.1867816150188446,0.7149999737739563,0.31130000948905945
YDR062W,YPL164C,0,-5.5865617,0.18673282861709595,0.7149999737739563,0.31139999628067017
YGL180W,YML046W,0,-5.586592,0.18668407201766968,0.7149999737739563,0.31150001287460327
YMR231W,YOL122C,0,-5.5866427,0.1866353452205658,0.7149999737739563,0.311599999666214
YJR143C,YGR296W,0,-5.5868034,0.1865866333246231,0.7149999737739563,0.3116999864578247
YDR085C,YNL129W,0,-5.5868354,0.186537966132164,0.7149999737739563,0.3118000030517578
YGL208W,YDR545W,0,-5.58748,0.1864892989397049,0.7149999737739563,0.31189998984336853
YCR024C-A,YLR066W,0,-5.5882754,0.18644067645072937,0.7149999737739563,0.31200000643730164
YOR061W,YOL143C,0,-5.5882945,0.18639206886291504,0.7149999737739563,0.31209999322891235
YBL009W,YDR372C,0,-5.5885005,0.1863434910774231,0.7149999737739563,0.31220000982284546
YDL052C,YDR310C,0,-5.5885043,0.18629494309425354,0.7149999737739563,0.3122999966144562
YLR215C,YOR236W,0,-5.588583,0.18624642491340637,0.7149999737739563,0.3124000132083893
YDR069C,YAL026C,1,-5.588617,0.18645833432674408,0.7160000205039978,0.3124000132083893
YLR167W,YCL033C,0,-5.588796,0.18640978634357452,0.7160000205039978,0.3125
YKL089W,YDR359C,0,-5.5888715,0.18636126816272736,0.7160000205039978,0.3125999867916107
YOL090W,YFL038C,0,-5.5891795,0.18631277978420258,0.7160000205039978,0.3127000033855438
YJL074C,YHR039C-A,0,-5.5894666,0.186264306306839,0.7160000205039978,0.31279999017715454
YOR094W,YDL019C,1,-5.5898013,0.1864759474992752,0.7170000076293945,0.31279999017715454
YBL005W,YNL330C,0,-5.5899825,0.18642745912075043,0.7170000076293945,0.31290000677108765
YGL071W,YBL040C,0,-5.5906453,0.18637900054454803,0.7170000076293945,0.31299999356269836
YPR132W,YPL193W,0,-5.590664,0.18633055686950684,0.7170000076293945,0.31310001015663147
YDR205W,YGR186W,0,-5.590693,0.18628215789794922,0.7170000076293945,0.3131999969482422
YDL145C,YKL026C,0,-5.5906987,0.1862337589263916,0.7170000076293945,0.3133000135421753
YCR065W,YMR188C,0,-5.590843,0.18618540465831757,0.7170000076293945,0.313400000333786
YFL045C,YDR212W,0,-5.5909796,0.18613706529140472,0.7170000076293945,0.31349998712539673
YGL238W,YER029C,0,-5.590996,0.18608875572681427,0.7170000076293945,0.31360000371932983
YMR316W,YGL092W,0,-5.5910783,0.1860404759645462,0.7170000076293945,0.31369999051094055
YDR073W,YNL160W,0,-5.5911517,0.18599221110343933,0.7170000076293945,0.31380000710487366
YIL117C,YKR055W,0,-5.591414,0.18594397604465485,0.7170000076293945,0.3138999938964844
YHR200W,YOR129C,0,-5.5920653,0.18589577078819275,0.7170000076293945,0.3140000104904175
YFR046C,YOR245C,0,-5.5923595,0.18584759533405304,0.7170000076293945,0.3140999972820282
YLR285W,YDL095W,0,-5.592679,0.18579943478107452,0.7170000076293945,0.3142000138759613
YLR059C,YNL222W,0,-5.5927024,0.1857512891292572,0.7170000076293945,0.314300000667572
YKL045W,YIL023C,0,-5.59272,0.18570318818092346,0.7170000076293945,0.31439998745918274
YAL055W,YGR047C,0,-5.5927234,0.18565510213375092,0.7170000076293945,0.31450000405311584
YEL027W,YAR042W,1,-5.5929017,0.18586590886116028,0.7179999947547913,0.31450000405311584
YFR040W,YDR328C,0,-5.5929923,0.18581780791282654,0.7179999947547913,0.31459999084472656
YLR382C,YOR275C,0,-5.5930247,0.185769721865654,0.7179999947547913,0.31470000743865967
YOR355W,YDR359C,0,-5.5930877,0.18572168052196503,0.7179999947547913,0.3147999942302704
YDR181C,YOR045W,0,-5.593179,0.18567365407943726,0.7179999947547913,0.3149000108242035
YKL054C,YPL065W,0,-5.593374,0.18562564253807068,0.7179999947547913,0.3149999976158142
YNL188W,YOL148C,0,-5.5934873,0.18557767570018768,0.7179999947547913,0.3151000142097473
YOR334W,YPL094C,0,-5.593499,0.1855297088623047,0.7179999947547913,0.31520000100135803
YDR228C,YIL039W,0,-5.593838,0.18548178672790527,0.7179999947547913,0.31529998779296875
YLL042C,YOL060C,0,-5.5940294,0.18543387949466705,0.7179999947547913,0.31540000438690186
YDR335W,YGL053W,0,-5.594052,0.18538600206375122,0.7179999947547913,0.3154999911785126
YIL095W,YNL093W,1,-5.594063,0.1855962872505188,0.718999981880188,0.3154999911785126
YMR116C,YNL310C,0,-5.59413,0.18554838001728058,0.718999981880188,0.3156000077724457
YBR129C,YPR132W,0,-5.594159,0.18550051748752594,0.718999981880188,0.3156999945640564
YNL127W,YDR243C,0,-5.5942626,0.1854526698589325,0.718999981880188,0.3158000111579895
YDL105W,YER093C,0,-5.5949807,0.18540485203266144,0.718999981880188,0.3158999979496002
YEL054C,YGL137W,0,-5.595028,0.18535704910755157,0.718999981880188,0.3160000145435333
YOR151C,YCR042C,0,-5.5951552,0.1853092759847641,0.718999981880188,0.31610000133514404
YPR080W,YER049W,0,-5.595242,0.185261532664299,0.718999981880188,0.31619998812675476
YNL201C,YGL227W,0,-5.595306,0.18521380424499512,0.718999981880188,0.31630000472068787
YOR008C,YNL093W,1,-5.595739,0.18542364239692688,0.7200000286102295,0.31630000472068787
YLR155C,YMR313C,0,-5.59581,0.1853758990764618,0.7200000286102295,0.3163999915122986
YKL054C,YEL065W,0,-5.596248,0.1853281855583191,0.7200000286102295,0.3165000081062317
YDR386W,YBR198C,0,-5.596557,0.18528048694133759,0.7200000286102295,0.3165999948978424
YDL178W,YOR036W,0,-5.596728,0.18523283302783966,0.7200000286102295,0.3167000114917755
YKR085C,YLR138W,0,-5.5968914,0.18518517911434174,0.7200000286102295,0.31679999828338623
YER008C,YPL210C,0,-5.596992,0.1851375699043274,0.7200000286102295,0.31690001487731934
YMR029C,YKL051W,0,-5.5970206,0.18508997559547424,0.7200000286102295,0.31700000166893005
YIL026C,YCL055W,0,-5.5971165,0.18504241108894348,0.7200000286102295,0.31709998846054077
YNL007C,YOL034W,0,-5.597382,0.1849948614835739,0.7200000286102295,0.3172000050544739
YGL142C,YML114C,0,-5.597675,0.18494734168052673,0.7200000286102295,0.3172999918460846
YJL167W,YIL076W,0,-5.5985007,0.18489985167980194,0.7200000286102295,0.3174000084400177
YDR137W,YBR172C,0,-5.5985117,0.18485237658023834,0.7200000286102295,0.3174999952316284
YOR209C,YCR067C,0,-5.598623,0.18480493128299713,0.7200000286102295,0.3176000118255615
YJR105W,YDL195W,0,-5.598724,0.18475750088691711,0.7200000286102295,0.31769999861717224
YKL004W,YGR200C,0,-5.598854,0.18471011519432068,0.7200000286102295,0.31779998540878296
YMR075W,YJL045W,0,-5.59915,0.18466272950172424,0.7200000286102295,0.31790000200271606
YEL027W,YNL297C,1,-5.5993195,0.18487179279327393,0.7210000157356262,0.31790000200271606
YOR316C,YLR060W,0,-5.5995283,0.1848244071006775,0.7210000157356262,0.3179999887943268
YFL031W,YOR036W,0,-5.599731,0.18477703630924225,0.7210000157356262,0.3181000053882599
YNL232W,YER162C,0,-5.5997653,0.1847296953201294,0.7210000157356262,0.3181999921798706
YPR144C,YML085C,0,-5.5999875,0.18468238413333893,0.7210000157356262,0.3183000087738037
YOR236W,YPL106C,0,-5.600179,0.18463508784770966,0.7210000157356262,0.31839999556541443
YPR067W,YNL003C,0,-5.6002707,0.18458780646324158,0.7210000157356262,0.31850001215934753
YLR006C,YPL065W,0,-5.60042,0.18454056978225708,0.7210000157356262,0.31859999895095825
YML099C,YML059C,0,-5.600536,0.18449334800243378,0.7210000157356262,0.31869998574256897
YBL105C,YPR080W,0,-5.600555,0.18444615602493286,0.7210000157356262,0.3188000023365021
YGR116W,YCL063W,0,-5.600656,0.18439897894859314,0.7210000157356262,0.3188999891281128
YJR105W,YNL133C,0,-5.6007066,0.1843518316745758,0.7210000157356262,0.3190000057220459
YJL122W,YBR127C,0,-5.600716,0.18430469930171967,0.7210000157356262,0.3190999925136566
YGR057C,YJL053W,0,-5.600944,0.1842575967311859,0.7210000157356262,0.3192000091075897
YJL036W,YGL243W,0,-5.60154,0.18421052396297455,0.7210000157356262,0.31929999589920044
YGR020C,YMR089C,0,-5.601587,0.18416348099708557,0.7210000157356262,0.31940001249313354
YEL018W,YKR038C,0,-5.6018643,0.1841164380311966,0.7210000157356262,0.31949999928474426
YPL100W,YBR020W,0,-5.6021805,0.1840694397687912,0.7210000157356262,0.319599986076355
YIL036W,YEL066W,0,-5.6025434,0.184022456407547,0.7210000157356262,0.3197000026702881
YOL042W,YFR005C,0,-5.603047,0.18397550284862518,0.7210000157356262,0.3197999894618988
YDR503C,YJR068W,0,-5.6033063,0.18392856419086456,0.7210000157356262,0.3199000060558319
YGL122C,YOR230W,0,-5.604705,0.18388167023658752,0.7210000157356262,0.3199999928474426
YDL175C,YGL155W,0,-5.604977,0.18383477628231049,0.7210000157356262,0.32010000944137573
YPR189W,YKR042W,0,-5.605594,0.18378791213035583,0.7210000157356262,0.32019999623298645
YPL022W,YBR095C,0,-5.605631,0.18374107778072357,0.7210000157356262,0.32030001282691956
YGR086C,YLR371W,1,-5.605658,0.1839490383863449,0.722000002861023,0.32030001282691956
YEL034W,YIL147C,0,-5.6060333,0.18390218913555145,0.722000002861023,0.3203999996185303
YMR314W,YJR156C,0,-5.60606,0.1838553547859192,0.722000002861023,0.320499986410141
YLR007W,YJL089W,0,-5.606473,0.18380855023860931,0.722000002861023,0.3206000030040741
YFL022C,YPL122C,0,-5.606747,0.18376177549362183,0.722000002861023,0.3206999897956848
YCL010C,YPL138C,0,-5.606793,0.18371501564979553,0.722000002861023,0.3208000063896179
YJL102W,YDR162C,0,-5.6068826,0.18366827070713043,0.722000002861023,0.32089999318122864
YDL065C,YLR340W,0,-5.60722,0.1836215704679489,0.722000002861023,0.32100000977516174
YGR086C,YOR327C,1,-5.6072702,0.1838291436433792,0.7229999899864197,0.32100000977516174
YBR286W,YDL043C,0,-5.6072984,0.1837824136018753,0.7229999899864197,0.32109999656677246
YNL148C,YNL329C,0,-5.6073713,0.1837356984615326,0.7229999899864197,0.32120001316070557
YMR276W,YOR084W,0,-5.607653,0.18368902802467346,0.7229999899864197,0.3212999999523163
YNL230C,YBR035C,0,-5.6077447,0.18364237248897552,0.7229999899864197,0.321399986743927
YDR393W,YCR060W,0,-5.608128,0.18359573185443878,0.7229999899864197,0.3215000033378601
YCR084C,YGL098W,0,-5.6081614,0.18354912102222443,0.7229999899864197,0.3215999901294708
YPR128C,YIL026C,0,-5.608234,0.18350253999233246,0.7229999899864197,0.32170000672340393
YKL017C,YJL108C,0,-5.608379,0.18345597386360168,0.7229999899864197,0.32179999351501465
YHR129C,YHR116W,0,-5.6086,0.1834094375371933,0.7229999899864197,0.32190001010894775
YNR035C,YLR242C,1,-5.6092515,0.1836165338754654,0.7239999771118164,0.32190001010894775
YKL004W,YGR118W,0,-5.609456,0.1835699826478958,0.7239999771118164,0.32199999690055847
YNL097C,YLR385C,0,-5.609532,0.18352344632148743,0.7239999771118164,0.3221000134944916
YPL050C,YGL100W,0,-5.609651,0.18347693979740143,0.7239999771118164,0.3222000002861023
YML077W,YOR216C,0,-5.609731,0.18343044817447662,0.7239999771118164,0.322299987077713
YPL015C,YHR039C-A,0,-5.6100373,0.1833839863538742,0.7239999771118164,0.3224000036716461
YGR180C,YNL047C,0,-5.6101723,0.18333755433559418,0.7239999771118164,0.32249999046325684
YDL231C,YMR275C,1,-5.6102033,0.1835443079471588,0.7250000238418579,0.32249999046325684
YBL014C,YOR027W,0,-5.6113,0.1834978461265564,0.7250000238418579,0.32260000705718994
YNL015W,YGR072W,0,-5.6113076,0.18345141410827637,0.7250000238418579,0.32269999384880066
YDR138W,YMR197C,0,-5.6113505,0.18340501189231873,0.7250000238418579,0.32280001044273376
YMR309C,YML025C,0,-5.611568,0.18335862457752228,0.7250000238418579,0.3228999972343445
YNR032C-A,YDL051W,0,-5.611749,0.18331226706504822,0.7250000238418579,0.3230000138282776
YDR123C,YLR262C,0,-5.6122823,0.18326592445373535,0.7250000238418579,0.3231000006198883
YNL129W,YOR266W,0,-5.612577,0.18321961164474487,0.7250000238418579,0.323199987411499
YBL026W,YDR400W,0,-5.612815,0.1831733137369156,0.7250000238418579,0.32330000400543213
YPR113W,YML046W,0,-5.6136317,0.1831270456314087,0.7250000238418579,0.32339999079704285
YKL020C,YGL212W,0,-5.614203,0.18308080732822418,0.7250000238418579,0.32350000739097595
YPL181W,YJL072C,0,-5.614755,0.18303458392620087,0.7250000238418579,0.32359999418258667
YIL117C,YGR080W,0,-5.61482,0.18298839032649994,0.7250000238418579,0.3237000107765198
YDR379W,YDR389W,0,-5.6154265,0.1829422116279602,0.7250000238418579,0.3237999975681305
YJL138C,YJR044C,0,-5.6159225,0.18289606273174286,0.7250000238418579,0.3239000141620636
YGR147C,YHR050W,0,-5.6164603,0.1828499436378479,0.7250000238418579,0.3240000009536743
YMR240C,YKL173W,0,-5.616754,0.18280383944511414,0.7250000238418579,0.32409998774528503
YLR256W,YPR161C,0,-5.6168294,0.18275775015354156,0.7250000238418579,0.32420000433921814
YBR065C,YNL164C,0,-5.6170154,0.18271169066429138,0.7250000238418579,0.32429999113082886
YNL331C,YKR035W-A,0,-5.617026,0.1826656609773636,0.7250000238418579,0.32440000772476196
YPL242C,YDR488C,0,-5.6172614,0.18261964619159698,0.7250000238418579,0.3244999945163727
YOR250C,YDR416W,0,-5.617948,0.18257366120815277,0.7250000238418579,0.3246000111103058
YDL078C,YOL045W,0,-5.617972,0.18252769112586975,0.7250000238418579,0.3246999979019165
YLR207W,YKR048C,0,-5.6183643,0.18248175084590912,0.7250000238418579,0.3248000144958496
YKL001C,YNL049C,0,-5.618685,0.18243582546710968,0.7250000238418579,0.3249000012874603
YCL031C,YGR212W,0,-5.6189685,0.18238992989063263,0.7250000238418579,0.32499998807907104
YOR244W,YPR133W-A,0,-5.6189966,0.18234406411647797,0.7250000238418579,0.32510000467300415
YCR044C,YLR090W,0,-5.6190586,0.1822982132434845,0.7250000238418579,0.32519999146461487
YDR264C,YJL204C,1,-5.6194634,0.18250377476215363,0.7260000109672546,0.32519999146461487
YBR286W,YLR362W,0,-5.619468,0.18245790898799896,0.7260000109672546,0.325300008058548
YFL021W,YDR503C,0,-5.61949,0.1824120581150055,0.7260000109672546,0.3253999948501587
YDL230W,YDR416W,0,-5.619512,0.1823662370443344,0.7260000109672546,0.3255000114440918
YLR097C,YKL055C,0,-5.619677,0.18232044577598572,0.7260000109672546,0.3255999982357025
YKL049C,YIR041W,0,-5.619749,0.18227466940879822,0.7260000109672546,0.3257000148296356
YHR186C,YHR058C,0,-5.619967,0.1822289228439331,0.7260000109672546,0.32580000162124634
YBR121C,YGL145W,0,-5.6199784,0.1821831911802292,0.7260000109672546,0.32589998841285706
YOR058C,YNL233W,0,-5.620096,0.18213747441768646,0.7260000109672546,0.32600000500679016
YLL038C,YMR109W,1,-5.6201053,0.18234261870384216,0.7269999980926514,0.32600000500679016
YBR245C,YER021W,0,-5.620151,0.18229688704013824,0.7269999980926514,0.3260999917984009
YEL027W,YHR135C,1,-5.6202984,0.182501882314682,0.7279999852180481,0.3260999917984009
YGR217W,YLL026W,0,-5.620607,0.1824561357498169,0.7279999852180481,0.326200008392334
YBL003C,YDR037W,0,-5.620685,0.18241041898727417,0.7279999852180481,0.3262999951839447
YPL112C,YPL123C,0,-5.620869,0.18236473202705383,0.7279999852180481,0.3264000117778778
YLR192C,YOL002C,0,-5.6211104,0.1823190599679947,0.7279999852180481,0.3264999985694885
YNL294C,YIL031W,0,-5.621259,0.18227340281009674,0.7279999852180481,0.32659998536109924
YKL013C,YDR022C,0,-5.621842,0.18222779035568237,0.7279999852180481,0.32670000195503235
YLR192C,YJR145C,0,-5.621923,0.182182177901268,0.7279999852180481,0.32679998874664307
YMR163C,YPR182W,0,-5.622041,0.18213659524917603,0.7279999852180481,0.32690000534057617
YDR254W,YKL195W,0,-5.6221156,0.18209104239940643,0.7279999852180481,0.3269999921321869
YDR072C,YMR267W,0,-5.622275,0.18204550445079803,0.7279999852180481,0.32710000872612
YFL034C-B,YDR160W,0,-5.6222844,0.18199999630451202,0.7279999852180481,0.3271999955177307
YOR040W,YML046W,0,-5.6223454,0.1819545179605484,0.7279999852180481,0.3273000121116638
YOR123C,YKR052C,0,-5.622447,0.18190903961658478,0.7279999852180481,0.32739999890327454
YGR041W,YJL143W,0,-5.6227612,0.18186360597610474,0.7279999852180481,0.32749998569488525
YIR015W,YLR193C,0,-5.6228423,0.1818181872367859,0.7279999852180481,0.32760000228881836
YNR006W,YML076C,0,-5.6228538,0.18177278339862823,0.7279999852180481,0.3276999890804291
YPL048W,YPL112C,0,-5.622906,0.18172740936279297,0.7279999852180481,0.3278000056743622
YDR323C,YMR030W,0,-5.6234307,0.1816820502281189,0.7279999852180481,0.3278999924659729
YPL097W,YPR173C,0,-5.6234603,0.1816367208957672,0.7279999852180481,0.328000009059906
YGL005C,YGR247W,0,-5.6235056,0.18159142136573792,0.7279999852180481,0.3280999958515167
YOL108C,YJL041W,0,-5.6235137,0.1815461367368698,0.7279999852180481,0.32820001244544983
YLL015W,YLR459W,0,-5.623635,0.1815008670091629,0.7279999852180481,0.32829999923706055
YLR386W,YOR162C,0,-5.6237082,0.18145562708377838,0.7279999852180481,0.32839998602867126
YKL059C,YDR494W,0,-5.6238217,0.18141041696071625,0.7279999852180481,0.32850000262260437
YDR151C,YOR265W,0,-5.623862,0.1813652217388153,0.7279999852180481,0.3285999894142151
YIL051C,YHR012W,0,-5.623874,0.18132005631923676,0.7279999852180481,0.3287000060081482
YMR177W,YHR111W,0,-5.6239076,0.1812749058008194,0.7279999852180481,0.3287999927997589
YPR185W,YMR026C,0,-5.625056,0.18122977018356323,0.7279999852180481,0.328900009393692
YBR236C,YNL064C,0,-5.625239,0.18118466436862946,0.7279999852180481,0.32899999618530273
YKL019W,YBR294W,0,-5.625908,0.18113958835601807,0.7279999852180481,0.32910001277923584
YPR104C,YKR055W,0,-5.62601,0.18109452724456787,0.7279999852180481,0.32919999957084656
YPR200C,YDL045C,0,-5.6262555,0.18104949593544006,0.7279999852180481,0.3292999863624573
YLL041C,YNL283C,0,-5.626692,0.18100447952747345,0.7279999852180481,0.3294000029563904
YLR023C,YPL164C,0,-5.6268234,0.18095947802066803,0.7279999852180481,0.3294999897480011
YER017C,YOL090W,0,-5.6271777,0.180914506316185,0.7279999852180481,0.3296000063419342
YBR093C,YGL053W,0,-5.627689,0.18086956441402435,0.7279999852180481,0.3296999931335449
YBL016W,YPL043W,0,-5.6283145,0.1808246374130249,0.7279999852180481,0.329800009727478
YOR354C,YKL020C,0,-5.628406,0.18077974021434784,0.7279999852180481,0.32989999651908875
YCR010C,YGR007W,0,-5.6287637,0.18073485791683197,0.7279999852180481,0.33000001311302185
YHR107C,YBR119W,0,-5.6290116,0.1806899905204773,0.7279999852180481,0.33009999990463257
YOR038C,YDR356W,0,-5.6290965,0.1806451678276062,0.7279999852180481,0.3301999866962433
YIR010W,YGL233W,0,-5.6291776,0.1806003451347351,0.7279999852180481,0.3303000032901764
YCR048W,YGL136C,0,-5.629317,0.1805555522441864,0.7279999852180481,0.3303999900817871
YIL103W,YNL049C,0,-5.6297927,0.18051078915596008,0.7279999852180481,0.3305000066757202
YGR044C,YER148W,0,-5.630012,0.18046604096889496,0.7279999852180481,0.33059999346733093
YDR214W,YLR293C,0,-5.630093,0.18042130768299103,0.7279999852180481,0.33070001006126404
YGL151W,YOR216C,0,-5.630668,0.18037660419940948,0.7279999852180481,0.33079999685287476
YER015W,YDR194C,0,-5.6306868,0.18033193051815033,0.7279999852180481,0.33090001344680786
YDR448W,YAR008W,0,-5.630803,0.18028727173805237,0.7279999852180481,0.3310000002384186
YLR155C,YBR272C,0,-5.6309,0.1802426278591156,0.7279999852180481,0.3310999870300293
YKR061W,YCR035C,0,-5.631012,0.18019801378250122,0.7279999852180481,0.3312000036239624
YLR144C,YEL029C,0,-5.6310387,0.18015342950820923,0.7279999852180481,0.3312999904155731
YDR224C,YOR295W,0,-5.631537,0.18010886013507843,0.7279999852180481,0.3314000070095062
YKL007W,YER126C,0,-5.6317105,0.18006430566310883,0.7279999852180481,0.33149999380111694
YML077W,YGL251C,0,-5.632149,0.1800197809934616,0.7279999852180481,0.33160001039505005
YBR288C,YHR016C,1,-5.63252,0.1802224963903427,0.7289999723434448,0.33160001039505005
YLR191W,YGL126W,0,-5.6329465,0.1801779568195343,0.7289999723434448,0.33169999718666077
YOL061W,YML025C,0,-5.632953,0.18013343214988708,0.7289999723434448,0.33180001378059387
YBR275C,YBL102W,0,-5.6331944,0.18008893728256226,0.7289999723434448,0.3319000005722046
YGR029W,YLR107W,0,-5.63324,0.18004445731639862,0.7289999723434448,0.3319999873638153
YKR066C,YDR260C,0,-5.633326,0.18000000715255737,0.7289999723434448,0.3321000039577484
YDR448W,YFL005W,0,-5.6333866,0.17995557188987732,0.7289999723434448,0.33219999074935913
YGR133W,YNL312W,0,-5.6334453,0.17991115152835846,0.7289999723434448,0.33230000734329224
YBR288C,YKL129C,1,-5.6336217,0.18011349439620972,0.7300000190734863,0.33230000734329224
YDR397C,YLR048W,0,-5.6337223,0.18006907403469086,0.7300000190734863,0.33239999413490295
YIL155C,YPL118W,0,-5.634068,0.180024653673172,0.7300000190734863,0.33250001072883606
YKL002W,YPR198W,0,-5.63417,0.17998027801513672,0.7300000190734863,0.3325999975204468
YKL004W,YMR177W,0,-5.634374,0.17993591725826263,0.7300000190734863,0.3327000141143799
YOL017W,YPL094C,0,-5.6345935,0.17989157140254974,0.7300000190734863,0.3328000009059906
YJL065C,YOL011W,0,-5.634822,0.17984725534915924,0.7300000190734863,0.3328999876976013
YGR278W,YMR073C,0,-5.635052,0.17980295419692993,0.7300000190734863,0.3330000042915344
YEL061C,YHR053C,0,-5.6355743,0.179758682847023,0.7300000190734863,0.33309999108314514
YLR084C,YDL229W,0,-5.635822,0.17971442639827728,0.7300000190734863,0.33320000767707825
YFL025C,YGL037C,0,-5.6359706,0.17967019975185394,0.7300000190734863,0.33329999446868896
YOR143C,YDR322C-A,0,-5.63623,0.1796259880065918,0.7300000190734863,0.33340001106262207
YGL142C,YDR058C,0,-5.6363034,0.17958179116249084,0.7300000190734863,0.3334999978542328
YLR206W,YML001W,1,-5.6365123,0.17978356778621674,0.7310000061988831,0.3334999978542328
YGL090W,YDR285W,0,-5.6365294,0.17973937094211578,0.7310000061988831,0.3336000144481659
YML080W,YJR104C,0,-5.6368613,0.17969518899917603,0.7310000061988831,0.3337000012397766
YGR009C,YPR056W,0,-5.636892,0.17965102195739746,0.7310000061988831,0.33379998803138733
YDL243C,YDR254W,0,-5.6371493,0.17960688471794128,0.7310000061988831,0.33390000462532043
YDL175C,YNL317W,0,-5.637543,0.1795627623796463,0.7310000061988831,0.33399999141693115
YER083C,YJL203W,0,-5.637658,0.1795186698436737,0.7310000061988831,0.33410000801086426
YNR067C,YDR451C,0,-5.637928,0.1794745922088623,0.7310000061988831,0.334199994802475
YDR487C,YAL001C,0,-5.63827,0.1794305294752121,0.7310000061988831,0.3343000113964081
YDL047W,YOR083W,0,-5.6383615,0.17938649654388428,0.7310000061988831,0.3343999981880188
YKL143W,YDR116C,0,-5.6384997,0.17934249341487885,0.7310000061988831,0.3345000147819519
YMR029C,YDR224C,0,-5.639102,0.1792985051870346,0.7310000061988831,0.3346000015735626
YNR019W,YDR517W,0,-5.639117,0.17925453186035156,0.7310000061988831,0.33469998836517334
YMR298W,YMR322C,0,-5.6393585,0.1792105883359909,0.7310000061988831,0.33480000495910645
YGR101W,YHL006C,0,-5.6399055,0.17916665971279144,0.7310000061988831,0.33489999175071716
YER142C,YNL169C,0,-5.6399817,0.17912276089191437,0.7310000061988831,0.33500000834465027
YLR340W,YLR197W,0,-5.6400223,0.1790788769721985,0.7310000061988831,0.335099995136261
YPR104C,YKR038C,0,-5.640105,0.179035022854805,0.7310000061988831,0.3352000117301941
YPL181W,YDR141C,0,-5.64034,0.1789911836385727,0.7310000061988831,0.3352999985218048
YKL114C,YPR082C,0,-5.6404634,0.17894737422466278,0.7310000061988831,0.3353999853134155
YHR118C,YJL053W,0,-5.640558,0.17890357971191406,0.7310000061988831,0.33550000190734863
YGR142W,YGL245W,0,-5.6405997,0.17885980010032654,0.7310000061988831,0.33559998869895935
YBR286W,YPL196W,0,-5.640988,0.1788160502910614,0.7310000061988831,0.33570000529289246
YOR250C,YKL057C,0,-5.641397,0.17877231538295746,0.7310000061988831,0.3357999920845032
YLR170C,YDL085W,0,-5.6416783,0.1787286102771759,0.7310000061988831,0.3359000086784363
YPR008W,YLL011W,0,-5.6421537,0.17868492007255554,0.7310000061988831,0.335999995470047
YNR026C,YPL138C,0,-5.642194,0.17864124476909637,0.7310000061988831,0.3361000120639801
YHR075C,YML055W,0,-5.6422753,0.1785975992679596,0.7310000061988831,0.3361999988555908
YJL092W,YJL116C,0,-5.642441,0.1785539835691452,0.7310000061988831,0.33629998564720154
YHL020C,YLR006C,0,-5.6430616,0.178510382771492,0.7310000061988831,0.33640000224113464
YNL169C,YHL006C,0,-5.6433873,0.178466796875,0.7310000061988831,0.33649998903274536
YBL015W,YHR039C-A,0,-5.6434474,0.17842324078083038,0.7310000061988831,0.33660000562667847
YNR032C-A,YOR069W,0,-5.6442018,0.17837969958782196,0.7310000061988831,0.3366999924182892
YFL055W,YBL058W,0,-5.644417,0.17833617329597473,0.7310000061988831,0.3368000090122223
YKL025C,YLR208W,0,-5.6446757,0.1782926768064499,0.7310000061988831,0.336899995803833
YBL046W,YNL121C,0,-5.6446986,0.17824921011924744,0.7310000061988831,0.3370000123977661
YMR231W,YBR256C,0,-5.6448903,0.17820575833320618,0.7310000061988831,0.33709999918937683
YAR033W,YNL098C,0,-5.6453853,0.1781623214483261,0.7310000061988831,0.33719998598098755
YMR255W,YLR383W,0,-5.6458063,0.17811891436576843,0.7310000061988831,0.33730000257492065
YLR011W,YGL257C,0,-5.645883,0.17807552218437195,0.7310000061988831,0.33739998936653137
YHR019C,YKL054C,0,-5.646028,0.17803214490413666,0.7310000061988831,0.3375000059604645
YKL114C,YLL061W,0,-5.6460695,0.17798879742622375,0.7310000061988831,0.3375999927520752
YNL074C,YOL011W,0,-5.6461987,0.17794546484947205,0.7310000061988831,0.3377000093460083
YPL265W,YHL002W,0,-5.6464543,0.17790216207504272,0.7310000061988831,0.337799996137619
YOR074C,YDR393W,0,-5.6465335,0.1778588742017746,0.7310000061988831,0.3379000127315521
YNL297C,YOR043W,1,-5.6470666,0.17805886268615723,0.7319999933242798,0.3379000127315521
YOR038C,YMR273C,0,-5.647609,0.1780155599117279,0.7319999933242798,0.33799999952316284
YDL231C,YHR073W,1,-5.647856,0.1782154142856598,0.7329999804496765,0.33799999952316284
YNL027W,YBR065C,0,-5.647889,0.17817209661006927,0.7329999804496765,0.33809998631477356
YHR073W,YCR008W,1,-5.6481137,0.17837181687355042,0.734000027179718,0.33809998631477356
YOR304W,YOR253W,0,-5.648292,0.1783284693956375,0.734000027179718,0.33820000290870667
YNL231C,YDR255C,0,-5.6483502,0.178285151720047,0.734000027179718,0.3382999897003174
YPR057W,YGR033C,0,-5.6486325,0.17824186384677887,0.734000027179718,0.3384000062942505
YKL045W,YML109W,0,-5.6486773,0.17819859087467194,0.734000027179718,0.3384999930858612
YDR072C,YNL317W,0,-5.6487613,0.1781553328037262,0.734000027179718,0.3386000096797943
YPL232W,YBR143C,0,-5.649156,0.17811210453510284,0.734000027179718,0.33869999647140503
YNL256W,YML095C,0,-5.6495757,0.17806889116764069,0.734000027179718,0.33880001306533813
YDL013W,YNL317W,0,-5.6496367,0.17802570760250092,0.734000027179718,0.33889999985694885
YDR221W,YKR008W,0,-5.6496997,0.17798253893852234,0.734000027179718,0.33899998664855957
YCL040W,YML095C,0,-5.6497,0.17793940007686615,0.734000027179718,0.3391000032424927
YML114C,YPL045W,0,-5.6498437,0.17789626121520996,0.734000027179718,0.3391999900341034
YJR093C,YMR075W,0,-5.649877,0.17785316705703735,0.734000027179718,0.3393000066280365
YDR046C,YOL094C,0,-5.6500764,0.17781007289886475,0.734000027179718,0.3393999934196472
YPR088C,YDR259C,0,-5.6503406,0.17776700854301453,0.734000027179718,0.3395000100135803
YGR133W,YIL109C,0,-5.6505,0.1777239739894867,0.734000027179718,0.33959999680519104
YNL325C,YBR037C,0,-5.6507287,0.17768095433712006,0.734000027179718,0.33970001339912415
YKL049C,YOR054C,0,-5.6507664,0.1776379495859146,0.734000027179718,0.33980000019073486
YDR270W,YPL258C,0,-5.650875,0.17759497463703156,0.734000027179718,0.3398999869823456
YJR121W,YNL221C,0,-5.650951,0.1775520145893097,0.734000027179718,0.3400000035762787
YMR075W,YDR372C,0,-5.651055,0.17750906944274902,0.734000027179718,0.3400999903678894
YNL291C,YNL160W,0,-5.6510816,0.17746615409851074,0.734000027179718,0.3402000069618225
YDL126C,YOR243C,0,-5.6511827,0.17742325365543365,0.734000027179718,0.3402999937534332
YER173W,YDL077C,0,-5.6511874,0.17738038301467896,0.734000027179718,0.34040001034736633
YDR298C,YLR147C,0,-5.651445,0.17733752727508545,0.734000027179718,0.34049999713897705
YGR171C,YLR130C,0,-5.651542,0.17729468643665314,0.734000027179718,0.34060001373291016
YOR061W,YDR179C,0,-5.651677,0.1772518754005432,0.734000027179718,0.3407000005245209
YDL008W,YCR065W,0,-5.6517415,0.17720907926559448,0.734000027179718,0.3407999873161316
YOR037W,YOR209C,0,-5.6519237,0.17716629803180695,0.734000027179718,0.3409000039100647
YER015W,YNL167C,0,-5.651957,0.1771235466003418,0.734000027179718,0.3409999907016754
YOR168W,YMR267W,0,-5.652095,0.17708082497119904,0.734000027179718,0.3411000072956085
YKL073W,YDR335W,0,-5.652441,0.17703810334205627,0.734000027179718,0.34119999408721924
YJR097W,YDR212W,0,-5.6526265,0.1769954115152359,0.734000027179718,0.34130001068115234
YOL051W,YGL205W,0,-5.653155,0.17695274949073792,0.734000027179718,0.34139999747276306
YMR186W,YDL090C,0,-5.653157,0.17691010236740112,0.734000027179718,0.34150001406669617
YMR311C,YIL053W,0,-5.653232,0.17686747014522552,0.734000027179718,0.3416000008583069
YGR217W,YJR145C,0,-5.653335,0.17682486772537231,0.734000027179718,0.3416999876499176
YOL089C,YIL038C,0,-5.653584,0.1767822802066803,0.734000027179718,0.3418000042438507
YKL101W,YBR130C,0,-5.6537986,0.17673970758914948,0.734000027179718,0.3418999910354614
YMR237W,YML077W,0,-5.6542144,0.17669716477394104,0.734000027179718,0.34200000762939453
YBL035C,YAL011W,0,-5.65443,0.1766546368598938,0.734000027179718,0.34209999442100525
YGR267C,YDL111C,0,-5.6549425,0.17661212384700775,0.734000027179718,0.34220001101493835
YGL048C,YMR125W,0,-5.655208,0.1765696406364441,0.734000027179718,0.3422999978065491
YDR224C,YOR275C,0,-5.655269,0.17652717232704163,0.734000027179718,0.3424000144004822
YDR397C,YFR037C,0,-5.655319,0.17648473381996155,0.734000027179718,0.3425000011920929
YJR060W,YCR014C,0,-5.6553726,0.17644231021404266,0.734000027179718,0.3425999879837036
YLR207W,YNL026W,0,-5.6556683,0.17639990150928497,0.734000027179718,0.3427000045776367
YMR281W,YLR264W,0,-5.6557627,0.17635752260684967,0.734000027179718,0.34279999136924744
YAR015W,YBR196C,0,-5.6558843,0.17631515860557556,0.734000027179718,0.34290000796318054
YPL115C,YDL178W,0,-5.6559043,0.17627280950546265,0.734000027179718,0.34299999475479126
YEL003W,YCL051W,0,-5.655961,0.17623049020767212,0.734000027179718,0.34310001134872437
YBR215W,YOR230W,0,-5.656526,0.17618818581104279,0.734000027179718,0.3431999981403351
YBR160W,YPL188W,0,-5.6565585,0.17614591121673584,0.734000027179718,0.3433000147342682
YHR011W,YER087C-B,0,-5.6566315,0.1761036515235901,0.734000027179718,0.3434000015258789
YHR060W,YHR012W,0,-5.656835,0.17606140673160553,0.734000027179718,0.3434999883174896
YDR163W,YJL186W,0,-5.6570554,0.17601919174194336,0.734000027179718,0.34360000491142273
YER016W,YER029C,0,-5.6573253,0.1759769767522812,0.734000027179718,0.34369999170303345
YOL026C,YDR382W,0,-5.657362,0.1759348064661026,0.734000027179718,0.34380000829696655
YGR267C,YJR144W,0,-5.6579795,0.175892636179924,0.734000027179718,0.34389999508857727
YHR116W,YAL043C,0,-5.6583323,0.1758504956960678,0.734000027179718,0.3440000116825104
YFR014C,YHR026W,0,-5.658496,0.175808385014534,0.734000027179718,0.3440999984741211
YGR254W,YBR228W,0,-5.658655,0.17576628923416138,0.734000027179718,0.3441999852657318
YNL159C,YOL045W,0,-5.6592145,0.17572420835494995,0.734000027179718,0.3443000018596649
YOL002C,YIR015W,0,-5.6594367,0.17568214237689972,0.734000027179718,0.34439998865127563
YJL071W,YBL090W,0,-5.65992,0.17564010620117188,0.734000027179718,0.34450000524520874
YGL044C,YLR424W,0,-5.6601152,0.17559808492660522,0.734000027179718,0.34459999203681946
YDL192W,YGR085C,0,-5.660147,0.17555609345436096,0.734000027179718,0.34470000863075256
YDL078C,YNL206C,0,-5.6605067,0.1755141019821167,0.734000027179718,0.3447999954223633
YDR423C,YDR443C,0,-5.6605277,0.17547215521335602,0.734000027179718,0.3449000120162964
YGL032C,YDL031W,0,-5.660564,0.17543020844459534,0.734000027179718,0.3449999988079071
YNL188W,YGL144C,0,-5.660668,0.17538829147815704,0.734000027179718,0.3450999855995178
YGR014W,YPL092W,0,-5.660849,0.17534638941287994,0.734000027179718,0.3452000021934509
YPL082C,YDR073W,0,-5.661042,0.17530451714992523,0.734000027179718,0.34529998898506165
YIL065C,YAL029C,0,-5.661116,0.1752626597881317,0.734000027179718,0.34540000557899475
YDR270W,YOL110W,0,-5.6615148,0.1752208173274994,0.734000027179718,0.34549999237060547
YKL179C,YGL008C,0,-5.661602,0.17517900466918945,0.734000027179718,0.3456000089645386
YKL212W,YNL186W,0,-5.66162,0.17513719201087952,0.734000027179718,0.3456999957561493
YER149C,YER005W,0,-5.6618943,0.17509542405605316,0.734000027179718,0.3458000123500824
YPR030W,YBL047C,1,-5.6620684,0.17529214918613434,0.7350000143051147,0.3458000123500824
YPL053C,YKR087C,0,-5.6622977,0.1752503514289856,0.7350000143051147,0.3458999991416931
YJL013C,YIL084C,0,-5.6625066,0.17520858347415924,0.7350000143051147,0.34599998593330383
YER054C,YBR165W,0,-5.66266,0.17516683042049408,0.7350000143051147,0.34610000252723694
YOL088C,YDR235W,0,-5.6627164,0.1751250922679901,0.7350000143051147,0.34619998931884766
YKL079W,YGL096W,0,-5.663152,0.17508336901664734,0.7350000143051147,0.34630000591278076
YCR086W,YJL186W,0,-5.6639733,0.17504167556762695,0.7350000143051147,0.3463999927043915
YDR386W,YLR386W,0,-5.664269,0.17499999701976776,0.7350000143051147,0.3465000092983246
YPR128C,YDR243C,0,-5.664436,0.17495834827423096,0.7350000143051147,0.3465999960899353
YDR507C,YDR331W,0,-5.6645217,0.17491669952869415,0.7350000143051147,0.3467000126838684
YOR261C,YOR047C,0,-5.664785,0.17487509548664093,0.7350000143051147,0.3467999994754791
YKL025C,YOR363C,0,-5.664903,0.1748334914445877,0.7350000143051147,0.34689998626708984
YMR113W,YDR394W,0,-5.6653204,0.17479191720485687,0.7350000143051147,0.34700000286102295
YJL209W,YDR335W,0,-5.6653934,0.17475035786628723,0.7350000143051147,0.34709998965263367
YBR161W,YOR269W,0,-5.6658916,0.17470881342887878,0.7350000143051147,0.3472000062465668
YOL122C,YML021C,0,-5.666107,0.17466729879379272,0.7350000143051147,0.3472999930381775
YHR092C,YDR116C,0,-5.666211,0.17462579905986786,0.7350000143051147,0.3474000096321106
YCR035C,YHR106W,0,-5.666243,0.17458432912826538,0.7350000143051147,0.3474999964237213
YGR098C,YNL003C,0,-5.666553,0.1745428591966629,0.7350000143051147,0.3476000130176544
YCL055W,YPL155C,0,-5.666908,0.1745014190673828,0.7350000143051147,0.34769999980926514
YDL113C,YGL027C,0,-5.6673,0.1744600087404251,0.7350000143051147,0.34779998660087585
YDR254W,YDR268W,0,-5.667537,0.1744185984134674,0.7350000143051147,0.34790000319480896
YPR074C,YDR451C,0,-5.667545,0.1743772178888321,0.7350000143051147,0.3479999899864197
YNL302C,YCR033W,0,-5.667789,0.17433586716651917,0.7350000143051147,0.3481000065803528
YIL034C,YDL111C,0,-5.667977,0.17429451644420624,0.7350000143051147,0.3481999933719635
YLR078C,YKR090W,0,-5.668021,0.1742531955242157,0.7350000143051147,0.3483000099658966
YLR453C,YBR095C,0,-5.668237,0.17421190440654755,0.7350000143051147,0.3483999967575073
YMR041C,YNR001C,0,-5.668311,0.1741706132888794,0.7350000143051147,0.34850001335144043
YDR288W,YGR072W,0,-5.668435,0.17412935197353363,0.7350000143051147,0.34860000014305115
YKL026C,YJL143W,0,-5.668531,0.17408810555934906,0.7350000143051147,0.34869998693466187
YER053C,YDR255C,0,-5.6685624,0.17404688894748688,0.7350000143051147,0.34880000352859497
YER035W,YKL021C,0,-5.668573,0.1740056872367859,0.7350000143051147,0.3488999903202057
YCR086W,YMR067C,0,-5.6685915,0.1739645004272461,0.7350000143051147,0.3490000069141388
YKL114C,YAL001C,0,-5.6687865,0.1739233285188675,0.7350000143051147,0.3490999937057495
YDR130C,YDL115C,0,-5.6689544,0.17388218641281128,0.7350000143051147,0.3492000102996826
YNR008W,YGL244W,0,-5.6693654,0.17384105920791626,0.7350000143051147,0.34929999709129333
YGL253W,YDR484W,0,-5.6695848,0.17379994690418243,0.7350000143051147,0.34940001368522644
YBL098W,YGR267C,0,-5.669727,0.173758864402771,0.7350000143051147,0.34950000047683716
YHR001W-A,YFL004W,0,-5.671043,0.17371779680252075,0.7350000143051147,0.3495999872684479
YDR088C,YPL210C,0,-5.671251,0.1736767441034317,0.7350000143051147,0.349700003862381
YIL002C,YBR214W,1,-5.671453,0.1738719642162323,0.7360000014305115,0.349700003862381
YCR063W,YPR088C,0,-5.671496,0.17383089661598206,0.7360000014305115,0.3497999906539917
YKL206C,YLR381W,0,-5.6715837,0.173789843916893,0.7360000014305115,0.3499000072479248
YKR061W,YBR037C,0,-5.6716595,0.17374882102012634,0.7360000014305115,0.3499999940395355
YBL071W-A,YBR073W,0,-5.672152,0.17370781302452087,0.7360000014305115,0.35010001063346863
YOR026W,YIR028W,0,-5.672301,0.1736668199300766,0.7360000014305115,0.35019999742507935
YJL039C,YDR545W,0,-5.672301,0.1736258566379547,0.7360000014305115,0.35030001401901245
YPL046C,YPL015C,0,-5.6723723,0.17358490824699402,0.7360000014305115,0.35040000081062317
YPR008W,YPR164W,0,-5.67248,0.17354397475719452,0.7360000014305115,0.3504999876022339
YIR025W,YBR289W,0,-5.672511,0.1735030710697174,0.7360000014305115,0.350600004196167
YAL051W,YPL083C,0,-5.6725135,0.1734621673822403,0.7360000014305115,0.3506999909877777
YGR113W,YDR400W,0,-5.673,0.17342129349708557,0.7360000014305115,0.3508000075817108
YHR081W,YCR083W,0,-5.673129,0.17338044941425323,0.7360000014305115,0.35089999437332153
YLR078C,YHR164C,0,-5.6731725,0.1733396202325821,0.7360000014305115,0.35100001096725464
YOR334W,YLR254C,0,-5.6732445,0.17329880595207214,0.7360000014305115,0.35109999775886536
YBL026W,YAL055W,0,-5.673265,0.1732580065727234,0.7360000014305115,0.35120001435279846
YDR231C,YOR253W,0,-5.673411,0.17321722209453583,0.7360000014305115,0.3513000011444092
YGR140W,YDR054C,0,-5.673412,0.17317646741867065,0.7360000014305115,0.3513999879360199
YBL023C,YIL121W,0,-5.6734796,0.17313572764396667,0.7360000014305115,0.351500004529953
YLR399C,YHR072W-A,0,-5.673653,0.17309501767158508,0.7360000014305115,0.3515999913215637
YIL013C,YHR160C,0,-5.673695,0.1730543076992035,0.7360000014305115,0.3517000079154968
YPR128C,YDL003W,0,-5.67386,0.1730136275291443,0.7360000014305115,0.35179999470710754
YOR026W,YBR058C,0,-5.6739607,0.17297297716140747,0.7360000014305115,0.35190001130104065
YDL231C,YEL027W,1,-5.6740417,0.17316728830337524,0.7369999885559082,0.35190001130104065
YFR046C,YIL038C,0,-5.6746,0.17312660813331604,0.7369999885559082,0.35199999809265137
YOR204W,YML014W,0,-5.6750436,0.17308595776557922,0.7369999885559082,0.3521000146865845
YOR191W,YGR013W,0,-5.675426,0.1730453222990036,0.7369999885559082,0.3522000014781952
YHL003C,YER041W,0,-5.6754494,0.17300470173358917,0.7369999885559082,0.3522999882698059
YKL048C,YGL053W,0,-5.676142,0.17296409606933594,0.7369999885559082,0.352400004863739
YDL137W,YOL043C,0,-5.676165,0.1729235053062439,0.7369999885559082,0.35249999165534973
YNL148C,YBL019W,0,-5.6763806,0.17288294434547424,0.7369999885559082,0.35260000824928284
YCR014C,YGR005C,0,-5.6766744,0.17284239828586578,0.7369999885559082,0.35269999504089355
YPR128C,YDR122W,0,-5.6767106,0.1728018820285797,0.7369999885559082,0.35280001163482666
YNL206C,YGL227W,0,-5.677211,0.17276136577129364,0.7369999885559082,0.3528999984264374
YNL290W,YDR200C,0,-5.677273,0.17272087931632996,0.7369999885559082,0.3529999852180481
YBR245C,YGL093W,0,-5.677361,0.17268040776252747,0.7369999885559082,0.3531000018119812
YJL081C,YLR147C,0,-5.677794,0.17263996601104736,0.7369999885559082,0.3531999886035919
YMR033W,YLR210W,0,-5.6780667,0.17259952425956726,0.7369999885559082,0.353300005197525
YPR179C,YLR260W,0,-5.678496,0.17255911231040955,0.7369999885559082,0.35339999198913574
YMR316W,YBR050C,0,-5.6785254,0.17251873016357422,0.7369999885559082,0.35350000858306885
YJL102W,YGR116W,0,-5.678716,0.1724783480167389,0.7369999885559082,0.35359999537467957
YKL172W,YKL085W,0,-5.6787906,0.17243799567222595,0.7369999885559082,0.35370001196861267
YPL022W,YOR254C,0,-5.678919,0.1723976582288742,0.7369999885559082,0.3537999987602234
YDR069C,YHR073W,1,-5.6791997,0.1725912094116211,0.7379999756813049,0.3537999987602234
YJL013C,YHR015W,0,-5.679337,0.17255085706710815,0.7379999756813049,0.3538999855518341
YLR347C,YLR165C,0,-5.679836,0.1725105196237564,0.7379999756813049,0.3540000021457672
YOL088C,YLR385C,0,-5.680425,0.17247019708156586,0.7379999756813049,0.35409998893737793
YDR040C,YDR363W-A,0,-5.680696,0.1724299043416977,0.7379999756813049,0.35420000553131104
YMR240C,YLR347C,0,-5.680776,0.17238962650299072,0.7379999756813049,0.35429999232292175
YDL085W,YKL038W,0,-5.680845,0.17234936356544495,0.7379999756813049,0.35440000891685486
YBR009C,YKL143W,0,-5.6809025,0.17230913043022156,0.7379999756813049,0.3544999957084656
YLL022C,YKL006C-A,0,-5.680992,0.17226891219615936,0.7379999756813049,0.3546000123023987
YNL016W,YML097C,0,-5.6812396,0.17222870886325836,0.7379999756813049,0.3546999990940094
YNR032W,YJL173C,0,-5.681474,0.17218852043151855,0.7379999756813049,0.3547999858856201
YDR517W,YGL090W,0,-5.6817665,0.17214836180210114,0.7379999756813049,0.3549000024795532
YPR103W,YOR060C,0,-5.6820674,0.17210820317268372,0.7379999756813049,0.35499998927116394
YBR288C,YOR089C,1,-5.6825647,0.17230123281478882,0.7390000224113464,0.35499998927116394
YNL159C,YPL167C,0,-5.682629,0.1722610741853714,0.7390000224113464,0.35510000586509705
YIL112W,YKL089W,0,-5.682663,0.17222093045711517,0.7390000224113464,0.35519999265670776
YNL148C,YPL118W,0,-5.682684,0.17218080163002014,0.7390000224113464,0.35530000925064087
YOR094W,YGR241C,1,-5.6835055,0.17237363755702972,0.7400000095367432,0.35530000925064087
YKL149C,YNL026W,0,-5.6835747,0.1723334938287735,0.7400000095367432,0.3553999960422516
YJL201W,YGR118W,0,-5.6836534,0.17229336500167847,0.7400000095367432,0.3555000126361847
YOR085W,YHR152W,0,-5.6836805,0.17225326597690582,0.7400000095367432,0.3555999994277954
YBR102C,YJR118C,0,-5.6837144,0.17221316695213318,0.7400000095367432,0.35569998621940613
YAL015C,YLR442C,0,-5.683766,0.17217309772968292,0.7400000095367432,0.35580000281333923
YER027C,YKR053C,0,-5.6841407,0.17213305830955505,0.7400000095367432,0.35589998960494995
YGL155W,YGL254W,0,-5.68475,0.17209301888942719,0.7400000095367432,0.35600000619888306
YPL200W,YGR183C,0,-5.6849637,0.1720530092716217,0.7400000095367432,0.3560999929904938
YDL165W,YDR156W,0,-5.6850743,0.17201301455497742,0.7400000095367432,0.3562000095844269
YGL256W,YGR013W,0,-5.685596,0.17197303473949432,0.7400000095367432,0.3562999963760376
YKL182W,YDL006W,0,-5.685949,0.17193308472633362,0.7400000095367432,0.3564000129699707
YJL129C,YOR060C,0,-5.6860642,0.1718931496143341,0.7400000095367432,0.3564999997615814
YNL003C,YPL031C,0,-5.686191,0.1718532294034958,0.7400000095367432,0.35659998655319214
YKR031C,YHR012W,0,-5.6863275,0.17181332409381866,0.7400000095367432,0.35670000314712524
YBR213W,YKL068W,0,-5.6864214,0.17177344858646393,0.7400000095367432,0.35679998993873596
YGL051W,YCR012W,0,-5.686971,0.17173358798027039,0.7400000095367432,0.35690000653266907
YPR095C,YOR054C,0,-5.6870666,0.17169374227523804,0.7400000095367432,0.3569999933242798
YLR260W,YGR074W,0,-5.6871963,0.17165391147136688,0.7400000095367432,0.3571000099182129
YLR293C,YPR182W,0,-5.687601,0.17161409556865692,0.7400000095367432,0.3571999967098236
YPR023C,YKR090W,0,-5.687697,0.17157430946826935,0.7400000095367432,0.3573000133037567
YJL094C,YDR372C,0,-5.68785,0.17153453826904297,0.7400000095367432,0.35740000009536743
YGR200C,YKL130C,0,-5.68798,0.17149478197097778,0.7400000095367432,0.35749998688697815
YPR070W,YLR048W,0,-5.6879897,0.17145505547523499,0.7400000095367432,0.35760000348091125
YOL011W,YGL008C,0,-5.6880374,0.1714153289794922,0.7400000095367432,0.357699990272522
YER109C,YHR157W,0,-5.6887307,0.17137563228607178,0.7400000095367432,0.3578000068664551
YDR479C,YPL210C,0,-5.68895,0.17133595049381256,0.7400000095367432,0.3578999936580658
YML126C,YER093C,0,-5.689068,0.17129629850387573,0.7400000095367432,0.3580000102519989
YDR276C,YJL035C,0,-5.689961,0.1712566465139389,0.7400000095367432,0.3580999970436096
YLR215C,YIL063C,0,-5.6900754,0.17121702432632446,0.7400000095367432,0.3582000136375427
YEL016C,YOL148C,0,-5.690167,0.17117741703987122,0.7400000095367432,0.35830000042915344
YER133W,YJL204C,1,-5.690209,0.17136910557746887,0.7409999966621399,0.35830000042915344
YBR129C,YDR308C,0,-5.6902747,0.17132948338985443,0.7409999966621399,0.35839998722076416
YDR503C,YOR110W,0,-5.690431,0.17128987610340118,0.7409999966621399,0.35850000381469727
YNL312W,YNR046W,0,-5.6906886,0.17125028371810913,0.7409999966621399,0.358599990606308
YFR009W,YDR080W,0,-5.690786,0.17121072113513947,0.7409999966621399,0.3587000072002411
YML058W,YKL081W,0,-5.6913815,0.171171173453331,0.7409999966621399,0.3587999939918518
YGR140W,YHL036W,0,-5.6915917,0.17113164067268372,0.7409999966621399,0.3589000105857849
YGR165W,YOR272W,0,-5.6919217,0.17109212279319763,0.7409999966621399,0.35899999737739563
YER146W,YOR210W,0,-5.69228,0.17105263471603394,0.7409999966621399,0.35910001397132874
YPR200C,YOR245C,0,-5.692289,0.17101316154003143,0.7409999966621399,0.35920000076293945
YML081C-A,YGR218W,0,-5.692358,0.17097370326519012,0.7409999966621399,0.35929998755455017
YCR075C,YLR438C-A,0,-5.6923738,0.17093425989151,0.7409999966621399,0.3594000041484833
YEL004W,YDR285W,0,-5.6924114,0.1708948314189911,0.7409999966621399,0.359499990940094
YDL029W,YNL214W,0,-5.6926885,0.17085543274879456,0.7409999966621399,0.3596000075340271
YFR031C,YGR181W,0,-5.692774,0.17081604897975922,0.7409999966621399,0.3596999943256378
YOR094W,YOR089C,1,-5.693102,0.17100714147090912,0.7419999837875366,0.3596999943256378
YKR008W,YBL088C,0,-5.6939664,0.17096774280071259,0.7419999837875366,0.3598000109195709
YOL090W,YDL229W,0,-5.6940055,0.17092835903167725,0.7419999837875366,0.35989999771118164
YHR023W,YDR146C,0,-5.6940856,0.1708889901638031,0.7419999837875366,0.36000001430511475
YOR037W,YPL119C,0,-5.6941023,0.17084963619709015,0.7419999837875366,0.36010000109672546
YPL011C,YBL088C,0,-5.6946754,0.17081031203269958,0.7419999837875366,0.3601999878883362
YDR251W,YER171W,0,-5.6948104,0.17077100276947021,0.7419999837875366,0.3603000044822693
YGR171C,YHR074W,0,-5.694961,0.17073170840740204,0.7419999837875366,0.36039999127388
YML077W,YLR047C,0,-5.69498,0.17069242894649506,0.7419999837875366,0.3605000078678131
YNL331C,YOR328W,0,-5.6952014,0.17065317928791046,0.7419999837875366,0.36059999465942383
YDR166C,YPL237W,0,-5.6952662,0.17061392962932587,0.7419999837875366,0.36070001125335693
YER065C,YMR156C,0,-5.6952696,0.17057470977306366,0.7419999837875366,0.36079999804496765
YGL049C,YER049W,0,-5.695514,0.17053550481796265,0.7419999837875366,0.36090001463890076
YML091C,YNL246W,0,-5.6956224,0.17049632966518402,0.7419999837875366,0.3610000014305115
YGR284C,YDL019C,1,-5.6958404,0.17068688571453094,0.7429999709129333,0.3610000014305115
YGR230W,YIL097W,0,-5.695849,0.17064768075942993,0.7429999709129333,0.3610999882221222
YBL082C,YMR296C,0,-5.696358,0.1706084907054901,0.7429999709129333,0.3612000048160553
YDR151C,YKR090W,0,-5.696444,0.17056933045387268,0.7429999709129333,0.361299991607666
YBL016W,YNL290W,0,-5.696552,0.17053018510341644,0.7429999709129333,0.3614000082015991
YBR272C,YHR015W,0,-5.6966243,0.1704910546541214,0.7429999709129333,0.36149999499320984
YKL190W,YIR019C,0,-5.6973443,0.17045193910598755,0.7429999709129333,0.36160001158714294
YJL170C,YFR046C,0,-5.6975265,0.1704128384590149,0.7429999709129333,0.36169999837875366
YNL139C,YHR050W,0,-5.6975703,0.17037376761436462,0.7429999709129333,0.3617999851703644
YGR101W,YOL122C,0,-5.697739,0.17033471167087555,0.7429999709129333,0.3619000017642975
YBL040C,YKL038W,0,-5.697853,0.17029567062854767,0.7429999709129333,0.3619999885559082
YGL168W,YDR243C,0,-5.697968,0.17025664448738098,0.7429999709129333,0.3621000051498413
YFR041C,YIL013C,0,-5.6985307,0.1702176332473755,0.7429999709129333,0.362199991941452
YKL120W,YPL232W,0,-5.698549,0.17017865180969238,0.7429999709129333,0.36230000853538513
YPL169C,YDL134C,0,-5.6986384,0.17013968527317047,0.7429999709129333,0.36239999532699585
YOR168W,YPL011C,0,-5.69865,0.17010073363780975,0.7429999709129333,0.36250001192092896
YML098W,YML085C,0,-5.6986823,0.17006179690361023,0.7429999709129333,0.3625999987125397
YER016W,YCR084C,0,-5.6987166,0.1700228899717331,0.7429999709129333,0.3626999855041504
YDR093W,YJL204C,1,-5.698729,0.1702127605676651,0.7440000176429749,0.3626999855041504
YJR057W,YHR058C,0,-5.6990266,0.17017383873462677,0.7440000176429749,0.3628000020980835
YKR002W,YLR453C,0,-5.699059,0.17013491690158844,0.7440000176429749,0.3628999888896942
YML019W,YBL093C,0,-5.6995273,0.1700960248708725,0.7440000176429749,0.3630000054836273
YFR048W,YLR467W,0,-5.6997,0.17005714774131775,0.7440000176429749,0.36309999227523804
YGL105W,YGR038W,0,-5.7000184,0.1700182855129242,0.7440000176429749,0.36320000886917114
YLL035W,YNL142W,0,-5.700052,0.16997943818569183,0.7440000176429749,0.36329999566078186
YML042W,YPL177C,0,-5.700626,0.16994060575962067,0.7440000176429749,0.36340001225471497
YER042W,YIL109C,0,-5.700951,0.1699018031358719,0.7440000176429749,0.3634999990463257
YOR031W,YEL050C,0,-5.70102,0.1698630154132843,0.7440000176429749,0.3635999858379364
YMR038C,YOL093W,0,-5.7010818,0.1698242425918579,0.7440000176429749,0.3637000024318695
YDR244W,YDR314C,0,-5.7011056,0.1697854846715927,0.7440000176429749,0.3637999892234802
YNL117W,YGL025C,0,-5.7016006,0.1697467416524887,0.7440000176429749,0.36390000581741333
YCL025C,YOL072W,0,-5.7016354,0.1697080284357071,0.7440000176429749,0.36399999260902405
YNL136W,YOR265W,0,-5.7016683,0.16966933012008667,0.7440000176429749,0.36410000920295715
YER119C,YBL023C,0,-5.7018914,0.16963064670562744,0.7440000176429749,0.36419999599456787
YGL216W,YGR202C,0,-5.7023473,0.1695919781923294,0.7440000176429749,0.364300012588501
YOL090W,YPL002C,0,-5.702766,0.16955332458019257,0.7440000176429749,0.3643999993801117
YDR217C,YNL272C,0,-5.7028756,0.1695147007703781,0.7440000176429749,0.3644999861717224
YFL050C,YNR057C,0,-5.703526,0.16947607696056366,0.7440000176429749,0.3646000027656555
YHR191C,YOL089C,0,-5.7037773,0.1694374829530716,0.7440000176429749,0.36469998955726624
YJR089W,YER112W,0,-5.7038007,0.16939890384674072,0.7440000176429749,0.36480000615119934
YER015W,YCR077C,0,-5.704244,0.16936033964157104,0.7440000176429749,0.36489999294281006
YPL244C,YDL200C,0,-5.7044272,0.16932180523872375,0.7440000176429749,0.36500000953674316
YCL001W,YDR356W,0,-5.704471,0.16928327083587646,0.7440000176429749,0.3650999963283539
YPL084W,YDL051W,0,-5.7049866,0.16924476623535156,0.7440000176429749,0.365200012922287
YNL038W,YCR073W-A,0,-5.705553,0.16920627653598785,0.7440000176429749,0.3652999997138977
YER149C,YIL021W,0,-5.705693,0.16916780173778534,0.7440000176429749,0.3653999865055084
YBL090W,YOL090W,0,-5.7056956,0.16912934184074402,0.7440000176429749,0.36550000309944153
YGL084C,YKL038W,0,-5.705938,0.16909091174602509,0.7440000176429749,0.36559998989105225
YDR077W,YPR054W,0,-5.7059846,0.16905248165130615,0.7440000176429749,0.36570000648498535
YPR007C,YDL097C,0,-5.7063823,0.1690140813589096,0.7440000176429749,0.36579999327659607
YPR104C,YGL028C,0,-5.7064643,0.16897569596767426,0.7440000176429749,0.3659000098705292
YDR517W,YEL032W,0,-5.706596,0.1689373254776001,0.7440000176429749,0.3659999966621399
YPR093C,YOR254C,0,-5.7066703,0.16889898478984833,0.7440000176429749,0.366100013256073
YMR162C,YPR164W,0,-5.706946,0.16886064410209656,0.7440000176429749,0.3662000000476837
YOR236W,YPL234C,0,-5.7070136,0.16882233321666718,0.7440000176429749,0.36629998683929443
YLR285W,YDR202C,0,-5.707048,0.1687840223312378,0.7440000176429749,0.36640000343322754
YPL169C,YDL154W,0,-5.7070737,0.1687457412481308,0.7440000176429749,0.36649999022483826
YBR186W,YGL135W,0,-5.707277,0.1687074899673462,0.7440000176429749,0.36660000681877136
YDR227W,YML088W,0,-5.7077885,0.16866923868656158,0.7440000176429749,0.3666999936103821
YBR085W,YLR303W,0,-5.707893,0.16863100230693817,0.7440000176429749,0.3668000102043152
YJL128C,YFL058W,0,-5.708283,0.16859279572963715,0.7440000176429749,0.3668999969959259
YGR088W,YJR118C,0,-5.7084002,0.16855460405349731,0.7440000176429749,0.367000013589859
YDR011W,YML085C,0,-5.7085156,0.16851642727851868,0.7440000176429749,0.3671000003814697
YLR342W,YLR396C,1,-5.708637,0.16870470345020294,0.7450000047683716,0.3671000003814697
YCR038C,YDR082W,0,-5.709066,0.1686665117740631,0.7450000047683716,0.36719998717308044
YNL172W,YGR254W,0,-5.7090726,0.16862833499908447,0.7450000047683716,0.36730000376701355
YJL071W,YGL143C,0,-5.709332,0.16859017312526703,0.7450000047683716,0.36739999055862427
YER109C,YJR059W,0,-5.7095184,0.16855204105377197,0.7450000047683716,0.3675000071525574
YMR246W,YLR254C,0,-5.7097096,0.16851390898227692,0.7450000047683716,0.3675999939441681
YLR357W,YMR060C,0,-5.7097692,0.16847580671310425,0.7450000047683716,0.3677000105381012
YIL040W,YNL222W,0,-5.710134,0.16843771934509277,0.7450000047683716,0.3677999973297119
YBL014C,YGR020C,0,-5.710277,0.1683996319770813,0.7450000047683716,0.367900013923645
YBL025W,YGL112C,0,-5.7103477,0.1683615893125534,0.7450000047683716,0.36800000071525574
YEL053C,YIL143C,0,-5.710419,0.1683235466480255,0.7450000047683716,0.36809998750686646
YLL035W,YLR033W,0,-5.7104287,0.1682855188846588,0.7450000047683716,0.36820000410079956
YLR450W,YER028C,0,-5.7110453,0.1682475209236145,0.7450000047683716,0.3682999908924103
YKL051W,YNL273W,0,-5.7114,0.1682095229625702,0.7450000047683716,0.3684000074863434
YEL009C,YDR108W,0,-5.7114396,0.16817155480384827,0.7450000047683716,0.3684999942779541
YGL043W,YGL044C,0,-5.711456,0.16813360154628754,0.7450000047683716,0.3686000108718872
YGR108W,YDR328C,0,-5.711512,0.168095663189888,0.7450000047683716,0.3686999976634979
YDR231C,YJL062W,0,-5.7115407,0.16805775463581085,0.7450000047683716,0.36880001425743103
YAR008W,YLR181C,0,-5.711708,0.1680198460817337,0.7450000047683716,0.36890000104904175
YER042W,YBL014C,0,-5.7117767,0.16798196732997894,0.7450000047683716,0.36899998784065247
YMR212C,YER165W,0,-5.7121344,0.16794408857822418,0.7450000047683716,0.36910000443458557
YNL036W,YJR035W,0,-5.7125373,0.1679062396287918,0.7450000047683716,0.3691999912261963
YGL116W,YJR126C,0,-5.713405,0.16786840558052063,0.7450000047683716,0.3693000078201294
YBR029C,YHR027C,0,-5.713406,0.16783058643341064,0.7450000047683716,0.3693999946117401
YIL051C,YDL006W,0,-5.7135205,0.16779279708862305,0.7450000047683716,0.3695000112056732
YLR231C,YJL201W,0,-5.7137666,0.16775500774383545,0.7450000047683716,0.36959999799728394
YLR431C,YCL067C,0,-5.7137856,0.16771724820137024,0.7450000047683716,0.36970001459121704
YER088C,YFR019W,0,-5.713816,0.16767948865890503,0.7450000047683716,0.36980000138282776
YNL130C,YKL032C,0,-5.713841,0.1676417589187622,0.7450000047683716,0.3698999881744385
YKL101W,YNL072W,0,-5.713871,0.16760404407978058,0.7450000047683716,0.3700000047683716
YML094W,YDL078C,0,-5.7143655,0.16756635904312134,0.7450000047683716,0.3700999915599823
YHR158C,YPL133C,0,-5.714415,0.1675286740064621,0.7450000047683716,0.3702000081539154
YIR015W,YBL025W,0,-5.714605,0.16749100387096405,0.7450000047683716,0.3702999949455261
YOR298C-A,YMR089C,0,-5.7147727,0.1674533635377884,0.7450000047683716,0.37040001153945923
YPR031W,YKL079W,0,-5.71514,0.16741572320461273,0.7450000047683716,0.37049999833106995
YLR172C,YGL020C,0,-5.715221,0.16737811267375946,0.7450000047683716,0.37059998512268066
YIL070C,YJR052W,0,-5.7152324,0.16734051704406738,0.7450000047683716,0.37070000171661377
YKL182W,YCL033C,0,-5.7155256,0.1673029363155365,0.7450000047683716,0.3707999885082245
YER015W,YCR060W,0,-5.715803,0.167265385389328,0.7450000047683716,0.3709000051021576
YHR129C,YNL314W,0,-5.7158766,0.1672278344631195,0.7450000047683716,0.3709999918937683
YER177W,YER142C,0,-5.715936,0.1671902984380722,0.7450000047683716,0.3711000084877014
YJR070C,YGL022W,0,-5.7163196,0.1671527922153473,0.7450000047683716,0.37119999527931213
YOR191W,YDR073W,0,-5.7163997,0.16711530089378357,0.7450000047683716,0.37130001187324524
YLR380W,YPL243W,0,-5.7167506,0.16707782447338104,0.7450000047683716,0.37139999866485596
YML051W,YGR229C,0,-5.716963,0.1670403629541397,0.7450000047683716,0.3714999854564667
YBL030C,YIR026C,0,-5.717022,0.16700291633605957,0.7450000047683716,0.3716000020503998
YOL112W,YJR145C,0,-5.7173095,0.16696548461914062,0.7450000047683716,0.3716999888420105
YGL094C,YER075C,0,-5.717945,0.16692808270454407,0.7450000047683716,0.3718000054359436
YHR068W,YLR427W,0,-5.718494,0.1668906807899475,0.7450000047683716,0.3718999922275543
YER073W,YDR054C,0,-5.718784,0.16685330867767334,0.7450000047683716,0.3720000088214874
YKR101W,YDR409W,0,-5.718855,0.16681593656539917,0.7450000047683716,0.37209999561309814
YDR195W,YDL047W,0,-5.71892,0.1667785942554474,0.7450000047683716,0.37220001220703125
YBR298C,YJR010C-A,0,-5.7191358,0.1667412668466568,0.7450000047683716,0.37229999899864197
YLR347C,YOR162C,0,-5.719198,0.1667039543390274,0.7450000047683716,0.3723999857902527
YCR086W,YEL034W,0,-5.719295,0.1666666716337204,0.7450000047683716,0.3725000023841858
YPL213W,YDR322C-A,0,-5.7193117,0.1666293889284134,0.7450000047683716,0.3725999891757965
YHR059W,YJL030W,0,-5.7194037,0.16659213602542877,0.7450000047683716,0.3727000057697296
YKL182W,YDL140C,0,-5.7195,0.16655488312244415,0.7450000047683716,0.37279999256134033
YLR078C,YMR246W,0,-5.719617,0.16651766002178192,0.7450000047683716,0.37290000915527344
YJR001W,YGL229C,0,-5.7197156,0.16648045182228088,0.7450000047683716,0.37299999594688416
YMR150C,YMR227C,0,-5.7198086,0.16644325852394104,0.7450000047683716,0.37310001254081726
YEL061C,YDL101C,0,-5.719875,0.1664060801267624,0.7450000047683716,0.373199999332428
YLR047C,YJL094C,0,-5.719927,0.16636891663074493,0.7450000047683716,0.3732999861240387
YDL137W,YPL235W,0,-5.7200885,0.16633176803588867,0.7450000047683716,0.3734000027179718
YBR215W,YMR293C,0,-5.720399,0.1662946492433548,0.7450000047683716,0.3734999895095825
YHR171W,YIL112W,0,-5.720429,0.16625753045082092,0.7450000047683716,0.3736000061035156
YKL178C,YPL234C,0,-5.720506,0.16622044146060944,0.7450000047683716,0.37369999289512634
YJR156C,YER041W,0,-5.720608,0.16618335247039795,0.7450000047683716,0.37380000948905945
YDR016C,YML055W,0,-5.720726,0.16614629328250885,0.7450000047683716,0.37389999628067017
YIL124W,YGL093W,0,-5.7209764,0.16610924899578094,0.7450000047683716,0.37400001287460327
YGL181W,YOR237W,1,-5.7210402,0.1662951409816742,0.7459999918937683,0.37400001287460327
YOR133W,YDR447C,0,-5.721058,0.1662580817937851,0.7459999918937683,0.374099999666214
YBL099W,YLR214W,0,-5.721061,0.1662210375070572,0.7459999918937683,0.3741999864578247
YJL006C,YDR414C,0,-5.721089,0.16618400812149048,0.7459999918937683,0.3743000030517578
YPL137C,YPL283C,0,-5.721172,0.16614699363708496,0.7459999918937683,0.37439998984336853
YGR247W,YIL038C,0,-5.7212787,0.16610999405384064,0.7459999918937683,0.37450000643730164
YER157W,YJL108C,0,-5.721524,0.1660730242729187,0.7459999918937683,0.37459999322891235
YER149C,YOR054C,0,-5.7222476,0.16603605449199677,0.7459999918937683,0.37470000982284546
YOR266W,YDR073W,0,-5.722443,0.16599911451339722,0.7459999918937683,0.3747999966144562
YOR109W,YJL204C,1,-5.7227006,0.16618464887142181,0.746999979019165,0.3747999966144562
YLR148W,YJL187C,0,-5.7227507,0.16614769399166107,0.746999979019165,0.3749000132083893
YOR160W,YFR040W,0,-5.723145,0.16611073911190033,0.746999979019165,0.375
YMR287C,YLR360W,0,-5.723223,0.16607381403446198,0.746999979019165,0.3750999867916107
YPR135W,YMR150C,0,-5.7232547,0.16603690385818481,0.746999979019165,0.3752000033855438
YML081C-A,YKL172W,0,-5.723469,0.16599999368190765,0.746999979019165,0.37529999017715454
YML065W,YER094C,0,-5.7234836,0.16596311330795288,0.746999979019165,0.37540000677108765
YMR128W,YBL006C,0,-5.723554,0.1659262478351593,0.746999979019165,0.37549999356269836
YFR024C-A,YFL045C,0,-5.723597,0.1658894121646881,0.746999979019165,0.37560001015663147
YBL085W,YGL207W,0,-5.7236333,0.16585257649421692,0.746999979019165,0.3756999969482422
YIL044C,YDL231C,1,-5.7236657,0.16603773832321167,0.7480000257492065,0.3756999969482422
YMR192W,YKL042W,0,-5.7238007,0.16600088775157928,0.7480000257492065,0.3758000135421753
YML077W,YMR054W,0,-5.7239203,0.1659640520811081,0.7480000257492065,0.375900000333786
YMR202W,YBL088C,0,-5.724407,0.1659272462129593,0.7480000257492065,0.37599998712539673
YCR048W,YPR054W,0,-5.7244444,0.16589044034481049,0.7480000257492065,0.37610000371932983
YIL034C,YHR034C,0,-5.724483,0.16585366427898407,0.7480000257492065,0.37619999051094055
YPR025C,YNL241C,0,-5.724836,0.16581688821315765,0.7480000257492065,0.37630000710487366
YBR021W,YPR138C,0,-5.7248425,0.16578014194965363,0.7480000257492065,0.3763999938964844
YGL194C,YDR498C,0,-5.724917,0.1657434105873108,0.7480000257492065,0.3765000104904175
YMR238W,YHR200W,0,-5.7253585,0.16570669412612915,0.7480000257492065,0.3765999972820282
YBL056W,YLR435W,0,-5.7254977,0.1656699925661087,0.7480000257492065,0.3767000138759613
YCL025C,YOL043C,0,-5.725794,0.16563330590724945,0.7480000257492065,0.376800000667572
YOR316C,YGR095C,0,-5.7258935,0.1655966341495514,0.7480000257492065,0.37689998745918274
YML081C-A,YPL249C,0,-5.7260337,0.16555997729301453,0.7480000257492065,0.37700000405311584
YDR244W,YGR033C,0,-5.7261796,0.16552335023880005,0.7480000257492065,0.37709999084472656
YOL051W,YNL186W,0,-5.72641,0.16548672318458557,0.7480000257492065,0.37720000743865967
YPR138C,YOR386W,0,-5.7266,0.16545012593269348,0.7480000257492065,0.3772999942302704
YPL046C,YAL007C,0,-5.726874,0.1654135286808014,0.7480000257492065,0.3774000108242035
YDL165W,YPR179C,0,-5.7270155,0.1653769612312317,0.7480000257492065,0.3774999976158142
YMR198W,YBR022W,0,-5.7272754,0.16534040868282318,0.7480000257492065,0.3776000142097473
YLR399C,YLR383W,0,-5.727355,0.16530387103557587,0.7480000257492065,0.37770000100135803
YGL027C,YBL051C,0,-5.72743,0.16526734828948975,0.7480000257492065,0.37779998779296875
YGL254W,YDR382W,0,-5.7277036,0.16523084044456482,0.7480000257492065,0.37790000438690186
YLR431C,YDR108W,0,-5.7280965,0.1651943475008011,0.7480000257492065,0.3779999911785126
YOR074C,YLR138W,0,-5.7284293,0.16515786945819855,0.7480000257492065,0.3781000077724457
YKL093W,YBR289W,0,-5.7289147,0.1651214063167572,0.7480000257492065,0.3781999945640564
YMR270C,YOR054C,0,-5.7289243,0.16508497297763824,0.7480000257492065,0.3783000111579895
YAL053W,YPL156C,0,-5.729297,0.1650485396385193,0.7480000257492065,0.3783999979496002
YGL047W,YNR015W,0,-5.7295375,0.16501213610172272,0.7480000257492065,0.3785000145435333
YBL018C,YLR033W,0,-5.729949,0.16497573256492615,0.7480000257492065,0.37860000133514404
YHR079C,YDL095W,0,-5.730677,0.16493935883045197,0.7480000257492065,0.37869998812675476
YKL129C,YOR043W,1,-5.730698,0.16512346267700195,0.7490000128746033,0.37869998812675476
YJR068W,YDR143C,0,-5.7307067,0.16508705914020538,0.7490000128746033,0.37880000472068787
YPR001W,YOR151C,0,-5.731424,0.1650506854057312,0.7490000128746033,0.3788999915122986
YDR411C,YKL214C,0,-5.731525,0.1650143265724182,0.7490000128746033,0.3790000081062317
YEL061C,YDR078C,0,-5.7315507,0.16497796773910522,0.7490000128746033,0.3790999948978424
YOR040W,YPL083C,0,-5.731639,0.16494163870811462,0.7490000128746033,0.3792000114917755
YDR245W,YOL116W,0,-5.731793,0.16490532457828522,0.7490000128746033,0.37929999828338623
YOL165C,YOR260W,0,-5.7317977,0.164869025349617,0.7490000128746033,0.37940001487731934
YLR144C,YDR381W,0,-5.731814,0.16483274102210999,0.7490000128746033,0.37950000166893005
YGR029W,YPL171C,0,-5.7318215,0.16479648649692535,0.7490000128746033,0.37959998846054077
YGL020C,YJL076W,0,-5.732368,0.16476023197174072,0.7490000128746033,0.3797000050544739
YNL153C,YDR005C,0,-5.732527,0.16472399234771729,0.7490000128746033,0.3797999918460846
YDR173C,YGL115W,0,-5.7325354,0.16468776762485504,0.7490000128746033,0.3799000084400177
YML078W,YDR356W,0,-5.732719,0.16465157270431519,0.7490000128746033,0.3799999952316284
YER165W,YDR280W,0,-5.7328095,0.16461537778377533,0.7490000128746033,0.3801000118255615
YLR106C,YNL049C,0,-5.7328296,0.16457921266555786,0.7490000128746033,0.38019999861717224
YBL099W,YPL002C,0,-5.7329855,0.1645430624485016,0.7490000128746033,0.38029998540878296
YDR518W,YNL309W,0,-5.733085,0.1645069122314453,0.7490000128746033,0.38040000200271606
YPR143W,YER074W-A,0,-5.7332387,0.16447079181671143,0.7490000128746033,0.3804999887943268
YMR092C,YER174C,0,-5.733754,0.16443468630313873,0.7490000128746033,0.3806000053882599
YER020W,YDR461W,0,-5.733867,0.16439859569072723,0.7490000128746033,0.3806999921798706
YMR319C,YMR305C,0,-5.734272,0.16436251997947693,0.7490000128746033,0.3808000087738037
YGL245W,YDR342C,0,-5.7344384,0.16432645916938782,0.7490000128746033,0.38089999556541443
YJL013C,YBL079W,0,-5.734983,0.1642904132604599,0.7490000128746033,0.38100001215934753
YLR340W,YNL246W,0,-5.734992,0.16425438225269318,0.7490000128746033,0.38109999895095825
YDR384C,YLR390W-A,0,-5.735044,0.16421836614608765,0.7490000128746033,0.38119998574256897
YPR122W,YKL043W,0,-5.735077,0.1641823798418045,0.7490000128746033,0.3813000023365021
YJR093C,YGL171W,0,-5.735211,0.16414639353752136,0.7490000128746033,0.3813999891281128
YHR059W,YHR008C,0,-5.7353034,0.16411042213439941,0.7490000128746033,0.3815000057220459
YOR185C,YGR118W,0,-5.7354293,0.16407448053359985,0.7490000128746033,0.3815999925136566
YNL147W,YPL253C,0,-5.7358575,0.1640385389328003,0.7490000128746033,0.3817000091075897
YFL048C,YBR215W,0,-5.7366986,0.16400262713432312,0.7490000128746033,0.38179999589920044
YJL031C,YDR150W,0,-5.7367234,0.16396673023700714,0.7490000128746033,0.38190001249313354
YBR288C,YLR242C,1,-5.7370825,0.1641497015953064,0.75,0.38190001249313354
YDL243C,YGL211W,0,-5.7371287,0.16411378979682922,0.75,0.38199999928474426
YDL132W,YMR212C,0,-5.737222,0.16407787799835205,0.75,0.382099986076355
YDR072C,YFR001W,0,-5.7372756,0.16404199600219727,0.75,0.3822000026702881
YDL165W,YCR031C,0,-5.7375083,0.16400612890720367,0.75,0.3822999894618988
YDR224C,YJL098W,0,-5.738013,0.16397026181221008,0.75,0.3824000060558319
YCR077C,YDR469W,0,-5.73812,0.16393442451953888,0.75,0.3824999928474426
YBR233W-A,YMR186W,0,-5.738238,0.16389860212802887,0.75,0.38260000944137573
YML126C,YPR193C,0,-5.7383633,0.16386279463768005,0.75,0.38269999623298645
YHL019C,YKL203C,1,-5.7387996,0.16404543817043304,0.7509999871253967,0.38269999623298645
YDL044C,YOR363C,0,-5.738825,0.16400961577892303,0.7509999871253967,0.38280001282691956
YPL174C,YIR015W,0,-5.7390194,0.16397379338741302,0.7509999871253967,0.3828999996185303
YHR068W,YFR024C-A,0,-5.739118,0.1639380007982254,0.7509999871253967,0.382999986410141
YBR039W,YKL012W,0,-5.7393136,0.16390222311019897,0.7509999871253967,0.3831000030040741
YPL042C,YLR212C,0,-5.739426,0.16386646032333374,0.7509999871253967,0.3831999897956848
YIL095W,YJL204C,1,-5.7394576,0.16404886543750763,0.7519999742507935,0.3831999897956848
YMR142C,YGR009C,0,-5.7397294,0.1640130877494812,0.7519999742507935,0.3833000063896179
YGR224W,YLR115W,0,-5.7398005,0.16397732496261597,0.7519999742507935,0.38339999318122864
YMR235C,YBR061C,0,-5.7403765,0.16394157707691193,0.7519999742507935,0.38350000977516174
YDR337W,YLR010C,0,-5.7404704,0.16390584409236908,0.7519999742507935,0.38359999656677246
YFR014C,YCL055W,0,-5.7406354,0.16387012600898743,0.7519999742507935,0.38370001316070557
YHR171W,YDL095W,0,-5.740641,0.16383442282676697,0.7519999742507935,0.3837999999523163
YGR003W,YMR091C,0,-5.740682,0.1637987345457077,0.7519999742507935,0.383899986743927
YIL009W,YJL091C,0,-5.740731,0.16376306116580963,0.7519999742507935,0.3840000033378601
YOR109W,YIL095W,1,-5.7408934,0.16394513845443726,0.753000020980835,0.3840000033378601
YDR173C,YNR013C,0,-5.74095,0.163909450173378,0.753000020980835,0.3840999901294708
YDR228C,YJL176C,0,-5.7410345,0.16387377679347992,0.753000020980835,0.38420000672340393
YPL042C,YDL084W,0,-5.7412963,0.16383811831474304,0.753000020980835,0.38429999351501465
YML021C,YOL109W,0,-5.741512,0.16380247473716736,0.753000020980835,0.38440001010894775
YBR288C,YDL231C,1,-5.7417216,0.16398434340953827,0.7540000081062317,0.38440001010894775
YER061C,YBR006W,0,-5.742443,0.1639486849308014,0.7540000081062317,0.38449999690055847
YJL102W,YGR143W,0,-5.7426414,0.1639130413532257,0.7540000081062317,0.3846000134944916
YDL008W,YBL019W,0,-5.742991,0.16387741267681122,0.7540000081062317,0.3847000002861023
YOL080C,YKL081W,0,-5.7430105,0.16384181380271912,0.7540000081062317,0.384799987077713
YJL076W,YGR033C,0,-5.743203,0.16380621492862701,0.7540000081062317,0.3849000036716461
YDR485C,YMR104C,0,-5.7432723,0.1637706309556961,0.7540000081062317,0.38499999046325684
YNR007C,YJR007W,0,-5.7434793,0.16373507678508759,0.7540000081062317,0.38510000705718994
YDR158W,YHR085W,0,-5.7437067,0.16369952261447906,0.7540000081062317,0.38519999384880066
YNL059C,YLR007W,0,-5.7437315,0.16366398334503174,0.7540000081062317,0.38530001044273376
YJR160C,YGR229C,0,-5.7437634,0.1636284738779068,0.7540000081062317,0.3853999972343445
YGR046W,YGR192C,0,-5.7437954,0.16359296441078186,0.7540000081062317,0.3855000138282776
YLR459W,YML046W,0,-5.744372,0.1635574847459793,0.7540000081062317,0.3856000006198883
YDR123C,YDR470C,0,-5.7445207,0.16352201998233795,0.7540000081062317,0.385699987411499
YFR027W,YNL015W,0,-5.7449923,0.1634865552186966,0.7540000081062317,0.38580000400543213
YDR423C,YLR216C,0,-5.745007,0.16345112025737762,0.7540000081062317,0.38589999079704285
YOR112W,YGR161C,0,-5.745027,0.16341568529605865,0.7540000081062317,0.38600000739097595
YJL071W,YBR167C,0,-5.7451577,0.16338028013706207,0.7540000081062317,0.38609999418258667
YNL051W,YBL016W,0,-5.7452006,0.16334488987922668,0.7540000081062317,0.3862000107765198
YDR302W,YAL051W,0,-5.7456536,0.1633095145225525,0.7540000081062317,0.3862999975681305
YGR254W,YKR022C,0,-5.7457647,0.1632741391658783,0.7540000081062317,0.3864000141620636
YOL108C,YKR002W,0,-5.7457666,0.1632387936115265,0.7540000081062317,0.3865000009536743
YDL243C,YNL257C,0,-5.745891,0.16320346295833588,0.7540000081062317,0.38659998774528503
YCL051W,YPR080W,0,-5.7464385,0.16316814720630646,0.7540000081062317,0.38670000433921814
YPL018W,YNL047C,0,-5.7465034,0.16313284635543823,0.7540000081062317,0.38679999113082886
YBR161W,YHR001W-A,0,-5.7465053,0.1630975604057312,0.7540000081062317,0.38690000772476196
YJL074C,YGL227W,0,-5.746538,0.16306228935718536,0.7540000081062317,0.3869999945163727
YOL043C,YOL010W,0,-5.747191,0.16302703320980072,0.7540000081062317,0.3871000111103058
YDR310C,YNL064C,0,-5.747394,0.16299179196357727,0.7540000081062317,0.3871999979019165
YGL065C,YPL233W,0,-5.7476597,0.16295656561851501,0.7540000081062317,0.3873000144958496
YPL060W,YGL022W,0,-5.748194,0.16292135417461395,0.7540000081062317,0.3874000012874603
YER145C,YLR182W,0,-5.7483354,0.16288615763187408,0.7540000081062317,0.38749998807907104
YML078W,YML127W,0,-5.748489,0.1628509759902954,0.7540000081062317,0.38760000467300415
YDR507C,YLR398C,0,-5.748558,0.16281580924987793,0.7540000081062317,0.38769999146461487
YPR021C,YCR060W,0,-5.748675,0.16278065741062164,0.7540000081062317,0.387800008058548
YKL149C,YDR108W,0,-5.7487597,0.16274552047252655,0.7540000081062317,0.3878999948501587
YDR365C,YLR032W,0,-5.749129,0.16271039843559265,0.7540000081062317,0.3880000114440918
YOR173W,YOL105C,0,-5.749265,0.16267529129981995,0.7540000081062317,0.3880999982357025
YIL159W,YMR038C,0,-5.74927,0.16264021396636963,0.7540000081062317,0.3882000148296356
YEL053C,YNR013C,0,-5.7493443,0.1626051366329193,0.7540000081062317,0.38830000162124634
YDL245C,YJL035C,0,-5.750138,0.1625700742006302,0.7540000081062317,0.38839998841285706
YKL139W,YDR488C,0,-5.750652,0.16253502666950226,0.7540000081062317,0.38850000500679016
YER001W,YDR082W,0,-5.7507973,0.16249999403953552,0.7540000081062317,0.3885999917984009
YPR105C,YDR469W,0,-5.750871,0.16246499121189117,0.7540000081062317,0.388700008392334
YPL119C,YPR110C,0,-5.750927,0.16242998838424683,0.7540000081062317,0.3887999951839447
YLR035C,YOR230W,0,-5.750931,0.16239500045776367,0.7540000081062317,0.3889000117778778
YGL216W,YOR049C,0,-5.7509694,0.1623600274324417,0.7540000081062317,0.3889999985694885
YOL002C,YKR031C,0,-5.751085,0.16232508420944214,0.7540000081062317,0.38909998536109924
YDL092W,YGR296W,0,-5.751496,0.16229014098644257,0.7540000081062317,0.38920000195503235
YER107C,YLR059C,0,-5.7515063,0.1622552126646042,0.7540000081062317,0.38929998874664307
YAR015W,YJR009C,0,-5.7517257,0.1622203141450882,0.7540000081062317,0.38940000534057617
YPL188W,YLL012W,0,-5.751887,0.1621854156255722,0.7540000081062317,0.3894999921321869
YKR003W,YLR396C,1,-5.7526536,0.16236558556556702,0.7549999952316284,0.3894999921321869
YCL067C,YBR183W,0,-5.753122,0.16233068704605103,0.7549999952316284,0.38960000872612
YDL046W,YOR127W,0,-5.7531905,0.16229578852653503,0.7549999952316284,0.3896999955177307
YOL149W,YOR328W,0,-5.7532783,0.16226090490818024,0.7549999952316284,0.3898000121116638
YEL027W,YML052W,1,-5.753547,0.16244091093540192,0.7559999823570251,0.3898000121116638
YCR082W,YER165W,0,-5.753707,0.16240601241588593,0.7559999823570251,0.38989999890327454
YFR005C,YML064C,0,-5.7537155,0.16237112879753113,0.7559999823570251,0.38999998569488525
YCL014W,YLL013C,0,-5.7537827,0.16233627498149872,0.7559999823570251,0.39010000228881836
YHR129C,YHR043C,0,-5.753842,0.1623014211654663,0.7559999823570251,0.3901999890804291
YLR190W,YML015C,0,-5.75386,0.1622665822505951,0.7559999823570251,0.3903000056743622
YOR204W,YBL042C,0,-5.754185,0.16223175823688507,0.7559999823570251,0.3903999924659729
YLR071C,YKR053C,0,-5.754316,0.16219694912433624,0.7559999823570251,0.390500009059906
YHR065C,YGL028C,0,-5.7543826,0.1621621549129486,0.7559999823570251,0.3905999958515167
YPL170W,YDL085W,0,-5.7547097,0.16212739050388336,0.7559999823570251,0.39070001244544983
YPR025C,YOR040W,0,-5.7547398,0.16209262609481812,0.7559999823570251,0.39079999923706055
YMR225C,YOR224C,0,-5.7548003,0.16205787658691406,0.7559999823570251,0.39089998602867126
YML113W,YOR168W,0,-5.7550216,0.1620231419801712,0.7559999823570251,0.39100000262260437
YPL115C,YNL329C,0,-5.755113,0.16198842227458954,0.7559999823570251,0.3910999894142151
YGL181W,YNL154C,1,-5.7552533,0.16216795146465302,0.7570000290870667,0.3910999894142151
YBR233W-A,YGL066W,0,-5.75527,0.16213321685791016,0.7570000290870667,0.3912000060081482
YCR010C,YFL013C,0,-5.755307,0.1620984971523285,0.7570000290870667,0.3912999927997589
YPL145C,YGL045W,1,-5.7553363,0.16227789223194122,0.7580000162124634,0.3912999927997589
YMR213W,YER146W,0,-5.7554374,0.16224315762519836,0.7580000162124634,0.391400009393692
YOL088C,YGR013W,0,-5.7554736,0.1622084379196167,0.7580000162124634,0.39149999618530273
YGL013C,YDR409W,0,-5.7555747,0.16217373311519623,0.7580000162124634,0.39160001277923584
YNL148C,YDR098C,0,-5.7558584,0.16213904321193695,0.7580000162124634,0.39169999957084656
YJL013C,YAL034W-A,0,-5.7561436,0.16210436820983887,0.7580000162124634,0.3917999863624573
YDL174C,YMR207C,0,-5.7562537,0.16206970810890198,0.7580000162124634,0.3919000029563904
YNR038W,YOR151C,0,-5.7564955,0.16203506290912628,0.7580000162124634,0.3919999897480011
YOL090W,YMR267W,0,-5.7565837,0.16200043261051178,0.7580000162124634,0.3921000063419342
YOR112W,YCR081W,0,-5.756759,0.16196581721305847,0.7580000162124634,0.3921999931335449
YJR053W,YBR050C,0,-5.756883,0.16193121671676636,0.7580000162124634,0.392300009727478
YMR025W,YBR073W,0,-5.7569146,0.16189663112163544,0.7580000162124634,0.39239999651908875
YLR096W,YKL035W,0,-5.7576275,0.1618620604276657,0.7580000162124634,0.39250001311302185
YPL167C,YDL138W,0,-5.7576857,0.16182750463485718,0.7580000162124634,0.39259999990463257
YDR221W,YGR119C,0,-5.757944,0.16179294884204865,0.7580000162124634,0.3926999866962433
YAR018C,YPR031W,0,-5.758021,0.1617584228515625,0.7580000162124634,0.3928000032901764
YDR288W,YAL043C,0,-5.758473,0.16172391176223755,0.7580000162124634,0.3928999900817871
YLR172C,YMR311C,0,-5.7586336,0.1616894155740738,0.7580000162124634,0.3930000066757202
YDR411C,YPL164C,0,-5.7586513,0.16165493428707123,0.7580000162124634,0.39309999346733093
YCR098C,YLR254C,0,-5.7586884,0.16162046790122986,0.7580000162124634,0.39320001006126404
YLR459W,YDL080C,0,-5.7594,0.16158601641654968,0.7580000162124634,0.39329999685287476
YML052W,YLR396C,1,-5.7594924,0.1617647111415863,0.7590000033378601,0.39329999685287476
YOR284W,YCR033W,0,-5.759561,0.16173022985458374,0.7590000033378601,0.39340001344680786
YER068W,YML098W,0,-5.759653,0.16169577836990356,0.7590000033378601,0.3935000002384186
YCL051W,YLR424W,0,-5.7598376,0.16166134178638458,0.7590000033378601,0.3935999870300293
YMR316W,YMR207C,0,-5.75989,0.1616269201040268,0.7590000033378601,0.3937000036239624
YDL115C,YNL167C,0,-5.7600374,0.161592498421669,0.7590000033378601,0.3937999904155731
YBL014C,YMR013C,0,-5.760179,0.1615581065416336,0.7590000033378601,0.3939000070095062
YGR178C,YHL028W,0,-5.760184,0.1615237295627594,0.7590000033378601,0.39399999380111694
YMR280C,YOR040W,0,-5.7602525,0.1614893674850464,0.7590000033378601,0.39410001039505005
YER009W,YOR127W,0,-5.7606435,0.16145500540733337,0.7590000033378601,0.39419999718666077
YPR021C,YPR132W,0,-5.76065,0.16142067313194275,0.7590000033378601,0.39430001378059387
YMR033W,YAR031W,0,-5.7608385,0.16138635575771332,0.7590000033378601,0.3944000005722046
YLR238W,YEL020W-A,0,-5.761005,0.1613520383834839,0.7590000033378601,0.3944999873638153
YLL042C,YGR175C,0,-5.7615995,0.16131775081157684,0.7590000033378601,0.3946000039577484
YOR160W,YHR008C,0,-5.7616363,0.1612834632396698,0.7590000033378601,0.39469999074935913
YDR181C,YPR056W,0,-5.7618227,0.16124920547008514,0.7590000033378601,0.39480000734329224
YKR022C,YGR183C,0,-5.761888,0.1612149477005005,0.7590000033378601,0.39489999413490295
YJL184W,YAR033W,0,-5.762796,0.16118071973323822,0.7590000033378601,0.39500001072883606
YGL195W,YOR330C,0,-5.763177,0.16114649176597595,0.7590000033378601,0.3950999975204468
YMR220W,YDL078C,0,-5.7632484,0.16111229360103607,0.7590000033378601,0.3952000141143799
YLR433C,YGL207W,0,-5.763513,0.1610780954360962,0.7590000033378601,0.3953000009059906
YAR014C,YEL050C,0,-5.7637877,0.1610439270734787,0.7590000033378601,0.3953999876976013
YJL164C,YOR083W,0,-5.763842,0.1610097587108612,0.7590000033378601,0.3955000042915344
YOR363C,YOL129W,0,-5.763847,0.1609756052494049,0.7590000033378601,0.39559999108314514
YDR264C,YLR337C,1,-5.763849,0.16115352511405945,0.7599999904632568,0.39559999108314514
YBR228W,YDR464W,0,-5.763855,0.16111935675144196,0.7599999904632568,0.39570000767707825
YOL002C,YDR393W,0,-5.764006,0.16108520328998566,0.7599999904632568,0.39579999446868896
YHR171W,YJR052W,0,-5.764016,0.16105106472969055,0.7599999904632568,0.39590001106262207
YOL049W,YER149C,0,-5.764182,0.16101695597171783,0.7599999904632568,0.3959999978542328
YGR095C,YDR353W,0,-5.7641993,0.16098284721374512,0.7599999904632568,0.3961000144481659
YOR113W,YML071C,0,-5.7644067,0.1609487533569336,0.7599999904632568,0.3962000012397766
YER088C,YLR238W,0,-5.764549,0.16091467440128326,0.7599999904632568,0.39629998803138733
YER149C,YDR142C,0,-5.7645946,0.16088061034679413,0.7599999904632568,0.39640000462532043
YFR019W,YNL135C,0,-5.7646966,0.1608465611934662,0.7599999904632568,0.39649999141693115
YDR076W,YDR325W,0,-5.7648606,0.16081252694129944,0.7599999904632568,0.39660000801086426
YOR168W,YCR066W,0,-5.765051,0.16077850759029388,0.7599999904632568,0.396699994802475
YMR073C,YPL156C,0,-5.7654767,0.16074450314044952,0.7599999904632568,0.3968000113964081
YBR154C,YDL084W,0,-5.76574,0.16071051359176636,0.7599999904632568,0.3968999981880188
YDL142C,YGL229C,0,-5.7657466,0.16067653894424438,0.7599999904632568,0.3970000147819519
YBR298C,YLR191W,0,-5.765755,0.1606425642967224,0.7599999904632568,0.3971000015735626
YNL164C,YDR334W,0,-5.766107,0.16060861945152283,0.7599999904632568,0.39719998836517334
YGR036C,YDR400W,0,-5.7662225,0.16057468950748444,0.7599999904632568,0.39730000495910645
YDL192W,YDL244W,0,-5.766584,0.16054077446460724,0.7599999904632568,0.39739999175071716
YNL082W,YKL015W,0,-5.7665963,0.16050685942173004,0.7599999904632568,0.39750000834465027
YLR201C,YKL035W,0,-5.766664,0.16047297418117523,0.7599999904632568,0.397599995136261
YOR245C,YMR065W,0,-5.7668457,0.16043910384178162,0.7599999904632568,0.3977000117301941
YPL119C,YBL026W,0,-5.767241,0.160405233502388,0.7599999904632568,0.3977999985218048
YER122C,YHR106W,0,-5.7676425,0.16037139296531677,0.7599999904632568,0.3978999853134155
YDR364C,YOL026C,0,-5.767654,0.16033755242824554,0.7599999904632568,0.39800000190734863
YLR418C,YGL008C,0,-5.767698,0.1603037267923355,0.7599999904632568,0.39809998869895935
YDL013W,YFL034C-B,0,-5.7677627,0.16026993095874786,0.7599999904632568,0.39820000529289246
YHR165C,YBL055C,0,-5.7684836,0.16023613512516022,0.7599999904632568,0.3982999920845032
YER142C,YDR079C-A,0,-5.768794,0.16020235419273376,0.7599999904632568,0.3984000086784363
YHR043C,YBR083W,0,-5.76892,0.1601686030626297,0.7599999904632568,0.398499995470047
YBL046W,YHR069C,0,-5.7695236,0.16013485193252563,0.7599999904632568,0.3986000120639801
YPL204W,YOR109W,1,-5.769611,0.1603117734193802,0.7609999775886536,0.3986000120639801
YDL002C,YIL173W,0,-5.770349,0.16027800738811493,0.7609999775886536,0.3986999988555908
YDR039C,YPL159C,0,-5.7704825,0.16024425625801086,0.7609999775886536,0.39879998564720154
YDR217C,YPL106C,0,-5.7704864,0.160210520029068,0.7609999775886536,0.39890000224113464
YML062C,YER154W,0,-5.770922,0.16017679870128632,0.7609999775886536,0.39899998903274536
YMR184W,YDR037W,0,-5.7710624,0.16014309227466583,0.7609999775886536,0.39910000562667847
YBR198C,YHR099W,0,-5.771135,0.16010940074920654,0.7609999775886536,0.3991999924182892
YBR213W,YMR293C,0,-5.771333,0.16007572412490845,0.7609999775886536,0.3993000090122223
YOL165C,YJR001W,0,-5.7716856,0.16004206240177155,0.7609999775886536,0.399399995803833
YLR025W,YAL047C,0,-5.7717004,0.16000841557979584,0.7609999775886536,0.3995000123977661
YLR016C,YNR052C,0,-5.7719045,0.15997476875782013,0.7609999775886536,0.39959999918937683
YDR516C,YPL045W,0,-5.77239,0.1599411517381668,0.7609999775886536,0.39969998598098755
YJR089W,YOR151C,0,-5.772505,0.15990754961967468,0.7609999775886536,0.39980000257492065
YAL053W,YKL001C,0,-5.7725105,0.15987394750118256,0.7609999775886536,0.39989998936653137
YLR047C,YAL047C,0,-5.772575,0.15984037518501282,0.7609999775886536,0.4000000059604645
YPL061W,YDR472W,0,-5.7728534,0.15980680286884308,0.7609999775886536,0.4000999927520752
YLR242C,YLR371W,1,-5.7731934,0.15998320281505585,0.7620000243186951,0.4000999927520752
YCR024C-A,YDR416W,0,-5.7733617,0.15994961559772491,0.7620000243186951,0.4002000093460083
YOR136W,YBR017C,0,-5.7739825,0.15991605818271637,0.7620000243186951,0.400299996137619
YNL230C,YBL088C,0,-5.774055,0.15988250076770782,0.7620000243186951,0.4004000127315521
YDR171W,YLR378C,0,-5.7740874,0.15984895825386047,0.7620000243186951,0.40049999952316284
YCL067C,YGL090W,0,-5.7741227,0.15981543064117432,0.7620000243186951,0.40059998631477356
YJL186W,YOL033W,0,-5.7741513,0.15978191792964935,0.7620000243186951,0.40070000290870667
YHR053C,YGL099W,0,-5.774469,0.15974843502044678,0.7620000243186951,0.4007999897003174
YKL089W,YOR328W,0,-5.7745237,0.159714937210083,0.7620000243186951,0.4009000062942505
YKR097W,YGR044C,0,-5.774682,0.15968146920204163,0.7620000243186951,0.4009999930858612
YAL026C,YNL093W,1,-5.7747207,0.15985752642154694,0.7630000114440918,0.4009999930858612
YHR118C,YGR116W,0,-5.7750516,0.15982404351234436,0.7630000114440918,0.4011000096797943
YDL043C,YGR212W,0,-5.775215,0.15979057550430298,0.7630000114440918,0.40119999647140503
YMR198W,YCL008C,0,-5.7753053,0.1597571223974228,0.7630000114440918,0.40130001306533813
YOL115W,YDR447C,0,-5.776101,0.1597236692905426,0.7630000114440918,0.40139999985694885
YOL142W,YGL066W,0,-5.776156,0.1596902459859848,0.7630000114440918,0.40149998664855957
YDR078C,YML109W,0,-5.776254,0.1596568375825882,0.7630000114440918,0.4016000032424927
YCL044C,YMR117C,0,-5.7763057,0.1596234291791916,0.7630000114440918,0.4016999900341034
YBR195C,YLR107W,0,-5.7763963,0.15959005057811737,0.7630000114440918,0.4018000066280365
YKL001C,YFR050C,0,-5.776457,0.15955667197704315,0.7630000114440918,0.4018999934196472
YNL072W,YIL109C,0,-5.7768073,0.15952330827713013,0.7630000114440918,0.4020000100135803
YLR332W,YCL008C,0,-5.7768197,0.1594899594783783,0.7630000114440918,0.40209999680519104
YPL046C,YGL205W,0,-5.7769322,0.15945664048194885,0.7630000114440918,0.40220001339912415
YJL179W,YMR013C,0,-5.77702,0.1594233214855194,0.7630000114440918,0.40230000019073486
YMR280C,YGR005C,0,-5.777168,0.15939001739025116,0.7630000114440918,0.4023999869823456
YDR492W,YJL183W,0,-5.778253,0.1593567281961441,0.7630000114440918,0.4025000035762787
YMR246W,YLR192C,0,-5.7782955,0.15932345390319824,0.7630000114440918,0.4025999903678894
YNR044W,YKR053C,0,-5.778538,0.15929019451141357,0.7630000114440918,0.4027000069618225
YDR288W,YMR104C,0,-5.779267,0.1592569351196289,0.7630000114440918,0.4027999937534332
YMR299C,YDL044C,0,-5.779865,0.15922370553016663,0.7630000114440918,0.40290001034736633
YGL073W,YDR079C-A,0,-5.779923,0.15919049084186554,0.7630000114440918,0.40299999713897705
YGR197C,YPL042C,0,-5.779953,0.15915727615356445,0.7630000114440918,0.40310001373291016
YER030W,YDL154W,0,-5.779994,0.15912409126758575,0.7630000114440918,0.4032000005245209
YPL050C,YML095C,0,-5.780302,0.15909090638160706,0.7630000114440918,0.4032999873161316
YPL209C,YDR135C,0,-5.7806134,0.15905775129795074,0.7630000114440918,0.4034000039100647
YML042W,YLR256W,0,-5.780719,0.15902459621429443,0.7630000114440918,0.4034999907016754
YGL153W,YDL015C,0,-5.780764,0.15899145603179932,0.7630000114440918,0.4036000072956085
YBL084C,YDR164C,0,-5.781096,0.1589583307504654,0.7630000114440918,0.40369999408721924
YCL044C,YJR074W,0,-5.781106,0.15892522037029266,0.7630000114440918,0.40380001068115234
YPR104C,YBR021W,0,-5.781121,0.15889212489128113,0.7630000114440918,0.40389999747276306
YGR165W,YNL002C,0,-5.781297,0.1588590443134308,0.7630000114440918,0.40400001406669617
YKL101W,YER018C,0,-5.7819858,0.15882597863674164,0.7630000114440918,0.4041000008583069
YKL139W,YGR278W,0,-5.782801,0.15879292786121368,0.7630000114440918,0.4041999876499176
YGR041W,YJL074C,0,-5.7831903,0.15875987708568573,0.7630000114440918,0.4043000042438507
YPL159C,YIL084C,0,-5.7832665,0.15872685611248016,0.7630000114440918,0.4043999910354614
YLR433C,YLR154C,0,-5.7833714,0.1586938500404358,0.7630000114440918,0.40450000762939453
YDR217C,YLR467W,0,-5.783656,0.15866084396839142,0.7630000114440918,0.40459999442100525
YNL008C,YKL085W,0,-5.7839246,0.15862785279750824,0.7630000114440918,0.40470001101493835
YPL008W,YJR160C,0,-5.7839675,0.15859489142894745,0.7630000114440918,0.4047999978065491
YGL105W,YDR464W,0,-5.784003,0.15856193006038666,0.7630000114440918,0.4049000144004822
YML126C,YIR033W,0,-5.7840757,0.15852898359298706,0.7630000114440918,0.4050000011920929
YGR166W,YBL033C,0,-5.784197,0.15849605202674866,0.7630000114440918,0.4050999879837036
YER174C,YPL112C,0,-5.784237,0.15846313536167145,0.7630000114440918,0.4052000045776367
YMR255W,YPL082C,0,-5.784297,0.15843023359775543,0.7630000114440918,0.40529999136924744
YPR088C,YMR218C,0,-5.784347,0.1583973467350006,0.7630000114440918,0.40540000796318054
YDL093W,YDR404C,0,-5.7846503,0.1583644598722458,0.7630000114440918,0.40549999475479126
YKL074C,YBR172C,0,-5.784862,0.15833160281181335,0.7630000114440918,0.40560001134872437
YLR438C-A,YFL036W,0,-5.7849,0.15829876065254211,0.7630000114440918,0.4056999981403351
YDL017W,YNL135C,0,-5.785237,0.15826591849327087,0.7630000114440918,0.4058000147342682
YKL129C,YPL032C,1,-5.785272,0.1584404855966568,0.7639999985694885,0.4058000147342682
YDL165W,YMR240C,0,-5.78563,0.15840762853622437,0.7639999985694885,0.4059000015258789
YHR092C,YMR313C,0,-5.785753,0.15837478637695312,0.7639999985694885,0.4059999883174896
YER019W,YLR048W,0,-5.785935,0.15834197402000427,0.7639999985694885,0.40610000491142273
YPL118W,YOR334W,0,-5.786427,0.15830916166305542,0.7639999985694885,0.40619999170303345
YBL026W,YGL227W,0,-5.7864985,0.15827636420726776,0.7639999985694885,0.40630000829696655
YAL029C,YLL040C,0,-5.7867823,0.1582435816526413,0.7639999985694885,0.40639999508857727
YJL204C,YHR135C,1,-5.786981,0.15841789543628693,0.7649999856948853,0.40639999508857727
YDR176W,YLR006C,0,-5.786998,0.15838509798049927,0.7649999856948853,0.4065000116825104
YOL122C,YHR172W,0,-5.787046,0.1583523154258728,0.7649999856948853,0.4065999984741211
YLR427W,YDR030C,0,-5.787126,0.15831953287124634,0.7649999856948853,0.4066999852657318
YPR104C,YDL007W,0,-5.787152,0.15828678011894226,0.7649999856948853,0.4068000018596649
YKL129C,YLR337C,1,-5.7873774,0.15846090018749237,0.765999972820282,0.4068000018596649
YNL123W,YJL203W,0,-5.7875032,0.1584281325340271,0.765999972820282,0.40689998865127563
YIL068C,YML064C,0,-5.7877827,0.15839536488056183,0.765999972820282,0.40700000524520874
YKR003W,YHR016C,1,-5.787831,0.1585693657398224,0.7670000195503235,0.40700000524520874
YIL049W,YCR106W,0,-5.788431,0.15853658318519592,0.7670000195503235,0.40709999203681946
YDR038C,YIL038C,0,-5.7889943,0.15850383043289185,0.7670000195503235,0.40720000863075256
YML081C-A,YEL018W,0,-5.789128,0.15847107768058777,0.7670000195503235,0.4072999954223633
YPL178W,YDR345C,0,-5.789266,0.15843833982944489,0.7670000195503235,0.4074000120162964
YML059C,YIL084C,0,-5.789342,0.1584056168794632,0.7670000195503235,0.4074999988079071
YMR301C,YFL038C,0,-5.789414,0.1583729088306427,0.7670000195503235,0.4075999855995178
YML065W,YHR118C,0,-5.7895675,0.1583402156829834,0.7670000195503235,0.4077000021934509
YGL084C,YER075C,0,-5.7899146,0.1583075374364853,0.7670000195503235,0.40779998898506165
YBR177C,YGR274C,0,-5.7907333,0.15827485918998718,0.7670000195503235,0.40790000557899475
YMR319C,YNL037C,0,-5.7908587,0.15824221074581146,0.7670000195503235,0.40799999237060547
YPL082C,YER013W,0,-5.791003,0.15820957720279694,0.7670000195503235,0.4081000089645386
YMR234W,YDR166C,0,-5.7912445,0.1581769436597824,0.7670000195503235,0.4081999957561493
YBR276C,YML021C,0,-5.7912974,0.15814432501792908,0.7670000195503235,0.4083000123500824
YMR219W,YGR005C,0,-5.7915683,0.15811173617839813,0.7670000195503235,0.4083999991416931
YBR161W,YDL003W,0,-5.7919364,0.1580791473388672,0.7670000195503235,0.40849998593330383
YDR202C,YOL005C,0,-5.791945,0.15804657340049744,0.7670000195503235,0.40860000252723694
YDR411C,YKL056C,0,-5.7922716,0.15801401436328888,0.7670000195503235,0.40869998931884766
YMR081C,YNL091W,0,-5.7928586,0.15798145532608032,0.7670000195503235,0.40880000591278076
YKL013C,YMR142C,0,-5.7930365,0.15794892609119415,0.7670000195503235,0.4088999927043915
YPL100W,YOL042W,0,-5.793102,0.15791641175746918,0.7670000195503235,0.4090000092983246
YDR228C,YDR334W,0,-5.793439,0.1578838974237442,0.7670000195503235,0.4090999960899353
YNL270C,YLR165C,0,-5.793616,0.1578514128923416,0.7670000195503235,0.4092000126838684
YKL203C,YNL093W,1,-5.793738,0.15802469849586487,0.7680000066757202,0.4092000126838684
YDR427W,YGR212W,0,-5.794122,0.1579921841621399,0.7680000066757202,0.4092999994754791
YCR044C,YGL212W,0,-5.7944226,0.1579596847295761,0.7680000066757202,0.40939998626708984
YDL231C,YLR229C,1,-5.794546,0.15813283622264862,0.7689999938011169,0.40939998626708984
YKL201C,YFR048W,0,-5.794843,0.15810032188892365,0.7689999938011169,0.40950000286102295
YNL182C,YHL036W,0,-5.7949123,0.15806783735752106,0.7689999938011169,0.40959998965263367
YNL042W,YMR117C,0,-5.7949185,0.15803535282611847,0.7689999938011169,0.4097000062465668
YNL098C,YIR018W,0,-5.795173,0.15800288319587708,0.7689999938011169,0.4097999930381775
YHR026W,YJR110W,0,-5.795263,0.15797041356563568,0.7689999938011169,0.4099000096321106
YGR036C,YML112W,0,-5.795344,0.15793797373771667,0.7689999938011169,0.4099999964237213
YGR057C,YOR087W,0,-5.795566,0.15790554881095886,0.7689999938011169,0.4101000130176544
YIL002C,YCR008W,1,-5.7956767,0.1580784171819687,0.7699999809265137,0.4101000130176544
YDR191W,YBR231C,0,-5.7959123,0.15804597735404968,0.7699999809265137,0.41019999980926514
YLR210W,YJR084W,0,-5.7959876,0.15801353752613068,0.7699999809265137,0.41029998660087585
YNR044W,YNL036W,0,-5.7960677,0.15798112750053406,0.7699999809265137,0.41040000319480896
YPR198W,YDL052C,0,-5.796147,0.15794871747493744,0.7699999809265137,0.4104999899864197
YLR385C,YML021C,0,-5.796207,0.15791632235050201,0.7699999809265137,0.4106000065803528
YLR438C-A,YOR265W,0,-5.79625,0.15788394212722778,0.7699999809265137,0.4106999933719635
YPL086C,YIR021W,0,-5.7962604,0.15785157680511475,0.7699999809265137,0.4108000099658966
YDR295C,YNL147W,0,-5.796472,0.1578192263841629,0.7699999809265137,0.4108999967575073
YPR030W,YAR042W,1,-5.796485,0.15799179673194885,0.7710000276565552,0.4108999967575073
YOR354C,YBR228W,0,-5.7966356,0.15795943140983582,0.7710000276565552,0.41100001335144043
YGR165W,YJL076W,0,-5.7966933,0.15792708098888397,0.7710000276565552,0.41110000014305115
YBR217W,YDR364C,0,-5.796718,0.15789473056793213,0.7710000276565552,0.41119998693466187
YGL241W,YMR225C,0,-5.7967896,0.15786240994930267,0.7710000276565552,0.41130000352859497
YLR023C,YER038C,0,-5.7969136,0.15783008933067322,0.7710000276565552,0.4113999903202057
YNL166C,YHL007C,0,-5.7972026,0.15779778361320496,0.7710000276565552,0.4115000069141388
YKR072C,YAL002W,0,-5.7973704,0.15776550769805908,0.7710000276565552,0.4115999937057495
YCR031C,YCR033W,0,-5.7975163,0.15773321688175201,0.7710000276565552,0.4117000102996826
YOR284W,YBR162C,0,-5.7978654,0.15770095586776733,0.7710000276565552,0.41179999709129333
YNL041C,YLL022C,0,-5.7980046,0.15766870975494385,0.7710000276565552,0.41190001368522644
YPR124W,YOR133W,0,-5.7983193,0.15763647854328156,0.7710000276565552,0.41200000047683716
YKL002W,YHR204W,0,-5.7989078,0.15760424733161926,0.7710000276565552,0.4120999872684479
YNL281W,YIR009W,0,-5.799232,0.15757204592227936,0.7710000276565552,0.412200003862381
YPL164C,YBR103W,0,-5.799395,0.15753984451293945,0.7710000276565552,0.4122999906539917
YDL132W,YKL122C,0,-5.799727,0.15750765800476074,0.7710000276565552,0.4124000072479248
YDR342C,YBR127C,0,-5.7998166,0.15747548639774323,0.7710000276565552,0.4124999940395355
YBR022W,YOR182C,0,-5.800076,0.1574433296918869,0.7710000276565552,0.41260001063346863
YBR294W,YDR126W,0,-5.8001456,0.15741118788719177,0.7710000276565552,0.41269999742507935
YNL317W,YBL051C,0,-5.8005033,0.15737906098365784,0.7710000276565552,0.41280001401901245
YBR130C,YPR080W,0,-5.800627,0.1573469340801239,0.7710000276565552,0.41290000081062317
YMR311C,YBR168W,0,-5.8008056,0.15731483697891235,0.7710000276565552,0.4129999876022339
YPR199C,YNL049C,0,-5.8008327,0.1572827398777008,0.7710000276565552,0.413100004196167
YLR109W,YMR190C,0,-5.800886,0.15725065767765045,0.7710000276565552,0.4131999909877777
YIL124W,YBL030C,0,-5.8012433,0.1572185903787613,0.7710000276565552,0.4133000075817108
YGR224W,YMR234W,0,-5.80126,0.15718653798103333,0.7710000276565552,0.41339999437332153
YJL036W,YKR037C,0,-5.8013806,0.15715450048446655,0.7710000276565552,0.41350001096725464
YNL166C,YMR162C,0,-5.801708,0.15712247788906097,0.7710000276565552,0.41359999775886536
YLR242C,YDL161W,1,-5.801791,0.15729421377182007,0.7720000147819519,0.41359999775886536
YDL231C,YLL038C,1,-5.801799,0.1574658751487732,0.7730000019073486,0.41359999775886536
YBR196C,YOR207C,0,-5.8020177,0.15743380784988403,0.7730000019073486,0.41370001435279846
YDL064W,YOR162C,0,-5.8020425,0.15740175545215607,0.7730000019073486,0.4138000011444092
YHR176W,YBR095C,0,-5.802972,0.1573697030544281,0.7730000019073486,0.4138999879360199
YIL125W,YGR080W,0,-5.8030396,0.15733768045902252,0.7730000019073486,0.414000004529953
YBL045C,YER015W,0,-5.803183,0.15730565786361694,0.7730000019073486,0.4140999913215637
YLR451W,YMR005W,0,-5.803439,0.15727365016937256,0.7730000019073486,0.4142000079154968
YOL005C,YOR027W,0,-5.803796,0.15724165737628937,0.7730000019073486,0.41429999470710754
YGL233W,YPL129W,0,-5.803796,0.15720967948436737,0.7730000019073486,0.41440001130104065
YDR423C,YDR323C,0,-5.803825,0.15717771649360657,0.7730000019073486,0.41449999809265137
YHR085W,YJL002C,0,-5.8039517,0.15714576840400696,0.7730000019073486,0.4146000146865845
YPR081C,YBR049C,0,-5.8045573,0.15711382031440735,0.7730000019073486,0.4147000014781952
YOR112W,YML014W,0,-5.80458,0.15708188712596893,0.7730000019073486,0.4147999882698059
YFR005C,YDR135C,0,-5.8047767,0.1570499837398529,0.7730000019073486,0.414900004863739
YOR351C,YKL196C,0,-5.804862,0.15701808035373688,0.7730000019073486,0.41499999165534973
YPL095C,YDR379W,0,-5.805029,0.15698619186878204,0.7730000019073486,0.41510000824928284
YNL118C,YKR026C,0,-5.805225,0.1569543182849884,0.7730000019073486,0.41519999504089355
YPL254W,YKL055C,0,-5.8053203,0.15692245960235596,0.7730000019073486,0.41530001163482666
YLR353W,YGL229C,0,-5.8059306,0.1568906009197235,0.7730000019073486,0.4153999984264374
YOL072W,YDR369C,0,-5.806104,0.15685877203941345,0.7730000019073486,0.4154999852180481
YJR060W,YLR360W,0,-5.8064017,0.1568269431591034,0.7730000019073486,0.4156000018119812
YCR005C,YEL037C,0,-5.806598,0.15679512917995453,0.7730000019073486,0.4156999886035919
YKL026C,YMR013C,0,-5.8066053,0.15676333010196686,0.7730000019073486,0.415800005197525
YOR034C,YNL047C,0,-5.807099,0.15673154592514038,0.7730000019073486,0.41589999198913574
YIL095W,YOR089C,1,-5.807582,0.1569024920463562,0.7739999890327454,0.41589999198913574
YFR053C,YNL074C,0,-5.8076158,0.15687069296836853,0.7739999890327454,0.41600000858306885
YGL223C,YJL108C,0,-5.8076596,0.15683890879154205,0.7739999890327454,0.41609999537467957
YER030W,YDR058C,0,-5.80771,0.15680712461471558,0.7739999890327454,0.41620001196861267
YER001W,YPR113W,0,-5.807803,0.1567753702402115,0.7739999890327454,0.4162999987602234
YDL149W,YBL005W,0,-5.8078647,0.1567436158657074,0.7739999890327454,0.4163999855518341
YER062C,YEL012W,0,-5.8080263,0.1567118912935257,0.7739999890327454,0.4165000021457672
YAL034W-A,YDR166C,0,-5.8081145,0.156680166721344,0.7739999890327454,0.41659998893737793
YDL088C,YNL339C,0,-5.8082023,0.1566484570503235,0.7739999890327454,0.41670000553131104
YGL195W,YML131W,0,-5.808335,0.15661674737930298,0.7739999890327454,0.41679999232292175
YNR010W,YDL093W,0,-5.8084984,0.15658506751060486,0.7739999890327454,0.41690000891685486
YML092C,YPL212C,0,-5.808656,0.15655340254306793,0.7739999890327454,0.4169999957084656
YBL057C,YER190W,0,-5.808661,0.156521737575531,0.7739999890327454,0.4171000123023987
YNL221C,YML013W,0,-5.8087125,0.15649008750915527,0.7739999890327454,0.4171999990940094
YBR061C,YKL080W,0,-5.808755,0.15645845234394073,0.7739999890327454,0.4172999858856201
YPL078C,YOR001W,0,-5.8093114,0.1564268320798874,0.7739999890327454,0.4174000024795532
YMR026C,YDR079C-A,0,-5.8093143,0.15639522671699524,0.7739999890327454,0.41749998927116394
YNL051W,YBR105C,0,-5.809502,0.15636363625526428,0.7739999890327454,0.41760000586509705
YDR156W,YDR227W,0,-5.809589,0.15633206069469452,0.7739999890327454,0.41769999265670776
YNL093W,YML001W,1,-5.8102717,0.15650242567062378,0.7749999761581421,0.41769999265670776
YKL176C,YDL153C,0,-5.810707,0.15647082030773163,0.7749999761581421,0.41780000925064087
YDR256C,YGR028W,0,-5.8107247,0.15643924474716187,0.7749999761581421,0.4178999960422516
YDR289C,YML076C,0,-5.810765,0.1564076691865921,0.7749999761581421,0.4180000126361847
YAL013W,YML065W,0,-5.8108773,0.15637610852718353,0.7749999761581421,0.4180999994277954
YGL066W,YOL028C,0,-5.810885,0.15634456276893616,0.7749999761581421,0.41819998621940613
YFL021W,YLR059C,0,-5.811065,0.15631303191184998,0.7749999761581421,0.41830000281333923
YKL114C,YGL096W,0,-5.811088,0.1562815010547638,0.7749999761581421,0.41839998960494995
YMR080C,YDR198C,0,-5.811099,0.15625,0.7749999761581421,0.41850000619888306
YKR037C,YLL040C,0,-5.811198,0.1562184989452362,0.7749999761581421,0.4185999929904938
YCR010C,YER074W-A,0,-5.811255,0.1561870276927948,0.7749999761581421,0.4187000095844269
YBL006C,YIL031W,0,-5.8112717,0.1561555564403534,0.7749999761581421,0.4187999963760376
YHR068W,YOL097C,0,-5.8114066,0.15612410008907318,0.7749999761581421,0.4189000129699707
YBR059C,YOR094W,1,-5.811705,0.1562940627336502,0.7760000228881836,0.4189000129699707
YHR164C,YDR346C,0,-5.8119016,0.1562625914812088,0.7760000228881836,0.4189999997615814
YKR086W,YCL031C,0,-5.8119164,0.1562311202287674,0.7760000228881836,0.41909998655319214
YEL016C,YDR310C,0,-5.81202,0.15619967877864838,0.7760000228881836,0.41920000314712524
YDR219C,YBR228W,0,-5.8123527,0.15616823732852936,0.7760000228881836,0.41929998993873596
YJR108W,YIR005W,0,-5.8124747,0.15613682568073273,0.7760000228881836,0.41940000653266907
YDR122W,YJL035C,0,-5.812499,0.1561054140329361,0.7760000228881836,0.4194999933242798
YGR007W,YHR167W,0,-5.8125577,0.15607401728630066,0.7760000228881836,0.4196000099182129
YGR057C,YPR046W,0,-5.812654,0.15604263544082642,0.7760000228881836,0.4196999967098236
YOL002C,YOL006C,0,-5.81272,0.15601125359535217,0.7760000228881836,0.4198000133037567
YFR046C,YDL093W,0,-5.812775,0.15597990155220032,0.7760000228881836,0.41990000009536743
YBR167C,YCR073W-A,0,-5.8127813,0.15594854950904846,0.7760000228881836,0.41999998688697815
YPR093C,YHR092C,0,-5.8129377,0.1559172123670578,0.7760000228881836,0.42010000348091125
YLR078C,YNL123W,0,-5.8129487,0.15588590502738953,0.7760000228881836,0.420199990272522
YKL150W,YOR036W,0,-5.8129725,0.15585458278656006,0.7760000228881836,0.4203000068664551
YHL019C,YDR069C,1,-5.812991,0.15602409839630127,0.7770000100135803,0.4203000068664551
YPL042C,YER041W,0,-5.8133206,0.1559927761554718,0.7770000100135803,0.4203999936580658
YLR238W,YMR044W,0,-5.8134284,0.15596145391464233,0.7770000100135803,0.4205000102519989
YFL021W,YOL110W,0,-5.8136573,0.15593016147613525,0.7770000100135803,0.4205999970436096
YDR501W,YLR442C,0,-5.8138866,0.15589886903762817,0.7770000100135803,0.4207000136375427
YMR200W,YDL244W,0,-5.814029,0.15586760640144348,0.7770000100135803,0.42080000042915344
YGL190C,YDR022C,0,-5.8143377,0.1558363437652588,0.7770000100135803,0.42089998722076416
YFR041C,YIR017C,0,-5.8144536,0.1558050960302353,0.7770000100135803,0.42100000381469727
YDR004W,YPR107C,0,-5.814586,0.15577386319637299,0.7770000100135803,0.421099990606308
YDR470C,YLR020C,0,-5.814653,0.15574263036251068,0.7770000100135803,0.4212000072002411
YKR035W-A,YDR343C,0,-5.8147426,0.15571142733097076,0.7770000100135803,0.4212999939918518
YDR512C,YLR427W,0,-5.81521,0.15568022429943085,0.7770000100135803,0.4214000105857849
YEL022W,YER065C,0,-5.8152943,0.15564903616905212,0.7770000100135803,0.42149999737739563
YBL074C,YDL005C,0,-5.8154187,0.1556178629398346,0.7770000100135803,0.42160001397132874
YPL046C,YMR080C,0,-5.815745,0.15558670461177826,0.7770000100135803,0.42170000076293945
YGL003C,YNL001W,0,-5.815814,0.15555556118488312,0.7770000100135803,0.42179998755455017
YLR340W,YOR179C,0,-5.816393,0.15552441775798798,0.7770000100135803,0.4219000041484833
YML081C-A,YIL046W,0,-5.816911,0.15549328923225403,0.7770000100135803,0.421999990940094
YGL256W,YLR096W,0,-5.817021,0.15546219050884247,0.7770000100135803,0.4221000075340271
YNL219C,YDR312W,0,-5.817028,0.1554310917854309,0.7770000100135803,0.4221999943256378
YMR101C,YKL081W,0,-5.8171167,0.15539999306201935,0.7770000100135803,0.4223000109195709
YER053C,YLR378C,0,-5.817348,0.15536892414093018,0.7770000100135803,0.42239999771118164
YNR075W,YLR342W,1,-5.8177543,0.15553778409957886,0.777999997138977,0.42239999771118164
YPR086W,YLR003C,0,-5.818279,0.1555067002773285,0.777999997138977,0.42250001430511475
YPR065W,YBR228W,0,-5.818438,0.15547561645507812,0.777999997138977,0.42260000109672546
YOR327C,YLR396C,1,-5.818602,0.15564435720443726,0.7789999842643738,0.42260000109672546
YBR121C,YNL202W,0,-5.818606,0.1556132584810257,0.7789999842643738,0.4226999878883362
YDR388W,YNL093W,1,-5.818768,0.15578190982341766,0.7799999713897705,0.4226999878883362
YMR025W,YML103C,0,-5.818807,0.1557507961988449,0.7799999713897705,0.4228000044822693
YFL031W,YKL040C,0,-5.8188615,0.15571969747543335,0.7799999713897705,0.42289999127388
YCL011C,YOR129C,0,-5.8188663,0.15568862855434418,0.7799999713897705,0.4230000078678131
YER095W,YGR072W,0,-5.8189006,0.155657559633255,0.7799999713897705,0.42309999465942383
YFR053C,YNR006W,0,-5.8190265,0.15562649071216583,0.7799999713897705,0.42320001125335693
YDL174C,YLR427W,0,-5.8190355,0.15559545159339905,0.7799999713897705,0.42329999804496765
YGL065C,YGR144W,0,-5.8197675,0.15556441247463226,0.7799999713897705,0.42340001463890076
YDL005C,YOL043C,0,-5.8198285,0.15553340315818787,0.7799999713897705,0.4235000014305115
YDR150W,YGR209C,0,-5.819834,0.15550239384174347,0.7799999713897705,0.4235999882221222
YNL090W,YNL310C,0,-5.820029,0.15547139942646027,0.7799999713897705,0.4237000048160553
YLR260W,YMR101C,0,-5.8202696,0.15544041991233826,0.7799999713897705,0.423799991607666
YMR001C,YDL178W,0,-5.820376,0.15540944039821625,0.7799999713897705,0.4239000082015991
YDR386W,YHR001W-A,0,-5.820445,0.15537849068641663,0.7799999713897705,0.42399999499320984
YCL014W,YLR353W,0,-5.820477,0.155347540974617,0.7799999713897705,0.42410001158714294
YGR218W,YDR308C,0,-5.820594,0.15531660616397858,0.7799999713897705,0.42419999837875366
YKL015W,YMR266W,0,-5.8208833,0.15528568625450134,0.7799999713897705,0.4242999851703644
YPL255W,YNL267W,0,-5.8212047,0.1552547812461853,0.7799999713897705,0.4244000017642975
YML102W,YJR143C,0,-5.821346,0.15522387623786926,0.7799999713897705,0.4244999885559082
YNR057C,YCL044C,0,-5.8214564,0.1551930010318756,0.7799999713897705,0.4246000051498413
YIL124W,YDL208W,0,-5.8218856,0.15516212582588196,0.7799999713897705,0.424699991941452
YPL116W,YOR267C,0,-5.8220115,0.1551312655210495,0.7799999713897705,0.42480000853538513
YCR063W,YBL058W,0,-5.8225055,0.15510042011737823,0.7799999713897705,0.42489999532699585
YJR074W,YLL003W,0,-5.822534,0.15506958961486816,0.7799999713897705,0.42500001192092896
YAR015W,YOL086C,0,-5.822752,0.1550387591123581,0.7799999713897705,0.4250999987125397
YFR029W,YDL159W,0,-5.8228316,0.15500794351100922,0.7799999713897705,0.4251999855041504
YJL204C,YML001W,1,-5.8228936,0.1551758348941803,0.781000018119812,0.4251999855041504
YIR023W,YDR098C,0,-5.8231773,0.15514501929283142,0.781000018119812,0.4253000020980835
YBR213W,YGR141W,0,-5.82341,0.15511420369148254,0.781000018119812,0.4253999888896942
YGL054C,YGL045W,1,-5.823465,0.15528197586536407,0.7820000052452087,0.4253999888896942
YIL150C,YKR062W,0,-5.8236456,0.155251145362854,0.7820000052452087,0.4255000054836273
YEL003W,YOR213C,0,-5.82369,0.15522032976150513,0.7820000052452087,0.42559999227523804
YML081C-A,YLR382C,0,-5.8237944,0.15518952906131744,0.7820000052452087,0.42570000886917114
YPR193C,YAL043C,0,-5.82381,0.15515872836112976,0.7820000052452087,0.42579999566078186
YNR043W,YJL029C,0,-5.8240056,0.15512795746326447,0.7820000052452087,0.42590001225471497
YNL297C,YIL095W,1,-5.8244405,0.15529552102088928,0.7829999923706055,0.42590001225471497
YMR038C,YNL026W,0,-5.824921,0.1552647203207016,0.7829999923706055,0.4259999990463257
YKL073W,YGR179C,0,-5.824943,0.1552339345216751,0.7829999923706055,0.4260999858379364
YFL009W,YDL083C,0,-5.825172,0.155203178524971,0.7829999923706055,0.4262000024318695
YIR006C,YML001W,1,-5.825191,0.1553705930709839,0.7839999794960022,0.4262000024318695
YOR031W,YHR204W,0,-5.825516,0.1553398072719574,0.7839999794960022,0.4262999892234802
YOL017W,YGL098W,0,-5.8255897,0.1553090363740921,0.7839999794960022,0.42640000581741333
YBL005W,YBR192W,0,-5.82562,0.1552782654762268,0.7839999794960022,0.42649999260902405
YEL061C,YJR052W,0,-5.8256984,0.1552475243806839,0.7839999794960022,0.42660000920295715
YGL053W,YER180C-A,0,-5.8261642,0.155216783285141,0.7839999794960022,0.42669999599456787
YOR040W,YBL071W-A,0,-5.8263793,0.15518607199192047,0.7839999794960022,0.426800012588501
YIL065C,YCL024W,0,-5.826687,0.15515536069869995,0.7839999794960022,0.4268999993801117
YKL005C,YJR035W,0,-5.8267045,0.15512464940547943,0.7839999794960022,0.4269999861717224
YMR202W,YMR047C,0,-5.8269687,0.1550939679145813,0.7839999794960022,0.4271000027656555
YPR019W,YMR272C,0,-5.8271527,0.15506328642368317,0.7839999794960022,0.42719998955726624
YOR327C,YPL032C,1,-5.827233,0.15523037314414978,0.7850000262260437,0.42719998955726624
YOL003C,YPL133C,0,-5.8274045,0.15519967675209045,0.7850000262260437,0.42730000615119934
YDR151C,YGL212W,0,-5.8275123,0.15516901016235352,0.7850000262260437,0.42739999294281006
YLR242C,YCR028C,1,-5.8275933,0.15533596277236938,0.7860000133514404,0.42739999294281006
YCR038C,YMR076C,0,-5.8277774,0.15530528128147125,0.7860000133514404,0.42750000953674316
YAL056W,YLR355C,0,-5.827825,0.15527459979057312,0.7860000133514404,0.4275999963283539
YNR027W,YDR122W,0,-5.8280964,0.15524393320083618,0.7860000133514404,0.427700012922287
YMR168C,YER157W,0,-5.828117,0.15521326661109924,0.7860000133514404,0.4277999997138977
YDR288W,YOR254C,0,-5.8283496,0.1551826298236847,0.7860000133514404,0.4278999865055084
YDR122W,YJR073C,0,-5.8287435,0.15515199303627014,0.7860000133514404,0.42800000309944153
YER073W,YNL091W,0,-5.8287754,0.15512137115001678,0.7860000133514404,0.42809998989105225
YGR209C,YLR301W,0,-5.8288665,0.15509076416492462,0.7860000133514404,0.42820000648498535
YMR025W,YFR013W,0,-5.8289523,0.15506017208099365,0.7860000133514404,0.42829999327659607
YER017C,YDR398W,0,-5.8294425,0.15502957999706268,0.7860000133514404,0.4284000098705292
YPL171C,YBR073W,0,-5.829452,0.1549990177154541,0.7860000133514404,0.4284999966621399
YPR164W,YER154W,0,-5.8296857,0.15496845543384552,0.7860000133514404,0.428600013256073
YNL297C,YNL154C,1,-5.8302054,0.15513503551483154,0.7870000004768372,0.428600013256073
YDR320C-A,YDR122W,0,-5.8303266,0.15510445833206177,0.7870000004768372,0.4287000000476837
YPL011C,YGL049C,0,-5.8305116,0.15507389605045319,0.7870000004768372,0.42879998683929443
YPL177C,YOR045W,0,-5.8306336,0.1550433337688446,0.7870000004768372,0.42890000343322754
YBL034C,YKL056C,0,-5.8306384,0.1550128012895584,0.7870000004768372,0.42899999022483826
YMR161W,YOL010W,0,-5.830914,0.1549822837114334,0.7870000004768372,0.42910000681877136
YDL159W,YNL121C,0,-5.8309703,0.1549517661333084,0.7870000004768372,0.4291999936103821
YHL006C,YGL210W,0,-5.831178,0.1549212634563446,0.7870000004768372,0.4293000102043152
YBR196C,YGR181W,0,-5.8313603,0.154890775680542,0.7870000004768372,0.4293999969959259
YJL042W,YER074W-A,0,-5.831409,0.15486028790473938,0.7870000004768372,0.429500013589859
YDR320C-A,YLR003C,0,-5.8317943,0.15482982993125916,0.7870000004768372,0.4296000003814697
YFL002C,YDR207C,0,-5.8318715,0.15479937195777893,0.7870000004768372,0.42969998717308044
YOR253W,YOR191W,0,-5.832231,0.1547689288854599,0.7870000004768372,0.42980000376701355
YHL019C,YML052W,1,-5.8322825,0.15493512153625488,0.7879999876022339,0.42980000376701355
YNL206C,YLR398C,0,-5.832457,0.15490466356277466,0.7879999876022339,0.42989999055862427
YGR200C,YHR038W,0,-5.83255,0.15487422049045563,0.7879999876022339,0.4300000071525574
YML052W,YNR047W,1,-5.8327165,0.15504027903079987,0.7889999747276306,0.4300000071525574
YBL099W,YHR069C,0,-5.832804,0.15500982105731964,0.7889999747276306,0.4300999939441681
YNL049C,YNL186W,0,-5.832889,0.1549793779850006,0.7889999747276306,0.4302000105381012
YCR044C,YKR060W,0,-5.8329463,0.15494893491268158,0.7889999747276306,0.4302999973297119
YGR220C,YJL012C,0,-5.8329663,0.15491852164268494,0.7889999747276306,0.430400013923645
YOR036W,YDR381W,0,-5.833573,0.1548881083726883,0.7889999747276306,0.43050000071525574
YKL004W,YJR002W,0,-5.8336835,0.15485771000385284,0.7889999747276306,0.43059998750686646
YHR079C,YLL041C,0,-5.8339744,0.1548273116350174,0.7889999747276306,0.43070000410079956
YPL097W,YKL173W,0,-5.8341146,0.15479694306850433,0.7889999747276306,0.4307999908924103
YJR050W,YDR076W,0,-5.8342347,0.15476657450199127,0.7889999747276306,0.4309000074863434
YOR123C,YDR166C,0,-5.8342533,0.1547362208366394,0.7889999747276306,0.4309999942779541
YOL063C,YKR042W,0,-5.8343625,0.15470588207244873,0.7889999747276306,0.4311000108718872
YCL016C,YER171W,0,-5.834601,0.15467555820941925,0.7889999747276306,0.4311999976634979
YLR095C,YLR467W,0,-5.8354793,0.15464523434638977,0.7889999747276306,0.43130001425743103
YGL051W,YMR247C,0,-5.835545,0.15461492538452148,0.7889999747276306,0.43140000104904175
YBL098W,YDR484W,0,-5.835732,0.15458464622497559,0.7889999747276306,0.43149998784065247
YLR035C,YJR068W,0,-5.835771,0.1545543521642685,0.7889999747276306,0.43160000443458557
YIL097W,YHR081W,0,-5.836024,0.1545240879058838,0.7889999747276306,0.4316999912261963
YCR040W,YBR265W,0,-5.8361974,0.15449383854866028,0.7889999747276306,0.4318000078201294
YDR216W,YCL016C,0,-5.836411,0.15446358919143677,0.7889999747276306,0.4318999946117401
YNL136W,YLR340W,0,-5.8366294,0.15443335473537445,0.7889999747276306,0.4320000112056732
YPR046W,YAR031W,0,-5.8366723,0.15440313518047333,0.7889999747276306,0.43209999799728394
YML102W,YDL117W,0,-5.837116,0.1543729156255722,0.7889999747276306,0.43220001459121704
YHR091C,YLR467W,0,-5.8372436,0.15434272587299347,0.7889999747276306,0.43230000138282776
YDR358W,YDR076W,0,-5.837334,0.15431253612041473,0.7889999747276306,0.4323999881744385
YDR221W,YPL128C,0,-5.8376417,0.1542823612689972,0.7889999747276306,0.4325000047683716
YLL019C,YBL075C,0,-5.83834,0.15425220131874084,0.7889999747276306,0.4325999915599823
YPL224C,YPL153C,0,-5.838691,0.1542220413684845,0.7889999747276306,0.4327000081539154
YBR109C,YPR030W,1,-5.838712,0.15438733994960785,0.7900000214576721,0.4327000081539154
YML051W,YAL034W-A,0,-5.839441,0.1543571650981903,0.7900000214576721,0.4327999949455261
YBR195C,YKR062W,0,-5.8394885,0.15432702004909515,0.7900000214576721,0.43290001153945923
YDL143W,YLR068W,0,-5.83962,0.154296875,0.7900000214576721,0.43299999833106995
YNR016C,YCR020W-B,0,-5.840309,0.15426674485206604,0.7900000214576721,0.43309998512268066
YMR128W,YPR173C,0,-5.840331,0.15423662960529327,0.7900000214576721,0.43320000171661377
YCR038C,YNL309W,0,-5.840549,0.1542065143585205,0.7900000214576721,0.4332999885082245
YOR260W,YOR284W,0,-5.8405604,0.15417642891407013,0.7900000214576721,0.4334000051021576
YLR206W,YNL093W,1,-5.841003,0.154341459274292,0.7910000085830688,0.4334000051021576
YFR046C,YNL123W,0,-5.8410993,0.15431135892868042,0.7910000085830688,0.4334999918937683
YLR113W,YPL138C,0,-5.841519,0.15428125858306885,0.7910000085830688,0.4336000084877014
YPL048W,YMR270C,0,-5.8415456,0.15425117313861847,0.7910000085830688,0.43369999527931213
YJL134W,YKL194C,0,-5.8419685,0.15422110259532928,0.7910000085830688,0.43380001187324524
YLR216C,YLR292C,0,-5.8420796,0.1541910320520401,0.7910000085830688,0.43389999866485596
YPR070W,YDL188C,0,-5.8426147,0.1541609764099121,0.7910000085830688,0.4339999854564667
YHR142W,YMR004W,0,-5.842813,0.1541309356689453,0.7910000085830688,0.4341000020503998
YKL139W,YGL212W,0,-5.843062,0.1541009098291397,0.7910000085830688,0.4341999888420105
YBR158W,YNL015W,0,-5.8432183,0.1540708988904953,0.7910000085830688,0.4343000054359436
YLR451W,YNL272C,0,-5.8432703,0.15404090285301208,0.7910000085830688,0.4343999922275543
YIL026C,YDL159W,0,-5.843354,0.15401090681552887,0.7910000085830688,0.4345000088214874
YOL026C,YGL068W,0,-5.843366,0.15398092567920685,0.7910000085830688,0.43459999561309814
YCR066W,YDR494W,0,-5.843641,0.15395095944404602,0.7910000085830688,0.43470001220703125
YBR059C,YPL032C,1,-5.8445516,0.15411558747291565,0.7919999957084656,0.43470001220703125
YFR052W,YOR307C,0,-5.8447795,0.15408560633659363,0.7919999957084656,0.43479999899864197
YEL003W,YLR154C,0,-5.8449683,0.1540556252002716,0.7919999957084656,0.4348999857902527
YDL065C,YDR419W,0,-5.8450894,0.15402567386627197,0.7919999957084656,0.4350000023841858
YKL048C,YER107C,0,-5.845468,0.15399572253227234,0.7919999957084656,0.4350999891757965
YOR123C,YBR123C,0,-5.845838,0.1539657860994339,0.7919999957084656,0.4352000057697296
YOR142W,YGL097W,0,-5.846131,0.15393586456775665,0.7919999957084656,0.43529999256134033
YLR226W,YLR390W-A,0,-5.8462844,0.1539059430360794,0.7919999957084656,0.43540000915527344
YER168C,YLL027W,0,-5.8464446,0.15387605130672455,0.7919999957084656,0.43549999594688416
YER117W,YDR447C,0,-5.846517,0.1538461595773697,0.7919999957084656,0.43560001254081726
YOR112W,YMR059W,0,-5.846717,0.15381626784801483,0.7919999957084656,0.435699999332428
YDR113C,YML124C,0,-5.846739,0.15378640592098236,0.7919999957084656,0.4357999861240387
YLL038C,YGL054C,1,-5.8468647,0.15395069122314453,0.7929999828338623,0.4357999861240387
YLR396C,YLR337C,1,-5.8471127,0.15411490201950073,0.7940000295639038,0.4357999861240387
YOR355W,YGR078C,0,-5.847303,0.15408499538898468,0.7940000295639038,0.4359000027179718
YNR030W,YOR173W,0,-5.8475595,0.15405510365962982,0.7940000295639038,0.4359999895095825
YOL135C,YGR270W,0,-5.847629,0.15402521193027496,0.7940000295639038,0.4361000061035156
YBL079W,YHR060W,0,-5.847832,0.1539953500032425,0.7940000295639038,0.43619999289512634
YOR239W,YNL070W,0,-5.848245,0.15396548807621002,0.7940000295639038,0.43630000948905945
YML008C,YPL128C,0,-5.8484006,0.15393564105033875,0.7940000295639038,0.43639999628067017
YMR013C,YNL126W,0,-5.848435,0.15390579402446747,0.7940000295639038,0.43650001287460327
YPR030W,YBR207W,1,-5.848443,0.15406976640224457,0.7950000166893005,0.43650001287460327
YDR058C,YJR044C,0,-5.848517,0.1540399193763733,0.7950000166893005,0.436599999666214
YDR447C,YJR145C,0,-5.8486414,0.15401007235050201,0.7950000166893005,0.4366999864578247
YLR207W,YGL038C,0,-5.8487425,0.15398024022579193,0.7950000166893005,0.4368000030517578
YML081C-A,YOR035C,0,-5.8487773,0.15395042300224304,0.7950000166893005,0.43689998984336853
YOR113W,YLR417W,0,-5.848806,0.15392062067985535,0.7950000166893005,0.43700000643730164
YDR364C,YBR212W,0,-5.8490005,0.15389081835746765,0.7950000166893005,0.43709999322891235
YNL008C,YMR073C,0,-5.8491445,0.15386104583740234,0.7950000166893005,0.43720000982284546
YGR057C,YDR288W,0,-5.8492517,0.15383127331733704,0.7950000166893005,0.4372999966144562
YHL038C,YDR142C,0,-5.849363,0.15380151569843292,0.7950000166893005,0.4374000132083893
YJR143C,YEL012W,0,-5.8494916,0.1537717580795288,0.7950000166893005,0.4375
YIL085C,YDR097C,0,-5.849502,0.15374203026294708,0.7950000166893005,0.4375999867916107
YGR202C,YBR006W,0,-5.8497186,0.15371230244636536,0.7950000166893005,0.4377000033855438
YDR141C,YLR154C,0,-5.8500667,0.15368258953094482,0.7950000166893005,0.43779999017715454
YGR230W,YNL042W,0,-5.8500867,0.1536528766155243,0.7950000166893005,0.43790000677108765
YLR078C,YNL329C,0,-5.850228,0.15362319350242615,0.7950000166893005,0.43799999356269836
YPL069C,YLR466W,0,-5.850332,0.153593510389328,0.7950000166893005,0.43810001015663147
YNL015W,YNL236W,0,-5.850391,0.15356384217739105,0.7950000166893005,0.4381999969482422
YKL073W,YOR211C,0,-5.8506064,0.1535341888666153,0.7950000166893005,0.4383000135421753
YDL111C,YOR315W,0,-5.8506875,0.15350453555583954,0.7950000166893005,0.438400000333786
YKL130C,YDR126W,0,-5.850988,0.15347489714622498,0.7950000166893005,0.43849998712539673
YIL066C,YJR066W,0,-5.851019,0.1534452736377716,0.7950000166893005,0.43860000371932983
YHR050W,YCR081W,0,-5.8510413,0.15341566503047943,0.7950000166893005,0.43869999051094055
YDR054C,YMR165C,0,-5.8511515,0.15338607132434845,0.7950000166893005,0.43880000710487366
YOR037W,YGR010W,0,-5.851579,0.15335647761821747,0.7950000166893005,0.4388999938964844
YDL008W,YML051W,0,-5.8519387,0.15332689881324768,0.7950000166893005,0.4390000104904175
YGL143C,YPL128C,0,-5.851977,0.1532973349094391,0.7950000166893005,0.4390999972820282
YJR065C,YPL119C,0,-5.852134,0.1532677859067917,0.7950000166893005,0.4392000138759613
YHR092C,YDR260C,0,-5.852332,0.1532382369041443,0.7950000166893005,0.439300000667572
YPL145C,YJL204C,1,-5.8524337,0.1534014195203781,0.7960000038146973,0.439300000667572
YLR242C,YLR342W,1,-5.852493,0.15356454253196716,0.796999990940094,0.439300000667572
YLR411W,YGR099W,0,-5.8525033,0.15353496372699738,0.796999990940094,0.43939998745918274
YMR182C,YKL154W,0,-5.8525352,0.15350539982318878,0.796999990940094,0.43950000405311584
YPR081C,YER018C,0,-5.852752,0.1534758359193802,0.796999990940094,0.43959999084472656
YLL042C,YML029W,0,-5.853019,0.1534462869167328,0.796999990940094,0.43970000743865967
YIL155C,YLR096W,0,-5.8531184,0.15341675281524658,0.796999990940094,0.4397999942302704
YML060W,YOR119C,0,-5.8531833,0.15338721871376038,0.796999990940094,0.4399000108242035
YOL003C,YDL224C,0,-5.8534603,0.15335769951343536,0.796999990940094,0.4399999976158142
YBR102C,YJR055W,0,-5.8536086,0.15332821011543274,0.796999990940094,0.4401000142097473
YDR022C,YER049W,0,-5.8539205,0.15329870581626892,0.796999990940094,0.44020000100135803
YLL038C,YOR008C,1,-5.8540053,0.1534615457057953,0.7979999780654907,0.44020000100135803
YJR060W,YKL176C,0,-5.8540583,0.15343202650547028,0.7979999780654907,0.44029998779296875
YER118C,YDR470C,0,-5.854641,0.15340253710746765,0.7979999780654907,0.44040000438690186
YGL251C,YGL028C,0,-5.854793,0.15337304770946503,0.7979999780654907,0.4404999911785126
YJL140W,YIL084C,0,-5.855003,0.1533435881137848,0.7979999780654907,0.4406000077724457
YKR024C,YCR024C-A,0,-5.8553185,0.15331411361694336,0.7979999780654907,0.4406999945640564
YNR032C-A,YJR126C,0,-5.855382,0.15328466892242432,0.7979999780654907,0.4408000111579895
YDR221W,YDR464W,0,-5.8558106,0.15325523912906647,0.7979999780654907,0.4408999979496002
YNL004W,YOR301W,0,-5.8562207,0.15322580933570862,0.7979999780654907,0.4410000145435333
YKL113C,YPL133C,0,-5.8563128,0.15319639444351196,0.7979999780654907,0.44110000133514404
YIL112W,YNL064C,0,-5.856354,0.1531669795513153,0.7979999780654907,0.44119998812675476
YPL135W,YJL121C,0,-5.856673,0.15313759446144104,0.7979999780654907,0.44130000472068787
YMR076C,YJR052W,0,-5.857102,0.15310820937156677,0.7979999780654907,0.4413999915122986
YGL166W,YGL171W,0,-5.857365,0.1530788391828537,0.7979999780654907,0.4415000081062317
YMR280C,YGL003C,0,-5.8575606,0.15304948389530182,0.7979999780654907,0.4415999948978424
YOR304W,YJR077C,0,-5.8578324,0.15302012860774994,0.7979999780654907,0.4417000114917755
YPL083C,YLR003C,0,-5.8578706,0.15299080312252045,0.7979999780654907,0.44179999828338623
YBR175W,YMR005W,0,-5.857949,0.15296147763729095,0.7979999780654907,0.44190001487731934
YNL239W,YLR048W,0,-5.8580403,0.15293215215206146,0.7979999780654907,0.44200000166893005
YHR165C,YNL167C,0,-5.8586984,0.15290285646915436,0.7979999780654907,0.44209998846054077
YFL058W,YOR332W,0,-5.858957,0.15287356078624725,0.7979999780654907,0.4422000050544739
YKL074C,YDL130W-A,0,-5.8596554,0.15284428000450134,0.7979999780654907,0.4422999918460846
YKL152C,YMR201C,0,-5.8600497,0.15281501412391663,0.7979999780654907,0.4424000084400177
YKR087C,YLR212C,0,-5.8601427,0.1527857482433319,0.7979999780654907,0.4424999952316284
YNL159C,YGR059W,0,-5.860166,0.15275651216506958,0.7979999780654907,0.4426000118255615
YGL067W,YBR186W,0,-5.8605824,0.15272727608680725,0.7979999780654907,0.44269999861717224
YGL136C,YDR137W,0,-5.860788,0.15269805490970612,0.7979999780654907,0.44279998540878296
YMR225C,YBR293W,0,-5.8609567,0.15266883373260498,0.7979999780654907,0.44290000200271606
YBL046W,YGL014W,0,-5.8612413,0.15263962745666504,0.7979999780654907,0.4429999887943268
YMR202W,YDR080W,0,-5.8613305,0.1526104360818863,0.7979999780654907,0.4431000053882599
YLR411W,YPR081C,0,-5.8615527,0.15258125960826874,0.7979999780654907,0.4431999921798706
YBR023C,YLR044C,0,-5.8616176,0.15255209803581238,0.7979999780654907,0.4433000087738037
YPR182W,YHR106W,0,-5.8618093,0.15252293646335602,0.7979999780654907,0.44339999556541443
YCR089W,YOR035C,0,-5.861856,0.15249378979206085,0.7979999780654907,0.44350001215934753
YLR382C,YBR253W,0,-5.862027,0.15246465802192688,0.7979999780654907,0.44359999895095825
YBR072W,YLR126C,0,-5.862063,0.1524355262517929,0.7979999780654907,0.44369998574256897
YGR180C,YLL003W,0,-5.862147,0.15240642428398132,0.7979999780654907,0.4438000023365021
YMR056C,YIL030C,0,-5.862512,0.15237732231616974,0.7979999780654907,0.4438999891281128
YFL010W-A,YER009W,0,-5.8626714,0.15234822034835815,0.7979999780654907,0.4440000057220459
YDL149W,YBR017C,0,-5.863157,0.15231914818286896,0.7979999780654907,0.4440999925136566
YHR079C,YPR083W,0,-5.863293,0.15229007601737976,0.7979999780654907,0.4442000091075897
YNL230C,YIL098C,0,-5.8633833,0.15226101875305176,0.7979999780654907,0.44429999589920044
YJR089W,YCL008C,0,-5.8635073,0.15223197638988495,0.7979999780654907,0.44440001249313354
YHR072W-A,YDR300C,0,-5.8635306,0.15220293402671814,0.7979999780654907,0.44449999928474426
YDL078C,YDR325W,0,-5.864037,0.15217390656471252,0.7979999780654907,0.444599986076355
YPR164W,YEL060C,0,-5.8644586,0.1521448940038681,0.7979999780654907,0.4447000026702881
YNR030W,YPR005C,0,-5.864659,0.15211589634418488,0.7979999780654907,0.4447999894618988
YNR008W,YML065W,0,-5.865095,0.15208691358566284,0.7979999780654907,0.4449000060558319
YMR246W,YLR260W,0,-5.865398,0.1520579308271408,0.7979999780654907,0.4449999928474426
YPL094C,YOR083W,0,-5.86542,0.15202896296977997,0.7979999780654907,0.44510000944137573
YLR433C,YNL142W,0,-5.865442,0.15199999511241913,0.7979999780654907,0.44519999623298645
YJL062W,YAL055W,0,-5.8657002,0.15197105705738068,0.7979999780654907,0.44530001282691956
YPR200C,YNR032W,0,-5.866008,0.15194211900234222,0.7979999780654907,0.4453999996185303
YHL020C,YFR004W,0,-5.8663125,0.15191319584846497,0.7979999780654907,0.445499986410141
YIL103W,YKL093W,0,-5.8666368,0.1518842726945877,0.7979999780654907,0.4456000030040741
YMR296C,YFR033C,0,-5.8667097,0.15185537934303284,0.7979999780654907,0.4456999897956848
YGR262C,YDR341C,0,-5.867026,0.15182648599147797,0.7979999780654907,0.4458000063896179
YKL179C,YOR373W,0,-5.867248,0.1517976075410843,0.7979999780654907,0.44589999318122864
YJL184W,YNL206C,0,-5.8672967,0.1517687290906906,0.7979999780654907,0.44600000977516174
YHL019C,YGL045W,1,-5.8675075,0.15193001925945282,0.7990000247955322,0.44600000977516174
YML071C,YBL079W,0,-5.867557,0.15190114080905914,0.7990000247955322,0.44609999656677246
YOL013C,YDR005C,0,-5.867603,0.15187226235866547,0.7990000247955322,0.44620001316070557
YOL004W,YOR159C,0,-5.8676734,0.15184339880943298,0.7990000247955322,0.4462999999523163
YBL015W,YBR102C,0,-5.8676763,0.1518145501613617,0.7990000247955322,0.446399986743927
YMR025W,YMR076C,0,-5.8677707,0.1517857164144516,0.7990000247955322,0.4465000033378601
YPR122W,YJL128C,0,-5.8679223,0.1517568826675415,0.7990000247955322,0.4465999901294708
YPL174C,YKR008W,0,-5.867957,0.1517280638217926,0.7990000247955322,0.44670000672340393
YPL001W,YKL195W,0,-5.8681617,0.1516992598772049,0.7990000247955322,0.44679999351501465
YDR173C,YGR078C,0,-5.8683257,0.1516704559326172,0.7990000247955322,0.44690001010894775
YOR266W,YNR023W,0,-5.8684344,0.15164168179035187,0.7990000247955322,0.44699999690055847
YLR390W-A,YDR407C,0,-5.8684635,0.15161290764808655,0.7990000247955322,0.4471000134944916
YGR140W,YDR016C,0,-5.8684807,0.15158413350582123,0.7990000247955322,0.4472000002861023
YNL281W,YER126C,0,-5.86879,0.1515553891658783,0.7990000247955322,0.447299987077713
YGL106W,YML107C,0,-5.868815,0.15152664482593536,0.7990000247955322,0.4474000036716461
YBL071W-A,YLR197W,0,-5.8688884,0.15149791538715363,0.7990000247955322,0.44749999046325684
YBL082C,YDL208W,0,-5.868958,0.15146920084953308,0.7990000247955322,0.44760000705718994
YJR158W,YGR116W,0,-5.8691335,0.15144048631191254,0.7990000247955322,0.44769999384880066
YDR195W,YMR089C,0,-5.8693414,0.15141178667545319,0.7990000247955322,0.44780001044273376
YOR346W,YMR216C,0,-5.869492,0.15138310194015503,0.7990000247955322,0.4478999972343445
YBR215W,YGR220C,0,-5.8695674,0.15135441720485687,0.7990000247955322,0.4480000138282776
YPR104C,YLR309C,0,-5.869649,0.1513257622718811,0.7990000247955322,0.4481000006198883
YEL022W,YDL111C,0,-5.869922,0.15129710733890533,0.7990000247955322,0.448199987411499
YPR007C,YKL042W,0,-5.870109,0.15126845240592957,0.7990000247955322,0.44830000400543213
YNL159C,YOR035C,0,-5.8702145,0.15123982727527618,0.7990000247955322,0.44839999079704285
YFL034C-B,YER095W,0,-5.8704195,0.1512112021446228,0.7990000247955322,0.44850000739097595
YLR206W,YKR003W,1,-5.870582,0.1513718068599701,0.800000011920929,0.44850000739097595
YDR298C,YPL169C,0,-5.8709936,0.15134316682815552,0.800000011920929,0.44859999418258667
YGL245W,YPL167C,0,-5.871061,0.15131454169750214,0.800000011920929,0.4487000107765198
YOR354C,YBR006W,0,-5.8713574,0.15128593146800995,0.800000011920929,0.4487999975681305
YDR054C,YHR072W-A,0,-5.871406,0.15125732123851776,0.800000011920929,0.4489000141620636
YKL002W,YNL236W,0,-5.8718266,0.15122874081134796,0.800000011920929,0.4490000009536743
YDR411C,YDR082W,0,-5.872018,0.15120014548301697,0.800000011920929,0.44909998774528503
YMR055C,YER149C,0,-5.872046,0.15117157995700836,0.800000011920929,0.44920000433921814
YLR242C,YKR001C,1,-5.8726945,0.15133194625377655,0.8009999990463257,0.44920000433921814
YLR450W,YGR264C,0,-5.8729877,0.15130336582660675,0.8009999990463257,0.44929999113082886
YMR250W,YJR139C,0,-5.8732,0.15127478539943695,0.8009999990463257,0.44940000772476196
YNL101W,YGR024C,0,-5.873224,0.15124621987342834,0.8009999990463257,0.4494999945163727
YLR448W,YDL195W,0,-5.873848,0.15121766924858093,0.8009999990463257,0.4496000111103058
YOR127W,YKL130C,0,-5.874099,0.15118913352489471,0.8009999990463257,0.4496999979019165
YPL036W,YDL217C,0,-5.8743153,0.1511605978012085,0.8009999990463257,0.4498000144958496
YLR085C,YDR058C,0,-5.8744264,0.15113207697868347,0.8009999990463257,0.4499000012874603
YNL278W,YLR044C,0,-5.8744297,0.15110357105731964,0.8009999990463257,0.44999998807907104
YKL139W,YLR268W,0,-5.8744454,0.1510750651359558,0.8009999990463257,0.45010000467300415
YPL171C,YFR048W,0,-5.8745923,0.15104657411575317,0.8009999990463257,0.45019999146461487
YLR060W,YLL027W,0,-5.8747625,0.15101809799671173,0.8009999990463257,0.450300008058548
YNL245C,YGL124C,0,-5.8750854,0.15098963677883148,0.8009999990463257,0.4503999948501587
YDR123C,YKL113C,0,-5.8751807,0.15096117556095123,0.8009999990463257,0.4505000114440918
YER068W,YLR266C,0,-5.8755093,0.15093272924423218,0.8009999990463257,0.4505999982357025
YMR161W,YML097C,0,-5.875812,0.15090429782867432,0.8009999990463257,0.4507000148296356
YPL098C,YJL222W,0,-5.8758655,0.15087586641311646,0.8009999990463257,0.45080000162124634
YNL172W,YOR112W,0,-5.8759885,0.15084746479988098,0.8009999990463257,0.45089998841285706
YIR028W,YOL135C,0,-5.8760033,0.15081904828548431,0.8009999990463257,0.45100000500679016
YNL233W,YML126C,0,-5.8763,0.15079066157341003,0.8009999990463257,0.4510999917984009
YGR024C,YIL039W,0,-5.876535,0.15076227486133575,0.8009999990463257,0.451200008392334
YBR244W,YGL115W,0,-5.876713,0.15073390305042267,0.8009999990463257,0.4512999951839447
YGR095C,YDR079C-A,0,-5.8772893,0.15070554614067078,0.8009999990463257,0.4514000117778778
YGL008C,YOR075W,0,-5.877298,0.15067720413208008,0.8009999990463257,0.4514999985694885
YGL014W,YDR457W,0,-5.877726,0.15064886212348938,0.8009999990463257,0.45159998536109924
YDR138W,YIL039W,0,-5.877806,0.15062053501605988,0.8009999990463257,0.45170000195503235
YER015W,YOR270C,0,-5.877869,0.15059222280979156,0.8009999990463257,0.45179998874664307
YKR026C,YLR034C,0,-5.87813,0.15056391060352325,0.8009999990463257,0.45190000534057617
YFR030W,YHR150W,0,-5.8782244,0.15053561329841614,0.8009999990463257,0.4519999921321869
YBR161W,YOR037W,0,-5.878693,0.15050733089447021,0.8009999990463257,0.45210000872612
YMR173W,YMR273C,0,-5.878863,0.1504790484905243,0.8009999990463257,0.4521999955177307
YLR223C,YGR279C,0,-5.8789706,0.15045079588890076,0.8009999990463257,0.4523000121116638
YDL165W,YKL093W,0,-5.8789954,0.15042252838611603,0.8009999990463257,0.45239999890327454
YML120C,YER021W,0,-5.8790803,0.1503942906856537,0.8009999990463257,0.45249998569488525
YLR397C,YMR197C,0,-5.8790927,0.15036605298519135,0.8009999990463257,0.45260000228881836
YGR140W,YNL241C,0,-5.879108,0.1503378450870514,0.8009999990463257,0.4526999890804291
YPL203W,YHR099W,0,-5.8793054,0.15030962228775024,0.8009999990463257,0.4528000056743622
YOR160W,YLR154C,0,-5.879389,0.15028142929077148,0.8009999990463257,0.4528999924659729
YGL257C,YDR515W,0,-5.8794436,0.15025323629379272,0.8009999990463257,0.453000009059906
YKR035W-A,YLR383W,0,-5.87972,0.15022505819797516,0.8009999990463257,0.4530999958515167
YOR061W,YPL177C,0,-5.880133,0.1501968801021576,0.8009999990463257,0.45320001244544983
YGR276C,YKL212W,0,-5.880638,0.15016873180866241,0.8009999990463257,0.45329999923706055
YHR115C,YAR008W,0,-5.880643,0.15014058351516724,0.8009999990463257,0.45339998602867126
YCR060W,YJL012C,0,-5.880797,0.15011245012283325,0.8009999990463257,0.45350000262260437
YHR088W,YGL104C,0,-5.8811536,0.15008431673049927,0.8009999990463257,0.4535999894142151
YKL190W,YGR280C,0,-5.881334,0.15005619823932648,0.8009999990463257,0.4537000060081482
YGL016W,YDR330W,0,-5.881417,0.15002809464931488,0.8009999990463257,0.4537999927997589
YMR280C,YOL116W,0,-5.88156,0.15000000596046448,0.8009999990463257,0.453900009393692
YJR078W,YML071C,0,-5.881617,0.14997191727161407,0.8009999990463257,0.45399999618530273
YJR047C,YPL036W,0,-5.8816175,0.14994384348392487,0.8009999990463257,0.45410001277923584
YGL254W,YKL194C,0,-5.8816247,0.14991578459739685,0.8009999990463257,0.45419999957084656
YJR108W,YER036C,0,-5.8819275,0.14988772571086884,0.8009999990463257,0.4542999863624573
YKL002W,YJL094C,0,-5.8820167,0.14985968172550201,0.8009999990463257,0.4544000029563904
YDR208W,YML049C,0,-5.88213,0.1498316526412964,0.8009999990463257,0.4544999897480011
YDR028C,YOL034W,0,-5.8823123,0.14980362355709076,0.8009999990463257,0.4546000063419342
YOL017W,YAL034W-A,0,-5.8823805,0.14977562427520752,0.8009999990463257,0.4546999931335449
YLR095C,YDL098C,0,-5.8824577,0.14974761009216309,0.8009999990463257,0.454800009727478
YBR200W,YLR266C,0,-5.8827243,0.14971962571144104,0.8009999990463257,0.45489999651908875
YDR479C,YAL005C,0,-5.8828373,0.149691641330719,0.8009999990463257,0.45500001311302185
YBR065C,YEL050C,0,-5.88347,0.14966367185115814,0.8009999990463257,0.45509999990463257
YOL165C,YHR129C,0,-5.883493,0.14963571727275848,0.8009999990463257,0.4551999866962433
YJL204C,YPL032C,1,-5.883549,0.1497945487499237,0.8019999861717224,0.4551999866962433
YJL006C,YLR438C-A,0,-5.88382,0.14976657927036285,0.8019999861717224,0.4553000032901764
YDL243C,YIR018W,0,-5.883924,0.149738609790802,0.8019999861717224,0.4553999900817871
YKR068C,YAR018C,0,-5.8841124,0.14971065521240234,0.8019999861717224,0.4555000066757202
YNL271C,YPL228W,0,-5.884474,0.14968271553516388,0.8019999861717224,0.45559999346733093
YPL119C,YLR106C,0,-5.884739,0.1496547907590866,0.8019999861717224,0.45570001006126404
YER040W,YNL073W,0,-5.885343,0.14962686598300934,0.8019999861717224,0.45579999685287476
YBR042C,YLL040C,0,-5.885466,0.14959895610809326,0.8019999861717224,0.45590001344680786
YBL017C,YMR270C,0,-5.885735,0.14957106113433838,0.8019999861717224,0.4560000002384186
YFR013W,YDL028C,0,-5.8857684,0.1495431661605835,0.8019999861717224,0.4560999870300293
YGL047W,YDL079C,0,-5.8859057,0.1495152860879898,0.8019999861717224,0.4562000036239624
YPL190C,YOR159C,0,-5.886325,0.1494874209165573,0.8019999861717224,0.4562999904155731
YPL224C,YJL129C,0,-5.886449,0.14945955574512482,0.8019999861717224,0.4564000070095062
YDR289C,YNL222W,0,-5.8865314,0.14943170547485352,0.8019999861717224,0.45649999380111694
YHR055C,YBR103W,0,-5.8878784,0.1494038701057434,0.8019999861717224,0.45660001039505005
YCR014C,YLR092W,0,-5.8880053,0.1493760496377945,0.8019999861717224,0.45669999718666077
YER038C,YMR216C,0,-5.8884835,0.14934822916984558,0.8019999861717224,0.45680001378059387
YLR006C,YDL084W,0,-5.8887067,0.14932042360305786,0.8019999861717224,0.4569000005722046
YJR121W,YLR197W,0,-5.888717,0.14929263293743134,0.8019999861717224,0.4569999873638153
YOR034C,YPL117C,0,-5.888803,0.1492648422718048,0.8019999861717224,0.4571000039577484
YGL012W,YPR198W,0,-5.8888726,0.14923706650733948,0.8019999861717224,0.45719999074935913
YGR098C,YMR065W,0,-5.8889427,0.14920930564403534,0.8019999861717224,0.45730000734329224
YGL229C,YOR075W,0,-5.8889656,0.1491815447807312,0.8019999861717224,0.45739999413490295
YPL137C,YLL035W,0,-5.8890405,0.14915379881858826,0.8019999861717224,0.45750001072883606
YDL043C,YGR013W,0,-5.8890805,0.1491260677576065,0.8019999861717224,0.4575999975204468
YLL026W,YHR060W,0,-5.8891535,0.14909835159778595,0.8019999861717224,0.4577000141143799
YER001W,YDR245W,0,-5.8894067,0.1490706354379654,0.8019999861717224,0.4578000009059906
YLR330W,YLR134W,0,-5.8898683,0.14904293417930603,0.8019999861717224,0.4578999876976013
YLR259C,YDR324C,0,-5.8902383,0.14901523292064667,0.8019999861717224,0.4580000042915344
YJR097W,YBR265W,0,-5.8904915,0.1489875465631485,0.8019999861717224,0.45809999108314514
YDL126C,YDR429C,0,-5.8906407,0.14895987510681152,0.8019999861717224,0.45820000767707825
YLR216C,YOR068C,0,-5.8908033,0.14893221855163574,0.8019999861717224,0.45829999446868896
YPR191W,YBR037C,0,-5.8909655,0.14890456199645996,0.8019999861717224,0.45840001106262207
YPL098C,YJL061W,0,-5.8911567,0.14887692034244537,0.8019999861717224,0.4584999978542328
YOR094W,YDL231C,1,-5.891172,0.14903488755226135,0.8029999732971191,0.4584999978542328
YGR245C,YER190W,0,-5.8920965,0.14900723099708557,0.8029999732971191,0.4586000144481659
YOR216C,YDR478W,0,-5.8925066,0.14897958934307098,0.8029999732971191,0.4587000012397766
YIL117C,YNL246W,0,-5.8925977,0.1489519625902176,0.8029999732971191,0.45879998803138733
YHR053C,YOR145C,0,-5.8926044,0.1489243358373642,0.8029999732971191,0.45890000462532043
YMR240C,YER044C-A,0,-5.892901,0.148896723985672,0.8029999732971191,0.45899999141693115
YJR145C,YKR053C,0,-5.8936744,0.1488691121339798,0.8029999732971191,0.45910000801086426
YLR155C,YMR142C,0,-5.893725,0.1488415151834488,0.8029999732971191,0.459199994802475
YHR164C,YPL156C,0,-5.894037,0.14881393313407898,0.8029999732971191,0.4593000113964081
YKR101W,YPR054W,0,-5.89405,0.14878636598587036,0.8029999732971191,0.4593999981880188
YPL046C,YPL167C,0,-5.894115,0.14875879883766174,0.8029999732971191,0.4595000147819519
YGL241W,YDR058C,0,-5.894302,0.14873124659061432,0.8029999732971191,0.4596000015735626
YOL003C,YDL098C,0,-5.8943124,0.1487037092447281,0.8029999732971191,0.45969998836517334
YGR101W,YDR451C,0,-5.8949094,0.14867617189884186,0.8029999732971191,0.45980000495910645
YPL181W,YJR050W,0,-5.8950505,0.14864864945411682,0.8029999732971191,0.45989999175071716
YDR277C,YGR276C,0,-5.8952065,0.14862114191055298,0.8029999732971191,0.46000000834465027
YFL036W,YML131W,0,-5.8952684,0.14859363436698914,0.8029999732971191,0.460099995136261
YOL164W,YER053C,0,-5.8953004,0.1485661417245865,0.8029999732971191,0.4602000117301941
YGL135W,YCL031C,0,-5.8953037,0.14853866398334503,0.8029999732971191,0.4602999985218048
YDR503C,YKR048C,0,-5.895534,0.14851118624210358,0.8029999732971191,0.4603999853134155
YGL256W,YJR145C,0,-5.895684,0.14848372340202332,0.8029999732971191,0.46050000190734863
YHR188C,YOR307C,0,-5.8957834,0.14845627546310425,0.8029999732971191,0.46059998869895935
YHR034C,YKL188C,0,-5.895908,0.14842884242534637,0.8029999732971191,0.46070000529289246
YKL185W,YDL143W,0,-5.8960795,0.1484014093875885,0.8029999732971191,0.4607999920845032
YOL135C,YBR049C,0,-5.896189,0.14837397634983063,0.8029999732971191,0.4609000086784363
YOR037W,YGR238C,0,-5.8965583,0.14834657311439514,0.8029999732971191,0.460999995470047
YJL061W,YJR044C,0,-5.896582,0.14831916987895966,0.8029999732971191,0.4611000120639801
YOL069W,YDL134C,0,-5.896831,0.14829178154468536,0.8029999732971191,0.4611999988555908
YBR257W,YGL093W,0,-5.896877,0.14826440811157227,0.8029999732971191,0.46129998564720154
YBR068C,YDL028C,0,-5.8970017,0.14823703467845917,0.8029999732971191,0.46140000224113464
YBR298C,YLL061W,0,-5.897083,0.14820967614650726,0.8029999732971191,0.46149998903274536
YIL026C,YOL005C,0,-5.8970914,0.14818231761455536,0.8029999732971191,0.46160000562667847
YGL222C,YDR240C,0,-5.8971524,0.14815498888492584,0.8029999732971191,0.4616999924182892
YDR268W,YAL011W,0,-5.8973727,0.14812764525413513,0.8029999732971191,0.4618000090122223
YMR113W,YNL281W,0,-5.8973756,0.1481003314256668,0.8029999732971191,0.461899995803833
YNR057C,YPR095C,0,-5.89844,0.1480730175971985,0.8029999732971191,0.4620000123977661
YNR035C,YNL154C,1,-5.8986917,0.14823009073734283,0.8040000200271606,0.4620000123977661
YHR061C,YMR267W,0,-5.899098,0.14820276200771332,0.8040000200271606,0.46209999918937683
YPL254W,YLR328W,0,-5.899164,0.148175448179245,0.8040000200271606,0.46219998598098755
YAR002C-A,YPL283C,0,-5.899259,0.14814814925193787,0.8040000200271606,0.46230000257492065
YPR072W,YDR297W,0,-5.8996634,0.14812085032463074,0.8040000200271606,0.46239998936653137
YFL025C,YDR436W,0,-5.8998275,0.1480935662984848,0.8040000200271606,0.4625000059604645
YLR411W,YDR314C,0,-5.9001822,0.14806629717350006,0.8040000200271606,0.4625999927520752
YGL238W,YNL286W,0,-5.9004817,0.14803902804851532,0.8040000200271606,0.4627000093460083
YGR108W,YIL052C,0,-5.900562,0.14801178872585297,0.8040000200271606,0.462799996137619
YNL026W,YLL003W,0,-5.9005647,0.14798453450202942,0.8040000200271606,0.4629000127315521
YNL206C,YDR285W,0,-5.900619,0.14795731008052826,0.8040000200271606,0.46299999952316284
YHR142W,YLR265C,0,-5.9008074,0.1479300856590271,0.8040000200271606,0.46309998631477356
YDR443C,YLR467W,0,-5.900847,0.14790287613868713,0.8040000200271606,0.46320000290870667
YLR424W,YLL040C,0,-5.9013906,0.14787566661834717,0.8040000200271606,0.4632999897003174
YGL021W,YMR322C,0,-5.901701,0.1478484719991684,0.8040000200271606,0.4634000062942505
YDR309C,YNR032C-A,0,-5.9018455,0.14782129228115082,0.8040000200271606,0.4634999930858612
YML041C,YOR084W,0,-5.902304,0.14779411256313324,0.8040000200271606,0.4636000096797943
YLR114C,YBR168W,0,-5.902349,0.14776694774627686,0.8040000200271606,0.46369999647140503
YBL045C,YPR010C,0,-5.90241,0.14773979783058167,0.8040000200271606,0.46380001306533813
YNL271C,YKL043W,0,-5.9030066,0.14771266281604767,0.8040000200271606,0.46389999985694885
YNL172W,YDL006W,0,-5.903264,0.14768552780151367,0.8040000200271606,0.46399998664855957
YOL063C,YGR014W,0,-5.903814,0.14765840768814087,0.8040000200271606,0.4641000032424927
YPR033C,YOR001W,0,-5.9039984,0.14763128757476807,0.8040000200271606,0.4641999900341034
YAR002C-A,YBR188C,0,-5.9040456,0.14760418236255646,0.8040000200271606,0.4643000066280365
YMR246W,YBR002C,0,-5.904343,0.14757709205150604,0.8040000200271606,0.4643999934196472
YGR095C,YGR116W,0,-5.9043803,0.14755000174045563,0.8040000200271606,0.4645000100135803
YNL173C,YKL006C-A,0,-5.9052186,0.1475229412317276,0.8040000200271606,0.46459999680519104
YNL042W,YNL298W,0,-5.9052825,0.14749586582183838,0.8040000200271606,0.46470001339912415
YPR119W,YDL056W,0,-5.90569,0.14746882021427155,0.8040000200271606,0.46480000019073486
YML077W,YGL098W,0,-5.9057517,0.1474417746067047,0.8040000200271606,0.4648999869823456
YGL119W,YFR037C,0,-5.905817,0.14741474390029907,0.8040000200271606,0.4650000035762787
YNL142W,YLR332W,0,-5.9060645,0.14738771319389343,0.8040000200271606,0.4650999903678894
YPL209C,YGR181W,0,-5.9062014,0.147360697388649,0.8040000200271606,0.4652000069618225
YLR288C,YGR013W,0,-5.906484,0.14733369648456573,0.8040000200271606,0.4652999937534332
YPR104C,YGL096W,0,-5.9068503,0.14730671048164368,0.8040000200271606,0.46540001034736633
YEL018W,YJL203W,0,-5.906912,0.14727972447872162,0.8040000200271606,0.46549999713897705
YGL068W,YDR288W,0,-5.907019,0.14725275337696075,0.8040000200271606,0.46560001373291016
YOR028C,YBR213W,0,-5.907067,0.1472257822751999,0.8040000200271606,0.4657000005245209
YPL091W,YOR380W,0,-5.907183,0.14719882607460022,0.8040000200271606,0.4657999873161316
YER052C,YMR201C,0,-5.9075484,0.14717188477516174,0.8040000200271606,0.4659000039100647
YNL274C,YPR070W,0,-5.907561,0.14714494347572327,0.8040000200271606,0.4659999907016754
YJL039C,YPL129W,0,-5.9076,0.14711801707744598,0.8040000200271606,0.4661000072956085
YHL019C,YNL154C,1,-5.907952,0.14727406203746796,0.8050000071525574,0.4661000072956085
YNL029C,YIL037C,0,-5.908009,0.14724712073802948,0.8050000071525574,0.46619999408721924
YNL136W,YER053C,0,-5.9080825,0.1472201943397522,0.8050000071525574,0.46630001068115234
YOR133W,YPL122C,0,-5.908204,0.14719326794147491,0.8050000071525574,0.46639999747276306
YGR010W,YAR008W,0,-5.908236,0.14716635644435883,0.8050000071525574,0.46650001406669617
YPL254W,YCR077C,0,-5.9083266,0.14713945984840393,0.8050000071525574,0.4666000008583069
YDL138W,YPL083C,0,-5.908327,0.14711257815361023,0.8050000071525574,0.4666999876499176
YGL016W,YHL003C,0,-5.908376,0.14708569645881653,0.8050000071525574,0.4668000042438507
YMR025W,YML065W,0,-5.908427,0.14705882966518402,0.8050000071525574,0.4668999910354614
YBL071W-A,YBL058W,0,-5.908526,0.1470319628715515,0.8050000071525574,0.46700000762939453
YNR075W,YLL038C,1,-5.9085917,0.1471877247095108,0.8059999942779541,0.46700000762939453
YHL019C,YLR337C,1,-5.9086385,0.1473434418439865,0.8069999814033508,0.46700000762939453
YDL154W,YLR176C,0,-5.9090257,0.14731654524803162,0.8069999814033508,0.46709999442100525
YGR142W,YLR096W,0,-5.909186,0.14728964865207672,0.8069999814033508,0.46720001101493835
YMR023C,YHL025W,0,-5.909264,0.14726276695728302,0.8069999814033508,0.4672999978065491
YML008C,YJL164C,0,-5.909747,0.1472359001636505,0.8069999814033508,0.4674000144004822
YDR039C,YNL257C,0,-5.910105,0.1472090482711792,0.8069999814033508,0.4675000011920929
YDR295C,YGR195W,0,-5.9104095,0.14718219637870789,0.8069999814033508,0.4675999879837036
YJR155W,YER009W,0,-5.9104915,0.14715535938739777,0.8069999814033508,0.4677000045776367
YPL244C,YER100W,0,-5.9115,0.14712853729724884,0.8069999814033508,0.46779999136924744
YLR342W,YJL204C,1,-5.911521,0.14728400111198425,0.8080000281333923,0.46779999136924744
YLR330W,YDR288W,0,-5.9117675,0.14725714921951294,0.8080000281333923,0.46790000796318054
YOR094W,YIL002C,1,-5.911902,0.14741253852844238,0.8090000152587891,0.46790000796318054
YCL055W,YNL169C,0,-5.9120574,0.14738568663597107,0.8090000152587891,0.46799999475479126
YNL325C,YKR062W,0,-5.912143,0.14735883474349976,0.8090000152587891,0.46810001134872437
YFL021W,YLR360W,0,-5.9122834,0.14733199775218964,0.8090000152587891,0.4681999981403351
YGL093W,YPL130W,0,-5.9128013,0.1473051756620407,0.8090000152587891,0.4683000147342682
YOL017W,YLR318W,0,-5.9129004,0.14727835357189178,0.8090000152587891,0.4684000015258789
YHR164C,YER013W,0,-5.9129195,0.14725154638290405,0.8090000152587891,0.4684999883174896
YDR517W,YNL026W,0,-5.9131446,0.14722475409507751,0.8090000152587891,0.46860000491142273
YEL054C,YCR033W,0,-5.9135404,0.14719796180725098,0.8090000152587891,0.46869999170303345
YFR030W,YPR198W,0,-5.91384,0.14717118442058563,0.8090000152587891,0.46880000829696655
YIL155C,YLR259C,0,-5.914383,0.14714442193508148,0.8090000152587891,0.46889999508857727
YNL133C,YCR084C,0,-5.9146047,0.14711765944957733,0.8090000152587891,0.4690000116825104
YOR216C,YER129W,0,-5.9147096,0.14709091186523438,0.8090000152587891,0.4690999984741211
YHR068W,YBR105C,0,-5.9148746,0.14706416428089142,0.8090000152587891,0.4691999852657318
YGL195W,YEL069C,0,-5.9149704,0.14703744649887085,0.8090000152587891,0.4693000018596649
YDL035C,YJR144W,0,-5.915064,0.14701072871685028,0.8090000152587891,0.46939998865127563
YOR269W,YIL016W,0,-5.915237,0.1469840109348297,0.8090000152587891,0.46950000524520874
YNR032C-A,YGL097W,0,-5.915293,0.14695730805397034,0.8090000152587891,0.46959999203681946
YBR015C,YOL001W,0,-5.915404,0.14693062007427216,0.8090000152587891,0.46970000863075256
YLR071C,YKL041W,0,-5.91581,0.14690394699573517,0.8090000152587891,0.4697999954223633
YBR260C,YHR139C,0,-5.9158483,0.14687727391719818,0.8090000152587891,0.4699000120162964
YGR056W,YDR346C,0,-5.9159846,0.1468506008386612,0.8090000152587891,0.4699999988079071
YPR030W,YNL243W,1,-5.916528,0.14700543880462646,0.8100000023841858,0.4699999988079071
YOR330C,YGR059W,0,-5.9172726,0.14697876572608948,0.8100000023841858,0.4700999855995178
YPR019W,YLL040C,0,-5.917295,0.14695210754871368,0.8100000023841858,0.4702000021934509
YLR242C,YER166W,1,-5.917463,0.1471068412065506,0.8109999895095825,0.4702000021934509
YOR094W,YHR161C,1,-5.9178557,0.14726151525974274,0.8119999766349792,0.4702000021934509
YFR014C,YKR097W,0,-5.918061,0.14723481237888336,0.8119999766349792,0.47029998898506165
YHR015W,YLR305C,0,-5.918196,0.14720812439918518,0.8119999766349792,0.47040000557899475
YDL006W,YBR228W,0,-5.918262,0.147181436419487,0.8119999766349792,0.47049999237060547
YDR219C,YOR315W,0,-5.9182954,0.14715476334095,0.8119999766349792,0.4706000089645386
YOR173W,YLR011W,0,-5.918788,0.14712810516357422,0.8119999766349792,0.4706999957561493
YHR088W,YOL072W,0,-5.918882,0.14710144698619843,0.8119999766349792,0.4708000123500824
YOR173W,YHR188C,0,-5.918906,0.14707480370998383,0.8119999766349792,0.4708999991416931
YDR113C,YGR199W,0,-5.9195857,0.14704817533493042,0.8119999766349792,0.47099998593330383
YCL016C,YER178W,0,-5.919742,0.14702154695987701,0.8119999766349792,0.47110000252723694
YMR204C,YMR143W,0,-5.9198394,0.1469949334859848,0.8119999766349792,0.47119998931884766
YBR286W,YAL024C,0,-5.919889,0.1469683200120926,0.8119999766349792,0.47130000591278076
YPR073C,YGL243W,0,-5.9200606,0.14694173634052277,0.8119999766349792,0.4713999927043915
YJR073C,YJL140W,0,-5.9204,0.14691513776779175,0.8119999766349792,0.4715000092983246
YLR098C,YNR067C,0,-5.9204607,0.14688856899738312,0.8119999766349792,0.4715999960899353
YKR090W,YPL106C,0,-5.920607,0.1468620002269745,0.8119999766349792,0.4717000126838684
YGL180W,YKR083C,0,-5.9207387,0.14683544635772705,0.8119999766349792,0.4717999994754791
YBR250W,YOL097C,0,-5.9207416,0.14680889248847961,0.8119999766349792,0.47189998626708984
YGL084C,YHL036W,0,-5.9208236,0.14678235352039337,0.8119999766349792,0.47200000286102295
YJL184W,YBR165W,0,-5.9208336,0.14675582945346832,0.8119999766349792,0.47209998965263367
YNL188W,YJR059W,0,-5.9209905,0.14672930538654327,0.8119999766349792,0.4722000062465668
YHR116W,YFR048W,0,-5.921176,0.14670279622077942,0.8119999766349792,0.4722999930381775
YMR276W,YKL012W,0,-5.921218,0.14667630195617676,0.8119999766349792,0.4724000096321106
YNR019W,YDL052C,0,-5.9214263,0.1466498076915741,0.8119999766349792,0.4724999964237213
YOL013C,YBR153W,0,-5.9214773,0.14662332832813263,0.8119999766349792,0.4726000130176544
YDR251W,YLR048W,0,-5.9216666,0.14659686386585236,0.8119999766349792,0.47269999980926514
YHR204W,YPR007C,0,-5.9218535,0.14657039940357208,0.8119999766349792,0.47279998660087585
YKL013C,YLR425W,0,-5.9225545,0.146543949842453,0.8119999766349792,0.47290000319480896
YER040W,YHR034C,0,-5.922773,0.14651750028133392,0.8119999766349792,0.4729999899864197
YNL256W,YGL241W,0,-5.9227767,0.14649106562137604,0.8119999766349792,0.4731000065803528
YGL246C,YIL053W,0,-5.923058,0.14646464586257935,0.8119999766349792,0.4731999933719635
YDR038C,YOR341W,0,-5.923268,0.14643822610378265,0.8119999766349792,0.4733000099658966
YHR150W,YKL081W,0,-5.9232774,0.14641182124614716,0.8119999766349792,0.4733999967575073
YBR160W,YER041W,0,-5.923488,0.14638543128967285,0.8119999766349792,0.47350001335144043
YOR173W,YBR218C,0,-5.92358,0.14635904133319855,0.8119999766349792,0.47360000014305115
YDL188C,YKR081C,0,-5.923597,0.14633266627788544,0.8119999766349792,0.47369998693466187
YBL006C,YLL056C,0,-5.9238257,0.14630630612373352,0.8119999766349792,0.47380000352859497
YNL016W,YGL212W,0,-5.923857,0.1462799459695816,0.8119999766349792,0.4738999903202057
YHR204W,YPR009W,0,-5.9238706,0.14625360071659088,0.8119999766349792,0.4740000069141388
YER053C,YDL147W,0,-5.9240737,0.14622727036476135,0.8119999766349792,0.4740999937057495
YOR355W,YJR031C,0,-5.924308,0.14620094001293182,0.8119999766349792,0.4742000102996826
YDR386W,YAR031W,0,-5.924322,0.1461746245622635,0.8119999766349792,0.47429999709129333
YOL004W,YBL061C,0,-5.9244275,0.14614830911159515,0.8119999766349792,0.47440001368522644
YHR142W,YGR121C,0,-5.924772,0.146122008562088,0.8119999766349792,0.47450000047683716
YER118C,YDR092W,0,-5.924997,0.14609572291374207,0.8119999766349792,0.4745999872684479
YKR034W,YOR110W,0,-5.9251447,0.14606943726539612,0.8119999766349792,0.474700003862381
YDR198C,YLR262C,0,-5.9251986,0.14604316651821136,0.8119999766349792,0.4747999906539917
YEL015W,YIL038C,0,-5.9253345,0.1460169106721878,0.8119999766349792,0.4749000072479248
YCR063W,YKL191W,0,-5.9253716,0.14599065482616425,0.8119999766349792,0.4749999940395355
YNL258C,YGL001C,0,-5.9256167,0.14596441388130188,0.8119999766349792,0.47510001063346863
YJL214W,YHR079C-A,0,-5.9258056,0.14593817293643951,0.8119999766349792,0.47519999742507935
YIL097W,YJL092W,0,-5.925924,0.14591194689273834,0.8119999766349792,0.47530001401901245
YBR068C,YEL032W,0,-5.926075,0.14588573575019836,0.8119999766349792,0.47540000081062317
YIL084C,YKR053C,0,-5.9261527,0.1458595246076584,0.8119999766349792,0.4754999876022339
YNR057C,YML034W,0,-5.926207,0.1458333283662796,0.8119999766349792,0.475600004196167
YOR180C,YAR007C,0,-5.926225,0.145807147026062,0.8119999766349792,0.4756999909877777
YLL042C,YPL118W,0,-5.926431,0.14578096568584442,0.8119999766349792,0.4758000075817108
YOR168W,YMR182C,0,-5.9264464,0.14575479924678802,0.8119999766349792,0.47589999437332153
YBR161W,YJR086W,0,-5.926485,0.14572864770889282,0.8119999766349792,0.47600001096725464
YAL007C,YNL334C,0,-5.926595,0.14570249617099762,0.8119999766349792,0.47609999775886536
YBR008C,YCL033C,0,-5.926862,0.1456763595342636,0.8119999766349792,0.47620001435279846
YKL182W,YHR158C,0,-5.927139,0.1456502228975296,0.8119999766349792,0.4763000011444092
YBL098W,YDR440W,0,-5.9274616,0.1456241011619568,0.8119999766349792,0.4763999879360199
YFL056C,YNL099C,0,-5.927509,0.14559799432754517,0.8119999766349792,0.476500004529953
YLR007W,YJL098W,0,-5.9275784,0.14557188749313354,0.8119999766349792,0.4765999913215637
YHL036W,YBL050W,0,-5.9279737,0.14554579555988312,0.8119999766349792,0.4767000079154968
YNL239W,YBR066C,0,-5.928386,0.14551971852779388,0.8119999766349792,0.47679999470710754
YOL016C,YJL074C,0,-5.9286437,0.14549364149570465,0.8119999766349792,0.47690001130104065
YBR058C-A,YDR207C,0,-5.9292293,0.1454675793647766,0.8119999766349792,0.47699999809265137
YJR137C,YBR294W,0,-5.929273,0.14544151723384857,0.8119999766349792,0.4771000146865845
YKL043W,YDL052C,0,-5.92965,0.14541547000408173,0.8119999766349792,0.4772000014781952
YPR075C,YDR030C,0,-5.929753,0.14538943767547607,0.8119999766349792,0.4772999882698059
YDL231C,YLR396C,1,-5.9300632,0.1455424278974533,0.8130000233650208,0.4772999882698059
YOR046C,YAL033W,0,-5.930184,0.14551638066768646,0.8130000233650208,0.477400004863739
YOR321W,YML097C,0,-5.930447,0.14549033343791962,0.8130000233650208,0.47749999165534973
YGR217W,YJL004C,0,-5.9307194,0.14546430110931396,0.8130000233650208,0.47760000824928284
YDL069C,YML062C,0,-5.9308023,0.1454382836818695,0.8130000233650208,0.47769999504089355
YMR089C,YNL213C,0,-5.930932,0.14541226625442505,0.8130000233650208,0.47780001163482666
YKL178C,YMR054W,0,-5.930989,0.14538626372814178,0.8130000233650208,0.4778999984264374
YHR024C,YDL005C,0,-5.931957,0.14536027610301971,0.8130000233650208,0.4779999852180481
YLL027W,YDL064W,0,-5.9322486,0.14533428847789764,0.8130000233650208,0.4781000018119812
YPL256C,YML028W,0,-5.932384,0.14530831575393677,0.8130000233650208,0.4781999886035919
YPL086C,YGL008C,0,-5.93247,0.1452823430299759,0.8130000233650208,0.478300005197525
YDR060W,YPL087W,0,-5.9326205,0.1452563852071762,0.8130000233650208,0.47839999198913574
YLR085C,YDR192C,0,-5.93315,0.14523044228553772,0.8130000233650208,0.47850000858306885
YDR518W,YMR125W,0,-5.9332232,0.14520449936389923,0.8130000233650208,0.47859999537467957
YDL035C,YGR005C,0,-5.933393,0.14517857134342194,0.8130000233650208,0.47870001196861267
YPR082C,YBR095C,0,-5.93366,0.14515265822410583,0.8130000233650208,0.4787999987602234
YBR023C,YOL043C,0,-5.9336753,0.14512674510478973,0.8130000233650208,0.4788999855518341
YNL099C,YLR386W,0,-5.9338737,0.14510083198547363,0.8130000233650208,0.4790000021457672
YBR258C,YHL025W,0,-5.9340196,0.14507494866847992,0.8130000233650208,0.47909998893737793
YGR014W,YBR060C,0,-5.934116,0.1450490653514862,0.8130000233650208,0.47920000553131104
YLR096W,YPL253C,0,-5.934315,0.1450231820344925,0.8130000233650208,0.47929999232292175
YKL017C,YMR030W,0,-5.9343405,0.14499732851982117,0.8130000233650208,0.47940000891685486
YDR040C,YGL013C,0,-5.934413,0.14497147500514984,0.8130000233650208,0.4794999957084656
YER168C,YER002W,0,-5.9345636,0.14494562149047852,0.8130000233650208,0.4796000123023987
YPR051W,YHL028W,0,-5.9347005,0.14491978287696838,0.8130000233650208,0.4796999990940094
YMR109W,YIL095W,1,-5.934805,0.14507217705249786,0.8140000104904175,0.4796999990940094
YBR221C,YDL092W,0,-5.9348893,0.14504632353782654,0.8140000104904175,0.4797999858856201
YKL043W,YBR043C,0,-5.934995,0.1450204849243164,0.8140000104904175,0.4799000024795532
YLR215C,YDR488C,0,-5.935107,0.14499466121196747,0.8140000104904175,0.47999998927116394
YGL105W,YKL197C,0,-5.935225,0.14496883749961853,0.8140000104904175,0.48010000586509705
YDR245W,YBR175W,0,-5.9353228,0.1449430137872696,0.8140000104904175,0.48019999265670776
YFR014C,YGR083C,0,-5.9353986,0.14491721987724304,0.8140000104904175,0.48030000925064087
YDR072C,YDR160W,0,-5.9354053,0.1448914259672165,0.8140000104904175,0.4803999960422516
YDR228C,YPL133C,0,-5.936029,0.14486563205718994,0.8140000104904175,0.4805000126361847
YJR105W,YOL069W,0,-5.9363775,0.14483985304832458,0.8140000104904175,0.4805999994277954
YCR031C,YBL034C,0,-5.9365206,0.14481408894062042,0.8140000104904175,0.48069998621940613
YPL265W,YGL219C,0,-5.9365573,0.14478832483291626,0.8140000104904175,0.48080000281333923
YER149C,YML107C,0,-5.9366074,0.1447625756263733,0.8140000104904175,0.48089998960494995
YLL042C,YGR009C,0,-5.9371343,0.14473684132099152,0.8140000104904175,0.48100000619888306
YDR221W,YJR068W,0,-5.937183,0.14471110701560974,0.8140000104904175,0.4810999929904938
YBR201W,YBR015C,0,-5.9376073,0.14468538761138916,0.8140000104904175,0.4812000095844269
YOR237W,YKL129C,1,-5.9378533,0.1448373943567276,0.8149999976158142,0.4812000095844269
YJR150C,YDR295C,0,-5.9380374,0.14481166005134583,0.8149999976158142,0.4812999963760376
YFL025C,YJL052W,0,-5.938381,0.14478592574596405,0.8149999976158142,0.4814000129699707
YBR177C,YDR492W,0,-5.938735,0.14476020634174347,0.8149999976158142,0.4814999997615814
YBR179C,YPR163C,0,-5.9387736,0.14473450183868408,0.8149999976158142,0.48159998655319214
YGL246C,YLR043C,0,-5.9388547,0.1447088122367859,0.8149999976158142,0.48170000314712524
YMR198W,YDR294C,0,-5.939197,0.1446831226348877,0.8149999976158142,0.48179998993873596
YML034W,YMR101C,0,-5.93955,0.1446574330329895,0.8149999976158142,0.48190000653266907
YNL001W,YBR091C,0,-5.9398947,0.1446317583322525,0.8149999976158142,0.4819999933242798
YCR020C,YHR088W,0,-5.9399447,0.1446060985326767,0.8149999976158142,0.4821000099182129
YPL170W,YML046W,0,-5.9400043,0.14458045363426208,0.8149999976158142,0.4821999967098236
YFL021W,YOR153W,0,-5.9401665,0.14455480873584747,0.8149999976158142,0.4823000133037567
YMR280C,YPR023C,0,-5.940167,0.14452917873859406,0.8149999976158142,0.48240000009536743
YCR063W,YEL051W,0,-5.940279,0.14450354874134064,0.8149999976158142,0.48249998688697815
YPL256C,YPL002C,0,-5.9403224,0.1444779336452484,0.8149999976158142,0.48260000348091125
YGR123C,YGL058W,0,-5.9404373,0.1444523185491562,0.8149999976158142,0.482699990272522
YLR226W,YMR013C,0,-5.94054,0.14442671835422516,0.8149999976158142,0.4828000068664551
YCL044C,YLL041C,0,-5.9409614,0.14440113306045532,0.8149999976158142,0.4828999936580658
YGL166W,YJL222W,0,-5.941328,0.14437554776668549,0.8149999976158142,0.4830000102519989
YNL278W,YDR285W,0,-5.9418464,0.14434997737407684,0.8149999976158142,0.4830999970436096
YGL238W,YGL195W,0,-5.942065,0.1443244218826294,0.8149999976158142,0.4832000136375427
YGR230W,YER148W,0,-5.942433,0.14429886639118195,0.8149999976158142,0.48330000042915344
YOL149W,YFR019W,0,-5.942452,0.1442733258008957,0.8149999976158142,0.48339998722076416
YOL001W,YIL031W,0,-5.942538,0.14424778521060944,0.8149999976158142,0.48350000381469727
YDR288W,YIL061C,0,-5.9426174,0.14422225952148438,0.8149999976158142,0.483599990606308
YGR195W,YOR045W,0,-5.9426537,0.1441967487335205,0.8149999976158142,0.4837000072002411
YMR288W,YBL057C,0,-5.94268,0.14417123794555664,0.8149999976158142,0.4837999939918518
YPL200W,YLR332W,0,-5.942837,0.14414574205875397,0.8149999976158142,0.4839000105857849
YFL021W,YER149C,0,-5.9433074,0.1441202461719513,0.8149999976158142,0.48399999737739563
YML058W,YBR097W,0,-5.943727,0.14409476518630981,0.8149999976158142,0.48410001397132874
YPR162C,YOR045W,0,-5.944075,0.14406929910182953,0.8149999976158142,0.48420000076293945
YHR065C,YMR067C,0,-5.9442725,0.14404383301734924,0.8149999976158142,0.48429998755455017
YKL176C,YJL041W,0,-5.9444957,0.14401838183403015,0.8149999976158142,0.4844000041484833
YMR220W,YLL027W,0,-5.944528,0.14399293065071106,0.8149999976158142,0.484499990940094
YPL117C,YBR123C,0,-5.9446435,0.14396749436855316,0.8149999976158142,0.4846000075340271
YFL058W,YIL039W,0,-5.94496,0.14394207298755646,0.8149999976158142,0.4846999943256378
YGL254W,YOR363C,0,-5.945065,0.14391665160655975,0.8149999976158142,0.4848000109195709
YNR001C,YLL004W,0,-5.9453845,0.14389124512672424,0.8149999976158142,0.48489999771118164
YGR041W,YGR267C,0,-5.9456687,0.14386583864688873,0.8149999976158142,0.48500001430511475
YOR216C,YDR073W,0,-5.9457808,0.14384044706821442,0.8149999976158142,0.48510000109672546
YML015C,YKL166C,0,-5.9459043,0.1438150703907013,0.8149999976158142,0.4851999878883362
YHR158C,YGR279C,0,-5.945969,0.14378969371318817,0.8149999976158142,0.4853000044822693
YDL143W,YPR007C,0,-5.9460273,0.14376433193683624,0.8149999976158142,0.48539999127388
YLR355C,YEL065W,0,-5.9460654,0.14373897016048431,0.8149999976158142,0.4855000078678131
YBR243C,YNL312W,0,-5.9461803,0.14371363818645477,0.8149999976158142,0.48559999465942383
YKR054C,YOR085W,0,-5.946259,0.14368829131126404,0.8149999976158142,0.48570001125335693
YPL015C,YKL154W,0,-5.9464955,0.1436629593372345,0.8149999976158142,0.48579999804496765
YNL327W,YDR295C,0,-5.946874,0.14363764226436615,0.8149999976158142,0.48590001463890076
YDR009W,YJL183W,0,-5.9468923,0.143612340092659,0.8149999976158142,0.4860000014305115
YDR138W,YBR213W,0,-5.94703,0.14358703792095184,0.8149999976158142,0.4860999882221222
YGL166W,YMR117C,0,-5.94762,0.1435617357492447,0.8149999976158142,0.4862000048160553
YKL114C,YDR363W-A,0,-5.9478755,0.14353646337985992,0.8149999976158142,0.486299991607666
YDR245W,YJL012C,0,-5.948402,0.14351117610931396,0.8149999976158142,0.4864000082015991
YKR052C,YDR280W,0,-5.9484096,0.1434859186410904,0.8149999976158142,0.48649999499320984
YOL034W,YBR231C,0,-5.948432,0.14346066117286682,0.8149999976158142,0.48660001158714294
YER083C,YER065C,0,-5.948467,0.14343540370464325,0.8149999976158142,0.48669999837875366
YJR031C,YER118C,0,-5.9491205,0.14341017603874207,0.8149999976158142,0.4867999851703644
YJR064W,YKL086W,0,-5.949167,0.1433849334716797,0.8149999976158142,0.4869000017642975
YCL010C,YBR130C,0,-5.9492936,0.1433597207069397,0.8149999976158142,0.4869999885559082
YLL004W,YDR322C-A,0,-5.9498744,0.1433345079421997,0.8149999976158142,0.4871000051498413
YOL061W,YFL002C,0,-5.949922,0.14330929517745972,0.8149999976158142,0.487199991941452
YNR075W,YNL093W,1,-5.9504046,0.14345991611480713,0.8159999847412109,0.487199991941452
YPR007C,YPR108W,0,-5.950435,0.14343470335006714,0.8159999847412109,0.48730000853538513
YER074W-A,YNL310C,0,-5.9505925,0.14340949058532715,0.8159999847412109,0.48739999532699585
YGL032C,YCR086W,0,-5.950771,0.14338429272174835,0.8159999847412109,0.48750001192092896
YGL106W,YER148W,0,-5.951138,0.14335909485816956,0.8159999847412109,0.4875999987125397
YML008C,YPR032W,0,-5.9514976,0.14333391189575195,0.8159999847412109,0.4876999855041504
YKL055C,YML088W,0,-5.9517503,0.14330874383449554,0.8159999847412109,0.4878000020980835
YLR383W,YKR031C,0,-5.9520426,0.14328357577323914,0.8159999847412109,0.4878999888896942
YJL081C,YFR030W,0,-5.952304,0.14325842261314392,0.8159999847412109,0.4880000054836273
YNL130C,YBR257W,0,-5.952771,0.1432332843542099,0.8159999847412109,0.48809999227523804
YPL254W,YBR127C,0,-5.952783,0.14320814609527588,0.8159999847412109,0.48820000886917114
YGR217W,YFL018C,0,-5.952784,0.14318300783634186,0.8159999847412109,0.48829999566078186
YLR085C,YBR091C,0,-5.9531565,0.14315789937973022,0.8159999847412109,0.48840001225471497
YHL038C,YCR073W-A,0,-5.9532323,0.1431327909231186,0.8159999847412109,0.4884999990463257
YER095W,YGR128C,0,-5.9532924,0.14310768246650696,0.8159999847412109,0.4885999858379364
YER157W,YGR057C,0,-5.95331,0.14308258891105652,0.8159999847412109,0.4887000024318695
YLR085C,YHR059W,0,-5.953511,0.14305751025676727,0.8159999847412109,0.4887999892234802
YPL036W,YKR042W,0,-5.9535794,0.14303243160247803,0.8159999847412109,0.48890000581741333
YOR061W,YGR006W,0,-5.9535813,0.14300736784934998,0.8159999847412109,0.48899999260902405
YBR231C,YDL128W,0,-5.953696,0.14298230409622192,0.8159999847412109,0.48910000920295715
YMR235C,YOR143C,0,-5.9539504,0.14295725524425507,0.8159999847412109,0.48919999599456787
YDR461W,YLR354C,0,-5.9545274,0.1429322063922882,0.8159999847412109,0.489300012588501
YOR094W,YPL032C,1,-5.95468,0.14308230578899384,0.8169999718666077,0.489300012588501
YGR083C,YOR266W,0,-5.9548774,0.14305725693702698,0.8169999718666077,0.4893999993801117
YJR121W,YPR104C,0,-5.9548874,0.14303220808506012,0.8169999718666077,0.4894999861717224
YPL167C,YHR060W,0,-5.954994,0.14300717413425446,0.8169999718666077,0.4896000027656555
YOR173W,YGL243W,0,-5.9552474,0.14298215508460999,0.8169999718666077,0.48969998955726624
YFR028C,YFL036W,0,-5.9556584,0.14295713603496552,0.8169999718666077,0.48980000615119934
YKL008C,YJL029C,0,-5.955707,0.14293211698532104,0.8169999718666077,0.48989999294281006
YKL055C,YIL117C,0,-5.955776,0.14290711283683777,0.8169999718666077,0.49000000953674316
YNL202W,YDR359C,0,-5.95587,0.14288212358951569,0.8169999718666077,0.4900999963283539
YER054C,YGL018C,0,-5.9562984,0.1428571492433548,0.8169999718666077,0.490200012922287
YDR054C,YER018C,0,-5.9565673,0.1428321748971939,0.8169999718666077,0.4902999997138977
YBL025W,YNR026C,0,-5.9566174,0.14280720055103302,0.8169999718666077,0.4903999865055084
YDL243C,YJL054W,0,-5.9568477,0.14278224110603333,0.8169999718666077,0.49050000309944153
YDR240C,YAL016W,0,-5.956861,0.14275729656219482,0.8169999718666077,0.49059998989105225
YCL067C,YGL192W,0,-5.956946,0.14273235201835632,0.8169999718666077,0.49070000648498535
YLR214W,YAL043C,0,-5.9570427,0.14270742237567902,0.8169999718666077,0.49079999327659607
YMR113W,YIL061C,0,-5.957101,0.1426825076341629,0.8169999718666077,0.4909000098705292
YKR024C,YML067C,0,-5.9571443,0.1426575928926468,0.8169999718666077,0.4909999966621399
YCL035C,YDR013W,0,-5.957393,0.14263267815113068,0.8169999718666077,0.491100013256073
YNL186W,YLR130C,0,-5.95748,0.14260777831077576,0.8169999718666077,0.4912000000476837
YLR098C,YGR099W,0,-5.9583364,0.14258289337158203,0.8169999718666077,0.49129998683929443
YGR163W,YHR015W,0,-5.9583554,0.1425580233335495,0.8169999718666077,0.49140000343322754
YMR303C,YCL067C,0,-5.95843,0.14253315329551697,0.8169999718666077,0.49149999022483826
YGL053W,YLR268W,0,-5.958521,0.14250828325748444,0.8169999718666077,0.49160000681877136
YLR176C,YHR060W,0,-5.959055,0.1424834281206131,0.8169999718666077,0.4916999936103821
YJR031C,YER042W,0,-5.959389,0.14245858788490295,0.8169999718666077,0.4918000102043152
YER040W,YKL001C,0,-5.959549,0.1424337476491928,0.8169999718666077,0.4918999969959259
YGR008C,YPL176C,0,-5.959692,0.14240892231464386,0.8169999718666077,0.492000013589859
YER157W,YDR322C-A,0,-5.9598475,0.1423841118812561,0.8169999718666077,0.4921000003814697
YNL041C,YLR265C,0,-5.9598756,0.14235930144786835,0.8169999718666077,0.49219998717308044
YNL102W,YOR301W,0,-5.960215,0.1423344910144806,0.8169999718666077,0.49230000376701355
YMR055C,YBR095C,0,-5.9602876,0.14230969548225403,0.8169999718666077,0.49239999055862427
YKL058W,YPL253C,0,-5.960519,0.14228491485118866,0.8169999718666077,0.4925000071525574
YJR097W,YGR156W,0,-5.9609895,0.14226014912128448,0.8169999718666077,0.4925999939441681
YDL092W,YNR046W,0,-5.9610915,0.1422353833913803,0.8169999718666077,0.4927000105381012
YDL243C,YMR285C,0,-5.9611874,0.14221061766147614,0.8169999718666077,0.4927999973297119
YBL016W,YDL056W,0,-5.961355,0.14218586683273315,0.8169999718666077,0.492900013923645
YLL038C,YML052W,1,-5.961585,0.14233513176441193,0.8180000185966492,0.492900013923645
YCR086W,YDL077C,0,-5.961606,0.14231036603450775,0.8180000185966492,0.49300000071525574
YCR063W,YBR186W,0,-5.961826,0.14228561520576477,0.8180000185966492,0.49309998750686646
YER001W,YKL166C,0,-5.961943,0.1422608643770218,0.8180000185966492,0.49320000410079956
YLR114C,YNL327W,0,-5.962108,0.14223612844944,0.8180000185966492,0.4932999908924103
YIL061C,YGL098W,0,-5.9625735,0.1422114074230194,0.8180000185966492,0.4934000074863434
YEL032W,YGR119C,0,-5.9626203,0.14218668639659882,0.8180000185966492,0.4934999942779541
YNR052C,YGR161C,0,-5.9626565,0.14216198027133942,0.8180000185966492,0.4936000108718872
YDR448W,YMR163C,0,-5.9626827,0.14213727414608002,0.8180000185966492,0.4936999976634979
YPL138C,YIL138C,0,-5.962969,0.1421125829219818,0.8180000185966492,0.49380001425743103
YMR056C,YOR074C,0,-5.9631505,0.1420878916978836,0.8180000185966492,0.49390000104904175
YOL086C,YLR148W,0,-5.963224,0.1420632153749466,0.8180000185966492,0.49399998784065247
YNL274C,YPL131W,0,-5.963396,0.14203855395317078,0.8180000185966492,0.49410000443458557
YDR272W,YBR244W,0,-5.963488,0.14201389253139496,0.8180000185966492,0.4941999912261963
YOR185C,YER142C,0,-5.9636235,0.14198923110961914,0.8180000185966492,0.4943000078201294
YMR073C,YLL040C,0,-5.964195,0.1419645994901657,0.8180000185966492,0.4943999946117401
YER045C,YLR044C,0,-5.964309,0.14193996787071228,0.8180000185966492,0.4945000112056732
YCR020C,YDR479C,0,-5.964315,0.14191533625125885,0.8180000185966492,0.49459999799728394
YBL074C,YER013W,0,-5.964439,0.1418907195329666,0.8180000185966492,0.49470001459121704
YBR213W,YFR048W,0,-5.9645667,0.14186611771583557,0.8180000185966492,0.49480000138282776
YKR035W-A,YER040W,0,-5.9648104,0.14184151589870453,0.8180000185966492,0.4948999881744385
YOR144C,YER083C,0,-5.964997,0.1418169140815735,0.8180000185966492,0.4950000047683716
YDR076W,YIL109C,0,-5.965166,0.14179234206676483,0.8180000185966492,0.4950999915599823
YPL265W,YIL154C,0,-5.9652143,0.14176777005195618,0.8180000185966492,0.4952000081539154
YOR245C,YBR177C,0,-5.965347,0.14174319803714752,0.8180000185966492,0.4952999949455261
YKL114C,YOL095C,0,-5.965505,0.14171864092350006,0.8180000185966492,0.49540001153945923
YML116W,YDR479C,0,-5.966309,0.1416940987110138,0.8180000185966492,0.49549999833106995
YGR264C,YBR256C,0,-5.9663944,0.14166955649852753,0.8180000185966492,0.49559998512268066
YAR002C-A,YJL208C,0,-5.9664316,0.14164501428604126,0.8180000185966492,0.49570000171661377
YNL136W,YDR036C,0,-5.966463,0.14162050187587738,0.8180000185966492,0.4957999885082245
YGR097W,YCR042C,0,-5.9665837,0.1415959894657135,0.8180000185966492,0.4959000051021576
YGL075C,YER095W,0,-5.9665875,0.14157147705554962,0.8180000185966492,0.4959999918937683
YPL061W,YDR240C,0,-5.966844,0.14154697954654694,0.8180000185966492,0.4961000084877014
YLR291C,YGL126W,0,-5.967074,0.14152249693870544,0.8180000185966492,0.49619999527931213
YPL209C,YHR006W,0,-5.9670987,0.14149801433086395,0.8180000185966492,0.49630001187324524
YLR459W,YBR058C-A,0,-5.967168,0.14147353172302246,0.8180000185966492,0.49639999866485596
YDR011W,YPL180W,0,-5.967197,0.14144907891750336,0.8180000185966492,0.4964999854564667
YKR035W-A,YLR382C,0,-5.9673376,0.14142462611198425,0.8180000185966492,0.4966000020503998
YDR281C,YDR073W,0,-5.9674454,0.14140017330646515,0.8180000185966492,0.4966999888420105
YGR254W,YBR289W,0,-5.967612,0.14137573540210724,0.8180000185966492,0.4968000054359436
YGL257C,YKR072C,0,-5.9678354,0.14135129749774933,0.8180000185966492,0.4968999922275543
YAL032C,YLR107W,0,-5.967898,0.1413268893957138,0.8180000185966492,0.4970000088214874
YKL026C,YHR086W,0,-5.9679017,0.1413024663925171,0.8180000185966492,0.49709999561309814
YLR242C,YDR388W,1,-5.9679246,0.14145077764987946,0.8190000057220459,0.49709999561309814
YHL038C,YLR011W,0,-5.967995,0.14142635464668274,0.8190000057220459,0.49720001220703125
YPR189W,YML034W,0,-5.968203,0.14140193164348602,0.8190000057220459,0.49729999899864197
YGR180C,YMR143W,0,-5.968244,0.1413775235414505,0.8190000057220459,0.4973999857902527
YAR033W,YPL129W,0,-5.968327,0.14135313034057617,0.8190000057220459,0.4975000023841858
YLR144C,YMR287C,0,-5.9684234,0.14132873713970184,0.8190000057220459,0.4975999891757965
YLR193C,YKL095W,0,-5.968469,0.14130434393882751,0.8190000057220459,0.4977000057697296
YBR186W,YER008C,0,-5.968919,0.14127996563911438,0.8190000057220459,0.49779999256134033
YDL028C,YDL090C,0,-5.968932,0.14125560224056244,0.8190000057220459,0.49790000915527344
YPR162C,YER075C,0,-5.969114,0.1412312537431717,0.8190000057220459,0.49799999594688416
YGL155W,YKL074C,0,-5.9697766,0.14120689034461975,0.8190000057220459,0.49810001254081726
YOR316C,YNL281W,0,-5.970118,0.1411825567483902,0.8190000057220459,0.498199999332428
YPL188W,YNL263C,0,-5.9701333,0.14115822315216064,0.8190000057220459,0.4982999861240387
YER142C,YMR179W,0,-5.9702168,0.1411338895559311,0.8190000057220459,0.4984000027179718
YCR040W,YGL092W,0,-5.9703503,0.14110958576202393,0.8190000057220459,0.4984999895095825
YPR093C,YDR470C,0,-5.9704256,0.14108526706695557,0.8190000057220459,0.4986000061035156
YDR461W,YBL005W,0,-5.970497,0.1410609781742096,0.8190000057220459,0.49869999289512634
YHR167W,YML014W,0,-5.970569,0.14103667438030243,0.8190000057220459,0.49880000948905945
YLR105C,YGR081C,0,-5.970734,0.14101240038871765,0.8190000057220459,0.49889999628067017
YJL031C,YPR051W,0,-5.9709153,0.14098812639713287,0.8190000057220459,0.49900001287460327
YPL100W,YMR011W,0,-5.971153,0.1409638524055481,0.8190000057220459,0.499099999666214
YOR113W,YDR285W,0,-5.9714174,0.1409395933151245,0.8190000057220459,0.4991999864578247
YGR246C,YJR068W,0,-5.9714885,0.14091534912586212,0.8190000057220459,0.4993000030517578
YJL143W,YCL033C,0,-5.9717884,0.14089110493659973,0.8190000057220459,0.49939998984336853
YGL068W,YHR118C,0,-5.9720798,0.14086687564849854,0.8190000057220459,0.49950000643730164
YNL041C,YDR485C,0,-5.9721637,0.14084264636039734,0.8190000057220459,0.49959999322891235
YGL119W,YJR070C,0,-5.9723563,0.14081843197345734,0.8190000057220459,0.49970000982284546
YOR260W,YOR386W,0,-5.972446,0.14079421758651733,0.8190000057220459,0.4997999966144562
YER028C,YBR195C,0,-5.972487,0.14077001810073853,0.8190000057220459,0.4999000132083893
YLR242C,YBL047C,1,-5.972642,0.14091768860816956,0.8199999928474426,0.4999000132083893
YDR098C,YDR140W,0,-5.972729,0.14089347422122955,0.8199999928474426,0.5
YGL241W,YGR171C,0,-5.9737124,0.14086925983428955,0.8199999928474426,0.5001000165939331
YMR208W,YMR270C,0,-5.974418,0.14084507524967194,0.8199999928474426,0.5001999735832214
YOR032C,YHR039C-A,0,-5.9745197,0.14082087576389313,0.8199999928474426,0.5002999901771545
YKL008C,YLR360W,0,-5.9745564,0.1407967060804367,0.8199999928474426,0.5004000067710876
YDR116C,YER049W,0,-5.9749165,0.14077253639698029,0.8199999928474426,0.5005000233650208
YGL018C,YOR210W,0,-5.974997,0.14074836671352386,0.8199999928474426,0.5005999803543091
YEL053C,YPR052C,0,-5.975055,0.14072421193122864,0.8199999928474426,0.5006999969482422
YGR163W,YNL222W,0,-5.975287,0.1407000720500946,0.8199999928474426,0.5008000135421753
YDR143C,YLR425W,0,-5.9754186,0.14067593216896057,0.8199999928474426,0.5008999705314636
YKR099W,YOR049C,0,-5.975765,0.14065180718898773,0.8199999928474426,0.5009999871253967
YNR075W,YGL045W,1,-5.975778,0.14079917967319489,0.8209999799728394,0.5009999871253967
YDL148C,YDR276C,0,-5.9761624,0.14077503979206085,0.8209999799728394,0.5011000037193298
YIL159W,YLR010C,0,-5.976197,0.14075089991092682,0.8209999799728394,0.5012000203132629
YHL038C,YLL035W,0,-5.976564,0.14072677493095398,0.8209999799728394,0.5012999773025513
YPL177C,YGL192W,0,-5.9765887,0.14070264995098114,0.8209999799728394,0.5013999938964844
YBR121C,YOR380W,0,-5.976626,0.1406785398721695,0.8209999799728394,0.5015000104904175
YLL038C,YIL095W,1,-5.976805,0.1408257633447647,0.8220000267028809,0.5015000104904175
YPR030W,YLR396C,1,-5.976933,0.14097294211387634,0.8230000138282776,0.5015000104904175
YDR246W,YML131W,0,-5.9774623,0.14094878733158112,0.8230000138282776,0.5016000270843506
YKL139W,YER146W,0,-5.977613,0.14092466235160828,0.8230000138282776,0.5016999840736389
YOR049C,YDL217C,0,-5.9780097,0.14090053737163544,0.8230000138282776,0.501800000667572
YOR380W,YIL066C,0,-5.9790063,0.1408764123916626,0.8230000138282776,0.5019000172615051
YKL026C,YOR185C,0,-5.979045,0.14085230231285095,0.8230000138282776,0.5019999742507935
YCR044C,YDL188C,0,-5.97909,0.1408282071352005,0.8230000138282776,0.5020999908447266
YIL125W,YOR361C,0,-5.9792304,0.14080411195755005,0.8230000138282776,0.5022000074386597
YHR102W,YDR363W-A,0,-5.9795365,0.1407800167798996,0.8230000138282776,0.5023000240325928
YMR290C,YPR086W,0,-5.9798055,0.14075593650341034,0.8230000138282776,0.5023999810218811
YFL031W,YJR002W,0,-5.9800754,0.14073187112808228,0.8230000138282776,0.5024999976158142
YGR200C,YPR088C,0,-5.980369,0.1407078206539154,0.8230000138282776,0.5026000142097473
YGL067W,YHR118C,0,-5.9807982,0.14068375527858734,0.8230000138282776,0.5026999711990356
YPL262W,YOL108C,0,-5.9811563,0.14065971970558167,0.8230000138282776,0.5027999877929688
YNL027W,YDL081C,0,-5.9812274,0.140635684132576,0.8230000138282776,0.5029000043869019
YLR098C,YLR214W,0,-5.9814324,0.1406116485595703,0.8230000138282776,0.503000020980835
YER075C,YOR265W,0,-5.9816,0.14058762788772583,0.8230000138282776,0.5030999779701233
YDL113C,YGL061C,0,-5.981678,0.14056362211704254,0.8230000138282776,0.5031999945640564
YBR132C,YJL219W,0,-5.9818597,0.14053961634635925,0.8230000138282776,0.5033000111579895
YLR148W,YOR281C,0,-5.9821014,0.14051562547683716,0.8230000138282776,0.5034000277519226
YIL160C,YBL046W,0,-5.9821887,0.14049163460731506,0.8230000138282776,0.5034999847412109
YGR147C,YDL105W,0,-5.9832783,0.14046765863895416,0.8230000138282776,0.503600001335144
YNL298W,YMR208W,0,-5.983597,0.14044368267059326,0.8230000138282776,0.5037000179290771
YHL040C,YGL155W,0,-5.9838386,0.14041972160339355,0.8230000138282776,0.5037999749183655
YDR072C,YPR162C,0,-5.9840217,0.14039577543735504,0.8230000138282776,0.5038999915122986
YJR160C,YDR523C,0,-5.984344,0.14037182927131653,0.8230000138282776,0.5040000081062317
YKL201C,YDR243C,0,-5.984513,0.14034788310527802,0.8230000138282776,0.5041000247001648
YPR112C,YOR045W,0,-5.984528,0.1403239518404007,0.8230000138282776,0.5041999816894531
YIR019C,YGR274C,0,-5.9846387,0.14030003547668457,0.8230000138282776,0.5042999982833862
YLR233C,YDR200C,0,-5.9846673,0.14027611911296844,0.8230000138282776,0.5044000148773193
YFR046C,YHR059W,0,-5.98468,0.1402522176504135,0.8230000138282776,0.5044999718666077
YJR105W,YML027W,0,-5.984975,0.14022831618785858,0.8230000138282776,0.5045999884605408
YIL013C,YER173W,0,-5.9850106,0.14020442962646484,0.8230000138282776,0.5047000050544739
YKL149C,YAL034W-A,0,-5.9851103,0.1401805430650711,0.8230000138282776,0.504800021648407
YGL245W,YJL025W,0,-5.985494,0.14015667140483856,0.8230000138282776,0.5048999786376953
YER001W,YML060W,0,-5.985584,0.1401328146457672,0.8230000138282776,0.5049999952316284
YGL211W,YDL188C,0,-5.9856534,0.14010895788669586,0.8230000138282776,0.5051000118255615
YER119C,YMR080C,0,-5.9858766,0.1400851011276245,0.8230000138282776,0.5052000284194946
YGR239C,YMR060C,0,-5.986009,0.14006125926971436,0.8230000138282776,0.505299985408783
YNL080C,YFL022C,0,-5.986234,0.1400374323129654,0.8230000138282776,0.5054000020027161
YOL135C,YOL105C,0,-5.9864206,0.14001360535621643,0.8230000138282776,0.5055000185966492
YJL108C,YER005W,0,-5.986515,0.13998979330062866,0.8230000138282776,0.5055999755859375
YLR103C,YPL174C,0,-5.986686,0.1399659812450409,0.8230000138282776,0.5056999921798706
YGR256W,YDR145W,0,-5.9868045,0.13994218409061432,0.8230000138282776,0.5058000087738037
YGL180W,YOL089C,0,-5.9869447,0.13991840183734894,0.8230000138282776,0.5059000253677368
YOR033C,YGL124C,0,-5.987081,0.13989460468292236,0.8230000138282776,0.5059999823570251
YLL022C,YML059C,0,-5.9870987,0.13987083733081818,0.8230000138282776,0.5060999989509583
YEL027W,YJL204C,1,-5.9871063,0.14001698791980743,0.8240000009536743,0.5060999989509583
YOR299W,YDR243C,0,-5.9873557,0.13999320566654205,0.8240000009536743,0.5062000155448914
YLR115W,YGR118W,0,-5.987726,0.13996942341327667,0.8240000009536743,0.5062999725341797
YKL114C,YMR208W,0,-5.987853,0.13994565606117249,0.8240000009536743,0.5063999891281128
YOR349W,YJR042W,0,-5.9881663,0.1399218887090683,0.8240000009536743,0.5065000057220459
YBR158W,YKL057C,0,-5.988602,0.1398981362581253,0.8240000009536743,0.506600022315979
YAR019C,YIL066C,0,-5.9888053,0.1398743838071823,0.8240000009536743,0.5066999793052673
YDR244W,YGR274C,0,-5.9889603,0.1398506462574005,0.8240000009536743,0.5067999958992004
YMR044W,YHL006C,0,-5.9890857,0.1398269087076187,0.8240000009536743,0.5069000124931335
YER119C,YDR091C,0,-5.9893303,0.1398031860589981,0.8240000009536743,0.5070000290870667
YLR044C,YGL113W,0,-5.9895043,0.1397794783115387,0.8240000009536743,0.507099986076355
YPR104C,YLR340W,0,-5.989987,0.13975577056407928,0.8240000009536743,0.5072000026702881
YDR016C,YJR140C,0,-5.990194,0.13973206281661987,0.8240000009536743,0.5073000192642212
YPL266W,YDL040C,0,-5.9907317,0.13970836997032166,0.8240000009536743,0.5073999762535095
YJL094C,YLR145W,0,-5.9907613,0.13968469202518463,0.8240000009536743,0.5074999928474426
YHR116W,YNL304W,0,-5.9910235,0.1396610140800476,0.8240000009536743,0.5076000094413757
YPR046W,YLR193C,0,-5.9911113,0.13963735103607178,0.8240000009536743,0.5077000260353088
YNL222W,YNL088W,0,-5.99134,0.13961368799209595,0.8240000009536743,0.5077999830245972
YBL085W,YDR054C,0,-5.991464,0.1395900398492813,0.8240000009536743,0.5078999996185303
YPL095C,YOR363C,0,-5.991524,0.13956639170646667,0.8240000009536743,0.5080000162124634
YDL088C,YML098W,0,-5.991647,0.13954275846481323,0.8240000009536743,0.5080999732017517
YNL121C,YBR006W,0,-5.9917073,0.13951914012432098,0.8240000009536743,0.5081999897956848
YNL331C,YBR049C,0,-5.9918804,0.13949550688266754,0.8240000009536743,0.5083000063896179
YJR155W,YGR212W,0,-5.9919853,0.1394719034433365,0.8240000009536743,0.508400022983551
YGL032C,YPL258C,0,-5.9919863,0.13944830000400543,0.8240000009536743,0.5084999799728394
YOR254C,YAL001C,0,-5.9919887,0.13942469656467438,0.8240000009536743,0.5085999965667725
YAR008W,YDL217C,0,-5.9920115,0.1394011229276657,0.8240000009536743,0.5087000131607056
YBR065C,YNL244C,0,-5.9920506,0.13937753438949585,0.8240000009536743,0.5088000297546387
YDR192C,YDR356W,0,-5.992613,0.13935396075248718,0.8240000009536743,0.508899986743927
YIR010W,YPL006W,0,-5.992864,0.1393304020166397,0.8240000009536743,0.5090000033378601
YOR074C,YPL169C,0,-5.993151,0.13930684328079224,0.8240000009536743,0.5091000199317932
YDR364C,YGR056W,0,-5.9932656,0.13928329944610596,0.8240000009536743,0.5091999769210815
YNL065W,YBR041W,0,-5.9935365,0.13925975561141968,0.8240000009536743,0.5092999935150146
YPL049C,YDR172W,0,-5.993666,0.1392362266778946,0.8240000009536743,0.5094000101089478
YJL065C,YGL104C,0,-5.9939556,0.1392126977443695,0.8240000009536743,0.5095000267028809
YNR075W,YHR161C,1,-5.994028,0.13935810327529907,0.824999988079071,0.5095000267028809
YER038C,YLR176C,0,-5.994069,0.139334574341774,0.824999988079071,0.5095999836921692
YOR099W,YMR133W,0,-5.994165,0.1393110454082489,0.824999988079071,0.5097000002861023
YDL217C,YDR325W,0,-5.9953074,0.13928751647472382,0.824999988079071,0.5098000168800354
YER035W,YPR094W,0,-5.9953876,0.13926401734352112,0.824999988079071,0.5098999738693237
YDL013W,YDR416W,0,-5.995595,0.13924050331115723,0.824999988079071,0.5099999904632568
YLR380W,YBL093C,0,-5.9956074,0.13921700417995453,0.824999988079071,0.5101000070571899
YGR088W,YKR022C,0,-5.9960647,0.13919351994991302,0.824999988079071,0.510200023651123
YOR188W,YMR077C,0,-5.9962296,0.13917003571987152,0.824999988079071,0.5102999806404114
YOR321W,YMR270C,0,-5.9966035,0.1391465663909912,0.824999988079071,0.5103999972343445
YHL020C,YDR285W,0,-5.9968657,0.1391230970621109,0.824999988079071,0.5105000138282776
YNL256W,YGL073W,0,-5.9970965,0.13909964263439178,0.824999988079071,0.5105999708175659
YPL269W,YLR006C,0,-5.997197,0.13907620310783386,0.824999988079071,0.510699987411499
YKR099W,YDR494W,0,-5.9973407,0.13905274868011475,0.824999988079071,0.5108000040054321
YDL044C,YBL025W,0,-5.9974575,0.13902932405471802,0.824999988079071,0.5109000205993652
YKL002W,YLR452C,0,-5.9974766,0.1390058994293213,0.824999988079071,0.5109999775886536
YDL003W,YDR276C,0,-5.998174,0.13898247480392456,0.824999988079071,0.5110999941825867
YPR120C,YMR311C,0,-5.9986167,0.13895906507968903,0.824999988079071,0.5112000107765198
YGR180C,YEL012W,0,-5.9987903,0.13893567025661469,0.824999988079071,0.5113000273704529
YJR158W,YHR139C,0,-5.9989896,0.13891227543354034,0.824999988079071,0.5113999843597412
YIL147C,YDR369C,0,-5.999286,0.1388888955116272,0.824999988079071,0.5115000009536743
YPL155C,YDL200C,0,-5.999494,0.13886551558971405,0.824999988079071,0.5116000175476074
YIR015W,YGL028C,0,-5.999603,0.1388421356678009,0.824999988079071,0.5116999745368958
YOR204W,YOR341W,0,-5.9997544,0.13881878554821014,0.824999988079071,0.5117999911308289
YGL032C,YNL002C,0,-5.9998364,0.1387954205274582,0.824999988079071,0.511900007724762
YCL035C,YNL073W,0,-5.999916,0.13877207040786743,0.824999988079071,0.5120000243186951
YKL185W,YDL229W,0,-5.9999204,0.13874873518943787,0.824999988079071,0.5120999813079834
YER045C,YMR173W,0,-5.9999337,0.1387254148721695,0.824999988079071,0.5121999979019165
YPL181W,YER013W,0,-6.0000086,0.13870207965373993,0.824999988079071,0.5123000144958496
YLR260W,YKL194C,0,-6.0001197,0.13867877423763275,0.824999988079071,0.5123999714851379
YCR089W,YGL028C,0,-6.000218,0.13865546882152557,0.824999988079071,0.512499988079071
YMR220W,YOR151C,0,-6.0002437,0.1386321634054184,0.824999988079071,0.5126000046730042
YDR256C,YPL124W,0,-6.0004983,0.1386088728904724,0.824999988079071,0.5127000212669373
YDR062W,YDL130W-A,0,-6.000501,0.13858558237552643,0.824999988079071,0.5127999782562256
YKL129C,YNL154C,1,-6.000546,0.1387302726507187,0.8259999752044678,0.5127999782562256
YMR116C,YKL214C,0,-6.00092,0.1387069672346115,0.8259999752044678,0.5128999948501587
YLR158C,YLR011W,0,-6.0012603,0.13868367671966553,0.8259999752044678,0.5130000114440918
YDR251W,YPL124W,0,-6.001344,0.13866040110588074,0.8259999752044678,0.5131000280380249
YOR026W,YIL117C,0,-6.0013795,0.13863712549209595,0.8259999752044678,0.5131999850273132
YER145C,YOL128C,0,-6.001745,0.13861386477947235,0.8259999752044678,0.5133000016212463
YNL014W,YDR219C,0,-6.0020356,0.13859060406684875,0.8259999752044678,0.5134000182151794
YKL055C,YGL144C,0,-6.0020957,0.13856735825538635,0.8259999752044678,0.5134999752044678
YGL003C,YPR094W,0,-6.0022864,0.13854411244392395,0.8259999752044678,0.5135999917984009
YOR032C,YNL330C,0,-6.0025487,0.13852088153362274,0.8259999752044678,0.513700008392334
YDR296W,YBR257W,0,-6.003037,0.13849765062332153,0.8259999752044678,0.5138000249862671
YLR226W,YKL101W,0,-6.003129,0.13847443461418152,0.8259999752044678,0.5138999819755554
YNR032W,YAL002W,0,-6.0031343,0.1384512186050415,0.8259999752044678,0.5139999985694885
YDL069C,YBR023C,0,-6.0037627,0.13842801749706268,0.8259999752044678,0.5141000151634216
YLR276C,YNL160W,0,-6.004114,0.13840483129024506,0.8259999752044678,0.51419997215271
YIL002C,YNL154C,1,-6.004246,0.13854916393756866,0.8270000219345093,0.51419997215271
YEL061C,YGL143C,0,-6.0043693,0.13852596282958984,0.8270000219345093,0.5142999887466431
YBL024W,YBR196C,0,-6.004392,0.13850276172161102,0.8270000219345093,0.5144000053405762
YHR073W,YHR016C,1,-6.0046363,0.13864701986312866,0.828000009059906,0.5144000053405762
YIL098C,YDR300C,0,-6.0046515,0.13862380385398865,0.828000009059906,0.5145000219345093
YDL175C,YLR167W,0,-6.0049276,0.13860060274600983,0.828000009059906,0.5145999789237976
YPR005C,YDR407C,0,-6.0051694,0.138577401638031,0.828000009059906,0.5146999955177307
YLR231C,YPR132W,0,-6.00596,0.13855421543121338,0.828000009059906,0.5148000121116638
YKL085W,YPL093W,0,-6.006406,0.13853102922439575,0.828000009059906,0.5149000287055969
YOR224C,YLR264W,0,-6.0068135,0.13850785791873932,0.828000009059906,0.5149999856948853
YBL051C,YHR106W,0,-6.006939,0.13848470151424408,0.828000009059906,0.5151000022888184
YKL201C,YLR079W,0,-6.007134,0.13846154510974884,0.828000009059906,0.5152000188827515
YBL024W,YDR202C,0,-6.007198,0.1384383887052536,0.828000009059906,0.5152999758720398
YHR005C,YDL236W,0,-6.007612,0.13841524720191956,0.828000009059906,0.5153999924659729
YNL271C,YHR142W,0,-6.007792,0.1383921056985855,0.828000009059906,0.515500009059906
YLL038C,YNL093W,1,-6.007859,0.13853609561920166,0.8289999961853027,0.515500009059906
YKL092C,YKL025C,0,-6.008146,0.13851295411586761,0.8289999961853027,0.5156000256538391
YLR084C,YDL083C,0,-6.008188,0.13848981261253357,0.8289999961853027,0.5156999826431274
YOL017W,YLR214W,0,-6.008267,0.13846667110919952,0.8289999961853027,0.5157999992370605
YPL155C,YKL015W,0,-6.008329,0.13844355940818787,0.8289999961853027,0.5159000158309937
YHR011W,YNR032W,0,-6.0084004,0.13842043280601501,0.8289999961853027,0.515999972820282
YDR440W,YJL074C,0,-6.0086446,0.13839733600616455,0.8289999961853027,0.5160999894142151
YJL179W,YLR034C,0,-6.0086923,0.1383742243051529,0.8289999961853027,0.5162000060081482
YMR303C,YER083C,0,-6.008777,0.13835112750530243,0.8289999961853027,0.5163000226020813
YPR135W,YJL094C,0,-6.0087814,0.13832804560661316,0.8289999961853027,0.5163999795913696
YGR246C,YLL013C,0,-6.0091333,0.13830497860908508,0.8289999961853027,0.5164999961853027
YOR349W,YPL020C,0,-6.009578,0.1382818967103958,0.8289999961853027,0.5166000127792358
YLR138W,YJR010C-A,0,-6.009842,0.13825884461402893,0.8289999961853027,0.516700029373169
YPL123C,YFR040W,0,-6.0099216,0.13823577761650085,0.8289999961853027,0.5167999863624573
YNL032W,YBR058C,0,-6.01056,0.13821274042129517,0.8289999961853027,0.5169000029563904
YOL142W,YML097C,0,-6.010581,0.13818970322608948,0.8289999961853027,0.5170000195503235
YDR071C,YIL173W,0,-6.0106263,0.1381666660308838,0.8289999961853027,0.5170999765396118
YAR019C,YNL294C,0,-6.0108113,0.1381436437368393,0.8289999961853027,0.5171999931335449
YAL010C,YBL024W,0,-6.0108414,0.1381206214427948,0.8289999961853027,0.517300009727478
YBR175W,YBR058C-A,0,-6.011112,0.1380976140499115,0.8289999961853027,0.5174000263214111
YKL112W,YGR013W,0,-6.0115027,0.1380746215581894,0.8289999961853027,0.5174999833106995
YLR423C,YOL067C,0,-6.011504,0.13805162906646729,0.8289999961853027,0.5175999999046326
YJL071W,YLL009C,0,-6.0115504,0.13802863657474518,0.8289999961853027,0.5177000164985657
YPR104C,YDL083C,0,-6.0116286,0.13800565898418427,0.8289999961853027,0.517799973487854
YOR033C,YOR032C,0,-6.0118856,0.13798269629478455,0.8289999961853027,0.5178999900817871
YLR401C,YLL019C,0,-6.0122237,0.13795973360538483,0.8289999961853027,0.5180000066757202
YOR185C,YEL050C,0,-6.0122905,0.1379367709159851,0.8289999961853027,0.5181000232696533
YFR027W,YDR080W,0,-6.013018,0.13791382312774658,0.8289999961853027,0.5181999802589417
YOL013C,YDR461W,0,-6.013042,0.13789089024066925,0.8289999961853027,0.5182999968528748
YCR082W,YOL093W,0,-6.0131125,0.13786795735359192,0.8289999961853027,0.5184000134468079
YOR237W,YNL093W,1,-6.013231,0.13801130652427673,0.8299999833106995,0.5184000134468079
YPL188W,YDR363W-A,0,-6.013615,0.1379883587360382,0.8299999833106995,0.5184999704360962
YLR085C,YJR074W,0,-6.0137844,0.13796542584896088,0.8299999833106995,0.5185999870300293
YOR001W,YKR060W,0,-6.0140195,0.13794249296188354,0.8299999833106995,0.5187000036239624
YPL001W,YNL088W,0,-6.014226,0.1379195749759674,0.8299999833106995,0.5188000202178955
YDR168W,YDR437W,0,-6.014339,0.13789665699005127,0.8299999833106995,0.5188999772071838
YDR254W,YGL104C,0,-6.0143747,0.13787375390529633,0.8299999833106995,0.5189999938011169
YPL048W,YJL013C,0,-6.0144014,0.13785085082054138,0.8299999833106995,0.51910001039505
YOL145C,YPL253C,0,-6.0149026,0.13782796263694763,0.8299999833106995,0.5192000269889832
YJR013W,YKL201C,0,-6.0149207,0.13780507445335388,0.8299999833106995,0.5192999839782715
YNR017W,YJL186W,0,-6.0151224,0.13778220117092133,0.8299999833106995,0.5194000005722046
YKL125W,YJR110W,0,-6.015164,0.13775934278964996,0.8299999833106995,0.5195000171661377
YHR188C,YJL219W,0,-6.015184,0.1377364695072174,0.8299999833106995,0.519599974155426
YDR025W,YPR189W,0,-6.0153294,0.13771362602710724,0.8299999833106995,0.5196999907493591
YLR086W,YGL249W,0,-6.015359,0.13769078254699707,0.8299999833106995,0.5198000073432922
YNL004W,YKL055C,0,-6.0154557,0.1376679390668869,0.8299999833106995,0.5199000239372253
YNL309W,YPL258C,0,-6.015965,0.13764511048793793,0.8299999833106995,0.5199999809265137
YJR001W,YJL214W,0,-6.016045,0.13762228190898895,0.8299999833106995,0.5200999975204468
YNR033W,YMR011W,0,-6.016584,0.13759946823120117,0.8299999833106995,0.5202000141143799
YDR343C,YKL038W,0,-6.0169296,0.1375766545534134,0.8299999833106995,0.5202999711036682
YLR055C,YGR099W,0,-6.0171475,0.1375538557767868,0.8299999833106995,0.5203999876976013
YLR266C,YMR133W,0,-6.0174317,0.1375310719013214,0.8299999833106995,0.5205000042915344
YIL049W,YMR277W,0,-6.017694,0.13750828802585602,0.8299999833106995,0.5206000208854675
YGR097W,YGL093W,0,-6.0178566,0.13748550415039062,0.8299999833106995,0.5206999778747559
YBR210W,YAL011W,0,-6.01801,0.13746273517608643,0.8299999833106995,0.520799994468689
YKL060C,YOL093W,0,-6.0180697,0.13743996620178223,0.8299999833106995,0.5209000110626221
YLR059C,YBR165W,0,-6.0180936,0.13741721212863922,0.8299999833106995,0.5210000276565552
YPR007C,YDR126W,0,-6.018167,0.1373944729566574,0.8299999833106995,0.5210999846458435
YJL003W,YLR383W,0,-6.0182624,0.1373717337846756,0.8299999833106995,0.5212000012397766
YGR091W,YHR008C,0,-6.018556,0.1373489946126938,0.8299999833106995,0.5213000178337097
YMR219W,YER040W,0,-6.0189176,0.13732627034187317,0.8299999833106995,0.521399974822998
YER042W,YKR090W,0,-6.0194097,0.13730356097221375,0.8299999833106995,0.5214999914169312
YJL165C,YGL045W,1,-6.01946,0.13744623959064484,0.8309999704360962,0.5214999914169312
YHR015W,YFR029W,0,-6.0195284,0.13742351531982422,0.8309999704360962,0.5216000080108643
YLR014C,YML013W,0,-6.0199,0.1374007910490036,0.8309999704360962,0.5217000246047974
YBR217W,YLR442C,0,-6.0200353,0.13737808167934418,0.8309999704360962,0.5217999815940857
YDR378C,YMR165C,0,-6.020161,0.13735537230968475,0.8309999704360962,0.5218999981880188
YML046W,YFL002C,0,-6.020181,0.13733267784118652,0.8309999704360962,0.5220000147819519
YLR459W,YDR146C,0,-6.020944,0.1373099833726883,0.8309999704360962,0.5220999717712402
YOR143C,YML097C,0,-6.0209994,0.13728728890419006,0.8309999704360962,0.5221999883651733
YOL043C,YBR048W,0,-6.021769,0.13726462423801422,0.8309999704360962,0.5223000049591064
YHR081W,YGR253C,0,-6.021911,0.13724194467067719,0.8309999704360962,0.5224000215530396
YAR019C,YER028C,0,-6.0219555,0.13721928000450134,0.8309999704360962,0.5224999785423279
YMR127C,YHR152W,0,-6.0220103,0.1371966302394867,0.8309999704360962,0.522599995136261
YER015W,YDL207W,0,-6.0222435,0.13717398047447205,0.8309999704360962,0.5227000117301941
YNR075W,YCR028C,1,-6.0224686,0.13731639087200165,0.8320000171661377,0.5227000117301941
YDR437W,YNR008W,0,-6.022956,0.1372937262058258,0.8320000171661377,0.5228000283241272
YJR160C,YBR024W,0,-6.0229874,0.13727107644081116,0.8320000171661377,0.5228999853134155
YBL085W,YPL036W,0,-6.0231977,0.1372484266757965,0.8320000171661377,0.5230000019073486
YLR167W,YDR059C,0,-6.0232196,0.13722579181194305,0.8320000171661377,0.5231000185012817
YDR113C,YBR153W,0,-6.0242705,0.1372031718492508,0.8320000171661377,0.5231999754905701
YER174C,YPL155C,0,-6.024483,0.13718053698539734,0.8320000171661377,0.5232999920845032
YPR164W,YNL026W,0,-6.024557,0.13715793192386627,0.8320000171661377,0.5234000086784363
YER016W,YNR010W,0,-6.024606,0.1371353268623352,0.8320000171661377,0.5235000252723694
YIL065C,YLR467W,0,-6.024846,0.13711272180080414,0.8320000171661377,0.5235999822616577
YML103C,YLR448W,0,-6.0250382,0.13709013164043427,0.8320000171661377,0.5236999988555908
YLR431C,YDR416W,0,-6.025988,0.1370675414800644,0.8320000171661377,0.5238000154495239
YJL026W,YOR341W,0,-6.026585,0.1370449662208557,0.8320000171661377,0.5238999724388123
YDR268W,YOL115W,0,-6.026858,0.13702239096164703,0.8320000171661377,0.5239999890327454
YCL067C,YPL042C,0,-6.026956,0.13699983060359955,0.8320000171661377,0.5241000056266785
YOL042W,YPL167C,0,-6.027229,0.13697728514671326,0.8320000171661377,0.5242000222206116
YNL038W,YJR112W,0,-6.027247,0.13695473968982697,0.8320000171661377,0.5242999792098999
YMR316W,YPR100W,0,-6.0273747,0.13693219423294067,0.8320000171661377,0.524399995803833
YHR004C,YJL179W,0,-6.0276,0.13690966367721558,0.8320000171661377,0.5245000123977661
YDR461W,YKR072C,0,-6.027677,0.13688713312149048,0.8320000171661377,0.5246000289916992
YLR074C,YKL041W,0,-6.0279064,0.13686461746692657,0.8320000171661377,0.5246999859809875
YOL094C,YOR295W,0,-6.02795,0.13684210181236267,0.8320000171661377,0.5248000025749207
YCR035C,YLR305C,0,-6.0279927,0.13681960105895996,0.8320000171661377,0.5249000191688538
YIL051C,YOR068C,0,-6.028353,0.13679710030555725,0.8320000171661377,0.5249999761581421
YER008C,YBR250W,0,-6.0287337,0.13677461445331573,0.8320000171661377,0.5250999927520752
YAL032C,YER022W,0,-6.028837,0.1367521435022354,0.8320000171661377,0.5252000093460083
YJL076W,YCL004W,0,-6.0290775,0.1367296576499939,0.8320000171661377,0.5253000259399414
YKL125W,YDR407C,0,-6.029095,0.13670720160007477,0.8320000171661377,0.5253999829292297
YBR215W,YEL020W-A,0,-6.0291014,0.13668473064899445,0.8320000171661377,0.5254999995231628
YJL208C,YLR466W,0,-6.029255,0.1366622895002365,0.8320000171661377,0.525600016117096
YCR020C,YJR010C-A,0,-6.029275,0.13663984835147858,0.8320000171661377,0.5256999731063843
YPL110C,YDL105W,0,-6.0294394,0.13661740720272064,0.8320000171661377,0.5257999897003174
YBR023C,YJL179W,0,-6.029548,0.1365949809551239,0.8320000171661377,0.5259000062942505
YDL031W,YEL002C,0,-6.0300674,0.13657255470752716,0.8320000171661377,0.5260000228881836
YJL074C,YNL339C,0,-6.0305963,0.1365501433610916,0.8320000171661377,0.5260999798774719
YMR212C,YDR343C,0,-6.0307426,0.13652773201465607,0.8320000171661377,0.526199996471405
YBR161W,YER190W,0,-6.0310006,0.1365053355693817,0.8320000171661377,0.5263000130653381
YJL170C,YBR131W,0,-6.0310063,0.13648293912410736,0.8320000171661377,0.5264000296592712
YOR281C,YBR275C,0,-6.031456,0.1364605575799942,0.8320000171661377,0.5264999866485596
YBL071W-A,YER087C-B,0,-6.031649,0.13643817603588104,0.8320000171661377,0.5266000032424927
YML124C,YJR110W,0,-6.031698,0.13641580939292908,0.8320000171661377,0.5267000198364258
YAL026C,YGR241C,1,-6.031738,0.13655737042427063,0.8330000042915344,0.5267000198364258
YOR058C,YJL166W,0,-6.031985,0.13653498888015747,0.8330000042915344,0.5267999768257141
YGR246C,YHL003C,0,-6.0319953,0.1365126222372055,0.8330000042915344,0.5268999934196472
YGL119W,YLR197W,0,-6.032041,0.13649025559425354,0.8330000042915344,0.5270000100135803
YLR228C,YAR007C,0,-6.0322413,0.13646788895130157,0.8330000042915344,0.5271000266075134
YHR072W,YCL067C,0,-6.0322795,0.1364455372095108,0.8330000042915344,0.5271999835968018
YNR067C,YER024W,0,-6.0323553,0.13642318546772003,0.8330000042915344,0.5273000001907349
YKL002W,YBR237W,0,-6.0327134,0.13640084862709045,0.8330000042915344,0.527400016784668
YFR030W,YJL179W,0,-6.0328097,0.13637852668762207,0.8330000042915344,0.5274999737739563
YGL169W,YDR372C,0,-6.0328298,0.1363561898469925,0.8330000042915344,0.5275999903678894
YOL165C,YGL155W,0,-6.0329,0.1363338828086853,0.8330000042915344,0.5277000069618225
YJR132W,YER009W,0,-6.032925,0.1363115757703781,0.8330000042915344,0.5278000235557556
YML081C-A,YJL035C,0,-6.0336466,0.13628926873207092,0.8330000042915344,0.527899980545044
YHR193C,YIR021W,0,-6.0337596,0.13626697659492493,0.8330000042915344,0.527999997138977
YEL036C,YML042W,0,-6.0338225,0.13624468445777893,0.8330000042915344,0.5281000137329102
YHR027C,YGL249W,0,-6.0338397,0.13622240722179413,0.8330000042915344,0.5281999707221985
YER083C,YPL235W,0,-6.0339627,0.13620012998580933,0.8330000042915344,0.5282999873161316
YNL148C,YBL057C,0,-6.033979,0.13617786765098572,0.8330000042915344,0.5284000039100647
YKL185W,YDR516C,0,-6.0340333,0.1361556053161621,0.8330000042915344,0.5285000205039978
YPL256C,YLR191W,0,-6.034117,0.1361333578824997,0.8330000042915344,0.5285999774932861
YGR217W,YBR168W,0,-6.034165,0.13611111044883728,0.8330000042915344,0.5286999940872192
YBR161W,YOR020C,0,-6.0345244,0.13608887791633606,0.8330000042915344,0.5288000106811523
YJR155W,YGR060W,0,-6.0350127,0.13606664538383484,0.8330000042915344,0.5289000272750854
YPR033C,YPL122C,0,-6.035053,0.1360444277524948,0.8330000042915344,0.5289999842643738
YBR029C,YBL055C,0,-6.0352054,0.13602221012115479,0.8330000042915344,0.5291000008583069
YPL212C,YGL112C,0,-6.035248,0.13600000739097595,0.8330000042915344,0.52920001745224
YHR129C,YDL244W,0,-6.0352573,0.13597780466079712,0.8330000042915344,0.5292999744415283
YJR105W,YLL003W,0,-6.0355105,0.1359556019306183,0.8330000042915344,0.5293999910354614
YNL271C,YKR087C,0,-6.0359597,0.13593341410160065,0.8330000042915344,0.5295000076293945
YOR267C,YHR069C,0,-6.03614,0.1359112411737442,0.8330000042915344,0.5296000242233276
YGL194C,YIL046W,0,-6.0364823,0.13588906824588776,0.8330000042915344,0.529699981212616
YEL026W,YIL077C,0,-6.036882,0.1358669102191925,0.8330000042915344,0.5297999978065491
YNL323W,YKL074C,0,-6.036946,0.13584475219249725,0.8330000042915344,0.5299000144004822
YLR190W,YNL241C,0,-6.0371556,0.135822594165802,0.8330000042915344,0.5299999713897705
YJR035W,YDR400W,0,-6.0374656,0.13580045104026794,0.8330000042915344,0.5300999879837036
YBR060C,YNL222W,0,-6.0375104,0.13577832281589508,0.8330000042915344,0.5302000045776367
YOR301W,YJR110W,0,-6.037524,0.13575619459152222,0.8330000042915344,0.5303000211715698
YPL061W,YGL098W,0,-6.0385823,0.13573406636714935,0.8330000042915344,0.5303999781608582
YER042W,YOR272W,0,-6.0387464,0.13571195304393768,0.8330000042915344,0.5304999947547913
YJR119C,YFR034C,0,-6.0389705,0.1356898546218872,0.8330000042915344,0.5306000113487244
YER164W,YGR059W,0,-6.039655,0.13566775619983673,0.8330000042915344,0.5307000279426575
YPR052C,YPR065W,0,-6.0402827,0.13564565777778625,0.8330000042915344,0.5307999849319458
YGR028W,YAL068C,0,-6.0404344,0.13562357425689697,0.8330000042915344,0.5309000015258789
YNL159C,YPL237W,0,-6.040522,0.1356014907360077,0.8330000042915344,0.531000018119812
YGL238W,YDR312W,0,-6.04098,0.1355794221162796,0.8330000042915344,0.5310999751091003
YJR069C,YDR486C,0,-6.040981,0.1355573683977127,0.8330000042915344,0.5311999917030334
YML051W,YDR030C,0,-6.0409927,0.1355353146791458,0.8330000042915344,0.5313000082969666
YGL155W,YCL067C,0,-6.0412774,0.13551326096057892,0.8330000042915344,0.5314000248908997
YCR089W,YPL020C,0,-6.0414057,0.13549122214317322,0.8330000042915344,0.531499981880188
YCL014W,YNL273W,0,-6.041534,0.13546918332576752,0.8330000042915344,0.5315999984741211
YMR260C,YIL023C,0,-6.0419483,0.135447159409523,0.8330000042915344,0.5317000150680542
YDR174W,YOL034W,0,-6.042086,0.1354251354932785,0.8330000042915344,0.5317999720573425
YLR242C,YMR109W,1,-6.042255,0.13556566834449768,0.8339999914169312,0.5317999720573425
YLR442C,YML064C,0,-6.042785,0.13554364442825317,0.8339999914169312,0.5318999886512756
YOR113W,YLR418C,0,-6.0428348,0.13552160561084747,0.8339999914169312,0.5320000052452087
YBL015W,YBR237W,0,-6.042937,0.13549959659576416,0.8339999914169312,0.5321000218391418
YBL084C,YPL270W,0,-6.042958,0.13547758758068085,0.8339999914169312,0.5321999788284302
YMR311C,YER065C,0,-6.043073,0.13545557856559753,0.8339999914169312,0.5322999954223633
YAL015C,YJR010C-A,0,-6.0432134,0.13543358445167542,0.8339999914169312,0.5324000120162964
YEL029C,YOR031W,0,-6.0432334,0.1354115903377533,0.8339999914169312,0.5325000286102295
YPL155C,YBL106C,0,-6.0434527,0.13538961112499237,0.8339999914169312,0.5325999855995178
YOR049C,YDR135C,0,-6.0435934,0.13536763191223145,0.8339999914169312,0.5327000021934509
YNL027W,YGR042W,0,-6.0436425,0.1353456676006317,0.8339999914169312,0.532800018787384
YPL036W,YBR165W,0,-6.0436683,0.13532370328903198,0.8339999914169312,0.5328999757766724
YKL145W,YNL244C,0,-6.0437617,0.13530175387859344,0.8339999914169312,0.5329999923706055
YER070W,YGL100W,0,-6.043898,0.1352798044681549,0.8339999914169312,0.5331000089645386
YLL042C,YLR423C,0,-6.0442147,0.13525786995887756,0.8339999914169312,0.5332000255584717
YLR401C,YBL030C,0,-6.044422,0.13523593544960022,0.8339999914169312,0.53329998254776
YFR001W,YNL139C,0,-6.04477,0.13521400094032288,0.8339999914169312,0.5333999991416931
YJL095W,YOR229W,0,-6.0451846,0.13519209623336792,0.8339999914169312,0.5335000157356262
YBR159W,YER103W,0,-6.045322,0.13517017662525177,0.8339999914169312,0.5335999727249146
YJR025C,YLR386W,0,-6.0454097,0.13514827191829681,0.8339999914169312,0.5336999893188477
YJL134W,YER117W,0,-6.0454116,0.13512638211250305,0.8339999914169312,0.5338000059127808
YKL160W,YHL007C,0,-6.0454607,0.1351044923067093,0.8339999914169312,0.5339000225067139
YIL150C,YDR280W,0,-6.0457077,0.13508260250091553,0.8339999914169312,0.5339999794960022
YNR033W,YDR283C,0,-6.0463176,0.13506072759628296,0.8339999914169312,0.5340999960899353
YLR078C,YOL094C,0,-6.0463495,0.1350388526916504,0.8339999914169312,0.5342000126838684
YDR419W,YNL206C,0,-6.0463514,0.13501699268817902,0.8339999914169312,0.5343000292778015
YNL118C,YIL021W,0,-6.046712,0.13499514758586884,0.8339999914169312,0.5343999862670898
YLR382C,YDR145W,0,-6.0468726,0.13497330248355865,0.8339999914169312,0.534500002861023
YPL267W,YFL021W,0,-6.046993,0.13495145738124847,0.8339999914169312,0.534600019454956
YGL155W,YIR019C,0,-6.047071,0.1349296271800995,0.8339999914169312,0.5346999764442444
YGR195W,YER049W,0,-6.0473475,0.1349077969789505,0.8339999914169312,0.5347999930381775
YHR107C,YPL095C,0,-6.047363,0.1348859816789627,0.8339999914169312,0.5349000096321106
YKL079W,YGR270W,0,-6.047376,0.13486416637897491,0.8339999914169312,0.5350000262260437
YOR127W,YKL214C,0,-6.048282,0.13484236598014832,0.8339999914169312,0.535099983215332
YDR039C,YOR244W,0,-6.0487094,0.13482056558132172,0.8339999914169312,0.5351999998092651
YJR076C,YPL164C,0,-6.048886,0.13479876518249512,0.8339999914169312,0.5353000164031982
YML052W,YML001W,1,-6.0489445,0.13493859767913818,0.8349999785423279,0.5353000164031982
YIL155C,YOL104C,0,-6.049234,0.1349167823791504,0.8349999785423279,0.5353999733924866
YBR195C,YOL116W,0,-6.049415,0.13489499688148499,0.8349999785423279,0.5354999899864197
YOR241W,YMR190C,0,-6.0498714,0.1348731964826584,0.8349999785423279,0.5356000065803528
YMR133W,YDL007W,0,-6.04999,0.13485142588615417,0.8349999785423279,0.5357000231742859
YOR113W,YDR060W,0,-6.0507007,0.13482964038848877,0.8349999785423279,0.5357999801635742
YBL090W,YNL236W,0,-6.050746,0.13480788469314575,0.8349999785423279,0.5358999967575073
YOL116W,YBL014C,0,-6.0511374,0.13478611409664154,0.8349999785423279,0.5360000133514404
YER145C,YEL022W,0,-6.051282,0.13476435840129852,0.8349999785423279,0.5360999703407288
YNL135C,YJL102W,0,-6.0514846,0.1347426176071167,0.8349999785423279,0.5361999869346619
YLL042C,YGR181W,0,-6.0516057,0.13472087681293488,0.8349999785423279,0.536300003528595
YDR192C,YPL283C,0,-6.051713,0.13469915091991425,0.8349999785423279,0.5364000201225281
YLR293C,YOL042W,0,-6.0517354,0.13467742502689362,0.8349999785423279,0.5364999771118164
YJR065C,YPL192C,0,-6.05199,0.13465569913387299,0.8349999785423279,0.5365999937057495
YJR078W,YGL033W,0,-6.0520816,0.13463398814201355,0.8349999785423279,0.5367000102996826
YDR409W,YCL063W,0,-6.0524483,0.1346122771501541,0.8349999785423279,0.5368000268936157
YLR207W,YKL058W,0,-6.052579,0.13459058105945587,0.8349999785423279,0.536899983882904
YCR014C,YDR363W-A,0,-6.0525794,0.13456889986991882,0.8349999785423279,0.5370000004768372
YPL188W,YDR075W,0,-6.052777,0.13454721868038177,0.8349999785423279,0.5371000170707703
YBR221C,YER093C,0,-6.0528035,0.13452553749084473,0.8349999785423279,0.5371999740600586
YOL095C,YDL235C,0,-6.0529227,0.13450387120246887,0.8349999785423279,0.5372999906539917
YLR318W,YGL172W,0,-6.0532856,0.13448220491409302,0.8349999785423279,0.5374000072479248
YOR045W,YNL304W,0,-6.0533695,0.13446055352687836,0.8349999785423279,0.5375000238418579
YJL173C,YIL143C,0,-6.0536757,0.1344389021396637,0.8349999785423279,0.5375999808311462
YDR512C,YHR058C,0,-6.053738,0.13441725075244904,0.8349999785423279,0.5376999974250793
YGR222W,YDR359C,0,-6.0538726,0.13439562916755676,0.8349999785423279,0.5378000140190125
YDL028C,YNL026W,0,-6.054089,0.1343739926815033,0.8349999785423279,0.5378999710083008
YGL047W,YHL047C,0,-6.0542064,0.13435237109661102,0.8349999785423279,0.5379999876022339
YGR289C,YAL032C,0,-6.0543838,0.13433076441287994,0.8349999785423279,0.538100004196167
YPL221W,YPL012W,0,-6.0545254,0.13430915772914886,0.8349999785423279,0.5382000207901001
YJL071W,YLR034C,0,-6.0546107,0.13428755104541779,0.8349999785423279,0.5382999777793884
YHR191C,YOR347C,0,-6.0546546,0.1342659592628479,0.8349999785423279,0.5383999943733215
YLR100W,YDR515W,0,-6.054726,0.13424436748027802,0.8349999785423279,0.5385000109672546
YPL253C,YHR060W,0,-6.0547338,0.13422279059886932,0.8349999785423279,0.5386000275611877
YLR337C,YNL154C,1,-6.0548253,0.13436193764209747,0.8360000252723694,0.5386000275611877
YHL019C,YGR241C,1,-6.0549035,0.13450103998184204,0.8370000123977661,0.5386000275611877
YHR011W,YKL154W,0,-6.055221,0.13447943329811096,0.8370000123977661,0.5386999845504761
YKR068C,YIL131C,0,-6.0555983,0.13445782661437988,0.8370000123977661,0.5388000011444092
YNL001W,YDR501W,0,-6.056041,0.13443623483181,0.8370000123977661,0.5389000177383423
YOL077W-A,YMR216C,0,-6.0563703,0.1344146430492401,0.8370000123977661,0.5389999747276306
YAL015C,YDL077C,0,-6.056975,0.13439306616783142,0.8370000123977661,0.5390999913215637
YDL105W,YPL203W,0,-6.0571227,0.13437148928642273,0.8370000123977661,0.5392000079154968
YKL185W,YBR294W,0,-6.0572414,0.13434991240501404,0.8370000123977661,0.5393000245094299
YMR127C,YKL051W,0,-6.0572605,0.13432836532592773,0.8370000123977661,0.5393999814987183
YFR028C,YJR009C,0,-6.0575347,0.13430680334568024,0.8370000123977661,0.5394999980926514
YGL254W,YBL018C,0,-6.057578,0.13428525626659393,0.8370000123977661,0.5396000146865845
YLL015W,YDL093W,0,-6.0576005,0.13426370918750763,0.8370000123977661,0.5396999716758728
YNL110C,YPR074C,0,-6.057646,0.13424217700958252,0.8370000123977661,0.5397999882698059
YFL058W,YJL045W,0,-6.057734,0.1342206597328186,0.8370000123977661,0.539900004863739
YLR214W,YDR259C,0,-6.0578823,0.1341991275548935,0.8370000123977661,0.5400000214576721
YKL004W,YOR301W,0,-6.0581975,0.13417762517929077,0.8370000123977661,0.5400999784469604
YJL041W,YBL035C,0,-6.0583863,0.13415610790252686,0.8370000123977661,0.5401999950408936
YDR508C,YER068W,0,-6.058442,0.13413462042808533,0.8370000123977661,0.5403000116348267
YNR032W,YKR072C,0,-6.0587554,0.1341131180524826,0.8370000123977661,0.5404000282287598
YDL043C,YBR154C,0,-6.059261,0.13409163057804108,0.8370000123977661,0.5404999852180481
YPL058C,YER129W,0,-6.0593,0.13407015800476074,0.8370000123977661,0.5406000018119812
YJR070C,YMR266W,0,-6.0594993,0.1340486854314804,0.8370000123977661,0.5407000184059143
YDR013W,YLR107W,0,-6.0595694,0.13402722775936127,0.8370000123977661,0.5407999753952026
YML113W,YER100W,0,-6.0596294,0.13400577008724213,0.8370000123977661,0.5408999919891357
YNR001C,YIL122W,0,-6.0602183,0.13398431241512299,0.8370000123977661,0.5410000085830688
YOR142W,YDL105W,0,-6.060585,0.13396286964416504,0.8370000123977661,0.541100025177002
YMR240C,YDL244W,0,-6.060801,0.1339414268732071,0.8370000123977661,0.5411999821662903
YDR447C,YDL235C,0,-6.0608883,0.13391999900341034,0.8370000123977661,0.5412999987602234
YIR009W,YDR285W,0,-6.061176,0.1338985711336136,0.8370000123977661,0.5414000153541565
YDL149W,YPL128C,0,-6.0620236,0.13387715816497803,0.8370000123977661,0.5414999723434448
YFR029W,YHR167W,0,-6.0620465,0.13385574519634247,0.8370000123977661,0.5415999889373779
YJL071W,YNL151C,0,-6.0623364,0.1338343471288681,0.8370000123977661,0.541700005531311
YDR389W,YPR133W-A,0,-6.0623584,0.13381294906139374,0.8370000123977661,0.5418000221252441
YPL048W,YDL245C,0,-6.062634,0.13379156589508057,0.8370000123977661,0.5418999791145325
YKL220C,YOR304W,0,-6.062972,0.1337701827287674,0.8370000123977661,0.5419999957084656
YGR098C,YGL089C,0,-6.063129,0.13374879956245422,0.8370000123977661,0.5421000123023987
YPR122W,YEL016C,0,-6.0636535,0.13372743129730225,0.8370000123977661,0.5422000288963318
YDR097C,YOR159C,0,-6.0637116,0.13370606303215027,0.8370000123977661,0.5422999858856201
YGL168W,YER070W,0,-6.0637584,0.13368470966815948,0.8370000123977661,0.5424000024795532
YMR065W,YFR024C-A,0,-6.0641723,0.1336633712053299,0.8370000123977661,0.5425000190734863
YGR230W,YLR086W,0,-6.0642247,0.1336420178413391,0.8370000123977661,0.5425999760627747
YGR256W,YMR309C,0,-6.064321,0.13362069427967072,0.8370000123977661,0.5426999926567078
YDL093W,YNL107W,0,-6.064332,0.13359935581684113,0.8370000123977661,0.5428000092506409
YOL104C,YLR378C,0,-6.064734,0.13357804715633392,0.8370000123977661,0.542900025844574
YLR165C,YLR071C,0,-6.0648074,0.13355672359466553,0.8370000123977661,0.5429999828338623
YGR262C,YNR043W,0,-6.064967,0.13353541493415833,0.8370000123977661,0.5430999994277954
YKL125W,YOR229W,0,-6.065084,0.13351412117481232,0.8370000123977661,0.5432000160217285
YPL096C-A,YDR330W,0,-6.0651,0.1334928274154663,0.8370000123977661,0.5432999730110168
YOR033C,YOR355W,0,-6.0651155,0.1334715336561203,0.8370000123977661,0.54339998960495
YDR516C,YDR268W,0,-6.0653777,0.13345025479793549,0.8370000123977661,0.5435000061988831
YBR023C,YDR353W,0,-6.0656476,0.13342897593975067,0.8370000123977661,0.5436000227928162
YMR285C,YCR035C,0,-6.0657125,0.13340771198272705,0.8370000123977661,0.5436999797821045
YDR255C,YIL061C,0,-6.0658407,0.13338644802570343,0.8370000123977661,0.5437999963760376
YBR237W,YNL107W,0,-6.0659146,0.133365198969841,0.8370000123977661,0.5439000129699707
YBR177C,YHR030C,0,-6.066151,0.13334394991397858,0.8370000123977661,0.5440000295639038
YPR030W,YCL034W,1,-6.066239,0.13348199427127838,0.8379999995231628,0.5440000295639038
YPR072W,YER148W,0,-6.0663238,0.13346074521541595,0.8379999995231628,0.5440999865531921
YNL014W,YOR194C,0,-6.0665975,0.13343949615955353,0.8379999995231628,0.5442000031471252
YPR122W,YDR328C,0,-6.0669646,0.1334182471036911,0.8379999995231628,0.5443000197410583
YKL002W,YDR259C,0,-6.067097,0.13339701294898987,0.8379999995231628,0.5443999767303467
YCR038C,YKL089W,0,-6.067715,0.13337577879428864,0.8379999995231628,0.5444999933242798
YKL120W,YLR090W,0,-6.0678477,0.1333545446395874,0.8379999995231628,0.5446000099182129
YGR024C,YNL107W,0,-6.068027,0.13333334028720856,0.8379999995231628,0.544700026512146
YKL150W,YDL058W,0,-6.0682073,0.13331212103366852,0.8379999995231628,0.5447999835014343
YNR038W,YNL139C,0,-6.06829,0.13329091668128967,0.8379999995231628,0.5449000000953674
YDL165W,YMR198W,0,-6.0684524,0.13326972723007202,0.8379999995231628,0.5450000166893005
YIR006C,YGL045W,1,-6.0685844,0.13340753316879272,0.8389999866485596,0.5450000166893005
YMR208W,YDR312W,0,-6.068614,0.13338632881641388,0.8389999866485596,0.5450999736785889
YDR518W,YKR002W,0,-6.06903,0.13336512446403503,0.8389999866485596,0.545199990272522
YOR110W,YPL144W,0,-6.069729,0.13334393501281738,0.8389999866485596,0.5453000068664551
YCR063W,YMR091C,0,-6.070053,0.13332274556159973,0.8389999866485596,0.5454000234603882
YFL010W-A,YHR193C,0,-6.070294,0.13330155611038208,0.8389999866485596,0.5454999804496765
YNL166C,YJL116C,0,-6.0706778,0.13328038156032562,0.8389999866485596,0.5455999970436096
YKL129C,YGL045W,1,-6.070701,0.1334180384874344,0.8399999737739563,0.5455999970436096
YKR022C,YDR280W,0,-6.07079,0.13339684903621674,0.8399999737739563,0.5457000136375427
YFR030W,YLR055C,0,-6.070804,0.13337567448616028,0.8399999737739563,0.545799970626831
YNR075W,YGR284C,1,-6.07089,0.13351325690746307,0.8410000205039978,0.545799970626831
YCL051W,YDL098C,0,-6.0717893,0.13349206745624542,0.8410000205039978,0.5458999872207642
YNL065W,YML041C,0,-6.0720563,0.13347087800502777,0.8410000205039978,0.5460000038146973
YOR159C,YDR495C,0,-6.07217,0.1334497034549713,0.8410000205039978,0.5461000204086304
YBR244W,YDR265W,0,-6.0723863,0.13342852890491486,0.8410000205039978,0.5461999773979187
YER036C,YMR022W,0,-6.073671,0.1334073543548584,0.8410000205039978,0.5462999939918518
YGL073W,YDR076W,0,-6.0740857,0.13338619470596313,0.8410000205039978,0.5464000105857849
YOR260W,YIR009W,0,-6.0742908,0.13336504995822906,0.8410000205039978,0.546500027179718
YLR332W,YIL016W,0,-6.074304,0.133343905210495,0.8410000205039978,0.5465999841690063
YPL200W,YLR385C,0,-6.07462,0.13332276046276093,0.8410000205039978,0.5467000007629395
YHR191C,YML075C,0,-6.0747123,0.13330163061618805,0.8410000205039978,0.5468000173568726
YPR001W,YDR259C,0,-6.0747623,0.13328050076961517,0.8410000205039978,0.5468999743461609
YPL124W,YGL039W,0,-6.074899,0.1332593858242035,0.8410000205039978,0.546999990940094
YGR175C,YBR043C,0,-6.0751386,0.1332382708787918,0.8410000205039978,0.5471000075340271
YBR132C,YGL022W,0,-6.0753026,0.13321717083454132,0.8410000205039978,0.5472000241279602
YFR024C-A,YDR300C,0,-6.075333,0.13319607079029083,0.8410000205039978,0.5472999811172485
YHR164C,YIL126W,0,-6.0755115,0.13317498564720154,0.8410000205039978,0.5473999977111816
YDR191W,YDL046W,0,-6.0755506,0.13315390050411224,0.8410000205039978,0.5475000143051147
YGR279C,YJL143W,0,-6.07604,0.13313281536102295,0.8410000205039978,0.5475999712944031
YDR085C,YJL186W,0,-6.0762305,0.13311174511909485,0.8410000205039978,0.5476999878883362
YBL102W,YNL244C,0,-6.07645,0.13309067487716675,0.8410000205039978,0.5478000044822693
YGR029W,YPL153C,0,-6.076532,0.13306961953639984,0.8410000205039978,0.5479000210762024
YML060W,YOR001W,0,-6.076637,0.13304856419563293,0.8410000205039978,0.5479999780654907
YLR284C,YPL212C,0,-6.0770345,0.13302752375602722,0.8410000205039978,0.5480999946594238
YAR014C,YBL034C,0,-6.0773473,0.1330064833164215,0.8410000205039978,0.5482000112533569
YDL230W,YDR076W,0,-6.0773997,0.132985457777977,0.8410000205039978,0.54830002784729
YER028C,YDR279W,0,-6.0774703,0.13296443223953247,0.8410000205039978,0.5483999848365784
YHR023W,YNL090W,0,-6.077682,0.13294340670108795,0.8410000205039978,0.5485000014305115
YDR030C,YBL014C,0,-6.0779023,0.13292239606380463,0.8410000205039978,0.5486000180244446
YLL018C-A,YER171W,0,-6.0780225,0.1329013854265213,0.8410000205039978,0.5486999750137329
YCL025C,YJR055W,0,-6.078236,0.13288038969039917,0.8410000205039978,0.548799991607666
YJL186W,YKR097W,0,-6.0783024,0.13285939395427704,0.8410000205039978,0.5489000082015991
YDR092W,YLR020C,0,-6.0788846,0.1328384131193161,0.8410000205039978,0.5490000247955322
YGL065C,YOL067C,0,-6.0791373,0.13281743228435516,0.8410000205039978,0.5490999817848206
YMR184W,YNL332W,0,-6.079203,0.13279646635055542,0.8410000205039978,0.5491999983787537
YBR217W,YPR164W,0,-6.0792427,0.13277550041675568,0.8410000205039978,0.5493000149726868
YOR001W,YHR152W,0,-6.0793233,0.13275453448295593,0.8410000205039978,0.5493999719619751
YOL077W-A,YEL030W,0,-6.0794497,0.13273358345031738,0.8410000205039978,0.5494999885559082
YBL084C,YOR359W,0,-6.079504,0.13271264731884003,0.8410000205039978,0.5496000051498413
YLR032W,YMR260C,0,-6.080038,0.13269169628620148,0.8410000205039978,0.5497000217437744
YLR081W,YKL188C,0,-6.0804315,0.13267077505588531,0.8410000205039978,0.5497999787330627
YCR089W,YMR133W,0,-6.080608,0.13264983892440796,0.8410000205039978,0.5498999953269958
YPL192C,YHL025W,0,-6.080794,0.1326289176940918,0.8410000205039978,0.550000011920929
YPR119W,YJR090C,0,-6.0808854,0.13260801136493683,0.8410000205039978,0.5501000285148621
YLR399C,YHR106W,0,-6.080901,0.13258710503578186,0.8410000205039978,0.5501999855041504
YJR089W,YKR048C,0,-6.080951,0.1325661987066269,0.8410000205039978,0.5503000020980835
YGL004C,YLR212C,0,-6.0814314,0.13254530727863312,0.8410000205039978,0.5504000186920166
YHR176W,YPL163C,0,-6.0815487,0.13252443075180054,0.8410000205039978,0.5504999756813049
YER088C,YJL092W,0,-6.0817094,0.13250353932380676,0.8410000205039978,0.550599992275238
YDL059C,YDR485C,0,-6.0818887,0.13248267769813538,0.8410000205039978,0.5507000088691711
YJL062W,YKL178C,0,-6.082164,0.1324618011713028,0.8410000205039978,0.5508000254631042
YBR130C,YPR032W,0,-6.0822787,0.1324409395456314,0.8410000205039978,0.5508999824523926
YER145C,YDR372C,0,-6.0828,0.13242009282112122,0.8410000205039978,0.5509999990463257
YFL025C,YER075C,0,-6.082825,0.13239924609661102,0.8410000205039978,0.5511000156402588
YBR131W,YBL090W,0,-6.083003,0.13237839937210083,0.8410000205039978,0.5511999726295471
YMR015C,YGR147C,0,-6.0830274,0.13235756754875183,0.8410000205039978,0.5512999892234802
YLR145W,YIL021W,0,-6.0835366,0.13233673572540283,0.8410000205039978,0.5514000058174133
YPL055C,YBR298C,0,-6.0835686,0.13231591880321503,0.8410000205039978,0.5515000224113464
YPL200W,YGL124C,0,-6.0839763,0.13229510188102722,0.8410000205039978,0.5515999794006348
YJR140C,YER074W-A,0,-6.084162,0.1322742998600006,0.8410000205039978,0.5516999959945679
YNL003C,YPL163C,0,-6.084223,0.132253497838974,0.8410000205039978,0.551800012588501
YOR245C,YGR279C,0,-6.084289,0.13223271071910858,0.8410000205039978,0.5519000291824341
YOR377W,YJL183W,0,-6.0845394,0.13221192359924316,0.8410000205039978,0.5519999861717224
YDR225W,YIR041W,0,-6.0846324,0.13219113647937775,0.8410000205039978,0.5521000027656555
YDL148C,YFR005C,0,-6.08464,0.13217036426067352,0.8410000205039978,0.5522000193595886
YJL187C,YBR273C,0,-6.084679,0.1321495920419693,0.8410000205039978,0.552299976348877
YPR073C,YCR020C,0,-6.0847344,0.13212883472442627,0.8410000205039978,0.5523999929428101
YGR059W,YIL138C,0,-6.084764,0.13210807740688324,0.8410000205039978,0.5525000095367432
YPL181W,YPR110C,0,-6.0849195,0.1320873200893402,0.8410000205039978,0.5526000261306763
YDR036C,YGR161C,0,-6.0851855,0.13206657767295837,0.8410000205039978,0.5526999831199646
YJR055W,YJR139C,0,-6.0854087,0.13204585015773773,0.8410000205039978,0.5527999997138977
YJL020C,YER107C,0,-6.0855117,0.1320251226425171,0.8410000205039978,0.5529000163078308
YNL135C,YOL156W,0,-6.085544,0.13200439512729645,0.8410000205039978,0.5529999732971191
YKR061W,YJR009C,0,-6.0859485,0.131983682513237,0.8410000205039978,0.5530999898910522
YDR106W,YOR332W,0,-6.0864563,0.13196296989917755,0.8410000205039978,0.5532000064849854
YPL137C,YOL116W,0,-6.086539,0.1319422721862793,0.8410000205039978,0.5533000230789185
YFL050C,YJL129C,0,-6.086905,0.13192157447338104,0.8410000205039978,0.5533999800682068
YKL002W,YGR280C,0,-6.086965,0.1319008767604828,0.8410000205039978,0.5534999966621399
YOR348C,YDR259C,0,-6.086985,0.13188019394874573,0.8410000205039978,0.553600013256073
YPL177C,YLR071C,0,-6.087058,0.13185951113700867,0.8410000205039978,0.5536999702453613
YPR122W,YLR003C,0,-6.0876527,0.1318388432264328,0.8410000205039978,0.5537999868392944
YOR094W,YML052W,1,-6.087707,0.13197492063045502,0.8420000076293945,0.5537999868392944
YDR255C,YDL064W,0,-6.087754,0.13195423781871796,0.8420000076293945,0.5539000034332275
YPL061W,YOL128C,0,-6.0881033,0.1319335699081421,0.8420000076293945,0.5540000200271606
YLL041C,YPL232W,0,-6.088341,0.13191288709640503,0.8420000076293945,0.554099977016449
YLR355C,YDL201W,0,-6.0883956,0.13189223408699036,0.8420000076293945,0.5541999936103821
YIL013C,YJL143W,0,-6.0884304,0.13187158107757568,0.8420000076293945,0.5543000102043152
YPL092W,YLR092W,0,-6.0886836,0.131850928068161,0.8420000076293945,0.5544000267982483
YIR008C,YDR255C,0,-6.0887265,0.13183027505874634,0.8420000076293945,0.5544999837875366
YPL254W,YPL050C,0,-6.0888243,0.13180963695049286,0.8420000076293945,0.5546000003814697
YPL100W,YOR207C,0,-6.0890727,0.13178901374340057,0.8420000076293945,0.5547000169754028
YHR075C,YKL145W,0,-6.089456,0.1317683905363083,0.8420000076293945,0.5547999739646912
YJR078W,YEL069C,0,-6.089973,0.131747767329216,0.8420000076293945,0.5548999905586243
YOL027C,YHR124W,0,-6.0899825,0.1317271590232849,0.8420000076293945,0.5550000071525574
YPR133W-A,YKR042W,0,-6.0899997,0.13170655071735382,0.8420000076293945,0.5551000237464905
YKL004W,YLR145W,0,-6.090111,0.13168595731258392,0.8420000076293945,0.5551999807357788
YMR192W,YPL098C,0,-6.0901394,0.13166536390781403,0.8420000076293945,0.5552999973297119
YNL188W,YDL079C,0,-6.0904107,0.13164478540420532,0.8420000076293945,0.555400013923645
YJR007W,YML025C,0,-6.090547,0.13162419199943542,0.8420000076293945,0.5554999709129333
YDR280W,YGR056W,0,-6.0908117,0.13160362839698792,0.8420000076293945,0.5555999875068665
YJR108W,YER145C,0,-6.090873,0.1315830647945404,0.8420000076293945,0.5557000041007996
YJR050W,YHR124W,0,-6.091201,0.1315625011920929,0.8420000076293945,0.5558000206947327
YCR089W,YMR150C,0,-6.0912156,0.13154195249080658,0.8420000076293945,0.555899977684021
YMR056C,YDR323C,0,-6.0912213,0.13152140378952026,0.8420000076293945,0.5559999942779541
YLR242C,YOR089C,1,-6.091503,0.13165703415870667,0.8429999947547913,0.5559999942779541
YMR319C,YGR195W,0,-6.091584,0.13163647055625916,0.8429999947547913,0.5561000108718872
YNL279W,YCR102C,0,-6.0918097,0.13161592185497284,0.8429999947547913,0.5562000274658203
YML081C-A,YGR108W,0,-6.091838,0.13159537315368652,0.8429999947547913,0.5562999844551086
YDR217C,YIR011C,0,-6.0920854,0.1315748393535614,0.8429999947547913,0.5564000010490417
YGR224W,YIL052C,0,-6.092129,0.13155430555343628,0.8429999947547913,0.5565000176429749
YNL172W,YDR298C,0,-6.0921664,0.13153378665447235,0.8429999947547913,0.5565999746322632
YIL076W,YDR515W,0,-6.0922637,0.13151326775550842,0.8429999947547913,0.5566999912261963
YLR085C,YMR044W,0,-6.0923066,0.1314927488565445,0.8429999947547913,0.5568000078201294
YOR355W,YER094C,0,-6.09265,0.13147224485874176,0.8429999947547913,0.5569000244140625
YGL099W,YNL173C,0,-6.0927386,0.13145174086093903,0.8429999947547913,0.5569999814033508
YGR246C,YBR088C,0,-6.092739,0.1314312368631363,0.8429999947547913,0.5570999979972839
YEL030W,YPR046W,0,-6.09293,0.13141076266765594,0.8429999947547913,0.557200014591217
YNR075W,YOR089C,1,-6.0929565,0.13154613971710205,0.843999981880188,0.557200014591217
YKL093W,YLR222C,0,-6.093344,0.13152563571929932,0.843999981880188,0.5572999715805054
YGL155W,YKL001C,0,-6.093679,0.13150514662265778,0.843999981880188,0.5573999881744385
YGL166W,YNL151C,0,-6.093964,0.13148465752601624,0.843999981880188,0.5575000047683716
YPR103W,YKL148C,0,-6.094362,0.1314641684293747,0.843999981880188,0.5576000213623047
YDL117W,YOR209C,0,-6.0947046,0.13144369423389435,0.843999981880188,0.557699978351593
YHR096C,YPR051W,0,-6.094872,0.1314232349395752,0.843999981880188,0.5577999949455261
YLR233C,YDL093W,0,-6.09497,0.13140277564525604,0.843999981880188,0.5579000115394592
YDL247W,YLR369W,0,-6.095222,0.1313823163509369,0.843999981880188,0.5580000281333923
YIR021W,YDR324C,0,-6.0953817,0.13136187195777893,0.843999981880188,0.5580999851226807
YKL001C,YFL038C,0,-6.0954747,0.13134142756462097,0.843999981880188,0.5582000017166138
YGL144C,YMR143W,0,-6.0957484,0.131320983171463,0.843999981880188,0.5583000183105469
YOL094C,YDR246W,0,-6.0958705,0.13130055367946625,0.843999981880188,0.5583999752998352
YML008C,YML043C,0,-6.0961323,0.13128013908863068,0.843999981880188,0.5584999918937683
YPR113W,YDR369C,0,-6.0961556,0.1312597244977951,0.843999981880188,0.5586000084877014
YOL156W,YGL249W,0,-6.096169,0.13123930990695953,0.843999981880188,0.5587000250816345
YPL192C,YIL109C,0,-6.0962353,0.13121891021728516,0.843999981880188,0.5587999820709229
YLR109W,YLR383W,0,-6.0963683,0.13119851052761078,0.843999981880188,0.558899998664856
YPR183W,YLL004W,0,-6.096443,0.1311781108379364,0.843999981880188,0.5590000152587891
YIR025W,YLR084C,0,-6.096651,0.13115772604942322,0.843999981880188,0.5590999722480774
YML080W,YCR040W,0,-6.0967727,0.13113735616207123,0.843999981880188,0.5591999888420105
YIL084C,YOR069W,0,-6.096782,0.13111698627471924,0.843999981880188,0.5593000054359436
YDR461W,YPL011C,0,-6.0968156,0.13109661638736725,0.843999981880188,0.5594000220298767
YDR343C,YGR161C,0,-6.096996,0.13107626140117645,0.843999981880188,0.559499979019165
YER174C,YMR218C,0,-6.0972567,0.13105590641498566,0.843999981880188,0.5595999956130981
YDL101C,YBL034C,0,-6.097964,0.13103555142879486,0.843999981880188,0.5597000122070312
YGL124C,YBL106C,0,-6.0980535,0.13101521134376526,0.843999981880188,0.5598000288009644
YOR191W,YLR147C,0,-6.098347,0.13099487125873566,0.843999981880188,0.5598999857902527
YLR254C,YDR404C,0,-6.09852,0.13097454607486725,0.843999981880188,0.5600000023841858
YGR098C,YML075C,0,-6.0989966,0.13095422089099884,0.843999981880188,0.5601000189781189
YGL051W,YGL135W,0,-6.0991187,0.13093391060829163,0.843999981880188,0.5601999759674072
YLR288C,YER029C,0,-6.0992384,0.1309136003255844,0.843999981880188,0.5602999925613403
YNR032W,YHR152W,0,-6.099272,0.1308933049440384,0.843999981880188,0.5604000091552734
YKL017C,YKL120W,0,-6.099502,0.13087300956249237,0.843999981880188,0.5605000257492065
YBR158W,YDR238C,0,-6.0995164,0.13085271418094635,0.843999981880188,0.5605999827384949
YHR079C,YBR083W,0,-6.099533,0.13083243370056152,0.843999981880188,0.560699999332428
YOR288C,YNL064C,0,-6.0998445,0.1308121532201767,0.843999981880188,0.5608000159263611
YCR035C,YDR200C,0,-6.100516,0.13079187273979187,0.843999981880188,0.5608999729156494
YLR084C,YCL031C,0,-6.10072,0.13077160716056824,0.843999981880188,0.5609999895095825
YLR134W,YGR199W,0,-6.1007757,0.1307513564825058,0.843999981880188,0.5611000061035156
YDL245C,YOR269W,0,-6.1009855,0.13073110580444336,0.843999981880188,0.5612000226974487
YGR230W,YOR361C,0,-6.100997,0.13071085512638092,0.843999981880188,0.5612999796867371
YPL101W,YLL060C,0,-6.1010127,0.13069061934947968,0.843999981880188,0.5613999962806702
YOL034W,YBL088C,0,-6.1011147,0.13067038357257843,0.843999981880188,0.5615000128746033
YDR300C,YCL063W,0,-6.1013856,0.13065014779567719,0.843999981880188,0.5616000294685364
YPR001W,YEL020W-A,0,-6.1016316,0.13062992691993713,0.843999981880188,0.5616999864578247
YJR145C,YNL121C,0,-6.101743,0.13060972094535828,0.843999981880188,0.5618000030517578
YJL187C,YBR083W,0,-6.1020503,0.13058951497077942,0.843999981880188,0.5619000196456909
YDL217C,YGR281W,0,-6.1021285,0.13056930899620056,0.843999981880188,0.5619999766349792
YDR141C,YDR079W,0,-6.102135,0.1305491179227829,0.843999981880188,0.5620999932289124
YNL207W,YNR006W,0,-6.102309,0.13052892684936523,0.843999981880188,0.5622000098228455
YDR194C,YPL163C,0,-6.102414,0.13050873577594757,0.843999981880188,0.5623000264167786
YGR145W,YIL038C,0,-6.103147,0.1304885596036911,0.843999981880188,0.5623999834060669
YML126C,YJR135C,0,-6.103615,0.13046838343143463,0.843999981880188,0.5625
YDR411C,YER062C,0,-6.103948,0.13044822216033936,0.843999981880188,0.5626000165939331
YDR151C,YBL004W,0,-6.104027,0.13042806088924408,0.843999981880188,0.5626999735832214
YLR096W,YER190W,0,-6.1040344,0.13040791451931,0.843999981880188,0.5627999901771545
YPL181W,YDL148C,0,-6.1042047,0.13038776814937592,0.843999981880188,0.5629000067710876
YJL071W,YBL018C,0,-6.1045394,0.13036762177944183,0.843999981880188,0.5630000233650208
YDL078C,YPL253C,0,-6.104563,0.13034749031066895,0.843999981880188,0.5630999803543091
YGR147C,YIL120W,0,-6.104803,0.13032735884189606,0.843999981880188,0.5631999969482422
YDR516C,YJR069C,0,-6.1049304,0.13030724227428436,0.843999981880188,0.5633000135421753
YNL256W,YLR354C,0,-6.104943,0.13028712570667267,0.843999981880188,0.5633999705314636
YHR123W,YJL108C,0,-6.105041,0.13026700913906097,0.843999981880188,0.5634999871253967
YNL065W,YDR527W,0,-6.105142,0.13024690747261047,0.843999981880188,0.5636000037193298
YOR094W,YLR337C,1,-6.1054516,0.13038110733032227,0.8450000286102295,0.5636000037193298
YLR074C,YPL231W,0,-6.1055136,0.13036100566387177,0.8450000286102295,0.5637000203132629
YMR165C,YML049C,0,-6.1058016,0.13034088909626007,0.8450000286102295,0.5637999773025513
YDL065C,YGR059W,0,-6.1058803,0.13032078742980957,0.8450000286102295,0.5638999938964844
YDL130W-A,YDL064W,0,-6.106031,0.13030070066452026,0.8450000286102295,0.5640000104904175
YNL172W,YJR055W,0,-6.1063924,0.13028059899806976,0.8450000286102295,0.5641000270843506
YDR448W,YBL004W,0,-6.106905,0.13026052713394165,0.8450000286102295,0.5641999840736389
YLR106C,YLR340W,0,-6.1069465,0.13024044036865234,0.8450000286102295,0.564300000667572
YBL019W,YMR227C,0,-6.1069884,0.13022036850452423,0.8450000286102295,0.5644000172615051
YLL013C,YAR008W,0,-6.10708,0.1302003115415573,0.8450000286102295,0.5644999742507935
YDR025W,YDR400W,0,-6.1072083,0.1301802545785904,0.8450000286102295,0.5645999908447266
YPR138C,YJL183W,0,-6.107507,0.13016019761562347,0.8450000286102295,0.5647000074386597
YHR062C,YDL217C,0,-6.108023,0.13014015555381775,0.8450000286102295,0.5648000240325928
YOL017W,YIL126W,0,-6.1086183,0.13012011349201202,0.8450000286102295,0.5648999810218811
YDR036C,YOL110W,0,-6.108853,0.1301000714302063,0.8450000286102295,0.5649999976158142
YLL038C,YJL204C,1,-6.1089,0.1302339881658554,0.8460000157356262,0.5649999976158142
YLR068W,YBL079W,0,-6.1093497,0.13021394610404968,0.8460000157356262,0.5651000142097473
YPL159C,YOR083W,0,-6.109404,0.13019390404224396,0.8460000157356262,0.5651999711990356
YIR028W,YGL115W,0,-6.1098847,0.13017387688159943,0.8460000157356262,0.5652999877929688
YGL033W,YMR081C,0,-6.1106935,0.1301538497209549,0.8460000157356262,0.5654000043869019
YPL224C,YJR160C,0,-6.110787,0.13013382256031036,0.8460000157356262,0.565500020980835
YDL245C,YAL032C,0,-6.1109414,0.13011381030082703,0.8460000157356262,0.5655999779701233
YPR186C,YJR104C,0,-6.1115375,0.1300937980413437,0.8460000157356262,0.5656999945640564
YMR199W,YBL011W,0,-6.111634,0.13007380068302155,0.8460000157356262,0.5658000111579895
YKL048C,YAL024C,0,-6.111736,0.1300538033246994,0.8460000157356262,0.5659000277519226
YGR109C,YCL008C,0,-6.1118736,0.13003382086753845,0.8460000157356262,0.5659999847412109
YER088C,YGR239C,0,-6.1119246,0.1300138384103775,0.8460000157356262,0.566100001335144
YDR256C,YDR123C,0,-6.112107,0.12999385595321655,0.8460000157356262,0.5662000179290771
YJL062W,YMR227C,0,-6.1123576,0.1299738883972168,0.8460000157356262,0.5662999749183655
YLL026W,YGR180C,0,-6.112534,0.12995392084121704,0.8460000157356262,0.5663999915122986
YGL245W,YBR083W,0,-6.112578,0.12993395328521729,0.8460000157356262,0.5665000081062317
YKR097W,YBR228W,0,-6.1126513,0.12991400063037872,0.8460000157356262,0.5666000247001648
YOR127W,YLR448W,0,-6.11299,0.12989406287670135,0.8460000157356262,0.5666999816894531
YGL058W,YMR117C,0,-6.1130404,0.1298741102218628,0.8460000157356262,0.5667999982833862
YGR036C,YLR303W,0,-6.114697,0.12985418736934662,0.8460000157356262,0.5669000148773193
YDR296W,YHR088W,0,-6.11471,0.12983424961566925,0.8460000157356262,0.5669999718666077
YCL059C,YGR141W,0,-6.114869,0.12981432676315308,0.8460000157356262,0.5670999884605408
YJR055W,YGL233W,0,-6.114908,0.1297944188117981,0.8460000157356262,0.5672000050544739
YDR173C,YGL151W,0,-6.1149297,0.12977451086044312,0.8460000157356262,0.567300021648407
YNR030W,YNR002C,0,-6.115132,0.12975460290908813,0.8460000157356262,0.5673999786376953
YAL034W-A,YBR186W,0,-6.115424,0.12973470985889435,0.8460000157356262,0.5674999952316284
YDR184C,YHR091C,0,-6.115706,0.12971481680870056,0.8460000157356262,0.5676000118255615
YDR411C,YMR211W,0,-6.115868,0.12969492375850677,0.8460000157356262,0.5677000284194946
YHR171W,YBR026C,0,-6.1161814,0.12967504560947418,0.8460000157356262,0.567799985408783
YJR092W,YGR141W,0,-6.1162724,0.1296551674604416,0.8460000157356262,0.5679000020027161
YAL013W,YMR065W,0,-6.1162815,0.1296353042125702,0.8460000157356262,0.5680000185966492
YJL198W,YHR200W,0,-6.1164756,0.1296154409646988,0.8460000157356262,0.5680999755859375
YJL102W,YKR086W,0,-6.1165485,0.1295955926179886,0.8460000157356262,0.5681999921798706
YGL195W,YBL071W-A,0,-6.1170697,0.12957574427127838,0.8460000157356262,0.5683000087738037
YBR111W-A,YDR145W,0,-6.1170993,0.12955589592456818,0.8460000157356262,0.5684000253677368
YDR163W,YBL088C,0,-6.1172748,0.12953606247901917,0.8460000157356262,0.5684999823570251
YNL042W,YDR217C,0,-6.1176295,0.12951622903347015,0.8460000157356262,0.5685999989509583
YIR005W,YMR054W,0,-6.118078,0.12949639558792114,0.8460000157356262,0.5687000155448914
YHR013C,YER056C,0,-6.118312,0.12947657704353333,0.8460000157356262,0.5687999725341797
YML062C,YOR129C,0,-6.1184316,0.1294567734003067,0.8460000157356262,0.5688999891281128
YPR201W,YDR359C,0,-6.1185746,0.12943696975708008,0.8460000157356262,0.5690000057220459
YPL233W,YNL186W,0,-6.1189866,0.12941716611385345,0.8460000157356262,0.569100022315979
YJL013C,YOR373W,0,-6.1197615,0.12939736247062683,0.8460000157356262,0.5691999793052673
YDL226C,YIR017C,0,-6.1197853,0.1293775737285614,0.8460000157356262,0.5692999958992004
YBR109C,YNR075W,1,-6.119823,0.12951070070266724,0.847000002861023,0.5692999958992004
YMR022W,YIL061C,0,-6.1203437,0.1294908970594406,0.847000002861023,0.5694000124931335
YDL030W,YKL130C,0,-6.1203923,0.12947110831737518,0.847000002861023,0.5695000290870667
YNR056C,YGR278W,0,-6.120441,0.12945131957530975,0.847000002861023,0.569599986076355
YJR092W,YJL091C,0,-6.120729,0.12943154573440552,0.847000002861023,0.5697000026702881
YDR171W,YBR198C,0,-6.120811,0.12941177189350128,0.847000002861023,0.5698000192642212
YDR158W,YGL153W,0,-6.1211143,0.12939199805259705,0.847000002861023,0.5698999762535095
YCL055W,YLR147C,0,-6.1213164,0.1293722242116928,0.847000002861023,0.5699999928474426
YNL148C,YDR437W,0,-6.1213307,0.12935248017311096,0.847000002861023,0.5701000094413757
YLR113W,YGL241W,0,-6.121383,0.12933272123336792,0.847000002861023,0.5702000260353088
YDL024C,YMR162C,0,-6.1215544,0.12931297719478607,0.847000002861023,0.5702999830245972
YOL061W,YDR181C,0,-6.1219516,0.12929323315620422,0.847000002861023,0.5703999996185303
YDR281C,YLR354C,0,-6.1219935,0.12927350401878357,0.847000002861023,0.5705000162124634
YBL026W,YFR030W,0,-6.1224957,0.12925377488136292,0.847000002861023,0.5705999732017517
YBL017C,YML123C,0,-6.1226263,0.12923406064510345,0.847000002861023,0.5706999897956848
YOR316C,YLR071C,0,-6.122889,0.129214346408844,0.847000002861023,0.5708000063896179
YER038C,YJL074C,0,-6.123219,0.12919463217258453,0.847000002861023,0.570900022983551
YER045C,YFR030W,0,-6.1241307,0.12917493283748627,0.847000002861023,0.5709999799728394
YDR437W,YDR191W,0,-6.1243224,0.129155233502388,0.847000002861023,0.5710999965667725
YBR186W,YHR039C-A,0,-6.124352,0.12913553416728973,0.847000002861023,0.5712000131607056
YNL048W,YEL057C,0,-6.124479,0.12911584973335266,0.847000002861023,0.5713000297546387
YMR077C,YLR249W,0,-6.1261597,0.12909618020057678,0.847000002861023,0.571399986743927
YGR245C,YKR072C,0,-6.1262236,0.1290764957666397,0.847000002861023,0.5715000033378601
YGL063W,YMR054W,0,-6.1263604,0.12905684113502502,0.847000002861023,0.5716000199317932
YBR155W,YLL061W,0,-6.126488,0.12903717160224915,0.847000002861023,0.5716999769210815
YOR354C,YOR068C,0,-6.1266084,0.12901751697063446,0.847000002861023,0.5717999935150146
YBR092C,YGR044C,0,-6.126842,0.12899786233901978,0.847000002861023,0.5719000101089478
YDL149W,YLR022C,0,-6.1268888,0.12897822260856628,0.847000002861023,0.5720000267028809
YGL075C,YPL022W,0,-6.1272244,0.1289585828781128,0.847000002861023,0.5720999836921692
YLL022C,YPR075C,0,-6.1275105,0.1289389580488205,0.847000002861023,0.5722000002861023
YDR469W,YLR181C,0,-6.1277776,0.1289193332195282,0.847000002861023,0.5723000168800354
YMR225C,YOR340C,0,-6.1279016,0.1288997083902359,0.847000002861023,0.5723999738693237
YDL002C,YDL159W,0,-6.127909,0.1288800984621048,0.847000002861023,0.5724999904632568
YHL047C,YDR392W,0,-6.127972,0.1288604885339737,0.847000002861023,0.5726000070571899
YHR176W,YMR133W,0,-6.12806,0.12884089350700378,0.847000002861023,0.572700023651123
YDL059C,YHL027W,0,-6.1283584,0.12882129848003387,0.847000002861023,0.5727999806404114
YBR073W,YDR447C,0,-6.1284823,0.12880170345306396,0.847000002861023,0.5728999972343445
YGR262C,YPL036W,0,-6.128536,0.12878212332725525,0.847000002861023,0.5730000138282776
YDL043C,YFR040W,0,-6.1289096,0.12876254320144653,0.847000002861023,0.5730999708175659
YLR113W,YER002W,0,-6.1289916,0.12874296307563782,0.847000002861023,0.573199987411499
YGL073W,YIL051C,0,-6.1290154,0.1287233978509903,0.847000002861023,0.5733000040054321
YDR365C,YGR192C,0,-6.129187,0.12870384752750397,0.847000002861023,0.5734000205993652
YKR086W,YKL058W,0,-6.129427,0.12868429720401764,0.847000002861023,0.5734999775886536
YNL325C,YML088W,0,-6.1296105,0.1286647468805313,0.847000002861023,0.5735999941825867
YDR384C,YDR532C,0,-6.129671,0.12864519655704498,0.847000002861023,0.5737000107765198
YMR216C,YGR072W,0,-6.1298337,0.12862566113471985,0.847000002861023,0.5738000273704529
YNR075W,YHR073W,1,-6.129843,0.12875796854496002,0.8479999899864197,0.5738000273704529
YJL092W,YPL164C,0,-6.129976,0.1287384182214737,0.8479999899864197,0.5738999843597412
YHR158C,YDR146C,0,-6.1303353,0.12871888279914856,0.8479999899864197,0.5740000009536743
YDR162C,YJL035C,0,-6.130399,0.12869934737682343,0.8479999899864197,0.5741000175476074
YFR040W,YGR059W,0,-6.1304092,0.1286798119544983,0.8479999899864197,0.5741999745368958
YNL219C,YKR025W,0,-6.1304727,0.12866029143333435,0.8479999899864197,0.5742999911308289
YHL038C,YPL098C,0,-6.130474,0.1286407709121704,0.8479999899864197,0.574400007724762
YCR067C,YPR133W-A,0,-6.130509,0.12862126529216766,0.8479999899864197,0.5745000243186951
YHR170W,YOR162C,0,-6.1306753,0.12860175967216492,0.8479999899864197,0.5745999813079834
YCR066W,YBR198C,0,-6.13088,0.12858225405216217,0.8479999899864197,0.5746999979019165
YPR128C,YIL077C,0,-6.1310525,0.12856276333332062,0.8479999899864197,0.5748000144958496
YPL018W,YDL044C,0,-6.131209,0.12854327261447906,0.8479999899864197,0.5748999714851379
YNR075W,YBL007C,1,-6.131504,0.12867535650730133,0.8489999771118164,0.5748999714851379
YGR264C,YNL098C,0,-6.131615,0.12865585088729858,0.8489999771118164,0.574999988079071
YOR334W,YOR129C,0,-6.131706,0.12863636016845703,0.8489999771118164,0.5751000046730042
YHL002W,YIL066C,0,-6.1322083,0.12861686944961548,0.8489999771118164,0.5752000212669373
YJR084W,YNR011C,0,-6.1322956,0.12859739363193512,0.8489999771118164,0.5752999782562256
YKL008C,YGR195W,0,-6.1323724,0.12857791781425476,0.8489999771118164,0.5753999948501587
YPR067W,YAL034W-A,0,-6.1334634,0.1285584419965744,0.8489999771118164,0.5755000114440918
YLR429W,YKL093W,0,-6.1336637,0.12853898108005524,0.8489999771118164,0.5756000280380249
YPL110C,YGL135W,0,-6.1339383,0.12851953506469727,0.8489999771118164,0.5756999850273132
YGL038C,YOR386W,0,-6.134005,0.1285000741481781,0.8489999771118164,0.5758000016212463
YOL165C,YGR083C,0,-6.1344304,0.12848062813282013,0.8489999771118164,0.5759000182151794
YEL034W,YDR277C,0,-6.1345844,0.12846118211746216,0.8489999771118164,0.5759999752044678
YNL256W,YGR044C,0,-6.135305,0.12844175100326538,0.8489999771118164,0.5760999917984009
YKL185W,YHR082C,0,-6.13568,0.1284223198890686,0.8489999771118164,0.576200008392334
YDL002C,YGR197C,0,-6.135699,0.12840290367603302,0.8489999771118164,0.5763000249862671
YOR349W,YPR182W,0,-6.1357093,0.12838348746299744,0.8489999771118164,0.5763999819755554
YKR090W,YPL128C,0,-6.135864,0.12836407124996185,0.8489999771118164,0.5764999985694885
YPR200C,YDR306C,0,-6.1363654,0.12834466993808746,0.8489999771118164,0.5766000151634216
YPR009W,YOL097C,0,-6.1364617,0.12832526862621307,0.8489999771118164,0.57669997215271
YEL063C,YML078W,0,-6.13697,0.12830588221549988,0.8489999771118164,0.5767999887466431
YOR032C,YPL121C,0,-6.136973,0.12828649580478668,0.8489999771118164,0.5769000053405762
YMR127C,YPR054W,0,-6.137029,0.1282671093940735,0.8489999771118164,0.5770000219345093
YGL155W,YJL187C,0,-6.1371303,0.12824773788452148,0.8489999771118164,0.5770999789237976
YHR092C,YDR400W,0,-6.1371636,0.12822836637496948,0.8489999771118164,0.5771999955177307
YLR095C,YEL020W-A,0,-6.1371865,0.12820899486541748,0.8489999771118164,0.5773000121116638
YER105C,YGL014W,0,-6.137483,0.12818963825702667,0.8489999771118164,0.5774000287055969
YBR065C,YJR112W,0,-6.137982,0.12817029654979706,0.8489999771118164,0.5774999856948853
YJL024C,YDR004W,0,-6.1387935,0.12815093994140625,0.8489999771118164,0.5776000022888184
YHR086W,YGR209C,0,-6.139136,0.12813159823417664,0.8489999771118164,0.5777000188827515
YPR019W,YPL167C,0,-6.1391816,0.12811227142810822,0.8489999771118164,0.5777999758720398
YNL279W,YLL013C,0,-6.139382,0.1280929446220398,0.8489999771118164,0.5778999924659729
YOR173W,YAR009C,0,-6.1402884,0.12807361781597137,0.8489999771118164,0.578000009059906
YLR207W,YDL244W,0,-6.1406903,0.12805430591106415,0.8489999771118164,0.5781000256538391
YDR113C,YGR118W,0,-6.1408467,0.12803499400615692,0.8489999771118164,0.5781999826431274
YMR004W,YDL195W,0,-6.140923,0.1280156821012497,0.8489999771118164,0.5782999992370605
YDR488C,YJL198W,0,-6.1413865,0.12799638509750366,0.8489999771118164,0.5784000158309937
YDR039C,YEL024W,0,-6.141566,0.12797708809375763,0.8489999771118164,0.578499972820282
YJR031C,YOL028C,0,-6.142409,0.1279578059911728,0.8489999771118164,0.5785999894142151
YLR293C,YBR050C,0,-6.142608,0.12793852388858795,0.8489999771118164,0.5787000060081482
YMR055C,YDL236W,0,-6.1428924,0.1279192417860031,0.8489999771118164,0.5788000226020813
YBL045C,YDR318W,0,-6.143518,0.12789997458457947,0.8489999771118164,0.5788999795913696
YKR087C,YPL083C,0,-6.143682,0.12788070738315582,0.8489999771118164,0.5789999961853027
YER145C,YGR239C,0,-6.1439285,0.12786144018173218,0.8489999771118164,0.5791000127792358
YDL059C,YGL249W,0,-6.1439548,0.12784218788146973,0.8489999771118164,0.579200029373169
YJL122W,YNL097C,0,-6.1443543,0.12782295048236847,0.8489999771118164,0.5792999863624573
YGL027C,YGR296W,0,-6.1448894,0.12780369818210602,0.8489999771118164,0.5794000029563904
YGL008C,YIL061C,0,-6.144942,0.12778446078300476,0.8489999771118164,0.5795000195503235
YKL043W,YMR308C,0,-6.1452265,0.1277652382850647,0.8489999771118164,0.5795999765396118
YJL116C,YNL007C,0,-6.145245,0.12774601578712463,0.8489999771118164,0.5796999931335449
YPR023C,YER190W,0,-6.1454473,0.12772679328918457,0.8489999771118164,0.579800009727478
YIL044C,YLR242C,1,-6.1454716,0.1278579980134964,0.8500000238418579,0.579800009727478
YNL123W,YKL148C,0,-6.1458135,0.12783877551555634,0.8500000238418579,0.5799000263214111
YPL015C,YIL061C,0,-6.1459565,0.12781955301761627,0.8500000238418579,0.5799999833106995
YGR278W,YDR517W,0,-6.146074,0.1278003305196762,0.8500000238418579,0.5800999999046326
YCL040W,YPL235W,0,-6.1461387,0.12778112292289734,0.8500000238418579,0.5802000164985657
YMR042W,YOL102C,0,-6.146376,0.12776191532611847,0.8500000238418579,0.580299973487854
YIR017C,YGL153W,0,-6.1466994,0.1277427077293396,0.8500000238418579,0.5803999900817871
YKR037C,YCR060W,0,-6.146822,0.12772351503372192,0.8500000238418579,0.5805000066757202
YEL030W,YMR227C,0,-6.1469207,0.12770432233810425,0.8500000238418579,0.5806000232696533
YGR199W,YGR144W,0,-6.1470327,0.12768514454364777,0.8500000238418579,0.5806999802589417
YJR090C,YIR008C,0,-6.147065,0.12766596674919128,0.8500000238418579,0.5807999968528748
YPL266W,YDL056W,0,-6.147307,0.1276467889547348,0.8500000238418579,0.5809000134468079
YMR138W,YBR020W,0,-6.147511,0.12762762606143951,0.8500000238418579,0.5809999704360962
YCR008W,YLR337C,1,-6.147554,0.12775859236717224,0.8510000109672546,0.5809999704360962
YFL055W,YKL152C,0,-6.14796,0.12773941457271576,0.8510000109672546,0.5810999870300293
YER157W,YGL222C,0,-6.1479883,0.12772025167942047,0.8510000109672546,0.5812000036239624
YNL239W,YDR076W,0,-6.1482463,0.127701073884964,0.8510000109672546,0.5813000202178955
YEL069C,YFR033C,0,-6.148367,0.1276819258928299,0.8510000109672546,0.5813999772071838
YGR188C,YNR052C,0,-6.148438,0.1276627629995346,0.8510000109672546,0.5814999938011169
YOR317W,YOR265W,0,-6.1485343,0.1276436150074005,0.8510000109672546,0.58160001039505
YER103W,YGR122W,0,-6.1493115,0.1276244819164276,0.8510000109672546,0.5817000269889832
YPL096C-A,YDR137W,0,-6.149468,0.12760533392429352,0.8510000109672546,0.5817999839782715
YDR437W,YER100W,0,-6.1495376,0.12758620083332062,0.8510000109672546,0.5819000005722046
YFL025C,YDR160W,0,-6.150087,0.1275670826435089,0.8510000109672546,0.5820000171661377
YHR164C,YBR245C,0,-6.1501203,0.1275479644536972,0.8510000109672546,0.582099974155426
YDR481C,YMR129W,0,-6.150386,0.1275288462638855,0.8510000109672546,0.5821999907493591
YFL022C,YPR002W,0,-6.150585,0.12750974297523499,0.8510000109672546,0.5823000073432922
YNL037C,YDR080W,0,-6.150933,0.12749063968658447,0.8510000109672546,0.5824000239372253
YJR042W,YKR002W,0,-6.151363,0.12747153639793396,0.8510000109672546,0.5824999809265137
YER075C,YLR221C,0,-6.1514187,0.12745244801044464,0.8510000109672546,0.5825999975204468
YKR063C,YGR085C,0,-6.151938,0.12743335962295532,0.8510000109672546,0.5827000141143799
YDR009W,YER094C,0,-6.152173,0.1274142861366272,0.8510000109672546,0.5827999711036682
YPL043W,YPL036W,0,-6.152288,0.12739521265029907,0.8510000109672546,0.5828999876976013
YOR191W,YDR404C,0,-6.1525173,0.12737613916397095,0.8510000109672546,0.5830000042915344
YDR283C,YCR083W,0,-6.1530013,0.12735708057880402,0.8510000109672546,0.5831000208854675
YMR001C,YBR097W,0,-6.1530166,0.12733802199363708,0.8510000109672546,0.5831999778747559
YMR127C,YOR143C,0,-6.1533265,0.12731896340847015,0.8510000109672546,0.583299994468689
YCR067C,YML097C,0,-6.153594,0.12729991972446442,0.8510000109672546,0.5834000110626221
YNR002C,YIL063C,0,-6.1536317,0.12728089094161987,0.8510000109672546,0.5835000276565552
YLL004W,YMR101C,0,-6.1538177,0.12726184725761414,0.8510000109672546,0.5835999846458435
YGL027C,YIL016W,0,-6.1538887,0.1272428184747696,0.8510000109672546,0.5837000012397766
YKR008W,YLL003W,0,-6.153998,0.12722380459308624,0.8510000109672546,0.5838000178337097
YPR083W,YOR069W,0,-6.154021,0.1272047758102417,0.8510000109672546,0.583899974822998
YIR028W,YML127W,0,-6.1541843,0.12718577682971954,0.8510000109672546,0.5839999914169312
YBR186W,YDR172W,0,-6.1542335,0.1271667629480362,0.8510000109672546,0.5841000080108643
YMR246W,YML098W,0,-6.1543746,0.12714776396751404,0.8510000109672546,0.5842000246047974
YDR088C,YOL102C,0,-6.1544003,0.12712876498699188,0.8510000109672546,0.5842999815940857
YNR033W,YMR322C,0,-6.154699,0.12710978090763092,0.8510000109672546,0.5843999981880188
YNL039W,YGL067W,0,-6.15509,0.12709079682826996,0.8510000109672546,0.5845000147819519
YDR423C,YLR145W,0,-6.155255,0.1270718276500702,0.8510000109672546,0.5845999717712402
YCR020W-B,YML043C,0,-6.1552997,0.12705285847187042,0.8510000109672546,0.5846999883651733
YDR288W,YFR029W,0,-6.1560645,0.12703388929367065,0.8510000109672546,0.5848000049591064
YPR030W,YGR284C,1,-6.156174,0.12716418504714966,0.8519999980926514,0.5848000049591064
YLR097C,YBR092C,0,-6.156283,0.1271452009677887,0.8519999980926514,0.5849000215530396
YOL108C,YDR217C,0,-6.156362,0.12712623178958893,0.8519999980926514,0.5849999785423279
YGR007W,YDR065W,0,-6.156508,0.12710726261138916,0.8519999980926514,0.585099995136261
YOR120W,YPR102C,0,-6.1566863,0.12708830833435059,0.8519999980926514,0.5852000117301941
YGR057C,YGL014W,0,-6.157051,0.127069354057312,0.8519999980926514,0.5853000283241272
YAR018C,YDR481C,0,-6.1571784,0.12705039978027344,0.8519999980926514,0.5853999853134155
YEL022W,YJL089W,0,-6.157616,0.12703146040439606,0.8519999980926514,0.5855000019073486
YMR032W,YOR330C,0,-6.1577487,0.12701252102851868,0.8519999980926514,0.5856000185012817
YOR209C,YGR111W,0,-6.1583657,0.1269935965538025,0.8519999980926514,0.5856999754905701
YHR123W,YLR022C,0,-6.1585803,0.1269746720790863,0.8519999980926514,0.5857999920845032
YEL032W,YDL077C,0,-6.158701,0.12695574760437012,0.8519999980926514,0.5859000086784363
YJR059W,YPR074C,0,-6.158858,0.12693682312965393,0.8519999980926514,0.5860000252723694
YKR024C,YBL090W,0,-6.15905,0.12691791355609894,0.8519999980926514,0.5860999822616577
YPL086C,YKL040C,0,-6.159057,0.12689901888370514,0.8519999980926514,0.5861999988555908
YJL219W,YBR130C,0,-6.1591225,0.12688012421131134,0.8519999980926514,0.5863000154495239
YHR059W,YGR141W,0,-6.1592045,0.12686122953891754,0.8519999980926514,0.5863999724388123
YMR055C,YHL028W,0,-6.1593943,0.12684233486652374,0.8519999980926514,0.5864999890327454
YGR140W,YLR264W,0,-6.1597943,0.12682345509529114,0.8519999980926514,0.5866000056266785
YDR343C,YPR133W-A,0,-6.1599183,0.12680459022521973,0.8519999980926514,0.5867000222206116
YKL191W,YBR177C,0,-6.1600337,0.12678571045398712,0.8519999980926514,0.5867999792098999
YJL201W,YIL037C,0,-6.160086,0.1267668455839157,0.8519999980926514,0.586899995803833
YBR217W,YOR030W,0,-6.160442,0.1267479956150055,0.8519999980926514,0.5870000123977661
YDR448W,YML043C,0,-6.160971,0.12672914564609528,0.8519999980926514,0.5871000289916992
YHR011W,YER109C,0,-6.1622944,0.12671029567718506,0.8519999980926514,0.5871999859809875
YFL025C,YKL020C,0,-6.1623755,0.12669144570827484,0.8519999980926514,0.5873000025749207
YHR053C,YHL006C,0,-6.1625304,0.12667261064052582,0.8519999980926514,0.5874000191688538
YPL061W,YPL270W,0,-6.162604,0.126653790473938,0.8519999980926514,0.5874999761581421
YOR207C,YJR044C,0,-6.1627526,0.12663495540618896,0.8519999980926514,0.5875999927520752
YNL274C,YHR088W,0,-6.1629205,0.12661613523960114,0.8519999980926514,0.5877000093460083
YCR040W,YHR157W,0,-6.162975,0.1265973299741745,0.8519999980926514,0.5878000259399414
YOR049C,YAR008W,0,-6.1634564,0.12657852470874786,0.8519999980926514,0.5878999829292297
YDR123C,YNL229C,0,-6.1640997,0.12655971944332123,0.8519999980926514,0.5879999995231628
YOR373W,YIR015W,0,-6.164162,0.1265409141778946,0.8519999980926514,0.588100016117096
YCL004W,YGL022W,0,-6.164273,0.12652212381362915,0.8519999980926514,0.5881999731063843
YIR019C,YGR013W,0,-6.164281,0.1265033334493637,0.8519999980926514,0.5882999897003174
YMR229C,YNL049C,0,-6.1644497,0.12648455798625946,0.8519999980926514,0.5884000062942505
YCL016C,YJR006W,0,-6.16495,0.1264657825231552,0.8519999980926514,0.5885000228881836
YAR018C,YDR244W,0,-6.165647,0.12644702196121216,0.8519999980926514,0.5885999798774719
YNL169C,YOR307C,0,-6.165706,0.1264282464981079,0.8519999980926514,0.588699996471405
YOR244W,YLR052W,0,-6.165726,0.12640950083732605,0.8519999980926514,0.5888000130653381
YPL228W,YGR108W,0,-6.1657357,0.126390740275383,0.8519999980926514,0.5889000296592712
YPL212C,YLL021W,0,-6.165928,0.12637199461460114,0.8519999980926514,0.5889999866485596
YLR078C,YGR239C,0,-6.166172,0.12635324895381927,0.8519999980926514,0.5891000032424927
YPL200W,YPL196W,0,-6.1663013,0.1263345181941986,0.8519999980926514,0.5892000198364258
YBR068C,YJR025C,0,-6.166472,0.12631578743457794,0.8519999980926514,0.5892999768257141
YJL176C,YER041W,0,-6.167029,0.12629707157611847,0.8519999980926514,0.5893999934196472
YOR144C,YHR005C,0,-6.1672482,0.1262783408164978,0.8519999980926514,0.5895000100135803
YPL171C,YHR034C,0,-6.167345,0.12625963985919952,0.8519999980926514,0.5896000266075134
YDR121W,YGL113W,0,-6.167455,0.12624092400074005,0.8519999980926514,0.5896999835968018
YPL018W,YFR009W,0,-6.1674685,0.12622222304344177,0.8519999980926514,0.5898000001907349
YGL001C,YNR032W,0,-6.167706,0.1262035220861435,0.8519999980926514,0.589900016784668
YNR067C,YDR416W,0,-6.1677303,0.1261848360300064,0.8519999980926514,0.5899999737739563
YML120C,YJL048C,0,-6.1677666,0.12616614997386932,0.8519999980926514,0.5900999903678894
YDR046C,YGR109C,0,-6.1680427,0.12614746391773224,0.8519999980926514,0.5902000069618225
YJL014W,YDL003W,0,-6.1681547,0.12612879276275635,0.8519999980926514,0.5903000235557556
YOR056C,YPL159C,0,-6.168448,0.12611012160778046,0.8519999980926514,0.590399980545044
YJL013C,YMR030W,0,-6.1685257,0.12609146535396576,0.8519999980926514,0.590499997138977
YOR047C,YHR099W,0,-6.168609,0.12607280910015106,0.8519999980926514,0.5906000137329102
YKL092C,YDR279W,0,-6.168932,0.12605415284633636,0.8519999980926514,0.5906999707221985
YPL096C-A,YLR193C,0,-6.1690183,0.12603549659252167,0.8519999980926514,0.5907999873161316
YLL038C,YIL002C,1,-6.169048,0.1261647641658783,0.8529999852180481,0.5907999873161316
YFR027W,YMR212C,0,-6.16911,0.1261461079120636,0.8529999852180481,0.5909000039100647
YBR015C,YKR072C,0,-6.1693006,0.1261274516582489,0.8529999852180481,0.5910000205039978
YDR404C,YIL056W,0,-6.169559,0.1261088103055954,0.8529999852180481,0.5910999774932861
YDL155W,YCL063W,0,-6.169643,0.1260901689529419,0.8529999852180481,0.5911999940872192
YDR140W,YEL051W,0,-6.1697555,0.1260715276002884,0.8529999852180481,0.5913000106811523
YMR287C,YLR291C,0,-6.1702185,0.12605290114879608,0.8529999852180481,0.5914000272750854
YHR116W,YNR038W,0,-6.1702304,0.12603427469730377,0.8529999852180481,0.5914999842643738
YER017C,YDL059C,0,-6.1704736,0.12601566314697266,0.8529999852180481,0.5916000008583069
YBL009W,YIL035C,0,-6.1705422,0.12599705159664154,0.8529999852180481,0.59170001745224
YJR001W,YBR142W,0,-6.1706595,0.12597844004631042,0.8529999852180481,0.5917999744415283
YMR316W,YMR227C,0,-6.170744,0.1259598284959793,0.8529999852180481,0.5918999910354614
YGR161C,YBR095C,0,-6.170854,0.1259412318468094,0.8529999852180481,0.5920000076293945
YIR009W,YML016C,0,-6.171785,0.12592265009880066,0.8529999852180481,0.5921000242233276
YGR188C,YLR191W,0,-6.1725035,0.12590405344963074,0.8529999852180481,0.592199981212616
YCR040W,YHR072W-A,0,-6.172787,0.125885471701622,0.8529999852180481,0.5922999978065491
YAL032C,YER019C-A,0,-6.173275,0.12586690485477448,0.8529999852180481,0.5924000144004822
YPL031C,YGL014W,0,-6.1737,0.12584833800792694,0.8529999852180481,0.5924999713897705
YMR065W,YDR311W,0,-6.1740165,0.1258297711610794,0.8529999852180481,0.5925999879837036
YIR009W,YHL006C,0,-6.1741424,0.12581120431423187,0.8529999852180481,0.5927000045776367
YNR033W,YMR213W,0,-6.174149,0.12579265236854553,0.8529999852180481,0.5928000211715698
YCL067C,YOR294W,0,-6.1741614,0.12577411532402039,0.8529999852180481,0.5928999781608582
YMR184W,YNR056C,0,-6.1746325,0.12575556337833405,0.8529999852180481,0.5929999947547913
YGL106W,YIL061C,0,-6.1746554,0.1257370263338089,0.8529999852180481,0.5931000113487244
YBL015W,YPR075C,0,-6.1747184,0.12571848928928375,0.8529999852180481,0.5932000279426575
YLR172C,YNL221C,0,-6.174752,0.1256999671459198,0.8529999852180481,0.5932999849319458
YKL009W,YDR145W,0,-6.1747823,0.12568144500255585,0.8529999852180481,0.5934000015258789
YGR217W,YDR192C,0,-6.1749225,0.1256629377603531,0.8529999852180481,0.593500018119812
YIL155C,YMR032W,0,-6.174956,0.12564443051815033,0.8529999852180481,0.5935999751091003
YPL049C,YKR085C,0,-6.174971,0.12562592327594757,0.8529999852180481,0.5936999917030334
YMR227C,YJR009C,0,-6.1752,0.1256074160337448,0.8529999852180481,0.5938000082969666
YKR061W,YGR186W,0,-6.175423,0.12558892369270325,0.8529999852180481,0.5939000248908997
YBR085W,YMR285C,0,-6.17543,0.12557044625282288,0.8529999852180481,0.593999981880188
YNR027W,YNL213C,0,-6.1754804,0.1255519539117813,0.8529999852180481,0.5940999984741211
YBL019W,YOR346W,0,-6.1759944,0.12553347647190094,0.8529999852180481,0.5942000150680542
YGR165W,YBR092C,0,-6.1762657,0.12551501393318176,0.8529999852180481,0.5942999720573425
YLR423C,YML126C,0,-6.1763177,0.1254965364933014,0.8529999852180481,0.5943999886512756
YDL159W,YPR056W,0,-6.176479,0.1254780888557434,0.8529999852180481,0.5945000052452087
YPR030W,YLL038C,1,-6.1769943,0.1256067007780075,0.8539999723434448,0.5945000052452087
YLR032W,YBR152W,0,-6.1772037,0.12558823823928833,0.8539999723434448,0.5946000218391418
YHR191C,YDR156W,0,-6.177587,0.12556977570056915,0.8539999723434448,0.5946999788284302
YBR215W,YMR065W,0,-6.177782,0.12555131316184998,0.8539999723434448,0.5947999954223633
YMR055C,YGR156W,0,-6.1778893,0.1255328506231308,0.8539999723434448,0.5949000120162964
YPL155C,YBR186W,0,-6.178471,0.12551440298557281,0.8539999723434448,0.5950000286102295
YLL004W,YER117W,0,-6.178493,0.12549595534801483,0.8539999723434448,0.5950999855995178
YOR023C,YJR140C,0,-6.179287,0.12547752261161804,0.8539999723434448,0.5952000021934509
YLR303W,YDR419W,0,-6.179437,0.12545908987522125,0.8539999723434448,0.595300018787384
YGL047W,YNL309W,0,-6.1794734,0.12544065713882446,0.8539999723434448,0.5953999757766724
YPR001W,YHR019C,0,-6.179495,0.12542223930358887,0.8539999723434448,0.5954999923706055
YNR057C,YHR072W-A,0,-6.179707,0.12540382146835327,0.8539999723434448,0.5956000089645386
YGR256W,YKR048C,0,-6.1797924,0.12538540363311768,0.8539999723434448,0.5957000255584717
YBL069W,YGR217W,0,-6.1799693,0.12536700069904327,0.8539999723434448,0.59579998254776
YML077W,YNL318C,0,-6.1801925,0.12534859776496887,0.8539999723434448,0.5958999991416931
YNL250W,YHR099W,0,-6.180225,0.12533020973205566,0.8539999723434448,0.5960000157356262
YBR177C,YLR467W,0,-6.1811905,0.12531180679798126,0.8539999723434448,0.5960999727249146
YFL010W-A,YNL230C,0,-6.181356,0.12529343366622925,0.8539999723434448,0.5961999893188477
YGL245W,YLL040C,0,-6.181546,0.12527504563331604,0.8539999723434448,0.5963000059127808
YGL136C,YMR165C,0,-6.1815906,0.12525667250156403,0.8539999723434448,0.5964000225067139
YLR342W,YNL093W,1,-6.1820493,0.12538495659828186,0.8550000190734863,0.5964000225067139
YBR039W,YGR054W,0,-6.1822643,0.12536656856536865,0.8550000190734863,0.5964999794960022
YDL043C,YDR469W,0,-6.1822753,0.12534819543361664,0.8550000190734863,0.5965999960899353
YMR213W,YCR040W,0,-6.182469,0.12532982230186462,0.8550000190734863,0.5967000126838684
YOR180C,YLR047C,0,-6.182592,0.1253114491701126,0.8550000190734863,0.5968000292778015
YEL022W,YOL112W,0,-6.1829963,0.1252930760383606,0.8550000190734863,0.5968999862670898
YLR309C,YKL130C,0,-6.1832156,0.12527473270893097,0.8550000190734863,0.597000002861023
YKL149C,YMR142C,0,-6.1833987,0.12525637447834015,0.8550000190734863,0.597100019454956
YKL170W,YFR040W,0,-6.1834855,0.12523803114891052,0.8550000190734863,0.5971999764442444
YPR119W,YNL244C,0,-6.18413,0.1252196878194809,0.8550000190734863,0.5972999930381775
YPR046W,YDR246W,0,-6.1844754,0.12520134449005127,0.8550000190734863,0.5974000096321106
YDR364C,YOL089C,0,-6.184567,0.12518301606178284,0.8550000190734863,0.5975000262260437
YER162C,YML109W,0,-6.184834,0.1251646876335144,0.8550000190734863,0.597599983215332
YLR377C,YKL145W,0,-6.1851044,0.12514637410640717,0.8550000190734863,0.5976999998092651
YPL032C,YKL203C,1,-6.1855035,0.1252744048833847,0.8560000061988831,0.5976999998092651
YER036C,YOR103C,0,-6.185553,0.12525607645511627,0.8560000061988831,0.5978000164031982
YMR021C,YER072W,0,-6.185724,0.12523774802684784,0.8560000061988831,0.5978999733924866
YMR138W,YKL080W,0,-6.1858063,0.1252194195985794,0.8560000061988831,0.5979999899864197
YML042W,YIL076W,0,-6.186501,0.12520110607147217,0.8560000061988831,0.5981000065803528
YOR168W,YGR118W,0,-6.1870055,0.12518280744552612,0.8560000061988831,0.5982000231742859
YKL089W,YDR293C,0,-6.1871324,0.12516449391841888,0.8560000061988831,0.5982999801635742
YNL334C,YMR125W,0,-6.1874413,0.12514619529247284,0.8560000061988831,0.5983999967575073
YGR119C,YDR460W,0,-6.187494,0.125127911567688,0.8560000061988831,0.5985000133514404
YGL155W,YLR147C,0,-6.1879945,0.12510961294174194,0.8560000061988831,0.5985999703407288
YJL167W,YPL190C,0,-6.188091,0.1250913292169571,0.8560000061988831,0.5986999869346619
YER038C,YNL236W,0,-6.1883497,0.12507306039333344,0.8560000061988831,0.598800003528595
YIL120W,YJR035W,0,-6.188486,0.12505479156970978,0.8560000061988831,0.5989000201225281
YPR124W,YLR035C,0,-6.188515,0.12503652274608612,0.8560000061988831,0.5989999771118164
YJR053W,YLR207W,0,-6.1885333,0.12501825392246246,0.8560000061988831,0.5990999937057495
YPR005C,YPL125W,0,-6.188568,0.125,0.8560000061988831,0.5992000102996826
YLR096W,YML088W,0,-6.1886683,0.12498174607753754,0.8560000061988831,0.5993000268936157
YDR310C,YNL045W,0,-6.1886716,0.12496350705623627,0.8560000061988831,0.599399983882904
YGL090W,YLR147C,0,-6.18868,0.1249452605843544,0.8560000061988831,0.5995000004768372
YIL131C,YOL061W,0,-6.1893353,0.12492702901363373,0.8560000061988831,0.5996000170707703
YBR065C,YJL076W,0,-6.1897264,0.12490879744291306,0.8560000061988831,0.5996999740600586
YLR242C,YHR114W,1,-6.1898265,0.12503647804260254,0.8569999933242798,0.5996999740600586
YBL014C,YDR409W,0,-6.1901164,0.12501823902130127,0.8569999933242798,0.5997999906539917
YDL231C,YPL032C,1,-6.1901956,0.12514585256576538,0.8579999804496765,0.5997999906539917
YJR074W,YDR381W,0,-6.190312,0.1251276135444641,0.8579999804496765,0.5999000072479248
YNL023C,YPL020C,0,-6.1909986,0.12510935962200165,0.8579999804496765,0.6000000238418579
YJL020C,YHR152W,0,-6.1915455,0.12509112060070038,0.8579999804496765,0.6000999808311462
YOR061W,YDL058W,0,-6.1916356,0.1250728815793991,0.8579999804496765,0.6001999974250793
YNL317W,YGL229C,0,-6.1920786,0.12505465745925903,0.8579999804496765,0.6003000140190125
YJR052W,YIL031W,0,-6.192289,0.12503643333911896,0.8579999804496765,0.6003999710083008
YOR261C,YDR131C,0,-6.1929045,0.12501820921897888,0.8579999804496765,0.6004999876022339
YMR296C,YER024W,0,-6.193463,0.125,0.8579999804496765,0.600600004196167
YKL185W,YKL079W,0,-6.1934896,0.12498179078102112,0.8579999804496765,0.6007000207901001
YLR116W,YBR002C,0,-6.1941085,0.12496358901262283,0.8579999804496765,0.6007999777793884
YDL036C,YPR095C,0,-6.1941524,0.12494539469480515,0.8579999804496765,0.6008999943733215
YJL013C,YPL123C,0,-6.1941657,0.12492720037698746,0.8579999804496765,0.6010000109672546
YJR144W,YOL061W,0,-6.1942277,0.12490901350975037,0.8579999804496765,0.6011000275611877
YJR108W,YOL054W,0,-6.1942515,0.12489082664251328,0.8579999804496765,0.6011999845504761
YDR392W,YDR429C,0,-6.194266,0.12487265467643738,0.8579999804496765,0.6013000011444092
YPR046W,YGR121C,0,-6.1946163,0.12485448271036148,0.8579999804496765,0.6014000177383423
YPL167C,YBL014C,0,-6.1946845,0.12483631819486618,0.8579999804496765,0.6014999747276306
YAR015W,YPL098C,0,-6.194947,0.12481815367937088,0.8579999804496765,0.6015999913215637
YNL230C,YJR119C,0,-6.1949806,0.12479999661445618,0.8579999804496765,0.6017000079154968
YPL255W,YNL167C,0,-6.1954756,0.12478184700012207,0.8579999804496765,0.6018000245094299
YPL119C,YKL082C,0,-6.195747,0.12476370483636856,0.8579999804496765,0.6018999814987183
YOR295W,YER074W-A,0,-6.1957717,0.12474556267261505,0.8579999804496765,0.6019999980926514
YCR048W,YGR059W,0,-6.1964183,0.12472742795944214,0.8579999804496765,0.6021000146865845
YLR097C,YHR039C,0,-6.196497,0.12470930069684982,0.8579999804496765,0.6021999716758728
YKL178C,YLR467W,0,-6.196522,0.1246911808848381,0.8579999804496765,0.6022999882698059
YHR083W,YBR228W,0,-6.196936,0.12467306107282639,0.8579999804496765,0.602400004863739
YPR189W,YNL304W,0,-6.196951,0.12465494871139526,0.8579999804496765,0.6025000214576721
YML091C,YMR197C,0,-6.1970744,0.12463683634996414,0.8579999804496765,0.6025999784469604
YMR056C,YDR195W,0,-6.1971326,0.12461873888969421,0.8579999804496765,0.6026999950408936
YLR165C,YOL066C,0,-6.197224,0.12460064142942429,0.8579999804496765,0.6028000116348267
YJL203W,YCL031C,0,-6.197771,0.12458254396915436,0.8579999804496765,0.6029000282287598
YLL042C,YGL090W,0,-6.1977897,0.12456446141004562,0.8579999804496765,0.6029999852180481
YKL068W,YER013W,0,-6.197848,0.12454637885093689,0.8579999804496765,0.6031000018119812
YDR243C,YHR066W,0,-6.198071,0.12452830374240875,0.8579999804496765,0.6032000184059143
YIL044C,YPR030W,1,-6.1984687,0.1246553510427475,0.859000027179718,0.6032000184059143
YCL016C,YDR309C,0,-6.198501,0.12463726103305817,0.859000027179718,0.6032999753952026
YGR224W,YDR379W,0,-6.1985517,0.12461917847394943,0.859000027179718,0.6033999919891357
YFL023W,YOR145C,0,-6.198588,0.1246011033654213,0.859000027179718,0.6035000085830688
YMR213W,YPR182W,0,-6.198609,0.12458302825689316,0.859000027179718,0.603600025177002
YIR009W,YPR016C,0,-6.1990685,0.12456496804952621,0.859000027179718,0.6036999821662903
YGL043W,YBR175W,0,-6.199139,0.12454690784215927,0.859000027179718,0.6037999987602234
YKL114C,YOL043C,0,-6.19918,0.12452884763479233,0.859000027179718,0.6039000153541565
YGL093W,YOL028C,0,-6.199261,0.12451080232858658,0.859000027179718,0.6039999723434448
YBR210W,YDR130C,0,-6.1995926,0.12449275702238083,0.859000027179718,0.6040999889373779
YMR234W,YDR346C,0,-6.200337,0.12447471171617508,0.859000027179718,0.604200005531311
YOR058C,YER117W,0,-6.200353,0.12445668131113052,0.859000027179718,0.6043000221252441
YPL048W,YHR118C,0,-6.200359,0.12443865090608597,0.859000027179718,0.6043999791145325
YCR106W,YLR298C,0,-6.2004514,0.12442062795162201,0.859000027179718,0.6044999957084656
YOL043C,YNL302C,0,-6.2007084,0.12440260499715805,0.859000027179718,0.6046000123023987
YER126C,YDR207C,0,-6.200832,0.12438458949327469,0.859000027179718,0.6047000288963318
YBL015W,YDR004W,0,-6.2009797,0.12436658143997192,0.859000027179718,0.6047999858856201
YNL099C,YMR218C,0,-6.2011323,0.12434858083724976,0.859000027179718,0.6049000024795532
YDR009W,YDL247W,0,-6.201266,0.12433058023452759,0.859000027179718,0.6050000190734863
YOR288C,YGR179C,0,-6.2015185,0.12431258708238602,0.859000027179718,0.6050999760627747
YJR053W,YBR293W,0,-6.2015395,0.12429460138082504,0.859000027179718,0.6051999926567078
YDL003W,YLR020C,0,-6.2016425,0.12427662312984467,0.859000027179718,0.6053000092506409
YGL003C,YHR059W,0,-6.2016945,0.12425864487886429,0.859000027179718,0.605400025844574
YMR202W,YDR280W,0,-6.20184,0.12424067407846451,0.859000027179718,0.6054999828338623
YOR046C,YGL255W,0,-6.2019725,0.12422270327806473,0.859000027179718,0.6055999994277954
YKL185W,YJL203W,0,-6.2019873,0.12420473992824554,0.859000027179718,0.6057000160217285
YPL170W,YAL056W,0,-6.202455,0.12418678402900696,0.859000027179718,0.6057999730110168
YLR256W,YPR051W,0,-6.2026587,0.12416883558034897,0.859000027179718,0.60589998960495
YJR118C,YHR015W,0,-6.2030883,0.12415088713169098,0.859000027179718,0.6060000061988831
YDR488C,YBL030C,0,-6.203338,0.12413294613361359,0.859000027179718,0.6061000227928162
YHR164C,YGR072W,0,-6.2035117,0.12411501258611679,0.859000027179718,0.6061999797821045
YFR041C,YNL247W,0,-6.203526,0.12409707903862,0.859000027179718,0.6062999963760376
YMR069W,YGR296W,0,-6.2036734,0.1240791529417038,0.859000027179718,0.6064000129699707
YJL209W,YBR058C-A,0,-6.2039285,0.1240612342953682,0.859000027179718,0.6065000295639038
YCR010C,YDR451C,0,-6.203961,0.12404332309961319,0.859000027179718,0.6065999865531921
YJL099W,YER029C,0,-6.204038,0.12402541190385818,0.859000027179718,0.6067000031471252
YKL008C,YOR380W,0,-6.204111,0.12400750815868378,0.859000027179718,0.6068000197410583
YCR002C,YOR119C,0,-6.2041965,0.12398960441350937,0.859000027179718,0.6068999767303467
YDR288W,YKL214C,0,-6.2045035,0.12397171556949615,0.859000027179718,0.6069999933242798
YLL042C,YLR430W,0,-6.204819,0.12395382672548294,0.859000027179718,0.6071000099182129
YLR081W,YPL159C,0,-6.204824,0.12393593788146973,0.859000027179718,0.607200026512146
YPR030W,YLR206W,1,-6.2050786,0.12406232208013535,0.8600000143051147,0.607200026512146
YJR053W,YKR048C,0,-6.2059464,0.12404442578554153,0.8600000143051147,0.6072999835014343
YIR009W,YDL039C,0,-6.206004,0.12402653694152832,0.8600000143051147,0.6074000000953674
YCL024W,YER074W-A,0,-6.2060747,0.1240086480975151,0.8600000143051147,0.6075000166893005
YPR201W,YDL093W,0,-6.2061553,0.12399077415466309,0.8600000143051147,0.6075999736785889
YOR047C,YDL217C,0,-6.2062473,0.12397290021181107,0.8600000143051147,0.607699990272522
YPR104C,YEL020W-A,0,-6.2063823,0.12395503371953964,0.8600000143051147,0.6078000068664551
YNL027W,YLR224W,0,-6.2064676,0.12393716722726822,0.8600000143051147,0.6079000234603882
YMR234W,YHL025W,0,-6.2066755,0.12391930818557739,0.8600000143051147,0.6079999804496765
YOL095C,YNL107W,0,-6.2071223,0.12390145659446716,0.8600000143051147,0.6080999970436096
YKL191W,YFR053C,0,-6.207207,0.12388360500335693,0.8600000143051147,0.6082000136375427
YLR048W,YDR451C,0,-6.2076297,0.1238657608628273,0.8600000143051147,0.608299970626831
YML052W,YPL032C,1,-6.2079463,0.1239919364452362,0.8610000014305115,0.608299970626831
YLL027W,YOL104C,0,-6.208252,0.12397408485412598,0.8610000014305115,0.6083999872207642
YPR002W,YCL033C,0,-6.2083216,0.12395623326301575,0.8610000014305115,0.6085000038146973
YGL238W,YOR143C,0,-6.2083535,0.12393838912248611,0.8610000014305115,0.6086000204086304
YJR050W,YHR197W,0,-6.2084413,0.12392055243253708,0.8610000014305115,0.6086999773979187
YDR023W,YBR294W,0,-6.208472,0.12390272319316864,0.8610000014305115,0.6087999939918518
YJL095W,YPR107C,0,-6.2085567,0.1238848939538002,0.8610000014305115,0.6089000105857849
YNL042W,YAL001C,0,-6.208781,0.12386707216501236,0.8610000014305115,0.609000027179718
YNL090W,YOL072W,0,-6.2088223,0.12384925037622452,0.8610000014305115,0.6090999841690063
YOL108C,YDR293C,0,-6.20886,0.12383143603801727,0.8610000014305115,0.6092000007629395
YPL217C,YKL213C,0,-6.209026,0.12381362915039062,0.8610000014305115,0.6093000173568726
YER149C,YER117W,0,-6.2091203,0.12379582971334457,0.8610000014305115,0.6093999743461609
YER171W,YER148W,0,-6.209121,0.12377803027629852,0.8610000014305115,0.609499990940094
YOR094W,YNL293W,1,-6.209603,0.12390398234128952,0.8619999885559082,0.609499990940094
YNL167C,YOL028C,0,-6.2096906,0.12388617545366287,0.8619999885559082,0.6096000075340271
YOR033C,YGR185C,0,-6.210257,0.12386836856603622,0.8619999885559082,0.6097000241279602
YPL018W,YGR009C,0,-6.2103767,0.12385057657957077,0.8619999885559082,0.6097999811172485
YJL204C,YLR337C,1,-6.2110286,0.1239764392375946,0.8629999756813049,0.6097999811172485
YDR072C,YOR341W,0,-6.2110877,0.12395863234996796,0.8629999756813049,0.6098999977111816
YNL267W,YDR280W,0,-6.21112,0.1239408329129219,0.8629999756813049,0.6100000143051147
YNR072W,YGL018C,0,-6.211672,0.12392303347587585,0.8629999756813049,0.6100999712944031
YNL099C,YDR243C,0,-6.2117105,0.1239052414894104,0.8629999756813049,0.6101999878883362
YOL104C,YNL202W,0,-6.2121396,0.12388745695352554,0.8629999756813049,0.6103000044822693
YOR346W,YAL016W,0,-6.212198,0.12386967241764069,0.8629999756813049,0.6104000210762024
YHR086W,YPR031W,0,-6.212255,0.12385189533233643,0.8629999756813049,0.6104999780654907
YHR204W,YDL055C,0,-6.2124553,0.12383412569761276,0.8629999756813049,0.6105999946594238
YMR001C,YIL160C,0,-6.21248,0.1238163560628891,0.8629999756813049,0.6107000112533569
YBL075C,YBR183W,0,-6.2125325,0.12379859387874603,0.8629999756813049,0.61080002784729
YIL154C,YOR305W,0,-6.212648,0.12378083914518356,0.8629999756813049,0.6108999848365784
YBR243C,YGR006W,0,-6.212697,0.1237630844116211,0.8629999756813049,0.6110000014305115
YEL069C,YGR085C,0,-6.212724,0.12374533712863922,0.8629999756813049,0.6111000180244446
YDL003W,YKL141W,0,-6.2127967,0.12372759729623795,0.8629999756813049,0.6111999750137329
YPR120C,YLR130C,0,-6.2130284,0.12370986491441727,0.8629999756813049,0.611299991607666
YML067C,YPR112C,0,-6.213038,0.12369213253259659,0.8629999756813049,0.6114000082015991
YER117W,YOR140W,0,-6.2130384,0.1236744076013565,0.8629999756813049,0.6115000247955322
YLR288C,YAL015C,0,-6.213099,0.12365668267011642,0.8629999756813049,0.6115999817848206
YNL206C,YGR059W,0,-6.2133994,0.12363896518945694,0.8629999756813049,0.6116999983787537
YPR046W,YPR054W,0,-6.2137895,0.12362125515937805,0.8629999756813049,0.6118000149726868
YDL083C,YLR033W,0,-6.214377,0.12360355257987976,0.8629999756813049,0.6118999719619751
YDL039C,YNL201C,0,-6.214483,0.12358585000038147,0.8629999756813049,0.6119999885559082
YDL174C,YPL095C,0,-6.214557,0.12356815487146378,0.8629999756813049,0.6121000051498413
YHR034C,YEL060C,0,-6.2146773,0.12355046719312668,0.8629999756813049,0.6122000217437744
YOR113W,YPL101W,0,-6.2147884,0.12353277951478958,0.8629999756813049,0.6122999787330627
YML126C,YHR096C,0,-6.215362,0.12351509928703308,0.8629999756813049,0.6123999953269958
YMR272C,YNR015W,0,-6.2154517,0.12349742650985718,0.8629999756813049,0.612500011920929
YPL046C,YPL146C,0,-6.2163363,0.12347975373268127,0.8629999756813049,0.6126000285148621
YMR287C,YDL064W,0,-6.21635,0.12346208840608597,0.8629999756813049,0.6126999855041504
YGR218W,YGR179C,0,-6.216354,0.12344443053007126,0.8629999756813049,0.6128000020980835
YMR234W,YHL007C,0,-6.21707,0.12342677265405655,0.8629999756813049,0.6129000186920166
YMR011W,YPR016C,0,-6.217074,0.12340912222862244,0.8629999756813049,0.6129999756813049
YBR172C,YDL077C,0,-6.2177734,0.12339147925376892,0.8629999756813049,0.613099992275238
YDR004W,YML097C,0,-6.217937,0.1233738362789154,0.8629999756813049,0.6132000088691711
YEL063C,YPL175W,0,-6.2179513,0.12335620075464249,0.8629999756813049,0.6133000254631042
YGL020C,YDR389W,0,-6.2182965,0.12333857268095016,0.8629999756813049,0.6133999824523926
YMR001C,YGL005C,0,-6.218338,0.12332095205783844,0.8629999756813049,0.6134999990463257
YBR260C,YDL098C,0,-6.2183623,0.12330333143472672,0.8629999756813049,0.6136000156402588
YNL334C,YOR143C,0,-6.218385,0.12328571081161499,0.8629999756813049,0.6136999726295471
YHL025W,YJR009C,0,-6.2184153,0.12326810508966446,0.8629999756813049,0.6137999892234802
YIL019W,YGL049C,0,-6.21955,0.12325049936771393,0.8629999756813049,0.6139000058174133
YBR155W,YKL001C,0,-6.219615,0.123232901096344,0.8629999756813049,0.6140000224113464
YOL009C,YJR143C,0,-6.220008,0.12321530282497406,0.8629999756813049,0.6140999794006348
YMR128W,YGR111W,0,-6.220212,0.12319771945476532,0.8629999756813049,0.6141999959945679
YDL155W,YMR266W,0,-6.2204885,0.12318012863397598,0.8629999756813049,0.614300012588501
YDR447C,YOR054C,0,-6.2207074,0.12316255271434784,0.8629999756813049,0.6144000291824341
YJR093C,YDR527W,0,-6.221128,0.1231449767947197,0.8629999756813049,0.6144999861717224
YDR335W,YHR172W,0,-6.2214856,0.12312740832567215,0.8629999756813049,0.6146000027656555
YDR427W,YNL247W,0,-6.2217917,0.1231098398566246,0.8629999756813049,0.6147000193595886
YNL230C,YBL026W,0,-6.221804,0.12309228628873825,0.8629999756813049,0.614799976348877
YJR093C,YIL125W,0,-6.2218904,0.1230747327208519,0.8629999756813049,0.6148999929428101
YGR041W,YGL169W,0,-6.2222643,0.12305717915296555,0.8629999756813049,0.6150000095367432
YGL238W,YDL101C,0,-6.2224016,0.12303963303565979,0.8629999756813049,0.6151000261306763
YKL004W,YIL031W,0,-6.2225575,0.12302209436893463,0.8629999756813049,0.6151999831199646
YPL018W,YLR386W,0,-6.222832,0.12300456315279007,0.8629999756813049,0.6152999997138977
YBL057C,YOR295W,0,-6.2234473,0.12298703193664551,0.8629999756813049,0.6154000163078308
YJL052W,YHR020W,0,-6.223475,0.12296950817108154,0.8629999756813049,0.6154999732971191
YCL016C,YMR143W,0,-6.2248397,0.12295198440551758,0.8629999756813049,0.6155999898910522
YER073W,YDR076W,0,-6.2248845,0.12293447554111481,0.8629999756813049,0.6157000064849854
YBR073W,YLR150W,0,-6.2249374,0.12291696667671204,0.8629999756813049,0.6158000230789185
YFR028C,YJL179W,0,-6.225062,0.12289945781230927,0.8629999756813049,0.6158999800682068
YLR246W,YNL339C,0,-6.2253065,0.12288195639848709,0.8629999756813049,0.6159999966621399
YGR041W,YNL214W,0,-6.22564,0.12286446243524551,0.8629999756813049,0.616100013256073
YBR015C,YGR274C,0,-6.2258697,0.12284697592258453,0.8629999756813049,0.6161999702453613
YKL004W,YOR038C,0,-6.2263465,0.12282948940992355,0.8629999756813049,0.6162999868392944
YDL245C,YPR162C,0,-6.226513,0.12281201034784317,0.8629999756813049,0.6164000034332275
YNL130C,YCL040W,0,-6.2267427,0.12279453873634338,0.8629999756813049,0.6165000200271606
YER110C,YFL038C,0,-6.2269163,0.1227770671248436,0.8629999756813049,0.616599977016449
YIR025W,YDR075W,0,-6.2269726,0.12275960296392441,0.8629999756813049,0.6166999936103821
YGL075C,YKL170W,0,-6.2277837,0.12274213880300522,0.8629999756813049,0.6168000102043152
YMR237W,YHR139C,0,-6.22787,0.12272468954324722,0.8629999756813049,0.6169000267982483
YNL065W,YGL105W,0,-6.2280216,0.12270724028348923,0.8629999756813049,0.6169999837875366
YJL170C,YNR067C,0,-6.2280893,0.12268979102373123,0.8629999756813049,0.6171000003814697
YLR355C,YJL045W,0,-6.2284083,0.12267234921455383,0.8629999756813049,0.6172000169754028
YER022W,YGR094W,0,-6.2286716,0.12265491485595703,0.8629999756813049,0.6172999739646912
YKL021C,YDL200C,0,-6.2287393,0.12263748794794083,0.8629999756813049,0.6173999905586243
YNR015W,YDR485C,0,-6.2289042,0.12262006103992462,0.8629999756813049,0.6175000071525574
YJL014W,YPL112C,0,-6.2289987,0.12260264158248901,0.8629999756813049,0.6176000237464905
YGR014W,YER019C-A,0,-6.229154,0.122585229575634,0.8629999756813049,0.6176999807357788
YNR001C,YMR229C,0,-6.2295003,0.12256781756877899,0.8629999756813049,0.6177999973297119
YBR286W,YPL126W,0,-6.229509,0.12255041301250458,0.8629999756813049,0.617900013923645
YPR082C,YJL134W,0,-6.22953,0.12253300845623016,0.8629999756813049,0.6179999709129333
YLR167W,YGL104C,0,-6.2296925,0.12251561880111694,0.8629999756813049,0.6180999875068665
YOR049C,YGR080W,0,-6.2299266,0.12249822914600372,0.8629999756813049,0.6182000041007996
YOL043C,YPR016C,0,-6.230087,0.1224808394908905,0.8629999756813049,0.6183000206947327
YMR128W,YLR238W,0,-6.230496,0.12246345728635788,0.8629999756813049,0.618399977684021
YGR245C,YPL128C,0,-6.2309155,0.12244608253240585,0.8629999756813049,0.6184999942779541
YBR066C,YPL123C,0,-6.231012,0.12242871522903442,0.8629999756813049,0.6186000108718872
YBL088C,YLR249W,0,-6.2311254,0.122411347925663,0.8629999756813049,0.6187000274658203
YGL155W,YPL232W,0,-6.231353,0.12239398807287216,0.8629999756813049,0.6187999844551086
YMR292W,YPL193W,0,-6.2317915,0.12237662822008133,0.8629999756813049,0.6189000010490417
YMR285C,YLR200W,0,-6.2318673,0.12235928326845169,0.8629999756813049,0.6190000176429749
YDL165W,YKL188C,0,-6.2321944,0.12234193086624146,0.8629999756813049,0.6190999746322632
YGL021W,YMR156C,0,-6.2322245,0.12232459336519241,0.8629999756813049,0.6191999912261963
YMR038C,YOR144C,0,-6.2324934,0.12230725586414337,0.8629999756813049,0.6193000078201294
YER015W,YLR138W,0,-6.2327046,0.12228992581367493,0.8629999756813049,0.6194000244140625
YDL088C,YFL025C,0,-6.2328577,0.12227259576320648,0.8629999756813049,0.6194999814033508
YKR001C,YNL093W,1,-6.23292,0.12239693850278854,0.8640000224113464,0.6194999814033508
YKL021C,YOR347C,0,-6.233067,0.1223796010017395,0.8640000224113464,0.6195999979972839
YPR073C,YOL135C,0,-6.233541,0.12236227095127106,0.8640000224113464,0.619700014591217
YNR027W,YNR032C-A,0,-6.23364,0.12234494835138321,0.8640000224113464,0.6197999715805054
YEL069C,YEL020W-A,0,-6.234018,0.12232762575149536,0.8640000224113464,0.6198999881744385
YPL119C,YMR227C,0,-6.234548,0.12231030315160751,0.8640000224113464,0.6200000047683716
YJR055W,YKL058W,0,-6.2345815,0.12229299545288086,0.8640000224113464,0.6201000213623047
YNL278W,YLR238W,0,-6.2347975,0.1222756877541542,0.8640000224113464,0.620199978351593
YIL034C,YMR127C,0,-6.234981,0.12225838750600815,0.8640000224113464,0.6202999949455261
YMR199W,YDR365C,0,-6.235061,0.12224108725786209,0.8640000224113464,0.6204000115394592
YOR211C,YMR231W,0,-6.235373,0.12222379446029663,0.8640000224113464,0.6205000281333923
YKL012W,YDR322C-A,0,-6.235495,0.12220650911331177,0.8640000224113464,0.6205999851226807
YLR324W,YHR075C,0,-6.2363825,0.1221892237663269,0.8640000224113464,0.6207000017166138
YML008C,YOR361C,0,-6.2365966,0.12217194586992264,0.8640000224113464,0.6208000183105469
YLR007W,YBL106C,0,-6.237491,0.12215467542409897,0.8640000224113464,0.6208999752998352
YLR158C,YPL231W,0,-6.2377057,0.1221374049782753,0.8640000224113464,0.6209999918937683
YGR145W,YOR307C,0,-6.237824,0.12212014198303223,0.8640000224113464,0.6211000084877014
YOL027C,YKL154W,0,-6.23783,0.12210288643836975,0.8640000224113464,0.6212000250816345
YPR030W,YLR342W,1,-6.2378316,0.12222693115472794,0.8650000095367432,0.6212000250816345
YGR249W,YOR068C,0,-6.2380185,0.12220966070890427,0.8650000095367432,0.6212999820709229
YPL121C,YNL072W,0,-6.2386928,0.1221923977136612,0.8650000095367432,0.621399998664856
YER179W,YGR006W,0,-6.239225,0.12217514216899872,0.8650000095367432,0.6215000152587891
YER127W,YJR144W,0,-6.239326,0.12215788662433624,0.8650000095367432,0.6215999722480774
YHR158C,YOL061W,0,-6.2404566,0.12214063853025436,0.8650000095367432,0.6216999888420105
YIL070C,YNL222W,0,-6.240643,0.12212339043617249,0.8650000095367432,0.6218000054359436
YOR224C,YBR250W,0,-6.240643,0.1221061572432518,0.8650000095367432,0.6219000220298767
YJR137C,YDR150W,0,-6.2406616,0.12208891659975052,0.8650000095367432,0.621999979019165
YNL159C,YNR056C,0,-6.240849,0.12207169085741043,0.8650000095367432,0.6220999956130981
YCR086W,YJR009C,0,-6.2408605,0.12205446511507034,0.8650000095367432,0.6222000122070312
YIR028W,YBR256C,0,-6.2409987,0.12203724682331085,0.8650000095367432,0.6223000288009644
YIL147C,YDR247W,0,-6.241037,0.12202002853155136,0.8650000095367432,0.6223999857902527
YGR041W,YMR273C,0,-6.241148,0.12200281769037247,0.8650000095367432,0.6225000023841858
YLR430W,YOL148C,0,-6.241415,0.12198561429977417,0.8650000095367432,0.6226000189781189
YPR057W,YDR512C,0,-6.2425447,0.12196841835975647,0.8650000095367432,0.6226999759674072
YPL046C,YDR138W,0,-6.242616,0.12195122241973877,0.8650000095367432,0.6227999925613403
YJR069C,YLR382C,0,-6.24305,0.12193402647972107,0.8650000095367432,0.6229000091552734
YGL021W,YOR127W,0,-6.2431407,0.12191684544086456,0.8650000095367432,0.6230000257492065
YPL193W,YJR066W,0,-6.2435617,0.12189966440200806,0.8650000095367432,0.6230999827384949
YDL069C,YDR331W,0,-6.244612,0.12188248336315155,0.8650000095367432,0.623199999332428
YNL129W,YML021C,0,-6.244972,0.12186531722545624,0.8650000095367432,0.6233000159263611
YMR211W,YJR033C,0,-6.245261,0.12184815108776093,0.8650000095367432,0.6233999729156494
YLL018C-A,YOR038C,0,-6.2455983,0.12183098495006561,0.8650000095367432,0.6234999895095825
YGR161C,YPR054W,0,-6.245811,0.1218138262629509,0.8650000095367432,0.6236000061035156
YJR078W,YMR044W,0,-6.2459664,0.12179667502641678,0.8650000095367432,0.6237000226974487
YDR264C,YKL203C,1,-6.2460628,0.12192031741142273,0.8659999966621399,0.6237000226974487
YMR277W,YDR247W,0,-6.246363,0.12190315127372742,0.8659999966621399,0.6237999796867371
YOL145C,YPL130W,0,-6.2464967,0.1218859925866127,0.8659999966621399,0.6238999962806702
YFL034C-B,YNL304W,0,-6.2466235,0.12186884135007858,0.8659999966621399,0.6240000128746033
YJR089W,YLR066W,0,-6.246672,0.12185169756412506,0.8659999966621399,0.6241000294685364
YLR186W,YLR427W,0,-6.247472,0.12183455377817154,0.8659999966621399,0.6241999864578247
YEL020W-A,YLR130C,0,-6.2478805,0.12181741744279861,0.8659999966621399,0.6243000030517578
YDL095W,YDL060W,0,-6.247927,0.12180028110742569,0.8659999966621399,0.6244000196456909
YCR042C,YJR009C,0,-6.247949,0.12178315222263336,0.8659999966621399,0.6244999766349792
YJL209W,YGL200C,0,-6.248022,0.12176603078842163,0.8659999966621399,0.6245999932289124
YPR030W,YDR093W,1,-6.248055,0.12188950181007385,0.8669999837875366,0.6245999932289124
YMR092C,YMR199W,0,-6.2484,0.12187236547470093,0.8669999837875366,0.6247000098228455
YOR307C,YPL065W,0,-6.2487206,0.1218552365899086,0.8669999837875366,0.6248000264167786
YHR082C,YDR192C,0,-6.2487693,0.12183810770511627,0.8669999837875366,0.6248999834060669
YKL220C,YGR014W,0,-6.2489724,0.12182099372148514,0.8669999837875366,0.625
YMR280C,YKL113C,0,-6.249122,0.121803879737854,0.8669999837875366,0.6251000165939331
YML067C,YJR042W,0,-6.2491293,0.12178676575422287,0.8669999837875366,0.6251999735832214
YGL020C,YER075C,0,-6.249272,0.12176965922117233,0.8669999837875366,0.6252999901771545
YIL037C,YPL092W,0,-6.249313,0.12175256013870239,0.8669999837875366,0.6254000067710876
YBR066C,YHR165C,0,-6.2495203,0.12173546850681305,0.8669999837875366,0.6255000233650208
YPL159C,YPR016C,0,-6.2496085,0.1217183768749237,0.8669999837875366,0.6255999803543091
YMR065W,YLR132C,0,-6.2497296,0.12170129269361496,0.8669999837875366,0.6256999969482422
YJR132W,YER021W,0,-6.249757,0.12168420851230621,0.8669999837875366,0.6258000135421753
YPR094W,YOR313C,0,-6.249883,0.12166713178157806,0.8669999837875366,0.6258999705314636
YAL024C,YAL047C,0,-6.2500157,0.12165006250143051,0.8669999837875366,0.6259999871253967
YBR020W,YBR186W,0,-6.25017,0.12163299322128296,0.8669999837875366,0.6261000037193298
YIR021W,YDR532C,0,-6.250513,0.121615931391716,0.8669999837875366,0.6262000203132629
YJL073W,YLR132C,0,-6.2507334,0.12159887701272964,0.8669999837875366,0.6262999773025513
YNR019W,YDR038C,0,-6.250781,0.12158182263374329,0.8669999837875366,0.6263999938964844
YHR023W,YNL167C,0,-6.250901,0.12156477570533752,0.8669999837875366,0.6265000104904175
YHR074W,YNL070W,0,-6.251093,0.12154773622751236,0.8669999837875366,0.6266000270843506
YNL026W,YIL031W,0,-6.2519116,0.1215306967496872,0.8669999837875366,0.6266999840736389
YJL186W,YKL122C,0,-6.2519665,0.12151366472244263,0.8669999837875366,0.626800000667572
YGL037C,YPR095C,0,-6.2520485,0.12149664014577866,0.8669999837875366,0.6269000172615051
YMR299C,YPL122C,0,-6.2523384,0.12147961556911469,0.8669999837875366,0.6269999742507935
YJR135C,YLR208W,0,-6.2523913,0.12146259099245071,0.8669999837875366,0.6270999908447266
YOR288C,YHR072W-A,0,-6.252449,0.12144558131694794,0.8669999837875366,0.6272000074386597
YER083C,YIR019C,0,-6.252482,0.12142857164144516,0.8669999837875366,0.6273000240325928
YCL051W,YIL123W,0,-6.2528787,0.12141156941652298,0.8669999837875366,0.6273999810218811
YPR021C,YML067C,0,-6.2529683,0.1213945671916008,0.8669999837875366,0.6274999976158142
YBR072W,YDR314C,0,-6.2530074,0.12137757241725922,0.8669999837875366,0.6276000142097473
YDL047W,YDL159W,0,-6.2531714,0.12136058509349823,0.8669999837875366,0.6276999711990356
YPL170W,YGL222C,0,-6.253216,0.12134359776973724,0.8669999837875366,0.6277999877929688
YNL123W,YKL043W,0,-6.253321,0.12132661789655685,0.8669999837875366,0.6279000043869019
YLR138W,YPL210C,0,-6.253443,0.12130963802337646,0.8669999837875366,0.628000020980835
YPL043W,YGR091W,0,-6.254142,0.12129266560077667,0.8669999837875366,0.6280999779701233
YKL073W,YGL075C,0,-6.2541456,0.12127570062875748,0.8669999837875366,0.6281999945640564
YNR043W,YGR185C,0,-6.254153,0.12125874310731888,0.8669999837875366,0.6283000111579895
YBR020W,YDR416W,0,-6.254388,0.12124178558588028,0.8669999837875366,0.6284000277519226
YPL196W,YDR030C,0,-6.2544656,0.12122483551502228,0.8669999837875366,0.6284999847412109
YER146W,YFR030W,0,-6.2545557,0.12120788544416428,0.8669999837875366,0.628600001335144
YOL040C,YML109W,0,-6.2545786,0.12119094282388687,0.8669999837875366,0.6287000179290771
YGL256W,YDL220C,0,-6.254818,0.12117400765419006,0.8669999837875366,0.6287999749183655
YKR055W,YPL283C,0,-6.255346,0.12115707248449326,0.8669999837875366,0.6288999915122986
YNL101W,YGL116W,0,-6.255506,0.12114014476537704,0.8669999837875366,0.6290000081062317
YNL039W,YML040W,0,-6.2557178,0.12112321704626083,0.8669999837875366,0.6291000247001648
YDR404C,YEL004W,0,-6.2559524,0.12110629677772522,0.8669999837875366,0.6291999816894531
YBR034C,YEL051W,0,-6.2565284,0.1210893839597702,0.8669999837875366,0.6292999982833862
YIL013C,YBL061C,0,-6.257073,0.12107247859239578,0.8669999837875366,0.6294000148773193
YMR012W,YML080W,0,-6.2571855,0.12105557322502136,0.8669999837875366,0.6294999718666077
YDR179C,YLL040C,0,-6.2576756,0.12103866785764694,0.8669999837875366,0.6295999884605408
YIL105C,YFL002C,0,-6.257734,0.12102177739143372,0.8669999837875366,0.6297000050544739
YLR081W,YOR266W,0,-6.258462,0.12100488692522049,0.8669999837875366,0.629800021648407
YOR180C,YDL198C,0,-6.258492,0.12098799645900726,0.8669999837875366,0.6298999786376953
YDL014W,YOR159C,0,-6.258656,0.12097112089395523,0.8669999837875366,0.6299999952316284
YGL209W,YIL143C,0,-6.2588897,0.1209542378783226,0.8669999837875366,0.6301000118255615
YOR351C,YNL088W,0,-6.259,0.12093736976385117,0.8669999837875366,0.6302000284194946
YGL065C,YKR034W,0,-6.25934,0.12092050164937973,0.8669999837875366,0.630299985408783
YDR425W,YNL309W,0,-6.259376,0.12090364098548889,0.8669999837875366,0.6304000020027161
YLR154C,YBR258C,0,-6.259915,0.12088678032159805,0.8669999837875366,0.6305000185966492
YKL150W,YHR196W,0,-6.2600064,0.12086992710828781,0.8669999837875366,0.6305999755859375
YPL021W,YDL128W,0,-6.2600183,0.12085308134555817,0.8669999837875366,0.6306999921798706
YDR343C,YER129W,0,-6.2602487,0.12083623558282852,0.8669999837875366,0.6308000087738037
YIL112W,YIL061C,0,-6.260293,0.12081939727067947,0.8669999837875366,0.6309000253677368
YDR423C,YMR290C,0,-6.260295,0.12080256640911102,0.8669999837875366,0.6309999823570251
YPL275W,YDR247W,0,-6.260552,0.12078573554754257,0.8669999837875366,0.6310999989509583
YGL168W,YDR143C,0,-6.2605815,0.12076891213655472,0.8669999837875366,0.6312000155448914
YBR068C,YJR112W,0,-6.261357,0.12075208872556686,0.8669999837875366,0.6312999725341797
YML051W,YLR022C,0,-6.261563,0.1207352727651596,0.8669999837875366,0.6313999891281128
YMR033W,YMR173W,0,-6.261564,0.12071846425533295,0.8669999837875366,0.6315000057220459
YAL013W,YBR017C,0,-6.2619104,0.12070165574550629,0.8669999837875366,0.631600022315979
YDR297W,YGR024C,0,-6.2620025,0.12068485468626022,0.8669999837875366,0.6316999793052673
YKR061W,YKR025W,0,-6.2621255,0.12066806107759476,0.8669999837875366,0.6317999958992004
YNL065W,YGL243W,0,-6.2624326,0.12065126746892929,0.8669999837875366,0.6319000124931335
YDR281C,YBR165W,0,-6.2625356,0.12063448131084442,0.8669999837875366,0.6320000290870667
YOR171C,YGR195W,0,-6.2627563,0.12061769515275955,0.8669999837875366,0.632099986076355
YKL021C,YEL032W,0,-6.263469,0.12060091644525528,0.8669999837875366,0.6322000026702881
YDR038C,YER161C,0,-6.2636304,0.1205841451883316,0.8669999837875366,0.6323000192642212
YNL274C,YBR143C,0,-6.2636695,0.12056737393140793,0.8669999837875366,0.6323999762535095
YOR239W,YLR264W,0,-6.263883,0.12055061012506485,0.8669999837875366,0.6324999928474426
YGL038C,YFL058W,0,-6.2640777,0.12053385376930237,0.8669999837875366,0.6326000094413757
YGL045W,YPL032C,1,-6.2643056,0.1206561028957367,0.8679999709129333,0.6326000094413757
YJR050W,YNL304W,0,-6.264401,0.12063933163881302,0.8679999709129333,0.6327000260353088
YDR501W,YBR198C,0,-6.264734,0.12062256783246994,0.8679999709129333,0.6327999830245972
YDL051W,YLR417W,0,-6.2648563,0.12060581147670746,0.8679999709129333,0.6328999996185303
YLR264W,YFL017W-A,0,-6.264875,0.12058905512094498,0.8679999709129333,0.6330000162124634
YER015W,YFR001W,0,-6.264934,0.1205722987651825,0.8679999709129333,0.6330999732017517
YGL136C,YOR301W,0,-6.265059,0.12055555731058121,0.8679999709129333,0.6331999897956848
YLR085C,YDR046C,0,-6.2652736,0.12053881585597992,0.8679999709129333,0.6333000063896179
YDR030C,YLR126C,0,-6.265499,0.12052207440137863,0.8679999709129333,0.633400022983551
YGL029W,YMR276W,0,-6.2656956,0.12050534784793854,0.8679999709129333,0.6334999799728394
YLL022C,YDR143C,0,-6.2657714,0.12048861384391785,0.8679999709129333,0.6335999965667725
YHR118C,YDR463W,0,-6.266538,0.12047189474105835,0.8679999709129333,0.6337000131607056
YDR358W,YNL247W,0,-6.2666306,0.12045517563819885,0.8679999709129333,0.6338000297546387
YKL201C,YNL032W,0,-6.2668176,0.12043846398591995,0.8679999709129333,0.633899986743927
YGR028W,YAL047C,0,-6.267137,0.12042175233364105,0.8679999709129333,0.6340000033378601
YBR260C,YGR072W,0,-6.2677693,0.12040504813194275,0.8679999709129333,0.6341000199317932
YDL220C,YGL053W,0,-6.267799,0.12038835138082504,0.8679999709129333,0.6341999769210815
YKL185W,YIL026C,0,-6.268062,0.12037165462970734,0.8679999709129333,0.6342999935150146
YGR140W,YOL001W,0,-6.268275,0.12035496532917023,0.8679999709129333,0.6344000101089478
YMR163C,YJR073C,0,-6.268411,0.12033827602863312,0.8679999709129333,0.6345000267028809
YMR065W,YOR359W,0,-6.2684975,0.1203215941786766,0.8679999709129333,0.6345999836921692
YGR256W,YER087C-A,0,-6.268705,0.12030491977930069,0.8679999709129333,0.6347000002861023
YNL065W,YDR181C,0,-6.2691784,0.12028824537992477,0.8679999709129333,0.6348000168800354
YDR099W,YKL029C,0,-6.269434,0.12027157843112946,0.8679999709129333,0.6348999738693237
YHR068W,YKL212W,0,-6.2696376,0.12025491893291473,0.8679999709129333,0.6349999904632568
YFL013C,YKL212W,0,-6.2697062,0.12023825943470001,0.8679999709129333,0.6351000070571899
YLR324W,YAR009C,0,-6.270045,0.12022160738706589,0.8679999709129333,0.635200023651123
YER168C,YOR033C,0,-6.2704234,0.12020495533943176,0.8679999709129333,0.6352999806404114
YIL037C,YGL126W,0,-6.2705445,0.12018831074237823,0.8679999709129333,0.6353999972343445
YPL177C,YER038C,0,-6.270972,0.1201716735959053,0.8679999709129333,0.6355000138282776
YFL055W,YGL162W,0,-6.2713656,0.12015503644943237,0.8679999709129333,0.6355999708175659
YKL005C,YER117W,0,-6.2718835,0.12013840675354004,0.8679999709129333,0.635699987411499
YPR057W,YPL129W,0,-6.2719903,0.1201217845082283,0.8679999709129333,0.6358000040054321
YAL053W,YGL016W,0,-6.272048,0.12010516226291656,0.8679999709129333,0.6359000205993652
YFR013W,YPR143W,0,-6.2721457,0.12008854746818542,0.8679999709129333,0.6359999775886536
YML099C,YJL095W,0,-6.272392,0.12007193267345428,0.8679999709129333,0.6360999941825867
YJR055W,YGL087C,0,-6.2730975,0.12005532532930374,0.8679999709129333,0.6362000107765198
YHR073W,YLR240W,1,-6.27346,0.1201770156621933,0.8690000176429749,0.6362000107765198
YJR137C,YJR086W,0,-6.2735877,0.12016040086746216,0.8690000176429749,0.6363000273704529
YIL016W,YDL224C,0,-6.273721,0.12014378607273102,0.8690000176429749,0.6363999843597412
YLL019C,YMR023C,0,-6.2737894,0.12012717872858047,0.8690000176429749,0.6365000009536743
YKL092C,YLR226W,0,-6.2742763,0.12011057138442993,0.8690000176429749,0.6366000175476074
YDL013W,YNL236W,0,-6.274489,0.12009397149085999,0.8690000176429749,0.6366999745368958
YNL271C,YDR397C,0,-6.274787,0.12007737904787064,0.8690000176429749,0.6367999911308289
YLR033W,YPR163C,0,-6.274925,0.12006078660488129,0.8690000176429749,0.636900007724762
YMR290C,YPL144W,0,-6.275262,0.12004420161247253,0.8690000176429749,0.6370000243186951
YAL059W,YLR084C,0,-6.275463,0.12002762407064438,0.8690000176429749,0.6370999813079834
YIL009W,YOL002C,0,-6.2756343,0.12001104652881622,0.8690000176429749,0.6371999979019165
YFL048C,YIL061C,0,-6.275691,0.11999447643756866,0.8690000176429749,0.6373000144958496
YGR262C,YKL057C,0,-6.2757607,0.1199779063463211,0.8690000176429749,0.6373999714851379
YPL123C,YBR152W,0,-6.2757735,0.11996134370565414,0.8690000176429749,0.637499988079071
YCL051W,YHR124W,0,-6.2758317,0.11994478851556778,0.8690000176429749,0.6376000046730042
YJR055W,YDR025W,0,-6.2763543,0.11992823332548141,0.8690000176429749,0.6377000212669373
YER044C-A,YLR092W,0,-6.276651,0.11991168558597565,0.8690000176429749,0.6377999782562256
YGR140W,YFR005C,0,-6.2768908,0.11989514529705048,0.8690000176429749,0.6378999948501587
YDR284C,YLR116W,0,-6.2780027,0.1198786050081253,0.8690000176429749,0.6380000114440918
YAR018C,YLR427W,0,-6.2786574,0.11986207216978073,0.8690000176429749,0.6381000280380249
YBR020W,YMR177W,0,-6.2787333,0.11984553933143616,0.8690000176429749,0.6381999850273132
YLR233C,YLR256W,0,-6.278832,0.11982901394367218,0.8690000176429749,0.6383000016212463
YDR243C,YBR130C,0,-6.2790647,0.1198124885559082,0.8690000176429749,0.6384000182151794
YBL085W,YGL049C,0,-6.279075,0.11979597806930542,0.8690000176429749,0.6384999752044678
YBR167C,YMR218C,0,-6.2792835,0.11977946013212204,0.8690000176429749,0.6385999917984009
YDR076W,YLR010C,0,-6.2794166,0.11976295709609985,0.8690000176429749,0.638700008392334
YDR046C,YAL011W,0,-6.2798166,0.11974645406007767,0.8690000176429749,0.6388000249862671
YOL040C,YIL056W,0,-6.2799506,0.11972995102405548,0.8690000176429749,0.6388999819755554
YLL026W,YDR281C,0,-6.2801404,0.11971345543861389,0.8690000176429749,0.6389999985694885
YPL048W,YOL076W,0,-6.2801766,0.1196969673037529,0.8690000176429749,0.6391000151634216
YKR090W,YPL176C,0,-6.2807636,0.1196804866194725,0.8690000176429749,0.63919997215271
YML065W,YNL339C,0,-6.2808256,0.11966400593519211,0.8690000176429749,0.6392999887466431
YPR057W,YGR057C,0,-6.280848,0.11964752525091171,0.8690000176429749,0.6394000053405762
YMR199W,YOL054W,0,-6.2809315,0.11963105946779251,0.8690000176429749,0.6395000219345093
YDL097C,YKL095W,0,-6.2810736,0.11961459368467331,0.8690000176429749,0.6395999789237976
YEL016C,YKL079W,0,-6.2811337,0.11959812790155411,0.8690000176429749,0.6396999955177307
YOR033C,YPL131W,0,-6.2814612,0.1195816695690155,0.8690000176429749,0.6398000121116638
YPL170W,YDR330W,0,-6.2817426,0.1195652186870575,0.8690000176429749,0.6399000287055969
YMR032W,YML049C,0,-6.281982,0.11954876780509949,0.8690000176429749,0.6399999856948853
YGL027C,YIR023W,0,-6.2822194,0.11953232437372208,0.8690000176429749,0.6401000022888184
YBR091C,YDR166C,0,-6.2826624,0.11951588839292526,0.8690000176429749,0.6402000188827515
YBL084C,YGL112C,0,-6.282727,0.11949945241212845,0.8690000176429749,0.6402999758720398
YER017C,YBR159W,0,-6.2827563,0.11948301643133163,0.8690000176429749,0.6403999924659729
YCR082W,YMR288W,0,-6.28285,0.11946659535169601,0.8690000176429749,0.640500009059906
YNR038W,YLR066W,0,-6.282945,0.1194501742720604,0.8690000176429749,0.6406000256538391
YGR218W,YIR005W,0,-6.2835712,0.11943375319242477,0.8690000176429749,0.6406999826431274
YDR397C,YJL025W,0,-6.2837777,0.11941733956336975,0.8690000176429749,0.6407999992370605
YER118C,YGR270W,0,-6.2844844,0.11940093338489532,0.8690000176429749,0.6409000158309937
YLR186W,YER052C,0,-6.2846837,0.1193845272064209,0.8690000176429749,0.640999972820282
YER062C,YPL011C,0,-6.285093,0.11936812847852707,0.8690000176429749,0.6410999894142151
YNR044W,YGR072W,0,-6.2855744,0.11935173720121384,0.8690000176429749,0.6412000060081482
YKL190W,YBL004W,0,-6.2855916,0.1193353459239006,0.8690000176429749,0.6413000226020813
YBL082C,YPR046W,0,-6.2855935,0.11931896209716797,0.8690000176429749,0.6413999795913696
YOL093W,YJR044C,0,-6.2856197,0.11930257827043533,0.8690000176429749,0.6414999961853027
YKL194C,YCR020C,0,-6.285901,0.1192862018942833,0.8690000176429749,0.6416000127792358
YBR256C,YJL191W,0,-6.285943,0.11926983296871185,0.8690000176429749,0.641700029373169
YLR381W,YBL051C,0,-6.286675,0.11925346404314041,0.8690000176429749,0.6417999863624573
YOR373W,YGL227W,0,-6.286691,0.11923710256814957,0.8690000176429749,0.6419000029563904
YMR133W,YMR182C,0,-6.286953,0.11922074109315872,0.8690000176429749,0.6420000195503235
YBR026C,YBR034C,0,-6.287088,0.11920438706874847,0.8690000176429749,0.6420999765396118
YCR038C,YGL063W,0,-6.287116,0.11918804049491882,0.8690000176429749,0.6421999931335449
YNR074C,YPL149W,0,-6.287618,0.11917169392108917,0.8690000176429749,0.642300009727478
YER119C,YKL021C,0,-6.2876496,0.11915535479784012,0.8690000176429749,0.6424000263214111
YKL160W,YDL247W,0,-6.287866,0.11913901567459106,0.8690000176429749,0.6424999833106995
YCR098C,YNL037C,0,-6.287989,0.11912268400192261,0.8690000176429749,0.6425999999046326
YNR075W,YNL293W,1,-6.2882714,0.11924342066049576,0.8700000047683716,0.6425999999046326
YOR233W,YCL001W,0,-6.2884345,0.1192270815372467,0.8700000047683716,0.6427000164985657
YGR166W,YKL029C,0,-6.2885675,0.11921074241399765,0.8700000047683716,0.642799973487854
YMR216C,YKR060W,0,-6.288733,0.1191944107413292,0.8700000047683716,0.6428999900817871
YLL027W,YMR247C,0,-6.2888293,0.11917807906866074,0.8700000047683716,0.6430000066757202
YDR294C,YHR148W,0,-6.2888684,0.11916176229715347,0.8700000047683716,0.6431000232696533
YDL036C,YNL139C,0,-6.289241,0.11914543807506561,0.8700000047683716,0.6431999802589417
YDR022C,YLR010C,0,-6.28953,0.11912912130355835,0.8700000047683716,0.6432999968528748
YML081C-A,YNL332W,0,-6.289721,0.11911281198263168,0.8700000047683716,0.6434000134468079
YPR138C,YBL018C,0,-6.2897553,0.11909651011228561,0.8700000047683716,0.6434999704360962
YGR140W,YPR189W,0,-6.289797,0.11908020824193954,0.8700000047683716,0.6435999870300293
YGR097W,YJR092W,0,-6.2900968,0.11906391382217407,0.8700000047683716,0.6437000036239624
YLR047C,YKL152C,0,-6.290167,0.1190476194024086,0.8700000047683716,0.6438000202178955
YML112W,YDR121W,0,-6.29042,0.11903133243322372,0.8700000047683716,0.6438999772071838
YBL045C,YNL128W,0,-6.290655,0.11901504546403885,0.8700000047683716,0.6439999938011169
YCR098C,YNL123W,0,-6.2910266,0.11899876594543457,0.8700000047683716,0.64410001039505
YFL010W-A,YMR025W,0,-6.291209,0.11898249387741089,0.8700000047683716,0.6442000269889832
YGR217W,YNL299W,0,-6.2914114,0.11896622180938721,0.8700000047683716,0.6442999839782715
YDL036C,YGR099W,0,-6.291695,0.11894995719194412,0.8700000047683716,0.6444000005722046
YFL025C,YDR195W,0,-6.2918243,0.11893370002508163,0.8700000047683716,0.6445000171661377
YNR074C,YMR243C,0,-6.291906,0.11891744285821915,0.8700000047683716,0.644599974155426
YBR179C,YNL126W,0,-6.291906,0.11890118569135666,0.8700000047683716,0.6446999907493591
YJL042W,YML015C,0,-6.2919455,0.11888494342565536,0.8700000047683716,0.6448000073432922
YJR105W,YDR080W,0,-6.2919946,0.11886870115995407,0.8700000047683716,0.6449000239372253
YKR061W,YHR062C,0,-6.2920375,0.11885245889425278,0.8700000047683716,0.6449999809265137
YMR246W,YBR058C,0,-6.292192,0.11883622407913208,0.8700000047683716,0.6450999975204468
YOR127W,YKL193C,0,-6.292208,0.11881999671459198,0.8700000047683716,0.6452000141143799
YPL087W,YMR293C,0,-6.292324,0.11880376935005188,0.8700000047683716,0.6452999711036682
YDR448W,YGR085C,0,-6.2924676,0.11878754943609238,0.8700000047683716,0.6453999876976013
YBR177C,YIL085C,0,-6.2925944,0.11877132952213287,0.8700000047683716,0.6455000042915344
YLL009C,YPL193W,0,-6.292624,0.11875511705875397,0.8700000047683716,0.6456000208854675
YBR172C,YOL006C,0,-6.293128,0.11873891204595566,0.8700000047683716,0.6456999778747559
YLR109W,YHR169W,0,-6.2935348,0.11872270703315735,0.8700000047683716,0.645799994468689
YER109C,YDR281C,0,-6.2936788,0.11870650947093964,0.8700000047683716,0.6459000110626221
YLR438C-A,YGR013W,0,-6.29386,0.11869031190872192,0.8700000047683716,0.6460000276565552
YDL055C,YNR046W,0,-6.294,0.11867412179708481,0.8700000047683716,0.6460999846458435
YNR074C,YDL113C,0,-6.2944455,0.11865793913602829,0.8700000047683716,0.6462000012397766
YNL135C,YBR083W,0,-6.294805,0.11864175647497177,0.8700000047683716,0.6463000178337097
YJL041W,YLL003W,0,-6.29482,0.11862558126449585,0.8700000047683716,0.646399974822998
YDR342C,YML062C,0,-6.295193,0.11860940605401993,0.8700000047683716,0.6464999914169312
YGL029W,YGL067W,0,-6.295303,0.1185932382941246,0.8700000047683716,0.6466000080108643
YNR001C,YPL124W,0,-6.2960315,0.11857707798480988,0.8700000047683716,0.6467000246047974
YDR069C,YGR086C,1,-6.2964387,0.11869719624519348,0.8709999918937683,0.6467000246047974
YOR140W,YOR272W,0,-6.296482,0.11868102103471756,0.8709999918937683,0.6467999815940857
YPL211W,YNL290W,0,-6.2964892,0.11866485327482224,0.8709999918937683,0.6468999981880188
YJL122W,YLR090W,0,-6.296549,0.11864868551492691,0.8709999918937683,0.6470000147819519
YOL003C,YGL255W,0,-6.296724,0.11863252520561218,0.8709999918937683,0.6470999717712402
YDL243C,YPL129W,0,-6.2972093,0.11861637234687805,0.8709999918937683,0.6471999883651733
YOR327C,YNR047W,1,-6.297309,0.1187363862991333,0.871999979019165,0.6471999883651733
YBR167C,YGL039W,0,-6.2973113,0.11872021853923798,0.871999979019165,0.6473000049591064
YDR488C,YCR020C,0,-6.297418,0.11870405822992325,0.871999979019165,0.6474000215530396
YJL140W,YLR010C,0,-6.297588,0.11868789792060852,0.871999979019165,0.6474999785423279
YML042W,YHR200W,0,-6.297604,0.11867174506187439,0.871999979019165,0.647599995136261
YER070W,YOR014W,0,-6.297627,0.11865559965372086,0.871999979019165,0.6477000117301941
YIR009W,YHR066W,0,-6.297645,0.11863945424556732,0.871999979019165,0.6478000283241272
YKL015W,YDR312W,0,-6.2979474,0.11862331628799438,0.871999979019165,0.6478999853134155
YPL021W,YPL232W,0,-6.298009,0.11860717833042145,0.871999979019165,0.6480000019073486
YPR057W,YHL006C,0,-6.2981,0.11859104782342911,0.871999979019165,0.6481000185012817
YKL130C,YOR305W,0,-6.2982593,0.11857492476701736,0.871999979019165,0.6481999754905701
YBR247C,YNR052C,0,-6.298311,0.11855880171060562,0.871999979019165,0.6482999920845032
YCL014W,YPR162C,0,-6.2984004,0.11854268610477448,0.871999979019165,0.6484000086784363
YMR179W,YGL095C,0,-6.298437,0.11852657049894333,0.871999979019165,0.6485000252723694
YGL241W,YHL025W,0,-6.29845,0.11851046234369278,0.871999979019165,0.6485999822616577
YPL265W,YGL100W,0,-6.2991486,0.11849436163902283,0.871999979019165,0.6486999988555908
YIL085C,YBL025W,0,-6.2996325,0.11847826093435287,0.871999979019165,0.6488000154495239
YOL104C,YGL013C,0,-6.2996936,0.11846216768026352,0.871999979019165,0.6488999724388123
YDL003W,YOR069W,0,-6.299774,0.11844607442617416,0.871999979019165,0.6489999890327454
YPL133C,YDR487C,0,-6.29997,0.1184299886226654,0.871999979019165,0.6491000056266785
YLR355C,YNL075W,0,-6.300319,0.11841390281915665,0.871999979019165,0.6492000222206116
YOR233W,YCR014C,0,-6.300546,0.11839782446622849,0.871999979019165,0.6492999792098999
YER013W,YPR009W,0,-6.3007283,0.11838175356388092,0.871999979019165,0.649399995803833
YNL148C,YHL047C,0,-6.301296,0.11836568266153336,0.871999979019165,0.6495000123977661
YFL034C-B,YOL143C,0,-6.3014665,0.11834961920976639,0.871999979019165,0.6496000289916992
YBR243C,YOR244W,0,-6.3018646,0.11833356320858002,0.871999979019165,0.6496999859809875
YMR069W,YPL180W,0,-6.3020196,0.11831749975681305,0.871999979019165,0.6498000025749207
YER142C,YNL291C,0,-6.302118,0.11830145120620728,0.871999979019165,0.6499000191688538
YGL001C,YML121W,0,-6.3023534,0.1182854026556015,0.871999979019165,0.6499999761581421
YGL061C,YOR054C,0,-6.302487,0.11826936155557632,0.871999979019165,0.6500999927520752
YNL042W,YDR135C,0,-6.302525,0.11825332045555115,0.871999979019165,0.6502000093460083
YML094W,YOR305W,0,-6.3027835,0.11823728680610657,0.871999979019165,0.6503000259399414
YAL013W,YBR276C,0,-6.3030725,0.11822126060724258,0.871999979019165,0.6503999829292297
YDL231C,YNR075W,1,-6.3043017,0.11834079027175903,0.8730000257492065,0.6503999829292297
YGL021W,YMR076C,0,-6.304337,0.11832474917173386,0.8730000257492065,0.6504999995231628
YFL034C-B,YKL175W,0,-6.3045993,0.11830871552228928,0.8730000257492065,0.650600016117096
YHR160C,YOL066C,0,-6.3047414,0.1182926818728447,0.8730000257492065,0.6506999731063843
YER035W,YFL031W,0,-6.30476,0.11827665567398071,0.8730000257492065,0.6507999897003174
YMR177W,YDR495C,0,-6.305117,0.11826063692569733,0.8730000257492065,0.6509000062942505
YEL029C,YOL054W,0,-6.305177,0.11824461817741394,0.8730000257492065,0.6510000228881836
YHR079C,YHR088W,0,-6.3053417,0.11822859942913055,0.8730000257492065,0.6510999798774719
YJR112W,YLR357W,0,-6.3053465,0.11821259558200836,0.8730000257492065,0.651199996471405
YOR033C,YBR091C,0,-6.305695,0.11819659173488617,0.8730000257492065,0.6513000130653381
YGL032C,YMR319C,0,-6.3061557,0.11818058788776398,0.8730000257492065,0.6514000296592712
YNL334C,YDR330W,0,-6.306299,0.11816459149122238,0.8730000257492065,0.6514999866485596
YAR015W,YER001W,0,-6.306413,0.11814860254526138,0.8730000257492065,0.6516000032424927
YOR237W,YHR073W,1,-6.306845,0.11826793104410172,0.8740000128746033,0.6516000032424927
YFR048W,YER180C-A,0,-6.307108,0.11825192719697952,0.8740000128746033,0.6517000198364258
YDR427W,YOL093W,0,-6.307338,0.11823593080043793,0.8740000128746033,0.6517999768257141
YML067C,YMR290C,0,-6.3079658,0.11821993440389633,0.8740000128746033,0.6518999934196472
YNL097C,YOR191W,0,-6.3079815,0.11820394545793533,0.8740000128746033,0.6520000100135803
YDL142C,YMR322C,0,-6.308006,0.11818796396255493,0.8740000128746033,0.6521000266075134
YBR142W,YMR054W,0,-6.308342,0.11817198246717453,0.8740000128746033,0.6521999835968018
YEL071W,YDL015C,0,-6.3086247,0.11815600842237473,0.8740000128746033,0.6523000001907349
YEL061C,YOR115C,0,-6.308738,0.11814003437757492,0.8740000128746033,0.652400016784668
YLR210W,YFL013C,0,-6.309079,0.11812406778335571,0.8740000128746033,0.6524999737739563
YKL060C,YKL201C,0,-6.3093796,0.1181081086397171,0.8740000128746033,0.6525999903678894
YKL056C,YJL222W,0,-6.3098826,0.11809214949607849,0.8740000128746033,0.6527000069618225
YDR235W,YPL193W,0,-6.3103285,0.11807619780302048,0.8740000128746033,0.6528000235557556
YOL010W,YML114C,0,-6.310493,0.11806024610996246,0.8740000128746033,0.652899980545044
YDR085C,YPL242C,0,-6.3106494,0.11804430186748505,0.8740000128746033,0.652999997138977
YNL271C,YBR257W,0,-6.310673,0.11802835762500763,0.8740000128746033,0.6531000137329102
YAL056W,YHR152W,0,-6.3110385,0.11801242083311081,0.8740000128746033,0.6531999707221985
YIL125W,YDR325W,0,-6.311497,0.11799649149179459,0.8740000128746033,0.6532999873161316
YGL008C,YDR527W,0,-6.3125844,0.11798056215047836,0.8740000128746033,0.6534000039100647
YER065C,YOR103C,0,-6.312675,0.11796464025974274,0.8740000128746033,0.6535000205039978
YIL120W,YIL173W,0,-6.313198,0.11794871836900711,0.8740000128746033,0.6535999774932861
YER009W,YLR442C,0,-6.313266,0.11793280392885208,0.8740000128746033,0.6536999940872192
YOR346W,YAL011W,0,-6.313811,0.11791688948869705,0.8740000128746033,0.6538000106811523
YLR116W,YGR222W,0,-6.3140626,0.11790098249912262,0.8740000128746033,0.6539000272750854
YBR286W,YIR012W,0,-6.3146577,0.11788508296012878,0.8740000128746033,0.6539999842643738
YDL207W,YKL081W,0,-6.314705,0.11786918342113495,0.8740000128746033,0.6541000008583069
YIL037C,YDR279W,0,-6.3150234,0.11785329133272171,0.8740000128746033,0.65420001745224
YNR056C,YCL061C,0,-6.3154745,0.11783739924430847,0.8740000128746033,0.6542999744415283
YPR131C,YGL175C,0,-6.3157525,0.11782151460647583,0.8740000128746033,0.6543999910354614
YLR242C,YML052W,1,-6.317007,0.11794042587280273,0.875,0.6543999910354614
YNR074C,YGR218W,0,-6.317041,0.1179245263338089,0.875,0.6545000076293945
YCR002C,YMR309C,0,-6.3174877,0.11790863424539566,0.875,0.6546000242233276
YOL013C,YMR069W,0,-6.3181124,0.11789274960756302,0.875,0.654699981212616
YBR200W,YJR078W,0,-6.3184056,0.11787687242031097,0.875,0.6547999978065491
YMR033W,YGR276C,0,-6.3190727,0.11786098778247833,0.875,0.6549000144004822
YHR013C,YAL035W,0,-6.319303,0.11784511804580688,0.875,0.6549999713897705
YJR077C,YKL212W,0,-6.3195586,0.11782924830913544,0.875,0.6550999879837036
YNL221C,YHR050W,0,-6.3196473,0.11781338602304459,0.875,0.6552000045776367
YJL214W,YFR031C,0,-6.319733,0.11779752373695374,0.875,0.6553000211715698
YAR018C,YIL016W,0,-6.3207035,0.11778166890144348,0.875,0.6553999781608582
YGL021W,YMR207C,0,-6.321115,0.11776581406593323,0.875,0.6554999947547913
YGR041W,YOR129C,0,-6.3211894,0.11774996668100357,0.875,0.6556000113487244
YLR397C,YBL030C,0,-6.3213587,0.11773411929607391,0.875,0.6557000279426575
YER179W,YEL009C,0,-6.321599,0.11771828681230545,0.875,0.6557999849319458
YNR074C,YJL013C,0,-6.321771,0.11770244687795639,0.875,0.6559000015258789
YJL134W,YOL093W,0,-6.3219695,0.11768661439418793,0.875,0.656000018119812
YER119C,YJR156C,0,-6.3221316,0.11767078936100006,0.875,0.6560999751091003
YML080W,YHR026W,0,-6.3222346,0.11765497177839279,0.875,0.6561999917030334
YML088W,YDR306C,0,-6.3222914,0.11763914674520493,0.875,0.6563000082969666
YDL227C,YMR210W,0,-6.322675,0.11762333661317825,0.875,0.6564000248908997
YDL098C,YGL212W,0,-6.3232493,0.11760752648115158,0.875,0.656499981880188
YER027C,YEL041W,0,-6.323428,0.1175917237997055,0.875,0.6565999984741211
YLR081W,YEL003W,0,-6.324417,0.11757592111825943,0.875,0.6567000150680542
YBR160W,YIL077C,0,-6.324633,0.11756012588739395,0.875,0.6567999720573425
YMR041C,YER126C,0,-6.3250127,0.11754433065652847,0.875,0.6568999886512756
YDR258C,YBR083W,0,-6.325196,0.11752854287624359,0.875,0.6570000052452087
YCR040W,YGR202C,0,-6.325793,0.11751275509595871,0.875,0.6571000218391418
YMR276W,YGL175C,0,-6.325814,0.11749698221683502,0.875,0.6571999788284302
YKL089W,YDR477W,0,-6.326148,0.11748120188713074,0.875,0.6572999954223633
YDR217C,YOR007C,0,-6.32637,0.11746542900800705,0.875,0.6574000120162964
YPL086C,YCR058C,0,-6.32644,0.11744966357946396,0.875,0.6575000286102295
YNR074C,YJR013W,0,-6.326711,0.11743389815092087,0.875,0.6575999855995178
YNL327W,YLR207W,0,-6.326912,0.11741814017295837,0.875,0.6577000021934509
YER056C,YAR003W,0,-6.32706,0.11740238964557648,0.875,0.657800018787384
YOR014W,YEL057C,0,-6.327185,0.11738663911819458,0.875,0.6578999757766724
YDL051W,YNL202W,0,-6.3272157,0.11737088859081268,0.875,0.6579999923706055
YBR256C,YKL122C,0,-6.3272233,0.11735515296459198,0.875,0.6581000089645386
YGL078C,YDL039C,0,-6.327479,0.11733940988779068,0.875,0.6582000255584717
YER179W,YDR532C,0,-6.327735,0.11732368171215057,0.875,0.65829998254776
YNL164C,YFR033C,0,-6.3279486,0.11730795353651047,0.875,0.6583999991416931
YLR303W,YDL059C,0,-6.328118,0.11729222536087036,0.875,0.6585000157356262
YKL048C,YGL241W,0,-6.328387,0.11727650463581085,0.875,0.6585999727249146
YJL041W,YMR305C,0,-6.328638,0.11726079136133194,0.875,0.6586999893188477
YNR019W,YLR231C,0,-6.3288794,0.11724507808685303,0.875,0.6588000059127808
YCR089W,YDR359C,0,-6.3290687,0.11722936481237411,0.875,0.6589000225067139
YDR270W,YLR007W,0,-6.3290763,0.1172136664390564,0.875,0.6589999794960022
YDR245W,YCR102C,0,-6.329207,0.11719796061515808,0.875,0.6590999960899353
YKL194C,YPL122C,0,-6.329293,0.11718226969242096,0.875,0.6592000126838684
YDR461W,YGR006W,0,-6.329445,0.11716657876968384,0.875,0.6593000292778015
YPL267W,YJL013C,0,-6.329498,0.11715088784694672,0.875,0.6593999862670898
YMR117C,YPL237W,0,-6.3306327,0.11713520437479019,0.875,0.659500002861023
YGL213C,YKL088W,0,-6.3306885,0.11711952835321426,0.875,0.659600019454956
YOR211C,YDR447C,0,-6.3309493,0.11710385233163834,0.875,0.6596999764442444
YPL091W,YER038C,0,-6.331365,0.117088183760643,0.875,0.6597999930381775
YGL180W,YOR338W,0,-6.331652,0.11707251518964767,0.875,0.6599000096321106
YOL156W,YOL104C,0,-6.3319483,0.11705685406923294,0.875,0.6600000262260437
YGL013C,YGL162W,0,-6.3319798,0.1170412003993988,0.875,0.660099983215332
YKL005C,YLR272C,0,-6.3321347,0.11702554672956467,0.875,0.6601999998092651
YDL155W,YNL304W,0,-6.332186,0.11700989305973053,0.875,0.6603000164031982
YIL021W,YGR009C,0,-6.33293,0.11699425429105759,0.875,0.6603999733924866
YNR038W,YBL017C,0,-6.333156,0.11697860807180405,0.875,0.6604999899864197
YER062C,YBR276C,0,-6.3332796,0.1169629693031311,0.875,0.6606000065803528
YGL227W,YMR050C,0,-6.3333063,0.11694733798503876,0.875,0.6607000231742859
YFL005W,YKL088W,0,-6.3333745,0.11693171411752701,0.875,0.6607999801635742
YDL220C,YGL238W,0,-6.3335385,0.11691609025001526,0.875,0.6608999967575073
YBR172C,YBR253W,0,-6.3337708,0.11690046638250351,0.875,0.6610000133514404
YMR162C,YER146W,0,-6.3338246,0.11688484996557236,0.875,0.6610999703407288
YPL086C,YGL253W,0,-6.334046,0.1168692409992218,0.875,0.6611999869346619
YHR058C,YFL058W,0,-6.334177,0.11685363203287125,0.875,0.661300003528595
YCL044C,YLR145W,0,-6.3345866,0.11683803051710129,0.875,0.6614000201225281
YGR241C,YNL093W,1,-6.3350816,0.1169559434056282,0.8759999871253967,0.6614000201225281
YDR255C,YDR477W,0,-6.3352847,0.11694032698869705,0.8759999871253967,0.6614999771118164
YBR237W,YIL061C,0,-6.335324,0.1169247180223465,0.8759999871253967,0.6615999937057495
YPL249C,YLL004W,0,-6.335613,0.11690911650657654,0.8759999871253967,0.6617000102996826
YPL212C,YJR086W,0,-6.3356194,0.11689351499080658,0.8759999871253967,0.6618000268936157
YOR210W,YJL029C,0,-6.3356366,0.11687792092561722,0.8759999871253967,0.661899983882904
YPL192C,YEL041W,0,-6.336302,0.11686232686042786,0.8759999871253967,0.6620000004768372
YFR029W,YBR058C-A,0,-6.3364882,0.11684674024581909,0.8759999871253967,0.6621000170707703
YER157W,YOL069W,0,-6.3367653,0.11683115363121033,0.8759999871253967,0.6621999740600586
YNR002C,YAL034W-A,0,-6.336804,0.11681557446718216,0.8759999871253967,0.6622999906539917
YCL061C,YPR094W,0,-6.3368335,0.11680000275373459,0.8759999871253967,0.6624000072479248
YBL093C,YMR203W,0,-6.3370523,0.11678443104028702,0.8759999871253967,0.6625000238418579
YGL065C,YGL241W,0,-6.3371916,0.11676885932683945,0.8759999871253967,0.6625999808311462
YLL018C-A,YOR330C,0,-6.337369,0.11675329506397247,0.8759999871253967,0.6626999974250793
YKR061W,YDL064W,0,-6.3374457,0.1167377382516861,0.8759999871253967,0.6628000140190125
YMR143W,YDL244W,0,-6.3374677,0.11672218888998032,0.8759999871253967,0.6628999710083008
YPL242C,YML098W,0,-6.337574,0.11670663207769394,0.8759999871253967,0.6629999876022339
YGR217W,YOL128C,0,-6.3377614,0.11669109016656876,0.8759999871253967,0.663100004196167
YKR034W,YLL024C,0,-6.3378353,0.11667554825544357,0.8759999871253967,0.6632000207901001
YHR169W,YDR077W,0,-6.3383756,0.11666000634431839,0.8759999871253967,0.6632999777793884
YOR347C,YLR435W,0,-6.338469,0.1166444718837738,0.8759999871253967,0.6633999943733215
YMR025W,YNL037C,0,-6.3385687,0.11662894487380981,0.8759999871253967,0.6635000109672546
YAL034W-A,YKL130C,0,-6.3386054,0.11661341786384583,0.8759999871253967,0.6636000275611877
YMR128W,YIL125W,0,-6.3390737,0.11659789830446243,0.8759999871253967,0.6636999845504761
YBR132C,YER087C-A,0,-6.33935,0.11658237874507904,0.8759999871253967,0.6638000011444092
YLR155C,YER109C,0,-6.339377,0.11656686663627625,0.8759999871253967,0.6639000177383423
YJL002C,YLR301W,0,-6.3396,0.11655135452747345,0.8759999871253967,0.6639999747276306
YFL009W,YGR082W,0,-6.341524,0.11653584986925125,0.8759999871253967,0.6640999913215637
YGL251C,YER052C,0,-6.341629,0.11652035266160965,0.8759999871253967,0.6642000079154968
YDR461W,YMR190C,0,-6.341748,0.11650485545396805,0.8759999871253967,0.6643000245094299
YGR180C,YGR013W,0,-6.3418984,0.11648935824632645,0.8759999871253967,0.6643999814987183
YIL046W,YMR005W,0,-6.3420396,0.11647387593984604,0.8759999871253967,0.6644999980926514
YHL038C,YKL196C,0,-6.342167,0.11645838618278503,0.8759999871253967,0.6646000146865845
YEL018W,YDR247W,0,-6.34263,0.11644291132688522,0.8759999871253967,0.6646999716758728
YMR032W,YMR080C,0,-6.342631,0.11642742902040482,0.8759999871253967,0.6647999882698059
YOR239W,YBR040W,0,-6.34265,0.1164119616150856,0.8759999871253967,0.664900004863739
YGR147C,YDR115W,0,-6.3430467,0.11639649420976639,0.8759999871253967,0.6650000214576721
YHR164C,YCL005W-A,0,-6.3435903,0.11638102680444717,0.8759999871253967,0.6650999784469604
YMR070W,YML107C,0,-6.343919,0.11636556684970856,0.8759999871253967,0.6651999950408936
YGR225W,YPR100W,0,-6.3440833,0.11635011434555054,0.8759999871253967,0.6653000116348267
YPR008W,YBR186W,0,-6.3448224,0.11633466184139252,0.8759999871253967,0.6654000282287598
YHR072W,YGR289C,0,-6.3448505,0.1163192167878151,0.8759999871253967,0.6654999852180481
YOL149W,YGL090W,0,-6.3448977,0.11630377173423767,0.8759999871253967,0.6656000018119812
YLR291C,YGR281W,0,-6.3451695,0.11628833413124084,0.8759999871253967,0.6657000184059143
YIL095W,YAR042W,1,-6.3456264,0.11640562862157822,0.8769999742507935,0.6657000184059143
YOR237W,YLR396C,1,-6.3460793,0.1165228933095932,0.878000020980835,0.6657000184059143
YJR092W,YGL175C,0,-6.346084,0.11650743335485458,0.878000020980835,0.6657999753952026
YEL069C,YKL043W,0,-6.3461785,0.11649197340011597,0.878000020980835,0.6658999919891357
YDR419W,YLR272C,0,-6.3473907,0.11647652089595795,0.878000020980835,0.6660000085830688
YJL214W,YLR378C,0,-6.3474517,0.11646106839179993,0.878000020980835,0.666100025177002
YNL001W,YLR385C,0,-6.34748,0.1164456233382225,0.878000020980835,0.6661999821662903
YER145C,YDR138W,0,-6.3475885,0.11643017828464508,0.878000020980835,0.6662999987602234
YMR055C,YOL102C,0,-6.3478813,0.11641474068164825,0.878000020980835,0.6664000153541565
YLR115W,YNL126W,0,-6.348058,0.11639931052923203,0.878000020980835,0.6664999723434448
YGL106W,YIL173W,0,-6.3484154,0.1163838803768158,0.878000020980835,0.6665999889373779
YEL054C,YBR172C,0,-6.348459,0.11636845767498016,0.878000020980835,0.666700005531311
YHR094C,YLR163C,0,-6.3487086,0.11635303497314453,0.878000020980835,0.6668000221252441
YGL238W,YLR055C,0,-6.348827,0.1163376197218895,0.878000020980835,0.6668999791145325
YLR340W,YPL258C,0,-6.3488483,0.11632220447063446,0.878000020980835,0.6669999957084656
YGL044C,YGR059W,0,-6.3490047,0.11630679666996002,0.878000020980835,0.6671000123023987
YNL075W,YDR194C,0,-6.349062,0.11629138886928558,0.878000020980835,0.6672000288963318
YKL059C,YLL034C,0,-6.3491664,0.11627598851919174,0.878000020980835,0.6672999858856201
YHR011W,YML075C,0,-6.3494554,0.1162605956196785,0.878000020980835,0.6674000024795532
YPL130W,YDR146C,0,-6.3495426,0.11624520272016525,0.878000020980835,0.6675000190734863
YKR052C,YHR020W,0,-6.3498216,0.11622980982065201,0.878000020980835,0.6675999760627747
YOR026W,YLR145W,0,-6.3498907,0.11621442437171936,0.878000020980835,0.6676999926567078
YGL099W,YMR097C,0,-6.350163,0.11619904637336731,0.878000020980835,0.6678000092506409
YNL329C,YDR346C,0,-6.3503494,0.11618366837501526,0.878000020980835,0.667900025844574
YBL098W,YGL257C,0,-6.3504066,0.1161682978272438,0.878000020980835,0.6679999828338623
YPL233W,YOR001W,0,-6.350592,0.11615292727947235,0.878000020980835,0.6680999994277954
YKR038C,YPR009W,0,-6.351211,0.1161375641822815,0.878000020980835,0.6682000160217285
YPL042C,YPL237W,0,-6.351541,0.11612220853567123,0.878000020980835,0.6682999730110168
YGL205W,YMR127C,0,-6.351663,0.11610685288906097,0.878000020980835,0.66839998960495
YDL213C,YCR042C,0,-6.351687,0.11609149724245071,0.878000020980835,0.6685000061988831
YNL192W,YPR094W,0,-6.351895,0.11607614904642105,0.878000020980835,0.6686000227928162
YBL009W,YDR151C,0,-6.3519254,0.11606080830097198,0.878000020980835,0.6686999797821045
YER174C,YPR070W,0,-6.3524227,0.11604546755552292,0.878000020980835,0.6687999963760376
YPL255W,YJR112W,0,-6.3524823,0.11603013426065445,0.878000020980835,0.6689000129699707
YPR093C,YNL299W,0,-6.3525925,0.11601480096578598,0.878000020980835,0.6690000295639038
YLR233C,YHR066W,0,-6.353003,0.11599947512149811,0.878000020980835,0.6690999865531921
YNR056C,YGR217W,0,-6.353171,0.11598414927721024,0.878000020980835,0.6692000031471252
YPL093W,YKL148C,0,-6.353333,0.11596883088350296,0.878000020980835,0.6693000197410583
YJR150C,YOR355W,0,-6.353736,0.11595351248979568,0.878000020980835,0.6693999767303467
YLR223C,YKL130C,0,-6.3541503,0.115938201546669,0.878000020980835,0.6694999933242798
YBR288C,YNR075W,1,-6.3542705,0.11605492234230042,0.8790000081062317,0.6694999933242798
YBL085W,YNL230C,0,-6.3544865,0.11603960394859314,0.8790000081062317,0.6696000099182129
YPR144C,YBL057C,0,-6.3545904,0.11602428555488586,0.8790000081062317,0.669700026512146
YGR238C,YGR249W,0,-6.354595,0.11600897461175919,0.8790000081062317,0.6697999835014343
YPL036W,YCR102C,0,-6.354859,0.11599366366863251,0.8790000081062317,0.6699000000953674
YML028W,YER160C,0,-6.3555813,0.11597836017608643,0.8790000081062317,0.6700000166893005
YNR013C,YPR056W,0,-6.3556395,0.11596306413412094,0.8790000081062317,0.6700999736785889
YNL112W,YBR272C,0,-6.3556952,0.11594776064157486,0.8790000081062317,0.670199990272522
YJL173C,YLR132C,0,-6.356223,0.11593247205018997,0.8790000081062317,0.6703000068664551
YAR003W,YLR043C,0,-6.356523,0.11591718345880508,0.8790000081062317,0.6704000234603882
YGR170W,YDR004W,0,-6.3574104,0.1159019023180008,0.8790000081062317,0.6704999804496765
YEL012W,YDR131C,0,-6.3578014,0.1158866211771965,0.8790000081062317,0.6705999970436096
YGR245C,YGR181W,0,-6.35781,0.11587134003639221,0.8790000081062317,0.6707000136375427
YIL131C,YKL154W,0,-6.3580713,0.11585606634616852,0.8790000081062317,0.670799970626831
YGR267C,YPL157W,0,-6.358149,0.11584080010652542,0.8790000081062317,0.6708999872207642
YLR109W,YHR152W,0,-6.358638,0.11582553386688232,0.8790000081062317,0.6710000038146973
YLL038C,YPL032C,1,-6.3587136,0.11594203114509583,0.8799999952316284,0.6710000038146973
YPR065W,YBL005W-B,0,-6.35895,0.11592675745487213,0.8799999952316284,0.6711000204086304
YPR193C,YDL098C,0,-6.359401,0.11591148376464844,0.8799999952316284,0.6711999773979187
YOR349W,YLR452C,0,-6.3595595,0.11589621752500534,0.8799999952316284,0.6712999939918518
YPL155C,YKL170W,0,-6.3597245,0.11588095873594284,0.8799999952316284,0.6714000105857849
YDL109C,YLR301W,0,-6.3605313,0.11586569994688034,0.8799999952316284,0.671500027179718
YNL192W,YPL121C,0,-6.361221,0.11585044860839844,0.8799999952316284,0.6715999841690063
YOL165C,YGR247W,0,-6.36144,0.11583519726991653,0.8799999952316284,0.6717000007629395
YNL270C,YER036C,0,-6.361883,0.11581995338201523,0.8799999952316284,0.6718000173568726
YNL159C,YOR084W,0,-6.361984,0.11580470949411392,0.8799999952316284,0.6718999743461609
YOR180C,YOR035C,0,-6.362562,0.11578947305679321,0.8799999952316284,0.671999990940094
YPR083W,YGR111W,0,-6.362662,0.1157742366194725,0.8799999952316284,0.6721000075340271
YHR119W,YBR231C,0,-6.3627095,0.11575900763273239,0.8799999952316284,0.6722000241279602
YDR216W,YJL173C,0,-6.3629336,0.11574378609657288,0.8799999952316284,0.6722999811172485
YPR120C,YAL035W,0,-6.363277,0.11572856456041336,0.8799999952316284,0.6723999977111816
YOL086C,YML113W,0,-6.3637004,0.11571334302425385,0.8799999952316284,0.6725000143051147
YNL075W,YNL098C,0,-6.364202,0.11569813638925552,0.8799999952316284,0.6725999712944031
YGL238W,YIL061C,0,-6.3644485,0.1156829223036766,0.8799999952316284,0.6726999878883362
YDR076W,YBR175W,0,-6.3645363,0.11566771566867828,0.8799999952316284,0.6728000044822693
YPL271W,YJL099W,0,-6.364825,0.11565251648426056,0.8799999952316284,0.6729000210762024
YFL050C,YML116W,0,-6.365181,0.11563731729984283,0.8799999952316284,0.6729999780654907
YMR161W,YLR014C,0,-6.3654084,0.1156221255660057,0.8799999952316284,0.6730999946594238
YMR227C,YNL304W,0,-6.36544,0.11560693383216858,0.8799999952316284,0.6732000112533569
YNL172W,YHR157W,0,-6.365775,0.11559174954891205,0.8799999952316284,0.67330002784729
YEL041W,YGR054W,0,-6.3659067,0.11557657271623611,0.8799999952316284,0.6733999848365784
YMR201C,YDR065W,0,-6.3660474,0.11556138843297958,0.8799999952316284,0.6735000014305115
YDR176W,YMR117C,0,-6.366179,0.11554621905088425,0.8799999952316284,0.6736000180244446
YER001W,YMR308C,0,-6.366509,0.11553104966878891,0.8799999952316284,0.6736999750137329
YER008C,YDR523C,0,-6.366557,0.11551588028669357,0.8799999952316284,0.673799991607666
YHR176W,YDR140W,0,-6.36764,0.11550071835517883,0.8799999952316284,0.6739000082015991
YNL062C,YML016C,0,-6.368209,0.11548556387424469,0.8799999952316284,0.6740000247955322
YML021C,YBL055C,0,-6.3682866,0.11547040939331055,0.8799999952316284,0.6740999817848206
YDL148C,YBR024W,0,-6.3689036,0.115455262362957,0.8799999952316284,0.6741999983787537
YDL126C,YKL125W,0,-6.369255,0.11544011533260345,0.8799999952316284,0.6743000149726868
YDR173C,YNL247W,0,-6.369257,0.1154249757528305,0.8799999952316284,0.6743999719619751
YDR088C,YAR009C,0,-6.369311,0.11540983617305756,0.8799999952316284,0.6744999885559082
YIR010W,YMR101C,0,-6.369669,0.1153947040438652,0.8799999952316284,0.6746000051498413
YOR031W,YBL071W-A,0,-6.3697124,0.11537957191467285,0.8799999952316284,0.6747000217437744
YDR404C,YJL029C,0,-6.370006,0.1153644472360611,0.8799999952316284,0.6747999787330627
YLR242C,YPL204W,1,-6.370275,0.11548040062189102,0.8809999823570251,0.6747999787330627
YKL182W,YCR035C,0,-6.370394,0.11546526849269867,0.8809999823570251,0.6748999953269958
YBR245C,YBL100W-A,0,-6.3704696,0.11545013636350632,0.8809999823570251,0.675000011920929
YMR011W,YHR091C,0,-6.370609,0.11543501168489456,0.8809999823570251,0.6751000285148621
YMR199W,YJR069C,0,-6.3706346,0.1154198870062828,0.8809999823570251,0.6751999855041504
YGR256W,YPL146C,0,-6.3710685,0.11540476977825165,0.8809999823570251,0.6753000020980835
YMR281W,YPL124W,0,-6.3711123,0.11538965255022049,0.8809999823570251,0.6754000186920166
YMR030W,YBR152W,0,-6.3711286,0.11537454277276993,0.8809999823570251,0.6754999756813049
YDR240C,YPL175W,0,-6.3712263,0.11535943299531937,0.8809999823570251,0.675599992275238
YLR186W,YMR004W,0,-6.371555,0.1153443306684494,0.8809999823570251,0.6757000088691711
YKL101W,YMR308C,0,-6.371737,0.11532922834157944,0.8809999823570251,0.6758000254631042
YPR200C,YCR020W-B,0,-6.371952,0.11531413346529007,0.8809999823570251,0.6758999824523926
YEL069C,YDR342C,0,-6.372029,0.1152990460395813,0.8809999823570251,0.6759999990463257
YMR133W,YNL334C,0,-6.3720665,0.11528395861387253,0.8809999823570251,0.6761000156402588
YOR046C,YGL087C,0,-6.372249,0.11526887118816376,0.8809999823570251,0.6761999726295471
YOR269W,YMR266W,0,-6.3725867,0.11525379121303558,0.8809999823570251,0.6762999892234802
YEL034W,YGL249W,0,-6.3726583,0.115238718688488,0.8809999823570251,0.6764000058174133
YJL065C,YDL247W,0,-6.3728557,0.11522364616394043,0.8809999823570251,0.6765000224113464
YLR214W,YLL011W,0,-6.3734035,0.11520858108997345,0.8809999823570251,0.6765999794006348
YNL172W,YML019W,0,-6.373731,0.11519351601600647,0.8809999823570251,0.6766999959945679
YGR091W,YCL008C,0,-6.373735,0.11517845839262009,0.8809999823570251,0.676800012588501
YGR191W,YER044C-A,0,-6.3738265,0.1151634007692337,0.8809999823570251,0.6769000291824341
YOR317W,YPL085W,0,-6.3746963,0.11514834314584732,0.8809999823570251,0.6769999861717224
YJR158W,YJL203W,0,-6.3747816,0.11513330042362213,0.8809999823570251,0.6771000027656555
YNL065W,YHR019C,0,-6.3749003,0.11511825770139694,0.8809999823570251,0.6772000193595886
YCL027W,YLR007W,0,-6.3749065,0.11510321497917175,0.8809999823570251,0.677299976348877
YPL018W,YML051W,0,-6.3749666,0.11508817970752716,0.8809999823570251,0.6773999929428101
YOL063C,YHR068W,0,-6.375485,0.11507314443588257,0.8809999823570251,0.6775000095367432
YPL096C-A,YER019C-A,0,-6.37552,0.11505811661481857,0.8809999823570251,0.6776000261306763
YNL015W,YBR152W,0,-6.375586,0.11504308879375458,0.8809999823570251,0.6776999831199646
YPL181W,YPL096C-A,0,-6.375687,0.11502806842327118,0.8809999823570251,0.6777999997138977
YGL014W,YGL112C,0,-6.3757873,0.11501305550336838,0.8809999823570251,0.6779000163078308
YPR200C,YOR275C,0,-6.376032,0.11499804258346558,0.8809999823570251,0.6779999732971191
YLL042C,YDR306C,0,-6.376225,0.11498302966356277,0.8809999823570251,0.6780999898910522
YAL059W,YAL043C,0,-6.3762727,0.11496803164482117,0.8809999823570251,0.6782000064849854
YER166W,YAR044W,1,-6.376675,0.11508350819349289,0.8820000290870667,0.6782000064849854
YNR075W,YNL084C,1,-6.3767934,0.11519895493984222,0.8830000162124634,0.6782000064849854
YNL290W,YPL176C,0,-6.3768783,0.11518392711877823,0.8830000162124634,0.6783000230789185
YAL025C,YJL179W,0,-6.37701,0.11516890674829483,0.8830000162124634,0.6783999800682068
YDR523C,YDR285W,0,-6.377032,0.11515388637781143,0.8830000162124634,0.6784999966621399
YML126C,YOR032C,0,-6.377467,0.11513887345790863,0.8830000162124634,0.678600013256073
YBL084C,YCL024W,0,-6.3777747,0.11512386053800583,0.8830000162124634,0.6786999702453613
YNL164C,YCR055C,0,-6.3779626,0.11510885506868362,0.8830000162124634,0.6787999868392944
YLR309C,YLR452C,0,-6.377997,0.11509384959936142,0.8830000162124634,0.6789000034332275
YLR138W,YDR324C,0,-6.3781586,0.11507885158061981,0.8830000162124634,0.6790000200271606
YBR179C,YGL162W,0,-6.3782887,0.1150638535618782,0.8830000162124634,0.679099977016449
YNL061W,YDR092W,0,-6.3782907,0.1150488629937172,0.8830000162124634,0.6791999936103821
YGL078C,YDL095W,0,-6.37831,0.11503387242555618,0.8830000162124634,0.6793000102043152
YJR053W,YML016C,0,-6.3788023,0.11501888930797577,0.8830000162124634,0.6794000267982483
YNL233W,YDL235C,0,-6.378944,0.11500390619039536,0.8830000162124634,0.6794999837875366
YJL013C,YCL063W,0,-6.3791175,0.11498893052339554,0.8830000162124634,0.6796000003814697
YDR516C,YIR019C,0,-6.379843,0.11497395485639572,0.8830000162124634,0.6797000169754028
YIL155C,YJR026W,0,-6.379962,0.1149589866399765,0.8830000162124634,0.6797999739646912
YJR092W,YNL334C,0,-6.379976,0.11494402587413788,0.8830000162124634,0.6798999905586243
YDR294C,YDR449C,0,-6.3800054,0.11492906510829926,0.8830000162124634,0.6800000071525574
YFL056C,YLR417W,0,-6.380919,0.11491410434246063,0.8830000162124634,0.6801000237464905
YDL098C,YGL096W,0,-6.3810296,0.1148991510272026,0.8830000162124634,0.6801999807357788
YLL061W,YGL104C,0,-6.3811946,0.11488420516252518,0.8830000162124634,0.6802999973297119
YNL023C,YKL038W,0,-6.38156,0.11486925929784775,0.8830000162124634,0.680400013923645
YHR082C,YJR026W,0,-6.381849,0.11485432088375092,0.8830000162124634,0.6804999709129333
YNL307C,YOL010W,0,-6.3818903,0.11483938246965408,0.8830000162124634,0.6805999875068665
YLR081W,YDR469W,0,-6.382191,0.11482444405555725,0.8830000162124634,0.6807000041007996
YGR159C,YIL068C,0,-6.3834558,0.11480952054262161,0.8830000162124634,0.6808000206947327
YHR176W,YOR075W,0,-6.383599,0.11479458957910538,0.8830000162124634,0.680899977684021
YPL256C,YDL078C,0,-6.3839335,0.11477967351675034,0.8830000162124634,0.6809999942779541
YDL003W,YBR196C,0,-6.384167,0.1147647500038147,0.8830000162124634,0.6811000108718872
YGR041W,YKL173W,0,-6.3842354,0.11474983394145966,0.8830000162124634,0.6812000274658203
YOR127W,YDR146C,0,-6.3847833,0.11473492532968521,0.8830000162124634,0.6812999844551086
YMR048W,YEL069C,0,-6.384825,0.11472002416849136,0.8830000162124634,0.6814000010490417
YIL052C,YDR325W,0,-6.385216,0.11470511555671692,0.8830000162124634,0.6815000176429749
YLR170C,YOR272W,0,-6.3854294,0.11469022184610367,0.8830000162124634,0.6815999746322632
YNL318C,YHR027C,0,-6.385698,0.11467532813549042,0.8830000162124634,0.6816999912261963
YBR158W,YJR001W,0,-6.3857927,0.11466043442487717,0.8830000162124634,0.6818000078201294
YPL006W,YLR086W,0,-6.386029,0.11464554816484451,0.8830000162124634,0.6819000244140625
YJL006C,YPL192C,0,-6.38611,0.11463066190481186,0.8830000162124634,0.6819999814033508
YHR072W,YBR183W,0,-6.3862367,0.1146157830953598,0.8830000162124634,0.6820999979972839
YDR481C,YMR322C,0,-6.3864455,0.11460091173648834,0.8830000162124634,0.682200014591217
YOR334W,YOR310C,0,-6.3866835,0.11458604037761688,0.8830000162124634,0.6822999715805054
YGL241W,YPL042C,0,-6.3867445,0.11457116901874542,0.8830000162124634,0.6823999881744385
YDR288W,YPR133C,0,-6.388069,0.11455630511045456,0.8830000162124634,0.6825000047683716
YNL059C,YBR093C,0,-6.388084,0.1145414486527443,0.8830000162124634,0.6826000213623047
YNL167C,YLR455W,0,-6.388377,0.11452659219503403,0.8830000162124634,0.682699978351593
YPR057W,YKL173W,0,-6.388434,0.11451173573732376,0.8830000162124634,0.6827999949455261
YJR097W,YCR084C,0,-6.3888865,0.11449688673019409,0.8830000162124634,0.6829000115394592
YLL042C,YJL072C,0,-6.389504,0.11448204517364502,0.8830000162124634,0.6830000281333923
YJL219W,YMR069W,0,-6.389595,0.11446720361709595,0.8830000162124634,0.6830999851226807
YHR019C,YPL163C,0,-6.3898396,0.11445236206054688,0.8830000162124634,0.6832000017166138
YGR024C,YDR472W,0,-6.390203,0.114437535405159,0.8830000162124634,0.6833000183105469
YAR008W,YPL253C,0,-6.390308,0.11442270129919052,0.8830000162124634,0.6833999752998352
YCL027W,YBR002C,0,-6.390464,0.11440787464380264,0.8830000162124634,0.6834999918937683
YDL142C,YIL084C,0,-6.3907413,0.11439305543899536,0.8830000162124634,0.6836000084877014
YEL037C,YOR001W,0,-6.391153,0.11437823623418808,0.8830000162124634,0.6837000250816345
YBL018C,YDR285W,0,-6.39127,0.1143634244799614,0.8830000162124634,0.6837999820709229
YPL130W,YMR125W,0,-6.39255,0.11434861272573471,0.8830000162124634,0.683899998664856
YMR316W,YPR009W,0,-6.3927207,0.11433380842208862,0.8830000162124634,0.6840000152587891
YKR054C,YGL126W,0,-6.392752,0.11431900411844254,0.8830000162124634,0.6840999722480774
YHR124W,YPL232W,0,-6.392828,0.11430420726537704,0.8830000162124634,0.6841999888420105
YML043C,YKL056C,0,-6.3931255,0.11428941041231155,0.8830000162124634,0.6843000054359436
YOL005C,YLR135W,0,-6.3935513,0.11427462100982666,0.8830000162124634,0.6844000220298767
YLR097C,YPL082C,0,-6.394076,0.11425983160734177,0.8830000162124634,0.684499979019165
YNL023C,YEL032W,0,-6.3942,0.11424504965543747,0.8830000162124634,0.6845999956130981
YGR217W,YOR068C,0,-6.3944445,0.11423027515411377,0.8830000162124634,0.6847000122070312
YHR015W,YHR075C,0,-6.394625,0.11421549320220947,0.8830000162124634,0.6848000288009644
YOR133W,YPR182W,0,-6.394878,0.11420072615146637,0.8830000162124634,0.6848999857902527
YDR135C,YAR009C,0,-6.3949,0.11418595910072327,0.8830000162124634,0.6850000023841858
YBR228W,YJR010C-A,0,-6.3950524,0.11417119204998016,0.8830000162124634,0.6851000189781189
YIL046W,YGL058W,0,-6.39516,0.11415643244981766,0.8830000162124634,0.6851999759674072
YPR110C,YNL246W,0,-6.3952527,0.11414167284965515,0.8830000162124634,0.6852999925613403
YIL138C,YPR078C,0,-6.3960767,0.11412692070007324,0.8830000162124634,0.6854000091552734
YHR059W,YBR123C,0,-6.3961835,0.11411217600107193,0.8830000162124634,0.6855000257492065
YMR250W,YPR054W,0,-6.396206,0.11409743130207062,0.8830000162124634,0.6855999827384949
YBR162C,YMR077C,0,-6.3963046,0.1140826866030693,0.8830000162124634,0.685699999332428
YHR102W,YOL109W,0,-6.396569,0.11406794935464859,0.8830000162124634,0.6858000159263611
YJR025C,YGL001C,0,-6.3970485,0.11405321955680847,0.8830000162124634,0.6858999729156494
YDR108W,YDL079C,0,-6.3970585,0.11403848975896835,0.8830000162124634,0.6859999895095825
YGR178C,YLL011W,0,-6.397359,0.11402375996112823,0.8830000162124634,0.6861000061035156
YNL062C,YNL330C,0,-6.397405,0.11400903761386871,0.8830000162124634,0.6862000226974487
YGR175C,YHR158C,0,-6.3975883,0.11399432271718979,0.8830000162124634,0.6862999796867371
YKL043W,YEL065W,0,-6.397734,0.11397960782051086,0.8830000162124634,0.6863999962806702
YGR028W,YPL093W,0,-6.397736,0.11396489292383194,0.8830000162124634,0.6865000128746033
YBR131W,YPL137C,0,-6.397744,0.11395018547773361,0.8830000162124634,0.6866000294685364
YDR166C,YBR284W,0,-6.3977456,0.11393548548221588,0.8830000162124634,0.6866999864578247
YMR299C,YGL183C,0,-6.397882,0.11392078548669815,0.8830000162124634,0.6868000030517578
YJL003W,YER180C-A,0,-6.398002,0.11390608549118042,0.8830000162124634,0.6869000196456909
YPL082C,YPL157W,0,-6.398069,0.11389140039682388,0.8830000162124634,0.6869999766349792
YBR217W,YLR043C,0,-6.3982334,0.11387670785188675,0.8830000162124634,0.6870999932289124
YIL065C,YOL090W,0,-6.3985696,0.11386202275753021,0.8830000162124634,0.6872000098228455
YHR058C,YLR212C,0,-6.3986983,0.11384734511375427,0.8830000162124634,0.6873000264167786
YNL074C,YOR210W,0,-6.3987374,0.11383266746997833,0.8830000162124634,0.6873999834060669
YHR133C,YOR281C,0,-6.399629,0.11381799727678299,0.8830000162124634,0.6875
YDR302W,YJR055W,0,-6.399963,0.11380332708358765,0.8830000162124634,0.6876000165939331
YJR092W,YGR111W,0,-6.400029,0.1137886568903923,0.8830000162124634,0.6876999735832214
YDR302W,YOL105C,0,-6.400334,0.11377400159835815,0.8830000162124634,0.6877999901771545
YIR023W,YDR440W,0,-6.4004993,0.11375933885574341,0.8830000162124634,0.6879000067710876
YNL271C,YMR198W,0,-6.4005713,0.11374468356370926,0.8830000162124634,0.6880000233650208
YPL135W,YOR145C,0,-6.4007077,0.1137300357222557,0.8830000162124634,0.6880999803543091
YHR072W,YGR251W,0,-6.400718,0.11371538788080215,0.8830000162124634,0.6881999969482422
YER075C,YDR478W,0,-6.4009366,0.1137007474899292,0.8830000162124634,0.6883000135421753
YML094W,YGL113W,0,-6.4010477,0.11368610709905624,0.8830000162124634,0.6883999705314636
YNL317W,YDL159W,0,-6.40105,0.11367147415876389,0.8830000162124634,0.6884999871253967
YMR280C,YBL051C,0,-6.4014897,0.11365684121847153,0.8830000162124634,0.6886000037193298
YER106W,YMR054W,0,-6.4017177,0.11364221572875977,0.8830000162124634,0.6887000203132629
YGL144C,YHR030C,0,-6.402013,0.113627590239048,0.8830000162124634,0.6887999773025513
YDL213C,YMR260C,0,-6.4024196,0.11361297219991684,0.8830000162124634,0.6888999938964844
YFR050C,YEL057C,0,-6.402807,0.11359835416078568,0.8830000162124634,0.6890000104904175
YJL014W,YNR015W,0,-6.4029794,0.11358374357223511,0.8830000162124634,0.6891000270843506
YLR371W,YML052W,1,-6.403095,0.11369775235652924,0.8840000033378601,0.6891000270843506
YLR342W,YKL203C,1,-6.40315,0.11381173133850098,0.8849999904632568,0.6891000270843506
YER157W,YER174C,0,-6.4033694,0.11379709094762802,0.8849999904632568,0.6891999840736389
YOR279C,YER160C,0,-6.403572,0.11378246545791626,0.8849999904632568,0.689300000667572
YHL047C,YPL006W,0,-6.4035974,0.1137678399682045,0.8849999904632568,0.6894000172615051
YPR046W,YNL304W,0,-6.403624,0.11375321447849274,0.8849999904632568,0.6894999742507935
YNR075W,YOR327C,1,-6.403643,0.11386711150407791,0.8859999775886536,0.6894999742507935
YDR448W,YCR086W,0,-6.403716,0.11385247856378555,0.8859999775886536,0.6895999908447266
YKL112W,YGL211W,0,-6.4039483,0.11383785307407379,0.8859999775886536,0.6897000074386597
YPL217C,YEL050C,0,-6.404216,0.11382322758436203,0.8859999775886536,0.6898000240325928
YPR200C,YBR245C,0,-6.4045863,0.11380860954523087,0.8859999775886536,0.6898999810218811
YBL078C,YJL148W,0,-6.4050584,0.1137939915060997,0.8859999775886536,0.6899999976158142
YMR303C,YMR314W,0,-6.405378,0.11377937346696854,0.8859999775886536,0.6901000142097473
YKL048C,YGR080W,0,-6.405413,0.11376476287841797,0.8859999775886536,0.6901999711990356
YPR193C,YKL057C,0,-6.4055133,0.113750159740448,0.8859999775886536,0.6902999877929688
YJL170C,YMR280C,0,-6.4059534,0.11373555660247803,0.8859999775886536,0.6904000043869019
YPL267W,YNL339C,0,-6.4067016,0.11372096091508865,0.8859999775886536,0.690500020980835
YBL042C,YBR021W,0,-6.4070373,0.11370636522769928,0.8859999775886536,0.6905999779701233
YER028C,YPR007C,0,-6.407636,0.1136917769908905,0.8859999775886536,0.6906999945640564
YDR517W,YMR309C,0,-6.4081197,0.11367718875408173,0.8859999775886536,0.6908000111579895
YKR068C,YMR133W,0,-6.4082065,0.11366260051727295,0.8859999775886536,0.6909000277519226
YLL038C,YOR237W,1,-6.4082594,0.113776296377182,0.8870000243186951,0.6909000277519226
YJR139C,YNL045W,0,-6.408528,0.11376170068979263,0.8870000243186951,0.6909999847412109
YPR005C,YLR150W,0,-6.4087353,0.11374711245298386,0.8870000243186951,0.691100001335144
YLR451W,YBL093C,0,-6.4089084,0.11373253166675568,0.8870000243186951,0.6912000179290771
YDL040C,YNL126W,0,-6.409343,0.1137179508805275,0.8870000243186951,0.6912999749183655
YOR162C,YER160C,0,-6.4093494,0.11370337009429932,0.8870000243186951,0.6913999915122986
YIL159W,YGL126W,0,-6.409616,0.11368879675865173,0.8870000243186951,0.6915000081062317
YGL130W,YNL222W,0,-6.4101586,0.11367423087358475,0.8870000243186951,0.6916000247001648
YBR021W,YPL043W,0,-6.4102273,0.11365966498851776,0.8870000243186951,0.6916999816894531
YLR399C,YER014C-A,0,-6.410264,0.11364509910345078,0.8870000243186951,0.6917999982833862
YLR011W,YGR279C,0,-6.4104004,0.11363054066896439,0.8870000243186951,0.6919000148773193
YDL201W,YKR053C,0,-6.4106393,0.113615982234478,0.8870000243186951,0.6919999718666077
YDR264C,YLR242C,1,-6.410664,0.11372950673103333,0.8880000114440918,0.6919999718666077
YPL177C,YGR165W,0,-6.4109864,0.11371494084596634,0.8880000114440918,0.6920999884605408
YMR287C,YOR136W,0,-6.411252,0.11370038241147995,0.8880000114440918,0.6922000050544739
YGL001C,YNL339C,0,-6.411374,0.11368582397699356,0.8880000114440918,0.692300021648407
YGR225W,YLR254C,0,-6.4122496,0.11367127299308777,0.8880000114440918,0.6923999786376953
YMR199W,YOR194C,0,-6.41258,0.11365672945976257,0.8880000114440918,0.6924999952316284
YMR044W,YBR250W,0,-6.4125876,0.11364217847585678,0.8880000114440918,0.6926000118255615
YGL046W,YLR240W,1,-6.4125996,0.11375559866428375,0.8889999985694885,0.6926000118255615
YML121W,YOL069W,0,-6.412731,0.11374104768037796,0.8889999985694885,0.6927000284194946
YGR188C,YLR208W,0,-6.412801,0.11372649669647217,0.8889999985694885,0.692799985408783
YMR301C,YPR193C,0,-6.4128747,0.11371194571256638,0.8889999985694885,0.6929000020027161
YBR179C,YHR081W,0,-6.413316,0.11369740217924118,0.8889999985694885,0.6930000185966492
YDR384C,YKL002W,0,-6.4135833,0.11368286609649658,0.8889999985694885,0.6930999755859375
YMR059W,YPL176C,0,-6.413696,0.11366833001375198,0.8889999985694885,0.6931999921798706
YCR042C,YGL255W,0,-6.4138722,0.11365379393100739,0.8889999985694885,0.6933000087738037
YMR069W,YHR027C,0,-6.4142566,0.11363926529884338,0.8889999985694885,0.6934000253677368
YNL286W,YFL031W,0,-6.4146175,0.11362474411725998,0.8889999985694885,0.6934999823570251
YMR049C,YJL164C,0,-6.414819,0.11361022293567657,0.8889999985694885,0.6935999989509583
YNL334C,YOR083W,0,-6.414969,0.11359570920467377,0.8889999985694885,0.6937000155448914
YML094W,YKR002W,0,-6.4149957,0.11358119547367096,0.8889999985694885,0.6937999725341797
YHR143W,YOL067C,0,-6.415361,0.11356668174266815,0.8889999985694885,0.6938999891281128
YNL036W,YDR076W,0,-6.415467,0.11355217546224594,0.8889999985694885,0.6940000057220459
YLR158C,YDR312W,0,-6.415542,0.11353767663240433,0.8889999985694885,0.694100022315979
YPR088C,YDR416W,0,-6.4156985,0.11352317780256271,0.8889999985694885,0.6941999793052673
YLR192C,YDR091C,0,-6.4161334,0.1135086789727211,0.8889999985694885,0.6942999958992004
YFL055W,YHR138C,0,-6.416384,0.11349418759346008,0.8889999985694885,0.6944000124931335
YLR233C,YGR038W,0,-6.41676,0.11347970366477966,0.8889999985694885,0.6945000290870667
YMR069W,YHR006W,0,-6.4169965,0.11346521973609924,0.8889999985694885,0.694599986076355
YNL029C,YBR188C,0,-6.417007,0.11345074325799942,0.8889999985694885,0.6947000026702881
YHR072W,YDR126W,0,-6.4178987,0.1134362667798996,0.8889999985694885,0.6948000192642212
YGR249W,YHR106W,0,-6.418517,0.11342179030179977,0.8889999985694885,0.6948999762535095
YHR172W,YBR152W,0,-6.4186234,0.11340732127428055,0.8889999985694885,0.6949999928474426
YNL331C,YGR225W,0,-6.418632,0.11339285969734192,0.8889999985694885,0.6951000094413757
YMR081C,YIR012W,0,-6.418636,0.11337839812040329,0.8889999985694885,0.6952000260353088
YLR221C,YER029C,0,-6.418721,0.11336393654346466,0.8889999985694885,0.6952999830245972
YDR244W,YOR230W,0,-6.4189777,0.11334948241710663,0.8889999985694885,0.6953999996185303
YJR047C,YGR156W,0,-6.419332,0.1133350357413292,0.8889999985694885,0.6955000162124634
YCL026C-A,YKR048C,0,-6.419435,0.11332058906555176,0.8889999985694885,0.6955999732017517
YPR025C,YHR072W,0,-6.4200196,0.11330614238977432,0.8889999985694885,0.6956999897956848
YLL061W,YCL020W,0,-6.420509,0.11329170316457748,0.8889999985694885,0.6958000063896179
YJR052W,YNL072W,0,-6.420998,0.11327727138996124,0.8889999985694885,0.695900022983551
YDR300C,YMR182C,0,-6.421334,0.113262839615345,0.8889999985694885,0.6959999799728394
YEL029C,YCL026C-A,0,-6.421479,0.11324840784072876,0.8889999985694885,0.6960999965667725
YGR083C,YDL077C,0,-6.421605,0.11323398351669312,0.8889999985694885,0.6962000131607056
YMR044W,YNL047C,0,-6.421862,0.11321955919265747,0.8889999985694885,0.6963000297546387
YDR288W,YPL092W,0,-6.4227395,0.11320514231920242,0.8889999985694885,0.696399986743927
YDR343C,YJL098W,0,-6.422931,0.11319073289632797,0.8889999985694885,0.6965000033378601
YHR034C,YDR082W,0,-6.423077,0.11317632347345352,0.8889999985694885,0.6966000199317932
YLL040C,YDL109C,0,-6.423812,0.11316191405057907,0.8889999985694885,0.6966999769210815
YKL009W,YPL192C,0,-6.424053,0.11314751207828522,0.8889999985694885,0.6967999935150146
YHR050W,YJR026W,0,-6.4242597,0.11313311010599136,0.8889999985694885,0.6969000101089478
YPL055C,YAR010C,0,-6.4252763,0.1131187155842781,0.8889999985694885,0.6970000267028809
YKL197C,YPL130W,0,-6.425307,0.11310432851314545,0.8889999985694885,0.6970999836921692
YJR053W,YDR516C,0,-6.425384,0.11308993399143219,0.8889999985694885,0.6972000002861023
YCR066W,YOL040C,0,-6.4254556,0.11307555437088013,0.8889999985694885,0.6973000168800354
YOR037W,YDL003W,0,-6.4258094,0.11306117475032806,0.8889999985694885,0.6973999738693237
YOR067C,YJR074W,0,-6.426184,0.113046795129776,0.8889999985694885,0.6974999904632568
YFL034C-B,YKL086W,0,-6.426221,0.11303242295980453,0.8889999985694885,0.6976000070571899
YJR119C,YPL058C,0,-6.4263234,0.11301805078983307,0.8889999985694885,0.697700023651123
YOR377W,YLR377C,0,-6.4265623,0.1130036860704422,0.8889999985694885,0.6977999806404114
YKL120W,YOL067C,0,-6.4267287,0.11298932135105133,0.8889999985694885,0.6978999972343445
YNL258C,YBL024W,0,-6.4267497,0.11297496408224106,0.8889999985694885,0.6980000138282776
YPL217C,YKL148C,0,-6.4268365,0.11296060681343079,0.8889999985694885,0.6980999708175659
YBR286W,YDL148C,0,-6.426962,0.11294625699520111,0.8889999985694885,0.698199987411499
YNL233W,YLL018C-A,0,-6.4271045,0.11293190717697144,0.8889999985694885,0.6983000040054321
YMR128W,YIL147C,0,-6.427303,0.11291756480932236,0.8889999985694885,0.6984000205993652
YKR063C,YNL201C,0,-6.4281898,0.11290322244167328,0.8889999985694885,0.6984999775886536
YDR214W,YOR224C,0,-6.4284577,0.1128888875246048,0.8889999985694885,0.6985999941825867
YLR429W,YOR341W,0,-6.428553,0.11287455260753632,0.8889999985694885,0.6987000107765198
YOR241W,YNR011C,0,-6.4288297,0.11286022514104843,0.8889999985694885,0.6988000273704529
YGR108W,YDL014W,0,-6.4290485,0.11284589767456055,0.8889999985694885,0.6988999843597412
YMR055C,YAR031W,0,-6.4291363,0.11283157765865326,0.8889999985694885,0.6990000009536743
YER112W,YMR051C,0,-6.4292006,0.11281725764274597,0.8889999985694885,0.6991000175476074
YPR198W,YNR064C,0,-6.429812,0.11280294507741928,0.8889999985694885,0.6991999745368958
YOL095C,YNL221C,0,-6.4300523,0.11278863251209259,0.8889999985694885,0.6992999911308289
YOR120W,YCL054W,0,-6.4301577,0.1127743273973465,0.8889999985694885,0.699400007724762
YNR072W,YPL121C,0,-6.431645,0.1127600222826004,0.8889999985694885,0.6995000243186951
YJL203W,YHR139C,0,-6.4322343,0.11274571716785431,0.8889999985694885,0.6995999813079834
YEL016C,YDR527W,0,-6.433104,0.11273141950368881,0.8889999985694885,0.6996999979019165
YPL117C,YGL216W,0,-6.4331775,0.11271712929010391,0.8889999985694885,0.6998000144958496
YOL164W,YAR019C,0,-6.4332023,0.11270283907651901,0.8889999985694885,0.6998999714851379
YLR264W,YDR312W,0,-6.433248,0.11268855631351471,0.8889999985694885,0.699999988079071
YBR132C,YPR025C,0,-6.4333153,0.1126742735505104,0.8889999985694885,0.7001000046730042
YGL025C,YDR198C,0,-6.433483,0.1126599907875061,0.8889999985694885,0.7002000212669373
YDR192C,YOR068C,0,-6.4337387,0.1126457154750824,0.8889999985694885,0.7002999782562256
YOR159C,YDR126W,0,-6.433828,0.11263144761323929,0.8889999985694885,0.7003999948501587
YDR324C,YGR054W,0,-6.4341755,0.11261717975139618,0.8889999985694885,0.7005000114440918
YER038C,YNL088W,0,-6.435067,0.11260291188955307,0.8889999985694885,0.7006000280380249
YJR135C,YNL047C,0,-6.4352336,0.11258865147829056,0.8889999985694885,0.7006999850273132
YCR063W,YLR047C,0,-6.4353147,0.11257439851760864,0.8889999985694885,0.7008000016212463
YBL106C,YCR083W,0,-6.4355426,0.11256013810634613,0.8889999985694885,0.7009000182151794
YPL129W,YNL045W,0,-6.435681,0.11254589259624481,0.8889999985694885,0.7009999752044678
YNL328C,YBR276C,0,-6.435688,0.1125316470861435,0.8889999985694885,0.7010999917984009
YPR135W,YJR031C,0,-6.435693,0.11251740157604218,0.8889999985694885,0.701200008392334
YNL279W,YDR407C,0,-6.4361587,0.11250316351652145,0.8889999985694885,0.7013000249862671
YMR202W,YJL036W,0,-6.436344,0.11248892545700073,0.8889999985694885,0.7013999819755554
YNR075W,YKL203C,1,-6.4364657,0.11260121315717697,0.8899999856948853,0.7013999819755554
YBR244W,YPL154C,0,-6.43657,0.11258696764707565,0.8899999856948853,0.7014999985694885
YMR042W,YJR044C,0,-6.4367833,0.11257272958755493,0.8899999856948853,0.7016000151634216
YOR142W,YDR465C,0,-6.437235,0.11255849152803421,0.8899999856948853,0.70169997215271
YGR246C,YNL318C,0,-6.4372363,0.11254426091909409,0.8899999856948853,0.7017999887466431
YKL005C,YNL256W,0,-6.437383,0.11253003031015396,0.8899999856948853,0.7019000053405762
YDR021W,YGR281W,0,-6.4379463,0.11251579970121384,0.8899999856948853,0.7020000219345093
YKL143W,YNR043W,0,-6.4380317,0.11250157654285431,0.8899999856948853,0.7020999789237976
YDL101C,YDL051W,0,-6.43907,0.11248736083507538,0.8899999856948853,0.7021999955177307
YPL001W,YPR046W,0,-6.4393215,0.11247314512729645,0.8899999856948853,0.7023000121116638
YNR030W,YGR109C,0,-6.439415,0.11245893687009811,0.8899999856948853,0.7024000287055969
YGR285C,YPL276W,0,-6.43962,0.11244472861289978,0.8899999856948853,0.7024999856948853
YBR243C,YMR210W,0,-6.4397545,0.11243052035570145,0.8899999856948853,0.7026000022888184
YMR280C,YBR275C,0,-6.43979,0.11241631954908371,0.8899999856948853,0.7027000188827515
YPR030W,YHR135C,1,-6.4399576,0.11252841353416443,0.890999972820282,0.7027000188827515
YMR041C,YJR092W,0,-6.4400654,0.1125142052769661,0.890999972820282,0.7027999758720398
YKL002W,YDR195W,0,-6.4400735,0.11249999701976776,0.890999972820282,0.7028999924659729
YPL021W,YNL304W,0,-6.4401355,0.11248579621315002,0.890999972820282,0.703000009059906
YDR448W,YKL125W,0,-6.4401765,0.11247159540653229,0.890999972820282,0.7031000256538391
YGR088W,YOR338W,0,-6.4403257,0.11245740205049515,0.890999972820282,0.7031999826431274
YCR012W,YLR135W,0,-6.4407997,0.11244320869445801,0.890999972820282,0.7032999992370605
YDR228C,YNL290W,0,-6.440996,0.11242902278900146,0.890999972820282,0.7034000158309937
YOR023C,YAL059W,0,-6.4413075,0.11241483688354492,0.890999972820282,0.703499972820282
YGL195W,YMR210W,0,-6.441784,0.11240065842866898,0.890999972820282,0.7035999894142151
YPL112C,YNL186W,0,-6.442377,0.11238647997379303,0.890999972820282,0.7037000060081482
YJR090C,YKL214C,0,-6.4424405,0.11237230151891708,0.890999972820282,0.7038000226020813
YCR089W,YDL058W,0,-6.4425764,0.11235813051462173,0.890999972820282,0.7038999795913696
YER065C,YPL209C,0,-6.4426093,0.11234396696090698,0.890999972820282,0.7039999961853027
YIL009W,YMR069W,0,-6.4427614,0.11232980340719223,0.890999972820282,0.7041000127792358
YLR105C,YCR081W,0,-6.443832,0.11231563985347748,0.890999972820282,0.704200029373169
YBR092C,YFR005C,0,-6.444419,0.11230148375034332,0.890999972820282,0.7042999863624573
YER174C,YER074W-A,0,-6.4444647,0.11228733509778976,0.890999972820282,0.7044000029563904
YJR145C,YPL235W,0,-6.4450316,0.1122731864452362,0.890999972820282,0.7045000195503235
YER040W,YNL131W,0,-6.4450564,0.11225903779268265,0.890999972820282,0.7045999765396118
YPR185W,YLL009C,0,-6.4453816,0.11224489659070969,0.890999972820282,0.7046999931335449
YDL105W,YOR069W,0,-6.445811,0.11223076283931732,0.890999972820282,0.704800009727478
YCR106W,YLR147C,0,-6.446098,0.11221662163734436,0.890999972820282,0.7049000263214111
YPR133W-A,YJL045W,0,-6.4462423,0.11220249533653259,0.890999972820282,0.7049999833106995
YEL032W,YJL035C,0,-6.446921,0.11218836903572083,0.890999972820282,0.7050999999046326
YIL123W,YAL002W,0,-6.4473143,0.11217424273490906,0.890999972820282,0.7052000164985657
YLR453C,YGR005C,0,-6.4474688,0.11216012388467789,0.890999972820282,0.705299973487854
YER062C,YNL229C,0,-6.4475017,0.11214600503444672,0.890999972820282,0.7053999900817871
YNL072W,YNL045W,0,-6.4485755,0.11213189363479614,0.890999972820282,0.7055000066757202
YKL172W,YEL034W,0,-6.448855,0.11211778223514557,0.890999972820282,0.7056000232696533
YOR284W,YEL057C,0,-6.449475,0.112103670835495,0.890999972820282,0.7056999802589417
YEL018W,YCR020W-B,0,-6.44969,0.11208957433700562,0.890999972820282,0.7057999968528748
YAL001C,YOR229W,0,-6.4499125,0.11207547038793564,0.890999972820282,0.7059000134468079
YOR151C,YER180C-A,0,-6.449991,0.11206137388944626,0.890999972820282,0.7059999704360962
YGR037C,YDR416W,0,-6.4500775,0.11204728484153748,0.890999972820282,0.7060999870300293
YER179W,YOL033W,0,-6.450825,0.11203319579362869,0.890999972820282,0.7062000036239624
YBR060C,YGL205W,0,-6.4510083,0.11201910674571991,0.890999972820282,0.7063000202178955
YJR121W,YDR325W,0,-6.4514127,0.11200502514839172,0.890999972820282,0.7063999772071838
YKL141W,YER180C-A,0,-6.4514313,0.11199095100164413,0.890999972820282,0.7064999938011169
YDR345C,YOL076W,0,-6.4515224,0.11197687685489655,0.890999972820282,0.70660001039505
YPL275W,YCR065W,0,-6.4515467,0.11196280270814896,0.890999972820282,0.7067000269889832
YKL089W,YPL188W,0,-6.4530663,0.11194873601198196,0.890999972820282,0.7067999839782715
YIL037C,YGR072W,0,-6.4532094,0.11193467676639557,0.890999972820282,0.7069000005722046
YFL002C,YGR033C,0,-6.453609,0.11192061007022858,0.890999972820282,0.7070000171661377
YGR256W,YKL008C,0,-6.4536433,0.11190655827522278,0.890999972820282,0.707099974155426
YGR014W,YPR002W,0,-6.454391,0.11189250648021698,0.890999972820282,0.7071999907493591
YKL048C,YAL047C,0,-6.4545407,0.11187845468521118,0.890999972820282,0.7073000073432922
YHR081W,YOR060C,0,-6.454682,0.11186441034078598,0.890999972820282,0.7074000239372253
YDR176W,YJR143C,0,-6.454716,0.11185036599636078,0.890999972820282,0.7074999809265137
YGR202C,YDR323C,0,-6.4547915,0.11183632165193558,0.890999972820282,0.7075999975204468
YKR061W,YLR167W,0,-6.4549584,0.11182229220867157,0.890999972820282,0.7077000141143799
YFL013C,YER171W,0,-6.4549623,0.11180825531482697,0.890999972820282,0.7077999711036682
YER045C,YJR060W,0,-6.4551735,0.11179422587156296,0.890999972820282,0.7078999876976013
YPR200C,YDL224C,0,-6.455362,0.11178020387887955,0.890999972820282,0.7080000042915344
YIR023W,YBR119W,0,-6.4555125,0.11176618188619614,0.890999972820282,0.7081000208854675
YJR047C,YBR183W,0,-6.4555387,0.11175215989351273,0.890999972820282,0.7081999778747559
YER168C,YNL307C,0,-6.455877,0.11173814535140991,0.890999972820282,0.708299994468689
YAL013W,YAL047C,0,-6.456308,0.1117241382598877,0.890999972820282,0.7084000110626221
YHR068W,YDR527W,0,-6.4563837,0.11171013116836548,0.890999972820282,0.7085000276565552
YGR230W,YNL073W,0,-6.4565983,0.11169612407684326,0.890999972820282,0.7085999846458435
YBL082C,YIR019C,0,-6.4566293,0.11168212443590164,0.890999972820282,0.7087000012397766
YPR200C,YIL122W,0,-6.4566894,0.11166813224554062,0.890999972820282,0.7088000178337097
YFL025C,YGR143W,0,-6.456979,0.111654132604599,0.890999972820282,0.708899974822998
YGL001C,YOR216C,0,-6.457543,0.11164014786481857,0.890999972820282,0.7089999914169312
YCR031C,YMR134W,0,-6.457649,0.11162615567445755,0.890999972820282,0.7091000080108643
YLR096W,YGL035C,0,-6.457786,0.11161217838525772,0.890999972820282,0.7092000246047974
YOR143C,YIL023C,0,-6.4578524,0.1115981936454773,0.890999972820282,0.7092999815940857
YPL008W,YOR046C,0,-6.4578824,0.11158422380685806,0.890999972820282,0.7093999981880188
YHR139C,YIL077C,0,-6.4580073,0.11157024651765823,0.890999972820282,0.7095000147819519
YNL073W,YJL089W,0,-6.4581523,0.111556276679039,0.890999972820282,0.7095999717712402
YDR021W,YBR175W,0,-6.4586,0.11154231429100037,0.890999972820282,0.7096999883651733
YDR375C,YLL034C,0,-6.458773,0.11152835190296173,0.890999972820282,0.7098000049591064
YNL182C,YDL007W,0,-6.45892,0.1115143895149231,0.890999972820282,0.7099000215530396
YFL013C,YDR113C,0,-6.459262,0.11150043457746506,0.890999972820282,0.7099999785423279
YGL043W,YLR212C,0,-6.4595733,0.11148648709058762,0.890999972820282,0.710099995136261
YPL115C,YCL020W,0,-6.459885,0.11147253960371017,0.890999972820282,0.7102000117301941
YDR184C,YGR197C,0,-6.4604425,0.11145859211683273,0.890999972820282,0.7103000283241272
YER049W,YCR102C,0,-6.4616723,0.11144465208053589,0.890999972820282,0.7103999853134155
YLR155C,YFL011W,0,-6.461713,0.11143071204423904,0.890999972820282,0.7105000019073486
YHR015W,YER095W,0,-6.461798,0.1114167794585228,0.890999972820282,0.7106000185012817
YPL095C,YLR288C,0,-6.461924,0.11140285432338715,0.890999972820282,0.7106999754905701
YBR276C,YKR060W,0,-6.461992,0.1113889217376709,0.890999972820282,0.7107999920845032
YOR180C,YML015C,0,-6.462418,0.11137499660253525,0.890999972820282,0.7109000086784363
YJL031C,YBR298C,0,-6.4624743,0.1113610789179802,0.890999972820282,0.7110000252723694
YMR133W,YLR417W,0,-6.4627967,0.11134716123342514,0.890999972820282,0.7110999822616577
YMR001C,YAR033W,0,-6.463489,0.11133325099945068,0.890999972820282,0.7111999988555908
YML043C,YLR090W,0,-6.4635963,0.11131934076547623,0.890999972820282,0.7113000154495239
YKL182W,YLR452C,0,-6.463848,0.11130543053150177,0.890999972820282,0.7113999724388123
YDL208W,YHR079C-A,0,-6.4638805,0.11129152774810791,0.890999972820282,0.7114999890327454
YHR120W,YBR276C,0,-6.4644785,0.11127763241529465,0.890999972820282,0.7116000056266785
YDR295C,YGL018C,0,-6.464559,0.11126373708248138,0.890999972820282,0.7117000222206116
YOR033C,YER178W,0,-6.46476,0.11124984174966812,0.890999972820282,0.7117999792098999
YHL038C,YKL197C,0,-6.4651394,0.11123595386743546,0.890999972820282,0.711899995803833
YIL123W,YOL125W,0,-6.465211,0.11122206598520279,0.890999972820282,0.7120000123977661
YJL081C,YBR065C,0,-6.4652333,0.11120818555355072,0.890999972820282,0.7121000289916992
YFR028C,YBR175W,0,-6.465325,0.11119431257247925,0.890999972820282,0.7121999859809875
YFL014W,YKL200C,0,-6.4654937,0.11118043214082718,0.890999972820282,0.7123000025749207
YFL010W-A,YCL063W,0,-6.4656844,0.1111665591597557,0.890999972820282,0.7124000191688538
YJL072C,YLR006C,0,-6.465746,0.11115269362926483,0.890999972820282,0.7124999761581421
YNL206C,YHR138C,0,-6.4664035,0.11113882809877396,0.890999972820282,0.7125999927520752
YAL047C,YDL092W,0,-6.466568,0.11112497001886368,0.890999972820282,0.7127000093460083
YKL190W,YMR247C,0,-6.4676957,0.1111111119389534,0.890999972820282,0.7128000259399414
YOR334W,YIL121W,0,-6.467829,0.11109725385904312,0.890999972820282,0.7128999829292297
YHR171W,YPL235W,0,-6.467869,0.11108340322971344,0.890999972820282,0.7129999995231628
YJL048C,YMR293C,0,-6.4685597,0.11106956005096436,0.890999972820282,0.713100016117096
YGR218W,YAL047C,0,-6.468574,0.11105571687221527,0.890999972820282,0.7131999731063843
YNL135C,YPL155C,0,-6.468798,0.11104187369346619,0.890999972820282,0.7132999897003174
YHR026W,YEL041W,0,-6.4693007,0.1110280379652977,0.890999972820282,0.7134000062942505
YPL097W,YOR036W,0,-6.469765,0.11101420223712921,0.890999972820282,0.7135000228881836
YJR108W,YML028W,0,-6.469918,0.11100037395954132,0.890999972820282,0.7135999798774719
YPL096C-A,YDR108W,0,-6.469945,0.11098654568195343,0.890999972820282,0.713699996471405
YBR160W,YKL182W,0,-6.4701066,0.11097272485494614,0.890999972820282,0.7138000130653381
YGR225W,YNL291C,0,-6.470485,0.11095890402793884,0.890999972820282,0.7139000296592712
YFR053C,YJL222W,0,-6.470508,0.11094509065151215,0.890999972820282,0.7139999866485596
YBL023C,YNL221C,0,-6.470813,0.11093127727508545,0.890999972820282,0.7141000032424927
YHR015W,YOR194C,0,-6.4708247,0.11091746389865875,0.890999972820282,0.7142000198364258
YPR112C,YLR006C,0,-6.470883,0.11090365797281265,0.890999972820282,0.7142999768257141
YER014C-A,YDR075W,0,-6.47091,0.11088985949754715,0.890999972820282,0.7143999934196472
YPR057W,YBR058C-A,0,-6.4713492,0.11087606102228165,0.890999972820282,0.7145000100135803
YMR116C,YPL254W,0,-6.4716144,0.11086226254701614,0.890999972820282,0.7146000266075134
YER001W,YOR338W,0,-6.471885,0.11084847152233124,0.890999972820282,0.7146999835968018
YDR174W,YOR003W,0,-6.472659,0.11083468049764633,0.890999972820282,0.7148000001907349
YDL028C,YDR379W,0,-6.472885,0.11082089692354202,0.890999972820282,0.714900016784668
YGL067W,YOR119C,0,-6.47297,0.11080711334943771,0.890999972820282,0.7149999737739563
YOL040C,YLR010C,0,-6.473004,0.110793337225914,0.890999972820282,0.7150999903678894
YML091C,YGR285C,0,-6.47329,0.11077956110239029,0.890999972820282,0.7152000069618225
YGR165W,YPL188W,0,-6.4734006,0.11076578497886658,0.890999972820282,0.7153000235557556
YBL093C,YIL123W,0,-6.473762,0.11075201630592346,0.890999972820282,0.715399980545044
YFR033C,YCL010C,0,-6.473966,0.11073825508356094,0.890999972820282,0.715499997138977
YMR190C,YFL026W,0,-6.474275,0.11072449386119843,0.890999972820282,0.7156000137329102
YDR281C,YMR117C,0,-6.4748564,0.11071073263883591,0.890999972820282,0.7156999707221985
YJL020C,YGR060W,0,-6.474972,0.11069697886705399,0.890999972820282,0.7157999873161316
YHR096C,YPL237W,0,-6.4752336,0.11068323254585266,0.890999972820282,0.7159000039100647
YIL037C,YDL064W,0,-6.4754214,0.11066947877407074,0.890999972820282,0.7160000205039978
YLR433C,YLR081W,0,-6.4757667,0.11065573990345001,0.890999972820282,0.7160999774932861
YHR059W,YOR386W,0,-6.4760756,0.11064199358224869,0.890999972820282,0.7161999940872192
YOR061W,YOR305W,0,-6.4762006,0.11062826216220856,0.890999972820282,0.7163000106811523
YOR145C,YMR075W,0,-6.4762554,0.11061452329158783,0.890999972820282,0.7164000272750854
YPL231W,YGL151W,0,-6.476355,0.1106007918715477,0.890999972820282,0.7164999842643738
YLR129W,YLR150W,0,-6.4768004,0.11058706790208817,0.890999972820282,0.7166000008583069
YJL138C,YDR115W,0,-6.477153,0.11057334393262863,0.890999972820282,0.71670001745224
YKL160W,YLR435W,0,-6.4772973,0.1105596199631691,0.890999972820282,0.7167999744415283
YGL216W,YNL201C,0,-6.4773583,0.11054590344429016,0.890999972820282,0.7168999910354614
YDR030C,YJR141W,0,-6.4774804,0.11053219437599182,0.890999972820282,0.7170000076293945
YJL219W,YMR143W,0,-6.477712,0.11051848530769348,0.890999972820282,0.7171000242233276
YAR019C,YDR364C,0,-6.4779325,0.11050477623939514,0.890999972820282,0.717199981212616
YNL036W,YHR038W,0,-6.478191,0.1104910746216774,0.890999972820282,0.7172999978065491
YBR061C,YML131W,0,-6.4784055,0.11047737300395966,0.890999972820282,0.7174000144004822
YAL031C,YLR301W,0,-6.4787483,0.11046367138624191,0.890999972820282,0.7174999713897705
YOR315W,YNL241C,0,-6.4790063,0.11044998466968536,0.890999972820282,0.7175999879837036
YOL086C,YPR054W,0,-6.4791055,0.11043629050254822,0.890999972820282,0.7177000045776367
YIL034C,YFL014W,0,-6.479521,0.11042260378599167,0.890999972820282,0.7178000211715698
YBR059C,YAR044W,1,-6.4796696,0.11053283512592316,0.8920000195503235,0.7178000211715698
YJR135C,YGR179C,0,-6.48002,0.11051914095878601,0.8920000195503235,0.7178999781608582
YPL018W,YER105C,0,-6.4800563,0.11050545424222946,0.8920000195503235,0.7179999947547913
YPR162C,YDR080W,0,-6.480373,0.11049176007509232,0.8920000195503235,0.7181000113487244
YBR021W,YDR272W,0,-6.481552,0.11047808080911636,0.8920000195503235,0.7182000279426575
YGR078C,YGL098W,0,-6.4816747,0.11046439409255981,0.8920000195503235,0.7182999849319458
YAL056W,YOR088W,0,-6.481734,0.11045071482658386,0.8920000195503235,0.7184000015258789
YDR245W,YAR009C,0,-6.4820275,0.11043704301118851,0.8920000195503235,0.718500018119812
YLR192C,YBR284W,0,-6.482032,0.11042337119579315,0.8920000195503235,0.7185999751091003
YJL186W,YBL014C,0,-6.482222,0.1104097068309784,0.8920000195503235,0.7186999917030334
YER016W,YML113W,0,-6.4823384,0.11039604246616364,0.8920000195503235,0.7188000082969666
YER106W,YNR032W,0,-6.482425,0.11038237810134888,0.8920000195503235,0.7189000248908997
YFR030W,YER013W,0,-6.4824705,0.11036872118711472,0.8920000195503235,0.718999981880188
YLR242C,YHR016C,1,-6.482962,0.11047878116369247,0.8930000066757202,0.718999981880188
YNL065W,YFR050C,0,-6.48316,0.11046511679887772,0.8930000066757202,0.7190999984741211
YDR021W,YFR034C,0,-6.4834127,0.11045145243406296,0.8930000066757202,0.7192000150680542
YJR057W,YNL139C,0,-6.483796,0.1104377955198288,0.8930000066757202,0.7192999720573425
YDL085W,YPR132W,0,-6.483939,0.11042413860559464,0.8930000066757202,0.7193999886512756
YMR292W,YMR260C,0,-6.484231,0.11041048169136047,0.8930000066757202,0.7195000052452087
YJL060W,YMR213W,0,-6.484853,0.11039683222770691,0.8930000066757202,0.7196000218391418
YKL068W,YHR020W,0,-6.4850416,0.11038319021463394,0.8930000066757202,0.7196999788284302
YDR277C,YER154W,0,-6.4851184,0.11036954820156097,0.8930000066757202,0.7197999954223633
YNL256W,YOL072W,0,-6.4852233,0.110355906188488,0.8930000066757202,0.7199000120162964
YHR013C,YGR249W,0,-6.4855313,0.11034227162599564,0.8930000066757202,0.7200000286102295
YPL149W,YDR306C,0,-6.486133,0.11032863706350327,0.8930000066757202,0.7200999855995178
YJL184W,YOR007C,0,-6.48649,0.11031500995159149,0.8930000066757202,0.7202000021934509
YOR099W,YKL086W,0,-6.4867826,0.11030138283967972,0.8930000066757202,0.720300018787384
YGL043W,YDL058W,0,-6.4869776,0.11028776317834854,0.8930000066757202,0.7203999757766724
YGR070W,YOR315W,0,-6.487009,0.11027414351701736,0.8930000066757202,0.7204999923706055
YPL078C,YOR305W,0,-6.4876237,0.11026052385568619,0.8930000066757202,0.7206000089645386
YIL044C,YNR075W,1,-6.4877877,0.11037036776542664,0.8939999938011169,0.7206000089645386
YDR179C,YAL024C,0,-6.48818,0.11035674810409546,0.8939999938011169,0.7207000255584717
YHR092C,YLR224W,0,-6.489159,0.11034312844276428,0.8939999938011169,0.72079998254776
YDR016C,YKR081C,0,-6.4896693,0.1103295087814331,0.8939999938011169,0.7208999991416931
YMR042W,YDR365C,0,-6.489716,0.11031589657068253,0.8939999938011169,0.7210000157356262
YAL056W,YDR398W,0,-6.48976,0.11030228435993195,0.8939999938011169,0.7210999727249146
YGL211W,YOR313C,0,-6.489918,0.11028867214918137,0.8939999938011169,0.7211999893188477
YPL086C,YDR392W,0,-6.4900007,0.11027506738901138,0.8939999938011169,0.7213000059127808
YHR114W,YGL046W,1,-6.4901857,0.11038480699062347,0.8949999809265137,0.7213000059127808
YGL194C,YOL126C,0,-6.4902782,0.1103711947798729,0.8949999809265137,0.7214000225067139
YNL182C,YER038C,0,-6.4903536,0.11035758256912231,0.8949999809265137,0.7214999794960022
YMR138W,YNL236W,0,-6.490703,0.11034397780895233,0.8949999809265137,0.7215999960899353
YLR309C,YJL025W,0,-6.4908204,0.11033037304878235,0.8949999809265137,0.7217000126838684
YNL101W,YPR031W,0,-6.491174,0.11031677573919296,0.8949999809265137,0.7218000292778015
YKR048C,YGL158W,0,-6.4912753,0.11030317842960358,0.8949999809265137,0.7218999862670898
YCR014C,YJL098W,0,-6.4915895,0.11028958857059479,0.8949999809265137,0.722000002861023
YOL149W,YBR006W,0,-6.4918623,0.110275998711586,0.8949999809265137,0.722100019454956
YLR453C,YNL131W,0,-6.492244,0.11026240885257721,0.8949999809265137,0.7221999764442444
YKL185W,YER028C,0,-6.4926867,0.11024882644414902,0.8949999809265137,0.7222999930381775
YOR245C,YPL131W,0,-6.493156,0.11023525148630142,0.8949999809265137,0.7224000096321106
YGL044C,YCR102C,0,-6.493483,0.11022167652845383,0.8949999809265137,0.7225000262260437
YBR155W,YPR189W,0,-6.4936633,0.11020810157060623,0.8949999809265137,0.722599983215332
YMR219W,YNL222W,0,-6.4938273,0.11019453406333923,0.8949999809265137,0.7226999998092651
YPR082C,YMR210W,0,-6.4948525,0.11018096655607224,0.8949999809265137,0.7228000164031982
YBL009W,YBL026W,0,-6.494882,0.11016740649938583,0.8949999809265137,0.7228999733924866
YNL093W,YHR016C,1,-6.4949994,0.11027692258358002,0.8960000276565552,0.7228999733924866
YCL014W,YIL160C,0,-6.4953656,0.11026335507631302,0.8960000276565552,0.7229999899864197
YOL126C,YBR153W,0,-6.4955306,0.11024978756904602,0.8960000276565552,0.7231000065803528
YGR171C,YOL104C,0,-6.4955935,0.11023622006177902,0.8960000276565552,0.7232000231742859
YNL072W,YDR306C,0,-6.4956985,0.11022266000509262,0.8960000276565552,0.7232999801635742
YML071C,YCR040W,0,-6.495931,0.11020909994840622,0.8960000276565552,0.7233999967575073
YGR225W,YLR102C,0,-6.496004,0.11019554734230042,0.8960000276565552,0.7235000133514404
YBR091C,YOL061W,0,-6.496161,0.11018199473619461,0.8960000276565552,0.7235999703407288
YJL092W,YNL173C,0,-6.4966493,0.1101684495806694,0.8960000276565552,0.7236999869346619
YGL207W,YGR185C,0,-6.49673,0.1101549044251442,0.8960000276565552,0.723800003528595
YNR038W,YJL072C,0,-6.497591,0.11014136672019958,0.8960000276565552,0.7239000201225281
YDL175C,YIR010W,0,-6.4976172,0.11012782901525497,0.8960000276565552,0.7239999771118164
YMR092C,YIL123W,0,-6.497647,0.11011429131031036,0.8960000276565552,0.7240999937057495
YGR186W,YDR306C,0,-6.4979377,0.11010076105594635,0.8960000276565552,0.7242000102996826
YOR213C,YMR322C,0,-6.4984775,0.11008723080158234,0.8960000276565552,0.7243000268936157
YJR155W,YPR191W,0,-6.4989014,0.11007370799779892,0.8960000276565552,0.724399983882904
YHR171W,YDR195W,0,-6.499043,0.1100601926445961,0.8960000276565552,0.7245000004768372
YGL027C,YJR137C,0,-6.4995923,0.11004666984081268,0.8960000276565552,0.7246000170707703
YML058W-A,YKL045W,0,-6.4996777,0.11003315448760986,0.8960000276565552,0.7246999740600586
YDR245W,YER173W,0,-6.499818,0.11001964658498764,0.8960000276565552,0.7247999906539917
YGR038W,YMR075W,0,-6.500181,0.11000613868236542,0.8960000276565552,0.7249000072479248
YJR090C,YDR308C,0,-6.5002213,0.1099926307797432,0.8960000276565552,0.7250000238418579
YAR044W,YLR240W,1,-6.501204,0.11010187864303589,0.8970000147819519,0.7250000238418579
YCR020W-B,YGL229C,0,-6.501469,0.11008836328983307,0.8970000147819519,0.7250999808311462
YGL105W,YFR055W,0,-6.5020022,0.11007485538721085,0.8970000147819519,0.7251999974250793
YMR168C,YGL063W,0,-6.502581,0.11006134748458862,0.8970000147819519,0.7253000140190125
YBR142W,YNL332W,0,-6.5030227,0.110047847032547,0.8970000147819519,0.7253999710083008
YGR078C,YLR006C,0,-6.503499,0.11003434658050537,0.8970000147819519,0.7254999876022339
YOR380W,YOR229W,0,-6.5036445,0.11002085357904434,0.8970000147819519,0.725600004196167
YDL044C,YER002W,0,-6.5041194,0.11000736057758331,0.8970000147819519,0.7257000207901001
YDL024C,YAL010C,0,-6.5041976,0.10999386757612228,0.8970000147819519,0.7257999777793884
YOR299W,YPR095C,0,-6.5054884,0.10998038202524185,0.8970000147819519,0.7258999943733215
YOR321W,YNL247W,0,-6.505579,0.10996689647436142,0.8970000147819519,0.7260000109672546
YMR081C,YGR048W,0,-6.505774,0.10995341837406158,0.8970000147819519,0.7261000275611877
YNR002C,YJR143C,0,-6.5058675,0.10993994027376175,0.8970000147819519,0.7261999845504761
YGR123C,YIL109C,0,-6.5060925,0.10992646962404251,0.8970000147819519,0.7263000011444092
YOR180C,YIR041W,0,-6.5061526,0.10991299897432327,0.8970000147819519,0.7264000177383423
YER041W,YDR306C,0,-6.506746,0.10989953577518463,0.8970000147819519,0.7264999747276306
YMR290C,YOR288C,0,-6.5071673,0.10988607257604599,0.8970000147819519,0.7265999913215637
YEL032W,YLR006C,0,-6.5072374,0.10987260937690735,0.8970000147819519,0.7267000079154968
YKL005C,YOL040C,0,-6.5072694,0.1098591536283493,0.8970000147819519,0.7268000245094299
YGL207W,YDR115W,0,-6.5076823,0.10984570533037186,0.8970000147819519,0.7268999814987183
YDR212W,YBR183W,0,-6.5078864,0.10983224958181381,0.8970000147819519,0.7269999980926514
YDR065W,YOR338W,0,-6.5079846,0.10981880873441696,0.8970000147819519,0.7271000146865845
YNL207W,YAL016W,0,-6.508398,0.10980536043643951,0.8970000147819519,0.7271999716758728
YDL220C,YJL025W,0,-6.508455,0.10979191958904266,0.8970000147819519,0.7272999882698059
YOL089C,YBR092C,0,-6.5086284,0.10977848619222641,0.8970000147819519,0.727400004863739
YDR021W,YDL097C,0,-6.508906,0.10976505279541016,0.8970000147819519,0.7275000214576721
YIL061C,YGL255W,0,-6.51018,0.1097516193985939,0.8970000147819519,0.7275999784469604
YJR092W,YDL195W,0,-6.5105686,0.10973819345235825,0.8970000147819519,0.7276999950408936
YLR362W,YNL339C,0,-6.5106096,0.10972476750612259,0.8970000147819519,0.7278000116348267
YBR213W,YDR400W,0,-6.511255,0.10971134901046753,0.8970000147819519,0.7279000282287598
YML065W,YPL011C,0,-6.5114813,0.10969793051481247,0.8970000147819519,0.7279999852180481
YBR214W,YAR044W,1,-6.512077,0.10980679839849472,0.8980000019073486,0.7279999852180481
YGL021W,YCL024W,0,-6.5121465,0.10979337245225906,0.8980000019073486,0.7281000018119812
YOR120W,YPR002W,0,-6.512316,0.109779953956604,0.8980000019073486,0.7282000184059143
YKR024C,YOL004W,0,-6.5124,0.10976653546094894,0.8980000019073486,0.7282999753952026
YGL136C,YGL229C,0,-6.5125127,0.10975311696529388,0.8980000019073486,0.7283999919891357
YJL102W,YIL121W,0,-6.512901,0.10973970592021942,0.8980000019073486,0.7285000085830688
YFL017W-A,YMR134W,0,-6.5129538,0.10972629487514496,0.8980000019073486,0.728600025177002
YCL051W,YGL135W,0,-6.513344,0.10971289128065109,0.8980000019073486,0.7286999821662903
YHR143W,YOR253W,0,-6.513899,0.10969948768615723,0.8980000019073486,0.7287999987602234
YMR048W,YMR080C,0,-6.5139856,0.10968608409166336,0.8980000019073486,0.7289000153541565
YLL009C,YLR224W,0,-6.514042,0.10967269539833069,0.8980000019073486,0.7289999723434448
YGR113W,YOR351C,0,-6.5145984,0.10965929925441742,0.8980000019073486,0.7290999889373779
YFL011W,YLR182W,0,-6.514949,0.10964591056108475,0.8980000019073486,0.729200005531311
YHR124W,YPL138C,0,-6.5151,0.10963252186775208,0.8980000019073486,0.7293000221252441
YOL040C,YMR229C,0,-6.515139,0.109619140625,0.8980000019073486,0.7293999791145325
YOR237W,YAR042W,1,-6.5152755,0.10972781479358673,0.8989999890327454,0.7293999791145325
YBL047C,YOR237W,1,-6.515976,0.10983646661043167,0.8999999761581421,0.7293999791145325
YDL090C,YMR050C,0,-6.5160327,0.1098230630159378,0.8999999761581421,0.7294999957084656
YER174C,YGL183C,0,-6.5160923,0.10980966687202454,0.8999999761581421,0.7296000123023987
YJR007W,YGL096W,0,-6.5164475,0.10979626327753067,0.8999999761581421,0.7297000288963318
YKL101W,YHR060W,0,-6.5165896,0.109782874584198,0.8999999761581421,0.7297999858856201
YIL124W,YDR300C,0,-6.516851,0.10976948589086533,0.8999999761581421,0.7299000024795532
YDR009W,YHR092C,0,-6.517476,0.10975609719753265,0.8999999761581421,0.7300000190734863
YER044C,YHR204W,0,-6.517731,0.10974271595478058,0.8999999761581421,0.7300999760627747
YPL101W,YGL251C,0,-6.518561,0.1097293347120285,0.8999999761581421,0.7301999926567078
YLR210W,YGR144W,0,-6.518802,0.10971596091985703,0.8999999761581421,0.7303000092506409
YDR294C,YMR290C,0,-6.519118,0.10970258712768555,0.8999999761581421,0.730400025844574
YHR118C,YHR152W,0,-6.519175,0.10968921333551407,0.8999999761581421,0.7304999828338623
YDL090C,YBL100W-A,0,-6.5192657,0.10967584699392319,0.8999999761581421,0.7305999994277954
YNL172W,YHR102W,0,-6.5205684,0.1096624806523323,0.8999999761581421,0.7307000160217285
YDR527W,YFR031C,0,-6.5211263,0.10964912176132202,0.8999999761581421,0.7307999730110168
YDR270W,YML040W,0,-6.521232,0.10963576287031174,0.8999999761581421,0.73089998960495
YHR148W,YBL056W,0,-6.5215325,0.10962241142988205,0.8999999761581421,0.7310000061988831
YMR092C,YEL029C,0,-6.5217566,0.10960905998945236,0.8999999761581421,0.7311000227928162
YBL071W-A,YBR083W,0,-6.5218854,0.10959571599960327,0.8999999761581421,0.7311999797821045
YNR074C,YKR086W,0,-6.5220084,0.10958237200975418,0.8999999761581421,0.7312999963760376
YBR154C,YNL272C,0,-6.522125,0.10956902801990509,0.8999999761581421,0.7314000129699707
YDR342C,YDR324C,0,-6.522297,0.1095556914806366,0.8999999761581421,0.7315000295639038
YBR161W,YOR211C,0,-6.522959,0.1095423549413681,0.8999999761581421,0.7315999865531921
YGR041W,YDR306C,0,-6.52305,0.1095290258526802,0.8999999761581421,0.7317000031471252
YNR074C,YCL027W,0,-6.523559,0.10951569676399231,0.8999999761581421,0.7318000197410583
YDR524C,YBL106C,0,-6.5239825,0.10950237512588501,0.8999999761581421,0.7318999767303467
YGR081C,YBR162C,0,-6.5240073,0.10948905348777771,0.8999999761581421,0.7319999933242798
YNL048W,YHL047C,0,-6.52414,0.10947573184967041,0.8999999761581421,0.7321000099182129
YPL021W,YBR091C,0,-6.524244,0.10946241766214371,0.8999999761581421,0.732200026512146
YER154W,YMR322C,0,-6.524389,0.109449103474617,0.8999999761581421,0.7322999835014343
YNR032C-A,YPR018W,0,-6.524403,0.1094357967376709,0.8999999761581421,0.7324000000953674
YCR040W,YHR172W,0,-6.524878,0.10942249000072479,0.8999999761581421,0.7325000166893005
YGR278W,YMR231W,0,-6.5249715,0.10940919071435928,0.8999999761581421,0.7325999736785889
YMR150C,YOL097C,0,-6.5250735,0.10939589142799377,0.8999999761581421,0.732699990272522
YLR186W,YBR119W,0,-6.525164,0.10938259959220886,0.8999999761581421,0.7328000068664551
YGL253W,YJL025W,0,-6.525342,0.10936930030584335,0.8999999761581421,0.7329000234603882
YGR175C,YOR305W,0,-6.5255284,0.10935601592063904,0.8999999761581421,0.7329999804496765
YCL035C,YDR018C,0,-6.5256343,0.10934273153543472,0.8999999761581421,0.7330999970436096
YGL168W,YPL188W,0,-6.525727,0.10932944715023041,0.8999999761581421,0.7332000136375427
YHL028W,YOR084W,0,-6.5258107,0.10931617021560669,0.8999999761581421,0.733299970626831
YHR050W,YJR007W,0,-6.5266156,0.10930289328098297,0.8999999761581421,0.7333999872207642
YMR234W,YGR118W,0,-6.5275426,0.10928961634635925,0.8999999761581421,0.7335000038146973
YMR033W,YPL192C,0,-6.527919,0.10927634686231613,0.8999999761581421,0.7336000204086304
YHL047C,YHR072W-A,0,-6.5284877,0.10926308482885361,0.8999999761581421,0.7336999773979187
YGL247W,YHR023W,0,-6.5285974,0.10924981534481049,0.8999999761581421,0.7337999939918518
YJR158W,YLR010C,0,-6.529473,0.10923656076192856,0.8999999761581421,0.7339000105857849
YBR210W,YDR523C,0,-6.529555,0.10922329872846603,0.8999999761581421,0.734000027179718
YOL104C,YOL109W,0,-6.5297003,0.1092100441455841,0.8999999761581421,0.7340999841690063
YNL242W,YIL147C,0,-6.5298047,0.10919679701328278,0.8999999761581421,0.7342000007629395
YHR038W,YLR360W,0,-6.52998,0.10918354988098145,0.8999999761581421,0.7343000173568726
YOR087W,YML040W,0,-6.530242,0.10917030274868011,0.8999999761581421,0.7343999743461609
YMR032W,YDR235W,0,-6.5312343,0.10915706306695938,0.8999999761581421,0.734499990940094
YFR053C,YMR247C,0,-6.5312476,0.10914383083581924,0.8999999761581421,0.7346000075340271
YCR058C,YMR125W,0,-6.531267,0.10913059115409851,0.8999999761581421,0.7347000241279602
YJR007W,YGR047C,0,-6.531786,0.10911735892295837,0.8999999761581421,0.7347999811172485
YJL060W,YGL211W,0,-6.5319877,0.10910413414239883,0.8999999761581421,0.7348999977111816
YJR092W,YER165W,0,-6.532193,0.1090909093618393,0.8999999761581421,0.7350000143051147
YFL010W-A,YOL156W,0,-6.532205,0.10907768458127975,0.8999999761581421,0.7350999712944031
YHR124W,YBR253W,0,-6.5331855,0.10906446725130081,0.8999999761581421,0.7351999878883362
YIL122W,YOR213C,0,-6.533191,0.10905125737190247,0.8999999761581421,0.7353000044822693
YKL085W,YLL056C,0,-6.5338616,0.10903804004192352,0.8999999761581421,0.7354000210762024
YPL169C,YPR164W,0,-6.5340724,0.10902483016252518,0.8999999761581421,0.7354999780654907
YER042W,YDR523C,0,-6.534168,0.10901162773370743,0.8999999761581421,0.7355999946594238
YMR246W,YGR264C,0,-6.535072,0.10899842530488968,0.8999999761581421,0.7357000112533569
YML058W-A,YPL121C,0,-6.536183,0.10898522287607193,0.8999999761581421,0.73580002784729
YNL027W,YJR141W,0,-6.53685,0.10897202789783478,0.8999999761581421,0.7358999848365784
YGR224W,YDR131C,0,-6.536883,0.10895884037017822,0.8999999761581421,0.7360000014305115
YGR157W,YOR361C,0,-6.5370884,0.10894564539194107,0.8999999761581421,0.7361000180244446
YPL204W,YAR044W,1,-6.5379286,0.10905349999666214,0.9010000228881836,0.7361000180244446
YMR287C,YDR379W,0,-6.5379734,0.10904029756784439,0.9010000228881836,0.7361999750137329
YJR077C,YGL039W,0,-6.5379844,0.10902710258960724,0.9010000228881836,0.736299991607666
YPL267W,YLR328W,0,-6.538062,0.10901391506195068,0.9010000228881836,0.7364000082015991
YLR382C,YPR095C,0,-6.5380697,0.10900072753429413,0.9010000228881836,0.7365000247955322
YLR138W,YBR111W-A,0,-6.5383086,0.10898754000663757,0.9010000228881836,0.7365999817848206
YPL061W,YCR005C,0,-6.5388236,0.10897435992956161,0.9010000228881836,0.7366999983787537
YDR085C,YDR508C,0,-6.5390115,0.10896117985248566,0.9010000228881836,0.7368000149726868
YOR243C,YDR498C,0,-6.539059,0.1089480072259903,0.9010000228881836,0.7368999719619751
YLL011W,YOL128C,0,-6.5394287,0.10893483459949493,0.9010000228881836,0.7369999885559082
YPL265W,YKL056C,0,-6.5395827,0.10892166197299957,0.9010000228881836,0.7371000051498413
YNR075W,YOR109W,1,-6.539943,0.1090293750166893,0.9020000100135803,0.7371000051498413
YDR492W,YLR260W,0,-6.540076,0.10901619493961334,0.9020000100135803,0.7372000217437744
YBR233W-A,YDL093W,0,-6.5409265,0.10900302231311798,0.9020000100135803,0.7372999787330627
YNL026W,YHR214C-B,0,-6.541334,0.10898984968662262,0.9020000100135803,0.7373999953269958
YAR044W,YOR089C,1,-6.5414977,0.10909749567508698,0.902999997138977,0.7373999953269958
YMR081C,YLR221C,0,-6.54232,0.10908432304859161,0.902999997138977,0.737500011920929
YLR401C,YLR130C,0,-6.5424533,0.10907114297151566,0.902999997138977,0.7376000285148621
YNR075W,YIL002C,1,-6.5438385,0.10917874425649643,0.9039999842643738,0.7376000285148621
YKL114C,YGR133W,0,-6.543983,0.10916555672883987,0.9039999842643738,0.7376999855041504
YPL098C,YPL012W,0,-6.543984,0.10915237665176392,0.9039999842643738,0.7378000020980835
YHL027W,YPL130W,0,-6.544019,0.10913920402526855,0.9039999842643738,0.7379000186920166
YNL166C,YLR383W,0,-6.544042,0.1091260239481926,0.9039999842643738,0.7379999756813049
YML043C,YNL244C,0,-6.5441985,0.10911285132169724,0.9039999842643738,0.738099992275238
YBR131W,YIL077C,0,-6.544427,0.10909968614578247,0.9039999842643738,0.7382000088691711
YBL051C,YLR084C,0,-6.5456996,0.1090865209698677,0.9039999842643738,0.7383000254631042
YHR079C-A,YOR083W,0,-6.5458856,0.10907335579395294,0.9039999842643738,0.7383999824523926
YMR275C,YAR044W,1,-6.5460687,0.10918084532022476,0.9049999713897705,0.7383999824523926
YGR142W,YDR488C,0,-6.5465064,0.1091676726937294,0.9049999713897705,0.7384999990463257
YNL236W,YBR294W,0,-6.5465217,0.10915450751781464,0.9049999713897705,0.7386000156402588
YJL099W,YDL051W,0,-6.547067,0.10914134234189987,0.9049999713897705,0.7386999726295471
YDR088C,YPR095C,0,-6.547133,0.10912817716598511,0.9049999713897705,0.7387999892234802
YLR158C,YOR060C,0,-6.5481052,0.10911501944065094,0.9049999713897705,0.7389000058174133
YPR200C,YNL222W,0,-6.548171,0.10910186916589737,0.9049999713897705,0.7390000224113464
YNL049C,YDL060W,0,-6.548302,0.1090887188911438,0.9049999713897705,0.7390999794006348
YBR017C,YGR183C,0,-6.548504,0.10907556861639023,0.9049999713897705,0.7391999959945679
YER075C,YNL107W,0,-6.5485144,0.10906242579221725,0.9049999713897705,0.739300012588501
YLR433C,YPR133W-A,0,-6.5492187,0.10904928296804428,0.9049999713897705,0.7394000291824341
YGL043W,YLR265C,0,-6.549825,0.1090361475944519,0.9049999713897705,0.7394999861717224
YPL116W,YOR307C,0,-6.5502825,0.10902301222085953,0.9049999713897705,0.7396000027656555
YPL086C,YCR102C,0,-6.550753,0.10900987684726715,0.9049999713897705,0.7397000193595886
YDL159W,YKL070W,0,-6.551077,0.10899674892425537,0.9049999713897705,0.739799976348877
YOR168W,YOR068C,0,-6.551901,0.10898362100124359,0.9049999713897705,0.7398999929428101
YPL021W,YCL051W,0,-6.5519137,0.10897050052881241,0.9049999713897705,0.7400000095367432
YMR186W,YOL124C,0,-6.5519843,0.10895738005638123,0.9049999713897705,0.7401000261306763
YNL291C,YGR239C,0,-6.5522156,0.10894426703453064,0.9049999713897705,0.7401999831199646
YAL033W,YIL109C,0,-6.552254,0.10893115401268005,0.9049999713897705,0.7402999997138977
YLR155C,YGR264C,0,-6.5526385,0.10891804099082947,0.9049999713897705,0.7404000163078308
YLR105C,YOR305W,0,-6.5530972,0.10890493541955948,0.9049999713897705,0.7404999732971191
YKL004W,YDR277C,0,-6.553952,0.10889182984828949,0.9049999713897705,0.7405999898910522
YLR260W,YHR170W,0,-6.553986,0.1088787317276001,0.9049999713897705,0.7407000064849854
YDL138W,YBR111W-A,0,-6.5540643,0.1088656336069107,0.9049999713897705,0.7408000230789185
YLR206W,YOR237W,1,-6.554133,0.10897281765937805,0.906000018119812,0.7408000230789185
YML059C,YHR034C,0,-6.554241,0.10895971208810806,0.906000018119812,0.7408999800682068
YHR081W,YJR141W,0,-6.555532,0.10894660651683807,0.906000018119812,0.7409999966621399
YGR036C,YER070W,0,-6.556751,0.10893350839614868,0.906000018119812,0.741100013256073
YPL211W,YNL160W,0,-6.557362,0.10892041027545929,0.906000018119812,0.7411999702453613
YCR040W,YLR435W,0,-6.557437,0.1089073196053505,0.906000018119812,0.7412999868392944
YNR008W,YKL200C,0,-6.5576863,0.1088942289352417,0.906000018119812,0.7414000034332275
YNR044W,YOR153W,0,-6.558232,0.1088811457157135,0.906000018119812,0.7415000200271606
YPL267W,YMR280C,0,-6.5583863,0.1088680624961853,0.906000018119812,0.741599977016449
YFR028C,YKL197C,0,-6.558703,0.1088549792766571,0.906000018119812,0.7416999936103821
YPR200C,YGR200C,0,-6.558766,0.1088419035077095,0.906000018119812,0.7418000102043152
YMR138W,YDL245C,0,-6.5595784,0.1088288277387619,0.906000018119812,0.7419000267982483
YNR075W,YGL054C,1,-6.560408,0.10893586277961731,0.9070000052452087,0.7419000267982483
YHR129C,YGR192C,0,-6.5605197,0.10892277956008911,0.9070000052452087,0.7419999837875366
YNL102W,YNL026W,0,-6.560619,0.10890970379114151,0.9070000052452087,0.7421000003814697
YLR260W,YPR163C,0,-6.5610905,0.10889662802219391,0.9070000052452087,0.7422000169754028
YMR056C,YOR338W,0,-6.561132,0.10888355225324631,0.9070000052452087,0.7422999739646912
YPR198W,YMR101C,0,-6.5611916,0.1088704839348793,0.9070000052452087,0.7423999905586243
YDR121W,YBR022W,0,-6.5615807,0.1088574156165123,0.9070000052452087,0.7425000071525574
YNL126W,YMR104C,0,-6.562432,0.10884435474872589,0.9070000052452087,0.7426000237464905
YJL025W,YHL025W,0,-6.562693,0.10883129388093948,0.9070000052452087,0.7426999807357788
YPL181W,YLR129W,0,-6.5628757,0.10881823301315308,0.9070000052452087,0.7427999973297119
YHR170W,YGL172W,0,-6.563189,0.10880517959594727,0.9070000052452087,0.742900013923645
YNL023C,YDR259C,0,-6.5634475,0.10879213362932205,0.9070000052452087,0.7429999709129333
YGR280C,YIL053W,0,-6.5637145,0.10877908021211624,0.9070000052452087,0.7430999875068665
YDR192C,YLR301W,0,-6.5637393,0.10876604169607162,0.9070000052452087,0.7432000041007996
YPL266W,YIL030C,0,-6.5640817,0.10875299572944641,0.9070000052452087,0.7433000206947327
YKR099W,YJR078W,0,-6.56422,0.1087399572134018,0.9070000052452087,0.743399977684021
YOR047C,YJR120W,0,-6.564327,0.10872692614793777,0.9070000052452087,0.7434999942779541
YER119C,YHR152W,0,-6.5643964,0.10871389508247375,0.9070000052452087,0.7436000108718872
YPL137C,YGL135W,0,-6.564962,0.10870086401700974,0.9070000052452087,0.7437000274658203
YOR298C-A,YPL041C,0,-6.5651116,0.10868784040212631,0.9070000052452087,0.7437999844551086
YJR158W,YBR058C-A,0,-6.5651617,0.10867481678724289,0.9070000052452087,0.7439000010490417
YPR002W,YDR523C,0,-6.5652843,0.10866179317235947,0.9070000052452087,0.7440000176429749
YAL012W,YOR054C,0,-6.56638,0.10864877700805664,0.9070000052452087,0.7440999746322632
YJR074W,YGL063W,0,-6.566961,0.10863576829433441,0.9070000052452087,0.7441999912261963
YBL015W,YLR223C,0,-6.566985,0.10862275213003159,0.9070000052452087,0.7443000078201294
YPL202C,YHR092C,0,-6.5670238,0.10860975086688995,0.9070000052452087,0.7444000244140625
YJR047C,YNL271C,0,-6.5670695,0.10859674215316772,0.9070000052452087,0.7444999814033508
YDR106W,YNL206C,0,-6.5674663,0.10858374089002609,0.9070000052452087,0.7445999979972839
YKR081C,YER087C-B,0,-6.567502,0.10857074707746506,0.9070000052452087,0.744700014591217
YPR056W,YBR061C,0,-6.5675836,0.10855775326490402,0.9070000052452087,0.7447999715805054
YDR409W,YPL157W,0,-6.567676,0.10854475945234299,0.9070000052452087,0.7448999881744385
YML042W,YJL179W,0,-6.567989,0.10853177309036255,0.9070000052452087,0.7450000047683716
YOR056C,YER087C-A,0,-6.568094,0.10851878672838211,0.9070000052452087,0.7451000213623047
YGL065C,YMR001C,0,-6.5682116,0.10850580036640167,0.9070000052452087,0.745199978351593
YDR191W,YLR134W,0,-6.5684237,0.10849282145500183,0.9070000052452087,0.7452999949455261
YIR023W,YOL095C,0,-6.568582,0.10847984999418259,0.9070000052452087,0.7454000115394592
YKR067W,YHL036W,0,-6.5686636,0.10846687108278275,0.9070000052452087,0.7455000281333923
YER119C,YHR172W,0,-6.5687323,0.1084539070725441,0.9070000052452087,0.7455999851226807
YDL148C,YGL208W,0,-6.5689855,0.10844093561172485,0.9070000052452087,0.7457000017166138
YKL048C,YER065C,0,-6.569037,0.1084279716014862,0.9070000052452087,0.7458000183105469
YBR042C,YNR038W,0,-6.5690694,0.10841501504182816,0.9070000052452087,0.7458999752998352
YDR082W,YHL028W,0,-6.569144,0.1084020584821701,0.9070000052452087,0.7459999918937683
YDR281C,YNL151C,0,-6.5691657,0.10838910192251205,0.9070000052452087,0.7461000084877014
YBL090W,YGL158W,0,-6.5692577,0.1083761528134346,0.9070000052452087,0.7462000250816345
YDR079W,YNL126W,0,-6.569381,0.10836320370435715,0.9070000052452087,0.7462999820709229
YNR075W,YBR207W,1,-6.569657,0.10846971720457077,0.9079999923706055,0.7462999820709229
YFL025C,YDR076W,0,-6.5697036,0.10845676064491272,0.9079999923706055,0.746399998664856
YLR377C,YDL093W,0,-6.5699735,0.10844380408525467,0.9079999923706055,0.7465000152587891
YLR215C,YGL075C,0,-6.5703444,0.10843085497617722,0.9079999923706055,0.7465999722480774
YPL177C,YOR068C,0,-6.570637,0.10841791331768036,0.9079999923706055,0.7466999888420105
YMR173W,YHR072W,0,-6.5706735,0.1084049642086029,0.9079999923706055,0.7468000054359436
YEL069C,YER087C-B,0,-6.5708323,0.10839202255010605,0.9079999923706055,0.7469000220298767
YIL002C,YAR044W,1,-6.571077,0.10849844664335251,0.9089999794960022,0.7469000220298767
YMR101C,YGR042W,0,-6.5711303,0.10848549753427505,0.9089999794960022,0.746999979019165
YER030W,YGR111W,0,-6.5714526,0.1084725558757782,0.9089999794960022,0.7470999956130981
YHR015W,YBL100W-A,0,-6.5715632,0.10845961421728134,0.9089999794960022,0.7472000122070312
YBR247C,YGR178C,0,-6.5716357,0.10844667255878448,0.9089999794960022,0.7473000288009644
YER106W,YNL201C,0,-6.5716763,0.10843373835086823,0.9089999794960022,0.7473999857902527
YPL119C,YBL018C,0,-6.571986,0.10842080414295197,0.9089999794960022,0.7475000023841858
YAR044W,YHR016C,1,-6.572314,0.10852713137865067,0.9100000262260437,0.7475000023841858
YAL068C,YBR218C,0,-6.572987,0.10851418972015381,0.9100000262260437,0.7476000189781189
YPR164W,YKL081W,0,-6.573112,0.10850125551223755,0.9100000262260437,0.7476999759674072
YDR385W,YJR069C,0,-6.5732446,0.10848831385374069,0.9100000262260437,0.7477999925613403
YOL061W,YGL210W,0,-6.573483,0.10847538709640503,0.9100000262260437,0.7479000091552734
YHL040C,YGR264C,0,-6.5737367,0.10846245288848877,0.9100000262260437,0.7480000257492065
YDR096W,YML043C,0,-6.5737805,0.1084495261311531,0.9100000262260437,0.7480999827384949
YKL150W,YLR197W,0,-6.5743113,0.10843660682439804,0.9100000262260437,0.748199999332428
YCR089W,YER180C-A,0,-6.574828,0.10842368751764297,0.9100000262260437,0.7483000159263611
YOL090W,YHR214C-B,0,-6.575127,0.10841076821088791,0.9100000262260437,0.7483999729156494
YKR052C,YML027W,0,-6.575287,0.10839785635471344,0.9100000262260437,0.7484999895095825
YJL116C,YEL051W,0,-6.5756254,0.10838494449853897,0.9100000262260437,0.7486000061035156
YBR195C,YHR139C,0,-6.575965,0.1083720400929451,0.9100000262260437,0.7487000226974487
YDL155W,YDR429C,0,-6.5764675,0.10835913568735123,0.9100000262260437,0.7487999796867371
YDR192C,YOR272W,0,-6.5768127,0.10834623128175735,0.9100000262260437,0.7488999962806702
YDL008W,YGL075C,0,-6.5770493,0.10833333432674408,0.9100000262260437,0.7490000128746033
YNL210W,YJR074W,0,-6.5772214,0.1083204373717308,0.9100000262260437,0.7491000294685364
YBR065C,YJL187C,0,-6.577246,0.10830754786729813,0.9100000262260437,0.7491999864578247
YNL232W,YLR092W,0,-6.5775347,0.10829465836286545,0.9100000262260437,0.7493000030517578
YNR056C,YBR258C,0,-6.577883,0.10828176885843277,0.9100000262260437,0.7494000196456909
YDL078C,YDR018C,0,-6.578076,0.10826888680458069,0.9100000262260437,0.7494999766349792
YPR128C,YPR186C,0,-6.5783887,0.10825600475072861,0.9100000262260437,0.7495999932289124
YDR437W,YMR179W,0,-6.5786233,0.10824313014745712,0.9100000262260437,0.7497000098228455
YBR049C,YLR455W,0,-6.5789237,0.10823025554418564,0.9100000262260437,0.7498000264167786
YGR041W,YDR115W,0,-6.579244,0.10821738839149475,0.9100000262260437,0.7498999834060669
YGR147C,YGL014W,0,-6.5794406,0.10820452123880386,0.9100000262260437,0.75
YFL011W,YOL043C,0,-6.5797806,0.10819165408611298,0.9100000262260437,0.7501000165939331
YNL102W,YLR006C,0,-6.580026,0.10817879438400269,0.9100000262260437,0.7501999735832214
YBL005W,YMR127C,0,-6.5801477,0.1081659346818924,0.9100000262260437,0.7502999901771545
YDR302W,YBR072W,0,-6.580239,0.1081530749797821,0.9100000262260437,0.7504000067710876
YMR199W,YOR341W,0,-6.580482,0.10814022272825241,0.9100000262260437,0.7505000233650208
YBL085W,YOL104C,0,-6.5807753,0.10812737792730331,0.9100000262260437,0.7505999803543091
YLR320W,YCR031C,0,-6.5811133,0.10811453312635422,0.9100000262260437,0.7506999969482422
YBL045C,YOR338W,0,-6.581208,0.10810168832540512,0.9100000262260437,0.7508000135421753
YPR110C,YHR111W,0,-6.5814986,0.10808884352445602,0.9100000262260437,0.7508999705314636
YPR161C,YDR285W,0,-6.5815396,0.10807600617408752,0.9100000262260437,0.7509999871253967
YOR046C,YHL006C,0,-6.5816026,0.10806317627429962,0.9100000262260437,0.7511000037193298
YDL247W,YHR106W,0,-6.584969,0.10805034637451172,0.9100000262260437,0.7512000203132629
YFR041C,YOR182C,0,-6.5849757,0.10803751647472382,0.9100000262260437,0.7512999773025513
YPL130W,YOR179C,0,-6.5854506,0.10802469402551651,0.9100000262260437,0.7513999938964844
YBL051C,YLR003C,0,-6.58583,0.1080118715763092,0.9100000262260437,0.7515000104904175
YIL105C,YGR042W,0,-6.5859947,0.1079990491271019,0.9100000262260437,0.7516000270843506
YDR293C,YBR183W,0,-6.5860047,0.10798623412847519,0.9100000262260437,0.7516999840736389
YJL018W,YLR200W,0,-6.586092,0.10797341912984848,0.9100000262260437,0.751800000667572
YGL021W,YDR192C,0,-6.586339,0.10796061158180237,0.9100000262260437,0.7519000172615051
YER062C,YPL196W,0,-6.586477,0.10794780403375626,0.9100000262260437,0.7519999742507935
YER038C,YOR182C,0,-6.5865006,0.10793500393629074,0.9100000262260437,0.7520999908447266
YGL089C,YGR094W,0,-6.5867696,0.10792220383882523,0.9100000262260437,0.7522000074386597
YLR172C,YNL026W,0,-6.586867,0.10790940374135971,0.9100000262260437,0.7523000240325928
YGL046W,YGR241C,1,-6.5872173,0.10801517963409424,0.9110000133514404,0.7523000240325928
YJR063W,YKL130C,0,-6.587507,0.10800237208604813,0.9110000133514404,0.7523999810218811
YDR283C,YDL092W,0,-6.5875363,0.10798957198858261,0.9110000133514404,0.7524999976158142
YIL131C,YLR052W,0,-6.587626,0.1079767718911171,0.9110000133514404,0.7526000142097473
YAR033W,YBR088C,0,-6.587663,0.10796397179365158,0.9110000133514404,0.7526999711990356
YMR202W,YCR020C,0,-6.5878043,0.10795117914676666,0.9110000133514404,0.7527999877929688
YDL085W,YPR110C,0,-6.5878854,0.10793838649988174,0.9110000133514404,0.7529000043869019
YDR460W,YGL255W,0,-6.588194,0.10792560130357742,0.9110000133514404,0.753000020980835
YMR143W,YLR166C,0,-6.588218,0.1079128161072731,0.9110000133514404,0.7530999779701233
YOR240W,YCR073W-A,0,-6.588248,0.10790003836154938,0.9110000133514404,0.7531999945640564
YMR220W,YKL220C,0,-6.5883536,0.10788726061582565,0.9110000133514404,0.7533000111579895
YJL076W,YIR026C,0,-6.58861,0.10787448287010193,0.9110000133514404,0.7534000277519226
YKR002W,YHR079C-A,0,-6.589235,0.1078617125749588,0.9110000133514404,0.7534999847412109
YAL035W,YMR210W,0,-6.589424,0.10784894227981567,0.9110000133514404,0.753600001335144
YBR121C,YCR058C,0,-6.5895667,0.10783617198467255,0.9110000133514404,0.7537000179290771
YDR163W,YAL012W,0,-6.5899935,0.10782340914011002,0.9110000133514404,0.7537999749183655
YBR154C,YLR378C,0,-6.590151,0.10781065374612808,0.9110000133514404,0.7538999915122986
YML048W,YML045W,0,-6.591126,0.10779789090156555,0.9110000133514404,0.7540000081062317
YDL226C,YDL247W,0,-6.5918927,0.10778514295816422,0.9110000133514404,0.7541000247001648
YBR009C,YCR102C,0,-6.592096,0.10777238756418228,0.9110000133514404,0.7541999816894531
YBR213W,YGR094W,0,-6.5922914,0.10775963962078094,0.9110000133514404,0.7542999982833862
YPL097W,YGR195W,0,-6.592852,0.10774689167737961,0.9110000133514404,0.7544000148773193
YMR047C,YLL012W,0,-6.592973,0.10773415118455887,0.9110000133514404,0.7544999718666077
YJR150C,YPL096C-A,0,-6.5930395,0.10772141069173813,0.9110000133514404,0.7545999884605408
YHR148W,YMR182C,0,-6.593103,0.10770867764949799,0.9110000133514404,0.7547000050544739
YDR216W,YDR451C,0,-6.593129,0.10769594460725784,0.9110000133514404,0.754800021648407
YHR176W,YGR268C,0,-6.5934,0.1076832115650177,0.9110000133514404,0.7548999786376953
YOR237W,YKR001C,1,-6.593554,0.10778867453336716,0.9120000004768372,0.7548999786376953
YDR429C,YNL283C,0,-6.593821,0.10777594149112701,0.9120000004768372,0.7549999952316284
YGL018C,YCR057C,0,-6.594066,0.10776320099830627,0.9120000004768372,0.7551000118255615
YGL089C,YDR425W,0,-6.594091,0.10775047540664673,0.9120000004768372,0.7552000284194946
YDR036C,YHR148W,0,-6.5942593,0.10773774236440659,0.9120000004768372,0.755299985408783
YLR116W,YMR050C,0,-6.5944705,0.10772501677274704,0.9120000004768372,0.7554000020027161
YKL176C,YLL012W,0,-6.594727,0.1077122911810875,0.9120000004768372,0.7555000185966492
YHL040C,YKL195W,0,-6.5950646,0.10769957304000854,0.9120000004768372,0.7555999755859375
YDL149W,YOR230W,0,-6.595244,0.1076868548989296,0.9120000004768372,0.7556999921798706
YKL195W,YJR063W,0,-6.5952973,0.10767414420843124,0.9120000004768372,0.7558000087738037
YDR277C,YPR094W,0,-6.5953717,0.10766143351793289,0.9120000004768372,0.7559000253677368
YOR001W,YDR486C,0,-6.5954747,0.10764872282743454,0.9120000004768372,0.7559999823570251
YDR038C,YIL131C,0,-6.595807,0.10763601958751678,0.9120000004768372,0.7560999989509583
YER001W,YJR063W,0,-6.5958366,0.10762331634759903,0.9120000004768372,0.7562000155448914
YDR300C,YOR301W,0,-6.596207,0.10761062055826187,0.9120000004768372,0.7562999725341797
YGR159C,YLR378C,0,-6.5965724,0.10759792476892471,0.9120000004768372,0.7563999891281128
YBR294W,YML027W,0,-6.597342,0.10758522897958755,0.9120000004768372,0.7565000057220459
YMR015C,YDR318W,0,-6.5984225,0.107572540640831,0.9120000004768372,0.756600022315979
YER035W,YEL032W,0,-6.5984635,0.10755985230207443,0.9120000004768372,0.7566999793052673
YIR019C,YLR262C,0,-6.598684,0.10754717141389847,0.9120000004768372,0.7567999958992004
YER157W,YJL065C,0,-6.59918,0.1075344905257225,0.9120000004768372,0.7569000124931335
YOR061W,YDR277C,0,-6.5994744,0.10752180963754654,0.9120000004768372,0.7570000290870667
YDR156W,YPR198W,0,-6.599839,0.10750913619995117,0.9120000004768372,0.757099986076355
YDR040C,YNL279W,0,-6.599914,0.1074964627623558,0.9120000004768372,0.7572000026702881
YPL154C,YDL109C,0,-6.5999513,0.10748379677534103,0.9120000004768372,0.7573000192642212
YER028C,YLR167W,0,-6.6003985,0.10747113078832626,0.9120000004768372,0.7573999762535095
YKL193C,YKR053C,0,-6.6007686,0.10745846480131149,0.9120000004768372,0.7574999928474426
YNR075W,YDL019C,1,-6.6008596,0.10756362229585648,0.9129999876022339,0.7574999928474426
YDL227C,YDR043C,0,-6.601319,0.10755094885826111,0.9129999876022339,0.7576000094413757
YOL112W,YCR061W,0,-6.601377,0.10753828287124634,0.9129999876022339,0.7577000260353088
YER022W,YPL092W,0,-6.601402,0.10752561688423157,0.9129999876022339,0.7577999830245972
YAL025C,YNL074C,0,-6.601787,0.1075129508972168,0.9129999876022339,0.7578999996185303
YJR031C,YGL089C,0,-6.602239,0.10750029236078262,0.9129999876022339,0.7580000162124634
YKL220C,YCR024C-A,0,-6.602349,0.10748764127492905,0.9129999876022339,0.7580999732017517
YPR046W,YLR007W,0,-6.6029234,0.10747498273849487,0.9129999876022339,0.7581999897956848
YKR008W,YDR018C,0,-6.603231,0.1074623316526413,0.9129999876022339,0.7583000063896179
YKR026C,YLR424W,0,-6.6034107,0.10744968801736832,0.9129999876022339,0.758400022983551
YPL050C,YNL304W,0,-6.6037316,0.10743704438209534,0.9129999876022339,0.7584999799728394
YKL200C,YGR161C,0,-6.604031,0.10742440074682236,0.9129999876022339,0.7585999965667725
YMR092C,YGL249W,0,-6.6042395,0.10741176456212997,0.9129999876022339,0.7587000131607056
YPL021W,YER095W,0,-6.6046643,0.10739912837743759,0.9129999876022339,0.7588000297546387
YPR137W,YPL045W,0,-6.6048713,0.1073864996433258,0.9129999876022339,0.758899986743927
YLR371W,YLR337W,1,-6.605125,0.10749147087335587,0.9139999747276306,0.758899986743927
YBL025W,YDR115W,0,-6.6052575,0.10747883468866348,0.9139999747276306,0.7590000033378601
YGL021W,YPL213W,0,-6.605651,0.1074661985039711,0.9139999747276306,0.7591000199317932
YKL178C,YDR115W,0,-6.605774,0.10745356231927872,0.9139999747276306,0.7591999769210815
YPL096C-A,YDR146C,0,-6.6058335,0.10744093358516693,0.9139999747276306,0.7592999935150146
YHR171W,YDR322C-A,0,-6.606054,0.10742830485105515,0.9139999747276306,0.7594000101089478
YHR171W,YKL081W,0,-6.606216,0.10741567611694336,0.9139999747276306,0.7595000267028809
YLL013C,YAR009C,0,-6.6066556,0.10740305483341217,0.9139999747276306,0.7595999836921692
YDL137W,YLR222C,0,-6.6067967,0.10739043354988098,0.9139999747276306,0.7597000002861023
YOR133W,YLR383W,0,-6.6069016,0.10737781971693039,0.9139999747276306,0.7598000168800354
YNL245C,YER151C,0,-6.607255,0.1073652058839798,0.9139999747276306,0.7598999738693237
YMR240C,YEL003W,0,-6.607343,0.1073525920510292,0.9139999747276306,0.7599999904632568
YLL034C,YJR156C,0,-6.6079936,0.10733998566865921,0.9139999747276306,0.7601000070571899
YGR145W,YOR119C,0,-6.6084104,0.10732738673686981,0.9139999747276306,0.760200023651123
YER015W,YDR394W,0,-6.608571,0.10731478035449982,0.9139999747276306,0.7602999806404114
YJL198W,YOL143C,0,-6.6089654,0.10730218142271042,0.9139999747276306,0.7603999972343445
YPL121C,YJR143C,0,-6.6092143,0.10728958994150162,0.9139999747276306,0.7605000138282776
YNL127W,YPL012W,0,-6.609374,0.10727699846029282,0.9139999747276306,0.7605999708175659
YOL069W,YOL011W,0,-6.609614,0.10726440697908401,0.9139999747276306,0.760699987411499
YFR024C,YLR044C,0,-6.609982,0.10725181549787521,0.9139999747276306,0.7608000040054321
YKL017C,YPR080W,0,-6.6101537,0.10723923146724701,0.9139999747276306,0.7609000205993652
YDR343C,YGR059W,0,-6.610806,0.1072266548871994,0.9139999747276306,0.7609999775886536
YGL047W,YLL017W,0,-6.611239,0.1072140783071518,0.9139999747276306,0.7610999941825867
YDL148C,YMR013C,0,-6.611257,0.10720150172710419,0.9139999747276306,0.7612000107765198
YNR044W,YDR545W,0,-6.611316,0.10718893259763718,0.9139999747276306,0.7613000273704529
YLR305C,YLR301W,0,-6.611757,0.10717636346817017,0.9139999747276306,0.7613999843597412
YOR334W,YBL100W-B,0,-6.6117573,0.10716379433870316,0.9139999747276306,0.7615000009536743
YLR228C,YER190W,0,-6.6122775,0.10715123265981674,0.9139999747276306,0.7616000175476074
YGR238C,YML040W,0,-6.6123395,0.10713867098093033,0.9139999747276306,0.7616999745368958
YIL061C,YNR046W,0,-6.612998,0.10712611675262451,0.9139999747276306,0.7617999911308289
YKL089W,YBR153W,0,-6.6131096,0.1071135625243187,0.9139999747276306,0.761900007724762
YDL154W,YLR126C,0,-6.6139045,0.10710100829601288,0.9139999747276306,0.7620000243186951
YLR215C,YLR154C,0,-6.6148562,0.10708846151828766,0.9139999747276306,0.7620999813079834
YOL069W,YGR042W,0,-6.615249,0.10707591474056244,0.9139999747276306,0.7621999979019165
YAR019C,YDR077W,0,-6.6152797,0.10706336796283722,0.9139999747276306,0.7623000144958496
YER045C,YBL030C,0,-6.615463,0.1070508286356926,0.9139999747276306,0.7623999714851379
YHR007C,YDR088C,0,-6.615725,0.10703829675912857,0.9139999747276306,0.762499988079071
YBR243C,YPL121C,0,-6.6157966,0.10702575743198395,0.9139999747276306,0.7626000046730042
YIL142W,YMR015C,0,-6.6158385,0.10701323300600052,0.9139999747276306,0.7627000212669373
YGR159C,YLL024C,0,-6.6162906,0.10700070112943649,0.9139999747276306,0.7627999782562256
YPL190C,YIL160C,0,-6.6167006,0.10698817670345306,0.9139999747276306,0.7628999948501587
YIR023W,YDR156W,0,-6.616714,0.10697565227746964,0.9139999747276306,0.7630000114440918
YNL128W,YMR089C,0,-6.617011,0.1069631353020668,0.9139999747276306,0.7631000280380249
YLL035W,YNL045W,0,-6.617099,0.10695061832666397,0.9139999747276306,0.7631999850273132
YLR226W,YER112W,0,-6.617309,0.10693810880184174,0.9139999747276306,0.7633000016212463
YCL003W,YGR104C,0,-6.6180377,0.1069255992770195,0.9139999747276306,0.7634000182151794
YPL043W,YDR425W,0,-6.6188045,0.10691308975219727,0.9139999747276306,0.7634999752044678
YDR085C,YLR249W,0,-6.618841,0.10690058767795563,0.9139999747276306,0.7635999917984009
YGL119W,YHR082C,0,-6.6191287,0.10688808560371399,0.9139999747276306,0.763700008392334
YFL014W,YKR022C,0,-6.619141,0.10687558352947235,0.9139999747276306,0.7638000249862671
YPL204W,YGL046W,1,-6.619141,0.10698000341653824,0.9150000214576721,0.7638000249862671
YDR093W,YGL046W,1,-6.6192384,0.10708440840244293,0.9160000085830688,0.7638000249862671
YBR085W,YJR097W,0,-6.619284,0.1070718914270401,0.9160000085830688,0.7638999819755554
YMR173W,YJR042W,0,-6.6193604,0.10705937445163727,0.9160000085830688,0.7639999985694885
YGR070W,YGR272C,0,-6.6198125,0.10704686492681503,0.9160000085830688,0.7641000151634216
YLR342W,YLR337W,1,-6.620259,0.10715120285749435,0.9169999957084656,0.7641000151634216
YBR110W,YKL014C,0,-6.620578,0.10713868588209152,0.9169999957084656,0.76419997215271
YPR188C,YHR099W,0,-6.6206427,0.10712616890668869,0.9169999957084656,0.7642999887466431
YOR236W,YGR046W,0,-6.6206646,0.10711365193128586,0.9169999957084656,0.7644000053405762
YFL025C,YPL159C,0,-6.6207633,0.10710114240646362,0.9169999957084656,0.7645000219345093
YPR025C,YDR219C,0,-6.6209803,0.10708864033222198,0.9169999957084656,0.7645999789237976
YLR223C,YGR091W,0,-6.6212134,0.10707613080739975,0.9169999957084656,0.7646999955177307
YPL256C,YNL310C,0,-6.6215286,0.10706362873315811,0.9169999957084656,0.7648000121116638
YDL148C,YGR091W,0,-6.621619,0.10705113410949707,0.9169999957084656,0.7649000287055969
YDR296W,YHR165C,0,-6.621827,0.10703863948583603,0.9169999957084656,0.7649999856948853
YHR055C,YPR007C,0,-6.6219573,0.10702614486217499,0.9169999957084656,0.7651000022888184
YPL161C,YIL118W,0,-6.6220007,0.10701365023851395,0.9169999957084656,0.7652000188827515
YDR192C,YMR127C,0,-6.6220384,0.1070011705160141,0.9169999957084656,0.7652999758720398
YGR109C,YJL042W,0,-6.6221185,0.10698868334293365,0.9169999957084656,0.7653999924659729
YCR010C,YML015C,0,-6.622158,0.10697620362043381,0.9169999957084656,0.765500009059906
YJR112W,YDR495C,0,-6.6223316,0.10696372389793396,0.9169999957084656,0.7656000256538391
YLR060W,YDR030C,0,-6.6224976,0.10695125162601471,0.9169999957084656,0.7656999826431274
YGR037C,YBR021W,0,-6.6227365,0.10693877190351486,0.9169999957084656,0.7657999992370605
YBR085W,YHL040C,0,-6.6235332,0.10692630708217621,0.9169999957084656,0.7659000158309937
YAL029C,YJL187C,0,-6.623675,0.10691384226083755,0.9169999957084656,0.765999972820282
YKR003W,YAR044W,1,-6.6239176,0.10701794922351837,0.9179999828338623,0.765999972820282
YPL121C,YGL011C,0,-6.6248207,0.10700547695159912,0.9179999828338623,0.7660999894142151
YGL089C,YER173W,0,-6.625055,0.10699300467967987,0.9179999828338623,0.7662000060081482
YNL065W,YKL130C,0,-6.625312,0.10698053985834122,0.9179999828338623,0.7663000226020813
YML092C,YBR111W-A,0,-6.62532,0.10696807503700256,0.9179999828338623,0.7663999795913696
YER179W,YGR156W,0,-6.625503,0.10695561021566391,0.9179999828338623,0.7664999961853027
YLR172C,YDR407C,0,-6.626387,0.10694315284490585,0.9179999828338623,0.7666000127792358
YPR009W,YLR301W,0,-6.6264453,0.1069306954741478,0.9179999828338623,0.766700029373169
YNL166C,YDR004W,0,-6.626882,0.10691823810338974,0.9179999828338623,0.7667999863624573
YBR020W,YKL009W,0,-6.627078,0.10690578818321228,0.9179999828338623,0.7669000029563904
YER075C,YGR272C,0,-6.627515,0.10689333826303482,0.9179999828338623,0.7670000195503235
YPL170W,YNR060W,0,-6.6275864,0.10688089579343796,0.9179999828338623,0.7670999765396118
YLR371W,YAR044W,1,-6.628003,0.10698486864566803,0.9190000295639038,0.7670999765396118
YMR288W,YMR117C,0,-6.6281075,0.10697241127490997,0.9190000295639038,0.7671999931335449
YJL059W,YPR078C,0,-6.6281333,0.10695996135473251,0.9190000295639038,0.767300009727478
YJR150C,YDR397C,0,-6.6286974,0.10694751888513565,0.9190000295639038,0.7674000263214111
YOR281C,YNL046W,0,-6.6288733,0.10693506896495819,0.9190000295639038,0.7674999833106995
YDR243C,YGR195W,0,-6.629189,0.10692262649536133,0.9190000295639038,0.7675999999046326
YGR218W,YGR128C,0,-6.6292434,0.10691019147634506,0.9190000295639038,0.7677000164985657
YNL270C,YCR024C-A,0,-6.629557,0.1068977564573288,0.9190000295639038,0.767799973487854
YDR141C,YML060W,0,-6.629583,0.10688532143831253,0.9190000295639038,0.7678999900817871
YHR061C,YBR250W,0,-6.629893,0.10687289386987686,0.9190000295639038,0.7680000066757202
YHR169W,YIL125W,0,-6.6302257,0.10686046630144119,0.9190000295639038,0.7681000232696533
YKL049C,YBR237W,0,-6.6303616,0.10684803873300552,0.9190000295639038,0.7681999802589417
YHR176W,YEL037C,0,-6.6307864,0.10683561861515045,0.9190000295639038,0.7682999968528748
YDL153C,YBL055C,0,-6.630845,0.10682319849729538,0.9190000295639038,0.7684000134468079
YAR044W,YNL154C,1,-6.6312613,0.10692700743675232,0.9200000166893005,0.7684000134468079
YPR183W,YER044C-A,0,-6.6312737,0.10691458731889725,0.9200000166893005,0.7684999704360962
YDR300C,YGL112C,0,-6.6313376,0.10690215975046158,0.9200000166893005,0.7685999870300293
YNL312W,YJR120W,0,-6.6318774,0.1068897396326065,0.9200000166893005,0.7687000036239624
YMR287C,YCR024C-A,0,-6.6324353,0.10687732696533203,0.9200000166893005,0.7688000202178955
YHR176W,YBR284W,0,-6.6330976,0.10686490684747696,0.9200000166893005,0.7688999772071838
YOR030W,YLR186W,0,-6.6335917,0.10685249418020248,0.9200000166893005,0.7689999938011169
YMR068W,YCR057C,0,-6.634009,0.1068400889635086,0.9200000166893005,0.76910001039505
YNL061W,YDR260C,0,-6.6343074,0.10682768374681473,0.9200000166893005,0.7692000269889832
YOL042W,YML060W,0,-6.634485,0.10681527853012085,0.9200000166893005,0.7692999839782715
YDR091C,YGR144W,0,-6.6346354,0.10680288076400757,0.9200000166893005,0.7694000005722046
YER044C-A,YML131W,0,-6.6347322,0.10679048299789429,0.9200000166893005,0.7695000171661377
YKL201C,YLR360W,0,-6.6347914,0.106778085231781,0.9200000166893005,0.769599974155426
YKL188C,YGL135W,0,-6.635264,0.10676569491624832,0.9200000166893005,0.7696999907493591
YDL006W,YHR006W,0,-6.6359906,0.10675330460071564,0.9200000166893005,0.7698000073432922
YJR150C,YPR052C,0,-6.63672,0.10674092173576355,0.9200000166893005,0.7699000239372253
YDL154W,YNL129W,0,-6.636882,0.10672853887081146,0.9200000166893005,0.7699999809265137
YMR288W,YGR123C,0,-6.637153,0.10671615600585938,0.9200000166893005,0.7700999975204468
YLL035W,YGR038W,0,-6.6373353,0.10670378059148788,0.9200000166893005,0.7702000141143799
YDR115W,YLR132C,0,-6.637607,0.1066914051771164,0.9200000166893005,0.7702999711036682
YMR042W,YGL038C,0,-6.638101,0.1066790372133255,0.9200000166893005,0.7703999876976013
YLR071C,YGL126W,0,-6.638252,0.1066666692495346,0.9200000166893005,0.7705000042915344
YLR216C,YDR115W,0,-6.6386228,0.10665430128574371,0.9200000166893005,0.7706000208854675
YLR285W,YCR055C,0,-6.638854,0.10664194077253342,0.9200000166893005,0.7706999778747559
YCR035C,YNL044W,0,-6.6394954,0.10662958025932312,0.9200000166893005,0.770799994468689
YPR144C,YKR097W,0,-6.639508,0.10661721974611282,0.9200000166893005,0.7709000110626221
YLR190W,YNR046W,0,-6.6396766,0.10660486668348312,0.9200000166893005,0.7710000276565552
YKL143W,YER148W,0,-6.6406465,0.10659251362085342,0.9200000166893005,0.7710999846458435
YDR037W,YDL003W,0,-6.6406655,0.10658016800880432,0.9200000166893005,0.7712000012397766
YHR072W,YIL031W,0,-6.640764,0.10656782239675522,0.9200000166893005,0.7713000178337097
YDR524C,YGR195W,0,-6.6407843,0.10655547678470612,0.9200000166893005,0.771399974822998
YGR109C,YOR180C,0,-6.6417594,0.10654313862323761,0.9200000166893005,0.7714999914169312
YOL143C,YBR012W-B,0,-6.641813,0.1065308004617691,0.9200000166893005,0.7716000080108643
YBR244W,YNL273W,0,-6.642508,0.1065184697508812,0.9200000166893005,0.7717000246047974
YGL038C,YCR031C,0,-6.6427956,0.10650613903999329,0.9200000166893005,0.7717999815940857
YPR200C,YDL140C,0,-6.6429167,0.10649380832910538,0.9200000166893005,0.7718999981880188
YHR082C,YCR031C,0,-6.64344,0.10648148506879807,0.9200000166893005,0.7720000147819519
YCL059C,YBL105C,0,-6.6437974,0.10646916180849075,0.9200000166893005,0.7720999717712402
YNL231C,YDR065W,0,-6.64455,0.10645683854818344,0.9200000166893005,0.7721999883651733
YHR175W,YDL036C,0,-6.644562,0.10644452273845673,0.9200000166893005,0.7723000049591064
YPL069C,YLR274W,0,-6.644908,0.10643220692873001,0.9200000166893005,0.7724000215530396
YHR075C,YKL058W,0,-6.645932,0.10641989856958389,0.9200000166893005,0.7724999785423279
YER073W,YMR212C,0,-6.6459627,0.10640759021043777,0.9200000166893005,0.772599995136261
YKL007W,YER054C,0,-6.646027,0.10639528185129166,0.9200000166893005,0.7727000117301941
YPR193C,YML033W,0,-6.646211,0.10638298094272614,0.9200000166893005,0.7728000283241272
YML052W,YLR337W,1,-6.646507,0.10648629814386368,0.9210000038146973,0.7728000283241272
YOL148C,YNL213C,0,-6.6465816,0.10647398978471756,0.9210000038146973,0.7728999853134155
YGL257C,YCL062W,0,-6.64676,0.10646168142557144,0.9210000038146973,0.7730000019073486
YDR174W,YDR306C,0,-6.646974,0.10644937306642532,0.9210000038146973,0.7731000185012817
YJL030W,YNL207W,0,-6.6471105,0.1064370721578598,0.9210000038146973,0.7731999754905701
YLR451W,YML043C,0,-6.6476493,0.10642477124929428,0.9210000038146973,0.7732999920845032
YLR433C,YHR007C,0,-6.6477284,0.10641247779130936,0.9210000038146973,0.7734000086784363
YBR123C,YBR183W,0,-6.648001,0.10640018433332443,0.9210000038146973,0.7735000252723694
YLL022C,YBR100W,0,-6.6481023,0.10638789087533951,0.9210000038146973,0.7735999822616577
YLR459W,YGR144W,0,-6.648405,0.10637560486793518,0.9210000038146973,0.7736999988555908
YEL026W,YLR362W,0,-6.648582,0.10636331886053085,0.9210000038146973,0.7738000154495239
YBR090C-A,YOR209C,0,-6.6494985,0.10635104030370712,0.9210000038146973,0.7738999724388123
YBL088C,YDR131C,0,-6.649646,0.10633876174688339,0.9210000038146973,0.7739999890327454
YOR310C,YPR002W,0,-6.64987,0.10632648319005966,0.9210000038146973,0.7741000056266785
YOR284W,YNL294C,0,-6.6499925,0.10631421208381653,0.9210000038146973,0.7742000222206116
YHR073W,YGL046W,1,-6.650042,0.10641735792160034,0.921999990940094,0.7742000222206116
YHR116W,YPR007C,0,-6.650126,0.10640507936477661,0.921999990940094,0.7742999792098999
YHR096C,YGR056W,0,-6.6506963,0.10639280080795288,0.921999990940094,0.774399995803833
YGR080W,YPL276W,0,-6.650823,0.10638052225112915,0.921999990940094,0.7745000123977661
YPR046W,YGR229C,0,-6.651048,0.10636825114488602,0.921999990940094,0.7746000289916992
YLR305C,YDR115W,0,-6.6512733,0.10635598003864288,0.921999990940094,0.7746999859809875
YFR055W,YHR133C,0,-6.651437,0.10634371638298035,0.921999990940094,0.7748000025749207
YGL045W,YAR044W,1,-6.651733,0.1064467802643776,0.9229999780654907,0.7748000025749207
YGR041W,YPL086C,0,-6.651807,0.10643450170755386,0.9229999780654907,0.7749000191688538
YLR074C,YGL038C,0,-6.652151,0.10642223060131073,0.9229999780654907,0.7749999761581421
YJL204C,YML052W,1,-6.6523004,0.1065252497792244,0.9240000247955322,0.7749999761581421
YPL036W,YLR200W,0,-6.6528325,0.10651297122240067,0.9240000247955322,0.7750999927520752
YNL136W,YJR026W,0,-6.6529064,0.10650069266557693,0.9240000247955322,0.7752000093460083
YCR065W,YLR324W,0,-6.6531005,0.1064884141087532,0.9240000247955322,0.7753000259399414
YMR030W,YGL255W,0,-6.6532125,0.10647614300251007,0.9240000247955322,0.7753999829292297
YLL035W,YMR104C,0,-6.653296,0.10646387934684753,0.9240000247955322,0.7754999995231628
YIR019C,YFR040W,0,-6.653688,0.106451615691185,0.9240000247955322,0.775600016117096
YIL131C,YMR260C,0,-6.6538982,0.10643935203552246,0.9240000247955322,0.7756999731063843
YDR163W,YGR239C,0,-6.6540713,0.10642708837985992,0.9240000247955322,0.7757999897003174
YKL125W,YLR425W,0,-6.654733,0.10641483217477798,0.9240000247955322,0.7759000062942505
YPL022W,YDR449C,0,-6.6547494,0.10640257596969604,0.9240000247955322,0.7760000228881836
YGR188C,YOR123C,0,-6.655265,0.1063903272151947,0.9240000247955322,0.7760999798774719
YLL009C,YDR446W,0,-6.655598,0.10637807846069336,0.9240000247955322,0.776199996471405
YKL172W,YIL131C,0,-6.6556363,0.10636583715677261,0.9240000247955322,0.7763000130653381
YJL018W,YOR347C,0,-6.6561813,0.10635358840227127,0.9240000247955322,0.7764000296592712
YOR142W,YKR025W,0,-6.656538,0.10634135454893112,0.9240000247955322,0.7764999866485596
YNL117W,YOR088W,0,-6.656662,0.10632911324501038,0.9240000247955322,0.7766000032424927
YJR069C,YNL188W,0,-6.657192,0.10631687939167023,0.9240000247955322,0.7767000198364258
YMR298W,YCL003W,0,-6.6574273,0.10630464553833008,0.9240000247955322,0.7767999768257141
YDR516C,YKR101W,0,-6.65798,0.10629241913557053,0.9240000247955322,0.7768999934196472
YPR093C,YBR020W,0,-6.6581354,0.10628019273281097,0.9240000247955322,0.7770000100135803
YCR031C,YLR272C,0,-6.6583223,0.10626797378063202,0.9240000247955322,0.7771000266075134
YHR118C,YMR143W,0,-6.6586337,0.10625574737787247,0.9240000247955322,0.7771999835968018
YBR233W-A,YDL092W,0,-6.658936,0.10624353587627411,0.9240000247955322,0.7773000001907349
YLR318W,YLR043C,0,-6.65896,0.10623131692409515,0.9240000247955322,0.777400016784668
YER166W,YJL204C,1,-6.6589875,0.10633406043052673,0.925000011920929,0.777400016784668
YDR384C,YOR288C,0,-6.6590314,0.10632184147834778,0.925000011920929,0.7774999737739563
YPR122W,YJR144W,0,-6.659392,0.10630962252616882,0.925000011920929,0.7775999903678894
YPL121C,YFR029W,0,-6.659476,0.10629740357398987,0.925000011920929,0.7777000069618225
YCR091W,YKL081W,0,-6.659551,0.10628519207239151,0.925000011920929,0.7778000235557556
YHR148W,YPR181C,0,-6.660031,0.10627298057079315,0.925000011920929,0.777899980545044
YDL244W,YGL039W,0,-6.660085,0.1062607690691948,0.925000011920929,0.777999997138977
YMR083W,YPL092W,0,-6.660392,0.10624856501817703,0.925000011920929,0.7781000137329102
YDL043C,YGR006W,0,-6.6608768,0.10623636096715927,0.925000011920929,0.7781999707221985
YKL152C,YBR231C,0,-6.6610947,0.1062241643667221,0.925000011920929,0.7782999873161316
YCR033W,YLL017W,0,-6.661478,0.10621196776628494,0.925000011920929,0.7784000039100647
YPL110C,YGR095C,0,-6.6615744,0.10619977116584778,0.925000011920929,0.7785000205039978
YHR133C,YDL036C,0,-6.66205,0.10618758201599121,0.925000011920929,0.7785999774932861
YKL129C,YLR337W,1,-6.662192,0.10629017651081085,0.9259999990463257,0.7785999774932861
YIL076W,YNR015W,0,-6.662438,0.10627797245979309,0.9259999990463257,0.7786999940872192
YLR222C,YGR054W,0,-6.6624565,0.10626577585935593,0.9259999990463257,0.7788000106811523
YGL078C,YKR048C,0,-6.6625047,0.10625358670949936,0.9259999990463257,0.7789000272750854
YER166W,YGL046W,1,-6.66281,0.10635612905025482,0.9269999861717224,0.7789000272750854
YNL243W,YLR337W,1,-6.662975,0.1064586415886879,0.9279999732971191,0.7789000272750854
YJR035W,YLR292C,0,-6.663,0.10644643008708954,0.9279999732971191,0.7789999842643738
YAR044W,YKL126W,1,-6.663547,0.10654891282320023,0.9290000200271606,0.7789999842643738
YKR052C,YIL017W,0,-6.663626,0.10653669387102127,0.9290000200271606,0.7791000008583069
YCL027W,YDR037W,0,-6.6639943,0.10652448236942291,0.9290000200271606,0.77920001745224
YLR242C,YGR086C,1,-6.664129,0.10662692040205002,0.9300000071525574,0.77920001745224
YNR011C,YOR127W,0,-6.66418,0.10661469399929047,0.9300000071525574,0.7792999744415283
YGR200C,YJR035W,0,-6.664715,0.10660247504711151,0.9300000071525574,0.7793999910354614
YCL055W,YJR073C,0,-6.6655154,0.10659025609493256,0.9300000071525574,0.7795000076293945
YOL164W,YIL030C,0,-6.6655173,0.1065780445933342,0.9300000071525574,0.7796000242233276
YGL048C,YLL011W,0,-6.6658454,0.10656583309173584,0.9300000071525574,0.779699981212616
YKL176C,YMR305C,0,-6.665962,0.10655362159013748,0.9300000071525574,0.7797999978065491
YGR268C,YDL148C,0,-6.6664205,0.10654141008853912,0.9300000071525574,0.7799000144004822
YLL013C,YHR214C-B,0,-6.666503,0.10652920603752136,0.9300000071525574,0.7799999713897705
YOR067C,YDR270W,0,-6.666561,0.1065170094370842,0.9300000071525574,0.7800999879837036
YBR288C,YOR327C,1,-6.666657,0.10661932826042175,0.9309999942779541,0.7800999879837036
YLR068W,YOL028C,0,-6.6669188,0.10660712420940399,0.9309999942779541,0.7802000045776367
YKL143W,YDR472W,0,-6.667146,0.10659491270780563,0.9309999942779541,0.7803000211715698
YCR058C,YMR266W,0,-6.6673565,0.10658271610736847,0.9309999942779541,0.7803999781608582
YKR028W,YGL039W,0,-6.6675954,0.10657051205635071,0.9309999942779541,0.7804999947547913
YIL155C,YMR285C,0,-6.6682534,0.10655831545591354,0.9309999942779541,0.7806000113487244
YOL001W,YPR133W-A,0,-6.6683507,0.10654611885547638,0.9309999942779541,0.7807000279426575
YHL040C,YGL112C,0,-6.6685233,0.10653392970561981,0.9309999942779541,0.7807999849319458
YML120C,YDR456W,0,-6.6685567,0.10652174055576324,0.9309999942779541,0.7809000015258789
YDL099W,YGR122W,0,-6.6685967,0.10650955140590668,0.9309999942779541,0.781000018119812
YML124C,YBL100W-A,0,-6.668768,0.1064973697066307,0.9309999942779541,0.7810999751091003
YLR116W,YOR265W,0,-6.6691885,0.10648518800735474,0.9309999942779541,0.7811999917030334
YLR206W,YGL046W,1,-6.6692324,0.10658737272024155,0.9319999814033508,0.7811999917030334
YPL091W,YOL125W,0,-6.66958,0.10657518357038498,0.9319999814033508,0.7813000082969666
YER133W,YOR237W,1,-6.6697097,0.1066773384809494,0.9330000281333923,0.7813000082969666
YML075C,YOR281C,0,-6.670404,0.10666514188051224,0.9330000281333923,0.7814000248908997
YNR003C,YDR393W,0,-6.67049,0.10665295273065567,0.9330000281333923,0.781499981880188
YDR098C,YNL164C,0,-6.670858,0.1066407561302185,0.9330000281333923,0.7815999984741211
YPL266W,YKL026C,0,-6.67127,0.10662857443094254,0.9330000281333923,0.7817000150680542
YBL085W,YBR092C,0,-6.671373,0.10661638528108597,0.9330000281333923,0.7817999720573425
YDL200C,YOR004W,0,-6.6715693,0.10660420358181,0.9330000281333923,0.7818999886512756
YGL209W,YGL028C,0,-6.671722,0.10659202188253403,0.9330000281333923,0.7820000052452087
YLR377C,YPL112C,0,-6.672157,0.10657984763383865,0.9330000281333923,0.7821000218391418
YBR143C,YHR138C,0,-6.672354,0.10656767338514328,0.9330000281333923,0.7821999788284302
YGR119C,YGL162W,0,-6.6728387,0.1065555065870285,0.9330000281333923,0.7822999954223633
YGR147C,YGR059W,0,-6.672898,0.10654333978891373,0.9330000281333923,0.7824000120162964
YJL014W,YNL318C,0,-6.673011,0.10653117299079895,0.9330000281333923,0.7825000286102295
YDR524C,YKL018W,0,-6.673757,0.10651900619268417,0.9330000281333923,0.7825999855995178
YNL041C,YBL005W-B,0,-6.6738524,0.10650684684515,0.9330000281333923,0.7827000021934509
YIL031W,YOR003W,0,-6.6743603,0.10649469494819641,0.9330000281333923,0.782800018787384
YBL069W,YNL332W,0,-6.674397,0.10648253560066223,0.9330000281333923,0.7828999757766724
YMR182C,YBR130C,0,-6.6745706,0.10647038370370865,0.9330000281333923,0.7829999923706055
YLR166C,YCL054W,0,-6.674935,0.10645823925733566,0.9330000281333923,0.7831000089645386
YNL232W,YHR082C,0,-6.675588,0.10644609481096268,0.9330000281333923,0.7832000255584717
YBL071W-A,YDR335W,0,-6.6756973,0.10643395036458969,0.9330000281333923,0.78329998254776
YNR013C,YPR010C,0,-6.6757374,0.1064218059182167,0.9330000281333923,0.7833999991416931
YFL050C,YHR085W,0,-6.676122,0.10640966892242432,0.9330000281333923,0.7835000157356262
YCR058C,YKL051W,0,-6.676323,0.10639753937721252,0.9330000281333923,0.7835999727249146
YOR349W,YJL208C,0,-6.676502,0.10638540238142014,0.9330000281333923,0.7836999893188477
YOR061W,YML033W,0,-6.676528,0.10637327283620834,0.9330000281333923,0.7838000059127808
YGL018C,YPL122C,0,-6.6766725,0.10636115074157715,0.9330000281333923,0.7839000225067139
YCL014W,YHR069C,0,-6.676879,0.10634902864694595,0.9330000281333923,0.7839999794960022
YJR092W,YDL140C,0,-6.677268,0.10633690655231476,0.9330000281333923,0.7840999960899353
YMR091C,YOR229W,0,-6.677544,0.10632478445768356,0.9330000281333923,0.7842000126838684
YMR116C,YDL035C,0,-6.6777177,0.10631266981363297,0.9330000281333923,0.7843000292778015
YDR108W,YOR230W,0,-6.6777463,0.10630055516958237,0.9330000281333923,0.7843999862670898
YOL080C,YPL120W,0,-6.6778307,0.10628844797611237,0.9330000281333923,0.784500002861023
YEL050C,YNL339C,0,-6.67863,0.10627634078264236,0.9330000281333923,0.784600019454956
YHR118C,YLR301W,0,-6.6786942,0.10626423358917236,0.9330000281333923,0.7846999764442444
YBR092C,YOR115C,0,-6.6795897,0.10625213384628296,0.9330000281333923,0.7847999930381775
YAL035W,YNL222W,0,-6.6800656,0.10624003410339355,0.9330000281333923,0.7849000096321106
YGR161C,YGL112C,0,-6.680123,0.10622794181108475,0.9330000281333923,0.7850000262260437
YBR085W,YGR156W,0,-6.680302,0.10621584951877594,0.9330000281333923,0.785099983215332
YGR145W,YJL167W,0,-6.6803546,0.10620375722646713,0.9330000281333923,0.7851999998092651
YOR237W,YOR043W,1,-6.6803975,0.10630548745393753,0.9340000152587891,0.7851999998092651
YJL021C,YLR212C,0,-6.6805673,0.10629338771104813,0.9340000152587891,0.7853000164031982
YOR034C,YAR009C,0,-6.680849,0.10628129541873932,0.9340000152587891,0.7853999733924866
YBR273C,YCR102C,0,-6.6809325,0.10626920312643051,0.9340000152587891,0.7854999899864197
YNL131W,YLR301W,0,-6.6812253,0.1062571108341217,0.9340000152587891,0.7856000065803528
YGL029W,YML126C,0,-6.681264,0.1062450259923935,0.9340000152587891,0.7857000231742859
YJL208C,YDR080W,0,-6.681317,0.10623294115066528,0.9340000152587891,0.7857999801635742
YOR031W,YER117W,0,-6.682052,0.10622085630893707,0.9340000152587891,0.7858999967575073
YBR034C,YGL219C,0,-6.6821284,0.10620877891778946,0.9340000152587891,0.7860000133514404
YBR022W,YGR042W,0,-6.6824923,0.10619670152664185,0.9340000152587891,0.7860999703407288
YJR064W,YGR109C,0,-6.682589,0.10618463158607483,0.9340000152587891,0.7861999869346619
YIL126W,YNR046W,0,-6.6826715,0.10617256164550781,0.9340000152587891,0.786300003528595
YAR044W,YNL093W,1,-6.6829658,0.10627415031194687,0.9350000023841858,0.786300003528595
YKL029C,YKL195W,0,-6.6832533,0.10626207292079926,0.9350000023841858,0.7864000201225281
YMR025W,YJR137C,0,-6.6837873,0.10625000298023224,0.9350000023841858,0.7864999771118164
YGR188C,YNL230C,0,-6.6841927,0.10623792558908463,0.9350000023841858,0.7865999937057495
YCL044C,YBR090C-A,0,-6.684219,0.10622585564851761,0.9350000023841858,0.7867000102996826
YNL329C,YJR145C,0,-6.6851153,0.10621379315853119,0.9350000023841858,0.7868000268936157
YPL121C,YGR074W,0,-6.6855116,0.10620172321796417,0.9350000023841858,0.786899983882904
YJL030W,YNL045W,0,-6.685592,0.10618966817855835,0.9350000023841858,0.7870000004768372
YOR354C,YNL002C,0,-6.6856503,0.10617760568857193,0.9350000023841858,0.7871000170707703
YER062C,YCR084C,0,-6.685723,0.10616555064916611,0.9350000023841858,0.7871999740600586
YEL069C,YNL186W,0,-6.685744,0.10615349560976028,0.9350000023841858,0.7872999906539917
YJR064W,YHR157W,0,-6.685939,0.10614144802093506,0.9350000023841858,0.7874000072479248
YGL061C,YJR120W,0,-6.68611,0.10612940043210983,0.9350000023841858,0.7875000238418579
YJR009C,YGR072W,0,-6.6862016,0.1061173528432846,0.9350000023841858,0.7875999808311462
YMR303C,YGR163W,0,-6.686619,0.10610531270503998,0.9350000023841858,0.7876999974250793
YAR015W,YDR030C,0,-6.686718,0.10609327256679535,0.9350000023841858,0.7878000140190125
YNR038W,YBR129C,0,-6.686877,0.10608123242855072,0.9350000023841858,0.7878999710083008
YNL123W,YGR179C,0,-6.687097,0.10606919974088669,0.9350000023841858,0.7879999876022339
YGL001C,YCL019W,0,-6.6871953,0.10605716705322266,0.9350000023841858,0.788100004196167
YLR167W,YCR081W,0,-6.688464,0.10604514181613922,0.9350000023841858,0.7882000207901001
YDR258C,YDR324C,0,-6.688556,0.10603311657905579,0.9350000023841858,0.7882999777793884
YGL061C,YCL026C-A,0,-6.688864,0.10602109134197235,0.9350000023841858,0.7883999943733215
YPL217C,YLR066W,0,-6.689812,0.10600907355546951,0.9350000023841858,0.7885000109672546
YKL029C,YDR255C,0,-6.6906433,0.10599705576896667,0.9350000023841858,0.7886000275611877
YLR210W,YIR017C,0,-6.691344,0.10598503798246384,0.9350000023841858,0.7886999845504761
YJL073W,YPR078C,0,-6.691626,0.1059730276465416,0.9350000023841858,0.7888000011444092
YDR385W,YJL114W,0,-6.6916556,0.10596101731061935,0.9350000023841858,0.7889000177383423
YGR041W,YDR527W,0,-6.691749,0.10594900697469711,0.9350000023841858,0.7889999747276306
YMR199W,YIL019W,0,-6.6922455,0.10593700408935547,0.9350000023841858,0.7890999913215637
YPL255W,YHR079C-A,0,-6.692322,0.10592500120401382,0.9350000023841858,0.7892000079154968
YJL021C,YGR256W,0,-6.6926637,0.10591300576925278,0.9350000023841858,0.7893000245094299
YJR031C,YAL055W,0,-6.6928134,0.10590101033449173,0.9350000023841858,0.7893999814987183
YNL061W,YDL043C,0,-6.6932993,0.10588901489973068,0.9350000023841858,0.7894999980926514
YDR258C,YCR031C,0,-6.69365,0.10587702691555023,0.9350000023841858,0.7896000146865845
YPL164C,YCL003W,0,-6.6937375,0.10586503893136978,0.9350000023841858,0.7896999716758728
YLR176C,YCL020W,0,-6.6939235,0.10585305094718933,0.9350000023841858,0.7897999882698059
YDR545W,YDR018C,0,-6.6946826,0.10584107041358948,0.9350000023841858,0.789900004863739
YJL209W,YLR135W,0,-6.694961,0.10582908987998962,0.9350000023841858,0.7900000214576721
YDL030W,YLR022C,0,-6.6952357,0.10581710934638977,0.9350000023841858,0.7900999784469604
YLR450W,YLL056C,0,-6.69553,0.10580513626337051,0.9350000023841858,0.7901999950408936
YLR284C,YCR012W,0,-6.6962028,0.10579316318035126,0.9350000023841858,0.7903000116348267
YNL214W,YBL004W,0,-6.6965404,0.1057811975479126,0.9350000023841858,0.7904000282287598
YER070W,YLL017W,0,-6.696942,0.10576923191547394,0.9350000023841858,0.7904999852180481
YKL099C,YEL051W,0,-6.6970983,0.10575726628303528,0.9350000023841858,0.7906000018119812
YNL118C,YNL182C,0,-6.6972413,0.10574530810117722,0.9350000023841858,0.7907000184059143
YML120C,YDR324C,0,-6.697265,0.10573334991931915,0.9350000023841858,0.7907999753952026
YLR425W,YGL255W,0,-6.697461,0.10572139173746109,0.9350000023841858,0.7908999919891357
YGR166W,YPL085W,0,-6.697607,0.10570944100618362,0.9350000023841858,0.7910000085830688
YMR015C,YJL092W,0,-6.6983223,0.10569749027490616,0.9350000023841858,0.791100025177002
YPL217C,YJR059W,0,-6.698501,0.10568553954362869,0.9350000023841858,0.7911999821662903
YDR174W,YDR277C,0,-6.698978,0.10567359626293182,0.9350000023841858,0.7912999987602234
YHL040C,YEL061C,0,-6.6991515,0.10566165298223495,0.9350000023841858,0.7914000153541565
YPR186C,YNL047C,0,-6.69968,0.10564971715211868,0.9350000023841858,0.7914999723434448
YNR043W,YMR190C,0,-6.7000413,0.10563778132200241,0.9350000023841858,0.7915999889373779
YMR199W,YLR425W,0,-6.7006936,0.10562584549188614,0.9350000023841858,0.791700005531311
YLR303W,YPL036W,0,-6.7008767,0.10561391711235046,0.9350000023841858,0.7918000221252441
YKL021C,YLR425W,0,-6.7012067,0.10560198873281479,0.9350000023841858,0.7918999791145325
YDR108W,YJR147W,0,-6.7018046,0.10559006035327911,0.9350000023841858,0.7919999957084656
YOL033W,YDR091C,0,-6.7019954,0.10557813942432404,0.9350000023841858,0.7921000123023987
YJL214W,YDR353W,0,-6.7026935,0.10556621849536896,0.9350000023841858,0.7922000288963318
YJR006W,YHR167W,0,-6.70278,0.10555429756641388,0.9350000023841858,0.7922999858856201
YER070W,YAL001C,0,-6.7029004,0.1055423840880394,0.9350000023841858,0.7924000024795532
YPR201W,YOR326W,0,-6.7029653,0.10553047060966492,0.9350000023841858,0.7925000190734863
YPR103W,YDR115W,0,-6.7030215,0.10551856458187103,0.9350000023841858,0.7925999760627747
YLR068W,YML059C,0,-6.703176,0.10550665855407715,0.9350000023841858,0.7926999926567078
YDR295C,YOR206W,0,-6.703465,0.10549475252628326,0.9350000023841858,0.7928000092506409
YFR024C,YHR030C,0,-6.703529,0.10548285394906998,0.9350000023841858,0.792900025844574
YMR138W,YJL138C,0,-6.703968,0.10547095537185669,0.9350000023841858,0.7929999828338623
YOR160W,YOR313C,0,-6.70399,0.1054590567946434,0.9350000023841858,0.7930999994277954
YPL096C-A,YER015W,0,-6.7039933,0.10544716566801071,0.9350000023841858,0.7932000160217285
YDL092W,YLR298C,0,-6.704374,0.10543527454137802,0.9350000023841858,0.7932999730110168
YNL326C,YOR287C,0,-6.7063804,0.10542338341474533,0.9350000023841858,0.79339998960495
YML033W,YPL087W,0,-6.7065353,0.10541149973869324,0.9350000023841858,0.7935000061988831
YML071C,YER015W,0,-6.706723,0.10539961606264114,0.9350000023841858,0.7936000227928162
YOR023C,YER062C,0,-6.7069182,0.10538773983716965,0.9350000023841858,0.7936999797821045
YER109C,YDR302W,0,-6.707708,0.10537585616111755,0.9350000023841858,0.7937999963760376
YIL138C,YDR398W,0,-6.708547,0.10536398738622665,0.9350000023841858,0.7939000129699707
YCL059C,YML041C,0,-6.7089252,0.10535211116075516,0.9350000023841858,0.7940000295639038
YMR001C,YGL246C,0,-6.70902,0.10534024238586426,0.9350000023841858,0.7940999865531921
YPR200C,YMR260C,0,-6.7092195,0.10532837361097336,0.9350000023841858,0.7942000031471252
YML080W,YER065C,0,-6.709427,0.10531651228666306,0.9350000023841858,0.7943000197410583
YGL200C,YMR246W,0,-6.7098327,0.10530465096235275,0.9350000023841858,0.7943999767303467
YIR041W,YER117W,0,-6.710534,0.10529278963804245,0.9350000023841858,0.7944999933242798
YJR059W,YGL175C,0,-6.7105656,0.10528093576431274,0.9350000023841858,0.7946000099182129
YDR013W,YDR382W,0,-6.71102,0.10526908189058304,0.9350000023841858,0.794700026512146
YDL040C,YHR020W,0,-6.7117734,0.10525723546743393,0.9350000023841858,0.7947999835014343
YMR184W,YGL078C,0,-6.7117763,0.10524538159370422,0.9350000023841858,0.7949000000953674
YPL211W,YDR079C-A,0,-6.7119803,0.10523354262113571,0.9350000023841858,0.7950000166893005
YPL135W,YMR182C,0,-6.7122736,0.1052216961979866,0.9350000023841858,0.7950999736785889
YPR112C,YBL075C,0,-6.7123513,0.10520985722541809,0.9350000023841858,0.795199990272522
YLR398C,YBR111W-A,0,-6.7125425,0.10519801825284958,0.9350000023841858,0.7953000068664551
YDR130C,YHR079C-A,0,-6.712683,0.10518618673086166,0.9350000023841858,0.7954000234603882
YGL211W,YOL040C,0,-6.712947,0.10517435520887375,0.9350000023841858,0.7954999804496765
YDR464W,YHR020W,0,-6.713054,0.10516252368688583,0.9350000023841858,0.7955999970436096
YOR237W,YML001W,1,-6.714126,0.10526315867900848,0.9359999895095825,0.7955999970436096
YNR052C,YNL279W,0,-6.7144027,0.10525131970643997,0.9359999895095825,0.7957000136375427
YOL043C,YKL113C,0,-6.714498,0.10523948818445206,0.9359999895095825,0.795799970626831
YDL069C,YGL073W,0,-6.7145095,0.10522765666246414,0.9359999895095825,0.7958999872207642
YKL172W,YML019W,0,-6.7147083,0.10521582514047623,0.9359999895095825,0.7960000038146973
YDR358W,YKL035W,0,-6.714863,0.10520400106906891,0.9359999895095825,0.7961000204086304
YGR070W,YDL052C,0,-6.7149014,0.10519217699766159,0.9359999895095825,0.7961999773979187
YLR401C,YPR078C,0,-6.7149944,0.10518036037683487,0.9359999895095825,0.7962999939918518
YFL013C,YNL129W,0,-6.71547,0.10516853630542755,0.9359999895095825,0.7964000105857849
YLR242C,YNL093W,1,-6.7156467,0.10526907444000244,0.9369999766349792,0.7964000105857849
YDL105W,YPR132W,0,-6.7157907,0.10525724291801453,0.9369999766349792,0.796500027179718
YAL026C,YGL046W,1,-6.7158823,0.10535774379968643,0.9380000233650208,0.796500027179718
YMR246W,YIL121W,0,-6.7161317,0.10534591227769852,0.9380000233650208,0.7965999841690063
YMR083W,YOR305W,0,-6.7164264,0.1053340807557106,0.9380000233650208,0.7967000007629395
YOR310C,YKR072C,0,-6.7165484,0.10532225668430328,0.9380000233650208,0.7968000173568726
YBR109C,YAR044W,1,-6.71689,0.10542269796133041,0.9390000104904175,0.7968000173568726
YNR060W,YKL125W,0,-6.717115,0.1054108664393425,0.9390000104904175,0.7968999743461609
YKR025W,YDR495C,0,-6.7174993,0.10539903491735458,0.9390000104904175,0.796999990940094
YNR043W,YHR099W,0,-6.717919,0.10538720339536667,0.9390000104904175,0.7971000075340271
YJL167W,YHR039C-B,0,-6.718495,0.10537537932395935,0.9390000104904175,0.7972000241279602
YPR135W,YBR213W,0,-6.7184973,0.10536355525255203,0.9390000104904175,0.7972999811172485
YPL267W,YNR013C,0,-6.718905,0.10535173118114471,0.9390000104904175,0.7973999977111816
YML052W,YHR016C,1,-6.718978,0.10545209795236588,0.9399999976158142,0.7973999977111816
YKL089W,YPR161C,0,-6.7192564,0.10544026643037796,0.9399999976158142,0.7975000143051147
YHR027C,YJR141W,0,-6.7194915,0.10542844235897064,0.9399999976158142,0.7975999712944031
YBR132C,YPR104C,0,-6.7197375,0.10541661828756332,0.9399999976158142,0.7976999878883362
YBR213W,YER082C,0,-6.7200155,0.1054048016667366,0.9399999976158142,0.7978000044822693
YJL003W,YJR119C,0,-6.7200947,0.10539297759532928,0.9399999976158142,0.7979000210762024
YOR007C,YGL039W,0,-6.7202926,0.10538116842508316,0.9399999976158142,0.7979999780654907
YMR163C,YLL061W,0,-6.7207546,0.10536935180425644,0.9399999976158142,0.7980999946594238
YKL154W,YPR078C,0,-6.7214284,0.10535754263401031,0.9399999976158142,0.7982000112533569
YJR007W,YOL097C,0,-6.7214494,0.10534573346376419,0.9399999976158142,0.79830002784729
YCL012W,YPR163C,0,-6.721514,0.10533393174409866,0.9399999976158142,0.7983999848365784
YDR342C,YGR059W,0,-6.7223487,0.10532213002443314,0.9399999976158142,0.7985000014305115
YPL084W,YBR100W,0,-6.7224264,0.10531032830476761,0.9399999976158142,0.7986000180244446
YLL060C,YKL082C,0,-6.722526,0.10529853403568268,0.9399999976158142,0.7986999750137329
YBR020W,YNL098C,0,-6.7226477,0.10528673976659775,0.9399999976158142,0.798799991607666
YHR001W-A,YDR451C,0,-6.722709,0.10527494549751282,0.9399999976158142,0.7989000082015991
YNL112W,YGR289C,0,-6.723291,0.10526315867900848,0.9399999976158142,0.7990000247955322
YLR292C,YDR011W,0,-6.7236576,0.10525137186050415,0.9399999976158142,0.7990999817848206
YBL015W,YLR222C,0,-6.723994,0.10523958504199982,0.9399999976158142,0.7991999983787537
YLR337W,YNR047W,1,-6.724526,0.10533975064754486,0.9409999847412109,0.7991999983787537
YGL247W,YBR095C,0,-6.724813,0.10532796382904053,0.9409999847412109,0.7993000149726868
YPL008W,YJR069C,0,-6.7251034,0.1053161695599556,0.9409999847412109,0.7993999719619751
YPL181W,YLR222C,0,-6.7253118,0.10530439019203186,0.9409999847412109,0.7994999885559082
YDR097C,YJR141W,0,-6.7255645,0.10529260337352753,0.9409999847412109,0.7996000051498413
YCL012W,YER019W,0,-6.725674,0.10528082400560379,0.9409999847412109,0.7997000217437744
YBR294W,YLR272C,0,-6.725675,0.10526904463768005,0.9409999847412109,0.7997999787330627
YBR091C,YPL188W,0,-6.725861,0.10525727272033691,0.9409999847412109,0.7998999953269958
YLR014C,YLL024C,0,-6.7260394,0.10524550080299377,0.9409999847412109,0.800000011920929
YMR301C,YDR472W,0,-6.7260766,0.10523372888565063,0.9409999847412109,0.8001000285148621
YIL021W,YDR382W,0,-6.7276173,0.10522196441888809,0.9409999847412109,0.8001999855041504
YLR242C,YGL046W,1,-6.7276397,0.10532200336456299,0.9419999718666077,0.8001999855041504
YOR326W,YMR134W,0,-6.7277665,0.10531023144721985,0.9419999718666077,0.8003000020980835
YNL049C,YGR272C,0,-6.7278104,0.10529845952987671,0.9419999718666077,0.8004000186920166
YKL201C,YEL020W-A,0,-6.7279167,0.10528668761253357,0.9419999718666077,0.8004999756813049
YBR265W,YLR301W,0,-6.7279806,0.10527492314577103,0.9419999718666077,0.800599992275238
YOR173W,YPR018W,0,-6.7282767,0.10526315867900848,0.9419999718666077,0.8007000088691711
YHR171W,YDR018C,0,-6.728622,0.10525139421224594,0.9419999718666077,0.8008000254631042
YER062C,YMR270C,0,-6.7290936,0.105239637196064,0.9419999718666077,0.8008999824523926
YER068W,YNL334C,0,-6.7292333,0.10522788017988205,0.9419999718666077,0.8009999990463257
YGR268C,YHR039C-B,0,-6.729455,0.1052161306142807,0.9419999718666077,0.8011000156402588
YPL110C,YGL183C,0,-6.729546,0.10520438104867935,0.9419999718666077,0.8011999726295471
YDL052C,YER041W,0,-6.7295513,0.105192631483078,0.9419999718666077,0.8012999892234802
YGL105W,YOR287C,0,-6.729655,0.10518088191747665,0.9419999718666077,0.8014000058174133
YOR056C,YDR073W,0,-6.729661,0.1051691398024559,0.9419999718666077,0.8015000224113464
YBL016W,YLL017W,0,-6.7297387,0.10515739768743515,0.9419999718666077,0.8015999794006348
YDR036C,YLR126C,0,-6.7298107,0.105145663022995,0.9419999718666077,0.8016999959945679
YKL172W,YLR467W,0,-6.7299085,0.10513392835855484,0.9419999718666077,0.801800012588501
YGL216W,YIR012W,0,-6.7302613,0.10512219369411469,0.9419999718666077,0.8019000291824341
YIR033W,YDR300C,0,-6.730449,0.10511046648025513,0.9419999718666077,0.8019999861717224
YCL016C,YDR508C,0,-6.7305083,0.10509873926639557,0.9419999718666077,0.8021000027656555
YLR158C,YJL054W,0,-6.73064,0.10508701205253601,0.9419999718666077,0.8022000193595886
YGR191W,YNL329C,0,-6.7312703,0.10507529228925705,0.9419999718666077,0.802299976348877
YPL266W,YIL097W,0,-6.7315392,0.10506357252597809,0.9419999718666077,0.8023999929428101
YBR021W,YDR486C,0,-6.731648,0.10505186021327972,0.9419999718666077,0.8025000095367432
YGL046W,YML052W,1,-6.731793,0.10515165328979492,0.9430000185966492,0.8025000095367432
YMR246W,YDR436W,0,-6.731927,0.10513992607593536,0.9430000185966492,0.8026000261306763
YMR150C,YLR320W,0,-6.7321224,0.1051282063126564,0.9430000185966492,0.8026999831199646
YGR239C,YNL206C,0,-6.7322364,0.10511648654937744,0.9430000185966492,0.8027999997138977
YDR397C,YLR312C-B,0,-6.732337,0.10510476678609848,0.9430000185966492,0.8029000163078308
YOR229W,YNL304W,0,-6.7326436,0.10509305447340012,0.9430000185966492,0.8029999732971191
YIR023W,YBR100W,0,-6.732673,0.10508134961128235,0.9430000185966492,0.8030999898910522
YPR200C,YNL016W,0,-6.733022,0.10506963729858398,0.9430000185966492,0.8032000064849854
YJR031C,YOR153W,0,-6.733038,0.10505793243646622,0.9430000185966492,0.8033000230789185
YER075C,YHR088W,0,-6.7330413,0.10504622757434845,0.9430000185966492,0.8033999800682068
YKL057C,YJL072C,0,-6.734412,0.10503453016281128,0.9430000185966492,0.8034999966621399
YPR030W,YHR073W,1,-6.73453,0.10513420403003693,0.9440000057220459,0.8034999966621399
YMR319C,YNL329C,0,-6.7348294,0.10512249171733856,0.9440000057220459,0.803600013256073
YMR220W,YPR078C,0,-6.734841,0.1051107868552208,0.9440000057220459,0.8036999702453613
YJR147W,YHR039C-B,0,-6.7349796,0.10509908944368362,0.9440000057220459,0.8037999868392944
YHR114W,YLR337W,1,-6.7361856,0.10519871115684509,0.9449999928474426,0.8037999868392944
YGR142W,YLL018C-A,0,-6.7366023,0.10518699884414673,0.9449999928474426,0.8039000034332275
YKL043W,YCR061W,0,-6.736733,0.10517529398202896,0.9449999928474426,0.8040000200271606
YDL145C,YHR214C-B,0,-6.7367687,0.1051635891199112,0.9449999928474426,0.804099977016449
YLR242C,YKL203C,1,-6.73683,0.10526315867900848,0.9459999799728394,0.804099977016449
YOR317W,YNR046W,0,-6.7375436,0.10525144636631012,0.9459999799728394,0.8041999936103821
YFL011W,YKL080W,0,-6.7376037,0.10523973405361176,0.9459999799728394,0.8043000102043152
YHR175W,YOR334W,0,-6.7377753,0.10522802919149399,0.9459999799728394,0.8044000267982483
YAL013W,YER127W,0,-6.7382913,0.10521632432937622,0.9459999799728394,0.8044999837875366
YPR010C,YFL018W-A,0,-6.73835,0.10520462691783905,0.9459999799728394,0.8046000003814697
YBL098W,YNL061W,0,-6.7389164,0.10519292950630188,0.9459999799728394,0.8047000169754028
YNL273W,YLR132C,0,-6.739096,0.10518123209476471,0.9459999799728394,0.8047999739646912
YOL086C,YLL040C,0,-6.7405276,0.10516954213380814,0.9459999799728394,0.8048999905586243
YNL102W,YFR040W,0,-6.740719,0.10515784472227097,0.9459999799728394,0.8050000071525574
YBR090C-A,YDR324C,0,-6.7412763,0.10514616221189499,0.9459999799728394,0.8051000237464905
YJR150C,YGL143C,0,-6.7415667,0.10513447225093842,0.9459999799728394,0.8051999807357788
YFR053C,YPL122C,0,-6.7416434,0.10512278974056244,0.9459999799728394,0.8052999973297119
YOR239W,YCL062W,0,-6.7417417,0.10511111468076706,0.9459999799728394,0.805400013923645
YNR001C,YOR313C,0,-6.741784,0.10509943217039108,0.9459999799728394,0.8054999709129333
YOL127W,YGR042W,0,-6.7419457,0.1050877571105957,0.9459999799728394,0.8055999875068665
YLR226W,YLR377C,0,-6.7427297,0.10507608205080032,0.9459999799728394,0.8057000041007996
YBR192W,YNL339C,0,-6.7428975,0.10506441444158554,0.9459999799728394,0.8058000206947327
YPL209C,YML027W,0,-6.743054,0.10505274683237076,0.9459999799728394,0.805899977684021
YOR185C,YLR190W,0,-6.743318,0.10504108667373657,0.9459999799728394,0.8059999942779541
YLR382C,YOL129W,0,-6.7434487,0.10502941906452179,0.9459999799728394,0.8061000108718872
YHR143W,YDR176W,0,-6.7435327,0.1050177589058876,0.9459999799728394,0.8062000274658203
YPL036W,YML040W,0,-6.743665,0.10500610619783401,0.9459999799728394,0.8062999844551086
YGL053W,YNL186W,0,-6.743858,0.10499445348978043,0.9459999799728394,0.8064000010490417
YKL079W,YOR008C-A,0,-6.7440357,0.10498280078172684,0.9459999799728394,0.8065000176429749
YPR128C,YNR057C,0,-6.7443805,0.10497114807367325,0.9459999799728394,0.8065999746322632
YPR193C,YAR008W,0,-6.7444234,0.10495950281620026,0.9459999799728394,0.8066999912261963
YBR066C,YJL098W,0,-6.7451544,0.10494785755872726,0.9459999799728394,0.8068000078201294
YFL021W,YIL123W,0,-6.7455554,0.10493621975183487,0.9459999799728394,0.8069000244140625
YFR024C,YGL106W,0,-6.745588,0.10492458194494247,0.9459999799728394,0.8069999814033508
YIL076W,YBL100W-B,0,-6.7459316,0.10491294413805008,0.9459999799728394,0.8070999979972839
YPL119C,YNL247W,0,-6.746017,0.10490130633115768,0.9459999799728394,0.807200014591217
YDL231C,YGL046W,1,-6.746086,0.1050005555152893,0.9470000267028809,0.807200014591217
YGR262C,YML045W,0,-6.746305,0.10498891025781631,0.9470000267028809,0.8072999715805054
YCR086W,YDR397C,0,-6.746562,0.10497727245092392,0.9470000267028809,0.8073999881744385
YOR023C,YMR127C,0,-6.7466507,0.10496564209461212,0.9470000267028809,0.8075000047683716
YBR090C-A,YGR047C,0,-6.746878,0.10495400428771973,0.9470000267028809,0.8076000213623047
YOR133W,YNR003C,0,-6.747051,0.10494237393140793,0.9470000267028809,0.807699978351593
YGR086C,YGL046W,1,-6.7475195,0.10504154860973358,0.9480000138282776,0.807699978351593
YDR138W,YML120C,0,-6.747688,0.10502991080284119,0.9480000138282776,0.8077999949455261
YNR019W,YEL061C,0,-6.747977,0.10501828044652939,0.9480000138282776,0.8079000115394592
YGR109C,YML120C,0,-6.7481203,0.105006642639637,0.9480000138282776,0.8080000281333923
YGL078C,YLR305C,0,-6.7481885,0.10499501973390579,0.9480000138282776,0.8080999851226807
YPL156C,YHR079C-A,0,-6.7481985,0.104983389377594,0.9480000138282776,0.8082000017166138
YIR006C,YNL093W,1,-6.7487993,0.10508249700069427,0.9490000009536743,0.8082000017166138
YGL181W,YAR044W,1,-6.7488537,0.10518157482147217,0.949999988079071,0.8082000017166138
YKR063C,YLR212C,0,-6.7488723,0.10516992956399918,0.949999988079071,0.8083000183105469
YGR036C,YDR300C,0,-6.749124,0.10515829175710678,0.949999988079071,0.8083999752998352
YNR007C,YDR018C,0,-6.74989,0.10514665395021439,0.949999988079071,0.8084999918937683
YNL271C,YLR212C,0,-6.750113,0.10513501614332199,0.949999988079071,0.8086000084877014
YBR167C,YER180C-A,0,-6.7502055,0.1051233783364296,0.949999988079071,0.8087000250816345
YHR196W,YLL017W,0,-6.7506175,0.1051117479801178,0.949999988079071,0.8087999820709229
YOR237W,YLR240W,1,-6.7511563,0.10521075129508972,0.9509999752044678,0.8087999820709229
YOL164W,YPL011C,0,-6.751726,0.10519911348819733,0.9509999752044678,0.808899998664856
YBR158W,YCL019W,0,-6.7521853,0.10518747568130493,0.9509999752044678,0.8090000152587891
YLR158C,YNL147W,0,-6.7523,0.10517584532499313,0.9509999752044678,0.8090999722480774
YGR059W,YCR102C,0,-6.752335,0.10516421496868134,0.9509999752044678,0.8091999888420105
YNR060W,YDL198C,0,-6.752658,0.10515258461236954,0.9509999752044678,0.8093000054359436
YJR097W,YOR194C,0,-6.7530956,0.10514096170663834,0.9509999752044678,0.8094000220298767
YBL097W,YJR026W,0,-6.7533913,0.10512933880090714,0.9509999752044678,0.809499979019165
YMR081C,YOL076W,0,-6.753844,0.10511771589517593,0.9509999752044678,0.8095999956130981
YNL267W,YGL158W,0,-6.7544017,0.10510610044002533,0.9509999752044678,0.8097000122070312
YDL247W,YGL115W,0,-6.7544503,0.10509448498487473,0.9509999752044678,0.8098000288009644
YBR021W,YPR182W,0,-6.754931,0.10508286952972412,0.9509999752044678,0.8098999857902527
YDR060W,YPL121C,0,-6.755244,0.10507126152515411,0.9509999752044678,0.8100000023841858
YPL084W,YNL299W,0,-6.7558036,0.1050596535205841,0.9509999752044678,0.8101000189781189
YJR076C,YPL237W,0,-6.756163,0.1050480529665947,0.9509999752044678,0.8101999759674072
YGL253W,YFR001W,0,-6.7567563,0.10503644496202469,0.9509999752044678,0.8102999925613403
YCL040W,YPL124W,0,-6.7571425,0.10502485185861588,0.9509999752044678,0.8104000091552734
YOR142W,YPR137W,0,-6.7575893,0.10501325130462646,0.9509999752044678,0.8105000257492065
YBR159W,YGL028C,0,-6.757628,0.10500165820121765,0.9509999752044678,0.8105999827384949
YER065C,YIL126W,0,-6.757852,0.10499006509780884,0.9509999752044678,0.810699999332428
YDL247W,YLR066W,0,-6.757914,0.10497847199440002,0.9509999752044678,0.8108000159263611
YGL071W,YIL061C,0,-6.75907,0.10496688634157181,0.9509999752044678,0.8108999729156494
YBR091C,YLR176C,0,-6.7598886,0.10495530068874359,0.9509999752044678,0.8109999895095825
YJL081C,YDR306C,0,-6.7612906,0.10494372248649597,0.9509999752044678,0.8111000061035156
YGR188C,YOR027W,0,-6.7614083,0.10493214428424835,0.9509999752044678,0.8112000226974487
YFR053C,YKR002W,0,-6.761549,0.10492056608200073,0.9509999752044678,0.8112999796867371
YBR179C,YMR290C,0,-6.7615848,0.10490898787975311,0.9509999752044678,0.8113999962806702
YBR243C,YJR150C,0,-6.761592,0.10489741712808609,0.9509999752044678,0.8115000128746033
YJL021C,YDL081C,0,-6.761595,0.10488584637641907,0.9509999752044678,0.8116000294685364
YDR437W,YDR181C,0,-6.761722,0.10487428307533264,0.9509999752044678,0.8116999864578247
YJL222W,YLR272C,0,-6.7619634,0.10486271977424622,0.9509999752044678,0.8118000030517578
YGL194C,YBL100W-B,0,-6.762188,0.10485115647315979,0.9509999752044678,0.8119000196456909
YPL119C,YER070W,0,-6.7624946,0.10483960062265396,0.9509999752044678,0.8119999766349792
YBR236C,YDL039C,0,-6.7627892,0.10482804477214813,0.9509999752044678,0.8120999932289124
YLR081W,YAR009C,0,-6.763279,0.1048164889216423,0.9509999752044678,0.8122000098228455
YPR200C,YER151C,0,-6.764143,0.10480494052171707,0.9509999752044678,0.8123000264167786
YHR061C,YJL018W,0,-6.765193,0.10479339212179184,0.9509999752044678,0.8123999834060669
YBR111W-A,YKL099C,0,-6.765507,0.10478184372186661,0.9509999752044678,0.8125
YGL130W,YDR465C,0,-6.765706,0.10477029532194138,0.9509999752044678,0.8126000165939331
YOR133W,YKR087C,0,-6.7661195,0.10475875437259674,0.9509999752044678,0.8126999735832214
YLR233C,YDR461W,0,-6.767211,0.1047472208738327,0.9509999752044678,0.8127999901771545
YKL130C,YCL019W,0,-6.767325,0.10473567992448807,0.9509999752044678,0.8129000067710876
YCL026C-A,YDR314C,0,-6.7677155,0.10472414642572403,0.9509999752044678,0.8130000233650208
YGL166W,YGL183C,0,-6.7678294,0.10471262037754059,0.9509999752044678,0.8130999803543091
YCR063W,YOR340C,0,-6.7680125,0.10470108687877655,0.9509999752044678,0.8131999969482422
YLR116W,YMR060C,0,-6.7680554,0.10468956083059311,0.9509999752044678,0.8133000135421753
YDL083C,YDL235C,0,-6.768543,0.10467804223299026,0.9509999752044678,0.8133999705314636
YKL200C,YGL243W,0,-6.768574,0.10466652363538742,0.9509999752044678,0.8134999871253967
YJL018W,YHR120W,0,-6.7686377,0.10465500503778458,0.9509999752044678,0.8136000037193298
YDR121W,YGL226C-A,0,-6.769198,0.10464348644018173,0.9509999752044678,0.8137000203132629
YLR107W,YBR012W-B,0,-6.769775,0.10463197529315948,0.9509999752044678,0.8137999773025513
YGR171C,YNR053C,0,-6.769822,0.10462046414613724,0.9509999752044678,0.8138999938964844
YKL200C,YJL076W,0,-6.7715135,0.10460895299911499,0.9509999752044678,0.8140000104904175
YPL267W,YBR192W,0,-6.771555,0.10459744930267334,0.9509999752044678,0.8141000270843506
YIL048W,YAR044W,1,-6.771564,0.10469592362642288,0.9520000219345093,0.8141000270843506
YHR171W,YLR103C,0,-6.771924,0.10468440502882004,0.9520000219345093,0.8141999840736389
YFL010W-A,YOR129C,0,-6.7720017,0.10467289388179779,0.9520000219345093,0.814300000667572
YNL117W,YDR166C,0,-6.772079,0.10466139018535614,0.9520000219345093,0.8144000172615051
YBR022W,YIL123W,0,-6.7726398,0.10464988648891449,0.9520000219345093,0.8144999742507935
YGL241W,YDL039C,0,-6.7727876,0.10463838279247284,0.9520000219345093,0.8145999908447266
YPL275W,YDR088C,0,-6.77325,0.10462687909603119,0.9520000219345093,0.8147000074386597
YPL130W,YJR007W,0,-6.773435,0.10461538285017014,0.9520000219345093,0.8148000240325928
YDR021W,YBR017C,0,-6.7735844,0.10460388660430908,0.9520000219345093,0.8148999810218811
YGR225W,YCR042C,0,-6.773921,0.10459239780902863,0.9520000219345093,0.8149999976158142
YBR100W,YNL072W,0,-6.775059,0.10458090901374817,0.9520000219345093,0.8151000142097473
YHL040C,YJL013C,0,-6.775103,0.10456942021846771,0.9520000219345093,0.8151999711990356
YJR147W,YJL092W,0,-6.7751656,0.10455793887376785,0.9520000219345093,0.8152999877929688
YLR033W,YAR009C,0,-6.7752213,0.1045464500784874,0.9520000219345093,0.8154000043869019
YLR274W,YHR152W,0,-6.7757206,0.10453497618436813,0.9520000219345093,0.815500020980835
YBR132C,YHR007C,0,-6.77595,0.10452349483966827,0.9520000219345093,0.8155999779701233
YDR023W,YJL045W,0,-6.7760596,0.10451202094554901,0.9520000219345093,0.8156999945640564
YHR160C,YLR312C-B,0,-6.7763796,0.10450054705142975,0.9520000219345093,0.8158000111579895
YER168C,YJL018W,0,-6.776435,0.10448908060789108,0.9520000219345093,0.8159000277519226
YDR216W,YML097C,0,-6.776532,0.10447761416435242,0.9520000219345093,0.8159999847412109
YER044C-A,YKL018W,0,-6.7767353,0.10446614772081375,0.9520000219345093,0.816100001335144
YLR233C,YFL035C,0,-6.777154,0.10445468872785568,0.9520000219345093,0.8162000179290771
YJR132W,YGL249W,0,-6.777447,0.10444322228431702,0.9520000219345093,0.8162999749183655
YLR078C,YCL020W,0,-6.777803,0.10443177074193954,0.9520000219345093,0.8163999915122986
YGL078C,YDL079C,0,-6.7783704,0.10442031174898148,0.9520000219345093,0.8165000081062317
YKL043W,YNL151C,0,-6.778418,0.104408860206604,0.9520000219345093,0.8166000247001648
YPL082C,YML033W,0,-6.7784305,0.10439740866422653,0.9520000219345093,0.8166999816894531
YDL014W,YEL024W,0,-6.7786016,0.10438596457242966,0.9520000219345093,0.8167999982833862
YLR147C,YLR212C,0,-6.7789984,0.10437452048063278,0.9520000219345093,0.8169000148773193
YPR070W,YGR272C,0,-6.779002,0.10436307638883591,0.9520000219345093,0.8169999718666077
YPL124W,YPR074C,0,-6.7792044,0.10435163974761963,0.9520000219345093,0.8170999884605408
YPL021W,YGR178C,0,-6.7802052,0.10434020310640335,0.9520000219345093,0.8172000050544739
YBR100W,YLL012W,0,-6.7802486,0.10432876646518707,0.9520000219345093,0.817300021648407
YJL102W,YDR065W,0,-6.78025,0.10431733727455139,0.9520000219345093,0.8173999786376953
YJL021C,YDR108W,0,-6.780295,0.10430590808391571,0.9520000219345093,0.8174999952316284
YOL042W,YDR115W,0,-6.782003,0.10429447889328003,0.9520000219345093,0.8176000118255615
YLR201C,YBR111W-A,0,-6.7823405,0.10428305715322495,0.9520000219345093,0.8177000284194946
YDR205W,YHR020W,0,-6.782517,0.10427163541316986,0.9520000219345093,0.817799985408783
YLR103C,YPL133C,0,-6.782617,0.10426021367311478,0.9520000219345093,0.8179000020027161
YKL021C,YOR338W,0,-6.7828364,0.10424879193305969,0.9520000219345093,0.8180000185966492
YEL066W,YPL175W,0,-6.7834077,0.1042373776435852,0.9520000219345093,0.8180999755859375
YHR011W,YNL214W,0,-6.7837915,0.10422597080469131,0.9520000219345093,0.8181999921798706
YCL027W,YDR138W,0,-6.7848063,0.10421455651521683,0.9520000219345093,0.8183000087738037
YMR030W,YPR078C,0,-6.785953,0.10420314967632294,0.9520000219345093,0.8184000253677368
YFL014W,YGL099W,0,-6.7860346,0.10419175028800964,0.9520000219345093,0.8184999823570251
YLR377C,YMR134W,0,-6.7862267,0.10418034344911575,0.9520000219345093,0.8185999989509583
YDR277C,YGR274C,0,-6.7866087,0.10416894406080246,0.9520000219345093,0.8187000155448914
YPL096C-A,YDR409W,0,-6.7868943,0.10415755212306976,0.9520000219345093,0.8187999725341797
YLR347C,YKL088W,0,-6.787507,0.10414615273475647,0.9520000219345093,0.8188999891281128
YGR188C,YPR186C,0,-6.7875295,0.10413476079702377,0.9520000219345093,0.8190000057220459
YPL275W,YPL097W,0,-6.787598,0.10412337630987167,0.9520000219345093,0.819100022315979
YER127W,YLR455W,0,-6.7878084,0.10411198437213898,0.9520000219345093,0.8191999793052673
YKL059C,YEL057C,0,-6.7884107,0.10410059988498688,0.9520000219345093,0.8192999958992004
YER021W,YBR284W,0,-6.788636,0.10408922284841537,0.9520000219345093,0.8194000124931335
YGL001C,YOL020W,0,-6.7888875,0.10407783836126328,0.9520000219345093,0.8195000290870667
YPR200C,YPR002W,0,-6.788926,0.10406646132469177,0.9520000219345093,0.819599986076355
YPL275W,YNL310C,0,-6.788936,0.10405508428812027,0.9520000219345093,0.8197000026702881
YOR328W,YPR086W,0,-6.789271,0.10404371470212936,0.9520000219345093,0.8198000192642212
YOR145C,YER160C,0,-6.7899346,0.10403234511613846,0.9520000219345093,0.8198999762535095
YJL140W,YCL062W,0,-6.790855,0.10402097553014755,0.9520000219345093,0.8199999928474426
YBL071W-A,YPL174C,0,-6.790971,0.10400961339473724,0.9520000219345093,0.8201000094413757
YER070W,YLR369W,0,-6.791025,0.10399825125932693,0.9520000219345093,0.8202000260353088
YBL084C,YKL029C,0,-6.791139,0.10398688912391663,0.9520000219345093,0.8202999830245972
YDR172W,YGR054W,0,-6.7912016,0.10397553443908691,0.9520000219345093,0.8203999996185303
YLR144C,YLR435W,0,-6.791456,0.1039641797542572,0.9520000219345093,0.8205000162124634
YGL029W,YFL004W,0,-6.791761,0.10395282506942749,0.9520000219345093,0.8205999732017517
YJR053W,YDR397C,0,-6.7918115,0.10394147783517838,0.9520000219345093,0.8206999897956848
YLR221C,YEL041W,0,-6.791874,0.10393013060092926,0.9520000219345093,0.8208000063896179
YBL097W,YJL026W,0,-6.7921357,0.10391878336668015,0.9520000219345093,0.820900022983551
YOL156W,YER110C,0,-6.7921405,0.10390744358301163,0.9520000219345093,0.8209999799728394
YOR136W,YHR079C-A,0,-6.792327,0.10389610379934311,0.9520000219345093,0.8210999965667725
YHR011W,YLR430W,0,-6.7923684,0.10388476401567459,0.9520000219345093,0.8212000131607056
YLR288C,YDR312W,0,-6.792613,0.10387343168258667,0.9520000219345093,0.8213000297546387
YFL014W,YKL081W,0,-6.792664,0.10386209934949875,0.9520000219345093,0.821399986743927
YGL142C,YAL068C,0,-6.792709,0.10385076701641083,0.9520000219345093,0.8215000033378601
YLR337W,YML001W,1,-6.7927704,0.10394851863384247,0.953000009059906,0.8215000033378601
YDR093W,YLR337W,1,-6.792786,0.10404624044895172,0.9539999961853027,0.8215000033378601
YDR388W,YLR337W,1,-6.792909,0.10414394736289978,0.9549999833106995,0.8215000033378601
YLR337W,YOR043W,1,-6.792949,0.10424163192510605,0.9559999704360962,0.8215000033378601
YOR253W,YER160C,0,-6.7938037,0.10423026233911514,0.9559999704360962,0.8216000199317932
YNL329C,YGR285C,0,-6.79419,0.10421890020370483,0.9559999704360962,0.8216999769210815
YJL042W,YDR115W,0,-6.794295,0.10420754551887512,0.9559999704360962,0.8217999935150146
YJL021C,YLL021W,0,-6.794314,0.10419618338346481,0.9559999704360962,0.8219000101089478
YKL139W,YNL247W,0,-6.794372,0.1041848286986351,0.9559999704360962,0.8220000267028809
YJL025W,YGL093W,0,-6.794489,0.10417347401380539,0.9559999704360962,0.8220999836921692
YPR193C,YNL213C,0,-6.7958226,0.10416212677955627,0.9559999704360962,0.8222000002861023
YPL275W,YDL013W,0,-6.797021,0.10415077954530716,0.9559999704360962,0.8223000168800354
YLR172C,YGR119C,0,-6.7975864,0.10413943231105804,0.9559999704360962,0.8223999738693237
YML113W,YMR051C,0,-6.7977967,0.10412809252738953,0.9559999704360962,0.8224999904632568
YCR072C,YPL130W,0,-6.7980547,0.10411675274372101,0.9559999704360962,0.8226000070571899
YBR244W,YER127W,0,-6.7983384,0.10410541296005249,0.9559999704360962,0.822700023651123
YML019W,YCR058C,0,-6.799035,0.10409407317638397,0.9559999704360962,0.8227999806404114
YJL021C,YMR162C,0,-6.799064,0.10408274084329605,0.9559999704360962,0.8228999972343445
YNL210W,YDR306C,0,-6.7995386,0.10407141596078873,0.9559999704360962,0.8230000138282776
YMR298W,YCR102C,0,-6.7995563,0.1040600836277008,0.9559999704360962,0.8230999708175659
YER094C,YML033W,0,-6.7997365,0.10404875874519348,0.9559999704360962,0.823199987411499
YCL060C,YHR034C,0,-6.799993,0.10403743386268616,0.9559999704360962,0.8233000040054321
YMR303C,YMR203W,0,-6.8016286,0.10402611643075943,0.9559999704360962,0.8234000205993652
YBR142W,YER028C,0,-6.8020663,0.1040147989988327,0.9559999704360962,0.8234999775886536
YLR059C,YIL017W,0,-6.8021755,0.10400348156690598,0.9559999704360962,0.8235999941825867
YDR507C,YDR255C,0,-6.8022413,0.10399217158555984,0.9559999704360962,0.8237000107765198
YPR005C,YNL151C,0,-6.8022547,0.10398085415363312,0.9559999704360962,0.8238000273704529
YJR076C,YDR345C,0,-6.8024707,0.10396955162286758,0.9559999704360962,0.8238999843597412
YDR517W,YDR416W,0,-6.8029194,0.10395824164152145,0.9559999704360962,0.8240000009536743
YCR040W,YLR145W,0,-6.802938,0.10394693911075592,0.9559999704360962,0.8241000175476074
YML075C,YKR062W,0,-6.802971,0.10393563657999039,0.9559999704360962,0.8241999745368958
YFL023W,YLR467W,0,-6.8031435,0.10392434149980545,0.9559999704360962,0.8242999911308289
YDL039C,YJR126C,0,-6.803415,0.10391304641962051,0.9559999704360962,0.824400007724762
YPL049C,YMR050C,0,-6.8036685,0.10390175133943558,0.9559999704360962,0.8245000243186951
YOL089C,YKL095W,0,-6.80385,0.10389045625925064,0.9559999704360962,0.8245999813079834
YER045C,YEL071W,0,-6.8038774,0.1038791686296463,0.9559999704360962,0.8246999979019165
YMR015C,YML092C,0,-6.804854,0.10386788100004196,0.9559999704360962,0.8248000144958496
YCL034W,YAR044W,1,-6.805041,0.10396523773670197,0.9570000171661377,0.8248000144958496
YDR283C,YEL034W,0,-6.805121,0.10395394265651703,0.9570000171661377,0.8248999714851379
YAL031C,YJL148W,0,-6.805446,0.10394265502691269,0.9570000171661377,0.824999988079071
YMR238W,YJL098W,0,-6.805563,0.10393136739730835,0.9570000171661377,0.8251000046730042
YPL043W,YLR266C,0,-6.8059964,0.10392007976770401,0.9570000171661377,0.8252000212669373
YGL046W,YOR043W,1,-6.806434,0.10401736944913864,0.9580000042915344,0.8252000212669373
YKR099W,YDL079C,0,-6.8064756,0.1040060818195343,0.9580000042915344,0.8252999782562256
YDR437W,YJL048C,0,-6.806805,0.10399478673934937,0.9580000042915344,0.8253999948501587
YPR112C,YDR073W,0,-6.8069825,0.10398349910974503,0.9580000042915344,0.8255000114440918
YDR404C,YGR122W,0,-6.807426,0.10397221893072128,0.9580000042915344,0.8256000280380249
YLR270W,YJR070C,0,-6.8077865,0.10396093130111694,0.9580000042915344,0.8256999850273132
YOR240W,YDR392W,0,-6.808034,0.1039496511220932,0.9580000042915344,0.8258000016212463
YLR100W,YOL010W,0,-6.808193,0.10393837839365005,0.9580000042915344,0.8259000182151794
YNL133C,YIL123W,0,-6.8084636,0.10392709821462631,0.9580000042915344,0.8259999752044678
YOR027W,YLR224W,0,-6.808568,0.10391582548618317,0.9580000042915344,0.8260999917984009
YKL013C,YPL012W,0,-6.808573,0.10390455275774002,0.9580000042915344,0.826200008392334
YER049W,YJL012C-A,0,-6.8086176,0.10389328747987747,0.9580000042915344,0.8263000249862671
YER044C-A,YIL160C,0,-6.8093357,0.10388202220201492,0.9580000042915344,0.8263999819755554
YHR060W,YDR170W-A,0,-6.8095407,0.10387075692415237,0.9580000042915344,0.8264999985694885
YNL065W,YBR105C,0,-6.8100624,0.10385949909687042,0.9580000042915344,0.8266000151634216
YJR070C,YKL029C,0,-6.8101006,0.10384824126958847,0.9580000042915344,0.82669997215271
YLL008W,YBR058C-A,0,-6.810442,0.10383698344230652,0.9580000042915344,0.8267999887466431
YBL007C,YLR337W,1,-6.8110046,0.10393410921096802,0.9589999914169312,0.8267999887466431
YMR065W,YER127W,0,-6.8112664,0.10392284393310547,0.9589999914169312,0.8269000053405762
YMR109W,YGL046W,1,-6.8113747,0.10401993989944458,0.9599999785423279,0.8269000053405762
YOR119C,YDR356W,0,-6.8115234,0.10400866717100143,0.9599999785423279,0.8270000219345093
YGL020C,YBR012W-B,0,-6.8116446,0.10399740189313889,0.9599999785423279,0.8270999789237976
YLR337W,YNL154C,1,-6.811772,0.10409445315599442,0.9610000252723694,0.8270999789237976
YML123C,YNL046W,0,-6.8127055,0.10408318042755127,0.9610000252723694,0.8271999955177307
YBL006C,YJR120W,0,-6.812845,0.10407190769910812,0.9610000252723694,0.8273000121116638
YJL121C,YMR050C,0,-6.8134093,0.10406064242124557,0.9610000252723694,0.8274000287055969
YIL021W,YML045W,0,-6.8135295,0.10404936969280243,0.9610000252723694,0.8274999856948853
YLR285W,YGR272C,0,-6.813544,0.10403810441493988,0.9610000252723694,0.8276000022888184
YBR129C,YMR229C,0,-6.813614,0.10402684658765793,0.9610000252723694,0.8277000188827515
YMR207C,YDR492W,0,-6.813797,0.10401558876037598,0.9610000252723694,0.8277999758720398
YMR292W,YIL155C,0,-6.8140574,0.10400433093309402,0.9610000252723694,0.8278999924659729
YBR168W,YKL081W,0,-6.814128,0.10399307310581207,0.9610000252723694,0.828000009059906
YJR090C,YDR398W,0,-6.814362,0.10398182272911072,0.9610000252723694,0.8281000256538391
YNR057C,YCL063W,0,-6.8146677,0.10397057235240936,0.9610000252723694,0.8281999826431274
YNR060W,YHR038W,0,-6.8148117,0.10395932197570801,0.9610000252723694,0.8282999992370605
YOR240W,YLR385C,0,-6.8149714,0.10394807904958725,0.9610000252723694,0.8284000158309937
YJL021C,YHR011W,0,-6.8150716,0.10393683612346649,0.9610000252723694,0.828499972820282
YJL003W,YOL104C,0,-6.815078,0.10392560064792633,0.9610000252723694,0.8285999894142151
YJR144W,YCL020W,0,-6.8152847,0.10391435772180557,0.9610000252723694,0.8287000060081482
YBR199W,YOR056C,0,-6.8153653,0.10390312224626541,0.9610000252723694,0.8288000226020813
YHR039C,YOR340C,0,-6.816014,0.10389189422130585,0.9610000252723694,0.8288999795913696
YAL033W,YDR170W-A,0,-6.816649,0.10388065874576569,0.9610000252723694,0.8289999961853027
YMR048W,YBR143C,0,-6.816888,0.10386943072080612,0.9610000252723694,0.8291000127792358
YEL054C,YGR281W,0,-6.817106,0.10385821014642715,0.9610000252723694,0.829200029373169
YOR317W,YJL018W,0,-6.817304,0.10384698212146759,0.9610000252723694,0.8292999863624573
YDR165W,YDR246W,0,-6.817745,0.10383576154708862,0.9610000252723694,0.8294000029563904
YPR083W,YLR340W,0,-6.817758,0.10382454842329025,0.9610000252723694,0.8295000195503235
YML069W,YGR251W,0,-6.8179803,0.10381332784891129,0.9610000252723694,0.8295999765396118
YNL062C,YMR285C,0,-6.8180833,0.10380211472511292,0.9610000252723694,0.8296999931335449
YOR243C,YPR095C,0,-6.8181024,0.10379090905189514,0.9610000252723694,0.829800009727478
YJR105W,YJR119C,0,-6.8181663,0.10377969592809677,0.9610000252723694,0.8299000263214111
YNR075W,YOR043W,1,-6.8181677,0.10387647151947021,0.9620000123977661,0.8299000263214111
YPR182W,YGR094W,0,-6.818234,0.10386525839567184,0.9620000123977661,0.8299999833106995
YKL172W,YHR072W,0,-6.8184505,0.10385404527187347,0.9620000123977661,0.8300999999046326
YHR039C-B,YLR200W,0,-6.818703,0.1038428321480751,0.9620000123977661,0.8302000164985657
YDR228C,YGR144W,0,-6.8188124,0.10383162647485733,0.9620000123977661,0.830299973487854
YPR188C,YDL208W,0,-6.8188415,0.10382042080163956,0.9620000123977661,0.8303999900817871
YLR103C,YNR072W,0,-6.8190107,0.10380921512842178,0.9620000123977661,0.8305000066757202
YLL009C,YER160C,0,-6.819738,0.1037980169057846,0.9620000123977661,0.8306000232696533
YML057W,YPR137W,0,-6.8200083,0.10378681868314743,0.9620000123977661,0.8306999802589417
YDL051W,YMR104C,0,-6.8213406,0.10377562046051025,0.9620000123977661,0.8307999968528748
YKL057C,YGR054W,0,-6.8216815,0.10376442968845367,0.9620000123977661,0.8309000134468079
YGL153W,YPL041C,0,-6.821696,0.1037532389163971,0.9620000123977661,0.8309999704360962
YLR154C,YBR083W,0,-6.821817,0.10374204814434052,0.9620000123977661,0.8310999870300293
YDR123C,YCL060C,0,-6.821963,0.10373085737228394,0.9620000123977661,0.8312000036239624
YGR252W,YLL004W,0,-6.8226104,0.10371967405080795,0.9620000123977661,0.8313000202178955
YIL142W,YOL125W,0,-6.8227086,0.10370849817991257,0.9620000123977661,0.8313999772071838
YJR047C,YIL017W,0,-6.822956,0.10369731485843658,0.9620000123977661,0.8314999938011169
YDR397C,YER160C,0,-6.822971,0.1036861389875412,0.9620000123977661,0.83160001039505
YPL209C,YKL201C,0,-6.823042,0.10367496311664581,0.9620000123977661,0.8317000269889832
YBL018C,YNL309W,0,-6.823071,0.10366379469633102,0.9620000123977661,0.8317999839782715
YBR188C,YCL019W,0,-6.82326,0.10365262627601624,0.9620000123977661,0.8319000005722046
YKL190W,YOR088W,0,-6.823726,0.10364145785570145,0.9620000123977661,0.8320000171661377
YOR240W,YDR004W,0,-6.823894,0.10363028943538666,0.9620000123977661,0.832099974155426
YNR074C,YPL091W,0,-6.8239007,0.10361912846565247,0.9620000123977661,0.8321999907493591
YBR073W,YGR085C,0,-6.8241096,0.10360796749591827,0.9620000123977661,0.8323000073432922
YOR240W,YIL068C,0,-6.824282,0.10359681397676468,0.9620000123977661,0.8324000239372253
YOL040C,YOR254C,0,-6.8245053,0.10358566045761108,0.9620000123977661,0.8324999809265137
YGL033W,YOR153W,0,-6.825154,0.10357450693845749,0.9620000123977661,0.8325999975204468
YDR384C,YNL003C,0,-6.825285,0.1035633534193039,0.9620000123977661,0.8327000141143799
YBR072W,YDR115W,0,-6.8256497,0.1035522073507309,0.9620000123977661,0.8327999711036682
YNL230C,YPL086C,0,-6.826817,0.1035410612821579,0.9620000123977661,0.8328999876976013
YFR024C,YMR021C,0,-6.827178,0.1035299152135849,0.9620000123977661,0.8330000042915344
YDR343C,YCR020C,0,-6.8274055,0.1035187765955925,0.9620000123977661,0.8331000208854675
YGL046W,YOR008C,1,-6.827555,0.10361523926258087,0.9629999995231628,0.8331000208854675
YBL013W,YNL110C,0,-6.8278832,0.10360408574342728,0.9629999995231628,0.8331999778747559
YMR070W,YMR134W,0,-6.828069,0.10359293967485428,0.9629999995231628,0.833299994468689
YPR193C,YPR074C,0,-6.828158,0.10358180105686188,0.9629999995231628,0.8334000110626221
YOR328W,YDR465C,0,-6.828407,0.10357066243886948,0.9629999995231628,0.8335000276565552
YLR337C,YNL093W,1,-6.829055,0.10366705805063248,0.9639999866485596,0.8335000276565552
YDL236W,YCL005W-A,0,-6.829057,0.10365591198205948,0.9639999866485596,0.8335999846458435
YDL159W,YHR039C-B,0,-6.8296337,0.10364476591348648,0.9639999866485596,0.8337000012397766
YER119C,YFL011W,0,-6.8313036,0.10363362729549408,0.9639999866485596,0.8338000178337097
YOL010W,YMR146C,0,-6.8313236,0.10362248867750168,0.9639999866485596,0.833899974822998
YPR019W,YGR256W,0,-6.832622,0.10361135005950928,0.9639999866485596,0.8339999914169312
YDR440W,YEL069C,0,-6.8332663,0.10360021144151688,0.9639999866485596,0.8341000080108643
YML102W,YCL060C,0,-6.8335104,0.10358908027410507,0.9639999866485596,0.8342000246047974
YMR208W,YHR065C,0,-6.8336024,0.10357794910669327,0.9639999866485596,0.8342999815940857
YLL035W,YER024W,0,-6.8344717,0.10356682538986206,0.9639999866485596,0.8343999981880188
YFR001W,YMR260C,0,-6.834584,0.10355570167303085,0.9639999866485596,0.8345000147819519
YPL192C,YOL028C,0,-6.834605,0.10354457795619965,0.9639999866485596,0.8345999717712402
YPL001W,YGL158W,0,-6.8350444,0.10353345423936844,0.9639999866485596,0.8346999883651733
YPR132W,YOR008C-A,0,-6.8352923,0.10352233797311783,0.9639999866485596,0.8348000049591064
YLR207W,YLR301W,0,-6.835539,0.10351122170686722,0.9639999866485596,0.8349000215530396
YGL038C,YMR210W,0,-6.835734,0.10350010544061661,0.9639999866485596,0.8349999785423279
YPL163C,YHR106W,0,-6.8359494,0.1034889966249466,0.9639999866485596,0.835099995136261
YGL222C,YHR065C,0,-6.8359814,0.10347788780927658,0.9639999866485596,0.8352000117301941
YGR213C,YPL124W,0,-6.8360033,0.10346677899360657,0.9639999866485596,0.8353000283241272
YMR303C,YMR234W,0,-6.8361635,0.10345567762851715,0.9639999866485596,0.8353999853134155
YJR069C,YDR409W,0,-6.836422,0.10344457626342773,0.9639999866485596,0.8355000019073486
YLR223C,YIL075C,0,-6.8373275,0.10343347489833832,0.9639999866485596,0.8356000185012817
YNR017W,YDR217C,0,-6.83748,0.1034223809838295,0.9639999866485596,0.8356999754905701
YGL135W,YML045W,0,-6.8376746,0.10341128706932068,0.9639999866485596,0.8357999920845032
YFL035C,YHR072W-A,0,-6.8377614,0.10340019315481186,0.9639999866485596,0.8359000086784363
YGR156W,YOR008C-A,0,-6.838634,0.10338910669088364,0.9639999866485596,0.8360000252723694
YOR240W,YER107C,0,-6.838667,0.10337801277637482,0.9639999866485596,0.8360999822616577
YPR083W,YHR020W,0,-6.839071,0.10336693376302719,0.9639999866485596,0.8361999988555908
YAL055W,YCL063W,0,-6.8391914,0.10335584729909897,0.9639999866485596,0.8363000154495239
YJL179W,YGL097W,0,-6.8395085,0.10334476828575134,0.9639999866485596,0.8363999724388123
YOL164W,YPR070W,0,-6.8396454,0.10333368927240372,0.9639999866485596,0.8364999890327454
YDR309C,YNL002C,0,-6.8407,0.10332261770963669,0.9639999866485596,0.8366000056266785
YCR010C,YOR173W,0,-6.840874,0.10331153869628906,0.9639999866485596,0.8367000222206116
YPL176C,YGR251W,0,-6.8409247,0.10330047458410263,0.9639999866485596,0.8367999792098999
YGL190C,YBR100W,0,-6.8410873,0.1032894030213356,0.9639999866485596,0.836899995803833
YGR284C,YAR044W,1,-6.8414073,0.10338547080755234,0.9649999737739563,0.836899995803833
YML077W,YJR158W,0,-6.8415213,0.10337439924478531,0.9649999737739563,0.8370000123977661
YNL080C,YPL041C,0,-6.8421917,0.10336332768201828,0.9649999737739563,0.8371000289916992
YGR256W,YGR179C,0,-6.8422217,0.10335225611925125,0.9649999737739563,0.8371999859809875
YKL152C,YBR111W-A,0,-6.8422804,0.10334118455648422,0.9649999737739563,0.8373000025749207
YIL123W,YGR144W,0,-6.8422856,0.10333012044429779,0.9649999737739563,0.8374000191688538
YGL213C,YHR039C-B,0,-6.842366,0.10331905633211136,0.9649999737739563,0.8374999761581421
YMR047C,YLR312C-B,0,-6.8425703,0.10330799967050552,0.9649999737739563,0.8375999927520752
YPL048W,YJL018W,0,-6.8429284,0.10329693555831909,0.9649999737739563,0.8377000093460083
YDL236W,YBL035C,0,-6.8430233,0.10328587889671326,0.9649999737739563,0.8378000259399414
YCL026C-A,YJR110W,0,-6.8430552,0.10327482968568802,0.9649999737739563,0.8378999829292297
YHR007C,YPL082C,0,-6.8431716,0.10326378047466278,0.9649999737739563,0.8379999995231628
YFL018W-A,YGL227W,0,-6.843658,0.10325273126363754,0.9649999737739563,0.838100016117096
YKL201C,YER190W,0,-6.8439016,0.1032416820526123,0.9649999737739563,0.8381999731063843
YJL170C,YPR191W,0,-6.84421,0.10323064029216766,0.9649999737739563,0.8382999897003174
YHR011W,YGR245C,0,-6.844229,0.10321959853172302,0.9649999737739563,0.8384000062942505
YJL018W,YER041W,0,-6.8442426,0.10320855677127838,0.9649999737739563,0.8385000228881836
YGR188C,YOR236W,0,-6.8448243,0.10319752246141434,0.9649999737739563,0.8385999798774719
YNR075W,YGL046W,1,-6.8451047,0.10329341143369675,0.9660000205039978,0.8385999798774719
YLR342W,YOR237W,1,-6.8453784,0.10338928550481796,0.9670000076293945,0.8385999798774719
YPL211W,YOL128C,0,-6.845428,0.10337823629379272,0.9670000076293945,0.838699996471405
YNL159C,YCL012W,0,-6.845679,0.10336717963218689,0.9670000076293945,0.8388000130653381
YGL233W,YEL020W-A,0,-6.845865,0.10335613787174225,0.9670000076293945,0.8389000296592712
YKL057C,YDR170W-A,0,-6.8461227,0.10334508866071701,0.9670000076293945,0.8389999866485596
YMR055C,YGR272C,0,-6.8462625,0.10333404690027237,0.9670000076293945,0.8391000032424927
YDR300C,YHR001W-A,0,-6.84633,0.10332300513982773,0.9670000076293945,0.8392000198364258
YAL068C,YNR006W,0,-6.8464947,0.10331196337938309,0.9670000076293945,0.8392999768257141
YGL257C,YBR092C,0,-6.846743,0.10330092906951904,0.9670000076293945,0.8393999934196472
YDR283C,YGL016W,0,-6.8469176,0.103289894759655,0.9670000076293945,0.8395000100135803
YGL256W,YJR089W,0,-6.8486423,0.10327886044979095,0.9670000076293945,0.8396000266075134
YPR201W,YPL117C,0,-6.8487496,0.10326783359050751,0.9670000076293945,0.8396999835968018
YAR044W,YML001W,1,-6.8489547,0.10336358845233917,0.9679999947547913,0.8396999835968018
YDR085C,YDR115W,0,-6.848966,0.10335255414247513,0.9679999947547913,0.8398000001907349
YMR288W,YKL200C,0,-6.8490896,0.10334151983261108,0.9679999947547913,0.839900016784668
YKL074C,YFL018W-A,0,-6.849276,0.10333048552274704,0.9679999947547913,0.8399999737739563
YGL247W,YFR024C,0,-6.8493447,0.10331945866346359,0.9679999947547913,0.8400999903678894
YDR345C,YLR435W,0,-6.8495812,0.10330843180418015,0.9679999947547913,0.8402000069618225
YOL077W-A,YFL025C,0,-6.8496127,0.1032974049448967,0.9679999947547913,0.8403000235557556
YCL012W,YPL049C,0,-6.849748,0.10328638553619385,0.9679999947547913,0.840399980545044
YMR198W,YIL017W,0,-6.8497806,0.103275366127491,0.9679999947547913,0.840499997138977
YCR067C,YLR312C-B,0,-6.8498454,0.10326434671878815,0.9679999947547913,0.8406000137329102
YHR058C,YDL081C,0,-6.8500876,0.1032533347606659,0.9679999947547913,0.8406999707221985
YER019W,YBL051C,0,-6.851296,0.10324232280254364,0.9679999947547913,0.8407999873161316
YIL049W,YKL021C,0,-6.8514524,0.10323131084442139,0.9679999947547913,0.8409000039100647
YLR034C,YCL062W,0,-6.852416,0.10322030633687973,0.9679999947547913,0.8410000205039978
YPL087W,YMR210W,0,-6.8525105,0.10320929437875748,0.9679999947547913,0.8410999774932861
YHR059W,YMR285C,0,-6.8525453,0.10319829732179642,0.9679999947547913,0.8411999940872192
YNL014W,YBL100W-A,0,-6.852657,0.10318729281425476,0.9679999947547913,0.8413000106811523
YNL159C,YMR290C,0,-6.8527155,0.1031762957572937,0.9679999947547913,0.8414000272750854
YDL051W,YMR322C,0,-6.852923,0.10316529870033264,0.9679999947547913,0.8414999842643738
YPL211W,YOL006C,0,-6.8533673,0.10315430164337158,0.9679999947547913,0.8416000008583069
YMR308C,YGL169W,0,-6.853459,0.10314331203699112,0.9679999947547913,0.84170001745224
YNR056C,YOR241W,0,-6.8534684,0.10313232243061066,0.9679999947547913,0.8417999744415283
YGR217W,YLR312C-B,0,-6.8541613,0.10312134027481079,0.9679999947547913,0.8418999910354614
YFR024C,YMR182C,0,-6.8543367,0.10311035066843033,0.9679999947547913,0.8420000076293945
YOL165C,YJR135C,0,-6.8544154,0.10309936851263046,0.9679999947547913,0.8421000242233276
YLR355C,YFL002W-A,0,-6.8544197,0.1030883938074112,0.9679999947547913,0.842199981212616
YOL054W,YGR272C,0,-6.8544226,0.10307741165161133,0.9679999947547913,0.8422999978065491
YGR028W,YDR523C,0,-6.854569,0.10306643694639206,0.9679999947547913,0.8424000144004822
YDR411C,YJL012C-A,0,-6.8546863,0.10305546969175339,0.9679999947547913,0.8424999713897705
YDR297W,YGL112C,0,-6.854775,0.10304449498653412,0.9679999947547913,0.8425999879837036
YDL111C,YFL002W-A,0,-6.854853,0.10303352773189545,0.9679999947547913,0.8427000045776367
YGR108W,YMR133W,0,-6.8550415,0.10302256047725677,0.9679999947547913,0.8428000211715698
YBR131W,YJL114W,0,-6.8553348,0.1030116006731987,0.9679999947547913,0.8428999781608582
YGR284C,YLR337W,1,-6.855639,0.1031070426106453,0.968999981880188,0.8428999781608582
YDR446W,YLR193C,0,-6.855891,0.10309607535600662,0.968999981880188,0.8429999947547913
YBR040W,YMR308C,0,-6.8560085,0.10308510810136795,0.968999981880188,0.8431000113487244
YFL013C,YML033W,0,-6.856304,0.10307414084672928,0.968999981880188,0.8432000279426575
YKL203C,YLR337W,1,-6.8568363,0.10316953808069229,0.9700000286102295,0.8432000279426575
YLR391W,YDR343C,0,-6.8568773,0.10315856337547302,0.9700000286102295,0.8432999849319458
YGR108W,YGR085C,0,-6.8576903,0.10314759612083435,0.9700000286102295,0.8434000015258789
YBR100W,YDR485C,0,-6.8585124,0.10313662886619568,0.9700000286102295,0.843500018119812
YOL077W-A,YLR425W,0,-6.8587017,0.103125661611557,0.9700000286102295,0.8435999751091003
YBR090C-A,YJR033C,0,-6.8587484,0.10311470180749893,0.9700000286102295,0.8436999917030334
YDR046C,YBR105C,0,-6.858949,0.10310374200344086,0.9700000286102295,0.8438000082969666
YJL076W,YHR170W,0,-6.8592925,0.10309278219938278,0.9700000286102295,0.8439000248908997
YFL055W,YPR120C,0,-6.859797,0.1030818298459053,0.9700000286102295,0.843999981880188
YFL055W,YDR165W,0,-6.8602123,0.10307087749242783,0.9700000286102295,0.8440999984741211
YGR056W,YGR054W,0,-6.860294,0.10305992513895035,0.9700000286102295,0.8442000150680542
YER056C,YMR182C,0,-6.8604717,0.10304897278547287,0.9700000286102295,0.8442999720573425
YBL017C,YCR055C,0,-6.8604884,0.10303802788257599,0.9700000286102295,0.8443999886512756
YBR213W,YLR150W,0,-6.8606963,0.10302708297967911,0.9700000286102295,0.8445000052452087
YML060W,YKL212W,0,-6.8608456,0.10301614552736282,0.9700000286102295,0.8446000218391418
YOR034C,YAL029C,0,-6.8608623,0.10300520062446594,0.9700000286102295,0.8446999788284302
YCR044C,YGR054W,0,-6.861088,0.10299426317214966,0.9700000286102295,0.8447999954223633
YPL167C,YLR301W,0,-6.861116,0.10298333317041397,0.9700000286102295,0.8449000120162964
YLR197W,YDR247W,0,-6.861381,0.10297239571809769,0.9700000286102295,0.8450000286102295
YLR337W,YHR161C,1,-6.861474,0.10306761413812637,0.9710000157356262,0.8450000286102295
YER036C,YHR160C,0,-6.8619986,0.10305667668581009,0.9710000157356262,0.8450999855995178
YIL160C,YGR170W,0,-6.8621097,0.1030457392334938,0.9710000157356262,0.8452000021934509
YER030W,YGL063W,0,-6.8626227,0.10303480178117752,0.9710000157356262,0.845300018787384
YLR396C,YLR337W,1,-6.862633,0.10312997549772263,0.972000002861023,0.845300018787384
YOR173W,YGR289C,0,-6.8628187,0.10311903059482574,0.972000002861023,0.8453999757766724
YER014C-A,YGR033C,0,-6.862828,0.10310809314250946,0.972000002861023,0.8454999923706055
YCL026C-A,YBL071W-A,0,-6.863252,0.10309715569019318,0.972000002861023,0.8456000089645386
YIL063C,YML039W,0,-6.863422,0.10308622568845749,0.972000002861023,0.8457000255584717
YPL265W,YLR312C-B,0,-6.8640943,0.1030752882361412,0.972000002861023,0.84579998254776
YKR035W-A,YBL100W-B,0,-6.8642907,0.10306436568498611,0.972000002861023,0.8458999991416931
YGR060W,YLL017W,0,-6.8644457,0.10305343568325043,0.972000002861023,0.8460000157356262
YNR016C,YLR391W,0,-6.8644733,0.10304251313209534,0.972000002861023,0.8460999727249146
YPL267W,YKL008C,0,-6.8646417,0.10303159058094025,0.972000002861023,0.8461999893188477
YOR056C,YPR078C,0,-6.86527,0.10302066802978516,0.972000002861023,0.8463000059127808
YFL010W-A,YER013W,0,-6.8653173,0.10300975292921066,0.972000002861023,0.8464000225067139
YPL145C,YAR044W,1,-6.8653207,0.10310479998588562,0.9729999899864197,0.8464000225067139
YNL283C,YGR122W,0,-6.865356,0.10309387743473053,0.9729999899864197,0.8464999794960022
YFL035C,YGR074W,0,-6.865488,0.10308295488357544,0.9729999899864197,0.8465999960899353
YOR254C,YAR009C,0,-6.8655043,0.10307203233242035,0.9729999899864197,0.8467000126838684
YHR052W,YNL142W,0,-6.8659987,0.10306111723184586,0.9729999899864197,0.8468000292778015
YIL155C,YML107C,0,-6.866221,0.10305020213127136,0.9729999899864197,0.8468999862670898
YBL007C,YAR044W,1,-6.8667607,0.10314518958330154,0.9739999771118164,0.8468999862670898
YMR247C,YMR050C,0,-6.867258,0.10313426703214645,0.9739999771118164,0.847000002861023
YBR119W,YML033W,0,-6.8673835,0.10312334448099136,0.9739999771118164,0.847100019454956
YMR116C,YGR042W,0,-6.8676906,0.10311242938041687,0.9739999771118164,0.8471999764442444
YNL271C,YDR060W,0,-6.8678303,0.10310151427984238,0.9739999771118164,0.8472999930381775
YPR030W,YLR337W,1,-6.8680162,0.10319644212722778,0.9750000238418579,0.8472999930381775
YLL008W,YDR501W,0,-6.868057,0.10318551957607269,0.9750000238418579,0.8474000096321106
YPL269W,YKR090W,0,-6.868074,0.1031746044754982,0.9750000238418579,0.8475000262260437
YEL036C,YGR004W,0,-6.868473,0.1031636893749237,0.9750000238418579,0.847599983215332
YGL021W,YDL064W,0,-6.8686776,0.10315277427434921,0.9750000238418579,0.8476999998092651
YBL009W,YOR180C,0,-6.868738,0.10314185917377472,0.9750000238418579,0.8478000164031982
YPL254W,YNR032C-A,0,-6.8687797,0.10313095152378082,0.9750000238418579,0.8478999733924866
YCL012W,YOR330C,0,-6.8689027,0.10312004387378693,0.9750000238418579,0.8479999899864197
YOL124C,YIL017W,0,-6.8693476,0.10310913622379303,0.9750000238418579,0.8481000065803528
YGL183C,YDR289C,0,-6.8697076,0.10309823602437973,0.9750000238418579,0.8482000231742859
YOR109W,YLR337W,1,-6.8698535,0.10319306701421738,0.9760000109672546,0.8482000231742859
YGL032C,YLR126C,0,-6.8699284,0.10318215191364288,0.9760000109672546,0.8482999801635742
YKL186C,YJL108C,0,-6.8699746,0.10317124426364899,0.9760000109672546,0.8483999967575073
YMR208W,YPL096C-A,0,-6.87019,0.10316034406423569,0.9760000109672546,0.8485000133514404
YPR070W,YFL026W,0,-6.87019,0.10314943641424179,0.9760000109672546,0.8485999703407288
YOR349W,YBR159W,0,-6.870747,0.10313853621482849,0.9760000109672546,0.8486999869346619
YGR108W,YJR137C,0,-6.870824,0.10312764346599579,0.9760000109672546,0.848800003528595
YPL096C-A,YKL068W,0,-6.8710284,0.10311674326658249,0.9760000109672546,0.8489000201225281
YPL083C,YOL124C,0,-6.871036,0.10310585051774979,0.9760000109672546,0.8489999771118164
YMR025W,YJR070C,0,-6.8714323,0.10309495776891708,0.9760000109672546,0.8490999937057495
YDR176W,YPR078C,0,-6.871551,0.10308407247066498,0.9760000109672546,0.8492000102996826
YER065C,YDR244W,0,-6.87178,0.10307318717241287,0.9760000109672546,0.8493000268936157
YML120C,YPL093W,0,-6.871853,0.10306230187416077,0.9760000109672546,0.849399983882904
YBL005W,YMR050C,0,-6.871855,0.10305141657590866,0.9760000109672546,0.8495000004768372
YPL145C,YLR337W,1,-6.872415,0.10314611345529556,0.9769999980926514,0.8495000004768372
YDR270W,YHR160C,0,-6.872695,0.10313522815704346,0.9769999980926514,0.8496000170707703
YDR158W,YEL004W,0,-6.8726993,0.10312434285879135,0.9769999980926514,0.8496999740600586
YDL231C,YLR337W,1,-6.8727417,0.10321899503469467,0.9779999852180481,0.8496999740600586
YDR163W,YGL099W,0,-6.8733935,0.10320810228586197,0.9779999852180481,0.8497999906539917
YJR076C,YER160C,0,-6.8738713,0.10319721698760986,0.9779999852180481,0.8499000072479248
YJL214W,YIL115C,0,-6.874037,0.10318632423877716,0.9779999852180481,0.8500000238418579
YER168C,YLR391W,0,-6.874311,0.10317543894052505,0.9779999852180481,0.8500999808311462
YOR144C,YKL070W,0,-6.874849,0.10316455364227295,0.9779999852180481,0.8501999974250793
YHL019C,YLR337W,1,-6.875007,0.1032591462135315,0.9789999723434448,0.8501999974250793
YCR020W-B,YER087C-A,0,-6.87667,0.10324826091527939,0.9789999723434448,0.8503000140190125
YOR317W,YER019W,0,-6.8767962,0.10323737561702728,0.9789999723434448,0.8503999710083008
YAL033W,YGR161C,0,-6.8770766,0.10322649031877518,0.9789999723434448,0.8504999876022339
YOR237W,YIL048W,1,-6.877233,0.10332103073596954,0.9800000190734863,0.8504999876022339
YER036C,YDR285W,0,-6.8776083,0.10331013798713684,0.9800000190734863,0.850600004196167
YCL060C,YNR026C,0,-6.8776903,0.10329925268888474,0.9800000190734863,0.8507000207901001
YBR257W,YDR170W-A,0,-6.8780107,0.10328836739063263,0.9800000190734863,0.8507999777793884
YDR240C,YLL017W,0,-6.878217,0.10327748209238052,0.9800000190734863,0.8508999943733215
YKL112W,YAR010C,0,-6.87865,0.10326659679412842,0.9800000190734863,0.8510000109672546
YML113W,YPR073C,0,-6.878684,0.10325571894645691,0.9800000190734863,0.8511000275611877
YEL027W,YAR044W,1,-6.8787775,0.1033501923084259,0.9810000061988831,0.8511000275611877
YNR033W,YNL299W,0,-6.87927,0.1033392995595932,0.9810000061988831,0.8511999845504761
YIL131C,YNR046W,0,-6.8793206,0.1033284142613411,0.9810000061988831,0.8513000011444092
YIL160C,YOR313C,0,-6.8796353,0.10331753641366959,0.9810000061988831,0.8514000177383423
YJL122W,YDR037W,0,-6.8812556,0.10330665856599808,0.9810000061988831,0.8514999747276306
YDR384C,YER107C,0,-6.881351,0.10329578071832657,0.9810000061988831,0.8515999913215637
YHR165C,YOR313C,0,-6.881581,0.10328490287065506,0.9810000061988831,0.8517000079154968
YDR106W,YMR146C,0,-6.881662,0.10327403247356415,0.9810000061988831,0.8518000245094299
YNL164C,YFL002W-A,0,-6.8821583,0.10326315462589264,0.9810000061988831,0.8518999814987183
YDR224C,YGL209W,0,-6.882559,0.10325229167938232,0.9810000061988831,0.8519999980926514
YJL021C,YLR264W,0,-6.8826976,0.10324142128229141,0.9810000061988831,0.8521000146865845
YLR242C,YAR044W,1,-6.8830223,0.10333579033613205,0.9819999933242798,0.8521000146865845
YGL008C,YGL212W,0,-6.8840013,0.10332491248846054,0.9819999933242798,0.8521999716758728
YGL008C,YDR449C,0,-6.8842206,0.10331404209136963,0.9819999933242798,0.8522999882698059
YPL265W,YOL026C,0,-6.8844237,0.10330317914485931,0.9819999933242798,0.852400004863739
YHR073W,YLR337W,1,-6.884785,0.10339749604463577,0.9829999804496765,0.852400004863739
YOL063C,YHR214C-B,0,-6.884984,0.10338661819696426,0.9829999804496765,0.8525000214576721
YLR312C-B,YDR470C,0,-6.8852315,0.10337574779987335,0.9829999804496765,0.8525999784469604
YDR379W,YFL002W-A,0,-6.8852425,0.10336487740278244,0.9829999804496765,0.8526999950408936
YPL153C,YLR167W,0,-6.885859,0.10335401445627213,0.9829999804496765,0.8528000116348267
YDR364C,YCR005C,0,-6.885999,0.10334314405918121,0.9829999804496765,0.8529000282287598
YFL023W,YBR012W-B,0,-6.886054,0.1033322811126709,0.9829999804496765,0.8529999852180481
YBR244W,YHR060W,0,-6.886081,0.10332141816616058,0.9829999804496765,0.8531000018119812
YDL161W,YAR044W,1,-6.8868055,0.10341566056013107,0.984000027179718,0.8531000018119812
YLR172C,YOL128C,0,-6.887105,0.10340479016304016,0.984000027179718,0.8532000184059143
YPL145C,YGL046W,1,-6.887234,0.10349900275468826,0.9850000143051147,0.8532000184059143
YAR014C,YHR123W,0,-6.8875337,0.10348812490701675,0.9850000143051147,0.8532999753952026
YDL231C,YOR237W,1,-6.88831,0.10358230769634247,0.9860000014305115,0.8532999753952026
YAL013W,YIL123W,0,-6.8887105,0.10357142984867096,0.9860000014305115,0.8533999919891357
YML075C,YNL339C,0,-6.8887753,0.10356055200099945,0.9860000014305115,0.8535000085830688
YDR365C,YMR032W,0,-6.8890767,0.10354967415332794,0.9860000014305115,0.853600025177002
YDL013W,YBR066C,0,-6.8892565,0.10353880375623703,0.9860000014305115,0.8536999821662903
YKL095W,YGR272C,0,-6.8900456,0.10352792590856552,0.9860000014305115,0.8537999987602234
YIL147C,YCL062W,0,-6.8903112,0.1035170629620552,0.9860000014305115,0.8539000153541565
YAL011W,YDR398W,0,-6.891591,0.1035061925649643,0.9860000014305115,0.8539999723434448
YCR072C,YOR045W,0,-6.891934,0.10349532961845398,0.9860000014305115,0.8540999889373779
YBR090C-A,YLR222C,0,-6.8920026,0.10348446667194366,0.9860000014305115,0.854200005531311
YOR144C,YLR312C-B,0,-6.89208,0.10347360372543335,0.9860000014305115,0.8543000221252441
YLR068W,YBR061C,0,-6.8930907,0.10346274822950363,0.9860000014305115,0.8543999791145325
YCL034W,YGL046W,1,-6.8931575,0.1035568118095398,0.9869999885559082,0.8543999791145325
YKR022C,YLL017W,0,-6.893501,0.10354594886302948,0.9869999885559082,0.8544999957084656
YKL143W,YKR082W,0,-6.893632,0.10353508591651917,0.9869999885559082,0.8546000123023987
YNL246W,YML040W,0,-6.893829,0.10352423042058945,0.9869999885559082,0.8547000288963318
YBL050W,YCR102C,0,-6.8939505,0.10351337492465973,0.9869999885559082,0.8547999858856201
YNL278W,YFR055W,0,-6.894091,0.10350251942873001,0.9869999885559082,0.8549000024795532
YKL001C,YHR196W,0,-6.8944235,0.10349166393280029,0.9869999885559082,0.8550000190734863
YCR089W,YMR260C,0,-6.894899,0.10348081588745117,0.9869999885559082,0.8550999760627747
YML085C,YHR214C-B,0,-6.8949513,0.10346996784210205,0.9869999885559082,0.8551999926567078
YFR005C,YHR214C-B,0,-6.894955,0.10345911979675293,0.9869999885559082,0.8553000092506409
YDL019C,YLR337W,1,-6.8950133,0.10355308651924133,0.9879999756813049,0.8553000092506409
YDL003W,YBR143C,0,-6.895254,0.10354223102331161,0.9879999756813049,0.855400025844574
YGR056W,YOR008C-A,0,-6.895411,0.1035313829779625,0.9879999756813049,0.8554999828338623
YBR090C-A,YDR310C,0,-6.8954806,0.10352053493261337,0.9879999756813049,0.8555999994277954
YGL209W,YBL061C,0,-6.8955216,0.10350969433784485,0.9879999756813049,0.8557000160217285
YPR046W,YDR545W,0,-6.8955336,0.10349884629249573,0.9879999756813049,0.8557999730110168
YJR150C,YGR272C,0,-6.895986,0.1034880056977272,0.9879999756813049,0.85589998960495
YLR106C,YOR269W,0,-6.896297,0.10347716510295868,0.9879999756813049,0.8560000061988831
YMR083W,YKL086W,0,-6.896322,0.10346633195877075,0.9879999756813049,0.8561000227928162
YOR145C,YGL233W,0,-6.8965797,0.10345549881458282,0.9879999756813049,0.8561999797821045
YFR024C,YJL030W,0,-6.896675,0.1034446656703949,0.9879999756813049,0.8562999963760376
YML046W,YCR081W,0,-6.896887,0.10343383252620697,0.9879999756813049,0.8564000129699707
YBR293W,YBL005W-B,0,-6.897122,0.10342300683259964,0.9879999756813049,0.8565000295639038
YAR014C,YDL213C,0,-6.897152,0.10341218113899231,0.9879999756813049,0.8565999865531921
YLR429W,YJL018W,0,-6.897182,0.10340136289596558,0.9879999756813049,0.8567000031471252
YLR391W,YPL121C,0,-6.8981357,0.10339053720235825,0.9879999756813049,0.8568000197410583
YPL046C,YGL001C,0,-6.898226,0.10337971895933151,0.9879999756813049,0.8568999767303467
YOR023C,YOR317W,0,-6.8982873,0.10336890816688538,0.9879999756813049,0.8569999933242798
YNL298W,YBL005W-B,0,-6.8983064,0.10335808992385864,0.9879999756813049,0.8571000099182129
YBL019W,YBL005W-B,0,-6.898503,0.1033472791314125,0.9879999756813049,0.857200026512146
YPL204W,YLR337W,1,-6.8985047,0.10344105958938599,0.9890000224113464,0.857200026512146
YJR077C,YDR170W-A,0,-6.898613,0.10343024134635925,0.9890000224113464,0.8572999835014343
YOR194C,YHR039C-B,0,-6.8986998,0.10341943055391312,0.9890000224113464,0.8574000000953674
YDR299W,YJR120W,0,-6.8987117,0.10340861231088638,0.9890000224113464,0.8575000166893005
YNL032W,YCR102C,0,-6.899798,0.10339780151844025,0.9890000224113464,0.8575999736785889
YBL018C,YML033W,0,-6.900026,0.10338699817657471,0.9890000224113464,0.857699990272522
YLR242C,YLR337W,1,-6.900132,0.10348071157932281,0.9900000095367432,0.857699990272522
YLR071C,YHR065C,0,-6.900492,0.10346990078687668,0.9900000095367432,0.8578000068664551
YFL011W-A,YIL075C,0,-6.9007735,0.10345908999443054,0.9900000095367432,0.8579000234603882
YLL042C,YCR020C,0,-6.901196,0.1034482792019844,0.9900000095367432,0.8579999804496765
YJL054W,YIL017W,0,-6.9014707,0.10343746840953827,0.9900000095367432,0.8580999970436096
YCL012W,YBR009C,0,-6.9027753,0.10342665761709213,0.9900000095367432,0.8582000136375427
YHL003C,YLL034C,0,-6.9038286,0.10341585427522659,0.9900000095367432,0.858299970626831
YBR131W,YML040W,0,-6.9041452,0.10340505838394165,0.9900000095367432,0.8583999872207642
YHR039C-A,YJR141W,0,-6.904542,0.10339425504207611,0.9900000095367432,0.8585000038146973
YCL003W,YDL007W,0,-6.9047966,0.10338345915079117,0.9900000095367432,0.8586000204086304
YMR285C,YJR120W,0,-6.9057975,0.10337266325950623,0.9900000095367432,0.8586999773979187
YDR524C,YMR216C,0,-6.905934,0.10336186736822128,0.9900000095367432,0.8587999939918518
YDR254W,YCR031C,0,-6.906157,0.10335107892751694,0.9900000095367432,0.8589000105857849
YKR035W-A,YGR128C,0,-6.9066296,0.10334029048681259,0.9900000095367432,0.859000027179718
YML060W,YMR142C,0,-6.906947,0.10332950949668884,0.9900000095367432,0.8590999841690063
YBL017C,YIR012W,0,-6.907552,0.1033187210559845,0.9900000095367432,0.8592000007629395
YLR144C,YBR100W,0,-6.907643,0.10330794006586075,0.9900000095367432,0.8593000173568726
YAR019C,YMR177W,0,-6.9080734,0.103297159075737,0.9900000095367432,0.8593999743461609
YMR305C,YGL162W,0,-6.9084244,0.10328638553619385,0.9900000095367432,0.859499990940094
YJL122W,YHR175W,0,-6.908824,0.1032756119966507,0.9900000095367432,0.8596000075340271
YOR240W,YIL035C,0,-6.9088387,0.10326483845710754,0.9900000095367432,0.8597000241279602
YGR188C,YEL015W,0,-6.908877,0.10325406491756439,0.9900000095367432,0.8597999811172485
YOR281C,YFL002W-A,0,-6.9090543,0.10324329882860184,0.9900000095367432,0.8598999977111816
YER087C-B,YNL247W,0,-6.9094915,0.10323253273963928,0.9900000095367432,0.8600000143051147
YMR285C,YML045W,0,-6.909579,0.10322177410125732,0.9900000095367432,0.8600999712944031
YIR028W,YLR238W,0,-6.9102445,0.10321100801229477,0.9900000095367432,0.8601999878883362
YKL089W,YNL222W,0,-6.9106994,0.10320024937391281,0.9900000095367432,0.8603000044822693
YGL063W,YLR208W,0,-6.9107623,0.10318949073553085,0.9900000095367432,0.8604000210762024
YAL042W,YPL163C,0,-6.9107804,0.10317873954772949,0.9900000095367432,0.8604999780654907
YCL012W,YGL200C,0,-6.9109087,0.10316798835992813,0.9900000095367432,0.8605999946594238
YDL148C,YDR324C,0,-6.91114,0.10315723717212677,0.9900000095367432,0.8607000112533569
YFL017W-A,YGL093W,0,-6.9112115,0.10314648598432541,0.9900000095367432,0.86080002784729
YOR127W,YJR063W,0,-6.9125924,0.10313574224710464,0.9900000095367432,0.8608999848365784
YGL243W,YLR298C,0,-6.9128036,0.10312499850988388,0.9900000095367432,0.8610000014305115
YCL012W,YBL056W,0,-6.9128823,0.10311426222324371,0.9900000095367432,0.8611000180244446
YBR020W,YDL014W,0,-6.9137335,0.10310351848602295,0.9900000095367432,0.8611999750137329
YBL018C,YGR122W,0,-6.9142156,0.10309278219938278,0.9900000095367432,0.861299991607666
YPR067W,YBR186W,0,-6.9143524,0.10308204591274261,0.9900000095367432,0.8614000082015991
YER002W,YKL038W,0,-6.9146714,0.10307131707668304,0.9900000095367432,0.8615000247955322
YNL318C,YBR105C,0,-6.9148197,0.10306058824062347,0.9900000095367432,0.8615999817848206
YBL082C,YIL017W,0,-6.9148297,0.1030498594045639,0.9900000095367432,0.8616999983787537
YIL035C,YMR210W,0,-6.915405,0.10303913056850433,0.9900000095367432,0.8618000149726868
YOR265W,YGL249W,0,-6.9155207,0.10302840918302536,0.9900000095367432,0.8618999719619751
YLR391W,YMR277W,0,-6.915963,0.10301768779754639,0.9900000095367432,0.8619999885559082
YER179W,YAR008W,0,-6.9160748,0.10300697386264801,0.9900000095367432,0.8621000051498413
YDR507C,YBR183W,0,-6.916119,0.10299625247716904,0.9900000095367432,0.8622000217437744
YOR240W,YBR294W,0,-6.916942,0.10298553854227066,0.9900000095367432,0.8622999787330627
YHR120W,YMR104C,0,-6.9172497,0.10297483205795288,0.9900000095367432,0.8623999953269958
YMR303C,YGR185C,0,-6.918467,0.1029641181230545,0.9900000095367432,0.862500011920929
YLR074C,YDR451C,0,-6.9190927,0.10295341163873672,0.9900000095367432,0.8626000285148621
YOR026W,YGR272C,0,-6.919117,0.10294270515441895,0.9900000095367432,0.8626999855041504
YDR478W,YER160C,0,-6.9191427,0.10293200612068176,0.9900000095367432,0.8628000020980835
YOL026C,YBR061C,0,-6.919164,0.10292129963636398,0.9900000095367432,0.8629000186920166
YIR023W,YDR312W,0,-6.919373,0.1029106006026268,0.9900000095367432,0.8629999756813049
YPR008W,YCL060C,0,-6.9196954,0.10289990901947021,0.9900000095367432,0.863099992275238
YGL054C,YAR044W,1,-6.9200506,0.10299313813447952,0.9909999966621399,0.863099992275238
YOR236W,YBR072W,0,-6.920441,0.10298243910074234,0.9909999966621399,0.8632000088691711
YHR204W,YMR050C,0,-6.9210324,0.10297174006700516,0.9909999966621399,0.8633000254631042
YHR039C-B,YLR020C,0,-6.921115,0.10296104103326797,0.9909999966621399,0.8633999824523926
YMR091C,YCL062W,0,-6.921197,0.10295034199953079,0.9909999966621399,0.8634999990463257
YDL059C,YEL026W,0,-6.921802,0.1029396504163742,0.9909999966621399,0.8636000156402588
YLR330W,YNR046W,0,-6.921873,0.10292895883321762,0.9909999966621399,0.8636999726295471
YGR167W,YLR337W,1,-6.9219804,0.10302212089300156,0.9919999837875366,0.8636999726295471
YAL059W,YIR033W,0,-6.922383,0.10301142185926437,0.9919999837875366,0.8637999892234802
YOR240W,YNL232W,0,-6.923449,0.10300073027610779,0.9919999837875366,0.8639000058174133
YLR259C,YBR100W,0,-6.9235487,0.1029900312423706,0.9919999837875366,0.8640000224113464
YBL013W,YDL134C,0,-6.92361,0.10297933965921402,0.9919999837875366,0.8640999794006348
YCL011C,YGL097W,0,-6.9239507,0.10296865552663803,0.9919999837875366,0.8641999959945679
YKR024C,YMR311C,0,-6.9244847,0.10295796394348145,0.9919999837875366,0.864300012588501
YKR034W,YMR125W,0,-6.924637,0.10294727981090546,0.9919999837875366,0.8644000291824341
YML014W,YOR083W,0,-6.92467,0.10293659567832947,0.9919999837875366,0.8644999861717224
YJR155W,YLR391W,0,-6.924741,0.10292591899633408,0.9919999837875366,0.8646000027656555
YLR109W,YDR437W,0,-6.9255824,0.10291524231433868,0.9919999837875366,0.8647000193595886
YML069W,YLR221C,0,-6.925636,0.10290456563234329,0.9919999837875366,0.864799976348877
YFL035C,YOR049C,0,-6.9259763,0.1028938889503479,0.9919999837875366,0.8648999929428101
YDR168W,YCL003W,0,-6.9260902,0.1028832197189331,0.9919999837875366,0.8650000095367432
YMR060C,YLR092W,0,-6.926102,0.10287255048751831,0.9919999837875366,0.8651000261306763
YLR391W,YFL005W,0,-6.9261045,0.10286188125610352,0.9919999837875366,0.8651999831199646
YDR508C,YMR050C,0,-6.926129,0.10285121947526932,0.9919999837875366,0.8652999997138977
YMR168C,YJR002W,0,-6.926204,0.10284055769443512,0.9919999837875366,0.8654000163078308
YBR034C,YDR259C,0,-6.926212,0.10282989591360092,0.9919999837875366,0.8654999732971191
YDR122W,YKL056C,0,-6.9265704,0.10281923413276672,0.9919999837875366,0.8655999898910522
YLR451W,YJR160C,0,-6.9265823,0.10280857980251312,0.9919999837875366,0.8657000064849854
YPL233W,YHR214C-B,0,-6.9267163,0.10279792547225952,0.9919999837875366,0.8658000230789185
YGL063W,YHR001W-A,0,-6.9269614,0.10278727859258652,0.9919999837875366,0.8658999800682068
YNL059C,YCL060C,0,-6.928161,0.10277662426233292,0.9919999837875366,0.8659999966621399
YKL017C,YCR080W,0,-6.928191,0.10276597738265991,0.9919999837875366,0.866100013256073
YKL026C,YGR195W,0,-6.9283547,0.1027553379535675,0.9919999837875366,0.8661999702453613
YNL293W,YAR044W,1,-6.9283695,0.10284826159477234,0.9929999709129333,0.8661999702453613
YMR021C,YHR065C,0,-6.928485,0.10283761471509933,0.9929999709129333,0.8662999868392944
YLR068W,YKL201C,0,-6.928525,0.10282696783542633,0.9929999709129333,0.8664000034332275
YKL176C,YER106W,0,-6.928714,0.10281632095575333,0.9929999709129333,0.8665000200271606
YNL293W,YGL046W,1,-6.9290185,0.10290920734405518,0.9940000176429749,0.8665000200271606
YDL101C,YNL244C,0,-6.929766,0.10289855301380157,0.9940000176429749,0.866599977016449
YDL039C,YAR009C,0,-6.9301934,0.10288789868354797,0.9940000176429749,0.8666999936103821
YAL068C,YLR312C-B,0,-6.930735,0.10287725180387497,0.9940000176429749,0.8668000102043152
YGR167W,YAR044W,1,-6.930849,0.10297009348869324,0.9950000047683716,0.8668000102043152
YML060W,YKR060W,0,-6.930858,0.10295943915843964,0.9950000047683716,0.8669000267982483
YOR301W,YFL002W-A,0,-6.930926,0.10294878482818604,0.9950000047683716,0.8669999837875366
YDL098C,YOR179C,0,-6.9312053,0.10293813049793243,0.9950000047683716,0.8671000003814697
YMR285C,YPR010C,0,-6.9312534,0.10292748361825943,0.9950000047683716,0.8672000169754028
YLL022C,YOR047C,0,-6.9315257,0.10291683673858643,0.9950000047683716,0.8672999739646912
YBL078C,YGL169W,0,-6.93214,0.10290619730949402,0.9950000047683716,0.8673999905586243
YMR287C,YKL200C,0,-6.932233,0.10289555042982101,0.9950000047683716,0.8675000071525574
YJL021C,YDL143W,0,-6.9334707,0.10288491100072861,0.9950000047683716,0.8676000237464905
YMR142C,YER087C-A,0,-6.9336553,0.1028742790222168,0.9950000047683716,0.8676999807357788
YGL245W,YFL002W-A,0,-6.933907,0.10286363959312439,0.9950000047683716,0.8677999973297119
YNL084C,YLR337W,1,-6.9353647,0.1029563769698143,0.9959999918937683,0.8677999973297119
YPL275W,YDR427W,0,-6.93544,0.1029457375407219,0.9959999918937683,0.867900013923645
YNL082W,YDR311W,0,-6.9355025,0.10293509811162949,0.9959999918937683,0.8679999709129333
YBR161W,YPL275W,0,-6.935654,0.10292445868253708,0.9959999918937683,0.8680999875068665
YFL035C,YJL035C,0,-6.9356894,0.10291382670402527,0.9959999918937683,0.8682000041007996
YLL060C,YNL207W,0,-6.9358172,0.10290319472551346,0.9959999918937683,0.8683000206947327
YMR204C,YGR054W,0,-6.935902,0.10289256274700165,0.9959999918937683,0.868399977684021
YDR060W,YLR035C,0,-6.93597,0.10288193076848984,0.9959999918937683,0.8684999942779541
YDR142C,YJL012C-A,0,-6.935978,0.10287130624055862,0.9959999918937683,0.8686000108718872
YNL113W,YCL008C,0,-6.9361644,0.10286068171262741,0.9959999918937683,0.8687000274658203
YEL036C,YKL001C,0,-6.9366503,0.1028500646352768,0.9959999918937683,0.8687999844551086
YER173W,YFL018W-A,0,-6.9367375,0.10283944010734558,0.9959999918937683,0.8689000010490417
YFR034C,YNL213C,0,-6.936982,0.10282882302999496,0.9959999918937683,0.8690000176429749
YPR201W,YKL004W,0,-6.937462,0.10281821340322495,0.9959999918937683,0.8690999746322632
YDR375C,YLL012W,0,-6.937657,0.10280759632587433,0.9959999918937683,0.8691999912261963
YPR135W,YAL024C,0,-6.937758,0.10279698669910431,0.9959999918937683,0.8693000078201294
YNL278W,YGR200C,0,-6.9379935,0.10278637707233429,0.9959999918937683,0.8694000244140625
YGR246C,YBR090C-A,0,-6.939194,0.10277577489614487,0.9959999918937683,0.8694999814033508
YPR052C,YNL213C,0,-6.939216,0.10276516526937485,0.9959999918937683,0.8695999979972839
YMR049C,YGL257C,0,-6.9395924,0.10275456309318542,0.9959999918937683,0.869700014591217
YKL114C,YCL012W,0,-6.939937,0.1027439683675766,0.9959999918937683,0.8697999715805054
YCL011C,YBR154C,0,-6.9405255,0.10273336619138718,0.9959999918937683,0.8698999881744385
YPR120C,YGR161C,0,-6.940913,0.10272277146577835,0.9959999918937683,0.8700000047683716
YHR015W,YDR341C,0,-6.941611,0.10271217674016953,0.9959999918937683,0.8701000213623047
YPR001W,YDR038C,0,-6.942242,0.1027015894651413,0.9959999918937683,0.870199978351593
YLR223C,YKL195W,0,-6.9424973,0.10269100219011307,0.9959999918937683,0.8702999949455261
YOR294W,YGL175C,0,-6.942988,0.10268041491508484,0.9959999918937683,0.8704000115394592
YPL126W,YIL053W,0,-6.9435277,0.10266982764005661,0.9959999918937683,0.8705000281333923
YLR342W,YGL046W,1,-6.943739,0.10276231914758682,0.996999979019165,0.8705000281333923
YCL060C,YGR296W,0,-6.9442163,0.102751724421978,0.996999979019165,0.8705999851226807
YAL068C,YGR005C,0,-6.944242,0.10274113714694977,0.996999979019165,0.8707000017166138
YHR169W,YOR346W,0,-6.944291,0.10273054987192154,0.996999979019165,0.8708000183105469
YCR048W,YCL060C,0,-6.944521,0.10271997004747391,0.996999979019165,0.8708999752998352
YGR006W,YCR080W,0,-6.944551,0.10270938277244568,0.996999979019165,0.8709999918937683
YIL121W,YDR478W,0,-6.9449706,0.10269880294799805,0.996999979019165,0.8711000084877014
YBR021W,YKR055W,0,-6.9450355,0.10268823057413101,0.996999979019165,0.8712000250816345
YIL068C,YER159C-A,0,-6.945381,0.10267765074968338,0.996999979019165,0.8712999820709229
YFL025C,YLR410W-B,0,-6.9454455,0.10266707837581635,0.996999979019165,0.871399998664856
YHR034C,YLR227W-A,0,-6.9455748,0.10265650600194931,0.996999979019165,0.8715000152587891
YOR127W,YMR260C,0,-6.9456635,0.10264594107866287,0.996999979019165,0.8715999722480774
YML124C,YOR343W-A,0,-6.9456716,0.10263536870479584,0.996999979019165,0.8716999888420105
YDL247W,YDR034C-D,0,-6.9456906,0.1026248037815094,0.996999979019165,0.8718000054359436
YBR155W,YPR158W-B,0,-6.94571,0.10261424630880356,0.996999979019165,0.8719000220298767
YLR350W,YDR210C-D,0,-6.9457746,0.10260368138551712,0.996999979019165,0.871999979019165
YGR109C,YNL167C,0,-6.9457984,0.10259312391281128,0.996999979019165,0.8720999956130981
YEL002C,YPR158C-D,0,-6.94593,0.10258257389068604,0.996999979019165,0.8722000122070312
YDL154W,YPR158C-C,0,-6.9459553,0.1025720164179802,0.996999979019165,0.8723000288009644
YOR168W,YGR038C-B,0,-6.946007,0.10256146639585495,0.996999979019165,0.8723999857902527
YOR099W,YPR137C-B,0,-6.946039,0.1025509163737297,0.996999979019165,0.8725000023841858
YML071C,YLR410W-A,0,-6.9460583,0.10254036635160446,0.996999979019165,0.8726000189781189
YHR086W,YDR429C,0,-6.9461865,0.10252982378005981,0.996999979019165,0.8726999759674072
YOR354C,YGR027W-B,0,-6.946327,0.10251928120851517,0.996999979019165,0.8727999925613403
YER087C-B,YBR284W,0,-6.9463396,0.10250873863697052,0.996999979019165,0.8729000091552734
YBR167C,YPR158C-C,0,-6.94634,0.10249820351600647,0.996999979019165,0.8730000257492065
YER038C,YGR161W-A,0,-6.9463468,0.10248766094446182,0.996999979019165,0.8730999827384949
YBR294W,YGR042W,0,-6.9463544,0.10247713327407837,0.996999979019165,0.873199999332428
YDR184C,YNR023W,0,-6.9464426,0.10246659815311432,0.996999979019165,0.8733000159263611
YBR272C,YHL009W-B,0,-6.9464874,0.10245607048273087,0.996999979019165,0.8733999729156494
YDR494W,YLL017W,0,-6.9465876,0.10244554281234741,0.996999979019165,0.8734999895095825
YOR245C,YHL009W-B,0,-6.9466395,0.10243501514196396,0.996999979019165,0.8736000061035156
YHR107C,YDR060W,0,-6.9466486,0.1024244949221611,0.996999979019165,0.8737000226974487
YGL053W,YDR261W-B,0,-6.9467373,0.10241396725177765,0.996999979019165,0.8737999796867371
YBR092C,YKR090W,0,-6.9467416,0.10240345448255539,0.996999979019165,0.8738999962806702
YLR390W-A,YGR161W-A,0,-6.9468713,0.10239293426275253,0.996999979019165,0.8740000128746033
YLR391W,YDL013W,0,-6.946918,0.10238242149353027,0.996999979019165,0.8741000294685364
YPL097W,YER137C-A,0,-6.9470186,0.10237190872430801,0.996999979019165,0.8741999864578247
YDR078C,YGR161C-C,0,-6.9472485,0.10236139595508575,0.996999979019165,0.8743000030517578
YDR141C,YLR227W-A,0,-6.9473066,0.10235089063644409,0.996999979019165,0.8744000196456909
YAR002C-A,YOL103W-A,0,-6.9473066,0.10234038531780243,0.996999979019165,0.8744999766349792
YJL129C,YLR410W-B,0,-6.9473124,0.10232987999916077,0.996999979019165,0.8745999932289124
YOR159C,YGR161W-A,0,-6.9473257,0.1023193746805191,0.996999979019165,0.8747000098228455
YOR045W,YOL103W-B,0,-6.947332,0.10230887681245804,0.996999979019165,0.8748000264167786
YOR004W,YFL002W-B,0,-6.9474277,0.10229837894439697,0.996999979019165,0.8748999834060669
YGR183C,YGR161W-A,0,-6.9474883,0.10228788107633591,0.996999979019165,0.875
YHR186C,YGR161C-C,0,-6.947495,0.10227739065885544,0.996999979019165,0.8751000165939331
YBR221C,YER159C-A,0,-6.9475074,0.10226690024137497,0.996999979019165,0.8751999735832214
YGL054C,YLR337W,1,-6.947517,0.10235897451639175,0.9980000257492065,0.8751999735832214
YPL256C,YDR210C-D,0,-6.947517,0.10234847664833069,0.9980000257492065,0.8752999901771545
YDR359C,YDR098C-A,0,-6.9475236,0.10233797878026962,0.9980000257492065,0.8754000067710876
YMR229C,YKR101W,0,-6.947609,0.10232748836278915,0.9980000257492065,0.8755000233650208
YDL084W,YOR343W-B,0,-6.9476256,0.10231699794530869,0.9980000257492065,0.8755999803543091
YGR245C,YPL257W-A,0,-6.947699,0.10230650752782822,0.9980000257492065,0.8756999969482422
YBR155W,YLR301W,0,-6.9477563,0.10229602456092834,0.9980000257492065,0.8758000135421753
YML116W,YOR003W,0,-6.947786,0.10228554159402847,0.9980000257492065,0.8758999705314636
YLR438C-A,YGR027W-A,0,-6.9478087,0.1022750586271286,0.9980000257492065,0.8759999871253967
YDL015C,YPR158C-D,0,-6.947898,0.10226457566022873,0.9980000257492065,0.8761000037193298
YPR010C,YHL009W-B,0,-6.9479423,0.10225410014390945,0.9980000257492065,0.8762000203132629
YDR485C,YGR038C-A,0,-6.9479547,0.10224362462759018,0.9980000257492065,0.8762999773025513
YNL164C,YOL103W-B,0,-6.948006,0.1022331491112709,0.9980000257492065,0.8763999938964844
YBL016W,YOR142W-B,0,-6.948052,0.10222268104553223,0.9980000257492065,0.8765000104904175
YNL023C,YHL009W-B,0,-6.9480705,0.10221220552921295,0.9980000257492065,0.8766000270843506
YDL200C,YBR012W-B,0,-6.948093,0.10220173746347427,0.9980000257492065,0.8766999840736389
YOR179C,YHL009W-B,0,-6.9481473,0.10219127684831619,0.9980000257492065,0.876800000667572
YDL099W,YGR027W-B,0,-6.9481506,0.10218081623315811,0.9980000257492065,0.8769000172615051
YPL117C,YNL054W-A,0,-6.948234,0.10217035561800003,0.9980000257492065,0.8769999742507935
YIL125W,YDR210C-C,0,-6.948256,0.10215989500284195,0.9980000257492065,0.8770999908447266
YOR213C,YGL039W,0,-6.9482574,0.10214943438768387,0.9980000257492065,0.8772000074386597
YOR030W,YOL103W-A,0,-6.948259,0.10213898122310638,0.9980000257492065,0.8773000240325928
YLR059C,YDR034C-D,0,-6.948262,0.1021285280585289,0.9980000257492065,0.8773999810218811
YBR210W,YPL257W-A,0,-6.948355,0.10211808234453201,0.9980000257492065,0.8774999976158142
YLR410W-B,YOR338W,0,-6.9485755,0.10210762917995453,0.9980000257492065,0.8776000142097473
YKL079W,YGR038C-A,0,-6.9485755,0.10209718346595764,0.9980000257492065,0.8776999711990356
YIL097W,YPR158W-A,0,-6.948659,0.10208674520254135,0.9980000257492065,0.8777999877929688
YDL031W,YGR006W,0,-6.9487424,0.10207629948854446,0.9980000257492065,0.8779000043869019
YER061C,YGR161C-C,0,-6.9488797,0.10206586122512817,0.9980000257492065,0.878000020980835
YGR200C,YDR312W,0,-6.9489584,0.10205542296171188,0.9980000257492065,0.8780999779701233
YJR025C,YLR071C,0,-6.9490814,0.10204499214887619,0.9980000257492065,0.8781999945640564
YIL138C,YGR027W-A,0,-6.9491,0.1020345538854599,0.9980000257492065,0.8783000111579895
YDL056W,YDR210W-A,0,-6.9491324,0.1020241230726242,0.9980000257492065,0.8784000277519226
YEL032W,YIL037C,0,-6.9491405,0.10201369971036911,0.9980000257492065,0.8784999847412109
YOL033W,YNL054W-A,0,-6.9491677,0.10200326889753342,0.9980000257492065,0.878600001335144
YJR119C,YDR316W-A,0,-6.9493823,0.10199284553527832,0.9980000257492065,0.8787000179290771
YJL134W,YOR142W-B,0,-6.9494233,0.10198242217302322,0.9980000257492065,0.8787999749183655
YMR201C,YDR210C-C,0,-6.9494557,0.10197200626134872,0.9980000257492065,0.8788999915122986
YIL034C,YOR192C-B,0,-6.949468,0.10196158289909363,0.9980000257492065,0.8790000081062317
YLR105C,YDR316W-B,0,-6.9495196,0.10195116698741913,0.9980000257492065,0.8791000247001648
YMR231W,YPR158W-B,0,-6.9495225,0.10194075852632523,0.9980000257492065,0.8791999816894531
YDR072C,YDR210W-A,0,-6.9495764,0.10193034261465073,0.9980000257492065,0.8792999982833862
YDR179C,YGR038C-A,0,-6.949638,0.10191993415355682,0.9980000257492065,0.8794000148773193
YMR069W,YDR098C-A,0,-6.949657,0.10190952569246292,0.9980000257492065,0.8794999718666077
YML027W,YLR157C-B,0,-6.949795,0.10189912468194962,0.9980000257492065,0.8795999884605408
YLR401C,YMR127C,0,-6.949802,0.10188871622085571,0.9980000257492065,0.8797000050544739
YLR047C,YDR210W-A,0,-6.94988,0.10187831521034241,0.9980000257492065,0.879800021648407
YIL013C,YNL054W-A,0,-6.9499,0.1018679216504097,0.9980000257492065,0.8798999786376953
YML043C,YDR316W-A,0,-6.949951,0.10185752063989639,0.9980000257492065,0.8799999952316284
YPR024W,YOL103W-B,0,-6.949983,0.10184712707996368,0.9980000257492065,0.8801000118255615
YIR012W,YPR158W-B,0,-6.9502435,0.10183673352003098,0.9980000257492065,0.8802000284194946
YMR301C,YNL054W-A,0,-6.9502583,0.10182634741067886,0.9980000257492065,0.880299985408783
YHL003C,YLR157C-B,0,-6.9502773,0.10181595385074615,0.9980000257492065,0.8804000020027161
YPL153C,YOR207C,0,-6.950279,0.10180556774139404,0.9980000257492065,0.8805000185966492
YBR192W,YOR142W-B,0,-6.9504175,0.10179518908262253,0.9980000257492065,0.8805999755859375
YDR170W-A,YDR261W-B,0,-6.9505296,0.10178480297327042,0.9980000257492065,0.8806999921798706
YBL006C,YDR210C-C,0,-6.950543,0.1017744243144989,0.9980000257492065,0.8808000087738037
YGR091W,YDR261C-D,0,-6.9505496,0.10176404565572739,0.9980000257492065,0.8809000253677368
YML098W,YGR027W-A,0,-6.950633,0.10175366699695587,0.9980000257492065,0.8809999823570251
YJR007W,YPR158W-B,0,-6.950681,0.10174329578876495,0.9980000257492065,0.8810999989509583
YNL298W,YOR343W-B,0,-6.950703,0.10173292458057404,0.9980000257492065,0.8812000155448914
YDR158W,YBR090C-A,0,-6.950751,0.10172255337238312,0.9980000257492065,0.8812999725341797
YMR218C,YOR192C-B,0,-6.950792,0.1017121896147728,0.9980000257492065,0.8813999891281128
YCL044C,YHR196W,0,-6.950804,0.10170182585716248,0.9980000257492065,0.8815000057220459
YPL126W,YNL054W-A,0,-6.9508195,0.10169146209955215,0.9980000257492065,0.881600022315979
YHR034C,YOR142W-B,0,-6.9508786,0.10168109834194183,0.9980000257492065,0.8816999793052673
YGR104C,YGR109W-B,0,-6.9509187,0.10167074203491211,0.9980000257492065,0.8817999958992004
YNL065W,YDR365W-B,0,-6.9509215,0.10166038572788239,0.9980000257492065,0.8819000124931335
YHR006W,YGR161C-C,0,-6.9509454,0.10165002942085266,0.9980000257492065,0.8820000290870667
YKR024C,YDR365W-B,0,-6.9510713,0.10163968056440353,0.9980000257492065,0.882099986076355
YPL055C,YPL060C-A,0,-6.95117,0.10162932425737381,0.9980000257492065,0.8822000026702881
YGR109C,YOR142W-B,0,-6.951175,0.10161898285150528,0.9980000257492065,0.8823000192642212
YOR188W,YDR261W-B,0,-6.9512687,0.10160863399505615,0.9980000257492065,0.8823999762535095
YGR145W,YGR161W-A,0,-6.951323,0.10159829258918762,0.9980000257492065,0.8824999928474426
YHR142W,YGR161C-C,0,-6.9513836,0.10158795118331909,0.9980000257492065,0.8826000094413757
YGR193C,YLR256W-A,0,-6.951428,0.10157760977745056,0.9980000257492065,0.8827000260353088
YHR039C-B,YOR359W,0,-6.9514623,0.10156726837158203,0.9980000257492065,0.8827999830245972
YDL138W,YLR227W-A,0,-6.951464,0.1015569344162941,0.9980000257492065,0.8828999996185303
YBL004W,YOL103W-B,0,-6.951551,0.10154660046100616,0.9980000257492065,0.8830000162124634
YDR141C,YCR058C,0,-6.951628,0.10153626650571823,0.9980000257492065,0.8830999732017517
YOR171C,YOL103W-A,0,-6.951705,0.1015259400010109,0.9980000257492065,0.8831999897956848
YPR052C,YPL060C-A,0,-6.951745,0.10151561349630356,0.9980000257492065,0.8833000063896179
YGR118W,YDR210W-A,0,-6.952047,0.10150528699159622,0.9980000257492065,0.883400022983551
YGR202C,YER137C-A,0,-6.9522305,0.10149496793746948,0.9980000257492065,0.8834999799728394
YMR138W,YDR261C-D,0,-6.9522395,0.10148464143276215,0.9980000257492065,0.8835999965667725
YLR233C,YNL284C-B,0,-6.952262,0.101474329829216,0.9980000257492065,0.8837000131607056
YPR067W,YER137C-A,0,-6.9522886,0.10146401077508926,0.9980000257492065,0.8838000297546387
YKL070W,YOL103W-A,0,-6.952296,0.10145369172096252,0.9980000257492065,0.883899986743927
YLR214W,YOR343W-A,0,-6.952302,0.10144338011741638,0.9980000257492065,0.8840000033378601
YOR123C,YLR157C-B,0,-6.952332,0.10143307596445084,0.9980000257492065,0.8841000199317932
YNL127W,YGR027W-A,0,-6.952437,0.1014227643609047,0.9980000257492065,0.8841999769210815
YHL020C,YPR158W-B,0,-6.952502,0.10141246020793915,0.9980000257492065,0.8842999935150146
YER040W,YPR137C-B,0,-6.9525056,0.1014021560549736,0.9980000257492065,0.8844000101089478
YNL298W,YMR128W,0,-6.952563,0.10139185190200806,0.9980000257492065,0.8845000267028809
YLR383W,YOR343W-B,0,-6.9525647,0.10138155519962311,0.9980000257492065,0.8845999836921692
YNL250W,YPR158W-A,0,-6.952613,0.10137125104665756,0.9980000257492065,0.8847000002861023
YEL030W,YLR157C-B,0,-6.952693,0.10136096179485321,0.9980000257492065,0.8848000168800354
YOL076W,YLR227W-B,0,-6.952836,0.10135066509246826,0.9980000257492065,0.8848999738693237
YIR011C,YLR256W-A,0,-6.95303,0.10134037584066391,0.9980000257492065,0.8849999904632568
YPL178W,YDR261W-B,0,-6.953091,0.10133008658885956,0.9980000257492065,0.8851000070571899
YNL330C,YFL002W-B,0,-6.953102,0.1013197973370552,0.9980000257492065,0.885200023651123
YJR053W,YPL257W-A,0,-6.9531636,0.10130950808525085,0.9980000257492065,0.8852999806404114
YNL054W-A,YOR084W,0,-6.9533095,0.1012992262840271,0.9980000257492065,0.8853999972343445
YKL173W,YOR343W-B,0,-6.9533887,0.10128894448280334,0.9980000257492065,0.8855000138282776
YML098W,YDR365W-B,0,-6.9533978,0.10127867013216019,0.9980000257492065,0.8855999708175659
YDR296W,YDR365W-B,0,-6.9534574,0.10126838833093643,0.9980000257492065,0.885699987411499
YBL032W,YLR227W-B,0,-6.9535236,0.10125811398029327,0.9980000257492065,0.8858000040054321
YGR082W,YGR161C-C,0,-6.9535346,0.10124784708023071,0.9980000257492065,0.8859000205993652
YLR033W,YPR158C-D,0,-6.9535737,0.10123757272958755,0.9980000257492065,0.8859999775886536
YGR097W,YDR261C-D,0,-6.9536576,0.101227305829525,0.9980000257492065,0.8860999941825867
YGR188C,YDR210W-A,0,-6.9537387,0.10121703892946243,0.9980000257492065,0.8862000107765198
YBR100W,YCR061W,0,-6.9537573,0.10120677202939987,0.9980000257492065,0.8863000273704529
YDL229W,YNL284C-A,0,-6.9537573,0.10119651257991791,0.9980000257492065,0.8863999843597412
YNL312W,YOR343C-A,0,-6.9537573,0.10118625313043594,0.9980000257492065,0.8865000009536743
YCL062W,YEL057C,0,-6.9537573,0.10117599368095398,0.9980000257492065,0.8866000175476074
YNL148C,YOR343C-B,0,-6.9537573,0.10116573423147202,0.9980000257492065,0.8866999745368958
YLR391W,YDR018C,0,-6.9537573,0.10115548223257065,0.9980000257492065,0.8867999911308289
YAL051W,YHL009W-A,0,-6.9537573,0.10114523023366928,0.9980000257492065,0.886900007724762
YDR014W-A,YPL060C-A,0,-6.9537573,0.10113497823476791,0.9980000257492065,0.8870000243186951
YDR014W-A,YKL059C,0,-6.9537573,0.10112473368644714,0.9980000257492065,0.8870999813079834
YBR276C,YOR343C-B,0,-6.9537573,0.10111448913812637,0.9980000257492065,0.8871999979019165
YHR079C-A,YNL284C-B,0,-6.9537573,0.1011042445898056,0.9980000257492065,0.8873000144958496
YOR279C,YOR343C-A,0,-6.9537573,0.10109400004148483,0.9980000257492065,0.8873999714851379
YEL022W,YOR343C-B,0,-6.9537573,0.10108376294374466,0.9980000257492065,0.887499988079071
YPL117C,YHL009W-A,0,-6.9537573,0.10107352584600449,0.9980000257492065,0.8876000046730042
YOL102C,YPR036W-A,0,-6.9537573,0.10106328874826431,0.9980000257492065,0.8877000212669373
YML033W,YGR042W,0,-6.9537573,0.10105305910110474,0.9980000257492065,0.8877999782562256
YBR188C,YLR157C-A,0,-6.9537573,0.10104282945394516,0.9980000257492065,0.8878999948501587
YLL061W,YOR343C-A,0,-6.9537573,0.10103259980678558,0.9980000257492065,0.8880000114440918
YGL044C,YOR343C-A,0,-6.9537573,0.10102237015962601,0.9980000257492065,0.8881000280380249
YBR152W,YPR036W-A,0,-6.9537573,0.10101214796304703,0.9980000257492065,0.8881999850273132
YDR503C,YPR036W-A,0,-6.9537573,0.10100192576646805,0.9980000257492065,0.8883000016212463
YFL011W-A,YGR054W,0,-6.9537573,0.10099170356988907,0.9980000257492065,0.8884000182151794
YPL048W,YLR157C-A,0,-6.9537573,0.10098148137331009,0.9980000257492065,0.8884999752044678
YNL136W,YNL284C-A,0,-6.9537573,0.1009712666273117,0.9980000257492065,0.8885999917984009
YGR247W,YPR036W-A,0,-6.9537573,0.10096105188131332,0.9980000257492065,0.888700008392334
YPL036W,YLR157C-A,0,-6.9537573,0.10095083713531494,0.9980000257492065,0.8888000249862671
YCL001W,YOR343C-B,0,-6.9537573,0.10094062983989716,0.9980000257492065,0.8888999819755554
YBL071W-A,YLR410W-B,0,-6.9537573,0.10093042254447937,0.9980000257492065,0.8889999985694885
YLR391W,YML131W,0,-6.9537573,0.10092021524906158,0.9980000257492065,0.8891000151634216
YDR440W,YLR157C-A,0,-6.9537573,0.1009100079536438,0.9980000257492065,0.88919997215271
YBR085W,YOR343C-B,0,-6.9537573,0.10089980810880661,0.9980000257492065,0.8892999887466431
YCL008C,YOR343C-A,0,-6.9537573,0.10088960826396942,0.9980000257492065,0.8894000053405762
YOL110W,YLR157C-A,0,-6.9537573,0.10087940841913223,0.9980000257492065,0.8895000219345093
YOL143C,YNL284C-A,0,-6.9537573,0.10086921602487564,0.9980000257492065,0.8895999789237976
YBL018C,YNL284C-A,0,-6.9537573,0.10085901618003845,0.9980000257492065,0.8896999955177307
YDR014W-A,YLR147C,0,-6.9537573,0.10084883123636246,0.9980000257492065,0.8898000121116638
YOR361C,YPR036W-A,0,-6.9537573,0.10083863884210587,0.9980000257492065,0.8899000287055969
YPR201W,YDR014W-A,0,-6.9537573,0.10082845389842987,0.9980000257492065,0.8899999856948853
YPL085W,YLR157C-A,0,-6.9537573,0.10081826150417328,0.9980000257492065,0.8901000022888184
YMR026C,YLR157C-A,0,-6.9537573,0.10080808401107788,0.9980000257492065,0.8902000188827515
YER179W,YLR157C-A,0,-6.9537573,0.10079789906740189,0.9980000257492065,0.8902999758720398
YIR033W,YNL284C-A,0,-6.9537573,0.10078772157430649,0.9980000257492065,0.8903999924659729
YNL257C,YGR161W-A,0,-6.9537573,0.10077754408121109,0.9980000257492065,0.890500009059906
YKL196C,YOR343C-B,0,-6.9537573,0.10076736658811569,0.9980000257492065,0.8906000256538391
YGR074W,YOR343C-B,0,-6.9537573,0.10075719654560089,0.9980000257492065,0.8906999826431274
YEL063C,YGR161W-A,0,-6.9537573,0.1007470190525055,0.9980000257492065,0.8907999992370605
YDR014W-A,YDR212W,0,-6.9537573,0.10073684900999069,0.9980000257492065,0.8909000158309937
YFL011W-A,YAR009C,0,-6.9537573,0.10072668641805649,0.9980000257492065,0.890999972820282
YCL033C,YNL284C-A,0,-6.9537573,0.10071652382612228,0.9980000257492065,0.8910999894142151
YLR312C-B,YLR157C-B,0,-6.9537573,0.10070635378360748,0.9980000257492065,0.8912000060081482
YPL146C,YNL284C-A,0,-6.9537573,0.10069619864225388,0.9980000257492065,0.8913000226020813
YFL011W-A,YOR343W-B,0,-6.9537573,0.10068603605031967,0.9980000257492065,0.8913999795913696
YKL182W,YGR038C-A,0,-6.9537573,0.10067588090896606,0.9980000257492065,0.8914999961853027
YIR028W,YPR036W-A,0,-6.9537573,0.10066572576761246,0.9980000257492065,0.8916000127792358
YFL021W,YHL009W-A,0,-6.9537573,0.10065557062625885,0.9980000257492065,0.891700029373169
YGL035C,YLR157C-A,0,-6.9537573,0.10064542293548584,0.9980000257492065,0.8917999863624573
YER180C-A,YDR316W-B,0,-6.9537573,0.10063527524471283,0.9980000257492065,0.8919000029563904
YLR095C,YDR210C-D,0,-6.9537573,0.10062512755393982,0.9980000257492065,0.8920000195503235
YGR070W,YER159C-A,0,-6.9537573,0.10061497986316681,0.9980000257492065,0.8920999765396118
YGR200C,YLR157C-A,0,-6.9537573,0.1006048396229744,0.9980000257492065,0.8921999931335449
YER024W,YPR036W-A,0,-6.9537573,0.10059469938278198,0.9980000257492065,0.892300009727478
YNR053C,YPR036W-A,0,-6.9537573,0.10058455914258957,0.9980000257492065,0.8924000263214111
YMR190C,YLR157C-A,0,-6.9537573,0.10057442635297775,0.9980000257492065,0.8924999833106995
YJL002C,YLR157C-A,0,-6.9537573,0.10056428611278534,0.9980000257492065,0.8925999999046326
YJR137C,YDR014W-A,0,-6.9537573,0.10055415332317352,0.9980000257492065,0.8927000164985657
YGR180C,YOR343C-A,0,-6.9537573,0.1005440279841423,0.9980000257492065,0.892799973487854
YPL055C,YLR157C-A,0,-6.9537573,0.10053389519453049,0.9980000257492065,0.8928999900817871
YFR040W,YNL284C-A,0,-6.9537573,0.10052376985549927,0.9980000257492065,0.8930000066757202
YCR058C,YEL057C,0,-6.9537573,0.10051364451646805,0.9980000257492065,0.8931000232696533
YDL080C,YPR036W-A,0,-6.9537573,0.10050352662801743,0.9980000257492065,0.8931999802589417
YML033W,YOR343W-B,0,-6.9537573,0.1004934012889862,0.9980000257492065,0.8932999968528748
YER146W,YHL009W-A,0,-6.9537573,0.10048328340053558,0.9980000257492065,0.8934000134468079
YGL111W,YPL180W,0,-6.9537606,0.10047317296266556,0.9980000257492065,0.8934999704360962
YFR024C-A,YDR365W-B,0,-6.953989,0.10046305507421494,0.9980000257492065,0.8935999870300293
YLR207W,YDR261W-B,0,-6.9540043,0.10045294463634491,0.9980000257492065,0.8937000036239624
YDR460W,YDR316W-B,0,-6.9540215,0.10044283419847488,0.9980000257492065,0.8938000202178955
YJL094C,YOL103W-A,0,-6.9540606,0.10043272376060486,0.9980000257492065,0.8938999772071838
YMR032W,YOR343W-A,0,-6.9540706,0.10042262077331543,0.9980000257492065,0.8939999938011169
YDL217C,YPR158W-A,0,-6.9541388,0.100412517786026,0.9980000257492065,0.89410001039505
YNL169C,YPR158C-C,0,-6.9541755,0.10040241479873657,0.9980000257492065,0.8942000269889832
YNL148C,YDR210C-D,0,-6.954186,0.10039231181144714,0.9980000257492065,0.8942999839782715
YLL022C,YDR365W-B,0,-6.9542413,0.10038221627473831,0.9980000257492065,0.8944000005722046
YGL195W,YPL257W-A,0,-6.954243,0.10037212073802948,0.9980000257492065,0.8945000171661377
YLR052W,YGR038C-B,0,-6.954289,0.10036202520132065,0.9980000257492065,0.894599974155426
YJR084W,YPL257W-A,0,-6.9543395,0.10035193711519241,0.9980000257492065,0.8946999907493591
YBR168W,YGR038C-A,0,-6.9543815,0.10034184902906418,0.9980000257492065,0.8948000073432922
YOR210W,YDR210W-A,0,-6.9543815,0.10033176094293594,0.9980000257492065,0.8949000239372253
YPL200W,YGR109W-B,0,-6.9543886,0.10032167285680771,0.9980000257492065,0.8949999809265137
YCL059C,YGR033C,0,-6.954394,0.10031159222126007,0.9980000257492065,0.8950999975204468
YLR350W,YGR038C-A,0,-6.954569,0.10030150413513184,0.9980000257492065,0.8952000141143799
YNL110C,YGR038C-B,0,-6.954593,0.1002914309501648,0.9980000257492065,0.8952999711036682
YGL195W,YDR261C-D,0,-6.9546294,0.10028135031461716,0.9980000257492065,0.8953999876976013
YGL116W,YGL061C,0,-6.9546585,0.10027127712965012,0.9980000257492065,0.8955000042915344
YKL170W,YLR227W-B,0,-6.954736,0.10026120394468307,0.9980000257492065,0.8956000208854675
YJL020C,YLR227W-B,0,-6.9548717,0.10025113075971603,0.9980000257492065,0.8956999778747559
YFL038C,YDR210C-D,0,-6.95491,0.10024105757474899,0.9980000257492065,0.895799994468689
YOR045W,YNL054W-A,0,-6.95492,0.10023099184036255,0.9980000257492065,0.8959000110626221
YHR066W,YDR261W-B,0,-6.954958,0.1002209261059761,0.9980000257492065,0.8960000276565552
YJL173C,YDR316W-A,0,-6.955027,0.10021086782217026,0.9980000257492065,0.8960999846458435
YJR140C,YGR161W-A,0,-6.955069,0.10020080208778381,0.9980000257492065,0.8962000012397766
YGL122C,YLR410W-A,0,-6.9550753,0.10019074380397797,0.9980000257492065,0.8963000178337097
YMR290C,YDR210C-C,0,-6.9551115,0.10018068552017212,0.9980000257492065,0.896399974822998
YPR122W,YDR210C-C,0,-6.9551525,0.10017063468694687,0.9980000257492065,0.8964999914169312
YDL154W,YDR261W-B,0,-6.9551616,0.10016057640314102,0.9980000257492065,0.8966000080108643
YPL180W,YDR210C-D,0,-6.955215,0.10015052556991577,0.9980000257492065,0.8967000246047974
YOL103W-A,YPR158C-D,0,-6.9553566,0.10014047473669052,0.9980000257492065,0.8967999815940857
YGL162W,YNL304W,0,-6.955362,0.10013043135404587,0.9980000257492065,0.8968999981880188
YEL022W,YKL014C,0,-6.955378,0.10012038797140121,0.9980000257492065,0.8970000147819519
YPL270W,YLR227W-B,0,-6.955417,0.10011034458875656,0.9980000257492065,0.8970999717712402
YOR321W,YER159C-A,0,-6.955468,0.10010030120611191,0.9980000257492065,0.8971999883651733
YLR106C,YPL060C-A,0,-6.955572,0.10009026527404785,0.9980000257492065,0.8973000049591064
YBR142W,YLR227W-A,0,-6.955646,0.1000802218914032,0.9980000257492065,0.8974000215530396
YIL075C,YPR158W-B,0,-6.9560003,0.10007018595933914,0.9980000257492065,0.8974999785423279
YPL049C,YDR034C-D,0,-6.95606,0.10006015747785568,0.9980000257492065,0.897599995136261
YAL043C,YOR343W-A,0,-6.956165,0.10005012899637222,0.9980000257492065,0.8977000117301941
YML099C,YDR034C-D,0,-6.9562364,0.10004009306430817,0.9980000257492065,0.8978000283241272
YBR237W,YGR027W-B,0,-6.956307,0.1000300720334053,0.9980000257492065,0.8978999853134155
YER009W,YHL009W-B,0,-6.9563355,0.10002004355192184,0.9980000257492065,0.8980000019073486
YNL127W,YDR098C-A,0,-6.9563904,0.10001002252101898,0.9980000257492065,0.8981000185012817
YLR114C,YPL275W,0,-6.956529,0.10000000149011612,0.9980000257492065,0.8981999754905701
YMR313C,YDR210C-C,0,-6.956614,0.09998998045921326,0.9980000257492065,0.8982999920845032
YJL030W,YDR365W-B,0,-6.9566474,0.09997996687889099,0.9980000257492065,0.8984000086784363
YLR382C,YLR157C-B,0,-6.9566646,0.09996994584798813,0.9980000257492065,0.8985000252723694
YMR138W,YKL166C,0,-6.956676,0.09995993226766586,0.9980000257492065,0.8985999822616577
YKL173W,YDR210C-C,0,-6.956689,0.0999499261379242,0.9980000257492065,0.8986999988555908
YLR052W,YFL035C,0,-6.9567084,0.09993991255760193,0.9980000257492065,0.8988000154495239
YJR049C,YLR157C-B,0,-6.956712,0.09992990642786026,0.9980000257492065,0.8988999724388123
YFR014C,YOR343W-A,0,-6.9567165,0.09991990029811859,0.9980000257492065,0.8989999890327454
YDR261W-B,YPR158W-B,0,-6.9567447,0.09990990161895752,0.9980000257492065,0.8991000056266785
YER075C,YOL103W-B,0,-6.9567504,0.09989990293979645,0.9980000257492065,0.8992000222206116
YGR038C-B,YOR338W,0,-6.956756,0.09988990426063538,0.9980000257492065,0.8992999792098999
YBR210W,YOR343W-B,0,-6.9569445,0.0998799055814743,0.9980000257492065,0.899399995803833
YPL020C,YGR161C-C,0,-6.9569507,0.09986990690231323,0.9980000257492065,0.8995000123977661
YHR019C,YER159C-A,0,-6.9570003,0.09985991567373276,0.9980000257492065,0.8996000289916992
YMR097C,YLR227W-B,0,-6.9570117,0.09984992444515228,0.9980000257492065,0.8996999859809875
YHR124W,YOL103W-B,0,-6.9570866,0.09983993321657181,0.9980000257492065,0.8998000025749207
YJL173C,YPL060C-A,0,-6.957098,0.09982994943857193,0.9980000257492065,0.8999000191688538
YAL013W,YDR261W-B,0,-6.957117,0.09981996566057205,0.9980000257492065,0.8999999761581421
YDR323C,YOR343W-B,0,-6.957142,0.09980998188257217,0.9980000257492065,0.9000999927520752
YHR124W,YDR210C-D,0,-6.957173,0.0997999981045723,0.9980000257492065,0.9002000093460083
YBR015C,YER159C-A,0,-6.957273,0.09979002177715302,0.9980000257492065,0.9003000259399414
YJL036W,YOR192C-B,0,-6.9572973,0.09978004544973373,0.9980000257492065,0.9003999829292297
YBR129C,YGR038C-A,0,-6.957417,0.09977006912231445,0.9980000257492065,0.9004999995231628
YDL008W,YDR365W-B,0,-6.957481,0.09976009279489517,0.9980000257492065,0.900600016117096
YDR214W,YLR157C-B,0,-6.9575114,0.09975012391805649,0.9980000257492065,0.9006999731063843
YKR060W,YPR137C-B,0,-6.957548,0.0997401550412178,0.9980000257492065,0.9007999897003174
YNL159C,YDR324C,0,-6.957601,0.09973018616437912,0.9980000257492065,0.9009000062942505
YOL054W,YPR158C-D,0,-6.957664,0.09972022473812103,0.9980000257492065,0.9010000228881836
YDR207C,YHL009W-B,0,-6.9577303,0.09971026331186295,0.9980000257492065,0.9010999798774719
YER016W,YDR365W-B,0,-6.9577823,0.09970030188560486,0.9980000257492065,0.901199996471405
YAL031C,YDR261W-B,0,-6.957902,0.09969034045934677,0.9980000257492065,0.9013000130653381
YMR199W,YPL257W-A,0,-6.9579043,0.09968038648366928,0.9980000257492065,0.9014000296592712
YDL207W,YOR142W-B,0,-6.9579487,0.0996704250574112,0.9980000257492065,0.9014999866485596
YPR002W,YOL103W-B,0,-6.9579873,0.0996604785323143,0.9980000257492065,0.9016000032424927
YNL281W,YOR343W-B,0,-6.958056,0.09965052455663681,0.9980000257492065,0.9017000198364258
YKR062W,YGR027W-A,0,-6.95812,0.09964057803153992,0.9980000257492065,0.9017999768257141
YDR099W,YLR157C-B,0,-6.95812,0.09963063150644302,0.9980000257492065,0.9018999934196472
YGR010W,YOR192C-B,0,-6.958162,0.09962068498134613,0.9980000257492065,0.9020000100135803
YML021C,YGR038C-A,0,-6.9581814,0.09961073845624924,0.9980000257492065,0.9021000266075134
YLR386W,YOL103W-B,0,-6.9585123,0.09960079938173294,0.9980000257492065,0.9021999835968018
YOR143C,YPR158C-C,0,-6.9585485,0.09959086030721664,0.9980000257492065,0.9023000001907349
YHL009W-B,YJL114W,0,-6.958653,0.09958092123270035,0.9980000257492065,0.902400016784668
YNL102W,YHR214C-B,0,-6.9586616,0.09957098960876465,0.9980000257492065,0.9024999737739563
YJR139C,YDR034C-D,0,-6.958714,0.09956105053424835,0.9980000257492065,0.9025999903678894
YJL114W,YLR227W-A,0,-6.9587393,0.09955111891031265,0.9980000257492065,0.9027000069618225
YBR123C,YLR157C-B,0,-6.9587445,0.09954119473695755,0.9980000257492065,0.9028000235557556
YDR202C,YDR316W-B,0,-6.958778,0.09953126311302185,0.9980000257492065,0.902899980545044
YLR369W,YNL284C-B,0,-6.9588556,0.09952133893966675,0.9980000257492065,0.902999997138977
YBL106C,YGR161C-C,0,-6.9588637,0.09951141476631165,0.9980000257492065,0.9031000137329102
YER020W,YOR192C-B,0,-6.9588637,0.09950149804353714,0.9980000257492065,0.9031999707221985
YMR080C,YDR261C-D,0,-6.958986,0.09949157387018204,0.9980000257492065,0.9032999873161316
YAL012W,YPR158C-C,0,-6.959041,0.09948165714740753,0.9980000257492065,0.9034000039100647
YOR287C,YPL060C-A,0,-6.9591484,0.09947174042463303,0.9980000257492065,0.9035000205039978
YKL088W,YOR142W-B,0,-6.9592896,0.09946183115243912,0.9980000257492065,0.9035999774932861
YCL004W,YER137C-A,0,-6.9593616,0.09945192188024521,0.9980000257492065,0.9036999940872192
YNR038W,YER159C-A,0,-6.9594254,0.0994420051574707,0.9980000257492065,0.9038000106811523
YNL128W,YOR343W-A,0,-6.9595437,0.09943210333585739,0.9980000257492065,0.9039000272750854
YGR027W-B,YLR132C,0,-6.9595437,0.09942219406366348,0.9980000257492065,0.9039999842643738
YHR074W,YFL002W-B,0,-6.9595604,0.09941229224205017,0.9980000257492065,0.9041000008583069
YKR034W,YLR410W-A,0,-6.9595776,0.09940239042043686,0.9980000257492065,0.90420001745224
YKL035W,YGR027W-B,0,-6.959642,0.09939248859882355,0.9980000257492065,0.9042999744415283
YOR173W,YLR410W-A,0,-6.9596987,0.09938259422779083,0.9980000257492065,0.9043999910354614
YNL127W,YGR038C-B,0,-6.9597764,0.09937269985675812,0.9980000257492065,0.9045000076293945
YKL005C,YGR161C-C,0,-6.9598155,0.0993628054857254,0.9980000257492065,0.9046000242233276
YGL216W,YOR343W-A,0,-6.9598207,0.09935291111469269,0.9980000257492065,0.904699981212616
YOL006C,YGR109W-B,0,-6.9598813,0.09934302419424057,0.9980000257492065,0.9047999978065491
YAL034W-A,YNL054W-A,0,-6.960097,0.09933313727378845,0.9980000257492065,0.9049000144004822
YBR212W,YDR316W-B,0,-6.9601026,0.09932325035333633,0.9980000257492065,0.9049999713897705
YOR188W,YPR158C-C,0,-6.9601135,0.09931336343288422,0.9980000257492065,0.9050999879837036
YLL004W,YGR161W-A,0,-6.960147,0.0993034839630127,0.9980000257492065,0.9052000045776367
YLR086W,YHL009W-B,0,-6.960213,0.09929360449314117,0.9980000257492065,0.9053000211715698
YDR076W,YLR157C-B,0,-6.960219,0.09928372502326965,0.9980000257492065,0.9053999781608582
YFR031C,YDR316W-B,0,-6.960291,0.09927384555339813,0.9980000257492065,0.9054999947547913
YKL058W,YDR261W-B,0,-6.9604115,0.09926397353410721,0.9980000257492065,0.9056000113487244
YDR416W,YDR210W-A,0,-6.9604564,0.09925410151481628,0.9980000257492065,0.9057000279426575
YHR197W,YER070W,0,-6.9605927,0.09924422949552536,0.9980000257492065,0.9057999849319458
YOL086C,YLR227W-A,0,-6.960673,0.09923436492681503,0.9980000257492065,0.9059000015258789
YBR256C,YPR158W-A,0,-6.9607134,0.0992245003581047,0.9980000257492065,0.906000018119812
YIL063C,YOR192C-B,0,-6.9609237,0.09921463578939438,0.9980000257492065,0.9060999751091003
YFL021W,YLR227W-B,0,-6.9610195,0.09920477122068405,0.9980000257492065,0.9061999917030334
YMR015C,YBR284W,0,-6.9610453,0.09919491410255432,0.9980000257492065,0.9063000082969666
YPL269W,YLR410W-B,0,-6.961057,0.099185049533844,0.9980000257492065,0.9064000248908997
YNL075W,YPR031W,0,-6.9611006,0.09917519986629486,0.9980000257492065,0.906499981880188
YGL169W,YPR137C-B,0,-6.961151,0.09916534274816513,0.9980000257492065,0.9065999984741211
YNL160W,YFL002W-B,0,-6.9612284,0.0991554856300354,0.9980000257492065,0.9067000150680542
YKL160W,YPR158C-C,0,-6.9613523,0.09914563596248627,0.9980000257492065,0.9067999720573425
YLR106C,YLR157C-B,0,-6.9614162,0.09913579374551773,0.9980000257492065,0.9068999886512756
YJL085W,YDR261C-D,0,-6.9614644,0.0991259440779686,0.9980000257492065,0.9070000052452087
YOR007C,YOR192C-B,0,-6.961593,0.09911610186100006,0.9980000257492065,0.9071000218391418
YNL041C,YPR009W,0,-6.961689,0.09910625964403152,0.9980000257492065,0.9071999788284302
YJL013C,YOR343W-A,0,-6.9617,0.09909641742706299,0.9980000257492065,0.9072999954223633
YOL004W,YDR034C-D,0,-6.961743,0.09908657521009445,0.9980000257492065,0.9074000120162964
YDR465C,YGR038C-A,0,-6.961765,0.09907674044370651,0.9980000257492065,0.9075000286102295
YER038C,YOL103W-B,0,-6.9620214,0.09906690567731857,0.9980000257492065,0.9075999855995178
YKR097W,YDR198C,0,-6.9620395,0.09905707091093063,0.9980000257492065,0.9077000021934509
YFR041C,YGR027W-A,0,-6.9620647,0.09904724359512329,0.9980000257492065,0.907800018787384
YDR158W,YPR158C-C,0,-6.962071,0.09903740882873535,0.9980000257492065,0.9078999757766724
YGR060W,YPL157W,0,-6.962108,0.09902758151292801,0.9980000257492065,0.9079999923706055
YOR080W,YNL210W,0,-6.96213,0.09901776164770126,0.9980000257492065,0.9081000089645386
YGL253W,YOR088W,0,-6.9621706,0.09900793433189392,0.9980000257492065,0.9082000255584717
YBR284W,YLR157C-B,0,-6.962295,0.09899811446666718,0.9980000257492065,0.90829998254776
YGR264C,YDR208W,0,-6.9624667,0.09898829460144043,0.9980000257492065,0.9083999991416931
YDR098C,YOR192C-B,0,-6.9624777,0.09897848218679428,0.9980000257492065,0.9085000157356262
YIL052C,YLR410W-A,0,-6.9625635,0.09896866232156754,0.9980000257492065,0.9085999727249146
YDL035C,YKL009W,0,-6.962709,0.09895884990692139,0.9980000257492065,0.9086999893188477
YFR041C,YPL257W-A,0,-6.9628067,0.09894903749227524,0.9980000257492065,0.9088000059127808
YNR056C,YPR158C-D,0,-6.962852,0.09893922507762909,0.9980000257492065,0.9089000225067139
YKR037C,YLR410W-B,0,-6.9631047,0.09892942011356354,0.9980000257492065,0.9089999794960022
YMR049C,YIR015W,0,-6.9633775,0.09891961514949799,0.9980000257492065,0.9090999960899353
YCR106W,YOR343W-B,0,-6.9635005,0.09890981018543243,0.9980000257492065,0.9092000126838684
YLR079W,YOR142W-B,0,-6.9636183,0.09890001267194748,0.9980000257492065,0.9093000292778015
YBL035C,YLR227W-B,0,-6.9637322,0.09889020770788193,0.9980000257492065,0.9093999862670898
YDR130C,YKL154W,0,-6.963776,0.09888041019439697,0.9980000257492065,0.909500002861023
YPL193W,YLR166C,0,-6.963908,0.09887061268091202,0.9980000257492065,0.909600019454956
YPR133C,YDR098C-A,0,-6.9640203,0.09886082261800766,0.9980000257492065,0.9096999764442444
YHL031C,YFL018W-A,0,-6.964342,0.0988510325551033,0.9980000257492065,0.9097999930381775
YDR283C,YLR285W,0,-6.964626,0.09884124249219894,0.9980000257492065,0.9099000096321106
YER137C-A,YJR027W,0,-6.9646635,0.09883145242929459,0.9980000257492065,0.9100000262260437
YOR343W-A,YPR158C-D,0,-6.9647174,0.09882166236639023,0.9980000257492065,0.910099983215332
YLR401C,YGR161W-A,0,-6.964819,0.09881187975406647,0.9980000257492065,0.9101999998092651
YPL121C,YBR092C,0,-6.965337,0.0988020971417427,0.9980000257492065,0.9103000164031982
YBR165W,YLR256W-A,0,-6.9653387,0.09879232197999954,0.9980000257492065,0.9103999733924866
YIL070C,YMR165C,0,-6.965488,0.09878253936767578,0.9980000257492065,0.9104999899864197
YMR069W,YPR002W,0,-6.965511,0.09877276420593262,0.9980000257492065,0.9106000065803528
YNR074C,YNL054W-A,0,-6.9662447,0.09876298904418945,0.9980000257492065,0.9107000231742859
YKL079W,YNL284C-B,0,-6.967423,0.09875321388244629,0.9980000257492065,0.9107999801635742
YLR074C,YPL130W,0,-6.967527,0.09874344617128372,0.9980000257492065,0.9108999967575073
YPR200C,YAR009C,0,-6.9676003,0.09873367846012115,0.9980000257492065,0.9110000133514404
YDR364C,YAL024C,0,-6.9678636,0.09872391074895859,0.9980000257492065,0.9110999703407288
YJR119C,YBL030C,0,-6.9679847,0.09871414303779602,0.9980000257492065,0.9111999869346619
YNL258C,YCR080W,0,-6.9686522,0.09870438277721405,0.9980000257492065,0.911300003528595
YML078W,YJR147W,0,-6.9694552,0.09869462251663208,0.9980000257492065,0.9114000201225281
YDL059C,YGR195W,0,-6.9695325,0.09868486225605011,0.9980000257492065,0.9114999771118164
YCR057C,YER160C,0,-6.9696136,0.09867510199546814,0.9980000257492065,0.9115999937057495
YGR038C-B,YPL257W-A,0,-6.9701247,0.09866534918546677,0.9980000257492065,0.9117000102996826
YOR159C,YPR158C-D,0,-6.970234,0.0986555963754654,0.9980000257492065,0.9118000268936157
YLR158C,YPL213W,0,-6.9704976,0.09864584356546402,0.9980000257492065,0.911899983882904
YNR072W,YNL131W,0,-6.9706597,0.09863609075546265,0.9980000257492065,0.9120000004768372
YEL069C,YDR365W-B,0,-6.970987,0.09862634539604187,0.9980000257492065,0.9121000170707703
YFL035C,YGL208W,0,-6.9716206,0.0986166000366211,0.9980000257492065,0.9121999740600586
YLR390W-A,YDR146C,0,-6.9722066,0.09860685467720032,0.9980000257492065,0.9122999906539917
YDL017W,YLR221C,0,-6.972626,0.09859711676836014,0.9980000257492065,0.9124000072479248
YER054C,YKL006C-A,0,-6.9729953,0.09858737885951996,0.9980000257492065,0.9125000238418579
YEL009C,YGR027W-B,0,-6.973081,0.09857764095067978,0.9980000257492065,0.9125999808311462
YGR140W,YML123C,0,-6.973132,0.0985679030418396,0.9980000257492065,0.9126999974250793
YMR143W,YPL257W-A,0,-6.973227,0.09855816513299942,0.9980000257492065,0.9128000140190125
YDL192W,YPR137C-B,0,-6.9740057,0.09854843467473984,0.9980000257492065,0.9128999710083008
YOR198C,YDR316W-A,0,-6.9746394,0.09853870421648026,0.9980000257492065,0.9129999876022339
YPR164W,YPL131W,0,-6.9750295,0.09852897375822067,0.9980000257492065,0.913100004196167
YMR165C,YPR158W-A,0,-6.9756618,0.09851925075054169,0.9980000257492065,0.9132000207901001
YLL009C,YFL035C,0,-6.9764204,0.0985095277428627,0.9980000257492065,0.9132999777793884
YDR037W,YDL105W,0,-6.9764533,0.09849980473518372,0.9980000257492065,0.9133999943733215
YML055W,YHR039C-B,0,-6.9766145,0.09849008172750473,0.9980000257492065,0.9135000109672546
YDL031W,YAR018C,0,-6.976749,0.09848036617040634,0.9980000257492065,0.9136000275611877
YML075C,YDR205W,0,-6.9775095,0.09847064316272736,0.9980000257492065,0.9136999845504761
YKL043W,YGR118W,0,-6.978108,0.09846093505620956,0.9980000257492065,0.9138000011444092
YBL019W,YGR289C,0,-6.9782863,0.09845121949911118,0.9980000257492065,0.9139000177383423
YLR201C,YLR227W-A,0,-6.978291,0.09844150394201279,0.9980000257492065,0.9139999747276306
YCR031C,YML076C,0,-6.978494,0.098431795835495,0.9980000257492065,0.9140999913215637
YNL192W,YCL062W,0,-6.9785876,0.0984220877289772,0.9980000257492065,0.9142000079154968
YKR024C,YCL010C,0,-6.978609,0.09841238707304001,0.9980000257492065,0.9143000245094299
YDR465C,YIR015W,0,-6.9791656,0.09840267896652222,0.9980000257492065,0.9143999814987183
YBR244W,YPL015C,0,-6.9793134,0.09839297831058502,0.9980000257492065,0.9144999980926514
YDL148C,YAL043C,0,-6.979374,0.09838327765464783,0.9980000257492065,0.9146000146865845
YDL024C,YGL092W,0,-6.979468,0.09837358444929123,0.9980000257492065,0.9146999716758728
YHR094C,YML039W,0,-6.9795012,0.09836388379335403,0.9980000257492065,0.9147999882698059
YBL099W,YNL210W,0,-6.979938,0.09835419058799744,0.9980000257492065,0.914900004863739
YDR517W,YJL114W,0,-6.980024,0.09834450483322144,0.9980000257492065,0.9150000214576721
YKR024C,YOR343W-B,0,-6.9811153,0.09833481162786484,0.9980000257492065,0.9150999784469604
YML094W,YMR179W,0,-6.9814415,0.09832512587308884,0.9980000257492065,0.9151999950408936
YMR203W,YNL284C-B,0,-6.981602,0.09831544011831284,0.9980000257492065,0.9153000116348267
YML064C,YDR261C-D,0,-6.9822836,0.09830575436353683,0.9980000257492065,0.9154000282287598
YML113W,YDR205W,0,-6.9823294,0.09829606860876083,0.9980000257492065,0.9154999852180481
YNR060W,YER190W,0,-6.983414,0.09828639030456543,0.9980000257492065,0.9156000018119812
YDL148C,YNL002C,0,-6.9837317,0.09827671200037003,0.9980000257492065,0.9157000184059143
YCR089W,YLR227W-A,0,-6.9838414,0.09826703369617462,0.9980000257492065,0.9157999753952026
YDR028C,YGR111W,0,-6.983925,0.09825736284255981,0.9980000257492065,0.9158999919891357
YLR025W,YJL114W,0,-6.9843526,0.09824768453836441,0.9980000257492065,0.9160000085830688
YEL002C,YOR343W-A,0,-6.985692,0.0982380136847496,0.9980000257492065,0.916100025177002
YER016W,YER126C,0,-6.986242,0.0982283428311348,0.9980000257492065,0.9161999821662903
YFL011W,YFR005C,0,-6.9862723,0.09821867942810059,0.9980000257492065,0.9162999987602234
YFR046C,YOR033C,0,-6.9872584,0.09820901602506638,0.9980000257492065,0.9164000153541565
YNL221C,YML045W,0,-6.987379,0.09819935262203217,0.9980000257492065,0.9164999723434448
YOL040C,YOR142W-B,0,-6.9875417,0.09818968921899796,0.9980000257492065,0.9165999889373779
YAR019C,YGL067W,0,-6.988936,0.09818002581596375,0.9980000257492065,0.916700005531311
YGR280C,YPL276W,0,-6.9895663,0.09817036986351013,0.9980000257492065,0.9168000221252441
YPR081C,YOR294W,0,-6.9898834,0.09816071391105652,0.9980000257492065,0.9168999791145325
YLR197W,YDR261C-D,0,-6.9904637,0.0981510654091835,0.9980000257492065,0.9169999957084656
YKL081W,YLR227W-B,0,-6.9904637,0.09814140945672989,0.9980000257492065,0.9171000123023987
YDL014W,YBR165W,0,-6.9905295,0.09813176095485687,0.9980000257492065,0.9172000288963318
YHR069C,YOR014W,0,-6.9906545,0.09812211245298386,0.9980000257492065,0.9172999858856201
YML094W,YDR227W,0,-6.991018,0.09811246395111084,0.9980000257492065,0.9174000024795532
YLR401C,YNL016W,0,-6.991773,0.09810282289981842,0.9980000257492065,0.9175000190734863
YJR042W,YDR314C,0,-6.9927316,0.098093181848526,0.9980000257492065,0.9175999760627747
YDL031W,YOR140W,0,-6.9928308,0.09808354079723358,0.9980000257492065,0.9176999926567078
YOL129W,YGR027W-A,0,-6.9929957,0.09807389974594116,0.9980000257492065,0.9178000092506409
YBL032W,YER082C,0,-6.9933662,0.09806426614522934,0.9980000257492065,0.917900025844574
YJR092W,YNR032C-A,0,-6.993654,0.09805462509393692,0.9980000257492065,0.9179999828338623
YLR288C,YCR102C,0,-6.9936614,0.0980449914932251,0.9980000257492065,0.9180999994277954
YBR006W,YER137C-A,0,-6.99397,0.09803536534309387,0.9980000257492065,0.9182000160217285
YFL014W,YJL102W,0,-6.9945064,0.09802573174238205,0.9980000257492065,0.9182999730110168
YNL307C,YIR012W,0,-6.9945984,0.09801610559225082,0.9980000257492065,0.91839998960495
YCR089W,YBR095C,0,-6.994653,0.0980064794421196,0.9980000257492065,0.9185000061988831
YGR003W,YJR026W,0,-6.994675,0.09799686074256897,0.9980000257492065,0.9186000227928162
YML113W,YBR129C,0,-6.9947867,0.09798723459243774,0.9980000257492065,0.9186999797821045
YOR209C,YDR004W,0,-6.994811,0.09797761589288712,0.9980000257492065,0.9187999963760376
YBR131W,YLR190W,0,-6.995204,0.09796799719333649,0.9980000257492065,0.9189000129699707
YCL024W,YJR007W,0,-6.995446,0.09795838594436646,0.9980000257492065,0.9190000295639038
YHR065C,YDL077C,0,-6.9955835,0.09794876724481583,0.9980000257492065,0.9190999865531921
YPR200C,YDL058W,0,-6.9957194,0.0979391559958458,0.9980000257492065,0.9192000031471252
YBR040W,YDR449C,0,-6.995797,0.09792954474687576,0.9980000257492065,0.9193000197410583
YGL226C-A,YGR239C,0,-6.9962406,0.09791993349790573,0.9980000257492065,0.9193999767303467
YEL071W,YOR207C,0,-6.996333,0.0979103296995163,0.9980000257492065,0.9194999933242798
YGL169W,YML040W,0,-6.9975076,0.09790072590112686,0.9980000257492065,0.9196000099182129
YLR134W,YJL089W,0,-6.9985785,0.09789112210273743,0.9980000257492065,0.919700026512146
YAL025C,YAL001C,0,-6.9988685,0.09788152575492859,0.9980000257492065,0.9197999835014343
YNL023C,YMR235C,0,-6.999595,0.09787192195653915,0.9980000257492065,0.9199000000953674
YEL069C,YPL276W,0,-7.0020447,0.09786232560873032,0.9980000257492065,0.9200000166893005
YGL257C,YPR010C,0,-7.002275,0.09785272926092148,0.9980000257492065,0.9200999736785889
YLR068W,YKL068W,0,-7.0027585,0.09784314036369324,0.9980000257492065,0.920199990272522
YOR180C,YGL169W,0,-7.005545,0.0978335440158844,0.9980000257492065,0.9203000068664551
YML058W-A,YGL208W,0,-7.0063586,0.09782395511865616,0.9980000257492065,0.9204000234603882
YML113W,YGL158W,0,-7.0080886,0.09781436622142792,0.9980000257492065,0.9204999804496765
YNL002C,YDL147W,0,-7.008628,0.09780478477478027,0.9980000257492065,0.9205999970436096
YBL009W,YDR060W,0,-7.009336,0.09779519587755203,0.9980000257492065,0.9207000136375427
YJL148W,YGR141W,0,-7.011454,0.09778561443090439,0.9980000257492065,0.920799970626831
YER083C,YOR287C,0,-7.011809,0.09777603298425674,0.9980000257492065,0.9208999872207642
YDR423C,YKL014C,0,-7.011972,0.0977664589881897,0.9980000257492065,0.9210000038146973
YDL143W,YHR214C-B,0,-7.012594,0.09775687754154205,0.9980000257492065,0.9211000204086304
YLR074C,YJR050W,0,-7.013641,0.097747303545475,0.9980000257492065,0.9211999773979187
YDR106W,YFR037C,0,-7.0137124,0.09773773699998856,0.9980000257492065,0.9212999939918518
YER056C,YBL106C,0,-7.013774,0.09772816300392151,0.9980000257492065,0.9214000105857849
YJL116C,YDR404C,0,-7.0141053,0.09771859645843506,0.9980000257492065,0.921500027179718
YGL027C,YKL070W,0,-7.0145717,0.09770902991294861,0.9980000257492065,0.9215999841690063
YKL021C,YMR076C,0,-7.0154767,0.09769946336746216,0.9980000257492065,0.9217000007629395
YMR198W,YAR010C,0,-7.0171995,0.09768989682197571,0.9980000257492065,0.9218000173568726
YDR227W,YGR128C,0,-7.019544,0.09768033772706985,0.9980000257492065,0.9218999743461609
YDL207W,YHR069C,0,-7.019947,0.097670778632164,0.9980000257492065,0.921999990940094
YDL046W,YDR324C,0,-7.0210304,0.09766121953725815,0.9980000257492065,0.9221000075340271
YFL026W,YCL019W,0,-7.021046,0.0976516604423523,0.9980000257492065,0.9222000241279602
YMR128W,YAR009C,0,-7.021325,0.09764210879802704,0.9980000257492065,0.9222999811172485
YDR283C,YER180C-A,0,-7.0222707,0.09763255715370178,0.9980000257492065,0.9223999977111816
YKL141W,YOR003W,0,-7.022307,0.09762300550937653,0.9980000257492065,0.9225000143051147
YDR216W,YOR143C,0,-7.023025,0.09761346131563187,0.9980000257492065,0.9225999712944031
YMR173W,YGR289C,0,-7.023494,0.09760390967130661,0.9980000257492065,0.9226999878883362
YBR250W,YFL026W,0,-7.0245023,0.09759436547756195,0.9980000257492065,0.9228000044822693
YOR284W,YHR096C,0,-7.0253315,0.09758482128381729,0.9980000257492065,0.9229000210762024
YGR081C,YGR144W,0,-7.027358,0.09757528454065323,0.9980000257492065,0.9229999780654907
YMR213W,YKL029C,0,-7.028505,0.09756574779748917,0.9980000257492065,0.9230999946594238
YMR128W,YLR285W,0,-7.0287037,0.0975562036037445,0.9980000257492065,0.9232000112533569
YJL208C,YLR157C-B,0,-7.0293202,0.09754667431116104,0.9980000257492065,0.92330002784729
YPL256C,YDR166C,0,-7.0297866,0.09753713756799698,0.9980000257492065,0.9233999848365784
YPL211W,YPL020C,0,-7.0299106,0.09752760827541351,0.9980000257492065,0.9235000014305115
YGL065C,YOR287C,0,-7.030758,0.09751807898283005,0.9980000257492065,0.9236000180244446
YIR028W,YOR182C,0,-7.031164,0.09750854969024658,0.9980000257492065,0.9236999750137329
YDR235W,YML093W,0,-7.0319853,0.09749902039766312,0.9980000257492065,0.923799991607666
YGR003W,YKL042W,0,-7.0320997,0.09748949855566025,0.9980000257492065,0.9239000082015991
YAL034W-A,YML060W,0,-7.032841,0.09747997671365738,0.9980000257492065,0.9240000247955322
YMR038C,YCL004W,0,-7.0347285,0.09747045487165451,0.9980000257492065,0.9240999817848206
YDR255C,YIR012W,0,-7.0347495,0.09746094048023224,0.9980000257492065,0.9241999983787537
YHR019C,YIR012W,0,-7.0347943,0.09745141863822937,0.9980000257492065,0.9243000149726868
YEL036C,YNL222W,0,-7.0353417,0.0974419042468071,0.9980000257492065,0.9243999719619751
YPL266W,YKL006C-A,0,-7.0356197,0.09743238985538483,0.9980000257492065,0.9244999885559082
YBR040W,YDR059C,0,-7.0365677,0.09742288291454315,0.9980000257492065,0.9246000051498413
YAL025C,YFL045C,0,-7.036578,0.09741337597370148,0.9980000257492065,0.9247000217437744
YJR137C,YML092C,0,-7.0377192,0.0974038615822792,0.9980000257492065,0.9247999787330627
YPR052C,YOR340C,0,-7.0386615,0.09739436209201813,0.9980000257492065,0.9248999953269958
YJR158W,YIR021W,0,-7.038669,0.09738485515117645,0.9980000257492065,0.925000011920929
YDL051W,YPL144W,0,-7.038708,0.09737535566091537,0.9980000257492065,0.9251000285148621
YPL175W,YML027W,0,-7.038936,0.0973658561706543,0.9980000257492065,0.9251999855041504
YHR175W,YIR009W,0,-7.0392947,0.09735635668039322,0.9980000257492065,0.9253000020980835
YDL088C,YMR128W,0,-7.03956,0.09734685719013214,0.9980000257492065,0.9254000186920166
YNL327W,YOL104C,0,-7.0397615,0.09733736515045166,0.9980000257492065,0.9254999756813049
YGR289C,YAL029C,0,-7.04109,0.09732787311077118,0.9980000257492065,0.925599992275238
YMR163C,YJL198W,0,-7.041916,0.0973183810710907,0.9980000257492065,0.9257000088691711
YLL021W,YGR094W,0,-7.0419364,0.09730888903141022,0.9980000257492065,0.9258000254631042
YIL016W,YJR026W,0,-7.043138,0.09729940444231033,0.9980000257492065,0.9258999824523926
YML080W,YGR057C,0,-7.0433283,0.09728991985321045,0.9980000257492065,0.9259999990463257
YDL208W,YER013W,0,-7.043403,0.09728043526411057,0.9980000257492065,0.9261000156402588
YHR052W,YOR230W,0,-7.043493,0.09727095812559128,0.9980000257492065,0.9261999726295471
YJL006C,YAL025C,0,-7.0441,0.0972614735364914,0.9980000257492065,0.9262999892234802
YGR038W,YIL160C,0,-7.0445995,0.0972519963979721,0.9980000257492065,0.9264000058174133
YBR244W,YDR160W,0,-7.044654,0.09724251925945282,0.9980000257492065,0.9265000224113464
YBR021W,YLR224W,0,-7.0448265,0.09723304957151413,0.9980000257492065,0.9265999794006348
YHR157W,YBR154C,0,-7.045677,0.09722357243299484,0.9980000257492065,0.9266999959945679
YHR079C-A,YCR083W,0,-7.0467443,0.09721410274505615,0.9980000257492065,0.926800012588501
YBL009W,YGR278W,0,-7.047939,0.09720463305711746,0.9980000257492065,0.9269000291824341
YLR397C,YGR199W,0,-7.048486,0.09719517081975937,0.9980000257492065,0.9269999861717224
YAL025C,YDL111C,0,-7.048973,0.09718570113182068,0.9980000257492065,0.9271000027656555
YPR144C,YBR129C,0,-7.0493207,0.09717623889446259,0.9980000257492065,0.9272000193595886
YKL120W,YCL063W,0,-7.049703,0.09716677665710449,0.9980000257492065,0.927299976348877
YGR280C,YER008C,0,-7.050776,0.097157321870327,0.9980000257492065,0.9273999929428101
YMR021C,YBR142W,0,-7.0511928,0.0971478596329689,0.9980000257492065,0.9275000095367432
YDR076W,YOR359W,0,-7.0521483,0.0971384048461914,0.9980000257492065,0.9276000261306763
YPL202C,YPL208W,0,-7.054151,0.09712895005941391,0.9980000257492065,0.9276999831199646
YLL035W,YMR207C,0,-7.0548353,0.09711950272321701,0.9980000257492065,0.9277999997138977
YHR169W,YNL088W,0,-7.0554795,0.09711004793643951,0.9980000257492065,0.9279000163078308
YLL008W,YDL147W,0,-7.0555825,0.09710060060024261,0.9980000257492065,0.9279999732971191
YKL020C,YDR324C,0,-7.0564713,0.09709115326404572,0.9980000257492065,0.9280999898910522
YGR108W,YMR073C,0,-7.058439,0.09708171337842941,0.9980000257492065,0.9282000064849854
YGL251C,YJL140W,0,-7.059197,0.09707226604223251,0.9980000257492065,0.9283000230789185
YOR377W,YBR155W,0,-7.0609984,0.09706282615661621,0.9980000257492065,0.9283999800682068
YML113W,YMR231W,0,-7.061058,0.09705338627099991,0.9980000257492065,0.9284999966621399
YEL069C,YLR435W,0,-7.0629478,0.0970439538359642,0.9980000257492065,0.928600013256073
YPL211W,YER105C,0,-7.063108,0.0970345139503479,0.9980000257492065,0.9286999702453613
YPL212C,YDR416W,0,-7.0639963,0.0970250815153122,0.9980000257492065,0.9287999868392944
YPL249C,YMR290C,0,-7.065557,0.09701564908027649,0.9980000257492065,0.9289000034332275
YBL069W,YDR091C,0,-7.066657,0.09700622409582138,0.9980000257492065,0.9290000200271606
YPL265W,YML058W-A,0,-7.06844,0.09699679166078568,0.9980000257492065,0.929099977016449
YHR197W,YCL020W,0,-7.068512,0.09698736667633057,0.9980000257492065,0.9291999936103821
YDR437W,YER001W,0,-7.068747,0.09697794169187546,0.9980000257492065,0.9293000102043152
YPL021W,YGR270W,0,-7.0692406,0.09696851670742035,0.9980000257492065,0.9294000267982483
YIL121W,YEL054C,0,-7.069514,0.09695909917354584,0.9980000257492065,0.9294999837875366
YCL059C,YDL043C,0,-7.070195,0.09694968163967133,0.9980000257492065,0.9296000003814697
YLR314C,YGL209W,0,-7.070873,0.09694026410579681,0.9980000257492065,0.9297000169754028
YIL155C,YDR225W,0,-7.071339,0.0969308465719223,0.9980000257492065,0.9297999739646912
YEL026W,YOR008C-A,0,-7.0714555,0.09692143648862839,0.9980000257492065,0.9298999905586243
YLR276C,YHR079C-A,0,-7.071965,0.09691201895475388,0.9980000257492065,0.9300000071525574
YGL137W,YLR435W,0,-7.073178,0.09690260887145996,0.9980000257492065,0.9301000237464905
YOR266W,YCR072C,0,-7.0763087,0.09689320623874664,0.9980000257492065,0.9301999807357788
YHR068W,YNL231C,0,-7.0767503,0.09688379615545273,0.9980000257492065,0.9302999973297119
YAR015W,YHR062C,0,-7.0771933,0.09687439352273941,0.9980000257492065,0.930400013923645
YPL053C,YDR398W,0,-7.0772185,0.09686499089002609,0.9980000257492065,0.9304999709129333
YBR155W,YCR020W-B,0,-7.077557,0.09685558825731277,0.9980000257492065,0.9305999875068665
YDR106W,YLL021W,0,-7.0776286,0.09684619307518005,0.9980000257492065,0.9307000041007996
YJL059W,YNL339C,0,-7.0779223,0.09683679044246674,0.9980000257492065,0.9308000206947327
YLL009C,YDR018C,0,-7.079251,0.09682739526033401,0.9980000257492065,0.930899977684021
YPR200C,YBR161W,0,-7.0793967,0.09681800752878189,0.9980000257492065,0.9309999942779541
YPL267W,YCR031C,0,-7.079946,0.09680861234664917,0.9980000257492065,0.9311000108718872
YJR070C,YAL047C,0,-7.0809126,0.09679922461509705,0.9980000257492065,0.9312000274658203
YGR157W,YPR112C,0,-7.0815964,0.09678983688354492,0.9980000257492065,0.9312999844551086
YMR165C,YPL175W,0,-7.0822887,0.0967804491519928,0.9980000257492065,0.9314000010490417
YDL039C,YGR085C,0,-7.082886,0.09677106887102127,0.9980000257492065,0.9315000176429749
YDR181C,YGR128C,0,-7.083284,0.09676168113946915,0.9980000257492065,0.9315999746322632
YJR158W,YDR131C,0,-7.0837417,0.09675230085849762,0.9980000257492065,0.9316999912261963
YHL047C,YGL035C,0,-7.0847383,0.09674292057752609,0.9980000257492065,0.9318000078201294
YOR045W,YIL173W,0,-7.084813,0.09673354774713516,0.9980000257492065,0.9319000244140625
YJR147W,YBL100W-B,0,-7.0851383,0.09672417491674423,0.9980000257492065,0.9319999814033508
YLR186W,YKL038W,0,-7.085315,0.0967147946357727,0.9980000257492065,0.9320999979972839
YLR129W,YMR073C,0,-7.086177,0.09670542925596237,0.9980000257492065,0.932200014591217
YMR117C,YGR251W,0,-7.0864406,0.09669605642557144,0.9980000257492065,0.9322999715805054
YCL059C,YOL011W,0,-7.0868926,0.09668669104576111,0.9980000257492065,0.9323999881744385
YGR109C,YDR040C,0,-7.0883946,0.09667732566595078,0.9980000257492065,0.9325000047683716
YER110C,YNL026W,0,-7.0884748,0.09666796028614044,0.9980000257492065,0.9326000213623047
YHR176W,YGR280C,0,-7.088524,0.09665859490633011,0.9980000257492065,0.932699978351593
YMR322C,YKL014C,0,-7.0887656,0.09664923697710037,0.9980000257492065,0.9327999949455261
YLR397C,YIL159W,0,-7.089518,0.09663987904787064,0.9980000257492065,0.9329000115394592
YMR211W,YJL035C,0,-7.0905375,0.0966305211186409,0.9980000257492065,0.9330000281333923
YMR201C,YIR012W,0,-7.093219,0.09662116318941116,0.9980000257492065,0.9330999851226807
YIR023W,YJR069C,0,-7.0943294,0.09661181271076202,0.9980000257492065,0.9332000017166138
YDL165W,YMR290C,0,-7.0954804,0.09660246223211288,0.9980000257492065,0.9333000183105469
YMR292W,YOL124C,0,-7.095799,0.09659311175346375,0.9980000257492065,0.9333999752998352
YBL005W,YGR213C,0,-7.0959315,0.0965837612748146,0.9980000257492065,0.9334999918937683
YKR035W-A,YPR010C,0,-7.096365,0.09657441824674606,0.9980000257492065,0.9336000084877014
YBR244W,YPL237W,0,-7.0964484,0.09656506776809692,0.9980000257492065,0.9337000250816345
YHL040C,YDL024C,0,-7.0969377,0.09655572474002838,0.9980000257492065,0.9337999820709229
YDR174W,YKR081C,0,-7.0980372,0.09654638916254044,0.9980000257492065,0.933899998664856
YDR106W,YDL227C,0,-7.0987563,0.0965370461344719,0.9980000257492065,0.9340000152587891
YER012W,YBR183W,0,-7.100963,0.09652771055698395,0.9980000257492065,0.9340999722480774
YHR164C,YCL026C-A,0,-7.1010222,0.096518374979496,0.9980000257492065,0.9341999888420105
YDR207C,YLR222C,0,-7.1026416,0.09650903940200806,0.9980000257492065,0.9343000054359436
YLR401C,YNL283C,0,-7.102651,0.09649971127510071,0.9980000257492065,0.9344000220298767
YLR295C,YML116W,0,-7.1057577,0.09649038314819336,0.9980000257492065,0.934499979019165
YEL018W,YGL175C,0,-7.1068053,0.09648105502128601,0.9980000257492065,0.9345999956130981
YHR052W,YMR050C,0,-7.107209,0.09647172689437866,0.9980000257492065,0.9347000122070312
YPR200C,YDL174C,0,-7.107446,0.09646239876747131,0.9980000257492065,0.9348000288009644
YKL021C,YDR208W,0,-7.107833,0.09645307809114456,0.9980000257492065,0.9348999857902527
YJR064W,YPL043W,0,-7.108456,0.09644375741481781,0.9980000257492065,0.9350000023841858
YHR007C,YPL126W,0,-7.1097093,0.09643443673849106,0.9980000257492065,0.9351000189781189
YIR033W,YPR010C,0,-7.109734,0.0964251235127449,0.9980000257492065,0.9351999759674072
YPL265W,YER171W,0,-7.1105337,0.09641580283641815,0.9980000257492065,0.9352999925613403
YKL046C,YOR294W,0,-7.1108446,0.096406489610672,0.9980000257492065,0.9354000091552734
YMR042W,YPL097W,0,-7.112115,0.09639717638492584,0.9980000257492065,0.9355000257492065
YLR172C,YGL211W,0,-7.1127334,0.09638787060976028,0.9980000257492065,0.9355999827384949
YMR287C,YKR097W,0,-7.115469,0.09637855738401413,0.9980000257492065,0.935699999332428
YIL131C,YDL085W,0,-7.116032,0.09636925160884857,0.9980000257492065,0.9358000159263611
YOR243C,YNL236W,0,-7.1163726,0.09635995328426361,0.9980000257492065,0.9358999729156494
YDR416W,YMR227C,0,-7.1174026,0.09635064750909805,0.9980000257492065,0.9359999895095825
YPL116W,YOL061W,0,-7.1175833,0.09634134918451309,0.9980000257492065,0.9361000061035156
YER014C-A,YOR003W,0,-7.117586,0.09633204340934753,0.9980000257492065,0.9362000226974487
YPR200C,YBR021W,0,-7.117736,0.09632274508476257,0.9980000257492065,0.9362999796867371
YLR291C,YJR119C,0,-7.118062,0.09631345421075821,0.9980000257492065,0.9363999962806702
YBR065C,YGR186W,0,-7.1194186,0.09630415588617325,0.9980000257492065,0.9365000128746033
YLR320W,YOR313C,0,-7.119558,0.09629486501216888,0.9980000257492065,0.9366000294685364
YLR068W,YER044C-A,0,-7.121303,0.09628557413816452,0.9980000257492065,0.9366999864578247
YAL034W-A,YHR139C,0,-7.1215215,0.09627629071474075,0.9980000257492065,0.9368000030517578
YCR083W,YOR287C,0,-7.122615,0.09626699984073639,0.9980000257492065,0.9369000196456909
YNR032C-A,YGL063W,0,-7.1229815,0.09625771641731262,0.9980000257492065,0.9369999766349792
YOL028C,YPR078C,0,-7.123668,0.09624843299388885,0.9980000257492065,0.9370999932289124
YGR218W,YER082C,0,-7.124929,0.09623914957046509,0.9980000257492065,0.9372000098228455
YDR151C,YBL013W,0,-7.1250453,0.09622987359762192,0.9980000257492065,0.9373000264167786
YGL211W,YGL063W,0,-7.1276374,0.09622059762477875,0.9980000257492065,0.9373999834060669
YLR158C,YOR294W,0,-7.128077,0.09621131420135498,0.9980000257492065,0.9375
YKL122C,YOR047C,0,-7.128698,0.09620204567909241,0.9980000257492065,0.9376000165939331
YDL031W,YBR152W,0,-7.1295877,0.09619276970624924,0.9980000257492065,0.9376999735832214
YGL033W,YFR053C,0,-7.1301827,0.09618350118398666,0.9980000257492065,0.9377999901771545
YKL188C,YLL041C,0,-7.1304784,0.09617423266172409,0.9980000257492065,0.9379000067710876
YPR200C,YDR247W,0,-7.132829,0.09616496413946152,0.9980000257492065,0.9380000233650208
YOL090W,YCR060W,0,-7.133081,0.09615569561719894,0.9980000257492065,0.9380999803543091
YNL153C,YNL328C,0,-7.134107,0.09614643454551697,0.9980000257492065,0.9381999969482422
YLR192C,YIR026C,0,-7.1369004,0.09613717347383499,0.9980000257492065,0.9383000135421753
YMR303C,YJR140C,0,-7.137628,0.09612791240215302,0.9980000257492065,0.9383999705314636
YBR040W,YLR014C,0,-7.137914,0.09611865878105164,0.9980000257492065,0.9384999871253967
YOR180C,YIR012W,0,-7.1387115,0.09610939770936966,0.9980000257492065,0.9386000037193298
YHR092C,YLR360W,0,-7.1393213,0.09610014408826828,0.9980000257492065,0.9387000203132629
YJL116C,YAL015C,0,-7.1425123,0.0960908904671669,0.9980000257492065,0.9387999773025513
YPL021W,YDR465C,0,-7.1436296,0.09608163684606552,0.9980000257492065,0.9388999938964844
YBR066C,YDL030W,0,-7.1436615,0.09607239067554474,0.9980000257492065,0.9390000104904175
YOL009C,YOL010W,0,-7.143742,0.09606314450502396,0.9980000257492065,0.9391000270843506
YIL103W,YPR016C,0,-7.1447873,0.09605389833450317,0.9980000257492065,0.9391999840736389
YKL201C,YPL235W,0,-7.1448016,0.09604465216398239,0.9980000257492065,0.939300000667572
YKR099W,YDR065W,0,-7.1448164,0.0960354134440422,0.9980000257492065,0.9394000172615051
YJR060W,YGL078C,0,-7.1474433,0.09602617472410202,0.9980000257492065,0.9394999742507935
YGR225W,YMR076C,0,-7.147869,0.09601693600416183,0.9980000257492065,0.9395999908447266
YGR156W,YNL247W,0,-7.148116,0.09600769728422165,0.9980000257492065,0.9397000074386597
YOR123C,YDR018C,0,-7.148119,0.09599845856428146,0.9980000257492065,0.9398000240325928
YER126C,YOR359W,0,-7.148807,0.09598922729492188,0.9980000257492065,0.9398999810218811
YFR024C-A,YDL060W,0,-7.150916,0.09597999602556229,0.9980000257492065,0.9399999976158142
YDL069C,YDR297W,0,-7.15171,0.0959707647562027,0.9980000257492065,0.9401000142097473
YPL001W,YJR112W,0,-7.1521316,0.0959615409374237,0.9980000257492065,0.9401999711990356
YGR195W,YBL100W-A,0,-7.1534534,0.09595230966806412,0.9980000257492065,0.9402999877929688
YGL158W,YIL053W,0,-7.153577,0.09594308584928513,0.9980000257492065,0.9404000043869019
YGR109C,YNR072W,0,-7.153772,0.09593386203050613,0.9980000257492065,0.940500020980835
YOR142W,YNL299W,0,-7.155247,0.09592464566230774,0.9980000257492065,0.9405999779701233
YBR158W,YFR027W,0,-7.155316,0.09591542184352875,0.9980000257492065,0.9406999945640564
YJL031C,YPR144C,0,-7.1561885,0.09590620547533035,0.9980000257492065,0.9408000111579895
YNL065W,YHR186C,0,-7.156266,0.09589698910713196,0.9980000257492065,0.9409000277519226
YOR346W,YML098W,0,-7.156383,0.09588778018951416,0.9980000257492065,0.9409999847412109
YGR145W,YHR111W,0,-7.1569285,0.09587856382131577,0.9980000257492065,0.941100001335144
YDR446W,YJL025W,0,-7.1572084,0.09586935490369797,0.9980000257492065,0.9412000179290771
YKL086W,YPR080W,0,-7.157742,0.09586014598608017,0.9980000257492065,0.9412999749183655
YER021W,YLR197W,0,-7.1581464,0.09585094451904297,0.9980000257492065,0.9413999915122986
YGL183C,YNL007C,0,-7.162004,0.09584173560142517,0.9980000257492065,0.9415000081062317
YER002W,YGL126W,0,-7.1623077,0.09583253413438797,0.9980000257492065,0.9416000247001648
YPL256C,YKL178C,0,-7.163444,0.09582333266735077,0.9980000257492065,0.9416999816894531
YGL051W,YOL061W,0,-7.167258,0.09581413120031357,0.9980000257492065,0.9417999982833862
YLL004W,YMR229C,0,-7.167925,0.09580493718385696,0.9980000257492065,0.9419000148773193
YBR159W,YJL143W,0,-7.1711836,0.09579573571681976,0.9980000257492065,0.9419999718666077
YNR013C,YKL014C,0,-7.171431,0.09578654170036316,0.9980000257492065,0.9420999884605408
YPR112C,YBL014C,0,-7.1717324,0.09577734768390656,0.9980000257492065,0.9422000050544739
YDR283C,YOR001W,0,-7.173111,0.09576816111803055,0.9980000257492065,0.942300021648407
YNL325C,YLL012W,0,-7.175692,0.09575897455215454,0.9980000257492065,0.9423999786376953
YDR446W,YDL236W,0,-7.1765504,0.09574978053569794,0.9980000257492065,0.9424999952316284
YPR200C,YOL080C,0,-7.176848,0.09574060142040253,0.9980000257492065,0.9426000118255615
YHR052W,YGL253W,0,-7.1784153,0.09573141485452652,0.9980000257492065,0.9427000284194946
YER171W,YDR382W,0,-7.178724,0.09572223573923111,0.9980000257492065,0.942799985408783
YJR097W,YJR066W,0,-7.1791153,0.0957130491733551,0.9980000257492065,0.9429000020027161
YJL208C,YBL034C,0,-7.1815324,0.09570387750864029,0.9980000257492065,0.9430000185966492
YKL086W,YDR451C,0,-7.182633,0.09569469839334488,0.9980000257492065,0.9430999755859375
YOR351C,YBR183W,0,-7.1828766,0.09568551927804947,0.9980000257492065,0.9431999921798706
YFR029W,YKL099C,0,-7.1835284,0.09567634761333466,0.9980000257492065,0.9433000087738037
YNL250W,YLL012W,0,-7.1837087,0.09566717594861984,0.9980000257492065,0.9434000253677368
YGL090W,YAR010C,0,-7.183831,0.09565801173448563,0.9980000257492065,0.9434999823570251
YHR072W,YKR086W,0,-7.1842227,0.09564884006977081,0.9980000257492065,0.9435999989509583
YDL055C,YMR133W,0,-7.185206,0.0956396758556366,0.9980000257492065,0.9437000155448914
YGR171C,YLL012W,0,-7.1864414,0.09563051164150238,0.9980000257492065,0.9437999725341797
YPR010C,YFL017W-A,0,-7.1882143,0.09562134742736816,0.9980000257492065,0.9438999891281128
YKR086W,YHR196W,0,-7.1885047,0.09561218321323395,0.9980000257492065,0.9440000057220459
YBR065C,YDR191W,0,-7.1888933,0.09560302644968033,0.9980000257492065,0.944100022315979
YKL038W,YNL128W,0,-7.190745,0.09559386968612671,0.9980000257492065,0.9441999793052673
YAL007C,YER002W,0,-7.1908383,0.09558471292257309,0.9980000257492065,0.9442999958992004
YPR120C,YDL138W,0,-7.191814,0.09557556360960007,0.9980000257492065,0.9444000124931335
YIR012W,YLR130C,0,-7.1928844,0.09556640684604645,0.9980000257492065,0.9445000290870667
YGL124C,YER002W,0,-7.1954126,0.09555725753307343,0.9980000257492065,0.944599986076355
YNL328C,YGR161C,0,-7.195715,0.0955481082201004,0.9980000257492065,0.9447000026702881
YNL062C,YGL033W,0,-7.1966853,0.09553895890712738,0.9980000257492065,0.9448000192642212
YBR168W,YOR361C,0,-7.1972556,0.09552981704473495,0.9980000257492065,0.9448999762535095
YNL267W,YIR012W,0,-7.1990128,0.09552067518234253,0.9980000257492065,0.9449999928474426
YMR303C,YJR053W,0,-7.19921,0.0955115333199501,0.9980000257492065,0.9451000094413757
YDL036C,YBR073W,0,-7.200907,0.09550239145755768,0.9980000257492065,0.9452000260353088
YLL008W,YJL002C,0,-7.202474,0.09549325704574585,0.9980000257492065,0.9452999830245972
YPL265W,YBR048W,0,-7.2025275,0.09548411518335342,0.9980000257492065,0.9453999996185303
YGL029W,YMR198W,0,-7.2029386,0.0954749807715416,0.9980000257492065,0.9455000162124634
YDR279W,YOL067C,0,-7.2037907,0.09546585381031036,0.9980000257492065,0.9455999732017517
YPL269W,YJL138C,0,-7.2046213,0.09545671939849854,0.9980000257492065,0.9456999897956848
YDL031W,YKL018W,0,-7.2051854,0.0954475924372673,0.9980000257492065,0.9458000063896179
YER045C,YGL033W,0,-7.2058606,0.09543846547603607,0.9980000257492065,0.945900022983551
YPR119W,YIL117C,0,-7.2068043,0.09542933851480484,0.9980000257492065,0.9459999799728394
YMR290C,YJR158W,0,-7.2068567,0.09542021155357361,0.9980000257492065,0.9460999965667725
YGL099W,YDR379W,0,-7.2073765,0.09541109204292297,0.9980000257492065,0.9462000131607056
YBL082C,YJR158W,0,-7.2101984,0.09540197253227234,0.9980000257492065,0.9463000297546387
YKL176C,YOR287C,0,-7.2125115,0.0953928530216217,0.9980000257492065,0.946399986743927
YJR147W,YHR150W,0,-7.2125506,0.09538373351097107,0.9980000257492065,0.9465000033378601
YPL001W,YER028C,0,-7.212627,0.09537462145090103,0.9980000257492065,0.9466000199317932
YJR063W,YKL196C,0,-7.2130275,0.0953655019402504,0.9980000257492065,0.9466999769210815
YNL279W,YDR091C,0,-7.2152653,0.09535638988018036,0.9980000257492065,0.9467999935150146
YJR084W,YKR024C,0,-7.2154956,0.09534728527069092,0.9980000257492065,0.9469000101089478
YMR199W,YGR159C,0,-7.218408,0.09533817321062088,0.9980000257492065,0.9470000267028809
YJR092W,YPL101W,0,-7.218628,0.09532906860113144,0.9980000257492065,0.9470999836921692
YHL040C,YOL004W,0,-7.218656,0.095319963991642,0.9980000257492065,0.9472000002861023
YLR438C-A,YOR340C,0,-7.2206993,0.09531085938215256,0.9980000257492065,0.9473000168800354
YKR026C,YDL247W,0,-7.2211037,0.09530175477266312,0.9980000257492065,0.9473999738693237
YML075C,YBR060C,0,-7.2228765,0.09529265761375427,0.9980000257492065,0.9474999904632568
YNL002C,YPR108W,0,-7.2252665,0.09528356045484543,0.9980000257492065,0.9476000070571899
YOR209C,YLR197W,0,-7.2253203,0.09527446329593658,0.9980000257492065,0.947700023651123
YDR205W,YGL158W,0,-7.2263045,0.09526536613702774,0.9980000257492065,0.9477999806404114
YNL001W,YOL069W,0,-7.2263618,0.0952562764286995,0.9980000257492065,0.9478999972343445
YPR001W,YOR272W,0,-7.228345,0.09524718672037125,0.9980000257492065,0.9480000138282776
YOL164W,YCL011C,0,-7.2293305,0.095238097012043,0.9980000257492065,0.9480999708175659
YDR121W,YLR052W,0,-7.2293553,0.09522900730371475,0.9980000257492065,0.948199987411499
YOR047C,YML109W,0,-7.2310715,0.0952199250459671,0.9980000257492065,0.9483000040054321
YKL029C,YOR004W,0,-7.2314277,0.09521083533763885,0.9980000257492065,0.9484000205993652
YBR085W,YDL154W,0,-7.2315545,0.0952017530798912,0.9980000257492065,0.9484999775886536
YOR127W,YOL093W,0,-7.232243,0.09519267827272415,0.9980000257492065,0.9485999941825867
YKL185W,YER054C,0,-7.232655,0.0951835960149765,0.9980000257492065,0.9487000107765198
YOR275C,YER082C,0,-7.232838,0.09517452120780945,0.9980000257492065,0.9488000273704529
YBL005W,YPR132W,0,-7.235989,0.0951654464006424,0.9980000257492065,0.9488999843597412
YHR148W,YBR097W,0,-7.2359986,0.09515637159347534,0.9980000257492065,0.9490000009536743
YGR108W,YDR122W,0,-7.2365193,0.09514729678630829,0.9980000257492065,0.9491000175476074
YBR276C,YHR196W,0,-7.2397146,0.09513822942972183,0.9980000257492065,0.9491999745368958
YDR481C,YPL157W,0,-7.2401185,0.09512915462255478,0.9980000257492065,0.9492999911308289
YNL051W,YOR081C,0,-7.2408915,0.09512009471654892,0.9980000257492065,0.949400007724762
YDL178W,YGL099W,0,-7.2411995,0.09511102735996246,0.9980000257492065,0.9495000243186951
YNL245C,YJR137C,0,-7.2413745,0.09510196000337601,0.9980000257492065,0.9495999813079834
YNR056C,YML123C,0,-7.243036,0.09509290009737015,0.9980000257492065,0.9496999979019165
YKL043W,YBR192W,0,-7.2437563,0.09508384019136429,0.9980000257492065,0.9498000144958496
YMR299C,YPR137W,0,-7.2449083,0.09507478028535843,0.9980000257492065,0.9498999714851379
YFL014W,YOR315W,0,-7.2450666,0.09506572782993317,0.9980000257492065,0.949999988079071
YGL254W,YDL060W,0,-7.245247,0.0950566753745079,0.9980000257492065,0.9501000046730042
YJL095W,YBR083W,0,-7.2460217,0.09504761546850204,0.9980000257492065,0.9502000212669373
YNL123W,YCR081W,0,-7.24795,0.09503857046365738,0.9980000257492065,0.9502999782562256
YDR429C,YBL100W-A,0,-7.2490225,0.09502951800823212,0.9980000257492065,0.9503999948501587
YEL036C,YBL035C,0,-7.2492056,0.09502047300338745,0.9980000257492065,0.9505000114440918
YLR411W,YLL011W,0,-7.2511635,0.09501142054796219,0.9980000257492065,0.9506000280380249
YBR167C,YDR398W,0,-7.2548537,0.09500238299369812,0.9980000257492065,0.9506999850273132
YJR121W,YJL060W,0,-7.254866,0.09499333798885345,0.9980000257492065,0.9508000016212463
YLL034C,YNL107W,0,-7.2550697,0.09498429298400879,0.9980000257492065,0.9509000182151794
YNR057C,YLR186W,0,-7.2568107,0.09497525542974472,0.9980000257492065,0.9509999752044678
YHR186C,YNL207W,0,-7.258557,0.09496621787548065,0.9980000257492065,0.9510999917984009
YML057W,YOL124C,0,-7.2595177,0.09495718032121658,0.9980000257492065,0.951200008392334
YNR038W,YOR373W,0,-7.259911,0.09494815021753311,0.9980000257492065,0.9513000249862671
YDR021W,YJL222W,0,-7.260772,0.09493912011384964,0.9980000257492065,0.9513999819755554
YBR034C,YOR224C,0,-7.2625146,0.09493009001016617,0.9980000257492065,0.9514999985694885
YOL063C,YLL008W,0,-7.263744,0.0949210599064827,0.9980000257492065,0.9516000151634216
YBR072W,YOR140W,0,-7.2646275,0.09491202980279922,0.9980000257492065,0.95169997215271
YHR039C,YFL026W,0,-7.2648225,0.09490300714969635,0.9980000257492065,0.9517999887466431
YIL009W,YER145C,0,-7.2654967,0.09489398449659348,0.9980000257492065,0.9519000053405762
YGR188C,YOR307C,0,-7.2656474,0.0948849618434906,0.9980000257492065,0.9520000219345093
YLR207W,YDR165W,0,-7.2662864,0.09487593919038773,0.9980000257492065,0.9520999789237976
YER045C,YLL011W,0,-7.267778,0.09486691653728485,0.9980000257492065,0.9521999955177307
YLL008W,YNL073W,0,-7.2682137,0.09485790133476257,0.9980000257492065,0.9523000121116638
YLR386W,YOR287C,0,-7.2688017,0.0948488861322403,0.9980000257492065,0.9524000287055969
YBR072W,YBR015C,0,-7.268907,0.09483987092971802,0.9980000257492065,0.9524999856948853
YML058W-A,YHR119W,0,-7.2720346,0.09483086317777634,0.9980000257492065,0.9526000022888184
YBR155W,YHR214C-B,0,-7.272549,0.09482185542583466,0.9980000257492065,0.9527000188827515
YDR060W,YLL013C,0,-7.27412,0.09481284767389297,0.9980000257492065,0.9527999758720398
YPR143W,YHL007C,0,-7.278487,0.0948038399219513,0.9980000257492065,0.9528999924659729
YPL128C,YBR105C,0,-7.278605,0.09479483217000961,0.9980000257492065,0.953000009059906
YBR253W,YOL125W,0,-7.281887,0.09478583186864853,0.9980000257492065,0.9531000256538391
YDL174C,YBR247C,0,-7.282944,0.09477683156728745,0.9980000257492065,0.9531999826431274
YDR412W,YPL175W,0,-7.282986,0.09476783126592636,0.9980000257492065,0.9532999992370605
YNR002C,YHR118C,0,-7.285414,0.09475883096456528,0.9980000257492065,0.9534000158309937
YML094W,YPL153C,0,-7.2871137,0.0947498306632042,0.9980000257492065,0.953499972820282
YCL016C,YPR143W,0,-7.2874475,0.0947408378124237,0.9980000257492065,0.9535999894142151
YER014C-A,YOR173W,0,-7.287695,0.09473184496164322,0.9980000257492065,0.9537000060081482
YMR290C,YNR023W,0,-7.28932,0.09472285211086273,0.9980000257492065,0.9538000226020813
YHR068W,YMR015C,0,-7.2902575,0.09471386671066284,0.9980000257492065,0.9538999795913696
YGL243W,YIR026C,0,-7.2921915,0.09470488131046295,0.9980000257492065,0.9539999961853027
YDL039C,YOR127W,0,-7.294888,0.09469588845968246,0.9980000257492065,0.9541000127792358
YBR200W,YMR081C,0,-7.2987666,0.09468691051006317,0.9980000257492065,0.954200029373169
YOL093W,YML076C,0,-7.2994084,0.09467792510986328,0.9980000257492065,0.9542999863624573
YGR109C,YOR233W,0,-7.300077,0.09466893970966339,0.9980000257492065,0.9544000029563904
YLR129W,YCL027W,0,-7.3010035,0.0946599617600441,0.9980000257492065,0.9545000195503235
YOR317W,YPL133C,0,-7.3022017,0.0946509838104248,0.9980000257492065,0.9545999765396118
YKL099C,YMR089C,0,-7.30323,0.09464201331138611,0.9980000257492065,0.9546999931335449
YGR179C,YLL034C,0,-7.3045435,0.09463303536176682,0.9980000257492065,0.954800009727478
YMR179W,YKL014C,0,-7.3087273,0.09462406486272812,0.9980000257492065,0.9549000263214111
YOL013C,YKL014C,0,-7.312766,0.09461509436368942,0.9980000257492065,0.9549999833106995
YGL256W,YNL328C,0,-7.314968,0.09460612386465073,0.9980000257492065,0.9550999999046326
YER062C,YDR479C,0,-7.316858,0.09459715336561203,0.9980000257492065,0.9552000164985657
YBL093C,YEL026W,0,-7.3171034,0.09458819031715393,0.9980000257492065,0.955299973487854
YHR148W,YLR438C-A,0,-7.3171463,0.09457922726869583,0.9980000257492065,0.9553999900817871
YML080W,YLR291C,0,-7.31772,0.09457026422023773,0.9980000257492065,0.9555000066757202
YER027C,YPL211W,0,-7.318505,0.09456130117177963,0.9980000257492065,0.9556000232696533
YCR089W,YPR191W,0,-7.3188543,0.09455234557390213,0.9980000257492065,0.9556999802589417
YHR015W,YDL208W,0,-7.318874,0.09454338997602463,0.9980000257492065,0.9557999968528748
YFL011W,YNL267W,0,-7.3194356,0.09453443437814713,0.9980000257492065,0.9559000134468079
YOL088C,YCR057C,0,-7.3245234,0.09452547878026962,0.9980000257492065,0.9559999704360962
YGR083C,YOR243C,0,-7.324819,0.09451652318239212,0.9980000257492065,0.9560999870300293
YMR015C,YNL302C,0,-7.325888,0.09450757503509521,0.9980000257492065,0.9562000036239624
YLR186W,YAL047C,0,-7.3264956,0.09449862688779831,0.9980000257492065,0.9563000202178955
YOR180C,YKL082C,0,-7.327961,0.0944896787405014,0.9980000257492065,0.9563999772071838
YIR023W,YDR021W,0,-7.3285546,0.0944807380437851,0.9980000257492065,0.9564999938011169
YDR437W,YML007W,0,-7.329993,0.09447178989648819,0.9980000257492065,0.95660001039505
YPL021W,YLR134W,0,-7.3311095,0.09446284919977188,0.9980000257492065,0.9567000269889832
YML113W,YPL133C,0,-7.333866,0.09445390850305557,0.9980000257492065,0.9567999839782715
YGL089C,YDL224C,0,-7.334488,0.09444496780633926,0.9980000257492065,0.9569000005722046
YNR003C,YKL196C,0,-7.3347917,0.09443603456020355,0.9980000257492065,0.9570000171661377
YBR034C,YMR065W,0,-7.334794,0.09442710131406784,0.9980000257492065,0.957099974155426
YJR057W,YOR210W,0,-7.336636,0.09441816806793213,0.9980000257492065,0.9571999907493591
YML112W,YLR276C,0,-7.337275,0.09440923482179642,0.9980000257492065,0.9573000073432922
YMR055C,YNR015W,0,-7.337435,0.0944003015756607,0.9980000257492065,0.9574000239372253
YKL143W,YFR030W,0,-7.342006,0.09439137578010559,0.9980000257492065,0.9574999809265137
YJL209W,YLL034C,0,-7.347952,0.09438244998455048,0.9980000257492065,0.9575999975204468
YOR133W,YGR133W,0,-7.3482404,0.09437352418899536,0.9980000257492065,0.9577000141143799
YMR308C,YER173W,0,-7.350807,0.09436459839344025,0.9980000257492065,0.9577999711036682
YGR191W,YDR205W,0,-7.351059,0.09435568004846573,0.9980000257492065,0.9578999876976013
YCR028C,YOR237W,1,-7.3515525,0.09444129467010498,0.9990000128746033,0.9578999876976013
YMR008C,YDR324C,0,-7.3517404,0.09443236887454987,0.9990000128746033,0.9580000042915344
YHR120W,YGR161C,0,-7.352283,0.09442344307899475,0.9990000128746033,0.9581000208854675
YOR340C,YGL097W,0,-7.352363,0.09441451728343964,0.9990000128746033,0.9581999778747559
YKL143W,YGL075C,0,-7.3525596,0.09440559148788452,0.9990000128746033,0.958299994468689
YPR025C,YGR145W,0,-7.3537097,0.09439667314291,0.9990000128746033,0.9584000110626221
YER110C,YMR060C,0,-7.3557744,0.09438775479793549,0.9990000128746033,0.9585000276565552
YCL054W,YBR231C,0,-7.355852,0.09437883645296097,0.9990000128746033,0.9585999846458435
YGR098C,YNL113W,0,-7.355925,0.09436992555856705,0.9990000128746033,0.9587000012397766
YBR040W,YKL120W,0,-7.3562074,0.09436100721359253,0.9990000128746033,0.9588000178337097
YHR052W,YMR097C,0,-7.359115,0.09435209631919861,0.9990000128746033,0.958899974822998
YDR184C,YDL195W,0,-7.359527,0.09434318542480469,0.9990000128746033,0.9589999914169312
YGR264C,YIR012W,0,-7.36268,0.09433427453041077,0.9990000128746033,0.9591000080108643
YLR158C,YBR091C,0,-7.363092,0.09432537108659744,0.9990000128746033,0.9592000246047974
YGL183C,YGR239C,0,-7.363409,0.09431646764278412,0.9990000128746033,0.9592999815940857
YGR224W,YJR070C,0,-7.3641973,0.0943075641989708,0.9990000128746033,0.9593999981880188
YDL117W,YMR011W,0,-7.364535,0.09429866075515747,0.9990000128746033,0.9595000147819519
YBR066C,YBR143C,0,-7.3660645,0.09428975731134415,0.9990000128746033,0.9595999717712402
YLR276C,YMR117C,0,-7.3665023,0.09428086131811142,0.9990000128746033,0.9596999883651733
YGL094C,YGR280C,0,-7.3665686,0.09427196532487869,0.9990000128746033,0.9598000049591064
YDR314C,YOR294W,0,-7.367868,0.09426306933164597,0.9990000128746033,0.9599000215530396
YHR055C,YDL247W,0,-7.36805,0.09425417333841324,0.9990000128746033,0.9599999785423279
YDL051W,YHR118C,0,-7.368955,0.09424528479576111,0.9990000128746033,0.960099995136261
YGR060W,YOR004W,0,-7.370247,0.09423639625310898,0.9990000128746033,0.9602000117301941
YGL246C,YBR183W,0,-7.37067,0.09422750771045685,0.9990000128746033,0.9603000283241272
YPL237W,YHR196W,0,-7.37069,0.09421861916780472,0.9990000128746033,0.9603999853134155
YBL098W,YHR092C,0,-7.3713336,0.09420973062515259,0.9990000128746033,0.9605000019073486
YHR085W,YGL112C,0,-7.3724093,0.09420084953308105,0.9990000128746033,0.9606000185012817
YCL059C,YDL036C,0,-7.3756213,0.09419196844100952,0.9990000128746033,0.9606999754905701
YOR173W,YNL327W,0,-7.3758883,0.09418308734893799,0.9990000128746033,0.9607999920845032
YAR010C,YMR050C,0,-7.3776927,0.09417420625686646,0.9990000128746033,0.9609000086784363
YML116W,YNL328C,0,-7.3804693,0.09416533261537552,0.9990000128746033,0.9610000252723694
YER173W,YPL157W,0,-7.380768,0.09415645897388458,0.9990000128746033,0.9610999822616577
YGL001C,YJR069C,0,-7.381736,0.09414758533239365,0.9990000128746033,0.9611999988555908
YKL143W,YER029C,0,-7.3821597,0.09413871169090271,0.9990000128746033,0.9613000154495239
YNR060W,YMR260C,0,-7.3826632,0.09412983804941177,0.9990000128746033,0.9613999724388123
YDL024C,YKL014C,0,-7.3847136,0.09412097185850143,0.9990000128746033,0.9614999890327454
YPL021W,YHR165C,0,-7.385567,0.0941121056675911,0.9990000128746033,0.9616000056266785
YDR076W,YDR312W,0,-7.3865476,0.09410323947668076,0.9990000128746033,0.9617000222206116
YML080W,YDR293C,0,-7.387068,0.09409437328577042,0.9990000128746033,0.9617999792098999
YPL256C,YGR145W,0,-7.388963,0.09408551454544067,0.9990000128746033,0.961899995803833
YLR068W,YBL014C,0,-7.3894444,0.09407665580511093,0.9990000128746033,0.9620000123977661
YFL014W,YNL210W,0,-7.3898287,0.09406779706478119,0.9990000128746033,0.9621000289916992
YNL210W,YGL208W,0,-7.389972,0.09405893832445145,0.9990000128746033,0.9621999859809875
YDR122W,YPL146C,0,-7.390701,0.0940500870347023,0.9990000128746033,0.9623000025749207
YAR015W,YKL143W,0,-7.3931155,0.09404122829437256,0.9990000128746033,0.9624000191688538
YPL174C,YBR143C,0,-7.3934407,0.09403237700462341,0.9990000128746033,0.9624999761581421
YLL008W,YGL093W,0,-7.3952093,0.09402352571487427,0.9990000128746033,0.9625999927520752
YOR237W,YML052W,1,-7.3958297,0.09410879015922546,1.0,0.9625999927520752
YBR275C,YOL124C,0,-7.396233,0.09409993141889572,1.0,0.9627000093460083
YKL032C,YKR081C,0,-7.397754,0.09409108012914658,1.0,0.9628000259399414
YOL076W,YGL014W,0,-7.3994036,0.09408222883939743,1.0,0.9628999829292297
YKL170W,YHR079C-A,0,-7.401157,0.09407337754964828,1.0,0.9629999995231628
YMR011W,YJL148W,0,-7.404257,0.09406452625989914,1.0,0.963100016117096
YGL241W,YJL208C,0,-7.4047017,0.09405568242073059,1.0,0.9631999731063843
YGR267C,YPL058C,0,-7.404763,0.09404683858156204,1.0,0.9632999897003174
YDR479C,YDR465C,0,-7.4058805,0.0940379947423935,1.0,0.9634000062942505
YGR003W,YER110C,0,-7.407771,0.09402915090322495,1.0,0.9635000228881836
YKL026C,YPL093W,0,-7.4091024,0.0940203070640564,1.0,0.9635999798774719
YMR049C,YPL242C,0,-7.409509,0.09401147067546844,1.0,0.963699996471405
YDR283C,YNR003C,0,-7.4107847,0.0940026342868805,1.0,0.9638000130653381
YGL153W,YPL175W,0,-7.413285,0.09399379789829254,1.0,0.9639000296592712
YCR091W,YJL098W,0,-7.413795,0.09398496150970459,1.0,0.9639999866485596
YKR008W,YLL012W,0,-7.41719,0.09397613257169724,1.0,0.9641000032424927
YNL101W,YDR324C,0,-7.417322,0.09396729618310928,1.0,0.9642000198364258
YER068W,YOR001W,0,-7.4178424,0.09395846724510193,1.0,0.9642999768257141
YGL001C,YJR112W,0,-7.419957,0.09394964575767517,1.0,0.9643999934196472
YJR055W,YDR412W,0,-7.42071,0.09394081681966782,1.0,0.9645000100135803
YNL041C,YPR143W,0,-7.4254775,0.09393199533224106,1.0,0.9646000266075134
YGL075C,YER049W,0,-7.425481,0.0939231738448143,1.0,0.9646999835968018
YDR076W,YNL186W,0,-7.4275227,0.09391435235738754,1.0,0.9648000001907349
YGL043W,YKL143W,0,-7.4283276,0.09390553086996078,1.0,0.964900016784668
YHR142W,YHR096C,0,-7.4290757,0.09389671683311462,1.0,0.9649999737739563
YML107C,YLL041C,0,-7.4326596,0.09388789534568787,1.0,0.9650999903678894
YBL009W,YBR183W,0,-7.4351554,0.0938790813088417,1.0,0.9652000069618225
YPR046W,YIL052C,0,-7.438829,0.09387027472257614,1.0,0.9653000235557556
YGR289C,YOR145C,0,-7.4434166,0.09386146068572998,1.0,0.965399980545044
YML081C-A,YOR003W,0,-7.444567,0.09385265409946442,1.0,0.965499997138977
YNR043W,YNL151C,0,-7.4451838,0.09384384751319885,1.0,0.9656000137329102
YGR246C,YPR137W,0,-7.447417,0.09383504092693329,1.0,0.9656999707221985
YKL005C,YLR222C,0,-7.4475617,0.09382623434066772,1.0,0.9657999873161316
YGR159C,YLR165C,0,-7.448169,0.09381742775440216,1.0,0.9659000039100647
YGR108W,YLL003W,0,-7.4507837,0.0938086286187172,1.0,0.9660000205039978
YBR172C,YGL162W,0,-7.4519153,0.09379982948303223,1.0,0.9660999774932861
YDL148C,YKR055W,0,-7.454311,0.09379103034734726,1.0,0.9661999940872192
YNL279W,YCR031C,0,-7.4547496,0.09378223866224289,1.0,0.9663000106811523
YHR169W,YDL013W,0,-7.455774,0.09377344697713852,1.0,0.9664000272750854
YNR053C,YGL126W,0,-7.456031,0.09376464784145355,1.0,0.9664999842643738
YOL164W,YOR254C,0,-7.459105,0.09375585615634918,1.0,0.9666000008583069
YDL024C,YLR129W,0,-7.459283,0.09374707192182541,1.0,0.96670001745224
YKR026C,YGR085C,0,-7.460809,0.09373828023672104,1.0,0.9667999744415283
YJR052W,YML027W,0,-7.4654546,0.09372949600219727,1.0,0.9668999910354614
YOR001W,YDR312W,0,-7.4704423,0.09372071176767349,1.0,0.9670000076293945
YMR059W,YGR195W,0,-7.4707904,0.09371192753314972,1.0,0.9671000242233276
YER110C,YFL034C-B,0,-7.4723053,0.09370315074920654,1.0,0.967199981212616
YCL059C,YPL020C,0,-7.4723754,0.09369436651468277,1.0,0.9672999978065491
YNL318C,YOR272W,0,-7.4726243,0.0936855897307396,1.0,0.9674000144004822
YNL041C,YAL025C,0,-7.4762816,0.09367681294679642,1.0,0.9674999713897705
YML094W,YNL072W,0,-7.478059,0.09366804361343384,1.0,0.9675999879837036
YNR060W,YDR412W,0,-7.479248,0.09365926682949066,1.0,0.9677000045776367
YLR397C,YDL017W,0,-7.480108,0.09365049749612808,1.0,0.9678000211715698
YDR176W,YPL012W,0,-7.4844785,0.0936417281627655,1.0,0.9678999781608582
YML099C,YDL031W,0,-7.4850836,0.09363295882940292,1.0,0.9679999947547913
YKR024C,YOL034W,0,-7.485125,0.09362418949604034,1.0,0.9681000113487244
YBR233W-A,YLR223C,0,-7.485269,0.09361542761325836,1.0,0.9682000279426575
YMR290C,YMR026C,0,-7.485373,0.09360666573047638,1.0,0.9682999849319458
YPL095C,YDL093W,0,-7.4854074,0.0935979038476944,1.0,0.9684000015258789
YML058W-A,YKL085W,0,-7.4855804,0.09358914196491241,1.0,0.968500018119812
YNL110C,YMR156C,0,-7.48572,0.09358038753271103,1.0,0.9685999751091003
YGL124C,YLR197W,0,-7.4860883,0.09357162564992905,1.0,0.9686999917030334
YFL050C,YHR197W,0,-7.4892173,0.09356287121772766,1.0,0.9688000082969666
YJL208C,YOR265W,0,-7.490407,0.09355412423610687,1.0,0.9689000248908997
YHR123W,YLR014C,0,-7.49053,0.09354536980390549,1.0,0.968999981880188
YOL164W,YFR053C,0,-7.492229,0.0935366228222847,1.0,0.9690999984741211
YGR036C,YNL112W,0,-7.4945765,0.09352786839008331,1.0,0.9692000150680542
YKL143W,YMR263W,0,-7.4948096,0.09351912140846252,1.0,0.9692999720573425
YDR460W,YIR026C,0,-7.4959407,0.09351038187742233,1.0,0.9693999886512756
YBR041W,YHR124W,0,-7.4959702,0.09350163489580154,1.0,0.9695000052452087
YHR157W,YGR085C,0,-7.497499,0.09349289536476135,1.0,0.9696000218391418
YMR229C,YDL153C,0,-7.503674,0.09348415583372116,1.0,0.9696999788284302
YOR056C,YDR288W,0,-7.504561,0.09347541630268097,1.0,0.9697999954223633
YNL169C,YGL169W,0,-7.5061774,0.09346667677164078,1.0,0.9699000120162964
YDR414C,YIR026C,0,-7.5102973,0.09345794469118118,1.0,0.9700000286102295
YDL039C,YDL058W,0,-7.5106645,0.09344921261072159,1.0,0.9700999855995178
YNL279W,YPR102C,0,-7.5108933,0.093440480530262,1.0,0.9702000021934509
YHR169W,YJL039C,0,-7.5187497,0.0934317484498024,1.0,0.970300018787384
YNL302C,YPL210C,0,-7.519799,0.0934230163693428,1.0,0.9703999757766724
YML075C,YER044C-A,0,-7.5201087,0.0934142917394638,1.0,0.9704999923706055
YML043C,YGR161C,0,-7.52113,0.09340556710958481,1.0,0.9706000089645386
YJL134W,YPL211W,0,-7.5214143,0.09339684247970581,1.0,0.9707000255584717
YDL031W,YBR142W,0,-7.524906,0.09338811784982681,1.0,0.97079998254776
YGR159C,YPR162C,0,-7.5276012,0.09337940067052841,1.0,0.9708999991416931
YKL191W,YNL128W,0,-7.528395,0.09337068349123001,1.0,0.9710000157356262
YNL232W,YGL111W,0,-7.5297146,0.09336196631193161,1.0,0.9710999727249146
YFR046C,YLR222C,0,-7.5300326,0.09335324913263321,1.0,0.9711999893188477
YIL009W,YER127W,0,-7.5303664,0.09334453195333481,1.0,0.9713000059127808
YGR145W,YEL004W,0,-7.5304246,0.093335822224617,1.0,0.9714000225067139
YJR119C,YDL148C,0,-7.5311623,0.0933271124958992,1.0,0.9714999794960022
YPL267W,YOR348C,0,-7.5314693,0.0933184027671814,1.0,0.9715999960899353
YLR233C,YDL148C,0,-7.534223,0.09330969303846359,1.0,0.9717000126838684
YBR160W,YDR297W,0,-7.5354834,0.09330099076032639,1.0,0.9718000292778015
YHR013C,YPR185W,0,-7.541536,0.09329228103160858,1.0,0.9718999862670898
YMR015C,YGR038W,0,-7.541956,0.09328357875347137,1.0,0.972000002861023
YER179W,YHR083W,0,-7.5430856,0.09327488392591476,1.0,0.972100019454956
YPR046W,YBR172C,0,-7.5465436,0.09326618164777756,1.0,0.9721999764442444
YPR112C,YDR082W,0,-7.546692,0.09325748682022095,1.0,0.9722999930381775
YMR055C,YBR084W,0,-7.546851,0.09324878454208374,1.0,0.9724000096321106
YFR027W,YAL025C,0,-7.547647,0.09324008971452713,1.0,0.9725000262260437
YGL209W,YJR132W,0,-7.548348,0.09323140233755112,1.0,0.972599983215332
YDL198C,YDR165W,0,-7.5539484,0.0932227075099945,1.0,0.9726999998092651
YJL122W,YBL014C,0,-7.556288,0.0932140201330185,1.0,0.9728000164031982
YBR072W,YHR026W,0,-7.5588927,0.09320533275604248,1.0,0.9728999733924866
YBR213W,YOR004W,0,-7.561188,0.09319664537906647,1.0,0.9729999899864197
YER149C,YDR465C,0,-7.5636744,0.09318795800209045,1.0,0.9731000065803528
YGR224W,YLR435W,0,-7.5645275,0.09317927807569504,1.0,0.9732000231742859
YDR046C,YJR035W,0,-7.5653744,0.09317059814929962,1.0,0.9732999801635742
YOL009C,YOR004W,0,-7.566294,0.0931619182229042,1.0,0.9733999967575073
YJL209W,YCR072C,0,-7.573851,0.09315323829650879,1.0,0.9735000133514404
YHR158C,YNL113W,0,-7.574462,0.09314455837011337,1.0,0.9735999703407288
YBR142W,YGR056W,0,-7.5750422,0.09313588589429855,1.0,0.9736999869346619
YLR401C,YHR176W,0,-7.575628,0.09312721341848373,1.0,0.973800003528595
YDL198C,YOR056C,0,-7.5774045,0.09311854094266891,1.0,0.9739000201225281
YKR025W,YDR469W,0,-7.5800204,0.0931098684668541,1.0,0.9739999771118164
YOR236W,YDR365C,0,-7.5817676,0.09310120344161987,1.0,0.9740999937057495
YPL131W,YML014W,0,-7.5820355,0.09309253096580505,1.0,0.9742000102996826
YDR184C,YLR145W,0,-7.585133,0.09308386594057083,1.0,0.9743000268936157
YBR072W,YNL047C,0,-7.5851994,0.0930752083659172,1.0,0.974399983882904
YHR200W,YMR093W,0,-7.58547,0.09306654334068298,1.0,0.9745000004768372
YBR085W,YGR280C,0,-7.5865035,0.09305787831544876,1.0,0.9746000170707703
YGR264C,YOR328W,0,-7.5935607,0.09304922074079514,1.0,0.9746999740600586
YHR124W,YJL198W,0,-7.5949254,0.09304056316614151,1.0,0.9747999906539917
YDL236W,YHR066W,0,-7.5958605,0.09303191304206848,1.0,0.9749000072479248
YKL179C,YNL207W,0,-7.5978084,0.09302325546741486,1.0,0.9750000238418579
YHR013C,YDR122W,0,-7.5996623,0.09301460534334183,1.0,0.9750999808311462
YPR120C,YER002W,0,-7.6029253,0.0930059552192688,1.0,0.9751999974250793
YOR188W,YOR348C,0,-7.6031504,0.09299730509519577,1.0,0.9753000140190125
YLR166C,YNR046W,0,-7.6066976,0.09298865497112274,1.0,0.9753999710083008
YLL008W,YOR014W,0,-7.6094184,0.09298001229763031,1.0,0.9754999876022339
YLR401C,YDL080C,0,-7.610258,0.09297136217355728,1.0,0.975600004196167
YKL029C,YIL016W,0,-7.6130157,0.09296271950006485,1.0,0.9757000207901001
YGR083C,YLR055C,0,-7.614492,0.09295408427715302,1.0,0.9757999777793884
YKL068W,YNL299W,0,-7.615282,0.09294544160366058,1.0,0.9758999943733215
YKL021C,YPL093W,0,-7.61654,0.09293680638074875,1.0,0.9760000109672546
YBL069W,YHR169W,0,-7.618304,0.09292816370725632,1.0,0.9761000275611877
YIL085C,YLL034C,0,-7.6184735,0.09291952848434448,1.0,0.9761999845504761
YNL192W,YLR221C,0,-7.6266036,0.09291090071201324,1.0,0.9763000011444092
YPL101W,YMR218C,0,-7.632839,0.09290226548910141,1.0,0.9764000177383423
YBL009W,YLR150W,0,-7.633531,0.09289363771677017,1.0,0.9764999747276306
YLR276C,YGL205W,0,-7.6338887,0.09288500994443893,1.0,0.9765999913215637
YJL099W,YMR290C,0,-7.6349516,0.0928763821721077,1.0,0.9767000079154968
YDL014W,YKL154W,0,-7.6360188,0.09286775439977646,1.0,0.9768000245094299
YPL126W,YBR153W,0,-7.6366925,0.09285913407802582,1.0,0.9768999814987183
YMR049C,YCR072C,0,-7.637411,0.09285051375627518,1.0,0.9769999980926514
YOR173W,YGR145W,0,-7.644887,0.09284189343452454,1.0,0.9771000146865845
YER126C,YML109W,0,-7.645642,0.0928332731127739,1.0,0.9771999716758728
YIL016W,YOL093W,0,-7.6475463,0.09282465279102325,1.0,0.9772999882698059
YLR074C,YGL251C,0,-7.6513915,0.09281603991985321,1.0,0.977400004863739
YCR020W-B,YJL148W,0,-7.6519885,0.09280742704868317,1.0,0.9775000214576721
YJR070C,YBR091C,0,-7.6532044,0.09279881417751312,1.0,0.9775999784469604
YDL213C,YDR429C,0,-7.667041,0.09279020130634308,1.0,0.9776999950408936
YLR074C,YNL128W,0,-7.669729,0.09278158843517303,1.0,0.9778000116348267
YGR133W,YGR128C,0,-7.6721,0.09277298301458359,1.0,0.9779000282287598
YJR002W,YKL196C,0,-7.67244,0.09276437759399414,1.0,0.9779999852180481
YFR014C,YNL110C,0,-7.673578,0.0927557721734047,1.0,0.9781000018119812
YJL092W,YLR340W,0,-7.674185,0.09274717420339584,1.0,0.9782000184059143
YLR074C,YLR022C,0,-7.6796436,0.0927385687828064,1.0,0.9782999753952026
YLL018C-A,YOR037W,0,-7.68305,0.09272997081279755,1.0,0.9783999919891357
YDR060W,YHR062C,0,-7.683924,0.0927213728427887,1.0,0.9785000085830688
YMR049C,YDR393W,0,-7.6881003,0.09271277487277985,1.0,0.978600025177002
YOR334W,YMR165C,0,-7.6915574,0.09270418435335159,1.0,0.9786999821662903
YPL001W,YDR165W,0,-7.6917133,0.09269558638334274,1.0,0.9787999987602234
YNL112W,YOR103C,0,-7.6923137,0.09268699586391449,1.0,0.9789000153541565
YJL122W,YDR284C,0,-7.6933193,0.09267840534448624,1.0,0.9789999723434448
YDL198C,YHR094C,0,-7.695733,0.09266981482505798,1.0,0.9790999889373779
YIR033W,YJL148W,0,-7.6965327,0.09266123175621033,1.0,0.979200005531311
YER168C,YDR365C,0,-7.696955,0.09265264868736267,1.0,0.9793000221252441
YLR223C,YOR340C,0,-7.698682,0.09264405816793442,1.0,0.9793999791145325
YJL198W,YDR389W,0,-7.6993403,0.09263548254966736,1.0,0.9794999957084656
YDR184C,YLR448W,0,-7.7068667,0.0926268994808197,1.0,0.9796000123023987
YGL183C,YMR309C,0,-7.707952,0.09261831641197205,1.0,0.9797000288963318
YJL214W,YEL032W,0,-7.7145114,0.09260974079370499,1.0,0.9797999858856201
YLR276C,YIR017C,0,-7.7173877,0.09260116517543793,1.0,0.9799000024795532
YNL164C,YPL058C,0,-7.7182956,0.09259258955717087,1.0,0.9800000190734863
YDR184C,YDR280W,0,-7.7209897,0.0925840213894844,1.0,0.9800999760627747
YLR223C,YJL073W,0,-7.7221675,0.09257544577121735,1.0,0.9801999926567078
YKL193C,YDL060W,0,-7.7227287,0.09256687760353088,1.0,0.9803000092506409
YBR258C,YFL026W,0,-7.7257967,0.09255830943584442,1.0,0.980400025844574
YDR184C,YFR048W,0,-7.7288175,0.09254974871873856,1.0,0.9804999828338623
YOR206W,YDL159W,0,-7.7294755,0.0925411805510521,1.0,0.9805999994277954
YMR246W,YDL201W,0,-7.734244,0.09253261983394623,1.0,0.9807000160217285
YKL099C,YDR341C,0,-7.7349105,0.09252405911684036,1.0,0.9807999730110168
YHL020C,YOR224C,0,-7.7446055,0.0925154983997345,1.0,0.98089998960495
YHR075C,YOR340C,0,-7.744702,0.09250693768262863,1.0,0.9810000061988831
YCR010C,YOR317W,0,-7.7501416,0.09249838441610336,1.0,0.9811000227928162
YLR377C,YGL099W,0,-7.7578573,0.0924898236989975,1.0,0.9811999797821045
YPL156C,YCR072C,0,-7.7591805,0.09248127043247223,1.0,0.9812999963760376
YAL025C,YHR015W,0,-7.7617836,0.09247271716594696,1.0,0.9814000129699707
YDL148C,YOR179C,0,-7.762544,0.09246417135000229,1.0,0.9815000295639038
YGL171W,YCR081W,0,-7.763773,0.09245561808347702,1.0,0.9815999865531921
YLR129W,YOR340C,0,-7.7660613,0.09244707226753235,1.0,0.9817000031471252
YNL201C,YJL098W,0,-7.77148,0.09243852645158768,1.0,0.9818000197410583
YHR096C,YGL162W,0,-7.772331,0.092429980635643,1.0,0.9818999767303467
YLR401C,YFL011W,0,-7.772335,0.09242144227027893,1.0,0.9819999933242798
YJL191W,YMR059W,0,-7.7743783,0.09241290390491486,1.0,0.9821000099182129
YOR210W,YFL026W,0,-7.7796044,0.09240435808897018,1.0,0.982200026512146
YFL048C,YHR196W,0,-7.7815013,0.0923958271741867,1.0,0.9822999835014343
YPL086C,YKL122C,0,-7.7819524,0.09238728880882263,1.0,0.9824000000953674
YLR129W,YGL063W,0,-7.78383,0.09237875044345856,1.0,0.9825000166893005
YIL103W,YBL034C,0,-7.784921,0.09237021952867508,1.0,0.9825999736785889
YBR247C,YMR308C,0,-7.793053,0.0923616886138916,1.0,0.982699990272522
YKL040C,YOR272W,0,-7.7940564,0.09235315769910812,1.0,0.9828000068664551
YDL024C,YOR348C,0,-7.7991705,0.09234462678432465,1.0,0.9829000234603882
YAL034W-A,YDL153C,0,-7.79978,0.09233610332012177,1.0,0.9829999804496765
YIL103W,YBR275C,0,-7.8018727,0.09232757985591888,1.0,0.9830999970436096
YHR096C,YIL121W,0,-7.8019495,0.092319056391716,1.0,0.9832000136375427
YHR088W,YPR009W,0,-7.802925,0.09231053292751312,1.0,0.983299970626831
YHR094C,YIL147C,0,-7.8030434,0.09230200946331024,1.0,0.9833999872207642
YBR091C,YOR348C,0,-7.8047323,0.09229349344968796,1.0,0.9835000038146973
YOR003W,YIR026C,0,-7.8050427,0.09228497743606567,1.0,0.9836000204086304
YHR169W,YGL135W,0,-7.8055654,0.09227646142244339,1.0,0.9836999773979187
YDL117W,YMR142C,0,-7.8056946,0.0922679454088211,1.0,0.9837999939918518
YNL172W,YBR084W,0,-7.808898,0.09225943684577942,1.0,0.9839000105857849
YGL021W,YGR264C,0,-7.809135,0.09225092083215714,1.0,0.984000027179718
YLR158C,YNL279W,0,-7.8095574,0.09224241226911545,1.0,0.9840999841690063
YMR049C,YFL013C,0,-7.811646,0.09223390370607376,1.0,0.9842000007629395
YKL049C,YHR169W,0,-7.8118324,0.09222540259361267,1.0,0.9843000173568726
YMR143W,YCR035C,0,-7.8135285,0.09221689403057098,1.0,0.9843999743461609
YKR024C,YOR127W,0,-7.813973,0.0922083929181099,1.0,0.984499990940094
YLR223C,YDL148C,0,-7.814652,0.0921998918056488,1.0,0.9846000075340271
YIL019W,YMR125W,0,-7.8201227,0.09219139069318771,1.0,0.9847000241279602
YGR280C,YNL304W,0,-7.8209095,0.09218288958072662,1.0,0.9847999811172485
YER056C,YKL178C,0,-7.8225007,0.09217439591884613,1.0,0.9848999977111816
YOL104C,YHR196W,0,-7.8228536,0.09216590225696564,1.0,0.9850000143051147
YER013W,YMR093W,0,-7.8275986,0.09215740114450455,1.0,0.9850999712944031
YBL093C,YMR229C,0,-7.8384433,0.09214891493320465,1.0,0.9851999878883362
YNL210W,YDR300C,0,-7.8434486,0.09214042127132416,1.0,0.9853000044822693
YMR011W,YBL025W,0,-7.845854,0.09213193506002426,1.0,0.9854000210762024
YHR204W,YOR348C,0,-7.8582826,0.09212344884872437,1.0,0.9854999780654907
YNL329C,YOR001W,0,-7.8641415,0.09211496263742447,1.0,0.9855999946594238
YDL105W,YOR294W,0,-7.8646955,0.09210647642612457,1.0,0.9857000112533569
YJR001W,YNL182C,0,-7.879148,0.09209799021482468,1.0,0.98580002784729
YLR276C,YNL279W,0,-7.8895006,0.09208951145410538,1.0,0.9858999848365784
YLL008W,YKR048C,0,-7.900576,0.09208103269338608,1.0,0.9860000014305115
YKR025W,YDR126W,0,-7.9101367,0.09207255393266678,1.0,0.9861000180244446
YHR123W,YMR229C,0,-7.9104676,0.09206407517194748,1.0,0.9861999750137329
YDR165W,YNL246W,0,-7.9138913,0.09205560386180878,1.0,0.986299991607666
YLR186W,YAL034W-A,0,-7.9246383,0.09204712510108948,1.0,0.9864000082015991
YLR186W,YDR198C,0,-7.932016,0.09203865379095078,1.0,0.9865000247955322
YNR038W,YBL018C,0,-7.9352565,0.09203018248081207,1.0,0.9865999817848206
YPL217C,YGR245C,0,-7.9388537,0.09202171862125397,1.0,0.9866999983787537
YPL116W,YPR144C,0,-7.9399953,0.09201324731111526,1.0,0.9868000149726868
YDR130C,YOR340C,0,-7.943702,0.09200478345155716,1.0,0.9868999719619751
YIL103W,YDL081C,0,-7.955007,0.09199631959199905,1.0,0.9869999885559082
YDR384C,YOL093W,0,-7.9562736,0.09198785573244095,1.0,0.9871000051498413
YGR123C,YPR010C,0,-7.9613223,0.09197939932346344,1.0,0.9872000217437744
YBR155W,YPL116W,0,-7.9617066,0.09197093546390533,1.0,0.9872999787330627
YPL267W,YPR137W,0,-7.974338,0.09196247905492783,1.0,0.9873999953269958
YGL078C,YCL054W,0,-7.975784,0.09195402264595032,1.0,0.987500011920929
YDR060W,YIL121W,0,-7.980885,0.09194556623697281,1.0,0.9876000285148621
YNL112W,YFL045C,0,-7.9826217,0.0919371172785759,1.0,0.9876999855041504
YJL091C,YKL099C,0,-7.9838367,0.09192866086959839,1.0,0.9878000020980835
YPR144C,YDR312W,0,-7.985687,0.09192021191120148,1.0,0.9879000186920166
YML080W,YGL243W,0,-7.9959874,0.09191176295280457,1.0,0.9879999756813049
YIL021W,YDR449C,0,-8.001989,0.09190331399440765,1.0,0.988099992275238
YJR089W,YNL110C,0,-8.002558,0.09189487248659134,1.0,0.9882000088691711
YGR200C,YLR442C,0,-8.011968,0.09188643097877502,1.0,0.9883000254631042
YGR188C,YOR294W,0,-8.012201,0.09187798947095871,1.0,0.9883999824523926
YLL012W,YBL055C,0,-8.016148,0.0918695479631424,1.0,0.9884999990463257
YDL003W,YNL110C,0,-8.016914,0.09186110645532608,1.0,0.9886000156402588
YER073W,YDR156W,0,-8.017471,0.09185266494750977,1.0,0.9886999726295471
YGL078C,YGR078C,0,-8.029034,0.09184423089027405,1.0,0.9887999892234802
YMR290C,YIR026C,0,-8.036703,0.09183579683303833,1.0,0.9889000058174133
YPL093W,YJR110W,0,-8.037153,0.09182736277580261,1.0,0.9890000224113464
YJR076C,YOR004W,0,-8.039989,0.09181893616914749,1.0,0.9890999794006348
YER126C,YNL201C,0,-8.040464,0.09181050211191177,1.0,0.9891999959945679
YFR028C,YHR062C,0,-8.042659,0.09180207550525665,1.0,0.989300012588501
YPL086C,YCL026C-A,0,-8.0453415,0.09179364889860153,1.0,0.9894000291824341
YBR247C,YER040W,0,-8.066244,0.09178522229194641,1.0,0.9894999861717224
YGR036C,YER062C,0,-8.072073,0.09177679568529129,1.0,0.9896000027656555
YBR247C,YDR113C,0,-8.0769005,0.09176837652921677,1.0,0.9897000193595886
YLL034C,YDL081C,0,-8.082405,0.09175995737314224,1.0,0.989799976348877
YMR290C,YBR167C,0,-8.088785,0.09175153821706772,1.0,0.9898999929428101
YLR231C,YJR132W,0,-8.092793,0.0917431190609932,1.0,0.9900000095367432
YOR033C,YBR142W,0,-8.093454,0.09173469990491867,1.0,0.9901000261306763
YLR442C,YOR004W,0,-8.101249,0.09172628819942474,1.0,0.9901999831199646
YOL115W,YLR003C,0,-8.105114,0.09171787649393082,1.0,0.9902999997138977
YPL126W,YDL060W,0,-8.12174,0.09170946478843689,1.0,0.9904000163078308
YLR401C,YNL201C,0,-8.1221485,0.09170105308294296,1.0,0.9904999732971191
YER127W,YOR056C,0,-8.123699,0.09169264882802963,1.0,0.9905999898910522
YBR247C,YPR198W,0,-8.128025,0.0916842371225357,1.0,0.9907000064849854
YNL102W,YNL207W,0,-8.137709,0.09167583286762238,1.0,0.9908000230789185
YNL113W,YNR015W,0,-8.140853,0.09166742861270905,1.0,0.9908999800682068
YNL062C,YDR198C,0,-8.140918,0.09165903180837631,1.0,0.9909999966621399
YGR145W,YNL273W,0,-8.14695,0.09165062755346298,1.0,0.991100013256073
YHR005C,YLR435W,0,-8.151043,0.09164223074913025,1.0,0.9911999702453613
YEL003W,YHR094C,0,-8.157166,0.09163383394479752,1.0,0.9912999868392944
YJL122W,YOR275C,0,-8.162799,0.09162543714046478,1.0,0.9914000034332275
YNL002C,YBL093C,0,-8.167904,0.09161704033613205,1.0,0.9915000200271606
YLR397C,YPL235W,0,-8.1704235,0.09160865098237991,1.0,0.991599977016449
YDR106W,YLR129W,0,-8.170571,0.09160025417804718,1.0,0.9916999936103821
YGR145W,YBR084W,0,-8.205942,0.09159186482429504,1.0,0.9918000102043152
YEL037C,YJL148W,0,-8.21195,0.09158347547054291,1.0,0.9919000267982483
YGL171W,YHR062C,0,-8.216011,0.09157509356737137,1.0,0.9919999837875366
YNL298W,YGR245C,0,-8.219806,0.09156670421361923,1.0,0.9921000003814697
YBR200W,YLR197W,0,-8.221506,0.09155832231044769,1.0,0.9922000169754028
YLL011W,YGL210W,0,-8.226912,0.09154994040727615,1.0,0.9922999739646912
YOR056C,YOR179C,0,-8.241357,0.09154155850410461,1.0,0.9923999905586243
YLR103C,YCL059C,0,-8.245647,0.09153318405151367,1.0,0.9925000071525574
YIL019W,YBR143C,0,-8.25296,0.09152480214834213,1.0,0.9926000237464905
YBL035C,YHR069C,0,-8.262325,0.09151642769575119,1.0,0.9926999807357788
YBR073W,YGR245C,0,-8.26655,0.09150805324316025,1.0,0.9927999973297119
YMR138W,YKL143W,0,-8.266739,0.0914996787905693,1.0,0.992900013923645
YPL211W,YGR170W,0,-8.2841,0.09149131178855896,1.0,0.9929999709129333
YIL019W,YJL098W,0,-8.293156,0.09148293733596802,1.0,0.9930999875068665
YPL161C,YKR081C,0,-8.302664,0.09147457033395767,1.0,0.9932000041007996
YNL153C,YDR449C,0,-8.312483,0.09146620333194733,1.0,0.9933000206947327
YPL125W,YPL126W,0,-8.312775,0.09145783632993698,1.0,0.993399977684021
YDR300C,YDR165W,0,-8.314592,0.09144947677850723,1.0,0.9934999942779541
YGR188C,YPR110C,0,-8.331141,0.09144110977649689,1.0,0.9936000108718872
YBR142W,YDL148C,0,-8.336523,0.09143275022506714,1.0,0.9937000274658203
YDL153C,YLR424W,0,-8.346685,0.09142439067363739,1.0,0.9937999844551086
YCL054W,YMR227C,0,-8.347727,0.09141603112220764,1.0,0.9939000010490417
YLR320W,YNR053C,0,-8.349409,0.09140767902135849,1.0,0.9940000176429749
YIL040W,YDR527W,0,-8.351238,0.09139932692050934,1.0,0.9940999746322632
YOR046C,YLL034C,0,-8.35516,0.09139096736907959,1.0,0.9941999912261963
YOR310C,YDL030W,0,-8.355164,0.09138262271881104,1.0,0.9943000078201294
YJL122W,YPR133C,0,-8.362648,0.09137427061796188,1.0,0.9944000244140625
YNR008W,YGR245C,0,-8.391189,0.09136591851711273,1.0,0.9944999814033508
YPL093W,YOL045W,0,-8.392998,0.09135757386684418,1.0,0.9945999979972839
YHL020C,YHR197W,0,-8.409351,0.09134922921657562,1.0,0.994700014591217
YGL246C,YMR243C,0,-8.416709,0.09134088456630707,1.0,0.9947999715805054
YGL063W,YCR057C,0,-8.423771,0.09133253991603851,1.0,0.9948999881744385
YOR348C,YHL007C,0,-8.431676,0.09132420271635056,1.0,0.9950000047683716
YNL061W,YKL125W,0,-8.441879,0.091315858066082,1.0,0.9951000213623047
YKL009W,YEL026W,0,-8.442387,0.09130752086639404,1.0,0.995199978351593
YDR245W,YGR123C,0,-8.444923,0.09129919111728668,1.0,0.9952999949455261
YFL023W,YMR229C,0,-8.465052,0.09129085391759872,1.0,0.9954000115394592
YOR004W,YHR196W,0,-8.470496,0.09128251671791077,1.0,0.9955000281333923
YGR085C,YDL153C,0,-8.4723835,0.0912741869688034,1.0,0.9955999851226807
YKL143W,YPL093W,0,-8.482067,0.09126585721969604,1.0,0.9957000017166138
YGR280C,YGL243W,0,-8.4965515,0.09125752747058868,1.0,0.9958000183105469
YDR176W,YDL060W,0,-8.502262,0.09124920517206192,1.0,0.9958999752998352
YMR290C,YPL209C,0,-8.51693,0.09124087542295456,1.0,0.9959999918937683
YJR132W,YNL061W,0,-8.51824,0.0912325531244278,1.0,0.9961000084877014
YBR142W,YMR127C,0,-8.549682,0.09122423082590103,1.0,0.9962000250816345
YBR066C,YDR527W,0,-8.553259,0.09121590852737427,1.0,0.9962999820709229
YOR241W,YDR449C,0,-8.609467,0.0912075862288475,1.0,0.996399998664856
YJR070C,YCR035C,0,-8.656254,0.09119927138090134,1.0,0.9965000152587891
YFL023W,YOR206W,0,-8.668905,0.09119095653295517,1.0,0.9965999722480774
YNR053C,YMR234W,0,-8.672135,0.091182641685009,1.0,0.9966999888420105
YOL164W,YBR247C,0,-8.715147,0.09117432683706284,1.0,0.9968000054359436
YLL008W,YLR268W,0,-8.727522,0.09116601198911667,1.0,0.9969000220298767
YBR143C,YKL099C,0,-8.77717,0.0911577045917511,1.0,0.996999979019165
YER127W,YLR383W,0,-8.778002,0.09114939719438553,1.0,0.9970999956130981
YOR340C,YPR110C,0,-8.785936,0.09114108979701996,1.0,0.9972000122070312
YBL024W,YLR003C,0,-8.865889,0.09113278239965439,1.0,0.9973000288009644
YPR110C,YER118C,0,-8.898603,0.09112447500228882,1.0,0.9973999857902527
YNL164C,YKL009W,0,-8.901436,0.09111617505550385,1.0,0.9975000023841858
YPL126W,YMR093W,0,-8.919948,0.09110787510871887,1.0,0.9976000189781189
YDR184C,YLR212C,0,-8.954561,0.0910995751619339,1.0,0.9976999759674072
YBR143C,YDR165W,0,-8.982586,0.09109127521514893,1.0,0.9977999925613403
YGR280C,YNL207W,0,-9.001987,0.09108297526836395,1.0,0.9979000091552734
YGL246C,YCL054W,0,-9.10668,0.09107468277215958,1.0,0.9980000257492065
YDR060W,YHR069C,0,-9.113611,0.0910663902759552,1.0,0.9980999827384949
YBR167C,YLR197W,0,-9.176893,0.09105809777975082,1.0,0.998199999332428
YLL008W,YHR062C,0,-9.249253,0.09104980528354645,1.0,0.9983000159263611
YJR069C,YOR004W,0,-9.297822,0.09104151278734207,1.0,0.9983999729156494
YLR060W,YKL099C,0,-9.382366,0.09103322774171829,1.0,0.9984999895095825
YDR184C,YGR245C,0,-9.405621,0.09102494269609451,1.0,0.9986000061035156
YDL208W,YDR195W,0,-9.423654,0.09101665765047073,1.0,0.9987000226974487
YHR081W,YLR197W,0,-9.48617,0.09100837260484695,1.0,0.9987999796867371
YHR066W,YNR046W,0,-9.677432,0.09100008755922318,1.0,0.9988999962806702
YDR195W,YKR081C,0,-9.679399,0.09099180996417999,1.0,0.9990000128746033
YMR049C,YBR257W,0,-9.7024765,0.09098353236913681,1.0,0.9991000294685364
YKR024C,YER126C,0,-9.7228985,0.09097525477409363,1.0,0.9991999864578247
YPL210C,YML093W,0,-9.794774,0.09096697717905045,1.0,0.9993000030517578
YPL093W,YNL329C,0,-9.916546,0.09095870703458786,1.0,0.9994000196456909
YPL217C,YNL112W,0,-9.927468,0.09095042943954468,1.0,0.9994999766349792
YPR112C,YHR066W,0,-10.027218,0.09094215929508209,1.0,0.9995999932289124
YBL035C,YOR004W,0,-10.061796,0.0909338891506195,1.0,0.9997000098228455
YLL008W,YKL172W,0,-10.122002,0.09092562645673752,1.0,0.9998000264167786
YER127W,YMR093W,0,-10.674016,0.09091735631227493,1.0,0.9998999834060669
YHR052W,YER126C,0,-11.190052,0.09090909361839294,1.0,1.0
