Gene A,Gene B,Label,Score,Precision,Recall,False Positive Rate
YPL151C,YDR013W,0,-3.9799612,0.0,0.0,0.00028490027762018144
YLR319C,YMR052W,0,-4.01006,0.0,0.0,0.0005698005552403629
YOR249C,YGR059W,0,-4.074474,0.0,0.0,0.0008547008619643748
YDL017W,YPR046W,0,-4.0839314,0.0,0.0,0.0011396011104807258
YOR144C,YMR224C,1,-4.1419783,0.20000000298023224,0.0028490028344094753,0.0011396011104807258
YLR195C,YFR034C,0,-4.1636887,0.1666666716337204,0.0028490028344094753,0.0014245014172047377
YDL154W,YGL175C,1,-4.2145395,0.2857142984867096,0.005698005668818951,0.0014245014172047377
YOR002W,YEL016C,0,-4.232685,0.25,0.005698005668818951,0.0017094017239287496
YNL088W,YDR207C,1,-4.269372,0.3333333432674408,0.008547008968889713,0.0017094017239287496
YMR224C,YDR289C,1,-4.2715154,0.4000000059604645,0.011396011337637901,0.0017094017239287496
YDR386W,YDR289C,1,-4.27306,0.4545454680919647,0.014245014637708664,0.0017094017239287496
YMR224C,YFL003C,1,-4.283102,0.5,0.017094017937779427,0.0017094017239287496
YBR211C,YDR163W,0,-4.289941,0.4615384638309479,0.017094017937779427,0.0019943020306527615
YJL090C,YBR073W,1,-4.293951,0.5,0.01994301937520504,0.0019943020306527615
YBR065C,YFR005C,0,-4.307703,0.46666666865348816,0.01994301937520504,0.0022792022209614515
YMR225C,YGL098W,0,-4.312519,0.4375,0.01994301937520504,0.0025641026441007853
YCR107W,YLR005W,0,-4.3326693,0.4117647111415863,0.01994301937520504,0.0028490028344094753
YDL154W,YDR386W,1,-4.334314,0.4444444477558136,0.022792022675275803,0.0028490028344094753
YBL009W,YDR331W,0,-4.3532505,0.42105263471603394,0.022792022675275803,0.0031339030247181654
YGL180W,YER106W,0,-4.3552384,0.4000000059604645,0.022792022675275803,0.003418803447857499
YGR258C,YPL153C,0,-4.370085,0.380952388048172,0.022792022675275803,0.003703703638166189
YIL112W,YFL008W,0,-4.377289,0.3636363744735718,0.022792022675275803,0.003988604061305523
YGL180W,YOL156W,0,-4.3820868,0.3478260934352875,0.022792022675275803,0.004273504484444857
YHR119W,YNR023W,0,-4.384184,0.3333333432674408,0.022792022675275803,0.004558404441922903
YOR144C,YDL154W,1,-4.3953724,0.36000001430511475,0.025641025975346565,0.004558404441922903
YJL090C,YLR329W,1,-4.4091415,0.38461539149284363,0.028490029275417328,0.004558404441922903
YNL136W,YKR095W,0,-4.410019,0.37037035822868347,0.028490029275417328,0.004843304865062237
YDR289C,YGL175C,1,-4.4123125,0.3928571343421936,0.03133903071284294,0.004843304865062237
YNL088W,YMR284W,1,-4.422544,0.4137931168079376,0.03418803587555885,0.004843304865062237
YML062C,YHR167W,1,-4.4285154,0.4333333373069763,0.03703703731298447,0.004843304865062237
YPL153C,YDR485C,0,-4.4310656,0.4193548262119293,0.03703703731298447,0.0051282052882015705
YKL208W,YPL096C-A,0,-4.432538,0.40625,0.03703703731298447,0.005413105245679617
YBR186W,YOR106W,0,-4.4346547,0.39393940567970276,0.03703703731298447,0.005698005668818951
YDL058W,YHR012W,0,-4.435996,0.38235294818878174,0.03703703731298447,0.005982906091958284
YDR076W,YGL175C,1,-4.4360523,0.4000000059604645,0.03988603875041008,0.005982906091958284
YBR107C,YBL080C,0,-4.4425383,0.3888888955116272,0.03988603875041008,0.006267806049436331
YDL017W,YMR073C,0,-4.44341,0.37837839126586914,0.03988603875041008,0.0065527064725756645
YPR134W,YKL079W,0,-4.4460764,0.3684210479259491,0.03988603875041008,0.006837606895714998
YCR028C,YLR277C,0,-4.4489746,0.3589743673801422,0.03988603875041008,0.007122507318854332
YPL209C,YAL032C,0,-4.4500885,0.3499999940395355,0.03988603875041008,0.007407407276332378
YJR017C,YDR058C,0,-4.4534516,0.3414634168148041,0.03988603875041008,0.007692307699471712
YMR224C,YGL175C,1,-4.464507,0.3571428656578064,0.04273504391312599,0.007692307699471712
YOR212W,YJR110W,0,-4.464842,0.3488371968269348,0.04273504391312599,0.007977208122611046
YPL153C,YLR425W,0,-4.467987,0.34090909361839294,0.04273504391312599,0.008262108080089092
YOR144C,YML032C,1,-4.472003,0.35555556416511536,0.045584045350551605,0.008262108080089092
YDL029W,YML033W,0,-4.4721074,0.3478260934352875,0.045584045350551605,0.008547008968889713
YJR131W,YDL217C,0,-4.474469,0.3404255211353302,0.045584045350551605,0.00883190892636776
YFL003C,YDR180W,1,-4.4859047,0.3541666567325592,0.04843304678797722,0.00883190892636776
YMR119W,YPL269W,0,-4.4883666,0.3469387888908386,0.04843304678797722,0.009116808883845806
YER179W,YLR329W,1,-4.494443,0.36000001430511475,0.05128205195069313,0.009116808883845806
YBR073W,YLR329W,1,-4.494728,0.37254902720451355,0.054131053388118744,0.009116808883845806
YPR072W,YHR012W,0,-4.4961677,0.36538460850715637,0.054131053388118744,0.009401709772646427
YOR144C,YFL003C,1,-4.4972134,0.37735849618911743,0.056980058550834656,0.009401709772646427
YBR038W,YJL102W,0,-4.505354,0.37037035822868347,0.056980058550834656,0.009686609730124474
YJL090C,YFL003C,1,-4.5066175,0.38181817531585693,0.05982905998826027,0.009686609730124474
YGL124C,YDR142C,0,-4.506793,0.375,0.05982905998826027,0.00997150968760252
YGR003W,YOR172W,0,-4.5085354,0.3684210479259491,0.05982905998826027,0.010256410576403141
YPR104C,YOL108C,0,-4.51061,0.36206895112991333,0.05982905998826027,0.010541310533881187
YDR480W,YIL002C,0,-4.511235,0.35593220591545105,0.05982905998826027,0.010826210491359234
YDR425W,YJL129C,0,-4.511892,0.3499999940395355,0.05982905998826027,0.011111111380159855
YOL126C,YNL070W,0,-4.513444,0.3442623019218445,0.05982905998826027,0.011396011337637901
YOR144C,YLR329W,1,-4.514439,0.35483869910240173,0.06267806142568588,0.011396011337637901
YPR025C,YNL164C,0,-4.514638,0.3492063581943512,0.06267806142568588,0.011680911295115948
YJL090C,YDR289C,1,-4.517186,0.359375,0.0655270665884018,0.011680911295115948
YFR034C,YLR166C,0,-4.5193906,0.35384616255760193,0.0655270665884018,0.011965812183916569
YHR116W,YPR046W,0,-4.5204744,0.3484848439693451,0.0655270665884018,0.012250712141394615
YER179W,YGL175C,1,-4.528292,0.35820895433425903,0.0683760717511177,0.012250712141394615
YMR224C,YDL154W,1,-4.5297003,0.36764705181121826,0.07122506946325302,0.012250712141394615
YCL004W,YPL268W,0,-4.5315704,0.36231884360313416,0.07122506946325302,0.012535612098872662
YGL247W,YOL009C,0,-4.533647,0.3571428656578064,0.07122506946325302,0.012820512987673283
YMR052W,YPR002W,0,-4.5340853,0.35211268067359924,0.07122506946325302,0.013105412945151329
YNL088W,YLR467W,1,-4.5359254,0.3611111044883728,0.07407407462596893,0.013105412945151329
YGL192W,YIL030C,0,-4.537709,0.3561643958091736,0.07407407462596893,0.01339031383395195
YMR224C,YDR076W,1,-4.538266,0.36486485600471497,0.07692307978868484,0.01339031383395195
YDL013W,YML015C,0,-4.5386543,0.36000001430511475,0.07692307978868484,0.013675213791429996
YDL154W,YNL088W,1,-4.5387354,0.3684210479259491,0.07977207750082016,0.013675213791429996
YGL238W,YNL118C,0,-4.539316,0.3636363744735718,0.07977207750082016,0.013960113748908043
YJR093C,YAR008W,0,-4.539478,0.3589743673801422,0.07977207750082016,0.014245014637708664
YML032C,YHR167W,1,-4.5423565,0.3670886158943176,0.08262108266353607,0.014245014637708664
YOL049W,YCL005W-A,0,-4.544832,0.36250001192092896,0.08262108266353607,0.01452991459518671
YLR329W,YHR167W,1,-4.5462694,0.37037035822868347,0.08547008782625198,0.01452991459518671
YNR075W,YPL021W,0,-4.5466614,0.3658536672592163,0.08547008782625198,0.014814814552664757
YNL053W,YDL080C,0,-4.5470963,0.3614457845687866,0.08547008782625198,0.015099715441465378
YOL077W-A,YDL017W,0,-4.5488515,0.3571428656578064,0.08547008782625198,0.015384615398943424
YDR386W,YLR329W,1,-4.5504365,0.364705890417099,0.0883190855383873,0.015384615398943424
YFL010W-A,YFL011W,0,-4.5522995,0.3604651093482971,0.0883190855383873,0.01566951535642147
YPL059W,YDR456W,0,-4.5536656,0.3563218414783478,0.0883190855383873,0.01595441624522209
YOL121C,YNL154C,0,-4.55402,0.35227271914482117,0.0883190855383873,0.016239317134022713
YCL004W,YMR139W,0,-4.554159,0.3483146131038666,0.0883190855383873,0.016524216160178185
YKR095W-A,YJL203W,0,-4.5568595,0.3444444537162781,0.0883190855383873,0.016809117048978806
YPR025C,YHR187W,0,-4.5574665,0.34065935015678406,0.0883190855383873,0.017094017937779427
YKL042W,YDR058C,0,-4.557575,0.33695653080940247,0.0883190855383873,0.0173789169639349
YGL178W,YHR161C,0,-4.5620203,0.3333333432674408,0.0883190855383873,0.01766381785273552
YDR386W,YNL339C,1,-4.562663,0.3404255211353302,0.09116809070110321,0.01766381785273552
YBR278W,YDR081C,0,-4.5647926,0.3368421196937561,0.09116809070110321,0.01794871874153614
YMR073C,YLR011W,0,-4.564888,0.3333333432674408,0.09116809070110321,0.018233617767691612
YCR107W,YPL248C,0,-4.5683494,0.3298968970775604,0.09116809070110321,0.018518518656492233
YHR194W,YIL120W,0,-4.5688534,0.3265306055545807,0.09116809070110321,0.018803419545292854
YIL084C,YML014W,0,-4.569524,0.3232323229312897,0.09116809070110321,0.019088318571448326
YMR284W,YLR467W,1,-4.5763693,0.33000001311302185,0.09401709586381912,0.019088318571448326
YMR270C,YJL154C,0,-4.5786877,0.32673266530036926,0.09401709586381912,0.019373219460248947
YGL073W,YDR081C,0,-4.578947,0.3235294222831726,0.09401709586381912,0.019658120349049568
YIL084C,YLR268W,0,-4.5805235,0.3203883469104767,0.09401709586381912,0.01994301937520504
YOR180C,YDR009W,0,-4.580968,0.3173076808452606,0.09401709586381912,0.02022792026400566
YDR276C,YOR149C,0,-4.584587,0.3142857253551483,0.09401709586381912,0.020512821152806282
YMR012W,YKL079W,0,-4.5897875,0.3113207519054413,0.09401709586381912,0.020797720178961754
YPL242C,YOR330C,0,-4.592264,0.30841121077537537,0.09401709586381912,0.021082621067762375
YDL017W,YDL013W,0,-4.59269,0.3055555522441864,0.09401709586381912,0.021367521956562996
YOR249C,YDR310C,0,-4.5932255,0.302752286195755,0.09401709586381912,0.021652420982718468
YDR205W,YLR425W,0,-4.5935884,0.30000001192092896,0.09401709586381912,0.02193732187151909
YDR320C-A,YML114C,0,-4.595625,0.29729729890823364,0.09401709586381912,0.02222222276031971
YGL175C,YNL088W,1,-4.5973287,0.3035714328289032,0.09686609357595444,0.02222222276031971
YJR022W,YLR417W,0,-4.5992613,0.3008849620819092,0.09686609357595444,0.02250712178647518
YML062C,YDR386W,1,-4.599411,0.3070175349712372,0.09971509873867035,0.02250712178647518
YML032C,YNL312W,1,-4.6001673,0.313043475151062,0.10256410390138626,0.02250712178647518
YMR026C,YIR022W,0,-4.6006217,0.3103448152542114,0.10256410390138626,0.022792022675275803
YOR144C,YGL175C,1,-4.6042876,0.3162393271923065,0.10541310906410217,0.022792022675275803
YGL178W,YFR031C,0,-4.604553,0.31355932354927063,0.10541310906410217,0.023076923564076424
YER089C,YMR266W,0,-4.611371,0.31092438101768494,0.10541310906410217,0.023361822590231895
YDL098C,YMR089C,0,-4.6123714,0.3083333373069763,0.10541310906410217,0.023646723479032516
YDL042C,YKL018W,0,-4.616963,0.3057851195335388,0.10541310906410217,0.023931624367833138
YDL006W,YPL153C,0,-4.6174793,0.30327868461608887,0.10541310906410217,0.02421652339398861
YML103C,YOL066C,0,-4.6175947,0.3008130192756653,0.10541310906410217,0.02450142428278923
YML058W-A,YGR181W,0,-4.6194987,0.2983871102333069,0.10541310906410217,0.02478632517158985
YLL018C-A,YGR003W,0,-4.6201663,0.29600000381469727,0.10541310906410217,0.025071224197745323
YDR320C-A,YDR202C,0,-4.6222525,0.2936508059501648,0.10541310906410217,0.025356125086545944
YAL015C,YGR239C,0,-4.623054,0.29133859276771545,0.10541310906410217,0.025641025975346565
YPL100W,YPL096C-A,0,-4.624217,0.2890625,0.10541310906410217,0.025925925001502037
YBR233W-A,YPL210C,0,-4.624815,0.2868216931819916,0.10541310906410217,0.026210825890302658
YDR289C,YHR167W,1,-4.626193,0.29230770468711853,0.10826210677623749,0.026210825890302658
YML023C,YOR149C,0,-4.626935,0.290076345205307,0.10826210677623749,0.02649572677910328
YFL029C,YJR140C,0,-4.6283627,0.28787878155708313,0.10826210677623749,0.0267806276679039
YDR191W,YKL034W,0,-4.628895,0.2857142984867096,0.10826210677623749,0.027065526694059372
YLR329W,YDR180W,1,-4.6309443,0.29104477167129517,0.1111111119389534,0.027065526694059372
YML062C,YDL154W,1,-4.632395,0.29629629850387573,0.11396011710166931,0.027065526694059372
YIL159W,YGL142C,0,-4.632821,0.29411765933036804,0.11396011710166931,0.027350427582859993
YMR216C,YLR240W,0,-4.6330204,0.29197078943252563,0.11396011710166931,0.027635328471660614
YPR070W,YML127W,0,-4.633977,0.28985506296157837,0.11396011710166931,0.027920227497816086
YLR133W,YNL230C,0,-4.6355033,0.28776979446411133,0.11396011710166931,0.028205128386616707
YJL090C,YMR106C,1,-4.6369333,0.2928571403026581,0.11680911481380463,0.028205128386616707
YNL032W,YGR229C,0,-4.6432695,0.29078012704849243,0.11680911481380463,0.028490029275417328
YOL117W,YNR023W,0,-4.6469812,0.2887323796749115,0.11680911481380463,0.0287749283015728
YJR022W,YER142C,0,-4.64699,0.28671327233314514,0.11680911481380463,0.02905982919037342
YDR524C,YGR155W,0,-4.6470013,0.2847222089767456,0.11680911481380463,0.029344730079174042
YGL105W,YOL063C,0,-4.6494703,0.2827586233615875,0.11680911481380463,0.029629629105329514
YBR008C,YOL105C,0,-4.6527424,0.28082191944122314,0.11680911481380463,0.029914529994130135
YCL014W,YCL004W,0,-4.652953,0.2789115607738495,0.11680911481380463,0.030199430882930756
YLL015W,YDL140C,0,-4.6534805,0.27702704071998596,0.11680911481380463,0.030484329909086227
YKR095W-A,YDL135C,0,-4.6536045,0.2751677930355072,0.11680911481380463,0.03076923079788685
YJL208C,YDR289C,1,-4.6553955,0.2800000011920929,0.11965811997652054,0.03076923079788685
YOL108C,YDL080C,0,-4.656202,0.2781457006931305,0.11965811997652054,0.03105413168668747
YOR144C,YDR076W,1,-4.65631,0.28289473056793213,0.12250712513923645,0.03105413168668747
YCL014W,YDR131C,0,-4.657756,0.2810457646846771,0.12250712513923645,0.03133903071284294
YDL088C,YFL011W,0,-4.657761,0.2792207896709442,0.12250712513923645,0.03162393346428871
YOR002W,YNL020C,0,-4.6619563,0.2774193584918976,0.12250712513923645,0.03190883249044418
YPR002W,YBR231C,0,-4.663594,0.2756410241127014,0.12250712513923645,0.032193731516599655
YJL090C,YMR224C,1,-4.6636224,0.2802547812461853,0.12535612285137177,0.032193731516599655
YPL096C-A,YBR256C,0,-4.6646724,0.27848100662231445,0.12535612285137177,0.032478634268045425
YDR320C-A,YNL070W,0,-4.664945,0.276729553937912,0.12535612285137177,0.0327635332942009
YFL003C,YLR467W,1,-4.666288,0.28125,0.12820513546466827,0.0327635332942009
YDL003W,YMR283C,0,-4.666847,0.27950310707092285,0.12820513546466827,0.03304843232035637
YBR185C,YAL032C,0,-4.667468,0.2777777910232544,0.12820513546466827,0.03333333507180214
YBR233W-A,YIR022W,0,-4.667981,0.2760736048221588,0.12820513546466827,0.03361823409795761
YMR224C,YLR329W,1,-4.668498,0.2804878056049347,0.1310541331768036,0.03361823409795761
YOR144C,YBR073W,1,-4.670244,0.28484848141670227,0.1339031308889389,0.03361823409795761
YOR171C,YOR217W,0,-4.672915,0.28313252329826355,0.1339031308889389,0.03390313312411308
YFL025C,YHR012W,0,-4.67302,0.28143712878227234,0.1339031308889389,0.03418803587555885
YDL017W,YAL032C,0,-4.6732597,0.2797619104385376,0.1339031308889389,0.034472934901714325
YMR224C,YMR106C,1,-4.674241,0.2840236723423004,0.1367521435022354,0.034472934901714325
YFL003C,YDR386W,1,-4.67631,0.28823530673980713,0.13960114121437073,0.034472934901714325
YBR233W-A,YNL262W,0,-4.676386,0.28654971718788147,0.13960114121437073,0.0347578339278698
YJR022W,YML098W,0,-4.6779656,0.2848837077617645,0.13960114121437073,0.03504273667931557
YGR224W,YAL043C,0,-4.679034,0.2832369804382324,0.13960114121437073,0.03532763570547104
YJL021C,YDR453C,0,-4.679344,0.2816092073917389,0.13960114121437073,0.03561253473162651
YML023C,YHL009C,0,-4.680496,0.2800000011920929,0.13960114121437073,0.03589743748307228
YDR386W,YML032C,1,-4.681216,0.28409090638160706,0.14245013892650604,0.03589743748307228
YFL003C,YMR106C,1,-4.681286,0.2881355881690979,0.14529915153980255,0.03589743748307228
YBL009W,YKL025C,0,-4.6820755,0.28651684522628784,0.14529915153980255,0.03618233650922775
YJL090C,YDR386W,1,-4.682928,0.29050278663635254,0.14814814925193787,0.03618233650922775
YHR119W,YPR095C,0,-4.6840396,0.2888889014720917,0.14814814925193787,0.036467235535383224
YDR076W,YDR207C,1,-4.684183,0.2928176820278168,0.15099714696407318,0.036467235535383224
YJL090C,YOR144C,1,-4.686307,0.2967033088207245,0.1538461595773697,0.036467235535383224
YEL037C,YMR089C,0,-4.686977,0.2950819730758667,0.1538461595773697,0.036752138286828995
YMR150C,YHR161C,0,-4.687025,0.29347825050354004,0.1538461595773697,0.03703703731298447
YDL017W,YGL004C,0,-4.688304,0.2918919026851654,0.1538461595773697,0.03732193633913994
YGL065C,YBL080C,0,-4.6911397,0.29032257199287415,0.1538461595773697,0.03760683909058571
YDR386W,YHR167W,1,-4.6918354,0.29411765933036804,0.156695157289505,0.03760683909058571
YDL019C,YLR417W,0,-4.693499,0.292553186416626,0.156695157289505,0.03789173811674118
YFR024C,YDL036C,0,-4.694228,0.29100528359413147,0.156695157289505,0.03817663714289665
YGL065C,YER070W,0,-4.6947966,0.28947368264198303,0.156695157289505,0.03846153989434242
YLR319C,YIL084C,0,-4.6964746,0.2879581153392792,0.156695157289505,0.038746438920497894
YML127W,YGR033C,0,-4.6964865,0.2864583432674408,0.156695157289505,0.039031337946653366
YDR081C,YAR008W,0,-4.6972303,0.2849740982055664,0.156695157289505,0.039316240698099136
YBR038W,YJL072C,0,-4.6975565,0.2835051417350769,0.156695157289505,0.03960113972425461
YDL003W,YDR318W,0,-4.699875,0.28205129504203796,0.156695157289505,0.03988603875041008
YBR038W,YNL068C,0,-4.700291,0.2806122303009033,0.156695157289505,0.04017094150185585
YLR219W,YBR073W,1,-4.700515,0.2842639684677124,0.15954415500164032,0.04017094150185585
YBR152W,YML014W,0,-4.7012396,0.28282827138900757,0.15954415500164032,0.04045584052801132
YOR144C,YDR289C,1,-4.7036276,0.286432147026062,0.16239316761493683,0.04045584052801132
YPR083W,YGR033C,0,-4.704197,0.2849999964237213,0.16239316761493683,0.040740739554166794
YHR034C,YOR307C,0,-4.704342,0.28358209133148193,0.16239316761493683,0.041025642305612564
YBR233W-A,YNL327W,0,-4.704611,0.28217822313308716,0.16239316761493683,0.041310541331768036
YDR076W,YNL339C,1,-4.705982,0.2857142984867096,0.16524216532707214,0.041310541331768036
YMR073C,YIL008W,0,-4.7060537,0.28431373834609985,0.16524216532707214,0.04159544035792351
YFL003C,YLR329W,1,-4.7070584,0.28780487179756165,0.16809116303920746,0.04159544035792351
YML098W,YOR008C-A,0,-4.708727,0.2864077687263489,0.16809116303920746,0.04188034310936928
YML102W,YJL128C,0,-4.7087674,0.28502416610717773,0.16809116303920746,0.04216524213552475
YMR184W,YMR139W,0,-4.7091885,0.2836538553237915,0.16809116303920746,0.04245014116168022
YIL022W,YCL005W-A,0,-4.7095633,0.28229665756225586,0.16809116303920746,0.04273504391312599
YBR073W,YDR207C,1,-4.709875,0.2857142984867096,0.17094017565250397,0.04273504391312599
YLR319C,YDR379W,0,-4.710761,0.28436020016670227,0.17094017565250397,0.043019942939281464
YBR160W,YML123C,0,-4.711789,0.2830188572406769,0.17094017565250397,0.043304841965436935
YDL140C,YPL235W,0,-4.7121077,0.28169015049934387,0.17094017565250397,0.043589744716882706
YGL065C,YFR013W,0,-4.7122335,0.28037384152412415,0.17094017565250397,0.04387464374303818
YER075C,YIR015W,0,-4.7133017,0.27906978130340576,0.17094017565250397,0.04415954276919365
YPR046W,YNL222W,0,-4.715029,0.2777777910232544,0.17094017565250397,0.04444444552063942
YJR140C,YBR240C,0,-4.715214,0.2764976918697357,0.17094017565250397,0.04472934454679489
YLR319C,YKR095W-A,0,-4.715643,0.2752293646335602,0.17094017565250397,0.04501424357295036
YGL004C,YAR009C,0,-4.7158294,0.27397260069847107,0.17094017565250397,0.04529914632439613
YML058W-A,YDL217C,0,-4.7161255,0.27272728085517883,0.17094017565250397,0.045584045350551605
YBL016W,YKR095W-A,0,-4.716792,0.27149322628974915,0.17094017565250397,0.04586894437670708
YPL096C-A,YBR087W,0,-4.717471,0.2702702581882477,0.17094017565250397,0.04615384712815285
YDR386W,YLR467W,1,-4.717655,0.2735426127910614,0.17378917336463928,0.04615384712815285
YHR039C,YLR329W,1,-4.717906,0.2767857015132904,0.1766381710767746,0.04615384712815285
YFL003C,YGL175C,1,-4.7180567,0.2800000011920929,0.1794871836900711,0.04615384712815285
YGR224W,YLR240W,0,-4.7183332,0.2787610590457916,0.1794871836900711,0.04643874615430832
YDR386W,YBR073W,1,-4.7185154,0.2819383144378662,0.18233618140220642,0.04643874615430832
YAR033W,YLR034C,0,-4.719364,0.28070175647735596,0.18233618140220642,0.04672364518046379
YKL055C,YGR024C,0,-4.719367,0.27947598695755005,0.18233618140220642,0.04700854793190956
YPL100W,YDL098C,0,-4.7196975,0.27826085686683655,0.18233618140220642,0.04729344695806503
YNL280C,YBR037C,0,-4.720158,0.2770562767982483,0.18233618140220642,0.047578345984220505
YCL014W,YGL195W,0,-4.724102,0.27586206793785095,0.18233618140220642,0.047863248735666275
YDR386W,YDR207C,1,-4.7241364,0.278969943523407,0.18518517911434174,0.047863248735666275
YBR211C,YDL235C,0,-4.7246923,0.2777777910232544,0.18518517911434174,0.04814814776182175
YBR073W,YGL175C,1,-4.7275295,0.2808510661125183,0.18803419172763824,0.04814814776182175
YJL090C,YGL175C,1,-4.7290554,0.2838982939720154,0.19088318943977356,0.04814814776182175
YLR329W,YDR289C,1,-4.7292147,0.28691983222961426,0.19373218715190887,0.04814814776182175
YDL154W,YDR076W,1,-4.7293863,0.2899159789085388,0.19658119976520538,0.04814814776182175
YKL112W,YHR023W,0,-4.7301903,0.28870293498039246,0.19658119976520538,0.04843304678797722
YJL090C,YDR207C,1,-4.7310133,0.2916666567325592,0.1994301974773407,0.04843304678797722
YKR095W-A,YPR181C,0,-4.731389,0.2904564440250397,0.1994301974773407,0.04871794953942299
YGL247W,YJL145W,0,-4.7324142,0.28925618529319763,0.1994301974773407,0.04900284856557846
YLR127C,YIL120W,0,-4.732556,0.2880658507347107,0.1994301974773407,0.04928774759173393
YER179W,YJL090C,1,-4.733221,0.2909836173057556,0.202279195189476,0.04928774759173393
YOR386W,YAR009C,0,-4.734143,0.2897959053516388,0.202279195189476,0.0495726503431797
YDR515W,YCL005W-A,0,-4.73445,0.288617879152298,0.202279195189476,0.049857549369335175
YGL124C,YMR216C,0,-4.7347336,0.2874493896961212,0.202279195189476,0.050142448395490646
YDR480W,YNL328C,0,-4.7352457,0.28629031777381897,0.202279195189476,0.05042735114693642
YGR202C,YIL118W,0,-4.7370996,0.2851405739784241,0.202279195189476,0.05071225017309189
YPR138C,YGR111W,0,-4.7375097,0.2840000092983246,0.202279195189476,0.05099714919924736
YJR022W,YML114C,0,-4.7382684,0.28286853432655334,0.202279195189476,0.05128205195069313
YMR224C,YHR167W,1,-4.7387075,0.2857142984867096,0.20512820780277252,0.05128205195069313
YPR002W,YHR163W,0,-4.7400556,0.28458496928215027,0.20512820780277252,0.0515669509768486
YOR036W,YOR008C-A,0,-4.740632,0.28346458077430725,0.20512820780277252,0.051851850003004074
YIL106W,YJL129C,0,-4.741253,0.2823529541492462,0.20512820780277252,0.052136752754449844
YIL030C,YMR197C,0,-4.741614,0.28125,0.20512820780277252,0.052421651780605316
YOL077W-A,YNL186W,0,-4.742296,0.28015562891960144,0.20512820780277252,0.052706554532051086
YIL142W,YIL036W,0,-4.743736,0.27906978130340576,0.20512820780277252,0.05299145355820656
YMR021C,YDR075W,0,-4.7442293,0.27799227833747864,0.20512820780277252,0.05327635258436203
YML008C,YDR205W,0,-4.744336,0.2769230902194977,0.20512820780277252,0.0535612553358078
YOR349W,YBL080C,0,-4.745649,0.27586206793785095,0.20512820780277252,0.05384615436196327
YHR023W,YPR072W,0,-4.747595,0.2748091518878937,0.20512820780277252,0.054131053388118744
YKL220C,YLR166C,0,-4.7490563,0.2737642526626587,0.20512820780277252,0.054415956139564514
YJR140C,YHR006W,0,-4.749406,0.27272728085517883,0.20512820780277252,0.054700855165719986
YJL207C,YDL135C,0,-4.7510395,0.27169811725616455,0.20512820780277252,0.05498575419187546
YGR003W,YDR058C,0,-4.7512503,0.27067670226097107,0.20512820780277252,0.05527065694332123
YLR329W,YNL088W,1,-4.7518053,0.2734082341194153,0.20797720551490784,0.05527065694332123
YNL210W,YMR013C,0,-4.752676,0.2723880708217621,0.20797720551490784,0.0555555559694767
YPL242C,YLR455W,0,-4.752816,0.27137547731399536,0.20797720551490784,0.05584045499563217
YML102W,YDL126C,0,-4.752927,0.27037036418914795,0.20797720551490784,0.05612535774707794
YDL154W,YDR207C,1,-4.753203,0.27306273579597473,0.21082621812820435,0.05612535774707794
YOR144C,YDR386W,1,-4.7538424,0.2757352888584137,0.21367521584033966,0.05612535774707794
YAL054C,YEL062W,0,-4.755192,0.2747252881526947,0.21367521584033966,0.056410256773233414
YBR073W,YHR167W,1,-4.755362,0.277372270822525,0.21652421355247498,0.056410256773233414
YML032C,YDR180W,1,-4.7558155,0.2800000011920929,0.21937322616577148,0.056410256773233414
YBR211C,YDL080C,0,-4.7564235,0.27898550033569336,0.21937322616577148,0.056695155799388885
YML032C,YLR329W,1,-4.7573853,0.28158843517303467,0.2222222238779068,0.056695155799388885
YFL003C,YHR167W,1,-4.7576466,0.2841726541519165,0.22507122159004211,0.056695155799388885
YGL195W,YDL080C,0,-4.7577515,0.28315412998199463,0.22507122159004211,0.056980058550834656
YML132W,YMR052W,0,-4.758131,0.28214284777641296,0.22507122159004211,0.05726495757699013
YFL010W-A,YHR099W,0,-4.7584896,0.2811387777328491,0.22507122159004211,0.0575498566031456
YDL045C,YML015C,0,-4.7587886,0.28014183044433594,0.22507122159004211,0.05783475935459137
YBR275C,YIL109C,0,-4.75881,0.27915194630622864,0.22507122159004211,0.05811965838074684
YPL060W,YBR152W,0,-4.759503,0.27816900610923767,0.22507122159004211,0.05840455740690231
YBR152W,YOR008C-A,0,-4.7598257,0.27719298005104065,0.22507122159004211,0.058689460158348083
YDR379W,YLR147C,0,-4.7603335,0.2762237787246704,0.22507122159004211,0.058974359184503555
YKL205W,YGL124C,0,-4.7611065,0.2752613127231598,0.22507122159004211,0.05925925821065903
YDR301W,YPR018W,0,-4.761216,0.2743055522441864,0.22507122159004211,0.0595441609621048
YPL190C,YBR231C,0,-4.7618876,0.2733564078807831,0.22507122159004211,0.05982905998826027
YLR215C,YGR010W,0,-4.762889,0.27241379022598267,0.22507122159004211,0.06011395901441574
YLR135W,YPR095C,0,-4.7645864,0.27147766947746277,0.22507122159004211,0.06039886176586151
YHR200W,YFL008W,0,-4.7648907,0.2705479562282562,0.22507122159004211,0.06068376079201698
YGL065C,YHR158C,0,-4.7654715,0.2696245610713959,0.22507122159004211,0.060968659818172455
YDR480W,YPR094W,0,-4.76595,0.2687074840068817,0.22507122159004211,0.061253562569618225
YDL154W,YBR073W,1,-4.766198,0.2711864411830902,0.22792023420333862,0.061253562569618225
YKL011C,YLR467W,1,-4.769041,0.2736486494541168,0.23076923191547394,0.061253562569618225
YIL056W,YCL074W,0,-4.7713017,0.27272728085517883,0.23076923191547394,0.0615384615957737
YKL011C,YDL154W,1,-4.7718616,0.2751677930355072,0.23361822962760925,0.0615384615957737
YMR250W,YFR024C,0,-4.7719555,0.27424749732017517,0.23361822962760925,0.06182336062192917
YDR289C,YDR207C,1,-4.772401,0.27666667103767395,0.23646724224090576,0.06182336062192917
YFL029C,YOR039W,0,-4.7725897,0.27574750781059265,0.23646724224090576,0.06210826337337494
YDL175C,YJR086W,0,-4.7728596,0.27483442425727844,0.23646724224090576,0.06239316239953041
YGL180W,YJL139C,0,-4.772889,0.27392739057540894,0.23646724224090576,0.06267806142568588
YKL005C,YBL016W,0,-4.7729416,0.27302631735801697,0.23646724224090576,0.06296296417713165
YJR150C,YBR058C-A,0,-4.7739544,0.27213114500045776,0.23646724224090576,0.06324786692857742
YGL175C,YHR167W,1,-4.773967,0.27450981736183167,0.23931623995304108,0.06324786692857742
YDL036C,YLR035C-A,0,-4.774952,0.27361562848091125,0.23931623995304108,0.0635327622294426
YBR233W-A,YML080W,0,-4.7762694,0.27272728085517883,0.23931623995304108,0.06381766498088837
YPL151C,YBR258C,0,-4.7768097,0.27184465527534485,0.23931623995304108,0.06410256773233414
YGR059W,YDR059C,0,-4.7768106,0.2709677517414093,0.23931623995304108,0.06438746303319931
YFL003C,YNL339C,1,-4.7773438,0.27331188321113586,0.2421652376651764,0.06438746303319931
YFR031C,YCL075W,0,-4.7775817,0.27243590354919434,0.2421652376651764,0.06467236578464508
YMR073C,YBR087W,0,-4.778948,0.2715654969215393,0.2421652376651764,0.06495726853609085
YMR021C,YHR034C,0,-4.779464,0.2707006335258484,0.2421652376651764,0.06524216383695602
YGL016W,YCR042C,0,-4.779668,0.2698412835597992,0.2421652376651764,0.0655270665884018
YML058W-A,YBR049C,0,-4.7802978,0.2689873278141022,0.2421652376651764,0.06581196933984756
YNL084C,YDR310C,0,-4.7807207,0.2681387960910797,0.2421652376651764,0.06609686464071274
YGL226C-A,YBL105C,0,-4.780875,0.26729559898376465,0.2421652376651764,0.06638176739215851
YBR073W,YDR289C,1,-4.781225,0.2695924639701843,0.2450142502784729,0.06638176739215851
YMR109W,YHR012W,0,-4.7812595,0.26875001192092896,0.2450142502784729,0.06666667014360428
YFL003C,YML032C,1,-4.7817965,0.2710280418395996,0.24786324799060822,0.06666667014360428
YGL073W,YFR024C,0,-4.7821727,0.27018633484840393,0.24786324799060822,0.06695156544446945
YDR320C-A,YJL072C,0,-4.782193,0.2693498432636261,0.24786324799060822,0.06723646819591522
YOR171C,YNL222W,0,-4.782193,0.26851850748062134,0.24786324799060822,0.06752137094736099
YPL096C-A,YDR325W,0,-4.782233,0.26769229769706726,0.24786324799060822,0.06780626624822617
YML049C,YIL109C,0,-4.782297,0.2668711543083191,0.24786324799060822,0.06809116899967194
YOR206W,YOR088W,0,-4.782418,0.26605504751205444,0.24786324799060822,0.0683760717511177
YJL021C,YDR087C,0,-4.7829847,0.26524388790130615,0.24786324799060822,0.06866096705198288
YPR083W,YCL004W,0,-4.78358,0.2644376754760742,0.24786324799060822,0.06894586980342865
YMR021C,YBL080C,0,-4.783983,0.26363635063171387,0.24786324799060822,0.06923077255487442
YBR145W,YJL133W,0,-4.784399,0.2628398835659027,0.24786324799060822,0.0695156678557396
YHR061C,YKL079W,0,-4.7848816,0.2620481848716736,0.24786324799060822,0.06980057060718536
YNL020C,YKR002W,0,-4.784986,0.2612612545490265,0.24786324799060822,0.07008547335863113
YER179W,YDL154W,1,-4.7853127,0.2634730637073517,0.25071224570274353,0.07008547335863113
YNL074C,YAR009C,0,-4.785724,0.2626865804195404,0.25071224570274353,0.07037036865949631
YFL009W,YKR095W-A,0,-4.7873626,0.261904776096344,0.25071224570274353,0.07065527141094208
YIL112W,YNL044W,0,-4.7877407,0.2611275911331177,0.25071224570274353,0.07094017416238785
YGL035C,YCL074W,0,-4.787759,0.26035502552986145,0.25071224570274353,0.07122506946325302
YDL029W,YGR054W,0,-4.787924,0.25958701968193054,0.25071224570274353,0.07150997221469879
YGL084C,YNL030W,0,-4.7879443,0.25882354378700256,0.25071224570274353,0.07179487496614456
YNR026C,YLR262C,0,-4.789405,0.25806450843811035,0.25071224570274353,0.07207977026700974
YDR337W,YOR087W,0,-4.789958,0.2573099434375763,0.25071224570274353,0.0723646730184555
YPL021W,YPL248C,0,-4.790145,0.2565597593784332,0.25071224570274353,0.07264957576990128
YER089C,YFR005C,0,-4.7904234,0.25581395626068115,0.25071224570274353,0.07293447107076645
YJL145W,YML033W,0,-4.7904997,0.2550724744796753,0.25071224570274353,0.07321937382221222
YPR001W,YFR013W,0,-4.7912903,0.2543352544307709,0.25071224570274353,0.07350427657365799
YKL139W,YDR205W,0,-4.791456,0.2536022961139679,0.25071224570274353,0.07378917187452316
YOR180C,YNL053W,0,-4.7916164,0.25287356972694397,0.25071224570274353,0.07407407462596893
YOR241W,YKL095W,0,-4.7916703,0.25214898586273193,0.25071224570274353,0.0743589773774147
YER164W,YDR174W,0,-4.7924376,0.2514285743236542,0.25071224570274353,0.07464387267827988
YGR230W,YDR328C,0,-4.7929263,0.25071224570274353,0.25071224570274353,0.07492877542972565
YNL026W,YML131W,0,-4.793002,0.25,0.25071224570274353,0.07521367818117142
YLL018C-A,YOL122C,0,-4.7938914,0.2492917776107788,0.25071224570274353,0.07549857348203659
YCL074W,YLR346C,0,-4.7942934,0.24858756363391876,0.25071224570274353,0.07578347623348236
YDR208W,YOR008C-A,0,-4.7952385,0.24788732826709747,0.25071224570274353,0.07606837898492813
YHR167W,YDR207C,1,-4.7961206,0.25,0.25356125831604004,0.07606837898492813
YML062C,YMR106C,1,-4.796645,0.2521008551120758,0.25641027092933655,0.07606837898492813
YDL154W,YML032C,1,-4.7978377,0.25418993830680847,0.25925925374031067,0.07606837898492813
YDR013W,YDL006W,0,-4.7979336,0.2534818947315216,0.25925925374031067,0.0763532742857933
YMR184W,YER032W,0,-4.7986794,0.2527777850627899,0.25925925374031067,0.07663817703723907
YDR481C,YJL129C,0,-4.7991943,0.25207754969596863,0.25925925374031067,0.07692307978868484
YCL014W,YAL015C,0,-4.7999334,0.2513812184333801,0.25925925374031067,0.07720797508955002
YOR098C,YKL173W,0,-4.8008137,0.25068870186805725,0.25925925374031067,0.07749287784099579
YOR249C,YHR012W,0,-4.8012543,0.25,0.25925925374031067,0.07777778059244156
YLR127C,YKR076W,0,-4.8015647,0.2493150681257248,0.25925925374031067,0.07806267589330673
YFL010W-A,YPR052C,0,-4.8027587,0.24863387644290924,0.25925925374031067,0.0783475786447525
YDR425W,YKL042W,0,-4.8035736,0.24795641005039215,0.25925925374031067,0.07863248139619827
YNL280C,YML033W,0,-4.803667,0.24728260934352875,0.25925925374031067,0.07891737669706345
YJL021C,YJL048C,0,-4.8042994,0.24661245942115784,0.25925925374031067,0.07920227944850922
YDR076W,YNL088W,1,-4.804809,0.24864864349365234,0.2621082663536072,0.07920227944850922
YHR119W,YDR372C,0,-4.8053627,0.24797843396663666,0.2621082663536072,0.07948718219995499
YOR144C,YMR106C,1,-4.8056917,0.25,0.2649572789669037,0.07948718219995499
YOL108C,YDR195W,0,-4.8060417,0.24932976067066193,0.2649572789669037,0.07977207750082016
YKL011C,YDR386W,1,-4.8065004,0.2513369023799896,0.2678062617778778,0.07977207750082016
YFR028C,YMR216C,0,-4.8066597,0.25066667795181274,0.2678062617778778,0.08005698025226593
YML062C,YDR289C,1,-4.807025,0.2526595890522003,0.2706552743911743,0.08005698025226593
YDR076W,YBR073W,1,-4.807104,0.25464192032814026,0.2735042870044708,0.08005698025226593
YCL014W,YIL029C,0,-4.807586,0.2539682686328888,0.2735042870044708,0.0803418830037117
YCL025C,YGL124C,0,-4.807769,0.25329816341400146,0.2735042870044708,0.08062677830457687
YJL207C,YMR076C,0,-4.807808,0.2526315748691559,0.2735042870044708,0.08091168105602264
YDL013W,YER138C,0,-4.8081503,0.25196850299835205,0.2735042870044708,0.08119658380746841
YFR024C,YDR087C,0,-4.8083286,0.2513088881969452,0.2735042870044708,0.08148147910833359
YPR001W,YLR417W,0,-4.8087664,0.2506527304649353,0.2735042870044708,0.08176638185977936
YLR394W,YFL017W-A,0,-4.808796,0.25,0.2735042870044708,0.08205128461122513
YNL274C,YIL056W,0,-4.808956,0.2493506520986557,0.2735042870044708,0.0823361799120903
YPR046W,YEL037C,0,-4.8093376,0.24870465695858002,0.2735042870044708,0.08262108266353607
YPR095C,YIL080W,0,-4.810712,0.24806201457977295,0.2735042870044708,0.08290598541498184
YOL069W,YLR346C,0,-4.8110104,0.24742268025875092,0.2735042870044708,0.08319088071584702
YKL025C,YDL195W,0,-4.8114905,0.24678663909435272,0.2735042870044708,0.08347578346729279
YFR013W,YER008C,0,-4.811667,0.2461538463830948,0.2735042870044708,0.08376068621873856
YMR119W,YJR140C,0,-4.8122406,0.2455243021249771,0.2735042870044708,0.08404558151960373
YLR078C,YDR081C,0,-4.8123035,0.2448979616165161,0.2735042870044708,0.0843304842710495
YCR038C,YAL022C,0,-4.813353,0.2442748099565506,0.2735042870044708,0.08461538702249527
YKL086W,YJR086W,0,-4.813589,0.24365481734275818,0.2735042870044708,0.08490028232336044
YKL011C,YJL090C,1,-4.8136487,0.2455696165561676,0.27635326981544495,0.08490028232336044
YHR084W,YCR084C,0,-4.814398,0.24494948983192444,0.27635326981544495,0.08518518507480621
YBR267W,YBR087W,0,-4.8149977,0.24433249235153198,0.27635326981544495,0.08547008782625198
YFL041W,YAL022C,0,-4.815203,0.24371859431266785,0.27635326981544495,0.08575498312711716
YLR329W,YMR106C,1,-4.815812,0.24561403691768646,0.27920228242874146,0.08575498312711716
YNL084C,YIL084C,0,-4.8169575,0.24500000476837158,0.27920228242874146,0.08603988587856293
YDR320C-A,YPR065W,0,-4.8179092,0.24438902735710144,0.27920228242874146,0.0863247886300087
YMR052W,YML033W,0,-4.818099,0.24378108978271484,0.27920228242874146,0.08660968393087387
YDR298C,YBR231C,0,-4.8184366,0.2431761771440506,0.27920228242874146,0.08689458668231964
YFL003C,YMR284W,1,-4.81936,0.24504950642585754,0.28205129504203796,0.08689458668231964
YJR131W,YHR084W,0,-4.8195305,0.24444444477558136,0.28205129504203796,0.08717948943376541
YLR081W,YOL069W,0,-4.8213544,0.24384236335754395,0.28205129504203796,0.08746438473463058
YKR007W,YGR222W,0,-4.822589,0.2432432472705841,0.28205129504203796,0.08774928748607635
YGR010W,YJL203W,0,-4.822673,0.24264705181121826,0.28205129504203796,0.08803419023752213
YOR349W,YIL029C,0,-4.8231306,0.2420537918806076,0.28205129504203796,0.0883190855383873
YER019W,YMR216C,0,-4.8231487,0.24146340787410736,0.28205129504203796,0.08860398828983307
YGR230W,YER035W,0,-4.8249683,0.24087591469287872,0.28205129504203796,0.08888889104127884
YPR032W,YPL253C,0,-4.8264637,0.2402912676334381,0.28205129504203796,0.08917378634214401
YML032C,YLR467W,1,-4.8269978,0.24213075637817383,0.2849002778530121,0.08917378634214401
YPL269W,YML023C,0,-4.8271685,0.2415459007024765,0.2849002778530121,0.08945868909358978
YMR183C,YHL009C,0,-4.8286805,0.2409638613462448,0.2849002778530121,0.08974359184503555
YOR036W,YDR181C,0,-4.8292,0.24038460850715637,0.2849002778530121,0.09002848714590073
YDR098C,YNL054W-A,0,-4.8294926,0.23980815708637238,0.2849002778530121,0.0903133898973465
YDL006W,YOR212W,0,-4.830973,0.23923444747924805,0.2849002778530121,0.09059829264879227
YOR099W,YMR216C,0,-4.831088,0.2386634796857834,0.2849002778530121,0.09088318794965744
YKL011C,YHR167W,1,-4.8315334,0.24047619104385376,0.2877492904663086,0.09088318794965744
YOL130W,YGR038C-B,0,-4.8321013,0.23990498483181,0.2877492904663086,0.09116809070110321
YDR231C,YPL033C,0,-4.83244,0.23933649063110352,0.2877492904663086,0.09145299345254898
YMR119W,YGL013C,0,-4.832692,0.23877067863941193,0.2877492904663086,0.09173788875341415
YDR298C,YOR179C,0,-4.8338428,0.23820754885673523,0.2877492904663086,0.09202279150485992
YKL112W,YGL124C,0,-4.8339367,0.23764705657958984,0.2877492904663086,0.0923076942563057
YBR211C,YLR090W,0,-4.833978,0.23708920180797577,0.2877492904663086,0.09259258955717087
YPR002W,YIR015W,0,-4.8343153,0.23653395473957062,0.2877492904663086,0.09287749230861664
YCR107W,YLR025W,0,-4.8356857,0.2359813153743744,0.2877492904663086,0.09316239506006241
YER008C,YPR032W,0,-4.8360577,0.2354312390089035,0.2877492904663086,0.09344729036092758
YJL090C,YML032C,1,-4.8374352,0.23720930516719818,0.2905983030796051,0.09344729036092758
YCL016C,YDR460W,0,-4.8374405,0.23665893077850342,0.2905983030796051,0.09373219311237335
YDL017W,YKL086W,0,-4.8378897,0.2361111044883728,0.2905983030796051,0.09401709586381912
YOR103C,YER008C,0,-4.8382983,0.23556582629680634,0.2905983030796051,0.0943019911646843
YBR038W,YOR287C,0,-4.838379,0.23502303659915924,0.2905983030796051,0.09458689391613007
YGL180W,YDR191W,0,-4.8386297,0.2344827651977539,0.2905983030796051,0.09487179666757584
YJL203W,YCR084C,0,-4.8396735,0.23394495248794556,0.2905983030796051,0.09515669196844101
YLR381W,YKR055W,0,-4.840066,0.23340961337089539,0.2905983030796051,0.09544159471988678
YNL311C,YDR131C,0,-4.840458,0.232876718044281,0.2905983030796051,0.09572649747133255
YKL112W,YKL146W,0,-4.8406286,0.23234623670578003,0.2905983030796051,0.09601139277219772
YNL262W,YAL032C,0,-4.8408384,0.23181818425655365,0.2905983030796051,0.0962962955236435
YEL037C,YNL154C,0,-4.841285,0.2312925159931183,0.2905983030796051,0.09658119827508926
YGL142C,YER106W,0,-4.8414183,0.23076923191547394,0.2905983030796051,0.09686609357595444
YJL203W,YML097C,0,-4.8416576,0.23024830222129822,0.2905983030796051,0.09715099632740021
YGL226C-A,YIL080W,0,-4.8416934,0.22972972691059113,0.2905983030796051,0.09743589907884598
YPR025C,YDL098C,0,-4.841976,0.22921347618103027,0.2905983030796051,0.09772079437971115
YLR078C,YDR498C,0,-4.841998,0.22869955003261566,0.2905983030796051,0.09800569713115692
YMR225C,YIL029C,0,-4.842511,0.2281879186630249,0.2905983030796051,0.09829059988260269
YFL003C,YDL154W,1,-4.8433757,0.2299107164144516,0.2934472858905792,0.09829059988260269
YCL014W,YLR424W,0,-4.844412,0.2293986678123474,0.2934472858905792,0.09857549518346786
YNL039W,YPL248C,0,-4.845437,0.2288888841867447,0.2934472858905792,0.09886039793491364
YNL302C,YCL005W-A,0,-4.8455186,0.22838138043880463,0.2934472858905792,0.0991453006863594
YMR138W,YFR052W,0,-4.845578,0.22787611186504364,0.2934472858905792,0.09943019598722458
YDR386W,YDR076W,1,-4.8459806,0.2295805811882019,0.29629629850387573,0.09943019598722458
YDR009W,YDR456W,0,-4.8461547,0.2290748953819275,0.29629629850387573,0.09971509873867035
YGL008C,YIL123W,0,-4.846649,0.22857142984867096,0.29629629850387573,0.10000000149011612
YER179W,YOR144C,1,-4.846752,0.23026315867900848,0.29914531111717224,0.10000000149011612
YNL148C,YHR116W,0,-4.8469744,0.2297593057155609,0.29914531111717224,0.10028489679098129
YOR330C,YMR225C,0,-4.847123,0.22925764322280884,0.29914531111717224,0.10056979954242706
YFL011W,YLR010C,0,-4.8471727,0.22875817120075226,0.29914531111717224,0.10085470229387283
YDL225W,YDR451C,0,-4.847805,0.22826087474822998,0.29914531111717224,0.101139597594738
YLR006C,YOR088W,0,-4.84869,0.22776572406291962,0.29914531111717224,0.10142450034618378
YMR076C,YLR240W,0,-4.849298,0.22727273404598236,0.29914531111717224,0.10170940309762955
YDR142C,YML131W,0,-4.849884,0.22678185999393463,0.29914531111717224,0.10199429839849472
YCL026C-A,YDR425W,0,-4.8502617,0.22629310190677643,0.29914531111717224,0.10227920114994049
YDR289C,YDR180W,1,-4.8502865,0.22795699536800385,0.30199429392814636,0.10227920114994049
YDR208W,YGR111W,0,-4.85197,0.22746780514717102,0.30199429392814636,0.10256410390138626
YCL014W,YGR063C,0,-4.8520517,0.22698073089122772,0.30199429392814636,0.10284899920225143
YPL234C,YGR111W,0,-4.852111,0.22649572789669037,0.30199429392814636,0.1031339019536972
YHR175W,YAL009W,0,-4.8522015,0.22601279616355896,0.30199429392814636,0.10341880470514297
YMR076C,YNR006W,0,-4.852499,0.2255319207906723,0.30199429392814636,0.10370370000600815
YPL234C,YOR172W,0,-4.852622,0.225053071975708,0.30199429392814636,0.10398860275745392
YML058W-A,YLR355C,0,-4.853305,0.22457626461982727,0.30199429392814636,0.10427350550889969
YDL154W,YDR180W,1,-4.853352,0.2262156456708908,0.30484330654144287,0.10427350550889969
YIL022W,YOR088W,0,-4.85348,0.22573839128017426,0.30484330654144287,0.10455840826034546
YJL203W,YIL084C,0,-4.8542767,0.22526316344738007,0.30484330654144287,0.10484330356121063
YNL312W,YDR207C,1,-4.854841,0.22689075767993927,0.3076923191547394,0.10484330356121063
YBR038W,YML058W-A,0,-4.856259,0.22641509771347046,0.3076923191547394,0.1051282063126564
YFL010W-A,YDR116C,0,-4.856342,0.22594141960144043,0.3076923191547394,0.10541310906410217
YJR017C,YHR161C,0,-4.8566275,0.22546972334384918,0.3076923191547394,0.10569800436496735
YNL307C,YJR045C,0,-4.8568134,0.22499999403953552,0.3076923191547394,0.10598290711641312
YOR322C,YOR221C,0,-4.85683,0.22453223168849945,0.3076923191547394,0.10626780986785889
YIL159W,YMR270C,0,-4.85747,0.22406639158725739,0.3076923191547394,0.10655270516872406
YLR007W,YMR216C,0,-4.859332,0.22360248863697052,0.3076923191547394,0.10683760792016983
YNL014W,YBR058C-A,0,-4.85946,0.22314049303531647,0.3076923191547394,0.1071225106716156
YNR015W,YCL005W-A,0,-4.8598375,0.22268041968345642,0.3076923191547394,0.10740740597248077
YMR079W,YCR080W,0,-4.8603973,0.2222222238779068,0.3076923191547394,0.10769230872392654
YEL004W,YER005W,0,-4.860652,0.2217659205198288,0.3076923191547394,0.10797721147537231
YIL142W,YGL190C,0,-4.8626566,0.22131147980690002,0.3076923191547394,0.10826210677623749
YDR386W,YMR284W,1,-4.863498,0.22290389239788055,0.3105413019657135,0.10826210677623749
YPR052C,YCL075W,0,-4.863767,0.22244897484779358,0.3105413019657135,0.10854700952768326
YOL156W,YFR031C,0,-4.8639965,0.22199591994285583,0.3105413019657135,0.10883191227912903
YFR024C,YDR456W,0,-4.8644094,0.22154471278190613,0.3105413019657135,0.1091168075799942
YNL118C,YGR024C,0,-4.865253,0.22109533846378326,0.3105413019657135,0.10940171033143997
YPL190C,YLR268W,0,-4.8654823,0.22064776718616486,0.3105413019657135,0.10968661308288574
YFL003C,YNL088W,1,-4.8661633,0.2222222238779068,0.31339031457901,0.10968661308288574
YML062C,YNL312W,1,-4.866435,0.22379031777381897,0.3162393271923065,0.10968661308288574
YDR276C,YPL234C,0,-4.8665032,0.22334003448486328,0.3162393271923065,0.10997150838375092
YAL009W,YOR148C,0,-4.867188,0.22289156913757324,0.3162393271923065,0.11025641113519669
YER167W,YLR410W-B,0,-4.868179,0.22244489192962646,0.3162393271923065,0.11054131388664246
YDR320C-A,YKR079C,0,-4.8683825,0.22200000286102295,0.3162393271923065,0.11082620918750763
YFR024C,YOR209C,0,-4.8686843,0.2215568870306015,0.3162393271923065,0.1111111119389534
YAL054C,YCR028C,0,-4.870228,0.22111554443836212,0.3162393271923065,0.11139601469039917
YOL077W-A,YDL080C,0,-4.870474,0.22067594528198242,0.3162393271923065,0.11168090999126434
YJR150C,YJL133W,0,-4.8705816,0.2202380895614624,0.3162393271923065,0.11196581274271011
YMR069W,YDL098C,0,-4.8713818,0.21980197727680206,0.3162393271923065,0.11225071549415588
YGL105W,YOL077W-A,0,-4.8719225,0.2193675935268402,0.3162393271923065,0.11253561079502106
YDR337W,YKL042W,0,-4.873148,0.21893490850925446,0.3162393271923065,0.11282051354646683
YML062C,YMR224C,1,-4.873804,0.22047244012355804,0.31908831000328064,0.11282051354646683
YFL021W,YMR175W,0,-4.8743553,0.22003929316997528,0.31908831000328064,0.1131054162979126
YLR394W,YHR200W,0,-4.8756475,0.21960784494876862,0.31908831000328064,0.11339031159877777
YOL077W-A,YER088C,0,-4.875813,0.21917808055877686,0.31908831000328064,0.11367521435022354
YGL190C,YNR010W,0,-4.8782177,0.21875,0.31908831000328064,0.11396011710166931
YMR214W,YKL095W,0,-4.8793035,0.21832358837127686,0.31908831000328064,0.11424501240253448
YBL009W,YLR319C,0,-4.8795404,0.21789883077144623,0.31908831000328064,0.11452991515398026
YOL156W,YNL262W,0,-4.8795877,0.21747572720050812,0.31908831000328064,0.11481481790542603
YLR081W,YPL082C,0,-4.8796873,0.21705426275730133,0.31908831000328064,0.1150997132062912
YOL031C,YOR172W,0,-4.8800178,0.21663442254066467,0.31908831000328064,0.11538461595773697
YOL045W,YAR009C,0,-4.880048,0.21621622145175934,0.31908831000328064,0.11566951870918274
YJL183W,YML127W,0,-4.880191,0.21579961478710175,0.31908831000328064,0.11595441401004791
YDL140C,YLL011W,0,-4.8802924,0.2153846174478531,0.31908831000328064,0.11623931676149368
YDL232W,YIL029C,0,-4.880576,0.21497121453285217,0.31908831000328064,0.11652421951293945
YAR008W,YNL167C,0,-4.880698,0.2145593911409378,0.31908831000328064,0.11680911481380463
YDR318W,YHR012W,0,-4.8820457,0.2141491323709488,0.31908831000328064,0.1170940175652504
YGR097W,YPL018W,0,-4.882409,0.21374045312404633,0.31908831000328064,0.11737892031669617
YJR091C,YKL080W,0,-4.8824854,0.2133333384990692,0.31908831000328064,0.11766381561756134
YMR224C,YNL312W,1,-4.8825974,0.21482889354228973,0.32193732261657715,0.11766381561756134
YIL034C,YOL122C,0,-4.8828387,0.21442125737667084,0.32193732261657715,0.11794871836900711
YNL148C,YBR186W,0,-4.884185,0.2140151560306549,0.32193732261657715,0.11823362112045288
YOR319W,YHL009C,0,-4.884535,0.21361058950424194,0.32193732261657715,0.11851851642131805
YDR191W,YFR005C,0,-4.884614,0.21320754289627075,0.32193732261657715,0.11880341917276382
YGL073W,YGR186W,0,-4.884733,0.21280603110790253,0.32193732261657715,0.1190883219242096
YOR172W,YAR009C,0,-4.885,0.2124060094356537,0.32193732261657715,0.11937321722507477
YOR034C,YGR261C,0,-4.8854084,0.21200750768184662,0.32193732261657715,0.11965811997652054
YBR038W,YOR088W,0,-4.8858504,0.21161048114299774,0.32193732261657715,0.11994302272796631
YIR005W,YMR283C,0,-4.886055,0.21121495962142944,0.32193732261657715,0.12022791802883148
YGR249W,YOR149C,0,-4.886265,0.21082089841365814,0.32193732261657715,0.12051282078027725
YMR138W,YBR273C,0,-4.8863535,0.21042831242084503,0.32193732261657715,0.12079772353172302
YER179W,YDR180W,1,-4.8867283,0.2118959128856659,0.32478633522987366,0.12079772353172302
YBR275C,YLR346C,0,-4.88705,0.2115027755498886,0.32478633522987366,0.1210826188325882
YGR097W,YOR098C,0,-4.8871737,0.21111111342906952,0.32478633522987366,0.12136752158403397
YMR069W,YER008C,0,-4.887884,0.21072088181972504,0.32478633522987366,0.12165242433547974
YGR218W,YBR058C-A,0,-4.8878984,0.21033211052417755,0.32478633522987366,0.12193731963634491
YNL262W,YPR018W,0,-4.8899307,0.20994475483894348,0.32478633522987366,0.12222222238779068
YML062C,YFL003C,1,-4.890037,0.21139705181121826,0.3276353180408478,0.12222222238779068
YPL110C,YHR160C,0,-4.8900404,0.2110091745853424,0.3276353180408478,0.12250712513923645
YDL175C,YDR320C-A,0,-4.89006,0.21062271296977997,0.3276353180408478,0.12279202044010162
YKL025C,YBR240C,0,-4.8901186,0.21023766696453094,0.3276353180408478,0.1230769231915474
YDR318W,YLR008C,0,-4.89032,0.20985402166843414,0.3276353180408478,0.12336182594299316
YCL026C-A,YAR009C,0,-4.891142,0.20947176218032837,0.3276353180408478,0.12364672124385834
YKR055W,YKL086W,0,-4.892412,0.20909090340137482,0.3276353180408478,0.12393162399530411
YOR144C,YLR467W,1,-4.8927,0.21052631735801697,0.3304843306541443,0.12393162399530411
YBR211C,YBR024W,0,-4.893717,0.21014492213726044,0.3304843306541443,0.12421652674674988
YOL001W,YPL208W,0,-4.8941693,0.20976491272449493,0.3304843306541443,0.12450142204761505
YMR232W,YLR116W,0,-4.8942823,0.20938627421855927,0.3304843306541443,0.12478632479906082
YCL026C-A,YNL328C,0,-4.894606,0.20900900661945343,0.3304843306541443,0.1250712275505066
YCL014W,YFR024C,0,-4.896068,0.20863309502601624,0.3304843306541443,0.12535612285137177
YML132W,YML092C,0,-4.896888,0.2082585245370865,0.3304843306541443,0.12564103305339813
YMR052W,YNR023W,0,-4.8972864,0.20788531005382538,0.3304843306541443,0.1259259283542633
YOL049W,YDR174W,0,-4.8974104,0.20751342177391052,0.3304843306541443,0.12621082365512848
YDL197C,YER005W,0,-4.897723,0.20714285969734192,0.3304843306541443,0.12649573385715485
YER164W,YPL253C,0,-4.897955,0.20677362382411957,0.3304843306541443,0.12678062915802002
YNL241C,YCL019W,0,-4.8981924,0.20640569925308228,0.3304843306541443,0.1270655244588852
YIL131C,YIL022W,0,-4.8982124,0.20603907108306885,0.3304843306541443,0.12735043466091156
YLR394W,YHL009C,0,-4.8994713,0.20567375421524048,0.3304843306541443,0.12763532996177673
YDL154W,YDR289C,1,-4.900178,0.20707964897155762,0.3333333432674408,0.12763532996177673
YHR119W,YML097C,0,-4.900485,0.20671378076076508,0.3333333432674408,0.1279202252626419
YFL009W,YEL041W,0,-4.9009805,0.2063492089509964,0.3333333432674408,0.12820513546466827
YHR200W,YDR359C,0,-4.900986,0.2059859186410904,0.3333333432674408,0.12849003076553345
YBR234C,YML055W,0,-4.901161,0.20562389492988586,0.3333333432674408,0.12877492606639862
YGL122C,YNL167C,0,-4.901237,0.205263152718544,0.3333333432674408,0.129059836268425
YHR169W,YML047C,0,-4.9018893,0.20490367710590363,0.3333333432674408,0.12934473156929016
YML012W,YDL109C,0,-4.9032993,0.20454545319080353,0.3333333432674408,0.12962962687015533
YLR219W,YDL154W,1,-4.9037685,0.20593367516994476,0.3361823260784149,0.12962962687015533
YBR210W,YLR135W,0,-4.90394,0.2055749148130417,0.3361823260784149,0.1299145370721817
YER164W,YLL061W,0,-4.9052196,0.2052173912525177,0.3361823260784149,0.13019943237304688
YOL063C,YBR218C,0,-4.905332,0.2048611044883728,0.3361823260784149,0.13048432767391205
YCR107W,YPR070W,0,-4.906071,0.2045060694217682,0.3361823260784149,0.13076923787593842
YBR201W,YFR013W,0,-4.906096,0.20415225625038147,0.3361823260784149,0.1310541331768036
YOR386W,YNL131W,0,-4.906427,0.20379965007305145,0.3361823260784149,0.13133902847766876
YDR345C,YDL138W,0,-4.9065456,0.20344828069210052,0.3361823260784149,0.13162393867969513
YDR076W,YLR467W,1,-4.9069524,0.20481927692890167,0.3390313386917114,0.13162393867969513
YBR002C,YKL042W,0,-4.9074936,0.20446735620498657,0.3390313386917114,0.1319088339805603
YJR092W,YKL055C,0,-4.907832,0.20411664247512817,0.3390313386917114,0.13219372928142548
YMR029C,YBL058W,0,-4.9080667,0.20376712083816528,0.3390313386917114,0.13247863948345184
YML127W,YDL109C,0,-4.908366,0.2034188061952591,0.3390313386917114,0.13276353478431702
YFL029C,YCL027W,0,-4.9086185,0.20307166874408722,0.3390313386917114,0.1330484300851822
YPL242C,YPR086W,0,-4.909385,0.20272572338581085,0.3390313386917114,0.13333334028720856
YDR214W,YML049C,0,-4.9097166,0.2023809552192688,0.3390313386917114,0.13361823558807373
YKR055W,YML039W,0,-4.9101453,0.20203734934329987,0.3390313386917114,0.1339031308889389
YLR195C,YCR044C,0,-4.9104633,0.20169492065906525,0.3390313386917114,0.13418804109096527
YIR033W,YJR028W,0,-4.910472,0.20135363936424255,0.3390313386917114,0.13447293639183044
YGL175C,YDR207C,1,-4.9106674,0.20270270109176636,0.34188035130500793,0.13447293639183044
YOL066C,YFL008W,0,-4.9107265,0.20236088335514069,0.34188035130500793,0.13475783169269562
YBR278W,YEL041W,0,-4.911282,0.20202019810676575,0.34188035130500793,0.13504274189472198
YIR005W,YEL062W,0,-4.911624,0.20168067514896393,0.34188035130500793,0.13532763719558716
YGL192W,YJL102W,0,-4.9124327,0.20134228467941284,0.34188035130500793,0.13561253249645233
YDL140C,YLR035C-A,0,-4.9126368,0.2010050266981125,0.34188035130500793,0.1358974426984787
YNL020C,YHR084W,0,-4.912935,0.20066890120506287,0.34188035130500793,0.13618233799934387
YPL082C,YDL135C,0,-4.9136705,0.20033389329910278,0.34188035130500793,0.13646723330020905
YNL136W,YGR014W,0,-4.914115,0.20000000298023224,0.34188035130500793,0.1367521435022354
YER106W,YJL108C,0,-4.91559,0.19966721534729004,0.34188035130500793,0.13703703880310059
YFR024C,YBL050W,0,-4.917343,0.19933554530143738,0.34188035130500793,0.13732193410396576
YDL126C,YKL025C,0,-4.9180303,0.19900497794151306,0.34188035130500793,0.13760684430599213
YKL220C,YLR035C-A,0,-4.918065,0.1986754983663559,0.34188035130500793,0.1378917396068573
YNL153C,YJR028W,0,-4.9181147,0.19834710657596588,0.34188035130500793,0.13817663490772247
YFR024C,YKL122C,0,-4.91815,0.19801980257034302,0.34188035130500793,0.13846154510974884
YHR005C,YOR171C,0,-4.918494,0.1976935714483261,0.34188035130500793,0.138746440410614
YJL006C,YGL004C,0,-4.918562,0.19736842811107635,0.34188035130500793,0.1390313357114792
YOR180C,YHR001W-A,0,-4.918813,0.19704432785511017,0.34188035130500793,0.13931624591350555
YPL248C,YOR142W-B,0,-4.918857,0.19672131538391113,0.34188035130500793,0.13960114121437073
YDR059C,YDR316W-B,0,-4.92015,0.19639934599399567,0.34188035130500793,0.1398860365152359
YDR309C,YBL105C,0,-4.921462,0.19607843458652496,0.34188035130500793,0.14017094671726227
YBR275C,YBR192W,0,-4.921586,0.19575856626033783,0.34188035130500793,0.14045584201812744
YBL009W,YOR322C,0,-4.9216003,0.19543974101543427,0.34188035130500793,0.14074073731899261
YGR097W,YML102W,0,-4.9218435,0.19512194395065308,0.34188035130500793,0.14102564752101898
YKL191W,YHR119W,0,-4.9231534,0.19480518996715546,0.34188035130500793,0.14131054282188416
YGR158C,YBR049C,0,-4.9235234,0.1944894641637802,0.34188035130500793,0.14159543812274933
YLR329W,YNL312W,1,-4.9239798,0.19579288363456726,0.34472933411598206,0.14159543812274933
YDL098C,YLR425W,0,-4.924596,0.19547657668590546,0.34472933411598206,0.1418803483247757
YDL036C,YBR283C,0,-4.9250145,0.19516128301620483,0.34472933411598206,0.14216524362564087
YBR258C,YDR189W,0,-4.9254217,0.1948470175266266,0.34472933411598206,0.14245013892650604
YJL090C,YHR167W,1,-4.925836,0.19614148139953613,0.34757834672927856,0.14245013892650604
YNL281W,YFR013W,0,-4.9264765,0.19582664966583252,0.34757834672927856,0.1427350491285324
YDR481C,YIL061C,0,-4.9269686,0.1955128163099289,0.34757834672927856,0.14301994442939758
YKL112W,YBR024W,0,-4.9272985,0.19519999623298645,0.34757834672927856,0.14330483973026276
YNR015W,YLR090W,0,-4.9276485,0.194888174533844,0.34757834672927856,0.14358974993228912
YMR150C,YMR021C,0,-4.92768,0.19457735121250153,0.34757834672927856,0.1438746452331543
YDR453C,YLR262C,0,-4.927776,0.19426751136779785,0.34757834672927856,0.14415954053401947
YDR205W,YOR064C,0,-4.9278264,0.19395866990089417,0.34757834672927856,0.14444445073604584
YOR239W,YMR076C,0,-4.9280996,0.19365079700946808,0.34757834672927856,0.144729346036911
YDR298C,YFL029C,0,-4.9281354,0.1933438926935196,0.34757834672927856,0.14501424133777618
YOR103C,YMR013C,0,-4.92851,0.1930379718542099,0.34757834672927856,0.14529915153980255
YCR107W,YGR038C-B,0,-4.928911,0.1927330195903778,0.34757834672927856,0.14558404684066772
YGL229C,YCL005W-A,0,-4.928921,0.19242902100086212,0.34757834672927856,0.1458689421415329
YJR150C,YLR135W,0,-4.9289494,0.19212599098682404,0.34757834672927856,0.14615385234355927
YLR219W,YDR386W,1,-4.929599,0.19339622557163239,0.3504273593425751,0.14615385234355927
YMR052W,YOL066C,0,-4.9299517,0.19309261441230774,0.3504273593425751,0.14643874764442444
YJL090C,YML062C,1,-4.930601,0.19435736536979675,0.3532763421535492,0.14643874764442444
YDL088C,YBR159W,0,-4.93142,0.19405320286750793,0.3532763421535492,0.1467236429452896
YML012W,YML039W,0,-4.9315395,0.19374999403953552,0.3532763421535492,0.14700855314731598
YNL307C,YML049C,0,-4.9322224,0.19344773888587952,0.3532763421535492,0.14729344844818115
YOL002C,YCL075W,0,-4.9332314,0.19314642250537872,0.3532763421535492,0.14757834374904633
YDL143W,YOR088W,0,-4.93335,0.19284602999687195,0.3532763421535492,0.1478632539510727
YHR061C,YDL109C,0,-4.933769,0.19254659116268158,0.3532763421535492,0.14814814925193787
YER169W,YLR135W,0,-4.9338465,0.19224806129932404,0.3532763421535492,0.14843304455280304
YPL096C-A,YOL129W,0,-4.934181,0.1919504702091217,0.3532763421535492,0.1487179547548294
YIL159W,YNL281W,0,-4.934388,0.1916537880897522,0.3532763421535492,0.14900285005569458
YFL029C,YBR258C,0,-4.934662,0.1913580298423767,0.3532763421535492,0.14928774535655975
YAL032C,YCR042C,0,-4.9352894,0.19106318056583405,0.3532763421535492,0.14957265555858612
YDR320C-A,YBR002C,0,-4.935527,0.190769225358963,0.3532763421535492,0.1498575508594513
YDL154W,YMR284W,1,-4.935566,0.19201229512691498,0.3561253547668457,0.1498575508594513
YPL268W,YBR275C,0,-4.935726,0.19171778857707977,0.3561253547668457,0.15014244616031647
YGR285C,YLR035C-A,0,-4.9357467,0.1914241909980774,0.3561253547668457,0.15042735636234283
YPL100W,YJR028W,0,-4.9361095,0.19113150238990784,0.3561253547668457,0.150712251663208
YML047C,YAL009W,0,-4.9362407,0.19083969295024872,0.3561253547668457,0.15099714696407318
YPR057W,YJL008C,0,-4.936331,0.19054877758026123,0.3561253547668457,0.15128205716609955
YCR038C,YBR037C,0,-4.9369836,0.19025875627994537,0.3561253547668457,0.15156695246696472
YOR272W,YCR062W,0,-4.937887,0.18996959924697876,0.3561253547668457,0.1518518477678299
YOR307C,YLR035C-A,0,-4.9381166,0.18968133628368378,0.3561253547668457,0.15213675796985626
YKL011C,YLR329W,1,-4.938236,0.19090908765792847,0.3589743673801422,0.15213675796985626
YOL009C,YBR058C-A,0,-4.9387608,0.1906202733516693,0.3589743673801422,0.15242165327072144
YLR160C,YOR088W,0,-4.938865,0.1903323233127594,0.3589743673801422,0.1527065485715866
YBR201W,YLR059C,0,-4.939059,0.19004525244235992,0.3589743673801422,0.15299145877361298
YOR064C,YKL088W,0,-4.9393344,0.1897590309381485,0.3589743673801422,0.15327635407447815
YER167W,YGL143C,0,-4.9396086,0.1894736886024475,0.3589743673801422,0.15356124937534332
YBL016W,YAL009W,0,-4.9398837,0.18918919563293457,0.3589743673801422,0.1538461595773697
YOR005C,YDL109C,0,-4.9401903,0.18890555202960968,0.3589743673801422,0.15413105487823486
YOR079C,YPL096C-A,0,-4.940197,0.18862275779247284,0.3589743673801422,0.15441595017910004
YMR076C,YMR175W,0,-4.9403324,0.18834081292152405,0.3589743673801422,0.1547008603811264
YNL070W,YLR193C,0,-4.9404716,0.1880597025156021,0.3589743673801422,0.15498575568199158
YHR160C,YCL074W,0,-4.9413624,0.18777942657470703,0.3589743673801422,0.15527065098285675
YLL015W,YPR082C,0,-4.9422126,0.1875,0.3589743673801422,0.15555556118488312
YCL014W,YPR032W,0,-4.942562,0.18722139298915863,0.3589743673801422,0.1558404564857483
YJL194W,YBR275C,0,-4.9434557,0.18694362044334412,0.3589743673801422,0.15612535178661346
YIL159W,YDL117W,0,-4.9438534,0.18666666746139526,0.3589743673801422,0.15641026198863983
YBR233W-A,YML113W,0,-4.9441195,0.18639053404331207,0.3589743673801422,0.156695157289505
YLL061W,YBR087W,0,-4.944395,0.18611522018909454,0.3589743673801422,0.15698005259037018
YIL034C,YPR070W,0,-4.9445753,0.18584071099758148,0.3589743673801422,0.15726496279239655
YCR080W,YFR003C,0,-4.94477,0.1855670064687729,0.3589743673801422,0.15754985809326172
YMR069W,YDR515W,0,-4.9449744,0.18529412150382996,0.3589743673801422,0.1578347533941269
YLR078C,YPR155C,0,-4.945009,0.1850220263004303,0.3589743673801422,0.15811966359615326
YBR233W-A,YMR109W,0,-4.9451838,0.1847507357597351,0.3589743673801422,0.15840455889701843
YFL057C,YMR073C,0,-4.945614,0.1844802349805832,0.3589743673801422,0.1586894541978836
YPR002W,YJL154C,0,-4.9457817,0.18421052396297455,0.3589743673801422,0.15897436439990997
YDR320C-A,YOR088W,0,-4.94594,0.18394160270690918,0.3589743673801422,0.15925925970077515
YJR074W,YDR276C,0,-4.946125,0.18367347121238708,0.3589743673801422,0.15954415500164032
YEL016C,YNL282W,0,-4.9463687,0.18340611457824707,0.3589743673801422,0.1598290652036667
YFR024C,YBR002C,0,-4.946437,0.18313953280448914,0.3589743673801422,0.16011396050453186
YDL154W,YLR467W,1,-4.9468184,0.18432511389255524,0.36182335019111633,0.16011396050453186
YPL269W,YFR052W,0,-4.9470043,0.18405796587467194,0.36182335019111633,0.16039885580539703
YGL190C,YJL214W,0,-4.947234,0.1837916076183319,0.36182335019111633,0.1606837660074234
YOR307C,YIL030C,0,-4.9475307,0.18352600932121277,0.36182335019111633,0.16096866130828857
YDR480W,YNL268W,0,-4.9481688,0.1832611858844757,0.36182335019111633,0.16125355660915375
YML033W,YDR451C,0,-4.948256,0.18299712240695953,0.36182335019111633,0.16153846681118011
YGL065C,YBR164C,0,-4.949398,0.18273381888866425,0.36182335019111633,0.1618233621120453
YGL247W,YLR262C,0,-4.949403,0.18247126042842865,0.36182335019111633,0.16210825741291046
YNL281W,YGL178W,0,-4.9500384,0.18220946192741394,0.36182335019111633,0.16239316761493683
YML097C,YMR089C,0,-4.950158,0.18194842338562012,0.36182335019111633,0.162678062915802
YBR038W,YGR003W,0,-4.950354,0.181688129901886,0.36182335019111633,0.16296295821666718
YGR227W,YLR424W,0,-4.950712,0.18142856657505035,0.36182335019111633,0.16324786841869354
YNR075W,YLR195C,0,-4.950986,0.1811697632074356,0.36182335019111633,0.16353276371955872
YGL226C-A,YGL062W,0,-4.951268,0.18091167509555817,0.36182335019111633,0.1638176590204239
YPL018W,YPR104C,0,-4.9519672,0.18065433204174042,0.36182335019111633,0.16410256922245026
YDR013W,YOL117W,0,-4.953868,0.18039773404598236,0.36182335019111633,0.16438746452331543
YPL101W,YBR129C,0,-4.9541497,0.1801418513059616,0.36182335019111633,0.1646723598241806
YFR024C,YJL133W,0,-4.954171,0.17988668382167816,0.36182335019111633,0.16495727002620697
YGL172W,YDL195W,0,-4.9549346,0.1796322464942932,0.36182335019111633,0.16524216532707214
YFL018C,YDL128W,0,-4.955754,0.17937852442264557,0.36182335019111633,0.16552706062793732
YBR107C,YBR240C,0,-4.955828,0.17912553250789642,0.36182335019111633,0.16581197082996368
YDL045C,YPR083W,0,-4.95599,0.1788732409477234,0.36182335019111633,0.16609686613082886
YOR249C,YHR073W,0,-4.956001,0.17862166464328766,0.36182335019111633,0.16638176143169403
YBL047C,YNL014W,0,-4.9562087,0.17837078869342804,0.36182335019111633,0.1666666716337204
YHR124W,YKL088W,0,-4.956419,0.17812061309814453,0.36182335019111633,0.16695156693458557
YDL017W,YOL043C,0,-4.9567633,0.17787115275859833,0.36182335019111633,0.16723646223545074
YJL025W,YML131W,0,-4.9569416,0.17762237787246704,0.36182335019111633,0.1675213724374771
YIL084C,YML033W,0,-4.957105,0.17737430334091187,0.36182335019111633,0.16780626773834229
YER073W,YOR322C,0,-4.9571257,0.1771269142627716,0.36182335019111633,0.16809116303920746
YJR092W,YDR363W-A,0,-4.9572234,0.17688022553920746,0.36182335019111633,0.16837607324123383
YFL025C,YOR330C,0,-4.957382,0.17663420736789703,0.36182335019111633,0.168660968542099
YML032C,YNL339C,1,-4.9576855,0.17777778208255768,0.36467236280441284,0.168660968542099
YOR144C,YMR284W,1,-4.958914,0.17891816794872284,0.36752137541770935,0.168660968542099
YML092C,YLR025W,0,-4.960253,0.17867036163806915,0.36752137541770935,0.16894586384296417
YKR095W,YDR276C,0,-4.9612584,0.17842324078083038,0.36752137541770935,0.16923077404499054
YFR013W,YHR138C,0,-4.961418,0.17817679047584534,0.36752137541770935,0.1695156693458557
YPL026C,YEL041W,0,-4.9615736,0.1779310405254364,0.36752137541770935,0.1698005646467209
YML032C,YDR289C,1,-4.961592,0.1790633648633957,0.37037035822868347,0.1698005646467209
YBR050C,YNL131W,0,-4.9623923,0.17881706357002258,0.37037035822868347,0.17008547484874725
YGL065C,YIL106W,0,-4.962413,0.1785714328289032,0.37037035822868347,0.17037037014961243
YER032W,YMR270C,0,-4.962496,0.17832647264003754,0.37037035822868347,0.1706552654504776
YJR145C,YPR158W-A,0,-4.962559,0.1780821979045868,0.37037035822868347,0.17094017565250397
YEL027W,YIL128W,0,-4.962698,0.17783857882022858,0.37037035822868347,0.17122507095336914
YOR034C,YLR078C,0,-4.9644485,0.17759563028812408,0.37037035822868347,0.17150996625423431
YFL009W,YMR109W,0,-4.96492,0.17735333740711212,0.37037035822868347,0.17179487645626068
YAL042W,YJL034W,0,-4.96518,0.17711171507835388,0.37037035822868347,0.17207977175712585
YJL207C,YNL186W,0,-4.965254,0.17687074840068817,0.37037035822868347,0.17236466705799103
YOL130W,YGL013C,0,-4.965573,0.176630437374115,0.37037035822868347,0.1726495772600174
YGL190C,YNL070W,0,-4.9657774,0.17639076709747314,0.37037035822868347,0.17293447256088257
YBR159W,YJL128C,0,-4.9657965,0.17615176737308502,0.37037035822868347,0.17321936786174774
YHR158C,YBR129C,0,-4.9658294,0.17591339349746704,0.37037035822868347,0.1735042780637741
YDR289C,YNL088W,1,-4.968088,0.17702703177928925,0.37321937084198,0.1735042780637741
YDR180W,YLR467W,1,-4.968358,0.1781376451253891,0.3760683834552765,0.1735042780637741
YFR013W,YDL150W,0,-4.9687276,0.17789757251739502,0.3760683834552765,0.17378917336463928
YHR171W,YMR298W,0,-4.9691525,0.17765814065933228,0.3760683834552765,0.17407406866550446
YGR218W,YGR227W,0,-4.969651,0.17741934955120087,0.3760683834552765,0.17435897886753082
YCL004W,YNR006W,0,-4.970238,0.177181214094162,0.3760683834552765,0.174643874168396
YNR067C,YCL075W,0,-4.9702587,0.17694370448589325,0.3760683834552765,0.17492876946926117
YPL096C-A,YLR205C,0,-4.970504,0.17670682072639465,0.3760683834552765,0.17521367967128754
YNL280C,YCL005W-A,0,-4.9710236,0.1764705926179886,0.3760683834552765,0.1754985749721527
YMR298W,YLL056C,0,-4.972335,0.17623497545719147,0.3760683834552765,0.17578347027301788
YLR381W,YDR040C,0,-4.9728756,0.17599999904632568,0.3760683834552765,0.17606838047504425
YDL088C,YMR283C,0,-4.9730854,0.17576564848423004,0.3760683834552765,0.17635327577590942
YOR144C,YML062C,1,-4.973109,0.1768617033958435,0.3789173662662506,0.17635327577590942
YKR066C,YIR015W,0,-4.9735165,0.17662683129310608,0.3789173662662506,0.1766381710767746
YNL164C,YDR308C,0,-4.9736013,0.1763925701379776,0.3789173662662506,0.17692308127880096
YMR029C,YLR277C,0,-4.973921,0.17615893483161926,0.3789173662662506,0.17720797657966614
YFL011W,YBL026W,0,-4.9741435,0.17592592537403107,0.3789173662662506,0.1774928718805313
YDR423C,YOL002C,0,-4.9745264,0.17569352686405182,0.3789173662662506,0.17777778208255768
YNL118C,YNL068C,0,-4.975517,0.17546173930168152,0.3789173662662506,0.17806267738342285
YDR480W,YDR485C,0,-4.9757056,0.17523056268692017,0.3789173662662506,0.17834757268428802
YMR225C,YBR089C-A,0,-4.9757137,0.17499999701976776,0.3789173662662506,0.1786324828863144
YBR177C,YNL323W,0,-4.977095,0.1747700423002243,0.3789173662662506,0.17891737818717957
YJL090C,YDR076W,1,-4.9771624,0.17585301399230957,0.3817663788795471,0.17891737818717957
YKL220C,YCL008C,0,-4.9775696,0.17562253773212433,0.3817663788795471,0.17920227348804474
YKL005C,YDR309C,0,-4.9777555,0.17539267241954803,0.3817663788795471,0.1794871836900711
YLR010C,YJL139C,0,-4.978054,0.1751634031534195,0.3817663788795471,0.17977207899093628
YMR005W,YNR006W,0,-4.978282,0.1749347299337387,0.3817663788795471,0.18005697429180145
YLR242C,YBR201W,0,-4.9784203,0.17470665276050568,0.3817663788795471,0.18034188449382782
YOL108C,YPL153C,0,-4.9785585,0.1744791716337204,0.3817663788795471,0.180626779794693
YFL003C,YDR207C,1,-4.980494,0.17555266618728638,0.38461539149284363,0.180626779794693
YIL061C,YKR079C,0,-4.9807525,0.1753246784210205,0.38461539149284363,0.18091167509555817
YMR283C,YFL004W,0,-4.9808645,0.1750972718000412,0.38461539149284363,0.18119658529758453
YHR194W,YFR005C,0,-4.980982,0.17487046122550964,0.38461539149284363,0.1814814805984497
YDL117W,YFL008W,0,-4.9811974,0.17464424669742584,0.38461539149284363,0.18176637589931488
YML058W-A,YMR079W,0,-4.981355,0.1744185984134674,0.38461539149284363,0.18205128610134125
YGL068W,YNL262W,0,-4.981366,0.17419354617595673,0.38461539149284363,0.18233618140220642
YLR329W,YLR467W,1,-4.981369,0.17525772750377655,0.38746437430381775,0.18233618140220642
YNL230C,YML114C,0,-4.9819965,0.17503216862678528,0.38746437430381775,0.1826210767030716
YLL015W,YKL139W,0,-4.982009,0.17480719089508057,0.38746437430381775,0.18290598690509796
YLR078C,YKL095W,0,-4.9822474,0.17458279430866241,0.38746437430381775,0.18319088220596313
YOR079C,YPL190C,0,-4.9822946,0.17435897886753082,0.38746437430381775,0.1834757775068283
YDL154W,YHR167W,1,-4.982475,0.17541612684726715,0.39031338691711426,0.1834757775068283
YNL230C,YLR034C,0,-4.9828506,0.17519181966781616,0.39031338691711426,0.18376068770885468
YHR039C,YMR106C,1,-4.983117,0.17624521255493164,0.39316239953041077,0.18376068770885468
YFL048C,YFL011W,0,-4.983206,0.17602041363716125,0.39316239953041077,0.18404558300971985
YJL065C,YHR194W,0,-4.9836226,0.17579618096351624,0.39316239953041077,0.18433047831058502
YIL022W,YDR131C,0,-4.983815,0.17557251453399658,0.39316239953041077,0.1846153885126114
YJR093C,YMR026C,0,-4.984207,0.1753494292497635,0.39316239953041077,0.18490028381347656
YGL035C,YOR142W-B,0,-4.9843464,0.17512691020965576,0.39316239953041077,0.18518517911434174
YMR175W,YML131W,0,-4.984413,0.1749049425125122,0.39316239953041077,0.1854700893163681
YJL194W,YIR015W,0,-4.984557,0.17468354105949402,0.39316239953041077,0.18575498461723328
YML033W,YGR192C,0,-4.9852185,0.1744627058506012,0.39316239953041077,0.18603987991809845
YOR241W,YDR075W,0,-4.986387,0.17424242198467255,0.39316239953041077,0.18632479012012482
YDL029W,YDL140C,0,-4.986535,0.17402270436286926,0.39316239953041077,0.18660968542099
YDL154W,YLR329W,1,-4.9870863,0.17506296932697296,0.3960113823413849,0.18660968542099
YFL013C,YIR018W,0,-4.987541,0.17484275996685028,0.3960113823413849,0.18689458072185516
YJR022W,YBL105C,0,-4.987725,0.17462311685085297,0.3960113823413849,0.18717949092388153
YML114C,YDL109C,0,-4.987953,0.17440401017665863,0.3960113823413849,0.1874643862247467
YOL108C,YBL102W,0,-4.988097,0.17418546974658966,0.3960113823413849,0.18774928152561188
YOR002W,YOL142W,0,-4.9881897,0.17396746575832367,0.3960113823413849,0.18803419172763824
YJL214W,YBR273C,0,-4.9885178,0.17374999821186066,0.3960113823413849,0.18831908702850342
YCR048W,YBR275C,0,-4.9890437,0.17353308200836182,0.3960113823413849,0.1886039823293686
YFL009W,YML033W,0,-4.989325,0.17331670224666595,0.3960113823413849,0.18888889253139496
YOL133W,YDL232W,0,-4.9894567,0.17310087382793427,0.3960113823413849,0.18917378783226013
YMR224C,YDR386W,1,-4.989983,0.17412935197353363,0.3988603949546814,0.18917378783226013
YDL042C,YLR035C-A,0,-4.99043,0.17391304671764374,0.3988603949546814,0.1894586831331253
YJL021C,YGL030W,0,-4.990878,0.17369727790355682,0.3988603949546814,0.18974359333515167
YBR107C,YIR022W,0,-4.992626,0.1734820306301117,0.3988603949546814,0.19002848863601685
YMR224C,YMR284W,1,-4.993271,0.17450495064258575,0.4017094075679779,0.19002848863601685
YMR224C,YDR180W,1,-4.993372,0.17552533745765686,0.404558390378952,0.19002848863601685
YLR219W,YMR106C,1,-4.993476,0.1765432059764862,0.40740740299224854,0.19002848863601685
YLR034C,YLR424W,0,-4.99387,0.17632552981376648,0.40740740299224854,0.19031338393688202
YBR258C,YOR064C,0,-4.9939747,0.17610837519168854,0.40740740299224854,0.1905982941389084
YGL180W,YHR034C,0,-4.9942236,0.17589175701141357,0.40740740299224854,0.19088318943977356
YMR026C,YPL010W,0,-4.994671,0.1756756752729416,0.40740740299224854,0.19116808474063873
YMR284W,YNL339C,1,-4.994725,0.1766871213912964,0.41025641560554504,0.19116808474063873
YKL208W,YDR181C,0,-4.9948063,0.1764705926179886,0.41025641560554504,0.1914529949426651
YMR119W,YCL063W,0,-4.9949694,0.17625458538532257,0.41025641560554504,0.19173789024353027
YIL002C,YIL029C,0,-4.9964094,0.17603911459445953,0.41025641560554504,0.19202278554439545
YCR102C,YOR142W-B,0,-4.9967213,0.17582418024539948,0.41025641560554504,0.19230769574642181
YHR171W,YFL036W,0,-4.9968543,0.17560975253582,0.41025641560554504,0.192592591047287
YLR242C,YOL045W,0,-4.9970846,0.17539586126804352,0.41025641560554504,0.19287748634815216
YPL096C-A,YDR021W,0,-4.9973583,0.17518247663974762,0.41025641560554504,0.19316239655017853
YNL061W,YCL075W,0,-4.9975224,0.1749696284532547,0.41025641560554504,0.1934472918510437
YMR138W,YDL140C,0,-4.9984226,0.17475728690624237,0.41025641560554504,0.19373218715190887
YDR388W,YKL212W,0,-4.998495,0.17454545199871063,0.41025641560554504,0.19401709735393524
YGL143C,YKL088W,0,-4.9987087,0.17433413863182068,0.41025641560554504,0.19430199265480042
YAL015C,YPR086W,0,-4.999462,0.17412333190441132,0.41025641560554504,0.1945868879556656
YDR207C,YNL339C,1,-5.000334,0.1751207709312439,0.41310539841651917,0.1945868879556656
YPL153C,YDR453C,0,-5.000436,0.1749095320701599,0.41310539841651917,0.19487179815769196
YIR005W,YBR186W,0,-5.0005584,0.17469879984855652,0.41310539841651917,0.19515669345855713
YGR041W,YML058W-A,0,-5.0008497,0.17448857426643372,0.41310539841651917,0.1954415887594223
YNL026W,YFR003C,0,-5.0008526,0.1742788404226303,0.41310539841651917,0.19572649896144867
YER003C,YCR062W,0,-5.001286,0.1740696281194687,0.41310539841651917,0.19601139426231384
YJR076C,YDL079C,0,-5.0017786,0.17386090755462646,0.41310539841651917,0.19629628956317902
YBR275C,YPL208W,0,-5.001897,0.17365269362926483,0.41310539841651917,0.19658119976520538
YNL136W,YNL327W,0,-5.001912,0.1734449714422226,0.41310539841651917,0.19686609506607056
YDR163W,YDR131C,0,-5.0022526,0.17323775589466095,0.41310539841651917,0.19715099036693573
YBR132C,YAL042W,0,-5.0023856,0.1730310320854187,0.41310539841651917,0.1974359005689621
YPL188W,YBR231C,0,-5.0025167,0.17282478511333466,0.41310539841651917,0.19772079586982727
YOR319W,YMR263W,0,-5.0025616,0.1726190447807312,0.41310539841651917,0.19800569117069244
YLR219W,YFL003C,1,-5.003399,0.1736028492450714,0.4159544110298157,0.19800569117069244
YLR377C,YLR240W,0,-5.0037403,0.17339667677879333,0.4159544110298157,0.1982906013727188
YLR377C,YJR091C,0,-5.0037937,0.17319098114967346,0.4159544110298157,0.19857549667358398
YCR080W,YER005W,0,-5.0043063,0.17298577725887299,0.4159544110298157,0.19886039197444916
YIR041W,YOR148C,0,-5.004368,0.1727810651063919,0.4159544110298157,0.19914530217647552
YML032C,YNL088W,1,-5.0044713,0.173758864402771,0.4188034236431122,0.19914530217647552
YOR005C,YKL055C,0,-5.0046463,0.1735537201166153,0.4188034236431122,0.1994301974773407
YMR073C,YBR240C,0,-5.0047617,0.1733490526676178,0.4188034236431122,0.19971509277820587
YMR021C,YNL053W,0,-5.0049577,0.1731448769569397,0.4188034236431122,0.20000000298023224
YGR111W,YLR455W,0,-5.005172,0.1729411780834198,0.4188034236431122,0.2002848982810974
YDR289C,YLR467W,1,-5.0058174,0.17391304671764374,0.4216524362564087,0.2002848982810974
YMR012W,YPR083W,0,-5.0058956,0.17370891571044922,0.4216524362564087,0.20056979358196259
YER179W,YLR467W,1,-5.0060515,0.17467761039733887,0.4245014190673828,0.20056979358196259
YNL014W,YOL069W,0,-5.0062885,0.17447306215763092,0.4245014190673828,0.20085470378398895
YPL096C-A,YJR145C,0,-5.0069294,0.17426900565624237,0.4245014190673828,0.20113959908485413
YOR144C,YDR207C,1,-5.0069547,0.1752336472272873,0.4273504316806793,0.20113959908485413
YLL015W,YOR088W,0,-5.007088,0.17502917349338531,0.4273504316806793,0.2014244943857193
YJR140C,YLL026W,0,-5.008378,0.17482517659664154,0.4273504316806793,0.20170940458774567
YAL054C,YPR188C,0,-5.0084767,0.17462165653705597,0.4273504316806793,0.20199429988861084
YDR081C,YLR263W,0,-5.009547,0.1744185984134674,0.4273504316806793,0.202279195189476
YOL045W,YDR379W,0,-5.0096755,0.17421603202819824,0.4273504316806793,0.20256410539150238
YER142C,YGR239C,0,-5.0101457,0.1740139275789261,0.4273504316806793,0.20284900069236755
YIL112W,YJL102W,0,-5.011178,0.17381228506565094,0.4273504316806793,0.20313389599323273
YHR061C,YOR217W,0,-5.0118246,0.1736111044883728,0.4273504316806793,0.2034188061952591
YGR003W,YBL102W,0,-5.012422,0.17341040074825287,0.4273504316806793,0.20370370149612427
YNL039W,YPL101W,0,-5.013052,0.17321015894412994,0.4273504316806793,0.20398859679698944
YNL053W,YPR134W,0,-5.0131745,0.17301037907600403,0.4273504316806793,0.2042735069990158
YKL016C,YJR045C,0,-5.0136127,0.17281106114387512,0.4273504316806793,0.20455840229988098
YOR349W,YGL092W,0,-5.0139856,0.17261220514774323,0.4273504316806793,0.20484329760074615
YER179W,YMR224C,1,-5.014326,0.17356321215629578,0.43019944429397583,0.20484329760074615
YKR055W,YNL304W,0,-5.014489,0.17336395382881165,0.43019944429397583,0.20512820780277252
YIR015W,YLR035C-A,0,-5.015074,0.17316514253616333,0.43019944429397583,0.2054131031036377
YCR080W,YJR102C,0,-5.0155663,0.17296677827835083,0.43019944429397583,0.20569799840450287
YOL063C,YLR377C,0,-5.0157948,0.17276887595653534,0.43019944429397583,0.20598290860652924
YEL016C,YOL043C,0,-5.0160713,0.17257143557071686,0.43019944429397583,0.2062678039073944
YNL068C,YNL328C,0,-5.016343,0.172374427318573,0.43019944429397583,0.20655269920825958
YER179W,YML032C,1,-5.0169926,0.17331813275814056,0.43304842710494995,0.20655269920825958
YDR363W-A,YDR098C-A,0,-5.0170255,0.17312072217464447,0.43304842710494995,0.20683760941028595
YJR074W,YMR139W,0,-5.0179033,0.17292377352714539,0.43304842710494995,0.20712250471115112
YMR224C,YDR207C,1,-5.017915,0.17386363446712494,0.43589743971824646,0.20712250471115112
YBL016W,YPR083W,0,-5.0182543,0.17366628348827362,0.43589743971824646,0.2074074000120163
YLR242C,YLR166C,0,-5.0184875,0.1734693944454193,0.43589743971824646,0.20769231021404266
YFL013C,YOL045W,0,-5.0190554,0.17327293753623962,0.43589743971824646,0.20797720551490784
YFL023W,YCL008C,0,-5.020115,0.17307692766189575,0.43589743971824646,0.208262100815773
YDL003W,YOL117W,0,-5.020505,0.1728813499212265,0.43589743971824646,0.20854701101779938
YLL019C,YIL109C,0,-5.0207386,0.17268623411655426,0.43589743971824646,0.20883190631866455
YLR127C,YMR091C,0,-5.021096,0.17249155044555664,0.43589743971824646,0.20911681652069092
YBL098W,YKL056C,0,-5.021568,0.17229729890823364,0.43589743971824646,0.2094017118215561
YBR211C,YGR155W,0,-5.021899,0.17210349440574646,0.43589743971824646,0.20968660712242126
YDL145C,YOR123C,0,-5.0226297,0.1719101071357727,0.43589743971824646,0.20997151732444763
YLR059C,YKR055W,0,-5.0226717,0.17171716690063477,0.43589743971824646,0.2102564126253128
YDL138W,YMR283C,0,-5.022741,0.17152465879917145,0.43589743971824646,0.21054130792617798
YGL124C,YPL190C,0,-5.0227423,0.17133258283138275,0.43589743971824646,0.21082621812820435
YNL281W,YIL080W,0,-5.0229273,0.17114093899726868,0.43589743971824646,0.21111111342906952
YNL148C,YBR008C,0,-5.0232887,0.17094972729682922,0.43589743971824646,0.2113960087299347
YMR224C,YBR073W,1,-5.023324,0.171875,0.43874645233154297,0.2113960087299347
YGR224W,YFL029C,0,-5.0233817,0.1716833859682083,0.43874645233154297,0.21168091893196106
YPL192C,YJL121C,0,-5.023396,0.17149220407009125,0.43874645233154297,0.21196581423282623
YPR181C,YIL029C,0,-5.0235214,0.1713014394044876,0.43874645233154297,0.2122507095336914
YHL040C,YLR135W,0,-5.024273,0.1711111068725586,0.43874645233154297,0.21253561973571777
YOR039W,YBR152W,0,-5.0244904,0.170921191573143,0.43874645233154297,0.21282051503658295
YMR012W,YFR013W,0,-5.024783,0.17073170840740204,0.43874645233154297,0.21310541033744812
YBR073W,YMR284W,1,-5.0249257,0.17165005207061768,0.4415954351425171,0.21310541033744812
YIL030C,YCL019W,0,-5.025238,0.17146018147468567,0.4415954351425171,0.2133903205394745
YNL068C,YCR080W,0,-5.025404,0.1712707132101059,0.4415954351425171,0.21367521584033966
YJL090C,YLR219W,1,-5.0263224,0.17218543589115143,0.4444444477558136,0.21367521584033966
YKL080W,YIL029C,0,-5.0263977,0.1719955950975418,0.4444444477558136,0.21396011114120483
YOR239W,YDR098C-A,0,-5.0264883,0.17180617153644562,0.4444444477558136,0.2142450213432312
YNL088W,YMR106C,1,-5.0268373,0.17271727323532104,0.4472934603691101,0.2142450213432312
YNL088W,YNL339C,1,-5.0269446,0.1736263781785965,0.45014244318008423,0.2142450213432312
YPL210C,YPR158W-A,0,-5.027067,0.173435777425766,0.45014244318008423,0.21452991664409637
YOR159C,YCL074W,0,-5.027422,0.1732456088066101,0.45014244318008423,0.21481481194496155
YDL154W,YNL312W,1,-5.027571,0.17415115237236023,0.45299145579338074,0.21481481194496155
YJR091C,YFL008W,0,-5.027725,0.1739606112241745,0.45299145579338074,0.21509972214698792
YJR083C,YMR301C,0,-5.02828,0.1737704873085022,0.45299145579338074,0.2153846174478531
YGL004C,YDR365W-B,0,-5.028368,0.17358078062534332,0.45299145579338074,0.21566951274871826
YPR032W,YGR054W,0,-5.0284615,0.17339149117469788,0.45299145579338074,0.21595442295074463
YOR123C,YIL029C,0,-5.0285215,0.17320261895656586,0.45299145579338074,0.2162393182516098
YJL165C,YCL055W,0,-5.0290112,0.17301414906978607,0.45299145579338074,0.21652421355247498
YGR218W,YDR398W,0,-5.0292788,0.17282608151435852,0.45299145579338074,0.21680912375450134
YBR273C,YOR087W,0,-5.029982,0.1726384311914444,0.45299145579338074,0.21709401905536652
YDL230W,YJL139C,0,-5.030615,0.1724511981010437,0.45299145579338074,0.2173789143562317
YBL050W,YLL056C,0,-5.0306926,0.17226435244083405,0.45299145579338074,0.21766382455825806
YBR008C,YDR432W,0,-5.0312376,0.17207792401313782,0.45299145579338074,0.21794871985912323
YDL088C,YCR042C,0,-5.031333,0.17189189791679382,0.45299145579338074,0.2182336151599884
YPR070W,YLR332W,0,-5.0319643,0.17170625925064087,0.45299145579338074,0.21851852536201477
YMR001C,YHR181W,0,-5.031975,0.17152103781700134,0.45299145579338074,0.21880342066287994
YBR164C,YMR012W,0,-5.0331936,0.17133620381355286,0.45299145579338074,0.21908831596374512
YNL014W,YPR072W,0,-5.0332756,0.1711517721414566,0.45299145579338074,0.21937322616577148
YJR083C,YIR022W,0,-5.0333776,0.17096774280071259,0.45299145579338074,0.21965812146663666
YBL080C,YLR026C,0,-5.034098,0.1707841008901596,0.45299145579338074,0.21994301676750183
YLR293C,YER138C,0,-5.0346503,0.17060086131095886,0.45299145579338074,0.2202279269695282
YML032C,YBR073W,1,-5.034774,0.17148981988430023,0.45584046840667725,0.2202279269695282
YPR070W,YOL020W,0,-5.0350857,0.17130620777606964,0.45584046840667725,0.22051282227039337
YLR011W,YDL138W,0,-5.0352497,0.17112299799919128,0.45584046840667725,0.22079771757125854
YNL030W,YNL210W,0,-5.035308,0.17094017565250397,0.45584046840667725,0.2210826277732849
YHR194W,YDR335W,0,-5.035566,0.1707577407360077,0.45584046840667725,0.22136752307415009
YMR119W,YMR091C,0,-5.0356617,0.17057569324970245,0.45584046840667725,0.22165241837501526
YDR397C,YBR273C,0,-5.035763,0.17039403319358826,0.45584046840667725,0.22193732857704163
YML102W,YPR104C,0,-5.0359344,0.1702127605676651,0.45584046840667725,0.2222222238779068
YFR013W,YDR372C,0,-5.036009,0.17003187537193298,0.45584046840667725,0.22250711917877197
YMR091C,YJR027W,0,-5.0363216,0.1698513776063919,0.45584046840667725,0.22279202938079834
YDR076W,YHR167W,1,-5.036399,0.17073170840740204,0.45868945121765137,0.22279202938079834
YOR171C,YDR316W-B,0,-5.0366488,0.1705508530139923,0.45868945121765137,0.2230769246816635
YLL018C-A,YDR515W,0,-5.0371532,0.17037037014961243,0.45868945121765137,0.2233618199825287
YGR111W,YIL080W,0,-5.037389,0.17019027471542358,0.45868945121765137,0.22364673018455505
YJR017C,YML055W,0,-5.0383673,0.17001056671142578,0.45868945121765137,0.22393162548542023
YJR150C,YFL016C,0,-5.039222,0.16983121633529663,0.45868945121765137,0.2242165207862854
YGL016W,YLR034C,0,-5.0392504,0.16965226829051971,0.45868945121765137,0.22450143098831177
YMR047C,YNL186W,0,-5.039606,0.16947367787361145,0.45868945121765137,0.22478632628917694
YHR203C,YDR310C,0,-5.039895,0.16929547488689423,0.45868945121765137,0.22507122159004211
YML047C,YLR425W,0,-5.040092,0.16911764442920685,0.45868945121765137,0.22535613179206848
YBL061C,YHR041C,0,-5.04014,0.16894018650054932,0.45868945121765137,0.22564102709293365
YDR276C,YGR059W,0,-5.040965,0.16876310110092163,0.45868945121765137,0.22592592239379883
YGR088W,YER028C,0,-5.041607,0.1685863882303238,0.45868945121765137,0.2262108325958252
YJL194W,YPR036W,0,-5.042408,0.1684100478887558,0.45868945121765137,0.22649572789669037
YJL021C,YLR332W,0,-5.0424595,0.16823406517505646,0.45868945121765137,0.22678062319755554
YGL105W,YOL049W,0,-5.0427217,0.16805845499038696,0.45868945121765137,0.2270655333995819
YCL025C,YIL120W,0,-5.0431643,0.16788321733474731,0.45868945121765137,0.22735042870044708
YDR163W,YIL029C,0,-5.0433006,0.16770833730697632,0.45868945121765137,0.22763532400131226
YFL021W,YDR345C,0,-5.0433908,0.16753381490707397,0.45868945121765137,0.22792023420333862
YGL124C,YOL045W,0,-5.0434885,0.16735966503620148,0.45868945121765137,0.2282051295042038
YHR175W,YNL074C,0,-5.043626,0.16718587279319763,0.45868945121765137,0.22849002480506897
YOL164W,YGL151W,0,-5.0440545,0.16701245307922363,0.45868945121765137,0.22877493500709534
YOR180C,YER159C-A,0,-5.044233,0.1668393760919571,0.45868945121765137,0.2290598303079605
YDR021W,YLR277C,0,-5.0452223,0.1666666716337204,0.45868945121765137,0.22934472560882568
YML062C,YLR467W,1,-5.045531,0.167528435587883,0.4615384638309479,0.22934472560882568
YHR194W,YML033W,0,-5.0457535,0.16735537350177765,0.4615384638309479,0.22962963581085205
YOL130W,YOR123C,0,-5.0459976,0.16718266904354095,0.4615384638309479,0.22991453111171722
YML092C,YCR042C,0,-5.0461435,0.16701030731201172,0.4615384638309479,0.2301994264125824
YOR099W,YML092C,0,-5.0461903,0.16683831810951233,0.4615384638309479,0.23048433661460876
YGR249W,YKL088W,0,-5.046336,0.1666666716337204,0.4615384638309479,0.23076923191547394
YFR029W,YCL063W,0,-5.047044,0.16649536788463593,0.4615384638309479,0.2310541272163391
YBR083W,YCL005W-A,0,-5.0471845,0.1663244366645813,0.4615384638309479,0.23133903741836548
YBR186W,YBL093C,0,-5.0472856,0.16615384817123413,0.4615384638309479,0.23162393271923065
YNL014W,YOR171C,0,-5.0475473,0.16598360240459442,0.4615384638309479,0.23190882802009583
YKR086W,YHR138C,0,-5.0480175,0.16581371426582336,0.4615384638309479,0.2321937382221222
YMR073C,YMR079W,0,-5.0481215,0.16564416885375977,0.4615384638309479,0.23247863352298737
YLR384C,YLR006C,0,-5.048259,0.16547498106956482,0.4615384638309479,0.23276352882385254
YDR009W,YOR064C,0,-5.048648,0.16530612111091614,0.4615384638309479,0.2330484390258789
YKL011C,YDR289C,1,-5.04875,0.16615697741508484,0.4643874764442444,0.2330484390258789
YNR067C,YML127W,0,-5.048871,0.1659877747297287,0.4643874764442444,0.23333333432674408
YGR262C,YKL166C,0,-5.0490494,0.16581891477108002,0.4643874764442444,0.23361822962760925
YHR158C,YOR221C,0,-5.050264,0.1656504124403,0.4643874764442444,0.23390313982963562
YNL288W,YBR087W,0,-5.05027,0.16548223793506622,0.4643874764442444,0.2341880351305008
YFR013W,YOL009C,0,-5.050364,0.16531440615653992,0.4643874764442444,0.23447293043136597
YNL127W,YAR009C,0,-5.0514336,0.16514691710472107,0.4643874764442444,0.23475784063339233
YPR072W,YDL109C,0,-5.0514817,0.1649797558784485,0.4643874764442444,0.2350427359342575
YIR041W,YGR024C,0,-5.0516624,0.16481293737888336,0.4643874764442444,0.23532763123512268
YOR329C,YDL098C,0,-5.052805,0.1646464616060257,0.4643874764442444,0.23561254143714905
YML062C,YMR284W,1,-5.0529327,0.16548940539360046,0.4672364592552185,0.23561254143714905
YCL014W,YMR021C,0,-5.0533047,0.16532258689403534,0.4672364592552185,0.23589743673801422
YDL017W,YER005W,0,-5.0534887,0.16515609622001648,0.4672364592552185,0.2361823320388794
YFL017W-A,YDL128W,0,-5.05383,0.16498993337154388,0.4672364592552185,0.23646724224090576
YLR219W,YDR289C,1,-5.0539455,0.1658291518688202,0.470085471868515,0.23646724224090576
YCL014W,YCL026C-A,0,-5.054137,0.16566264629364014,0.470085471868515,0.23675213754177094
YAL022C,YNR006W,0,-5.054444,0.16549648344516754,0.470085471868515,0.2370370328426361
YDL079C,YAL032C,0,-5.0546126,0.1653306633234024,0.470085471868515,0.23732194304466248
YPR083W,YMR109W,0,-5.055068,0.16516517102718353,0.470085471868515,0.23760683834552765
YBL102W,YLR034C,0,-5.055271,0.16500000655651093,0.470085471868515,0.23789173364639282
YJR045C,YOR088W,0,-5.0553274,0.16483516991138458,0.470085471868515,0.2381766438484192
YNL008C,YCL075W,0,-5.0553436,0.1646706610918045,0.470085471868515,0.23846153914928436
YBR234C,YOR106W,0,-5.055471,0.1645064800977707,0.470085471868515,0.23874643445014954
YGL155W,YGL226C-A,0,-5.055624,0.16434262692928314,0.470085471868515,0.2390313446521759
YPR002W,YJL072C,0,-5.0558243,0.16417910158634186,0.470085471868515,0.23931623995304108
YHR124W,YOL045W,0,-5.0558367,0.16401590406894684,0.470085471868515,0.23960113525390625
YHL009C,YDR365W-B,0,-5.0561676,0.16385303437709808,0.470085471868515,0.23988604545593262
YBR278W,YDR316W-B,0,-5.056416,0.1636904776096344,0.470085471868515,0.2401709407567978
YFL041W,YGL142C,0,-5.056834,0.16352824866771698,0.470085471868515,0.24045583605766296
YBL032W,YJR028W,0,-5.0572166,0.16336633265018463,0.470085471868515,0.24074074625968933
YER005W,YML039W,0,-5.0573153,0.16320474445819855,0.470085471868515,0.2410256415605545
YER068W,YCR061W,0,-5.0573173,0.16304348409175873,0.470085471868515,0.24131053686141968
YOL031C,YLR455W,0,-5.0577254,0.16288252174854279,0.470085471868515,0.24159544706344604
YML015C,YCR062W,0,-5.057803,0.1627218872308731,0.470085471868515,0.24188034236431122
YOR039W,YLR417W,0,-5.057953,0.1625615805387497,0.470085471868515,0.2421652376651764
YGR041W,YOL013C,0,-5.05813,0.16240157186985016,0.470085471868515,0.24245014786720276
YOL156W,YBR129C,0,-5.05836,0.1622418910264969,0.470085471868515,0.24273504316806793
YAL015C,YNL131W,0,-5.0588713,0.1620825082063675,0.470085471868515,0.2430199384689331
YBR275C,YMR266W,0,-5.059058,0.16192345321178436,0.470085471868515,0.24330484867095947
YGR239C,YHR001W-A,0,-5.0591307,0.1617647111415863,0.470085471868515,0.24358974397182465
YFL003C,YJL208C,1,-5.0594378,0.16258570551872253,0.4729344844818115,0.24358974397182465
YFL009W,YDR210C-C,0,-5.059711,0.16242662072181702,0.4729344844818115,0.24387463927268982
YLR078C,YLR240W,0,-5.0597215,0.16226783394813538,0.4729344844818115,0.2441595494747162
YDL235C,YCR062W,0,-5.060025,0.162109375,0.4729344844818115,0.24444444477558136
YFL003C,YDR076W,1,-5.060101,0.1629268229007721,0.47578346729278564,0.24444444477558136
YJL090C,YMR284W,1,-5.060279,0.16374269127845764,0.47863247990608215,0.24444444477558136
YGL003C,YIL002C,0,-5.0603065,0.16358324885368347,0.47863247990608215,0.24472934007644653
YPL248C,YPR188C,0,-5.0605307,0.16342411935329437,0.47863247990608215,0.2450142502784729
YPR070W,YFL004W,0,-5.060794,0.16326530277729034,0.47863247990608215,0.24529914557933807
YFR053C,YER159C-A,0,-5.061263,0.1631067991256714,0.47863247990608215,0.24558404088020325
YFL041W,YCR009C,0,-5.061428,0.1629485934972763,0.47863247990608215,0.24586895108222961
YLL018C-A,YKR007W,0,-5.062255,0.1627907007932663,0.47863247990608215,0.2461538463830948
YLR329W,YGL175C,1,-5.0624733,0.16360116004943848,0.48148149251937866,0.2461538463830948
YKL191W,YJL139C,0,-5.0625215,0.1634429395198822,0.48148149251937866,0.24643874168395996
YKL112W,YPR025C,0,-5.062648,0.1632850170135498,0.48148149251937866,0.24672365188598633
YKL160W,YBR186W,0,-5.063473,0.16312740743160248,0.48148149251937866,0.2470085471868515
YHR167W,YMR284W,1,-5.0636654,0.16393442451953888,0.4843304753303528,0.2470085471868515
YGR230W,YOR241W,0,-5.065096,0.1637764871120453,0.4843304753303528,0.24729344248771667
YNL032W,YLR240W,0,-5.065528,0.16361886262893677,0.4843304753303528,0.24757835268974304
YNL312W,YNL339C,1,-5.0660563,0.16442307829856873,0.4871794879436493,0.24757835268974304
YKL011C,YOR144C,1,-5.066309,0.16522574424743652,0.4900285005569458,0.24757835268974304
YLR394W,YGR186W,0,-5.0665507,0.1650671809911728,0.4900285005569458,0.24786324799060822
YGR202C,YDR393W,0,-5.066578,0.16490891575813293,0.4900285005569458,0.2481481432914734
YOL164W,YJL203W,0,-5.066596,0.16475096344947815,0.4900285005569458,0.24843305349349976
YBR160W,YER159C-A,0,-5.066621,0.16459329426288605,0.4900285005569458,0.24871794879436493
YOR249C,YKL166C,0,-5.066826,0.1644359529018402,0.4900285005569458,0.2490028440952301
YBR024W,YEL004W,0,-5.067203,0.16427889466285706,0.4900285005569458,0.24928775429725647
YLR394W,YOL001W,0,-5.0673027,0.16412213444709778,0.4900285005569458,0.24957264959812164
YJL021C,YKL088W,0,-5.0674033,0.16396568715572357,0.4900285005569458,0.24985754489898682
YBR218C,YGR111W,0,-5.068036,0.16380952298641205,0.4900285005569458,0.2501424551010132
YJR139C,YLR332W,0,-5.0681143,0.1636536568403244,0.4900285005569458,0.25042736530303955
YLR160C,YJR150C,0,-5.0687623,0.16349810361862183,0.4900285005569458,0.25071224570274353
YDR328C,YJR027W,0,-5.0688114,0.16334283351898193,0.4900285005569458,0.2509971559047699
YJL090C,YLR467W,1,-5.0689583,0.1641366183757782,0.4928774833679199,0.2509971559047699
YPR001W,YFL017W-A,0,-5.0691943,0.16398103535175323,0.4928774833679199,0.25128206610679626
YKL011C,YML062C,1,-5.0692296,0.16477273404598236,0.49572649598121643,0.25128206610679626
YLL018C-A,YDR498C,0,-5.0692997,0.16461683809757233,0.49572649598121643,0.25156694650650024
YBR201W,YHR023W,0,-5.069583,0.16446125507354736,0.49572649598121643,0.2518518567085266
YOL105C,YLL056C,0,-5.069605,0.16430595517158508,0.49572649598121643,0.252136766910553
YGL178W,YLR268W,0,-5.0698376,0.16415093839168549,0.49572649598121643,0.25242164731025696
YDL128W,YCL075W,0,-5.070322,0.16399623453617096,0.49572649598121643,0.2527065575122833
YCL027W,YLR424W,0,-5.070735,0.16384181380271912,0.49572649598121643,0.2529914677143097
YML047C,YHR138C,0,-5.070803,0.16368767619132996,0.49572649598121643,0.25327634811401367
YER072W,YDR316W-B,0,-5.0710983,0.16353383660316467,0.49572649598121643,0.25356125831604004
YNL304W,YGR111W,0,-5.0714235,0.16338028013706207,0.49572649598121643,0.2538461685180664
YCR048W,YKL042W,0,-5.0715003,0.16322702169418335,0.49572649598121643,0.2541310489177704
YDR202C,YER008C,0,-5.072006,0.1630740463733673,0.49572649598121643,0.25441595911979675
YFL010W-A,YER035W,0,-5.07214,0.16292135417461395,0.49572649598121643,0.2547008693218231
YNL026W,YCL075W,0,-5.0727944,0.16276894509792328,0.49572649598121643,0.2549857497215271
YFR052W,YBL102W,0,-5.072914,0.1626168191432953,0.49572649598121643,0.25527065992355347
YOR144C,YHR167W,1,-5.073086,0.16339869797229767,0.49857550859451294,0.25527065992355347
YDL117W,YDL036C,0,-5.0731335,0.1632462739944458,0.49857550859451294,0.25555557012557983
YBR073W,YNL088W,1,-5.073184,0.16402609646320343,0.5014244914054871,0.25555557012557983
YHR005C,YHL009C,0,-5.0732903,0.16387337446212769,0.5014244914054871,0.2558404505252838
YER003C,YMR013C,0,-5.0736156,0.16372093558311462,0.5014244914054871,0.2561253607273102
YDR365W-B,YLR256W-A,0,-5.0738993,0.16356877982616425,0.5014244914054871,0.25641027092933655
YCR048W,YKL095W,0,-5.073951,0.16341689229011536,0.5014244914054871,0.2566951513290405
YMR011W,YBL105C,0,-5.0740166,0.16326530277729034,0.5014244914054871,0.2569800615310669
YMR201C,YDR316W-B,0,-5.0742936,0.16311399638652802,0.5014244914054871,0.25726497173309326
YOR160W,YML033W,0,-5.0743427,0.16296295821666718,0.5014244914054871,0.25754985213279724
YDR478W,YLR262C,0,-5.07441,0.1628122180700302,0.5014244914054871,0.2578347623348236
YPR052C,YAR009C,0,-5.0745406,0.16266173124313354,0.5014244914054871,0.25811967253685
YMR232W,YDL058W,0,-5.074772,0.16251154243946075,0.5014244914054871,0.25840455293655396
YFL003C,YBR073W,1,-5.07503,0.16328413784503937,0.504273533821106,0.25840455293655396
YKL011C,YGL175C,1,-5.0750885,0.16405530273914337,0.5071225166320801,0.25840455293655396
YBR201W,YPL021W,0,-5.0751123,0.16390423476696014,0.5071225166320801,0.2586894631385803
YNL288W,YDL109C,0,-5.0751333,0.1637534499168396,0.5071225166320801,0.2589743733406067
YGR041W,YOR106W,0,-5.075199,0.16360294818878174,0.5071225166320801,0.25925925374031067
YPL018W,YOL103W-A,0,-5.0757594,0.16345271468162537,0.5071225166320801,0.25954416394233704
YPL018W,YOR330C,0,-5.0765142,0.16330274939537048,0.5071225166320801,0.2598290741443634
YIL155C,YIR015W,0,-5.076707,0.16315306723117828,0.5071225166320801,0.2601139545440674
YCR107W,YJL121C,0,-5.077016,0.16300366818904877,0.5071225166320801,0.26039886474609375
YDR386W,YDR180W,1,-5.0771165,0.1637694388628006,0.5099714994430542,0.26039886474609375
YKL146W,YGR181W,0,-5.077195,0.1636197417974472,0.5099714994430542,0.2606837749481201
YIL084C,YPL239W,0,-5.0772114,0.1634703129529953,0.5099714994430542,0.2609686553478241
YOL121C,YER008C,0,-5.077467,0.16332116723060608,0.5099714994430542,0.26125356554985046
YDR273W,YLR268W,0,-5.077543,0.16317228972911835,0.5099714994430542,0.26153847575187683
YDL175C,YFL025C,0,-5.077551,0.1630236804485321,0.5099714994430542,0.2618233561515808
YFL029C,YDR337W,0,-5.0778985,0.16287533938884735,0.5099714994430542,0.2621082663536072
YER179W,YML062C,1,-5.077972,0.16363635659217834,0.5128205418586731,0.2621082663536072
YER165W,YGR038C-A,0,-5.078365,0.1634877324104309,0.5128205418586731,0.26239317655563354
YDR289C,YNL339C,1,-5.079587,0.1642468273639679,0.5156695246696472,0.26239317655563354
YMR162C,YPR094W,0,-5.0798063,0.16409792006015778,0.5156695246696472,0.2626780569553375
YMR216C,YLR256W-A,0,-5.079815,0.16394928097724915,0.5156695246696472,0.2629629671573639
YDL036C,YDR363W-A,0,-5.0808144,0.163800910115242,0.5156695246696472,0.26324787735939026
YDR076W,YLR329W,1,-5.0812597,0.16455696523189545,0.5185185074806213,0.26324787735939026
YNL281W,YDR059C,0,-5.0814157,0.16440831124782562,0.5185185074806213,0.26353275775909424
YJL034W,YDR365W-B,0,-5.0815215,0.1642599254846573,0.5185185074806213,0.2638176679611206
YPR181C,YNL154C,0,-5.081537,0.16411180794239044,0.5185185074806213,0.264102578163147
YKR007W,YPR065W,0,-5.0815587,0.16396395862102509,0.5185185074806213,0.26438745856285095
YDR021W,YKL079W,0,-5.081719,0.16381637752056122,0.5185185074806213,0.2646723687648773
YIL002C,YKR055W,0,-5.0821457,0.16366906464099884,0.5185185074806213,0.2649572789669037
YBL058W,YLR256W-A,0,-5.0822344,0.16352201998233795,0.5185185074806213,0.26524215936660767
YGL065C,YPR083W,0,-5.082505,0.16337522864341736,0.5185185074806213,0.26552706956863403
YHR039C,YDR076W,1,-5.082754,0.16412556171417236,0.5213675498962402,0.26552706956863403
YNL020C,YGL192W,0,-5.082896,0.1639784872531891,0.5213675498962402,0.2658119797706604
YNL014W,YPL242C,0,-5.0829725,0.1638316959142685,0.5213675498962402,0.2660968601703644
YAR008W,YOL103W-A,0,-5.0832205,0.1636851578950882,0.5213675498962402,0.26638177037239075
YDR046C,YPR083W,0,-5.0832624,0.1635388731956482,0.5213675498962402,0.2666666805744171
YKL150W,YOR064C,0,-5.0833645,0.16339285671710968,0.5213675498962402,0.2669515609741211
YPL202C,YMR029C,0,-5.0833955,0.16324709355831146,0.5213675498962402,0.26723647117614746
YNL026W,YIL061C,0,-5.083639,0.16310159862041473,0.5213675498962402,0.26752138137817383
YBR107C,YLR277C,0,-5.0837297,0.1629563719034195,0.5213675498962402,0.2678062617778778
YJL090C,YNL339C,1,-5.083757,0.16370107233524323,0.5242165327072144,0.2678062617778778
YPL082C,YGR186W,0,-5.0840626,0.1635555624961853,0.5242165327072144,0.2680911719799042
YBR186W,YDL098C,0,-5.084102,0.16341030597686768,0.5242165327072144,0.26837608218193054
YGR230W,YPR095C,0,-5.084359,0.16326530277729034,0.5242165327072144,0.2686609625816345
YNL032W,YDL080C,0,-5.0844083,0.1631205677986145,0.5242165327072144,0.2689458727836609
YGR261C,YBR295W,0,-5.0845118,0.16297608613967896,0.5242165327072144,0.26923078298568726
YIL129C,YLR346C,0,-5.084528,0.1628318578004837,0.5242165327072144,0.26951566338539124
YML123C,YCR062W,0,-5.0847816,0.16268788278102875,0.5242165327072144,0.2698005735874176
YDR087C,YDL170W,0,-5.085109,0.16254417598247528,0.5242165327072144,0.27008548378944397
YDL017W,YJL076W,0,-5.085251,0.16240070760250092,0.5242165327072144,0.27037036418914795
YBR152W,YLR005W,0,-5.085517,0.16225749254226685,0.5242165327072144,0.2706552743911743
YIR015W,YHR161C,0,-5.0864267,0.16211453080177307,0.5242165327072144,0.2709401845932007
YJL214W,YNR015W,0,-5.0865993,0.1619718372821808,0.5242165327072144,0.27122506499290466
YDR328C,YLR455W,0,-5.0867224,0.1618293821811676,0.5242165327072144,0.27150997519493103
YPL242C,YJL121C,0,-5.0870442,0.16168716549873352,0.5242165327072144,0.2717948853969574
YGR041W,YOR172W,0,-5.0871253,0.16154521703720093,0.5242165327072144,0.2720797657966614
YBR210W,YDL042C,0,-5.0871997,0.16140350699424744,0.5242165327072144,0.27236467599868774
YOL045W,YCR102C,0,-5.0876255,0.16126205027103424,0.5242165327072144,0.2726495862007141
YHR200W,YKL034W,0,-5.0879946,0.16112084686756134,0.5242165327072144,0.2729344666004181
YBL050W,YDL098C,0,-5.0881414,0.16097988188266754,0.5242165327072144,0.27321937680244446
YJR017C,YGR249W,0,-5.088665,0.16083915531635284,0.5242165327072144,0.2735042870044708
YIL070C,YCL075W,0,-5.0891166,0.16069869697093964,0.5242165327072144,0.2737891674041748
YKR038C,YML127W,0,-5.08963,0.16055846214294434,0.5242165327072144,0.27407407760620117
YNL210W,YLR147C,0,-5.090023,0.16041848063468933,0.5242165327072144,0.27435898780822754
YKL093W,YKL018W,0,-5.090048,0.16027875244617462,0.5242165327072144,0.2746438682079315
YPR200C,YBL026W,0,-5.0901203,0.16013924777507782,0.5242165327072144,0.2749287784099579
YJL065C,YBL058W,0,-5.090495,0.1599999964237213,0.5242165327072144,0.27521368861198425
YER142C,YHR006W,0,-5.090713,0.1598609834909439,0.5242165327072144,0.27549856901168823
YJL090C,YNL088W,1,-5.0907793,0.1605902761220932,0.5270655155181885,0.27549856901168823
YPR002W,YIL063C,0,-5.0919647,0.1604509949684143,0.5270655155181885,0.2757834792137146
YDR318W,YDL232W,0,-5.092369,0.16031195223331451,0.5270655155181885,0.27606838941574097
YIL109C,YDR328C,0,-5.0923843,0.16017316281795502,0.5270655155181885,0.27635326981544495
YAL043C,YLR010C,0,-5.0928736,0.16003459692001343,0.5270655155181885,0.2766381800174713
YML062C,YML032C,1,-5.093112,0.16076058149337769,0.5299145579338074,0.2766381800174713
YGL105W,YML058W-A,0,-5.093284,0.1606217622756958,0.5299145579338074,0.2769230902194977
YGL195W,YLR417W,0,-5.0942745,0.16048318147659302,0.5299145579338074,0.27720797061920166
YPL151C,YMR203W,0,-5.0942793,0.16034482419490814,0.5299145579338074,0.277492880821228
YMR224C,YNL339C,1,-5.09441,0.16106805205345154,0.5327635407447815,0.277492880821228
YNR010W,YER031C,0,-5.094487,0.16092942655086517,0.5327635407447815,0.2777777910232544
YNR075W,YJL128C,0,-5.094996,0.1607910543680191,0.5327635407447815,0.2780626714229584
YNL136W,YLL056C,0,-5.095546,0.16065292060375214,0.5327635407447815,0.27834758162498474
YFL048C,YIL117C,0,-5.0959373,0.16051502525806427,0.5327635407447815,0.2786324918270111
YOR221C,YOR087W,0,-5.0959764,0.1603773534297943,0.5327635407447815,0.2789173722267151
YKL025C,YMR104C,0,-5.0960665,0.16023993492126465,0.5327635407447815,0.27920228242874146
YDL008W,YMR263W,0,-5.096559,0.1601027399301529,0.5327635407447815,0.2794871926307678
YMR153W,YOL038W,0,-5.0965977,0.15996578335762024,0.5327635407447815,0.2797720730304718
YGR180C,YDR328C,0,-5.0965996,0.1598290652036667,0.5327635407447815,0.28005698323249817
YLR335W,YER169W,0,-5.0970364,0.15969257056713104,0.5327635407447815,0.28034189343452454
YGR261C,YHL036W,0,-5.097805,0.1595563143491745,0.5327635407447815,0.2806267738342285
YGL068W,YJR028W,0,-5.0980673,0.15942029654979706,0.5327635407447815,0.2809116840362549
YBR218C,YGR033C,0,-5.098259,0.15928450226783752,0.5327635407447815,0.28119659423828125
YFR003C,YER138C,0,-5.098304,0.1591489315032959,0.5327635407447815,0.28148147463798523
YJL129C,YLR455W,0,-5.0984106,0.15901359915733337,0.5327635407447815,0.2817663848400116
YPL018W,YJL065C,0,-5.0984774,0.15887850522994995,0.5327635407447815,0.28205129504203796
YPR082C,YBL032W,0,-5.0988083,0.15874363481998444,0.5327635407447815,0.28233617544174194
YOR002W,YBR038W,0,-5.0989485,0.15860898792743683,0.5327635407447815,0.2826210856437683
YJL208C,YLR467W,1,-5.09911,0.15932203829288483,0.5356125235557556,0.2826210856437683
YDR191W,YGR010W,0,-5.0991144,0.15918712317943573,0.5356125235557556,0.2829059958457947
YCR048W,YGR202C,0,-5.0991945,0.15905244648456573,0.5356125235557556,0.28319087624549866
YNL210W,YGL053W,0,-5.099516,0.15891800820827484,0.5356125235557556,0.283475786447525
YGR180C,YFR031C,0,-5.0995317,0.15878377854824066,0.5356125235557556,0.2837606966495514
YOR349W,YMR263W,0,-5.099758,0.15864978730678558,0.5356125235557556,0.28404557704925537
YJL208C,YGL175C,1,-5.09981,0.1593591868877411,0.5384615659713745,0.28404557704925537
YML098W,YJR028W,0,-5.1000347,0.15922494232654572,0.5384615659713745,0.28433048725128174
YPR082C,YMR005W,0,-5.1001987,0.15909090638160706,0.5384615659713745,0.2846153974533081
YOR160W,YBL033C,0,-5.100413,0.1589571088552475,0.5384615659713745,0.2849002778530121
YNL270C,YLR263W,0,-5.1004953,0.15882353484630585,0.5384615659713745,0.28518518805503845
YPL209C,YDR208W,0,-5.1005173,0.1586901694536209,0.5384615659713745,0.2854700982570648
YPL106C,YOR287C,0,-5.1010275,0.15855704247951508,0.5384615659713745,0.2857549786567688
YER179W,YFL003C,1,-5.1013374,0.15926235914230347,0.5413105487823486,0.2857549786567688
YCR048W,YLR381W,0,-5.101611,0.15912897884845734,0.5413105487823486,0.28603988885879517
YBR132C,YPR020W,0,-5.101899,0.1589958220720291,0.5413105487823486,0.28632479906082153
YBL105C,YHR006W,0,-5.10262,0.1588628739118576,0.5413105487823486,0.2866096794605255
YDR524C,YDL197C,0,-5.1028714,0.1587301641702652,0.5413105487823486,0.2868945896625519
YHL040C,YLR319C,0,-5.10295,0.1585976630449295,0.5413105487823486,0.28717949986457825
YGL105W,YOR329C,0,-5.103177,0.15846538543701172,0.5413105487823486,0.2874643802642822
YML103C,YBL105C,0,-5.1032515,0.15833333134651184,0.5413105487823486,0.2877492904663086
YHR116W,YDR181C,0,-5.103448,0.15820150077342987,0.5413105487823486,0.28803420066833496
YNL230C,YJL034W,0,-5.1038094,0.15806987881660461,0.5413105487823486,0.28831908106803894
YOL117W,YHR084W,0,-5.1042504,0.15793848037719727,0.5413105487823486,0.2886039912700653
YMR232W,YFL013C,0,-5.104411,0.15780730545520782,0.5413105487823486,0.2888889014720917
YNL074C,YHR200W,0,-5.104454,0.1576763540506363,0.5413105487823486,0.28917378187179565
YNL020C,YPL153C,0,-5.1045456,0.15754561126232147,0.5413105487823486,0.289458692073822
YKL055C,YNL186W,0,-5.104726,0.15741507709026337,0.5413105487823486,0.2897436022758484
YBR077C,YLR035C-A,0,-5.1048274,0.15728476643562317,0.5413105487823486,0.29002848267555237
YLR011W,YKL034W,0,-5.1050014,0.15715467929840088,0.5413105487823486,0.29031339287757874
YGR186W,YOR106W,0,-5.105446,0.1570248007774353,0.5413105487823486,0.2905983030796051
YLL018C-A,YPR002W,0,-5.1057196,0.15689513087272644,0.5413105487823486,0.2908831834793091
YGR227W,YJR010C-A,0,-5.105747,0.1567656695842743,0.5413105487823486,0.29116809368133545
YFL008W,YLR147C,0,-5.105933,0.15663643181324005,0.5413105487823486,0.2914530038833618
YNL270C,YLR394W,0,-5.1059513,0.15650741755962372,0.5413105487823486,0.2917378842830658
YJR017C,YOL020W,0,-5.106161,0.1563785970211029,0.5413105487823486,0.29202279448509216
YKL021C,YBR240C,0,-5.106352,0.15625,0.5413105487823486,0.29230770468711853
YIR015W,YOL031C,0,-5.1064415,0.1561216115951538,0.5413105487823486,0.2925925850868225
YPL082C,YPL118W,0,-5.1065774,0.15599343180656433,0.5413105487823486,0.2928774952888489
YDL126C,YNL136W,0,-5.1069684,0.15586546063423157,0.5413105487823486,0.29316240549087524
YGR180C,YBR258C,0,-5.1069746,0.15573769807815552,0.5413105487823486,0.2934472858905792
YNL149C,YBR037C,0,-5.1083245,0.15561015903949738,0.5413105487823486,0.2937321960926056
YBL032W,YDR498C,0,-5.1085124,0.15548281371593475,0.5413105487823486,0.29401710629463196
YDL014W,YCL075W,0,-5.109104,0.15535567700862885,0.5413105487823486,0.29430198669433594
YDL140C,YDR210C-C,0,-5.1091385,0.15522876381874084,0.5413105487823486,0.2945868968963623
YBR008C,YDR318W,0,-5.1092606,0.15510204434394836,0.5413105487823486,0.29487180709838867
YOR340C,YLR410W-B,0,-5.109563,0.1549755334854126,0.5413105487823486,0.29515668749809265
YOR002W,YDR040C,0,-5.109742,0.15484923124313354,0.5413105487823486,0.295441597700119
YJR083C,YIL155C,0,-5.1099434,0.15472312271595,0.5413105487823486,0.2957265079021454
YLR127C,YBR058C-A,0,-5.1100597,0.1545972377061844,0.5413105487823486,0.29601138830184937
YGL226C-A,YCR009C,0,-5.1101227,0.15447154641151428,0.5413105487823486,0.29629629850387573
YKL208W,YHR001W-A,0,-5.110136,0.1543460637331009,0.5413105487823486,0.2965812087059021
YBR256C,YDL140C,0,-5.110196,0.15422077476978302,0.5413105487823486,0.2968660891056061
YDR331W,YDR142C,0,-5.1105556,0.15409569442272186,0.5413105487823486,0.29715099930763245
YPR072W,YNL186W,0,-5.11077,0.15397082269191742,0.5413105487823486,0.2974359095096588
YLR219W,YLR329W,1,-5.110914,0.15465587377548218,0.5441595315933228,0.2974359095096588
YGL003C,YNL054W-A,0,-5.1110306,0.15453074872493744,0.5441595315933228,0.2977207899093628
YIL056W,YLR346C,0,-5.1111307,0.15440581738948822,0.5441595315933228,0.29800570011138916
YJL065C,YNR023W,0,-5.111301,0.15428109467029572,0.5441595315933228,0.2982906103134155
YOR087W,YKL088W,0,-5.1114154,0.15415658056735992,0.5441595315933228,0.2985754907131195
YBR283C,YNL054W-A,0,-5.111684,0.15403226017951965,0.5441595315933228,0.2988604009151459
YNL328C,YGR202C,0,-5.112236,0.1539081335067749,0.5441595315933228,0.29914531111717224
YER019W,YFL036W,0,-5.1125765,0.15378421545028687,0.5441595315933228,0.2994301915168762
YDR480W,YOR106W,0,-5.1126842,0.15366050601005554,0.5441595315933228,0.2997151017189026
YOR171C,YOR179C,0,-5.1128993,0.15353697538375854,0.5441595315933228,0.30000001192092896
YHL009C,YNL054W-A,0,-5.1132755,0.15341365337371826,0.5441595315933228,0.30028489232063293
YNL270C,YER068W,0,-5.113545,0.1532905250787735,0.5441595315933228,0.3005698025226593
YAL043C,YMR214W,0,-5.1137385,0.15316760540008545,0.5441595315933228,0.30085471272468567
YBL098W,YLR090W,0,-5.113759,0.15304486453533173,0.5441595315933228,0.30113959312438965
YLR329W,YMR284W,1,-5.114387,0.15372297167778015,0.5470085740089417,0.30113959312438965
YMR052W,YMR047C,0,-5.114409,0.15360000729560852,0.5470085740089417,0.301424503326416
YFL041W,YMR150C,0,-5.1144233,0.15347722172737122,0.5470085740089417,0.3017094135284424
YER032W,YPR138C,0,-5.114554,0.15335462987422943,0.5470085740089417,0.30199429392814636
YGR010W,YJL154C,0,-5.1156073,0.15323224663734436,0.5470085740089417,0.30227920413017273
YDL029W,YLR381W,0,-5.115749,0.15311004221439362,0.5470085740089417,0.3025641143321991
YDR076W,YMR106C,1,-5.116003,0.1537848562002182,0.5498575568199158,0.3025641143321991
YPR165W,YOR149C,0,-5.116597,0.15366241335868835,0.5498575568199158,0.3028489947319031
YNL312W,YHR167W,1,-5.1166677,0.15433572232723236,0.5527065396308899,0.3028489947319031
YOR144C,YNL088W,1,-5.1169767,0.15500794351100922,0.5555555820465088,0.3028489947319031
YJR131W,YBR087W,0,-5.1171913,0.15488483011722565,0.5555555820465088,0.30313390493392944
YGL030W,YNL054W-A,0,-5.117257,0.1547619104385376,0.5555555820465088,0.3034188151359558
YKL101W,YBR002C,0,-5.1180305,0.15463916957378387,0.5555555820465088,0.3037036955356598
YKL025C,YKR059W,0,-5.1191125,0.15451663732528687,0.5555555820465088,0.30398860573768616
YPL177C,YDR191W,0,-5.119367,0.15439429879188538,0.5555555820465088,0.3042735159397125
YDR397C,YBR058C-A,0,-5.120306,0.1542721539735794,0.5555555820465088,0.3045583963394165
YHR039C,YDL154W,1,-5.1206036,0.15494070947170258,0.5584045648574829,0.3045583963394165
YOR179C,YGR181W,0,-5.1214266,0.1548183262348175,0.5584045648574829,0.30484330654144287
YNL280C,YMR052W,0,-5.1217375,0.15469613671302795,0.5584045648574829,0.30512821674346924
YBR010W,YCL075W,0,-5.1222014,0.15457412600517273,0.5584045648574829,0.3054130971431732
YJL072C,YBR037C,0,-5.1223583,0.15445232391357422,0.5584045648574829,0.3056980073451996
YCR107W,YOR260W,0,-5.1228657,0.15433071553707123,0.5584045648574829,0.30598291754722595
YOR037W,YOR254C,0,-5.1232314,0.15420928597450256,0.5584045648574829,0.30626779794692993
YLR377C,YIL084C,0,-5.123237,0.15408805012702942,0.5584045648574829,0.3065527081489563
YDL225W,YCL019W,0,-5.123317,0.1539670079946518,0.5584045648574829,0.30683761835098267
YOR039W,YHR163W,0,-5.123682,0.1538461595773697,0.5584045648574829,0.30712249875068665
YGR224W,YDR335W,0,-5.123723,0.1537254899740219,0.5584045648574829,0.307407408952713
YER008C,YIL123W,0,-5.123762,0.15360501408576965,0.5584045648574829,0.3076923191547394
YDL088C,YFR030W,0,-5.124577,0.15348473191261292,0.5584045648574829,0.30797719955444336
YKL034W,YDR316W-B,0,-5.124898,0.1533646285533905,0.5584045648574829,0.3082621097564697
YBR234C,YMR089C,0,-5.125386,0.1532447189092636,0.5584045648574829,0.3085470199584961
YOL031C,YDR328C,0,-5.125766,0.15312500298023224,0.5584045648574829,0.3088319003582001
YGL030W,YCL075W,0,-5.125943,0.1530054658651352,0.5584045648574829,0.30911681056022644
YOR179C,YCR060W,0,-5.126066,0.15288612246513367,0.5584045648574829,0.3094017207622528
YBR234C,YBR231C,0,-5.126789,0.15276695787906647,0.5584045648574829,0.3096866011619568
YDR189W,YIL080W,0,-5.127012,0.1526479721069336,0.5584045648574829,0.30997151136398315
YML098W,YML097C,0,-5.127241,0.15252918004989624,0.5584045648574829,0.3102564215660095
YGR186W,YNL054W-A,0,-5.128026,0.1524105817079544,0.5584045648574829,0.3105413019657135
YDR040C,YHR012W,0,-5.1281424,0.1522921472787857,0.5584045648574829,0.31082621216773987
YOR005C,YDR365W-B,0,-5.1285563,0.15217390656471252,0.5584045648574829,0.31111112236976624
YNL084C,YLR277C,0,-5.1287413,0.15205585956573486,0.5584045648574829,0.3113960027694702
YCL026C-A,YMR270C,0,-5.12901,0.15193799138069153,0.5584045648574829,0.3116809129714966
YDR386W,YJL208C,1,-5.1293244,0.1525948941707611,0.561253547668457,0.3116809129714966
YLR195C,YGR038C-A,0,-5.130459,0.15247678756713867,0.561253547668457,0.31196582317352295
YER167W,YGL068W,0,-5.13097,0.15235885977745056,0.561253547668457,0.31225070357322693
YHL040C,YJR086W,0,-5.131166,0.15224111080169678,0.561253547668457,0.3125356137752533
YKL042W,YOL103W-A,0,-5.1312227,0.1521235555410385,0.561253547668457,0.31282052397727966
YDR397C,YDL150W,0,-5.131242,0.15200617909431458,0.561253547668457,0.31310540437698364
YML132W,YBR058C-A,0,-5.131445,0.15188898146152496,0.561253547668457,0.31339031457901
YHR005C,YLR455W,0,-5.1318016,0.15177196264266968,0.561253547668457,0.3136752247810364
YER179W,YHR167W,1,-5.131897,0.15242494642734528,0.5641025900840759,0.3136752247810364
YJL076W,YGR038C-A,0,-5.132028,0.1523076891899109,0.5641025900840759,0.31396010518074036
YKL011C,YFL003C,1,-5.1321735,0.15295925736427307,0.56695157289505,0.31396010518074036
YDR481C,YGR038C-A,0,-5.1325035,0.15284177660942078,0.56695157289505,0.3142450153827667
YBR008C,YDR210C-C,0,-5.1326895,0.1527244746685028,0.56695157289505,0.3145299255847931
YJL090C,YDL154W,1,-5.1330996,0.15337423980236053,0.5698005557060242,0.3145299255847931
YLR116W,YPL043W,0,-5.1334352,0.15325669944286346,0.5698005557060242,0.31481480598449707
YPR082C,YLL056C,0,-5.1336527,0.15313935279846191,0.5698005557060242,0.31509971618652344
YDR345C,YER019W,0,-5.134811,0.1530221849679947,0.5698005557060242,0.3153846263885498
YMR073C,YDR456W,0,-5.1348686,0.1529051959514618,0.5698005557060242,0.3156695067882538
YBR234C,YIL118W,0,-5.134881,0.15278838574886322,0.5698005557060242,0.31595441699028015
YDL017W,YOR036W,0,-5.1356926,0.15267175436019897,0.5698005557060242,0.3162393271923065
YLR147C,YOR087W,0,-5.1358376,0.15255530178546906,0.5698005557060242,0.3165242075920105
YLR157C,YKL055C,0,-5.135961,0.15243902802467346,0.5698005557060242,0.31680911779403687
YGL003C,YDR460W,0,-5.1365213,0.152322918176651,0.5698005557060242,0.31709402799606323
YDR009W,YLR256W-A,0,-5.136755,0.15220700204372406,0.5698005557060242,0.3173789083957672
YPL151C,YML039W,0,-5.1372147,0.15209124982357025,0.5698005557060242,0.3176638185977936
YJL006C,YJR086W,0,-5.1373043,0.15197569131851196,0.5698005557060242,0.31794872879981995
YFR005C,YBL102W,0,-5.137354,0.1518602818250656,0.5698005557060242,0.3182336091995239
YOL009C,YBR049C,0,-5.1374984,0.15174506604671478,0.5698005557060242,0.3185185194015503
YFL018C,YDR365W-B,0,-5.13768,0.15163002908229828,0.5698005557060242,0.31880342960357666
YKR059W,YDR210W-C,0,-5.1381645,0.1515151560306549,0.5698005557060242,0.31908831000328064
YJR110W,YLR256W-A,0,-5.1381645,0.15140044689178467,0.5698005557060242,0.319373220205307
YJR110W,YDR365W-B,0,-5.1381645,0.15128593146800995,0.5698005557060242,0.3196581304073334
YDR086C,YDR210W-C,0,-5.1381645,0.15117157995700836,0.5698005557060242,0.31994301080703735
YOR088W,YAR009C,0,-5.1381645,0.1510574072599411,0.5698005557060242,0.3202279210090637
YFR024C,YLR455W,0,-5.1381645,0.15094339847564697,0.5698005557060242,0.3205128312110901
YOL045W,YLR410W-B,0,-5.1381645,0.15082956850528717,0.5698005557060242,0.32079771161079407
YJL021C,YLL056C,0,-5.1381645,0.1507159024477005,0.5698005557060242,0.32108262181282043
YFR024C,YJR027W,0,-5.1381645,0.15060241520404816,0.5698005557060242,0.3213675320148468
YGL172W,YDR210W-C,0,-5.1381645,0.15048909187316895,0.5698005557060242,0.3216524124145508
YKL085W,YPR095C,0,-5.1381807,0.15037593245506287,0.5698005557060242,0.32193732261657715
YDR298C,YOL069W,0,-5.1383824,0.1502629667520523,0.5698005557060242,0.3222222328186035
YAL042W,YIL070C,0,-5.1384525,0.1501501500606537,0.5698005557060242,0.3225071132183075
YMR203W,YJR028W,0,-5.1385136,0.1500375121831894,0.5698005557060242,0.32279202342033386
YDL200C,YLR240W,0,-5.1385226,0.14992503821849823,0.5698005557060242,0.32307693362236023
YLL018C-A,YBR177C,0,-5.1398253,0.1498127281665802,0.5698005557060242,0.3233618140220642
YGR230W,YJL203W,0,-5.140094,0.1497005969285965,0.5698005557060242,0.3236467242240906
YPR046W,YER070W,0,-5.1402535,0.14958862960338593,0.5698005557060242,0.32393163442611694
YLR355C,YLR256W-A,0,-5.140312,0.1494768261909485,0.5698005557060242,0.3242165148258209
YPL091W,YER159C-A,0,-5.1407204,0.14936520159244537,0.5698005557060242,0.3245014250278473
YBL093C,YGR063C,0,-5.1408024,0.1492537260055542,0.5698005557060242,0.32478633522987366
YNL009W,YJR045C,0,-5.1408186,0.14914242923259735,0.5698005557060242,0.32507121562957764
YHL040C,YPR086W,0,-5.140947,0.14903129637241364,0.5698005557060242,0.325356125831604
YER138C,YER159C-A,0,-5.1414323,0.14892032742500305,0.5698005557060242,0.32564103603363037
YMR224C,YNL088W,1,-5.142294,0.1495535671710968,0.5726495981216431,0.32564103603363037
YNL210W,YBR152W,0,-5.142354,0.1494423747062683,0.5726495981216431,0.32592591643333435
YPL021W,YBR183W,0,-5.1424894,0.14933134615421295,0.5726495981216431,0.3262108266353607
YJR074W,YDR316W-B,0,-5.1425533,0.14922049641609192,0.5726495981216431,0.3264957368373871
YEL062W,YDR142C,0,-5.142585,0.14910979568958282,0.5726495981216431,0.32678061723709106
YGR230W,YOL113W,0,-5.1426916,0.14899925887584686,0.5726495981216431,0.32706552743911743
YHR203C,YLR256W-A,0,-5.142852,0.14888888597488403,0.5726495981216431,0.3273504376411438
YBR039W,YNL304W,0,-5.142858,0.14877867698669434,0.5726495981216431,0.3276353180408478
YJL090C,YNL312W,1,-5.14289,0.1494082808494568,0.5754985809326172,0.3276353180408478
YIR041W,YGR038C-B,0,-5.142897,0.14929786324501038,0.5754985809326172,0.32792022824287415
YOL077W-A,YDR142C,0,-5.144044,0.1491875946521759,0.5754985809326172,0.3282051384449005
YPL202C,YER075C,0,-5.144213,0.14907748997211456,0.5754985809326172,0.3284900188446045
YOR249C,YLR081W,0,-5.144652,0.14896754920482635,0.5754985809326172,0.32877492904663086
YNR002C,YOL156W,0,-5.1454353,0.14885777235031128,0.5754985809326172,0.3290598392486572
YBR211C,YFL010W-A,0,-5.1454363,0.14874815940856934,0.5754985809326172,0.3293447196483612
YNL147W,YKL122C,0,-5.147081,0.14863871037960052,0.5754985809326172,0.3296296298503876
YMR079W,YCR084C,0,-5.1470904,0.14852941036224365,0.5754985809326172,0.32991454005241394
YMR073C,YIR033W,0,-5.147114,0.1484202742576599,0.5754985809326172,0.3301994204521179
YLR006C,YCR084C,0,-5.1476865,0.1483113020658493,0.5754985809326172,0.3304843306541443
YDR189W,YDR359C,0,-5.147773,0.14820249378681183,0.5754985809326172,0.33076924085617065
YPL268W,YBR127C,0,-5.147897,0.1480938345193863,0.5754985809326172,0.33105412125587463
YER044C,YDR210C-C,0,-5.1479845,0.14798535406589508,0.5754985809326172,0.331339031457901
YGR261C,YMR047C,0,-5.148015,0.14787700772285461,0.5754985809326172,0.33162394165992737
YOR171C,YPR155C,0,-5.1480694,0.14776884019374847,0.5754985809326172,0.33190882205963135
YLR078C,YNL014W,0,-5.148097,0.14766082167625427,0.5754985809326172,0.3321937322616577
YER179W,YDR289C,1,-5.14812,0.14828342199325562,0.5783475637435913,0.3321937322616577
YIL131C,YDR365W-B,0,-5.148152,0.1481751799583435,0.5783475637435913,0.3324786424636841
YDR174W,YGR038C-B,0,-5.1482463,0.14806710183620453,0.5783475637435913,0.33276352286338806
YIL070C,YDR365W-B,0,-5.148274,0.14795918762683868,0.5783475637435913,0.33304843306541443
YER159C-A,YIL029C,0,-5.1482887,0.14785142242908478,0.5783475637435913,0.3333333432674408
YLR346C,YPR158W-A,0,-5.1485405,0.1477438062429428,0.5783475637435913,0.3336182236671448
YEL060C,YOL103W-A,0,-5.1486454,0.14763636887073517,0.5783475637435913,0.33390313386917114
YBL093C,YAR008W,0,-5.1489415,0.14752906560897827,0.5783475637435913,0.3341880440711975
YHR023W,YGR038C-B,0,-5.1490903,0.1474219262599945,0.5783475637435913,0.3344729244709015
YKL205W,YHR124W,0,-5.1493363,0.14731495082378387,0.5783475637435913,0.33475783467292786
YNL026W,YNL054W-A,0,-5.149428,0.14720812439918518,0.5783475637435913,0.3350427448749542
YFL013C,YNL054W-A,0,-5.1495447,0.14710144698619843,0.5783475637435913,0.3353276252746582
YDR174W,YGL030W,0,-5.1500974,0.1469949334859848,0.5783475637435913,0.33561253547668457
YDL175C,YBR164C,0,-5.150145,0.14688856899738312,0.5783475637435913,0.33589744567871094
YLR127C,YOL103W-A,0,-5.150475,0.14678235352039337,0.5783475637435913,0.3361823260784149
YDL197C,YDR210C-C,0,-5.1504784,0.14667630195617676,0.5783475637435913,0.3364672362804413
YNL148C,YIL142W,0,-5.15064,0.14657039940357208,0.5783475637435913,0.33675214648246765
YFR053C,YOR142W-B,0,-5.1508865,0.14646464586257935,0.5783475637435913,0.33703702688217163
YBR073W,YLR467W,1,-5.1514573,0.14708003401756287,0.5811966061592102,0.33703702688217163
YOL038W,YNR023W,0,-5.151803,0.14697405695915222,0.5811966061592102,0.337321937084198
YGL195W,YLR410W-B,0,-5.1519375,0.1468682438135147,0.5811966061592102,0.33760684728622437
YKL025C,YOR212W,0,-5.1520996,0.14676259458065033,0.5811966061592102,0.33789172768592834
YMR072W,YIL109C,0,-5.152115,0.1466570794582367,0.5811966061592102,0.3381766378879547
YFL013C,YOR322C,0,-5.1521215,0.1465517282485962,0.5811966061592102,0.3384615480899811
YKL205W,YOR142W-B,0,-5.15246,0.14644651114940643,0.5811966061592102,0.33874642848968506
YBR234C,YHR023W,0,-5.152723,0.1463414579629898,0.5811966061592102,0.3390313386917114
YBR164C,YHR138C,0,-5.1530714,0.14623655378818512,0.5811966061592102,0.3393162488937378
YIL002C,YJR086W,0,-5.153273,0.14613179862499237,0.5811966061592102,0.3396011292934418
YKL011C,YNL339C,1,-5.1532927,0.1467430144548416,0.5840455889701843,0.3396011292934418
YGL172W,YBR267W,0,-5.1535263,0.14663805067539215,0.5840455889701843,0.33988603949546814
YDR301W,YDR210C-C,0,-5.1535673,0.14653323590755463,0.5840455889701843,0.3401709496974945
YLR215C,YDR174W,0,-5.1535788,0.14642857015132904,0.5840455889701843,0.3404558300971985
YML073C,YOR142W-B,0,-5.1536665,0.1463240534067154,0.5840455889701843,0.34074074029922485
YCL027W,YHR016C,0,-5.154171,0.14621968567371368,0.5840455889701843,0.3410256505012512
YDL079C,YOR160W,0,-5.1542892,0.1461154669523239,0.5840455889701843,0.3413105309009552
YHR039C,YLR467W,1,-5.1543617,0.1467236429452896,0.5868945717811584,0.3413105309009552
YBR049C,YMR214W,0,-5.154603,0.14661921560764313,0.5868945717811584,0.34159544110298157
YGR003W,YOR212W,0,-5.1548843,0.14651493728160858,0.5868945717811584,0.34188035130500793
YDL045C,YBL016W,0,-5.154907,0.14641080796718597,0.5868945717811584,0.3421652317047119
YJL008C,YGR222W,0,-5.1549287,0.1463068127632141,0.5868945717811584,0.3424501419067383
YGL035C,YHR006W,0,-5.1550064,0.14620298147201538,0.5868945717811584,0.34273505210876465
YDL088C,YNR054C,0,-5.1550484,0.1460992842912674,0.5868945717811584,0.34301993250846863
YDR485C,YJR027W,0,-5.155122,0.14599575102329254,0.5868945717811584,0.343304842710495
YGL035C,YFL004W,0,-5.155206,0.14589235186576843,0.5868945717811584,0.34358975291252136
YPR188C,YLL056C,0,-5.1553926,0.14578910171985626,0.5868945717811584,0.34387463331222534
YFL011W,YDR210C-C,0,-5.155393,0.14568600058555603,0.5868945717811584,0.3441595435142517
YNL065W,YLR025W,0,-5.155607,0.14558303356170654,0.5868945717811584,0.3444444537162781
YER117W,YLL056C,0,-5.1557097,0.1454802304506302,0.5868945717811584,0.34472933411598206
YBR177C,YBL080C,0,-5.1561756,0.14537756145000458,0.5868945717811584,0.3450142443180084
YPL202C,YDR276C,0,-5.1562285,0.1452750414609909,0.5868945717811584,0.3452991545200348
YGR229C,YLR005W,0,-5.15652,0.14517265558242798,0.5868945717811584,0.34558403491973877
YGL003C,YLR256W-A,0,-5.1565604,0.145070418715477,0.5868945717811584,0.34586894512176514
YHR116W,YDR098C-A,0,-5.1566486,0.14496833086013794,0.5868945717811584,0.3461538553237915
YBR211C,YDR098C-A,0,-5.156678,0.14486639201641083,0.5868945717811584,0.3464387357234955
YOR149C,YDR453C,0,-5.1570845,0.14476458728313446,0.5868945717811584,0.34672364592552185
YOL043C,YDR013W,0,-5.1571035,0.14466291666030884,0.5868945717811584,0.3470085561275482
YMR270C,YIL061C,0,-5.157343,0.14456140995025635,0.5868945717811584,0.3472934365272522
YHR163W,YNL054W-A,0,-5.1574755,0.1444600224494934,0.5868945717811584,0.34757834672927856
YDR180W,YNL339C,1,-5.1575303,0.14505957067012787,0.5897436141967773,0.34757834672927856
YDL217C,YLR256W-A,0,-5.15771,0.1449579894542694,0.5897436141967773,0.34786325693130493
YBR159W,YPR158W-A,0,-5.157942,0.1448565423488617,0.5897436141967773,0.3481481373310089
YPL146C,YLR410W-B,0,-5.158148,0.14475524425506592,0.5897436141967773,0.3484330475330353
YML092C,YGL004C,0,-5.158297,0.14465409517288208,0.5897436141967773,0.34871795773506165
YOL122C,YLL056C,0,-5.158314,0.1445530652999878,0.5897436141967773,0.3490028381347656
YNL044W,YDR210C-C,0,-5.1585627,0.14445219933986664,0.5897436141967773,0.349287748336792
YLR166C,YER159C-A,0,-5.158607,0.14435146749019623,0.5897436141967773,0.34957265853881836
YNL074C,YDR335W,0,-5.1587253,0.14425086975097656,0.5897436141967773,0.34985753893852234
YNL270C,YLR256W-A,0,-5.158849,0.14415042102336884,0.5897436141967773,0.3501424491405487
YLR006C,YNL054W-A,0,-5.158867,0.14405010640621185,0.5897436141967773,0.3504273593425751
YMR092C,YER159C-A,0,-5.159019,0.14394992589950562,0.5897436141967773,0.35071223974227905
YMR225C,YHL036W,0,-5.1590805,0.14384989440441132,0.5897436141967773,0.3509971499443054
YER165W,YDR316W-B,0,-5.1590853,0.14374999701976776,0.5897436141967773,0.3512820601463318
YKL095W,YLR256W-A,0,-5.159111,0.14365024864673615,0.5897436141967773,0.35156694054603577
YLL011W,YER138C,0,-5.1593275,0.14355061948299408,0.5897436141967773,0.35185185074806213
YNL027W,YMR214W,0,-5.1593857,0.14345113933086395,0.5897436141967773,0.3521367609500885
YML092C,YLR090W,0,-5.1596203,0.14335179328918457,0.5897436141967773,0.3524216413497925
YOR377W,YLR410W-B,0,-5.1596284,0.14325259625911713,0.5897436141967773,0.35270655155181885
YDR122W,YOL113W,0,-5.160065,0.14315353333950043,0.5897436141967773,0.3529914617538452
YCR042C,YNL131W,0,-5.160106,0.14305458962917328,0.5897436141967773,0.3532763421535492
YPL208W,YOL103W-A,0,-5.1601534,0.14295579493045807,0.5897436141967773,0.35356125235557556
YBR129C,YGR038C-B,0,-5.160333,0.1428571492433548,0.5897436141967773,0.35384616255760193
YFL016C,YNL054W-A,0,-5.16034,0.14275862276554108,0.5897436141967773,0.3541310429573059
YJR093C,YLR256W-A,0,-5.1604013,0.1426602303981781,0.5897436141967773,0.3544159531593323
YBR050C,YLR424W,0,-5.160448,0.14256198704242706,0.5897436141967773,0.35470086336135864
YIL070C,YDR359C,0,-5.1605773,0.14246386289596558,0.5897436141967773,0.3549857437610626
YMR001C,YDR098C-A,0,-5.160714,0.14236588776111603,0.5897436141967773,0.355270653963089
YDR142C,YNL054W-A,0,-5.1608605,0.14226804673671722,0.5897436141967773,0.35555556416511536
YDR081C,YOL103W-A,0,-5.160967,0.14217032492160797,0.5897436141967773,0.35584044456481934
YPL118W,YDR365W-B,0,-5.161132,0.14207275211811066,0.5897436141967773,0.3561253547668457
YBL026W,YLR410W-B,0,-5.161174,0.1419753134250641,0.5897436141967773,0.35641026496887207
YDL135C,YIL061C,0,-5.161462,0.14187799394130707,0.5897436141967773,0.35669514536857605
YDL170W,YIR018W,0,-5.16197,0.141780823469162,0.5897436141967773,0.3569800555706024
YMR001C,YOR221C,0,-5.1621284,0.14168377220630646,0.5897436141967773,0.3572649657726288
YLR242C,YKL208W,0,-5.162183,0.14158686995506287,0.5897436141967773,0.35754984617233276
YPR025C,YIL131C,0,-5.162332,0.14149008691310883,0.5897436141967773,0.35783475637435913
YOL002C,YER159C-A,0,-5.162345,0.14139343798160553,0.5897436141967773,0.3581196665763855
YBL047C,YDL042C,0,-5.16271,0.14129692316055298,0.5897436141967773,0.3584045469760895
YML032C,YDR076W,1,-5.162714,0.14188267290592194,0.5925925970077515,0.3584045469760895
YHR006W,YGR038C-A,0,-5.162851,0.14178596436977386,0.5925925970077515,0.35868945717811584
YML102W,YHL009C,0,-5.1633034,0.14168937504291534,0.5925925970077515,0.3589743673801422
YOL142W,YDL109C,0,-5.1640654,0.14159291982650757,0.5925925970077515,0.3592592477798462
YJL165C,YIL070C,0,-5.164184,0.14149659872055054,0.5925925970077515,0.35954415798187256
YJL052W,YPL258C,0,-5.1645365,0.14140041172504425,0.5925925970077515,0.3598290681838989
YML073C,YDL109C,0,-5.165121,0.14130434393882751,0.5925925970077515,0.3601139485836029
YDR214W,YLR026C,0,-5.1653957,0.14120842516422272,0.5925925970077515,0.3603988587856293
YDL154W,YMR106C,1,-5.1658115,0.14179104566574097,0.5954415798187256,0.3603988587856293
YHR042W,YPR095C,0,-5.166009,0.14169491827487946,0.5954415798187256,0.36068376898765564
YFL018C,YLR262C,0,-5.1661234,0.1415989100933075,0.5954415798187256,0.3609686493873596
YER019W,YDR393W,0,-5.1661606,0.14150305092334747,0.5954415798187256,0.361253559589386
YDL098C,YDR425W,0,-5.1662493,0.141407310962677,0.5954415798187256,0.36153846979141235
YBR145W,YGL124C,0,-5.16625,0.14131169021129608,0.5954415798187256,0.36182335019111633
YNR054C,YBR058C-A,0,-5.1663847,0.1412162184715271,0.5954415798187256,0.3621082603931427
YMR184W,YGR268C,0,-5.166399,0.14112086594104767,0.5954415798187256,0.36239317059516907
YMR250W,YMR109W,0,-5.1665955,0.14102564752101898,0.5954415798187256,0.36267805099487305
YML032C,YGL175C,1,-5.166626,0.14160485565662384,0.5982906222343445,0.36267805099487305
YDR480W,YIL155C,0,-5.1670065,0.14150942862033844,0.5982906222343445,0.3629629611968994
YJR093C,YPL268W,0,-5.1678324,0.14141413569450378,0.5982906222343445,0.3632478713989258
YDR524C,YIL034C,0,-5.168004,0.14131897687911987,0.5982906222343445,0.36353275179862976
YEL027W,YDR174W,0,-5.1683245,0.1412239372730255,0.5982906222343445,0.36381766200065613
YNL312W,YGL175C,1,-5.168359,0.14180107414722443,0.6011396050453186,0.36381766200065613
YNL039W,YBL050W,0,-5.168541,0.14170584082603455,0.6011396050453186,0.3641025722026825
YFR013W,YMR216C,0,-5.169589,0.1416107416152954,0.6011396050453186,0.3643874526023865
YNL148C,YFL017W-A,0,-5.169715,0.14151576161384583,0.6011396050453186,0.36467236280441284
YJR086W,YAL016W,0,-5.1703444,0.14142091572284698,0.6011396050453186,0.3649572730064392
YPL177C,YMR298W,0,-5.170655,0.1413261890411377,0.6011396050453186,0.3652421534061432
YBR256C,YHL009C,0,-5.1711698,0.14123159646987915,0.6011396050453186,0.36552706360816956
YGL084C,YMR073C,0,-5.171444,0.14113712310791016,0.6011396050453186,0.3658119738101959
YGR003W,YGL142C,0,-5.171662,0.1410427838563919,0.6011396050453186,0.3660968542098999
YCL032W,YNL131W,0,-5.171812,0.1409485638141632,0.6011396050453186,0.36638176441192627
YJL065C,YIR022W,0,-5.1722374,0.14085447788238525,0.6011396050453186,0.36666667461395264
YGR041W,YGR249W,0,-5.1727,0.14076051115989685,0.6011396050453186,0.3669515550136566
YCL055W,YIL029C,0,-5.173099,0.140666663646698,0.6011396050453186,0.367236465215683
YFR030W,YOR103C,0,-5.1731653,0.1405729502439499,0.6011396050453186,0.36752137541770935
YDR181C,YDR398W,0,-5.1736393,0.14047935605049133,0.6011396050453186,0.36780625581741333
YPL110C,YER142C,0,-5.1736455,0.14038589596748352,0.6011396050453186,0.3680911660194397
YBR201W,YAR033W,0,-5.1738024,0.14029255509376526,0.6011396050453186,0.36837607622146606
YPL190C,YCR009C,0,-5.174182,0.14019933342933655,0.6011396050453186,0.36866095662117004
YDR331W,YHR187W,0,-5.17446,0.14010624587535858,0.6011396050453186,0.3689458668231964
YCL027W,YKL086W,0,-5.1745286,0.14001327753067017,0.6011396050453186,0.3692307770252228
YPL239W,YER138C,0,-5.175146,0.1399204283952713,0.6011396050453186,0.36951565742492676
YNL129W,YBR192W,0,-5.175576,0.139827698469162,0.6011396050453186,0.3698005676269531
YDR059C,YLR262C,0,-5.175769,0.13973510265350342,0.6011396050453186,0.3700854778289795
YDR524C,YMR270C,0,-5.1757946,0.1396426260471344,0.6011396050453186,0.37037035822868347
YHR039C,YHR167W,1,-5.1765203,0.14021164178848267,0.6039885878562927,0.37037035822868347
YKL195W,YEL051W,0,-5.176663,0.14011897146701813,0.6039885878562927,0.37065526843070984
YMR069W,YOR106W,0,-5.1767693,0.14002642035484314,0.6039885878562927,0.3709401786327362
YML062C,YDR180W,1,-5.1771097,0.14059406518936157,0.6068376302719116,0.3709401786327362
YNL074C,YFL017W-A,0,-5.1771336,0.14050132036209106,0.6068376302719116,0.3712250590324402
YAL022C,YAR009C,0,-5.1771593,0.1404086947441101,0.6068376302719116,0.37150996923446655
YGL192W,YPL171C,0,-5.17752,0.1403162032365799,0.6068376302719116,0.3717948794364929
YML114C,YFR003C,0,-5.177922,0.14022383093833923,0.6068376302719116,0.3720797598361969
YPR001W,YPL110C,0,-5.1782236,0.14013157784938812,0.6068376302719116,0.37236467003822327
YMR270C,YKL018W,0,-5.1785665,0.14003944396972656,0.6068376302719116,0.37264958024024963
YMR250W,YML058W-A,0,-5.1785746,0.13994744420051575,0.6068376302719116,0.3729344606399536
YJR092W,YDL142C,0,-5.178622,0.1398555487394333,0.6068376302719116,0.37321937084198
YLR157C,YHR006W,0,-5.1786404,0.13976377248764038,0.6068376302719116,0.37350428104400635
YGL122C,YNR026C,0,-5.179143,0.13967213034629822,0.6068376302719116,0.3737891614437103
YPL018W,YBR024W,0,-5.179324,0.1395806074142456,0.6068376302719116,0.3740740716457367
YDR098C,YDL058W,0,-5.1802187,0.13948918879032135,0.6068376302719116,0.37435898184776306
YCR048W,YNL026W,0,-5.180544,0.13939790427684784,0.6068376302719116,0.37464386224746704
YFR003C,YDR131C,0,-5.1805696,0.13930673897266388,0.6068376302719116,0.3749287724494934
YLR219W,YDR076W,1,-5.181156,0.13986928761005402,0.6096866130828857,0.3749287724494934
YMR138W,YLR026C,0,-5.181205,0.13977792859077454,0.6096866130828857,0.3752136826515198
YCR107W,YOL001W,0,-5.1818376,0.1396866887807846,0.6096866130828857,0.37549856305122375
YBR164C,YDR318W,0,-5.1821756,0.13959556818008423,0.6096866130828857,0.3757834732532501
YBR234C,YJL145W,0,-5.182479,0.1395045667886734,0.6096866130828857,0.3760683834552765
YNL312W,YLR467W,1,-5.182575,0.14006514847278595,0.6125355958938599,0.3760683834552765
YNR026C,YLR425W,0,-5.18259,0.1399739533662796,0.6125355958938599,0.37635326385498047
YMR001C,YPR181C,0,-5.182947,0.139882892370224,0.6125355958938599,0.37663817405700684
YML062C,YNL339C,1,-5.1831255,0.1404421329498291,0.6153846383094788,0.37663817405700684
YLR319C,YPL268W,0,-5.1831765,0.14035087823867798,0.6153846383094788,0.3769230842590332
YDL230W,YDR460W,0,-5.183429,0.1402597427368164,0.6153846383094788,0.3772079646587372
YAR033W,YGR222W,0,-5.183487,0.14016872644424438,0.6153846383094788,0.37749287486076355
YLR319C,YGL068W,0,-5.1842465,0.14007781445980072,0.6153846383094788,0.3777777850627899
YMR109W,YGR211W,0,-5.1853504,0.1399870365858078,0.6153846383094788,0.3780626654624939
YOL049W,YGR010W,0,-5.185396,0.13989637792110443,0.6153846383094788,0.37834757566452026
YBR068C,YPL210C,0,-5.1860595,0.13980582356452942,0.6153846383094788,0.37863248586654663
YGR059W,YJL154C,0,-5.186187,0.13971538841724396,0.6153846383094788,0.3789173662662506
YLR157C,YEL004W,0,-5.1862693,0.13962508738040924,0.6153846383094788,0.379202276468277
YJR022W,YBR037C,0,-5.186471,0.13953489065170288,0.6153846383094788,0.37948718667030334
YGR258C,YGR229C,0,-5.186729,0.13944479823112488,0.6153846383094788,0.3797720670700073
YPR072W,YMR005W,0,-5.186798,0.13935483992099762,0.6153846383094788,0.3800569772720337
YML008C,YKR055W,0,-5.186948,0.13926498591899872,0.6153846383094788,0.38034188747406006
YOR179C,YMR089C,0,-5.187373,0.13917525112628937,0.6153846383094788,0.38062676787376404
YOR349W,YER005W,0,-5.1875534,0.13908563554286957,0.6153846383094788,0.3809116780757904
YDR298C,YGL247W,0,-5.1878595,0.13899613916873932,0.6153846383094788,0.3811965882778168
YDR086C,YAR009C,0,-5.187953,0.13890674710273743,0.6153846383094788,0.38148146867752075
YJL133W,YJL025W,0,-5.1880836,0.13881747424602509,0.6153846383094788,0.3817663788795471
YML023C,YDL128W,0,-5.188184,0.1387283205986023,0.6153846383094788,0.3820512890815735
YDR191W,YLR066W,0,-5.1883745,0.13863928616046906,0.6153846383094788,0.38233616948127747
YLL061W,YML123C,0,-5.188402,0.13855035603046417,0.6153846383094788,0.38262107968330383
YML132W,YDR372C,0,-5.1887226,0.13846154510974884,0.6153846383094788,0.3829059898853302
YMR011W,YKL025C,0,-5.1897993,0.13837283849716187,0.6153846383094788,0.3831908702850342
YLL026W,YKL055C,0,-5.1901917,0.13828425109386444,0.6153846383094788,0.38347578048706055
YGL219C,YFL036W,0,-5.190407,0.13819578289985657,0.6153846383094788,0.3837606906890869
YNL311C,YBR240C,0,-5.1914997,0.13810741901397705,0.6153846383094788,0.3840455710887909
YML012W,YER089C,0,-5.191643,0.13801917433738708,0.6153846383094788,0.38433048129081726
YMR104C,YLR346C,0,-5.192086,0.13793103396892548,0.6153846383094788,0.38461539149284363
YDL225W,YOR172W,0,-5.192175,0.13784301280975342,0.6153846383094788,0.3849002718925476
YKL086W,YPL239W,0,-5.19241,0.13775509595870972,0.6153846383094788,0.385185182094574
YNL153C,YPL269W,0,-5.192461,0.13766729831695557,0.6153846383094788,0.38547009229660034
YFL008W,YOR064C,0,-5.1928067,0.13757961988449097,0.6153846383094788,0.3857549726963043
YMR052W,YJR028W,0,-5.1933064,0.13749204576015472,0.6153846383094788,0.3860398828983307
YBR160W,YAL015C,0,-5.193468,0.13740457594394684,0.6153846383094788,0.38632479310035706
YNL026W,YDR181C,0,-5.1935687,0.1373172253370285,0.6153846383094788,0.38660967350006104
YDR386W,YNL088W,1,-5.1936207,0.13786530494689941,0.6182336211204529,0.38660967350006104
YIR015W,YMR005W,0,-5.193692,0.13777777552604675,0.6182336211204529,0.3868945837020874
YDR208W,YGR202C,0,-5.1938477,0.13769035041332245,0.6182336211204529,0.38717949390411377
YJR022W,YDR116C,0,-5.1938562,0.1376030445098877,0.6182336211204529,0.38746437430381775
YGL175C,YLR467W,1,-5.1942263,0.13814955949783325,0.621082603931427,0.38746437430381775
YLR034C,YDR131C,0,-5.1943097,0.13806205987930298,0.621082603931427,0.3877492845058441
YJL025W,YOL113W,0,-5.194683,0.13797467947006226,0.621082603931427,0.3880341947078705
YFL013C,YMR069W,0,-5.195013,0.13788741827011108,0.621082603931427,0.38831907510757446
YDR379W,YLR262C,0,-5.195244,0.13780024647712708,0.621082603931427,0.38860398530960083
YFR028C,YNL262W,0,-5.1954093,0.1377132087945938,0.621082603931427,0.3888888955116272
YML120C,YCR102C,0,-5.19545,0.1376262605190277,0.621082603931427,0.3891737759113312
YJL184W,YJL102W,0,-5.1958838,0.13753943145275116,0.621082603931427,0.38945868611335754
YJL108C,YER008C,0,-5.195944,0.13745270669460297,0.621082603931427,0.3897435963153839
YLR215C,YGL016W,0,-5.198913,0.13736610114574432,0.621082603931427,0.3900284767150879
YDR309C,YAL032C,0,-5.198959,0.13727959990501404,0.621082603931427,0.39031338691711426
YDR331W,YGL004C,0,-5.1990814,0.1371932029724121,0.621082603931427,0.3905982971191406
YGL175C,YNL339C,1,-5.1995306,0.13773584365844727,0.6239316463470459,0.3905982971191406
YML008C,YDR397C,0,-5.2000637,0.1376492828130722,0.6239316463470459,0.3908831775188446
YIL070C,YDR393W,0,-5.2002535,0.1375628113746643,0.6239316463470459,0.39116808772087097
YER068W,YDR195W,0,-5.2003746,0.13747645914554596,0.6239316463470459,0.39145299792289734
YNR026C,YPL163C,0,-5.2004757,0.13739021122455597,0.6239316463470459,0.3917378783226013
YOR079C,YLR135W,0,-5.200639,0.13730408251285553,0.6239316463470459,0.3920227885246277
YKL160W,YDR116C,0,-5.2008047,0.13721804320812225,0.6239316463470459,0.39230769872665405
YNL307C,YFR034C,0,-5.2008924,0.13713212311267853,0.6239316463470459,0.39259257912635803
YDR076W,YDR289C,1,-5.201886,0.13767209649085999,0.62678062915802,0.39259257912635803
YOL077W-A,YPL043W,0,-5.202565,0.13758599758148193,0.62678062915802,0.3928774893283844
YBR160W,YDR165W,0,-5.20257,0.13750000298023224,0.62678062915802,0.39316239953041077
YML008C,YER032W,0,-5.2038465,0.1374141126871109,0.62678062915802,0.39344727993011475
YDL003W,YER028C,0,-5.20395,0.1373283416032791,0.62678062915802,0.3937321901321411
YDR195W,YKL034W,0,-5.203988,0.13724267482757568,0.62678062915802,0.3940171003341675
YPR046W,YML097C,0,-5.2045784,0.1371571123600006,0.62678062915802,0.39430198073387146
YDR055W,YAL009W,0,-5.205535,0.1370716542005539,0.62678062915802,0.3945868909358978
YCR042C,YHR138C,0,-5.2057595,0.13698630034923553,0.62678062915802,0.3948718011379242
YIR005W,YLL011W,0,-5.2059107,0.13690105080604553,0.62678062915802,0.3951566815376282
YLL061W,YOR254C,0,-5.206306,0.13681592047214508,0.62678062915802,0.39544159173965454
YAL015C,YML014W,0,-5.2068295,0.13673089444637299,0.62678062915802,0.3957265019416809
YFL010W-A,YOR230W,0,-5.2068825,0.13664595782756805,0.62678062915802,0.3960113823413849
YKL011C,YDR207C,1,-5.2071095,0.13718187808990479,0.6296296119689941,0.3960113823413849
YMR296C,YCL074W,0,-5.207556,0.13709677755832672,0.6296296119689941,0.39629629254341125
YPL163C,YJR110W,0,-5.2078133,0.13701178133487701,0.6296296119689941,0.3965812027454376
YKL160W,YLR008C,0,-5.207918,0.13692688941955566,0.6296296119689941,0.3968660831451416
YLR025W,YPL106C,0,-5.208361,0.13684210181236267,0.6296296119689941,0.39715099334716797
YKL146W,YKL195W,0,-5.20862,0.13675741851329803,0.6296296119689941,0.39743590354919434
YCR044C,YOL122C,0,-5.208713,0.13667285442352295,0.6296296119689941,0.3977207839488983
YIL129C,YKL080W,0,-5.209077,0.13658837974071503,0.6296296119689941,0.3980056941509247
YGL247W,YHR138C,0,-5.2092247,0.13650400936603546,0.6296296119689941,0.39829060435295105
YLR329W,YDR207C,1,-5.2092304,0.13703703880310059,0.632478654384613,0.39829060435295105
YMR184W,YBR037C,0,-5.209772,0.1369525045156479,0.632478654384613,0.39857548475265503
YGR132C,YIL022W,0,-5.209808,0.13686805963516235,0.632478654384613,0.3988603949546814
YGL122C,YDR075W,0,-5.2100487,0.13678373396396637,0.632478654384613,0.39914530515670776
YNR067C,YCL008C,0,-5.210187,0.13669951260089874,0.632478654384613,0.39943018555641174
YOR377W,YMR298W,0,-5.210405,0.13661538064479828,0.632478654384613,0.3997150957584381
YGL172W,YDR131C,0,-5.210458,0.13653136789798737,0.632478654384613,0.4000000059604645
YKL011C,YMR284W,1,-5.210788,0.13706207275390625,0.6353276371955872,0.4000000059604645
YPL010W,YIL129C,0,-5.2109003,0.136977881193161,0.6353276371955872,0.40028488636016846
YDR202C,YCL032W,0,-5.21117,0.13689379394054413,0.6353276371955872,0.4005697965621948
YDL197C,YJR027W,0,-5.211182,0.1368098109960556,0.6353276371955872,0.4008547067642212
YGR155W,YNL268W,0,-5.2112856,0.13672593235969543,0.6353276371955872,0.40113958716392517
YJR074W,YHR041C,0,-5.2119427,0.13664215803146362,0.6353276371955872,0.40142449736595154
YOR344C,YOR172W,0,-5.212568,0.13655848801136017,0.6353276371955872,0.4017094075679779
YOR239W,YDR498C,0,-5.213231,0.13647490739822388,0.6353276371955872,0.4019942879676819
YKL150W,YPR095C,0,-5.213238,0.13639143109321594,0.6353276371955872,0.40227919816970825
YDR076W,YNL312W,1,-5.2137156,0.1369193196296692,0.6381766200065613,0.40227919816970825
YIL129C,YHR012W,0,-5.214522,0.13683567941188812,0.6381766200065613,0.4025641083717346
YNL164C,YER117W,0,-5.2149196,0.1367521435022354,0.6381766200065613,0.4028489887714386
YCR009C,YDR515W,0,-5.21577,0.13666869699954987,0.6381766200065613,0.40313389897346497
YPR182W,YML039W,0,-5.215829,0.13658536970615387,0.6381766200065613,0.40341880917549133
YML080W,YBR065C,0,-5.2162633,0.13650213181972504,0.6381766200065613,0.4037036895751953
YIL159W,YDL036C,0,-5.216272,0.13641899824142456,0.6381766200065613,0.4039885997772217
YCL032W,YIL008W,0,-5.2164764,0.13633596897125244,0.6381766200065613,0.40427350997924805
YOR002W,YJR139C,0,-5.216608,0.13625304400920868,0.6381766200065613,0.404558390378952
YOL013C,YER028C,0,-5.2171106,0.13617020845413208,0.6381766200065613,0.4048433005809784
YPL242C,YFR052W,0,-5.2172256,0.13608749210834503,0.6381766200065613,0.40512821078300476
YHR169W,YMR073C,0,-5.217264,0.13600485026836395,0.6381766200065613,0.40541309118270874
YGL143C,YHR034C,0,-5.217385,0.13592232763767242,0.6381766200065613,0.4056980013847351
YKL139W,YJR131W,0,-5.2174697,0.13583990931510925,0.6381766200065613,0.4059829115867615
YMR224C,YJL208C,1,-5.218098,0.13636364042758942,0.6410256624221802,0.4059829115867615
YDR163W,YIL120W,0,-5.2184706,0.13628104329109192,0.6410256624221802,0.40626779198646545
YHR073W,YPR018W,0,-5.2185364,0.13619855046272278,0.6410256624221802,0.4065527021884918
YGR158C,YIR041W,0,-5.218749,0.1361161470413208,0.6410256624221802,0.4068376123905182
YER179W,YLR219W,1,-5.219389,0.13663844764232635,0.6438746452331543,0.4068376123905182
YGL247W,YIR022W,0,-5.21958,0.13655589520931244,0.6438746452331543,0.40712249279022217
YGL016W,YGR222W,0,-5.2196655,0.13647343218326569,0.6438746452331543,0.40740740299224854
YJL194W,YDR231C,0,-5.2202168,0.1363910734653473,0.6438746452331543,0.4076923131942749
YHR005C,YDL042C,0,-5.2206316,0.13630880415439606,0.6438746452331543,0.4079771935939789
YPL224C,YDR456W,0,-5.2211947,0.13622663915157318,0.6438746452331543,0.40826210379600525
YER179W,YDR386W,1,-5.2217536,0.13674698770046234,0.6467236280441284,0.40826210379600525
YBR159W,YGR059W,0,-5.2218666,0.13666465878486633,0.6467236280441284,0.4085470139980316
YNL148C,YDR341C,0,-5.222937,0.13658243417739868,0.6467236280441284,0.4088318943977356
YBR132C,YML131W,0,-5.223081,0.1365002989768982,0.6467236280441284,0.40911680459976196
YER164W,YIR041W,0,-5.2239447,0.13641826808452606,0.6467236280441284,0.40940171480178833
YDR075W,YFL036W,0,-5.224704,0.1363363415002823,0.6467236280441284,0.4096865952014923
YLR219W,YML032C,1,-5.2247357,0.13685473799705505,0.6495726704597473,0.4096865952014923
YGL172W,YKR002W,0,-5.225303,0.13677264750003815,0.6495726704597473,0.4099715054035187
YDL098C,YIR018W,0,-5.2254257,0.1366906464099884,0.6495726704597473,0.41025641560554504
YDR432W,YCR053W,0,-5.225572,0.13660874962806702,0.6495726704597473,0.410541296005249
YCL043C,YDR310C,0,-5.2260447,0.1365269422531128,0.6495726704597473,0.4108262062072754
YOR039W,YDL195W,0,-5.226306,0.13644523918628693,0.6495726704597473,0.41111111640930176
YCR107W,YDL088C,0,-5.22641,0.13636364042758942,0.6495726704597473,0.41139599680900574
YJR139C,YLR034C,0,-5.227647,0.13628213107585907,0.6495726704597473,0.4116809070110321
YIL029C,YJR027W,0,-5.227713,0.1362007111310959,0.6495726704597473,0.41196581721305847
YGR014W,YBR089C-A,0,-5.2279043,0.13611941039562225,0.6495726704597473,0.41225069761276245
YDR207C,YLR467W,1,-5.228101,0.13663484156131744,0.6524216532707214,0.41225069761276245
YML049C,YLR424W,0,-5.228223,0.13655336201190948,0.6524216532707214,0.4125356078147888
YGL013C,YDL195W,0,-5.2283287,0.13647198677062988,0.6524216532707214,0.4128205180168152
YDL145C,YIL056W,0,-5.228876,0.13639071583747864,0.6524216532707214,0.41310539841651917
YMR079W,YHR084W,0,-5.228923,0.13630951941013336,0.6524216532707214,0.41339030861854553
YAL007C,YIL109C,0,-5.229377,0.13622844219207764,0.6524216532707214,0.4136752188205719
YER179W,YMR284W,1,-5.229822,0.1367419809103012,0.6552706360816956,0.4136752188205719
YDL154W,YNL339C,1,-5.23071,0.13725490868091583,0.6581196784973145,0.4136752188205719
YLR157C,YJR074W,0,-5.232547,0.13717339932918549,0.6581196784973145,0.4139600992202759
YJL076W,YMR142C,0,-5.233327,0.1370919942855835,0.6581196784973145,0.41424500942230225
YOR079C,YIL029C,0,-5.2335544,0.13701067864894867,0.6581196784973145,0.4145299196243286
YFL029C,YPL171C,0,-5.2338448,0.1369294673204422,0.6581196784973145,0.4148148000240326
YGR041W,YKL205W,0,-5.23405,0.1368483453989029,0.6581196784973145,0.41509971022605896
YNL312W,YDR289C,1,-5.23487,0.1373593807220459,0.6609686613082886,0.41509971022605896
YPL265W,YNL127W,0,-5.235674,0.13727810978889465,0.6609686613082886,0.4153846204280853
YMR224C,YLR467W,1,-5.2358212,0.1377882957458496,0.6638176441192627,0.4153846204280853
YCL014W,YOL105C,0,-5.2358923,0.13770686089992523,0.6638176441192627,0.4156695008277893
YOL063C,YNL268W,0,-5.23634,0.13762551546096802,0.6638176441192627,0.4159544110298157
YGL006W,YLR455W,0,-5.2365227,0.13754427433013916,0.6638176441192627,0.41623932123184204
YDR481C,YGR033C,0,-5.236745,0.13746312260627747,0.6638176441192627,0.416524201631546
YHR039C,YJL208C,1,-5.2367883,0.1379716992378235,0.6666666865348816,0.416524201631546
YMR224C,YHR039C,1,-5.2370167,0.13847966492176056,0.6695156693458557,0.416524201631546
YNR015W,YCL019W,0,-5.2370563,0.13839811086654663,0.6695156693458557,0.4168091118335724
YNR010W,YDR086C,0,-5.237291,0.13831666111946106,0.6695156693458557,0.41709402203559875
YFL018C,YDR081C,0,-5.2374105,0.13823530077934265,0.6695156693458557,0.4173789322376251
YDL117W,YJL025W,0,-5.2375474,0.1381540298461914,0.6695156693458557,0.4176638126373291
YJL208C,YML032C,1,-5.2379575,0.13866040110588074,0.6723646521568298,0.4176638126373291
YBR164C,YLR240W,0,-5.238039,0.13857898116111755,0.6723646521568298,0.41794872283935547
YGL178W,YDR425W,0,-5.238128,0.13849765062332153,0.6723646521568298,0.41823363304138184
YCR084C,YNL154C,0,-5.2383037,0.13841642439365387,0.6723646521568298,0.4185185134410858
YGL065C,YDR359C,0,-5.238854,0.13833528757095337,0.6723646521568298,0.4188034236431122
YGL142C,YLL026W,0,-5.239085,0.13825424015522003,0.6723646521568298,0.41908833384513855
YDR191W,YGR024C,0,-5.2391624,0.13817329704761505,0.6723646521568298,0.41937321424484253
YMR284W,YMR106C,1,-5.2392054,0.13867758214473724,0.6752136945724487,0.41937321424484253
YBR211C,YGR230W,0,-5.2392135,0.13859649002552032,0.6752136945724487,0.4196581244468689
YMR079W,YML055W,0,-5.240012,0.13851548731327057,0.6752136945724487,0.41994303464889526
YBR201W,YAR008W,0,-5.240443,0.13843457400798798,0.6752136945724487,0.42022791504859924
YNL020C,YER075C,0,-5.2407103,0.13835376501083374,0.6752136945724487,0.4205128252506256
YBR107C,YDR328C,0,-5.240985,0.13827304542064667,0.6752136945724487,0.420797735452652
YER032W,YMR203W,0,-5.2413754,0.13819241523742676,0.6752136945724487,0.42108261585235596
YCR107W,YGL190C,0,-5.242916,0.1381118893623352,0.6752136945724487,0.4213675260543823
YNR010W,YMR091C,0,-5.243509,0.13803145289421082,0.6752136945724487,0.4216524362564087
YPL018W,YKL139W,0,-5.2437415,0.1379511058330536,0.6752136945724487,0.42193731665611267
YHR039C,YNL339C,1,-5.2440763,0.13845258951187134,0.6780626773834229,0.42193731665611267
YKL112W,YDR325W,0,-5.244584,0.13837209343910217,0.6780626773834229,0.42222222685813904
YHR119W,YER031C,0,-5.2448463,0.13829168677330017,0.6780626773834229,0.4225071370601654
YBR186W,YHR016C,0,-5.244958,0.13821138441562653,0.6780626773834229,0.4227920174598694
YFL029C,YPL242C,0,-5.2453403,0.13813117146492004,0.6780626773834229,0.42307692766189575
YIR005W,YLR193C,0,-5.245599,0.13805104792118073,0.6780626773834229,0.4233618378639221
YBR065C,YNL262W,0,-5.2460423,0.13797101378440857,0.6780626773834229,0.4236467182636261
YBR087W,YIL008W,0,-5.246579,0.13789108395576477,0.6780626773834229,0.42393162846565247
YBL009W,YAR033W,0,-5.2468133,0.13781122863292694,0.6780626773834229,0.42421653866767883
YJL008C,YOL013C,0,-5.246977,0.13773147761821747,0.6780626773834229,0.4245014190673828
YDR122W,YHR023W,0,-5.247893,0.13765181601047516,0.6780626773834229,0.4247863292694092
YDR055W,YLR135W,0,-5.2479076,0.1375722587108612,0.6780626773834229,0.42507123947143555
YJL194W,YOL069W,0,-5.248366,0.13749277591705322,0.6780626773834229,0.4253561198711395
YDR081C,YBL080C,0,-5.248432,0.1374133974313736,0.6780626773834229,0.4256410300731659
YIL159W,YGL238W,0,-5.248538,0.13733410835266113,0.6780626773834229,0.42592594027519226
YDL013W,YML123C,0,-5.2485743,0.13725490868091583,0.6780626773834229,0.42621082067489624
YKL016C,YLL018C-A,0,-5.248601,0.1371757984161377,0.6780626773834229,0.4264957308769226
YKR066C,YJR102C,0,-5.248658,0.13709677755832672,0.6780626773834229,0.426780641078949
YLR248W,YML015C,0,-5.2504377,0.1370178461074829,0.6780626773834229,0.42706552147865295
YHR203C,YBR127C,0,-5.2507005,0.13693900406360626,0.6780626773834229,0.4273504316806793
YML012W,YDR432W,0,-5.2511272,0.13686026632785797,0.6780626773834229,0.4276353418827057
YBR068C,YJR139C,0,-5.2512174,0.13678160309791565,0.6780626773834229,0.42792022228240967
YML062C,YBR073W,1,-5.251678,0.13727742433547974,0.680911660194397,0.42792022228240967
YPL101W,YLR263W,0,-5.2517614,0.13719862699508667,0.680911660194397,0.42820513248443604
YEL016C,YLR059C,0,-5.252467,0.13711990416049957,0.680911660194397,0.4284900426864624
YOR160W,YLR425W,0,-5.2528048,0.13704128563404083,0.680911660194397,0.4287749230861664
YDL140C,YGR024C,0,-5.253984,0.13696275651454926,0.680911660194397,0.42905983328819275
YDR214W,YMR175W,0,-5.254653,0.13688430190086365,0.680911660194397,0.4293447434902191
YMR109W,YBR258C,0,-5.2548046,0.1368059515953064,0.680911660194397,0.4296296238899231
YPR138C,YCR042C,0,-5.2550564,0.1367276906967163,0.680911660194397,0.42991453409194946
YKR076W,YGL035C,0,-5.2553673,0.13664951920509338,0.680911660194397,0.43019944429397583
YLR394W,YPL188W,0,-5.255598,0.13657142221927643,0.680911660194397,0.4304843246936798
YML023C,YIL063C,0,-5.2557096,0.13649342954158783,0.680911660194397,0.4307692348957062
YCR107W,YMR214W,0,-5.2558527,0.1364155262708664,0.680911660194397,0.43105414509773254
YNL220W,YLR293C,0,-5.2561584,0.13633771240711212,0.680911660194397,0.4313390254974365
YHR167W,YLR467W,1,-5.2569427,0.13683010637760162,0.6837607026100159,0.4313390254974365
YAL042W,YLR026C,0,-5.257159,0.1367521435022354,0.6837607026100159,0.4316239356994629
YNL164C,YBR159W,0,-5.258847,0.13667425513267517,0.6837607026100159,0.43190884590148926
YLR008C,YML015C,0,-5.259491,0.1365964710712433,0.6837607026100159,0.43219372630119324
YER164W,YCR053W,0,-5.259548,0.13651877641677856,0.6837607026100159,0.4324786365032196
YER179W,YNL339C,1,-5.2596364,0.1370096653699875,0.68660968542099,0.4324786365032196
YJL208C,YNL312W,1,-5.2596636,0.13750000298023224,0.6894586682319641,0.4324786365032196
YBR066C,YCL005W-A,0,-5.260106,0.13742192089557648,0.6894586682319641,0.43276354670524597
YDR386W,YGL175C,1,-5.2607136,0.13791146874427795,0.692307710647583,0.43276354670524597
YGL065C,YKL208W,0,-5.2607727,0.13783323764801025,0.692307710647583,0.43304842710494995
YFL009W,YDL117W,0,-5.2610073,0.13775509595870972,0.692307710647583,0.4333333373069763
YFL023W,YBR107C,0,-5.261402,0.13767705857753754,0.692307710647583,0.4336182475090027
YDL140C,YNL302C,0,-5.261404,0.13759909570217133,0.692307710647583,0.43390312790870667
YGL178W,YGL030W,0,-5.261952,0.13752122223377228,0.692307710647583,0.43418803811073303
YBR077C,YFL017W-A,0,-5.2630444,0.1374434381723404,0.692307710647583,0.4344729483127594
YHR116W,YKL173W,0,-5.2633276,0.13736574351787567,0.692307710647583,0.4347578287124634
YLR215C,YDR393W,0,-5.263339,0.1372881382703781,0.692307710647583,0.43504273891448975
YFL013C,YDL200C,0,-5.2642093,0.13721062242984772,0.692307710647583,0.4353276491165161
YOL002C,YGR222W,0,-5.2647433,0.1371331810951233,0.692307710647583,0.4356125295162201
YNL068C,YGR014W,0,-5.265318,0.13705584406852722,0.692307710647583,0.43589743971824646
YIL070C,YGR158C,0,-5.265889,0.13697858154773712,0.692307710647583,0.4361823499202728
YFL023W,YGL151W,0,-5.266513,0.13690140843391418,0.692307710647583,0.4364672303199768
YBR087W,YLR034C,0,-5.266697,0.1368243247270584,0.692307710647583,0.4367521405220032
YPL018W,YPL188W,0,-5.266715,0.1367473304271698,0.692307710647583,0.43703705072402954
YOR171C,YGL035C,0,-5.267284,0.13667041063308716,0.692307710647583,0.4373219311237335
YNL186W,YOL105C,0,-5.2673435,0.13659359514713287,0.692307710647583,0.4376068413257599
YHR203C,YKR059W,0,-5.2678604,0.13651685416698456,0.692307710647583,0.43789175152778625
YKR079C,YOR106W,0,-5.2686753,0.1364402025938034,0.692307710647583,0.43817663192749023
YJL102W,YER089C,0,-5.268786,0.13636364042758942,0.692307710647583,0.4384615421295166
YDR273W,YFL008W,0,-5.2690105,0.1362871527671814,0.692307710647583,0.43874645233154297
YOR322C,YPR002W,0,-5.269061,0.13621076941490173,0.692307710647583,0.43903133273124695
YHL036W,YDR498C,0,-5.269728,0.13613446056842804,0.692307710647583,0.4393162429332733
YDR480W,YHR163W,0,-5.2699857,0.13605822622776031,0.692307710647583,0.4396011531352997
YNL282W,YDR058C,0,-5.270153,0.13598209619522095,0.692307710647583,0.43988603353500366
YPL060W,YPR052C,0,-5.270285,0.13590604066848755,0.692307710647583,0.44017094373703003
YNL270C,YDR021W,0,-5.2703757,0.1358300745487213,0.692307710647583,0.4404558539390564
YNL039W,YCL014W,0,-5.270735,0.13575418293476105,0.692307710647583,0.4407407343387604
YDL126C,YAR008W,0,-5.2708006,0.13567839562892914,0.692307710647583,0.44102564454078674
YHR175W,YDR498C,0,-5.2709513,0.1356026828289032,0.692307710647583,0.4413105547428131
YMR150C,YBR087W,0,-5.270957,0.13552704453468323,0.692307710647583,0.4415954351425171
YPL082C,YPR036W,0,-5.271142,0.1354515105485916,0.692307710647583,0.44188034534454346
YGL155W,YPL153C,0,-5.271866,0.13537605106830597,0.692307710647583,0.4421652555465698
YKL112W,YDR205W,0,-5.2725754,0.1353006660938263,0.692307710647583,0.4424501359462738
YGL105W,YMR225C,0,-5.27262,0.13522537052631378,0.692307710647583,0.44273504614830017
YDL142C,YIL036W,0,-5.273198,0.13515016436576843,0.692307710647583,0.44301995635032654
YBR192W,YHR138C,0,-5.273244,0.13507504761219025,0.692307710647583,0.4433048367500305
YLR110C,YGL178W,0,-5.2736583,0.13500000536441803,0.692307710647583,0.4435897469520569
YNR067C,YLR262C,0,-5.2742505,0.13492503762245178,0.692307710647583,0.44387465715408325
YMR232W,YJR070C,0,-5.2757254,0.1348501592874527,0.692307710647583,0.44415953755378723
YPL192C,YML114C,0,-5.2761908,0.13477537035942078,0.692307710647583,0.4444444477558136
YMR162C,YOL105C,0,-5.276535,0.13470067083835602,0.692307710647583,0.44472935795783997
YLL015W,YPR104C,0,-5.2769613,0.13462604582309723,0.692307710647583,0.44501423835754395
YKL025C,YPR036W,0,-5.2776937,0.1345514953136444,0.692307710647583,0.4452991485595703
YDR328C,YDL098C,0,-5.278077,0.13447703421115875,0.692307710647583,0.4455840587615967
YGR003W,YPL101W,0,-5.278552,0.13440264761447906,0.692307710647583,0.44586893916130066
YGL192W,YDR363W-A,0,-5.278736,0.13432836532592773,0.692307710647583,0.446153849363327
YJR076C,YOL129W,0,-5.2788053,0.13425414264202118,0.692307710647583,0.4464387595653534
YDR207C,YMR284W,1,-5.2790613,0.134732186794281,0.6951566934585571,0.4464387595653534
YPL190C,YOR272W,0,-5.279189,0.1346578299999237,0.6951566934585571,0.4467236399650574
YFL003C,YDR289C,1,-5.279222,0.13513512909412384,0.6980056762695312,0.4467236399650574
YLR319C,YPL091W,0,-5.2796736,0.1350606381893158,0.6980056762695312,0.44700855016708374
YGL078C,YDR131C,0,-5.279692,0.13498622179031372,0.6980056762695312,0.4472934603691101
YLL015W,YMR069W,0,-5.279747,0.1349118947982788,0.6980056762695312,0.4475783407688141
YDL088C,YCR072C,0,-5.279812,0.13483764231204987,0.6980056762695312,0.44786325097084045
YFL011W,YIL080W,0,-5.280696,0.13476347923278809,0.6980056762695312,0.4481481611728668
YPL202C,YCR084C,0,-5.2812257,0.13468939065933228,0.6980056762695312,0.4484330415725708
YAL032C,YGL062W,0,-5.281394,0.13461539149284363,0.6980056762695312,0.44871795177459717
YDR337W,YBR127C,0,-5.2815037,0.13454146683216095,0.6980056762695312,0.44900286197662354
YPL060W,YGR033C,0,-5.2821994,0.13446761667728424,0.6980056762695312,0.4492877423763275
YMR224C,YLR219W,1,-5.2823353,0.13494239747524261,0.7008547186851501,0.4492877423763275
YFL009W,YOR103C,0,-5.2826805,0.13486842811107635,0.7008547186851501,0.4495726525783539
YIL002C,YOR386W,0,-5.282775,0.13479451835155487,0.7008547186851501,0.44985756278038025
YCL027W,YIR033W,0,-5.2827935,0.13472069799900055,0.7008547186851501,0.45014244318008423
YER179W,YNL312W,1,-5.283679,0.1351943016052246,0.7037037014961243,0.45014244318008423
YER032W,YPR094W,0,-5.2840476,0.13512034714221954,0.7037037014961243,0.4504273533821106
YJL111W,YCR102C,0,-5.284461,0.13504646718502045,0.7037037014961243,0.45071226358413696
YKL220C,YDR208W,0,-5.2845936,0.1349726766347885,0.7037037014961243,0.45099714398384094
YMR296C,YOR287C,0,-5.284753,0.13489896059036255,0.7037037014961243,0.4512820541858673
YFL036W,YDR341C,0,-5.284832,0.13482533395290375,0.7037037014961243,0.4515669643878937
YPR104C,YJL154C,0,-5.28511,0.13475176692008972,0.7037037014961243,0.45185184478759766
YJR074W,YPR154W,0,-5.2854767,0.13467830419540405,0.7037037014961243,0.452136754989624
YBR065C,YDR075W,0,-5.2857113,0.13460490107536316,0.7037037014961243,0.4524216651916504
YDR174W,YOR099W,0,-5.2858734,0.13453158736228943,0.7037037014961243,0.45270654559135437
YJL006C,YNL053W,0,-5.2859087,0.13445836305618286,0.7037037014961243,0.45299145579338074
YDR231C,YBL047C,0,-5.286166,0.13438519835472107,0.7037037014961243,0.4532763659954071
YDR309C,YPL242C,0,-5.2863784,0.13431212306022644,0.7037037014961243,0.4535612463951111
YML012W,YLR081W,0,-5.287043,0.13423913717269897,0.7037037014961243,0.45384615659713745
YOR330C,YDR276C,0,-5.2878513,0.13416621088981628,0.7037037014961243,0.4541310667991638
YHR116W,YPR104C,0,-5.288508,0.13409337401390076,0.7037037014961243,0.4544159471988678
YHR150W,YDL058W,0,-5.288763,0.1340206116437912,0.7037037014961243,0.45470085740089417
YMR162C,YJL184W,0,-5.2888517,0.1339479386806488,0.7037037014961243,0.45498576760292053
YMR106C,YLR467W,1,-5.288949,0.1344173401594162,0.7065526843070984,0.45498576760292053
YGL105W,YLR005W,0,-5.289415,0.13434453308582306,0.7065526843070984,0.4552706480026245
YGR181W,YER031C,0,-5.2894993,0.1342717856168747,0.7065526843070984,0.4555555582046509
YDL006W,YIL022W,0,-5.2903214,0.1341991275548935,0.7065526843070984,0.45584046840667725
YNL148C,YKL208W,0,-5.290941,0.13412655889987946,0.7065526843070984,0.4561253488063812
YML023C,YOL121C,0,-5.2915363,0.1340540498495102,0.7065526843070984,0.4564102590084076
YBR129C,YMR201C,0,-5.2917347,0.1339816302061081,0.7065526843070984,0.45669516921043396
YDR310C,YOR179C,0,-5.291757,0.13390928506851196,0.7065526843070984,0.45698004961013794
YGL084C,YMR069W,0,-5.291785,0.1338370144367218,0.7065526843070984,0.4572649598121643
YBR087W,YOL122C,0,-5.292105,0.1337648332118988,0.7065526843070984,0.4575498700141907
YBL009W,YKL139W,0,-5.2921906,0.13369272649288177,0.7065526843070984,0.45783475041389465
YLR219W,YNL088W,1,-5.2924957,0.13415947556495667,0.7094017267227173,0.45783475041389465
YBR164C,YOL069W,0,-5.2929206,0.1340872347354889,0.7094017267227173,0.458119660615921
YHL036W,YIL120W,0,-5.2935257,0.1340150684118271,0.7094017267227173,0.4584045708179474
YOR099W,YHR161C,0,-5.294448,0.13394297659397125,0.7094017267227173,0.45868945121765137
YML102W,YLR110C,0,-5.294582,0.13387097418308258,0.7094017267227173,0.45897436141967773
YDR451C,YJL139C,0,-5.294832,0.13379903137683868,0.7094017267227173,0.4592592716217041
YDR122W,YDR337W,0,-5.295162,0.13372717797756195,0.7094017267227173,0.4595441520214081
YIL117C,YLR059C,0,-5.2958775,0.1336553990840912,0.7094017267227173,0.45982906222343445
YDL230W,YOR064C,0,-5.2960114,0.1335836946964264,0.7094017267227173,0.4601139724254608
YPL106C,YDR325W,0,-5.296075,0.13351206481456757,0.7094017267227173,0.4603988528251648
YER165W,YER003C,0,-5.296151,0.1334405094385147,0.7094017267227173,0.46068376302719116
YFL041W,YPL253C,0,-5.296339,0.13336904346942902,0.7094017267227173,0.46096867322921753
YLR193C,YMR089C,0,-5.2965336,0.1332976371049881,0.7094017267227173,0.4612535536289215
YML062C,YNL088W,1,-5.2966337,0.13376137614250183,0.7122507095336914,0.4612535536289215
YBR256C,YML098W,0,-5.2969046,0.13368983566761017,0.7122507095336914,0.4615384638309479
YOR079C,YIL120W,0,-5.2972813,0.13361838459968567,0.7122507095336914,0.46182337403297424
YDR298C,YDR515W,0,-5.297282,0.13354700803756714,0.7122507095336914,0.4621082544326782
YKL011C,YML032C,1,-5.2973022,0.13400961458683014,0.7150996923446655,0.4621082544326782
YOR180C,YFL036W,0,-5.2977667,0.13393810391426086,0.7150996923446655,0.4623931646347046
YHR167W,YMR106C,1,-5.297839,0.13439999520778656,0.7179487347602844,0.4623931646347046
YCR028C,YBR037C,0,-5.2978625,0.13432836532592773,0.7179487347602844,0.46267807483673096
YDL003W,YGR054W,0,-5.2985325,0.13425679504871368,0.7179487347602844,0.46296295523643494
YDR363W-A,YLR066W,0,-5.2985806,0.1341852992773056,0.7179487347602844,0.4632478654384613
YMR011W,YEL037C,0,-5.298748,0.13411389291286469,0.7179487347602844,0.46353277564048767
YGL175C,YDR180W,1,-5.299057,0.13457447290420532,0.7207977175712585,0.46353277564048767
YIR015W,YIL061C,0,-5.2999535,0.13450291752815247,0.7207977175712585,0.46381765604019165
YDR456W,YDR481C,0,-5.299987,0.13443145155906677,0.7207977175712585,0.464102566242218
YEL027W,YNL186W,0,-5.3000593,0.13436006009578705,0.7207977175712585,0.4643874764442444
YDL045C,YPR052C,0,-5.300582,0.1342887431383133,0.7207977175712585,0.46467235684394836
YLR259C,YER003C,0,-5.3006344,0.1342175006866455,0.7207977175712585,0.46495726704597473
YOR002W,YNR015W,0,-5.3010073,0.13414634764194489,0.7207977175712585,0.4652421772480011
YGR180C,YKL173W,0,-5.3012114,0.13407525420188904,0.7207977175712585,0.4655270576477051
YDR180W,YMR106C,1,-5.302494,0.13453389704227448,0.7236467003822327,0.4655270576477051
YLR205C,YDL079C,0,-5.3026233,0.13446268439292908,0.7236467003822327,0.46581196784973145
YPR052C,YLR268W,0,-5.3031187,0.13439153134822845,0.7236467003822327,0.4660968780517578
YER165W,YKR059W,0,-5.303578,0.134320467710495,0.7236467003822327,0.4663817584514618
YBR278W,YOR346W,0,-5.3036375,0.1342494785785675,0.7236467003822327,0.46666666865348816
YJR017C,YIL118W,0,-5.3037415,0.1341785490512848,0.7236467003822327,0.4669515788555145
YMR301C,YHL036W,0,-5.303897,0.13410770893096924,0.7236467003822327,0.4672364592552185
YLR219W,YGL175C,1,-5.3044777,0.13456463813781738,0.7264957427978516,0.4672364592552185
YGR249W,YDR379W,0,-5.3045816,0.1344936639070511,0.7264957427978516,0.4675213694572449
YDL008W,YMR283C,0,-5.304608,0.13442277908325195,0.7264957427978516,0.46780627965927124
YDR081C,YER169W,0,-5.304913,0.1343519538640976,0.7264957427978516,0.4680911600589752
YIL155C,YFL016C,0,-5.304971,0.1342812031507492,0.7264957427978516,0.4683760702610016
YNL044W,YER005W,0,-5.3051615,0.1342105269432068,0.7264957427978516,0.46866098046302795
YPL209C,YHR161C,0,-5.3053217,0.13413992524147034,0.7264957427978516,0.46894586086273193
YMR270C,YKL086W,0,-5.305373,0.13406939804553986,0.7264957427978516,0.4692307710647583
YDL098C,YDR453C,0,-5.3056374,0.13399894535541534,0.7264957427978516,0.46951568126678467
YDR277C,YML131W,0,-5.305793,0.1339285671710968,0.7264957427978516,0.46980056166648865
YML023C,YOR344C,0,-5.3059855,0.13385826349258423,0.7264957427978516,0.470085471868515
YDL145C,YBR267W,0,-5.3063045,0.13378803431987762,0.7264957427978516,0.4703703820705414
YER073W,YJL065C,0,-5.3063526,0.133717879652977,0.7264957427978516,0.47065526247024536
YGL172W,YMR076C,0,-5.3063745,0.13364779949188232,0.7264957427978516,0.47094017267227173
YGR218W,YOL105C,0,-5.30696,0.13357779383659363,0.7264957427978516,0.4712250828742981
YER070W,YKL173W,0,-5.307009,0.1335078477859497,0.7264957427978516,0.4715099632740021
YBL032W,YOL113W,0,-5.308635,0.13343799114227295,0.7264957427978516,0.47179487347602844
YLR248W,YBL061C,0,-5.30865,0.13336819410324097,0.7264957427978516,0.4720797836780548
YJR017C,YJR022W,0,-5.308772,0.13329848647117615,0.7264957427978516,0.4723646640777588
YOR319W,YJL183W,0,-5.309313,0.1332288384437561,0.7264957427978516,0.47264957427978516
YER179W,YNL088W,1,-5.309511,0.13368146121501923,0.7293447256088257,0.47264957427978516
YDR423C,YGL035C,0,-5.3105326,0.13361169397830963,0.7293447256088257,0.4729344844818115
YIL117C,YFL008W,0,-5.311019,0.1335419863462448,0.7293447256088257,0.4732193648815155
YHR160C,YNR023W,0,-5.3111734,0.13347236812114716,0.7293447256088257,0.47350427508354187
YCR048W,YDR393W,0,-5.311269,0.13340280950069427,0.7293447256088257,0.47378918528556824
YML008C,YLR147C,0,-5.311296,0.13333334028720856,0.7293447256088257,0.4740740656852722
YNL153C,YAL015C,0,-5.3118563,0.13326393067836761,0.7293447256088257,0.4743589758872986
YNL026W,YOR064C,0,-5.311912,0.13319459557533264,0.7293447256088257,0.47464388608932495
YPR134W,YMR089C,0,-5.312286,0.13312532007694244,0.7293447256088257,0.47492876648902893
YKL150W,YIL084C,0,-5.312757,0.1330561339855194,0.7293447256088257,0.4752136766910553
YDR214W,YPL118W,0,-5.3129625,0.13298700749874115,0.7293447256088257,0.47549858689308167
YDR453C,YIL056W,0,-5.313129,0.13291797041893005,0.7293447256088257,0.47578346729278564
YPL224C,YIL084C,0,-5.3132706,0.13284899294376373,0.7293447256088257,0.476068377494812
YGL155W,YER165W,0,-5.313498,0.13278008997440338,0.7293447256088257,0.4763532876968384
YIL159W,YPL163C,0,-5.314158,0.1327112466096878,0.7293447256088257,0.47663816809654236
YDR009W,YIL070C,0,-5.314929,0.1326424926519394,0.7293447256088257,0.4769230782985687
YDR202C,YLR346C,0,-5.3149996,0.13257379829883575,0.7293447256088257,0.4772079885005951
YNL280C,YBR066C,0,-5.3150234,0.13250517845153809,0.7293447256088257,0.4774928689002991
YBL105C,YOL113W,0,-5.315166,0.1324366331100464,0.7293447256088257,0.47777777910232544
YBR083W,YBR127C,0,-5.315667,0.13236814737319946,0.7293447256088257,0.4780626893043518
YLR394W,YBR050C,0,-5.315919,0.1322997361421585,0.7293447256088257,0.4783475697040558
YHR194W,YDL232W,0,-5.316025,0.13223139941692352,0.7293447256088257,0.47863247990608215
YMR301C,YMR052W,0,-5.316098,0.1321631371974945,0.7293447256088257,0.4789173901081085
YOL013C,YPR165W,0,-5.3162165,0.13209494948387146,0.7293447256088257,0.4792022705078125
YJL208C,YDR076W,1,-5.316232,0.13254255056381226,0.7321937084197998,0.4792022705078125
YGL226C-A,YML015C,0,-5.3165402,0.13247422873973846,0.7321937084197998,0.47948718070983887
YNL014W,YKR038C,0,-5.316864,0.13240598142147064,0.7321937084197998,0.47977209091186523
YIL128W,YCL043C,0,-5.316866,0.1323377937078476,0.7321937084197998,0.4800569713115692
YKR008W,YEL051W,0,-5.317197,0.13226968050003052,0.7321937084197998,0.4803418815135956
YGL247W,YIR033W,0,-5.317248,0.1322016417980194,0.7321937084197998,0.48062679171562195
YJL207C,YGR222W,0,-5.317694,0.13213367760181427,0.7321937084197998,0.4809116721153259
YGL195W,YGR180C,0,-5.3180237,0.1320657730102539,0.7321937084197998,0.4811965823173523
YER164W,YNL009W,0,-5.318053,0.1319979429244995,0.7321937084197998,0.48148149251937866
YJR022W,YDR081C,0,-5.318204,0.1319301873445511,0.7321937084197998,0.48176637291908264
YBR129C,YOR148C,0,-5.3188066,0.13186249136924744,0.7321937084197998,0.482051283121109
YDL087C,YKR002W,0,-5.3190303,0.13179486989974976,0.7321937084197998,0.4823361933231354
YBR177C,YMR026C,0,-5.3194685,0.13172732293605804,0.7321937084197998,0.48262107372283936
YNR015W,YMR089C,0,-5.3201523,0.1316598355770111,0.7321937084197998,0.4829059839248657
YCR048W,YLR078C,0,-5.320271,0.13159242272377014,0.7321937084197998,0.4831908941268921
YBR201W,YKL056C,0,-5.3202868,0.13152506947517395,0.7321937084197998,0.48347577452659607
YMR296C,YJL076W,0,-5.32039,0.13145780563354492,0.7321937084197998,0.48376068472862244
YBL009W,YBR172C,0,-5.320874,0.13139058649539948,0.7321937084197998,0.4840455949306488
YNL020C,YGR229C,0,-5.3211203,0.1313234567642212,0.7321937084197998,0.4843304753303528
YMR138W,YNL164C,0,-5.3211303,0.13125638663768768,0.7321937084197998,0.48461538553237915
YPL018W,YBR010W,0,-5.321428,0.13118937611579895,0.7321937084197998,0.4849002957344055
YDR423C,YER028C,0,-5.3225555,0.13112245500087738,0.7321937084197998,0.4851851761341095
YNR010W,YJR091C,0,-5.322691,0.1310555785894394,0.7321937084197998,0.48547008633613586
YML012W,YER075C,0,-5.323451,0.13098879158496857,0.7321937084197998,0.48575499653816223
YLR219W,YLR467W,1,-5.3236923,0.1314314752817154,0.7350427508354187,0.48575499653816223
YPL010W,YLR005W,0,-5.32392,0.13136456906795502,0.7350427508354187,0.4860398769378662
YOL142W,YNL070W,0,-5.3242493,0.13129770755767822,0.7350427508354187,0.4863247871398926
YBR073W,YMR106C,1,-5.3242774,0.1317395716905594,0.7378917336463928,0.4863247871398926
YDL042C,YDR515W,0,-5.3243003,0.13167259097099304,0.7378917336463928,0.48660969734191895
YMR072W,YNL153C,0,-5.3244414,0.13160568475723267,0.7378917336463928,0.4868945777416229
YNR010W,YBR201W,0,-5.325551,0.13153885304927826,0.7378917336463928,0.4871794879436493
YMR012W,YGR003W,0,-5.3258324,0.13147208094596863,0.7378917336463928,0.48746439814567566
YJL090C,YJL208C,1,-5.326186,0.1319127380847931,0.7407407164573669,0.48746439814567566
YDL088C,YFR003C,0,-5.326359,0.1318458467721939,0.7407407164573669,0.48774927854537964
YER019W,YMR225C,0,-5.3265524,0.1317790150642395,0.7407407164573669,0.488034188747406
YGL226C-A,YNL186W,0,-5.3265896,0.13171225786209106,0.7407407164573669,0.4883190989494324
YCR061W,YOR287C,0,-5.326806,0.1316455751657486,0.7407407164573669,0.48860397934913635
YFL018C,YDR425W,0,-5.3268194,0.1315789520740509,0.7407407164573669,0.4888888895511627
YNL230C,YKL085W,0,-5.326826,0.13151238858699799,0.7407407164573669,0.4891737997531891
YOR039W,YCR083W,0,-5.327133,0.13144589960575104,0.7407407164573669,0.48945868015289307
YBR233W-A,YML098W,0,-5.327405,0.13137948513031006,0.7407407164573669,0.48974359035491943
YDR202C,YLR005W,0,-5.327919,0.13131313025951385,0.7407407164573669,0.4900285005569458
YDR301W,YGR181W,0,-5.328071,0.13124684989452362,0.7407407164573669,0.4903133809566498
YOR099W,YPR046W,0,-5.328187,0.13118062913417816,0.7407407164573669,0.49059829115867615
YLR259C,YOR230W,0,-5.32902,0.13111446797847748,0.7407407164573669,0.4908832013607025
YPL177C,YGR258C,0,-5.32905,0.13104838132858276,0.7407407164573669,0.4911680817604065
YNL014W,YOL121C,0,-5.329422,0.13098236918449402,0.7407407164573669,0.49145299196243286
YJL111W,YOL009C,0,-5.329521,0.13091641664505005,0.7407407164573669,0.49173790216445923
YMR072W,YHR194W,0,-5.3296328,0.13085052371025085,0.7407407164573669,0.4920227825641632
YGL013C,YCL032W,0,-5.3297195,0.13078470528125763,0.7407407164573669,0.4923076927661896
YBR077C,YGR186W,0,-5.3297653,0.13071896135807037,0.7407407164573669,0.49259260296821594
YMR011W,YDR181C,0,-5.330076,0.1306532621383667,0.7407407164573669,0.4928774833679199
YJL034W,YLR263W,0,-5.3306994,0.130587637424469,0.7407407164573669,0.4931623935699463
YBR059C,YER073W,0,-5.330748,0.13052208721637726,0.7407407164573669,0.49344730377197266
YMR072W,YLR007W,0,-5.3307858,0.1304565966129303,0.7407407164573669,0.49373218417167664
YBR159W,YML114C,0,-5.3312454,0.1303911805152893,0.7407407164573669,0.494017094373703
YIL123W,YOR287C,0,-5.3314176,0.1303258091211319,0.7407407164573669,0.49430200457572937
YKL011C,YHR039C,1,-5.331503,0.13076151907444,0.7435897588729858,0.49430200457572937
YKR007W,YKL088W,0,-5.3318005,0.13069604337215424,0.7435897588729858,0.49458688497543335
YBL050W,YJR102C,0,-5.33262,0.13063062727451324,0.7435897588729858,0.4948717951774597
YDR277C,YKL088W,0,-5.332921,0.13056528568267822,0.7435897588729858,0.4951567053794861
YER179W,YBR073W,1,-5.333034,0.13099999725818634,0.74643874168396,0.4951567053794861
YOL142W,YKR008W,0,-5.333035,0.13093453645706177,0.74643874168396,0.49544158577919006
YLR242C,YJL026W,0,-5.334223,0.13086913526058197,0.74643874168396,0.49572649598121643
YNL270C,YDR337W,0,-5.334671,0.13080379366874695,0.74643874168396,0.4960114061832428
YBL105C,YIL063C,0,-5.33507,0.1307385265827179,0.74643874168396,0.4962962865829468
YDL017W,YMR011W,0,-5.3350816,0.13067331910133362,0.74643874168396,0.49658119678497314
YFR003C,YLR262C,0,-5.3352165,0.13060817122459412,0.74643874168396,0.4968661069869995
YHR171W,YOR160W,0,-5.3354654,0.13054309785366058,0.74643874168396,0.4971509873867035
YKL056C,YIL056W,0,-5.3356237,0.13047808408737183,0.74643874168396,0.49743589758872986
YER088C,YAL015C,0,-5.3360257,0.13041314482688904,0.74643874168396,0.4977208077907562
YHR193C,YLR277C,0,-5.3361034,0.13034826517105103,0.74643874168396,0.4980056881904602
YKL197C,YBR192W,0,-5.3361406,0.1302834451198578,0.74643874168396,0.4982905983924866
YBR087W,YOL121C,0,-5.3361692,0.13021868467330933,0.74643874168396,0.49857550859451294
YOR319W,YMR153W,0,-5.337039,0.13015399873256683,0.74643874168396,0.4988603889942169
YFR028C,YML131W,0,-5.3372,0.13008937239646912,0.74643874168396,0.4991452991962433
YCR048W,YPR002W,0,-5.33736,0.13002482056617737,0.74643874168396,0.49943020939826965
YNL068C,YGR063C,0,-5.337533,0.1299603134393692,0.74643874168396,0.49971508979797363
YPL018W,YOL045W,0,-5.337613,0.129895880818367,0.74643874168396,0.5
YOR221C,YKL197C,0,-5.3381524,0.12983152270317078,0.74643874168396,0.5002849102020264
YMR298W,YDR086C,0,-5.338311,0.12976720929145813,0.74643874168396,0.5005698204040527
YNL164C,YGL172W,0,-5.338434,0.12970297038555145,0.74643874168396,0.5008547306060791
YPL235W,YER005W,0,-5.3388014,0.12963879108428955,0.74643874168396,0.5011395812034607
YHR039C,YGL175C,1,-5.339055,0.13006924092769623,0.7492877244949341,0.5011395812034607
YNL282W,YIR022W,0,-5.3391294,0.13000494241714478,0.7492877244949341,0.5014244914054871
YBR132C,YML008C,0,-5.3392344,0.1299407184123993,0.7492877244949341,0.5017094016075134
YHR019C,YER068W,0,-5.3392515,0.1298765391111374,0.7492877244949341,0.5019943118095398
YFL008W,YNL222W,0,-5.339652,0.12981243431568146,0.7492877244949341,0.5022792220115662
YML062C,YLR329W,1,-5.340029,0.1302417367696762,0.752136766910553,0.5022792220115662
YNL312W,YMR284W,1,-5.3402257,0.13067060708999634,0.7549857497215271,0.5022792220115662
YCL032W,YCR061W,0,-5.3407297,0.13060620427131653,0.7549857497215271,0.5025641322135925
YFL010W-A,YKR055W,0,-5.3410816,0.1305418759584427,0.7549857497215271,0.5028489828109741
YBL016W,YER089C,0,-5.341472,0.13047759234905243,0.7549857497215271,0.5031338930130005
YPL082C,YHR099W,0,-5.341572,0.13041338324546814,0.7549857497215271,0.5034188032150269
YDL019C,YPR002W,0,-5.341696,0.13034923374652863,0.7549857497215271,0.5037037134170532
YJL207C,YNL061W,0,-5.3418694,0.13028515875339508,0.7549857497215271,0.5039886236190796
YMR076C,YHR084W,0,-5.342624,0.13022112846374512,0.7549857497215271,0.504273533821106
YNL149C,YJL108C,0,-5.3428755,0.13015717267990112,0.7549857497215271,0.5045583844184875
YMR011W,YIL022W,0,-5.3435946,0.1300932765007019,0.7549857497215271,0.5048432946205139
YKR095W,YML131W,0,-5.34365,0.13002943992614746,0.7549857497215271,0.5051282048225403
YJL052W,YDR131C,0,-5.3436613,0.1299656629562378,0.7549857497215271,0.5054131150245667
YJL194W,YBL061C,0,-5.3441343,0.1299019604921341,0.7549857497215271,0.505698025226593
YBR267W,YOR217W,0,-5.3442087,0.12983831763267517,0.7549857497215271,0.5059829354286194
YDL142C,YDR277C,0,-5.34464,0.12977473437786102,0.7549857497215271,0.506267786026001
YGL151W,YMR266W,0,-5.344882,0.12971121072769165,0.7549857497215271,0.5065526962280273
YER179W,YDR207C,1,-5.3449574,0.13013698160648346,0.7578347325325012,0.5065526962280273
YOL001W,YAL016W,0,-5.3450265,0.13007335364818573,0.7578347325325012,0.5068376064300537
YFL041W,YAR033W,0,-5.345202,0.13000977039337158,0.7578347325325012,0.5071225166320801
YMR001C,YEL041W,0,-5.345527,0.1299462616443634,0.7578347325325012,0.5074074268341064
YHR171W,YPL269W,0,-5.3457775,0.1298828125,0.7578347325325012,0.5076923370361328
YDR208W,YBR077C,0,-5.3460436,0.12981942296028137,0.7578347325325012,0.5079771876335144
YJR092W,YDL140C,0,-5.3461018,0.12975609302520752,0.7578347325325012,0.5082620978355408
YDR289C,YMR284W,1,-5.347797,0.13018040359020233,0.7606837749481201,0.5082620978355408
YMR224C,YML032C,1,-5.3479223,0.13060428202152252,0.7635327577590942,0.5082620978355408
YNL148C,YOR344C,0,-5.3479557,0.130540668964386,0.7635327577590942,0.5085470080375671
YDR318W,YDR372C,0,-5.3482265,0.13047711551189423,0.7635327577590942,0.5088319182395935
YDR180W,YMR284W,1,-5.348632,0.13090024888515472,0.7663817405700684,0.5088319182395935
YNL008C,YDR131C,0,-5.348655,0.1308365762233734,0.7663817405700684,0.5091168284416199
YBR107C,YGL151W,0,-5.348816,0.13077296316623688,0.7663817405700684,0.5094017386436462
YOR005C,YKR055W,0,-5.3489094,0.1307094246149063,0.7663817405700684,0.5096865892410278
YPR082C,YOL039W,0,-5.3489676,0.13064594566822052,0.7663817405700684,0.5099714994430542
YJL102W,YMR197C,0,-5.349434,0.1305825263261795,0.7663817405700684,0.5102564096450806
YGL143C,YOL129W,0,-5.350416,0.13051916658878326,0.7663817405700684,0.5105413198471069
YLR219W,YNL339C,1,-5.3508,0.13094083964824677,0.7692307829856873,0.5105413198471069
YER114C,YPL059W,0,-5.351577,0.13087736070156097,0.7692307829856873,0.5108262300491333
YOL126C,YDR205W,0,-5.351676,0.13081395626068115,0.7692307829856873,0.5111111402511597
YAL044C,YML058W-A,0,-5.3517437,0.1307506114244461,0.7692307829856873,0.5113959908485413
YOR206W,YPR086W,0,-5.351962,0.13068731129169464,0.7692307829856873,0.5116809010505676
YPL153C,YLR066W,0,-5.352097,0.13062408566474915,0.7692307829856873,0.511965811252594
YBL016W,YHR119W,0,-5.3524137,0.13056093454360962,0.7692307829856873,0.5122507214546204
YPL163C,YJL048C,0,-5.353096,0.13049782812595367,0.7692307829856873,0.5125356316566467
YJL006C,YLR010C,0,-5.3531075,0.1304347813129425,0.7692307829856873,0.5128205418586731
YMR072W,YGR249W,0,-5.353364,0.1303717941045761,0.7692307829856873,0.5131053924560547
YMR232W,YMR011W,0,-5.353791,0.13030888140201569,0.7692307829856873,0.513390302658081
YHR039C,YMR284W,1,-5.353856,0.13072840869426727,0.7720797657966614,0.513390302658081
YLR384C,YGL178W,0,-5.3552027,0.1306653767824173,0.7720797657966614,0.5136752128601074
YGR218W,YDL235C,0,-5.3555655,0.1306024044752121,0.7720797657966614,0.5139601230621338
YIL128W,YIL022W,0,-5.355601,0.13053949177265167,0.7720797657966614,0.5142450332641602
YKL160W,YMR104C,0,-5.3557816,0.13047665357589722,0.7720797657966614,0.5145299434661865
YOL133W,YER028C,0,-5.3557916,0.13041386008262634,0.7720797657966614,0.5148147940635681
YMR216C,YML093W,0,-5.356352,0.13035112619400024,0.7720797657966614,0.5150997042655945
YPR188C,YJL145W,0,-5.3566985,0.13028846681118011,0.7720797657966614,0.5153846144676208
YML014W,YLR346C,0,-5.3567905,0.13022585213184357,0.7720797657966614,0.5156695246696472
YML047C,YNL026W,0,-5.3576555,0.130163311958313,0.7720797657966614,0.5159544348716736
YKL011C,YNL088W,1,-5.3578033,0.13058088719844818,0.7749287486076355,0.5159544348716736
YJR150C,YOL002C,0,-5.3589926,0.13051822781562805,0.7749287486076355,0.5162393450737
YLR431C,YPR052C,0,-5.3591375,0.1304556429386139,0.7749287486076355,0.5165241956710815
YPL177C,YBR295W,0,-5.359622,0.1303931027650833,0.7749287486076355,0.5168091058731079
YHR073W,YLR034C,0,-5.359742,0.1303306221961975,0.7749287486076355,0.5170940160751343
YOR144C,YNL312W,1,-5.3600273,0.13074712455272675,0.7777777910232544,0.5170940160751343
YMR069W,YDL235C,0,-5.3601804,0.13068453967571259,0.7777777910232544,0.5173789262771606
YDL197C,YNL030W,0,-5.3602304,0.1306220144033432,0.7777777910232544,0.517663836479187
YGL008C,YDR388W,0,-5.3606477,0.1305595338344574,0.7777777910232544,0.5179487466812134
YFL018C,YDR363W-A,0,-5.360715,0.13049712777137756,0.7777777910232544,0.518233597278595
YOR241W,YDR081C,0,-5.361368,0.1304347813129425,0.7777777910232544,0.5185185074806213
YNR067C,YPR181C,0,-5.3620825,0.13037249445915222,0.7777777910232544,0.5188034176826477
YDR309C,YBL050W,0,-5.3626447,0.1303102672100067,0.7777777910232544,0.5190883278846741
YLR219W,YDR180W,1,-5.36294,0.1307251900434494,0.7806267738342285,0.5190883278846741
YDL143W,YBR256C,0,-5.3633904,0.13066285848617554,0.7806267738342285,0.5193732380867004
YLL018C-A,YGL143C,0,-5.36369,0.13060057163238525,0.7806267738342285,0.5196581482887268
YOR037W,YDL079C,0,-5.364148,0.13053834438323975,0.7806267738342285,0.5199429988861084
YNL020C,YML132W,0,-5.3641562,0.1304761916399002,0.7806267738342285,0.5202279090881348
YER044C,YNL074C,0,-5.364628,0.13041408360004425,0.7806267738342285,0.5205128192901611
YJL208C,YDR207C,1,-5.3653736,0.13082778453826904,0.7834757566452026,0.5205128192901611
YDR386W,YNL312W,1,-5.365612,0.1312410831451416,0.7863247990608215,0.5205128192901611
YNL328C,YPL224C,0,-5.3660364,0.13117870688438416,0.7863247990608215,0.5207977294921875
YPL248C,YCL055W,0,-5.3662543,0.13111639022827148,0.7863247990608215,0.5210826396942139
YDR480W,YDR359C,0,-5.366337,0.1310541331768036,0.7863247990608215,0.5213675498962402
YFR013W,YBR283C,0,-5.3673973,0.13099193572998047,0.7863247990608215,0.5216524004936218
YMR001C,YNR026C,0,-5.3673983,0.13092979788780212,0.7863247990608215,0.5219373106956482
YLR010C,YPL239W,0,-5.367491,0.13086770474910736,0.7863247990608215,0.5222222208976746
YBR087W,YCR083W,0,-5.3675504,0.13080568611621857,0.7863247990608215,0.5225071310997009
YIL053W,YDR453C,0,-5.368388,0.13074372708797455,0.7863247990608215,0.5227920413017273
YMR119W,YOR254C,0,-5.3685274,0.1306818127632141,0.7863247990608215,0.5230769515037537
YLL018C-A,YBR008C,0,-5.368552,0.13061997294425964,0.7863247990608215,0.5233618021011353
YOR037W,YPL010W,0,-5.3686543,0.13055817782878876,0.7863247990608215,0.5236467123031616
YGR218W,YDR337W,0,-5.369,0.13049645721912384,0.7863247990608215,0.523931622505188
YLL018C-A,YDR122W,0,-5.3691626,0.1304347813129425,0.7863247990608215,0.5242165327072144
YML012W,YMR091C,0,-5.369171,0.13037316501140594,0.7863247990608215,0.5245014429092407
YLR384C,YGR024C,0,-5.369384,0.13031160831451416,0.7863247990608215,0.5247863531112671
YDR524C,YCL043C,0,-5.369727,0.13025011122226715,0.7863247990608215,0.5250712037086487
YMR153W,YOL001W,0,-5.3700447,0.13018867373466492,0.7863247990608215,0.525356113910675
YDR524C,YBR039W,0,-5.3706245,0.13012729585170746,0.7863247990608215,0.5256410241127014
YPL248C,YLR332W,0,-5.3713074,0.13006597757339478,0.7863247990608215,0.5259259343147278
YNL136W,YHR001W-A,0,-5.371309,0.13000470399856567,0.7863247990608215,0.5262108445167542
YLR133W,YDL195W,0,-5.371342,0.12994350492954254,0.7863247990608215,0.5264957547187805
YCL014W,YAL007C,0,-5.371698,0.129882350564003,0.7863247990608215,0.5267806053161621
YMR109W,YJR045C,0,-5.371909,0.12982125580310822,0.7863247990608215,0.5270655155181885
YDL117W,YDR485C,0,-5.3726254,0.12976022064685822,0.7863247990608215,0.5273504257202148
YML113W,YHR006W,0,-5.3728266,0.129699245095253,0.7863247990608215,0.5276353359222412
YMR021C,YDR432W,0,-5.3731527,0.12963832914829254,0.7863247990608215,0.5279202461242676
YMR011W,YFL013C,0,-5.3738203,0.12957745790481567,0.7863247990608215,0.528205156326294
YBR278W,YMR250W,0,-5.3738613,0.12951666116714478,0.7863247990608215,0.5284900069236755
YJR076C,YHL036W,0,-5.373863,0.12945590913295746,0.7863247990608215,0.5287749171257019
YJR093C,YGR258C,0,-5.3748817,0.12939521670341492,0.7863247990608215,0.5290598273277283
YHR175W,YDR202C,0,-5.374989,0.12933458387851715,0.7863247990608215,0.5293447375297546
YBR234C,YCR060W,0,-5.3751903,0.12927401065826416,0.7863247990608215,0.529629647731781
YLR263W,YEL051W,0,-5.376073,0.12921348214149475,0.7863247990608215,0.5299145579338074
YDL019C,YOR212W,0,-5.376126,0.12915301322937012,0.7863247990608215,0.530199408531189
YMR021C,YDR142C,0,-5.37629,0.12909260392189026,0.7863247990608215,0.5304843187332153
YOR037W,YPL082C,0,-5.3763847,0.12903225421905518,0.7863247990608215,0.5307692289352417
YML023C,YNL026W,0,-5.376497,0.12897196412086487,0.7863247990608215,0.5310541391372681
YCL014W,YJL183W,0,-5.376629,0.12891171872615814,0.7863247990608215,0.5313390493392944
YHR174W,YFL021W,0,-5.3767977,0.12885154783725739,0.7863247990608215,0.5316239595413208
YEL037C,YKL122C,0,-5.3773665,0.12879140675067902,0.7863247990608215,0.5319088101387024
YLR242C,YHR073W,0,-5.3780193,0.12873134016990662,0.7863247990608215,0.5321937203407288
YKL212W,YLR135W,0,-5.378169,0.128671333193779,0.7863247990608215,0.5324786305427551
YBR186W,YOR340C,0,-5.3783574,0.12861137092113495,0.7863247990608215,0.5327635407447815
YHR150W,YMR013C,0,-5.378507,0.12855146825313568,0.7863247990608215,0.5330484509468079
YDL045C,YIL120W,0,-5.378868,0.1284916251897812,0.7863247990608215,0.5333333611488342
YHL040C,YDR388W,0,-5.3790603,0.12843182682991028,0.7863247990608215,0.5336182117462158
YKL165C,YKL034W,0,-5.3792295,0.12837208807468414,0.7863247990608215,0.5339031219482422
YKL173W,YDR058C,0,-5.380158,0.12831240892410278,0.7863247990608215,0.5341880321502686
YGL122C,YBR273C,0,-5.3801937,0.1282527893781662,0.7863247990608215,0.5344729423522949
YOR144C,YHR039C,1,-5.3817973,0.12865768373012543,0.7891737818717957,0.5344729423522949
YDL197C,YOR287C,0,-5.3819304,0.12859795987606049,0.7891737818717957,0.5347578525543213
YDL143W,YHR181W,0,-5.382009,0.12853828072547913,0.7891737818717957,0.5350427627563477
YCL025C,YLR377C,0,-5.382118,0.12847866117954254,0.7891737818717957,0.5353276133537292
YHR119W,YHR041C,0,-5.382207,0.12841910123825073,0.7891737818717957,0.5356125235557556
YHR187W,YOR287C,0,-5.382631,0.1283595860004425,0.7891737818717957,0.535897433757782
YHR005C,YOR322C,0,-5.383703,0.12830014526844025,0.7891737818717957,0.5361823439598083
YFL025C,YNL268W,0,-5.3839607,0.12824073433876038,0.7891737818717957,0.5364672541618347
YFL010W-A,YML132W,0,-5.3840327,0.12818139791488647,0.7891737818717957,0.5367521643638611
YBR159W,YFL004W,0,-5.384109,0.12812210619449615,0.7891737818717957,0.5370370149612427
YGL105W,YNL164C,0,-5.3848267,0.1280628740787506,0.7891737818717957,0.537321925163269
YGR177C,YBR065C,0,-5.3848405,0.12800370156764984,0.7891737818717957,0.5376068353652954
YBR145W,YOR039W,0,-5.3853703,0.12794457376003265,0.7891737818717957,0.5378917455673218
YHR158C,YOR099W,0,-5.3856306,0.12788550555706024,0.7891737818717957,0.5381766557693481
YGL062W,YAR008W,0,-5.386462,0.1278264820575714,0.7891737818717957,0.5384615659713745
YDR432W,YIL022W,0,-5.386597,0.12776753306388855,0.7891737818717957,0.5387464165687561
YHR039C,YDR207C,1,-5.3868036,0.12816967070102692,0.7920227646827698,0.5387464165687561
YAL007C,YHR005C,0,-5.3869047,0.1281106024980545,0.7920227646827698,0.5390313267707825
YCR107W,YBR066C,0,-5.387231,0.12805159389972687,0.7920227646827698,0.5393162369728088
YNL020C,YPR052C,0,-5.3873205,0.1279926300048828,0.7920227646827698,0.5396011471748352
YNR067C,YPR188C,0,-5.3875246,0.12793372571468353,0.7920227646827698,0.5398860573768616
YCL025C,YGR192C,0,-5.3876324,0.12787488102912903,0.7920227646827698,0.5401709675788879
YCL043C,YJR010C-A,0,-5.387801,0.1278160959482193,0.7920227646827698,0.5404558181762695
YPR155C,YIL129C,0,-5.3878417,0.12775735557079315,0.7920227646827698,0.5407407283782959
YIL036W,YGR111W,0,-5.3883033,0.12769867479801178,0.7920227646827698,0.5410256385803223
YDL135C,YJL154C,0,-5.3884735,0.127640038728714,0.7920227646827698,0.5413105487823486
YOL002C,YGR010W,0,-5.3887672,0.12758146226406097,0.7920227646827698,0.541595458984375
YOL063C,YLL011W,0,-5.3890815,0.12752293050289154,0.7920227646827698,0.5418803691864014
YPR181C,YOR172W,0,-5.3894343,0.12746447324752808,0.7920227646827698,0.542165219783783
YOR159C,YOR106W,0,-5.389699,0.127406045794487,0.7920227646827698,0.5424501299858093
YJL165C,YCL063W,0,-5.389706,0.1273476928472519,0.7920227646827698,0.5427350401878357
YIL070C,YJL052W,0,-5.390154,0.12728938460350037,0.7920227646827698,0.5430199503898621
YDR046C,YFR031C,0,-5.3902817,0.12723112106323242,0.7920227646827698,0.5433048605918884
YOR349W,YGL143C,0,-5.3902874,0.12717291712760925,0.7920227646827698,0.5435897707939148
YFL025C,YMR012W,0,-5.39101,0.12711477279663086,0.7920227646827698,0.5438746213912964
YFL010W-A,YPR070W,0,-5.3913984,0.12705667316913605,0.7920227646827698,0.5441595315933228
YHR034C,YOR217W,0,-5.3914413,0.126998633146286,0.7920227646827698,0.5444444417953491
YGR063C,YDR165W,0,-5.391494,0.12694063782691956,0.7920227646827698,0.5447293519973755
YBR164C,YOR212W,0,-5.391584,0.12688270211219788,0.7920227646827698,0.5450142621994019
YPL224C,YEL062W,0,-5.3917828,0.12682481110095978,0.7920227646827698,0.5452991724014282
YAL044C,YIL070C,0,-5.3918076,0.12676697969436646,0.7920227646827698,0.5455840229988098
YJR139C,YPR155C,0,-5.392114,0.1267092078924179,0.7920227646827698,0.5458689332008362
YMR052W,YDL150W,0,-5.3921266,0.12665148079395294,0.7920227646827698,0.5461538434028625
YDL197C,YOR036W,0,-5.392189,0.12659381330013275,0.7920227646827698,0.5464387536048889
YJR076C,YIL056W,0,-5.3935623,0.12653619050979614,0.7920227646827698,0.5467236638069153
YDL088C,YDL126C,0,-5.3938046,0.12647861242294312,0.7920227646827698,0.5470085740089417
YGL195W,YBR231C,0,-5.3938084,0.12642109394073486,0.7920227646827698,0.5472934246063232
YLL026W,YFL013C,0,-5.393899,0.1263636350631714,0.7920227646827698,0.5475783348083496
YDR386W,YMR106C,1,-5.394157,0.1267605572938919,0.7948718070983887,0.5475783348083496
YPL202C,YDR075W,0,-5.395013,0.12670299410820007,0.7948718070983887,0.547863245010376
YER167W,YMR153W,0,-5.395148,0.12664549052715302,0.7948718070983887,0.5481481552124023
YJR017C,YMR296C,0,-5.396112,0.12658801674842834,0.7948718070983887,0.5484330654144287
YBR024W,YMR175W,0,-5.39612,0.12653061747550964,0.7948718070983887,0.5487179756164551
YLR157C,YGL011C,0,-5.396894,0.12647324800491333,0.7948718070983887,0.5490028262138367
YPL153C,YCR060W,0,-5.397272,0.12641595304012299,0.7948718070983887,0.549287736415863
YBR295W,YDR425W,0,-5.3972836,0.12635870277881622,0.7948718070983887,0.5495726466178894
YGL035C,YLR268W,0,-5.39733,0.12630149722099304,0.7948718070983887,0.5498575568199158
YDR298C,YPL190C,0,-5.397416,0.12624435126781464,0.7948718070983887,0.5501424670219421
YOR002W,YBR010W,0,-5.3976564,0.1261872500181198,0.7948718070983887,0.5504273772239685
YFL018C,YHR161C,0,-5.39809,0.12613019347190857,0.7948718070983887,0.5507122278213501
YPR072W,YIR018W,0,-5.398325,0.1260731965303421,0.7948718070983887,0.5509971380233765
YOR064C,YGR211W,0,-5.3985615,0.1260162591934204,0.7948718070983887,0.5512820482254028
YKL055C,YGR239C,0,-5.3989983,0.1259593665599823,0.7948718070983887,0.5515669584274292
YMR109W,YBR192W,0,-5.3990355,0.12590253353118896,0.7948718070983887,0.5518518686294556
YML080W,YLR048W,0,-5.3994145,0.12584573030471802,0.7948718070983887,0.5521367788314819
YPL268W,YDR498C,0,-5.3995776,0.12578900158405304,0.7948718070983887,0.5524216294288635
YKL011C,YBR073W,1,-5.4001665,0.12618295848369598,0.7977207899093628,0.5524216294288635
YNL148C,YPL242C,0,-5.400283,0.12612612545490265,0.7977207899093628,0.5527065396308899
YLR034C,YNR006W,0,-5.400467,0.1260693371295929,0.7977207899093628,0.5529914498329163
YKL165C,YDR425W,0,-5.400634,0.12601260840892792,0.7977207899093628,0.5532763600349426
YDL145C,YHR124W,0,-5.4016905,0.12595590949058533,0.7977207899093628,0.553561270236969
YBR077C,YLR425W,0,-5.401798,0.1258992850780487,0.7977207899093628,0.5538461804389954
YGL011C,YEL051W,0,-5.4019637,0.12584269046783447,0.7977207899093628,0.554131031036377
YDR174W,YDL058W,0,-5.402445,0.1257861703634262,0.7977207899093628,0.5544159412384033
YOL066C,YNL026W,0,-5.4025383,0.12572968006134033,0.7977207899093628,0.5547008514404297
YKL016C,YDR195W,0,-5.4030075,0.12567324936389923,0.7977207899093628,0.554985761642456
YBL032W,YAR033W,0,-5.4032164,0.1256168633699417,0.7977207899093628,0.5552706718444824
YLR329W,YNL339C,1,-5.4034386,0.12600897252559662,0.8005697727203369,0.5552706718444824
YOR330C,YDR341C,0,-5.4034524,0.12595248222351074,0.8005697727203369,0.5555555820465088
YGL195W,YOL105C,0,-5.4041214,0.12589605152606964,0.8005697727203369,0.5558404326438904
YML062C,YGL175C,1,-5.40454,0.12628750503063202,0.8034188151359558,0.5558404326438904
YBR059C,YNL270C,0,-5.4045525,0.12623097002506256,0.8034188151359558,0.5561253428459167
YPL248C,YKL212W,0,-5.40492,0.12617449462413788,0.8034188151359558,0.5564102530479431
YGL124C,YDR189W,0,-5.405568,0.12611806392669678,0.8034188151359558,0.5566951632499695
YGR227W,YJL148W,0,-5.4061346,0.12606169283390045,0.8034188151359558,0.5569800734519958
YJL214W,YGR010W,0,-5.406257,0.1260053664445877,0.8034188151359558,0.5572649836540222
YLR157C,YPR095C,0,-5.406414,0.12594908475875854,0.8034188151359558,0.5575498342514038
YBR177C,YDR379W,0,-5.4080358,0.12589286267757416,0.8034188151359558,0.5578347444534302
YER106W,YHR006W,0,-5.409546,0.12583668529987335,0.8034188151359558,0.5581196546554565
YMR184W,YHR005C,0,-5.409774,0.12578055262565613,0.8034188151359558,0.5584045648574829
YBR145W,YJR010C-A,0,-5.4103765,0.12572447955608368,0.8034188151359558,0.5586894750595093
YOR221C,YDR478W,0,-5.4105997,0.1256684511899948,0.8034188151359558,0.5589743852615356
YOL031C,YPL106C,0,-5.4109783,0.12561246752738953,0.8034188151359558,0.5592592358589172
YER165W,YMR283C,0,-5.4112854,0.12555654346942902,0.8034188151359558,0.5595441460609436
YNL312W,YNL088W,1,-5.4117517,0.12594570219516754,0.8062677979469299,0.5595441460609436
YDR207C,YMR106C,1,-5.412546,0.1263345181941986,0.809116780757904,0.5595441460609436
YHR039C,YFL003C,1,-5.412779,0.12672299146652222,0.811965823173523,0.5595441460609436
YKL025C,YBR152W,0,-5.41286,0.12666666507720947,0.811965823173523,0.55982905626297
YOR037W,YLR008C,0,-5.4131927,0.1266103982925415,0.811965823173523,0.5601139664649963
YGL143C,YER031C,0,-5.4132156,0.12655417621135712,0.811965823173523,0.5603988766670227
YNL065W,YJL006C,0,-5.413634,0.1264979988336563,0.811965823173523,0.5606837868690491
YMR092C,YHL040C,0,-5.414007,0.12644188106060028,0.811965823173523,0.5609686374664307
YER073W,YOL129W,0,-5.414797,0.12638580799102783,0.811965823173523,0.561253547668457
YGL068W,YPR032W,0,-5.4148245,0.12632979452610016,0.811965823173523,0.5615384578704834
YBR186W,YGL053W,0,-5.4150376,0.12627381086349487,0.811965823173523,0.5618233680725098
YBL047C,YEL041W,0,-5.416049,0.12621788680553436,0.811965823173523,0.5621082782745361
YML062C,YHR039C,1,-5.416148,0.12660469114780426,0.8148148059844971,0.5621082782745361
YNR002C,YER089C,0,-5.4163156,0.1265486776828766,0.8148148059844971,0.5623931884765625
YDL195W,YIR018W,0,-5.4165387,0.1264927089214325,0.8148148059844971,0.5626780390739441
YGR262C,YBR186W,0,-5.4165554,0.12643678486347198,0.8148148059844971,0.5629629492759705
YDL079C,YOL038W,0,-5.417197,0.12638090550899506,0.8148148059844971,0.5632478594779968
YPR018W,YCR009C,0,-5.4176226,0.1263250857591629,0.8148148059844971,0.5635327696800232
YDR289C,YMR106C,1,-5.4178305,0.12671081721782684,0.8176637887954712,0.5635327696800232
YLR304C,YDR310C,0,-5.4180665,0.12665489315986633,0.8176637887954712,0.5638176798820496
YNL327W,YIL084C,0,-5.418124,0.1265990287065506,0.8176637887954712,0.5641025900840759
YGL256W,YDL195W,0,-5.418149,0.12654320895671844,0.8176637887954712,0.5643874406814575
YBR089C-A,YIL129C,0,-5.4182863,0.12648743391036987,0.8176637887954712,0.5646723508834839
YER179W,YDR076W,1,-5.418584,0.1268722414970398,0.8205128312110901,0.5646723508834839
YJR092W,YBR172C,0,-5.41877,0.12681637704372406,0.8205128312110901,0.5649572610855103
YPR138C,YLR147C,0,-5.41881,0.1267605572938919,0.8205128312110901,0.5652421712875366
YCL025C,YPR200C,0,-5.4195795,0.12670479714870453,0.8205128312110901,0.565527081489563
YOR037W,YFL036W,0,-5.420256,0.12664908170700073,0.8205128312110901,0.5658119916915894
YPL100W,YBL058W,0,-5.420448,0.12659341096878052,0.8205128312110901,0.566096842288971
YER167W,YGR054W,0,-5.421444,0.12653778493404388,0.8205128312110901,0.5663817524909973
YJL048C,YHL009C,0,-5.4219794,0.12648221850395203,0.8205128312110901,0.5666666626930237
YHR073W,YLR346C,0,-5.422142,0.12642669677734375,0.8205128312110901,0.56695157289505
YOR239W,YLR242C,0,-5.4232845,0.12637121975421906,0.8205128312110901,0.5672364830970764
YGR230W,YGL192W,0,-5.423522,0.12631578743457794,0.8205128312110901,0.5675213932991028
YDR524C,YOR386W,0,-5.424837,0.1262604147195816,0.8205128312110901,0.5678062438964844
YIL112W,YPL188W,0,-5.4250174,0.12620508670806885,0.8205128312110901,0.5680911540985107
YOR037W,YBR049C,0,-5.425701,0.12614980340003967,0.8205128312110901,0.5683760643005371
YML012W,YPL211W,0,-5.4257803,0.12609456479549408,0.8205128312110901,0.5686609745025635
YBR002C,YDR308C,0,-5.42585,0.12603938579559326,0.8205128312110901,0.5689458847045898
YGR229C,YDR485C,0,-5.4264426,0.12598425149917603,0.8205128312110901,0.5692307949066162
YNL280C,YDL036C,0,-5.426548,0.12592916190624237,0.8205128312110901,0.5695156455039978
YLR319C,YDL036C,0,-5.4266863,0.1258741319179535,0.8205128312110901,0.5698005557060242
YNL030W,YOL142W,0,-5.427043,0.125819131731987,0.8205128312110901,0.5700854659080505
YGL180W,YIL022W,0,-5.427929,0.12576419115066528,0.8205128312110901,0.5703703761100769
YIL002C,YOR221C,0,-5.428143,0.12570929527282715,0.8205128312110901,0.5706552863121033
YOL126C,YMR270C,0,-5.428521,0.1256544440984726,0.8205128312110901,0.5709401965141296
YDR425W,YBR240C,0,-5.4285583,0.12559965252876282,0.8205128312110901,0.5712250471115112
YPR046W,YBL080C,0,-5.4286175,0.12554490566253662,0.8205128312110901,0.5715099573135376
YFL010W-A,YMR203W,0,-5.429228,0.125490203499794,0.8205128312110901,0.571794867515564
YPL188W,YIL063C,0,-5.429743,0.12543554604053497,0.8205128312110901,0.5720797777175903
YCL032W,YHR099W,0,-5.429888,0.12538093328475952,0.8205128312110901,0.5723646879196167
YJL065C,YDL150W,0,-5.429929,0.12532636523246765,0.8205128312110901,0.5726495981216431
YML129C,YJL108C,0,-5.430042,0.12527185678482056,0.8205128312110901,0.5729344487190247
YDR393W,YKL122C,0,-5.430427,0.12521739304065704,0.8205128312110901,0.573219358921051
YLR010C,YDR341C,0,-5.431098,0.1251629739999771,0.8205128312110901,0.5735042691230774
YLR006C,YDR341C,0,-5.431259,0.12510859966278076,0.8205128312110901,0.5737891793251038
YOR349W,YNL053W,0,-5.4319353,0.125054270029068,0.8205128312110901,0.5740740895271301
YDR087C,YCL019W,0,-5.4319515,0.125,0.8205128312110901,0.5743589997291565
YDR180W,YHR167W,1,-5.43299,0.12537960708141327,0.8233618140220642,0.5743589997291565
YOR239W,YPR182W,0,-5.4341335,0.12532523274421692,0.8233618140220642,0.5746438503265381
YDR009W,YKL212W,0,-5.4342666,0.12527091801166534,0.8233618140220642,0.5749287605285645
YDR208W,YIL117C,0,-5.43437,0.12521663308143616,0.8233618140220642,0.5752136707305908
YKL079W,YGR033C,0,-5.434403,0.12516240775585175,0.8233618140220642,0.5754985809326172
YPL101W,YNL323W,0,-5.4347258,0.12510822713375092,0.8233618140220642,0.5757834911346436
YLR381W,YLR205C,0,-5.434757,0.12505409121513367,0.8233618140220642,0.5760684013366699
YDR214W,YKL018W,0,-5.435151,0.125,0.8233618140220642,0.5763532519340515
YDL154W,YJL208C,1,-5.4352026,0.1253782957792282,0.8262107968330383,0.5763532519340515
YGL195W,YPR165W,0,-5.435251,0.12532411515712738,0.8262107968330383,0.5766381621360779
YDL117W,YIL112W,0,-5.4352617,0.12526997923851013,0.8262107968330383,0.5769230723381042
YIL036W,YOR180C,0,-5.435647,0.12521588802337646,0.8262107968330383,0.5772079825401306
YFL016C,YOR230W,0,-5.435697,0.12516184151172638,0.8262107968330383,0.577492892742157
YMR197C,YIR018W,0,-5.435781,0.12510785460472107,0.8262107968330383,0.5777778029441833
YGR132C,YGR180C,0,-5.435957,0.12505389750003815,0.8262107968330383,0.5780626535415649
YBL061C,YIL008W,0,-5.435969,0.125,0.8262107968330383,0.5783475637435913
YKL011C,YMR106C,1,-5.43606,0.12537699937820435,0.8290598392486572,0.5783475637435913
YKL112W,YCR009C,0,-5.436229,0.12532299757003784,0.8290598392486572,0.5786324739456177
YJL010C,YBR218C,0,-5.4362407,0.1252690553665161,0.8290598392486572,0.578917384147644
YIL034C,YNL186W,0,-5.436661,0.12521514296531677,0.8290598392486572,0.5792022943496704
YML062C,YDR207C,1,-5.4367766,0.12559139728546143,0.8319088220596313,0.5792022943496704
YFL010W-A,YIL119C,0,-5.4369926,0.12553741037845612,0.8319088220596313,0.5794872045516968
YOR160W,YBR127C,0,-5.437504,0.1254834532737732,0.8319088220596313,0.5797720551490784
YKL220C,YPL082C,0,-5.437853,0.12542955577373505,0.8319088220596313,0.5800569653511047
YOR144C,YDR180W,1,-5.437998,0.12580506503582,0.8347578644752502,0.5800569653511047
YDL029W,YOR005C,0,-5.438104,0.1257510781288147,0.8347578644752502,0.5803418755531311
YNL065W,YGR177C,0,-5.438195,0.12569712102413177,0.8347578644752502,0.5806267857551575
YOR260W,YML092C,0,-5.438735,0.12564322352409363,0.8347578644752502,0.5809116959571838
YGR218W,YPL224C,0,-5.439335,0.12558937072753906,0.8347578644752502,0.5811966061592102
YKL208W,YOR254C,0,-5.439479,0.12553556263446808,0.8347578644752502,0.5814814567565918
YCL055W,YBL050W,0,-5.439789,0.12548179924488068,0.8347578644752502,0.5817663669586182
YBL016W,YIL030C,0,-5.439828,0.12542808055877686,0.8347578644752502,0.5820512771606445
YPL146C,YJR086W,0,-5.440148,0.12537440657615662,0.8347578644752502,0.5823361873626709
YJR083C,YEL027W,0,-5.4405394,0.12532079219818115,0.8347578644752502,0.5826210975646973
YLR133W,YBR089C-A,0,-5.4411983,0.12526720762252808,0.8347578644752502,0.5829060077667236
YNL009W,YPL026C,0,-5.4414577,0.12521368265151978,0.8347578644752502,0.5831908583641052
YOR123C,YER003C,0,-5.4419103,0.12516018748283386,0.8347578644752502,0.5834757685661316
YKL016C,YAL016W,0,-5.443227,0.12510675191879272,0.8347578644752502,0.583760678768158
YLR332W,YCR083W,0,-5.444232,0.12505334615707397,0.8347578644752502,0.5840455889701843
YKL093W,YHR194W,0,-5.4449043,0.125,0.8347578644752502,0.5843304991722107
YCR048W,YPL010W,0,-5.445184,0.1249466985464096,0.8347578644752502,0.5846154093742371
YPR094W,YMR013C,0,-5.4452677,0.1248934343457222,0.8347578644752502,0.5849002599716187
YPR188C,YCR044C,0,-5.4453917,0.12484022229909897,0.8347578644752502,0.585185170173645
YJR017C,YEL051W,0,-5.445657,0.12478705495595932,0.8347578644752502,0.5854700803756714
YKL220C,YDR328C,0,-5.4457045,0.12473393231630325,0.8347578644752502,0.5857549905776978
YNL127W,YLL061W,0,-5.446409,0.12468085438013077,0.8347578644752502,0.5860399007797241
YMR296C,YKR055W,0,-5.4468822,0.12462782114744186,0.8347578644752502,0.5863248109817505
YNL288W,YDR485C,0,-5.447688,0.12457483261823654,0.8347578644752502,0.5866096615791321
YBR008C,YGR054W,0,-5.4478326,0.1245218887925148,0.8347578644752502,0.5868945717811584
YIL120W,YDR328C,0,-5.448178,0.12446898967027664,0.8347578644752502,0.5871794819831848
YKL011C,YLR219W,1,-5.448803,0.12484076619148254,0.8376068472862244,0.5871794819831848
YDR189W,YGR229C,0,-5.4495845,0.12478777766227722,0.8376068472862244,0.5874643921852112
YER179W,YMR106C,1,-5.449913,0.1251590996980667,0.8404558300971985,0.5874643921852112
YJL154C,YNL154C,0,-5.449961,0.12510602176189423,0.8404558300971985,0.5877493023872375
YLR192C,YGL013C,0,-5.4509897,0.12505298852920532,0.8404558300971985,0.5880342125892639
YMR001C,YPL188W,0,-5.4509897,0.125,0.8404558300971985,0.5883190631866455
YPL248C,YCR061W,0,-5.4522343,0.12494705617427826,0.8404558300971985,0.5886039733886719
YGL092W,YIL117C,0,-5.4523273,0.1248941570520401,0.8404558300971985,0.5888888835906982
YPL242C,YPL224C,0,-5.452425,0.12484130263328552,0.8404558300971985,0.5891737937927246
YPL248C,YML098W,0,-5.452698,0.12478849291801453,0.8404558300971985,0.589458703994751
YPL110C,YIL063C,0,-5.452879,0.12473572790622711,0.8404558300971985,0.5897436141967773
YMR283C,YJR086W,0,-5.453068,0.12468300759792328,0.8404558300971985,0.5900284647941589
YCL027W,YHR138C,0,-5.4532247,0.12463033199310303,0.8404558300971985,0.5903133749961853
YOL049W,YGR024C,0,-5.453391,0.12457770109176636,0.8404558300971985,0.5905982851982117
YKL208W,YHR158C,0,-5.4534683,0.12452511489391327,0.8404558300971985,0.590883195400238
YFL003C,YNL312W,1,-5.453944,0.12489451467990875,0.8433048725128174,0.590883195400238
YJR091C,YBR240C,0,-5.453968,0.1248418390750885,0.8433048725128174,0.5911681056022644
YIL070C,YPL224C,0,-5.4545307,0.12478920817375183,0.8433048725128174,0.5914530158042908
YBL009W,YDR075W,0,-5.4548035,0.12473662197589874,0.8433048725128174,0.5917378664016724
YOR210W,YPL234C,0,-5.454823,0.12468408048152924,0.8433048725128174,0.5920227766036987
YDR021W,YNR026C,0,-5.4551053,0.12463157624006271,0.8433048725128174,0.5923076868057251
YBR159W,YOR206W,0,-5.4554543,0.12457912415266037,0.8433048725128174,0.5925925970077515
YKR008W,YCR060W,0,-5.4556,0.12452671676874161,0.8433048725128174,0.5928775072097778
YER075C,YML093W,0,-5.4556417,0.12447434663772583,0.8433048725128174,0.5931624174118042
YPR052C,YIL022W,0,-5.4556713,0.12442202866077423,0.8433048725128174,0.5934472680091858
YBR073W,YDR180W,1,-5.456355,0.12478991597890854,0.8461538553237915,0.5934472680091858
YJL072C,YBR050C,0,-5.4571714,0.12473750859498978,0.8461538553237915,0.5937321782112122
YKR038C,YBR186W,0,-5.4572983,0.124685138463974,0.8461538553237915,0.5940170884132385
YBR234C,YNL186W,0,-5.457488,0.1246328130364418,0.8461538553237915,0.5943019986152649
YMR283C,YBR083W,0,-5.4575195,0.12458053976297379,0.8461538553237915,0.5945869088172913
YLR381W,YOR344C,0,-5.4591894,0.12452830374240875,0.8461538553237915,0.5948718190193176
YML098W,YBR273C,0,-5.4593296,0.1244761124253273,0.8461538553237915,0.5951566696166992
YPL269W,YIL070C,0,-5.459408,0.12442396581172943,0.8461538553237915,0.5954415798187256
YLR157C,YDL232W,0,-5.459598,0.12437185645103455,0.8461538553237915,0.595726490020752
YGR024C,YEL041W,0,-5.459774,0.12431979924440384,0.8461538553237915,0.5960114002227783
YFL036W,YOL122C,0,-5.460397,0.12426777929067612,0.8461538553237915,0.5962963104248047
YDR277C,YNL186W,0,-5.460625,0.12421581149101257,0.8461538553237915,0.596581220626831
YNL268W,YOR210W,0,-5.4620676,0.12416388094425201,0.8461538553237915,0.5968660712242126
YBR183W,YCR061W,0,-5.4622884,0.12411199510097504,0.8461538553237915,0.597150981426239
YPL202C,YDR453C,0,-5.4623137,0.12406015396118164,0.8461538553237915,0.5974358916282654
YPL269W,YDL128W,0,-5.4625645,0.12400835007429123,0.8461538553237915,0.5977208018302917
YDR309C,YER008C,0,-5.462571,0.1239565908908844,0.8461538553237915,0.5980057120323181
YJL108C,YBL102W,0,-5.4627886,0.12390488386154175,0.8461538553237915,0.5982906222343445
YNR010W,YJL025W,0,-5.463258,0.12385321408510208,0.8461538553237915,0.5985754728317261
YFR031C,YCL019W,0,-5.4638677,0.1238015815615654,0.8461538553237915,0.5988603830337524
YNL262W,YOL129W,0,-5.464068,0.1237500011920929,0.8461538553237915,0.5991452932357788
YER167W,YML132W,0,-5.464994,0.12369845807552338,0.8461538553237915,0.5994302034378052
YBR192W,YOL113W,0,-5.465131,0.12364695966243744,0.8461538553237915,0.5997151136398315
YGR180C,YCR053W,0,-5.4657955,0.12359550595283508,0.8461538553237915,0.6000000238418579
YBR177C,YGR180C,0,-5.465987,0.12354408949613571,0.8461538553237915,0.6002848744392395
YNL061W,YBR240C,0,-5.4672422,0.12349272519350052,0.8461538553237915,0.6005697846412659
YMR013C,YIL063C,0,-5.468191,0.12344139814376831,0.8461538553237915,0.6008546948432922
YER169W,YEL004W,0,-5.4682183,0.12339011579751968,0.8461538553237915,0.6011396050453186
YNL148C,YGL122C,0,-5.4698963,0.12333887070417404,0.8461538553237915,0.601424515247345
YMR150C,YLR268W,0,-5.4701023,0.12328767031431198,0.8461538553237915,0.6017094254493713
YKL005C,YGL084C,0,-5.4701147,0.1232365146279335,0.8461538553237915,0.6019942760467529
YGR041W,YOL142W,0,-5.47027,0.1231854036450386,0.8461538553237915,0.6022791862487793
YNL008C,YOR241W,0,-5.4715066,0.12313432991504669,0.8461538553237915,0.6025640964508057
YGR003W,YNL153C,0,-5.4715652,0.12308330088853836,0.8461538553237915,0.602849006652832
YNL084C,YNL307C,0,-5.471841,0.12303230911493301,0.8461538553237915,0.6031339168548584
YLR110C,YIL123W,0,-5.472497,0.12298136949539185,0.8461538553237915,0.6034188270568848
YBR256C,YIL022W,0,-5.4728,0.12293046712875366,0.8461538553237915,0.6037036776542664
YKR066C,YEL027W,0,-5.473248,0.12287960201501846,0.8461538553237915,0.6039885878562927
YNL327W,YCR060W,0,-5.4733515,0.12282878160476685,0.8461538553237915,0.6042734980583191
YMR301C,YDR393W,0,-5.473504,0.12277800589799881,0.8461538553237915,0.6045584082603455
YDR205W,YDR341C,0,-5.4737015,0.12272727489471436,0.8461538553237915,0.6048433184623718
YER019W,YKL018W,0,-5.4737816,0.12267658114433289,0.8461538553237915,0.6051282286643982
YDR098C,YDL006W,0,-5.4738007,0.122625932097435,0.8461538553237915,0.6054130792617798
YCL043C,YOR149C,0,-5.4740543,0.1225753203034401,0.8461538553237915,0.6056979894638062
YJL008C,YFR005C,0,-5.474189,0.12252475321292877,0.8461538553237915,0.6059828996658325
YML047C,YGR033C,0,-5.474203,0.12247422337532043,0.8461538553237915,0.6062678098678589
YML032C,YDR207C,1,-5.47539,0.12283594161272049,0.8490028381347656,0.6062678098678589
YPL265W,YMR073C,0,-5.47572,0.12278532981872559,0.8490028381347656,0.6065527200698853
YBR089C-A,YMR153W,0,-5.47606,0.12273476272821426,0.8490028381347656,0.6068376302719116
YKL011C,YMR224C,1,-5.4761124,0.12309592217206955,0.8518518805503845,0.6068376302719116
YBR049C,YMR142C,0,-5.476126,0.12304526567459106,0.8518518805503845,0.6071224808692932
YLR133W,YJL129C,0,-5.4766026,0.12299465388059616,0.8518518805503845,0.6074073910713196
YJL111W,YGR285C,0,-5.476603,0.12294407933950424,0.8518518805503845,0.607692301273346
YKR095W,YIR018W,0,-5.477052,0.1228935495018959,0.8518518805503845,0.6079772114753723
YNR054C,YDR478W,0,-5.4774275,0.12284305691719055,0.8518518805503845,0.6082621216773987
YLL061W,YDL006W,0,-5.477705,0.12279260903596878,0.8518518805503845,0.608547031879425
YPR072W,YDR189W,0,-5.478256,0.12274219840765,0.8518518805503845,0.6088318824768066
YBL026W,YDR432W,0,-5.4783792,0.12269183248281479,0.8518518805503845,0.609116792678833
YDL175C,YGL178W,0,-5.479227,0.12264151126146317,0.8518518805503845,0.6094017028808594
YMR225C,YFL004W,0,-5.4800653,0.12259122729301453,0.8518518805503845,0.6096866130828857
YLR110C,YCL063W,0,-5.4802136,0.12254098057746887,0.8518518805503845,0.6099715232849121
YPR052C,YDR460W,0,-5.480253,0.1224907860159874,0.8518518805503845,0.6102564334869385
YAL054C,YGR222W,0,-5.480658,0.12244062125682831,0.8518518805503845,0.6105412840843201
YER075C,YLR090W,0,-5.480876,0.1223905012011528,0.8518518805503845,0.6108261942863464
YDR524C,YMR142C,0,-5.4809723,0.12234042584896088,0.8518518805503845,0.6111111044883728
YOR098C,YDL170W,0,-5.481268,0.12229038774967194,0.8518518805503845,0.6113960146903992
YGR097W,YDR122W,0,-5.481739,0.12224039435386658,0.8518518805503845,0.6116809248924255
YKR055W,YOR329C,0,-5.4822836,0.1221904382109642,0.8518518805503845,0.6119658350944519
YKL005C,YMR001C,0,-5.4828167,0.12214051932096481,0.8518518805503845,0.6122506856918335
YOR037W,YGL172W,0,-5.4829144,0.1220906525850296,0.8518518805503845,0.6125355958938599
YJR139C,YMR076C,0,-5.483576,0.12204081565141678,0.8518518805503845,0.6128205060958862
YPR082C,YNL280C,0,-5.483636,0.12199102342128754,0.8518518805503845,0.6131054162979126
YLR377C,YDR181C,0,-5.483837,0.12194127589464188,0.8518518805503845,0.613390326499939
YHR042W,YOL001W,0,-5.484021,0.1218915581703186,0.8518518805503845,0.6136752367019653
YNL312W,YDR180W,1,-5.484047,0.12224938720464706,0.8547008633613586,0.6136752367019653
YDR046C,YDR372C,0,-5.48437,0.12219959497451782,0.8547008633613586,0.6139600872993469
YNL147W,YOR221C,0,-5.4848456,0.12214983999729156,0.8547008633613586,0.6142449975013733
YLR011W,YJL048C,0,-5.4848623,0.12210012227296829,0.8547008633613586,0.6145299077033997
YBR010W,YDR341C,0,-5.485387,0.1220504492521286,0.8547008633613586,0.614814817905426
YAR033W,YGL151W,0,-5.48599,0.1220008134841919,0.8547008633613586,0.6150997281074524
YOL063C,YOL142W,0,-5.486205,0.12195122241973877,0.8547008633613586,0.6153846383094788
YGL008C,YNR006W,0,-5.4863377,0.12190166860818863,0.8547008633613586,0.6156694889068604
YDR098C,YGL084C,0,-5.487157,0.12185215204954147,0.8547008633613586,0.6159543991088867
YJR022W,YGR063C,0,-5.487459,0.1218026801943779,0.8547008633613586,0.6162393093109131
YNL282W,YGR186W,0,-5.488031,0.12175324559211731,0.8547008633613586,0.6165242195129395
YMR026C,YOR179C,0,-5.488449,0.1217038556933403,0.8547008633613586,0.6168091297149658
YNL026W,YLR006C,0,-5.4889135,0.12165450304746628,0.8547008633613586,0.6170940399169922
YMR001C,YLR116W,0,-5.4893312,0.12160518765449524,0.8547008633613586,0.6173788905143738
YGL016W,YPR052C,0,-5.4901333,0.12155591696500778,0.8547008633613586,0.6176638007164001
YHR150W,YLR025W,0,-5.49119,0.12150668352842331,0.8547008633613586,0.6179487109184265
YLR319C,YIL142W,0,-5.4920673,0.12145748734474182,0.8547008633613586,0.6182336211204529
YDR009W,YJL128C,0,-5.492439,0.12140833586454391,0.8547008633613586,0.6185185313224792
YPR155C,YGR063C,0,-5.493369,0.12135922163724899,0.8547008633613586,0.6188034415245056
YLL061W,YJR102C,0,-5.4946814,0.12131015211343765,0.8547008633613586,0.6190882921218872
YPL265W,YJR017C,0,-5.4959164,0.1212611123919487,0.8547008633613586,0.6193732023239136
YHR042W,YOL066C,0,-5.496178,0.12121212482452393,0.8547008633613586,0.6196581125259399
YLR068W,YDL128W,0,-5.4968443,0.12116316705942154,0.8547008633613586,0.6199430227279663
YGL226C-A,YGR180C,0,-5.4976435,0.12111425399780273,0.8547008633613586,0.6202279329299927
YOL069W,YOR212W,0,-5.497678,0.12106537818908691,0.8547008633613586,0.620512843132019
YER167W,YMR091C,0,-5.497713,0.12101653963327408,0.8547008633613586,0.6207976937294006
YER035W,YER001W,0,-5.498063,0.12096773833036423,0.8547008633613586,0.621082603931427
YMR092C,YCR084C,0,-5.4981194,0.12091898173093796,0.8547008633613586,0.6213675141334534
YJL010C,YGR192C,0,-5.4984283,0.12087026238441467,0.8547008633613586,0.6216524243354797
YGR177C,YNR026C,0,-5.4985914,0.12082158774137497,0.8547008633613586,0.6219373345375061
YOR180C,YCR009C,0,-5.499262,0.12077295035123825,0.8547008633613586,0.6222222447395325
YDL145C,YAL022C,0,-5.500203,0.12072434276342392,0.8547008633613586,0.6225070953369141
YPL268W,YLR005W,0,-5.5004883,0.12067578732967377,0.8547008633613586,0.6227920055389404
YNL129W,YGL229C,0,-5.5005417,0.120627261698246,0.8547008633613586,0.6230769157409668
YDL080C,YMR089C,0,-5.500679,0.12057878077030182,0.8547008633613586,0.6233618259429932
YBR218C,YFL036W,0,-5.5007925,0.12053033709526062,0.8547008633613586,0.6236467361450195
YDR273W,YKR095W,0,-5.5011654,0.1204819306731224,0.8547008633613586,0.6239316463470459
YDR515W,YLR425W,0,-5.501362,0.12043356150388718,0.8547008633613586,0.6242164969444275
YGL004C,YOR179C,0,-5.5015316,0.12038522958755493,0.8547008633613586,0.6245014071464539
YJR139C,YBR152W,0,-5.501747,0.12033694237470627,0.8547008633613586,0.6247863173484802
YGL226C-A,YGR211W,0,-5.5023804,0.12028869241476059,0.8547008633613586,0.6250712275505066
YMR139W,YGR192C,0,-5.5030937,0.1202404797077179,0.8547008633613586,0.625356137752533
YML055W,YIL022W,0,-5.5034266,0.12019230425357819,0.8547008633613586,0.6256410479545593
YKL005C,YOR260W,0,-5.5034695,0.12014417350292206,0.8547008633613586,0.6259258985519409
YBR068C,YBL061C,0,-5.5035133,0.12009608000516891,0.8547008633613586,0.6262108087539673
YCR038C,YKL205W,0,-5.5038276,0.12004801630973816,0.8547008633613586,0.6264957189559937
YJL072C,YLR268W,0,-5.5042496,0.11999999731779099,0.8547008633613586,0.62678062915802
YNL328C,YNL026W,0,-5.5044317,0.1199520155787468,0.8547008633613586,0.6270655393600464
YNL009W,YPL060W,0,-5.5044417,0.11990407854318619,0.8547008633613586,0.6273504495620728
YCR038C,YJL102W,0,-5.504539,0.11985617130994797,0.8547008633613586,0.6276353001594543
YDR021W,YMR026C,0,-5.504751,0.11980830878019333,0.8547008633613586,0.6279202103614807
YAL022C,YOL113W,0,-5.5052066,0.11976047605276108,0.8547008633613586,0.6282051205635071
YGL256W,YPR181C,0,-5.5055866,0.11971268802881241,0.8547008633613586,0.6284900307655334
YDR076W,YDR180W,1,-5.506049,0.12006381899118423,0.8575498461723328,0.6284900307655334
YNR002C,YGR132C,0,-5.506444,0.120015949010849,0.8575498461723328,0.6287749409675598
YMR175W,YIL061C,0,-5.5064898,0.11996811628341675,0.8575498461723328,0.6290598511695862
YBR002C,YPR181C,0,-5.5065236,0.11992032080888748,0.8575498461723328,0.6293447017669678
YPL188W,YOR172W,0,-5.506732,0.1198725625872612,0.8575498461723328,0.6296296119689941
YPR001W,YLL026W,0,-5.506983,0.1198248416185379,0.8575498461723328,0.6299145221710205
YFL057C,YML098W,0,-5.5071607,0.11977715790271759,0.8575498461723328,0.6301994323730469
YNL268W,YOL069W,0,-5.507212,0.11972951143980026,0.8575498461723328,0.6304843425750732
YLR381W,YCR053W,0,-5.507964,0.11968190968036652,0.8575498461723328,0.6307692527770996
YGL175C,YMR284W,1,-5.5088367,0.12003179639577866,0.8603988885879517,0.6307692527770996
YNL129W,YLR268W,0,-5.508943,0.11998410522937775,0.8603988885879517,0.6310541033744812
YHR193C,YDR388W,0,-5.509019,0.11993645876646042,0.8603988885879517,0.6313390135765076
YPL269W,YGL151W,0,-5.5093985,0.11988884210586548,0.8603988885879517,0.6316239237785339
YHR023W,YNL302C,0,-5.5095587,0.11984127014875412,0.8603988885879517,0.6319088339805603
YOR005C,YMR104C,0,-5.5098567,0.11979373544454575,0.8603988885879517,0.6321937441825867
YBR050C,YDR083W,0,-5.5112596,0.11974623054265976,0.8603988885879517,0.632478654384613
YDR318W,YGR186W,0,-5.511343,0.11969877034425735,0.8603988885879517,0.6327635049819946
YCL016C,YIL155C,0,-5.511469,0.11965134739875793,0.8603988885879517,0.633048415184021
YLR431C,YGL172W,0,-5.5116987,0.1196039617061615,0.8603988885879517,0.6333333253860474
YJR074W,YDR498C,0,-5.5121636,0.11955661326646805,0.8603988885879517,0.6336182355880737
YBR210W,YDR328C,0,-5.5124555,0.11950930207967758,0.8603988885879517,0.6339031457901001
YFL011W,YOR340C,0,-5.513058,0.1194620281457901,0.8603988885879517,0.6341880559921265
YOR340C,YPL253C,0,-5.5134134,0.1194147914648056,0.8603988885879517,0.6344729065895081
YPL209C,YBR172C,0,-5.513603,0.11936759203672409,0.8603988885879517,0.6347578167915344
YGL192W,YMR266W,0,-5.513713,0.11932042986154556,0.8603988885879517,0.6350427269935608
YGR229C,YBR231C,0,-5.513788,0.11927330493927002,0.8603988885879517,0.6353276371955872
YNL230C,YHR042W,0,-5.5139475,0.11922621726989746,0.8603988885879517,0.6356125473976135
YML120C,YML092C,0,-5.516836,0.11917916685342789,0.8603988885879517,0.6358974575996399
YJR022W,YDL217C,0,-5.5173,0.1191321462392807,0.8603988885879517,0.6361823081970215
YDR075W,YER169W,0,-5.5174804,0.1190851703286171,0.8603988885879517,0.6364672183990479
YOR144C,YLR219W,1,-5.518305,0.11943239718675613,0.8632478713989258,0.6364672183990479
YGR180C,YDR189W,0,-5.5185094,0.11938533931970596,0.8632478713989258,0.6367521286010742
YPR138C,YDR058C,0,-5.5187244,0.11933831870555878,0.8632478713989258,0.6370370388031006
YLR160C,YFR052W,0,-5.5190287,0.11929133534431458,0.8632478713989258,0.637321949005127
YDL142C,YJL076W,0,-5.5193667,0.11924438923597336,0.8632478713989258,0.6376068592071533
YDR379W,YBR256C,0,-5.51999,0.11919748038053513,0.8632478713989258,0.6378917098045349
YER044C,YDL235C,0,-5.5200706,0.11915060877799988,0.8632478713989258,0.6381766200065613
YLR248W,YOL105C,0,-5.5206013,0.11910377442836761,0.8632478713989258,0.6384615302085876
YMR069W,YDR432W,0,-5.520633,0.11905697733163834,0.8632478713989258,0.638746440410614
YOL043C,YOR344C,0,-5.5206623,0.11901021003723145,0.8632478713989258,0.6390313506126404
YJL025W,YDR388W,0,-5.52089,0.11896348744630814,0.8632478713989258,0.6393162608146667
YNL288W,YJR076C,0,-5.521311,0.11891679465770721,0.8632478713989258,0.6396011114120483
YJL072C,YJL026W,0,-5.521534,0.11887014657258987,0.8632478713989258,0.6398860216140747
YER169W,YDR478W,0,-5.5217586,0.11882352828979492,0.8632478713989258,0.6401709318161011
YGR041W,YDL138W,0,-5.522704,0.11877694725990295,0.8632478713989258,0.6404558420181274
YBR065C,YGL073W,0,-5.5228558,0.11873041093349457,0.8632478713989258,0.6407407522201538
YOR330C,YNL061W,0,-5.523366,0.11868390440940857,0.8632478713989258,0.6410256624221802
YKL011C,YNL312W,1,-5.524117,0.1190289705991745,0.8660968542098999,0.6410256624221802
YDR208W,YEL060C,0,-5.524663,0.11898238956928253,0.8660968542098999,0.6413105130195618
YMR012W,YML114C,0,-5.524939,0.11893583834171295,0.8660968542098999,0.6415954232215881
YJL090C,YHR039C,1,-5.525195,0.11928040534257889,0.8689458966255188,0.6415954232215881
YJR022W,YGR158C,0,-5.5257826,0.11923377960920334,0.8689458966255188,0.6418803334236145
YJR092W,YIL129C,0,-5.525867,0.11918718367815018,0.8689458966255188,0.6421652436256409
YJL111W,YNL131W,0,-5.5258713,0.119140625,0.8689458966255188,0.6424501538276672
YPR134W,YKR059W,0,-5.5262947,0.11909410357475281,0.8689458966255188,0.6427350640296936
YBR164C,YDL029W,0,-5.5269775,0.1190476194024086,0.8689458966255188,0.6430199146270752
YKR007W,YFL036W,0,-5.5270495,0.11900117248296738,0.8689458966255188,0.6433048248291016
YDR456W,YGL006W,0,-5.5270834,0.11895475536584854,0.8689458966255188,0.6435897350311279
YGR003W,YLR066W,0,-5.527319,0.11890838295221329,0.8689458966255188,0.6438746452331543
YDR331W,YGL008C,0,-5.5273485,0.11886204034090042,0.8689458966255188,0.6441595554351807
YDL143W,YEL051W,0,-5.5276375,0.11881573498249054,0.8689458966255188,0.644444465637207
YOR099W,YER106W,0,-5.527686,0.11876946687698364,0.8689458966255188,0.6447293162345886
YGR158C,YBR295W,0,-5.5279665,0.11872323602437973,0.8689458966255188,0.645014226436615
YDR337W,YOR254C,0,-5.5280066,0.1186770424246788,0.8689458966255188,0.6452991366386414
YLL026W,YAL043C,0,-5.528268,0.11863088607788086,0.8689458966255188,0.6455840468406677
YGL195W,YGR033C,0,-5.528599,0.1185847595334053,0.8689458966255188,0.6458689570426941
YDR388W,YOR212W,0,-5.5286274,0.11853867024183273,0.8689458966255188,0.6461538672447205
YDR308C,YOR212W,0,-5.5290346,0.11849261820316315,0.8689458966255188,0.646438717842102
YDL232W,YFR034C,0,-5.5292425,0.11844660341739655,0.8689458966255188,0.6467236280441284
YOR039W,YCL043C,0,-5.5292654,0.11840061843395233,0.8689458966255188,0.6470085382461548
YNL274C,YFL016C,0,-5.52934,0.1183546781539917,0.8689458966255188,0.6472934484481812
YOR349W,YCR072C,0,-5.5294175,0.11830876767635345,0.8689458966255188,0.6475783586502075
YKR007W,YCL063W,0,-5.5297976,0.1182628944516182,0.8689458966255188,0.6478632688522339
YKL011C,YDR076W,1,-5.530119,0.11860465258359909,0.8717948794364929,0.6478632688522339
YDL008W,YKL160W,0,-5.530265,0.11855869740247726,0.8717948794364929,0.6481481194496155
YBR010W,YLR205C,0,-5.5303154,0.11851277947425842,0.8717948794364929,0.6484330296516418
YOR144C,YNL339C,1,-5.5303493,0.11885404586791992,0.874643862247467,0.6484330296516418
YNL136W,YKR055W,0,-5.530452,0.11880804598331451,0.874643862247467,0.6487179398536682
YIL030C,YJR102C,0,-5.5306325,0.11876209080219269,0.874643862247467,0.6490028500556946
YGR132C,YPR094W,0,-5.5313525,0.11871616542339325,0.874643862247467,0.649287760257721
YKL005C,YER088C,0,-5.5317297,0.1186702772974968,0.874643862247467,0.6495726704597473
YMR069W,YKL056C,0,-5.531866,0.11862441897392273,0.874643862247467,0.6498575210571289
YFL021W,YPR046W,0,-5.531948,0.11857860535383224,0.874643862247467,0.6501424312591553
YMR139W,YBR083W,0,-5.532448,0.11853282153606415,0.874643862247467,0.6504273414611816
YOL013C,YLR193C,0,-5.5331626,0.11848706752061844,0.874643862247467,0.650712251663208
YOR209C,YML131W,0,-5.5337195,0.11844135820865631,0.874643862247467,0.6509971618652344
YML080W,YFR005C,0,-5.533726,0.11839567869901657,0.874643862247467,0.6512820720672607
YNL222W,YGR211W,0,-5.533864,0.11835003644227982,0.874643862247467,0.6515669226646423
YBR039W,YOR148C,0,-5.5339794,0.11830443143844604,0.874643862247467,0.6518518328666687
YER088C,YPL248C,0,-5.5341883,0.11825885623693466,0.874643862247467,0.6521367430686951
YNL074C,YLR090W,0,-5.5352635,0.11821332573890686,0.874643862247467,0.6524216532707214
YGR010W,YPL188W,0,-5.5354548,0.11816782504320145,0.874643862247467,0.6527065634727478
YDR180W,YNL088W,1,-5.535527,0.11850711703300476,0.8774929046630859,0.6527065634727478
YIL142W,YMR153W,0,-5.5356994,0.11846154183149338,0.8774929046630859,0.6529914736747742
YPL118W,YBL102W,0,-5.5359898,0.11841599643230438,0.8774929046630859,0.6532763242721558
YNR054C,YBR087W,0,-5.5360594,0.11837048083543777,0.8774929046630859,0.6535612344741821
YER106W,YOL038W,0,-5.536505,0.11832500994205475,0.8774929046630859,0.6538461446762085
YBR192W,YER117W,0,-5.5370464,0.11827956885099411,0.8774929046630859,0.6541310548782349
YER164W,YDR202C,0,-5.5371695,0.11823416501283646,0.8774929046630859,0.6544159650802612
YPR025C,YDL036C,0,-5.5376015,0.11818879842758179,0.8774929046630859,0.6547008752822876
YCL043C,YNL304W,0,-5.537692,0.1181434616446495,0.8774929046630859,0.6549857258796692
YML012W,YDR059C,0,-5.5377526,0.11809816211462021,0.8774929046630859,0.6552706360816956
YKL101W,YGR239C,0,-5.538102,0.1180528923869133,0.8774929046630859,0.6555555462837219
YKL146W,YLR195C,0,-5.5382757,0.11800765991210938,0.8774929046630859,0.6558404564857483
YIR033W,YLR332W,0,-5.538314,0.11796246469020844,0.8774929046630859,0.6561253666877747
YOL002C,YDL225W,0,-5.5390205,0.11791730672121048,0.8774929046630859,0.656410276889801
YER142C,YMR216C,0,-5.5392175,0.11787217855453491,0.8774929046630859,0.6566951274871826
YHR116W,YGL219C,0,-5.5393276,0.11782708764076233,0.8774929046630859,0.656980037689209
YPR020W,YDR116C,0,-5.5395517,0.11778202652931213,0.8774929046630859,0.6572649478912354
YIL053W,YIL022W,0,-5.5396895,0.11773700267076492,0.8774929046630859,0.6575498580932617
YAL015C,YLL011W,0,-5.539736,0.1176920160651207,0.8774929046630859,0.6578347682952881
YKL005C,YJL034W,0,-5.539974,0.11764705926179886,0.8774929046630859,0.6581196784973145
YBR065C,YJL026W,0,-5.5402117,0.11760213971138,0.8774929046630859,0.658404529094696
YDL126C,YOL063C,0,-5.5403147,0.11755724996328354,0.8774929046630859,0.6586894392967224
YPL151C,YGL030W,0,-5.540985,0.11751239746809006,0.8774929046630859,0.6589743494987488
YNL280C,YLR066W,0,-5.5411806,0.11746758222579956,0.8774929046630859,0.6592592597007751
YMR150C,YDR363W-A,0,-5.541374,0.11742279678583145,0.8774929046630859,0.6595441699028015
YBL016W,YBR066C,0,-5.541625,0.11737804859876633,0.8774929046630859,0.6598290801048279
YJL072C,YDL195W,0,-5.5425224,0.11733333021402359,0.8774929046630859,0.6601139307022095
YIL056W,YOR064C,0,-5.5430565,0.11728864908218384,0.8774929046630859,0.6603988409042358
YGR249W,YKR095W,0,-5.5436573,0.11724400520324707,0.8774929046630859,0.6606837511062622
YGL195W,YDL235C,0,-5.5437565,0.11719939112663269,0.8774929046630859,0.6609686613082886
YBR010W,YKL042W,0,-5.544188,0.1171548143029213,0.8774929046630859,0.6612535715103149
YMR001C,YKL160W,0,-5.544199,0.11711026728153229,0.8774929046630859,0.6615384817123413
YNL281W,YGL229C,0,-5.5442104,0.11706575751304626,0.8774929046630859,0.6618233323097229
YML102W,YER031C,0,-5.544712,0.11702127754688263,0.8774929046630859,0.6621082425117493
YMR232W,YGR268C,0,-5.544902,0.11697683483362198,0.8774929046630859,0.6623931527137756
YMR052W,YOR221C,0,-5.5449147,0.11693242192268372,0.8774929046630859,0.662678062915802
YOR319W,YOL069W,0,-5.545142,0.11688804626464844,0.8774929046630859,0.6629629731178284
YLR293C,YLR166C,0,-5.545348,0.11684370040893555,0.8774929046630859,0.6632478833198547
YAL032C,YNL131W,0,-5.5457554,0.11679939180612564,0.8774929046630859,0.6635327339172363
YOR209C,YMR079W,0,-5.5458183,0.11675512045621872,0.8774929046630859,0.6638176441192627
YCR042C,YGR033C,0,-5.5459437,0.11671087890863419,0.8774929046630859,0.6641025543212891
YJL184W,YPL235W,0,-5.546344,0.11666666716337204,0.8774929046630859,0.6643874645233154
YML092C,YPR036W,0,-5.547017,0.11662249267101288,0.8774929046630859,0.6646723747253418
YOL126C,YLR263W,0,-5.5471096,0.1165783479809761,0.8774929046630859,0.6649572849273682
YJR092W,YGL053W,0,-5.548024,0.11653424054384232,0.8774929046630859,0.6652421355247498
YLR304C,YLR277C,0,-5.548361,0.11649016290903091,0.8774929046630859,0.6655270457267761
YER073W,YDL230W,0,-5.5483847,0.1164461225271225,0.8774929046630859,0.6658119559288025
YNL307C,YMR197C,0,-5.5484934,0.11640211939811707,0.8774929046630859,0.6660968661308289
YEL027W,YGL062W,0,-5.5487175,0.11635813862085342,0.8774929046630859,0.6663817763328552
YKR076W,YGL124C,0,-5.549938,0.11631420254707336,0.8774929046630859,0.6666666865348816
YHR116W,YMR089C,0,-5.5515223,0.1162702888250351,0.8774929046630859,0.666951596736908
YKL029C,YLR263W,0,-5.5515585,0.11622641235589981,0.8774929046630859,0.6672364473342896
YHR019C,YJR139C,0,-5.5518208,0.11618257313966751,0.8774929046630859,0.6675213575363159
YGL175C,YMR106C,1,-5.5518837,0.11651583760976791,0.8803418874740601,0.6675213575363159
YPL026C,YOR230W,0,-5.552214,0.11647191643714905,0.8803418874740601,0.6678062677383423
YDR081C,YMR142C,0,-5.552292,0.11642803251743317,0.8803418874740601,0.6680911779403687
YNR002C,YHR158C,0,-5.5525413,0.11638417840003967,0.8803418874740601,0.668376088142395
YOR123C,YDR277C,0,-5.552554,0.11634036153554916,0.8803418874740601,0.6686609983444214
YIL123W,YBR172C,0,-5.5531745,0.11629657447338104,0.8803418874740601,0.668945848941803
YBR132C,YIL120W,0,-5.5533376,0.1162528246641159,0.8803418874740601,0.6692307591438293
YLR355C,YGL068W,0,-5.5535297,0.11620910465717316,0.8803418874740601,0.6695156693458557
YOL126C,YJL139C,0,-5.554656,0.1161654144525528,0.8803418874740601,0.6698005795478821
YDR174W,YJL203W,0,-5.554945,0.11612176150083542,0.8803418874740601,0.6700854897499084
YNL061W,YHR200W,0,-5.5556865,0.11607813835144043,0.8803418874740601,0.6703703999519348
YLR160C,YOR329C,0,-5.5558357,0.11603454500436783,0.8803418874740601,0.6706552505493164
YPR138C,YPR032W,0,-5.5567026,0.11599098891019821,0.8803418874740601,0.6709401607513428
YBR002C,YBR273C,0,-5.557159,0.11594747006893158,0.8803418874740601,0.6712250709533691
YLR166C,YPL239W,0,-5.5573792,0.11590397357940674,0.8803418874740601,0.6715099811553955
YGR132C,YGL008C,0,-5.5575323,0.11586051434278488,0.8803418874740601,0.6717948913574219
YCL055W,YGR181W,0,-5.5576878,0.11581709235906601,0.8803418874740601,0.6720798015594482
YHL036W,YNL131W,0,-5.5584536,0.11577370017766953,0.8803418874740601,0.6723646521568298
YER073W,YIL063C,0,-5.558485,0.11573033779859543,0.8803418874740601,0.6726495623588562
YFL041W,YDL013W,0,-5.5585384,0.11568700522184372,0.8803418874740601,0.6729344725608826
YGL180W,YDL145C,0,-5.559324,0.115643709897995,0.8803418874740601,0.6732193827629089
YHR019C,YDL098C,0,-5.5594635,0.11560045182704926,0.8803418874740601,0.6735042929649353
YDR397C,YKL212W,0,-5.56008,0.1155572161078453,0.8803418874740601,0.6737892031669617
YMR139W,YLR193C,0,-5.560128,0.11551401764154434,0.8803418874740601,0.6740740537643433
YDR086C,YBR231C,0,-5.5603976,0.11547084897756577,0.8803418874740601,0.6743589639663696
YDR379W,YDL109C,0,-5.560518,0.11542771756649017,0.8803418874740601,0.674643874168396
YJL208C,YBR073W,1,-5.5607758,0.1157580316066742,0.8831908702850342,0.674643874168396
YOR349W,YEL060C,0,-5.560837,0.11571481823921204,0.8831908702850342,0.6749287843704224
YML080W,YCR060W,0,-5.561103,0.11567164212465286,0.8831908702850342,0.6752136945724487
YIR041W,YMR175W,0,-5.5625076,0.11562849581241608,0.8831908702850342,0.6754986047744751
YDR208W,YIL022W,0,-5.562687,0.11558538675308228,0.8831908702850342,0.6757834553718567
YLR424W,YOR344C,0,-5.563411,0.11554230004549026,0.8831908702850342,0.6760683655738831
YPR188C,YOR287C,0,-5.5639477,0.11549925804138184,0.8831908702850342,0.6763532757759094
YKR095W,YDL195W,0,-5.564185,0.1154562383890152,0.8831908702850342,0.6766381859779358
YML032C,YMR284W,1,-5.564484,0.11578555405139923,0.8860399127006531,0.6766381859779358
YNL127W,YBR037C,0,-5.564904,0.11574246734380722,0.8860399127006531,0.6769230961799622
YGL084C,YNL129W,0,-5.564947,0.115699402987957,0.8860399127006531,0.6772080063819885
YNL167C,YNL186W,0,-5.5651803,0.11565637588500977,0.8860399127006531,0.6774928569793701
YPR188C,YOR149C,0,-5.5668745,0.11561338603496552,0.8860399127006531,0.6777777671813965
YKL085W,YDR195W,0,-5.5670233,0.11557041853666306,0.8860399127006531,0.6780626773834229
YBR087W,YDL195W,0,-5.5670958,0.11552748829126358,0.8860399127006531,0.6783475875854492
YNL288W,YER117W,0,-5.567266,0.11548458784818649,0.8860399127006531,0.6786324977874756
YDR180W,YDR207C,1,-5.5673995,0.11581292003393173,0.8888888955116272,0.6786324977874756
YLR219W,YNL312W,1,-5.5688343,0.11614099889993668,0.8917378783226013,0.6786324977874756
YIL084C,YOR272W,0,-5.5690327,0.11609791964292526,0.8917378783226013,0.678917407989502
YGR097W,YNL070W,0,-5.5692644,0.11605487763881683,0.8917378783226013,0.6792022585868835
YPR082C,YAL007C,0,-5.5696993,0.1160118579864502,0.8917378783226013,0.6794871687889099
YGR268C,YDR055W,0,-5.570251,0.11596887558698654,0.8917378783226013,0.6797720789909363
YKR095W,YCR083W,0,-5.5703106,0.11592592298984528,0.8917378783226013,0.6800569891929626
YLR377C,YBR008C,0,-5.5708284,0.115883007645607,0.8917378783226013,0.680341899394989
YER001W,YOL113W,0,-5.571269,0.1158401221036911,0.8917378783226013,0.6806268095970154
YBL098W,YOR037W,0,-5.5712805,0.115797258913517,0.8917378783226013,0.680911660194397
YNL110C,YAL032C,0,-5.5713353,0.11575444042682648,0.8917378783226013,0.6811965703964233
YKL016C,YAL043C,0,-5.571508,0.11571164429187775,0.8917378783226013,0.6814814805984497
YKL101W,YBR267W,0,-5.5716248,0.115668885409832,0.8917378783226013,0.6817663908004761
YKR038C,YGL030W,0,-5.5727377,0.11562615633010864,0.8917378783226013,0.6820513010025024
YHL036W,YKR055W,0,-5.57285,0.11558345705270767,0.8917378783226013,0.6823362112045288
YLL019C,YGL008C,0,-5.5736427,0.11554078757762909,0.8917378783226013,0.6826210618019104
YBR155W,YPR165W,0,-5.5741796,0.11549815535545349,0.8917378783226013,0.6829059720039368
YDL181W,YAL043C,0,-5.5744667,0.11545555293560028,0.8917378783226013,0.6831908822059631
YPR046W,YIL123W,0,-5.5748873,0.11541298031806946,0.8917378783226013,0.6834757924079895
YKL016C,YER035W,0,-5.5749273,0.11537043750286102,0.8917378783226013,0.6837607026100159
YNL074C,YBR256C,0,-5.5760593,0.11532793194055557,0.8917378783226013,0.6840456128120422
YOR210W,YML049C,0,-5.576252,0.11528544872999191,0.8917378783226013,0.6843304634094238
YNL148C,YLR355C,0,-5.576651,0.11524300277233124,0.8917378783226013,0.6846153736114502
YHR039C,YDR386W,1,-5.577026,0.11556864529848099,0.8945869207382202,0.6846153736114502
YPL091W,YHR187W,0,-5.577265,0.11552612483501434,0.8945869207382202,0.6849002838134766
YNL268W,YGR132C,0,-5.5772967,0.11548363417387009,0.8945869207382202,0.6851851940155029
YHR174W,YMR232W,0,-5.577693,0.11544117331504822,0.8945869207382202,0.6854701042175293
YOR037W,YKL056C,0,-5.5777373,0.11539874970912933,0.8945869207382202,0.6857550144195557
YBR177C,YML114C,0,-5.5782433,0.11535635590553284,0.8945869207382202,0.6860398650169373
YNR054C,YPR086W,0,-5.578763,0.11531399190425873,0.8945869207382202,0.6863247752189636
YNR075W,YLR262C,0,-5.5793056,0.115271657705307,0.8945869207382202,0.68660968542099
YOR260W,YBR127C,0,-5.579316,0.11522936075925827,0.8945869207382202,0.6868945956230164
YKL208W,YGR088W,0,-5.579426,0.11518708616495132,0.8945869207382202,0.6871795058250427
YNR054C,YIL063C,0,-5.5796137,0.11514484882354736,0.8945869207382202,0.6874644160270691
YHR194W,YDL135C,0,-5.580323,0.11510264128446579,0.8945869207382202,0.6877492666244507
YJR017C,YPL106C,0,-5.580515,0.1150604635477066,0.8945869207382202,0.688034176826477
YDR310C,YDR398W,0,-5.5806847,0.1150183156132698,0.8945869207382202,0.6883190870285034
YBL033C,YPL033C,0,-5.5810175,0.1149761974811554,0.8945869207382202,0.6886039972305298
YGL178W,YLR010C,0,-5.5811024,0.11493411660194397,0.8945869207382202,0.6888889074325562
YKL220C,YOR210W,0,-5.581964,0.11489205807447433,0.8945869207382202,0.6891738176345825
YHR039C,YBR073W,1,-5.5821075,0.11521580070257187,0.8974359035491943,0.6891738176345825
YBR059C,YBR068C,0,-5.582114,0.11517367511987686,0.8974359035491943,0.6894586682319641
YLR219W,YHR167W,1,-5.5821486,0.11549707502126694,0.9002848863601685,0.6894586682319641
YNL084C,YDL042C,0,-5.5824785,0.11545487493276596,0.9002848863601685,0.6897435784339905
YPL059W,YPR086W,0,-5.5828485,0.11541271209716797,0.9002848863601685,0.6900284886360168
YMR041C,YOR171C,0,-5.5830016,0.11537057161331177,0.9002848863601685,0.6903133988380432
YDL145C,YPL101W,0,-5.583156,0.11532846838235855,0.9002848863601685,0.6905983090400696
YCR028C,YGR054W,0,-5.583235,0.11528639495372772,0.9002848863601685,0.690883219242096
YBR107C,YOR340C,0,-5.583852,0.11524434387683868,0.9002848863601685,0.6911680698394775
YKL085W,YDL080C,0,-5.583905,0.11520233005285263,0.9002848863601685,0.6914529800415039
YFL023W,YFR031C,0,-5.5843,0.11516035348176956,0.9002848863601685,0.6917378902435303
YBR177C,YJL165C,0,-5.584811,0.11511839926242828,0.9002848863601685,0.6920228004455566
YKR076W,YOR319W,0,-5.585164,0.1150764748454094,0.9002848863601685,0.692307710647583
YKL005C,YGR239C,0,-5.5852857,0.11503458023071289,0.9002848863601685,0.6925926208496094
YMR072W,YDL142C,0,-5.585459,0.11499272286891937,0.9002848863601685,0.692877471446991
YNL153C,YKL197C,0,-5.5877776,0.11495088785886765,0.9002848863601685,0.6931623816490173
YOR349W,YPL235W,0,-5.5883617,0.1149090901017189,0.9002848863601685,0.6934472918510437
YMR106C,YNL339C,1,-5.5884686,0.11523082852363586,0.9031339287757874,0.6934472918510437
YHR169W,YEL051W,0,-5.589984,0.11518895626068115,0.9031339287757874,0.6937322020530701
YGL229C,YHR099W,0,-5.5913186,0.11514711380004883,0.9031339287757874,0.6940171122550964
YKL025C,YFL017W-A,0,-5.593542,0.11510530114173889,0.9031339287757874,0.6943020224571228
YDL019C,YBR037C,0,-5.5941577,0.11506351828575134,0.9031339287757874,0.6945868730545044
YJL208C,YNL339C,1,-5.5945377,0.11538461595773697,0.9059829115867615,0.6945868730545044
YBR234C,YDR337W,0,-5.594702,0.11534276604652405,0.9059829115867615,0.6948717832565308
YDR075W,YMR203W,0,-5.595363,0.11530094593763351,0.9059829115867615,0.6951566934585571
YHR073W,YKL056C,0,-5.595529,0.11525914818048477,0.9059829115867615,0.6954416036605835
YLR205C,YPR165W,0,-5.595864,0.11521738767623901,0.9059829115867615,0.6957265138626099
YGL105W,YOL108C,0,-5.596549,0.11517566442489624,0.9059829115867615,0.6960114240646362
YML129C,YDR372C,0,-5.5971103,0.11513396352529526,0.9059829115867615,0.6962962746620178
YDR076W,YMR284W,1,-5.597376,0.11545421928167343,0.9088318943977356,0.6962962746620178
YNL312W,YMR106C,1,-5.5979595,0.1157742366194725,0.9116809368133545,0.6962962746620178
YHR167W,YNL088W,1,-5.598759,0.11609403043985367,0.9145299196243286,0.6962962746620178
YMR184W,YPR181C,0,-5.5988216,0.1160520613193512,0.9145299196243286,0.6965811848640442
YPL188W,YMR005W,0,-5.5989428,0.11601012200117111,0.9145299196243286,0.6968660950660706
YNL030W,YHR016C,0,-5.5994153,0.11596820503473282,0.9145299196243286,0.6971510052680969
YBL098W,YOR209C,0,-5.599574,0.11592632532119751,0.9145299196243286,0.6974359154701233
YDR393W,YLR066W,0,-5.5997305,0.11588447540998459,0.9145299196243286,0.6977208256721497
YML062C,YDR076W,1,-5.599754,0.11620353907346725,0.9173789024353027,0.6977208256721497
YGL238W,YDR009W,0,-5.60089,0.11616161465644836,0.9173789024353027,0.6980056762695312
YDR398W,YML131W,0,-5.601222,0.11611972749233246,0.9173789024353027,0.6982905864715576
YLR157C,YIL118W,0,-5.6013985,0.11607786267995834,0.9173789024353027,0.698575496673584
YOR002W,YCR083W,0,-5.6023445,0.11603603512048721,0.9173789024353027,0.6988604068756104
YBL080C,YOL121C,0,-5.602454,0.11599423736333847,0.9173789024353027,0.6991453170776367
YBL102W,YOL105C,0,-5.6027136,0.11595246940851212,0.9173789024353027,0.6994302272796631
YOL043C,YML123C,0,-5.6027164,0.11591072380542755,0.9173789024353027,0.6997150778770447
YMR041C,YLR242C,0,-5.6037283,0.11586901545524597,0.9173789024353027,0.699999988079071
YML080W,YDL036C,0,-5.6038413,0.11582733690738678,0.9173789024353027,0.7002848982810974
YPR020W,YEL051W,0,-5.604144,0.11578568816184998,0.9173789024353027,0.7005698084831238
YPR188C,YIL056W,0,-5.6046724,0.11574406921863556,0.9173789024353027,0.7008547186851501
YHR042W,YDR432W,0,-5.6047854,0.11570248007774353,0.9173789024353027,0.7011396288871765
YBL026W,YBR105C,0,-5.6051464,0.11566092073917389,0.9173789024353027,0.7014244794845581
YPL021W,YHR042W,0,-5.6052227,0.11561939120292664,0.9173789024353027,0.7017093896865845
YBR038W,YDR087C,0,-5.6064196,0.11557789146900177,0.9173789024353027,0.7019942998886108
YKR076W,YGR024C,0,-5.606511,0.11553642153739929,0.9173789024353027,0.7022792100906372
YHR160C,YJL072C,0,-5.6071134,0.1154949814081192,0.9173789024353027,0.7025641202926636
YHR174W,YFL036W,0,-5.6074343,0.1154535710811615,0.9173789024353027,0.7028490304946899
YLR011W,YBL061C,0,-5.60772,0.11541218310594559,0.9173789024353027,0.7031338810920715
YDL019C,YLR147C,0,-5.6079407,0.11537083238363266,0.9173789024353027,0.7034187912940979
YMR073C,YIR018W,0,-5.608095,0.11532951146364212,0.9173789024353027,0.7037037014961243
YBR145W,YBR087W,0,-5.6081305,0.11528822034597397,0.9173789024353027,0.7039886116981506
YLR157C,YIR015W,0,-5.6081557,0.1152469590306282,0.9173789024353027,0.704273521900177
YCR060W,YOR344C,0,-5.608251,0.11520572751760483,0.9173789024353027,0.7045584321022034
YLR332W,YGL143C,0,-5.6084547,0.11516451835632324,0.9173789024353027,0.704843282699585
YHR119W,YGR192C,0,-5.6089115,0.11512334644794464,0.9173789024353027,0.7051281929016113
YOR180C,YJL048C,0,-5.6090117,0.11508220434188843,0.9173789024353027,0.7054131031036377
YDL008W,YJL145W,0,-5.6090994,0.115041084587574,0.9173789024353027,0.7056980133056641
YGR177C,YNL280C,0,-5.6091375,0.11500000208616257,0.9173789024353027,0.7059829235076904
YML047C,YOR179C,0,-5.610063,0.11495894193649292,0.9173789024353027,0.7062678337097168
YNL327W,YLR066W,0,-5.6104546,0.11491791903972626,0.9173789024353027,0.7065526843070984
YGR158C,YGR033C,0,-5.6113954,0.11487691849470139,0.9173789024353027,0.7068375945091248
YMR298W,YPL211W,0,-5.6118865,0.1148359477519989,0.9173789024353027,0.7071225047111511
YOR037W,YDR040C,0,-5.612066,0.1147950068116188,0.9173789024353027,0.7074074149131775
YOL126C,YCL004W,0,-5.612156,0.1147540956735611,0.9173789024353027,0.7076923251152039
YOR034C,YNL068C,0,-5.6123915,0.11471321433782578,0.9173789024353027,0.7079772353172302
YPL209C,YOL142W,0,-5.612714,0.11467236280441284,0.9173789024353027,0.7082620859146118
YBR295W,YDL150W,0,-5.613323,0.1146315410733223,0.9173789024353027,0.7085469961166382
YNL274C,YKR008W,0,-5.6138434,0.11459074914455414,0.9173789024353027,0.7088319063186646
YPL177C,YKR059W,0,-5.6146107,0.11454997956752777,0.9173789024353027,0.7091168165206909
YJL128C,YGR192C,0,-5.614752,0.11450924724340439,0.9173789024353027,0.7094017267227173
YHR019C,YMR266W,0,-5.614765,0.1144685372710228,0.9173789024353027,0.7096866369247437
YFL057C,YHR041C,0,-5.614855,0.11442785710096359,0.9173789024353027,0.7099714875221252
YOR260W,YKL212W,0,-5.614877,0.11438721418380737,0.9173789024353027,0.7102563977241516
YCL025C,YOL013C,0,-5.61538,0.11434659361839294,0.9173789024353027,0.710541307926178
YAL054C,YGL092W,0,-5.61703,0.1143060028553009,0.9173789024353027,0.7108262181282043
YAL007C,YHL036W,0,-5.617187,0.11426543444395065,0.9173789024353027,0.7111111283302307
YNL307C,YNL282W,0,-5.617302,0.11422490328550339,0.9173789024353027,0.7113960385322571
YCL025C,YKL034W,0,-5.617527,0.11418439447879791,0.9173789024353027,0.7116808891296387
YER073W,YDL195W,0,-5.617838,0.11414392292499542,0.9173789024353027,0.711965799331665
YHR163W,YML093W,0,-5.6180344,0.11410347372293472,0.9173789024353027,0.7122507095336914
YHR116W,YGR129W,0,-5.6181383,0.11406305432319641,0.9173789024353027,0.7125356197357178
YER044C,YGL178W,0,-5.618592,0.11402266472578049,0.9173789024353027,0.7128205299377441
YBR010W,YJR070C,0,-5.6188536,0.11398229748010635,0.9173789024353027,0.7131054401397705
YDL142C,YLR263W,0,-5.618909,0.1139419674873352,0.9173789024353027,0.7133902907371521
YLR219W,YMR284W,1,-5.6191597,0.114255391061306,0.9202279448509216,0.7133902907371521
YPR057W,YOR330C,0,-5.619466,0.11421499401330948,0.9202279448509216,0.7136752009391785
YML102W,YJR091C,0,-5.620535,0.11417461931705475,0.9202279448509216,0.7139601111412048
YOL127W,YDR388W,0,-5.6208134,0.1141342744231224,0.9202279448509216,0.7142450213432312
YOL013C,YML114C,0,-5.6214256,0.11409395933151245,0.9202279448509216,0.7145299315452576
YDR046C,YHR161C,0,-5.621565,0.11405367404222488,0.9202279448509216,0.7148148417472839
YER019W,YJR074W,0,-5.621581,0.11401341110467911,0.9202279448509216,0.7150996923446655
YLR133W,YDR058C,0,-5.622736,0.11397318542003632,0.9202279448509216,0.7153846025466919
YLR319C,YOR031W,0,-5.6227493,0.11393298208713531,0.9202279448509216,0.7156695127487183
YLR068W,YDL195W,0,-5.6237655,0.1138928085565567,0.9202279448509216,0.7159544229507446
YEL027W,YKL055C,0,-5.6244946,0.11385266482830048,0.9202279448509216,0.716239333152771
YPL190C,YBR152W,0,-5.624894,0.11381254345178604,0.9202279448509216,0.7165242433547974
YNL014W,YCR060W,0,-5.626122,0.113772451877594,0.9202279448509216,0.716809093952179
YIL120W,YOR106W,0,-5.6262507,0.11373239755630493,0.9202279448509216,0.7170940041542053
YGL219C,YOR386W,0,-5.626256,0.11369235813617706,0.9202279448509216,0.7173789143562317
YCR048W,YDR083W,0,-5.6264563,0.11365235596895218,0.9202279448509216,0.7176638245582581
YJR076C,YOR272W,0,-5.6282883,0.11361238360404968,0.9202279448509216,0.7179487347602844
YEL027W,YER035W,0,-5.6284194,0.11357243359088898,0.9202279448509216,0.7182336449623108
YOR103C,YDR481C,0,-5.628553,0.11353251338005066,0.9202279448509216,0.7185184955596924
YKL021C,YMR266W,0,-5.6292915,0.11349262297153473,0.9202279448509216,0.7188034057617188
YPR200C,YDR086C,0,-5.629317,0.11345275491476059,0.9202279448509216,0.7190883159637451
YKL112W,YER117W,0,-5.630293,0.11341292411088943,0.9202279448509216,0.7193732261657715
YDR021W,YDR086C,0,-5.6310153,0.11337311565876007,0.9202279448509216,0.7196581363677979
YCL025C,YOR037W,0,-5.6314087,0.1133333370089531,0.9202279448509216,0.7199430465698242
YOR241W,YOR149C,0,-5.6319704,0.11329358071088791,0.9202279448509216,0.7202278971672058
YOR099W,YIL129C,0,-5.6319995,0.11325385421514511,0.9202279448509216,0.7205128073692322
YLR110C,YGL122C,0,-5.632552,0.1132141575217247,0.9202279448509216,0.7207977175712585
YLR081W,YPL224C,0,-5.63313,0.11317449063062668,0.9202279448509216,0.7210826277732849
YML127W,YMR175W,0,-5.6343803,0.11313485354185104,0.9202279448509216,0.7213675379753113
YDR040C,YOL031C,0,-5.6348248,0.1130952388048172,0.9202279448509216,0.7216524481773376
YOL126C,YGR192C,0,-5.6351132,0.11305565387010574,0.9202279448509216,0.7219372987747192
YKL016C,YGR211W,0,-5.635151,0.11301609873771667,0.9202279448509216,0.7222222089767456
YML127W,YKL086W,0,-5.635488,0.1129765659570694,0.9202279448509216,0.722507119178772
YPL110C,YOR307C,0,-5.6356196,0.1129370629787445,0.9202279448509216,0.7227920293807983
YGL084C,YDL083C,0,-5.6362495,0.112897589802742,0.9202279448509216,0.7230769395828247
YNL027W,YMR079W,0,-5.6362615,0.11285813897848129,0.9202279448509216,0.7233618497848511
YFL021W,YPR072W,0,-5.6378684,0.11281871795654297,0.9202279448509216,0.7236467003822327
YCL025C,YGR229C,0,-5.6380634,0.11277932673692703,0.9202279448509216,0.723931610584259
YOR031W,YDL045C,0,-5.6382933,0.11273996531963348,0.9202279448509216,0.7242165207862854
YPR052C,YGR129W,0,-5.638391,0.11270062625408173,0.9202279448509216,0.7245014309883118
YPL235W,YOL122C,0,-5.639662,0.11266131699085236,0.9202279448509216,0.7247863411903381
YBR145W,YOR123C,0,-5.6397314,0.11262203752994537,0.9202279448509216,0.7250712513923645
YGR041W,YBR267W,0,-5.640943,0.11258278042078018,0.9202279448509216,0.7253561019897461
YPL242C,YKL034W,0,-5.641079,0.11254355311393738,0.9202279448509216,0.7256410121917725
YJL183W,YBR050C,0,-5.6416645,0.11250435560941696,0.9202279448509216,0.7259259223937988
YLR304C,YDL175C,0,-5.6420345,0.11246518045663834,0.9202279448509216,0.7262108325958252
YGR230W,YPR052C,0,-5.64216,0.1124260351061821,0.9202279448509216,0.7264957427978516
YLR319C,YHR001W-A,0,-5.6424317,0.11238691955804825,0.9202279448509216,0.7267806529998779
YKR038C,YKL205W,0,-5.6424623,0.11234782636165619,0.9202279448509216,0.7270655035972595
YNL020C,YIL118W,0,-5.642623,0.11230876296758652,0.9202279448509216,0.7273504137992859
YKL086W,YER005W,0,-5.6431828,0.11226972192525864,0.9202279448509216,0.7276353240013123
YJL076W,YGL092W,0,-5.6448708,0.11223071813583374,0.9202279448509216,0.7279202342033386
YHR005C,YPL210C,0,-5.6449814,0.11219173669815063,0.9202279448509216,0.728205144405365
YMR012W,YLL026W,0,-5.645781,0.11215277761220932,0.9202279448509216,0.7284900546073914
YDR481C,YPL192C,0,-5.6471334,0.1121138483285904,0.9202279448509216,0.728774905204773
YHR006W,YPL234C,0,-5.6473885,0.11207494884729385,0.9202279448509216,0.7290598154067993
YMR012W,YML113W,0,-5.648204,0.1120360717177391,0.9202279448509216,0.7293447256088257
YPL171C,YDR081C,0,-5.648205,0.11199722439050674,0.9202279448509216,0.729629635810852
YAL054C,YLR277C,0,-5.648513,0.11195840686559677,0.9202279448509216,0.7299145460128784
YGR224W,YPR036W,0,-5.648636,0.11191961169242859,0.9202279448509216,0.7301994562149048
YBR068C,YEL016C,0,-5.6489697,0.1118808463215828,0.9202279448509216,0.7304843068122864
YOR221C,YDR425W,0,-5.649349,0.11184210330247879,0.9202279448509216,0.7307692170143127
YLR219W,YDR207C,1,-5.649356,0.11214952915906906,0.9230769276618958,0.7307692170143127
YFL057C,YER114C,0,-5.6495357,0.11211072653532028,0.9230769276618958,0.7310541272163391
YHL036W,YOL001W,0,-5.6504335,0.1120719462633133,0.9230769276618958,0.7313390374183655
YLR242C,YKL016C,0,-5.6504674,0.11203319579362869,0.9230769276618958,0.7316239476203918
YOL077W-A,YPL177C,0,-5.6505165,0.11199446767568588,0.9230769276618958,0.7319088578224182
YER164W,YMR138W,0,-5.6509466,0.11195576936006546,0.9230769276618958,0.7321937084197998
YDR046C,YDL225W,0,-5.651553,0.11191710084676743,0.9230769276618958,0.7324786186218262
YDL181W,YDL098C,0,-5.6524744,0.11187845468521118,0.9230769276618958,0.7327635288238525
YPL224C,YDR478W,0,-5.653211,0.11183983087539673,0.9230769276618958,0.7330484390258789
YDL029W,YAR008W,0,-5.653838,0.11180124431848526,0.9230769276618958,0.7333333492279053
YLR293C,YBR240C,0,-5.6539264,0.11176268011331558,0.9230769276618958,0.7336182594299316
YCL014W,YOL066C,0,-5.654131,0.1117241382598877,0.9230769276618958,0.7339031100273132
YOR079C,YPL146C,0,-5.6546,0.1116856262087822,0.9230769276618958,0.7341880202293396
YKL160W,YNL186W,0,-5.655256,0.11164713650941849,0.9230769276618958,0.734472930431366
YBR068C,YKL085W,0,-5.656163,0.11160868406295776,0.9230769276618958,0.7347578406333923
YIR041W,YML015C,0,-5.6575727,0.11157024651765823,0.9230769276618958,0.7350427508354187
YAL054C,YER032W,0,-5.6578884,0.11153183877468109,0.9230769276618958,0.7353276610374451
YOR079C,YLR048W,0,-5.658371,0.11149346083402634,0.9230769276618958,0.7356125116348267
YHL036W,YGL122C,0,-5.6586003,0.11145510524511337,0.9230769276618958,0.735897421836853
YMR072W,YBR059C,0,-5.658658,0.1114167794585228,0.9230769276618958,0.7361823320388794
YER001W,YMR263W,0,-5.658686,0.11137848347425461,0.9230769276618958,0.7364672422409058
YAL044C,YDR058C,0,-5.6597385,0.11134020984172821,0.9230769276618958,0.7367521524429321
YGL092W,YLL011W,0,-5.659779,0.1113019585609436,0.9230769276618958,0.7370370626449585
YEL062W,YER117W,0,-5.6603017,0.11126373708248138,0.9230769276618958,0.7373219132423401
YFL057C,YOR039W,0,-5.660615,0.11122553795576096,0.9230769276618958,0.7376068234443665
YIL128W,YNL129W,0,-5.6607447,0.11118736863136292,0.9230769276618958,0.7378917336463928
YDR301W,YGL078C,0,-5.6614256,0.11114922910928726,0.9230769276618958,0.7381766438484192
YNR010W,YOR206W,0,-5.6617017,0.1111111119389534,0.9230769276618958,0.7384615540504456
YJL208C,YMR106C,1,-5.662129,0.11141584068536758,0.9259259104728699,0.7384615540504456
YNL027W,YKR008W,0,-5.662384,0.11137765645980835,0.9259259104728699,0.7387464642524719
YCL016C,YPL091W,0,-5.6636605,0.1113395020365715,0.9259259104728699,0.7390313148498535
YDR231C,YDL142C,0,-5.66374,0.11130136996507645,0.9259259104728699,0.7393162250518799
YML113W,YOR149C,0,-5.663975,0.11126326769590378,0.9259259104728699,0.7396011352539062
YOR037W,YER003C,0,-5.664328,0.1112251877784729,0.9259259104728699,0.7398860454559326
YIL117C,YDL170W,0,-5.6644416,0.11118713766336441,0.9259259104728699,0.740170955657959
YER088C,YBL102W,0,-5.6649847,0.11114910989999771,0.9259259104728699,0.7404558658599854
YDR208W,YNL311C,0,-5.665149,0.1111111119389534,0.9259259104728699,0.7407407164573669
YPL118W,YGR285C,0,-5.6653743,0.11107313632965088,0.9259259104728699,0.7410256266593933
YDL138W,YDR398W,0,-5.665556,0.11103519052267075,0.9259259104728699,0.7413105368614197
YMR175W,YBR083W,0,-5.666466,0.1109972670674324,0.9259259104728699,0.741595447063446
YNL281W,YJL048C,0,-5.6664724,0.11095937341451645,0.9259259104728699,0.7418803572654724
YOL013C,YGR249W,0,-5.6675587,0.11092150211334229,0.9259259104728699,0.7421652674674988
YPR025C,YGR180C,0,-5.667741,0.11088366061449051,0.9259259104728699,0.7424501180648804
YLL026W,YGR258C,0,-5.6689806,0.11084584146738052,0.9259259104728699,0.7427350282669067
YJR093C,YHR016C,0,-5.6689987,0.11080804467201233,0.9259259104728699,0.7430199384689331
YAL015C,YJL048C,0,-5.67095,0.11077027767896652,0.9259259104728699,0.7433048486709595
YMR184W,YPL171C,0,-5.6710777,0.1107325404882431,0.9259259104728699,0.7435897588729858
YER088C,YDR393W,0,-5.671257,0.11069482564926147,0.9259259104728699,0.7438746690750122
YCL025C,YLR431C,0,-5.671323,0.11065713316202164,0.9259259104728699,0.7441595196723938
YGL180W,YGR088W,0,-5.671649,0.11061947047710419,0.9259259104728699,0.7444444298744202
YNL027W,YLR192C,0,-5.6719346,0.11058183014392853,0.9259259104728699,0.7447293400764465
YHR016C,YHR138C,0,-5.6720514,0.11054421961307526,0.9259259104728699,0.7450142502784729
YDL088C,YDR046C,0,-5.672119,0.11050663143396378,0.9259259104728699,0.7452991604804993
YER068W,YEL004W,0,-5.672391,0.11046906560659409,0.9259259104728699,0.7455840706825256
YKR076W,YBR083W,0,-5.6727147,0.11043152958154678,0.9259259104728699,0.7458689212799072
YDR388W,YNL241C,0,-5.6735764,0.11039402335882187,0.9259259104728699,0.7461538314819336
YGR088W,YOL156W,0,-5.6740026,0.11035653948783875,0.9259259104728699,0.74643874168396
YEL060C,YLR135W,0,-5.674115,0.11031907796859741,0.9259259104728699,0.7467236518859863
YGR262C,YDL079C,0,-5.6741495,0.11028163880109787,0.9259259104728699,0.7470085620880127
YDR481C,YML123C,0,-5.674629,0.11024423688650131,0.9259259104728699,0.7472934722900391
YPL043W,YHR119W,0,-5.6752596,0.11020684987306595,0.9259259104728699,0.7475783228874207
YGR003W,YER031C,0,-5.675473,0.11016949266195297,0.9259259104728699,0.747863233089447
YKR038C,YDL058W,0,-5.6756706,0.11013215780258179,0.9259259104728699,0.7481481432914734
YKL173W,YIL129C,0,-5.6762824,0.11009485274553299,0.9259259104728699,0.7484330534934998
YDL008W,YML008C,0,-5.676586,0.11005757004022598,0.9259259104728699,0.7487179636955261
YJL194W,YPL033C,0,-5.676606,0.11002030968666077,0.9259259104728699,0.7490028738975525
YCR009C,YDR341C,0,-5.6771374,0.10998307913541794,0.9259259104728699,0.7492877244949341
YNL061W,YOR212W,0,-5.677297,0.1099458709359169,0.9259259104728699,0.7495726346969604
YDR397C,YDR481C,0,-5.677492,0.10990869253873825,0.9259259104728699,0.7498575448989868
YDR046C,YPR057W,0,-5.6775465,0.10987153649330139,0.9259259104728699,0.7501424551010132
YDL140C,YGR248W,0,-5.6775703,0.10983440279960632,0.9259259104728699,0.7504273653030396
YOR206W,YMR079W,0,-5.677974,0.10979729890823364,0.9259259104728699,0.7507122755050659
YKR066C,YIL109C,0,-5.6789117,0.10976021736860275,0.9259259104728699,0.7509971261024475
YMR073C,YML123C,0,-5.6792965,0.10972315818071365,0.9259259104728699,0.7512820363044739
YER167W,YGL151W,0,-5.680298,0.10968612879514694,0.9259259104728699,0.7515669465065002
YPR082C,YGR285C,0,-5.6803174,0.10964912176132202,0.9259259104728699,0.7518518567085266
YMR011W,YPL210C,0,-5.681772,0.10961214452981949,0.9259259104728699,0.752136766910553
YBR210W,YOR206W,0,-5.6820145,0.10957518219947815,0.9259259104728699,0.7524216771125793
YCL043C,YGR229C,0,-5.6821113,0.1095382571220398,0.9259259104728699,0.7527065277099609
YPL177C,YPL248C,0,-5.6823106,0.10950134694576263,0.9259259104728699,0.7529914379119873
YLR081W,YMR104C,0,-5.6826134,0.10946446657180786,0.9259259104728699,0.7532763481140137
YKR002W,YPL106C,0,-5.682705,0.10942760854959488,0.9259259104728699,0.75356125831604
YPL177C,YBR273C,0,-5.68299,0.10939078032970428,0.9259259104728699,0.7538461685180664
YDR345C,YNL147W,0,-5.6839147,0.10935396701097488,0.9259259104728699,0.7541310787200928
YML129C,YML047C,0,-5.6843586,0.10931719094514847,0.9259259104728699,0.7544159293174744
YDR335W,YBR192W,0,-5.684699,0.10928042978048325,0.9259259104728699,0.7547008395195007
YHR061C,YOR254C,0,-5.685587,0.10924369841814041,0.9259259104728699,0.7549857497215271
YML120C,YHR034C,0,-5.685608,0.10920698940753937,0.9259259104728699,0.7552706599235535
YGR177C,YJL025W,0,-5.6859426,0.10917030274868011,0.9259259104728699,0.7555555701255798
YPL177C,YBL058W,0,-5.6861672,0.10913364589214325,0.9259259104728699,0.7558404803276062
YIL155C,YDR460W,0,-5.6862164,0.10909701138734818,0.9259259104728699,0.7561253309249878
YGR003W,YGR063C,0,-5.687234,0.10906039923429489,0.9259259104728699,0.7564102411270142
YDL029W,YDR453C,0,-5.687347,0.109023816883564,0.9259259104728699,0.7566951513290405
YER073W,YKR086W,0,-5.6881056,0.10898725688457489,0.9259259104728699,0.7569800615310669
YBR164C,YOL164W,0,-5.6889496,0.10895071923732758,0.9259259104728699,0.7572649717330933
YOR079C,YPL235W,0,-5.689153,0.10891421139240265,0.9259259104728699,0.7575498819351196
YOR330C,YBR240C,0,-5.6893497,0.10887771844863892,0.9259259104728699,0.7578347325325012
YDR480W,YNL149C,0,-5.689704,0.10884126275777817,0.9259259104728699,0.7581196427345276
YBR210W,YPL210C,0,-5.690341,0.10880482196807861,0.9259259104728699,0.758404552936554
YML123C,YJL203W,0,-5.690423,0.10876840353012085,0.9259259104728699,0.7586894631385803
YLR110C,YOL020W,0,-5.6923556,0.10873201489448547,0.9259259104728699,0.7589743733406067
YOR377W,YLR007W,0,-5.6929197,0.10869564861059189,0.9259259104728699,0.7592592835426331
YPR001W,YGR258C,0,-5.6932526,0.10865931212902069,0.9259259104728699,0.7595441341400146
YKR076W,YDL195W,0,-5.6933227,0.10862299799919128,0.9259259104728699,0.759829044342041
YDL181W,YDR325W,0,-5.694021,0.10858669877052307,0.9259259104728699,0.7601139545440674
YBR073W,YNL339C,1,-5.6948195,0.10888443887233734,0.9287749528884888,0.7601139545440674
YNL008C,YNR026C,0,-5.6948624,0.10884808003902435,0.9287749528884888,0.7603988647460938
YMR041C,YBL050W,0,-5.695337,0.10881175100803375,0.9287749528884888,0.7606837749481201
YBL102W,YOR344C,0,-5.695594,0.10877544432878494,0.9287749528884888,0.7609686851501465
YFL011W,YDL083C,0,-5.6956143,0.10873916000127792,0.9287749528884888,0.7612535357475281
YNL053W,YJL010C,0,-5.6957006,0.1087028980255127,0.9287749528884888,0.7615384459495544
YLL019C,YNL307C,0,-5.696023,0.10866666585206985,0.9287749528884888,0.7618233561515808
YML123C,YBR192W,0,-5.696375,0.1086304560303688,0.9287749528884888,0.7621082663536072
YNR067C,YLR010C,0,-5.6965284,0.10859426856040955,0.9287749528884888,0.7623931765556335
YMR298W,YOR230W,0,-5.697422,0.10855811089277267,0.9287749528884888,0.7626780867576599
YPL082C,YOR210W,0,-5.697631,0.108521968126297,0.9287749528884888,0.7629629373550415
YGL008C,YDR478W,0,-5.69767,0.10848585516214371,0.9287749528884888,0.7632478475570679
YNL153C,YBR172C,0,-5.698015,0.10844976454973221,0.9287749528884888,0.7635327577590942
YLR215C,YNL307C,0,-5.6980515,0.1084137037396431,0.9287749528884888,0.7638176679611206
YMR072W,YML008C,0,-5.6981373,0.10837765783071518,0.9287749528884888,0.764102578163147
YMR091C,YKR079C,0,-5.6982307,0.10834164172410965,0.9287749528884888,0.7643874883651733
YJL111W,YPR104C,0,-5.6995926,0.10830564796924591,0.9287749528884888,0.7646723389625549
YML120C,YJR110W,0,-5.7006707,0.10826967656612396,0.9287749528884888,0.7649572491645813
YGR088W,YAL015C,0,-5.701618,0.1082337349653244,0.9287749528884888,0.7652421593666077
YDL006W,YGR181W,0,-5.701625,0.10819780826568604,0.9287749528884888,0.765527069568634
YGR155W,YOL013C,0,-5.701733,0.10816191136837006,0.9287749528884888,0.7658119797706604
YIL117C,YLR424W,0,-5.7031317,0.10812603682279587,0.9287749528884888,0.7660968899726868
YNL288W,YLR355C,0,-5.703229,0.10809018462896347,0.9287749528884888,0.7663817405700684
YER165W,YGL011C,0,-5.7033043,0.10805436223745346,0.9287749528884888,0.7666666507720947
YPR018W,YBR172C,0,-5.7037234,0.10801855474710464,0.9287749528884888,0.7669515609741211
YIL070C,YOL039W,0,-5.7042446,0.10798277705907822,0.9287749528884888,0.7672364711761475
YBR065C,YBR162C,0,-5.7048354,0.10794702172279358,0.9287749528884888,0.7675213813781738
YJL076W,YBR049C,0,-5.7051535,0.10791128873825073,0.9287749528884888,0.7678062915802002
YLR160C,YML014W,0,-5.7057333,0.10787557810544968,0.9287749528884888,0.7680911421775818
YBR160W,YEL051W,0,-5.7060766,0.10783989727497101,0.9287749528884888,0.7683760523796082
YGL226C-A,YNL131W,0,-5.707939,0.10780423134565353,0.9287749528884888,0.7686609625816345
YNL020C,YPR065W,0,-5.70796,0.10776859521865845,0.9287749528884888,0.7689458727836609
YER114C,YPR182W,0,-5.70811,0.10773298144340515,0.9287749528884888,0.7692307829856873
YMR092C,YJR076C,0,-5.7082047,0.10769739001989365,0.9287749528884888,0.7695156931877136
YBR066C,YHR150W,0,-5.708212,0.10766182094812393,0.9287749528884888,0.7698005437850952
YNL027W,YOL038W,0,-5.70825,0.1076262816786766,0.9287749528884888,0.7700854539871216
YNL327W,YKL021C,0,-5.7109704,0.10759075731039047,0.9287749528884888,0.770370364189148
YLR048W,YNL044W,0,-5.7114124,0.10755526274442673,0.9287749528884888,0.7706552743911743
YKL085W,YMR089C,0,-5.711525,0.10751979053020477,0.9287749528884888,0.7709401845932007
YNL020C,YDR086C,0,-5.71214,0.10748434066772461,0.9287749528884888,0.771225094795227
YPL018W,YKL205W,0,-5.7125387,0.10744891315698624,0.9287749528884888,0.7715099453926086
YOR171C,YLR193C,0,-5.7131643,0.10741350799798965,0.9287749528884888,0.771794855594635
YPL146C,YHR099W,0,-5.713236,0.10737813264131546,0.9287749528884888,0.7720797657966614
YBR050C,YDR372C,0,-5.7143316,0.10734277218580246,0.9287749528884888,0.7723646759986877
YHR039C,YML032C,1,-5.7145004,0.10763660073280334,0.9316239356994629,0.7723646759986877
YOR079C,YLL015W,0,-5.715298,0.10760118812322617,0.9316239356994629,0.7726495862007141
YJR092W,YOR344C,0,-5.715729,0.10756579041481018,0.9316239356994629,0.7729344964027405
YJL208C,YNL088W,1,-5.715957,0.10785925388336182,0.934472918510437,0.7729344964027405
YJR092W,YBR267W,0,-5.7162113,0.10782379657030106,0.934472918510437,0.7732193470001221
YGL030W,YBR283C,0,-5.716988,0.10778836905956268,0.934472918510437,0.7735042572021484
YDR189W,YPL258C,0,-5.7177343,0.1077529564499855,0.934472918510437,0.7737891674041748
YMR012W,YOL108C,0,-5.7180324,0.10771756619215012,0.934472918510437,0.7740740776062012
YIL034C,YJL026W,0,-5.7181473,0.10768220573663712,0.934472918510437,0.7743589878082275
YDR456W,YGR129W,0,-5.718673,0.1076468676328659,0.934472918510437,0.7746438980102539
YKL011C,YJL208C,1,-5.7195845,0.10793963074684143,0.9373219609260559,0.7746438980102539
YDL080C,YOR344C,0,-5.720304,0.10790423303842545,0.9373219609260559,0.7749287486076355
YIL119C,YHR163W,0,-5.720517,0.10786885023117065,0.9373219609260559,0.7752136588096619
YDR423C,YPR036W,0,-5.7218637,0.10783349722623825,0.9373219609260559,0.7754985690116882
YGL073W,YNL009W,0,-5.722885,0.10779816657304764,0.9373219609260559,0.7757834792137146
YNL009W,YCL043C,0,-5.722934,0.10776285827159882,0.9373219609260559,0.776068389415741
YOR322C,YKL056C,0,-5.723032,0.10772757232189178,0.9373219609260559,0.7763532996177673
YHL040C,YDR341C,0,-5.724678,0.10769230872392654,0.9373219609260559,0.7766381502151489
YLR133W,YER075C,0,-5.7249227,0.1076570674777031,0.9373219609260559,0.7769230604171753
YCR072C,YCR060W,0,-5.725183,0.10762184858322144,0.9373219609260559,0.7772079706192017
YJR070C,YKL173W,0,-5.725445,0.10758665949106216,0.9373219609260559,0.777492880821228
YOR319W,YNR015W,0,-5.7259436,0.10755148530006409,0.9373219609260559,0.7777777910232544
YLR192C,YGL016W,0,-5.7265906,0.1075163409113884,0.9373219609260559,0.7780627012252808
YGL084C,YBR267W,0,-5.7268486,0.1074812188744545,0.9373219609260559,0.7783475518226624
YDR273W,YIL128W,0,-5.7273035,0.1074461117386818,0.9373219609260559,0.7786324620246887
YHR119W,YHR163W,0,-5.7275467,0.10741103440523148,0.9373219609260559,0.7789173722267151
YJL006C,YCR061W,0,-5.728118,0.10737597942352295,0.9373219609260559,0.7792022824287415
YML008C,YDR456W,0,-5.729695,0.10734094679355621,0.9373219609260559,0.7794871926307678
YML080W,YOR330C,0,-5.7305937,0.10730593651533127,0.9373219609260559,0.7797721028327942
YNL009W,YCR009C,0,-5.7309766,0.10727094858884811,0.9373219609260559,0.7800569534301758
YBR037C,YGR129W,0,-5.7312593,0.10723598301410675,0.9373219609260559,0.7803418636322021
YDR335W,YGL062W,0,-5.731473,0.10720103979110718,0.9373219609260559,0.7806267738342285
YDR021W,YPL110C,0,-5.731618,0.10716612637042999,0.9373219609260559,0.7809116840362549
YNL027W,YMR013C,0,-5.7325916,0.107131227850914,0.9373219609260559,0.7811965942382812
YGL151W,YDR083W,0,-5.7327127,0.1070963516831398,0.9373219609260559,0.7814815044403076
YDR046C,YIL063C,0,-5.732734,0.10706150531768799,0.9373219609260559,0.7817663550376892
YLL019C,YKL034W,0,-5.732978,0.10702667385339737,0.9373219609260559,0.7820512652397156
YNL065W,YDR202C,0,-5.7333875,0.10699187219142914,0.9373219609260559,0.7823361754417419
YBR002C,YML098W,0,-5.7343006,0.1069570854306221,0.9373219609260559,0.7826210856437683
YMR250W,YGR059W,0,-5.7348375,0.10692232847213745,0.9373219609260559,0.7829059958457947
YOR180C,YKL029C,0,-5.7351055,0.106887586414814,0.9373219609260559,0.783190906047821
YLR008C,YER003C,0,-5.735192,0.10685287415981293,0.9373219609260559,0.7834757566452026
YFR029W,YJL052W,0,-5.7374287,0.10681818425655365,0.9373219609260559,0.783760666847229
YML015C,YBR183W,0,-5.7374506,0.10678350925445557,0.9373219609260559,0.7840455770492554
YER003C,YGR180C,0,-5.7388587,0.10674886405467987,0.9373219609260559,0.7843304872512817
YDL140C,YDR058C,0,-5.7390423,0.10671424120664597,0.9373219609260559,0.7846153974533081
YPR083W,YJL076W,0,-5.739138,0.10667963325977325,0.9373219609260559,0.7849003076553345
YBR039W,YHR016C,0,-5.7399297,0.10664505511522293,0.9373219609260559,0.7851851582527161
YIR005W,YCR072C,0,-5.7400455,0.1066104993224144,0.9373219609260559,0.7854700684547424
YER044C,YDR081C,0,-5.740142,0.10657596588134766,0.9373219609260559,0.7857549786567688
YOL108C,YLR332W,0,-5.740382,0.10654144734144211,0.9373219609260559,0.7860398888587952
YOL133W,YDR059C,0,-5.741062,0.10650695860385895,0.9373219609260559,0.7863247990608215
YMR250W,YGL008C,0,-5.7412553,0.10647249221801758,0.9373219609260559,0.7866097092628479
YBR155W,YOL133W,0,-5.7435737,0.106438048183918,0.9373219609260559,0.7868945598602295
YNL302C,YHR203C,0,-5.743863,0.10640361905097961,0.9373219609260559,0.7871794700622559
YLR293C,YER028C,0,-5.744628,0.10636921972036362,0.9373219609260559,0.7874643802642822
YNR023W,YDR058C,0,-5.74467,0.10633484274148941,0.9373219609260559,0.7877492904663086
YKL160W,YLR417W,0,-5.7448807,0.106300488114357,0.9373219609260559,0.788034200668335
YLL015W,YPL026C,0,-5.7458553,0.10626614838838577,0.9373219609260559,0.7883191108703613
YJR074W,YMR079W,0,-5.74596,0.10623183846473694,0.9373219609260559,0.7886039614677429
YEL062W,YDR398W,0,-5.7462163,0.1061975434422493,0.9373219609260559,0.7888888716697693
YJL208C,YLR329W,1,-5.746283,0.10648596286773682,0.94017094373703,0.7888888716697693
YBL080C,YJR045C,0,-5.746308,0.106451615691185,0.94017094373703,0.7891737818717957
YOR349W,YOR206W,0,-5.746702,0.10641728341579437,0.94017094373703,0.789458692073822
YEL027W,YBL026W,0,-5.7468643,0.10638298094272614,0.94017094373703,0.7897436022758484
YBR008C,YJL139C,0,-5.7469044,0.10634869337081909,0.94017094373703,0.7900285124778748
YHR174W,YNL280C,0,-5.746944,0.10631443560123444,0.94017094373703,0.7903133630752563
YDL195W,YDL042C,0,-5.7470965,0.10628019273281097,0.94017094373703,0.7905982732772827
YCL027W,YPL163C,0,-5.74747,0.1062459722161293,0.94017094373703,0.7908831834793091
YBR210W,YOL039W,0,-5.7474804,0.10621178150177002,0.94017094373703,0.7911680936813354
YPL248C,YHR005C,0,-5.74778,0.10617760568857193,0.94017094373703,0.7914530038833618
YBR164C,YEL051W,0,-5.747983,0.10614345222711563,0.94017094373703,0.7917379140853882
YHR001W-A,YER031C,0,-5.748475,0.10610932111740112,0.94017094373703,0.7920227646827698
YNL328C,YJL148W,0,-5.7487116,0.106075219810009,0.94017094373703,0.7923076748847961
YGR262C,YKR059W,0,-5.7491546,0.10604113340377808,0.94017094373703,0.7925925850868225
YDL126C,YIL120W,0,-5.750103,0.10600706934928894,0.94017094373703,0.7928774952888489
YLR110C,YIL008W,0,-5.750288,0.1059730276465416,0.94017094373703,0.7931624054908752
YJR091C,YDR388W,0,-5.7519474,0.10593900829553604,0.94017094373703,0.7934473156929016
YGR088W,YGR010W,0,-5.7521257,0.10590500384569168,0.94017094373703,0.7937321662902832
YHR039C,YDR289C,1,-5.7526536,0.10619185119867325,0.9430199265480042,0.7937321662902832
YBR039W,YER165W,0,-5.7527714,0.10615779459476471,0.9430199265480042,0.7940170764923096
YLL026W,YIL063C,0,-5.753191,0.10612376034259796,0.9430199265480042,0.7943019866943359
YKL011C,YDR180W,1,-5.753314,0.10641025751829147,0.945868968963623,0.7943019866943359
YDL140C,YBR105C,0,-5.7534924,0.10637616366147995,0.945868968963623,0.7945868968963623
YHR039C,YNL088W,1,-5.7543087,0.10666239261627197,0.9487179517745972,0.7945868968963623
YIL106W,YCL043C,0,-5.754661,0.10662823915481567,0.9487179517745972,0.7948718070983887
YBL093C,YOL122C,0,-5.754662,0.10659410804510117,0.9487179517745972,0.795156717300415
YPL211W,YML114C,0,-5.755033,0.10655999928712845,0.9487179517745972,0.7954415678977966
YDL045C,YDR481C,0,-5.7550726,0.10652591288089752,0.9487179517745972,0.795726478099823
YNL136W,YGR158C,0,-5.7557707,0.10649184882640839,0.9487179517745972,0.7960113883018494
YOR098C,YPL151C,0,-5.756094,0.10645779967308044,0.9487179517745972,0.7962962985038757
YDL008W,YHR019C,0,-5.7562046,0.10642378032207489,0.9487179517745972,0.7965812087059021
YJL133W,YEL037C,0,-5.756337,0.10638977587223053,0.9487179517745972,0.7968661189079285
YBL105C,YER003C,0,-5.7566166,0.10635579377412796,0.9487179517745972,0.7971509695053101
YPL101W,YBR066C,0,-5.7581253,0.10632184147834778,0.9487179517745972,0.7974358797073364
YDR451C,YOR172W,0,-5.758406,0.10628790408372879,0.9487179517745972,0.7977207899093628
YJL207C,YIR022W,0,-5.75995,0.10625398904085159,0.9487179517745972,0.7980057001113892
YLR304C,YGR202C,0,-5.760516,0.10622009634971619,0.9487179517745972,0.7982906103134155
YOR005C,YKL029C,0,-5.7607923,0.10618622601032257,0.9487179517745972,0.7985755205154419
YOR079C,YIL118W,0,-5.7615223,0.10615237802267075,0.9487179517745972,0.7988603711128235
YER167W,YKL212W,0,-5.7637653,0.10611854493618011,0.9487179517745972,0.7991452813148499
YJR131W,YCR053W,0,-5.7648296,0.10608474165201187,0.9487179517745972,0.7994301915168762
YBR010W,YDL150W,0,-5.764942,0.10605095326900482,0.9487179517745972,0.7997151017189026
YDR432W,YER070W,0,-5.765835,0.10601719468832016,0.9487179517745972,0.800000011920929
YPL235W,YLR006C,0,-5.7689123,0.10598345100879669,0.9487179517745972,0.8002849221229553
YHR169W,YAL032C,0,-5.768952,0.10594972968101501,0.9487179517745972,0.8005697727203369
YHR124W,YIL119C,0,-5.769604,0.10591603070497513,0.9487179517745972,0.8008546829223633
YJL090C,YDR180W,1,-5.7703543,0.10620031505823135,0.9515669345855713,0.8008546829223633
YAR033W,YPR002W,0,-5.770811,0.10616656392812729,0.9515669345855713,0.8011395931243896
YLR192C,YHR181W,0,-5.771157,0.10613282769918442,0.9515669345855713,0.801424503326416
YDL036C,YKL166C,0,-5.7725306,0.10609911382198334,0.9515669345855713,0.8017094135284424
YJL208C,YDR180W,1,-5.7735143,0.10638298094272614,0.9544159770011902,0.8017094135284424
YMR183C,YJL048C,0,-5.773605,0.10634920746088028,0.9544159770011902,0.8019943237304688
YFL023W,YPR052C,0,-5.7736416,0.10631545633077621,0.9544159770011902,0.8022791743278503
YGL078C,YJR093C,0,-5.7736664,0.10628172755241394,0.9544159770011902,0.8025640845298767
YLR417W,YHR138C,0,-5.774148,0.10624802112579346,0.9544159770011902,0.8028489947319031
YMR298W,YDR058C,0,-5.774189,0.10621432960033417,0.9544159770011902,0.8031339049339294
YDL225W,YLR262C,0,-5.7748723,0.10618066787719727,0.9544159770011902,0.8034188151359558
YCL026C-A,YBR218C,0,-5.774974,0.10614702105522156,0.9544159770011902,0.8037037253379822
YOR079C,YGL037C,0,-5.7750483,0.10611339658498764,0.9544159770011902,0.8039885759353638
YGL105W,YDL217C,0,-5.7757916,0.10607979446649551,0.9544159770011902,0.8042734861373901
YOR346W,YNL311C,0,-5.7759137,0.10604621469974518,0.9544159770011902,0.8045583963394165
YKL150W,YDR456W,0,-5.7781115,0.10601265728473663,0.9544159770011902,0.8048433065414429
YGR088W,YMR104C,0,-5.7781296,0.10597912222146988,0.9544159770011902,0.8051282167434692
YBR234C,YDL014W,0,-5.780264,0.10594560205936432,0.9544159770011902,0.8054131269454956
YFR028C,YJR010C-A,0,-5.7813644,0.10591211169958115,0.9544159770011902,0.8056979775428772
YDR081C,YFR003C,0,-5.781863,0.10587863624095917,0.9544159770011902,0.8059828877449036
YPL253C,YHR016C,0,-5.7819986,0.10584518313407898,0.9544159770011902,0.8062677979469299
YBR008C,YKL122C,0,-5.782177,0.10581175237894058,0.9544159770011902,0.8065527081489563
YDR163W,YPL043W,0,-5.7823787,0.10577833652496338,0.9544159770011902,0.8068376183509827
YNL328C,YPL211W,0,-5.7832136,0.10574495047330856,0.9544159770011902,0.807122528553009
YJR070C,YHR073W,0,-5.7842197,0.10571157932281494,0.9544159770011902,0.8074073791503906
YBR039W,YMR214W,0,-5.784751,0.10567823052406311,0.9544159770011902,0.807692289352417
YJR070C,YER169W,0,-5.784959,0.10564490407705307,0.9544159770011902,0.8079771995544434
YOR148C,YJL052W,0,-5.7850647,0.10561159998178482,0.9544159770011902,0.8082621097564697
YGL035C,YHR012W,0,-5.78547,0.10557831823825836,0.9544159770011902,0.8085470199584961
YPL026C,YJR045C,0,-5.785555,0.1055450513958931,0.9544159770011902,0.8088319301605225
YDR423C,YPL234C,0,-5.78577,0.10551181435585022,0.9544159770011902,0.809116780757904
YDR075W,YLR147C,0,-5.786598,0.10547859221696854,0.9544159770011902,0.8094016909599304
YDL126C,YDR451C,0,-5.787689,0.10544539242982864,0.9544159770011902,0.8096866011619568
YDR075W,YMR197C,0,-5.787738,0.10541220754384995,0.9544159770011902,0.8099715113639832
YGR177C,YDR301W,0,-5.787815,0.10537905246019363,0.9544159770011902,0.8102564215660095
YOL164W,YMR026C,0,-5.788169,0.10534591227769852,0.9544159770011902,0.8105413317680359
YDL181W,YGR258C,0,-5.788475,0.10531279444694519,0.9544159770011902,0.8108261823654175
YPL248C,YDR325W,0,-5.7885723,0.10527969896793365,0.9544159770011902,0.8111110925674438
YOL130W,YOR106W,0,-5.789255,0.10524662584066391,0.9544159770011902,0.8113960027694702
YDR122W,YFL018C,0,-5.7902303,0.10521356761455536,0.9544159770011902,0.8116809129714966
YJR150C,YML014W,0,-5.7904434,0.1051805317401886,0.9544159770011902,0.811965823173523
YJL208C,YHR167W,1,-5.791187,0.10546139627695084,0.9572649598121643,0.811965823173523
YGL122C,YHR016C,0,-5.7921023,0.1054283007979393,0.9572649598121643,0.8122507333755493
YOL108C,YGR248W,0,-5.792736,0.10539523512125015,0.9572649598121643,0.8125355839729309
YFR053C,YBR256C,0,-5.792815,0.1053621843457222,0.9572649598121643,0.8128204941749573
YNL065W,YLR355C,0,-5.792952,0.10532915592193604,0.9572649598121643,0.8131054043769836
YGR177C,YGL180W,0,-5.793221,0.10529614239931107,0.9572649598121643,0.81339031457901
YKR066C,YGL195W,0,-5.7937384,0.10526315867900848,0.9572649598121643,0.8136752247810364
YJR045C,YNR006W,0,-5.793953,0.1052301898598671,0.9572649598121643,0.8139601349830627
YML012W,YMR153W,0,-5.794049,0.1051972433924675,0.9572649598121643,0.8142449855804443
YOR349W,YIL053W,0,-5.794832,0.10516431927680969,0.9572649598121643,0.8145298957824707
YHR175W,YPL234C,0,-5.796813,0.10513141751289368,0.9572649598121643,0.8148148059844971
YMR047C,YOR344C,0,-5.796879,0.10509853065013885,0.9572649598121643,0.8150997161865234
YGR155W,YEL051W,0,-5.798273,0.10506566613912582,0.9572649598121643,0.8153846263885498
YOR206W,YPL268W,0,-5.7990627,0.10503282397985458,0.9572649598121643,0.8156695365905762
YLR335W,YML114C,0,-5.7992167,0.10499999672174454,0.9572649598121643,0.8159543871879578
YPL091W,YLL061W,0,-5.8003607,0.10496719926595688,0.9572649598121643,0.8162392973899841
YOR039W,YAL007C,0,-5.8007,0.10493441671133041,0.9572649598121643,0.8165242075920105
YDR040C,YHR160C,0,-5.8007994,0.10490165650844574,0.9572649598121643,0.8168091177940369
YJR150C,YNL154C,0,-5.801799,0.10486891120672226,0.9572649598121643,0.8170940279960632
YFL009W,YCL032W,0,-5.802003,0.10483619570732117,0.9572649598121643,0.8173789381980896
YLR304C,YPL269W,0,-5.803051,0.10480349510908127,0.9572649598121643,0.8176637887954712
YLR304C,YIR018W,0,-5.8045006,0.10477081686258316,0.9572649598121643,0.8179486989974976
YER142C,YBL058W,0,-5.8046813,0.10473815351724625,0.9572649598121643,0.8182336091995239
YGL003C,YFR053C,0,-5.8048344,0.10470551252365112,0.9572649598121643,0.8185185194015503
YOL038W,YCL063W,0,-5.805096,0.10467289388179779,0.9572649598121643,0.8188034296035767
YOR209C,YFR031C,0,-5.8061543,0.10464029759168625,0.9572649598121643,0.819088339805603
YHR174W,YNL044W,0,-5.8065724,0.1046077236533165,0.9572649598121643,0.8193731904029846
YML102W,YDL142C,0,-5.8069944,0.10457516461610794,0.9572649598121643,0.819658100605011
YDR040C,YGR284C,0,-5.8070307,0.10454262793064117,0.9572649598121643,0.8199430108070374
YOL013C,YBL093C,0,-5.8074446,0.1045101061463356,0.9572649598121643,0.8202279210090637
YCL014W,YGL053W,0,-5.8075724,0.10447761416435242,0.9572649598121643,0.8205128312110901
YNL008C,YDR456W,0,-5.807619,0.10444513708353043,0.9572649598121643,0.8207977414131165
YEL062W,YMR104C,0,-5.8077717,0.10441268235445023,0.9572649598121643,0.821082592010498
YBR295W,YLR166C,0,-5.8083105,0.10438024252653122,0.9572649598121643,0.8213675022125244
YOR099W,YNL302C,0,-5.8089576,0.104347825050354,0.9572649598121643,0.8216524124145508
YPL110C,YKL055C,0,-5.809003,0.10431542992591858,0.9572649598121643,0.8219373226165771
YDL135C,YDR498C,0,-5.810156,0.10428305715322495,0.9572649598121643,0.8222222328186035
YBL098W,YBL093C,0,-5.81048,0.1042506992816925,0.9572649598121643,0.8225071430206299
YDR231C,YKR086W,0,-5.8106713,0.10421836376190186,0.9572649598121643,0.8227919936180115
YNL061W,YOR149C,0,-5.811678,0.1041860431432724,0.9572649598121643,0.8230769038200378
YKL205W,YOR346W,0,-5.81209,0.10415375232696533,0.9572649598121643,0.8233618140220642
YMR138W,YGL037C,0,-5.8133426,0.10412147641181946,0.9572649598121643,0.8236467242240906
YLR259C,YLR006C,0,-5.8137364,0.10408922284841537,0.9572649598121643,0.8239316344261169
YLR304C,YJL128C,0,-5.813794,0.10405698418617249,0.9572649598121643,0.8242165446281433
YKL011C,YER179W,1,-5.813943,0.10433436185121536,0.9601139426231384,0.8242165446281433
YFL010W-A,YPR138C,0,-5.813966,0.1043020710349083,0.9601139426231384,0.8245013952255249
YGL195W,YML073C,0,-5.8146124,0.10426980257034302,0.9601139426231384,0.8247863054275513
YER164W,YNL268W,0,-5.8153353,0.10423754900693893,0.9601139426231384,0.8250712156295776
YJL072C,YPR165W,0,-5.8161516,0.10420531779527664,0.9601139426231384,0.825356125831604
YAL042W,YGR229C,0,-5.816727,0.10417310893535614,0.9601139426231384,0.8256410360336304
YIR041W,YGR181W,0,-5.8169165,0.10414091497659683,0.9601139426231384,0.8259259462356567
YML123C,YDR498C,0,-5.816963,0.10410874336957932,0.9601139426231384,0.8262107968330383
YDL181W,YCR042C,0,-5.817086,0.10407659411430359,0.9601139426231384,0.8264957070350647
YER073W,YPL210C,0,-5.817122,0.10404445976018906,0.9601139426231384,0.8267806172370911
YOL038W,YNL186W,0,-5.817751,0.10401234775781631,0.9601139426231384,0.8270655274391174
YDL045C,YBR273C,0,-5.8181915,0.10398025065660477,0.9601139426231384,0.8273504376411438
YGR088W,YMR270C,0,-5.818598,0.1039481833577156,0.9601139426231384,0.8276353478431702
YER142C,YBL050W,0,-5.819089,0.10391612350940704,0.9601139426231384,0.8279201984405518
YNR002C,YDR331W,0,-5.821349,0.10388409346342087,0.9601139426231384,0.8282051086425781
YNL014W,YCL054W,0,-5.8213964,0.10385207831859589,0.9601139426231384,0.8284900188446045
YHR167W,YNL339C,1,-5.8221955,0.1041281595826149,0.9629629850387573,0.8284900188446045
YKR007W,YBL080C,0,-5.822483,0.10409609228372574,0.9629629850387573,0.8287749290466309
YKL191W,YNL068C,0,-5.8229766,0.10406403988599777,0.9629629850387573,0.8290598392486572
YDR273W,YBL058W,0,-5.8233514,0.1040320098400116,0.9629629850387573,0.8293447494506836
YJL006C,YBR278W,0,-5.823454,0.10400000214576721,0.9629629850387573,0.8296296000480652
YJL128C,YGR024C,0,-5.823822,0.10396800935268402,0.9629629850387573,0.8299145102500916
YOR123C,YLR066W,0,-5.8241186,0.10393603891134262,0.9629629850387573,0.8301994204521179
YMR011W,YKL212W,0,-5.8245506,0.10390409082174301,0.9629629850387573,0.8304843306541443
YKL093W,YDR058C,0,-5.8245697,0.1038721576333046,0.9629629850387573,0.8307692408561707
YPR188C,YIL063C,0,-5.825241,0.10384024679660797,0.9629629850387573,0.831054151058197
YOL013C,YGR258C,0,-5.8271637,0.10380835086107254,0.9629629850387573,0.8313390016555786
YIL117C,YML055W,0,-5.8274384,0.1037764847278595,0.9629629850387573,0.831623911857605
YDR345C,YJL128C,0,-5.8289366,0.10374462604522705,0.9629629850387573,0.8319088220596313
YMR073C,YDR087C,0,-5.8293114,0.10371279716491699,0.9629629850387573,0.8321937322616577
YML102W,YOR210W,0,-5.8295903,0.10368098318576813,0.9629629850387573,0.8324786424636841
YHR039C,YDR180W,1,-5.8299103,0.10395584255456924,0.9658119678497314,0.8324786424636841
YDR335W,YOR159C,0,-5.83029,0.1039239764213562,0.9658119678497314,0.8327635526657104
YPR200C,YNL027W,0,-5.830576,0.10389212518930435,0.9658119678497314,0.833048403263092
YFL023W,YER032W,0,-5.8324537,0.1038602963089943,0.9658119678497314,0.8333333134651184
YML102W,YER019W,0,-5.8333397,0.10382848232984543,0.9658119678497314,0.8336182236671448
YOL039W,YML014W,0,-5.8341517,0.10379669070243835,0.9658119678497314,0.8339031338691711
YNL327W,YJR091C,0,-5.834312,0.10376492142677307,0.9658119678497314,0.8341880440711975
YLR384C,YPL269W,0,-5.834903,0.10373316705226898,0.9658119678497314,0.8344729542732239
YLR205C,YIL109C,0,-5.835828,0.10370143502950668,0.9658119678497314,0.8347578644752502
YLR355C,YOR087W,0,-5.83633,0.10366972535848618,0.9658119678497314,0.8350427150726318
YFL029C,YJL148W,0,-5.837025,0.10363803058862686,0.9658119678497314,0.8353276252746582
YLR078C,YNL186W,0,-5.8376236,0.10360635817050934,0.9658119678497314,0.8356125354766846
YMR232W,YPL106C,0,-5.8377075,0.10357470065355301,0.9658119678497314,0.8358974456787109
YBR087W,YGR285C,0,-5.837965,0.10354306548833847,0.9658119678497314,0.8361823558807373
YBR068C,YFL009W,0,-5.838403,0.10351145267486572,0.9658119678497314,0.8364672660827637
YGR088W,YLR195C,0,-5.8387957,0.10347985476255417,0.9658119678497314,0.8367521166801453
YOL043C,YMR266W,0,-5.8391247,0.1034482792019844,0.9658119678497314,0.8370370268821716
YHR174W,YOL133W,0,-5.839876,0.10341671854257584,0.9658119678497314,0.837321937084198
YOL066C,YIL063C,0,-5.8409443,0.10338518023490906,0.9658119678497314,0.8376068472862244
YNL014W,YKR007W,0,-5.840972,0.10335365682840347,0.9658119678497314,0.8378917574882507
YNL230C,YFR053C,0,-5.84169,0.10332215577363968,0.9658119678497314,0.8381766676902771
YDL143W,YJL183W,0,-5.8421307,0.10329067707061768,0.9658119678497314,0.8384615182876587
YCL014W,YGR239C,0,-5.8431764,0.10325921326875687,0.9658119678497314,0.8387464284896851
YLR304C,YFL041W,0,-5.8441443,0.10322777181863785,0.9658119678497314,0.8390313386917114
YDR058C,YOL129W,0,-5.844218,0.10319634526968002,0.9658119678497314,0.8393162488937378
YCL014W,YLR384C,0,-5.8444004,0.10316494107246399,0.9658119678497314,0.8396011590957642
YGR268C,YOR064C,0,-5.8452063,0.10313355922698975,0.9658119678497314,0.8398860692977905
YHR116W,YDL083C,0,-5.8460965,0.1031021922826767,0.9658119678497314,0.8401709198951721
YMR092C,YOL108C,0,-5.8480024,0.10307084023952484,0.9658119678497314,0.8404558300971985
YKL212W,YNL044W,0,-5.8485155,0.10303951054811478,0.9658119678497314,0.8407407402992249
YJL121C,YJL154C,0,-5.848522,0.1030082032084465,0.9658119678497314,0.8410256505012512
YJR070C,YKL095W,0,-5.8488364,0.10297691076993942,0.9658119678497314,0.8413105607032776
YBR068C,YBR037C,0,-5.849004,0.10294564068317413,0.9658119678497314,0.841595470905304
YGR230W,YLL061W,0,-5.84923,0.10291439294815063,0.9658119678497314,0.8418803215026855
YIL070C,YKR095W,0,-5.849307,0.10288315266370773,0.9658119678497314,0.8421652317047119
YOL002C,YIL061C,0,-5.850557,0.10285194218158722,0.9658119678497314,0.8424501419067383
YLR011W,YJL010C,0,-5.851145,0.1028207466006279,0.9658119678497314,0.8427350521087646
YFL041W,YLL011W,0,-5.852828,0.10278956592082977,0.9658119678497314,0.843019962310791
YER035W,YGL062W,0,-5.8528805,0.10275841504335403,0.9658119678497314,0.8433048725128174
YIL034C,YBR192W,0,-5.855036,0.10272727161645889,0.9658119678497314,0.843589723110199
YFR034C,YFL017W-A,0,-5.8572936,0.10269615054130554,0.9658119678497314,0.8438746333122253
YER114C,YJL052W,0,-5.8574924,0.10266505181789398,0.9658119678497314,0.8441595435142517
YBR172C,YGL098W,0,-5.857667,0.10263396799564362,0.9658119678497314,0.8444444537162781
YBR145W,YFL023W,0,-5.857917,0.10260290652513504,0.9658119678497314,0.8447293639183044
YLR195C,YKR008W,0,-5.8582354,0.10257185995578766,0.9658119678497314,0.8450142741203308
YHR039C,YNL312W,1,-5.8582516,0.10284331440925598,0.9686609506607056,0.8450142741203308
YKL208W,YDR388W,0,-5.8587203,0.10281221568584442,0.9686609506607056,0.8452991247177124
YFR028C,YLR384C,0,-5.858754,0.10278113931417465,0.9686609506607056,0.8455840349197388
YCL014W,YHR160C,0,-5.859107,0.10275007784366608,0.9686609506607056,0.8458689451217651
YDR122W,YKR055W,0,-5.8611083,0.1027190312743187,0.9686609506607056,0.8461538553237915
YJL165C,YGL035C,0,-5.8625994,0.1026880070567131,0.9686609506607056,0.8464387655258179
YCL025C,YML127W,0,-5.8626895,0.1026570051908493,0.9686609506607056,0.8467236757278442
YFR052W,YGL229C,0,-5.863704,0.1026260182261467,0.9686609506607056,0.8470085263252258
YHR174W,YBL032W,0,-5.864498,0.10259505361318588,0.9686609506607056,0.8472934365272522
YER142C,YKL195W,0,-5.864631,0.10256410390138626,0.9686609506607056,0.8475783467292786
YPL153C,YER117W,0,-5.865206,0.10253316909074783,0.9686609506607056,0.8478632569313049
YBR275C,YOL020W,0,-5.8655353,0.1025022640824318,0.9686609506607056,0.8481481671333313
YKL112W,YBR066C,0,-5.8673286,0.10247136652469635,0.9686609506607056,0.8484330773353577
YJR140C,YOR064C,0,-5.867628,0.1024404913187027,0.9686609506607056,0.8487179279327393
YKL220C,YOL049W,0,-5.8687396,0.10240963846445084,0.9686609506607056,0.8490028381347656
YPL106C,YPL253C,0,-5.8696527,0.10237880051136017,0.9686609506607056,0.849287748336792
YMR109W,YKR002W,0,-5.869999,0.10234798491001129,0.9686609506607056,0.8495726585388184
YOR103C,YJL129C,0,-5.8701096,0.10231718420982361,0.9686609506607056,0.8498575687408447
YGR155W,YBR278W,0,-5.870173,0.10228639841079712,0.9686609506607056,0.8501424789428711
YJL072C,YBR127C,0,-5.870608,0.10225564241409302,0.9686609506607056,0.8504273295402527
YBR164C,YLR110C,0,-5.8713083,0.10222489386796951,0.9686609506607056,0.850712239742279
YER106W,YOR087W,0,-5.872587,0.1021941676735878,0.9686609506607056,0.8509971499443054
YHL036W,YGR010W,0,-5.8759356,0.10216346383094788,0.9686609506607056,0.8512820601463318
YOL117W,YNL186W,0,-5.876012,0.10213277488946915,0.9686609506607056,0.8515669703483582
YPL171C,YKR059W,0,-5.8767586,0.10210210084915161,0.9686609506607056,0.8518518805503845
YPR020W,YGR224W,0,-5.8769097,0.10207144916057587,0.9686609506607056,0.8521367311477661
YIR041W,YGR239C,0,-5.8786607,0.10204081982374191,0.9686609506607056,0.8524216413497925
YGL003C,YDL181W,0,-5.879361,0.10201019793748856,0.9686609506607056,0.8527065515518188
YGR010W,YBR192W,0,-5.8802614,0.10197960585355759,0.9686609506607056,0.8529914617538452
YML032C,YMR106C,1,-5.880621,0.10224887728691101,0.9715099930763245,0.8529914617538452
YNL026W,YML015C,0,-5.8813753,0.10221822559833527,0.9715099930763245,0.8532763719558716
YNL110C,YOL066C,0,-5.88156,0.10218759626150131,0.9715099930763245,0.853561282157898
YLR219W,YHR039C,1,-5.8817897,0.10245656222105026,0.9743589758872986,0.853561282157898
YFL016C,YPL171C,0,-5.8819466,0.10242587327957153,0.9743589758872986,0.8538461327552795
YLL011W,YMR089C,0,-5.8826923,0.1023952066898346,0.9743589758872986,0.8541310429573059
YDR046C,YLR192C,0,-5.8829637,0.10236456245183945,0.9743589758872986,0.8544159531593323
YLL026W,YKL195W,0,-5.883069,0.1023339331150055,0.9743589758872986,0.8547008633613586
YGL078C,YDL232W,0,-5.884089,0.10230331867933273,0.9743589758872986,0.854985773563385
YOL130W,YDR075W,0,-5.8846617,0.10227272659540176,0.9743589758872986,0.8552706837654114
YHR061C,YDL014W,0,-5.886203,0.10224214941263199,0.9743589758872986,0.855555534362793
YER035W,YIL129C,0,-5.886545,0.102211594581604,0.9743589758872986,0.8558404445648193
YCL043C,YDL128W,0,-5.8875155,0.10218105465173721,0.9743589758872986,0.8561253547668457
YJL194W,YER117W,0,-5.8880596,0.10215053707361221,0.9743589758872986,0.8564102649688721
YJR140C,YOR344C,0,-5.8882027,0.10212003439664841,0.9743589758872986,0.8566951751708984
YDL142C,YEL060C,0,-5.8886566,0.10208955407142639,0.9743589758872986,0.8569800853729248
YOR002W,YPL224C,0,-5.8891163,0.10205908864736557,0.9743589758872986,0.8572649359703064
YIL034C,YGR158C,0,-5.889769,0.10202863812446594,0.9743589758872986,0.8575498461723328
YPR001W,YLL061W,0,-5.8903475,0.1019982099533081,0.9743589758872986,0.8578347563743591
YGL078C,YGR186W,0,-5.8908567,0.10196779668331146,0.9743589758872986,0.8581196665763855
YPL043W,YFR029W,0,-5.890868,0.10193740576505661,0.9743589758872986,0.8584045767784119
YOR079C,YPL210C,0,-5.8911953,0.10190702974796295,0.9743589758872986,0.8586894869804382
YNL014W,YOR254C,0,-5.891839,0.10187667608261108,0.9743589758872986,0.8589743375778198
YPL100W,YOR031W,0,-5.8919706,0.10184633731842041,0.9743589758872986,0.8592592477798462
YFL021W,YDR451C,0,-5.8923655,0.10181601345539093,0.9743589758872986,0.8595441579818726
YNL110C,YJL128C,0,-5.8932276,0.10178571194410324,0.9743589758872986,0.8598290681838989
YIL034C,YMR175W,0,-5.894663,0.10175543278455734,0.9743589758872986,0.8601139783859253
YOL049W,YDL079C,0,-5.895813,0.10172516107559204,0.9743589758872986,0.8603988885879517
YBL016W,YGL084C,0,-5.8958516,0.10169491171836853,0.9743589758872986,0.8606837391853333
YBL033C,YKR079C,0,-5.8967695,0.10166468471288681,0.9743589758872986,0.8609686493873596
YML093W,YLR090W,0,-5.896833,0.10163447260856628,0.9743589758872986,0.861253559589386
YLR394W,YDL019C,0,-5.897607,0.10160427540540695,0.9743589758872986,0.8615384697914124
YCL025C,YNR015W,0,-5.898651,0.10157410055398941,0.9743589758872986,0.8618233799934387
YDL143W,YNL147W,0,-5.8987355,0.10154394060373306,0.9743589758872986,0.8621082901954651
YCL025C,YDR086C,0,-5.8993263,0.1015138030052185,0.9743589758872986,0.8623931407928467
YOR349W,YOL129W,0,-5.900076,0.10148368030786514,0.9743589758872986,0.862678050994873
YLR192C,YPL106C,0,-5.900671,0.10145357251167297,0.9743589758872986,0.8629629611968994
YBR049C,YBR105C,0,-5.9008627,0.1014234870672226,0.9743589758872986,0.8632478713989258
YJR145C,YLR277C,0,-5.901014,0.10139341652393341,0.9743589758872986,0.8635327816009521
YKR002W,YBR083W,0,-5.9037104,0.10136336833238602,0.9743589758872986,0.8638176918029785
YFL023W,YKL056C,0,-5.9042277,0.10133333504199982,0.9743589758872986,0.8641025424003601
YGL065C,YJR086W,0,-5.906957,0.10130331665277481,0.9743589758872986,0.8643874526023865
YNL129W,YGR192C,0,-5.90792,0.1012733206152916,0.9743589758872986,0.8646723628044128
YBR073W,YNL312W,1,-5.9082804,0.10153937339782715,0.9772079586982727,0.8646723628044128
YDL014W,YNR023W,0,-5.908437,0.10150932520627975,0.9772079586982727,0.8649572730064392
YJL102W,YDL128W,0,-5.9090357,0.10147929191589355,0.9772079586982727,0.8652421832084656
YFL013C,YKR086W,0,-5.9098377,0.10144927352666855,0.9772079586982727,0.8655270934104919
YMR041C,YOL108C,0,-5.9102974,0.10141927748918533,0.9772079586982727,0.8658119440078735
YBR105C,YPR036W,0,-5.9154725,0.10138929635286331,0.9772079586982727,0.8660968542098999
YER035W,YMR175W,0,-5.915805,0.10135933756828308,0.9772079586982727,0.8663817644119263
YIR041W,YHR161C,0,-5.9163647,0.10132939368486404,0.9772079586982727,0.8666666746139526
YFR030W,YHR161C,0,-5.9164987,0.1012994647026062,0.9772079586982727,0.866951584815979
YBR201W,YHR005C,0,-5.9177604,0.10126955807209015,0.9772079586982727,0.8672364950180054
YLR384C,YDL200C,0,-5.9178343,0.10123966634273529,0.9772079586982727,0.867521345615387
YNL327W,YCR009C,0,-5.9181614,0.10120979696512222,0.9772079586982727,0.8678062558174133
YNL027W,YGR088W,0,-5.919381,0.10117994248867035,0.9772079586982727,0.8680911660194397
YOL126C,YIL056W,0,-5.9195395,0.10115010291337967,0.9772079586982727,0.8683760762214661
YBL098W,YFL018C,0,-5.9198246,0.10112028568983078,0.9772079586982727,0.8686609864234924
YIL061C,YML093W,0,-5.9212794,0.10109048336744308,0.9772079586982727,0.8689458966255188
YCR038C,YOR210W,0,-5.9217753,0.10106069594621658,0.9772079586982727,0.8692307472229004
YFL057C,YDR040C,0,-5.9220867,0.10103093087673187,0.9772079586982727,0.8695156574249268
YGL155W,YDR273W,0,-5.922872,0.10100118070840836,0.9772079586982727,0.8698005676269531
YIL036W,YLR205C,0,-5.9235625,0.10097144544124603,0.9772079586982727,0.8700854778289795
YGL180W,YCL014W,0,-5.9248476,0.1009417325258255,0.9772079586982727,0.8703703880310059
YOR031W,YBL050W,0,-5.9249735,0.10091203451156616,0.9772079586982727,0.8706552982330322
YJL025W,YDR398W,0,-5.925127,0.10088235139846802,0.9772079586982727,0.8709401488304138
YPL224C,YBL093C,0,-5.9256544,0.10085269063711166,0.9772079586982727,0.8712250590324402
YBR160W,YPR154W,0,-5.925683,0.1008230447769165,0.9772079586982727,0.8715099692344666
YML102W,YGR248W,0,-5.925914,0.10079342126846313,0.9772079586982727,0.8717948794364929
YOR036W,YLR135W,0,-5.927271,0.10076380521059036,0.9772079586982727,0.8720797896385193
YOR039W,YDL135C,0,-5.927308,0.10073421150445938,0.9772079586982727,0.8723646998405457
YIL155C,YBL093C,0,-5.931872,0.10070464015007019,0.9772079586982727,0.8726495504379272
YNL220W,YGL035C,0,-5.931947,0.1006750836968422,0.9772079586982727,0.8729344606399536
YCL027W,YGL068W,0,-5.933631,0.10064554214477539,0.9772079586982727,0.87321937084198
YNL009W,YLR059C,0,-5.9336433,0.10061601549386978,0.9772079586982727,0.8735042810440063
YHR034C,YNL302C,0,-5.9338245,0.10058651119470596,0.9772079586982727,0.8737891912460327
YKL165C,YDR328C,0,-5.9343038,0.10055702179670334,0.9772079586982727,0.8740741014480591
YHR041C,YOR212W,0,-5.9374447,0.10052754729986191,0.9772079586982727,0.8743589520454407
YLR160C,YOR330C,0,-5.937894,0.10049809515476227,0.9772079586982727,0.874643862247467
YLR355C,YOR344C,0,-5.938702,0.10046865791082382,0.9772079586982727,0.8749287724494934
YFR030W,YGL143C,0,-5.9394207,0.10043923556804657,0.9772079586982727,0.8752136826515198
YBL098W,YKL139W,0,-5.9396806,0.10040983557701111,0.9772079586982727,0.8754985928535461
YLR355C,YCR009C,0,-5.939968,0.10038045048713684,0.9772079586982727,0.8757835030555725
YPL171C,YJL048C,0,-5.940346,0.10035108029842377,0.9772079586982727,0.8760683536529541
YCR107W,YJR086W,0,-5.941891,0.10032173246145248,0.9772079586982727,0.8763532638549805
YJR139C,YLR263W,0,-5.9430933,0.1002923995256424,0.9772079586982727,0.8766381740570068
YGL171W,YBL058W,0,-5.9434433,0.1002630814909935,0.9772079586982727,0.8769230842590332
YPL091W,YKL122C,0,-5.9435673,0.1002337783575058,0.9772079586982727,0.8772079944610596
YKL016C,YKL150W,0,-5.9441876,0.10020449757575989,0.9772079586982727,0.8774929046630859
YLR384C,YJL183W,0,-5.9459476,0.10017523169517517,0.9772079586982727,0.8777777552604675
YGR177C,YMR001C,0,-5.9469213,0.10014598816633224,0.9772079586982727,0.8780626654624939
YJL034W,YKL095W,0,-5.947981,0.10011675208806992,0.9772079586982727,0.8783475756645203
YDR481C,YDR308C,0,-5.949521,0.10008753836154938,0.9772079586982727,0.8786324858665466
YMR076C,YOR340C,0,-5.9495516,0.10005833953619003,0.9772079586982727,0.878917396068573
YDR214W,YGL122C,0,-5.9496613,0.10002916306257248,0.9772079586982727,0.8792023062705994
YDR524C,YHR174W,0,-5.9498663,0.10000000149011612,0.9772079586982727,0.879487156867981
YDR046C,YDR208W,0,-5.9500475,0.09997085481882095,0.9772079586982727,0.8797720670700073
YCL054W,YLR240W,0,-5.9520836,0.09994172304868698,0.9772079586982727,0.8800569772720337
YML113W,YDR276C,0,-5.9522796,0.0999126136302948,0.9772079586982727,0.8803418874740601
YER165W,YBR267W,0,-5.953858,0.09988351911306381,0.9772079586982727,0.8806267976760864
YLR160C,YOR241W,0,-5.9539585,0.09985443949699402,0.9772079586982727,0.8809117078781128
YNL030W,YPL171C,0,-5.9554577,0.09982537478208542,0.9772079586982727,0.8811965584754944
YJR139C,YKL080W,0,-5.9563932,0.09979633241891861,0.9772079586982727,0.8814814686775208
YNL220W,YGR262C,0,-5.9568534,0.099767304956913,0.9772079586982727,0.8817663788795471
YDL087C,YOL127W,0,-5.957203,0.09973829239606857,0.9772079586982727,0.8820512890815735
YDR021W,YNL167C,0,-5.958317,0.09970930218696594,0.9772079586982727,0.8823361992835999
YBR065C,YOR103C,0,-5.9591513,0.0996803268790245,0.9772079586982727,0.8826211094856262
YMR072W,YDR341C,0,-5.9595785,0.09965136647224426,0.9772079586982727,0.8829059600830078
YIL142W,YOR230W,0,-5.9600058,0.09962242096662521,0.9772079586982727,0.8831908702850342
YGL122C,YHR200W,0,-5.960734,0.09959349781274796,0.9772079586982727,0.8834757804870605
YLR133W,YJL048C,0,-5.9610043,0.09956458956003189,0.9772079586982727,0.8837606906890869
YFL057C,YDR398W,0,-5.961707,0.09953569620847702,0.9772079586982727,0.8840456008911133
YFL023W,YGR211W,0,-5.964486,0.09950681775808334,0.9772079586982727,0.8843305110931396
YGR258C,YGL098W,0,-5.9660835,0.09947796165943146,0.9772079586982727,0.8846153616905212
YPR065W,YDL235C,0,-5.967527,0.09944911301136017,0.9772079586982727,0.8849002718925476
YLR467W,YNL339C,1,-5.9680624,0.0997101441025734,0.9800570011138916,0.8849002718925476
YKL093W,YOR209C,0,-5.968974,0.09968125075101852,0.9800570011138916,0.885185182094574
YOR346W,YBL050W,0,-5.9702797,0.09965237230062485,0.9800570011138916,0.8854700922966003
YER088C,YJL128C,0,-5.972006,0.09962351620197296,0.9800570011138916,0.8857550024986267
YGR088W,YBR087W,0,-5.973814,0.09959467500448227,0.9800570011138916,0.8860399127006531
YER088C,YGL219C,0,-5.97413,0.09956584870815277,0.9800570011138916,0.8863247632980347
YOL043C,YJL148W,0,-5.974544,0.09953703731298447,0.9800570011138916,0.886609673500061
YJR139C,YML047C,0,-5.9753084,0.09950824081897736,0.9800570011138916,0.8868945837020874
YAL054C,YLR006C,0,-5.9765115,0.09947946667671204,0.9800570011138916,0.8871794939041138
YML120C,YNL304W,0,-5.976846,0.09945070743560791,0.9800570011138916,0.8874644041061401
YOL117W,YKL034W,0,-5.9771357,0.09942196309566498,0.9800570011138916,0.8877493143081665
YHR175W,YLR425W,0,-5.977873,0.09939324110746384,0.9800570011138916,0.8880341649055481
YDL195W,YLR240W,0,-5.978893,0.09936452656984329,0.9800570011138916,0.8883190751075745
YKR066C,YPR155C,0,-5.9793043,0.09933583438396454,0.9800570011138916,0.8886039853096008
YOL142W,YLR240W,0,-5.979326,0.09930715709924698,0.9800570011138916,0.8888888955116272
YNL274C,YOL105C,0,-5.9795732,0.09927850216627121,0.9800570011138916,0.8891738057136536
YLR068W,YIL123W,0,-5.980028,0.09924985468387604,0.9800570011138916,0.8894587159156799
YCR044C,YDR086C,0,-5.9803896,0.09922122955322266,0.9800570011138916,0.8897435665130615
YHR042W,YBR192W,0,-5.9804344,0.09919261932373047,0.9800570011138916,0.8900284767150879
YGL238W,YCL026C-A,0,-5.9821844,0.09916402399539948,0.9800570011138916,0.8903133869171143
YBL047C,YFR053C,0,-5.982959,0.09913544356822968,0.9800570011138916,0.8905982971191406
YBR145W,YBR172C,0,-5.9835277,0.09910688549280167,0.9800570011138916,0.890883207321167
YCR072C,YJL129C,0,-5.984064,0.09907834231853485,0.9800570011138916,0.8911681175231934
YMR214W,YBR083W,0,-5.984541,0.09904981404542923,0.9800570011138916,0.891452968120575
YFL009W,YJL108C,0,-5.9845695,0.0990213006734848,0.9800570011138916,0.8917378783226013
YLR133W,YKL056C,0,-5.984685,0.09899280220270157,0.9800570011138916,0.8920227885246277
YER044C,YDL083C,0,-5.9846964,0.09896432608366013,0.9800570011138916,0.892307698726654
YGL037C,YLR005W,0,-5.985587,0.09893586486577988,0.9800570011138916,0.8925926089286804
YOR386W,YER117W,0,-5.9856243,0.09890741854906082,0.9800570011138916,0.8928775191307068
YNL009W,YFL013C,0,-5.986062,0.09887898713350296,0.9800570011138916,0.8931623697280884
YOR254C,YBR077C,0,-5.986422,0.09885057806968689,0.9800570011138916,0.8934472799301147
YAL032C,YJL026W,0,-5.987643,0.09882217645645142,0.9800570011138916,0.8937321901321411
YOR377W,YNR015W,0,-5.987711,0.09879379719495773,0.9800570011138916,0.8940171003341675
YHR169W,YKR079C,0,-5.9894295,0.09876543283462524,0.9800570011138916,0.8943020105361938
YDR055W,YOL031C,0,-5.9903755,0.09873708337545395,0.9800570011138916,0.8945869207382202
YGL195W,YGL030W,0,-5.9921474,0.09870874881744385,0.9800570011138916,0.8948717713356018
YKL093W,YML123C,0,-5.9925213,0.09868043661117554,0.9800570011138916,0.8951566815376282
YJL111W,YMR138W,0,-5.9963913,0.09865213930606842,0.9800570011138916,0.8954415917396545
YMR076C,YKR059W,0,-5.996865,0.0986238569021225,0.9800570011138916,0.8957265019416809
YFL025C,YBR155W,0,-5.996995,0.09859558939933777,0.9800570011138916,0.8960114121437073
YDL083C,YDR328C,0,-5.997621,0.09856733679771423,0.9800570011138916,0.8962963223457336
YKL195W,YOR230W,0,-6.0008097,0.09853909909725189,0.9800570011138916,0.8965811729431152
YMR232W,YBR183W,0,-6.0009384,0.09851088374853134,0.9800570011138916,0.8968660831451416
YGR262C,YER117W,0,-6.0020823,0.09848268330097198,0.9800570011138916,0.897150993347168
YBR132C,YML015C,0,-6.0072374,0.09845449030399323,0.9800570011138916,0.8974359035491943
YGR014W,YDR515W,0,-6.0090055,0.09842631965875626,0.9800570011138916,0.8977208137512207
YER088C,YHR005C,0,-6.011884,0.09839817136526108,0.9800570011138916,0.8980057239532471
YDR231C,YMR091C,0,-6.012121,0.0983700305223465,0.9800570011138916,0.8982905745506287
YHL040C,YOL129W,0,-6.014224,0.0983419120311737,0.9800570011138916,0.898575484752655
YER164W,YOR272W,0,-6.0149198,0.09831380099058151,0.9800570011138916,0.8988603949546814
YBR164C,YFR030W,0,-6.015151,0.09828571230173111,0.9800570011138916,0.8991453051567078
YDR231C,YOL020W,0,-6.0155897,0.0982576385140419,0.9800570011138916,0.8994302153587341
YDR273W,YDR388W,0,-6.0175357,0.09822957962751389,0.9800570011138916,0.8997151255607605
YER088C,YPL210C,0,-6.017537,0.09820154309272766,0.9800570011138916,0.8999999761581421
YOR386W,YML097C,0,-6.0184965,0.09817351400852203,0.9800570011138916,0.9002848863601685
YBR164C,YDR098C,0,-6.0186396,0.0981455072760582,0.9800570011138916,0.9005697965621948
YLR304C,YCR042C,0,-6.0197515,0.09811751544475555,0.9800570011138916,0.9008547067642212
YMR119W,YLR425W,0,-6.020978,0.0980895385146141,0.9800570011138916,0.9011396169662476
YPR052C,YBR087W,0,-6.021042,0.09806157648563385,0.9800570011138916,0.9014245271682739
YIL002C,YGL171W,0,-6.0224147,0.09803362935781479,0.9800570011138916,0.9017093777656555
YHR174W,YDL225W,0,-6.022821,0.09800569713115692,0.9800570011138916,0.9019942879676819
YPL265W,YGR229C,0,-6.025956,0.09797778725624084,0.9800570011138916,0.9022791981697083
YNL164C,YOR159C,0,-6.026926,0.09794988483190536,0.9800570011138916,0.9025641083717346
YGL105W,YIL123W,0,-6.027149,0.09792200475931168,0.9800570011138916,0.902849018573761
YDR397C,YOL127W,0,-6.0276456,0.09789413958787918,0.9800570011138916,0.9031339287757874
YNL127W,YGR158C,0,-6.0301332,0.09786628931760788,0.9800570011138916,0.903418779373169
YPL234C,YOR272W,0,-6.030615,0.09783845394849777,0.9800570011138916,0.9037036895751953
YNL149C,YOL039W,0,-6.0309653,0.09781063348054886,0.9800570011138916,0.9039885997772217
YDR165W,YOR064C,0,-6.031982,0.09778282791376114,0.9800570011138916,0.904273509979248
YKL191W,YBL080C,0,-6.0324326,0.09775504469871521,0.9800570011138916,0.9045584201812744
YDL083C,YFL017W-A,0,-6.034462,0.09772727638483047,0.9800570011138916,0.9048433303833008
YIL022W,YJL048C,0,-6.035107,0.09769951552152634,0.9800570011138916,0.9051281809806824
YKL101W,YLR332W,0,-6.035118,0.09767177700996399,0.9800570011138916,0.9054130911827087
YBL016W,YOR272W,0,-6.035786,0.09764405339956284,0.9800570011138916,0.9056980013847351
YHR193C,YLR068W,0,-6.0360985,0.09761634469032288,0.9800570011138916,0.9059829115867615
YML062C,YLR219W,1,-6.0361724,0.09787233918905258,0.9829059839248657,0.9059829115867615
YMR250W,YIL120W,0,-6.037831,0.09784458577632904,0.9829059839248657,0.9062678217887878
YDR345C,YDR116C,0,-6.0392838,0.0978168398141861,0.9829059839248657,0.9065527319908142
YOR377W,YKR086W,0,-6.039787,0.09778911620378494,0.9829059839248657,0.9068375825881958
YJL048C,YNL241C,0,-6.0407267,0.09776140749454498,0.9829059839248657,0.9071224927902222
YER179W,YJL208C,1,-6.041198,0.09801699966192245,0.9857549667358398,0.9071224927902222
YNR002C,YER117W,0,-6.0431223,0.09798923879861832,0.9857549667358398,0.9074074029922485
YLR157C,YOL121C,0,-6.0439434,0.09796149283647537,0.9857549667358398,0.9076923131942749
YHR174W,YBR083W,0,-6.0474734,0.09793376922607422,0.9857549667358398,0.9079772233963013
YOR340C,YOR064C,0,-6.0479565,0.09790605306625366,0.9857549667358398,0.9082621335983276
YPL265W,YNL302C,0,-6.0487075,0.0978783592581749,0.9857549667358398,0.9085469841957092
YLR384C,YKL165C,0,-6.0494537,0.09785068035125732,0.9857549667358398,0.9088318943977356
YKR066C,YML049C,0,-6.0515814,0.09782301634550095,0.9857549667358398,0.909116804599762
YLR192C,YEL062W,0,-6.054861,0.09779536724090576,0.9857549667358398,0.9094017148017883
YCL026C-A,YDL079C,0,-6.054892,0.09776773303747177,0.9857549667358398,0.9096866250038147
YOL013C,YBL026W,0,-6.05582,0.09774011373519897,0.9857549667358398,0.9099715352058411
YFL021W,YDL079C,0,-6.0562534,0.09771250933408737,0.9857549667358398,0.9102563858032227
YOR037W,YNL153C,0,-6.060452,0.09768492728471756,0.9857549667358398,0.910541296005249
YPR020W,YDR059C,0,-6.0616894,0.09765735268592834,0.9857549667358398,0.9108262062072754
YGL142C,YCL043C,0,-6.0622644,0.09762980043888092,0.9857549667358398,0.9111111164093018
YBR068C,YJL048C,0,-6.0638494,0.09760225564241409,0.9857549667358398,0.9113960266113281
YML132W,YKL029C,0,-6.0640793,0.09757473319768906,0.9857549667358398,0.9116809368133545
YGR262C,YML123C,0,-6.0661106,0.09754722565412521,0.9857549667358398,0.9119657874107361
YPL146C,YDR481C,0,-6.066951,0.09751973301172256,0.9857549667358398,0.9122506976127625
YCR048W,YGL122C,0,-6.0685625,0.09749224781990051,0.9857549667358398,0.9125356078147888
YGL238W,YJR074W,0,-6.0690346,0.09746479243040085,0.9857549667358398,0.9128205180168152
YDR083W,YDL058W,0,-6.0698943,0.09743734449148178,0.9857549667358398,0.9131054282188416
YLR304C,YPL177C,0,-6.0712423,0.09740991145372391,0.9857549667358398,0.9133903384208679
YDL197C,YER035W,0,-6.0715075,0.09738249331712723,0.9857549667358398,0.9136751890182495
YGR284C,YNL153C,0,-6.071809,0.09735509008169174,0.9857549667358398,0.9139600992202759
YJR083C,YCR053W,0,-6.075489,0.09732770919799805,0.9857549667358398,0.9142450094223022
YNL307C,YIL063C,0,-6.07577,0.09730033576488495,0.9857549667358398,0.9145299196243286
YJR022W,YOL127W,0,-6.0771284,0.09727298468351364,0.9857549667358398,0.914814829826355
YDR273W,YBR162C,0,-6.078658,0.09724564105272293,0.9857549667358398,0.9150997400283813
YGR158C,YBR105C,0,-6.0795302,0.09721831977367401,0.9857549667358398,0.9153845906257629
YML073C,YPL106C,0,-6.0809445,0.09719101339578629,0.9857549667358398,0.9156695008277893
YHR174W,YFR029W,0,-6.0828576,0.09716371446847916,0.9857549667358398,0.9159544110298157
YBL026W,YPL235W,0,-6.083735,0.09713643789291382,0.9857549667358398,0.916239321231842
YGR249W,YDL135C,0,-6.084542,0.09710917621850967,0.9857549667358398,0.9165242314338684
YBL016W,YNL186W,0,-6.084624,0.09708192944526672,0.9857549667358398,0.9168091416358948
YNL149C,YLR248W,0,-6.0847116,0.09705469757318497,0.9857549667358398,0.9170939922332764
YLL011W,YJR110W,0,-6.086225,0.0970274806022644,0.9857549667358398,0.9173789024353027
YJL203W,YOR230W,0,-6.086984,0.09700027853250504,0.9857549667358398,0.9176638126373291
YER114C,YEL060C,0,-6.088247,0.09697309136390686,0.9857549667358398,0.9179487228393555
YPL177C,YGL011C,0,-6.094918,0.09694592654705048,0.9857549667358398,0.9182336330413818
YJR086W,YCR061W,0,-6.095118,0.09691876918077469,0.9857549667358398,0.9185185432434082
YKL029C,YML123C,0,-6.0953126,0.0968916267156601,0.9857549667358398,0.9188033938407898
YGL247W,YFR053C,0,-6.0958557,0.0968644991517067,0.9857549667358398,0.9190883040428162
YPR155C,YGR248W,0,-6.0973234,0.09683739393949509,0.9857549667358398,0.9193732142448425
YKR038C,YGL006W,0,-6.099495,0.09681029617786407,0.9857549667358398,0.9196581244468689
YAL042W,YML103C,0,-6.1000004,0.09678321331739426,0.9857549667358398,0.9199430346488953
YFR030W,YHR012W,0,-6.100437,0.09675615280866623,0.9857549667358398,0.9202279448509216
YPL239W,YMR104C,0,-6.1016626,0.0967290997505188,0.9857549667358398,0.9205127954483032
YGL030W,YFL017W-A,0,-6.1033354,0.09670206904411316,0.9857549667358398,0.9207977056503296
YHR001W-A,YDR202C,0,-6.1045885,0.09667504578828812,0.9857549667358398,0.921082615852356
YNL061W,YNL131W,0,-6.1050377,0.09664804488420486,0.9857549667358398,0.9213675260543823
YPL265W,YOR171C,0,-6.1072197,0.0966210588812828,0.9857549667358398,0.9216524362564087
YHR042W,YOL039W,0,-6.1094456,0.09659408032894135,0.9857549667358398,0.9219373464584351
YOR039W,YDR087C,0,-6.1101904,0.09656712412834167,0.9857549667358398,0.9222221970558167
YGL037C,YLR425W,0,-6.1102686,0.0965401753783226,0.9857549667358398,0.922507107257843
YML080W,YMR296C,0,-6.111541,0.09651324898004532,0.9857549667358398,0.9227920174598694
YER003C,YBR172C,0,-6.1123257,0.09648633748292923,0.9857549667358398,0.9230769276618958
YBR155W,YMR153W,0,-6.1124787,0.09645943343639374,0.9857549667358398,0.9233618378639221
YNL065W,YOL113W,0,-6.1148996,0.09643255174160004,0.9857549667358398,0.9236467480659485
YJL010C,YML127W,0,-6.1171513,0.09640568494796753,0.9857549667358398,0.9239315986633301
YOL013C,YML120C,0,-6.121235,0.09637883305549622,0.9857549667358398,0.9242165088653564
YMR021C,YGR211W,0,-6.122596,0.0963519886136055,0.9857549667358398,0.9245014190673828
YNL274C,YCL043C,0,-6.122772,0.09632516652345657,0.9857549667358398,0.9247863292694092
YDL029W,YML014W,0,-6.12442,0.09629835933446884,0.9857549667358398,0.9250712394714355
YOR098C,YDR341C,0,-6.128409,0.0962715670466423,0.9857549667358398,0.9253561496734619
YIL131C,YER072W,0,-6.131452,0.09624478220939636,0.9857549667358398,0.9256410002708435
YDL017W,YKL056C,0,-6.13299,0.09621801972389221,0.9857549667358398,0.9259259104728699
YNL302C,YGL229C,0,-6.1337814,0.09619127213954926,0.9857549667358398,0.9262108206748962
YKL101W,YML093W,0,-6.134641,0.09616453945636749,0.9857549667358398,0.9264957308769226
YBR258C,YCL054W,0,-6.1362486,0.09613781422376633,0.9857549667358398,0.926780641078949
YLR192C,YBR083W,0,-6.1369934,0.09611111134290695,0.9857549667358398,0.9270655512809753
YLR160C,YPL043W,0,-6.137087,0.09608442336320877,0.9857549667358398,0.9273504018783569
YNL220W,YJR086W,0,-6.137834,0.09605774283409119,0.9857549667358398,0.9276353120803833
YMR142C,YBR172C,0,-6.138635,0.0960310846567154,0.9857549667358398,0.9279202222824097
YJL184W,YOL142W,0,-6.138821,0.0960044413805008,0.9857549667358398,0.928205132484436
YHR001W-A,YGR258C,0,-6.1393313,0.09597780555486679,0.9857549667358398,0.9284900426864624
YLR304C,YOR103C,0,-6.140525,0.09595119208097458,0.9857549667358398,0.9287749528884888
YPL043W,YFR031C,0,-6.1420803,0.09592459350824356,0.9857549667358398,0.9290598034858704
YCL027W,YJR145C,0,-6.143403,0.09589800238609314,0.9857549667358398,0.9293447136878967
YNL274C,YKR095W,0,-6.1435328,0.09587143361568451,0.9857549667358398,0.9296296238899231
YDL143W,YDR174W,0,-6.144854,0.09584487229585648,0.9857549667358398,0.9299145340919495
YPL208W,YOR340C,0,-6.14958,0.09581833332777023,0.9857549667358398,0.9301994442939758
YPL265W,YDR372C,0,-6.1498456,0.09579180181026459,0.9857549667358398,0.9304843544960022
YAL054C,YDL145C,0,-6.151859,0.09576529264450073,0.9857549667358398,0.9307692050933838
YML102W,YBR155W,0,-6.1522036,0.09573879092931747,0.9857549667358398,0.9310541152954102
YOR036W,YFR005C,0,-6.1522713,0.09571231156587601,0.9857549667358398,0.9313390254974365
YOR144C,YJL208C,1,-6.1539893,0.09596239030361176,0.9886040091514587,0.9313390254974365
YHL036W,YIL056W,0,-6.1576633,0.09593585878610611,0.9886040091514587,0.9316239356994629
YGL078C,YPL026C,0,-6.159287,0.09590934216976166,0.9886040091514587,0.9319088459014893
YMR072W,YOR272W,0,-6.1638956,0.0958828404545784,0.9886040091514587,0.9321937561035156
YGR268C,YDR451C,0,-6.1648827,0.09585635364055634,0.9886040091514587,0.9324786067008972
YMR092C,YGR224W,0,-6.166172,0.09582988172769547,0.9886040091514587,0.9327635169029236
YDL230W,YKL056C,0,-6.1670203,0.09580342471599579,0.9886040091514587,0.93304842710495
YHR171W,YDR098C,0,-6.167467,0.0957769826054573,0.9886040091514587,0.9333333373069763
YKL029C,YGR239C,0,-6.169487,0.09575055539608002,0.9886040091514587,0.9336182475090027
YGR097W,YPR165W,0,-6.170347,0.09572413563728333,0.9886040091514587,0.933903157711029
YKR066C,YHR160C,0,-6.170572,0.09569773823022842,0.9886040091514587,0.9341880083084106
YDR309C,YDR345C,0,-6.1705933,0.09567135572433472,0.9886040091514587,0.934472918510437
YOL039W,YBR283C,0,-6.171001,0.0956449806690216,0.9886040091514587,0.9347578287124634
YHR174W,YBR256C,0,-6.1717644,0.09561862796545029,0.9886040091514587,0.9350427389144897
YJL208C,YMR284W,1,-6.1739836,0.09586776793003082,0.9914529919624329,0.9350427389144897
YPL265W,YGR059W,0,-6.177471,0.09584136307239532,0.9914529919624329,0.9353276491165161
YBL026W,YJL026W,0,-6.1780195,0.09581498056650162,0.9914529919624329,0.9356125593185425
YDR273W,YGR010W,0,-6.181171,0.09578860551118851,0.9914529919624329,0.9358974099159241
YNL074C,YLL011W,0,-6.1872883,0.09576224535703659,0.9914529919624329,0.9361823201179504
YGR158C,YGR024C,0,-6.1881294,0.09573590010404587,0.9914529919624329,0.9364672303199768
YNL009W,YOL127W,0,-6.1900725,0.09570956975221634,0.9914529919624329,0.9367521405220032
YOR002W,YGR211W,0,-6.1908684,0.095683254301548,0.9914529919624329,0.9370370507240295
YLR355C,YDL232W,0,-6.1920605,0.09565695375204086,0.9914529919624329,0.9373219609260559
YNL270C,YPL265W,0,-6.193513,0.09563066810369492,0.9914529919624329,0.9376068115234375
YOR260W,YPR002W,0,-6.195609,0.09560439735651016,0.9914529919624329,0.9378917217254639
YAL044C,YBL061C,0,-6.200753,0.0955781415104866,0.9914529919624329,0.9381766319274902
YFL011W,YGR192C,0,-6.203795,0.09555189311504364,0.9914529919624329,0.9384615421295166
YPL210C,YNL186W,0,-6.2059455,0.09552566707134247,0.9914529919624329,0.938746452331543
YDL181W,YFL008W,0,-6.2107973,0.0954994484782219,0.9914529919624329,0.9390313625335693
YOR260W,YPR154W,0,-6.217002,0.09547325223684311,0.9914529919624329,0.9393162131309509
YML113W,YIL123W,0,-6.2209177,0.09544706344604492,0.9914529919624329,0.9396011233329773
YNL068C,YKL029C,0,-6.2215176,0.09542089700698853,0.9914529919624329,0.9398860335350037
YNR054C,YBR218C,0,-6.2218714,0.09539473801851273,0.9914529919624329,0.94017094373703
YDR046C,YFL036W,0,-6.224843,0.09536859393119812,0.9914529919624329,0.9404558539390564
YEL027W,YIL008W,0,-6.228184,0.09534246474504471,0.9914529919624329,0.9407407641410828
YER142C,YER117W,0,-6.2283196,0.09531635046005249,0.9914529919624329,0.9410256147384644
YKL029C,YMR203W,0,-6.2292547,0.09529025107622147,0.9914529919624329,0.9413105249404907
YAL054C,YFR028C,0,-6.229584,0.09526416659355164,0.9914529919624329,0.9415954351425171
YBR002C,YPL163C,0,-6.2328362,0.095238097012043,0.9914529919624329,0.9418803453445435
YHR175W,YPR032W,0,-6.235403,0.09521203488111496,0.9914529919624329,0.9421652555465698
YPL146C,YDR363W-A,0,-6.2376633,0.09518599510192871,0.9914529919624329,0.9424501657485962
YDR276C,YJL025W,0,-6.2383757,0.09515997022390366,0.9914529919624329,0.9427350163459778
YKL195W,YMR142C,0,-6.242449,0.0951339527964592,0.9914529919624329,0.9430199265480042
YLR259C,YGR010W,0,-6.2424707,0.09510795027017593,0.9914529919624329,0.9433048367500305
YJL006C,YLR048W,0,-6.243154,0.09508197009563446,0.9914529919624329,0.9435897469520569
YDR040C,YIL155C,0,-6.2437873,0.09505599737167358,0.9914529919624329,0.9438746571540833
YLR335W,YNL282W,0,-6.2475085,0.0950300395488739,0.9914529919624329,0.9441595673561096
YGR229C,YGR186W,0,-6.2510176,0.09500409662723541,0.9914529919624329,0.9444444179534912
YLR008C,YGR180C,0,-6.251092,0.09497816860675812,0.9914529919624329,0.9447293281555176
YMR201C,YKL212W,0,-6.256771,0.09495224803686142,0.9914529919624329,0.945014238357544
YFL008W,YMR203W,0,-6.2601595,0.09492634981870651,0.9914529919624329,0.9452991485595703
YOL002C,YBR267W,0,-6.2628164,0.0949004665017128,0.9914529919624329,0.9455840587615967
YDR276C,YML073C,0,-6.263742,0.09487459063529968,0.9914529919624329,0.945868968963623
YER114C,YCR072C,0,-6.2674875,0.09484872967004776,0.9914529919624329,0.9461538195610046
YDL142C,YOL126C,0,-6.2694807,0.09482289105653763,0.9914529919624329,0.946438729763031
YNR002C,YLR008C,0,-6.269577,0.0947970598936081,0.9914529919624329,0.9467236399650574
YOR239W,YDR165W,0,-6.2731,0.09477124363183975,0.9914529919624329,0.9470085501670837
YGL247W,YNL061W,0,-6.274566,0.0947454422712326,0.9914529919624329,0.9472934603691101
YLR008C,YJL129C,0,-6.2781696,0.09471964836120605,0.9914529919624329,0.9475783705711365
YML062C,YJL208C,1,-6.2783737,0.09496598690748215,0.994301974773407,0.9475783705711365
YDR163W,YOR209C,0,-6.2796154,0.09494015574455261,0.994301974773407,0.9478632211685181
YFL057C,YKR066C,0,-6.281739,0.09491433203220367,0.994301974773407,0.9481481313705444
YDR298C,YOR340C,0,-6.2828217,0.09488852322101593,0.994301974773407,0.9484330415725708
YPL106C,YDR460W,0,-6.2832775,0.09486273676156998,0.994301974773407,0.9487179517745972
YDR046C,YMR201C,0,-6.285639,0.09483695775270462,0.994301974773407,0.9490028619766235
YLR160C,YJR145C,0,-6.2909265,0.09481119364500046,0.994301974773407,0.9492877721786499
YPL091W,YPL059W,0,-6.2944355,0.09478544443845749,0.994301974773407,0.9495726227760315
YJL183W,YDR397C,0,-6.296192,0.09475971013307571,0.994301974773407,0.9498575329780579
YHR019C,YFR034C,0,-6.297261,0.09473398327827454,0.994301974773407,0.9501424431800842
YBR083W,YBR162C,0,-6.2975907,0.09470827877521515,0.994301974773407,0.9504273533821106
YJL034W,YEL060C,0,-6.300455,0.09468258172273636,0.994301974773407,0.950712263584137
YHR034C,YOR230W,0,-6.301644,0.09465689957141876,0.994301974773407,0.9509971737861633
YLR335W,YER070W,0,-6.3023443,0.09463123977184296,0.994301974773407,0.9512820243835449
YNR054C,YDR202C,0,-6.304003,0.09460558742284775,0.994301974773407,0.9515669345855713
YLR332W,YML093W,0,-6.3057313,0.09457994252443314,0.994301974773407,0.9518518447875977
YGR155W,YKL056C,0,-6.3068438,0.09455431997776031,0.994301974773407,0.952136754989624
YNR054C,YGR014W,0,-6.3108406,0.09452871233224869,0.994301974773407,0.9524216651916504
YGR262C,YGL037C,0,-6.3149405,0.09450311213731766,0.994301974773407,0.9527065753936768
YPL269W,YGR211W,0,-6.315222,0.09447753429412842,0.994301974773407,0.9529914259910583
YGR229C,YBR162C,0,-6.3163624,0.09445196390151978,0.994301974773407,0.9532763361930847
YBR066C,YEL051W,0,-6.3172507,0.09442640841007233,0.994301974773407,0.9535612463951111
YKL191W,YGL195W,0,-6.3177834,0.09440086781978607,0.994301974773407,0.9538461565971375
YPR134W,YDR165W,0,-6.3178654,0.09437533468008041,0.994301974773407,0.9541310667991638
YGL062W,YGR285C,0,-6.327566,0.09434982389211655,0.994301974773407,0.9544159770011902
YLR192C,YIL123W,0,-6.3278556,0.09432432800531387,0.994301974773407,0.9547008275985718
YLL019C,YDR142C,0,-6.3281546,0.0942988395690918,0.994301974773407,0.9549857378005981
YCL054W,YER031C,0,-6.3291917,0.09427336603403091,0.994301974773407,0.9552706480026245
YGL105W,YOL117W,0,-6.3292437,0.09424790740013123,0.994301974773407,0.9555555582046509
YKL021C,YER031C,0,-6.3293552,0.09422246366739273,0.994301974773407,0.9558404684066772
YPL211W,YML023C,0,-6.3302,0.09419702738523483,0.994301974773407,0.9561253786087036
YJR045C,YDL170W,0,-6.3308992,0.09417161345481873,0.994301974773407,0.9564102292060852
YER179W,YHR039C,1,-6.3311224,0.09441597014665604,0.9971510171890259,0.9564102292060852
YMR184W,YFR053C,0,-6.3328414,0.09439050406217575,0.9971510171890259,0.9566951394081116
YNL327W,YDR083W,0,-6.3334556,0.09436506032943726,0.9971510171890259,0.9569800496101379
YDL126C,YDR165W,0,-6.339135,0.09433962404727936,0.9971510171890259,0.9572649598121643
YFR030W,YNL110C,0,-6.3459687,0.09431420266628265,0.9971510171890259,0.9575498700141907
YGR088W,YKL034W,0,-6.3463764,0.09428879618644714,0.9971510171890259,0.957834780216217
YFR030W,YGR229C,0,-6.3472424,0.09426339715719223,0.9971510171890259,0.9581196308135986
YMR091C,YNL302C,0,-6.349126,0.09423802047967911,0.9971510171890259,0.958404541015625
YNR054C,YBR002C,0,-6.351409,0.09421265125274658,0.9971510171890259,0.9586894512176514
YHR019C,YDR195W,0,-6.3519306,0.09418729692697525,0.9971510171890259,0.9589743614196777
YGL105W,YCR072C,0,-6.353775,0.09416195750236511,0.9971510171890259,0.9592592716217041
YFL021W,YLR008C,0,-6.358629,0.09413663297891617,0.9971510171890259,0.9595441818237305
YBR002C,YIL123W,0,-6.3602276,0.09411132335662842,0.9971510171890259,0.9598290324211121
YLR384C,YOR098C,0,-6.366792,0.09408602118492126,0.9971510171890259,0.9601139426231384
YCR053W,YDR059C,0,-6.3677244,0.0940607339143753,0.9971510171890259,0.9603988528251648
YER169W,YCR083W,0,-6.368019,0.09403546154499054,0.9971510171890259,0.9606837630271912
YOL126C,YDR087C,0,-6.380103,0.09401020407676697,0.9971510171890259,0.9609686732292175
YOR031W,YDR515W,0,-6.380666,0.09398496150970459,0.9971510171890259,0.9612535834312439
YDR189W,YCR060W,0,-6.381207,0.0939597338438034,0.9971510171890259,0.9615384340286255
YLL015W,YML093W,0,-6.3846107,0.09393451362848282,0.9971510171890259,0.9618233442306519
YML014W,YNL241C,0,-6.3858385,0.09390930831432343,0.9971510171890259,0.9621082544326782
YBR066C,YJR045C,0,-6.3876715,0.09388411790132523,0.9971510171890259,0.9623931646347046
YML073C,YOR344C,0,-6.388841,0.09385894238948822,0.9971510171890259,0.962678074836731
YFL021W,YBL026W,0,-6.398628,0.09383378177881241,0.9971510171890259,0.9629629850387573
YLR192C,YDR122W,0,-6.400728,0.0938086286187172,0.9971510171890259,0.9632478356361389
YCL026C-A,YER165W,0,-6.4014645,0.09378349781036377,0.9971510171890259,0.9635327458381653
YHR019C,YHR006W,0,-6.4034386,0.09375837445259094,0.9971510171890259,0.9638176560401917
YFL016C,YMR079W,0,-6.4102545,0.09373325854539871,0.9971510171890259,0.964102566242218
YOR377W,YDR087C,0,-6.41031,0.09370816498994827,0.9971510171890259,0.9643874764442444
YDR083W,YPL235W,0,-6.410452,0.09368308633565903,0.9971510171890259,0.9646723866462708
YMR012W,YKL056C,0,-6.413028,0.09365801513195038,0.9971510171890259,0.9649572372436523
YOR031W,YNL153C,0,-6.416069,0.09363295882940292,0.9971510171890259,0.9652421474456787
YPR072W,YBR183W,0,-6.4233503,0.09360791742801666,0.9971510171890259,0.9655270576477051
YHR193C,YGL053W,0,-6.4246674,0.0935828909277916,0.9971510171890259,0.9658119678497314
YJL102W,YGR158C,0,-6.425922,0.09355787187814713,0.9971510171890259,0.9660968780517578
YLR068W,YJL025W,0,-6.4263387,0.09353286772966385,0.9971510171890259,0.9663817882537842
YDR273W,YHR163W,0,-6.4263673,0.09350787848234177,0.9971510171890259,0.9666666388511658
YPL110C,YNL061W,0,-6.4293985,0.09348290413618088,0.9971510171890259,0.9669515490531921
YJL183W,YBR283C,0,-6.435592,0.09345794469118118,0.9971510171890259,0.9672364592552185
YOL001W,YDR087C,0,-6.44175,0.09343299269676208,0.9971510171890259,0.9675213694572449
YDR231C,YJR070C,0,-6.44934,0.09340806305408478,0.9971510171890259,0.9678062796592712
YFL018C,YIL008W,0,-6.4506917,0.09338314086198807,0.9971510171890259,0.9680911898612976
YMR175W,YKR059W,0,-6.4509873,0.09335822612047195,0.9971510171890259,0.9683760404586792
YBL033C,YOL127W,0,-6.45153,0.09333333373069763,0.9971510171890259,0.9686609506607056
YLR332W,YJL148W,0,-6.452498,0.0933084487915039,0.9971510171890259,0.9689458608627319
YOL038W,YJL148W,0,-6.4542046,0.09328357875347137,0.9971510171890259,0.9692307710647583
YDR432W,YCR083W,0,-6.458069,0.09325872361660004,0.9971510171890259,0.9695156812667847
YLR304C,YGL006W,0,-6.4618506,0.09323388338088989,0.9971510171890259,0.969800591468811
YGR158C,YCR061W,0,-6.463423,0.09320905804634094,0.9971510171890259,0.9700854420661926
YGL030W,YNL302C,0,-6.4674363,0.09318424016237259,0.9971510171890259,0.970370352268219
YKL034W,YBR183W,0,-6.4677896,0.09315943717956543,0.9971510171890259,0.9706552624702454
YNL220W,YGR284C,0,-6.4683585,0.09313464909791946,0.9971510171890259,0.9709401726722717
YNL110C,YOR346W,0,-6.47313,0.0931098684668541,0.9971510171890259,0.9712250828742981
YGL037C,YBR192W,0,-6.481089,0.09308510273694992,0.9971510171890259,0.9715099930763245
YKL205W,YFL016C,0,-6.4825644,0.09306035935878754,0.9971510171890259,0.971794843673706
YDR345C,YNL110C,0,-6.4900036,0.09303561598062515,0.9971510171890259,0.9720797538757324
YOR210W,YDL150W,0,-6.4917145,0.09301089495420456,0.9971510171890259,0.9723646640777588
YIL002C,YOR206W,0,-6.4958296,0.09298618137836456,0.9971510171890259,0.9726495742797852
YHR171W,YDL150W,0,-6.5096855,0.09296149015426636,0.9971510171890259,0.9729344844818115
YPR018W,YDR087C,0,-6.5174017,0.09293680638074875,0.9971510171890259,0.9732193946838379
YBR172C,YBR183W,0,-6.521921,0.09291213005781174,0.9971510171890259,0.9735042452812195
YFR052W,YLR048W,0,-6.531006,0.09288747608661652,0.9971510171890259,0.9737891554832458
YHR160C,YOR340C,0,-6.5417757,0.09286282956600189,0.9971510171890259,0.9740740656852722
YKL195W,YCL054W,0,-6.5423717,0.09283819794654846,0.9971510171890259,0.9743589758872986
YNL008C,YML120C,0,-6.543287,0.09281357377767563,0.9971510171890259,0.974643886089325
YHR169W,YDR425W,0,-6.543762,0.09278897196054459,0.9971510171890259,0.9749287962913513
YPL265W,YBR050C,0,-6.5447845,0.09276437759399414,0.9971510171890259,0.9752136468887329
YHR005C,YNL110C,0,-6.5630207,0.09273979812860489,0.9971510171890259,0.9754985570907593
YDR481C,YIL008W,0,-6.5635586,0.09271523356437683,0.9971510171890259,0.9757834672927856
YDR075W,YFR003C,0,-6.566148,0.09269067645072937,0.9971510171890259,0.976068377494812
YHR019C,YLR384C,0,-6.567465,0.0926661342382431,0.9971510171890259,0.9763532876968384
YDR174W,YJL052W,0,-6.567827,0.09264160692691803,0.9971510171890259,0.9766381978988647
YOR386W,YBR183W,0,-6.568032,0.09261709451675415,0.9971510171890259,0.9769230484962463
YOL002C,YDL003W,0,-6.5909195,0.09259258955717087,0.9971510171890259,0.9772079586982727
YMR250W,YKL195W,0,-6.5944376,0.09256810694932938,0.9971510171890259,0.9774928689002991
YOL002C,YGL030W,0,-6.5961475,0.09254362434148788,0.9971510171890259,0.9777777791023254
YBL098W,YLR195C,0,-6.600725,0.09251916408538818,0.9971510171890259,0.9780626893043518
YHL040C,YPR165W,0,-6.600752,0.09249471127986908,0.9971510171890259,0.9783475995063782
YBR145W,YMR175W,0,-6.604735,0.09247028082609177,0.9971510171890259,0.9786324501037598
YDR202C,YMR104C,0,-6.6086683,0.09244585037231445,0.9971510171890259,0.9789173603057861
YJL102W,YGL037C,0,-6.6218395,0.09242144227027893,0.9971510171890259,0.9792022705078125
YGL053W,YGR248W,0,-6.623213,0.092397041618824,0.9971510171890259,0.9794871807098389
YGL006W,YDR059C,0,-6.623885,0.09237265586853027,0.9971510171890259,0.9797720909118652
YDR273W,YPL211W,0,-6.626588,0.09234828501939774,0.9971510171890259,0.9800570011138916
YML113W,YKL150W,0,-6.6321554,0.0923239216208458,0.9971510171890259,0.9803418517112732
YDR481C,YJR145C,0,-6.6396527,0.09229958057403564,0.9971510171890259,0.9806267619132996
YDR075W,YML073C,0,-6.639889,0.09227524697780609,0.9971510171890259,0.9809116721153259
YLL026W,YLL061W,0,-6.6428146,0.09225092083215714,0.9971510171890259,0.9811965823173523
YER070W,YCR072C,0,-6.6489525,0.09222661703824997,0.9971510171890259,0.9814814925193787
YMR041C,YDR202C,0,-6.668268,0.0922023206949234,0.9971510171890259,0.981766402721405
YFL057C,YJL148W,0,-6.668964,0.09217803180217743,0.9971510171890259,0.9820512533187866
YDR058C,YGR211W,0,-6.6744947,0.09215376526117325,0.9971510171890259,0.982336163520813
YCL054W,YCR083W,0,-6.6772213,0.09212950617074966,0.9971510171890259,0.9826210737228394
YML120C,YMR183C,0,-6.68914,0.09210526198148727,0.9971510171890259,0.9829059839248657
YDR273W,YDL014W,0,-6.6991014,0.09208103269338608,0.9971510171890259,0.9831908941268921
YJR091C,YLL011W,0,-6.7129993,0.09205681085586548,0.9971510171890259,0.9834758043289185
YBR132C,YIL159W,0,-6.7153654,0.09203260391950607,0.9971510171890259,0.9837606549263
YHR194W,YOR272W,0,-6.7163157,0.09200841188430786,0.9971510171890259,0.9840455651283264
YGL078C,YML092C,0,-6.7166786,0.09198423475027084,0.9971510171890259,0.9843304753303528
YBR066C,YOL039W,0,-6.717071,0.09196006506681442,0.9971510171890259,0.9846153855323792
YGR268C,YGL053W,0,-6.717639,0.0919359102845192,0.9971510171890259,0.9849002957344055
YPL146C,YMR005W,0,-6.717985,0.09191176295280457,0.9971510171890259,0.9851852059364319
YKL093W,YOR340C,0,-6.7229786,0.09188763797283173,0.9971510171890259,0.9854700565338135
YJL203W,YJL048C,0,-6.7290297,0.09186352044343948,0.9971510171890259,0.9857549667358398
YOR036W,YLL011W,0,-6.737303,0.09183941036462784,0.9971510171890259,0.9860398769378662
YJL183W,YDR083W,0,-6.7393003,0.09181532263755798,0.9971510171890259,0.9863247871398926
YOL013C,YML073C,0,-6.7473907,0.09179124236106873,0.9971510171890259,0.986609697341919
YGR132C,YBR024W,0,-6.749462,0.09176717698574066,0.9971510171890259,0.9868946075439453
YOR386W,YDL150W,0,-6.7516866,0.0917431190609932,0.9971510171890259,0.9871794581413269
YMR092C,YEL060C,0,-6.762226,0.09171907603740692,0.9971510171890259,0.9874643683433533
YKR076W,YJL076W,0,-6.790251,0.09169504791498184,0.9971510171890259,0.9877492785453796
YBR155W,YPL091W,0,-6.7914596,0.09167103469371796,0.9971510171890259,0.988034188747406
YOR031W,YKL191W,0,-6.794149,0.09164702892303467,0.9971510171890259,0.9883190989494324
YOL130W,YGR248W,0,-6.794405,0.09162303805351257,0.9971510171890259,0.9886040091514587
YFR028C,YEL060C,0,-6.8098106,0.09159905463457108,0.9971510171890259,0.9888888597488403
YDL014W,YPR018W,0,-6.8257456,0.09157509356737137,0.9971510171890259,0.9891737699508667
YLR304C,YLR248W,0,-6.841859,0.09155113995075226,0.9971510171890259,0.9894586801528931
YOR260W,YBR183W,0,-6.8613114,0.09152719378471375,0.9971510171890259,0.9897435903549194
YJL034W,YJR045C,0,-6.884159,0.09150326997041702,0.9971510171890259,0.9900285005569458
YDL014W,YCL054W,0,-6.8962593,0.0914793536067009,0.9971510171890259,0.9903134107589722
YIL119C,YJR145C,0,-6.902052,0.09145544469356537,0.9971510171890259,0.9905982613563538
YDR214W,YOL039W,0,-6.931616,0.09143155813217163,0.9971510171890259,0.9908831715583801
YML073C,YDR453C,0,-6.9360056,0.09140767902135849,0.9971510171890259,0.9911680817604065
YLR304C,YOR340C,0,-6.939115,0.09138381481170654,0.9971510171890259,0.9914529919624329
YGR158C,YOL129W,0,-6.945291,0.09135995805263519,0.9971510171890259,0.9917379021644592
YPL211W,YBR273C,0,-6.9746933,0.09133611619472504,0.9971510171890259,0.9920228123664856
YML120C,YPL239W,0,-7.0202894,0.09131228923797607,0.9971510171890259,0.9923076629638672
YGL078C,YBR162C,0,-7.034344,0.09128846973180771,0.9971510171890259,0.9925925731658936
YJR070C,YGR211W,0,-7.0383573,0.09126466512680054,0.9971510171890259,0.9928774833679199
YML014W,YBR183W,0,-7.0433483,0.09124087542295456,0.9971510171890259,0.9931623935699463
YJL183W,YML073C,0,-7.045562,0.09121709316968918,0.9971510171890259,0.9934473037719727
YPL101W,YML093W,0,-7.0514627,0.09119333326816559,0.9971510171890259,0.993732213973999
YJR070C,YIL118W,0,-7.0963287,0.091169573366642,0.9971510171890259,0.9940170645713806
YDL181W,YDR398W,0,-7.104971,0.0911458358168602,0.9971510171890259,0.994301974773407
YLR219W,YJL208C,1,-7.11637,0.0913824513554573,1.0,0.994301974773407
YJL148W,YOR210W,0,-7.1797576,0.09135866910219193,1.0,0.9945868849754333
YJL148W,YMR142C,0,-7.180478,0.09133489429950714,1.0,0.9948717951774597
YOR031W,YGR158C,0,-7.189789,0.09131113439798355,1.0,0.9951567053794861
YPL211W,YDR059C,0,-7.240534,0.09128738939762115,1.0,0.9954416155815125
YJR045C,YOR272W,0,-7.2595983,0.09126365184783936,1.0,0.995726466178894
YCR072C,YMR104C,0,-7.288845,0.09123992919921875,1.0,0.9960113763809204
YKL150W,YJL048C,0,-7.293715,0.09121621400117874,1.0,0.9962962865829468
YGR088W,YGL078C,0,-7.405324,0.09119252115488052,1.0,0.9965811967849731
YMR119W,YBR155W,0,-7.455129,0.0911688283085823,1.0,0.9968661069869995
YBR132C,YDR083W,0,-7.4835663,0.09114515781402588,1.0,0.9971510171890259
YDL014W,YER070W,0,-7.5161166,0.09112149477005005,1.0,0.9974358677864075
YBR155W,YOR230W,0,-7.54379,0.09109784662723541,1.0,0.9977207779884338
YMR041C,YOR210W,0,-7.6209607,0.09107420593500137,1.0,0.9980056881904602
YMR142C,YOL127W,0,-7.720501,0.09105058014392853,1.0,0.9982905983924866
YGL037C,YLL011W,0,-7.793024,0.09102696925401688,1.0,0.9985755085945129
YHR193C,YJL048C,0,-7.8796744,0.09100337326526642,1.0,0.9988604187965393
YKL191W,YOR340C,0,-8.124064,0.09097978472709656,1.0,0.9991452693939209
YMR250W,YNL274C,0,-8.266344,0.0909562036395073,1.0,0.9994301795959473
YKL021C,YPL043W,0,-8.940232,0.09093264490365982,1.0,0.9997150897979736
YOR206W,YOR272W,0,-9.8447485,0.09090909361839294,1.0,1.0
