Gene A,Gene B,Label,Score,Precision,Recall,False Positive Rate
YLR129W,YHR165C,0,-2.6578112,0.0,0.0,9.999999747378752e-05
YCR021C,YGL080W,0,-2.880955,0.0,0.0,0.00019999999494757503
YHL048W,YKR096W,0,-2.893292,0.0,0.0,0.0003000000142492354
YGR236C,YLR348C,0,-2.9219277,0.0,0.0,0.00039999998989515007
YMR015C,YPL134C,0,-2.9224868,0.0,0.0,0.0005000000237487257
YGR236C,YLL054C,0,-2.9251204,0.0,0.0,0.0006000000284984708
YGR089W,YJR132W,0,-2.9296467,0.0,0.0,0.000699999975040555
YGR126W,YOR384W,0,-2.929994,0.0,0.0,0.0007999999797903001
YDR402C,YHR115C,0,-2.9647505,0.0,0.0,0.0008999999845400453
YOL042W,YIL119C,0,-2.9708507,0.0,0.0,0.0010000000474974513
YBR072W,YNL213C,0,-2.9818923,0.0,0.0,0.0010999999940395355
YDR134C,YNR051C,0,-2.9934773,0.0,0.0,0.0012000000569969416
YNL305C,YOR388C,0,-2.9954474,0.0,0.0,0.0013000000035390258
YGL010W,YGR184C,0,-3.0343478,0.0,0.0,0.00139999995008111
YDR531W,YOR337W,0,-3.0511897,0.0,0.0,0.001500000013038516
YMR182C,YOR338W,1,-3.080922,0.0625,0.0010000000474974513,0.001500000013038516
YOL017W,YIL003W,0,-3.0858867,0.05882352963089943,0.0010000000474974513,0.0015999999595806003
YCL045C,YIR008C,0,-3.0876868,0.0555555559694767,0.0010000000474974513,0.0017000000225380063
YMR114C,YOL095C,0,-3.0885508,0.05263157933950424,0.0010000000474974513,0.0017999999690800905
YHR055C,YLR308W,0,-3.088795,0.05000000074505806,0.0010000000474974513,0.0019000000320374966
YIL092W,YGR236C,0,-3.0970857,0.0476190485060215,0.0010000000474974513,0.0020000000949949026
YKL198C,YFR017C,0,-3.1034102,0.04545454680919647,0.0010000000474974513,0.002099999925121665
YDL030W,YBL042C,0,-3.123389,0.043478261679410934,0.0010000000474974513,0.002199999988079071
YDL088C,YNR074C,0,-3.132497,0.0416666679084301,0.0010000000474974513,0.002300000051036477
YNL242W,YCR086W,0,-3.1378791,0.03999999910593033,0.0010000000474974513,0.002400000113993883
YPL249C,YPR135W,0,-3.1380155,0.03846153989434242,0.0010000000474974513,0.0024999999441206455
YLR385C,YBR017C,0,-3.1605053,0.03703703731298447,0.0010000000474974513,0.0026000000070780516
YIL009W,YJL025W,0,-3.1757152,0.0357142873108387,0.0010000000474974513,0.0027000000700354576
YOR049C,YNL339C,0,-3.189886,0.03448275849223137,0.0010000000474974513,0.00279999990016222
YHR094C,YKR023W,0,-3.194915,0.03333333507180214,0.0010000000474974513,0.002899999963119626
YDR545W,YDR492W,0,-3.1972196,0.032258063554763794,0.0010000000474974513,0.003000000026077032
YLL001W,YOR250C,0,-3.2016537,0.03125,0.0010000000474974513,0.003100000089034438
YPL017C,YDL039C,0,-3.203873,0.03030303120613098,0.0010000000474974513,0.0031999999191612005
YJL171C,YGR020C,0,-3.2056296,0.029411764815449715,0.0010000000474974513,0.0032999999821186066
YLR245C,YHR169W,0,-3.205839,0.02857142873108387,0.0010000000474974513,0.0034000000450760126
YGR089W,YER082C,0,-3.2078872,0.02777777798473835,0.0010000000474974513,0.0035000001080334187
YIL117C,YBR012W-B,0,-3.2097757,0.027027027681469917,0.0010000000474974513,0.003599999938160181
YGL013C,YJR140C,1,-3.2183423,0.05263157933950424,0.0020000000949949026,0.003599999938160181
YAL058W,YPL249C,0,-3.2200775,0.05128205195069313,0.0020000000949949026,0.003700000001117587
YJL034W,YDL119C,0,-3.2400782,0.05000000074505806,0.0020000000949949026,0.003800000064074993
YDR470C,YIL009W,0,-3.241237,0.04878048598766327,0.0020000000949949026,0.0038999998942017555
YIL064W,YDR345C,0,-3.2418373,0.0476190485060215,0.0020000000949949026,0.004000000189989805
YNL128W,YIL172C,0,-3.258951,0.04651162773370743,0.0020000000949949026,0.004100000020116568
YOR391C,YMR069W,0,-3.2632108,0.04545454680919647,0.0020000000949949026,0.00419999985024333
YDR348C,YMR047C,0,-3.2695405,0.04444444552063942,0.0020000000949949026,0.00430000014603138
YNL305C,YCR082W,0,-3.2869675,0.043478261679410934,0.0020000000949949026,0.004399999976158142
YAR044W,YPL181W,0,-3.2879322,0.042553190141916275,0.0020000000949949026,0.0044999998062849045
YDR348C,YGR234W,0,-3.2895713,0.0416666679084301,0.0020000000949949026,0.004600000102072954
YDR063W,YGR236C,0,-3.300502,0.040816325694322586,0.0020000000949949026,0.004699999932199717
YDR222W,YMR041C,0,-3.3056056,0.03999999910593033,0.0020000000949949026,0.004800000227987766
YHL025W,YGR049W,0,-3.3130367,0.03921568766236305,0.0020000000949949026,0.004900000058114529
YDR540C,YDR479C,0,-3.3142624,0.03846153989434242,0.0020000000949949026,0.004999999888241291
YLL057C,YNL305C,0,-3.315418,0.03773584961891174,0.0020000000949949026,0.005100000184029341
YPR030W,YAL032C,1,-3.3162925,0.0555555559694767,0.003000000026077032,0.005100000184029341
YNL113W,YML058W-A,0,-3.3175664,0.05454545468091965,0.003000000026077032,0.005200000014156103
YIR013C,YIL019W,0,-3.3196743,0.0535714291036129,0.003000000026077032,0.0052999998442828655
YKL199C,YLR270W,0,-3.3225348,0.05263157933950424,0.003000000026077032,0.005400000140070915
YGL146C,YGL003C,0,-3.3229377,0.0517241396009922,0.003000000026077032,0.005499999970197678
YCL003W,YLR396C,0,-3.3337424,0.050847455859184265,0.003000000026077032,0.00559999980032444
YNL299W,YMR019W,0,-3.3444614,0.05000000074505806,0.003000000026077032,0.00570000009611249
YJR029W,YJR066W,0,-3.34607,0.04918032884597778,0.003000000026077032,0.005799999926239252
YDL116W,YLL054C,0,-3.349514,0.04838709533214569,0.003000000026077032,0.005900000222027302
YPL174C,YIL045W,0,-3.3535664,0.0476190485060215,0.003000000026077032,0.006000000052154064
YBR012W-B,YJL026W,0,-3.358401,0.046875,0.003000000026077032,0.006099999882280827
YPL229W,YBR153W,0,-3.3600645,0.04615384712815285,0.003000000026077032,0.006200000178068876
YKR079C,YKL158W,0,-3.3651252,0.04545454680919647,0.003000000026077032,0.006300000008195639
YLR239C,YIL057C,0,-3.3684776,0.04477611929178238,0.003000000026077032,0.006399999838322401
YDR222W,YPL133C,0,-3.370468,0.04411764815449715,0.003000000026077032,0.006500000134110451
YDR490C,YPR078C,0,-3.3714442,0.043478261679410934,0.003000000026077032,0.006599999964237213
YLR298C,YMR010W,0,-3.3759084,0.04285714402794838,0.003000000026077032,0.0066999997943639755
YBR159W,YDR416W,0,-3.3768866,0.0422535203397274,0.003000000026077032,0.006800000090152025
YKR096W,YDR376W,0,-3.3794796,0.0416666679084301,0.003000000026077032,0.006899999920278788
YLL061W,YGR272C,0,-3.3835256,0.04109589010477066,0.003000000026077032,0.007000000216066837
YNL042W,YBR141C,0,-3.3852222,0.04054053872823715,0.003000000026077032,0.0071000000461936
YBL003C,YLR419W,0,-3.3870819,0.03999999910593033,0.003000000026077032,0.007199999876320362
YJR111C,YDR293C,0,-3.390813,0.03947368264198303,0.003000000026077032,0.007300000172108412
YMR090W,YHL028W,0,-3.3939817,0.03896103799343109,0.003000000026077032,0.007400000002235174
YFL035C-B,YGL054C,0,-3.3941782,0.03846153989434242,0.003000000026077032,0.007499999832361937
YJR029W,YGL060W,0,-3.3963597,0.037974681705236435,0.003000000026077032,0.007600000128149986
YLR381W,YGL225W,0,-3.4020858,0.03750000149011612,0.003000000026077032,0.007699999958276749
YGL080W,YLR408C,0,-3.4021137,0.03703703731298447,0.003000000026077032,0.007799999788403511
YOR237W,YHL036W,0,-3.4028072,0.03658536449074745,0.003000000026077032,0.007899999618530273
YNL292W,YDR283C,0,-3.4033647,0.03614457696676254,0.003000000026077032,0.00800000037997961
YHR124W,YKR075C,0,-3.4048674,0.0357142873108387,0.003000000026077032,0.008100000210106373
YLR033W,YOR338W,1,-3.409891,0.0470588244497776,0.004000000189989805,0.008100000210106373
YNL230C,YCR080W,1,-3.410137,0.058139536529779434,0.004999999888241291,0.008100000210106373
YDR069C,YCL003W,0,-3.4122202,0.05747126415371895,0.004999999888241291,0.008200000040233135
YDR077W,YLR391W,0,-3.4125519,0.05681818351149559,0.004999999888241291,0.008299999870359898
YER056C-A,YMR122W-A,0,-3.4138267,0.056179776787757874,0.004999999888241291,0.00839999970048666
YKL070W,YHR155W,0,-3.4180229,0.0555555559694767,0.004999999888241291,0.008500000461935997
YBR147W,YBL013W,0,-3.4202359,0.05494505539536476,0.004999999888241291,0.00860000029206276
YFR024C,YIL159W,0,-3.4210277,0.054347824305295944,0.004999999888241291,0.008700000122189522
YBL013W,YCR073W-A,0,-3.421815,0.05376344174146652,0.004999999888241291,0.008799999952316284
YGR122W,YGL115W,1,-3.4222968,0.06382978707551956,0.006000000052154064,0.008799999952316284
YGR122W,YOR338W,1,-3.4269006,0.0736842080950737,0.007000000216066837,0.008799999952316284
YLR454W,YJL034W,0,-3.427892,0.0729166641831398,0.007000000216066837,0.008899999782443047
YHR099W,YGL246C,1,-3.428367,0.0824742242693901,0.00800000037997961,0.008899999782443047
YDR089W,YER054C,0,-3.4288857,0.08163265138864517,0.00800000037997961,0.008999999612569809
YCL027C-A,YKL210W,0,-3.4311402,0.08080808073282242,0.00800000037997961,0.009100000374019146
YAR029W,YHL015W,0,-3.4313085,0.07999999821186066,0.00800000037997961,0.009200000204145908
YOR327C,YPL052W-A,0,-3.4339173,0.07920791953802109,0.00800000037997961,0.00930000003427267
YBR050C,YBR083W,1,-3.4345284,0.0882352963089943,0.008999999612569809,0.00930000003427267
YBR160W,YMR218C,0,-3.435276,0.08737864345312119,0.008999999612569809,0.009399999864399433
YCR051W,YER104W,0,-3.4387777,0.08653846383094788,0.008999999612569809,0.009499999694526196
YGL010W,YLL066C,0,-3.440162,0.08571428805589676,0.008999999612569809,0.009600000455975533
YCR102C,YOL011W,0,-3.4408872,0.08490566164255142,0.008999999612569809,0.009700000286102295
YJL012C,YDR089W,0,-3.442317,0.08411215245723724,0.008999999612569809,0.009800000116229057
YDR089W,YIL031W,0,-3.4455545,0.0833333358168602,0.008999999612569809,0.00989999994635582
YDL038C,YLR305C,0,-3.4467866,0.08256880939006805,0.008999999612569809,0.009999999776482582
YCR070W,YDL085W,0,-3.4483898,0.08181817829608917,0.008999999612569809,0.010099999606609344
YFL052W,YPL276W,0,-3.4492376,0.0810810774564743,0.008999999612569809,0.010200000368058681
YDR244W,YIL057C,0,-3.4508374,0.0803571417927742,0.008999999612569809,0.010300000198185444
YCR029C-A,YDR347W,0,-3.452441,0.0796460211277008,0.008999999612569809,0.010400000028312206
YLR040C,YOR305W,0,-3.4565723,0.07894736528396606,0.008999999612569809,0.010499999858438969
YML033W,YMR054W,0,-3.4572098,0.0782608687877655,0.008999999612569809,0.010599999688565731
YOR352W,YNL052W,0,-3.4578798,0.07758620381355286,0.008999999612569809,0.010700000450015068
YNL208W,YML086C,0,-3.462807,0.07692307978868484,0.008999999612569809,0.01080000028014183
YJL151C,YJL113W,0,-3.4640567,0.0762711837887764,0.008999999612569809,0.010900000110268593
YDR184C,YER014C-A,0,-3.4641492,0.07563025504350662,0.008999999612569809,0.010999999940395355
YIL068C,YKL158W,0,-3.464266,0.07500000298023224,0.008999999612569809,0.011099999770522118
YHR061C,YBR155W,0,-3.465369,0.07438016682863235,0.008999999612569809,0.01119999960064888
YPL160W,YIL159W,0,-3.4664762,0.07377049326896667,0.008999999612569809,0.011300000362098217
YGR125W,YHR115C,0,-3.468587,0.0731707289814949,0.008999999612569809,0.01140000019222498
YOL006C,YOR338W,1,-3.4705245,0.08064515888690948,0.009999999776482582,0.01140000019222498
YIL119C,YPL258C,0,-3.4724905,0.07999999821186066,0.009999999776482582,0.011500000022351742
YJL055W,YIL159W,0,-3.4727056,0.0793650820851326,0.009999999776482582,0.011599999852478504
YFR006W,YGL053W,0,-3.474278,0.07874015718698502,0.009999999776482582,0.011699999682605267
YBR048W,YJL147C,0,-3.4780982,0.078125,0.009999999776482582,0.011800000444054604
YPL150W,YDL069C,0,-3.478741,0.07751937955617905,0.009999999776482582,0.011900000274181366
YDR514C,YOR196C,0,-3.4808238,0.07692307978868484,0.009999999776482582,0.012000000104308128
YNL138W,YFL035C,0,-3.4820755,0.07633587718009949,0.009999999776482582,0.01209999993443489
YDR514C,YOR128C,0,-3.482332,0.07575757801532745,0.009999999776482582,0.012199999764561653
YKL011C,YCL003W,0,-3.4827673,0.07518796622753143,0.009999999776482582,0.012299999594688416
YLR318W,YCR058C,0,-3.4830692,0.0746268630027771,0.009999999776482582,0.012400000356137753
YNL305C,YAR050W,0,-3.4841323,0.07407407462596893,0.009999999776482582,0.012500000186264515
YPL283C,YDR343C,0,-3.4857328,0.07352941483259201,0.009999999776482582,0.012600000016391277
YIL134W,YJL051W,0,-3.4884722,0.07299269735813141,0.009999999776482582,0.01269999984651804
YNL135C,YLR391W,0,-3.488886,0.07246376574039459,0.009999999776482582,0.012799999676644802
YHR164C,YFL035C,0,-3.4892728,0.07194244861602783,0.009999999776482582,0.012900000438094139
YCR058C,YJL201W,0,-3.4940548,0.0714285746216774,0.009999999776482582,0.013000000268220901
YNR018W,YPL258C,0,-3.4944859,0.07092198729515076,0.009999999776482582,0.013100000098347664
YLR206W,YNL234W,0,-3.4956765,0.07042253762483597,0.009999999776482582,0.013199999928474426
YBR085W,YDR540C,0,-3.49629,0.0699300691485405,0.009999999776482582,0.013299999758601189
YNL305C,YBR023C,0,-3.4981768,0.0694444477558136,0.009999999776482582,0.013399999588727951
YFR011C,YMR230W,0,-3.4985697,0.06896551698446274,0.009999999776482582,0.013500000350177288
YGR125W,YBR276C,0,-3.5004928,0.06849315017461777,0.009999999776482582,0.01360000018030405
YBR162C,YER014C-A,0,-3.5006423,0.06802721321582794,0.009999999776482582,0.013700000010430813
YEL022W,YDR323C,0,-3.504598,0.06756756454706192,0.009999999776482582,0.013799999840557575
YNL194C,YOR142W,0,-3.5054944,0.06711409240961075,0.009999999776482582,0.013899999670684338
YGR122W,YFR019W,1,-3.507852,0.07333333045244217,0.010999999940395355,0.013899999670684338
YER133W,YOR338W,1,-3.5081255,0.0794702023267746,0.012000000104308128,0.013899999670684338
YJR131W,YKL158W,0,-3.5094779,0.07894736528396606,0.012000000104308128,0.014000000432133675
YDL122W,YNL317W,0,-3.5107744,0.0784313753247261,0.012000000104308128,0.014100000262260437
YLR188W,YLR042C,0,-3.512069,0.07792207598686218,0.012000000104308128,0.0142000000923872
YBR088C,YFR024C,0,-3.5134418,0.07741935551166534,0.012000000104308128,0.014299999922513962
YGR020C,YLR391W,0,-3.5148218,0.07692307978868484,0.012000000104308128,0.014399999752640724
YKR096W,YOR084W,0,-3.5158527,0.07643312215805054,0.012000000104308128,0.014499999582767487
YOR088W,YPL064C,0,-3.516211,0.07594936341047287,0.012000000104308128,0.014600000344216824
YIL014W,YMR310C,0,-3.5168924,0.07547169923782349,0.012000000104308128,0.014700000174343586
YKL096W,YCR058C,0,-3.517306,0.07500000298023224,0.012000000104308128,0.014800000004470348
YJL127C,YOR338W,1,-3.518527,0.08074533939361572,0.013000000268220901,0.014800000004470348
YMR114C,YOR032C,0,-3.5188205,0.08024691045284271,0.013000000268220901,0.01489999983459711
YOL149W,YDR089W,0,-3.5205514,0.07975459843873978,0.013000000268220901,0.014999999664723873
YKL125W,YFL018W-A,0,-3.520951,0.07926829159259796,0.013000000268220901,0.01510000042617321
YNL227C,YMR244C-A,0,-3.5217226,0.07878787815570831,0.013000000268220901,0.015200000256299973
YOR216C,YIL071W,0,-3.5246403,0.07831325381994247,0.013000000268220901,0.015300000086426735
YFR019W,YBR198C,1,-3.5259602,0.08383233845233917,0.014000000432133675,0.015300000086426735
YJL097W,YOL069W,0,-3.526097,0.0833333358168602,0.014000000432133675,0.015399999916553497
YDR121W,YIL057C,0,-3.527314,0.08284023404121399,0.014000000432133675,0.01549999974668026
YGL210W-A,YER132C,0,-3.528176,0.08235294371843338,0.014000000432133675,0.015599999576807022
YBL100W-B,YER163C,0,-3.5284579,0.08187134563922882,0.014000000432133675,0.015699999406933784
YCR062W,YGR246C,0,-3.5284808,0.08139535039663315,0.014000000432133675,0.015799999237060547
YNL181W,YFR040W,0,-3.5294244,0.080924853682518,0.014000000432133675,0.01590000092983246
YER050C,YCL057C-A,0,-3.5306265,0.08045977354049683,0.014000000432133675,0.01600000075995922
YBR012W-B,YEL004W,0,-3.5315263,0.07999999821186066,0.014000000432133675,0.016100000590085983
YCR029C-A,YGR183C,0,-3.532482,0.07954545319080353,0.014000000432133675,0.016200000420212746
YMR233W,YJR141W,0,-3.5344763,0.07909604161977768,0.014000000432133675,0.016300000250339508
YDR363W,YLR312C-B,0,-3.534744,0.07865168899297714,0.014000000432133675,0.01640000008046627
YDR514C,YLR404W,0,-3.537004,0.07821229100227356,0.014000000432133675,0.016499999910593033
YLR035C-A,YLL061W,0,-3.5377216,0.07777778059244156,0.014000000432133675,0.016599999740719795
YDL133C-A,YBR244W,0,-3.5377705,0.07734806835651398,0.014000000432133675,0.016699999570846558
YGR277C,YML103C,0,-3.5416057,0.07692307978868484,0.014000000432133675,0.01679999940097332
YGL156W,YLR307W,0,-3.5422351,0.0765027329325676,0.014000000432133675,0.016899999231100082
YLR024C,YDR142C,0,-3.543265,0.07608695328235626,0.014000000432133675,0.017000000923871994
YDL130W-A,YMR086W,0,-3.5461366,0.07567567378282547,0.014000000432133675,0.017100000753998756
YPL082C,YHR099W,1,-3.546809,0.08064515888690948,0.014999999664723873,0.017100000753998756
YGR033C,YCL019W,0,-3.5475938,0.08021390438079834,0.014999999664723873,0.01720000058412552
YGR166W,YML005W,0,-3.5484931,0.0797872319817543,0.014999999664723873,0.01730000041425228
YIL119C,YER141W,0,-3.548967,0.0793650820851326,0.014999999664723873,0.017400000244379044
YLR433C,YNL046W,0,-3.555596,0.07894736528396606,0.014999999664723873,0.017500000074505806
YPR169W,YIL083C,0,-3.5563102,0.07853402942419052,0.014999999664723873,0.01759999990463257
YJR089W,YFR017C,0,-3.5563877,0.078125,0.014999999664723873,0.01769999973475933
YPR140W,YPL158C,0,-3.55659,0.07772020995616913,0.014999999664723873,0.017799999564886093
YMR111C,YBR098W,0,-3.5568419,0.07731958478689194,0.014999999664723873,0.017899999395012856
YDL101C,YPL147W,0,-3.5580547,0.07692307978868484,0.014999999664723873,0.017999999225139618
YGR195W,YER014C-A,0,-3.5587695,0.07653061300516129,0.014999999664723873,0.01810000091791153
YOR177C,YNL190W,0,-3.5594323,0.07614213228225708,0.014999999664723873,0.018200000748038292
YDL085C-A,YHR169W,0,-3.5601165,0.07575757801532745,0.014999999664723873,0.018300000578165054
YDL075W,YPL068C,0,-3.5604615,0.07537688314914703,0.014999999664723873,0.018400000408291817
YKL199C,YDR293C,0,-3.5617244,0.07500000298023224,0.014999999664723873,0.01850000023841858
YPL082C,YDR464W,1,-3.5649023,0.07960198819637299,0.01600000075995922,0.01850000023841858
YJR039W,YOR083W,0,-3.5650744,0.07920791953802109,0.01600000075995922,0.01860000006854534
YFL046W,YNL022C,0,-3.5667744,0.07881773263216019,0.01600000075995922,0.018699999898672104
YIR032C,YFL055W,0,-3.5669954,0.0784313753247261,0.01600000075995922,0.018799999728798866
YDR343C,YLR391W,0,-3.5676596,0.07804878056049347,0.01600000075995922,0.01889999955892563
YGR037C,YGL170C,0,-3.5682306,0.0776699036359787,0.01600000075995922,0.01899999938905239
YDR540C,YER163C,0,-3.5704937,0.07729468494653702,0.01600000075995922,0.019099999219179153
YBR072W,YLR245C,0,-3.5720768,0.07692307978868484,0.01600000075995922,0.019200000911951065
YDR343C,YLR307W,0,-3.5734818,0.07655502110719681,0.01600000075995922,0.019300000742077827
YDR145W,YMR172W,1,-3.5758665,0.08095238357782364,0.017000000923871994,0.019300000742077827
YLR045C,YLR337W,0,-3.578971,0.08056872338056564,0.017000000923871994,0.01940000057220459
YGL046W,YBL047C,0,-3.5791678,0.08018867671489716,0.017000000923871994,0.019500000402331352
YGR251W,YCR098C,0,-3.5791972,0.07981220632791519,0.017000000923871994,0.019600000232458115
YPL244C,YGR272C,0,-3.5795443,0.07943925261497498,0.017000000923871994,0.019700000062584877
YPL276W,YDR170W-A,0,-3.5807824,0.07906977087259293,0.017000000923871994,0.01979999989271164
YDR192C,YOR141C,0,-3.5808837,0.07870370149612427,0.017000000923871994,0.019899999722838402
YKL051W,YKR099C-A,0,-3.5813649,0.07834101468324661,0.017000000923871994,0.019999999552965164
YNL021W,YEL067C,0,-3.5819004,0.07798165082931519,0.017000000923871994,0.020099999383091927
YNL262W,YMR078C,0,-3.5822582,0.077625572681427,0.017000000923871994,0.02019999921321869
YNL079C,YBR090C,0,-3.5829802,0.07727272808551788,0.017000000923871994,0.0203000009059906
YLR195C,YLR045C,0,-3.5855505,0.07692307978868484,0.017000000923871994,0.020400000736117363
YPL194W,YGR210C,0,-3.5859113,0.07657657563686371,0.017000000923871994,0.020500000566244125
YGR272C,YDR295C,0,-3.586063,0.07623318582773209,0.017000000923871994,0.020600000396370888
YKL023W,YFL059W,0,-3.5862606,0.0758928582072258,0.017000000923871994,0.02070000022649765
YJL170C,YDR348C,0,-3.588403,0.07555555552244186,0.017000000923871994,0.020800000056624413
YCL027C-A,YPR100W,0,-3.5889885,0.0752212405204773,0.017000000923871994,0.020899999886751175
YOL135C,YIL017W,1,-3.5893362,0.07929515093564987,0.017999999225139618,0.020899999886751175
YPR034W,YER171W,1,-3.5895877,0.0833333358168602,0.01899999938905239,0.020899999886751175
YOL005C,YIL017W,1,-3.5906057,0.08733624219894409,0.019999999552965164,0.020899999886751175
YFL006W,YMR152W,0,-3.5911083,0.08695652335882187,0.019999999552965164,0.020999999716877937
YCR097WB,YJR058C,0,-3.593323,0.08658009022474289,0.019999999552965164,0.0210999995470047
YJR100C,YFR045W,0,-3.5940447,0.08620689809322357,0.019999999552965164,0.021199999377131462
YMR268W-A,YMR171C,0,-3.5944686,0.08583690971136093,0.019999999552965164,0.021299999207258224
YDR020C,YMR159C,0,-3.594951,0.08547008782625198,0.019999999552965164,0.021400000900030136
YCR073W-A,YDL210W,0,-3.5953574,0.08510638028383255,0.019999999552965164,0.0215000007301569
YML018C,YBL014C,0,-3.5953596,0.08474576473236084,0.019999999552965164,0.02160000056028366
YLR312C-B,YGL225W,0,-3.5963042,0.08438818901777267,0.019999999552965164,0.021700000390410423
YER096W,YJR027W,0,-3.5966341,0.08403361588716507,0.019999999552965164,0.021800000220537186
YBR197C,YPL162C,0,-3.5972416,0.08368200808763504,0.019999999552965164,0.021900000050663948
YIL079C,YER014C-A,0,-3.598131,0.0833333358168602,0.019999999552965164,0.02199999988079071
YLR180W,YER064C,0,-3.5986295,0.08298755437135696,0.019999999552965164,0.022099999710917473
YDR191W,YBR233W-A,0,-3.5987346,0.08264462649822235,0.019999999552965164,0.022199999541044235
YPL229W,YPL096W,0,-3.5991724,0.08230452984571457,0.019999999552965164,0.022299999371170998
YLR019W,YPL275W,0,-3.6002324,0.08196721225976944,0.019999999552965164,0.02239999920129776
YPL082C,YIL122W,1,-3.6018178,0.08571428805589676,0.020999999716877937,0.02239999920129776
YDL134C-A,YLR226W,0,-3.6036627,0.08536585420370102,0.020999999716877937,0.02250000089406967
YLR153C,YFR025C,0,-3.603836,0.08502024412155151,0.020999999716877937,0.022600000724196434
YBL113C,YGR100W,0,-3.6047122,0.08467742055654526,0.020999999716877937,0.022700000554323196
YCL069W,YAR050W,0,-3.605839,0.08433734625577927,0.020999999716877937,0.02280000038444996
YBR143C,YLR391W,0,-3.6063423,0.08399999886751175,0.020999999716877937,0.02290000021457672
YOL122C,YOR022C,0,-3.606885,0.08366534113883972,0.020999999716877937,0.023000000044703484
YDL070W,YMR252C,0,-3.6069944,0.0833333358168602,0.020999999716877937,0.023099999874830246
YGL231C,YOR233W,0,-3.607239,0.0830039530992508,0.020999999716877937,0.02319999970495701
YMR268W-A,YDL171C,0,-3.6079843,0.08267716318368912,0.020999999716877937,0.02329999953508377
YHR070W,YLR224W,0,-3.608025,0.08235294371843338,0.020999999716877937,0.023399999365210533
YOR159C,YIL071W,0,-3.611132,0.08203125,0.020999999716877937,0.023499999195337296
YML079W,YMR078C,0,-3.6116707,0.08171205967664719,0.020999999716877937,0.023600000888109207
YDR541C,YOL156W,0,-3.6120527,0.08139535039663315,0.020999999716877937,0.02370000071823597
YDL038C,YHR160C,0,-3.6122482,0.0810810774564743,0.020999999716877937,0.023800000548362732
YJL012C,YPL162C,0,-3.614669,0.08076923340559006,0.020999999716877937,0.023900000378489494
YFR032C-A,YCR090C,0,-3.6154585,0.08045977354049683,0.020999999716877937,0.024000000208616257
YPR071W,YOR052C,0,-3.6155438,0.08015266805887222,0.020999999716877937,0.02410000003874302
YFR017C,YDL045C,0,-3.6158895,0.07984790951013565,0.020999999716877937,0.02419999986886978
YLR381W,YBL103C-A,0,-3.6163452,0.07954545319080353,0.020999999716877937,0.024299999698996544
YER140W,YOL101C,0,-3.6175065,0.07924528419971466,0.020999999716877937,0.024399999529123306
YDR367W,YBR286W,0,-3.6183088,0.07894736528396606,0.020999999716877937,0.02449999935925007
YDR097C,YPL052W-A,0,-3.6193988,0.07865168899297714,0.020999999716877937,0.02459999918937683
YPL183W-A,YML025C,0,-3.6195343,0.07835821062326431,0.020999999716877937,0.024700000882148743
YIL135C,YMR122W-A,0,-3.619885,0.07806691527366638,0.020999999716877937,0.024800000712275505
YLR288C,YDL020C,0,-3.6203249,0.07777778059244156,0.020999999716877937,0.024900000542402267
YOR304C-A,YHR208W,0,-3.6204085,0.07749077677726746,0.020999999716877937,0.02500000037252903
YCR097WB,YAR003W,0,-3.6205952,0.07720588147640228,0.020999999716877937,0.025100000202655792
YCR016W,YLR262C-A,0,-3.6210022,0.07692307978868484,0.020999999716877937,0.025200000032782555
YDL085C-A,YBR092C,0,-3.6216197,0.07664233446121216,0.020999999716877937,0.025299999862909317
YPR148C,YGR017W,0,-3.621822,0.07636363804340363,0.020999999716877937,0.02539999969303608
YKL132C,YKR078W,0,-3.6225417,0.07608695328235626,0.020999999716877937,0.025499999523162842
YBL015W,YER071C,0,-3.6230361,0.07581227272748947,0.020999999716877937,0.025599999353289604
YOR348C,YHR214C-B,0,-3.6234257,0.07553956657648087,0.020999999716877937,0.025699999183416367
YBL014C,YOL077C,0,-3.624544,0.07526881992816925,0.020999999716877937,0.025800000876188278
YLR179C,YBR066C,0,-3.6261146,0.07500000298023224,0.020999999716877937,0.02590000070631504
YCR062W,YKR039W,0,-3.627471,0.07473309338092804,0.020999999716877937,0.026000000536441803
YNL172W,YOR396W,0,-3.6276782,0.07446808367967606,0.020999999716877937,0.026100000366568565
YDR489W,YBR038W,0,-3.6291258,0.0742049440741539,0.020999999716877937,0.026200000196695328
YNL305C,YJL106W,0,-3.6291773,0.07394365966320038,0.020999999716877937,0.02630000002682209
YDR026C,YMR078C,0,-3.6308653,0.0736842080950737,0.020999999716877937,0.026399999856948853
YJL170C,YBR151W,0,-3.6309378,0.07342657446861267,0.020999999716877937,0.026499999687075615
YGR251W,YBR072W,0,-3.6316223,0.0731707289814949,0.020999999716877937,0.026599999517202377
YCR021C,YDL046W,0,-3.6321046,0.0729166641831398,0.020999999716877937,0.02669999934732914
YDR322C-A,YCL073C,0,-3.6322415,0.07266435772180557,0.020999999716877937,0.026799999177455902
YEL067C,YIR036C,0,-3.6353083,0.07241379469633102,0.020999999716877937,0.026900000870227814
YFL025C,YML102W,0,-3.6359632,0.07216494530439377,0.020999999716877937,0.027000000700354576
YBR284W,YOR064C,0,-3.636392,0.0719178095459938,0.020999999716877937,0.02710000053048134
YKR062W,YAL032C,1,-3.6371517,0.07508532702922821,0.02199999988079071,0.02710000053048134
YCL057C-A,YFL034W,0,-3.6376965,0.07482992857694626,0.02199999988079071,0.0272000003606081
YIL160C,YBR105C,0,-3.6378255,0.07457627356052399,0.02199999988079071,0.027300000190734863
YGL016W,YLR320W,0,-3.6390183,0.07432432472705841,0.02199999988079071,0.027400000020861626
YMR122W-A,YDL212W,0,-3.6418645,0.07407407462596893,0.02199999988079071,0.027499999850988388
YIL166C,YDR099W,0,-3.643874,0.07382550090551376,0.02199999988079071,0.02759999968111515
YFR011C,YBL017C,0,-3.6449,0.0735785961151123,0.02199999988079071,0.027699999511241913
YNL163C,YML033W,0,-3.6466484,0.07333333045244217,0.02199999988079071,0.027799999341368675
YOR246C,YDL109C,0,-3.6490695,0.07308970391750336,0.02199999988079071,0.027899999171495438
YLR312C-B,YDR440W,0,-3.6502883,0.07284767925739288,0.02199999988079071,0.02800000086426735
YER150W,YKR021W,0,-3.65046,0.07260726392269135,0.02199999988079071,0.02810000069439411
YCR062W,YEL062W,0,-3.6508834,0.07236842066049576,0.02199999988079071,0.028200000524520874
YGR296W,YBL103C-A,0,-3.6519666,0.07213114947080612,0.02199999988079071,0.028300000354647636
YLR455W,YKL132C,0,-3.653297,0.07189542800188065,0.02199999988079071,0.0284000001847744
YML033W,YOL130W,0,-3.6535418,0.07166124135255814,0.02199999988079071,0.02850000001490116
YNL144C,YCL056C,0,-3.6542065,0.0714285746216774,0.02199999988079071,0.028599999845027924
YNL096C,YNL213C,0,-3.6549385,0.07119741290807724,0.02199999988079071,0.028699999675154686
YLR325C,YKL063C,0,-3.654948,0.07096774131059647,0.02199999988079071,0.02879999950528145
YMR268W-A,YML132W,0,-3.6549504,0.07073955237865448,0.02199999988079071,0.02889999933540821
YPR052C,YHR099W,1,-3.6549907,0.07371795177459717,0.023000000044703484,0.02889999933540821
YNR061C,YDR541C,0,-3.65613,0.07348243147134781,0.023000000044703484,0.028999999165534973
YPL188W,YPL108W,0,-3.6564872,0.07324840873479843,0.023000000044703484,0.029100000858306885
YDR343C,YDR462W,0,-3.65672,0.07301587611436844,0.023000000044703484,0.029200000688433647
YML014W,YAR018C,0,-3.6572998,0.07278481125831604,0.023000000044703484,0.02930000051856041
YDL093W,YOR088W,0,-3.657523,0.07255520671606064,0.023000000044703484,0.029400000348687172
YGR295C,YMR252C,0,-3.6580083,0.07232704758644104,0.023000000044703484,0.029500000178813934
YLR351C,YKL158W,0,-3.659456,0.07210031151771545,0.023000000044703484,0.029600000008940697
YPL249C-A,YIL177C,0,-3.6595159,0.07187499850988388,0.023000000044703484,0.02969999983906746
YOR338W,YBR198C,1,-3.6608686,0.07476635277271271,0.024000000208616257,0.02969999983906746
YDR470C,YCL026C-B,0,-3.6610823,0.07453416287899017,0.024000000208616257,0.02979999966919422
YCR097WB,YBR272C,0,-3.6619322,0.07430340349674225,0.024000000208616257,0.029899999499320984
YGL092W,YFL034W,0,-3.6634429,0.07407407462596893,0.024000000208616257,0.029999999329447746
YHR155W,YPR115W,0,-3.6641042,0.07384615391492844,0.024000000208616257,0.03009999915957451
YCL003W,YLR316C,0,-3.666498,0.07361963391304016,0.024000000208616257,0.03020000085234642
YKR018C,YML081C-A,0,-3.6666992,0.07339449226856232,0.024000000208616257,0.030300000682473183
YGL060W,YKL092C,0,-3.666982,0.0731707289814949,0.024000000208616257,0.030400000512599945
YNR031C,YPL068C,0,-3.6679046,0.07294832915067673,0.024000000208616257,0.030500000342726707
YNL113W,YBL059C-A,0,-3.6683362,0.072727270424366,0.024000000208616257,0.03060000017285347
YBR241C,YCR020C,0,-3.6685648,0.07250755280256271,0.024000000208616257,0.030700000002980232
YGR090W,YDR056C,0,-3.6687143,0.07228915393352509,0.024000000208616257,0.030799999833106995
YDL226C,YHR132W-A,0,-3.668733,0.07207207381725311,0.024000000208616257,0.030899999663233757
YJR141W,YBL002W,0,-3.669958,0.071856290102005,0.024000000208616257,0.03099999949336052
YDR528W,YGL082W,0,-3.670077,0.07164178788661957,0.024000000208616257,0.031099999323487282
YNL081C,YDL133C-A,0,-3.6706126,0.0714285746216774,0.024000000208616257,0.031199999153614044
YNL313C,YKL001C,0,-3.6707213,0.07121662050485611,0.024000000208616257,0.031300000846385956
YAR009C,YNL093W,0,-3.6712344,0.0710059180855751,0.024000000208616257,0.03139999881386757
YBL100W-B,YOR142W-B,0,-3.6718028,0.07079645991325378,0.024000000208616257,0.03150000050663948
YDL085W,YMR010W,0,-3.6724627,0.07058823853731155,0.024000000208616257,0.031599998474121094
YOR171C,YCR055C,0,-3.6731787,0.07038123160600662,0.024000000208616257,0.031700000166893005
YHR103W,YDR034C-C,0,-3.673504,0.07017543911933899,0.024000000208616257,0.03180000185966492
YPL257W-A,YHR112C,0,-3.6737282,0.06997084617614746,0.024000000208616257,0.03189999982714653
YDR365W-B,YBR012W-B,0,-3.673878,0.06976744532585144,0.024000000208616257,0.03200000151991844
YDR528W,YFL035C-B,0,-3.6739573,0.06956521421670914,0.024000000208616257,0.032099999487400055
YOL103W-A,YMR260C,0,-3.6741772,0.06936416029930115,0.024000000208616257,0.03220000118017197
YJL203W,YML018C,0,-3.6742723,0.06916426867246628,0.024000000208616257,0.03229999914765358
YNL176C,YLR337W,0,-3.6747727,0.06896551698446274,0.024000000208616257,0.03240000084042549
YGR017W,YOL057W,0,-3.6750214,0.06876790523529053,0.024000000208616257,0.032499998807907104
YHR214C-C,YJR043C,0,-3.6755855,0.06857142597436905,0.024000000208616257,0.032600000500679016
YPR174C,YEL030W,0,-3.675937,0.0683760717511177,0.024000000208616257,0.03269999846816063
YBL069W,YJR029W,0,-3.676139,0.06818182021379471,0.024000000208616257,0.03280000016093254
YBR073W,YNL273W,0,-3.676204,0.06798867136240005,0.024000000208616257,0.03290000185370445
YGR126W,YDL010W,0,-3.6765072,0.06779661029577255,0.024000000208616257,0.032999999821186066
YGR275W,YCR080W,1,-3.676583,0.07042253762483597,0.02500000037252903,0.032999999821186066
YGR166W,YOR131C,0,-3.6765833,0.07022471725940704,0.02500000037252903,0.03310000151395798
YLR195C,YIL172C,0,-3.6766493,0.07002801448106766,0.02500000037252903,0.03319999948143959
YNL078W,YOR142W-B,0,-3.6781058,0.06983239948749542,0.02500000037252903,0.0333000011742115
YMR165C,YBL085W,0,-3.678815,0.06963787972927094,0.02500000037252903,0.033399999141693115
YNL054W,YPR158C-C,0,-3.6789243,0.0694444477558136,0.02500000037252903,0.03350000083446503
YLL019C,YOR142W-A,0,-3.679598,0.06925208121538162,0.02500000037252903,0.03359999880194664
YMR287C,YJL109C,0,-3.6796649,0.06906077265739441,0.02500000037252903,0.03370000049471855
YGR109W-B,YDR478W,0,-3.680399,0.06887052208185196,0.02500000037252903,0.033799998462200165
YIL018W,YLR391W,0,-3.6810114,0.06868132203817368,0.02500000037252903,0.033900000154972076
YOR343W-A,YMR067C,0,-3.6812994,0.06849315017461777,0.02500000037252903,0.03400000184774399
YOR343W-A,YOL110W,0,-3.6814878,0.06830601394176483,0.02500000037252903,0.0340999998152256
YOR164C,YGR224W,0,-3.6817405,0.06811989098787308,0.02500000037252903,0.03420000150799751
YNL297C,YPR158C-C,0,-3.68177,0.0679347813129425,0.02500000037252903,0.034299999475479126
YCR098C,YGL046W,0,-3.6817746,0.06775067746639252,0.02500000037252903,0.03440000116825104
YDR248C,YLR167W,0,-3.6820688,0.06756756454706192,0.02500000037252903,0.03449999913573265
YBL106C,YDR293C,0,-3.6824837,0.06738544255495071,0.02500000037252903,0.03460000082850456
YOL103W-B,YPR184W,0,-3.6830003,0.0672043040394783,0.02500000037252903,0.034699998795986176
YKL071W,YDR247W,0,-3.6830647,0.0670241266489029,0.02500000037252903,0.03480000048875809
YDR189W,YKL042W,0,-3.6831625,0.06684491783380508,0.02500000037252903,0.0348999984562397
YGL226C-A,YNL260C,0,-3.683377,0.06666667014360428,0.02500000037252903,0.03500000014901161
YGR251W,YDL076C,0,-3.6836863,0.06648936122655869,0.02500000037252903,0.035100001841783524
YDR089W,YDL194W,0,-3.6840165,0.0663129985332489,0.02500000037252903,0.03519999980926514
YBR141C,YPR173C,0,-3.6840332,0.06613756716251373,0.02500000037252903,0.03530000150203705
YGR109W-B,YPL030W,0,-3.684037,0.06596305966377258,0.02500000037252903,0.03539999946951866
YPR172W,YHR002W,0,-3.6843252,0.06578947603702545,0.02500000037252903,0.03550000116229057
YDR145W,YCR080W,1,-3.6846735,0.06824146956205368,0.026000000536441803,0.03550000116229057
YGR109W-A,YOR129C,0,-3.6847572,0.06806282699108124,0.026000000536441803,0.035599999129772186
YDR261C-D,YER019W,0,-3.6850684,0.06788511574268341,0.026000000536441803,0.0357000008225441
YPL257W-B,YBL098W,0,-3.6851678,0.0677083358168602,0.026000000536441803,0.03579999879002571
YOL095C,YGR038C-B,0,-3.6852605,0.06753246486186981,0.026000000536441803,0.03590000048279762
YJL093C,YDR316W-A,0,-3.6855536,0.06735751032829285,0.026000000536441803,0.035999998450279236
YGR109W-A,YDL159W,0,-3.6857154,0.0671834647655487,0.026000000536441803,0.03610000014305115
YGR250C,YHR071W,0,-3.6857893,0.0670103058218956,0.026000000536441803,0.03620000183582306
YGL210W-A,YML111W,0,-3.6858299,0.06683804839849472,0.026000000536441803,0.03629999980330467
YDR541C,YLL058W,0,-3.686294,0.06666667014360428,0.026000000536441803,0.036400001496076584
YPL145C,YEL048C,0,-3.686817,0.06649616360664368,0.026000000536441803,0.0364999994635582
YFR031C,YLR157C-B,0,-3.6869726,0.06632652878761292,0.026000000536441803,0.03660000115633011
YDR316W-A,YMR162C,0,-3.687072,0.0661577582359314,0.026000000536441803,0.03669999912381172
YDR316W-A,YGL095C,0,-3.687122,0.06598984450101852,0.026000000536441803,0.03680000081658363
YGR109W-A,YBR276C,0,-3.687147,0.0658227875828743,0.026000000536441803,0.03689999878406525
YLR410W-A,YBR018C,0,-3.6872962,0.06565656512975693,0.026000000536441803,0.03700000047683716
YPR137C-A,YCL018W,0,-3.6880434,0.06549118459224701,0.026000000536441803,0.03709999844431877
YDR076W,YGR161C-D,0,-3.6884222,0.06532663106918335,0.026000000536441803,0.03720000013709068
YOL123W,YER159C-A,0,-3.6885173,0.06516290456056595,0.026000000536441803,0.037300001829862595
YJR052W,YDL038C,0,-3.6886404,0.06499999761581421,0.026000000536441803,0.03739999979734421
YLR208W,YPR158C-C,0,-3.690021,0.06483790278434753,0.026000000536441803,0.03750000149011612
YOR363C,YNL086W,0,-3.6900904,0.06467662006616592,0.026000000536441803,0.03759999945759773
YDR210W-B,YDR110W,0,-3.690265,0.06451612710952759,0.026000000536441803,0.037700001150369644
YBR043C,YGR038C-B,0,-3.690448,0.06435643881559372,0.026000000536441803,0.03779999911785126
YKL178C,YDR210C-D,0,-3.6907527,0.06419753283262253,0.026000000536441803,0.03790000081062317
YOL103W-B,YMR106C,0,-3.690895,0.06403940916061401,0.026000000536441803,0.03799999877810478
YCL027C-A,YOL156W,0,-3.6910305,0.06388206034898758,0.026000000536441803,0.038100000470876694
YOR017W,YDR365W-B,0,-3.6910577,0.06372549384832382,0.026000000536441803,0.03819999843835831
YGR143W,YDR365W-A,0,-3.6913016,0.06356967985630035,0.026000000536441803,0.03830000013113022
YDR540C,YLR312C-B,0,-3.6913435,0.06341463327407837,0.026000000536441803,0.03840000182390213
YNL117W,YGR161C-D,0,-3.69141,0.06326033920049667,0.026000000536441803,0.03849999979138374
YBR166C,YOR343W-A,0,-3.692101,0.06310679763555527,0.026000000536441803,0.038600001484155655
YCR062W,YPR192W,0,-3.6923056,0.06295399367809296,0.026000000536441803,0.03869999945163727
YDR098C-A,YOR085W,0,-3.6924736,0.06280193477869034,0.026000000536441803,0.03880000114440918
YJL209W,YIL158W,0,-3.6928098,0.06265060603618622,0.026000000536441803,0.03889999911189079
YKR075C,YBL033C,0,-3.6929152,0.0625,0.026000000536441803,0.039000000804662704
YGR101W,YPR158W-A,0,-3.6929204,0.06235012039542198,0.026000000536441803,0.03909999877214432
YGR038C-A,YPR125W,0,-3.6929476,0.06220095604658127,0.026000000536441803,0.03920000046491623
YLR157C-B,YLR408C,0,-3.6929681,0.06205250695347786,0.026000000536441803,0.03929999843239784
YPL076W,YPL257W-A,0,-3.6930087,0.06190476194024086,0.026000000536441803,0.039400000125169754
YDR184C,YGR161C-C,0,-3.6932254,0.06175772100687027,0.026000000536441803,0.039500001817941666
YJL212C,YJL136C,0,-3.6932387,0.061611372977495193,0.026000000536441803,0.03959999978542328
YPL270W,YJL147C,0,-3.69345,0.06146572157740593,0.026000000536441803,0.03970000147819519
YDR034C-C,YGL038C,0,-3.69351,0.06132075563073158,0.026000000536441803,0.039799999445676804
YOR142W-B,YMR075W,0,-3.694357,0.061176471412181854,0.026000000536441803,0.039900001138448715
YPR158W-B,YDL054C,0,-3.6943772,0.061032865196466446,0.026000000536441803,0.03999999910593033
YIR005W,YGR161C-D,0,-3.6944313,0.06088992953300476,0.026000000536441803,0.04010000079870224
YLR054C,YDR034C-C,0,-3.694628,0.0607476644217968,0.026000000536441803,0.04019999876618385
YER110C,YPL068C,0,-3.6947248,0.06060606241226196,0.026000000536441803,0.040300000458955765
YJL062W,YPL060C-A,0,-3.6947496,0.060465116053819656,0.026000000536441803,0.04039999842643738
YGR223C,YLR312C-B,0,-3.695144,0.06032482534646988,0.026000000536441803,0.04050000011920929
YJL218W,YOL077W-A,0,-3.6951766,0.06018518656492233,0.026000000536441803,0.0406000018119812
YFL017W-A,YML033W,0,-3.6952717,0.06004618853330612,0.026000000536441803,0.040699999779462814
YJL151C,YOR343W-A,0,-3.695373,0.059907834976911545,0.026000000536441803,0.040800001472234726
YOR192C-A,YLR070C,0,-3.6954474,0.059770114719867706,0.026000000536441803,0.04089999943971634
YFR032C-A,YDR210C-C,0,-3.695827,0.059633027762174606,0.026000000536441803,0.04100000113248825
YGR161C-C,YHR005C-A,0,-3.6959894,0.05949656665325165,0.026000000536441803,0.041099999099969864
YJR078W,YDR261C-C,0,-3.6960099,0.05936073139309883,0.026000000536441803,0.041200000792741776
YDR210W-B,YGR002C,0,-3.6960437,0.05922551080584526,0.026000000536441803,0.04129999876022339
YKL145W,YOR142W-A,0,-3.6960976,0.059090908616781235,0.026000000536441803,0.0414000004529953
YLR157C-B,YJL116C,0,-3.6961856,0.05895691737532616,0.026000000536441803,0.04149999842047691
YEL059C-A,YCL069W,0,-3.6962311,0.05882352963089943,0.026000000536441803,0.041600000113248825
YDR098C-A,YPL098C,0,-3.6962907,0.05869074538350105,0.026000000536441803,0.04170000180602074
YOL116W,YDR316W-A,0,-3.6965418,0.05855855718255043,0.026000000536441803,0.04179999977350235
YGR109W-A,YNL182C,0,-3.6966262,0.05842696502804756,0.026000000536441803,0.04190000146627426
YJL010C,YPL060C-A,0,-3.6967075,0.05829596519470215,0.026000000536441803,0.041999999433755875
YLR154W-A,YPR107C,0,-3.696976,0.058165546506643295,0.026000000536441803,0.042100001126527786
YGL067W,YLR154W-A,0,-3.6969876,0.0580357126891613,0.026000000536441803,0.0421999990940094
YDL091C,YPR158C-D,0,-3.6973104,0.057906460016965866,0.026000000536441803,0.04230000078678131
YFL062W,YOR343W-A,0,-3.6975203,0.057777777314186096,0.026000000536441803,0.042399998754262924
YPR120C,YDR210C-C,0,-3.697561,0.05764966830611229,0.026000000536441803,0.042500000447034836
YLR227W-B,YIL009C-A,0,-3.697683,0.05752212554216385,0.026000000536441803,0.04259999841451645
YCR084C,YGR038C-A,0,-3.6977441,0.057395145297050476,0.026000000536441803,0.04270000010728836
YDR331W,YHR214C-C,0,-3.6978965,0.05726872384548187,0.026000000536441803,0.04280000180006027
YGL215W,YGR038C-B,0,-3.6981165,0.05714285746216774,0.026000000536441803,0.042899999767541885
YOL102C,YPL060C-A,0,-3.6983333,0.05701754242181778,0.026000000536441803,0.0430000014603138
YDL156W,YGL046W,0,-3.6984897,0.05689277872443199,0.026000000536441803,0.04309999942779541
YJL062W-A,YJL137C,0,-3.6986444,0.05676855891942978,0.026000000536441803,0.04320000112056732
YPL257W-A,YBL005W-A,0,-3.6986518,0.056644879281520844,0.026000000536441803,0.043299999088048935
YMR213W,YDR210C-C,0,-3.698706,0.056521739810705185,0.026000000536441803,0.04340000078082085
YLL051C,YDR034C-C,0,-3.6988246,0.056399133056402206,0.026000000536441803,0.04349999874830246
YIL017W,YIR033W,1,-3.6989489,0.05844155699014664,0.027000000700354576,0.04349999874830246
YDR446W,YOR142W-A,0,-3.69897,0.05831533297896385,0.027000000700354576,0.04360000044107437
YLL057C,YOR192C-A,0,-3.6990175,0.05818965658545494,0.027000000700354576,0.043699998408555984
YHR183W,YHR214C-C,0,-3.699075,0.05806451663374901,0.027000000700354576,0.043800000101327896
YOR348C,YDR210C-D,0,-3.699309,0.057939913123846054,0.027000000700354576,0.04390000179409981
YBR006W,YOR142W-B,0,-3.6994004,0.05781584605574608,0.027000000700354576,0.04399999976158142
YEL066W,YGR161C-D,0,-3.6994648,0.057692307978868484,0.027000000700354576,0.04410000145435333
YDR103W,YGR038C-B,0,-3.6997037,0.057569295167922974,0.027000000700354576,0.044199999421834946
YLR375W,YPR158C-C,0,-3.6997728,0.057446807622909546,0.027000000700354576,0.04430000111460686
YOR388C,YGR038C-A,0,-3.6999252,0.0573248416185379,0.027000000700354576,0.04439999908208847
YCR070W,YKL032C,0,-3.7000487,0.05720338970422745,0.027000000700354576,0.04450000077486038
YPL257W-A,YNR037C,0,-3.7002962,0.05708245187997818,0.027000000700354576,0.044599998742341995
YPR137C-B,YHR028C,0,-3.700413,0.0569620244204998,0.027000000700354576,0.04470000043511391
YOL103W-A,YOR229W,0,-3.7005043,0.056842103600502014,0.027000000700354576,0.04479999840259552
YPR158W-B,YCL033C,0,-3.70053,0.05672268941998482,0.027000000700354576,0.04490000009536743
YLR414C,YLR410W-B,0,-3.7006757,0.056603774428367615,0.027000000700354576,0.04500000178813934
YDR210C-C,YDR238C,0,-3.7009366,0.05648535490036011,0.027000000700354576,0.045099999755620956
YFL011W-A,YLR293C,0,-3.701082,0.056367430835962296,0.027000000700354576,0.04520000144839287
YGR161C-C,YNL144C,0,-3.7012565,0.05624999850988388,0.027000000700354576,0.04529999941587448
YLL046C,YJL122W,0,-3.7014205,0.05613305792212486,0.027000000700354576,0.04540000110864639
YGR161C-C,YHR021C,0,-3.701447,0.056016597896814346,0.027000000700354576,0.045499999076128006
YFL010W-A,YKR099C-A,0,-3.701585,0.05590062215924263,0.027000000700354576,0.04560000076889992
YGR161C-D,YHR063C,0,-3.7017477,0.05578512325882912,0.027000000700354576,0.04569999873638153
YER137C-A,YGR059W,0,-3.7018797,0.055670104920864105,0.027000000700354576,0.04580000042915344
YKL138C-A,YDR378C,0,-3.7020004,0.0555555559694767,0.027000000700354576,0.045899998396635056
YLR292C,YHR214C-C,0,-3.702048,0.0554414801299572,0.027000000700354576,0.04600000008940697
YGR161C-C,YPL155C,0,-3.7023613,0.055327869951725006,0.027000000700354576,0.04610000178217888
YNL054W-A,YER079W,0,-3.7026212,0.05521472543478012,0.027000000700354576,0.04619999974966049
YDL181W,YNL138W-A,0,-3.7026274,0.055102039128541946,0.027000000700354576,0.046300001442432404
YLR157C-B,YLR155C,0,-3.7026951,0.05498981848359108,0.027000000700354576,0.04639999940991402
YDR266C,YDR365W-A,0,-3.702774,0.05487804859876633,0.027000000700354576,0.04650000110268593
YEL066W,YOR343C-A,0,-3.7030282,0.054766733199357986,0.027000000700354576,0.04659999907016754
YOR247W,YML007C-A,0,-3.7030282,0.05465587228536606,0.027000000700354576,0.04670000076293945
YKL151C,YHL009W-A,0,-3.7030282,0.05454545468091965,0.027000000700354576,0.046799998730421066
YHR144C,YDR379C-A,0,-3.7030282,0.05443548411130905,0.027000000700354576,0.04690000042319298
YMR010W,YLR154W-C,0,-3.7030282,0.05432595685124397,0.027000000700354576,0.04699999839067459
YCL030C,YHL009W-A,0,-3.7030282,0.05421686917543411,0.027000000700354576,0.0471000000834465
YGL155W,YML007C-A,0,-3.7030282,0.05410821735858917,0.027000000700354576,0.047200001776218414
YLR157C-A,YBR048W,0,-3.7030282,0.05400000140070915,0.027000000700354576,0.04729999974370003
YAR009C,YHR079C-B,0,-3.7030282,0.053892213851213455,0.027000000700354576,0.04740000143647194
YJR015W,YLR154W-C,0,-3.7030282,0.05378486216068268,0.027000000700354576,0.04749999940395355
YGL210W-A,YOL163W,0,-3.7030282,0.05367793142795563,0.027000000700354576,0.047600001096725464
YCL026C-B,YLL058W,0,-3.7030282,0.0535714291036129,0.027000000700354576,0.04769999906420708
YPR096C,YLR312C-B,0,-3.7030282,0.0534653477370739,0.027000000700354576,0.04780000075697899
YDR189W,YHL009W-A,0,-3.7030282,0.053359683603048325,0.027000000700354576,0.0478999987244606
YMR253C,YLR154W-A,0,-3.7030282,0.05325443670153618,0.027000000700354576,0.04800000041723251
YOR161C,YDR379C-A,0,-3.7030282,0.05314960703253746,0.027000000700354576,0.04809999838471413
YLR391W-A,YKL222C,0,-3.7030282,0.05304518714547157,0.027000000700354576,0.04820000007748604
YMR140W,YOR020W-A,0,-3.7030282,0.052941177040338516,0.027000000700354576,0.04830000177025795
YDR379C-A,YML001W,0,-3.7030282,0.05283757299184799,0.027000000700354576,0.04839999973773956
YBL101W-A,YGR105W,0,-3.7030282,0.052734375,0.027000000700354576,0.048500001430511475
YER053C-A,YNR003C,0,-3.7030282,0.05263157933950424,0.027000000700354576,0.04859999939799309
YDR210W-D,YBR244W,0,-3.7030282,0.05252918228507042,0.027000000700354576,0.048700001090765
YGR161W-B,YBL071W-A,0,-3.7030282,0.05242718383669853,0.027000000700354576,0.04879999905824661
YNL284C-A,YER182W,0,-3.7030282,0.05232558026909828,0.027000000700354576,0.048900000751018524
YDR210W-C,YHL015W,0,-3.7030282,0.05222437158226967,0.027000000700354576,0.04899999871850014
YPR022C,YML007C-A,0,-3.7030282,0.052123550325632095,0.027000000700354576,0.04910000041127205
YGR191W,YLR157C-A,0,-3.7030282,0.05202312022447586,0.027000000700354576,0.04919999837875366
YCL027C-A,YLR281C,0,-3.7030282,0.051923077553510666,0.027000000700354576,0.049300000071525574
YOR020W-A,YOR343W-A,0,-3.7030282,0.051823414862155914,0.027000000700354576,0.049400001764297485
YNL112W,YDR379C-A,0,-3.7030282,0.0517241396009922,0.027000000700354576,0.0494999997317791
YAR033W,YOL159C-A,0,-3.7030282,0.051625240594148636,0.027000000700354576,0.04960000142455101
YNR013C,YLR363W-A,0,-3.7030282,0.051526717841625214,0.027000000700354576,0.04969999939203262
YLR108C,YCL062W,0,-3.7030282,0.051428571343421936,0.027000000700354576,0.049800001084804535
YDR320C-A,YBL100W-A,0,-3.7030282,0.051330797374248505,0.027000000700354576,0.04989999905228615
YDR379C-A,YBR102C,0,-3.7030282,0.05123339593410492,0.027000000700354576,0.05000000074505806
YKL018C-A,YJR093C,0,-3.7030282,0.05113636329770088,0.027000000700354576,0.05009999871253967
YOR388C,YJL017W,0,-3.7030282,0.051039695739746094,0.027000000700354576,0.050200000405311584
YOL159C-A,YPR102C,0,-3.7030282,0.05094339698553085,0.027000000700354576,0.0502999983727932
YGL210W,YOR343C-B,0,-3.7030282,0.050847455859184265,0.027000000700354576,0.05040000006556511
YOR020W-A,YLR410W-B,0,-3.7030282,0.050751879811286926,0.027000000700354576,0.05050000175833702
YOL159C-A,YKR093W,0,-3.7030282,0.05065666139125824,0.027000000700354576,0.050599999725818634
YER103W,YHL009W-A,0,-3.7030282,0.05056179687380791,0.027000000700354576,0.050700001418590546
YKL088W,YDR210W-C,0,-3.7030282,0.05046728998422623,0.027000000700354576,0.05079999938607216
YJL021C,YBL005W-A,0,-3.7030282,0.0503731332719326,0.027000000700354576,0.05090000107884407
YPL229W,YHR079C-B,0,-3.7030282,0.05027933046221733,0.027000000700354576,0.050999999046325684
YBR233W-A,YER079W,0,-3.7030282,0.05018587410449982,0.027000000700354576,0.051100000739097595
YDR379C-A,YJR107W,0,-3.7030282,0.05009276419878006,0.027000000700354576,0.05119999870657921
YLR219W,YOR343C-A,0,-3.7030282,0.05000000074505806,0.027000000700354576,0.05130000039935112
YLR227W-B,YNL284C-A,0,-3.7030282,0.04990758001804352,0.027000000700354576,0.05139999836683273
YPR158W-B,YDL209C,0,-3.7030282,0.049815498292446136,0.027000000700354576,0.051500000059604645
YOR258W,YDR210W-C,0,-3.7030282,0.049723755568265915,0.027000000700354576,0.051600001752376556
YLR017W,YOR343C-A,0,-3.7030282,0.04963235184550285,0.027000000700354576,0.05169999971985817
YOL159C-A,YJL116C,0,-3.7030282,0.04954128339886665,0.027000000700354576,0.05180000141263008
YOL159C-A,YPR100W,0,-3.7030282,0.049450550228357315,0.027000000700354576,0.051899999380111694
YLR157C-A,YLR029C,0,-3.7030282,0.04936014488339424,0.027000000700354576,0.052000001072883606
YDR362C,YDR379C-A,0,-3.7030282,0.04927007481455803,0.027000000700354576,0.05209999904036522
YPL257W-B,YBR058C-A,0,-3.7030282,0.04918032884597778,0.027000000700354576,0.05220000073313713
YDR379C-A,YHR077C,0,-3.7030282,0.0490909107029438,0.027000000700354576,0.052299998700618744
YAR014C,YML007C-A,0,-3.7030282,0.04900181666016579,0.027000000700354576,0.052400000393390656
YKL194C,YML007C-A,0,-3.7030282,0.04891304299235344,0.027000000700354576,0.05249999836087227
YHL009W-A,YPR100W,0,-3.7030282,0.04882459342479706,0.027000000700354576,0.05260000005364418
YLR157C-A,YDR089W,0,-3.7030282,0.048736460506916046,0.027000000700354576,0.05270000174641609
YOR396W,YDR161W,0,-3.7030282,0.0486486479640007,0.027000000700354576,0.052799999713897705
YJL019W,YHL009W-A,0,-3.7030282,0.04856115207076073,0.027000000700354576,0.05290000140666962
YBL101W-A,YNL077W,0,-3.7030282,0.04847396910190582,0.027000000700354576,0.05299999937415123
YOR343C-B,YCR005C,0,-3.7030282,0.04838709533214569,0.027000000700354576,0.05310000106692314
YBR006W,YDR210W-D,0,-3.7030282,0.04830053821206093,0.027000000700354576,0.053199999034404755
YMR090W,YGL046W,0,-3.7030282,0.04821428656578064,0.027000000700354576,0.053300000727176666
YNL284C-A,YLR209C,0,-3.7030282,0.048128340393304825,0.027000000700354576,0.05339999869465828
YOR020W-A,YPL275W,0,-3.7030282,0.04804270341992378,0.027000000700354576,0.05350000038743019
YBL101W-A,YGL252C,0,-3.7030282,0.047957371920347214,0.027000000700354576,0.053599998354911804
YGL045W,YOL159C-A,0,-3.7030282,0.04787234216928482,0.027000000700354576,0.053700000047683716
YML007C-A,YOL034W,0,-3.7030282,0.047787610441446304,0.027000000700354576,0.05380000174045563
YGR038C-B,YDR147W,0,-3.7030282,0.047703180462121964,0.027000000700354576,0.05389999970793724
YLR157C-A,YDR041W,0,-3.7030282,0.0476190485060215,0.027000000700354576,0.05400000140070915
YBR006W,YBL101W-A,0,-3.7030282,0.047535210847854614,0.027000000700354576,0.054099999368190765
YFL011W-A,YOL075C,0,-3.7030282,0.047451671212911606,0.027000000700354576,0.05420000106096268
YIL068C,YOR020W-A,0,-3.7030282,0.04736842215061188,0.027000000700354576,0.05429999902844429
YGR123C,YLR157C-A,0,-3.7030282,0.04728546366095543,0.027000000700354576,0.0544000007212162
YKR100C,YLR363W-A,0,-3.7030282,0.04720279574394226,0.027000000700354576,0.054499998688697815
YDR416W,YOR343C-A,0,-3.7030282,0.04712041839957237,0.027000000700354576,0.05460000038146973
YOL021C,YOR343C-A,0,-3.7030282,0.047038327902555466,0.027000000700354576,0.05469999834895134
YOL159C-A,YPR154W,0,-3.7030282,0.04695652052760124,0.027000000700354576,0.05480000004172325
YHR168W,YHL009W-A,0,-3.7030282,0.046875,0.027000000700354576,0.05490000173449516
YGL257C,YOR343W-A,0,-3.7030282,0.04679376259446144,0.027000000700354576,0.054999999701976776
YIL023C,YKL018C-A,0,-3.7030282,0.04671280458569527,0.027000000700354576,0.05510000139474869
YNL054W-A,YLR320W,0,-3.7030282,0.04663212597370148,0.027000000700354576,0.0551999993622303
YDR323C,YHL009W-A,0,-3.7030282,0.046551723033189774,0.027000000700354576,0.05530000105500221
YCR054C,YHL009W-A,0,-3.7030282,0.046471599489450455,0.027000000700354576,0.055399999022483826
YGR001C,YAR044W,0,-3.7030282,0.04639175161719322,0.027000000700354576,0.05550000071525574
YPL199C,YJL021C,0,-3.7030282,0.046312179416418076,0.027000000700354576,0.05559999868273735
YOR020W-A,YPL096W,0,-3.7030282,0.04623287543654442,0.027000000700354576,0.05570000037550926
YNL284C-A,YGR038W,0,-3.7030282,0.04615384712815285,0.027000000700354576,0.055799998342990875
YLR253W,YML007C-A,0,-3.7030282,0.046075087040662766,0.027000000700354576,0.05590000003576279
YMR253C,YKL158W,0,-3.7030282,0.045996591448783875,0.027000000700354576,0.0560000017285347
YCR097WB,YCR043C,0,-3.7030282,0.04591836780309677,0.027000000700354576,0.05609999969601631
YCR029C-A,YDL109C,0,-3.7030282,0.04584040865302086,0.027000000700354576,0.05620000138878822
YLR157C-A,YDL212W,0,-3.7030282,0.04576271027326584,0.027000000700354576,0.056299999356269836
YDR210W-D,YKL218C,0,-3.7030282,0.04568528011441231,0.027000000700354576,0.05640000104904175
YPR088C,YLR363W-A,0,-3.7030282,0.04560810700058937,0.027000000700354576,0.05649999901652336
YLR391W,YPR063C,0,-3.7030282,0.045531198382377625,0.027000000700354576,0.05660000070929527
YLL028W,YLR363W-A,0,-3.7030282,0.04545454680919647,0.027000000700354576,0.056699998676776886
YCR063W,YNL284C-A,0,-3.7030282,0.045378152281045914,0.027000000700354576,0.0568000003695488
YNR013C,YDR261C-C,0,-3.7032206,0.04530201479792595,0.027000000700354576,0.05689999833703041
YDR152W,YIL057C,0,-3.703227,0.04522613063454628,0.027000000700354576,0.05700000002980232
YCL027C-A,YGR167W,0,-3.703419,0.045150503516197205,0.027000000700354576,0.057100001722574234
YDR383C,YPL257W-A,0,-3.7034469,0.045075125992298126,0.027000000700354576,0.05719999969005585
YDR316W-A,YIL010W,0,-3.7034538,0.04500000178813934,0.027000000700354576,0.05730000138282776
YLR227W-B,YFL052W,0,-3.70352,0.04492512345314026,0.027000000700354576,0.05739999935030937
YPR137C-B,YNL149C,0,-3.703521,0.04485049843788147,0.027000000700354576,0.057500001043081284
YDR106W,YLR391W-A,0,-3.7035522,0.04477611929178238,0.027000000700354576,0.0575999990105629
YDR210W-B,YJL025W,0,-3.7038348,0.04470198601484299,0.027000000700354576,0.05770000070333481
YIL158W,YGL001C,0,-3.7042997,0.04462809860706329,0.027000000700354576,0.05779999867081642
YFR021W,YOR008C-A,0,-3.7043722,0.0445544570684433,0.027000000700354576,0.05790000036358833
YHR156C,YER159C-A,0,-3.7044914,0.044481053948402405,0.027000000700354576,0.057999998331069946
YBL059C-A,YDL046W,0,-3.704582,0.04440789297223091,0.027000000700354576,0.05810000002384186
YNL054W-A,YMR099C,0,-3.704594,0.04433497413992882,0.027000000700354576,0.05820000171661377
YPR121W,YJL017W,0,-3.7047331,0.044262293726205826,0.027000000700354576,0.05829999968409538
YPL229W,YML055W,0,-3.7047913,0.044189851731061935,0.027000000700354576,0.058400001376867294
YJL062W-A,YJL111W,0,-3.7049365,0.04411764815449715,0.027000000700354576,0.05849999934434891
YLR040C,YCR097W,0,-3.705358,0.04404567554593086,0.027000000700354576,0.05860000103712082
YGR161C-C,YKL166C,0,-3.7056973,0.04397394135594368,0.027000000700354576,0.05869999900460243
YPL060C-A,YJR021C,0,-3.7058277,0.043902438133955,0.027000000700354576,0.058800000697374344
YDR365W-A,YNL188W,0,-3.7059274,0.04383116960525513,0.027000000700354576,0.05889999866485596
YDR316W-A,YJL002C,0,-3.7059343,0.04376012831926346,0.027000000700354576,0.05900000035762787
YDR261C-D,YIL014W,0,-3.7067032,0.04368932172656059,0.027000000700354576,0.05909999832510948
YNR054C,YLR410W-B,0,-3.7067168,0.043618738651275635,0.027000000700354576,0.05920000001788139
YNR053C,YCL057C-A,0,-3.7067215,0.04354838654398918,0.027000000700354576,0.059300001710653305
YGR109W-A,YMR211W,0,-3.706988,0.043478261679410934,0.027000000700354576,0.05939999967813492
YJL042W,YPL060C-A,0,-3.7070153,0.043408360332250595,0.027000000700354576,0.05950000137090683
YBR156C,YKL075C,0,-3.7075312,0.04333868250250816,0.027000000700354576,0.05959999933838844
YLR406C,YGR038C-A,0,-3.7077062,0.04326923191547394,0.027000000700354576,0.059700001031160355
YLR227W-B,YMR099C,0,-3.7078001,0.04320000112056732,0.027000000700354576,0.05979999899864197
YOR192C-A,YML067C,0,-3.707855,0.043130990117788315,0.027000000700354576,0.05990000069141388
YOL143C,YOR142W-A,0,-3.707873,0.043062202632427216,0.027000000700354576,0.05999999865889549
YDR086C,YLR410W-B,0,-3.7078848,0.04299363121390343,0.027000000700354576,0.060100000351667404
YJR122W,YOR343W-A,0,-3.7079968,0.04292527958750725,0.027000000700354576,0.06019999831914902
YGR109W-A,YDR011W,0,-3.7080379,0.04285714402794838,0.027000000700354576,0.06030000001192093
YIL049W,YLR410W-A,0,-3.7084453,0.04278922453522682,0.027000000700354576,0.06040000170469284
YER159C-A,YDR074W,0,-3.7085526,0.04272151738405228,0.027000000700354576,0.060499999672174454
YMR054W,YLR410W-B,0,-3.7086372,0.04265403002500534,0.027000000700354576,0.060600001364946365
YPR137C-A,YML067C,0,-3.708674,0.04258675128221512,0.027000000700354576,0.06069999933242798
YGR161C-C,YER059W,0,-3.7088158,0.04251968488097191,0.027000000700354576,0.06080000102519989
YDR365W-B,YLR213C,0,-3.7088432,0.04245283082127571,0.027000000700354576,0.0608999989926815
YLR227W-B,YKL055C,0,-3.7089736,0.04238618537783623,0.027000000700354576,0.061000000685453415
YNL153C,YPR158C-D,0,-3.7089965,0.04231974855065346,0.027000000700354576,0.06109999865293503
YLR157C-B,YDR486C,0,-3.7090056,0.0422535203397274,0.027000000700354576,0.06120000034570694
YJL062W-A,YLR316C,0,-3.7090814,0.04218750074505806,0.027000000700354576,0.06129999831318855
YGR109W-A,YDL020C,0,-3.7091153,0.04212168604135513,0.027000000700354576,0.061400000005960464
YDR261C-C,YOL156W,0,-3.7091477,0.04205607622861862,0.027000000700354576,0.061500001698732376
YAR029W,YOL094C,0,-3.7091825,0.04199066758155823,0.027000000700354576,0.06159999966621399
YJL167W,YER159C-A,0,-3.7095315,0.04192546755075455,0.027000000700354576,0.0617000013589859
YBR194W,YAR044W,0,-3.7095497,0.041860464960336685,0.027000000700354576,0.061799999326467514
YMR275C,YPR158C-C,0,-3.7096233,0.04179566726088524,0.027000000700354576,0.061900001019239426
YGL129C,YHR214C-C,0,-3.7096782,0.04173106700181961,0.027000000700354576,0.06199999898672104
YDL213C,YKL075C,0,-3.7097704,0.0416666679084301,0.027000000700354576,0.06210000067949295
YGR161C-C,YLR412W,0,-3.7098978,0.04160246625542641,0.027000000700354576,0.062199998646974564
YDL038C,YOR198C,0,-3.7100067,0.04153846204280853,0.027000000700354576,0.062300000339746475
YDR210C-C,YKR100C,0,-3.710026,0.04147465527057648,0.027000000700354576,0.06239999830722809
YBR023C,YGR038C-A,0,-3.710282,0.04141104221343994,0.027000000700354576,0.0625
YPL259C,YDR210C-D,0,-3.7103093,0.041347626596689224,0.027000000700354576,0.06260000169277191
YGR038C-A,YEL013W,0,-3.7103782,0.04128440469503403,0.027000000700354576,0.06270000338554382
YPL237W,YPR158C-D,0,-3.7104104,0.04122137278318405,0.027000000700354576,0.06279999762773514
YOR192C-A,YDL164C,0,-3.7104151,0.041158538311719894,0.027000000700354576,0.06289999932050705
YGR161C-C,YBR284W,0,-3.7104652,0.04109589010477066,0.027000000700354576,0.06300000101327896
YOR168W,YDR034C-C,0,-3.7105885,0.041033435612916946,0.027000000700354576,0.06310000270605087
YBR188C,YCL057C-A,0,-3.710657,0.040971167385578156,0.027000000700354576,0.06319999694824219
YER006W,YBR012W-B,0,-3.7108104,0.040909089148044586,0.027000000700354576,0.0632999986410141
YLR157C-B,YKL092C,0,-3.7109044,0.04084720090031624,0.027000000700354576,0.06340000033378601
YDR050C,YLR410W-B,0,-3.7112792,0.040785498917102814,0.027000000700354576,0.06350000202655792
YOR060C,YPR158C-C,0,-3.711435,0.04072398319840431,0.027000000700354576,0.06360000371932983
YJL034W,YLR410W-B,0,-3.711682,0.040662650018930435,0.027000000700354576,0.06369999796152115
YGL077C,YOR142W-A,0,-3.7118056,0.04060150310397148,0.027000000700354576,0.06379999965429306
YLR154W-A,YHR152W,0,-3.7118647,0.04054053872823715,0.027000000700354576,0.06390000134706497
YBR139W,YAR050W,0,-3.7120168,0.040479760617017746,0.027000000700354576,0.06400000303983688
YER146W,YOL103W-B,0,-3.712048,0.040419161319732666,0.027000000700354576,0.0640999972820282
YJL131C,YAR003W,0,-3.7122097,0.04035874456167221,0.027000000700354576,0.06419999897480011
YNL072W,YLR410W-B,0,-3.7122355,0.04029850661754608,0.027000000700354576,0.06430000066757202
YPR158W-A,YOR262W,0,-3.7123213,0.04023845121264458,0.027000000700354576,0.06440000236034393
YLR218C,YPL257W-B,0,-3.7128656,0.0401785708963871,0.027000000700354576,0.06449999660253525
YDL038C,YPL100W,0,-3.7133121,0.04011886939406395,0.027000000700354576,0.06459999829530716
YDR316W-A,YOR099W,0,-3.7134538,0.040059346705675125,0.027000000700354576,0.06469999998807907
YDR514C,YDR379W,0,-3.7135065,0.03999999910593033,0.027000000700354576,0.06480000168085098
YHR122W,YHR214C-C,0,-3.7135625,0.03994082659482956,0.027000000700354576,0.0649000033736229
YGL164C,YJL017W,0,-3.7135708,0.039881832897663116,0.027000000700354576,0.06499999761581421
YER137C-A,YDL065C,0,-3.7136385,0.0398230105638504,0.027000000700354576,0.06509999930858612
YPL106C,YGR109W-A,0,-3.7136602,0.03976435959339142,0.027000000700354576,0.06520000100135803
YLR412W,YGR161C-D,0,-3.7138891,0.03970588371157646,0.027000000700354576,0.06530000269412994
YML082W,YFL059W,0,-3.7138932,0.039647575467824936,0.027000000700354576,0.06539999693632126
YLR333C,YBL059C-A,0,-3.7138948,0.03958944231271744,0.027000000700354576,0.06549999862909317
YOR010C,YDR343C,0,-3.7139876,0.03953148052096367,0.027000000700354576,0.06560000032186508
YNL258C,YBR271W,0,-3.7141676,0.03947368264198303,0.027000000700354576,0.065700002014637
YIR005W,YDR375C,0,-3.7143908,0.03941605985164642,0.027000000700354576,0.0658000037074089
YGR161C-D,YDL003W,0,-3.7149675,0.03935860097408295,0.027000000700354576,0.06589999794960022
YGR244C,YFL035C-A,0,-3.7155435,0.0393013097345829,0.027000000700354576,0.06599999964237213
YER137C-A,YBL023C,0,-3.7155988,0.039244186133146286,0.027000000700354576,0.06610000133514404
YCR026C,YOL069W,0,-3.7160132,0.0391872264444828,0.027000000700354576,0.06620000302791595
YNL080C,YBL009W,0,-3.7160857,0.03913043439388275,0.027000000700354576,0.06629999727010727
YGR177C,YKL047W,0,-3.716241,0.03907380625605583,0.027000000700354576,0.06639999896287918
YDR365W-B,YDR519W,0,-3.716274,0.039017342031002045,0.027000000700354576,0.06650000065565109
YFL006W,YGR112W,0,-3.7162826,0.03896103799343109,0.027000000700354576,0.066600002348423
YDL060W,YDR034C-C,0,-3.7167315,0.03890489786863327,0.027000000700354576,0.06669999659061432
YAR029W,YMR223W,0,-3.7167623,0.03884892165660858,0.027000000700354576,0.06679999828338623
YGR109W-A,YMR230W,0,-3.71684,0.03879310190677643,0.027000000700354576,0.06689999997615814
YPL283C,YJL216C,0,-3.716939,0.03873744606971741,0.027000000700354576,0.06700000166893005
YBR111W-A,YPR187W,1,-3.717247,0.04011461138725281,0.02800000086426735,0.06700000166893005
YJR015W,YAL012W,0,-3.7175581,0.040057223290205,0.02800000086426735,0.06710000336170197
YLR354C,YDR210C-D,0,-3.7178204,0.03999999910593033,0.02800000086426735,0.06719999760389328
YIL080W,YER137C-A,0,-3.7183213,0.03994293883442879,0.02800000086426735,0.06729999929666519
YJL131C,YDR170W-A,0,-3.7185216,0.03988603875041008,0.02800000086426735,0.0674000009894371
YDR261C-D,YGL016W,0,-3.7189093,0.039829302579164505,0.02800000086426735,0.06750000268220901
YDR034C-C,YLR074C,0,-3.7191055,0.039772726595401764,0.02800000086426735,0.06759999692440033
YDR382W,YFR024C,0,-3.719133,0.03971631079912186,0.02800000086426735,0.06769999861717224
YPL257W-A,YML056C,0,-3.7191706,0.03966005519032478,0.02800000086426735,0.06780000030994415
YPL066W,YBL014C,0,-3.7195923,0.039603959769010544,0.02800000086426735,0.06790000200271606
YGR161W-B,YPL013C,0,-3.719911,0.03954802080988884,0.02800000086426735,0.06800000369548798
YOR285W,YBR091C,0,-3.7202327,0.03949224203824997,0.02800000086426735,0.06809999793767929
YKL151C,YOR388C,0,-3.7207518,0.039436619728803635,0.02800000086426735,0.0681999996304512
YOL103W-A,YOR202W,0,-3.7207923,0.039381153881549835,0.02800000086426735,0.06830000132322311
YDL248W,YOR142W-A,0,-3.7208784,0.03932584449648857,0.02800000086426735,0.06840000301599503
YAL055W,YGR038C-A,0,-3.7209857,0.039270687848329544,0.02800000086426735,0.06849999725818634
YPR172W,YLL046C,0,-3.7212477,0.03921568766236305,0.02800000086426735,0.06859999895095825
YGR229C,YPR158C-D,0,-3.7215443,0.0391608402132988,0.02800000086426735,0.06870000064373016
YFL035C,YLR082C,0,-3.7217908,0.03910614550113678,0.02800000086426735,0.06880000233650208
YDR145W,YKR095W-A,1,-3.7218554,0.04044630378484726,0.028999999165534973,0.06880000233650208
YPL257W-A,YBR228W,0,-3.7220166,0.04038997367024422,0.028999999165534973,0.06889999657869339
YIL071W,YKL002W,0,-3.7221491,0.04033379629254341,0.028999999165534973,0.0689999982714653
YJR008W,YLR050C,0,-3.7225978,0.04027777910232544,0.028999999165534973,0.06909999996423721
YGL250W,YDR365W-A,0,-3.7231762,0.040221914649009705,0.028999999165534973,0.06920000165700912
YKL199C,YBR171W,0,-3.7232125,0.040166206657886505,0.028999999165534973,0.06930000334978104
YPR114W,YLR042C,0,-3.7233279,0.04011065140366554,0.028999999165534973,0.06939999759197235
YBR073W,YJL017W,0,-3.7238033,0.04005524888634682,0.028999999165534973,0.06949999928474426
YIL017W,YOR224C,1,-3.7243993,0.04137931019067764,0.029999999329447746,0.06949999928474426
YML014W,YNL054W-A,0,-3.7246792,0.041322313249111176,0.029999999329447746,0.06960000097751617
YOR222W,YDL133C-A,0,-3.7250297,0.041265472769737244,0.029999999329447746,0.06970000267028809
YJL010C,YLR154W-A,0,-3.7253168,0.041208792477846146,0.029999999329447746,0.0697999969124794
YOR244W,YOR162C,1,-3.7253597,0.042524006217718124,0.03099999949336052,0.0697999969124794
YGR109W-B,YML128C,0,-3.7256887,0.042465753853321075,0.03099999949336052,0.06989999860525131
YDR514C,YDL102W,0,-3.7258103,0.04240766167640686,0.03099999949336052,0.07000000029802322
YOL103W-A,YDR386W,0,-3.726011,0.04234972596168518,0.03099999949336052,0.07010000199079514
YIL027C,YLR157C-B,0,-3.726333,0.042291950434446335,0.03099999949336052,0.07020000368356705
YHR128W,YNL152W,0,-3.726738,0.042234331369400024,0.03099999949336052,0.07029999792575836
YDL133C-A,YDL146W,0,-3.7267683,0.04217687249183655,0.03099999949336052,0.07039999961853027
YHR132W-A,YDR084C,0,-3.7271857,0.04211956635117531,0.03099999949336052,0.07050000131130219
YLR318W,YJL016W,0,-3.7274506,0.042062416672706604,0.03099999949336052,0.0706000030040741
YDR097C,YPL108W,0,-3.727987,0.04200541973114014,0.03099999949336052,0.07069999724626541
YBR066C,YNL328C,0,-3.728341,0.041948579251766205,0.03099999949336052,0.07079999893903732
YER137C-A,YPL059W,0,-3.7283945,0.04189189150929451,0.03099999949336052,0.07090000063180923
YLR154W-A,YLR353W,0,-3.7287743,0.04183535650372505,0.03099999949336052,0.07100000232458115
YMR086W,YLR314C,0,-3.7288897,0.04177897423505783,0.03099999949336052,0.07109999656677246
YIL080W,YGR109W-B,0,-3.72964,0.04172274470329285,0.03099999949336052,0.07119999825954437
YOL103W-A,YHR114W,0,-3.7298517,0.0416666679084301,0.03099999949336052,0.07129999995231628
YOL103W-A,YIL010W,0,-3.730013,0.04161073639988899,0.03099999949336052,0.0714000016450882
YIL033C,YPL060C-A,0,-3.7301733,0.04155496135354042,0.03099999949336052,0.07150000333786011
YNL271C,YMR259C,0,-3.7304423,0.04149933159351349,0.03099999949336052,0.07159999758005142
YDL131W,YBR040W,0,-3.7304459,0.041443850845098495,0.03099999949336052,0.07169999927282333
YHR132W-A,YFL035C-A,0,-3.7305734,0.04138851910829544,0.03099999949336052,0.07180000096559525
YBR019C,YBL071W-A,0,-3.731714,0.041333332657814026,0.03099999949336052,0.07190000265836716
YMR213W,YFL011W-A,0,-3.7318609,0.04127829521894455,0.03099999949336052,0.07199999690055847
YER159C-A,YGL215W,0,-3.732062,0.04122340306639671,0.03099999949336052,0.07209999859333038
YPR158W-B,YMR121C,0,-3.7323227,0.041168659925460815,0.03099999949336052,0.0722000002861023
YJL218W,YER038C,0,-3.7336435,0.04111405834555626,0.03099999949336052,0.0723000019788742
YOR175C,YLR410W-A,0,-3.7341793,0.04105960205197334,0.03099999949336052,0.07240000367164612
YCR062W,YLL046C,0,-3.7353902,0.04100529104471207,0.03099999949336052,0.07249999791383743
YDR390C,YGL153W,0,-3.736274,0.04095112159848213,0.03099999949336052,0.07259999960660934
YJL058C,YGL092W,0,-3.7366612,0.04089709743857384,0.03099999949336052,0.07270000129938126
YOL103W-A,YDR479C,0,-3.7371643,0.040843214839696884,0.03099999949336052,0.07280000299215317
YKL160W,YCR080W,1,-3.7383978,0.04210526496171951,0.03200000151991844,0.07280000299215317
YER052C,YKL180W,0,-3.7387335,0.04204993322491646,0.03200000151991844,0.07289999723434448
YHR090C,YHR155W,0,-3.739445,0.04199475049972534,0.03200000151991844,0.0729999989271164
YLR357W,YKR095W-A,1,-3.7401192,0.043250326067209244,0.032999999821186066,0.0729999989271164
YER093C,YGR100W,0,-3.740514,0.043193716555833817,0.032999999821186066,0.0731000006198883
YDR345C,YLR072W,0,-3.7412803,0.04313725605607033,0.032999999821186066,0.07320000231266022
YBR023C,YMR019W,0,-3.741872,0.04308094084262848,0.032999999821186066,0.07329999655485153
YPL168W,YNL336W,0,-3.7418923,0.04302477091550827,0.032999999821186066,0.07339999824762344
YBR068C,YPR078C,0,-3.7423592,0.04296875,0.032999999821186066,0.07349999994039536
YNR061C,YGR174C,0,-3.743378,0.04291287437081337,0.032999999821186066,0.07360000163316727
YGL174W,YDL010W,0,-3.743419,0.04285714402794838,0.032999999821186066,0.07370000332593918
YML054C,YMR268W-A,0,-3.7434928,0.04280155524611473,0.032999999821186066,0.0737999975681305
YER099C,YDR034C-C,0,-3.7437265,0.04274611547589302,0.032999999821186066,0.0738999992609024
YIL009W,YLR373C,0,-3.7444637,0.042690813541412354,0.032999999821186066,0.07400000095367432
YDL185W,YDR333C,0,-3.7448537,0.042635660618543625,0.032999999821186066,0.07410000264644623
YFL025C,YDR093W,0,-3.744983,0.04258064553141594,0.032999999821186066,0.07419999688863754
YCL039W,YMR190C,0,-3.7452822,0.042525772005319595,0.032999999821186066,0.07429999858140945
YHR094C,YOL162W,0,-3.7456868,0.04247104376554489,0.032999999821186066,0.07440000027418137
YLR157C-B,YDR234W,0,-3.7461338,0.04241645336151123,0.032999999821186066,0.07450000196695328
YDR170W-A,YBR018C,0,-3.7461364,0.04236200079321861,0.032999999821186066,0.07460000365972519
YDL134C-A,YOL077C,0,-3.7462313,0.042307693511247635,0.032999999821186066,0.0746999979019165
YKL070W,YHR142W,0,-3.7472146,0.0422535203397274,0.032999999821186066,0.07479999959468842
YDR302W,YBR139W,0,-3.7474415,0.04219948872923851,0.032999999821186066,0.07490000128746033
YNL164C,YLR391W,0,-3.7488527,0.04214559495449066,0.032999999821186066,0.07500000298023224
YGL010W,YML101C,0,-3.7488644,0.04209183529019356,0.032999999821186066,0.07509999722242355
YBL059C-A,YHR075C,0,-3.7488785,0.042038217186927795,0.032999999821186066,0.07519999891519547
YPL107W,YLL015W,0,-3.7492812,0.04198473319411278,0.032999999821186066,0.07530000060796738
YHL003C,YBR137W,0,-3.7494988,0.041931383311748505,0.032999999821186066,0.07540000230073929
YDR222W,YGR179C,0,-3.7495654,0.041878171265125275,0.032999999821186066,0.0754999965429306
YBR244W,YER014C-A,0,-3.7496393,0.04182509332895279,0.032999999821186066,0.07559999823570251
YDL095W,YLR281C,0,-3.749728,0.04177215322852135,0.032999999821186066,0.07569999992847443
YCL003W,YPR058W,0,-3.750065,0.04171934351325035,0.032999999821186066,0.07580000162124634
YPR158W-B,YDR528W,0,-3.7502134,0.0416666679084301,0.032999999821186066,0.07590000331401825
YIL148W,YLR157C-B,0,-3.7504666,0.041614122688770294,0.032999999821186066,0.07599999755620956
YBL103C-A,YLR165C,0,-3.750982,0.041561711579561234,0.032999999821186066,0.07609999924898148
YDR545W,YLR324W,0,-3.7511728,0.04150943458080292,0.032999999821186066,0.07620000094175339
YNL181W,YNR023W,0,-3.751636,0.04145728796720505,0.032999999821186066,0.0763000026345253
YPR016C,YHR163W,0,-3.7517989,0.041405268013477325,0.032999999821186066,0.07639999687671661
YGL226C-A,YMR027W,0,-3.7520907,0.04135338217020035,0.032999999821186066,0.07649999856948853
YFL035C,YHR146W,0,-3.7521157,0.041301626712083817,0.032999999821186066,0.07660000026226044
YPL199C,YLL004W,0,-3.7546053,0.04125000163912773,0.032999999821186066,0.07670000195503235
YBR111W-A,YFL021W,1,-3.7546566,0.04244694113731384,0.03400000184774399,0.07670000195503235
YER099C,YFL018W-A,0,-3.7552857,0.042394015938043594,0.03400000184774399,0.07680000364780426
YER170W,YNL328C,0,-3.7556164,0.04234122112393379,0.03400000184774399,0.07689999788999557
YBR052C,YLR154W-C,0,-3.7558172,0.042288556694984436,0.03400000184774399,0.07699999958276749
YOR131C,YHL015W,0,-3.7572007,0.042236026376485825,0.03400000184774399,0.0771000012755394
YGR122W,YNL236W,1,-3.7575397,0.043424319475889206,0.03500000014901161,0.0771000012755394
YER152C,YGR049W,0,-3.759372,0.043370507657527924,0.03500000014901161,0.07720000296831131
YHR033W,YBR012W-B,0,-3.7599614,0.043316829949617386,0.03500000014901161,0.07729999721050262
YPR003C,YHL019C,0,-3.7601516,0.04326328635215759,0.03500000014901161,0.07739999890327454
YOR036W,YFL060C,0,-3.76021,0.043209876865148544,0.03500000014901161,0.07750000059604645
YLR273C,YOR283W,0,-3.760926,0.04315659776329994,0.03500000014901161,0.07760000228881836
YHR005C-A,YNL234W,0,-3.760937,0.043103449046611786,0.03500000014901161,0.07769999653100967
YER014W,YOR008C-A,0,-3.760945,0.043050430715084076,0.03500000014901161,0.07779999822378159
YML062C,YGL096W,1,-3.761366,0.04422604292631149,0.035999998450279236,0.07779999822378159
YLR391W,YJL033W,0,-3.7617018,0.0441717803478241,0.035999998450279236,0.0778999999165535
YJR015W,YMR079W,0,-3.7621546,0.04411764815449715,0.035999998450279236,0.07800000160932541
YFR011C,YGL248W,0,-3.7630126,0.04406364634633064,0.035999998450279236,0.07810000330209732
YDR266C,YBL085W,0,-3.763809,0.04400977864861488,0.035999998450279236,0.07819999754428864
YMR069W,YMR016C,0,-3.764115,0.04395604506134987,0.035999998450279236,0.07829999923706055
YPR022C,YDR182W,0,-3.7643535,0.043902438133955,0.035999998450279236,0.07840000092983246
YCR102C,YER124C,0,-3.7647018,0.04384896531701088,0.035999998450279236,0.07850000262260437
YJL167W,YER077C,0,-3.7648313,0.043795619159936905,0.035999998450279236,0.07859999686479568
YKL173W,YHR079C-B,0,-3.7649357,0.043742407113313675,0.035999998450279236,0.0786999985575676
YCR080W,YGR186W,1,-3.7651584,0.04490291327238083,0.03700000047683716,0.0786999985575676
YMR295C,YBR133C,0,-3.7653098,0.04484848305583,0.03700000047683716,0.07880000025033951
YLR157C-B,YLR249W,0,-3.7659152,0.04479419067502022,0.03700000047683716,0.07890000194311142
YJR159W,YLR015W,0,-3.7670486,0.04474002495408058,0.03700000047683716,0.07900000363588333
YAL016W,YLR312C-B,0,-3.7677202,0.04468598961830139,0.03700000047683716,0.07909999787807465
YHL016C,YDR170W-A,0,-3.7679088,0.044632088392972946,0.03700000047683716,0.07919999957084656
YEL059C-A,YDR170W-A,0,-3.7681632,0.04457831382751465,0.03700000047683716,0.07930000126361847
YER074W,YDR243C,0,-3.7689495,0.0445246696472168,0.03700000047683716,0.07940000295639038
YFL006W,YLL046C,0,-3.769541,0.04447115212678909,0.03700000047683716,0.0794999971985817
YDR228C,YHR058C,1,-3.772391,0.045618247240781784,0.03799999877810478,0.0794999971985817
YFL011W-A,YCR054C,0,-3.772508,0.04556354880332947,0.03799999877810478,0.07959999889135361
YNL138W-A,YKL143W,0,-3.7728374,0.0455089807510376,0.03799999877810478,0.07970000058412552
YOL122C,YPR119W,0,-3.7729676,0.04545454680919647,0.03799999877810478,0.07980000227689743
YDL085C-A,YDL102W,0,-3.7733402,0.045400239527225494,0.03799999877810478,0.07989999651908875
YKL149C,YIL071W,0,-3.7740047,0.04534606263041496,0.03799999877810478,0.07999999821186066
YGR244C,YFL011W-A,0,-3.7744455,0.04529201611876488,0.03799999877810478,0.08009999990463257
YNL236W,YCR080W,1,-3.7746856,0.04642857238650322,0.039000000804662704,0.08009999990463257
YML033W,YBR127C,0,-3.7749684,0.046373363584280014,0.039000000804662704,0.08020000159740448
YKL027W,YDR361C,0,-3.7757447,0.04631828889250755,0.039000000804662704,0.08030000329017639
YLR148W,YDR379W,0,-3.7763462,0.04626334458589554,0.039000000804662704,0.0803999975323677
YEL048C,YGL241W,0,-3.7765715,0.04620853066444397,0.039000000804662704,0.08049999922513962
YLR392C,YMR070W,0,-3.7770004,0.04615384712815285,0.039000000804662704,0.08060000091791153
YAL022C,YPL067C,0,-3.777036,0.04609929025173187,0.039000000804662704,0.08070000261068344
YIL036W,YCR080W,1,-3.777281,0.047225501388311386,0.03999999910593033,0.08070000261068344
YPL052W-A,YGR207C,0,-3.777456,0.04716981202363968,0.03999999910593033,0.08079999685287476
YOR369C,YLR281C,0,-3.7774727,0.04711425304412842,0.03999999910593033,0.08089999854564667
YAR014C,YIL071W,0,-3.7776854,0.0470588244497776,0.03999999910593033,0.08100000023841858
YJL173C,YHR214C-B,0,-3.7777672,0.047003526240587234,0.03999999910593033,0.08110000193119049
YMR175W,YAR019C,0,-3.7805922,0.04694835841655731,0.03999999910593033,0.0812000036239624
YOR088W,YLR408C,0,-3.7807553,0.04689331725239754,0.03999999910593033,0.08129999786615372
YCR062W,YOR084W,0,-3.782797,0.04683840647339821,0.03999999910593033,0.08139999955892563
YGR204W,YFR024C,0,-3.782819,0.046783626079559326,0.03999999910593033,0.08150000125169754
YKL085W,YLR271W,0,-3.7832031,0.04672897234559059,0.03999999910593033,0.08160000294446945
YLL066C,YMR207C,0,-3.7835543,0.046674445271492004,0.03999999910593033,0.08169999718666077
YLL018C-A,YBL107C,0,-3.784166,0.046620044857263565,0.03999999910593033,0.08179999887943268
YGL185C,YKR055W,0,-3.7846558,0.04656577482819557,0.03999999910593033,0.08190000057220459
YDR489W,YHL029C,0,-3.784788,0.04651162773370743,0.03999999910593033,0.0820000022649765
YGL169W,YHR023W,0,-3.7853286,0.04645760729908943,0.03999999910593033,0.08209999650716782
YOR237W,YOR316C,0,-3.7853606,0.04640371352434158,0.03999999910593033,0.08219999819993973
YBR085C-A,YOR273C,0,-3.7855976,0.046349942684173584,0.03999999910593033,0.08229999989271164
YKL128C,YOR304C-A,0,-3.785685,0.046296294778585434,0.03999999910593033,0.08240000158548355
YDL134C-A,YPL267W,0,-3.7857323,0.04624277353286743,0.03999999910593033,0.08250000327825546
YMR315W,YNL261W,0,-3.7859638,0.04618937522172928,0.03999999910593033,0.08259999752044678
YGR191W,YCL060C,0,-3.785988,0.046136099845170975,0.03999999910593033,0.08269999921321869
YDR089W,YDR412W,0,-3.7861667,0.04608295112848282,0.03999999910593033,0.0828000009059906
YPR081C,YGR292W,0,-3.7863653,0.046029917895793915,0.03999999910593033,0.08290000259876251
YGR089W,YNL027W,0,-3.7866185,0.04597701132297516,0.03999999910593033,0.08299999684095383
YMR196W,YLR353W,0,-3.7874696,0.04592422395944595,0.03999999910593033,0.08309999853372574
YGL021W,YGL016W,0,-3.7876031,0.0458715595304966,0.03999999910593033,0.08320000022649765
YNL305C,YJL210W,0,-3.7880423,0.04581901431083679,0.03999999910593033,0.08330000191926956
YPL191C,YMR006C,0,-3.7885156,0.045766592025756836,0.03999999910593033,0.08340000361204147
YNL138W-A,YKL103C,0,-3.7886884,0.04571428522467613,0.03999999910593033,0.08349999785423279
YOR057W,YIL071W,0,-3.79057,0.04566210135817528,0.03999999910593033,0.0835999995470047
YBR111W-A,YGL070C,1,-3.791282,0.04675028473138809,0.04100000113248825,0.0835999995470047
YNL095C,YOR336W,0,-3.7929947,0.046697039157152176,0.04100000113248825,0.08370000123977661
YDR348C,YDR109C,0,-3.7930157,0.04664391279220581,0.04100000113248825,0.08380000293254852
YLR234W,YDR134C,0,-3.7931545,0.046590909361839294,0.04100000113248825,0.08389999717473984
YCL054W,YMR032W,0,-3.793279,0.04653802514076233,0.04100000113248825,0.08399999886751175
YHL003C,YPL225W,0,-3.7945135,0.046485260128974915,0.04100000113248825,0.08410000056028366
YLR274W,YBR245C,0,-3.795183,0.04643261432647705,0.04100000113248825,0.08420000225305557
YPR155C,YOR240W,0,-3.7955,0.046380091458559036,0.04100000113248825,0.08429999649524689
YGR015C,YJL129C,0,-3.7966943,0.046327684074640274,0.04100000113248825,0.0843999981880188
YPL014W,YHR007C,0,-3.7967207,0.04627539590001106,0.04100000113248825,0.08449999988079071
YPL083C,YJL021C,0,-3.7972314,0.046223223209381104,0.04100000113248825,0.08460000157356262
YJR158W,YBL017C,0,-3.797496,0.046171169728040695,0.04100000113248825,0.08470000326633453
YBR278W,YLR154C,0,-3.7984684,0.04611923545598984,0.04100000113248825,0.08479999750852585
YHR094C,YLR139C,0,-3.7999427,0.04606741666793823,0.04100000113248825,0.08489999920129776
YGR074W,YGR034W,0,-3.8002515,0.04601571336388588,0.04100000113248825,0.08500000089406967
YJL225C,YDR452W,0,-3.801263,0.04596412554383278,0.04100000113248825,0.08510000258684158
YJL056C,YIL017W,1,-3.8014524,0.04703247547149658,0.041999999433755875,0.08510000258684158
YDR127W,YCL062W,0,-3.8017242,0.0469798669219017,0.041999999433755875,0.0851999968290329
YLR139C,YER083C,0,-3.802143,0.046927373856306076,0.041999999433755875,0.08529999852180481
YOL165C,YJL200C,0,-3.8023512,0.046875,0.041999999433755875,0.08540000021457672
YEL048C,YBR093C,0,-3.802989,0.046822741627693176,0.041999999433755875,0.08550000190734863
YLL007C,YCR086W,0,-3.8033464,0.0467706024646759,0.041999999433755875,0.08560000360012054
YCR043C,YAL027W,0,-3.8034713,0.046718575060367584,0.041999999433755875,0.08569999784231186
YDR090C,YPL022W,0,-3.8044083,0.046666666865348816,0.041999999433755875,0.08579999953508377
YDR531W,YNR050C,0,-3.8046043,0.0466148741543293,0.041999999433755875,0.08590000122785568
YOR351C,YLR391W-A,0,-3.8049102,0.04656319320201874,0.041999999433755875,0.0860000029206276
YNL008C,YGR010W,0,-3.8059301,0.04651162773370743,0.041999999433755875,0.08609999716281891
YPR054W,YLL056C,0,-3.8061464,0.04646017774939537,0.041999999433755875,0.08619999885559082
YKL065C,YCR058C,0,-3.8065221,0.04640883952379227,0.041999999433755875,0.08630000054836273
YPR034W,YHR099W,1,-3.8071702,0.0474613681435585,0.0430000014603138,0.08630000054836273
YKR102W,YHL050C,0,-3.8071947,0.04740903899073601,0.0430000014603138,0.08640000224113464
YGR212W,YPL276W,0,-3.807554,0.047356829047203064,0.0430000014603138,0.08649999648332596
YDR013W,YJR066W,0,-3.807919,0.047304730862379074,0.0430000014603138,0.08659999817609787
YBL052C,YPL158C,0,-3.8079705,0.04725274816155434,0.0430000014603138,0.08669999986886978
YOL156W,YCR055C,0,-3.8079774,0.04720087721943855,0.0430000014603138,0.0868000015616417
YDR533C,YMR010W,0,-3.8086703,0.04714912176132202,0.0430000014603138,0.0869000032544136
YHR055C,YCL059C,0,-3.808838,0.04709748178720474,0.0430000014603138,0.08699999749660492
YHL050C,YPR010C,0,-3.8098943,0.04704595357179642,0.0430000014603138,0.08709999918937683
YGL153W,YBL059C-A,0,-3.8098943,0.046994537115097046,0.0430000014603138,0.08720000088214874
YNL314W,YDR173C,1,-3.810077,0.04803493618965149,0.04399999976158142,0.08720000088214874
YCL027C-A,YOR168W,0,-3.8100939,0.04798255115747452,0.04399999976158142,0.08730000257492065
YGR091W,YIR031C,0,-3.8103707,0.0479302816092968,0.04399999976158142,0.08739999681711197
YPR147C,YPR192W,0,-3.810566,0.04787812754511833,0.04399999976158142,0.08749999850988388
YPL014W,YKL165C,0,-3.8123755,0.04782608523964882,0.04399999976158142,0.08760000020265579
YGL116W,YBR037C,0,-3.8145196,0.04777415841817856,0.04399999976158142,0.0877000018954277
YNL062C,YHR079C-B,0,-3.8147674,0.04772234335541725,0.04399999976158142,0.08780000358819962
YPR161C,YKL162C,0,-3.8149788,0.0476706400513649,0.04399999976158142,0.08789999783039093
YBL003C,YDR375C,0,-3.8152277,0.0476190485060215,0.04399999976158142,0.08799999952316284
YCR062W,YBL001C,0,-3.8153079,0.047567568719387054,0.04399999976158142,0.08810000121593475
YJR069C,YDL211C,0,-3.8155782,0.047516196966171265,0.04399999976158142,0.08820000290870667
YNL168C,YKL063C,0,-3.8164055,0.04746494069695473,0.04399999976158142,0.08829999715089798
YOR051C,YMR122W-A,0,-3.8167818,0.047413792461156845,0.04399999976158142,0.08839999884366989
YDR248C,YKR095W,0,-3.8168862,0.04736275598406792,0.04399999976158142,0.0885000005364418
YDR228C,YOL004W,1,-3.817968,0.04838709533214569,0.04500000178813934,0.0885000005364418
YGR015C,YNL042W,0,-3.8196213,0.04833512380719185,0.04500000178813934,0.08860000222921371
YPR134W,YDR305C,0,-3.8197443,0.04828326031565666,0.04500000178813934,0.08869999647140503
YJR136C,YKL033W,0,-3.8200734,0.04823151230812073,0.04500000178813934,0.08879999816417694
YDR020C,YML123C,0,-3.8201733,0.04817987233400345,0.04500000178813934,0.08889999985694885
YPL051W,YER180C-A,0,-3.820503,0.048128340393304825,0.04500000178813934,0.08900000154972076
YIL131C,YHL009C,1,-3.8210058,0.049145299941301346,0.04600000008940697,0.08900000154972076
YBL002W,YBL103C-A,0,-3.8221815,0.049092847853899,0.04600000008940697,0.08910000324249268
YML027W,YCR080W,1,-3.8223917,0.05010661110281944,0.04699999839067459,0.08910000324249268
YDR348C,YJR014W,0,-3.8226328,0.050053246319293976,0.04699999839067459,0.08919999748468399
YLR408C,YNL307C,0,-3.8227494,0.05000000074505806,0.04699999839067459,0.0892999991774559
YKL015W,YOR338W,1,-3.822909,0.051009565591812134,0.04800000041723251,0.0892999991774559
YBR111W-A,YFL031W,1,-3.8240411,0.052016984671354294,0.04899999871850014,0.0892999991774559
YPL052W-A,YML093W,0,-3.8254035,0.05196182429790497,0.04899999871850014,0.08940000087022781
YPL093W,YIL071W,0,-3.8260744,0.051906779408454895,0.04899999871850014,0.08950000256299973
YLR155C,YHR199C,0,-3.8266191,0.051851850003004074,0.04899999871850014,0.08959999680519104
YBR278W,YKL138C-A,0,-3.8293796,0.051797039806842804,0.04899999871850014,0.08969999849796295
YOL088C,YDR185C,0,-3.8306391,0.051742345094680786,0.04899999871850014,0.08980000019073486
YLR129W,YPR019W,0,-3.8311293,0.05168776214122772,0.04899999871850014,0.08990000188350677
YDL239C,YFR017C,0,-3.831268,0.05163329839706421,0.04899999871850014,0.09000000357627869
YNL208W,YHR079C-A,0,-3.8316123,0.05157894641160965,0.04899999871850014,0.09009999781847
YEL042W,YLR050C,0,-3.8317947,0.05152470991015434,0.04899999871850014,0.09019999951124191
YKR095W,YJL013C,0,-3.8318028,0.05147058889269829,0.04899999871850014,0.09030000120401382
YIL130W,YOL041C,0,-3.8319604,0.05141657963395119,0.04899999871850014,0.09040000289678574
YKL212W,YKR041W,0,-3.8325915,0.05136268213391304,0.04899999871850014,0.09049999713897705
YGL227W,YBL017C,0,-3.8327103,0.051308900117874146,0.04899999871850014,0.09059999883174896
YGR231C,YIL071W,0,-3.8328536,0.051255229860544205,0.04899999871850014,0.09070000052452087
YNR020C,YHL040C,0,-3.8328702,0.05120167136192322,0.04899999871850014,0.09080000221729279
YFL060C,YMR272C,0,-3.8330977,0.051148224622011185,0.04899999871850014,0.0908999964594841
YGL046W,YHL033C,0,-3.8332517,0.051094889640808105,0.04899999871850014,0.09099999815225601
YDL134C-A,YAL038W,0,-3.833306,0.05104166641831398,0.04899999871850014,0.09109999984502792
YDR016C,YJL051W,0,-3.8334806,0.05098855495452881,0.04899999871850014,0.09120000153779984
YLR323C,YML058W-A,0,-3.8336432,0.05093555152416229,0.04899999871850014,0.09130000323057175
YBR111W-A,YDR167W,1,-3.8337266,0.05192108079791069,0.05000000074505806,0.09130000323057175
YCR055C,YGL220W,0,-3.8339367,0.05186722055077553,0.05000000074505806,0.09139999747276306
YCL033C,YKL158W,0,-3.8346033,0.05181347206234932,0.05000000074505806,0.09149999916553497
YOL031C,YBL100W-B,0,-3.8358452,0.051759835332632065,0.05000000074505806,0.09160000085830688
YGR150C,YKR086W,0,-3.838115,0.051706306636333466,0.05000000074505806,0.0917000025510788
YLL032C,YDR148C,0,-3.8381863,0.05165289342403412,0.05000000074505806,0.09179999679327011
YJL059W,YOR250C,0,-3.8387415,0.05159958824515343,0.05000000074505806,0.09189999848604202
YNR050C,YML053C,0,-3.8389754,0.05154639109969139,0.05000000074505806,0.09200000017881393
YOR038C,YBR049C,1,-3.8393877,0.052523173391819,0.050999999046325684,0.09200000017881393
YJL016W,YLR054C,0,-3.8401554,0.05246913433074951,0.050999999046325684,0.09210000187158585
YJR089W,YDL091C,0,-3.8402488,0.052415210753679276,0.050999999046325684,0.09220000356435776
YBR111W-A,YBL103C,1,-3.8404496,0.0533880889415741,0.052000001072883606,0.09220000356435776
YKR045C,YHR201C,0,-3.8407633,0.0533333346247673,0.052000001072883606,0.09229999780654907
YLR337W,YKR088C,0,-3.84206,0.053278688341379166,0.052000001072883606,0.09239999949932098
YHR117W,YER078C,0,-3.842086,0.05322415381669998,0.052000001072883606,0.0925000011920929
YLR414C,YNL328C,0,-3.8432312,0.05316973477602005,0.052000001072883606,0.09260000288486481
YPR190C,YKL130C,0,-3.8434079,0.053115423768758774,0.052000001072883606,0.09269999712705612
YER057C,YIL057C,0,-3.8437324,0.05306122452020645,0.052000001072883606,0.09279999881982803
YDL109C,YNL310C,0,-3.8437533,0.05300713703036308,0.052000001072883606,0.09290000051259995
YDR478W,YJL051W,0,-3.8439744,0.05295315757393837,0.052000001072883606,0.09300000220537186
YKL086W,YML109W,0,-3.8448482,0.05289928615093231,0.052000001072883606,0.09309999644756317
YGR274C,YBR111W-A,1,-3.8451397,0.05386178940534592,0.05299999937415123,0.09309999644756317
YFR044C,YJR066W,0,-3.8454287,0.053807105869054794,0.05299999937415123,0.09319999814033508
YHL020C,YOR224C,1,-3.845662,0.054766733199357986,0.05400000140070915,0.09319999814033508
YDR222W,YOR031W,0,-3.8457353,0.054711245000362396,0.05400000140070915,0.093299999833107
YPL242C,YJR154W,0,-3.8460743,0.05465587228536606,0.05400000140070915,0.0934000015258789
YML102W,YAR018C,0,-3.8466558,0.054600607603788376,0.05400000140070915,0.09350000321865082
YIL080W,YPL041C,0,-3.8467534,0.05454545468091965,0.05400000140070915,0.09359999746084213
YKR075C,YGR245C,0,-3.8484917,0.05449041351675987,0.05400000140070915,0.09369999915361404
YEL053C,YJL051W,0,-3.848606,0.05443548411130905,0.05400000140070915,0.09380000084638596
YFL011W-A,YLR082C,0,-3.8487701,0.054380666464567184,0.05400000140070915,0.09390000253915787
YOR352W,YPL183W-A,0,-3.8497756,0.05432595685124397,0.05400000140070915,0.09399999678134918
YNL185C,YER070W,0,-3.8499205,0.054271355271339417,0.05400000140070915,0.0940999984741211
YCR090C,YBR162C,0,-3.8500216,0.05421686917543411,0.05400000140070915,0.094200000166893
YGR071C,YPL175W,0,-3.8500621,0.054162487387657166,0.05400000140070915,0.09430000185966492
YJR154W,YDR108W,0,-3.8506253,0.05410821735858917,0.05400000140070915,0.09440000355243683
YBR240C,YKR038C,1,-3.8507538,0.055055055767297745,0.054999999701976776,0.09440000355243683
YKR102W,YPR147C,0,-3.8533657,0.054999999701976776,0.054999999701976776,0.09449999779462814
YNL271C,YDR248C,0,-3.8541958,0.05494505539536476,0.054999999701976776,0.09459999948740005
YEL039C,YLR426W,0,-3.8545167,0.0548902191221714,0.054999999701976776,0.09470000118017197
YGR251W,YJL128C,0,-3.8547723,0.054835494607686996,0.054999999701976776,0.09480000287294388
YNL194C,YLR453C,0,-3.8554456,0.054780878126621246,0.054999999701976776,0.09489999711513519
YDR503C,YHR083W,0,-3.8557,0.05472636967897415,0.054999999701976776,0.0949999988079071
YBL036C,YJR053W,0,-3.8578675,0.05467196926474571,0.054999999701976776,0.09510000050067902
YJR096W,YPL180W,0,-3.8580012,0.05461767688393593,0.054999999701976776,0.09520000219345093
YOR088W,YDR140W,0,-3.8590617,0.0545634925365448,0.054999999701976776,0.09529999643564224
YJR107W,YLR258W,0,-3.859298,0.05450941622257233,0.054999999701976776,0.09539999812841415
YIL092W,YPR111W,0,-3.8603628,0.05445544421672821,0.054999999701976776,0.09549999982118607
YNL138W-A,YML068W,0,-3.860522,0.05440158396959305,0.054999999701976776,0.09560000151395798
YPR094W,YGL146C,0,-3.8607006,0.054347824305295944,0.054999999701976776,0.09570000320672989
YDR144C,YOR240W,0,-3.8608677,0.054294176399707794,0.054999999701976776,0.0957999974489212
YBR069C,YPR121W,0,-3.8608859,0.054240632802248,0.054999999701976776,0.09589999914169312
YDL087C,YLR391W-A,0,-3.8611906,0.054187193512916565,0.054999999701976776,0.09600000083446503
YGR129W,YKR078W,0,-3.8613017,0.054133858531713486,0.054999999701976776,0.09610000252723694
YHR074W,YDR213W,0,-3.8617034,0.05408062785863876,0.054999999701976776,0.09619999676942825
YML014W,YDL233W,0,-3.861825,0.0540275052189827,0.054999999701976776,0.09629999846220016
YGL048C,YNL046W,0,-3.8625133,0.05397448316216469,0.054999999701976776,0.09640000015497208
YIL044C,YER175C,0,-3.862534,0.053921569138765335,0.054999999701976776,0.09650000184774399
YDR541C,YLR190W,0,-3.8634865,0.05386875569820404,0.054999999701976776,0.0966000035405159
YGL210W-A,YOR181W,0,-3.8639724,0.0538160465657711,0.054999999701976776,0.09669999778270721
YLR040C,YLR229C,0,-3.8641093,0.05376344174146652,0.054999999701976776,0.09679999947547913
YNL138W-A,YOL011W,0,-3.8642359,0.0537109375,0.054999999701976776,0.09690000116825104
YJR111C,YGR061C,0,-3.8643172,0.053658537566661835,0.054999999701976776,0.09700000286102295
YBR198C,YOR315W,1,-3.8648794,0.054580897092819214,0.0560000017285347,0.09700000286102295
YPL224C,YDL085C-A,0,-3.8648984,0.054527752101421356,0.0560000017285347,0.09709999710321426
YDR471W,YJL021C,0,-3.8650985,0.05447470769286156,0.0560000017285347,0.09719999879598618
YGL021W,YNL195C,0,-3.866164,0.054421767592430115,0.0560000017285347,0.09730000048875809
YPL231W,YDL129W,0,-3.8663907,0.05436893180012703,0.0560000017285347,0.09740000218153
YNL253W,YDR293C,0,-3.867408,0.054316196590662,0.0560000017285347,0.09749999642372131
YCR021C,YML033W,0,-3.8676884,0.05426356568932533,0.0560000017285347,0.09759999811649323
YMR045C,YPL068C,0,-3.8678048,0.05421103537082672,0.0560000017285347,0.09769999980926514
YPL276W,YIL043C,0,-3.86813,0.05415860563516617,0.0560000017285347,0.09780000150203705
YCL003W,YOR037W,0,-3.86877,0.05410628020763397,0.0560000017285347,0.09790000319480896
YDR531W,YPR173C,0,-3.8688066,0.054054055362939835,0.0560000017285347,0.09799999743700027
YDL156W,YER047C,0,-3.8691566,0.05400192737579346,0.0560000017285347,0.09809999912977219
YBR181C,YBR152W,0,-3.869602,0.053949903696775436,0.0560000017285347,0.0982000008225441
YPR174C,YMR273C,0,-3.8697972,0.053897980600595474,0.0560000017285347,0.09830000251531601
YHR081W,YGR272C,0,-3.8698192,0.05384615436196327,0.0560000017285347,0.09839999675750732
YMR244C-A,YLR139C,0,-3.869838,0.05379442870616913,0.0560000017285347,0.09849999845027924
YGR243W,YML045W,0,-3.8698695,0.05374280363321304,0.0560000017285347,0.09860000014305115
YIL057C,YEL053C,0,-3.870224,0.05369127541780472,0.0560000017285347,0.09870000183582306
YDR540C,YJR085C,0,-3.8702714,0.05363984778523445,0.0560000017285347,0.09880000352859497
YHR089C,YLR467W,0,-3.8704498,0.053588517010211945,0.0560000017285347,0.09889999777078629
YER156C,YJL209W,0,-3.87098,0.0535372830927372,0.0560000017285347,0.0989999994635582
YPL066W,YPL275W,0,-3.8711824,0.05348614975810051,0.0560000017285347,0.09910000115633011
YKL138C-A,YNL168C,0,-3.8716133,0.05343511328101158,0.0560000017285347,0.09920000284910202
YAL056W,YLR176C,1,-3.871973,0.05433746427297592,0.05700000002980232,0.09920000284910202
YFL035C,YKL017C,0,-3.8722644,0.05428571254014969,0.05700000002980232,0.09929999709129333
YHR108W,YER077C,0,-3.8728936,0.054234061390161514,0.05700000002980232,0.09939999878406525
YLR319C,YHR170W,0,-3.8741558,0.0541825108230114,0.05700000002980232,0.09950000047683716
YCR097WB,YGL212W,0,-3.874159,0.054131053388118744,0.05700000002980232,0.09960000216960907
YMR030W,YER169W,1,-3.874973,0.055028464645147324,0.057999998331069946,0.09960000216960907
YPL150W,YLL018C-A,0,-3.8750312,0.05497630313038826,0.057999998331069946,0.09969999641180038
YBR085C-A,YML099C,0,-3.8754625,0.054924242198467255,0.057999998331069946,0.0997999981045723
YJR052W,YOR396W,0,-3.8759203,0.05487228184938431,0.057999998331069946,0.09989999979734421
YNL318C,YMR017W,0,-3.8769302,0.05482041463255882,0.057999998331069946,0.10000000149011612
YGL017W,YPR078C,0,-3.8770108,0.054768647998571396,0.057999998331069946,0.10010000318288803
YOR222W,YMR122W-A,0,-3.8783178,0.05471698194742203,0.057999998331069946,0.10019999742507935
YMR268W-A,YLR376C,0,-3.8785613,0.05466540902853012,0.057999998331069946,0.10029999911785126
YMR074C,YER051W,0,-3.8804202,0.05461393669247627,0.057999998331069946,0.10040000081062317
YHL003C,YNL299W,0,-3.880748,0.054562557488679886,0.057999998331069946,0.10050000250339508
YOR106W,YCL003W,0,-3.8809922,0.05451127886772156,0.057999998331069946,0.1005999967455864
YCL019W,YJR033C,0,-3.8814375,0.05446009337902069,0.057999998331069946,0.1006999984383583
YBR111W-A,YIR017C,1,-3.8814607,0.05534709244966507,0.05900000035762787,0.1006999984383583
YDR040C,YOL105C,0,-3.8818965,0.055295221507549286,0.05900000035762787,0.10080000013113022
YHR002W,YKL075C,0,-3.8821137,0.05524344742298126,0.05900000035762787,0.10090000182390213
YER140W,YNL131W,0,-3.8822696,0.0551917664706707,0.05900000035762787,0.10100000351667404
YNL104C,YJL153C,0,-3.8826659,0.055140186101198196,0.05900000035762787,0.10109999775886536
YGR198W,YNL234W,0,-3.8826797,0.05508870258927345,0.05900000035762787,0.10119999945163727
YJL051W,YLL034C,0,-3.8829656,0.05503731220960617,0.05900000035762787,0.10130000114440918
YDL116W,YBL005W-A,0,-3.884037,0.05498601868748665,0.05900000035762787,0.10140000283718109
YDR014W,YKL222C,0,-3.8845642,0.054934822022914886,0.05900000035762787,0.1014999970793724
YCL057C-A,YBR058C-A,0,-3.884832,0.054883722215890884,0.05900000035762787,0.10159999877214432
YAR035W,YNL012W,0,-3.8848426,0.054832715541124344,0.05900000035762787,0.10170000046491623
YHR211W,YDR539W,0,-3.885098,0.054781801998615265,0.05900000035762787,0.10180000215768814
YNL208W,YHR009C,0,-3.8852513,0.05473098158836365,0.05900000035762787,0.10189999639987946
YNR061C,YDL185W,0,-3.8859072,0.05468025803565979,0.05900000035762787,0.10199999809265137
YCR058C,YEL053C,0,-3.886556,0.05462963134050369,0.05900000035762787,0.10209999978542328
YDL123W,YCL042W,0,-3.8865845,0.05457909405231476,0.05900000035762787,0.10220000147819519
YLR141W,YLR174W,0,-3.8870637,0.054528649896383286,0.05900000035762787,0.1023000031709671
YCR093W,YOL004W,1,-3.8870943,0.05540166050195694,0.05999999865889549,0.1023000031709671
YDR266C,YBR181C,0,-3.8873641,0.05535055324435234,0.05999999865889549,0.10239999741315842
YCL027C-A,YDR297W,0,-3.8874736,0.0552995391190052,0.05999999865889549,0.10249999910593033
YLR290C,YPR174C,0,-3.8877707,0.05524861812591553,0.05999999865889549,0.10260000079870224
YOR085W,YHR009C,0,-3.8878381,0.05519779026508331,0.05999999865889549,0.10270000249147415
YOR208W,YAR010C,0,-3.8878512,0.05514705926179886,0.05999999865889549,0.10279999673366547
YAR019C,YJR111C,0,-3.8879995,0.05509641766548157,0.05999999865889549,0.10289999842643738
YEL016C,YOR251C,0,-3.888004,0.055045872926712036,0.05999999865889549,0.10300000011920929
YDL085C-A,YML034W,0,-3.8883965,0.05499541759490967,0.05999999865889549,0.1031000018119812
YFR006W,YHR122W,0,-3.8884175,0.05494505539536476,0.05999999865889549,0.10320000350475311
YPL183C,YPR133W-A,0,-3.888514,0.054894786328077316,0.05999999865889549,0.10329999774694443
YGL013C,YIL128W,1,-3.8890188,0.05575868487358093,0.061000000685453415,0.10329999774694443
YGL240W,YNL087W,0,-3.8899732,0.05570776388049126,0.061000000685453415,0.10339999943971634
YLL061W,YAL009W,0,-3.890289,0.05565693601965904,0.061000000685453415,0.10350000113248825
YKL049C,YOL084W,0,-3.8912516,0.05560619756579399,0.061000000685453415,0.10360000282526016
YER053C,YPR095C,0,-3.892067,0.0555555559694767,0.061000000685453415,0.10369999706745148
YNL178W,YLR312C-B,0,-3.892923,0.05550500378012657,0.061000000685453415,0.10379999876022339
YLR325C,YGR001C,0,-3.8929799,0.055454544723033905,0.061000000685453415,0.1039000004529953
YNR018W,YOR307C,0,-3.8936477,0.0554041787981987,0.061000000685453415,0.10400000214576721
YNL208W,YLR271W,0,-3.8938935,0.05535390228033066,0.061000000685453415,0.10409999638795853
YEL016C,YBR016W,0,-3.8940184,0.05530371889472008,0.061000000685453415,0.10419999808073044
YFR040W,YBR009C,0,-3.8941398,0.05525362491607666,0.061000000685453415,0.10429999977350235
YOR192C,YNL092W,0,-3.8946526,0.055203620344400406,0.061000000685453415,0.10440000146627426
YNR059W,YBR012W-B,0,-3.8948479,0.05515370890498161,0.061000000685453415,0.10450000315904617
YNL041C,YMR310C,0,-3.896219,0.055103883147239685,0.061000000685453415,0.10459999740123749
YCR077C,YMR027W,0,-3.896537,0.05505415052175522,0.061000000685453415,0.1046999990940094
YOR327C,YPL108W,0,-3.8966424,0.055004507303237915,0.061000000685453415,0.10480000078678131
YLR391W-A,YMR016C,0,-3.8971264,0.054954953491687775,0.061000000685453415,0.10490000247955322
YCR016W,YBR301W,0,-3.897519,0.0549054890871048,0.061000000685453415,0.10499999672174454
YER140W,YPL244C,0,-3.8978167,0.05485611408948898,0.061000000685453415,0.10509999841451645
YMR050C,YDR184C,0,-3.8980873,0.05480682849884033,0.061000000685453415,0.10520000010728836
YDR253C,YER069W,0,-3.8982675,0.054757628589868546,0.061000000685453415,0.10530000180006027
YPR070W,YKR095W-A,1,-3.898756,0.05560538172721863,0.06199999898672104,0.10530000180006027
YOR328W,YBR094W,0,-3.899183,0.0555555559694767,0.06199999898672104,0.10540000349283218
YHR094C,YIR026C,0,-3.8996809,0.055505819618701935,0.06199999898672104,0.1054999977350235
YCR089W,YDR247W,0,-3.8999848,0.05545617267489433,0.06199999898672104,0.10559999942779541
YCR092C,YIR014W,0,-3.9002888,0.055406611412763596,0.06199999898672104,0.10570000112056732
YDL207W,YHR009C,0,-3.9016223,0.05535714328289032,0.06199999898672104,0.10580000281333923
YGL158W,YNL325C,0,-3.9019485,0.05530776083469391,0.06199999898672104,0.10589999705553055
YPL275W,YFR003C,0,-3.902613,0.05525846779346466,0.06199999898672104,0.10599999874830246
YPL033C,YOR022C,0,-3.9031835,0.05520926043391228,0.06199999898672104,0.10610000044107437
YPR003C,YPR115W,0,-3.9033976,0.05516014248132706,0.06199999898672104,0.10620000213384628
YLR103C,YEL032W,0,-3.9038393,0.0551111102104187,0.06199999898672104,0.1062999963760376
YJR015W,YPL063W,0,-3.9041169,0.05506216734647751,0.06199999898672104,0.10639999806880951
YGL185C,YDR333C,0,-3.9041471,0.05501331016421318,0.06199999898672104,0.10649999976158142
YGR250C,YFR047C,0,-3.905103,0.05496453866362572,0.06199999898672104,0.10660000145435333
YGR029W,YMR122W-A,0,-3.905545,0.05491585657000542,0.06199999898672104,0.10670000314712524
YPL190C,YKR095W-A,1,-3.9057074,0.055752214044332504,0.06300000101327896,0.10670000314712524
YNL138W-A,YCR024C-A,0,-3.9057112,0.05570291727781296,0.06300000101327896,0.10679999738931656
YPL052W-A,YJL029C,0,-3.9061728,0.055653709918260574,0.06300000101327896,0.10689999908208847
YNL329C,YER180C-A,0,-3.9065177,0.055604588240385056,0.06300000101327896,0.10700000077486038
YGL046W,YOR148C,0,-3.907246,0.0555555559694767,0.06300000101327896,0.1071000024676323
YJL106W,YCR055C,0,-3.9073198,0.05550660938024521,0.06300000101327896,0.10719999670982361
YNL068C,YIL017W,1,-3.9075224,0.056338027119636536,0.06400000303983688,0.10719999670982361
YPR022C,YJR130C,0,-3.9075427,0.056288477033376694,0.06400000303983688,0.10729999840259552
YIL018W,YCR054C,0,-3.9075701,0.056239016354084015,0.06400000303983688,0.10740000009536743
YAL001C,YOL132W,0,-3.9087102,0.0561896413564682,0.06400000303983688,0.10750000178813934
YMR140W,YPL108W,0,-3.908975,0.05614035204052925,0.06400000303983688,0.10760000348091125
YOR267C,YOL112W,0,-3.9091322,0.056091148406267166,0.06400000303983688,0.10769999772310257
YFL035C-A,YJR036C,0,-3.9092822,0.056042030453681946,0.06400000303983688,0.10779999941587448
YGR251W,YOR233W,0,-3.9094326,0.05599300190806389,0.06400000303983688,0.10790000110864639
YJR015W,YOR278W,0,-3.9102168,0.0559440553188324,0.06400000303983688,0.1080000028014183
YDR164C,YIR014W,0,-3.9102383,0.05589519813656807,0.06400000303983688,0.10809999704360962
YJR132W,YNL053W,0,-3.910289,0.05584642291069031,0.06400000303983688,0.10819999873638153
YFL030W,YDR425W,0,-3.9118083,0.05579773336648941,0.06400000303983688,0.10830000042915344
YHR202W,YPL222W,0,-3.913394,0.05574912950396538,0.06400000303983688,0.10840000212192535
YOR064C,YGR052W,0,-3.9148467,0.05570060759782791,0.06400000303983688,0.10849999636411667
YDR228C,YDR217C,1,-3.915093,0.056521739810705185,0.06499999761581421,0.10849999636411667
YIL148W,YLR391W,0,-3.9157884,0.05647263303399086,0.06499999761581421,0.10859999805688858
YJR009C,YCR070W,0,-3.9164383,0.0564236119389534,0.06499999761581421,0.10869999974966049
YKL112W,YJR140C,1,-3.9167907,0.057241976261138916,0.06599999964237213,0.10869999974966049
YPL168W,YHR039C,0,-3.9168074,0.057192374020814896,0.06599999964237213,0.1088000014424324
YDR089W,YGR038W,0,-3.9174488,0.05714285746216774,0.06599999964237213,0.10890000313520432
YPR204W,YPL172C,0,-3.9180417,0.05709342658519745,0.06599999964237213,0.10899999737739563
YNR032W,YBL100W-A,0,-3.9184353,0.057044077664613724,0.06599999964237213,0.10909999907016754
YAL056W,YER022W,1,-3.920352,0.05785837769508362,0.06700000166893005,0.10909999907016754
YCL060C,YNL062C,0,-3.9205792,0.05780845507979393,0.06700000166893005,0.10920000076293945
YLR089C,YKL055C,0,-3.9207866,0.057758621871471405,0.06700000166893005,0.10930000245571136
YOR194C,YNL222W,1,-3.9220035,0.058570198714733124,0.06800000369548798,0.10930000245571136
YBR016W,YNL261W,0,-3.9223344,0.058519791811704636,0.06800000369548798,0.10939999669790268
YNL255C,YHR214C-B,0,-3.9224355,0.05846947431564331,0.06800000369548798,0.10949999839067459
YJR029W,YPR007C,0,-3.9230676,0.05841924250125885,0.06800000369548798,0.1096000000834465
YHR083W,YIL001W,0,-3.923349,0.05836910009384155,0.06800000369548798,0.10970000177621841
YML029W,YNL187W,0,-3.9239097,0.05831903964281082,0.06800000369548798,0.10980000346899033
YDR370C,YLR435W,0,-3.9242737,0.058269064873456955,0.06800000369548798,0.10989999771118164
YLR309C,YDR049W,0,-3.924608,0.05821917951107025,0.06800000369548798,0.10999999940395355
YNL069C,YOR229W,0,-3.9249337,0.058169376105070114,0.06800000369548798,0.11010000109672546
YGL057C,YFL060C,0,-3.9256608,0.05811965838074684,0.06800000369548798,0.11020000278949738
YNR021W,YBR258C,0,-3.926275,0.05807002633810043,0.06800000369548798,0.11029999703168869
YHR033W,YPL283C,0,-3.927149,0.05802047625184059,0.06800000369548798,0.1103999987244606
YNL100W,YOR337W,0,-3.9275157,0.05797101557254791,0.06800000369548798,0.11050000041723251
YNR004W,YDR079W,0,-3.927746,0.0579216368496418,0.06800000369548798,0.11060000211000443
YAL008W,YGR263C,0,-3.9280107,0.05787234008312225,0.06800000369548798,0.11069999635219574
YEL020C,YNR064C,0,-3.9281242,0.05782312899827957,0.06800000369548798,0.11079999804496765
YBR040W,YLR129W,0,-3.9282036,0.057773999869823456,0.06800000369548798,0.11089999973773956
YNL181W,YHR169W,0,-3.928323,0.057724956423044205,0.06800000369548798,0.11100000143051147
YHR033W,YKL060C,0,-3.9284375,0.05767599493265152,0.06800000369548798,0.11110000312328339
YNL138W-A,YIL049W,0,-3.9291933,0.0576271191239357,0.06800000369548798,0.1111999973654747
YNL062C,YBL107C,0,-3.9299734,0.057578325271606445,0.06800000369548798,0.11129999905824661
YKL127W,YPR127W,0,-3.9299884,0.05752960965037346,0.06800000369548798,0.11140000075101852
YFL014W,YDL097C,0,-3.930547,0.05748097971081734,0.06800000369548798,0.11150000244379044
YHR076W,YAR044W,0,-3.9321775,0.05743243172764778,0.06800000369548798,0.11159999668598175
YCR061W,YPR078C,0,-3.9324195,0.05738396570086479,0.06800000369548798,0.11169999837875366
YLR253W,YOL117W,0,-3.9331925,0.05733558163046837,0.06800000369548798,0.11180000007152557
YPL183C,YBR233W-A,0,-3.9336956,0.05728727951645851,0.06800000369548798,0.11190000176429749
YCL005W-A,YJR095W,0,-3.9337032,0.05723905563354492,0.06800000369548798,0.1120000034570694
YDL121C,YDR331W,0,-3.933911,0.0571909174323082,0.06800000369548798,0.11209999769926071
YFL055W,YIR014W,0,-3.934246,0.05714285746216774,0.06800000369548798,0.11219999939203262
YMR104C,YCR107W,0,-3.935839,0.05709487944841385,0.06800000369548798,0.11230000108480453
YMR153W,YOR342C,0,-3.935892,0.057046979665756226,0.06800000369548798,0.11240000277757645
YGR243W,YHR050W,0,-3.9369073,0.05699916183948517,0.06800000369548798,0.11249999701976776
YOR372C,YFR019W,1,-3.9379418,0.057788945734500885,0.0689999982714653,0.11249999701976776
YNL172W,YDL161W,0,-3.9379816,0.05774058401584625,0.0689999982714653,0.11259999871253967
YKL070W,YPR028W,0,-3.9384499,0.057692307978868484,0.0689999982714653,0.11270000040531158
YGR179C,YBL018C,0,-3.9389224,0.057644110172986984,0.0689999982714653,0.1128000020980835
YOR088W,YDR119W,0,-3.9391763,0.05759599432349205,0.0689999982714653,0.11289999634027481
YLR087C,YNR014W,0,-3.9407358,0.057547956705093384,0.0689999982714653,0.11299999803304672
YKL047W,YNL327W,0,-3.9407656,0.057500001043081284,0.0689999982714653,0.11309999972581863
YJL016W,YGL194C,0,-3.9411728,0.05745212361216545,0.0689999982714653,0.11320000141859055
YBR154C,YKR095W-A,1,-3.9419363,0.058236271142959595,0.07000000029802322,0.11320000141859055
YER050C,YER067W,0,-3.9421208,0.05818786472082138,0.07000000029802322,0.11330000311136246
YAL034W-A,YER067W,0,-3.942958,0.058139536529779434,0.07000000029802322,0.11339999735355377
YAR029W,YOR132W,0,-3.9432423,0.058091286569833755,0.07000000029802322,0.11349999904632568
YLR008C,YPR147C,0,-3.9432933,0.05804311856627464,0.07000000029802322,0.1136000007390976
YIR013C,YER117W,0,-3.9440186,0.0579950287938118,0.07000000029802322,0.1137000024318695
YHR117W,YOR251C,0,-3.9441335,0.05794702097773552,0.07000000029802322,0.11379999667406082
YOR074C,YNL339C,0,-3.9441545,0.05789909139275551,0.07000000029802322,0.11389999836683273
YKR075C,YBR015C,0,-3.9460268,0.057851240038871765,0.07000000029802322,0.11400000005960464
YPR193C,YLL054C,0,-3.946696,0.05780346691608429,0.07000000029802322,0.11410000175237656
YEL064C,YNR021W,0,-3.946787,0.05775577574968338,0.07000000029802322,0.11420000344514847
YJR068W,YDR222W,0,-3.9477642,0.05770816281437874,0.07000000029802322,0.11429999768733978
YKR096W,YCL042W,0,-3.947813,0.057660624384880066,0.07000000029802322,0.1143999993801117
YLR424W,YPL162C,0,-3.9481072,0.05761316791176796,0.07000000029802322,0.1145000010728836
YNL144C,YDR291W,0,-3.948166,0.05756578966975212,0.07000000029802322,0.11460000276565552
YIR012W,YEL055C,0,-3.948178,0.05751848965883255,0.07000000029802322,0.11469999700784683
YLL007C,YKR023W,0,-3.94856,0.05747126415371895,0.07000000029802322,0.11479999870061874
YHR081W,YBL097W,0,-3.9486375,0.057424116879701614,0.07000000029802322,0.11490000039339066
YNR062C,YDL116W,0,-3.9489615,0.05737704783678055,0.07000000029802322,0.11500000208616257
YLR438C-A,YPL276W,0,-3.9489765,0.05733005702495575,0.07000000029802322,0.11509999632835388
YJR028W,YDR517W,0,-3.9491653,0.05728314071893692,0.07000000029802322,0.1151999980211258
YGL016W,YDL087C,0,-3.9494543,0.05723630264401436,0.07000000029802322,0.1152999997138977
YNL090W,YGL101W,0,-3.9502523,0.057189542800188065,0.07000000029802322,0.11540000140666962
YPR204W,YOR180C,0,-3.9508648,0.05714285746216774,0.07000000029802322,0.11550000309944153
YOR328W,YDR367W,0,-3.951224,0.057096246629953384,0.07000000029802322,0.11559999734163284
YBL054W,YBR204C,0,-3.9516742,0.0570497140288353,0.07000000029802322,0.11569999903440475
YPL083C,YAL024C,0,-3.951741,0.05700325593352318,0.07000000029802322,0.11580000072717667
YER147C,YPL074W,0,-3.95176,0.05695687606930733,0.07000000029802322,0.11590000241994858
YGR084C,YGR034W,0,-3.9518192,0.056910570710897446,0.07000000029802322,0.11599999666213989
YOR304C-A,YOR184W,0,-3.9519994,0.056864336133003235,0.07000000029802322,0.1160999983549118
YKR075C,YBR165W,0,-3.9522667,0.05681818351149559,0.07000000029802322,0.11620000004768372
YPL052W-A,YER051W,0,-3.952452,0.056772101670503616,0.07000000029802322,0.11630000174045563
YLR196W,YDL069C,0,-3.953667,0.05672609433531761,0.07000000029802322,0.11640000343322754
YNL222W,YDR183W,1,-3.9539957,0.05748987942934036,0.07100000232458115,0.11640000343322754
YLR071C,YDR464W,1,-3.954071,0.058252427726984024,0.07199999690055847,0.11640000343322754
YEL020W-A,YAL025C,0,-3.9545195,0.05820533633232117,0.07199999690055847,0.11649999767541885
YDR464W,YFL024C,1,-3.9545202,0.058966074138879776,0.0729999989271164,0.11649999767541885
YDL212W,YJL054W,0,-3.954564,0.058918483555316925,0.0729999989271164,0.11659999936819077
YLR089C,YGL060W,0,-3.9546092,0.05887096747756004,0.0729999989271164,0.11670000106096268
YCL005W-A,YER073W,0,-3.9547775,0.05882352963089943,0.0729999989271164,0.11680000275373459
YNL110C,YDR334W,0,-3.9548426,0.058776166290044785,0.0729999989271164,0.1168999969959259
YOR239W,YDR348C,0,-3.9549,0.05872888118028641,0.0729999989271164,0.11699999868869781
YFR013W,YBR056W,0,-3.9551008,0.058681670576334,0.0729999989271164,0.11710000038146973
YDR514C,YJL014W,0,-3.9557045,0.05863453820347786,0.0729999989271164,0.11720000207424164
YPL247C,YCL011C,0,-3.9564133,0.05858748033642769,0.0729999989271164,0.11729999631643295
YOL065C,YDR219C,0,-3.956641,0.05854049697518349,0.0729999989271164,0.11739999800920486
YGR017W,YBR242W,0,-3.9567437,0.058493588119745255,0.0729999989271164,0.11749999970197678
YGR230W,YOL163W,0,-3.957342,0.05844675749540329,0.0729999989271164,0.11760000139474869
YNL311C,YPR049C,0,-3.9573853,0.058400001376867294,0.0729999989271164,0.1177000030875206
YPL162C,YJR007W,0,-3.9579866,0.05835331603884697,0.0729999989271164,0.11779999732971191
YHR115C,YMR162C,0,-3.9582384,0.05830670893192291,0.0729999989271164,0.11789999902248383
YKL178C,YBR016W,0,-3.958509,0.058260176330804825,0.0729999989271164,0.11800000071525574
YFL006W,YOL077W-A,0,-3.9587142,0.05821371451020241,0.0729999989271164,0.11810000240802765
YJL004C,YJL147C,0,-3.9588718,0.05816733092069626,0.0729999989271164,0.11819999665021896
YJL030W,YDL112W,0,-3.9590285,0.05812101811170578,0.0729999989271164,0.11829999834299088
YGR030C,YLR087C,0,-3.9590409,0.05807477980852127,0.0729999989271164,0.11840000003576279
YMR134W,YPR152C,0,-3.9591815,0.05802861601114273,0.0729999989271164,0.1185000017285347
YCR052W,YFR019W,1,-3.9597619,0.05877680703997612,0.07400000095367432,0.1185000017285347
YPR028W,YGL038C,0,-3.9599776,0.05873015895485878,0.07400000095367432,0.11860000342130661
YNL329C,YDR473C,0,-3.9600413,0.05868358537554741,0.07400000095367432,0.11869999766349792
YOL021C,YJR056C,0,-3.9618075,0.05863708257675171,0.07400000095367432,0.11879999935626984
YJR073C,YLR424W,0,-3.9623058,0.05859065800905228,0.07400000095367432,0.11890000104904175
YPL024W,YLR050C,0,-3.9635823,0.058544304221868515,0.07400000095367432,0.11900000274181366
YDL116W,YOR202W,0,-3.9636774,0.05849802494049072,0.07400000095367432,0.11909999698400497
YER026C,YJL018W,0,-3.9641047,0.0584518164396286,0.07400000095367432,0.11919999867677689
YOL162W,YKR097W,0,-3.9655933,0.05840568244457245,0.07400000095367432,0.1193000003695488
YIR008C,YPL249C,0,-3.9656925,0.058359622955322266,0.07400000095367432,0.11940000206232071
YOL095C,YDR446W,0,-3.9662626,0.05831363424658775,0.07400000095367432,0.11949999630451202
YNL052W,YJL147C,0,-3.966722,0.05826771631836891,0.07400000095367432,0.11959999799728394
YDL211C,YKL204W,0,-3.9673655,0.05822187289595604,0.07400000095367432,0.11969999969005585
YDR514C,YDR046C,0,-3.967851,0.05817610025405884,0.07400000095367432,0.11980000138282776
YJL131C,YBR119W,0,-3.9682786,0.058130402117967606,0.07400000095367432,0.11990000307559967
YGR126W,YJR050W,0,-3.9684198,0.058084771037101746,0.07400000095367432,0.11999999731779099
YLR180W,YJL018W,0,-3.9686189,0.058039214462041855,0.07400000095367432,0.1200999990105629
YKL173W,YMR012W,0,-3.9693677,0.057993728667497635,0.07400000095367432,0.12020000070333481
YMR257C,YCR024C-A,0,-3.9697526,0.057948317378759384,0.07400000095367432,0.12030000239610672
YBR286W,YER014C-A,0,-3.969795,0.057902973145246506,0.07400000095367432,0.12039999663829803
YER059W,YHR020W,0,-3.9700077,0.0578576996922493,0.07400000095367432,0.12049999833106995
YDR541C,YKR078W,0,-3.97002,0.05781250074505806,0.07400000095367432,0.12060000002384186
YBR137W,YLR043C,0,-3.9715078,0.057767368853092194,0.07400000095367432,0.12070000171661377
YKR039W,YJR096W,0,-3.971979,0.057722307741642,0.07400000095367432,0.12080000340938568
YMR025W,YMR244C-A,0,-3.9723837,0.057677317410707474,0.07400000095367432,0.120899997651577
YDR470C,YGL253W,0,-3.9726448,0.05763239786028862,0.07400000095367432,0.12099999934434891
YIL103W,YBL100W-A,0,-3.9728186,0.05758754909038544,0.07400000095367432,0.12110000103712082
YPR204W,YBR281C,0,-3.9736376,0.057542767375707626,0.07400000095367432,0.12120000272989273
YMR172W,YGL096W,1,-3.9738102,0.05827505886554718,0.07500000298023224,0.12120000272989273
YER038C,YHR097C,0,-3.974112,0.05822981521487236,0.07500000298023224,0.12129999697208405
YDL240W,YKR092C,0,-3.9743564,0.05818463861942291,0.07500000298023224,0.12139999866485596
YGR243W,YPL053C,0,-3.9747462,0.058139536529779434,0.07500000298023224,0.12150000035762787
YKL125W,YML125C,0,-3.9749813,0.05809450149536133,0.07500000298023224,0.12160000205039978
YIL172C,YKL001C,0,-3.97545,0.05804953724145889,0.07500000298023224,0.1216999962925911
YKR043C,YGL226C-A,0,-3.9763107,0.05800464004278183,0.07500000298023224,0.121799997985363
YPL108W,YER106W,0,-3.9764488,0.05795981362462044,0.07500000298023224,0.12189999967813492
YIL115C,YNL245C,0,-3.976452,0.057915057986974716,0.07500000298023224,0.12200000137090683
YLR424W,YGR250C,0,-3.9771547,0.05787036940455437,0.07500000298023224,0.12210000306367874
YPL274W,YKL199C,0,-3.97787,0.05782575160264969,0.07500000298023224,0.12219999730587006
YDR239C,YIL159W,0,-3.9779985,0.05778120085597038,0.07500000298023224,0.12229999899864197
YKR086W,YLL054C,0,-3.9781463,0.05773672088980675,0.07500000298023224,0.12240000069141388
YBR188C,YPL113C,0,-3.978213,0.057692307978868484,0.07500000298023224,0.12250000238418579
YBR278W,YGR150C,0,-3.9783947,0.057647962123155594,0.07500000298023224,0.1225999966263771
YJL045W,YGR059W,0,-3.9784296,0.057603687047958374,0.07500000298023224,0.12269999831914902
YOR036W,YFL011W-A,0,-3.978936,0.057559479027986526,0.07500000298023224,0.12280000001192093
YML069W,YDR146C,1,-3.9790642,0.05828220769762993,0.07599999755620956,0.12280000001192093
YMR169C,YMR051C,0,-3.9792101,0.05823754891753197,0.07599999755620956,0.12290000170469284
YKL096W,YNL194C,0,-3.9797397,0.05819295719265938,0.07599999755620956,0.12300000339746475
YCR097WB,YGR088W,0,-3.9798872,0.05814843252301216,0.07599999755620956,0.12309999763965607
YJR100C,YLR369W,0,-3.9800436,0.05810397490859032,0.07599999755620956,0.12319999933242798
YIL073C,YGL185C,0,-3.9801025,0.05805958807468414,0.07599999755620956,0.12330000102519989
YMR277W,YDL083C,0,-3.9801528,0.05801526829600334,0.07599999755620956,0.1234000027179718
YDR090C,YDL247W,0,-3.9805057,0.05797101557254791,0.07599999755620956,0.12349999696016312
YLR287C,YKL132C,0,-3.980519,0.057926829904317856,0.07599999755620956,0.12359999865293503
YGR113W,YLR042C,0,-3.980838,0.05788271129131317,0.07599999755620956,0.12370000034570694
YPL249C-A,YFL018W-A,0,-3.9824207,0.05783865973353386,0.07599999755620956,0.12380000203847885
YEL032W,YNL188W,0,-3.982505,0.05779467523097992,0.07599999755620956,0.12389999628067017
YIL005W,YMR027W,0,-3.9826028,0.05775076150894165,0.07599999755620956,0.12399999797344208
YOR334W,YOR337W,0,-3.982661,0.057706911116838455,0.07599999755620956,0.12409999966621399
YPR172W,YMR244C-A,0,-3.9828155,0.05766312777996063,0.07599999755620956,0.1242000013589859
YDR540C,YBR030W,0,-3.982898,0.05761940777301788,0.07599999755620956,0.12430000305175781
YER034W,YNL052W,0,-3.9832103,0.057575758546590805,0.07599999755620956,0.12439999729394913
YDR073W,YLR263W,0,-3.983298,0.0575321726500988,0.07599999755620956,0.12449999898672104
YGL112C,YIR023W,1,-3.9838068,0.05824508145451546,0.07699999958276749,0.12449999898672104
YCR080W,YKL043W,1,-3.984595,0.05895691737532616,0.07800000160932541,0.12449999898672104
YGL234W,YCR090C,0,-3.985309,0.05891238525509834,0.07800000160932541,0.12460000067949295
YMR050C,YDR295C,0,-3.9857192,0.0588679239153862,0.07800000160932541,0.12470000237226486
YBR156C,YHR098C,0,-3.98682,0.05882352963089943,0.07800000160932541,0.12479999661445618
YLR288C,YLR346C,0,-3.9870484,0.05877920240163803,0.07800000160932541,0.12489999830722809
YAR029W,YNL147W,0,-3.9873536,0.05873493850231171,0.07800000160932541,0.125
YER150W,YKL084W,0,-3.9874828,0.05869074538350105,0.07800000160932541,0.1251000016927719
YLR131C,YFL021W,1,-3.9876416,0.05939849466085434,0.07900000363588333,0.1251000016927719
YHR117W,YMR045C,0,-3.988055,0.059353869408369064,0.07900000363588333,0.12520000338554382
YHR058C,YIR023W,1,-3.9882426,0.060060061514377594,0.07999999821186066,0.12520000338554382
YHR143W,YPR115W,0,-3.9882896,0.0600150041282177,0.07999999821186066,0.12530000507831573
YOL017W,YLR211C,0,-3.98829,0.05997001379728317,0.07999999821186066,0.12540000677108765
YOR292C,YJR074W,0,-3.9886193,0.05992509424686432,0.07999999821186066,0.12549999356269836
YFL006W,YIL072W,0,-3.988914,0.05988023802638054,0.07999999821186066,0.12559999525547028
YGL231C,YGL164C,0,-3.9891589,0.05983545258641243,0.07999999821186066,0.1256999969482422
YLR361C,YBR119W,0,-3.9893634,0.05979073420166969,0.07999999821186066,0.1257999986410141
YCR097WB,YKR021W,0,-3.9894402,0.05974607914686203,0.07999999821186066,0.125900000333786
YCR097W,YJR141W,0,-3.9897535,0.05970149114727974,0.07999999821186066,0.12600000202655792
YDR304C,YER067W,0,-3.9900563,0.05965697392821312,0.07999999821186066,0.12610000371932983
YOR302W,YJR056C,0,-3.990503,0.059612520039081573,0.07999999821186066,0.12620000541210175
YLR218C,YDR276C,0,-3.9910793,0.0595681294798851,0.07999999821186066,0.12630000710487366
YHR030C,YOR349W,0,-3.9911776,0.0595238097012043,0.07999999821186066,0.12639999389648438
YKL108W,YIL159W,0,-3.9919765,0.05947955325245857,0.07999999821186066,0.1264999955892563
YJL130C,YGR235C,0,-3.9925919,0.05943536385893822,0.07999999821186066,0.1265999972820282
YHR073W,YMR196W,0,-3.992687,0.059391241520643234,0.07999999821186066,0.1266999989748001
YHR073W,YDR265W,0,-3.9927003,0.059347182512283325,0.07999999821186066,0.12680000066757202
YDL109C,YKR023W,0,-3.9927714,0.05930318683385849,0.07999999821186066,0.12690000236034393
YDR079C-A,YKR095W-A,1,-3.993146,0.05999999865889549,0.08100000023841858,0.12690000236034393
YBL031W,YOR022C,0,-3.9931672,0.05995558947324753,0.08100000023841858,0.12700000405311584
YDL238C,YOR266W,0,-3.9935067,0.05991124361753464,0.08100000023841858,0.12710000574588776
YOR341W,YHR155W,0,-3.9948106,0.05986696109175682,0.08100000023841858,0.12720000743865967
YJR160C,YDR333C,0,-3.9951775,0.059822745621204376,0.08100000023841858,0.12729999423027039
YLR424W,YIL026C,0,-3.99523,0.059778597205877304,0.08100000023841858,0.1273999959230423
YAR003W,YHR155W,0,-3.9954164,0.059734512120485306,0.08100000023841858,0.1274999976158142
YOR051C,YPR174C,0,-3.996528,0.05969049409031868,0.08100000023841858,0.12759999930858612
YDR248C,YJL172W,0,-3.9971514,0.05964653939008713,0.08100000023841858,0.12770000100135803
YOR385W,YDR295C,0,-3.9972947,0.05960264801979065,0.08100000023841858,0.12780000269412994
YJR089W,YDR122W,0,-3.9974778,0.05955882370471954,0.08100000023841858,0.12790000438690186
YHR033W,YNL336W,0,-3.9974978,0.05951506271958351,0.08100000023841858,0.12800000607967377
YFL052W,YIL031W,0,-3.9975586,0.05947136506438255,0.08100000023841858,0.12809999287128448
YDR179C,YJR063W,0,-3.9977458,0.05942773446440697,0.08100000023841858,0.1281999945640564
YPL213W,YKL222C,0,-3.9982886,0.05938416346907616,0.08100000023841858,0.1282999962568283
YHR182W,YDR253C,0,-3.99839,0.05934065952897072,0.08100000023841858,0.12839999794960022
YDL085C-A,YJL144W,0,-3.9983985,0.059297218918800354,0.08100000023841858,0.12849999964237213
YOR304C-A,YGL215W,0,-3.9987016,0.059253841638565063,0.08100000023841858,0.12860000133514404
YJL131C,YDR263C,0,-3.998845,0.05921052768826485,0.08100000023841858,0.12870000302791595
YJR105W,YPR133W-A,0,-3.9996555,0.059167277067899704,0.08100000023841858,0.12880000472068787
YOR352W,YDR179C,0,-4.0007973,0.05912408605217934,0.08100000023841858,0.12890000641345978
YIL123W,YOR176W,0,-4.0011396,0.05908096209168434,0.08100000023841858,0.1289999932050705
YER053C,YJL026W,0,-4.00175,0.05903790146112442,0.08100000023841858,0.1290999948978424
YDR216W,YHR099W,1,-4.0018525,0.05972323194146156,0.0820000022649765,0.1290999948978424
YDR161W,YNL188W,0,-4.0020075,0.05967976525425911,0.0820000022649765,0.12919999659061432
YPL051W,YOR251C,0,-4.0023637,0.05963636189699173,0.0820000022649765,0.12929999828338623
YDR520C,YOR088W,0,-4.002468,0.059593021869659424,0.0820000022649765,0.12939999997615814
YKL108W,YOR385W,0,-4.002885,0.05954974517226219,0.0820000022649765,0.12950000166893005
YLR386W,YJL219W,0,-4.003115,0.059506531804800034,0.0820000022649765,0.12960000336170197
YMR291W,YMR106C,0,-4.003509,0.05946337804198265,0.0820000022649765,0.12970000505447388
YPR071W,YML012W,0,-4.0036907,0.05942029133439064,0.0820000022649765,0.1298000067472458
YLL006W,YDR342C,0,-4.004966,0.059377264231443405,0.0820000022649765,0.1298999935388565
YPL249C-A,YLR130C,0,-4.0054317,0.059334296733140945,0.0820000022649765,0.12999999523162842
YDL092W,YLR283W,0,-4.0057282,0.05929139629006386,0.0820000022649765,0.13009999692440033
YNL271C,YML132W,0,-4.006275,0.059248555451631546,0.0820000022649765,0.13019999861717224
YJR100C,YPR003C,0,-4.006316,0.05920577794313431,0.0820000022649765,0.13030000030994415
YPR001W,YGL164C,0,-4.007018,0.059163060039281845,0.0820000022649765,0.13040000200271606
YHR020W,YLR043C,0,-4.007049,0.059120405465364456,0.0820000022649765,0.13050000369548798
YNL313C,YOR112W,0,-4.007093,0.05907781049609184,0.0820000022649765,0.1306000053882599
YMR133W,YOR313C,0,-4.0072904,0.0590352788567543,0.0820000022649765,0.1307000070810318
YIL001W,YNL099C,0,-4.0076914,0.05899280682206154,0.0820000022649765,0.13079999387264252
YGR179C,YIL030C,0,-4.0077977,0.05895039439201355,0.0820000022649765,0.13089999556541443
YGL246C,YKL028W,1,-4.007818,0.05962643772363663,0.08299999684095383,0.13089999556541443
YDL131W,YMR078C,0,-4.0079317,0.0595836341381073,0.08299999684095383,0.13099999725818634
YDL077C,YMR165C,0,-4.008344,0.05954089015722275,0.08299999684095383,0.13109999895095825
YNL242W,YDR281C,0,-4.0085306,0.05949820950627327,0.08299999684095383,0.13120000064373016
YJR111C,YHR091C,0,-4.0091724,0.05945558845996857,0.08299999684095383,0.13130000233650208
YJR100C,YML092C,0,-4.009362,0.05941302701830864,0.08299999684095383,0.131400004029274
YPL242C,YDR185C,0,-4.009894,0.059370528906583786,0.08299999684095383,0.1315000057220459
YFL026W,YJR010W,0,-4.0103335,0.05932809039950371,0.08299999684095383,0.1316000074148178
YBR163W,YLR262C-A,0,-4.0106993,0.059285715222358704,0.08299999684095383,0.13169999420642853
YDL247W,YLR138W,0,-4.0107265,0.059243395924568176,0.08299999684095383,0.13179999589920044
YML085C,YML092C,0,-4.0108747,0.05920113995671272,0.08299999684095383,0.13189999759197235
YCR026C,YEL032W,0,-4.0110264,0.059158943593502045,0.08299999684095383,0.13199999928474426
YCR097WB,YAL058W,0,-4.011314,0.05911681056022644,0.08299999684095383,0.13210000097751617
YIL043C,YBL010C,0,-4.011747,0.05907473340630531,0.08299999684095383,0.13220000267028809
YPL051W,YPL275W,0,-4.0131083,0.05903271585702896,0.08299999684095383,0.13230000436306
YDR253C,YBR105C,0,-4.013117,0.05899076163768768,0.08299999684095383,0.1324000060558319
YHL025W,YFR040W,0,-4.0132284,0.05894886329770088,0.08299999684095383,0.13249999284744263
YHL003C,YDR236C,0,-4.0141377,0.058907024562358856,0.08299999684095383,0.13259999454021454
YPL225W,YCL045C,0,-4.015277,0.058865249156951904,0.08299999684095383,0.13269999623298645
YGL162W,YFL031W,1,-4.015628,0.059532247483730316,0.08399999886751175,0.13269999623298645
YJR028W,YPL068C,0,-4.015806,0.059490084648132324,0.08399999886751175,0.13279999792575836
YCR047C,YLL048C,0,-4.0160017,0.05944798141717911,0.08399999886751175,0.13289999961853027
YOR116C,YLR141W,0,-4.016006,0.059405941516160965,0.08399999886751175,0.13300000131130219
YDR244W,YGL053W,0,-4.0171475,0.0593639574944973,0.08399999886751175,0.1331000030040741
YER078C,YBR152W,0,-4.01726,0.05932203307747841,0.08399999886751175,0.133200004696846
YGL016W,YGR217W,0,-4.017367,0.059280168265104294,0.08399999886751175,0.13330000638961792
YGL082W,YLR348C,0,-4.0176487,0.059238363057374954,0.08399999886751175,0.13339999318122864
YMR288W,YHR003C,0,-4.018331,0.05919661745429039,0.08399999886751175,0.13349999487400055
YNL164C,YBL113C,0,-4.0191526,0.0591549277305603,0.08399999886751175,0.13359999656677246
YJR129C,YMR041C,0,-4.0192804,0.05911330133676529,0.08399999886751175,0.13369999825954437
YNL301C,YDR049W,0,-4.0200157,0.05907173082232475,0.08399999886751175,0.13379999995231628
YGR071C,YMR258C,0,-4.0202765,0.05903021618723869,0.08399999886751175,0.1339000016450882
YBR197C,YNR011C,0,-4.020397,0.05898876488208771,0.08399999886751175,0.1340000033378601
YAR050W,YDR006C,0,-4.0214624,0.0589473694562912,0.08399999886751175,0.13410000503063202
YDL243C,YPR095C,0,-4.021755,0.05890602990984917,0.08399999886751175,0.13420000672340393
YMR090W,YPR178W,0,-4.021898,0.05886474996805191,0.08399999886751175,0.13429999351501465
YNL314W,YLR417W,1,-4.022373,0.0595238097012043,0.08500000089406967,0.13429999351501465
YNL080C,YGR296W,0,-4.0229025,0.0594821535050869,0.08500000089406967,0.13439999520778656
YFL009W,YCR092C,0,-4.023874,0.05944056063890457,0.08500000089406967,0.13449999690055847
YDR206W,YBL031W,0,-4.024252,0.05939901992678642,0.08500000089406967,0.13459999859333038
YBR071W,YDL109C,0,-4.0246706,0.05935754254460335,0.08500000089406967,0.1347000002861023
YDR532C,YAL054C,0,-4.025507,0.05931612104177475,0.08500000089406967,0.1348000019788742
YGL244W,YDR183W,1,-4.0255246,0.05997210741043091,0.0860000029206276,0.1348000019788742
YJL045W,YKL215C,0,-4.026727,0.059930313378572464,0.0860000029206276,0.13490000367164612
YLR323C,YBR038W,0,-4.0273094,0.059888578951358795,0.0860000029206276,0.13500000536441803
YNL138W-A,YGL241W,0,-4.027549,0.0598469041287899,0.0860000029206276,0.13510000705718994
YGR113W,YMR016C,0,-4.02827,0.059805285185575485,0.0860000029206276,0.13519999384880066
YJL129C,YOR008C-A,0,-4.0282984,0.059763725847005844,0.0860000029206276,0.13529999554157257
YHR081W,YLR391W-A,0,-4.0283856,0.05972222238779068,0.0860000029206276,0.13539999723434448
YOR118W,YBR284W,0,-4.0284033,0.05968077853322029,0.0860000029206276,0.1354999989271164
YOL067C,YMR164C,1,-4.029026,0.06033287197351456,0.08699999749660492,0.1354999989271164
YEL020C,YIR019C,0,-4.0291314,0.06029105931520462,0.08699999749660492,0.1356000006198883
YPR186C,YDR049W,0,-4.0296583,0.06024930626153946,0.08699999749660492,0.13570000231266022
YER011W,YCL056C,0,-4.0296917,0.060207612812519073,0.08699999749660492,0.13580000400543213
YHR055C,YOR267C,0,-4.030043,0.060165975242853165,0.08699999749660492,0.13590000569820404
YLL045C,YEL053C,0,-4.0305524,0.06012439355254173,0.08699999749660492,0.13600000739097595
YER150W,YDR125C,0,-4.031244,0.060082871466875076,0.08699999749660492,0.13609999418258667
YAL017W,YMR228W,0,-4.031405,0.060041408985853195,0.08699999749660492,0.13619999587535858
YOR038C,YDL165W,1,-4.0317807,0.06068965420126915,0.08799999952316284,0.13619999587535858
YPL041C,YPL198W,0,-4.0319567,0.06064783036708832,0.08799999952316284,0.1362999975681305
YLR013W,YDL029W,0,-4.0321302,0.06060606241226196,0.08799999952316284,0.1363999992609024
YLR016C,YEL048C,0,-4.033034,0.060564350336790085,0.08799999952316284,0.13650000095367432
YAR010C,YML120C,0,-4.0334334,0.06052269786596298,0.08799999952316284,0.13660000264644623
YFL002C,YHR015W,0,-4.033505,0.060481101274490356,0.08799999952316284,0.13670000433921814
YLR383W,YER076C,0,-4.0338087,0.06043956056237221,0.08799999952316284,0.13680000603199005
YDR115W,YIL168W,0,-4.0339837,0.060398079454898834,0.08799999952316284,0.13689999282360077
YGR244C,YDR348C,0,-4.034012,0.06035665422677994,0.08799999952316284,0.13699999451637268
YBR204C,YBL010C,0,-4.0343404,0.06031528487801552,0.08799999952316284,0.1370999962091446
YML092C,YPL240C,0,-4.034379,0.060273971408605576,0.08799999952316284,0.1371999979019165
YDR217C,YIL128W,1,-4.0346117,0.06091718003153801,0.08900000154972076,0.1371999979019165
YBR069C,YBR133C,0,-4.035889,0.06087551265954971,0.08900000154972076,0.13729999959468842
YNR031C,YNL297C,0,-4.0363503,0.060833901166915894,0.08900000154972076,0.13740000128746033
YOR197W,YFL011W-A,0,-4.0369267,0.06079234927892685,0.08900000154972076,0.13750000298023224
YMR294W,YMR144W,0,-4.0369973,0.06075085327029228,0.08900000154972076,0.13760000467300415
YDR259C,YNL278W,1,-4.0373774,0.06139153987169266,0.09000000357627869,0.13760000467300415
YFR017C,YLR437C,0,-4.037447,0.061349693685770035,0.09000000357627869,0.13770000636577606
YNL133C,YER014C-A,0,-4.037655,0.06130790337920189,0.09000000357627869,0.13779999315738678
YGR179C,YJR118C,0,-4.0379863,0.06126616895198822,0.09000000357627869,0.1378999948501587
YFR006W,YPR149W,0,-4.0384707,0.06122449040412903,0.09000000357627869,0.1379999965429306
YDR251W,YDL154W,0,-4.039084,0.06118286773562431,0.09000000357627869,0.13809999823570251
YOR106W,YDL156W,0,-4.03926,0.061141304671764374,0.09000000357627869,0.13819999992847443
YAL031C,YMR165C,0,-4.039465,0.06109979748725891,0.09000000357627869,0.13830000162124634
YCR097W,YHR162W,0,-4.0397897,0.061058346182107925,0.09000000357627869,0.13840000331401825
YPL177C,YKR095W-A,1,-4.039864,0.0616949163377285,0.09099999815225601,0.13840000331401825
YGR103W,YPL168W,0,-4.039935,0.06165311485528946,0.09099999815225601,0.13850000500679016
YPL168W,YDL075W,0,-4.0400624,0.061611372977495193,0.09099999815225601,0.13860000669956207
YNL128W,YIL118W,0,-4.0402117,0.061569686979055405,0.09099999815225601,0.1386999934911728
YBR107C,YLR381W,0,-4.040253,0.06152806058526039,0.09099999815225601,0.1387999951839447
YJL023C,YDR248C,0,-4.0411706,0.061486486345529556,0.09099999815225601,0.1388999968767166
YAL003W,YBR016W,0,-4.0412917,0.0614449679851532,0.09099999815225601,0.13899999856948853
YDR259C,YGL162W,1,-4.041843,0.06207827106118202,0.09200000017881393,0.13899999856948853
YDR020C,YGR017W,0,-4.042434,0.062036413699388504,0.09200000017881393,0.13910000026226044
YML096W,YGR197C,0,-4.0429897,0.061994608491659164,0.09200000017881393,0.13920000195503235
YCR047C,YNL234W,0,-4.043119,0.0619528628885746,0.09200000017881393,0.13930000364780426
YPR172W,YER051W,0,-4.0437784,0.061911169439554214,0.09200000017881393,0.13940000534057617
YDR106W,YKR086W,0,-4.0438066,0.061869535595178604,0.09200000017881393,0.13950000703334808
YPR131C,YPR118W,0,-4.04426,0.06182795763015747,0.09200000017881393,0.1395999938249588
YBR028C,YMR274C,0,-4.0445547,0.061786435544490814,0.09200000017881393,0.1396999955177307
YNL315C,YMR252C,0,-4.0457,0.061744965612888336,0.09200000017881393,0.13979999721050262
YKR053C,YGL016W,0,-4.0457006,0.061703555285930634,0.09200000017881393,0.13989999890327454
YGR196C,YBR276C,0,-4.045877,0.06166219711303711,0.09200000017881393,0.14000000059604645
YGR103W,YKL158W,0,-4.04592,0.06162089854478836,0.09200000017881393,0.14010000228881836
YAR008W,YGL001C,0,-4.046106,0.06157965213060379,0.09200000017881393,0.14020000398159027
YPR180W,YNL012W,0,-4.046631,0.0615384615957737,0.09200000017881393,0.14030000567436218
YKL209C,YIL009C-A,0,-4.0467815,0.06149732694029808,0.09200000017881393,0.1404000073671341
YCL027W,YOR291W,0,-4.046825,0.06145624443888664,0.09200000017881393,0.1404999941587448
YIL166C,YJL048C,0,-4.0468326,0.06141522154211998,0.09200000017881393,0.14059999585151672
YGR038W,YMR045C,0,-4.0471125,0.061374250799417496,0.09200000017881393,0.14069999754428864
YPR204W,YKL194C,0,-4.047247,0.06133333221077919,0.09200000017881393,0.14079999923706055
YPR043W,YHR079C-B,0,-4.047382,0.06129247322678566,0.09200000017881393,0.14090000092983246
YNL144C,YML018C,0,-4.047466,0.06125166267156601,0.09200000017881393,0.14100000262260437
YFL002C,YBL025W,0,-4.048045,0.061210911720991135,0.09200000017881393,0.14110000431537628
YPR168W,YLR384C,1,-4.048086,0.06183510646224022,0.09300000220537186,0.14110000431537628
YML045W,YNR017W,0,-4.0485024,0.06179402023553848,0.09300000220537186,0.1412000060081482
YLR455W,YCL019W,0,-4.048581,0.06175298988819122,0.09300000220537186,0.1412999927997589
YPL267W,YPR185W,0,-4.049435,0.06171201169490814,0.09300000220537186,0.14139999449253082
YOR381W,YGR161C,0,-4.049622,0.06167108938097954,0.09300000220537186,0.14149999618530273
YFR027W,YOR110W,0,-4.0496473,0.06163021922111511,0.09300000220537186,0.14159999787807465
YNL183C,YJL218W,0,-4.049834,0.061589404940605164,0.09300000220537186,0.14169999957084656
YGL146C,YER136W,0,-4.0504837,0.06154864281415939,0.09300000220537186,0.14180000126361847
YOR302W,YJR021C,0,-4.0505424,0.0615079365670681,0.09300000220537186,0.14190000295639038
YOR180C,YPL275W,0,-4.0507894,0.061467282474040985,0.09300000220537186,0.1420000046491623
YOR124C,YDL157C,0,-4.050803,0.06142668426036835,0.09300000220537186,0.1421000063419342
YPL196W,YGR017W,0,-4.051307,0.06138613820075989,0.09300000220537186,0.14219999313354492
YGR204W,YJR131W,0,-4.051521,0.061345648020505905,0.09300000220537186,0.14229999482631683
YLR289W,YHL007C,0,-4.0517325,0.0613052062690258,0.09300000220537186,0.14239999651908875
YNR018W,YJR032W,0,-4.0520577,0.06126482039690018,0.09300000220537186,0.14249999821186066
YDL005C,YML015C,1,-4.0522237,0.06188281625509262,0.09399999678134918,0.14249999821186066
YNR041C,YML100W,0,-4.0523753,0.06184210628271103,0.09399999678134918,0.14259999990463257
YGR103W,YBR058C-A,0,-4.0527873,0.06180144473910332,0.09399999678134918,0.14270000159740448
YLL067C,YLR422W,0,-4.052964,0.06176084280014038,0.09399999678134918,0.1428000032901764
YMR234W,YMR011W,0,-4.0530987,0.061720289289951324,0.09399999678134918,0.1429000049829483
YOR019W,YNL159C,0,-4.053132,0.061679791659116745,0.09399999678134918,0.14300000667572021
YMR114C,YBR155W,0,-4.0546603,0.061639342457056046,0.09399999678134918,0.14309999346733093
YDR501W,YOL067C,1,-4.0549498,0.06225426122546196,0.0949999988079071,0.14309999346733093
YCR058C,YDR198C,0,-4.0559044,0.06221349164843559,0.0949999988079071,0.14319999516010284
YCR021C,YDL010W,0,-4.05662,0.062172774225473404,0.0949999988079071,0.14329999685287476
YJL171C,YKR070W,0,-4.0573115,0.06213211268186569,0.0949999988079071,0.14339999854564667
YCL057C-A,YKL166C,0,-4.0573626,0.06209150329232216,0.0949999988079071,0.14350000023841858
YGL155W,YLR381W,0,-4.057477,0.062050946056842804,0.0949999988079071,0.1436000019311905
YLL067C,YCL045C,0,-4.057789,0.062010444700717926,0.0949999988079071,0.1437000036239624
YKL042W,YNR019W,0,-4.058096,0.06196999177336693,0.0949999988079071,0.14380000531673431
YFL035C-B,YNL125C,0,-4.058832,0.06192959472537041,0.0949999988079071,0.14390000700950623
YNL095C,YMR208W,0,-4.0590153,0.061889249831438065,0.0949999988079071,0.14399999380111694
YPL108W,YPR133W-A,0,-4.059374,0.0618489570915699,0.0949999988079071,0.14409999549388885
YOL164W,YBR018C,0,-4.059709,0.061808716505765915,0.0949999988079071,0.14419999718666077
YCL027C-A,YIL117C,0,-4.0600395,0.061768531799316406,0.0949999988079071,0.14429999887943268
YGL175C,YDL097C,0,-4.060729,0.06172839552164078,0.0949999988079071,0.1444000005722046
YDR079C-A,YDR138W,1,-4.061168,0.062337663024663925,0.09600000083446503,0.1444000005722046
YPR078C,YMR273C,0,-4.061662,0.06229721009731293,0.09600000083446503,0.1445000022649765
YMR002W,YLR312C-B,0,-4.061785,0.06225680932402611,0.09600000083446503,0.1446000039577484
YNL247W,YOL057W,0,-4.0618978,0.06221646070480347,0.09600000083446503,0.14470000565052032
YJR107W,YOR052C,0,-4.0619497,0.062176164239645004,0.09600000083446503,0.14480000734329224
YDR283C,YHR028C,0,-4.0625257,0.06213592365384102,0.09600000083446503,0.14489999413490295
YGL035C,YAL056W,1,-4.0626874,0.06274256110191345,0.09700000286102295,0.14489999413490295
YCL045C,YPR063C,0,-4.0628977,0.0627020075917244,0.09700000286102295,0.14499999582767487
YDL129W,YNL322C,0,-4.063025,0.06266149878501892,0.09700000286102295,0.14509999752044678
YDR198C,YBL100W-A,0,-4.0632696,0.06262104213237762,0.09700000286102295,0.1451999992132187
YNL072W,YMR143W,0,-4.0632887,0.0625806450843811,0.09700000286102295,0.1453000009059906
YIL056W,YOL004W,1,-4.0634117,0.06318504363298416,0.09799999743700027,0.1453000009059906
YOR205C,YHR060W,0,-4.063787,0.06314432621002197,0.09799999743700027,0.1454000025987625
YEL026W,YDR243C,0,-4.064302,0.06310366839170456,0.09799999743700027,0.14550000429153442
YHL003C,YNL112W,0,-4.064409,0.06306306272745132,0.09799999743700027,0.14560000598430634
YDR450W,YKR096W,0,-4.0644617,0.06302250921726227,0.09799999743700027,0.14569999277591705
YMR287C,YIL087C,0,-4.064661,0.06298200786113739,0.09799999743700027,0.14579999446868896
YGR271C-A,YDR049W,0,-4.0647364,0.0629415512084961,0.09799999743700027,0.14589999616146088
YDR514C,YGR029W,0,-4.0648355,0.06290115416049957,0.09799999743700027,0.1459999978542328
YGL100W,YCR088W,0,-4.06489,0.06286080926656723,0.09799999743700027,0.1460999995470047
YDR131C,YBL100W-A,0,-4.065119,0.06282051652669907,0.09799999743700027,0.1462000012397766
YPR147C,YJL172W,0,-4.065184,0.06278026849031448,0.09799999743700027,0.14630000293254852
YPL283C,YPL162C,0,-4.065465,0.06274008005857468,0.09799999743700027,0.14640000462532043
YLR386W,YGL229C,0,-4.065766,0.06269993633031845,0.09799999743700027,0.14650000631809235
YNL070W,YBL022C,0,-4.0659733,0.0626598447561264,0.09799999743700027,0.14659999310970306
YML099C,YMR218C,0,-4.0663853,0.06261980533599854,0.09799999743700027,0.14669999480247498
YHR178W,YMR051C,0,-4.0663896,0.06257981806993484,0.09799999743700027,0.1467999964952469
YCR097WB,YBR230C,0,-4.0664406,0.06253988295793533,0.09799999743700027,0.1468999981880188
YGL158W,YPL049C,0,-4.066879,0.0625,0.09799999743700027,0.1469999998807907
YCL054W,YJL207C,0,-4.0672407,0.06246016547083855,0.09799999743700027,0.14710000157356262
YHR077C,YLL054C,0,-4.067555,0.06242038309574127,0.09799999743700027,0.14720000326633453
YPL041C,YJR117W,0,-4.067607,0.06238064914941788,0.09799999743700027,0.14730000495910645
YJL062W,YBL098W,0,-4.067863,0.06234096735715866,0.09799999743700027,0.14740000665187836
YKL011C,YKL096W-A,0,-4.068333,0.062301333993673325,0.09799999743700027,0.14749999344348907
YML079W,YDR418W,0,-4.0687575,0.06226175278425217,0.09799999743700027,0.147599995136261
YOR363C,YDR248C,0,-4.068954,0.06222222372889519,0.09799999743700027,0.1476999968290329
YJL030W,YFL035C-B,0,-4.0691752,0.06218273937702179,0.09799999743700027,0.1477999985218048
YER167W,YBL010C,0,-4.0696588,0.06214331090450287,0.09799999743700027,0.14790000021457672
YLL060C,YNL336W,0,-4.069844,0.06210393086075783,0.09799999743700027,0.14800000190734863
YFL018C,YBL013W,0,-4.070366,0.06206459924578667,0.09799999743700027,0.14810000360012054
YDR021W,YGL085W,0,-4.0704103,0.062025316059589386,0.09799999743700027,0.14820000529289246
YOR167C,YDL039C,0,-4.070808,0.061986085027456284,0.09799999743700027,0.14830000698566437
YEL016C,YCL073C,0,-4.070901,0.06194690242409706,0.09799999743700027,0.14839999377727509
YER102W,YJL207C,0,-4.071156,0.06190776824951172,0.09799999743700027,0.148499995470047
YLR069C,YBR110W,0,-4.0713086,0.061868686228990555,0.09799999743700027,0.1485999971628189
YOR018W,YNL122C,0,-4.0717573,0.06182965263724327,0.09799999743700027,0.14869999885559082
YOR391C,YFL029C,0,-4.0718174,0.06179066747426987,0.09799999743700027,0.14880000054836273
YGL244W,YCR020W-B,1,-4.07203,0.06238185241818428,0.0989999994635582,0.14880000054836273
YLR195C,YOR106W,0,-4.07289,0.062342569231987,0.0989999994635582,0.14890000224113464
YGL154C,YER078C,0,-4.0733337,0.0623033344745636,0.0989999994635582,0.14900000393390656
YER110C,YBL010C,0,-4.073336,0.062264151871204376,0.0989999994635582,0.14910000562667847
YDR307W,YNR041C,0,-4.073661,0.062225013971328735,0.0989999994635582,0.14920000731945038
YLR426W,YIL090W,0,-4.0743184,0.06218592822551727,0.0989999994635582,0.1492999941110611
YNL136W,YHL020C,1,-4.0749016,0.06277463585138321,0.10000000149011612,0.1492999941110611
YBR085C-A,YOR080W,0,-4.0750575,0.06273525953292847,0.10000000149011612,0.149399995803833
YNL240C,YMR045C,0,-4.075169,0.0626959279179573,0.10000000149011612,0.14949999749660492
YMR134W,YGL058W,0,-4.0753117,0.06265664100646973,0.10000000149011612,0.14959999918937683
YFL027C,YER014C-A,0,-4.0753675,0.06261740624904633,0.10000000149011612,0.14970000088214874
YIL080W,YHR098C,0,-4.0754766,0.0625782236456871,0.10000000149011612,0.14980000257492065
YJL004C,YBR241C,0,-4.07566,0.06253908574581146,0.10000000149011612,0.14990000426769257
YCL005W-A,YLR319C,0,-4.0756845,0.0625,0.10000000149011612,0.15000000596046448
YGL022W,YKR045C,0,-4.07577,0.06246096268296242,0.10000000149011612,0.1500999927520752
YJL225C,YOL001W,0,-4.0762286,0.062421973794698715,0.10000000149011612,0.1501999944448471
YER147C,YER038C,0,-4.077041,0.06238303333520889,0.10000000149011612,0.15029999613761902
YNL236W,YDL140C,1,-4.0772495,0.06296758353710175,0.10100000351667404,0.15029999613761902
YIL009W,YML005W,0,-4.0780444,0.06292834877967834,0.10100000351667404,0.15039999783039093
YEL020W-A,YDL059C,0,-4.0780506,0.06288916617631912,0.10100000351667404,0.15049999952316284
YGR091W,YPL065W,0,-4.0780783,0.06285002827644348,0.10100000351667404,0.15060000121593475
YOR258W,YHR121W,0,-4.0785,0.06281094253063202,0.10100000351667404,0.15070000290870667
YGL164C,YDR507C,0,-4.0785275,0.06277190893888474,0.10100000351667404,0.15080000460147858
YFL049W,YGL003C,0,-4.078559,0.06273292005062103,0.10100000351667404,0.1509000062942505
YEL022W,YLR263W,0,-4.078741,0.06269397586584091,0.10100000351667404,0.1509999930858612
YCL019W,YCR035C,0,-4.078847,0.06265508383512497,0.10100000351667404,0.15109999477863312
YLR108C,YKL032C,0,-4.0789,0.0626162439584732,0.10100000351667404,0.15119999647140503
YBR137W,YJL016W,0,-4.079054,0.06257744878530502,0.10100000351667404,0.15129999816417694
YKL075C,YOL136C,0,-4.079245,0.06253869831562042,0.10100000351667404,0.15139999985694885
YDR244W,YPL087W,0,-4.0793753,0.0625,0.10100000351667404,0.15150000154972076
YMR113W,YKL063C,0,-4.0795603,0.06246134638786316,0.10100000351667404,0.15160000324249268
YJL044C,YNL151C,0,-4.07957,0.0624227449297905,0.10100000351667404,0.1517000049352646
YHR199C,YLR278C,0,-4.079619,0.062384188175201416,0.10100000351667404,0.1518000066280365
YLR309C,YCL005W-A,0,-4.0800333,0.062345679849386215,0.10100000351667404,0.15189999341964722
YIL057C,YHR098C,0,-4.080306,0.062307216227054596,0.10100000351667404,0.15199999511241913
YBR028C,YDR529C,0,-4.0807047,0.062268804758787155,0.10100000351667404,0.15209999680519104
YPR148C,YIR010W,0,-4.0808396,0.062230437994003296,0.10100000351667404,0.15219999849796295
YHR045W,YDR444W,0,-4.081463,0.06219211965799332,0.10100000351667404,0.15230000019073486
YDR251W,YNR019W,0,-4.0817327,0.06215384602546692,0.10100000351667404,0.15240000188350677
YMR113W,YDR198C,0,-4.0819983,0.0621156208217144,0.10100000351667404,0.1525000035762787
YHR068W,YNL234W,0,-4.0820975,0.062077444046735764,0.10100000351667404,0.1526000052690506
YCL069W,YDL178W,0,-4.0822263,0.06203931197524071,0.10100000351667404,0.1527000069618225
YOR285W,YPL064C,0,-4.082485,0.06200122833251953,0.10100000351667404,0.15279999375343323
YHR072W,YNL024C,0,-4.0824943,0.06196318939328194,0.10100000351667404,0.15289999544620514
YLR386W,YDR014W,0,-4.0825515,0.06192519888281822,0.10100000351667404,0.15299999713897705
YPL005W,YGR287C,0,-4.0837927,0.06188725307583809,0.10100000351667404,0.15309999883174896
YER038C,YHR052W,0,-4.0844846,0.061849355697631836,0.10100000351667404,0.15320000052452087
YDL203C,YDR263C,0,-4.0847397,0.06181150674819946,0.10100000351667404,0.15330000221729279
YJL131C,YDR247W,0,-4.084851,0.06177369877696037,0.10100000351667404,0.1534000039100647
YGL091C,YLR287C,0,-4.0848536,0.06173594295978546,0.10100000351667404,0.1535000056028366
YIL009W,YCR016W,0,-4.0850377,0.06169822812080383,0.10100000351667404,0.15360000729560852
YML101C,YER106W,0,-4.0853286,0.061660561710596085,0.10100000351667404,0.15369999408721924
YPL153C,YAR050W,0,-4.0856023,0.06162294000387192,0.10100000351667404,0.15379999577999115
YCL045C,YIL103W,0,-4.086484,0.06158536672592163,0.10100000351667404,0.15389999747276306
YJL225C,YGL186C,0,-4.086972,0.061547838151454926,0.10100000351667404,0.15399999916553497
YCL014W,YGL094C,0,-4.087082,0.0615103542804718,0.10100000351667404,0.15410000085830688
YPL050C,YHR162W,0,-4.087087,0.06147291511297226,0.10100000351667404,0.1542000025510788
YPL139C,YJR003C,0,-4.087135,0.0614355243742466,0.10100000351667404,0.1543000042438507
YGL171W,YDL247W,0,-4.0874157,0.06139817461371422,0.10100000351667404,0.15440000593662262
YAR029W,YHR039C-A,0,-4.08747,0.06136087328195572,0.10100000351667404,0.15449999272823334
YML102W,YDL144C,0,-4.087657,0.0613236203789711,0.10100000351667404,0.15459999442100525
YMR178W,YNL077W,0,-4.088348,0.061286408454179764,0.10100000351667404,0.15469999611377716
YGR289C,YJR056C,0,-4.0890355,0.06124924123287201,0.10100000351667404,0.15479999780654907
YPL101W,YGL162W,1,-4.0899677,0.06181818246841431,0.10199999809265137,0.15479999780654907
YKL173W,YAL063C,0,-4.090327,0.061780739575624466,0.10199999809265137,0.15489999949932098
YKL064W,YGR236C,0,-4.0906453,0.06174334138631821,0.10199999809265137,0.1550000011920929
YGR274C,YML091C,1,-4.090894,0.062310948967933655,0.10300000011920929,0.1550000011920929
YJR086W,YPR115W,0,-4.090929,0.06227327510714531,0.10300000011920929,0.1551000028848648
YJR010W,YLL050C,0,-4.0910335,0.062235649675130844,0.10300000011920929,0.15520000457763672
YDL059C,YDR434W,0,-4.0917645,0.06219806894659996,0.10300000011920929,0.15530000627040863
YDL233W,YIL157C,0,-4.093325,0.06216053292155266,0.10300000011920929,0.15539999306201935
YLR345W,YHR038W,0,-4.093551,0.06212304159998894,0.10300000011920929,0.15549999475479126
YPL108W,YNL339C,0,-4.0945106,0.0620855949819088,0.10300000011920929,0.15559999644756317
YLR373C,YBR057C,0,-4.094579,0.06204819306731224,0.10300000011920929,0.15569999814033508
YAL041W,YNL234W,0,-4.095387,0.062010835856199265,0.10300000011920929,0.155799999833107
YML101C,YKL215C,0,-4.095728,0.06197352707386017,0.10300000011920929,0.1559000015258789
YDR077W,YPL068C,0,-4.0962267,0.061936259269714355,0.10300000011920929,0.15600000321865082
YDL168W,YIL067C,0,-4.0974402,0.06189903989434242,0.10300000011920929,0.15610000491142273
YIL056W,YML114C,1,-4.0977736,0.0624624639749527,0.10400000214576721,0.15610000491142273
YOR008C-A,YDL004W,0,-4.0978346,0.06242496892809868,0.10400000214576721,0.15620000660419464
YML111W,YMR259C,0,-4.098296,0.06238752231001854,0.10400000214576721,0.15629999339580536
YER059W,YKL117W,0,-4.0988607,0.06235012039542198,0.10400000214576721,0.15639999508857727
YJL113W,YDL197C,0,-4.0988755,0.062312763184309006,0.10400000214576721,0.15649999678134918
YLR131C,YNL199C,1,-4.09889,0.06287425011396408,0.10499999672174454,0.15649999678134918
YNL247W,YPL045W,0,-4.0992064,0.06283662468194962,0.10499999672174454,0.1565999984741211
YNL218W,YDR333C,0,-4.0994325,0.06279904395341873,0.10499999672174454,0.156700000166893
YCR102C,YOR049C,0,-4.099587,0.06276150792837143,0.10499999672174454,0.15680000185966492
YLR406C,YGR093W,0,-4.09978,0.06272401660680771,0.10499999672174454,0.15690000355243683
YLR264W,YOR131C,0,-4.100103,0.06268656998872757,0.10499999672174454,0.15700000524520874
YKL198C,YLL046C,0,-4.100448,0.06264916807413101,0.10499999672174454,0.15710000693798065
YKL002W,YPL130W,0,-4.1004715,0.06261180341243744,0.10499999672174454,0.15719999372959137
YLR108C,YGR188C,0,-4.100736,0.06257449090480804,0.10499999672174454,0.15729999542236328
YDL211C,YLR340W,0,-4.101162,0.06253722310066223,0.10499999672174454,0.1573999971151352
YDR337W,YOL022C,0,-4.1013513,0.0625,0.10499999672174454,0.1574999988079071
YPL143W,YDR348C,0,-4.102358,0.06246282160282135,0.10499999672174454,0.15760000050067902
YJL011C,YKL063C,0,-4.1028147,0.06242568418383598,0.10499999672174454,0.15770000219345093
YDL171C,YGL063W,0,-4.1028514,0.0623885914683342,0.10499999672174454,0.15780000388622284
YOR022C,YMR086W,0,-4.1029553,0.062351543456315994,0.10499999672174454,0.15790000557899475
YGL170C,YIR012W,0,-4.103582,0.06231454014778137,0.10499999672174454,0.15800000727176666
YOR255W,YML034W,0,-4.1038017,0.06227758154273033,0.10499999672174454,0.15809999406337738
YAL055W,YLR015W,0,-4.1040754,0.062240663915872574,0.10499999672174454,0.1581999957561493
YGR287C,YKR044W,0,-4.104978,0.0622037909924984,0.10499999672174454,0.1582999974489212
YGR100W,YDR186C,0,-4.1055565,0.0621669627726078,0.10499999672174454,0.15839999914169312
YDR370C,YDR410C,0,-4.106093,0.06213017925620079,0.10499999672174454,0.15850000083446503
YJL161W,YDR444W,0,-4.1062016,0.06209343671798706,0.10499999672174454,0.15860000252723694
YCL057C-A,YGR223C,0,-4.106454,0.06205673888325691,0.10499999672174454,0.15870000422000885
YGL110C,YHR076W,0,-4.1069827,0.06202008202672005,0.10499999672174454,0.15880000591278076
YNL181W,YJL212C,0,-4.1069913,0.06198346987366676,0.10499999672174454,0.15889999270439148
YGL070C,YGL244W,1,-4.107436,0.06253687292337418,0.10599999874830246,0.15889999270439148
YJL218W,YBR141C,0,-4.10744,0.0625,0.10599999874830246,0.1589999943971634
YIL120W,YGR207C,0,-4.10808,0.062463171780109406,0.10599999874830246,0.1590999960899353
YDR449C,YBR019C,0,-4.108191,0.062426384538412094,0.10599999874830246,0.15919999778270721
YEL071W,YKR019C,0,-4.1093044,0.062389642000198364,0.10599999874830246,0.15929999947547913
YMR045C,YER082C,0,-4.1097918,0.06235294044017792,0.10599999874830246,0.15940000116825104
YBR160W,YBL022C,0,-4.1098623,0.06231628358364105,0.10599999874830246,0.15950000286102295
YOR290C,YPR106W,0,-4.1102815,0.06227967143058777,0.10599999874830246,0.15960000455379486
YPL245W,YOR384W,0,-4.110861,0.06224310025572777,0.10599999874830246,0.15970000624656677
YDL156W,YLR180W,0,-4.1108723,0.06220657378435135,0.10599999874830246,0.1597999930381775
YKL027W,YDL202W,0,-4.1110435,0.06217008829116821,0.10599999874830246,0.1598999947309494
YJR144W,YBL035C,0,-4.1113424,0.06213364750146866,0.10599999874830246,0.1599999964237213
YJR051W,YHR147C,0,-4.1122966,0.06209724768996239,0.10599999874830246,0.16009999811649323
YPL162C,YNL111C,0,-4.112996,0.0620608888566494,0.10599999874830246,0.16019999980926514
YKR039W,YOL017W,0,-4.113486,0.06202457472681999,0.10599999874830246,0.16030000150203705
YBR090C,YDR098C,0,-4.1135263,0.06198830530047417,0.10599999874830246,0.16040000319480896
YPL126W,YPR049C,0,-4.1140995,0.061952073127031326,0.10599999874830246,0.16050000488758087
YDL039C,YNL224C,0,-4.114217,0.061915889382362366,0.10599999874830246,0.16060000658035278
YLR087C,YDR500C,0,-4.1144586,0.06187974289059639,0.10599999874830246,0.1606999933719635
YDL108W,YDR460W,1,-4.11454,0.06242706999182701,0.10700000077486038,0.1606999933719635
YBL082C,YOR049C,0,-4.1147356,0.06239067018032074,0.10700000077486038,0.1607999950647354
YGR289C,YGR235C,0,-4.1151595,0.06235431134700775,0.10700000077486038,0.16089999675750732
YIL001W,YDR293C,0,-4.1154876,0.062317997217178345,0.10700000077486038,0.16099999845027924
YER034W,YAR019C,0,-4.115803,0.06228172406554222,0.10700000077486038,0.16110000014305115
YPR148C,YGL238W,0,-4.1158586,0.06224549189209938,0.10700000077486038,0.16120000183582306
YER096W,YNL159C,0,-4.116048,0.06220930069684982,0.10700000077486038,0.16130000352859497
YBL106C,YLR292C,0,-4.116318,0.06217315420508385,0.10700000077486038,0.16140000522136688
YGL170C,YOL165C,0,-4.1166315,0.062137048691511154,0.10700000077486038,0.1615000069141388
YER070W,YJL196C,0,-4.117035,0.06210098788142204,0.10700000077486038,0.1615999937057495
YAR044W,YER083C,0,-4.1170664,0.062064964324235916,0.10700000077486038,0.16169999539852142
YPR034W,YPR072W,1,-4.1171823,0.06260869652032852,0.1080000028014183,0.16169999539852142
YGL124C,YHR202W,0,-4.117233,0.0625724196434021,0.1080000028014183,0.16179999709129333
YNL178W,YKL033W,0,-4.1172757,0.06253618746995926,0.1080000028014183,0.16189999878406525
YIL095W,YGR071C,0,-4.117371,0.0625,0.1080000028014183,0.16200000047683716
YGR225W,YJL147C,0,-4.1175733,0.062463853508234024,0.1080000028014183,0.16210000216960907
YFL036W,YNL046W,0,-4.1175833,0.06242774426937103,0.1080000028014183,0.16220000386238098
YIL052C,YIL067C,0,-4.1184087,0.06239167973399162,0.1080000028014183,0.1623000055551529
YOL112W,YHR009C,0,-4.119056,0.062355659902095795,0.1080000028014183,0.1624000072479248
YLL066C,YMR186W,0,-4.1190877,0.06231967732310295,0.1080000028014183,0.16249999403953552
YIL161W,YCR092C,0,-4.1197095,0.06228373572230339,0.1080000028014183,0.16259999573230743
YLR367W,YOR229W,0,-4.1200404,0.06224783882498741,0.1080000028014183,0.16269999742507935
YCL034W,YGR161C,0,-4.1205683,0.062211982905864716,0.1080000028014183,0.16279999911785126
YGR150C,YGL251C,0,-4.1208982,0.062176164239645004,0.1080000028014183,0.16290000081062317
YIL064W,YJR158W,0,-4.1212873,0.062140390276908875,0.1080000028014183,0.16300000250339508
YOR304C-A,YIL177C,0,-4.121612,0.06210465729236603,0.1080000028014183,0.163100004196167
YLR129W,YMR282C,0,-4.121845,0.062068965286016464,0.1080000028014183,0.1632000058889389
YPR129W,YDR161W,0,-4.1220098,0.062033314257860184,0.1080000028014183,0.16329999268054962
YDR222W,YHR083W,0,-4.1220818,0.061997704207897186,0.1080000028014183,0.16339999437332153
YLR303W,YPR152C,0,-4.122279,0.06196213513612747,0.1080000028014183,0.16349999606609344
YLR438C-A,YPR031W,0,-4.122571,0.06192660704255104,0.1080000028014183,0.16359999775886536
YHR099W,YLR449W,1,-4.122614,0.06246418505907059,0.10899999737739563,0.16359999775886536
YNL292W,YML111W,0,-4.122825,0.06242840737104416,0.10899999737739563,0.16369999945163727
YHR043C,YCR058C,0,-4.122916,0.06239267438650131,0.10899999737739563,0.16380000114440918
YJL056C,YLR449W,1,-4.1233172,0.06292906403541565,0.10999999940395355,0.16380000114440918
YLR141W,YLR301W,0,-4.123646,0.0628930851817131,0.10999999940395355,0.1639000028371811
YBR198C,YDL005C,1,-4.1237297,0.06342857331037521,0.11100000143051147,0.1639000028371811
YOR063W,YEL048C,0,-4.1239905,0.06339234858751297,0.11100000143051147,0.164000004529953
YBR255W,YNL095C,0,-4.124287,0.06335616111755371,0.11100000143051147,0.16410000622272491
YFL058W,YER096W,0,-4.124303,0.06332002580165863,0.11100000143051147,0.16419999301433563
YIR019C,YNL003C,0,-4.1244836,0.06328392028808594,0.11100000143051147,0.16429999470710754
YPR079W,YER076C,0,-4.1245313,0.06324786692857742,0.11100000143051147,0.16439999639987946
YGR274C,YKL020C,1,-4.124788,0.06378132104873657,0.1120000034570694,0.16439999639987946
YHL006C,YML130C,0,-4.1249647,0.06374502182006836,0.1120000034570694,0.16449999809265137
YLR312W-A,YPR111W,0,-4.1251945,0.06370875984430313,0.1120000034570694,0.16459999978542328
YKL052C,YGR161C,0,-4.125538,0.06367254257202148,0.1120000034570694,0.1647000014781952
YLR040C,YPR073C,0,-4.125901,0.06363636255264282,0.1120000034570694,0.1648000031709671
YMR104C,YIL071W,0,-4.1262593,0.06360022723674774,0.1120000034570694,0.164900004863739
YGL122C,YKL173W,0,-4.1266065,0.06356412917375565,0.1120000034570694,0.16500000655651093
YML078W,YKL215C,0,-4.1275287,0.06352807581424713,0.1120000034570694,0.16509999334812164
YKR043C,YJR010W,0,-4.1278315,0.0634920671582222,0.1120000034570694,0.16519999504089355
YOR058C,YPR172W,0,-4.1284366,0.06345608830451965,0.1120000034570694,0.16529999673366547
YGR215W,YNL195C,0,-4.128464,0.06342016160488129,0.1120000034570694,0.16539999842643738
YMR023C,YBR012W-B,0,-4.1285048,0.06338426470756531,0.1120000034570694,0.1655000001192093
YBR181C,YDR108W,0,-4.1285324,0.06334841996431351,0.1120000034570694,0.1656000018119812
YHR072W-A,YNL116W,0,-4.1288567,0.0633126050233841,0.1120000034570694,0.1657000035047531
YOR057W,YPR204W,0,-4.128901,0.06327683478593826,0.1120000034570694,0.16580000519752502
YOL156W,YNL155W,0,-4.1289406,0.06324110925197601,0.1120000034570694,0.16590000689029694
YOR396W,YIL009C-A,0,-4.1291265,0.06320542097091675,0.1120000034570694,0.16599999368190765
YKR079C,YLR245C,0,-4.129215,0.06316976994276047,0.1120000034570694,0.16609999537467957
YDR011W,YCL005W-A,0,-4.1294227,0.06313416361808777,0.1120000034570694,0.16619999706745148
YNL008C,YIL115C,0,-4.130522,0.06309859454631805,0.1120000034570694,0.1662999987602234
YGR184C,YPR019W,0,-4.131262,0.06306306272745132,0.1120000034570694,0.1664000004529953
YKR043C,YKL119C,0,-4.131418,0.06302757561206818,0.1120000034570694,0.1665000021457672
YML046W,YLL054C,0,-4.131433,0.06299212574958801,0.1120000034570694,0.16660000383853912
YMR274C,YDL240W,0,-4.131585,0.06295672059059143,0.1120000034570694,0.16670000553131104
YKL088W,YMR017W,0,-4.1319575,0.06292134523391724,0.1120000034570694,0.16680000722408295
YDR056C,YHR034C,0,-4.1324654,0.06288602203130722,0.1120000034570694,0.16689999401569366
YPL229W,YJL044C,0,-4.1326284,0.06285072863101959,0.1120000034570694,0.16699999570846558
YNL313C,YDR219C,0,-4.1328416,0.06281547993421555,0.1120000034570694,0.1670999974012375
YIR005W,YDR075W,0,-4.1338377,0.06278026849031448,0.1120000034570694,0.1671999990940094
YKR099C-A,YDR295C,0,-4.134495,0.062745101749897,0.1120000034570694,0.1673000007867813
YMR052W,YDR333C,0,-4.1349473,0.06270996481180191,0.1120000034570694,0.16740000247955322
YLR098C,YJL026W,0,-4.135399,0.0626748725771904,0.1120000034570694,0.16750000417232513
YDR464W,YMR172W,1,-4.1354604,0.06319910287857056,0.11299999803304672,0.16750000417232513
YDR213W,YHR189W,0,-4.135557,0.06316377967596054,0.11299999803304672,0.16760000586509705
YOR205C,YGL243W,0,-4.1355734,0.06312849372625351,0.11299999803304672,0.16769999265670776
YLL017W,YKR089C,0,-4.136039,0.06309324502944946,0.11299999803304672,0.16779999434947968
YPR063C,YGR034W,0,-4.1362834,0.0630580335855484,0.11299999803304672,0.1678999960422516
YGL224C,YHR141C,0,-4.1368318,0.06302286684513092,0.11299999803304672,0.1679999977350235
YOR326W,YMR013C,0,-4.136877,0.06298773735761642,0.11299999803304672,0.1680999994277954
YHR199C,YMR171C,0,-4.1369004,0.06295264512300491,0.11299999803304672,0.16820000112056732
YNL240C,YDR299W,0,-4.136911,0.06291759759187698,0.11299999803304672,0.16830000281333923
YBR198C,YOR224C,1,-4.1369934,0.06343906372785568,0.11400000005960464,0.16830000281333923
YNL047C,YLL066C,0,-4.137262,0.06340378522872925,0.11400000005960464,0.16840000450611115
YKL144C,YJL209W,0,-4.1379156,0.0633685365319252,0.11400000005960464,0.16850000619888306
YML024W,YCL003W,0,-4.1381416,0.06333333253860474,0.11400000005960464,0.16859999299049377
YDR439W,YNL245C,0,-4.1382823,0.06329816579818726,0.11400000005960464,0.16869999468326569
YDL232W,YER179W,0,-4.138376,0.06326304376125336,0.11400000005960464,0.1687999963760376
YLR154C,YKR006C,0,-4.1384616,0.06322795152664185,0.11400000005960464,0.1688999980688095
YHL018W,YER090W,0,-4.138527,0.06319290399551392,0.11400000005960464,0.16899999976158142
YCL069W,YDL112W,0,-4.1389613,0.06315789371728897,0.11400000005960464,0.16910000145435333
YFL052W,YHR214C-B,0,-4.1390767,0.06312292069196701,0.11400000005960464,0.16920000314712524
YIL083C,YDR122W,0,-4.139147,0.06308799237012863,0.11400000005960464,0.16930000483989716
YER147C,YNL110C,0,-4.139645,0.06305309385061264,0.11400000005960464,0.16940000653266907
YDR222W,YJL014W,0,-4.139861,0.06301824003458023,0.11400000005960464,0.16949999332427979
YGR017W,YMR013C,0,-4.140021,0.0629834234714508,0.11400000005960464,0.1695999950170517
YHR045W,YBL100W-A,0,-4.140186,0.06294864416122437,0.11400000005960464,0.1696999967098236
YGR274C,YHR143W-A,1,-4.1402893,0.06346578150987625,0.11500000208616257,0.1696999967098236
YNL329C,YAR019C,0,-4.140417,0.0634307786822319,0.11500000208616257,0.16979999840259552
YDL224C,YOR042W,0,-4.1408587,0.06339581310749054,0.11500000208616257,0.16990000009536743
YBR274W,YER020W,0,-4.140936,0.06336088478565216,0.11500000208616257,0.17000000178813934
YLR336C,YDL102W,0,-4.141318,0.06332599371671677,0.11500000208616257,0.17010000348091125
YCR021C,YDR334W,0,-4.1424284,0.06329113990068436,0.11500000208616257,0.17020000517368317
YMR270C,YKL092C,0,-4.1441326,0.06325632333755493,0.11500000208616257,0.17030000686645508
YGR179C,YDR356W,0,-4.144201,0.06322155147790909,0.11500000208616257,0.1703999936580658
YMR240C,YLR313C,0,-4.14424,0.06318681687116623,0.11500000208616257,0.1704999953508377
YIL057C,YAR002W,0,-4.144606,0.06315211206674576,0.11500000208616257,0.17059999704360962
YHR094C,YKR060W,0,-4.1450615,0.06311745196580887,0.11500000208616257,0.17069999873638153
YDL209C,YMR046C,0,-4.145064,0.06308282911777496,0.11500000208616257,0.17080000042915344
YBR042C,YLR283W,0,-4.145382,0.06304824352264404,0.11500000208616257,0.17090000212192535
YGR244C,YPL066W,0,-4.146049,0.06301369518041611,0.11500000208616257,0.17100000381469727
YCR054C,YLR447C,0,-4.1469483,0.06297919154167175,0.11500000208616257,0.17110000550746918
YLR273C,YOR180C,0,-4.1471024,0.06294471770524979,0.11500000208616257,0.1712000072002411
YPR191W,YPL029W,0,-4.147121,0.0629102811217308,0.11500000208616257,0.1712999939918518
YIL158W,YPL268W,0,-4.1479383,0.0628758892416954,0.11500000208616257,0.17139999568462372
YLR044C,YOL141W,0,-4.1480284,0.06284152716398239,0.11500000208616257,0.17149999737739563
YIR021W,YIL083C,0,-4.148242,0.06280720978975296,0.11500000208616257,0.17159999907016754
YIL125W,YPL280W,0,-4.1482887,0.06277292221784592,0.11500000208616257,0.17170000076293945
YCR020C-A,YPL276W,0,-4.1483197,0.06273867934942245,0.11500000208616257,0.17180000245571136
YOL080C,YER183C,0,-4.14843,0.06270447373390198,0.11500000208616257,0.17190000414848328
YGL116W,YAL003W,0,-4.148672,0.06267029792070389,0.11500000208616257,0.1720000058412552
YJL109C,YDR035W,0,-4.14908,0.06263616681098938,0.11500000208616257,0.1720999926328659
YKL018W,YNL236W,1,-4.1501093,0.0631464347243309,0.11599999666213989,0.1720999926328659
YPL231W,YDR304C,0,-4.1507583,0.06311208009719849,0.11599999666213989,0.17219999432563782
YMR003W,YML101C,0,-4.1509037,0.06307776272296906,0.11599999666213989,0.17229999601840973
YCR107W,YKR089C,0,-4.150992,0.06304347515106201,0.11599999666213989,0.17239999771118164
YJL039C,YML053C,0,-4.15113,0.06300923228263855,0.11599999666213989,0.17249999940395355
YIR033W,YLR055C,1,-4.1511793,0.06351791322231293,0.11699999868869781,0.17249999940395355
YBL100W-A,YIL142W,0,-4.1515155,0.06348345428705215,0.11699999868869781,0.17260000109672546
YDL208W,YLR307W,0,-4.151861,0.06344902515411377,0.11699999868869781,0.17270000278949738
YLR297W,YGL003C,0,-4.151874,0.06341463327407837,0.11699999868869781,0.1728000044822693
YCL026C-B,YLR158C,0,-4.1520576,0.06338027864694595,0.11699999868869781,0.1729000061750412
YJR003C,YPR004C,0,-4.152222,0.06334596872329712,0.11699999868869781,0.17299999296665192
YDL106C,YER071C,0,-4.1524816,0.06331168860197067,0.11699999868869781,0.17309999465942383
YDL144C,YGR188C,0,-4.152507,0.06327744573354721,0.11699999868869781,0.17319999635219574
YNL314W,YGL127C,1,-4.1525464,0.06378378719091415,0.11800000071525574,0.17319999635219574
YNL202W,YOL077W-A,0,-4.1531277,0.06374932825565338,0.11800000071525574,0.17329999804496765
YOR124C,YLR263W,0,-4.153216,0.063714899122715,0.11800000071525574,0.17339999973773956
YLR226W,YLR213C,0,-4.1533427,0.06368051469326019,0.11800000071525574,0.17350000143051147
YER067W,YNL190W,0,-4.1534414,0.06364616751670837,0.11800000071525574,0.1736000031232834
YFL052W,YBL097W,0,-4.1536427,0.06361185759305954,0.11800000071525574,0.1737000048160553
YKL209C,YPL162C,0,-4.154133,0.06357758492231369,0.11800000071525574,0.1738000065088272
YKL060C,YJL033W,0,-4.1548705,0.06354334950447083,0.11800000071525574,0.17389999330043793
YOR244W,YDR259C,1,-4.1552563,0.06404736638069153,0.11900000274181366,0.17389999330043793
YLR209C,YHR092C,0,-4.155357,0.06401290744543076,0.11900000274181366,0.17399999499320984
YMR257C,YGR001C,0,-4.1554565,0.06397849321365356,0.11900000274181366,0.17409999668598175
YHR188C,YOR155C,0,-4.1559687,0.06394411623477936,0.11900000274181366,0.17419999837875366
YNL309W,YBL100W-A,0,-4.1563582,0.06390977650880814,0.11900000274181366,0.17430000007152557
YPR082C,YDR418W,0,-4.1570134,0.0638754665851593,0.11900000274181366,0.17440000176429749
YGR218W,YLR197W,0,-4.157383,0.06384120136499405,0.11900000274181366,0.1745000034570694
YNL136W,YDR527W,1,-4.15812,0.06434316188097,0.11999999731779099,0.1745000034570694
YHR055C,YER145C,0,-4.1583652,0.06430868059396744,0.11999999731779099,0.1746000051498413
YGR236C,YHR163W,0,-4.158384,0.06427423655986786,0.11999999731779099,0.17470000684261322
YOL088C,YBR092C,0,-4.158715,0.06423982977867126,0.11999999731779099,0.17479999363422394
YNL242W,YNL329C,0,-4.1587844,0.06420546025037766,0.11999999731779099,0.17489999532699585
YFR027W,YNL118C,0,-4.1591825,0.06417112052440643,0.11999999731779099,0.17499999701976776
YOR391C,YNR020C,0,-4.1592174,0.06413682550191879,0.11999999731779099,0.17509999871253967
YMR086W,YIL004C,0,-4.1592574,0.06410256773233414,0.11999999731779099,0.17520000040531158
YMR323W,YJR154W,0,-4.159397,0.06406833976507187,0.11999999731779099,0.1753000020980835
YGR150C,YIR015W,0,-4.1594844,0.06403414905071259,0.11999999731779099,0.1754000037908554
YKL185W,YDR347W,0,-4.1596007,0.06400000303983688,0.11999999731779099,0.17550000548362732
YER155C,YMR165C,0,-4.159641,0.06396588683128357,0.11999999731779099,0.17560000717639923
YKR018C,YDR385W,0,-4.159647,0.06393180787563324,0.11999999731779099,0.17569999396800995
YHL033C,YIL159W,0,-4.159662,0.0638977661728859,0.11999999731779099,0.17579999566078186
YFL023W,YCR014C,0,-4.1600327,0.06386375427246094,0.11999999731779099,0.17589999735355377
YNL191W,YKL075C,0,-4.16061,0.06382978707551956,0.11999999731779099,0.17599999904632568
YDR531W,YIL164C,0,-4.1608095,0.06379584968090057,0.11999999731779099,0.1761000007390976
YER180C-A,YHR021C,0,-4.160851,0.06376195698976517,0.11999999731779099,0.1762000024318695
YJR015W,YGL134W,0,-4.160885,0.06372809410095215,0.11999999731779099,0.17630000412464142
YKL056C,YIL067C,0,-4.1609426,0.06369426846504211,0.11999999731779099,0.17640000581741333
YPL045W,YLR278C,0,-4.1611085,0.06366048008203506,0.11999999731779099,0.17649999260902405
YOR094W,YBL100W-A,0,-4.1614165,0.0636267215013504,0.11999999731779099,0.17659999430179596
YMR287C,YOR251C,0,-4.16159,0.06359300762414932,0.11999999731779099,0.17669999599456787
YIL017W,YDR463W,1,-4.1617007,0.06408898532390594,0.12099999934434891,0.17669999599456787
YHL003C,YGR158C,0,-4.161776,0.06405505537986755,0.12099999934434891,0.17679999768733978
YHR099W,YER169W,1,-4.1618495,0.06455026566982269,0.12200000137090683,0.17679999768733978
YDR259C,YIR023W,1,-4.1619773,0.06504494696855545,0.12300000339746475,0.17679999768733978
YBR036C,YLR164W,0,-4.162111,0.06501056998968124,0.12300000339746475,0.1768999993801117
YPL199C,YER139C,0,-4.1623316,0.06497623026371002,0.12300000339746475,0.1770000010728836
YNL202W,YMR122W-A,0,-4.1629047,0.06494192034006119,0.12300000339746475,0.17710000276565552
YNL213C,YDL030W,0,-4.162922,0.06490765511989594,0.12300000339746475,0.17720000445842743
YPL276W,YDL018C,0,-4.1634345,0.06487341970205307,0.12300000339746475,0.17730000615119934
YBR111W-A,YIR023W,1,-4.1636186,0.06536636501550674,0.12399999797344208,0.17730000615119934
YER146W,YKL222C,0,-4.1639233,0.06533192843198776,0.12399999797344208,0.17739999294281006
YKL042W,YHL044W,0,-4.1649985,0.06529752165079117,0.12399999797344208,0.17749999463558197
YAR029W,YCL005W,0,-4.165029,0.06526315957307816,0.12399999797344208,0.17759999632835388
YER031C,YJR133W,0,-4.1652436,0.06522882729768753,0.12399999797344208,0.1776999980211258
YKL034W,YCL027W,0,-4.1654654,0.06519453227519989,0.12399999797344208,0.1777999997138977
YLL032C,YDR372C,0,-4.166261,0.06516027450561523,0.12399999797344208,0.17790000140666962
YDL020C,YOR155C,0,-4.1664743,0.06512605398893356,0.12399999797344208,0.17800000309944153
YBR204C,YOR085W,0,-4.166699,0.06509186327457428,0.12399999797344208,0.17810000479221344
YDR213W,YJR117W,0,-4.1669655,0.06505770981311798,0.12399999797344208,0.17820000648498535
YPR071W,YPR103W,0,-4.1671743,0.06502359360456467,0.12399999797344208,0.17829999327659607
YKL209C,YOR291W,0,-4.1673965,0.06498951464891434,0.12399999797344208,0.17839999496936798
YGL146C,YJR130C,0,-4.167973,0.06495547294616699,0.12399999797344208,0.1784999966621399
YGR285C,YML081W,0,-4.169438,0.06492146849632263,0.12399999797344208,0.1785999983549118
YHR033W,YNL265C,0,-4.1698804,0.06488749384880066,0.12399999797344208,0.17870000004768372
YPL260W,YGR271W,0,-4.16991,0.06485355645418167,0.12399999797344208,0.17880000174045563
YFL052W,YER103W,0,-4.169948,0.06481965631246567,0.12399999797344208,0.17890000343322754
YDR214W,YPR185W,0,-4.1699524,0.06478578597307205,0.12399999797344208,0.17900000512599945
YGR173W,YDR482C,0,-4.1701035,0.06475196033716202,0.12399999797344208,0.17910000681877136
YLL031C,YDR255C,0,-4.1702623,0.06471816450357437,0.12399999797344208,0.17919999361038208
YKR022C,YLR290C,0,-4.1703014,0.06468440592288971,0.12399999797344208,0.179299995303154
YDR198C,YKR099C-A,0,-4.170735,0.06465067714452744,0.12399999797344208,0.1793999969959259
YDR181C,YNL007C,0,-4.1707478,0.06461698561906815,0.12399999797344208,0.17949999868869781
YBR228W,YNL054W,0,-4.171615,0.06458333134651184,0.12399999797344208,0.17960000038146973
YBR278W,YDR335W,0,-4.1717825,0.06454971432685852,0.12399999797344208,0.17970000207424164
YBR239C,YER132C,0,-4.172122,0.06451612710952759,0.12399999797344208,0.17980000376701355
YLR253W,YOR109W,0,-4.172149,0.06448257714509964,0.12399999797344208,0.17990000545978546
YBR296C,YDR006C,0,-4.1722765,0.06444906443357468,0.12399999797344208,0.18000000715255737
YHR159W,YER162C,0,-4.1728067,0.0644155815243721,0.12399999797344208,0.1800999939441681
YDR369C,YFR001W,0,-4.1729913,0.06438213586807251,0.12399999797344208,0.18019999563694
YKL119C,YLR263W,0,-4.1730213,0.0643487274646759,0.12399999797344208,0.18029999732971191
YIL036W,YAL032C,1,-4.173101,0.06483402848243713,0.125,0.18029999732971191
YIL004C,YIR026C,0,-4.1733885,0.06480041146278381,0.125,0.18039999902248383
YBR095C,YAL056W,1,-4.1735077,0.06528497487306595,0.12600000202655792,0.18039999902248383
YBR072W,YMR150C,0,-4.173525,0.06525116413831711,0.12600000202655792,0.18050000071525574
YOL055C,YPR135W,0,-4.1738515,0.06521739065647125,0.12600000202655792,0.18060000240802765
YNL100W,YBL059W,0,-4.173991,0.06518365442752838,0.12600000202655792,0.18070000410079956
YBR016W,YOR003W,0,-4.174164,0.0651499480009079,0.12600000202655792,0.18080000579357147
YGL010W,YNL233W,0,-4.1743784,0.0651162788271904,0.12600000202655792,0.1808999925851822
YBR160W,YPL200W,0,-4.1745653,0.06508264690637589,0.12600000202655792,0.1809999942779541
YBR152W,YDR356W,0,-4.1756597,0.06504904478788376,0.12600000202655792,0.181099995970726
YMR251W-A,YLR346C,0,-4.1758556,0.06501547992229462,0.12600000202655792,0.18119999766349792
YGR117C,YHR005C-A,0,-4.176688,0.06498195230960846,0.12600000202655792,0.18129999935626984
YGR179C,YDL157C,0,-4.1768823,0.06494845449924469,0.12600000202655792,0.18140000104904175
YPR079W,YJR045C,0,-4.1775107,0.0649149939417839,0.12600000202655792,0.18150000274181366
YPL011C,YDR138W,1,-4.1775584,0.0653964951634407,0.12700000405311584,0.18150000274181366
YBR276C,YJL099W,0,-4.1779633,0.0653628408908844,0.12700000405311584,0.18160000443458557
YPL229W,YCR036W,0,-4.1789517,0.06532921642065048,0.12700000405311584,0.18170000612735748
YJR112W,YLR147C,0,-4.1790037,0.06529562920331955,0.12700000405311584,0.1817999929189682
YGL169W,YJL225C,0,-4.1792655,0.0652620792388916,0.12700000405311584,0.1818999946117401
YNL023C,YJR159W,0,-4.179282,0.06522855907678604,0.12700000405311584,0.18199999630451202
YPR204W,YGL153W,0,-4.179503,0.06519506871700287,0.12700000405311584,0.18209999799728394
YER040W,YER148W,1,-4.1799498,0.06567470729351044,0.12800000607967377,0.18209999799728394
YCL027W,YER165W,0,-4.1799765,0.06564102321863174,0.12800000607967377,0.18219999969005585
YBR204C,YOL112W,0,-4.1801343,0.06560738384723663,0.12800000607967377,0.18230000138282776
YER167W,YDR263C,0,-4.180254,0.06557376682758331,0.12800000607967377,0.18240000307559967
YMR083W,YOL075C,0,-4.181278,0.06554019451141357,0.12800000607967377,0.18250000476837158
YKL112W,YPR133C,1,-4.181592,0.06601842492818832,0.1289999932050705,0.18250000476837158
YIR004W,YDR185C,0,-4.1821275,0.06598465144634247,0.1289999932050705,0.1826000064611435
YGR129W,YJR160C,0,-4.1826353,0.0659509226679802,0.1289999932050705,0.1826999932527542
YML026C,YBR271W,0,-4.182774,0.06591722369194031,0.1289999932050705,0.18279999494552612
YDL122W,YPR078C,0,-4.1832037,0.06588355451822281,0.1289999932050705,0.18289999663829803
YHR064C,YOR385W,0,-4.183477,0.0658499225974083,0.1289999932050705,0.18299999833106995
YOL091W,YMR162C,0,-4.1851254,0.06581632792949677,0.1289999932050705,0.18310000002384186
YOR352W,YLR436C,0,-4.185483,0.06578276306390762,0.1289999932050705,0.18320000171661377
YDR378C,YPL108W,0,-4.1855392,0.06574923545122147,0.1289999932050705,0.18330000340938568
YKR101W,YHR077C,0,-4.186056,0.0657157376408577,0.1289999932050705,0.1834000051021576
YOR219C,YJR158W,0,-4.1860948,0.06568228453397751,0.1289999932050705,0.1835000067949295
YNL072W,YJL043W,0,-4.1862106,0.06564885377883911,0.1289999932050705,0.18359999358654022
YPL150W,YDL029W,0,-4.1862154,0.0656154602766037,0.1289999932050705,0.18369999527931213
YMR087W,YNL256W,0,-4.1862416,0.06558210402727127,0.1289999932050705,0.18379999697208405
YGR296W,YMR144W,0,-4.18746,0.06554877758026123,0.1289999932050705,0.18389999866485596
YPL014W,YBR098W,0,-4.187919,0.06551548838615417,0.1289999932050705,0.18400000035762787
YDL088C,YMR244C-A,0,-4.188373,0.0654822364449501,0.1289999932050705,0.18410000205039978
YMR283C,YOR305W,0,-4.1892414,0.06544901430606842,0.1289999932050705,0.1842000037431717
YOR317W,YJR133W,0,-4.1893883,0.06541582196950912,0.1289999932050705,0.1843000054359436
YBR146W,YOR285W,0,-4.1899223,0.06538266688585281,0.1289999932050705,0.18440000712871552
YDR320C-A,YHR023W,0,-4.189931,0.06534954160451889,0.1289999932050705,0.18449999392032623
YHR167W,YBL006C,1,-4.189989,0.0658227875828743,0.12999999523162842,0.18449999392032623
YBR088C,YGR075C,0,-4.190423,0.06578947603702545,0.12999999523162842,0.18459999561309814
YJL062W,YAL024C,0,-4.190681,0.06575619429349899,0.12999999523162842,0.18469999730587006
YDR185C,YNL145W,0,-4.190817,0.06572294980287552,0.12999999523162842,0.18479999899864197
YKL179C,YHR142W,0,-4.1911755,0.06568974256515503,0.12999999523162842,0.18490000069141388
YDR370C,YPL259C,0,-4.1912255,0.06565656512975693,0.12999999523162842,0.1850000023841858
YNL010W,YKL119C,0,-4.191262,0.06562342494726181,0.12999999523162842,0.1851000040769577
YNL175C,YAR009C,0,-4.1920342,0.06559031456708908,0.12999999523162842,0.18520000576972961
YML081W,YJL138C,0,-4.192362,0.06555723398923874,0.12999999523162842,0.18529999256134033
YPL229W,YHR131C,0,-4.192646,0.06552419066429138,0.12999999523162842,0.18539999425411224
YER171W,YOL063C,1,-4.1931105,0.06599496304988861,0.13099999725818634,0.18539999425411224
YDR239C,YAL035W,0,-4.19325,0.06596173346042633,0.13099999725818634,0.18549999594688416
YDL133C-A,YPL200W,0,-4.1933417,0.06592853367328644,0.13099999725818634,0.18559999763965607
YKL049C,YLR145W,0,-4.193463,0.06589537113904953,0.13099999725818634,0.18569999933242798
YPL069C,YBL010C,0,-4.1938295,0.0658622458577156,0.13099999725818634,0.1858000010251999
YEL020C,YNL127W,0,-4.193907,0.06582914292812347,0.13099999725818634,0.1859000027179718
YJR129C,YDR239C,0,-4.1940384,0.06579608470201492,0.13099999725818634,0.1860000044107437
YDR457W,YPR019W,0,-4.194302,0.06576304882764816,0.13099999725818634,0.18610000610351562
YGR287C,YCR020C,0,-4.1944556,0.06573005765676498,0.13099999725818634,0.18619999289512634
YIL068C,YDL157C,0,-4.194474,0.0656970888376236,0.13099999725818634,0.18629999458789825
YDR115W,YDL075W,0,-4.194684,0.06566415727138519,0.13099999725818634,0.18639999628067017
YJR140C,YPR133C,1,-4.1953483,0.06613226234912872,0.13199999928474426,0.18639999628067017
YLR242C,YMR008C,0,-4.1954584,0.066099151968956,0.13199999928474426,0.18649999797344208
YHR100C,YER099C,0,-4.195763,0.06606606394052505,0.13199999928474426,0.186599999666214
YNR061C,YBR185C,0,-4.1959734,0.0660330131649971,0.13199999928474426,0.1867000013589859
YOR388C,YNL046W,0,-4.1965766,0.06599999964237213,0.13199999928474426,0.1868000030517578
YDL156W,YDR358W,0,-4.1967483,0.06596701592206955,0.13199999928474426,0.18690000474452972
YNL113W,YIL004C,0,-4.1968675,0.06593406945466995,0.13199999928474426,0.18700000643730164
YML026C,YNL260C,0,-4.1969237,0.06590114533901215,0.13199999928474426,0.18709999322891235
YML130C,YLR054C,0,-4.1969748,0.06586826592683792,0.13199999928474426,0.18719999492168427
YFR009W,YLR274W,0,-4.1972218,0.06583540886640549,0.13199999928474426,0.18729999661445618
YLR131C,YBR198C,1,-4.198298,0.06630109995603561,0.13300000131130219,0.18729999661445618
YOL032W,YPR134W,0,-4.198977,0.06626806408166885,0.13300000131130219,0.1873999983072281
YDR351W,YGR246C,0,-4.199284,0.06623505800962448,0.13300000131130219,0.1875
YIL002C,YDR185C,0,-4.1994643,0.0662020891904831,0.13300000131130219,0.1876000016927719
YOR113W,YDR065W,0,-4.199735,0.06616915762424469,0.13300000131130219,0.18770000338554382
YMR071C,YGL146C,0,-4.200932,0.06613624840974808,0.13300000131130219,0.18780000507831573
YCL056C,YPL115C,0,-4.2010164,0.06610337644815445,0.13300000131130219,0.18790000677108765
YDR244W,YBL059W,0,-4.201226,0.0660705417394638,0.13300000131130219,0.18799999356269836
YKL165C,YPR004C,0,-4.2014494,0.06603773683309555,0.13300000131130219,0.18809999525547028
YMR258C,YDR349C,0,-4.2015815,0.06600496172904968,0.13300000131130219,0.1881999969482422
YGL171W,YDR416W,0,-4.201863,0.0659722238779068,0.13300000131130219,0.1882999986410141
YNL207W,YMR268W-A,0,-4.2026324,0.0659395158290863,0.13300000131130219,0.188400000333786
YJL003W,YBR197C,0,-4.20337,0.0659068375825882,0.13300000131130219,0.18850000202655792
YHR088W,YCL027C-A,0,-4.203384,0.06587419658899307,0.13300000131130219,0.18860000371932983
YMR153W,YIR010W,0,-4.2036347,0.06584158539772034,0.13300000131130219,0.18870000541210175
YMR078C,YER083C,0,-4.204003,0.06580900400876999,0.13300000131130219,0.18880000710487366
YGR277C,YNL271C,0,-4.2042885,0.06577645987272263,0.13300000131130219,0.18889999389648438
YJL047C,YMR045C,0,-4.204609,0.06574394553899765,0.13300000131130219,0.1889999955892563
YPL057C,YER175C,0,-4.204825,0.06571146100759506,0.13300000131130219,0.1890999972820282
YGR122W,YPL235W,1,-4.2055597,0.06617283821105957,0.1340000033378601,0.1890999972820282
YFR015C,YNL122C,0,-4.2057304,0.06614017486572266,0.1340000033378601,0.1891999989748001
YOR229W,YGR061C,0,-4.205842,0.06610754877328873,0.1340000033378601,0.18930000066757202
YHR094C,YKR083C,0,-4.206095,0.06607495248317719,0.1340000033378601,0.18940000236034393
YKL070W,YLR201C,0,-4.2061715,0.06604238599538803,0.1340000033378601,0.18950000405311584
YPR071W,YOL102C,0,-4.2061906,0.06600984930992126,0.1340000033378601,0.18960000574588776
YCL073C,YPL174C,0,-4.2063465,0.06597734987735748,0.1340000033378601,0.18970000743865967
YLR253W,YDL202W,0,-4.2065935,0.06594488024711609,0.1340000033378601,0.18979999423027039
YNL079C,YLR283W,0,-4.2079053,0.06591244786977768,0.1340000033378601,0.1898999959230423
YDR406W,YPL280W,0,-4.208227,0.06588003784418106,0.1340000033378601,0.1899999976158142
YOR229W,YMR246W,0,-4.208263,0.06584766507148743,0.1340000033378601,0.19009999930858612
YCL045C,YBR272C,0,-4.208412,0.06581532210111618,0.1340000033378601,0.19020000100135803
YNL128W,YJR158W,0,-4.208539,0.06578301638364792,0.1340000033378601,0.19030000269412994
YBL061C,YNL194C,0,-4.20871,0.06575073301792145,0.1340000033378601,0.19040000438690186
YCR058C,YPR192W,0,-4.2093234,0.06571848690509796,0.1340000033378601,0.19050000607967377
YML053C,YLL034C,0,-4.2095513,0.06568627804517746,0.1340000033378601,0.19059999287128448
YLR160C,YHR133C,0,-4.209562,0.06565409153699875,0.1340000033378601,0.1906999945640564
YGL033W,YNL124W,0,-4.209679,0.06562194228172302,0.1340000033378601,0.1907999962568283
YFR031C,YLR455W,0,-4.209731,0.06558981537818909,0.1340000033378601,0.19089999794960022
YPL107W,YLR390W-A,0,-4.210283,0.06555773317813873,0.1340000033378601,0.19099999964237213
YPR192W,YLR390W,0,-4.2112846,0.06552567332983017,0.1340000033378601,0.19110000133514404
YDL014W,YJL072C,0,-4.2118607,0.065493643283844,0.1340000033378601,0.19120000302791595
YOR242C,YOR349W,0,-4.2119584,0.0654616504907608,0.1340000033378601,0.19130000472068787
YDL083C,YDR333C,0,-4.2120614,0.0654296875,0.1340000033378601,0.19140000641345978
YGR250C,YDR485C,0,-4.212257,0.06539775431156158,0.1340000033378601,0.1914999932050705
YPL212C,YBL097W,0,-4.2126737,0.06536585092544556,0.1340000033378601,0.1915999948978424
YBR085C-A,YJL115W,0,-4.2127967,0.06533398479223251,0.1340000033378601,0.19169999659061432
YPL194W,YOL058W,0,-4.213031,0.06530214101076126,0.1340000033378601,0.19179999828338623
YGR054W,YOR003W,0,-4.2133355,0.065270334482193,0.1340000033378601,0.19189999997615814
YAL043C,YMR227C,1,-4.213372,0.0657254159450531,0.13500000536441803,0.19189999997615814
YNL059C,YOR069W,0,-4.2138834,0.0656934306025505,0.13500000536441803,0.19200000166893005
YGL185C,YOR131C,0,-4.2139087,0.0656614750623703,0.13500000536441803,0.19210000336170197
YBL100W-B,YLR170C,0,-4.214077,0.06562955677509308,0.13500000536441803,0.19220000505447388
YKL086W,YDR295C,0,-4.214352,0.06559766829013824,0.13500000536441803,0.1923000067472458
YDR222W,YKR082W,0,-4.2143774,0.0655658096075058,0.13500000536441803,0.1923999935388565
YLR100W,YLL054C,0,-4.2148204,0.06553398072719574,0.13500000536441803,0.19249999523162842
YDR171W,YBR250W,0,-4.2148447,0.06550218164920807,0.13500000536441803,0.19259999692440033
YDR497C,YMR283C,0,-4.216522,0.06547041982412338,0.13500000536441803,0.19269999861717224
YMR097C,YHR202W,0,-4.2166214,0.06543868035078049,0.13500000536441803,0.19280000030994415
YPL195W,YIL069C,0,-4.217673,0.06540697813034058,0.13500000536441803,0.19290000200271606
YDL106C,YGL231C,0,-4.2177043,0.06537530571222305,0.13500000536441803,0.19300000369548798
YLR042C,YJL162C,0,-4.2177534,0.06534365564584732,0.13500000536441803,0.1931000053882599
YGL033W,YDL125C,0,-4.2181096,0.06531204283237457,0.13500000536441803,0.1932000070810318
YCL019W,YDL081C,0,-4.218351,0.06528046727180481,0.13500000536441803,0.19329999387264252
YPL184C,YER021W,0,-4.2184234,0.06524891406297684,0.13500000536441803,0.19339999556541443
YML042W,YLR233C,0,-4.218943,0.06521739065647125,0.13500000536441803,0.19349999725818634
YER016W,YGR113W,0,-4.2189527,0.06518589705228806,0.13500000536441803,0.19359999895095825
YLR262C,YHR076W,0,-4.2189956,0.06515444070100784,0.13500000536441803,0.19370000064373016
YGL116W,YMR135C,0,-4.2194247,0.06512300670146942,0.13500000536441803,0.19380000233650208
YLL067C,YDR447C,0,-4.2195187,0.06509160995483398,0.13500000536441803,0.193900004029274
YJR082C,YNL334C,0,-4.2209554,0.06506024301052094,0.13500000536441803,0.1940000057220459
YCR058C,YDR275W,0,-4.2209826,0.06502889841794968,0.13500000536441803,0.1941000074148178
YMR315W,YAR002W,0,-4.221662,0.0649975910782814,0.13500000536441803,0.19419999420642853
YPR114W,YEL066W,0,-4.222805,0.06496631354093552,0.13500000536441803,0.19429999589920044
YKL082C,YLL042C,0,-4.2229342,0.06493506580591202,0.13500000536441803,0.19439999759197235
YMR046C,YPL068C,0,-4.2229724,0.06490384787321091,0.13500000536441803,0.19449999928474426
YNL208W,YBR073W,0,-4.223143,0.06487265974283218,0.13500000536441803,0.19460000097751617
YDR348C,YBL013W,0,-4.2232795,0.06484150141477585,0.13500000536441803,0.19470000267028809
YIL123W,YNL217W,0,-4.223529,0.0648103728890419,0.13500000536441803,0.19480000436306
YOR385W,YMR124W,0,-4.2242823,0.06477927416563034,0.13500000536441803,0.1949000060558319
YKL075C,YOR311C,0,-4.224312,0.06474819779396057,0.13500000536441803,0.19499999284744263
YDL122W,YDL180W,0,-4.2245836,0.06471715867519379,0.13500000536441803,0.19509999454021454
YNL200C,YER051W,0,-4.2248645,0.06468614935874939,0.13500000536441803,0.19519999623298645
YKR099W,YBR240C,1,-4.225079,0.06513410061597824,0.13600000739097595,0.19519999623298645
YPL066W,YDL147W,0,-4.2252445,0.06510291993618011,0.13600000739097595,0.19529999792575836
YDL070W,YHR189W,0,-4.2255883,0.06507176905870438,0.13600000739097595,0.19539999961853027
YDR134C,YIL095W,0,-4.2256165,0.06504064798355103,0.13600000739097595,0.19550000131130219
YMR074C,YOR002W,0,-4.225736,0.06500955671072006,0.13600000739097595,0.1956000030040741
YDL066W,YIR039C,0,-4.2260985,0.06497850269079208,0.13600000739097595,0.195700004696846
YPL166W,YBL088C,0,-4.2264524,0.0649474710226059,0.13600000739097595,0.19580000638961792
YOR131C,YBR035C,0,-4.2270274,0.0649164691567421,0.13600000739097595,0.19589999318122864
YJL222W,YDR185C,0,-4.2270403,0.06488549709320068,0.13600000739097595,0.19599999487400055
YDR280W,YNL023C,0,-4.2271895,0.06485455483198166,0.13600000739097595,0.19609999656677246
YEL062W,YFR050C,0,-4.2273145,0.06482364237308502,0.13600000739097595,0.19619999825954437
YDL200C,YLR408C,0,-4.2275853,0.06479275971651077,0.13600000739097595,0.19629999995231628
YLL067C,YBR015C,0,-4.227662,0.06476190686225891,0.13600000739097595,0.1964000016450882
YOR251C,YIR014W,0,-4.2282476,0.06473108381032944,0.13600000739097595,0.1965000033378601
YML081W,YER019C-A,0,-4.2282553,0.06470028311014175,0.13600000739097595,0.19660000503063202
YOR010C,YNR056C,0,-4.228443,0.06466951966285706,0.13600000739097595,0.19670000672340393
YML133C,YOR270C,0,-4.2285357,0.06463878601789474,0.13600000739097595,0.19679999351501465
YIR014W,YDL099W,0,-4.2294855,0.06460807472467422,0.13600000739097595,0.19689999520778656
YPR161C,YPR106W,0,-4.2296424,0.06457740068435669,0.13600000739097595,0.19699999690055847
YML023C,YJR022W,0,-4.2296705,0.06454674899578094,0.13600000739097595,0.19709999859333038
YMR173W,YOL163W,0,-4.229712,0.06451612710952759,0.13600000739097595,0.1972000002861023
YOL019W,YOL163W,0,-4.230049,0.06448553502559662,0.13600000739097595,0.1973000019788742
YGR251W,YNL147W,0,-4.2301555,0.06445497274398804,0.13600000739097595,0.19740000367164612
YDL211C,YNL123W,0,-4.2301903,0.06442444026470184,0.13600000739097595,0.19750000536441803
YER053C,YLR190W,0,-4.2303348,0.06439393758773804,0.13600000739097595,0.19760000705718994
YJL059W,YJL063C,0,-4.2304087,0.06436346471309662,0.13600000739097595,0.19769999384880066
YML024W,YGL010W,0,-4.230521,0.06433302164077759,0.13600000739097595,0.19779999554157257
YIL014W,YCR107W,0,-4.2306547,0.06430260092020035,0.13600000739097595,0.19789999723434448
YPL088W,YJR131W,0,-4.2309523,0.0642722100019455,0.13600000739097595,0.1979999989271164
YIL026C,YGL243W,0,-4.2311797,0.06424184888601303,0.13600000739097595,0.1981000006198883
YHR008C,YER079W,0,-4.2324543,0.06421151757240295,0.13600000739097595,0.19820000231266022
YCR042C,YOL072W,1,-4.23355,0.06465313583612442,0.13699999451637268,0.19820000231266022
YDR528W,YDL240W,0,-4.233559,0.06462264060974121,0.13699999451637268,0.19830000400543213
YDR266C,YOR017W,0,-4.234122,0.06459217518568039,0.13699999451637268,0.19840000569820404
YNL072W,YGR217W,0,-4.234295,0.06456173211336136,0.13699999451637268,0.19850000739097595
YEL029C,YBL018C,0,-4.234689,0.06453132629394531,0.13699999451637268,0.19859999418258667
YBR083W,YCL055W,1,-4.2357483,0.06497175246477127,0.1379999965429306,0.19859999418258667
YCR102C,YPL078C,0,-4.2358994,0.0649411752820015,0.1379999965429306,0.19869999587535858
YPL167C,YER065C,0,-4.2362275,0.06491062790155411,0.1379999965429306,0.1987999975681305
YBL034C,YIR026C,0,-4.236292,0.06488011032342911,0.1379999965429306,0.1988999992609024
YJL093C,YPL187W,0,-4.236353,0.0648496225476265,0.1379999965429306,0.19900000095367432
YER053C,YMR051C,0,-4.23668,0.06481916457414627,0.1379999965429306,0.19910000264644623
YDR207C,YDR295C,0,-4.237177,0.06478872895240784,0.1379999965429306,0.19920000433921814
YNR004W,YJR111C,0,-4.237745,0.06475833058357239,0.1379999965429306,0.19930000603199005
YGR191W,YDR333C,0,-4.2379436,0.06472795456647873,0.1379999965429306,0.19939999282360077
YLR427W,YMR011W,0,-4.2381043,0.06469760835170746,0.1379999965429306,0.19949999451637268
YMR045C,YNR055C,0,-4.238302,0.06466729193925858,0.1379999965429306,0.1995999962091446
YDR228C,YMR091C,1,-4.238854,0.0651053860783577,0.13899999856948853,0.1995999962091446
YER014W,YFL027C,0,-4.239195,0.06507490575313568,0.13899999856948853,0.1996999979019165
YKR078W,YKR055W,0,-4.2394223,0.06504445523023605,0.13899999856948853,0.19979999959468842
YER106W,YNL187W,0,-4.2395344,0.06501403450965881,0.13899999856948853,0.19990000128746033
YDR531W,YIL094C,0,-4.2395773,0.06498363614082336,0.13899999856948853,0.20000000298023224
YDR227W,YLL060C,0,-4.2397113,0.0649532675743103,0.13899999856948853,0.20010000467300415
YGR023W,YBL059W,0,-4.239978,0.06492293626070023,0.13899999856948853,0.20020000636577606
YBR108W,YDL224C,0,-4.2402296,0.06489262729883194,0.13899999856948853,0.20029999315738678
YOR205C,YJR130C,0,-4.2404056,0.06486234068870544,0.13899999856948853,0.2003999948501587
YHL027W,YAL032C,1,-4.2412257,0.06529850512742996,0.14000000059604645,0.2003999948501587
YJR025C,YMR259C,0,-4.2412357,0.06526806205511093,0.14000000059604645,0.2004999965429306
YBR193C,YGL073W,1,-4.241267,0.06570363789796829,0.14100000262260437,0.2004999965429306
YPR113W,YCL019W,0,-4.2415757,0.06567303091287613,0.14100000262260437,0.20059999823570251
YBR133C,YHR079C-A,0,-4.2418275,0.06564246118068695,0.14100000262260437,0.20069999992847443
YMR122W-A,YMR271C,0,-4.2422013,0.06561191380023956,0.14100000262260437,0.20080000162124634
YNL106C,YBR159W,0,-4.2425995,0.06558139622211456,0.14100000262260437,0.20090000331401825
YJR059W,YDR333C,0,-4.242874,0.06555090844631195,0.14100000262260437,0.20100000500679016
YML040W,YHL028W,0,-4.243181,0.06552044302225113,0.14100000262260437,0.20110000669956207
YER071C,YBR132C,0,-4.2434053,0.06549001485109329,0.14100000262260437,0.2011999934911728
YMR003W,YMR144W,0,-4.2437205,0.06545960903167725,0.14100000262260437,0.2012999951839447
YLR218C,YOR084W,0,-4.2437644,0.06542923301458359,0.14100000262260437,0.2013999968767166
YJL093C,YPR107C,0,-4.244056,0.06539888679981232,0.14100000262260437,0.20149999856948853
YML081W,YBR159W,0,-4.2442536,0.06536857038736343,0.14100000262260437,0.20160000026226044
YMR050C,YGL014W,0,-4.244968,0.06533827632665634,0.14100000262260437,0.20170000195503235
YJL203W,YBR058C,0,-4.245183,0.06530801206827164,0.14100000262260437,0.20180000364780426
YIR033W,YJR140C,1,-4.2452106,0.06574074178934097,0.1420000046491623,0.20180000364780426
YML133C,YPL240C,0,-4.2458076,0.06571032106876373,0.1420000046491623,0.20190000534057617
YGR101W,YLR224W,0,-4.2463202,0.06567992269992828,0.1420000046491623,0.20200000703334808
YPL051W,YMR077C,0,-4.2469463,0.06564956158399582,0.1420000046491623,0.2020999938249588
YER022W,YPR133C,1,-4.247457,0.06608133018016815,0.14300000667572021,0.2020999938249588
YGR150C,YLR209C,0,-4.2475753,0.06605080515146255,0.14300000667572021,0.2021999955177307
YNR040W,YDR120C,0,-4.247842,0.06602031737565994,0.14300000667572021,0.20229999721050262
YOR197W,YGL022W,0,-4.2478495,0.06598984450101852,0.14300000667572021,0.20239999890327454
YOR321W,YLR419W,0,-4.2490735,0.06595940887928009,0.14300000667572021,0.20250000059604645
YAL056W,YAL013W,1,-4.2491875,0.06639004498720169,0.14399999380111694,0.20250000059604645
YER056C-A,YAR018C,0,-4.2494845,0.06635944545269012,0.14399999380111694,0.20260000228881836
YDR370C,YGL011C,0,-4.2496686,0.06632888317108154,0.14399999380111694,0.20270000398159027
YPR096C,YOR350C,0,-4.249939,0.06629834324121475,0.14399999380111694,0.20280000567436218
YPL247C,YLR118C,0,-4.249984,0.06626783311367035,0.14399999380111694,0.2029000073671341
YGR215W,YJR159W,0,-4.2500424,0.06623735278844833,0.14399999380111694,0.2029999941587448
YML100W,YNL315C,0,-4.25021,0.06620689481496811,0.14399999380111694,0.20309999585151672
YHR034C,YBL017C,0,-4.250402,0.06617647409439087,0.14399999380111694,0.20319999754428864
YOR353C,YMR196W,0,-4.2506804,0.06614607572555542,0.14399999380111694,0.20329999923706055
YJL023C,YJR027W,0,-4.2508187,0.06611569970846176,0.14399999380111694,0.20340000092983246
YGL197W,YMR287C,0,-4.2509694,0.06608536094427109,0.14399999380111694,0.20350000262260437
YDR081C,YOL004W,1,-4.250972,0.06651376187801361,0.14499999582767487,0.20350000262260437
YBR038W,YER182W,0,-4.2510133,0.0664832666516304,0.14499999582767487,0.20360000431537628
YNL008C,YOL018C,0,-4.2514977,0.06645279377698898,0.14499999582767487,0.2037000060081482
YDL079C,YLR050C,0,-4.2523184,0.06642235815525055,0.14499999582767487,0.2037999927997589
YDR322C-A,YJL153C,0,-4.253285,0.0663919448852539,0.14499999582767487,0.20389999449253082
YDR239C,YBL088C,0,-4.253937,0.06636155396699905,0.14499999582767487,0.20399999618530273
YBR125C,YHR092C,0,-4.2543583,0.06633120030164719,0.14499999582767487,0.20409999787807465
YLR116W,YDR161W,0,-4.2548466,0.06630086898803711,0.14499999582767487,0.20419999957084656
YNR009W,YML097C,0,-4.2550364,0.06627056747674942,0.14499999582767487,0.20430000126361847
YGL194C,YPL223C,0,-4.255437,0.06624029576778412,0.14499999582767487,0.20440000295639038
YHR182W,YJL192C,0,-4.255972,0.06621004641056061,0.14499999582767487,0.2045000046491623
YJR056C,YLR185W,0,-4.2562623,0.06617982685565948,0.14499999582767487,0.2046000063419342
YGR122W,YLR384C,1,-4.256305,0.0666058361530304,0.1459999978542328,0.2046000063419342
YJR084W,YNL012W,0,-4.256899,0.06657546758651733,0.1459999978542328,0.20469999313354492
YGR015C,YER117W,0,-4.2569327,0.06654512137174606,0.1459999978542328,0.20479999482631683
YGL022W,YLR287C,0,-4.2571573,0.06651480495929718,0.1459999978542328,0.20489999651908875
YNL323W,YOR022C,0,-4.257385,0.06648451834917068,0.1459999978542328,0.20499999821186066
YDL159W,YIL108W,0,-4.257699,0.06645425409078598,0.1459999978542328,0.20509999990463257
YNL182C,YLR265C,0,-4.257893,0.06642401963472366,0.1459999978542328,0.20520000159740448
YDR179C,YER104W,0,-4.258079,0.06639381498098373,0.1459999978542328,0.2053000032901764
YIL090W,YOR251C,0,-4.2581825,0.0663636326789856,0.1459999978542328,0.2054000049829483
YNL095C,YLR219W,0,-4.258989,0.06633348762989044,0.1459999978542328,0.20550000667572021
YDR370C,YIL120W,0,-4.259114,0.06630335748195648,0.1459999978542328,0.20559999346733093
YBR163W,YLR316C,0,-4.2593493,0.0662732645869255,0.1459999978542328,0.20569999516010284
YNL314W,YKL028W,1,-4.2595205,0.06669691205024719,0.1469999998807907,0.20569999516010284
YHR075C,YBR258C,0,-4.2600374,0.06666667014360428,0.1469999998807907,0.20579999685287476
YLR345W,YCL033C,0,-4.260103,0.06663644313812256,0.1469999998807907,0.20589999854564667
YGL013C,YDR527W,1,-4.2603436,0.06705935299396515,0.14800000190734863,0.20589999854564667
YML123C,YAL054C,0,-4.2605343,0.06702898442745209,0.14800000190734863,0.20600000023841858
YER116C,YOR188W,0,-4.260743,0.06699863821268082,0.14800000190734863,0.2061000019311905
YAR015W,YLR211C,0,-4.261136,0.06696832925081253,0.14800000190734863,0.2062000036239624
YNL080C,YIL079C,0,-4.2612557,0.06693803519010544,0.14800000190734863,0.20630000531673431
YGR233C,YNL124W,0,-4.2617006,0.06690777838230133,0.14800000190734863,0.20640000700950623
YFR045W,YDL185W,0,-4.261717,0.06687754392623901,0.14800000190734863,0.20649999380111694
YGR017W,YML128C,0,-4.261743,0.06684733182191849,0.14800000190734863,0.20659999549388885
YOR208W,YOR027W,0,-4.2619257,0.06681715697050095,0.14800000190734863,0.20669999718666077
YNL313C,YCR035C,0,-4.2619896,0.0667870044708252,0.14800000190734863,0.20679999887943268
YGR175C,YDR306C,0,-4.2621794,0.06675688177347183,0.14800000190734863,0.2069000005722046
YKR043C,YBR290W,0,-4.262619,0.06672678142786026,0.14800000190734863,0.2070000022649765
YGL169W,YKL179C,0,-4.2629824,0.06669671088457108,0.14800000190734863,0.2071000039577484
YLR412W,YBR012W-A,0,-4.2630405,0.06666667014360428,0.14800000190734863,0.20720000565052032
YMR121C,YNR004W,0,-4.2639027,0.06663665175437927,0.14800000190734863,0.20730000734329224
YPR161C,YKL077W,0,-4.2649918,0.06660666316747665,0.14800000190734863,0.20739999413490295
YIL125W,YGR237C,0,-4.265909,0.06657669693231583,0.14800000190734863,0.20749999582767487
YPR147C,YPR040W,0,-4.26613,0.06654676049947739,0.14800000190734863,0.20759999752044678
YDR532C,YLR170C,0,-4.266664,0.06651685386896133,0.14800000190734863,0.2076999992132187
YPL042C,YPL254W,1,-4.266852,0.06693620979785919,0.14900000393390656,0.2076999992132187
YGL135W,YLR278C,0,-4.2671003,0.0669061541557312,0.14900000393390656,0.2078000009059906
YGL232W,YCL005W-A,0,-4.267147,0.066876120865345,0.14900000393390656,0.2079000025987625
YHR103W,YLR077W,0,-4.267187,0.06684611737728119,0.14900000393390656,0.20800000429153442
YLR393W,YNR036C,0,-4.267584,0.06681614369153976,0.14900000393390656,0.20810000598430634
YKL112W,YMR164C,1,-4.267626,0.06723442673683167,0.15000000596046448,0.20810000598430634
YKL127W,YLR281C,0,-4.268214,0.0672043040394783,0.15000000596046448,0.20819999277591705
YOR313C,YJR107W,0,-4.268403,0.06717420369386673,0.15000000596046448,0.20829999446868896
YPR134W,YLR408C,0,-4.2687173,0.06714413315057755,0.15000000596046448,0.20839999616146088
YOR368W,YMR160W,0,-4.2687297,0.06711409240961075,0.15000000596046448,0.2084999978542328
YMR011W,YDL043C,0,-4.2689548,0.06708408147096634,0.15000000596046448,0.2085999995470047
YJL173C,YHR122W,0,-4.2692404,0.06705409288406372,0.15000000596046448,0.2087000012397766
YLR088W,YJR111C,0,-4.269263,0.0670241266489029,0.15000000596046448,0.20880000293254852
YNL191W,YLR092W,0,-4.269325,0.06699419021606445,0.15000000596046448,0.20890000462532043
YPR065W,YOR298C-A,1,-4.2695003,0.06741071492433548,0.1509999930858612,0.20890000462532043
YFR013W,YLR290C,0,-4.2695513,0.0673806369304657,0.1509999930858612,0.20900000631809235
YOR285W,YAR050W,0,-4.26968,0.06735058128833771,0.1509999930858612,0.20909999310970306
YPL222W,YMR124W,0,-4.269783,0.0673205554485321,0.1509999930858612,0.20919999480247498
YHR167W,YBR253W,1,-4.2701964,0.0677361860871315,0.15199999511241913,0.20919999480247498
YBR135W,YMR307W,0,-4.2705793,0.06770601123571396,0.15199999511241913,0.2092999964952469
YAR010C,YDL235C,0,-4.270668,0.0676758661866188,0.15199999511241913,0.2093999981880188
YOL043C,YGL098W,0,-4.2709284,0.06764575093984604,0.15199999511241913,0.2094999998807907
YMR114C,YJL023C,0,-4.271216,0.06761565804481506,0.15199999511241913,0.20960000157356262
YBL036C,YJL116C,0,-4.271401,0.06758559495210648,0.15199999511241913,0.20970000326633453
YFR006W,YJL047C,0,-4.271493,0.06755555421113968,0.15199999511241913,0.20980000495910645
YMR274C,YEL007W,0,-4.2715592,0.06752554327249527,0.15199999511241913,0.20990000665187836
YOR361C,YDR227W,0,-4.2721634,0.06749556213617325,0.15199999511241913,0.20999999344348907
YDR528W,YBR227C,0,-4.2723646,0.06746560335159302,0.15199999511241913,0.210099995136261
YCR102C,YNL138W,0,-4.272548,0.06743566691875458,0.15199999511241913,0.2101999968290329
YNL258C,YDR410C,0,-4.2727346,0.06740576773881912,0.15199999511241913,0.2102999985218048
YDR259C,YOL135C,1,-4.273127,0.06781914830207825,0.15299999713897705,0.2102999985218048
YMR251W-A,YNL334C,0,-4.2732296,0.06778910011053085,0.15299999713897705,0.21040000021457672
YMR083W,YLR297W,0,-4.273942,0.06775908172130585,0.15299999713897705,0.21050000190734863
YNL022C,YER132C,0,-4.273969,0.06772908568382263,0.15299999713897705,0.21060000360012054
YDR016C,YML049C,0,-4.274056,0.06769911199808121,0.15299999713897705,0.21070000529289246
YBL024W,YPR173C,0,-4.2749496,0.06766917556524277,0.15299999713897705,0.21080000698566437
YIL119C,YBR055C,0,-4.275159,0.06763925403356552,0.15299999713897705,0.21089999377727509
YGL184C,YLR395C,0,-4.275909,0.06760936975479126,0.15299999713897705,0.210999995470047
YDR406W,YGR125W,0,-4.275971,0.06757950782775879,0.15299999713897705,0.2110999971628189
YKL023W,YOL104C,0,-4.2764506,0.06754966825246811,0.15299999713897705,0.21119999885559082
YGR054W,YDL216C,0,-4.2767687,0.06751985847949982,0.15299999713897705,0.21130000054836273
YNR031C,YNL101W,0,-4.2775235,0.06749007850885391,0.15299999713897705,0.21140000224113464
YGR274C,YOL006C,1,-4.2778244,0.06790123134851456,0.15399999916553497,0.21140000224113464
YBL015W,YOL033W,0,-4.2778788,0.06787130981683731,0.15399999916553497,0.21150000393390656
YKR036C,YPL168W,0,-4.2782764,0.06784141063690186,0.15399999916553497,0.21160000562667847
YNL112W,YMR010W,0,-4.2783,0.06781153380870819,0.15399999916553497,0.21170000731945038
YOR290C,YDL157C,0,-4.2790084,0.06778168678283691,0.15399999916553497,0.2117999941110611
YOR123C,YHL020C,1,-4.2793517,0.06819181889295578,0.1550000011920929,0.2117999941110611
YDR054C,YFL030W,0,-4.2794437,0.06816183030605316,0.1550000011920929,0.211899995803833
YCR092C,YPR055W,0,-4.2795253,0.06813187152147293,0.1550000011920929,0.21199999749660492
YDR280W,YJR027W,0,-4.2799177,0.06810193508863449,0.1550000011920929,0.21209999918937683
YDL232W,YDL003W,0,-4.280116,0.06807202100753784,0.1550000011920929,0.21220000088214874
YIL172C,YDR242W,0,-4.2801824,0.06804214417934418,0.1550000011920929,0.21230000257492065
YDR358W,YCR014C,0,-4.2803392,0.0680122897028923,0.1550000011920929,0.21240000426769257
YNL213C,YOR251C,0,-4.280456,0.06798245757818222,0.1550000011920929,0.21250000596046448
YJL219W,YIL011W,0,-4.280804,0.06795265525579453,0.1550000011920929,0.2125999927520752
YPL060W,YMR074C,0,-4.281058,0.06792287528514862,0.1550000011920929,0.2126999944448471
YOR025W,YIL069C,0,-4.2813206,0.0678931251168251,0.1550000011920929,0.21279999613761902
YFR040W,YLR258W,0,-4.2814617,0.06786339730024338,0.1550000011920929,0.21289999783039093
YLR017W,YGL101W,0,-4.2818556,0.06783369928598404,0.1550000011920929,0.21299999952316284
YGR122W,YFL021W,1,-4.282027,0.06824146956205368,0.15600000321865082,0.21299999952316284
YOR374W,YDR386W,0,-4.282189,0.068211629986763,0.15600000321865082,0.21310000121593475
YNL271C,YLR087C,0,-4.2824507,0.06818182021379471,0.15600000321865082,0.21320000290870667
YDR449C,YPL125W,0,-4.2825007,0.0681520327925682,0.15600000321865082,0.21330000460147858
YKL166C,YNR021W,0,-4.28254,0.0681222677230835,0.15600000321865082,0.2134000062942505
YMR104C,YEL020W-A,0,-4.282546,0.06809253245592117,0.15600000321865082,0.2134999930858612
YDR019C,YNR028W,0,-4.2827,0.06806282699108124,0.15600000321865082,0.21359999477863312
YOR372C,YDR138W,1,-4.282923,0.06846925616264343,0.15700000524520874,0.21359999477863312
YPL066W,YOR142W,0,-4.2829556,0.06843940913677216,0.15700000524520874,0.21369999647140503
YOR326W,YMR046C,0,-4.2830753,0.06840958446264267,0.15700000524520874,0.21379999816417694
YGL245W,YML053C,0,-4.2833514,0.06837978959083557,0.15700000524520874,0.21389999985694885
YDR367W,YKL059C,0,-4.2835526,0.06835002452135086,0.15700000524520874,0.21400000154972076
YPL082C,YFL021W,1,-4.283581,0.06875544041395187,0.15800000727176666,0.21400000154972076
YPR051W,YPL067C,0,-4.2837057,0.06872553378343582,0.15800000727176666,0.21410000324249268
YJL088W,YJR107W,0,-4.283882,0.06869564950466156,0.15800000727176666,0.2142000049352646
YBL063W,YLL036C,0,-4.284238,0.06866579502820969,0.15800000727176666,0.2143000066280365
YDR228C,YDR146C,1,-4.2844543,0.06907037645578384,0.1589999943971634,0.2143000066280365
YOL100W,YNL195C,0,-4.2846212,0.06904038041830063,0.1589999943971634,0.21439999341964722
YHR079C,YJL101C,0,-4.2847757,0.0690104141831398,0.1589999943971634,0.21449999511241913
YOL123W,YCR092C,0,-4.2848916,0.06898047775030136,0.1589999943971634,0.21459999680519104
YDR514C,YER105C,0,-4.284895,0.06895056366920471,0.1589999943971634,0.21469999849796295
YPL276W,YMR060C,0,-4.2849164,0.06892067939043045,0.1589999943971634,0.21480000019073486
YDR013W,YPL249C,0,-4.285467,0.06889081746339798,0.1589999943971634,0.21490000188350677
YIL118W,YGL063W,0,-4.2855263,0.0688609778881073,0.1589999943971634,0.2150000035762787
YIL172C,YML121W,0,-4.286096,0.06883116811513901,0.1589999943971634,0.2151000052690506
YNR040W,YMR260C,0,-4.286833,0.0688013881444931,0.1589999943971634,0.2152000069618225
YDR514C,YML115C,0,-4.287689,0.06877162307500839,0.1589999943971634,0.21529999375343323
YOR321W,YGL051W,0,-4.287745,0.06874189525842667,0.1589999943971634,0.21539999544620514
YKL027W,YHR199C,0,-4.288157,0.06871218979358673,0.1589999943971634,0.21549999713897705
YJR096W,YAL007C,0,-4.2881947,0.06868250668048859,0.1589999943971634,0.21559999883174896
YMR029C,YDR342C,0,-4.288281,0.06865285336971283,0.1589999943971634,0.21570000052452087
YKL088W,YOR202W,0,-4.2883453,0.06862322241067886,0.1589999943971634,0.21580000221729279
YDR268W,YOR368W,0,-4.288656,0.06859361380338669,0.1589999943971634,0.2159000039100647
YLR017W,YOR229W,0,-4.289461,0.0685640349984169,0.1589999943971634,0.2160000056028366
YFL018C,YLR436C,0,-4.289687,0.0685344859957695,0.1589999943971634,0.21610000729560852
YLR014C,YLR318W,0,-4.289958,0.0685049518942833,0.1589999943971634,0.21619999408721924
YOR267C,YKL198C,0,-4.2903256,0.06847545504570007,0.1589999943971634,0.21629999577999115
YKL218C,YPR096C,0,-4.290525,0.06844597309827805,0.1589999943971634,0.21639999747276306
YMR303C,YDL157C,0,-4.2907023,0.0684165209531784,0.1589999943971634,0.21649999916553497
YKR050W,YKL047W,0,-4.2908387,0.06838709861040115,0.1589999943971634,0.21660000085830688
YMR240C,YDR285W,0,-4.2908926,0.06835769861936569,0.1589999943971634,0.2167000025510788
YMR164C,YPL129W,1,-4.2912216,0.0687580555677414,0.1599999964237213,0.2167000025510788
YEL054C,YLR040C,0,-4.2912908,0.06872852146625519,0.1599999964237213,0.2168000042438507
YLL032C,YCR053W,0,-4.2913284,0.06869900971651077,0.1599999964237213,0.21690000593662262
YER068W,YMR164C,1,-4.291374,0.06909871101379395,0.16099999845027924,0.21690000593662262
YLR273C,YDR334W,0,-4.2914696,0.06906907260417938,0.16099999845027924,0.21699999272823334
YNR074C,YNL155W,0,-4.2915597,0.06903944909572601,0.16099999845027924,0.21709999442100525
YFL021W,YBR240C,1,-4.2917333,0.06943849474191666,0.16200000047683716,0.21709999442100525
YFR009W,YLR281C,0,-4.29182,0.06940873712301254,0.16200000047683716,0.21719999611377716
YLR391W-A,YOR308C,0,-4.292049,0.06937901675701141,0.16200000047683716,0.21729999780654907
YEL071W,YHR122W,0,-4.292263,0.06934931874275208,0.16200000047683716,0.21739999949932098
YDR191W,YKL209C,0,-4.2923355,0.06931964308023453,0.16200000047683716,0.2175000011920929
YLR195C,YER077C,0,-4.2928915,0.06928998976945877,0.16200000047683716,0.2176000028848648
YIL120W,YLR347C,0,-4.2933235,0.0692603662610054,0.16200000047683716,0.21770000457763672
YLR293C,YDR306C,0,-4.293353,0.06923077255487442,0.16200000047683716,0.21780000627040863
YDR161W,YLR026C,0,-4.2933717,0.06920119374990463,0.16200000047683716,0.21789999306201935
YHR159W,YLR213C,0,-4.2935085,0.06917164474725723,0.16200000047683716,0.21799999475479126
YBR146W,YBR153W,0,-4.2938147,0.06914212554693222,0.16200000047683716,0.21809999644756317
YDR402C,YER069W,0,-4.295383,0.069112628698349,0.16200000047683716,0.21819999814033508
YHL039W,YMR009W,0,-4.2956657,0.06908315420150757,0.16200000047683716,0.218299999833107
YML091C,YOL005C,1,-4.2957683,0.06947996467351913,0.16300000250339508,0.218299999833107
YOL090W,YDR118W,0,-4.2958555,0.06945036351680756,0.16300000250339508,0.2184000015258789
YBR147W,YPR107C,0,-4.2966995,0.06942078471183777,0.16300000250339508,0.21850000321865082
YER168C,YEL058W,0,-4.296766,0.06939122825860977,0.16300000250339508,0.21860000491142273
YIR013C,YJR085C,0,-4.2973714,0.06936170160770416,0.16300000250339508,0.21870000660419464
YAL056W,YDR289C,1,-4.2976813,0.06975755095481873,0.164000004529953,0.21870000660419464
YML029W,YBR105C,0,-4.29806,0.06972789019346237,0.164000004529953,0.21879999339580536
YIR021W,YJL079C,0,-4.2982965,0.0696982592344284,0.164000004529953,0.21889999508857727
YEL016C,YBR073W,0,-4.298317,0.06966865062713623,0.164000004529953,0.21899999678134918
YOR194C,YPR034W,1,-4.2985773,0.07006369531154633,0.16500000655651093,0.21899999678134918
YOL093W,YOL104C,0,-4.298837,0.0700339525938034,0.16500000655651093,0.2190999984741211
YJL177W,YDL232W,0,-4.2991605,0.07000423967838287,0.16500000655651093,0.219200000166893
YIL143C,YMR164C,1,-4.2991853,0.07039864361286163,0.16599999368190765,0.219200000166893
YOR384W,YPR164W,0,-4.2993608,0.07036880403757095,0.16599999368190765,0.21930000185966492
YOL021C,YOR313C,0,-4.300213,0.07033897936344147,0.16599999368190765,0.21940000355243683
YJL097W,YAR010C,0,-4.300451,0.07030919194221497,0.16599999368190765,0.21950000524520874
YDR266C,YMR246W,0,-4.300758,0.07027942687273026,0.16599999368190765,0.21960000693798065
YKL109W,YMR197C,0,-4.3009944,0.07024968415498734,0.16599999368190765,0.21969999372959137
YIL119C,YML100W,0,-4.301245,0.0702199637889862,0.16599999368190765,0.21979999542236328
YIR005W,YDL059C,0,-4.3018355,0.07019027322530746,0.16599999368190765,0.2198999971151352
YDR164C,YPL275W,0,-4.3018665,0.07016060501337051,0.16599999368190765,0.2199999988079071
YDR148C,YOR291W,0,-4.3023157,0.07013096660375595,0.16599999368190765,0.22010000050067902
YBL071W-A,YOR087W,0,-4.3023653,0.07010135054588318,0.16599999368190765,0.22020000219345093
YOR175C,YGR093W,0,-4.3025303,0.0700717568397522,0.16599999368190765,0.22030000388622284
YDR103W,YIL079C,0,-4.3026195,0.0700421929359436,0.16599999368190765,0.22040000557899475
YBR228W,YML058W-A,0,-4.302992,0.0700126513838768,0.16599999368190765,0.22050000727176666
YER151C,YMR273C,0,-4.304417,0.06998313963413239,0.16599999368190765,0.22059999406337738
YER129W,YKR041W,0,-4.304542,0.06995364278554916,0.16599999368190765,0.2206999957561493
YOL149W,YLR224W,0,-4.304685,0.06992417573928833,0.16599999368190765,0.2207999974489212
YOR148C,YMR251W,0,-4.3047323,0.06989473849534988,0.16599999368190765,0.22089999914169312
YBL052C,YDR026C,0,-4.3054338,0.06986531615257263,0.16599999368190765,0.22100000083446503
YOR302W,YNL318C,0,-4.3055253,0.06983593106269836,0.16599999368190765,0.22110000252723694
YBR041W,YER175C,0,-4.306522,0.06980656087398529,0.16599999368190765,0.22120000422000885
YER162C,YHR214C-B,0,-4.30689,0.0697772204875946,0.16599999368190765,0.22130000591278076
YLL006W,YPR078C,0,-4.3070793,0.06974790245294571,0.16599999368190765,0.22139999270439148
YFL052W,YDR181C,0,-4.307557,0.0697186067700386,0.16599999368190765,0.2214999943971634
YKL054C,YNR004W,0,-4.308052,0.06968933343887329,0.16599999368190765,0.2215999960899353
YMR226C,YGL090W,0,-4.310268,0.06966008991003036,0.16599999368190765,0.22169999778270721
YJL080C,YJR074W,0,-4.3105235,0.06963087618350983,0.16599999368190765,0.22179999947547913
YLR393W,YMR291W,0,-4.310543,0.06960167735815048,0.16599999368190765,0.22190000116825104
YLR383W,YOL112W,0,-4.311069,0.06957250833511353,0.16599999368190765,0.22200000286102295
YBR109C,YKL199C,0,-4.3119936,0.06954336166381836,0.16599999368190765,0.22210000455379486
YOL148C,YNL227C,0,-4.312711,0.06951423734426498,0.16599999368190765,0.22220000624656677
YJR049C,YLR307W,0,-4.312797,0.069485142827034,0.16599999368190765,0.2222999930381775
YGL021W,YNL238W,0,-4.3131266,0.0694560706615448,0.16599999368190765,0.2223999947309494
YDR383C,YKL063C,0,-4.313221,0.0694270208477974,0.16599999368190765,0.2224999964237213
YKL178C,YBR205W,0,-4.3134265,0.06939799338579178,0.16599999368190765,0.22259999811649323
YMR323W,YJR149W,0,-4.3135304,0.06936899572610855,0.16599999368190765,0.22269999980926514
YDR191W,YPL118W,0,-4.3135643,0.06934002041816711,0.16599999368190765,0.22280000150203705
YOR185C,YJL026W,0,-4.3136983,0.06931106746196747,0.16599999368190765,0.22290000319480896
YMR286W,YMR045C,0,-4.313709,0.06928213685750961,0.16599999368190765,0.22300000488758087
YKL198C,YCR073C,0,-4.3143067,0.06925323605537415,0.16599999368190765,0.22310000658035278
YJR111C,YDL040C,0,-4.314756,0.06922435015439987,0.16599999368190765,0.2231999933719635
YPR168W,YKL028W,1,-4.314841,0.06961233913898468,0.16699999570846558,0.2231999933719635
YOL078W,YCL005W-A,0,-4.314938,0.06958333402872086,0.16699999570846558,0.2232999950647354
YOL163W,YFR050C,0,-4.3149533,0.06955435127019882,0.16699999570846558,0.22339999675750732
YDR439W,YNR019W,0,-4.3151255,0.06952539831399918,0.16699999570846558,0.22349999845027924
YOR032C,YNR074C,0,-4.315537,0.06949646025896072,0.16699999570846558,0.22360000014305115
YOR262W,YKL161C,0,-4.3156185,0.06946755200624466,0.16699999570846558,0.22370000183582306
YCR051W,YER005W,0,-4.3157315,0.06943866610527039,0.16699999570846558,0.22380000352859497
YDR266C,YDR503C,0,-4.3166695,0.0694098100066185,0.16699999570846558,0.22390000522136688
YCR090C,YBR151W,0,-4.316677,0.06938096880912781,0.16699999570846558,0.2240000069141388
YER109C,YNL172W,0,-4.317169,0.0693521574139595,0.16699999570846558,0.2240999937057495
YDR531W,YAL059W,0,-4.3175793,0.06932336837053299,0.16699999570846558,0.22419999539852142
YOR116C,YMR074C,0,-4.3176312,0.06929460912942886,0.16699999570846558,0.22429999709129333
YDR372C,YLL054C,0,-4.3176503,0.06926586478948593,0.16699999570846558,0.22439999878406525
YCR072C,YPL009C,0,-4.317929,0.06923715025186539,0.16699999570846558,0.22450000047683716
YOR201C,YLR432W,0,-4.317949,0.06920845061540604,0.16699999570846558,0.22460000216960907
YOL101C,YJL044C,0,-4.318393,0.06917978823184967,0.16699999570846558,0.22470000386238098
YNL244C,YIL119C,0,-4.31924,0.0691511407494545,0.16699999570846558,0.2248000055551529
YKL198C,YLR271W,0,-4.319287,0.06912251561880112,0.16699999570846558,0.2249000072479248
YFL029C,YGR295C,0,-4.319494,0.06909392029047012,0.16699999570846558,0.22499999403953552
YPR166C,YKL155C,0,-4.3198953,0.06906533986330032,0.16699999570846558,0.22509999573230743
YLR131C,YML069W,1,-4.3202405,0.06945018470287323,0.1679999977350235,0.22509999573230743
YKL211C,YGL123W,0,-4.320502,0.06942148506641388,0.1679999977350235,0.22519999742507935
YBR059C,YDR256C,0,-4.320603,0.06939281523227692,0.1679999977350235,0.22529999911785126
YGR231C,YJL113W,0,-4.320643,0.06936416029930115,0.1679999977350235,0.22540000081062317
YPL267W,YPL134C,0,-4.321049,0.06933553516864777,0.1679999977350235,0.22550000250339508
YOR251C,YLR214W,0,-4.321334,0.06930693238973618,0.1679999977350235,0.225600004196167
YDR303C,YHL020C,1,-4.321685,0.06969071924686432,0.16899999976158142,0.225600004196167
YJL153C,YDR422C,0,-4.321736,0.06966199725866318,0.16899999976158142,0.2257000058889389
YHR144C,YGL185C,0,-4.322247,0.06963329017162323,0.16899999976158142,0.22579999268054962
YHL018W,YAL014C,0,-4.3225102,0.06960461288690567,0.16899999976158142,0.22589999437332153
YKR106W,YKL032C,0,-4.3228555,0.0695759579539299,0.16899999976158142,0.22599999606609344
YDR410C,YIL177C,0,-4.3231015,0.06954732537269592,0.16899999976158142,0.22609999775886536
YGL227W,YPL088W,0,-4.323374,0.06951871514320374,0.16899999976158142,0.22619999945163727
YGR209C,YLR211C,0,-4.3234835,0.06949013471603394,0.16899999976158142,0.22630000114440918
YFL058W,YHR051W,0,-4.3235717,0.06946156919002533,0.16899999976158142,0.2264000028371811
YML040W,YOR298W,0,-4.3236547,0.06943303346633911,0.16899999976158142,0.226500004529953
YFL029C,YLR174W,0,-4.3237233,0.06940452009439468,0.16899999976158142,0.22660000622272491
YNL318C,YLR091W,0,-4.3247895,0.06937602907419205,0.16899999976158142,0.22669999301433563
YHR076W,YER142C,0,-4.324856,0.0693475604057312,0.16899999976158142,0.22679999470710754
YGR208W,YLR098C,0,-4.324924,0.06931911408901215,0.16899999976158142,0.22689999639987946
YBL055C,YPR173C,0,-4.3250055,0.06929069012403488,0.16899999976158142,0.22699999809265137
YNR067C,YPL031C,0,-4.3252378,0.06926229596138,0.16899999976158142,0.22709999978542328
YGL243W,YKL116C,0,-4.325249,0.06923392415046692,0.16899999976158142,0.2272000014781952
YGR081C,YDR180W,0,-4.3254337,0.06920556724071503,0.16899999976158142,0.2273000031709671
YPL017C,YKL048C,0,-4.32545,0.06917724013328552,0.16899999976158142,0.227400004863739
YOL163W,YPR024W,0,-4.325478,0.06914893537759781,0.16899999976158142,0.22750000655651093
YMR127C,YOR049C,0,-4.325581,0.06912065297365189,0.16899999976158142,0.22759999334812164
YMR111C,YIL155C,0,-4.326091,0.06909239292144775,0.16899999976158142,0.22769999504089355
YKL174C,YML056C,0,-4.3261485,0.06906416267156601,0.16899999976158142,0.22779999673366547
YOL039W,YPL130W,0,-4.326461,0.06903594732284546,0.16899999976158142,0.22789999842643738
YNL318C,YMR008C,0,-4.3267903,0.0690077617764473,0.16899999976158142,0.2280000001192093
YKR045C,YHR181W,0,-4.3269296,0.06897959113121033,0.16899999976158142,0.2281000018119812
YHR085W,YDR367W,0,-4.326985,0.06895145028829575,0.16899999976158142,0.2282000035047531
YJR028W,YIL090W,0,-4.327073,0.06892332434654236,0.16899999976158142,0.22830000519752502
YDR400W,YHR003C,0,-4.327358,0.06889522820711136,0.16899999976158142,0.22840000689029694
YKL174C,YMR175W,0,-4.327517,0.06886715441942215,0.16899999976158142,0.22849999368190765
YOR211C,YJR101W,0,-4.327526,0.06883910298347473,0.16899999976158142,0.22859999537467957
YAR044W,YKR088C,0,-4.3278265,0.0688110738992691,0.16899999976158142,0.22869999706745148
YPL191C,YER031C,0,-4.328739,0.06878306716680527,0.16899999976158142,0.2287999987602234
YEL062W,YOL082W,0,-4.3291135,0.06875508278608322,0.16899999976158142,0.2289000004529953
YKL086W,YKL103C,0,-4.329359,0.06872712820768356,0.16899999976158142,0.2290000021457672
YBR086C,YOL163W,0,-4.3294997,0.0686991885304451,0.16899999976158142,0.22910000383853912
YGR243W,YOR077W,0,-4.329804,0.06867127120494843,0.16899999976158142,0.22920000553131104
YPL051W,YKR075C,0,-4.3300037,0.06864337623119354,0.16899999976158142,0.22930000722408295
YIL064W,YJL129C,0,-4.3300104,0.06861551105976105,0.16899999976158142,0.22939999401569366
YFL024C,YOL063C,1,-4.330019,0.06899350881576538,0.17000000178813934,0.22939999401569366
YMR114C,YER179W,0,-4.3302784,0.06896551698446274,0.17000000178813934,0.22949999570846558
YPR121W,YGL241W,0,-4.3305883,0.06893754750490189,0.17000000178813934,0.2295999974012375
YJL171C,YER016W,0,-4.330629,0.06890960782766342,0.17000000178813934,0.2296999990940094
YJR031C,YCR053W,0,-4.3314567,0.06888168305158615,0.17000000178813934,0.2298000007867813
YOR123C,YNL222W,1,-4.3314805,0.06925880908966064,0.17100000381469727,0.2298000007867813
YMR217W,YGR125W,0,-4.332168,0.06923077255487442,0.17100000381469727,0.22990000247955322
YER136W,YCL073C,0,-4.3332114,0.06920275092124939,0.17100000381469727,0.23000000417232513
YPL231W,YCR092C,0,-4.333249,0.06917475908994675,0.17100000381469727,0.23010000586509705
YOR269W,YER001W,0,-4.3336825,0.0691467821598053,0.17100000381469727,0.23019999265670776
YPL005W,YGL110C,0,-4.333923,0.06911883503198624,0.17100000381469727,0.23029999434947968
YOR071C,YDR530C,0,-4.334033,0.06909091025590897,0.17100000381469727,0.2303999960422516
YKL193C,YNL208W,0,-4.334069,0.06906300783157349,0.17100000381469727,0.2304999977350235
YJL030W,YLR455W,0,-4.335075,0.0690351203083992,0.17100000381469727,0.2305999994277954
YMR175W,YGL001C,0,-4.335092,0.0690072625875473,0.17100000381469727,0.23070000112056732
YIL148W,YPR190C,0,-4.335095,0.0689794272184372,0.17100000381469727,0.23080000281333923
YDL208W,YNL260C,0,-4.335281,0.06895161420106888,0.17100000381469727,0.23090000450611115
YGR196C,YGL053W,0,-4.336277,0.06892382353544235,0.17100000381469727,0.23100000619888306
YKR082W,YBR248C,0,-4.3364615,0.06889605522155762,0.17100000381469727,0.23109999299049377
YDR222W,YPL112C,0,-4.3365073,0.06886830180883408,0.17100000381469727,0.23119999468326569
YNL211C,YLR270W,0,-4.3370633,0.06884057819843292,0.17100000381469727,0.2312999963760376
YEL047C,YIL160C,0,-4.3371468,0.06881287693977356,0.17100000381469727,0.2313999980688095
YLR412W,YDL129W,0,-4.337185,0.06878519803285599,0.17100000381469727,0.23149999976158142
YPR065W,YHL020C,1,-4.338659,0.0691596269607544,0.1720000058412552,0.23149999976158142
YML102W,YPL045W,0,-4.3386855,0.06913183629512787,0.1720000058412552,0.23160000145435333
YAL055W,YLR442C,0,-4.338731,0.06910406053066254,0.1720000058412552,0.23170000314712524
YJL171C,YNR037C,0,-4.338933,0.069076307117939,0.1720000058412552,0.23180000483989716
YBR108W,YNL133C,0,-4.338979,0.06904857605695724,0.1720000058412552,0.23190000653266907
YHR081W,YPL281C,0,-4.339292,0.06902086734771729,0.1720000058412552,0.23199999332427979
YIR037W,YML058W-A,0,-4.3395014,0.06899318099021912,0.1720000058412552,0.2320999950170517
YMR234W,YHR052W,0,-4.3404374,0.06896551698446274,0.1720000058412552,0.2321999967098236
YDR144C,YML018C,0,-4.340567,0.06893787533044815,0.1720000058412552,0.23229999840259552
YGR093W,YOR266W,0,-4.340812,0.06891025602817535,0.1720000058412552,0.23240000009536743
YER018C,YMR307W,0,-4.3409243,0.06888265907764435,0.1720000058412552,0.23250000178813934
YBR237W,YFL014W,0,-4.340982,0.06885508447885513,0.1720000058412552,0.23260000348091125
YOR280C,YGR059W,0,-4.3412995,0.06882753223180771,0.1720000058412552,0.23270000517368317
YPR097W,YMR252C,0,-4.341349,0.06880000233650208,0.1720000058412552,0.23280000686645508
YNR004W,YLR360W,0,-4.34141,0.06877248734235764,0.1720000058412552,0.2328999936580658
YBR194W,YBL026W,0,-4.34145,0.06874500215053558,0.1720000058412552,0.2329999953508377
YOR244W,YCR042C,1,-4.3416038,0.06911706179380417,0.17299999296665192,0.2329999953508377
YNL111C,YBR133C,0,-4.341668,0.06908945739269257,0.17299999296665192,0.23309999704360962
YMR069W,YGL094C,0,-4.3421745,0.06906187534332275,0.17299999296665192,0.23319999873638153
YPR098C,YCL039W,0,-4.342256,0.06903431564569473,0.17299999296665192,0.23330000042915344
YFL016C,YFL014W,0,-4.342536,0.0690067782998085,0.17299999296665192,0.23340000212192535
YJR056C,YOR134W,0,-4.342996,0.06897926330566406,0.17299999296665192,0.23350000381469727
YMR213W,YKL023W,0,-4.3436704,0.06895177066326141,0.17299999296665192,0.23360000550746918
YGL116W,YDR285W,0,-4.3438034,0.06892430037260056,0.17299999296665192,0.2337000072002411
YBL033C,YGR292W,0,-4.344237,0.06889685243368149,0.17299999296665192,0.2337999939918518
YOL028C,YGL096W,1,-4.3443604,0.06926751881837845,0.17399999499320984,0.2337999939918518
YLR045C,YLR074C,0,-4.3446083,0.06923995167016983,0.17399999499320984,0.23389999568462372
YHR124W,YPL210C,0,-4.3450007,0.069212406873703,0.17399999499320984,0.23399999737739563
YMR134W,YLR287C-A,0,-4.34511,0.06918489187955856,0.17399999499320984,0.23409999907016754
YFR032C-A,YDR339C,0,-4.3453193,0.06915739178657532,0.17399999499320984,0.23420000076293945
YLR115W,YDR446W,0,-4.345713,0.06912991404533386,0.17399999499320984,0.23430000245571136
YBR169C,YBR298C,0,-4.3463287,0.0691024586558342,0.17399999499320984,0.23440000414848328
YDR451C,YML062C,1,-4.346702,0.06947201490402222,0.17499999701976776,0.23440000414848328
YJR015W,YOR295W,0,-4.34671,0.0694444477558136,0.17499999701976776,0.2345000058412552
YIL158W,YEL004W,0,-4.346809,0.06941689550876617,0.17499999701976776,0.2345999926328659
YPL183C,YMR078C,0,-4.3470817,0.06938937306404114,0.17499999701976776,0.23469999432563782
YDR489W,YNR009W,0,-4.348051,0.06936187297105789,0.17499999701976776,0.23479999601840973
YLL032C,YCL042W,0,-4.3482018,0.06933438777923584,0.17499999701976776,0.23489999771118164
YJR159W,YKL041W,0,-4.349081,0.06930693238973618,0.17499999701976776,0.23499999940395355
YFR006W,YDR003W,0,-4.349252,0.0692794919013977,0.17499999701976776,0.23510000109672546
YGL246C,YDR183W,1,-4.3492837,0.06964780390262604,0.17599999904632568,0.23510000109672546
YOR285W,YNL215W,0,-4.3501525,0.06962025165557861,0.17599999904632568,0.23520000278949738
YDL106C,YGL094C,0,-4.3501534,0.06959272176027298,0.17599999904632568,0.2353000044822693
YAR010C,YJR048W,0,-4.350176,0.06956521421670914,0.17599999904632568,0.2354000061750412
YHR026W,YOR131C,0,-4.350494,0.06953772902488708,0.17599999904632568,0.23549999296665192
YER151C,YBR137W,0,-4.350692,0.06951026618480682,0.17599999904632568,0.23559999465942383
YNL078W,YGR207C,0,-4.3508134,0.06948282569646835,0.17599999904632568,0.23569999635219574
YNL191W,YJL024C,0,-4.3508344,0.06945540755987167,0.17599999904632568,0.23579999804496765
YGR274C,YOR315W,1,-4.3514585,0.06982248276472092,0.1770000010728836,0.23579999804496765
YOR220W,YCR073C,0,-4.351933,0.06979495286941528,0.1770000010728836,0.23589999973773956
YPR057W,YBL035C,0,-4.352035,0.06976744532585144,0.1770000010728836,0.23600000143051147
YDR489W,YPL171C,0,-4.3520474,0.06973995268344879,0.1770000010728836,0.2361000031232834
YFL055W,YMR110C,0,-4.3526926,0.06971248239278793,0.1770000010728836,0.2362000048160553
YOR195W,YLR263W,0,-4.352896,0.06968504190444946,0.1770000010728836,0.2363000065088272
YIL092W,YOR232W,0,-4.353811,0.06965761631727219,0.1770000010728836,0.23639999330043793
YJL156C,YBR133C,0,-4.3540087,0.0696302130818367,0.1770000010728836,0.23649999499320984
YDR109C,YHR028C,0,-4.354367,0.069602832198143,0.1770000010728836,0.23659999668598175
YLR186W,YOR283W,0,-4.354731,0.0695754736661911,0.1770000010728836,0.23669999837875366
YMR079W,YAR018C,0,-4.3550286,0.06954813003540039,0.1770000010728836,0.23680000007152557
YML051W,YMR310C,0,-4.3555036,0.06952081620693207,0.1770000010728836,0.23690000176429749
YLR174W,YDR007W,0,-4.355864,0.06949352473020554,0.1770000010728836,0.2370000034570694
YDL039C,YPL253C,0,-4.3558984,0.0694662481546402,0.1770000010728836,0.2371000051498413
YOR257W,YJR028W,0,-4.3559117,0.06943899393081665,0.1770000010728836,0.23720000684261322
YKL024C,YBL004W,0,-4.3562326,0.0694117620587349,0.1770000010728836,0.23729999363422394
YHL047C,YNL152W,0,-4.3564477,0.06938455253839493,0.1770000010728836,0.23739999532699585
YDR402C,YKL007W,0,-4.3565273,0.06935736536979675,0.1770000010728836,0.23749999701976776
YNL194C,YDL003W,0,-4.3565416,0.06933020055294037,0.1770000010728836,0.23759999871253967
YLR164W,YIR028W,0,-4.356741,0.06930305063724518,0.1770000010728836,0.23770000040531158
YNL260C,YGR075C,0,-4.3567886,0.06927593052387238,0.1770000010728836,0.2378000020980835
YIL049W,YFL054C,0,-4.3570075,0.06924882531166077,0.1770000010728836,0.2379000037908554
YBL010C,YPL130W,0,-4.3571696,0.06922174245119095,0.1770000010728836,0.23800000548362732
YJL072C,YPL181W,0,-4.3572493,0.06919468194246292,0.1770000010728836,0.23810000717639923
YDR085C,YJL029C,0,-4.3572736,0.06916764378547668,0.1770000010728836,0.23819999396800995
YKL095W,YBR276C,0,-4.3575587,0.06914062798023224,0.1770000010728836,0.23829999566078186
YPR043W,YOR291W,0,-4.3576393,0.06911362707614899,0.1770000010728836,0.23839999735355377
YER001W,YIL031W,0,-4.357769,0.06908664852380753,0.1770000010728836,0.23849999904632568
YML023C,YGR140W,0,-4.357983,0.06905969232320786,0.1770000010728836,0.2386000007390976
YBR061C,YHR202W,0,-4.358504,0.06903275847434998,0.1770000010728836,0.2387000024318695
YDR325W,YPR132W,0,-4.358524,0.06900584697723389,0.1770000010728836,0.23880000412464142
YMR231W,YBR093C,0,-4.3585367,0.06897895783185959,0.1770000010728836,0.23890000581741333
YBL025W,YHR019C,0,-4.358627,0.06895208358764648,0.1770000010728836,0.23899999260902405
YOR279C,YJL004C,0,-4.358638,0.06892523169517517,0.1770000010728836,0.23909999430179596
YPR034W,YPL011C,1,-4.3587317,0.06928765773773193,0.17800000309944153,0.23909999430179596
YBR211C,YGL093W,0,-4.3587346,0.06926070153713226,0.17800000309944153,0.23919999599456787
YER102W,YER114C,0,-4.358768,0.06923376023769379,0.17800000309944153,0.23929999768733978
YLR360W,YBR016W,0,-4.3589377,0.0692068412899971,0.17800000309944153,0.2393999993801117
YGR243W,YLR231C,0,-4.359217,0.0691799446940422,0.17800000309944153,0.2395000010728836
YDR524C,YNL240C,0,-4.359441,0.0691530704498291,0.17800000309944153,0.23960000276565552
YIL069C,YJL209W,0,-4.3596873,0.06912621110677719,0.17800000309944153,0.23970000445842743
YHR117W,YKL096W-A,0,-4.359751,0.06909938156604767,0.17800000309944153,0.23980000615119934
YNL129W,YIL168W,0,-4.360177,0.06907256692647934,0.17800000309944153,0.23989999294281006
YLR048W,YBR016W,0,-4.3601933,0.0690457746386528,0.17800000309944153,0.23999999463558197
YLL058W,YDR361C,0,-4.3602014,0.06901899725198746,0.17800000309944153,0.24009999632835388
YKL148C,YJR107W,0,-4.3604164,0.0689922496676445,0.17800000309944153,0.2401999980211258
YER034W,YNR059W,0,-4.3608484,0.06896551698446274,0.17800000309944153,0.2402999997138977
YJL171C,YBR201W,0,-4.360874,0.06893880665302277,0.17800000309944153,0.24040000140666962
YMR098C,YPL041C,0,-4.3610783,0.06891211867332458,0.17800000309944153,0.24050000309944153
YER150W,YBR137W,0,-4.3611155,0.0688854455947876,0.17800000309944153,0.24060000479221344
YLR450W,YKR023W,0,-4.3615813,0.068858802318573,0.17800000309944153,0.24070000648498535
YBR202W,YNL086W,0,-4.3616204,0.06883217394351959,0.17800000309944153,0.24079999327659607
YAL063C,YDL157C,0,-4.3616843,0.06880556792020798,0.17800000309944153,0.24089999496936798
YOR251C,YBR093C,0,-4.361688,0.06877897679805756,0.17800000309944153,0.2409999966621399
YAL012W,YLR301W,0,-4.3623176,0.06875241547822952,0.17800000309944153,0.2410999983549118
YML079W,YBL035C,0,-4.362752,0.06872586905956268,0.17800000309944153,0.24120000004768372
YPL051W,YJL048C,0,-4.362965,0.06869934499263763,0.17800000309944153,0.24130000174045563
YJR003C,YBR197C,0,-4.3637424,0.06867283582687378,0.17800000309944153,0.24140000343322754
YKR041W,YNL088W,0,-4.3638053,0.06864635646343231,0.17800000309944153,0.24150000512599945
YOR227W,YFR040W,0,-4.363815,0.06861989200115204,0.17800000309944153,0.24160000681877136
YNL001W,YMR124W,0,-4.364406,0.06859344989061356,0.17800000309944153,0.24169999361038208
YPL082C,YPL129W,1,-4.3645186,0.06895223259925842,0.17900000512599945,0.24169999361038208
YLR155C,YOR059C,0,-4.3646674,0.06892568618059158,0.17900000512599945,0.241799995303154
YDR192C,YDL085W,0,-4.3647766,0.06889915466308594,0.17900000512599945,0.2418999969959259
YDR342C,YDL234C,0,-4.365168,0.06887264549732208,0.17900000512599945,0.24199999868869781
YOL129W,YNL253W,0,-4.3652153,0.06884615123271942,0.17900000512599945,0.24210000038146973
YOR192C,YMR211W,0,-4.3653197,0.06881968677043915,0.17900000512599945,0.24220000207424164
YPL264C,YHL022C,0,-4.3654428,0.06879323720932007,0.17900000512599945,0.24230000376701355
YLR265C,YCL056C,0,-4.365606,0.06876680999994278,0.17900000512599945,0.24240000545978546
YPR186C,YGL077C,0,-4.3662906,0.06874039769172668,0.17900000512599945,0.24250000715255737
YOR317W,YNL039W,0,-4.3665686,0.06871401518583298,0.17900000512599945,0.2425999939441681
YJR136C,YIL064W,0,-4.366612,0.06868764758110046,0.17900000512599945,0.24269999563694
YLR393W,YLR178C,0,-4.3672466,0.06866129487752914,0.17900000512599945,0.24279999732971191
YKL075C,YJR045C,0,-4.3681107,0.06863497197628021,0.17900000512599945,0.24289999902248383
YOL017W,YLR433C,0,-4.3686557,0.06860866397619247,0.17900000512599945,0.24300000071525574
YPL247C,YNL094W,0,-4.3688664,0.06858237832784653,0.17900000512599945,0.24310000240802765
YDR227W,YNL074C,0,-4.368882,0.06855610758066177,0.17900000512599945,0.24320000410079956
YAR002W,YPL064C,0,-4.3692565,0.06852985918521881,0.17900000512599945,0.24330000579357147
YDR308C,YDL005C,1,-4.3696523,0.06888633966445923,0.18000000715255737,0.24330000579357147
YML069W,YIR023W,1,-4.3699164,0.06924253702163696,0.1809999942779541,0.24330000579357147
YCR030C,YBL100W-A,0,-4.369989,0.0692160576581955,0.1809999942779541,0.2433999925851822
YKL075C,YDL134C,0,-4.3702874,0.06918960064649582,0.1809999942779541,0.2434999942779541
YDR347W,YPL172C,0,-4.3702936,0.06916316598653793,0.1809999942779541,0.243599995970726
YOR352W,YKL007W,0,-4.370732,0.06913674622774124,0.1809999942779541,0.24369999766349792
YJL043W,YLR118C,0,-4.371102,0.06911034882068634,0.1809999942779541,0.24379999935626984
YML060W,YMR046C,0,-4.3712096,0.06908396631479263,0.1809999942779541,0.24390000104904175
YBR035C,YMR045C,0,-4.371719,0.06905761361122131,0.1809999942779541,0.24400000274181366
YMR192W,YER054C,0,-4.3717237,0.06903127580881119,0.1809999942779541,0.24410000443458557
YDR080W,YER017C,0,-4.372053,0.06900495290756226,0.1809999942779541,0.24420000612735748
YKL140W,YDR539W,0,-4.3720975,0.06897865980863571,0.1809999942779541,0.2442999929189682
YDL139C,YOR113W,0,-4.372173,0.06895238161087036,0.1809999942779541,0.2443999946117401
YGL017W,YGR034W,0,-4.3723154,0.0689261257648468,0.1809999942779541,0.24449999630451202
YNL241C,YOR134W,0,-4.3723674,0.06889988481998444,0.1809999942779541,0.24459999799728394
YOR189W,YBR147W,0,-4.3739643,0.06887366622686386,0.1809999942779541,0.24469999969005585
YOR355W,YKL215C,0,-4.3748603,0.06884746998548508,0.1809999942779541,0.24480000138282776
YJR136C,YLR147C,0,-4.37504,0.06882129609584808,0.1809999942779541,0.24490000307559967
YBL003C,YBR296C,0,-4.375284,0.06879513710737228,0.1809999942779541,0.24500000476837158
YGL155W,YGL001C,0,-4.375502,0.06876900047063828,0.1809999942779541,0.2451000064611435
YKR045C,YGL229C,0,-4.3758144,0.06874287873506546,0.1809999942779541,0.2451999932527542
YKR034W,YML104C,0,-4.3764157,0.06871677935123444,0.1809999942779541,0.24529999494552612
YLR290C,YBL051C,0,-4.376745,0.0686907023191452,0.1809999942779541,0.24539999663829803
YDR307W,YPL214C,0,-4.376872,0.06866464018821716,0.1809999942779541,0.24549999833106995
YGR031W,YLR303W,0,-4.3773417,0.06863860785961151,0.1809999942779541,0.24560000002384186
YGR082W,YLR315W,0,-4.377362,0.06861258298158646,0.1809999942779541,0.24570000171661377
YLR373C,YPL108W,0,-4.3773685,0.06858658790588379,0.1809999942779541,0.24580000340938568
YPR104C,YPR133C,1,-4.377506,0.06893939524888992,0.18199999630451202,0.24580000340938568
YDR056C,YBR230C,0,-4.3779893,0.0689132884144783,0.18199999630451202,0.2459000051021576
YNL247W,YOR251C,0,-4.3782744,0.06888720393180847,0.18199999630451202,0.2460000067949295
YER170W,YHR092C,0,-4.378984,0.06886114180088043,0.18199999630451202,0.24609999358654022
YOR129C,YGR295C,0,-4.379197,0.06883510202169418,0.18199999630451202,0.24619999527931213
YMR164C,YLR176C,1,-4.3793073,0.06918714195489883,0.18299999833106995,0.24619999527931213
YGR198W,YNL024C,0,-4.379777,0.06916099786758423,0.18299999833106995,0.24629999697208405
YLL021W,YHR011W,0,-4.3800144,0.06913486868143082,0.18299999833106995,0.24639999866485596
YGR082W,YMR300C,0,-4.3801684,0.0691087618470192,0.18299999833106995,0.24650000035762787
YJL141C,YML035C,0,-4.38057,0.06908266991376877,0.18299999833106995,0.24660000205039978
YIL056W,YOR344C,1,-4.3809624,0.06943396478891373,0.18400000035762787,0.24660000205039978
YOR285W,YDR507C,0,-4.3812346,0.06940776854753494,0.18400000035762787,0.2467000037431717
YLR323C,YNR021W,0,-4.3820133,0.06938160210847855,0.18400000035762787,0.2468000054359436
YDL154W,YNL053W,0,-4.3820963,0.06935544312000275,0.18400000035762787,0.24690000712871552
YNL164C,YGR113W,0,-4.3823066,0.06932931393384933,0.18400000035762787,0.24699999392032623
YOR209C,YNL181W,0,-4.3832064,0.06930319964885712,0.18400000035762787,0.24709999561309814
YKR020W,YLR141W,0,-4.3832564,0.06927710771560669,0.18400000035762787,0.24719999730587006
YDR205W,YPR127W,0,-4.383392,0.06925103813409805,0.18400000035762787,0.24729999899864197
YGR166W,YLR197W,0,-4.3834453,0.06922498345375061,0.18400000035762787,0.24740000069141388
YPL178W,YIL161W,0,-4.383862,0.06919894367456436,0.18400000035762787,0.2475000023841858
YMR025W,YHR060W,0,-4.384178,0.0691729336977005,0.18400000035762787,0.2476000040769577
YLR442C,YLR224W,0,-4.384269,0.06914693862199783,0.18400000035762787,0.24770000576972961
YPR119W,YBL030C,0,-4.3847957,0.06912095844745636,0.18400000035762787,0.24779999256134033
YEL020W-A,YBR248C,0,-4.385012,0.06909500807523727,0.18400000035762787,0.24789999425411224
YEL016C,YDR507C,0,-4.385136,0.06906907260417938,0.18400000035762787,0.24799999594688416
YHR042W,YMR111C,0,-4.385161,0.06904315203428268,0.18400000035762787,0.24809999763965607
YLR405W,YIL159W,0,-4.3852043,0.06901725381612778,0.18400000035762787,0.24819999933242798
YGL009C,YIL037C,0,-4.385573,0.06899137794971466,0.18400000035762787,0.2483000010251999
YNL309W,YOR251C,0,-4.3856263,0.06896551698446274,0.18400000035762787,0.2484000027179718
YKL070W,YOR103C,0,-4.3857737,0.0689396783709526,0.18400000035762787,0.2485000044107437
YIL128W,YPR072W,1,-4.386438,0.06928838789463043,0.1850000023841858,0.2485000044107437
YPL017C,YDR363W-A,0,-4.387134,0.06926244497299194,0.1850000023841858,0.24860000610351562
YFL026W,YLR435W,0,-4.38734,0.06923652440309525,0.1850000023841858,0.24869999289512634
YGR271W,YJR117W,0,-4.387468,0.06921062618494034,0.1850000023841858,0.24879999458789825
YOL148C,YNL317W,0,-4.3874793,0.06918474286794662,0.1850000023841858,0.24889999628067017
YOR244W,YDR167W,1,-4.3875074,0.06953270733356476,0.1860000044107437,0.24889999628067017
YFR031C,YML040W,0,-4.3884206,0.06950672715902328,0.1860000044107437,0.24899999797344208
YBL106C,YMR078C,0,-4.3884234,0.069480761885643,0.1860000044107437,0.249099999666214
YOR334W,YHR077C,0,-4.388958,0.06945481896400452,0.1860000044107437,0.2492000013589859
YPR166C,YOR185C,0,-4.3894367,0.06942889094352722,0.1860000044107437,0.2493000030517578
YDR283C,YER005W,0,-4.3895917,0.06940298527479172,0.1860000044107437,0.24940000474452972
YEL022W,YHR007C,0,-4.3898134,0.06937709450721741,0.1860000044107437,0.24950000643730164
YGL126W,YER044C,0,-4.3900867,0.06935123354196548,0.1860000044107437,0.24959999322891235
YLR234W,YJL221C,0,-4.3901486,0.06932538002729416,0.1860000044107437,0.24969999492168427
YJL012C,YLR134W,0,-4.3903193,0.06929955631494522,0.1860000044107437,0.24979999661445618
YJR003C,YOL133W,0,-4.3910484,0.06927374005317688,0.1860000044107437,0.2498999983072281
YBR092C,YLR277C,0,-4.3910537,0.06924795359373093,0.1860000044107437,0.25
YER123W,YOR297C,0,-4.391659,0.06922218203544617,0.1860000044107437,0.2500999867916107
YPL174C,YBR105C,0,-4.3923354,0.0691964253783226,0.1860000044107437,0.2502000033855438
YOR032C,YMR196W,0,-4.3923755,0.06917069852352142,0.1860000044107437,0.25029999017715454
YBR233W-A,YMR140W,0,-4.392982,0.06914497911930084,0.1860000044107437,0.25040000677108765
YDR343C,YJR022W,0,-4.3945365,0.06911928951740265,0.1860000044107437,0.25049999356269836
YLR147C,YOL058W,0,-4.3945956,0.06909360736608505,0.1860000044107437,0.25060001015663147
YEL061C,YDR073W,0,-4.394962,0.06906795501708984,0.1860000044107437,0.2506999969482422
YOR069W,YLL066C,0,-4.395284,0.06904231756925583,0.1860000044107437,0.2508000135421753
YNL010W,YNL326C,0,-4.395629,0.06901669502258301,0.1860000044107437,0.250900000333786
YCL026C-B,YAL033W,0,-4.3958774,0.06899109482765198,0.1860000044107437,0.25099998712539673
YNR023W,YDR185C,0,-4.3959036,0.06896551698446274,0.1860000044107437,0.25110000371932983
YGL054C,YMR295C,0,-4.396688,0.06893995404243469,0.1860000044107437,0.25119999051094055
YBR159W,YIL093C,0,-4.3971386,0.06891441345214844,0.1860000044107437,0.25130000710487366
YNL038W,YLR281C,0,-4.3976126,0.06888888776302338,0.1860000044107437,0.2513999938964844
YOR262W,YOR298W,0,-4.397873,0.0688633844256401,0.1860000044107437,0.2515000104904175
YEL022W,YHR042W,0,-4.398236,0.06883789598941803,0.1860000044107437,0.2515999972820282
YDR479C,YGR046W,0,-4.398421,0.06881242990493774,0.1860000044107437,0.2517000138759613
YHR215W,YLR088W,0,-4.3984656,0.06878697872161865,0.1860000044107437,0.251800000667572
YFR032C-A,YOR074C,0,-4.3984885,0.06876154989004135,0.1860000044107437,0.25189998745918274
YOL094C,YGR090W,0,-4.3985767,0.06873614341020584,0.1860000044107437,0.25200000405311584
YKL205W,YHR020W,0,-4.398596,0.06871075183153152,0.1860000044107437,0.25209999084472656
YDR134C,YDR171W,0,-4.3986244,0.0686853751540184,0.1860000044107437,0.25220000743865967
YMR087W,YNL316C,0,-4.398658,0.06866002082824707,0.1860000044107437,0.2522999942302704
YPL264C,YBL042C,0,-4.3989105,0.06863468885421753,0.1860000044107437,0.2524000108242035
YPL276W,YOL112W,0,-4.3994355,0.06860937178134918,0.1860000044107437,0.2524999976158142
YHR023W,YKL057C,0,-4.399512,0.06858406960964203,0.1860000044107437,0.2526000142097473
YHR131C,YLR026C,0,-4.399573,0.06855878978967667,0.1860000044107437,0.25270000100135803
YOR369C,YPR145W,0,-4.3997498,0.0685335323214531,0.1860000044107437,0.25279998779296875
YNL030W,YMR099C,0,-4.3998556,0.06850828975439072,0.1860000044107437,0.25290000438690186
YDR370C,YBR156C,0,-4.4001126,0.06848306208848953,0.1860000044107437,0.2529999911785126
YPR133C,YML062C,1,-4.4004436,0.06882590800523758,0.18700000643730164,0.2529999911785126
YPR028W,YKR077W,0,-4.4006243,0.06880059093236923,0.18700000643730164,0.2531000077724457
YDR063W,YPL078C,0,-4.4006352,0.06877528131008148,0.18700000643730164,0.2531999945640564
YGL017W,YHL036W,0,-4.4007297,0.06875000149011612,0.18700000643730164,0.2533000111579895
YBR071W,YJR105W,0,-4.400825,0.06872473657131195,0.18700000643730164,0.2533999979496002
YBR215W,YDR527W,1,-4.401055,0.0690668597817421,0.18799999356269836,0.2533999979496002
YCL029C,YOR262W,0,-4.401315,0.06904149800539017,0.18799999356269836,0.2535000145435333
YPL104W,YNR004W,0,-4.4017653,0.06901615113019943,0.18799999356269836,0.25360000133514404
YDR517W,YDR479C,0,-4.40192,0.06899082660675049,0.18799999356269836,0.25369998812675476
YPL192C,YBL079W,0,-4.4026866,0.06896551698446274,0.18799999356269836,0.25380000472068787
YLR310C,YJR111C,0,-4.402965,0.06894022971391678,0.18799999356269836,0.2538999915122986
YDR227W,YGL174W,0,-4.403218,0.06891495734453201,0.18799999356269836,0.2540000081062317
YGR174C,YMR067C,0,-4.403223,0.06888969987630844,0.18799999356269836,0.2540999948978424
YEL022W,YNL316C,0,-4.4037595,0.06886447221040726,0.18799999356269836,0.2542000114917755
YDR354W,YFL034C-A,0,-4.40377,0.06883925199508667,0.18799999356269836,0.25429999828338623
YNL078W,YKL214C,0,-4.404154,0.06881405413150787,0.18799999356269836,0.25440001487731934
YOR011W,YHR077C,0,-4.4048634,0.06878887861967087,0.18799999356269836,0.25450000166893005
YML133C,YIR022W,0,-4.4048986,0.06876371800899506,0.18799999356269836,0.25459998846054077
YLL041C,YER124C,0,-4.404979,0.06873857229948044,0.18799999356269836,0.2547000050544739
YLR011W,YOL033W,0,-4.4050374,0.06871344894170761,0.18799999356269836,0.2547999918460846
YDR134C,YLR167W,0,-4.405619,0.06868834793567657,0.18799999356269836,0.2549000084400177
YDR090C,YDR532C,0,-4.406074,0.06866325438022614,0.18799999356269836,0.2549999952316284
YLR196W,YIL057C,0,-4.40646,0.06863819062709808,0.18799999356269836,0.2551000118255615
YBR197C,YCL019W,0,-4.4066467,0.06861314177513123,0.18799999356269836,0.25519999861717224
YBR262C,YMR196W,0,-4.406676,0.06858810782432556,0.18799999356269836,0.25529998540878296
YHR187W,YGL096W,1,-4.4068723,0.06892778724431992,0.1889999955892563,0.25529998540878296
YOR385W,YJL155C,0,-4.4074454,0.06890266388654709,0.1889999955892563,0.25540000200271606
YLR268W,YBL013W,0,-4.4076343,0.06887754797935486,0.1889999955892563,0.2554999887943268
YHR045W,YMR220W,0,-4.407836,0.06885246187448502,0.1889999955892563,0.2556000053882599
YLR329W,YPL194W,0,-4.4079533,0.06882738322019577,0.1889999955892563,0.2556999921798706
YDR382W,YJR111C,0,-4.4082193,0.06880232691764832,0.1889999955892563,0.2558000087738037
YNL070W,YCR035C,0,-4.408354,0.06877729296684265,0.1889999955892563,0.25589999556541443
YKL007W,YPR106W,0,-4.4084573,0.06875227391719818,0.1889999955892563,0.25600001215934753
YKL164C,YOR221C,0,-4.40892,0.0687272697687149,0.1889999955892563,0.25609999895095825
YML046W,YML111W,0,-4.4091344,0.06870228797197342,0.1889999955892563,0.25619998574256897
YER058W,YGL229C,0,-4.409702,0.06867732852697372,0.1889999955892563,0.2563000023365021
YDR280W,YBL071W-A,0,-4.4097805,0.06865237653255463,0.1889999955892563,0.2563999891281128
YDR090C,YPL066W,0,-4.4098306,0.06862745434045792,0.1889999955892563,0.2565000057220459
YFL010W-A,YIL087C,0,-4.4098763,0.0686025395989418,0.1889999955892563,0.2565999925136566
YKL119C,YHR175W,0,-4.409896,0.06857764720916748,0.1889999955892563,0.2567000091075897
YPL283C,YBL022C,0,-4.4099765,0.06855277717113495,0.1889999955892563,0.25679999589920044
YPL106C,YLR178C,0,-4.410024,0.06852792203426361,0.1889999955892563,0.25690001249313354
YDR283C,YOR001W,0,-4.410931,0.06850308179855347,0.1889999955892563,0.25699999928474426
YJR101W,YKR023W,0,-4.411508,0.06847826391458511,0.1889999955892563,0.257099986076355
YDR108W,YOL057W,0,-4.4121685,0.06845346093177795,0.1889999955892563,0.2572000026702881
YDL198C,YNL225C,0,-4.412427,0.06842867285013199,0.1889999955892563,0.2572999894618988
YER069W,YJL025W,0,-4.413061,0.06840390712022781,0.1889999955892563,0.2574000060558319
YHR040W,YMR303C,0,-4.413315,0.06837916374206543,0.1889999955892563,0.2574999928474426
YBL036C,YDL130W-A,0,-4.4137616,0.06835442781448364,0.1889999955892563,0.25760000944137573
YPL017C,YKR070W,0,-4.413809,0.06832972168922424,0.1889999955892563,0.25769999623298645
YNR062C,YLR219W,0,-4.4138722,0.06830502301454544,0.1889999955892563,0.25780001282691956
YHR003C,YNL186W,0,-4.4143224,0.06828034669160843,0.1889999955892563,0.2578999996185303
YOR337W,YDR532C,0,-4.4143972,0.06825568526983261,0.1889999955892563,0.257999986410141
YPL033C,YCR107W,0,-4.414466,0.06823104619979858,0.1889999955892563,0.2581000030040741
YMR143W,YHR059W,0,-4.414574,0.06820642203092575,0.1889999955892563,0.2581999897956848
YBR200W,YDL001W,0,-4.414849,0.06818182021379471,0.1889999955892563,0.2583000063896179
YLR319C,YPR106W,0,-4.415025,0.06815723329782486,0.1889999955892563,0.25839999318122864
YIL092W,YMR081C,0,-4.415116,0.0681326612830162,0.1889999955892563,0.25850000977516174
YBR194W,YBL060W,0,-4.4152174,0.06810811161994934,0.1889999955892563,0.25859999656677246
YMR240C,YDR334W,0,-4.415231,0.06808357685804367,0.1889999955892563,0.25870001316070557
YBL020W,YDR402C,0,-4.415472,0.0680590569972992,0.1889999955892563,0.2587999999523163
YER070W,YML006C,0,-4.4155374,0.06803455948829651,0.1889999955892563,0.258899986743927
YJR094C,YNL032W,0,-4.4156814,0.06801007688045502,0.1889999955892563,0.2590000033378601
YBL013W,YOL058W,0,-4.4158077,0.06798560917377472,0.1889999955892563,0.2590999901294708
YDL139C,YNL110C,0,-4.416161,0.06796116381883621,0.1889999955892563,0.25920000672340393
YMR307W,YML097C,0,-4.416189,0.0679367333650589,0.1889999955892563,0.25929999351501465
YPL267W,YPL001W,0,-4.416333,0.06791232526302338,0.1889999955892563,0.25940001010894775
YJR103W,YDR185C,0,-4.4165835,0.06788793206214905,0.1889999955892563,0.25949999690055847
YLR303W,YDL219W,0,-4.4172444,0.06786355376243591,0.1889999955892563,0.2596000134944916
YOL090W,YDR484W,0,-4.417358,0.06783919781446457,0.1889999955892563,0.2597000002861023
YPR036W,YLR283W,0,-4.41781,0.06781485676765442,0.1889999955892563,0.259799987077713
YJL065C,YMR099C,0,-4.418437,0.06779053062200546,0.1889999955892563,0.2599000036716461
YEL034W,YOR320C,0,-4.418646,0.0677662268280983,0.1889999955892563,0.25999999046325684
YAL043C,YAL032C,1,-4.4187236,0.06810035556554794,0.1899999976158142,0.25999999046325684
YLR108C,YBR267W,0,-4.4195027,0.06807595491409302,0.1899999976158142,0.26010000705718994
YLR147C,YBR173C,0,-4.4195037,0.06805157661437988,0.1899999976158142,0.26019999384880066
YJR154W,YKL210W,0,-4.419512,0.06802721321582794,0.1899999976158142,0.26030001044273376
YNR023W,YHL019C,0,-4.419514,0.0680028647184372,0.1899999976158142,0.2603999972343445
YDR131C,YHR010W,0,-4.4199224,0.06797853112220764,0.1899999976158142,0.2605000138282776
YKL170W,YNL045W,0,-4.4200797,0.06795421987771988,0.1899999976158142,0.2606000006198883
YBR204C,YLR072W,0,-4.420101,0.06792992353439331,0.1899999976158142,0.260699987411499
YOR116C,YKR053C,0,-4.4201484,0.06790564954280853,0.1899999976158142,0.26080000400543213
YJR044C,YOL034W,0,-4.4205613,0.06788138300180435,0.1899999976158142,0.26089999079704285
YDR237W,YDR036C,0,-4.420596,0.06785714626312256,0.1899999976158142,0.26100000739097595
YGR017W,YNL260C,0,-4.420655,0.06783291697502136,0.1899999976158142,0.26109999418258667
YCR102C,YGR253C,0,-4.4208245,0.06780871003866196,0.1899999976158142,0.2612000107765198
YJR094C,YOR219C,0,-4.4211836,0.06778451800346375,0.1899999976158142,0.2612999975681305
YNR010W,YNL236W,1,-4.4214396,0.06811697781085968,0.19099999964237213,0.2612999975681305
YML117W,YFL055W,0,-4.4216065,0.06809268891811371,0.19099999964237213,0.2614000141620636
YNR067C,YLR221C,0,-4.422032,0.06806842237710953,0.19099999964237213,0.2615000009536743
YPL267W,YPL192C,0,-4.4222174,0.06804417818784714,0.19099999964237213,0.26159998774528503
YNL215W,YML053C,0,-4.4223666,0.06801994144916534,0.19099999964237213,0.26170000433921814
YDR369C,YER012W,0,-4.422478,0.06799572706222534,0.19099999964237213,0.26179999113082886
YBR210W,YMR027W,0,-4.42252,0.06797152757644653,0.19099999964237213,0.26190000772476196
YPL123C,YDR529C,0,-4.4233937,0.06794735044240952,0.19099999964237213,0.2619999945163727
YKL208W,YBL080C,0,-4.4236836,0.06792318820953369,0.19099999964237213,0.2621000111103058
YGL155W,YGL060W,0,-4.424181,0.06789904087781906,0.19099999964237213,0.2621999979019165
YML019W,YPR055W,0,-4.424269,0.06787490844726562,0.19099999964237213,0.2623000144958496
YOL091W,YGR091W,0,-4.4242826,0.06785079836845398,0.19099999964237213,0.2624000012874603
YLR321C,YIR033W,1,-4.4245076,0.06818182021379471,0.19200000166893005,0.2624000012874603
YKL040C,YOR292C,0,-4.4250174,0.0681576132774353,0.19200000166893005,0.26249998807907104
YNL247W,YLR127C,0,-4.425059,0.06813342869281769,0.19200000166893005,0.26260000467300415
YPL207W,YBR118W,0,-4.425641,0.06810925900936127,0.19200000166893005,0.26269999146461487
YJR143C,YLR211C,0,-4.425669,0.06808510422706604,0.19200000166893005,0.262800008058548
YBR263W,YGR207C,0,-4.4257874,0.0680609717965126,0.19200000166893005,0.2628999948501587
YPR057W,YKL199C,0,-4.426474,0.06803685426712036,0.19200000166893005,0.2630000114440918
YDR492W,YJR085C,0,-4.426509,0.06801275163888931,0.19200000166893005,0.2630999982357025
YBR293W,YMR124W,0,-4.426565,0.06798867136240005,0.19200000166893005,0.2632000148296356
YBR012W-A,YJR082C,0,-4.4267,0.0679645985364914,0.19200000166893005,0.26330000162124634
YOL042W,YDR197W,0,-4.426776,0.06794055551290512,0.19200000166893005,0.26339998841285706
YJL137C,YJL113W,0,-4.42712,0.06791651993989944,0.19200000166893005,0.26350000500679016
YKL065C,YDL129W,0,-4.4272947,0.06789250671863556,0.19200000166893005,0.2635999917984009
YGR125W,YOL084W,0,-4.4274163,0.06786850839853287,0.19200000166893005,0.263700008392334
YCR060W,YBR108W,0,-4.4274783,0.06784452497959137,0.19200000166893005,0.2637999951839447
YAR010C,YAR015W,0,-4.4275026,0.06782055646181107,0.19200000166893005,0.2639000117778778
YKL197C,YER001W,0,-4.4277554,0.06779661029577255,0.19200000166893005,0.2639999985694885
YBL024W,YPL125W,0,-4.4282365,0.06777267903089523,0.19200000166893005,0.26409998536109924
YIL140W,YLL008W,0,-4.42847,0.06774876266717911,0.19200000166893005,0.26420000195503235
YKL160W,YPL129W,1,-4.4291596,0.06807760149240494,0.19300000369548798,0.26420000195503235
YCL067C,YOR178C,1,-4.4307837,0.06840620934963226,0.1940000057220459,0.26420000195503235
YPL014W,YDR446W,0,-4.430828,0.06838209182024002,0.1940000057220459,0.26429998874664307
YNL135C,YLR211C,0,-4.430841,0.06835799664258957,0.1940000057220459,0.26440000534057617
YKR078W,YEL024W,0,-4.4312787,0.06833392381668091,0.1940000057220459,0.2644999921321869
YMR258C,YGR109C,0,-4.4313664,0.06830985844135284,0.1940000057220459,0.26460000872612
YMR023C,YMR162C,0,-4.431454,0.06828581541776657,0.1940000057220459,0.2646999955177307
YOR351C,YHL038C,0,-4.431663,0.06826178729534149,0.1940000057220459,0.2648000121116638
YHR124W,YHR202W,0,-4.431991,0.0682377740740776,0.1940000057220459,0.26489999890327454
YNL327W,YLL010C,0,-4.4324164,0.06821378320455551,0.1940000057220459,0.26499998569488525
YGL134W,YEL043W,0,-4.432573,0.06818980723619461,0.1940000057220459,0.26510000228881836
YPL101W,YLR357W,1,-4.4327855,0.06851721554994583,0.19499999284744263,0.26510000228881836
YJR120W,YBR002C,0,-4.432823,0.06849315017461777,0.19499999284744263,0.2651999890804291
YHR200W,YDR293C,0,-4.432935,0.0684690997004509,0.19499999284744263,0.2653000056743622
YGL016W,YIR028W,0,-4.4341674,0.06844507157802582,0.19499999284744263,0.2653999924659729
YDR248C,YDL146W,0,-4.4345984,0.06842105090618134,0.19499999284744263,0.265500009059906
YDR161W,YBL059W,0,-4.434877,0.06839705258607864,0.19499999284744263,0.2655999958515167
YPR151C,YPL181W,0,-4.434978,0.06837306916713715,0.19499999284744263,0.26570001244544983
YDR369C,YGL169W,0,-4.435226,0.06834910809993744,0.19499999284744263,0.26579999923706055
YLL007C,YBL051C,0,-4.435635,0.06832515448331833,0.19499999284744263,0.26589998602867126
YFR037C,YDR527W,1,-4.435678,0.06865148991346359,0.19599999487400055,0.26589998602867126
YER041W,YER071C,0,-4.4359097,0.06862745434045792,0.19599999487400055,0.26600000262260437
YDR498C,YER051W,0,-4.436069,0.06860343366861343,0.19599999487400055,0.2660999894142151
YOR022C,YJL053W,0,-4.436161,0.06857942789793015,0.19599999487400055,0.2662000060081482
YML081W,YJR063W,0,-4.4362493,0.06855543702840805,0.19599999487400055,0.2662999927997589
YDR147W,YBL004W,0,-4.4365478,0.06853146851062775,0.19599999487400055,0.266400009393692
YLR310C,YJL010C,0,-4.436611,0.06850751489400864,0.19599999487400055,0.26649999618530273
YER142C,YCR012W,0,-4.4369473,0.06848357617855072,0.19599999487400055,0.26660001277923584
YPL043W,YDR541C,0,-4.437136,0.0684596598148346,0.19599999487400055,0.26669999957084656
YLR329W,YKL130C,0,-4.4373603,0.06843575090169907,0.19599999487400055,0.2667999863624573
YCR033W,YGR049W,0,-4.4376764,0.06841186434030533,0.19599999487400055,0.2669000029563904
YJL055W,YNL162W,0,-4.437819,0.06838800013065338,0.19599999487400055,0.2669999897480011
YIR013C,YOR128C,0,-4.4378324,0.06836414337158203,0.19599999487400055,0.2671000063419342
YML052W,YGR098C,0,-4.438007,0.06834030896425247,0.19599999487400055,0.2671999931335449
YKR082W,YJL054W,0,-4.438022,0.0683164894580841,0.19599999487400055,0.267300009727478
YIL049W,YHR163W,0,-4.4380527,0.06829268485307693,0.19599999487400055,0.26739999651908875
YOR208W,YJR035W,0,-4.4393044,0.06826889514923096,0.19599999487400055,0.26750001311302185
YLR387C,YBR274W,0,-4.4393044,0.06824512779712677,0.19599999487400055,0.26759999990463257
YOR173W,YNL240C,0,-4.4394503,0.06822136789560318,0.19599999487400055,0.2676999866962433
YOR255W,YPR179C,0,-4.4394994,0.06819763034582138,0.19599999487400055,0.2678000032901764
YMR106C,YJL200C,0,-4.439969,0.06817391514778137,0.19599999487400055,0.2678999900817871
YIL125W,YJR089W,0,-4.4402723,0.06815020740032196,0.19599999487400055,0.2680000066757202
YKL043W,YHR058C,1,-4.440404,0.06847410649061203,0.19699999690055847,0.2680000066757202
YCR090C,YOL133W,0,-4.4405828,0.06845030933618546,0.19699999690055847,0.26809999346733093
YOR125C,YMR298W,0,-4.440841,0.06842653453350067,0.19699999690055847,0.26820001006126404
YLR172C,YJR154W,0,-4.440937,0.06840277463197708,0.19699999690055847,0.26829999685287476
YMR164C,YOR224C,1,-4.440988,0.06872613728046417,0.1979999989271164,0.26829999685287476
YAL034W-A,YIL123W,0,-4.441193,0.06870228797197342,0.1979999989271164,0.26840001344680786
YDR265W,YGR042W,0,-4.441622,0.06867846101522446,0.1979999989271164,0.2685000002384186
YHR118C,YHR069C,0,-4.4418483,0.06865464895963669,0.1979999989271164,0.2685999870300293
YCR020W-B,YIR023W,1,-4.4427485,0.0689774677157402,0.19900000095367432,0.2685999870300293
YLR376C,YOL164W,0,-4.4434433,0.06895356625318527,0.19900000095367432,0.2687000036239624
YML082W,YPR135W,0,-4.4439836,0.06892968714237213,0.19900000095367432,0.2687999904155731
YHR033W,YHR017W,0,-4.4441133,0.06890581548213959,0.19900000095367432,0.2689000070095062
YBR240C,YGL246C,1,-4.4441667,0.06922810524702072,0.20000000298023224,0.2689000070095062
YDR086C,YKR018C,0,-4.4442277,0.06920415163040161,0.20000000298023224,0.26899999380111694
YNL243W,YPL088W,0,-4.445046,0.0691802129149437,0.20000000298023224,0.26910001039505005
YLR195C,YKL197C,0,-4.4453363,0.06915629655122757,0.20000000298023224,0.26919999718666077
YCR032W,YPR114W,0,-4.445542,0.06913238763809204,0.20000000298023224,0.26930001378059387
YFR021W,YPR159W,0,-4.4456534,0.0691085010766983,0.20000000298023224,0.2694000005722046
YPL011C,YDR190C,1,-4.445665,0.06943005323410034,0.20100000500679016,0.2694000005722046
YPR098C,YFL037W,0,-4.445818,0.06940607726573944,0.20100000500679016,0.2694999873638153
YPR124W,YKL063C,0,-4.4459395,0.06938211619853973,0.20100000500679016,0.2696000039577484
YHR079C,YGR126W,0,-4.4460063,0.06935817748308182,0.20100000500679016,0.26969999074935913
YPR188C,YER117W,0,-4.446067,0.0693342536687851,0.20100000500679016,0.26980000734329224
YER116C,YBR239C,0,-4.4461446,0.06931034475564957,0.20100000500679016,0.26989999413490295
YFL018C,YMR156C,0,-4.446343,0.06928645074367523,0.20100000500679016,0.27000001072883606
YEL026W,YKL173W,0,-4.4474044,0.06926257908344269,0.20100000500679016,0.2700999975204468
YLR135W,YNR031C,0,-4.447599,0.06923871487379074,0.20100000500679016,0.2702000141143799
YCL055W,YGL013C,1,-4.4476733,0.06955923140048981,0.20200000703334808,0.2702000141143799
YLR146C,YJL201W,0,-4.447676,0.0695352852344513,0.20200000703334808,0.2703000009059906
YJR069C,YBR163W,0,-4.4478397,0.06951135396957397,0.20200000703334808,0.2703999876976013
YPL199C,YOL003C,0,-4.448135,0.06948744505643845,0.20200000703334808,0.2705000042915344
YIR021W,YMR258C,0,-4.448169,0.06946355104446411,0.20200000703334808,0.27059999108314514
YML109W,YMR244C-A,0,-4.448299,0.06943967193365097,0.20200000703334808,0.27070000767707825
YHR178W,YOR381W,0,-4.4483376,0.06941580772399902,0.20200000703334808,0.27079999446868896
YPR098C,YOR255W,0,-4.4488897,0.06939195841550827,0.20200000703334808,0.27090001106262207
YOL031C,YPR017C,0,-4.448959,0.06936813145875931,0.20200000703334808,0.2709999978542328
YNL172W,YEL007W,0,-4.4490666,0.06934431940317154,0.20200000703334808,0.2711000144481659
YLR403W,YEL048C,0,-4.4490933,0.06932052224874496,0.20200000703334808,0.2712000012397766
YDR369C,YAL017W,0,-4.4494343,0.06929673999547958,0.20200000703334808,0.27129998803138733
YIL064W,YJL173C,0,-4.4497194,0.069272980093956,0.20200000703334808,0.27140000462532043
YJR112W,YGL170C,0,-4.4498115,0.069249227643013,0.20200000703334808,0.27149999141693115
YPR121W,YIL030C,0,-4.4498944,0.0692254975438118,0.20200000703334808,0.27160000801086426
YIL067C,YKL095W,0,-4.449899,0.06920178234577179,0.20200000703334808,0.271699994802475
YFR017C,YOR320C,0,-4.4500012,0.06917808204889297,0.20200000703334808,0.2718000113964081
YGL082W,YMR132C,0,-4.4503093,0.06915439665317535,0.20200000703334808,0.2718999981880188
YBL011W,YAR009C,0,-4.450705,0.06913073360919952,0.20200000703334808,0.2720000147819519
YGR218W,YPR121W,0,-4.4510417,0.06910708546638489,0.20200000703334808,0.2721000015735626
YER059W,YJR160C,0,-4.4511924,0.06908344477415085,0.20200000703334808,0.27219998836517334
YLL011W,YER077C,0,-4.4513407,0.0690598264336586,0.20200000703334808,0.27230000495910645
YIL074C,YPR097W,0,-4.451875,0.06903623044490814,0.20200000703334808,0.27239999175071716
YJL055W,YBL088C,0,-4.451958,0.06901264190673828,0.20200000703334808,0.27250000834465027
YMR289W,YOR185C,0,-4.452248,0.06898906826972961,0.20200000703334808,0.272599995136261
YGR101W,YNL307C,0,-4.452358,0.06896551698446274,0.20200000703334808,0.2727000117301941
YLL036C,YOR049C,0,-4.452656,0.06894198060035706,0.20200000703334808,0.2727999985218048
YLR372W,YFL052W,0,-4.452722,0.06891845911741257,0.20200000703334808,0.2728999853134155
YDR285W,YKL033W,0,-4.452768,0.06889495253562927,0.20200000703334808,0.27300000190734863
YNL080C,YPL276W,0,-4.4528837,0.06887146085500717,0.20200000703334808,0.27309998869895935
YGL048C,YNL310C,0,-4.4531107,0.06884799152612686,0.20200000703334808,0.27320000529289246
YIL119C,YPR083W,0,-4.4531565,0.06882452964782715,0.20200000703334808,0.2732999920845032
YDL217C,YCR107W,0,-4.453769,0.06880109012126923,0.20200000703334808,0.2734000086784363
YOL078W,YFL004W,0,-4.45415,0.0687776654958725,0.20200000703334808,0.273499995470047
YCR032W,YOR312C,0,-4.454265,0.06875425577163696,0.20200000703334808,0.2736000120639801
YLR426W,YOR157C,0,-4.4544597,0.06873086094856262,0.20200000703334808,0.2736999988555908
YJR050W,YBR166C,0,-4.454794,0.06870748102664948,0.20200000703334808,0.27379998564720154
YMR150C,YMR271C,0,-4.4553432,0.06868412345647812,0.20200000703334808,0.27390000224113464
YGR150C,YEL021W,0,-4.4556694,0.06866077333688736,0.20200000703334808,0.27399998903274536
YOR260W,YJR010W,0,-4.4563074,0.06863744556903839,0.20200000703334808,0.27410000562667847
YCL069W,YOL144W,0,-4.4565177,0.06861413270235062,0.20200000703334808,0.2741999924182892
YPR131C,YFR025C,0,-4.456782,0.06859083473682404,0.20200000703334808,0.2743000090122223
YDL207W,YLL056C,0,-4.4576745,0.06856755167245865,0.20200000703334808,0.274399995803833
YJR112W,YPR137W,0,-4.458428,0.06854428350925446,0.20200000703334808,0.2745000123977661
YDR080W,YMR106C,0,-4.4584813,0.06852103024721146,0.20200000703334808,0.27459999918937683
YGL103W,YPL036W,0,-4.458537,0.06849779933691025,0.20200000703334808,0.27469998598098755
YDL019C,YDR295C,0,-4.4588294,0.06847457587718964,0.20200000703334808,0.27480000257492065
YER011W,YKL060C,0,-4.459528,0.06845137476921082,0.20200000703334808,0.27489998936653137
YPR083W,YMR070W,0,-4.4597735,0.06842818111181259,0.20200000703334808,0.2750000059604645
YIL123W,YMR081C,0,-4.460583,0.06840500980615616,0.20200000703334808,0.2750999927520752
YHR160C,YPR083W,0,-4.460607,0.06838185340166092,0.20200000703334808,0.2752000093460083
YOR224C,YML114C,1,-4.4606647,0.06869712471961975,0.2029999941587448,0.2752000093460083
YDR267C,YFL034W,0,-4.4610543,0.06867388635873795,0.2029999941587448,0.275299996137619
YJL093C,YLR115W,0,-4.461459,0.06865066289901733,0.2029999941587448,0.2754000127315521
YDL121C,YBR262C,0,-4.4618998,0.06862745434045792,0.2029999941587448,0.27549999952316284
YDL226C,YMR132C,0,-4.4620433,0.06860426068305969,0.2029999941587448,0.27559998631477356
YFL017C,YBR085W,0,-4.462392,0.06858108192682266,0.2029999941587448,0.27570000290870667
YBR068C,YNL245C,0,-4.4624724,0.06855791807174683,0.2029999941587448,0.2757999897003174
YPR148C,YIL022W,0,-4.4628897,0.06853477656841278,0.2029999941587448,0.2759000062942505
YDR134C,YLR100W,0,-4.462976,0.06851164251565933,0.2029999941587448,0.2759999930858612
YPL085W,YNL092W,0,-4.4631352,0.06848853081464767,0.2029999941587448,0.2761000096797943
YNL212W,YDR507C,0,-4.463808,0.06846542656421661,0.2029999941587448,0.27619999647140503
YDL165W,YML062C,1,-4.4641805,0.06877949833869934,0.20399999618530273,0.27619999647140503
YDR370C,YBR102C,0,-4.4641953,0.06875631958246231,0.20399999618530273,0.27630001306533813
YOL091W,YPL162C,0,-4.4642053,0.06873315572738647,0.20399999618530273,0.27639999985694885
YDR164C,YMR132C,0,-4.46438,0.06871000677347183,0.20399999618530273,0.27649998664855957
YMR227C,YML069W,1,-4.464516,0.06902357190847397,0.20499999821186066,0.27649998664855957
YLR009W,YJL012C,0,-4.4646554,0.06900033354759216,0.20499999821186066,0.2766000032424927
YDR373W,YPR188C,0,-4.464749,0.06897711753845215,0.20499999821186066,0.2766999900341034
YAR050W,YNL307C,0,-4.4648085,0.06895391643047333,0.20499999821186066,0.2768000066280365
YNL005C,YKL092C,0,-4.464951,0.0689307302236557,0.20499999821186066,0.2768999934196472
YGR175C,YER013W,0,-4.465012,0.06890756636857986,0.20499999821186066,0.2770000100135803
YLR423C,YOL058W,0,-4.465076,0.06888440996408463,0.20499999821186066,0.27709999680519104
YLR215C,YNL273W,0,-4.4661403,0.06886126846075058,0.20499999821186066,0.27720001339912415
YOR038C,YCR042C,1,-4.466148,0.06917393952608109,0.20600000023841858,0.27720001339912415
YBL082C,YNR051C,0,-4.4662786,0.06915072351694107,0.20600000023841858,0.27730000019073486
YNL323W,YAL009W,0,-4.4671526,0.06912751495838165,0.20600000023841858,0.2773999869823456
YKL140W,YPR173C,0,-4.467742,0.06910432875156403,0.20600000023841858,0.2775000035762787
YNL299W,YMR199W,0,-4.46775,0.069081149995327,0.20600000023841858,0.2775999903678894
YGR001C,YCR005C,0,-4.4678264,0.06905799359083176,0.20600000023841858,0.2777000069618225
YPR030W,YJR140C,1,-4.4678903,0.06936997175216675,0.2070000022649765,0.2777000069618225
YCR003W,YHL028W,0,-4.4679513,0.06934673339128494,0.2070000022649765,0.2777999937534332
YCL056C,YEL021W,0,-4.467982,0.06932350993156433,0.2070000022649765,0.27790001034736633
YPR094W,YNL260C,0,-4.46818,0.06930030137300491,0.2070000022649765,0.27799999713897705
YDR423C,YCR093W,1,-4.468453,0.06961178034543991,0.20800000429153442,0.27799999713897705
YBR287W,YNL077W,0,-4.4688334,0.06958848983049393,0.20800000429153442,0.27810001373291016
YKR045C,YBL047C,0,-4.4692817,0.06956521421670914,0.20800000429153442,0.2782000005245209
YJR089W,YDL189W,0,-4.469355,0.06954196095466614,0.20800000429153442,0.2782999873161316
YOL164W,YDL159W,0,-4.4694824,0.06951871514320374,0.20800000429153442,0.2784000039100647
YDR281C,YDR147W,0,-4.470413,0.06949549168348312,0.20800000429153442,0.2784999907016754
YDR382W,YER075C,0,-4.470422,0.06947227567434311,0.20800000429153442,0.2786000072956085
YNL148C,YBR151W,0,-4.47063,0.06944908201694489,0.20800000429153442,0.27869999408721924
YKL135C,YKL132C,0,-4.4710293,0.06942590326070786,0.20800000429153442,0.27880001068115234
YMR234W,YPR188C,0,-4.4712257,0.06940273940563202,0.20800000429153442,0.27889999747276306
YPL060W,YDR277C,0,-4.4713764,0.06937958300113678,0.20800000429153442,0.27900001406669617
YLL056C,YBR260C,0,-4.471947,0.06935644894838333,0.20800000429153442,0.2791000008583069
YHL016C,YBR052C,0,-4.472145,0.06933332979679108,0.20800000429153442,0.2791999876499176
YNL021W,YBR071W,0,-4.472457,0.06931023299694061,0.20800000429153442,0.2793000042438507
YNL086W,YJL222W,0,-4.4733047,0.06928714364767075,0.20800000429153442,0.2793999910354614
YHL013C,YFR036W,0,-4.4734445,0.06926406919956207,0.20800000429153442,0.27950000762939453
YGR054W,YAR015W,0,-4.4737763,0.0692410096526146,0.20800000429153442,0.27959999442100525
YDL074C,YJL029C,0,-4.4739156,0.0692179724574089,0.20800000429153442,0.27970001101493835
YJL171C,YJR056C,0,-4.47395,0.06919494271278381,0.20800000429153442,0.2797999978065491
YJR073C,YKR086W,0,-4.4744186,0.06917193531990051,0.20800000429153442,0.2799000144004822
YPL196W,YGR059W,0,-4.4745913,0.06914893537759781,0.20800000429153442,0.2800000011920929
YHL020C,YML069W,1,-4.4747863,0.06945829093456268,0.20900000631809235,0.2800000011920929
YPL106C,YOL165C,0,-4.4748836,0.06943521648645401,0.20900000631809235,0.2800999879837036
YKL042W,YDR492W,0,-4.4751678,0.06941215693950653,0.20900000631809235,0.2802000045776367
YOR313C,YOL039W,0,-4.475338,0.06938911229372025,0.20900000631809235,0.28029999136924744
YLR345W,YDL171C,0,-4.4760222,0.06936608254909515,0.20900000631809235,0.28040000796318054
YNL162W,YJR133W,0,-4.476202,0.06934306770563126,0.20900000631809235,0.28049999475479126
YNR067C,YMR046C,0,-4.476837,0.06932006776332855,0.20900000631809235,0.28060001134872437
YJL165C,YGR235C,0,-4.4772983,0.06929708272218704,0.20900000631809235,0.2806999981403351
YDR228C,YHR084W,1,-4.4772997,0.06960556656122208,0.20999999344348907,0.2806999981403351
YMR223W,YMR196W,0,-4.477436,0.0695825070142746,0.20999999344348907,0.2808000147342682
YDL092W,YJR003C,0,-4.4778605,0.06955945491790771,0.20999999344348907,0.2809000015258789
YML081W,YOR064C,0,-4.4781237,0.06953642517328262,0.20999999344348907,0.2809999883174896
YNL325C,YER079W,0,-4.4791284,0.06951340287923813,0.20999999344348907,0.28110000491142273
YOL067C,YPR072W,1,-4.4795585,0.0698213130235672,0.210999995470047,0.28110000491142273
YER134C,YPR164W,0,-4.4799,0.06979821622371674,0.210999995470047,0.28119999170303345
YER059W,YDR363W,0,-4.4799213,0.06977513432502747,0.210999995470047,0.28130000829696655
YDL239C,YDR375C,0,-4.479939,0.06975206732749939,0.210999995470047,0.28139999508857727
YEL064C,YNL024C,0,-4.4799905,0.06972901523113251,0.210999995470047,0.2815000116825104
YCR047C,YPL049C,0,-4.4800887,0.06970597803592682,0.210999995470047,0.2815999984741211
YML109W,YHR148W,0,-4.4802938,0.06968295574188232,0.210999995470047,0.2816999852657318
YML045W,YHR034C,0,-4.48044,0.06965995579957962,0.210999995470047,0.2818000018596649
YOL017W,YCR069W,0,-4.480652,0.06963696330785751,0.210999995470047,0.28189998865127563
YDR171W,YPL108W,0,-4.4807973,0.0696139857172966,0.210999995470047,0.28200000524520874
YGR279C,YBL014C,0,-4.480806,0.06959103047847748,0.210999995470047,0.28209999203681946
YBR002C,YDL246C,0,-4.4815416,0.06956808269023895,0.210999995470047,0.28220000863075256
YHR143W-A,YER171W,1,-4.4816804,0.06987475603818893,0.21199999749660492,0.28220000863075256
YOL080C,YLR214W,0,-4.481856,0.06985172629356384,0.21199999749660492,0.2822999954223633
YLR231C,YGR210C,0,-4.482139,0.06982871890068054,0.21199999749660492,0.2824000120162964
YOR168W,YOR308C,0,-4.482696,0.06980572640895844,0.21199999749660492,0.2824999988079071
YDR545W,YDR276C,0,-4.48284,0.06978274881839752,0.21199999749660492,0.2825999855995178
YMR307W,YOR320C,0,-4.483705,0.0697597861289978,0.21199999749660492,0.2827000021934509
YFL037W,YOR373W,0,-4.483975,0.06973684579133987,0.21199999749660492,0.28279998898506165
YJR029W,YPL274W,0,-4.484116,0.06971391290426254,0.21199999749660492,0.28290000557899475
YGL209W,YIR033W,1,-4.4842796,0.07001972198486328,0.21299999952316284,0.28290000557899475
YGL144C,YER067W,0,-4.484366,0.06999671459197998,0.21299999952316284,0.28299999237060547
YPR094W,YKR071C,0,-4.4843793,0.06997372210025787,0.21299999952316284,0.2831000089645386
YDL227C,YOR291W,0,-4.484426,0.06995073705911636,0.21299999952316284,0.2831999957561493
YBR052C,YGL005C,0,-4.4854417,0.06992777436971664,0.21299999952316284,0.2833000123500824
YFR015C,YBL059W,0,-4.4855533,0.06990482658147812,0.21299999952316284,0.2833999991416931
YDL233W,YJR024C,0,-4.4857697,0.06988188624382019,0.21299999952316284,0.28349998593330383
YDR343C,YOL130W,0,-4.485801,0.06985896825790405,0.21299999952316284,0.28360000252723694
YGL185C,YNL087W,0,-4.4858227,0.06983606517314911,0.21299999952316284,0.28369998931884766
YFR002W,YBR200W,0,-4.485882,0.06981317698955536,0.21299999952316284,0.28380000591278076
YKL002W,YNL253W,0,-4.4863076,0.0697903037071228,0.21299999952316284,0.2838999927043915
YDR402C,YBR200W,0,-4.486832,0.06976744532585144,0.21299999952316284,0.2840000092983246
YDR449C,YDL154W,0,-4.486975,0.06974459439516068,0.21299999952316284,0.2840999960899353
YBR201W,YGR207C,0,-4.4873805,0.0697217658162117,0.21299999952316284,0.2842000126838684
YML019W,YDL102W,0,-4.487678,0.06969895213842392,0.21299999952316284,0.2842999994754791
YGL179C,YOR298W,0,-4.487779,0.06967615336179733,0.21299999952316284,0.28439998626708984
YPL264C,YDR058C,0,-4.48795,0.06965336948633194,0.21299999952316284,0.28450000286102295
YOR391C,YOL001W,0,-4.488125,0.06963060051202774,0.21299999952316284,0.28459998965263367
YKR049C,YNL053W,0,-4.4883065,0.06960784643888474,0.21299999952316284,0.2847000062465668
YOR025W,YOR081C,0,-4.488307,0.06958509981632233,0.21299999952316284,0.2847999930381775
YDR069C,YNL217W,0,-4.488777,0.06956237554550171,0.21299999952316284,0.2849000096321106
YOR334W,YPR166C,0,-4.4888153,0.06953966617584229,0.21299999952316284,0.2849999964237213
YML109W,YNL334C,0,-4.4889226,0.06951697170734406,0.21299999952316284,0.2851000130176544
YPR088C,YKL033W,0,-4.4890904,0.06949429214000702,0.21299999952316284,0.28519999980926514
YDR205W,YNL116W,0,-4.4893813,0.06947162747383118,0.21299999952316284,0.28529998660087585
YHL020C,YOL072W,1,-4.489971,0.06977502256631851,0.21400000154972076,0.28529998660087585
YBR284W,YOR336W,0,-4.4899917,0.0697522833943367,0.21400000154972076,0.28540000319480896
YDR320C-A,YHR074W,0,-4.4901423,0.06972955167293549,0.21400000154972076,0.2854999899864197
YJL203W,YPL057C,0,-4.4902797,0.06970684230327606,0.21400000154972076,0.2856000065803528
YIL056W,YOR304W,1,-4.491241,0.07000976800918579,0.2150000035762787,0.2856000065803528
YOR201C,YMR074C,0,-4.4912457,0.0699869766831398,0.2150000035762787,0.2856999933719635
YPL231W,YIL030C,0,-4.491882,0.0699642077088356,0.2150000035762787,0.2858000099658966
YML027W,YIR018W,1,-4.4921107,0.07026675343513489,0.2160000056028366,0.2858000099658966
YMR238W,YJL173C,0,-4.492207,0.07024390250444412,0.2160000056028366,0.2858999967575073
YPL116W,YHR023W,0,-4.4923205,0.07022106647491455,0.2160000056028366,0.28600001335144043
YMR310C,YLL015W,0,-4.4923835,0.07019824534654617,0.2160000056028366,0.28610000014305115
YGR279C,YPL132W,0,-4.4923887,0.07017543911933899,0.2160000056028366,0.28619998693466187
YIL077C,YDL147W,0,-4.492393,0.070152647793293,0.2160000056028366,0.28630000352859497
YBR284W,YHR109W,0,-4.492396,0.0701298713684082,0.2160000056028366,0.2863999903202057
YGR133W,YNL200C,0,-4.492495,0.0701071098446846,0.2160000056028366,0.2865000069141388
YDR480W,YPR068C,0,-4.49253,0.07008436322212219,0.2160000056028366,0.2865999937057495
YLR425W,YPR111W,0,-4.492808,0.07006163150072098,0.2160000056028366,0.2867000102996826
YIR033W,YGL207W,1,-4.4930034,0.07036316394805908,0.21699999272823334,0.2867000102996826
YKL141W,YER064C,0,-4.4931064,0.0703403577208519,0.21699999272823334,0.28679999709129333
YLL067C,YNL152W,0,-4.4931607,0.07031756639480591,0.21699999272823334,0.28690001368522644
YFR013W,YBR015C,0,-4.4935455,0.07029478251934052,0.21699999272823334,0.28700000047683716
YDR333C,YDL125C,0,-4.4936485,0.07027202099561691,0.21699999272823334,0.2870999872684479
YLR002C,YCR051W,0,-4.49375,0.0702492743730545,0.21699999272823334,0.287200003862381
YPL245W,YCL017C,0,-4.4937596,0.07022653520107269,0.21699999272823334,0.2872999906539917
YMR140W,YMR323W,0,-4.49387,0.07020381838083267,0.21699999272823334,0.2874000072479248
YAL051W,YJL095W,0,-4.4943814,0.07018110901117325,0.21699999272823334,0.2874999940395355
YBR211C,YPL130W,0,-4.494386,0.07015842199325562,0.21699999272823334,0.28760001063346863
YFR013W,YGL238W,0,-4.4944057,0.07013574987649918,0.21699999272823334,0.28769999742507935
YOR227W,YOL057W,0,-4.4946733,0.07011308521032333,0.21699999272823334,0.28780001401901245
YKL011C,YJR050W,0,-4.4948473,0.07009044289588928,0.21699999272823334,0.28790000081062317
YOR304C-A,YER003C,0,-4.4956865,0.07006780803203583,0.21699999272823334,0.2879999876022339
YJR158W,YLL034C,0,-4.496201,0.07004518806934357,0.21699999272823334,0.288100004196167
YDL074C,YJR027W,0,-4.4967017,0.0700225904583931,0.21699999272823334,0.2881999909877777
YMR286W,YKR078W,0,-4.497041,0.07000000029802322,0.21699999272823334,0.2883000075817108
YAL008W,YCL045C,0,-4.4979715,0.06997742503881454,0.21699999272823334,0.28839999437332153
YKL069W,YGR117C,0,-4.4982376,0.06995486468076706,0.21699999272823334,0.28850001096725464
YGL090W,YLR297W,0,-4.4982414,0.06993232667446136,0.21699999272823334,0.28859999775886536
YER151C,YDR211W,0,-4.4982967,0.06990979611873627,0.21699999272823334,0.28870001435279846
YPL045W,YGR010W,0,-4.4985347,0.06988728046417236,0.21699999272823334,0.2888000011444092
YDR365C,YLR026C,0,-4.4986334,0.06986477971076965,0.21699999272823334,0.2888999879360199
YER018C,YMR105C,0,-4.498798,0.06984229385852814,0.21699999272823334,0.289000004529953
YGL145W,YDR270W,0,-4.4988804,0.06981982290744781,0.21699999272823334,0.2890999913215637
YDR460W,YFR019W,1,-4.4990573,0.07011900842189789,0.21799999475479126,0.2890999913215637
YIR009W,YDR186C,0,-4.499345,0.0700964629650116,0.21799999475479126,0.2892000079154968
YPL033C,YER132C,0,-4.4994273,0.0700739324092865,0.21799999475479126,0.28929999470710754
YNL030W,YGR174C,0,-4.500234,0.0700514167547226,0.21799999475479126,0.28940001130104065
YKL151C,YMR273C,0,-4.500435,0.07002890855073929,0.21799999475479126,0.28949999809265137
YJL117W,YGR038W,0,-4.5004697,0.07000642269849777,0.21799999475479126,0.2896000146865845
YKL023W,YMR174C,0,-4.500665,0.06998395174741745,0.21799999475479126,0.2897000014781952
YJR136C,YDL070W,0,-4.5007367,0.06996148824691772,0.21799999475479126,0.2897999882698059
YLR345W,YLL056C,0,-4.5007515,0.06993904709815979,0.21799999475479126,0.289900004863739
YDR062W,YEL004W,0,-4.5008197,0.06991661339998245,0.21799999475479126,0.28999999165534973
YLR155C,YIL091C,0,-4.501429,0.06989419460296631,0.21799999475479126,0.29010000824928284
YPR071W,YIL041W,0,-4.501518,0.06987179815769196,0.21799999475479126,0.29019999504089355
YKR053C,YDL244W,0,-4.5016203,0.0698494091629982,0.21799999475479126,0.29030001163482666
YJR015W,YBR012W-A,0,-4.5018606,0.06982703506946564,0.21799999475479126,0.2903999984264374
YML014W,YPL247C,0,-4.5022845,0.06980467587709427,0.21799999475479126,0.2904999852180481
YPR003C,YJR117W,0,-4.502321,0.0697823315858841,0.21799999475479126,0.2906000018119812
YDR400W,YDL095W,0,-4.502513,0.06976000219583511,0.21799999475479126,0.2906999886035919
YNL258C,YAL026C,0,-4.5037103,0.06973768025636673,0.21799999475479126,0.290800005197525
YPL264C,YOR229W,0,-4.5040193,0.06971538066864014,0.21799999475479126,0.29089999198913574
YPR187W,YGL035C,1,-4.5048165,0.07001278549432755,0.21899999678134918,0.29089999198913574
YBR040W,YNR058W,0,-4.5052776,0.06999041140079498,0.21899999678134918,0.29100000858306885
YJL108C,YPL164C,0,-4.505282,0.06996805220842361,0.21899999678134918,0.29109999537467957
YDR532C,YGR109C,0,-4.506184,0.06994570791721344,0.21899999678134918,0.29120001196861267
YHR164C,YGL172W,0,-4.507411,0.06992337107658386,0.21899999678134918,0.2912999987602234
YBR071W,YBR015C,0,-4.50748,0.06990105658769608,0.21899999678134918,0.2913999855518341
YBR073W,YJL115W,0,-4.5078864,0.06987874954938889,0.21899999678134918,0.2915000021457672
YFR019W,YHL020C,1,-4.507977,0.07017543911933899,0.2199999988079071,0.2915000021457672
YDR159W,YBL107C,0,-4.5082803,0.07015305757522583,0.2199999988079071,0.29159998893737793
YNL026W,YOR251C,0,-4.508348,0.07013069838285446,0.2199999988079071,0.29170000553131104
YML045W,YLR178C,0,-4.508352,0.07010834664106369,0.2199999988079071,0.29179999232292175
YDL133C-A,YMR054W,0,-4.5084195,0.07008601725101471,0.2199999988079071,0.29190000891685486
YNL164C,YGR188C,0,-4.5088367,0.07006369531154633,0.2199999988079071,0.2919999957084656
YLR457C,YNR032W,0,-4.509245,0.07004138827323914,0.2199999988079071,0.2921000123023987
YHR134W,YPL222W,0,-4.509843,0.07001909613609314,0.2199999988079071,0.2921999990940094
YHR167W,YKL015W,1,-4.509877,0.07031498849391937,0.22100000083446503,0.2921999990940094
YDL161W,YHR146W,0,-4.510104,0.07029262185096741,0.22100000083446503,0.2922999858856201
YDL236W,YLR315W,0,-4.510106,0.07027027010917664,0.22100000083446503,0.2924000024795532
YMR145C,YDR186C,0,-4.5101132,0.07024793326854706,0.22100000083446503,0.29249998927116394
YEL005C,YOR031W,0,-4.5103073,0.07022561132907867,0.22100000083446503,0.29260000586509705
YOR011W,YNR040W,0,-4.510352,0.07020330429077148,0.22100000083446503,0.29269999265670776
YDL232W,YDR416W,0,-4.510388,0.07018101215362549,0.22100000083446503,0.29280000925064087
YDR353W,YHL044W,0,-4.5106654,0.07015872746706009,0.22100000083446503,0.2928999960422516
YKL151C,YNL003C,0,-4.510703,0.07013646513223648,0.22100000083446503,0.2930000126361847
YDL031W,YNL326C,0,-4.5109043,0.07011421024799347,0.22100000083446503,0.2930999994277954
YLR426W,YNL333W,0,-4.511024,0.07009197771549225,0.22100000083446503,0.29319998621940613
YGR197C,YDR185C,0,-4.511123,0.07006975263357162,0.22100000083446503,0.29330000281333923
YHR187W,YDR464W,1,-4.5112734,0.07036449760198593,0.22200000286102295,0.29330000281333923
YJL058C,YHR060W,0,-4.5113797,0.07034220546483994,0.22200000286102295,0.29339998960494995
YLR008C,YOR242C,0,-4.5114064,0.07031992077827454,0.22200000286102295,0.29350000619888306
YIL147C,YCR005C,0,-4.5115438,0.07029765844345093,0.22200000286102295,0.2935999929904938
YML024W,YNL260C,0,-4.5116515,0.07027540355920792,0.22200000286102295,0.2937000095844269
YHR159W,YIL111W,0,-4.511887,0.0702531635761261,0.22200000286102295,0.2937999963760376
YMR058W,YJR139C,0,-4.511952,0.07023093849420547,0.22200000286102295,0.2939000129699707
YDR311W,YDR173C,1,-4.512062,0.07052498310804367,0.22300000488758087,0.2939000129699707
YNL185C,YLR325C,0,-4.512179,0.07050269097089767,0.22300000488758087,0.2939999997615814
YDR056C,YDR120C,0,-4.5128994,0.07048040628433228,0.22300000488758087,0.29409998655319214
YHR115C,YFL059W,0,-4.513033,0.07045813649892807,0.22300000488758087,0.29420000314712524
YBR169C,YCR014C,0,-4.5134172,0.07043588161468506,0.22300000488758087,0.29429998993873596
YMR003W,YML117W,0,-4.5136037,0.07041364163160324,0.22300000488758087,0.29440000653266907
YJR084W,YNL327W,0,-4.5137324,0.07039141654968262,0.22300000488758087,0.2944999933242798
YNL022C,YLR027C,0,-4.5140166,0.07036919891834259,0.22300000488758087,0.2946000099182129
YDR237W,YNR009W,0,-4.5150137,0.07034700363874435,0.22300000488758087,0.2946999967098236
YHR176W,YGR049W,0,-4.515078,0.07032481580972672,0.22300000488758087,0.2948000133037567
YLR276C,YNL148C,0,-4.515268,0.07030265033245087,0.22300000488758087,0.29490000009536743
YDL074C,YKL048C,0,-4.515466,0.07028049230575562,0.22300000488758087,0.29499998688697815
YCR059C,YDR446W,0,-4.5157576,0.07025834918022156,0.22300000488758087,0.29510000348091125
YDR208W,YPR204W,0,-4.5158186,0.0702362209558487,0.22300000488758087,0.295199990272522
YPR168W,YGL127C,1,-4.5161653,0.07052896916866302,0.2240000069141388,0.295199990272522
YML130C,YHL013C,0,-4.516401,0.07050676643848419,0.2240000069141388,0.2953000068664551
YHR111W,YJR039W,0,-4.516948,0.07048457860946655,0.2240000069141388,0.2953999936580658
YJR111C,YOL096C,0,-4.517466,0.0704624131321907,0.2240000069141388,0.2955000102519989
YIL068C,YIL157C,0,-4.5176363,0.07044025510549545,0.2240000069141388,0.2955999970436096
YCR024C,YKR023W,0,-4.5177116,0.0704181045293808,0.2240000069141388,0.2957000136375427
YLR103C,YJR047C,0,-4.517935,0.07039597630500793,0.2240000069141388,0.29580000042915344
YDR437W,YAL027W,0,-4.518104,0.07037386298179626,0.2240000069141388,0.29589998722076416
YDR268W,YCL033C,0,-4.5181575,0.07035175710916519,0.2240000069141388,0.29600000381469727
YML075C,YGR092W,0,-4.5182805,0.07032967358827591,0.2240000069141388,0.296099990606308
YPL014W,YPL215W,0,-4.5188293,0.07030759751796722,0.2240000069141388,0.2962000072002411
YIR014W,YDL146W,0,-4.5188737,0.07028553634881973,0.2240000069141388,0.2962999939918518
YDR520C,YBR058C-A,0,-4.5191607,0.07026349008083344,0.2240000069141388,0.2964000105857849
YKR043C,YDR021W,0,-4.519575,0.07024145871400833,0.2240000069141388,0.29649999737739563
YBR034C,YOL105C,0,-4.519843,0.07021943479776382,0.2240000069141388,0.29660001397132874
YKL028W,YDR146C,1,-4.5200176,0.07051081210374832,0.22499999403953552,0.29660001397132874
YAR027W,YCR010C,0,-4.520087,0.07048872113227844,0.22499999403953552,0.29670000076293945
YDR217C,YOR162C,1,-4.5203547,0.07077983021736145,0.22599999606609344,0.29670000076293945
YFR001W,YIL132C,0,-4.520559,0.0707576721906662,0.22599999606609344,0.29679998755455017
YER058W,YGL022W,0,-4.5211415,0.07073552161455154,0.22599999606609344,0.2969000041484833
YLR449W,YFL024C,1,-4.5220113,0.0710262805223465,0.22699999809265137,0.2969000041484833
YJR035W,YDR122W,0,-4.522176,0.07100406289100647,0.22699999809265137,0.296999990940094
YML123C,YIL108W,0,-4.5225325,0.07098186016082764,0.22699999809265137,0.2971000075340271
YJL203W,YGL240W,0,-4.522927,0.07095967233181,0.22699999809265137,0.2971999943256378
YER041W,YER064C,0,-4.523061,0.07093749940395355,0.22699999809265137,0.2973000109195709
YDR367W,YGR213C,0,-4.5232177,0.0709153413772583,0.22699999809265137,0.29739999771118164
YPL187W,YNL088W,0,-4.5237923,0.07089319080114365,0.22699999809265137,0.29750001430511475
YMR068W,YDR143C,0,-4.5240555,0.07087105512619019,0.22699999809265137,0.29760000109672546
YHR027C,YBR028C,0,-4.5241,0.07084894180297852,0.22699999809265137,0.2976999878883362
YLR160C,YML096W,0,-4.5242176,0.07082683593034744,0.22699999809265137,0.2978000044822693
YDR531W,YBR025C,0,-4.5246067,0.07080473750829697,0.22699999809265137,0.29789999127388
YER040W,YFL024C,1,-4.5248613,0.07109448313713074,0.2280000001192093,0.29789999127388
YJR101W,YDR363W-A,0,-4.524962,0.07107231765985489,0.2280000001192093,0.2980000078678131
YGL055W,YLR120C,0,-4.5255437,0.07105017453432083,0.2280000001192093,0.29809999465942383
YDR251W,YNL223W,0,-4.525604,0.07102803885936737,0.2280000001192093,0.29820001125335693
YER089C,YPR003C,0,-4.5256386,0.0710059180855751,0.2280000001192093,0.29829999804496765
YDR322W,YLR440C,0,-4.5257,0.07098381221294403,0.2280000001192093,0.29840001463890076
YGR261C,YLR103C,0,-4.525736,0.07096172124147415,0.2280000001192093,0.2985000014305115
YPR168W,YDR451C,1,-4.5258527,0.071250781416893,0.2290000021457672,0.2985000014305115
YDR137W,YDL247W,0,-4.5259004,0.07122861593961716,0.2290000021457672,0.2985999882221222
YOR371C,YIR026C,0,-4.5263085,0.0712064653635025,0.2290000021457672,0.2987000048160553
YMR234W,YHR152W,0,-4.526693,0.07118432968854904,0.2290000021457672,0.298799991607666
YPL242C,YLR013W,0,-4.527625,0.07116220891475677,0.2290000021457672,0.2989000082015991
YOR164C,YLR068W,0,-4.527637,0.0711401030421257,0.2290000021457672,0.29899999499320984
YDR390C,YER078C,0,-4.5276895,0.07111801207065582,0.2290000021457672,0.29910001158714294
YPL093W,YOR128C,0,-4.5278344,0.07109593600034714,0.2290000021457672,0.29919999837875366
YGL013C,YGL207W,1,-4.5281014,0.0713842362165451,0.23000000417232513,0.29919999837875366
YPR081C,YCR069W,0,-4.528512,0.07136208564043045,0.23000000417232513,0.2992999851703644
YDR296W,YER064C,0,-4.5289903,0.07133994996547699,0.23000000417232513,0.2994000017642975
YMR042W,YOL072W,1,-4.5292335,0.0716279074549675,0.23100000619888306,0.2994000017642975
YHR138C,YDR530C,0,-4.529526,0.07160570472478867,0.23100000619888306,0.2994999885559082
YDL181W,YOR382W,0,-4.529901,0.07158351689577103,0.23100000619888306,0.2996000051498413
YML018C,YAL039C,0,-4.5301013,0.07156133651733398,0.23100000619888306,0.299699991941452
YLR175W,YPL068C,0,-4.5302286,0.07153917849063873,0.23100000619888306,0.29980000853538513
YBR108W,YJL008C,0,-4.530356,0.07151702791452408,0.23100000619888306,0.29989999532699585
YPL255W,YOL162W,0,-4.5304713,0.07149489223957062,0.23100000619888306,0.30000001192092896
YGL122C,YEL021W,0,-4.530834,0.07147277146577835,0.23100000619888306,0.3000999987125397
YLR206W,YLL062C,0,-4.53098,0.07145066559314728,0.23100000619888306,0.3001999855041504
YPL033C,YLR132C,0,-4.5312123,0.0714285746216774,0.23100000619888306,0.3003000020980835
YKL212W,YDR437W,0,-4.5317616,0.07140649110078812,0.23100000619888306,0.3003999888896942
YGR014W,YIL168W,0,-4.5318956,0.07138442248106003,0.23100000619888306,0.3005000054836273
YER169W,YMR164C,1,-4.531942,0.07167129963636398,0.23199999332427979,0.3005000054836273
YPL040C,YLR153C,0,-4.532085,0.07164916396141052,0.23199999332427979,0.30059999227523804
YER171W,YDR167W,1,-4.5321965,0.07193578034639359,0.2329999953508377,0.30059999227523804
YJR014W,YPL009C,0,-4.5326777,0.07191357761621475,0.2329999953508377,0.30070000886917114
YHR100C,YPR124W,0,-4.5330176,0.07189138978719711,0.2329999953508377,0.30079999566078186
YJL023C,YPR107C,0,-4.533088,0.07186921685934067,0.2329999953508377,0.30090001225471497
YJL045W,YDR293C,0,-4.533201,0.07184705883264542,0.2329999953508377,0.3009999990463257
YBR301W,YMR051C,0,-4.5332837,0.07182490825653076,0.2329999953508377,0.3010999858379364
YHR209W,YMR124W,0,-4.5337815,0.0718027725815773,0.2329999953508377,0.3012000024318695
YDR180W,YBR150C,0,-4.534115,0.07178065180778503,0.2329999953508377,0.3012999892234802
YER155C,YJL157C,0,-4.5341287,0.07175854593515396,0.2329999953508377,0.30140000581741333
YHR167W,YIL021W,1,-4.534255,0.07204433530569077,0.23399999737739563,0.30140000581741333
YJL072C,YJL194W,0,-4.5344887,0.07202216237783432,0.23399999737739563,0.30149999260902405
YNL052W,YMR226C,0,-4.5345173,0.07199999690055847,0.23399999737739563,0.30160000920295715
YHR209W,YER038C,0,-4.534576,0.07197785377502441,0.23399999737739563,0.30169999599456787
YBL113C,YKR088C,0,-4.5346828,0.07195571810007095,0.23399999737739563,0.301800012588501
YML117W,YNL047C,0,-4.534699,0.07193359732627869,0.23399999737739563,0.3018999993801117
YOR335C,YBR016W,0,-4.534803,0.07191149145364761,0.23399999737739563,0.3019999861717224
YLR303W,YLR249W,0,-4.5349197,0.07188940048217773,0.23399999737739563,0.3021000027656555
YDR076W,YIL071C,0,-4.535029,0.07186732441186905,0.23399999737739563,0.30219998955726624
YER022W,YGL096W,1,-4.5362124,0.0721522867679596,0.23499999940395355,0.30219998955726624
YGL143C,YMR051C,0,-4.536264,0.07213014364242554,0.23499999940395355,0.30230000615119934
YIL119C,YDR341C,0,-4.5363145,0.07210800796747208,0.23499999940395355,0.30239999294281006
YLR001C,YNL093W,0,-4.536461,0.07208588719367981,0.23499999940395355,0.30250000953674316
YGL155W,YIL110W,0,-4.536823,0.07206378132104874,0.23499999940395355,0.3025999963283539
YHR039C,YLR262C-A,0,-4.537531,0.07204169034957886,0.23499999940395355,0.302700012922287
YGR196C,YJL099W,0,-4.5375743,0.07201961427927017,0.23499999940395355,0.3027999997138977
YLL001W,YHR074W,0,-4.537994,0.07199754565954208,0.23499999940395355,0.3028999865055084
YOR305W,YMR066W,0,-4.5381775,0.07197549939155579,0.23499999940395355,0.30300000309944153
YER048C,YBL010C,0,-4.53829,0.07195346057415009,0.23499999940395355,0.30309998989105225
YKR103W,YLR233C,0,-4.538526,0.07193143665790558,0.23499999940395355,0.30320000648498535
YOR233W,YDR207C,0,-4.5391,0.07190942764282227,0.23499999940395355,0.30329999327659607
YIL131C,YML069W,1,-4.539476,0.07219333201646805,0.23600000143051147,0.30329999327659607
YOL006C,YLR417W,1,-4.5402327,0.0724770650267601,0.2370000034570694,0.30329999327659607
YML079W,YPR106W,0,-4.5404305,0.07245490700006485,0.2370000034570694,0.3034000098705292
YPR098C,YHR195W,0,-4.5412006,0.07243276387453079,0.2370000034570694,0.3034999966621399
YDL014W,YDR046C,0,-4.5412245,0.07241063565015793,0.2370000034570694,0.303600013256073
YJR031C,YKR101W,0,-4.5413036,0.07238851487636566,0.2370000034570694,0.3037000000476837
YLR108C,YML018C,0,-4.541411,0.07236640900373459,0.2370000034570694,0.30379998683929443
YDL121C,YJL036W,0,-4.542062,0.0723443254828453,0.2370000034570694,0.30390000343322754
YMR138W,YBR034C,0,-4.542168,0.07232224941253662,0.2370000034570694,0.30399999022483826
YMR298W,YCL024W,0,-4.5423493,0.07230018079280853,0.2370000034570694,0.30410000681877136
YDL248W,YPR047W,0,-4.542398,0.07227813452482224,0.2370000034570694,0.3041999936103821
YOR077W,YDL030W,0,-4.542817,0.07225609570741653,0.2370000034570694,0.3043000102043152
YMR120C,YER132C,0,-4.54293,0.07223407179117203,0.2370000034570694,0.3043999969959259
YKR097W,YDR066C,0,-4.543274,0.07221206277608871,0.2370000034570694,0.304500013589859
YOR161C,YJR027W,0,-4.543514,0.0721900686621666,0.2370000034570694,0.3046000003814697
YIL107C,YNL245C,0,-4.543618,0.07216808944940567,0.2370000034570694,0.30469998717308044
YML045W,YKL091C,0,-4.543761,0.07214611768722534,0.2370000034570694,0.30480000376701355
YCR010C,YPR200C,0,-4.544537,0.07212416082620621,0.2370000034570694,0.30489999055862427
YHR045W,YMR051C,0,-4.5445514,0.07210221886634827,0.2370000034570694,0.3050000071525574
YGR275W,YMR179W,1,-4.5446305,0.07238442450761795,0.23800000548362732,0.3050000071525574
YKL179C,YMR098C,0,-4.5452657,0.07236242294311523,0.23800000548362732,0.3050999939441681
YGR122W,YCR052W,1,-4.5452685,0.07264437526464462,0.23899999260902405,0.3050999939441681
YML042W,YBR150C,0,-4.5456233,0.07262230664491653,0.23899999260902405,0.3052000105381012
YLR384C,YBR198C,1,-4.5458264,0.07290401309728622,0.23999999463558197,0.3052000105381012
YLR318W,YKR072C,0,-4.545913,0.07288186997175217,0.23999999463558197,0.3052999973297119
YGL035C,YOR162C,1,-4.545917,0.07316333055496216,0.2409999966621399,0.3052999973297119
YPL199C,YLR070C,0,-4.546101,0.07314112037420273,0.2409999966621399,0.305400013923645
YPL019C,YLR136C,0,-4.546154,0.07311893254518509,0.2409999966621399,0.30550000071525574
YHR159W,YBR056W,0,-4.5461593,0.07309675216674805,0.2409999966621399,0.30559998750686646
YPL260W,YJR044C,0,-4.5463986,0.0730745941400528,0.2409999966621399,0.30570000410079956
YAL038W,YNL093W,0,-4.5466924,0.07305244356393814,0.2409999966621399,0.3057999908924103
YNL083W,YKL108W,0,-4.546757,0.07303030043840408,0.2409999966621399,0.3059000074863434
YAL012W,YGR271W,0,-4.5468326,0.07300817966461182,0.2409999966621399,0.3059999942779541
YGL226C-A,YBR166C,0,-4.5472813,0.07298606634140015,0.2409999966621399,0.3061000108718872
YIL014W,YPR010C,0,-4.547708,0.07296397536993027,0.2409999966621399,0.3061999976634979
YDR251W,YLR290C,0,-4.5479107,0.07294189184904099,0.2409999966621399,0.30630001425743103
YBL106C,YLL021W,0,-4.5479984,0.0729198157787323,0.2409999966621399,0.30640000104904175
YDR358W,YMR207C,0,-4.5482755,0.0728977620601654,0.2409999966621399,0.30649998784065247
YER151C,YDL142C,0,-4.54882,0.07287571579217911,0.2409999966621399,0.30660000443458557
YDL054C,YMR291W,0,-4.549231,0.072853684425354,0.2409999966621399,0.3066999912261963
YNL111C,YBR118W,0,-4.549493,0.0728316679596901,0.2409999966621399,0.3068000078201294
YFR019W,YMR005W,1,-4.549744,0.07311177998781204,0.24199999868869781,0.3068000078201294
YJL008C,YJL194W,0,-4.549909,0.07308970391750336,0.24199999868869781,0.3068999946117401
YDL224C,YDL127W,0,-4.5500207,0.07306763529777527,0.24199999868869781,0.3070000112056732
YHR005C,YPL096W,0,-4.5503635,0.07304558157920837,0.24199999868869781,0.30709999799728394
YJL222W,YJL154C,0,-4.5512013,0.07302353531122208,0.24199999868869781,0.30720001459121704
YER067W,YHL012W,0,-4.551354,0.07300151139497757,0.24199999868869781,0.30730000138282776
YDR402C,YDR128W,0,-4.55159,0.07297949492931366,0.24199999868869781,0.3073999881744385
YER035W,YJL034W,0,-4.551726,0.07295749336481094,0.24199999868869781,0.3075000047683716
YHR043C,YHR214C-B,0,-4.5517917,0.07293550670146942,0.24199999868869781,0.3075999915599823
YLR264W,YGL001C,0,-4.5518827,0.0729135274887085,0.24199999868869781,0.3077000081539154
YOR194C,YBR240C,1,-4.5521455,0.0731927677989006,0.24300000071525574,0.3077000081539154
YJL165C,YGL170C,0,-4.5534406,0.0731707289814949,0.24300000071525574,0.3077999949455261
YLR455W,YKR056W,0,-4.5536404,0.0731487050652504,0.24300000071525574,0.30790001153945923
YOR246C,YLR209C,0,-4.553739,0.07312669605016708,0.24300000071525574,0.30799999833106995
YNL242W,YMR282C,0,-4.5537925,0.07310469448566437,0.24300000071525574,0.30809998512268066
YJR112W,YDL013W,0,-4.5538993,0.07308270782232285,0.24300000071525574,0.30820000171661377
YDR322C-A,YNL037C,0,-4.554026,0.07306073606014252,0.24300000071525574,0.3082999885082245
YPL088W,YJL201W,0,-4.5541267,0.07303877174854279,0.24300000071525574,0.3084000051021576
YBR163W,YOR143C,0,-4.5541654,0.07301682978868484,0.24300000071525574,0.3084999918937683
YKL151C,YER179W,0,-4.55419,0.0729948952794075,0.24300000071525574,0.3086000084877014
YNL181W,YBR241C,0,-4.5542293,0.07297297567129135,0.24300000071525574,0.30869999527931213
YER019C-A,YDL157C,0,-4.5543456,0.0729510635137558,0.24300000071525574,0.30880001187324524
YMR277W,YDR054C,0,-4.5546174,0.07292917370796204,0.24300000071525574,0.30889999866485596
YPL183C,YBL014C,0,-4.554649,0.07290729135274887,0.24300000071525574,0.3089999854564667
YOR246C,YPR127W,0,-4.5549664,0.0728854238986969,0.24300000071525574,0.3091000020503998
YHR099W,YLR033W,1,-4.555104,0.07316341996192932,0.24400000274181366,0.3091000020503998
YGL151W,YDR190C,1,-4.555155,0.07344124466180801,0.24500000476837158,0.3091000020503998
YGL002W,YKL194C,0,-4.5552464,0.0734192356467247,0.24500000476837158,0.3091999888420105
YOR232W,YBL010C,0,-4.555405,0.07339724153280258,0.24500000476837158,0.3093000054359436
YML054C,YJR062C,0,-4.5558677,0.07337526232004166,0.24500000476837158,0.3093999922275543
YJL147C,YDR293C,0,-4.5561137,0.07335329055786133,0.24500000476837158,0.3095000088214874
YDR501W,YPL026C,1,-4.556328,0.07363064587116241,0.2460000067949295,0.3095000088214874
YGR117C,YHR048W,0,-4.556356,0.07360861450433731,0.2460000067949295,0.30959999561309814
YMR253C,YOR016C,0,-4.556362,0.0735865980386734,0.2460000067949295,0.30970001220703125
YPL260W,YDL202W,0,-4.55681,0.07356459647417068,0.2460000067949295,0.30979999899864197
YDL070W,YDL059C,0,-4.5568843,0.07354260236024857,0.2460000067949295,0.3098999857902527
YOR164C,YGR175C,0,-4.556931,0.07352062314748764,0.2460000067949295,0.3100000023841858
YCR039C,YIL036W,1,-4.557074,0.07379742711782455,0.24699999392032623,0.3100000023841858
YBL031W,YEL004W,0,-4.557221,0.07377538830041885,0.24699999392032623,0.3100999891757965
YGL021W,YBR201W,0,-4.5575004,0.07375335693359375,0.24699999392032623,0.3102000057697296
YCL005W-A,YIL039W,0,-4.5575385,0.07373134046792984,0.24699999392032623,0.31029999256134033
YGR119C,YPL231W,0,-4.557563,0.07370933890342712,0.24699999392032623,0.31040000915527344
YIL009W,YER183C,0,-4.557583,0.0736873522400856,0.24699999392032623,0.31049999594688416
YIL080W,YOR327C,0,-4.557647,0.07366537302732468,0.24699999392032623,0.31060001254081726
YBR137W,YML011C,0,-4.5576835,0.07364340871572495,0.24699999392032623,0.310699999332428
YHR118C,YHR171W,0,-4.557709,0.07362145930528641,0.24699999392032623,0.3107999861240387
YNR036C,YFR040W,0,-4.5583463,0.07359952479600906,0.24699999392032623,0.3109000027179718
YPL040C,YDR255C,0,-4.558461,0.07357759773731232,0.24699999392032623,0.3109999895095825
YHR198C,YBL080C,0,-4.558539,0.07355568557977676,0.24699999392032623,0.3111000061035156
YNL136W,YDR512C,1,-4.5599,0.07383149862289429,0.24799999594688416,0.3111000061035156
YDR309C,YHL028W,0,-4.560271,0.07380952686071396,0.24799999594688416,0.31119999289512634
YIL159W,YMR171C,0,-4.5604014,0.07378756254911423,0.24799999594688416,0.31130000948905945
YCR105W,YKL150W,0,-4.5604815,0.07376561313867569,0.24799999594688416,0.31139999628067017
YEL032W,YMR149W,0,-4.560653,0.07374367862939835,0.24799999594688416,0.31150001287460327
YPL083C,YEL039C,0,-4.5607305,0.0737217590212822,0.24799999594688416,0.311599999666214
YMR220W,YKR061W,0,-4.5610642,0.07369985431432724,0.24799999594688416,0.3116999864578247
YIL056W,YOL028C,1,-4.5611105,0.07397504150867462,0.24899999797344208,0.3116999864578247
YHL003C,YDR093W,0,-4.561243,0.07395307719707489,0.24899999797344208,0.3118000030517578
YDR026C,YJL116C,0,-4.5615435,0.07393111288547516,0.24899999797344208,0.31189998984336853
YER125W,YGL055W,0,-4.562034,0.07390917092561722,0.24899999797344208,0.31200000643730164
YKR069W,YIL064W,0,-4.562158,0.07388724386692047,0.24899999797344208,0.31209999322891235
YLR103C,YER104W,0,-4.5622344,0.07386532425880432,0.24899999797344208,0.31220000982284546
YDR351W,YNL308C,0,-4.5622845,0.07384341955184937,0.24899999797344208,0.3122999966144562
YJL039C,YDR013W,0,-4.56248,0.073821522295475,0.24899999797344208,0.3124000132083893
YGR122W,YML091C,1,-4.564202,0.07409603148698807,0.25,0.3124000132083893
YKR084C,YMR011W,0,-4.5643315,0.07407407462596893,0.25,0.3125
YML095C,YGR099W,0,-4.5644565,0.07405213266611099,0.25,0.3125999867916107
YHR076W,YLR220W,0,-4.564904,0.07403020560741425,0.25,0.3127000033855438
YHR198C,YNL131W,0,-4.5651183,0.0740082859992981,0.25,0.31279999017715454
YBR108W,YAL023C,0,-4.565187,0.07398638874292374,0.25,0.31290000677108765
YBR012W-A,YDL180W,0,-4.565618,0.07396449893712997,0.25,0.31299999356269836
YPL107W,YMR288W,0,-4.56608,0.0739426240324974,0.25,0.31310001015663147
YJR089W,YHR079C-A,0,-4.5661836,0.07392075657844543,0.25,0.3131999969482422
YEL061C,YGL028C,0,-4.5663085,0.07389890402555466,0.25,0.3133000135421753
YPL101W,YDR463W,1,-4.5664716,0.07417257875204086,0.25099998712539673,0.3133000135421753
YER034W,YBR281C,0,-4.566614,0.07415066659450531,0.25099998712539673,0.313400000333786
YKL173W,YBR258C,0,-4.5676184,0.07412876188755035,0.25099998712539673,0.31349998712539673
YDL108W,YHR099W,1,-4.5677543,0.07440212368965149,0.25200000405311584,0.31349998712539673
YGL013C,YKL062W,1,-4.569323,0.07467532157897949,0.2529999911785126,0.31349998712539673
YER069W,YDR236C,0,-4.5700173,0.07465329021215439,0.2529999911785126,0.31360000371932983
YDR444W,YPL020C,0,-4.57107,0.07463126629590988,0.2529999911785126,0.31369999051094055
YNR010W,YPR133C,1,-4.571273,0.07490415871143341,0.2540000081062317,0.31369999051094055
YPR152C,YBL079W,0,-4.5716634,0.07488207519054413,0.2540000081062317,0.31380000710487366
YJR151C,YNL092W,0,-4.571817,0.07486000657081604,0.2540000081062317,0.3138999938964844
YLR195C,YEL004W,0,-4.5718207,0.07483795285224915,0.2540000081062317,0.3140000104904175
YER093C,YLR433C,0,-4.5718865,0.07481590658426285,0.2540000081062317,0.3140999972820282
YML063W,YDR065W,0,-4.5718946,0.07479387521743774,0.2540000081062317,0.3142000138759613
YDL126C,YML045W,0,-4.5720553,0.07477185875177383,0.2540000081062317,0.314300000667572
YKR019C,YCR010C,0,-4.572137,0.07474984973669052,0.2540000081062317,0.31439998745918274
YGL139W,YNR056C,0,-4.5723243,0.074727863073349,0.2540000081062317,0.31450000405311584
YOL140W,YER078C,0,-4.572559,0.07470588386058807,0.2540000081062317,0.31459999084472656
YLR016C,YJL025W,0,-4.5726266,0.07468391954898834,0.2540000081062317,0.31470000743865967
YPL082C,YMR091C,1,-4.572768,0.07495591044425964,0.2549999952316284,0.31470000743865967
YDL109C,YDL018C,0,-4.5729594,0.07493387907743454,0.2549999952316284,0.3147999942302704
YCR018C,YPR140W,0,-4.573478,0.07491187006235123,0.2549999952316284,0.3149000108242035
YGR085C,YOL034W,0,-4.5741677,0.07488986849784851,0.2549999952316284,0.3149999976158142
YOL017W,YIL109C,0,-4.5742097,0.07486788183450699,0.2549999952316284,0.3151000142097473
YFL055W,YHL039W,0,-4.5748053,0.07484590262174606,0.2549999952316284,0.31520000100135803
YJR003C,YGL179C,0,-4.5755763,0.07482394576072693,0.2549999952316284,0.31529998779296875
YOL062C,YPL188W,0,-4.575668,0.07480199635028839,0.2549999952316284,0.31540000438690186
YDR372C,YOR156C,0,-4.575834,0.07478006184101105,0.2549999952316284,0.3154999911785126
YDR382W,YIL093C,0,-4.575864,0.0747581347823143,0.2549999952316284,0.3156000077724457
YLR024C,YMR323W,0,-4.57641,0.07473622262477875,0.2549999952316284,0.3156999945640564
YCR089W,YDR180W,0,-4.5764375,0.07471432536840439,0.2549999952316284,0.3158000111579895
YHR046C,YML005W,0,-4.576694,0.07469244301319122,0.2549999952316284,0.3158999979496002
YHR123W,YHR003C,0,-4.576932,0.07467056810855865,0.2549999952316284,0.3160000145435333
YDR265W,YOR131C,0,-4.5769467,0.07464871555566788,0.2549999952316284,0.31610000133514404
YFL022C,YIR008C,0,-4.577875,0.0746268630027771,0.2549999952316284,0.31619998812675476
YGR225W,YBL088C,0,-4.5779457,0.07460503280162811,0.2549999952316284,0.31630000472068787
YGR295C,YDR051C,0,-4.5784254,0.07458321005105972,0.2549999952316284,0.3163999915122986
YPR131C,YDL154W,0,-4.5785346,0.07456140220165253,0.2549999952316284,0.3165000081062317
YHR206W,YBL088C,0,-4.57878,0.07453960925340652,0.2549999952316284,0.3165999948978424
YJL006C,YGL079W,0,-4.579124,0.07451782375574112,0.2549999952316284,0.3167000114917755
YHR023W,YNL301C,0,-4.5791316,0.07449605315923691,0.2549999952316284,0.31679999828338623
YNL305C,YGR237C,0,-4.579228,0.07447429746389389,0.2549999952316284,0.31690001487731934
YOR161C,YHL006C,0,-4.579298,0.07445255666971207,0.2549999952316284,0.31700000166893005
YKL034W,YOR291W,0,-4.580012,0.07443082332611084,0.2549999952316284,0.31709998846054077
YOR381W,YLL010C,0,-4.580366,0.0744091048836708,0.2549999952316284,0.3172000050544739
YDR259C,YPL026C,1,-4.5805936,0.07467911392450333,0.25600001215934753,0.3172000050544739
YKL023W,YDR379W,0,-4.58065,0.07465733587741852,0.25600001215934753,0.3172999918460846
YJR161C,YGR077C,0,-4.580837,0.0746355652809143,0.25600001215934753,0.3174000084400177
YPL041C,YOR085W,0,-4.581146,0.07461381703615189,0.25600001215934753,0.3174999952316284
YBR223C,YDR320C-A,0,-4.5826144,0.07459207624197006,0.25600001215934753,0.3176000118255615
YIR039C,YNL101W,0,-4.583119,0.07457035034894943,0.25600001215934753,0.31769999861717224
YDR356W,YGL241W,0,-4.583206,0.0745486319065094,0.25600001215934753,0.31779998540878296
YEL020W-A,YPR135W,0,-4.583787,0.07452692836523056,0.25600001215934753,0.31790000200271606
YCL033C,YOR171C,0,-4.5839157,0.07450523972511292,0.25600001215934753,0.3179999887943268
YLR038C,YOR291W,0,-4.584038,0.07448355853557587,0.25600001215934753,0.3181000053882599
YFL053W,YLR141W,0,-4.5846887,0.07446189969778061,0.25600001215934753,0.3181999921798706
YOL006C,YOR298C-A,1,-4.584802,0.07473102957010269,0.25699999928474426,0.3181999921798706
YER116C,YKL049C,0,-4.5848956,0.07470930367708206,0.25699999928474426,0.3183000087738037
YCL073C,YIL043C,0,-4.584948,0.07468759268522263,0.25699999928474426,0.31839999556541443
YMR043W,YOR162C,1,-4.585861,0.07495641708374023,0.257999986410141,0.31839999556541443
YKR046C,YFR044C,0,-4.5864472,0.07493464648723602,0.257999986410141,0.31850001215934753
YER178W,YJL144W,0,-4.5865684,0.074912890791893,0.257999986410141,0.31859999895095825
YPL231W,YNR015W,0,-4.5867057,0.07489114999771118,0.257999986410141,0.31869998574256897
YDR404C,YCR020W-B,1,-4.5867524,0.07515960186719894,0.2590000033378601,0.31869998574256897
YMR179W,YOL004W,1,-4.5871105,0.07542790472507477,0.25999999046325684,0.31869998574256897
YER020W,YKR086W,0,-4.5872836,0.0754060298204422,0.25999999046325684,0.3188000023365021
YNL062C,YNR011C,0,-4.5880446,0.07538416981697083,0.25999999046325684,0.3188999891281128
YLR281C,YGR075C,0,-4.5880713,0.07536231726408005,0.25999999046325684,0.3190000057220459
YNL096C,YOL162W,0,-4.588674,0.07534047961235046,0.25999999046325684,0.3190999925136566
YML055W,YGR214W,0,-4.588793,0.07531865686178207,0.25999999046325684,0.3192000091075897
YJL059W,YDR337W,0,-4.5890813,0.07529684156179428,0.25999999046325684,0.31929999589920044
YFL058W,YBR230C,0,-4.589496,0.07527504116296768,0.25999999046325684,0.31940001249313354
YKR070W,YPL098C,0,-4.5895324,0.07525325566530228,0.25999999046325684,0.31949999928474426
YNL128W,YGL064C,0,-4.5897245,0.07523148506879807,0.25999999046325684,0.319599986076355
YHR108W,YKL165C,0,-4.58973,0.07520972192287445,0.25999999046325684,0.3197000026702881
YPR034W,YLR176C,1,-4.5900035,0.07547715306282043,0.26100000739097595,0.3197000026702881
YGR233C,YKL042W,0,-4.590307,0.07545533031225204,0.26100000739097595,0.3197999894618988
YIL073C,YNL224C,0,-4.590348,0.07543352246284485,0.26100000739097595,0.3199000060558319
YHR089C,YMR259C,0,-4.5903573,0.07541172951459885,0.26100000739097595,0.3199999928474426
YLR023C,YPR003C,0,-4.5904613,0.07538995146751404,0.26100000739097595,0.32010000944137573
YLR455W,YAL048C,0,-4.5909452,0.07536818087100983,0.26100000739097595,0.32019999623298645
YEL021W,YKL217W,0,-4.591145,0.07534641772508621,0.26100000739097595,0.32030001282691956
YAR010C,YMR252C,0,-4.591252,0.07532467693090439,0.26100000739097595,0.3203999996185303
YNL063W,YGR170W,0,-4.5913296,0.07530294358730316,0.26100000739097595,0.320499986410141
YOR373W,YAR002W,0,-4.591335,0.07528122514486313,0.26100000739097595,0.3206000030040741
YPR168W,YDR464W,1,-4.5913873,0.07554786652326584,0.2619999945163727,0.3206000030040741
YGR094W,YMR062C,0,-4.5913997,0.07552608847618103,0.2619999945163727,0.3206999897956848
YDR471W,YDL093W,0,-4.5921006,0.07550432533025742,0.2619999945163727,0.3208000063896179
YBL018C,YPL158C,0,-4.5921607,0.0754825696349144,0.2619999945163727,0.32089999318122864
YDR026C,YDL107W,0,-4.5924463,0.07546082884073257,0.2619999945163727,0.32100000977516174
YGL254W,YDR228C,1,-4.5925317,0.07572703808546066,0.2630000114440918,0.32100000977516174
YLR082C,YLR314C,0,-4.5925593,0.07570523768663406,0.2630000114440918,0.32109999656677246
YML001W,YGL038C,0,-4.593286,0.07568345218896866,0.2630000114440918,0.32120001316070557
YNL155W,YPL146C,0,-4.5933137,0.07566168159246445,0.2630000114440918,0.3212999999523163
YOL135C,YPL129W,1,-4.5933204,0.07592752575874329,0.2639999985694885,0.3212999999523163
YJL056C,YHR143W-A,1,-4.5937576,0.07619321346282959,0.26499998569488525,0.3212999999523163
YKR016W,YNR062C,0,-4.5938067,0.07617131620645523,0.26499998569488525,0.321399986743927
YOR269W,YFL004W,0,-4.5942483,0.07614942640066147,0.26499998569488525,0.3215000033378601
YHL018W,YBR262C,0,-4.594512,0.0761275514960289,0.26499998569488525,0.3215999901294708
YDR229W,YCR004C,0,-4.595019,0.07610568404197693,0.26499998569488525,0.32170000672340393
YPR185W,YMR310C,0,-4.5950503,0.07608383893966675,0.26499998569488525,0.32179999351501465
YPL082C,YKR038C,1,-4.595321,0.07634902745485306,0.26600000262260437,0.32179999351501465
YGR113W,YNR012W,0,-4.5954156,0.0763271152973175,0.26600000262260437,0.32190001010894775
YDR307W,YNL055C,0,-4.59546,0.07630521804094315,0.26600000262260437,0.32199999690055847
YNL185C,YDL112W,0,-4.595468,0.07628333568572998,0.26600000262260437,0.3221000134944916
YLR160C,YDR084C,0,-4.596123,0.07626146823167801,0.26600000262260437,0.3222000002861023
YGR098C,YLR308W,0,-4.596291,0.07623960822820663,0.26600000262260437,0.322299987077713
YIL023C,YNL022C,0,-4.596621,0.07621776312589645,0.26600000262260437,0.3224000036716461
YER109C,YCL024W,0,-4.5972924,0.07619593292474747,0.26600000262260437,0.32249999046325684
YDR106W,YDR306C,0,-4.597329,0.07617411017417908,0.26600000262260437,0.32260000705718994
YMR231W,YDR409W,0,-4.597329,0.07615230232477188,0.26600000262260437,0.32269999384880066
YLR308W,YDR513W,0,-4.5975223,0.07613050937652588,0.26600000262260437,0.32280001044273376
YGR089W,YMR096W,0,-4.597763,0.07610872387886047,0.26600000262260437,0.3228999972343445
YLR387C,YIL068C,0,-4.598062,0.07608695328235626,0.26600000262260437,0.3230000138282776
YGR086C,YDL246C,0,-4.598267,0.07606519758701324,0.26600000262260437,0.3231000006198883
YDR450W,YJR149W,0,-4.5986786,0.07604345679283142,0.26600000262260437,0.323199987411499
YDL139C,YBR097W,0,-4.5987997,0.0760217234492302,0.26600000262260437,0.32330000400543213
YDR490C,YGR019W,0,-4.599492,0.07599999755620956,0.26600000262260437,0.32339999079704285
YMR178W,YAL014C,0,-4.599501,0.07597829401493073,0.26600000262260437,0.32350000739097595
YIR010W,YNL046W,0,-4.5995355,0.07595659792423248,0.26600000262260437,0.32359999418258667
YGR233C,YGR062C,0,-4.599941,0.07593490928411484,0.26600000262260437,0.3237000107765198
YDR518W,YDR182W,0,-4.599959,0.07591324299573898,0.26600000262260437,0.3237999975681305
YPL078C,YMR099C,0,-4.600275,0.07589158415794373,0.26600000262260437,0.3239000141620636
YFR011C,YOL064C,0,-4.6002817,0.07586994022130966,0.26600000262260437,0.3240000009536743
YDR457W,YPL268W,0,-4.6004124,0.0758483037352562,0.26600000262260437,0.32409998774528503
YHR124W,YLR054C,0,-4.6004663,0.07582668215036392,0.26600000262260437,0.32420000433921814
YPL139C,YIL061C,0,-4.600553,0.07580507546663284,0.26600000262260437,0.32429999113082886
YLR399C,YOR285W,0,-4.600612,0.07578347623348236,0.26600000262260437,0.32440000772476196
YPL249C-A,YFR025C,0,-4.600696,0.07576189190149307,0.26600000262260437,0.3244999945163727
YHL047C,YLR273C,0,-4.600825,0.07574032247066498,0.26600000262260437,0.3246000111103058
YNR050C,YMR242C,0,-4.6011157,0.07571876049041748,0.26600000262260437,0.3246999979019165
YGL254W,YHR058C,1,-4.601685,0.07598178833723068,0.2669999897480011,0.3246999979019165
YKL022C,YDL157C,0,-4.60169,0.075960174202919,0.2669999897480011,0.3248000144958496
YDR076W,YIL006W,0,-4.6020594,0.07593856751918793,0.2669999897480011,0.3249000012874603
YDL124W,YPR073C,0,-4.6022263,0.07591697573661804,0.2669999897480011,0.32499998807907104
YLR039C,YDR076W,0,-4.603118,0.07589539140462875,0.2669999897480011,0.32510000467300415
YBL014C,YJL095W,0,-4.603169,0.07587382942438126,0.2669999897480011,0.32519999146461487
YDR525W-A,YNR058W,0,-4.603206,0.07585227489471436,0.2669999897480011,0.325300008058548
YOR057W,YKL042W,0,-4.603403,0.07583072781562805,0.2669999897480011,0.3253999948501587
YPL204W,YIL079C,0,-4.603788,0.07580919563770294,0.2669999897480011,0.3255000114440918
YIL119C,YIL046W,0,-4.604041,0.07578767836093903,0.2669999897480011,0.3255999982357025
YHR121W,YHR009C,0,-4.604371,0.0757661759853363,0.2669999897480011,0.3257000148296356
YKL086W,YJR156C,0,-4.6044507,0.07574468106031418,0.2669999897480011,0.32580000162124634
YLR223C,YDR527W,1,-4.604619,0.07600680738687515,0.2680000066757202,0.32580000162124634
YBR097W,YNL218W,0,-4.604708,0.07598526030778885,0.2680000066757202,0.32589998841285706
YOR192C,YER006W,0,-4.604872,0.07596372067928314,0.2680000066757202,0.32600000500679016
YER123W,YOR023C,0,-4.604994,0.07594219595193863,0.2680000066757202,0.3260999917984009
YML103C,YPR115W,0,-4.6050553,0.07592067867517471,0.2680000066757202,0.326200008392334
YMR228W,YJL026W,0,-4.6052194,0.07589917629957199,0.2680000066757202,0.3262999951839447
YNL207W,YOL017W,0,-4.6054516,0.07587768882513046,0.2680000066757202,0.3264000117778778
YDR337W,YCR034W,0,-4.6058574,0.07585621625185013,0.2680000066757202,0.3264999985694885
YLR329W,YOR381W,0,-4.606191,0.07583475112915039,0.2680000066757202,0.32659998536109924
YPL264C,YML040W,0,-4.6063437,0.07581329345703125,0.2680000066757202,0.32670000195503235
YDL095W,YDR518W,0,-4.606692,0.0757918581366539,0.2680000066757202,0.32679998874664307
YMR045C,YPR106W,0,-4.6073337,0.07577043026685715,0.2680000066757202,0.32690000534057617
YDR322C-A,YOR349W,0,-4.6076617,0.07574900984764099,0.2680000066757202,0.3269999921321869
YNL138W,YBR271W,0,-4.607919,0.07572760432958603,0.2680000066757202,0.32710000872612
YGL057C,YOL163W,0,-4.608182,0.07570621371269226,0.2680000066757202,0.3271999955177307
YKR095W,YMR046C,0,-4.608442,0.07568483799695969,0.2680000066757202,0.3273000121116638
YDL138W,YDR169C,0,-4.6087227,0.07566346973180771,0.2680000066757202,0.32739999890327454
YLR429W,YKL092C,0,-4.6100035,0.07564210891723633,0.2680000066757202,0.32749998569488525
YLR024C,YOR173W,0,-4.6103873,0.07562077045440674,0.2680000066757202,0.32760000228881836
YBR169C,YMR111C,0,-4.6104436,0.07559943944215775,0.2680000066757202,0.3276999890804291
YGL151W,YJR140C,1,-4.610738,0.07586012780666351,0.26899999380111694,0.3276999890804291
YPL150W,YAL003W,0,-4.6107802,0.07583873718976974,0.26899999380111694,0.3278000056743622
YJR058C,YGL059W,0,-4.611627,0.07581736147403717,0.26899999380111694,0.3278999924659729
YOR339C,YHL019C,0,-4.6118484,0.07579600065946579,0.26899999380111694,0.328000009059906
YKL209C,YGR091W,0,-4.6121907,0.075774647295475,0.26899999380111694,0.3280999958515167
YJR105W,YNL217W,0,-4.6126323,0.07575330883264542,0.26899999380111694,0.32820001244544983
YOL163W,YBR044C,0,-4.6127234,0.07573198527097702,0.26899999380111694,0.32829999923706055
YNL160W,YCR051W,0,-4.6128798,0.07571066915988922,0.26899999380111694,0.32839998602867126
YKL059C,YPL146C,0,-4.613191,0.07568936049938202,0.26899999380111694,0.32850000262260437
YFR019W,YKL028W,1,-4.6133194,0.07594936341047287,0.27000001072883606,0.32850000262260437
YOR237W,YBR272C,0,-4.6135535,0.07592801004648209,0.27000001072883606,0.3285999894142151
YNL283C,YNL284C,0,-4.6136575,0.0759066641330719,0.27000001072883606,0.3287000060081482
YMR294W,YKL143W,0,-4.6137414,0.07588532567024231,0.27000001072883606,0.3287999927997589
YHR045W,YIL121W,0,-4.6137977,0.07586400955915451,0.27000001072883606,0.328900009393692
YGR247W,YDR440W,0,-4.613831,0.07584269344806671,0.27000001072883606,0.32899999618530273
YBR060C,YCL056C,0,-4.6140833,0.0758213996887207,0.27000001072883606,0.32910001277923584
YKR036C,YJR143C,0,-4.614721,0.07580011337995529,0.27000001072883606,0.32919999957084656
YDL231C,YLR134W,0,-4.6148677,0.07577883452177048,0.27000001072883606,0.3292999863624573
YNL095C,YNL024C,0,-4.6148996,0.07575757801532745,0.27000001072883606,0.3294000029563904
YLR412W,YNR014W,0,-4.6152744,0.07573632895946503,0.27000001072883606,0.3294999897480011
YHR103W,YLR084C,0,-4.6153073,0.0757150873541832,0.27000001072883606,0.3296000063419342
YJL024C,YOR062C,0,-4.615586,0.07569386065006256,0.27000001072883606,0.3296999931335449
YNL030W,YNL107W,0,-4.6156774,0.07567264884710312,0.27000001072883606,0.329800009727478
YAR035W,YHR104W,0,-4.6158023,0.07565144449472427,0.27000001072883606,0.32989999651908875
YDR464W,YBL008W,1,-4.615821,0.07591036707162857,0.2709999978542328,0.32989999651908875
YER127W,YMR246W,0,-4.6165433,0.07588910311460495,0.2709999978542328,0.33000001311302185
YGL175C,YKL157W,0,-4.6166263,0.07586786150932312,0.2709999978542328,0.33009999990463257
YOL067C,YMR182C,1,-4.616826,0.07612650096416473,0.2720000147819519,0.33009999990463257
YPL021W,YDR529C,0,-4.617163,0.07610520720481873,0.2720000147819519,0.3301999866962433
YIL122W,YCR042C,1,-4.6175613,0.07636363804340363,0.27300000190734863,0.3301999866962433
YGR210C,YEL061C,0,-4.6175866,0.07634228467941284,0.27300000190734863,0.3303000032901764
YKL011C,YLR360W,0,-4.61789,0.07632093876600266,0.27300000190734863,0.3303999900817871
YHL025W,YMR097C,0,-4.6179414,0.07629960775375366,0.27300000190734863,0.3305000066757202
YLR277C,YGR224W,0,-4.6180725,0.07627829164266586,0.27300000190734863,0.33059999346733093
YDR406W,YBR296C,0,-4.6184716,0.07625698298215866,0.27300000190734863,0.33070001006126404
YBR088C,YKR082W,0,-4.6186147,0.07623568922281265,0.27300000190734863,0.33079999685287476
YLL008W,YDL099W,0,-4.6189294,0.07621440291404724,0.27300000190734863,0.33090001344680786
YBL107C,YHR195W,0,-4.619475,0.07619313150644302,0.27300000190734863,0.3310000002384186
YDL115C,YML062C,1,-4.619697,0.0764508917927742,0.27399998903274536,0.3310000002384186
YLR455W,YBL026W,0,-4.619798,0.0764295682311058,0.27399998903274536,0.3310999870300293
YDR503C,YIL049W,0,-4.6200128,0.076408252120018,0.27399998903274536,0.3312000036239624
YMR161W,YKL181W,0,-4.620181,0.0763869509100914,0.27399998903274536,0.3312999904155731
YMR050C,YLR440C,0,-4.6207333,0.07636566460132599,0.27399998903274536,0.3314000070095062
YLL011W,YBL002W,0,-4.6208773,0.07634438574314117,0.27399998903274536,0.33149999380111694
YPL249C-A,YNL308C,0,-4.621119,0.07632312178611755,0.27399998903274536,0.33160001039505005
YKL178C,YHL036W,0,-4.621266,0.07630186527967453,0.27399998903274536,0.33169999718666077
YBL063W,YMR135C,0,-4.621289,0.0762806236743927,0.27399998903274536,0.33180001378059387
YCL014W,YNL339C,0,-4.621927,0.07625939697027206,0.27399998903274536,0.3319000005722046
YDR194C,YMR047C,0,-4.621946,0.07623817771673203,0.27399998903274536,0.3319999873638153
YAR008W,YOR110W,0,-4.6219535,0.07621696591377258,0.27399998903274536,0.3321000039577484
YOL031C,YOR171C,0,-4.622008,0.07619577646255493,0.27399998903274536,0.33219999074935913
YHL018W,YKL001C,0,-4.6220603,0.07617458701133728,0.27399998903274536,0.33230000734329224
YAL043C,YDR079C-A,1,-4.622459,0.07643134891986847,0.2750000059604645,0.33230000734329224
YEL022W,YGL238W,0,-4.622995,0.07641011476516724,0.2750000059604645,0.33239999413490295
YGL057C,YPR037C,0,-4.623118,0.0763888880610466,0.2750000059604645,0.33250001072883606
YIR013C,YLR447C,0,-4.623473,0.07636767625808716,0.2750000059604645,0.3325999975204468
YDR206W,YKL055C,0,-4.623979,0.07634647190570831,0.2750000059604645,0.3327000141143799
YLR466W,YKL095W,0,-4.6240773,0.07632528245449066,0.2750000059604645,0.3328000009059906
YER101C,YMR136W,0,-4.6243296,0.0763041079044342,0.2750000059604645,0.3328999876976013
YGL017W,YHR048W,0,-4.6244254,0.07628294080495834,0.2750000059604645,0.3330000042915344
YJL210W,YFR011C,0,-4.6244454,0.07626178860664368,0.2750000059604645,0.33309999108314514
YPL244C,YJR069C,0,-4.6255236,0.0762406438589096,0.2750000059604645,0.33320000767707825
YCR073W-A,YAL042W,0,-4.625777,0.07621951401233673,0.2750000059604645,0.33329999446868896
YDL125C,YKL063C,0,-4.6260633,0.07619839161634445,0.2750000059604645,0.33340001106262207
YLR459W,YML133C,0,-4.6264715,0.07617728412151337,0.2750000059604645,0.3334999978542328
YLR264W,YKR095W,0,-4.626559,0.07615619152784348,0.2750000059604645,0.3336000144481659
YLR047C,YCL025C,0,-4.626715,0.07613510638475418,0.2750000059604645,0.3337000012397766
YKR046C,YIL037C,0,-4.6270547,0.07611403614282608,0.2750000059604645,0.33379998803138733
YLR116W,YOL030W,0,-4.6270623,0.07609297335147858,0.2750000059604645,0.33390000462532043
YML130C,YMR288W,0,-4.627313,0.07607192546129227,0.2750000059604645,0.33399999141693115
YNL080C,YBR030W,0,-4.6274514,0.07605088502168655,0.2750000059604645,0.33410000801086426
YDR090C,YOL018C,0,-4.627802,0.07602985948324203,0.2750000059604645,0.334199994802475
YPL198W,YLR315W,0,-4.628175,0.07600884139537811,0.2750000059604645,0.3343000113964081
YFR027W,YLR335W,0,-4.628788,0.07598784565925598,0.2750000059604645,0.3343999981880188
YJR147W,YNL215W,0,-4.6287904,0.07596684992313385,0.2750000059604645,0.3345000147819519
YLR145W,YLL039C,0,-4.6289682,0.07594586908817291,0.2750000059604645,0.3346000015735626
YDR030C,YAL009W,0,-4.628982,0.07592490315437317,0.2750000059604645,0.33469998836517334
YDL090C,YJR043C,0,-4.6290274,0.07590394467115402,0.2750000059604645,0.33480000495910645
YOR289W,YBR023C,0,-4.6290584,0.07588300108909607,0.2750000059604645,0.33489999175071716
YKR097W,YOR380W,0,-4.6291766,0.07586207240819931,0.2750000059604645,0.33500000834465027
YBR196C,YBR056W,0,-4.6293144,0.07584114372730255,0.2750000059604645,0.335099995136261
YNL241C,YDR470C,0,-4.630034,0.07582023739814758,0.2750000059604645,0.3352000117301941
YHL038C,YOL077W-A,0,-4.630153,0.07579933851957321,0.2750000059604645,0.3352999985218048
YLR242C,YDR256C,0,-4.630319,0.07577845454216003,0.2750000059604645,0.3353999853134155
YDR166C,YOL009C,0,-4.630583,0.07575757801532745,0.2750000059604645,0.33550000190734863
YCL044C,YGL184C,0,-4.630688,0.07573670893907547,0.2750000059604645,0.33559998869895935
YJR145C,YOR264W,0,-4.6307173,0.07571586221456528,0.2750000059604645,0.33570000529289246
YBL100W-B,YHR190W,0,-4.6308255,0.07569501549005508,0.2750000059604645,0.3357999920845032
YGL249W,YDR522C,0,-4.630883,0.07567419111728668,0.2750000059604645,0.3359000086784363
YER016W,YMR127C,0,-4.6308894,0.07565336674451828,0.2750000059604645,0.335999995470047
YLR071C,YLR176C,1,-4.630982,0.07590758800506592,0.2759999930858612,0.335999995470047
YEL016C,YGR214W,0,-4.631069,0.07588671892881393,0.2759999930858612,0.3361000120639801
YMR025W,YBR038W,0,-4.631891,0.07586585730314255,0.2759999930858612,0.3361999988555908
YGL023C,YCL044C,0,-4.6319366,0.07584501057863235,0.2759999930858612,0.33629998564720154
YIL161W,YPL203W,0,-4.6320257,0.07582417875528336,0.2759999930858612,0.33640000224113464
YPR031W,YLR392C,0,-4.6320434,0.07580335438251495,0.2759999930858612,0.33649998903274536
YMR136W,YER079W,0,-4.6320662,0.07578253746032715,0.2759999930858612,0.33660000562667847
YMR238W,YKL212W,0,-4.632093,0.07576173543930054,0.2759999930858612,0.3366999924182892
YDR027C,YHL040C,0,-4.632254,0.07574094086885452,0.2759999930858612,0.3368000090122223
YBR293W,YLR369W,0,-4.6324058,0.0757201611995697,0.2759999930858612,0.336899995803833
YDR217C,YER022W,1,-4.6325126,0.07597366720438004,0.2770000100135803,0.336899995803833
YGR213C,YMR291W,0,-4.6325917,0.07595283538103104,0.2770000100135803,0.3370000123977661
YFR006W,YOL041C,0,-4.633325,0.07593201845884323,0.2770000100135803,0.33709999918937683
YKR101W,YKL074C,0,-4.6333327,0.07591120898723602,0.2770000100135803,0.33719998598098755
YKR101W,YER087W,0,-4.63352,0.07589041441679001,0.2770000100135803,0.33730000257492065
YJR156C,YGR161C,0,-4.6336875,0.07586962729692459,0.2770000100135803,0.33739998936653137
YIL161W,YLR121C,0,-4.6338887,0.07584884762763977,0.2770000100135803,0.3375000059604645
YDL092W,YIL067C,0,-4.634093,0.07582808285951614,0.2770000100135803,0.3375999927520752
YPL260W,YNL322C,0,-4.6342564,0.07580733299255371,0.2770000100135803,0.3377000093460083
YEL040W,YGR117C,0,-4.6344914,0.07578659057617188,0.2770000100135803,0.337799996137619
YER123W,YCL056C,0,-4.6349053,0.07576586306095123,0.2770000100135803,0.3379000127315521
YFL009W,YJR141W,0,-4.6363297,0.07574514299631119,0.2770000100135803,0.33799999952316284
YHR005C-A,YGR052W,0,-4.637231,0.07572443783283234,0.2770000100135803,0.33809998631477356
YDR385W,YML086C,0,-4.6372943,0.07570374757051468,0.2770000100135803,0.33820000290870667
YOR038C,YMR005W,1,-4.6375957,0.07595628499984741,0.27799999713897705,0.33820000290870667
YJR053W,YMR196W,0,-4.6376843,0.07593553513288498,0.27799999713897705,0.3382999897003174
YGL243W,YBR258C,0,-4.63771,0.07591480016708374,0.27799999713897705,0.3384000062942505
YBR042C,YBL013W,0,-4.6377554,0.0758940726518631,0.27799999713897705,0.3384999930858612
YBR098W,YHR162W,0,-4.637808,0.07587336003780365,0.27799999713897705,0.3386000096797943
YER156C,YBL080C,0,-4.6378875,0.0758526623249054,0.27799999713897705,0.33869999647140503
YDL159W,YGR188C,0,-4.637951,0.07583197206258774,0.27799999713897705,0.33880001306533813
YKL146W,YLR319C,0,-4.638087,0.07581128925085068,0.27799999713897705,0.33889999985694885
YMR010W,YDR329C,0,-4.6381207,0.07579062134027481,0.27799999713897705,0.33899998664855957
YJR049C,YFL053W,0,-4.638304,0.07576996088027954,0.27799999713897705,0.3391000032424927
YGR031W,YOL061W,0,-4.6384034,0.07574931532144547,0.27799999713897705,0.3391999900341034
YDL227C,YLR145W,0,-4.6385403,0.07572868466377258,0.27799999713897705,0.3393000066280365
YFL053W,YBL079W,0,-4.638597,0.0757080614566803,0.27799999713897705,0.3393999934196472
YNL195C,YEL017C-A,0,-4.63872,0.07568744570016861,0.27799999713897705,0.3395000100135803
YOR122C,YNL213C,0,-4.6392236,0.07566684484481812,0.27799999713897705,0.33959999680519104
YCL050C,YNL032W,0,-4.639814,0.07564625889062881,0.27799999713897705,0.33970001339912415
YOR374W,YDR131C,0,-4.6399064,0.07562568038702011,0.27799999713897705,0.33980000019073486
YGR082W,YDR296W,0,-4.640273,0.075605109333992,0.27799999713897705,0.3398999869823456
YEL062W,YPR161C,0,-4.640287,0.07558455318212509,0.27799999713897705,0.3400000035762787
YKL146W,YPR140W,0,-4.6405406,0.07556401193141937,0.27799999713897705,0.3400999903678894
YGL171W,YDR014W,0,-4.640689,0.07554347813129425,0.27799999713897705,0.3402000069618225
YDR063W,YBR067C,0,-4.641048,0.07552295923233032,0.27799999713897705,0.3402999937534332
YOR244W,YKR038C,1,-4.641097,0.07577403634786606,0.27900001406669617,0.3402999937534332
YDR022C,YPL219W,0,-4.6412687,0.07575346529483795,0.27900001406669617,0.34040001034736633
YDR452W,YNL233W,0,-4.641274,0.07573290169239044,0.27900001406669617,0.34049999713897705
YPR103W,YPR115W,0,-4.64133,0.07571234554052353,0.27900001406669617,0.34060001373291016
YDR363W,YOR330C,0,-4.6414914,0.07569180428981781,0.27900001406669617,0.3407000005245209
YGL129C,YDR391C,0,-4.641598,0.07567127794027328,0.27900001406669617,0.3407999873161316
YHR199C,YPL192C,0,-4.6418386,0.07565075904130936,0.27900001406669617,0.3409000039100647
YHR128W,YNL176C,0,-4.6420393,0.07563025504350662,0.27900001406669617,0.3409999907016754
YFL056C,YCR043C,0,-4.642051,0.07560975849628448,0.27900001406669617,0.3411000072956085
YER156C,YPL128C,0,-4.6420712,0.07558926939964294,0.27900001406669617,0.34119999408721924
YML111W,YDR198C,0,-4.6428695,0.0755687952041626,0.27900001406669617,0.34130001068115234
YHR124W,YBR237W,0,-4.6432633,0.07554833590984344,0.27900001406669617,0.34139999747276306
YCL018W,YLR001C,0,-4.6435027,0.07552788406610489,0.27900001406669617,0.34150001406669617
YLR424W,YOL112W,0,-4.643577,0.07550743967294693,0.27900001406669617,0.3416000008583069
YOR192C,YJL026W,0,-4.643764,0.07548701018095016,0.27900001406669617,0.3416999876499176
YGR243W,YDL070W,0,-4.643877,0.0754665955901146,0.27900001406669617,0.3418000042438507
YJR145C,YJR074W,0,-4.6441784,0.07544618844985962,0.27900001406669617,0.3418999910354614
YDR345C,YLR314C,0,-4.6442633,0.07542578876018524,0.27900001406669617,0.34200000762939453
YBL055C,YIL043C,0,-4.644292,0.07540540397167206,0.27900001406669617,0.34209999442100525
YFR032C-A,YPL247C,0,-4.6450844,0.07538503408432007,0.27900001406669617,0.34220001101493835
YNL242W,YAL051W,0,-4.645581,0.07536466419696808,0.27900001406669617,0.3422999978065491
YER148W,YPR133C,1,-4.6455846,0.07561437040567398,0.2800000011920929,0.3422999978065491
YGL153W,YIL004C,0,-4.6456857,0.07559395581483841,0.2800000011920929,0.3424000144004822
YMR060C,YGL003C,0,-4.6458745,0.07557354867458344,0.2800000011920929,0.3425000011920929
YMR302C,YJL095W,0,-4.645904,0.07555315643548965,0.2800000011920929,0.3425999879837036
YCR092C,YKL196C,0,-4.6459355,0.07553277909755707,0.2800000011920929,0.3427000045776367
YJL047C,YLR042C,0,-4.6459785,0.07551240921020508,0.2800000011920929,0.34279999136924744
YLR153C,YKL134C,0,-4.6464925,0.07549204677343369,0.2800000011920929,0.34290000796318054
YPR072W,YGL096W,1,-4.646627,0.0757412388920784,0.2809999883174896,0.34290000796318054
YDR105C,YDR003W,0,-4.647199,0.07572083175182343,0.2809999883174896,0.34299999475479126
YBR165W,YKL166C,0,-4.648234,0.07570043206214905,0.2809999883174896,0.34310001134872437
YBR050C,YDR173C,1,-4.6485953,0.07594936341047287,0.28200000524520874,0.34310001134872437
YDL119C,YNL053W,0,-4.6486535,0.07592891901731491,0.28200000524520874,0.3431999981403351
YFL018C,YPL249C,0,-4.648657,0.07590848207473755,0.28200000524520874,0.3433000147342682
YMR257C,YAL003W,0,-4.6490903,0.07588805258274078,0.28200000524520874,0.3434000015258789
YIL009C-A,YPR062W,0,-4.6494794,0.07586763799190521,0.28200000524520874,0.3434999883174896
YPL040C,YPR063C,0,-4.6498666,0.07584723085165024,0.28200000524520874,0.34360000491142273
YGL246C,YIR023W,1,-4.6500053,0.07609572261571884,0.28299999237060547,0.34360000491142273
YGR197C,YJR119C,0,-4.650124,0.07607527077198029,0.28299999237060547,0.34369999170303345
YIR008C,YAL023C,0,-4.6503687,0.07605482637882233,0.28299999237060547,0.34380000829696655
YJR129C,YLR351C,0,-4.650526,0.07603438943624496,0.28299999237060547,0.34389999508857727
YHR101C,YIL164C,0,-4.6505404,0.0760139673948288,0.28299999237060547,0.3440000116825104
YPR134W,YML051W,0,-4.6506896,0.07599355280399323,0.28299999237060547,0.3440999984741211
YDR229W,YPL068C,0,-4.65077,0.07597315311431885,0.28299999237060547,0.3441999852657318
YBR112C,YNR015W,0,-4.650842,0.07595276087522507,0.28299999237060547,0.3443000018596649
YHR094C,YKL081W,0,-4.6510277,0.07593238353729248,0.28299999237060547,0.34439998865127563
YPL076W,YOR384W,0,-4.6510444,0.07591201364994049,0.28299999237060547,0.34450000524520874
YDL227C,YKR050W,0,-4.651135,0.0758916586637497,0.28299999237060547,0.34459999203681946
YJR009C,YAR002W,0,-4.651295,0.0758713111281395,0.28299999237060547,0.34470000863075256
YOR244W,YLR131C,1,-4.651331,0.07611900568008423,0.2840000092983246,0.34470000863075256
YOR283W,YEL048C,0,-4.6516337,0.07609860599040985,0.2840000092983246,0.3447999954223633
YCR039C,YHL009C,1,-4.652024,0.07634609937667847,0.2849999964237213,0.3447999954223633
YLL041C,YFL017W-A,0,-4.6523943,0.07632565498352051,0.2849999964237213,0.3449000120162964
YJR147W,YDR140W,0,-4.653075,0.07630521804094315,0.2849999964237213,0.3449999988079071
YJL080C,YEL007W,0,-4.6532516,0.07628479599952698,0.2849999964237213,0.3450999855995178
YBL107C,YOR188W,0,-4.653468,0.0762643814086914,0.2849999964237213,0.3452000021934509
YHR146W,YPL069C,0,-4.653704,0.07624398171901703,0.2849999964237213,0.34529998898506165
YLR370C,YPR127W,0,-4.654058,0.07622358947992325,0.2849999964237213,0.34540000557899475
YKL001C,YOR299W,0,-4.6541295,0.07620321214199066,0.2849999964237213,0.34549999237060547
YOR083W,YLR419W,0,-4.6544127,0.07618284225463867,0.2849999964237213,0.3456000089645386
YCR060W,YDR446W,0,-4.654804,0.07616247981786728,0.2849999964237213,0.3456999957561493
YPL159C,YMR310C,0,-4.655335,0.07614213228225708,0.2849999964237213,0.3458000123500824
YDR065W,YLR396C,0,-4.6554914,0.07612179219722748,0.2849999964237213,0.3458999991416931
YCR060W,YLR196W,0,-4.655744,0.07610146701335907,0.2849999964237213,0.34599998593330383
YOR267C,YDL056W,0,-4.6558385,0.07608115673065186,0.2849999964237213,0.34610000252723694
YNL281W,YIL117C,0,-4.6561375,0.07606084644794464,0.2849999964237213,0.34619998931884766
YCL066W,YKR099W,1,-4.6563315,0.07630736380815506,0.28600001335144043,0.34619998931884766
YBR147W,YJR021C,0,-4.656683,0.07628700882196426,0.28600001335144043,0.34630000591278076
YML079W,YJL026W,0,-4.656696,0.07626666873693466,0.28600001335144043,0.3463999927043915
YGR091W,YNL298W,0,-4.65695,0.07624633610248566,0.28600001335144043,0.3465000092983246
YHR160C,YGL051W,0,-4.657045,0.07622601091861725,0.28600001335144043,0.3465999960899353
YKR099W,YLR055C,1,-4.65729,0.07647215574979782,0.28700000047683716,0.3465999960899353
YMR235C,YNL245C,0,-4.6575913,0.07645178586244583,0.28700000047683716,0.3467000126838684
YBR058C,YLR316C,0,-4.6582,0.07643142342567444,0.28700000047683716,0.3467999994754791
YER078C,YNL101W,0,-4.6582656,0.07641107589006424,0.28700000047683716,0.34689998626708984
YNL262W,YPR133W-A,0,-4.658672,0.07639073580503464,0.28700000047683716,0.34700000286102295
YDR034C,YOR294W,0,-4.659226,0.07637041062116623,0.28700000047683716,0.34709998965263367
YDL166C,YHR009C,0,-4.6592727,0.07635009288787842,0.28700000047683716,0.3472000062465668
YDR216W,YCR020W-B,1,-4.6593494,0.0765957459807396,0.2879999876022339,0.3472000062465668
YBR162W-A,YGL129C,0,-4.659366,0.0765753760933876,0.2879999876022339,0.3472999930381775
YBL015W,YOL038W,0,-4.659426,0.07655502110719681,0.2879999876022339,0.3474000096321106
YOL042W,YDL234C,0,-4.6594625,0.0765346810221672,0.2879999876022339,0.3474999964237213
YGL026C,YJL122W,0,-4.659759,0.0765143483877182,0.2879999876022339,0.3476000130176544
YHR027C,YLR118C,0,-4.6599145,0.07649402320384979,0.2879999876022339,0.34769999980926514
YDR145W,YOR178C,1,-4.660217,0.07673924416303635,0.289000004529953,0.34769999980926514
YNL070W,YLR381W,0,-4.6605005,0.07671887427568436,0.289000004529953,0.34779998660087585
YBR058C,YLR389C,0,-4.6605306,0.07669851183891296,0.289000004529953,0.34790000319480896
YML125C,YNL225C,0,-4.6605306,0.07667816430330276,0.289000004529953,0.3479999899864197
YBL061C,YLR274W,0,-4.6605344,0.07665782421827316,0.289000004529953,0.3481000065803528
YJL093C,YNL041C,0,-4.6612945,0.07663749903440475,0.289000004529953,0.3481999933719635
YLR215C,YAL051W,0,-4.661937,0.07661718130111694,0.289000004529953,0.3483000099658966
YOR216C,YDR335W,0,-4.661987,0.07659687101840973,0.289000004529953,0.3483999967575073
YMR199W,YJR154W,0,-4.662112,0.07657657563686371,0.289000004529953,0.34850001335144043
YER034W,YKL096W,0,-4.66277,0.07655628770589828,0.289000004529953,0.34860000014305115
YBR188C,YIL115C,0,-4.662795,0.07653601467609406,0.289000004529953,0.34869998693466187
YBR059C,YJL172W,0,-4.6630025,0.07651575654745102,0.289000004529953,0.34880000352859497
YDR321W,YDL079C,0,-4.66306,0.07649549841880798,0.289000004529953,0.3488999903202057
YDR303C,YIR023W,1,-4.6635675,0.07673987746238708,0.28999999165534973,0.3488999903202057
YPR098C,YLR403W,0,-4.663971,0.07671957463026047,0.28999999165534973,0.3490000069141388
YOR195W,YKL155C,0,-4.6645837,0.07669928669929504,0.28999999165534973,0.3490999937057495
YDR379W,YGR183C,0,-4.6647964,0.07667900621891022,0.28999999165534973,0.3492000102996826
YGR002C,YBR258C,0,-4.6651297,0.07665873318910599,0.28999999165534973,0.34929999709129333
YLR084C,YBR016W,0,-4.6653934,0.07663847506046295,0.28999999165534973,0.34940001368522644
YMR294W,YLR172C,0,-4.665528,0.07661823183298111,0.28999999165534973,0.34950000047683716
YPL082C,YOR179C,1,-4.665738,0.07686212658882141,0.29100000858306885,0.34950000047683716
YHR120W,YLR249W,0,-4.665796,0.0768418237566948,0.29100000858306885,0.3495999872684479
YGR113W,YBR014C,0,-4.665812,0.07682154327630997,0.29100000858306885,0.349700003862381
YNR028W,YIL111W,0,-4.6663957,0.07680127024650574,0.29100000858306885,0.3497999906539917
YAL026C,YDR159W,0,-4.6668487,0.0767810046672821,0.29100000858306885,0.3499000072479248
YGL055W,YOR196C,0,-4.6677976,0.07676074653863907,0.29100000858306885,0.3499999940395355
YDR367W,YPR007C,0,-4.667847,0.07674050331115723,0.29100000858306885,0.35010001063346863
YNL026W,YDR333C,0,-4.66807,0.07672027498483658,0.29100000858306885,0.35019999742507935
YBR137W,YDR021W,0,-4.668571,0.07670005410909653,0.29100000858306885,0.35030001401901245
YOL025W,YKL094W,0,-4.668613,0.07667984068393707,0.29100000858306885,0.35040000081062317
YMR051C,YML016C,0,-4.6686435,0.07665964215993881,0.29100000858306885,0.3504999876022339
YJL171C,YLR438W,0,-4.6687536,0.07663945108652115,0.29100000858306885,0.350600004196167
YBL023C,YDL087C,0,-4.668881,0.07661927491426468,0.29100000858306885,0.3506999909877777
YLR346C,YDR128W,0,-4.6689777,0.0765991061925888,0.29100000858306885,0.3508000075817108
YDR267C,YML018C,0,-4.6691337,0.07657894492149353,0.29100000858306885,0.35089999437332153
YHR211W,YDR498C,0,-4.669847,0.07655879855155945,0.29100000858306885,0.35100001096725464
YBR042C,YHR039C,0,-4.6700215,0.07653866708278656,0.29100000858306885,0.35109999775886536
YNL075W,YHR015W,0,-4.670111,0.07651853561401367,0.29100000858306885,0.35120001435279846
YMR058W,YIL160C,0,-4.6702085,0.07649841904640198,0.29100000858306885,0.3513000011444092
YIR036C,YLR072W,0,-4.6709766,0.07647831737995148,0.29100000858306885,0.3513999879360199
YIL122W,YOR298C-A,1,-4.6711597,0.07672096788883209,0.2919999957084656,0.3513999879360199
YOR031W,YOR148C,0,-4.67155,0.07670081406831741,0.2919999957084656,0.351500004529953
YMR052W,YIR019C,0,-4.6718493,0.07668067514896393,0.2919999957084656,0.3515999913215637
YOL013C,YPR114W,0,-4.6718726,0.07666054368019104,0.2919999957084656,0.3517000079154968
YOR018W,YJL137C,0,-4.6722445,0.07664041966199875,0.2919999957084656,0.35179999470710754
YJL059W,YIL069C,0,-4.6722507,0.07662031054496765,0.2919999957084656,0.35190001130104065
YML043C,YOR192C,0,-4.6727605,0.07660020887851715,0.2919999957084656,0.35199999809265137
YDR090C,YER146W,0,-4.6728225,0.07658012211322784,0.2919999957084656,0.3521000146865845
YNR062C,YPL096W,0,-4.6728315,0.07656004279851913,0.2919999957084656,0.3522000014781952
YMR323W,YKL063C,0,-4.6730943,0.07653997093439102,0.2919999957084656,0.3522999882698059
YOR039W,YPR107C,0,-4.673248,0.0765199139714241,0.2919999957084656,0.352400004863739
YJR159W,YJL052W,0,-4.6734395,0.07649987190961838,0.2919999957084656,0.35249999165534973
YBR069C,YNL317W,0,-4.6738133,0.07647982984781265,0.2919999957084656,0.35260000824928284
YJR052W,YJR066W,0,-4.673826,0.07645980268716812,0.2919999957084656,0.35269999504089355
YBR286W,YDR343C,0,-4.6739473,0.07643979042768478,0.2919999957084656,0.35280001163482666
YJL161W,YNR049C,0,-4.674445,0.07641978561878204,0.2919999957084656,0.3528999984264374
YLR319C,YBR302C,0,-4.6746426,0.0763997882604599,0.2919999957084656,0.3529999852180481
YHR131C,YBR179C,0,-4.674742,0.07637980580329895,0.2919999957084656,0.3531000018119812
YPR004C,YGL098W,0,-4.6751833,0.0763598307967186,0.2919999957084656,0.3531999886035919
YPR168W,YPL011C,1,-4.675321,0.0766013041138649,0.2930000126361847,0.3531999886035919
YIL134W,YHR002W,0,-4.676042,0.07658128440380096,0.2930000126361847,0.353300005197525
YNL009W,YOR385W,0,-4.676171,0.07656127214431763,0.2930000126361847,0.35339999198913574
YDR026C,YNR023W,0,-4.6762376,0.07654127478599548,0.2930000126361847,0.35350000858306885
YPR187W,YLR055C,1,-4.6767535,0.07678245007991791,0.2939999997615814,0.35350000858306885
YJR010C-A,YJR143C,0,-4.676929,0.07676240056753159,0.2939999997615814,0.35359999537467957
YLL011W,YJR147W,0,-4.677062,0.07674236595630646,0.2939999997615814,0.35370001196861267
YCL026C-A,YER090W,0,-4.6771874,0.07672233879566193,0.2939999997615814,0.3537999987602234
YOL148C,YFL023W,0,-4.6773405,0.07670231908559799,0.2939999997615814,0.3538999855518341
YDR404C,YLR321C,1,-4.677358,0.07694313675165176,0.29499998688697815,0.3538999855518341
YKL206C,YMR203W,0,-4.677974,0.07692307978868484,0.29499998688697815,0.3540000021457672
YBR197C,YDR306C,0,-4.679123,0.07690302282571793,0.29499998688697815,0.35409998893737793
YHR123W,YHL007C,0,-4.679196,0.0768829807639122,0.29499998688697815,0.35420000553131104
YCR033W,YKL086W,0,-4.6792502,0.07686294615268707,0.29499998688697815,0.35429999232292175
YPL097W,YGL170C,0,-4.679834,0.07684292644262314,0.29499998688697815,0.35440000891685486
YML068W,YLL058W,0,-4.679854,0.0768229141831398,0.29499998688697815,0.3544999957084656
YPL057C,YNL131W,0,-4.680013,0.07680291682481766,0.29499998688697815,0.3546000123023987
YLR308W,YGR105W,0,-4.6802573,0.07678292691707611,0.29499998688697815,0.3546999990940094
YPL066W,YOR327C,0,-4.680406,0.07676294445991516,0.29499998688697815,0.3547999858856201
YDR303C,YDR527W,1,-4.6804767,0.0770031213760376,0.29600000381469727,0.3547999858856201
YER167W,YNL007C,0,-4.680598,0.07698309421539307,0.29600000381469727,0.3549000024795532
YGL082W,YNL106C,0,-4.6811275,0.07696308195590973,0.29600000381469727,0.35499998927116394
YLR272C,YHL030W,0,-4.6816754,0.07694306969642639,0.29600000381469727,0.35510000586509705
YIL093C,YNL121C,0,-4.6819158,0.07692307978868484,0.29600000381469727,0.35519999265670776
YNL207W,YER096W,0,-4.6820273,0.0769030898809433,0.29600000381469727,0.35530000925064087
YDR311W,YBR050C,1,-4.6820946,0.0771428570151329,0.296999990940094,0.35530000925064087
YGL243W,YLR340W,0,-4.6834064,0.07712282240390778,0.296999990940094,0.3553999960422516
YLR323C,YML093W,0,-4.684074,0.07710280269384384,0.296999990940094,0.3555000126361847
YDR308C,YBR279W,1,-4.6841235,0.07734233140945435,0.2980000078678131,0.3555000126361847
YNL185C,YDR478W,0,-4.6841493,0.07732225954532623,0.2980000078678131,0.3555999994277954
YPL210C,YPR057W,0,-4.6843085,0.07730220258235931,0.2980000078678131,0.35569998621940613
YGR038W,YIL110W,0,-4.684441,0.07728216052055359,0.2980000078678131,0.35580000281333923
YGR233C,YLR301W,0,-4.6845818,0.07726211845874786,0.2980000078678131,0.35589998960494995
YDL222C,YNL253W,0,-4.6848826,0.07724209129810333,0.2980000078678131,0.35600000619888306
YNL283C,YJR034W,0,-4.684954,0.07722207903862,0.2980000078678131,0.3560999929904938
YOL078W,YCL024W,0,-4.6852555,0.07720207422971725,0.2980000078678131,0.3562000095844269
YIL049W,YLR136C,0,-4.686168,0.07718207687139511,0.2980000078678131,0.3562999963760376
YMR281W,YKL215C,0,-4.6862526,0.07716209441423416,0.2980000078678131,0.3564000129699707
YHR188C,YKL217W,0,-4.6863294,0.07714211940765381,0.2980000078678131,0.3564999997615814
YKL165C,YEL004W,0,-4.686805,0.07712215185165405,0.2980000078678131,0.35659998655319214
YOR391C,YHR043C,0,-4.6869316,0.07710219919681549,0.2980000078678131,0.35670000314712524
YBL069W,YER165W,0,-4.6870103,0.07708225399255753,0.2980000078678131,0.35679998993873596
YCR021C,YNL118C,0,-4.6870356,0.07706232368946075,0.2980000078678131,0.35690000653266907
YJR095W,YOR202W,0,-4.687058,0.07704240083694458,0.2980000078678131,0.3569999933242798
YOR062C,YLR319C,0,-4.6870627,0.077022485435009,0.2980000078678131,0.3571000099182129
YGR057C,YJR021C,0,-4.6874366,0.07700258493423462,0.2980000078678131,0.3571999967098236
YAL054C,YPR125W,0,-4.6875043,0.07698269188404083,0.2980000078678131,0.3573000133037567
YIL140W,YNL227C,0,-4.6881585,0.07696280628442764,0.2980000078678131,0.35740000009536743
YIL002C,YDL070W,0,-4.688216,0.07694293558597565,0.2980000078678131,0.35749998688697815
YOL069W,YNR012W,0,-4.68841,0.07692307978868484,0.2980000078678131,0.35760000348091125
YHL020C,YKL028W,1,-4.688552,0.0771612897515297,0.29899999499320984,0.35760000348091125
YNL112W,YNL333W,0,-4.688697,0.07714138180017471,0.29899999499320984,0.357699990272522
YML101C,YDL110C,0,-4.689532,0.07712148874998093,0.29899999499320984,0.3578000068664551
YMR212C,YHL044W,0,-4.689613,0.07710159569978714,0.29899999499320984,0.3578999936580658
YDL080C,YPL129W,1,-4.689692,0.0773395225405693,0.30000001192092896,0.3578999936580658
YHR122W,YGL229C,0,-4.689731,0.07731958478689194,0.30000001192092896,0.3580000102519989
YLR160C,YDL131W,0,-4.6899433,0.07729966193437576,0.30000001192092896,0.3580999970436096
YDR533C,YMR258C,0,-4.6900353,0.07727975398302078,0.30000001192092896,0.3582000136375427
YFR036W,YDR333C,0,-4.690076,0.0772598534822464,0.30000001192092896,0.35830000042915344
YKL178C,YMR070W,0,-4.6903834,0.07723996043205261,0.30000001192092896,0.35839998722076416
YPL254W,YLR055C,1,-4.6905293,0.07747747749090195,0.3009999990463257,0.35839998722076416
YCR032W,YCR046C,0,-4.6908875,0.07745753973722458,0.3009999990463257,0.35850000381469727
YGR257C,YKL059C,0,-4.690907,0.07743760943412781,0.3009999990463257,0.358599990606308
YOR106W,YGR292W,0,-4.691147,0.07741769403219223,0.3009999990463257,0.3587000072002411
YHR020W,YKL161C,0,-4.69126,0.07739778608083725,0.3009999990463257,0.3587999939918518
YGR019W,YMR257C,0,-4.6913958,0.07737789303064346,0.3009999990463257,0.3589000105857849
YMR156C,YHR101C,0,-4.6917853,0.07735800743103027,0.3009999990463257,0.35899999737739563
YIL027C,YIL127C,0,-4.691895,0.07733812928199768,0.3009999990463257,0.35910001397132874
YJL216C,YMR222C,0,-4.691962,0.07731826603412628,0.3009999990463257,0.35920000076293945
YNL333W,YMR207C,0,-4.692038,0.07729841023683548,0.3009999990463257,0.35929998755455017
YHR055C,YKR014C,0,-4.6920905,0.07727856189012527,0.3009999990463257,0.3594000041484833
YPR120C,YPL021W,0,-4.692993,0.07725872844457626,0.3009999990463257,0.359499990940094
YGL134W,YJL036W,0,-4.693017,0.07723890244960785,0.3009999990463257,0.3596000075340271
YPR120C,YDR026C,0,-4.6932044,0.07721908390522003,0.3009999990463257,0.3596999943256378
YGL189C,YLR136C,0,-4.693393,0.07719928026199341,0.3009999990463257,0.3598000109195709
YMR238W,YPR166C,0,-4.6939306,0.07717948406934738,0.3009999990463257,0.35989999771118164
YJR047C,YHR009C,0,-4.694402,0.07715970277786255,0.3009999990463257,0.36000001430511475
YLR316C,YLR287C-A,0,-4.6952214,0.07713992893695831,0.3009999990463257,0.36010000109672546
YMR176W,YDL056W,0,-4.6954856,0.07712016254663467,0.3009999990463257,0.3601999878883362
YLR321C,YAL032C,1,-4.6956573,0.07735655456781387,0.3019999861717224,0.3601999878883362
YOR011W,YBR258C,0,-4.695846,0.07733675092458725,0.3019999861717224,0.3603000044822693
YDR439W,YNL182C,0,-4.695857,0.07731694728136063,0.3019999861717224,0.36039999127388
YBL020W,YEL020C,0,-4.696619,0.0772971585392952,0.3019999861717224,0.3605000078678131
YPL113C,YJR036C,0,-4.69703,0.07727737724781036,0.3019999861717224,0.36059999465942383
YGR211W,YJR119C,0,-4.697203,0.07725761085748672,0.3019999861717224,0.36070001125335693
YNL074C,YBL030C,0,-4.697258,0.07723785191774368,0.3019999861717224,0.36079999804496765
YNL056W,YDL010W,0,-4.697348,0.07721810042858124,0.3019999861717224,0.36090001463890076
YPR127W,YOR382W,0,-4.6974072,0.07719836384057999,0.3019999861717224,0.3610000014305115
YDR229W,YDR276C,0,-4.6974645,0.07717863470315933,0.3019999861717224,0.3610999882221222
YBL018C,YIR014W,0,-4.6977086,0.07715891301631927,0.3019999861717224,0.3612000048160553
YBR040W,YOR109W,0,-4.698004,0.07713920623064041,0.3019999861717224,0.361299991607666
YLR009W,YBR042C,0,-4.6980367,0.07711950689554214,0.3019999861717224,0.3614000082015991
YIL035C,YIL084C,0,-4.6981096,0.07709982246160507,0.3019999861717224,0.36149999499320984
YPL019C,YER070W,0,-4.6981187,0.0770801454782486,0.3019999861717224,0.36160001158714294
YLR071C,YDR081C,1,-4.698521,0.07731564342975616,0.30300000309944153,0.36160001158714294
YKL108W,YOL044W,0,-4.698674,0.07729592174291611,0.30300000309944153,0.36169999837875366
YBR003W,YDR128W,0,-4.698765,0.07727620750665665,0.30300000309944153,0.3617999851703644
YHR171W,YER124C,0,-4.698912,0.07725650072097778,0.30300000309944153,0.3619000017642975
YBR146W,YGL157W,0,-4.6991982,0.07723680883646011,0.30300000309944153,0.3619999885559082
YKL178C,YMR019W,0,-4.699722,0.07721712440252304,0.30300000309944153,0.3621000051498413
YNL032W,YNL077W,0,-4.699866,0.07719745486974716,0.30300000309944153,0.362199991941452
YHR106W,YFR015C,0,-4.7002487,0.07717779278755188,0.30300000309944153,0.36230000853538513
YOR058C,YLR455W,0,-4.70054,0.0771581381559372,0.30300000309944153,0.36239999532699585
YDR283C,YGL066W,0,-4.7007356,0.0771384909749031,0.30300000309944153,0.36250001192092896
YGR275W,YCR020W-B,1,-4.701212,0.07737337797880173,0.30399999022483826,0.36250001192092896
YGR134W,YPR187W,1,-4.701308,0.0776081457734108,0.3050000071525574,0.36250001192092896
YDR179C,YOR148C,0,-4.7015843,0.07758840173482895,0.3050000071525574,0.3625999987125397
YKR095W,YDL184C,0,-4.701662,0.0775686651468277,0.3050000071525574,0.3626999855041504
YPR079W,YCL057W,0,-4.7018657,0.07754894345998764,0.3050000071525574,0.3628000020980835
YEL025C,YHR030C,0,-4.701968,0.07752922922372818,0.3050000071525574,0.3628999888896942
YGL116W,YMR184W,0,-4.7020693,0.07750952988862991,0.3050000071525574,0.3630000054836273
YBR146W,YBL027W,0,-4.702958,0.07748983800411224,0.3050000071525574,0.36309999227523804
YOL093W,YOR110W,0,-4.703012,0.07747015357017517,0.3050000071525574,0.36320000886917114
YLR155C,YGR057C,0,-4.7040725,0.07745048403739929,0.3050000071525574,0.36329999566078186
YOL112W,YHR181W,0,-4.7041407,0.07743082195520401,0.3050000071525574,0.36340001225471497
YPL007C,YLR438C-A,0,-4.704193,0.07741116732358932,0.3050000071525574,0.3634999990463257
YOL124C,YHR203C,0,-4.704537,0.07739152759313583,0.3050000071525574,0.3635999858379364
YFR055W,YJL209W,0,-4.7046647,0.07737189531326294,0.3050000071525574,0.3637000024318695
YMR268C,YGL105W,0,-4.7047105,0.07735227048397064,0.3050000071525574,0.3637999892234802
YDR365C,YOL102C,0,-4.7047973,0.07733266055583954,0.3050000071525574,0.36390000581741333
YLR440C,YHR053C,0,-4.7048106,0.07731305807828903,0.3050000071525574,0.36399999260902405
YNR074C,YGL037C,0,-4.7050543,0.07729346305131912,0.3050000071525574,0.36410000920295715
YHR079C,YOR185C,0,-4.7051654,0.07727387547492981,0.3050000071525574,0.36419999599456787
YBR042C,YKL185W,0,-4.705328,0.07725430279970169,0.3050000071525574,0.364300012588501
YDR280W,YDR317W,0,-4.7057376,0.07723474502563477,0.3050000071525574,0.3643999993801117
YGL150C,YIL128W,1,-4.7057967,0.07746835798025131,0.3059999942779541,0.3643999993801117
YLR234W,YML111W,0,-4.7059097,0.07744874805212021,0.3059999942779541,0.3644999861717224
YDR528W,YBR250W,0,-4.7060103,0.0774291530251503,0.3059999942779541,0.3646000027656555
YDL226C,YDR191W,0,-4.70612,0.07740956544876099,0.3059999942779541,0.36469998955726624
YOR273C,YBL017C,0,-4.706161,0.07738998532295227,0.3059999942779541,0.36480000615119934
YKR019C,YKL214C,0,-4.7063518,0.07737042009830475,0.3059999942779541,0.36489999294281006
YPL283C,YPL079W,0,-4.706803,0.07735086232423782,0.3059999942779541,0.36500000953674316
YKL132C,YLR249W,0,-4.707076,0.0773313120007515,0.3059999942779541,0.3650999963283539
YBR211C,YDL166C,0,-4.7073345,0.07731177657842636,0.3059999942779541,0.365200012922287
YCL067C,YOR162C,1,-4.7073894,0.07754483819007874,0.3070000112056732,0.365200012922287
YNR010W,YLR418C,1,-4.707937,0.07777778059244156,0.30799999833106995,0.365200012922287
YER022W,YDR183W,1,-4.708113,0.07801060378551483,0.3089999854564667,0.365200012922287
YIL092W,YDR046C,0,-4.708488,0.07799091190099716,0.3089999854564667,0.3652999997138977
YDL181W,YIL117C,0,-4.7085567,0.07797123491764069,0.3089999854564667,0.3653999865055084
YMR312W,YHR084W,1,-4.708559,0.07820383459329605,0.3100000023841858,0.3653999865055084
YDL224C,YLR340W,0,-4.709339,0.078184112906456,0.3100000023841858,0.36550000309944153
YBR233W-A,YJR051W,0,-4.7094245,0.07816439867019653,0.3100000023841858,0.36559998989105225
YCR024C-A,YBR185C,0,-4.709471,0.07814469188451767,0.3100000023841858,0.36570000648498535
YDL031W,YIL004C,0,-4.7099414,0.078125,0.3100000023841858,0.36579999327659607
YJL130C,YMR099C,0,-4.710283,0.07810531556606293,0.3100000023841858,0.3659000098705292
YDL119C,YJL200C,0,-4.7104115,0.07808564603328705,0.3100000023841858,0.3659999966621399
YPR042C,YLR013W,0,-4.7105017,0.07806597650051117,0.3100000023841858,0.366100013256073
YPL145C,YDR461W,0,-4.710763,0.07804632186889648,0.3100000023841858,0.3662000000476837
YML021C,YNR074C,0,-4.7107906,0.078026682138443,0.3100000023841858,0.36629998683929443
YDR386W,YDR440W,0,-4.710818,0.0780070424079895,0.3100000023841858,0.36640000343322754
YDR063W,YOR362C,0,-4.711124,0.0779874250292778,0.3100000023841858,0.36649999022483826
YDL040C,YHL044W,0,-4.711337,0.0779678076505661,0.3100000023841858,0.36660000681877136
YPL007C,YBR058C-A,0,-4.7113857,0.0779482051730156,0.3100000023841858,0.3666999936103821
YFR017C,YOR217W,0,-4.7114925,0.07792861014604568,0.3100000023841858,0.3668000102043152
YGR028W,YCR071C,0,-4.711772,0.07790902256965637,0.3100000023841858,0.3668999969959259
YDR200C,YDL113C,0,-4.712914,0.07788944989442825,0.3100000023841858,0.367000013589859
YDR322W,YKL006C-A,0,-4.7133145,0.07786988466978073,0.3100000023841858,0.3671000003814697
YPL153C,YER035W,0,-4.713676,0.0778503268957138,0.3100000023841858,0.36719998717308044
YBR061C,YAL044C,0,-4.7139235,0.07783078402280807,0.3100000023841858,0.36730000376701355
YGL077C,YOR337W,0,-4.7141843,0.07781124860048294,0.3100000023841858,0.36739999055862427
YLR218C,YBR024W,0,-4.7143073,0.0777917206287384,0.3100000023841858,0.3675000071525574
YHR152W,YBR037C,0,-4.714317,0.07777220010757446,0.3100000023841858,0.3675999939441681
YMR261C,YDR142C,0,-4.71464,0.07775269448757172,0.3100000023841858,0.3677000105381012
YGL203C,YGR296W,0,-4.7149014,0.07773319631814957,0.3100000023841858,0.3677999973297119
YML130C,YNR058W,0,-4.715236,0.07771371304988861,0.3100000023841858,0.367900013923645
YML082W,YER146W,0,-4.7153764,0.07769423723220825,0.3100000023841858,0.36800000071525574
YER018C,YOL110W,0,-4.7157083,0.07767476886510849,0.3100000023841858,0.36809998750686646
YMR113W,YKL014C,0,-4.716052,0.07765530794858932,0.3100000023841858,0.36820000410079956
YMR203W,YLL046C,0,-4.717062,0.07763586193323135,0.3100000023841858,0.3682999908924103
YKL149C,YML005W,0,-4.7171516,0.07761642336845398,0.3100000023841858,0.3684000074863434
YMR173W,YKR088C,0,-4.7171636,0.0775969997048378,0.3100000023841858,0.3684999942779541
YLR207W,YGL051W,0,-4.7173586,0.07757757604122162,0.3100000023841858,0.3686000108718872
YGL195W,YLR274W,0,-4.717363,0.07755816727876663,0.3100000023841858,0.3686999976634979
YER017C,YAL012W,0,-4.7174726,0.07753876596689224,0.3100000023841858,0.36880001425743103
YGL234W,YPR078C,0,-4.717519,0.07751937955617905,0.3100000023841858,0.36890000104904175
YKR031C,YOR266W,0,-4.7176332,0.07750000059604645,0.3100000023841858,0.36899998784065247
YOR352W,YNL069C,0,-4.7184753,0.07748062908649445,0.3100000023841858,0.36910000443458557
YOR113W,YHR184W,0,-4.718941,0.07746127247810364,0.3100000023841858,0.3691999912261963
YDR222W,YHR068W,0,-4.7193017,0.07744191586971283,0.3100000023841858,0.3693000078201294
YLR265C,YOR368W,0,-4.719591,0.07742257416248322,0.3100000023841858,0.3693999946117401
YDR294C,YPL091W,0,-4.7196565,0.0774032473564148,0.3100000023841858,0.3695000112056732
YMR240C,YOL088C,0,-4.719657,0.07738392055034637,0.3100000023841858,0.36959999799728394
YDR259C,YDR145W,1,-4.719786,0.07761417329311371,0.3109999895095825,0.36959999799728394
YMR116C,YPL231W,0,-4.720348,0.0775948092341423,0.3109999895095825,0.36970001459121704
YLR071C,YMR227C,1,-4.7203712,0.07782489061355591,0.31200000643730164,0.36970001459121704
YCL051W,YMR165C,0,-4.7203856,0.07780548930168152,0.31200000643730164,0.36980000138282776
YDR266C,YKR103W,0,-4.720654,0.07778608798980713,0.31200000643730164,0.3698999881744385
YIL140W,YJL192C,0,-4.7207894,0.07776670157909393,0.31200000643730164,0.3700000047683716
YOL067C,YJR140C,1,-4.720926,0.07799651473760605,0.31299999356269836,0.3700000047683716
YPR155C,YPL180W,0,-4.7209973,0.07797708362340927,0.31299999356269836,0.3700999915599823
YOR211C,YIL149C,0,-4.7210755,0.07795765995979309,0.31299999356269836,0.3702000081539154
YCR052W,YML027W,1,-4.7215075,0.0781872496008873,0.3140000104904175,0.3702000081539154
YCR033W,YBR197C,0,-4.7215695,0.07816778868436813,0.3140000104904175,0.3702999949455261
YHR167W,YGL112C,1,-4.721639,0.07839721441268921,0.3149999976158142,0.3702999949455261
YCL066W,YDR167W,1,-4.7218084,0.07862652093172073,0.3160000145435333,0.3702999949455261
YPL260W,YNL125C,0,-4.7222958,0.07860696315765381,0.3160000145435333,0.37040001153945923
YLR274W,YDR175C,0,-4.7223487,0.07858741283416748,0.3160000145435333,0.37049999833106995
YGL115W,YMR091C,1,-4.7226105,0.07881651073694229,0.31700000166893005,0.37049999833106995
YBR039W,YOR003W,0,-4.722646,0.07879691570997238,0.31700000166893005,0.37059998512268066
YKL112W,YDR460W,1,-4.722853,0.07902584224939346,0.3179999887943268,0.37059998512268066
YBR072W,YDL197C,0,-4.722936,0.07900620996952057,0.3179999887943268,0.37070000171661377
YJR090C,YJL013C,0,-4.7237744,0.07898658514022827,0.3179999887943268,0.3707999885082245
YBR108W,YBL002W,0,-4.7239122,0.07896697521209717,0.3179999887943268,0.3709000051021576
YCR051W,YJR044C,0,-4.7240796,0.07894736528396606,0.3179999887943268,0.3709999918937683
YFR055W,YHL030W,0,-4.724229,0.07892777025699615,0.3179999887943268,0.3711000084877014
YNL082W,YIL083C,0,-4.7242637,0.07890819013118744,0.3179999887943268,0.37119999527931213
YDR228C,YGL070C,1,-4.7244983,0.0791366919875145,0.3190000057220459,0.37119999527931213
YPL010W,YLL039C,0,-4.7245173,0.0791170671582222,0.3190000057220459,0.37130001187324524
YDR022C,YBL005W-A,0,-4.7247314,0.0790974497795105,0.3190000057220459,0.37139999866485596
YBL014C,YHR122W,0,-4.724871,0.0790778398513794,0.3190000057220459,0.3714999854564667
YGR198W,YOR368W,0,-4.724873,0.07905823737382889,0.3190000057220459,0.3716000020503998
YPL178W,YPL009C,0,-4.7251024,0.07903864979743958,0.3190000057220459,0.3716999888420105
YGR295C,YBR056W,0,-4.725249,0.07901907712221146,0.3190000057220459,0.3718000054359436
YBR069C,YNL238W,0,-4.7252636,0.07899950444698334,0.3190000057220459,0.3718999922275543
YER090W,YPL108W,0,-4.726003,0.07897994667291641,0.3190000057220459,0.3720000088214874
YNL211C,YLR436C,0,-4.726107,0.07896039634943008,0.3190000057220459,0.37209999561309814
YFL046W,YML011C,0,-4.726189,0.07894085347652435,0.3190000057220459,0.37220001220703125
YNL106C,YLR072W,0,-4.7264643,0.07892132550477982,0.3190000057220459,0.37229999899864197
YPL190C,YCR020W-B,1,-4.72689,0.07914914935827255,0.3199999928474426,0.37229999899864197
YKR054C,YHR133C,0,-4.7269406,0.07912957668304443,0.3199999928474426,0.3723999857902527
YBL031W,YCR094W,0,-4.7269473,0.07911001145839691,0.3199999928474426,0.3725000023841858
YPL088W,YBR205W,0,-4.7271276,0.07909046113491058,0.3199999928474426,0.3725999891757965
YNL258C,YER019W,0,-4.7275834,0.07907091826200485,0.3199999928474426,0.3727000057697296
YFR013W,YLR115W,0,-4.72776,0.07905138283967972,0.3199999928474426,0.37279999256134033
YLR133W,YGL051W,0,-4.7277765,0.07903186231851578,0.3199999928474426,0.37290000915527344
YER099C,YML102W,0,-4.727822,0.07901234924793243,0.3199999928474426,0.37299999594688416
YIL056W,YOR298C-A,1,-4.7282043,0.07923969626426697,0.32100000977516174,0.37299999594688416
YIL115C,YGL026C,0,-4.7283497,0.07922013849020004,0.32100000977516174,0.37310001254081726
YLL026W,YHR004C,0,-4.728383,0.07920059561729431,0.32100000977516174,0.373199999332428
YGL184C,YDL099W,0,-4.7284093,0.07918105274438858,0.32100000977516174,0.3732999861240387
YMR288W,YPL198W,0,-4.72871,0.07916153222322464,0.32100000977516174,0.3734000027179718
YBL055C,YER067W,0,-4.7288203,0.0791420117020607,0.32100000977516174,0.3734999895095825
YGL054C,YJR051W,0,-4.729053,0.07912250608205795,0.32100000977516174,0.3736000061035156
YJR126C,YPR115W,0,-4.7292347,0.0791030079126358,0.32100000977516174,0.37369999289512634
YGR230W,YDL155W,0,-4.729282,0.07908351719379425,0.32100000977516174,0.37380000948905945
YPR086W,YFL024C,1,-4.729304,0.079310342669487,0.32199999690055847,0.37380000948905945
YNR055C,YJL144W,0,-4.7294917,0.07929081469774246,0.32199999690055847,0.37389999628067017
YBR194W,YPL259C,0,-4.729595,0.07927129417657852,0.32199999690055847,0.37400001287460327
YCL066W,YJR140C,1,-4.729899,0.07949791103601456,0.3230000138282776,0.37400001287460327
YMR305C,YGL100W,0,-4.730082,0.07947834581136703,0.3230000138282776,0.374099999666214
YPL253C,YNL031C,0,-4.7302184,0.0794587954878807,0.3230000138282776,0.3741999864578247
YPL153C,YOR262W,0,-4.730985,0.07943925261497498,0.3230000138282776,0.3743000030517578
YFL048C,YCL069W,0,-4.731111,0.07941971719264984,0.3230000138282776,0.37439998984336853
YBR058C-A,YMR077C,0,-4.731625,0.0794001966714859,0.3230000138282776,0.37450000643730164
YHR055C,YMR170C,0,-4.73174,0.07938068360090256,0.3230000138282776,0.37459999322891235
YOL034W,YOL141W,0,-4.7321863,0.07936117798089981,0.3230000138282776,0.37470000982284546
YJL165C,YOR202W,0,-4.7321925,0.07934168726205826,0.3230000138282776,0.3747999966144562
YMR182C,YOL089C,1,-4.7331176,0.07956778258085251,0.3240000009536743,0.3747999966144562
YML046W,YEL055C,0,-4.733277,0.07954824715852737,0.3240000009536743,0.3749000132083893
YML114C,YDR146C,1,-4.733326,0.07977417856454849,0.32499998807907104,0.3749000132083893
YAL003W,YBL004W,0,-4.733418,0.07975459843873978,0.32499998807907104,0.375
YOR239W,YHR030C,0,-4.7334943,0.07973503321409225,0.32499998807907104,0.3750999867916107
YBL025W,YBR150C,0,-4.7343774,0.07971547544002533,0.32499998807907104,0.3752000033855438
YGL246C,YMR005W,1,-4.7346096,0.07994114607572556,0.32600000500679016,0.3752000033855438
YDL102W,YNL064C,0,-4.734661,0.07992155104875565,0.32600000500679016,0.37529999017715454
YBR194W,YLR170C,0,-4.7352376,0.07990196347236633,0.32600000500679016,0.37540000677108765
YFL014W,YNL135C,0,-4.7352405,0.07988238334655762,0.32600000500679016,0.37549999356269836
YJL072C,YBL018C,0,-4.7353354,0.0798628106713295,0.32600000500679016,0.37560001015663147
YAR035W,YBL021C,0,-4.735432,0.07984325289726257,0.32600000500679016,0.3756999969482422
YGL046W,YGR038W,0,-4.7354655,0.07982370257377625,0.32600000500679016,0.3758000135421753
YJL056C,YMR043W,1,-4.735475,0.08004895597696304,0.3269999921321869,0.3758000135421753
YHL025W,YKL084W,0,-4.735553,0.08002936840057373,0.3269999921321869,0.375900000333786
YLR195C,YLR367W,0,-4.735617,0.08000978827476501,0.3269999921321869,0.37599998712539673
YNL311C,YDR478W,0,-4.7359633,0.0799902155995369,0.3269999921321869,0.37610000371932983
YCL026C-A,YPL192C,0,-4.7360253,0.07997065037488937,0.3269999921321869,0.37619999051094055
YJL103C,YCR020C-A,0,-4.736953,0.07995110005140305,0.3269999921321869,0.37630000710487366
YML078W,YIL168W,0,-4.736977,0.07993155717849731,0.3269999921321869,0.3763999938964844
YGR104C,YPR133C,1,-4.737437,0.08015640079975128,0.328000009059906,0.3763999938964844
YDR268W,YDR116C,0,-4.737879,0.08013682067394257,0.328000009059906,0.3765000104904175
YNR056C,YNL249C,0,-4.73793,0.08011724799871445,0.328000009059906,0.3765999972820282
YOL109W,YDL189W,0,-4.7382007,0.08009768277406693,0.328000009059906,0.3767000138759613
YGR177C,YHR005C-A,0,-4.7382503,0.080078125,0.328000009059906,0.376800000667572
YJL080C,YDR325W,0,-4.738668,0.08005858212709427,0.328000009059906,0.37689998745918274
YJL062W,YDL144C,0,-4.7388268,0.08003904670476913,0.328000009059906,0.37700000405311584
YKR041W,YML072C,0,-4.7390685,0.0800195187330246,0.328000009059906,0.37709999084472656
YIL016W,YDR159W,0,-4.7395096,0.07999999821186066,0.328000009059906,0.37720000743865967
YOR244W,YBR050C,1,-4.7401156,0.08022433519363403,0.32899999618530273,0.37720000743865967
YAL042W,YDR306C,0,-4.7403674,0.08020477741956711,0.32899999618530273,0.3772999942302704
YMR046C,YDR478W,0,-4.7408686,0.08018522709608078,0.32899999618530273,0.3774000108242035
YML079W,YAL024C,0,-4.740907,0.08016569167375565,0.32899999618530273,0.3774999976158142
YAL010C,YKL095W,0,-4.741174,0.08014616370201111,0.32899999618530273,0.3776000142097473
YHR072W-A,YPR017C,0,-4.7412515,0.08012664318084717,0.32899999618530273,0.37770000100135803
YNL322C,YIL083C,0,-4.7415395,0.08010713756084442,0.32899999618530273,0.37779998779296875
YDL116W,YPR102C,0,-4.7415447,0.08008763194084167,0.32899999618530273,0.37790000438690186
YER048C,YPR047W,0,-4.7416215,0.08006814122200012,0.32899999618530273,0.3779999911785126
YMR223W,YDL191W,0,-4.7416396,0.08004866540431976,0.32899999618530273,0.3781000077724457
YNL283C,YCR084C,0,-4.7419896,0.0800291895866394,0.32899999618530273,0.3781999945640564
YOL049W,YDL001W,0,-4.7420287,0.08000972867012024,0.32899999618530273,0.3783000111579895
YBR233W-A,YEL064C,0,-4.7423873,0.07999027520418167,0.32899999618530273,0.3783999979496002
YLR240W,YNL261W,0,-4.742542,0.0799708291888237,0.32899999618530273,0.3785000145435333
YBL088C,YJL200C,0,-4.742668,0.07995139807462692,0.32899999618530273,0.37860000133514404
YDR291W,YDR128W,0,-4.742742,0.07993197441101074,0.32899999618530273,0.37869998812675476
YJR130C,YJR093C,0,-4.742957,0.07991255819797516,0.32899999618530273,0.37880000472068787
YBR137W,YLR301W,0,-4.7430506,0.07989314943552017,0.32899999618530273,0.3788999915122986
YKL004W,YPL174C,0,-4.743087,0.07987375557422638,0.32899999618530273,0.3790000081062317
YHR118C,YNL308C,0,-4.743217,0.07985436916351318,0.32899999618530273,0.3790999948978424
YJR102C,YOR298C-A,1,-4.743431,0.0800776481628418,0.33000001311302185,0.3790999948978424
YGL026C,YGL241W,0,-4.743688,0.08005822449922562,0.33000001311302185,0.3792000114917755
YOR337W,YMR203W,0,-4.7437134,0.08003880828619003,0.33000001311302185,0.37929999828338623
YNL258C,YCL042W,0,-4.743977,0.08001939952373505,0.33000001311302185,0.37940001487731934
YDR412W,YJL129C,0,-4.7443094,0.07999999821186066,0.33000001311302185,0.37950000166893005
YKR081C,YLL027W,0,-4.744684,0.07998061180114746,0.33000001311302185,0.37959998846054077
YLL003W,YFR044C,0,-4.7452927,0.07996123284101486,0.33000001311302185,0.3797000050544739
YOR342C,YOR167C,0,-4.7453017,0.07994186133146286,0.33000001311302185,0.3797999918460846
YKR020W,YNR027W,0,-4.745391,0.07992249727249146,0.33000001311302185,0.3799000084400177
YFR019W,YDR183W,1,-4.7456594,0.08014527708292007,0.3310000002384186,0.3799000084400177
YFR046C,YDR304C,0,-4.745709,0.08012587577104568,0.3310000002384186,0.3799999952316284
YDR211W,YPL079W,0,-4.746022,0.08010648936033249,0.3310000002384186,0.3801000118255615
YDR138W,YDR146C,1,-4.746614,0.0803290605545044,0.3319999873638153,0.3801000118255615
YMR098C,YKL217W,0,-4.747255,0.08030962944030762,0.3319999873638153,0.38019999861717224
YJR028W,YHR200W,0,-4.7474456,0.08029020577669144,0.3319999873638153,0.38029998540878296
YLR071C,YJR140C,1,-4.7477126,0.08051257580518723,0.3330000042915344,0.38029998540878296
YDL239C,YFR044C,0,-4.747873,0.08049310743808746,0.3330000042915344,0.38040000200271606
YOL122C,YJR118C,0,-4.747996,0.08047366142272949,0.3330000042915344,0.3804999887943268
YHR215W,YER167W,0,-4.748032,0.08045421540737152,0.3330000042915344,0.3806000053882599
YGR195W,YMR046C,0,-4.748074,0.08043478429317474,0.3330000042915344,0.3806999921798706
YKL173W,YJL162C,0,-4.7483587,0.08041536062955856,0.3330000042915344,0.3808000087738037
YER179W,YJL146W,0,-4.7484164,0.08039594441652298,0.3330000042915344,0.38089999556541443
YLR136C,YOL009C,0,-4.7487197,0.080376535654068,0.3330000042915344,0.38100001215934753
YCR010C,YIL159W,0,-4.7492633,0.0803571417927742,0.3330000042915344,0.38109999895095825
YML060W,YCR071C,0,-4.750551,0.080337755382061,0.3330000042915344,0.38119998574256897
YGL101W,YNL015W,0,-4.750567,0.0803183764219284,0.3330000042915344,0.3813000023365021
YDR252W,YPL096W,0,-4.7507415,0.080299012362957,0.3330000042915344,0.3813999891281128
YOR273C,YPL015C,0,-4.75095,0.08027965575456619,0.3330000042915344,0.3815000057220459
YLL006W,YNL313C,0,-4.751178,0.08026030659675598,0.3330000042915344,0.3815999925136566
YOR251C,YER067W,0,-4.75137,0.08024096488952637,0.3330000042915344,0.3817000091075897
YGL055W,YPL263C,0,-4.7514853,0.08022163063287735,0.3330000042915344,0.38179999589920044
YJR063W,YDL003W,0,-4.7516317,0.08020231127738953,0.3330000042915344,0.38190001249313354
YOR006C,YBR162C,0,-4.752086,0.0801829993724823,0.3330000042915344,0.38199999928474426
YGR044C,YFR019W,1,-4.752187,0.08040443062782288,0.33399999141693115,0.38199999928474426
YIL079C,YER046W,0,-4.7522306,0.08038508147001266,0.33399999141693115,0.382099986076355
YLR262C,YOR222W,0,-4.7526145,0.08036573976278305,0.33399999141693115,0.3822000026702881
YNL172W,YLR096W,0,-4.7526274,0.08034640550613403,0.33399999141693115,0.3822999894618988
YLR333C,YAR002W,0,-4.752864,0.08032707870006561,0.33399999141693115,0.3824000060558319
YMR318C,YOR027W,0,-4.752993,0.08030776679515839,0.33399999141693115,0.3824999928474426
YML100W,YDL178W,0,-4.753059,0.08028846234083176,0.33399999141693115,0.38260000944137573
YPR120C,YMR133W,0,-4.753238,0.08026916533708572,0.33399999141693115,0.38269999623298645
YPR148C,YLR271W,0,-4.753551,0.08024988323450089,0.33399999141693115,0.38280001282691956
YGR088W,YHR190W,0,-4.754007,0.08023060113191605,0.33399999141693115,0.3828999996185303
YMR025W,YFL030W,0,-4.7542243,0.0802113339304924,0.33399999141693115,0.382999986410141
YLR131C,YGR044C,1,-4.754352,0.08043217658996582,0.33500000834465027,0.382999986410141
YGL077C,YGR099W,0,-4.7545533,0.0804128646850586,0.33500000834465027,0.3831000030040741
YIL080W,YGR049W,0,-4.754598,0.08039356768131256,0.33500000834465027,0.3831999897956848
YOR038C,YOR178C,1,-4.7550807,0.08061420172452927,0.335999995470047,0.3831999897956848
YDR501W,YOR194C,1,-4.7553177,0.08083473145961761,0.3370000123977661,0.3831999897956848
YOR384W,YDR275W,0,-4.7553434,0.08081534504890442,0.3370000123977661,0.3833000063896179
YAL043C,YHR058C,1,-4.7555723,0.08103572577238083,0.33799999952316284,0.3833000063896179
YEL043W,YHR039C,0,-4.7560134,0.08101630210876465,0.33799999952316284,0.38339999318122864
YDR404C,YDL005C,1,-4.756553,0.08123651891946793,0.33899998664855957,0.38339999318122864
YPL066W,YNR004W,0,-4.7568974,0.08121705800294876,0.33899998664855957,0.38350000977516174
YLR450W,YNL187W,0,-4.7574244,0.08119760453701019,0.33899998664855957,0.38359999656677246
YGL091C,YOR124C,0,-4.7575593,0.08117815852165222,0.33899998664855957,0.38370001316070557
YCR047C,YIL069C,0,-4.757909,0.08115872740745544,0.33899998664855957,0.3837999999523163
YDR517W,YLR087C,0,-4.758362,0.08113930374383926,0.33899998664855957,0.383899986743927
YIR017C,YOR162C,1,-4.758405,0.08135917782783508,0.3400000035762787,0.383899986743927
YLL041C,YDL188C,0,-4.7584186,0.08133970946073532,0.3400000035762787,0.3840000033378601
YDR540C,YDR104C,0,-4.7585917,0.08132025599479675,0.3400000035762787,0.3840999901294708
YDR131C,YFL044C,0,-4.7586236,0.08130080997943878,0.3400000035762787,0.38420000672340393
YOL067C,YCR065W,1,-4.758646,0.0815204381942749,0.3409999907016754,0.38420000672340393
YDR121W,YPR137W,0,-4.7586875,0.08150095492601395,0.3409999907016754,0.38429999351501465
YGL186C,YIL130W,0,-4.7588844,0.08148147910833359,0.3409999907016754,0.38440001010894775
YPL097W,YLR291C,0,-4.7593694,0.08146201819181442,0.3409999907016754,0.38449999690055847
YLR141W,YLR304C,0,-4.7594686,0.08144255727529526,0.3409999907016754,0.3846000134944916
YNL128W,YOR195W,0,-4.7594934,0.08142311125993729,0.3409999907016754,0.3847000002861023
YGL066W,YBL097W,0,-4.7596903,0.08140367269515991,0.3409999907016754,0.384799987077713
YPL166W,YMR186W,0,-4.759694,0.08138424903154373,0.3409999907016754,0.3849000036716461
YIL125W,YMR294W,0,-4.759924,0.08136483281850815,0.3409999907016754,0.38499999046325684
YDL247W,YDL217C,0,-4.7600694,0.08134541660547256,0.3409999907016754,0.38510000705718994
YGL259W,YJR093C,0,-4.760695,0.08132602274417877,0.3409999907016754,0.38519999384880066
YOL062C,YLR448W,0,-4.7608643,0.08130662888288498,0.3409999907016754,0.38530001044273376
YPL011C,YGL096W,1,-4.7611785,0.08152562379837036,0.34200000762939453,0.38530001044273376
YIL069C,YBR281C,0,-4.7611814,0.08150619268417358,0.34200000762939453,0.3853999972343445
YPR104C,YOR298C-A,1,-4.761189,0.08172503858804703,0.34299999475479126,0.3853999972343445
YOL101C,YNL092W,0,-4.76147,0.08170557767152786,0.34299999475479126,0.3855000138282776
YJR068W,YPR119W,0,-4.7615848,0.0816861167550087,0.34299999475479126,0.3856000006198883
YMR013C,YJL033W,0,-4.7616863,0.08166666328907013,0.34299999475479126,0.385699987411499
YCR036W,YNL217W,0,-4.7618256,0.08164722472429276,0.34299999475479126,0.38580000400543213
YDR275W,YLL058W,0,-4.7621245,0.08162779361009598,0.34299999475479126,0.38589999079704285
YBR245C,YDR035W,0,-4.7626877,0.0816083773970604,0.34299999475479126,0.38600000739097595
YGL017W,YLL056C,0,-4.7628894,0.08158896118402481,0.34299999475479126,0.38609999418258667
YER038C,YIL142W,0,-4.7632766,0.08156955987215042,0.34299999475479126,0.3862000107765198
YDR234W,YHR142W,0,-4.763638,0.08155016601085663,0.34299999475479126,0.3862999975681305
YLR215C,YKL130C,0,-4.7642493,0.08153077960014343,0.34299999475479126,0.3864000141620636
YDR142C,YNL093W,0,-4.7643595,0.08151140809059143,0.34299999475479126,0.3865000009536743
YCR086W,YJR076C,0,-4.764888,0.08149204403162003,0.34299999475479126,0.38659998774528503
YPL113C,YJL126W,0,-4.765279,0.08147268742322922,0.34299999475479126,0.38670000433921814
YGR057C,YHR001W-A,0,-4.7653584,0.081453338265419,0.34299999475479126,0.38679999113082886
YMR319C,YOL081W,0,-4.765393,0.08143399655818939,0.34299999475479126,0.38690000772476196
YPL046C,YFR019W,1,-4.7655234,0.08165203034877777,0.3440000116825104,0.38690000772476196
YIL134W,YBR108W,0,-4.7656827,0.08163265138864517,0.3440000116825104,0.3869999945163727
YHR061C,YPL151C,0,-4.766948,0.08161328732967377,0.3440000116825104,0.3871000111103058
YDL126C,YMR283C,0,-4.767088,0.08159393072128296,0.3440000116825104,0.3871999979019165
YDL190C,YPL283C,0,-4.7672224,0.08157458156347275,0.3440000116825104,0.3873000144958496
YGR076C,YMR208W,0,-4.7672744,0.08155523985624313,0.3440000116825104,0.3874000012874603
YBR293W,YDL070W,0,-4.7679706,0.08153590559959412,0.3440000116825104,0.38749998807907104
YDR216W,YNL139C,1,-4.7684274,0.08175355195999146,0.3449999988079071,0.38749998807907104
YML040W,YKR092C,0,-4.7685413,0.08173418790102005,0.3449999988079071,0.38760000467300415
YDR208W,YDR362C,0,-4.768659,0.08171482384204865,0.3449999988079071,0.38769999146461487
YIL148W,YLR262C-A,0,-4.7689486,0.08169547468423843,0.3449999988079071,0.387800008058548
YLR087C,YIL116W,0,-4.7690616,0.08167613297700882,0.3449999988079071,0.3878999948501587
YGR169C,YML078W,0,-4.769258,0.0816568061709404,0.3449999988079071,0.3880000114440918
YOR269W,YKR094C,0,-4.7695966,0.08163747936487198,0.3449999988079071,0.3880999982357025
YOR321W,YGL026C,0,-4.769627,0.08161816745996475,0.3449999988079071,0.3882000148296356
YBR253W,YAL032C,1,-4.7699475,0.08183538168668747,0.34599998593330383,0.3882000148296356
YLR172C,YKL023W,0,-4.769996,0.08181603252887726,0.34599998593330383,0.38830000162124634
YPL051W,YNL132W,0,-4.770118,0.08179669082164764,0.34599998593330383,0.38839998841285706
YLR414C,YKL180W,0,-4.770393,0.08177735656499863,0.34599998593330383,0.38850000500679016
YMR211W,YBR261C,0,-4.770402,0.0817580372095108,0.34599998593330383,0.3885999917984009
YOR369C,YGR038W,0,-4.770538,0.08173871785402298,0.34599998593330383,0.388700008392334
YJL047C,YNL217W,0,-4.770592,0.08171941339969635,0.34599998593330383,0.3887999951839447
YGL010W,YBR142W,0,-4.770594,0.08170011639595032,0.34599998593330383,0.3889000117778778
YPL093W,YLR015W,0,-4.7707057,0.08168083429336548,0.34599998593330383,0.3889999985694885
YLL035W,YER168C,0,-4.771484,0.08166155219078064,0.34599998593330383,0.38909998536109924
YNL072W,YFR011C,0,-4.7716856,0.081642284989357,0.34599998593330383,0.38920000195503235
YCL056C,YCR018C,0,-4.7718124,0.08162302523851395,0.34599998593330383,0.38929998874664307
YMR284W,YPL074W,0,-4.7718253,0.0816037729382515,0.34599998593330383,0.38940000534057617
YPL014W,YOR129C,0,-4.772138,0.08158453553915024,0.34599998593330383,0.3894999921321869
YDR488C,YEL007W,0,-4.772679,0.08156529814004898,0.34599998593330383,0.38960000872612
YOR315W,YOR344C,1,-4.7729716,0.08178175985813141,0.34700000286102295,0.38960000872612
YER162C,YLR381W,0,-4.7732425,0.08176248520612717,0.34700000286102295,0.3896999955177307
YHL044W,YDR075W,0,-4.773253,0.08174322545528412,0.34700000286102295,0.3898000121116638
YGL035C,YDR173C,1,-4.773483,0.08195949345827103,0.3479999899864197,0.3898000121116638
YGL151W,YFL024C,1,-4.7735724,0.08217564970254898,0.3490000069141388,0.3898000121116638
YBL006C,YDL140C,1,-4.773734,0.08239171653985977,0.3499999940395355,0.3898000121116638
YDL115C,YDR138W,1,-4.773796,0.08260767161846161,0.35100001096725464,0.3898000121116638
YDL045C,YDR256C,0,-4.7739167,0.08258823305368423,0.35100001096725464,0.38989999890327454
YDL236W,YNL122C,0,-4.7740393,0.08256880939006805,0.35100001096725464,0.38999998569488525
YJR008W,YOL129W,0,-4.7741466,0.08254938572645187,0.35100001096725464,0.39010000228881836
YGR123C,YBR248C,0,-4.774326,0.08252997696399689,0.35100001096725464,0.3901999890804291
YDR507C,YGR224W,0,-4.7750587,0.0825105756521225,0.35100001096725464,0.3903000056743622
YGL028C,YKL217W,0,-4.7750683,0.0824911892414093,0.35100001096725464,0.3903999924659729
YLR136C,YLR301W,0,-4.775339,0.0824718028306961,0.35100001096725464,0.390500009059906
YKL132C,YHR075C,0,-4.7758455,0.0824524313211441,0.35100001096725464,0.3905999958515167
YHR051W,YMR274C,0,-4.775978,0.0824330672621727,0.35100001096725464,0.39070001244544983
YGL238W,YBL055C,0,-4.775986,0.08241371065378189,0.35100001096725464,0.39079999923706055
YKL020C,YML114C,1,-4.7762136,0.08262910693883896,0.35199999809265137,0.39079999923706055
YGL013C,YBR049C,1,-4.776413,0.08284440636634827,0.3529999852180481,0.39079999923706055
YML027W,YDR301W,1,-4.7767262,0.08305959403514862,0.3540000021457672,0.39079999923706055
YIR041W,YPL155C,0,-4.7768464,0.08304011076688766,0.3540000021457672,0.39089998602867126
YEL043W,YML031W,0,-4.7768626,0.0830206349492073,0.3540000021457672,0.39100000262260437
YHL048W,YIL132C,0,-4.7770047,0.08300117403268814,0.3540000021457672,0.3910999894142151
YPL140C,YML079W,0,-4.7772355,0.08298171311616898,0.3540000021457672,0.3912000060081482
YDR205W,YPR159W,0,-4.777823,0.082962267100811,0.3540000021457672,0.3912999927997589
YGR244C,YGL143C,0,-4.778292,0.08294282853603363,0.3540000021457672,0.391400009393692
YBL031W,YNR038W,0,-4.7783237,0.08292340487241745,0.3540000021457672,0.39149999618530273
YLR016C,YMR266W,0,-4.778605,0.08290398120880127,0.3540000021457672,0.39160001277923584
YMR311C,YDR273W,0,-4.7786965,0.08288457244634628,0.3540000021457672,0.39169999957084656
YLR459W,YMR051C,0,-4.778881,0.0828651711344719,0.3540000021457672,0.3917999863624573
YCL027W,YDR007W,0,-4.7789893,0.0828457772731781,0.3540000021457672,0.3919000029563904
YML049C,YOR348C,0,-4.7790656,0.0828263908624649,0.3540000021457672,0.3919999897480011
YDR019C,YMR204C,0,-4.7802596,0.0828070193529129,0.3540000021457672,0.3921000063419342
YLR179C,YMR303C,0,-4.78062,0.0827876552939415,0.3540000021457672,0.3921999931335449
YLL001W,YIL037C,0,-4.7811046,0.08276829868555069,0.3540000021457672,0.392300009727478
YMR217W,YEL047C,0,-4.7812905,0.08274894952774048,0.3540000021457672,0.39239999651908875
YOR038C,YPR034W,1,-4.7812953,0.08296331018209457,0.35499998927116394,0.39239999651908875
YBR040W,YNL298W,0,-4.781822,0.08294392377138138,0.35499998927116394,0.39250001311302185
YDR118W,YPL022W,0,-4.7821083,0.08292455226182938,0.35499998927116394,0.39259999990463257
YIL056W,YKR062W,1,-4.78246,0.08313871920108795,0.35600000619888306,0.39259999990463257
YDL108W,YDR527W,1,-4.782518,0.08335278928279877,0.3569999933242798,0.39259999990463257
YNL073W,YMR156C,0,-4.7825837,0.0833333358168602,0.3569999933242798,0.3926999866962433
YIL005W,YDR204W,0,-4.782618,0.08331388235092163,0.3569999933242798,0.3928000032901764
YGR197C,YBR287W,0,-4.782632,0.08329444378614426,0.3569999933242798,0.3928999900817871
YKR091W,YDL244W,0,-4.7828307,0.08327502012252808,0.3569999933242798,0.3930000066757202
YKL193C,YGR071C,0,-4.7829847,0.0832555964589119,0.3569999933242798,0.39309999346733093
YLR054C,YNL217W,0,-4.78299,0.08323618769645691,0.3569999933242798,0.39320001006126404
YAL025C,YGR192C,0,-4.783066,0.08321678638458252,0.3569999933242798,0.39329999685287476
YEL043W,YDR494W,0,-4.7832994,0.08319739252328873,0.3569999933242798,0.39340001344680786
YGR268C,YMR291W,0,-4.783548,0.08317800611257553,0.3569999933242798,0.3935000002384186
YOR363C,YKL071W,0,-4.7835894,0.08315862715244293,0.3569999933242798,0.3935999870300293
YDL085W,YDL045C,0,-4.7836957,0.08313926309347153,0.3569999933242798,0.3937000036239624
YIL143C,YER068W,1,-4.7838883,0.08335273712873459,0.3580000102519989,0.3937000036239624
YLR084C,YML097C,0,-4.784091,0.0833333358168602,0.3580000102519989,0.3937999904155731
YML019W,YBL097W,0,-4.7841687,0.0833139419555664,0.3580000102519989,0.3939000070095062
YJL025W,YDL001W,0,-4.7844834,0.08329455554485321,0.3580000102519989,0.39399999380111694
YER134C,YOL061W,0,-4.784572,0.08327517658472061,0.3580000102519989,0.39410001039505005
YLR426W,YCR024C,0,-4.784805,0.0832558125257492,0.3580000102519989,0.39419999718666077
YGL254W,YIL122W,1,-4.7848277,0.083468958735466,0.35899999737739563,0.39419999718666077
YJR069C,YJR133W,0,-4.7849073,0.08344955742359161,0.35899999737739563,0.39430001378059387
YGR014W,YMR051C,0,-4.784946,0.08343016356229782,0.35899999737739563,0.3944000005722046
YHL036W,YBR296C,0,-4.784979,0.08341077715158463,0.35899999737739563,0.3944999873638153
YOR190W,YLR315W,0,-4.785854,0.08339140564203262,0.35899999737739563,0.3946000039577484
YMR205C,YIL009W,0,-4.786694,0.08337204158306122,0.35899999737739563,0.39469999074935913
YDL128W,YLR072W,0,-4.787003,0.08335268497467041,0.35899999737739563,0.39480000734329224
YNL001W,YCR043C,0,-4.7873864,0.0833333358168602,0.35899999737739563,0.39489999413490295
YDL246C,YDL113C,0,-4.787854,0.08331399410963058,0.35899999737739563,0.39500001072883606
YKL197C,YHR155W,0,-4.788073,0.08329465985298157,0.35899999737739563,0.3950999975204468
YFR027W,YAL051W,0,-4.7884135,0.08327534049749374,0.35899999737739563,0.3952000141143799
YOR295W,YPR178W,0,-4.7884145,0.08325602859258652,0.35899999737739563,0.3953000009059906
YPR025C,YMR091C,1,-4.7884216,0.08346858620643616,0.36000001430511475,0.3953000009059906
YDR266C,YJR118C,0,-4.7885537,0.08344923704862595,0.36000001430511475,0.3953999876976013
YBR185C,YJL053W,0,-4.7886066,0.08342989534139633,0.36000001430511475,0.3955000042915344
YKL156W,YPL200W,0,-4.788631,0.08341056853532791,0.36000001430511475,0.39559999108314514
YGL150C,YOR178C,1,-4.7886934,0.08362288773059845,0.3610000014305115,0.39559999108314514
YOL116W,YEL043W,0,-4.788832,0.08360352367162704,0.3610000014305115,0.39570000767707825
YLR146C,YHL015W,0,-4.7891927,0.08358415961265564,0.3610000014305115,0.39579999446868896
YPR145W,YBR105C,0,-4.7892375,0.08356481790542603,0.3610000014305115,0.39590001106262207
YDR313C,YDR128W,0,-4.7892947,0.08354547619819641,0.3610000014305115,0.3959999978542328
YHR182W,YDL110C,0,-4.7896705,0.0835261419415474,0.3610000014305115,0.3961000144481659
YBL027W,YDR179C,0,-4.78992,0.08350682258605957,0.3610000014305115,0.3962000012397766
YDL208W,YOR106W,0,-4.7902293,0.08348751068115234,0.3610000014305115,0.39629998803138733
YIL056W,YGL151W,1,-4.790236,0.08369942009449005,0.3619999885559082,0.39629998803138733
YHR108W,YHL033C,0,-4.7905474,0.08368007093667984,0.3619999885559082,0.39640000462532043
YOL132W,YPL108W,0,-4.79081,0.08366073668003082,0.3619999885559082,0.39649999141693115
YGL025C,YDR138W,1,-4.7909746,0.08387245982885361,0.3630000054836273,0.39649999141693115
YGL227W,YBR272C,0,-4.790995,0.08385308086872101,0.3630000054836273,0.39660000801086426
YDR115W,YIL095W,0,-4.7911973,0.0838337168097496,0.3630000054836273,0.396699994802475
YOL081W,YJL200C,0,-4.7912908,0.0838143602013588,0.3630000054836273,0.3968000113964081
YKL165C,YHR155W,0,-4.791694,0.08379501104354858,0.3630000054836273,0.3968999981880188
YER072W,YLR017W,0,-4.7917457,0.08377567678689957,0.3630000054836273,0.3970000147819519
YPL101W,YBR154C,1,-4.792085,0.08398707956075668,0.36399999260902405,0.3970000147819519
YDL181W,YOR100C,0,-4.7927227,0.08396770805120468,0.36399999260902405,0.3971000015735626
YIL009C-A,YKL055C,0,-4.792731,0.08394833654165268,0.36399999260902405,0.39719998836517334
YMR313C,YPL155C,0,-4.793387,0.08392897993326187,0.36399999260902405,0.39730000495910645
YBR028C,YGR197C,0,-4.7934036,0.08390963822603226,0.36399999260902405,0.39739999175071716
YOR246C,YHR019C,0,-4.793448,0.08389029651880264,0.36399999260902405,0.39750000834465027
YDR446W,YLL039C,0,-4.793472,0.08387096971273422,0.36399999260902405,0.397599995136261
YPL231W,YLR305C,0,-4.793595,0.0838516503572464,0.36399999260902405,0.3977000117301941
YCL008C,YMR171C,0,-4.793691,0.08383233845233917,0.36399999260902405,0.3977999985218048
YBR049C,YGL246C,1,-4.7937984,0.08404328674077988,0.36500000953674316,0.3977999985218048
YPR040W,YJR149W,0,-4.7940593,0.08402393758296967,0.36500000953674316,0.3978999853134155
YPL186C,YBR296C,0,-4.794067,0.08400460332632065,0.36500000953674316,0.39800000190734863
YPL166W,YER079W,0,-4.7941523,0.08398527652025223,0.36500000953674316,0.39809998869895935
YGR170W,YGR237C,0,-4.7942996,0.0839659571647644,0.36500000953674316,0.39820000529289246
YNL072W,YER087W,0,-4.794629,0.08394664525985718,0.36500000953674316,0.3982999920845032
YBL071W-A,YBR025C,0,-4.794698,0.08392734080553055,0.36500000953674316,0.3984000086784363
YIL125W,YNL272C,0,-4.7954893,0.08390804380178452,0.36500000953674316,0.398499995470047
YNL300W,YGR038W,0,-4.7956834,0.08388876169919968,0.36500000953674316,0.3986000120639801
YOR352W,YOR291W,0,-4.795845,0.08386948704719543,0.36500000953674316,0.3986999988555908
YPL021W,YCR003W,0,-4.796067,0.08385021984577179,0.36500000953674316,0.39879998564720154
YKR043C,YOR391C,0,-4.796187,0.08383096009492874,0.36500000953674316,0.39890000224113464
YDR488C,YOR298W,0,-4.796188,0.08381170779466629,0.36500000953674316,0.39899998903274536
YPR057W,YDL064W,0,-4.796227,0.08379247039556503,0.36500000953674316,0.39910000562667847
YPL280W,YNL233W,0,-4.796249,0.08377324044704437,0.36500000953674316,0.3991999924182892
YMR065W,YER136W,0,-4.7965665,0.08375401794910431,0.36500000953674316,0.3993000090122223
YER122C,YDR180W,0,-4.7966075,0.08373480290174484,0.36500000953674316,0.399399995803833
YJR077C,YML104C,0,-4.7968364,0.08371559530496597,0.36500000953674316,0.3995000123977661
YDR137W,YNL311C,0,-4.7969384,0.0836964026093483,0.36500000953674316,0.39959999918937683
YPL050C,YNL197C,0,-4.7970896,0.08367720991373062,0.36500000953674316,0.39969998598098755
YOL129W,YKL048C,0,-4.797339,0.08365803211927414,0.36500000953674316,0.39980000257492065
YGR257C,YGR140W,0,-4.797549,0.08363886177539825,0.36500000953674316,0.39989998936653137
YEL071W,YFL059W,0,-4.7977757,0.08361969888210297,0.36500000953674316,0.4000000059604645
YNL047C,YDL212W,0,-4.7978597,0.08360055088996887,0.36500000953674316,0.4000999927520752
YML068W,YDR492W,0,-4.798068,0.08358140289783478,0.36500000953674316,0.4002000093460083
YBR193C,YGL151W,1,-4.7981343,0.08379121124744415,0.3659999966621399,0.4002000093460083
YKL093W,YLR360W,0,-4.7982183,0.08377203345298767,0.3659999966621399,0.400299996137619
YDR385W,YMR246W,0,-4.798265,0.08375286310911179,0.3659999966621399,0.4004000127315521
YOL064C,YOL041C,0,-4.7984138,0.0837337002158165,0.3659999966621399,0.40049999952316284
YNL155W,YLR213C,0,-4.7987595,0.0837145447731018,0.3659999966621399,0.40059998631477356
YLR393W,YDR379W,0,-4.799058,0.08369540423154831,0.3659999966621399,0.40070000290870667
YBR193C,YOL028C,1,-4.7990704,0.08390489220619202,0.367000013589859,0.40070000290870667
YPR191W,YJR035W,0,-4.7993703,0.08388571441173553,0.367000013589859,0.4007999897003174
YJR151C,YLR174W,0,-4.7998495,0.08386654406785965,0.367000013589859,0.4009000062942505
YBL014C,YDL003W,0,-4.799871,0.08384738117456436,0.367000013589859,0.4009999930858612
YLL057C,YOL017W,0,-4.7999105,0.08382823318243027,0.367000013589859,0.4011000096797943
YJL044C,YDR273W,0,-4.8004155,0.08380908519029617,0.367000013589859,0.40119999647140503
YHR062C,YDR275W,0,-4.8004436,0.08378995209932327,0.367000013589859,0.40130001306533813
YGL067W,YMR160W,0,-4.8004937,0.08377082645893097,0.367000013589859,0.40139999985694885
YGL195W,YKL055C,0,-4.8006644,0.08375170826911926,0.367000013589859,0.40149998664855957
YGL184C,YLR174W,0,-4.8007054,0.08373260498046875,0.367000013589859,0.4016000032424927
YHR079C,YDL122W,0,-4.8007517,0.08371350169181824,0.367000013589859,0.4016999900341034
YLR387C,YHR102W,0,-4.80129,0.08369441330432892,0.367000013589859,0.4018000066280365
YDL007W,YMR077C,0,-4.801426,0.0836753323674202,0.367000013589859,0.4018999934196472
YNL318C,YBR030W,0,-4.8015456,0.08365625888109207,0.367000013589859,0.4020000100135803
YDL227C,YEL026W,0,-4.8015924,0.08363719284534454,0.367000013589859,0.40209999680519104
YPL011C,YDR460W,1,-4.802023,0.08384598046541214,0.36800000071525574,0.40209999680519104
YHR051W,YDL079C,0,-4.8023024,0.08382687717676163,0.36800000071525574,0.40220001339912415
YAL008W,YLR286C,0,-4.8024487,0.08380778878927231,0.36800000071525574,0.40230000019073486
YEL055C,YDR035W,0,-4.80269,0.08378870785236359,0.36800000071525574,0.4023999869823456
YGR116W,YKR099W,1,-4.8030524,0.08399727195501328,0.36899998784065247,0.4023999869823456
YOR206W,YML053C,0,-4.803522,0.08397815376520157,0.36899998784065247,0.4025000035762787
YGR113W,YML117W,0,-4.803621,0.08395904302597046,0.36899998784065247,0.4025999903678894
YJL058C,YNL238W,0,-4.8040833,0.08393994718790054,0.36899998784065247,0.4027000069618225
YBR083W,YKL062W,1,-4.804559,0.08414828032255173,0.3700000047683716,0.4027000069618225
YLR288C,YOR142W,0,-4.8045635,0.08412914723157883,0.3700000047683716,0.4027999937534332
YPL183W-A,YGL147C,0,-4.804594,0.08411002159118652,0.3700000047683716,0.40290001034736633
YDR369C,YDR207C,0,-4.8046355,0.08409091085195541,0.3700000047683716,0.40299999713897705
YML045W,YMR022W,0,-4.804912,0.0840718001127243,0.3700000047683716,0.40310001373291016
YDR043C,YCL055W,1,-4.8050494,0.0842798724770546,0.3709999918937683,0.40310001373291016
YER040W,YIL021W,1,-4.8052163,0.08448784798383713,0.3720000088214874,0.40310001373291016
YGR044C,YOR344C,1,-4.805262,0.0846957340836525,0.37299999594688416,0.40310001373291016
YNL072W,YER179W,0,-4.8054643,0.08467650413513184,0.37299999594688416,0.4032000005245209
YOL094C,YAL034W-A,0,-4.805572,0.08465728908777237,0.37299999594688416,0.4032999873161316
YOR279C,YHR010W,0,-4.8060813,0.0846380740404129,0.37299999594688416,0.4034000039100647
YBR278W,YCL052C,0,-4.8065267,0.08461887389421463,0.37299999594688416,0.4034999907016754
YPL155C,YLL042C,0,-4.8066072,0.08459968119859695,0.37299999594688416,0.4036000072956085
YIL073C,YJR036C,0,-4.806868,0.08458049595355988,0.37299999594688416,0.40369999408721924
YLR014C,YNR049C,0,-4.8070207,0.08456132560968399,0.37299999594688416,0.40380001068115234
YLR303W,YOL041C,0,-4.807241,0.0845421552658081,0.37299999594688416,0.40389999747276306
YKR097W,YDR207C,0,-4.8076205,0.08452299982309341,0.37299999594688416,0.40400001406669617
YDR369C,YGR020C,0,-4.807649,0.08450385183095932,0.37299999594688416,0.4041000008583069
YNL190W,YPL146C,0,-4.807697,0.08448471128940582,0.37299999594688416,0.4041999876499176
YDL238C,YNL270C,0,-4.8078756,0.08446557819843292,0.37299999594688416,0.4043000042438507
YIR023W,YDR183W,1,-4.808142,0.08467285335063934,0.37400001287460327,0.4043000042438507
YPL225W,YKL019W,0,-4.8084793,0.08465369045734406,0.37400001287460327,0.4043999910354614
YMR069W,YMR220W,0,-4.808739,0.08463453501462936,0.37400001287460327,0.40450000762939453
YLR130C,YDR339C,0,-4.8088393,0.08461538702249527,0.37400001287460327,0.40459999442100525
YMR139W,YJR158W,0,-4.808863,0.08459624648094177,0.37400001287460327,0.40470001101493835
YDL121C,YOR074C,0,-4.808883,0.08457711338996887,0.37400001287460327,0.4047999978065491
YLR263W,YBL079W,0,-4.808962,0.08455799520015717,0.37400001287460327,0.4049000144004822
YLR245C,YPL223C,0,-4.809075,0.08453887701034546,0.37400001287460327,0.4050000011920929
YKL081W,YBR034C,0,-4.8096952,0.08451977372169495,0.37400001287460327,0.4050999879837036
YGL010W,YFL022C,0,-4.8097796,0.08450067788362503,0.37400001287460327,0.4052000045776367
YJL088W,YLR164W,0,-4.809846,0.08448158949613571,0.37400001287460327,0.40529999136924744
YMR113W,YLL062C,0,-4.809901,0.08446250855922699,0.37400001287460327,0.40540000796318054
YPL210C,YKL027W,0,-4.810332,0.08444344252347946,0.37400001287460327,0.40549999475479126
YOR064C,YKL010C,0,-4.810381,0.08442437648773193,0.37400001287460327,0.40560001134872437
YMR105C,YDR359C,0,-4.8106866,0.0844053253531456,0.37400001287460327,0.4056999981403351
YHR150W,YBR250W,0,-4.810765,0.08438628166913986,0.37400001287460327,0.4058000147342682
YPL244C,YDL191W,0,-4.810866,0.08436724543571472,0.37400001287460327,0.4059000015258789
YPR098C,YPL083C,0,-4.811049,0.08434821665287018,0.37400001287460327,0.4059999883174896
YGL257C,YDR297W,0,-4.81144,0.08432920277118683,0.37400001287460327,0.40610000491142273
YNL094W,YIR041W,0,-4.8115153,0.08431018888950348,0.37400001287460327,0.40619999170303345
YIL087C,YLL054C,0,-4.811561,0.08429118990898132,0.37400001287460327,0.40630000829696655
YLR318W,YDR434W,0,-4.8117013,0.08427219837903976,0.37400001287460327,0.40639999508857727
YDR522C,YIR026C,0,-4.811792,0.0842532068490982,0.37400001287460327,0.4065000116825104
YLR273C,YGL100W,0,-4.8123507,0.08423423767089844,0.37400001287460327,0.4065999984741211
YJR073C,YLL056C,0,-4.812432,0.08421526849269867,0.37400001287460327,0.4066999852657318
YLR364W,YER141W,0,-4.812493,0.0841963067650795,0.37400001287460327,0.4068000018596649
YDR028C,YAL013W,1,-4.8126197,0.0844024270772934,0.375,0.4068000018596649
YJR064W,YDL105W,0,-4.8128786,0.08438343554735184,0.375,0.40689998865127563
YGL259W,YOR292C,0,-4.813153,0.08436445146799088,0.375,0.40700000524520874
YHR027C,YJR159W,0,-4.8135204,0.08434548228979111,0.375,0.40709999203681946
YIL064W,YKL125W,0,-4.8135266,0.08432651311159134,0.375,0.40720000863075256
YLR090W,YGR034W,0,-4.813887,0.08430755138397217,0.375,0.4072999954223633
YOR107W,YHR102W,0,-4.8159876,0.08428860455751419,0.375,0.4074000120162964
YPR180W,YEL015W,0,-4.8161263,0.08426966518163681,0.375,0.4074999988079071
YBR290W,YMR029C,0,-4.8161488,0.08425073325634003,0.375,0.4075999855995178
YDR197W,YPL200W,0,-4.816403,0.08423180878162384,0.375,0.4077000021934509
YHL025W,YGL060W,0,-4.816485,0.08421289175748825,0.375,0.40779998898506165
YOL156W,YPL096W,0,-4.8169823,0.08419398218393326,0.375,0.40790000557899475
YBR274W,YDR275W,0,-4.817055,0.08417508751153946,0.375,0.40799999237060547
YBR163W,YIL078W,0,-4.817575,0.08415619283914566,0.375,0.4081000089645386
YGR101W,YDR402C,0,-4.8177314,0.08413731306791306,0.375,0.4081999957561493
YMR030W,YGL127C,1,-4.817856,0.08434275537729263,0.37599998712539673,0.4081999957561493
YJR150C,YJL162C,0,-4.818133,0.08432383835315704,0.37599998712539673,0.4083000123500824
YGR094W,YPR121W,0,-4.8181367,0.08430493623018265,0.37599998712539673,0.4083999991416931
YIL099W,YMR301C,0,-4.81815,0.08428603410720825,0.37599998712539673,0.40849998593330383
YHR168W,YMR178W,0,-4.8183904,0.08426714688539505,0.37599998712539673,0.40860000252723694
YIL155C,YKL157W,0,-4.8184967,0.08424826711416245,0.37599998712539673,0.40869998931884766
YNL079C,YLR412W,0,-4.8185577,0.08422938734292984,0.37599998712539673,0.40880000591278076
YGR121C,YGL005C,0,-4.819099,0.08421052992343903,0.37599998712539673,0.4088999927043915
YER133W,YBR240C,1,-4.819337,0.08441558480262756,0.37700000405311584,0.4088999927043915
YHR111W,YPR147C,0,-4.8193445,0.08439669013023376,0.37700000405311584,0.4090000092983246
YDR516C,YDR501W,1,-4.819786,0.08460161089897156,0.3779999911785126,0.4090000092983246
YGR254W,YMR266W,0,-4.819871,0.08458267897367477,0.3779999911785126,0.4090999960899353
YKL109W,YMR054W,0,-4.8204637,0.08456376194953918,0.3779999911785126,0.4092000126838684
YMR104C,YKL027W,0,-4.820481,0.0845448449254036,0.3779999911785126,0.4092999994754791
YPL069C,YER175C,0,-4.8205557,0.0845259428024292,0.3779999911785126,0.40939998626708984
YBR108W,YMR173W,0,-4.8207083,0.0845070406794548,0.3779999911785126,0.40950000286102295
YKL020C,YDR527W,1,-4.820789,0.08471167087554932,0.3790000081062317,0.40950000286102295
YIL140W,YDR097C,0,-4.8208117,0.08469273895025253,0.3790000081062317,0.40959998965263367
YIL005W,YDR252W,0,-4.820997,0.08467381447553635,0.3790000081062317,0.4097000062465668
YMR231W,YKL132C,0,-4.8211145,0.08465490490198135,0.3790000081062317,0.4097999930381775
YGL145W,YFR031C,0,-4.8213553,0.08463599532842636,0.3790000081062317,0.4099000096321106
YDR224C,YDR363W-A,0,-4.8214984,0.08461710065603256,0.3790000081062317,0.4099999964237213
YKL054C,YNL078W,0,-4.8217816,0.08459821343421936,0.3790000081062317,0.4101000130176544
YNL247W,YFL044C,0,-4.8218436,0.08457933366298676,0.3790000081062317,0.41019999980926514
YNR059W,YBL004W,0,-4.8218627,0.08456046134233475,0.3790000081062317,0.41029998660087585
YFL023W,YLR045C,0,-4.822107,0.08454160392284393,0.3790000081062317,0.41040000319480896
YPL183W-A,YLR061W,0,-4.8221197,0.08452274650335312,0.3790000081062317,0.4104999899864197
YLL028W,YLR037C,0,-4.822124,0.0845039039850235,0.3790000081062317,0.4106000065803528
YIL132C,YBR210W,0,-4.8230233,0.08448506146669388,0.3790000081062317,0.4106999933719635
YHR098C,YHR181W,0,-4.8233914,0.08446623384952545,0.3790000081062317,0.4108000099658966
YDR143C,YIR008C,0,-4.8234534,0.08444741368293762,0.3790000081062317,0.4108999967575073
YOR249C,YNL155W,0,-4.82347,0.08442860096693039,0.3790000081062317,0.41100001335144043
YHR053C,YJR130C,0,-4.823536,0.08440980315208435,0.3790000081062317,0.41110000014305115
YKL088W,YDR214W,0,-4.823542,0.08439100533723831,0.3790000081062317,0.41119998693466187
YOR304W,YPL254W,1,-4.8236575,0.08459483832120895,0.3799999952316284,0.41119998693466187
YDR228C,YOR224C,1,-4.8238325,0.08479857444763184,0.38100001215934753,0.41119998693466187
YDL209C,YKR092C,0,-4.8242216,0.08477970957756042,0.38100001215934753,0.41130000352859497
YIL119C,YDR027C,0,-4.824417,0.08476084470748901,0.38100001215934753,0.4113999903202057
YHR028C,YML058W-A,0,-4.8246045,0.0847419947385788,0.38100001215934753,0.4115000069141388
YNL010W,YOR002W,0,-4.8246675,0.08472315222024918,0.38100001215934753,0.4115999937057495
YNL026W,YOR112W,0,-4.824695,0.08470430970191956,0.38100001215934753,0.4117000102996826
YDR161W,YNR055C,0,-4.824702,0.08468548208475113,0.38100001215934753,0.41179999709129333
YNL052W,YGR058W,0,-4.824739,0.0846666693687439,0.38100001215934753,0.41190001368522644
YML082W,YGR100W,0,-4.8247657,0.08464785665273666,0.38100001215934753,0.41200000047683716
YGL157W,YER005W,0,-4.8248396,0.08462905138731003,0.38100001215934753,0.4120999872684479
YGL064C,YGL181W,0,-4.824932,0.08461026102304459,0.38100001215934753,0.412200003862381
YJL035C,YKL196C,0,-4.824974,0.08459147065877914,0.38100001215934753,0.4122999906539917
YKR031C,YDL142C,0,-4.825685,0.0845726951956749,0.38100001215934753,0.4124000072479248
YFR031C,YPL115C,0,-4.8256917,0.08455392718315125,0.38100001215934753,0.4124999940395355
YNL314W,YHR084W,1,-4.826263,0.08475704491138458,0.38199999928474426,0.4124999940395355
YMR038C,YAR010C,0,-4.8262944,0.08473823964595795,0.38199999928474426,0.41260001063346863
YHR165C,YPR164W,0,-4.826399,0.0847194492816925,0.38199999928474426,0.41269999742507935
YCL066W,YNL139C,1,-4.826558,0.08492239564657211,0.382999986410141,0.41269999742507935
YFL056C,YDR204W,0,-4.8265724,0.08490356802940369,0.382999986410141,0.41280001401901245
YDR216W,YGL013C,1,-4.826836,0.08510638028383255,0.3840000033378601,0.41280001401901245
YCR032W,YGR061C,0,-4.8271246,0.08508752286434174,0.3840000033378601,0.41290000081062317
YNL194C,YJL109C,0,-4.827422,0.08506867289543152,0.3840000033378601,0.4129999876022339
YDR449C,YPR106W,0,-4.827699,0.0850498303771019,0.3840000033378601,0.413100004196167
YDR026C,YDR306C,0,-4.8277116,0.08503100275993347,0.3840000033378601,0.4131999909877777
YMR079W,YER078C,0,-4.82824,0.08501217514276505,0.3840000033378601,0.4133000075817108
YDL113C,YNL294C,0,-4.82834,0.08499336242675781,0.3840000033378601,0.41339999437332153
YMR238W,YDR206W,0,-4.8287187,0.08497454971075058,0.3840000033378601,0.41350001096725464
YGL133W,YBR279W,1,-4.8288937,0.0851769894361496,0.38499999046325684,0.41350001096725464
YMR271C,YHL019C,0,-4.829344,0.08515815436840057,0.38499999046325684,0.41359999775886536
YDR062W,YBL067C,0,-4.8294454,0.08513931930065155,0.38499999046325684,0.41370001435279846
YKR002W,YNL327W,0,-4.829618,0.08512049168348312,0.38499999046325684,0.4138000011444092
YOR369C,YHR163W,0,-4.8299575,0.08510167896747589,0.38499999046325684,0.4138999879360199
YLR386W,YOR143C,0,-4.8302045,0.08508287370204926,0.38499999046325684,0.414000004529953
YDR043C,YCR020W-B,1,-4.830235,0.08528502285480499,0.38600000739097595,0.414000004529953
YGR125W,YOR287C,0,-4.830964,0.08526618033647537,0.38600000739097595,0.4140999913215637
YCR026C,YPL249C-A,0,-4.8309894,0.08524735271930695,0.38600000739097595,0.4142000079154968
YMR257C,YJL210W,0,-4.831221,0.08522852510213852,0.38600000739097595,0.41429999470710754
YLR071C,YLR113W,1,-4.831249,0.08543046563863754,0.3869999945163727,0.41429999470710754
YER123W,YDR054C,0,-4.831899,0.08541160821914673,0.3869999945163727,0.41440001130104065
YNL309W,YNL318C,0,-4.8325,0.08539276570081711,0.3869999945163727,0.41449999809265137
YBR185C,YLR320W,0,-4.832641,0.08537392318248749,0.3869999945163727,0.4146000146865845
YJR158W,YKL057C,0,-4.832707,0.08535509556531906,0.3869999945163727,0.4147000014781952
YGR042W,YGL221C,0,-4.8327875,0.08533627539873123,0.3869999945163727,0.4147999882698059
YBR095C,YDL115C,1,-4.8328757,0.08553791791200638,0.3880000114440918,0.4147999882698059
YML055W,YIL093C,0,-4.832903,0.08551906794309616,0.3880000114440918,0.414900004863739
YCR088W,YLR314C,0,-4.833202,0.08550021797418594,0.3880000114440918,0.41499999165534973
YPR188C,YLR314C,0,-4.8333697,0.08548138290643692,0.3880000114440918,0.41510000824928284
YER016W,YNL328C,0,-4.833621,0.0854625552892685,0.3880000114440918,0.41519999504089355
YGL059W,YGR206W,0,-4.8337445,0.08544373512268066,0.3880000114440918,0.41530001163482666
YOR207C,YBR043C,0,-4.8340154,0.08542492240667343,0.3880000114440918,0.4153999984264374
YIL036W,YML015C,1,-4.834303,0.08562623709440231,0.3889999985694885,0.4153999984264374
YEL054C,YNL124W,0,-4.8343835,0.08560739457607269,0.3889999985694885,0.4154999852180481
YGL048C,YDL040C,0,-4.8345213,0.08558855950832367,0.3889999985694885,0.4156000018119812
YOR190W,YOR017W,0,-4.834563,0.08556973189115524,0.3889999985694885,0.4156999886035919
YKL085W,YJR034W,0,-4.8346457,0.08555091172456741,0.3889999985694885,0.415800005197525
YML095C,YML118W,0,-4.834683,0.08553209900856018,0.3889999985694885,0.41589999198913574
YJL161W,YOR280C,0,-4.8348813,0.08551330119371414,0.3889999985694885,0.41600000858306885
YLL001W,YPL283C,0,-4.8352685,0.0854945033788681,0.3889999985694885,0.41609999537467957
YJR095W,YOR185C,0,-4.8355126,0.08547572046518326,0.3889999985694885,0.41620001196861267
YGR123C,YCR035C,0,-4.8356767,0.08545694500207901,0.3889999985694885,0.4162999987602234
YER018C,YLR392C,0,-4.8358526,0.08543816953897476,0.3889999985694885,0.4163999855518341
YMR113W,YNR043W,0,-4.8358827,0.08541940897703171,0.3889999985694885,0.4165000021457672
YPL050C,YJR159W,0,-4.8362966,0.08540065586566925,0.3889999985694885,0.41659998893737793
YHR133C,YGR207C,0,-4.836721,0.08538191765546799,0.3889999985694885,0.41670000553131104
YLR305C,YDR422C,0,-4.836869,0.08536317944526672,0.3889999985694885,0.41679999232292175
YGL126W,YLR367W,0,-4.8373384,0.08534444868564606,0.3889999985694885,0.41690000891685486
YPR010C,YPR192W,0,-4.838162,0.08532573282718658,0.3889999985694885,0.4169999957084656
YJR010W,YJL094C,0,-4.838309,0.08530701696872711,0.3889999985694885,0.4171000123023987
YDR404C,YBR083W,1,-4.838413,0.08550756424665451,0.38999998569488525,0.4171000123023987
YOR006C,YNL092W,0,-4.8384213,0.08548881858587265,0.38999998569488525,0.4171999990940094
YJL203W,YLR098C,0,-4.8387957,0.08547008782625198,0.38999998569488525,0.4172999858856201
YAR018C,YFL060C,0,-4.838799,0.08545135706663132,0.38999998569488525,0.4174000024795532
YJR064W,YNL224C,0,-4.8389397,0.08543264120817184,0.38999998569488525,0.41749998927116394
YDL002C,YIL107C,0,-4.839521,0.08541392534971237,0.38999998569488525,0.41760000586509705
YKR043C,YLR153C,0,-4.839535,0.08539522439241409,0.38999998569488525,0.41769999265670776
YHL050C,YGR209C,0,-4.8395495,0.08537653088569641,0.38999998569488525,0.41780000925064087
YBR160W,YNL007C,0,-4.8398957,0.08535784482955933,0.38999998569488525,0.4178999960422516
YML006C,YDR482C,0,-4.840116,0.08533916622400284,0.38999998569488525,0.4180000126361847
YMR083W,YER175C,0,-4.8403945,0.08532050251960754,0.38999998569488525,0.4180999994277954
YBL106C,YBR293W,0,-4.84044,0.08530183881521225,0.38999998569488525,0.41819998621940613
YEL038W,YBR012W-A,0,-4.8407297,0.08528318256139755,0.38999998569488525,0.41830000281333923
YDR514C,YKL129C,0,-4.8414364,0.08526454120874405,0.38999998569488525,0.41839998960494995
YPR051W,YPR083W,0,-4.8414655,0.08524589985609055,0.38999998569488525,0.41850000619888306
YDR452W,YDL113C,0,-4.841802,0.08522727340459824,0.38999998569488525,0.4185999929904938
YOR211C,YBR302C,0,-4.841829,0.08520865440368652,0.38999998569488525,0.4187000095844269
YHR083W,YGR091W,0,-4.8418345,0.08519004285335541,0.38999998569488525,0.4187999963760376
YGR197C,YPR019W,0,-4.8421636,0.08517143130302429,0.38999998569488525,0.4189000129699707
YMR227C,YGL073W,1,-4.842483,0.08537118136882782,0.39100000262260437,0.4189000129699707
YOL055C,YDL157C,0,-4.8427625,0.08535254001617432,0.39100000262260437,0.4189999997615814
YLR008C,YAL034W-A,0,-4.8432884,0.085333913564682,0.39100000262260437,0.41909998655319214
YDR191W,YGL045W,0,-4.843435,0.0853152945637703,0.39100000262260437,0.41920000314712524
YFR001W,YNR056C,0,-4.8435698,0.08529668301343918,0.39100000262260437,0.41929998993873596
YBR223C,YPR140W,0,-4.843707,0.08527807891368866,0.39100000262260437,0.41940000653266907
YKR050W,YPR185W,0,-4.8437743,0.08525948226451874,0.39100000262260437,0.4194999933242798
YGL090W,YML011C,0,-4.8441124,0.08524090051651001,0.39100000262260437,0.4196000099182129
YMR198W,YJL219W,0,-4.8441586,0.08522231876850128,0.39100000262260437,0.4196999967098236
YDR464W,YIR018W,1,-4.8441606,0.08542165905237198,0.3919999897480011,0.4196999967098236
YNR061C,YDR392W,0,-4.8444037,0.08540304750204086,0.3919999897480011,0.4198000133037567
YBR142W,YMR178W,0,-4.8444467,0.08538445085287094,0.3919999897480011,0.41990000009536743
YDR300C,YJR119C,0,-4.8445787,0.08536585420370102,0.3919999897480011,0.41999998688697815
YKL043W,YOR178C,1,-4.844807,0.0855649933218956,0.3930000066757202,0.41999998688697815
YLR380W,YKL027W,0,-4.8448234,0.08554636687040329,0.3930000066757202,0.42010000348091125
YGL155W,YGL020C,0,-4.845021,0.08552774786949158,0.3930000066757202,0.420199990272522
YGR213C,YJL054W,0,-4.845038,0.08550913631916046,0.3930000066757202,0.4203000068664551
YDR320C-A,YDL197C,0,-4.8450437,0.08549053966999054,0.3930000066757202,0.4203999936580658
YGR084C,YOR155C,0,-4.8451333,0.08547194302082062,0.3930000066757202,0.4205000102519989
YKL042W,YLR254C,0,-4.8458014,0.08545336127281189,0.3930000066757202,0.4205999970436096
YBR060C,YDR345C,0,-4.8462725,0.08543477952480316,0.3930000066757202,0.4207000136375427
YGR275W,YDL005C,1,-4.8468585,0.08563356101512909,0.39399999380111694,0.4207000136375427
YOR113W,YDR539W,0,-4.847134,0.08561494946479797,0.39399999380111694,0.42080000042915344
YLR221C,YGR192C,0,-4.847718,0.08559635281562805,0.39399999380111694,0.42089998722076416
YML095C,YNL142W,0,-4.8477855,0.08557775616645813,0.39399999380111694,0.42100000381469727
YHR190W,YDR125C,0,-4.848052,0.0855591744184494,0.39399999380111694,0.421099990606308
YCR039C,YLR055C,1,-4.8483233,0.08575771003961563,0.39500001072883606,0.421099990606308
YDR451C,YPL011C,1,-4.848849,0.0859561562538147,0.3959999978542328,0.421099990606308
YJL059W,YMR117C,0,-4.849226,0.0859375,0.3959999978542328,0.4212000072002411
YKL020C,YOL063C,1,-4.849503,0.08613581955432892,0.3970000147819519,0.4212000072002411
YGR062C,YML081W,0,-4.8500752,0.08611713349819183,0.3970000147819519,0.4212999939918518
YHR026W,YDR105C,0,-4.8507285,0.08609846234321594,0.3970000147819519,0.4214000105857849
YLR147C,YAR018C,0,-4.850854,0.08607979118824005,0.3970000147819519,0.42149999737739563
YIL120W,YDL138W,0,-4.851225,0.08606113493442535,0.3970000147819519,0.42160001397132874
YGR028W,YNR022C,0,-4.8514247,0.08604247868061066,0.3970000147819519,0.42170000076293945
YKR050W,YLL039C,0,-4.8514266,0.08602383732795715,0.3970000147819519,0.42179998755455017
YGR212W,YHR053C,0,-4.8515973,0.08600519597530365,0.3970000147819519,0.4219000041484833
YHR203C,YOR002W,0,-4.8518806,0.08598656952381134,0.3970000147819519,0.421999990940094
YOR130C,YNL164C,0,-4.8518987,0.08596795052289963,0.3970000147819519,0.4221000075340271
YBR058C-A,YNR019W,0,-4.852226,0.08594933897256851,0.3970000147819519,0.4221999943256378
YOL009C,YFR004W,0,-4.85237,0.085930734872818,0.3970000147819519,0.4223000109195709
YMR258C,YJL063C,0,-4.852838,0.08591213822364807,0.3970000147819519,0.42239999771118164
YLR164W,YPR132W,0,-4.852939,0.08589354902505875,0.3970000147819519,0.42250001430511475
YHR178W,YGR225W,0,-4.853172,0.08587497472763062,0.3970000147819519,0.42260000109672546
YAL043C,YER088C,1,-4.853316,0.0860726609826088,0.39800000190734863,0.42260000109672546
YGR287C,YMR174C,0,-4.853377,0.08605405688285828,0.39800000190734863,0.4226999878883362
YOR244W,YGL207W,1,-4.8536496,0.0862516239285469,0.39899998903274536,0.4226999878883362
YNL244C,YIL159W,0,-4.853861,0.0862329825758934,0.39899998903274536,0.4228000044822693
YIL019W,YOR242C,0,-4.854232,0.0862143486738205,0.39899998903274536,0.42289999127388
YER036C,YNL272C,0,-4.854441,0.08619572222232819,0.39899998903274536,0.4230000078678131
YOL044W,YNR034W,0,-4.854508,0.08617710322141647,0.39899998903274536,0.42309999465942383
YGL200C,YGL129C,0,-4.855013,0.08615849912166595,0.39899998903274536,0.42320001125335693
YHR061C,YLL002W,0,-4.8550444,0.08613989502191544,0.39899998903274536,0.42329999804496765
YBR050C,YDR404C,1,-4.855259,0.086337149143219,0.4000000059604645,0.42329999804496765
YHR134W,YER072W,0,-4.855265,0.08631851524114609,0.4000000059604645,0.42340001463890076
YDL138W,YJL026W,0,-4.855357,0.08629988878965378,0.4000000059604645,0.4235000014305115
YGL162W,YNL139C,1,-4.855532,0.0864969789981842,0.4009999930858612,0.4235000014305115
YLL002W,YPR166C,0,-4.8559117,0.0864783301949501,0.4009999930858612,0.4235999882221222
YLR178C,YBR110W,0,-4.8559785,0.086459681391716,0.4009999930858612,0.4237000048160553
YDR062W,YDR378C,0,-4.8560615,0.0864410400390625,0.4009999930858612,0.423799991607666
YKR013W,YLR179C,0,-4.856216,0.08642241358757019,0.4009999930858612,0.4239000082015991
YDR533C,YIL153W,0,-4.8562775,0.08640379458665848,0.4009999930858612,0.42399999499320984
YOR353C,YGR033C,0,-4.8564568,0.08638517558574677,0.4009999930858612,0.42410001158714294
YJR107W,YOR031W,0,-4.85656,0.08636657148599625,0.4009999930858612,0.42419999837875366
YNL049C,YNL339C,0,-4.856744,0.08634797483682632,0.4009999930858612,0.4242999851703644
YJL012C,YER001W,0,-4.856866,0.086329385638237,0.4009999930858612,0.4244000017642975
YAL043C,YIL036W,1,-4.857225,0.0865260437130928,0.4020000100135803,0.4244000017642975
YIL103W,YPL024W,0,-4.857798,0.08650742471218109,0.4020000100135803,0.4244999885559082
YGL040C,YKL010C,0,-4.858095,0.08648881316184998,0.4020000100135803,0.4246000051498413
YEL061C,YDR375C,0,-4.8583217,0.08647020906209946,0.4020000100135803,0.424699991941452
YLR450W,YLR158C,0,-4.8584123,0.08645161241292953,0.4020000100135803,0.42480000853538513
YMR295C,YML012W,0,-4.8585896,0.08643302321434021,0.4020000100135803,0.42489999532699585
YKR086W,YHL012W,0,-4.8587165,0.08641444891691208,0.4020000100135803,0.42500001192092896
YCR042C,YBR083W,1,-4.859285,0.08661078661680222,0.40299999713897705,0.42500001192092896
YLR072W,YJL138C,0,-4.8594155,0.0865921750664711,0.40299999713897705,0.4250999987125397
YCL011C,YBR038W,0,-4.859796,0.08657357841730118,0.40299999713897705,0.4251999855041504
YMR006C,YDR297W,0,-4.8600883,0.08655498176813126,0.40299999713897705,0.4253000020980835
YPL105C,YIL133C,0,-4.8606734,0.08653640002012253,0.40299999713897705,0.4253999888896942
YMR073C,YOL141W,0,-4.860846,0.0865178182721138,0.40299999713897705,0.4255000054836273
YOL031C,YDR240C,0,-4.860998,0.08649925142526627,0.40299999713897705,0.42559999227523804
YAR033W,YML001W,0,-4.8613706,0.08648068457841873,0.40299999713897705,0.42570000886917114
YEL067C,YGL231C,0,-4.8619065,0.08646213263273239,0.40299999713897705,0.42579999566078186
YLR008C,YLR061W,0,-4.8619084,0.08644358813762665,0.40299999713897705,0.42590001225471497
YGL175C,YGR292W,0,-4.861983,0.0864250510931015,0.40299999713897705,0.4259999990463257
YML043C,YGL175C,0,-4.8621535,0.08640652149915695,0.40299999713897705,0.4260999858379364
YML053C,YMR298W,0,-4.8623443,0.086387999355793,0.40299999713897705,0.4262000024318695
YGL128C,YFR014C,0,-4.862808,0.08636948466300964,0.40299999713897705,0.4262999892234802
YDR028C,YDR464W,1,-4.8630347,0.08656524866819382,0.40400001406669617,0.4262999892234802
YER179W,YKL091C,0,-4.8632092,0.08654670417308807,0.40400001406669617,0.42640000581741333
YCL008C,YGL229C,0,-4.863244,0.08652816712856293,0.40400001406669617,0.42649999260902405
YER021W,YDL157C,0,-4.8633714,0.08650963753461838,0.40400001406669617,0.42660000920295715
YGR248W,YOR084W,0,-4.863552,0.08649111539125443,0.40400001406669617,0.42669999599456787
YKR102W,YBL035C,0,-4.863669,0.08647260069847107,0.40400001406669617,0.426800012588501
YFR003C,YKL041W,0,-4.863692,0.08645410090684891,0.40400001406669617,0.4268999993801117
YLR218C,YGR174C,0,-4.86373,0.08643560111522675,0.40400001406669617,0.4269999861717224
YOL067C,YIR017C,1,-4.863786,0.08663101494312286,0.4050000011920929,0.4269999861717224
YLR425W,YDR052C,0,-4.863976,0.08661249279975891,0.4050000011920929,0.4271000027656555
YGL035C,YKL018W,1,-4.8640895,0.08680777996778488,0.4059999883174896,0.4271000027656555
YMR042W,YNL139C,1,-4.864343,0.08700299263000488,0.40700000524520874,0.4271000027656555
YDL043C,YBL041W,0,-4.864352,0.08698439598083496,0.40700000524520874,0.42719998955726624
YGL013C,YJR102C,1,-4.864493,0.08717948943376541,0.40799999237060547,0.42719998955726624
YPR052C,YBR049C,1,-4.8647156,0.0873744934797287,0.4090000092983246,0.42719998955726624
YPR025C,YGL162W,1,-4.8647375,0.08756941556930542,0.4099999964237213,0.42719998955726624
YLR457C,YHR190W,0,-4.864919,0.08755071461200714,0.4099999964237213,0.42730000615119934
YLR183C,YLR418C,1,-4.8650136,0.08774551749229431,0.41100001335144043,0.42730000615119934
YBR091C,YBR118W,0,-4.865044,0.08772678673267365,0.41100001335144043,0.42739999294281006
YNL311C,YOR334W,0,-4.865058,0.08770806342363358,0.41100001335144043,0.42750000953674316
YHL022C,YLR208W,0,-4.8651385,0.0876893550157547,0.41100001335144043,0.4275999963283539
YEL038W,YCR043C,0,-4.865148,0.08767064660787582,0.41100001335144043,0.427700012922287
YKR084C,YDR161W,0,-4.8653913,0.08765195310115814,0.41100001335144043,0.4277999997138977
YOR244W,YPL190C,1,-4.8654366,0.08784648030996323,0.41200000047683716,0.4277999997138977
YOR129C,YFL037W,0,-4.8662367,0.08782775700092316,0.41200000047683716,0.4278999865055084
YKL208W,YOL011W,0,-4.8664002,0.08780903369188309,0.41200000047683716,0.42800000309944153
YDR063W,YLR429W,0,-4.8666024,0.08779032528400421,0.41200000047683716,0.42809998989105225
YDR071C,YDR482C,0,-4.8670664,0.08777162432670593,0.41200000047683716,0.42820000648498535
YKL106W,YGR057C,0,-4.8671875,0.08775293081998825,0.41200000047683716,0.42829999327659607
YPL225W,YMR100W,0,-4.867408,0.08773424476385117,0.41200000047683716,0.4284000098705292
YLR329W,YOR324C,0,-4.86819,0.08771556615829468,0.41200000047683716,0.4284999966621399
YDR545W,YLR175W,0,-4.868873,0.08769689500331879,0.41200000047683716,0.428600013256073
YCL066W,YKL028W,1,-4.868901,0.08789104223251343,0.4129999876022339,0.428600013256073
YML107C,YDR486C,0,-4.8692074,0.08787234127521515,0.4129999876022339,0.4287000000476837
YNL241C,YLL015W,0,-4.869232,0.08785364776849747,0.4129999876022339,0.42879998683929443
YDR167W,YML015C,1,-4.869322,0.08804763853549957,0.414000004529953,0.42879998683929443
YJR059W,YJL219W,0,-4.8695216,0.0880289152264595,0.414000004529953,0.42890000343322754
YLL002W,YIL103W,0,-4.8695636,0.08801020681858063,0.414000004529953,0.42899999022483826
YML115C,YJR066W,0,-4.8696485,0.08799149841070175,0.414000004529953,0.42910000681877136
YMR178W,YNL152W,0,-4.869706,0.08797279745340347,0.414000004529953,0.4291999936103821
YDR081C,YPR086W,1,-4.8700147,0.08816655725240707,0.41499999165534973,0.4291999936103821
YNL227C,YOL034W,0,-4.870415,0.088147833943367,0.41499999165534973,0.4293000102043152
YBL090W,YDR186C,0,-4.8709292,0.08812911808490753,0.41499999165534973,0.4293999969959259
YHR084W,YOL028C,1,-4.871088,0.088322713971138,0.41600000858306885,0.4293999969959259
YBR052C,YPR097W,0,-4.871104,0.08830396831035614,0.41600000858306885,0.429500013589859
YJR084W,YER145C,0,-4.8712106,0.08828523010015488,0.41600000858306885,0.4296000003814697
YKR089C,YDR305C,0,-4.871264,0.08826649934053421,0.41600000858306885,0.42969998717308044
YIL149C,YLR164W,0,-4.871332,0.08824777603149414,0.41600000858306885,0.42980000376701355
YGR134W,YPL190C,1,-4.871768,0.0884411484003067,0.4169999957084656,0.42980000376701355
YAL059W,YML097C,0,-4.8719153,0.08842239528894424,0.4169999957084656,0.42989999055862427
YKR102W,YAL053W,0,-4.8719177,0.08840364962816238,0.4169999957084656,0.4300000071525574
YCR032W,YMR301C,0,-4.8720345,0.08838491141796112,0.4169999957084656,0.4300999939441681
YML046W,YDR013W,0,-4.8721614,0.08836618065834045,0.4169999957084656,0.4302000105381012
YOR010C,YJL079C,0,-4.872341,0.08834745734930038,0.4169999957084656,0.4302999973297119
YBR139W,YDR297W,0,-4.8729053,0.08832874149084091,0.4169999957084656,0.430400013923645
YIL131C,YDL005C,1,-4.8731003,0.0885218158364296,0.4180000126361847,0.430400013923645
YKL132C,YIL011W,0,-4.873339,0.08850307017564774,0.4180000126361847,0.43050000071525574
YNL022C,YJR149W,0,-4.873612,0.08848433196544647,0.4180000126361847,0.43059998750686646
YDR019C,YPL067C,0,-4.873799,0.0884656086564064,0.4180000126361847,0.43070000410079956
YLR146C,YOR156C,0,-4.8741364,0.08844689279794693,0.4180000126361847,0.4307999908924103
YHR143W-A,YFL024C,1,-4.8748775,0.08863972872495651,0.4189999997615814,0.4307999908924103
YOL094C,YJL023C,0,-4.875326,0.08862098306417465,0.4189999997615814,0.4309000074863434
YAR071W,YAR050W,0,-4.8754325,0.08860224485397339,0.4189999997615814,0.4309999942779541
YBR143C,YMR074C,0,-4.8754373,0.08858350664377213,0.4189999997615814,0.4311000108718872
YOL122C,YPR024W,0,-4.8758616,0.08856478333473206,0.4189999997615814,0.4311999976634979
YIR039C,YOL001W,0,-4.8758783,0.08854606747627258,0.4189999997615814,0.43130001425743103
YKL151C,YGR282C,0,-4.876097,0.08852735906839371,0.4189999997615814,0.43140000104904175
YKL026C,YGR161C,0,-4.8765264,0.08850865811109543,0.4189999997615814,0.43149998784065247
YOL007C,YAR027W,0,-4.8765755,0.08848996460437775,0.4189999997615814,0.43160000443458557
YHR188C,YLR089C,0,-4.8770638,0.08847128599882126,0.4189999997615814,0.4316999912261963
YDR052C,YHR069C,0,-4.8773713,0.08845260739326477,0.4189999997615814,0.4318000078201294
YDL031W,YJR053W,0,-4.877713,0.08843393623828888,0.4189999997615814,0.4318999946117401
YGR148C,YOR242C,0,-4.877828,0.08841527998447418,0.4189999997615814,0.4320000112056732
YDR307W,YDL091C,0,-4.8779664,0.08839662373065948,0.4189999997615814,0.43209999799728394
YLR178C,YDR030C,0,-4.878457,0.08837798237800598,0.4189999997615814,0.43220001459121704
YHR164C,YDR109C,0,-4.8786077,0.08835934102535248,0.4189999997615814,0.43230000138282776
YAL042W,YLR320W,0,-4.8789606,0.08834071457386017,0.4189999997615814,0.4323999881744385
YNL190W,YDL003W,0,-4.879253,0.08832208812236786,0.4189999997615814,0.4325000047683716
YGL110C,YOR185C,0,-4.8793726,0.08830347657203674,0.4189999997615814,0.4325999915599823
YPL101W,YBR050C,1,-4.879532,0.08849557489156723,0.41999998688697815,0.4325999915599823
YGR169C,YOR209C,0,-4.880151,0.08847693353891373,0.41999998688697815,0.4327000081539154
YJR041C,YMR218C,0,-4.880387,0.08845829963684082,0.41999998688697815,0.4327999949455261
YOR211C,YGR133W,0,-4.8805966,0.08843967318534851,0.41999998688697815,0.43290001153945923
YPL153C,YOL032W,0,-4.880743,0.0884210541844368,0.41999998688697815,0.43299999833106995
YLR181C,YBL092W,0,-4.880767,0.08840244263410568,0.41999998688697815,0.43309998512268066
YOR129C,YLR134W,0,-4.8810616,0.08838383853435516,0.41999998688697815,0.43320000171661377
YOL140W,YAL044C,0,-4.881448,0.08836524188518524,0.41999998688697815,0.4332999885082245
YLR239C,YIR034C,0,-4.8814573,0.08834665268659592,0.41999998688697815,0.4334000051021576
YML101C,YHR101C,0,-4.8815637,0.08832807838916779,0.41999998688697815,0.4334999918937683
YLR367W,YMR218C,0,-4.882143,0.08830950409173965,0.41999998688697815,0.4336000084877014
YLR234W,YGL231C,0,-4.8822284,0.08829093724489212,0.41999998688697815,0.43369999527931213
YJL141C,YBL047C,0,-4.8822713,0.08827238529920578,0.41999998688697815,0.43380001187324524
YLR438C-A,YDR073W,0,-4.88239,0.08825383335351944,0.41999998688697815,0.43389999866485596
YAL056W,YDR512C,1,-4.882583,0.08844538033008575,0.42100000381469727,0.43389999866485596
YGL009C,YIL009W,0,-4.8826804,0.08842679858207703,0.42100000381469727,0.4339999854564667
YNL042W,YOL041C,0,-4.88276,0.08840823173522949,0.42100000381469727,0.4341000020503998
YOR208W,YKL165C,0,-4.882931,0.08838967233896255,0.42100000381469727,0.4341999888420105
YJR033C,YLR308W,0,-4.8829823,0.08837112039327621,0.42100000381469727,0.4343000054359436
YPL247C,YOR148C,0,-4.8831296,0.08835256844758987,0.42100000381469727,0.4343999922275543
YPL147W,YGL094C,0,-4.883152,0.08833403140306473,0.42100000381469727,0.4345000088214874
YER058W,YGL119W,0,-4.8832684,0.08831550180912018,0.42100000381469727,0.43459999561309814
YFL013C,YDR128W,0,-4.8836317,0.08829697966575623,0.42100000381469727,0.43470001220703125
YMR081C,YGL157W,0,-4.883798,0.08827846497297287,0.42100000381469727,0.43479999899864197
YGR243W,YHL038C,0,-4.8840113,0.08825995773077011,0.42100000381469727,0.4348999857902527
YHR050W,YKL217W,0,-4.884602,0.08824145793914795,0.42100000381469727,0.4350000023841858
YNL185C,YNL095C,0,-4.8846054,0.08822296559810638,0.42100000381469727,0.4350999891757965
YPR066W,YBL007C,0,-4.884715,0.08820448070764542,0.42100000381469727,0.4352000057697296
YHR138C,YFL002C,0,-4.8848834,0.08818601071834564,0.42100000381469727,0.43529999256134033
YHL025W,YOR202W,0,-4.8848863,0.08816754072904587,0.42100000381469727,0.43540000915527344
YJL117W,YDL081C,0,-4.8852186,0.08814907819032669,0.42100000381469727,0.43549999594688416
YOR353C,YMR132C,0,-4.885355,0.08813062310218811,0.42100000381469727,0.43560001254081726
YKL197C,YHR007C,0,-4.885574,0.08811218291521072,0.42100000381469727,0.435699999332428
YJL043W,YHR060W,0,-4.885941,0.08809374272823334,0.42100000381469727,0.4357999861240387
YBR274W,YGL229C,0,-4.8861194,0.08807531744241714,0.42100000381469727,0.4359000027179718
YMR240C,YDR270W,0,-4.8862004,0.08805689215660095,0.42100000381469727,0.4359999895095825
YDR040C,YDL195W,0,-4.886267,0.08803847432136536,0.42100000381469727,0.4361000061035156
YPR071W,YBR169C,0,-4.8867917,0.08802007138729095,0.42100000381469727,0.43619999289512634
YNL078W,YDL209C,0,-4.887131,0.08800167590379715,0.42100000381469727,0.43630000948905945
YGL082W,YHL032C,0,-4.8876176,0.08798328042030334,0.42100000381469727,0.43639999628067017
YPL101W,YJL056C,1,-4.8877153,0.08817384392023087,0.421999990940094,0.43639999628067017
YBL011W,YGR001C,0,-4.887802,0.08815541863441467,0.421999990940094,0.43650001287460327
YBR034C,YBR242W,0,-4.8878446,0.08813700824975967,0.421999990940094,0.436599999666214
YKL006C-A,YMR077C,0,-4.887923,0.08811860531568527,0.421999990940094,0.4366999864578247
YJR101W,YJL208C,0,-4.8881044,0.08810020983219147,0.421999990940094,0.4368000030517578
YDR311W,YNL314W,1,-4.8883276,0.08829054236412048,0.4230000078678131,0.4368000030517578
YKL096W-A,YDL003W,0,-4.88872,0.08827211707830429,0.4230000078678131,0.43689998984336853
YKL173W,YOL011W,0,-4.8891425,0.08825370669364929,0.4230000078678131,0.43700000643730164
YGL099W,YMR106C,0,-4.889555,0.0882352963089943,0.4230000078678131,0.43709999322891235
YBL034C,YER021W,0,-4.8900027,0.08821689337491989,0.4230000078678131,0.43720000982284546
YDR447C,YDR021W,0,-4.8904243,0.08819849789142609,0.4230000078678131,0.4372999966144562
YDR449C,YNL131W,0,-4.8904552,0.08818010985851288,0.4230000078678131,0.4374000132083893
YGR134W,YDR289C,1,-4.8907824,0.08837015181779861,0.42399999499320984,0.4374000132083893
YBL054W,YGL105W,0,-4.891386,0.08835174143314362,0.42399999499320984,0.4375
YAL026C,YJR007W,0,-4.8920274,0.08833333104848862,0.42399999499320984,0.4375999867916107
YDR410C,YGR296W,0,-4.892056,0.08831493556499481,0.42399999499320984,0.4377000033855438
YHL048W,YDR179C,0,-4.892117,0.08829654008150101,0.42399999499320984,0.43779999017715454
YLL021W,YOL045W,0,-4.8927,0.0882781594991684,0.42399999499320984,0.43790000677108765
YKL173W,YBL098W,0,-4.8929057,0.08825978636741638,0.42399999499320984,0.43799999356269836
YLR025W,YDR363W,0,-4.8931127,0.08824141323566437,0.42399999499320984,0.43810001015663147
YPL276W,YER064C,0,-4.8931155,0.08822305500507355,0.42399999499320984,0.4381999969482422
YLR318W,YPL172C,0,-4.893266,0.08820470422506332,0.42399999499320984,0.4383000135421753
YDR267C,YGL123W,0,-4.8935127,0.0881863534450531,0.42399999499320984,0.438400000333786
YPR057W,YGL093W,0,-4.893704,0.08816801756620407,0.42399999499320984,0.43849998712539673
YOL067C,YDL140C,1,-4.893774,0.0883575901389122,0.42500001192092896,0.43849998712539673
YHR040W,YPR178W,0,-4.8937984,0.08833922445774078,0.42500001192092896,0.43860000371932983
YOR220W,YGR247W,0,-4.8943553,0.08832086622714996,0.42500001192092896,0.43869999051094055
YFR031C,YGR061C,0,-4.894379,0.08830251544713974,0.42500001192092896,0.43880000710487366
YKL185W,YOL081W,0,-4.895018,0.08828417211771011,0.42500001192092896,0.4388999938964844
YOL123W,YNL262W,0,-4.8951616,0.08826583623886108,0.42500001192092896,0.4390000104904175
YLR223C,YPR104C,1,-4.8951902,0.08845514804124832,0.4259999990463257,0.4390000104904175
YNL229C,YER173W,0,-4.895272,0.0884367898106575,0.4259999990463257,0.4390999972820282
YCR042C,YHR143W-A,1,-4.89535,0.08862598240375519,0.4269999861717224,0.4390999972820282
YJR010C-A,YGR118W,0,-4.8954935,0.08860759437084198,0.4269999861717224,0.4392000138759613
YBL103C,YML015C,1,-4.8957944,0.08879668265581131,0.42800000309944153,0.4392000138759613
YBL008W,YOR172W,1,-4.895806,0.08898568898439407,0.42899999022483826,0.4392000138759613
YPR065W,YDR463W,1,-4.895863,0.08917461335659027,0.4300000071525574,0.4392000138759613
YKR022C,YDR159W,0,-4.8961577,0.0891561284661293,0.4300000071525574,0.439300000667572
YMR065W,YOR308C,0,-4.8961964,0.08913764357566833,0.4300000071525574,0.43939998745918274
YHL025W,YIR012W,0,-4.896328,0.08911917358636856,0.4300000071525574,0.43950000405311584
YDL139C,YLR013W,0,-4.896439,0.08910070359706879,0.4300000071525574,0.43959999084472656
YBR165W,YBR150C,0,-4.896768,0.0890822485089302,0.4300000071525574,0.43970000743865967
YEL020W-A,YDR219C,0,-4.89691,0.08906379342079163,0.4300000071525574,0.4397999942302704
YJR010C-A,YDL106C,0,-4.897002,0.08904535323381424,0.4300000071525574,0.4399000108242035
YFR055W,YLR389C,0,-4.8971667,0.08902691304683685,0.4300000071525574,0.4399999976158142
YMR283C,YER124C,0,-4.8973327,0.08900848776102066,0.4300000071525574,0.4401000142097473
YNL059C,YBR012W-A,0,-4.897366,0.08899006992578506,0.4300000071525574,0.44020000100135803
YGL129C,YBR166C,0,-4.8974752,0.08897165209054947,0.4300000071525574,0.44029998779296875
YGL035C,YDL115C,1,-4.8975706,0.08916011452674866,0.4309999942779541,0.44029998779296875
YGR123C,YNL024C,0,-4.8979373,0.08914167433977127,0.4309999942779541,0.44040000438690186
YHR159W,YOL105C,0,-4.8983674,0.08912324160337448,0.4309999942779541,0.4404999911785126
YLL051C,YBR092C,0,-4.898743,0.08910481631755829,0.4309999942779541,0.4406000077724457
YDR099W,YJR103W,0,-4.8987436,0.08908639848232269,0.4309999942779541,0.4406999945640564
YHR171W,YDL119C,0,-4.8987722,0.0890679880976677,0.4309999942779541,0.4408000111579895
YMR127C,YDR098C,0,-4.899094,0.08904958516359329,0.4309999942779541,0.4408999979496002
YDR081C,YER169W,1,-4.8992085,0.0892377644777298,0.4320000112056732,0.4408999979496002
YLR288C,YOL045W,0,-4.899216,0.08921933174133301,0.4320000112056732,0.4410000145435333
YHR167W,YPR086W,1,-4.8992543,0.08940739184617996,0.43299999833106995,0.4410000145435333
YGR175C,YAL035W,0,-4.899319,0.08938893675804138,0.43299999833106995,0.44110000133514404
YKL119C,YLL066C,0,-4.899408,0.0893704816699028,0.43299999833106995,0.44119998812675476
YKL128C,YCL073C,0,-4.9000564,0.08935204148292542,0.43299999833106995,0.44130000472068787
YJL039C,YDR206W,0,-4.900072,0.08933360874652863,0.43299999833106995,0.4413999915122986
YHR055C,YDR354W,0,-4.9004607,0.08931518346071243,0.43299999833106995,0.4415000081062317
YNL164C,YPR062W,0,-4.900577,0.08929676562547684,0.43299999833106995,0.4415999948978424
YCR073W-A,YLR027C,0,-4.9006486,0.08927834779024124,0.43299999833106995,0.4417000114917755
YOR006C,YPL212C,0,-4.900745,0.08925994485616684,0.43299999833106995,0.44179999828338623
YPR028W,YNL317W,0,-4.9007716,0.08924154937267303,0.43299999833106995,0.44190001487731934
YDL240W,YLR127C,0,-4.900912,0.08922316133975983,0.43299999833106995,0.44200000166893005
YMR073C,YOR351C,0,-4.9011426,0.08920478075742722,0.43299999833106995,0.44209998846054077
YJL166W,YIR028W,0,-4.901473,0.0891864076256752,0.43299999833106995,0.4422000050544739
YNL068C,YBR198C,1,-4.901505,0.08937396854162216,0.4339999854564667,0.4422000050544739
YDR519W,YER124C,0,-4.901553,0.08935556560754776,0.4339999854564667,0.4422999918460846
YCR034W,YPL098C,0,-4.901793,0.08933717757463455,0.4339999854564667,0.4424000084400177
YOR190W,YDR409W,0,-4.902387,0.08931878954172134,0.4339999854564667,0.4424999952316284
YKL093W,YBR299W,0,-4.9026136,0.08930040895938873,0.4339999854564667,0.4426000118255615
YOR038C,YDR190C,1,-4.9028525,0.08948776125907898,0.4350000023841858,0.4426000118255615
YKL023W,YKR028W,0,-4.9030585,0.08946935087442398,0.4350000023841858,0.44269999861717224
YGR196C,YLR369W,0,-4.9030967,0.08945095539093018,0.4350000023841858,0.44279998540878296
YLR115W,YAL054C,0,-4.903199,0.08943256735801697,0.4350000023841858,0.44290000200271606
YNL329C,YPL171C,0,-4.903727,0.08941417932510376,0.4350000023841858,0.4429999887943268
YDL066W,YMR081C,0,-4.903893,0.08939580619335175,0.4350000023841858,0.4431000053882599
YJR064W,YOR298W,0,-4.9045844,0.08937744051218033,0.4350000023841858,0.4431999921798706
YDL233W,YGR040W,0,-4.904919,0.08935908228158951,0.4350000023841858,0.4433000087738037
YKR050W,YNL127W,0,-4.905105,0.08934072405099869,0.4350000023841858,0.44339999556541443
YHR038W,YDR056C,0,-4.905652,0.08932238072156906,0.4350000023841858,0.44350001215934753
YIL068C,YMR186W,0,-4.9062424,0.08930404484272003,0.4350000023841858,0.44359999895095825
YLR116W,YFL059W,0,-4.9065876,0.0892857164144516,0.4350000023841858,0.44369998574256897
YGL124C,YBR127C,0,-4.9066377,0.08926739543676376,0.4350000023841858,0.4438000023365021
YMR104C,YGR191W,0,-4.9066534,0.08924907445907593,0.4350000023841858,0.4438999891281128
YEL026W,YLR158C,0,-4.9072638,0.08923076838254929,0.4350000023841858,0.4440000057220459
YGR093W,YNL197C,0,-4.907452,0.08921246975660324,0.4350000023841858,0.4440999925136566
YNR013C,YDL101C,0,-4.9077125,0.08919417858123779,0.4350000023841858,0.4442000091075897
YDR103W,YBR054W,0,-4.9077826,0.08917589485645294,0.4350000023841858,0.44429999589920044
YGL155W,YEL071W,0,-4.907785,0.08915761113166809,0.4350000023841858,0.44440001249313354
YER173W,YML023C,0,-4.9079614,0.08913934230804443,0.4350000023841858,0.44449999928474426
YPL186C,YLR037C,0,-4.9080634,0.08912108093500137,0.4350000023841858,0.444599986076355
YGR181W,YBR208C,0,-4.9085903,0.08910282701253891,0.4350000023841858,0.4447000026702881
YNL069C,YMR019W,0,-4.9089236,0.08908458054065704,0.4350000023841858,0.4447999894618988
YLR071C,YHL009C,1,-4.909622,0.08927109092473984,0.4359999895095825,0.4447999894618988
YER018C,YJL047C,0,-4.909624,0.08925281465053558,0.4359999895095825,0.4449000060558319
YER038C,YDR507C,0,-4.9099336,0.08923454582691193,0.4359999895095825,0.4449999928474426
YKL081W,YCR084C,0,-4.9106765,0.08921628445386887,0.4359999895095825,0.44510000944137573
YIR004W,YPR037C,0,-4.910769,0.089198037981987,0.4359999895095825,0.44519999623298645
YPL191C,YKR044W,0,-4.9112906,0.08917979151010513,0.4359999895095825,0.44530001282691956
YGR101W,YLL031C,0,-4.9115577,0.08916155248880386,0.4359999895095825,0.4453999996185303
YMR233W,YHR191C,0,-4.911691,0.08914332091808319,0.4359999895095825,0.445499986410141
YAL059W,YPL150W,0,-4.911705,0.08912510424852371,0.4359999895095825,0.4456000030040741
YCR098C,YKL045W,0,-4.911832,0.08910688757896423,0.4359999895095825,0.4456999897956848
YKL149C,YOR295W,0,-4.912192,0.08908867835998535,0.4359999895095825,0.4458000063896179
YIR005W,YGR099W,0,-4.912641,0.08907047659158707,0.4359999895095825,0.44589999318122864
YPR118W,YKL019W,0,-4.912859,0.08905228972434998,0.4359999895095825,0.44600000977516174
YDR503C,YJR065C,0,-4.9131303,0.08903410285711288,0.4359999895095825,0.44609999656677246
YKL135C,YPR133W-A,0,-4.913138,0.08901592344045639,0.4359999895095825,0.44620001316070557
YDL165W,YDR217C,1,-4.9131675,0.08920187503099442,0.43700000643730164,0.44620001316070557
YDR531W,YPR127W,0,-4.913278,0.08918367326259613,0.43700000643730164,0.4462999999523163
YPL115C,YKL214C,0,-4.9133096,0.08916547894477844,0.43700000643730164,0.446399986743927
YKL048C,YLR229C,0,-4.913567,0.08914728462696075,0.43700000643730164,0.4465000033378601
YDL077C,YOL003C,0,-4.9136314,0.08912910521030426,0.43700000643730164,0.4465999901294708
YHR061C,YLL042C,0,-4.9141507,0.08911093324422836,0.43700000643730164,0.44670000672340393
YBR146W,YMR240C,0,-4.9148736,0.08909276127815247,0.43700000643730164,0.44679999351501465
YDR371W,YMR196W,0,-4.9152613,0.08907460421323776,0.43700000643730164,0.44690001010894775
YPL266W,YPL281C,0,-4.915272,0.08905644714832306,0.43700000643730164,0.44699999690055847
YIR009W,YDR121W,0,-4.915275,0.08903830498456955,0.43700000643730164,0.4471000134944916
YIL098C,YPR082C,0,-4.9154797,0.08902017027139664,0.43700000643730164,0.4472000002861023
YPL091W,YMR208W,0,-4.915597,0.08900203555822372,0.43700000643730164,0.447299987077713
YDR370C,YDR075W,0,-4.91583,0.088983915746212,0.43700000643730164,0.4474000036716461
YFL045C,YHR009C,0,-4.9158998,0.08896579593420029,0.43700000643730164,0.44749999046325684
YPL011C,YGL244W,1,-4.9159684,0.08915123343467712,0.43799999356269836,0.44749999046325684
YDR322C-A,YMR294W,0,-4.9160647,0.08913309127092361,0.43799999356269836,0.44760000705718994
YGL115W,YMR005W,1,-4.916138,0.0893184095621109,0.4390000104904175,0.44760000705718994
YJL101C,YLR178C,0,-4.916157,0.0893002450466156,0.4390000104904175,0.44769999384880066
YEL022W,YJR093C,0,-4.916159,0.0892820805311203,0.4390000104904175,0.44780001044273376
YPL001W,YDL056W,0,-4.9161973,0.0892639309167862,0.4390000104904175,0.4478999972343445
YMR257C,YER096W,0,-4.9165635,0.08924578130245209,0.4390000104904175,0.4480000138282776
YOR269W,YDR449C,0,-4.9167404,0.08922763913869858,0.4390000104904175,0.4481000006198883
YAL039C,YLR324W,0,-4.9168873,0.08920951187610626,0.4390000104904175,0.448199987411499
YOR384W,YKL046C,0,-4.9169874,0.08919138461351395,0.4390000104904175,0.44830000400543213
YDL232W,YKR102W,0,-4.9173503,0.08917326480150223,0.4390000104904175,0.44839999079704285
YDL014W,YGR257C,0,-4.9176974,0.0891551598906517,0.4390000104904175,0.44850000739097595
YKL117W,YKL007W,0,-4.9184184,0.08913705497980118,0.4390000104904175,0.44859999418258667
YNL072W,YBL017C,0,-4.918678,0.08911895751953125,0.4390000104904175,0.4487000107765198
YGL005C,YAR071W,0,-4.9187007,0.08910087496042252,0.4390000104904175,0.4487999975681305
YLL018C,YCR088W,0,-4.9191546,0.08908279240131378,0.4390000104904175,0.4489000141620636
YIL119C,YDR398W,0,-4.919654,0.08906471729278564,0.4390000104904175,0.4490000009536743
YMR065W,YNL215W,0,-4.919763,0.0890466496348381,0.4390000104904175,0.44909998774528503
YGR061C,YMR051C,0,-4.9197774,0.08902859687805176,0.4390000104904175,0.44920000433921814
YJL088W,YJR109C,0,-4.9201956,0.08901054412126541,0.4390000104904175,0.44929999113082886
YGL079W,YKL148C,0,-4.9204774,0.08899249881505966,0.4390000104904175,0.44940000772476196
YJL133W,YER120W,0,-4.9206796,0.08897446095943451,0.4390000104904175,0.4494999945163727
YMR270C,YOR205C,0,-4.9207516,0.08895643055438995,0.4390000104904175,0.4496000111103058
YMR227C,YPR086W,1,-4.921376,0.08914100378751755,0.4399999976158142,0.4496000111103058
YBL040C,YOR003W,0,-4.9215226,0.0891229510307312,0.4399999976158142,0.4496999979019165
YML011C,YBR132C,0,-4.9219418,0.08910489827394485,0.4399999976158142,0.4498000144958496
YBR154C,YBR240C,1,-4.9219522,0.08928932994604111,0.4410000145435333,0.4498000144958496
YHL047C,YDR363W-A,0,-4.9223094,0.08927125483751297,0.4410000145435333,0.4499000012874603
YAL010C,YBL090W,0,-4.922337,0.08925318717956543,0.4410000145435333,0.44999998807907104
YCL014W,YKL222C,0,-4.922535,0.08923512697219849,0.4410000145435333,0.45010000467300415
YHL039W,YGL045W,0,-4.9230866,0.08921707421541214,0.4410000145435333,0.45019999146461487
YOR232W,YMR307W,0,-4.923178,0.08919902890920639,0.4410000145435333,0.450300008058548
YPR019W,YDR379W,0,-4.923198,0.08918099105358124,0.4410000145435333,0.4503999948501587
YCL073C,YBR162C,0,-4.9232545,0.08916296064853668,0.4410000145435333,0.4505000114440918
YBL061C,YML026C,0,-4.9238486,0.08914493769407272,0.4410000145435333,0.4505999982357025
YDL207W,YHR193C,0,-4.9240127,0.08912692219018936,0.4410000145435333,0.4507000148296356
YOR173W,YJR074W,0,-4.9242616,0.0891089141368866,0.4410000145435333,0.45080000162124634
YDR063W,YHR086W,0,-4.924419,0.08909090608358383,0.4410000145435333,0.45089998841285706
YGR062C,YER142C,0,-4.924461,0.08907291293144226,0.4410000145435333,0.45100000500679016
YBL006C,YNL222W,1,-4.924513,0.08925686776638031,0.44200000166893005,0.45100000500679016
YMR303C,YBL026W,0,-4.9247556,0.08923884481191635,0.44200000166893005,0.4510999917984009
YAL051W,YHR115C,0,-4.924784,0.08922082930803299,0.44200000166893005,0.451200008392334
YNL067W,YMR266W,0,-4.92516,0.08920282870531082,0.44200000166893005,0.4512999951839447
YNL070W,YDR334W,0,-4.925385,0.08918482810258865,0.44200000166893005,0.4514000117778778
YBR162W-A,YLR068W,0,-4.9254384,0.08916683495044708,0.44200000166893005,0.4514999985694885
YLR246W,YFL030W,0,-4.925874,0.08914884924888611,0.44200000166893005,0.45159998536109924
YGR257C,YNL149C,0,-4.926085,0.08913087099790573,0.44200000166893005,0.45170000195503235
YGL079W,YDR214W,0,-4.9262605,0.08911290019750595,0.44200000166893005,0.45179998874664307
YFR040W,YFR046C,0,-4.9262934,0.08909493684768677,0.44200000166893005,0.45190000534057617
YDL240W,YGR096W,0,-4.926297,0.08907698839902878,0.44200000166893005,0.4519999921321869
YLR039C,YDL056W,0,-4.9267216,0.08905903995037079,0.44200000166893005,0.45210000872612
YHR193C,YER073W,0,-4.926807,0.0890410989522934,0.44200000166893005,0.4521999955177307
YOL078W,YKR034W,0,-4.926973,0.0890231654047966,0.44200000166893005,0.4523000121116638
YLR367W,YGL040C,0,-4.9270077,0.0890052393078804,0.44200000166893005,0.45239999890327454
YDR092W,YLR348C,0,-4.9272885,0.0889873132109642,0.44200000166893005,0.45249998569488525
YDR320C-A,YDR298C,0,-4.9273524,0.0889694020152092,0.44200000166893005,0.45260000228881836
YDR347W,YDR492W,0,-4.9274354,0.08895149827003479,0.44200000166893005,0.4526999890804291
YJR015W,YMR040W,0,-4.9275346,0.08893360197544098,0.44200000166893005,0.4528000056743622
YDR412W,YDR013W,0,-4.9276314,0.08891571313142776,0.44200000166893005,0.4528999924659729
YDR351W,YNR009W,0,-4.927812,0.08889782428741455,0.44200000166893005,0.453000009059906
YHL047C,YDR122W,0,-4.9280496,0.08887995034456253,0.44200000166893005,0.4530999958515167
YLR357W,YBL005W,1,-4.9281154,0.0890631303191185,0.4429999887943268,0.4530999958515167
YOR370C,YBR200W,0,-4.928541,0.08904522657394409,0.4429999887943268,0.45320001244544983
YKL065C,YDR379W,0,-4.9285417,0.08902733027935028,0.4429999887943268,0.45329999923706055
YLR459W,YHR122W,0,-4.9286456,0.08900944143533707,0.4429999887943268,0.45339998602867126
YGR261C,YDR026C,0,-4.928663,0.08899156004190445,0.4429999887943268,0.45350000262260437
YPL069C,YDR473C,0,-4.9287543,0.08897368609905243,0.4429999887943268,0.4535999894142151
YDL067C,YOL057W,0,-4.928785,0.088955819606781,0.4429999887943268,0.4537000060081482
YER178W,YMR218C,0,-4.928807,0.08893796056509018,0.4429999887943268,0.4537999927997589
YGR028W,YGL011C,0,-4.9288974,0.08892010897397995,0.4429999887943268,0.453900009393692
YDL085W,YOR136W,0,-4.928911,0.08890226483345032,0.4429999887943268,0.45399999618530273
YJL055W,YOR219C,0,-4.929142,0.08888442814350128,0.4429999887943268,0.45410001277923584
YMR276W,YMR106C,0,-4.9291644,0.08886659890413284,0.4429999887943268,0.45419999957084656
YMR162C,YHR169W,0,-4.9299045,0.088848777115345,0.4429999887943268,0.4542999863624573
YPL153C,YPL175W,0,-4.930159,0.08883096277713776,0.4429999887943268,0.4544000029563904
YLR141W,YKR077W,0,-4.9303374,0.08881314843893051,0.4429999887943268,0.4544999897480011
YFR032C-A,YML092C,0,-4.9306726,0.08879534900188446,0.4429999887943268,0.4546000063419342
YKL185W,YCR086W,0,-4.931042,0.088777557015419,0.4429999887943268,0.4546999931335449
YBR095C,YPL011C,1,-4.9310756,0.08896012604236603,0.4440000057220459,0.4546999931335449
YOR194C,YCR039C,1,-4.931446,0.08914262801408768,0.4449999928474426,0.4546999931335449
YER134C,YHR195W,0,-4.9317207,0.08912477642297745,0.4449999928474426,0.454800009727478
YMR033W,YLR418C,1,-4.9317884,0.08930716663599014,0.44600000977516174,0.454800009727478
YDR106W,YJL208C,0,-4.932259,0.08928929269313812,0.44600000977516174,0.45489999651908875
YIL005W,YMR241W,0,-4.9323053,0.0892714187502861,0.44600000977516174,0.45500001311302185
YNL078W,YNL294C,0,-4.9325914,0.08925355225801468,0.44600000977516174,0.45509999990463257
YJL012C,YPR135W,0,-4.9329267,0.08923569321632385,0.44600000977516174,0.4551999866962433
YBR023C,YKL019W,0,-4.9330215,0.08921784162521362,0.44600000977516174,0.4553000032901764
YKL027W,YGL125W,0,-4.933282,0.08919999748468399,0.44600000977516174,0.4553999900817871
YMR258C,YHR162W,0,-4.933512,0.08918216079473495,0.44600000977516174,0.4555000066757202
YGR092W,YNL088W,0,-4.933532,0.08916433155536652,0.44600000977516174,0.45559999346733093
YPR070W,YDR079C-A,1,-4.9335656,0.08934639394283295,0.44699999690055847,0.45559999346733093
YMR026C,YBR040W,0,-4.933883,0.08932853490114212,0.44699999690055847,0.45570001006126404
YDR244W,YBR068C,0,-4.9346766,0.08931069076061249,0.44699999690055847,0.45579999685287476
YJL180C,YIL115C,0,-4.93488,0.08929284662008286,0.44699999690055847,0.45590001344680786
YDR092W,YMR224C,0,-4.9353046,0.08927501738071442,0.44699999690055847,0.4560000002384186
YJL003W,YOL100W,0,-4.9358077,0.08925718814134598,0.44699999690055847,0.4560999870300293
YMR011W,YOR221C,0,-4.9361224,0.08923936635255814,0.44699999690055847,0.4562000036239624
YIL118W,YLR214W,0,-4.936315,0.08922155946493149,0.44699999690055847,0.4562999904155731
YJL025W,YPR182W,0,-4.9363384,0.08920375257730484,0.44699999690055847,0.4564000070095062
YPR179C,YOR159C,0,-4.9363465,0.08918595314025879,0.44699999690055847,0.45649999380111694
YOR079C,YEL036C,0,-4.936596,0.08916816115379333,0.44699999690055847,0.45660001039505005
YJR084W,YDR140W,0,-4.9366536,0.08915037661790848,0.44699999690055847,0.45669999718666077
YMR143W,YKR001C,0,-4.936777,0.08913259953260422,0.44699999690055847,0.45680001378059387
YDR181C,YOR100C,0,-4.9373126,0.08911482989788055,0.44699999690055847,0.4569000005722046
YNL142W,YDR275W,0,-4.938247,0.08909706771373749,0.44699999690055847,0.4569999873638153
YGL113W,YNL208W,0,-4.93833,0.08907931298017502,0.44699999690055847,0.4571000039577484
YIL022W,YKR094C,0,-4.9384065,0.08906156569719315,0.44699999690055847,0.45719999074935913
YPL028W,YNL112W,0,-4.9384375,0.08904382586479187,0.44699999690055847,0.45730000734329224
YBR015C,YLR240W,0,-4.9384627,0.08902609348297119,0.44699999690055847,0.45739999413490295
YBL052C,YER090W,0,-4.939574,0.08900836110115051,0.44699999690055847,0.45750001072883606
YPL145C,YKL024C,0,-4.9400773,0.08899064362049103,0.44699999690055847,0.4575999975204468
YGL244W,YDR190C,1,-4.9405217,0.08917197585105896,0.4480000138282776,0.4575999975204468
YBR135W,YBL032W,0,-4.9405875,0.08915422856807709,0.4480000138282776,0.4577000141143799
YDL119C,YOR125C,0,-4.940699,0.08913648873567581,0.4480000138282776,0.4578000009059906
YER068W,YOR151C,1,-4.9407253,0.089317686855793,0.4490000009536743,0.4578000009059906
YBR107C,YLR224W,0,-4.940846,0.08929991722106934,0.4490000009536743,0.4578999876976013
YER155C,YDR324C,0,-4.9409313,0.08928216248750687,0.4490000009536743,0.4580000042915344
YDL209C,YHR169W,0,-4.9411435,0.089264415204525,0.4490000009536743,0.45809999108314514
YHR079C,YER178W,0,-4.941295,0.08924666792154312,0.4490000009536743,0.45820000767707825
YOR018W,YDL107W,0,-4.941572,0.08922893553972244,0.4490000009536743,0.45829999446868896
YDR265W,YEL024W,0,-4.9416046,0.08921120315790176,0.4490000009536743,0.45840001106262207
YHR187W,YDL115C,1,-4.942553,0.08939213305711746,0.44999998807907104,0.45840001106262207
YDL098C,YMR268C,0,-4.942705,0.08937437832355499,0.44999998807907104,0.4584999978542328
YIR015W,YDL105W,0,-4.943217,0.08935663104057312,0.44999998807907104,0.4586000144481659
YBR243C,YDL117W,0,-4.943237,0.08933889120817184,0.44999998807907104,0.4587000012397766
YLR071C,YDL080C,1,-4.9432645,0.08951964974403381,0.45100000500679016,0.4587000012397766
YDL049C,YPL281C,0,-4.943331,0.08950188755989075,0.45100000500679016,0.45879998803138733
YML042W,YMR106C,0,-4.943452,0.08948412537574768,0.45100000500679016,0.45890000462532043
YKL179C,YHR156C,0,-4.943571,0.08946637809276581,0.45100000500679016,0.45899999141693115
YKL190W,YLL039C,0,-4.943895,0.08944863080978394,0.45100000500679016,0.45910000801086426
YPL224C,YKR070W,0,-4.9439197,0.08943089097738266,0.45100000500679016,0.459199994802475
YFL018C,YGL125W,0,-4.9443717,0.08941316604614258,0.45100000500679016,0.4593000113964081
YLL031C,YOR124C,0,-4.945203,0.0893954411149025,0.45100000500679016,0.4593999981880188
YDR281C,YAL027W,0,-4.9452443,0.08937772363424301,0.45100000500679016,0.4595000147819519
YER141W,YKL011C,0,-4.9453273,0.08936001360416412,0.45100000500679016,0.4596000015735626
YER116C,YOR142W,0,-4.9461226,0.08934231102466583,0.45100000500679016,0.45969998836517334
YGL194C,YPR068C,0,-4.9461455,0.08932461589574814,0.45100000500679016,0.45980000495910645
YOR246C,YOR080W,0,-4.946168,0.08930692821741104,0.45100000500679016,0.45989999175071716
YIL161W,YIL022W,0,-4.9463663,0.08928924798965454,0.45100000500679016,0.46000000834465027
YJR003C,YLR330W,0,-4.9465036,0.08927157521247864,0.45100000500679016,0.460099995136261
YJL171C,YGL101W,0,-4.946545,0.08925390988588333,0.45100000500679016,0.4602000117301941
YJL062W,YOR233W,0,-4.946692,0.08923625200986862,0.45100000500679016,0.4602999985218048
YOR307C,YJR119C,0,-4.9467206,0.08921859413385391,0.45100000500679016,0.4603999853134155
YML025C,YGR100W,0,-4.9469047,0.0892009511590004,0.45100000500679016,0.46050000190734863
YLR357W,YCR065W,1,-4.947602,0.08938105404376984,0.4519999921321869,0.46050000190734863
YDR545W,YGR211W,0,-4.947635,0.08936338126659393,0.4519999921321869,0.46059998869895935
YOR110W,YJL074C,0,-4.9476895,0.08934572339057922,0.4519999921321869,0.46070000529289246
YKL129C,YCL005W,0,-4.9479294,0.08932806551456451,0.4519999921321869,0.4607999920845032
YPL005W,YMR196W,0,-4.948212,0.0893104150891304,0.4519999921321869,0.4609000086784363
YEL016C,YGR080W,0,-4.9486365,0.08929277211427689,0.4519999921321869,0.460999995470047
YGL209W,YMR042W,1,-4.9487443,0.08947264403104782,0.453000009059906,0.460999995470047
YER032W,YIL093C,0,-4.948829,0.08945497870445251,0.453000009059906,0.4611000120639801
YOR017W,YBR003W,0,-4.9488454,0.08943731337785721,0.453000009059906,0.4611999988555908
YCR052W,YBL103C,1,-4.949075,0.0896170511841774,0.45399999618530273,0.4611999988555908
YOR302W,YNL182C,0,-4.949096,0.0895993709564209,0.45399999618530273,0.46129998564720154
YDR118W,YOL082W,0,-4.9491735,0.0895816907286644,0.45399999618530273,0.46140000224113464
YGR104C,YGL073W,1,-4.949537,0.08976129442453384,0.45500001311302185,0.46140000224113464
YMR040W,YOR286W,0,-4.949659,0.08974359184503555,0.45500001311302185,0.46149998903274536
YER156C,YNL312W,0,-4.9497237,0.08972588926553726,0.45500001311302185,0.46160000562667847
YMR030W,YIL036W,1,-4.9497857,0.08990536630153656,0.4560000002384186,0.46160000562667847
YGL133W,YPL011C,1,-4.9499803,0.09008476138114929,0.4569999873638153,0.46160000562667847
YGR133W,YDR159W,0,-4.9501133,0.09006700664758682,0.4569999873638153,0.4616999924182892
YLR265C,YHR216W,0,-4.950139,0.09004925936460495,0.4569999873638153,0.4618000090122223
YMR175W,YDL207W,0,-4.950202,0.09003151953220367,0.4569999873638153,0.461899995803833
YKL015W,YLR417W,1,-4.9503164,0.09021075069904327,0.4580000042915344,0.461899995803833
YOR328W,YLR153C,0,-4.9503345,0.09019298851490021,0.4580000042915344,0.4620000123977661
YEL071W,YMR159C,0,-4.9503803,0.09017523378133774,0.4580000042915344,0.46209999918937683
YGR163W,YMR226C,0,-4.950755,0.09015747904777527,0.4580000042915344,0.46219998598098755
YMR031C,YAL012W,0,-4.9509788,0.09013973921537399,0.4580000042915344,0.46230000257492065
YER155C,YGR083C,0,-4.951011,0.09012199938297272,0.4580000042915344,0.46239998936653137
YJL156C,YGR080W,0,-4.9510803,0.09010426700115204,0.4580000042915344,0.4625000059604645
YMR065W,YJR135C,0,-4.9518504,0.09008654952049255,0.4580000042915344,0.4625999927520752
YGR089W,YCR009C,0,-4.9520087,0.09006883203983307,0.4580000042915344,0.4627000093460083
YGL133W,YPL002C,1,-4.95202,0.0902477353811264,0.45899999141693115,0.4627000093460083
YMR162C,YJR095W,0,-4.9523273,0.09022999554872513,0.45899999141693115,0.462799996137619
YML043C,YPL067C,0,-4.9526324,0.09021226316690445,0.45899999141693115,0.4629000127315521
YDL015C,YJR129C,0,-4.9529014,0.09019453823566437,0.45899999141693115,0.46299999952316284
YOL018C,YOR196C,0,-4.952907,0.09017682075500488,0.45899999141693115,0.46309998631477356
YAL034W-A,YBL057C,0,-4.953317,0.0901591032743454,0.45899999141693115,0.46320000290870667
YER159C,YBR240C,1,-4.9536233,0.09033778309822083,0.46000000834465027,0.46320000290870667
YMR315W,YDR169C,0,-4.953658,0.09032005071640015,0.46000000834465027,0.4632999897003174
YDR090C,YGR225W,0,-4.953661,0.09030231833457947,0.46000000834465027,0.4634000062942505
YDR069C,YMR066W,0,-4.953859,0.09028459340333939,0.46000000834465027,0.4634999930858612
YKL198C,YOR368W,0,-4.9543343,0.0902668759226799,0.46000000834465027,0.4636000096797943
YLR373C,YGR206W,0,-4.9547987,0.09024916589260101,0.46000000834465027,0.46369999647140503
YFL010W-A,YOL045W,0,-4.955103,0.09023146331310272,0.46000000834465027,0.46380001306533813
YIL122W,YER088C,1,-4.9552627,0.09040988236665726,0.460999995470047,0.46380001306533813
YDL001W,YJL054W,0,-4.955283,0.09039215743541718,0.460999995470047,0.46389999985694885
YDR080W,YML055W,0,-4.955321,0.09037443995475769,0.460999995470047,0.46399998664855957
YGL226C-A,YOR049C,0,-4.95536,0.0903567224740982,0.460999995470047,0.4641000032424927
YBR024W,YKL096W-A,0,-4.955526,0.09033901989459991,0.460999995470047,0.4641999900341034
YDR384C,YDR291W,0,-4.955959,0.09032131731510162,0.460999995470047,0.4643000066280365
YBR041W,YGL006W,0,-4.9566836,0.09030362218618393,0.460999995470047,0.4643999934196472
YJR072C,YLR319C,0,-4.9566913,0.09028593450784683,0.460999995470047,0.4645000100135803
YGL249W,YDR493W,0,-4.9572005,0.09026826173067093,0.460999995470047,0.46459999680519104
YJR063W,YOR251C,0,-4.957972,0.09025058895349503,0.460999995470047,0.46470001339912415
YNR041C,YHL036W,0,-4.9583817,0.09023292362689972,0.460999995470047,0.46480000019073486
YKR037C,YHR148W,0,-4.9587274,0.09021526575088501,0.460999995470047,0.4648999869823456
YDR301W,YDR217C,1,-4.9595814,0.09039326757192612,0.4620000123977661,0.4648999869823456
YIL095W,YMR019W,0,-4.959769,0.09037558734416962,0.4620000123977661,0.4650000035762787
YHR079C,YIL049W,0,-4.959815,0.09035791456699371,0.4620000123977661,0.4650999903678894
YLR218C,YDL141W,0,-4.9599657,0.09034024178981781,0.4620000123977661,0.4652000069618225
YPL253C,YGR276C,0,-4.960031,0.0903225839138031,0.4620000123977661,0.4652999937534332
YER073W,YML086C,0,-4.9600873,0.09030492603778839,0.4620000123977661,0.46540001034736633
YKR053C,YKL032C,0,-4.9608583,0.09028727561235428,0.4620000123977661,0.46549999713897705
YGR031W,YOR059C,0,-4.9609776,0.09026964008808136,0.4620000123977661,0.46560001373291016
YCL051W,YMR040W,0,-4.9612627,0.09025200456380844,0.4620000123977661,0.4657000005245209
YMR031C,YGR074W,0,-4.9614162,0.09023437649011612,0.4620000123977661,0.4657999873161316
YNL116W,YHR028C,0,-4.9620566,0.0902167558670044,0.4620000123977661,0.4659000039100647
YOR122C,YGR209C,0,-4.9620695,0.09019914269447327,0.4620000123977661,0.4659999907016754
YER123W,YHR209W,0,-4.96211,0.09018153697252274,0.4620000123977661,0.4661000072956085
YER159C,YPR034W,1,-4.9621744,0.09035909175872803,0.46299999952316284,0.4661000072956085
YDL233W,YPR063C,0,-4.962443,0.0903414636850357,0.46299999952316284,0.46619999408721924
YPR031W,YNL308C,0,-4.963162,0.09032383561134338,0.46299999952316284,0.46630001068115234
YPR193C,YBR044C,0,-4.963557,0.09030622243881226,0.46299999952316284,0.46639999747276306
YPR063C,YOL041C,0,-4.963782,0.09028860926628113,0.46299999952316284,0.46650001406669617
YBR162W-A,YGL211W,0,-4.9640346,0.0902710109949112,0.46299999952316284,0.4666000008583069
YGL209W,YJR140C,1,-4.9646554,0.09044834226369858,0.46399998664855957,0.4666000008583069
YGL187C,YJR044C,0,-4.964751,0.09043071419000626,0.46399998664855957,0.4666999876499176
YOR113W,YBR272C,0,-4.964811,0.09041309356689453,0.46399998664855957,0.4668000042438507
YJL161W,YJR129C,0,-4.9664583,0.0903954803943634,0.46399998664855957,0.4668999910354614
YHR071W,YLR197W,0,-4.9666123,0.09037787467241287,0.46399998664855957,0.46700000762939453
YNR028W,YER053C,0,-4.966838,0.09036026895046234,0.46399998664855957,0.46709999442100525
YNL030W,YDR109C,0,-4.96751,0.090342678129673,0.46399998664855957,0.46720001101493835
YMR277W,YNL249C,0,-4.9679933,0.09032509475946426,0.46399998664855957,0.4672999978065491
YDL101C,YBR026C,0,-4.9681945,0.09030751138925552,0.46399998664855957,0.4674000144004822
YIR039C,YMR023C,0,-4.9682765,0.09028994292020798,0.46399998664855957,0.4675000011920929
YIL134W,YBR210W,0,-4.9687257,0.09027237445116043,0.46399998664855957,0.4675999879837036
YLR084C,YPR097W,0,-4.9688325,0.09025481343269348,0.46399998664855957,0.4677000045776367
YGL151W,YGL133W,1,-4.969394,0.09043173491954803,0.4650000035762787,0.4677000045776367
YOR335C,YPL283C,0,-4.969778,0.0904141515493393,0.4650000035762787,0.46779999136924744
YDR049W,YLR127C,0,-4.969888,0.09039657562971115,0.4650000035762787,0.46790000796318054
YOR298W,YOR096W,0,-4.9701796,0.0903790071606636,0.4650000035762787,0.46799999475479126
YOL077W-A,YER001W,0,-4.9702115,0.09036144614219666,0.4650000035762787,0.46810001134872437
YGL119W,YNL231C,0,-4.9702544,0.0903438925743103,0.4650000035762787,0.4681999981403351
YFR006W,YGR253C,0,-4.97026,0.09032633900642395,0.4650000035762787,0.4683000147342682
YBR102C,YMR060C,0,-4.9704075,0.09030880033969879,0.4650000035762787,0.4684000015258789
YNR017W,YPL132W,0,-4.970771,0.09029126167297363,0.4650000035762787,0.4684999883174896
YDR037W,YDR056C,0,-4.970821,0.09027373045682907,0.4650000035762787,0.46860000491142273
YGL045W,YAR009C,0,-4.970823,0.0902562141418457,0.4650000035762787,0.46869999170303345
YAL034W-A,YNR049C,0,-4.9712853,0.09023869782686234,0.4650000035762787,0.46880000829696655
YGL244W,YKR099W,1,-4.9715314,0.09041520953178406,0.4659999907016754,0.46880000829696655
YJL004C,YDR135C,0,-4.971596,0.0903976708650589,0.4659999907016754,0.46889999508857727
YGL145W,YPL175W,0,-4.9716406,0.09038013964891434,0.4659999907016754,0.4690000116825104
YOR317W,YDR425W,0,-4.971827,0.09036261588335037,0.4659999907016754,0.4690999984741211
YMR073C,YHR062C,0,-4.9720187,0.09034509211778641,0.4659999907016754,0.4691999852657318
YGL224C,YIL007C,0,-4.9720387,0.09032758325338364,0.4659999907016754,0.4693000018596649
YGR268C,YJL137C,0,-4.9721475,0.09031007438898087,0.4659999907016754,0.46939998865127563
YIL096C,YJL011C,0,-4.9721627,0.09029258042573929,0.4659999907016754,0.46950000524520874
YDL007W,YKR100C,0,-4.9722037,0.09027508646249771,0.4659999907016754,0.46959999203681946
YDR214W,YLR015W,0,-4.9722857,0.09025759994983673,0.4659999907016754,0.46970000863075256
YGL023C,YDR533C,0,-4.9725347,0.09024012088775635,0.4659999907016754,0.4697999954223633
YDR206W,YGL113W,0,-4.9729257,0.09022264927625656,0.4659999907016754,0.4699000120162964
YJR086W,YHR184W,0,-4.973058,0.09020518511533737,0.4659999907016754,0.4699999988079071
YMR289W,YGR140W,0,-4.97316,0.09018772840499878,0.4659999907016754,0.4700999855995178
YOR283W,YLR218C,0,-4.973188,0.09017027914524078,0.4659999907016754,0.4702000021934509
YLR037C,YKL211C,0,-4.973307,0.09015283733606339,0.4659999907016754,0.47029998898506165
YKL135C,YFL009W,0,-4.973498,0.09013539552688599,0.4659999907016754,0.47040000557899475
YBR255W,YDR522C,0,-4.9736753,0.09011796861886978,0.4659999907016754,0.47049999237060547
YOR192C,YLR218C,0,-4.973704,0.09010054171085358,0.4659999907016754,0.4706000089645386
YLR318W,YGR121C,0,-4.97389,0.09008312225341797,0.4659999907016754,0.4706999957561493
YNL153C,YEL004W,0,-4.974096,0.09006571024656296,0.4659999907016754,0.4708000123500824
YNR059W,YLR148W,0,-4.974144,0.09004830569028854,0.4659999907016754,0.4708999991416931
YLR376C,YMR016C,0,-4.974499,0.09003090858459473,0.4659999907016754,0.47099998593330383
YOR159C,YOL045W,0,-4.974642,0.0900135189294815,0.4659999907016754,0.47110000252723694
YKL208W,YJR065C,0,-4.9746866,0.08999613672494888,0.4659999907016754,0.47119998931884766
YMR274C,YFL053W,0,-4.9747286,0.08997876197099686,0.4659999907016754,0.47130000591278076
YOR194C,YER028C,1,-4.97479,0.09015443921089172,0.46700000762939453,0.47130000591278076
YMR257C,YMR283C,0,-4.975139,0.0901370421051979,0.46700000762939453,0.4713999927043915
YBL069W,YBR196C,0,-4.975592,0.09011964499950409,0.46700000762939453,0.4715000092983246
YJL056C,YJR102C,1,-4.975692,0.09029519557952881,0.46799999475479126,0.4715000092983246
YDR503C,YDL077C,0,-4.975926,0.0902777761220932,0.46799999475479126,0.4715999960899353
YML068W,YDR007W,0,-4.976797,0.09026036411523819,0.46799999475479126,0.4717000126838684
YDL240W,YDL090C,0,-4.9770026,0.09024295955896378,0.46799999475479126,0.4717999994754791
YDL233W,YBR069C,0,-4.977137,0.09022556245326996,0.46799999475479126,0.47189998626708984
YOL129W,YDR378C,0,-4.97716,0.09020817279815674,0.46799999475479126,0.47200000286102295
YJR122W,YPL188W,0,-4.977175,0.09019079059362411,0.46799999475479126,0.47209998965263367
YHL038C,YBR112C,0,-4.977297,0.09017340838909149,0.46799999475479126,0.4722000062465668
YKL088W,YAL023C,0,-4.977306,0.09015604108572006,0.46799999475479126,0.4722999930381775
YLR264W,YDL079C,0,-4.977415,0.09013867378234863,0.46799999475479126,0.4724000096321106
YGL092W,YOR349W,0,-4.977525,0.0901213139295578,0.46799999475479126,0.4724999964237213
YNL147W,YJL106W,0,-4.9775767,0.09010396897792816,0.46799999475479126,0.4726000130176544
YKL064W,YDL033C,0,-4.977626,0.09008662402629852,0.46799999475479126,0.47269999980926514
YJR060W,YPL175W,0,-4.9781795,0.09006928652524948,0.46799999475479126,0.47279998660087585
YCR009C,YDL159W,0,-4.978182,0.09005195647478104,0.46799999475479126,0.47290000319480896
YGL145W,YDL144C,0,-4.978225,0.09003462642431259,0.46799999475479126,0.4729999899864197
YLR039C,YDR200C,0,-4.9788756,0.09001731127500534,0.46799999475479126,0.4731000065803528
YIR002C,YPL164C,0,-4.978883,0.09000000357627869,0.46799999475479126,0.4731999933719635
YBR118W,YJL079C,0,-4.9789543,0.08998269587755203,0.46799999475479126,0.4733000099658966
YER028C,YBR253W,1,-4.97897,0.09015762805938721,0.4690000116825104,0.4733000099658966
YGL005C,YPR184W,0,-4.9792314,0.09014030545949936,0.4690000116825104,0.4733999967575073
YLR425W,YPR036W,0,-4.979339,0.09012298285961151,0.4690000116825104,0.47350001335144043
YDR173C,YER088C,1,-4.9795957,0.09029778838157654,0.4699999988079071,0.47350001335144043
YBR196C,YMR051C,0,-4.9796605,0.0902804434299469,0.4699999988079071,0.47360000014305115
YML133C,YNL234W,0,-4.9798217,0.09026310592889786,0.4699999988079071,0.47369998693466187
YGL103W,YMR150C,0,-4.9800525,0.09024577587842941,0.4699999988079071,0.47380000352859497
YOR208W,YML049C,0,-4.9802155,0.09022845327854156,0.4699999988079071,0.4738999903202057
YDR531W,YER048C,0,-4.980581,0.09021113067865372,0.4699999988079071,0.4740000069141388
YGR031W,YLR216C,0,-4.980805,0.09019382297992706,0.4699999988079071,0.4740999937057495
YGL253W,YGL058W,0,-4.9809184,0.09017651528120041,0.4699999988079071,0.4742000102996826
YNL147W,YPL024W,0,-4.981495,0.09015921503305435,0.4699999988079071,0.47429999709129333
YLR024C,YBL092W,0,-4.981601,0.09014192223548889,0.4699999988079071,0.47440001368522644
YLR273C,YLL021W,0,-4.9819694,0.09012463688850403,0.4699999988079071,0.47450000047683716
YNL229C,YOR042W,0,-4.982058,0.09010735899209976,0.4699999988079071,0.4745999872684479
YLR345W,YLR085C,0,-4.982187,0.09009008854627609,0.4699999988079071,0.474700003862381
YHR143W,YDR125C,0,-4.982514,0.09007282555103302,0.4699999988079071,0.4747999906539917
YER071C,YKL130C,0,-4.982519,0.09005556255578995,0.4699999988079071,0.4749000072479248
YDR385W,YHR146W,0,-4.9830265,0.09003831446170807,0.4699999988079071,0.4749999940395355
YJL014W,YDL159W,0,-4.9832034,0.09002106636762619,0.4699999988079071,0.47510001063346863
YGL010W,YIL103W,0,-4.9838014,0.0900038331747055,0.4699999988079071,0.47519999742507935
YOL043C,YBR166C,0,-4.9839664,0.08998659998178482,0.4699999988079071,0.47530001401901245
YML063W,YDL119C,0,-4.984193,0.08996937423944473,0.4699999988079071,0.47540000081062317
YCL051W,YHR160C,0,-4.984197,0.08995215594768524,0.4699999988079071,0.4754999876022339
YJR008W,YOR031W,0,-4.9844584,0.08993493765592575,0.4699999988079071,0.475600004196167
YER131W,YBL001C,0,-4.9846144,0.08991773426532745,0.4699999988079071,0.4756999909877777
YMR140W,YDL117W,0,-4.9847064,0.08990053832530975,0.4699999988079071,0.4758000075817108
YNR020C,YPR189W,0,-4.9847884,0.08988334238529205,0.4699999988079071,0.47589999437332153
YBR265W,YHR076W,0,-4.9850054,0.08986615389585495,0.4699999988079071,0.47600001096725464
YAR050W,YKL010C,0,-4.9851627,0.08984898030757904,0.4699999988079071,0.47609999775886536
YLR259C,YLR273C,0,-4.9854007,0.08983180671930313,0.4699999988079071,0.47620001435279846
YER011W,YIL154C,0,-4.985472,0.08981464058160782,0.4699999988079071,0.4763000011444092
YOR106W,YBR066C,0,-4.9859605,0.0897974744439125,0.4699999988079071,0.4763999879360199
YMR318C,YNL010W,0,-4.986231,0.08978032320737839,0.4699999988079071,0.476500004529953
YPL040C,YLR098C,0,-4.9863486,0.08976317942142487,0.4699999988079071,0.4765999913215637
YBL052C,YNL292W,0,-4.986487,0.08974603563547134,0.4699999988079071,0.4767000079154968
YDR384C,YNL088W,0,-4.987102,0.08972890675067902,0.4699999988079071,0.47679999470710754
YPL187W,YMR150C,0,-4.9873223,0.08971177786588669,0.4699999988079071,0.47690001130104065
YBL008W,YOL063C,1,-4.9873414,0.08988549560308456,0.47099998593330383,0.47690001130104065
YER043C,YDR420W,0,-4.987619,0.08986834436655045,0.47099998593330383,0.47699999809265137
YGR094W,YDR498C,0,-4.9877944,0.08985120058059692,0.47099998593330383,0.4771000146865845
YGR194C,YPL074W,0,-4.987901,0.089834064245224,0.47099998593330383,0.4772000014781952
YHL006C,YOR311C,0,-4.98795,0.08981693536043167,0.47099998593330383,0.4772999882698059
YIL125W,YOL165C,0,-4.988196,0.08979980647563934,0.47099998593330383,0.477400004863739
YML055W,YEL004W,0,-4.988235,0.08978269249200821,0.47099998593330383,0.47749999165534973
YDR528W,YPL171C,0,-4.988255,0.08976557850837708,0.47099998593330383,0.47760000824928284
YDR238C,YBR264C,0,-4.9885616,0.08974847197532654,0.47099998593330383,0.47769999504089355
YKR095W,YHL033C,0,-4.988628,0.0897313803434372,0.47099998593330383,0.47780001163482666
YDR097C,YDR341C,0,-4.9886303,0.08971428871154785,0.47099998593330383,0.4778999984264374
YIL122W,YPL190C,1,-4.9888372,0.08988764137029648,0.47200000286102295,0.4778999984264374
YJR076C,YOR156C,0,-4.9890485,0.08987052738666534,0.47200000286102295,0.4779999852180481
YKL091C,YCR012W,0,-4.989405,0.08985341340303421,0.47200000286102295,0.4781000018119812
YIL005W,YHR020W,0,-4.9895577,0.08983631432056427,0.47200000286102295,0.4781999886035919
YGR136W,YDR434W,0,-4.9895644,0.08981922268867493,0.47200000286102295,0.478300005197525
YDL161W,YDR254W,0,-4.9897337,0.08980213105678558,0.47200000286102295,0.47839999198913574
YOL059W,YER038C,0,-4.989847,0.08978504687547684,0.47200000286102295,0.47850000858306885
YBR085W,YOR043W,0,-4.9900584,0.08976797014474869,0.47200000286102295,0.47859999537467957
YDR392W,YOL102C,0,-4.99025,0.08975090086460114,0.47200000286102295,0.47870001196861267
YKR086W,YGR192C,0,-4.990495,0.08973383903503418,0.47200000286102295,0.4787999987602234
YJR090C,YDR001C,0,-4.9904976,0.08971678465604782,0.47200000286102295,0.4788999855518341
YMR238W,YMR009W,0,-4.9907174,0.08969973027706146,0.47200000286102295,0.4790000021457672
YPL085W,YHR061C,0,-4.9908075,0.0896826907992363,0.47200000286102295,0.47909998893737793
YDR337W,YIL010W,0,-4.9913,0.08966565132141113,0.47200000286102295,0.47920000553131104
YMR217W,YDR174W,0,-4.991505,0.08964861929416656,0.47200000286102295,0.47929999232292175
YBR028C,YMR077C,0,-4.992148,0.08963160216808319,0.47200000286102295,0.47940000891685486
YDR460W,YPR086W,1,-4.9930162,0.08980444073677063,0.4729999899864197,0.47940000891685486
YLR361C,YCR047C,0,-4.9936805,0.08978739380836487,0.4729999899864197,0.4794999957084656
YPR041W,YKR048C,0,-4.99373,0.0897703543305397,0.4729999899864197,0.4796000123023987
YLR318W,YHR028C,0,-4.993769,0.08975332230329514,0.4729999899864197,0.4796999990940094
YLR195C,YHR092C,0,-4.993827,0.08973629027605057,0.4729999899864197,0.4797999858856201
YGR044C,YNL278W,1,-4.9938593,0.08990895003080368,0.4740000069141388,0.4797999858856201
YJR094W-A,YER124C,0,-4.995213,0.08989190310239792,0.4740000069141388,0.4799000024795532
YAL002W,YAL042W,0,-4.9955926,0.08987485617399216,0.4740000069141388,0.47999998927116394
YHR206W,YGR271C-A,0,-4.995739,0.08985781669616699,0.4740000069141388,0.48010000586509705
YER133W,YFL024C,1,-4.9957566,0.09003032743930817,0.4749999940395355,0.48010000586509705
YMR058W,YER087W,0,-4.9966226,0.09001326560974121,0.4749999940395355,0.48019999265670776
YBR155W,YER012W,0,-4.9970384,0.08999621123075485,0.4749999940395355,0.48030000925064087
YLR273C,YDR368W,0,-4.9972234,0.08997916430234909,0.4749999940395355,0.4803999960422516
YDR398W,YLR404W,0,-4.997252,0.08996212482452393,0.4749999940395355,0.4805000126361847
YGR289C,YNL318C,0,-4.9975863,0.08994508534669876,0.4749999940395355,0.4805999994277954
YAL022C,YBR250W,0,-4.9976983,0.08992806077003479,0.4749999940395355,0.48069998621940613
YGL222C,YGL092W,0,-4.997727,0.08991103619337082,0.4749999940395355,0.48080000281333923
YDR228C,YBR240C,1,-4.9977293,0.09008327126502991,0.47600001096725464,0.48080000281333923
YFL048C,YOR202W,0,-4.9986496,0.09006622433662415,0.47600001096725464,0.48089998960494995
YML059C,YDR280W,0,-4.999001,0.09004918485879898,0.47600001096725464,0.48100000619888306
YJR059W,YDR422C,0,-4.9997115,0.09003215283155441,0.47600001096725464,0.4810999929904938
YCR077C,YBL057C,0,-4.999828,0.09001512825489044,0.47600001096725464,0.4812000095844269
YPL005W,YML001W,0,-4.9998364,0.08999811112880707,0.47600001096725464,0.4812999963760376
YPL066W,YLR180W,0,-5.0000243,0.0899810940027237,0.47600001096725464,0.4814000129699707
YFR001W,YMR259C,0,-5.00034,0.08996409177780151,0.47600001096725464,0.4814999997615814
YKL214C,YDL010W,0,-5.0005054,0.08994708955287933,0.47600001096725464,0.48159998655319214
YDR285W,YLR139C,0,-5.0009766,0.08993009477853775,0.47600001096725464,0.48170000314712524
YOL124C,YGL101W,0,-5.001499,0.08991310745477676,0.47600001096725464,0.48179998993873596
YPL033C,YGL030W,0,-5.001531,0.08989612758159637,0.47600001096725464,0.48190000653266907
YCL069W,YGL020C,0,-5.0021267,0.08987915515899658,0.47600001096725464,0.4819999933242798
YGL146C,YLR265C,0,-5.002385,0.08986218273639679,0.47600001096725464,0.4821000099182129
YMR196W,YKL017C,0,-5.0024443,0.08984522521495819,0.47600001096725464,0.4821999967098236
YPR114W,YNL092W,0,-5.0026307,0.08982826769351959,0.47600001096725464,0.4823000133037567
YHL048W,YOR259C,0,-5.0029616,0.08981131762266159,0.47600001096725464,0.48240000009536743
YGL116W,YMR308C,0,-5.0029764,0.08979437500238419,0.47600001096725464,0.48249998688697815
YLR181C,YNL187W,0,-5.0030193,0.08977743983268738,0.47600001096725464,0.48260000348091125
YBL009W,YML035C,0,-5.0030847,0.08976051211357117,0.47600001096725464,0.482699990272522
YGL091C,YOL043C,0,-5.003089,0.08974359184503555,0.47600001096725464,0.4828000068664551
YLR192C,YJR022W,0,-5.0031056,0.08972667157649994,0.47600001096725464,0.4828999936580658
YDR079C-A,YMR179W,1,-5.00312,0.08989822864532471,0.47699999809265137,0.4828999936580658
YAL041W,YGL122C,0,-5.003412,0.0898812860250473,0.47699999809265137,0.4830000102519989
YOL016C,YNL225C,0,-5.003568,0.08986435830593109,0.47699999809265137,0.4830999970436096
YDR423C,YLR176C,1,-5.0035815,0.09003578871488571,0.4779999852180481,0.4830999970436096
YER122C,YMR143W,0,-5.003627,0.09001883119344711,0.4779999852180481,0.4832000136375427
YIL061C,YDR334W,0,-5.0044236,0.09000188112258911,0.4779999852180481,0.48330000042915344
YAL053W,YNL007C,0,-5.004605,0.0899849385023117,0.4779999852180481,0.48339998722076416
YNR041C,YOL010W,0,-5.0047936,0.0899680033326149,0.4779999852180481,0.48350000381469727
YPR054W,YIR026C,0,-5.0048265,0.08995107561349869,0.4779999852180481,0.483599990606308
YLR072W,YGL157W,0,-5.005351,0.08993414789438248,0.4779999852180481,0.4837000072002411
YAR008W,YBR021W,0,-5.0055804,0.08991722762584686,0.4779999852180481,0.4837999939918518
YML128C,YOR003W,0,-5.0055823,0.08990032225847244,0.4779999852180481,0.4839000105857849
YGR284C,YER179W,0,-5.0057235,0.08988341689109802,0.4779999852180481,0.48399999737739563
YNL023C,YHL019C,0,-5.00592,0.0898665189743042,0.4779999852180481,0.48410001397132874
YGL221C,YLR429W,0,-5.0061793,0.08984962105751038,0.4779999852180481,0.48420000076293945
YPL145C,YPL144W,0,-5.0062165,0.08983273804187775,0.4779999852180481,0.48429998755455017
YIL147C,YGL225W,0,-5.0065436,0.08981585502624512,0.4779999852180481,0.4844000041484833
YHR124W,YFL029C,0,-5.0067506,0.08979898691177368,0.4779999852180481,0.484499990940094
YKL164C,YKL057C,0,-5.0071626,0.08978211879730225,0.4779999852180481,0.4846000075340271
YCL067C,YCR020W-B,1,-5.007485,0.08995305001735687,0.4790000021457672,0.4846000075340271
YNL116W,YNL307C,0,-5.0077224,0.08993615955114365,0.4790000021457672,0.4846999943256378
YOR208W,YAL024C,0,-5.007771,0.08991927653551102,0.4790000021457672,0.4848000109195709
YHR160C,YNL224C,0,-5.0078273,0.08990240097045898,0.4790000021457672,0.48489999771118164
YER124C,YDL159W,0,-5.007853,0.08988553285598755,0.4790000021457672,0.48500001430511475
YHR178W,YLR335W,0,-5.007997,0.08986866474151611,0.4790000021457672,0.48510000109672546
YPR031W,YNL162W,0,-5.0080323,0.08985181152820587,0.4790000021457672,0.4851999878883362
YKR082W,YBL055C,0,-5.008088,0.08983495831489563,0.4790000021457672,0.4853000044822693
YGR134W,YPR056W,1,-5.0081816,0.09000562876462936,0.47999998927116394,0.4853000044822693
YBR296C,YDL134C,0,-5.0086637,0.08998875319957733,0.47999998927116394,0.48539999127388
YPR052C,YHR187W,1,-5.009053,0.0901593267917633,0.48100000619888306,0.48539999127388
YDR214W,YOR031W,0,-5.009268,0.09014242887496948,0.48100000619888306,0.4855000078678131
YML091C,YGR044C,1,-5.009288,0.0903129130601883,0.4819999933242798,0.4855000078678131
YHR164C,YHR190W,0,-5.009332,0.09029599279165268,0.4819999933242798,0.48559999465942383
YKR101W,YNL049C,0,-5.0101657,0.09027907997369766,0.4819999933242798,0.48570001125335693
YER073W,YLR043C,0,-5.010317,0.09026217460632324,0.4819999933242798,0.48579999804496765
YKL088W,YGL103W,0,-5.01032,0.09024526923894882,0.4819999933242798,0.48590001463890076
YER144C,YGL240W,0,-5.0114045,0.0902283787727356,0.4819999933242798,0.4860000014305115
YOR246C,YML079W,0,-5.0118256,0.09021148830652237,0.4819999933242798,0.4860999882221222
YOR159C,YLR145W,0,-5.011977,0.09019461274147034,0.4819999933242798,0.4862000048160553
YOL002C,YOR382W,0,-5.012133,0.0901777371764183,0.4819999933242798,0.486299991607666
YPL010W,YPL215W,0,-5.012309,0.09016086906194687,0.4819999933242798,0.4864000082015991
YHR118C,YKL070W,0,-5.012363,0.09014400839805603,0.4819999933242798,0.48649999499320984
YER152C,YNL027W,0,-5.0124,0.09012714773416519,0.4819999933242798,0.48660001158714294
YDR165W,YNL149C,0,-5.012829,0.09011030197143555,0.4819999933242798,0.48669999837875366
YBR131W,YJL008C,0,-5.013441,0.0900934562087059,0.4819999933242798,0.4867999851703644
YMR261C,YDL144C,0,-5.0134478,0.09007661789655685,0.4819999933242798,0.4869000017642975
YJR156C,YDL090C,0,-5.013696,0.0900597870349884,0.4819999933242798,0.4869999885559082
YDR002W,YLR262C,0,-5.0142093,0.09004296362400055,0.4819999933242798,0.4871000051498413
YJR010C-A,YBL023C,0,-5.0142093,0.09002614766359329,0.4819999933242798,0.487199991941452
YIL119C,YLR270W,0,-5.014253,0.09000933915376663,0.4819999933242798,0.48730000853538513
YGR103W,YKR069W,0,-5.0143313,0.08999253064393997,0.4819999933242798,0.48739999532699585
YLR438C-A,YKR055W,0,-5.014652,0.08997572958469391,0.4819999933242798,0.48750001192092896
YBL080C,YKL189W,0,-5.014685,0.08995894342660904,0.4819999933242798,0.4875999987125397
YBR086C,YIL084C,0,-5.0147567,0.08994214981794357,0.4819999933242798,0.4876999855041504
YMR150C,YPL249C,0,-5.015001,0.0899253711104393,0.4819999933242798,0.4878000020980835
YJL173C,YGL173C,0,-5.015138,0.08990859985351562,0.4819999933242798,0.4878999888896942
YDR056C,YJR027W,0,-5.015143,0.08989182859659195,0.4819999933242798,0.4880000054836273
YFL018C,YER031C,0,-5.015965,0.08987507224082947,0.4819999933242798,0.48809999227523804
YOL101C,YMR323W,0,-5.016088,0.08985831588506699,0.4819999933242798,0.48820000886917114
YEL039C,YDR494W,0,-5.0162454,0.0898415669798851,0.4819999933242798,0.48829999566078186
YDL246C,YLR120C,0,-5.016287,0.08982482552528381,0.4819999933242798,0.48840001225471497
YMR030W,YMR021C,1,-5.016362,0.0899944081902504,0.4830000102519989,0.48840001225471497
YMR113W,YDL146W,0,-5.016507,0.08997764438390732,0.4830000102519989,0.4884999990463257
YBR006W,YML068W,0,-5.0165563,0.08996088802814484,0.4830000102519989,0.4885999858379364
YNR015W,YLR313C,0,-5.016653,0.08994413167238235,0.4830000102519989,0.4887000024318695
YNL153C,YDR144C,0,-5.0167766,0.08992739021778107,0.4830000102519989,0.4887999892234802
YLR321C,YOL028C,1,-5.016876,0.09009680151939392,0.48399999737739563,0.4887999892234802
YBL051C,YPL024W,0,-5.0175977,0.09008003026247025,0.48399999737739563,0.48890000581741333
YNL260C,YKL155C,0,-5.017675,0.09006326645612717,0.48399999737739563,0.48899999260902405
YOR128C,YDL171C,0,-5.0177855,0.09004651010036469,0.48399999737739563,0.48910000920295715
YGR093W,YGL229C,0,-5.0179067,0.0900297611951828,0.48399999737739563,0.48919999599456787
YHR150W,YKL134C,0,-5.01793,0.09001301974058151,0.48399999737739563,0.489300012588501
YGR284C,YLR142W,0,-5.0179987,0.08999627828598022,0.48399999737739563,0.4893999993801117
YDR011W,YDR125C,0,-5.0183005,0.08997955173254013,0.48399999737739563,0.4894999861717224
YOR283W,YNL117W,0,-5.018463,0.08996282517910004,0.48399999737739563,0.4896000027656555
YER026C,YER015W,0,-5.018499,0.08994610607624054,0.48399999737739563,0.48969998955726624
YGR250C,YGL062W,0,-5.0185976,0.08992939442396164,0.48399999737739563,0.48980000615119934
YNL236W,YFL039C,1,-5.018746,0.09009845554828644,0.48500001430511475,0.48980000615119934
YDR386W,YJL013C,0,-5.019021,0.09008172154426575,0.48500001430511475,0.48989999294281006
YOL090W,YEL042W,0,-5.019324,0.09006499499082565,0.48500001430511475,0.49000000953674316
YDR337W,YLL058W,0,-5.0194044,0.09004827588796616,0.48500001430511475,0.4900999963283539
YLR453C,YJR022W,0,-5.0196686,0.09003155678510666,0.48500001430511475,0.490200012922287
YAL038W,YLR141W,0,-5.0201397,0.09001484513282776,0.48500001430511475,0.4902999997138977
YPL097W,YOL044W,0,-5.020397,0.08999814093112946,0.48500001430511475,0.4903999865055084
YER157W,YNL227C,0,-5.0204377,0.08998144418001175,0.48500001430511475,0.49050000309944153
YDR471W,YNL147W,0,-5.0204415,0.08996475487947464,0.48500001430511475,0.49059998989105225
YFR005C,YMR117C,0,-5.020483,0.08994807302951813,0.48500001430511475,0.49070000648498535
YDR251W,YPR037C,0,-5.020526,0.08993139117956161,0.48500001430511475,0.49079999327659607
YIL052C,YJL207C,0,-5.0212407,0.0899147167801857,0.48500001430511475,0.4909000098705292
YGL020C,YOR205C,0,-5.0219035,0.08989805728197098,0.48500001430511475,0.4909999966621399
YGR098C,YOL077W-A,0,-5.0222545,0.08988139033317566,0.48500001430511475,0.491100013256073
YBL015W,YDR386W,0,-5.022372,0.08986473828554153,0.48500001430511475,0.4912000000476837
YDR202C,YLR392C,0,-5.0225167,0.089848093688488,0.48500001430511475,0.49129998683929443
YDR270W,YOR005C,0,-5.0227137,0.08983144909143448,0.48500001430511475,0.49140000343322754
YDR541C,YPL098C,0,-5.022741,0.08981481194496155,0.48500001430511475,0.49149999022483826
YHL047C,YDR481C,0,-5.023083,0.08979818224906921,0.48500001430511475,0.49160000681877136
YOL043C,YKL006C-A,0,-5.0233064,0.08978156000375748,0.48500001430511475,0.4916999936103821
YML079W,YOR291W,0,-5.023474,0.08976494520902634,0.48500001430511475,0.4918000102043152
YDR020C,YDR126W,0,-5.023562,0.0897483378648758,0.48500001430511475,0.4918999969959259
YHR150W,YGR271W,0,-5.0242763,0.08973173052072525,0.48500001430511475,0.492000013589859
YMR204C,YCL042W,0,-5.0246887,0.0897151306271553,0.48500001430511475,0.4921000003814697
YLR371W,YOR064C,0,-5.0249033,0.08969853818416595,0.48500001430511475,0.49219998717308044
YGL251C,YKL214C,0,-5.025013,0.0896819531917572,0.48500001430511475,0.49230000376701355
YER102W,YJR107W,0,-5.025027,0.08966537564992905,0.48500001430511475,0.49239999055862427
YOR006C,YDR420W,0,-5.025102,0.08964879810810089,0.48500001430511475,0.4925000071525574
YER170W,YGL087C,0,-5.02539,0.08963222801685333,0.48500001430511475,0.4925999939441681
YJL058C,YLL018C,0,-5.025452,0.08961566537618637,0.48500001430511475,0.4927000105381012
YMR233W,YPR186C,0,-5.0255075,0.0895991101861,0.48500001430511475,0.4927999973297119
YOR134W,YMR100W,0,-5.025542,0.08958256244659424,0.48500001430511475,0.492900013923645
YHL038C,YNL333W,0,-5.0255685,0.08956602215766907,0.48500001430511475,0.49300000071525574
YPL166W,YDR356W,0,-5.026172,0.0895494818687439,0.48500001430511475,0.49309998750686646
YCL026C-A,YNL159C,0,-5.0268083,0.08953294903039932,0.48500001430511475,0.49320000410079956
YDL098C,YMR136W,0,-5.026908,0.08951642364263535,0.48500001430511475,0.4932999908924103
YKL135C,YKR101W,0,-5.027167,0.08949990570545197,0.48500001430511475,0.4934000074863434
YBL069W,YBR150C,0,-5.027349,0.08948339521884918,0.48500001430511475,0.4934999942779541
YKL054C,YDR011W,0,-5.0274215,0.0894668847322464,0.48500001430511475,0.4936000108718872
YDR437W,YPL100W,0,-5.0288258,0.08945038914680481,0.48500001430511475,0.4936999976634979
YDR311W,YHR187W,1,-5.028953,0.08961829543113708,0.4860000014305115,0.4936999976634979
YGR129W,YCR060W,0,-5.0291915,0.08960177004337311,0.4860000014305115,0.49380001425743103
YPR187W,YGR116W,1,-5.029287,0.08976958692073822,0.4869999885559082,0.49380001425743103
YOR162C,YOL028C,1,-5.029795,0.08993733674287796,0.4880000054836273,0.49380001425743103
YNL083W,YLR403W,0,-5.0300593,0.0899207666516304,0.4880000054836273,0.49390000104904175
YHR211W,YJL010C,0,-5.03011,0.08990420401096344,0.4880000054836273,0.49399998784065247
YOL094C,YHL018W,0,-5.0301576,0.08988764137029648,0.4880000054836273,0.49410000443458557
YER013W,YLR307W,0,-5.0302567,0.08987108618021011,0.4880000054836273,0.4941999912261963
YOL091W,YJL208C,0,-5.0305157,0.08985453844070435,0.4880000054836273,0.4943000078201294
YLL002W,YLR191W,0,-5.030727,0.08983799815177917,0.4880000054836273,0.4943999946117401
YDR307W,YGR061C,0,-5.030927,0.089821457862854,0.4880000054836273,0.4945000112056732
YPL151C,YNL122C,0,-5.031177,0.08980493247509003,0.4880000054836273,0.49459999799728394
YLR426W,YLR436C,0,-5.031319,0.08978840708732605,0.4880000054836273,0.49470001459121704
YFL030W,YMR283C,0,-5.03198,0.08977188915014267,0.4880000054836273,0.49480000138282776
YGR074W,YBL004W,0,-5.032081,0.08975537866353989,0.4880000054836273,0.4948999881744385
YLR072W,YMR095C,0,-5.0321507,0.0897388756275177,0.4880000054836273,0.4950000047683716
YDR528W,YGR049W,0,-5.032479,0.08972237259149551,0.4880000054836273,0.4950999915599823
YLR069C,YJR056C,0,-5.0331054,0.08970588445663452,0.4880000054836273,0.4952000081539154
YPR052C,YDR079C-A,1,-5.033298,0.08987318724393845,0.48899999260902405,0.4952000081539154
YLR100W,YOR003W,0,-5.033585,0.08985666930675507,0.48899999260902405,0.4952999949455261
YOR306C,YNR017W,0,-5.033659,0.08984015882015228,0.48899999260902405,0.49540001153945923
YDL161W,YPR068C,0,-5.0339365,0.0898236557841301,0.48899999260902405,0.49549999833106995
YPL268W,YNL254C,0,-5.034065,0.08980716019868851,0.48899999260902405,0.49559998512268066
YML096W,YLR304C,0,-5.034241,0.08979067206382751,0.48899999260902405,0.49570000171661377
YHR118C,YDR116C,0,-5.034388,0.08977418392896652,0.48899999260902405,0.4957999885082245
YMR040W,YBL080C,0,-5.034449,0.08975771069526672,0.48899999260902405,0.4959000051021576
YMR251W-A,YGR023W,0,-5.034454,0.08974123746156693,0.48899999260902405,0.4959999918937683
YIL137C,YNR012W,0,-5.0346484,0.08972477167844772,0.48899999260902405,0.4961000084877014
YDR362C,YFR008W,0,-5.0347877,0.08970831334590912,0.48899999260902405,0.49619999527931213
YDL085W,YML058W-A,0,-5.0350213,0.08969185501337051,0.48899999260902405,0.49630001187324524
YGR097W,YLR017W,0,-5.0355105,0.0896754115819931,0.48899999260902405,0.49639999866485596
YKL173W,YBR009C,0,-5.0355296,0.08965896815061569,0.48899999260902405,0.4964999854564667
YPR139C,YDL060W,0,-5.0358763,0.08964253216981888,0.48899999260902405,0.4966000020503998
YHR155W,YPL173W,0,-5.0360084,0.08962609618902206,0.48899999260902405,0.4966999888420105
YDR304C,YMR224C,0,-5.0361953,0.08960967510938644,0.48899999260902405,0.4968000054359436
YML075C,YPL164C,0,-5.036227,0.08959325402975082,0.48899999260902405,0.4968999922275543
YIL023C,YNL187W,0,-5.0362906,0.0895768478512764,0.48899999260902405,0.4970000088214874
YOR290C,YGL241W,0,-5.0363564,0.08956044167280197,0.48899999260902405,0.49709999561309814
YDR244W,YOR311C,0,-5.0363727,0.08954404294490814,0.48899999260902405,0.49720001220703125
YDR166C,YIL001W,0,-5.0364823,0.08952764421701431,0.48899999260902405,0.49729999899864197
YJL093C,YMR277W,0,-5.0365424,0.08951126039028168,0.48899999260902405,0.4973999857902527
YNR020C,YOL137W,0,-5.036587,0.08949487656354904,0.48899999260902405,0.4975000023841858
YBL022C,YJL054W,0,-5.0372596,0.089478500187397,0.48899999260902405,0.4975999891757965
YOR023C,YDR001C,0,-5.0373564,0.08946213126182556,0.48899999260902405,0.4977000057697296
YMR286W,YGL098W,0,-5.037832,0.08944576233625412,0.48899999260902405,0.49779999256134033
YIL134W,YKL185W,0,-5.037947,0.08942940831184387,0.48899999260902405,0.49790000915527344
YAL039C,YDR006C,0,-5.037953,0.08941305428743362,0.48899999260902405,0.49799999594688416
YER087W,YNL049C,0,-5.037954,0.08939670771360397,0.48899999260902405,0.49810001254081726
YCR059C,YOR349W,0,-5.038061,0.08938036859035492,0.48899999260902405,0.498199999332428
YOL021C,YMR228W,0,-5.0384536,0.08936403691768646,0.48899999260902405,0.4982999861240387
YOR061W,YLR389C,0,-5.038679,0.089347705245018,0.48899999260902405,0.4984000027179718
YDR034C,YGL044C,0,-5.0391517,0.08933138102293015,0.48899999260902405,0.4984999895095825
YDL029W,YHR063C,0,-5.0397763,0.08931507170200348,0.48899999260902405,0.4986000061035156
YMR153W,YER019W,0,-5.039794,0.08929875493049622,0.48899999260902405,0.49869999289512634
YOR164C,YKR067W,0,-5.039806,0.08928245306015015,0.48899999260902405,0.49880000948905945
YGR112W,YPL130W,0,-5.040502,0.08926615864038467,0.48899999260902405,0.49889999628067017
YPR043W,YNR017W,0,-5.040508,0.0892498642206192,0.48899999260902405,0.49900001287460327
YML121W,YOR001W,0,-5.040568,0.08923357725143433,0.48899999260902405,0.499099999666214
YGL073W,YIL036W,1,-5.0408607,0.08939974755048752,0.49000000953674316,0.499099999666214
YLL001W,YOR247W,0,-5.041346,0.08938343822956085,0.49000000953674316,0.4991999864578247
YDR297W,YKL162C,0,-5.041376,0.08936713635921478,0.49000000953674316,0.4993000030517578
YDR184C,YEL020C,0,-5.042071,0.08935084193944931,0.49000000953674316,0.49939998984336853
YLR383W,YNL084C,0,-5.0424685,0.08933454751968384,0.49000000953674316,0.49950000643730164
YFR049W,YLR353W,0,-5.0425367,0.08931826800107956,0.49000000953674316,0.49959999322891235
YDR304C,YHR201C,0,-5.042732,0.08930198848247528,0.49000000953674316,0.49970000982284546
YFL014W,YPR152C,0,-5.042972,0.0892857164144516,0.49000000953674316,0.4997999966144562
YER133W,YIR018W,1,-5.0433803,0.0894516333937645,0.4909999966621399,0.4997999966144562
YOL072W,YDR183W,1,-5.0434875,0.08961748331785202,0.492000013589859,0.4997999966144562
YLR357W,YDR404C,1,-5.043488,0.08978328108787537,0.49300000071525574,0.4997999966144562
YBR057C,YDR075W,0,-5.043804,0.08976693451404572,0.49300000071525574,0.4999000132083893
YKR022C,YCL005W,0,-5.043946,0.08975058794021606,0.49300000071525574,0.5
YDR243C,YJR135C,0,-5.044217,0.08973425626754761,0.49300000071525574,0.5001000165939331
YHL022C,YJR121W,0,-5.044497,0.08971792459487915,0.49300000071525574,0.5001999735832214
YOR284W,YBR171W,0,-5.044702,0.08970160037279129,0.49300000071525574,0.5002999901771545
YOL072W,YDL140C,1,-5.0449023,0.08986719697713852,0.49399998784065247,0.5002999901771545
YGL040C,YKR097W,0,-5.045161,0.08985085785388947,0.49399998784065247,0.5004000067710876
YNL084C,YKL132C,0,-5.045256,0.08983451873064041,0.49399998784065247,0.5005000233650208
YOL045W,YGR077C,0,-5.045601,0.08981817960739136,0.49399998784065247,0.5005999803543091
YPR049C,YMR228W,0,-5.0459113,0.0898018553853035,0.49399998784065247,0.5006999969482422
YGL232W,YGL111W,0,-5.046559,0.08978553116321564,0.49399998784065247,0.5008000135421753
YGL127C,YDR138W,1,-5.046733,0.08995093405246735,0.4950000047683716,0.5008000135421753
YBR060C,YCR082W,0,-5.0468545,0.08993459492921829,0.4950000047683716,0.5008999705314636
YEL062W,YPL083C,0,-5.047326,0.08991825580596924,0.4950000047683716,0.5009999871253967
YKL189W,YKL047W,0,-5.047464,0.08990192413330078,0.4950000047683716,0.5011000037193298
YLR071C,YLR055C,1,-5.0476394,0.09006718546152115,0.4959999918937683,0.5011000037193298
YOR328W,YER173W,0,-5.0482516,0.0900508314371109,0.4959999918937683,0.5012000203132629
YMR309C,YDR473C,0,-5.0483794,0.09003449231386185,0.4959999918937683,0.5012999773025513
YOL033W,YOR163W,0,-5.048706,0.0900181457400322,0.4959999918937683,0.5013999938964844
YOR222W,YBR147W,0,-5.0487094,0.09000181406736374,0.4959999918937683,0.5015000104904175
YBR279W,YPR072W,1,-5.048715,0.09016691148281097,0.4970000088214874,0.5015000104904175
YDL232W,YPR043W,0,-5.048984,0.09015055000782013,0.4970000088214874,0.5016000270843506
YIL098C,YKL150W,0,-5.0490365,0.09013420343399048,0.4970000088214874,0.5016999840736389
YLR191W,YER046W,0,-5.049674,0.09011785686016083,0.4970000088214874,0.501800000667572
YML092C,YMR156C,0,-5.0497675,0.09010152518749237,0.4970000088214874,0.5019000172615051
YKL178C,YKL024C,0,-5.04995,0.09008519351482391,0.4970000088214874,0.5019999742507935
YNL062C,YDR092W,0,-5.050044,0.09006886184215546,0.4970000088214874,0.5020999908447266
YLR074C,YGR192C,0,-5.0501285,0.0900525450706482,0.4970000088214874,0.5022000074386597
YNL215W,YPR184W,0,-5.0501385,0.09003622829914093,0.4970000088214874,0.5023000240325928
YDR369C,YJR099W,0,-5.050366,0.09001992642879486,0.4970000088214874,0.5023999810218811
YHR216W,YHR077C,0,-5.0503902,0.09000362455844879,0.4970000088214874,0.5024999976158142
YDR200C,YFL059W,0,-5.0505204,0.08998732268810272,0.4970000088214874,0.5026000142097473
YDR231C,YLR353W,0,-5.0506244,0.08997103571891785,0.4970000088214874,0.5026999711990356
YNL261W,YLR139C,0,-5.050717,0.08995474874973297,0.4970000088214874,0.5027999877929688
YCL052C,YDL216C,0,-5.05078,0.08993846923112869,0.4970000088214874,0.5029000043869019
YPL078C,YHR131C,0,-5.051064,0.08992219716310501,0.4970000088214874,0.503000020980835
YHR061C,YOR103C,0,-5.051213,0.08990593254566193,0.4970000088214874,0.5030999779701233
YDR085C,YOR371C,0,-5.051278,0.08988967537879944,0.4970000088214874,0.5031999945640564
YMR176W,YER069W,0,-5.0513463,0.08987341821193695,0.4970000088214874,0.5033000111579895
YDL138W,YBL007C,0,-5.051592,0.08985716849565506,0.4970000088214874,0.5034000277519226
YDR291W,YMR251W,0,-5.051598,0.08984092622995377,0.4970000088214874,0.5034999847412109
YPR017C,YDR192C,0,-5.0516515,0.08982469141483307,0.4970000088214874,0.503600001335144
YCR098C,YJR118C,0,-5.0517545,0.08980845659971237,0.4970000088214874,0.5037000179290771
YGR285C,YBL031W,0,-5.051824,0.08979222923517227,0.4970000088214874,0.5037999749183655
YOR206W,YIR002C,0,-5.0521894,0.08977600932121277,0.4970000088214874,0.5038999915122986
YGR040W,YFR015C,0,-5.052627,0.08975979685783386,0.4970000088214874,0.5040000081062317
YER156C,YJL035C,0,-5.0528264,0.08974359184503555,0.4970000088214874,0.5041000247001648
YJR067C,YDL240W,0,-5.0533347,0.08972738683223724,0.4970000088214874,0.5041999816894531
YAR050W,YDR135C,0,-5.0534577,0.08971118927001953,0.4970000088214874,0.5042999982833862
YGR248W,YCR063W,0,-5.0537148,0.08969499915838242,0.4970000088214874,0.5044000148773193
YKL042W,YLR089C,0,-5.053763,0.0896788164973259,0.4970000088214874,0.5044999718666077
YCL031C,YOR396W,0,-5.0537667,0.08966263383626938,0.4970000088214874,0.5045999884605408
YJR067C,YBL098W,0,-5.053786,0.08964646607637405,0.4970000088214874,0.5047000050544739
YKL218C,YKR102W,0,-5.0538063,0.08963029831647873,0.4970000088214874,0.504800021648407
YLR403W,YHL028W,0,-5.05421,0.089614138007164,0.4970000088214874,0.5048999786376953
YNL063W,YDR353W,0,-5.054297,0.08959797769784927,0.4970000088214874,0.5049999952316284
YNL322C,YBR067C,0,-5.0546107,0.08958183228969574,0.4970000088214874,0.5051000118255615
YLR178C,YPR134W,0,-5.054754,0.0895656868815422,0.4970000088214874,0.5052000284194946
YER058W,YIL071C,0,-5.054842,0.08954954892396927,0.4970000088214874,0.505299985408783
YDL115C,YER022W,1,-5.0552554,0.08971356600522995,0.49799999594688416,0.505299985408783
YML102W,YDR232W,0,-5.055976,0.08969740569591522,0.49799999594688416,0.5054000020027161
YOR189W,YDR275W,0,-5.056171,0.08968125283718109,0.49799999594688416,0.5055000185966492
YIL158W,YJR085C,0,-5.056704,0.08966510742902756,0.49799999594688416,0.5055999755859375
YDR097C,YBR248C,0,-5.0568023,0.08964896202087402,0.49799999594688416,0.5056999921798706
YOR185C,YOL034W,0,-5.0569077,0.08963283151388168,0.49799999594688416,0.5058000087738037
YOR244W,YOL054W,1,-5.056975,0.08979665488004684,0.49900001287460327,0.5058000087738037
YNL242W,YKL148C,0,-5.056993,0.08978049457073212,0.49900001287460327,0.5059000253677368
YBR287W,YDL195W,0,-5.0570197,0.08976434916257858,0.49900001287460327,0.5059999823570251
YDR398W,YCR051W,0,-5.0571685,0.08974820375442505,0.49900001287460327,0.5060999989509583
YKR102W,YOR129C,0,-5.057303,0.08973206579685211,0.49900001287460327,0.5062000155448914
YJL221C,YGL098W,0,-5.0576534,0.08971592783927917,0.49900001287460327,0.5062999725341797
YNL084C,YGL119W,0,-5.0577426,0.08969980478286743,0.49900001287460327,0.5063999891281128
YOR120W,YLR148W,0,-5.0581584,0.08968368172645569,0.49900001287460327,0.5065000057220459
YMR011W,YNL099C,0,-5.0581927,0.08966756612062454,0.49900001287460327,0.506600022315979
YOR391C,YNL021W,0,-5.058394,0.08965145796537399,0.49900001287460327,0.5066999793052673
YJR101W,YFR015C,0,-5.058496,0.08963534981012344,0.49900001287460327,0.5067999958992004
YNL129W,YOR116C,0,-5.058603,0.08961925655603409,0.49900001287460327,0.5069000124931335
YFL030W,YGL002W,0,-5.058933,0.08960316330194473,0.49900001287460327,0.5070000290870667
YNL069C,YGL257C,0,-5.0589695,0.08958707004785538,0.49900001287460327,0.507099986076355
YGL023C,YBR132C,0,-5.059015,0.08957099169492722,0.49900001287460327,0.5072000026702881
YLR245C,YPL078C,0,-5.0593987,0.08955492079257965,0.49900001287460327,0.5073000192642212
YNL307C,YPL171C,0,-5.0594673,0.08953884989023209,0.49900001287460327,0.5073999762535095
YFR021W,YHR102W,0,-5.0595713,0.08952278643846512,0.49900001287460327,0.5074999928474426
YJR094W-A,YMR309C,0,-5.0597653,0.08950672298669815,0.49900001287460327,0.5076000094413757
YOR360C,YLL021W,0,-5.061027,0.08949067443609238,0.49900001287460327,0.5077000260353088
YNL118C,YNL272C,0,-5.061111,0.0894746258854866,0.49900001287460327,0.5077999830245972
YOR328W,YPR178W,0,-5.061176,0.08945858478546143,0.49900001287460327,0.5078999996185303
YGR044C,YGL207W,1,-5.061259,0.08962179720401764,0.5,0.5078999996185303
YPL184C,YNL175C,0,-5.0612826,0.08960573375225067,0.5,0.5080000162124634
YAL017W,YJL157C,0,-5.0613656,0.0895896777510643,0.5,0.5080999732017517
YJR100C,YJL221C,0,-5.061417,0.08957362920045853,0.5,0.5081999897956848
YER068W,YFL024C,1,-5.061787,0.0897367000579834,0.5009999871253967,0.5081999897956848
YKL144C,YBL051C,0,-5.0618997,0.08972062915563583,0.5009999871253967,0.5083000063896179
YER116C,YOL100W,0,-5.0619416,0.08970456570386887,0.5009999871253967,0.508400022983551
YBR022W,YIL130W,0,-5.0622334,0.0896885097026825,0.5009999871253967,0.5084999799728394
YML091C,YPL190C,1,-5.0627284,0.08985143899917603,0.5019999742507935,0.5084999799728394
YDR259C,YOR172W,1,-5.0628004,0.09001431614160538,0.503000020980835,0.5084999799728394
YPL263C,YBR091C,0,-5.06305,0.08999820798635483,0.503000020980835,0.5085999965667725
YHR165C,YPR029C,0,-5.0638237,0.08998210728168488,0.503000020980835,0.5087000131607056
YAL058W,YDL197C,0,-5.063932,0.08996601402759552,0.503000020980835,0.5088000297546387
YMR066W,YGR034W,0,-5.063954,0.08994992822408676,0.503000020980835,0.508899986743927
YBL037W,YLR385C,0,-5.06417,0.089933842420578,0.503000020980835,0.5090000033378601
YJL024C,YKL106W,0,-5.0642395,0.08991777151823044,0.503000020980835,0.5091000199317932
YNL218W,YMR053C,0,-5.064716,0.08990170061588287,0.503000020980835,0.5091999769210815
YGL021W,YPR180W,0,-5.065957,0.08988562971353531,0.503000020980835,0.5092999935150146
YFL046W,YOR259C,0,-5.0664506,0.08986957371234894,0.503000020980835,0.5094000101089478
YOL033W,YKL130C,0,-5.0667334,0.08985351771116257,0.503000020980835,0.5095000267028809
YMR127C,YER114C,0,-5.0673337,0.0898374691605568,0.503000020980835,0.5095999836921692
YIL137C,YNL310C,0,-5.067466,0.08982142806053162,0.503000020980835,0.5097000002861023
YOR064C,YAL044C,0,-5.0681252,0.08980539441108704,0.503000020980835,0.5098000168800354
YBR107C,YBL023C,0,-5.0681415,0.08978936076164246,0.503000020980835,0.5098999738693237
YER129W,YNL325C,0,-5.0688157,0.08977333456277847,0.503000020980835,0.5099999904632568
YNL021W,YHR195W,0,-5.068846,0.08975731581449509,0.503000020980835,0.5101000070571899
YOR037W,YPL281C,0,-5.068853,0.0897413045167923,0.503000020980835,0.510200023651123
YCR032W,YML001W,0,-5.069128,0.08972529321908951,0.503000020980835,0.5102999806404114
YDL015C,YER156C,0,-5.0692186,0.08970928937196732,0.503000020980835,0.5103999972343445
YJL002C,YLR316C,0,-5.069715,0.08969329297542572,0.503000020980835,0.5105000138282776
YDL208W,YGR033C,0,-5.0697684,0.08967730402946472,0.503000020980835,0.5105999708175659
YOR123C,YLR183C,1,-5.0700884,0.08983957022428513,0.5040000081062317,0.5105999708175659
YPR163C,YCR008W,0,-5.070235,0.08982355892658234,0.5040000081062317,0.510699987411499
YNL313C,YLR129W,0,-5.070288,0.08980755507946014,0.5040000081062317,0.5108000040054321
YCR105W,YGR100W,0,-5.070637,0.08979155868291855,0.5040000081062317,0.5109000205993652
YHR026W,YOL117W,0,-5.0710645,0.08977556228637695,0.5040000081062317,0.5109999775886536
YMR253C,YKL146W,0,-5.0711417,0.08975957334041595,0.5040000081062317,0.5110999941825867
YNL095C,YOR236W,0,-5.071366,0.08974359184503555,0.5040000081062317,0.5112000107765198
YJL004C,YJR048W,0,-5.0716786,0.08972761034965515,0.5040000081062317,0.5113000273704529
YDL033C,YAL044C,0,-5.071718,0.08971164375543594,0.5040000081062317,0.5113999843597412
YNL061W,YNL090W,0,-5.072331,0.08969567716121674,0.5040000081062317,0.5115000009536743
YHL039W,YPL096W,0,-5.0726438,0.08967971801757812,0.5040000081062317,0.5116000175476074
YLR361C,YDR236C,0,-5.072723,0.08966375887393951,0.5040000081062317,0.5116999745368958
YML019W,YOR001W,0,-5.0728483,0.0896478146314621,0.5040000081062317,0.5117999911308289
YOL020W,YJL043W,0,-5.072895,0.08963187038898468,0.5040000081062317,0.511900007724762
YKL197C,YDR356W,0,-5.0737143,0.08961593359708786,0.5040000081062317,0.5120000243186951
YGR244C,YER026C,0,-5.0747466,0.08959999680519104,0.5040000081062317,0.5120999813079834
YNL177C,YDL103C,0,-5.074922,0.08958407491445541,0.5040000081062317,0.5121999979019165
YEL054C,YDR345C,0,-5.0750546,0.08956815302371979,0.5040000081062317,0.5123000144958496
YGR042W,YOR176W,0,-5.0751996,0.08955223858356476,0.5040000081062317,0.5123999714851379
YOR273C,YJR083C,0,-5.076394,0.08953633159399033,0.5040000081062317,0.512499988079071
YHR169W,YDL010W,0,-5.076817,0.0895204246044159,0.5040000081062317,0.5126000046730042
YNL009W,YDR540C,0,-5.077088,0.08950452506542206,0.5040000081062317,0.5127000212669373
YMR140W,YER051W,0,-5.077143,0.08948863297700882,0.5040000081062317,0.5127999782562256
YBR281C,YAL009W,0,-5.077475,0.08947274833917618,0.5040000081062317,0.5128999948501587
YMR144W,YNL188W,0,-5.0777674,0.08945687115192413,0.5040000081062317,0.5130000114440918
YFL058W,YOR250C,0,-5.077858,0.08944099396467209,0.5040000081062317,0.5131000280380249
YDR117C,YKR028W,0,-5.077908,0.08942512422800064,0.5040000081062317,0.5131999850273132
YOR328W,YHR109W,0,-5.07801,0.08940926194190979,0.5040000081062317,0.5133000016212463
YDL216C,YDR125C,0,-5.078279,0.08939339965581894,0.5040000081062317,0.5134000182151794
YMR062C,YDL194W,0,-5.0782876,0.08937755227088928,0.5040000081062317,0.5134999752044678
YOR035C,YPR047W,0,-5.078449,0.08936170488595963,0.5040000081062317,0.5135999917984009
YKR021W,YPL130W,0,-5.078855,0.08934585750102997,0.5040000081062317,0.513700008392334
YDR155C,YBR155W,0,-5.0791717,0.0893300250172615,0.5040000081062317,0.5138000249862671
YER072W,YEL020W-A,0,-5.0792937,0.08931419253349304,0.5040000081062317,0.5138999819755554
YLR155C,YHL015W,0,-5.079294,0.08929836750030518,0.5040000081062317,0.5139999985694885
YHR142W,YHL044W,0,-5.0794406,0.0892825499176979,0.5040000081062317,0.5141000151634216
YPR094W,YMR224C,0,-5.079557,0.08926673978567123,0.5040000081062317,0.51419997215271
YNR013C,YDL059C,0,-5.079583,0.08925092965364456,0.5040000081062317,0.5142999887466431
YCL055W,YOL063C,1,-5.0799613,0.08941218256950378,0.5049999952316284,0.5142999887466431
YDR351W,YER003C,0,-5.080397,0.08939635008573532,0.5049999952316284,0.5144000053405762
YOL067C,YOL054W,1,-5.0807385,0.08955752104520798,0.5059999823570251,0.5144000053405762
YER051W,YGL099W,0,-5.0807586,0.08954167366027832,0.5059999823570251,0.5145000219345093
YMR013C,YDL102W,0,-5.0810895,0.08952583372592926,0.5059999823570251,0.5145999789237976
YMR077C,YNL265C,0,-5.0813413,0.0895099937915802,0.5059999823570251,0.5146999955177307
YIL120W,YIL030C,0,-5.0814967,0.08949416130781174,0.5059999823570251,0.5148000121116638
YIL161W,YAL036C,0,-5.0816174,0.08947833627462387,0.5059999823570251,0.5149000287055969
YOR226C,YDL209C,0,-5.0817947,0.0894625186920166,0.5059999823570251,0.5149999856948853
YPL193W,YFL001W,0,-5.082032,0.08944670110940933,0.5059999823570251,0.5151000022888184
YPL097W,YLR211C,0,-5.0823736,0.08943089097738266,0.5059999823570251,0.5152000188827515
YNL252C,YIR026C,0,-5.0825844,0.08941508829593658,0.5059999823570251,0.5152999758720398
YNL128W,YPR088C,0,-5.0827127,0.0893992930650711,0.5059999823570251,0.5153999924659729
YKL218C,YGR054W,0,-5.0829077,0.08938349783420563,0.5059999823570251,0.515500009059906
YBR015C,YNL070W,0,-5.083179,0.08936771750450134,0.5059999823570251,0.5156000256538391
YLR240W,YGL032C,0,-5.083841,0.08935193717479706,0.5059999823570251,0.5156999826431274
YPR140W,YDR052C,0,-5.0838456,0.08933615684509277,0.5059999823570251,0.5157999992370605
YGL094C,YNL037C,0,-5.083964,0.08932039141654968,0.5059999823570251,0.5159000158309937
YNL001W,YJL173C,0,-5.084041,0.08930462598800659,0.5059999823570251,0.515999972820282
YMR138W,YNL045W,0,-5.084282,0.0892888680100441,0.5059999823570251,0.5160999894142151
YMR132C,YLL010C,0,-5.0844135,0.0892731100320816,0.5059999823570251,0.5162000060081482
YLR196W,YDL217C,0,-5.0847397,0.0892573669552803,0.5059999823570251,0.5163000226020813
YOL067C,YLR183C,1,-5.0853157,0.08941798657178879,0.5070000290870667,0.5163000226020813
YAL044C,YLR453C,0,-5.085426,0.0894022211432457,0.5070000290870667,0.5163999795913696
YOL086C,YDL222C,0,-5.085707,0.0893864631652832,0.5070000290870667,0.5164999961853027
YGL215W,YDR066C,0,-5.085748,0.08937070518732071,0.5070000290870667,0.5166000127792358
YOR192C,YHR102W,0,-5.0859323,0.08935495465993881,0.5070000290870667,0.516700029373169
YOR385W,YOL001W,0,-5.085962,0.08933920413255692,0.5070000290870667,0.5167999863624573
YGL071W,YMR021C,1,-5.0861325,0.08949964493513107,0.5080000162124634,0.5167999863624573
YPL242C,YLR435W,0,-5.08656,0.08948387950658798,0.5080000162124634,0.5169000029563904
YBR091C,YLR324W,0,-5.086568,0.08946812152862549,0.5080000162124634,0.5170000195503235
YNL031C,YER106W,0,-5.087314,0.08945237100124359,0.5080000162124634,0.5170999765396118
YEL038W,YIR031C,0,-5.087816,0.0894366204738617,0.5080000162124634,0.5171999931335449
YKL218C,YPL022W,0,-5.087969,0.0894208773970604,0.5080000162124634,0.517300009727478
YDL002C,YHR128W,0,-5.088042,0.08940514177083969,0.5080000162124634,0.5174000263214111
YCR048W,YER175C,0,-5.088097,0.08938940614461899,0.5080000162124634,0.5174999833106995
YDL111C,YNL148C,0,-5.0881557,0.08937367796897888,0.5080000162124634,0.5175999999046326
YMR145C,YKL130C,0,-5.0883245,0.08935795724391937,0.5080000162124634,0.5177000164985657
YMR227C,YIR018W,1,-5.08833,0.08951811492443085,0.5090000033378601,0.5177000164985657
YKR019C,YLR165C,0,-5.088598,0.08950237184762955,0.5090000033378601,0.517799973487854
YDR043C,YBL093C,1,-5.0888114,0.08966244757175446,0.5099999904632568,0.517799973487854
YJR132W,YIL135C,0,-5.0890174,0.08964668959379196,0.5099999904632568,0.5178999900817871
YDR382W,YML060W,0,-5.089081,0.08963093161582947,0.5099999904632568,0.5180000066757202
YDL119C,YHR069C,0,-5.089672,0.08961518108844757,0.5099999904632568,0.5181000232696533
YOR315W,YOL004W,1,-5.0896974,0.08977512270212173,0.5109999775886536,0.5181000232696533
YHR079C,YGR112W,0,-5.0904775,0.08975935727357864,0.5109999775886536,0.5181999802589417
YAL007C,YDR007W,0,-5.0919375,0.08974359184503555,0.5109999775886536,0.5182999968528748
YPR051W,YDR121W,0,-5.0919814,0.08972783386707306,0.5109999775886536,0.5184000134468079
YHR133C,YIL130W,0,-5.092214,0.08971207588911057,0.5109999775886536,0.5184999704360962
YPL145C,YPL219W,0,-5.0924063,0.08969633281230927,0.5109999775886536,0.5185999870300293
YNL262W,YJL035C,0,-5.092497,0.08968058973550797,0.5109999775886536,0.5187000036239624
YGL116W,YDL197C,0,-5.0933995,0.08966485410928726,0.5109999775886536,0.5188000202178955
YMR237W,YGL032C,0,-5.093502,0.08964912593364716,0.5109999775886536,0.5188999772071838
YGL057C,YHL030W,0,-5.0936413,0.08963339775800705,0.5109999775886536,0.5189999938011169
YMR029C,YER005W,0,-5.0939064,0.08961767703294754,0.5109999775886536,0.51910001039505
YDR268W,YNL074C,0,-5.09424,0.08960196375846863,0.5109999775886536,0.5192000269889832
YAL055W,YBL009W,0,-5.0943556,0.08958625793457031,0.5109999775886536,0.5192999839782715
YOR326W,YDR299W,0,-5.0948815,0.089570552110672,0.5109999775886536,0.5194000005722046
YGR093W,YMR259C,0,-5.096314,0.08955485373735428,0.5109999775886536,0.5195000171661377
YFR027W,YGL029W,0,-5.0963206,0.08953916281461716,0.5109999775886536,0.519599974155426
YBL063W,YBL001C,0,-5.0964837,0.08952347934246063,0.5109999775886536,0.5196999907493591
YOR372C,YKR062W,1,-5.0965915,0.08968295902013779,0.5120000243186951,0.5196999907493591
YER057C,YDL099W,0,-5.0971627,0.08966725319623947,0.5120000243186951,0.5198000073432922
YGR088W,YPL022W,0,-5.097451,0.08965154737234116,0.5120000243186951,0.5199000239372253
YBR298C,YLR050C,0,-5.0987396,0.08963585644960403,0.5120000243186951,0.5199999809265137
YJR112W,YHL002W,0,-5.098768,0.08962016552686691,0.5120000243186951,0.5200999975204468
YLR305C,YDL212W,0,-5.0988784,0.08960448205471039,0.5120000243186951,0.5202000141143799
YIL005W,YOL164W,0,-5.0991344,0.08958879858255386,0.5120000243186951,0.5202999711036682
YDR277C,YML086C,0,-5.0992393,0.08957313001155853,0.5120000243186951,0.5203999876976013
YCR072C,YDL194W,0,-5.0995307,0.0895574614405632,0.5120000243186951,0.5205000042915344
YMR025W,YJL128C,0,-5.1003575,0.08954180032014847,0.5120000243186951,0.5206000208854675
YGR275W,YLR131C,1,-5.1008744,0.08970099687576294,0.5130000114440918,0.5206000208854675
YDR507C,YBR091C,0,-5.101181,0.08968531340360641,0.5130000114440918,0.5206999778747559
YBR072W,YMR198W,0,-5.101202,0.08966963738203049,0.5130000114440918,0.520799994468689
YOR244W,YNL136W,1,-5.101731,0.0898287296295166,0.5139999985694885,0.520799994468689
YHR011W,YLR051C,0,-5.101745,0.08981303870677948,0.5139999985694885,0.5209000110626221
YPR129W,YNL172W,0,-5.10198,0.08979734778404236,0.5139999985694885,0.5210000276565552
YPL225W,YNL085W,0,-5.1022286,0.08978165686130524,0.5139999985694885,0.5210999846458435
YDR218C,YOR208W,0,-5.1029897,0.08976598083972931,0.5139999985694885,0.5212000012397766
YIL021W,YML062C,1,-5.103143,0.08992491662502289,0.5149999856948853,0.5212000012397766
YDR358W,YER132C,0,-5.1036024,0.08990921825170517,0.5149999856948853,0.5213000178337097
YGL127C,YLR418C,1,-5.103939,0.09006807208061218,0.515999972820282,0.5213000178337097
YHR211W,YDR121W,0,-5.1040096,0.09005235880613327,0.515999972820282,0.521399974822998
YMR277W,YDR117C,0,-5.1042047,0.09003664553165436,0.515999972820282,0.5214999914169312
YHR103W,YGL197W,0,-5.104222,0.09002093225717545,0.515999972820282,0.5216000080108643
YER155C,YOR302W,0,-5.105139,0.09000523388385773,0.515999972820282,0.5217000246047974
YIL007C,YNL092W,0,-5.1051617,0.08998953551054001,0.515999972820282,0.5217999815940857
YGR104C,YER022W,1,-5.105172,0.0901482105255127,0.5170000195503235,0.5217999815940857
YJR025C,YKR013W,0,-5.1053853,0.09013249725103378,0.5170000195503235,0.5218999981880188
YKR072C,YHR216W,0,-5.105432,0.09011678397655487,0.5170000195503235,0.5220000147819519
YCL008C,YLR216C,0,-5.105434,0.09010107815265656,0.5170000195503235,0.5220999717712402
YML052W,YML067C,0,-5.105726,0.09008537977933884,0.5170000195503235,0.5221999883651733
YGL020C,YGR034W,0,-5.105769,0.09006968885660172,0.5170000195503235,0.5223000049591064
YEL051W,YJL011C,0,-5.105855,0.0900539979338646,0.5170000195503235,0.5224000215530396
YDR080W,YDR079W,0,-5.1061535,0.09003831446170807,0.5170000195503235,0.5224999785423279
YER122C,YDR263C,0,-5.106222,0.09002263844013214,0.5170000195503235,0.522599995136261
YDR076W,YDL209C,0,-5.1063914,0.09000696241855621,0.5170000195503235,0.5227000117301941
YNL138W,YML021C,0,-5.1064134,0.08999129384756088,0.5170000195503235,0.5228000283241272
YHR061C,YGL144C,0,-5.106649,0.08997563272714615,0.5170000195503235,0.5228999853134155
YAL002W,YGL022W,0,-5.1066628,0.08995997905731201,0.5170000195503235,0.5230000019073486
YDR385W,YBR092C,0,-5.106746,0.08994432538747787,0.5170000195503235,0.5231000185012817
YBR242W,YGL225W,0,-5.106805,0.08992868661880493,0.5170000195503235,0.5231999754905701
YOR352W,YCL045C,0,-5.1070237,0.08991304039955139,0.5170000195503235,0.5232999920845032
YIL002C,YPR154W,0,-5.107062,0.08989740908145905,0.5170000195503235,0.5234000086784363
YBR188C,YCR072C,0,-5.107097,0.0898817777633667,0.5170000195503235,0.5235000252723694
YLL019C,YNL074C,0,-5.107143,0.08986615389585495,0.5170000195503235,0.5235999822616577
YDR265W,YGL038C,0,-5.1074758,0.0898505374789238,0.5170000195503235,0.5236999988555908
YHR065C,YML099C,0,-5.1075883,0.08983492851257324,0.5170000195503235,0.5238000154495239
YDR092W,YDR001C,0,-5.107591,0.08981931954622269,0.5170000195503235,0.5238999724388123
YDL138W,YDR069C,0,-5.107695,0.08980371803045273,0.5170000195503235,0.5239999890327454
YLR272C,YDL147W,0,-5.1080565,0.08978812396526337,0.5170000195503235,0.5241000056266785
YPR161C,YLR166C,0,-5.1082873,0.089772529900074,0.5170000195503235,0.5242000222206116
YPL021W,YJL053W,0,-5.108459,0.08975694328546524,0.5170000195503235,0.5242999792098999
YER036C,YGL147C,0,-5.108852,0.08974136412143707,0.5170000195503235,0.524399995803833
YLR071C,YOR210W,1,-5.1089168,0.08989933878183365,0.5180000066757202,0.524399995803833
YJR047C,YDL018C,0,-5.1090007,0.08988374471664429,0.5180000066757202,0.5245000123977661
YBR154C,YMR039C,1,-5.1093993,0.0900416374206543,0.5189999938011169,0.5245000123977661
YPL043W,YJL035C,0,-5.1094337,0.09002602100372314,0.5189999938011169,0.5246000289916992
YCR089W,YBL098W,0,-5.109542,0.09001040458679199,0.5189999938011169,0.5246999859809875
YGR134W,YDL115C,1,-5.109613,0.09016820043325424,0.5199999809265137,0.5246999859809875
YGL087C,YJR141W,0,-5.109783,0.0901525691151619,0.5199999809265137,0.5248000025749207
YOR159C,YDR372C,0,-5.1104116,0.09013693779706955,0.5199999809265137,0.5249000191688538
YGR196C,YBR299W,0,-5.1106634,0.0901213139295578,0.5199999809265137,0.5249999761581421
YBL068W,YEL053C,0,-5.11074,0.09010569751262665,0.5199999809265137,0.5250999927520752
YGR134W,YPL011C,1,-5.1107454,0.09026333689689636,0.5210000276565552,0.5250999927520752
YNL127W,YEL024W,0,-5.110949,0.09024770557880402,0.5210000276565552,0.5252000093460083
YOL028C,YHL020C,1,-5.1111774,0.09040526300668716,0.5220000147819519,0.5252000093460083
YLL039C,YNL064C,0,-5.1112714,0.09038960933685303,0.5220000147819519,0.5253000259399414
YGR136W,YOR094W,0,-5.1117873,0.09037396311759949,0.5220000147819519,0.5253999829292297
YHR061C,YBR185C,0,-5.111896,0.09035831689834595,0.5220000147819519,0.5254999995231628
YDL131W,YOR221C,0,-5.1121655,0.090342678129673,0.5220000147819519,0.525600016117096
YIL120W,YLR396C,0,-5.1122584,0.09032704681158066,0.5220000147819519,0.5256999731063843
YOR173W,YPL064C,0,-5.1129813,0.09031141549348831,0.5220000147819519,0.5257999897003174
YLR406C,YDR349C,0,-5.1132097,0.09029579907655716,0.5220000147819519,0.5259000062942505
YLR404W,YDR482C,0,-5.1134787,0.09028018265962601,0.5220000147819519,0.5260000228881836
YER103W,YPR019W,0,-5.1135263,0.09026456624269485,0.5220000147819519,0.5260999798774719
YMR038C,YJR150C,0,-5.113689,0.0902489647269249,0.5220000147819519,0.526199996471405
YBR162W-A,YPL132W,0,-5.1137333,0.09023336321115494,0.5220000147819519,0.5263000130653381
YMR184W,YKL172W,0,-5.1138024,0.09021776914596558,0.5220000147819519,0.5264000296592712
YOR323C,YOR246C,0,-5.1139293,0.09020217508077621,0.5220000147819519,0.5264999866485596
YFL010W-A,YOR148C,0,-5.1139617,0.09018659591674805,0.5220000147819519,0.5266000032424927
YDR259C,YOR179C,1,-5.1140504,0.09034375846385956,0.5230000019073486,0.5266000032424927
YNL153C,YLR098C,0,-5.1147375,0.090328149497509,0.5230000019073486,0.5267000198364258
YML019W,YMR077C,0,-5.114883,0.09031255543231964,0.5230000019073486,0.5267999768257141
YGR212W,YPR083W,0,-5.1149178,0.09029696136713028,0.5230000019073486,0.5268999934196472
YML013W,YDL117W,0,-5.1150084,0.09028137475252151,0.5230000019073486,0.5270000100135803
YOR355W,YBR161W,0,-5.1151376,0.09026579558849335,0.5230000019073486,0.5271000266075134
YFR021W,YDR265W,0,-5.1151395,0.09025021642446518,0.5230000019073486,0.5271999835968018
YJR113C,YHR131C,0,-5.1156025,0.09023464471101761,0.5230000019073486,0.5273000001907349
YDR222W,YOR011W,0,-5.115702,0.09021908044815063,0.5230000019073486,0.527400016784668
YBR196C,YGR075C,0,-5.1157603,0.09020351618528366,0.5230000019073486,0.5274999737739563
YDR308C,YPL254W,1,-5.115853,0.09036041051149368,0.5239999890327454,0.5274999737739563
YFR014C,YLR313C,0,-5.116202,0.09034482389688492,0.5239999890327454,0.5275999903678894
YLR372W,YKR006C,0,-5.1162844,0.09032925218343735,0.5239999890327454,0.5277000069618225
YCL008C,YLR199C,0,-5.116402,0.09031368792057037,0.5239999890327454,0.5278000235557556
YNL272C,YDL119C,0,-5.116654,0.0902981236577034,0.5239999890327454,0.527899980545044
YKL112W,YMR039C,1,-5.1167893,0.09045486152172089,0.5249999761581421,0.527899980545044
YJL151C,YNL083W,0,-5.1168423,0.09043927490711212,0.5249999761581421,0.527999997138977
YIL072W,YJL094C,0,-5.116856,0.09042370319366455,0.5249999761581421,0.5281000137329102
YGR091W,YOL003C,0,-5.1172757,0.09040813148021698,0.5249999761581421,0.5281999707221985
YOR324C,YBR202W,0,-5.1176224,0.09039255976676941,0.5249999761581421,0.5282999873161316
YOR339C,YPR102C,0,-5.1176906,0.09037700295448303,0.5249999761581421,0.5284000039100647
YNL133C,YMR194W,0,-5.117703,0.09036144614219666,0.5249999761581421,0.5285000205039978
YMR025W,YPL200W,0,-5.117898,0.09034589678049088,0.5249999761581421,0.5285999774932861
YNR056C,YOL009C,0,-5.1179633,0.0903303474187851,0.5249999761581421,0.5286999940872192
YMR198W,YNR059W,0,-5.1179986,0.09031481295824051,0.5249999761581421,0.5288000106811523
YCR073W-A,YDR386W,0,-5.1183167,0.09029927849769592,0.5249999761581421,0.5289000272750854
YOR197W,YML104C,0,-5.118377,0.09028375148773193,0.5249999761581421,0.5289999842643738
YFL058W,YHR136C,0,-5.118666,0.09026822447776794,0.5249999761581421,0.5291000008583069
YPL069C,YEL046C,0,-5.1187906,0.09025270491838455,0.5249999761581421,0.52920001745224
YDR118W,YHR070W,0,-5.1188827,0.09023719280958176,0.5249999761581421,0.5292999744415283
YHR027C,YER163C,0,-5.1190677,0.09022168815135956,0.5249999761581421,0.5293999910354614
YIL143C,YDR512C,1,-5.119202,0.09037800878286362,0.5260000228881836,0.5293999910354614
YPL218W,YLR242C,0,-5.1193647,0.09036248177289963,0.5260000228881836,0.5295000076293945
YDR028C,YPL011C,1,-5.1193795,0.09051872044801712,0.5270000100135803,0.5295000076293945
YCR046C,YIL006W,0,-5.119501,0.09050317853689194,0.5270000100135803,0.5296000242233276
YDR011W,YJR004C,0,-5.1198387,0.09048763662576675,0.5270000100135803,0.529699981212616
YDR085C,YFR017C,0,-5.11991,0.09047210216522217,0.5270000100135803,0.5297999978065491
YJR028W,YLR421C,0,-5.120127,0.09045657515525818,0.5270000100135803,0.5299000144004822
YKL054C,YDL166C,0,-5.1203737,0.09044104814529419,0.5270000100135803,0.5299999713897705
YDR140W,YDR500C,0,-5.1204505,0.0904255285859108,0.5270000100135803,0.5300999879837036
YPR037C,YLR340W,0,-5.120528,0.090410016477108,0.5270000100135803,0.5302000045776367
YBR016W,YDR292C,0,-5.1205993,0.0903945118188858,0.5270000100135803,0.5303000211715698
YNL022C,YLR133W,0,-5.1206536,0.0903790071606636,0.5270000100135803,0.5303999781608582
YER168C,YNL088W,0,-5.120857,0.090363509953022,0.5270000100135803,0.5304999947547913
YMR065W,YOR031W,0,-5.120932,0.090348020195961,0.5270000100135803,0.5306000113487244
YIL018W,YLR129W,0,-5.1210303,0.0903325304389,0.5270000100135803,0.5307000279426575
YOR061W,YDR191W,0,-5.1213784,0.09031705558300018,0.5270000100135803,0.5307999849319458
YKL038W,YDR253C,0,-5.121389,0.09030157327651978,0.5270000100135803,0.5309000015258789
YDR437W,YNL147W,0,-5.1218023,0.09028610587120056,0.5270000100135803,0.531000018119812
YLR337C,YKL129C,0,-5.1220713,0.09027063846588135,0.5270000100135803,0.5310999751091003
YMR145C,YNL273W,0,-5.12212,0.09025517851114273,0.5270000100135803,0.5311999917030334
YLR273C,YGL040C,0,-5.1221757,0.09023972600698471,0.5270000100135803,0.5313000082969666
YOR298W,YJL013C,0,-5.122219,0.09022427350282669,0.5270000100135803,0.5314000248908997
YKL218C,YGR192C,0,-5.123338,0.09020883589982986,0.5270000100135803,0.531499981880188
YML099C,YBL038W,0,-5.1234393,0.09019339084625244,0.5270000100135803,0.5315999984741211
YDR205W,YHR019C,0,-5.1234407,0.09017796069383621,0.5270000100135803,0.5317000150680542
YOR230W,YHR122W,0,-5.1234565,0.09016253054141998,0.5270000100135803,0.5317999720573425
YDL232W,YEL067C,0,-5.123521,0.09014710783958435,0.5270000100135803,0.5318999886512756
YNL133C,YDR323C,0,-5.123913,0.09013169258832932,0.5270000100135803,0.5320000052452087
YNL331C,YHR007C,0,-5.1239696,0.09011627733707428,0.5270000100135803,0.5321000218391418
YFR014C,YOR217W,0,-5.12427,0.09010086953639984,0.5270000100135803,0.5321999788284302
YHR204W,YLR110C,0,-5.1243753,0.090085469186306,0.5270000100135803,0.5322999954223633
YML024W,YHR147C,0,-5.1244683,0.09007007628679276,0.5270000100135803,0.5324000120162964
YLR116W,YLR354C,0,-5.125711,0.09005468338727951,0.5270000100135803,0.5325000286102295
YNR023W,YJL011C,0,-5.1257386,0.09003929793834686,0.5270000100135803,0.5325999855995178
YPL019C,YNL190W,0,-5.1261954,0.09002391248941422,0.5270000100135803,0.5327000021934509
YDR251W,YDR022C,0,-5.1264567,0.09000854194164276,0.5270000100135803,0.532800018787384
YDR494W,YEL021W,0,-5.1269565,0.08999317139387131,0.5270000100135803,0.5328999757766724
YAR008W,YDR410C,0,-5.1272006,0.08997780084609985,0.5270000100135803,0.5329999923706055
YDR098C,YGL085W,0,-5.127213,0.0899624451994896,0.5270000100135803,0.5331000089645386
YLR054C,YGL179C,0,-5.127296,0.08994708955287933,0.5270000100135803,0.5332000255584717
YNR067C,YKL071W,0,-5.127318,0.08993174135684967,0.5270000100135803,0.53329998254776
YDR060W,YJR150C,0,-5.127525,0.08991639316082001,0.5270000100135803,0.5333999991416931
YER003C,YLR351C,0,-5.1279173,0.08990105986595154,0.5270000100135803,0.5335000157356262
YMR171C,YLR313C,0,-5.1280093,0.08988572657108307,0.5270000100135803,0.5335999727249146
YNL087W,YGR292W,0,-5.1280518,0.0898703932762146,0.5270000100135803,0.5336999893188477
YDR191W,YOR222W,0,-5.1281962,0.08985507488250732,0.5270000100135803,0.5338000059127808
YPL076W,YBR208C,0,-5.1285043,0.08983975648880005,0.5270000100135803,0.5339000225067139
YPR189W,YDL236W,0,-5.129132,0.08982443809509277,0.5270000100135803,0.5339999794960022
YCL009C,YPL146C,0,-5.1293626,0.08980913460254669,0.5270000100135803,0.5340999960899353
YNR008W,YGR245C,0,-5.1295114,0.08979383111000061,0.5270000100135803,0.5342000126838684
YDL123W,YBR112C,0,-5.1296077,0.08977853506803513,0.5270000100135803,0.5343000292778015
YGR037C,YAL036C,0,-5.130244,0.08976324647665024,0.5270000100135803,0.5343999862670898
YGL055W,YML051W,0,-5.130346,0.08974795788526535,0.5270000100135803,0.534500002861023
YER057C,YPL200W,0,-5.1306834,0.08973267674446106,0.5270000100135803,0.534600019454956
YER016W,YLR178C,0,-5.1307526,0.08971739560365677,0.5270000100135803,0.5346999764442444
YJR139C,YKR094C,0,-5.1309547,0.08970212936401367,0.5270000100135803,0.5347999930381775
YML025C,YFL037W,0,-5.131904,0.08968686312437057,0.5270000100135803,0.5349000096321106
YOR257W,YLL010C,0,-5.131944,0.08967160433530807,0.5270000100135803,0.5350000262260437
YCL037C,YER013W,0,-5.132168,0.08965634554624557,0.5270000100135803,0.535099983215332
YIL005W,YNL023C,0,-5.132493,0.08964109420776367,0.5270000100135803,0.5351999998092651
YBR247C,YIL094C,0,-5.132549,0.08962585031986237,0.5270000100135803,0.5353000164031982
YJL121C,YPL146C,0,-5.133015,0.08961061388254166,0.5270000100135803,0.5353999733924866
YGL245W,YML099C,0,-5.133134,0.08959537744522095,0.5270000100135803,0.5354999899864197
YKR103W,YML011C,0,-5.1331506,0.08958014845848083,0.5270000100135803,0.5356000065803528
YDR097C,YKL002W,0,-5.133188,0.08956491947174072,0.5270000100135803,0.5357000231742859
YLR262C,YBR166C,0,-5.133338,0.0895497053861618,0.5270000100135803,0.5357999801635742
YOL117W,YDL079C,0,-5.1334624,0.08953449130058289,0.5270000100135803,0.5358999967575073
YNL073W,YIL011W,0,-5.1340213,0.08951927721500397,0.5270000100135803,0.5360000133514404
YNL175C,YNL197C,0,-5.1341357,0.08950407803058624,0.5270000100135803,0.5360999703407288
YDR497C,YBR196C,0,-5.1341453,0.08948887884616852,0.5270000100135803,0.5361999869346619
YLR376C,YPL231W,0,-5.1343865,0.08947368711233139,0.5270000100135803,0.536300003528595
YLR234W,YHR155W,0,-5.1344,0.08945849537849426,0.5270000100135803,0.5364000201225281
YML064C,YKR095W,0,-5.1345615,0.08944331109523773,0.5270000100135803,0.5364999771118164
YML013W,YBR200W,0,-5.134639,0.0894281342625618,0.5270000100135803,0.5365999937057495
YPL022W,YOL009C,0,-5.1348114,0.08941296488046646,0.5270000100135803,0.5367000102996826
YOR026W,YDR532C,0,-5.1349893,0.08939779549837112,0.5270000100135803,0.5368000268936157
YNL010W,YIL070C,0,-5.1353908,0.08938263356685638,0.5270000100135803,0.536899983882904
YMR002W,YGR029W,0,-5.135616,0.08936747163534164,0.5270000100135803,0.5370000004768372
YGL155W,YDR372C,0,-5.1357803,0.0893523246049881,0.5270000100135803,0.5371000170707703
YOL090W,YHL001W,0,-5.1358485,0.08933717757463455,0.5270000100135803,0.5371999740600586
YDR480W,YKL011C,0,-5.13602,0.089322030544281,0.5270000100135803,0.5372999906539917
YDR046C,YOR287C,0,-5.1360955,0.08930689841508865,0.5270000100135803,0.5374000072479248
YNR061C,YNL077W,0,-5.136255,0.0892917662858963,0.5270000100135803,0.5375000238418579
YGR169C,YNL012W,0,-5.1362815,0.08927664160728455,0.5270000100135803,0.5375999808311462
YDR457W,YPL262W,0,-5.136311,0.08926151692867279,0.5270000100135803,0.5376999974250793
YDR320C-A,YHR200W,0,-5.136415,0.08924639970064163,0.5270000100135803,0.5378000140190125
YLR068W,YOL165C,0,-5.1367064,0.08923128992319107,0.5270000100135803,0.5378999710083008
YOL022C,YKL013C,0,-5.136787,0.0892161875963211,0.5270000100135803,0.5379999876022339
YNL172W,YLR002C,0,-5.137241,0.08920108526945114,0.5270000100135803,0.538100004196167
YLR231C,YMR120C,0,-5.1374736,0.08918599039316177,0.5270000100135803,0.5382000207901001
YNL300W,YJL219W,0,-5.137895,0.0891708955168724,0.5270000100135803,0.5382999777793884
YGR113W,YOR189W,0,-5.13821,0.08915580809116364,0.5270000100135803,0.5383999943733215
YBR185C,YOL136C,0,-5.138548,0.08914072811603546,0.5270000100135803,0.5385000109672546
YDR052C,YPL079W,0,-5.1386447,0.08912565559148788,0.5270000100135803,0.5386000275611877
YOL034W,YGR192C,0,-5.138714,0.08911058306694031,0.5270000100135803,0.5386999845504761
YDR287W,YJL074C,0,-5.1388288,0.08909551799297333,0.5270000100135803,0.5388000011444092
YFL049W,YOL061W,0,-5.1389427,0.08908046036958694,0.5270000100135803,0.5389000177383423
YIL050W,YER173W,0,-5.1390634,0.08906540274620056,0.5270000100135803,0.5389999747276306
YBR015C,YER001W,0,-5.1391063,0.08905035257339478,0.5270000100135803,0.5390999913215637
YIL105C,YEL061C,0,-5.139609,0.08903530985116959,0.5270000100135803,0.5392000079154968
YDR198C,YPL222W,0,-5.139996,0.0890202671289444,0.5270000100135803,0.5393000245094299
YCR002C,YGL098W,0,-5.1402025,0.0890052393078804,0.5270000100135803,0.5393999814987183
YOR179C,YHL020C,1,-5.140245,0.08915907144546509,0.527999997138977,0.5393999814987183
YIL075C,YJL026W,0,-5.140691,0.0891440138220787,0.527999997138977,0.5394999980926514
YDL019C,YDR006C,0,-5.1407256,0.08912896364927292,0.527999997138977,0.5396000146865845
YDR063W,YCL025C,0,-5.1408343,0.08911392092704773,0.527999997138977,0.5396999716758728
YKR001C,YOR176W,0,-5.140941,0.08909888565540314,0.527999997138977,0.5397999882698059
YKR022C,YDR519W,0,-5.1419797,0.08908385038375854,0.527999997138977,0.539900004863739
YLR385C,YDR108W,0,-5.1420045,0.08906882256269455,0.527999997138977,0.5400000214576721
YJL062W,YPL131W,0,-5.142138,0.08905380219221115,0.527999997138977,0.5400999784469604
YPR055W,YLR139C,0,-5.142156,0.08903878927230835,0.527999997138977,0.5401999950408936
YGL025C,YER028C,1,-5.142546,0.08919237554073334,0.5289999842643738,0.5401999950408936
YDR533C,YNL249C,0,-5.142699,0.08917734026908875,0.5289999842643738,0.5403000116348267
YPL224C,YGR209C,0,-5.142709,0.08916231244802475,0.5289999842643738,0.5404000282287598
YPL083C,YNL039W,0,-5.142738,0.08914728462696075,0.5289999842643738,0.5404999852180481
YGL226C-A,YHR017W,0,-5.142839,0.08913226425647736,0.5289999842643738,0.5406000018119812
YIR017C,YOR179C,1,-5.143054,0.0892857164144516,0.5299999713897705,0.5406000018119812
YNL177C,YHR010W,0,-5.143211,0.08927067369222641,0.5299999713897705,0.5407000184059143
YDR238C,YPR125W,0,-5.143452,0.08925563842058182,0.5299999713897705,0.5407999753952026
YLR113W,YOL063C,1,-5.143581,0.0894089937210083,0.531000018119812,0.5407999753952026
YBL033C,YCR043C,0,-5.1435876,0.08939393609762192,0.531000018119812,0.5408999919891357
YPL249C-A,YPL215W,0,-5.1436524,0.08937889337539673,0.531000018119812,0.5410000085830688
YDR470C,YBR281C,0,-5.14391,0.08936385065317154,0.531000018119812,0.541100025177002
YIL063C,YPR119W,0,-5.1440063,0.08934881538152695,0.531000018119812,0.5411999821662903
YML097C,YJL026W,0,-5.144075,0.08933378010988235,0.531000018119812,0.5412999987602234
YHR206W,YPR190C,0,-5.1441646,0.08931875228881836,0.531000018119812,0.5414000153541565
YPR051W,YPR037C,0,-5.144261,0.08930373191833496,0.531000018119812,0.5414999723434448
YMR266W,YOL064C,0,-5.144344,0.08928871899843216,0.531000018119812,0.5415999889373779
YPL100W,YLR216C,0,-5.144505,0.08927370607852936,0.531000018119812,0.541700005531311
YJR147W,YCR059C,0,-5.144838,0.08925870060920715,0.531000018119812,0.5418000221252441
YPL104W,YKR103W,0,-5.144887,0.08924369513988495,0.531000018119812,0.5418999791145325
YKL054C,YLR023C,0,-5.1452355,0.08922870457172394,0.531000018119812,0.5419999957084656
YBR093C,YGL093W,0,-5.1458015,0.08921370655298233,0.531000018119812,0.5421000123023987
YJL153C,YOR133W,0,-5.1459503,0.08919872343540192,0.531000018119812,0.5422000288963318
YBR057C,YPR140W,0,-5.145984,0.0891837403178215,0.531000018119812,0.5422999858856201
YER117W,YNL038W,0,-5.146484,0.08916876465082169,0.531000018119812,0.5424000024795532
YGL094C,YHL012W,0,-5.1468096,0.08915379643440247,0.531000018119812,0.5425000190734863
YOL019W,YHR201C,0,-5.1470046,0.08913882821798325,0.531000018119812,0.5425999760627747
YGR275W,YBR198C,1,-5.1471124,0.08929170668125153,0.5320000052452087,0.5425999760627747
YGL209W,YBR049C,1,-5.1472178,0.08944454044103622,0.5329999923706055,0.5425999760627747
YHR072W-A,YDR261C,0,-5.147982,0.08942952752113342,0.5329999923706055,0.5426999926567078
YOR201C,YFL053W,0,-5.148253,0.08941452950239182,0.5329999923706055,0.5428000092506409
YDL080C,YLR223C,1,-5.148269,0.08956725895404816,0.5339999794960022,0.5428000092506409
YHL016C,YER024W,0,-5.148579,0.08955223858356476,0.5339999794960022,0.542900025844574
YCL054W,YOR108W,0,-5.148747,0.08953722566366196,0.5339999794960022,0.5429999828338623
YMR213W,YOR196C,0,-5.148953,0.08952221274375916,0.5339999794960022,0.5430999994277954
YIL045W,YNL088W,0,-5.148997,0.08950720727443695,0.5339999794960022,0.5432000160217285
YLR071C,YOL135C,1,-5.14959,0.08965979516506195,0.5350000262260437,0.5432000160217285
YOR211C,YHR063C,0,-5.1496654,0.08964477479457855,0.5350000262260437,0.5432999730110168
YKL034W,YCR061W,0,-5.14992,0.08962975442409515,0.5350000262260437,0.54339998960495
YNL236W,YOL028C,1,-5.1500673,0.0897822454571724,0.5360000133514404,0.54339998960495
YOR209C,YMR198W,0,-5.150564,0.0897672101855278,0.5360000133514404,0.5435000061988831
YIL092W,YCL042W,0,-5.1505876,0.08975217491388321,0.5360000133514404,0.5436000227928162
YDR522C,YOL030W,0,-5.1508613,0.08973714709281921,0.5360000133514404,0.5436999797821045
YIR022W,YOR305W,0,-5.1511283,0.08972212672233582,0.5360000133514404,0.5437999963760376
YLL061W,YML061C,0,-5.1511674,0.08970711380243301,0.5360000133514404,0.5439000129699707
YMR113W,YMR127C,0,-5.1512265,0.08969210088253021,0.5360000133514404,0.5440000295639038
YOR092W,YPL263C,0,-5.151257,0.08967709541320801,0.5360000133514404,0.5440999865531921
YIL098C,YOR003W,0,-5.1513734,0.0896620973944664,0.5360000133514404,0.5442000031471252
YKL086W,YER069W,0,-5.151624,0.08964709937572479,0.5360000133514404,0.5443000197410583
YKL205W,YJL035C,0,-5.151951,0.08963210880756378,0.5360000133514404,0.5443999767303467
YLR175W,YLR386W,0,-5.1519895,0.08961711823940277,0.5360000133514404,0.5444999933242798
YMR176W,YGL100W,0,-5.1520123,0.08960214257240295,0.5360000133514404,0.5446000099182129
YDL098C,YOR065W,0,-5.152225,0.08958716690540314,0.5360000133514404,0.544700026512146
YKL212W,YLR404W,0,-5.1524296,0.08957219123840332,0.5360000133514404,0.5447999835014343
YOR247W,YLR447C,0,-5.153257,0.0895572230219841,0.5360000133514404,0.5449000000953674
YDR019C,YGR188C,0,-5.153358,0.08954226225614548,0.5360000133514404,0.5450000166893005
YJR009C,YLL036C,0,-5.1538672,0.08952730894088745,0.5360000133514404,0.5450999736785889
YHR089C,YHR009C,0,-5.153985,0.08951235562562943,0.5360000133514404,0.545199990272522
YNL180C,YNL047C,0,-5.153998,0.089497409760952,0.5360000133514404,0.5453000068664551
YGL169W,YLR305C,0,-5.154181,0.08948247134685516,0.5360000133514404,0.5454000234603882
YPR187W,YDR079C-A,1,-5.154362,0.08963444828987122,0.5370000004768372,0.5454000234603882
YDR208W,YDL234C,0,-5.1550565,0.08961949497461319,0.5370000004768372,0.5454999804496765
YPR156C,YDL102W,0,-5.1552706,0.08960454165935516,0.5370000004768372,0.5455999970436096
YHL003C,YJL192C,0,-5.156051,0.08958958834409714,0.5370000004768372,0.5457000136375427
YFR025C,YNL003C,0,-5.156073,0.08957464247941971,0.5370000004768372,0.545799970626831
YDL007W,YPR145W,0,-5.156132,0.08955970406532288,0.5370000004768372,0.5458999872207642
YDR416W,YER005W,0,-5.1561484,0.08954477310180664,0.5370000004768372,0.5460000038146973
YBR022W,YNL225C,0,-5.156385,0.0895298421382904,0.5370000004768372,0.5461000204086304
YER011W,YNL322C,0,-5.156942,0.08951491862535477,0.5370000004768372,0.5461999773979187
YGR261C,YBR130C,0,-5.1584277,0.08950000256299973,0.5370000004768372,0.5462999939918518
YOL126C,YLR260W,0,-5.15844,0.08948508650064468,0.5370000004768372,0.5464000105857849
YKL149C,YGR084C,0,-5.1588297,0.08947017788887024,0.5370000004768372,0.546500027179718
YNR054C,YOL132W,0,-5.159162,0.0894552692770958,0.5370000004768372,0.5465999841690063
YCR082W,YMR192W,0,-5.1592155,0.08944037556648254,0.5370000004768372,0.5467000007629395
YPR030W,YGR186W,1,-5.1592393,0.08959200978279114,0.5379999876022339,0.5467000007629395
YDL005C,YML114C,1,-5.1592956,0.08974359184503555,0.5389999747276306,0.5467000007629395
YPL033C,YPR188C,0,-5.1599097,0.08972865343093872,0.5389999747276306,0.5468000173568726
YHL030W,YKL215C,0,-5.1600137,0.08971371501684189,0.5389999747276306,0.5468999743461609
YBR057C,YNL037C,0,-5.160875,0.08969878405332565,0.5389999747276306,0.546999990940094
YPR068C,YHR060W,0,-5.1608777,0.08968386054039001,0.5389999747276306,0.5471000075340271
YLL018C,YKL001C,0,-5.1609178,0.08966893702745438,0.5389999747276306,0.5472000241279602
YNL163C,YGR058W,0,-5.161144,0.08965402841567993,0.5389999747276306,0.5472999811172485
YDR540C,YOR181W,0,-5.161357,0.08963911235332489,0.5389999747276306,0.5473999977111816
YJR057W,YGR090W,0,-5.161804,0.08962421119213104,0.5389999747276306,0.5475000143051147
YOR212W,YMR105C,0,-5.1623893,0.0896093100309372,0.5389999747276306,0.5475999712944031
YMR025W,YDR294C,0,-5.162413,0.08959441632032394,0.5389999747276306,0.5476999878883362
YOR165W,YML067C,0,-5.1628532,0.0895795226097107,0.5389999747276306,0.5478000044822693
YOR036W,YFL007W,0,-5.163043,0.08956463634967804,0.5389999747276306,0.5479000210762024
YOR258W,YBR221C,0,-5.163215,0.08954975754022598,0.5389999747276306,0.5479999780654907
YDR243C,YDR483W,0,-5.1632743,0.08953488618135452,0.5389999747276306,0.5480999946594238
YER043C,YPL061W,0,-5.1632857,0.08952001482248306,0.5389999747276306,0.5482000112533569
YGL172W,YJL126W,0,-5.1634073,0.0895051509141922,0.5389999747276306,0.54830002784729
YNL029C,YBR301W,0,-5.1641436,0.08949028700590134,0.5389999747276306,0.5483999848365784
YIL122W,YKR038C,1,-5.164661,0.08964143693447113,0.5400000214576721,0.5483999848365784
YLR390W-A,YHR190W,0,-5.164962,0.08962655812501907,0.5400000214576721,0.5485000014305115
YDR489W,YLL027W,0,-5.165538,0.08961167931556702,0.5400000214576721,0.5486000180244446
YCR105W,YJL172W,0,-5.1656017,0.08959681540727615,0.5400000214576721,0.5486999750137329
YNL322C,YPL200W,0,-5.165785,0.08958195149898529,0.5400000214576721,0.548799991607666
YCR034W,YLR316C,0,-5.1660976,0.08956709504127502,0.5400000214576721,0.5489000082015991
YCR083W,YMR207C,0,-5.166138,0.08955223858356476,0.5400000214576721,0.5490000247955322
YDR321W,YNR058W,0,-5.1664305,0.08953738957643509,0.5400000214576721,0.5490999817848206
YCR088W,YIL031W,0,-5.166445,0.08952254801988602,0.5400000214576721,0.5491999983787537
YNL297C,YGR158C,0,-5.1672025,0.08950770646333694,0.5400000214576721,0.5493000149726868
YGR104C,YNL230C,1,-5.167257,0.08965860307216644,0.5410000085830688,0.5493000149726868
YGR036C,YDR335W,0,-5.1673446,0.08964374661445618,0.5410000085830688,0.5493999719619751
YDL101C,YNL317W,0,-5.168431,0.08962889015674591,0.5410000085830688,0.5494999885559082
YNL029C,YCL011C,0,-5.1684337,0.08961404860019684,0.5410000085830688,0.5496000051498413
YBR143C,YEL017C-A,0,-5.1687136,0.08959920704364777,0.5410000085830688,0.5497000217437744
YJL203W,YBL041W,0,-5.1687703,0.0895843654870987,0.5410000085830688,0.5497999787330627
YOR123C,YBR198C,1,-5.169138,0.08973509818315506,0.5419999957084656,0.5497999787330627
YER032W,YPL255W,0,-5.169382,0.0897202417254448,0.5419999957084656,0.5498999953269958
YJR053W,YLR335W,0,-5.1698003,0.08970539271831512,0.5419999957084656,0.550000011920929
YKR021W,YNR058W,0,-5.1699862,0.08969055116176605,0.5419999957084656,0.5501000285148621
YIR036C,YBR200W,0,-5.1700654,0.08967570960521698,0.5419999957084656,0.5501999855041504
YPR055W,YER083C,0,-5.1701336,0.0896608754992485,0.5419999957084656,0.5503000020980835
YNR041C,YDR409W,0,-5.17018,0.08964604884386063,0.5419999957084656,0.5504000186920166
YDR085C,YDL020C,0,-5.170288,0.08963122218847275,0.5419999957084656,0.5504999756813049
YLR393W,YHR028C,0,-5.170671,0.08961640298366547,0.5419999957084656,0.550599992275238
YDR270W,YKL041W,0,-5.171621,0.08960158377885818,0.5419999957084656,0.5507000088691711
YJL222W,YLR421C,0,-5.171735,0.0895867794752121,0.5419999957084656,0.5508000254631042
YGL035C,YOL028C,1,-5.171842,0.08973723649978638,0.5429999828338623,0.5508000254631042
YAR015W,YIL043C,0,-5.172027,0.0897224023938179,0.5429999828338623,0.5508999824523926
YDR116C,YJL054W,0,-5.172068,0.08970758318901062,0.5429999828338623,0.5509999990463257
YNR014W,YMR160W,0,-5.1721025,0.08969276398420334,0.5429999828338623,0.5511000156402588
YHR052W,YJR131W,0,-5.172275,0.08967795222997665,0.5429999828338623,0.5511999726295471
YPL243W,YNL067W,0,-5.1727138,0.08966314047574997,0.5429999828338623,0.5512999892234802
YJL024C,YDR409W,0,-5.172915,0.08964834362268448,0.5429999828338623,0.5514000058174133
YPL005W,YBR024W,0,-5.1736646,0.08963353931903839,0.5429999828338623,0.5515000224113464
YDL143W,YDR302W,0,-5.1741114,0.0896187499165535,0.5429999828338623,0.5515999794006348
YNL016W,YIL107C,0,-5.1741605,0.0896039605140686,0.5429999828338623,0.5516999959945679
YGL133W,YMR091C,1,-5.174177,0.08975416421890259,0.5440000295639038,0.5516999959945679
YOR195W,YNR009W,0,-5.1745424,0.0897393599152565,0.5440000295639038,0.551800012588501
YBR137W,YOR361C,0,-5.1746902,0.08972455561161041,0.5440000295639038,0.5519000291824341
YJR123W,YIL011W,0,-5.1747594,0.08970976620912552,0.5440000295639038,0.5519999861717224
YGL162W,YLR055C,1,-5.1747856,0.08985985070466995,0.5450000166893005,0.5519999861717224
YMR212C,YER124C,0,-5.174853,0.08984503895044327,0.5450000166893005,0.5521000027656555
YPL196W,YCL005W,0,-5.174931,0.08983022719621658,0.5450000166893005,0.5522000193595886
YDL155W,YMR023C,0,-5.175043,0.0898154228925705,0.5450000166893005,0.552299976348877
YML032C,YOL081W,0,-5.1753087,0.089800626039505,0.5450000166893005,0.5523999929428101
YPR025C,YPR072W,1,-5.1753116,0.0899505764245987,0.5460000038146973,0.5523999929428101
YIL027C,YNL067W,0,-5.175589,0.08993575721979141,0.5460000038146973,0.5525000095367432
YLR396C,YLR221C,0,-5.175941,0.08992094546556473,0.5460000038146973,0.5526000261306763
YDR189W,YDL122W,0,-5.176198,0.08990614116191864,0.5460000038146973,0.5526999831199646
YJR096W,YKL210W,0,-5.1762004,0.08989133685827255,0.5460000038146973,0.5527999997138977
YDR373W,YPR063C,0,-5.176367,0.08987654000520706,0.5460000038146973,0.5529000163078308
YCR047C,YIL016W,0,-5.17667,0.08986175060272217,0.5460000038146973,0.5529999732971191
YHR055C,YML067C,0,-5.1768336,0.08984696120023727,0.5460000038146973,0.5530999898910522
YOR259C,YDR281C,0,-5.176855,0.08983217924833298,0.5460000038146973,0.5532000064849854
YCR020W-B,YMR037C,1,-5.1778574,0.08998190611600876,0.546999990940094,0.5532000064849854
YIL140W,YDR075W,0,-5.1779485,0.08996710181236267,0.546999990940094,0.5533000230789185
YNL106C,YIL103W,0,-5.178127,0.08995231240987778,0.546999990940094,0.5533999800682068
YOR297C,YHR120W,0,-5.178276,0.08993752300739288,0.546999990940094,0.5534999966621399
YER105C,YIL020C,0,-5.1791387,0.08992273360490799,0.546999990940094,0.553600013256073
YNL079C,YNL166C,0,-5.1796355,0.08990795165300369,0.546999990940094,0.5536999702453613
YNL123W,YOR291W,0,-5.180269,0.08989317715167999,0.546999990940094,0.5537999868392944
YKL144C,YNL297C,0,-5.181318,0.08987841010093689,0.546999990940094,0.5539000034332275
YJL034W,YBL035C,0,-5.181338,0.08986364305019379,0.546999990940094,0.5540000200271606
YDR121W,YOL077C,0,-5.1814113,0.08984888345003128,0.546999990940094,0.554099977016449
YMR030W,YDR146C,1,-5.1820493,0.08999835699796677,0.5479999780654907,0.554099977016449
YGL171W,YML102W,0,-5.183195,0.08998358249664307,0.5479999780654907,0.5541999936103821
YKR065C,YNL007C,0,-5.1834283,0.08996880799531937,0.5479999780654907,0.5543000102043152
YFL030W,YBR140C,0,-5.1835413,0.08995404094457626,0.5479999780654907,0.5544000267982483
YHL018W,YGL087C,0,-5.183624,0.08993927389383316,0.5479999780654907,0.5544999837875366
YMR180C,YJL099W,0,-5.1837916,0.08992451429367065,0.5479999780654907,0.5546000003814697
YER117W,YHL028W,0,-5.184132,0.08990976214408875,0.5479999780654907,0.5547000169754028
YDL207W,YER106W,0,-5.184205,0.08989500999450684,0.5479999780654907,0.5547999739646912
YBR066C,YDL004W,0,-5.1843557,0.08988026529550552,0.5479999780654907,0.5548999905586243
YKR016W,YDR224C,0,-5.1844406,0.08986552804708481,0.5479999780654907,0.5550000071525574
YDR439W,YKL218C,0,-5.1850266,0.08985079824924469,0.5479999780654907,0.5551000237464905
YOR341W,YBR039W,0,-5.185066,0.08983606845140457,0.5479999780654907,0.5551999807357788
YPR191W,YJL030W,0,-5.1852956,0.08982133865356445,0.5479999780654907,0.5552999973297119
YDR165W,YBR166C,0,-5.185663,0.08980662375688553,0.5479999780654907,0.555400013923645
YGL146C,YLR277C,0,-5.185675,0.0897919088602066,0.5479999780654907,0.5554999709129333
YNL258C,YLR192C,0,-5.1857715,0.08977719396352768,0.5479999780654907,0.5555999875068665
YLL008W,YJR093C,0,-5.186518,0.08976248651742935,0.5479999780654907,0.5557000041007996
YGL119W,YMR015C,0,-5.187077,0.08974778652191162,0.5479999780654907,0.5558000206947327
YOR216C,YBR260C,0,-5.1871133,0.08973309397697449,0.5479999780654907,0.555899977684021
YBR121C,YLL027W,0,-5.187131,0.08971840143203735,0.5479999780654907,0.5559999942779541
YGR101W,YER027C,0,-5.187141,0.08970371633768082,0.5479999780654907,0.5561000108718872
YOR074C,YLL042C,0,-5.1872287,0.08968903124332428,0.5479999780654907,0.5562000274658203
YHR215W,YNL333W,0,-5.187485,0.08967436105012894,0.5479999780654907,0.5562999844551086
YOR081C,YDL146W,0,-5.1876197,0.089659683406353,0.5479999780654907,0.5564000010490417
YGL226C-A,YDR529C,0,-5.188246,0.08964502066373825,0.5479999780654907,0.5565000176429749
YDR429C,YDR372C,0,-5.188601,0.0896303579211235,0.5479999780654907,0.5565999746322632
YGL171W,YIL140W,0,-5.1886873,0.08961570262908936,0.5479999780654907,0.5566999912261963
YCR018C,YDL075W,0,-5.188693,0.0896010473370552,0.5479999780654907,0.5568000078201294
YGR211W,YNL215W,0,-5.1888075,0.08958639949560165,0.5479999780654907,0.5569000244140625
YJR144W,YBR262C,0,-5.188987,0.0895717591047287,0.5479999780654907,0.5569999814033508
YPL194W,YGR061C,0,-5.1890793,0.08955711871385574,0.5479999780654907,0.5570999979972839
YDR410C,YDR172W,0,-5.189236,0.08954248577356339,0.5479999780654907,0.557200014591217
YLR289W,YIR041W,0,-5.189245,0.08952785283327103,0.5479999780654907,0.5572999715805054
YML107C,YDR205W,0,-5.189504,0.08951322734355927,0.5479999780654907,0.5573999881744385
YCL027W,YEL024W,0,-5.1895995,0.0894986093044281,0.5479999780654907,0.5575000047683716
YOR069W,YDL202W,0,-5.1896157,0.08948399871587753,0.5479999780654907,0.5576000213623047
YLR364W,YBL079W,0,-5.1897,0.08946938812732697,0.5479999780654907,0.557699978351593
YIL064W,YDR462W,0,-5.1900573,0.089454784989357,0.5479999780654907,0.5577999949455261
YKL126W,YBR098W,0,-5.190059,0.08944018185138702,0.5479999780654907,0.5579000115394592
YLR289W,YDL055C,0,-5.1902413,0.08942558616399765,0.5479999780654907,0.5580000281333923
YKR082W,YAR002W,0,-5.19029,0.08941099792718887,0.5479999780654907,0.5580999851226807
YER075C,YBR261C,0,-5.1905413,0.0893964096903801,0.5479999780654907,0.5582000017166138
YIL020C,YLR067C,0,-5.190658,0.08938182890415192,0.5479999780654907,0.5583000183105469
YMR037C,YLR418C,1,-5.190889,0.0895303338766098,0.5490000247955322,0.5583000183105469
YKL126W,YGL186C,0,-5.1908975,0.08951573818922043,0.5490000247955322,0.5583999752998352
YGR204W,YLR068W,0,-5.191048,0.08950114250183105,0.5490000247955322,0.5584999918937683
YAL038W,YKR001C,0,-5.191074,0.08948655426502228,0.5490000247955322,0.5586000084877014
YMR277W,YHR148W,0,-5.1912036,0.0894719660282135,0.5490000247955322,0.5587000250816345
YNL070W,YPR154W,0,-5.191461,0.08945739269256592,0.5490000247955322,0.5587999820709229
YJL094C,YDR240C,0,-5.191775,0.08944281190633774,0.5490000247955322,0.558899998664856
YGL234W,YNL053W,0,-5.1922812,0.08942824602127075,0.5490000247955322,0.5590000152587891
YBR202W,YMR186W,0,-5.192549,0.08941368013620377,0.5490000247955322,0.5590999722480774
YER144C,YNL107W,0,-5.1925874,0.08939912170171738,0.5490000247955322,0.5591999888420105
YDR159W,YNL093W,0,-5.192839,0.08938456326723099,0.5490000247955322,0.5593000054359436
YDL247W,YEL047C,0,-5.1928897,0.0893700122833252,0.5490000247955322,0.5594000220298767
YDL185W,YMR019W,0,-5.193411,0.08935546875,0.5490000247955322,0.559499979019165
YCR047C,YOR336W,0,-5.193929,0.0893409252166748,0.5490000247955322,0.5595999956130981
YHR176W,YLR320W,0,-5.1944613,0.0893263891339302,0.5490000247955322,0.5597000122070312
YLR016C,YDR277C,0,-5.1945195,0.0893118605017662,0.5490000247955322,0.5598000288009644
YER087W,YJR149W,0,-5.194691,0.0892973318696022,0.5490000247955322,0.5598999857902527
YFL045C,YBR243C,0,-5.1949377,0.0892828106880188,0.5490000247955322,0.5600000023841858
YNR023W,YOL044W,0,-5.1950297,0.0892682895064354,0.5490000247955322,0.5601000189781189
YEL062W,YNL138W,0,-5.1950536,0.08925378322601318,0.5490000247955322,0.5601999759674072
YOR207C,YBR094W,0,-5.195119,0.08923926949501038,0.5490000247955322,0.5602999925613403
YKL148C,YPL015C,0,-5.1956105,0.08922477066516876,0.5490000247955322,0.5604000091552734
YMR052W,YBR043C,0,-5.195879,0.08921027183532715,0.5490000247955322,0.5605000257492065
YEL016C,YKR097W,0,-5.1959014,0.08919577300548553,0.5490000247955322,0.5605999827384949
YGL071W,YOR162C,1,-5.196122,0.08934372663497925,0.550000011920929,0.5605999827384949
YDR104C,YKL117W,0,-5.1967072,0.08932922035455704,0.550000011920929,0.560699999332428
YHR167W,YMR312W,1,-5.1967454,0.08947709947824478,0.5509999990463257,0.560699999332428
YLR405W,YEL059C-A,0,-5.196749,0.08946257829666138,0.5509999990463257,0.5608000159263611
YLR231C,YBR210W,0,-5.197067,0.08944804966449738,0.5509999990463257,0.5608999729156494
YER105C,YFL001W,0,-5.1970897,0.08943353593349457,0.5509999990463257,0.5609999895095825
YIL093C,YIL157C,0,-5.1977615,0.08941902220249176,0.5509999990463257,0.5611000061035156
YBL005W,YBR240C,1,-5.19793,0.08956676721572876,0.5519999861717224,0.5611000061035156
YGL173C,YNR011C,0,-5.198558,0.08955223858356476,0.5519999861717224,0.5612000226974487
YGR104C,YAL013W,1,-5.1986914,0.08969991654157639,0.5529999732971191,0.5612000226974487
YDL190C,YDL224C,0,-5.1986957,0.08968537300825119,0.5529999732971191,0.5612999796867371
YER080W,YDR448W,0,-5.199141,0.089670829474926,0.5529999732971191,0.5613999962806702
YLR179C,YPL159C,0,-5.19972,0.0896562933921814,0.5529999732971191,0.5615000128746033
YMR227C,YDR460W,1,-5.1997495,0.08980385959148407,0.5540000200271606,0.5615000128746033
YGR208W,YHR015W,0,-5.2006183,0.08978930115699768,0.5540000200271606,0.5616000294685364
YOR063W,YHR053C,0,-5.2006474,0.08977475017309189,0.5540000200271606,0.5616999864578247
YGL067W,YDL194W,0,-5.2006707,0.0897602066397667,0.5540000200271606,0.5618000030517578
YBR293W,YDL240W,0,-5.20073,0.0897456631064415,0.5540000200271606,0.5619000196456909
YKL119C,YOL011W,0,-5.2010374,0.0897311270236969,0.5540000200271606,0.5619999766349792
YML025C,YDR182W,0,-5.2014046,0.0897165983915329,0.5540000200271606,0.5620999932289124
YKL056C,YBR040W,0,-5.201452,0.0897020697593689,0.5540000200271606,0.5622000098228455
YDL014W,YOR099W,0,-5.2014527,0.08968754857778549,0.5540000200271606,0.5623000264167786
YHR084W,YIR023W,1,-5.2017922,0.08983489871025085,0.5550000071525574,0.5623000264167786
YML043C,YHR193C,0,-5.2019534,0.08982036262750626,0.5550000071525574,0.5623999834060669
YLR248W,YIL009C-A,0,-5.2020826,0.08980582654476166,0.5550000071525574,0.5625
YNL270C,YDR284C,0,-5.2026696,0.08979129791259766,0.5550000071525574,0.5626000165939331
YPR161C,YLR085C,0,-5.2027526,0.08977676928043365,0.5550000071525574,0.5626999735832214
YGR076C,YDR299W,0,-5.202905,0.08976224809885025,0.5550000071525574,0.5627999901771545
YPL264C,YGL014W,0,-5.2034583,0.08974773436784744,0.5550000071525574,0.5629000067710876
YLR425W,YLR153C,0,-5.2037406,0.08973322808742523,0.5550000071525574,0.5630000233650208
YER170W,YBR171W,0,-5.20457,0.08971872180700302,0.5550000071525574,0.5630999803543091
YMR213W,YDR265W,0,-5.204671,0.08970421552658081,0.5550000071525574,0.5631999969482422
YER157W,YKL206C,0,-5.2047343,0.0896897241473198,0.5550000071525574,0.5633000135421753
YML042W,YGL180W,0,-5.204763,0.08967523276805878,0.5550000071525574,0.5633999705314636
YOR025W,YPL169C,0,-5.2047873,0.08966074138879776,0.5550000071525574,0.5634999871253967
YDL020C,YDL099W,0,-5.2048116,0.08964625746011734,0.5550000071525574,0.5636000037193298
YJL024C,YER103W,0,-5.2048697,0.08963178098201752,0.5550000071525574,0.5637000203132629
YJL170C,YLR166C,0,-5.204921,0.08961731195449829,0.5550000071525574,0.5637999773025513
YDR179C,YOL001W,0,-5.2050643,0.08960284292697906,0.5550000071525574,0.5638999938964844
YLR069C,YJR045C,0,-5.205225,0.08958838135004044,0.5550000071525574,0.5640000104904175
YDR463W,YHL020C,1,-5.2052917,0.08973531424999237,0.5559999942779541,0.5640000104904175
YGR103W,YNL042W,0,-5.2053037,0.08972083032131195,0.5559999942779541,0.5641000270843506
YGL071W,YDR173C,1,-5.2055545,0.08986769616603851,0.5569999814033508,0.5641000270843506
YKR100C,YDL146W,0,-5.2055955,0.0898532047867775,0.5569999814033508,0.5641999840736389
YOR161C,YGL241W,0,-5.205898,0.08983870595693588,0.5569999814033508,0.564300000667572
YML102W,YNL007C,0,-5.206057,0.08982422202825546,0.5569999814033508,0.5644000172615051
YOR335C,YFR028C,0,-5.2061415,0.08980973809957504,0.5569999814033508,0.5644999742507935
YBL107C,YPL029W,0,-5.206169,0.08979526162147522,0.5569999814033508,0.5645999908447266
YJL201W,YPR062W,0,-5.206431,0.0897807851433754,0.5569999814033508,0.5647000074386597
YJL061W,YHR015W,0,-5.206494,0.08976631611585617,0.5569999814033508,0.5648000240325928
YML072C,YBR140C,0,-5.2065406,0.08975185453891754,0.5569999814033508,0.5648999810218811
YGL240W,YDR481C,0,-5.206969,0.08973739296197891,0.5569999814033508,0.5649999976158142
YIL147C,YDL003W,0,-5.2070074,0.08972293883562088,0.5569999814033508,0.5651000142097473
YBL006C,YPL129W,1,-5.2074943,0.08986954391002655,0.5580000281333923,0.5651000142097473
YOL031C,YNL274C,0,-5.2078214,0.08985507488250732,0.5580000281333923,0.5651999711990356
YLR323C,YML026C,0,-5.207873,0.0898406058549881,0.5580000281333923,0.5652999877929688
YJL093C,YOR067C,0,-5.208209,0.08982614427804947,0.5580000281333923,0.5654000043869019
YKL112W,YIL143C,1,-5.2084403,0.08997263759374619,0.5590000152587891,0.5654000043869019
YOR125C,YJL063C,0,-5.209081,0.08995816111564636,0.5590000152587891,0.565500020980835
YDR071C,YPL123C,0,-5.2092037,0.08994368463754654,0.5590000152587891,0.5655999779701233
YER018C,YML075C,0,-5.2092514,0.08992921561002731,0.5590000152587891,0.5656999945640564
YJL023C,YML074C,0,-5.2096105,0.08991474658250809,0.5590000152587891,0.5658000111579895
YFL004W,YPL221W,0,-5.209812,0.08990029245615005,0.5590000152587891,0.5659000277519226
YJL210W,YOR349W,0,-5.20993,0.08988583087921143,0.5590000152587891,0.5659999847412109
YOL140W,YBL031W,0,-5.210372,0.08987138420343399,0.5590000152587891,0.566100001335144
YGL126W,YLR369W,0,-5.2104893,0.08985693752765656,0.5590000152587891,0.5662000179290771
YKL085W,YKL057C,0,-5.210799,0.08984249085187912,0.5590000152587891,0.5662999749183655
YFR047C,YLR278C,0,-5.211333,0.08982805907726288,0.5590000152587891,0.5663999915122986
YJR094C,YNL249C,0,-5.2113886,0.08981362730264664,0.5590000152587891,0.5665000081062317
YER040W,YMR039C,1,-5.2116914,0.08995983749628067,0.5600000023841858,0.5665000081062317
YDR378C,YJL200C,0,-5.2117467,0.08994539082050323,0.5600000023841858,0.5666000247001648
YFL030W,YDR175C,0,-5.2121105,0.0899309441447258,0.5600000023841858,0.5666999816894531
YER129W,YLR369W,0,-5.212509,0.08991650491952896,0.5600000023841858,0.5667999982833862
YIL147C,YHR147C,0,-5.2129235,0.08990207314491272,0.5600000023841858,0.5669000148773193
YKL046C,YNL039W,0,-5.2131963,0.08988764137029648,0.5600000023841858,0.5669999718666077
YBR107C,YDL088C,0,-5.2134066,0.08987321704626083,0.5600000023841858,0.5670999884605408
YPR140W,YLR436C,0,-5.213557,0.08985879272222519,0.5600000023841858,0.5672000050544739
YBL006C,YOL089C,1,-5.2136025,0.0900048166513443,0.5609999895095825,0.5672000050544739
YML043C,YCL059C,0,-5.2139163,0.08999037742614746,0.5609999895095825,0.567300021648407
YLL019C,YFL044C,0,-5.2151723,0.08997594565153122,0.5609999895095825,0.5673999786376953
YPL007C,YML032C,0,-5.2154713,0.08996151387691498,0.5609999895095825,0.5674999952316284
YLR024C,YJR083C,0,-5.2155404,0.08994708955287933,0.5609999895095825,0.5676000118255615
YOR232W,YKL024C,0,-5.21606,0.08993267267942429,0.5609999895095825,0.5677000284194946
YGR261C,YBR296C,0,-5.216165,0.08991825580596924,0.5609999895095825,0.567799985408783
YNL068C,YER148W,1,-5.2161837,0.09006410092115402,0.5619999766349792,0.567799985408783
YIR013C,YOR087W,0,-5.216247,0.09004966914653778,0.5619999766349792,0.5679000020027161
YOL067C,YKR062W,1,-5.2165422,0.09019544720649719,0.5630000233650208,0.5679000020027161
YJR052W,YBR015C,0,-5.2171655,0.09018100053071976,0.5630000233650208,0.5680000185966492
YPR155C,YDR099W,0,-5.217755,0.09016656130552292,0.5630000233650208,0.5680999755859375
YAL009W,YIL133C,0,-5.217817,0.09015212208032608,0.5630000233650208,0.5681999921798706
YOR018W,YHR023W,0,-5.2180476,0.09013769030570984,0.5630000233650208,0.5683000087738037
YOL019W,YCR082W,0,-5.2182975,0.0901232585310936,0.5630000233650208,0.5684000253677368
YJR145C,YKL017C,0,-5.218468,0.09010883420705795,0.5630000233650208,0.5684999823570251
YDR349C,YDR422C,0,-5.21892,0.0900944173336029,0.5630000233650208,0.5685999989509583
YHR160C,YGL063W,0,-5.219188,0.09008000046014786,0.5630000233650208,0.5687000155448914
YOR113W,YPR107C,0,-5.219257,0.09006559103727341,0.5630000233650208,0.5687999725341797
YHR215W,YDR452W,0,-5.219795,0.09005118161439896,0.5630000233650208,0.5688999891281128
YIL063C,YDR027C,0,-5.219807,0.0900367796421051,0.5630000233650208,0.5690000057220459
YDR208W,YKL185W,0,-5.220191,0.09002238512039185,0.5630000233650208,0.569100022315979
YJR059W,YPL173W,0,-5.220308,0.09000799059867859,0.5630000233650208,0.5691999793052673
YDR099W,YDR181C,0,-5.2206573,0.08999360352754593,0.5630000233650208,0.5692999958992004
YFR019W,YIR018W,1,-5.220927,0.09013904631137848,0.5640000104904175,0.5692999958992004
YHL039W,YJL200C,0,-5.221008,0.09012463688850403,0.5640000104904175,0.5694000124931335
YNR054C,YML041C,0,-5.2212396,0.09011024236679077,0.5640000104904175,0.5695000290870667
YLR372W,YJL039C,0,-5.221462,0.09009584784507751,0.5640000104904175,0.569599986076355
YDR227W,YBR230C,0,-5.2215962,0.09008145332336426,0.5640000104904175,0.5697000026702881
YKR103W,YDR409W,0,-5.2216115,0.0900670737028122,0.5640000104904175,0.5698000192642212
YHR065C,YGR049W,0,-5.2216372,0.09005269408226013,0.5640000104904175,0.5698999762535095
YLR438C-A,YGR197C,0,-5.221747,0.09003831446170807,0.5640000104904175,0.5699999928474426
YGR030C,YBR085W,0,-5.2217484,0.0900239422917366,0.5640000104904175,0.5701000094413757
YHR204W,YPL024W,0,-5.2224197,0.09000957757234573,0.5640000104904175,0.5702000260353088
YML115C,YER183C,0,-5.2227015,0.08999521285295486,0.5640000104904175,0.5702999830245972
YAL034W-A,YGR023W,0,-5.2227416,0.08998085558414459,0.5640000104904175,0.5703999996185303
YMR069W,YPL255W,0,-5.2231927,0.08996649831533432,0.5640000104904175,0.5705000162124634
YOR190W,YMR152W,0,-5.22376,0.08995215594768524,0.5640000104904175,0.5705999732017517
YKL208W,YDR067C,0,-5.2242727,0.08993780612945557,0.5640000104904175,0.5706999897956848
YCR069W,YPL223C,0,-5.225012,0.08992347121238708,0.5640000104904175,0.5708000063896179
YER047C,YDL117W,0,-5.2250767,0.0899091362953186,0.5640000104904175,0.570900022983551
YIL018W,YNR009W,0,-5.2257504,0.08989480137825012,0.5640000104904175,0.5709999799728394
YMR311C,YDR493W,0,-5.2258143,0.08988048136234283,0.5640000104904175,0.5710999965667725
YLR467W,YOR027W,0,-5.226007,0.08986615389585495,0.5640000104904175,0.5712000131607056
YOR229W,YLR270W,0,-5.226362,0.08985184133052826,0.5640000104904175,0.5713000297546387
YLR459W,YCL024W,0,-5.22651,0.08983752876520157,0.5640000104904175,0.571399986743927
YDR345C,YJR014W,0,-5.2265477,0.08982322365045547,0.5640000104904175,0.5715000033378601
YDR022C,YFL009W,0,-5.2265677,0.08980891853570938,0.5640000104904175,0.5716000199317932
YHR004C,YMR208W,0,-5.2266936,0.08979462087154388,0.5640000104904175,0.5716999769210815
YER109C,YOL093W,0,-5.226932,0.08978032320737839,0.5640000104904175,0.5717999935150146
YNL313C,YOR294W,0,-5.227214,0.08976603299379349,0.5640000104904175,0.5719000101089478
YOL111C,YJR003C,0,-5.227459,0.08975175023078918,0.5640000104904175,0.5720000267028809
YOL101C,YNL182C,0,-5.2276244,0.08973746746778488,0.5640000104904175,0.5720999836921692
YOR372C,YDR527W,1,-5.227649,0.0898822769522667,0.5649999976158142,0.5720999836921692
YKL034W,YNL148C,0,-5.227849,0.0898679792881012,0.5649999976158142,0.5722000002861023
YHR046C,YKL027W,0,-5.227961,0.0898536890745163,0.5649999976158142,0.5723000168800354
YJL006C,YNL202W,0,-5.228192,0.0898393988609314,0.5649999976158142,0.5723999738693237
YGL254W,YLR183C,1,-5.2288337,0.08998410403728485,0.5659999847412109,0.5723999738693237
YHL028W,YBR132C,0,-5.2288346,0.08996979892253876,0.5659999847412109,0.5724999904632568
YGR225W,YLR130C,0,-5.2288575,0.08995550125837326,0.5659999847412109,0.5726000070571899
YHR046C,YNL308C,0,-5.22911,0.08994120359420776,0.5659999847412109,0.572700023651123
YER116C,YMR041C,0,-5.229207,0.08992691338062286,0.5659999847412109,0.5727999806404114
YOR081C,YDR001C,0,-5.229234,0.08991263061761856,0.5659999847412109,0.5728999972343445
YKL018W,YOR298C-A,1,-5.2295623,0.09005717933177948,0.5669999718666077,0.5728999972343445
YOL094C,YNL149C,0,-5.2297454,0.09004287421703339,0.5669999718666077,0.5730000138282776
YKL178C,YCL059C,0,-5.2298903,0.09002858400344849,0.5669999718666077,0.5730999708175659
YBR092C,YDR256C,0,-5.2299814,0.09001428633928299,0.5669999718666077,0.573199987411499
YIL014W,YOR031W,0,-5.230079,0.09000000357627869,0.5669999718666077,0.5733000040054321
YJL006C,YHR155W,0,-5.2304435,0.08998571336269379,0.5669999718666077,0.5734000205993652
YER157W,YGL055W,0,-5.230783,0.08997143805027008,0.5669999718666077,0.5734999775886536
YDR238C,YHR133C,0,-5.230862,0.08995716273784637,0.5669999718666077,0.5735999941825867
YOL007C,YOR085W,0,-5.2310805,0.08994289487600327,0.5669999718666077,0.5737000107765198
YOR132W,YKL092C,0,-5.2312264,0.08992862701416016,0.5669999718666077,0.5738000273704529
YDR532C,YGR158C,0,-5.2315207,0.08991436660289764,0.5669999718666077,0.5738999843597412
YJR053W,YDR036C,0,-5.231835,0.08990011364221573,0.5669999718666077,0.5740000009536743
YPR155C,YKL146W,0,-5.2318463,0.08988586068153381,0.5669999718666077,0.5741000175476074
YGL195W,YNL044W,0,-5.2320476,0.0898716151714325,0.5669999718666077,0.5741999745368958
YDR275W,YDR198C,0,-5.2322674,0.08985736966133118,0.5669999718666077,0.5742999911308289
YIL101C,YGL173C,0,-5.232364,0.08984313160181046,0.5669999718666077,0.574400007724762
YNL113W,YJR086W,0,-5.2324667,0.08982890099287033,0.5669999718666077,0.5745000243186951
YPR180W,YNL101W,0,-5.232613,0.0898146703839302,0.5669999718666077,0.5745999813079834
YJL111W,YMR218C,0,-5.2328362,0.08980043977499008,0.5669999718666077,0.5746999979019165
YJR034W,YBR301W,0,-5.2328944,0.08978622406721115,0.5669999718666077,0.5748000144958496
YBR088C,YDR529C,0,-5.232958,0.08977200835943222,0.5669999718666077,0.5748999714851379
YNL231C,YDL157C,0,-5.2329965,0.08975780010223389,0.5669999718666077,0.574999988079071
YBR002C,YMR204C,0,-5.2336297,0.08974359184503555,0.5669999718666077,0.5751000046730042
YNL271C,YLR245C,0,-5.233963,0.08972939103841782,0.5669999718666077,0.5752000212669373
YER147C,YOR340C,0,-5.2341256,0.08971519023180008,0.5669999718666077,0.5752999782562256
YGR175C,YBL057C,0,-5.2345457,0.08970099687576294,0.5669999718666077,0.5753999948501587
YER031C,YDR076W,0,-5.234715,0.0896868109703064,0.5669999718666077,0.5755000114440918
YDL238C,YLR216C,0,-5.2349153,0.08967262506484985,0.5669999718666077,0.5756000280380249
YNL236W,YDR183W,1,-5.234922,0.08981657028198242,0.5680000185966492,0.5756000280380249
YCR105W,YER036C,0,-5.235095,0.08980236947536469,0.5680000185966492,0.5756999850273132
YNR041C,YKR077W,0,-5.235156,0.08978817611932755,0.5680000185966492,0.5758000016212463
YLL045C,YER083C,0,-5.2352185,0.0897739827632904,0.5680000185966492,0.5759000182151794
YOL132W,YDR372C,0,-5.2353206,0.08975979685783386,0.5680000185966492,0.5759999752044678
YNL129W,YPL079W,0,-5.2355103,0.08974561840295792,0.5680000185966492,0.5760999917984009
YMR100W,YBR017C,0,-5.235681,0.08973143994808197,0.5680000185966492,0.576200008392334
YKR053C,YKL172W,0,-5.2357516,0.08971726149320602,0.5680000185966492,0.5763000249862671
YCR069W,YML086C,0,-5.2358584,0.08970309793949127,0.5680000185966492,0.5763999819755554
YDR116C,YMR190C,0,-5.236033,0.08968893438577652,0.5680000185966492,0.5764999985694885
YNL151C,YDR440W,0,-5.2360864,0.08967477083206177,0.5680000185966492,0.5766000151634216
YNR031C,YHR101C,0,-5.237181,0.08966061472892761,0.5680000185966492,0.57669997215271
YLL036C,YBL031W,0,-5.2373695,0.08964646607637405,0.5680000185966492,0.5767999887466431
YFR037C,YKR062W,1,-5.2377133,0.08979012072086334,0.5690000057220459,0.5767999887466431
YOR185C,YJL154C,0,-5.237837,0.08977595716714859,0.5690000057220459,0.5769000053405762
YIL052C,YDR518W,0,-5.237948,0.08976179361343384,0.5690000057220459,0.5770000219345093
YBL031W,YKR093W,0,-5.2379956,0.08974763751029968,0.5690000057220459,0.5770999789237976
YJR113C,YBR230C,0,-5.238073,0.08973348140716553,0.5690000057220459,0.5771999955177307
YNL230C,YJR140C,1,-5.2382417,0.08987700939178467,0.5699999928474426,0.5771999955177307
YEL044W,YPL171C,0,-5.2385535,0.08986283838748932,0.5699999928474426,0.5773000121116638
YHR138C,YOR116C,0,-5.2387033,0.08984867483377457,0.5699999928474426,0.5774000287055969
YKL178C,YDL102W,0,-5.239004,0.08983451873064041,0.5699999928474426,0.5774999856948853
YOL081W,YFL034C-A,0,-5.2391086,0.08982036262750626,0.5699999928474426,0.5776000022888184
YKL143W,YCR002C,0,-5.239327,0.0898062065243721,0.5699999928474426,0.5777000188827515
YLR399C,YGL225W,0,-5.2395215,0.08979205787181854,0.5699999928474426,0.5777999758720398
YGL181W,YMR072W,0,-5.239824,0.08977791666984558,0.5699999928474426,0.5778999924659729
YLR183C,YOR172W,1,-5.2400575,0.0899212583899498,0.5709999799728394,0.5778999924659729
YPR065W,YML062C,1,-5.240367,0.09006455540657043,0.5720000267028809,0.5778999924659729
YKR013W,YOR350C,0,-5.240453,0.09005037695169449,0.5720000267028809,0.578000009059906
YML029W,YGL037C,0,-5.2405763,0.09003620594739914,0.5720000267028809,0.5781000256538391
YOR031W,YIL155C,0,-5.2406025,0.09002203494310379,0.5720000267028809,0.5781999826431274
YGR289C,YMR132C,0,-5.2406764,0.09000787138938904,0.5720000267028809,0.5782999992370605
YFL026W,YBR084W,0,-5.241114,0.08999370783567429,0.5720000267028809,0.5784000158309937
YLR024C,YOL128C,0,-5.241716,0.08997955173254013,0.5720000267028809,0.578499972820282
YNL323W,YPL118W,0,-5.2423472,0.08996539562940598,0.5720000267028809,0.5785999894142151
YCR105W,YPL049C,0,-5.242371,0.08995124697685242,0.5720000267028809,0.5787000060081482
YLL046C,YOR096W,0,-5.242623,0.08993710577487946,0.5720000267028809,0.5788000226020813
YGR196C,YBR267W,0,-5.2426763,0.0899229645729065,0.5720000267028809,0.5788999795913696
YOR120W,YBR152W,0,-5.2434688,0.08990883082151413,0.5720000267028809,0.5789999961853027
YDL024C,YMR319C,0,-5.2437234,0.08989470452070236,0.5720000267028809,0.5791000127792358
YJR009C,YDR320C-A,0,-5.243909,0.0898805782198906,0.5720000267028809,0.579200029373169
YFL030W,YBL007C,0,-5.2440743,0.08986645936965942,0.5720000267028809,0.5792999863624573
YLL006W,YER183C,0,-5.244958,0.08985234051942825,0.5720000267028809,0.5794000029563904
YML032C,YBR132C,0,-5.245516,0.08983822911977768,0.5720000267028809,0.5795000195503235
YPR007C,YDL127W,0,-5.2455807,0.0898241177201271,0.5720000267028809,0.5795999765396118
YOR060C,YGL016W,0,-5.2458897,0.08981001377105713,0.5720000267028809,0.5796999931335449
YNL177C,YDL112W,0,-5.24606,0.08979591727256775,0.5720000267028809,0.579800009727478
YLR268W,YOL093W,0,-5.2466884,0.08978182077407837,0.5720000267028809,0.5799000263214111
YIL090W,YOL034W,0,-5.246753,0.08976773172616959,0.5720000267028809,0.5799999833106995
YOR116C,YGR029W,0,-5.2470956,0.0897536501288414,0.5720000267028809,0.5800999999046326
YJR095W,YBR067C,0,-5.247471,0.08973956853151321,0.5720000267028809,0.5802000164985657
YDR518W,YCR018C,0,-5.2475896,0.08972548693418503,0.5720000267028809,0.580299973487854
YDL002C,YCR089W,0,-5.2477,0.08971142023801804,0.5720000267028809,0.5803999900817871
YNR016C,YJL219W,0,-5.248304,0.08969735354185104,0.5720000267028809,0.5805000066757202
YDL166C,YGL174W,0,-5.2485943,0.08968328684568405,0.5720000267028809,0.5806000232696533
YDR071C,YER076C,0,-5.248938,0.08966922760009766,0.5720000267028809,0.5806999802589417
YLR256W,YAL013W,1,-5.250208,0.08981191366910934,0.5730000138282776,0.5806999802589417
YHR070W,YKR071C,0,-5.2502556,0.08979783952236176,0.5730000138282776,0.5807999968528748
YER173W,YJR050W,0,-5.2505426,0.08978376537561417,0.5730000138282776,0.5809000134468079
YNR030W,YLR233C,0,-5.25059,0.08976969867944717,0.5730000138282776,0.5809999704360962
YNL107W,YLL021W,0,-5.2507343,0.08975563943386078,0.5730000138282776,0.5810999870300293
YJR123W,YDR127W,0,-5.2510176,0.08974158018827438,0.5730000138282776,0.5812000036239624
YDL128W,YDL164C,0,-5.25144,0.08972752839326859,0.5730000138282776,0.5813000202178955
YOL123W,YJR021C,0,-5.251577,0.08971348404884338,0.5730000138282776,0.5813999772071838
YER109C,YOR133W,0,-5.251579,0.08969943970441818,0.5730000138282776,0.5814999938011169
YPR028W,YGL005C,0,-5.252059,0.08968539535999298,0.5730000138282776,0.58160001039505
YOR123C,YGR262C,1,-5.2522235,0.08982785791158676,0.5740000009536743,0.58160001039505
YLR380W,YLR024C,0,-5.2523046,0.08981379866600037,0.5740000009536743,0.5817000269889832
YLL003W,YPR028W,0,-5.252662,0.08979974687099457,0.5740000009536743,0.5817999839782715
YDL116W,YHR104W,0,-5.2529974,0.08978570252656937,0.5740000009536743,0.5819000005722046
YGL119W,YNR053C,0,-5.25315,0.08977165818214417,0.5740000009536743,0.5820000171661377
YGR100W,YNL145W,0,-5.2533317,0.08975762128829956,0.5740000009536743,0.582099974155426
YDR297W,YDR361C,0,-5.253375,0.08974359184503555,0.5740000009536743,0.5821999907493591
YOR326W,YMR058W,0,-5.2534666,0.08972956240177155,0.5740000009536743,0.5823000073432922
YOR233W,YDR256C,0,-5.253825,0.08971553295850754,0.5740000009536743,0.5824000239372253
YAL013W,YHR058C,1,-5.2543306,0.0898577868938446,0.574999988079071,0.5824000239372253
YPL153C,YML061C,0,-5.254403,0.08984375,0.574999988079071,0.5824999809265137
YPR161C,YIL147C,0,-5.2548842,0.0898297131061554,0.574999988079071,0.5825999975204468
YKR043C,YHL007C,0,-5.2550187,0.08981568366289139,0.574999988079071,0.5827000141143799
YBR009C,YIR002C,0,-5.2561493,0.08980165421962738,0.574999988079071,0.5827999711036682
YOR035C,YLR421C,0,-5.256362,0.08978763222694397,0.574999988079071,0.5828999876976013
YIL103W,YPL188W,0,-5.25663,0.08977361768484116,0.574999988079071,0.5830000042915344
YCL054W,YDR447C,0,-5.2568507,0.08975960314273834,0.574999988079071,0.5831000208854675
YGL154C,YDL155W,0,-5.257273,0.08974558860063553,0.574999988079071,0.5831999778747559
YOL149W,YDR499W,0,-5.257529,0.08973158895969391,0.574999988079071,0.583299994468689
YMR127C,YDR323C,0,-5.2575464,0.08971758186817169,0.574999988079071,0.5834000110626221
YGL124C,YMR062C,0,-5.258411,0.08970358967781067,0.574999988079071,0.5835000276565552
YOR279C,YER117W,0,-5.258514,0.08968959748744965,0.574999988079071,0.5835999846458435
YLR134W,YPL049C,0,-5.259036,0.08967560529708862,0.574999988079071,0.5837000012397766
YDL115C,YLR113W,1,-5.259377,0.08981756120920181,0.5759999752044678,0.5837000012397766
YGL243W,YNL307C,0,-5.2601237,0.0898035541176796,0.5759999752044678,0.5838000178337097
YOR181W,YGR281W,0,-5.260342,0.08978955447673798,0.5759999752044678,0.583899974822998
YML055W,YKR092C,0,-5.260554,0.08977556228637695,0.5759999752044678,0.5839999914169312
YIR034C,YHR081W,0,-5.260796,0.08976157009601593,0.5759999752044678,0.5841000080108643
YNR041C,YDL168W,0,-5.260878,0.0897475853562355,0.5759999752044678,0.5842000246047974
YMR069W,YBR022W,0,-5.260964,0.08973360061645508,0.5759999752044678,0.5842999815940857
YFL056C,YDR381W,0,-5.2612777,0.08971962332725525,0.5759999752044678,0.5843999981880188
YGR225W,YLR466W,0,-5.2614655,0.08970565348863602,0.5759999752044678,0.5845000147819519
YFR009W,YIL079C,0,-5.2619247,0.08969168365001678,0.5759999752044678,0.5845999717712402
YER170W,YIL136W,0,-5.262497,0.08967772126197815,0.5759999752044678,0.5846999883651733
YGR282C,YKL181W,0,-5.262522,0.08966375887393951,0.5759999752044678,0.5848000049591064
YHR138C,YGL105W,0,-5.2626314,0.08964980393648148,0.5759999752044678,0.5849000215530396
YER116C,YLR298C,0,-5.262881,0.08963585644960403,0.5759999752044678,0.5849999785423279
YNL172W,YDL083C,0,-5.2635455,0.08962190896272659,0.5759999752044678,0.585099995136261
YMR252C,YJL053W,0,-5.2636924,0.08960796147584915,0.5759999752044678,0.5852000117301941
YKL151C,YBL098W,0,-5.264335,0.0895940288901329,0.5759999752044678,0.5853000283241272
YBL061C,YML121W,0,-5.2644343,0.08958009630441666,0.5759999752044678,0.5853999853134155
YER050C,YPR106W,0,-5.2645392,0.08956616371870041,0.5759999752044678,0.5855000019073486
YPL190C,YOL089C,1,-5.264749,0.08970770984888077,0.5770000219345093,0.5855000019073486
YLR005W,YFL024C,1,-5.2648664,0.08984921127557755,0.578000009059906,0.5855000019073486
YKL164C,YIL080W,0,-5.2650323,0.08983524888753891,0.578000009059906,0.5856000185012817
YHR073W,YHR163W,0,-5.265595,0.08982128649950027,0.578000009059906,0.5856999754905701
YGL122C,YKL024C,0,-5.2656484,0.08980733156204224,0.578000009059906,0.5857999920845032
YJL117W,YMR096W,0,-5.2658296,0.0897933840751648,0.578000009059906,0.5859000086784363
YDR085C,YBR302C,0,-5.266092,0.08977943658828735,0.578000009059906,0.5860000252723694
YPL225W,YMR298W,0,-5.2661233,0.08976548910140991,0.578000009059906,0.5860999822616577
YER173W,YGR170W,0,-5.266391,0.08975155651569366,0.578000009059906,0.5861999988555908
YLL021W,YIL156W,0,-5.266396,0.08973761647939682,0.578000009059906,0.5863000154495239
YER056C-A,YHR076W,0,-5.2664905,0.08972369134426117,0.578000009059906,0.5863999724388123
YAL003W,YPL013C,0,-5.2669396,0.08970976620912552,0.578000009059906,0.5864999890327454
YBR137W,YHR042W,0,-5.2669697,0.08969584107398987,0.578000009059906,0.5866000056266785
YHR020W,YGR271C-A,0,-5.2670083,0.08968192338943481,0.578000009059906,0.5867000222206116
YER073W,YIR015W,0,-5.267028,0.08966801315546036,0.578000009059906,0.5867999792098999
YNL339C,YOL041C,0,-5.267036,0.0896541029214859,0.578000009059906,0.586899995803833
YLR239C,YER082C,0,-5.267183,0.08964020013809204,0.578000009059906,0.5870000123977661
YDR429C,YNL145W,0,-5.2675147,0.08962629735469818,0.578000009059906,0.5871000289916992
YOL096C,YOR087W,0,-5.267726,0.08961240202188492,0.578000009059906,0.5871999859809875
YML046W,YCR077C,0,-5.2677774,0.08959851413965225,0.578000009059906,0.5873000025749207
YPL019C,YLR017W,0,-5.2678328,0.08958462625741959,0.578000009059906,0.5874000191688538
YLR045C,YDL217C,0,-5.268254,0.08957074582576752,0.578000009059906,0.5874999761581421
YOR179C,YOR162C,1,-5.268624,0.08971180766820908,0.5789999961853027,0.5874999761581421
YOR233W,YDR243C,0,-5.2689524,0.08969790488481522,0.5789999961853027,0.5875999927520752
YNL292W,YLR085C,0,-5.269058,0.08968401700258255,0.5789999961853027,0.5877000093460083
YGR170W,YMR275C,0,-5.2690806,0.08967012912034988,0.5789999961853027,0.5878000259399414
YMR223W,YER027C,0,-5.2693267,0.08965624123811722,0.5789999961853027,0.5878999829292297
YPL101W,YML015C,1,-5.269503,0.08979718387126923,0.5799999833106995,0.5878999829292297
YDL229W,YDR298C,0,-5.26957,0.08978328108787537,0.5799999833106995,0.5879999995231628
YNR016C,YCR005C,0,-5.2705894,0.0897693857550621,0.5799999833106995,0.588100016117096
YGL209W,YKL018W,1,-5.2707505,0.08991024643182755,0.5809999704360962,0.588100016117096
YKL125W,YLR044C,0,-5.2707634,0.08989633619785309,0.5809999704360962,0.5881999731063843
YIL021W,YBR049C,1,-5.270945,0.09003712981939316,0.5820000171661377,0.5881999731063843
YCL055W,YOR224C,1,-5.2715435,0.09017787873744965,0.5830000042915344,0.5881999731063843
YNR022C,YMR282C,0,-5.272092,0.0901639312505722,0.5830000042915344,0.5882999897003174
YBL011W,YBL080C,0,-5.2723956,0.09014999121427536,0.5830000042915344,0.5884000062942505
YJL156C,YPR188C,0,-5.2726407,0.09013605117797852,0.5830000042915344,0.5885000228881836
YOR032C,YGL164C,0,-5.2726502,0.09012211859226227,0.5830000042915344,0.5885999798774719
YMR235C,YHR049W,0,-5.2726693,0.09010819345712662,0.5830000042915344,0.588699996471405
YGR254W,YCR005C,0,-5.2727327,0.09009426832199097,0.5830000042915344,0.5888000130653381
YIL149C,YEL021W,0,-5.2729964,0.09008034318685532,0.5830000042915344,0.5889000296592712
YBR131W,YBR210W,0,-5.273008,0.09006643295288086,0.5830000042915344,0.5889999866485596
YJL081C,YML062C,1,-5.273023,0.09020698070526123,0.5839999914169312,0.5889999866485596
YBR284W,YKL181W,0,-5.274463,0.09019304811954498,0.5839999914169312,0.5891000032424927
YIL007C,YNL148C,0,-5.274471,0.09017912298440933,0.5839999914169312,0.5892000198364258
YGR257C,YJL095W,0,-5.2748103,0.09016519784927368,0.5839999914169312,0.5892999768257141
YOR297C,YDR001C,0,-5.2748337,0.09015128016471863,0.5839999914169312,0.5893999934196472
YBL023C,YJR158W,0,-5.274882,0.09013736993074417,0.5839999914169312,0.5895000100135803
YBL102W,YPL281C,0,-5.2752805,0.09012345969676971,0.5839999914169312,0.5896000266075134
YGR229C,YHR077C,0,-5.27544,0.09010954946279526,0.5839999914169312,0.5896999835968018
YKR099W,YER022W,1,-5.2761264,0.0902499258518219,0.5849999785423279,0.5896999835968018
YGR166W,YAL007C,0,-5.2761645,0.09023600071668625,0.5849999785423279,0.5898000001907349
YJL048C,YGR179C,0,-5.2761903,0.0902220830321312,0.5849999785423279,0.589900016784668
YDL067C,YER065C,0,-5.27624,0.09020817279815674,0.5849999785423279,0.5899999737739563
YDL014W,YPR121W,0,-5.2765694,0.09019426256418228,0.5849999785423279,0.5900999903678894
YOL081W,YOL044W,0,-5.2771244,0.09018035978078842,0.5849999785423279,0.5902000069618225
YHR038W,YCR024C,0,-5.277142,0.09016646444797516,0.5849999785423279,0.5903000235557556
YOR307C,YBR276C,0,-5.2772174,0.0901525691151619,0.5849999785423279,0.590399980545044
YMR138W,YKL196C,0,-5.2776594,0.09013867378234863,0.5849999785423279,0.590499997138977
YLR438C-A,YMR235C,0,-5.2784443,0.09012478590011597,0.5849999785423279,0.5906000137329102
YML016C,YDR108W,0,-5.2785997,0.0901109054684639,0.5849999785423279,0.5906999707221985
YGL156W,YHL028W,0,-5.2787833,0.09009702503681183,0.5849999785423279,0.5907999873161316
YGL194C,YMR186W,0,-5.279067,0.09008315205574036,0.5849999785423279,0.5909000039100647
YAL027W,YOR037W,0,-5.2790723,0.09006928652524948,0.5849999785423279,0.5910000205039978
YDR076W,YNL135C,0,-5.2791605,0.0900554209947586,0.5849999785423279,0.5910999774932861
YCR088W,YDR529C,0,-5.279698,0.09004155546426773,0.5849999785423279,0.5911999940872192
YHR215W,YLR153C,0,-5.2799344,0.09002769738435745,0.5849999785423279,0.5913000106811523
YAL043C,YCR020W-B,1,-5.280294,0.09016771614551544,0.5860000252723694,0.5913000106811523
YFR008W,YDL194W,0,-5.2805815,0.09015384316444397,0.5860000252723694,0.5914000272750854
YOR353C,YHR191C,0,-5.2806334,0.0901399776339531,0.5860000252723694,0.5914999842643738
YGL169W,YML008C,0,-5.2808003,0.09012611210346222,0.5860000252723694,0.5916000008583069
YGR043C,YPR149W,0,-5.2808805,0.09011225402355194,0.5860000252723694,0.59170001745224
YMR068W,YBR058C-A,0,-5.2809954,0.09009840339422226,0.5860000252723694,0.5917999744415283
YMR199W,YLR229C,0,-5.281006,0.09008455276489258,0.5860000252723694,0.5918999910354614
YOR280C,YPR152C,0,-5.281117,0.0900707021355629,0.5860000252723694,0.5920000076293945
YLR146C,YDR281C,0,-5.2817645,0.09005685895681381,0.5860000252723694,0.5921000242233276
YCR039C,YBL006C,1,-5.28227,0.09019668400287628,0.5870000123977661,0.5921000242233276
YCR073C,YGL014W,0,-5.2825127,0.090182825922966,0.5870000123977661,0.592199981212616
YLR384C,YHR084W,1,-5.2832017,0.0903225839138031,0.5879999995231628,0.592199981212616
YNL241C,YGR263C,0,-5.283349,0.09030871093273163,0.5879999995231628,0.5922999978065491
YPR098C,YJL222W,0,-5.2833924,0.09029483795166016,0.5879999995231628,0.5924000144004822
YPL078C,YJR133W,0,-5.283719,0.09028097987174988,0.5879999995231628,0.5924999713897705
YEL071W,YNR032W,0,-5.2837615,0.090267114341259,0.5879999995231628,0.5925999879837036
YMR013C,YOR155C,0,-5.283795,0.09025326371192932,0.5879999995231628,0.5927000045776367
YLR312W-A,YHR076W,0,-5.284306,0.09023941308259964,0.5879999995231628,0.5928000211715698
YIL147C,YGR002C,0,-5.2844515,0.09022556245326996,0.5879999995231628,0.5928999781608582
YNR041C,YNL331C,0,-5.2844577,0.09021171927452087,0.5879999995231628,0.5929999947547913
YKR036C,YLR403W,0,-5.2846537,0.09019788354635239,0.5879999995231628,0.5931000113487244
YNL185C,YDR378C,0,-5.284739,0.0901840478181839,0.5879999995231628,0.5932000279426575
YDR191W,YIL142W,0,-5.284868,0.09017021954059601,0.5879999995231628,0.5932999849319458
YBL052C,YLR286C,0,-5.2850003,0.09015639126300812,0.5879999995231628,0.5934000015258789
YOL011W,YJL013C,0,-5.285532,0.09014257043600082,0.5879999995231628,0.593500018119812
YIR004W,YBL024W,0,-5.2857804,0.09012875705957413,0.5879999995231628,0.5935999751091003
YBL032W,YJR095W,0,-5.28585,0.09011494368314743,0.5879999995231628,0.5936999917030334
YJR009C,YAL024C,0,-5.2858663,0.09010113030672073,0.5879999995231628,0.5938000082969666
YOR317W,YBR243C,0,-5.2859874,0.09008733183145523,0.5879999995231628,0.5939000248908997
YBR255W,YBR223C,0,-5.286646,0.09007352590560913,0.5879999995231628,0.593999981880188
YPL106C,YNL117W,0,-5.2867227,0.09005973488092422,0.5879999995231628,0.5940999984741211
YMR273C,YLR314C,0,-5.28687,0.09004594385623932,0.5879999995231628,0.5942000150680542
YIL009W,YLR290C,0,-5.2869344,0.09003215283155441,0.5879999995231628,0.5942999720573425
YGL073W,YML114C,1,-5.287041,0.0901714637875557,0.5889999866485596,0.5942999720573425
YJL148W,YDR051C,0,-5.2871265,0.0901576578617096,0.5889999866485596,0.5943999886512756
YJL101C,YIL068C,0,-5.287338,0.09014385938644409,0.5889999866485596,0.5945000052452087
YDR384C,YPL175W,0,-5.2879624,0.09013006836175919,0.5889999866485596,0.5946000218391418
YNL325C,YHR150W,0,-5.2880273,0.09011627733707428,0.5889999866485596,0.5946999788284302
YBR166C,YLR090W,0,-5.288076,0.09010249376296997,0.5889999866485596,0.5947999954223633
YPL101W,YFR019W,1,-5.2887063,0.09024166315793991,0.5899999737739563,0.5947999954223633
YDR470C,YJL192C,0,-5.288926,0.09022786468267441,0.5899999737739563,0.5949000120162964
YBR073W,YOR037W,0,-5.2889376,0.0902140662074089,0.5899999737739563,0.5950000286102295
YBR164C,YGR209C,0,-5.2889605,0.090200275182724,0.5899999737739563,0.5950999855995178
YNL191W,YCL030C,0,-5.28909,0.09018648415803909,0.5899999737739563,0.5952000021934509
YOL094C,YNL215W,0,-5.2892704,0.09017270058393478,0.5899999737739563,0.595300018787384
YIL056W,YDR451C,1,-5.2898383,0.09031173586845398,0.5910000205039978,0.595300018787384
YOL077W-A,YMR011W,0,-5.290075,0.09029793739318848,0.5910000205039978,0.5953999757766724
YNL081C,YKL092C,0,-5.290112,0.09028414636850357,0.5910000205039978,0.5954999923706055
YOR180C,YLR440C,0,-5.290464,0.09027035534381866,0.5910000205039978,0.5956000089645386
YER142C,YML123C,0,-5.2906322,0.09025656431913376,0.5910000205039978,0.5957000255584717
YAL042W,YFR025C,0,-5.2906528,0.09024278819561005,0.5910000205039978,0.59579998254776
YOR386W,YNL284C,0,-5.2907166,0.09022900462150574,0.5910000205039978,0.5958999991416931
YMR277W,YDR229W,0,-5.291022,0.09021523594856262,0.5910000205039978,0.5960000157356262
YPL101W,YMR042W,1,-5.2914615,0.09035409241914749,0.5920000076293945,0.5960000157356262
YJL016W,YMR283C,0,-5.2915707,0.09034030139446259,0.5920000076293945,0.5960999727249146
YMR264W,YPL096W,0,-5.291674,0.09032651782035828,0.5920000076293945,0.5961999893188477
YDR309C,YHR071W,0,-5.2917757,0.09031274169683456,0.5920000076293945,0.5963000059127808
YMR162C,YCR014C,0,-5.2918315,0.09029896557331085,0.5920000076293945,0.5964000225067139
YDL215C,YIL087C,0,-5.2919364,0.09028518944978714,0.5920000076293945,0.5964999794960022
YCR105W,YOR185C,0,-5.2920046,0.09027142077684402,0.5920000076293945,0.5965999960899353
YGR062C,YCL008C,0,-5.2924266,0.0902576595544815,0.5920000076293945,0.5967000126838684
YLR141W,YEL017C-A,0,-5.2926116,0.09024390578269958,0.5920000076293945,0.5968000292778015
YPL183C,YOL062C,0,-5.292748,0.09023014456033707,0.5920000076293945,0.5968999862670898
YOR212W,YFR002W,0,-5.292831,0.09021639823913574,0.5920000076293945,0.597000002861023
YNL113W,YCL014W,0,-5.292979,0.09020265191793442,0.5920000076293945,0.597100019454956
YBL102W,YJL138C,0,-5.2933016,0.0901889055967331,0.5920000076293945,0.5971999764442444
YGL054C,YPL115C,0,-5.293306,0.09017517417669296,0.5920000076293945,0.5972999930381775
YDL165W,YMR164C,1,-5.2936954,0.09031374007463455,0.5929999947547913,0.5972999930381775
YAL012W,YGR276C,0,-5.293731,0.09029998630285263,0.5929999947547913,0.5974000096321106
YOR003W,YJL154C,0,-5.2938924,0.0902862399816513,0.5929999947547913,0.5975000262260437
YDL229W,YCR020C-A,0,-5.293985,0.09027249366044998,0.5929999947547913,0.597599983215332
YLR047C,YDL049C,0,-5.294108,0.09025875478982925,0.5929999947547913,0.5976999998092651
YDR371W,YML011C,0,-5.2943244,0.09024501591920853,0.5929999947547913,0.5978000164031982
YNR002C,YLR353W,0,-5.294397,0.0902312844991684,0.5929999947547913,0.5978999733924866
YJL096W,YDR473C,0,-5.294539,0.09021755307912827,0.5929999947547913,0.5979999899864197
YDR155C,YNL152W,0,-5.2948127,0.09020383656024933,0.5929999947547913,0.5981000065803528
YER127W,YPR169W,0,-5.2950716,0.0901901125907898,0.5929999947547913,0.5982000231742859
YKR102W,YNL084C,0,-5.2951713,0.09017639607191086,0.5929999947547913,0.5982999801635742
YGR212W,YOL097C,0,-5.2952886,0.09016268700361252,0.5929999947547913,0.5983999967575073
YMR323W,YGR058W,0,-5.2953286,0.09014897793531418,0.5929999947547913,0.5985000133514404
YDR092W,YLR197W,0,-5.2954135,0.09013527631759644,0.5929999947547913,0.5985999703407288
YJL056C,YGL112C,1,-5.295609,0.09027355909347534,0.593999981880188,0.5985999703407288
YHL027W,YDR527W,1,-5.2956634,0.09041178971529007,0.5950000286102295,0.5985999703407288
YDR140W,YBR151W,0,-5.2957625,0.09039805829524994,0.5950000286102295,0.5986999869346619
YGL127C,YIL036W,1,-5.296012,0.09053622931241989,0.5960000157356262,0.5986999869346619
YBR049C,YPR072W,1,-5.296025,0.09067436307668686,0.597000002861023,0.5986999869346619
YIL074C,YKL206C,0,-5.2964272,0.09066059440374374,0.597000002861023,0.598800003528595
YML043C,YOR043W,0,-5.2964883,0.09064682573080063,0.597000002861023,0.5989000201225281
YLR181C,YPR144C,0,-5.2969246,0.09063306450843811,0.597000002861023,0.5989999771118164
YKL085W,YEL064C,0,-5.2971053,0.09061931073665619,0.597000002861023,0.5990999937057495
YGL017W,YPL266W,0,-5.2982297,0.09060555696487427,0.597000002861023,0.5992000102996826
YDL019C,YJL031C,0,-5.2985716,0.09059180319309235,0.597000002861023,0.5993000268936157
YNL274C,YOR164C,0,-5.298698,0.09057806432247162,0.597000002861023,0.599399983882904
YDR461W,YHR183W,0,-5.298785,0.0905643180012703,0.597000002861023,0.5995000004768372
YMR083W,YPL259C,0,-5.298813,0.09055058658123016,0.597000002861023,0.5996000170707703
YDR189W,YJL055W,0,-5.2991986,0.09053685516119003,0.597000002861023,0.5996999740600586
YPR051W,YEL029C,0,-5.2993374,0.0905231237411499,0.597000002861023,0.5997999906539917
YOL124C,YBL013W,0,-5.299443,0.09050939977169037,0.597000002861023,0.5999000072479248
YML078W,YLR270W,0,-5.3000464,0.09049568325281143,0.597000002861023,0.6000000238418579
YDR462W,YMR171C,0,-5.30007,0.0904819667339325,0.597000002861023,0.6000999808311462
YLR216C,YLR396C,0,-5.300484,0.09046825021505356,0.597000002861023,0.6001999974250793
YDR437W,YMR273C,0,-5.3006816,0.09045454859733582,0.597000002861023,0.6003000140190125
YDR289C,YKL028W,1,-5.3006835,0.09059233218431473,0.5979999899864197,0.6003000140190125
YNL323W,YJR144W,0,-5.300797,0.09057861566543579,0.5979999899864197,0.6003999710083008
YHR123W,YIL130W,0,-5.3008533,0.09056489169597626,0.5979999899864197,0.6004999876022339
YPR163C,YER061C,0,-5.3012967,0.09055118262767792,0.5979999899864197,0.600600004196167
YOR324C,YHR115C,0,-5.301417,0.09053747355937958,0.5979999899864197,0.6007000207901001
YGL044C,YHR102W,0,-5.301719,0.09052376449108124,0.5979999899864197,0.6007999777793884
YNR050C,YOL102C,0,-5.3019414,0.0905100628733635,0.5979999899864197,0.6008999943733215
YIR024C,YMR077C,0,-5.3021293,0.09049636870622635,0.5979999899864197,0.6010000109672546
YJL133W,YPR029C,0,-5.3027244,0.0904826745390892,0.5979999899864197,0.6011000275611877
YKL084W,YDR525W-A,0,-5.303513,0.09046898782253265,0.5979999899864197,0.6011999845504761
YNL177C,YML006C,0,-5.3038173,0.0904553011059761,0.5979999899864197,0.6013000011444092
YOR118W,YGR019W,0,-5.303882,0.09044162184000015,0.5979999899864197,0.6014000177383423
YML078W,YDR405W,0,-5.30423,0.0904279425740242,0.5979999899864197,0.6014999747276306
YOR232W,YBR079C,0,-5.3044086,0.09041427075862885,0.5979999899864197,0.6015999913215637
YDL212W,YDR299W,0,-5.3044715,0.09040060639381409,0.5979999899864197,0.6017000079154968
YAL042W,YHL040C,0,-5.3045635,0.09038694202899933,0.5979999899864197,0.6018000245094299
YDR268W,YGR218W,0,-5.30478,0.09037327766418457,0.5979999899864197,0.6018999814987183
YGR132C,YJL172W,0,-5.3048663,0.090359628200531,0.5979999899864197,0.6019999980926514
YOR032C,YOL030W,0,-5.304876,0.09034597128629684,0.5979999899864197,0.6021000146865845
YKR085C,YHR010W,0,-5.3050227,0.09033232927322388,0.5979999899864197,0.6021999716758728
YPL021W,YDL248W,0,-5.3050394,0.09031867980957031,0.5979999899864197,0.6022999882698059
YEL039C,YIR041W,0,-5.3052363,0.09030504524707794,0.5979999899864197,0.602400004863739
YFR019W,YIL036W,1,-5.3056817,0.09044239670038223,0.5989999771118164,0.602400004863739
YMR006C,YKL181W,0,-5.306026,0.09042874723672867,0.5989999771118164,0.6025000214576721
YDR296W,YDR361C,0,-5.306088,0.0904150977730751,0.5989999771118164,0.6025999784469604
YDR228C,YHR143W-A,1,-5.3061533,0.09055236726999283,0.6000000238418579,0.6025999784469604
YIL121W,YPR019W,0,-5.306316,0.09053870290517807,0.6000000238418579,0.6026999950408936
YNL243W,YHL032C,0,-5.3067255,0.09052504599094391,0.6000000238418579,0.6028000116348267
YJL097W,YKL034W,0,-5.3072734,0.09051138907670975,0.6000000238418579,0.6029000282287598
YOR219C,YIL072W,0,-5.307521,0.09049773961305618,0.6000000238418579,0.6029999852180481
YBR034C,YDL129W,0,-5.308829,0.09048409014940262,0.6000000238418579,0.6031000018119812
YPL078C,YPL031C,0,-5.3092113,0.09047044813632965,0.6000000238418579,0.6032000184059143
YNL052W,YNL327W,0,-5.3098087,0.09045680612325668,0.6000000238418579,0.6032999753952026
YNL270C,YFR008W,0,-5.30993,0.09044317156076431,0.6000000238418579,0.6033999919891357
YPL190C,YCR093W,1,-5.310197,0.09058025479316711,0.6010000109672546,0.6033999919891357
YER178W,YGR212W,0,-5.310275,0.09056660532951355,0.6010000109672546,0.6035000085830688
YBL022C,YDR069C,0,-5.310635,0.09055296331644058,0.6010000109672546,0.603600025177002
YLL018C-A,YBR043C,0,-5.3106475,0.09053932130336761,0.6010000109672546,0.6036999821662903
YJR094W-A,YBR263W,0,-5.310695,0.09052567929029465,0.6010000109672546,0.6037999987602234
YJR112W,YBR290W,0,-5.311014,0.09051204472780228,0.6010000109672546,0.6039000153541565
YKL170W,YBR256C,0,-5.3116083,0.0904984176158905,0.6010000109672546,0.6039999723434448
YGL107C,YJL002C,0,-5.311897,0.09048479050397873,0.6010000109672546,0.6040999889373779
YFR037C,YML114C,1,-5.312064,0.0906217098236084,0.6019999980926514,0.6040999889373779
YLR116W,YMR062C,0,-5.312135,0.09060806781053543,0.6019999980926514,0.604200005531311
YGR033C,YER104W,0,-5.3121486,0.09059443324804306,0.6019999980926514,0.6043000221252441
YNL112W,YBR179C,0,-5.3125415,0.09058079868555069,0.6019999980926514,0.6043999791145325
YDR080W,YOR001W,0,-5.312673,0.09056717157363892,0.6019999980926514,0.6044999957084656
YGL064C,YOR075W,0,-5.3127446,0.09055355191230774,0.6019999980926514,0.6046000123023987
YOR109W,YNL187W,0,-5.312967,0.09053993225097656,0.6019999980926514,0.6047000288963318
YOR180C,YLR435W,0,-5.313005,0.09052631258964539,0.6019999980926514,0.6047999858856201
YPL011C,YDL140C,1,-5.31309,0.09066306054592133,0.6029999852180481,0.6047999858856201
YIL140W,YER046W,0,-5.313198,0.09064942598342896,0.6029999852180481,0.6049000024795532
YAL008W,YJL026W,0,-5.3133116,0.09063580632209778,0.6029999852180481,0.6050000190734863
YGL005C,YLL048C,0,-5.313334,0.090622179210186,0.6029999852180481,0.6050999760627747
YBR072W,YGL211W,0,-5.31338,0.09060856699943542,0.6029999852180481,0.6051999926567078
YPR051W,YOR125C,0,-5.3147616,0.09059495478868484,0.6029999852180481,0.6053000092506409
YDR216W,YDR173C,1,-5.3150735,0.09073156118392944,0.6039999723434448,0.6053000092506409
YCR030C,YGL110C,0,-5.315331,0.09071793407201767,0.6039999723434448,0.605400025844574
YOR063W,YDL233W,0,-5.315829,0.0907043069601059,0.6039999723434448,0.6054999828338623
YPR079W,YGR017W,0,-5.315907,0.09069068729877472,0.6039999723434448,0.6055999994277954
YJL167W,YIL070C,0,-5.3159122,0.09067707508802414,0.6039999723434448,0.6057000160217285
YOR327C,YDL130W-A,0,-5.3159604,0.09066346287727356,0.6039999723434448,0.6057999730110168
YPR098C,YGR263C,0,-5.316312,0.09064985811710358,0.6039999723434448,0.60589998960495
YKL132C,YDL065C,0,-5.3163433,0.0906362533569336,0.6039999723434448,0.6060000061988831
YNL118C,YKL129C,0,-5.3170495,0.09062265604734421,0.6039999723434448,0.6061000227928162
YGR074W,YOR233W,0,-5.317126,0.09060905873775482,0.6039999723434448,0.6061999797821045
YBL052C,YDR439W,0,-5.317207,0.09059546887874603,0.6039999723434448,0.6062999963760376
YCL066W,YER171W,1,-5.3176394,0.09073185175657272,0.6050000190734863,0.6062999963760376
YDL131W,YJL054W,0,-5.317964,0.09071824699640274,0.6050000190734863,0.6064000129699707
YMR073C,YHR015W,0,-5.318073,0.09070464968681335,0.6050000190734863,0.6065000295639038
YNR050C,YCL042W,0,-5.318201,0.09069105237722397,0.6050000190734863,0.6065999865531921
YBR131W,YKR083C,0,-5.3183417,0.09067745506763458,0.6050000190734863,0.6067000031471252
YHR147C,YLR304C,0,-5.3187413,0.09066387265920639,0.6050000190734863,0.6068000197410583
YGL257C,YBL014C,0,-5.3189993,0.0906502828001976,0.6050000190734863,0.6068999767303467
YOR335C,YHL018W,0,-5.3190074,0.09063670784235,0.6050000190734863,0.6069999933242798
YMR026C,YJR135C,0,-5.3192487,0.09062312543392181,0.6050000190734863,0.6071000099182129
YPL139C,YDR232W,0,-5.319279,0.09060955792665482,0.6050000190734863,0.607200026512146
YNL180C,YFL029C,0,-5.31953,0.09059599041938782,0.6050000190734863,0.6072999835014343
YNR054C,YDL225W,0,-5.319905,0.09058242291212082,0.6050000190734863,0.6074000000953674
YCL004W,YIR036C,0,-5.3199077,0.09056886285543442,0.6050000190734863,0.6075000166893005
YLR384C,YLR417W,1,-5.320036,0.09070498496294022,0.6060000061988831,0.6075000166893005
YPR161C,YFL059W,0,-5.3204284,0.09069141000509262,0.6060000061988831,0.6075999736785889
YAL059W,YOR226C,0,-5.3214445,0.09067784249782562,0.6060000061988831,0.607699990272522
YLR186W,YDL185W,0,-5.321506,0.09066427499055862,0.6060000061988831,0.6078000068664551
YOR091W,YHR141C,0,-5.322252,0.09065070748329163,0.6060000061988831,0.6079000234603882
YGL038C,YHR195W,0,-5.3224406,0.09063715487718582,0.6060000061988831,0.6079999804496765
YGR037C,YOR289W,0,-5.322736,0.09062359482049942,0.6060000061988831,0.6080999970436096
YNR023W,YFR034C,0,-5.3231764,0.09061004966497421,0.6060000061988831,0.6082000136375427
YDR311W,YKR062W,1,-5.323274,0.09074600040912628,0.6069999933242798,0.6082000136375427
YNL074C,YHR195W,0,-5.3233356,0.09073243290185928,0.6069999933242798,0.608299970626831
YBR108W,YIL043C,0,-5.324204,0.09071887284517288,0.6069999933242798,0.6083999872207642
YBR281C,YOL095C,0,-5.324515,0.09070532023906708,0.6069999933242798,0.6085000038146973
YDL217C,YBL082C,0,-5.3245554,0.09069176763296127,0.6069999933242798,0.6086000204086304
YDR268W,YDR213W,0,-5.3246264,0.09067822247743607,0.6069999933242798,0.6086999773979187
YGL189C,YOR371C,0,-5.324897,0.09066467732191086,0.6069999933242798,0.6087999939918518
YEL003W,YLR340W,0,-5.3254876,0.09065113216638565,0.6069999933242798,0.6089000105857849
YIL068C,YLR026C,0,-5.3269453,0.09063760191202164,0.6069999933242798,0.609000027179718
YIL137C,YBR256C,0,-5.3270154,0.09062406420707703,0.6069999933242798,0.6090999841690063
YER139C,YBR005W,0,-5.3282404,0.09061054140329361,0.6069999933242798,0.6092000007629395
YKL197C,YBR093C,0,-5.3283753,0.09059701859951019,0.6069999933242798,0.6093000173568726
YPR166C,YJR021C,0,-5.3287377,0.09058349579572678,0.6069999933242798,0.6093999743461609
YBL093C,YKR062W,1,-5.3288107,0.09071918576955795,0.6079999804496765,0.6093999743461609
YHR084W,YML027W,1,-5.329168,0.09085483849048615,0.609000027179718,0.6093999743461609
YGL150C,YDR183W,1,-5.330009,0.09099045395851135,0.6100000143051147,0.6093999743461609
YGL245W,YDR104C,0,-5.3300185,0.09097688645124435,0.6100000143051147,0.609499990940094
YCL025C,YLR396C,0,-5.330217,0.09096331894397736,0.6100000143051147,0.6096000075340271
YER110C,YBR127C,0,-5.3305573,0.09094975143671036,0.6100000143051147,0.6097000241279602
YHR030C,YPR029C,0,-5.3310447,0.09093619883060455,0.6100000143051147,0.6097999811172485
YBR031W,YJR084W,0,-5.3318496,0.09092263877391815,0.6100000143051147,0.6098999977111816
YMR143W,YDR349C,0,-5.331975,0.09090909361839294,0.6100000143051147,0.6100000143051147
YIR017C,YPL190C,1,-5.3323035,0.09104455262422562,0.6110000014305115,0.6100000143051147
YFL037W,YLL048C,0,-5.3323436,0.09103099256753922,0.6110000014305115,0.6100999712944031
YGL151W,YOR315W,1,-5.3325963,0.09116639196872711,0.6119999885559082,0.6100999712944031
YKL218C,YDL202W,0,-5.3331323,0.09115281701087952,0.6119999885559082,0.6101999878883362
YMR268C,YPR190C,0,-5.333487,0.09113924205303192,0.6119999885559082,0.6103000044822693
YKR036C,YOR232W,0,-5.333522,0.09112566709518433,0.6119999885559082,0.6104000210762024
YOL135C,YNL230C,1,-5.3336077,0.09126097708940506,0.6129999756813049,0.6104000210762024
YOL030W,YCR051W,0,-5.33431,0.09124739468097687,0.6129999756813049,0.6104999780654907
YGL187C,YDL085W,0,-5.334698,0.09123381227254868,0.6129999756813049,0.6105999946594238
YPL011C,YPR065W,1,-5.3348045,0.09136904776096344,0.6140000224113464,0.6105999946594238
YER016W,YML054C,0,-5.3350105,0.09135545045137405,0.6140000224113464,0.6107000112533569
YGR196C,YDR073W,0,-5.335161,0.09134186059236526,0.6140000224113464,0.61080002784729
YDR398W,YFL005W,0,-5.335551,0.09132827818393707,0.6140000224113464,0.6108999848365784
YDR501W,YDR167W,1,-5.3358717,0.09146341681480408,0.6150000095367432,0.6108999848365784
YGR094W,YOL132W,0,-5.3359876,0.0914498120546341,0.6150000095367432,0.6110000014305115
YDR245W,YER008C,0,-5.3360186,0.09143621474504471,0.6150000095367432,0.6111000180244446
YER131W,YLR290C,0,-5.336086,0.09142262488603592,0.6150000095367432,0.6111999750137329
YOR209C,YJL170C,0,-5.3363376,0.09140903502702713,0.6150000095367432,0.611299991607666
YPR051W,YLR110C,0,-5.336398,0.09139545261859894,0.6150000095367432,0.6114000082015991
YDL240W,YJR045C,0,-5.3365293,0.09138187021017075,0.6150000095367432,0.6115000247955322
YKL206C,YPL213W,0,-5.3379664,0.09136829525232315,0.6150000095367432,0.6115999817848206
YKL144C,YLR095C,0,-5.3381734,0.09135472029447556,0.6150000095367432,0.6116999983787537
YOL096C,YPL134C,0,-5.3386197,0.09134115278720856,0.6150000095367432,0.6118000149726868
YBR249C,YML031W,0,-5.338728,0.09132759273052216,0.6150000095367432,0.6118999719619751
YDL101C,YIL159W,0,-5.3392673,0.09131403267383575,0.6150000095367432,0.6119999885559082
YEL034W,YER124C,0,-5.339367,0.09130047261714935,0.6150000095367432,0.6121000051498413
YER013W,YKL032C,0,-5.3395944,0.09128692001104355,0.6150000095367432,0.6122000217437744
YHR064C,YHR142W,0,-5.339813,0.09127337485551834,0.6150000095367432,0.6122999787330627
YPL193W,YPL074W,0,-5.3398633,0.09125982969999313,0.6150000095367432,0.6123999953269958
YER028C,YOR315W,1,-5.339901,0.09139465540647507,0.6159999966621399,0.6123999953269958
YFL009W,YGL002W,0,-5.340153,0.09138110280036926,0.6159999966621399,0.612500011920929
YGL071W,YNL222W,1,-5.3402348,0.09151586890220642,0.6169999837875366,0.612500011920929
YNL162W,YDR051C,0,-5.340698,0.09150230139493942,0.6169999837875366,0.6126000285148621
YJR126C,YPL115C,0,-5.3407683,0.09148873388767242,0.6169999837875366,0.6126999855041504
YOR175C,YBR155W,0,-5.3411946,0.09147516638040543,0.6169999837875366,0.6128000020980835
YOL137W,YIL155C,0,-5.341582,0.09146160632371902,0.6169999837875366,0.6129000186920166
YER173W,YLR258W,0,-5.3416533,0.09144805371761322,0.6169999837875366,0.6129999756813049
YMR251W-A,YOR062C,0,-5.3418317,0.09143450111150742,0.6169999837875366,0.613099992275238
YOR279C,YJL033W,0,-5.3418517,0.09142094850540161,0.6169999837875366,0.6132000088691711
YKL132C,YOR332W,0,-5.342042,0.091407410800457,0.6169999837875366,0.6133000254631042
YLR129W,YDL049C,0,-5.342092,0.0913938656449318,0.6169999837875366,0.6133999824523926
YPR057W,YMR156C,0,-5.3423996,0.09138033539056778,0.6169999837875366,0.6134999990463257
YGL023C,YDR518W,0,-5.3424997,0.09136679768562317,0.6169999837875366,0.6136000156402588
YPL175W,YLR369W,0,-5.3430305,0.09135327488183975,0.6169999837875366,0.6136999726295471
YOR016C,YJL146W,0,-5.343077,0.09133974462747574,0.6169999837875366,0.6137999892234802
YFR037C,YGL207W,1,-5.34314,0.09147424250841141,0.6179999709129333,0.6137999892234802
YPL242C,YOR234C,0,-5.343284,0.0914607048034668,0.6179999709129333,0.6139000058174133
YGL150C,YDR308C,1,-5.3434663,0.09159514307975769,0.6190000176429749,0.6139000058174133
YOL123W,YPL212C,0,-5.3435125,0.09158159792423248,0.6190000176429749,0.6140000224113464
YDR322W,YPL128C,0,-5.343831,0.09156804531812668,0.6190000176429749,0.6140999794006348
YFL034C-B,YJR105W,0,-5.344243,0.09155450016260147,0.6190000176429749,0.6141999959945679
YLR231C,YNL252C,0,-5.3442645,0.09154096245765686,0.6190000176429749,0.614300012588501
YEL016C,YEL055C,0,-5.344297,0.09152743220329285,0.6190000176429749,0.6144000291824341
YMR268C,YPR149W,0,-5.3444195,0.09151389449834824,0.6190000176429749,0.6144999861717224
YGR282C,YHR114W,0,-5.3444304,0.09150037169456482,0.6190000176429749,0.6146000027656555
YKL206C,YHR178W,0,-5.3444896,0.0914868488907814,0.6190000176429749,0.6147000193595886
YGR295C,YKR060W,0,-5.3445997,0.09147332608699799,0.6190000176429749,0.614799976348877
YFL017C,YHR031C,0,-5.3450475,0.09145981073379517,0.6190000176429749,0.6148999929428101
YPL116W,YGL223C,0,-5.3453326,0.09144630283117294,0.6190000176429749,0.6150000095367432
YOR255W,YGL099W,0,-5.345405,0.09143279492855072,0.6190000176429749,0.6151000261306763
YNL318C,YIL031W,0,-5.3458548,0.0914192870259285,0.6190000176429749,0.6151999831199646
YOL021C,YNL177C,0,-5.3461576,0.09140578657388687,0.6190000176429749,0.6152999997138977
YLR388W,YBR276C,0,-5.346233,0.09139229357242584,0.6190000176429749,0.6154000163078308
YBL040C,YDR147W,0,-5.3466306,0.09137880057096481,0.6190000176429749,0.6154999732971191
YDR373W,YDR332W,0,-5.3468804,0.09136531502008438,0.6190000176429749,0.6155999898910522
YDR516C,YOR244W,1,-5.348501,0.09149941056966782,0.6200000047683716,0.6155999898910522
YCR069W,YGR049W,0,-5.3485336,0.09148591011762619,0.6200000047683716,0.6157000064849854
YOL062C,YJL172W,0,-5.3491755,0.09147240966558456,0.6200000047683716,0.6158000230789185
YCL014W,YHR188C,0,-5.3497634,0.09145891666412354,0.6200000047683716,0.6158999800682068
YMR199W,YJR019C,0,-5.3499,0.0914454311132431,0.6200000047683716,0.6159999966621399
YGR116W,YGR186W,1,-5.3500504,0.09157941490411758,0.6209999918937683,0.6159999966621399
YBR058C-A,YML072C,0,-5.350553,0.09156590700149536,0.6209999918937683,0.616100013256073
YHR168W,YDR287W,0,-5.351238,0.09155241400003433,0.6209999918937683,0.6161999702453613
YLL051C,YPR081C,0,-5.351352,0.0915389135479927,0.6209999918937683,0.6162999868392944
YHR215W,YIL090W,0,-5.3514423,0.09152542054653168,0.6209999918937683,0.6164000034332275
YBL097W,YHR195W,0,-5.3518825,0.09151193499565125,0.6209999918937683,0.6165000200271606
YPL042C,YPR025C,1,-5.35239,0.09164579212665558,0.621999979019165,0.6165000200271606
YLR218C,YJL100W,0,-5.3524423,0.09163229167461395,0.621999979019165,0.616599977016449
YML115C,YDL075W,0,-5.352468,0.09161879867315292,0.621999979019165,0.6166999936103821
YCL066W,YER159C,1,-5.3527436,0.09175257384777069,0.6230000257492065,0.6166999936103821
YNL164C,YOR125C,0,-5.3529677,0.09173906594514847,0.6230000257492065,0.6168000102043152
YDR446W,YNL307C,0,-5.3532457,0.09172555804252625,0.6230000257492065,0.6169000267982483
YBR107C,YMR207C,0,-5.35405,0.09171205759048462,0.6230000257492065,0.6169999837875366
YGL157W,YOR002W,0,-5.354338,0.091698557138443,0.6230000257492065,0.6171000003814697
YEL071W,YBR249C,0,-5.3544154,0.09168506413698196,0.6230000257492065,0.6172000169754028
YBL034C,YFR004W,0,-5.3546157,0.09167157113552094,0.6230000257492065,0.6172999739646912
YKR079C,YMR288W,0,-5.354631,0.0916580855846405,0.6230000257492065,0.6173999905586243
YGR261C,YLR048W,0,-5.3554378,0.09164460003376007,0.6230000257492065,0.6175000071525574
YPL042C,YDR527W,1,-5.3554845,0.09177820384502411,0.6240000128746033,0.6175000071525574
YOR194C,YGR116W,1,-5.355639,0.09191176295280457,0.625,0.6175000071525574
YJR025C,YHR133C,0,-5.355656,0.09189824759960175,0.625,0.6176000237464905
YDR512C,YPL002C,1,-5.355892,0.09203175455331802,0.6259999871253967,0.6176000237464905
YOR113W,YOR100C,0,-5.356584,0.09201822429895401,0.6259999871253967,0.6176999807357788
YOR107W,YPR102C,0,-5.356764,0.0920047014951706,0.6259999871253967,0.6177999973297119
YJR136C,YIL015W,0,-5.356976,0.09199118614196777,0.6259999871253967,0.617900013923645
YDR106W,YBR130C,0,-5.35725,0.09197766333818436,0.6259999871253967,0.6179999709129333
YML041C,YPR088C,0,-5.358156,0.09196415543556213,0.6259999871253967,0.6180999875068665
YLL003W,YLR029C,0,-5.358621,0.09195064753293991,0.6259999871253967,0.6182000041007996
YCR042C,YBR154C,1,-5.3586736,0.09208400547504425,0.6269999742507935,0.6182000041007996
YER058W,YDL134C,0,-5.3586745,0.09207048267126083,0.6269999742507935,0.6183000206947327
YMR022W,YIL006W,0,-5.359575,0.09205696731805801,0.6269999742507935,0.618399977684021
YGR048W,YMR077C,0,-5.35976,0.0920434519648552,0.6269999742507935,0.6184999942779541
YOR205C,YFL007W,0,-5.360069,0.09202994406223297,0.6269999742507935,0.6186000108718872
YER122C,YBR057C,0,-5.360082,0.09201643615961075,0.6269999742507935,0.6187000274658203
YGR136W,YFL055W,0,-5.3602853,0.09200293570756912,0.6269999742507935,0.6187999844551086
YNR031C,YJR004C,0,-5.360408,0.0919894352555275,0.6269999742507935,0.6189000010490417
YBR191W,YJR031C,0,-5.360979,0.09197594225406647,0.6269999742507935,0.6190000176429749
YLR181C,YHL018W,0,-5.361216,0.09196244925260544,0.6269999742507935,0.6190999746322632
YGL189C,YGL172W,0,-5.3613477,0.091948963701725,0.6269999742507935,0.6191999912261963
YKR002W,YLR353W,0,-5.3613844,0.09193548560142517,0.6269999742507935,0.6193000078201294
YDR011W,YDR267C,0,-5.3618526,0.09192200750112534,0.6269999742507935,0.6194000244140625
YOR280C,YLR263W,0,-5.3622494,0.0919085294008255,0.6269999742507935,0.6194999814033508
YMR071C,YMR038C,0,-5.36278,0.09189505875110626,0.6269999742507935,0.6195999979972839
YLL045C,YPL069C,0,-5.363016,0.09188159555196762,0.6269999742507935,0.619700014591217
YDL035C,YFL059W,0,-5.3634224,0.09186813235282898,0.6269999742507935,0.6197999715805054
YML067C,YPL130W,0,-5.3635306,0.09185467660427094,0.6269999742507935,0.6198999881744385
YOL062C,YMR132C,0,-5.3635902,0.09184122085571289,0.6269999742507935,0.6200000047683716
YDL074C,YER096W,0,-5.363756,0.09182776510715485,0.6269999742507935,0.6201000213623047
YMR212C,YBL047C,0,-5.3637605,0.091814324259758,0.6269999742507935,0.620199978351593
YKL197C,YLR364W,0,-5.363819,0.09180087596178055,0.6269999742507935,0.6202999949455261
YKL080W,YDR478W,0,-5.3640785,0.0917874425649643,0.6269999742507935,0.6204000115394592
YOR017W,YIR025W,0,-5.3641934,0.09177400171756744,0.6269999742507935,0.6205000281333923
YNL322C,YNL308C,0,-5.364273,0.09176057577133179,0.6269999742507935,0.6205999851226807
YDR177W,YJL035C,0,-5.364581,0.09174714982509613,0.6269999742507935,0.6207000017166138
YLR288C,YMR054W,0,-5.3646894,0.09173372387886047,0.6269999742507935,0.6208000183105469
YMR172W,YDR463W,1,-5.3650937,0.09186659008264542,0.628000020980835,0.6208000183105469
YHR084W,YDR217C,1,-5.3653016,0.09199941158294678,0.6290000081062317,0.6208000183105469
YLR376C,YBR019C,0,-5.3657155,0.09198596328496933,0.6290000081062317,0.6208999752998352
YGL133W,YIR033W,1,-5.365906,0.09211873263120651,0.6299999952316284,0.6208999752998352
YDR238C,YIR002C,0,-5.3660088,0.09210526198148727,0.6299999952316284,0.6209999918937683
YDR127W,YDL154W,0,-5.366755,0.09209179878234863,0.6299999952316284,0.6211000084877014
YDR147W,YGL220W,0,-5.367229,0.09207834303379059,0.6299999952316284,0.6212000250816345
YGL224C,YKL170W,0,-5.3672867,0.09206488728523254,0.6299999952316284,0.6212999820709229
YDR261C,YDR482C,0,-5.367302,0.0920514315366745,0.6299999952316284,0.621399998664856
YKL087C,YIL006W,0,-5.3673406,0.09203798323869705,0.6299999952316284,0.6215000152587891
YDR347W,YBR065C,0,-5.3673897,0.0920245423913002,0.6299999952316284,0.6215999722480774
YOL059W,YNR021W,0,-5.367592,0.09201110154390335,0.6299999952316284,0.6216999888420105
YIL122W,YGL133W,1,-5.367726,0.09214369207620621,0.6309999823570251,0.6216999888420105
YDR140W,YNL254C,0,-5.36799,0.09213023632764816,0.6309999823570251,0.6218000054359436
YNL062C,YGR229C,0,-5.368077,0.09211678802967072,0.6309999823570251,0.6219000220298767
YML046W,YDL243C,0,-5.3683,0.09210333973169327,0.6309999823570251,0.621999979019165
YGL212W,YER019W,0,-5.368648,0.09208989888429642,0.6309999823570251,0.6220999956130981
YKL119C,YDL236W,0,-5.368776,0.09207646548748016,0.6309999823570251,0.6222000122070312
YDR229W,YMR228W,0,-5.368805,0.09206303209066391,0.6309999823570251,0.6223000288009644
YOR116C,YJR130C,0,-5.368851,0.09204959869384766,0.6309999823570251,0.6223999857902527
YLR346C,YHR120W,0,-5.368921,0.092036172747612,0.6309999823570251,0.6225000023841858
YPL243W,YLR315W,0,-5.3694925,0.09202274680137634,0.6309999823570251,0.6226000189781189
YKL185W,YOR311C,0,-5.369633,0.09200933575630188,0.6309999823570251,0.6226999759674072
YKL049C,YGR158C,0,-5.3697467,0.09199591726064682,0.6309999823570251,0.6227999925613403
YNL082W,YIL078W,0,-5.3697867,0.09198250621557236,0.6309999823570251,0.6229000091552734
YBL022C,YHR034C,0,-5.3697953,0.09196910262107849,0.6309999823570251,0.6230000257492065
YIL122W,YER068W,1,-5.3699164,0.09210142493247986,0.6320000290870667,0.6230000257492065
YKL149C,YJL011C,0,-5.3699355,0.0920880064368248,0.6320000290870667,0.6230999827384949
YGR132C,YJR129C,0,-5.3699913,0.09207459539175034,0.6320000290870667,0.623199999332428
YBR005W,YBL079W,0,-5.3701034,0.09206117689609528,0.6320000290870667,0.6233000159263611
YKR007W,YBR018C,0,-5.370152,0.09204777330160141,0.6320000290870667,0.6233999729156494
YJR072C,YAR015W,0,-5.370631,0.09203436970710754,0.6320000290870667,0.6234999895095825
YLR045C,YDR169C,0,-5.3706584,0.09202096611261368,0.6320000290870667,0.6236000061035156
YFL049W,YEL036C,0,-5.3707175,0.09200756996870041,0.6320000290870667,0.6237000226974487
YEL022W,YML123C,0,-5.3708544,0.09199418127536774,0.6320000290870667,0.6237999796867371
YDR507C,YPL198W,0,-5.3712697,0.09198078513145447,0.6320000290870667,0.6238999962806702
YFR053C,YBR204C,0,-5.3715863,0.09196740388870239,0.6320000290870667,0.6240000128746033
YOL032W,YGR282C,0,-5.371618,0.09195402264595032,0.6320000290870667,0.6241000294685364
YGL224C,YML118W,0,-5.3716993,0.09194064885377884,0.6320000290870667,0.6241999864578247
YCL034W,YKL125W,0,-5.371731,0.09192727506160736,0.6320000290870667,0.6243000030517578
YGL147C,YBR262C,0,-5.3720803,0.09191390126943588,0.6320000290870667,0.6244000196456909
YMR295C,YHR018C,0,-5.372119,0.091900534927845,0.6320000290870667,0.6244999766349792
YDR309C,YDL141W,0,-5.372204,0.09188717603683472,0.6320000290870667,0.6245999932289124
YKL151C,YHR060W,0,-5.3722587,0.09187381714582443,0.6320000290870667,0.6247000098228455
YLR009W,YMR234W,0,-5.372812,0.09186046570539474,0.6320000290870667,0.6248000264167786
YMR294W,YNL015W,0,-5.3729005,0.09184711426496506,0.6320000290870667,0.6248999834060669
YLR333C,YHR191C,0,-5.373629,0.09183377027511597,0.6320000290870667,0.625
YDR081C,YMR021C,1,-5.373965,0.09196571260690689,0.6330000162124634,0.625
YBL018C,YDR420W,0,-5.374038,0.0919523537158966,0.6330000162124634,0.6251000165939331
YLR226W,YKR001C,0,-5.3746386,0.09193899482488632,0.6330000162124634,0.6251999735832214
YDR322C-A,YIL120W,0,-5.3750935,0.09192564338445663,0.6330000162124634,0.6252999901771545
YDL022W,YDR079W,0,-5.3751216,0.09191229939460754,0.6330000162124634,0.6254000067710876
YDR457W,YOR039W,0,-5.376211,0.09189895540475845,0.6330000162124634,0.6255000233650208
YPL177C,YDR167W,1,-5.3763924,0.09203077107667923,0.6340000033378601,0.6255000233650208
YNL106C,YMR020W,0,-5.3766584,0.09201741963624954,0.6340000033378601,0.6255999803543091
YCR086W,YML072C,0,-5.3769746,0.09200406074523926,0.6340000033378601,0.6256999969482422
YKR013W,YCR020C,0,-5.377358,0.09199071675539017,0.6340000033378601,0.6258000135421753
YIL122W,YPL129W,1,-5.3774247,0.09212244302034378,0.6349999904632568,0.6258000135421753
YBL051C,YHR209W,0,-5.3776937,0.0921090766787529,0.6349999904632568,0.6258999705314636
YLR457C,YDR098C,0,-5.377803,0.09209572523832321,0.6349999904632568,0.6259999871253967
YNL063W,YCR059C,0,-5.3779616,0.09208236634731293,0.6349999904632568,0.6261000037193298
YKL161C,YMR041C,0,-5.3780684,0.09206901490688324,0.6349999904632568,0.6262000203132629
YHR168W,YIL050W,0,-5.3783684,0.09205567091703415,0.6349999904632568,0.6262999773025513
YKR022C,YDR170C,0,-5.3784523,0.09204232692718506,0.6349999904632568,0.6263999938964844
YNL309W,YER018C,0,-5.378922,0.09202898293733597,0.6349999904632568,0.6265000104904175
YOL135C,YIL128W,1,-5.3793726,0.09216055274009705,0.6359999775886536,0.6265000104904175
YIL069C,YDL201W,0,-5.379414,0.09214720129966736,0.6359999775886536,0.6266000270843506
YOR226C,YER046W,0,-5.379732,0.09213385730981827,0.6359999775886536,0.6266999840736389
YJL030W,YKL120W,0,-5.380043,0.09212051331996918,0.6359999775886536,0.626800000667572
YGL103W,YBL020W,0,-5.3801017,0.09210716933012009,0.6359999775886536,0.6269000172615051
YIL009W,YEL042W,0,-5.3807583,0.09209383279085159,0.6359999775886536,0.6269999742507935
YDR283C,YGR195W,0,-5.3809686,0.0920804962515831,0.6359999775886536,0.6270999908447266
YNL047C,YER048C,0,-5.381457,0.0920671671628952,0.6359999775886536,0.6272000074386597
YPL033C,YDR322C-A,0,-5.381546,0.0920538455247879,0.6359999775886536,0.6273000240325928
YHR193C,YHL044W,0,-5.381622,0.0920405238866806,0.6359999775886536,0.6273999810218811
YBR276C,YLR221C,0,-5.3816247,0.0920272022485733,0.6359999775886536,0.6274999976158142
YDR045C,YBR208C,0,-5.3818626,0.0920138880610466,0.6359999775886536,0.6276000142097473
YKL042W,YBR147W,0,-5.3819184,0.0920005813241005,0.6359999775886536,0.6276999711990356
YIL027C,YNL088W,0,-5.382135,0.09198727458715439,0.6359999775886536,0.6277999877929688
YDR480W,YDR465C,0,-5.382173,0.09197396785020828,0.6359999775886536,0.6279000043869019
YAR015W,YNL188W,0,-5.382192,0.09196066856384277,0.6359999775886536,0.628000020980835
YBR185C,YOL104C,0,-5.382535,0.09194737672805786,0.6359999775886536,0.6280999779701233
YLR024C,YLR291C,0,-5.3825974,0.09193408489227295,0.6359999775886536,0.6281999945640564
YPL260W,YER053C,0,-5.3827786,0.09192080050706863,0.6359999775886536,0.6283000111579895
YDR301W,YDL140C,1,-5.3828497,0.09205202013254166,0.6370000243186951,0.6283000111579895
YNL230C,YLR055C,1,-5.3828845,0.09218320995569229,0.6380000114440918,0.6283000111579895
YIL097W,YOR181W,0,-5.3831067,0.09216989576816559,0.6380000114440918,0.6284000277519226
YNL062C,YKL130C,0,-5.383429,0.09215658158063889,0.6380000114440918,0.6284999847412109
YDR345C,YDR273W,0,-5.383672,0.09214326739311218,0.6380000114440918,0.628600001335144
YLR396C,YDR171W,0,-5.3845687,0.09212996065616608,0.6380000114440918,0.6287000179290771
YLR206W,YNL152W,0,-5.3849654,0.09211666136980057,0.6380000114440918,0.6287999749183655
YOR172W,YBL103C,1,-5.3851104,0.09224772453308105,0.6389999985694885,0.6287999749183655
YLR178C,YOR112W,0,-5.3856397,0.09223441034555435,0.6389999985694885,0.6288999915122986
YHR138C,YNL208W,0,-5.3860183,0.09222109615802765,0.6389999985694885,0.6290000081062317
YNL104C,YBL035C,0,-5.386111,0.09220778942108154,0.6389999985694885,0.6291000247001648
YCR065W,YFL031W,1,-5.386745,0.09233877062797546,0.6399999856948853,0.6291000247001648
YCR060W,YLR155C,0,-5.3871565,0.09232544898986816,0.6399999856948853,0.6291999816894531
YOR216C,YHR204W,0,-5.3872724,0.09231212735176086,0.6399999856948853,0.6292999982833862
YER159C,YIR033W,1,-5.3880763,0.09244303405284882,0.640999972820282,0.6292999982833862
YGR123C,YPR049C,0,-5.388251,0.09242970496416092,0.640999972820282,0.6294000148773193
YGR287C,YIL133C,0,-5.3883595,0.09241637587547302,0.640999972820282,0.6294999718666077
YOR271C,YPR049C,0,-5.38849,0.09240305423736572,0.640999972820282,0.6295999884605408
YOR120W,YHR109W,0,-5.3886895,0.09238974004983902,0.640999972820282,0.6297000050544739
YOR194C,YDR183W,1,-5.3891025,0.09252053499221802,0.6420000195503235,0.6297000050544739
YNL329C,YIL094C,0,-5.3892026,0.09250720590353012,0.6420000195503235,0.629800021648407
YNL138W,YPR140W,0,-5.3893065,0.09249387681484222,0.6420000195503235,0.6298999786376953
YNL199C,YDR289C,1,-5.3894577,0.09262460470199585,0.6430000066757202,0.6298999786376953
YBR193C,YMR236W,1,-5.3899574,0.09275529533624649,0.6439999938011169,0.6298999786376953
YJR139C,YJL010C,0,-5.3902383,0.0927419364452362,0.6439999938011169,0.6299999952316284
YDR172W,YJR105W,0,-5.390384,0.09272858500480652,0.6439999938011169,0.6301000118255615
YJR096W,YDR406W,0,-5.3904567,0.09271523356437683,0.6439999938011169,0.6302000284194946
YAL008W,YFL004W,0,-5.3908315,0.09270188212394714,0.6439999938011169,0.630299985408783
YML078W,YMR025W,0,-5.391173,0.09268854558467865,0.6439999938011169,0.6304000020027161
YOR190W,YPR119W,0,-5.3914485,0.09267520159482956,0.6439999938011169,0.6305000185966492
YGL139W,YOR368W,0,-5.3920436,0.09266187250614166,0.6439999938011169,0.6305999755859375
YPL051W,YKL087C,0,-5.392303,0.09264854341745377,0.6439999938011169,0.6306999921798706
YBL106C,YKL185W,0,-5.3934174,0.09263521432876587,0.6439999938011169,0.6308000087738037
YBR253W,YPR030W,1,-5.393446,0.09276571124792099,0.6449999809265137,0.6308000087738037
YDR461W,YNL281W,0,-5.393479,0.0927523747086525,0.6449999809265137,0.6309000253677368
YFL026W,YKL045W,0,-5.393702,0.092739038169384,0.6449999809265137,0.6309999823570251
YBR243C,YGL194C,0,-5.393911,0.09272570163011551,0.6449999809265137,0.6310999989509583
YBL031W,YOR388C,0,-5.3939776,0.09271237254142761,0.6449999809265137,0.6312000155448914
YEL054C,YML012W,0,-5.3944044,0.09269905090332031,0.6449999809265137,0.6312999725341797
YKL026C,YER116C,0,-5.3946595,0.09268572926521301,0.6449999809265137,0.6313999891281128
YKR060W,YKL041W,0,-5.3949027,0.09267241507768631,0.6449999809265137,0.6315000057220459
YER159C,YER088C,1,-5.3949265,0.0928027555346489,0.6460000276565552,0.6315000057220459
YNL229C,YLR454W,0,-5.3952575,0.092789426445961,0.6460000276565552,0.631600022315979
YOR161C,YHL029C,0,-5.395715,0.0927761048078537,0.6460000276565552,0.6316999793052673
YNL032W,YNL029C,0,-5.396848,0.0927627831697464,0.6460000276565552,0.6317999958992004
YJR051W,YGR271W,0,-5.397084,0.0927494615316391,0.6460000276565552,0.6319000124931335
YOR026W,YLR273C,0,-5.397375,0.0927361473441124,0.6460000276565552,0.6320000290870667
YKL093W,YOL096C,0,-5.397383,0.0927228331565857,0.6460000276565552,0.632099986076355
YDR304C,YLR216C,0,-5.3974185,0.09270952641963959,0.6460000276565552,0.6322000026702881
YGR245C,YJR048W,0,-5.397427,0.09269622713327408,0.6460000276565552,0.6323000192642212
YPL242C,YOR002W,0,-5.397534,0.09268292784690857,0.6460000276565552,0.6323999762535095
YMR040W,YGR099W,0,-5.397673,0.09266962856054306,0.6460000276565552,0.6324999928474426
YAR014C,YOR091W,0,-5.39846,0.09265633672475815,0.6460000276565552,0.6326000094413757
YOR108W,YFL034C-A,0,-5.398895,0.09264305233955383,0.6460000276565552,0.6327000260353088
YOL009C,YBR145W,0,-5.398974,0.09262976795434952,0.6460000276565552,0.6327999830245972
YCR026C,YDR440W,0,-5.399177,0.0926164910197258,0.6460000276565552,0.6328999996185303
YNL322C,YNL186W,0,-5.4002366,0.09260321408510208,0.6460000276565552,0.6330000162124634
YMR233W,YMR174C,0,-5.4003406,0.09258993715047836,0.6460000276565552,0.6330999732017517
YML107C,YLR191W,0,-5.4003496,0.09257666766643524,0.6460000276565552,0.6331999897956848
YNR002C,YNL298W,0,-5.401102,0.09256340563297272,0.6460000276565552,0.6333000063896179
YGR275W,YOR298C-A,1,-5.401104,0.09269341081380844,0.6470000147819519,0.6333000063896179
YOR148C,YJR161C,0,-5.4014335,0.09268013387918472,0.6470000147819519,0.633400022983551
YOR361C,YKL198C,0,-5.401574,0.092666856944561,0.6470000147819519,0.6334999799728394
YLR014C,YPL269W,0,-5.4017262,0.09265358746051788,0.6470000147819519,0.6335999965667725
YCL044C,YJL044C,0,-5.4022374,0.09264031797647476,0.6470000147819519,0.6337000131607056
YDL092W,YDL097C,0,-5.40224,0.09262705594301224,0.6470000147819519,0.6338000297546387
YKL213C,YJL162C,0,-5.402474,0.09261380136013031,0.6470000147819519,0.633899986743927
YHR101C,YNR059W,0,-5.402877,0.09260054677724838,0.6470000147819519,0.6340000033378601
YDR497C,YIR005W,0,-5.4031653,0.09258729219436646,0.6470000147819519,0.6341000199317932
YJR052W,YFR031C,0,-5.403588,0.09257404506206512,0.6470000147819519,0.6341999769210815
YMR113W,YMR217W,0,-5.4037666,0.0925607979297638,0.6470000147819519,0.6342999935150146
YHR004C,YOR157C,0,-5.4037805,0.09254755824804306,0.6470000147819519,0.6344000101089478
YIL049W,YLR260W,0,-5.4037867,0.09253432601690292,0.6470000147819519,0.6345000267028809
YAL036C,YLR314C,0,-5.4050584,0.09252109378576279,0.6470000147819519,0.6345999836921692
YFL036W,YDR084C,0,-5.4050894,0.09250786155462265,0.6470000147819519,0.6347000002861023
YHR111W,YKL001C,0,-5.40513,0.09249463677406311,0.6470000147819519,0.6348000168800354
YOR371C,YIL133C,0,-5.405305,0.09248141944408417,0.6470000147819519,0.6348999738693237
YDR503C,YLR199C,0,-5.406594,0.09246820211410522,0.6470000147819519,0.6349999904632568
YMR120C,YER001W,0,-5.4065948,0.09245498478412628,0.6470000147819519,0.6351000070571899
YML101C,YGR010W,0,-5.4066253,0.09244177490472794,0.6470000147819519,0.635200023651123
YIL046W,YLR412W,0,-5.4068174,0.09242857247591019,0.6470000147819519,0.6352999806404114
YGL238W,YKR083C,0,-5.4071946,0.09241537004709244,0.6470000147819519,0.6353999972343445
YIL036W,YOR298C-A,1,-5.407605,0.09254498779773712,0.6480000019073486,0.6353999972343445
YGL093W,YKL155C,0,-5.4078126,0.09253177046775818,0.6480000019073486,0.6355000138282776
YBR042C,YDR243C,0,-5.407968,0.09251856058835983,0.6480000019073486,0.6355999708175659
YGR048W,YML001W,0,-5.4079833,0.09250535070896149,0.6480000019073486,0.635699987411499
YLR145W,YEL036C,0,-5.4080796,0.09249214828014374,0.6480000019073486,0.6358000040054321
YGR275W,YIL021W,1,-5.4080877,0.09262166172266006,0.6489999890327454,0.6358000040054321
YHL027W,YML062C,1,-5.4083123,0.09275113791227341,0.6499999761581421,0.6358000040054321
YNL222W,YMR043W,1,-5.408714,0.09288058429956436,0.6510000228881836,0.6358000040054321
YBR281C,YNL307C,0,-5.4092917,0.09286732971668243,0.6510000228881836,0.6359000205993652
YJR099W,YGR263C,0,-5.409348,0.0928540900349617,0.6510000228881836,0.6359999775886536
YNL024C,YDR087C,0,-5.4094834,0.09284084290266037,0.6510000228881836,0.6360999941825867
YPR104C,YBL093C,1,-5.409509,0.09297019988298416,0.6520000100135803,0.6360999941825867
YIL099W,YDR175C,0,-5.4096723,0.09295694530010223,0.6520000100135803,0.6362000107765198
YJL061W,YLR414C,0,-5.4099746,0.0929436907172203,0.6520000100135803,0.6363000273704529
YGL187C,YPR028W,0,-5.410122,0.09293044358491898,0.6520000100135803,0.6363999843597412
YEL029C,YLR425W,0,-5.4101453,0.09291720390319824,0.6520000100135803,0.6365000009536743
YPR131C,YIR004W,0,-5.410167,0.09290396422147751,0.6520000100135803,0.6366000175476074
YLR289W,YBR243C,0,-5.4102507,0.09289072453975677,0.6520000100135803,0.6366999745368958
YIR008C,YKL213C,0,-5.4104424,0.09287749230861664,0.6520000100135803,0.6367999911308289
YJL035C,YHR065C,0,-5.4106727,0.0928642675280571,0.6520000100135803,0.636900007724762
YKL074C,YLR467W,0,-5.4108467,0.09285104274749756,0.6520000100135803,0.6370000243186951
YKL096W-A,YDR007W,0,-5.410979,0.09283781796693802,0.6520000100135803,0.6370999813079834
YPL042C,YDR301W,1,-5.411103,0.0929669737815857,0.652999997138977,0.6370999813079834
YML009C,YHR163W,0,-5.4112163,0.09295373409986496,0.652999997138977,0.6371999979019165
YLR054C,YOR176W,0,-5.411245,0.09294050931930542,0.652999997138977,0.6373000144958496
YOR016C,YER012W,0,-5.411407,0.09292727708816528,0.652999997138977,0.6373999714851379
YDR451C,YPL177C,1,-5.4125476,0.0930563434958458,0.6539999842643738,0.6373999714851379
YCR009C,YBL113C,0,-5.4127946,0.09304310381412506,0.6539999842643738,0.637499988079071
YGR286C,YNR037C,0,-5.412956,0.09302987158298492,0.6539999842643738,0.6376000046730042
YDL143W,YNL209W,0,-5.413135,0.09301663935184479,0.6539999842643738,0.6377000212669373
YDL002C,YDR462W,0,-5.413217,0.09300341457128525,0.6539999842643738,0.6377999782562256
YDR174W,YPR121W,0,-5.413482,0.09299018979072571,0.6539999842643738,0.6378999948501587
YDL116W,YGL229C,0,-5.4135785,0.09297697246074677,0.6539999842643738,0.6380000114440918
YDL117W,YKL204W,0,-5.413842,0.09296375513076782,0.6539999842643738,0.6381000280380249
YDR003W,YDR275W,0,-5.4138856,0.09295053780078888,0.6539999842643738,0.6381999850273132
YJL170C,YOR089C,0,-5.4138875,0.09293732792139053,0.6539999842643738,0.6383000016212463
YOL077C,YLR213C,0,-5.414722,0.09292412549257278,0.6539999842643738,0.6384000182151794
YER088C,YDR183W,1,-5.4148135,0.09305299073457718,0.6549999713897705,0.6384000182151794
YOR071C,YCL050C,0,-5.4152484,0.09303977340459824,0.6549999713897705,0.6384999752044678
YJL154C,YGR034W,0,-5.415383,0.0930265560746193,0.6549999713897705,0.6385999917984009
YKL018W,YLR183C,1,-5.415633,0.09315535426139832,0.656000018119812,0.6385999917984009
YFL048C,YER110C,0,-5.415865,0.09314212948083878,0.656000018119812,0.638700008392334
YLR116W,YMR081C,0,-5.416494,0.09312890470027924,0.656000018119812,0.6388000249862671
YML041C,YGR077C,0,-5.416837,0.09311568737030029,0.656000018119812,0.6388999819755554
YER068W,YLR384C,1,-5.41725,0.09324439615011215,0.6570000052452087,0.6388999819755554
YKL108W,YMR127C,0,-5.4178433,0.09323116391897202,0.6570000052452087,0.6389999985694885
YOL019W,YBR008C,0,-5.418011,0.09321793168783188,0.6570000052452087,0.6391000151634216
YCL059C,YBR016W,0,-5.418737,0.09320470690727234,0.6570000052452087,0.63919997215271
YGL110C,YGR183C,0,-5.4190073,0.0931914895772934,0.6570000052452087,0.6392999887466431
YPL093W,YAR008W,0,-5.41956,0.09317827224731445,0.6570000052452087,0.6394000053405762
YOR107W,YDL166C,0,-5.419993,0.09316506236791611,0.6570000052452087,0.6395000219345093
YNL117W,YMR092C,0,-5.4201446,0.09315185248851776,0.6570000052452087,0.6395999789237976
YER157W,YMR240C,0,-5.4202294,0.09313864260911942,0.6570000052452087,0.6396999955177307
YLR435W,YLR314C,0,-5.420237,0.09312544018030167,0.6570000052452087,0.6398000121116638
YLR008C,YKL141W,0,-5.4202595,0.09311224520206451,0.6570000052452087,0.6399000287055969
YJR158W,YHR069C,0,-5.420343,0.09309905022382736,0.6570000052452087,0.6399999856948853
YJL212C,YKL106W,0,-5.4203706,0.0930858626961708,0.6570000052452087,0.6401000022888184
YJR102C,YMR236W,1,-5.420424,0.09321433305740356,0.6579999923706055,0.6401000022888184
YPL042C,YLR176C,1,-5.4207335,0.09334277361631393,0.6589999794960022,0.6401000022888184
YOR010C,YFR046C,0,-5.4207344,0.09332955628633499,0.6589999794960022,0.6402000188827515
YFR014C,YHR120W,0,-5.4210005,0.09331633895635605,0.6589999794960022,0.6402999758720398
YDL015C,YPL280W,0,-5.421044,0.0933031290769577,0.6589999794960022,0.6403999924659729
YKR031C,YHR011W,0,-5.421141,0.09328991919755936,0.6589999794960022,0.640500009059906
YDR208W,YLR155C,0,-5.4221144,0.09327671676874161,0.6589999794960022,0.6406000256538391
YJL003W,YJR043C,0,-5.4222207,0.09326351433992386,0.6589999794960022,0.6406999826431274
YBL002W,YHR216W,0,-5.4226623,0.0932503193616867,0.6589999794960022,0.6407999992370605
YJL148W,YLR160C,0,-5.422796,0.09323712438344955,0.6589999794960022,0.6409000158309937
YKR082W,YDR484W,0,-5.4228578,0.093223936855793,0.6589999794960022,0.640999972820282
YBL011W,YOR340C,0,-5.4229026,0.09321074932813644,0.6589999794960022,0.6410999894142151
YBR054W,YLR034C,0,-5.4236445,0.09319756925106049,0.6589999794960022,0.6412000060081482
YDL093W,YHR204W,0,-5.423749,0.09318438917398453,0.6589999794960022,0.6413000226020813
YNL054W,YNL255C,0,-5.424882,0.09317121654748917,0.6589999794960022,0.6413999795913696
YLR231C,YDR482C,0,-5.4251876,0.0931580439209938,0.6589999794960022,0.6414999961853027
YKR002W,YBR059C,0,-5.425337,0.09314487874507904,0.6589999794960022,0.6416000127792358
YMR149W,YIL157C,0,-5.425475,0.09313171356916428,0.6589999794960022,0.641700029373169
YDL238C,YNL121C,0,-5.425591,0.09311855584383011,0.6589999794960022,0.6417999863624573
YDL095W,YOL064C,0,-5.425792,0.09310539811849594,0.6589999794960022,0.6419000029563904
YDR245W,YDR493W,0,-5.426936,0.09309224784374237,0.6589999794960022,0.6420000195503235
YBR160W,YLL028W,0,-5.426981,0.0930790975689888,0.6589999794960022,0.6420999765396118
YPL040C,YDR284C,0,-5.4270034,0.09306595474481583,0.6589999794960022,0.6421999931335449
YNR041C,YER129W,0,-5.4271436,0.09305281192064285,0.6589999794960022,0.642300009727478
YHR072W,YNL070W,0,-5.427673,0.09303966909646988,0.6589999794960022,0.6424000263214111
YJR159W,YPR102C,0,-5.42793,0.0930265411734581,0.6589999794960022,0.6424999833106995
YER167W,YDR285W,0,-5.428198,0.09301340579986572,0.6589999794960022,0.6425999999046326
YOR123C,YER133W,1,-5.428318,0.09314140677452087,0.6600000262260437,0.6425999999046326
YHR184W,YPL125W,0,-5.428408,0.0931282639503479,0.6600000262260437,0.6427000164985657
YLL028W,YDL013W,0,-5.4286494,0.09311512112617493,0.6600000262260437,0.642799973487854
YOR036W,YKR028W,0,-5.4287095,0.09310198575258255,0.6600000262260437,0.6428999900817871
YPL101W,YPR065W,1,-5.4289994,0.09322990477085114,0.6610000133514404,0.6428999900817871
YBR279W,YIR018W,1,-5.429022,0.09335777908563614,0.6620000004768372,0.6428999900817871
YMR171C,YDL197C,0,-5.429319,0.09334461390972137,0.6620000004768372,0.6430000066757202
YBR043C,YNL213C,0,-5.42993,0.09333145618438721,0.6620000004768372,0.6431000232696533
YFR013W,YIL071C,0,-5.430343,0.09331829845905304,0.6620000004768372,0.6431999802589417
YFL025C,YER014W,0,-5.430631,0.09330514818429947,0.6620000004768372,0.6432999968528748
YCL067C,YDR167W,1,-5.431049,0.09343291819095612,0.6629999876022339,0.6432999968528748
YPL186C,YHR028C,0,-5.431119,0.09341975301504135,0.6629999876022339,0.6434000134468079
YDL244W,YMR080C,0,-5.431158,0.09340659528970718,0.6629999876022339,0.6434999704360962
YOL078W,YDR305C,0,-5.431842,0.09339343756437302,0.6629999876022339,0.6435999870300293
YBL008W,YKR062W,1,-5.4320483,0.0935211256146431,0.6639999747276306,0.6435999870300293
YKL085W,YOL032W,0,-5.4320993,0.09350795298814774,0.6639999747276306,0.6437000036239624
YPL213W,YNL091W,0,-5.432178,0.09349478781223297,0.6639999747276306,0.6438000202178955
YDR021W,YOR133W,0,-5.432345,0.0934816300868988,0.6639999747276306,0.6438999772071838
YOR361C,YHR098C,0,-5.432897,0.09346846491098404,0.6639999747276306,0.6439999938011169
YGR239C,YIR039C,0,-5.433149,0.09345531463623047,0.6639999747276306,0.64410001039505
YPR120C,YNL067W,0,-5.433153,0.0934421643614769,0.6639999747276306,0.6442000269889832
YDR404C,YIL036W,1,-5.4332004,0.09356971830129623,0.6650000214576721,0.6442000269889832
YHR124W,YDR001C,0,-5.4333444,0.09355655312538147,0.6650000214576721,0.6442999839782715
YBL032W,YGL250W,0,-5.433517,0.0935433954000473,0.6650000214576721,0.6444000005722046
YDR322W,YDR003W,0,-5.433993,0.09353023767471313,0.6650000214576721,0.6445000171661377
YPR139C,YJR158W,0,-5.434191,0.09351708739995956,0.6650000214576721,0.644599974155426
YDL077C,YHR053C,0,-5.434321,0.093503937125206,0.6650000214576721,0.6446999907493591
YJL219W,YNL159C,0,-5.4343643,0.09349079430103302,0.6650000214576721,0.6448000073432922
YKR043C,YPR062W,0,-5.4344234,0.09347765147686005,0.6650000214576721,0.6449000239372253
YLR113W,YDR527W,1,-5.434586,0.09360505640506744,0.6660000085830688,0.6449000239372253
YJL047C,YHL002W,0,-5.4347405,0.09359190613031387,0.6660000085830688,0.6449999809265137
YGL062W,YPL215W,0,-5.4348006,0.0935787558555603,0.6660000085830688,0.6450999975204468
YPL269W,YHR064C,0,-5.4350533,0.09356560558080673,0.6660000085830688,0.6452000141143799
YOR106W,YKL146W,0,-5.435188,0.09355246275663376,0.6660000085830688,0.6452999711036682
YDR076W,YPR068C,0,-5.435273,0.09353932738304138,0.6660000085830688,0.6453999876976013
YDR253C,YOR156C,0,-5.4357376,0.093526192009449,0.6660000085830688,0.6455000042915344
YPL244C,YJR133W,0,-5.435893,0.09351305663585663,0.6660000085830688,0.6456000208854675
YPL166W,YOR100C,0,-5.436461,0.09349992871284485,0.6660000085830688,0.6456999778747559
YPL126W,YDR092W,0,-5.4367633,0.09348680824041367,0.6660000085830688,0.645799994468689
YNR008W,YKR044W,0,-5.43693,0.09347368776798248,0.6660000085830688,0.6459000110626221
YPL167C,YGR211W,0,-5.4371724,0.0934605672955513,0.6660000085830688,0.6460000276565552
YIR017C,YIR018W,1,-5.437281,0.09358776360750198,0.6669999957084656,0.6460000276565552
YCL039W,YNL077W,0,-5.4373446,0.0935746356844902,0.6669999957084656,0.6460999846458435
YJR057W,YMR080C,0,-5.437838,0.09356150776147842,0.6669999957084656,0.6462000012397766
YGL172W,YLR277C,0,-5.4379478,0.09354838728904724,0.6669999957084656,0.6463000178337097
YNL055C,YNL037C,0,-5.438248,0.09353526681661606,0.6669999957084656,0.646399974822998
YER016W,YOL021C,0,-5.4384084,0.09352215379476547,0.6669999957084656,0.6464999914169312
YOR247W,YLR134W,0,-5.4385633,0.09350904077291489,0.6669999957084656,0.6466000080108643
YDL116W,YGR002C,0,-5.438624,0.0934959352016449,0.6669999957084656,0.6467000246047974
YER065C,YJL099W,0,-5.4387383,0.09348282963037491,0.6669999957084656,0.6467999815940857
YBL069W,YNL131W,0,-5.438917,0.09346973150968552,0.6669999957084656,0.6468999981880188
YMR058W,YOR209C,0,-5.439214,0.09345663338899612,0.6669999957084656,0.6470000147819519
YEL026W,YGR047C,0,-5.4393563,0.09344354271888733,0.6669999957084656,0.6470999717712402
YCR039C,YMR236W,1,-5.439411,0.0935705304145813,0.6679999828338623,0.6470999717712402
YPL104W,YER046W,0,-5.4395065,0.09355742484331131,0.6679999828338623,0.6471999883651733
YGL022W,YER122C,0,-5.4397545,0.09354431927204132,0.6679999828338623,0.6473000049591064
YAL044C,YMR132C,0,-5.4398293,0.09353122115135193,0.6679999828338623,0.6474000215530396
YDR402C,YPL221W,0,-5.4401126,0.09351813048124313,0.6679999828338623,0.6474999785423279
YDR464W,YOR344C,1,-5.440328,0.09364501386880875,0.6690000295639038,0.6474999785423279
YCL026C-A,YIL018W,0,-5.440475,0.09363190829753876,0.6690000295639038,0.647599995136261
YMR204C,YFR050C,0,-5.440614,0.09361881017684937,0.6690000295639038,0.6477000117301941
YGL155W,YHR136C,0,-5.440679,0.09360571205615997,0.6690000295639038,0.6478000283241272
YDL147W,YNL027W,0,-5.4411626,0.09359261393547058,0.6690000295639038,0.6478999853134155
YLR345W,YAL003W,0,-5.441319,0.09357952326536179,0.6690000295639038,0.6480000019073486
YAR071W,YBR018C,0,-5.4415517,0.09356643259525299,0.6690000295639038,0.6481000185012817
YPR137W,YDR075W,0,-5.441708,0.09355334937572479,0.6690000295639038,0.6481999754905701
YDR085C,YBR210W,0,-5.4417586,0.0935402661561966,0.6690000295639038,0.6482999920845032
YOR201C,YNL007C,0,-5.442495,0.09352719038724899,0.6690000295639038,0.6484000086784363
YLR082C,YOL045W,0,-5.442571,0.09351411461830139,0.6690000295639038,0.6485000252723694
YPL139C,YER005W,0,-5.4427023,0.09350104629993439,0.6690000295639038,0.6485999822616577
YIL137C,YOR096W,0,-5.4428716,0.09348798543214798,0.6690000295639038,0.6486999988555908
YER159C,YMR039C,1,-5.44344,0.09361464530229568,0.6700000166893005,0.6486999988555908
YFL036W,YOL097C,0,-5.4435954,0.09360156208276749,0.6700000166893005,0.6488000154495239
YLR155C,YGL033W,0,-5.4444885,0.09358848631381989,0.6700000166893005,0.6488999724388123
YPL260W,YDL091C,0,-5.444528,0.09357541799545288,0.6700000166893005,0.6489999890327454
YML130C,YGL107C,0,-5.444672,0.09356234967708588,0.6700000166893005,0.6491000056266785
YOR317W,YOR289W,0,-5.444951,0.09354928880929947,0.6700000166893005,0.6492000222206116
YPR152C,YGR192C,0,-5.44557,0.09353622794151306,0.6700000166893005,0.6492999792098999
YKR084C,YDL203C,0,-5.4463186,0.09352317452430725,0.6700000166893005,0.649399995803833
YDL226C,YJR078W,0,-5.446342,0.09351012110710144,0.6700000166893005,0.6495000123977661
YGL040C,YIL037C,0,-5.4463553,0.09349706768989563,0.6700000166893005,0.6496000289916992
YHR206W,YJR004C,0,-5.4464083,0.09348402172327042,0.6700000166893005,0.6496999859809875
YOL016C,YHR039C,0,-5.4465303,0.0934709832072258,0.6700000166893005,0.6498000025749207
YCR030C,YFR046C,0,-5.4468713,0.09345794469118118,0.6700000166893005,0.6499000191688538
YCR077C,YKL157W,0,-5.4468904,0.09344490617513657,0.6700000166893005,0.6499999761581421
YPL267W,YNL045W,0,-5.447039,0.09343187510967255,0.6700000166893005,0.6500999927520752
YOR181W,YIL115C,0,-5.4472885,0.09341885149478912,0.6700000166893005,0.6502000093460083
YOR026W,YHR002W,0,-5.447398,0.0934058278799057,0.6700000166893005,0.6503000259399414
YJR034W,YPR166C,0,-5.4474807,0.09339280426502228,0.6700000166893005,0.6503999829292297
YJR094C,YER019W,0,-5.4475102,0.09337978810071945,0.6700000166893005,0.6504999995231628
YNL069C,YMR315W,0,-5.4478374,0.09336677938699722,0.6700000166893005,0.650600016117096
YJL136C,YOR125C,0,-5.448026,0.093353770673275,0.6700000166893005,0.6506999731063843
YKL007W,YLR437C,0,-5.448506,0.09334076195955276,0.6700000166893005,0.6507999897003174
YLR373C,YGR112W,0,-5.44891,0.09332776069641113,0.6700000166893005,0.6509000062942505
YOL042W,YGR082W,0,-5.449244,0.0933147668838501,0.6700000166893005,0.6510000228881836
YDL164C,YDR379W,0,-5.449404,0.09330176562070847,0.6700000166893005,0.6510999798774719
YPL259C,YOL165C,0,-5.450643,0.09328877925872803,0.6700000166893005,0.651199996471405
YFR047C,YLL010C,0,-5.450698,0.09327579289674759,0.6700000166893005,0.6513000130653381
YER173W,YDR405W,0,-5.450793,0.09326280653476715,0.6700000166893005,0.6514000296592712
YJR033C,YLR287C-A,0,-5.451031,0.09324982762336731,0.6700000166893005,0.6514999866485596
YGL172W,YPL037C,0,-5.451503,0.09323684871196747,0.6700000166893005,0.6516000032424927
YOR324C,YHR189W,0,-5.452058,0.09322387725114822,0.6700000166893005,0.6517000198364258
YCR024C-A,YML057W,0,-5.452545,0.09321090579032898,0.6700000166893005,0.6517999768257141
YDR298C,YBR021W,0,-5.4527287,0.09319794178009033,0.6700000166893005,0.6518999934196472
YJR068W,YDR186C,0,-5.452751,0.09318497776985168,0.6700000166893005,0.6520000100135803
YMR233W,YER116C,0,-5.4528246,0.09317202121019363,0.6700000166893005,0.6521000266075134
YHR031C,YMR241W,0,-5.452838,0.09315906465053558,0.6700000166893005,0.6521999835968018
YNL330C,YAL032C,1,-5.453181,0.09328513592481613,0.6710000038146973,0.6521999835968018
YNL249C,YKL132C,0,-5.4531927,0.09327217191457748,0.6710000038146973,0.6523000001907349
YEL025C,YJL222W,0,-5.4535728,0.09325920790433884,0.6710000038146973,0.652400016784668
YPR001W,YDL107W,0,-5.4537687,0.09324625134468079,0.6710000038146973,0.6524999737739563
YPR069C,YOR148C,0,-5.4540496,0.09323329478502274,0.6710000038146973,0.6525999903678894
YKL041W,YLR313C,0,-5.454097,0.09322033822536469,0.6710000038146973,0.6527000069618225
YKR001C,YIL159W,0,-5.4546056,0.09320738911628723,0.6710000038146973,0.6528000235557556
YKL093W,YCR098C,0,-5.455131,0.09319444745779037,0.6710000038146973,0.652899980545044
YDR464W,YMR182C,1,-5.4552255,0.09332036972045898,0.671999990940094,0.652899980545044
YPR140W,YAL009W,0,-5.4555526,0.09330741316080093,0.671999990940094,0.652999997138977
YNL041C,YDL222C,0,-5.4559426,0.09329446405172348,0.671999990940094,0.6531000137329102
YDR234W,YDR013W,0,-5.455946,0.09328150749206543,0.671999990940094,0.6531999707221985
YDR322W,YLR017W,0,-5.4562435,0.09326856583356857,0.671999990940094,0.6532999873161316
YJL062W,YJL162C,0,-5.456302,0.09325561672449112,0.671999990940094,0.6534000039100647
YGR037C,YDL142C,0,-5.4563947,0.09324268251657486,0.671999990940094,0.6535000205039978
YGL002W,YOR261C,0,-5.456515,0.0932297483086586,0.671999990940094,0.6535999774932861
YMR138W,YKR031C,0,-5.4566894,0.09321681410074234,0.671999990940094,0.6536999940872192
YGL164C,YHR147C,0,-5.456878,0.09320387989282608,0.671999990940094,0.6538000106811523
YOR334W,YER026C,0,-5.457074,0.09319096058607101,0.671999990940094,0.6539000272750854
YDR390C,YDR296W,0,-5.4571958,0.09317803382873535,0.671999990940094,0.6539999842643738
YPR144C,YDL236W,0,-5.457212,0.09316512197256088,0.671999990940094,0.6541000008583069
YPL187W,YNL224C,0,-5.457379,0.09315220266580582,0.671999990940094,0.65420001745224
YGL048C,YLL034C,0,-5.4575562,0.09313929080963135,0.671999990940094,0.6542999744415283
YJL048C,YIL097W,0,-5.4581666,0.09312638640403748,0.671999990940094,0.6543999910354614
YOR386W,YKL117W,0,-5.4584517,0.0931134819984436,0.671999990940094,0.6545000076293945
YHR211W,YGR191W,0,-5.4586635,0.09310058504343033,0.671999990940094,0.6546000242233276
YCL050C,YDR011W,0,-5.4595647,0.09308768808841705,0.671999990940094,0.654699981212616
YMR289W,YKL217W,0,-5.460196,0.09307479113340378,0.671999990940094,0.6547999978065491
YJR090C,YDR305C,0,-5.460214,0.0930619016289711,0.671999990940094,0.6549000144004822
YLR133W,YGR286C,0,-5.4602203,0.09304901957511902,0.671999990940094,0.6549999713897705
YNR056C,YBR145W,0,-5.4604783,0.09303613752126694,0.671999990940094,0.6550999879837036
YML043C,YIL069C,0,-5.460844,0.09302325546741486,0.671999990940094,0.6552000045776367
YGL139W,YEL021W,0,-5.461468,0.09301038086414337,0.671999990940094,0.6553000211715698
YHR134W,YFR027W,0,-5.461489,0.09299750626087189,0.671999990940094,0.6553999781608582
YER056C-A,YDL224C,0,-5.4615674,0.092984639108181,0.671999990940094,0.6554999947547913
YMR231W,YKL004W,0,-5.461659,0.09297177940607071,0.671999990940094,0.6556000113487244
YNL061W,YKL106W,0,-5.4623294,0.09295891225337982,0.671999990940094,0.6557000279426575
YPR041W,YER168C,0,-5.462778,0.09294606000185013,0.671999990940094,0.6557999849319458
YMR220W,YPL061W,0,-5.462876,0.09293320775032043,0.671999990940094,0.6559000015258789
YLR459W,YHR169W,0,-5.463028,0.09292035549879074,0.671999990940094,0.656000018119812
YJR044C,YIL157C,0,-5.463035,0.09290751069784164,0.671999990940094,0.6560999751091003
YLR024C,YMR282C,0,-5.4633775,0.09289466589689255,0.671999990940094,0.6561999917030334
YNL075W,YBL026W,0,-5.4635167,0.09288182109594345,0.671999990940094,0.6563000082969666
YBL074C,YNL098C,0,-5.464351,0.09286899119615555,0.671999990940094,0.6564000248908997
YPR001W,YBR168W,0,-5.4647737,0.09285615384578705,0.671999990940094,0.656499981880188
YGR140W,YHR181W,0,-5.4648232,0.09284332394599915,0.671999990940094,0.6565999984741211
YOR069W,YPR035W,0,-5.4651923,0.09283050149679184,0.671999990940094,0.6567000150680542
YER024W,YOL140W,0,-5.465255,0.09281767904758453,0.671999990940094,0.6567999720573425
YBR088C,YLR207W,0,-5.4652767,0.09280486404895782,0.671999990940094,0.6568999886512756
YKL178C,YGL257C,0,-5.4655843,0.09279204905033112,0.671999990940094,0.6570000052452087
YDR499W,YOR037W,0,-5.4664593,0.0927792340517044,0.671999990940094,0.6571000218391418
YFL034C-A,YGL060W,0,-5.466688,0.0927664265036583,0.671999990940094,0.6571999788284302
YER016W,YJL222W,0,-5.466844,0.09275362640619278,0.671999990940094,0.6572999954223633
YER019C-A,YLR350W,0,-5.467117,0.09274081885814667,0.671999990940094,0.6574000120162964
YNL054W,YDR378C,0,-5.467557,0.09272802621126175,0.671999990940094,0.6575000286102295
YNL072W,YNL326C,0,-5.4676347,0.09271523356437683,0.671999990940094,0.6575999855995178
YLR239C,YOR112W,0,-5.468728,0.09270244091749191,0.671999990940094,0.6577000021934509
YFR031C,YBL057C,0,-5.469049,0.09268965572118759,0.671999990940094,0.657800018787384
YLR273C,YGR061C,0,-5.46915,0.09267687052488327,0.671999990940094,0.6578999757766724
YGL125W,YPR190C,0,-5.4697833,0.09266409277915955,0.671999990940094,0.6579999923706055
YDR063W,YLR375W,0,-5.470138,0.09265131503343582,0.671999990940094,0.6581000089645386
YKL018W,YML114C,1,-5.4703207,0.09277640283107758,0.6729999780654907,0.6581000089645386
YIL121W,YBR102C,0,-5.4703503,0.09276361018419266,0.6729999780654907,0.6582000255584717
YBR145W,YHR015W,0,-5.470526,0.09275082498788834,0.6729999780654907,0.65829998254776
YMR030W,YGR275W,1,-5.470727,0.09287584573030472,0.6740000247955322,0.65829998254776
YPL235W,YML062C,1,-5.4709086,0.09300082921981812,0.675000011920929,0.65829998254776
YBR152W,YPR058W,0,-5.4709206,0.0929880142211914,0.675000011920929,0.6583999991416931
YDL215C,YDL147W,0,-5.471251,0.0929752066731453,0.675000011920929,0.6585000157356262
YNL329C,YOL018C,0,-5.4716296,0.09296239912509918,0.675000011920929,0.6585999727249146
YPL018W,YFL059W,0,-5.4718614,0.09294959902763367,0.675000011920929,0.6586999893188477
YER141W,YJR117W,0,-5.4719343,0.09293680638074875,0.675000011920929,0.6588000059127808
YAL002W,YPL118W,0,-5.472686,0.09292400628328323,0.675000011920929,0.6589000225067139
YLR318W,YMR199W,0,-5.473102,0.09291122108697891,0.675000011920929,0.6589999794960022
YJL180C,YER038C,0,-5.4733253,0.092898428440094,0.675000011920929,0.6590999960899353
YOR210W,YCL055W,1,-5.473726,0.09302325546741486,0.6759999990463257,0.6590999960899353
YOR189W,YGL251C,0,-5.473748,0.09301045536994934,0.6759999990463257,0.6592000126838684
YOR032C,YGR095C,0,-5.4744134,0.09299766272306442,0.6759999990463257,0.6593000292778015
YDR191W,YHR102W,0,-5.4753904,0.0929848700761795,0.6759999990463257,0.6593999862670898
YBR108W,YBR016W,0,-5.4754386,0.09297207742929459,0.6759999990463257,0.659500002861023
YOR261C,YAR002W,0,-5.4755034,0.09295929223299026,0.6759999990463257,0.659600019454956
YOR207C,YMR052W,0,-5.4757733,0.09294651448726654,0.6759999990463257,0.6596999764442444
YJL030W,YBL002W,0,-5.4762845,0.09293373674154282,0.6759999990463257,0.6597999930381775
YMR231W,YNL328C,0,-5.476912,0.09292095899581909,0.6759999990463257,0.6599000096321106
YEL066W,YNL049C,0,-5.4769235,0.09290818870067596,0.6759999990463257,0.6600000262260437
YPL033C,YMR060C,0,-5.4770427,0.09289542585611343,0.6759999990463257,0.660099983215332
YIL050W,YJR103W,0,-5.4771943,0.0928826630115509,0.6759999990463257,0.6601999998092651
YLR181C,YNL145W,0,-5.4772964,0.09286990016698837,0.6759999990463257,0.6603000164031982
YIL030C,YJL200C,0,-5.4773364,0.09285714477300644,0.6759999990463257,0.6603999733924866
YNL300W,YKR083C,0,-5.477405,0.0928443893790245,0.6759999990463257,0.6604999899864197
YOR061W,YBR009C,0,-5.4775653,0.09283164143562317,0.6759999990463257,0.6606000065803528
YJR156C,YDR164C,0,-5.477795,0.09281889349222183,0.6759999990463257,0.6607000231742859
YNL038W,YKR028W,0,-5.4778485,0.09280615299940109,0.6759999990463257,0.6607999801635742
YER093C,YAR050W,0,-5.4779954,0.09279341250658035,0.6759999990463257,0.6608999967575073
YMR025W,YGR215W,0,-5.478474,0.09278067201375961,0.6759999990463257,0.6610000133514404
YNR036C,YJR103W,0,-5.4785657,0.09276794642210007,0.6759999990463257,0.6610999703407288
YGL143C,YOR270C,0,-5.478783,0.09275521337985992,0.6759999990463257,0.6611999869346619
YDR270W,YBR068C,0,-5.478785,0.09274248778820038,0.6759999990463257,0.661300003528595
YPR098C,YIR037W,0,-5.478823,0.09272976964712143,0.6759999990463257,0.6614000201225281
YML099C,YIR015W,0,-5.479381,0.09271705150604248,0.6759999990463257,0.6614999771118164
YLR214W,YAL048C,0,-5.479715,0.09270433336496353,0.6759999990463257,0.6615999937057495
YGR239C,YLR089C,0,-5.4801135,0.09269162267446518,0.6759999990463257,0.6617000102996826
YJR052W,YKL197C,0,-5.4801164,0.09267891198396683,0.6759999990463257,0.6618000268936157
YOR062C,YOR020C,0,-5.4801345,0.09266620874404907,0.6759999990463257,0.661899983882904
YNL125C,YMR067C,0,-5.480176,0.09265350550413132,0.6759999990463257,0.6620000004768372
YPR155C,YBR015C,0,-5.480398,0.09264080971479416,0.6759999990463257,0.6621000170707703
YPR118W,YLR307W,0,-5.481217,0.092628113925457,0.6759999990463257,0.6621999740600586
YDR530C,YMR013C,0,-5.481424,0.09261542558670044,0.6759999990463257,0.6622999906539917
YDR371W,YDR140W,0,-5.4817433,0.09260273724794388,0.6759999990463257,0.6624000072479248
YDR287W,YML049C,0,-5.4820237,0.09259005635976791,0.6759999990463257,0.6625000238418579
YHR046C,YMR180C,0,-5.48208,0.09257737547159195,0.6759999990463257,0.6625999808311462
YPR016C,YLR129W,0,-5.482163,0.09256470203399658,0.6759999990463257,0.6626999974250793
YER018C,YMR079W,0,-5.482345,0.09255202859640121,0.6759999990463257,0.6628000140190125
YBR072W,YCR035C,0,-5.482479,0.09253935515880585,0.6759999990463257,0.6628999710083008
YMR114C,YOR323C,0,-5.4826236,0.09252668917179108,0.6759999990463257,0.6629999876022339
YPR191W,YBR296C,0,-5.482659,0.0925140306353569,0.6759999990463257,0.663100004196167
YMR214W,YOR049C,0,-5.4828353,0.09250136464834213,0.6759999990463257,0.6632000207901001
YOR368W,YLR340W,0,-5.482843,0.09248871356248856,0.6759999990463257,0.6632999777793884
YOR187W,YIR008C,0,-5.4829397,0.09247606247663498,0.6759999990463257,0.6633999943733215
YHR188C,YLR403W,0,-5.4834304,0.0924634113907814,0.6759999990463257,0.6635000109672546
YPR155C,YPL224C,0,-5.483478,0.09245076775550842,0.6759999990463257,0.6636000275611877
YBR191W,YGR049W,0,-5.4837785,0.09243812412023544,0.6759999990463257,0.6636999845504761
YGR268C,YLR084C,0,-5.484,0.09242548793554306,0.6759999990463257,0.6638000011444092
YBR153W,YPR024W,0,-5.4842257,0.09241285175085068,0.6759999990463257,0.6639000177383423
YLR121C,YOR157C,0,-5.485002,0.0924002155661583,0.6759999990463257,0.6639999747276306
YLR384C,YOL004W,1,-5.485119,0.09252426028251648,0.6769999861717224,0.6639999747276306
YGL092W,YPL171C,0,-5.4853945,0.0925116166472435,0.6769999861717224,0.6640999913215637
YFR008W,YER098W,0,-5.4856153,0.09249897301197052,0.6769999861717224,0.6642000079154968
YOR130C,YBL003C,0,-5.485785,0.09248633682727814,0.6769999861717224,0.6643000245094299
YJR121W,YKL142W,0,-5.485982,0.09247370809316635,0.6769999861717224,0.6643999814987183
YKL208W,YMR041C,0,-5.486037,0.09246107935905457,0.6769999861717224,0.6644999980926514
YNL199C,YKR099W,1,-5.4861865,0.0925850048661232,0.6779999732971191,0.6644999980926514
YOR384W,YDR440W,0,-5.4865937,0.09257236123085022,0.6779999732971191,0.6646000146865845
YEL062W,YBL051C,0,-5.486737,0.09255972504615784,0.6779999732971191,0.6646999716758728
YKL196C,YOL003C,0,-5.4870486,0.09254708886146545,0.6779999732971191,0.6647999882698059
YGL023C,YKL073W,0,-5.487345,0.09253446012735367,0.6779999732971191,0.664900004863739
YJR143C,YGR057C,0,-5.4882936,0.09252183139324188,0.6779999732971191,0.6650000214576721
YHR135C,YBR298C,0,-5.4884715,0.0925092101097107,0.6779999732971191,0.6650999784469604
YMR037C,YHL020C,1,-5.48853,0.09263301640748978,0.6790000200271606,0.6650999784469604
YDR450W,YLR304C,0,-5.4890532,0.0926203802227974,0.6790000200271606,0.6651999950408936
YDL116W,YER020W,0,-5.4893155,0.09260774403810501,0.6790000200271606,0.6653000116348267
YJL095W,YNR037C,0,-5.489575,0.09259511530399323,0.6790000200271606,0.6654000282287598
YKR100C,YER114C,0,-5.489681,0.09258249402046204,0.6790000200271606,0.6654999852180481
YLL028W,YPR137W,0,-5.489839,0.09256987273693085,0.6790000200271606,0.6656000018119812
YIL010W,YPR190C,0,-5.490091,0.09255725145339966,0.6790000200271606,0.6657000184059143
YLR155C,YLR403W,0,-5.4902844,0.09254463762044907,0.6790000200271606,0.6657999753952026
YML032C,YKL175W,0,-5.4904103,0.09253202378749847,0.6790000200271606,0.6658999919891357
YGL150C,YMR039C,1,-5.4905305,0.09265567362308502,0.6800000071525574,0.6658999919891357
YER003C,YBR153W,0,-5.490703,0.09264305233955383,0.6800000071525574,0.6660000085830688
YDR439W,YJL111W,0,-5.490947,0.09263043105602264,0.6800000071525574,0.666100025177002
YBL042C,YPL013C,0,-5.4909644,0.09261781722307205,0.6800000071525574,0.6661999821662903
YHR143W-A,YNL278W,1,-5.4911957,0.09274138510227203,0.6809999942779541,0.6661999821662903
YIL014W,YOR319W,0,-5.491464,0.09272875636816025,0.6809999942779541,0.6662999987602234
YPR072W,YOL072W,1,-5.491552,0.09285227954387665,0.6819999814033508,0.6662999987602234
YGR170W,YKL210W,0,-5.492122,0.09283964335918427,0.6819999814033508,0.6664000153541565
YGR101W,YOR122C,0,-5.4923034,0.09282700717449188,0.6819999814033508,0.6664999723434448
YBL017C,YOL133W,0,-5.49245,0.0928143709897995,0.6819999814033508,0.6665999889373779
YDL093W,YOL061W,0,-5.4931936,0.09280174225568771,0.6819999814033508,0.666700005531311
YBR145W,YMR053C,0,-5.493342,0.09278911352157593,0.6819999814033508,0.6668000221252441
YBR222C,YNL186W,0,-5.493356,0.09277649223804474,0.6819999814033508,0.6668999791145325
YKR039W,YKR102W,0,-5.49361,0.09276387095451355,0.6819999814033508,0.6669999957084656
YKL024C,YKR071C,0,-5.494111,0.09275125712156296,0.6819999814033508,0.6671000123023987
YKR056W,YNL123W,0,-5.4950957,0.09273864328861237,0.6819999814033508,0.6672000288963318
YDR182W,YDL168W,0,-5.4951386,0.09272603690624237,0.6819999814033508,0.6672999858856201
YKL208W,YNR051C,0,-5.49532,0.09271343052387238,0.6819999814033508,0.6674000024795532
YGR225W,YDR075W,0,-5.495613,0.09270083159208298,0.6819999814033508,0.6675000190734863
YDR532C,YNL307C,0,-5.4956493,0.09268823266029358,0.6819999814033508,0.6675999760627747
YGR248W,YDL139C,0,-5.495716,0.09267563372850418,0.6819999814033508,0.6676999926567078
YML124C,YLR185W,0,-5.4961243,0.09266304224729538,0.6819999814033508,0.6678000092506409
YJR077C,YPR106W,0,-5.496133,0.09265045821666718,0.6819999814033508,0.667900025844574
YOR151C,YOL054W,1,-5.4966793,0.09277370572090149,0.6830000281333923,0.667900025844574
YBR286W,YOL044W,0,-5.4969897,0.0927610993385315,0.6830000281333923,0.6679999828338623
YNL084C,YBR205W,0,-5.497074,0.09274850785732269,0.6830000281333923,0.6680999994277954
YER155C,YLL048C,0,-5.4977174,0.09273591637611389,0.6830000281333923,0.6682000160217285
YGL071W,YPL129W,1,-5.4981503,0.09285908192396164,0.6840000152587891,0.6682000160217285
YGL128C,YHR089C,0,-5.4983706,0.09284647554159164,0.6840000152587891,0.6682999730110168
YJR004C,YLR375W,0,-5.4985986,0.09283387660980225,0.6840000152587891,0.66839998960495
YNL292W,YBR067C,0,-5.498727,0.09282127767801285,0.6840000152587891,0.6685000061988831
YGL253W,YHR135C,0,-5.4991937,0.09280868619680405,0.6840000152587891,0.6686000227928162
YER053C,YPR133W-A,0,-5.499364,0.09279609471559525,0.6840000152587891,0.6686999797821045
YNL094W,YDL131W,0,-5.4995847,0.09278350323438644,0.6840000152587891,0.6687999963760376
YJR069C,YGR059W,0,-5.499879,0.09277091920375824,0.6840000152587891,0.6689000129699707
YLR429W,YDR335W,0,-5.4998927,0.09275834262371063,0.6840000152587891,0.6690000295639038
YDR144C,YGL210W,0,-5.499971,0.09274576604366302,0.6840000152587891,0.6690999865531921
YOR219C,YPL128C,0,-5.501163,0.09273318946361542,0.6840000152587891,0.6692000031471252
YGL245W,YLL046C,0,-5.501364,0.09272062033414841,0.6840000152587891,0.6693000197410583
YCR039C,YLR033W,1,-5.5018544,0.09284359216690063,0.6850000023841858,0.6693000197410583
YJR063W,YOR196C,0,-5.502278,0.09283100813627243,0.6850000023841858,0.6693999767303467
YDL055C,YGR212W,0,-5.502543,0.09281843155622482,0.6850000023841858,0.6694999933242798
YPL139C,YBR205W,0,-5.502563,0.09280585497617722,0.6850000023841858,0.6696000099182129
YPL155C,YML035C,0,-5.5030003,0.09279327839612961,0.6850000023841858,0.669700026512146
YDR470C,YOR039W,0,-5.5030475,0.0927807092666626,0.6850000023841858,0.6697999835014343
YBR193C,YMR091C,1,-5.5031114,0.09290357679128647,0.6859999895095825,0.6697999835014343
YKL209C,YER006W,0,-5.503146,0.09289099276065826,0.6859999895095825,0.6699000000953674
YGL189C,YPL274W,0,-5.503565,0.09287841618061066,0.6859999895095825,0.6700000166893005
YJL157C,YDL083C,0,-5.5037155,0.09286584705114365,0.6859999895095825,0.6700999736785889
YBL021C,YGR224W,0,-5.5038586,0.09285327792167664,0.6859999895095825,0.670199990272522
YOL135C,YML069W,1,-5.5039897,0.09297604858875275,0.6869999766349792,0.670199990272522
YER044C,YLR314C,0,-5.5041404,0.09296346455812454,0.6869999766349792,0.6703000068664551
YOR167C,YDR067C,0,-5.504175,0.09295088797807693,0.6869999766349792,0.6704000234603882
YDR067C,YLR220W,0,-5.5044155,0.09293831139802933,0.6869999766349792,0.6704999804496765
YDL106C,YNL149C,0,-5.5045733,0.09292574226856232,0.6869999766349792,0.6705999970436096
YBL051C,YDR140W,0,-5.505181,0.0929131731390953,0.6869999766349792,0.6707000136375427
YDR480W,YAR027W,0,-5.505209,0.09290061146020889,0.6869999766349792,0.670799970626831
YLR005W,YNL139C,1,-5.5056195,0.09302325546741486,0.6880000233650208,0.670799970626831
YGL023C,YDL201W,0,-5.50614,0.09301067888736725,0.6880000233650208,0.6708999872207642
YJR101W,YOR081C,0,-5.506655,0.09299810975790024,0.6880000233650208,0.6710000038146973
YDR362C,YAL038W,0,-5.506778,0.09298554062843323,0.6880000233650208,0.6711000204086304
YOR312C,YLL042C,0,-5.507335,0.09297297149896622,0.6880000233650208,0.6711999773979187
YDL022W,YGR036C,0,-5.5075297,0.0929604098200798,0.6880000233650208,0.6712999939918518
YGL144C,YLR436C,0,-5.5075393,0.09294785559177399,0.6880000233650208,0.6714000105857849
YLR373C,YMR230W,0,-5.507556,0.09293529391288757,0.6880000233650208,0.671500027179718
YGR098C,YNL077W,0,-5.5076294,0.09292274713516235,0.6880000233650208,0.6715999841690063
YGR134W,YPR104C,1,-5.5077033,0.09304524213075638,0.6890000104904175,0.6715999841690063
YPL133C,YNL077W,0,-5.507772,0.09303267300128937,0.6890000104904175,0.6717000007629395
YML059C,YKL085W,0,-5.507834,0.09302011877298355,0.6890000104904175,0.6718000173568726
YOL001W,YJR095W,0,-5.508096,0.09300755709409714,0.6890000104904175,0.6718999743461609
YIL013C,YOL049W,0,-5.50822,0.09299500286579132,0.6890000104904175,0.671999990940094
YDR238C,YML102W,0,-5.508309,0.0929824560880661,0.6890000104904175,0.6721000075340271
YHR171W,YKL103C,0,-5.5084386,0.09296990931034088,0.6890000104904175,0.6722000241279602
YNR031C,YLR165C,0,-5.5084395,0.09295736998319626,0.6890000104904175,0.6722999811172485
YBL001C,YOR261C,0,-5.5086384,0.09294482320547104,0.6890000104904175,0.6723999977111816
YMR223W,YIL094C,0,-5.508782,0.09293229132890701,0.6890000104904175,0.6725000143051147
YDR002W,YHR021C,0,-5.50882,0.09291975945234299,0.6890000104904175,0.6725999712944031
YNR053C,YMR214W,0,-5.508953,0.09290722757577896,0.6890000104904175,0.6726999878883362
YPL270W,YAL016W,0,-5.5089555,0.09289470314979553,0.6890000104904175,0.6728000044822693
YOR129C,YNL227C,0,-5.5090985,0.0928821787238121,0.6890000104904175,0.6729000210762024
YGR136W,YLL062C,0,-5.509178,0.09286966174840927,0.6890000104904175,0.6729999780654907
YCR026C,YOL062C,0,-5.5092435,0.09285714477300644,0.6890000104904175,0.6730999946594238
YLL035W,YLR324W,0,-5.5094714,0.09284462779760361,0.6890000104904175,0.6732000112533569
YOR316C,YPR165W,0,-5.510616,0.09283211827278137,0.6890000104904175,0.67330002784729
YMR315W,YDR361C,0,-5.51085,0.09281961619853973,0.6890000104904175,0.6733999848365784
YFR013W,YNL116W,0,-5.5112853,0.0928071141242981,0.6890000104904175,0.6735000014305115
YIL046W,YHR063C,0,-5.511353,0.09279461205005646,0.6890000104904175,0.6736000180244446
YDR074W,YLR313C,0,-5.511431,0.09278211742639542,0.6890000104904175,0.6736999750137329
YBL027W,YMR318C,0,-5.511522,0.09276962280273438,0.6890000104904175,0.673799991607666
YKL024C,YJR103W,0,-5.5118966,0.09275713562965393,0.6890000104904175,0.6739000082015991
YOR179C,YBL005W,1,-5.512016,0.09287925809621811,0.6899999976158142,0.6739000082015991
YDL100C,YDR295C,0,-5.512188,0.09286675602197647,0.6899999976158142,0.6740000247955322
YGL113W,YML001W,0,-5.5121965,0.09285426139831543,0.6899999976158142,0.6740999817848206
YOR258W,YOR260W,0,-5.512452,0.09284176677465439,0.6899999976158142,0.6741999983787537
YGL223C,YGR245C,0,-5.512548,0.09282927215099335,0.6899999976158142,0.6743000149726868
YPL070W,YJL074C,0,-5.5125785,0.0928167849779129,0.6899999976158142,0.6743999719619751
YDR356W,YCR020C,0,-5.5129876,0.09280430525541306,0.6899999976158142,0.6744999885559082
YIL140W,YDR484W,0,-5.5132036,0.09279182553291321,0.6899999976158142,0.6746000051498413
YLL028W,YBR098W,0,-5.5132136,0.09277934581041336,0.6899999976158142,0.6747000217437744
YKL024C,YDR422C,0,-5.5135202,0.09276687353849411,0.6899999976158142,0.6747999787330627
YOR360C,YBR227C,0,-5.5137086,0.09275440126657486,0.6899999976158142,0.6748999953269958
YFL023W,YOR297C,0,-5.514149,0.0927419364452362,0.6899999976158142,0.675000011920929
YBR265W,YGR042W,0,-5.514153,0.09272947162389755,0.6899999976158142,0.6751000285148621
YNL278W,YMR236W,1,-5.514333,0.09285138547420502,0.6909999847412109,0.6751000285148621
YNL274C,YGR215W,0,-5.5151243,0.09283890575170517,0.6909999847412109,0.6751999855041504
YOR270C,YMR120C,0,-5.5155864,0.09282644093036652,0.6909999847412109,0.6753000020980835
YPL007C,YOR018W,0,-5.515617,0.09281396865844727,0.6909999847412109,0.6754000186920166
YHR079C,YBR223C,0,-5.5156703,0.09280150383710861,0.6909999847412109,0.6754999756813049
YBR088C,YCR002C,0,-5.5156736,0.09278903901576996,0.6909999847412109,0.675599992275238
YMR172W,YFL031W,1,-5.515861,0.09291084855794907,0.6919999718666077,0.675599992275238
YKL093W,YDR384C,0,-5.5160975,0.09289837628602982,0.6919999718666077,0.6757000088691711
YLR242C,YDR125C,0,-5.516157,0.09288590401411057,0.6919999718666077,0.6758000254631042
YEL017C-A,YGR183C,0,-5.5162444,0.09287343919277191,0.6919999718666077,0.6758999824523926
YIL019W,YMR300C,0,-5.5170293,0.09286097437143326,0.6919999718666077,0.6759999990463257
YBL075C,YHR002W,0,-5.5170712,0.0928485170006752,0.6919999718666077,0.6761000156402588
YML107C,YDL079C,0,-5.5181003,0.09283605962991714,0.6919999718666077,0.6761999726295471
YGR030C,YHR063C,0,-5.518785,0.09282360970973969,0.6919999718666077,0.6762999892234802
YOR222W,YBR077C,0,-5.519115,0.09281115978956223,0.6919999718666077,0.6764000058174133
YER155C,YPL268W,0,-5.519179,0.09279870986938477,0.6919999718666077,0.6765000224113464
YMR139W,YDR422C,0,-5.5194116,0.0927862673997879,0.6919999718666077,0.6765999794006348
YJR156C,YIL007C,0,-5.5195203,0.09277383238077164,0.6919999718666077,0.6766999959945679
YGL110C,YKR077W,0,-5.5195675,0.09276139736175537,0.6919999718666077,0.676800012588501
YLR145W,YGL220W,0,-5.519587,0.0927489623427391,0.6919999718666077,0.6769000291824341
YNL118C,YGL098W,0,-5.5198197,0.09273653477430344,0.6919999718666077,0.6769999861717224
YLR136C,YGR185C,0,-5.5202737,0.09272410720586777,0.6919999718666077,0.6771000027656555
YLR310C,YGL245W,0,-5.520352,0.0927116796374321,0.6919999718666077,0.6772000193595886
YKR019C,YBR111C,0,-5.5206766,0.09269925951957703,0.6919999718666077,0.677299976348877
YEL003W,YIL164C,0,-5.520786,0.09268684685230255,0.6919999718666077,0.6773999929428101
YOR210W,YDR217C,1,-5.5209804,0.09280835837125778,0.6930000185966492,0.6773999929428101
YOR324C,YMR062C,0,-5.521259,0.09279593080282211,0.6930000185966492,0.6775000095367432
YML064C,YMR062C,0,-5.521278,0.09278350323438644,0.6930000185966492,0.6776000261306763
YNL067W,YOR348C,0,-5.5218515,0.09277108311653137,0.6930000185966492,0.6776999831199646
YDR446W,YGL068W,0,-5.522351,0.0927586704492569,0.6930000185966492,0.6777999997138977
YMR040W,YGL093W,0,-5.5226135,0.09274625033140182,0.6930000185966492,0.6779000163078308
YOR134W,YGR075C,0,-5.5234137,0.09273384511470795,0.6930000185966492,0.6779999732971191
YKL218C,YDR174W,0,-5.523443,0.09272143244743347,0.6930000185966492,0.6780999898910522
YOR138C,YPL021W,0,-5.524103,0.0927090272307396,0.6930000185966492,0.6782000064849854
YBL005W,YMR039C,1,-5.524198,0.09283038973808289,0.6940000057220459,0.6782000064849854
YMR083W,YKL218C,0,-5.5243773,0.09281797707080841,0.6940000057220459,0.6783000230789185
YHR206W,YOR316C,0,-5.525102,0.09280556440353394,0.6940000057220459,0.6783999800682068
YPL031C,YGR170W,0,-5.5254216,0.09279315173625946,0.6940000057220459,0.6784999966621399
YOR315W,YFL039C,1,-5.5259595,0.09291443973779678,0.6949999928474426,0.6784999966621399
YPR079W,YIR025W,0,-5.5268188,0.09290201961994171,0.6949999928474426,0.678600013256073
YBL074C,YMR053C,0,-5.5276456,0.09288959950208664,0.6949999928474426,0.6786999702453613
YKL164C,YBR205W,0,-5.527752,0.09287718683481216,0.6949999928474426,0.6787999868392944
YER155C,YIL069C,0,-5.527827,0.09286478161811829,0.6949999928474426,0.6789000034332275
YHR201C,YPL079W,0,-5.52788,0.09285236895084381,0.6949999928474426,0.6790000200271606
YDR173C,YLR113W,1,-5.5280175,0.09297355264425278,0.6959999799728394,0.6790000200271606
YPL269W,YML092C,0,-5.528096,0.0929611325263977,0.6959999799728394,0.679099977016449
YLR406C,YHR063C,0,-5.5289865,0.09294871985912323,0.6959999799728394,0.6791999936103821
YLR121C,YAL048C,0,-5.5291786,0.09293630719184875,0.6959999799728394,0.6793000102043152
YOL091W,YKL087C,0,-5.529305,0.09292390197515488,0.6959999799728394,0.6794000267982483
YOR216C,YOR229W,0,-5.5294547,0.092911496758461,0.6959999799728394,0.6794999837875366
YOR362C,YLR165C,0,-5.5294747,0.09289909154176712,0.6959999799728394,0.6796000003814697
YDL155W,YNR008W,0,-5.529586,0.09288669377565384,0.6959999799728394,0.6797000169754028
YCR024C-A,YNL187W,0,-5.5296774,0.09287429600954056,0.6959999799728394,0.6797999739646912
YLR312W-A,YFR014C,0,-5.5296965,0.09286190569400787,0.6959999799728394,0.6798999905586243
YGR239C,YNL010W,0,-5.530383,0.09284952282905579,0.6959999799728394,0.6800000071525574
YAL041W,YPL131W,0,-5.530542,0.0928371325135231,0.6959999799728394,0.6801000237464905
YDR313C,YKL157W,0,-5.530543,0.09282474964857101,0.6959999799728394,0.6801999807357788
YPR187W,YMR021C,1,-5.531057,0.09294572472572327,0.6970000267028809,0.6801999807357788
YGR029W,YPR112C,0,-5.531057,0.09293333441019058,0.6970000267028809,0.6802999973297119
YMR030W,YER040W,1,-5.5317054,0.09305425733327866,0.6980000138282776,0.6802999973297119
YGR189C,YGL180W,0,-5.531978,0.09304185211658478,0.6980000138282776,0.680400013923645
YDR306C,YML035C,0,-5.532123,0.0930294543504715,0.6980000138282776,0.6804999709129333
YOR162C,YDR146C,1,-5.5324006,0.0931503176689148,0.6990000009536743,0.6804999709129333
YER028C,YPL011C,1,-5.5326533,0.0932711511850357,0.699999988079071,0.6804999709129333
YPL106C,YDR238C,0,-5.533145,0.09325872361660004,0.699999988079071,0.6805999875068665
YJR016C,YGL147C,0,-5.5333586,0.09324630349874496,0.699999988079071,0.6807000041007996
YAL043C,YDR463W,1,-5.533834,0.0933670774102211,0.7009999752044678,0.6807000041007996
YHR069C,YMR047C,0,-5.5338464,0.09335464239120483,0.7009999752044678,0.6808000206947327
YDR168W,YCR089W,0,-5.5338554,0.09334220737218857,0.7009999752044678,0.680899977684021
YDR098C,YIL117C,0,-5.5341105,0.0933297798037529,0.7009999752044678,0.6809999942779541
YDR056C,YDR035W,0,-5.5343614,0.09331735968589783,0.7009999752044678,0.6811000108718872
YDR361C,YPL173W,0,-5.534387,0.09330493956804276,0.7009999752044678,0.6812000274658203
YBR106W,YHR189W,0,-5.5348096,0.09329251945018768,0.7009999752044678,0.6812999844551086
YMR302C,YKR055W,0,-5.53481,0.09328010678291321,0.7009999752044678,0.6814000010490417
YDL126C,YBL060W,0,-5.5348816,0.09326769411563873,0.7009999752044678,0.6815000176429749
YML100W,YNR043W,0,-5.535083,0.09325528889894485,0.7009999752044678,0.6815999746322632
YBL024W,YNL272C,0,-5.535105,0.09324288368225098,0.7009999752044678,0.6816999912261963
YAL012W,YPR125W,0,-5.535398,0.0932304859161377,0.7009999752044678,0.6818000078201294
YLR347C,YKR029C,0,-5.535417,0.09321808815002441,0.7009999752044678,0.6819000244140625
YBR153W,YNL007C,0,-5.535692,0.09320569038391113,0.7009999752044678,0.6819999814033508
YGR196C,YCL024W,0,-5.5357976,0.09319330006837845,0.7009999752044678,0.6820999979972839
YMR113W,YNL094W,0,-5.5370436,0.09318090975284576,0.7009999752044678,0.682200014591217
YHR003C,YKR014C,0,-5.5375814,0.09316852688789368,0.7009999752044678,0.6822999715805054
YDR028C,YBL005W,1,-5.537889,0.09328904002904892,0.7020000219345093,0.6822999715805054
YIR012W,YML034W,0,-5.5379167,0.09327664226293564,0.7020000219345093,0.6823999881744385
YOR247W,YIL136W,0,-5.5379243,0.09326425194740295,0.7020000219345093,0.6825000047683716
YBL008W,YLR055C,1,-5.5380306,0.09338469803333282,0.703000009059906,0.6825000047683716
YNL008C,YOR260W,0,-5.5381026,0.09337229281663895,0.703000009059906,0.6826000213623047
YGR173W,YPL021W,0,-5.53851,0.09335989505052567,0.703000009059906,0.682699978351593
YOR159C,YNL037C,0,-5.538607,0.09334749728441238,0.703000009059906,0.6827999949455261
YHR123W,YPL118W,0,-5.5386696,0.0933351069688797,0.703000009059906,0.6829000115394592
YJR034W,YAL051W,0,-5.538928,0.09332271665334702,0.703000009059906,0.6830000281333923
YPL160W,YLR213C,0,-5.539038,0.09331032633781433,0.703000009059906,0.6830999851226807
YKL051W,YMR224C,0,-5.5390897,0.09329794347286224,0.703000009059906,0.6832000017166138
YBR019C,YJR036C,0,-5.539334,0.09328556060791016,0.703000009059906,0.6833000183105469
YDL035C,YGR183C,0,-5.539541,0.09327318519353867,0.703000009059906,0.6833999752998352
YML117W,YML096W,0,-5.5401483,0.09326080977916718,0.703000009059906,0.6834999918937683
YLR110C,YKL022C,0,-5.540217,0.09324844181537628,0.703000009059906,0.6836000084877014
YOR107W,YOR206W,0,-5.54035,0.09323607385158539,0.703000009059906,0.6837000250816345
YKL212W,YLR098C,0,-5.540649,0.09322371333837509,0.703000009059906,0.6837999820709229
YOR091W,YOL002C,0,-5.5410223,0.0932113528251648,0.703000009059906,0.683899998664856
YOR323C,YIL052C,0,-5.541166,0.0931989923119545,0.703000009059906,0.6840000152587891
YGL035C,YGL209W,1,-5.5417576,0.09331919252872467,0.7039999961853027,0.6840000152587891
YFL005W,YPR007C,0,-5.5419397,0.09330682456493378,0.7039999961853027,0.6840999722480774
YHL009C,YDR460W,1,-5.542397,0.09342698007822037,0.7049999833106995,0.6840999722480774
YLR215C,YER162C,0,-5.542784,0.09341460466384888,0.7049999833106995,0.6841999888420105
YNL207W,YOL043C,0,-5.543121,0.09340222924947739,0.7049999833106995,0.6843000054359436
YCL059C,YLR199C,0,-5.5432124,0.0933898538351059,0.7049999833106995,0.6844000220298767
YEL001C,YDL129W,0,-5.5432515,0.093377485871315,0.7049999833106995,0.684499979019165
YOL002C,YHR146W,0,-5.5435658,0.09336511790752411,0.7049999833106995,0.6845999956130981
YJL148W,YKL040C,0,-5.543613,0.09335275739431381,0.7049999833106995,0.6847000122070312
YDR302W,YIL003W,0,-5.543769,0.09334039688110352,0.7049999833106995,0.6848000288009644
YOL120C,YIL013C,0,-5.5440536,0.09332803636789322,0.7049999833106995,0.6848999857902527
YHR171W,YHR002W,0,-5.5441976,0.09331568330526352,0.7049999833106995,0.6850000023841858
YOR201C,YPL031C,0,-5.5442495,0.09330333769321442,0.7049999833106995,0.6851000189781189
YOR354C,YML011C,0,-5.5444055,0.09329099208116531,0.7049999833106995,0.6851999759674072
YPR096C,YKL074C,0,-5.5449386,0.09327864646911621,0.7049999833106995,0.6852999925613403
YDR184C,YOR027W,0,-5.5455194,0.0932663083076477,0.7049999833106995,0.6854000091552734
YBR049C,YOR344C,1,-5.5459027,0.09338624030351639,0.7059999704360962,0.6854000091552734
YPL026C,YFL039C,1,-5.5460505,0.09350614994764328,0.7070000171661377,0.6854000091552734
YGR158C,YPR100W,0,-5.546368,0.09349378198385239,0.7070000171661377,0.6855000257492065
YGR116W,YIL036W,1,-5.5463686,0.0936136469244957,0.7080000042915344,0.6855000257492065
YKL082C,YDR434W,0,-5.546474,0.0936012715101242,0.7080000042915344,0.6855999827384949
YJR135C,YBR161W,0,-5.546866,0.09358889609575272,0.7080000042915344,0.685699999332428
YCL044C,YBR085W,0,-5.5473156,0.09357652813196182,0.7080000042915344,0.6858000159263611
YDR216W,YDR228C,1,-5.547566,0.09369631111621857,0.7089999914169312,0.6858000159263611
YER178W,YLL042C,0,-5.5475774,0.09368393570184708,0.7089999914169312,0.6858999729156494
YLR193C,YLR286C,0,-5.5475945,0.09367155283689499,0.7089999914169312,0.6859999895095825
YLR448W,YIL108W,0,-5.54768,0.0936591774225235,0.7089999914169312,0.6861000061035156
YOR179C,YML062C,1,-5.5479026,0.09377889335155487,0.7099999785423279,0.6861000061035156
YHR002W,YGL016W,0,-5.548162,0.09376651048660278,0.7099999785423279,0.6862000226974487
YPR129W,YDR384C,0,-5.548203,0.0937541276216507,0.7099999785423279,0.6862999796867371
YNL029C,YCR012W,0,-5.5484495,0.09374174475669861,0.7099999785423279,0.6863999962806702
YLR075W,YGL173C,0,-5.548552,0.09372936934232712,0.7099999785423279,0.6865000128746033
YHL001W,YAL023C,0,-5.549031,0.09371700137853622,0.7099999785423279,0.6866000294685364
YDR404C,YOL005C,1,-5.5494437,0.09383661299943924,0.7110000252723694,0.6866000294685364
YNL281W,YHR098C,0,-5.549809,0.09382423013448715,0.7110000252723694,0.6866999864578247
YML071C,YPL188W,0,-5.5502896,0.09381184726953506,0.7110000252723694,0.6868000030517578
YBR035C,YLR043C,0,-5.5502944,0.09379947185516357,0.7110000252723694,0.6869000196456909
YBR193C,YNL230C,1,-5.550369,0.09391900897026062,0.7120000123977661,0.6869000196456909
YER032W,YIR015W,0,-5.5507216,0.09390661865472794,0.7120000123977661,0.6869999766349792
YDR137W,YGR174C,0,-5.55135,0.09389423578977585,0.7120000123977661,0.6870999932289124
YBR156C,YDR204W,0,-5.5519123,0.09388185292482376,0.7120000123977661,0.6872000098228455
YDR234W,YIL019W,0,-5.552468,0.09386947751045227,0.7120000123977661,0.6873000264167786
YIL027C,YGL068W,0,-5.5528626,0.09385710209608078,0.7120000123977661,0.6873999834060669
YNL330C,YCR052W,1,-5.5531993,0.09397654235363007,0.7129999995231628,0.6873999834060669
YBR106W,YIL015W,0,-5.553393,0.09396415203809738,0.7129999995231628,0.6875
YNL106C,YNL168C,0,-5.5538106,0.0939517691731453,0.7129999995231628,0.6876000165939331
YMR300C,YDL203C,0,-5.553995,0.0939393937587738,0.7129999995231628,0.6876999735832214
YDR237W,YJL039C,0,-5.554117,0.09392701834440231,0.7129999995231628,0.6877999901771545
YBL052C,YOL031C,0,-5.554586,0.09391465038061142,0.7129999995231628,0.6879000067710876
YOR071C,YDR122W,0,-5.5558133,0.09390227496623993,0.7129999995231628,0.6880000233650208
YOL158C,YLR398C,0,-5.555857,0.09388991445302963,0.7129999995231628,0.6880999803543091
YML132W,YMR264W,0,-5.556462,0.09387755393981934,0.7129999995231628,0.6881999969482422
YNL243W,YOL045W,0,-5.5564914,0.09386519342660904,0.7129999995231628,0.6883000135421753
YBL103C,YOL072W,1,-5.556666,0.09398446977138519,0.7139999866485596,0.6883000135421753
YER159C,YCR093W,1,-5.5566754,0.09410370886325836,0.7149999737739563,0.6883000135421753
YGR239C,YER012W,0,-5.5566974,0.09409132599830627,0.7149999737739563,0.6883999705314636
YNL300W,YLR089C,0,-5.556886,0.09407895058393478,0.7149999737739563,0.6884999871253967
YKL084W,YCR084C,0,-5.5569043,0.0940665677189827,0.7149999737739563,0.6886000037193298
YGL066W,YMR294W,0,-5.557466,0.0940541997551918,0.7149999737739563,0.6887000203132629
YER040W,YGL209W,1,-5.557506,0.09417334944009781,0.7160000205039978,0.6887000203132629
YCL031C,YDL093W,0,-5.558457,0.09416096657514572,0.7160000205039978,0.6887999773025513
YNL068C,YER068W,1,-5.5588207,0.09428007900714874,0.7170000076293945,0.6887999773025513
YER122C,YNR022C,0,-5.559805,0.09426768124103546,0.7170000076293945,0.6888999938964844
YGR104C,YDR512C,1,-5.5598617,0.0943867489695549,0.7179999947547913,0.6888999938964844
YHR049W,YDR446W,0,-5.5599318,0.09437434375286102,0.7179999947547913,0.6890000104904175
YJL171C,YLL022C,0,-5.5607176,0.09436193853616714,0.7179999947547913,0.6891000270843506
YHR134W,YML123C,0,-5.5607963,0.09434954077005386,0.7179999947547913,0.6891999840736389
YGL134W,YNL308C,0,-5.5612454,0.09433714300394058,0.7179999947547913,0.689300000667572
YGL044C,YGR029W,0,-5.5616474,0.0943247526884079,0.7179999947547913,0.6894000172615051
YDR189W,YIL075C,0,-5.5619593,0.09431236237287521,0.7179999947547913,0.6894999742507935
YAL040C,YER104W,0,-5.5619664,0.09429997205734253,0.7179999947547913,0.6895999908447266
YJL126W,YDL010W,0,-5.562307,0.09428758919239044,0.7179999947547913,0.6897000074386597
YGR095C,YCR048W,0,-5.562343,0.09427521377801895,0.7179999947547913,0.6898000240325928
YBR052C,YGR049W,0,-5.562822,0.09426283091306686,0.7179999947547913,0.6898999810218811
YNL093W,YKL217W,0,-5.562835,0.09425046294927597,0.7179999947547913,0.6899999976158142
YOL136C,YDL212W,0,-5.563332,0.09423808753490448,0.7179999947547913,0.6901000142097473
YDR189W,YPR102C,0,-5.5635395,0.09422571957111359,0.7179999947547913,0.6901999711990356
YCR105W,YIL098C,0,-5.563767,0.09421335905790329,0.7179999947547913,0.6902999877929688
YIL135C,YBL017C,0,-5.564,0.094200998544693,0.7179999947547913,0.6904000043869019
YMR184W,YCR014C,0,-5.564014,0.0941886380314827,0.7179999947547913,0.690500020980835
YCL067C,YCR093W,1,-5.5651455,0.09430745244026184,0.718999981880188,0.690500020980835
YLR351C,YHR175W,0,-5.565187,0.09429508447647095,0.718999981880188,0.6905999779701233
YHR091C,YEL042W,0,-5.5654926,0.09428271651268005,0.718999981880188,0.6906999945640564
YDL215C,YKL019W,0,-5.5656605,0.09427035599946976,0.718999981880188,0.6908000111579895
YPR017C,YDR292C,0,-5.56601,0.09425799548625946,0.718999981880188,0.6909000277519226
YDR412W,YMR192W,0,-5.566593,0.09424564242362976,0.718999981880188,0.6909999847412109
YOR257W,YOL045W,0,-5.566953,0.09423328936100006,0.718999981880188,0.691100001335144
YIL123W,YHR209W,0,-5.56702,0.09422094374895096,0.718999981880188,0.6912000179290771
YCR030C,YDR191W,0,-5.5671988,0.09420859813690186,0.718999981880188,0.6912999749183655
YDR253C,YOR196C,0,-5.567286,0.09419625252485275,0.718999981880188,0.6913999915122986
YHL003C,YML029W,0,-5.5678363,0.09418391436338425,0.718999981880188,0.6915000081062317
YOL081W,YBR037C,0,-5.5680013,0.09417157620191574,0.718999981880188,0.6916000247001648
YDL111C,YOR049C,0,-5.5680785,0.09415924549102783,0.718999981880188,0.6916999816894531
YNL231C,YIL133C,0,-5.568219,0.09414691478013992,0.718999981880188,0.6917999982833862
YDR186C,YKR006C,0,-5.568522,0.09413459151983261,0.718999981880188,0.6919000148773193
YNL330C,YCR065W,1,-5.568587,0.09425317496061325,0.7200000286102295,0.6919000148773193
YBR267W,YHR191C,0,-5.5688715,0.09424083679914474,0.7200000286102295,0.6919999718666077
YHL038C,YJR045C,0,-5.5689387,0.09422850608825684,0.7200000286102295,0.6920999884605408
YOL020W,YER166W,0,-5.5692954,0.09421617537736893,0.7200000286102295,0.6922000050544739
YEL053C,YJL221C,0,-5.5693583,0.09420384466648102,0.7200000286102295,0.692300021648407
YDR237W,YLR237W,0,-5.569395,0.0941915214061737,0.7200000286102295,0.6923999786376953
YDL105W,YOR037W,0,-5.5701175,0.09417920559644699,0.7200000286102295,0.6924999952316284
YGR195W,YJR158W,0,-5.570496,0.09416688233613968,0.7200000286102295,0.6926000118255615
YLL046C,YIL147C,0,-5.570505,0.09415457397699356,0.7200000286102295,0.6927000284194946
YNR022C,YGL014W,0,-5.570746,0.09414225816726685,0.7200000286102295,0.692799985408783
YER166W,YGR100W,0,-5.5707474,0.09412994980812073,0.7200000286102295,0.6929000020027161
YCR020W-B,YDL140C,1,-5.571046,0.09424836933612823,0.7210000157356262,0.6929000020027161
YDL098C,YDR353W,0,-5.571391,0.09423604607582092,0.7210000157356262,0.6930000185966492
YPR083W,YNL218W,0,-5.571853,0.09422373026609421,0.7210000157356262,0.6930999755859375
YLR453C,YKL045W,0,-5.5719852,0.09421142190694809,0.7210000157356262,0.6931999921798706
YMR073C,YMR065W,0,-5.572062,0.09419911354780197,0.7210000157356262,0.6933000087738037
YLR221C,YOR037W,0,-5.5722547,0.09418680518865585,0.7210000157356262,0.6934000253677368
YOR210W,YNL236W,1,-5.5724654,0.094305120408535,0.722000002861023,0.6934000253677368
YGL133W,YOR179C,1,-5.572518,0.09442340582609177,0.7229999899864197,0.6934000253677368
YIL123W,YHR133C,0,-5.5729976,0.09441107511520386,0.7229999899864197,0.6934999823570251
YOR289W,YAL033W,0,-5.5732017,0.09439874440431595,0.7229999899864197,0.6935999989509583
YKL209C,YDR169C,0,-5.573569,0.09438642114400864,0.7229999899864197,0.6937000155448914
YNL284C,YHR077C,0,-5.573773,0.09437410533428192,0.7229999899864197,0.6937999725341797
YDR268W,YMR173W,0,-5.573832,0.09436178207397461,0.7229999899864197,0.6938999891281128
YDR277C,YOR141C,0,-5.5738707,0.09434947371482849,0.7229999899864197,0.6940000057220459
YDR412W,YAL038W,0,-5.573956,0.09433715790510178,0.7229999899864197,0.694100022315979
YKL011C,YOR023C,0,-5.574062,0.09432484954595566,0.7229999899864197,0.6941999793052673
YDR303C,YCR093W,1,-5.5744424,0.09444299340248108,0.7239999771118164,0.6941999793052673
YPR186C,YKL087C,0,-5.5744677,0.09443067759275436,0.7239999771118164,0.6942999958992004
YPL037C,YIL084C,0,-5.574632,0.09441836178302765,0.7239999771118164,0.6944000124931335
YBR221C,YKL095W,0,-5.574678,0.09440605342388153,0.7239999771118164,0.6945000290870667
YNL322C,YHL007C,0,-5.574726,0.09439374506473541,0.7239999771118164,0.694599986076355
YDR405W,YHR001W-A,0,-5.5751395,0.0943814367055893,0.7239999771118164,0.6947000026702881
YLR321C,YIL036W,1,-5.5751524,0.09449947625398636,0.7250000238418579,0.6947000026702881
YJR058C,YJR063W,0,-5.575168,0.09448716044425964,0.7250000238418579,0.6948000192642212
YBR210W,YPR137W,0,-5.5755806,0.09447485208511353,0.7250000238418579,0.6948999762535095
YDL064W,YDR434W,0,-5.575854,0.09446254372596741,0.7250000238418579,0.6949999928474426
YDL139C,YAL017W,0,-5.5759025,0.09445023536682129,0.7250000238418579,0.6951000094413757
YNR061C,YMR077C,0,-5.5759053,0.09443793445825577,0.7250000238418579,0.6952000260353088
YLR355C,YAL059W,0,-5.5760026,0.09442563354969025,0.7250000238418579,0.6952999830245972
YMR286W,YOR213C,0,-5.576057,0.09441333264112473,0.7250000238418579,0.6953999996185303
YDR051C,YIL130W,0,-5.576404,0.0944010391831398,0.7250000238418579,0.6955000162124634
YPR108W,YHR198C,0,-5.576407,0.09438875317573547,0.7250000238418579,0.6955999732017517
YNL030W,YBR097W,0,-5.576428,0.09437646716833115,0.7250000238418579,0.6956999897956848
YGR132C,YGL068W,0,-5.5767884,0.09436418116092682,0.7250000238418579,0.6958000063896179
YDR237W,YEL030W,0,-5.5769906,0.09435190260410309,0.7250000238418579,0.695900022983551
YDL247W,YLL050C,0,-5.577417,0.09433962404727936,0.7250000238418579,0.6959999799728394
YOR026W,YDL116W,0,-5.577501,0.09432734549045563,0.7250000238418579,0.6960999965667725
YKL015W,YBL006C,1,-5.578344,0.09444516897201538,0.7260000109672546,0.6960999965667725
YOL116W,YDR361C,0,-5.578568,0.09443288296461105,0.7260000109672546,0.6962000131607056
YFL050C,YNL080C,0,-5.5788274,0.09442060440778732,0.7260000109672546,0.6963000297546387
YHR168W,YPR033C,0,-5.579087,0.09440832585096359,0.7260000109672546,0.696399986743927
YNL278W,YMR033W,1,-5.5790896,0.09452606737613678,0.7269999980926514,0.696399986743927
YMR159C,YKL172W,0,-5.579325,0.09451378136873245,0.7269999980926514,0.6965000033378601
YPR191W,YDL227C,0,-5.5794563,0.09450149536132812,0.7269999980926514,0.6966000199317932
YNR041C,YHR019C,0,-5.5797973,0.0944892093539238,0.7269999980926514,0.6966999769210815
YGR198W,YGL129C,0,-5.5807242,0.09447693079710007,0.7269999980926514,0.6967999935150146
YLR153C,YNL099C,0,-5.5808163,0.09446465969085693,0.7269999980926514,0.6969000101089478
YLR019W,YPR031W,0,-5.5811067,0.0944523811340332,0.7269999980926514,0.6970000267028809
YNL199C,YER148W,1,-5.581167,0.09457001835107803,0.7279999852180481,0.6970000267028809
YOR233W,YIL110W,0,-5.581631,0.0945577323436737,0.7279999852180481,0.6970999836921692
YGL023C,YKL189W,0,-5.5816584,0.09454545378684998,0.7279999852180481,0.6972000002861023
YMR096W,YBR044C,0,-5.5819697,0.09453317523002625,0.7279999852180481,0.6973000168800354
YGR254W,YJR074W,0,-5.5820184,0.09452090412378311,0.7279999852180481,0.6973999738693237
YOR208W,YDL070W,0,-5.5820804,0.09450863301753998,0.7279999852180481,0.6974999904632568
YIL063C,YOR195W,0,-5.582085,0.09449636191129684,0.7279999852180481,0.6976000070571899
YDR062W,YNL168C,0,-5.582175,0.09448409825563431,0.7279999852180481,0.697700023651123
YMR002W,YPL268W,0,-5.5827365,0.09447184205055237,0.7279999852180481,0.6977999806404114
YNL339C,YNR051C,0,-5.583233,0.09445958584547043,0.7279999852180481,0.6978999972343445
YBR127C,YKL157W,0,-5.5846667,0.09444732964038849,0.7279999852180481,0.6980000138282776
YOR187W,YER141W,0,-5.5847383,0.09443507343530655,0.7279999852180481,0.6980999708175659
YAL001C,YDR299W,0,-5.584825,0.0944228246808052,0.7279999852180481,0.698199987411499
YPR042C,YMR186W,0,-5.5849366,0.09441058337688446,0.7279999852180481,0.6983000040054321
YIR018W,YBR198C,1,-5.5849757,0.09452801197767258,0.7289999723434448,0.6983000040054321
YBR127C,YMR208W,0,-5.5850425,0.09451575577259064,0.7289999723434448,0.6984000205993652
YOR122C,YBR061C,0,-5.5851364,0.0945034995675087,0.7289999723434448,0.6984999775886536
YEL022W,YGL051W,0,-5.5854845,0.09449125081300735,0.7289999723434448,0.6985999941825867
YDR198C,YDR494W,0,-5.5855756,0.09447900205850601,0.7289999723434448,0.6987000107765198
YLR047C,YMR136W,0,-5.585605,0.09446676075458527,0.7289999723434448,0.6988000273704529
YLR051C,YHR147C,0,-5.5856633,0.09445451945066452,0.7289999723434448,0.6988999843597412
YLR376C,YGL221C,0,-5.585794,0.09444228559732437,0.7289999723434448,0.6990000009536743
YMR276W,YEL058W,0,-5.5859528,0.09443005174398422,0.7289999723434448,0.6991000175476074
YMR138W,YFL053W,0,-5.5860286,0.09441781789064407,0.7289999723434448,0.6991999745368958
YBL023C,YGR247W,0,-5.586124,0.09440559148788452,0.7289999723434448,0.6992999911308289
YHR050W,YNL224C,0,-5.58688,0.09439337253570557,0.7289999723434448,0.699400007724762
YLR371W,YPL057C,0,-5.587114,0.09438114613294601,0.7289999723434448,0.6995000243186951
YJR004C,YDL210W,0,-5.587262,0.09436893463134766,0.7289999723434448,0.6995999813079834
YKR048C,YPR154W,0,-5.587363,0.0943567156791687,0.7289999723434448,0.6996999979019165
YMR040W,YMR171C,0,-5.587518,0.09434450417757034,0.7289999723434448,0.6998000144958496
YMR233W,YIR022W,0,-5.5875797,0.09433230012655258,0.7289999723434448,0.6998999714851379
YAL055W,YBL004W,0,-5.5876145,0.09432009607553482,0.7289999723434448,0.699999988079071
YIL030C,YDR247W,0,-5.5877786,0.09430789202451706,0.7289999723434448,0.7001000046730042
YLR361C,YIL111W,0,-5.587885,0.0942956954240799,0.7289999723434448,0.7002000212669373
YJL165C,YDR243C,0,-5.588012,0.09428349882364273,0.7289999723434448,0.7002999782562256
YNR054C,YNL297C,0,-5.5887337,0.09427130222320557,0.7289999723434448,0.7003999948501587
YKL206C,YHR184W,0,-5.589151,0.094259113073349,0.7289999723434448,0.7005000114440918
YJR004C,YMR251W,0,-5.5892277,0.09424693137407303,0.7289999723434448,0.7006000280380249
YLR009W,YDR121W,0,-5.5904326,0.09423474967479706,0.7289999723434448,0.7006999850273132
YDR304C,YDR361C,0,-5.590475,0.09422256797552109,0.7289999723434448,0.7008000016212463
YKR082W,YPL098C,0,-5.5905757,0.09421039372682571,0.7289999723434448,0.7009000182151794
YER165W,YDR119W,0,-5.591019,0.09419821947813034,0.7289999723434448,0.7009999752044678
YHR102W,YBR017C,0,-5.5915504,0.09418604522943497,0.7289999723434448,0.7010999917984009
YCL018W,YBR026C,0,-5.592147,0.09417387843132019,0.7289999723434448,0.701200008392334
YLR370C,YGL077C,0,-5.592824,0.09416171163320541,0.7289999723434448,0.7013000249862671
YMR076C,YLR092W,0,-5.5930505,0.09414955228567123,0.7289999723434448,0.7013999819755554
YLR005W,YDR190C,1,-5.593228,0.09426652640104294,0.7300000190734863,0.7013999819755554
YBL060W,YNR020C,0,-5.593307,0.09425435960292816,0.7300000190734863,0.7014999985694885
YNL180C,YJL209W,0,-5.5937376,0.09424219280481339,0.7300000190734863,0.7016000151634216
YNL258C,YNR059W,0,-5.5944123,0.09423002600669861,0.7300000190734863,0.70169997215271
YBR014C,YHR086W,0,-5.5945973,0.09421785920858383,0.7300000190734863,0.7017999887466431
YGR225W,YDL146W,0,-5.5946302,0.09420570731163025,0.7300000190734863,0.7019000053405762
YDL217C,YOR371C,0,-5.5946484,0.09419354796409607,0.7300000190734863,0.7020000219345093
YBR095C,YIL036W,1,-5.5951443,0.09431041032075882,0.7310000061988831,0.7020000219345093
YHL001W,YML008C,0,-5.5957327,0.09429824352264404,0.7310000061988831,0.7020999789237976
YBR223C,YLR440C,0,-5.5957365,0.09428608417510986,0.7310000061988831,0.7021999955177307
YOR130C,YMR260C,0,-5.595844,0.09427392482757568,0.7310000061988831,0.7023000121116638
YOR209C,YBL032W,0,-5.5963764,0.0942617654800415,0.7310000061988831,0.7024000287055969
YBL018C,YOR023C,0,-5.5964303,0.09424961358308792,0.7310000061988831,0.7024999856948853
YPL145C,YHR010W,0,-5.5969377,0.09423746168613434,0.7310000061988831,0.7026000022888184
YLR274W,YJL047C,0,-5.597032,0.09422531723976135,0.7310000061988831,0.7027000188827515
YKR069W,YFL038C,0,-5.5973964,0.09421317279338837,0.7310000061988831,0.7027999758720398
YDR180W,YDR046C,0,-5.5978265,0.09420102834701538,0.7310000061988831,0.7028999924659729
YDR161W,YLL022C,0,-5.597976,0.09418889135122299,0.7310000061988831,0.703000009059906
YKL082C,YLR077W,0,-5.5983877,0.0941767618060112,0.7310000061988831,0.7031000256538391
YLR145W,YBL040C,0,-5.598514,0.09416462481021881,0.7310000061988831,0.7031999826431274
YNL278W,YKR062W,1,-5.5985866,0.09428130090236664,0.7319999933242798,0.7031999826431274
YLR044C,YDL210W,0,-5.5989003,0.09426915645599365,0.7319999933242798,0.7032999992370605
YPL042C,YDR217C,1,-5.5991125,0.0943857878446579,0.7329999804496765,0.7032999992370605
YIL154C,YDR513W,0,-5.599259,0.09437362849712372,0.7329999804496765,0.7034000158309937
YKL218C,YPR079W,0,-5.599604,0.09436148405075073,0.7329999804496765,0.703499972820282
YER124C,YHR181W,0,-5.5996327,0.09434933960437775,0.7329999804496765,0.7035999894142151
YLL006W,YBR263W,0,-5.600083,0.09433719515800476,0.7329999804496765,0.7037000060081482
YNR010W,YGR186W,1,-5.6003003,0.09445373713970184,0.734000027179718,0.7037000060081482
YOR116C,YPR035W,0,-5.600385,0.09444158524274826,0.734000027179718,0.7038000226020813
YDR021W,YLR043C,0,-5.6004796,0.09442943334579468,0.734000027179718,0.7038999795913696
YIR034C,YHR147C,0,-5.600497,0.09441728889942169,0.734000027179718,0.7039999961853027
YDR451C,YJL127C,1,-5.6005454,0.0945337638258934,0.7350000143051147,0.7039999961853027
YPL078C,YDL219W,0,-5.6007924,0.09452160447835922,0.7350000143051147,0.7041000127792358
YEL006W,YML065W,0,-5.600795,0.09450945258140564,0.7350000143051147,0.704200029373169
YLR009W,YHL007C,0,-5.601414,0.09449730068445206,0.7350000143051147,0.7042999863624573
YNL307C,YOR332W,0,-5.6014233,0.09448514878749847,0.7350000143051147,0.7044000029563904
YDL033C,YML086C,0,-5.6016345,0.09447300434112549,0.7350000143051147,0.7045000195503235
YGR230W,YGR100W,0,-5.601833,0.0944608673453331,0.7350000143051147,0.7045999765396118
YAL053W,YKL116C,0,-5.601954,0.09444873034954071,0.7350000143051147,0.7046999931335449
YOR071C,YKL140W,0,-5.60226,0.09443659335374832,0.7350000143051147,0.704800009727478
YLL021W,YOR034C,0,-5.602446,0.09442446380853653,0.7350000143051147,0.7049000263214111
YLR325C,YKL032C,0,-5.6024904,0.09441233426332474,0.7350000143051147,0.7049999833106995
YBR145W,YOR290C,0,-5.6037455,0.09440020471811295,0.7350000143051147,0.7050999999046326
YMR268C,YBR287W,0,-5.6040416,0.09438808262348175,0.7350000143051147,0.7052000164985657
YHL036W,YBL042C,0,-5.6040573,0.09437596052885056,0.7350000143051147,0.705299973487854
YJR073C,YNL168C,0,-5.6045194,0.09436384588479996,0.7350000143051147,0.7053999900817871
YMR078C,YJL116C,0,-5.604804,0.09435173124074936,0.7350000143051147,0.7055000066757202
YMR277W,YJL141C,0,-5.6051564,0.09433962404727936,0.7350000143051147,0.7056000232696533
YNL312W,YIR010W,0,-5.605229,0.09432751685380936,0.7350000143051147,0.7056999802589417
YHR109W,YKL142W,0,-5.605417,0.09431540966033936,0.7350000143051147,0.7057999968528748
YBR109C,YBL025W,0,-5.6055946,0.09430330991744995,0.7350000143051147,0.7059000134468079
YNL230C,YOR224C,1,-5.605675,0.09441950172185898,0.7360000014305115,0.7059000134468079
YLR388W,YEL051W,0,-5.605951,0.09440738707780838,0.7360000014305115,0.7059999704360962
YML023C,YIL044C,0,-5.606197,0.09439527988433838,0.7360000014305115,0.7060999870300293
YKL211C,YOR128C,0,-5.6062336,0.09438317269086838,0.7360000014305115,0.7062000036239624
YOL104C,YDR486C,0,-5.6062407,0.09437107294797897,0.7360000014305115,0.7063000202178955
YOR255W,YNL075W,0,-5.606538,0.09435897320508957,0.7360000014305115,0.7063999772071838
YJR031C,YBR005W,0,-5.60667,0.09434688091278076,0.7360000014305115,0.7064999938011169
YFR055W,YNL272C,0,-5.607023,0.09433478862047195,0.7360000014305115,0.70660001039505
YNL112W,YDR375C,0,-5.6071143,0.09432269632816315,0.7360000014305115,0.7067000269889832
YOR005C,YKL134C,0,-5.6074004,0.09431061148643494,0.7360000014305115,0.7067999839782715
YML071C,YDR525W-A,0,-5.6076484,0.09429852664470673,0.7360000014305115,0.7069000005722046
YOR260W,YKL048C,0,-5.6079755,0.09428644925355911,0.7360000014305115,0.7070000171661377
YNL202W,YIR037W,0,-5.6081166,0.0942743718624115,0.7360000014305115,0.707099974155426
YIL049W,YJL210W,0,-5.6084104,0.09426229447126389,0.7360000014305115,0.7071999907493591
YKR084C,YMR207C,0,-5.608586,0.09425022453069687,0.7360000014305115,0.7073000073432922
YNL128W,YBR085W,0,-5.6092463,0.09423815459012985,0.7360000014305115,0.7074000239372253
YDL111C,YIL135C,0,-5.609658,0.09422609210014343,0.7360000014305115,0.7074999809265137
YDR470C,YKL108W,0,-5.60988,0.09421402961015701,0.7360000014305115,0.7075999975204468
YEL062W,YHR094C,0,-5.609924,0.09420197457075119,0.7360000014305115,0.7077000141143799
YOR060C,YKL191W,0,-5.6101136,0.09418991208076477,0.7360000014305115,0.7077999711036682
YKL051W,YPR135W,0,-5.610543,0.09417786449193954,0.7360000014305115,0.7078999876976013
YOR367W,YDR293C,0,-5.610557,0.09416581690311432,0.7360000014305115,0.7080000042915344
YOR187W,YGL137W,0,-5.611038,0.09415376931428909,0.7360000014305115,0.7081000208854675
YGL172W,YJL008C,0,-5.611215,0.09414172172546387,0.7360000014305115,0.7081999778747559
YJL030W,YPR058W,0,-5.6113877,0.09412968158721924,0.7360000014305115,0.708299994468689
YOR058C,YCL017C,0,-5.611798,0.0941176488995552,0.7360000014305115,0.7084000110626221
YLR195C,YGR173W,0,-5.612037,0.09410561621189117,0.7360000014305115,0.7085000276565552
YMR145C,YOR096W,0,-5.612795,0.09409358352422714,0.7360000014305115,0.7085999846458435
YGR279C,YGL174W,0,-5.6129823,0.09408155083656311,0.7360000014305115,0.7087000012397766
YFL037W,YNL064C,0,-5.612984,0.09406953305006027,0.7360000014305115,0.7088000178337097
YMR040W,YER142C,0,-5.6130595,0.09405750781297684,0.7360000014305115,0.708899974822998
YLL003W,YMR071C,0,-5.613409,0.094045490026474,0.7360000014305115,0.7089999914169312
YML032C,YFL044C,0,-5.613524,0.09403347223997116,0.7360000014305115,0.7091000080108643
YFR049W,YDR027C,0,-5.6138425,0.09402146190404892,0.7360000014305115,0.7092000246047974
YNL032W,YKL211C,0,-5.614322,0.09400945156812668,0.7360000014305115,0.7092999815940857
YAR033W,YKR016W,0,-5.6147065,0.09399744868278503,0.7360000014305115,0.7093999981880188
YBR135W,YMR092C,0,-5.615521,0.09398544579744339,0.7360000014305115,0.7095000147819519
YBR243C,YBR251W,0,-5.616037,0.09397344291210175,0.7360000014305115,0.7095999717712402
YBR002C,YMR079W,0,-5.616209,0.0939614474773407,0.7360000014305115,0.7096999883651733
YGL053W,YCR035C,0,-5.6163855,0.09394945204257965,0.7360000014305115,0.7098000049591064
YER151C,YJR044C,0,-5.6166673,0.0939374566078186,0.7360000014305115,0.7099000215530396
YPL266W,YOL112W,0,-5.6168165,0.09392546862363815,0.7360000014305115,0.7099999785423279
YPR127W,YMR174C,0,-5.6173425,0.0939134880900383,0.7360000014305115,0.710099995136261
YER159C,YKL015W,1,-5.6184654,0.09402909129858017,0.7369999885559082,0.710099995136261
YPL218W,YOR250C,0,-5.618578,0.09401709586381912,0.7369999885559082,0.7102000117301941
YIL041W,YHR038W,0,-5.6187234,0.09400510042905807,0.7369999885559082,0.7103000283241272
YNL030W,YAR035W,0,-5.6187825,0.09399311244487762,0.7369999885559082,0.7103999853134155
YGR027C,YHR088W,0,-5.6189876,0.09398112446069717,0.7369999885559082,0.7105000019073486
YJR016C,YLR037C,0,-5.619077,0.09396914392709732,0.7369999885559082,0.7106000185012817
YDR142C,YOL130W,0,-5.61909,0.09395716339349747,0.7369999885559082,0.7106999754905701
YLL060C,YKL189W,0,-5.6192946,0.09394519031047821,0.7369999885559082,0.7107999920845032
YGR062C,YOR226C,0,-5.61945,0.09393321722745895,0.7369999885559082,0.7109000086784363
YGR195W,YPL249C,0,-5.620442,0.0939212441444397,0.7369999885559082,0.7110000252723694
YLR196W,YOR261C,0,-5.6217513,0.09390927851200104,0.7369999885559082,0.7110999822616577
YLL028W,YHR164C,0,-5.6221166,0.09389731287956238,0.7369999885559082,0.7111999988555908
YBR252W,YCR063W,0,-5.622769,0.09388534724712372,0.7369999885559082,0.7113000154495239
YDL090C,YNL085W,0,-5.6227794,0.09387338906526566,0.7369999885559082,0.7113999724388123
YPL010W,YLR026C,0,-5.622842,0.09386143833398819,0.7369999885559082,0.7114999890327454
YKL052C,YNL168C,0,-5.623398,0.09384948760271072,0.7369999885559082,0.7116000056266785
YJL016W,YMR110C,0,-5.623789,0.09383753687143326,0.7369999885559082,0.7117000222206116
YDR354W,YNL064C,0,-5.6238685,0.09382558614015579,0.7369999885559082,0.7117999792098999
YPR106W,YPL262W,0,-5.6238813,0.09381364285945892,0.7369999885559082,0.711899995803833
YML059C,YJL121C,0,-5.6239624,0.09380170702934265,0.7369999885559082,0.7120000123977661
YBR191W,YNL244C,0,-5.6241612,0.09378977119922638,0.7369999885559082,0.7121000289916992
YIL026C,YCL014W,0,-5.6249986,0.09377783536911011,0.7369999885559082,0.7121999859809875
YOR036W,YDL070W,0,-5.625273,0.09376590698957443,0.7369999885559082,0.7123000025749207
YMR238W,YEL006W,0,-5.625401,0.09375397861003876,0.7369999885559082,0.7124000191688538
YLR289W,YBL091C,0,-5.6255765,0.09374205023050308,0.7369999885559082,0.7124999761581421
YCL051W,YPL001W,0,-5.6257625,0.093730129301548,0.7369999885559082,0.7125999927520752
YGL066W,YFL017W-A,0,-5.62579,0.09371820837259293,0.7369999885559082,0.7127000093460083
YOR335C,YAL048C,0,-5.6258183,0.09370629489421844,0.7369999885559082,0.7128000259399414
YLR037C,YML097C,0,-5.626055,0.09369438141584396,0.7369999885559082,0.7128999829292297
YIL065C,YER144C,0,-5.626477,0.09368246793746948,0.7369999885559082,0.7129999995231628
YFR013W,YPR103W,0,-5.6270404,0.0936705619096756,0.7369999885559082,0.713100016117096
YBR210W,YOR125C,0,-5.627355,0.09365866333246231,0.7369999885559082,0.7131999731063843
YDL087C,YKL217W,0,-5.627873,0.09364675730466843,0.7369999885559082,0.7132999897003174
YNL314W,YLR449W,1,-5.6282516,0.09376191347837448,0.7379999756813049,0.7132999897003174
YFL037W,YOL096C,0,-5.628571,0.09375,0.7379999756813049,0.7134000062942505
YLR193C,YBL080C,0,-5.6288495,0.09373809397220612,0.7379999756813049,0.7135000228881836
YCR052W,YDL115C,1,-5.6288586,0.0938531905412674,0.7390000224113464,0.7135000228881836
YDL215C,YHR069C,0,-5.628933,0.09384126961231232,0.7390000224113464,0.7135999798774719
YHR034C,YCR048W,0,-5.629017,0.09382935613393784,0.7390000224113464,0.713699996471405
YDL066W,YOR313C,0,-5.629643,0.09381744265556335,0.7390000224113464,0.7138000130653381
YGR262C,YLR055C,1,-5.629661,0.09393247216939926,0.7400000095367432,0.7138000130653381
YJR072C,YDR425W,0,-5.629676,0.09392055124044418,0.7400000095367432,0.7139000296592712
YHL022C,YOL064C,0,-5.6297984,0.0939086303114891,0.7400000095367432,0.7139999866485596
YLR016C,YPR119W,0,-5.630078,0.09389671683311462,0.7400000095367432,0.7141000032424927
YJL108C,YDR365C,0,-5.63032,0.09388480335474014,0.7400000095367432,0.7142000198364258
YPL043W,YJL029C,0,-5.630385,0.09387288987636566,0.7400000095367432,0.7142999768257141
YOR175C,YMR016C,0,-5.630401,0.09386098384857178,0.7400000095367432,0.7143999934196472
YFL030W,YGR161C,0,-5.6307387,0.0938490778207779,0.7400000095367432,0.7145000100135803
YML052W,YLR308W,0,-5.631019,0.0938371792435646,0.7400000095367432,0.7146000266075134
YDR337W,YHL029C,0,-5.63116,0.09382528066635132,0.7400000095367432,0.7146999835968018
YLR008C,YMR264W,0,-5.6314487,0.09381338953971863,0.7400000095367432,0.7148000001907349
YNL185C,YAL027W,0,-5.631494,0.09380149841308594,0.7400000095367432,0.714900016784668
YPL076W,YMR212C,0,-5.631613,0.09378960728645325,0.7400000095367432,0.7149999737739563
YDL138W,YOR222W,0,-5.6318107,0.09377772361040115,0.7400000095367432,0.7150999903678894
YER147C,YGL099W,0,-5.6318955,0.09376583993434906,0.7400000095367432,0.7152000069618225
YDR177W,YNL012W,0,-5.6319437,0.09375395625829697,0.7400000095367432,0.7153000235557556
YLR008C,YJL115W,0,-5.632461,0.09374208003282547,0.7400000095367432,0.715399980545044
YIL123W,YBR262C,0,-5.632547,0.09373021125793457,0.7400000095367432,0.715499997138977
YPL247C,YGL147C,0,-5.6333113,0.09371833503246307,0.7400000095367432,0.7156000137329102
YCR030C,YBR009C,0,-5.633686,0.09370647370815277,0.7400000095367432,0.7156999707221985
YBR095C,YNR010W,1,-5.6337447,0.093821220099926,0.7409999966621399,0.7156999707221985
YKL208W,YGL221C,0,-5.634077,0.0938093438744545,0.7409999966621399,0.7157999873161316
YLR019W,YAL048C,0,-5.634382,0.093797467648983,0.7409999966621399,0.7159000039100647
YKL016C,YNL081C,0,-5.634503,0.0937855988740921,0.7409999966621399,0.7160000205039978
YPR079W,YBR127C,0,-5.6353726,0.0937737300992012,0.7409999966621399,0.7160999774932861
YER056C-A,YLR172C,0,-5.635557,0.0937618613243103,0.7409999966621399,0.7161999940872192
YBR050C,YPR052C,1,-5.635796,0.09387651830911636,0.7419999837875366,0.7161999940872192
YLR118C,YDL142C,0,-5.6359963,0.09386464208364487,0.7419999837875366,0.7163000106811523
YJR139C,YJR103W,0,-5.636392,0.09385277330875397,0.7419999837875366,0.7164000272750854
YDR037W,YNL168C,0,-5.6367416,0.09384089708328247,0.7419999837875366,0.7164999842643738
YLR121C,YKR092C,0,-5.636952,0.09382903575897217,0.7419999837875366,0.7166000008583069
YGR243W,YDL064W,0,-5.637052,0.09381716698408127,0.7419999837875366,0.71670001745224
YNL107W,YDR073W,0,-5.6376014,0.09380531311035156,0.7419999837875366,0.7167999744415283
YLR457C,YGR234W,0,-5.6382756,0.09379345178604126,0.7419999837875366,0.7168999910354614
YOL013C,YNL116W,0,-5.638515,0.09378159791231155,0.7419999837875366,0.7170000076293945
YCR105W,YDL171C,0,-5.638659,0.09376974403858185,0.7419999837875366,0.7171000242233276
YKR100C,YIL115C,0,-5.639392,0.09375789761543274,0.7419999837875366,0.717199981212616
YPR056W,YMR005W,1,-5.6395025,0.09387239068746567,0.7429999709129333,0.717199981212616
YNL135C,YKL046C,0,-5.6395063,0.09386053681373596,0.7429999709129333,0.7172999978065491
YNL274C,YDR135C,0,-5.639754,0.09384868294000626,0.7429999709129333,0.7174000144004822
YHR118C,YLR246W,0,-5.640274,0.09383682906627655,0.7429999709129333,0.7174999713897705
YHR034C,YOL141W,0,-5.6403747,0.09382497519254684,0.7429999709129333,0.7175999879837036
YPL032C,YDL194W,0,-5.640556,0.09381312876939774,0.7429999709129333,0.7177000045776367
YNL183C,YER132C,0,-5.6407723,0.09380128979682922,0.7429999709129333,0.7178000211715698
YEL025C,YOR016C,0,-5.6408553,0.09378945082426071,0.7429999709129333,0.7178999781608582
YDR313C,YFR044C,0,-5.6411014,0.0937776118516922,0.7429999709129333,0.7179999947547913
YDL080C,YGL070C,1,-5.641234,0.09389197081327438,0.7440000176429749,0.7179999947547913
YHL015W,YLL058W,0,-5.6413007,0.09388012439012527,0.7440000176429749,0.7181000113487244
YML132W,YDR214W,0,-5.6413455,0.09386827796697617,0.7440000176429749,0.7182000279426575
YJL108C,YDR079W,0,-5.642107,0.09385643899440765,0.7440000176429749,0.7182999849319458
YNL301C,YKL204W,0,-5.6424065,0.09384460002183914,0.7440000176429749,0.7184000015258789
YNL068C,YGR262C,1,-5.6427197,0.09395888447761536,0.7450000047683716,0.7184000015258789
YKL024C,YOR193W,0,-5.6430945,0.09394703805446625,0.7450000047683716,0.718500018119812
YOL140W,YJL019W,0,-5.643112,0.09393519163131714,0.7450000047683716,0.7185999751091003
YHR038W,YGL251C,0,-5.643309,0.09392334520816803,0.7450000047683716,0.7186999917030334
YOR138C,YGR286C,0,-5.643346,0.09391150623559952,0.7450000047683716,0.7188000082969666
YCR061W,YLR193C,0,-5.6436944,0.0938996747136116,0.7450000047683716,0.7189000248908997
YCR048W,YPR033C,0,-5.643872,0.09388783574104309,0.7450000047683716,0.718999981880188
YGR254W,YGR074W,0,-5.64403,0.09387601166963577,0.7450000047683716,0.7190999984741211
YLR246W,YDL093W,0,-5.6440673,0.09386418014764786,0.7450000047683716,0.7192000150680542
YLL042C,YIL109C,0,-5.6449895,0.09385235607624054,0.7450000047683716,0.7192999720573425
YKL212W,YDL222C,0,-5.645039,0.09384053200483322,0.7450000047683716,0.7193999886512756
YML095C,YIL156W,0,-5.6450696,0.0938287153840065,0.7450000047683716,0.7195000052452087
YIR036C,YCR083W,0,-5.6457114,0.09381689876317978,0.7450000047683716,0.7196000218391418
YBR085W,YLR054C,0,-5.645839,0.09380508959293365,0.7450000047683716,0.7196999788284302
YKL164C,YKL082C,0,-5.6460443,0.09379328042268753,0.7450000047683716,0.7197999954223633
YDL226C,YJL003W,0,-5.646197,0.0937814712524414,0.7450000047683716,0.7199000120162964
YER001W,YGL175C,0,-5.646624,0.09376966953277588,0.7450000047683716,0.7200000286102295
YOL028C,YFL039C,1,-5.646922,0.09388371556997299,0.7459999918937683,0.7200000286102295
YOR052C,YNL088W,0,-5.6470256,0.09387189894914627,0.7459999918937683,0.7200999855995178
YEL034W,YGL105W,0,-5.6471305,0.09386008977890015,0.7459999918937683,0.7202000021934509
YNL309W,YGR195W,0,-5.647613,0.09384828060865402,0.7459999918937683,0.720300018787384
YNL080C,YMR140W,0,-5.6479974,0.0938364788889885,0.7459999918937683,0.7203999757766724
YLL021W,YBR201W,0,-5.6483817,0.09382467716932297,0.7459999918937683,0.7204999923706055
YIL026C,YJR062C,0,-5.6486516,0.09381287544965744,0.7459999918937683,0.7206000089645386
YOR151C,YDR190C,1,-5.6486773,0.0939268171787262,0.746999979019165,0.7206000089645386
YOR269W,YHR190W,0,-5.648697,0.09391500800848007,0.746999979019165,0.7207000255584717
YGL021W,YBR179C,0,-5.6489587,0.09390320628881454,0.746999979019165,0.72079998254776
YPL145C,YOL003C,0,-5.6490636,0.09389140456914902,0.746999979019165,0.7208999991416931
YOR391C,YER110C,0,-5.6492457,0.09387960284948349,0.746999979019165,0.7210000157356262
YIL068C,YPL059W,0,-5.649273,0.09386780858039856,0.746999979019165,0.7210999727249146
YIL099W,YNL093W,0,-5.6493745,0.09385601431131363,0.746999979019165,0.7211999893188477
YBL021C,YDL091C,0,-5.649469,0.0938442200422287,0.746999979019165,0.7213000059127808
YNL163C,YHR170W,0,-5.6506906,0.09383243322372437,0.746999979019165,0.7214000225067139
YNL241C,YNL294C,0,-5.651047,0.09382064640522003,0.746999979019165,0.7214999794960022
YNL268W,YBL057C,0,-5.651074,0.0938088670372963,0.746999979019165,0.7215999960899353
YKR013W,YIL123W,0,-5.6512456,0.09379708766937256,0.746999979019165,0.7217000126838684
YOR058C,YGR192C,0,-5.651259,0.09378530830144882,0.746999979019165,0.7218000292778015
YIL027C,YMR115W,0,-5.651271,0.09377353638410568,0.746999979019165,0.7218999862670898
YOR179C,YIL021W,1,-5.651566,0.09388728439807892,0.7480000257492065,0.7218999862670898
YDL106C,YDL093W,0,-5.6519017,0.09387550503015518,0.7480000257492065,0.722000002861023
YHL048W,YBR021W,0,-5.6521344,0.09386371821165085,0.7480000257492065,0.722100019454956
YOR159C,YBR115C,0,-5.652888,0.09385194629430771,0.7480000257492065,0.7221999764442444
YOL044W,YEL021W,0,-5.6530185,0.09384016692638397,0.7480000257492065,0.7222999930381775
YGR166W,YPR113W,0,-5.653259,0.09382840245962143,0.7480000257492065,0.7224000096321106
YML081C-A,YJL138C,0,-5.653301,0.09381663054227829,0.7480000257492065,0.7225000262260437
YAL012W,YDR229W,0,-5.6534433,0.09380486607551575,0.7480000257492065,0.722599983215332
YOR260W,YKL095W,0,-5.654323,0.0937931016087532,0.7480000257492065,0.7226999998092651
YNL026W,YDR079W,0,-5.655041,0.09378134459257126,0.7480000257492065,0.7228000164031982
YER093C,YMR054W,0,-5.655529,0.09376958757638931,0.7480000257492065,0.7228999733924866
YPL177C,YBL103C,1,-5.6556463,0.09388317912817001,0.7490000128746033,0.7228999733924866
YNL207W,YKL209C,0,-5.656368,0.09387141466140747,0.7490000128746033,0.7229999899864197
YGR103W,YMR074C,0,-5.65649,0.09385965019464493,0.7490000128746033,0.7231000065803528
YOR123C,YPR034W,1,-5.6567726,0.09397318959236145,0.75,0.7231000065803528
YNL215W,YNL254C,0,-5.656975,0.09396141022443771,0.75,0.7232000231742859
YLR256W,YDR527W,1,-5.65729,0.09407491236925125,0.7509999871253967,0.7232000231742859
YLR025W,YDL091C,0,-5.6572905,0.09406312555074692,0.7509999871253967,0.7232999801635742
YPL022W,YDL195W,0,-5.6572995,0.09405134618282318,0.7509999871253967,0.7233999967575073
YPL060W,YKL129C,0,-5.6573405,0.09403956681489944,0.7509999871253967,0.7235000133514404
YOR323C,YGR140W,0,-5.6573443,0.0940277948975563,0.7509999871253967,0.7235999703407288
YLR005W,YOL054W,1,-5.657349,0.09414121508598328,0.7519999742507935,0.7235999703407288
YOL124C,YPL065W,0,-5.657833,0.09412942826747894,0.7519999742507935,0.7236999869346619
YGL209W,YDR173C,1,-5.6578717,0.09424280375242233,0.753000020980835,0.7236999869346619
YML085C,YOR008C,0,-5.6579666,0.0942310094833374,0.753000020980835,0.723800003528595
YPR052C,YPL235W,1,-5.6580853,0.09434434771537781,0.7540000081062317,0.723800003528595
YOR374W,YLR396C,0,-5.6582108,0.09433253854513168,0.7540000081062317,0.7239000201225281
YER105C,YBR022W,0,-5.6586504,0.09432074427604675,0.7540000081062317,0.7239999771118164
YMR032W,YLR457C,0,-5.6590667,0.09430894255638123,0.7540000081062317,0.7240999937057495
YJL192C,YBR098W,0,-5.6591353,0.0942971482872963,0.7540000081062317,0.7242000102996826
YDL066W,YDR111C,0,-5.6592846,0.09428535401821136,0.7540000081062317,0.7243000268936157
YDL210W,YPR058W,0,-5.659543,0.09427356719970703,0.7540000081062317,0.724399983882904
YMR288W,YKL096W-A,0,-5.6595845,0.0942617803812027,0.7540000081062317,0.7245000004768372
YJR010C-A,YBR015C,0,-5.660105,0.09425000101327896,0.7540000081062317,0.7246000170707703
YML069W,YDR190C,1,-5.660317,0.09436320513486862,0.7549999952316284,0.7246000170707703
YOR212W,YJR041C,0,-5.66048,0.09435141086578369,0.7549999952316284,0.7246999740600586
YJR113C,YCL024W,0,-5.660518,0.09433962404727936,0.7549999952316284,0.7247999906539917
YPL050C,YOR126C,0,-5.6606593,0.09432783722877502,0.7549999952316284,0.7249000072479248
YOR324C,YOR347C,0,-5.6611123,0.09431605041027069,0.7549999952316284,0.7250000238418579
YOR181W,YKL019W,0,-5.662494,0.09430427104234695,0.7549999952316284,0.7250999808311462
YDR451C,YDR301W,1,-5.6626983,0.09441738575696945,0.7559999823570251,0.7250999808311462
YIL148W,YJR131W,0,-5.662727,0.09440559148788452,0.7559999823570251,0.7251999974250793
YLR309C,YHR160C,0,-5.663414,0.09439380466938019,0.7559999823570251,0.7253000140190125
YDL049C,YPL175W,0,-5.6640143,0.09438202530145645,0.7559999823570251,0.7253999710083008
YJL001W,YNL281W,0,-5.664077,0.09437023848295212,0.7559999823570251,0.7254999876022339
YGL129C,YGL203C,0,-5.6642985,0.09435845911502838,0.7559999823570251,0.725600004196167
YDR172W,YDR493W,0,-5.664804,0.09434668719768524,0.7559999823570251,0.7257000207901001
YOR212W,YCR024C-A,0,-5.665135,0.0943349152803421,0.7559999823570251,0.7257999777793884
YKL156W,YIL168W,0,-5.6653466,0.09432314336299896,0.7559999823570251,0.7258999943733215
YOR162C,YGL096W,1,-5.665645,0.09443613141775131,0.7570000290870667,0.7258999943733215
YJR062C,YCR003W,0,-5.665859,0.09442434459924698,0.7570000290870667,0.7260000109672546
YER028C,YGR116W,1,-5.6658635,0.09453728795051575,0.7580000162124634,0.7260000109672546
YKL018W,YDR167W,1,-5.665875,0.09465020895004272,0.7590000033378601,0.7260000109672546
YDL122W,YAL039C,0,-5.665922,0.0946384072303772,0.7590000033378601,0.7261000275611877
YIL098C,YAL033W,0,-5.6660457,0.09462660551071167,0.7590000033378601,0.7261999845504761
YJL031C,YHR195W,0,-5.6660914,0.09461481124162674,0.7590000033378601,0.7263000011444092
YLR447C,YER027C,0,-5.6668115,0.09460301697254181,0.7590000033378601,0.7264000177383423
YDR530C,YLR324W,0,-5.6668763,0.09459122270345688,0.7590000033378601,0.7264999747276306
YLR380W,YBR079C,0,-5.6672735,0.09457943588495255,0.7590000033378601,0.7265999913215637
YBR059C,YCR020C,0,-5.6676016,0.09456765651702881,0.7590000033378601,0.7267000079154968
YHR187W,YPL026C,1,-5.6680655,0.09468045085668564,0.7599999904632568,0.7267000079154968
YOR326W,YBL080C,0,-5.6681595,0.09466865658760071,0.7599999904632568,0.7268000245094299
YOR260W,YDR422C,0,-5.668162,0.09465686976909637,0.7599999904632568,0.7268999814987183
YDL108W,YKL018W,1,-5.668177,0.09476961195468903,0.7609999775886536,0.7268999814987183
YDR362C,YBR179C,0,-5.668794,0.0947578102350235,0.7609999775886536,0.7269999980926514
YLR075W,YOR039W,0,-5.668798,0.09474601596593857,0.7609999775886536,0.7271000146865845
YJL165C,YDR071C,0,-5.6692557,0.09473422169685364,0.7609999775886536,0.7271999716758728
YJR101W,YPL172C,0,-5.6692824,0.09472242742776871,0.7609999775886536,0.7272999882698059
YOR315W,YDR167W,1,-5.670288,0.09483509510755539,0.7620000243186951,0.7272999882698059
YGL192W,YBR094W,0,-5.670382,0.09482329338788986,0.7620000243186951,0.727400004863739
YKL175W,YDR103W,0,-5.6707997,0.09481149911880493,0.7620000243186951,0.7275000214576721
YGR002C,YNR012W,0,-5.670856,0.09479970484972,0.7620000243186951,0.7275999784469604
YDR137W,YLR090W,0,-5.6714463,0.09478791058063507,0.7620000243186951,0.7276999950408936
YDR488C,YOL009C,0,-5.671496,0.09477611631155014,0.7620000243186951,0.7278000116348267
YGL103W,YIL147C,0,-5.671537,0.0947643294930458,0.7620000243186951,0.7279000282287598
YLR466W,YDL184C,0,-5.6717668,0.09475255012512207,0.7620000243186951,0.7279999852180481
YCR065W,YDR173C,1,-5.671884,0.0948650985956192,0.7630000114440918,0.7279999852180481
YGL238W,YLR142W,0,-5.6719747,0.09485330432653427,0.7630000114440918,0.7281000018119812
YOR326W,YLR390W-A,0,-5.6720943,0.09484151750802994,0.7630000114440918,0.7282000184059143
YGR169C,YDR036C,0,-5.672155,0.0948297306895256,0.7630000114440918,0.7282999753952026
YNL052W,YCR092C,0,-5.672417,0.09481794387102127,0.7630000114440918,0.7283999919891357
YBL007C,YHL007C,0,-5.67321,0.09480616450309753,0.7630000114440918,0.7285000085830688
YGL158W,YPL132W,0,-5.6736026,0.0947943851351738,0.7630000114440918,0.728600025177002
YCL014W,YBR044C,0,-5.6741652,0.09478260576725006,0.7630000114440918,0.7286999821662903
YHR070W,YPR036W,0,-5.6744456,0.09477083384990692,0.7630000114440918,0.7287999987602234
YLR044C,YLR396C,0,-5.6748204,0.09475906938314438,0.7630000114440918,0.7289000153541565
YBR150C,YGL037C,0,-5.6749573,0.09474729746580124,0.7630000114440918,0.7289999723434448
YER090W,YPR135W,0,-5.6750474,0.0947355329990387,0.7630000114440918,0.7290999889373779
YNL300W,YGL251C,0,-5.6751666,0.09472377598285675,0.7630000114440918,0.729200005531311
YLR466W,YDR021W,0,-5.6752696,0.0947120189666748,0.7630000114440918,0.7293000221252441
YHR134W,YMR135C,0,-5.6752734,0.09470026195049286,0.7630000114440918,0.7293999791145325
YGL032C,YDR334W,0,-5.675434,0.09468850493431091,0.7630000114440918,0.7294999957084656
YPR029C,YLR229C,0,-5.675958,0.09467675536870956,0.7630000114440918,0.7296000123023987
YGR198W,YLR142W,0,-5.676664,0.09466501325368881,0.7630000114440918,0.7297000288963318
YDR211W,YNR020C,0,-5.6767645,0.09465327113866806,0.7630000114440918,0.7297999858856201
YKL218C,YLR019W,0,-5.6768203,0.09464152902364731,0.7630000114440918,0.7299000024795532
YGR239C,YHR034C,0,-5.676863,0.09462978690862656,0.7630000114440918,0.7300000190734863
YOR317W,YMR140W,0,-5.6779733,0.0946180522441864,0.7630000114440918,0.7300999760627747
YDR207C,YIL004C,0,-5.678301,0.09460632503032684,0.7630000114440918,0.7301999926567078
YLR103C,YOR185C,0,-5.678731,0.09459459781646729,0.7630000114440918,0.7303000092506409
YMR238W,YKL148C,0,-5.678881,0.09458287060260773,0.7630000114440918,0.730400025844574
YAL022C,YGR080W,0,-5.679333,0.09457114338874817,0.7630000114440918,0.7304999828338623
YOL042W,YMR071C,0,-5.67938,0.09455942362546921,0.7630000114440918,0.7305999994277954
YOR304W,YGR262C,1,-5.679664,0.09467162191867828,0.7639999985694885,0.7305999994277954
YGL169W,YOR116C,0,-5.6797967,0.09465989470481873,0.7639999985694885,0.7307000160217285
YML042W,YJL164C,0,-5.6801324,0.09464816749095917,0.7639999985694885,0.7307999730110168
YGL210W,YKL122C,0,-5.680317,0.09463644027709961,0.7639999985694885,0.73089998960495
YJL031C,YBL102W,0,-5.680343,0.09462472051382065,0.7639999985694885,0.7310000061988831
YGR101W,YBR024W,0,-5.6814504,0.09461300075054169,0.7639999985694885,0.7311000227928162
YBR193C,YNL330C,1,-5.6820207,0.0947251096367836,0.7649999856948853,0.7311000227928162
YBR107C,YMR297W,0,-5.682102,0.09471338242292404,0.7649999856948853,0.7311999797821045
YKL018W,YKL020C,1,-5.6824346,0.09482545405626297,0.765999972820282,0.7311999797821045
YNL108C,YGL125W,0,-5.682959,0.09481371194124222,0.765999972820282,0.7312999963760376
YGL224C,YNR017W,0,-5.683079,0.09480197727680206,0.765999972820282,0.7314000129699707
YEL026W,YLR421C,0,-5.683485,0.0947902500629425,0.765999972820282,0.7315000295639038
YHR007C,YIL088C,0,-5.6838584,0.09477852284908295,0.765999972820282,0.7315999865531921
YLL006W,YPL010W,0,-5.6838927,0.09476679563522339,0.765999972820282,0.7317000031471252
YIL037C,YJL054W,0,-5.6846623,0.09475506842136383,0.765999972820282,0.7318000197410583
YFR032C-A,YPL171C,0,-5.6850667,0.09474334865808487,0.765999972820282,0.7318999767303467
YMR038C,YMR047C,0,-5.685321,0.0947316363453865,0.765999972820282,0.7319999933242798
YGL143C,YBR210W,0,-5.685551,0.09471992403268814,0.765999972820282,0.7321000099182129
YMR231W,YDR368W,0,-5.6856885,0.09470821171998978,0.765999972820282,0.732200026512146
YHR064C,YNL124W,0,-5.686579,0.09469649940729141,0.765999972820282,0.7322999835014343
YDR353W,YOR027W,0,-5.686988,0.09468479454517365,0.765999972820282,0.7324000000953674
YOR112W,YLR453C,0,-5.6870875,0.09467309713363647,0.765999972820282,0.7325000166893005
YGR248W,YDR251W,0,-5.687134,0.09466139227151871,0.765999972820282,0.7325999736785889
YNL243W,YNL055C,0,-5.6872034,0.09464969485998154,0.765999972820282,0.732699990272522
YIL008W,YGL186C,0,-5.6872754,0.09463800489902496,0.765999972820282,0.7328000068664551
YOL158C,YMR241W,0,-5.6875873,0.09462631493806839,0.765999972820282,0.7329000234603882
YHL003C,YER167W,0,-5.6878905,0.09461462497711182,0.765999972820282,0.7329999804496765
YBR095C,YLR417W,1,-5.6882834,0.09472644329071045,0.7670000195503235,0.7329999804496765
YDL190C,YMR305C,0,-5.6887603,0.09471474587917328,0.7670000195503235,0.7330999970436096
YDR308C,YML069W,1,-5.689024,0.09482651948928833,0.7680000066757202,0.7330999970436096
YNL139C,YMR091C,1,-5.6892166,0.09493827074766159,0.7689999938011169,0.7330999970436096
YKL190W,YDR261C,0,-5.689312,0.09492655098438263,0.7689999938011169,0.7332000136375427
YIL027C,YLR133W,0,-5.689335,0.09491483867168427,0.7689999938011169,0.733299970626831
YHR065C,YBR301W,0,-5.689491,0.0949031189084053,0.7689999938011169,0.7333999872207642
YGR215W,YOR350C,0,-5.690195,0.09489141404628754,0.7689999938011169,0.7335000038146973
YML095C,YOR355W,0,-5.6902905,0.09487970173358917,0.7689999938011169,0.7336000204086304
YKL034W,YDL194W,0,-5.6905084,0.0948679968714714,0.7689999938011169,0.7336999773979187
YJR094W-A,YBR125C,0,-5.6914153,0.09485629945993423,0.7689999938011169,0.7337999939918518
YGR211W,YDR140W,0,-5.691524,0.09484459459781647,0.7689999938011169,0.7339000105857849
YKR084C,YOL065C,0,-5.6916223,0.0948329046368599,0.7689999938011169,0.734000027179718
YGR077C,YGL093W,0,-5.692521,0.09482120722532272,0.7689999938011169,0.7340999841690063
YNR036C,YPR043W,0,-5.6927695,0.09480951726436615,0.7689999938011169,0.7342000007629395
YGR198W,YKL194C,0,-5.6928716,0.09479782730340958,0.7689999938011169,0.7343000173568726
YCR017C,YLR429W,0,-5.6930885,0.0947861447930336,0.7689999938011169,0.7343999743461609
YDL226C,YHR050W,0,-5.6931615,0.09477446228265762,0.7689999938011169,0.734499990940094
YGL221C,YPR102C,0,-5.6931868,0.09476278722286224,0.7689999938011169,0.7346000075340271
YFL055W,YKL134C,0,-5.6933675,0.09475111216306686,0.7689999938011169,0.7347000241279602
YDL155W,YIL123W,0,-5.693501,0.09473943710327148,0.7689999938011169,0.7347999811172485
YPL160W,YLR354C,0,-5.6936107,0.0947277620434761,0.7689999938011169,0.7348999977111816
YBL052C,YER120W,0,-5.693611,0.09471609443426132,0.7689999938011169,0.7350000143051147
YDL029W,YBL034C,0,-5.6936316,0.09470443427562714,0.7689999938011169,0.7350999712944031
YOR219C,YDR493W,0,-5.6939445,0.09469277411699295,0.7689999938011169,0.7351999878883362
YPR118W,YLR369W,0,-5.694141,0.09468111395835876,0.7689999938011169,0.7353000044822693
YHR039C-A,YKL085W,0,-5.6946297,0.09466945379972458,0.7689999938011169,0.7354000210762024
YPR042C,YGR099W,0,-5.69477,0.09465780109167099,0.7689999938011169,0.7354999780654907
YER102W,YPL274W,0,-5.695281,0.094646155834198,0.7689999938011169,0.7355999946594238
YNL062C,YDL111C,0,-5.6955776,0.09463450312614441,0.7689999938011169,0.7357000112533569
YMR311C,YNL148C,0,-5.6962166,0.09462286531925201,0.7689999938011169,0.73580002784729
YOR209C,YLR054C,0,-5.6965413,0.09461122006177902,0.7689999938011169,0.7358999848365784
YDR194C,YKL041W,0,-5.696548,0.09459958225488663,0.7689999938011169,0.7360000014305115
YAL002W,YNL090W,0,-5.6967864,0.09458794444799423,0.7689999938011169,0.7361000180244446
YBR210W,YGL251C,0,-5.6968875,0.09457631409168243,0.7689999938011169,0.7361999750137329
YDR251W,YIL138C,0,-5.697076,0.09456468373537064,0.7689999938011169,0.736299991607666
YLR188W,YKL155C,0,-5.6976137,0.09455305337905884,0.7689999938011169,0.7364000082015991
YBL060W,YPL087W,0,-5.699097,0.09454143047332764,0.7689999938011169,0.7365000247955322
YHR091C,YLR429W,0,-5.699242,0.09452980756759644,0.7689999938011169,0.7365999817848206
YGL200C,YNL271C,0,-5.699371,0.09451819211244583,0.7689999938011169,0.7366999983787537
YJR099W,YMR305C,0,-5.699431,0.09450657665729523,0.7689999938011169,0.7368000149726868
YMR127C,YDR101C,0,-5.7000613,0.09449496120214462,0.7689999938011169,0.7368999719619751
YOR334W,YLR192C,0,-5.7001777,0.09448335319757462,0.7689999938011169,0.7369999885559082
YER166W,YDL046W,0,-5.700632,0.09447174519300461,0.7689999938011169,0.7371000051498413
YJR126C,YDR295C,0,-5.7007995,0.0944601371884346,0.7689999938011169,0.7372000217437744
YNL067W,YJL010C,0,-5.701481,0.09444853663444519,0.7689999938011169,0.7372999787330627
YBR154C,YGR262C,1,-5.7015624,0.09455974400043488,0.7699999809265137,0.7372999787330627
YMR092C,YHR155W,0,-5.70196,0.09454813599586487,0.7699999809265137,0.7373999953269958
YBL005W,YBR049C,1,-5.7025704,0.09465929865837097,0.7710000276565552,0.7373999953269958
YER131W,YDR152W,0,-5.7025914,0.09464768320322037,0.7710000276565552,0.737500011920929
YPL155C,YBR249C,0,-5.7031646,0.09463606029748917,0.7710000276565552,0.7376000285148621
YDL106C,YGR170W,0,-5.703391,0.09462444484233856,0.7710000276565552,0.7376999855041504
YDL110C,YGR112W,0,-5.703754,0.09461283683776855,0.7710000276565552,0.7378000020980835
YPR163C,YJR066W,0,-5.7038198,0.09460122883319855,0.7710000276565552,0.7379000186920166
YJL196C,YJR060W,0,-5.7039537,0.09458962082862854,0.7710000276565552,0.7379999756813049
YER041W,YOL059W,0,-5.704433,0.09457802027463913,0.7710000276565552,0.738099992275238
YNL083W,YDR349C,0,-5.704735,0.09456641972064972,0.7710000276565552,0.7382000088691711
YHR188C,YNL218W,0,-5.704901,0.09455481916666031,0.7710000276565552,0.7383000254631042
YKL051W,YJL065C,0,-5.706287,0.0945432260632515,0.7710000276565552,0.7383999824523926
YBR031W,YKL040C,0,-5.706455,0.09453163295984268,0.7710000276565552,0.7384999990463257
YOR091W,YOR034C,0,-5.706591,0.09452004730701447,0.7710000276565552,0.7386000156402588
YER058W,YPL259C,0,-5.706839,0.09450846165418625,0.7710000276565552,0.7386999726295471
YOL019W,YNL284C,0,-5.706963,0.09449687600135803,0.7710000276565552,0.7387999892234802
YCR097W,YKL191W,0,-5.707085,0.09448529779911041,0.7710000276565552,0.7389000058174133
YHR111W,YBR202W,0,-5.707167,0.09447371959686279,0.7710000276565552,0.7390000224113464
YLR272C,YER136W,0,-5.707318,0.09446214139461517,0.7710000276565552,0.7390999794006348
YAL041W,YKR054C,0,-5.707682,0.09445057064294815,0.7710000276565552,0.7391999959945679
YLR467W,YOR259C,0,-5.7078357,0.09443899989128113,0.7710000276565552,0.739300012588501
YPL203W,YBR045C,0,-5.707932,0.0944274365901947,0.7710000276565552,0.7394000291824341
YDL247W,YCR059C,0,-5.708276,0.09441587328910828,0.7710000276565552,0.7394999861717224
YIL047C,YHL015W,0,-5.709398,0.09440430998802185,0.7710000276565552,0.7396000027656555
YKL209C,YHR074W,0,-5.709867,0.09439275413751602,0.7710000276565552,0.7397000193595886
YOR067C,YER114C,0,-5.7103353,0.09438119828701019,0.7710000276565552,0.739799976348877
YOR189W,YGR029W,0,-5.7107005,0.09436964243650436,0.7710000276565552,0.7398999929428101
YJR113C,YCL014W,0,-5.7108035,0.09435809403657913,0.7710000276565552,0.7400000095367432
YPR190C,YER079W,0,-5.7114434,0.0943465456366539,0.7710000276565552,0.7401000261306763
YNL068C,YER133W,1,-5.7114525,0.09445735812187195,0.7720000147819519,0.7401000261306763
YOR210W,YKR062W,1,-5.7114673,0.09456814080476761,0.7730000019073486,0.7401000261306763
YLR380W,YOL136C,0,-5.7116413,0.09455657750368118,0.7730000019073486,0.7401999831199646
YJR053W,YOR034C,0,-5.7120385,0.09454500675201416,0.7730000019073486,0.7402999997138977
YMR303C,YJL146W,0,-5.712195,0.09453345090150833,0.7730000019073486,0.7404000163078308
YEL059C-A,YDR450W,0,-5.712659,0.0945218876004219,0.7730000019073486,0.7404999732971191
YPL050C,YOL144W,0,-5.7128,0.09451033174991608,0.7730000019073486,0.7405999898910522
YGR027C,YPL104W,0,-5.713296,0.09449877589941025,0.7730000019073486,0.7407000064849854
YML015C,YOR178C,1,-5.713441,0.09460946172475815,0.7739999890327454,0.7407000064849854
YBL068W,YNL151C,0,-5.7139173,0.09459789842367172,0.7739999890327454,0.7408000230789185
YLR167W,YPR173C,0,-5.7139554,0.0945863351225853,0.7739999890327454,0.7408999800682068
YBR043C,YEL030W,0,-5.7139673,0.09457477927207947,0.7739999890327454,0.7409999966621399
YBR205W,YPL146C,0,-5.714705,0.09456322342157364,0.7739999890327454,0.741100013256073
YHR027C,YDR224C,0,-5.714751,0.09455167502164841,0.7739999890327454,0.7411999702453613
YIL071C,YOL003C,0,-5.7149234,0.09454012662172318,0.7739999890327454,0.7412999868392944
YDL188C,YPL281C,0,-5.71518,0.09452857822179794,0.7739999890327454,0.7414000034332275
YOR122C,YGL098W,0,-5.715566,0.09451703727245331,0.7739999890327454,0.7415000200271606
YDR211W,YJR130C,0,-5.7159,0.09450549632310867,0.7739999890327454,0.741599977016449
YLR433C,YHR042W,0,-5.715913,0.09449395537376404,0.7739999890327454,0.7416999936103821
YNL313C,YOL077C,0,-5.716126,0.094482421875,0.7739999890327454,0.7418000102043152
YGL203C,YDR079W,0,-5.7162976,0.09447088837623596,0.7739999890327454,0.7419000267982483
YER146W,YKR101W,0,-5.7165866,0.09445936232805252,0.7739999890327454,0.7419999837875366
YBR052C,YPL215W,0,-5.7166476,0.09444783627986908,0.7739999890327454,0.7421000003814697
YDL190C,YAL024C,0,-5.7167296,0.09443631023168564,0.7739999890327454,0.7422000169754028
YMR302C,YOR042W,0,-5.7167325,0.0944247916340828,0.7739999890327454,0.7422999739646912
YPR120C,YIL006W,0,-5.7171702,0.09441327303647995,0.7739999890327454,0.7423999905586243
YOR159C,YPR037C,0,-5.717361,0.0944017544388771,0.7739999890327454,0.7425000071525574
YGR083C,YOL164W,0,-5.7174315,0.09439024329185486,0.7739999890327454,0.7426000237464905
YDL074C,YKL210W,0,-5.717504,0.09437873214483261,0.7739999890327454,0.7426999807357788
YJL116C,YOR096W,0,-5.7175174,0.09436722844839096,0.7739999890327454,0.7427999973297119
YIL008W,YOL130W,0,-5.717835,0.09435572475194931,0.7739999890327454,0.742900013923645
YOR038C,YLR417W,1,-5.7181807,0.09446611255407333,0.7749999761581421,0.742900013923645
YBR230C,YJL126W,0,-5.7182426,0.09445460140705109,0.7749999761581421,0.7429999709129333
YJR064W,YDR046C,0,-5.7183933,0.09444309026002884,0.7749999761581421,0.7430999875068665
YMR305C,YKR086W,0,-5.7191625,0.09443157911300659,0.7749999761581421,0.7432000041007996
YHR028C,YGR010W,0,-5.7192287,0.09442007541656494,0.7749999761581421,0.7433000206947327
YDR126W,YMR029C,0,-5.7195396,0.09440857917070389,0.7749999761581421,0.743399977684021
YGR233C,YLR396C,0,-5.7202463,0.09439707547426224,0.7749999761581421,0.7434999942779541
YNL224C,YKL032C,0,-5.7203846,0.09438557922840118,0.7749999761581421,0.7436000108718872
YPL011C,YPL026C,1,-5.7204947,0.09449586272239685,0.7760000228881836,0.7436000108718872
YPL266W,YLR048W,0,-5.720608,0.0944843515753746,0.7760000228881836,0.7437000274658203
YOL100W,YAL034W-A,0,-5.72071,0.09447284787893295,0.7760000228881836,0.7437999844551086
YBR036C,YGR076C,0,-5.720768,0.0944613516330719,0.7760000228881836,0.7439000010490417
YLR148W,YOR320C,0,-5.7208314,0.09444985538721085,0.7760000228881836,0.7440000176429749
YKL073W,YJL155C,0,-5.7213125,0.09443835914134979,0.7760000228881836,0.7440999746322632
YNL218W,YDR418W,0,-5.72151,0.09442687034606934,0.7760000228881836,0.7441999912261963
YDR137W,YOR061W,0,-5.721903,0.09441538155078888,0.7760000228881836,0.7443000078201294
YER058W,YLR006C,0,-5.7236395,0.09440389275550842,0.7760000228881836,0.7444000244140625
YCR026C,YEL001C,0,-5.72379,0.09439241141080856,0.7760000228881836,0.7444999814033508
YGL127C,YNR010W,1,-5.7239757,0.09450255334377289,0.7770000100135803,0.7444999814033508
YBR088C,YPL280W,0,-5.7241406,0.09449106454849243,0.7770000100135803,0.7445999979972839
YDL224C,YHR011W,0,-5.725063,0.09447956830263138,0.7770000100135803,0.744700014591217
YBL024W,YHL029C,0,-5.7250676,0.09446808695793152,0.7770000100135803,0.7447999715805054
YBR097W,YOR196C,0,-5.7253003,0.09445659816265106,0.7770000100135803,0.7448999881744385
YDR028C,YIR018W,1,-5.7258058,0.09456667304039001,0.777999997138977,0.7448999881744385
YDR325W,YNL003C,0,-5.725867,0.09455517679452896,0.777999997138977,0.7450000047683716
YBL011W,YMR138W,0,-5.726459,0.0945436879992485,0.777999997138977,0.7451000213623047
YMR037C,YLR176C,1,-5.726517,0.09465370327234268,0.7789999842643738,0.7451000213623047
YBL105C,YDL240W,0,-5.726884,0.09464220702648163,0.7789999842643738,0.745199978351593
YNL067W,YAL048C,0,-5.727303,0.09463071078062057,0.7789999842643738,0.7452999949455261
YOR261C,YGR099W,0,-5.727656,0.09461921453475952,0.7789999842643738,0.7454000115394592
YKL112W,YPL129W,1,-5.7279925,0.09472917020320892,0.7799999713897705,0.7454000115394592
YKL056C,YPL001W,0,-5.728698,0.09471766650676727,0.7799999713897705,0.7455000281333923
YAL012W,YOL117W,0,-5.7287087,0.09470617026090622,0.7799999713897705,0.7455999851226807
YGL189C,YLL027W,0,-5.728722,0.09469467401504517,0.7799999713897705,0.7457000017166138
YIL160C,YIL168W,0,-5.7288027,0.09468317776918411,0.7799999713897705,0.7458000183105469
YGL122C,YNL307C,0,-5.728804,0.09467168152332306,0.7799999713897705,0.7458999752998352
YLR276C,YDL039C,0,-5.7288766,0.0946601927280426,0.7799999713897705,0.7459999918937683
YER166W,YJR131W,0,-5.7290916,0.09464871138334274,0.7799999713897705,0.7461000084877014
YOR284W,YPL240C,0,-5.7292943,0.09463722258806229,0.7799999713897705,0.7462000250816345
YJL072C,YGL259W,0,-5.7293143,0.09462574124336243,0.7799999713897705,0.7462999820709229
YOR044W,YCR069W,0,-5.729486,0.09461426734924316,0.7799999713897705,0.746399998664856
YMR071C,YBR299W,0,-5.7300587,0.0946027860045433,0.7799999713897705,0.7465000152587891
YER162C,YDR384C,0,-5.730495,0.09459131956100464,0.7799999713897705,0.7465999722480774
YDL147W,YKL103C,0,-5.731113,0.09457984566688538,0.7799999713897705,0.7466999888420105
YPR033C,YHR031C,0,-5.7314224,0.09456837922334671,0.7799999713897705,0.7468000054359436
YDR503C,YJL221C,0,-5.7315936,0.09455691277980804,0.7799999713897705,0.7469000220298767
YLR450W,YGL137W,0,-5.7316756,0.09454545378684998,0.7799999713897705,0.746999979019165
YCL017C,YIL078W,0,-5.7317424,0.0945339947938919,0.7799999713897705,0.7470999956130981
YNL056W,YLR324W,0,-5.7318377,0.09452254325151443,0.7799999713897705,0.7472000122070312
YOL111C,YLL048C,0,-5.7324224,0.09451108425855637,0.7799999713897705,0.7473000288009644
YLR256W,YNL136W,1,-5.7324405,0.09462078660726547,0.781000018119812,0.7473000288009644
YPL235W,YMR091C,1,-5.7325945,0.09473046660423279,0.7820000052452087,0.7473000288009644
YKL145W,YDR198C,0,-5.732613,0.09471899271011353,0.7820000052452087,0.7473999857902527
YDR120C,YKL045W,0,-5.733275,0.09470751881599426,0.7820000052452087,0.7475000023841858
YLR371W,YNL160W,0,-5.7334924,0.0946960523724556,0.7820000052452087,0.7476000189781189
YBR223C,YPR055W,0,-5.733579,0.09468458592891693,0.7820000052452087,0.7476999759674072
YHR209W,YLR209C,0,-5.7335978,0.09467312693595886,0.7820000052452087,0.7477999925613403
YGR082W,YLR151C,0,-5.733928,0.0946616604924202,0.7820000052452087,0.7479000091552734
YGR209C,YKL045W,0,-5.7341857,0.09465020895004272,0.7820000052452087,0.7480000257492065
YER046W,YKL189W,0,-5.7342515,0.09463874995708466,0.7820000052452087,0.7480999827384949
YGR191W,YIL020C,0,-5.7345414,0.09462729841470718,0.7820000052452087,0.748199999332428
YJR072C,YLR389C,0,-5.734661,0.09461584687232971,0.7820000052452087,0.7483000159263611
YOR081C,YDL056W,0,-5.7352242,0.09460440278053284,0.7820000052452087,0.7483999729156494
YGR214W,YKL019W,0,-5.735227,0.09459295868873596,0.7820000052452087,0.7484999895095825
YDR200C,YPR118W,0,-5.736823,0.09458152204751968,0.7820000052452087,0.7486000061035156
YOR353C,YEL026W,0,-5.7370043,0.09457007795572281,0.7820000052452087,0.7487000226974487
YER183C,YNL159C,0,-5.737104,0.09455864876508713,0.7820000052452087,0.7487999796867371
YPL043W,YGR225W,0,-5.7373405,0.09454721212387085,0.7820000052452087,0.7488999962806702
YHR072W,YOL039W,0,-5.737691,0.09453578293323517,0.7820000052452087,0.7490000128746033
YBR252W,YMR275C,0,-5.7379646,0.09452435374259949,0.7820000052452087,0.7491000294685364
YGR082W,YKR100C,0,-5.7382684,0.0945129320025444,0.7820000052452087,0.7491999864578247
YFR037C,YFL021W,1,-5.7392383,0.09462235867977142,0.7829999923706055,0.7491999864578247
YPR054W,YFR025C,0,-5.739516,0.09461092203855515,0.7829999923706055,0.7493000030517578
YMR006C,YLR314C,0,-5.739665,0.09459949284791946,0.7829999923706055,0.7494000196456909
YMR060C,YOR332W,0,-5.7397466,0.09458806365728378,0.7829999923706055,0.7494999766349792
YEL042W,YJL129C,0,-5.739829,0.0945766419172287,0.7829999923706055,0.7495999932289124
YOL091W,YOR307C,0,-5.7398925,0.09456522017717361,0.7829999923706055,0.7497000098228455
YLR113W,YDR183W,1,-5.741092,0.09467455744743347,0.7839999794960022,0.7497000098228455
YLR075W,YKR055W,0,-5.7413797,0.09466312825679779,0.7839999794960022,0.7498000264167786
YEL022W,YBR169C,0,-5.741526,0.09465169906616211,0.7839999794960022,0.7498999834060669
YBR065C,YDR079W,0,-5.7416472,0.09464026987552643,0.7839999794960022,0.75
YDR313C,YLR006C,0,-5.7418118,0.09462884813547134,0.7839999794960022,0.7501000165939331
YML121W,YIR039C,0,-5.742882,0.09461742639541626,0.7839999794960022,0.7501999735832214
YDL224C,YOR205C,0,-5.742914,0.09460601210594177,0.7839999794960022,0.7502999901771545
YMR052W,YKL007W,0,-5.7430463,0.09459459781646729,0.7839999794960022,0.7504000067710876
YFL048C,YER036C,0,-5.743303,0.0945831835269928,0.7839999794960022,0.7505000233650208
YKL048C,YLR092W,0,-5.7433605,0.09457177668809891,0.7839999794960022,0.7505999803543091
YGL020C,YKR002W,0,-5.7440166,0.09456036984920502,0.7839999794960022,0.7506999969482422
YMR217W,YGR083C,0,-5.7441216,0.09454896301031113,0.7839999794960022,0.7508000135421753
YMR009W,YJL072C,0,-5.744452,0.09453756362199783,0.7839999794960022,0.7508999705314636
YNL326C,YMR228W,0,-5.744943,0.09452616423368454,0.7839999794960022,0.7509999871253967
YIL047C,YDR037W,0,-5.7450833,0.09451476484537125,0.7839999794960022,0.7511000037193298
YFL056C,YFL004W,0,-5.745406,0.09450337290763855,0.7839999794960022,0.7512000203132629
YNL081C,YPL166W,0,-5.7455707,0.09449198842048645,0.7839999794960022,0.7512999773025513
YHR201C,YDL188C,0,-5.74626,0.09448059648275375,0.7839999794960022,0.7513999938964844
YIL097W,YHL032C,0,-5.746304,0.09446921199560165,0.7839999794960022,0.7515000104904175
YOR273C,YMR152W,0,-5.7468324,0.09445783495903015,0.7839999794960022,0.7516000270843506
YIL018W,YHR091C,0,-5.7470164,0.09444645047187805,0.7839999794960022,0.7516999840736389
YPL243W,YNL218W,0,-5.7475243,0.09443507343530655,0.7839999794960022,0.751800000667572
YBR290W,YOL110W,0,-5.747727,0.09442370384931564,0.7839999794960022,0.7519000172615051
YFL029C,YGL044C,0,-5.748201,0.09441233426332474,0.7839999794960022,0.7519999742507935
YNL249C,YKR028W,0,-5.7484555,0.09440096467733383,0.7839999794960022,0.7520999908447266
YMR039C,YKR038C,1,-5.748523,0.09450999647378922,0.7850000262260437,0.7520999908447266
YER093C,YBL031W,0,-5.7486734,0.09449861198663712,0.7850000262260437,0.7522000074386597
YDR092W,YKL155C,0,-5.7486863,0.09448724240064621,0.7850000262260437,0.7523000240325928
YLR258W,YAL044C,0,-5.7488894,0.0944758728146553,0.7850000262260437,0.7523999810218811
YOR229W,YKR001C,0,-5.749049,0.0944645032286644,0.7850000262260437,0.7524999976158142
YER105C,YOL093W,0,-5.749103,0.09445313364267349,0.7850000262260437,0.7526000142097473
YPL242C,YJL178C,0,-5.749222,0.09444177150726318,0.7850000262260437,0.7526999711990356
YGL223C,YMR060C,0,-5.749627,0.09443040937185287,0.7850000262260437,0.7527999877929688
YKR049C,YKL126W,0,-5.75024,0.09441905468702316,0.7850000262260437,0.7529000043869019
YHR134W,YOR096W,0,-5.750257,0.09440770000219345,0.7850000262260437,0.753000020980835
YFL029C,YDL202W,0,-5.7508297,0.09439634531736374,0.7850000262260437,0.7530999779701233
YER159C,YPR025C,1,-5.751541,0.09450522810220718,0.7860000133514404,0.7530999779701233
YMR268C,YLR067C,0,-5.751605,0.09449386596679688,0.7860000133514404,0.7531999945640564
YDR237W,YKR095W,0,-5.7519298,0.09448251128196716,0.7860000133514404,0.7533000111579895
YMR038C,YJL008C,0,-5.7520757,0.09447115659713745,0.7860000133514404,0.7534000277519226
YBR026C,YNL003C,0,-5.7521586,0.09445980191230774,0.7860000133514404,0.7534999847412109
YKL218C,YBR015C,0,-5.752214,0.09444844722747803,0.7860000133514404,0.753600001335144
YGR082W,YKR083C,0,-5.7525334,0.09443709999322891,0.7860000133514404,0.7537000179290771
YDR300C,YPR113W,0,-5.7525773,0.0944257602095604,0.7860000133514404,0.7537999749183655
YPR180W,YDL195W,0,-5.7526355,0.09441441297531128,0.7860000133514404,0.7538999915122986
YOR001W,YBR030W,0,-5.752645,0.09440307319164276,0.7860000133514404,0.7540000081062317
YPR191W,YLR369W,0,-5.7531323,0.09439174085855484,0.7860000133514404,0.7541000247001648
YNR008W,YDL001W,0,-5.7533584,0.09438040107488632,0.7860000133514404,0.7541999816894531
YOL019W,YJL221C,0,-5.7536387,0.0943690687417984,0.7860000133514404,0.7542999982833862
YOR242C,YLR360W,0,-5.753699,0.09435774385929108,0.7860000133514404,0.7544000148773193
YPL249C-A,YKR055W,0,-5.7538757,0.09434641897678375,0.7860000133514404,0.7544999718666077
YOL021C,YBR127C,0,-5.756043,0.09433509409427643,0.7860000133514404,0.7545999884605408
YOR255W,YJL117W,0,-5.7560654,0.0943237766623497,0.7860000133514404,0.7547000050544739
YGR282C,YKL119C,0,-5.7561007,0.09431245177984238,0.7860000133514404,0.754800021648407
YKR065C,YDL090C,0,-5.756212,0.09430114179849625,0.7860000133514404,0.7548999786376953
YOL038W,YJR045C,0,-5.7571425,0.09428982436656952,0.7860000133514404,0.7549999952316284
YGR198W,YJR161C,0,-5.7572246,0.09427851438522339,0.7860000133514404,0.7551000118255615
YIL156W,YOR084W,0,-5.757231,0.09426721185445786,0.7860000133514404,0.7552000284194946
YIL078W,YJL063C,0,-5.75746,0.09425590932369232,0.7860000133514404,0.755299985408783
YKL180W,YDR297W,0,-5.7575593,0.09424460679292679,0.7860000133514404,0.7554000020027161
YBR142W,YER069W,0,-5.757658,0.09423330426216125,0.7860000133514404,0.7555000185966492
YHR064C,YKL175W,0,-5.7577634,0.09422200918197632,0.7860000133514404,0.7555999755859375
YFL002C,YDL195W,0,-5.7580595,0.09421071410179138,0.7860000133514404,0.7556999921798706
YOL018C,YDL212W,0,-5.758361,0.09419942647218704,0.7860000133514404,0.7558000087738037
YGL155W,YPL057C,0,-5.758901,0.0941881388425827,0.7860000133514404,0.7559000253677368
YHR079C,YOR261C,0,-5.758949,0.09417685121297836,0.7860000133514404,0.7559999823570251
YKL122C,YLL061W,0,-5.759348,0.09416557103395462,0.7860000133514404,0.7560999989509583
YLL043W,YGR208W,0,-5.759478,0.09415429085493088,0.7860000133514404,0.7562000155448914
YKR034W,YJL052W,0,-5.759487,0.09414301067590714,0.7860000133514404,0.7562999725341797
YER031C,YLR209C,0,-5.759707,0.09413173794746399,0.7860000133514404,0.7563999891281128
YPR051W,YNR023W,0,-5.760422,0.09412046521902084,0.7860000133514404,0.7565000057220459
YAL001C,YMR072W,0,-5.7607236,0.0941091924905777,0.7860000133514404,0.756600022315979
YLR246W,YMR140W,0,-5.760805,0.09409792721271515,0.7860000133514404,0.7566999793052673
YBL037W,YOR069W,0,-5.760871,0.0940866619348526,0.7860000133514404,0.7567999958992004
YBR188C,YBR048W,0,-5.76101,0.09407540410757065,0.7860000133514404,0.7569000124931335
YPL145C,YHR103W,0,-5.7615037,0.0940641462802887,0.7860000133514404,0.7570000290870667
YIL046W,YPR133W-A,0,-5.762219,0.09405288845300674,0.7860000133514404,0.757099986076355
YKL057C,YDR247W,0,-5.7623186,0.09404163807630539,0.7860000133514404,0.7572000026702881
YNL131W,YCR002C,0,-5.7625403,0.09403038769960403,0.7860000133514404,0.7573000192642212
YJL039C,YOR261C,0,-5.7630124,0.09401913732290268,0.7860000133514404,0.7573999762535095
YOR367W,YLR437C,0,-5.7631135,0.09400789439678192,0.7860000133514404,0.7574999928474426
YOL122C,YPR043W,0,-5.7632785,0.09399665147066116,0.7860000133514404,0.7576000094413757
YKL198C,YNL168C,0,-5.763371,0.0939854085445404,0.7860000133514404,0.7577000260353088
YBR135W,YCR073W-A,0,-5.763377,0.09397417306900024,0.7860000133514404,0.7577999830245972
YDR245W,YBR155W,0,-5.7638,0.09396293759346008,0.7860000133514404,0.7578999996185303
YHR091C,YAL039C,0,-5.765635,0.09395170956850052,0.7860000133514404,0.7580000162124634
YML130C,YGR253C,0,-5.766081,0.09394048154354095,0.7860000133514404,0.7580999732017517
YLL060C,YLR034C,0,-5.766138,0.09392925351858139,0.7860000133514404,0.7581999897956848
YDL128W,YNL053W,0,-5.766235,0.09391803294420242,0.7860000133514404,0.7583000063896179
YDR093W,YMR067C,0,-5.7668695,0.09390681236982346,0.7860000133514404,0.758400022983551
YDL240W,YDR359C,0,-5.7670226,0.09389559179544449,0.7860000133514404,0.7584999799728394
YFR009W,YFR046C,0,-5.7678943,0.09388437867164612,0.7860000133514404,0.7585999965667725
YIL134W,YDL235C,0,-5.768247,0.09387316554784775,0.7860000133514404,0.7587000131607056
YGR159C,YLR185W,0,-5.7687306,0.09386195242404938,0.7860000133514404,0.7588000297546387
YOR058C,YIL133C,0,-5.76887,0.0938507467508316,0.7860000133514404,0.758899986743927
YNR015W,YMR194W,0,-5.769023,0.09383954107761383,0.7860000133514404,0.7590000033378601
YJR084W,YJL201W,0,-5.7694664,0.09382834285497665,0.7860000133514404,0.7591000199317932
YHR083W,YDL197C,0,-5.76947,0.09381713718175888,0.7860000133514404,0.7591999769210815
YNL145W,YHR001W-A,0,-5.7697425,0.0938059464097023,0.7860000133514404,0.7592999935150146
YML091C,YDR190C,1,-5.7699447,0.09391408413648605,0.7870000004768372,0.7592999935150146
YPL085W,YDR354W,0,-5.7702556,0.09390287846326828,0.7870000004768372,0.7594000101089478
YGL070C,YPL129W,1,-5.7706184,0.09401097893714905,0.7879999876022339,0.7594000101089478
YLR151C,YHR204W,0,-5.7707286,0.09399975836277008,0.7879999876022339,0.7595000267028809
YBR058C,YJR021C,0,-5.770886,0.09398855268955231,0.7879999876022339,0.7595999836921692
YNL147W,YCR020C,0,-5.7711177,0.09397733956575394,0.7879999876022339,0.7597000002861023
YIR033W,YHL020C,1,-5.771152,0.09408538043498993,0.7889999747276306,0.7597000002861023
YOR187W,YLR090W,0,-5.771318,0.09407415986061096,0.7889999747276306,0.7598000168800354
YCL066W,YFR037C,1,-5.771919,0.09418216347694397,0.7900000214576721,0.7598000168800354
YOR067C,YHR068W,0,-5.772465,0.0941709354519844,0.7900000214576721,0.7598999738693237
YPL183W-A,YHR114W,0,-5.772654,0.09415971487760544,0.7900000214576721,0.7599999904632568
YOR045W,YIL041W,0,-5.7728925,0.09414849430322647,0.7900000214576721,0.7601000070571899
YML124C,YBR161W,0,-5.773032,0.0941372737288475,0.7900000214576721,0.760200023651123
YJR019C,YBR151W,0,-5.773545,0.09412606060504913,0.7900000214576721,0.7602999806404114
YBR055C,YKL189W,0,-5.7736917,0.09411484748125076,0.7900000214576721,0.7603999972343445
YLR310C,YOR075W,0,-5.773704,0.09410363435745239,0.7900000214576721,0.7605000138282776
YLR199C,YMR062C,0,-5.7741275,0.09409242868423462,0.7900000214576721,0.7605999708175659
YOR226C,YHR106W,0,-5.7745385,0.09408122301101685,0.7900000214576721,0.760699987411499
YPL074W,YBL080C,0,-5.775048,0.09407001733779907,0.7900000214576721,0.7608000040054321
YDR471W,YFR045W,0,-5.775162,0.0940588191151619,0.7900000214576721,0.7609000205993652
YFL017C,YEL024W,0,-5.7752743,0.09404762089252472,0.7900000214576721,0.7609999775886536
YNR032W,YCR088W,0,-5.7754874,0.09403642266988754,0.7900000214576721,0.7610999941825867
YOR299W,YER090W,0,-5.775989,0.09402523189783096,0.7900000214576721,0.7612000107765198
YNL041C,YGR174C,0,-5.777155,0.09401404112577438,0.7900000214576721,0.7613000273704529
YMR152W,YKL161C,0,-5.777798,0.0940028578042984,0.7900000214576721,0.7613999843597412
YOL088C,YDL065C,0,-5.777941,0.09399167448282242,0.7900000214576721,0.7615000009536743
YPL259C,YKL046C,0,-5.778025,0.09398049116134644,0.7900000214576721,0.7616000175476074
YBR107C,YNL258C,0,-5.7780375,0.09396930783987045,0.7900000214576721,0.7616999745368958
YDR530C,YDR483W,0,-5.778109,0.09395813196897507,0.7900000214576721,0.7617999911308289
YIL156W,YOR125C,0,-5.7783313,0.09394696354866028,0.7900000214576721,0.761900007724762
YPL074W,YOR196C,0,-5.7788277,0.09393578767776489,0.7900000214576721,0.7620000243186951
YPR086W,YDR146C,1,-5.7791934,0.09404351562261581,0.7910000085830688,0.7620000243186951
YGR027C,YLR289W,0,-5.7791963,0.09403233230113983,0.7910000085830688,0.7620999813079834
YDR382W,YPL174C,0,-5.7799,0.09402115643024445,0.7910000085830688,0.7621999979019165
YKL112W,YMR033W,1,-5.780323,0.09412883222103119,0.7919999957084656,0.7621999979019165
YOL149W,YLR116W,0,-5.7807827,0.0941176488995552,0.7919999957084656,0.7623000144958496
YDL207W,YBL105C,0,-5.781083,0.09410646557807922,0.7919999957084656,0.7623999714851379
YGR289C,YNL062C,0,-5.7812,0.09409528225660324,0.7919999957084656,0.762499988079071
YNL294C,YDL018C,0,-5.781916,0.09408410638570786,0.7919999957084656,0.7626000046730042
YDR528W,YGR077C,0,-5.782147,0.09407293051481247,0.7919999957084656,0.7627000212669373
YGR121C,YLR313C,0,-5.7827253,0.09406175464391708,0.7919999957084656,0.7627999782562256
YML091C,YKL043W,1,-5.782803,0.09416934102773666,0.7929999828338623,0.7627999782562256
YLL018C,YNL093W,0,-5.7829537,0.09415815770626068,0.7929999828338623,0.7628999948501587
YLR051C,YGL032C,0,-5.7831645,0.0941469818353653,0.7929999828338623,0.7630000114440918
YJL133W,YNL094W,0,-5.783193,0.09413580596446991,0.7929999828338623,0.7631000280380249
YDR268W,YDR037W,0,-5.78356,0.09412463009357452,0.7929999828338623,0.7631999850273132
YER080W,YGR034W,0,-5.783605,0.09411346167325974,0.7929999828338623,0.7633000016212463
YML063W,YMR252C,0,-5.7840905,0.09410229325294495,0.7929999828338623,0.7634000182151794
YBL090W,YGL195W,0,-5.7843566,0.09409112483263016,0.7929999828338623,0.7634999752044678
YPR094W,YIL020C,0,-5.784368,0.09407996386289597,0.7929999828338623,0.7635999917984009
YOR360C,YML001W,0,-5.785319,0.09406880289316177,0.7929999828338623,0.763700008392334
YPL210C,YMR308C,0,-5.7854757,0.09405764192342758,0.7929999828338623,0.7638000249862671
YPL244C,YCR073W-A,0,-5.785943,0.09404648840427399,0.7929999828338623,0.7638999819755554
YGL095C,YJL002C,0,-5.785949,0.09403533488512039,0.7929999828338623,0.7639999985694885
YEL066W,YMR132C,0,-5.7861433,0.0940241888165474,0.7929999828338623,0.7641000151634216
YEL071W,YDL217C,0,-5.786147,0.0940130427479744,0.7929999828338623,0.76419997215271
YER017C,YIL098C,0,-5.786471,0.0940018966794014,0.7929999828338623,0.7642999887466431
YLR141W,YDR006C,0,-5.786692,0.093990758061409,0.7929999828338623,0.7644000053405762
YGL200C,YDL131W,0,-5.786725,0.0939796194434166,0.7929999828338623,0.7645000219345093
YGR081C,YBR252W,0,-5.7867527,0.0939684808254242,0.7929999828338623,0.7645999789237976
YDR404C,YBR215W,1,-5.786817,0.09407582879066467,0.7940000295639038,0.7645999789237976
YOL124C,YER026C,0,-5.7872767,0.09406468272209167,0.7940000295639038,0.7646999955177307
YGL005C,YBR261C,0,-5.787565,0.09405354410409927,0.7940000295639038,0.7648000121116638
YMR199W,YJR151C,0,-5.7875724,0.09404240548610687,0.7940000295639038,0.7649000287055969
YDR071C,YDL064W,0,-5.787749,0.09403126686811447,0.7940000295639038,0.7649999856948853
YGL180W,YMR132C,0,-5.7877717,0.09402012825012207,0.7940000295639038,0.7651000022888184
YOL005C,YGL073W,1,-5.7877784,0.09412739425897598,0.7950000166893005,0.7651000022888184
YLR164W,YEL055C,0,-5.788095,0.09411625564098358,0.7950000166893005,0.7652000188827515
YNL127W,YHR216W,0,-5.7888246,0.09410511702299118,0.7950000166893005,0.7652999758720398
YBR265W,YDL015C,0,-5.7892184,0.09409397840499878,0.7950000166893005,0.7653999924659729
YJR009C,YLR292C,0,-5.7894454,0.09408283978700638,0.7950000166893005,0.765500009059906
YMR002W,YNL265C,0,-5.7895603,0.09407170861959457,0.7950000166893005,0.7656000256538391
YER050C,YOR096W,0,-5.789746,0.09406057745218277,0.7950000166893005,0.7656999826431274
YMR270C,YML086C,0,-5.789943,0.09404944628477097,0.7950000166893005,0.7657999992370605
YPR086W,YMR021C,1,-5.7899647,0.09415661543607712,0.7960000038146973,0.7657999992370605
YNL094W,YGL125W,0,-5.7902617,0.09414547681808472,0.7960000038146973,0.7659000158309937
YMR138W,YLR209C,0,-5.7902837,0.09413434565067291,0.7960000038146973,0.765999972820282
YER004W,YLR074C,0,-5.790487,0.09412321448326111,0.7960000038146973,0.7660999894142151
YOR167C,YMR198W,0,-5.790874,0.0941120833158493,0.7960000038146973,0.7662000060081482
YBR083W,YLR033W,1,-5.7909226,0.09421917796134949,0.796999990940094,0.7662000060081482
YPR186C,YDR284C,0,-5.7913475,0.09420803934335709,0.796999990940094,0.7663000226020813
YFL021W,YPR072W,1,-5.7919397,0.09431508928537369,0.7979999780654907,0.7663000226020813
YMR025W,YDR098C,0,-5.792204,0.09430395066738129,0.7979999780654907,0.7663999795913696
YDR369C,YOR175C,0,-5.79297,0.09429280459880829,0.7979999780654907,0.7664999961853027
YDR194C,YGR046W,0,-5.7933183,0.09428166598081589,0.7979999780654907,0.7666000127792358
YIL041W,YEL051W,0,-5.7935495,0.09427052736282349,0.7979999780654907,0.766700029373169
YDR216W,YDR451C,1,-5.7939496,0.09437751024961472,0.7990000247955322,0.766700029373169
YHR002W,YMR192W,0,-5.794561,0.09436636418104172,0.7990000247955322,0.7667999863624573
YOR391C,YJL008C,0,-5.7946577,0.09435521811246872,0.7990000247955322,0.7669000029563904
YDR173C,YDR190C,1,-5.795811,0.09446215629577637,0.800000011920929,0.7669000029563904
YDL225W,YHR010W,0,-5.796249,0.09445100277662277,0.800000011920929,0.7670000195503235
YHR216W,YDL184C,0,-5.796807,0.09443985670804977,0.800000011920929,0.7670999765396118
YBR265W,YOR290C,0,-5.797133,0.09442870318889618,0.800000011920929,0.7671999931335449
YGL151W,YOL067C,1,-5.797732,0.09453558176755905,0.8009999990463257,0.7671999931335449
YLL043W,YHR133C,0,-5.7979007,0.09452442824840546,0.8009999990463257,0.767300009727478
YGR185C,YKL210W,0,-5.7979054,0.09451327472925186,0.8009999990463257,0.7674000263214111
YOL156W,YJL154C,0,-5.798172,0.09450212121009827,0.8009999990463257,0.7674999833106995
YPR093C,YOL141W,0,-5.7985253,0.09449097514152527,0.8009999990463257,0.7675999999046326
YDL060W,YGL158W,0,-5.798536,0.09447982907295227,0.8009999990463257,0.7677000164985657
YNL068C,YLR418C,1,-5.7987723,0.09458662569522858,0.8019999861717224,0.7677000164985657
YBR008C,YGL211W,0,-5.7988114,0.09457547217607498,0.8019999861717224,0.767799973487854
YGL257C,YKL095W,0,-5.7989974,0.09456431865692139,0.8019999861717224,0.7678999900817871
YDL143W,YML005W,0,-5.799415,0.09455317258834839,0.8019999861717224,0.7680000066757202
YML095C,YPL087W,0,-5.799421,0.09454202651977539,0.8019999861717224,0.7681000232696533
YGR295C,YBR302C,0,-5.7994485,0.09453088045120239,0.8019999861717224,0.7681999802589417
YDR019C,YLR427W,0,-5.799605,0.09451974183320999,0.8019999861717224,0.7682999968528748
YJL016W,YLR043C,0,-5.799929,0.09450860321521759,0.8019999861717224,0.7684000134468079
YDR268W,YNL135C,0,-5.800098,0.09449746459722519,0.8019999861717224,0.7684999704360962
YML019W,YKL173W,0,-5.8002534,0.09448633342981339,0.8019999861717224,0.7685999870300293
YLR025W,YGL017W,0,-5.8005114,0.09447520226240158,0.8019999861717224,0.7687000036239624
YPL051W,YCL030C,0,-5.80067,0.09446407854557037,0.8019999861717224,0.7688000202178955
YMR302C,YNL159C,0,-5.801083,0.09445294737815857,0.8019999861717224,0.7688999772071838
YDR331W,YHR053C,0,-5.801704,0.09444183111190796,0.8019999861717224,0.7689999938011169
YCL050C,YKL103C,0,-5.801968,0.09443070739507675,0.8019999861717224,0.76910001039505
YGL071W,YLR449W,1,-5.8029757,0.09453731775283813,0.8029999732971191,0.76910001039505
YDR007W,YOL110W,0,-5.8037653,0.09452619403600693,0.8029999732971191,0.7692000269889832
YHR099W,YDR289C,1,-5.8040237,0.09463276714086533,0.8040000200271606,0.7692000269889832
YOR391C,YMR246W,0,-5.804471,0.09462162852287292,0.8040000200271606,0.7692999839782715
YBR245C,YGR206W,0,-5.804491,0.09461049735546112,0.8040000200271606,0.7694000005722046
YLR292C,YJL122W,0,-5.804548,0.09459936618804932,0.8040000200271606,0.7695000171661377
YBL011W,YOR217W,0,-5.8046317,0.09458823502063751,0.8040000200271606,0.769599974155426
YOR184W,YER008C,0,-5.804834,0.0945771113038063,0.8040000200271606,0.7696999907493591
YNL177C,YIL099W,0,-5.805053,0.0945659875869751,0.8040000200271606,0.7698000073432922
YDL231C,YEL044W,0,-5.805429,0.09455486387014389,0.8040000200271606,0.7699000239372253
YPL178W,YMR097C,0,-5.805508,0.09454374760389328,0.8040000200271606,0.7699999809265137
YBR143C,YAR071W,0,-5.805547,0.09453263133764267,0.8040000200271606,0.7700999975204468
YNL249C,YPR040W,0,-5.805549,0.09452151507139206,0.8040000200271606,0.7702000141143799
YIL123W,YEL044W,0,-5.8057947,0.09451040625572205,0.8040000200271606,0.7702999711036682
YJL063C,YBR018C,0,-5.8058834,0.09449929744005203,0.8040000200271606,0.7703999876976013
YDL076C,YPR164W,0,-5.8064313,0.09448818862438202,0.8040000200271606,0.7705000042915344
YPR120C,YIL004C,0,-5.8064466,0.0944770872592926,0.8040000200271606,0.7706000208854675
YOR128C,YCR005C,0,-5.8070035,0.09446598589420319,0.8040000200271606,0.7706999778747559
YHR084W,YMR021C,1,-5.807018,0.09457236528396606,0.8050000071525574,0.7706999778747559
YDR174W,YPL181W,0,-5.8070197,0.09456125646829605,0.8050000071525574,0.770799994468689
YOR193W,YKR006C,0,-5.807778,0.09455015510320663,0.8050000071525574,0.7709000110626221
YOR249C,YAL009W,0,-5.808154,0.09453904628753662,0.8050000071525574,0.7710000276565552
YDL070W,YKL059C,0,-5.808675,0.0945279449224472,0.8050000071525574,0.7710999846458435
YGL139W,YIL015W,0,-5.80901,0.09451685100793839,0.8050000071525574,0.7712000012397766
YIL160C,YGL111W,0,-5.8092475,0.09450574964284897,0.8050000071525574,0.7713000178337097
YBL007C,YDL003W,0,-5.8101387,0.09449465572834015,0.8050000071525574,0.771399974822998
YMR233W,YKR071C,0,-5.810323,0.09448356926441193,0.8050000071525574,0.7714999914169312
YOR128C,YFR008W,0,-5.81033,0.0944724828004837,0.8050000071525574,0.7716000080108643
YMR233W,YGR084C,0,-5.8110843,0.09446139633655548,0.8050000071525574,0.7717000246047974
YOR323C,YAR002W,0,-5.8110905,0.09445030987262726,0.8050000071525574,0.7717999815940857
YDR251W,YMR323W,0,-5.811134,0.09443923085927963,0.8050000071525574,0.7718999981880188
YAL058W,YMR282C,0,-5.8115487,0.094428151845932,0.8050000071525574,0.7720000147819519
YHR152W,YEL053C,0,-5.8117194,0.09441708028316498,0.8050000071525574,0.7720999717712402
YGL071W,YGR116W,1,-5.8119855,0.09452328085899353,0.8059999942779541,0.7720999717712402
YPR030W,YPR104C,1,-5.8120008,0.09462945908308029,0.8069999814033508,0.7720999717712402
YGL020C,YFL049W,0,-5.8120112,0.09461835771799088,0.8069999814033508,0.7721999883651733
YDR277C,YDR058C,0,-5.812629,0.09460727125406265,0.8069999814033508,0.7723000049591064
YNL298W,YLL039C,0,-5.8131585,0.09459617733955383,0.8069999814033508,0.7724000215530396
YOR284W,YBR024W,0,-5.8132277,0.09458509087562561,0.8069999814033508,0.7724999785423279
YGL053W,YDR170C,0,-5.813262,0.09457400441169739,0.8069999814033508,0.772599995136261
YOR210W,YDR301W,1,-5.813454,0.09468010067939758,0.8080000281333923,0.772599995136261
YGR118W,YIL158W,0,-5.8135066,0.09466900676488876,0.8080000281333923,0.7727000117301941
YGL221C,YMR230W,0,-5.8135223,0.09465792030096054,0.8080000281333923,0.7728000283241272
YNL010W,YOL082W,0,-5.813676,0.09464683383703232,0.8080000281333923,0.7728999853134155
YBL003C,YHR021C,0,-5.814136,0.0946357473731041,0.8080000281333923,0.7730000019073486
YAR014C,YLR151C,0,-5.814939,0.09462466090917587,0.8080000281333923,0.7731000185012817
YBR208C,YDR299W,0,-5.814946,0.09461358189582825,0.8080000281333923,0.7731999754905701
YPR120C,YNL104C,0,-5.8154283,0.09460250288248062,0.8080000281333923,0.7732999920845032
YPL140C,YKL084W,0,-5.815491,0.09459143131971359,0.8080000281333923,0.7734000086784363
YBR202W,YCR046C,0,-5.8156667,0.09458035975694656,0.8080000281333923,0.7735000252723694
YBR106W,YHR191C,0,-5.8157372,0.09456928819417953,0.8080000281333923,0.7735999822616577
YGL092W,YJL154C,0,-5.816132,0.0945582240819931,0.8080000281333923,0.7736999988555908
YPL105C,YDR074W,0,-5.8171206,0.09454715996980667,0.8080000281333923,0.7738000154495239
YER016W,YIL043C,0,-5.817292,0.09453609585762024,0.8080000281333923,0.7738999724388123
YOR016C,YGR286C,0,-5.817585,0.09452503174543381,0.8080000281333923,0.7739999890327454
YLR292C,YDL097C,0,-5.8180027,0.09451397508382797,0.8080000281333923,0.7741000056266785
YGR239C,YPL130W,0,-5.8191614,0.09450292587280273,0.8080000281333923,0.7742000222206116
YJL165C,YDR050C,0,-5.819262,0.0944918692111969,0.8080000281333923,0.7742999792098999
YBL011W,YGL189C,0,-5.8195076,0.09448082000017166,0.8080000281333923,0.774399995803833
YGR129W,YPR063C,0,-5.819676,0.09446977823972702,0.8080000281333923,0.7745000123977661
YNL252C,YDL197C,0,-5.819697,0.09445873647928238,0.8080000281333923,0.7746000289916992
YOL100W,YPL001W,0,-5.819867,0.09444769471883774,0.8080000281333923,0.7746999859809875
YHR190W,YPR173C,0,-5.819935,0.0944366529583931,0.8080000281333923,0.7748000025749207
YDR204W,YHR059W,0,-5.8199787,0.09442561864852905,0.8080000281333923,0.7749000191688538
YHR072W,YFR047C,0,-5.8203425,0.09441458433866501,0.8080000281333923,0.7749999761581421
YAL007C,YPL281C,0,-5.8205376,0.09440355002880096,0.8080000281333923,0.7750999927520752
YBR286W,YNL135C,0,-5.8205724,0.09439252316951752,0.8080000281333923,0.7752000093460083
YBR262C,YGL190C,0,-5.820602,0.09438149631023407,0.8080000281333923,0.7753000259399414
YJL003W,YDR076W,0,-5.8212023,0.09437047690153122,0.8080000281333923,0.7753999829292297
YNR002C,YMR136W,0,-5.8215113,0.09435945004224777,0.8080000281333923,0.7754999995231628
YOR027W,YJR074W,0,-5.822127,0.09434843808412552,0.8080000281333923,0.775600016117096
YDR404C,YHL027W,1,-5.82272,0.09445417672395706,0.8090000152587891,0.775600016117096
YJR096W,YOR294W,0,-5.823114,0.09444314986467361,0.8090000152587891,0.7756999731063843
YOR123C,YPR052C,1,-5.8233457,0.09454885125160217,0.8100000023841858,0.7756999731063843
YMR081C,YNL077W,0,-5.824205,0.09453781694173813,0.8100000023841858,0.7757999897003174
YEL006W,YKL096W-A,0,-5.8243303,0.09452678263187408,0.8100000023841858,0.7759000062942505
YDR034C,YOR023C,0,-5.8244243,0.09451575577259064,0.8100000023841858,0.7760000228881836
YGR260W,YIL107C,0,-5.8244596,0.09450472891330719,0.8100000023841858,0.7760999798774719
YOR193W,YLR295C,0,-5.8252826,0.09449370205402374,0.8100000023841858,0.776199996471405
YNL207W,YOR232W,0,-5.8254313,0.0944826751947403,0.8100000023841858,0.7763000130653381
YNL241C,YLR038C,0,-5.8258653,0.09447165578603745,0.8100000023841858,0.7764000296592712
YPL070W,YGL040C,0,-5.825986,0.09446064382791519,0.8100000023841858,0.7764999866485596
YDL108W,YIL036W,1,-5.826266,0.0945662334561348,0.8109999895095825,0.7764999866485596
YLR268W,YBR118W,0,-5.8264647,0.09455520659685135,0.8109999895095825,0.7766000032424927
YDR118W,YIL013C,0,-5.8267407,0.0945441797375679,0.8109999895095825,0.7767000198364258
YBR106W,YDR076W,0,-5.8268704,0.09453316032886505,0.8109999895095825,0.7767999768257141
YGR166W,YBR179C,0,-5.826925,0.0945221409201622,0.8109999895095825,0.7768999934196472
YGR230W,YNL215W,0,-5.8269973,0.09451112896203995,0.8109999895095825,0.7770000100135803
YOL128C,YDL234C,0,-5.827089,0.0945001170039177,0.8109999895095825,0.7771000266075134
YDR051C,YHR199C,0,-5.82721,0.09448910504579544,0.8109999895095825,0.7771999835968018
YDL031W,YKL156W,0,-5.827447,0.09447810053825378,0.8109999895095825,0.7773000001907349
YBL093C,YIL036W,1,-5.827672,0.09458357840776443,0.8119999766349792,0.7773000001907349
YBR050C,YMR021C,1,-5.8278184,0.0946890264749527,0.8130000233650208,0.7773000001907349
YIL131C,YMR039C,1,-5.827846,0.09479445964097977,0.8140000104904175,0.7773000001907349
YMR173W,YML034W,0,-5.827993,0.09478341788053513,0.8140000104904175,0.777400016784668
YOR303W,YKL157W,0,-5.828741,0.09477238357067108,0.8140000104904175,0.7774999737739563
YNR034W,YCR084C,0,-5.8288145,0.09476134926080704,0.8140000104904175,0.7775999903678894
YDL238C,YML064C,0,-5.8289027,0.09475032240152359,0.8140000104904175,0.7777000069618225
YJL006C,YGR214W,0,-5.829386,0.09473929554224014,0.8140000104904175,0.7778000235557556
YNR020C,YNL064C,0,-5.8309574,0.0947282686829567,0.8140000104904175,0.777899980545044
YGR275W,YMR172W,1,-5.8316646,0.094833604991436,0.8149999976158142,0.777899980545044
YKL004W,YLR293C,0,-5.8317704,0.09482257068157196,0.8149999976158142,0.777999997138977
YBR281C,YOL165C,0,-5.831836,0.09481154382228851,0.8149999976158142,0.7781000137329102
YMR286W,YJL096W,0,-5.8318567,0.09480050951242447,0.8149999976158142,0.7781999707221985
YHR208W,YBR056W,0,-5.832307,0.09478948265314102,0.8149999976158142,0.7782999873161316
YER114C,YGL167C,0,-5.8328185,0.09477846324443817,0.8149999976158142,0.7784000039100647
YDL185W,YPL258C,0,-5.8329334,0.09476744383573532,0.8149999976158142,0.7785000205039978
YER116C,YAL025C,0,-5.8335185,0.09475642442703247,0.8149999976158142,0.7785999774932861
YGL001C,YDR334W,0,-5.8351254,0.09474540501832962,0.8149999976158142,0.7786999940872192
YML095C,YGR062C,0,-5.8355327,0.09473439306020737,0.8149999976158142,0.7788000106811523
YNL215W,YPL169C,0,-5.8358483,0.09472338110208511,0.8149999976158142,0.7789000272750854
YML064C,YHR070W,0,-5.8359113,0.09471237659454346,0.8149999976158142,0.7789999842643738
YOL005C,YML069W,1,-5.8377547,0.09481757134199142,0.8159999847412109,0.7789999842643738
YOR116C,YML081C-A,0,-5.838116,0.09480655193328857,0.8159999847412109,0.7791000008583069
YDR471W,YPR173C,0,-5.8386545,0.09479553997516632,0.8159999847412109,0.77920001745224
YDR497C,YLR026C,0,-5.838902,0.09478452801704407,0.8159999847412109,0.7792999744415283
YBR035C,YBL004W,0,-5.839124,0.09477351605892181,0.8159999847412109,0.7793999910354614
YPL218W,YJL219W,0,-5.839222,0.09476251155138016,0.8159999847412109,0.7795000076293945
YNL001W,YNL209W,0,-5.839356,0.0947515070438385,0.8159999847412109,0.7796000242233276
YLR059C,YLR396C,0,-5.8396516,0.09474050998687744,0.8159999847412109,0.779699981212616
YJR050W,YBR163W,0,-5.8396993,0.09472951292991638,0.8159999847412109,0.7797999978065491
YOR071C,YBR052C,0,-5.8398833,0.09471851587295532,0.8159999847412109,0.7799000144004822
YGL110C,YNL261W,0,-5.839954,0.09470751881599426,0.8159999847412109,0.7799999713897705
YOR370C,YKR048C,0,-5.8403525,0.0946965292096138,0.8159999847412109,0.7800999879837036
YNL268W,YNR020C,0,-5.8404856,0.09468553960323334,0.8159999847412109,0.7802000045776367
YDL116W,YBR014C,0,-5.841065,0.09467455744743347,0.8159999847412109,0.7803000211715698
YHR168W,YHL029C,0,-5.841065,0.0946635752916336,0.8159999847412109,0.7803999781608582
YER093C,YHR011W,0,-5.8413057,0.09465259313583374,0.8159999847412109,0.7804999947547913
YLR129W,YAL054C,0,-5.841458,0.09464161098003387,0.8159999847412109,0.7806000113487244
YDL201W,YGL123W,0,-5.842363,0.0946306362748146,0.8159999847412109,0.7807000279426575
YOL116W,YJL047C,0,-5.842439,0.09461966902017593,0.8159999847412109,0.7807999849319458
YOR081C,YPR124W,0,-5.8427167,0.09460869431495667,0.8159999847412109,0.7809000015258789
YOL006C,YML015C,1,-5.843022,0.09471365809440613,0.8169999718666077,0.7809000015258789
YOR175C,YPL043W,0,-5.8431125,0.09470267593860626,0.8169999718666077,0.781000018119812
YLR071C,YOL006C,1,-5.843144,0.09480760246515274,0.8180000185966492,0.781000018119812
YGL223C,YKL122C,0,-5.8431935,0.09479661285877228,0.8180000185966492,0.7810999751091003
YFL062W,YOR213C,0,-5.843309,0.09478563070297241,0.8180000185966492,0.7811999917030334
YOR367W,YPR132W,0,-5.8435745,0.09477464854717255,0.8180000185966492,0.7813000082969666
YGL232W,YNL099C,0,-5.844292,0.09476366639137268,0.8180000185966492,0.7814000248908997
YHR046C,YLR090W,0,-5.845745,0.09475269168615341,0.8180000185966492,0.781499981880188
YDR382W,YER173W,0,-5.8465767,0.09474171698093414,0.8180000185966492,0.7815999984741211
YOR328W,YLL048C,0,-5.846589,0.09473074972629547,0.8180000185966492,0.7817000150680542
YDR022C,YMR318C,0,-5.847435,0.0947197750210762,0.8180000185966492,0.7817999720573425
YKL135C,YOR370C,0,-5.847835,0.09470880776643753,0.8180000185966492,0.7818999886512756
YGR173W,YHL033C,0,-5.8485107,0.09469784796237946,0.8180000185966492,0.7820000052452087
YDR457W,YOL038W,0,-5.8491426,0.09468688815832138,0.8180000185966492,0.7821000218391418
YOR339C,YKL007W,0,-5.8493104,0.0946759283542633,0.8180000185966492,0.7821999788284302
YBR040W,YDL083C,0,-5.8493943,0.09466496855020523,0.8180000185966492,0.7822999954223633
YHR079C,YOR026W,0,-5.8498588,0.09465401619672775,0.8180000185966492,0.7824000120162964
YOR045W,YNL124W,0,-5.8499575,0.09464306384325027,0.8180000185966492,0.7825000286102295
YGR030C,YLR100W,0,-5.8506737,0.0946321114897728,0.8180000185966492,0.7825999855995178
YJL061W,YPL206C,0,-5.850987,0.09462116658687592,0.8180000185966492,0.7827000021934509
YER139C,YDL054C,0,-5.8517137,0.09461022168397903,0.8180000185966492,0.782800018787384
YLR234W,YBL026W,0,-5.8518786,0.09459928423166275,0.8180000185966492,0.7828999757766724
YGR233C,YDR007W,0,-5.8523726,0.09458834677934647,0.8180000185966492,0.7829999923706055
YPL106C,YER006W,0,-5.8525453,0.09457740932703018,0.8180000185966492,0.7831000089645386
YPL232W,YNL073W,0,-5.8527985,0.0945664718747139,0.8180000185966492,0.7832000255584717
YDL015C,YNL083W,0,-5.853131,0.09455554187297821,0.8180000185966492,0.78329998254776
YNR050C,YBR272C,0,-5.853159,0.09454461187124252,0.8180000185966492,0.7833999991416931
YPL042C,YOR151C,1,-5.8536353,0.09464925527572632,0.8190000057220459,0.7833999991416931
YNL227C,YOR110W,0,-5.853778,0.09463831782341003,0.8190000057220459,0.7835000157356262
YLR179C,YDR297W,0,-5.8541117,0.09462738037109375,0.8190000057220459,0.7835999727249146
YDR236C,YAL053W,0,-5.855001,0.09461645036935806,0.8190000057220459,0.7836999893188477
YOL091W,YGR209C,0,-5.855471,0.09460552036762238,0.8190000057220459,0.7838000059127808
YCL034W,YLR242C,0,-5.855739,0.09459459781646729,0.8190000057220459,0.7839000225067139
YMR234W,YJL063C,0,-5.855954,0.0945836678147316,0.8190000057220459,0.7839999794960022
YMR312W,YPL177C,1,-5.8564734,0.09468822181224823,0.8199999928474426,0.7839999794960022
YNL042W,YGL173C,0,-5.856623,0.09467729181051254,0.8199999928474426,0.7840999960899353
YKL087C,YIL117C,0,-5.857599,0.09466636180877686,0.8199999928474426,0.7842000126838684
YPR028W,YDL070W,0,-5.858663,0.09465543180704117,0.8199999928474426,0.7843000292778015
YHR038W,YLL058W,0,-5.8596163,0.09464450925588608,0.8199999928474426,0.7843999862670898
YMR309C,YGR085C,0,-5.8597045,0.09463358670473099,0.8199999928474426,0.784500002861023
YOL059W,YLL039C,0,-5.859936,0.0946226641535759,0.8199999928474426,0.784600019454956
YNL100W,YOR362C,0,-5.8606944,0.0946117490530014,0.8199999928474426,0.7846999764442444
YDR206W,YJL100W,0,-5.861025,0.09460083395242691,0.8199999928474426,0.7847999930381775
YOR180C,YGR229C,0,-5.861498,0.09458991885185242,0.8199999928474426,0.7849000096321106
YOR197W,YNL023C,0,-5.8617387,0.09457901120185852,0.8199999928474426,0.7850000262260437
YMR284W,YPR088C,0,-5.862207,0.09456810355186462,0.8199999928474426,0.785099983215332
YDR512C,YOL089C,1,-5.8636785,0.09467250853776932,0.8209999799728394,0.785099983215332
YLR348C,YHR001W-A,0,-5.8642187,0.09466159343719482,0.8209999799728394,0.7851999998092651
YLR167W,YHR142W,0,-5.8652625,0.09465067833662033,0.8209999799728394,0.7853000164031982
YLR399C,YBR273C,0,-5.865269,0.09463977068662643,0.8209999799728394,0.7853999733924866
YNL073W,YKL214C,0,-5.865791,0.09462886303663254,0.8209999799728394,0.7854999899864197
YGL144C,YDR405W,0,-5.866073,0.09461795538663864,0.8209999799728394,0.7856000065803528
YBR146W,YOL025W,0,-5.866162,0.09460705518722534,0.8209999799728394,0.7857000231742859
YGR044C,YBR049C,1,-5.866592,0.09471137076616287,0.8220000267028809,0.7857000231742859
YBR241C,YNR038W,0,-5.866818,0.09470046311616898,0.8220000267028809,0.7857999801635742
YDR404C,YLR005W,1,-5.8670955,0.09480474889278412,0.8230000138282776,0.7857999801635742
YDR354W,YBL017C,0,-5.8672147,0.09479382634162903,0.8230000138282776,0.7858999967575073
YDR179C,YML013W,0,-5.86735,0.09478291124105453,0.8230000138282776,0.7860000133514404
YOL039W,YLR395C,0,-5.867375,0.09477199614048004,0.8230000138282776,0.7860999703407288
YKR100C,YNL117W,0,-5.8673816,0.09476108103990555,0.8230000138282776,0.7861999869346619
YGR104C,YBR154C,1,-5.8678374,0.09486529976129532,0.8240000009536743,0.7861999869346619
YLR016C,YJR022W,0,-5.867912,0.09485437721014023,0.8240000009536743,0.786300003528595
YPL224C,YNL038W,0,-5.8684587,0.09484346210956573,0.8240000009536743,0.7864000201225281
YBR036C,YKL006C-A,0,-5.8689275,0.09483254700899124,0.8240000009536743,0.7864999771118164
YOR057W,YBL060W,0,-5.8701277,0.09482163190841675,0.8240000009536743,0.7865999937057495
YDR237W,YLR138W,0,-5.870829,0.09481072425842285,0.8240000009536743,0.7867000102996826
YBR107C,YDR137W,0,-5.8710017,0.09479981660842896,0.8240000009536743,0.7868000268936157
YPR187W,YCL067C,1,-5.872981,0.09490394592285156,0.824999988079071,0.7868000268936157
YDR181C,YAL048C,0,-5.87321,0.09489303082227707,0.824999988079071,0.786899983882904
YDR371W,YBR171W,0,-5.874759,0.09488211572170258,0.824999988079071,0.7870000004768372
YJR094W-A,YGL059W,0,-5.8748755,0.09487120807170868,0.824999988079071,0.7871000170707703
YIL138C,YLL043W,0,-5.87524,0.09486029297113419,0.824999988079071,0.7871999740600586
YBR210W,YER005W,0,-5.875688,0.09484939277172089,0.824999988079071,0.7872999906539917
YML120C,YJL054W,0,-5.8759623,0.09483848512172699,0.824999988079071,0.7874000072479248
YGL245W,YNL016W,0,-5.8762097,0.09482758492231369,0.824999988079071,0.7875000238418579
YKL156W,YLR221C,0,-5.876298,0.09481668472290039,0.824999988079071,0.7875999808311462
YPL144W,YNR050C,0,-5.8763585,0.09480579197406769,0.824999988079071,0.7876999974250793
YML075C,YOR226C,0,-5.8770466,0.09479489922523499,0.824999988079071,0.7878000140190125
YGR044C,YJR140C,1,-5.877656,0.09489889442920685,0.8259999752044678,0.7878000140190125
YPL112C,YER175C,0,-5.8789253,0.09488799422979355,0.8259999752044678,0.7878999710083008
YOL018C,YCL017C,0,-5.8794036,0.09487709403038025,0.8259999752044678,0.7879999876022339
YPR179C,YKL024C,0,-5.879562,0.09486620128154755,0.8259999752044678,0.788100004196167
YBR265W,YNL042W,0,-5.880037,0.09485530853271484,0.8259999752044678,0.7882000207901001
YAL035W,YDR108W,0,-5.8802466,0.09484441578388214,0.8259999752044678,0.7882999777793884
YDR189W,YBR142W,0,-5.8802958,0.09483352303504944,0.8259999752044678,0.7883999943733215
YIL013C,YLL027W,0,-5.880497,0.09482263773679733,0.8259999752044678,0.7885000109672546
YDR143C,YMR173W,0,-5.880694,0.09481175243854523,0.8259999752044678,0.7886000275611877
YNR036C,YCR008W,0,-5.880796,0.09480087459087372,0.8259999752044678,0.7886999845504761
YPL069C,YOR027W,0,-5.8810287,0.09478999674320221,0.8259999752044678,0.7888000011444092
YPL078C,YER073W,0,-5.88204,0.0947791188955307,0.8259999752044678,0.7889000177383423
YDR516C,YIR033W,1,-5.8833094,0.09488297253847122,0.8270000219345093,0.7889000177383423
YPR041W,YCL017C,0,-5.883797,0.09487208724021912,0.8270000219345093,0.7889999747276306
YLR183C,YER148W,1,-5.8838353,0.09497591108083725,0.828000009059906,0.7889999747276306
YJR068W,YDR027C,0,-5.884168,0.09496501833200455,0.828000009059906,0.7890999913215637
YNL079C,YLR340W,0,-5.8846383,0.09495412558317184,0.828000009059906,0.7892000079154968
YOL020W,YLR209C,0,-5.886186,0.09494324028491974,0.828000009059906,0.7893000245094299
YGR181W,YGL210W,0,-5.8862195,0.09493235498666763,0.828000009059906,0.7893999814987183
YOR109W,YKR014C,0,-5.8863454,0.09492146968841553,0.828000009059906,0.7894999980926514
YHR070W,YGR014W,0,-5.8874106,0.09491059184074402,0.828000009059906,0.7896000146865845
YKL094W,YER024W,0,-5.8874774,0.09489971399307251,0.828000009059906,0.7896999716758728
YDR363W-A,YAL016W,0,-5.887497,0.094888836145401,0.828000009059906,0.7897999882698059
YNL047C,YDL185W,0,-5.887816,0.09487796574831009,0.828000009059906,0.789900004863739
YLR337C,YNL123W,0,-5.8888907,0.09486709535121918,0.828000009059906,0.7900000214576721
YDL124W,YLR333C,0,-5.888944,0.09485622495412827,0.828000009059906,0.7900999784469604
YNL244C,YFR027W,0,-5.889132,0.09484536200761795,0.828000009059906,0.7901999950408936
YDR294C,YEL066W,0,-5.8906198,0.09483449906110764,0.828000009059906,0.7903000116348267
YHR104W,YML051W,0,-5.8908,0.09482363611459732,0.828000009059906,0.7904000282287598
YNL117W,YBR034C,0,-5.8911185,0.0948127806186676,0.828000009059906,0.7904999852180481
YGR097W,YBL032W,0,-5.8911357,0.09480192512273788,0.828000009059906,0.7906000018119812
YMR243C,YER093C,0,-5.8917203,0.09479106962680817,0.828000009059906,0.7907000184059143
YIL011W,YMR174C,0,-5.891965,0.09478022158145905,0.828000009059906,0.7907999753952026
YIL125W,YBL014C,0,-5.892044,0.09476937353610992,0.828000009059906,0.7908999919891357
YDR478W,YKL013C,0,-5.892147,0.0947585254907608,0.828000009059906,0.7910000085830688
YPL193W,YJL029C,0,-5.892161,0.09474768489599228,0.828000009059906,0.791100025177002
YMR319C,YDR098C,0,-5.8922653,0.09473684430122375,0.828000009059906,0.7911999821662903
YOR063W,YIR036C,0,-5.8925047,0.09472600370645523,0.828000009059906,0.7912999987602234
YHR103W,YBR230C,0,-5.892738,0.0947151705622673,0.828000009059906,0.7914000153541565
YLR047C,YOR187W,0,-5.8928785,0.09470433741807938,0.828000009059906,0.7914999723434448
YKL178C,YGL147C,0,-5.893003,0.09469350427389145,0.828000009059906,0.7915999889373779
YLL018C,YCR018C,0,-5.893022,0.09468267858028412,0.828000009059906,0.791700005531311
YNL172W,YOR069W,0,-5.8931947,0.09467185288667679,0.828000009059906,0.7918000221252441
YGL064C,YLR044C,0,-5.89337,0.09466102719306946,0.828000009059906,0.7918999791145325
YKL146W,YBR024W,0,-5.8934875,0.09465020895004272,0.828000009059906,0.7919999957084656
YBL025W,YOR185C,0,-5.894923,0.09463939070701599,0.828000009059906,0.7921000123023987
YPR188C,YJL106W,0,-5.894935,0.09462857246398926,0.828000009059906,0.7922000288963318
YDR168W,YCR083W,0,-5.8955164,0.09461776167154312,0.828000009059906,0.7922999858856201
YNL056W,YML104C,0,-5.8958063,0.09460694342851639,0.828000009059906,0.7924000024795532
YBL054W,YHR195W,0,-5.8958344,0.09459614008665085,0.828000009059906,0.7925000190734863
YFR001W,YMR217W,0,-5.8966937,0.09458532929420471,0.828000009059906,0.7925999760627747
YPL010W,YCL017C,0,-5.897105,0.09457452595233917,0.828000009059906,0.7926999926567078
YOR334W,YBR230C,0,-5.8972316,0.09456373006105423,0.828000009059906,0.7928000092506409
YER179W,YJR049C,0,-5.8973994,0.09455292671918869,0.828000009059906,0.792900025844574
YJL196C,YHR050W,0,-5.89766,0.09454213082790375,0.828000009059906,0.7929999828338623
YHL003C,YKR003W,0,-5.8979635,0.0945313423871994,0.828000009059906,0.7930999994277954
YIR004W,YIR034C,0,-5.898248,0.09452054649591446,0.828000009059906,0.7932000160217285
YGL209W,YER068W,1,-5.898797,0.09462390094995499,0.8289999961853027,0.7932000160217285
YDL121C,YOL031C,0,-5.898857,0.09461310505867004,0.8289999961853027,0.7932999730110168
YHR188C,YDL161W,0,-5.8995147,0.0946023017168045,0.8289999961853027,0.79339998960495
YER139C,YCR024C,0,-5.900644,0.09459151327610016,0.8289999961853027,0.7935000061988831
YIL131C,YPL002C,1,-5.900752,0.09469480812549591,0.8299999833106995,0.7935000061988831
YLR380W,YGR088W,0,-5.9012465,0.09468400478363037,0.8299999833106995,0.7936000227928162
YGR257C,YDL182W,0,-5.9013457,0.09467320889234543,0.8299999833106995,0.7936999797821045
YOR278W,YHR165C,0,-5.9014454,0.09466240555047989,0.8299999833106995,0.7937999963760376
YIL111W,YJR036C,0,-5.901694,0.09465161710977554,0.8299999833106995,0.7939000129699707
YBR166C,YDL097C,0,-5.901697,0.0946408212184906,0.8299999833106995,0.7940000295639038
YGR027C,YDL087C,0,-5.902151,0.09463003277778625,0.8299999833106995,0.7940999865531921
YPR069C,YLR142W,0,-5.902754,0.09461924433708191,0.8299999833106995,0.7942000031471252
YKL206C,YDL185W,0,-5.903156,0.09460845589637756,0.8299999833106995,0.7943000197410583
YPL203W,YGR010W,0,-5.903215,0.09459767490625381,0.8299999833106995,0.7943999767303467
YER099C,YBR272C,0,-5.9037576,0.09458689391613007,0.8299999833106995,0.7944999933242798
YBL001C,YDR172W,0,-5.904122,0.09457612037658691,0.8299999833106995,0.7946000099182129
YLR265C,YNL265C,0,-5.905174,0.09456533938646317,0.8299999833106995,0.794700026512146
YMR100W,YNR003C,0,-5.9054446,0.09455456584692001,0.8299999833106995,0.7947999835014343
YDL226C,YMR150C,0,-5.9058175,0.09454379975795746,0.8299999833106995,0.7949000000953674
YGR260W,YMR235C,0,-5.905823,0.0945330262184143,0.8299999833106995,0.7950000166893005
YLR206W,YML051W,0,-5.906875,0.09452226758003235,0.8299999833106995,0.7950999736785889
YBL017C,YPL262W,0,-5.906889,0.0945115014910698,0.8299999833106995,0.795199990272522
YLR085C,YBL026W,0,-5.9073443,0.09450074285268784,0.8299999833106995,0.7953000068664551
YCL011C,YIR034C,0,-5.908058,0.09448998421430588,0.8299999833106995,0.7954000234603882
YNL199C,YDR190C,1,-5.9086566,0.09459305554628372,0.8309999704360962,0.7954000234603882
YCR098C,YJR083C,0,-5.90922,0.09458228945732117,0.8309999704360962,0.7954999804496765
YPR042C,YDR052C,0,-5.9094534,0.09457152336835861,0.8309999704360962,0.7955999970436096
YEL042W,YMR106C,0,-5.909674,0.09456076472997665,0.8309999704360962,0.7957000136375427
YLR361C,YKL007W,0,-5.9096794,0.0945500060915947,0.8309999704360962,0.795799970626831
YNL180C,YMR072W,0,-5.9097757,0.09453924745321274,0.8309999704360962,0.7958999872207642
YJL109C,YKR089C,0,-5.9098687,0.09452849626541138,0.8309999704360962,0.7960000038146973
YKR007W,YPR145W,0,-5.911607,0.09451774507761002,0.8309999704360962,0.7961000204086304
YHR083W,YNL108C,0,-5.9119773,0.09450699388980865,0.8309999704360962,0.7961999773979187
YGL139W,YDR373W,0,-5.9120507,0.09449625015258789,0.8309999704360962,0.7962999939918518
YFR014C,YKL067W,0,-5.913949,0.09448550641536713,0.8309999704360962,0.7964000105857849
YNR050C,YFR047C,0,-5.914061,0.09447476267814636,0.8309999704360962,0.796500027179718
YFL029C,YNL186W,0,-5.9143863,0.0944640189409256,0.8309999704360962,0.7965999841690063
YCL008C,YJR144W,0,-5.9143977,0.09445328265428543,0.8309999704360962,0.7967000007629395
YOR132W,YLR335W,0,-5.9145103,0.09444255381822586,0.8309999704360962,0.7968000173568726
YJR053W,YLR304C,0,-5.914526,0.0944318175315857,0.8309999704360962,0.7968999743461609
YDR259C,YBR154C,1,-5.914739,0.09453471004962921,0.8320000171661377,0.7968999743461609
YGL222C,YOR138C,0,-5.9149127,0.09452397376298904,0.8320000171661377,0.796999990940094
YKL020C,YBL103C,1,-5.9153905,0.09462682902812958,0.8330000042915344,0.796999990940094
YFR009W,YJL012C,0,-5.9157834,0.09461608529090881,0.8330000042915344,0.7971000075340271
YFL018C,YCL009C,0,-5.9160295,0.09460534155368805,0.8330000042915344,0.7972000241279602
YDR429C,YMR217W,0,-5.916669,0.09459459781646729,0.8330000042915344,0.7972999811172485
YJR065C,YJR082C,0,-5.917258,0.09458385407924652,0.8330000042915344,0.7973999977111816
YKL178C,YOL097C,0,-5.917866,0.09457311779260635,0.8330000042915344,0.7975000143051147
YJL165C,YNR015W,0,-5.9178996,0.09456238150596619,0.8330000042915344,0.7975999712944031
YFL046W,YLR310C,0,-5.9185777,0.09455164521932602,0.8330000042915344,0.7976999878883362
YBR097W,YBR261C,0,-5.9190106,0.09454091638326645,0.8330000042915344,0.7978000044822693
YNL272C,YNL298W,0,-5.919071,0.09453018754720688,0.8330000042915344,0.7979000210762024
YNL243W,YOR264W,0,-5.9192033,0.09451945871114731,0.8330000042915344,0.7979999780654907
YIR013C,YHR027C,0,-5.9195924,0.09450873732566833,0.8330000042915344,0.7980999946594238
YOR372C,YPL011C,1,-5.9204984,0.09461145848035812,0.8339999914169312,0.7980999946594238
YNR022C,YKL041W,0,-5.921059,0.09460072964429855,0.8339999914169312,0.7982000112533569
YPR131C,YKL042W,0,-5.9221873,0.09458999335765839,0.8339999914169312,0.79830002784729
YGL002W,YNR012W,0,-5.9225163,0.09457927197217941,0.8339999914169312,0.7983999848365784
YPR054W,YBL038W,0,-5.922554,0.09456854313611984,0.8339999914169312,0.7985000014305115
YNL068C,YPL011C,1,-5.9226675,0.09467120468616486,0.8349999785423279,0.7985000014305115
YDL095W,YMR264W,0,-5.922904,0.09466046839952469,0.8349999785423279,0.7986000180244446
YBL006C,YDR183W,1,-5.9235168,0.09476309269666672,0.8360000252723694,0.7986000180244446
YMR083W,YBL037W,0,-5.9245844,0.09475234895944595,0.8360000252723694,0.7986999750137329
YCL039W,YER005W,0,-5.925119,0.09474161267280579,0.8360000252723694,0.798799991607666
YHL048W,YBL004W,0,-5.9256215,0.09473087638616562,0.8360000252723694,0.7989000082015991
YDR045C,YMR204C,0,-5.9257483,0.09472014755010605,0.8360000252723694,0.7990000247955322
YPL112C,YJR083C,0,-5.926066,0.09470941126346588,0.8360000252723694,0.7990999817848206
YGR080W,YGL167C,0,-5.926527,0.09469868242740631,0.8360000252723694,0.7991999983787537
YGR268C,YLR292C,0,-5.9265437,0.09468796104192734,0.8360000252723694,0.7993000149726868
YGL190C,YOR042W,0,-5.926801,0.09467723965644836,0.8360000252723694,0.7993999719619751
YER122C,YOR100C,0,-5.9272656,0.09466651827096939,0.8360000252723694,0.7994999885559082
YFL058W,YPR017C,0,-5.927857,0.09465579688549042,0.8360000252723694,0.7996000051498413
YJL165C,YOR083W,0,-5.927889,0.09464508295059204,0.8360000252723694,0.7997000217437744
YPL203W,YMR170C,0,-5.928147,0.09463436901569366,0.8360000252723694,0.7997999787330627
YGR062C,YIL002C,0,-5.9284525,0.09462365508079529,0.8360000252723694,0.7998999953269958
YNL068C,YLR357W,1,-5.928679,0.09472612291574478,0.8370000123977661,0.7998999953269958
YOL028C,YKL028W,1,-5.9294367,0.09482856094837189,0.8379999995231628,0.7998999953269958
YER003C,YKL213C,0,-5.929999,0.09481783211231232,0.8379999995231628,0.800000011920929
YML018C,YLR388W,0,-5.930115,0.09480710327625275,0.8379999995231628,0.8001000285148621
YIR008C,YOR163W,0,-5.930174,0.09479638189077377,0.8379999995231628,0.8001999855041504
YLL043W,YDR494W,0,-5.9305654,0.0947856605052948,0.8379999995231628,0.8003000020980835
YOL025W,YJL054W,0,-5.930701,0.09477493911981583,0.8379999995231628,0.8004000186920166
YHL006C,YNL252C,0,-5.9312716,0.09476421773433685,0.8379999995231628,0.8004999756813049
YER061C,YNL229C,0,-5.9313993,0.09475350379943848,0.8379999995231628,0.800599992275238
YGL022W,YFL027C,0,-5.9316735,0.0947427898645401,0.8379999995231628,0.8007000088691711
YLR216C,YDR291W,0,-5.932182,0.09473208338022232,0.8379999995231628,0.8008000254631042
YCR052W,YHR143W-A,1,-5.9325786,0.09483440965414047,0.8389999866485596,0.8008000254631042
YFL031W,YOL072W,1,-5.932817,0.09493670612573624,0.8399999737739563,0.8008000254631042
YLR259C,YGL129C,0,-5.9335093,0.09492597728967667,0.8399999737739563,0.8008999824523926
YJR133W,YKL204W,0,-5.933918,0.09491525590419769,0.8399999737739563,0.8009999990463257
YBL063W,YDR500C,0,-5.933968,0.09490452706813812,0.8399999737739563,0.8011000156402588
YNL258C,YJR004C,0,-5.934183,0.09489380568265915,0.8399999737739563,0.8011999726295471
YDR354W,YHR136C,0,-5.934753,0.09488309174776077,0.8399999737739563,0.8012999892234802
YIL143C,YOR179C,1,-5.934893,0.09498531371355057,0.8410000205039978,0.8012999892234802
YHR176W,YNR012W,0,-5.9354305,0.0949745923280716,0.8410000205039978,0.8014000058174133
YER080W,YHR115C,0,-5.9356923,0.09496386349201202,0.8410000205039978,0.8015000224113464
YBR267W,YPL240C,0,-5.935759,0.09495314210653305,0.8410000205039978,0.8015999794006348
YEL054C,YOR353C,0,-5.9358907,0.09494242817163467,0.8410000205039978,0.8016999959945679
YNL069C,YNL281W,0,-5.9361634,0.0949317067861557,0.8410000205039978,0.801800012588501
YBR092C,YHR190W,0,-5.9365106,0.09492099285125732,0.8410000205039978,0.8019000291824341
YDR027C,YOR065W,0,-5.9367766,0.09491027891635895,0.8410000205039978,0.8019999861717224
YER041W,YKL009W,0,-5.9369807,0.09489957243204117,0.8410000205039978,0.8021000027656555
YOR372C,YDR501W,1,-5.937477,0.0950016900897026,0.8420000076293945,0.8021000027656555
YDR365C,YDL130W-A,0,-5.937926,0.09499097615480423,0.8420000076293945,0.8022000193595886
YLR009W,YKR006C,0,-5.9379725,0.09498026221990585,0.8420000076293945,0.802299976348877
YOR187W,YOL077C,0,-5.9385257,0.09496954828500748,0.8420000076293945,0.8023999929428101
YJR123W,YCL031C,0,-5.93858,0.0949588343501091,0.8420000076293945,0.8025000095367432
YPL190C,YDR167W,1,-5.938662,0.09506089240312576,0.8429999947547913,0.8025000095367432
YPL175W,YGR183C,0,-5.938832,0.09505017846822739,0.8429999947547913,0.8026000261306763
YFL030W,YLL039C,0,-5.9388328,0.09503945708274841,0.8429999947547913,0.8026999831199646
YIL003W,YHR039C,0,-5.938898,0.09502874314785004,0.8429999947547913,0.8027999997138977
YDR498C,YFR008W,0,-5.939387,0.09501803666353226,0.8429999947547913,0.8029000163078308
YLR008C,YKL148C,0,-5.9394236,0.09500732272863388,0.8429999947547913,0.8029999732971191
YHR174W,YEL006W,0,-5.9412074,0.0949966162443161,0.8429999947547913,0.8030999898910522
YOR286W,YMR207C,0,-5.9417634,0.09498591721057892,0.8429999947547913,0.8032000064849854
YBR035C,YOR173W,0,-5.9421387,0.09497521072626114,0.8429999947547913,0.8033000230789185
YOR341W,YJL016W,0,-5.9421444,0.09496451169252396,0.8429999947547913,0.8033999800682068
YKL084W,YPL214C,0,-5.9425354,0.09495382010936737,0.8429999947547913,0.8034999966621399
YJL014W,YNL090W,0,-5.9428425,0.09494312107563019,0.8429999947547913,0.803600013256073
YGR148C,YGR292W,0,-5.9429655,0.0949324294924736,0.8429999947547913,0.8036999702453613
YOR308C,YER008C,0,-5.9430385,0.09492174535989761,0.8429999947547913,0.8037999868392944
YBL016W,YBR094W,0,-5.9431615,0.09491105377674103,0.8429999947547913,0.8039000034332275
YFR055W,YFR050C,0,-5.9432745,0.09490036964416504,0.8429999947547913,0.8040000200271606
YHR072W,YKR088C,0,-5.9443245,0.09488969296216965,0.8429999947547913,0.804099977016449
YML009C,YIL010W,0,-5.944408,0.09487900882959366,0.8429999947547913,0.8041999936103821
YDL074C,YOL133W,0,-5.9447165,0.09486833214759827,0.8429999947547913,0.8043000102043152
YLR006C,YER122C,0,-5.944952,0.09485765546560287,0.8429999947547913,0.8044000267982483
YDR159W,YDR276C,0,-5.9451175,0.09484698623418808,0.8429999947547913,0.8044999837875366
YHL048W,YOR354C,0,-5.9456706,0.09483631700277328,0.8429999947547913,0.8046000003814697
YGR194C,YCR024C-A,0,-5.945743,0.09482564777135849,0.8429999947547913,0.8047000169754028
YGR268C,YOR229W,0,-5.9471116,0.0948149785399437,0.8429999947547913,0.8047999739646912
YER167W,YPR082C,0,-5.947125,0.0948043167591095,0.8429999947547913,0.8048999905586243
YDR337W,YCL050C,0,-5.947192,0.0947936549782753,0.8429999947547913,0.8050000071525574
YIR022W,YDL217C,0,-5.9474654,0.0947830006480217,0.8429999947547913,0.8051000237464905
YIR026C,YMR160W,0,-5.9480815,0.0947723463177681,0.8429999947547913,0.8051999807357788
YOL011W,YPR058W,0,-5.9482474,0.0947616919875145,0.8429999947547913,0.8052999973297119
YDR391C,YOL139C,0,-5.9484954,0.0947510376572609,0.8429999947547913,0.805400013923645
YDL143W,YKL144C,0,-5.9485183,0.09474039077758789,0.8429999947547913,0.8054999709129333
YKL091C,YLR121C,0,-5.9485784,0.09472974389791489,0.8429999947547913,0.8055999875068665
YLR008C,YPL017C,0,-5.94895,0.09471910446882248,0.8429999947547913,0.8057000041007996
YJL166W,YDR381W,0,-5.9490247,0.09470845758914948,0.8429999947547913,0.8058000206947327
YBR057C,YGL029W,0,-5.9494867,0.09469781816005707,0.8429999947547913,0.805899977684021
YDR294C,YMR197C,0,-5.9495797,0.09468718618154526,0.8429999947547913,0.8059999942779541
YMR139W,YBR201W,0,-5.9502115,0.09467654675245285,0.8429999947547913,0.8061000108718872
YDR457W,YBR169C,0,-5.950218,0.09466591477394104,0.8429999947547913,0.8062000274658203
YDR382W,YDR406W,0,-5.95023,0.09465529024600983,0.8429999947547913,0.8062999844551086
YDR076W,YMR194W,0,-5.9502473,0.09464465826749802,0.8429999947547913,0.8064000010490417
YLR399C,YMR205C,0,-5.95048,0.0946340337395668,0.8429999947547913,0.8065000176429749
YDR036C,YNR038W,0,-5.9512887,0.09462341666221619,0.8429999947547913,0.8065999746322632
YMR101C,YKL198C,0,-5.951726,0.09461279213428497,0.8429999947547913,0.8066999912261963
YPR188C,YNL116W,0,-5.9521627,0.09460217505693436,0.8429999947547913,0.8068000078201294
YJR064W,YOL049W,0,-5.952749,0.09459156543016434,0.8429999947547913,0.8069000244140625
YOR372C,YCR065W,1,-5.9529138,0.0946931466460228,0.843999981880188,0.8069000244140625
YKL015W,YDR289C,1,-5.952939,0.09479470551013947,0.8450000286102295,0.8069000244140625
YER072W,YJR161C,0,-5.953215,0.09478407353162766,0.8450000286102295,0.8069999814033508
YER017C,YER080W,0,-5.9537096,0.09477344155311584,0.8450000286102295,0.8070999979972839
YDR208W,YGL055W,0,-5.9537134,0.09476280957460403,0.8450000286102295,0.807200014591217
YPL053C,YDR142C,0,-5.9541817,0.09475218504667282,0.8450000286102295,0.8072999715805054
YJR084W,YGR014W,0,-5.9543657,0.09474156051874161,0.8450000286102295,0.8073999881744385
YBR215W,YPL190C,1,-5.954367,0.0948430523276329,0.8460000157356262,0.8073999881744385
YDR275W,YIL109C,0,-5.9548974,0.0948324203491211,0.8460000157356262,0.8075000047683716
YBR006W,YIL149C,0,-5.9550066,0.09482178837060928,0.8460000157356262,0.8076000213623047
YLR037C,YPL171C,0,-5.9550157,0.09481116384267807,0.8460000157356262,0.807699978351593
YML100W,YHR200W,0,-5.9551344,0.09480053931474686,0.8460000157356262,0.8077999949455261
YOR326W,YIL111W,0,-5.9553113,0.09478991478681564,0.8460000157356262,0.8079000115394592
YML065W,YHR199C,0,-5.9553623,0.09477929770946503,0.8460000157356262,0.8080000281333923
YKR100C,YKL033W,0,-5.9553885,0.09476868063211441,0.8460000157356262,0.8080999851226807
YCR038C,YLR130C,0,-5.95548,0.0947580635547638,0.8460000157356262,0.8082000017166138
YGL187C,YLL043W,0,-5.955606,0.09474745392799377,0.8460000157356262,0.8083000183105469
YER159C,YDR190C,1,-5.9559298,0.09484882652759552,0.847000002861023,0.8083000183105469
YKL060C,YKL059C,0,-5.95612,0.0948382019996643,0.847000002861023,0.8083999752998352
YDL143W,YBR054W,0,-5.956155,0.09482758492231369,0.847000002861023,0.8084999918937683
YJR010C-A,YPR103W,0,-5.956383,0.09481696784496307,0.847000002861023,0.8086000084877014
YER157W,YMR213W,0,-5.957112,0.09480635821819305,0.847000002861023,0.8087000250816345
YJR062C,YGL251C,0,-5.957125,0.09479574859142303,0.847000002861023,0.8087999820709229
YDR041W,YJL122W,0,-5.958575,0.09478513896465302,0.847000002861023,0.808899998664856
YNR034W,YPL091W,0,-5.9595704,0.094774529337883,0.847000002861023,0.8090000152587891
YDR520C,YJL136C,0,-5.960029,0.09476392716169357,0.847000002861023,0.8090999722480774
YLR254C,YLR138W,0,-5.9602876,0.09475332498550415,0.847000002861023,0.8091999888420105
YDR165W,YLR035C,0,-5.9605966,0.09474273025989532,0.847000002861023,0.8093000054359436
YKL052C,YOR236W,0,-5.960955,0.0947321355342865,0.847000002861023,0.8094000220298767
YNL224C,YHL028W,0,-5.961198,0.09472154080867767,0.847000002861023,0.809499979019165
YNL330C,YMR236W,1,-5.961421,0.09482276439666748,0.8479999899864197,0.809499979019165
YJL109C,YBR272C,0,-5.961446,0.09481216222047806,0.8479999899864197,0.8095999956130981
YDR045C,YBR002C,0,-5.961574,0.09480156749486923,0.8479999899864197,0.8097000122070312
YDR412W,YFL037W,0,-5.9620404,0.09479096531867981,0.8479999899864197,0.8098000288009644
YDR322W,YBR059C,0,-5.962128,0.09478037059307098,0.8479999899864197,0.8098999857902527
YAR003W,YGR028W,0,-5.96304,0.09476978331804276,0.8479999899864197,0.8100000023841858
YPL093W,YBL020W,0,-5.963103,0.09475918859243393,0.8479999899864197,0.8101000189781189
YKL054C,YDR400W,0,-5.963121,0.0947486013174057,0.8479999899864197,0.8101999759674072
YNL110C,YDR142C,0,-5.963123,0.09473802149295807,0.8479999899864197,0.8102999925613403
YML115C,YHR017W,0,-5.9631457,0.09472743421792984,0.8479999899864197,0.8104000091552734
YIL020C,YLR260W,0,-5.963192,0.09471685439348221,0.8479999899864197,0.8105000257492065
YBL105C,YNL261W,0,-5.963387,0.09470627456903458,0.8479999899864197,0.8105999827384949
YGR081C,YOL102C,0,-5.9636807,0.09469570219516754,0.8479999899864197,0.810699999332428
YLR175W,YML063W,0,-5.9642496,0.0946851298213005,0.8479999899864197,0.8108000159263611
YJL099W,YDR035W,0,-5.96438,0.09467455744743347,0.8479999899864197,0.8108999729156494
YIL121W,YGL222C,0,-5.9646745,0.09466398507356644,0.8479999899864197,0.8109999895095825
YNL241C,YGL113W,0,-5.9652486,0.09465342015028,0.8479999899864197,0.8111000061035156
YML046W,YOR340C,0,-5.9665704,0.09464285522699356,0.8479999899864197,0.8112000226974487
YPL213W,YKL156W,0,-5.967035,0.09463229775428772,0.8479999899864197,0.8112999796867371
YOL093W,YOR113W,0,-5.967468,0.09462173283100128,0.8479999899864197,0.8113999962806702
YOR045W,YBR228W,0,-5.967479,0.09461118280887604,0.8479999899864197,0.8115000128746033
YNL177C,YKL007W,0,-5.967638,0.0946006253361702,0.8479999899864197,0.8116000294685364
YNR054C,YJL003W,0,-5.967852,0.09459007531404495,0.8479999899864197,0.8116999864578247
YCL050C,YOL116W,0,-5.967982,0.09457952529191971,0.8479999899864197,0.8118000030517578
YPL042C,YPL011C,1,-5.968043,0.09468049556016922,0.8489999771118164,0.8118000030517578
YNL230C,YKL062W,1,-5.9684772,0.09478144347667694,0.8500000238418579,0.8118000030517578
YOR316C,YBL001C,0,-5.968557,0.0947708785533905,0.8500000238418579,0.8119000196456909
YER035W,YCL005W,0,-5.968827,0.09476031363010406,0.8500000238418579,0.8119999766349792
YJR016C,YPL169C,0,-5.969041,0.09474974870681763,0.8500000238418579,0.8120999932289124
YOR026W,YGL066W,0,-5.9692082,0.09473919123411179,0.8500000238418579,0.8122000098228455
YKL220C,YDL188C,0,-5.969667,0.09472863376140594,0.8500000238418579,0.8123000264167786
YHR065C,YMR136W,0,-5.9697156,0.0947180762887001,0.8500000238418579,0.8123999834060669
YDR079W,YJL126W,0,-5.9702325,0.09470751881599426,0.8500000238418579,0.8125
YDR202C,YDR358W,0,-5.970533,0.09469696879386902,0.8500000238418579,0.8126000165939331
YBL014C,YOR380W,0,-5.9706216,0.09468641877174377,0.8500000238418579,0.8126999735832214
YKL148C,YGR109C,0,-5.9708195,0.09467587620019913,0.8500000238418579,0.8127999901771545
YER057C,YER019C-A,0,-5.9708996,0.09466533362865448,0.8500000238418579,0.8129000067710876
YKL082C,YKL060C,0,-5.971271,0.09465479105710983,0.8500000238418579,0.8130000233650208
YOR194C,YPL002C,1,-5.9712954,0.09475559741258621,0.8510000109672546,0.8130000233650208
YKL160W,YDR516C,1,-5.9714775,0.0948563814163208,0.8519999980926514,0.8130000233650208
YNL195C,YPR118W,0,-5.971522,0.09484581649303436,0.8519999980926514,0.8130999803543091
YKL087C,YLR166C,0,-5.973011,0.09483525902032852,0.8519999980926514,0.8131999969482422
YGL254W,YPL190C,1,-5.9732747,0.09493600577116013,0.8529999852180481,0.8131999969482422
YPL028W,YNL056W,0,-5.973565,0.09492544084787369,0.8529999852180481,0.8133000135421753
YGR229C,YOR112W,0,-5.97376,0.09491487592458725,0.8529999852180481,0.8133999705314636
YBR255W,YLR027C,0,-5.9737988,0.09490431845188141,0.8529999852180481,0.8134999871253967
YDR498C,YML051W,0,-5.975061,0.09489376097917557,0.8529999852180481,0.8136000037193298
YBR253W,YOR172W,1,-5.9754024,0.0949944406747818,0.8539999723434448,0.8136000037193298
YDR268W,YOL045W,0,-5.9755692,0.09498387575149536,0.8539999723434448,0.8137000203132629
YPL026C,YOR344C,1,-5.9757066,0.09508451819419861,0.8550000190734863,0.8137000203132629
YPL245W,YER006W,0,-5.977199,0.09507394582033157,0.8550000190734863,0.8137999773025513
YLR361C,YNL315C,0,-5.9779096,0.09506337344646454,0.8550000190734863,0.8138999938964844
YPR025C,YPR052C,1,-5.9779315,0.0951639786362648,0.8560000061988831,0.8138999938964844
YMR300C,YNL039W,0,-5.977946,0.09515339881181717,0.8560000061988831,0.8140000104904175
YER022W,YLR449W,1,-5.977966,0.09525397419929504,0.8569999933242798,0.8140000104904175
YOR193W,YGL172W,0,-5.978011,0.09524338692426682,0.8569999933242798,0.8141000270843506
YNR003C,YER079W,0,-5.978016,0.09523280709981918,0.8569999933242798,0.8141999840736389
YOL094C,YBR151W,0,-5.978522,0.09522221982479095,0.8569999933242798,0.814300000667572
YPR016C,YIL008W,0,-5.9786305,0.09521164000034332,0.8569999933242798,0.8144000172615051
YGR254W,YMR013C,0,-5.9797487,0.09520106762647629,0.8569999933242798,0.8144999742507935
YHR190W,YMR077C,0,-5.979812,0.09519049525260925,0.8569999933242798,0.8145999908447266
YDR490C,YMR319C,0,-5.980391,0.09517992287874222,0.8569999933242798,0.8147000074386597
YEL042W,YNL075W,0,-5.9813085,0.09516935050487518,0.8569999933242798,0.8148000240325928
YHR074W,YJR078W,0,-5.9815774,0.09515878558158875,0.8569999933242798,0.8148999810218811
YDR462W,YLR148W,0,-5.9817996,0.09514822065830231,0.8569999933242798,0.8149999976158142
YPL243W,YAL063C,0,-5.982159,0.09513765573501587,0.8569999933242798,0.8151000142097473
YDR324C,YGR276C,0,-5.9821725,0.09512709826231003,0.8569999933242798,0.8151999711990356
YJR109C,YIL033C,0,-5.982488,0.09511654078960419,0.8569999933242798,0.8152999877929688
YER006W,YOR094W,0,-5.983294,0.09510598331689835,0.8569999933242798,0.8154000043869019
YCR060W,YDR386W,0,-5.9842687,0.0950954258441925,0.8569999933242798,0.815500020980835
YOR284W,YGR197C,0,-5.9848475,0.09508487582206726,0.8569999933242798,0.8155999779701233
YPL232W,YLR421C,0,-5.9849105,0.09507432579994202,0.8569999933242798,0.8156999945640564
YNR041C,YDR362C,0,-5.9852157,0.09506378322839737,0.8569999933242798,0.8158000111579895
YBR162C,YOR380W,0,-5.9856153,0.09505324065685272,0.8569999933242798,0.8159000277519226
YOR208W,YGL058W,0,-5.986318,0.09504269808530807,0.8569999933242798,0.8159999847412109
YIL018W,YER101C,0,-5.987388,0.09503215551376343,0.8569999933242798,0.816100001335144
YML115C,YIR024C,0,-5.9876437,0.09502162039279938,0.8569999933242798,0.8162000179290771
YDR398W,YGL125W,0,-5.9878325,0.09501108527183533,0.8569999933242798,0.8162999749183655
YDL235C,YKL175W,0,-5.9883347,0.09500055760145187,0.8569999933242798,0.8163999915122986
YOR034C,YDR376W,0,-5.988569,0.09499002248048782,0.8569999933242798,0.8165000081062317
YDR390C,YDL120W,0,-5.9885974,0.09497949481010437,0.8569999933242798,0.8166000247001648
YMR115W,YJL130C,0,-5.9886003,0.09496897459030151,0.8569999933242798,0.8166999816894531
YLR380W,YJR024C,0,-5.9886394,0.09495844691991806,0.8569999933242798,0.8167999982833862
YGR136W,YKL026C,0,-5.988891,0.0949479267001152,0.8569999933242798,0.8169000148773193
YPR034W,YGR044C,1,-5.989659,0.09504818916320801,0.8579999804496765,0.8169000148773193
YJR126C,YOL065C,0,-5.9898367,0.09503766149282455,0.8579999804496765,0.8169999718666077
YNL070W,YCR072C,0,-5.990188,0.0950271338224411,0.8579999804496765,0.8170999884605408
YCR077C,YPL040C,0,-5.990275,0.09501661360263824,0.8579999804496765,0.8172000050544739
YDL229W,YHR104W,0,-5.990633,0.09500609338283539,0.8579999804496765,0.817300021648407
YOL097C,YGL221C,0,-5.990727,0.09499557316303253,0.8579999804496765,0.8173999786376953
YHR165C,YLR295C,0,-5.9913244,0.09498505294322968,0.8579999804496765,0.8174999952316284
YBR127C,YDL212W,0,-5.9921412,0.09497454017400742,0.8579999804496765,0.8176000118255615
YIL073C,YDR361C,0,-5.9925876,0.09496402740478516,0.8579999804496765,0.8177000284194946
YGR040W,YLR308W,0,-5.9930854,0.0949535220861435,0.8579999804496765,0.817799985408783
YDR450W,YHR018C,0,-5.9932966,0.09494300931692123,0.8579999804496765,0.8179000020027161
YGR101W,YDL236W,0,-5.993913,0.09493250399827957,0.8579999804496765,0.8180000185966492
YNL136W,YJL081C,1,-5.9939876,0.09503263980150223,0.859000027179718,0.8180000185966492
YGR044C,YOL072W,1,-5.994225,0.0951327458024025,0.8600000143051147,0.8180000185966492
YPL194W,YOR084W,0,-5.9946895,0.09512221813201904,0.8600000143051147,0.8180999755859375
YBR193C,YGL244W,1,-5.9950805,0.09522229433059692,0.8610000014305115,0.8180999755859375
YIL064W,YPL123C,0,-5.995256,0.09521176666021347,0.8610000014305115,0.8181999921798706
YMR153W,YGL126W,0,-5.9954333,0.09520123898983002,0.8610000014305115,0.8183000087738037
YBR067C,YCR046C,0,-5.995525,0.09519071131944656,0.8610000014305115,0.8184000253677368
YMR205C,YNL075W,0,-5.995705,0.09518019109964371,0.8610000014305115,0.8184999823570251
YLL050C,YLR026C,0,-5.9960895,0.09516967087984085,0.8610000014305115,0.8185999989509583
YJL161W,YLL039C,0,-5.997091,0.095159150660038,0.8610000014305115,0.8187000155448914
YCR072C,YNR003C,0,-5.997165,0.09514863789081573,0.8610000014305115,0.8187999725341797
YLR406C,YBR200W,0,-5.9972215,0.09513812512159348,0.8610000014305115,0.8188999891281128
YPL187W,YBR296C,0,-5.9973974,0.09512761235237122,0.8610000014305115,0.8190000057220459
YCR048W,YAL038W,0,-5.9978194,0.09511709958314896,0.8610000014305115,0.819100022315979
YJR113C,YGL038C,0,-5.998116,0.0951065942645073,0.8610000014305115,0.8191999793052673
YCR063W,YGR286C,0,-5.99841,0.09509608894586563,0.8610000014305115,0.8192999958992004
YDL143W,YKL059C,0,-5.9994245,0.09508559107780457,0.8610000014305115,0.8194000124931335
YGR129W,YJR069C,0,-5.9995775,0.0950750857591629,0.8610000014305115,0.8195000290870667
YBR146W,YJL170C,0,-6.000085,0.09506458789110184,0.8610000014305115,0.819599986076355
YHR115C,YGL028C,0,-6.0003695,0.09505409747362137,0.8610000014305115,0.8197000026702881
YLR193C,YGR224W,0,-6.000515,0.0950435996055603,0.8610000014305115,0.8198000192642212
YGR037C,YOR136W,0,-6.0010266,0.09503310918807983,0.8610000014305115,0.8198999762535095
YDR016C,YDL018C,0,-6.0013766,0.09502262622117996,0.8610000014305115,0.8199999928474426
YER041W,YFL007W,0,-6.0018573,0.0950121358036995,0.8610000014305115,0.8201000094413757
YLR376C,YMR149W,0,-6.002389,0.09500165283679962,0.8610000014305115,0.8202000260353088
YNL038W,YIL137C,0,-6.0025244,0.09499117732048035,0.8610000014305115,0.8202999830245972
YDR075W,YJL099W,0,-6.002707,0.09498069435358047,0.8610000014305115,0.8203999996185303
YOL043C,YAL016W,0,-6.0032487,0.0949702188372612,0.8610000014305115,0.8205000162124634
YGR263C,YDR120C,0,-6.003823,0.09495974332094193,0.8610000014305115,0.8205999732017517
YDR383C,YAL007C,0,-6.0039344,0.09494927525520325,0.8610000014305115,0.8206999897956848
YKL016C,YGL240W,0,-6.004377,0.09493879973888397,0.8610000014305115,0.8208000063896179
YDL090C,YLR220W,0,-6.00521,0.0949283316731453,0.8610000014305115,0.820900022983551
YJR032W,YGL087C,0,-6.005345,0.09491787105798721,0.8610000014305115,0.8209999799728394
YGL250W,YAL023C,0,-6.006123,0.09490741044282913,0.8610000014305115,0.8210999965667725
YLL001W,YHR199C,0,-6.0062394,0.09489694982767105,0.8610000014305115,0.8212000131607056
YPL133C,YGL223C,0,-6.0066485,0.09488648921251297,0.8610000014305115,0.8213000297546387
YGR214W,YDR175C,0,-6.007043,0.09487603604793549,0.8610000014305115,0.821399986743927
YJR094C,YPR029C,0,-6.0070825,0.094865582883358,0.8610000014305115,0.8215000033378601
YGL077C,YIL062C,0,-6.007203,0.09485512971878052,0.8610000014305115,0.8216000199317932
YGR119C,YLR100W,0,-6.0072813,0.09484467655420303,0.8610000014305115,0.8216999769210815
YMR114C,YPR016C,0,-6.0074944,0.09483423084020615,0.8610000014305115,0.8217999935150146
YDL031W,YDL010W,0,-6.0076895,0.09482378512620926,0.8610000014305115,0.8219000101089478
YJR019C,YOR261C,0,-6.00772,0.09481334686279297,0.8610000014305115,0.8220000267028809
YMR194W,YBR105C,0,-6.007905,0.09480290859937668,0.8610000014305115,0.8220999836921692
YNL084C,YLR158C,0,-6.008146,0.09479247033596039,0.8610000014305115,0.8222000002861023
YHR183W,YDL127W,0,-6.0083785,0.0947820320725441,0.8610000014305115,0.8223000168800354
YNL067W,YAL023C,0,-6.008651,0.0947716012597084,0.8610000014305115,0.8223999738693237
YGL210W,YER107C,0,-6.008732,0.09476117044687271,0.8610000014305115,0.8224999904632568
YJR025C,YBR131W,0,-6.0088296,0.09475073963403702,0.8610000014305115,0.8226000070571899
YGR271C-A,YPR033C,0,-6.009402,0.09474031627178192,0.8610000014305115,0.822700023651123
YMR113W,YGR191W,0,-6.0094295,0.09472989290952682,0.8610000014305115,0.8227999806404114
YBR227C,YIL098C,0,-6.009648,0.09471946954727173,0.8610000014305115,0.8228999972343445
YBR185C,YKL130C,0,-6.009786,0.09470905363559723,0.8610000014305115,0.8230000138282776
YKL208W,YNL163C,0,-6.010388,0.09469863772392273,0.8610000014305115,0.8230999708175659
YNR056C,YCR004C,0,-6.011371,0.09468822181224823,0.8610000014305115,0.823199987411499
YGR129W,YER004W,0,-6.011468,0.09467780590057373,0.8610000014305115,0.8233000040054321
YJR008W,YAL003W,0,-6.0115767,0.09466739743947983,0.8610000014305115,0.8234000205993652
YIL023C,YGL174W,0,-6.0118976,0.09465698897838593,0.8610000014305115,0.8234999775886536
YML107C,YBR194W,0,-6.012112,0.09464658796787262,0.8610000014305115,0.8235999941825867
YEL022W,YDL128W,0,-6.012687,0.09463618695735931,0.8610000014305115,0.8237000107765198
YPR070W,YOL054W,1,-6.0127153,0.09473568201065063,0.8619999885559082,0.8237000107765198
YCR009C,YOL041C,0,-6.013682,0.09472527354955673,0.8619999885559082,0.8238000273704529
YNL112W,YPL037C,0,-6.0142093,0.09471486508846283,0.8619999885559082,0.8238999843597412
YJR109C,YEL038W,0,-6.0143137,0.09470446407794952,0.8619999885559082,0.8240000009536743
YPL173W,YLR220W,0,-6.014407,0.09469405561685562,0.8619999885559082,0.8241000175476074
YLR048W,YDR343C,0,-6.014632,0.09468365460634232,0.8619999885559082,0.8241999745368958
YIL027C,YNL009W,0,-6.014896,0.09467325359582901,0.8619999885559082,0.8242999911308289
YKR049C,YML052W,0,-6.015191,0.0946628600358963,0.8619999885559082,0.824400007724762
YMR022W,YKL103C,0,-6.015406,0.09465246647596359,0.8619999885559082,0.8245000243186951
YCL054W,YDR030C,0,-6.0154395,0.09464207291603088,0.8619999885559082,0.8245999813079834
YMR175W,YOR374W,0,-6.015456,0.09463167935609818,0.8619999885559082,0.8246999979019165
YKL015W,YDL140C,1,-6.0158544,0.09473106265068054,0.8629999756813049,0.8246999979019165
YCL067C,YKR038C,1,-6.015873,0.09483042359352112,0.8640000224113464,0.8246999979019165
YBR202W,YOR297C,0,-6.016236,0.09482001513242722,0.8640000224113464,0.8248000144958496
YGR261C,YDR125C,0,-6.016538,0.09480961412191391,0.8640000224113464,0.8248999714851379
YKL160W,YDR173C,1,-6.0168796,0.0949089303612709,0.8650000095367432,0.8248999714851379
YDR037W,YNR055C,0,-6.017401,0.094898521900177,0.8650000095367432,0.824999988079071
YLR259C,YHR051W,0,-6.018264,0.0948881059885025,0.8650000095367432,0.8251000046730042
YOR008C,YDR418W,0,-6.019291,0.0948776975274086,0.8650000095367432,0.8252000212669373
YER051W,YGR020C,0,-6.0206857,0.0948672965168953,0.8650000095367432,0.8252999782562256
YKL143W,YIR019C,0,-6.020786,0.09485689550638199,0.8650000095367432,0.8253999948501587
YOR035C,YBL001C,0,-6.0210643,0.09484649449586868,0.8650000095367432,0.8255000114440918
YOR317W,YOL123W,0,-6.021444,0.09483609348535538,0.8650000095367432,0.8256000280380249
YCR047C,YNL308C,0,-6.022384,0.09482569247484207,0.8650000095367432,0.8256999850273132
YGR260W,YNL255C,0,-6.0224385,0.09481529891490936,0.8650000095367432,0.8258000016212463
YMR318C,YHL001W,0,-6.0224967,0.09480491280555725,0.8650000095367432,0.8259000182151794
YCR048W,YDR349C,0,-6.0227714,0.09479451924562454,0.8650000095367432,0.8259999752044678
YKL064W,YLR421C,0,-6.022945,0.09478413313627243,0.8650000095367432,0.8260999917984009
YDL124W,YLR196W,0,-6.023626,0.09477374702692032,0.8650000095367432,0.826200008392334
YMR293C,YEL006W,0,-6.0237136,0.0947633683681488,0.8650000095367432,0.8263000249862671
YNL162W,YNL101W,0,-6.0237675,0.09475298225879669,0.8650000095367432,0.8263999819755554
YJR052W,YJR121W,0,-6.0239167,0.09474260360002518,0.8650000095367432,0.8264999985694885
YBR223C,YMR294W,0,-6.024543,0.09473223239183426,0.8650000095367432,0.8266000151634216
YGR134W,YBR083W,1,-6.024569,0.09483136236667633,0.8659999966621399,0.8266000151634216
YDR168W,YML093W,0,-6.0245833,0.09482097625732422,0.8659999966621399,0.82669997215271
YBR006W,YLR026C,0,-6.0263066,0.0948105975985527,0.8659999966621399,0.8267999887466431
YML128C,YJR060W,0,-6.0268083,0.09480021893978119,0.8659999966621399,0.8269000053405762
YBL105C,YJR118C,0,-6.027249,0.09478984028100967,0.8659999966621399,0.8270000219345093
YIL099W,YDR524C,0,-6.027703,0.09477946907281876,0.8659999966621399,0.8270999789237976
YOL001W,YJL192C,0,-6.027778,0.09476909786462784,0.8659999966621399,0.8271999955177307
YKR086W,YJL002C,0,-6.028305,0.09475872665643692,0.8659999966621399,0.8273000121116638
YDR439W,YNL310C,0,-6.028688,0.094748355448246,0.8659999966621399,0.8274000287055969
YOL018C,YPL214C,0,-6.0288353,0.09473799169063568,0.8659999966621399,0.8274999856948853
YER178W,YPL061W,0,-6.029335,0.09472762793302536,0.8659999966621399,0.8276000022888184
YCR083W,YIL084C,0,-6.029348,0.09471727162599564,0.8659999966621399,0.8277000188827515
YMR068W,YBL102W,0,-6.030064,0.09470691531896591,0.8659999966621399,0.8277999758720398
YBR202W,YCR079W,0,-6.0301766,0.09469655901193619,0.8659999966621399,0.8278999924659729
YGL210W,YMR274C,0,-6.031177,0.09468620270490646,0.8659999966621399,0.828000009059906
YDR253C,YDL087C,0,-6.031269,0.09467584639787674,0.8659999966621399,0.8281000256538391
YBR193C,YER159C,1,-6.0323315,0.09477481245994568,0.8669999837875366,0.8281000256538391
YMR276W,YDR170C,0,-6.0331254,0.09476445615291595,0.8669999837875366,0.8281999826431274
YGR019W,YJL005W,0,-6.033253,0.09475409984588623,0.8669999837875366,0.8282999992370605
YBR191W,YJL010C,0,-6.033261,0.0947437435388565,0.8669999837875366,0.8284000158309937
YHR143W,YPL029W,0,-6.033302,0.09473339468240738,0.8669999837875366,0.828499972820282
YML013W,YDR462W,0,-6.0339704,0.09472303837537766,0.8669999837875366,0.8285999894142151
YLR321C,YPR065W,1,-6.034405,0.09482193738222122,0.8679999709129333,0.8285999894142151
YPR065W,YBL103C,1,-6.0348496,0.0949208065867424,0.8690000176429749,0.8285999894142151
YBR179C,YGL093W,0,-6.0351195,0.09491044282913208,0.8690000176429749,0.8287000060081482
YPL160W,YHR200W,0,-6.035253,0.09490007907152176,0.8690000176429749,0.8288000226020813
YKL067W,YML120C,0,-6.035317,0.09488971531391144,0.8690000176429749,0.8288999795913696
YDL122W,YCL009C,0,-6.0354676,0.09487935155630112,0.8690000176429749,0.8289999961853027
YDR051C,YBR018C,0,-6.0357013,0.09486899524927139,0.8690000176429749,0.8291000127792358
YOL078W,YDR410C,0,-6.0358987,0.09485863894224167,0.8690000176429749,0.829200029373169
YNL111C,YOR002W,0,-6.0362043,0.09484829008579254,0.8690000176429749,0.8292999863624573
YML107C,YIL090W,0,-6.0370674,0.09483793377876282,0.8690000176429749,0.8294000029563904
YPR069C,YDR120C,0,-6.0376353,0.09482758492231369,0.8690000176429749,0.8295000195503235
YOR001W,YDL010W,0,-6.037761,0.09481723606586456,0.8690000176429749,0.8295999765396118
YBR273C,YDL188C,0,-6.0380588,0.09480689465999603,0.8690000176429749,0.8296999931335449
YIL022W,YHR008C,0,-6.0382915,0.0947965532541275,0.8690000176429749,0.829800009727478
YDR165W,YGL040C,0,-6.0385137,0.09478621184825897,0.8690000176429749,0.8299000263214111
YHR061C,YDR534C,0,-6.0385284,0.09477587789297104,0.8690000176429749,0.8299999833106995
YDR074W,YDR046C,0,-6.039527,0.09476553648710251,0.8690000176429749,0.8300999999046326
YGL143C,YLR260W,0,-6.039613,0.09475520998239517,0.8690000176429749,0.8302000164985657
YHR128W,YOL001W,0,-6.0403113,0.09474487602710724,0.8690000176429749,0.830299973487854
YCL073C,YPR033C,0,-6.0405984,0.0947345495223999,0.8690000176429749,0.8303999900817871
YNL142W,YER090W,0,-6.0410805,0.09472422301769257,0.8690000176429749,0.8305000066757202
YOR190W,YIL138C,0,-6.0419927,0.09471389651298523,0.8690000176429749,0.8306000232696533
YKL179C,YJR151C,0,-6.0423164,0.09470357745885849,0.8690000176429749,0.8306999802589417
YDR081C,YMR042W,1,-6.042732,0.09480222314596176,0.8700000047683716,0.8306999802589417
YOR198C,YDR122W,0,-6.042811,0.09479189664125443,0.8700000047683716,0.8307999968528748
YBR247C,YIL008W,0,-6.043017,0.09478157013654709,0.8700000047683716,0.8309000134468079
YLR376C,YNL186W,0,-6.0432878,0.09477124363183975,0.8700000047683716,0.8309999704360962
YGL077C,YFR036W,0,-6.043352,0.09476091712713242,0.8700000047683716,0.8310999870300293
YPR069C,YKL056C,0,-6.0440784,0.09475059807300568,0.8700000047683716,0.8312000036239624
YIR010W,YMR095C,0,-6.0447354,0.09474027901887894,0.8700000047683716,0.8313000202178955
YDL007W,YDL120W,0,-6.0459743,0.0947299674153328,0.8700000047683716,0.8313999772071838
YPR129W,YLR369W,0,-6.046124,0.09471964836120605,0.8700000047683716,0.8314999938011169
YOL135C,YHL009C,1,-6.0462623,0.09481820464134216,0.8709999918937683,0.8314999938011169
YIL121W,YPR043W,0,-6.047422,0.09480787813663483,0.8709999918937683,0.83160001039505
YCL017C,YDR079W,0,-6.048484,0.09479755908250809,0.8709999918937683,0.8317000269889832
YML092C,YOL143C,0,-6.049008,0.09478724747896194,0.8709999918937683,0.8317999839782715
YBR265W,YGL068W,0,-6.050101,0.0947769284248352,0.8709999918937683,0.8319000005722046
YDR093W,YIL164C,0,-6.0501227,0.09476661682128906,0.8709999918937683,0.8320000171661377
YHR008C,YMR281W,0,-6.050366,0.09475631266832352,0.8709999918937683,0.832099974155426
YOR031W,YDR297W,0,-6.0504794,0.09474600106477737,0.8709999918937683,0.8321999907493591
YOL102C,YNL316C,0,-6.050797,0.09473569691181183,0.8709999918937683,0.8323000073432922
YOR299W,YLR264W,0,-6.050836,0.09472539275884628,0.8709999918937683,0.8324000239372253
YDL040C,YBR132C,0,-6.0508475,0.09471509605646133,0.8709999918937683,0.8324999809265137
YKR006C,YIL136W,0,-6.0508924,0.09470479190349579,0.8709999918937683,0.8325999975204468
YKR049C,YOR074C,0,-6.051254,0.09469449520111084,0.8709999918937683,0.8327000141143799
YKL154W,YNR037C,0,-6.051478,0.09468420594930649,0.8709999918937683,0.8327999711036682
YBR279W,YBL103C,1,-6.05153,0.09478260576725006,0.871999979019165,0.8327999711036682
YML064C,YOR165W,0,-6.0516853,0.09477230906486511,0.871999979019165,0.8328999876976013
YGR010W,YDR368W,0,-6.052365,0.09476200491189957,0.871999979019165,0.8330000042915344
YDL131W,YDR142C,0,-6.0527606,0.09475170820951462,0.871999979019165,0.8331000208854675
YDR429C,YLR089C,0,-6.052776,0.09474141895771027,0.871999979019165,0.8331999778747559
YNR037C,YKL033W,0,-6.0531383,0.09473112225532532,0.871999979019165,0.833299994468689
YMR116C,YJL172W,0,-6.053662,0.09472083300352097,0.871999979019165,0.8334000110626221
YKL051W,YDR452W,0,-6.053858,0.09471054375171661,0.871999979019165,0.8335000276565552
YOL128C,YEL051W,0,-6.0540204,0.09470026195049286,0.871999979019165,0.8335999846458435
YNL118C,YLR447C,0,-6.0541615,0.0946899801492691,0.871999979019165,0.8337000012397766
YJL210W,YDL013W,0,-6.0544243,0.09467969834804535,0.871999979019165,0.8338000178337097
YHL047C,YBR106W,0,-6.0545087,0.0946694165468216,0.871999979019165,0.833899974822998
YMR277W,YLR403W,0,-6.0547576,0.09465914219617844,0.871999979019165,0.8339999914169312
YBR193C,YLR256W,1,-6.0551286,0.09475740790367126,0.8730000257492065,0.8339999914169312
YOR360C,YMR009W,0,-6.055802,0.09474712610244751,0.8730000257492065,0.8341000080108643
YER178W,YIL117C,0,-6.056016,0.09473684430122375,0.8730000257492065,0.8342000246047974
YLL038C,YPR095C,0,-6.0561852,0.0947265625,0.8730000257492065,0.8342999815940857
YOR372C,YKL015W,1,-6.056499,0.09482478350400925,0.8740000128746033,0.8342999815940857
YDL112W,YLL034C,0,-6.0565085,0.0948144942522049,0.8740000128746033,0.8343999981880188
YOL020W,YOR113W,0,-6.0575542,0.09480420500040054,0.8740000128746033,0.8345000147819519
YGL116W,YBR132C,0,-6.057939,0.09479392319917679,0.8740000128746033,0.8345999717712402
YGR184C,YDR519W,0,-6.058064,0.09478364884853363,0.8740000128746033,0.8346999883651733
YJR034W,YDR285W,0,-6.0585227,0.09477336704730988,0.8740000128746033,0.8348000049591064
YDR037W,YDR076W,0,-6.058639,0.09476309269666672,0.8740000128746033,0.8349000215530396
YDL095W,YPL029W,0,-6.058761,0.09475281834602356,0.8740000128746033,0.8349999785423279
YLR206W,YOR128C,0,-6.0588756,0.0947425439953804,0.8740000128746033,0.835099995136261
YGL002W,YJL122W,0,-6.0589476,0.09473227709531784,0.8740000128746033,0.8352000117301941
YML005W,YIL062C,0,-6.0599117,0.09472201019525528,0.8740000128746033,0.8353000283241272
YDL075W,YLL010C,0,-6.060003,0.09471174329519272,0.8740000128746033,0.8353999853134155
YBR005W,YGR276C,0,-6.0600142,0.09470148384571075,0.8740000128746033,0.8355000019073486
YLR260W,YPL214C,0,-6.060417,0.09469122439622879,0.8740000128746033,0.8356000185012817
YJR049C,YLL050C,0,-6.0604973,0.09468096494674683,0.8740000128746033,0.8356999754905701
YNL300W,YNR058W,0,-6.061522,0.09467071294784546,0.8740000128746033,0.8357999920845032
YML019W,YMR169C,0,-6.0618453,0.0946604534983635,0.8740000128746033,0.8359000086784363
YLR029C,YOL109W,0,-6.06293,0.09465020895004272,0.8740000128746033,0.8360000252723694
YAL060W,YMR170C,0,-6.063311,0.09463995695114136,0.8740000128746033,0.8360999822616577
YGR027C,YBR145W,0,-6.063312,0.09462971240282059,0.8740000128746033,0.8361999988555908
YML078W,YDL182W,0,-6.063619,0.09461946785449982,0.8740000128746033,0.8363000154495239
YNL151C,YDR341C,0,-6.0636697,0.09460922330617905,0.8740000128746033,0.8363999724388123
YLL006W,YLR181C,0,-6.063705,0.09459898620843887,0.8740000128746033,0.8364999890327454
YDR530C,YLR221C,0,-6.0643353,0.0945887416601181,0.8740000128746033,0.8366000056266785
YHR063C,YLR315W,0,-6.064693,0.09457851201295853,0.8740000128746033,0.8367000222206116
YGL054C,YMR281W,0,-6.064708,0.09456827491521835,0.8740000128746033,0.8367999792098999
YDL212W,YGL003C,0,-6.065148,0.09455804526805878,0.8740000128746033,0.836899995803833
YGL158W,YPR010C,0,-6.065347,0.0945478156208992,0.8740000128746033,0.8370000123977661
YLR043C,YOR084W,0,-6.066262,0.09453758597373962,0.8740000128746033,0.8371000289916992
YAL043C,YDR167W,1,-6.066467,0.09463551640510559,0.875,0.8371000289916992
YFR053C,YJL034W,0,-6.0679946,0.09462528675794601,0.875,0.8371999859809875
YPR057W,YER098W,0,-6.0688834,0.09461504966020584,0.875,0.8373000025749207
YLR387C,YHR060W,0,-6.0692916,0.09460482001304626,0.875,0.8374000191688538
YOR295W,YMR271C,0,-6.069652,0.09459459781646729,0.875,0.8374999761581421
YOR334W,YMR135C,0,-6.070009,0.09458436816930771,0.875,0.8375999927520752
YDR027C,YDL127W,0,-6.07017,0.09457414597272873,0.875,0.8377000093460083
YPL042C,YLR033W,1,-6.070188,0.09467200189828873,0.8759999871253967,0.8377000093460083
YBR086C,YKL019W,0,-6.0702186,0.09466176480054855,0.8759999871253967,0.8378000259399414
YMR237W,YNL053W,0,-6.0703053,0.09465154260396957,0.8759999871253967,0.8378999829292297
YFR031C,YJL052W,0,-6.071647,0.09464131295681,0.8759999871253967,0.8379999995231628
YNL258C,YOR311C,0,-6.0718927,0.09463109076023102,0.8759999871253967,0.838100016117096
YLR155C,YOL055C,0,-6.0727515,0.09462086856365204,0.8759999871253967,0.8381999731063843
YLL026W,YLL048C,0,-6.0728326,0.09461064636707306,0.8759999871253967,0.8382999897003174
YNL074C,YBR030W,0,-6.073179,0.09460043162107468,0.8759999871253967,0.8384000062942505
YPL024W,YNL272C,0,-6.0736856,0.0945902168750763,0.8759999871253967,0.8385000228881836
YOR002W,YJR036C,0,-6.074139,0.09458000212907791,0.8759999871253967,0.8385999798774719
YGR229C,YBR248C,0,-6.0745316,0.09456979483366013,0.8759999871253967,0.838699996471405
YMR098C,YCR017C,0,-6.074826,0.09455958753824234,0.8759999871253967,0.8388000130653381
YOR060C,YPL053C,0,-6.0748515,0.09454938024282455,0.8759999871253967,0.8389000296592712
YPL046C,YLR418C,1,-6.075105,0.09464709460735321,0.8769999742507935,0.8389000296592712
YKL119C,YBR077C,0,-6.0751595,0.09463687986135483,0.8769999742507935,0.8389999866485596
YIR011C,YHR004C,0,-6.0752196,0.09462667256593704,0.8769999742507935,0.8391000032424927
YKL086W,YNL312W,0,-6.0754237,0.09461646527051926,0.8769999742507935,0.8392000198364258
YHR189W,YLR077W,0,-6.07543,0.09460625797510147,0.8769999742507935,0.8392999768257141
YDR064W,YDR298C,0,-6.07546,0.09459605067968369,0.8769999742507935,0.8393999934196472
YLR298C,YLR291C,0,-6.075618,0.0945858508348465,0.8769999742507935,0.8395000100135803
YER109C,YMR083W,0,-6.076431,0.09457565099000931,0.8769999742507935,0.8396000266075134
YLL031C,YIL088C,0,-6.0764546,0.09456545114517212,0.8769999742507935,0.8396999835968018
YIL023C,YKL092C,0,-6.0765815,0.09455525875091553,0.8769999742507935,0.8398000001907349
YJR139C,YMR152W,0,-6.0772853,0.09454505890607834,0.8769999742507935,0.839900016784668
YML034W,YPR024W,0,-6.0775943,0.09453487396240234,0.8769999742507935,0.8399999737739563
YDR313C,YOR045W,0,-6.077786,0.09452468156814575,0.8769999742507935,0.8400999903678894
YGR129W,YCR004C,0,-6.07779,0.09451449662446976,0.8769999742507935,0.8402000069618225
YPR052C,YBL093C,1,-6.07801,0.09461206942796707,0.878000020980835,0.8402000069618225
YJR033C,YPL115C,0,-6.0783525,0.09460187703371048,0.878000020980835,0.8403000235557556
YPL012W,YMR017W,0,-6.0784106,0.09459168463945389,0.878000020980835,0.840399980545044
YNL059C,YLL061W,0,-6.0794954,0.0945814922451973,0.878000020980835,0.840499997138977
YGL051W,YGL173C,0,-6.0803246,0.0945713073015213,0.878000020980835,0.8406000137329102
YNL186W,YDR247W,0,-6.0804725,0.0945611223578453,0.878000020980835,0.8406999707221985
YOR306C,YGR029W,0,-6.0818067,0.09455093741416931,0.878000020980835,0.8407999873161316
YJL128C,YBR155W,0,-6.082192,0.09454075247049332,0.878000020980835,0.8409000039100647
YGL155W,YDR084C,0,-6.0822015,0.09453057497739792,0.878000020980835,0.8410000205039978
YGR084C,YPL070W,0,-6.08247,0.09452039748430252,0.878000020980835,0.8410999774932861
YNL075W,YDR359C,0,-6.0825915,0.09451022744178772,0.878000020980835,0.8411999940872192
YPL017C,YPR062W,0,-6.082808,0.09450005739927292,0.878000020980835,0.8413000106811523
YFR009W,YCL017C,0,-6.0828824,0.09448988735675812,0.878000020980835,0.8414000272750854
YMR030W,YLR183C,1,-6.0835633,0.09458732604980469,0.8790000081062317,0.8414000272750854
YMR272C,YDR334W,0,-6.084648,0.09457714855670929,0.8790000081062317,0.8414999842643738
YIL103W,YFR025C,0,-6.0847063,0.09456697106361389,0.8790000081062317,0.8416000008583069
YDR313C,YHR053C,0,-6.0848546,0.09455680102109909,0.8790000081062317,0.84170001745224
YNL185C,YER099C,0,-6.0855403,0.09454663097858429,0.8790000081062317,0.8417999744415283
YHR163W,YDL045C,0,-6.0855947,0.09453646093606949,0.8790000081062317,0.8418999910354614
YOL005C,YGR262C,1,-6.085759,0.09463383257389069,0.8799999952316284,0.8418999910354614
YMR215W,YHL047C,0,-6.085892,0.09462365508079529,0.8799999952316284,0.8420000076293945
YOR284W,YHR001W-A,0,-6.086134,0.09461348503828049,0.8799999952316284,0.8421000242233276
YNL249C,YJR014W,0,-6.086538,0.09460330754518509,0.8799999952316284,0.842199981212616
YLR084C,YMR197C,0,-6.086947,0.09459314495325089,0.8799999952316284,0.8422999978065491
YBR050C,YLR418C,1,-6.08699,0.09469045698642731,0.8809999823570251,0.8422999978065491
YML106W,YML051W,0,-6.0872035,0.09468027949333191,0.8809999823570251,0.8424000144004822
YBL024W,YGR061C,0,-6.087755,0.09467010200023651,0.8809999823570251,0.8424999713897705
YDL203C,YCR008W,0,-6.0878816,0.09465993195772171,0.8809999823570251,0.8425999879837036
YPR069C,YHR111W,0,-6.0885835,0.09464976191520691,0.8809999823570251,0.8427000045776367
YDR347W,YIR028W,0,-6.089619,0.0946395993232727,0.8809999823570251,0.8428000211715698
YML023C,YOL038W,0,-6.090533,0.0946294292807579,0.8809999823570251,0.8428999781608582
YLR372W,YMR159C,0,-6.090668,0.0946192666888237,0.8809999823570251,0.8429999947547913
YGR275W,YOR304W,1,-6.0907536,0.09471649676561356,0.8820000290870667,0.8429999947547913
YHL027W,YOR172W,1,-6.090944,0.09481370449066162,0.8830000162124634,0.8429999947547913
YOR167C,YDL225W,0,-6.091887,0.09480351954698563,0.8830000162124634,0.8431000113487244
YDR298C,YPR118W,0,-6.092133,0.09479334205389023,0.8830000162124634,0.8432000279426575
YKR039W,YDR373W,0,-6.092461,0.09478317201137543,0.8830000162124634,0.8432999849319458
YPR129W,YKR072C,0,-6.0931244,0.09477299451828003,0.8830000162124634,0.8434000015258789
YJR144W,YMR038C,0,-6.0940766,0.09476282447576523,0.8830000162124634,0.843500018119812
YER125W,YMR143W,0,-6.0946198,0.09475265443325043,0.8830000162124634,0.8435999751091003
YGR169C,YMR251W-A,0,-6.0947056,0.09474249184131622,0.8830000162124634,0.8436999917030334
YGR229C,YDL056W,0,-6.095117,0.09473232179880142,0.8830000162124634,0.8438000082969666
YER028C,YPR065W,1,-6.0952535,0.09482943266630173,0.8840000033378601,0.8438000082969666
YOR130C,YPL131W,0,-6.095294,0.09481926262378693,0.8840000033378601,0.8439000248908997
YMR272C,YOR148C,0,-6.095404,0.09480909258127213,0.8840000033378601,0.843999981880188
YLR029C,YNL054W,0,-6.0960383,0.09479892998933792,0.8840000033378601,0.8440999984741211
YMR170C,YJR074W,0,-6.0961604,0.09478875994682312,0.8840000033378601,0.8442000150680542
YPL207W,YMR298W,0,-6.0963526,0.09477859735488892,0.8840000033378601,0.8442999720573425
YKL026C,YML012W,0,-6.096742,0.09476844221353531,0.8840000033378601,0.8443999886512756
YHR065C,YER079W,0,-6.0967765,0.0947582796216011,0.8840000033378601,0.8445000052452087
YOR159C,YDL029W,0,-6.096882,0.0947481244802475,0.8840000033378601,0.8446000218391418
YMR013C,YDR237W,0,-6.0971437,0.09473796933889389,0.8840000033378601,0.8446999788284302
YGL190C,YJL115W,0,-6.0974507,0.09472782164812088,0.8840000033378601,0.8447999954223633
YMR095C,YFR050C,0,-6.097692,0.09471766650676727,0.8840000033378601,0.8449000120162964
YLR440C,YBR003W,0,-6.0980134,0.09470751881599426,0.8840000033378601,0.8450000286102295
YNL330C,YER088C,1,-6.0980844,0.09480449557304382,0.8849999904632568,0.8450000286102295
YDR110W,YKR028W,0,-6.0987606,0.09479434788227081,0.8849999904632568,0.8450999855995178
YML101C,YCL011C,0,-6.0991607,0.0947841927409172,0.8849999904632568,0.8452000021934509
YJR102C,YHR084W,1,-6.100476,0.09488113224506378,0.8859999775886536,0.8452000021934509
YJR047C,YER013W,0,-6.101022,0.09487096965312958,0.8859999775886536,0.845300018787384
YDL226C,YBR263W,0,-6.1023984,0.09486081451177597,0.8859999775886536,0.8453999757766724
YIL014W,YIL022W,0,-6.103053,0.09485065937042236,0.8859999775886536,0.8454999923706055
YPL126W,YER048C,0,-6.1032634,0.09484050422906876,0.8859999775886536,0.8456000089645386
YKL064W,YJL164C,0,-6.104428,0.09483035653829575,0.8859999775886536,0.8457000255584717
YER048C,YLR043C,0,-6.104673,0.09482020884752274,0.8859999775886536,0.84579998254776
YOR080W,YHR106W,0,-6.1050906,0.09481006115674973,0.8859999775886536,0.8458999991416931
YAL053W,YMR272C,0,-6.1052065,0.09479991346597672,0.8859999775886536,0.8460000157356262
YLR017W,YJL121C,0,-6.105404,0.0947897732257843,0.8859999775886536,0.8460999727249146
YDL040C,YDR098C,0,-6.106218,0.09477963298559189,0.8859999775886536,0.8461999893188477
YLR080W,YPR106W,0,-6.107037,0.09476949274539948,0.8859999775886536,0.8463000059127808
YNL281W,YDL130W-A,0,-6.107077,0.09475935995578766,0.8859999775886536,0.8464000225067139
YPL210C,YHR071W,0,-6.107873,0.09474922716617584,0.8859999775886536,0.8464999794960022
YMR139W,YNL047C,0,-6.108195,0.09473909437656403,0.8859999775886536,0.8465999960899353
YER004W,YBR179C,0,-6.1082644,0.09472896158695221,0.8859999775886536,0.8467000126838684
YPR065W,YBL005W,1,-6.1087174,0.09482574462890625,0.8870000243186951,0.8467000126838684
YJL061W,YPL179W,0,-6.108844,0.09481560438871384,0.8870000243186951,0.8468000292778015
YOL016C,YBL009W,0,-6.109094,0.09480547159910202,0.8870000243186951,0.8468999862670898
YOR321W,YCL029C,0,-6.109184,0.0947953388094902,0.8870000243186951,0.847000002861023
YKL193C,YMR170C,0,-6.109207,0.09478521347045898,0.8870000243186951,0.847100019454956
YOR298C-A,YDR190C,1,-6.1095934,0.09488192945718765,0.8880000114440918,0.847100019454956
YKL049C,YFR050C,0,-6.1096582,0.09487179666757584,0.8880000114440918,0.8471999764442444
YDR449C,YIL062C,0,-6.110218,0.09486165642738342,0.8880000114440918,0.8472999930381775
YAL002W,YJL138C,0,-6.1106734,0.0948515310883522,0.8880000114440918,0.8474000096321106
YNL067W,YGL087C,0,-6.1114173,0.09484139829874039,0.8880000114440918,0.8475000262260437
YPL139C,YIR015W,0,-6.111809,0.09483126550912857,0.8880000114440918,0.847599983215332
YDR325W,YCR073W-A,0,-6.1119266,0.09482114017009735,0.8880000114440918,0.8476999998092651
YNL067W,YOR349W,0,-6.1120906,0.09481102228164673,0.8880000114440918,0.8478000164031982
YFL031W,YJL081C,1,-6.11293,0.09490765631198883,0.8889999985694885,0.8478000164031982
YHL027W,YJR102C,1,-6.114186,0.09500426799058914,0.8899999856948853,0.8478000164031982
YOL120C,YDR092W,0,-6.114608,0.09499412775039673,0.8899999856948853,0.8478999733924866
YNL191W,YMR174C,0,-6.1148295,0.09498399496078491,0.8899999856948853,0.8479999899864197
YBR181C,YFL037W,0,-6.1149573,0.0949738547205925,0.8899999856948853,0.8481000065803528
YJR101W,YDR238C,0,-6.115436,0.09496372193098068,0.8899999856948853,0.8482000231742859
YKL091C,YDR035W,0,-6.115994,0.09495358914136887,0.8899999856948853,0.8482999801635742
YJL003W,YPL259C,0,-6.116323,0.09494346380233765,0.8899999856948853,0.8483999967575073
YJR156C,YGR215W,0,-6.116447,0.09493333101272583,0.8899999856948853,0.8485000133514404
YLR450W,YBR205W,0,-6.116472,0.09492320567369461,0.8899999856948853,0.8485999703407288
YHR193C,YBL085W,0,-6.116518,0.09491308778524399,0.8899999856948853,0.8486999869346619
YLL061W,YIL044C,0,-6.117421,0.09490296244621277,0.8899999856948853,0.848800003528595
YNL079C,YMR170C,0,-6.1174455,0.09489284455776215,0.8899999856948853,0.8489000201225281
YDR303C,YMR236W,1,-6.1176343,0.0949893370270729,0.890999972820282,0.8489000201225281
YMR305C,YHL001W,0,-6.1184,0.09497921168804169,0.890999972820282,0.8489999771118164
YPL011C,YKR038C,1,-6.1185484,0.09507567435503006,0.8920000195503235,0.8489999771118164
YGL070C,YGL096W,1,-6.1188374,0.09517212212085724,0.8930000066757202,0.8489999771118164
YHR071W,YLR061W,0,-6.120242,0.09516197443008423,0.8930000066757202,0.8490999937057495
YNL300W,YGL105W,0,-6.1203656,0.09515184164047241,0.8930000066757202,0.8492000102996826
YIL133C,YKL032C,0,-6.121335,0.09514170140028,0.8930000066757202,0.8493000268936157
YOR324C,YKR081C,0,-6.121694,0.09513156861066818,0.8930000066757202,0.849399983882904
YNL177C,YIL031W,0,-6.1222644,0.09512142837047577,0.8930000066757202,0.8495000004768372
YDL165W,YOL004W,1,-6.123037,0.09521780908107758,0.8939999938011169,0.8495000004768372
YHR111W,YLR404W,0,-6.1233187,0.09520766884088516,0.8939999938011169,0.8496000170707703
YNL183C,YOL143C,0,-6.1236415,0.09519752860069275,0.8939999938011169,0.8496999740600586
YML128C,YDL130W-A,0,-6.1237226,0.09518739581108093,0.8939999938011169,0.8497999906539917
YLL003W,YCL004W,0,-6.1242175,0.09517726302146912,0.8939999938011169,0.8499000072479248
YOR115C,YFL034C-B,0,-6.124277,0.0951671302318573,0.8939999938011169,0.8500000238418579
YLL031C,YLR457C,0,-6.1249113,0.09515699744224548,0.8939999938011169,0.8500999808311462
YGL103W,YCL017C,0,-6.1249685,0.09514687210321426,0.8939999938011169,0.8501999974250793
YGL197W,YKL007W,0,-6.1263833,0.09513674676418304,0.8939999938011169,0.8503000140190125
YHL001W,YPL118W,0,-6.126664,0.09512662142515182,0.8939999938011169,0.8503999710083008
YOR067C,YPL192C,0,-6.1267114,0.0951165035367012,0.8939999938011169,0.8504999876022339
YBR154C,YOR172W,1,-6.127517,0.09521276503801346,0.8949999809265137,0.8504999876022339
YOL020W,YML001W,0,-6.127957,0.09520263969898224,0.8949999809265137,0.850600004196167
YDR208W,YLR447C,0,-6.1279683,0.09519251435995102,0.8949999809265137,0.8507000207901001
YIL093C,YLR291C,0,-6.128906,0.0951823890209198,0.8949999809265137,0.8507999777793884
YGL023C,YDL097C,0,-6.129058,0.09517226368188858,0.8949999809265137,0.8508999943733215
YDR002W,YGR213C,0,-6.1292467,0.09516214579343796,0.8949999809265137,0.8510000109672546
YNL009W,YLR045C,0,-6.129321,0.09515202790498734,0.8949999809265137,0.8511000275611877
YBR022W,YOL003C,0,-6.1298695,0.09514191746711731,0.8949999809265137,0.8511999845504761
YER129W,YDL097C,0,-6.1300006,0.09513179957866669,0.8949999809265137,0.8513000011444092
YLR403W,YJR118C,0,-6.130518,0.09512168914079666,0.8949999809265137,0.8514000177383423
YGR085C,YGR192C,0,-6.1305785,0.09511158615350723,0.8949999809265137,0.8514999747276306
YPR156C,YLR127C,0,-6.130692,0.09510147571563721,0.8949999809265137,0.8515999913215637
YNL292W,YOR270C,0,-6.131022,0.09509137272834778,0.8949999809265137,0.8517000079154968
YER170W,YDR214W,0,-6.131902,0.09508126974105835,0.8949999809265137,0.8518000245094299
YNL298W,YLR213C,0,-6.1324263,0.09507117420434952,0.8949999809265137,0.8518999814987183
YGR121C,YDL195W,0,-6.132874,0.09506107121706009,0.8949999809265137,0.8519999980926514
YOR116C,YJR083C,0,-6.1329007,0.09505097568035126,0.8949999809265137,0.8521000146865845
YBR210W,YHL028W,0,-6.1331925,0.09504088014364243,0.8949999809265137,0.8521999716758728
YJR095W,YHR015W,0,-6.133206,0.09503079205751419,0.8949999809265137,0.8522999882698059
YFL034C-B,YLR438W,0,-6.1340714,0.09502070397138596,0.8949999809265137,0.852400004863739
YGR132C,YDL127W,0,-6.134623,0.09501061588525772,0.8949999809265137,0.8525000214576721
YJL177W,YOR354C,0,-6.1354494,0.09500052779912949,0.8949999809265137,0.8525999784469604
YOR118W,YNL087W,0,-6.1356196,0.09499044716358185,0.8949999809265137,0.8526999950408936
YPL244C,YGR225W,0,-6.136764,0.09498036652803421,0.8949999809265137,0.8528000116348267
YOR016C,YDR242W,0,-6.1377506,0.09497028589248657,0.8949999809265137,0.8529000282287598
YBR252W,YDR265W,0,-6.137877,0.09496021270751953,0.8949999809265137,0.8529999852180481
YDR385W,YHR001W-A,0,-6.138758,0.09495013952255249,0.8949999809265137,0.8531000018119812
YCR010C,YPR062W,0,-6.1388917,0.09494006633758545,0.8949999809265137,0.8532000184059143
YOR209C,YNL309W,0,-6.1388965,0.09492999315261841,0.8949999809265137,0.8532999753952026
YGL023C,YNL052W,0,-6.1393695,0.09491992741823196,0.8949999809265137,0.8533999919891357
YER131W,YGR234W,0,-6.1395335,0.09490986168384552,0.8949999809265137,0.8535000085830688
YHR121W,YKL004W,0,-6.1395555,0.09489979594945908,0.8949999809265137,0.853600025177002
YNL149C,YJL116C,0,-6.1396623,0.09488973766565323,0.8949999809265137,0.8536999821662903
YGL162W,YPL002C,1,-6.1397033,0.09498568624258041,0.8960000276565552,0.8536999821662903
YJL042W,YOR353C,0,-6.139873,0.09497562050819397,0.8960000276565552,0.8537999987602234
YAL022C,YNL197C,0,-6.1400332,0.09496555477380753,0.8960000276565552,0.8539000153541565
YBR253W,YGL127C,1,-6.140034,0.09506146609783173,0.8970000147819519,0.8539000153541565
YOL149W,YGR281W,0,-6.1401553,0.09505139291286469,0.8970000147819519,0.8539999723434448
YJR072C,YER098W,0,-6.140964,0.09504131972789764,0.8970000147819519,0.8540999889373779
YMR243C,YOR051C,0,-6.1409802,0.0950312539935112,0.8970000147819519,0.854200005531311
YOR193W,YML110C,0,-6.141007,0.09502118825912476,0.8970000147819519,0.8543000221252441
YDR530C,YBR073W,0,-6.1412005,0.09501112252473831,0.8970000147819519,0.8543999791145325
YHR031C,YMR072W,0,-6.1414695,0.09500105679035187,0.8970000147819519,0.8544999957084656
YBR162C,YDL234C,0,-6.1420293,0.09499099850654602,0.8970000147819519,0.8546000123023987
YGR204W,YDL210W,0,-6.1424117,0.09498094022274017,0.8970000147819519,0.8547000288963318
YDL181W,YCR069W,0,-6.143048,0.09497088193893433,0.8970000147819519,0.8547999858856201
YBL027W,YIR032C,0,-6.1436715,0.09496083110570908,0.8970000147819519,0.8549000024795532
YER155C,YDL235C,0,-6.143775,0.09495078027248383,0.8970000147819519,0.8550000190734863
YDR194C,YDR041W,0,-6.144528,0.09494072943925858,0.8970000147819519,0.8550999760627747
YDR152W,YPL179W,0,-6.1447377,0.09493067860603333,0.8970000147819519,0.8551999926567078
YGR161C,YIL103W,0,-6.145057,0.09492063522338867,0.8970000147819519,0.8553000092506409
YKR079C,YHL048W,0,-6.1454597,0.09491059184074402,0.8970000147819519,0.855400025844574
YBR107C,YJR122W,0,-6.1455884,0.09490054845809937,0.8970000147819519,0.8554999828338623
YKL135C,YNL309W,0,-6.145985,0.09489051252603531,0.8970000147819519,0.8555999994277954
YIL118W,YKL017C,0,-6.146789,0.09488047659397125,0.8970000147819519,0.8557000160217285
YER069W,YPL128C,0,-6.1479497,0.0948704406619072,0.8970000147819519,0.8557999730110168
YOR227W,YDR410C,0,-6.1482577,0.09486040472984314,0.8970000147819519,0.85589998960495
YNL229C,YLL050C,0,-6.1489844,0.09485037624835968,0.8970000147819519,0.8560000061988831
YMR319C,YHR060W,0,-6.151124,0.09484034776687622,0.8970000147819519,0.8561000227928162
YDR498C,YIL117C,0,-6.151405,0.09483031928539276,0.8970000147819519,0.8561999797821045
YOR269W,YLR100W,0,-6.1515126,0.0948202982544899,0.8970000147819519,0.8562999963760376
YDL235C,YJL115W,0,-6.15188,0.09481027722358704,0.8970000147819519,0.8564000129699707
YOR358W,YPL214C,0,-6.152559,0.09480025619268417,0.8970000147819519,0.8565000295639038
YEL047C,YHR152W,0,-6.153202,0.09479023516178131,0.8970000147819519,0.8565999865531921
YIR041W,YGR158C,0,-6.15374,0.09478022158145905,0.8970000147819519,0.8567000031471252
YOR011W,YML072C,0,-6.1552286,0.09477020800113678,0.8970000147819519,0.8568000197410583
YIL031W,YOR136W,0,-6.1552925,0.09476019442081451,0.8970000147819519,0.8568999767303467
YPR155C,YPL243W,0,-6.156735,0.09475018829107285,0.8970000147819519,0.8569999933242798
YGR033C,YPL091W,0,-6.157577,0.09474017471075058,0.8970000147819519,0.8571000099182129
YFL018C,YBL014C,0,-6.157597,0.09473016858100891,0.8970000147819519,0.857200026512146
YKL015W,YMR021C,1,-6.157863,0.09482576698064804,0.8980000019073486,0.857200026512146
YDR302W,YFL014W,0,-6.1579466,0.09481575340032578,0.8980000019073486,0.8572999835014343
YMR139W,YGR099W,0,-6.15852,0.09480573982000351,0.8980000019073486,0.8574000000953674
YDR517W,YDL033C,0,-6.158578,0.09479573369026184,0.8980000019073486,0.8575000166893005
YOR142W,YDR046C,0,-6.1587753,0.09478572756052017,0.8980000019073486,0.8575999736785889
YBR055C,YHR199C,0,-6.1595216,0.0947757288813591,0.8980000019073486,0.857699990272522
YPL028W,YBR073W,0,-6.159701,0.09476572275161743,0.8980000019073486,0.8578000068664551
YDR169C,YNL121C,0,-6.1607003,0.09475572407245636,0.8980000019073486,0.8579000234603882
YOR017W,YLR453C,0,-6.160952,0.09474572539329529,0.8980000019073486,0.8579999804496765
YDR383C,YPL262W,0,-6.161138,0.09473573416471481,0.8980000019073486,0.8580999970436096
YNL070W,YPL020C,0,-6.162194,0.09472573548555374,0.8980000019073486,0.8582000136375427
YOR210W,YOL005C,1,-6.162438,0.09482122212648392,0.8989999890327454,0.8582000136375427
YDR322C-A,YPL053C,0,-6.1635194,0.09481122344732285,0.8989999890327454,0.858299970626831
YDR471W,YLR213C,0,-6.1638083,0.09480122476816177,0.8989999890327454,0.8583999872207642
YKL151C,YDR144C,0,-6.163886,0.0947912260890007,0.8989999890327454,0.8585000038146973
YER088C,YGR186W,1,-6.164127,0.0948866605758667,0.8999999761581421,0.8585000038146973
YJR073C,YBL032W,0,-6.1641316,0.09487666189670563,0.8999999761581421,0.8586000204086304
YKL144C,YKL191W,0,-6.165052,0.09486666321754456,0.8999999761581421,0.8586999773979187
YHR098C,YPL173W,0,-6.1659756,0.09485666453838348,0.8999999761581421,0.8587999939918518
YNL128W,YDL191W,0,-6.166034,0.09484666585922241,0.8999999761581421,0.8589000105857849
YJL207C,YBR077C,0,-6.166188,0.09483666718006134,0.8999999761581421,0.859000027179718
YPR056W,YGL127C,1,-6.166274,0.09493204206228256,0.9010000228881836,0.859000027179718
YKL040C,YLR260W,0,-6.1667514,0.0949220359325409,0.9010000228881836,0.8590999841690063
YBR191W,YMR070W,0,-6.1669974,0.09491203725337982,0.9010000228881836,0.8592000007629395
YMR096W,YDR172W,0,-6.167238,0.09490204602479935,0.9010000228881836,0.8593000173568726
YOR216C,YDL035C,0,-6.167647,0.09489204734563828,0.9010000228881836,0.8593999743461609
YBL024W,YGR105W,0,-6.169269,0.0948820561170578,0.9010000228881836,0.859499990940094
YGL245W,YPL218W,0,-6.170221,0.09487206488847733,0.9010000228881836,0.8596000075340271
YOR026W,YGL062W,0,-6.1703477,0.09486207365989685,0.9010000228881836,0.8597000241279602
YFL060C,YBR244W,0,-6.170443,0.09485208988189697,0.9010000228881836,0.8597999811172485
YDR117C,YIL041W,0,-6.17111,0.0948421061038971,0.9010000228881836,0.8598999977111816
YGR196C,YLR070C,0,-6.1719933,0.09483212232589722,0.9010000228881836,0.8600000143051147
YGL126W,YMR237W,0,-6.1721787,0.09482214599847794,0.9010000228881836,0.8600999712944031
YPL105C,YDR462W,0,-6.1727633,0.09481216222047806,0.9010000228881836,0.8601999878883362
YDR297W,YDR305C,0,-6.17287,0.09480218589305878,0.9010000228881836,0.8603000044822693
YOL090W,YPL203W,0,-6.1738706,0.09479221701622009,0.9010000228881836,0.8604000210762024
YDL091C,YER046W,0,-6.174135,0.09478224068880081,0.9010000228881836,0.8604999780654907
YKL168C,YIL009W,0,-6.1744027,0.09477227181196213,0.9010000228881836,0.8605999946594238
YKL205W,YNL135C,0,-6.174811,0.09476230293512344,0.9010000228881836,0.8607000112533569
YNL330C,YOL054W,1,-6.1750665,0.09485750645399094,0.9020000100135803,0.8607000112533569
YDR204W,YER032W,0,-6.1758847,0.09484753012657166,0.9020000100135803,0.86080002784729
YLR351C,YMR180C,0,-6.1765285,0.09483755379915237,0.9020000100135803,0.8608999848365784
YOR261C,YGL099W,0,-6.1770267,0.09482758492231369,0.9020000100135803,0.8610000014305115
YHR085W,YOL044W,0,-6.177503,0.094817616045475,0.9020000100135803,0.8611000180244446
YER080W,YMR230W,0,-6.1780076,0.09480765461921692,0.9020000100135803,0.8611999750137329
YLR095C,YPL036W,0,-6.178393,0.09479768574237823,0.9020000100135803,0.861299991607666
YMR030W,YJR140C,1,-6.1786933,0.09489281475543976,0.902999997138977,0.861299991607666
YMR233W,YJR068W,0,-6.1804304,0.09488283842802048,0.902999997138977,0.8614000082015991
YAL055W,YBR169C,0,-6.1811233,0.0948728695511818,0.902999997138977,0.8615000247955322
YNL080C,YMR095C,0,-6.1813045,0.0948629081249237,0.902999997138977,0.8615999817848206
YKR099W,YLR113W,1,-6.1813226,0.09495798498392105,0.9039999842643738,0.8615999817848206
YIL050W,YDR273W,0,-6.181394,0.09494800865650177,0.9039999842643738,0.8616999983787537
YOR230W,YBL055C,0,-6.1818843,0.09493803977966309,0.9039999842643738,0.8618000149726868
YDL013W,YJL121C,0,-6.182572,0.0949280709028244,0.9039999842643738,0.8618999719619751
YER003C,YBL092W,0,-6.1835637,0.09491810202598572,0.9039999842643738,0.8619999885559082
YBR165W,YDL099W,0,-6.1843705,0.09490813314914703,0.9039999842643738,0.8621000051498413
YIL052C,YMR066W,0,-6.1848083,0.09489817172288895,0.9039999842643738,0.8622000217437744
YHR104W,YJR093C,0,-6.185086,0.09488821029663086,0.9039999842643738,0.8622999787330627
YCL025C,YEL036C,0,-6.185598,0.09487825632095337,0.9039999842643738,0.8623999953269958
YHR187W,YFL039C,1,-6.1858745,0.09497323632240295,0.9049999713897705,0.8623999953269958
YLR380W,YHL015W,0,-6.1861115,0.09496327489614487,0.9049999713897705,0.862500011920929
YJL080C,YDR051C,0,-6.186244,0.09495331346988678,0.9049999713897705,0.8626000285148621
YGR148C,YBR055C,0,-6.186587,0.09494335204362869,0.9049999713897705,0.8626999855041504
YLR183C,YER088C,1,-6.186853,0.0950382873415947,0.906000018119812,0.8626999855041504
YKL180W,YPL069C,0,-6.1872654,0.09502831846475601,0.906000018119812,0.8628000020980835
YMR211W,YJR083C,0,-6.187944,0.09501835703849792,0.906000018119812,0.8629000186920166
YNL073W,YGR286C,0,-6.1882906,0.09500838816165924,0.906000018119812,0.8629999756813049
YFR014C,YKR089C,0,-6.188587,0.09499842673540115,0.906000018119812,0.863099992275238
YJL010C,YDL018C,0,-6.1894784,0.09498846530914307,0.906000018119812,0.8632000088691711
YOR230W,YFR028C,0,-6.1901217,0.09497851133346558,0.906000018119812,0.8633000254631042
YDR120C,YML056C,0,-6.1912794,0.09496854990720749,0.906000018119812,0.8633999824523926
YKL056C,YLR142W,0,-6.191834,0.0949586033821106,0.906000018119812,0.8634999990463257
YHR073W,YPR100W,0,-6.1922445,0.0949486494064331,0.906000018119812,0.8636000156402588
YJL039C,YMR251W,0,-6.192248,0.09493869543075562,0.906000018119812,0.8636999726295471
YDL145C,YPL061W,0,-6.1923633,0.09492874890565872,0.906000018119812,0.8637999892234802
YMR070W,YLL050C,0,-6.192433,0.09491880238056183,0.906000018119812,0.8639000058174133
YDL067C,YDR483W,0,-6.193086,0.09490886330604553,0.906000018119812,0.8640000224113464
YLL043W,YNL310C,0,-6.1933694,0.09489892423152924,0.906000018119812,0.8640999794006348
YNL041C,YER089C,0,-6.193571,0.09488898515701294,0.906000018119812,0.8641999959945679
YIR018W,YML069W,1,-6.194584,0.094983771443367,0.9070000052452087,0.8641999959945679
YLR254C,YER090W,0,-6.195111,0.09497382491827011,0.9070000052452087,0.864300012588501
YLR246W,YBR058C,0,-6.1954417,0.09496387839317322,0.9070000052452087,0.8644000291824341
YHL009C,YPL026C,1,-6.1955075,0.0950586274266243,0.9079999923706055,0.8644000291824341
YDR216W,YPL026C,1,-6.196074,0.09515335410833359,0.9089999794960022,0.8644000291824341
YCR048W,YGL095C,0,-6.1979427,0.0951433926820755,0.9089999794960022,0.8644999861717224
YFL010W-A,YER050C,0,-6.198005,0.09513343870639801,0.9089999794960022,0.8646000027656555
YJR034W,YMR079W,0,-6.1982207,0.09512348473072052,0.9089999794960022,0.8647000193595886
YMR023C,YNL044W,0,-6.1982474,0.09511353075504303,0.9089999794960022,0.864799976348877
YDR251W,YER073W,0,-6.1993136,0.09510357677936554,0.9089999794960022,0.8648999929428101
YNL030W,YLR167W,0,-6.2001348,0.09509363025426865,0.9089999794960022,0.8650000095367432
YDR412W,YBL068W,0,-6.2004523,0.09508368372917175,0.9089999794960022,0.8651000261306763
YEL015W,YPL214C,0,-6.201142,0.09507373720407486,0.9089999794960022,0.8651999831199646
YER070W,YJL221C,0,-6.202209,0.09506379067897797,0.9089999794960022,0.8652999997138977
YCL031C,YHR193C,0,-6.2025347,0.09505385160446167,0.9089999794960022,0.8654000163078308
YNL136W,YFL039C,1,-6.2028527,0.0951484739780426,0.9100000262260437,0.8654000163078308
YPR081C,YGR061C,0,-6.203599,0.09513852745294571,0.9100000262260437,0.8654999732971191
YGR123C,YPL059W,0,-6.203746,0.09512858092784882,0.9100000262260437,0.8655999898910522
YIL093C,YNL099C,0,-6.203941,0.09511863440275192,0.9100000262260437,0.8657000064849854
YJR121W,YKL074C,0,-6.204209,0.09510869532823563,0.9100000262260437,0.8658000230789185
YGL248W,YPL206C,0,-6.2054687,0.09509875625371933,0.9100000262260437,0.8658999800682068
YCR048W,YOR085W,0,-6.206667,0.09508881717920303,0.9100000262260437,0.8659999966621399
YAR015W,YGR246C,0,-6.2069798,0.09507888555526733,0.9100000262260437,0.866100013256073
YMR068W,YGR195W,0,-6.2070575,0.09506895393133163,0.9100000262260437,0.8661999702453613
YER057C,YER051W,0,-6.207288,0.09505902230739594,0.9100000262260437,0.8662999868392944
YHR038W,YOL128C,0,-6.2078276,0.09504909068346024,0.9100000262260437,0.8664000034332275
YDR275W,YKL172W,0,-6.2079873,0.09503916651010513,0.9100000262260437,0.8665000200271606
YMR104C,YLR371W,0,-6.2089267,0.09502924233675003,0.9100000262260437,0.866599977016449
YPR184W,YDR440W,0,-6.209327,0.09501931816339493,0.9100000262260437,0.8666999936103821
YOL033W,YJL162C,0,-6.2096415,0.09500939399003983,0.9100000262260437,0.8668000102043152
YLR388W,YJL029C,0,-6.2099605,0.09499947726726532,0.9100000262260437,0.8669000267982483
YOR079C,YBR260C,0,-6.2100472,0.09498956054449081,0.9100000262260437,0.8669999837875366
YOL020W,YMR071C,0,-6.211861,0.09497964382171631,0.9100000262260437,0.8671000003814697
YLL026W,YGL248W,0,-6.212152,0.0949697345495224,0.9100000262260437,0.8672000169754028
YPL183C,YIR024C,0,-6.2124405,0.09495982527732849,0.9100000262260437,0.8672999739646912
YGR119C,YML046W,0,-6.2127633,0.09494991600513458,0.9100000262260437,0.8673999905586243
YIL047C,YMR319C,0,-6.2129273,0.09494000673294067,0.9100000262260437,0.8675000071525574
YAL055W,YJR004C,0,-6.2129893,0.09493010491132736,0.9100000262260437,0.8676000237464905
YER035W,YLR219W,0,-6.213228,0.09492020308971405,0.9100000262260437,0.8676999807357788
YIL149C,YHL036W,0,-6.214747,0.09491030126810074,0.9100000262260437,0.8677999973297119
YLL060C,YGL105W,0,-6.2147927,0.09490040689706802,0.9100000262260437,0.867900013923645
YCL031C,YHR144C,0,-6.2157884,0.09489051252603531,0.9100000262260437,0.8679999709129333
YDR166C,YHR050W,0,-6.2162557,0.0948806181550026,0.9100000262260437,0.8680999875068665
YOR319W,YGL037C,0,-6.2165265,0.09487072378396988,0.9100000262260437,0.8682000041007996
YKR021W,YMR214W,0,-6.217619,0.09486083686351776,0.9100000262260437,0.8683000206947327
YBL105C,YOR362C,0,-6.2176256,0.09485094994306564,0.9100000262260437,0.868399977684021
YPR086W,YMR043W,1,-6.218033,0.0949452817440033,0.9110000133514404,0.868399977684021
YKL040C,YGR097W,0,-6.218983,0.09493538737297058,0.9110000133514404,0.8684999942779541
YGL087C,YMR204C,0,-6.2192264,0.09492550045251846,0.9110000133514404,0.8686000108718872
YJR099W,YLR074C,0,-6.219682,0.09491560608148575,0.9110000133514404,0.8687000274658203
YDR016C,YBR173C,0,-6.2197466,0.09490571916103363,0.9110000133514404,0.8687999844551086
YMR149W,YDL105W,0,-6.220143,0.09489583224058151,0.9110000133514404,0.8689000010490417
YOL149W,YKL085W,0,-6.220367,0.09488595277070999,0.9110000133514404,0.8690000176429749
YGR173W,YNL131W,0,-6.2206044,0.09487606585025787,0.9110000133514404,0.8690999746322632
YDR127W,YLL060C,0,-6.22086,0.09486618638038635,0.9110000133514404,0.8691999912261963
YMR313C,YDL168W,0,-6.220923,0.09485630691051483,0.9110000133514404,0.8693000078201294
YOL006C,YIR018W,1,-6.2222257,0.09495054930448532,0.9120000004768372,0.8693000078201294
YER157W,YIR036C,0,-6.2233973,0.0949406623840332,0.9120000004768372,0.8694000244140625
YDL055C,YKL004W,0,-6.2235045,0.09493078291416168,0.9120000004768372,0.8694999814033508
YKL048C,YMR017W,0,-6.223562,0.09492089599370956,0.9120000004768372,0.8695999979972839
YOL067C,YER022W,1,-6.2238164,0.09501509368419647,0.9129999876022339,0.8695999979972839
YNL005C,YEL059C-A,0,-6.223983,0.09500519931316376,0.9129999876022339,0.869700014591217
YKR079C,YDR168W,0,-6.2242527,0.09499531984329224,0.9129999876022339,0.8697999715805054
YGL009C,YOR002W,0,-6.2247863,0.09498543292284012,0.9129999876022339,0.8698999881744385
YHR005C,YIL090W,0,-6.224794,0.0949755534529686,0.9129999876022339,0.8700000047683716
YBR187W,YDR170C,0,-6.225266,0.09496567398309708,0.9129999876022339,0.8701000213623047
YOR118W,YGL137W,0,-6.225494,0.09495579451322556,0.9129999876022339,0.870199978351593
YOL126C,YBR043C,0,-6.2261024,0.09494592249393463,0.9129999876022339,0.8702999949455261
YIL014W,YOR261C,0,-6.2261043,0.09493605047464371,0.9129999876022339,0.8704000115394592
YIL120W,YPL128C,0,-6.2265797,0.09492617845535278,0.9129999876022339,0.8705000281333923
YOR051C,YBR249C,0,-6.2269015,0.09491631388664246,0.9129999876022339,0.8705999851226807
YOR189W,YBR161W,0,-6.2273893,0.09490644186735153,0.9129999876022339,0.8707000017166138
YFL030W,YDR256C,0,-6.227401,0.0948965772986412,0.9129999876022339,0.8708000183105469
YDR148C,YGL137W,0,-6.2274995,0.09488672018051147,0.9129999876022339,0.8708999752998352
YML046W,YMR235C,0,-6.227721,0.09487685561180115,0.9129999876022339,0.8709999918937683
YOR374W,YPL240C,0,-6.228214,0.09486699849367142,0.9129999876022339,0.8711000084877014
YBR094W,YGL211W,0,-6.2282395,0.09485714137554169,0.9129999876022339,0.8712000250816345
YOR222W,YPL219W,0,-6.2282863,0.09484729170799255,0.9129999876022339,0.8712999820709229
YJR156C,YDR003W,0,-6.2285542,0.09483743458986282,0.9129999876022339,0.871399998664856
YKR056W,YMR251W,0,-6.2286816,0.09482758492231369,0.9129999876022339,0.8715000152587891
YOR373W,YJL222W,0,-6.2287326,0.09481773525476456,0.9129999876022339,0.8715999722480774
YDR368W,YOR320C,0,-6.2291594,0.09480789303779602,0.9129999876022339,0.8716999888420105
YDL154W,YOR112W,0,-6.230805,0.09479805082082748,0.9129999876022339,0.8718000054359436
YOL126C,YDR002W,0,-6.2309155,0.09478820860385895,0.9129999876022339,0.8719000220298767
YIL117C,YBR030W,0,-6.2318406,0.09477836638689041,0.9129999876022339,0.871999979019165
YDL226C,YKR082W,0,-6.23194,0.09476853162050247,0.9129999876022339,0.8720999956130981
YOL130W,YER027C,0,-6.233844,0.09475868940353394,0.9129999876022339,0.8722000122070312
YCL059C,YDL171C,0,-6.23387,0.09474886208772659,0.9129999876022339,0.8723000288009644
YOR323C,YLL027W,0,-6.234169,0.09473902732133865,0.9129999876022339,0.8723999857902527
YLR246W,YNR003C,0,-6.2347684,0.09472920000553131,0.9129999876022339,0.8725000023841858
YHR176W,YNL229C,0,-6.234861,0.09471937268972397,0.9129999876022339,0.8726000189781189
YPL247C,YHR085W,0,-6.2358756,0.09470954537391663,0.9129999876022339,0.8726999759674072
YAR014C,YDR519W,0,-6.236013,0.09469971805810928,0.9129999876022339,0.8727999925613403
YLR406C,YLL015W,0,-6.237145,0.09468989819288254,0.9129999876022339,0.8729000091552734
YDR216W,YLR321C,1,-6.2385106,0.09478378295898438,0.9139999747276306,0.8729000091552734
YML046W,YDR067C,0,-6.2385654,0.09477395564317703,0.9139999747276306,0.8730000257492065
YNL022C,YNL186W,0,-6.238658,0.09476412832736969,0.9139999747276306,0.8730999827384949
YDR280W,YBR077C,0,-6.2387223,0.09475430101156235,0.9139999747276306,0.873199999332428
YBR153W,YER044C,0,-6.2400413,0.0947444811463356,0.9139999747276306,0.8733000159263611
YBR111C,YLL010C,0,-6.240428,0.09473466128110886,0.9139999747276306,0.8733999729156494
YCL025C,YBR079C,0,-6.2411785,0.09472484141588211,0.9139999747276306,0.8734999895095825
YMR311C,YMR012W,0,-6.241235,0.09471502900123596,0.9139999747276306,0.8736000061035156
YEL017C-A,YBR077C,0,-6.241315,0.09470520913600922,0.9139999747276306,0.8737000226974487
YBL038W,YLL034C,0,-6.2421894,0.09469539672136307,0.9139999747276306,0.8737999796867371
YMR305C,YLL050C,0,-6.2423997,0.09468559175729752,0.9139999747276306,0.8738999962806702
YDR022C,YJL157C,0,-6.2425795,0.09467577934265137,0.9139999747276306,0.8740000128746033
YOR161C,YJR033C,0,-6.2426753,0.09466597437858582,0.9139999747276306,0.8741000294685364
YCR033W,YAL044C,0,-6.2427907,0.09465616941452026,0.9139999747276306,0.8741999864578247
YOL129W,YHR161C,0,-6.2436137,0.09464637190103531,0.9139999747276306,0.8743000030517578
YEL039C,YNL044W,0,-6.243838,0.09463657438755035,0.9139999747276306,0.8744000196456909
YOR299W,YJL019W,0,-6.2454505,0.0946267694234848,0.9139999747276306,0.8744999766349792
YLR276C,YLR432W,0,-6.2454753,0.09461697936058044,0.9139999747276306,0.8745999932289124
YPL105C,YOR348C,0,-6.2460256,0.09460718184709549,0.9139999747276306,0.8747000098228455
YCR003W,YDR275W,0,-6.246525,0.09459739178419113,0.9139999747276306,0.8748000264167786
YDL035C,YIL037C,0,-6.247106,0.09458760172128677,0.9139999747276306,0.8748999834060669
YMR311C,YMR150C,0,-6.247662,0.09457781165838242,0.9139999747276306,0.875
YFL002C,YML085C,0,-6.2477136,0.09456802904605865,0.9139999747276306,0.8751000165939331
YFL001W,YDR368W,0,-6.248668,0.0945582464337349,0.9139999747276306,0.8751999735832214
YPL169C,YOL097C,0,-6.248771,0.09454846382141113,0.9139999747276306,0.8752999901771545
YPL015C,YDR420W,0,-6.24896,0.09453868120908737,0.9139999747276306,0.8754000067710876
YGL129C,YGL134W,0,-6.250214,0.09452890604734421,0.9139999747276306,0.8755000233650208
YOR370C,YBL002W,0,-6.250598,0.09451913088560104,0.9139999747276306,0.8755999803543091
YGR101W,YFL038C,0,-6.250719,0.09450935572385788,0.9139999747276306,0.8756999969482422
YKL034W,YFL034C-B,0,-6.251122,0.09449958801269531,0.9139999747276306,0.8758000135421753
YNL116W,YPR033C,0,-6.2511725,0.09448982030153275,0.9139999747276306,0.8758999705314636
YOR236W,YAL053W,0,-6.251496,0.09448005259037018,0.9139999747276306,0.8759999871253967
YLR406C,YCR098C,0,-6.2528453,0.09447028487920761,0.9139999747276306,0.8761000037193298
YDR064W,YLR172C,0,-6.252975,0.09446051716804504,0.9139999747276306,0.8762000203132629
YDR105C,YPL015C,0,-6.2536016,0.09445075690746307,0.9139999747276306,0.8762999773025513
YBL075C,YGL220W,0,-6.2538385,0.0944409966468811,0.9139999747276306,0.8763999938964844
YGR262C,YPL002C,1,-6.255023,0.09453456103801727,0.9150000214576721,0.8763999938964844
YBR223C,YMR071C,0,-6.255464,0.0945247933268547,0.9150000214576721,0.8765000104904175
YNL108C,YGL011C,0,-6.256752,0.09451503306627274,0.9150000214576721,0.8766000270843506
YER004W,YGR061C,0,-6.2573323,0.09450526535511017,0.9150000214576721,0.8766999840736389
YJR014W,YIL103W,0,-6.2573647,0.0944955050945282,0.9150000214576721,0.876800000667572
YOR267C,YNL104C,0,-6.2576365,0.09448575228452682,0.9150000214576721,0.8769000172615051
YMR040W,YDL120W,0,-6.2618737,0.09447599202394485,0.9150000214576721,0.8769999742507935
YGL040C,YGL180W,0,-6.2654977,0.09446623921394348,0.9150000214576721,0.8770999908447266
YER056C-A,YER054C,0,-6.265538,0.09445648640394211,0.9150000214576721,0.8772000074386597
YMR020W,YDR484W,0,-6.265964,0.09444674104452133,0.9150000214576721,0.8773000240325928
YAL003W,YCR038C,0,-6.2672734,0.09443698823451996,0.9150000214576721,0.8773999810218811
YOR079C,YGR296W,0,-6.2675986,0.09442724287509918,0.9150000214576721,0.8774999976158142
YHR136C,YBL088C,0,-6.267636,0.0944174975156784,0.9150000214576721,0.8776000142097473
YPL259C,YIL072W,0,-6.2678833,0.09440775960683823,0.9150000214576721,0.8776999711990356
YDR036C,YER117W,0,-6.2709193,0.09439802169799805,0.9150000214576721,0.8777999877929688
YBR265W,YDL164C,0,-6.2723546,0.09438828378915787,0.9150000214576721,0.8779000043869019
YOR089C,YIR012W,0,-6.272527,0.09437854588031769,0.9150000214576721,0.878000020980835
YDR304C,YBR115C,0,-6.273938,0.0943688154220581,0.9150000214576721,0.8780999779701233
YAL042W,YLL039C,0,-6.2740154,0.09435907751321793,0.9150000214576721,0.8781999945640564
YKL112W,YDR423C,1,-6.2745414,0.09445246309041977,0.9160000085830688,0.8781999945640564
YMR149W,YDR335W,0,-6.274818,0.09444272518157959,0.9160000085830688,0.8783000111579895
YER016W,YGR118W,0,-6.275255,0.09443298727273941,0.9160000085830688,0.8784000277519226
YML021C,YMR173W,0,-6.275338,0.09442325681447983,0.9160000085830688,0.8784999847412109
YBR127C,YLR287C-A,0,-6.2753916,0.09441352635622025,0.9160000085830688,0.878600001335144
YPR161C,YLR304C,0,-6.275925,0.09440379589796066,0.9160000085830688,0.8787000179290771
YOR289W,YGR208W,0,-6.275933,0.09439406543970108,0.9160000085830688,0.8787999749183655
YLR335W,YOR307C,0,-6.2761664,0.0943843349814415,0.9160000085830688,0.8788999915122986
YHR072W,YMR318C,0,-6.276509,0.09437461197376251,0.9160000085830688,0.8790000081062317
YDR530C,YBR067C,0,-6.2767076,0.09436488896608353,0.9160000085830688,0.8791000247001648
YOR016C,YNL254C,0,-6.276816,0.09435517340898514,0.9160000085830688,0.8791999816894531
YLR412W,YLR100W,0,-6.2769074,0.09434545040130615,0.9160000085830688,0.8792999982833862
YOL156W,YJL192C,0,-6.277681,0.09433573484420776,0.9160000085830688,0.8794000148773193
YBR241C,YKL156W,0,-6.2779737,0.09432601928710938,0.9160000085830688,0.8794999718666077
YPL015C,YGR286C,0,-6.27813,0.09431631118059158,0.9160000085830688,0.8795999884605408
YBR127C,YGL032C,0,-6.2781377,0.09430660307407379,0.9160000085830688,0.8797000050544739
YOR179C,YKL043W,1,-6.2781415,0.0943998321890831,0.9169999957084656,0.8797000050544739
YJR014W,YGL058W,0,-6.278337,0.09439011663198471,0.9169999957084656,0.879800021648407
YNL080C,YAR027W,0,-6.2788386,0.09438040107488632,0.9169999957084656,0.8798999786376953
YDR309C,YHR064C,0,-6.279732,0.09437069296836853,0.9169999957084656,0.8799999952316284
YPL151C,YJR062C,0,-6.2804675,0.09436097741127014,0.9169999957084656,0.8801000118255615
YNR031C,YAL035W,0,-6.280473,0.09435126930475235,0.9169999957084656,0.8802000284194946
YKL220C,YDL081C,0,-6.28101,0.09434156119823456,0.9169999957084656,0.880299985408783
YPL237W,YLR348C,0,-6.282059,0.09433186054229736,0.9169999957084656,0.8804000020027161
YPR070W,YPL190C,1,-6.2822027,0.0944250151515007,0.9179999828338623,0.8804000020027161
YNL330C,YDR463W,1,-6.2822394,0.09451815485954285,0.9190000295639038,0.8804000020027161
YJL210W,YBL030C,0,-6.282552,0.09450843185186386,0.9190000295639038,0.8805000185966492
YPL059W,YKL150W,0,-6.283075,0.09449871629476547,0.9190000295639038,0.8805999755859375
YKL024C,YDR108W,0,-6.2844434,0.09448900073766708,0.9190000295639038,0.8806999921798706
YGL009C,YOR316C,0,-6.284529,0.0944792851805687,0.9190000295639038,0.8808000087738037
YMR039C,YMR312W,1,-6.2866025,0.09457236528396606,0.9200000166893005,0.8808000087738037
YNL118C,YJR151C,0,-6.287406,0.09456264972686768,0.9200000166893005,0.8809000253677368
YKL196C,YDR142C,0,-6.2883105,0.09455292671918869,0.9200000166893005,0.8809999823570251
YOR216C,YDL091C,0,-6.2883744,0.0945432111620903,0.9200000166893005,0.8810999989509583
YDL092W,YNR002C,0,-6.28887,0.09453349560499191,0.9200000166893005,0.8812000155448914
YOR208W,YGR090W,0,-6.289377,0.09452378749847412,0.9200000166893005,0.8812999725341797
YNL268W,YDR392W,0,-6.2896113,0.09451407194137573,0.9200000166893005,0.8813999891281128
YPR016C,YNL027W,0,-6.2902164,0.09450436383485794,0.9200000166893005,0.8815000057220459
YLR120C,YLR447C,0,-6.290746,0.09449465572834015,0.9200000166893005,0.881600022315979
YHR104W,YLR208W,0,-6.290862,0.09448495507240295,0.9200000166893005,0.8816999793052673
YDR071C,YDR390C,0,-6.2909513,0.09447525441646576,0.9200000166893005,0.8817999958992004
YMR022W,YKL019W,0,-6.291172,0.09446555376052856,0.9200000166893005,0.8819000124931335
YJR139C,YAL038W,0,-6.291249,0.09445585310459137,0.9200000166893005,0.8820000290870667
YKL146W,YDR519W,0,-6.2914195,0.09444615244865417,0.9200000166893005,0.882099986076355
YMR081C,YGL241W,0,-6.291783,0.09443645924329758,0.9200000166893005,0.8822000026702881
YHR039C-A,YDR405W,0,-6.291967,0.09442676603794098,0.9200000166893005,0.8823000192642212
YLR387C,YER027C,0,-6.292496,0.09441708028316498,0.9200000166893005,0.8823999762535095
YER146W,YKL059C,0,-6.292789,0.09440738707780838,0.9200000166893005,0.8824999928474426
YIL101C,YBR248C,0,-6.2934017,0.09439770132303238,0.9200000166893005,0.8826000094413757
YCL055W,YLR005W,1,-6.293823,0.09449061006307602,0.9210000038146973,0.8826000094413757
YLL038C,YOL102C,0,-6.2938933,0.09448091685771942,0.9210000038146973,0.8827000260353088
YOL129W,YLL018C,0,-6.294102,0.09447123110294342,0.9210000038146973,0.8827999830245972
YPL059W,YJL128C,0,-6.2953,0.09446153789758682,0.9210000038146973,0.8828999996185303
YHL013C,YFR017C,0,-6.2978826,0.09445185214281082,0.9210000038146973,0.8830000162124634
YGR231C,YML128C,0,-6.2978826,0.09444216638803482,0.9210000038146973,0.8830999732017517
YER072W,YEL058W,0,-6.2978954,0.09443248063325882,0.9210000038146973,0.8831999897956848
YCR003W,YBR055C,0,-6.2983623,0.09442280232906342,0.9210000038146973,0.8833000063896179
YEL044W,YMR282C,0,-6.2986145,0.09441312402486801,0.9210000038146973,0.883400022983551
YKR028W,YPL221W,0,-6.298695,0.09440344572067261,0.9210000038146973,0.8834999799728394
YKL024C,YLR068W,0,-6.2993207,0.0943937674164772,0.9210000038146973,0.8835999965667725
YCR073W-A,YNL233W,0,-6.2998624,0.0943840965628624,0.9210000038146973,0.8837000131607056
YHR091C,YJR044C,0,-6.2999954,0.09437442570924759,0.9210000038146973,0.8838000297546387
YNL244C,YLR421C,0,-6.300387,0.09436475485563278,0.9210000038146973,0.883899986743927
YCL059C,YML067C,0,-6.301827,0.09435508400201797,0.9210000038146973,0.8840000033378601
YDR189W,YJL129C,0,-6.302549,0.09434542059898376,0.9210000038146973,0.8841000199317932
YBR015C,YLR044C,0,-6.3028226,0.09433575719594955,0.9210000038146973,0.8841999769210815
YGL253W,YKL093W,0,-6.303948,0.09432609379291534,0.9210000038146973,0.8842999935150146
YFR044C,YLR314C,0,-6.3040795,0.09431643784046173,0.9210000038146973,0.8844000101089478
YDL015C,YPR103W,0,-6.304515,0.09430678188800812,0.9210000038146973,0.8845000267028809
YLR325C,YMR029C,0,-6.3050656,0.0942971259355545,0.9210000038146973,0.8845999836921692
YHR124W,YGL147C,0,-6.30563,0.09428746998310089,0.9210000038146973,0.8847000002861023
YER017C,YBR077C,0,-6.30569,0.09427781403064728,0.9210000038146973,0.8848000168800354
YER070W,YHR001W-A,0,-6.305998,0.09426816552877426,0.9210000038146973,0.8848999738693237
YIR024C,YOL141W,0,-6.30681,0.09425851702690125,0.9210000038146973,0.8849999904632568
YLR206W,YNL131W,0,-6.3075476,0.09424887597560883,0.9210000038146973,0.8851000070571899
YMR071C,YJL100W,0,-6.3082757,0.09423922747373581,0.9210000038146973,0.885200023651123
YFR047C,YKL010C,0,-6.309294,0.09422958642244339,0.9210000038146973,0.8852999806404114
YER035W,YKL069W,0,-6.309742,0.09421994537115097,0.9210000038146973,0.8853999972343445
YCR082W,YAL035W,0,-6.309822,0.09421031177043915,0.9210000038146973,0.8855000138282776
YGR173W,YER024W,0,-6.309876,0.09420067816972733,0.9210000038146973,0.8855999708175659
YNL242W,YCR060W,0,-6.310533,0.0941910445690155,0.9210000038146973,0.885699987411499
YHL047C,YGL030W,0,-6.3110213,0.09418141096830368,0.9210000038146973,0.8858000040054321
YDR086C,YLR466W,0,-6.3110604,0.09417177736759186,0.9210000038146973,0.8859000205993652
YGR040W,YBR179C,0,-6.311113,0.09416215121746063,0.9210000038146973,0.8859999775886536
YDR276C,YDR486C,0,-6.3112483,0.0941525250673294,0.9210000038146973,0.8860999941825867
YBR247C,YMR212C,0,-6.3121805,0.09414289891719818,0.9210000038146973,0.8862000107765198
YDR349C,YNL099C,0,-6.3143992,0.09413328021764755,0.9210000038146973,0.8863000273704529
YOL006C,YMR091C,1,-6.314436,0.09422585368156433,0.921999990940094,0.8863000273704529
YBR286W,YIL109C,0,-6.315044,0.0942162275314331,0.921999990940094,0.8863999843597412
YDR110W,YPR033C,0,-6.3151116,0.09420660138130188,0.921999990940094,0.8865000009536743
YMR149W,YLL010C,0,-6.3152013,0.09419697523117065,0.921999990940094,0.8866000175476074
YIL120W,YBL057C,0,-6.3152213,0.09418735653162003,0.921999990940094,0.8866999745368958
YLR256W,YMR043W,1,-6.3164964,0.09427987784147263,0.9229999780654907,0.8866999745368958
YNL316C,YLL015W,0,-6.31687,0.0942702516913414,0.9229999780654907,0.8867999911308289
YBR168W,YDR386W,0,-6.3169622,0.09426061809062958,0.9229999780654907,0.886900007724762
YPL196W,YIR004W,0,-6.3173814,0.09425099194049835,0.9229999780654907,0.8870000243186951
YGR121C,YDR013W,0,-6.317537,0.09424137324094772,0.9229999780654907,0.8870999813079834
YLR044C,YKL007W,0,-6.318615,0.0942317545413971,0.9229999780654907,0.8871999979019165
YDR013W,YOR176W,0,-6.3188267,0.09422212839126587,0.9229999780654907,0.8873000144958496
YDR251W,YPL144W,0,-6.3191433,0.09421251714229584,0.9229999780654907,0.8873999714851379
YFL050C,YGL143C,0,-6.319487,0.09420289844274521,0.9229999780654907,0.887499988079071
YIL105C,YPR062W,0,-6.3195424,0.09419328719377518,0.9229999780654907,0.8876000046730042
YDR378C,YER005W,0,-6.3209615,0.09418367594480515,0.9229999780654907,0.8877000212669373
YHL040C,YOL143C,0,-6.322335,0.09417406469583511,0.9229999780654907,0.8877999782562256
YOR043W,YPL237W,0,-6.322823,0.09416445344686508,0.9229999780654907,0.8878999948501587
YJR067C,YDL091C,0,-6.3230596,0.09415484964847565,0.9229999780654907,0.8880000114440918
YKL016C,YOR347C,0,-6.3239646,0.09414524585008621,0.9229999780654907,0.8881000280380249
YBL032W,YDL046W,0,-6.324679,0.09413564205169678,0.9229999780654907,0.8881999850273132
YML008C,YDR074W,0,-6.324755,0.09412604570388794,0.9229999780654907,0.8883000016212463
YGR236C,YHL033C,0,-6.32532,0.0941164493560791,0.9229999780654907,0.8884000182151794
YDR043C,YFL039C,1,-6.3255486,0.09420880675315857,0.9240000247955322,0.8884000182151794
YGR037C,YIL062C,0,-6.325815,0.09419920295476913,0.9240000247955322,0.8884999752044678
YGR002C,YGR276C,0,-6.3266363,0.0941895991563797,0.9240000247955322,0.8885999917984009
YOR340C,YIL156W,0,-6.3281064,0.09418000280857086,0.9240000247955322,0.888700008392334
YER155C,YFR014C,0,-6.3284526,0.09417040646076202,0.9240000247955322,0.8888000249862671
YPL076W,YGL091C,0,-6.328955,0.09416081011295319,0.9240000247955322,0.8888999819755554
YKL175W,YBR251W,0,-6.330661,0.09415121376514435,0.9240000247955322,0.8889999985694885
YGL054C,YKR029C,0,-6.3314147,0.09414161741733551,0.9240000247955322,0.8891000151634216
YGR136W,YDR232W,0,-6.331572,0.09413202852010727,0.9240000247955322,0.88919997215271
YGL044C,YOR354C,0,-6.3316374,0.09412243962287903,0.9240000247955322,0.8892999887466431
YGR136W,YGR173W,0,-6.332499,0.09411285072565079,0.9240000247955322,0.8894000053405762
YGR143W,YIR037W,0,-6.3330636,0.09410326927900314,0.9240000247955322,0.8895000219345093
YER018C,YPL266W,0,-6.3331285,0.0940936878323555,0.9240000247955322,0.8895999789237976
YBR273C,YNL186W,0,-6.3342195,0.09408410638570786,0.9240000247955322,0.8896999955177307
YPR041W,YBL033C,0,-6.334257,0.09407452493906021,0.9240000247955322,0.8898000121116638
YER129W,YMR286W,0,-6.33456,0.09406495094299316,0.9240000247955322,0.8899000287055969
YDR148C,YIL061C,0,-6.3350606,0.09405537694692612,0.9240000247955322,0.8899999856948853
YMR214W,YCR018C,0,-6.3352666,0.09404580295085907,0.9240000247955322,0.8901000022888184
YBR214W,YER052C,0,-6.3355985,0.09403622895479202,0.9240000247955322,0.8902000188827515
YER016W,YOR087W,0,-6.336015,0.09402666240930557,0.9240000247955322,0.8902999758720398
YHL028W,YHL015W,0,-6.336364,0.09401709586381912,0.9240000247955322,0.8903999924659729
YBR278W,YBR162C,0,-6.3366103,0.09400752931833267,0.9240000247955322,0.890500009059906
YBR042C,YPL078C,0,-6.336937,0.09399796277284622,0.9240000247955322,0.8906000256538391
YIL047C,YNL147W,0,-6.3371854,0.09398840367794037,0.9240000247955322,0.8906999826431274
YMR312W,YOR172W,1,-6.3372245,0.09408055245876312,0.925000011920929,0.8906999826431274
YDL248W,YLR067C,0,-6.337789,0.09407098591327667,0.925000011920929,0.8907999992370605
YOR001W,YNL088W,0,-6.337796,0.09406141936779022,0.925000011920929,0.8909000158309937
YNL272C,YPL098C,0,-6.3382516,0.09405185282230377,0.925000011920929,0.890999972820282
YCR009C,YNL037C,0,-6.338347,0.09404229372739792,0.925000011920929,0.8910999894142151
YDR489W,YBR286W,0,-6.3383884,0.09403273463249207,0.925000011920929,0.8912000060081482
YOR341W,YBR111C,0,-6.338399,0.09402317553758621,0.925000011920929,0.8913000226020813
YML055W,YOL110W,0,-6.3384314,0.09401361644268036,0.925000011920929,0.8913999795913696
YGR212W,YLL028W,0,-6.3386235,0.0940040647983551,0.925000011920929,0.8914999961853027
YCR009C,YIL075C,0,-6.3407254,0.09399451315402985,0.925000011920929,0.8916000127792358
YOL061W,YJL013C,0,-6.340791,0.09398496150970459,0.925000011920929,0.891700029373169
YOR094W,YKL175W,0,-6.3419704,0.09397541731595993,0.925000011920929,0.8917999863624573
YDR423C,YGR262C,1,-6.342571,0.09406745433807373,0.9259999990463257,0.8917999863624573
YER017C,YPL263C,0,-6.343286,0.09405789524316788,0.9259999990463257,0.8919000029563904
YIL041W,YHR169W,0,-6.34365,0.09404834359884262,0.9259999990463257,0.8920000195503235
YER099C,YPR057W,0,-6.344744,0.09403879195451736,0.9259999990463257,0.8920999765396118
YOR212W,YBR171W,0,-6.344774,0.0940292477607727,0.9259999990463257,0.8921999931335449
YGR085C,YER021W,0,-6.3453174,0.09401969611644745,0.9259999990463257,0.892300009727478
YLR199C,YJL011C,0,-6.345324,0.09401015192270279,0.9259999990463257,0.8924000263214111
YOL094C,YHR189W,0,-6.345486,0.09400060772895813,0.9259999990463257,0.8924999833106995
YLR025W,YHR204W,0,-6.347364,0.09399107098579407,0.9259999990463257,0.8925999999046326
YDL139C,YJL178C,0,-6.3474383,0.09398152679204941,0.9259999990463257,0.8927000164985657
YLL021W,YPL112C,0,-6.34938,0.09397199004888535,0.9259999990463257,0.892799973487854
YLR387C,YDR261C,0,-6.350428,0.09396245330572128,0.9259999990463257,0.8928999900817871
YBL090W,YFR021W,0,-6.350571,0.09395292401313782,0.9259999990463257,0.8930000066757202
YLR208W,YBR151W,0,-6.3508368,0.09394338726997375,0.9259999990463257,0.8931000232696533
YOR061W,YKL190W,0,-6.351243,0.09393385797739029,0.9259999990463257,0.8931999802589417
YPL031C,YPL212C,0,-6.3531356,0.09392433613538742,0.9259999990463257,0.8932999968528748
YPR007C,YDR410C,0,-6.353514,0.09391480684280396,0.9259999990463257,0.8934000134468079
YGL181W,YOR059C,0,-6.354368,0.09390528500080109,0.9259999990463257,0.8934999704360962
YAR033W,YLR147C,0,-6.35486,0.09389576315879822,0.9259999990463257,0.8935999870300293
YML015C,YFL039C,1,-6.3550777,0.09398762881755829,0.9269999861717224,0.8935999870300293
YKL069W,YNL065W,0,-6.3556833,0.09397809952497482,0.9269999861717224,0.8937000036239624
YOR192C,YIL063C,0,-6.3559976,0.09396857768297195,0.9269999861717224,0.8938000202178955
YDR382W,YPR062W,0,-6.356053,0.09395904839038849,0.9269999861717224,0.8938999772071838
YLR206W,YAL023C,0,-6.3564515,0.09394952654838562,0.9269999861717224,0.8939999938011169
YBR009C,YJL063C,0,-6.35807,0.09394000470638275,0.9269999861717224,0.89410001039505
YDR037W,YKL198C,0,-6.3590827,0.09393049031496048,0.9269999861717224,0.8942000269889832
YAR033W,YPR073C,0,-6.359832,0.09392097592353821,0.9269999861717224,0.8942999839782715
YOR347C,YHR209W,0,-6.361718,0.09391145408153534,0.9269999861717224,0.8944000005722046
YDR304C,YDR420W,0,-6.3620925,0.09390194714069366,0.9269999861717224,0.8945000171661377
YDR392W,YMR095C,0,-6.3633866,0.09389243274927139,0.9269999861717224,0.894599974155426
YBR191W,YNL093W,0,-6.3638673,0.09388292580842972,0.9269999861717224,0.8946999907493591
YDR062W,YBR059C,0,-6.3641477,0.09387341886758804,0.9269999861717224,0.8948000073432922
YML128C,YNL123W,0,-6.3644156,0.09386391192674637,0.9269999861717224,0.8949000239372253
YPR113W,YDL033C,0,-6.3654675,0.09385441243648529,0.9269999861717224,0.8949999809265137
YHR134W,YOR085W,0,-6.3674912,0.09384490549564362,0.9269999861717224,0.8950999975204468
YGL257C,YMR281W,0,-6.36814,0.09383540600538254,0.9269999861717224,0.8952000141143799
YDL213C,YNL329C,0,-6.3686233,0.09382591396570206,0.9269999861717224,0.8952999711036682
YJL029C,YPL262W,0,-6.3687506,0.09381641447544098,0.9269999861717224,0.8953999876976013
YFR027W,YPR132W,0,-6.3707204,0.0938069224357605,0.9269999861717224,0.8955000042915344
YKL168C,YPL172C,0,-6.3710284,0.09379743039608002,0.9269999861717224,0.8956000208854675
YPR056W,YLR113W,1,-6.37106,0.09388911724090576,0.9279999732971191,0.8956000208854675
YJR086W,YDL236W,0,-6.3711095,0.09387961775064468,0.9279999732971191,0.8956999778747559
YKL175W,YAL039C,0,-6.37229,0.0938701182603836,0.9279999732971191,0.895799994468689
YIL047C,YDR375C,0,-6.372604,0.09386062622070312,0.9279999732971191,0.8959000110626221
YGR244C,YBL047C,0,-6.372883,0.09385113418102264,0.9279999732971191,0.8960000276565552
YBR084W,YBR187W,0,-6.3732543,0.09384164214134216,0.9279999732971191,0.8960999846458435
YNL059C,YMR054W,0,-6.3734713,0.09383215010166168,0.9279999732971191,0.8962000012397766
YHL006C,YPL037C,0,-6.374247,0.0938226655125618,0.9279999732971191,0.8963000178337097
YPR052C,YER088C,1,-6.3744974,0.09391427785158157,0.9290000200271606,0.8963000178337097
YKL161C,YGL111W,0,-6.375015,0.0939047783613205,0.9290000200271606,0.896399974822998
YHR160C,YNL315C,0,-6.3751936,0.09389529377222061,0.9290000200271606,0.8964999914169312
YKL073W,YOR380W,0,-6.3757415,0.09388580173254013,0.9290000200271606,0.8966000080108643
YJL115W,YMR260C,0,-6.3762364,0.09387631714344025,0.9290000200271606,0.8967000246047974
YEL044W,YDR394W,0,-6.377089,0.09386682510375977,0.9290000200271606,0.8967999815940857
YGR195W,YBL105C,0,-6.3775473,0.09385734796524048,0.9290000200271606,0.8968999981880188
YHR121W,YJL221C,0,-6.3777924,0.0938478633761406,0.9290000200271606,0.8970000147819519
YDR353W,YPL061W,0,-6.3781304,0.09383838623762131,0.9290000200271606,0.8970999717712402
YKL164C,YGL110C,0,-6.378227,0.09382890909910202,0.9290000200271606,0.8971999883651733
YIL065C,YOR234C,0,-6.3787084,0.09381943196058273,0.9290000200271606,0.8973000049591064
YER122C,YHR071W,0,-6.379392,0.09380995482206345,0.9290000200271606,0.8974000215530396
YNL326C,YCR004C,0,-6.3802886,0.09380048513412476,0.9290000200271606,0.8974999785423279
YKR050W,YOL049W,0,-6.3803377,0.09379101544618607,0.9290000200271606,0.897599995136261
YOR260W,YDL166C,0,-6.381086,0.09378154575824738,0.9290000200271606,0.8977000117301941
YJL025W,YPL087W,0,-6.3825507,0.09377208352088928,0.9290000200271606,0.8978000283241272
YOR134W,YJL196C,0,-6.3825793,0.09376261383295059,0.9290000200271606,0.8978999853134155
YMR275C,YER083C,0,-6.383157,0.0937531515955925,0.9290000200271606,0.8980000019073486
YNL131W,YEL013W,0,-6.383764,0.093743696808815,0.9290000200271606,0.8981000185012817
YJR133W,YOR084W,0,-6.3847866,0.09373423457145691,0.9290000200271606,0.8981999754905701
YDR184C,YKL151C,0,-6.385222,0.09372477978467941,0.9290000200271606,0.8982999920845032
YAL040C,YDL202W,0,-6.3856597,0.09371532499790192,0.9290000200271606,0.8984000086784363
YLL051C,YNL212W,0,-6.385739,0.09370587021112442,0.9290000200271606,0.8985000252723694
YOR334W,YLR375W,0,-6.3858876,0.09369642287492752,0.9290000200271606,0.8985999822616577
YDL226C,YJL014W,0,-6.386147,0.09368696808815002,0.9290000200271606,0.8986999988555908
YPL190C,YMR021C,1,-6.386423,0.09377835690975189,0.9300000071525574,0.8986999988555908
YGR100W,YDR101C,0,-6.3868613,0.0937689021229744,0.9300000071525574,0.8988000154495239
YLR130C,YOL045W,0,-6.3869963,0.0937594547867775,0.9300000071525574,0.8988999724388123
YCL025C,YBL035C,0,-6.3878775,0.09375,0.9300000071525574,0.8989999890327454
YPL203W,YNL152W,0,-6.387965,0.0937405526638031,0.9300000071525574,0.8991000056266785
YPL140C,YLR395C,0,-6.3887367,0.0937311053276062,0.9300000071525574,0.8992000222206116
YDR086C,YDL024C,0,-6.3899727,0.0937216579914093,0.9300000071525574,0.8992999792098999
YOR132W,YGR140W,0,-6.391151,0.0937122106552124,0.9300000071525574,0.899399995803833
YMR212C,YGL040C,0,-6.392654,0.0937027707695961,0.9300000071525574,0.8995000123977661
YDR198C,YOR109W,0,-6.3927035,0.0936933308839798,0.9300000071525574,0.8996000289916992
YKL067W,YPL037C,0,-6.3930364,0.0936838909983635,0.9300000071525574,0.8996999859809875
YER003C,YKR003W,0,-6.393337,0.09367445856332779,0.9300000071525574,0.8998000025749207
YJL012C,YNL015W,0,-6.394237,0.09366501867771149,0.9300000071525574,0.8999000191688538
YMR214W,YCR002C,0,-6.3944135,0.09365558624267578,0.9300000071525574,0.8999999761581421
YGL207W,YDR183W,1,-6.394625,0.0937468558549881,0.9309999942779541,0.8999999761581421
YDR316W,YHR183W,0,-6.395688,0.0937374159693718,0.9309999942779541,0.9000999927520752
YOR143C,YLR092W,0,-6.3964386,0.0937279760837555,0.9309999942779541,0.9002000093460083
YPL178W,YAL041W,0,-6.3966856,0.09371854364871979,0.9309999942779541,0.9003000259399414
YNR013C,YBR009C,0,-6.3970857,0.09370911121368408,0.9309999942779541,0.9003999829292297
YOR010C,YFL005W,0,-6.397305,0.09369967877864838,0.9309999942779541,0.9004999995231628
YGL147C,YLR075W,0,-6.398397,0.09369024634361267,0.9309999942779541,0.900600016117096
YLR380W,YKL155C,0,-6.3984447,0.09368082135915756,0.9309999942779541,0.9006999731063843
YIR022W,YJR019C,0,-6.398981,0.09367139637470245,0.9309999942779541,0.9007999897003174
YDR480W,YNL125C,0,-6.399112,0.09366197139024734,0.9309999942779541,0.9009000062942505
YER051W,YER120W,0,-6.3992386,0.09365254640579224,0.9309999942779541,0.9010000228881836
YGR094W,YHR216W,0,-6.399259,0.09364312887191772,0.9309999942779541,0.9010999798774719
YGR181W,YNL084C,0,-6.3993583,0.09363371133804321,0.9309999942779541,0.901199996471405
YAR071W,YJL121C,0,-6.4010563,0.0936242938041687,0.9309999942779541,0.9013000130653381
YGL005C,YDR341C,0,-6.4010673,0.09361488372087479,0.9309999942779541,0.9014000296592712
YPR104C,YDR512C,1,-6.401197,0.09370601177215576,0.9319999814033508,0.9014000296592712
YOR089C,YDR062W,0,-6.402086,0.09369659423828125,0.9319999814033508,0.9014999866485596
YIR018W,YMR005W,1,-6.4029336,0.09378769248723984,0.9330000281333923,0.9014999866485596
YGR136W,YDR171W,0,-6.402984,0.09377826750278473,0.9330000281333923,0.9016000032424927
YJL111W,YNL168C,0,-6.403089,0.09376884251832962,0.9330000281333923,0.9017000198364258
YDR302W,YER024W,0,-6.403445,0.09375941753387451,0.9330000281333923,0.9017999768257141
YJR063W,YLR466W,0,-6.4036136,0.09375,0.9330000281333923,0.9018999934196472
YMR033W,YOR172W,1,-6.404335,0.093841053545475,0.9340000152587891,0.9018999934196472
YKL160W,YAL056W,1,-6.406724,0.09393208473920822,0.9350000023841858,0.9018999934196472
YMR234W,YML072C,0,-6.4068756,0.09392265230417252,0.9350000023841858,0.9020000100135803
YLR069C,YDR006C,0,-6.407881,0.09391321986913681,0.9350000023841858,0.9021000266075134
YPL093W,YGR284C,0,-6.4098134,0.0939037874341011,0.9350000023841858,0.9021999835968018
YKL080W,YHR019C,0,-6.4099035,0.0938943549990654,0.9350000023841858,0.9023000001907349
YDR213W,YPR100W,0,-6.4110456,0.09388493001461029,0.9350000023841858,0.902400016784668
YPL026C,YML114C,1,-6.411948,0.09397590160369873,0.9359999895095825,0.902400016784668
YGL091C,YGL022W,0,-6.4120913,0.09396646916866302,0.9359999895095825,0.9024999737739563
YKL218C,YPL063W,0,-6.412448,0.09395703673362732,0.9359999895095825,0.9025999903678894
YDR254W,YMR222C,0,-6.4127536,0.09394760429859161,0.9359999895095825,0.9027000069618225
YAL008W,YBL105C,0,-6.413755,0.0939381793141365,0.9359999895095825,0.9028000235557556
YLR309C,YOR168W,0,-6.414581,0.0939287543296814,0.9359999895095825,0.902899980545044
YJL096W,YJL094C,0,-6.4146247,0.09391932934522629,0.9359999895095825,0.902999997138977
YJR052W,YER125W,0,-6.414738,0.09390990436077118,0.9359999895095825,0.9031000137329102
YOL020W,YMR101C,0,-6.415249,0.09390047937631607,0.9359999895095825,0.9031999707221985
YHR103W,YJR064W,0,-6.415416,0.09389106184244156,0.9359999895095825,0.9032999873161316
YER068W,YOR344C,1,-6.4154325,0.09398194402456284,0.9369999766349792,0.9032999873161316
YHR193C,YDL004W,0,-6.4154625,0.09397251904010773,0.9369999766349792,0.9034000039100647
YGL058W,YGR276C,0,-6.4157424,0.09396309405565262,0.9369999766349792,0.9035000205039978
YEL042W,YIR025W,0,-6.4160867,0.0939536765217781,0.9369999766349792,0.9035999774932861
YLR044C,YER117W,0,-6.416186,0.093944251537323,0.9369999766349792,0.9036999940872192
YLR088W,YBL001C,0,-6.4162583,0.09393483400344849,0.9369999766349792,0.9038000106811523
YBR036C,YPL131W,0,-6.416371,0.09392542392015457,0.9369999766349792,0.9039000272750854
YER056C-A,YGR263C,0,-6.416789,0.09391600638628006,0.9369999766349792,0.9039999842643738
YLR193C,YGR285C,0,-6.4174066,0.09390659630298615,0.9369999766349792,0.9041000008583069
YDR110W,YNL131W,0,-6.4176593,0.09389718621969223,0.9369999766349792,0.90420001745224
YNL256W,YPL030W,0,-6.4187074,0.09388777613639832,0.9369999766349792,0.9042999744415283
YNL124W,YMR012W,0,-6.4194083,0.0938783660531044,0.9369999766349792,0.9043999910354614
YJL047C,YDL120W,0,-6.4200034,0.09386896342039108,0.9369999766349792,0.9045000076293945
YMR240C,YER083C,0,-6.4218917,0.09385956078767776,0.9369999766349792,0.9046000242233276
YKL156W,YDR261C,0,-6.422966,0.09385015815496445,0.9369999766349792,0.904699981212616
YGL126W,YDL111C,0,-6.423683,0.09384076297283173,0.9369999766349792,0.9047999978065491
YBR119W,YKL175W,0,-6.423961,0.09383136034011841,0.9369999766349792,0.9049000144004822
YIL097W,YOR354C,0,-6.4248796,0.09382196515798569,0.9369999766349792,0.9049999713897705
YCL014W,YHR053C,0,-6.425011,0.09381257742643356,0.9369999766349792,0.9050999879837036
YKL087C,YEL013W,0,-6.425538,0.09380318224430084,0.9369999766349792,0.9052000045776367
YPR191W,YIL020C,0,-6.4259286,0.09379379451274872,0.9369999766349792,0.9053000211715698
YDR027C,YDR481C,0,-6.4262037,0.0937844067811966,0.9369999766349792,0.9053999781608582
YOR260W,YHR102W,0,-6.4275694,0.09377501904964447,0.9369999766349792,0.9054999947547913
YPR030W,YOR315W,1,-6.428169,0.09386570751667023,0.9380000233650208,0.9054999947547913
YMR071C,YHR198C,0,-6.4294667,0.0938563123345375,0.9380000233650208,0.9056000113487244
YDR045C,YDR041W,0,-6.429817,0.09384692460298538,0.9380000233650208,0.9057000279426575
YPR043W,YOR250C,0,-6.4300933,0.09383753687143326,0.9380000233650208,0.9057999849319458
YGR116W,YER088C,1,-6.430359,0.09392818063497543,0.9390000104904175,0.9057999849319458
YFR034C,YGR167W,0,-6.4311967,0.09391878545284271,0.9390000104904175,0.9059000015258789
YCR060W,YPL159C,0,-6.432099,0.09390939027070999,0.9390000104904175,0.906000018119812
YGL187C,YBR245C,0,-6.4335957,0.09390000253915787,0.9390000104904175,0.9060999751091003
YBR166C,YMR105C,0,-6.433691,0.09389060735702515,0.9390000104904175,0.9061999917030334
YDR317W,YPL098C,0,-6.434628,0.09388122707605362,0.9390000104904175,0.9063000082969666
YML059C,YML024W,0,-6.435035,0.0938718393445015,0.9390000104904175,0.9064000248908997
YIR017C,YHL009C,1,-6.4353085,0.0939624160528183,0.9399999976158142,0.9064000248908997
YLR219W,YMR062C,0,-6.4355845,0.09395302087068558,0.9399999976158142,0.906499981880188
YPR129W,YKL067W,0,-6.4356427,0.09394363313913345,0.9399999976158142,0.9065999984741211
YER004W,YIR026C,0,-6.435771,0.09393424540758133,0.9399999976158142,0.9067000150680542
YER036C,YNL117W,0,-6.4358277,0.0939248576760292,0.9399999976158142,0.9067999720573425
YIL014W,YMR022W,0,-6.436593,0.09391547739505768,0.9399999976158142,0.9068999886512756
YIL118W,YNR055C,0,-6.436891,0.09390609711408615,0.9399999976158142,0.9070000052452087
YHL003C,YLR213C,0,-6.437153,0.09389671683311462,0.9399999976158142,0.9071000218391418
YLR103C,YCR009C,0,-6.4381046,0.0938873365521431,0.9399999976158142,0.9071999788284302
YNL175C,YDR329C,0,-6.4389663,0.09387795627117157,0.9399999976158142,0.9072999954223633
YPR180W,YLR229C,0,-6.439051,0.09386858344078064,0.9399999976158142,0.9074000120162964
YCR036W,YNL098C,0,-6.4397216,0.09385921061038971,0.9399999976158142,0.9075000286102295
YNL231C,YPR037C,0,-6.440863,0.09384983777999878,0.9399999976158142,0.9075999855995178
YPR163C,YDR452W,0,-6.4410048,0.09384047240018845,0.9399999976158142,0.9077000021934509
YBR281C,YCR059C,0,-6.4411836,0.09383110702037811,0.9399999976158142,0.907800018787384
YLR305C,YIL062C,0,-6.4421353,0.09382174164056778,0.9399999976158142,0.9078999757766724
YDR400W,YDR122W,0,-6.4428983,0.09381237626075745,0.9399999976158142,0.9079999923706055
YJL180C,YGR023W,0,-6.443042,0.09380301088094711,0.9399999976158142,0.9081000089645386
YNL138W,YPR103W,0,-6.4430785,0.09379365295171738,0.9399999976158142,0.9082000255584717
YOR008C,YBR109C,0,-6.4439716,0.09378429502248764,0.9399999976158142,0.90829998254776
YPR030W,YMR312W,1,-6.444557,0.09387470036745071,0.9409999847412109,0.90829998254776
YGL087C,YLR213C,0,-6.445,0.09386533498764038,0.9409999847412109,0.9083999991416931
YOR044W,YBL041W,0,-6.445365,0.09385597705841064,0.9409999847412109,0.9085000157356262
YNL005C,YKL161C,0,-6.445516,0.09384661167860031,0.9409999847412109,0.9085999727249146
YPR137W,YBR079C,0,-6.445759,0.09383725374937057,0.9409999847412109,0.9086999893188477
YGL257C,YJR156C,0,-6.4465575,0.09382789582014084,0.9409999847412109,0.9088000059127808
YMR215W,YJL161W,0,-6.4475455,0.0938185453414917,0.9409999847412109,0.9089000225067139
YGL190C,YMR077C,0,-6.447809,0.09380919486284256,0.9409999847412109,0.9089999794960022
YOR123C,YPL026C,1,-6.4478726,0.09389951825141907,0.9419999718666077,0.9089999794960022
YJL012C,YPR154W,0,-6.4490676,0.09389016032218933,0.9419999718666077,0.9090999960899353
YPR113W,YJL001W,0,-6.450024,0.0938808023929596,0.9419999718666077,0.9092000126838684
YOR201C,YCR009C,0,-6.450167,0.09387145191431046,0.9419999718666077,0.9093000292778015
YPL015C,YMR203W,0,-6.4518943,0.09386209398508072,0.9419999718666077,0.9093999862670898
YKL181W,YHR068W,0,-6.452432,0.09385274350643158,0.9419999718666077,0.909500002861023
YOR249C,YGR234W,0,-6.453092,0.09384339302778244,0.9419999718666077,0.909600019454956
YML100W,YGL221C,0,-6.453304,0.0938340499997139,0.9419999718666077,0.9096999764442444
YGR140W,YJR131W,0,-6.453997,0.09382469952106476,0.9419999718666077,0.9097999930381775
YMR068W,YKR065C,0,-6.4547153,0.09381535649299622,0.9419999718666077,0.9099000096321106
YNL292W,YCR073C,0,-6.4548516,0.09380601346492767,0.9419999718666077,0.9100000262260437
YNL227C,YBR015C,0,-6.4550037,0.09379667788743973,0.9419999718666077,0.910099983215332
YNL149C,YMR072W,0,-6.455642,0.09378733485937119,0.9419999718666077,0.9101999998092651
YOR319W,YBL007C,0,-6.45579,0.09377799928188324,0.9419999718666077,0.9103000164031982
YEL047C,YOR264W,0,-6.45588,0.0937686637043953,0.9419999718666077,0.9103999733924866
YJL042W,YGR047C,0,-6.456383,0.09375932812690735,0.9419999718666077,0.9104999899864197
YGL195W,YNL281W,0,-6.4572253,0.09375,0.9419999718666077,0.9106000065803528
YOR386W,YBR153W,0,-6.457435,0.09374067187309265,0.9419999718666077,0.9107000231742859
YNL131W,YNR003C,0,-6.4578924,0.0937313437461853,0.9419999718666077,0.9107999801635742
YKL065C,YKL126W,0,-6.4593253,0.09372201561927795,0.9419999718666077,0.9108999967575073
YPL270W,YJL012C,0,-6.4593306,0.0937126949429512,0.9419999718666077,0.9110000133514404
YNL256W,YOR049C,0,-6.4599466,0.09370337426662445,0.9419999718666077,0.9110999703407288
YGL073W,YPL235W,1,-6.460799,0.09379351139068604,0.9430000185966492,0.9110999703407288
YML054C,YLR316C,0,-6.4614363,0.09378418326377869,0.9430000185966492,0.9111999869346619
YJL065C,YER162C,0,-6.461472,0.09377486258745193,0.9430000185966492,0.911300003528595
YGL129C,YHR019C,0,-6.4623723,0.09376553446054459,0.9430000185966492,0.9114000201225281
YLR234W,YKL060C,0,-6.4629607,0.09375621378421783,0.9430000185966492,0.9114999771118164
YHR043C,YOR042W,0,-6.4639506,0.09374689310789108,0.9430000185966492,0.9115999937057495
YNL241C,YNL123W,0,-6.464969,0.09373757243156433,0.9430000185966492,0.9117000102996826
YPL179W,YHR216W,0,-6.465708,0.09372825920581818,0.9430000185966492,0.9118000268936157
YNR016C,YHR201C,0,-6.466056,0.09371894598007202,0.9430000185966492,0.911899983882904
YJL157C,YDR069C,0,-6.4666605,0.09370963275432587,0.9430000185966492,0.9120000004768372
YOR264W,YOR371C,0,-6.4691496,0.09370031952857971,0.9430000185966492,0.9121000170707703
YDR002W,YDR409W,0,-6.46985,0.09369100630283356,0.9430000185966492,0.9121999740600586
YOR373W,YJL036W,0,-6.470085,0.093681700527668,0.9430000185966492,0.9122999906539917
YMR194W,YDR376W,0,-6.4706855,0.09367239475250244,0.9430000185966492,0.9124000072479248
YNL220W,YGR028W,0,-6.470812,0.09366308897733688,0.9430000185966492,0.9125000238418579
YIL121W,YDR098C,0,-6.472648,0.09365379065275192,0.9430000185966492,0.9125999808311462
YBR025C,YDR007W,0,-6.472998,0.09364448487758636,0.9430000185966492,0.9126999974250793
YHR030C,YDR339C,0,-6.4734297,0.0936351865530014,0.9430000185966492,0.9128000140190125
YCR003W,YPL179W,0,-6.4738336,0.09362589567899704,0.9430000185966492,0.9128999710083008
YOR284W,YIL090W,0,-6.475246,0.09361659735441208,0.9430000185966492,0.9129999876022339
YLR390W-A,YNL075W,0,-6.4763947,0.09360730648040771,0.9430000185966492,0.913100004196167
YKR049C,YEL046C,0,-6.4771748,0.09359801560640335,0.9430000185966492,0.9132000207901001
YDR071C,YNL047C,0,-6.477511,0.09358872473239899,0.9430000185966492,0.9132999777793884
YML025C,YBR196C,0,-6.4781165,0.09357944130897522,0.9430000185966492,0.9133999943733215
YJR052W,YNL049C,0,-6.478625,0.09357015043497086,0.9430000185966492,0.9135000109672546
YGL232W,YOR384W,0,-6.4788594,0.09356086701154709,0.9430000185966492,0.9136000275611877
YDR003W,YLR354C,0,-6.479344,0.09355158358812332,0.9430000185966492,0.9136999845504761
YOR236W,YLR120C,0,-6.480087,0.09354230761528015,0.9430000185966492,0.9138000011444092
YLR054C,YIR012W,0,-6.4813,0.09353303164243698,0.9430000185966492,0.9139000177383423
YKR034W,YOR354C,0,-6.4849777,0.09352375566959381,0.9430000185966492,0.9139999747276306
YKL067W,YLL048C,0,-6.4852476,0.09351447969675064,0.9430000185966492,0.9140999913215637
YLR376C,YER114C,0,-6.48552,0.09350520372390747,0.9430000185966492,0.9142000079154968
YML115C,YOR367W,0,-6.485579,0.0934959352016449,0.9430000185966492,0.9143000245094299
YNL113W,YKL197C,0,-6.48581,0.09348666667938232,0.9430000185966492,0.9143999814987183
YGR261C,YHL032C,0,-6.48595,0.09347739815711975,0.9430000185966492,0.9144999980926514
YHR039C-A,YDL035C,0,-6.486697,0.09346813708543777,0.9430000185966492,0.9146000146865845
YBL063W,YNL063W,0,-6.4885774,0.0934588685631752,0.9430000185966492,0.9146999716758728
YPL042C,YNL199C,1,-6.4891562,0.09354870766401291,0.9440000057220459,0.9146999716758728
YAL016W,YLR154C,0,-6.489552,0.09353943914175034,0.9440000057220459,0.9147999882698059
YMR300C,YJR076C,0,-6.4898734,0.09353017061948776,0.9440000057220459,0.914900004863739
YGL073W,YDR190C,1,-6.489919,0.09361997246742249,0.9449999928474426,0.914900004863739
YOL059W,YDL097C,0,-6.49018,0.09361069649457932,0.9449999928474426,0.9150000214576721
YLR370C,YGL234W,0,-6.490985,0.09360142797231674,0.9449999928474426,0.9150999784469604
YHR040W,YPR137W,0,-6.491586,0.09359215945005417,0.9449999928474426,0.9151999950408936
YPL045W,YMR289W,0,-6.492578,0.0935828909277916,0.9449999928474426,0.9153000116348267
YOR067C,YGL181W,0,-6.4929376,0.09357362240552902,0.9449999928474426,0.9154000282287598
YDL226C,YPL104W,0,-6.4932036,0.09356435388326645,0.9449999928474426,0.9154999852180481
YMR270C,YGR284C,0,-6.4933496,0.09355509281158447,0.9449999928474426,0.9156000018119812
YER074W,YJR090C,0,-6.4946413,0.0935458317399025,0.9449999928474426,0.9157000184059143
YOR372C,YER148W,1,-6.4951944,0.09363555163145065,0.9459999799728394,0.9157000184059143
YGL002W,YAL036C,0,-6.4958143,0.09362628310918808,0.9459999799728394,0.9157999753952026
YLR054C,YLR074C,0,-6.496347,0.0936170220375061,0.9459999799728394,0.9158999919891357
YOL123W,YBR029C,0,-6.496736,0.09360776096582413,0.9459999799728394,0.9160000085830688
YPR069C,YER104W,0,-6.496906,0.09359849244356155,0.9459999799728394,0.916100025177002
YOR159C,YGR010W,0,-6.497519,0.09358923882246017,0.9459999799728394,0.9161999821662903
YNL030W,YAL038W,0,-6.4979444,0.0935799777507782,0.9459999799728394,0.9162999987602234
YOL042W,YMR222C,0,-6.4981313,0.09357072412967682,0.9459999799728394,0.9164000153541565
YGL172W,YJL045W,0,-6.4989038,0.09356147050857544,0.9459999799728394,0.9164999723434448
YMR197C,YGL006W,0,-6.499597,0.09355221688747406,0.9459999799728394,0.9165999889373779
YPR052C,YER068W,1,-6.5009856,0.09364184737205505,0.9470000267028809,0.9165999889373779
YNL223W,YCR048W,0,-6.501041,0.09363258630037308,0.9470000267028809,0.916700005531311
YIR011C,YNL031C,0,-6.5013423,0.0936233326792717,0.9470000267028809,0.9168000221252441
YLR259C,YLR196W,0,-6.501471,0.09361407905817032,0.9470000267028809,0.9168999791145325
YCL014W,YKL146W,0,-6.5015483,0.09360482543706894,0.9470000267028809,0.9169999957084656
YLR207W,YDR500C,0,-6.501793,0.09359557181596756,0.9470000267028809,0.9171000123023987
YER056C-A,YKL007W,0,-6.50332,0.09358632564544678,0.9470000267028809,0.9172000288963318
YMR021C,YDR183W,1,-6.5033865,0.0936758890748024,0.9480000138282776,0.9172000288963318
YJR072C,YNL284C,0,-6.504946,0.09366663545370102,0.9480000138282776,0.9172999858856201
YOL058W,YPR112C,0,-6.506413,0.09365738183259964,0.9480000138282776,0.9174000024795532
YGR253C,YMR070W,0,-6.5077815,0.09364812821149826,0.9480000138282776,0.9175000190734863
YOR065W,YOR002W,0,-6.508997,0.09363887459039688,0.9480000138282776,0.9175999760627747
YHR104W,YOR196C,0,-6.509225,0.0936296284198761,0.9480000138282776,0.9176999926567078
YGR134W,YPL026C,1,-6.509775,0.09371913969516754,0.9490000009536743,0.9176999926567078
YBL090W,YGL156W,0,-6.512178,0.09370988607406616,0.9490000009536743,0.9178000092506409
YGL234W,YPR140W,0,-6.512909,0.09370063245296478,0.9490000009536743,0.917900025844574
YJL130C,YJR105W,0,-6.513824,0.0936913788318634,0.9490000009536743,0.9179999828338623
YJR078W,YGR253C,0,-6.514308,0.09368213266134262,0.9490000009536743,0.9180999994277954
YCR082W,YFR050C,0,-6.5157,0.09367288649082184,0.9490000009536743,0.9182000160217285
YOR122C,YPL268W,0,-6.5161004,0.09366364032030106,0.9490000009536743,0.9182999730110168
YJL165C,YMR241W,0,-6.5167813,0.09365439414978027,0.9490000009536743,0.91839998960495
YMR211W,YKR060W,0,-6.5172825,0.09364515542984009,0.9490000009536743,0.9185000061988831
YOR220W,YOL141W,0,-6.517663,0.0936359167098999,0.9490000009536743,0.9186000227928162
YKR060W,YGR271C-A,0,-6.5186057,0.09362667798995972,0.9490000009536743,0.9186999797821045
YDR204W,YJR133W,0,-6.519405,0.09361743927001953,0.9490000009536743,0.9187999963760376
YOR358W,YBR017C,0,-6.519848,0.09360820800065994,0.9490000009536743,0.9189000129699707
YER109C,YGR215W,0,-6.5209665,0.09359897673130035,0.9490000009536743,0.9190000295639038
YFL044C,YKL150W,0,-6.5215106,0.09358974546194077,0.9490000009536743,0.9190999865531921
YNL129W,YMR008C,0,-6.5215297,0.09358051419258118,0.9490000009536743,0.9192000031471252
YFL016C,YER165W,0,-6.5227213,0.09357129037380219,0.9490000009536743,0.9193000197410583
YHR027C,YBR133C,0,-6.5230694,0.0935620591044426,0.9490000009536743,0.9193999767303467
YDR174W,YEL024W,0,-6.5233727,0.0935528427362442,0.9490000009536743,0.9194999933242798
YOR267C,YAL022C,0,-6.5234303,0.09354361891746521,0.9490000009536743,0.9196000099182129
YDR086C,YGR194C,0,-6.523953,0.09353439509868622,0.9490000009536743,0.919700026512146
YHR026W,YBR293W,0,-6.5243673,0.09352517873048782,0.9490000009536743,0.9197999835014343
YGR191W,YMR060C,0,-6.524368,0.09351596236228943,0.9490000009536743,0.9199000000953674
YOR358W,YKL196C,0,-6.5247297,0.09350674599409103,0.9490000009536743,0.9200000166893005
YLR273C,YDR110W,0,-6.525541,0.09349753707647324,0.9490000009536743,0.9200999736785889
YDR069C,YNL031C,0,-6.5260773,0.09348832815885544,0.9490000009536743,0.920199990272522
YHR005C,YDR255C,0,-6.5287366,0.09347911924123764,0.9490000009536743,0.9203000068664551
YDR155C,YLR229C,0,-6.528903,0.09346991032361984,0.9490000009536743,0.9204000234603882
YKL160W,YOL135C,1,-6.530365,0.09355919063091278,0.949999988079071,0.9204000234603882
YOR316C,YAL042W,0,-6.5320253,0.09354997426271439,0.949999988079071,0.9204999804496765
YNL016W,YBR127C,0,-6.5323315,0.09354076534509659,0.949999988079071,0.9205999970436096
YPR187W,YIL036W,1,-6.5328803,0.09363000839948654,0.9509999752044678,0.9205999970436096
YNL009W,YGL016W,0,-6.532909,0.09362079203128815,0.9509999752044678,0.9207000136375427
YER156C,YFL014W,0,-6.5334315,0.09361157566308975,0.9509999752044678,0.920799970626831
YGL011C,YDR170C,0,-6.533622,0.09360235929489136,0.9509999752044678,0.9208999872207642
YGL227W,YHL007C,0,-6.535152,0.09359315037727356,0.9509999752044678,0.9210000038146973
YNL124W,YDR465C,0,-6.535167,0.09358394145965576,0.9509999752044678,0.9211000204086304
YLR333C,YOR230W,0,-6.5358386,0.09357473254203796,0.9509999752044678,0.9211999773979187
YCL004W,YAL059W,0,-6.5371413,0.09356552362442017,0.9509999752044678,0.9212999939918518
YER026C,YPR040W,0,-6.537783,0.09355632215738297,0.9509999752044678,0.9214000105857849
YKL018W,YMR039C,1,-6.53849,0.09364548325538635,0.9520000219345093,0.9214000105857849
YOL140W,YMR072W,0,-6.538892,0.09363627433776855,0.9520000219345093,0.921500027179718
YKL015W,YJR102C,1,-6.539768,0.09372541308403015,0.953000009059906,0.921500027179718
YPR144C,YPL214C,0,-6.54,0.09371619671583176,0.953000009059906,0.9215999841690063
YDL213C,YPL060W,0,-6.540363,0.09370698034763336,0.953000009059906,0.9217000007629395
YMR165C,YBR187W,0,-6.5406203,0.09369777143001556,0.953000009059906,0.9218000173568726
YCR048W,YJR090C,0,-6.540672,0.09368855506181717,0.953000009059906,0.9218999743461609
YGR027C,YIR036C,0,-6.5407314,0.09367934614419937,0.953000009059906,0.921999990940094
YNL125C,YLR291C,0,-6.5414987,0.09367013722658157,0.953000009059906,0.9221000075340271
YKL062W,YLR113W,1,-6.54254,0.0937592163681984,0.9539999961853027,0.9221000075340271
YMR139W,YJL002C,0,-6.542725,0.09375,0.9539999961853027,0.9222000241279602
YOL013C,YOL128C,0,-6.542856,0.0937407910823822,0.9539999961853027,0.9222999811172485
YMR231W,YNL081C,0,-6.5430064,0.09373157471418381,0.9539999961853027,0.9223999977111816
YIL021W,YNL139C,1,-6.5433273,0.09382060915231705,0.9549999833106995,0.9223999977111816
YMR033W,YLR113W,1,-6.5433726,0.09390962868928909,0.9559999704360962,0.9223999977111816
YGR132C,YOR058C,0,-6.5434203,0.0939004048705101,0.9559999704360962,0.9225000143051147
YIL044C,YMR072W,0,-6.543431,0.09389118105173111,0.9559999704360962,0.9225999712944031
YNL068C,YMR039C,1,-6.543578,0.09398016333580017,0.9570000171661377,0.9225999712944031
YJR113C,YDR341C,0,-6.5441737,0.09397093206644058,0.9570000171661377,0.9226999878883362
YDL166C,YER021W,0,-6.5451045,0.09396170824766159,0.9570000171661377,0.9228000044822693
YGR057C,YAL016W,0,-6.5453525,0.0939524844288826,0.9570000171661377,0.9229000210762024
YAL008W,YDL040C,0,-6.5461564,0.09394326061010361,0.9570000171661377,0.9229999780654907
YJR004C,YKL041W,0,-6.549748,0.09393403679132462,0.9570000171661377,0.9230999946594238
YNL084C,YBR022W,0,-6.550179,0.09392482042312622,0.9570000171661377,0.9232000112533569
YER056C-A,YJR117W,0,-6.5503526,0.09391560405492783,0.9570000171661377,0.92330002784729
YOR036W,YDL074C,0,-6.5515585,0.09390638768672943,0.9570000171661377,0.9233999848365784
YBR263W,YJR049C,0,-6.552609,0.09389717131853104,0.9570000171661377,0.9235000014305115
YBR109C,YPR033C,0,-6.553559,0.09388796240091324,0.9570000171661377,0.9236000180244446
YKR048C,YBR163W,0,-6.5546436,0.09387875348329544,0.9570000171661377,0.9236999750137329
YDL239C,YDR087C,0,-6.5546637,0.09386954456567764,0.9570000171661377,0.923799991607666
YBR205W,YDL201W,0,-6.554769,0.09386033564805984,0.9570000171661377,0.9239000082015991
YGL212W,YML067C,0,-6.556541,0.09385113418102264,0.9570000171661377,0.9240000247955322
YDR142C,YDR299W,0,-6.5575786,0.09384193271398544,0.9570000171661377,0.9240999817848206
YMR025W,YEL026W,0,-6.557653,0.09383273124694824,0.9570000171661377,0.9241999983787537
YGR046W,YJR043C,0,-6.557958,0.09382352977991104,0.9570000171661377,0.9243000149726868
YIL063C,YML026C,0,-6.5588436,0.09381432831287384,0.9570000171661377,0.9243999719619751
YGR175C,YNL149C,0,-6.5591464,0.09380513429641724,0.9570000171661377,0.9244999885559082
YBR111C,YCR079W,0,-6.560698,0.09379594027996063,0.9570000171661377,0.9246000051498413
YKL009W,YDL083C,0,-6.5611844,0.09378675371408463,0.9570000171661377,0.9247000217437744
YGL122C,YBR127C,0,-6.561258,0.09377755969762802,0.9570000171661377,0.9247999787330627
YDR011W,YGR128C,0,-6.562323,0.09376837313175201,0.9570000171661377,0.9248999953269958
YMR197C,YKL157W,0,-6.5632167,0.09375918656587601,0.9570000171661377,0.925000011920929
YDL200C,YKL204W,0,-6.563848,0.09375,0.9570000171661377,0.9251000285148621
YDL213C,YHL013C,0,-6.5645604,0.09374081343412399,0.9570000171661377,0.9251999855041504
YKL190W,YNL099C,0,-6.564794,0.09373163431882858,0.9570000171661377,0.9253000020980835
YEL025C,YNL064C,0,-6.5653005,0.09372245520353317,0.9570000171661377,0.9254000186920166
YLR172C,YDL103C,0,-6.5660276,0.09371327608823776,0.9570000171661377,0.9254999756813049
YJL138C,YPR192W,0,-6.5669203,0.09370410442352295,0.9570000171661377,0.925599992275238
YDR211W,YNL175C,0,-6.568397,0.09369492530822754,0.9570000171661377,0.9257000088691711
YBR111C,YBL079W,0,-6.569652,0.09368575364351273,0.9570000171661377,0.9258000254631042
YDR322W,YJR004C,0,-6.5697684,0.09367658942937851,0.9570000171661377,0.9258999824523926
YAR002W,YIL157C,0,-6.57018,0.0936674177646637,0.9570000171661377,0.9259999990463257
YOL013C,YNR009W,0,-6.570591,0.09365825355052948,0.9570000171661377,0.9261000156402588
YDL015C,YKL010C,0,-6.570725,0.09364908188581467,0.9570000171661377,0.9261999726295471
YER141W,YJR043C,0,-6.57128,0.09363992512226105,0.9570000171661377,0.9262999892234802
YNL315C,YOR176W,0,-6.571584,0.09363076090812683,0.9570000171661377,0.9264000058174133
YGL067W,YCR010C,0,-6.573963,0.09362160414457321,0.9570000171661377,0.9265000224113464
YNR017W,YNL308C,0,-6.574775,0.093612439930439,0.9570000171661377,0.9265999794006348
YGR244C,YJL048C,0,-6.5762296,0.09360328316688538,0.9570000171661377,0.9266999959945679
YHR135C,YNL298W,0,-6.5802884,0.09359413385391235,0.9570000171661377,0.926800012588501
YGR173W,YDR011W,0,-6.5806274,0.09358497709035873,0.9570000171661377,0.9269000291824341
YER157W,YPL179W,0,-6.580769,0.09357582777738571,0.9570000171661377,0.9269999861717224
YCR061W,YIL004C,0,-6.5819592,0.09356667846441269,0.9570000171661377,0.9271000027656555
YDR369C,YGR279C,0,-6.5835404,0.09355752915143967,0.9570000171661377,0.9272000193595886
YOR077W,YDR261C,0,-6.583815,0.09354838728904724,0.9570000171661377,0.927299976348877
YKL051W,YML001W,0,-6.5846457,0.09353924542665482,0.9570000171661377,0.9273999929428101
YDR216W,YGL112C,1,-6.5847144,0.09362783282995224,0.9580000042915344,0.9273999929428101
YLR009W,YOR380W,0,-6.5849276,0.09361868351697922,0.9580000042915344,0.9275000095367432
YIL023C,YAR071W,0,-6.586011,0.0936095342040062,0.9580000042915344,0.9276000261306763
YGR083C,YDR242W,0,-6.5861063,0.09360039234161377,0.9580000042915344,0.9276999831199646
YOL025W,YNL284C,0,-6.5862465,0.09359124302864075,0.9580000042915344,0.9277999997138977
YDR267C,YKR091W,0,-6.586365,0.09358210116624832,0.9580000042915344,0.9279000163078308
YPR144C,YOR134W,0,-6.5868297,0.09357296675443649,0.9580000042915344,0.9279999732971191
YER141W,YOL002C,0,-6.587177,0.09356382489204407,0.9580000042915344,0.9280999898910522
YPL244C,YOR075W,0,-6.587316,0.09355469048023224,0.9580000042915344,0.9282000064849854
YAL031C,YGR083C,0,-6.5884814,0.09354554861783981,0.9580000042915344,0.9283000230789185
YDR261C,YPL036W,0,-6.588666,0.09353642165660858,0.9580000042915344,0.9283999800682068
YOR159C,YER103W,0,-6.5894084,0.09352728724479675,0.9580000042915344,0.9284999966621399
YJL096W,YPL030W,0,-6.5895867,0.09351816028356552,0.9580000042915344,0.928600013256073
YIR012W,YGR183C,0,-6.5901527,0.09350902587175369,0.9580000042915344,0.9286999702453613
YOR159C,YDR517W,0,-6.5906653,0.09349989891052246,0.9580000042915344,0.9287999868392944
YMR233W,YIL041W,0,-6.5908713,0.09349077939987183,0.9580000042915344,0.9289000034332275
YDL002C,YBR179C,0,-6.5910206,0.0934816524386406,0.9580000042915344,0.9290000200271606
YBR247C,YDL100C,0,-6.5928416,0.09347253292798996,0.9580000042915344,0.929099977016449
YGR253C,YOR241W,0,-6.593013,0.09346341341733932,0.9580000042915344,0.9291999936103821
YPL005W,YOR371C,0,-6.593659,0.09345429390668869,0.9580000042915344,0.9293000102043152
YMR079W,YDL045C,0,-6.5947785,0.09344518184661865,0.9580000042915344,0.9294000267982483
YHL016C,YAL042W,0,-6.5980697,0.09343606978654861,0.9580000042915344,0.9294999837875366
YJR109C,YGL037C,0,-6.598147,0.09342695772647858,0.9580000042915344,0.9296000003814697
YBR278W,YOR165W,0,-6.598552,0.09341784566640854,0.9580000042915344,0.9297000169754028
YAR019C,YNL067W,0,-6.598581,0.0934087336063385,0.9580000042915344,0.9297999739646912
YJR050W,YDL040C,0,-6.598693,0.09339962899684906,0.9580000042915344,0.9298999905586243
YML100W,YLR421C,0,-6.5993867,0.09339052438735962,0.9580000042915344,0.9300000071525574
YPR007C,YLR015W,0,-6.601301,0.09338141977787018,0.9580000042915344,0.9301000237464905
YPL145C,YBR273C,0,-6.6026883,0.09337232261896133,0.9580000042915344,0.9301999807357788
YPL101W,YMR030W,1,-6.6065917,0.09346067905426025,0.9589999914169312,0.9301999807357788
YDR040C,YNL067W,0,-6.6081214,0.09345156699419022,0.9589999914169312,0.9302999973297119
YKL209C,YKL170W,0,-6.6098547,0.09344246238470078,0.9589999914169312,0.930400013923645
YGL035C,YNR010W,1,-6.61044,0.09353078901767731,0.9599999785423279,0.930400013923645
YER046W,YNL091W,0,-6.614666,0.09352167695760727,0.9599999785423279,0.9304999709129333
YOR032C,YDR119W,0,-6.6169376,0.09351256489753723,0.9599999785423279,0.9305999875068665
YJR072C,YFL022C,0,-6.616983,0.09350346028804779,0.9599999785423279,0.9307000041007996
YOL049W,YGR002C,0,-6.617318,0.09349434822797775,0.9599999785423279,0.9308000206947327
YOL124C,YNL256W,0,-6.6185026,0.09348524361848831,0.9599999785423279,0.930899977684021
YHR201C,YGL215W,0,-6.618705,0.09347614645957947,0.9599999785423279,0.9309999942779541
YNL138W,YER105C,0,-6.620808,0.09346704185009003,0.9599999785423279,0.9311000108718872
YBL075C,YOR136W,0,-6.6222606,0.09345794469118118,0.9599999785423279,0.9312000274658203
YOL116W,YER005W,0,-6.6226597,0.09344884753227234,0.9599999785423279,0.9312999844551086
YBR088C,YMR008C,0,-6.6251884,0.0934397503733635,0.9599999785423279,0.9314000010490417
YOR126C,YBR073W,0,-6.626598,0.09343065321445465,0.9599999785423279,0.9315000176429749
YDR003W,YDL198C,0,-6.6268907,0.0934215635061264,0.9599999785423279,0.9315999746322632
YJL129C,YER021W,0,-6.6287985,0.09341247379779816,0.9599999785423279,0.9316999912261963
YMR201C,YIR026C,0,-6.6320434,0.09340338408946991,0.9599999785423279,0.9318000078201294
YOR010C,YPL118W,0,-6.63267,0.09339430183172226,0.9599999785423279,0.9319000244140625
YOR306C,YPL059W,0,-6.6330695,0.09338521212339401,0.9599999785423279,0.9319999814033508
YGL224C,YLR201C,0,-6.6334786,0.09337612986564636,0.9599999785423279,0.9320999979972839
YLR459W,YOR189W,0,-6.6336675,0.09336704760789871,0.9599999785423279,0.932200014591217
YBR055C,YDR276C,0,-6.6340117,0.09335797280073166,0.9599999785423279,0.9322999715805054
YOL044W,YGL099W,0,-6.634118,0.09334889054298401,0.9599999785423279,0.9323999881744385
YKL132C,YIL157C,0,-6.63586,0.09333981573581696,0.9599999785423279,0.9325000047683716
YLR005W,YMR043W,1,-6.6376247,0.09342796355485916,0.9610000252723694,0.9325000047683716
YJR086W,YJL164C,0,-6.637998,0.09341888129711151,0.9610000252723694,0.9326000213623047
YLL031C,YOL018C,0,-6.6381116,0.09340979903936386,0.9610000252723694,0.932699978351593
YBR278W,YLR291C,0,-6.6387362,0.09340071678161621,0.9610000252723694,0.9327999949455261
YMR038C,YHL032C,0,-6.6394286,0.09339164197444916,0.9610000252723694,0.9329000115394592
YNL229C,YML051W,0,-6.640345,0.0933825671672821,0.9610000252723694,0.9330000281333923
YMR005W,YER088C,1,-6.641144,0.09347065538167953,0.9620000123977661,0.9330000281333923
YNL202W,YDR075W,0,-6.6417155,0.09346157312393188,0.9620000123977661,0.9330999851226807
YCR077C,YJL052W,0,-6.642502,0.09345249831676483,0.9620000123977661,0.9332000017166138
YPR057W,YMR237W,0,-6.642835,0.09344341605901718,0.9620000123977661,0.9333000183105469
YEL026W,YOL110W,0,-6.6441073,0.09343434125185013,0.9620000123977661,0.9333999752998352
YLR048W,YNL039W,0,-6.6451354,0.09342526644468307,0.9620000123977661,0.9334999918937683
YDR265W,YMR242C,0,-6.646653,0.09341619908809662,0.9620000123977661,0.9336000084877014
YPL147W,YOL137W,0,-6.6472,0.09340712428092957,0.9620000123977661,0.9337000250816345
YBR115C,YPL154C,0,-6.6472793,0.09339805692434311,0.9620000123977661,0.9337999820709229
YGR229C,YKL117W,0,-6.648941,0.09338898956775665,0.9620000123977661,0.933899998664856
YOR062C,YNL186W,0,-6.651084,0.0933799296617508,0.9620000123977661,0.9340000152587891
YAL035W,YDL029W,0,-6.6522775,0.09337086230516434,0.9620000123977661,0.9340999722480774
YNL268W,YPL057C,0,-6.6531987,0.09336180239915848,0.9620000123977661,0.9341999888420105
YDR121W,YKL126W,0,-6.6587625,0.09335274249315262,0.9620000123977661,0.9343000054359436
YHR178W,YHR030C,0,-6.6613183,0.09334368258714676,0.9620000123977661,0.9344000220298767
YDR022C,YKL122C,0,-6.6614823,0.0933346301317215,0.9620000123977661,0.934499979019165
YBL090W,YPL213W,0,-6.6632276,0.09332557022571564,0.9620000123977661,0.9345999956130981
YBR181C,YLL019C,0,-6.6640573,0.09331651777029037,0.9620000123977661,0.9347000122070312
YPL093W,YIL118W,0,-6.6641116,0.09330746531486511,0.9620000123977661,0.9348000288009644
YBR263W,YOR311C,0,-6.6641493,0.09329842031002045,0.9620000123977661,0.9348999857902527
YMR021C,YML114C,1,-6.665167,0.09338634461164474,0.9629999995231628,0.9348999857902527
YMR205C,YDR027C,0,-6.6657596,0.09337729215621948,0.9629999995231628,0.9350000023841858
YDR206W,YGL173C,0,-6.6658797,0.09336823970079422,0.9629999995231628,0.9351000189781189
YDR045C,YIL157C,0,-6.6663756,0.09335918724536896,0.9629999995231628,0.9351999759674072
YLR291C,YMR272C,0,-6.668234,0.0933501347899437,0.9629999995231628,0.9352999925613403
YGL150C,YKL062W,1,-6.668239,0.09343801438808441,0.9639999866485596,0.9352999925613403
YGR028W,YDR349C,0,-6.66905,0.09342896193265915,0.9639999866485596,0.9354000091552734
YOR295W,YDL091C,0,-6.677451,0.09341990202665329,0.9639999866485596,0.9355000257492065
YNL255C,YPL079W,0,-6.6781945,0.09341084957122803,0.9639999866485596,0.9355999827384949
YJL130C,YPR037C,0,-6.6784434,0.09340180456638336,0.9639999866485596,0.935699999332428
YOR371C,YPL268W,0,-6.6794505,0.0933927521109581,0.9639999866485596,0.9358000159263611
YDL134C,YMR298W,0,-6.6810875,0.09338370710611343,0.9639999866485596,0.9358999729156494
YBL001C,YEL055C,0,-6.682759,0.09337466210126877,0.9639999866485596,0.9359999895095825
YJR072C,YPR149W,0,-6.683583,0.0933656170964241,0.9639999866485596,0.9361000061035156
YDR347W,YLR219W,0,-6.6839104,0.09335657209157944,0.9639999866485596,0.9362000226974487
YIL070C,YOR052C,0,-6.6839633,0.09334753453731537,0.9639999866485596,0.9362999796867371
YNL096C,YDR434W,0,-6.6840453,0.0933384969830513,0.9639999866485596,0.9363999962806702
YDL074C,YGL054C,0,-6.6856546,0.09332945942878723,0.9639999866485596,0.9365000128746033
YKL210W,YOR059C,0,-6.685698,0.09332042932510376,0.9639999866485596,0.9366000294685364
YDR309C,YGR128C,0,-6.68704,0.09331139177083969,0.9639999866485596,0.9366999864578247
YPL131W,YPL096W,0,-6.6875806,0.09330236166715622,0.9639999866485596,0.9368000030517578
YJL052W,YBR073W,0,-6.687705,0.09329333156347275,0.9639999866485596,0.9369000196456909
YJL042W,YOR087W,0,-6.688938,0.09328430145978928,0.9639999866485596,0.9369999766349792
YPL237W,YKR061W,0,-6.6911902,0.0932752788066864,0.9639999866485596,0.9370999932289124
YOR304W,YOR151C,1,-6.693023,0.09336300194263458,0.9649999737739563,0.9370999932289124
YGL162W,YOL063C,1,-6.693532,0.09345071017742157,0.9660000205039978,0.9370999932289124
YJR014W,YLR080W,0,-6.6938424,0.0934416726231575,0.9660000205039978,0.9372000098228455
YDR304C,YDR093W,0,-6.6956263,0.09343263506889343,0.9660000205039978,0.9373000264167786
YMR071C,YMR060C,0,-6.6965737,0.09342359751462936,0.9660000205039978,0.9373999834060669
YPL237W,YGR206W,0,-6.6980195,0.0934145599603653,0.9660000205039978,0.9375
YHR005C,YOR163W,0,-6.6986794,0.09340552985668182,0.9660000205039978,0.9376000165939331
YPR108W,YJL045W,0,-6.699661,0.09339649975299835,0.9660000205039978,0.9376999735832214
YLR239C,YDR170C,0,-6.699796,0.09338746964931488,0.9660000205039978,0.9377999901771545
YJR156C,YGR128C,0,-6.7007656,0.093378446996212,0.9660000205039978,0.9379000067710876
YMR038C,YCR038C,0,-6.7045083,0.09336941689252853,0.9660000205039978,0.9380000233650208
YFL017C,YBR210W,0,-6.7048354,0.09336039423942566,0.9660000205039978,0.9380999803543091
YNL084C,YPL028W,0,-6.708422,0.09335137158632278,0.9660000205039978,0.9381999969482422
YDR488C,YIL030C,0,-6.710069,0.09334234893321991,0.9660000205039978,0.9383000135421753
YDL231C,YPR100W,0,-6.712169,0.09333333373069763,0.9660000205039978,0.9383999705314636
YBR298C,YKL141W,0,-6.713574,0.09332431852817535,0.9660000205039978,0.9384999871253967
YIR025W,YOR096W,0,-6.714041,0.09331530332565308,0.9660000205039978,0.9386000037193298
YOR372C,YFR037C,1,-6.714176,0.09340287744998932,0.9670000076293945,0.9386000037193298
YDR152W,YKL213C,0,-6.715762,0.09339385479688644,0.9670000076293945,0.9387000203132629
YBR154C,YPL002C,1,-6.7168317,0.0934814065694809,0.9679999947547913,0.9387000203132629
YOR326W,YNL160W,0,-6.71788,0.09347238391637802,0.9679999947547913,0.9387999773025513
YIL014W,YKR037C,0,-6.7193985,0.09346336126327515,0.9679999947547913,0.9388999938964844
YER016W,YOR122C,0,-6.719915,0.09345433115959167,0.9679999947547913,0.9390000104904175
YNL104C,YDR291W,0,-6.721394,0.0934453159570694,0.9679999947547913,0.9391000270843506
YGR268C,YOL140W,0,-6.7215996,0.09343629330396652,0.9679999947547913,0.9391999840736389
YCR079W,YNL238W,0,-6.724401,0.09342727810144424,0.9679999947547913,0.939300000667572
YLR009W,YBL015W,0,-6.7244773,0.09341825544834137,0.9679999947547913,0.9394000172615051
YLR197W,YDR247W,0,-6.7254205,0.09340924769639969,0.9679999947547913,0.9394999742507935
YNL220W,YDR092W,0,-6.7254434,0.09340023249387741,0.9679999947547913,0.9395999908447266
YML091C,YMR033W,1,-6.7268405,0.0934877023100853,0.968999981880188,0.9395999908447266
YBR092C,YLR324W,0,-6.728584,0.09347867965698242,0.968999981880188,0.9397000074386597
YOR201C,YDL100C,0,-6.7315907,0.09346966445446014,0.968999981880188,0.9398000240325928
YLR427W,YNL031C,0,-6.7325983,0.09346064925193787,0.968999981880188,0.9398999810218811
YDL247W,YOR167C,0,-6.739375,0.09345163404941559,0.968999981880188,0.9399999976158142
YGL245W,YPL078C,0,-6.739425,0.09344262629747391,0.968999981880188,0.9401000142097473
YOR355W,YER104W,0,-6.741386,0.09343361109495163,0.968999981880188,0.9401999711990356
YNL079C,YDR011W,0,-6.7426186,0.09342460334300995,0.968999981880188,0.9402999877929688
YKL038W,YBR260C,0,-6.7429433,0.09341559559106827,0.968999981880188,0.9404000043869019
YOR034C,YHR001W-A,0,-6.7439084,0.09340659528970718,0.968999981880188,0.940500020980835
YIL099W,YPR112C,0,-6.744922,0.0933975875377655,0.968999981880188,0.9405999779701233
YGR230W,YBR248C,0,-6.745152,0.09338858723640442,0.968999981880188,0.9406999945640564
YPL218W,YDR069C,0,-6.7456036,0.09337958693504333,0.968999981880188,0.9408000111579895
YDR121W,YAL016W,0,-6.7466025,0.09337059408426285,0.968999981880188,0.9409000277519226
YER090W,YOR136W,0,-6.7467775,0.09336159378290176,0.968999981880188,0.9409999847412109
YDR168W,YKL093W,0,-6.7473283,0.09335260093212128,0.968999981880188,0.941100001335144
YBL093C,YKL062W,1,-6.74735,0.09343993663787842,0.9700000286102295,0.941100001335144
YMR022W,YAL048C,0,-6.747459,0.09343093633651733,0.9700000286102295,0.9412000179290771
YKL160W,YPR070W,1,-6.7498717,0.09351824969053268,0.9710000157356262,0.9412000179290771
YKR050W,YOL139C,0,-6.750278,0.093509241938591,0.9710000157356262,0.9412999749183655
YNL223W,YGR286C,0,-6.754572,0.09350024163722992,0.9710000157356262,0.9413999915122986
YNL168C,YKR028W,0,-6.7546473,0.09349124133586884,0.9710000157356262,0.9415000081062317
YJR147W,YLR258W,0,-6.755412,0.09348224103450775,0.9710000157356262,0.9416000247001648
YLR335W,YBR298C,0,-6.757195,0.09347324073314667,0.9710000157356262,0.9416999816894531
YDL014W,YBL041W,0,-6.7574162,0.09346424043178558,0.9710000157356262,0.9417999982833862
YKL074C,YIR015W,0,-6.758622,0.0934552475810051,0.9710000157356262,0.9419000148773193
YPR033C,YLR304C,0,-6.758723,0.09344625473022461,0.9710000157356262,0.9419999718666077
YHR135C,YKL002W,0,-6.760834,0.09343726187944412,0.9710000157356262,0.9420999884605408
YGR044C,YMR043W,1,-6.7620893,0.09352448582649231,0.972000002861023,0.9420999884605408
YLR175W,YOR125C,0,-6.762387,0.09351549297571182,0.972000002861023,0.9422000050544739
YKR100C,YPL128C,0,-6.763646,0.09350649267435074,0.972000002861023,0.942300021648407
YPL160W,YGL003C,0,-6.7638435,0.09349749982357025,0.972000002861023,0.9423999786376953
YJR047C,YDL013W,0,-6.7638984,0.09348850697278976,0.972000002861023,0.9424999952316284
YJR072C,YKR006C,0,-6.764511,0.09347951412200928,0.972000002861023,0.9426000118255615
YHR027C,YOR184W,0,-6.765742,0.09347052872180939,0.972000002861023,0.9427000284194946
YPR056W,YPL002C,1,-6.7666097,0.0935576930642128,0.9729999899864197,0.9427000284194946
YDR382W,YLR246W,0,-6.7669215,0.09354870021343231,0.9729999899864197,0.942799985408783
YPL139C,YGL200C,0,-6.767382,0.09353970736265182,0.9729999899864197,0.9429000020027161
YLR310C,YPR079W,0,-6.7674756,0.09353071451187134,0.9729999899864197,0.9430000185966492
YHR106W,YKL214C,0,-6.7684417,0.09352172166109085,0.9729999899864197,0.9430999755859375
YJL170C,YBL038W,0,-6.769434,0.09351273626089096,0.9729999899864197,0.9431999921798706
YNR027W,YKR014C,0,-6.772431,0.09350375086069107,0.9729999899864197,0.9433000087738037
YKL051W,YML059C,0,-6.7739334,0.09349476546049118,0.9729999899864197,0.9434000253677368
YBR039W,YDL225W,0,-6.7747207,0.09348578006029129,0.9729999899864197,0.9434999823570251
YLR175W,YDR244W,0,-6.7782006,0.093476802110672,0.9729999899864197,0.9435999989509583
YHL001W,YDL184C,0,-6.7782974,0.0934678167104721,0.9729999899864197,0.9437000155448914
YOR367W,YMR140W,0,-6.7786202,0.09345883876085281,0.9729999899864197,0.9437999725341797
YOR361C,YOR125C,0,-6.7796865,0.09344986826181412,0.9729999899864197,0.9438999891281128
YOL055C,YPL219W,0,-6.78122,0.09344089031219482,0.9729999899864197,0.9440000057220459
YCL054W,YBR223C,0,-6.782575,0.09343191981315613,0.9729999899864197,0.944100022315979
YGR002C,YOL003C,0,-6.7829394,0.09342294931411743,0.9729999899864197,0.9441999793052673
YHR123W,YMR268C,0,-6.784125,0.09341397881507874,0.9729999899864197,0.9442999958992004
YCR030C,YKL168C,0,-6.784755,0.09340500831604004,0.9729999899864197,0.9444000124931335
YAL010C,YEL026W,0,-6.7853236,0.09339604526758194,0.9729999899864197,0.9445000290870667
YGL016W,YGL006W,0,-6.785502,0.09338708221912384,0.9729999899864197,0.944599986076355
YBR222C,YHR208W,0,-6.7870984,0.09337811917066574,0.9729999899864197,0.9447000026702881
YPL032C,YLR291C,0,-6.788146,0.09336915612220764,0.9729999899864197,0.9448000192642212
YPR024W,YBL026W,0,-6.788254,0.09336020052433014,0.9729999899864197,0.9448999762535095
YDR189W,YNL283C,0,-6.7914424,0.09335124492645264,0.9729999899864197,0.9449999928474426
YBR287W,YHR169W,0,-6.7915373,0.09334228932857513,0.9729999899864197,0.9451000094413757
YFL034C-A,YOR134W,0,-6.791783,0.09333333373069763,0.9729999899864197,0.9452000260353088
YGR119C,YML129C,0,-6.7928643,0.09332437813282013,0.9729999899864197,0.9452999830245972
YAR033W,YEL055C,0,-6.7939234,0.09331542998552322,0.9729999899864197,0.9453999996185303
YHR099W,YNL136W,1,-6.7968082,0.09340237826108932,0.9739999771118164,0.9453999996185303
YKL160W,YMR037C,1,-6.796937,0.09348931163549423,0.9750000238418579,0.9453999996185303
YDR362C,YNL125C,0,-6.797061,0.09348034858703613,0.9750000238418579,0.9455000162124634
YAR050W,YOR261C,0,-6.7971663,0.09347138553857803,0.9750000238418579,0.9455999732017517
YGL197W,YNL326C,0,-6.798643,0.09346242249011993,0.9750000238418579,0.9456999897956848
YOR323C,YDR037W,0,-6.802294,0.09345346689224243,0.9750000238418579,0.9458000063896179
YER048C,YNL315C,0,-6.8045964,0.09344451129436493,0.9750000238418579,0.945900022983551
YEL017C-A,YML016C,0,-6.8051,0.09343555569648743,0.9750000238418579,0.9459999799728394
YKL196C,YBR044C,0,-6.8063602,0.09342660009860992,0.9750000238418579,0.9460999965667725
YMR214W,YPL134C,0,-6.8083587,0.09341765195131302,0.9750000238418579,0.9462000131607056
YDR516C,YDR289C,1,-6.808556,0.09350450336933136,0.9760000109672546,0.9462000131607056
YBR008C,YEL013W,0,-6.8105755,0.09349554777145386,0.9760000109672546,0.9463000297546387
YDR321W,YMR077C,0,-6.810638,0.09348659217357635,0.9760000109672546,0.946399986743927
YMR286W,YGR141W,0,-6.81131,0.09347763657569885,0.9760000109672546,0.9465000033378601
YCL031C,YFL034C-B,0,-6.8120728,0.09346868097782135,0.9760000109672546,0.9466000199317932
YDR276C,YCL057W,0,-6.8125443,0.09345973283052444,0.9760000109672546,0.9466999769210815
YJR126C,YNR003C,0,-6.8130813,0.09345078468322754,0.9760000109672546,0.9467999935150146
YPR073C,YBR044C,0,-6.815054,0.09344183653593063,0.9760000109672546,0.9469000101089478
YOR230W,YPR190C,0,-6.8157215,0.09343289583921432,0.9760000109672546,0.9470000267028809
YJR034W,YBR249C,0,-6.8161902,0.09342394769191742,0.9760000109672546,0.9470999836921692
YOL061W,YMR260C,0,-6.8168645,0.09341500699520111,0.9760000109672546,0.9472000002861023
YNL329C,YOR020C,0,-6.816971,0.0934060662984848,0.9760000109672546,0.9473000168800354
YKL065C,YMR072W,0,-6.8170824,0.0933971256017685,0.9760000109672546,0.9473999738693237
YPL005W,YOR144C,0,-6.8174815,0.09338819235563278,0.9760000109672546,0.9474999904632568
YPL186C,YBR202W,0,-6.817879,0.09337925910949707,0.9760000109672546,0.9476000070571899
YGR173W,YDR517W,0,-6.819967,0.09337032586336136,0.9760000109672546,0.947700023651123
YPL028W,YKL049C,0,-6.821501,0.09336139261722565,0.9760000109672546,0.9477999806404114
YPR051W,YNL292W,0,-6.8215694,0.09335245937108994,0.9760000109672546,0.9478999972343445
YDR211W,YNL003C,0,-6.821593,0.09334353357553482,0.9760000109672546,0.9480000138282776
YKL085W,YBL014C,0,-6.8240056,0.0933346077799797,0.9760000109672546,0.9480999708175659
YOL062C,YJR019C,0,-6.8242316,0.09332568198442459,0.9760000109672546,0.948199987411499
YBR067C,YJL099W,0,-6.8246655,0.09331676363945007,0.9760000109672546,0.9483000040054321
YDR237W,YHR030C,0,-6.8254657,0.09330783784389496,0.9760000109672546,0.9484000205993652
YOR372C,YMR021C,1,-6.8262095,0.09339451044797897,0.9769999980926514,0.9484000205993652
YGL029W,YPR185W,0,-6.8270206,0.09338558465242386,0.9769999980926514,0.9484999775886536
YER017C,YDL046W,0,-6.8290553,0.09337665885686874,0.9769999980926514,0.9485999941825867
YIL153W,YDR021W,0,-6.831042,0.09336774051189423,0.9769999980926514,0.9487000107765198
YGR116W,YLR113W,1,-6.833692,0.09345436841249466,0.9779999852180481,0.9487000107765198
YKL009W,YNL124W,0,-6.8367295,0.09344544261693954,0.9779999852180481,0.9488000273704529
YER117W,YHR150W,0,-6.837407,0.09343651682138443,0.9779999852180481,0.9488999843597412
YPR155C,YHR174W,0,-6.8379116,0.09342759102582932,0.9779999852180481,0.9490000009536743
YPL263C,YLL022C,0,-6.838149,0.0934186652302742,0.9779999852180481,0.9491000175476074
YEL071W,YHR002W,0,-6.838176,0.09340973943471909,0.9779999852180481,0.9491999745368958
YER080W,YFL034C-A,0,-6.8383408,0.09340082108974457,0.9779999852180481,0.9492999911308289
YGL099W,YDL146W,0,-6.8388066,0.09339190274477005,0.9779999852180481,0.949400007724762
YLR437C,YPL262W,0,-6.842298,0.09338298439979553,0.9779999852180481,0.9495000243186951
YDR287W,YOR168W,0,-6.8436265,0.09337406605482101,0.9779999852180481,0.9495999813079834
YKL091C,YDL110C,0,-6.844076,0.0933651551604271,0.9779999852180481,0.9496999979019165
YKL143W,YER101C,0,-6.844826,0.09335624426603317,0.9779999852180481,0.9498000144958496
YNL180C,YLR229C,0,-6.845205,0.09334733337163925,0.9779999852180481,0.9498999714851379
YNL132W,YJR161C,0,-6.8456664,0.09333842247724533,0.9779999852180481,0.949999988079071
YLR337C,YAL003W,0,-6.8475776,0.093329519033432,0.9779999852180481,0.9501000046730042
YJR089W,YOR085W,0,-6.848041,0.09332060813903809,0.9779999852180481,0.9502000212669373
YGL189C,YLR054C,0,-6.8487945,0.09331170469522476,0.9779999852180481,0.9502999782562256
YLR399C,YDR284C,0,-6.8489404,0.09330280125141144,0.9779999852180481,0.9503999948501587
YNR022C,YMR298W,0,-6.850722,0.09329390525817871,0.9779999852180481,0.9505000114440918
YML130C,YOR065W,0,-6.851493,0.09328500926494598,0.9779999852180481,0.9506000280380249
YNL087W,YLR390W-A,0,-6.8526454,0.09327610582113266,0.9779999852180481,0.9506999850273132
YJL010C,YNR015W,0,-6.8534255,0.09326720982789993,0.9779999852180481,0.9508000016212463
YOR184W,YOL038W,0,-6.8545847,0.0932583212852478,0.9779999852180481,0.9509000182151794
YGR020C,YGR141W,0,-6.8558564,0.09324942529201508,0.9779999852180481,0.9509999752044678
YKL220C,YNR055C,0,-6.857429,0.09324053674936295,0.9779999852180481,0.9510999917984009
YKL085W,YHR195W,0,-6.859056,0.09323164820671082,0.9779999852180481,0.951200008392334
YKL148C,YJL001W,0,-6.860269,0.09322275966405869,0.9779999852180481,0.9513000249862671
YDL015C,YNL177C,0,-6.8602834,0.09321387857198715,0.9779999852180481,0.9513999819755554
YHL015W,YKR089C,0,-6.861349,0.09320499747991562,0.9779999852180481,0.9514999985694885
YDL079C,YKR028W,0,-6.8620734,0.09319610893726349,0.9779999852180481,0.9516000151634216
YIL022W,YCR061W,0,-6.8627563,0.09318723529577255,0.9779999852180481,0.95169997215271
YOR327C,YBR094W,0,-6.8629007,0.09317835420370102,0.9779999852180481,0.9517999887466431
YOR161C,YKL128C,0,-6.8655963,0.09316948056221008,0.9779999852180481,0.9519000053405762
YIL101C,YLR412W,0,-6.8674755,0.09316059947013855,0.9779999852180481,0.9520000219345093
YLR231C,YOL018C,0,-6.868261,0.09315172582864761,0.9779999852180481,0.9520999789237976
YDR197W,YAL023C,0,-6.871016,0.09314285963773727,0.9779999852180481,0.9521999955177307
YPL031C,YNR043W,0,-6.8710732,0.09313398599624634,0.9779999852180481,0.9523000121116638
YBR169C,YMR012W,0,-6.872618,0.093125119805336,0.9779999852180481,0.9524000287055969
YDL100C,YCR069W,0,-6.8729615,0.09311625361442566,0.9779999852180481,0.9524999856948853
YHR171W,YLR192C,0,-6.874076,0.09310738742351532,0.9779999852180481,0.9526000022888184
YGR027C,YER116C,0,-6.8747206,0.09309852123260498,0.9779999852180481,0.9527000188827515
YGR167W,YPL214C,0,-6.876596,0.09308966249227524,0.9779999852180481,0.9527999758720398
YHR046C,YMR071C,0,-6.879069,0.0930808037519455,0.9779999852180481,0.9528999924659729
YPL255W,YLR121C,0,-6.880272,0.09307194501161575,0.9779999852180481,0.953000009059906
YML052W,YBR065C,0,-6.8807197,0.09306308627128601,0.9779999852180481,0.9531000256538391
YGR136W,YKL029C,0,-6.880834,0.09305423498153687,0.9779999852180481,0.9531999826431274
YGL187C,YGR209C,0,-6.8825383,0.09304538369178772,0.9779999852180481,0.9532999992370605
YBR068C,YLL050C,0,-6.8835883,0.09303653240203857,0.9779999852180481,0.9534000158309937
YBR150C,YMR298W,0,-6.8840747,0.09302768111228943,0.9779999852180481,0.953499972820282
YCR020C-A,YIR041W,0,-6.8867955,0.09301882982254028,0.9779999852180481,0.9535999894142151
YAL053W,YGR276C,0,-6.8872414,0.09300998598337173,0.9779999852180481,0.9537000060081482
YAL043C,YGR044C,1,-6.8887753,0.09309623390436172,0.9789999723434448,0.9537000060081482
YLR337C,YKL172W,0,-6.889167,0.09308738261461258,0.9789999723434448,0.9538000226020813
YKL140W,YPR145W,0,-6.8904147,0.09307853132486343,0.9789999723434448,0.9538999795913696
YPL106C,YKR037C,0,-6.892321,0.09306968003511429,0.9789999723434448,0.9539999961853027
YNL256W,YGR279C,0,-6.8923545,0.09306083619594574,0.9789999723434448,0.9541000127792358
YBR247C,YGR229C,0,-6.8980403,0.09305199235677719,0.9789999723434448,0.954200029373169
YBR154C,YLR176C,1,-6.89864,0.093138188123703,0.9800000190734863,0.954200029373169
YFL023W,YMR237W,0,-6.898993,0.09312933683395386,0.9800000190734863,0.9542999863624573
YDR470C,YLR082C,0,-6.9002285,0.09312048554420471,0.9800000190734863,0.9544000029563904
YGL189C,YOR027W,0,-6.9030013,0.09311164170503616,0.9800000190734863,0.9545000195503235
YGR295C,YDL201W,0,-6.904432,0.09310279041528702,0.9800000190734863,0.9545999765396118
YDR211W,YOR018W,0,-6.9091325,0.09309394657611847,0.9800000190734863,0.9546999931335449
YIL098C,YBR048W,0,-6.909314,0.09308510273694992,0.9800000190734863,0.954800009727478
YJL146W,YHR169W,0,-6.9113684,0.09307626634836197,0.9800000190734863,0.9549000263214111
YDR341C,YAL054C,0,-6.9115815,0.09306742995977402,0.9800000190734863,0.9549999833106995
YMR278W,YMR076C,0,-6.9123373,0.09305858612060547,0.9800000190734863,0.9550999999046326
YIL118W,YDL020C,0,-6.9193273,0.09304974973201752,0.9800000190734863,0.9552000164985657
YLR447C,YDR092W,0,-6.9220896,0.09304092079401016,0.9800000190734863,0.955299973487854
YOR360C,YBR230C,0,-6.9222074,0.09303208440542221,0.9800000190734863,0.9553999900817871
YER168C,YMR271C,0,-6.9229527,0.09302325546741486,0.9800000190734863,0.9555000066757202
YER165W,YLR293C,0,-6.9240193,0.0930144265294075,0.9800000190734863,0.9556000232696533
YOR042W,YBR155W,0,-6.924562,0.09300559759140015,0.9800000190734863,0.9556999802589417
YHR144C,YOR163W,0,-6.9256725,0.09299677610397339,0.9800000190734863,0.9557999968528748
YOR260W,YDL225W,0,-6.927289,0.09298794716596603,0.9800000190734863,0.9559000134468079
YHR089C,YKL081W,0,-6.9287915,0.09297912567853928,0.9800000190734863,0.9559999704360962
YJR044C,YLR197W,0,-6.928913,0.09297030419111252,0.9800000190734863,0.9560999870300293
YPL085W,YOL018C,0,-6.9289656,0.09296149015426636,0.9800000190734863,0.9562000036239624
YOR257W,YHR123W,0,-6.9291844,0.0929526686668396,0.9800000190734863,0.9563000202178955
YAR014C,YNL284C,0,-6.931704,0.09294385462999344,0.9800000190734863,0.9563999772071838
YBL075C,YDR245W,0,-6.934417,0.09293504059314728,0.9800000190734863,0.9564999938011169
YLR256W,YPR025C,1,-6.935003,0.09302105009555817,0.9810000061988831,0.9564999938011169
YOR151C,YJL081C,1,-6.9351945,0.09310704469680786,0.9819999933242798,0.9564999938011169
YPL204W,YKL130C,0,-6.9364305,0.0930982157588005,0.9819999933242798,0.95660001039505
YDR211W,YHR028C,0,-6.9367414,0.09308939427137375,0.9819999933242798,0.9567000269889832
YPL093W,YJL001W,0,-6.9369764,0.0930805653333664,0.9819999933242798,0.9567999839782715
YOL149W,YAL048C,0,-6.9379344,0.09307174384593964,0.9819999933242798,0.9569000005722046
YMR013C,YBL038W,0,-6.938009,0.09306292980909348,0.9819999933242798,0.9570000171661377
YDL236W,YKL204W,0,-6.9415994,0.09305410832166672,0.9819999933242798,0.957099974155426
YJR123W,YPL249C,0,-6.9478774,0.09304529428482056,0.9819999933242798,0.9571999907493591
YPL078C,YBR248C,0,-6.9506974,0.0930364727973938,0.9819999933242798,0.9573000073432922
YCL050C,YDR534C,0,-6.9518867,0.09302765876054764,0.9819999933242798,0.9574000239372253
YER003C,YML125C,0,-6.9531636,0.09301885217428207,0.9819999933242798,0.9574999809265137
YPL123C,YKR085C,0,-6.9532743,0.09301003813743591,0.9819999933242798,0.9575999975204468
YGL073W,YLR449W,1,-6.9548774,0.09309593588113785,0.9829999804496765,0.9575999975204468
YIL022W,YOR142W,0,-6.95549,0.09308712184429169,0.9829999804496765,0.9577000141143799
YDR311W,YJL081C,1,-6.9575686,0.09317299723625183,0.984000027179718,0.9577000141143799
YDR202C,YBL032W,0,-6.959467,0.09316417574882507,0.984000027179718,0.9577999711036682
YLR155C,YDR170C,0,-6.9603276,0.09315535426139832,0.984000027179718,0.9578999876976013
YGR116W,YOR172W,1,-6.9604135,0.09324119985103607,0.9850000143051147,0.9578999876976013
YDR043C,YGL246C,1,-6.9606795,0.09332702308893204,0.9860000014305115,0.9578999876976013
YHR046C,YDR462W,0,-6.9630513,0.09331818670034409,0.9860000014305115,0.9580000042915344
YPL210C,YDL035C,0,-6.9656324,0.09330935776233673,0.9860000014305115,0.9581000208854675
YDR145W,YKL062W,1,-6.966682,0.0933951586484909,0.9869999885559082,0.9581000208854675
YGR027C,YLR151C,0,-6.9691844,0.09338631480932236,0.9869999885559082,0.9581999778747559
YPR042C,YLR192C,0,-6.969216,0.093377485871315,0.9869999885559082,0.958299994468689
YBR006W,YNL188W,0,-6.971729,0.09336864948272705,0.9869999885559082,0.9584000110626221
YJR068W,YML121W,0,-6.972885,0.0933598205447197,0.9869999885559082,0.9585000276565552
YKL204W,YIL116W,0,-6.976724,0.09335099160671234,0.9869999885559082,0.9585999846458435
YNL220W,YOR290C,0,-6.978807,0.09334216266870499,0.9869999885559082,0.9587000012397766
YDR471W,YOR044W,0,-6.97893,0.09333333373069763,0.9869999885559082,0.9588000178337097
YER129W,YPL065W,0,-6.979605,0.09332450479269028,0.9869999885559082,0.958899974822998
YNR017W,YOL049W,0,-6.9815874,0.09331568330526352,0.9869999885559082,0.9589999914169312
YBL061C,YKL034W,0,-6.9824977,0.09330686181783676,0.9869999885559082,0.9591000080108643
YDL231C,YEL034W,0,-6.9867616,0.09329804033041,0.9869999885559082,0.9592000246047974
YGL191W,YOL144W,0,-6.988448,0.09328922629356384,0.9869999885559082,0.9592999815940857
YDR429C,YBL041W,0,-6.9908977,0.09328040480613708,0.9869999885559082,0.9593999981880188
YGR189C,YLR412W,0,-6.9930024,0.09327159076929092,0.9869999885559082,0.9595000147819519
YBR102C,YOR096W,0,-6.995885,0.09326277673244476,0.9869999885559082,0.9595999717712402
YBR237W,YOL033W,0,-6.996334,0.0932539701461792,0.9869999885559082,0.9596999883651733
YNL268W,YDR486C,0,-6.997776,0.09324515610933304,0.9869999885559082,0.9598000049591064
YLL018C,YPL059W,0,-6.998737,0.09323634952306747,0.9869999885559082,0.9599000215530396
YDR358W,YMR302C,0,-6.9990754,0.09322754293680191,0.9869999885559082,0.9599999785423279
YJR014W,YPL219W,0,-7.0012937,0.09321873635053635,0.9869999885559082,0.960099995136261
YIL023C,YHR065C,0,-7.0035014,0.09320993721485138,0.9869999885559082,0.9602000117301941
YMR038C,YML128C,0,-7.0058804,0.09320113062858582,0.9869999885559082,0.9603000283241272
YOR294W,YGR245C,0,-7.0070567,0.09319233149290085,0.9869999885559082,0.9603999853134155
YNL131W,YOL110W,0,-7.007609,0.09318353235721588,0.9869999885559082,0.9605000019073486
YGL066W,YDL067C,0,-7.0085006,0.09317474067211151,0.9869999885559082,0.9606000185012817
YJR121W,YNL118C,0,-7.0109315,0.09316594153642654,0.9869999885559082,0.9606999754905701
YBR255W,YCR046C,0,-7.012095,0.09315714985132217,0.9869999885559082,0.9607999920845032
YHR005C,YGL011C,0,-7.012703,0.0931483581662178,0.9869999885559082,0.9609000086784363
YNR036C,YKL017C,0,-7.012871,0.09313956648111343,0.9869999885559082,0.9610000252723694
YGR185C,YDL212W,0,-7.0134506,0.09313078224658966,0.9869999885559082,0.9610999822616577
YPL005W,YAL033W,0,-7.0203447,0.09312199056148529,0.9869999885559082,0.9611999988555908
YOR261C,YDR384C,0,-7.021092,0.09311320632696152,0.9869999885559082,0.9613000154495239
YKL080W,YPR151C,0,-7.023124,0.09310442209243774,0.9869999885559082,0.9613999724388123
YGR285C,YCR024C,0,-7.023996,0.09309564530849457,0.9869999885559082,0.9614999890327454
YLR448W,YGL190C,0,-7.0242343,0.0930868610739708,0.9869999885559082,0.9616000056266785
YOR327C,YJR093C,0,-7.0278716,0.09307808429002762,0.9869999885559082,0.9617000222206116
YBR106W,YNL133C,0,-7.028174,0.09306930750608444,0.9869999885559082,0.9617999792098999
YNL180C,YKL190W,0,-7.0288134,0.09306053072214127,0.9869999885559082,0.961899995803833
YBR255W,YGL099W,0,-7.0291443,0.09305176138877869,0.9869999885559082,0.9620000123977661
YGR118W,YMR115W,0,-7.029386,0.09304298460483551,0.9869999885559082,0.9621000289916992
YCR048W,YHL002W,0,-7.0304785,0.09303421527147293,0.9869999885559082,0.9621999859809875
YGR174C,YHR133C,0,-7.0328894,0.09302544593811035,0.9869999885559082,0.9623000025749207
YNL081C,YDR170C,0,-7.033394,0.09301668405532837,0.9869999885559082,0.9624000191688538
YLL026W,YEL044W,0,-7.036185,0.09300791472196579,0.9869999885559082,0.9624999761581421
YNR016C,YGL095C,0,-7.040216,0.09299915283918381,0.9869999885559082,0.9625999927520752
YFR037C,YOR178C,1,-7.0450325,0.09308460354804993,0.9879999756813049,0.9625999927520752
YOR035C,YNL031C,0,-7.0450597,0.09307583421468735,0.9879999756813049,0.9627000093460083
YER019W,YNL098C,0,-7.045613,0.09306706488132477,0.9879999756813049,0.9628000259399414
YAL042W,YDR219C,0,-7.047561,0.09305830299854279,0.9879999756813049,0.9628999829292297
YEL034W,YJR064W,0,-7.0475616,0.0930495411157608,0.9879999756813049,0.9629999995231628
YGR214W,YIL078W,0,-7.0485806,0.09304077923297882,0.9879999756813049,0.963100016117096
YJL177W,YIL065C,0,-7.0495253,0.09303201735019684,0.9879999756813049,0.9631999731063843
YBL090W,YJL164C,0,-7.0529585,0.09302325546741486,0.9879999756813049,0.9632999897003174
YCL054W,YLR221C,0,-7.0542245,0.09301450103521347,0.9879999756813049,0.9634000062942505
YHR028C,YCR035C,0,-7.057635,0.09300573915243149,0.9879999756813049,0.9635000228881836
YGR030C,YLR429W,0,-7.0597544,0.0929969847202301,0.9879999756813049,0.9635999798774719
YCR030C,YBR025C,0,-7.0607734,0.09298823773860931,0.9879999756813049,0.963699996471405
YNL244C,YGR231C,0,-7.0629687,0.09297948330640793,0.9879999756813049,0.9638000130653381
YLL021W,YIR036C,0,-7.0657544,0.09297073632478714,0.9879999756813049,0.9639000296592712
YHR150W,YIL062C,0,-7.065875,0.09296198934316635,0.9879999756813049,0.9639999866485596
YPL212C,YDR418W,0,-7.07037,0.09295324236154556,0.9879999756813049,0.9641000032424927
YDR268W,YCL059C,0,-7.0717673,0.09294449537992477,0.9879999756813049,0.9642000198364258
YLR121C,YBR061C,0,-7.071919,0.09293575584888458,0.9879999756813049,0.9642999768257141
YDR449C,YFR044C,0,-7.074567,0.09292701631784439,0.9879999756813049,0.9643999934196472
YBR142W,YGR128C,0,-7.0782743,0.0929182767868042,0.9879999756813049,0.9645000100135803
YLR333C,YIL007C,0,-7.0815105,0.09290953725576401,0.9879999756813049,0.9646000266075134
YJR047C,YMR098C,0,-7.0847287,0.09290079772472382,0.9879999756813049,0.9646999835968018
YDR021W,YNL308C,0,-7.0860996,0.09289206564426422,0.9879999756813049,0.9648000001907349
YKR036C,YER008C,0,-7.0870433,0.09288333356380463,0.9879999756813049,0.964900016784668
YGR295C,YKL024C,0,-7.0874534,0.09287460148334503,0.9879999756813049,0.9649999737739563
YNL220W,YOR134W,0,-7.0916457,0.09286586940288544,0.9879999756813049,0.9650999903678894
YOR323C,YPR154W,0,-7.09345,0.09285714477300644,0.9879999756813049,0.9652000069618225
YMR293C,YPL169C,0,-7.0943704,0.09284842014312744,0.9879999756813049,0.9653000235557556
YJR065C,YFL017W-A,0,-7.095472,0.09283968806266785,0.9879999756813049,0.965399980545044
YCR048W,YHR147C,0,-7.0958185,0.09283097088336945,0.9879999756813049,0.965499997138977
YNL125C,YHR133C,0,-7.100028,0.09282224625349045,0.9879999756813049,0.9656000137329102
YER131W,YPR185W,0,-7.1019073,0.09281352907419205,0.9879999756813049,0.9656999707221985
YBR085W,YHR104W,0,-7.103902,0.09280481189489365,0.9879999756813049,0.9657999873161316
YPR093C,YDL185W,0,-7.107121,0.09279609471559525,0.9879999756813049,0.9659000039100647
YDR041W,YHR170W,0,-7.1079073,0.09278737753629684,0.9879999756813049,0.9660000205039978
YLL021W,YIR039C,0,-7.109462,0.09277866780757904,0.9879999756813049,0.9660999774932861
YPR193C,YOR063W,0,-7.1095967,0.09276995062828064,0.9879999756813049,0.9661999940872192
YDL076C,YOR362C,0,-7.110517,0.09276124089956284,0.9879999756813049,0.9663000106811523
YMR313C,YJL014W,0,-7.115793,0.09275253117084503,0.9879999756813049,0.9664000272750854
YML024W,YIR036C,0,-7.1173406,0.09274382889270782,0.9879999756813049,0.9664999842643738
YER026C,YHR071W,0,-7.1212487,0.09273512661457062,0.9879999756813049,0.9666000008583069
YMR311C,YDL100C,0,-7.1216455,0.09272641688585281,0.9879999756813049,0.96670001745224
YBR121C,YJL031C,0,-7.121782,0.0927177146077156,0.9879999756813049,0.9667999744415283
YOL122C,YNL116W,0,-7.1241117,0.092709019780159,0.9879999756813049,0.9668999910354614
YOR116C,YBR111C,0,-7.124985,0.09270031750202179,0.9879999756813049,0.9670000076293945
YOR116C,YKL150W,0,-7.126348,0.09269162267446518,0.9879999756813049,0.9671000242233276
YLR398C,YOR219C,0,-7.128465,0.09268292784690857,0.9879999756813049,0.967199981212616
YLL006W,YOR206W,0,-7.1292043,0.09267423301935196,0.9879999756813049,0.9672999978065491
YKR056W,YDR513W,0,-7.1319547,0.09266553819179535,0.9879999756813049,0.9674000144004822
YOR132W,YDL171C,0,-7.134847,0.09265685081481934,0.9879999756813049,0.9674999713897705
YDR234W,YOR125C,0,-7.1363907,0.09264816343784332,0.9879999756813049,0.9675999879837036
YEL001C,YML051W,0,-7.139267,0.09263947606086731,0.9879999756813049,0.9677000045776367
YNL175C,YBR036C,0,-7.1401772,0.0926307886838913,0.9879999756813049,0.9678000211715698
YOR386W,YMR062C,0,-7.141885,0.09262210875749588,0.9879999756813049,0.9678999781608582
YLR262C,YAL042W,0,-7.1428246,0.09261342138051987,0.9879999756813049,0.9679999947547913
YFL029C,YKR094C,0,-7.144961,0.09260474145412445,0.9879999756813049,0.9681000113487244
YER006W,YKL194C,0,-7.145781,0.09259606152772903,0.9879999756813049,0.9682000279426575
YJR082C,YOR002W,0,-7.146006,0.09258738905191422,0.9879999756813049,0.9682999849319458
YLR370C,YMR319C,0,-7.1462407,0.0925787091255188,0.9879999756813049,0.9684000015258789
YOR138C,YOR181W,0,-7.155057,0.09257003664970398,0.9879999756813049,0.968500018119812
YOR142W,YLL008W,0,-7.1565895,0.09256136417388916,0.9879999756813049,0.9685999751091003
YKL193C,YDL171C,0,-7.161484,0.09255269169807434,0.9879999756813049,0.9686999917030334
YNL241C,YKL004W,0,-7.165014,0.09254402667284012,0.9879999756813049,0.9688000082969666
YNL281W,YJR151C,0,-7.16752,0.0925353541970253,0.9879999756813049,0.9689000248908997
YDL067C,YPL049C,0,-7.1698384,0.09252668917179108,0.9879999756813049,0.968999981880188
YLR037C,YBR267W,0,-7.1717696,0.09251802414655685,0.9879999756813049,0.9690999984741211
YCR083W,YDR465C,0,-7.17664,0.09250936657190323,0.9879999756813049,0.9692000150680542
YDL076C,YMR041C,0,-7.1771107,0.092500701546669,0.9879999756813049,0.9692999720573425
YJR019C,YIL142W,0,-7.178905,0.09249204397201538,0.9879999756813049,0.9693999886512756
YOR241W,YLL050C,0,-7.1853576,0.09248338639736176,0.9879999756813049,0.9695000052452087
YBR121C,YNL074C,0,-7.1887574,0.09247472882270813,0.9879999756813049,0.9696000218391418
YMR311C,YIL020C,0,-7.189486,0.0924660712480545,0.9879999756813049,0.9696999788284302
YJR077C,YOR259C,0,-7.1943984,0.09245742112398148,0.9879999756813049,0.9697999954223633
YOR361C,YDR381W,0,-7.194603,0.09244877099990845,0.9879999756813049,0.9699000120162964
YJR010C-A,YMR068W,0,-7.198913,0.09244012087583542,0.9879999756813049,0.9700000286102295
YJL002C,YDR169C,0,-7.199635,0.09243147075176239,0.9879999756813049,0.9700999855995178
YOR207C,YDL142C,0,-7.2065244,0.09242282807826996,0.9879999756813049,0.9702000021934509
YBL032W,YOR052C,0,-7.211475,0.09241417795419693,0.9879999756813049,0.970300018787384
YNL220W,YBR130C,0,-7.2117696,0.0924055352807045,0.9879999756813049,0.9703999757766724
YNR036C,YLR291C,0,-7.2119613,0.09239689260721207,0.9879999756813049,0.9704999923706055
YKR082W,YDR079W,0,-7.21364,0.09238825738430023,0.9879999756813049,0.9706000089645386
YHR065C,YOR002W,0,-7.2231126,0.0923796147108078,0.9879999756813049,0.9707000255584717
YDR254W,YOR096W,0,-7.2246194,0.09237097948789597,0.9879999756813049,0.97079998254776
YLR274W,YER101C,0,-7.232577,0.09236234426498413,0.9879999756813049,0.9708999991416931
YOR003W,YGL111W,0,-7.2329755,0.0923537090420723,0.9879999756813049,0.9710000157356262
YNL063W,YHR010W,0,-7.2331347,0.09234508126974106,0.9879999756813049,0.9710999727249146
YGL169W,YGR128C,0,-7.2349863,0.09233644604682922,0.9879999756813049,0.9711999893188477
YDR077W,YKL181W,0,-7.235371,0.09232781827449799,0.9879999756813049,0.9713000059127808
YGR129W,YOR176W,0,-7.2376075,0.09231919050216675,0.9879999756813049,0.9714000225067139
YOR124C,YPR144C,0,-7.2384024,0.09231057018041611,0.9879999756813049,0.9714999794960022
YKR072C,YDL185W,0,-7.243048,0.09230194240808487,0.9879999756813049,0.9715999960899353
YNL001W,YDR339C,0,-7.245667,0.09229332208633423,0.9879999756813049,0.9717000126838684
YDL247W,YPR043W,0,-7.249781,0.09228470176458359,0.9879999756813049,0.9718000292778015
YMR006C,YER051W,0,-7.2510366,0.09227608144283295,0.9879999756813049,0.9718999862670898
YGL045W,YJL196C,0,-7.2516527,0.0922674611210823,0.9879999756813049,0.972000002861023
YFR014C,YER036C,0,-7.2542653,0.09225884824991226,0.9879999756813049,0.972100019454956
YNR017W,YMR271C,0,-7.2544403,0.09225023537874222,0.9879999756813049,0.9721999764442444
YLR206W,YBR030W,0,-7.2548823,0.09224162250757217,0.9879999756813049,0.9722999930381775
YBL027W,YLR037C,0,-7.255009,0.09223300963640213,0.9879999756813049,0.9724000096321106
YNL151C,YGL099W,0,-7.2556486,0.09222439676523209,0.9879999756813049,0.9725000262260437
YER162C,YAL042W,0,-7.25576,0.09221579134464264,0.9879999756813049,0.972599983215332
YNL160W,YJL138C,0,-7.2564383,0.09220718592405319,0.9879999756813049,0.9726999998092651
YKR072C,YNL231C,0,-7.258155,0.09219858050346375,0.9879999756813049,0.9728000164031982
YLR276C,YGR197C,0,-7.2583623,0.0921899750828743,0.9879999756813049,0.9728999733924866
YGR061C,YNL003C,0,-7.262671,0.09218137711286545,0.9879999756813049,0.9729999899864197
YGL227W,YPL207W,0,-7.2653875,0.0921727791428566,0.9879999756813049,0.9731000065803528
YDL060W,YPL100W,0,-7.266763,0.09216418117284775,0.9879999756813049,0.9732000231742859
YMR217W,YLR324W,0,-7.2672763,0.0921555832028389,0.9879999756813049,0.9732999801635742
YOR260W,YLR082C,0,-7.2680445,0.09214698523283005,0.9879999756813049,0.9733999967575073
YKL125W,YOR020C,0,-7.268154,0.0921383947134018,0.9879999756813049,0.9735000133514404
YHR004C,YNL231C,0,-7.269948,0.09212980419397354,0.9879999756813049,0.9735999703407288
YPR052C,YPL190C,1,-7.2700725,0.09221445024013519,0.9890000224113464,0.9735999703407288
YIR022W,YJR093C,0,-7.270616,0.09220585227012634,0.9890000224113464,0.9736999869346619
YNL163C,YJL166W,0,-7.2732525,0.09219726175069809,0.9890000224113464,0.973800003528595
YPL070W,YDR324C,0,-7.273391,0.09218866378068924,0.9890000224113464,0.9739000201225281
YDR530C,YLR432W,0,-7.2756577,0.09218007326126099,0.9890000224113464,0.9739999771118164
YOR354C,YJR064W,0,-7.2757115,0.09217148274183273,0.9890000224113464,0.9740999937057495
YCR061W,YIL118W,0,-7.2769995,0.09216289222240448,0.9890000224113464,0.9742000102996826
YDR184C,YOR185C,0,-7.27795,0.09215430170297623,0.9890000224113464,0.9743000268936157
YLR370C,YGR097W,0,-7.2822146,0.09214571863412857,0.9890000224113464,0.974399983882904
YNL242W,YDL191W,0,-7.2829165,0.09213713556528091,0.9890000224113464,0.9745000004768372
YDR517W,YDR486C,0,-7.2838025,0.09212855249643326,0.9890000224113464,0.9746000170707703
YGR123C,YOL065C,0,-7.28456,0.0921199694275856,0.9890000224113464,0.9746999740600586
YMR271C,YKR083C,0,-7.2850795,0.09211139380931854,0.9890000224113464,0.9747999906539917
YDR205W,YNL301C,0,-7.2860446,0.09210281074047089,0.9890000224113464,0.9749000072479248
YDR037W,YHL019C,0,-7.2862325,0.09209423512220383,0.9890000224113464,0.9750000238418579
YNL075W,YIL157C,0,-7.2878375,0.09208565950393677,0.9890000224113464,0.9750999808311462
YLR333C,YOR134W,0,-7.2880487,0.0920770913362503,0.9890000224113464,0.9751999974250793
YJR067C,YOR347C,0,-7.2927184,0.09206851571798325,0.9890000224113464,0.9753000140190125
YPL026C,YER068W,1,-7.2932873,0.09215302765369415,0.9900000095367432,0.9753000140190125
YDL145C,YCR010C,0,-7.29477,0.0921444520354271,0.9900000095367432,0.9753999710083008
YFL001W,YLR350W,0,-7.295166,0.09213587641716003,0.9900000095367432,0.9754999876022339
YGR081C,YFR053C,0,-7.295325,0.09212730079889297,0.9900000095367432,0.975600004196167
YPL019C,YOR374W,0,-7.2954917,0.09211873263120651,0.9900000095367432,0.9757000207901001
YPR093C,YGR082W,0,-7.2969747,0.09211015701293945,0.9900000095367432,0.9757999777793884
YLR459W,YNL240C,0,-7.2981086,0.09210158884525299,0.9900000095367432,0.9758999943733215
YLR219W,YMR260C,0,-7.3013167,0.09209302067756653,0.9900000095367432,0.9760000109672546
YLR276C,YDL201W,0,-7.3145537,0.09208445996046066,0.9900000095367432,0.9761000275611877
YGL181W,YLR017W,0,-7.316357,0.0920758917927742,0.9900000095367432,0.9761999845504761
YGR268C,YDR051C,0,-7.320241,0.09206733107566833,0.9900000095367432,0.9763000011444092
YDR341C,YDR247W,0,-7.321045,0.09205877035856247,0.9900000095367432,0.9764000177383423
YDR043C,YDR190C,1,-7.3225656,0.09214319288730621,0.9909999966621399,0.9764000177383423
YIL043C,YDL197C,0,-7.3289685,0.09213462471961975,0.9909999966621399,0.9764999747276306
YER043C,YGR128C,0,-7.330472,0.09212605655193329,0.9909999966621399,0.9765999913215637
YHR062C,YHR051W,0,-7.3339276,0.09211749583482742,0.9909999966621399,0.9767000079154968
YLR074C,YHR170W,0,-7.3382163,0.09210893511772156,0.9909999966621399,0.9768000245094299
YDR530C,YEL042W,0,-7.3390536,0.09210037440061569,0.9909999966621399,0.9768999814987183
YJL042W,YHR085W,0,-7.341257,0.09209181368350983,0.9909999966621399,0.9769999980926514
YMR105C,YJL200C,0,-7.347432,0.09208325296640396,0.9909999966621399,0.9771000146865845
YOR294W,YGR052W,0,-7.354286,0.09207469969987869,0.9909999966621399,0.9771999716758728
YMR205C,YOL139C,0,-7.354647,0.09206614643335342,0.9909999966621399,0.9772999882698059
YLR350W,YIL078W,0,-7.3551073,0.09205759316682816,0.9909999966621399,0.977400004863739
YPR052C,YMR043W,1,-7.3569603,0.09214192628860474,0.9919999837875366,0.977400004863739
YGL020C,YER103W,0,-7.3582597,0.09213337302207947,0.9919999837875366,0.9775000214576721
YBR265W,YER139C,0,-7.3622236,0.0921248123049736,0.9919999837875366,0.9775999784469604
YDR488C,YDR071C,0,-7.3641286,0.09211625903844833,0.9919999837875366,0.9776999950408936
YER150W,YKL081W,0,-7.3668046,0.09210770577192307,0.9919999837875366,0.9778000116348267
YDR216W,YDR190C,1,-7.377584,0.09219199419021606,0.9929999709129333,0.9778000116348267
YDR211W,YML067C,0,-7.3777566,0.0921834409236908,0.9929999709129333,0.9779000282287598
YOR045W,YIL031W,0,-7.385301,0.09217488020658493,0.9929999709129333,0.9779999852180481
YOR051C,YDR375C,0,-7.390144,0.09216632694005966,0.9929999709129333,0.9781000018119812
YDR211W,YHR198C,0,-7.391437,0.0921577736735344,0.9929999709129333,0.9782000184059143
YJL117W,YMR222C,0,-7.3921914,0.09214922040700912,0.9929999709129333,0.9782999753952026
YNL177C,YKL210W,0,-7.3981996,0.09214066714048386,0.9929999709129333,0.9783999919891357
YLR264W,YOR031W,0,-7.398427,0.09213212132453918,0.9929999709129333,0.9785000085830688
YGL038C,YMR016C,0,-7.4024615,0.09212357550859451,0.9929999709129333,0.978600025177002
YER050C,YIL033C,0,-7.4100995,0.09211502969264984,0.9929999709129333,0.9786999821662903
YOR233W,YOR120W,0,-7.4116006,0.09210648387670517,0.9929999709129333,0.9787999987602234
YEL040W,YDR030C,0,-7.416604,0.0920979380607605,0.9929999709129333,0.9789000153541565
YNL138W,YHR206W,0,-7.425818,0.09208939969539642,0.9929999709129333,0.9789999723434448
YLR029C,YGL093W,0,-7.427435,0.09208086133003235,0.9929999709129333,0.9790999889373779
YOL130W,YKR006C,0,-7.4284196,0.09207232296466827,0.9929999709129333,0.979200005531311
YIL050W,YLL022C,0,-7.4339404,0.0920637845993042,0.9929999709129333,0.9793000221252441
YKR056W,YGR247W,0,-7.436248,0.09205525368452072,0.9929999709129333,0.9793999791145325
YMR152W,YDR060W,0,-7.437632,0.09204671531915665,0.9929999709129333,0.9794999957084656
YHR064C,YKL002W,0,-7.440492,0.09203818440437317,0.9929999709129333,0.9796000123023987
YDR341C,YPL164C,0,-7.441362,0.09202965348958969,0.9929999709129333,0.9797000288963318
YGL189C,YER136W,0,-7.455837,0.09202113002538681,0.9929999709129333,0.9797999858856201
YOL149W,YDR135C,0,-7.456142,0.09201259911060333,0.9929999709129333,0.9799000024795532
YPL046C,YLR033W,1,-7.4632535,0.0920967310667038,0.9940000176429749,0.9799000024795532
YDR365C,YKR046C,0,-7.465629,0.09208820015192032,0.9940000176429749,0.9800000190734863
YOR340C,YLR324W,0,-7.467933,0.09207966923713684,0.9940000176429749,0.9800999760627747
YLR008C,YBR005W,0,-7.4680204,0.09207113832235336,0.9940000176429749,0.9801999926567078
YOR332W,YPL171C,0,-7.4693866,0.09206260740756989,0.9940000176429749,0.9803000092506409
YMR083W,YJL019W,0,-7.4695954,0.092054083943367,0.9940000176429749,0.980400025844574
YHR085W,YMR041C,0,-7.470545,0.09204556047916412,0.9940000176429749,0.9804999828338623
YJR044C,YNL075W,0,-7.471952,0.09203703701496124,0.9940000176429749,0.9805999994277954
YJR044C,YBR155W,0,-7.4725547,0.09202851355075836,0.9940000176429749,0.9807000160217285
YDR043C,YOR315W,1,-7.488108,0.09211257100105286,0.9950000047683716,0.9807000160217285
YLR167W,YLR367W,0,-7.4892383,0.09210404753684998,0.9950000047683716,0.9807999730110168
YGR028W,YEL055C,0,-7.4910064,0.0920955166220665,0.9950000047683716,0.98089998960495
YDR316W,YEL038W,0,-7.4946094,0.09208699315786362,0.9950000047683716,0.9810000061988831
YCL035C,YGR038W,0,-7.4962296,0.09207847714424133,0.9950000047683716,0.9811000227928162
YGR027C,YHL002W,0,-7.496834,0.09206995368003845,0.9950000047683716,0.9811999797821045
YDR077W,YGR214W,0,-7.4970465,0.09206143766641617,0.9950000047683716,0.9812999963760376
YKL082C,YHR008C,0,-7.498497,0.09205292165279388,0.9950000047683716,0.9814000129699707
YER052C,YPL074W,0,-7.498923,0.0920444056391716,0.9950000047683716,0.9815000295639038
YGL103W,YCR036W,0,-7.5017734,0.09203588962554932,0.9950000047683716,0.9815999865531921
YOR159C,YPL070W,0,-7.5101705,0.09202737361192703,0.9950000047683716,0.9817000031471252
YLR354C,YPR062W,0,-7.510599,0.09201886504888535,0.9950000047683716,0.9818000197410583
YPL139C,YHR114W,0,-7.516025,0.09201035648584366,0.9950000047683716,0.9818999767303467
YEL026W,YML129C,0,-7.5299735,0.09200184792280197,0.9950000047683716,0.9819999933242798
YLR045C,YNL117W,0,-7.5331473,0.09199334681034088,0.9950000047683716,0.9821000099182129
YLR256W,YGR262C,1,-7.5337434,0.09207728505134583,0.9959999918937683,0.9821000099182129
YGL147C,YHR017W,0,-7.5383,0.09206877648830414,0.9959999918937683,0.982200026512146
YER131W,YER054C,0,-7.5432816,0.09206026792526245,0.9959999918937683,0.9822999835014343
YIL050W,YBR249C,0,-7.549866,0.09205175936222076,0.9959999918937683,0.9824000000953674
YJR073C,YBR249C,0,-7.5525026,0.09204325079917908,0.9959999918937683,0.9825000166893005
YOL080C,YLR186W,0,-7.5537853,0.09203474223613739,0.9959999918937683,0.9825999736785889
YDL226C,YKR067W,0,-7.557798,0.0920262411236763,0.9959999918937683,0.982699990272522
YPL143W,YDR410C,0,-7.5582376,0.09201774001121521,0.9959999918937683,0.9828000068664551
YKL148C,YBR110W,0,-7.5603065,0.09200923889875412,0.9959999918937683,0.9829000234603882
YLR051C,YDL004W,0,-7.5636315,0.09200073778629303,0.9959999918937683,0.9829999804496765
YPL203W,YOR386W,0,-7.5653524,0.09199224412441254,0.9959999918937683,0.9830999970436096
YMR212C,YLR295C,0,-7.5682297,0.09198374301195145,0.9959999918937683,0.9832000136375427
YKR056W,YGR088W,0,-7.570175,0.09197524935007095,0.9959999918937683,0.983299970626831
YDR211W,YLR118C,0,-7.570473,0.09196675568819046,0.9959999918937683,0.9833999872207642
YJL136C,YOR177C,0,-7.573301,0.09195826947689056,0.9959999918937683,0.9835000038146973
YEL054C,YAL008W,0,-7.573828,0.09194977581501007,0.9959999918937683,0.9836000204086304
YCR061W,YLR048W,0,-7.574969,0.09194128960371017,0.9959999918937683,0.9836999773979187
YIR024C,YOL064C,0,-7.57525,0.09193280339241028,0.9959999918937683,0.9837999939918518
YMR043W,YDR183W,1,-7.5761867,0.09201661497354507,0.996999979019165,0.9837999939918518
YDL208W,YEL024W,0,-7.58108,0.09200812131166458,0.996999979019165,0.9839000105857849
YML014W,YOR163W,0,-7.5811963,0.09199962764978409,0.996999979019165,0.984000027179718
YPR040W,YKR092C,0,-7.5830455,0.09199114143848419,0.996999979019165,0.9840999841690063
YOL018C,YLR084C,0,-7.5834374,0.0919826552271843,0.996999979019165,0.9842000007629395
YLR380W,YDR003W,0,-7.587627,0.0919741690158844,0.996999979019165,0.9843000173568726
YDL126C,YLR333C,0,-7.5907006,0.0919656828045845,0.996999979019165,0.9843999743461609
YDR324C,YJL166W,0,-7.603146,0.0919572040438652,0.996999979019165,0.984499990940094
YBR037C,YIL078W,0,-7.603659,0.0919487252831459,0.996999979019165,0.9846000075340271
YLR435W,YGR112W,0,-7.6056643,0.0919402465224266,0.996999979019165,0.9847000241279602
YML013W,YDR101C,0,-7.6113653,0.0919317677617073,0.996999979019165,0.9847999811172485
YGR090W,YNL015W,0,-7.611725,0.091923289000988,0.996999979019165,0.9848999977111816
YFR053C,YLR068W,0,-7.612216,0.0919148176908493,0.996999979019165,0.9850000143051147
YBR252W,YPL171C,0,-7.6126223,0.09190633893013,0.996999979019165,0.9850999712944031
YJL137C,YLR192C,0,-7.6158066,0.0918978676199913,0.996999979019165,0.9851999878883362
YLR248W,YLR340W,0,-7.6162243,0.0918894037604332,0.996999979019165,0.9853000044822693
YDR530C,YMR242C,0,-7.617063,0.0918809324502945,0.996999979019165,0.9854000210762024
YJL148W,YBR052C,0,-7.620053,0.09187246859073639,0.996999979019165,0.9854999780654907
YDR331W,YIR037W,0,-7.62409,0.09186399728059769,0.996999979019165,0.9855999946594238
YBR002C,YHR050W,0,-7.6263943,0.09185553342103958,0.996999979019165,0.9857000112533569
YGR143W,YHL001W,0,-7.6291595,0.09184707701206207,0.996999979019165,0.98580002784729
YDL130W-A,YEL055C,0,-7.6300945,0.09183861315250397,0.996999979019165,0.9858999848365784
YDR485C,YOR270C,0,-7.632862,0.09183015674352646,0.996999979019165,0.9860000014305115
YCL035C,YGL248W,0,-7.637223,0.09182170033454895,0.996999979019165,0.9861000180244446
YMR121C,YOR234C,0,-7.6396203,0.09181324392557144,0.996999979019165,0.9861999750137329
YHL027W,YGR262C,1,-7.6407323,0.09189686924219131,0.9980000257492065,0.9861999750137329
YPL030W,YHR001W-A,0,-7.6506104,0.09188840538263321,0.9980000257492065,0.986299991607666
YJR019C,YDR172W,0,-7.6549053,0.0918799489736557,0.9980000257492065,0.9864000082015991
YNL209W,YHR002W,0,-7.659435,0.09187149256467819,0.9980000257492065,0.9865000247955322
YOR363C,YPL237W,0,-7.665609,0.09186303615570068,0.9980000257492065,0.9865999817848206
YHR065C,YHR052W,0,-7.671321,0.09185457974672318,0.9980000257492065,0.9866999983787537
YJL048C,YKL001C,0,-7.677529,0.09184612333774567,0.9980000257492065,0.9868000149726868
YPL143W,YKL067W,0,-7.68469,0.09183767437934875,0.9980000257492065,0.9868999719619751
YCR030C,YNL292W,0,-7.694588,0.09182922542095184,0.9980000257492065,0.9869999885559082
YNL156C,YHR005C,0,-7.697838,0.09182077646255493,0.9980000257492065,0.9871000051498413
YDR251W,YLR435W,0,-7.711558,0.09181232750415802,0.9980000257492065,0.9872000217437744
YDR382W,YER096W,0,-7.71406,0.09180387854576111,0.9980000257492065,0.9872999787330627
YEL001C,YDL091C,0,-7.7194967,0.0917954370379448,0.9980000257492065,0.9873999953269958
YLR216C,YJL146W,0,-7.7233753,0.09178699553012848,0.9980000257492065,0.987500011920929
YMR311C,YOR067C,0,-7.729824,0.09177855402231216,0.9980000257492065,0.9876000285148621
YPL015C,YMR072W,0,-7.7373776,0.09177011251449585,0.9980000257492065,0.9876999855041504
YOL140W,YJL155C,0,-7.759534,0.09176167845726013,0.9980000257492065,0.9878000020980835
YDR002W,YPR154W,0,-7.760215,0.09175324440002441,0.9980000257492065,0.9879000186920166
YOL010W,YIR036C,0,-7.7613506,0.0917448028922081,0.9980000257492065,0.9879999756813049
YHR141C,YOR096W,0,-7.7650743,0.09173637628555298,0.9980000257492065,0.988099992275238
YIL052C,YHR030C,0,-7.770011,0.09172794222831726,0.9980000257492065,0.9882000088691711
YDR086C,YPL159C,0,-7.7869782,0.09171950817108154,0.9980000257492065,0.9883000254631042
YOR063W,YMR110C,0,-7.788425,0.09171108156442642,0.9980000257492065,0.9883999824523926
YGL245W,YHR002W,0,-7.7961946,0.0917026549577713,0.9980000257492065,0.9884999990463257
YIL125W,YJR072C,0,-7.7982154,0.09169422835111618,0.9980000257492065,0.9886000156402588
YOR036W,YNL151C,0,-7.8024607,0.09168580919504166,0.9980000257492065,0.9886999726295471
YKL065C,YDL155W,0,-7.808433,0.09167738258838654,0.9980000257492065,0.9887999892234802
YKR014C,YGL111W,0,-7.8116612,0.09166896343231201,0.9980000257492065,0.9889000058174133
YHR144C,YOR062C,0,-7.814221,0.09166054427623749,0.9980000257492065,0.9890000224113464
YKR016W,YBR155W,0,-7.8197646,0.09165212512016296,0.9980000257492065,0.9890999794006348
YPR041W,YHR001W-A,0,-7.8204417,0.09164371341466904,0.9980000257492065,0.9891999959945679
YOL039W,YGL053W,0,-7.8399234,0.09163529425859451,0.9980000257492065,0.989300012588501
YKL144C,YJR065C,0,-7.861982,0.09162688255310059,0.9980000257492065,0.9894000291824341
YNR002C,YPR169W,0,-7.862516,0.09161847084760666,0.9980000257492065,0.9894999861717224
YMR030W,YOR224C,1,-7.867433,0.09170185774564743,0.9990000128746033,0.9894999861717224
YDR064W,YDR058C,0,-7.872785,0.0916934385895729,0.9990000128746033,0.9896000027656555
YBR265W,YGR231C,0,-7.894013,0.09168501943349838,0.9990000128746033,0.9897000193595886
YDR101C,YDL222C,0,-7.900092,0.09167660772800446,0.9990000128746033,0.989799976348877
YER150W,YPL090C,0,-7.9066935,0.09166819602251053,0.9990000128746033,0.9898999929428101
YHR088W,YLR221C,0,-7.908349,0.0916597843170166,0.9990000128746033,0.9900000095367432
YLR061W,YPL222W,0,-7.9266014,0.09165137261152267,0.9990000128746033,0.9901000261306763
YIL016W,YOL110W,0,-7.9344316,0.09164296835660934,0.9990000128746033,0.9901999831199646
YKL082C,YDL046W,0,-7.937341,0.09163456410169601,0.9990000128746033,0.9902999997138977
YNL281W,YDR041W,0,-7.9584966,0.09162615984678268,0.9990000128746033,0.9904000163078308
YER024W,YAL035W,0,-7.9623194,0.09161775559186935,0.9990000128746033,0.9904999732971191
YMR237W,YBR061C,0,-7.96491,0.09160935133695602,0.9990000128746033,0.9905999898910522
YPL243W,YPL154C,0,-7.9667077,0.09160095453262329,0.9990000128746033,0.9907000064849854
YGR158C,YKL150W,0,-7.9715323,0.09159255772829056,0.9990000128746033,0.9908000230789185
YBL024W,YDR128W,0,-7.9750104,0.09158416092395782,0.9990000128746033,0.9908999800682068
YOR361C,YNL055C,0,-7.9814477,0.09157576411962509,0.9990000128746033,0.9909999966621399
YKR016W,YHR062C,0,-7.983607,0.09156736731529236,0.9990000128746033,0.991100013256073
YLR249W,YIL062C,0,-7.983975,0.09155897796154022,0.9990000128746033,0.9911999702453613
YBL001C,YLR192C,0,-7.9882574,0.09155058860778809,0.9990000128746033,0.9912999868392944
YJR016C,YLL039C,0,-7.996404,0.09154219925403595,0.9990000128746033,0.9914000034332275
YHR193C,YOL055C,0,-8.015399,0.09153380990028381,0.9990000128746033,0.9915000200271606
YDL188C,YGL058W,0,-8.067312,0.09152542054653168,0.9990000128746033,0.991599977016449
YGR185C,YDR247W,0,-8.074275,0.09151703864336014,0.9990000128746033,0.9916999936103821
YEL017C-A,YCR004C,0,-8.079335,0.0915086567401886,0.9990000128746033,0.9918000102043152
YKL197C,YGL030W,0,-8.083307,0.09150027483701706,0.9990000128746033,0.9919000267982483
YBR143C,YIR036C,0,-8.094523,0.09149189293384552,0.9990000128746033,0.9919999837875366
YER103W,YJR105W,0,-8.098756,0.09148351848125458,0.9990000128746033,0.9921000003814697
YHR064C,YKL009W,0,-8.107428,0.09147513657808304,0.9990000128746033,0.9922000169754028
YDL031W,YKR003W,0,-8.110731,0.0914667621254921,0.9990000128746033,0.9922999739646912
YJR099W,YCR059C,0,-8.119293,0.09145838767290115,0.9990000128746033,0.9923999905586243
YLR146C,YDL110C,0,-8.123327,0.09145002067089081,0.9990000128746033,0.9925000071525574
YPL243W,YLR259C,0,-8.125989,0.09144164621829987,0.9990000128746033,0.9926000237464905
YOR317W,YCL059C,0,-8.136139,0.09143327921628952,0.9990000128746033,0.9926999807357788
YBL068W,YCL035C,0,-8.141422,0.09142491221427917,0.9990000128746033,0.9927999973297119
YPL015C,YNL151C,0,-8.145488,0.09141654521226883,0.9990000128746033,0.992900013923645
YGR143W,YAL036C,0,-8.149638,0.09140817821025848,0.9990000128746033,0.9929999709129333
YCL054W,YNL061W,0,-8.15014,0.09139981865882874,0.9990000128746033,0.9930999875068665
YJR151C,YHR010W,0,-8.16442,0.09139145910739899,0.9990000128746033,0.9932000041007996
YMR319C,YNL055C,0,-8.184999,0.09138309210538864,0.9990000128746033,0.9933000206947327
YKL193C,YIL090W,0,-8.191294,0.09137474000453949,0.9990000128746033,0.993399977684021
YHR161C,YPR043W,0,-8.19727,0.09136638045310974,0.9990000128746033,0.9934999942779541
YJR123W,YDR142C,0,-8.200525,0.09135802835226059,0.9990000128746033,0.9936000108718872
YDR280W,YHR104W,0,-8.231782,0.09134966880083084,0.9990000128746033,0.9937000274658203
YAL017W,YOL077C,0,-8.235309,0.09134131669998169,0.9990000128746033,0.9937999844551086
YDR516C,YKR099W,1,-8.268345,0.09142439067363739,1.0,0.9937999844551086
YPL090C,YOR312C,0,-8.271937,0.09141603112220764,1.0,0.9939000010490417
YER150W,YDR101C,0,-8.272893,0.09140767902135849,1.0,0.9940000176429749
YKL056C,YER101C,0,-8.277506,0.09139932692050934,1.0,0.9940999746322632
YOR276W,YDR142C,0,-8.28051,0.09139096736907959,1.0,0.9941999912261963
YOR167C,YMR105C,0,-8.28232,0.09138262271881104,1.0,0.9943000078201294
YKL024C,YHR104W,0,-8.286304,0.09137427061796188,1.0,0.9944000244140625
YMR116C,YBR077C,0,-8.289519,0.09136591851711273,1.0,0.9944999814033508
YDL022W,YDL201W,0,-8.302261,0.09135757386684418,1.0,0.9945999979972839
YBR290W,YIL133C,0,-8.344431,0.09134922921657562,1.0,0.994700014591217
YBR106W,YML118W,0,-8.35442,0.09134088456630707,1.0,0.9947999715805054
YNL162W,YKR094C,0,-8.3578,0.09133253991603851,1.0,0.9948999881744385
YGR095C,YHR104W,0,-8.375591,0.09132420271635056,1.0,0.9950000047683716
YNL175C,YDR479C,0,-8.429533,0.091315858066082,1.0,0.9951000213623047
YBR048W,YLR258W,0,-8.46228,0.09130752086639404,1.0,0.995199978351593
YFR044C,YGR140W,0,-8.476181,0.09129919111728668,1.0,0.9952999949455261
YBR072W,YLR432W,0,-8.493489,0.09129085391759872,1.0,0.9954000115394592
YPL224C,YKL180W,0,-8.497604,0.09128251671791077,1.0,0.9955000281333923
YAL035W,YOR173W,0,-8.510079,0.0912741869688034,1.0,0.9955999851226807
YHR106W,YJL011C,0,-8.52941,0.09126585721969604,1.0,0.9957000017166138
YNL223W,YLL045C,0,-8.533296,0.09125752747058868,1.0,0.9958000183105469
YOR260W,YDR041W,0,-8.535337,0.09124920517206192,1.0,0.9958999752998352
YJL141C,YIL008W,0,-8.543606,0.09124087542295456,1.0,0.9959999918937683
YIL099W,YLR029C,0,-8.574953,0.0912325531244278,1.0,0.9961000084877014
YKL056C,YHR209W,0,-8.57878,0.09122423082590103,1.0,0.9962000250816345
YBR267W,YML093W,0,-8.608873,0.09121590852737427,1.0,0.9962999820709229
YBR031W,YGL123W,0,-8.610585,0.0912075862288475,1.0,0.996399998664856
YNL087W,YPR184W,0,-8.640232,0.09119927138090134,1.0,0.9965000152587891
YML024W,YHR106W,0,-8.6466,0.09119095653295517,1.0,0.9965999722480774
YDR471W,YBR003W,0,-8.656664,0.091182641685009,1.0,0.9966999888420105
YKL064W,YIL043C,0,-8.692991,0.09117432683706284,1.0,0.9968000054359436
YLL026W,YAL025C,0,-8.733229,0.09116601198911667,1.0,0.9969000220298767
YNL113W,YOR052C,0,-8.752057,0.0911577045917511,1.0,0.996999979019165
YBR169C,YKL172W,0,-8.752897,0.09114939719438553,1.0,0.9970999956130981
YOR227W,YNL001W,0,-8.782147,0.09114108979701996,1.0,0.9972000122070312
YML117W,YIL052C,0,-8.806966,0.09113278239965439,1.0,0.9973000288009644
YLR276C,YAL060W,0,-8.831057,0.09112447500228882,1.0,0.9973999857902527
YDL031W,YJL048C,0,-8.8813095,0.09111617505550385,1.0,0.9975000023841858
YJR063W,YBR059C,0,-8.891434,0.09110787510871887,1.0,0.9976000189781189
YLR333C,YPL154C,0,-8.894505,0.0910995751619339,1.0,0.9976999759674072
YNL067W,YIL136W,0,-8.900173,0.09109127521514893,1.0,0.9977999925613403
YOR273C,YLR435W,0,-8.929655,0.09108297526836395,1.0,0.9979000091552734
YGR095C,YPL154C,0,-8.991079,0.09107468277215958,1.0,0.9980000257492065
YHR193C,YPL206C,0,-8.992985,0.0910663902759552,1.0,0.9980999827384949
YDR480W,YKL016C,0,-9.072054,0.09105809777975082,1.0,0.998199999332428
YOR184W,YPL015C,0,-9.107316,0.09104980528354645,1.0,0.9983000159263611
YDR152W,YJL164C,0,-9.130252,0.09104151278734207,1.0,0.9983999729156494
YNL124W,YDR074W,0,-9.168174,0.09103322774171829,1.0,0.9984999895095825
YKL172W,YPL154C,0,-9.1947365,0.09102494269609451,1.0,0.9986000061035156
YJR145C,YKL065C,0,-9.254267,0.09101665765047073,1.0,0.9987000226974487
YDR358W,YNR012W,0,-9.307819,0.09100837260484695,1.0,0.9987999796867371
YNL182C,YMR174C,0,-9.330761,0.09100008755922318,1.0,0.9988999962806702
YDL014W,YDR513W,0,-9.371636,0.09099180996417999,1.0,0.9990000128746033
YGR103W,YKL142W,0,-9.377434,0.09098353236913681,1.0,0.9991000294685364
YML128C,YOR234C,0,-9.377453,0.09097525477409363,1.0,0.9991999864578247
YKL064W,YHL015W,0,-9.421512,0.09096697717905045,1.0,0.9993000030517578
YJR063W,YJL164C,0,-9.618493,0.09095870703458786,1.0,0.9994000196456909
YGR123C,YIR039C,0,-9.669399,0.09095042943954468,1.0,0.9994999766349792
YDR358W,YPL126W,0,-9.752301,0.09094215929508209,1.0,0.9995999932289124
YPR184W,YDR361C,0,-9.848937,0.0909338891506195,1.0,0.9997000098228455
YPL123C,YDR361C,0,-9.951189,0.09092562645673752,1.0,0.9998000264167786
YKL009W,YJL164C,0,-9.9744,0.09091735631227493,1.0,0.9998999834060669
YBR169C,YKL156W,0,-10.823759,0.09090909361839294,1.0,1.0
