Gene A,Gene B,Label,Score,Precision,Recall,False Positive Rate
YLR186W,YBR048W,1,-3.8675787,1.0,0.010989011265337467,0.0
YGR214W,YNL302C,1,-4.0425572,1.0,0.021978022530674934,0.0
YLR186W,YNL302C,1,-4.053306,1.0,0.032967034727334976,0.0
YGR214W,YJL191W,1,-4.061556,1.0,0.04395604506134987,0.0
YJL191W,YNL302C,1,-4.196595,1.0,0.05494505539536476,0.0
YLR186W,YLR048W,1,-4.222189,1.0,0.06593406945466995,0.0
YLR048W,YNL302C,1,-4.423302,1.0,0.07692307978868484,0.0
YLR048W,YJL191W,1,-4.4277015,1.0,0.08791209012269974,0.0
YGR214W,YLR048W,1,-4.477053,1.0,0.09890110045671463,0.0
YLR186W,YGR214W,1,-4.5185986,1.0,0.10989011079072952,0.0
YGR214W,YOL121C,1,-4.6240163,1.0,0.12087912112474442,0.0
YOL121C,YNL302C,1,-4.629044,1.0,0.1318681389093399,0.0
YLR048W,YBR048W,1,-4.6471195,1.0,0.1428571492433548,0.0
YGR214W,YBR048W,1,-4.6732717,1.0,0.1538461595773697,0.0
YLR186W,YOL121C,1,-4.6977324,1.0,0.16483516991138458,0.0
YGR159C,YNL302C,1,-4.711782,1.0,0.17582418024539948,0.0
YJL191W,YOL121C,1,-4.7186427,1.0,0.18681319057941437,0.0
YPR144C,YLR048W,1,-4.749021,1.0,0.19780220091342926,0.0
YOR056C,YNL302C,1,-4.7679763,1.0,0.20879121124744415,0.0
YGR159C,YOL121C,1,-4.7796187,1.0,0.21978022158145905,0.0
YLR048W,YOL121C,1,-4.790618,1.0,0.23076923191547394,0.0
YDL148C,YLR048W,1,-4.8166776,1.0,0.24175824224948883,0.0
YPR144C,YOL121C,1,-4.8979535,1.0,0.2527472674846649,0.0
YDL148C,YOL121C,1,-4.9362693,1.0,0.2637362778186798,0.0
YBR048W,YJL191W,1,-4.9778247,1.0,0.2747252881526947,0.0
YBR048W,YOL121C,1,-4.9903255,1.0,0.2857142984867096,0.0
YPR144C,YNL302C,1,-5.0101,1.0,0.2967033088207245,0.0
YDL148C,YBR048W,1,-5.025167,1.0,0.3076923191547394,0.0
YGR159C,YLR048W,1,-5.1056867,1.0,0.3186813294887543,0.0
YGR159C,YGR214W,1,-5.1270127,1.0,0.32967033982276917,0.0
YDL148C,YNL302C,1,-5.1386704,1.0,0.34065935015678406,0.0
YBR048W,YNL302C,1,-5.1426234,1.0,0.35164836049079895,0.0
YGR159C,YJL191W,1,-5.1656575,1.0,0.36263737082481384,0.0
YLR186W,YJL191W,1,-5.1745095,1.0,0.37362638115882874,0.0
YGR159C,YBR048W,1,-5.2012053,1.0,0.38461539149284363,0.0
YPR144C,YBR048W,1,-5.243106,1.0,0.3956044018268585,0.0
YBR121C,YER126C,0,-5.2446165,0.9729729890823364,0.3956044018268585,0.001098901149816811
YDL148C,YPL239W,1,-5.2562976,0.9736841917037964,0.4065934121608734,0.001098901149816811
YDL148C,YJL191W,1,-5.3116693,0.9743589758872986,0.4175824224948883,0.001098901149816811
YPR144C,YGR214W,1,-5.318558,0.9750000238418579,0.4285714328289032,0.001098901149816811
YLR186W,YGR159C,1,-5.4139714,0.9756097793579102,0.4395604431629181,0.001098901149816811
YOL121C,YCL031C,1,-5.4285913,0.976190447807312,0.450549453496933,0.001098901149816811
YPR144C,YPL239W,1,-5.43115,0.9767441749572754,0.4615384638309479,0.001098901149816811
YDL148C,YGR214W,1,-5.4562507,0.9772727489471436,0.47252747416496277,0.001098901149816811
YPR144C,YJL191W,1,-5.476793,0.9777777791023254,0.48351648449897766,0.001098901149816811
YOR056C,YOL121C,1,-5.5173106,0.97826087474823,0.49450549483299255,0.001098901149816811
YOR056C,YJL191W,1,-5.5208783,0.978723406791687,0.5054945349693298,0.001098901149816811
YOR056C,YGR159C,1,-5.549895,0.9791666865348816,0.5164835453033447,0.001098901149816811
YDL148C,YCL031C,1,-5.597424,0.9795918464660645,0.5274725556373596,0.001098901149816811
YLR186W,YOR056C,1,-5.6338267,0.9800000190734863,0.5384615659713745,0.001098901149816811
YLR186W,YPL239W,1,-5.6385765,0.9803921580314636,0.5494505763053894,0.001098901149816811
YNL068C,YPR137W,0,-5.640902,0.9615384340286255,0.5494505763053894,0.002197802299633622
YOR056C,YLR048W,1,-5.643956,0.9622641801834106,0.5604395866394043,0.002197802299633622
YLR048W,YPL239W,1,-5.685289,0.9629629850387573,0.5714285969734192,0.002197802299633622
YPR144C,YDL148C,1,-5.686824,0.9636363387107849,0.5824176073074341,0.002197802299633622
YLR186W,YPR144C,1,-5.720251,0.9642857313156128,0.593406617641449,0.002197802299633622
YCL031C,YPL239W,1,-5.7630396,0.9649122953414917,0.6043956279754639,0.002197802299633622
YPR144C,YCL031C,1,-5.780209,0.9655172228813171,0.6153846383094788,0.002197802299633622
YOR056C,YGR214W,1,-5.7903094,0.9661017060279846,0.6263736486434937,0.002197802299633622
YLR186W,YDL148C,1,-5.7936134,0.9666666388511658,0.6373626589775085,0.002197802299633622
YNL302C,YPL239W,1,-5.891202,0.9672130942344666,0.6483516693115234,0.002197802299633622
YOR056C,YBR048W,1,-5.93646,0.9677419066429138,0.6593406796455383,0.002197802299633622
YOL145C,YOR046C,0,-5.952657,0.9523809552192688,0.6593406796455383,0.0032967033330351114
YMR312W,YDL081C,0,-6.001122,0.9375,0.6593406796455383,0.004395604599267244
YDL148C,YGR159C,1,-6.0194635,0.9384615421295166,0.6703296899795532,0.004395604599267244
YBR048W,YCL031C,1,-6.1293864,0.939393937587738,0.6813187003135681,0.004395604599267244
YLR186W,YCL031C,1,-6.1407356,0.9402984976768494,0.692307710647583,0.004395604599267244
YPR144C,YGR159C,1,-6.140736,0.9411764740943909,0.7032967209815979,0.004395604599267244
YOR056C,YCL031C,1,-6.153226,0.9420289993286133,0.7142857313156128,0.004395604599267244
YOR056C,YDL148C,1,-6.1599765,0.9428571462631226,0.7252747416496277,0.004395604599267244
YJL148W,YGR229C,0,-6.164257,0.9295774698257446,0.7252747416496277,0.005494505632668734
YDL055C,YOL142W,0,-6.2148747,0.9166666865348816,0.7252747416496277,0.006593406666070223
YGR214W,YCL031C,1,-6.273421,0.9178082346916199,0.7362637519836426,0.006593406666070223
YGR159C,YCL031C,1,-6.2902384,0.9189189076423645,0.7472527623176575,0.006593406666070223
YGR214W,YPL239W,1,-6.294167,0.9200000166893005,0.7582417726516724,0.006593406666070223
YBR072W,YKL035W,0,-6.3142066,0.9078947305679321,0.7582417726516724,0.007692307699471712
YGR159C,YPL239W,1,-6.337037,0.9090909361839294,0.7692307829856873,0.007692307699471712
YJL191W,YCL031C,1,-6.339517,0.9102563858032227,0.7802197933197021,0.007692307699471712
YJL191W,YPL239W,1,-6.3606334,0.9113923907279968,0.791208803653717,0.007692307699471712
YOL121C,YPL239W,1,-6.3793936,0.9125000238418579,0.8021978139877319,0.007692307699471712
YER146W,YER019C-A,0,-6.493116,0.9012345671653748,0.8021978139877319,0.008791209198534489
YER183C,YGL092W,0,-6.5385327,0.8902438879013062,0.8021978139877319,0.009890110231935978
YKR056W,YER031C,0,-6.550716,0.8795180916786194,0.8021978139877319,0.010989011265337467
YPL086C,YEL034W,0,-6.57006,0.8690476417541504,0.8021978139877319,0.012087912298738956
YDR279W,YMR305C,0,-6.596715,0.8588235378265381,0.8021978139877319,0.013186813332140446
YBR048W,YPL239W,1,-6.600452,0.8604651093482971,0.8131868243217468,0.013186813332140446
YNL068C,YPL012W,0,-6.6108203,0.8505747318267822,0.8131868243217468,0.014285714365541935
YAL003W,YDR346C,0,-6.6417556,0.8409090638160706,0.8131868243217468,0.015384615398943424
YNL199C,YEL026W,0,-6.6523557,0.8314606547355652,0.8131868243217468,0.016483517363667488
YNL302C,YCL031C,1,-6.6561756,0.8333333134651184,0.8241758346557617,0.016483517363667488
YLR048W,YCL031C,1,-6.7567716,0.8351648449897766,0.8351648449897766,0.016483517363667488
YGR264C,YDR324C,0,-6.778314,0.8260869383811951,0.8351648449897766,0.017582418397068977
YOR056C,YPL239W,1,-6.8126493,0.8279569745063782,0.8461538553237915,0.017582418397068977
YDL031W,YPL144W,0,-6.8568473,0.8191489577293396,0.8461538553237915,0.018681319430470467
YKL054C,YOR048C,0,-6.8691916,0.8105263113975525,0.8461538553237915,0.019780220463871956
YLR370C,YOR347C,0,-6.8878903,0.8020833134651184,0.8461538553237915,0.020879121497273445
YKL191W,YHL003C,0,-6.9114833,0.7938144207000732,0.8461538553237915,0.021978022530674934
YML086C,YBR205W,0,-6.9279222,0.7857142686843872,0.8461538553237915,0.023076923564076424
YLR192C,YKL122C,0,-6.9832244,0.7777777910232544,0.8461538553237915,0.024175824597477913
YOR056C,YPR144C,1,-6.987502,0.7799999713897705,0.8571428656578064,0.024175824597477913
YBR205W,YJL190C,0,-7.008321,0.7722772359848022,0.8571428656578064,0.025274725630879402
YDL236W,YBR267W,0,-7.1094165,0.7647058963775635,0.8571428656578064,0.02637362666428089
YPR070W,YMR146C,0,-7.138757,0.7572815418243408,0.8571428656578064,0.02747252769768238
YIL040W,YPR112C,0,-7.1464267,0.75,0.8571428656578064,0.02857142873108387
YBL032W,YOR313C,0,-7.1591983,0.7428571581840515,0.8571428656578064,0.02967032976448536
YLR153C,YCR024C-A,0,-7.1889234,0.7358490824699402,0.8571428656578064,0.03076923079788685
YDL031W,YPL117C,0,-7.1896214,0.7289719581604004,0.8571428656578064,0.03186813369393349
YLR401C,YML031W,0,-7.1991067,0.7222222089767456,0.8571428656578064,0.032967034727334976
YDL160C,YDR434W,0,-7.226591,0.7155963182449341,0.8571428656578064,0.034065935760736465
YKL191W,YHR118C,0,-7.231686,0.7090908885002136,0.8571428656578064,0.035164836794137955
YLR060W,YHR204W,0,-7.25991,0.7027027010917664,0.8571428656578064,0.036263737827539444
YOL143C,YKL212W,0,-7.279797,0.6964285969734192,0.8571428656578064,0.03736263886094093
YDL132W,YDL195W,0,-7.2838163,0.6902654767036438,0.8571428656578064,0.03846153989434242
YNL065W,YDR206W,0,-7.3222547,0.6842105388641357,0.8571428656578064,0.03956044092774391
YDR394W,YJL164C,0,-7.3548913,0.678260862827301,0.8571428656578064,0.0406593419611454
YHR191C,YOL039W,0,-7.3587704,0.6724137663841248,0.8571428656578064,0.04175824299454689
YBL026W,YDR464W,0,-7.38009,0.6666666865348816,0.8571428656578064,0.04285714402794838
YEL029C,YFL002C,0,-7.380712,0.6610169410705566,0.8571428656578064,0.04395604506134987
YMR109W,YML029W,0,-7.4031463,0.6554622054100037,0.8571428656578064,0.04505494609475136
YLR231C,YOR230W,0,-7.414767,0.6499999761581421,0.8571428656578064,0.04615384712815285
YEL032W,YGL092W,0,-7.417565,0.64462810754776,0.8571428656578064,0.04725274816155434
YBL002W,YBR171W,0,-7.46613,0.6393442749977112,0.8571428656578064,0.048351649194955826
YBL061C,YDR086C,0,-7.491964,0.6341463327407837,0.8571428656578064,0.049450550228357315
YDR337W,YGR159C,1,-7.559529,0.6370967626571655,0.8681318759918213,0.049450550228357315
YLR360W,YMR284W,0,-7.5730405,0.6320000290870667,0.8681318759918213,0.050549451261758804
YER073W,YEL063C,0,-7.5809274,0.6269841194152832,0.8681318759918213,0.051648352295160294
YPL119C,YGL167C,0,-7.595757,0.6220472455024719,0.8681318759918213,0.05274725332856178
YBL069W,YKR079C,0,-7.6084495,0.6171875,0.8681318759918213,0.05384615436196327
YDR337W,YOL121C,1,-7.6163006,0.6201550364494324,0.8791208863258362,0.05384615436196327
YGR118W,YOR332W,0,-7.6296554,0.6153846383094788,0.8791208863258362,0.05494505539536476
YGR040W,YKL021C,0,-7.635522,0.6106870174407959,0.8791208863258362,0.05604395642876625
YAL007C,YEL031W,0,-7.6479406,0.6060606241226196,0.8791208863258362,0.05714285746216774
YMR033W,YGR055W,0,-7.6541123,0.6015037298202515,0.8791208863258362,0.05824175849556923
YDR527W,YCL010C,0,-7.6703134,0.5970149040222168,0.8791208863258362,0.05934065952897072
YHR072W,YDR487C,0,-7.6957717,0.5925925970077515,0.8791208863258362,0.06043956056237221
YOR080W,YGR094W,0,-7.720229,0.5882353186607361,0.8791208863258362,0.0615384615957737
YBR155W,YHL003C,0,-7.750671,0.5839415788650513,0.8791208863258362,0.06263736635446548
YDR337W,YJL191W,1,-7.757881,0.5869565010070801,0.8901098966598511,0.06263736635446548
YOR254C,YKL099C,0,-7.7714515,0.5827338099479675,0.8901098966598511,0.06373626738786697
YDL138W,YOR140W,0,-7.7720704,0.5785714387893677,0.8901098966598511,0.06483516842126846
YPL048W,YCR053W,0,-7.77809,0.5744680762290955,0.8901098966598511,0.06593406945466995
YOR079C,YDL150W,0,-7.778755,0.5704225301742554,0.8901098966598511,0.06703297048807144
YDR337W,YGR214W,1,-7.7994823,0.5734265446662903,0.901098906993866,0.06703297048807144
YMR275C,YDR394W,0,-7.808971,0.5694444179534912,0.901098906993866,0.06813187152147293
YOR085W,YDR346C,0,-7.8140655,0.565517246723175,0.901098906993866,0.06923077255487442
YLR285W,YCR028C-A,0,-7.819545,0.5616438388824463,0.901098906993866,0.07032967358827591
YOR210W,YOR307C,0,-7.827951,0.557823121547699,0.901098906993866,0.0714285746216774
YER183C,YPR137W,0,-7.8292527,0.5540540814399719,0.901098906993866,0.07252747565507889
YGL016W,YKR008W,0,-7.83205,0.5503355860710144,0.901098906993866,0.07362637668848038
YNL075W,YNL149C,0,-7.832298,0.54666668176651,0.901098906993866,0.07472527772188187
YBR212W,YMR140W,0,-7.8430324,0.5430463552474976,0.901098906993866,0.07582417875528336
YDR337W,YPR144C,1,-7.8603754,0.5460526347160339,0.9120879173278809,0.07582417875528336
YDR337W,YLR048W,1,-7.861055,0.5490196347236633,0.9230769276618958,0.07582417875528336
YGL223C,YOR241W,0,-7.8674593,0.5454545617103577,0.9230769276618958,0.07692307978868484
YIL123W,YER031C,0,-7.8710327,0.5419355034828186,0.9230769276618958,0.07802198082208633
YHR197W,YNL088W,0,-7.878139,0.5384615659713745,0.9230769276618958,0.07912088185548782
YCR037C,YNL221C,0,-7.883164,0.5350318551063538,0.9230769276618958,0.08021978288888931
YHR059W,YDR381W,0,-7.8874645,0.5316455960273743,0.9230769276618958,0.0813186839222908
YOR168W,YHR060W,0,-7.8931108,0.5283018946647644,0.9230769276618958,0.08241758495569229
YNL307C,YER022W,0,-7.9097667,0.5249999761581421,0.9230769276618958,0.08351648598909378
YDR337W,YCL031C,1,-7.9230685,0.5279502868652344,0.9340659379959106,0.08351648598909378
YBL009W,YMR033W,0,-7.9265165,0.5246913433074951,0.9340659379959106,0.08461538702249527
YMR237W,YHR158C,0,-7.984224,0.5214723944664001,0.9340659379959106,0.08571428805589676
YDR337W,YBR048W,1,-7.988168,0.5243902206420898,0.9450549483299255,0.08571428805589676
YDR337W,YNL302C,1,-7.988607,0.5272727012634277,0.9560439586639404,0.08571428805589676
YGL068W,YKL196C,0,-7.9925704,0.5240963697433472,0.9560439586639404,0.08681318908929825
YKL172W,YNL121C,0,-8.00042,0.5209580659866333,0.9560439586639404,0.08791209012269974
YJR092W,YOR243C,0,-8.010444,0.5178571343421936,0.9560439586639404,0.08901099115610123
YDL135C,YBR079C,0,-8.014733,0.5147929191589355,0.9560439586639404,0.09010989218950272
YGL245W,YGL025C,0,-8.017055,0.5117647051811218,0.9560439586639404,0.0912087932229042
YPL048W,YJR057W,0,-8.024104,0.5087719559669495,0.9560439586639404,0.0923076942563057
YJL121C,YAR042W,0,-8.052052,0.5058139562606812,0.9560439586639404,0.09340659528970718
YPR171W,YHR135C,0,-8.05455,0.5028901696205139,0.9560439586639404,0.09450549632310867
YIL009C-A,YLR452C,0,-8.071903,0.5,0.9560439586639404,0.09560439735651016
YER035W,YMR272C,0,-8.072713,0.49714285135269165,0.9560439586639404,0.09670329838991165
YLR175W,YDR052C,0,-8.104137,0.4943181872367859,0.9560439586639404,0.09780219942331314
YGR078C,YDL055C,0,-8.111177,0.49152541160583496,0.9560439586639404,0.09890110045671463
YHR191C,YNL209W,0,-8.113753,0.48876404762268066,0.9560439586639404,0.10000000149011612
YOR221C,YBR182C,0,-8.120267,0.48603352904319763,0.9560439586639404,0.10109890252351761
YML012W,YCL043C,0,-8.124292,0.4833333194255829,0.9560439586639404,0.1021978035569191
YGL135W,YOL028C,0,-8.12582,0.4806629717350006,0.9560439586639404,0.10329670459032059
YLR397C,YBL003C,0,-8.125864,0.4780219793319702,0.9560439586639404,0.10439560562372208
YNL059C,YPL098C,0,-8.146673,0.4754098355770111,0.9560439586639404,0.10549450665712357
YPR017C,YGR163W,0,-8.165786,0.4728260934352875,0.9560439586639404,0.10659340769052505
YER016W,YPR133C,0,-8.178267,0.4702702760696411,0.9560439586639404,0.10769230872392654
YJL008C,YPR163C,0,-8.182047,0.4677419364452362,0.9560439586639404,0.10879120975732803
YHR204W,YML114C,0,-8.200696,0.46524062752723694,0.9560439586639404,0.10989011079072952
YJR139C,YMR225C,0,-8.2080965,0.46276596188545227,0.9560439586639404,0.11098901182413101
YLR314C,YER148W,0,-8.209257,0.460317462682724,0.9560439586639404,0.1120879128575325
YPL231W,YLR264W,0,-8.209728,0.4578947424888611,0.9560439586639404,0.11318681389093399
YLR186W,YDR337W,1,-8.214732,0.46073299646377563,0.9670329689979553,0.11318681389093399
YHR169W,YOR326W,0,-8.217371,0.4583333432674408,0.9670329689979553,0.11428571492433548
YCR107W,YMR140W,0,-8.223909,0.4559585452079773,0.9670329689979553,0.11538461595773697
YOR099W,YKR057W,0,-8.234413,0.4536082446575165,0.9670329689979553,0.11648351699113846
YOR034C,YOR344C,0,-8.234577,0.4512820541858673,0.9670329689979553,0.11758241802453995
YIL098C,YGR169C,0,-8.235245,0.44897958636283875,0.9670329689979553,0.11868131905794144
YLR410W,YML097C,0,-8.238606,0.4467005133628845,0.9670329689979553,0.11978022009134293
YDR082W,YGR047C,0,-8.238775,0.4444444477558136,0.9670329689979553,0.12087912112474442
YAL030W,YDR160W,0,-8.256851,0.4422110617160797,0.9670329689979553,0.1219780221581459
YIL014W,YJL133W,0,-8.260759,0.4399999976158142,0.9670329689979553,0.1230769231915474
YNL070W,YGR185C,0,-8.268977,0.4378109574317932,0.9670329689979553,0.12417582422494888
YPR074C,YML045W,0,-8.2693,0.4356435537338257,0.9670329689979553,0.12527473270893097
YKL009W,YOL066C,0,-8.279132,0.4334975481033325,0.9670329689979553,0.12637363374233246
YNR067C,YKR079C,0,-8.279724,0.4313725531101227,0.9670329689979553,0.12747253477573395
YKL190W,YOL129W,0,-8.293339,0.4292683005332947,0.9670329689979553,0.12857143580913544
YDR337W,YDL148C,1,-8.307271,0.4320388436317444,0.9780219793319702,0.12857143580913544
YPR033C,YPR100W,0,-8.327768,0.4299516975879669,0.9780219793319702,0.12967033684253693
YNL041C,YDR240C,0,-8.334801,0.42788460850715637,0.9780219793319702,0.13076923787593842
YMR032W,YDL185W,0,-8.335899,0.42583730816841125,0.9780219793319702,0.1318681389093399
YKL032C,YJL133W,0,-8.337622,0.4238095283508301,0.9780219793319702,0.1329670399427414
YLR008C,YGR135W,0,-8.338139,0.4218009412288666,0.9780219793319702,0.13406594097614288
YMR276W,YDL064W,0,-8.341987,0.41981130838394165,0.9780219793319702,0.13516484200954437
YGR108W,YER110C,0,-8.345824,0.4178403615951538,0.9780219793319702,0.13626374304294586
YJR158W,YNL267W,0,-8.352057,0.41588786244392395,0.9780219793319702,0.13736264407634735
YER155C,YKL019W,0,-8.358574,0.4139534831047058,0.9780219793319702,0.13846154510974884
YJR064W,YOR080W,0,-8.377693,0.41203704476356506,0.9780219793319702,0.13956044614315033
YNL079C,YDR400W,0,-8.388302,0.41013824939727783,0.9780219793319702,0.14065934717655182
YPL061W,YIL040W,0,-8.399719,0.4082568883895874,0.9780219793319702,0.1417582482099533
YOL101C,YDR172W,0,-8.400861,0.4063926935195923,0.9780219793319702,0.1428571492433548
YDL074C,YLR286C,0,-8.403077,0.40454545617103577,0.9780219793319702,0.1439560502767563
YDR200C,YGR111W,0,-8.40704,0.40271493792533875,0.9780219793319702,0.14505495131015778
YHR055C,YAL030W,0,-8.410543,0.4009009003639221,0.9780219793319702,0.14615385234355927
YCR048W,YPR095C,0,-8.444703,0.3991031348705292,0.9780219793319702,0.14725275337696075
YFR040W,YEL041W,0,-8.446132,0.3973214328289032,0.9780219793319702,0.14835165441036224
YCR094W,YMR142C,0,-8.448324,0.3955555558204651,0.9780219793319702,0.14945055544376373
YMR285C,YDR381W,0,-8.45018,0.39380529522895813,0.9780219793319702,0.15054945647716522
YKL135C,YCL035C,0,-8.469757,0.392070472240448,0.9780219793319702,0.1516483575105667
YCL039W,YPL224C,0,-8.474354,0.390350878238678,0.9780219793319702,0.1527472585439682
YKL208W,YGR028W,0,-8.498505,0.38864627480506897,0.9780219793319702,0.1538461595773697
YNL268W,YHR172W,0,-8.5012665,0.38695651292800903,0.9780219793319702,0.15494506061077118
YIL004C,YDR243C,0,-8.502774,0.38528138399124146,0.9780219793319702,0.15604396164417267
YDR040C,YLR116W,0,-8.511755,0.3836206793785095,0.9780219793319702,0.15714286267757416
YKR095W,YMR046C,0,-8.513006,0.3819742500782013,0.9780219793319702,0.15824176371097565
YFR048W,YLR360W,0,-8.526609,0.38034188747406006,0.9780219793319702,0.15934066474437714
YDR448W,YBR129C,0,-8.536785,0.3787234127521515,0.9780219793319702,0.16043956577777863
YLR028C,YBL019W,0,-8.538187,0.37711864709854126,0.9780219793319702,0.16153846681118011
YHL048W,YHR150W,0,-8.53839,0.37552741169929504,0.9780219793319702,0.1626373678445816
YER073W,YER167W,0,-8.538717,0.3739495873451233,0.9780219793319702,0.1637362688779831
YKL004W,YGR220C,0,-8.539892,0.3723849356174469,0.9780219793319702,0.16483516991138458
YBL047C,YDR330W,0,-8.5427265,0.3708333373069763,0.9780219793319702,0.16593407094478607
YGL067W,YGR086C,0,-8.546499,0.3692946135997772,0.9780219793319702,0.16703297197818756
YDR166C,YML005W,0,-8.551174,0.3677685856819153,0.9780219793319702,0.16813187301158905
YOR351C,YHR138C,0,-8.556286,0.36625513434410095,0.9780219793319702,0.16923077404499054
YFR021W,YJL093C,0,-8.558928,0.3647541105747223,0.9780219793319702,0.17032967507839203
YDR309C,YPL210C,0,-8.560459,0.3632653057575226,0.9780219793319702,0.17142857611179352
YPR036W,YJR120W,0,-8.564131,0.36178863048553467,0.9780219793319702,0.172527477145195
YKL135C,YDL190C,0,-8.573212,0.36032387614250183,0.9780219793319702,0.1736263781785965
YDR302W,YNL090W,0,-8.574316,0.3588709533214569,0.9780219793319702,0.17472527921199799
YDR256C,YHR115C,0,-8.57686,0.35742971301078796,0.9780219793319702,0.17582418024539948
YPL075W,YNL329C,0,-8.578743,0.35600000619888306,0.9780219793319702,0.17692308127880096
YER167W,YIL173W,0,-8.580388,0.35458168387413025,0.9780219793319702,0.17802198231220245
YGR244C,YOL042W,0,-8.586402,0.3531745970249176,0.9780219793319702,0.17912088334560394
YLR141W,YNL131W,0,-8.596589,0.35177865624427795,0.9780219793319702,0.18021978437900543
YKL038W,YNL047C,0,-8.599882,0.35039371252059937,0.9780219793319702,0.18131868541240692
YDR308C,YGL049C,0,-8.603403,0.3490196168422699,0.9780219793319702,0.1824175864458084
YDL100C,YNL206C,0,-8.605178,0.34765625,0.9780219793319702,0.1835164874792099
YDL155W,YBL020W,0,-8.607905,0.3463034927845001,0.9780219793319702,0.1846153885126114
YDR314C,YAR009C,0,-8.609147,0.3449612259864807,0.9780219793319702,0.18571428954601288
YDR446W,YDL208W,0,-8.610156,0.3436293303966522,0.9780219793319702,0.18681319057941437
YNL110C,YGR129W,0,-8.614635,0.3423076868057251,0.9780219793319702,0.18791209161281586
YKL064W,YOR256C,0,-8.614782,0.3409961760044098,0.9780219793319702,0.18901099264621735
YJR002W,YNL326C,0,-8.624247,0.33969464898109436,0.9780219793319702,0.19010989367961884
YMR109W,YAR031W,0,-8.6253395,0.33840304613113403,0.9780219793319702,0.19120879471302032
YBR100W,YNL294C,0,-8.632471,0.33712121844291687,0.9780219793319702,0.19230769574642181
YBR289W,YMR313C,0,-8.644236,0.3358490467071533,0.9780219793319702,0.1934065967798233
YBR155W,YNL213C,0,-8.645836,0.3345864713191986,0.9780219793319702,0.1945054978132248
YPR200C,YPL265W,0,-8.650405,0.3333333432674408,0.9780219793319702,0.19560439884662628
YAL022C,YGR229C,0,-8.659951,0.33208954334259033,0.9780219793319702,0.19670329988002777
YFR013W,YGR199W,0,-8.661321,0.33085501194000244,0.9780219793319702,0.19780220091342926
YIR005W,YPL096W,0,-8.66781,0.3296296298503876,0.9780219793319702,0.19890110194683075
YKL134C,YBR284W,0,-8.67201,0.3284132778644562,0.9780219793319702,0.20000000298023224
YER054C,YDL106C,0,-8.672582,0.3272058963775635,0.9780219793319702,0.20109890401363373
YPL140C,YJL093C,0,-8.673527,0.32600733637809753,0.9780219793319702,0.20219780504703522
YML086C,YCR055C,0,-8.679005,0.3248175084590912,0.9780219793319702,0.2032967060804367
YOR130C,YNL046W,0,-8.683893,0.32363635301589966,0.9780219793319702,0.2043956071138382
YFL035C,YDR280W,0,-8.6845665,0.3224637806415558,0.9780219793319702,0.20549450814723969
YBR160W,YDL166C,0,-8.68796,0.32129964232444763,0.9780219793319702,0.20659340918064117
YER159C,YGL099W,0,-8.688395,0.3201438784599304,0.9780219793319702,0.20769231021404266
YBR217W,YPR078C,0,-8.688673,0.3189964294433594,0.9780219793319702,0.20879121124744415
YPL262W,YGR056W,0,-8.696314,0.31785714626312256,0.9780219793319702,0.20989011228084564
YPL159C,YKL028W,0,-8.697975,0.3167259693145752,0.9780219793319702,0.21098901331424713
YDR151C,YJR004C,0,-8.698774,0.3156028389930725,0.9780219793319702,0.21208791434764862
YOR109W,YDR079C-A,0,-8.700794,0.31448763608932495,0.9780219793319702,0.2131868153810501
YPL091W,YML033W,0,-8.701597,0.31338027119636536,0.9780219793319702,0.2142857164144516
YBR089C-A,YNR047W,0,-8.702644,0.31228071451187134,0.9780219793319702,0.2153846174478531
YDR464W,YML088W,0,-8.707242,0.31118881702423096,0.9780219793319702,0.21648351848125458
YGL201C,YPL097W,0,-8.707674,0.31010451912879944,0.9780219793319702,0.21758241951465607
YNR011C,YDR213W,0,-8.708219,0.3090277910232544,0.9780219793319702,0.21868132054805756
YGR113W,YER174C,0,-8.708639,0.3079584836959839,0.9780219793319702,0.21978022158145905
YOR109W,YOR298C-A,0,-8.709141,0.30689653754234314,0.9780219793319702,0.22087912261486053
YJL133W,YMR076C,0,-8.721749,0.30584192276000977,0.9780219793319702,0.22197802364826202
YER087C-A,YLR234W,0,-8.722735,0.3047945201396942,0.9780219793319702,0.2230769246816635
YOR209C,YLR277C,0,-8.726425,0.3037542700767517,0.9780219793319702,0.224175825715065
YPR104C,YDR450W,0,-8.728201,0.3027210831642151,0.9780219793319702,0.2252747267484665
YDR086C,YOR083W,0,-8.733882,0.30169492959976196,0.9780219793319702,0.22637362778186798
YGR143W,YKL088W,0,-8.743552,0.3006756901741028,0.9780219793319702,0.22747252881526947
YLR068W,YGL008C,0,-8.748938,0.2996633052825928,0.9780219793319702,0.22857142984867096
YPR124W,YOL012C,0,-8.753281,0.29865771532058716,0.9780219793319702,0.22967033088207245
YGL029W,YNL121C,0,-8.756746,0.29765886068344116,0.9780219793319702,0.23076923191547394
YNL023C,YMR026C,0,-8.765022,0.2966666519641876,0.9780219793319702,0.23186813294887543
YDR191W,YKL088W,0,-8.772135,0.29568105936050415,0.9780219793319702,0.23296703398227692
YML078W,YOR301W,0,-8.773736,0.2947019934654236,0.9780219793319702,0.2340659350156784
YGL257C,YMR214W,0,-8.776694,0.29372936487197876,0.9780219793319702,0.2351648360490799
YPL208W,YHR050W,0,-8.787986,0.2927631437778473,0.9780219793319702,0.23626373708248138
YDR093W,YGL127C,0,-8.7940855,0.2918032705783844,0.9780219793319702,0.23736263811588287
YBL002W,YOL105C,0,-8.797819,0.2908496856689453,0.9780219793319702,0.23846153914928436
YHR107C,YDR235W,0,-8.799158,0.2899022698402405,0.9780219793319702,0.23956044018268585
YGR218W,YIR010W,0,-8.7994,0.2889610528945923,0.9780219793319702,0.24065934121608734
YIL119C,YHR016C,0,-8.807937,0.2880258858203888,0.9780219793319702,0.24175824224948883
YJR155W,YPR137C-B,0,-8.808136,0.28709676861763,0.9780219793319702,0.24285714328289032
YDR218C,YLR467W,0,-8.811475,0.28617364168167114,0.9780219793319702,0.2439560443162918
YGR113W,YBR289W,0,-8.8173065,0.28525641560554504,0.9780219793319702,0.2450549453496933
YHR041C,YAR009C,0,-8.822856,0.2843450605869293,0.9780219793319702,0.2461538463830948
YGR264C,YJR028W,0,-8.825875,0.2834394872188568,0.9780219793319702,0.24725274741649628
YEL015W,YMR283C,0,-8.828035,0.2825396955013275,0.9780219793319702,0.24835164844989777
YPR105C,YKL054C,0,-8.834663,0.2816455662250519,0.9780219793319702,0.24945054948329926
YER038C,YHR039C-B,0,-8.838003,0.2807570993900299,0.9780219793319702,0.25054946541786194
YGR056W,YDR098C-B,0,-8.839491,0.27987420558929443,0.9780219793319702,0.2516483664512634
YFR021W,YGL035C,0,-8.841163,0.27899685502052307,0.9780219793319702,0.2527472674846649
YDL155W,YAL044C,0,-8.842929,0.27812498807907104,0.9780219793319702,0.2538461685180664
YLR303W,YFR033C,0,-8.843443,0.27725857496261597,0.9780219793319702,0.2549450695514679
YPR140W,YNL284C-B,0,-8.857541,0.2763975262641907,0.9780219793319702,0.2560439705848694
YKR072C,YHL009W-B,0,-8.861872,0.2755417823791504,0.9780219793319702,0.2571428716182709
YMR236W,YKR020W,0,-8.867561,0.2746913433074951,0.9780219793319702,0.25824177265167236
YBR073W,YOR367W,0,-8.869513,0.2738461494445801,0.9780219793319702,0.25934067368507385
YKL176C,YNL016W,0,-8.872616,0.2730061411857605,0.9780219793319702,0.26043957471847534
YKL205W,YHR030C,0,-8.872688,0.2721712589263916,0.9780219793319702,0.26153847575187683
YLR044C,YDR238C,0,-8.87305,0.271341472864151,0.9780219793319702,0.2626373767852783
YMR146C,YJR120W,0,-8.87632,0.2705167233943939,0.9780219793319702,0.2637362778186798
YIL106W,YLR298C,0,-8.881823,0.269696980714798,0.9780219793319702,0.2648351788520813
YOR079C,YCR084C,0,-8.89357,0.2688821852207184,0.9780219793319702,0.2659340798854828
YGL093W,YOR343W-A,0,-8.902407,0.2680722773075104,0.9780219793319702,0.2670329809188843
YKL152C,YLL022C,0,-8.908899,0.26726725697517395,0.9780219793319702,0.26813188195228577
YJL102W,YDR356W,0,-8.909571,0.26646706461906433,0.9780219793319702,0.26923078298568726
YPR042C,YDR485C,0,-8.913221,0.26567164063453674,0.9780219793319702,0.27032968401908875
YCL016C,YJR029W,0,-8.919812,0.2648809552192688,0.9780219793319702,0.27142858505249023
YIL098C,YGR161W-A,0,-8.931801,0.2640949487686157,0.9780219793319702,0.2725274860858917
YCR094W,YPL257W-B,0,-8.933013,0.2633136212825775,0.9780219793319702,0.2736263871192932
YPR133W-A,YLR256W-A,0,-8.935902,0.262536883354187,0.9780219793319702,0.2747252881526947
YBR059C,YDR289C,0,-8.939319,0.2617647051811218,0.9780219793319702,0.2758241891860962
YGR254W,YPL147W,0,-8.939747,0.26099705696105957,0.9780219793319702,0.2769230902194977
YJL018W,YCL069W,0,-8.940738,0.26023390889167786,0.9780219793319702,0.27802199125289917
YGR010W,YGL126W,0,-8.941078,0.2594752311706543,0.9780219793319702,0.27912089228630066
YDL117W,YOR343W-A,0,-8.944964,0.25872093439102173,0.9780219793319702,0.28021979331970215
YCR034W,YGL207W,0,-8.947052,0.25797101855278015,0.9780219793319702,0.28131869435310364
YLR342W,YBR257W,0,-8.948242,0.2572254240512848,0.9780219793319702,0.2824175953865051
YNL294C,YGR056W,0,-8.953877,0.25648415088653564,0.9780219793319702,0.2835164964199066
YPL078C,YDR409W,0,-8.961857,0.25574713945388794,0.9780219793319702,0.2846153974533081
YPL208W,YDR210C-D,0,-8.962984,0.2550143301486969,0.9780219793319702,0.2857142984867096
YKL029C,YLR410W-B,0,-8.963689,0.2542857229709625,0.9780219793319702,0.2868131995201111
YCR094W,YOR343C-A,0,-8.964497,0.25356125831604004,0.9780219793319702,0.2879121005535126
YKL197C,YBL101W-A,0,-8.964497,0.25284090638160706,0.9780219793319702,0.28901100158691406
YLR320W,YPR158W-A,0,-8.964497,0.2521246373653412,0.9780219793319702,0.29010990262031555
YJL125C,YBL101W-A,0,-8.964497,0.25141242146492004,0.9780219793319702,0.29120880365371704
YBR042C,YOR343C-A,0,-8.964497,0.25070422887802124,0.9780219793319702,0.29230770468711853
YKR072C,YBL101W-A,0,-8.964497,0.25,0.9780219793319702,0.29340660572052
YPL270W,YBL101W-A,0,-8.964497,0.24929971992969513,0.9780219793319702,0.2945055067539215
YKL070W,YOR343C-B,0,-8.964497,0.24860335886478424,0.9780219793319702,0.295604407787323
YDR329C,YPR036W-A,0,-8.964497,0.24791085720062256,0.9780219793319702,0.2967033088207245
YLR284C,YNL046W,0,-8.967133,0.24722221493721008,0.9780219793319702,0.297802209854126
YPL224C,YKR046C,0,-8.9678955,0.24653740227222443,0.9780219793319702,0.29890111088752747
YLR086W,YBL005W-A,0,-8.972792,0.2458563596010208,0.9780219793319702,0.30000001192092896
YML116W,YLR429W,0,-8.972887,0.24517905712127686,0.9780219793319702,0.30109891295433044
YKR101W,YPL020C,0,-8.983943,0.24450549483299255,0.9780219793319702,0.30219781398773193
YDR337W,YOR056C,1,-8.986211,0.24657534062862396,0.9890109896659851,0.30219781398773193
YNR067C,YDR308C,0,-8.988895,0.24590164422988892,0.9890109896659851,0.3032967150211334
YBL005W,YCL005W-A,0,-8.993413,0.24523161351680756,0.9890109896659851,0.3043956160545349
YMR238W,YGR161W-B,0,-8.995104,0.2445652186870575,0.9890109896659851,0.3054945170879364
YNL317W,YHR039C-B,0,-8.995718,0.24390244483947754,0.9890109896659851,0.3065934181213379
YJL184W,YDR034C-C,0,-8.9964695,0.2432432472705841,0.9890109896659851,0.3076923191547394
YBR026C,YKR002W,0,-8.996587,0.2425875961780548,0.9890109896659851,0.30879122018814087
YOL026C,YGR229C,0,-8.997744,0.24193547666072845,0.9890109896659851,0.30989012122154236
YKR072C,YDR213W,0,-8.997866,0.24128685891628265,0.9890109896659851,0.31098902225494385
YER089C,YPR158W-A,0,-9.004722,0.24064171314239502,0.9890109896659851,0.31208792328834534
YJR006W,YPR137C-A,0,-9.005444,0.23999999463558197,0.9890109896659851,0.3131868243217468
YCR075C,YGR038C-A,0,-9.006811,0.2393617033958435,0.9890109896659851,0.3142857253551483
YJL134W,YCR008W,0,-9.01025,0.23872679471969604,0.9890109896659851,0.3153846263885498
YGR108W,YDR434W,0,-9.011696,0.2380952388048172,0.9890109896659851,0.3164835274219513
YPL147W,YDR034C-C,0,-9.017022,0.23746702075004578,0.9890109896659851,0.3175824284553528
YBR036C,YOR099W,0,-9.017628,0.2368421107530594,0.9890109896659851,0.3186813294887543
YGR230W,YER137C-A,0,-9.019368,0.23622047901153564,0.9890109896659851,0.31978023052215576
YJL081C,YJR150C,0,-9.023279,0.23560209572315216,0.9890109896659851,0.32087913155555725
YMR068W,YNL339C,0,-9.024107,0.23498694598674774,0.9890109896659851,0.32197803258895874
YNL275W,YKR095W-A,0,-9.028133,0.234375,0.9890109896659851,0.32307693362236023
YEL017C-A,YOR343W-A,0,-9.028703,0.23376622796058655,0.9890109896659851,0.3241758346557617
YDR337W,YPL239W,1,-9.037621,0.23575130105018616,1.0,0.3241758346557617
YEL016C,YJL204C,0,-9.04142,0.23514211177825928,1.0,0.3252747356891632
YGL013C,YDR159W,0,-9.047325,0.2345360815525055,1.0,0.3263736367225647
YDR457W,YLR410W-B,0,-9.047989,0.23393316566944122,1.0,0.3274725377559662
YPR034W,YER159C-A,0,-9.050259,0.23333333432674408,1.0,0.3285714387893677
YKL190W,YEL032W,0,-9.050512,0.23273657262325287,1.0,0.32967033982276917
YEL030W,YFL002W-B,0,-9.0518055,0.2321428507566452,1.0,0.33076924085617065
YGR024C,YNR064C,0,-9.0546255,0.23155216872692108,1.0,0.33186814188957214
YPL156C,YLR176C,0,-9.056278,0.23096446692943573,1.0,0.33296704292297363
YNL230C,YJR045C,0,-9.058458,0.23037974536418915,1.0,0.3340659439563751
YDL090C,YIL077C,0,-9.058485,0.22979797422885895,1.0,0.3351648449897766
YBR164C,YDR098C-B,0,-9.059232,0.22921913862228394,1.0,0.3362637460231781
YAL035W,YKL134C,0,-9.05932,0.22864320874214172,1.0,0.3373626470565796
YMR029C,YDR261W-A,0,-9.063958,0.22807016968727112,1.0,0.3384615480899811
YMR029C,YOR274W,0,-9.065216,0.22750000655651093,1.0,0.33956044912338257
YGR225W,YDL220C,0,-9.074314,0.22693267464637756,1.0,0.34065935015678406
YIL009C-A,YMR006C,0,-9.075336,0.22636815905570984,1.0,0.34175825119018555
YBR167C,YFL002W-B,0,-9.076761,0.22580644488334656,1.0,0.34285715222358704
YHR072W,YFL002W-B,0,-9.081028,0.22524753212928772,1.0,0.3439560532569885
YGR094W,YIL063C,0,-9.083545,0.22469136118888855,1.0,0.34505495429039
YEL032W,YKR090W,0,-9.085594,0.22413793206214905,1.0,0.3461538553237915
YOL013C,YPR121W,0,-9.090787,0.22358722984790802,1.0,0.347252756357193
YGR097W,YMR305C,0,-9.092649,0.22303920984268188,1.0,0.3483516573905945
YBR250W,YHR039C-B,0,-9.092921,0.22249388694763184,1.0,0.34945055842399597
YBL040C,YOR127W,0,-9.095697,0.2219512164592743,1.0,0.35054945945739746
YBR161W,YDR017C,0,-9.098871,0.22141119837760925,1.0,0.35164836049079895
YGR097W,YBL020W,0,-9.099042,0.22087378799915314,1.0,0.35274726152420044
YLR254C,YMR039C,0,-9.102297,0.22033898532390594,1.0,0.35384616255760193
YBR290W,YJR019C,0,-9.114612,0.2198067605495453,1.0,0.3549450635910034
YMR035W,YDL235C,0,-9.120602,0.21927711367607117,1.0,0.3560439646244049
YPL098C,YBL055C,0,-9.12063,0.21875,1.0,0.3571428656578064
YPR095C,YDL190C,0,-9.121782,0.2182254195213318,1.0,0.3582417666912079
YPL241C,YLR292C,0,-9.128702,0.21770334243774414,1.0,0.3593406677246094
YKL053C-A,YCL060C,0,-9.131542,0.21718376874923706,1.0,0.36043956875801086
YLR256W,YLR347C,0,-9.133766,0.21666666865348816,1.0,0.36153846979141235
YGL061C,YOL103W-B,0,-9.135884,0.21615201234817505,1.0,0.36263737082481384
YDL029W,YLR328W,0,-9.140603,0.21563981473445892,1.0,0.36373627185821533
YGR121C,YPR173C,0,-9.140984,0.215130016207695,1.0,0.3648351728916168
YGR227W,YOR119C,0,-9.142789,0.2146226465702057,1.0,0.3659340739250183
YER179W,YML005W,0,-9.153753,0.2141176462173462,1.0,0.3670329749584198
YBR199W,YDR005C,0,-9.167584,0.2136150300502777,1.0,0.3681318759918213
YML010W,YMR134W,0,-9.170052,0.21311475336551666,1.0,0.3692307770252228
YGR055W,YIR026C,0,-9.170496,0.21261681616306305,1.0,0.37032967805862427
YAL015C,YHR165C,0,-9.170654,0.21212121844291687,1.0,0.37142857909202576
YJL031C,YDR022C,0,-9.174327,0.21162790060043335,1.0,0.37252748012542725
YBR121C,YDR034C-C,0,-9.176792,0.21113689243793488,1.0,0.37362638115882874
YHR142W,YCR039C,0,-9.1782875,0.21064814925193787,1.0,0.3747252821922302
YLR310C,YGL142C,0,-9.183243,0.21016165614128113,1.0,0.3758241832256317
YCL039W,YOR076C,0,-9.189089,0.20967741310596466,1.0,0.3769230842590332
YLR391W-A,YKR003W,0,-9.189503,0.20919540524482727,1.0,0.3780219852924347
YOR063W,YOR142W-B,0,-9.191155,0.20871560275554657,1.0,0.3791208863258362
YMR280C,YGL006W,0,-9.191561,0.20823799073696136,1.0,0.38021978735923767
YJR092W,YOR330C,0,-9.211693,0.20776255428791046,1.0,0.38131868839263916
YJL207C,YFR005C,0,-9.213606,0.20728929340839386,1.0,0.38241758942604065
YLR233C,YBL106C,0,-9.216482,0.20681817829608917,1.0,0.38351649045944214
YMR119W,YER108C,0,-9.224181,0.2063492089509964,1.0,0.38461539149284363
YPR081C,YNL332W,0,-9.235904,0.20588235557079315,1.0,0.3857142925262451
YER149C,YMR234W,0,-9.237835,0.20541760325431824,1.0,0.3868131935596466
YER001W,YDR208W,0,-9.238618,0.20495495200157166,1.0,0.3879120945930481
YFL024C,YOR137C,0,-9.240643,0.2044943869113922,1.0,0.3890109956264496
YAL012W,YDR394W,0,-9.24107,0.20403587818145752,1.0,0.3901098966598511
YNL286W,YKL165C,0,-9.245387,0.20357941091060638,1.0,0.39120879769325256
YDL002C,YOL093W,0,-9.245712,0.203125,1.0,0.39230769872665405
YGL255W,YHR138C,0,-9.248398,0.20267260074615479,1.0,0.39340659976005554
YDR376W,YJL081C,0,-9.248707,0.20222222805023193,1.0,0.39450550079345703
YOR329C,YJR009C,0,-9.249307,0.20177383720874786,1.0,0.3956044018268585
YCR106W,YPL234C,0,-9.253645,0.20132742822170258,1.0,0.39670330286026
YNR027W,YLR455W,0,-9.258554,0.20088300108909607,1.0,0.3978022038936615
YPR032W,YNR039C,0,-9.264568,0.20044052600860596,1.0,0.398901104927063
YDR298C,YGR085C,0,-9.274847,0.20000000298023224,1.0,0.4000000059604645
YNL118C,YIR015W,0,-9.275202,0.19956140220165253,1.0,0.40109890699386597
YAL012W,YLR014C,0,-9.282982,0.19912472367286682,1.0,0.40219780802726746
YDR439W,YFL026W,0,-9.285452,0.19868995249271393,1.0,0.40329670906066895
YLR181C,YML045W,0,-9.28747,0.19825707376003265,1.0,0.40439561009407043
YDR437W,YNL317W,0,-9.291855,0.197826087474823,1.0,0.4054945111274719
YDL102W,YDL044C,0,-9.294174,0.19739696383476257,1.0,0.4065934121608734
YDR518W,YOR206W,0,-9.300907,0.19696970283985138,1.0,0.4076923131942749
YPR037C,YDR394W,0,-9.3186035,0.19654427468776703,1.0,0.4087912142276764
YBR008C,YAL031C,0,-9.322328,0.19612069427967072,1.0,0.4098901152610779
YBR136W,YHR200W,0,-9.327654,0.19569893181324005,1.0,0.41098901629447937
YJL020C,YOR198C,0,-9.331211,0.19527897238731384,1.0,0.41208791732788086
YPR081C,YKL117W,0,-9.335215,0.1948608160018921,1.0,0.41318681836128235
YNL270C,YGR054W,0,-9.337324,0.1944444477558136,1.0,0.41428571939468384
YMR041C,YMR029C,0,-9.339247,0.19402985274791718,1.0,0.4153846204280853
YNL118C,YHR060W,0,-9.352201,0.19361701607704163,1.0,0.4164835214614868
YOR266W,YMR305C,0,-9.357279,0.19320593774318695,1.0,0.4175824224948883
YPR122W,YDL194W,0,-9.360344,0.19279660284519196,1.0,0.4186813235282898
YIL002C,YML065W,0,-9.361336,0.19238901138305664,1.0,0.4197802245616913
YPL265W,YKR038C,0,-9.365307,0.19198311865329742,1.0,0.4208791255950928
YCL060C,YOL128C,0,-9.369333,0.1915789544582367,1.0,0.42197802662849426
YMR312W,YMR216C,0,-9.375514,0.19117647409439087,1.0,0.42307692766189575
YPL008W,YER127W,0,-9.383316,0.19077567756175995,1.0,0.42417582869529724
YNL264C,YGR085C,0,-9.391788,0.19037656486034393,1.0,0.42527472972869873
YJR127C,YOL122C,0,-9.395134,0.18997912108898163,1.0,0.4263736307621002
YDR129C,YLR417W,0,-9.404451,0.18958333134651184,1.0,0.4274725317955017
YNL201C,YDR177W,0,-9.404989,0.18918919563293457,1.0,0.4285714328289032
YGL001C,YNL078W,0,-9.40624,0.18879668414592743,1.0,0.4296703338623047
YKR020W,YER123W,0,-9.413688,0.18840579688549042,1.0,0.4307692348957062
YOR026W,YGL255W,0,-9.432332,0.18801653385162354,1.0,0.43186813592910767
YJR025C,YNL310C,0,-9.436102,0.1876288652420044,1.0,0.43296703696250916
YIR041W,YOR048C,0,-9.439922,0.187242791056633,1.0,0.43406593799591064
YER162C,YDR103W,0,-9.4426365,0.18685831129550934,1.0,0.43516483902931213
YPR086W,YGL243W,0,-9.445479,0.18647541105747223,1.0,0.4362637400627136
YNL220W,YJR065C,0,-9.447063,0.18609407544136047,1.0,0.4373626410961151
YGL126W,YMR175W,0,-9.45728,0.18571428954601288,1.0,0.4384615421295166
YMR043W,YKL099C,0,-9.463155,0.18533605337142944,1.0,0.4395604431629181
YCR020W-B,YOL045W,0,-9.472629,0.18495935201644897,1.0,0.4406593441963196
YKL001C,YCL020W,0,-9.475979,0.18458418548107147,1.0,0.44175824522972107
YJR083C,YJL093C,0,-9.481112,0.18421052396297455,1.0,0.44285714626312256
YBL033C,YOL040C,0,-9.48408,0.1838383823633194,1.0,0.44395604729652405
YLR381W,YGL014W,0,-9.48459,0.18346774578094482,1.0,0.44505494832992554
YEL016C,YER165W,0,-9.4927225,0.18309858441352844,1.0,0.446153849363327
YML132W,YPL151C,0,-9.4954,0.18273092806339264,1.0,0.4472527503967285
YPL137C,YKL197C,0,-9.495698,0.18236473202705383,1.0,0.44835165143013
YNR027W,YCR028C,0,-9.503395,0.18199999630451202,1.0,0.4494505524635315
YPR133C,YOL105C,0,-9.511406,0.1816367208957672,1.0,0.450549453496933
YBR009C,YDR247W,0,-9.5114565,0.1812749058008194,1.0,0.4516483545303345
YLR431C,YIL097W,0,-9.513081,0.180914506316185,1.0,0.45274725556373596
YKL012W,YLR006C,0,-9.514446,0.1805555522441864,1.0,0.45384615659713745
YBR145W,YIL138C,0,-9.525836,0.18019801378250122,1.0,0.45494505763053894
YJR082C,YBL103C,0,-9.5259495,0.17984189093112946,1.0,0.45604395866394043
YFL048C,YLR320W,0,-9.52791,0.1794871836900711,1.0,0.4571428596973419
YOR349W,YJR126C,0,-9.531048,0.17913386225700378,1.0,0.4582417607307434
YNL054W,YIL080W,0,-9.531595,0.1787819266319275,1.0,0.4593406617641449
YJR119C,YPL151C,0,-9.539428,0.17843137681484222,1.0,0.4604395627975464
YDR268W,YDR435C,0,-9.546039,0.1780821979045868,1.0,0.4615384638309479
YKR062W,YMR046C,0,-9.549915,0.177734375,1.0,0.46263736486434937
YDR201W,YDR131C,0,-9.565793,0.17738790810108185,1.0,0.46373626589775085
YKL025C,YHR050W,0,-9.566054,0.17704279720783234,1.0,0.46483516693115234
YLR431C,YMR305C,0,-9.57274,0.17669902741909027,1.0,0.46593406796455383
YBR039W,YGR270W,0,-9.577483,0.17635658383369446,1.0,0.4670329689979553
YMR015C,YLR138W,0,-9.582373,0.1760154664516449,1.0,0.4681318700313568
YMR298W,YNL167C,0,-9.586761,0.1756756752729416,1.0,0.4692307710647583
YMR014W,YPR068C,0,-9.591206,0.17533718049526215,1.0,0.4703296720981598
YBR029C,YJR119C,0,-9.592846,0.17499999701976776,1.0,0.4714285731315613
YAR018C,YML029W,0,-9.59761,0.17466410994529724,1.0,0.47252747416496277
YNR075W,YLR097C,0,-9.598324,0.1743295043706894,1.0,0.47362637519836426
YGR261C,YOR136W,0,-9.600628,0.1739961802959442,1.0,0.47472527623176575
YGL021W,YML028W,0,-9.600719,0.1736641228199005,1.0,0.47582417726516724
YGR267C,YML069W,0,-9.601065,0.1733333319425583,1.0,0.4769230782985687
YDR159W,YNL045W,0,-9.6025505,0.17300380766391754,1.0,0.4780219793319702
YLR139C,YLR272C,0,-9.603576,0.17267552018165588,1.0,0.4791208803653717
YKR065C,YHR157W,0,-9.604971,0.1723484843969345,1.0,0.4802197813987732
YDL044C,YNL257C,0,-9.613735,0.17202268540859222,1.0,0.4813186824321747
YPL265W,YKL150W,0,-9.613741,0.17169810831546783,1.0,0.48241758346557617
YDL097C,YGL098W,0,-9.617292,0.17137476801872253,1.0,0.48351648449897766
YFL025C,YBL008W,0,-9.618658,0.17105263471603394,1.0,0.48461538553237915
YNR031C,YDR451C,0,-9.619066,0.17073170840740204,1.0,0.48571428656578064
YPL228W,YDR393W,0,-9.622278,0.17041198909282684,1.0,0.48681318759918213
YGR254W,YAL010C,0,-9.635792,0.17009346187114716,1.0,0.4879120886325836
YJL081C,YAL031C,0,-9.636255,0.16977612674236298,1.0,0.4890109896659851
YPL051W,YJL052W,0,-9.639042,0.1694599688053131,1.0,0.4901098906993866
YGL219C,YIL039W,0,-9.643091,0.16914498805999756,1.0,0.4912087917327881
YPL181W,YGL055W,0,-9.652887,0.16883116960525513,1.0,0.4923076927661896
YDL117W,YGL044C,0,-9.655575,0.16851851344108582,1.0,0.49340659379959106
YPL241C,YGL013C,0,-9.6653595,0.16820701956748962,1.0,0.49450549483299255
YKL193C,YOR194C,0,-9.667029,0.16789667308330536,1.0,0.49560439586639404
YKL009W,YHR091C,0,-9.672125,0.16758747398853302,1.0,0.49670329689979553
YFR030W,YIL144W,0,-9.672768,0.1672794073820114,1.0,0.497802197933197
YPL275W,YNL004W,0,-9.672899,0.16697247326374054,1.0,0.4989010989665985
YGR212W,YJL141C,0,-9.67601,0.1666666716337204,1.0,0.5
YAL012W,YJR093C,0,-9.676338,0.1663619726896286,1.0,0.5010989308357239
YLR107W,YPL274W,0,-9.687205,0.16605839133262634,1.0,0.502197802066803
YNL027W,YER041W,0,-9.68794,0.16575591266155243,1.0,0.5032967329025269
YOL156W,YNL214W,0,-9.692145,0.16545455157756805,1.0,0.504395604133606
YDL225W,YLR316C,0,-9.692821,0.16515426337718964,1.0,0.5054945349693298
YLR411W,YPL170W,0,-9.699951,0.16485507786273956,1.0,0.5065934062004089
YOR321W,YML131W,0,-9.708088,0.16455696523189545,1.0,0.5076923370361328
YNL182C,YDL109C,0,-9.711195,0.1642599254846573,1.0,0.5087912082672119
YDR021W,YDR189W,0,-9.716624,0.16396395862102509,1.0,0.5098901391029358
YNR044W,YDR322C-A,0,-9.719183,0.16366906464099884,1.0,0.5109890103340149
YDL013W,YDR018C,0,-9.723427,0.16337522864341736,1.0,0.5120879411697388
YER155C,YOL095C,0,-9.7376995,0.16308243572711945,1.0,0.5131868124008179
YGL236C,YPL190C,0,-9.741536,0.1627907007932663,1.0,0.5142857432365417
YPL076W,YDL130W-A,0,-9.741793,0.16249999403953552,1.0,0.5153846144676208
YGR121C,YFR052W,0,-9.742924,0.1622103452682495,1.0,0.5164835453033447
YJR025C,YLR403W,0,-9.748217,0.16192170977592468,1.0,0.5175824165344238
YPL008W,YMR214W,0,-9.748257,0.16163410246372223,1.0,0.5186813473701477
YNR034W,YER041W,0,-9.749998,0.16134752333164215,1.0,0.5197802186012268
YMR065W,YJL190C,0,-9.750556,0.16106194257736206,1.0,0.5208791494369507
YGR118W,YDL130W-A,0,-9.751087,0.16077739000320435,1.0,0.5219780206680298
YDR245W,YLR090W,0,-9.758206,0.16049382090568542,1.0,0.5230769515037537
YIL038C,YDR285W,0,-9.768446,0.16021126508712769,1.0,0.5241758227348328
YGL115W,YNL304W,0,-9.776043,0.15992970764636993,1.0,0.5252747535705566
YIL009W,YOR301W,0,-9.782449,0.15964911878108978,1.0,0.5263736248016357
YDR411C,YIL105C,0,-9.787453,0.15936952829360962,1.0,0.5274725556373596
YHR193C,YDL006W,0,-9.790318,0.15909090638160706,1.0,0.5285714268684387
YDL132W,YBR092C,0,-9.794826,0.1588132679462433,1.0,0.5296703577041626
YFL056C,YIL042C,0,-9.808947,0.15853658318519592,1.0,0.5307692289352417
YDR216W,YJL198W,0,-9.810303,0.15826086699962616,1.0,0.5318681597709656
YKR038C,YKL197C,0,-9.815361,0.1579861044883728,1.0,0.5329670310020447
YJL014W,YDR343C,0,-9.816416,0.15771231055259705,1.0,0.5340659618377686
YMR047C,YMR139W,0,-9.818772,0.1574394404888153,1.0,0.5351648330688477
YGL071W,YMR225C,0,-9.822159,0.15716752409934998,1.0,0.5362637639045715
YDR285W,YML131W,0,-9.833394,0.15689654648303986,1.0,0.5373626351356506
YGL105W,YHR004C,0,-9.837941,0.15662650763988495,1.0,0.5384615659713745
YPR199C,YJL154C,0,-9.8520155,0.15635739266872406,1.0,0.5395604372024536
YJR108W,YGR007W,0,-9.858479,0.156089186668396,1.0,0.5406593680381775
YJL209W,YBR160W,0,-9.861465,0.15582191944122314,1.0,0.5417582392692566
YGR244C,YOL054W,0,-9.863027,0.15555556118488312,1.0,0.5428571701049805
YPL043W,YNL079C,0,-9.867674,0.15529009699821472,1.0,0.5439560413360596
YJR108W,YGL142C,0,-9.870497,0.15502555668354034,1.0,0.5450549721717834
YKL042W,YGL095C,0,-9.907107,0.1547619104385376,1.0,0.5461538434028625
YJL033W,YNL129W,0,-9.911419,0.15449915826320648,1.0,0.5472527742385864
YDR172W,YKL070W,0,-9.920515,0.1542372852563858,1.0,0.5483516454696655
YGL020C,YNL214W,0,-9.926178,0.15397630631923676,1.0,0.5494505763053894
YLR260W,YJL076W,0,-9.936509,0.15371622145175934,1.0,0.5505494475364685
YAL040C,YBR087W,0,-9.936807,0.15345700085163116,1.0,0.5516483783721924
YCR028C,YBR186W,0,-9.937355,0.15319865942001343,1.0,0.5527472496032715
YOL089C,YHR135C,0,-9.938687,0.15294118225574493,1.0,0.5538461804389954
YJL008C,YOR147W,0,-9.9436,0.15268456935882568,1.0,0.5549450516700745
YNL242W,YGL201C,0,-9.9442005,0.15242880582809448,1.0,0.5560439825057983
YAL025C,YPL022W,0,-9.945791,0.15217390656471252,1.0,0.5571428537368774
YNL062C,YOL031C,0,-9.950478,0.1519198715686798,1.0,0.5582417845726013
YKR002W,YML027W,0,-9.95199,0.15166667103767395,1.0,0.5593406558036804
YKL139W,YGR135W,0,-9.953819,0.15141430497169495,1.0,0.5604395866394043
YMR150C,YER053C,0,-9.957029,0.151162788271904,1.0,0.5615384578704834
YOR257W,YGL078C,0,-9.963157,0.1509121060371399,1.0,0.5626373887062073
YKL208W,YGR199W,0,-9.965097,0.15066225826740265,1.0,0.5637362599372864
YDR235W,YBL102W,0,-9.965479,0.15041323006153107,1.0,0.5648351907730103
YJR119C,YBL102W,0,-9.9700985,0.15016502141952515,1.0,0.5659340620040894
YHR096C,YNL213C,0,-9.970322,0.1499176323413849,1.0,0.5670329928398132
YJR108W,YPL274W,0,-9.9738865,0.1496710479259491,1.0,0.5681318640708923
YGL033W,YER005W,0,-9.975775,0.14942528307437897,1.0,0.5692307949066162
YAL047C,YGL169W,0,-9.977337,0.1491803228855133,1.0,0.5703296661376953
YBR160W,YLR134W,0,-9.978948,0.1489361673593521,1.0,0.5714285969734192
YML051W,YDR129C,0,-9.980494,0.14869281649589539,1.0,0.5725274682044983
YER007W,YBR082C,0,-9.9861145,0.14845024049282074,1.0,0.5736263990402222
YPL049C,YGL001C,0,-10.0104685,0.14820846915245056,1.0,0.5747252702713013
YDR298C,YOL123W,0,-10.0119505,0.14796747267246246,1.0,0.5758242011070251
YDR022C,YBR250W,0,-10.013464,0.14772726595401764,1.0,0.5769230723381042
YMR199W,YDR263C,0,-10.01716,0.1474878489971161,1.0,0.5780220031738281
YMR287C,YJL042W,0,-10.018835,0.14724919199943542,1.0,0.5791208744049072
YER106W,YDR393W,0,-10.030895,0.14701130986213684,1.0,0.5802198052406311
YDR456W,YBR250W,0,-10.031389,0.14677418768405914,1.0,0.5813186764717102
YHR072W,YIL173W,0,-10.038803,0.14653784036636353,1.0,0.5824176073074341
YEL017C-A,YLR346C,0,-10.042232,0.1463022530078888,1.0,0.5835164785385132
YER073W,YBR217W,0,-10.042385,0.14606741070747375,1.0,0.5846154093742371
YPR138C,YBL014C,0,-10.049213,0.1458333283662796,1.0,0.5857142806053162
YML058W-A,YBR183W,0,-10.049511,0.14560000598430634,1.0,0.58681321144104
YOL133W,YER165W,0,-10.071539,0.14536741375923157,1.0,0.5879120826721191
YJL031C,YDL145C,0,-10.086113,0.1451355665922165,1.0,0.589011013507843
YOR349W,YLR328W,0,-10.087864,0.1449044644832611,1.0,0.5901098847389221
YFL018C,YIL173W,0,-10.096482,0.14467409253120422,1.0,0.591208815574646
YDL022W,YBL008W,0,-10.100653,0.14444445073604584,1.0,0.5923076868057251
YBL084C,YPR112C,0,-10.101103,0.14421552419662476,1.0,0.593406617641449
YKL004W,YBR050C,0,-10.107975,0.14398734271526337,1.0,0.5945054888725281
YHR055C,YNL085W,0,-10.108337,0.14375987648963928,1.0,0.595604419708252
YGL071W,YFR041C,0,-10.108725,0.1435331255197525,1.0,0.596703290939331
YBR107C,YBR154C,0,-10.111113,0.14330708980560303,1.0,0.5978022217750549
YPL069C,YNR011C,0,-10.112413,0.14308175444602966,1.0,0.598901093006134
YHL003C,YKR097W,0,-10.113014,0.1428571492433548,1.0,0.6000000238418579
YPL268W,YJL145W,0,-10.115189,0.14263322949409485,1.0,0.601098895072937
YFR030W,YGL058W,0,-10.131687,0.142410010099411,1.0,0.6021978259086609
YFL011W,YDR435C,0,-10.136339,0.14218750596046448,1.0,0.60329669713974
YLR170C,YAL043C,0,-10.140022,0.14196567237377167,1.0,0.6043956279754639
YDL006W,YDR160W,0,-10.141279,0.14174455404281616,1.0,0.605494499206543
YOR351C,YMR146C,0,-10.143504,0.14152410626411438,1.0,0.6065934300422668
YLR170C,YAR018C,0,-10.150368,0.14130434393882751,1.0,0.607692301273346
YEL050C,YNL253W,0,-10.155107,0.14108526706695557,1.0,0.6087912321090698
YNL068C,YNL328C,0,-10.156086,0.14086687564849854,1.0,0.6098901033401489
YCR037C,YOR308C,0,-10.156642,0.14064915478229523,1.0,0.6109890341758728
YKL194C,YBR171W,0,-10.1673765,0.14043210446834564,1.0,0.6120879054069519
YNL323W,YKL042W,0,-10.168629,0.1402157098054886,1.0,0.6131868362426758
YKR024C,YIL009C-A,0,-10.183587,0.14000000059604645,1.0,0.6142857074737549
YMR316W,YCR091W,0,-10.185719,0.13978494703769684,1.0,0.6153846383094788
YJL081C,YNL214W,0,-10.186718,0.13957054913043976,1.0,0.6164835095405579
YER001W,YDR166C,0,-10.1955185,0.1393568217754364,1.0,0.6175824403762817
YHR061C,YEL057C,0,-10.198257,0.13914373517036438,1.0,0.6186813116073608
YNL006W,YDR288W,0,-10.199858,0.1389313042163849,1.0,0.6197802424430847
YKR036C,YAR019C,0,-10.20005,0.13871951401233673,1.0,0.6208791136741638
YNL227C,YLR328W,0,-10.20575,0.1385083645582199,1.0,0.6219780445098877
YNL041C,YDR273W,0,-10.20672,0.13829787075519562,1.0,0.6230769157409668
YOR018W,YNL304W,0,-10.206739,0.13808801770210266,1.0,0.6241758465766907
YJL092W,YIL129C,0,-10.206832,0.13787879049777985,1.0,0.6252747178077698
YPL106C,YHR135C,0,-10.2128105,0.13767020404338837,1.0,0.6263736486434937
YGL200C,YDR277C,0,-10.215597,0.13746222853660583,1.0,0.6274725198745728
YBR201W,YCL010C,0,-10.218543,0.13725490868091583,1.0,0.6285714507102966
YNL293W,YDR145W,0,-10.22007,0.13704819977283478,1.0,0.6296703219413757
YCR048W,YAR002C-A,0,-10.220996,0.13684210181236267,1.0,0.6307692527770996
YOR321W,YIL118W,0,-10.222837,0.1366366297006607,1.0,0.6318681240081787
YBR272C,YCL004W,0,-10.224443,0.13643178343772888,1.0,0.6329670548439026
YML102W,YBR091C,0,-10.225985,0.136227548122406,1.0,0.6340659260749817
YNL142W,YPL146C,0,-10.230757,0.13602390885353088,1.0,0.6351648569107056
YGL001C,YDR325W,0,-10.230936,0.1358208954334259,1.0,0.6362637281417847
YKL048C,YNL263C,0,-10.235838,0.13561847805976868,1.0,0.6373626589775085
YJL053W,YJR046W,0,-10.240096,0.1354166716337204,1.0,0.6384615302085876
YGR191W,YLR337C,0,-10.252546,0.13521544635295868,1.0,0.6395604610443115
YPR154W,YBR260C,0,-10.255849,0.1350148320198059,1.0,0.6406593322753906
YNL041C,YNR023W,0,-10.256157,0.1348148137331009,1.0,0.6417582631111145
YJR097W,YEL065W,0,-10.263074,0.13461539149284363,1.0,0.6428571343421936
YNL159C,YCR028C-A,0,-10.2642,0.13441655039787292,1.0,0.6439560651779175
YDR329C,YHL009C,0,-10.269115,0.13421829044818878,1.0,0.6450549364089966
YNL239W,YBR092C,0,-10.272455,0.1340206116437912,1.0,0.6461538672447205
YDR382W,YLR005W,0,-10.279999,0.13382352888584137,1.0,0.6472527384757996
YMR161W,YLR086W,0,-10.280081,0.1336270123720169,1.0,0.6483516693115234
YHR043C,YBR091C,0,-10.282581,0.1334310919046402,1.0,0.6494505405426025
YHR053C,YKL043W,0,-10.28367,0.13323572278022766,1.0,0.6505494713783264
YDR393W,YNL160W,0,-10.287936,0.13304093480110168,1.0,0.6516483426094055
YPR105C,YOR191W,0,-10.292957,0.13284671306610107,1.0,0.6527472734451294
YMR043W,YNL012W,0,-10.293007,0.13265305757522583,1.0,0.6538461446762085
YJL178C,YBL105C,0,-10.301428,0.13245996832847595,1.0,0.6549450755119324
YDR424C,YOR076C,0,-10.309418,0.13226744532585144,1.0,0.6560439467430115
YDR206W,YDL120W,0,-10.31567,0.1320754736661911,1.0,0.6571428775787354
YDR153C,YHR154W,0,-10.318949,0.13188405334949493,1.0,0.6582417488098145
YBR286W,YLR016C,0,-10.319199,0.13169319927692413,1.0,0.6593406796455383
YGL162W,YML025C,0,-10.330306,0.1315028965473175,1.0,0.6604395508766174
YDR414C,YPR083W,0,-10.335426,0.13131313025951385,1.0,0.6615384817123413
YAL013W,YHR158C,0,-10.337375,0.13112391531467438,1.0,0.6626373529434204
YBR109C,YGR186W,0,-10.341064,0.13093525171279907,1.0,0.6637362837791443
YLR220W,YGL087C,0,-10.341309,0.13074712455272675,1.0,0.6648351550102234
YPR104C,YDR437W,0,-10.353897,0.1305595338344574,1.0,0.6659340858459473
YBR112C,YMR035W,0,-10.363393,0.13037249445915222,1.0,0.6670329570770264
YPR068C,YJR009C,0,-10.365151,0.13018597662448883,1.0,0.6681318879127502
YDR335W,YKR062W,0,-10.365412,0.12999999523162842,1.0,0.6692307591438293
YCL016C,YMR101C,0,-10.372358,0.12981455028057098,1.0,0.6703296899795532
YMR069W,YOR332W,0,-10.388209,0.12962962687015533,1.0,0.6714285612106323
YPL022W,YPL124W,0,-10.390078,0.12944523990154266,1.0,0.6725274920463562
YDR216W,YJL102W,0,-10.4015665,0.12926135957241058,1.0,0.6736263632774353
YNL206C,YKL095W,0,-10.402245,0.12907801568508148,1.0,0.6747252941131592
YLR207W,YDR488C,0,-10.404671,0.12889517843723297,1.0,0.6758241653442383
YOL156W,YML013W,0,-10.413036,0.12871287763118744,1.0,0.6769230961799622
YNL148C,YBR133C,0,-10.417969,0.1285310685634613,1.0,0.6780219674110413
YAL041W,YOL005C,0,-10.418179,0.12834978103637695,1.0,0.6791208982467651
YLR103C,YDR123C,0,-10.428191,0.1281690150499344,1.0,0.6802197694778442
YCL039W,YOL095C,0,-10.433704,0.12798874080181122,1.0,0.6813187003135681
YNL334C,YML028W,0,-10.434281,0.12780898809432983,1.0,0.6824175715446472
YFL057C,YPL011C,0,-10.438954,0.12762972712516785,1.0,0.6835165023803711
YBL023C,YDR322C-A,0,-10.451714,0.12745098769664764,1.0,0.6846153736114502
YCR038C,YPR182W,0,-10.456912,0.12727272510528564,1.0,0.6857143044471741
YPL123C,YDR515W,0,-10.46259,0.12709496915340424,1.0,0.6868131756782532
YBR065C,YDL081C,0,-10.463724,0.12691771984100342,1.0,0.687912106513977
YIR037W,YIL068C,0,-10.46978,0.1267409473657608,1.0,0.6890109777450562
YMR308C,YEL057C,0,-10.47506,0.12656466662883759,1.0,0.69010990858078
YGL116W,YDR166C,0,-10.476066,0.12638889253139496,1.0,0.6912087798118591
YML095C,YGL210W,0,-10.477663,0.12621359527111053,1.0,0.692307710647583
YNL044W,YOR356W,0,-10.477696,0.12603877484798431,1.0,0.6934065818786621
YML071C,YDR273W,0,-10.47888,0.12586446106433868,1.0,0.694505512714386
YAL013W,YOR087W,0,-10.479056,0.12569060921669006,1.0,0.6956043839454651
YIR010W,YMR232W,0,-10.479926,0.12551723420619965,1.0,0.696703314781189
YNR002C,YCL001W,0,-10.481261,0.12534435093402863,1.0,0.6978021860122681
YJL146W,YNL123W,0,-10.493689,0.1251719444990158,1.0,0.6989011168479919
YNL148C,YDR191W,0,-10.497345,0.125,1.0,0.699999988079071
YMR301C,YIR041W,0,-10.507402,0.1248285323381424,1.0,0.7010989189147949
YBL084C,YGL111W,0,-10.5155325,0.1246575340628624,1.0,0.702197790145874
YPL255W,YJR091C,0,-10.515844,0.12448700517416,1.0,0.7032967209815979
YMR109W,YDR087C,0,-10.5165615,0.12431693822145462,1.0,0.704395592212677
YLR381W,YBR260C,0,-10.521203,0.12414734065532684,1.0,0.7054945230484009
YNL245C,YCL043C,0,-10.527635,0.12397820502519608,1.0,0.70659339427948
YNR019W,YDR328C,0,-10.530319,0.12380952388048172,1.0,0.7076923251152039
YOR074C,YDR148C,0,-10.539372,0.12364130467176437,1.0,0.708791196346283
YDR393W,YMR140W,0,-10.539682,0.12347353994846344,1.0,0.7098901271820068
YLR153C,YCL026C-A,0,-10.547534,0.12330622971057892,1.0,0.7109889984130859
YKL178C,YDR359C,0,-10.55604,0.12313937395811081,1.0,0.7120879292488098
YOL013C,YGL044C,0,-10.557302,0.12297297269105911,1.0,0.7131868004798889
YJL209W,YPR162C,0,-10.558199,0.12280701845884323,1.0,0.7142857313156128
YBL033C,YOR270C,0,-10.562571,0.12264151126146317,1.0,0.7153846025466919
YPL262W,YNR023W,0,-10.579513,0.12247644364833832,1.0,0.7164835333824158
YLL050C,YJL125C,0,-10.5803585,0.12231183052062988,1.0,0.7175824046134949
YDR529C,YGL243W,0,-10.585353,0.12214764952659607,1.0,0.7186813354492188
YJR160C,YGL207W,0,-10.594897,0.12198391556739807,1.0,0.7197802066802979
YDR288W,YGL172W,0,-10.596281,0.1218206137418747,1.0,0.7208791375160217
YDL132W,YGR197C,0,-10.598171,0.12165775150060654,1.0,0.7219780087471008
YIL095W,YDR143C,0,-10.603868,0.1214953288435936,1.0,0.7230769395828247
YMR101C,YDR322C-A,0,-10.606231,0.12133333086967468,1.0,0.7241758108139038
YDR477W,YNL222W,0,-10.610588,0.12117177248001099,1.0,0.7252747416496277
YGL004C,YNL186W,0,-10.619455,0.12101063877344131,1.0,0.7263736128807068
YDL099W,YDR021W,0,-10.619818,0.12084993720054626,1.0,0.7274725437164307
YCR106W,YJL045W,0,-10.623306,0.12068965286016464,1.0,0.7285714149475098
YOL064C,YBR186W,0,-10.623917,0.12052980065345764,1.0,0.7296703457832336
YLR452C,YJL052W,0,-10.6259365,0.12037037312984467,1.0,0.7307692170143127
YMR112C,YMR089C,0,-10.626115,0.12021136283874512,1.0,0.7318681478500366
YPR185W,YBR193C,0,-10.633377,0.120052769780159,1.0,0.7329670190811157
YBR202W,YPL200W,0,-10.639824,0.1198946014046669,1.0,0.7340659499168396
YJR093C,YDR205W,0,-10.644667,0.11973684281110764,1.0,0.7351648211479187
YDR106W,YML127W,0,-10.649279,0.1195795014500618,1.0,0.7362637519836426
YBL078C,YMR204C,0,-10.6549425,0.11942256987094879,1.0,0.7373626232147217
YKR065C,YDR478W,0,-10.670709,0.11926605552434921,1.0,0.7384615540504456
YPL221W,YDL226C,0,-10.671198,0.11910995095968246,1.0,0.7395604252815247
YCL014W,YOL038W,0,-10.671841,0.11895424872636795,1.0,0.7406593561172485
YCR044C,YBR050C,0,-10.683571,0.11879895627498627,1.0,0.7417582273483276
YDR118W,YGL210W,0,-10.686292,0.11864406615495682,1.0,0.7428571581840515
YNL129W,YNL072W,0,-10.689539,0.1184895858168602,1.0,0.7439560294151306
YGR247W,YOR127W,0,-10.696854,0.11833550035953522,1.0,0.7450549602508545
YOR313C,YBR240C,0,-10.70195,0.11818181723356247,1.0,0.7461538314819336
YER073W,YDL045C,0,-10.703729,0.11802853643894196,1.0,0.7472527623176575
YPR201W,YJR022W,0,-10.709678,0.11787565052509308,1.0,0.7483516335487366
YFR013W,YMR101C,0,-10.709911,0.11772315949201584,1.0,0.7494505643844604
YOR002W,YLR103C,0,-10.718046,0.11757105588912964,1.0,0.7505494356155396
YKL135C,YKL059C,0,-10.7271,0.11741935461759567,1.0,0.7516483664512634
YOR267C,YER022W,0,-10.727602,0.11726804077625275,1.0,0.7527472376823425
YPL098C,YNL317W,0,-10.73658,0.11711711436510086,1.0,0.7538461685180664
YDL161W,YOL101C,0,-10.741317,0.11696658283472061,1.0,0.7549450397491455
YJL001W,YGR104C,0,-10.741748,0.1168164312839508,1.0,0.7560439705848694
YDL149W,YBL023C,0,-10.743298,0.11666666716337204,1.0,0.7571428418159485
YNL023C,YJL094C,0,-10.758213,0.11651728302240372,1.0,0.7582417726516724
YER164W,YKL051W,0,-10.76386,0.11636828631162643,1.0,0.7593406438827515
YLR052W,YOR083W,0,-10.764599,0.1162196695804596,1.0,0.7604395747184753
YNL130C,YBR258C,0,-10.7649,0.1160714253783226,1.0,0.7615384459495544
YGL013C,YBR093C,0,-10.768417,0.11592356860637665,1.0,0.7626373767852783
YGL124C,YOR281C,0,-10.770567,0.11577608436346054,1.0,0.7637362480163574
YER114C,YDR208W,0,-10.773333,0.11562897264957428,1.0,0.7648351788520813
YHR150W,YDR435C,0,-10.773987,0.11548223346471786,1.0,0.7659340500831604
YHR072W,YBR185C,0,-10.777098,0.1153358668088913,1.0,0.7670329809188843
YGL192W,YGL171W,0,-10.779135,0.11518987268209457,1.0,0.7681318521499634
YDR076W,YOR224C,0,-10.781075,0.1150442510843277,1.0,0.7692307829856873
YPL255W,YGR086C,0,-10.784642,0.11489898711442947,1.0,0.7703296542167664
YJR091C,YMR203W,0,-10.791893,0.1147540956735611,1.0,0.7714285850524902
YGR267C,YMR091C,0,-10.793852,0.11460956931114197,1.0,0.7725274562835693
YKL064W,YOR213C,0,-10.795738,0.11446540802717209,1.0,0.7736263871192932
YBR162C,YOR003W,0,-10.796341,0.11432160437107086,1.0,0.7747252583503723
YJL006C,YGL219C,0,-10.798657,0.11417816579341888,1.0,0.7758241891860962
YJL183W,YDL077C,0,-10.813288,0.11403508484363556,1.0,0.7769230604171753
YHR055C,YOR004W,0,-10.818319,0.11389236897230148,1.0,0.7780219912528992
YER042W,YNL243W,0,-10.818699,0.11375000327825546,1.0,0.7791208624839783
YPR086W,YNL273W,0,-10.868792,0.1136079877614975,1.0,0.7802197933197021
YMR037C,YOL066C,0,-10.870413,0.11346633732318878,1.0,0.7813186645507812
YDR283C,YNL312W,0,-10.87108,0.11332502961158752,1.0,0.7824175953865051
YJR131W,YBR049C,0,-10.875837,0.11318407952785492,1.0,0.7835164666175842
YLR201C,YLR086W,0,-10.8765955,0.11304347962141037,1.0,0.7846153974533081
YDR439W,YLR435W,0,-10.887937,0.11290322244167328,1.0,0.7857142686843872
YCR038C,YMR038C,0,-10.888518,0.11276332288980484,1.0,0.7868131995201111
YMR041C,YOL001W,0,-10.895946,0.11262376606464386,1.0,0.7879120707511902
YML092C,YMR229C,0,-10.903641,0.11248455196619034,1.0,0.7890110015869141
YLL042C,YBR172C,0,-10.904058,0.11234568059444427,1.0,0.7901098728179932
YJR076C,YJR050W,0,-10.907843,0.11220715194940567,1.0,0.791208803653717
YAL033W,YIL077C,0,-10.919624,0.11206896603107452,1.0,0.7923076748847961
YPR103W,YFL002C,0,-10.945321,0.11193112283945084,1.0,0.79340660572052
YPL194W,YPL237W,0,-10.9453335,0.11179361492395401,1.0,0.7945054769515991
YGR070W,YDR416W,0,-10.946615,0.11165644228458405,1.0,0.795604407787323
YKR090W,YMR182C,0,-10.951305,0.11151960492134094,1.0,0.7967032790184021
YKL029C,YIL068C,0,-10.960093,0.1113831102848053,1.0,0.797802209854126
YIL014W,YNL273W,0,-10.9686165,0.11124694347381592,1.0,0.7989010810852051
YDR021W,YCL027W,0,-10.971148,0.1111111119389534,1.0,0.800000011920929
YDR280W,YEL004W,0,-10.97551,0.11097560822963715,1.0,0.8010988831520081
YOR031W,YDL217C,0,-10.991456,0.11084043979644775,1.0,0.8021978139877319
YDR151C,YIL073C,0,-10.999752,0.11070559918880463,1.0,0.803296685218811
YBR295W,YPL253C,0,-11.005744,0.11057107895612717,1.0,0.8043956160545349
YPL209C,YLR368W,0,-11.014544,0.11043689399957657,1.0,0.805494487285614
YNL006W,YAL033W,0,-11.032322,0.11030302941799164,1.0,0.8065934181213379
YLR216C,YOL144W,0,-11.042349,0.11016949266195297,1.0,0.807692289352417
YMR162C,YIL008W,0,-11.053646,0.11003627628087997,1.0,0.8087912201881409
YHR004C,YBR231C,0,-11.075639,0.10990338027477264,1.0,0.80989009141922
YOL130W,YGL012W,0,-11.078369,0.10977080464363098,1.0,0.8109890222549438
YPL194W,YPL010W,0,-11.08391,0.10963855683803558,1.0,0.812087893486023
YBR132C,YKL074C,0,-11.086872,0.10950662195682526,1.0,0.8131868243217468
YDR168W,YIL120W,0,-11.088316,0.109375,1.0,0.8142856955528259
YMR301C,YLR238W,0,-11.097023,0.10924369841814041,1.0,0.8153846263885498
YHR187W,YJL059W,0,-11.099565,0.1091127097606659,1.0,0.8164834976196289
YDR411C,YBL057C,0,-11.103606,0.10898203402757645,1.0,0.8175824284553528
YHR043C,YOL044W,0,-11.110263,0.10885167121887207,1.0,0.8186812996864319
YLL003W,YGL115W,0,-11.115862,0.10872162133455276,1.0,0.8197802305221558
YDR385W,YCL035C,0,-11.116915,0.10859188437461853,1.0,0.8208791017532349
YJR083C,YNL054W,0,-11.130143,0.10846245288848877,1.0,0.8219780325889587
YIL120W,YBL039C,0,-11.130551,0.10833333432674408,1.0,0.8230769038200378
YDL230W,YOR083W,0,-11.135414,0.10820452123880386,1.0,0.8241758346557617
YBR212W,YDR416W,0,-11.148108,0.10807600617408752,1.0,0.8252747058868408
YGR133W,YEL050C,0,-11.150263,0.10794780403375626,1.0,0.8263736367225647
YNL047C,YBR250W,0,-11.174782,0.10781990736722946,1.0,0.8274725079536438
YGL016W,YOL038W,0,-11.179026,0.10769230872392654,1.0,0.8285714387893677
YJR145C,YOR027W,0,-11.18732,0.1075650081038475,1.0,0.8296703100204468
YIL010W,YJL025W,0,-11.206515,0.10743801295757294,1.0,0.8307692408561707
YGL029W,YMR096W,0,-11.241661,0.10731132328510284,1.0,0.8318681120872498
YMR275C,YLR009W,0,-11.24522,0.10718492418527603,1.0,0.8329670429229736
YNL225C,YBR272C,0,-11.248615,0.1070588231086731,1.0,0.8340659141540527
YKL021C,YGR281W,0,-11.255038,0.10693302005529404,1.0,0.8351648449897766
YOR298C-A,YFR033C,0,-11.259539,0.10680751502513885,1.0,0.8362637162208557
YBR098W,YKL194C,0,-11.264078,0.10668230056762695,1.0,0.8373626470565796
YOL151W,YOR322C,0,-11.266512,0.10655737668275833,1.0,0.8384615182876587
YBR199W,YJL011C,0,-11.272711,0.10643275082111359,1.0,0.8395604491233826
YML102W,YFL018C,0,-11.280138,0.10630840808153152,1.0,0.8406593203544617
YGL180W,YJR118C,0,-11.282177,0.10618436336517334,1.0,0.8417582511901855
YJL093C,YGR285C,0,-11.285103,0.10606060922145844,1.0,0.8428571224212646
YIL044C,YLL041C,0,-11.288116,0.10593713819980621,1.0,0.8439560532569885
YLR081W,YPR002W,0,-11.290219,0.10581395030021667,1.0,0.8450549244880676
YLR377C,YHR041C,0,-11.307709,0.10569106042385101,1.0,0.8461538553237915
YDR130C,YGR030C,0,-11.323787,0.10556844621896744,1.0,0.8472527265548706
YPR185W,YDR098C,0,-11.325378,0.10544611513614655,1.0,0.8483516573905945
YDL045C,YPL093W,0,-11.32729,0.10532407462596893,1.0,0.8494505286216736
YOR320C,YHR034C,0,-11.35787,0.10520230978727341,1.0,0.8505494594573975
YAR019C,YNL064C,0,-11.365652,0.10508082807064056,1.0,0.8516483306884766
YFL025C,YEL056W,0,-11.366642,0.1049596294760704,1.0,0.8527472615242004
YDR201W,YLR006C,0,-11.373295,0.10483870655298233,1.0,0.8538461327552795
YJL058C,YBR275C,0,-11.407777,0.10471806675195694,1.0,0.8549450635910034
YER038C,YGR081C,0,-11.425278,0.10459770262241364,1.0,0.8560439348220825
YHR174W,YBR114W,0,-11.429947,0.10447761416435242,1.0,0.8571428656578064
YAL051W,YAL033W,0,-11.431402,0.10435780137777328,1.0,0.8582417368888855
YOL145C,YJL036W,0,-11.437187,0.10423825681209564,1.0,0.8593406677246094
YGL243W,YJL059W,0,-11.441309,0.10411899536848068,1.0,0.8604395389556885
YOR113W,YBR231C,0,-11.444383,0.10400000214576721,1.0,0.8615384697914124
YLR056W,YDR251W,0,-11.466772,0.10388127714395523,1.0,0.8626373410224915
YDR106W,YBR023C,0,-11.4671955,0.10376282781362534,1.0,0.8637362718582153
YCR088W,YHR036W,0,-11.498253,0.10364464670419693,1.0,0.8648351430892944
YOL082W,YJL092W,0,-11.498669,0.10352673381567001,1.0,0.8659340739250183
YLR117C,YOL129W,0,-11.498688,0.10340908914804459,1.0,0.8670329451560974
YEL030W,YOL039W,0,-11.499638,0.10329171270132065,1.0,0.8681318759918213
YGL004C,YFL017W-A,0,-11.501263,0.1031746044754982,1.0,0.8692307472229004
YGL142C,YNL061W,0,-11.5084095,0.10305775701999664,1.0,0.8703296780586243
YJR150C,YPR134W,0,-11.509104,0.10294117778539658,1.0,0.8714285492897034
YGL018C,YPL121C,0,-11.522464,0.1028248593211174,1.0,0.8725274801254272
YPL018W,YLR284C,0,-11.552822,0.10270880162715912,1.0,0.8736263513565063
YKL172W,YDR009W,0,-11.553192,0.10259301215410233,1.0,0.8747252821922302
YFL025C,YHL036W,0,-11.574483,0.10247747600078583,1.0,0.8758241534233093
YOR322C,YDL105W,0,-11.578224,0.10236220806837082,1.0,0.8769230842590332
YGR225W,YNL061W,0,-11.5836,0.1022471934556961,1.0,0.8780219554901123
YLR423C,YHR072W,0,-11.588179,0.10213243216276169,1.0,0.8791208863258362
YOR236W,YNL003C,0,-11.595082,0.10201793909072876,1.0,0.8802197575569153
YPL147W,YDR207C,0,-11.611441,0.10190369188785553,1.0,0.8813186883926392
YAL024C,YML005W,0,-11.632977,0.10178970545530319,1.0,0.8824175596237183
YMR137C,YER072W,0,-11.644598,0.10167597979307175,1.0,0.8835164904594421
YDR309C,YAL051W,0,-11.664507,0.1015625,1.0,0.8846153616905212
YLR377C,YOL067C,0,-11.66486,0.10144927352666855,1.0,0.8857142925262451
YCR082W,YPL082C,0,-11.669878,0.10133630037307739,1.0,0.8868131637573242
YJL210W,YIR012W,0,-11.671275,0.10122358053922653,1.0,0.8879120945930481
YNL290W,YKL035W,0,-11.672,0.10111111402511597,1.0,0.8890109658241272
YBR042C,YBR212W,0,-11.683411,0.1009988933801651,1.0,0.8901098966598511
YLR394W,YGR030C,0,-11.6910305,0.10088691860437393,1.0,0.8912087678909302
YBR210W,YML034W,0,-11.69471,0.10077519714832306,1.0,0.892307698726654
YGR224W,YKR019C,0,-11.722012,0.10066371411085129,1.0,0.8934065699577332
YDR147W,YHR160C,0,-11.748074,0.10055248439311981,1.0,0.894505500793457
YDR009W,YOR149C,0,-11.757072,0.10044150054454803,1.0,0.8956043720245361
YBR297W,YJL063C,0,-11.757881,0.10033076256513596,1.0,0.89670330286026
YDR148C,YJR046W,0,-11.766548,0.10022026300430298,1.0,0.8978021740913391
YDR284C,YDR180W,0,-11.768801,0.1001100093126297,1.0,0.898901104927063
YMR008C,YFR005C,0,-11.773323,0.10000000149011612,1.0,0.8999999761581421
YBR274W,YLR293C,0,-11.794777,0.09989023208618164,1.0,0.901098906993866
YDL212W,YHR008C,0,-11.8058195,0.09978070110082626,1.0,0.9021977782249451
YPL106C,YDR058C,0,-11.8124695,0.09967141598463058,1.0,0.903296709060669
YPR006C,YML061C,0,-11.8180895,0.09956236183643341,1.0,0.904395580291748
YDR423C,YKL054C,0,-11.8222065,0.09945355355739594,1.0,0.9054945111274719
YML132W,YOR210W,0,-11.838123,0.09934497624635696,1.0,0.906593382358551
YNL326C,YLL012W,0,-11.839151,0.09923664480447769,1.0,0.9076923131942749
YMR311C,YJL207C,0,-11.84522,0.09912853688001633,1.0,0.908791184425354
YDR298C,YER169W,0,-11.849564,0.09902067482471466,1.0,0.9098901152610779
YDL161W,YPR182W,0,-11.852955,0.0989130437374115,1.0,0.910988986492157
YPR046W,YBR212W,0,-11.854752,0.09880564361810684,1.0,0.9120879173278809
YOR038C,YPR178W,0,-11.86187,0.09869848191738129,1.0,0.91318678855896
YMR167W,YDL120W,0,-11.8652115,0.09859155118465424,1.0,0.9142857193946838
YPL153C,YLR425W,0,-11.882277,0.09848485141992569,1.0,0.9153845906257629
YNL037C,YDL135C,0,-11.894755,0.09837837517261505,1.0,0.9164835214614868
YHL040C,YGL053W,0,-11.922255,0.09827213734388351,1.0,0.9175823926925659
YLR260W,YOL010W,0,-11.923502,0.09816613048315048,1.0,0.9186813235282898
YJL094C,YKR065C,0,-11.939259,0.09806034713983536,1.0,0.9197801947593689
YMR184W,YDL093W,0,-11.984747,0.09795478731393814,1.0,0.9208791255950928
YPR033C,YNL097C,0,-12.011515,0.09784946590662003,1.0,0.9219779968261719
YNR046W,YDR285W,0,-12.02371,0.09774436056613922,1.0,0.9230769276618958
YOL009C,YMR229C,0,-12.025318,0.09763948619365692,1.0,0.9241757988929749
YPR133W-A,YOR162C,0,-12.052021,0.09753483533859253,1.0,0.9252747297286987
YOL059W,YDR265W,0,-12.054118,0.09743040800094604,1.0,0.9263736009597778
YPR086W,YAL002W,0,-12.061022,0.09732620418071747,1.0,0.9274725317955017
YNL123W,YNR032W,0,-12.064815,0.0972222238779068,1.0,0.9285714030265808
YMR137C,YMR203W,0,-12.082956,0.09711845964193344,1.0,0.9296703338623047
YDR254W,YJL198W,0,-12.110077,0.09701492637395859,1.0,0.9307692050933838
YDR116C,YNL202W,0,-12.117473,0.09691160917282104,1.0,0.9318681359291077
YDR137W,YPL016W,0,-12.203522,0.09680850803852081,1.0,0.9329670071601868
YLR157C,YBR061C,0,-12.2362175,0.09670563042163849,1.0,0.9340659379959106
YLR304C,YNL192W,0,-12.247732,0.09660296887159348,1.0,0.9351648092269897
YML051W,YKL012W,0,-12.247795,0.09650053083896637,1.0,0.9362637400627136
YKL208W,YML021C,0,-12.253914,0.09639830142259598,1.0,0.9373626112937927
YBR072W,YKL080W,0,-12.268135,0.0962962955236435,1.0,0.9384615421295166
YDR421W,YMR006C,0,-12.320818,0.09619450569152832,1.0,0.9395604133605957
YLR215C,YOR136W,0,-12.357188,0.09609292447566986,1.0,0.9406593441963196
YOR209C,YPL147W,0,-12.359887,0.09599155932664871,1.0,0.9417582154273987
YHR191C,YDR277C,0,-12.366129,0.09589041024446487,1.0,0.9428571462631226
YJL183W,YNR039C,0,-12.417854,0.09578947722911835,1.0,0.9439560174942017
YJR092W,YPL060W,0,-12.4330015,0.09568874537944794,1.0,0.9450549483299255
YNL068C,YGR028W,0,-12.452723,0.09558823704719543,1.0,0.9461538195610046
YDR480W,YDR170C,0,-12.463766,0.09548792988061905,1.0,0.9472527503967285
YGR177C,YER053C,0,-12.465786,0.09538783878087997,1.0,0.9483516216278076
YCL016C,YDR479C,0,-12.48027,0.09528795629739761,1.0,0.9494505524635315
YMR052W,YPL029W,0,-12.48064,0.09518828243017197,1.0,0.9505494236946106
YAL051W,YLR145W,0,-12.525673,0.09508881717920303,1.0,0.9516483545303345
YEL003W,YLR350W,0,-12.5347,0.09498956054449081,1.0,0.9527472257614136
YOL071W,YNL023C,0,-12.543251,0.09489051252603531,1.0,0.9538461565971375
YMR305C,YOR132W,0,-12.549363,0.09479166567325592,1.0,0.9549450278282166
YBR059C,YOR026W,0,-12.568918,0.09469302743673325,1.0,0.9560439586639404
YMR211W,YDR273W,0,-12.579378,0.09459459781646729,1.0,0.9571428298950195
YAR019C,YLR405W,0,-12.631076,0.09449636191129684,1.0,0.9582417607307434
YDL052C,YBR273C,0,-12.643955,0.09439834207296371,1.0,0.9593406319618225
YML080W,YDR005C,0,-12.663178,0.0943005159497261,1.0,0.9604395627975464
YPR067W,YER068W,0,-12.686916,0.09420289844274521,1.0,0.9615384340286255
YJL099W,YGR030C,0,-12.693726,0.09410548210144043,1.0,0.9626373648643494
YJR031C,YPL087W,0,-12.699475,0.09400826692581177,1.0,0.9637362360954285
YBR036C,YPL001W,0,-12.705041,0.09391124546527863,1.0,0.9648351669311523
YPR188C,YIL042C,0,-12.732413,0.0938144326210022,1.0,0.9659340381622314
YDR171W,YGR057C,0,-12.73855,0.09371781349182129,1.0,0.9670329689979553
YOL088C,YIL037C,0,-12.759495,0.0936213955283165,1.0,0.9681318402290344
YKR054C,YLL019C,0,-12.764742,0.09352517873048782,1.0,0.9692307710647583
YIL124W,YML113W,0,-12.773013,0.09342915564775467,1.0,0.9703296422958374
YNL331C,YBR093C,0,-12.777187,0.09333333373069763,1.0,0.9714285731315613
YBR049C,YOR329C,0,-12.787659,0.09323770552873611,1.0,0.9725274443626404
YOR334W,YKL051W,0,-12.794285,0.09314227104187012,1.0,0.9736263751983643
YKL045W,YCR061W,0,-12.813934,0.09304703772068024,1.0,0.9747252464294434
YLR068W,YHR074W,0,-12.820307,0.09295199066400528,1.0,0.9758241772651672
YLR133W,YPL139C,0,-12.855628,0.09285714477300644,1.0,0.9769230484962463
YPR067W,YPL043W,0,-12.866995,0.09276248514652252,1.0,0.9780219793319702
YMR298W,YEL065W,0,-12.902545,0.09266802668571472,1.0,0.9791208505630493
YLR205C,YGR081C,0,-12.905298,0.09257375448942184,1.0,0.9802197813987732
YAL030W,YHR172W,0,-13.098101,0.09247967600822449,1.0,0.9813186526298523
YKR009C,YPR137W,0,-13.200026,0.09238578379154205,1.0,0.9824175834655762
YBL002W,YMR139W,0,-13.237566,0.09229209274053574,1.0,0.9835164546966553
YGR145W,YNL173C,0,-13.351236,0.09219858050346375,1.0,0.9846153855323792
YOR335C,YDL020C,0,-13.3959675,0.09210526198148727,1.0,0.9857142567634583
YLR397C,YLR097C,0,-13.437601,0.09201213717460632,1.0,0.9868131875991821
YHR114W,YPL133C,0,-13.462429,0.0919191911816597,1.0,0.9879120588302612
YDR279W,YOR329C,0,-13.471594,0.0918264389038086,1.0,0.9890109896659851
YLR284C,YLR069C,0,-13.475373,0.09173387289047241,1.0,0.9901098608970642
YIR037W,YIL016W,0,-13.478783,0.09164149314165115,1.0,0.9912087917327881
YBR168W,YMR235C,0,-13.526028,0.09154929220676422,1.0,0.9923076629638672
YDR075W,YKR014C,0,-13.54607,0.09145728498697281,1.0,0.9934065937995911
YLR175W,YDR022C,0,-14.211557,0.09136546403169632,1.0,0.9945054650306702
YML004C,YNL182C,0,-14.509171,0.09127382189035416,1.0,0.995604395866394
YBL024W,YOR386W,0,-14.599166,0.09118236601352692,1.0,0.9967032670974731
YOR036W,YPR187W,0,-15.0768,0.091091088950634,1.0,0.997802197933197
YBR155W,YBR183W,0,-15.702093,0.09099999815225601,1.0,0.9989010691642761
YBL035C,YGR248W,0,-15.749996,0.09090909361839294,1.0,1.0
