Gene A,Gene B,Label,Score,Precision,Recall,False Positive Rate
YML107C,YGL144C,0,-5.940921,0.0,0.0,0.0003076923021581024
YDR138W,YMR016C,0,-6.031882,0.0,0.0,0.0006153846043162048
YDR422C,YLR337C,0,-6.09662,0.0,0.0,0.0009230769355781376
YMR042W,YJL085W,0,-6.106196,0.0,0.0,0.0012307692086324096
YDR110W,YOL068C,1,-6.128117,0.20000000298023224,0.003076923079788685,0.0012307692086324096
YEL015W,YOR328W,0,-6.165611,0.1666666716337204,0.003076923079788685,0.0015384615398943424
YER155C,YER038C,0,-6.1660266,0.1428571492433548,0.003076923079788685,0.0018461538711562753
YKL060C,YOL026C,0,-6.1838613,0.125,0.003076923079788685,0.002153846202418208
YNL206C,YLL002W,1,-6.1851287,0.2222222238779068,0.00615384615957737,0.002153846202418208
YBR114W,YOR119C,0,-6.186021,0.20000000298023224,0.00615384615957737,0.002461538417264819
YCL038C,YJR153W,0,-6.196047,0.1818181872367859,0.00615384615957737,0.002769230864942074
YBR041W,YOR137C,0,-6.2013574,0.1666666716337204,0.00615384615957737,0.003076923079788685
YDR141C,YDR369C,0,-6.224277,0.1538461595773697,0.00615384615957737,0.003384615294635296
YGL174W,YMR234W,0,-6.26541,0.1428571492433548,0.00615384615957737,0.0036923077423125505
YHL006C,YBR111W-A,0,-6.2707744,0.13333334028720856,0.00615384615957737,0.004000000189989805
YDR439W,YKL064W,0,-6.276073,0.125,0.00615384615957737,0.004307692404836416
YKR025W,YLR126C,0,-6.280689,0.11764705926179886,0.00615384615957737,0.004615384619683027
YOL123W,YFR040W,0,-6.2824454,0.1111111119389534,0.00615384615957737,0.004923076834529638
YNL206C,YJR046W,1,-6.29443,0.15789473056793213,0.009230769239366055,0.004923076834529638
YGL005C,YMR113W,0,-6.3049006,0.15000000596046448,0.009230769239366055,0.005230769049376249
YPR164W,YLR234W,1,-6.3096704,0.190476194024086,0.01230769231915474,0.005230769049376249
YJL095W,YJL204C,0,-6.3242383,0.1818181872367859,0.01230769231915474,0.005538461729884148
YPR164W,YCL061C,1,-6.3341913,0.21739129722118378,0.015384615398943424,0.005538461729884148
YLR098C,YKL075C,0,-6.336013,0.2083333283662796,0.015384615398943424,0.005846153944730759
YDL005C,YJL039C,0,-6.362362,0.20000000298023224,0.015384615398943424,0.00615384615957737
YLR286C,YLR130C,0,-6.3806777,0.19230769574642181,0.015384615398943424,0.006461538374423981
YMR168C,YDR039C,0,-6.3836465,0.18518517911434174,0.015384615398943424,0.006769230589270592
YDR110W,YLR234W,1,-6.3878636,0.2142857164144516,0.01846153847873211,0.006769230589270592
YCL061C,YNL206C,1,-6.3879056,0.24137930572032928,0.02153846062719822,0.006769230589270592
YLL042C,YIR013C,0,-6.390675,0.23333333432674408,0.02153846062719822,0.00707692326977849
YGL241W,YAL001C,0,-6.395699,0.22580644488334656,0.02153846062719822,0.007384615484625101
YNL218W,YHR154W,1,-6.396522,0.25,0.02461538463830948,0.007384615484625101
YGL257C,YKR101W,0,-6.4005055,0.24242424964904785,0.02461538463830948,0.007692307699471712
YNL331C,YBR098W,0,-6.401611,0.23529411852359772,0.02461538463830948,0.00800000037997961
YDR110W,YNL273W,1,-6.4022126,0.2571428716182709,0.02769230678677559,0.00800000037997961
YNL272C,YMR134W,0,-6.4115434,0.25,0.02769230678677559,0.008307692594826221
YJR053W,YGL130W,0,-6.4118896,0.2432432472705841,0.02769230678677559,0.008615384809672832
YLR231C,YBR012W-B,0,-6.420399,0.2368421107530594,0.02769230678677559,0.008923077024519444
YDR110W,YCL061C,1,-6.422632,0.25641027092933655,0.03076923079788685,0.008923077024519444
YDR110W,YNL206C,1,-6.425609,0.2750000059604645,0.03384615480899811,0.008923077024519444
YOL076W,YOR279C,0,-6.427174,0.26829269528388977,0.03384615480899811,0.009230769239366055
YLR321C,YDR240C,0,-6.4325624,0.261904776096344,0.03384615480899811,0.009538461454212666
YMR055C,YPL167C,0,-6.4338093,0.25581395626068115,0.03384615480899811,0.009846153669059277
YBL051C,YOL054W,0,-6.4364247,0.25,0.03384615480899811,0.010153845883905888
YPR108W,YDR545W,0,-6.4413114,0.24444444477558136,0.03384615480899811,0.010461538098752499
YPR037C,YIL173W,0,-6.4433665,0.239130437374115,0.03384615480899811,0.01076923031359911
YBR098W,YIL095W,0,-6.4441056,0.23404255509376526,0.03384615480899811,0.011076923459768295
YPR120C,YPR164W,1,-6.4513917,0.25,0.03692307695746422,0.011076923459768295
YOL068C,YER104W,1,-6.4548573,0.26530611515045166,0.03999999910593033,0.011076923459768295
YDR179C,YGL183C,0,-6.4615326,0.25999999046325684,0.03999999910593033,0.011384615674614906
YMR048W,YLR234W,1,-6.4647193,0.27450981736183167,0.04307692125439644,0.011384615674614906
YMR280C,YOR317W,0,-6.4648557,0.26923078298568726,0.04307692125439644,0.011692307889461517
YKL022C,YPL045W,0,-6.466931,0.2641509473323822,0.04307692125439644,0.012000000104308128
YGR238C,YLR139C,0,-6.474853,0.25925925374031067,0.04307692125439644,0.01230769231915474
YHR154W,YJR046W,1,-6.475353,0.27272728085517883,0.04615384712815285,0.01230769231915474
YMR212C,YPR186C,0,-6.476606,0.2678571343421936,0.04615384712815285,0.01261538453400135
YBL008W,YLR305C,0,-6.4767966,0.2631579041481018,0.04615384712815285,0.012923076748847961
YOL078W,YJL092W,0,-6.476916,0.2586206793785095,0.04615384712815285,0.013230768963694572
YLR023C,YDR422C,0,-6.4783406,0.2542372941970825,0.04615384712815285,0.013538461178541183
YAL011W,YLR181C,0,-6.483973,0.25,0.04615384712815285,0.013846153393387794
YBR217W,YDL007W,0,-6.486651,0.24590164422988892,0.04615384712815285,0.01415384653955698
YDR356W,YNL313C,0,-6.495438,0.24193547666072845,0.04615384712815285,0.014461538754403591
YBR136W,YNL273W,1,-6.497465,0.2539682686328888,0.04923076927661896,0.014461538754403591
YDR527W,YPL065W,0,-6.498979,0.25,0.04923076927661896,0.014769230969250202
YGR109C,YMR048W,1,-6.504494,0.26153847575187683,0.05230769142508507,0.014769230969250202
YPL053C,YAL011W,0,-6.505739,0.25757575035095215,0.05230769142508507,0.015076923184096813
YDR038C,YMR273C,0,-6.5088553,0.2537313401699066,0.05230769142508507,0.015384615398943424
YJR068W,YPR107C,0,-6.517691,0.25,0.05230769142508507,0.01569230854511261
YOL068C,YLR234W,1,-6.5201006,0.260869562625885,0.05538461357355118,0.01569230854511261
YPR010C,YJR026W,0,-6.5243826,0.2571428716182709,0.05538461357355118,0.01600000075995922
YGL145W,YNL247W,0,-6.5252247,0.2535211145877838,0.05538461357355118,0.016307692974805832
YOL006C,YLR234W,1,-6.5287576,0.2638888955116272,0.05846153944730759,0.016307692974805832
YGL061C,YER108C,0,-6.529906,0.2602739632129669,0.05846153944730759,0.016615385189652443
YPR179C,YLR016C,0,-6.5327983,0.2567567527294159,0.05846153944730759,0.016923077404499054
YPL121C,YOR075W,0,-6.5342517,0.25333333015441895,0.05846153944730759,0.017230769619345665
YJL058C,YKR036C,0,-6.534818,0.25,0.05846153944730759,0.017538461834192276
YGL017W,YAL035W,0,-6.536207,0.2467532455921173,0.05846153944730759,0.017846154049038887
YKL015W,YDR412W,0,-6.539659,0.24358974397182465,0.05846153944730759,0.018153846263885498
YOL078W,YDR243C,0,-6.5413365,0.2405063360929489,0.05846153944730759,0.01846153847873211
YCL061C,YJR046W,1,-6.542068,0.25,0.0615384615957737,0.01846153847873211
YDL164C,YLR190W,0,-6.5500126,0.2469135820865631,0.0615384615957737,0.01876923069357872
YLR442C,YMR149W,0,-6.555248,0.24390244483947754,0.0615384615957737,0.01907692290842533
YDR110W,YHR154W,1,-6.55535,0.2530120611190796,0.06461538374423981,0.01907692290842533
YPR120C,YNL206C,1,-6.5565085,0.261904776096344,0.06769230961799622,0.01907692290842533
YKR083C,YPL006W,0,-6.556788,0.25882354378700256,0.06769230961799622,0.019384615123271942
YMR204C,YPL130W,0,-6.5637174,0.25581395626068115,0.06769230961799622,0.019692307338118553
YLR153C,YBR012W-A,0,-6.565334,0.25287356972694397,0.06769230961799622,0.019999999552965164
YPL012W,YAL047C,0,-6.56694,0.25,0.06769230961799622,0.020307691767811775
YMR048W,YPL015C,1,-6.567268,0.2584269642829895,0.07076922804117203,0.020307691767811775
YGL174W,YGL210W-A,0,-6.5693297,0.25555557012557983,0.07076922804117203,0.020615383982658386
YDR110W,YCL060C,1,-6.5718226,0.2637362778186798,0.07384615391492844,0.020615383982658386
YMR292W,YKR022C,0,-6.573095,0.260869562625885,0.07384615391492844,0.020923076197504997
YKR035W-A,YLR013W,0,-6.573622,0.25806450843811035,0.07384615391492844,0.02123076841235161
YKL089W,YBR012W-A,0,-6.574319,0.25531914830207825,0.07384615391492844,0.02153846062719822
YJL187C,YLR132C,0,-6.577124,0.2526315748691559,0.07384615391492844,0.02184615470468998
YLR391W-A,YAL038W,0,-6.5782676,0.25,0.07384615391492844,0.02215384691953659
YPL127C,YER104W,1,-6.5787683,0.25773194432258606,0.07692307978868484,0.02215384691953659
YER040W,YFL035C,0,-6.579206,0.2551020383834839,0.07692307978868484,0.0224615391343832
YPL271W,YJR021C,0,-6.5798335,0.2525252401828766,0.07692307978868484,0.022769231349229813
YOL068C,YNL206C,1,-6.580074,0.25999999046325684,0.07999999821186066,0.022769231349229813
YER183C,YOR380W,0,-6.5820136,0.2574257552623749,0.07999999821186066,0.023076923564076424
YBR296C,YLR224W,0,-6.582034,0.2549019753932953,0.07999999821186066,0.023384615778923035
YOL068C,YCL060C,1,-6.587655,0.26213592290878296,0.08307692408561707,0.023384615778923035
YKR087C,YPL274W,0,-6.591727,0.25961539149284363,0.08307692408561707,0.023692307993769646
YGL210W-A,YBR153W,0,-6.593078,0.2571428716182709,0.08307692408561707,0.024000000208616257
YJR135C,YOR143C,0,-6.5969024,0.25471699237823486,0.08307692408561707,0.024307692423462868
YPR135W,YIL068C,0,-6.596908,0.25233644247055054,0.08307692408561707,0.02461538463830948
YDR364C,YPL002C,0,-6.597279,0.25,0.08307692408561707,0.02492307685315609
YOR211C,YPL257W-B,0,-6.599358,0.24770642817020416,0.08307692408561707,0.0252307690680027
YER104W,YLR234W,1,-6.601165,0.2545454502105713,0.08615384250879288,0.0252307690680027
YDR106W,YNL247W,0,-6.6014037,0.2522522509098053,0.08615384250879288,0.025538461282849312
YOL051W,YCL062W,0,-6.6028934,0.25,0.08615384250879288,0.025846153497695923
YDR106W,YOR089C,0,-6.605753,0.24778760969638824,0.08615384250879288,0.026153845712542534
YJL099W,YBR100W,0,-6.606177,0.24561403691768646,0.08615384250879288,0.026461537927389145
YNR074C,YDR034C-C,0,-6.6076527,0.24347825348377228,0.08615384250879288,0.026769230142235756
YJL085W,YEL019C,0,-6.6099973,0.24137930572032928,0.08615384250879288,0.027076922357082367
YJR053W,YLR313C,0,-6.610342,0.23931623995304108,0.08615384250879288,0.027384614571928978
YLR067C,YJL029C,0,-6.612124,0.23728813230991364,0.08615384250879288,0.02769230678677559
YDR473C,YOL067C,0,-6.6127725,0.23529411852359772,0.08615384250879288,0.02800000086426735
YIR019C,YML118W,0,-6.612904,0.23333333432674408,0.08615384250879288,0.02830769307911396
YOR236W,YIL073C,0,-6.6130986,0.23140496015548706,0.08615384250879288,0.02861538529396057
YBR136W,YOL006C,1,-6.618118,0.23770491778850555,0.08923076838254929,0.02861538529396057
YAL056W,YGR046W,0,-6.619229,0.23577235639095306,0.08923076838254929,0.028923077508807182
YMR043W,YDR261C-D,0,-6.621581,0.2338709682226181,0.08923076838254929,0.029230769723653793
YMR067C,YFL002W-B,0,-6.622598,0.23199999332427979,0.08923076838254929,0.029538461938500404
YDR479C,YPR158W-B,0,-6.6226764,0.230158731341362,0.08923076838254929,0.029846154153347015
YMR239C,YLR312C-B,0,-6.623758,0.22834645211696625,0.08923076838254929,0.030153846368193626
YHR082C,YIL144W,0,-6.6248317,0.2265625,0.08923076838254929,0.030461538583040237
YCL060C,YER104W,1,-6.627338,0.23255814611911774,0.0923076942563057,0.030461538583040237
YKL058W,YLR227W-B,0,-6.6306577,0.23076923191547394,0.0923076942563057,0.03076923079788685
YOR327C,YDR034C-D,0,-6.632458,0.22900763154029846,0.0923076942563057,0.03107692301273346
YMR128W,YMR167W,0,-6.6348605,0.22727273404598236,0.0923076942563057,0.03138461709022522
YPL036W,YDL134C,0,-6.6350493,0.2255639135837555,0.0923076942563057,0.03169230744242668
YNL206C,YNL273W,1,-6.636257,0.23134328424930573,0.0953846126794815,0.03169230744242668
YJR031C,YCR020C-A,0,-6.638065,0.22962963581085205,0.0953846126794815,0.03200000151991844
YOR127W,YPL085W,0,-6.6394973,0.22794117033481598,0.0953846126794815,0.032307691872119904
YCL060C,YLL002W,1,-6.640414,0.23357664048671722,0.09846153855323792,0.032307691872119904
YDL031W,YFL035C,0,-6.6412854,0.23188406229019165,0.09846153855323792,0.032615385949611664
YPL187W,YDR079C-A,0,-6.6419244,0.23021583259105682,0.09846153855323792,0.032923076301813126
YOR047C,YDR098C-B,0,-6.642917,0.22857142984867096,0.09846153855323792,0.033230770379304886
YKR035W-A,YDR416W,0,-6.6433396,0.22695034742355347,0.09846153855323792,0.03353846073150635
YER053C,YPR158C-C,0,-6.6446633,0.22535210847854614,0.09846153855323792,0.03384615480899811
YLR449W,YCL060C,1,-6.6447716,0.23076923191547394,0.10153846442699432,0.03384615480899811
YNL206C,YLR234W,1,-6.6449075,0.2361111044883728,0.10461538285017014,0.03384615480899811
YMR239C,YER147C,0,-6.6459746,0.2344827651977539,0.10461538285017014,0.03415384516119957
YBR136W,YCL060C,1,-6.64634,0.2397260218858719,0.10769230872392654,0.03415384516119957
YPR120C,YCL061C,1,-6.650261,0.2448979616165161,0.11076922714710236,0.03415384516119957
YIL004C,YDR210W-A,0,-6.650958,0.2432432472705841,0.11076922714710236,0.03446153923869133
YIL143C,YOL103W-B,0,-6.651722,0.24161073565483093,0.11076922714710236,0.03476922959089279
YPL096W,YER190W,0,-6.652496,0.23999999463558197,0.11076922714710236,0.03507692366838455
YGL017W,YLL004W,0,-6.6530166,0.2384105920791626,0.11076922714710236,0.035384614020586014
YOR109W,YER120W,0,-6.654918,0.2368421107530594,0.11076922714710236,0.035692308098077774
YLR318W,YDR365W-A,0,-6.6555424,0.23529411852359772,0.11076922714710236,0.035999998450279236
YGR109C,YPR164W,1,-6.6556783,0.24025973677635193,0.11384615302085876,0.035999998450279236
YPR164W,YLR003C,1,-6.6561546,0.2451612949371338,0.11692307889461517,0.035999998450279236
YBL052C,YGR272C,0,-6.6566234,0.24358974397182465,0.11692307889461517,0.036307692527770996
YJL201W,YGR161W-A,0,-6.656634,0.24203822016716003,0.11692307889461517,0.03661538287997246
YAL038W,YGR161C-C,0,-6.6570344,0.2405063360929489,0.11692307889461517,0.03692307695746422
YDR039C,YPR158W-B,0,-6.65707,0.23899370431900024,0.11692307889461517,0.03723077103495598
YOR371C,YAL011W,0,-6.6573424,0.23749999701976776,0.11692307889461517,0.03753846138715744
YFR040W,YDR088C,0,-6.6574144,0.23602484166622162,0.11692307889461517,0.0378461554646492
YBR200W,YML010W,0,-6.657887,0.23456789553165436,0.11692307889461517,0.03815384581685066
YPL116W,YGR075C,0,-6.6581216,0.23312883079051971,0.11692307889461517,0.03846153989434242
YLR216C,YCL003W,0,-6.6588435,0.23170731961727142,0.11692307889461517,0.038769230246543884
YGR133W,YHR070W,0,-6.658975,0.23030303418636322,0.11692307889461517,0.039076924324035645
YDR384C,YCR058C,0,-6.6590276,0.22891566157341003,0.11692307889461517,0.039384614676237106
YEL019C,YOR076C,0,-6.6597905,0.227544903755188,0.11692307889461517,0.03969230875372887
YML038C,YHR214C-C,0,-6.659799,0.2261904776096344,0.11692307889461517,0.03999999910593033
YNL206C,YOL006C,1,-6.6602263,0.23076923191547394,0.11999999731779099,0.03999999910593033
YFL011W-A,YBR100W,0,-6.6602483,0.2294117659330368,0.11999999731779099,0.04030769318342209
YBR156C,YLR227W-A,0,-6.6606,0.22807016968727112,0.11999999731779099,0.04061538353562355
YBL003C,YPL145C,0,-6.6612315,0.22674418985843658,0.11999999731779099,0.04092307761311531
YMR048W,YNL206C,1,-6.661344,0.23121386766433716,0.1230769231915474,0.04092307761311531
YLR088W,YHL009W-B,0,-6.6615825,0.2298850566148758,0.1230769231915474,0.04123076796531677
YCL017C,YLR071C,0,-6.661691,0.22857142984867096,0.1230769231915474,0.04153846204280853
YDR206W,YFR048W,0,-6.661692,0.22727273404598236,0.1230769231915474,0.041846152395009995
YKL017C,YOR192C-A,0,-6.663947,0.2259887009859085,0.1230769231915474,0.042153846472501755
YBR091C,YGR161C-C,0,-6.6640563,0.2247191071510315,0.1230769231915474,0.04246153682470322
YOR073W,YDR261C-D,0,-6.6641293,0.22346368432044983,0.1230769231915474,0.04276923090219498
YDR146C,YFL002W-B,0,-6.664457,0.2222222238779068,0.1230769231915474,0.04307692125439644
YOR047C,YFL002W-A,0,-6.6644807,0.2209944725036621,0.1230769231915474,0.0433846153318882
YDR184C,YPL060C-A,0,-6.6648026,0.21978022158145905,0.1230769231915474,0.04369230940937996
YFR027W,YBR193C,0,-6.6654034,0.2185792326927185,0.1230769231915474,0.04399999976158142
YBL069W,YLR410W-A,0,-6.6659846,0.21739129722118378,0.1230769231915474,0.04430769383907318
YOR018W,YHR039C-B,0,-6.6661468,0.21621622145175934,0.1230769231915474,0.04461538419127464
YOL060C,YDR034C-D,0,-6.6664214,0.2150537669658661,0.1230769231915474,0.0449230782687664
YNL015W,YBR012W-B,0,-6.6664624,0.2139037400484085,0.1230769231915474,0.045230768620967865
YKR003W,YDR369C,0,-6.667068,0.21276596188545227,0.1230769231915474,0.045538462698459625
YHR129C,YLR157C-B,0,-6.6670766,0.21164020895957947,0.1230769231915474,0.04584615305066109
YCL060C,YLR003C,1,-6.6674657,0.21578946709632874,0.1261538416147232,0.04584615305066109
YLL042C,YDR261W-A,0,-6.6678042,0.2146596908569336,0.1261538416147232,0.04615384712815285
YCR040W,YOR243C,0,-6.668154,0.2135416716337204,0.1261538416147232,0.04646153748035431
YCL060C,YJL047C,1,-6.6682463,0.21761657297611237,0.12923076748847961,0.04646153748035431
YGR206W,YIL017W,0,-6.669309,0.2164948433637619,0.12923076748847961,0.04676923155784607
YDR108W,YLR265C,0,-6.6702747,0.2153846174478531,0.12923076748847961,0.04707692191004753
YBR294W,YOR338W,0,-6.670707,0.2142857164144516,0.12923076748847961,0.04738461598753929
YLR433C,YPR161C,0,-6.670897,0.2131979763507843,0.12923076748847961,0.04769230633974075
YJL013C,YOR216C,0,-6.671014,0.21212121844291687,0.12923076748847961,0.04800000041723251
YLR321C,YGR027W-B,0,-6.671206,0.21105527877807617,0.12923076748847961,0.048307690769433975
YOL144W,YLL017W,0,-6.67146,0.20999999344348907,0.12923076748847961,0.048615384846925735
YGL168W,YFL035C-A,0,-6.673014,0.20895522832870483,0.12923076748847961,0.0489230751991272
YGL168W,YFL035C,0,-6.673014,0.20792078971862793,0.12923076748847961,0.04923076927661896
YJR002W,YGR161C-C,0,-6.6731896,0.2068965584039688,0.12923076748847961,0.04953846335411072
YER168C,YGR161C-C,0,-6.6733894,0.20588235557079315,0.12923076748847961,0.04984615370631218
YER105C,YDR098C-B,0,-6.673462,0.2048780471086502,0.12923076748847961,0.05015384778380394
YFL011W-A,YPR054W,0,-6.673863,0.20388349890708923,0.12923076748847961,0.0504615381360054
YOR119C,YLR227W-A,0,-6.675463,0.2028985470533371,0.12923076748847961,0.05076923221349716
YOR373W,YNL284C-B,0,-6.6757903,0.20192307233810425,0.12923076748847961,0.051076922565698624
YFR048W,YOL125W,0,-6.6758666,0.20095694065093994,0.12923076748847961,0.051384616643190384
YOL088C,YDR261W-A,0,-6.676245,0.20000000298023224,0.12923076748847961,0.051692306995391846
YGR197C,YDR330W,0,-6.6767764,0.1990521401166916,0.12923076748847961,0.052000001072883606
YPL051W,YPR158C-D,0,-6.677628,0.19811320304870605,0.12923076748847961,0.05230769142508507
YNL003C,YKL070W,0,-6.677907,0.19718310236930847,0.12923076748847961,0.05261538550257683
YOL028C,YPL257W-A,0,-6.678083,0.1962616890668869,0.12923076748847961,0.05292307585477829
YFL035C-A,YGR195W,0,-6.678404,0.1953488439321518,0.12923076748847961,0.05323076993227005
YPR164W,YHR154W,1,-6.678843,0.19907407462596893,0.13230769336223602,0.05323076993227005
YER109C,YGR030C,0,-6.6801176,0.1981566846370697,0.13230769336223602,0.05353846028447151
YOL088C,YGR161C-C,0,-6.6803746,0.197247713804245,0.13230769336223602,0.05384615436196327
YLR088W,YPR158C-C,0,-6.6825485,0.19634702801704407,0.13230769336223602,0.054153844714164734
YPL187W,YCL003W,0,-6.6830597,0.19545455276966095,0.13230769336223602,0.054461538791656494
YLR222C,YKL075C,0,-6.6833954,0.1945701390504837,0.13230769336223602,0.054769229143857956
YBL052C,YPL257W-B,0,-6.6834407,0.19369369745254517,0.13230769336223602,0.055076923221349716
YPR006C,YPR158C-C,0,-6.6834493,0.1928251087665558,0.13230769336223602,0.05538461357355118
YDR017C,YDR244W,0,-6.684216,0.1919642835855484,0.13230769336223602,0.05569230765104294
YGL020C,YGR089W,0,-6.684846,0.19111111760139465,0.13230769336223602,0.0560000017285347
YDR512C,YMR044W,0,-6.6864595,0.190265491604805,0.13230769336223602,0.05630769208073616
YLR342W,YCL062W,0,-6.6869636,0.18942731618881226,0.13230769336223602,0.05661538615822792
YER137C-A,YLR426W,0,-6.687862,0.18859648704528809,0.13230769336223602,0.05692307651042938
YNL173C,YOR192C-B,0,-6.6879025,0.1877729296684265,0.13230769336223602,0.05723077058792114
YDL134C,YPR137C-A,0,-6.6889453,0.186956524848938,0.13230769336223602,0.057538460940122604
YGL162W,YNL284C-B,0,-6.6891274,0.18614718317985535,0.13230769336223602,0.057846155017614365
YNL135C,YGR161C-D,0,-6.6892486,0.18534483015537262,0.13230769336223602,0.058153845369815826
YNL218W,YJR046W,1,-6.690566,0.18884120881557465,0.13538461923599243,0.058153845369815826
YLR298C,YLR126C,0,-6.6908326,0.18803419172763824,0.13538461923599243,0.05846153944730759
YKL092C,YHR165C,0,-6.6912003,0.1872340440750122,0.13538461923599243,0.05876922979950905
YPL115C,YML115C,0,-6.6915345,0.18644067645072937,0.13538461923599243,0.05907692387700081
YEL056W,YDR473C,0,-6.691572,0.18565401434898376,0.13538461923599243,0.05938461422920227
YGL061C,YGR122W,0,-6.6920886,0.18487395346164703,0.13538461923599243,0.05969230830669403
YHR056C,YBR250W,0,-6.692274,0.1841004192829132,0.13538461923599243,0.05999999865889549
YBR279W,YFR048W,0,-6.6924596,0.18333333730697632,0.13538461923599243,0.06030769273638725
YER061C,YGR042W,0,-6.6944623,0.1825726181268692,0.13538461923599243,0.060615383088588715
YCL060C,YOL006C,1,-6.694693,0.1859504133462906,0.13846154510974884,0.060615383088588715
YKL129C,YDR210W-A,0,-6.694824,0.18518517911434174,0.13846154510974884,0.060923077166080475
YMR048W,YER104W,1,-6.695196,0.18852458894252777,0.14153845608234406,0.060923077166080475
YMR055C,YGR027W-B,0,-6.695398,0.18775510787963867,0.14153845608234406,0.06123076751828194
YLR385C,YBR012W-A,0,-6.6959367,0.1869918704032898,0.14153845608234406,0.0615384615957737
YGR275W,YGR161C-D,0,-6.695948,0.18623481690883636,0.14153845608234406,0.06184615567326546
YDL147W,YOR192C-A,0,-6.696997,0.1854838728904724,0.14153845608234406,0.06215384602546692
YPL015C,YCL060C,1,-6.697003,0.18875502049922943,0.14461538195610046,0.06215384602546692
YJR153W,YPR158W-B,0,-6.6974607,0.18799999356269836,0.14461538195610046,0.06246154010295868
YNL206C,YLR003C,1,-6.697534,0.19123506546020508,0.14769230782985687,0.06246154010295868
YNR058W,YER180C-A,0,-6.697586,0.190476194024086,0.14769230782985687,0.06276923418045044
YDR364C,YEL019C,0,-6.6979947,0.18972331285476685,0.14769230782985687,0.0630769208073616
YDL188C,YLR224W,0,-6.6981664,0.18897637724876404,0.14769230782985687,0.06338461488485336
YIR037W,YDR316W-A,0,-6.698788,0.1882352977991104,0.14769230782985687,0.06369230896234512
YDR376W,YBL005W-A,0,-6.6993413,0.1875,0.14769230782985687,0.06400000303983688
YPR029C,YPL283C,0,-6.699478,0.18677042424678802,0.14769230782985687,0.06430768966674805
YCL060C,YNL206C,1,-6.700281,0.1899224817752838,0.15076923370361328,0.06430768966674805
YNL082W,YDR240C,0,-6.7008805,0.18918919563293457,0.15076923370361328,0.06461538374423981
YJR108W,YDR034C-D,0,-6.70131,0.1884615421295166,0.15076923370361328,0.06492307782173157
YDL093W,YNL054W-B,0,-6.70194,0.18773946166038513,0.15076923370361328,0.06523077189922333
YCL024W,YGR197C,0,-6.702119,0.18702289462089539,0.15076923370361328,0.06553845852613449
YEL030W,YFL002W-A,0,-6.7039056,0.1863117814064026,0.15076923370361328,0.06584615260362625
YCL061C,YLR234W,1,-6.7043138,0.18939393758773804,0.1538461595773697,0.06584615260362625
YNL166C,YGR109W-B,0,-6.70462,0.18867924809455872,0.1538461595773697,0.06615384668111801
YDR014W-A,YOL006C,1,-6.7049875,0.1917293220758438,0.1569230705499649,0.06615384668111801
YJL013C,YPR036W-A,0,-6.7049875,0.1910112351179123,0.1569230705499649,0.06646154075860977
YIR017C,YLR157C-A,0,-6.7049875,0.19029851257801056,0.1569230705499649,0.06676922738552094
YKL206C,YBL101W-A,0,-6.7049875,0.18959107995033264,0.1569230705499649,0.0670769214630127
YHR079C-B,YMR051C,0,-6.7049875,0.18888889253139496,0.1569230705499649,0.06738461554050446
YDR014W-A,YHR154W,1,-6.7049875,0.19188192486763,0.1599999964237213,0.06738461554050446
YDR014W-A,YLL002W,1,-6.7049875,0.19485294818878174,0.16307692229747772,0.06738461554050446
YDR014W-A,YJR046W,1,-6.7049875,0.19780220091342926,0.16615384817123413,0.06738461554050446
YDR529C,YOR343C-B,0,-6.7049875,0.19708029925823212,0.16615384817123413,0.06769230961799622
YKR063C,YBL101W-A,0,-6.7049875,0.1963636428117752,0.16615384817123413,0.06800000369548798
YDR014W-A,YER104W,1,-6.7049875,0.19927535951137543,0.16923077404499054,0.06800000369548798
YAL001C,YNL054W-B,0,-6.7049875,0.19855596125125885,0.16923077404499054,0.06830769032239914
YOR338W,YOR343C-B,0,-6.7049875,0.19784173369407654,0.16923077404499054,0.0686153843998909
YDR014W-A,YLR003C,1,-6.7049875,0.20071685314178467,0.17230768501758575,0.0686153843998909
YDR014W-A,YLR234W,1,-6.7049875,0.20357142388820648,0.17538461089134216,0.0686153843998909
YDR014W-A,YNL273W,1,-6.7049875,0.20640569925308228,0.17846153676509857,0.0686153843998909
YDR014W-A,YNL206C,1,-6.7049875,0.20921985805034637,0.18153846263885498,0.0686153843998909
YAL026C,YML045W-A,0,-6.7049875,0.208480566740036,0.18153846263885498,0.06892307847738266
YDR014W-A,YJL047C,1,-6.7049875,0.2112676054239273,0.1846153885126114,0.06892307847738266
YDR516C,YNL284C-A,0,-6.7049875,0.21052631735801697,0.1846153885126114,0.06923077255487442
YDR039C,YBL101W-B,0,-6.7049875,0.2097902148962021,0.1846153885126114,0.06953845918178558
YKL014C,YDR210W-D,0,-6.7049875,0.2090592384338379,0.1846153885126114,0.06984615325927734
YJL201W,YLR157C-A,0,-6.7049875,0.2083333283662796,0.1846153885126114,0.0701538473367691
YAL040C,YLR157C-A,0,-6.7049875,0.20761245489120483,0.1846153885126114,0.07046154141426086
YLR449W,YDR014W-A,1,-6.7049875,0.2103448212146759,0.1876923143863678,0.07046154141426086
YBR111W-A,YEL057C,0,-6.7049875,0.20962199568748474,0.1876923143863678,0.07076922804117203
YBR133C,YDR210W-D,0,-6.7049875,0.20890410244464874,0.1876923143863678,0.07107692211866379
YBR022W,YLR410W-A,0,-6.7049875,0.2081911265850067,0.1876923143863678,0.07138461619615555
YGR044C,YLR157C-A,0,-6.7049875,0.20748299360275269,0.1876923143863678,0.07169231027364731
YAR018C,YBL101W-A,0,-6.7049875,0.20677965879440308,0.1876923143863678,0.07199999690055847
YBL071W-A,YMR050C,0,-6.7049875,0.2060810774564743,0.1876923143863678,0.07230769097805023
YGR085C,YDR210W-D,0,-6.7049875,0.2053872048854828,0.1876923143863678,0.07261538505554199
YMR048W,YDR014W-A,1,-6.7049875,0.20805369317531586,0.190769225358963,0.07261538505554199
YGR135W,YML045W-A,0,-6.7049875,0.20735785365104675,0.190769225358963,0.07292307913303375
YDR302W,YML045W-A,0,-6.7049875,0.20666666328907013,0.190769225358963,0.07323076575994492
YJL157C,YOR343C-A,0,-6.7049875,0.2059800624847412,0.190769225358963,0.07353845983743668
YDL081C,YHL009W-A,0,-6.7049875,0.20529800653457642,0.190769225358963,0.07384615391492844
YDR069C,YDR014W-A,1,-6.7049875,0.20792078971862793,0.19384615123271942,0.07384615391492844
YKL148C,YDR210W-D,0,-6.7049875,0.20723684132099152,0.19384615123271942,0.0741538479924202
YOR025W,YOR343C-B,0,-6.7049875,0.20655737817287445,0.19384615123271942,0.07446154206991196
YDR014W-A,YDL020C,1,-6.7049875,0.20915032923221588,0.19692307710647583,0.07446154206991196
YDR110W,YDR014W-A,1,-6.7049875,0.2117263823747635,0.20000000298023224,0.07446154206991196
YPR006C,YBL101W-B,0,-6.7049875,0.2110389620065689,0.20000000298023224,0.07476922869682312
YGR281W,YDR261C-C,0,-6.7049875,0.2103559821844101,0.20000000298023224,0.07507692277431488
YDR014W-A,YBR136W,1,-6.7049875,0.21290323138237,0.20307692885398865,0.07507692277431488
YDR014W-A,YPL127C,1,-6.7049875,0.21543408930301666,0.20615383982658386,0.07507692277431488
YDR280W,YHL009W-A,0,-6.7049875,0.21474358439445496,0.20615383982658386,0.07538461685180664
YKL008C,YHL009W-A,0,-6.7049875,0.21405750513076782,0.20615383982658386,0.0756923109292984
YKL110C,YPR036W-A,0,-6.7049875,0.21337579190731049,0.20615383982658386,0.07599999755620956
YDR014W-A,YNL218W,1,-6.7049875,0.21587301790714264,0.20923076570034027,0.07599999755620956
YDR014W-A,YPR164W,1,-6.7049875,0.21835443377494812,0.21230769157409668,0.07599999755620956
YDR014W-A,YPL015C,1,-6.7049875,0.22082018852233887,0.2153846174478531,0.07599999755620956
YDR014W-A,YOL068C,1,-6.7049875,0.223270446062088,0.2184615433216095,0.07599999755620956
YDR014W-A,YCL060C,1,-6.7049875,0.2257053256034851,0.2215384542942047,0.07599999755620956
YDR014W-A,YCL061C,1,-6.7049875,0.22812500596046448,0.22461538016796112,0.07599999755620956
YPR120C,YDR014W-A,1,-6.7049875,0.23052959144115448,0.22769230604171753,0.07599999755620956
YGR109C,YDR014W-A,1,-6.7049875,0.23291926085948944,0.23076923191547394,0.07599999755620956
YJR069C,YBL103C,0,-6.7051616,0.23219814896583557,0.23076923191547394,0.07630769163370132
YKL126W,YPR158C-C,0,-6.705752,0.23148147761821747,0.23076923191547394,0.07661538571119308
YAR014C,YHL009W-B,0,-6.705869,0.23076923191547394,0.23076923191547394,0.07692307978868484
YKL092C,YKL070W,0,-6.7061834,0.2300613522529602,0.23076923191547394,0.07723076641559601
YCL060C,YLR234W,1,-6.7068763,0.23241589963436127,0.23384615778923035,0.07723076641559601
YLR163C,YGR109W-A,0,-6.70709,0.23170731961727142,0.23384615778923035,0.07753846049308777
YCL060C,YNL273W,1,-6.707585,0.23404255509376526,0.23692308366298676,0.07753846049308777
YER104W,YLL002W,1,-6.7078567,0.23636363446712494,0.23999999463558197,0.07753846049308777
YOL097C,YDR210W-A,0,-6.7080197,0.23564954102039337,0.23999999463558197,0.07784615457057953
YJR082C,YPL060C-A,0,-6.708217,0.23493975400924683,0.23999999463558197,0.07815384864807129
YDR295C,YGR027W-A,0,-6.7083993,0.23423422873020172,0.23999999463558197,0.07846153527498245
YPL175W,YGR027W-B,0,-6.7121854,0.23353293538093567,0.23999999463558197,0.07876922935247421
YJR042W,YOR192C-A,0,-6.7142606,0.2328358143568039,0.23999999463558197,0.07907692342996597
YPL149W,YHR014W,0,-6.714385,0.2321428507566452,0.23999999463558197,0.07938461750745773
YGL112C,YMR050C,0,-6.7155666,0.231453999876976,0.23999999463558197,0.0796923041343689
YDR110W,YBR136W,1,-6.716471,0.2337278127670288,0.24307692050933838,0.0796923041343689
YLR447C,YOL103W-B,0,-6.716473,0.23303835093975067,0.24307692050933838,0.07999999821186066
YLR391W-A,YOR207C,0,-6.716608,0.23235294222831726,0.24307692050933838,0.08030769228935242
YER056C,YLR320W,0,-6.7171397,0.2316715568304062,0.24307692050933838,0.08061538636684418
YNR057C,YLR376C,0,-6.7175503,0.23099415004253387,0.24307692050933838,0.08092308044433594
YNL218W,YCL060C,1,-6.7175965,0.2332361489534378,0.2461538463830948,0.08092308044433594
YOL033W,YDR261W-B,0,-6.7176757,0.23255814611911774,0.2461538463830948,0.0812307670712471
YMR167W,YDR080W,0,-6.7186427,0.23188406229019165,0.2461538463830948,0.08153846114873886
YJR057W,YLR312C-B,0,-6.7195706,0.23121386766433716,0.2461538463830948,0.08184615522623062
YLR411W,YGR161W-B,0,-6.719766,0.23054754734039307,0.2461538463830948,0.08215384930372238
YCL067C,YPL167C,0,-6.7203193,0.2298850566148758,0.2461538463830948,0.08246153593063354
YNL142W,YCR026C,0,-6.7208195,0.22922636568546295,0.2461538463830948,0.0827692300081253
YKL052C,YPR137C-A,0,-6.721374,0.22857142984867096,0.2461538463830948,0.08307692408561707
YPL232W,YKL070W,0,-6.7214456,0.22792023420333862,0.2461538463830948,0.08338461816310883
YJL092W,YMR046C,0,-6.7217855,0.22727273404598236,0.2461538463830948,0.08369230479001999
YOR084W,YPL257W-A,0,-6.7225533,0.22662889957427979,0.2461538463830948,0.08399999886751175
YPL125W,YPR137C-A,0,-6.7226605,0.2259887009859085,0.2461538463830948,0.08430769294500351
YGR147C,YDR210W-B,0,-6.7229056,0.22535210847854614,0.2461538463830948,0.08461538702249527
YDR270W,YPL276W,0,-6.723059,0.2247191071510315,0.2461538463830948,0.08492307364940643
YPL095C,YFL002W-B,0,-6.7240233,0.2240896373987198,0.2461538463830948,0.0852307677268982
YFL060C,YNR064C,0,-6.724166,0.22346368432044983,0.2461538463830948,0.08553846180438995
YJR078W,YAR010C,0,-6.724219,0.22284123301506042,0.2461538463830948,0.08584615588188171
YGR095C,YDL038C,0,-6.724601,0.2222222238779068,0.2461538463830948,0.08615384250879288
YHR055C,YBR284W,0,-6.72477,0.22160664200782776,0.2461538463830948,0.08646153658628464
YGL127C,YCL062W,0,-6.7248845,0.2209944725036621,0.2461538463830948,0.0867692306637764
YBL017C,YFL002W-B,0,-6.725616,0.22038567066192627,0.2461538463830948,0.08707692474126816
YKL053C-A,YBL005W-A,0,-6.72564,0.21978022158145905,0.2461538463830948,0.08738461881875992
YPL117C,YKR062W,0,-6.726037,0.21917808055877686,0.2461538463830948,0.08769230544567108
YMR211W,YER093C,0,-6.7267985,0.2185792326927185,0.2461538463830948,0.08799999952316284
YML065W,YNL279W,0,-6.7272387,0.2179836481809616,0.2461538463830948,0.0883076936006546
YPL008W,YFL002W-B,0,-6.7288013,0.21739129722118378,0.2461538463830948,0.08861538767814636
YJL081C,YBL085W,0,-6.7291303,0.21680216491222382,0.2461538463830948,0.08892307430505753
YBR133C,YLR427W,0,-6.7291703,0.21621622145175934,0.2461538463830948,0.08923076838254929
YGR009C,YER137C-A,0,-6.729751,0.21563342213630676,0.2461538463830948,0.08953846246004105
YER116C,YIL017W,0,-6.7308836,0.2150537669658661,0.2461538463830948,0.0898461565375328
YBR143C,YDR365W-A,0,-6.731282,0.21447721123695374,0.2461538463830948,0.09015384316444397
YCL012W,YOR075W,0,-6.7313294,0.2139037400484085,0.2461538463830948,0.09046153724193573
YIR013C,YFL037W,0,-6.7317605,0.2133333384990692,0.2461538463830948,0.09076923131942749
YPR120C,YLR234W,1,-6.731978,0.2154255360364914,0.2492307722568512,0.09076923131942749
YJR137C,YOR343W-B,0,-6.7327523,0.21485410630702972,0.2492307722568512,0.09107692539691925
YMR048W,YCL060C,1,-6.733234,0.21693122386932373,0.2523076832294464,0.09107692539691925
YAR042W,YHL012W,0,-6.734183,0.21635884046554565,0.2523076832294464,0.09138461202383041
YBR121C,YDR545W,0,-6.734342,0.21578946709632874,0.2523076832294464,0.09169230610132217
YER044C-A,YPR158W-B,0,-6.736375,0.21522310376167297,0.2523076832294464,0.09200000017881393
YLR391W-A,YLR450W,0,-6.736709,0.2146596908569336,0.2523076832294464,0.0923076942563057
YOR388C,YDL064W,0,-6.7372036,0.2140992134809494,0.2523076832294464,0.09261538833379745
YBR136W,YPR164W,1,-6.737881,0.2161458283662796,0.255384624004364,0.09261538833379745
YPR164W,YLL002W,1,-6.738071,0.2181818187236786,0.25846153497695923,0.09261538833379745
YPR164W,YCL060C,1,-6.7385936,0.22020725905895233,0.26153847575187683,0.09261538833379745
YGL017W,YLR312C-B,0,-6.739758,0.21963824331760406,0.26153847575187683,0.09292307496070862
YOR188W,YPR158W-B,0,-6.740514,0.219072163105011,0.26153847575187683,0.09323076903820038
YGR109C,YLR234W,1,-6.7406406,0.22107969224452972,0.26461538672447205,0.09323076903820038
YML005W,YDR285W,0,-6.741303,0.22051282227039337,0.26461538672447205,0.09353846311569214
YGR140W,YDR034C-C,0,-6.741362,0.21994884312152863,0.26461538672447205,0.0938461571931839
YLR309C,YMR065W,0,-6.741674,0.21938775479793549,0.26461538672447205,0.09415384382009506
YLR139C,YDR098C-B,0,-6.741769,0.21882951259613037,0.26461538672447205,0.09446153789758682
YHR197W,YLR227W-B,0,-6.7418027,0.21827411651611328,0.26461538672447205,0.09476923197507858
YHR204W,YLR426W,0,-6.7419977,0.21772152185440063,0.26461538672447205,0.09507692605257034
YGR257C,YLR126C,0,-6.742108,0.21717171370983124,0.26461538672447205,0.0953846126794815
YPR051W,YOR142W-A,0,-6.7433977,0.2166246920824051,0.26461538672447205,0.09569230675697327
YCL060C,YHR154W,1,-6.7434726,0.21859297156333923,0.26769229769706726,0.09569230675697327
YGR109C,YOL006C,1,-6.744289,0.22055137157440186,0.27076923847198486,0.09569230675697327
YER183C,YER147C,0,-6.744308,0.2199999988079071,0.27076923847198486,0.09600000083446503
YER162C,YHL009W-B,0,-6.748622,0.21945136785507202,0.27076923847198486,0.09630769491195679
YBR243C,YMR039C,0,-6.7499413,0.2189054787158966,0.27076923847198486,0.09661538153886795
YBR193C,YML045W,0,-6.7505183,0.21836228668689728,0.27076923847198486,0.09692307561635971
YOL128C,YKL075C,0,-6.750682,0.21782177686691284,0.27076923847198486,0.09723076969385147
YLR214W,YGL257C,0,-6.750882,0.2172839492559433,0.27076923847198486,0.09753846377134323
YGR109C,YBR136W,1,-6.7517123,0.21921181678771973,0.2738461494445801,0.09753846377134323
YBR060C,YMR218C,0,-6.753282,0.2186732143163681,0.2738461494445801,0.0978461503982544
YPL040C,YNL015W,0,-6.753491,0.2181372493505478,0.2738461494445801,0.09815384447574615
YML107C,YIL017W,0,-6.753722,0.2176039069890976,0.2738461494445801,0.09846153855323792
YOR112W,YPL176C,0,-6.754307,0.21707317233085632,0.2738461494445801,0.09876923263072968
YPL087W,YLR157C-B,0,-6.754457,0.2165450155735016,0.2738461494445801,0.09907692670822144
YDR028C,YLR410W-A,0,-6.7547626,0.2160194218158722,0.2738461494445801,0.0993846133351326
YOL068C,YOL006C,1,-6.755056,0.21791768074035645,0.2769230902194977,0.0993846133351326
YKL108W,YNL213C,0,-6.755635,0.21739129722118378,0.2769230902194977,0.09969230741262436
YCL012W,YGL241W,0,-6.7556696,0.21686747670173645,0.2769230902194977,0.10000000149011612
YMR190C,YNL313C,0,-6.7567925,0.2163461595773697,0.2769230902194977,0.10030769556760788
YGL236C,YGR161C-D,0,-6.758393,0.2158273309469223,0.2769230902194977,0.10061538219451904
YDR245W,YOL103W-B,0,-6.7587657,0.21531100571155548,0.2769230902194977,0.1009230762720108
YOR240W,YKL140W,0,-6.7591395,0.21479713916778564,0.2769230902194977,0.10123077034950256
YDR227W,YLR139C,0,-6.7592564,0.2142857164144516,0.2769230902194977,0.10153846442699432
YMR188C,YPL257W-B,0,-6.760225,0.21377672255039215,0.2769230902194977,0.10184615105390549
YJR046W,YLR234W,1,-6.760783,0.21563981473445892,0.2800000011920929,0.10184615105390549
YDR507C,YLR039C,0,-6.7627244,0.215130016207695,0.2800000011920929,0.10215384513139725
YER160C,YHR020W,0,-6.762828,0.2146226465702057,0.2800000011920929,0.10246153920888901
YJL219W,YJL204C,0,-6.7633395,0.2141176462173462,0.2800000011920929,0.10276923328638077
YHR039C-A,YGR027W-B,0,-6.7633457,0.2136150300502777,0.2800000011920929,0.10307691991329193
YMR292W,YGR251W,0,-6.764946,0.21311475336551666,0.2800000011920929,0.10338461399078369
YLR318W,YPR167C,0,-6.7665267,0.21261681616306305,0.2800000011920929,0.10369230806827545
YDL220C,YDR414C,0,-6.769055,0.21212121844291687,0.2800000011920929,0.10400000214576721
YML019W,YGR161C-D,0,-6.7696223,0.21162790060043335,0.2800000011920929,0.10430768877267838
YML069W,YGR027W-B,0,-6.76986,0.21113689243793488,0.2800000011920929,0.10461538285017014
YCL060C,YJR046W,1,-6.769927,0.21296297013759613,0.2830769121646881,0.10461538285017014
YCR077C,YMR050C,0,-6.7700987,0.2124711275100708,0.2830769121646881,0.1049230769276619
YLR028C,YBR100W,0,-6.770842,0.21198156476020813,0.2830769121646881,0.10523077100515366
YEL022W,YDR303C,0,-6.771952,0.21149425208568573,0.2830769121646881,0.10553846508264542
YDR361C,YBR043C,0,-6.772165,0.2110091745853424,0.2830769121646881,0.10584615170955658
YNL112W,YHR214C-C,0,-6.7731504,0.21052631735801697,0.2830769121646881,0.10615384578704834
YLR014C,YMR096W,0,-6.77397,0.21004566550254822,0.2830769121646881,0.1064615398645401
YCR098C,YFL018W-A,0,-6.774902,0.20956720411777496,0.2830769121646881,0.10676923394203186
YPL015C,YNL206C,1,-6.775133,0.21136364340782166,0.2861538529396057,0.10676923394203186
YKL114C,YKL070W,0,-6.7752414,0.21088434755802155,0.2861538529396057,0.10707692056894302
YNL326C,YDR034C-C,0,-6.775728,0.21040724217891693,0.2861538529396057,0.10738461464643478
YIR008C,YGR170W,0,-6.776733,0.20993228256702423,0.2861538529396057,0.10769230872392654
YMR288W,YDR123C,0,-6.778403,0.20945945382118225,0.2861538529396057,0.1080000028014183
YGR217W,YPL137C,0,-6.778584,0.20898877084255219,0.2861538529396057,0.10830768942832947
YMR168C,YNR001C,0,-6.7794995,0.20852017402648926,0.2861538529396057,0.10861538350582123
YAL047C,YMR134W,0,-6.7803264,0.20805369317531586,0.2861538529396057,0.10892307758331299
YDR440W,YIL138C,0,-6.780956,0.2075892835855484,0.2861538529396057,0.10923077166080475
YHR092C,YLR035C,0,-6.781471,0.2071269452571869,0.2861538529396057,0.10953845828771591
YOR233W,YBL103C,0,-6.7836595,0.20666666328907013,0.2861538529396057,0.10984615236520767
YHR204W,YBR090C-A,0,-6.784044,0.20620842278003693,0.2861538529396057,0.11015384644269943
YDL198C,YLR227W-B,0,-6.785228,0.2057522088289261,0.2861538529396057,0.11046154052019119
YOR198C,YLR223C,0,-6.7852798,0.20529800653457642,0.2861538529396057,0.11076922714710236
YML107C,YBR284W,0,-6.7853446,0.20484581589698792,0.2861538529396057,0.11107692122459412
YGL173C,YAR044W,0,-6.7854176,0.2043956071138382,0.2861538529396057,0.11138461530208588
YOR011W,YOR032C,0,-6.785522,0.20394736528396606,0.2861538529396057,0.11169230937957764
YLR260W,YNL049C,0,-6.78758,0.20350109040737152,0.2861538529396057,0.1120000034570694
YPL124W,YHR039C-B,0,-6.788449,0.20305676758289337,0.2861538529396057,0.11230769008398056
YDR434W,YDR097C,0,-6.7899632,0.20261438190937042,0.2861538529396057,0.11261538416147232
YAL038W,YAR010C,0,-6.791015,0.20217391848564148,0.2861538529396057,0.11292307823896408
YNL236W,YDR200C,0,-6.7938857,0.20173536241054535,0.2861538529396057,0.11323077231645584
YDR182W,YHR214C-C,0,-6.7939305,0.20129869878292084,0.2861538529396057,0.113538458943367
YHL019C,YAL021C,0,-6.794064,0.20086392760276794,0.2861538529396057,0.11384615302085876
YDR108W,YGR161C-C,0,-6.7942786,0.20043103396892548,0.2861538529396057,0.11415384709835052
YNL332W,YGR272C,0,-6.79698,0.20000000298023224,0.2861538529396057,0.11446154117584229
YPL127C,YNL218W,1,-6.7997065,0.20171673595905304,0.2892307639122009,0.11446154117584229
YAL020C,YOR025W,0,-6.799828,0.20128479599952698,0.2892307639122009,0.11476922780275345
YCR086W,YGR161C-D,0,-6.80076,0.20085470378398895,0.2892307639122009,0.11507692188024521
YLR113W,YIR006C,0,-6.801013,0.20042644441127777,0.2892307639122009,0.11538461595773697
YBR114W,YGR161W-B,0,-6.8013177,0.20000000298023224,0.2892307639122009,0.11569231003522873
YCL017C,YGR161W-A,0,-6.802154,0.19957536458969116,0.2892307639122009,0.11599999666213989
YNL251C,YGR119C,0,-6.8022175,0.19915254414081573,0.2892307639122009,0.11630769073963165
YGL205W,YPR101W,0,-6.802809,0.19873149693012238,0.2892307639122009,0.11661538481712341
YHR154W,YLR234W,1,-6.804392,0.20042194426059723,0.29230770468711853,0.11661538481712341
YBL040C,YER007W,0,-6.8064284,0.20000000298023224,0.29230770468711853,0.11692307889461517
YHR096C,YGR109W-B,0,-6.8068233,0.19957983493804932,0.29230770468711853,0.11723076552152634
YPR178W,YHL022C,0,-6.8070536,0.19916142523288727,0.29230770468711853,0.1175384595990181
YGR199W,YMR087W,0,-6.8082843,0.1987447738647461,0.29230770468711853,0.11784615367650986
YFL018W-A,YNL045W,0,-6.810683,0.1983298510313034,0.29230770468711853,0.11815384775400162
YBR173C,YHL009W-B,0,-6.811214,0.1979166716337204,0.29230770468711853,0.11846154183149338
YKL190W,YER147C,0,-6.81158,0.1975051909685135,0.29230770468711853,0.11876922845840454
YDR194C,YDR356W,0,-6.8118124,0.19709543883800507,0.29230770468711853,0.1190769225358963
YKR101W,YGR161W-A,0,-6.812329,0.19668737053871155,0.29230770468711853,0.11938461661338806
YLR391W,YNR032W,0,-6.8128867,0.19628098607063293,0.29230770468711853,0.11969231069087982
YMR129W,YJL114W,0,-6.8143315,0.19587628543376923,0.29230770468711853,0.11999999731779099
YJL012C-A,YOR162C,0,-6.8143525,0.19547325372695923,0.29230770468711853,0.12030769139528275
YOL068C,YLR003C,1,-6.815375,0.19712525606155396,0.29538461565971375,0.12030769139528275
YNL047C,YJR026W,0,-6.816014,0.19672131538391113,0.29538461565971375,0.1206153854727745
YKL014C,YDR210W-B,0,-6.81665,0.19631901383399963,0.29538461565971375,0.12092307955026627
YDR486C,YMR210W,0,-6.81737,0.19591836631298065,0.29538461565971375,0.12123076617717743
YDR469W,YPR137C-A,0,-6.8174167,0.1955193430185318,0.29538461565971375,0.12153846025466919
YJL134W,YDR192C,0,-6.8175473,0.19512194395065308,0.29538461565971375,0.12184615433216095
YMR054W,YOR343W-A,0,-6.8181834,0.19472616910934448,0.29538461565971375,0.12215384840965271
YOR058C,YHR102W,0,-6.819115,0.19433198869228363,0.29538461565971375,0.12246153503656387
YGR188C,YJL045W,0,-6.819559,0.19393938779830933,0.29538461565971375,0.12276922911405563
YGL043W,YFL002W-B,0,-6.8195767,0.19354838132858276,0.29538461565971375,0.1230769231915474
YFL011W-A,YPR131C,0,-6.820542,0.19315895438194275,0.29538461565971375,0.12338461726903915
YOR244W,YBR030W,0,-6.8207912,0.1927710771560669,0.29538461565971375,0.12369231134653091
YDL155W,YNL106C,0,-6.821382,0.1923847645521164,0.29538461565971375,0.12399999797344208
YDL081C,YPL257W-B,0,-6.8218074,0.19200000166893005,0.29538461565971375,0.12430769205093384
YDR263C,YNL297C,0,-6.8219457,0.19161677360534668,0.29538461565971375,0.1246153861284256
YJR047C,YDR210W-B,0,-6.8241773,0.19123506546020508,0.29538461565971375,0.12492308020591736
YBR048W,YJL012C-A,0,-6.8277307,0.19085487723350525,0.29538461565971375,0.12523077428340912
YFL011W-A,YNL038W,0,-6.827998,0.190476194024086,0.29538461565971375,0.12553846836090088
YDL085W,YBR012W-A,0,-6.828058,0.19009901583194733,0.29538461565971375,0.12584614753723145
YNL206C,YHR154W,1,-6.829081,0.19169960916042328,0.29846152663230896,0.12584614753723145
YGR171C,YDR365W-A,0,-6.829822,0.1913214921951294,0.29846152663230896,0.1261538416147232
YNR032C-A,YCL051W,0,-6.8302097,0.1909448802471161,0.29846152663230896,0.12646153569221497
YDR069C,YCL060C,1,-6.831376,0.19253438711166382,0.30153846740722656,0.12646153569221497
YFL050C,YMR227C,0,-6.8319507,0.1921568661928177,0.30153846740722656,0.12676922976970673
YIR025W,YGR122W,0,-6.834167,0.19178082048892975,0.30153846740722656,0.1270769238471985
YDL236W,YDR170W-A,0,-6.834604,0.19140625,0.30153846740722656,0.12738461792469025
YDL209C,YBR171W,0,-6.837059,0.19103313982486725,0.30153846740722656,0.127692312002182
YLR372W,YDR034C-C,0,-6.8382545,0.1906614750623703,0.30153846740722656,0.12800000607967377
YLR207W,YKR020W,0,-6.838834,0.19029125571250916,0.30153846740722656,0.12830768525600433
YPR120C,YCL060C,1,-6.8408666,0.19186046719551086,0.3046153783798218,0.12830768525600433
YPL200W,YNL112W,0,-6.842049,0.19148936867713928,0.3046153783798218,0.1286153793334961
YMR048W,YNL273W,1,-6.842404,0.19305019080638885,0.3076923191547394,0.1286153793334961
YER087C-A,YDR034C-C,0,-6.8436213,0.19267822802066803,0.3076923191547394,0.12892307341098785
YER174C,YDR494W,0,-6.843698,0.19230769574642181,0.3076923191547394,0.12923076748847961
YOL068C,YHR154W,1,-6.8449035,0.19385796785354614,0.3107692301273346,0.12923076748847961
YHR154W,YNL273W,1,-6.8453293,0.19540229439735413,0.3138461410999298,0.12923076748847961
YDR069C,YHR154W,1,-6.84535,0.19694072008132935,0.3169230818748474,0.12923076748847961
YGR109C,YCL060C,1,-6.8496294,0.19847328960895538,0.3199999928474426,0.12923076748847961
YFR001W,YHR079C-A,0,-6.8500743,0.19809523224830627,0.3199999928474426,0.12953846156597137
YEL042W,YMR050C,0,-6.850336,0.19771863520145416,0.3199999928474426,0.12984615564346313
YGR109C,YCL061C,1,-6.8509197,0.19924098253250122,0.32307693362236023,0.12984615564346313
YNL078W,YJR153W,0,-6.8514323,0.19886364042758942,0.32307693362236023,0.1301538497209549
YJR049C,YCL020W,0,-6.85162,0.19848771393299103,0.32307693362236023,0.13046154379844666
YJL004C,YCL020W,0,-6.8525634,0.19811320304870605,0.32307693362236023,0.13076923787593842
YLL024C,YDR065W,0,-6.853249,0.1977401077747345,0.32307693362236023,0.13107691705226898
YLR035C,YFL026W,0,-6.8537736,0.19736842811107635,0.32307693362236023,0.13138461112976074
YGR101W,YKL075C,0,-6.8541503,0.19699811935424805,0.32307693362236023,0.1316923052072525
YPL275W,YJR029W,0,-6.855061,0.19662921130657196,0.32307693362236023,0.13199999928474426
YNL258C,YDL007W,0,-6.859072,0.1962616890668869,0.32307693362236023,0.13230769336223602
YLR265C,YDR192C,0,-6.8592143,0.19589552283287048,0.32307693362236023,0.13261538743972778
YLR051C,YGR161C-D,0,-6.859331,0.1955307275056839,0.32307693362236023,0.13292308151721954
YER104W,YHR154W,1,-6.8597283,0.19702602922916412,0.32615384459495544,0.13292308151721954
YPR055W,YIL143C,0,-6.859949,0.19666048884391785,0.32615384459495544,0.1332307755947113
YGL210W-A,YCR028C-A,0,-6.8616548,0.19629628956317902,0.32615384459495544,0.13353845477104187
YDR377W,YJL113W,0,-6.862275,0.19593346118927002,0.32615384459495544,0.13384614884853363
YPL275W,YKR048C,0,-6.863972,0.19557195901870728,0.32615384459495544,0.1341538429260254
YDR529C,YML045W,0,-6.864505,0.19521178305149078,0.32615384459495544,0.13446153700351715
YBR119W,YML041C,0,-6.864694,0.19485294818878174,0.32615384459495544,0.1347692310810089
YGL044C,YER190W,0,-6.8650517,0.19449540972709656,0.32615384459495544,0.13507692515850067
YPL127C,YCL060C,1,-6.865932,0.19597069919109344,0.32923075556755066,0.13507692515850067
YDL148C,YLR224W,0,-6.866161,0.19561243057250977,0.32923075556755066,0.13538461923599243
YJL047C,YLL002W,1,-6.866262,0.19708029925823212,0.33230769634246826,0.13538461923599243
YGL005C,YBR173C,0,-6.8662972,0.19672131538391113,0.33230769634246826,0.1356923133134842
YDR361C,YLR391W,0,-6.868121,0.1963636428117752,0.33230769634246826,0.13600000739097595
YOL068C,YPR164W,1,-6.868336,0.19782213866710663,0.3353846073150635,0.13600000739097595
YNL051W,YMR032W,0,-6.870481,0.1974637657403946,0.3353846073150635,0.13630768656730652
YNL279W,YJR029W,0,-6.8707557,0.19710668921470642,0.3353846073150635,0.13661538064479828
YHR011W,YNL333W,0,-6.871351,0.19675090909004211,0.3353846073150635,0.13692307472229004
YOL068C,YBR136W,1,-6.8716726,0.19819819927215576,0.3384615480899811,0.13692307472229004
YLR107W,YKR029C,0,-6.8718486,0.19784173369407654,0.3384615480899811,0.1372307687997818
YOR380W,YDR227W,0,-6.872724,0.1974865347146988,0.3384615480899811,0.13753846287727356
YMR048W,YJR046W,1,-6.8738832,0.1989247351884842,0.3415384590625763,0.13753846287727356
YER056C,YMR096W,0,-6.8753304,0.19856886565685272,0.3415384590625763,0.13784615695476532
YDR038C,YDR320C,0,-6.8755703,0.19821429252624512,0.3415384590625763,0.13815385103225708
YKR019C,YJL198W,0,-6.8759646,0.1978609561920166,0.3415384590625763,0.13846154510974884
YPR164W,YOL006C,1,-6.8760457,0.1992882490158081,0.3446153700351715,0.13846154510974884
YDL002C,YDR389W,0,-6.876253,0.19893428683280945,0.3446153700351715,0.1387692242860794
YJL047C,YLR234W,1,-6.8811793,0.20035460591316223,0.3476923108100891,0.1387692242860794
YPL170W,YLR453C,0,-6.883213,0.20000000298023224,0.3476923108100891,0.13907691836357117
YHR154W,YOL006C,1,-6.8851275,0.20141342282295227,0.3507692217826843,0.13907691836357117
YFR027W,YNL257C,0,-6.885141,0.20105819404125214,0.3507692217826843,0.13938461244106293
YCR040W,YJR144W,0,-6.8855267,0.20070423185825348,0.3507692217826843,0.1396923065185547
YDL113C,YMR227C,0,-6.8870525,0.20035149157047272,0.3507692217826843,0.14000000059604645
YIR009W,YER147C,0,-6.8878493,0.20000000298023224,0.3507692217826843,0.1403076946735382
YCL060C,YDL020C,1,-6.888363,0.20140105485916138,0.35384616255760193,0.1403076946735382
YDL209C,YML040W,0,-6.8895655,0.20104895532131195,0.35384616255760193,0.14061538875102997
YNL218W,YNL206C,1,-6.890422,0.20244328677654266,0.35692307353019714,0.14061538875102997
YPL115C,YCL003W,0,-6.890785,0.20209059119224548,0.35692307353019714,0.14092308282852173
YDL149W,YCL034W,0,-6.8924184,0.2017391324043274,0.35692307353019714,0.1412307620048523
YML075C,YJL113W,0,-6.8925323,0.2013888955116272,0.35692307353019714,0.14153845608234406
YDL148C,YMR039C,0,-6.894532,0.2010398656129837,0.35692307353019714,0.14184615015983582
YML024W,YJL012C-A,0,-6.8966017,0.2006920427083969,0.35692307353019714,0.14215384423732758
YMR213W,YJL204C,0,-6.8983107,0.20034542679786682,0.35692307353019714,0.14246153831481934
YPR008W,YNL045W,0,-6.8984904,0.20000000298023224,0.35692307353019714,0.1427692323923111
YKL206C,YER030W,0,-6.899268,0.19965577125549316,0.35692307353019714,0.14307692646980286
YHL020C,YKL175W,0,-6.899819,0.1993127167224884,0.35692307353019714,0.14338462054729462
YBR034C,YML091C,0,-6.9002185,0.19897083938121796,0.35692307353019714,0.14369231462478638
YIL121W,YDR018C,0,-6.902209,0.19863013923168182,0.35692307353019714,0.14399999380111694
YAL038W,YNL093W,0,-6.903037,0.1982906013727188,0.35692307353019714,0.1443076878786087
YBR135W,YDR381W,0,-6.9030633,0.19795222580432892,0.35692307353019714,0.14461538195610046
YPR173C,YJR120W,0,-6.9053044,0.19761499762535095,0.35692307353019714,0.14492307603359222
YPL233W,YDR247W,0,-6.9063277,0.1972789168357849,0.35692307353019714,0.14523077011108398
YCL024W,YMR059W,0,-6.9076753,0.1969439685344696,0.35692307353019714,0.14553846418857574
YGL090W,YPL243W,0,-6.907967,0.19661016762256622,0.35692307353019714,0.1458461582660675
YKL114C,YLL003W,0,-6.908363,0.19627749919891357,0.35692307353019714,0.14615385234355927
YIL021W,YJL012C-A,0,-6.908982,0.19594594836235046,0.35692307353019714,0.14646153151988983
YDR017C,YML038C,0,-6.9091697,0.1956155151128769,0.35692307353019714,0.1467692255973816
YOL086C,YBR012W-B,0,-6.909365,0.19528619945049286,0.35692307353019714,0.14707691967487335
YLR265C,YBR188C,0,-6.909372,0.19495798647403717,0.35692307353019714,0.1473846137523651
YFL002C,YOL072W,0,-6.9096665,0.19463087618350983,0.35692307353019714,0.14769230782985687
YML118W,YGR212W,0,-6.910688,0.19430485367774963,0.35692307353019714,0.14800000190734863
YGL187C,YOL028C,0,-6.910971,0.19397993385791779,0.35692307353019714,0.1483076959848404
YIL072W,YDL033C,0,-6.911576,0.1936560869216919,0.35692307353019714,0.14861539006233215
YIL147C,YPL011C,0,-6.911578,0.19333332777023315,0.35692307353019714,0.1489230841398239
YBR131W,YBR112C,0,-6.9121637,0.19301164150238037,0.35692307353019714,0.14923076331615448
YCR028C-A,YOL102C,0,-6.912846,0.19269102811813354,0.35692307353019714,0.14953845739364624
YKL052C,YIL017C,0,-6.913394,0.19237147271633148,0.35692307353019714,0.149846151471138
YNL042W,YNL029C,0,-6.913447,0.19205297529697418,0.35692307353019714,0.15015384554862976
YPR199C,YCR066W,0,-6.9163213,0.19173553586006165,0.35692307353019714,0.15046153962612152
YOL082W,YER027C,0,-6.917016,0.19141913950443268,0.35692307353019714,0.15076923370361328
YCL061C,YJL047C,1,-6.9177294,0.1927512288093567,0.36000001430511475,0.15076923370361328
YNR072W,YOL005C,0,-6.9202037,0.19243420660495758,0.36000001430511475,0.15107692778110504
YJL093C,YBL100W-A,0,-6.920507,0.19211822748184204,0.36000001430511475,0.1513846218585968
YLR238W,YKL068W,0,-6.920794,0.19180327653884888,0.36000001430511475,0.15169230103492737
YER016W,YLR115W,0,-6.9219136,0.19148936867713928,0.36000001430511475,0.15199999511241913
YLR097C,YMR267W,0,-6.9234195,0.19117647409439087,0.36000001430511475,0.1523076891899109
YNL242W,YDR065W,0,-6.9242473,0.19086460769176483,0.36000001430511475,0.15261538326740265
YER178W,YKL070W,0,-6.926265,0.19055373966693878,0.36000001430511475,0.1529230773448944
YPL254W,YLR084C,0,-6.9269485,0.1902438998222351,0.36000001430511475,0.15323077142238617
YBR136W,YLR234W,1,-6.9269595,0.19155843555927277,0.36307692527770996,0.15323077142238617
YBL018C,YDR146C,0,-6.9277444,0.19124796986579895,0.36307692527770996,0.15353846549987793
YOR224C,YGL039W,0,-6.9285727,0.19093851745128632,0.36307692527770996,0.1538461595773697
YBL011W,YDR306C,0,-6.9290786,0.19063004851341248,0.36307692527770996,0.15415383875370026
YGR109C,YJL047C,1,-6.9294953,0.1919354796409607,0.3661538362503052,0.15415383875370026
YNL071W,YHR214C-B,0,-6.929814,0.1916264146566391,0.3661538362503052,0.15446153283119202
YHR129C,YMR179W,0,-6.930156,0.1913183331489563,0.3661538362503052,0.15476922690868378
YLL042C,YJR153W,0,-6.930222,0.1910112351179123,0.3661538362503052,0.15507692098617554
YIR028W,YCR073C,0,-6.9316373,0.19070513546466827,0.3661538362503052,0.1553846150636673
YDR228C,YBR153W,0,-6.9329553,0.19040000438690186,0.3661538362503052,0.15569230914115906
YER100W,YDR449C,0,-6.933249,0.19009584188461304,0.3661538362503052,0.15600000321865082
YER147C,YGL225W,0,-6.9374743,0.189792662858963,0.3661538362503052,0.15630769729614258
YJL071W,YDL060W,0,-6.937735,0.1894904524087906,0.3661538362503052,0.15661539137363434
YDR243C,YDR159W,0,-6.9379115,0.18918919563293457,0.3661538362503052,0.1569230705499649
YKL046C,YPL164C,0,-6.9383903,0.18888889253139496,0.3661538362503052,0.15723076462745667
YBR034C,YKL138C-A,0,-6.9385085,0.18858954310417175,0.3661538362503052,0.15753845870494843
YPL015C,YER104W,1,-6.939356,0.18987341225147247,0.3692307770252228,0.15753845870494843
YBR111W-A,YKR053C,0,-6.9395328,0.1895734667778015,0.3692307770252228,0.15784615278244019
YBL051C,YLR430W,0,-6.9402328,0.18927444517612457,0.3692307770252228,0.15815384685993195
YPR186C,YGL039W,0,-6.9407263,0.18897637724876404,0.3692307770252228,0.1584615409374237
YDR256C,YDR501W,0,-6.941243,0.18867924809455872,0.3692307770252228,0.15876923501491547
YDR052C,YGR289C,0,-6.94227,0.1883830428123474,0.3692307770252228,0.15907692909240723
YPR112C,YDR545W,0,-6.942664,0.18808777630329132,0.3692307770252228,0.1593846082687378
YCL066W,YML005W,0,-6.9427114,0.18779343366622925,0.3692307770252228,0.15969230234622955
YMR156C,YPL276W,0,-6.9433923,0.1875,0.3692307770252228,0.1599999964237213
YMR299C,YDR523C,0,-6.9454255,0.18720749020576477,0.3692307770252228,0.16030769050121307
YDL044C,YER111C,0,-6.945554,0.18691588938236237,0.3692307770252228,0.16061538457870483
YLR165C,YHR090C,0,-6.9470105,0.18662519752979279,0.3692307770252228,0.1609230786561966
YOR240W,YMR097C,0,-6.9474654,0.18633539974689484,0.3692307770252228,0.16123077273368835
YNL003C,YIL101C,0,-6.947716,0.1860465109348297,0.3692307770252228,0.16153846681118011
YDR240C,YLR385C,0,-6.948015,0.18575851619243622,0.3692307770252228,0.16184616088867188
YGR075C,YLR396C,0,-6.9483294,0.18547140061855316,0.3692307770252228,0.16215384006500244
YMR113W,YML031W,0,-6.9484563,0.18518517911434174,0.3692307770252228,0.1624615341424942
YKL190W,YBR041W,0,-6.9496217,0.18489985167980194,0.3692307770252228,0.16276922821998596
YPL015C,YLR234W,1,-6.95029,0.186153843998909,0.372307687997818,0.16276922821998596
YGR092W,YLR438C-A,0,-6.9506316,0.18586789071559906,0.372307687997818,0.16307692229747772
YDR016C,YBR223C,0,-6.950843,0.18558281660079956,0.372307687997818,0.16338461637496948
YPL086C,YMR058W,0,-6.9510326,0.1852986216545105,0.372307687997818,0.16369231045246124
YDR384C,YAL068C,0,-6.9510875,0.18501529097557068,0.372307687997818,0.164000004529953
YGL241W,YJR153W,0,-6.9516654,0.1847328245639801,0.372307687997818,0.16430769860744476
YLR449W,YOL006C,1,-6.953946,0.18597561120986938,0.3753846287727356,0.16430769860744476
YNL248C,YLR086W,0,-6.9540153,0.18569254875183105,0.3753846287727356,0.16461537778377533
YMR287C,YGR080W,0,-6.9541965,0.18541033565998077,0.3753846287727356,0.1649230718612671
YPL203W,YMR046C,0,-6.955607,0.18512898683547974,0.3753846287727356,0.16523076593875885
YOL068C,YJR046W,1,-6.9564776,0.18636363744735718,0.3784615397453308,0.16523076593875885
YOL068C,YCL061C,1,-6.9578724,0.18759454786777496,0.381538450717926,0.16523076593875885
YFL056C,YNL012W,0,-6.95815,0.18731117248535156,0.381538450717926,0.1655384600162506
YCR058C,YBR228W,0,-6.9585824,0.1870286613702774,0.381538450717926,0.16584615409374237
YDL044C,YLR385C,0,-6.960712,0.1867469847202301,0.381538450717926,0.16615384817123413
YKR024C,YOL028C,0,-6.960816,0.18646617233753204,0.381538450717926,0.1664615422487259
YNR016C,YIL082W-A,0,-6.960978,0.18618617951869965,0.381538450717926,0.16676923632621765
YNL258C,YLR086W,0,-6.9611773,0.1859070509672165,0.381538450717926,0.1670769304037094
YNL318C,YLR044C,0,-6.9625196,0.185628741979599,0.381538450717926,0.16738460958003998
YDL044C,YML031W,0,-6.962946,0.18535126745700836,0.381538450717926,0.16769230365753174
YER040W,YPL193W,0,-6.963193,0.18507462739944458,0.381538450717926,0.1679999977350235
YPR124W,YPR179C,0,-6.96378,0.18479880690574646,0.381538450717926,0.16830769181251526
YBR237W,YLR369W,0,-6.9649167,0.184523805975914,0.381538450717926,0.16861538589000702
YNL278W,YHR039C-B,0,-6.96492,0.1842496246099472,0.381538450717926,0.16892307996749878
YPR175W,YJR013W,0,-6.9657016,0.18397626280784607,0.381538450717926,0.16923077404499054
YDR294C,YMR050C,0,-6.966163,0.1837037056684494,0.381538450717926,0.1695384681224823
YDL209C,YBL034C,0,-6.9664283,0.1834319531917572,0.381538450717926,0.16984614729881287
YKR028W,YIL039W,0,-6.9666343,0.18316100537776947,0.381538450717926,0.17015384137630463
YOR373W,YLR154C,0,-6.967553,0.1828908622264862,0.381538450717926,0.1704615354537964
YNL259C,YGL249W,0,-6.9681993,0.18262150883674622,0.381538450717926,0.17076922953128815
YNL059C,YDL112W,0,-6.969749,0.1823529452085495,0.381538450717926,0.1710769236087799
YLL002W,YLR003C,1,-6.9698997,0.18355359137058258,0.38461539149284363,0.1710769236087799
YPR164W,YNL206C,1,-6.97006,0.1847507357597351,0.38769230246543884,0.1710769236087799
YJR137C,YCL066W,0,-6.9704423,0.1844802349805832,0.38769230246543884,0.17138461768627167
YMR070W,YML031W,0,-6.970606,0.18421052396297455,0.38769230246543884,0.17169231176376343
YDR375C,YKR020W,0,-6.9715953,0.18394160270690918,0.38769230246543884,0.1720000058412552
YJR108W,YKL170W,0,-6.9716477,0.18367347121238708,0.38769230246543884,0.17230768501758575
YML104C,YML027W,0,-6.971758,0.18340611457824707,0.38769230246543884,0.17261537909507751
YPL015C,YHR154W,1,-6.9722013,0.18459302186965942,0.39076924324035645,0.17261537909507751
YJL058C,YJL101C,0,-6.972976,0.18432511389255524,0.39076924324035645,0.17292307317256927
YDR217C,YGR144W,0,-6.973153,0.18405796587467194,0.39076924324035645,0.17323076725006104
YBR070C,YAR007C,0,-6.973265,0.1837916076183319,0.39076924324035645,0.1735384613275528
YBR207W,YJL018W,0,-6.973512,0.18352600932121277,0.39076924324035645,0.17384615540504456
YBL069W,YJL157C,0,-6.97436,0.1832611858844757,0.39076924324035645,0.17415384948253632
YDR110W,YPR164W,1,-6.975897,0.18443803489208221,0.39384615421295166,0.17415384948253632
YDR459C,YLL012W,0,-6.97796,0.18417266011238098,0.39384615421295166,0.17446154356002808
YGL071W,YGR281W,0,-6.9780855,0.18390804529190063,0.39384615421295166,0.17476923763751984
YFR004W,YOR305W,0,-6.9794946,0.18364419043064117,0.39384615421295166,0.1750769168138504
YMR048W,YCL061C,1,-6.9811206,0.1848137527704239,0.3969230651855469,0.1750769168138504
YEL061C,YJL035C,0,-6.9817343,0.18454936146736145,0.3969230651855469,0.17538461089134216
YJL186W,YLR426W,0,-6.982014,0.1842857152223587,0.3969230651855469,0.17569230496883392
YOL076W,YBR012W-B,0,-6.9838147,0.18402282893657684,0.3969230651855469,0.17599999904632568
YPR201W,YHR086W,0,-6.9840617,0.18376068770885468,0.3969230651855469,0.17630769312381744
YBR136W,YCL061C,1,-6.984134,0.1849217712879181,0.4000000059604645,0.17630769312381744
YBR004C,YHR020W,0,-6.984697,0.18465909361839294,0.4000000059604645,0.1766153872013092
YFR019W,YGL028C,0,-6.985464,0.1843971610069275,0.4000000059604645,0.17692308127880096
YNR027W,YPL167C,0,-6.9854646,0.18413597345352173,0.4000000059604645,0.17723077535629272
YKL020C,YNL246W,0,-6.986202,0.18387553095817566,0.4000000059604645,0.1775384545326233
YDL078C,YPL121C,0,-6.9863048,0.1836158186197281,0.4000000059604645,0.17784614861011505
YLL027W,YPR167C,0,-6.9865804,0.18335683643817902,0.4000000059604645,0.1781538426876068
YBR070C,YLR223C,0,-6.9867387,0.18309858441352844,0.4000000059604645,0.17846153676509857
YGL241W,YGR296W,0,-6.9878297,0.18284106254577637,0.4000000059604645,0.17876923084259033
YBR202W,YJL041W,0,-6.988605,0.1825842708349228,0.4000000059604645,0.1790769249200821
YNL098C,YMR050C,0,-6.989041,0.18232819437980652,0.4000000059604645,0.17938461899757385
YCR047C,YNL106C,0,-6.9898424,0.18207283318042755,0.4000000059604645,0.1796923130750656
YPL098C,YBL100W-B,0,-6.9907765,0.1818181872367859,0.4000000059604645,0.18000000715255737
YIL065C,YDL064W,0,-6.991576,0.18156424164772034,0.4000000059604645,0.18030768632888794
YBR009C,YHR004C,0,-6.992125,0.1813110113143921,0.4000000059604645,0.1806153804063797
YCL062W,YDL224C,0,-6.992256,0.18105849623680115,0.4000000059604645,0.18092307448387146
YKL046C,YDR306C,0,-6.993032,0.18080668151378632,0.4000000059604645,0.18123076856136322
YKL125W,YPL020C,0,-6.9940076,0.1805555522441864,0.4000000059604645,0.18153846263885498
YNR013C,YDR198C,0,-6.994299,0.1803051382303238,0.4000000059604645,0.18184615671634674
YJL168C,YLR212C,0,-6.996276,0.1800553947687149,0.4000000059604645,0.1821538507938385
YCR047C,YLR115W,0,-6.9983106,0.17980636656284332,0.4000000059604645,0.18246154487133026
YNL207W,YER093C,0,-6.9987836,0.17955800890922546,0.4000000059604645,0.18276922404766083
YPR135W,YMR182C,0,-6.999836,0.17931035161018372,0.4000000059604645,0.1830769181251526
YDR464W,YHR039C-A,0,-6.999874,0.1790633648633957,0.4000000059604645,0.18338461220264435
YCL012W,YOR018W,0,-6.9999714,0.17881706357002258,0.4000000059604645,0.1836923062801361
YJR046W,YNL273W,1,-7.000475,0.17994505167007446,0.4030769169330597,0.1836923062801361
YOL021C,YDR459C,0,-7.0010223,0.17969821393489838,0.4030769169330597,0.18400000035762787
YER178W,YMR067C,0,-7.001061,0.1794520616531372,0.4030769169330597,0.18430769443511963
YPR137W,YDR018C,0,-7.001181,0.17920656502246857,0.4030769169330597,0.1846153885126114
YCL061C,YDL020C,1,-7.0019464,0.1803278625011444,0.4061538577079773,0.1846153885126114
YDR069C,YPR164W,1,-7.0020385,0.1814461052417755,0.4092307686805725,0.1846153885126114
YHR094C,YMR218C,0,-7.003143,0.18119890987873077,0.4092307686805725,0.18492308259010315
YDL207W,YLR453C,0,-7.0035644,0.18095238506793976,0.4092307686805725,0.1852307766675949
YDR377W,YER160C,0,-7.0056834,0.18070651590824127,0.4092307686805725,0.18553845584392548
YPR120C,YOL006C,1,-7.006899,0.1818181872367859,0.4123076796531677,0.18553845584392548
YDL134C,YGR275W,0,-7.0086346,0.1815718114376068,0.4123076796531677,0.18584614992141724
YBR072W,YHL012W,0,-7.009825,0.18132612109184265,0.4123076796531677,0.186153843998909
YOR233W,YDL005C,0,-7.0098524,0.18108108639717102,0.4123076796531677,0.18646153807640076
YPL137C,YLR032W,0,-7.010131,0.18083670735359192,0.4123076796531677,0.18676923215389252
YMR172W,YOR243C,0,-7.012982,0.18059299886226654,0.4123076796531677,0.18707692623138428
YGL241W,YMR112C,0,-7.0142045,0.1803499311208725,0.4123076796531677,0.18738462030887604
YAL013W,YGR165W,0,-7.0142727,0.18010753393173218,0.4123076796531677,0.1876923143863678
YHL038C,YOR348C,0,-7.014302,0.1798657774925232,0.4123076796531677,0.18799999356269836
YPL137C,YBL003C,0,-7.015332,0.17962466180324554,0.4123076796531677,0.18830768764019012
YNL029C,YLR438C-A,0,-7.0162997,0.17938420176506042,0.4123076796531677,0.18861538171768188
YML075C,YML007W,0,-7.01762,0.17914438247680664,0.4123076796531677,0.18892307579517365
YDL245C,YGR274C,0,-7.017757,0.1789052039384842,0.4123076796531677,0.1892307698726654
YCR071C,YDR018C,0,-7.019247,0.17866666615009308,0.4123076796531677,0.18953846395015717
YKL017C,YER087C-A,0,-7.0199347,0.1784287542104721,0.4123076796531677,0.18984615802764893
YDL115C,YJR026W,0,-7.0202546,0.17819148302078247,0.4123076796531677,0.19015385210514069
YPL127C,YNL273W,1,-7.020828,0.17928287386894226,0.4153846204280853,0.19015385210514069
YIL038C,YGL093W,0,-7.0222144,0.17904509603977203,0.4153846204280853,0.19046153128147125
YKR027W,YML095C,0,-7.0224204,0.17880794405937195,0.4153846204280853,0.190769225358963
YPL127C,YPL015C,1,-7.0232444,0.17989417910575867,0.41846153140068054,0.190769225358963
YGR247W,YKR046C,0,-7.0250506,0.17965653538703918,0.41846153140068054,0.19107691943645477
YDL106C,YPR041W,0,-7.027324,0.17941953241825104,0.41846153140068054,0.19138461351394653
YBR193C,YAL023C,0,-7.027946,0.17918314039707184,0.41846153140068054,0.1916923075914383
YLR449W,YBR136W,1,-7.0283437,0.18026316165924072,0.42153847217559814,0.1916923075914383
YBR207W,YOR110W,0,-7.028583,0.18002627789974213,0.42153847217559814,0.19200000166893005
YCL061C,YLR003C,1,-7.029429,0.18110236525535583,0.42461538314819336,0.19200000166893005
YHR079C-A,YNL046W,0,-7.029594,0.18086500465869904,0.42461538314819336,0.19230769574642181
YDR022C,YGR101W,0,-7.030586,0.18062826991081238,0.42461538314819336,0.19261538982391357
YBR253W,YDR330W,0,-7.032143,0.18039216101169586,0.42461538314819336,0.19292308390140533
YDL155W,YDR039C,0,-7.032517,0.1801566630601883,0.42461538314819336,0.1932307630777359
YCR020C-A,YBR188C,0,-7.0330596,0.17992177605628967,0.42461538314819336,0.19353845715522766
YDR110W,YNL218W,1,-7.033655,0.1809895783662796,0.4276922941207886,0.19353845715522766
YKR052C,YGR169C,0,-7.036093,0.18075422942638397,0.4276922941207886,0.19384615123271942
YLR085C,YHR079C,0,-7.036099,0.1805194765329361,0.4276922941207886,0.19415384531021118
YNR019W,YJL210W,0,-7.036744,0.18028534948825836,0.4276922941207886,0.19446153938770294
YOR023C,YBR135W,0,-7.037643,0.18005181849002838,0.4276922941207886,0.1947692334651947
YOR028C,YLL003W,0,-7.0399623,0.17981888353824615,0.4276922941207886,0.19507692754268646
YPR120C,YPL127C,1,-7.0403366,0.18087854981422424,0.4307692348957062,0.19507692754268646
YDL160C,YHR102W,0,-7.0412645,0.1806451678276062,0.4307692348957062,0.19538462162017822
YOL076W,YHR020W,0,-7.041835,0.18041236698627472,0.4307692348957062,0.1956923007965088
YOR043W,YCL020W,0,-7.0444875,0.18018017709255219,0.4307692348957062,0.19599999487400055
YKR099W,YPR131C,0,-7.0447755,0.1799485832452774,0.4307692348957062,0.1963076889514923
YGR098C,YBL030C,0,-7.0451627,0.17971758544445038,0.4307692348957062,0.19661538302898407
YGL163C,YPL012W,0,-7.0454254,0.1794871836900711,0.4307692348957062,0.19692307710647583
YOR267C,YDR080W,0,-7.0454707,0.1792573630809784,0.4307692348957062,0.1972307711839676
YLR438C-A,YOL116W,0,-7.045943,0.17902813851833344,0.4307692348957062,0.19753846526145935
YKR022C,YPR190C,0,-7.0462527,0.17879949510097504,0.4307692348957062,0.1978461593389511
YLR309C,YCL003W,0,-7.0477977,0.1785714328289032,0.4307692348957062,0.19815385341644287
YJL092W,YJR059W,0,-7.0483294,0.17834395170211792,0.4307692348957062,0.19846153259277344
YDR243C,YGR104C,0,-7.0485845,0.1781170517206192,0.4307692348957062,0.1987692266702652
YJL060W,YMR210W,0,-7.049216,0.17789071798324585,0.4307692348957062,0.19907692074775696
YBR022W,YMR218C,0,-7.049814,0.17766498029232025,0.4307692348957062,0.19938461482524872
YBR217W,YDR227W,0,-7.050657,0.17743979394435883,0.4307692348957062,0.19969230890274048
YDR424C,YDR079C-A,0,-7.051882,0.17721518874168396,0.4307692348957062,0.20000000298023224
YER172C,YBR289W,0,-7.051968,0.17699114978313446,0.4307692348957062,0.200307697057724
YLR154C,YCL033C,0,-7.0532494,0.17676767706871033,0.4307692348957062,0.20061539113521576
YNR053C,YCL003W,0,-7.0540094,0.17654477059841156,0.4307692348957062,0.20092307031154633
YPL241C,YLR035C,0,-7.055221,0.17632241547107697,0.4307692348957062,0.20123076438903809
YPR164W,YJL047C,1,-7.0553703,0.1773584932088852,0.4338461458683014,0.20123076438903809
YJL093C,YDR115W,0,-7.056314,0.1771356761455536,0.4338461458683014,0.20153845846652985
YGL022W,YNR064C,0,-7.0564585,0.17691342532634735,0.4338461458683014,0.2018461525440216
YMR048W,YOL068C,1,-7.056466,0.1779448688030243,0.436923086643219,0.2018461525440216
YKL213C,YGR272C,0,-7.056613,0.17772215604782104,0.436923086643219,0.20215384662151337
YDR384C,YLR117C,0,-7.0576553,0.17749999463558197,0.436923086643219,0.20246154069900513
YFR055W,YGL158W,0,-7.0579047,0.17727839946746826,0.436923086643219,0.2027692347764969
YPR122W,YML076C,0,-7.0581455,0.17705735564231873,0.436923086643219,0.20307692885398865
YBR015C,YDR217C,0,-7.0585914,0.17683686316013336,0.436923086643219,0.2033846080303192
YJL031C,YLR275W,0,-7.058594,0.17661692202091217,0.436923086643219,0.20369230210781097
YHR036W,YBL014C,0,-7.059875,0.17639751732349396,0.436923086643219,0.20399999618530273
YDR342C,YMR051C,0,-7.060726,0.17617866396903992,0.436923086643219,0.2043076902627945
YPR105C,YGL240W,0,-7.062223,0.17596034705638885,0.436923086643219,0.20461538434028625
YBL017C,YIL114C,0,-7.0624504,0.17574258148670197,0.436923086643219,0.20492307841777802
YDR439W,YGL100W,0,-7.062844,0.17552533745765686,0.436923086643219,0.20523077249526978
YEL069C,YKR037C,0,-7.0638957,0.17530864477157593,0.436923086643219,0.20553846657276154
YMR207C,YKL073W,0,-7.0646825,0.17509247362613678,0.436923086643219,0.2058461606502533
YDL044C,YGR185C,0,-7.0656095,0.1748768538236618,0.436923086643219,0.20615383982658386
YKR083C,YMR238W,0,-7.066519,0.17466174066066742,0.436923086643219,0.20646153390407562
YKL201C,YIL066C,0,-7.0671563,0.1744471788406372,0.436923086643219,0.20676922798156738
YIL038C,YDL194W,0,-7.067904,0.17423312366008759,0.436923086643219,0.20707692205905914
YDR246W,YCL020W,0,-7.0679307,0.17401960492134094,0.436923086643219,0.2073846161365509
YGL168W,YPL187W,0,-7.0685225,0.17380660772323608,0.436923086643219,0.20769231021404266
YPL047W,YHR214C-B,0,-7.0718665,0.173594132065773,0.436923086643219,0.20800000429153442
YPR005C,YLR224W,0,-7.0726466,0.17338217794895172,0.436923086643219,0.20830769836902618
YNR016C,YBR284W,0,-7.0727057,0.17317073047161102,0.436923086643219,0.20861537754535675
YOL151W,YCL062W,0,-7.0730367,0.1729598045349121,0.436923086643219,0.2089230716228485
YMR048W,YOL006C,1,-7.0731606,0.1739659309387207,0.4399999976158142,0.2089230716228485
YML059C,YDL007W,0,-7.073915,0.17375455796718597,0.4399999976158142,0.20923076570034027
YJR040W,YAL010C,0,-7.073942,0.17354369163513184,0.4399999976158142,0.20953845977783203
YNL219C,YDR314C,0,-7.074742,0.1733333319425583,0.4399999976158142,0.2098461538553238
YOL010W,YKL070W,0,-7.0756726,0.17312349379062653,0.4399999976158142,0.21015384793281555
YJR090C,YMR165C,0,-7.0767255,0.17291414737701416,0.4399999976158142,0.2104615420103073
YDR479C,YLR453C,0,-7.07694,0.17270530760288239,0.4399999976158142,0.21076923608779907
YCL061C,YLL002W,1,-7.0770917,0.17370325326919556,0.4430769085884094,0.21076923608779907
YER166W,YBR182C,0,-7.0772743,0.17349398136138916,0.4430769085884094,0.21107693016529083
YHR082C,YDR246W,0,-7.077603,0.17328520119190216,0.4430769085884094,0.2113846093416214
YML112W,YJL030W,0,-7.0804963,0.17307692766189575,0.4430769085884094,0.21169230341911316
YMR113W,YIL042C,0,-7.0807557,0.17286914587020874,0.4430769085884094,0.21199999749660492
YEL050C,YDL118W,0,-7.0817637,0.17266187071800232,0.4430769085884094,0.21230769157409668
YPR201W,YNL093W,0,-7.082012,0.1724550873041153,0.4430769085884094,0.21261538565158844
YDL108W,YMR036C,0,-7.0820208,0.17224881052970886,0.4430769085884094,0.2129230797290802
YFL055W,YHR020W,0,-7.0834937,0.17204301059246063,0.4430769085884094,0.21323077380657196
YDL159W,YGL243W,0,-7.0843225,0.1718377023935318,0.4430769085884094,0.21353846788406372
YBL046W,YER162C,0,-7.084499,0.17163290083408356,0.4430769085884094,0.2138461470603943
YKL206C,YBR200W,0,-7.0847507,0.17142857611179352,0.4430769085884094,0.21415384113788605
YLR383W,YGR094W,0,-7.085462,0.17122472822666168,0.4430769085884094,0.2144615352153778
YKL017C,YKL125W,0,-7.0855556,0.17102137207984924,0.4430769085884094,0.21476922929286957
YDL245C,YBL052C,0,-7.085686,0.1708185076713562,0.4430769085884094,0.21507692337036133
YML036W,YGR197C,0,-7.0857925,0.17061612010002136,0.4430769085884094,0.2153846174478531
YGL087C,YOR201C,0,-7.0866003,0.17041419446468353,0.4430769085884094,0.21569231152534485
YKL092C,YML071C,0,-7.0867743,0.1702127605676651,0.4430769085884094,0.2160000056028366
YHR077C,YGR020C,0,-7.086928,0.17001180350780487,0.4430769085884094,0.21630769968032837
YDR150W,YJL127C,0,-7.088993,0.16981132328510284,0.4430769085884094,0.21661537885665894
YLR043C,YJR141W,0,-7.0905323,0.16961130499839783,0.4430769085884094,0.2169230729341507
YGL021W,YGR170W,0,-7.090801,0.169411763548851,0.4430769085884094,0.21723076701164246
YNL177C,YOR069W,0,-7.091864,0.1692126840353012,0.4430769085884094,0.21753846108913422
YMR227C,YLR136C,0,-7.0932193,0.1690140813589096,0.4430769085884094,0.21784615516662598
YMR136W,YCL062W,0,-7.0947547,0.16881594061851501,0.4430769085884094,0.21815384924411774
YKL120W,YML007W,0,-7.0948586,0.16861826181411743,0.4430769085884094,0.2184615433216095
YDL020C,YLR234W,1,-7.0949903,0.16959063708782196,0.446153849363327,0.2184615433216095
YDL056W,YIL042C,0,-7.09536,0.16939252614974976,0.446153849363327,0.21876923739910126
YBR243C,YLR092W,0,-7.096951,0.16919486224651337,0.446153849363327,0.21907691657543182
YER052C,YNL209W,0,-7.0978484,0.16899767518043518,0.446153849363327,0.21938461065292358
YDR422C,YFL018W-A,0,-7.0988517,0.1688009351491928,0.446153849363327,0.21969230473041534
YMR163C,YOR294W,0,-7.0999513,0.16860465705394745,0.446153849363327,0.2199999988079071
YLR324W,YLR383W,0,-7.100558,0.1684088259935379,0.446153849363327,0.22030769288539886
YML126C,YLR324W,0,-7.102225,0.16821345686912537,0.446153849363327,0.22061538696289062
YBR202W,YNL054W,0,-7.1022515,0.16801853477954865,0.446153849363327,0.22092308104038239
YHR120W,YHR139C,0,-7.1027107,0.16782407462596893,0.446153849363327,0.22123077511787415
YFL024C,YGR171C,0,-7.1033416,0.16763006150722504,0.446153849363327,0.2215384542942047
YEL032W,YIL031W,0,-7.104568,0.16743649542331696,0.446153849363327,0.22184614837169647
YBR136W,YJR046W,1,-7.1065965,0.16839677095413208,0.44923076033592224,0.22184614837169647
YBL085W,YLR212C,0,-7.1067305,0.16820275783538818,0.44923076033592224,0.22215384244918823
YPL275W,YBR043C,0,-7.106981,0.1680092066526413,0.44923076033592224,0.22246153652668
YKL190W,YDR039C,0,-7.1072197,0.16781608760356903,0.44923076033592224,0.22276923060417175
YDL149W,YMR208W,0,-7.1073184,0.16762341558933258,0.44923076033592224,0.2230769246816635
YCR012W,YGR296W,0,-7.107883,0.16743119060993195,0.44923076033592224,0.22338461875915527
YIL049W,YBR043C,0,-7.108373,0.16723939776420593,0.44923076033592224,0.22369231283664703
YML071C,YBR086C,0,-7.1084275,0.16704805195331573,0.44923076033592224,0.2240000069141388
YIL026C,YDR235W,0,-7.108619,0.16685713827610016,0.44923076033592224,0.22430768609046936
YMR025W,YBR193C,0,-7.1109014,0.1666666716337204,0.44923076033592224,0.22461538016796112
YOL017W,YDR235W,0,-7.110911,0.16647662222385406,0.44923076033592224,0.22492307424545288
YDL005C,YNR064C,0,-7.1126814,0.16628701984882355,0.44923076033592224,0.22523076832294464
YDL164C,YCR018C,0,-7.1126947,0.16609783470630646,0.44923076033592224,0.2255384624004364
YBR188C,YEL057C,0,-7.114204,0.16590909659862518,0.44923076033592224,0.22584615647792816
YDL213C,YBR173C,0,-7.1142926,0.16572077572345734,0.44923076033592224,0.22615385055541992
YDR080W,YPR078C,0,-7.1149044,0.1655328869819641,0.44923076033592224,0.22646154463291168
YDR030C,YML034W,0,-7.115219,0.16534541547298431,0.44923076033592224,0.22676922380924225
YGR005C,YER123W,0,-7.115726,0.16515837609767914,0.44923076033592224,0.227076917886734
YNL297C,YBR095C,0,-7.115767,0.1649717539548874,0.44923076033592224,0.22738461196422577
YMR065W,YHR118C,0,-7.1163373,0.16478554904460907,0.44923076033592224,0.22769230604171753
YMR219W,YGR028W,0,-7.116964,0.16459977626800537,0.44923076033592224,0.2280000001192093
YCR024C-A,YOL072W,0,-7.1169972,0.1644144207239151,0.44923076033592224,0.22830769419670105
YMR048W,YPL127C,1,-7.1170564,0.16535432636737823,0.45230770111083984,0.22830769419670105
YJL042W,YLR382C,0,-7.1175046,0.16516853868961334,0.45230770111083984,0.2286153882741928
YPL130W,YJL113W,0,-7.118181,0.16498316824436188,0.45230770111083984,0.22892308235168457
YCL001W,YDR175C,0,-7.1197524,0.16479820013046265,0.45230770111083984,0.22923077642917633
YHL034C,YLR354C,0,-7.120069,0.16461366415023804,0.45230770111083984,0.2295384556055069
YOR147W,YGL207W,0,-7.1208196,0.16442953050136566,0.45230770111083984,0.22984614968299866
YJR001W,YMR070W,0,-7.1215053,0.1642458140850067,0.45230770111083984,0.23015384376049042
YFR046C,YNL054W,0,-7.122417,0.1640625,0.45230770111083984,0.23046153783798218
YNL172W,YLR316C,0,-7.123195,0.1638796031475067,0.45230770111083984,0.23076923191547394
YKL138C-A,YGR289C,0,-7.1234474,0.16369710862636566,0.45230770111083984,0.2310769259929657
YKR027W,YPL041C,0,-7.1237803,0.16351501643657684,0.45230770111083984,0.23138462007045746
YBL069W,YGL090W,0,-7.1238656,0.16333332657814026,0.45230770111083984,0.23169231414794922
YNL218W,YLL002W,1,-7.1245036,0.16426193714141846,0.45538461208343506,0.23169231414794922
YDL020C,YER104W,1,-7.1245418,0.1651884764432907,0.45846155285835266,0.23169231414794922
YLR390W-A,YOR027W,0,-7.1247964,0.16500553488731384,0.45846155285835266,0.23199999332427979
YGL086W,YFR048W,0,-7.124846,0.1648230105638504,0.45846155285835266,0.23230768740177155
YDR052C,YLR165C,0,-7.1252356,0.1646408885717392,0.45846155285835266,0.2326153814792633
YER104W,YLR003C,1,-7.1252413,0.16556291282176971,0.4615384638309479,0.2326153814792633
YBR004C,YHR069C,0,-7.1254234,0.16538037359714508,0.4615384638309479,0.23292307555675507
YOL078W,YBR041W,0,-7.1255164,0.16519823670387268,0.4615384638309479,0.23323076963424683
YBR153W,YGR275W,0,-7.1261277,0.16501650214195251,0.4615384638309479,0.2335384637117386
YDR130C,YGL063W,0,-7.1261616,0.16483516991138458,0.4615384638309479,0.23384615778923035
YNL318C,YNL097C,0,-7.126812,0.1646542251110077,0.4615384638309479,0.2341538518667221
YBR136W,YLR003C,1,-7.1268992,0.16557016968727112,0.4646153748035431,0.2341538518667221
YGL119W,YDL190C,0,-7.1283345,0.165388822555542,0.4646153748035431,0.23446153104305267
YCR058C,YDR082W,0,-7.129467,0.1652078777551651,0.4646153748035431,0.23476922512054443
YPL161C,YER112W,0,-7.1298504,0.16502732038497925,0.4646153748035431,0.2350769191980362
YBR182C,YOR075W,0,-7.129933,0.16484716534614563,0.4646153748035431,0.23538461327552795
YLR080W,YGR122W,0,-7.129993,0.16466739773750305,0.4646153748035431,0.23569230735301971
YNL218W,YLR003C,1,-7.130565,0.16557733714580536,0.4676923155784607,0.23569230735301971
YDL022W,YJL114W,0,-7.1314654,0.16539716720581055,0.4676923155784607,0.23600000143051147
YNL004W,YLR363C,0,-7.131663,0.16521738469600677,0.4676923155784607,0.23630769550800323
YNL172W,YNR011C,0,-7.1331754,0.16503800451755524,0.4676923155784607,0.236615389585495
YBL088C,YDR484W,0,-7.1365128,0.16485899686813354,0.4676923155784607,0.23692308366298676
YOR335C,YMR287C,0,-7.1370635,0.1646803915500641,0.4676923155784607,0.23723076283931732
YNL218W,YPR164W,1,-7.1378565,0.16558441519737244,0.4707692265510559,0.23723076283931732
YEL071W,YLL013C,0,-7.138482,0.16540540754795074,0.4707692265510559,0.23753845691680908
YDR255C,YOR110W,0,-7.138881,0.1652267873287201,0.4707692265510559,0.23784615099430084
YIL065C,YKR089C,0,-7.1389136,0.1650485396385193,0.4707692265510559,0.2381538450717926
YIR025W,YKL014C,0,-7.1390815,0.16487069427967072,0.4707692265510559,0.23846153914928436
YNR074C,YEL013W,0,-7.1396227,0.164693221449852,0.4707692265510559,0.23876923322677612
YPR120C,YER104W,1,-7.140009,0.16559140384197235,0.4738461673259735,0.23876923322677612
YER107C,YDR097C,0,-7.140865,0.1654135286808014,0.4738461673259735,0.23907692730426788
YOL135C,YMR218C,0,-7.141001,0.16523605585098267,0.4738461673259735,0.23938462138175964
YBL024W,YLR363C,0,-7.141006,0.1650589555501938,0.4738461673259735,0.2396923005580902
YPR120C,YPL015C,1,-7.1414533,0.1659528911113739,0.4769230782985687,0.2396923005580902
YNL102W,YPR133C,0,-7.143125,0.16577540338039398,0.4769230782985687,0.23999999463558197
YGR109C,YNL218W,1,-7.143597,0.1666666716337204,0.47999998927116394,0.23999999463558197
YPL213W,YOL042W,0,-7.1438146,0.16648879647254944,0.47999998927116394,0.24030768871307373
YNL298W,YGL254W,0,-7.144916,0.16631129384040833,0.47999998927116394,0.2406153827905655
YOR328W,YDL092W,0,-7.145902,0.16613417863845825,0.47999998927116394,0.24092307686805725
YDL033C,YMR039C,0,-7.1460633,0.16595745086669922,0.47999998927116394,0.241230770945549
YDR270W,YPR141C,0,-7.147303,0.16578108072280884,0.47999998927116394,0.24153846502304077
YDR052C,YKL119C,0,-7.1475787,0.1656050980091095,0.47999998927116394,0.24184615910053253
YGL014W,YLR452C,0,-7.1476274,0.16542948782444,0.47999998927116394,0.2421538531780243
YAL047C,YML038C,0,-7.147657,0.16525423526763916,0.47999998927116394,0.24246153235435486
YLR190W,YMR234W,0,-7.1482763,0.16507937014102936,0.47999998927116394,0.24276922643184662
YLR309C,YLR383W,0,-7.149201,0.1649048626422882,0.47999998927116394,0.24307692050933838
YKL022C,YDR322C-A,0,-7.149426,0.1647307276725769,0.47999998927116394,0.24338461458683014
YFL060C,YML064C,0,-7.1500397,0.16455696523189545,0.47999998927116394,0.2436923086643219
YGL119W,YMR312W,0,-7.151299,0.16438356041908264,0.47999998927116394,0.24400000274181366
YPL267W,YML007W,0,-7.151723,0.16421052813529968,0.47999998927116394,0.24430769681930542
YIL019W,YDL033C,0,-7.151918,0.16403785347938538,0.47999998927116394,0.24461539089679718
YDR054C,YLR284C,0,-7.152063,0.16386555135250092,0.47999998927116394,0.24492307007312775
YER104W,YNL206C,1,-7.1520762,0.16474291682243347,0.48307693004608154,0.24492307007312775
YPL036W,YBR123C,0,-7.152084,0.16457022726535797,0.48307693004608154,0.2452307641506195
YDL231C,YLR410W,0,-7.152433,0.16439791023731232,0.48307693004608154,0.24553845822811127
YDR069C,YLL002W,1,-7.1525197,0.16527196764945984,0.48615384101867676,0.24553845822811127
YNL218W,YLR234W,1,-7.15253,0.1661442071199417,0.48923078179359436,0.24553845822811127
YAL001C,YLR396C,0,-7.1527405,0.16597077250480652,0.48923078179359436,0.24584615230560303
YKL059C,YAL068C,0,-7.153704,0.16579771041870117,0.48923078179359436,0.2461538463830948
YOR049C,YDR143C,0,-7.1542172,0.16562500596046448,0.48923078179359436,0.24646154046058655
YBL097W,YNL099C,0,-7.1553807,0.16545265913009644,0.48923078179359436,0.2467692345380783
YDR224C,YER074W-A,0,-7.155812,0.16528066992759705,0.48923078179359436,0.24707692861557007
YJL013C,YJL056C,0,-7.156072,0.1651090383529663,0.48923078179359436,0.24738462269306183
YOL068C,YPL015C,1,-7.1560826,0.16597510874271393,0.4923076927661896,0.24738462269306183
YFR037C,YJL098W,0,-7.1565566,0.16580310463905334,0.4923076927661896,0.2476923018693924
YNL041C,YLR459W,0,-7.1573505,0.1656314730644226,0.4923076927661896,0.24799999594688416
YPL127C,YBR136W,1,-7.1576257,0.16649430990219116,0.4953846037387848,0.24799999594688416
YOR288C,YML059C,0,-7.158068,0.16632232069969177,0.4953846037387848,0.24830769002437592
YGR120C,YLR052W,0,-7.158069,0.16615067422389984,0.4953846037387848,0.24861538410186768
YJR052W,YBR294W,0,-7.1581826,0.16597938537597656,0.4953846037387848,0.24892307817935944
YHR129C,YLR452C,0,-7.158341,0.16580843925476074,0.4953846037387848,0.2492307722568512
YDL164C,YEL030W,0,-7.1583457,0.16563786566257477,0.4953846037387848,0.24953846633434296
YHR007C,YNR072W,0,-7.1586175,0.16546761989593506,0.4953846037387848,0.24984616041183472
YBR243C,YLR256W,0,-7.1595197,0.1652977466583252,0.4953846037387848,0.2501538395881653
YMR168C,YDR392W,0,-7.1599135,0.1651282012462616,0.4953846037387848,0.25046154856681824
YLR397C,YAL020C,0,-7.159949,0.16495901346206665,0.4953846037387848,0.2507692277431488
YGR109C,YDR069C,1,-7.159966,0.16581371426582336,0.4984615445137024,0.2507692277431488
YER116C,YBL005W-B,0,-7.1600637,0.16564416885375977,0.4984615445137024,0.25107693672180176
YKR099W,YPL178W,0,-7.1632123,0.16547498106956482,0.4984615445137024,0.2513846158981323
YMR037C,YMR045C,0,-7.1658,0.16530612111091614,0.4984615445137024,0.2516922950744629
YNL085W,YPL124W,0,-7.167003,0.1651376187801361,0.4984615445137024,0.25200000405311584
YHR143W-A,YBR293W,0,-7.168838,0.16496944427490234,0.4984615445137024,0.2523076832294464
YGL222C,YOR243C,0,-7.168901,0.16480162739753723,0.4984615445137024,0.25261539220809937
YLR131C,YNL188W,0,-7.1690803,0.16463415324687958,0.4984615445137024,0.25292307138442993
YGR216C,YNL197C,0,-7.169128,0.1644670069217682,0.4984615445137024,0.2532307803630829
YDR110W,YJR046W,1,-7.1697564,0.16531440615653992,0.5015384554862976,0.2532307803630829
YOR326W,YDR293C,0,-7.170205,0.16514691710472107,0.5015384554862976,0.25353845953941345
YBR136W,YNL206C,1,-7.1709533,0.1659919023513794,0.5046153664588928,0.25353845953941345
YDR023W,YFL038C,0,-7.1715407,0.1658240705728531,0.5046153664588928,0.2538461685180664
YLL002W,YLR234W,1,-7.17164,0.1666666716337204,0.5076923370361328,0.2538461685180664
YOL010W,YDR238C,0,-7.1719804,0.16649848222732544,0.5076923370361328,0.254153847694397
YLR085C,YHR111W,0,-7.1721473,0.16633065044879913,0.5076923370361328,0.25446152687072754
YMR048W,YHR154W,1,-7.1731863,0.1671701967716217,0.510769248008728,0.25446152687072754
YDR436W,YFL058W,0,-7.1733456,0.16700200736522675,0.510769248008728,0.2547692358493805
YMR264W,YOL104C,0,-7.1734085,0.16683417558670044,0.510769248008728,0.25507691502571106
YHR154W,YLL002W,1,-7.1734633,0.16767068207263947,0.5138461589813232,0.25507691502571106
YGL251C,YPR178W,0,-7.173879,0.1675025075674057,0.5138461589813232,0.255384624004364
YOR185C,YEL057C,0,-7.174023,0.1673346757888794,0.5138461589813232,0.2556923031806946
YMR112C,YBR057C,0,-7.1743245,0.16716717183589935,0.5138461589813232,0.25600001215934753
YKR097W,YPL007C,0,-7.1744676,0.16699999570846558,0.5138461589813232,0.2563076913356781
YJL047C,YHR154W,1,-7.1744833,0.1678321659564972,0.5169230699539185,0.2563076913356781
YOL067C,YER100W,0,-7.1756444,0.16766467690467834,0.5169230699539185,0.25661537051200867
YNL275W,YBR276C,0,-7.1762185,0.16749750077724457,0.5169230699539185,0.2569230794906616
YBR171W,YER151C,0,-7.1767893,0.16733068227767944,0.5169230699539185,0.2572307586669922
YPR171W,YIL143C,0,-7.178951,0.1671641767024994,0.5169230699539185,0.25753846764564514
YMR135C,YIR006C,0,-7.179443,0.1669980138540268,0.5169230699539185,0.2578461468219757
YKL134C,YDR443C,0,-7.180315,0.16683217883110046,0.5169230699539185,0.25815385580062866
YLR234W,YLR003C,1,-7.1805577,0.167658731341362,0.5199999809265137,0.25815385580062866
YMR113W,YGL211W,0,-7.1807413,0.1674925684928894,0.5199999809265137,0.25846153497695923
YPL015C,YJR046W,1,-7.180835,0.1683168262243271,0.5230769515037537,0.25846153497695923
YDL020C,YHR154W,1,-7.1811166,0.16913945972919464,0.5261538624763489,0.25846153497695923
YHL002W,YPR141C,0,-7.1813984,0.16897232830524445,0.5261538624763489,0.2587692439556122
YMR056C,YKL070W,0,-7.1820683,0.16880552470684052,0.5261538624763489,0.25907692313194275
YDR113C,YGL243W,0,-7.183887,0.16863904893398285,0.5261538624763489,0.2593846023082733
YBR021W,YOL135C,0,-7.1849265,0.16847290098667145,0.5261538624763489,0.25969231128692627
YOR058C,YGR104C,0,-7.1851153,0.1683070808649063,0.5261538624763489,0.25999999046325684
YBR136W,YLL002W,1,-7.1871824,0.16912487149238586,0.5292307734489441,0.25999999046325684
YPL193W,YGR152C,0,-7.1873913,0.16895873844623566,0.5292307734489441,0.2603076994419098
YGR109C,YNL273W,1,-7.189897,0.16977429389953613,0.5323076844215393,0.2603076994419098
YDL155W,YFL059W,0,-7.190564,0.16960784792900085,0.5323076844215393,0.26061537861824036
YNL325C,YBR061C,0,-7.1908526,0.16944172978401184,0.5323076844215393,0.2609230875968933
YCR088W,YNL247W,0,-7.1909356,0.1692759245634079,0.5323076844215393,0.2612307667732239
YDL231C,YPR168W,0,-7.190952,0.1691104620695114,0.5323076844215393,0.26153847575187683
YLR047C,YLR376C,0,-7.192371,0.1689453125,0.5323076844215393,0.2618461549282074
YOR007C,YMR210W,0,-7.19276,0.16878049075603485,0.5323076844215393,0.26215383410453796
YPR144C,YBR165W,0,-7.1934624,0.16861598193645477,0.5323076844215393,0.2624615430831909
YIR023W,YGL104C,0,-7.194323,0.16845180094242096,0.5323076844215393,0.2627692222595215
YGL094C,YPR056W,0,-7.1943445,0.16828793287277222,0.5323076844215393,0.26307693123817444
YDL035C,YDR487C,0,-7.1944423,0.16812439262866974,0.5323076844215393,0.263384610414505
YOL026C,YNL138W,0,-7.1944566,0.16796116530895233,0.5323076844215393,0.26369231939315796
YBR247C,YMR101C,0,-7.1946516,0.16779825091362,0.5323076844215393,0.2639999985694885
YMR198W,YHR082C,0,-7.195734,0.16763566434383392,0.5323076844215393,0.2643076777458191
YHR205W,YDR334W,0,-7.1961803,0.16747337579727173,0.5323076844215393,0.26461538672447205
YKL073W,YJR120W,0,-7.197597,0.1673114150762558,0.5323076844215393,0.2649230659008026
YNL256W,YCL001W,0,-7.197991,0.16714975237846375,0.5323076844215393,0.26523077487945557
YJR046W,YOL006C,1,-7.198152,0.16795367002487183,0.5353845953941345,0.26523077487945557
YAR018C,YLR092W,0,-7.198608,0.1677917093038559,0.5353845953941345,0.26553845405578613
YGR191W,YGL257C,0,-7.199055,0.16763006150722504,0.5353845953941345,0.2658461630344391
YMR246W,YLR371W,0,-7.200267,0.16746872663497925,0.5353845953941345,0.26615384221076965
YLR155C,YBL017C,0,-7.200934,0.16730768978595734,0.5353845953941345,0.2664615511894226
YDR473C,YBR198C,0,-7.201284,0.1671469807624817,0.5353845953941345,0.2667692303657532
YGL144C,YEL020W-A,0,-7.2013593,0.16698656976222992,0.5353845953941345,0.26707690954208374
YAL013W,YGR121C,0,-7.2019224,0.16682645678520203,0.5353845953941345,0.2673846185207367
YPL015C,YLL002W,1,-7.2025285,0.16762451827526093,0.5384615659713745,0.2673846185207367
YLR114C,YBR173C,0,-7.202623,0.16746412217617035,0.5384615659713745,0.26769229769706726
YGL086W,YML046W,0,-7.2037606,0.16730400919914246,0.5384615659713745,0.2680000066757202
YDR283C,YHL003C,0,-7.204617,0.16714422404766083,0.5384615659713745,0.2683076858520508
YBR136W,YNL218W,1,-7.204659,0.1679389327764511,0.5415384769439697,0.2683076858520508
YFL050C,YDR443C,0,-7.205609,0.1677788347005844,0.5415384769439697,0.26861539483070374
YGR109C,YJR046W,1,-7.20684,0.16857142746448517,0.5446153879165649,0.26861539483070374
YGR036C,YPL089C,0,-7.207545,0.1684110313653946,0.5446153879165649,0.2689230740070343
YNR043W,YDR126W,0,-7.207729,0.1682509481906891,0.5446153879165649,0.26923078298568726
YHL031C,YJL186W,0,-7.208017,0.16809116303920746,0.5446153879165649,0.2695384621620178
YNL332W,YKR050W,0,-7.208452,0.1679316908121109,0.5446153879165649,0.2698461413383484
YMR097C,YOR018W,0,-7.2091427,0.16777251660823822,0.5446153879165649,0.27015385031700134
YPR009W,YJL004C,0,-7.209864,0.16761364042758942,0.5446153879165649,0.2704615294933319
YPL049C,YOR388C,0,-7.2121234,0.1674550622701645,0.5446153879165649,0.27076923847198486
YDR362C,YPR121W,0,-7.212684,0.16729678213596344,0.5446153879165649,0.27107691764831543
YNL291C,YBL100W-A,0,-7.212792,0.16713881492614746,0.5446153879165649,0.2713846266269684
YJL192C,YCR018C,0,-7.213476,0.16698113083839417,0.5446153879165649,0.27169230580329895
YDR141C,YNL046W,0,-7.2139463,0.16682374477386475,0.5446153879165649,0.2720000147819519
YGR112W,YKR062W,0,-7.2145314,0.1666666716337204,0.5446153879165649,0.27230769395828247
YGL094C,YHR050W,0,-7.214663,0.16650988161563873,0.5446153879165649,0.27261537313461304
YMR042W,YNL123W,0,-7.2149367,0.16635338962078094,0.5446153879165649,0.272923082113266
YOR174W,YIR009W,0,-7.215792,0.16619718074798584,0.5446153879165649,0.27323076128959656
YPR199C,YGL051W,0,-7.219115,0.1660412698984146,0.5446153879165649,0.2735384702682495
YDR069C,YER104W,1,-7.221082,0.1668228656053543,0.5476922988891602,0.2735384702682495
YBL074C,YMR293C,0,-7.221498,0.1666666716337204,0.5476922988891602,0.2738461494445801
YNL102W,YLR130C,0,-7.2231345,0.16651076078414917,0.5476922988891602,0.27415385842323303
YNR058W,YJR068W,0,-7.224397,0.16635513305664062,0.5476922988891602,0.2744615375995636
YAL026C,YLR154C,0,-7.2249074,0.16619981825351715,0.5476922988891602,0.27476921677589417
YDR252W,YMR182C,0,-7.225024,0.16604477167129517,0.5476922988891602,0.2750769257545471
YPL085W,YFL058W,0,-7.225266,0.16589002311229706,0.5476922988891602,0.2753846049308777
YGR134W,YGL001C,0,-7.225303,0.16573557257652283,0.5476922988891602,0.27569231390953064
YGR145W,YPR054W,0,-7.2258945,0.16558139026165009,0.5476922988891602,0.2759999930858612
YER143W,YOL042W,0,-7.2260156,0.16542750597000122,0.5476922988891602,0.27630770206451416
YPR185W,YMR016C,0,-7.2263064,0.16527390480041504,0.5476922988891602,0.2766153812408447
YPL127C,YPR164W,1,-7.2275667,0.16604824364185333,0.5507692098617554,0.2766153812408447
YPL075W,YER053C,0,-7.2275844,0.16589434444904327,0.5507692098617554,0.2769230902194977
YCR073C,YAL001C,0,-7.228373,0.1657407432794571,0.5507692098617554,0.27723076939582825
YBR017C,YDR240C,0,-7.2295194,0.1655874252319336,0.5507692098617554,0.2775384485721588
YPL133C,YMR061W,0,-7.229537,0.16543437540531158,0.5507692098617554,0.27784615755081177
YDR045C,YPL276W,0,-7.2300057,0.16528162360191345,0.5507692098617554,0.27815383672714233
YJL143W,YLR126C,0,-7.2307124,0.165129154920578,0.5507692098617554,0.2784615457057953
YKL149C,YIR021W,0,-7.231211,0.16497695446014404,0.5507692098617554,0.27876922488212585
YOR298W,YDR464W,0,-7.233293,0.16482505202293396,0.5507692098617554,0.2790769338607788
YLR330W,YLR107W,0,-7.234999,0.16467341780662537,0.5507692098617554,0.2793846130371094
YMR199W,YLR320W,0,-7.2352395,0.16452205181121826,0.5507692098617554,0.27969232201576233
YKL125W,YMR059W,0,-7.235921,0.16437098383903503,0.5507692098617554,0.2800000011920929
YPL069C,YKL015W,0,-7.236118,0.1642201840877533,0.5507692098617554,0.28030768036842346
YPR135W,YLR301W,0,-7.236394,0.16406966745853424,0.5507692098617554,0.2806153893470764
YGL130W,YEL057C,0,-7.236735,0.16391941905021667,0.5507692098617554,0.280923068523407
YGR030C,YJR120W,0,-7.2382894,0.1637694388628006,0.5507692098617554,0.28123077750205994
YKL028W,YPR139C,0,-7.2389474,0.1636197417974472,0.5507692098617554,0.2815384566783905
YGR109C,YDR110W,1,-7.2396274,0.16438356041908264,0.5538461804389954,0.2815384566783905
YNL218W,YCL061C,1,-7.2400923,0.16514597833156586,0.5569230914115906,0.2815384566783905
YNL091W,YMR067C,0,-7.240922,0.1649954468011856,0.5569230914115906,0.28184616565704346
YLR145W,YPL214C,0,-7.2419634,0.16484516859054565,0.5569230914115906,0.282153844833374
YJR055W,YBL041W,0,-7.243136,0.16469517350196838,0.5569230914115906,0.2824615240097046
YOL068C,YNL218W,1,-7.243297,0.16545455157756805,0.5600000023841858,0.2824615240097046
YHR102W,YJR132W,0,-7.24373,0.1653042733669281,0.5600000023841858,0.28276923298835754
YNL159C,YDR404C,0,-7.243749,0.16515426337718964,0.5600000023841858,0.2830769121646881
YHL038C,YGR220C,0,-7.2440906,0.16500453650951385,0.5600000023841858,0.28338462114334106
YEL015W,YEL017C-A,0,-7.2445817,0.16485507786273956,0.5600000023841858,0.28369230031967163
YER061C,YDR419W,0,-7.244801,0.16470588743686676,0.5600000023841858,0.2840000092983246
YJL138C,YNL079C,0,-7.245355,0.16455696523189545,0.5600000023841858,0.28430768847465515
YCL024W,YER087C-A,0,-7.2457137,0.16440831124782562,0.5600000023841858,0.2846153974533081
YPR105C,YER147C,0,-7.2475104,0.1642599254846573,0.5600000023841858,0.28492307662963867
YDR069C,YLR234W,1,-7.2477965,0.16501352190971375,0.563076913356781,0.28492307662963867
YPL145C,YER094C,0,-7.2479916,0.16486486792564392,0.563076913356781,0.28523075580596924
YMR036C,YJR004C,0,-7.248363,0.1647164672613144,0.563076913356781,0.2855384647846222
YGR007W,YHR066W,0,-7.248609,0.16456834971904755,0.563076913356781,0.28584614396095276
YDL051W,YDR004W,0,-7.2489457,0.164420485496521,0.563076913356781,0.2861538529396057
YGR257C,YKL125W,0,-7.24922,0.16427288949489594,0.563076913356781,0.2864615321159363
YMR058W,YLR134W,0,-7.249796,0.16412556171417236,0.563076913356781,0.28676924109458923
YLR228C,YDR489W,0,-7.250837,0.1639784872531891,0.563076913356781,0.2870769202709198
YDL102W,YML052W,0,-7.251267,0.1638316959142685,0.563076913356781,0.28738462924957275
YPL121C,YBR294W,0,-7.2516303,0.1636851578950882,0.563076913356781,0.2876923084259033
YJL170C,YJL164C,0,-7.2518816,0.1635388731956482,0.563076913356781,0.2879999876022339
YGL033W,YKR087C,0,-7.2523255,0.16339285671710968,0.563076913356781,0.28830769658088684
YKR027W,YML076C,0,-7.253062,0.16324709355831146,0.563076913356781,0.2886153757572174
YPL028W,YOR338W,0,-7.255001,0.16310159862041473,0.563076913356781,0.28892308473587036
YMR313C,YPL063W,0,-7.2554007,0.1629563719034195,0.563076913356781,0.2892307639122009
YLR067C,YDR281C,0,-7.2564297,0.16281138360500336,0.563076913356781,0.2895384728908539
YLR189C,YDL207W,0,-7.257115,0.1626666635274887,0.563076913356781,0.28984615206718445
YGR238C,YLR398C,0,-7.2572255,0.16252219676971436,0.563076913356781,0.2901538610458374
YLR216C,YOR308C,0,-7.2572923,0.1623779982328415,0.563076913356781,0.29046154022216797
YDR110W,YER104W,1,-7.257547,0.1631205677986145,0.5661538243293762,0.29046154022216797
YOL123W,YKR014C,0,-7.257704,0.16297608613967896,0.5661538243293762,0.29076921939849854
YBR041W,YGL044C,0,-7.25794,0.1628318578004837,0.5661538243293762,0.2910769283771515
YLR347C,YDR416W,0,-7.257981,0.16268788278102875,0.5661538243293762,0.29138460755348206
YDL030W,YLR301W,0,-7.258391,0.16254417598247528,0.5661538243293762,0.291692316532135
YGR108W,YMR023C,0,-7.2584825,0.16240070760250092,0.5661538243293762,0.2919999957084656
YPL040C,YIL105C,0,-7.259656,0.16225749254226685,0.5661538243293762,0.29230770468711853
YOR032C,YGR156W,0,-7.260562,0.16211453080177307,0.5661538243293762,0.2926153838634491
YPR164W,YER104W,1,-7.2626405,0.16285210847854614,0.5692307949066162,0.2926153838634491
YKL108W,YDR532C,0,-7.262925,0.16270887851715088,0.5692307949066162,0.29292306303977966
YML046W,YGL113W,0,-7.262972,0.1625659018754959,0.5692307949066162,0.2932307720184326
YKR082W,YOR265W,0,-7.2636247,0.16242317855358124,0.5692307949066162,0.2935384511947632
YMR048W,YDR110W,1,-7.263859,0.1631578952074051,0.5723077058792114,0.2935384511947632
YPR164W,YDL020C,1,-7.26392,0.16389133036136627,0.5753846168518066,0.2935384511947632
YGR109C,YER104W,1,-7.264636,0.1646234691143036,0.5784615278244019,0.2935384511947632
YOR156C,YPR133C,0,-7.264999,0.16447943449020386,0.5784615278244019,0.29384616017341614
YIR023W,YBR015C,0,-7.2657456,0.16433566808700562,0.5784615278244019,0.2941538393497467
YHR055C,YPL057C,0,-7.2674336,0.16419214010238647,0.5784615278244019,0.29446154832839966
YJL201W,YPL046C,0,-7.269645,0.16404886543750763,0.5784615278244019,0.2947692275047302
YML094W,YJL156C,0,-7.2723603,0.16390584409236908,0.5784615278244019,0.2950769364833832
YGL119W,YDR385W,0,-7.272879,0.16376306116580963,0.5784615278244019,0.29538461565971375
YHL019C,YOR047C,0,-7.273086,0.16362054646015167,0.5784615278244019,0.2956922948360443
YEL003W,YKR031C,0,-7.273331,0.16347825527191162,0.5784615278244019,0.29600000381469727
YPR201W,YDR469W,0,-7.2737174,0.16333623230457306,0.5784615278244019,0.29630768299102783
YMR083W,YMR087W,0,-7.274341,0.1631944477558136,0.5784615278244019,0.2966153919696808
YDL052C,YGR241C,0,-7.2744536,0.16305290162563324,0.5784615278244019,0.29692307114601135
YPL267W,YOR150W,0,-7.2746997,0.16291160881519318,0.5784615278244019,0.2972307801246643
YOR011W,YJL187C,0,-7.2747893,0.1627705693244934,0.5784615278244019,0.2975384593009949
YNR058W,YCR028C-A,0,-7.274927,0.16262975335121155,0.5784615278244019,0.2978461682796478
YHL047C,YGR120C,0,-7.2753534,0.16248919069766998,0.5784615278244019,0.2981538474559784
YNL001W,YFL049W,0,-7.275533,0.1623488813638687,0.5784615278244019,0.29846152663230896
YEL056W,YPL214C,0,-7.276911,0.16220879554748535,0.5784615278244019,0.2987692356109619
YMR048W,YLR003C,1,-7.2780776,0.16293103992938995,0.5815384387969971,0.2987692356109619
YIL121W,YCR008W,0,-7.2797523,0.1627907007932663,0.5815384387969971,0.2990769147872925
YPR185W,YOL028C,0,-7.280773,0.16265060007572174,0.5815384387969971,0.29938462376594543
YNR030W,YLR096W,0,-7.281121,0.16251075267791748,0.5815384387969971,0.299692302942276
YPL029W,YER024W,0,-7.281308,0.16237112879753113,0.5815384387969971,0.30000001192092896
YDR221W,YNL142W,0,-7.2818832,0.16223175823688507,0.5815384387969971,0.3003076910972595
YDR503C,YPL032C,0,-7.2841606,0.16209262609481812,0.5815384387969971,0.3006153702735901
YJL138C,YIL173W,0,-7.284493,0.16195373237133026,0.5815384387969971,0.30092307925224304
YGR109C,YNL206C,1,-7.2847114,0.16267123818397522,0.5846154093742371,0.30092307925224304
YNR008W,YOR298C-A,0,-7.285506,0.16253207623958588,0.5846154093742371,0.3012307584285736
YPL053C,YMR177W,0,-7.285543,0.16239316761493683,0.5846154093742371,0.30153846740722656
YDL207W,YDR461W,0,-7.2862563,0.1622544825077057,0.5846154093742371,0.30184614658355713
YGL005C,YKL182W,0,-7.2863126,0.16211603581905365,0.5846154093742371,0.3021538555622101
YER159C,YER020W,0,-7.286315,0.1619778275489807,0.5846154093742371,0.30246153473854065
YML071C,YHR079C-A,0,-7.286467,0.16183985769748688,0.5846154093742371,0.3027692437171936
YJL146W,YPL128C,0,-7.2867703,0.16170212626457214,0.5846154093742371,0.30307692289352417
YMR048W,YDR069C,1,-7.2874384,0.16241496801376343,0.5876923203468323,0.30307692289352417
YBR200W,YLR196W,0,-7.287505,0.1622769683599472,0.5876923203468323,0.30338460206985474
YGR005C,YDL201W,0,-7.288331,0.16213922202587128,0.5876923203468323,0.3036923110485077
YAR019C,YEL020W-A,0,-7.289678,0.16200169920921326,0.5876923203468323,0.30399999022483826
YGL254W,YDR198C,0,-7.2907486,0.16186439990997314,0.5876923203468323,0.3043076992034912
YDR069C,YPL127C,1,-7.290808,0.16257408261299133,0.5907692313194275,0.3043076992034912
YPL051W,YGR280C,0,-7.291208,0.16243654489517212,0.5907692313194275,0.3046153783798218
YJR097W,YPL083C,0,-7.2915044,0.162299245595932,0.5907692313194275,0.30492308735847473
YDR213W,YBR216C,0,-7.292299,0.1621621549129486,0.5907692313194275,0.3052307665348053
YLR371W,YGL255W,0,-7.2926693,0.1620253175497055,0.5907692313194275,0.30553847551345825
YJR155W,YPL076W,0,-7.29269,0.1618887037038803,0.5907692313194275,0.3058461546897888
YNL192W,YCR035C,0,-7.293162,0.16175231337547302,0.5907692313194275,0.3061538338661194
YGR217W,YOR080W,0,-7.2934437,0.16161616146564484,0.5907692313194275,0.30646154284477234
YOR213C,YKL175W,0,-7.294265,0.16148023307323456,0.5907692313194275,0.3067692220211029
YDR211W,YOR211C,0,-7.2947974,0.16134454309940338,0.5907692313194275,0.30707693099975586
YDR023W,YDR464W,0,-7.295327,0.16120906174182892,0.5907692313194275,0.3073846101760864
YGR169C,YNL126W,0,-7.295813,0.16107381880283356,0.5907692313194275,0.3076923191547394
YDR201W,YMR260C,0,-7.296514,0.1609388142824173,0.5907692313194275,0.30799999833106995
YNL078W,YCR067C,0,-7.2966375,0.16080401837825775,0.5907692313194275,0.3083076775074005
YNL080C,YOR295W,0,-7.296792,0.1606694608926773,0.5907692313194275,0.30861538648605347
YIL009W,YJR120W,0,-7.296902,0.16053511202335358,0.5907692313194275,0.30892306566238403
YDR016C,YDR011W,0,-7.2970853,0.16040100157260895,0.5907692313194275,0.309230774641037
YAL012W,YOL094C,0,-7.2971683,0.16026711463928223,0.5907692313194275,0.30953845381736755
YDL007W,YKL070W,0,-7.297633,0.1601334512233734,0.5907692313194275,0.3098461627960205
YMR299C,YLL036C,0,-7.2977366,0.1599999964237213,0.5907692313194275,0.3101538419723511
YJL112W,YLR176C,0,-7.2980943,0.15986678004264832,0.5907692313194275,0.31046155095100403
YML031W,YDR394W,0,-7.299233,0.15973377227783203,0.5907692313194275,0.3107692301273346
YER133W,YCR028C-A,0,-7.2992516,0.15960100293159485,0.5907692313194275,0.31107690930366516
YLR233C,YOR181W,0,-7.299824,0.15946844220161438,0.5907692313194275,0.3113846182823181
YCR057C,YNL310C,0,-7.2998757,0.15933610498905182,0.5907692313194275,0.3116922974586487
YER183C,YFL034C-B,0,-7.300122,0.15920397639274597,0.5907692313194275,0.31200000643730164
YOR328W,YLR385C,0,-7.3002462,0.15907208621501923,0.5907692313194275,0.3123076856136322
YOR168W,YLR067C,0,-7.300282,0.1589404046535492,0.5907692313194275,0.31261539459228516
YNL227C,YER161C,0,-7.3010926,0.15880893170833588,0.5907692313194275,0.3129230737686157
YMR255W,YIL153W,0,-7.301246,0.15867768228054047,0.5907692313194275,0.3132307827472687
YCL061C,YOL006C,1,-7.3025575,0.15937241911888123,0.5938461422920227,0.3132307827472687
YKR035W-A,YNL016W,0,-7.302951,0.1592409312725067,0.5938461422920227,0.31353846192359924
YML121W,YJL219W,0,-7.303415,0.15910965204238892,0.5938461422920227,0.3138461410999298
YDL160C,YOR137C,0,-7.304003,0.15897858142852783,0.5938461422920227,0.31415385007858276
YDR334W,YGL225W,0,-7.305495,0.15884773433208466,0.5938461422920227,0.31446152925491333
YFR009W,YKL068W,0,-7.305904,0.1587171107530594,0.5938461422920227,0.3147692382335663
YAL068C,YMR137C,0,-7.3062787,0.15858669579029083,0.5938461422920227,0.31507691740989685
YDR016C,YDR238C,0,-7.307669,0.158456489443779,0.5938461422920227,0.3153846263885498
YCL061C,YHR154W,1,-7.3080797,0.15914684534072876,0.5969230532646179,0.3153846263885498
YNR007C,YDR512C,0,-7.308138,0.15901640057563782,0.5969230532646179,0.31569230556488037
YMR065W,YMR293C,0,-7.308517,0.1588861644268036,0.5969230532646179,0.3160000145435333
YDR168W,YDR160W,0,-7.3088393,0.15875613689422607,0.5969230532646179,0.3163076937198639
YHR024C,YKR097W,0,-7.3097577,0.15862633287906647,0.5969230532646179,0.31661537289619446
YML051W,YPL065W,0,-7.309812,0.15849673748016357,0.5969230532646179,0.3169230818748474
YJL209W,YDL155W,0,-7.3100457,0.1583673506975174,0.5969230532646179,0.317230761051178
YPL015C,YDL020C,1,-7.310207,0.15905383229255676,0.6000000238418579,0.317230761051178
YPR199C,YDR472W,0,-7.3106503,0.15892420709133148,0.6000000238418579,0.31753847002983093
YGR175C,YGL127C,0,-7.3108573,0.15879479050636292,0.6000000238418579,0.3178461492061615
YLL035W,YOR313C,0,-7.310984,0.15866558253765106,0.6000000238418579,0.31815385818481445
YNL242W,YMR117C,0,-7.312728,0.15853658318519592,0.6000000238418579,0.318461537361145
YOL033W,YOR195W,0,-7.3134356,0.1584077924489975,0.6000000238418579,0.3187692165374756
YDL148C,YDR030C,0,-7.3134494,0.15827922523021698,0.6000000238418579,0.31907692551612854
YPL187W,YER087C-B,0,-7.3138747,0.15815085172653198,0.6000000238418579,0.3193846046924591
YGR166W,YOL034W,0,-7.3139524,0.1580226868391037,0.6000000238418579,0.31969231367111206
YNR049C,YJL059W,0,-7.314029,0.15789473056793213,0.6000000238418579,0.3199999928474426
YDL178W,YOL091W,0,-7.314444,0.15776698291301727,0.6000000238418579,0.3203077018260956
YGR286C,YNL128W,0,-7.3146358,0.15763944387435913,0.6000000238418579,0.32061538100242615
YMR163C,YDR473C,0,-7.3147264,0.1575121134519577,0.6000000238418579,0.3209230899810791
YNR052C,YPL085W,0,-7.314923,0.157384991645813,0.6000000238418579,0.32123076915740967
YNL273W,YOL006C,1,-7.3158507,0.15806451439857483,0.6030769348144531,0.32123076915740967
YOR126C,YNL299W,0,-7.3165455,0.157937154173851,0.6030769348144531,0.32153844833374023
YEL056W,YOR353C,0,-7.317055,0.15780998766422272,0.6030769348144531,0.3218461573123932
YLR098C,YGL169W,0,-7.3174024,0.15768302977085114,0.6030769348144531,0.32215383648872375
YMR165C,YDL112W,0,-7.317943,0.15755626559257507,0.6030769348144531,0.3224615454673767
YMR113W,YKR053C,0,-7.3189692,0.15742972493171692,0.6030769348144531,0.3227692246437073
YCR027C,YGR099W,0,-7.321157,0.15730337798595428,0.6030769348144531,0.32307693362236023
YPR120C,YJL047C,1,-7.3214207,0.15797914564609528,0.6061538457870483,0.32307693362236023
YBR136W,YHR154W,1,-7.3219013,0.1586538404226303,0.6092307567596436,0.32307693362236023
YKL148C,YLR092W,0,-7.323163,0.15852682292461395,0.6092307567596436,0.3233846127986908
YDR314C,YDR259C,0,-7.3240366,0.15839999914169312,0.6092307567596436,0.32369232177734375
YNL192W,YDL224C,0,-7.3245234,0.158273383975029,0.6092307567596436,0.3240000009536743
YNL331C,YKR039W,0,-7.325493,0.1581469625234604,0.6092307567596436,0.3243076801300049
YMR097C,YMR046C,0,-7.3276052,0.1580207496881485,0.6092307567596436,0.32461538910865784
YMR285C,YAL051W,0,-7.327624,0.15789473056793213,0.6092307567596436,0.3249230682849884
YPL084W,YHR152W,0,-7.3281612,0.15776892006397247,0.6092307567596436,0.32523077726364136
YDR141C,YDR334W,0,-7.3286824,0.15764331817626953,0.6092307567596436,0.3255384564399719
YML048W,YLR223C,0,-7.3287005,0.15751789510250092,0.6092307567596436,0.3258461654186249
YGL130W,YLR224W,0,-7.329372,0.157392680644989,0.6092307567596436,0.32615384459495544
YLR347C,YBL041W,0,-7.329595,0.15726767480373383,0.6092307567596436,0.326461523771286
YMR004W,YKL038W,0,-7.329922,0.15714286267757416,0.6092307567596436,0.32676923274993896
YLR368W,YLR145W,0,-7.3299775,0.15701824426651,0.6092307567596436,0.32707691192626953
YAL013W,YJL116C,0,-7.3301325,0.15689381957054138,0.6092307567596436,0.3273846209049225
YMR055C,YPR019W,0,-7.3306036,0.15676960349082947,0.6092307567596436,0.32769230008125305
YOR304W,YKR087C,0,-7.3308687,0.15664556622505188,0.6092307567596436,0.328000009059906
YOR126C,YML046W,0,-7.332064,0.156521737575531,0.6092307567596436,0.3283076882362366
YMR238W,YOR194C,0,-7.332853,0.15639810264110565,0.6092307567596436,0.3286153972148895
YBR136W,YER104W,1,-7.3335915,0.15706393122673035,0.6123076677322388,0.3286153972148895
YOR030W,YGL243W,0,-7.3339715,0.1569400578737259,0.6123076677322388,0.3289230763912201
YBL071W-A,YIL105C,0,-7.33458,0.15681639313697815,0.6123076677322388,0.32923075556755066
YPR120C,YNL218W,1,-7.3346868,0.15748031437397003,0.6153846383094788,0.32923075556755066
YDL209C,YLL024C,0,-7.334827,0.1573564112186432,0.6153846383094788,0.3295384645462036
YNL004W,YOR085W,0,-7.3348317,0.15723270177841187,0.6153846383094788,0.3298461437225342
YDL099W,YDL090C,0,-7.3354115,0.15710918605327606,0.6153846383094788,0.33015385270118713
YOR245C,YNL313C,0,-7.335542,0.15698586404323578,0.6153846383094788,0.3304615318775177
YML104C,YGL209W,0,-7.3362126,0.1568627506494522,0.6153846383094788,0.33076924085617065
YPL121C,YPL097W,0,-7.336993,0.15673981606960297,0.6153846383094788,0.3310769200325012
YPL051W,YKR056W,0,-7.338597,0.15661707520484924,0.6153846383094788,0.3313846290111542
YPR176C,YNL231C,0,-7.3386807,0.15649452805519104,0.6153846383094788,0.33169230818748474
YBR102C,YJL106W,0,-7.339462,0.15637215971946716,0.6153846383094788,0.3319999873638153
YNL236W,YGR080W,0,-7.3394666,0.15625,0.6153846383094788,0.33230769634246826
YER154W,YDR330W,0,-7.3397574,0.15612801909446716,0.6153846383094788,0.33261537551879883
YIL132C,YCL069W,0,-7.340437,0.15600624680519104,0.6153846383094788,0.3329230844974518
YPL040C,YNL007C,0,-7.3409534,0.15588463842868805,0.6153846383094788,0.33323076367378235
YLR405W,YGL051W,0,-7.3417172,0.15576323866844177,0.6153846383094788,0.3335384726524353
YJL047C,YOL006C,1,-7.343745,0.15642023086547852,0.618461549282074,0.3335384726524353
YLR013W,YBR034C,0,-7.3438864,0.15629860758781433,0.618461549282074,0.33384615182876587
YKL073W,YKL126W,0,-7.3441796,0.15617716312408447,0.618461549282074,0.3341538608074188
YLR254C,YBR093C,0,-7.344419,0.15605589747428894,0.618461549282074,0.3344615399837494
YNL097C,YOR195W,0,-7.344782,0.15593484044075012,0.618461549282074,0.33476921916007996
YER122C,YLR092W,0,-7.3451405,0.15581394731998444,0.618461549282074,0.3350769281387329
YGR004W,YLR369W,0,-7.3460126,0.15569326281547546,0.618461549282074,0.3353846073150635
YPL095C,YLR214W,0,-7.3468933,0.15557275712490082,0.618461549282074,0.33569231629371643
YPR008W,YKR003W,0,-7.3478293,0.1554524302482605,0.618461549282074,0.335999995470047
YLR330W,YLL016W,0,-7.3480034,0.1553322970867157,0.618461549282074,0.33630770444869995
YHL027W,YPL144W,0,-7.3480163,0.15521235764026642,0.618461549282074,0.3366153836250305
YGL133W,YDR251W,0,-7.348911,0.15509259700775146,0.618461549282074,0.3369230628013611
YMR276W,YLR260W,0,-7.3490276,0.15497301518917084,0.618461549282074,0.33723077178001404
YKR099W,YLR411W,0,-7.349737,0.15485362708568573,0.618461549282074,0.3375384509563446
YOR067C,YHR079C-A,0,-7.349759,0.15473441779613495,0.618461549282074,0.33784615993499756
YGL130W,YKL082C,0,-7.3498,0.1546153873205185,0.618461549282074,0.3381538391113281
YMR048W,YBR136W,1,-7.350126,0.1552651822566986,0.6215384602546692,0.3381538391113281
YNL279W,YOR115C,0,-7.350201,0.15514592826366425,0.6215384602546692,0.3384615480899811
YOR351C,YPL157W,0,-7.350289,0.1550268679857254,0.6215384602546692,0.33876922726631165
YLR100W,YDR507C,0,-7.3511024,0.1549079716205597,0.6215384602546692,0.3390769362449646
YNR016C,YMR087W,0,-7.352695,0.1547892689704895,0.6215384602546692,0.33938461542129517
YLR390W-A,YJR044C,0,-7.3527627,0.15467074513435364,0.6215384602546692,0.33969229459762573
YDR472W,YGR072W,0,-7.3529286,0.1545524150133133,0.6215384602546692,0.3400000035762787
YPR193C,YNL098C,0,-7.353201,0.15443424880504608,0.6215384602546692,0.34030768275260925
YCR086W,YDR394W,0,-7.353937,0.1543162763118744,0.6215384602546692,0.3406153917312622
YHR092C,YMR065W,0,-7.354474,0.15419846773147583,0.6215384602546692,0.3409230709075928
YLL004W,YPR121W,0,-7.354952,0.1540808528661728,0.6215384602546692,0.3412307798862457
YDL002C,YFR050C,0,-7.3570685,0.15396341681480408,0.6215384602546692,0.3415384590625763
YMR048W,YLL002W,1,-7.3570857,0.15460777282714844,0.6246153712272644,0.3415384590625763
YAL017W,YAL047C,0,-7.3572097,0.15449011325836182,0.6246153712272644,0.34184616804122925
YKL149C,YGR099W,0,-7.3574347,0.15437261760234833,0.6246153712272644,0.3421538472175598
YKL213C,YLR141W,0,-7.35801,0.15425531566143036,0.6246153712272644,0.3424615263938904
YPR120C,YLL002W,1,-7.358146,0.15489749610424042,0.6276922821998596,0.3424615263938904
YBR136W,YJL047C,1,-7.3587503,0.15553869307041168,0.6307692527770996,0.3424615263938904
YNL188W,YDR288W,0,-7.3591614,0.15542078018188477,0.6307692527770996,0.34276923537254333
YHR056C,YIL023C,0,-7.359167,0.15530303120613098,0.6307692527770996,0.3430769145488739
YMR212C,YHR165C,0,-7.3609347,0.15518546104431152,0.6307692527770996,0.34338462352752686
YPR122W,YOL088C,0,-7.360973,0.15506808459758759,0.6307692527770996,0.3436923027038574
YGR147C,YMR267W,0,-7.361447,0.15495087206363678,0.6307692527770996,0.3440000116825104
YLR015W,YOR257W,0,-7.3614707,0.1548338383436203,0.6307692527770996,0.34430769085884094
YEL036C,YDR320C,0,-7.3622894,0.15471698343753815,0.6307692527770996,0.3446153700351715
YAL053W,YDR211W,0,-7.362601,0.15460030734539032,0.6307692527770996,0.34492307901382446
YHR085W,YJL179W,0,-7.363034,0.15448379516601562,0.6307692527770996,0.34523075819015503
YIR009W,YMR236W,0,-7.3636723,0.15436747670173645,0.6307692527770996,0.345538467168808
YOR308C,YPL176C,0,-7.363787,0.1542513221502304,0.6307692527770996,0.34584614634513855
YLR158C,YAR019C,0,-7.3640103,0.1541353315114975,0.6307692527770996,0.3461538553237915
YCR047C,YDL207W,0,-7.3648467,0.1540195345878601,0.6307692527770996,0.34646153450012207
YDR099W,YPL221W,0,-7.3657546,0.15390390157699585,0.6307692527770996,0.346769243478775
YBR213W,YOL102C,0,-7.36608,0.15378844738006592,0.6307692527770996,0.3470769226551056
YCR088W,YJL059W,0,-7.366637,0.15367315709590912,0.6307692527770996,0.34738460183143616
YDR052C,YOR003W,0,-7.3676715,0.15355804562568665,0.6307692527770996,0.3476923108100891
YDR162C,YMR101C,0,-7.3690786,0.1534431129693985,0.6307692527770996,0.3479999899864197
YBR296C,YKR001C,0,-7.369517,0.15332834422588348,0.6307692527770996,0.34830769896507263
YER012W,YJL059W,0,-7.369638,0.1532137542963028,0.6307692527770996,0.3486153781414032
YGR109C,YOL068C,1,-7.374639,0.1538461595773697,0.6338461637496948,0.3486153781414032
YLR453C,YPR108W,0,-7.37464,0.1537313461303711,0.6338461637496948,0.34892308712005615
YEL053C,YIL023C,0,-7.375582,0.15361669659614563,0.6338461637496948,0.3492307662963867
YHR143W,YBL035C,0,-7.375656,0.15350224077701569,0.6338461637496948,0.3495384752750397
YDR216W,YLL003W,0,-7.375936,0.15338793396949768,0.6338461637496948,0.34984615445137024
YOL023W,YLR139C,0,-7.376285,0.153273805975914,0.6338461637496948,0.3501538336277008
YCL024W,YOR281C,0,-7.376731,0.15315985679626465,0.6338461637496948,0.35046154260635376
YFR047C,YBR228W,0,-7.377167,0.15304605662822723,0.6338461637496948,0.3507692217826843
YBR118W,YLR136C,0,-7.377456,0.15293243527412415,0.6338461637496948,0.3510769307613373
YMR204C,YOR359W,0,-7.3782654,0.15281899273395538,0.6338461637496948,0.35138460993766785
YDR288W,YDR479C,0,-7.3783135,0.15270571410655975,0.6338461637496948,0.3516923189163208
YHR043C,YLR126C,0,-7.378467,0.15259259939193726,0.6338461637496948,0.35199999809265137
YAL021C,YER123W,0,-7.3803062,0.1524796485900879,0.6338461637496948,0.3523077070713043
YPL194W,YJR019C,0,-7.3812294,0.15236686170101166,0.6338461637496948,0.3526153862476349
YPR008W,YDL105W,0,-7.381833,0.15225425362586975,0.6338461637496948,0.35292306542396545
YPR120C,YJR046W,1,-7.382015,0.15288035571575165,0.63692307472229,0.35292306542396545
YPR135W,YHR024C,0,-7.3826694,0.15276752412319183,0.63692307472229,0.3532307744026184
YJL047C,YJR046W,1,-7.382963,0.15339232981204987,0.6399999856948853,0.3532307744026184
YPR120C,YDR110W,1,-7.3829937,0.15401621162891388,0.6430768966674805,0.3532307744026184
YHR079C-A,YMR054W,0,-7.38316,0.1539027988910675,0.6430768966674805,0.353538453578949
YMR095C,YPL042C,0,-7.384193,0.15378955006599426,0.6430768966674805,0.35384616255760193
YNL038W,YMR037C,0,-7.3853364,0.15367646515369415,0.6430768966674805,0.3541538417339325
YBR175W,YFL058W,0,-7.385561,0.15356355905532837,0.6430768966674805,0.35446155071258545
YNL199C,YPL083C,0,-7.3857036,0.15345080196857452,0.6430768966674805,0.354769229888916
YNL233W,YAR003W,0,-7.387058,0.153338223695755,0.6430768966674805,0.3550769090652466
YKR029C,YNL283C,0,-7.388047,0.15322580933570862,0.6430768966674805,0.35538461804389954
YOR067C,YPL174C,0,-7.3885007,0.15311355888843536,0.6430768966674805,0.3556922972202301
YCL061C,YER104W,1,-7.389066,0.1537335216999054,0.6461538672447205,0.3556922972202301
YLR115W,YLL009C,0,-7.389142,0.15362106263637543,0.6461538672447205,0.35600000619888306
YML005W,YJL109C,0,-7.3895974,0.1535087674856186,0.6461538672447205,0.3563076853752136
YDR414C,YGR212W,0,-7.389873,0.1533966362476349,0.6461538672447205,0.3566153943538666
YOL051W,YMR313C,0,-7.390178,0.15328466892242432,0.6461538672447205,0.35692307353019714
YKL194C,YOL138C,0,-7.3905296,0.15317286550998688,0.6461538672447205,0.3572307825088501
YKR024C,YLR096W,0,-7.3906846,0.15306122601032257,0.6461538672447205,0.35753846168518066
YMR322C,YMR210W,0,-7.3907886,0.1529497504234314,0.6461538672447205,0.35784614086151123
YNL264C,YGR279C,0,-7.3909535,0.15283842384815216,0.6461538672447205,0.3581538498401642
YGR246C,YKL007W,0,-7.3919334,0.15272727608680725,0.6461538672447205,0.35846152901649475
YGR134W,YPR135W,0,-7.391981,0.15261627733707428,0.6461538672447205,0.3587692379951477
YOR191W,YGR008C,0,-7.392824,0.15250544250011444,0.6461538672447205,0.35907691717147827
YPR161C,YGR048W,0,-7.39395,0.15239477157592773,0.6461538672447205,0.3593846261501312
YPL271W,YNL317W,0,-7.3949766,0.15228426456451416,0.6461538672447205,0.3596923053264618
YJL122W,YOR129C,0,-7.395941,0.15217390656471252,0.6461538672447205,0.36000001430511475
YNL006W,YLR035C,0,-7.3962216,0.15206372737884521,0.6461538672447205,0.3603076934814453
YBR058C,YGL255W,0,-7.397406,0.15195369720458984,0.6461538672447205,0.3606153726577759
YBR136W,YDL020C,1,-7.397675,0.15256687998771667,0.6492307782173157,0.3606153726577759
YKL074C,YGR056W,0,-7.3989882,0.1524566411972046,0.6492307782173157,0.36092308163642883
YOL068C,YJL047C,1,-7.399689,0.15306858718395233,0.6523076891899109,0.36092308163642883
YOR191W,YDR464W,0,-7.400023,0.15295815467834473,0.6523076891899109,0.3612307608127594
YNL006W,YNL099C,0,-7.400066,0.15284787118434906,0.6523076891899109,0.36153846979141235
YDR272W,YOR069W,0,-7.4002194,0.15273775160312653,0.6523076891899109,0.3618461489677429
YER159C,YDR027C,0,-7.4009438,0.15262779593467712,0.6523076891899109,0.3621538579463959
YKL182W,YNL078W,0,-7.401312,0.15251798927783966,0.6523076891899109,0.36246153712272644
YPL127C,YHR154W,1,-7.4014983,0.1531272530555725,0.6553846001625061,0.36246153712272644
YPR042C,YBR260C,0,-7.402411,0.15301723778247833,0.6553846001625061,0.362769216299057
YOL082W,YDR363W,0,-7.403301,0.15290740132331848,0.6553846001625061,0.36307692527770996
YOR032C,YDR473C,0,-7.4037895,0.15279769897460938,0.6553846001625061,0.3633846044540405
YMR014W,YKL201C,0,-7.408699,0.1526881754398346,0.6553846001625061,0.3636923134326935
YMR173W,YLR284C,0,-7.4088464,0.15257880091667175,0.6553846001625061,0.36399999260902405
YPR199C,YHR088W,0,-7.409805,0.15246957540512085,0.6553846001625061,0.364307701587677
YOR113W,YDL090C,0,-7.410622,0.15236051380634308,0.6553846001625061,0.36461538076400757
YPL096W,YPR139C,0,-7.410729,0.15225160121917725,0.6553846001625061,0.3649230897426605
YJR013W,YGL213C,0,-7.4107537,0.15214285254478455,0.6553846001625061,0.3652307689189911
YGL032C,YNR032W,0,-7.4111695,0.15203426778316498,0.6553846001625061,0.36553844809532166
YLR069C,YPL019C,0,-7.4112897,0.15192581713199615,0.6553846001625061,0.3658461570739746
YPL078C,YGL173C,0,-7.411451,0.15181753039360046,0.6553846001625061,0.3661538362503052
YPR199C,YGR086C,0,-7.411613,0.1517094075679779,0.6553846001625061,0.36646154522895813
YDR420W,YPL167C,0,-7.4158864,0.1516014188528061,0.6553846001625061,0.3667692244052887
YNR044W,YDR039C,0,-7.4165034,0.1514935940504074,0.6553846001625061,0.36707693338394165
YMR065W,YOR003W,0,-7.4166102,0.15138593316078186,0.6553846001625061,0.3673846125602722
YBL023C,YOL064C,0,-7.416722,0.15127840638160706,0.6553846001625061,0.36769232153892517
YDR363W,YAL034W-A,0,-7.4169974,0.15117104351520538,0.6553846001625061,0.36800000071525574
YIL016W,YIL173W,0,-7.417531,0.15106382966041565,0.6553846001625061,0.3683076798915863
YMR280C,YPL274W,0,-7.4183774,0.15095676481723785,0.6553846001625061,0.36861538887023926
YPL217C,YNL012W,0,-7.418548,0.1508498638868332,0.6553846001625061,0.3689230680465698
YGR278W,YLL006W,0,-7.419735,0.15074309706687927,0.6553846001625061,0.3692307770252228
YNR008W,YML076C,0,-7.4216847,0.1506364941596985,0.6553846001625061,0.36953845620155334
YMR023C,YNL330C,0,-7.4218554,0.15053004026412964,0.6553846001625061,0.3698461651802063
YPL015C,YNL273W,1,-7.4223094,0.15112994611263275,0.6584615111351013,0.3698461651802063
YBL005W,YBR254C,0,-7.4228024,0.1510232836008072,0.6584615111351013,0.37015384435653687
YPL036W,YLR033W,0,-7.4231973,0.15091678500175476,0.6584615111351013,0.3704615533351898
YBR170C,YDR183W,0,-7.42328,0.15081043541431427,0.6584615111351013,0.3707692325115204
YBR179C,YMR143W,0,-7.4252286,0.15070421993732452,0.6584615111351013,0.37107691168785095
YKL006C-A,YDR240C,0,-7.426189,0.1505981683731079,0.6584615111351013,0.3713846206665039
YPL065W,YBR030W,0,-7.4278026,0.15049226582050323,0.6584615111351013,0.3716922998428345
YCL038C,YOR213C,0,-7.4282417,0.1503865122795105,0.6584615111351013,0.3720000088214874
YKL038W,YML034W,0,-7.428691,0.1502808928489685,0.6584615111351013,0.372307687997818
YNL318C,YKL001C,0,-7.429347,0.15017543733119965,0.6584615111351013,0.37261539697647095
YPR111W,YBR289W,0,-7.4298544,0.15007013082504272,0.6584615111351013,0.3729230761528015
YDR206W,YOR341W,0,-7.4301844,0.14996495842933655,0.6584615111351013,0.3732307553291321
YKL002W,YJR158W,0,-7.430531,0.1498599499464035,0.6584615111351013,0.37353846430778503
YOL080C,YDR484W,0,-7.431767,0.1497550755739212,0.6584615111351013,0.3738461434841156
YLR071C,YBR079C,0,-7.4325147,0.14965035021305084,0.6584615111351013,0.37415385246276855
YLR051C,YLR452C,0,-7.432546,0.14954577386379242,0.6584615111351013,0.3744615316390991
YPL046C,YNL163C,0,-7.432942,0.14944134652614594,0.6584615111351013,0.3747692406177521
YGR007W,YGR116W,0,-7.433928,0.1493370532989502,0.6584615111351013,0.37507691979408264
YJL031C,YCR040W,0,-7.434426,0.1492329090833664,0.6584615111351013,0.3753846287727356
YPL015C,YBR136W,1,-7.4346137,0.149825781583786,0.6615384817123413,0.3753846287727356
YHR067W,YOR259C,0,-7.4347396,0.1497214436531067,0.6615384817123413,0.37569230794906616
YPL127C,YLR234W,1,-7.4357114,0.15031315386295319,0.6646153926849365,0.37569230794906616
YDL020C,YLL002W,1,-7.4358716,0.15090402960777283,0.6676923036575317,0.37569230794906616
YNL062C,YDR201W,0,-7.436349,0.15079917013645172,0.6676923036575317,0.37599998712539673
YKR062W,YKL196C,0,-7.4367757,0.15069444477558136,0.6676923036575317,0.3763076961040497
YLR155C,YMR046C,0,-7.4376593,0.15058986842632294,0.6676923036575317,0.37661537528038025
YBR021W,YJL134W,0,-7.4378467,0.15048544108867645,0.6676923036575317,0.3769230842590332
YNL023C,YFR009W,0,-7.437986,0.1503811478614807,0.6676923036575317,0.37723076343536377
YLR102C,YNL297C,0,-7.4394298,0.1502770036458969,0.6676923036575317,0.3775384724140167
YML005W,YDR057W,0,-7.4400563,0.15017300844192505,0.6676923036575317,0.3778461515903473
YJL047C,YNL206C,1,-7.44221,0.1507607251405716,0.670769214630127,0.3778461515903473
YJR025C,YIL076W,0,-7.4423227,0.1506565362215042,0.670769214630127,0.37815386056900024
YML099C,YDR294C,0,-7.4427476,0.15055248141288757,0.670769214630127,0.3784615397453308
YBL005W,YBR276C,0,-7.4434037,0.15044859051704407,0.670769214630127,0.3787692189216614
YGL245W,YMR163C,0,-7.443713,0.1503448337316513,0.670769214630127,0.37907692790031433
YFL056C,YBR170C,0,-7.4444265,0.1502412110567093,0.670769214630127,0.3793846070766449
YNL042W,YBL017C,0,-7.445243,0.1501377373933792,0.670769214630127,0.37969231605529785
YDR147W,YBR245C,0,-7.445601,0.15003441274166107,0.670769214630127,0.3799999952316284
YMR299C,YGR197C,0,-7.447026,0.14993122220039368,0.670769214630127,0.38030770421028137
YDR449C,YLR301W,0,-7.4474387,0.14982818067073822,0.670769214630127,0.38061538338661194
YAL021C,YCL017C,0,-7.4476476,0.1497252732515335,0.670769214630127,0.3809230625629425
YJR137C,YDL108W,0,-7.4492803,0.14962251484394073,0.670769214630127,0.38123077154159546
YBR135W,YDL247W,0,-7.4494386,0.1495198905467987,0.670769214630127,0.381538450717926
YGR083C,YDR459C,0,-7.4514136,0.14941741526126862,0.670769214630127,0.381846159696579
YOR243C,YBL014C,0,-7.4529605,0.14931507408618927,0.670769214630127,0.38215383887290955
YGL129C,YDR018C,0,-7.453645,0.14921286702156067,0.670769214630127,0.3824615478515625
YLR016C,YOR057W,0,-7.45383,0.149110808968544,0.670769214630127,0.38276922702789307
YHR092C,YJL106W,0,-7.4542584,0.1490088850259781,0.670769214630127,0.383076936006546
YJR042W,YOR162C,0,-7.454659,0.1489071100950241,0.670769214630127,0.3833846151828766
YLR115W,YMR281W,0,-7.454908,0.14880545437335968,0.670769214630127,0.38369229435920715
YEL030W,YJL173C,0,-7.455838,0.14870396256446838,0.670769214630127,0.3840000033378601
YPR111W,YLR324W,0,-7.456381,0.14860258996486664,0.670769214630127,0.3843076825141907
YBL035C,YFR040W,0,-7.456495,0.14850136637687683,0.670769214630127,0.38461539149284363
YDR106W,YHR039C-A,0,-7.456615,0.14840027689933777,0.670769214630127,0.3849230706691742
YOL059W,YKR025W,0,-7.4567018,0.14829932153224945,0.670769214630127,0.38523077964782715
YPL120W,YOR084W,0,-7.4567475,0.14819850027561188,0.670769214630127,0.3855384588241577
YOR080W,YOR060C,0,-7.456826,0.14809782803058624,0.670769214630127,0.38584616780281067
YBL079W,YAL017W,0,-7.4571047,0.14799728989601135,0.670769214630127,0.38615384697914124
YJL134W,YOR211C,0,-7.45781,0.1478968858718872,0.670769214630127,0.3864615261554718
YBL005W,YGR270W,0,-7.4583497,0.1477966159582138,0.670769214630127,0.38676923513412476
YGR256W,YNR049C,0,-7.4588523,0.14769648015499115,0.670769214630127,0.3870769143104553
YBL106C,YMR087W,0,-7.459875,0.14759647846221924,0.670769214630127,0.3873846232891083
YLR129W,YNL329C,0,-7.4608407,0.14749661087989807,0.670769214630127,0.38769230246543884
YEL056W,YBR213W,0,-7.460894,0.14739689230918884,0.670769214630127,0.3880000114440918
YNL031C,YDR400W,0,-7.461563,0.14729729294776917,0.670769214630127,0.38830769062042236
YGR275W,YER041W,0,-7.4619017,0.14719784259796143,0.670769214630127,0.38861536979675293
YKR022C,YLR200W,0,-7.46204,0.14709851145744324,0.670769214630127,0.3889230787754059
YBR288C,YPR078C,0,-7.462793,0.146999329328537,0.670769214630127,0.38923075795173645
YPL200W,YML109W,0,-7.463392,0.1469002664089203,0.670769214630127,0.3895384669303894
YOR080W,YLR340W,0,-7.463651,0.14680135250091553,0.670769214630127,0.38984614610671997
YJL146W,YNL329C,0,-7.463711,0.14670255780220032,0.670769214630127,0.3901538550853729
YOR284W,YOR211C,0,-7.464951,0.14660389721393585,0.670769214630127,0.3904615342617035
YLR276C,YDR150W,0,-7.46505,0.14650537073612213,0.670769214630127,0.39076924324035645
YBR289W,YDR395W,0,-7.465492,0.14640697836875916,0.670769214630127,0.391076922416687
YDL074C,YLR222C,0,-7.4655023,0.14630872011184692,0.670769214630127,0.3913846015930176
YJR094C,YPR055W,0,-7.4660196,0.14621059596538544,0.670769214630127,0.39169231057167053
YDR361C,YDR030C,0,-7.4660525,0.1461126059293747,0.670769214630127,0.3919999897480011
YPR164W,YJR046W,1,-7.466058,0.14668452739715576,0.6738461256027222,0.3919999897480011
YPR073C,YLR045C,0,-7.4670634,0.1465863436460495,0.6738461256027222,0.39230769872665405
YHR004C,YKL196C,0,-7.467536,0.14648829400539398,0.6738461256027222,0.3926153779029846
YGL168W,YJL039C,0,-7.467985,0.1463903784751892,0.6738461256027222,0.3929230868816376
YIL040W,YDR168W,0,-7.4684176,0.146292582154274,0.6738461256027222,0.39323076605796814
YNR019W,YOL111C,0,-7.468641,0.1461949199438095,0.6738461256027222,0.3935384750366211
YPR120C,YMR048W,1,-7.469074,0.14676451683044434,0.6769230961799622,0.3935384750366211
YNL273W,YLR234W,1,-7.469229,0.14733333885669708,0.6800000071525574,0.3935384750366211
YML006C,YOR181W,0,-7.4695125,0.14723517000675201,0.6800000071525574,0.39384615421295166
YJR060W,YJR147W,0,-7.4697437,0.14713715016841888,0.6800000071525574,0.3941538333892822
YNL233W,YOL135C,0,-7.4702783,0.1470392495393753,0.6800000071525574,0.3944615423679352
YJL099W,YHR070W,0,-7.470565,0.14694148302078247,0.6800000071525574,0.39476922154426575
YLR429W,YDR162C,0,-7.4707003,0.14684385061264038,0.6800000071525574,0.3950769305229187
YDR072C,YER009W,0,-7.4707723,0.14674635231494904,0.6800000071525574,0.39538460969924927
YNL232W,YNL313C,0,-7.470802,0.14664897322654724,0.6800000071525574,0.3956923186779022
YKL188C,YER171W,0,-7.4716554,0.1465517282485962,0.6800000071525574,0.3959999978542328
YPR049C,YBR029C,0,-7.4727216,0.1464546024799347,0.6800000071525574,0.39630770683288574
YHR204W,YML064C,0,-7.472954,0.14635761082172394,0.6800000071525574,0.3966153860092163
YPR008W,YHR120W,0,-7.473086,0.14626075327396393,0.6800000071525574,0.3969230651855469
YGL126W,YCR033W,0,-7.4732375,0.14616401493549347,0.6800000071525574,0.39723077416419983
YDR038C,YKR028W,0,-7.473715,0.14606741070747375,0.6800000071525574,0.3975384533405304
YKL054C,YBL063W,0,-7.47388,0.14597094058990479,0.6800000071525574,0.39784616231918335
YDL043C,YDR027C,0,-7.4739084,0.14587458968162537,0.6800000071525574,0.3981538414955139
YLR309C,YMR016C,0,-7.474142,0.1457783579826355,0.6800000071525574,0.39846155047416687
YJR121W,YBL055C,0,-7.474664,0.14568226039409637,0.6800000071525574,0.39876922965049744
YIL126W,YOR060C,0,-7.4749627,0.145586296916008,0.6800000071525574,0.399076908826828
YEL017C-A,YKL020C,0,-7.475374,0.14549045264720917,0.6800000071525574,0.39938461780548096
YNL016W,YBR223C,0,-7.47548,0.14539474248886108,0.6800000071525574,0.3996922969818115
YLR254C,YPR042C,0,-7.475654,0.14529915153980255,0.6800000071525574,0.4000000059604645
YPR034W,YDR361C,0,-7.47572,0.14520367980003357,0.6800000071525574,0.40030768513679504
YER159C,YOR049C,0,-7.476287,0.14510834217071533,0.6800000071525574,0.400615394115448
YBR158W,YDR339C,0,-7.476316,0.14501312375068665,0.6800000071525574,0.40092307329177856
YOL044W,YDL043C,0,-7.476804,0.1449180394411087,0.6800000071525574,0.4012307822704315
YPR122W,YOR081C,0,-7.47731,0.14482305943965912,0.6800000071525574,0.4015384614467621
YBR272C,YCL017C,0,-7.478486,0.14472822844982147,0.6800000071525574,0.40184614062309265
YPL016W,YML029W,0,-7.478913,0.14463350176811218,0.6800000071525574,0.4021538496017456
YDR499W,YJR044C,0,-7.478922,0.14453890919685364,0.6800000071525574,0.40246152877807617
YDL220C,YDR330W,0,-7.4795613,0.14444445073604584,0.6800000071525574,0.4027692377567291
YLR397C,YER018C,0,-7.480905,0.1443500965833664,0.6800000071525574,0.4030769169330597
YOL088C,YGR143W,0,-7.481167,0.1442558765411377,0.6800000071525574,0.40338462591171265
YLR449W,YLR234W,1,-7.481876,0.14481408894062042,0.6830769181251526,0.40338462591171265
YHR102W,YLR035C,0,-7.4819884,0.1447196900844574,0.6830769181251526,0.4036923050880432
YPL135W,YKL064W,0,-7.4847503,0.14462541043758392,0.6830769181251526,0.40400001406669617
YOR250C,YJL110C,0,-7.484834,0.14453125,0.6830769181251526,0.40430769324302673
YJR108W,YJL125C,0,-7.485221,0.14443720877170563,0.6830769181251526,0.4046153724193573
YNR033W,YDR288W,0,-7.486138,0.144343301653862,0.6830769181251526,0.40492308139801025
YDL245C,YIL042C,0,-7.4867206,0.14424951374530792,0.6830769181251526,0.4052307605743408
YLR411W,YBR260C,0,-7.4879446,0.1441558450460434,0.6830769181251526,0.4055384695529938
YKL201C,YGR006W,0,-7.4896894,0.14406229555606842,0.6830769181251526,0.40584614872932434
YOL078W,YOL051W,0,-7.490275,0.143968865275383,0.6830769181251526,0.4061538577079773
YLR016C,YFL033C,0,-7.4903665,0.14387556910514832,0.6830769181251526,0.40646153688430786
YFL056C,YMR033W,0,-7.490728,0.143782377243042,0.6830769181251526,0.4067692160606384
YFL055W,YOR236W,0,-7.4911504,0.1436893194913864,0.6830769181251526,0.4070769250392914
YPL217C,YJL059W,0,-7.493079,0.14359638094902039,0.6830769181251526,0.40738460421562195
YDL024C,YOR140W,0,-7.4932313,0.1435035616159439,0.6830769181251526,0.4076923131942749
YOL068C,YNL273W,1,-7.4932475,0.14405684173107147,0.6861538290977478,0.4076923131942749
YJR053W,YDL031W,0,-7.4951096,0.14396384358406067,0.6861538290977478,0.40799999237060547
YGR147C,YPR113W,0,-7.4967113,0.14387096464633942,0.6861538290977478,0.4083077013492584
YIR017C,YMR305C,0,-7.496945,0.14377820491790771,0.6861538290977478,0.408615380525589
YDL020C,YOL006C,1,-7.4973555,0.14432989060878754,0.689230740070343,0.408615380525589
YJR050W,YKL145W,0,-7.4973636,0.1442369669675827,0.689230740070343,0.40892308950424194
YPL155C,YGL070C,0,-7.4981785,0.14414414763450623,0.689230740070343,0.4092307686805725
YCR065W,YNL264C,0,-7.4983926,0.1440514475107193,0.689230740070343,0.4095384478569031
YIL037C,YGR270W,0,-7.4984984,0.14395886659622192,0.689230740070343,0.40984615683555603
YPR120C,YBR136W,1,-7.4990616,0.14450867474079132,0.692307710647583,0.40984615683555603
YDL020C,YJL047C,1,-7.4995837,0.1450577676296234,0.6953846216201782,0.40984615683555603
YJL019W,YML076C,0,-7.502694,0.14496472477912903,0.6953846216201782,0.4101538360118866
YGR178C,YCL069W,0,-7.502767,0.1448718011379242,0.6953846216201782,0.41046154499053955
YLR449W,YPR164W,1,-7.5030975,0.14541959762573242,0.6984615325927734,0.41046154499053955
YBR196C,YMR302C,0,-7.5039268,0.14532651007175446,0.6984615325927734,0.4107692241668701
YPL228W,YGR116W,0,-7.504,0.14523352682590485,0.6984615325927734,0.41107693314552307
YDR110W,YOL006C,1,-7.5049567,0.1457800567150116,0.7015384435653687,0.41107693314552307
YML094W,YMR204C,0,-7.505314,0.14568689465522766,0.7015384435653687,0.41138461232185364
YIL004C,YDR037W,0,-7.505553,0.14559386670589447,0.7015384435653687,0.4116923213005066
YMR238W,YNL085W,0,-7.5061154,0.14550095796585083,0.7015384435653687,0.41200000047683716
YML059C,YBR055C,0,-7.5063787,0.14540816843509674,0.7015384435653687,0.4123076796531677
YLR231C,YGR077C,0,-7.507467,0.145315483212471,0.7015384435653687,0.4126153886318207
YOR126C,YNL334C,0,-7.5075097,0.14522293210029602,0.7015384435653687,0.41292306780815125
YEL063C,YBR272C,0,-7.5078626,0.1451304852962494,0.7015384435653687,0.4132307767868042
YKL190W,YPR105C,0,-7.508373,0.1450381726026535,0.7015384435653687,0.41353845596313477
YPL231W,YGL252C,0,-7.508772,0.14494596421718597,0.7015384435653687,0.4138461649417877
YOR018W,YGL227W,0,-7.508784,0.144853875041008,0.7015384435653687,0.4141538441181183
YGL144C,YOR195W,0,-7.5092945,0.14476190507411957,0.7015384435653687,0.41446155309677124
YML081C-A,YHL020C,0,-7.509661,0.1446700543165207,0.7015384435653687,0.4147692322731018
YLR086W,YPL019C,0,-7.509875,0.14457830786705017,0.7015384435653687,0.4150769114494324
YDL030W,YOR007C,0,-7.5099816,0.1444866955280304,0.7015384435653687,0.4153846204280853
YMR202W,YLR132C,0,-7.511487,0.14439518749713898,0.7015384435653687,0.4156922996044159
YLR453C,YHR008C,0,-7.5115337,0.1443037986755371,0.7015384435653687,0.41600000858306885
YHR055C,YOR089C,0,-7.5117164,0.1442125290632248,0.7015384435653687,0.4163076877593994
YFL055W,YNL223W,0,-7.511753,0.14412136375904083,0.7015384435653687,0.41661539673805237
YLR328W,YKL020C,0,-7.51197,0.14403031766414642,0.7015384435653687,0.41692307591438293
YAL068C,YGR112W,0,-7.5126557,0.14393939077854156,0.7015384435653687,0.4172307550907135
YBR193C,YOL115W,0,-7.51304,0.14384858310222626,0.7015384435653687,0.41753846406936646
YKL194C,YLR141W,0,-7.5136437,0.1437578797340393,0.7015384435653687,0.417846143245697
YNL133C,YNL272C,0,-7.514061,0.1436672955751419,0.7015384435653687,0.41815385222435
YBR114W,YLR275W,0,-7.51484,0.14357683062553406,0.7015384435653687,0.41846153140068054
YAL003W,YDR469W,0,-7.514854,0.14348646998405457,0.7015384435653687,0.4187692403793335
YBL082C,YPL051W,0,-7.5153193,0.14339622855186462,0.7015384435653687,0.41907691955566406
YPR135W,YOR341W,0,-7.5154223,0.14330609142780304,0.7015384435653687,0.419384628534317
YEL034W,YOR351C,0,-7.5158277,0.143216073513031,0.7015384435653687,0.4196923077106476
YLR285W,YDR137W,0,-7.516185,0.14312617480754852,0.7015384435653687,0.41999998688697815
YNL072W,YEL065W,0,-7.5163736,0.1430363804101944,0.7015384435653687,0.4203076958656311
YHR106W,YLR301W,0,-7.5165353,0.14294670522212982,0.7015384435653687,0.42061537504196167
YDR288W,YOR224C,0,-7.518522,0.1428571492433548,0.7015384435653687,0.4209230840206146
YOR109W,YER087C-B,0,-7.519382,0.14276768267154694,0.7015384435653687,0.4212307631969452
YLR376C,YPR161C,0,-7.519993,0.14267835021018982,0.7015384435653687,0.42153847217559814
YJL100W,YBR228W,0,-7.520201,0.14258912205696106,0.7015384435653687,0.4218461513519287
YPL266W,YLR386W,0,-7.5202947,0.14249999821186066,0.7015384435653687,0.42215386033058167
YDL243C,YHR143W-A,0,-7.5206256,0.1424109935760498,0.7015384435653687,0.42246153950691223
YDL116W,YOR294W,0,-7.520972,0.1423220932483673,0.7015384435653687,0.4227692186832428
YIL150C,YPL092W,0,-7.521032,0.14223331212997437,0.7015384435653687,0.42307692766189575
YKL192C,YPR111W,0,-7.5213623,0.14214463531970978,0.7015384435653687,0.4233846068382263
YKR037C,YPL206C,0,-7.5218368,0.14205607771873474,0.7015384435653687,0.4236923158168793
YML081C-A,YGL116W,0,-7.522574,0.14196762442588806,0.7015384435653687,0.42399999499320984
YKR046C,YDR143C,0,-7.522979,0.14187927544116974,0.7015384435653687,0.4243077039718628
YDL105W,YML016C,0,-7.5237765,0.14179104566574097,0.7015384435653687,0.42461538314819336
YFR055W,YKL073W,0,-7.5238166,0.14170292019844055,0.7015384435653687,0.4249230623245239
YLR206W,YKR042W,0,-7.5238748,0.1416149139404297,0.7015384435653687,0.4252307713031769
YDL247W,YGR094W,0,-7.5246906,0.141526997089386,0.7015384435653687,0.42553845047950745
YDL160C,YNL031C,0,-7.5247397,0.14143919944763184,0.7015384435653687,0.4258461594581604
YMR048W,YJL047C,1,-7.5255866,0.14197148382663727,0.7046154141426086,0.4258461594581604
YDL093W,YGR144W,0,-7.5281024,0.14188352227210999,0.7046154141426086,0.42615383863449097
YER104W,YJR046W,1,-7.528641,0.1424148678779602,0.7076923251152039,0.42615383863449097
YIL140W,YCL051W,0,-7.528827,0.1423267275094986,0.7076923251152039,0.4264615476131439
YPR120C,YDR069C,1,-7.5309987,0.1428571492433548,0.7107692360877991,0.4264615476131439
YFR002W,YOL003C,0,-7.5332465,0.14276884496212006,0.7107692360877991,0.4267692267894745
YMR078C,YGR212W,0,-7.533569,0.14268065989017487,0.7107692360877991,0.42707693576812744
YLL003W,YOR137C,0,-7.53392,0.14259259402751923,0.7107692360877991,0.427384614944458
YIR028W,YDR503C,0,-7.5344124,0.14250463247299194,0.7107692360877991,0.4276922941207886
YPL078C,YBR188C,0,-7.5348806,0.14241677522659302,0.7107692360877991,0.42800000309944153
YPR030W,YIL139C,0,-7.535642,0.14232902228832245,0.7107692360877991,0.4283076822757721
YJL058C,YPL028W,0,-7.5360093,0.14224137365818024,0.7107692360877991,0.42861539125442505
YIL132C,YEL013W,0,-7.537154,0.14215384423732758,0.7107692360877991,0.4289230704307556
YOR208W,YKL082C,0,-7.5387864,0.14206641912460327,0.7107692360877991,0.42923077940940857
YOL089C,YDR532C,0,-7.5393133,0.14197909832000732,0.7107692360877991,0.42953845858573914
YKR009C,YDR472W,0,-7.5405617,0.14189189672470093,0.7107692360877991,0.4298461675643921
YHL006C,YML034W,0,-7.540971,0.1418047845363617,0.7107692360877991,0.43015384674072266
YLL043W,YDL130W-A,0,-7.5411744,0.141717791557312,0.7107692360877991,0.4304615259170532
YMR100W,YER129W,0,-7.5420876,0.14163090288639069,0.7107692360877991,0.4307692348957062
YJL054W,YER160C,0,-7.5429363,0.14154411852359772,0.7107692360877991,0.43107691407203674
YLR214W,YBR297W,0,-7.5430565,0.1414574384689331,0.7107692360877991,0.4313846230506897
YJL124C,YNL333W,0,-7.5431623,0.14137086272239685,0.7107692360877991,0.43169230222702026
YGL168W,YDL093W,0,-7.543491,0.14128440618515015,0.7107692360877991,0.4320000112056732
YML094W,YGL136C,0,-7.543592,0.1411980390548706,0.7107692360877991,0.4323076903820038
YOL145C,YOR326W,0,-7.5436788,0.14111179113388062,0.7107692360877991,0.43261539936065674
YLR106C,YPL057C,0,-7.5443025,0.14102564752101898,0.7107692360877991,0.4329230785369873
YBL023C,YCL069W,0,-7.546553,0.1409395933151245,0.7107692360877991,0.43323075771331787
YJR158W,YPR007C,0,-7.5472116,0.1408536583185196,0.7107692360877991,0.4335384666919708
YJL033W,YDL247W,0,-7.548203,0.14076782763004303,0.7107692360877991,0.4338461458683014
YDR069C,YNL206C,1,-7.5504136,0.14129111170768738,0.7138461470603943,0.4338461458683014
YMR048W,YNL218W,1,-7.5505085,0.1418137550354004,0.7169230580329895,0.4338461458683014
YLR216C,YJL074C,0,-7.5506597,0.1417274922132492,0.7169230580329895,0.43415385484695435
YNR032C-A,YMR322C,0,-7.550972,0.14164133369922638,0.7169230580329895,0.4344615340232849
YOL065C,YBL005W,0,-7.5514264,0.1415552794933319,0.7169230580329895,0.43476924300193787
YGR238C,YNL160W,0,-7.5518265,0.141469344496727,0.7169230580329895,0.43507692217826843
YGR075C,YKL117W,0,-7.551962,0.14138349890708923,0.7169230580329895,0.435384601354599
YLR314C,YDR499W,0,-7.5522895,0.14129775762557983,0.7169230580329895,0.43569231033325195
YOL078W,YER024W,0,-7.5527034,0.1412121206521988,0.7169230580329895,0.4359999895095825
YBL074C,YJR004C,0,-7.5528135,0.1411265879869461,0.7169230580329895,0.4363076984882355
YOR245C,YKR022C,0,-7.5529227,0.14104115962982178,0.7169230580329895,0.43661537766456604
YDR238C,YBR081C,0,-7.5531945,0.1409558355808258,0.7169230580329895,0.436923086643219
YOR151C,YPL085W,0,-7.5536857,0.1408706158399582,0.7169230580329895,0.43723076581954956
YJR078W,YDR470C,0,-7.55468,0.14078550040721893,0.7169230580329895,0.4375384747982025
YJR160C,YGR241C,0,-7.554727,0.14070048928260803,0.7169230580329895,0.4378461539745331
YPR054W,YDL201W,0,-7.55519,0.1406155675649643,0.7169230580329895,0.43815383315086365
YBR022W,YER095W,0,-7.5557423,0.1405307650566101,0.7169230580329895,0.4384615421295166
YJL047C,YER104W,1,-7.558901,0.14104881882667542,0.7200000286102295,0.4384615421295166
YLR353W,YML074C,0,-7.5594687,0.1409638524055481,0.7200000286102295,0.43876922130584717
YER044C-A,YLR071C,0,-7.5599275,0.14087899029254913,0.7200000286102295,0.4390769302845001
YDR420W,YDR146C,0,-7.5604362,0.14079421758651733,0.7200000286102295,0.4393846094608307
YGL183C,YLL041C,0,-7.5613985,0.14070956408977509,0.7200000286102295,0.43969231843948364
YMR149W,YDR369C,0,-7.561439,0.140625,0.7200000286102295,0.4399999976158142
YDR141C,YCR065W,0,-7.5626287,0.14054054021835327,0.7200000286102295,0.44030770659446716
YPL119C,YNL188W,0,-7.56282,0.1404561847448349,0.7200000286102295,0.44061538577079773
YPR124W,YBL034C,0,-7.5639005,0.1403719186782837,0.7200000286102295,0.4409230649471283
YDR106W,YGR036C,0,-7.563915,0.14028777182102203,0.7200000286102295,0.44123077392578125
YJL122W,YBR284W,0,-7.5647936,0.14020371437072754,0.7200000286102295,0.4415384531021118
YNL094W,YGR078C,0,-7.5648637,0.1401197612285614,0.7200000286102295,0.44184616208076477
YFR046C,YPL132W,0,-7.564871,0.14003591239452362,0.7200000286102295,0.44215384125709534
YDR517W,YMR218C,0,-7.5649304,0.139952152967453,0.7200000286102295,0.4424615502357483
YIR019C,YMR022W,0,-7.5650954,0.13986849784851074,0.7200000286102295,0.44276922941207886
YGL012W,YBR097W,0,-7.565718,0.13978494703769684,0.7200000286102295,0.4430769085884094
YHR143W,YMR255W,0,-7.5660024,0.1397014856338501,0.7200000286102295,0.4433846175670624
YBL042C,YOR256C,0,-7.5663905,0.1396181434392929,0.7200000286102295,0.44369229674339294
YJL003W,YHR143W,0,-7.566549,0.13953489065170288,0.7200000286102295,0.4440000057220459
YGR279C,YPR056W,0,-7.566975,0.13945172727108002,0.7200000286102295,0.44430768489837646
YOL088C,YLR321C,0,-7.566993,0.1393686681985855,0.7200000286102295,0.4446153938770294
YPL123C,YCR067C,0,-7.5683784,0.13928571343421936,0.7200000286102295,0.44492307305336
YCR093W,YKL032C,0,-7.5684233,0.13920284807682037,0.7200000286102295,0.44523078203201294
YNL094W,YER002W,0,-7.569567,0.13912010192871094,0.7200000286102295,0.4455384612083435
YJL054W,YLR200W,0,-7.5704446,0.13903743028640747,0.7200000286102295,0.4458461403846741
YMR049C,YOR298W,0,-7.5709333,0.13895486295223236,0.7200000286102295,0.446153849363327
YIR006C,YDR120C,0,-7.571366,0.1388723999261856,0.7200000286102295,0.4464615285396576
YOL027C,YLR316C,0,-7.572388,0.1387900412082672,0.7200000286102295,0.44676923751831055
YPL271W,YHL025W,0,-7.572942,0.13870777189731598,0.7200000286102295,0.4470769166946411
YHL019C,YDR073W,0,-7.5732045,0.1386255919933319,0.7200000286102295,0.44738462567329407
YMR008C,YDR285W,0,-7.5739284,0.1385435163974762,0.7200000286102295,0.44769230484962463
YDR118W,YPL058C,0,-7.5740323,0.13846154510974884,0.7200000286102295,0.4480000138282776
YJR050W,YPL055C,0,-7.5747113,0.13837966322898865,0.7200000286102295,0.44830769300460815
YBR133C,YHR062C,0,-7.5761127,0.13829787075519562,0.7200000286102295,0.4486153721809387
YDL147W,YMR117C,0,-7.5761437,0.13821618258953094,0.7200000286102295,0.4489230811595917
YPL187W,YJL053W,0,-7.5762095,0.13813459873199463,0.7200000286102295,0.44923076033592224
YOL027C,YHR077C,0,-7.576793,0.13805310428142548,0.7200000286102295,0.4495384693145752
YOR267C,YHL002W,0,-7.5770965,0.1379716992378235,0.7200000286102295,0.44984614849090576
YMR068W,YDR494W,0,-7.5771832,0.13789039850234985,0.7200000286102295,0.4501538574695587
YNL290W,YDR293C,0,-7.5788045,0.13780918717384338,0.7200000286102295,0.4504615366458893
YMR276W,YOR116C,0,-7.5789423,0.13772808015346527,0.7200000286102295,0.45076924562454224
YNL232W,YBR195C,0,-7.579496,0.13764706254005432,0.7200000286102295,0.4510769248008728
YMR211W,YOR008C,0,-7.5810227,0.13756613433361053,0.7200000286102295,0.45138460397720337
YPL164C,YOL028C,0,-7.581603,0.1374853104352951,0.7200000286102295,0.4516923129558563
YLR316C,YKL041W,0,-7.5824203,0.13740457594394684,0.7200000286102295,0.4519999921321869
YGL029W,YGL168W,0,-7.582771,0.13732394576072693,0.7200000286102295,0.45230770111083984
YOL042W,YNL054W,0,-7.5840845,0.13724340498447418,0.7200000286102295,0.4526153802871704
YOL068C,YLL002W,1,-7.5848308,0.13774912059307098,0.7230769395828247,0.4526153802871704
YEL029C,YKL074C,0,-7.5851884,0.1376684308052063,0.7230769395828247,0.45292308926582336
YLR449W,YOL068C,1,-7.5858874,0.13817329704761505,0.7261538505554199,0.45292308926582336
YML036W,YBR294W,0,-7.5858903,0.13809245824813843,0.7261538505554199,0.45323076844215393
YDR016C,YCR037C,0,-7.586062,0.13801169395446777,0.7261538505554199,0.4535384476184845
YGR204W,YDR330W,0,-7.5866456,0.13793103396892548,0.7261538505554199,0.45384615659713745
YJL168C,YOR004W,0,-7.5867295,0.13785046339035034,0.7261538505554199,0.454153835773468
YGR167W,YMR199W,0,-7.5874214,0.13776999711990356,0.7261538505554199,0.45446154475212097
YDR254W,YAL026C,0,-7.587938,0.13768962025642395,0.7261538505554199,0.45476922392845154
YEL032W,YPL176C,0,-7.5880485,0.1376093327999115,0.7261538505554199,0.4550769329071045
YBL014C,YLR466W,0,-7.588055,0.1375291347503662,0.7261538505554199,0.45538461208343506
YLR189C,YNL250W,0,-7.5882382,0.13744904100894928,0.7261538505554199,0.455692321062088
YIR023W,YIR011C,0,-7.5889964,0.1373690366744995,0.7261538505554199,0.4560000002384186
YLR229C,YDR324C,0,-7.5895147,0.1372891217470169,0.7261538505554199,0.45630767941474915
YLR214W,YGR264C,0,-7.5897093,0.13720929622650146,0.7261538505554199,0.4566153883934021
YBL014C,YDR280W,0,-7.5900207,0.13712957501411438,0.7261538505554199,0.45692306756973267
YKL206C,YIL073C,0,-7.5900717,0.13704994320869446,0.7261538505554199,0.4572307765483856
YOL064C,YPR024W,0,-7.591065,0.1369704008102417,0.7261538505554199,0.4575384557247162
YMR182C,YLR039C,0,-7.5919843,0.1368909478187561,0.7261538505554199,0.45784616470336914
YNL116W,YAL017W,0,-7.592794,0.13681159913539886,0.7261538505554199,0.4581538438796997
YML031W,YBL014C,0,-7.5934014,0.1367323249578476,0.7261538505554199,0.45846155285835266
YLR418C,YMR235C,0,-7.593536,0.13665315508842468,0.7261538505554199,0.4587692320346832
YGR113W,YIR013C,0,-7.593772,0.13657407462596893,0.7261538505554199,0.4590769112110138
YMR112C,YML059C,0,-7.594067,0.13649508357048035,0.7261538505554199,0.45938462018966675
YCL024W,YLR357W,0,-7.5941057,0.13641618192195892,0.7261538505554199,0.4596922993659973
YDL147W,YNL079C,0,-7.5945115,0.13633738458156586,0.7261538505554199,0.46000000834465027
YNL219C,YBR216C,0,-7.595284,0.13625866174697876,0.7261538505554199,0.46030768752098083
YPR103W,YDR235W,0,-7.595408,0.13618002831935883,0.7261538505554199,0.4606153964996338
YHR094C,YOR298W,0,-7.595631,0.13610149919986725,0.7261538505554199,0.46092307567596436
YLR220W,YBR058C,0,-7.596703,0.13602305948734283,0.7261538505554199,0.4612307548522949
YEL066W,YLR141W,0,-7.59712,0.1359446942806244,0.7261538505554199,0.4615384638309479
YGL206C,YOL028C,0,-7.597135,0.1358664333820343,0.7261538505554199,0.46184614300727844
YJL124C,YFR002W,0,-7.597402,0.13578826189041138,0.7261538505554199,0.4621538519859314
YCR106W,YBR169C,0,-7.5974298,0.13571017980575562,0.7261538505554199,0.46246153116226196
YLR390W-A,YMR293C,0,-7.597812,0.13563218712806702,0.7261538505554199,0.4627692401409149
YLR324W,YOR308C,0,-7.6000834,0.13555428385734558,0.7261538505554199,0.4630769193172455
YPR105C,YDR492W,0,-7.600299,0.1354764699935913,0.7261538505554199,0.46338462829589844
YOR193W,YKR062W,0,-7.6008143,0.135398730635643,0.7261538505554199,0.463692307472229
YOR085W,YBR228W,0,-7.6009774,0.13532109558582306,0.7261538505554199,0.46399998664855957
YOR020C,YDR137W,0,-7.601167,0.13524354994297028,0.7261538505554199,0.4643076956272125
YLR429W,YBR296C,0,-7.602032,0.13516609370708466,0.7261538505554199,0.4646153748035431
YHL031C,YCL059C,0,-7.602413,0.1350887268781662,0.7261538505554199,0.46492308378219604
YJR097W,YMR313C,0,-7.603925,0.1350114345550537,0.7261538505554199,0.4652307629585266
YDR091C,YBL034C,0,-7.604669,0.13493424654006958,0.7261538505554199,0.46553847193717957
YGL116W,YIL160C,0,-7.604754,0.1348571479320526,0.7261538505554199,0.46584615111351013
YKR003W,YDL033C,0,-7.6047916,0.1347801238298416,0.7261538505554199,0.4661538600921631
YJL047C,YLR003C,1,-7.6058674,0.1352739781141281,0.7292307615280151,0.4661538600921631
YNL192W,YLR292C,0,-7.606577,0.13519680500030518,0.7292307615280151,0.46646153926849365
YMR025W,YNL049C,0,-7.607071,0.1351197212934494,0.7292307615280151,0.4667692184448242
YNL272C,YDL229W,0,-7.607822,0.13504274189472198,0.7292307615280151,0.4670769274234772
YDL004W,YLR272C,0,-7.607886,0.13496583700180054,0.7292307615280151,0.46738460659980774
YMR096W,YKR056W,0,-7.6095014,0.13488902151584625,0.7292307615280151,0.4676923155784607
YKR087C,YKR028W,0,-7.612248,0.13481228053569794,0.7292307615280151,0.46799999475479126
YGR278W,YJL005W,0,-7.6126266,0.13473564386367798,0.7292307615280151,0.4683077037334442
YIL115C,YJL173C,0,-7.613421,0.13465909659862518,0.7292307615280151,0.4686153829097748
YBL084C,YHR053C,0,-7.6136436,0.13458262383937836,0.7292307615280151,0.46892306208610535
YPR120C,YOL068C,1,-7.6159244,0.13507378101348877,0.7323076725006104,0.46892306208610535
YEL019C,YOL112W,0,-7.615948,0.13499715924263,0.7323076725006104,0.4692307710647583
YLL002W,YOL006C,1,-7.616054,0.13548752665519714,0.7353846430778503,0.4692307710647583
YLR314C,YLR223C,0,-7.616063,0.13541077077388763,0.7353846430778503,0.46953845024108887
YEL071W,YMR313C,0,-7.616174,0.1353340893983841,0.7353846430778503,0.4698461592197418
YMR229C,YDR018C,0,-7.6164503,0.13525749742984772,0.7353846430778503,0.4701538383960724
YDR436W,YIL126W,0,-7.6165166,0.1351809948682785,0.7353846430778503,0.47046154737472534
YGL251C,YML029W,0,-7.6176953,0.13510458171367645,0.7353846430778503,0.4707692265510559
YKL013C,YKL194C,0,-7.617717,0.13502824306488037,0.7353846430778503,0.47107693552970886
YGL111W,YOR193W,0,-7.6179805,0.13495200872421265,0.7353846430778503,0.47138461470603943
YLR107W,YPL144W,0,-7.617993,0.1348758488893509,0.7353846430778503,0.47169229388237
YNL257C,YOR084W,0,-7.6180696,0.1347997784614563,0.7353846430778503,0.47200000286102295
YHL048W,YLL004W,0,-7.618302,0.13472378253936768,0.7353846430778503,0.4723076820373535
YJR004C,YJL187C,0,-7.6185884,0.1346478909254074,0.7353846430778503,0.47261539101600647
YGR113W,YMR006C,0,-7.618596,0.1345720738172531,0.7353846430778503,0.47292307019233704
YJL060W,YDR409W,0,-7.618698,0.13449634611606598,0.7353846430778503,0.47323077917099
YDR302W,YML065W,0,-7.6187677,0.13442069292068481,0.7353846430778503,0.47353845834732056
YOR372C,YOL147C,0,-7.6187778,0.134345144033432,0.7353846430778503,0.4738461673259735
YKR090W,YGR183C,0,-7.6193485,0.13426966965198517,0.7353846430778503,0.4741538465023041
YGR040W,YDR381W,0,-7.6197824,0.1341942697763443,0.7353846430778503,0.47446152567863464
YPL127C,YOL006C,1,-7.6198244,0.1346801370382309,0.7384615540504456,0.47446152567863464
YPR124W,YDR356W,0,-7.62088,0.13460460305213928,0.7384615540504456,0.4747692346572876
YBR193C,YMR097C,0,-7.6216903,0.13452914357185364,0.7384615540504456,0.47507691383361816
YIL150C,YNL177C,0,-7.6220007,0.13445378839969635,0.7384615540504456,0.4753846228122711
YGL144C,YOL110W,0,-7.622096,0.13437849283218384,0.7384615540504456,0.4756923019886017
YLR310C,YDR427W,0,-7.6227565,0.13430330157279968,0.7384615540504456,0.47600001096725464
YLR028C,YDL116W,0,-7.622799,0.1342281848192215,0.7384615540504456,0.4763076901435852
YMR070W,YPR178W,0,-7.6230035,0.13415315747261047,0.7384615540504456,0.47661539912223816
YGL232W,YJR019C,0,-7.6236997,0.1340782195329666,0.7384615540504456,0.4769230782985687
YDL102W,YER009W,0,-7.6238194,0.13400335609912872,0.7384615540504456,0.4772307574748993
YOR284W,YHR082C,0,-7.6252084,0.1339285671710968,0.7384615540504456,0.47753846645355225
YHR094C,YKL108W,0,-7.625371,0.13385388255119324,0.7384615540504456,0.4778461456298828
YDR378C,YAR002W,0,-7.625521,0.13377925753593445,0.7384615540504456,0.47815385460853577
YGR147C,YML025C,0,-7.626173,0.13370473682880402,0.7384615540504456,0.47846153378486633
YKL004W,YLR438C-A,0,-7.6277213,0.13363029062747955,0.7384615540504456,0.4787692427635193
YDR364C,YGR209C,0,-7.6290193,0.13355593383312225,0.7384615540504456,0.47907692193984985
YDR054C,YPL274W,0,-7.6293364,0.13348165154457092,0.7384615540504456,0.4793846011161804
YLR318W,YJR135W-A,0,-7.6294274,0.13340744376182556,0.7384615540504456,0.4796923100948334
YKL054C,YDL039C,0,-7.6298137,0.13333334028720856,0.7384615540504456,0.47999998927116394
YJR108W,YNL072W,0,-7.6298156,0.13325929641723633,0.7384615540504456,0.4803076982498169
YJL005W,YOL061W,0,-7.6316676,0.13318535685539246,0.7384615540504456,0.48061537742614746
YPL254W,YNL291C,0,-7.631741,0.13311147689819336,0.7384615540504456,0.4809230864048004
YOR308C,YLL024C,0,-7.631944,0.13303770124912262,0.7384615540504456,0.481230765581131
YPL127C,YCL061C,1,-7.632671,0.1335180103778839,0.7415384650230408,0.481230765581131
YGR169C,YLR071C,0,-7.6327987,0.13344407081604004,0.7415384650230408,0.48153847455978394
YCR027C,YPL057C,0,-7.632853,0.13337022066116333,0.7415384650230408,0.4818461537361145
YCL001W,YNL207W,0,-7.6328697,0.13329645991325378,0.7415384650230408,0.48215383291244507
YPR191W,YNR046W,0,-7.6333637,0.1332227736711502,0.7415384650230408,0.482461541891098
YOR259C,YDR018C,0,-7.6345205,0.1331491768360138,0.7415384650230408,0.4827692210674286
YOR250C,YJL201W,0,-7.634527,0.13307565450668335,0.7415384650230408,0.48307693004608154
YGL181W,YER162C,0,-7.63556,0.13300220668315887,0.7415384650230408,0.4833846092224121
YOL112W,YAL034W-A,0,-7.6359906,0.13292884826660156,0.7415384650230408,0.48369231820106506
YDR110W,YJL047C,1,-7.6362853,0.1334068328142166,0.744615375995636,0.48369231820106506
YMR043W,YPR074C,0,-7.636506,0.13333334028720856,0.744615375995636,0.48399999737739563
YFR046C,YLR270W,0,-7.637631,0.13325990736484528,0.744615375995636,0.4843077063560486
YNL275W,YNL135C,0,-7.6377697,0.13318656384944916,0.744615375995636,0.48461538553237915
YJR094C,YKL068W,0,-7.638054,0.1331133097410202,0.744615375995636,0.4849230647087097
YOR335C,YLR410W,0,-7.6390696,0.13304013013839722,0.744615375995636,0.48523077368736267
YFR021W,YBR214W,0,-7.6394305,0.1329670399427414,0.744615375995636,0.48553845286369324
YML130C,YPL092W,0,-7.6396837,0.13289400935173035,0.744615375995636,0.4858461618423462
YJL117W,YFL058W,0,-7.639807,0.13282108306884766,0.744615375995636,0.48615384101867676
YDR173C,YLR447C,0,-7.6404176,0.13274821639060974,0.744615375995636,0.4864615499973297
YBR236C,YGR212W,0,-7.640465,0.132675439119339,0.744615375995636,0.4867692291736603
YDR437W,YDL043C,0,-7.640631,0.1326027363538742,0.744615375995636,0.48707690834999084
YPR081C,YER002W,0,-7.6415987,0.1325301229953766,0.744615375995636,0.4873846173286438
YEL022W,YHR062C,0,-7.6417027,0.13245758414268494,0.744615375995636,0.48769229650497437
YPL227C,YAL029C,0,-7.6419168,0.13238511979579926,0.744615375995636,0.4880000054836273
YDR110W,YLL002W,1,-7.642343,0.1328594833612442,0.7476922869682312,0.4880000054836273
YDL137W,YLR129W,0,-7.642673,0.13278688490390778,0.7476922869682312,0.4883076846599579
YLL060C,YBR093C,0,-7.6432652,0.13271436095237732,0.7476922869682312,0.48861539363861084
YDR069C,YOL006C,1,-7.6440234,0.13318777084350586,0.7507692575454712,0.48861539363861084
YOR250C,YLR181C,0,-7.644075,0.13311511278152466,0.7507692575454712,0.4889230728149414
YNL051W,YIL132C,0,-7.644514,0.13304252922534943,0.7507692575454712,0.48923078179359436
YLR013W,YGR133W,0,-7.644693,0.13297002017498016,0.7507692575454712,0.4895384609699249
YPR031W,YNL272C,0,-7.6461916,0.13289760053157806,0.7507692575454712,0.4898461401462555
YMR163C,YIR009W,0,-7.647006,0.13282525539398193,0.7507692575454712,0.49015384912490845
YPL228W,YDR459C,0,-7.6471124,0.13275299966335297,0.7507692575454712,0.490461528301239
YCR094W,YLR107W,0,-7.6474757,0.13268080353736877,0.7507692575454712,0.49076923727989197
YPR120C,YNL273W,1,-7.6475577,0.13315217196941376,0.7538461685180664,0.49076923727989197
YLR023C,YGR166W,0,-7.648932,0.13307984173297882,0.7538461685180664,0.49107691645622253
YMR032W,YKR003W,0,-7.6490703,0.13300760090351105,0.7538461685180664,0.4913846254348755
YPL096W,YLR466W,0,-7.6498737,0.13293543457984924,0.7538461685180664,0.49169230461120605
YPL127C,YDL020C,1,-7.6511245,0.1334056407213211,0.7569230794906616,0.49169230461120605
YFR055W,YOR328W,0,-7.651449,0.13333334028720856,0.7569230794906616,0.492000013589859
YAL020C,YHR050W,0,-7.652797,0.13326109945774078,0.7569230794906616,0.4923076927661896
YOR320C,YGL145W,0,-7.6538033,0.13318894803524017,0.7569230794906616,0.49261537194252014
YGL075C,YLL036C,0,-7.655472,0.13311688601970673,0.7569230794906616,0.4929230809211731
YGL063W,YJL168C,0,-7.6569295,0.13304488360881805,0.7569230794906616,0.49323076009750366
YDL033C,YBR289W,0,-7.6576552,0.13297297060489655,0.7569230794906616,0.4935384690761566
YBR080C,YML109W,0,-7.658178,0.132901132106781,0.7569230794906616,0.4938461482524872
YLR139C,YDR381W,0,-7.6583815,0.13282936811447144,0.7569230794906616,0.49415385723114014
YJL125C,YDL059C,0,-7.6590915,0.13275769352912903,0.7569230794906616,0.4944615364074707
YEL030W,YDR228C,0,-7.659978,0.1326860785484314,0.7569230794906616,0.49476924538612366
YJL031C,YGL028C,0,-7.6611114,0.13261455297470093,0.7569230794906616,0.4950769245624542
YJR108W,YNR043W,0,-7.6616483,0.13254310190677643,0.7569230794906616,0.4953846037387848
YDR110W,YPL015C,1,-7.6618495,0.13301023840904236,0.7599999904632568,0.4953846037387848
YML077W,YMR264W,0,-7.663917,0.13293863832950592,0.7599999904632568,0.49569231271743774
YHR129C,YNL231C,0,-7.6639304,0.13286712765693665,0.7599999904632568,0.4959999918937683
YAL010C,YMR030W,0,-7.6645846,0.13279569149017334,0.7599999904632568,0.49630770087242126
YIL160C,YHR030C,0,-7.6651406,0.1327243447303772,0.7599999904632568,0.49661538004875183
YBR161W,YHR059W,0,-7.665335,0.13265305757522583,0.7599999904632568,0.4969230890274048
YNL258C,YNL031C,0,-7.66595,0.13258185982704163,0.7599999904632568,0.49723076820373535
YJR021C,YOR060C,0,-7.6671767,0.1325107365846634,0.7599999904632568,0.4975384473800659
YDR483W,YKL119C,0,-7.6677046,0.13243967294692993,0.7599999904632568,0.49784615635871887
YCL039W,YNL333W,0,-7.668207,0.13236869871616364,0.7599999904632568,0.49815383553504944
YIL103W,YKL203C,0,-7.6698685,0.1322977989912033,0.7599999904632568,0.4984615445137024
YMR231W,YOL061W,0,-7.670201,0.13222697377204895,0.7599999904632568,0.49876922369003296
YER017C,YKR037C,0,-7.6718473,0.13215623795986176,0.7599999904632568,0.4990769326686859
YGR098C,YDL093W,0,-7.671971,0.13208556175231934,0.7599999904632568,0.4993846118450165
YGR278W,YBR198C,0,-7.67203,0.13201496005058289,0.7599999904632568,0.49969232082366943
YLR295C,YBR143C,0,-7.673099,0.1319444477558136,0.7599999904632568,0.5
YDL020C,YNL206C,1,-7.6733947,0.13240790367126465,0.763076901435852,0.5
YAL040C,YDR160W,0,-7.6737175,0.13233724236488342,0.763076901435852,0.5003076791763306
YKL001C,YKR089C,0,-7.6740937,0.13226667046546936,0.763076901435852,0.5006153583526611
YMR043W,YPL196W,0,-7.6746774,0.13219615817070007,0.763076901435852,0.5009230971336365
YDL043C,YBL106C,0,-7.674884,0.13212573528289795,0.763076901435852,0.501230776309967
YGR257C,YPL096W,0,-7.675104,0.1320553719997406,0.763076901435852,0.5015384554862976
YBR121C,YGL136C,0,-7.675146,0.13198509812355042,0.763076901435852,0.5018461346626282
YKL194C,YPR108W,0,-7.6754823,0.1319148987531662,0.763076901435852,0.5021538734436035
YPL262W,YLR426W,0,-7.675656,0.13184475898742676,0.763076901435852,0.5024615526199341
YIL065C,YHR014W,0,-7.676555,0.13177470862865448,0.763076901435852,0.5027692317962646
YDR477W,YJR007W,0,-7.6772323,0.13170473277568817,0.763076901435852,0.5030769109725952
YJL170C,YDL113C,0,-7.6779118,0.13163481652736664,0.763076901435852,0.5033845901489258
YPL076W,YGR245C,0,-7.678333,0.13156498968601227,0.763076901435852,0.5036923289299011
YNL286W,YNL071W,0,-7.6789985,0.13149522244930267,0.763076901435852,0.5040000081062317
YLR035C,YOR270C,0,-7.6790986,0.13142554461956024,0.763076901435852,0.5043076872825623
YAR018C,YGL111W,0,-7.6791224,0.13135592639446259,0.763076901435852,0.5046153664588928
YIR006C,YPL041C,0,-7.6798844,0.1312863975763321,0.763076901435852,0.5049231052398682
YDL007W,YDL224C,0,-7.680087,0.13121692836284637,0.763076901435852,0.5052307844161987
YCR098C,YLR285W,0,-7.6808705,0.13114753365516663,0.763076901435852,0.5055384635925293
YPL232W,YDR400W,0,-7.682358,0.13107822835445404,0.763076901435852,0.5058461427688599
YLL002W,YNL273W,1,-7.68276,0.13153724372386932,0.766153872013092,0.5058461427688599
YDL220C,YGL225W,0,-7.6827826,0.1314677894115448,0.766153872013092,0.5061538219451904
YPL001W,YIL018W,0,-7.6832314,0.13139840960502625,0.766153872013092,0.5064615607261658
YDL078C,YMR117C,0,-7.683762,0.13132911920547485,0.766153872013092,0.5067692399024963
YOR074C,YPL274W,0,-7.6841936,0.13125988841056824,0.766153872013092,0.5070769190788269
YNL278W,YGR094W,0,-7.684365,0.1311907321214676,0.766153872013092,0.5073845982551575
YER054C,YBL041W,0,-7.684463,0.1311216503381729,0.766153872013092,0.5076923370361328
YGL116W,YAL023C,0,-7.685098,0.131052628159523,0.766153872013092,0.5080000162124634
YDR302W,YHR091C,0,-7.6853228,0.13098369538784027,0.766153872013092,0.508307695388794
YPL061W,YBR118W,0,-7.6859827,0.1309148222208023,0.766153872013092,0.5086153745651245
YPL015C,YOL006C,1,-7.686005,0.13137151300907135,0.7692307829856873,0.5086153745651245
YDR463W,YDR057W,0,-7.686067,0.13130252063274384,0.7692307829856873,0.5089230537414551
YNL331C,YNL192W,0,-7.688616,0.1312336027622223,0.7692307829856873,0.5092307925224304
YNL177C,YIL153W,0,-7.6893115,0.13116474449634552,0.7692307829856873,0.509538471698761
YGR188C,YKR097W,0,-7.689899,0.13109596073627472,0.7692307829856873,0.5098461508750916
YHR154W,YLR003C,1,-7.6909895,0.1315513700246811,0.7723076939582825,0.5098461508750916
YHR133C,YCR008W,0,-7.6910877,0.13148245215415955,0.7723076939582825,0.5101538300514221
YPL240C,YOR193W,0,-7.691315,0.13141360878944397,0.7723076939582825,0.5104615092277527
YOR011W,YGL144C,0,-7.6920953,0.13134483993053436,0.7723076939582825,0.510769248008728
YPR176C,YFR055W,0,-7.6921835,0.13127614557743073,0.7723076939582825,0.5110769271850586
YNL219C,YJR044C,0,-7.694042,0.13120752573013306,0.7723076939582825,0.5113846063613892
YKL013C,YGR238C,0,-7.6940675,0.13113898038864136,0.7723076939582825,0.5116922855377197
YKR035W-A,YDR279W,0,-7.694182,0.13107049465179443,0.7723076939582825,0.5120000243186951
YDL166C,YKR031C,0,-7.694437,0.13100208342075348,0.7723076939582825,0.5123077034950256
YMR303C,YOR085W,0,-7.6945577,0.1309337466955185,0.7723076939582825,0.5126153826713562
YJL081C,YLR450W,0,-7.6945887,0.13086548447608948,0.7723076939582825,0.5129230618476868
YFR033C,YKR014C,0,-7.6946764,0.13079729676246643,0.7723076939582825,0.5132307410240173
YJL157C,YJR049C,0,-7.6950955,0.13072916865348816,0.7723076939582825,0.5135384798049927
YPL159C,YNL138W,0,-7.6952558,0.13066111505031586,0.7723076939582825,0.5138461589813232
YLR216C,YCL069W,0,-7.6954765,0.13059313595294952,0.7723076939582825,0.5141538381576538
YDR228C,YIL101C,0,-7.695581,0.13052521646022797,0.7723076939582825,0.5144615173339844
YDR069C,YCL061C,1,-7.696587,0.13097712397575378,0.7753846049308777,0.5144615173339844
YGR109C,YLL002W,1,-7.6972966,0.1314285695552826,0.7784615159034729,0.5144615173339844
YMR199W,YKL075C,0,-7.697553,0.13136033713817596,0.7784615159034729,0.5147692561149597
YKL035W,YNL213C,0,-7.6980863,0.1312921643257141,0.7784615159034729,0.5150769352912903
YGL032C,YCR075C,0,-7.698095,0.13122406601905823,0.7784615159034729,0.5153846144676208
YGR143W,YOR308C,0,-7.69848,0.1311560422182083,0.7784615159034729,0.5156922936439514
YPL061W,YDR295C,0,-7.699437,0.13108807802200317,0.7784615159034729,0.515999972820282
YBR091C,YGR030C,0,-7.699695,0.1310202032327652,0.7784615159034729,0.5163077116012573
YDR118W,YML059C,0,-7.7000566,0.130952388048172,0.7784615159034729,0.5166153907775879
YLL008W,YDR221W,0,-7.700195,0.13088463246822357,0.7784615159034729,0.5169230699539185
YER065C,YAL047C,0,-7.700289,0.1308169662952423,0.7784615159034729,0.517230749130249
YLR449W,YJL047C,1,-7.7003264,0.13126614689826965,0.7815384864807129,0.517230749130249
YDR392W,YOR069W,0,-7.7005496,0.13119834661483765,0.7815384864807129,0.5175384879112244
YOR361C,YGR072W,0,-7.7008567,0.1311306208372116,0.7815384864807129,0.5178461670875549
YMR199W,YOL004W,0,-7.7010846,0.13106295466423035,0.7815384864807129,0.5181538462638855
YKL178C,YIL126W,0,-7.701133,0.13099536299705505,0.7815384864807129,0.5184615254402161
YDR407C,YMR088C,0,-7.701382,0.13092783093452454,0.7815384864807129,0.5187692046165466
YGR120C,YMR112C,0,-7.702845,0.13086038827896118,0.7815384864807129,0.519076943397522
YER104W,YOL006C,1,-7.7030725,0.1313079297542572,0.7846153974533081,0.519076943397522
YNR019W,YHR058C,0,-7.703625,0.1312403529882431,0.7846153974533081,0.5193846225738525
YLL060C,YNL272C,0,-7.7055235,0.13117283582687378,0.7846153974533081,0.5196923017501831
YBL006C,YHR106W,0,-7.707721,0.13110539317131042,0.7846153974533081,0.5199999809265137
YGR191W,YDR145W,0,-7.7082396,0.13103802502155304,0.7846153974533081,0.520307719707489
YDR439W,YOR193W,0,-7.7084146,0.13097073137760162,0.7846153974533081,0.5206153988838196
YGR175C,YAL029C,0,-7.708545,0.13090349733829498,0.7846153974533081,0.5209230780601501
YBR205W,YDR499W,0,-7.7085786,0.13083632290363312,0.7846153974533081,0.5212307572364807
YPR034W,YNL192W,0,-7.7085805,0.13076923787593842,0.7846153974533081,0.5215384364128113
YER065C,YDL064W,0,-7.708589,0.1307021975517273,0.7846153974533081,0.5218461751937866
YHL038C,YGR167W,0,-7.7089186,0.13063524663448334,0.7846153974533081,0.5221538543701172
YOR381W,YFL022C,0,-7.710134,0.13056835532188416,0.7846153974533081,0.5224615335464478
YDR384C,YFR055W,0,-7.710684,0.13050153851509094,0.7846153974533081,0.5227692127227783
YOL008W,YDR073W,0,-7.710961,0.1304347813129425,0.7846153974533081,0.5230769515037537
YPR137W,YNL012W,0,-7.7112765,0.13036809861660004,0.7846153974533081,0.5233846306800842
YNR057C,YGR020C,0,-7.7114363,0.13030147552490234,0.7846153974533081,0.5236923098564148
YGR204W,YPR198W,0,-7.7117,0.13023492693901062,0.7846153974533081,0.5239999890327454
YJR147W,YGL126W,0,-7.7118564,0.13016845285892487,0.7846153974533081,0.5243076682090759
YNR030W,YJL146W,0,-7.712424,0.1301020383834839,0.7846153974533081,0.5246154069900513
YJR053W,YDR115W,0,-7.7133822,0.13003569841384888,0.7846153974533081,0.5249230861663818
YJR084W,YLR119W,0,-7.713406,0.12996941804885864,0.7846153974533081,0.5252307653427124
YMR281W,YOR290C,0,-7.714269,0.12990321218967438,0.7846153974533081,0.525538444519043
YEL029C,YDR322C-A,0,-7.714439,0.1298370659351349,0.7846153974533081,0.5258461833000183
YER104W,YNL273W,1,-7.7155666,0.13027989864349365,0.7876923084259033,0.5258461833000183
YDL043C,YGL022W,0,-7.7157974,0.1302136331796646,0.7876923084259033,0.5261538624763489
YNL051W,YER161C,0,-7.7161393,0.13014742732048035,0.7876923084259033,0.5264615416526794
YDR016C,YJL134W,0,-7.7161484,0.13008129596710205,0.7876923084259033,0.52676922082901
YJL109C,YGR020C,0,-7.716277,0.13001523911952972,0.7876923084259033,0.5270769000053406
YLR246W,YJL167W,0,-7.716744,0.12994924187660217,0.7876923084259033,0.5273846387863159
YLL001W,YMR058W,0,-7.7176967,0.1298833042383194,0.7876923084259033,0.5276923179626465
YOR040W,YOR237W,0,-7.718946,0.1298174411058426,0.7876923084259033,0.527999997138977
YDR016C,YBR195C,0,-7.7192416,0.12975165247917175,0.7876923084259033,0.5283076763153076
YLR085C,YGR089W,0,-7.719245,0.1296859234571457,0.7876923084259033,0.5286153554916382
YNL199C,YKL099C,0,-7.7209682,0.1296202540397644,0.7876923084259033,0.5289230942726135
YER094C,YGR112W,0,-7.721271,0.1295546591281891,0.7876923084259033,0.5292307734489441
YNR053C,YPL233W,0,-7.721516,0.12948912382125854,0.7876923084259033,0.5295384526252747
YCL039W,YOL088C,0,-7.721523,0.12942366302013397,0.7876923084259033,0.5298461318016052
YDR264C,YLR264W,0,-7.7218833,0.12935826182365417,0.7876923084259033,0.5301538705825806
YHR102W,YHR170W,0,-7.7229257,0.12929293513298035,0.7876923084259033,0.5304615497589111
YDL132W,YKL143W,0,-7.7247367,0.1292276680469513,0.7876923084259033,0.5307692289352417
YGR120C,YBL090W,0,-7.725645,0.12916246056556702,0.7876923084259033,0.5310769081115723
YPR049C,YBR143C,0,-7.725942,0.1290973275899887,0.7876923084259033,0.5313845872879028
YDR110W,YLR003C,1,-7.725998,0.12953628599643707,0.7907692193984985,0.5313845872879028
YFR050C,YOL080C,0,-7.7261667,0.1294710338115692,0.7907692193984985,0.5316923260688782
YGR267C,YCR091W,0,-7.7268643,0.12940584123134613,0.7907692193984985,0.5320000052452087
YJL081C,YGR091W,0,-7.7271695,0.12934070825576782,0.7907692193984985,0.5323076844215393
YOL158C,YPL116W,0,-7.727754,0.12927564978599548,0.7907692193984985,0.5326153635978699
YEL066W,YDR356W,0,-7.7289653,0.1292106658220291,0.7907692193984985,0.5329231023788452
YPL140C,YLR136C,0,-7.729526,0.12914572656154633,0.7907692193984985,0.5332307815551758
YML118W,YDL007W,0,-7.7298684,0.1290808618068695,0.7907692193984985,0.5335384607315063
YOR195W,YML028W,0,-7.7301497,0.12901607155799866,0.7907692193984985,0.5338461399078369
YMR136W,YHR091C,0,-7.730526,0.1289513260126114,0.7907692193984985,0.5341538190841675
YGR245C,YML007W,0,-7.7311726,0.1288866549730301,0.7907692193984985,0.5344615578651428
YML057W,YCR020W-B,0,-7.7311916,0.12882205843925476,0.7907692193984985,0.5347692370414734
YBL013W,YDL064W,0,-7.731846,0.1287575215101242,0.7907692193984985,0.535076916217804
YIR019C,YDR045C,0,-7.731898,0.12869304418563843,0.7907692193984985,0.5353845953941345
YCR106W,YMR133W,0,-7.73192,0.12862862646579742,0.7907692193984985,0.5356923341751099
YLR380W,YOR151C,0,-7.732014,0.1285642832517624,0.7907692193984985,0.5360000133514404
YAL020C,YMR137C,0,-7.732175,0.12849999964237213,0.7907692193984985,0.536307692527771
YBR199W,YHR038W,0,-7.732309,0.12843577563762665,0.7907692193984985,0.5366153717041016
YLR096W,YER006W,0,-7.733241,0.12837162613868713,0.7907692193984985,0.5369230508804321
YJR001W,YPL152W,0,-7.73331,0.1283075362443924,0.7907692193984985,0.5372307896614075
YLR449W,YNL218W,1,-7.7342896,0.128742516040802,0.7938461303710938,0.5372307896614075
YLR141W,YDR103W,0,-7.7346563,0.1286783069372177,0.7938461303710938,0.537538468837738
YLR429W,YFR027W,0,-7.7351227,0.1286141574382782,0.7938461303710938,0.5378461480140686
YCR093W,YNL326C,0,-7.735155,0.12855006754398346,0.7938461303710938,0.5381538271903992
YMR161W,YDR225W,0,-7.7352004,0.1284860521554947,0.7938461303710938,0.5384615659713745
YDL051W,YPR009W,0,-7.735864,0.1284220963716507,0.7938461303710938,0.5387692451477051
YJR004C,YBR156C,0,-7.7368555,0.12835821509361267,0.7938461303710938,0.5390769243240356
YGL043W,YAL055W,0,-7.7371664,0.12829437851905823,0.7938461303710938,0.5393846035003662
YBL097W,YER054C,0,-7.737673,0.12823061645030975,0.7938461303710938,0.5396922826766968
YOL124C,YGR172C,0,-7.737787,0.12816691398620605,0.7938461303710938,0.5400000214576721
YGR204W,YKL007W,0,-7.739121,0.12810327112674713,0.7938461303710938,0.5403077006340027
YLR022C,YKL051W,0,-7.7393217,0.12803970277309418,0.7938461303710938,0.5406153798103333
YBR133C,YGR086C,0,-7.7396083,0.127976194024086,0.7938461303710938,0.5409230589866638
YPR017C,YNL236W,0,-7.7398286,0.1279127448797226,0.7938461303710938,0.5412307977676392
YBR217W,YKL054C,0,-7.739913,0.12784935534000397,0.7938461303710938,0.5415384769439697
YBL011W,YKR014C,0,-7.7404766,0.12778602540493011,0.7938461303710938,0.5418461561203003
YAL031C,YBL011W,0,-7.741812,0.12772276997566223,0.7938461303710938,0.5421538352966309
YDL069C,YPR075C,0,-7.742279,0.12765957415103912,0.7938461303710938,0.5424615144729614
YDR022C,YBR250W,0,-7.7424383,0.1275964379310608,0.7938461303710938,0.5427692532539368
YDL035C,YDR088C,0,-7.74309,0.12753336131572723,0.7938461303710938,0.5430769324302673
YKL134C,YGL213C,0,-7.7437468,0.12747035920619965,0.7938461303710938,0.5433846116065979
YKL007W,YFL033C,0,-7.7437887,0.12740740180015564,0.7938461303710938,0.5436922907829285
YPL127C,YNL206C,1,-7.7451944,0.1278381049633026,0.7969231009483337,0.5436922907829285
YKR097W,YJL143W,0,-7.7452097,0.12777504324913025,0.7969231009483337,0.5440000295639038
YPL124W,YDR103W,0,-7.745686,0.12771202623844147,0.7969231009483337,0.5443077087402344
YPR120C,YLR003C,1,-7.7457013,0.12814193964004517,0.800000011920929,0.5443077087402344
YOR201C,YIL018W,0,-7.746117,0.12807881832122803,0.800000011920929,0.5446153879165649
YMR200W,YDR447C,0,-7.746821,0.12801575660705566,0.800000011920929,0.5449230670928955
YDR182W,YJL146W,0,-7.747456,0.12795275449752808,0.800000011920929,0.5452307462692261
YNL218W,YJL047C,1,-7.747684,0.12838169932365417,0.8030769228935242,0.5452307462692261
YDL192W,YGR134W,0,-7.7480435,0.12831857800483704,0.8030769228935242,0.5455384850502014
YMR075W,YOR127W,0,-7.748302,0.12825553119182587,0.8030769228935242,0.545846164226532
YJL122W,YLR023C,0,-7.7483745,0.12819252908229828,0.8030769228935242,0.5461538434028625
YMR048W,YDL020C,1,-7.748381,0.12862052023410797,0.8061538338661194,0.5461538434028625
YNL318C,YBR061C,0,-7.7487354,0.12855741381645203,0.8061538338661194,0.5464615225791931
YDL004W,YGL089C,0,-7.749189,0.12849436700344086,0.8061538338661194,0.5467692017555237
YCL011C,YNR032W,0,-7.749599,0.12843137979507446,0.8061538338661194,0.547076940536499
YDL111C,YFL058W,0,-7.750028,0.12836845219135284,0.8061538338661194,0.5473846197128296
YJR055W,YKL188C,0,-7.7504673,0.128305584192276,0.8061538338661194,0.5476922988891602
YDR069C,YNL273W,1,-7.7516046,0.12873224914073944,0.8092307448387146,0.5476922988891602
YNL099C,YNL334C,0,-7.7518797,0.12866927683353424,0.8092307448387146,0.5479999780654907
YPR021C,YCR093W,0,-7.7521152,0.12860636413097382,0.8092307448387146,0.5483077168464661
YIL115C,YBL011W,0,-7.7522826,0.12854349613189697,0.8092307448387146,0.5486153960227966
YGL130W,YDR062W,0,-7.752581,0.1284807026386261,0.8092307448387146,0.5489230751991272
YNR007C,YER040W,0,-7.7527385,0.12841796875,0.8092307448387146,0.5492307543754578
YGR119C,YPR056W,0,-7.75567,0.12835529446601868,0.8092307448387146,0.5495384335517883
YGR113W,YNL264C,0,-7.7564034,0.12829267978668213,0.8092307448387146,0.5498461723327637
YLR096W,YGL135W,0,-7.756642,0.12823012471199036,0.8092307448387146,0.5501538515090942
YIR013C,YEL024W,0,-7.757365,0.12816764414310455,0.8092307448387146,0.5504615306854248
YNL182C,YDR218C,0,-7.7574306,0.12810520827770233,0.8092307448387146,0.5507692098617554
YNL042W,YKL058W,0,-7.757961,0.12804284691810608,0.8092307448387146,0.5510769486427307
YFR027W,YGR200C,0,-7.758291,0.1279805302619934,0.8092307448387146,0.5513846278190613
YBR042C,YLR368W,0,-7.7585244,0.1279182881116867,0.8092307448387146,0.5516923069953918
YER146W,YLR403W,0,-7.758901,0.12785610556602478,0.8092307448387146,0.5519999861717224
YLR095C,YOR047C,0,-7.759247,0.12779396772384644,0.8092307448387146,0.552307665348053
YMR117C,YDR247W,0,-7.759565,0.12773190438747406,0.8092307448387146,0.5526154041290283
YGR099W,YPR139C,0,-7.759773,0.12766990065574646,0.8092307448387146,0.5529230833053589
YLR097C,YJR118C,0,-7.7637234,0.12760795652866364,0.8092307448387146,0.5532307624816895
YFL039C,YNR001C,0,-7.7637577,0.12754607200622559,0.8092307448387146,0.55353844165802
YEL071W,YOR157C,0,-7.764357,0.1274842470884323,0.8092307448387146,0.5538461804389954
YDR085C,YNL116W,0,-7.764478,0.1274224817752838,0.8092307448387146,0.5541538596153259
YJR047C,YNL078W,0,-7.7670684,0.1273607760667801,0.8092307448387146,0.5544615387916565
YLR206W,YPL075W,0,-7.7686253,0.12729912996292114,0.8092307448387146,0.5547692179679871
YDR508C,YBL002W,0,-7.7689223,0.12723754346370697,0.8092307448387146,0.5550768971443176
YDR038C,YDR078C,0,-7.769323,0.12717601656913757,0.8092307448387146,0.555384635925293
YJL146W,YGR074W,0,-7.7707515,0.12711454927921295,0.8092307448387146,0.5556923151016235
YGL032C,YHR142W,0,-7.771186,0.1270531415939331,0.8092307448387146,0.5559999942779541
YNL078W,YBR188C,0,-7.772427,0.12699179351329803,0.8092307448387146,0.5563076734542847
YMR247C,YKR020W,0,-7.772736,0.12693050503730774,0.8092307448387146,0.55661541223526
YPL094C,YNL334C,0,-7.7727675,0.12686927616596222,0.8092307448387146,0.5569230914115906
YOL044W,YCR057C,0,-7.773148,0.12680810689926147,0.8092307448387146,0.5572307705879211
YBL085W,YJR160C,0,-7.7736716,0.1267469823360443,0.8092307448387146,0.5575384497642517
YGR257C,YBR167C,0,-7.7743673,0.12668593227863312,0.8092307448387146,0.5578461289405823
YJR059W,YOR191W,0,-7.7747564,0.1266249418258667,0.8092307448387146,0.5581538677215576
YOR229W,YPR107C,0,-7.775163,0.12656401097774506,0.8092307448387146,0.5584615468978882
YIR008C,YOR045W,0,-7.77583,0.126503124833107,0.8092307448387146,0.5587692260742188
YKL172W,YPL002C,0,-7.7759905,0.1264423131942749,0.8092307448387146,0.5590769052505493
YML006C,YDL147W,0,-7.7761455,0.1263815462589264,0.8092307448387146,0.5593846440315247
YDR270W,YGL257C,0,-7.776479,0.12632083892822266,0.8092307448387146,0.5596923232078552
YPL127C,YLL002W,1,-7.7788296,0.12674027681350708,0.8123077154159546,0.5596923232078552
YBR257W,YOR117W,0,-7.7790103,0.126679465174675,0.8123077154159546,0.5600000023841858
YMR096W,YJL004C,0,-7.7802057,0.12661869823932648,0.8123077154159546,0.5603076815605164
YDR421W,YDR507C,0,-7.781738,0.12655800580978394,0.8123077154159546,0.5606153607368469
YOR061W,YNL004W,0,-7.7818284,0.12649735808372498,0.8123077154159546,0.5609230995178223
YDR143C,YJR044C,0,-7.7837625,0.12643678486347198,0.8123077154159546,0.5612307786941528
YLR115W,YOR231W,0,-7.785382,0.12637625634670258,0.8123077154159546,0.5615384578704834
YJR147W,YPL274W,0,-7.7864127,0.12631578743457794,0.8123077154159546,0.561846137046814
YOL165C,YKR003W,0,-7.7865067,0.12625537812709808,0.8123077154159546,0.5621538758277893
YGR193C,YDR523C,0,-7.7867107,0.126195028424263,0.8123077154159546,0.5624615550041199
YNL331C,YLR115W,0,-7.7867675,0.1261347383260727,0.8123077154159546,0.5627692341804504
YMR097C,YGL227W,0,-7.7869344,0.12607449293136597,0.8123077154159546,0.563076913356781
YDL231C,YDR140W,0,-7.7877545,0.1260143220424652,0.8123077154159546,0.5633845925331116
YDR182W,YMR285C,0,-7.7883744,0.12595419585704803,0.8123077154159546,0.5636923313140869
YKR036C,YHR075C,0,-7.7895103,0.12589412927627563,0.8123077154159546,0.5640000104904175
YDR492W,YMR137C,0,-7.7912865,0.125834122300148,0.8123077154159546,0.564307689666748
YDR255C,YGR020C,0,-7.792955,0.12577417492866516,0.8123077154159546,0.5646153688430786
YPR193C,YPL133C,0,-7.7944074,0.1257142871618271,0.8123077154159546,0.5649230480194092
YPL097W,YHR026W,0,-7.795198,0.1256544440984726,0.8123077154159546,0.5652307868003845
YJR147W,YDR395W,0,-7.7961454,0.12559467554092407,0.8123077154159546,0.5655384659767151
YNL248C,YER019C-A,0,-7.7990737,0.12553495168685913,0.8123077154159546,0.5658461451530457
YLR303W,YEL013W,0,-7.800652,0.12547528743743896,0.8123077154159546,0.5661538243293762
YLR350W,YDR073W,0,-7.8006897,0.12541568279266357,0.8123077154159546,0.5664615631103516
YHR058C,YDR071C,0,-7.8009515,0.12535612285137177,0.8123077154159546,0.5667692422866821
YDL024C,YHR058C,0,-7.801418,0.12529663741588593,0.8123077154159546,0.5670769214630127
YOL158C,YKL201C,0,-7.8015842,0.12523719668388367,0.8123077154159546,0.5673846006393433
YIL042C,YAR042W,0,-7.8021417,0.12517781555652618,0.8123077154159546,0.5676922798156738
YNL218W,YOL006C,1,-7.8021426,0.1255924105644226,0.8153846263885498,0.5676922798156738
YFL031W,YPL159C,0,-7.8022237,0.12553292512893677,0.8153846263885498,0.5680000185966492
YHR027C,YPR133W-A,0,-7.802439,0.1254734843969345,0.8153846263885498,0.5683076977729797
YOL042W,YDR045C,0,-7.80323,0.12541410326957703,0.8153846263885498,0.5686153769493103
YDR258C,YKL058W,0,-7.8035846,0.12535478174686432,0.8153846263885498,0.5689230561256409
YLR449W,YJR046W,1,-7.8046255,0.12576831877231598,0.818461537361145,0.5689230561256409
YER157W,YMR039C,0,-7.805895,0.12570887804031372,0.818461537361145,0.5692307949066162
YER157W,YBR035C,0,-7.805965,0.12564949691295624,0.818461537361145,0.5695384740829468
YDR483W,YDR487C,0,-7.8060436,0.12559017539024353,0.818461537361145,0.5698461532592773
YCL038C,YBR221C,0,-7.806676,0.1255309134721756,0.818461537361145,0.5701538324356079
YBR057C,YER126C,0,-7.8069377,0.12547169625759125,0.818461537361145,0.5704615116119385
YNL286W,YPR191W,0,-7.807667,0.12541253864765167,0.818461537361145,0.5707692503929138
YDL164C,YBR026C,0,-7.8079886,0.12535344064235687,0.818461537361145,0.5710769295692444
YDR151C,YAR042W,0,-7.808016,0.12529438734054565,0.818461537361145,0.571384608745575
YOL082W,YJL178C,0,-7.8081427,0.1252354085445404,0.818461537361145,0.5716922879219055
YHR053C,YDL024C,0,-7.8083396,0.12517647445201874,0.818461537361145,0.5720000267028809
YPR124W,YMR313C,0,-7.808451,0.12511758506298065,0.818461537361145,0.5723077058792114
YLL043W,YDR306C,0,-7.8085966,0.12505877017974854,0.818461537361145,0.572615385055542
YJL122W,YLR429W,0,-7.8090463,0.125,0.818461537361145,0.5729230642318726
YPL127C,YOL068C,1,-7.81159,0.1254109889268875,0.8215384483337402,0.5729230642318726
YDR376W,YNR049C,0,-7.812078,0.12535211443901062,0.8215384483337402,0.5732307434082031
YOR040W,YNL309W,0,-7.8126297,0.1252932846546173,0.8215384483337402,0.5735384821891785
YNL117W,YER022W,0,-7.813257,0.12523451447486877,0.8215384483337402,0.573846161365509
YJL030W,YMR146C,0,-7.813297,0.12517580389976501,0.8215384483337402,0.5741538405418396
YNL219C,YCR066W,0,-7.813465,0.12511715292930603,0.8215384483337402,0.5744615197181702
YOR056C,YHR172W,0,-7.8138566,0.12505854666233063,0.8215384483337402,0.5747692584991455
YOL123W,YGR212W,0,-7.8163247,0.125,0.8215384483337402,0.5750769376754761
YIR008C,YPL063W,0,-7.81648,0.12494150549173355,0.8215384483337402,0.5753846168518066
YDL099W,YPL129W,0,-7.8168416,0.12488307058811188,0.8215384483337402,0.5756922960281372
YGR147C,YDL081C,0,-7.8168902,0.12482468783855438,0.8215384483337402,0.5759999752044678
YPL061W,YPL019C,0,-7.817873,0.12476635724306107,0.8215384483337402,0.5763077139854431
YER045C,YNL029C,0,-7.8179765,0.12470807880163193,0.8215384483337402,0.5766153931617737
YJR097W,YDR017C,0,-7.8181005,0.12464985996484756,0.8215384483337402,0.5769230723381042
YJR078W,YGR056W,0,-7.8194623,0.12459169328212738,0.8215384483337402,0.5772307515144348
YGL257C,YMR093W,0,-7.8196015,0.12453357875347137,0.8215384483337402,0.5775384902954102
YGR142W,YIR011C,0,-7.8207335,0.12447552382946014,0.8215384483337402,0.5778461694717407
YDL020C,YNL273W,1,-7.820926,0.1248835027217865,0.8246153593063354,0.5778461694717407
YML006C,YGL181W,0,-7.8224626,0.12482533603906631,0.8246153593063354,0.5781538486480713
YDL099W,YGR252W,0,-7.8240285,0.1247672289609909,0.8246153593063354,0.5784615278244019
YLR390W-A,YBL014C,0,-7.824216,0.12470916658639908,0.8246153593063354,0.5787692070007324
YPR124W,YOL026C,0,-7.8247085,0.12465116381645203,0.8246153593063354,0.5790769457817078
YKR054C,YOR142W,0,-7.8250384,0.12459321320056915,0.8246153593063354,0.5793846249580383
YHR118C,YLR119W,0,-7.825173,0.12453531473875046,0.8246153593063354,0.5796923041343689
YHL003C,YDR484W,0,-7.8260045,0.12447747588157654,0.8246153593063354,0.5799999833106995
YGR288W,YNL287W,0,-7.826133,0.1244196817278862,0.8246153593063354,0.5803077220916748
YGR120C,YIL110W,0,-7.8272567,0.12436194717884064,0.8246153593063354,0.5806154012680054
YBL005W,YCR035C,0,-7.8274994,0.12430426478385925,0.8246153593063354,0.5809230804443359
YMR036C,YLR430W,0,-7.827548,0.12424664199352264,0.8246153593063354,0.5812307596206665
YDR188W,YOL027C,0,-7.829084,0.12418906390666962,0.8246153593063354,0.5815384387969971
YOR372C,YPL274W,0,-7.829332,0.12413154542446136,0.8246153593063354,0.5818461775779724
YFR024C-A,YOR007C,0,-7.829716,0.1240740716457367,0.8246153593063354,0.582153856754303
YBL085W,YLR340W,0,-7.8302956,0.1240166574716568,0.8246153593063354,0.5824615359306335
YJL196C,YKL064W,0,-7.8307166,0.12395929545164108,0.8246153593063354,0.5827692151069641
YPL057C,YOL125W,0,-7.83072,0.12390198558568954,0.8246153593063354,0.5830768942832947
YDR147W,YDR288W,0,-7.830896,0.12384473532438278,0.8246153593063354,0.58338463306427
YHR191C,YDR484W,0,-7.8322806,0.1237875297665596,0.8246153593063354,0.5836923122406006
YDL035C,YNL012W,0,-7.832458,0.1237303763628006,0.8246153593063354,0.5839999914169312
YPL244C,YGR104C,0,-7.83325,0.12367328256368637,0.8246153593063354,0.5843076705932617
YLR201C,YLR451W,0,-7.83353,0.12361623346805573,0.8246153593063354,0.5846154093742371
YDL040C,YHR060W,0,-7.833599,0.12355924397706985,0.8246153593063354,0.5849230885505676
YNL133C,YPL089C,0,-7.836056,0.12350230664014816,0.8246153593063354,0.5852307677268982
YDL115C,YJL045W,0,-7.8369145,0.12344541400671005,0.8246153593063354,0.5855384469032288
YPL170W,YPL124W,0,-7.8371987,0.12338858097791672,0.8246153593063354,0.5858461260795593
YJL033W,YLR360W,0,-7.8382287,0.12333180010318756,0.8246153593063354,0.5861538648605347
YAL035W,YPL274W,0,-7.83837,0.12327507138252258,0.8246153593063354,0.5864615440368652
YDL046W,YLR145W,0,-7.838509,0.12321838736534119,0.8246153593063354,0.5867692232131958
YOR058C,YHR031C,0,-7.8387666,0.12316176295280457,0.8246153593063354,0.5870769023895264
YNR016C,YJL110C,0,-7.8390274,0.12310519069433212,0.8246153593063354,0.5873846411705017
YHR052W,YPL089C,0,-7.8391333,0.12304867058992386,0.8246153593063354,0.5876923203468323
YMR285C,YKL045W,0,-7.841412,0.12299219518899918,0.8246153593063354,0.5879999995231628
YDR284C,YDR088C,0,-7.841918,0.12293577939271927,0.8246153593063354,0.5883076786994934
YMR163C,YDR091C,0,-7.842416,0.12287941575050354,0.8246153593063354,0.588615357875824
YLR427W,YJL117W,0,-7.8425303,0.12282309681177139,0.8246153593063354,0.5889230966567993
YNL326C,YLR084C,0,-7.842723,0.12276683747768402,0.8246153593063354,0.5892307758331299
YPL156C,YAL047C,0,-7.8438945,0.12271062284708023,0.8246153593063354,0.5895384550094604
YPR006C,YLR371W,0,-7.8445415,0.12265446037054062,0.8246153593063354,0.589846134185791
YKR097W,YBR061C,0,-7.8450108,0.12259835004806519,0.8246153593063354,0.5901538729667664
YLR220W,YOR224C,0,-7.845019,0.12254229187965393,0.8246153593063354,0.5904615521430969
YNL218W,YNL273W,1,-7.845727,0.12294332683086395,0.8276923298835754,0.5904615521430969
YDR503C,YCR020C,0,-7.8465443,0.12288716435432434,0.8276923298835754,0.5907692313194275
YJR064W,YLR382C,0,-7.847307,0.12283104658126831,0.8276923298835754,0.5910769104957581
YLR401C,YDL047W,0,-7.8475966,0.12277498841285706,0.8276923298835754,0.5913845896720886
YDR377W,YPL041C,0,-7.8477592,0.12271897494792938,0.8276923298835754,0.591692328453064
YDR106W,YMR238W,0,-7.8480535,0.12266302108764648,0.8276923298835754,0.5920000076293945
YIL132C,YLR148W,0,-7.8516736,0.12260711193084717,0.8276923298835754,0.5923076868057251
YFL055W,YKR057W,0,-7.851905,0.12255125492811203,0.8276923298835754,0.5926153659820557
YML104C,YOR265W,0,-7.8530574,0.12249544262886047,0.8276923298835754,0.592923104763031
YGL245W,YOR326W,0,-7.8533382,0.12243968993425369,0.8276923298835754,0.5932307839393616
YHR089C,YJL004C,0,-7.853537,0.1223839819431305,0.8276923298835754,0.5935384631156921
YBR290W,YDR254W,0,-7.8541718,0.12232833355665207,0.8276923298835754,0.5938461422920227
YGR275W,YJR004C,0,-7.854238,0.12227272987365723,0.8276923298835754,0.5941538214683533
YOR030W,YJR158W,0,-7.8544574,0.12221717089414597,0.8276923298835754,0.5944615602493286
YAL053W,YDR362C,0,-7.855117,0.12216167151927948,0.8276923298835754,0.5947692394256592
YGL025C,YDR238C,0,-7.8566413,0.12210621684789658,0.8276923298835754,0.5950769186019897
YGR225W,YDR346C,0,-7.8572574,0.12205081433057785,0.8276923298835754,0.5953845977783203
YJL042W,YGL205W,0,-7.8572664,0.1219954639673233,0.8276923298835754,0.5956923365592957
YDR375C,YNL042W,0,-7.8573136,0.12194016575813293,0.8276923298835754,0.5960000157356262
YDL155W,YPL092W,0,-7.8580475,0.12188491225242615,0.8276923298835754,0.5963076949119568
YMR058W,YKL189W,0,-7.8582144,0.12182971090078354,0.8276923298835754,0.5966153740882874
YLR097C,YCR020C-A,0,-7.8593845,0.12177456170320511,0.8276923298835754,0.5969230532646179
YPL193W,YDR146C,0,-7.860324,0.12171945720911026,0.8276923298835754,0.5972307920455933
YPL048W,YNL036W,0,-7.860576,0.12166440486907959,0.8276923298835754,0.5975384712219238
YKR083C,YCL059C,0,-7.8607316,0.1216094046831131,0.8276923298835754,0.5978461503982544
YIR019C,YMR239C,0,-7.8631115,0.12155444920063019,0.8276923298835754,0.598153829574585
YER100W,YMR293C,0,-7.8632984,0.12149954587221146,0.8276923298835754,0.5984615087509155
YBR085W,YOR133W,0,-7.86422,0.1214446946978569,0.8276923298835754,0.5987692475318909
YJL063C,YCR012W,0,-7.864264,0.12138988822698593,0.8276923298835754,0.5990769267082214
YJL173C,YDR280W,0,-7.8649335,0.12133513391017914,0.8276923298835754,0.599384605884552
YOR023C,YOL059W,0,-7.8651156,0.12128043174743652,0.8276923298835754,0.5996922850608826
YFR014C,YJL192C,0,-7.8653107,0.12122577428817749,0.8276923298835754,0.6000000238418579
YGR081C,YMR067C,0,-7.866573,0.12117116898298264,0.8276923298835754,0.6003077030181885
YHR026W,YAR035W,0,-7.866793,0.12111661583185196,0.8276923298835754,0.600615382194519
YPL130W,YMR125W,0,-7.8668613,0.12106210738420486,0.8276923298835754,0.6009230613708496
YMR140W,YOR060C,0,-7.8671346,0.12100764364004135,0.8276923298835754,0.6012307405471802
YGR161C,YIL144W,0,-7.867405,0.12095323950052261,0.8276923298835754,0.6015384793281555
YPR164W,YNL273W,1,-7.868083,0.1213483139872551,0.8307692408561707,0.6015384793281555
YKL019W,YPL152W,0,-7.8688345,0.1212937980890274,0.8307692408561707,0.6018461585044861
YNL233W,YBL006C,0,-7.870048,0.12123933434486389,0.8307692408561707,0.6021538376808167
YJL091C,YGR074W,0,-7.8713546,0.12118492275476456,0.8307692408561707,0.6024615168571472
YMR238W,YIL023C,0,-7.8716516,0.1211305484175682,0.8307692408561707,0.6027692556381226
YOR011W,YOR084W,0,-7.8723454,0.12107623368501663,0.8307692408561707,0.6030769348144531
YMR036C,YHR026W,0,-7.8724647,0.12102196365594864,0.8307692408561707,0.6033846139907837
YJR073C,YDR235W,0,-7.8732295,0.12096773833036423,0.8307692408561707,0.6036922931671143
YMR311C,YNL016W,0,-7.8743744,0.12091357260942459,0.8307692408561707,0.6039999723434448
YER062C,YPL144W,0,-7.8744636,0.12085944414138794,0.8307692408561707,0.6043077111244202
YJL033W,YBR228W,0,-7.875372,0.12080536782741547,0.8307692408561707,0.6046153903007507
YJR063W,YDL120W,0,-7.875928,0.12075134366750717,0.8307692408561707,0.6049230694770813
YOL016C,YLR136C,0,-7.8759775,0.12069736421108246,0.8307692408561707,0.6052307486534119
YNL325C,YPR009W,0,-7.876064,0.12064342945814133,0.8307692408561707,0.6055384874343872
YML094W,YAR035W,0,-7.8764024,0.12058954685926437,0.8307692408561707,0.6058461666107178
YGL133W,YPL212C,0,-7.8765864,0.1205357164144516,0.8307692408561707,0.6061538457870483
YGR109C,YPL015C,1,-7.8767285,0.12092815339565277,0.8338461518287659,0.6061538457870483
YHR143W,YER019C-A,0,-7.876918,0.12087421864271164,0.8338461518287659,0.6064615249633789
YDR201W,YJL222W,0,-7.877364,0.12082032859325409,0.8338461518287659,0.6067692041397095
YDR342C,YOR089C,0,-7.877501,0.12076649069786072,0.8338461518287659,0.6070769429206848
YEL071W,YPL031C,0,-7.8787026,0.12071269750595093,0.8338461518287659,0.6073846220970154
YML059C,YOR294W,0,-7.878748,0.12065894901752472,0.8338461518287659,0.607692301273346
YLR328W,YNL253W,0,-7.8799295,0.12060525268316269,0.8338461518287659,0.6079999804496765
YJR057W,YDR385W,0,-7.880214,0.12055160105228424,0.8338461518287659,0.6083077192306519
YBR023C,YBL003C,0,-7.8808804,0.12049800157546997,0.8338461518287659,0.6086153984069824
YNL245C,YGL115W,0,-7.881904,0.12044444680213928,0.8338461518287659,0.608923077583313
YLR450W,YMR167W,0,-7.883063,0.12039093673229218,0.8338461518287659,0.6092307567596436
YLL009C,YPL194W,0,-7.883149,0.12033747881650925,0.8338461518287659,0.6095384359359741
YBL003C,YBR017C,0,-7.8841815,0.1202840656042099,0.8338461518287659,0.6098461747169495
YDR235W,YPL176C,0,-7.884905,0.12023070454597473,0.8338461518287659,0.61015385389328
YNR027W,YGL025C,0,-7.8852706,0.12017738074064255,0.8338461518287659,0.6104615330696106
YDL078C,YBL034C,0,-7.8864546,0.12012411653995514,0.8338461518287659,0.6107692122459412
YGL251C,YMR241W,0,-7.886704,0.12007088959217072,0.8338461518287659,0.6110769510269165
YPL008W,YMR299C,0,-7.886807,0.12001771479845047,0.8338461518287659,0.6113846302032471
YOL006C,YLR003C,1,-7.888452,0.12040726095438004,0.8369230628013611,0.6113846302032471
YLR144C,YGL017W,0,-7.88909,0.12035398185253143,0.8369230628013611,0.6116923093795776
YER155C,YGL222C,0,-7.8892484,0.12030075490474701,0.8369230628013611,0.6119999885559082
YJL170C,YLL027W,0,-7.889584,0.12024756520986557,0.8369230628013611,0.6123076677322388
YBR298C,YOR313C,0,-7.889601,0.1201944351196289,0.8369230628013611,0.6126154065132141
YLR035C,YHR143W-A,0,-7.8899426,0.12014134228229523,0.8369230628013611,0.6129230856895447
YCL017C,YHR143W-A,0,-7.890156,0.12008830159902573,0.8369230628013611,0.6132307648658752
YIL072W,YJL109C,0,-7.8909535,0.12003530561923981,0.8369230628013611,0.6135384440422058
YGR002C,YPR133W-A,0,-7.891201,0.11998235434293747,0.8369230628013611,0.6138461828231812
YJR132W,YML060W,0,-7.891255,0.11992945522069931,0.8369230628013611,0.6141538619995117
YDR243C,YDL015C,0,-7.892017,0.11987660080194473,0.8369230628013611,0.6144615411758423
YLR380W,YGR099W,0,-7.8920426,0.11982379108667374,0.8369230628013611,0.6147692203521729
YPR120C,YGR109C,1,-7.893579,0.12021136283874512,0.8399999737739563,0.6147692203521729
YDR518W,YBL023C,0,-7.8951316,0.12015844881534576,0.8399999737739563,0.6150768995285034
YOL061W,YJL173C,0,-7.89516,0.12010558694601059,0.8399999737739563,0.6153846383094788
YCR098C,YBL002W,0,-7.8959584,0.120052769780159,0.8399999737739563,0.6156923174858093
YDR437W,YNL216W,0,-7.8984895,0.11999999731779099,0.8399999737739563,0.6159999966621399
YOL033W,YJR127C,0,-7.8996434,0.11994727700948715,0.8399999737739563,0.6163076758384705
YNL072W,YBL025W,0,-7.9020004,0.1198946014046669,0.8399999737739563,0.616615355014801
YHR069C,YER019C-A,0,-7.902124,0.11984196305274963,0.8399999737739563,0.6169230937957764
YMR055C,YDR477W,0,-7.9033103,0.11978938430547714,0.8399999737739563,0.6172307729721069
YKR027W,YCR091W,0,-7.904277,0.11973684281110764,0.8399999737739563,0.6175384521484375
YLR107W,YLR378C,0,-7.9056773,0.11968434602022171,0.8399999737739563,0.6178461313247681
YJL198W,YBL075C,0,-7.9059043,0.11963190138339996,0.8399999737739563,0.6181538701057434
YPL126W,YOR115C,0,-7.906214,0.1195795014500618,0.8399999737739563,0.618461549282074
YMR311C,YOR201C,0,-7.9065485,0.11952714622020721,0.8399999737739563,0.6187692284584045
YNL207W,YOR083W,0,-7.9067926,0.11947483569383621,0.8399999737739563,0.6190769076347351
YNL227C,YOR259C,0,-7.9068604,0.11942256987094879,0.8399999737739563,0.6193845868110657
YHR013C,YIL138C,0,-7.906933,0.11937035620212555,0.8399999737739563,0.619692325592041
YLR292C,YIR011C,0,-7.906964,0.11931817978620529,0.8399999737739563,0.6200000047683716
YLR158C,YMR044W,0,-7.907472,0.11926605552434921,0.8399999737739563,0.6203076839447021
YKL192C,YPL037C,0,-7.907733,0.11921397596597672,0.8399999737739563,0.6206153631210327
YNL218W,YDL020C,1,-7.9078174,0.11959842592477798,0.8430769443511963,0.6206153631210327
YHR067W,YDR532C,0,-7.908126,0.11954624950885773,0.8430769443511963,0.6209231019020081
YNR049C,YPR010C,0,-7.9084845,0.11949411034584045,0.8430769443511963,0.6212307810783386
YGR178C,YER129W,0,-7.908756,0.11944202333688736,0.8430769443511963,0.6215384602546692
YOR381W,YCR091W,0,-7.910636,0.11938998103141785,0.8430769443511963,0.6218461394309998
YOR288C,YDL092W,0,-7.910663,0.11933797597885132,0.8430769443511963,0.6221538186073303
YGL168W,YBR143C,0,-7.911428,0.11928602308034897,0.8430769443511963,0.6224615573883057
YGL208W,YKR014C,0,-7.911539,0.1192341148853302,0.8430769443511963,0.6227692365646362
YGR109C,YDL020C,1,-7.911811,0.11961722373962402,0.8461538553237915,0.6227692365646362
YHR015W,YPL042C,0,-7.913254,0.1195652186870575,0.8461538553237915,0.6230769157409668
YIL009C-A,YLR191W,0,-7.9142785,0.11951325833797455,0.8461538553237915,0.6233845949172974
YBR042C,YPR187W,0,-7.9145107,0.11946133524179459,0.8461538553237915,0.6236923336982727
YHR143W,YLR372W,0,-7.9146705,0.1194094642996788,0.8461538553237915,0.6240000128746033
YAR018C,YJR103W,0,-7.914988,0.1193576380610466,0.8461538553237915,0.6243076920509338
YDR097C,YBL007C,0,-7.916682,0.11930585652589798,0.8461538553237915,0.6246153712272644
YJL014W,YKR025W,0,-7.916688,0.11925411969423294,0.8461538553237915,0.624923050403595
YOL101C,YLR079W,0,-7.9175878,0.11920242756605148,0.8461538553237915,0.6252307891845703
YHR166C,YEL017C-A,0,-7.917611,0.11915078014135361,0.8461538553237915,0.6255384683609009
YER062C,YJR004C,0,-7.9183183,0.11909917742013931,0.8461538553237915,0.6258461475372314
YOL078W,YOL040C,0,-7.9201126,0.1190476194024086,0.8461538553237915,0.626153826713562
YBR092C,YLR119W,0,-7.9202056,0.11899610608816147,0.8461538553237915,0.6264615654945374
YBR195C,YPR113W,0,-7.920648,0.11894463747739792,0.8461538553237915,0.6267692446708679
YNL273W,YLR003C,1,-7.9212556,0.11932554841041565,0.8492307662963867,0.6267692446708679
YLR172C,YML091C,0,-7.922793,0.11927398294210434,0.8492307662963867,0.6270769238471985
YOR371C,YKR014C,0,-7.923568,0.11922246217727661,0.8492307662963867,0.627384603023529
YOL082W,YHR086W,0,-7.924421,0.11917098611593246,0.8492307662963867,0.6276922821998596
YLR309C,YIR019C,0,-7.924422,0.1191195547580719,0.8492307662963867,0.628000020980835
YLR047C,YLR266C,0,-7.9248376,0.11906816065311432,0.8492307662963867,0.6283077001571655
YLR363C,YPR140W,0,-7.925518,0.11901681870222092,0.8492307662963867,0.6286153793334961
YPR120C,YDL020C,1,-7.9259377,0.11939655244350433,0.8523076772689819,0.6286153793334961
YNL051W,YLR459W,0,-7.925992,0.11934510618448257,0.8523076772689819,0.6289230585098267
YJL116C,YDR178W,0,-7.9267254,0.119293712079525,0.8523076772689819,0.629230797290802
YPL271W,YIL010W,0,-7.926742,0.119242362678051,0.8523076772689819,0.6295384764671326
YPL008W,YOR069W,0,-7.9277253,0.11919105052947998,0.8523076772689819,0.6298461556434631
YER009W,YDL043C,0,-7.9298973,0.11913978308439255,0.8523076772689819,0.6301538348197937
YPL241C,YER166W,0,-7.930084,0.1190885603427887,0.8523076772689819,0.6304615139961243
YLR015W,YNL293W,0,-7.9315805,0.11903738975524902,0.8523076772689819,0.6307692527770996
YPL015C,YNL218W,1,-7.931908,0.11941580474376678,0.8553845882415771,0.6307692527770996
YBR112C,YIL051C,0,-7.932223,0.11936453729867935,0.8553845882415771,0.6310769319534302
YDR175C,YOR137C,0,-7.9328375,0.1193133071064949,0.8553845882415771,0.6313846111297607
YGL021W,YNL334C,0,-7.932987,0.11926212161779404,0.8553845882415771,0.6316922903060913
YMR055C,YOR069W,0,-7.933229,0.11921098083257675,0.8553845882415771,0.6320000290870667
YNL029C,YOR043W,0,-7.93358,0.11915987730026245,0.8553845882415771,0.6323077082633972
YMR172W,YBR293W,0,-7.934354,0.11910882592201233,0.8553845882415771,0.6326153874397278
YCR093W,YDR300C,0,-7.9355307,0.11905781924724579,0.8553845882415771,0.6329230666160583
YKR072C,YHR060W,0,-7.937817,0.11900684982538223,0.8553845882415771,0.6332307457923889
YOR030W,YKR022C,0,-7.9406743,0.11895592510700226,0.8553845882415771,0.6335384845733643
YDL164C,YNR046W,0,-7.9412313,0.11890504509210587,0.8553845882415771,0.6338461637496948
YML067C,YLR363C,0,-7.9425626,0.11885420978069305,0.8553845882415771,0.6341538429260254
YER095W,YOR265W,0,-7.943743,0.11880341917276382,0.8553845882415771,0.634461522102356
YJL196C,YPR037C,0,-7.9445424,0.11875267326831818,0.8553845882415771,0.6347692012786865
YBR060C,YGR241C,0,-7.944693,0.11870196461677551,0.8553845882415771,0.6350769400596619
YGL119W,YBR095C,0,-7.9467087,0.11865130066871643,0.8553845882415771,0.6353846192359924
YER103W,YLR385C,0,-7.9469385,0.11860068142414093,0.8553845882415771,0.635692298412323
YLR074C,YDR028C,0,-7.947347,0.11855010688304901,0.8553845882415771,0.6359999775886536
YPR037C,YLL012W,0,-7.9478517,0.11849957704544067,0.8553845882415771,0.6363077163696289
YGR178C,YMR101C,0,-7.948913,0.11844908446073532,0.8553845882415771,0.6366153955459595
YBR029C,YOR140W,0,-7.9490747,0.11839863657951355,0.8553845882415771,0.63692307472229
YNL111C,YOR140W,0,-7.9491177,0.11834823340177536,0.8553845882415771,0.6372307538986206
YJL060W,YMR137C,0,-7.951158,0.11829787492752075,0.8553845882415771,0.6375384330749512
YBR004C,YIL101C,0,-7.952761,0.11824755370616913,0.8553845882415771,0.6378461718559265
YAL040C,YKL058W,0,-7.9530563,0.11819727718830109,0.8553845882415771,0.6381538510322571
YPL015C,YJL047C,1,-7.9546037,0.11857203394174576,0.8584615588188171,0.6381538510322571
YJL019W,YIL160C,0,-7.954767,0.11852166801691055,0.8584615588188171,0.6384615302085876
YHR024C,YAR031W,0,-7.954844,0.11847133934497833,0.8584615588188171,0.6387692093849182
YJR155W,YLR044C,0,-7.955299,0.1184210553765297,0.8584615588188171,0.6390769481658936
YBR286W,YPL097W,0,-7.9556813,0.11837080866098404,0.8584615588188171,0.6393846273422241
YHR086W,YDL185W,0,-7.9567704,0.11832061409950256,0.8584615588188171,0.6396923065185547
YML071C,YDL147W,0,-7.956798,0.11827045679092407,0.8584615588188171,0.6399999856948853
YNL309W,YLR092W,0,-7.958026,0.11822033673524857,0.8584615588188171,0.6403076648712158
YLR361C,YAL017W,0,-7.9584184,0.11817026883363724,0.8584615588188171,0.6406154036521912
YER155C,YLL035W,0,-7.9594016,0.1181202381849289,0.8584615588188171,0.6409230828285217
YDL069C,YCR081W,0,-7.959578,0.11807025223970413,0.8584615588188171,0.6412307620048523
YOR140W,YPL065W,0,-7.960402,0.11802030354738235,0.8584615588188171,0.6415384411811829
YLR095C,YGR121C,0,-7.960667,0.11797039955854416,0.8584615588188171,0.6418461799621582
YIL040W,YDL115C,0,-7.9616284,0.11792054027318954,0.8584615588188171,0.6421538591384888
YPR176C,YCR066W,0,-7.962807,0.11787072569131851,0.8584615588188171,0.6424615383148193
YPL015C,YCL061C,1,-7.962869,0.11824323982000351,0.8615384697914124,0.6424615383148193
YCR010C,YPL098C,0,-7.9638715,0.11819332838058472,0.8615384697914124,0.6427692174911499
YJL014W,YCR094W,0,-7.963891,0.1181434616446495,0.8615384697914124,0.6430768966674805
YGR109C,YPL127C,1,-7.9641623,0.11851539462804794,0.8646153807640076,0.6430768966674805
YGR109C,YHR154W,1,-7.964996,0.11888701468706131,0.8676922917366028,0.6430768966674805
YPR131C,YER094C,0,-7.9666142,0.1188369169831276,0.8676922917366028,0.6433846354484558
YDR437W,YJL094C,0,-7.967091,0.11878685653209686,0.8676922917366028,0.6436923146247864
YJL124C,YDR486C,0,-7.9681582,0.11873684078454971,0.8676922917366028,0.6439999938011169
YJL063C,YOR127W,0,-7.96853,0.11868686974048615,0.8676922917366028,0.6443076729774475
YDL188C,YER094C,0,-7.9685736,0.11863693594932556,0.8676922917366028,0.6446154117584229
YBR243C,YDR339C,0,-7.9689174,0.11858704686164856,0.8676922917366028,0.6449230909347534
YNL135C,YLL035W,0,-7.9696927,0.11853720247745514,0.8676922917366028,0.645230770111084
YDL216C,YDR246W,0,-7.973765,0.1184873953461647,0.8676922917366028,0.6455384492874146
YOR288C,YNL091W,0,-7.974141,0.11843763291835785,0.8676922917366028,0.6458461284637451
YKL185W,YJR069C,0,-7.9743233,0.11838790774345398,0.8676922917366028,0.6461538672447205
YOR233W,YBR199W,0,-7.975262,0.11833822727203369,0.8676922917366028,0.646461546421051
YER168C,YCR037C,0,-7.9760866,0.11828859150409698,0.8676922917366028,0.6467692255973816
YPL270W,YMR127C,0,-7.976543,0.11823899298906326,0.8676922917366028,0.6470769047737122
YPL152W,YOL110W,0,-7.976797,0.11818943917751312,0.8676922917366028,0.6473846435546875
YMR125W,YGR241C,0,-7.9770136,0.11813992261886597,0.8676922917366028,0.6476923227310181
YDR069C,YPL015C,1,-7.97743,0.1185092106461525,0.870769202709198,0.6476923227310181
YNL218W,YER104W,1,-7.977534,0.11887819319963455,0.873846173286438,0.6476923227310181
YMR038C,YER126C,0,-7.9777207,0.11882845312356949,0.873846173286438,0.6480000019073486
YMR049C,YOR069W,0,-7.978446,0.11877875030040741,0.873846173286438,0.6483076810836792
YMR285C,YJL192C,0,-7.9785047,0.11872909963130951,0.873846173286438,0.6486153602600098
YMR033W,YJR084W,0,-7.979516,0.118679478764534,0.873846173286438,0.6489230990409851
YKL192C,YJR049C,0,-7.981108,0.11862991005182266,0.873846173286438,0.6492307782173157
YER002W,YNL243W,0,-7.9815288,0.11858037859201431,0.873846173286438,0.6495384573936462
YML126C,YLR212C,0,-7.983008,0.11853088438510895,0.873846173286438,0.6498461365699768
YOR056C,YMR272C,0,-7.9834867,0.11848143488168716,0.873846173286438,0.6501538753509521
YLR117C,YJL091C,0,-7.9836783,0.11843203008174896,0.873846173286438,0.6504615545272827
YFR019W,YPR144C,0,-7.984344,0.11838266253471375,0.873846173286438,0.6507692337036133
YBR091C,YKL099C,0,-7.984502,0.11833333224058151,0.873846173286438,0.6510769128799438
YKL053C-A,YPR161C,0,-7.9846616,0.11828404664993286,0.873846173286438,0.6513845920562744
YML116W,YLR442C,0,-7.984843,0.11823480576276779,0.873846173286438,0.6516923308372498
YBR217W,YDR494W,0,-7.9856195,0.1181856021285057,0.873846173286438,0.6520000100135803
YLR330W,YMR059W,0,-7.985795,0.1181364357471466,0.873846173286438,0.6523076891899109
YOR373W,YBR143C,0,-7.9860177,0.11808732151985168,0.873846173286438,0.6526153683662415
YLR170C,YBR188C,0,-7.9866595,0.11803823709487915,0.873846173286438,0.652923047542572
YOR355W,YJL094C,0,-7.9873824,0.1179891973733902,0.873846173286438,0.6532307863235474
YHR021C,YBL055C,0,-7.989136,0.11794020235538483,0.873846173286438,0.6535384654998779
YDR179C,YNL015W,0,-7.9898243,0.11789124459028244,0.873846173286438,0.6538461446762085
YPL037C,YLR466W,0,-7.990212,0.11784232407808304,0.873846173286438,0.6541538238525391
YMR172W,YKL170W,0,-7.991083,0.11779344826936722,0.873846173286438,0.6544615626335144
YNR027W,YLR249W,0,-7.991348,0.11774460971355438,0.873846173286438,0.654769241809845
YDR302W,YGL025C,0,-7.9926305,0.11769581586122513,0.873846173286438,0.6550769209861755
YAL041W,YGL225W,0,-7.9929194,0.11764705926179886,0.873846173286438,0.6553846001625061
YML036W,YCR067C,0,-7.9940834,0.11759834736585617,0.873846173286438,0.6556922793388367
YBR022W,YJR127C,0,-7.994946,0.11754966527223587,0.873846173286438,0.656000018119812
YCR012W,YJL168C,0,-7.996407,0.11750103533267975,0.873846173286438,0.6563076972961426
YEL053C,YBR143C,0,-7.996741,0.11745244264602661,0.873846173286438,0.6566153764724731
YFL045C,YMR117C,0,-7.9973025,0.11740388721227646,0.873846173286438,0.6569230556488037
YLR114C,YNL261W,0,-7.9991384,0.11735536903142929,0.873846173286438,0.657230794429779
YGL166W,YKR060W,0,-7.999272,0.1173068955540657,0.873846173286438,0.6575384736061096
YHR133C,YDL007W,0,-7.999861,0.1172584667801857,0.873846173286438,0.6578461527824402
YMR241W,YKL126W,0,-8.002775,0.11721006780862808,0.873846173286438,0.6581538319587708
YLR106C,YPL152W,0,-8.003523,0.11716171354055405,0.873846173286438,0.6584615111351013
YPL181W,YBL030C,0,-8.00516,0.11711340397596359,0.873846173286438,0.6587692499160767
YGL022W,YNL283C,0,-8.005303,0.11706512421369553,0.873846173286438,0.6590769290924072
YNL101W,YDR394W,0,-8.006294,0.11701689660549164,0.873846173286438,0.6593846082687378
YDL106C,YDR400W,0,-8.006665,0.11696869879961014,0.873846173286438,0.6596922874450684
YNL049C,YAR003W,0,-8.007671,0.11692054569721222,0.873846173286438,0.6600000262260437
YDR069C,YJL047C,1,-8.00881,0.11728394776582718,0.8769230842590332,0.6600000262260437
YER025W,YFR002W,0,-8.00885,0.1172357052564621,0.8769230842590332,0.6603077054023743
YOR120W,YBR199W,0,-8.008878,0.1171875,0.8769230842590332,0.6606153845787048
YEL034W,YOR060C,0,-8.010701,0.11713933199644089,0.8769230842590332,0.6609230637550354
YDR404C,YIR026C,0,-8.01082,0.11709120869636536,0.8769230842590332,0.661230742931366
YPL040C,YMR243C,0,-8.011408,0.11704312264919281,0.8769230842590332,0.6615384817123413
YMR048W,YPR164W,1,-8.011447,0.11740558594465256,0.8799999952316284,0.6615384817123413
YLR172C,YOR359W,0,-8.011744,0.11735740303993225,0.8799999952316284,0.6618461608886719
YBR102C,YIR037W,0,-8.011998,0.11730927228927612,0.8799999952316284,0.6621538400650024
YJL047C,YNL273W,1,-8.012227,0.1176711767911911,0.8830769062042236,0.6621538400650024
YGR191W,YLR197W,0,-8.013378,0.11762294918298721,0.8830769062042236,0.662461519241333
YDR123C,YGR009C,0,-8.013389,0.1175747662782669,0.8830769062042236,0.6627692580223083
YER015W,YLL027W,0,-8.014005,0.11752662062644958,0.8830769062042236,0.6630769371986389
YDR069C,YDL020C,1,-8.014135,0.11788783967494965,0.8861538171768188,0.6630769371986389
YPL049C,YBL020W,0,-8.014207,0.11783960461616516,0.8861538171768188,0.6633846163749695
YGL253W,YLR105C,0,-8.014341,0.11779141426086426,0.8861538171768188,0.6636922955513
YOR007C,YDR293C,0,-8.015839,0.11774325370788574,0.8861538171768188,0.6639999747276306
YPL095C,YGL039W,0,-8.016288,0.11769513785839081,0.8861538171768188,0.664307713508606
YKR054C,YML075C,0,-8.019144,0.11764705926179886,0.8861538171768188,0.6646153926849365
YPR034W,YLR189C,0,-8.022407,0.1175990179181099,0.8861538171768188,0.6649230718612671
YPL055C,YCL051W,0,-8.023322,0.11755102127790451,0.8861538171768188,0.6652307510375977
YLR330W,YKL172W,0,-8.023999,0.11750306189060211,0.8861538171768188,0.665538489818573
YFR009W,YDR071C,0,-8.024854,0.1174551397562027,0.8861538171768188,0.6658461689949036
YPL227C,YBR055C,0,-8.025431,0.11740725487470627,0.8861538171768188,0.6661538481712341
YOR156C,YOR193W,0,-8.025903,0.11735941469669342,0.8861538171768188,0.6664615273475647
YMR049C,YPL274W,0,-8.028251,0.11731161177158356,0.8861538171768188,0.6667692065238953
YDL243C,YPR187W,0,-8.02991,0.11726384609937668,0.8861538171768188,0.6670769453048706
YIR037W,YNL106C,0,-8.031463,0.11721611768007278,0.8861538171768188,0.6673846244812012
YGL158W,YDR418W,0,-8.031719,0.11716842651367188,0.8861538171768188,0.6676923036575317
YLR028C,YGR007W,0,-8.032146,0.11712078005075455,0.8861538171768188,0.6679999828338623
YLL006W,YOR129C,0,-8.03356,0.1170731708407402,0.8861538171768188,0.6683077216148376
YDR022C,YOR187W,0,-8.034588,0.11702559888362885,0.8861538171768188,0.6686154007911682
YOR048C,YKL196C,0,-8.034683,0.11697806417942047,0.8861538171768188,0.6689230799674988
YLR303W,YDR227W,0,-8.034999,0.11693057417869568,0.8861538171768188,0.6692307591438293
YOL158C,YDR435C,0,-8.035157,0.11688311398029327,0.8861538171768188,0.6695384383201599
YOR174W,YML025C,0,-8.035462,0.11683569848537445,0.8861538171768188,0.6698461771011353
YKR009C,YOR117W,0,-8.035516,0.11678832024335861,0.8861538171768188,0.6701538562774658
YDR365C,YOR266W,0,-8.0361805,0.11674097925424576,0.8861538171768188,0.6704615354537964
YBR243C,YAL041W,0,-8.036183,0.11669367551803589,0.8861538171768188,0.670769214630127
YDL243C,YNL293W,0,-8.036542,0.1166464164853096,0.8861538171768188,0.6710768938064575
YER019C-A,YGR094W,0,-8.037467,0.1165991872549057,0.8861538171768188,0.6713846325874329
YDL074C,YDR129C,0,-8.037493,0.11655200272798538,0.8861538171768188,0.6716923117637634
YMR275C,YDL033C,0,-8.038066,0.11650485545396805,0.8861538171768188,0.671999990940094
YBR009C,YDR412W,0,-8.039618,0.1164577454328537,0.8861538171768188,0.6723076701164246
YHR005C-A,YGR169C,0,-8.03963,0.11641067266464233,0.8861538171768188,0.6726154088973999
YLR167W,YML088W,0,-8.0398445,0.11636363714933395,0.8861538171768188,0.6729230880737305
YPL170W,YOR226C,0,-8.039853,0.11631663888692856,0.8861538171768188,0.673230767250061
YOR304W,YJL198W,0,-8.0412445,0.11626967787742615,0.8861538171768188,0.6735384464263916
YPR068C,YOR056C,0,-8.041555,0.11622276157140732,0.8861538171768188,0.6738461256027222
YBR179C,YGR081C,0,-8.042671,0.11617587506771088,0.8861538171768188,0.6741538643836975
YLR100W,YNL221C,0,-8.043073,0.11612903326749802,0.8861538171768188,0.6744615435600281
YJR147W,YGR007W,0,-8.04577,0.11608222126960754,0.8861538171768188,0.6747692227363586
YOL068C,YDL020C,1,-8.046137,0.1164383590221405,0.8892307877540588,0.6747692227363586
YPR108W,YJR007W,0,-8.046648,0.11639146506786346,0.8892307877540588,0.6750769019126892
YKL053C-A,YGR170W,0,-8.04689,0.11634460836648941,0.8892307877540588,0.6753846406936646
YIL103W,YPL019C,0,-8.047106,0.11629778891801834,0.8892307877540588,0.6756923198699951
YDL081C,YNL313C,0,-8.047529,0.11625100672245026,0.8892307877540588,0.6759999990463257
YDL040C,YGR276C,0,-8.047713,0.11620426177978516,0.8892307877540588,0.6763076782226562
YNR007C,YGR167W,0,-8.049766,0.11615755409002304,0.8892307877540588,0.6766153573989868
YKL012W,YJR049C,0,-8.050364,0.1161108911037445,0.8892307877540588,0.6769230961799622
YGL089C,YBR276C,0,-8.052033,0.11606425791978836,0.8892307877540588,0.6772307753562927
YML099C,YJR063W,0,-8.052807,0.1160176619887352,0.8892307877540588,0.6775384545326233
YBR153W,YIL101C,0,-8.05377,0.11597111076116562,0.8892307877540588,0.6778461337089539
YOR178C,YAR031W,0,-8.055088,0.11592458933591843,0.8892307877540588,0.6781538724899292
YDL208W,YLR119W,0,-8.055513,0.11587810516357422,0.8892307877540588,0.6784615516662598
YBL017C,YML010W,0,-8.056079,0.11583166569471359,0.8892307877540588,0.6787692308425903
YNL038W,YLL034C,0,-8.056348,0.11578525602817535,0.8892307877540588,0.6790769100189209
YFL050C,YLL001W,0,-8.056454,0.1157388836145401,0.8892307877540588,0.6793845891952515
YGR247W,YOR224C,0,-8.056701,0.11569255590438843,0.8892307877540588,0.6796923279762268
YHR123W,YML105C,0,-8.056948,0.11564625799655914,0.8892307877540588,0.6800000071525574
YPR034W,YJR044C,0,-8.057193,0.11559999734163284,0.8892307877540588,0.6803076863288879
YMR068W,YGL066W,0,-8.058734,0.11555378139019012,0.8892307877540588,0.6806153655052185
YNR059W,YDR137W,0,-8.059199,0.1155075952410698,0.8892307877540588,0.6809231042861938
YKL204W,YEL022W,0,-8.060847,0.11546144634485245,0.8892307877540588,0.6812307834625244
YDR110W,YLR449W,1,-8.060917,0.1158146932721138,0.892307698726654,0.6812307834625244
YKR009C,YBL056W,0,-8.061679,0.11576846241950989,0.892307698726654,0.681538462638855
YMR056C,YCR088W,0,-8.062121,0.11572226881980896,0.892307698726654,0.6818461418151855
YIL013C,YBR198C,0,-8.062642,0.11567610502243042,0.892307698726654,0.6821538209915161
YGR044C,YML115C,0,-8.062866,0.11562998592853546,0.892307698726654,0.6824615597724915
YKL004W,YER112W,0,-8.063213,0.11558389663696289,0.892307698726654,0.682769238948822
YDR508C,YMR273C,0,-8.063303,0.1155378520488739,0.892307698726654,0.6830769181251526
YLR370C,YMR322C,0,-8.063376,0.1154918372631073,0.892307698726654,0.6833845973014832
YDL035C,YNL207W,0,-8.063472,0.11544585973024368,0.892307698726654,0.6836923360824585
YDL044C,YPL156C,0,-8.063693,0.11539991945028305,0.892307698726654,0.6840000152587891
YDL100C,YOR027W,0,-8.064561,0.1153540164232254,0.892307698726654,0.6843076944351196
YLR172C,YKR053C,0,-8.064748,0.11530815064907074,0.892307698726654,0.6846153736114502
YDR412W,YER148W,0,-8.0648575,0.11526232212781906,0.892307698726654,0.6849230527877808
YIL040W,YHR206W,0,-8.064915,0.11521653085947037,0.892307698726654,0.6852307915687561
YBL057C,YBR154C,0,-8.066947,0.11517076939344406,0.892307698726654,0.6855384707450867
YDR216W,YKL004W,0,-8.067276,0.11512505263090134,0.892307698726654,0.6858461499214172
YBR135W,YAL010C,0,-8.067292,0.115079365670681,0.892307698726654,0.6861538290977478
YPR137W,YKR001C,0,-8.0682125,0.11503371596336365,0.892307698726654,0.6864615678787231
YGL206C,YNL160W,0,-8.068266,0.11498810350894928,0.892307698726654,0.6867692470550537
YBL008W,YKL140W,0,-8.068478,0.1149425283074379,0.892307698726654,0.6870769262313843
YDR511W,YDL084W,0,-8.068681,0.1148969903588295,0.892307698726654,0.6873846054077148
YPL078C,YER016W,0,-8.0689125,0.11485148221254349,0.892307698726654,0.6876922845840454
YKL206C,YGR213C,0,-8.069058,0.11480601876974106,0.892307698726654,0.6880000233650208
YOL095C,YGR121C,0,-8.0700865,0.11476058512926102,0.892307698726654,0.6883077025413513
YGR238C,YOR332W,0,-8.071317,0.11471518874168396,0.892307698726654,0.6886153817176819
YAL053W,YOR174W,0,-8.07355,0.11466982960700989,0.892307698726654,0.6889230608940125
YHR059W,YFL026W,0,-8.073659,0.1146245077252388,0.892307698726654,0.689230740070343
YDR106W,YMR246W,0,-8.074295,0.1145792156457901,0.892307698726654,0.6895384788513184
YGL211W,YFR051C,0,-8.074841,0.11453396826982498,0.892307698726654,0.6898461580276489
YLR165C,YGR094W,0,-8.075102,0.11448875069618225,0.892307698726654,0.6901538372039795
YJR040W,YDR450W,0,-8.075571,0.1144435703754425,0.892307698726654,0.6904615163803101
YFL034C-B,YBL030C,0,-8.076593,0.11439841985702515,0.892307698726654,0.6907692551612854
YCR005C,YBR102C,0,-8.077997,0.11435331404209137,0.892307698726654,0.691076934337616
YDR110W,YPL127C,1,-8.07875,0.11470240354537964,0.8953846096992493,0.691076934337616
YDR264C,YMR033W,0,-8.07987,0.1146572083234787,0.8953846096992493,0.6913846135139465
YBR036C,YPR023C,0,-8.080161,0.11461205035448074,0.8953846096992493,0.6916922926902771
YNL021W,YGR038W,0,-8.080675,0.11456692963838577,0.8953846096992493,0.6919999718666077
YKL193C,YJL127C,0,-8.081213,0.11452183872461319,0.8953846096992493,0.692307710647583
YGL200C,YOR313C,0,-8.081279,0.11447679251432419,0.8953846096992493,0.6926153898239136
YMR237W,YHR014W,0,-8.08135,0.11443177610635757,0.8953846096992493,0.6929230690002441
YKL019W,YPR132W,0,-8.081566,0.11438678950071335,0.8953846096992493,0.6932307481765747
YKR036C,YCR073W-A,0,-8.082352,0.1143418475985527,0.8953846096992493,0.69353848695755
YBR247C,YJR156C,0,-8.083039,0.11429693549871445,0.8953846096992493,0.6938461661338806
YOR182C,YLR447C,0,-8.083234,0.11425206065177917,0.8953846096992493,0.6941538453102112
YPR029C,YGL205W,0,-8.083544,0.11420722305774689,0.8953846096992493,0.6944615244865417
YLR197W,YKL178C,0,-8.08538,0.11416241526603699,0.8953846096992493,0.6947692036628723
YGL236C,YOR359W,0,-8.0855665,0.11411764472723007,0.8953846096992493,0.6950769424438477
YLR208W,YML010W,0,-8.086712,0.11407291144132614,0.8953846096992493,0.6953846216201782
YLR163C,YAL051W,0,-8.08689,0.1140282154083252,0.8953846096992493,0.6956923007965088
YMR238W,YGL120C,0,-8.087487,0.11398354917764664,0.8953846096992493,0.6959999799728394
YJL186W,YER162C,0,-8.08759,0.11393892019987106,0.8953846096992493,0.6963077187538147
YMR156C,YLR409C,0,-8.089292,0.11389432847499847,0.8953846096992493,0.6966153979301453
YMR055C,YDR429C,0,-8.089517,0.11384976655244827,0.8953846096992493,0.6969230771064758
YIL042C,YDR293C,0,-8.090221,0.11380524188280106,0.8953846096992493,0.6972307562828064
YMR280C,YBR161W,0,-8.090505,0.11376074701547623,0.8953846096992493,0.697538435459137
YGR040W,YIL076W,0,-8.094314,0.11371629685163498,0.8953846096992493,0.6978461742401123
YNL107W,YLR298C,0,-8.095172,0.11367187649011612,0.8953846096992493,0.6981538534164429
YBL006C,YJL116C,0,-8.095725,0.11362748593091965,0.8953846096992493,0.6984615325927734
YEL019C,YPL031C,0,-8.0958,0.11358314007520676,0.8953846096992493,0.698769211769104
YLR452C,YDR470C,0,-8.096028,0.11353882402181625,0.8953846096992493,0.6990769505500793
YCL061C,YNL273W,1,-8.096155,0.11388455331325531,0.8984615206718445,0.6990769505500793
YFL022C,YPL020C,0,-8.096395,0.11384015530347824,0.8984615206718445,0.6993846297264099
YHR053C,YKR067W,0,-8.098545,0.11379579454660416,0.8984615206718445,0.6996923089027405
YAL035W,YCR098C,0,-8.098838,0.11375146359205246,0.8984615206718445,0.699999988079071
YDR251W,YOR049C,0,-8.099678,0.11370716243982315,0.8984615206718445,0.7003076672554016
YDR443C,YDR297W,0,-8.100345,0.11366290599107742,0.8984615206718445,0.700615406036377
YHR143W-A,YNL064C,0,-8.100926,0.11361867934465408,0.8984615206718445,0.7009230852127075
YDR140W,YDR025W,0,-8.102199,0.11357448250055313,0.8984615206718445,0.7012307643890381
YLR023C,YCL051W,0,-8.102432,0.11353032290935516,0.8984615206718445,0.7015384435653687
YLR376C,YKL038W,0,-8.102988,0.11348620057106018,0.8984615206718445,0.701846182346344
YDL074C,YDR147W,0,-8.103842,0.11344211548566818,0.8984615206718445,0.7021538615226746
YGR163W,YNL244C,0,-8.104482,0.11339806020259857,0.8984615206718445,0.7024615406990051
YOL145C,YLR045C,0,-8.104521,0.11335403472185135,0.8984615206718445,0.7027692198753357
YIL018W,YGL227W,0,-8.104737,0.11331005394458771,0.8984615206718445,0.7030768990516663
YOR335C,YJR031C,0,-8.105716,0.11326609551906586,0.8984615206718445,0.7033846378326416
YLR009W,YIL167W,0,-8.106143,0.11322218179702759,0.8984615206718445,0.7036923170089722
YIR028W,YDR079W,0,-8.106811,0.1131782978773117,0.8984615206718445,0.7039999961853027
YBL013W,YOL027C,0,-8.106999,0.11313444375991821,0.8984615206718445,0.7043076753616333
YOR168W,YMR061W,0,-8.107943,0.1130906268954277,0.8984615206718445,0.7046154141426086
YML126C,YHR077C,0,-8.10829,0.11304684728384018,0.8984615206718445,0.7049230933189392
YFR014C,YGL025C,0,-8.108854,0.11300309747457504,0.8984615206718445,0.7052307724952698
YCR018C,YDL130W-A,0,-8.111005,0.1129593774676323,0.8984615206718445,0.7055384516716003
YER025W,YDL095W,0,-8.112807,0.11291570216417313,0.8984615206718445,0.7058461308479309
YGL257C,YDL060W,0,-8.11302,0.11287204921245575,0.8984615206718445,0.7061538696289062
YFL055W,YPL112C,0,-8.113067,0.11282844096422195,0.8984615206718445,0.7064615488052368
YLR314C,YDR198C,0,-8.113621,0.11278486251831055,0.8984615206718445,0.7067692279815674
YJR013W,YPL126W,0,-8.11391,0.11274131387472153,0.8984615206718445,0.707076907157898
YMR186W,YOR129C,0,-8.115453,0.11269780248403549,0.8984615206718445,0.7073845863342285
YNL103W,YGR257C,0,-8.116176,0.11265432089567184,0.8984615206718445,0.7076923251152039
YCL044C,YNL025C,0,-8.116636,0.11261087656021118,0.8984615206718445,0.7080000042915344
YML075C,YDR164C,0,-8.116945,0.1125674620270729,0.8984615206718445,0.708307683467865
YOR112W,YDR036C,0,-8.118598,0.11252408474683762,0.8984615206718445,0.7086153626441956
YFR051C,YHR062C,0,-8.119852,0.11248073726892471,0.8984615206718445,0.7089231014251709
YMR015C,YGL067W,0,-8.120091,0.1124374270439148,0.8984615206718445,0.7092307806015015
YDR418W,YMR149W,0,-8.120608,0.11239414662122726,0.8984615206718445,0.709538459777832
YPL055C,YKL073W,0,-8.120821,0.11235090345144272,0.8984615206718445,0.7098461389541626
YJR064W,YMR022W,0,-8.12161,0.11230769008398056,0.8984615206718445,0.7101538181304932
YOR348C,YKR020W,0,-8.122274,0.11226451396942139,0.8984615206718445,0.7104615569114685
YEL029C,YGR055W,0,-8.122612,0.1122213676571846,0.8984615206718445,0.7107692360877991
YDL084W,YOL128C,0,-8.124358,0.1121782585978508,0.8984615206718445,0.7110769152641296
YER061C,YOR063W,0,-8.124426,0.11213517934083939,0.8984615206718445,0.7113845944404602
YDR219C,YDR465C,0,-8.124872,0.11209212988615036,0.8984615206718445,0.7116923332214355
YPR171W,YGR143W,0,-8.12607,0.11204911768436432,0.8984615206718445,0.7120000123977661
YFR033C,YLR264W,0,-8.1261835,0.11200613528490067,0.8984615206718445,0.7123076915740967
YMR112C,YGL049C,0,-8.126395,0.11196319013834,0.8984615206718445,0.7126153707504272
YPL266W,YDR427W,0,-8.129694,0.11192027479410172,0.8984615206718445,0.7129230499267578
YJR069C,YGL038C,0,-8.130651,0.11187739670276642,0.8984615206718445,0.7132307887077332
YLR098C,YKL186C,0,-8.131102,0.11183454841375351,0.8984615206718445,0.7135384678840637
YHR186C,YGL106W,0,-8.1335535,0.11179172992706299,0.8984615206718445,0.7138461470603943
YLR256W,YNL079C,0,-8.133906,0.11174894869327545,0.8984615206718445,0.7141538262367249
YFR001W,YJL019W,0,-8.135613,0.1117061972618103,0.8984615206718445,0.7144615650177002
YBR072W,YNR072W,0,-8.135978,0.11166348308324814,0.8984615206718445,0.7147692441940308
YML046W,YKL140W,0,-8.137114,0.11162079870700836,0.8984615206718445,0.7150769233703613
YJL164C,YOR068C,0,-8.137478,0.11157814413309097,0.8984615206718445,0.7153846025466919
YGL136C,YOR372C,0,-8.138072,0.11153552681207657,0.8984615206718445,0.7156922817230225
YLR088W,YPR108W,0,-8.139084,0.11149293929338455,0.8984615206718445,0.7160000205039978
YER112W,YBL007C,0,-8.139437,0.11145038157701492,0.8984615206718445,0.7163076996803284
YMR042W,YMR260C,0,-8.140441,0.11140786111354828,0.8984615206718445,0.7166153788566589
YDR365C,YPL164C,0,-8.141417,0.11136537045240402,0.8984615206718445,0.7169230580329895
YOR028C,YKL068W,0,-8.141577,0.11132290959358215,0.8984615206718445,0.7172307968139648
YER157W,YPL196W,0,-8.142142,0.11128048598766327,0.8984615206718445,0.7175384759902954
YDR211W,YMR096W,0,-8.143975,0.11123809218406677,0.8984615206718445,0.717846155166626
YKL194C,YDR449C,0,-8.145126,0.11119573563337326,0.8984615206718445,0.7181538343429565
YDL028C,YLR197W,0,-8.146425,0.11115340888500214,0.8984615206718445,0.7184615135192871
YMR240C,YLR134W,0,-8.147714,0.1111111119389534,0.8984615206718445,0.7187692523002625
YBL046W,YLR196W,0,-8.149275,0.11106884479522705,0.8984615206718445,0.719076931476593
YDL149W,YCR035C,0,-8.14935,0.11102661490440369,0.8984615206718445,0.7193846106529236
YGL106W,YHR157W,0,-8.150008,0.11098441481590271,0.8984615206718445,0.7196922898292542
YBR257W,YGL039W,0,-8.151989,0.11094225198030472,0.8984615206718445,0.7200000286102295
YER119C,YDR461W,0,-8.154002,0.11090011149644852,0.8984615206718445,0.7203077077865601
YLR096W,YJL030W,0,-8.154287,0.1108580082654953,0.8984615206718445,0.7206153869628906
YDL223C,YBL025W,0,-8.156637,0.11081594228744507,0.8984615206718445,0.7209230661392212
YLR449W,YCL061C,1,-8.157555,0.1111532598733902,0.9015384912490845,0.7209230661392212
YNL192W,YGR200C,0,-8.158428,0.1111111119389534,0.9015384912490845,0.7212307453155518
YPL069C,YOR032C,0,-8.159597,0.11106899380683899,0.9015384912490845,0.7215384840965271
YPR030W,YDR079W,0,-8.159914,0.11102690547704697,0.9015384912490845,0.7218461632728577
YPL244C,YML034W,0,-8.160206,0.11098484694957733,0.9015384912490845,0.7221538424491882
YOR299W,YLR427W,0,-8.16126,0.11094282567501068,0.9015384912490845,0.7224615216255188
YDR113C,YBR154C,0,-8.16217,0.11090083420276642,0.9015384912490845,0.7227692604064941
YIR037W,YHR020W,0,-8.162326,0.11085887253284454,0.9015384912490845,0.7230769395828247
YOR261C,YGR002C,0,-8.162904,0.11081694066524506,0.9015384912490845,0.7233846187591553
YLR103C,YLR097C,0,-8.162998,0.11077504605054855,0.9015384912490845,0.7236922979354858
YKR083C,YDL051W,0,-8.163381,0.11073318123817444,0.9015384912490845,0.7239999771118164
YJR158W,YFL002C,0,-8.163401,0.11069134622812271,0.9015384912490845,0.7243077158927917
YML051W,YJL143W,0,-8.1641035,0.11064954847097397,0.9015384912490845,0.7246153950691223
YCR033W,YDR103W,0,-8.164601,0.11060777306556702,0.9015384912490845,0.7249230742454529
YNL331C,YGL005C,0,-8.166697,0.11056603491306305,0.9015384912490845,0.7252307534217834
YGR157W,YDR260C,0,-8.169024,0.11052433401346207,0.9015384912490845,0.725538432598114
YOR020C,YIL042C,0,-8.170229,0.11048265546560287,0.9015384912490845,0.7258461713790894
YER145C,YPL098C,0,-8.170402,0.11044100672006607,0.9015384912490845,0.7261538505554199
YCR071C,YOL010W,0,-8.171521,0.11039939522743225,0.9015384912490845,0.7264615297317505
YLR216C,YDR160W,0,-8.171867,0.11035781353712082,0.9015384912490845,0.726769208908081
YOL059W,YLL031C,0,-8.172084,0.11031626164913177,0.9015384912490845,0.7270769476890564
YLR286C,YOR216C,0,-8.172087,0.11027474701404572,0.9015384912490845,0.727384626865387
YMR204C,YKL009W,0,-8.173066,0.11023325473070145,0.9015384912490845,0.7276923060417175
YNL003C,YJL140W,0,-8.173076,0.11019179970026016,0.9015384912490845,0.7279999852180481
YLR449W,YNL206C,1,-8.173551,0.11052631586790085,0.9046154022216797,0.7279999852180481
YBR286W,YDL022W,0,-8.17449,0.110484778881073,0.9046154022216797,0.7283076643943787
YIL051C,YHR056C,0,-8.1745,0.11044327914714813,0.9046154022216797,0.728615403175354
YLR100W,YHR081W,0,-8.174733,0.11040180176496506,0.9046154022216797,0.7289230823516846
YER083C,YHL011C,0,-8.175763,0.11036036163568497,0.9046154022216797,0.7292307615280151
YMR276W,YFR055W,0,-8.1760025,0.11031895130872726,0.9046154022216797,0.7295384407043457
YDR469W,YNL287W,0,-8.178557,0.11027757078409195,0.9046154022216797,0.729846179485321
YLR260W,YDL002C,0,-8.17866,0.11023622006177902,0.9046154022216797,0.7301538586616516
YPL086C,YDR389W,0,-8.178801,0.11019489914178848,0.9046154022216797,0.7304615378379822
YOR026W,YGL115W,0,-8.181724,0.11015361547470093,0.9046154022216797,0.7307692170143127
YOR067C,YGR074W,0,-8.183264,0.11011236160993576,0.9046154022216797,0.7310768961906433
YBL056W,YFR051C,0,-8.183945,0.11007113754749298,0.9046154022216797,0.7313846349716187
YLR288C,YDR296W,0,-8.184557,0.11002994328737259,0.9046154022216797,0.7316923141479492
YPR042C,YNR046W,0,-8.184844,0.10998877882957458,0.9046154022216797,0.7319999933242798
YCR098C,YBL064C,0,-8.185357,0.10994764417409897,0.9046154022216797,0.7323076725006104
YBL023C,YJL063C,0,-8.185369,0.10990653932094574,0.9046154022216797,0.7326154112815857
YMR088C,YLR249W,0,-8.185975,0.1098654717206955,0.9046154022216797,0.7329230904579163
YJL081C,YGR175C,0,-8.187613,0.10982443392276764,0.9046154022216797,0.7332307696342468
YLR449W,YPL015C,1,-8.189157,0.1101568341255188,0.9076923131942749,0.7332307696342468
YLR284C,YIL101C,0,-8.18953,0.11011571437120438,0.9076923131942749,0.7335384488105774
YDR385W,YLR272C,0,-8.190451,0.11007462441921234,0.9076923131942749,0.733846127986908
YGL061C,YPL093W,0,-8.190685,0.11003357172012329,0.9076923131942749,0.7341538667678833
YMR177W,YMR037C,0,-8.19071,0.10999254137277603,0.9076923131942749,0.7344615459442139
YPR199C,YGL163C,0,-8.190851,0.10995154827833176,0.9076923131942749,0.7347692251205444
YEL015W,YML085C,0,-8.19105,0.10991057753562927,0.9076923131942749,0.735076904296875
YPL096W,YGL096W,0,-8.191656,0.10986964404582977,0.9076923131942749,0.7353846430778503
YLR074C,YGR193C,0,-8.194112,0.10982874035835266,0.9076923131942749,0.7356923222541809
YER045C,YGR040W,0,-8.194417,0.10978786647319794,0.9076923131942749,0.7360000014305115
YJL204C,YDR172W,0,-8.195352,0.1097470223903656,0.9076923131942749,0.736307680606842
YPL256C,YCL040W,0,-8.196221,0.10970620810985565,0.9076923131942749,0.7366153597831726
YBR179C,YNL123W,0,-8.196348,0.10966543108224869,0.9076923131942749,0.736923098564148
YDL247W,YDL224C,0,-8.196746,0.10962467640638351,0.9076923131942749,0.7372307777404785
YMR319C,YHL022C,0,-8.196834,0.10958395153284073,0.9076923131942749,0.7375384569168091
YCR081W,YDR353W,0,-8.196848,0.10954326391220093,0.9076923131942749,0.7378461360931396
YOR367W,YBR058C,0,-8.197456,0.10950259864330292,0.9076923131942749,0.738153874874115
YIL004C,YGR267C,0,-8.19791,0.1094619631767273,0.9076923131942749,0.7384615540504456
YNL117W,YOL090W,0,-8.199338,0.10942136496305466,0.9076923131942749,0.7387692332267761
YHR148W,YJL093C,0,-8.200289,0.1093807965517044,0.9076923131942749,0.7390769124031067
YIL154C,YGR170W,0,-8.200404,0.10934025049209595,0.9076923131942749,0.7393845915794373
YGR204W,YGR140W,0,-8.20062,0.10929974168539047,0.9076923131942749,0.7396923303604126
YJR144W,YGR070W,0,-8.201433,0.10925926268100739,0.9076923131942749,0.7400000095367432
YEL036C,YJR118C,0,-8.201739,0.10921880602836609,0.9076923131942749,0.7403076887130737
YGL047W,YMR043W,0,-8.201748,0.10917838662862778,0.9076923131942749,0.7406153678894043
YLR380W,YMR035W,0,-8.202518,0.10913799703121185,0.9076923131942749,0.7409231066703796
YNL038W,YCR028C-A,0,-8.2031555,0.10909762978553772,0.9076923131942749,0.7412307858467102
YPL259C,YPL241C,0,-8.203651,0.10905729979276657,0.9076923131942749,0.7415384650230408
YNL142W,YDR162C,0,-8.203985,0.10901699960231781,0.9076923131942749,0.7418461441993713
YIR017C,YKL059C,0,-8.20421,0.10897672921419144,0.9076923131942749,0.7421538233757019
YML036W,YDR279W,0,-8.204251,0.10893648117780685,0.9076923131942749,0.7424615621566772
YMR314W,YKL019W,0,-8.204277,0.10889627039432526,0.9076923131942749,0.7427692413330078
YDR206W,YDL223C,0,-8.206786,0.10885608941316605,0.9076923131942749,0.7430769205093384
YPR167C,YBR280C,0,-8.20743,0.10881593823432922,0.9076923131942749,0.743384599685669
YKR087C,YDR389W,0,-8.208126,0.10877580940723419,0.9076923131942749,0.7436922788619995
YAL025C,YMR182C,0,-8.208323,0.10873571783304214,0.9076923131942749,0.7440000176429749
YML069W,YBR006W,0,-8.208605,0.10869564861059189,0.9076923131942749,0.7443076968193054
YIL062C,YMR008C,0,-8.209185,0.10865561664104462,0.9076923131942749,0.744615375995636
YGL137W,YOR035C,0,-8.209878,0.10861561447381973,0.9076923131942749,0.7449230551719666
YDL060W,YJL222W,0,-8.211125,0.10857563465833664,0.9076923131942749,0.7452307939529419
YJR013W,YOR115C,0,-8.213093,0.10853568464517593,0.9076923131942749,0.7455384731292725
YBR202W,YGL022W,0,-8.214275,0.10849577188491821,0.9076923131942749,0.745846152305603
YBR158W,YKR027W,0,-8.215397,0.10845588147640228,0.9076923131942749,0.7461538314819336
YOR145C,YLR183C,0,-8.2156515,0.10841602087020874,0.9076923131942749,0.7464615106582642
YGL071W,YDR436W,0,-8.21629,0.10837619751691818,0.9076923131942749,0.7467692494392395
YDL147W,YDR285W,0,-8.216429,0.10833639651536942,0.9076923131942749,0.7470769286155701
YDR284C,YBR153W,0,-8.2169285,0.10829662531614304,0.9076923131942749,0.7473846077919006
YHR107C,YDR365C,0,-8.217915,0.10825688391923904,0.9076923131942749,0.7476922869682312
YBR213W,YGR241C,0,-8.217934,0.10821716487407684,0.9076923131942749,0.7480000257492065
YHL003C,YBR298C,0,-8.218823,0.10817748308181763,0.9076923131942749,0.7483077049255371
YLR163C,YGR074W,0,-8.21959,0.1081378310918808,0.9076923131942749,0.7486153841018677
YMR043W,YLR039C,0,-8.220181,0.10809820145368576,0.9076923131942749,0.7489230632781982
YCL052C,YJL210W,0,-8.220251,0.10805860906839371,0.9076923131942749,0.7492307424545288
YBL078C,YPL157W,0,-8.220526,0.10801903903484344,0.9076923131942749,0.7495384812355042
YOR297C,YBR030W,0,-8.221289,0.10797949880361557,0.9076923131942749,0.7498461604118347
YOR032C,YBR088C,0,-8.222804,0.10793999582529068,0.9076923131942749,0.7501538395881653
YLR175W,YDR487C,0,-8.223678,0.10790051519870758,0.9076923131942749,0.7504615187644958
YER159C,YLR324W,0,-8.225835,0.10786105692386627,0.9076923131942749,0.7507692575454712
YDL223C,YGL246C,0,-8.225974,0.10782163590192795,0.9076923131942749,0.7510769367218018
YDL020C,YJR046W,1,-8.226265,0.10814760625362396,0.9107692241668701,0.7510769367218018
YJR065C,YHR143W,0,-8.227991,0.10810811072587967,0.9107692241668701,0.7513846158981323
YKL073W,YKL006C-A,0,-8.229272,0.10806863754987717,0.9107692241668701,0.7516922950744629
YGL173C,YPL243W,0,-8.229525,0.10802919417619705,0.9107692241668701,0.7519999742507935
YMR025W,YML038C,0,-8.23005,0.10798978805541992,0.9107692241668701,0.7523077130317688
YDR516C,YIL101C,0,-8.230855,0.10795040428638458,0.9107692241668701,0.7526153922080994
YLR423C,YPL244C,0,-8.23177,0.10791104286909103,0.9107692241668701,0.7529230713844299
YJL080C,YIL105C,0,-8.231791,0.10787171870470047,0.9107692241668701,0.7532307505607605
YGR121C,YBL090W,0,-8.232219,0.1078324243426323,0.9107692241668701,0.7535384893417358
YLL002W,YJR046W,1,-8.23344,0.10815732181072235,0.9138461351394653,0.7535384893417358
YBR085W,YER126C,0,-8.234576,0.10811794549226761,0.9138461351394653,0.7538461685180664
YIL004C,YDL064W,0,-8.234999,0.10807859897613525,0.9138461351394653,0.754153847694397
YDL078C,YOR003W,0,-8.2352705,0.10803928971290588,0.9138461351394653,0.7544615268707275
YDL004W,YNL015W,0,-8.235386,0.1080000028014183,0.9138461351394653,0.7547692060470581
YOL023W,YIL066C,0,-8.236713,0.10796073824167252,0.9138461351394653,0.7550769448280334
YOL008W,YPL155C,0,-8.236923,0.10792151093482971,0.9138461351394653,0.755384624004364
YML061C,YDR477W,0,-8.237665,0.1078823134303093,0.9138461351394653,0.7556923031806946
YMR314W,YJL080C,0,-8.237819,0.10784313827753067,0.9138461351394653,0.7559999823570251
YPR193C,YNL079C,0,-8.23813,0.10780399292707443,0.9138461351394653,0.7563077211380005
YNL223W,YDR300C,0,-8.238507,0.10776487737894058,0.9138461351394653,0.756615400314331
YJR002W,YDR490C,0,-8.238609,0.10772579163312912,0.9138461351394653,0.7569230794906616
YNR033W,YPL098C,0,-8.239827,0.10768672823905945,0.9138461351394653,0.7572307586669922
YBR236C,YOR026W,0,-8.239832,0.10764770209789276,0.9138461351394653,0.7575384378433228
YKL172W,YML016C,0,-8.241113,0.10760869830846786,0.9138461351394653,0.7578461766242981
YBR026C,YAL053W,0,-8.241756,0.10756972432136536,0.9138461351394653,0.7581538558006287
YLR033W,YDR129C,0,-8.242042,0.10753077268600464,0.9138461351394653,0.7584615349769592
YPL127C,YJL047C,1,-8.242598,0.10785378515720367,0.9169231057167053,0.7584615349769592
YPL078C,YHR196W,0,-8.244376,0.10781475901603699,0.9169231057167053,0.7587692141532898
YFL022C,YLR298C,0,-8.246256,0.10777577012777328,0.9169231057167053,0.7590768933296204
YPR120C,YHR154W,1,-8.246716,0.1080983355641365,0.9200000166893005,0.7590768933296204
YKL059C,YBR143C,0,-8.247411,0.10805927217006683,0.9200000166893005,0.7593846321105957
YOR032C,YNR046W,0,-8.247609,0.10802023112773895,0.9200000166893005,0.7596923112869263
YGR185C,YKL119C,0,-8.247717,0.10798121988773346,0.9200000166893005,0.7599999904632568
YDL243C,YML078W,0,-8.247872,0.10794223845005035,0.9200000166893005,0.7603076696395874
YLR449W,YNL273W,1,-8.248684,0.10826416313648224,0.9230769276618958,0.7603076696395874
YJR004C,YDR464W,0,-8.251581,0.10822510719299316,0.9230769276618958,0.7606154084205627
YMR311C,YBR055C,0,-8.252001,0.10818608105182648,0.9230769276618958,0.7609230875968933
YJL063C,YBR006W,0,-8.252612,0.10814707726240158,0.9230769276618958,0.7612307667732239
YJR025C,YPL152W,0,-8.253965,0.10810811072587967,0.9230769276618958,0.7615384459495544
YGL236C,YHR027C,0,-8.255016,0.10806916654109955,0.9230769276618958,0.761846125125885
YGR252W,YOR115C,0,-8.257263,0.10803025215864182,0.9230769276618958,0.7621538639068604
YMR136W,YHR108W,0,-8.257955,0.10799136012792587,0.9230769276618958,0.7624615430831909
YBL041W,YBL064C,0,-8.258124,0.10795249789953232,0.9230769276618958,0.7627692222595215
YHR191C,YMR200W,0,-8.258226,0.10791366547346115,0.9230769276618958,0.763076901435852
YPL160W,YNL004W,0,-8.258237,0.10787486284971237,0.9230769276618958,0.7633846402168274
YEL024W,YHR172W,0,-8.258876,0.10783609002828598,0.9230769276618958,0.763692319393158
YPL244C,YDR045C,0,-8.259951,0.10779733955860138,0.9230769276618958,0.7639999985694885
YPL049C,YDL208W,0,-8.261777,0.10775861889123917,0.9230769276618958,0.7643076777458191
YGR109C,YLR003C,1,-8.261857,0.10807899385690689,0.926153838634491,0.7643076777458191
YNL111C,YJL001W,0,-8.261868,0.10804019868373871,0.926153838634491,0.7646153569221497
YLR117C,YBL064C,0,-8.262899,0.10800143331289291,0.926153838634491,0.764923095703125
YPR185W,YDR121W,0,-8.26293,0.1079626977443695,0.926153838634491,0.7652307748794556
YKL032C,YKL154W,0,-8.26429,0.10792398452758789,0.926153838634491,0.7655384540557861
YBR055C,YIL101C,0,-8.264465,0.10788530111312866,0.926153838634491,0.7658461332321167
YGL043W,YER020W,0,-8.264981,0.10784664750099182,0.926153838634491,0.766153872013092
YML004C,YER087C-B,0,-8.265521,0.10780802369117737,0.926153838634491,0.7664615511894226
YDR194C,YPL087W,0,-8.266675,0.1077694222331047,0.926153838634491,0.7667692303657532
YLR069C,YNL291C,0,-8.266764,0.10773085057735443,0.926153838634491,0.7670769095420837
YLR102C,YHR070W,0,-8.267278,0.10769230872392654,0.926153838634491,0.7673845887184143
YER126C,YER151C,0,-8.268564,0.10765378922224045,0.926153838634491,0.7676923274993896
YGR247W,YNL004W,0,-8.269393,0.10761529952287674,0.926153838634491,0.7680000066757202
YMR136W,YIL031W,0,-8.270226,0.10757683962583542,0.926153838634491,0.7683076858520508
YGR278W,YKL060C,0,-8.270997,0.10753840953111649,0.926153838634491,0.7686153650283813
YLR284C,YPL144W,0,-8.271823,0.10750000178813934,0.926153838634491,0.7689231038093567
YLR405W,YJL002C,0,-8.274448,0.10746162384748459,0.926153838634491,0.7692307829856873
YDR501W,YDR447C,0,-8.274559,0.10742326825857162,0.926153838634491,0.7695384621620178
YDR106W,YML007W,0,-8.274615,0.10738494247198105,0.926153838634491,0.7698461413383484
YER126C,YGR199W,0,-8.275124,0.10734664648771286,0.926153838634491,0.770153820514679
YOL044W,YGR241C,0,-8.275721,0.10730838030576706,0.926153838634491,0.7704615592956543
YPR034W,YLR201C,0,-8.277111,0.10727013647556305,0.926153838634491,0.7707692384719849
YER030W,YNL329C,0,-8.277899,0.10723192244768143,0.926153838634491,0.7710769176483154
YDR427W,YPL243W,0,-8.278002,0.1071937307715416,0.926153838634491,0.771384596824646
YER168C,YDR296W,0,-8.278194,0.10715556889772415,0.926153838634491,0.7716923356056213
YDR060W,YDR487C,0,-8.27853,0.1071174368262291,0.926153838634491,0.7720000147819519
YLR186W,YDR158W,0,-8.28071,0.10707933455705643,0.926153838634491,0.7723076939582825
YOR198C,YNR057C,0,-8.281369,0.10704125463962555,0.926153838634491,0.772615373134613
YBR021W,YGL251C,0,-8.281752,0.10700319707393646,0.926153838634491,0.7729230523109436
YER054C,YDR146C,0,-8.282586,0.10696517676115036,0.926153838634491,0.773230791091919
YBR297W,YLR369W,0,-8.283047,0.10692717880010605,0.926153838634491,0.7735384702682495
YPR074C,YJL029C,0,-8.283093,0.10688920319080353,0.926153838634491,0.7738461494445801
YNR049C,YOL100W,0,-8.283251,0.1068512573838234,0.926153838634491,0.7741538286209106
YOR315W,YML005W,0,-8.283413,0.10681334137916565,0.926153838634491,0.774461567401886
YHR143W,YIL160C,0,-8.284199,0.10677545517683029,0.926153838634491,0.7747692465782166
YPR023C,YDR039C,0,-8.284897,0.10673759132623672,0.926153838634491,0.7750769257545471
YOR109W,YBR154C,0,-8.285151,0.10669974982738495,0.926153838634491,0.7753846049308777
YML052W,YDR449C,0,-8.287043,0.10666194558143616,0.926153838634491,0.7756922841072083
YDR358W,YFR033C,0,-8.287822,0.10662415623664856,0.926153838634491,0.7760000228881836
YML081C-A,YIR009W,0,-8.288681,0.10658640414476395,0.926153838634491,0.7763077020645142
YOR381W,YFR024C-A,0,-8.288695,0.10654867440462112,0.926153838634491,0.7766153812408447
YGL252C,YLR200W,0,-8.28915,0.10651096701622009,0.926153838634491,0.7769230604171753
YNL242W,YGL207W,0,-8.291742,0.10647329688072205,0.926153838634491,0.7772307395935059
YOL023W,YHR079C,0,-8.2919235,0.10643564164638519,0.926153838634491,0.7775384783744812
YOR030W,YIR011C,0,-8.292929,0.10639802366495132,0.926153838634491,0.7778461575508118
YIR023W,YLR435W,0,-8.293955,0.10636042058467865,0.926153838634491,0.7781538367271423
YBR212W,YML085C,0,-8.296913,0.10632285475730896,0.926153838634491,0.7784615159034729
YBR212W,YDR329C,0,-8.297197,0.10628531128168106,0.926153838634491,0.7787692546844482
YFR047C,YCR028C-A,0,-8.297543,0.10624779015779495,0.926153838634491,0.7790769338607788
YOR298C-A,YDL130W,0,-8.297949,0.10621030628681183,0.926153838634491,0.7793846130371094
YBR061C,YGR281W,0,-8.298313,0.1061728373169899,0.926153838634491,0.7796922922134399
YML112W,YOR040W,0,-8.299812,0.10613540560007095,0.926153838634491,0.7799999713897705
YDR384C,YDR219C,0,-8.300296,0.1060979887843132,0.926153838634491,0.7803077101707458
YJL014W,YDL208W,0,-8.300526,0.10606060922145844,0.926153838634491,0.7806153893470764
YPL089C,YDR177W,0,-8.3015175,0.10602324455976486,0.926153838634491,0.780923068523407
YIR021W,YNL246W,0,-8.302885,0.10598591715097427,0.926153838634491,0.7812307476997375
YER009W,YPR103W,0,-8.303467,0.10594861209392548,0.926153838634491,0.7815384864807129
YIR013C,YML118W,0,-8.303478,0.10591132938861847,0.926153838634491,0.7818461656570435
YOR074C,YOR224C,0,-8.304169,0.10587407648563385,0.926153838634491,0.782153844833374
YJL094C,YNL160W,0,-8.304638,0.10583684593439102,0.926153838634491,0.7824615240097046
YGL061C,YDR023W,0,-8.304937,0.10579964518547058,0.926153838634491,0.7827692031860352
YBR158W,YKR081C,0,-8.306698,0.10576247423887253,0.926153838634491,0.7830769419670105
YDR110W,YDL020C,1,-8.306844,0.10607656836509705,0.9292307496070862,0.7830769419670105
YFL026W,YLR222C,0,-8.308521,0.10603932291269302,0.9292307496070862,0.7833846211433411
YGR030C,YDL147W,0,-8.309825,0.10600210726261139,0.9292307496070862,0.7836923003196716
YDR517W,YML121W,0,-8.312039,0.10596491396427155,0.9292307496070862,0.7839999794960022
YDR516C,YML001W,0,-8.312702,0.10592774301767349,0.9292307496070862,0.7843077182769775
YJR065C,YLR220W,0,-8.312902,0.10589060187339783,0.9292307496070862,0.7846153974533081
YHR170W,YPL058C,0,-8.312994,0.10585349053144455,0.9292307496070862,0.7849230766296387
YLR084C,YLR360W,0,-8.314113,0.10581640154123306,0.9292307496070862,0.7852307558059692
YNL021W,YNL173C,0,-8.314646,0.10577933490276337,0.9292307496070862,0.7855384349822998
YNR033W,YKL135C,0,-8.3151245,0.10574229806661606,0.9292307496070862,0.7858461737632751
YPR021C,YDR247W,0,-8.31535,0.10570528358221054,0.9292307496070862,0.7861538529396057
YNL041C,YBR182C,0,-8.315626,0.10566829890012741,0.9292307496070862,0.7864615321159363
YPL160W,YBR179C,0,-8.315644,0.10563133656978607,0.9292307496070862,0.7867692112922668
YPR049C,YER065C,0,-8.316544,0.10559440404176712,0.9292307496070862,0.7870769500732422
YLR449W,YHR154W,1,-8.3168745,0.10590702295303345,0.9323077201843262,0.7870769500732422
YAL055W,YMR059W,0,-8.317015,0.10587002336978912,0.9323077201843262,0.7873846292495728
YLR033W,YBR126C,0,-8.317188,0.105833038687706,0.9323077201843262,0.7876923084259033
YNL325C,YDR140W,0,-8.317276,0.10579609125852585,0.9323077201843262,0.7879999876022339
YNL075W,YKL154W,0,-8.319131,0.1057591587305069,0.9323077201843262,0.7883076667785645
YIL132C,YPL098C,0,-8.319178,0.10572226345539093,0.9323077201843262,0.7886154055595398
YDR158W,YLR045C,0,-8.319698,0.10568538308143616,0.9323077201843262,0.7889230847358704
YPL123C,YGL252C,0,-8.319728,0.10564853250980377,0.9323077201843262,0.7892307639122009
YKL152C,YDR030C,0,-8.320292,0.10561171174049377,0.9323077201843262,0.7895384430885315
YBL078C,YBR245C,0,-8.320759,0.10557491332292557,0.9323077201843262,0.7898461818695068
YJR046W,YLR003C,1,-8.322738,0.10588645190000534,0.9353846311569214,0.7898461818695068
YBL002W,YMR314W,0,-8.32504,0.10584957897663116,0.9353846311569214,0.7901538610458374
YDR069C,YNL218W,1,-8.3250475,0.10616080462932587,0.9384615421295166,0.7901538610458374
YBL022C,YIR026C,0,-8.326342,0.10612387210130692,0.9384615421295166,0.790461540222168
YNL036W,YKR057W,0,-8.327433,0.10608695447444916,0.9384615421295166,0.7907692193984985
YNL036W,YGR082W,0,-8.327745,0.10605006664991379,0.9384615421295166,0.7910768985748291
YER018C,YHR196W,0,-8.327781,0.1060132086277008,0.9384615421295166,0.7913846373558044
YDR151C,YKL145W,0,-8.328688,0.10597637295722961,0.9384615421295166,0.791692316532135
YNL112W,YNL139C,0,-8.329184,0.10593955963850021,0.9384615421295166,0.7919999957084656
YLR309C,YDR072C,0,-8.32942,0.1059027761220932,0.9384615421295166,0.7923076748847961
YOL089C,YCR012W,0,-8.329533,0.10586602240800858,0.9384615421295166,0.7926154136657715
YDR069C,YOL068C,1,-8.332823,0.10617626458406448,0.9415384531021118,0.7926154136657715
YKL035W,YDR200C,0,-8.334871,0.10613943636417389,0.9415384531021118,0.792923092842102
YIL122W,YKL193C,0,-8.336479,0.10610263794660568,0.9415384531021118,0.7932307720184326
YJL122W,YPL221W,0,-8.336814,0.10606585443019867,0.9415384531021118,0.7935384511947632
YIL062C,YGR036C,0,-8.337488,0.10602910816669464,0.9415384531021118,0.7938461303710938
YDR099W,YFR047C,0,-8.338104,0.1059923768043518,0.9415384531021118,0.7941538691520691
YDR023W,YNL049C,0,-8.338228,0.10595567524433136,0.9415384531021118,0.7944615483283997
YJR155W,YJR002W,0,-8.339005,0.1059190034866333,0.9415384531021118,0.7947692275047302
YJL146W,YAL002W,0,-8.339139,0.10588235408067703,0.9415384531021118,0.7950769066810608
YLR260W,YGR185C,0,-8.340304,0.10584572702646255,0.9415384531021118,0.7953845858573914
YBL019W,YFL045C,0,-8.340569,0.10580912977457047,0.9415384531021118,0.7956923246383667
YBR170C,YOR353C,0,-8.341387,0.10577255487442017,0.9415384531021118,0.7960000038146973
YJL122W,YPL259C,0,-8.342539,0.10573600232601166,0.9415384531021118,0.7963076829910278
YKL057C,YBL064C,0,-8.342978,0.10569947957992554,0.9415384531021118,0.7966153621673584
YHR036W,YOR145C,0,-8.343484,0.1056629866361618,0.9415384531021118,0.7969231009483337
YLR069C,YLR382C,0,-8.343638,0.10562650859355927,0.9415384531021118,0.7972307801246643
YDR106W,YNL256W,0,-8.344386,0.10559006035327911,0.9415384531021118,0.7975384593009949
YNL279W,YBL075C,0,-8.344483,0.10555364191532135,0.9415384531021118,0.7978461384773254
YOL011W,YGR169C,0,-8.3465805,0.10551723837852478,0.9415384531021118,0.798153817653656
YDR255C,YDR260C,0,-8.346741,0.1054808720946312,0.9415384531021118,0.7984615564346313
YNL090W,YJL190C,0,-8.346926,0.1054445207118988,0.9415384531021118,0.7987692356109619
YPL249C,YGL111W,0,-8.347705,0.1054081991314888,0.9415384531021118,0.7990769147872925
YIL051C,YLR447C,0,-8.348048,0.10537189990282059,0.9415384531021118,0.799384593963623
YJR105W,YOR388C,0,-8.350663,0.10533563047647476,0.9415384531021118,0.7996923327445984
YLR210W,YHL011C,0,-8.351727,0.10529938340187073,0.9415384531021118,0.800000011920929
YBR026C,YGR252W,0,-8.35259,0.10526315867900848,0.9415384531021118,0.8003076910972595
YLR405W,YOR226C,0,-8.352634,0.10522696375846863,0.9415384531021118,0.8006153702735901
YIL114C,YLR154C,0,-8.353088,0.10519078373908997,0.9415384531021118,0.8009230494499207
YMR208W,YDL092W,0,-8.353506,0.10515464097261429,0.9415384531021118,0.801230788230896
YPR034W,YCL035C,0,-8.354266,0.1051185131072998,0.9415384531021118,0.8015384674072266
YPL097W,YNL207W,0,-8.354519,0.10508241504430771,0.9415384531021118,0.8018461465835571
YMR238W,YDR411C,0,-8.355034,0.105046346783638,0.9415384531021118,0.8021538257598877
YER122C,YJR143C,0,-8.357023,0.10501029342412949,0.9415384531021118,0.802461564540863
YKR097W,YDL147W,0,-8.357237,0.10497426986694336,0.9415384531021118,0.8027692437171936
YJR144W,YLR452C,0,-8.358,0.10493826866149902,0.9415384531021118,0.8030769228935242
YKR097W,YNL066W,0,-8.358386,0.10490229725837708,0.9415384531021118,0.8033846020698547
YFR047C,YHR075C,0,-8.358472,0.10486634820699692,0.9415384531021118,0.8036922812461853
YAR015W,YPR088C,0,-8.359879,0.10483042150735855,0.9415384531021118,0.8040000200271606
YKL052C,YMR202W,0,-8.361319,0.10479451715946198,0.9415384531021118,0.8043076992034912
YPR100W,YDR279W,0,-8.361887,0.10475864261388779,0.9415384531021118,0.8046153783798218
YFR004W,YGL022W,0,-8.363225,0.10472279042005539,0.9415384531021118,0.8049230575561523
YDR069C,YDR110W,1,-8.364748,0.10502907633781433,0.944615364074707,0.8049230575561523
YOR115C,YLR212C,0,-8.3652725,0.10499315708875656,0.944615364074707,0.8052307963371277
YKL213C,YGR156W,0,-8.366604,0.10495726764202118,0.944615364074707,0.8055384755134583
YHL003C,YDR412W,0,-8.36805,0.10492139309644699,0.944615364074707,0.8058461546897888
YIR025W,YGR080W,0,-8.368923,0.10488554835319519,0.944615364074707,0.8061538338661194
YBR290W,YML051W,0,-8.370257,0.10484972596168518,0.944615364074707,0.80646151304245
YPR168W,YMR241W,0,-8.370809,0.10481393337249756,0.944615364074707,0.8067692518234253
YOL088C,YJL138C,0,-8.371041,0.10477815568447113,0.944615364074707,0.8070769309997559
YJL100W,YKL064W,0,-8.372023,0.10474240779876709,0.944615364074707,0.8073846101760864
YDR016C,YGL236C,0,-8.372629,0.10470668226480484,0.944615364074707,0.807692289352417
YMR208W,YPL093W,0,-8.372937,0.10467098653316498,0.944615364074707,0.8080000281333923
YAL012W,YBR214W,0,-8.374513,0.1046353131532669,0.944615364074707,0.8083077073097229
YOR187W,YIL023C,0,-8.377367,0.10459966212511063,0.944615364074707,0.8086153864860535
YBR188C,YDL076C,0,-8.378941,0.10456403344869614,0.944615364074707,0.808923065662384
YPL262W,YLL022C,0,-8.380338,0.10452842712402344,0.944615364074707,0.8092307448387146
YDR069C,YLR449W,1,-8.380798,0.104833222925663,0.947692334651947,0.8092307448387146
YHR053C,YOR109W,0,-8.382538,0.10479754954576492,0.947692334651947,0.8095384836196899
YLL043W,YNL151C,0,-8.383506,0.10476190596818924,0.947692334651947,0.8098461627960205
YGL174W,YGL096W,0,-8.385839,0.10472628474235535,0.947692334651947,0.8101538419723511
YLR254C,YPL087W,0,-8.38584,0.10469068586826324,0.947692334651947,0.8104615211486816
YBR043C,YDL084W,0,-8.386513,0.10465511679649353,0.947692334651947,0.810769259929657
YDR395W,YPL157W,0,-8.386858,0.10461956262588501,0.947692334651947,0.8110769391059875
YLR175W,YBR086C,0,-8.38736,0.10458403825759888,0.947692334651947,0.8113846182823181
YGR253C,YHL034C,0,-8.38925,0.10454854369163513,0.947692334651947,0.8116922974586487
YJL095W,YNL007C,0,-8.39045,0.10451306402683258,0.947692334651947,0.8119999766349792
YNL259C,YMR049C,0,-8.390479,0.10447761416435242,0.947692334651947,0.8123077154159546
YOR367W,YBR216C,0,-8.39142,0.10444218665361404,0.947692334651947,0.8126153945922852
YNR035C,YPL140C,0,-8.393168,0.10440678149461746,0.947692334651947,0.8129230737686157
YER173W,YDR259C,0,-8.393728,0.10437139868736267,0.947692334651947,0.8132307529449463
YOR284W,YLR002C,0,-8.396067,0.10433604568243027,0.947692334651947,0.8135384321212769
YKR097W,YMR129W,0,-8.396223,0.10430070757865906,0.947692334651947,0.8138461709022522
YMR202W,YGL233W,0,-8.396618,0.10426539927721024,0.947692334651947,0.8141538500785828
YBR135W,YOR243C,0,-8.399582,0.1042301207780838,0.947692334651947,0.8144615292549133
YKR024C,YKL213C,0,-8.399765,0.10419485718011856,0.947692334651947,0.8147692084312439
YPR120C,YLR449W,1,-8.399865,0.10449780523777008,0.9507692456245422,0.8147692084312439
YOR355W,YDR395W,0,-8.400095,0.10446247458457947,0.9507692456245422,0.8150769472122192
YKR072C,YKL140W,0,-8.401703,0.10442717373371124,0.9507692456245422,0.8153846263885498
YLR150W,YPR125W,0,-8.402131,0.10439189523458481,0.9507692456245422,0.8156923055648804
YOL088C,YOR310C,0,-8.403049,0.10435663908720016,0.9507692456245422,0.8159999847412109
YOR204W,YML004C,0,-8.403505,0.10432140529155731,0.9507692456245422,0.8163076639175415
YNL225C,YMR246W,0,-8.404711,0.10428619384765625,0.9507692456245422,0.8166154026985168
YKR036C,YIL103W,0,-8.404911,0.10425101220607758,0.9507692456245422,0.8169230818748474
YMR030W,YOR229W,0,-8.405877,0.10421585291624069,0.9507692456245422,0.817230761051178
YPL051W,YLR060W,0,-8.40755,0.1041807159781456,0.9507692456245422,0.8175384402275085
YNL082W,YNR034W,0,-8.407974,0.1041456013917923,0.9507692456245422,0.8178461790084839
YML075C,YJL092W,0,-8.408817,0.10411050915718079,0.9507692456245422,0.8181538581848145
YDR487C,YGL044C,0,-8.409487,0.10407544672489166,0.9507692456245422,0.818461537361145
YBR102C,YOL143C,0,-8.410135,0.10404040664434433,0.9507692456245422,0.8187692165374756
YML064C,YJL141C,0,-8.410778,0.10400538891553879,0.9507692456245422,0.8190768957138062
YDR511W,YJL164C,0,-8.4124,0.10397039353847504,0.9507692456245422,0.8193846344947815
YGL061C,YDR508C,0,-8.412965,0.10393542051315308,0.9507692456245422,0.8196923136711121
YAR031W,YHL024W,0,-8.413199,0.1039004698395729,0.9507692456245422,0.8199999928474426
YDR511W,YOR113W,0,-8.413242,0.10386554896831512,0.9507692456245422,0.8203076720237732
YEL066W,YNL015W,0,-8.4146,0.10383064299821854,0.9507692456245422,0.8206154108047485
YIL051C,YBL025W,0,-8.415918,0.10379576683044434,0.9507692456245422,0.8209230899810791
YNL331C,YJR105W,0,-8.416157,0.10376091301441193,0.9507692456245422,0.8212307691574097
YGR157W,YER094C,0,-8.417629,0.10372608155012131,0.9507692456245422,0.8215384483337402
YBR034C,YDR382W,0,-8.418636,0.10369127243757248,0.9507692456245422,0.8218461275100708
YPR008W,YNL075W,0,-8.419115,0.10365649312734604,0.9507692456245422,0.8221538662910461
YHR191C,YGR231C,0,-8.419615,0.10362172871828079,0.9507692456245422,0.8224615454673767
YBL056W,YOL093W,0,-8.419693,0.10358699411153793,0.9507692456245422,0.8227692246437073
YHR068W,YAL034W-A,0,-8.420002,0.10355228185653687,0.9507692456245422,0.8230769038200378
YJR047C,YPR171W,0,-8.420903,0.10351758450269699,0.9507692456245422,0.8233846426010132
YKL002W,YLR014C,0,-8.421795,0.1034829169511795,0.9507692456245422,0.8236923217773438
YMR211W,YOR354C,0,-8.423779,0.1034482792019844,0.9507692456245422,0.8240000009536743
YML075C,YER082C,0,-8.423879,0.1034136563539505,0.9507692456245422,0.8243076801300049
YAL023C,YJR035W,0,-8.425089,0.10337905585765839,0.9507692456245422,0.8246153593063354
YML126C,YHR004C,0,-8.425101,0.10334448516368866,0.9507692456245422,0.8249230980873108
YBR070C,YNL248C,0,-8.426296,0.10330992937088013,0.9507692456245422,0.8252307772636414
YAR031W,YBL075C,0,-8.427872,0.10327540338039398,0.9507692456245422,0.8255384564399719
YGR191W,YDR043C,0,-8.430227,0.10324089229106903,0.9507692456245422,0.8258461356163025
YPR119W,YFL045C,0,-8.430727,0.10320641100406647,0.9507692456245422,0.8261538743972778
YDL231C,YMR202W,0,-8.432091,0.1031719520688057,0.9507692456245422,0.8264615535736084
YOR085W,YGR270W,0,-8.432175,0.10313751548528671,0.9507692456245422,0.826769232749939
YOR023C,YDR164C,0,-8.432491,0.10310310125350952,0.9507692456245422,0.8270769119262695
YNL038W,YKL028W,0,-8.433376,0.10306870937347412,0.9507692456245422,0.8273845911026001
YIL154C,YLR368W,0,-8.433655,0.10303434729576111,0.9507692456245422,0.8276923298835754
YNL016W,YNL113W,0,-8.436607,0.10300000011920929,0.9507692456245422,0.828000009059906
YOL095C,YKL081W,0,-8.437168,0.10296567529439926,0.9507692456245422,0.8283076882362366
YNL177C,YGR095C,0,-8.438315,0.10293138027191162,0.9507692456245422,0.8286153674125671
YDR038C,YDR281C,0,-8.438891,0.10289710015058517,0.9507692456245422,0.8289231061935425
YDR365C,YML027W,0,-8.440973,0.10286284983158112,0.9507692456245422,0.829230785369873
YJL112W,YPR009W,0,-8.44164,0.10282862186431885,0.9507692456245422,0.8295384645462036
YKL052C,YOL088C,0,-8.4423685,0.10279440879821777,0.9507692456245422,0.8298461437225342
YMR068W,YPR075C,0,-8.443754,0.10276022553443909,0.9507692456245422,0.8301538228988647
YPL015C,YLR003C,1,-8.445472,0.10305850952863693,0.9538461565971375,0.8301538228988647
YDL081C,YKL051W,0,-8.446325,0.10302425920963287,0.9538461565971375,0.8304615616798401
YBR247C,YKR028W,0,-8.446905,0.1029900312423706,0.9538461565971375,0.8307692408561707
YLR035C,YOR310C,0,-8.4471855,0.10295582562685013,0.9538461565971375,0.8310769200325012
YML048W,YDR427W,0,-8.447445,0.10292164981365204,0.9538461565971375,0.8313845992088318
YNL166C,YOR362C,0,-8.447651,0.10288748890161514,0.9538461565971375,0.8316922783851624
YBR290W,YGR171C,0,-8.448407,0.10285335034132004,0.9538461565971375,0.8320000171661377
YKL152C,YOL146W,0,-8.448977,0.10281923413276672,0.9538461565971375,0.8323076963424683
YNR001C,YBL025W,0,-8.450464,0.1027851477265358,0.9538461565971375,0.8326153755187988
YCR012W,YPR055W,0,-8.451849,0.10275107622146606,0.9538461565971375,0.8329230546951294
YGL071W,YIL124W,0,-8.4527,0.10271703451871872,0.9538461565971375,0.8332307934761047
YEL061C,YDR492W,0,-8.453323,0.10268300771713257,0.9538461565971375,0.8335384726524353
YER146W,YOR231W,0,-8.456835,0.10264900326728821,0.9538461565971375,0.8338461518287659
YOR207C,YDR255C,0,-8.45725,0.10261502861976624,0.9538461565971375,0.8341538310050964
YNL135C,YOR115C,0,-8.46153,0.10258106887340546,0.9538461565971375,0.834461510181427
YBR196C,YGL232W,0,-8.464568,0.10254713892936707,0.9538461565971375,0.8347692489624023
YKL213C,YBR207W,0,-8.46601,0.10251322388648987,0.9538461565971375,0.8350769281387329
YER110C,YMR008C,0,-8.466202,0.10247933864593506,0.9538461565971375,0.8353846073150635
YOR117W,YHR196W,0,-8.466478,0.10244547575712204,0.9538461565971375,0.835692286491394
YGR120C,YBL041W,0,-8.466712,0.10241162776947021,0.9538461565971375,0.8360000252723694
YAR015W,YMR055C,0,-8.466755,0.10237780958414078,0.9538461565971375,0.8363077044487
YMR316W,YFL038C,0,-8.467723,0.10234400629997253,0.9538461565971375,0.8366153836250305
YDL031W,YNL031C,0,-8.468109,0.10231023281812668,0.9538461565971375,0.8369230628013611
YNL037C,YJL198W,0,-8.468814,0.10227647423744202,0.9538461565971375,0.8372307419776917
YLL031C,YKR060W,0,-8.470474,0.10224274545907974,0.9538461565971375,0.837538480758667
YJR160C,YMR006C,0,-8.470732,0.10220903158187866,0.9538461565971375,0.8378461599349976
YPL061W,YHR085W,0,-8.471825,0.10217534750699997,0.9538461565971375,0.8381538391113281
YIR021W,YBL039C,0,-8.472851,0.10214167833328247,0.9538461565971375,0.8384615182876587
YBR029C,YHR077C,0,-8.4730425,0.10210803896188736,0.9538461565971375,0.838769257068634
YJL201W,YDR023W,0,-8.473296,0.10207441449165344,0.9538461565971375,0.8390769362449646
YDL099W,YOR201C,0,-8.473872,0.10204081982374191,0.9538461565971375,0.8393846154212952
YBR086C,YDL134C,0,-8.474642,0.10200724005699158,0.9538461565971375,0.8396922945976257
YNR044W,YMR212C,0,-8.475365,0.10197368264198303,0.9538461565971375,0.8399999737739563
YDL115C,YPL243W,0,-8.475496,0.10194014757871628,0.9538461565971375,0.8403077125549316
YHR013C,YDR279W,0,-8.477337,0.10190664231777191,0.9538461565971375,0.8406153917312622
YCR027C,YDR285W,0,-8.47753,0.10187315195798874,0.9538461565971375,0.8409230709075928
YER177W,YGR009C,0,-8.478844,0.10183968394994736,0.9538461565971375,0.8412307500839233
YFR041C,YDR017C,0,-8.479783,0.10180623829364777,0.9538461565971375,0.8415384888648987
YPL037C,YOL017W,0,-8.481892,0.10177281498908997,0.9538461565971375,0.8418461680412292
YFR019W,YBR170C,0,-8.483126,0.10173941403627396,0.9538461565971375,0.8421538472175598
YDR513W,YOR095C,0,-8.483279,0.10170603543519974,0.9538461565971375,0.8424615263938904
YPL112C,YDR382W,0,-8.483531,0.10167267918586731,0.9538461565971375,0.842769205570221
YLL043W,YOR120W,0,-8.483577,0.10163934528827667,0.9538461565971375,0.8430769443511963
YIR023W,YHR004C,0,-8.484983,0.10160603374242783,0.9538461565971375,0.8433846235275269
YOR284W,YCR033W,0,-8.4855175,0.10157273709774017,0.9538461565971375,0.8436923027038574
YDR272W,YOL026C,0,-8.487078,0.10153947025537491,0.9538461565971375,0.843999981880188
YHL020C,YKL188C,0,-8.487732,0.10150621831417084,0.9538461565971375,0.8443077206611633
YLR423C,YDL198C,0,-8.488903,0.10147299617528915,0.9538461565971375,0.8446153998374939
YOR363C,YOR187W,0,-8.489306,0.10143978893756866,0.9538461565971375,0.8449230790138245
YIL044C,YLR324W,0,-8.490956,0.10140661150217056,0.9538461565971375,0.845230758190155
YAL012W,YER161C,0,-8.492714,0.10137344896793365,0.9538461565971375,0.8455384373664856
YMR292W,YOR233W,0,-8.494939,0.10134030878543854,0.9538461565971375,0.8458461761474609
YKL007W,YOR188W,0,-8.495688,0.10130719095468521,0.9538461565971375,0.8461538553237915
YKL182W,YJL187C,0,-8.496779,0.10127409547567368,0.9538461565971375,0.8464615345001221
YHR114W,YDR176W,0,-8.497538,0.10124102234840393,0.9538461565971375,0.8467692136764526
YMR246W,YBL022C,0,-8.49787,0.10120796412229538,0.9538461565971375,0.847076952457428
YGR159C,YJL035C,0,-8.501198,0.10117493569850922,0.9538461565971375,0.8473846316337585
YNL094W,YDR465C,0,-8.502616,0.10114192217588425,0.9538461565971375,0.8476923108100891
YDR294C,YKR101W,0,-8.504714,0.10110893845558167,0.9538461565971375,0.8479999899864197
YGL173C,YML038C,0,-8.505299,0.10107596963644028,0.9538461565971375,0.8483076691627502
YDR256C,YLR190W,0,-8.509344,0.10104302316904068,0.9538461565971375,0.8486154079437256
YOR207C,YDL229W,0,-8.509674,0.10101009905338287,0.9538461565971375,0.8489230871200562
YGL191W,YBR165W,0,-8.511538,0.10097719728946686,0.9538461565971375,0.8492307662963867
YOR253W,YHL024W,0,-8.511759,0.10094431787729263,0.9538461565971375,0.8495384454727173
YNL112W,YMR281W,0,-8.512714,0.1009114608168602,0.9538461565971375,0.8498461246490479
YPL255W,YJL112W,0,-8.5157175,0.10087861865758896,0.9538461565971375,0.8501538634300232
YKR052C,YOR275C,0,-8.516346,0.1008458063006401,0.9538461565971375,0.8504615426063538
YAR019C,YGR074W,0,-8.516767,0.10081300884485245,0.9538461565971375,0.8507692217826843
YPL096W,YGL207W,0,-8.516768,0.10078023374080658,0.9538461565971375,0.8510769009590149
YMR288W,YGR289C,0,-8.520724,0.1007474809885025,0.9538461565971375,0.8513846397399902
YMR312W,YHR069C,0,-8.5230255,0.10071475058794022,0.9538461565971375,0.8516923189163208
YLR100W,YOR341W,0,-8.526497,0.10068204253911972,0.9538461565971375,0.8519999980926514
YKL134C,YLR150W,0,-8.526556,0.10064934939146042,0.9538461565971375,0.8523076772689819
YPR103W,YNL138W,0,-8.52932,0.1006166860461235,0.9538461565971375,0.8526153564453125
YGR253C,YJR156C,0,-8.529375,0.10058403760194778,0.9538461565971375,0.8529230952262878
YDL051W,YMR097C,0,-8.530356,0.10055141150951385,0.9538461565971375,0.8532307744026184
YHR114W,YFR001W,0,-8.530399,0.10051880776882172,0.9538461565971375,0.853538453578949
YDR188W,YNL258C,0,-8.533204,0.10048622637987137,0.9538461565971375,0.8538461327552795
YJR077C,YLR350W,0,-8.533354,0.10045365989208221,0.9538461565971375,0.8541538715362549
YPL123C,YPL045W,0,-8.536205,0.10042112320661545,0.9538461565971375,0.8544615507125854
YDR272W,YBL079W,0,-8.537157,0.10038860142230988,0.9538461565971375,0.854769229888916
YPL075W,YDR071C,0,-8.539007,0.1003561019897461,0.9538461565971375,0.8550769090652466
YOL139C,YHR176W,0,-8.539139,0.1003236249089241,0.9538461565971375,0.8553845882415771
YDR121W,YJL104W,0,-8.540281,0.1002911701798439,0.9538461565971375,0.8556923270225525
YDR420W,YKL059C,0,-8.54195,0.1002587303519249,0.9538461565971375,0.8560000061988831
YDR295C,YPL237W,0,-8.542146,0.10022632032632828,0.9538461565971375,0.8563076853752136
YBR170C,YDL224C,0,-8.542599,0.10019392520189285,0.9538461565971375,0.8566153645515442
YIL014W,YOR122C,0,-8.545418,0.10016155242919922,0.9538461565971375,0.8569231033325195
YFR002W,YJR049C,0,-8.547003,0.10012920200824738,0.9538461565971375,0.8572307825088501
YOR182C,YPL274W,0,-8.5471,0.10009686648845673,0.9538461565971375,0.8575384616851807
YOR317W,YKL043W,0,-8.552517,0.10006456077098846,0.9538461565971375,0.8578461408615112
YBR298C,YOR380W,0,-8.554279,0.1000322699546814,0.9538461565971375,0.8581538200378418
YMR302C,YNR039C,0,-8.555152,0.10000000149011612,0.9538461565971375,0.8584615588188171
YJL003W,YPR080W,0,-8.555517,0.09996775537729263,0.9538461565971375,0.8587692379951477
YLR316C,YAL001C,0,-8.5561695,0.09993552416563034,0.9538461565971375,0.8590769171714783
YFL037W,YOR162C,0,-8.557786,0.09990332275629044,0.9538461565971375,0.8593845963478088
YJR001W,YPL012W,0,-8.562693,0.09987113624811172,0.9538461565971375,0.8596923351287842
YML024W,YLR305C,0,-8.563097,0.0998389720916748,0.9538461565971375,0.8600000143051147
YFR001W,YHR050W,0,-8.563222,0.09980682283639908,0.9538461565971375,0.8603076934814453
YPR141C,YDR023W,0,-8.566183,0.09977470338344574,0.9538461565971375,0.8606153726577759
YJR001W,YGR085C,0,-8.566693,0.0997425988316536,0.9538461565971375,0.8609230518341064
YMR198W,YPR140W,0,-8.568108,0.09971051663160324,0.9538461565971375,0.8612307906150818
YKL192C,YIR010W,0,-8.568476,0.09967845678329468,0.9538461565971375,0.8615384697914124
YMR133W,YDL092W,0,-8.569023,0.0996464192867279,0.9538461565971375,0.8618461489677429
YMR116C,YPR073C,0,-8.569528,0.09961439669132233,0.9538461565971375,0.8621538281440735
YDL192W,YDR126W,0,-8.570178,0.09958239644765854,0.9538461565971375,0.8624615669250488
YJR055W,YIL154C,0,-8.570722,0.09955041855573654,0.9538461565971375,0.8627692461013794
YNR017W,YBR123C,0,-8.571333,0.09951845556497574,0.9538461565971375,0.86307692527771
YKR027W,YER027C,0,-8.571444,0.09948652237653732,0.9538461565971375,0.8633846044540405
YEL003W,YDR429C,0,-8.57193,0.0994546040892601,0.9538461565971375,0.8636922836303711
YLR069C,YGR152C,0,-8.572603,0.09942270815372467,0.9538461565971375,0.8640000224113464
YJR073C,YOR256C,0,-8.573432,0.09939082711935043,0.9538461565971375,0.864307701587677
YMR311C,YJR035W,0,-8.57715,0.09935897588729858,0.9538461565971375,0.8646153807640076
YOR208W,YBR214W,0,-8.577465,0.09932713955640793,0.9538461565971375,0.8649230599403381
YLR119W,YGL243W,0,-8.577557,0.09929532557725906,0.9538461565971375,0.8652307987213135
YPL028W,YNR011C,0,-8.577776,0.09926352649927139,0.9538461565971375,0.865538477897644
YDL192W,YNR046W,0,-8.578281,0.09923175722360611,0.9538461565971375,0.8658461570739746
YHR015W,YML058W,0,-8.57904,0.09920000284910202,0.9538461565971375,0.8661538362503052
YJR047C,YIL033C,0,-8.579849,0.09916826337575912,0.9538461565971375,0.8664615154266357
YPL078C,YDR518W,0,-8.580561,0.09913655370473862,0.9538461565971375,0.8667692542076111
YNL329C,YER029C,0,-8.580624,0.0991048589348793,0.9538461565971375,0.8670769333839417
YNL258C,YPR112C,0,-8.58085,0.09907318651676178,0.9538461565971375,0.8673846125602722
YJR031C,YDR225W,0,-8.584257,0.09904153645038605,0.9538461565971375,0.8676922917366028
YPR163C,YDR135C,0,-8.5846,0.09900990128517151,0.9538461565971375,0.8679999709129333
YAL003W,YNL054W,0,-8.586879,0.09897828847169876,0.9538461565971375,0.8683077096939087
YMR319C,YNL160W,0,-8.587121,0.0989466980099678,0.9538461565971375,0.8686153888702393
YDL004W,YDR412W,0,-8.587366,0.09891512244939804,0.9538461565971375,0.8689230680465698
YPL089C,YLR105C,0,-8.588015,0.09888356924057007,0.9538461565971375,0.8692307472229004
YLR231C,YMR212C,0,-8.5895405,0.09885203838348389,0.9538461565971375,0.8695384860038757
YDL164C,YER054C,0,-8.589727,0.0988205298781395,0.9538461565971375,0.8698461651802063
YER030W,YOR150W,0,-8.58983,0.0987890362739563,0.9538461565971375,0.8701538443565369
YLR220W,YBL022C,0,-8.590409,0.09875756502151489,0.9538461565971375,0.8704615235328674
YIL122W,YNL253W,0,-8.59124,0.09872611612081528,0.9538461565971375,0.870769202709198
YDR376W,YHR043C,0,-8.592184,0.09869468212127686,0.9538461565971375,0.8710769414901733
YNL227C,YIL135C,0,-8.592627,0.09866327047348022,0.9538461565971375,0.8713846206665039
YKR067W,YML027W,0,-8.592834,0.09863188117742538,0.9538461565971375,0.8716922998428345
YLR382C,YJL029C,0,-8.595631,0.09860050678253174,0.9538461565971375,0.871999979019165
YLR056W,YHR026W,0,-8.600037,0.09856915473937988,0.9538461565971375,0.8723077178001404
YLR060W,YBR237W,0,-8.600397,0.09853782504796982,0.9538461565971375,0.872615396976471
YLR226W,YLR303W,0,-8.60149,0.09850651770830154,0.9538461565971375,0.8729230761528015
YGR256W,YDL116W,0,-8.602321,0.09847522526979446,0.9538461565971375,0.8732307553291321
YLR060W,YBR004C,0,-8.603474,0.09844394773244858,0.9538461565971375,0.8735384345054626
YAL012W,YGR231C,0,-8.603867,0.09841269999742508,0.9538461565971375,0.873846173286438
YMR048W,YLR449W,1,-8.604343,0.09869882464408875,0.9569230675697327,0.873846173286438
YMR083W,YDR017C,0,-8.605053,0.09866750985383987,0.9569230675697327,0.8741538524627686
YDR424C,YCR073W-A,0,-8.605883,0.0986362174153328,0.9569230675697327,0.8744615316390991
YAL041W,YJL190C,0,-8.6068535,0.0986049473285675,0.9569230675697327,0.8747692108154297
YLR418C,YKL008C,0,-8.607959,0.09857369214296341,0.9569230675697327,0.875076949596405
YOL012C,YHR111W,0,-8.611441,0.0985424593091011,0.9569230675697327,0.8753846287727356
YLR023C,YCL044C,0,-8.611921,0.0985112413764,0.9569230675697327,0.8756923079490662
YFL022C,YLL035W,0,-8.611931,0.09848005324602127,0.9569230675697327,0.8759999871253967
YLR009W,YEL013W,0,-8.616227,0.09844887256622314,0.9569230675697327,0.8763076663017273
YAL030W,YGR116W,0,-8.616465,0.0984177216887474,0.9569230675697327,0.8766154050827026
YGL257C,YGR193C,0,-8.619846,0.09838658571243286,0.9569230675697327,0.8769230842590332
YIR017C,YLR130C,0,-8.620739,0.09835547208786011,0.9569230675697327,0.8772307634353638
YPL061W,YOR315W,0,-8.622807,0.09832437336444855,0.9569230675697327,0.8775384426116943
YHR120W,YMR260C,0,-8.623468,0.09829329699277878,0.9569230675697327,0.8778461813926697
YLR051C,YPR033C,0,-8.623846,0.0982622429728508,0.9569230675697327,0.8781538605690002
YIL097W,YMR288W,0,-8.626078,0.09823120385408401,0.9569230675697327,0.8784615397453308
YPL127C,YLR003C,1,-8.626807,0.09851594269275665,0.9599999785423279,0.8784615397453308
YDR099W,YML112W,0,-8.626953,0.09848485141992569,0.9599999785423279,0.8787692189216614
YHR036W,YPR110C,0,-8.6299095,0.09845376759767532,0.9599999785423279,0.8790768980979919
YLR423C,YEL030W,0,-8.630668,0.09842271357774734,0.9599999785423279,0.8793846368789673
YDL113C,YGR081C,0,-8.632021,0.09839167445898056,0.9599999785423279,0.8796923160552979
YAR015W,YLR411W,0,-8.632438,0.09836065769195557,0.9599999785423279,0.8799999952316284
YOR119C,YLL024C,0,-8.632757,0.09832965582609177,0.9599999785423279,0.880307674407959
YPR141C,YKL035W,0,-8.635532,0.09829867631196976,0.9599999785423279,0.8806154131889343
YBR280C,YDR416W,0,-8.635889,0.09826771914958954,0.9599999785423279,0.8809230923652649
YLR098C,YPL237W,0,-8.6364355,0.09823677688837051,0.9599999785423279,0.8812307715415955
YPL040C,YGR118W,0,-8.636814,0.09820585697889328,0.9599999785423279,0.881538450717926
YDR085C,YPL244C,0,-8.638757,0.09817495197057724,0.9599999785423279,0.8818461298942566
YIR037W,YGR004W,0,-8.639217,0.09814406931400299,0.9599999785423279,0.8821538686752319
YMR128W,YAL017W,0,-8.642797,0.09811320900917053,0.9599999785423279,0.8824615478515625
YEL050C,YGR213C,0,-8.644908,0.09808236360549927,0.9599999785423279,0.8827692270278931
YDR069C,YBR136W,1,-8.645638,0.09836580604314804,0.9630769491195679,0.8827692270278931
YJL122W,YLR071C,0,-8.651661,0.098334901034832,0.9630769491195679,0.8830769062042236
YOR157C,YPR137W,0,-8.654221,0.09830401837825775,0.9630769491195679,0.883384644985199
YHR027C,YML058W,0,-8.656796,0.09827315807342529,0.9630769491195679,0.8836923241615295
YKL062W,YML019W,0,-8.657096,0.09824231266975403,0.9630769491195679,0.8840000033378601
YLR095C,YJR059W,0,-8.657568,0.09821148216724396,0.9630769491195679,0.8843076825141907
YDL055C,YDR212W,0,-8.658192,0.09818067401647568,0.9630769491195679,0.8846153616905212
YHR085W,YOL147C,0,-8.658302,0.09814988821744919,0.9630769491195679,0.8849231004714966
YIL125W,YGR090W,0,-8.658474,0.09811912477016449,0.9630769491195679,0.8852307796478271
YDR129C,YJL036W,0,-8.662032,0.09808837622404099,0.9630769491195679,0.8855384588241577
YOR094W,YKR046C,0,-8.662799,0.09805764257907867,0.9630769491195679,0.8858461380004883
YPL266W,YJL187C,0,-8.662822,0.09802693128585815,0.9630769491195679,0.8861538171768188
YJR047C,YGL201C,0,-8.663229,0.09799624234437943,0.9630769491195679,0.8864615559577942
YGL191W,YNL299W,0,-8.663408,0.09796556830406189,0.9630769491195679,0.8867692351341248
YDR343C,YBL018C,0,-8.666251,0.09793491661548615,0.9630769491195679,0.8870769143104553
YDR295C,YDR166C,0,-8.66641,0.09790428727865219,0.9630769491195679,0.8873845934867859
YAR007C,YOL110W,0,-8.666732,0.09787367284297943,0.9630769491195679,0.8876923322677612
YLR044C,YOR367W,0,-8.666931,0.09784307330846786,0.9630769491195679,0.8880000114440918
YNL111C,YDR206W,0,-8.668217,0.09781250357627869,0.9630769491195679,0.8883076906204224
YCR092C,YEL024W,0,-8.669941,0.0977819412946701,0.9630769491195679,0.8886153697967529
YOL010W,YEL013W,0,-8.671143,0.09775140881538391,0.9630769491195679,0.8889230489730835
YLR098C,YBR072W,0,-8.672079,0.09772088378667831,0.9630769491195679,0.8892307877540588
YPR031W,YKL120W,0,-8.674141,0.0976903885602951,0.9630769491195679,0.8895384669303894
YIR037W,YOR326W,0,-8.674604,0.09765990823507309,0.9630769491195679,0.88984614610672
YOR067C,YBR289W,0,-8.675324,0.09762944281101227,0.9630769491195679,0.8901538252830505
YDL074C,YGL187C,0,-8.676841,0.09759899973869324,0.9630769491195679,0.8904615640640259
YDR036C,YMR088C,0,-8.677709,0.097568579018116,0.9630769491195679,0.8907692432403564
YGR092W,YJL190C,0,-8.679708,0.09753817319869995,0.9630769491195679,0.891076922416687
YPR187W,YIL167W,0,-8.67972,0.0975077897310257,0.9630769491195679,0.8913846015930176
YJR007W,YMR313C,0,-8.681218,0.09747742116451263,0.9630769491195679,0.8916922807693481
YOL060C,YKR097W,0,-8.684042,0.09744707494974136,0.9630769491195679,0.8920000195503235
YPL048W,YJL045W,0,-8.685992,0.09741674363613129,0.9630769491195679,0.892307698726654
YBR061C,YOR003W,0,-8.686448,0.097386434674263,0.9630769491195679,0.8926153779029846
YGL191W,YDL040C,0,-8.687223,0.09735614061355591,0.9630769491195679,0.8929230570793152
YPL127C,YJR046W,1,-8.6875,0.09763681888580322,0.9661538600921631,0.8929230570793152
YDL085W,YNL221C,0,-8.689214,0.09760646522045135,0.9661538600921631,0.8932307958602905
YMR068W,YPL032C,0,-8.691864,0.09757613390684128,0.9661538600921631,0.8935384750366211
YNL112W,YER041W,0,-8.693359,0.09754582494497299,0.9661538600921631,0.8938461542129517
YPR088C,YDL185W,0,-8.695642,0.0975155308842659,0.9661538600921631,0.8941538333892822
YJL020C,YOR320C,0,-8.698067,0.09748525172472,0.9661538600921631,0.8944615125656128
YJL201W,YPL135W,0,-8.698174,0.0974549949169159,0.9661538600921631,0.8947692513465881
YDL078C,YPL092W,0,-8.698758,0.09742476046085358,0.9661538600921631,0.8950769305229187
YAL012W,YGR028W,0,-8.699043,0.09739454090595245,0.9661538600921631,0.8953846096992493
YER126C,YKR097W,0,-8.6991825,0.09736434370279312,0.9661538600921631,0.8956922888755798
YFL014W,YMR053C,0,-8.699242,0.09733416140079498,0.9661538600921631,0.8960000276565552
YJR105W,YGR103W,0,-8.699372,0.09730399399995804,0.9661538600921631,0.8963077068328857
YNL015W,YIL037C,0,-8.700062,0.09727385640144348,0.9661538600921631,0.8966153860092163
YNL173C,YKL113C,0,-8.70216,0.09724372625350952,0.9661538600921631,0.8969230651855469
YMR313C,YGR172C,0,-8.704955,0.09721362590789795,0.9661538600921631,0.8972307443618774
YJL033W,YGR231C,0,-8.706027,0.09718353301286697,0.9661538600921631,0.8975384831428528
YCR034W,YJR132W,0,-8.7071,0.09715346246957779,0.9661538600921631,0.8978461623191833
YOL123W,YML019W,0,-8.709123,0.0971234142780304,0.9661538600921631,0.8981538414955139
YDL223C,YMR172W,0,-8.70987,0.0970933809876442,0.9661538600921631,0.8984615206718445
YIR008C,YGR183C,0,-8.712611,0.09706337004899979,0.9661538600921631,0.8987692594528198
YHR004C,YNR034W,0,-8.715751,0.09703337401151657,0.9661538600921631,0.8990769386291504
YER056C,YHR120W,0,-8.715819,0.09700340032577515,0.9661538600921631,0.899384617805481
YNL130C,YPL144W,0,-8.716222,0.09697344154119492,0.9661538600921631,0.8996922969818115
YPL231W,YFL037W,0,-8.718639,0.09694349765777588,0.9661538600921631,0.8999999761581421
YPL098C,YKL140W,0,-8.718788,0.09691358357667923,0.9661538600921631,0.9003077149391174
YPR049C,YDR171W,0,-8.720972,0.09688367694616318,0.9661538600921631,0.900615394115448
YDL198C,YLR249W,0,-8.722272,0.09685379266738892,0.9661538600921631,0.9009230732917786
YDR071C,YNL015W,0,-8.723362,0.09682393074035645,0.9661538600921631,0.9012307524681091
YHR190W,YOR043W,0,-8.72777,0.09679408371448517,0.9661538600921631,0.9015384912490845
YAL017W,YKL028W,0,-8.72944,0.09676425158977509,0.9661538600921631,0.901846170425415
YNL062C,YKL113C,0,-8.72953,0.0967344418168068,0.9661538600921631,0.9021538496017456
YPL015C,YPR164W,1,-8.729538,0.09701262414455414,0.9692307710647583,0.9021538496017456
YLR052W,YJR103W,0,-8.730012,0.09698276221752167,0.9692307710647583,0.9024615287780762
YLR368W,YCR037C,0,-8.73051,0.0969529077410698,0.9692307710647583,0.9027692079544067
YDR492W,YJR007W,0,-8.733011,0.09692307561635971,0.9692307710647583,0.9030769467353821
YNL071W,YLR033W,0,-8.734139,0.09689326584339142,0.9692307710647583,0.9033846259117126
YOL123W,YPL203W,0,-8.734941,0.09686347097158432,0.9692307710647583,0.9036923050880432
YBL056W,YPR016C,0,-8.735111,0.09683369100093842,0.9692307710647583,0.9039999842643738
YIL042C,YLL034C,0,-8.737461,0.0968039333820343,0.9692307710647583,0.9043076634407043
YGR191W,YER112W,0,-8.739063,0.09677419066429138,0.9692307710647583,0.9046154022216797
YOR317W,YAL053W,0,-8.740838,0.09674447029829025,0.9692307710647583,0.9049230813980103
YMR116C,YGL207W,0,-8.74213,0.09671476483345032,0.9692307710647583,0.9052307605743408
YDR022C,YGR047C,0,-8.742908,0.09668508172035217,0.9692307710647583,0.9055384397506714
YNL135C,YGR119C,0,-8.743659,0.09665541350841522,0.9692307710647583,0.9058461785316467
YFL045C,YBR117C,0,-8.743724,0.09662576764822006,0.9692307710647583,0.9061538577079773
YIR037W,YDR177W,0,-8.744978,0.0965961366891861,0.9692307710647583,0.9064615368843079
YEL003W,YBR154C,0,-8.746639,0.09656652063131332,0.9692307710647583,0.9067692160606384
YNL292W,YGL022W,0,-8.7469,0.09653692692518234,0.9692307710647583,0.907076895236969
YNL073W,YOR261C,0,-8.747609,0.09650735557079315,0.9692307710647583,0.9073846340179443
YIL160C,YOR315W,0,-8.747692,0.09647779166698456,0.9692307710647583,0.9076923131942749
YJL042W,YER118C,0,-8.749556,0.09644825756549835,0.9692307710647583,0.9079999923706055
YFL022C,YMR030W,0,-8.750004,0.09641873091459274,0.9692307710647583,0.908307671546936
YMR285C,YBR126C,0,-8.750881,0.09638922661542892,0.9692307710647583,0.9086154103279114
YML036W,YPR112C,0,-8.75198,0.0963597446680069,0.9692307710647583,0.9089230895042419
YMR177W,YGR245C,0,-8.753339,0.09633027762174606,0.9692307710647583,0.9092307686805725
YGR220C,YJL098W,0,-8.755975,0.09630082547664642,0.9692307710647583,0.9095384478569031
YDR211W,YBR091C,0,-8.759689,0.09627139568328857,0.9692307710647583,0.9098461270332336
YML077W,YER002W,0,-8.76078,0.09624198079109192,0.9692307710647583,0.910153865814209
YBL085W,YGR244C,0,-8.76236,0.09621258080005646,0.9692307710647583,0.9104615449905396
YIR006C,YNR003C,0,-8.762507,0.09618320316076279,0.9692307710647583,0.9107692241668701
YDR151C,YGL038C,0,-8.763782,0.09615384787321091,0.9692307710647583,0.9110769033432007
YMR246W,YBR055C,0,-8.7639065,0.09612450748682022,0.9692307710647583,0.911384642124176
YLR380W,YML025C,0,-8.765998,0.09609518200159073,0.9692307710647583,0.9116923213005066
YNL331C,YPR041W,0,-8.769517,0.09606587141752243,0.9692307710647583,0.9120000004768372
YPL255W,YFL014W,0,-8.771059,0.09603658318519592,0.9692307710647583,0.9123076796531677
YDR385W,YNL248C,0,-8.77252,0.0960073173046112,0.9692307710647583,0.9126153588294983
YFR051C,YBR117C,0,-8.773457,0.09597805887460709,0.9692307710647583,0.9129230976104736
YPL244C,YGR008C,0,-8.775254,0.09594883024692535,0.9692307710647583,0.9132307767868042
YBL022C,YPL138C,0,-8.776466,0.09591960906982422,0.9692307710647583,0.9135384559631348
YLR448W,YER024W,0,-8.776611,0.09589041024446487,0.9692307710647583,0.9138461351394653
YML118W,YDR002W,0,-8.7781925,0.09586122632026672,0.9692307710647583,0.9141538739204407
YGR123C,YJL093C,0,-8.7796,0.09583206474781036,0.9692307710647583,0.9144615530967712
YNR001C,YIL115C,0,-8.780281,0.0958029180765152,0.9692307710647583,0.9147692322731018
YEL029C,YOL060C,0,-8.780746,0.09577379375696182,0.9692307710647583,0.9150769114494324
YAL031C,YKL110C,0,-8.783432,0.09574468433856964,0.9692307710647583,0.9153845906257629
YPL086C,YNL080C,0,-8.785186,0.09571558982133865,0.9692307710647583,0.9156923294067383
YMR015C,YDR281C,0,-8.786319,0.09568651020526886,0.9692307710647583,0.9160000085830688
YLR449W,YLL002W,1,-8.788147,0.09596113115549088,0.9723076820373535,0.9160000085830688
YOR078W,YDR037W,0,-8.790165,0.0959319993853569,0.9723076820373535,0.9163076877593994
YLR163C,YJR073C,0,-8.792109,0.09590288251638412,0.9723076820373535,0.91661536693573
YCR052W,YBR171W,0,-8.79257,0.09587378799915314,0.9723076820373535,0.9169231057167053
YLR450W,YGR195W,0,-8.79504,0.09584470838308334,0.9723076820373535,0.9172307848930359
YKL172W,YGL200C,0,-8.797972,0.09581564366817474,0.9723076820373535,0.9175384640693665
YKL120W,YLR212C,0,-8.803801,0.09578660130500793,0.9723076820373535,0.917846143245697
YLR328W,YNL264C,0,-8.805343,0.09575757384300232,0.9723076820373535,0.9181538224220276
YOR133W,YDL033C,0,-8.807606,0.0957285687327385,0.9723076820373535,0.9184615612030029
YOR133W,YDR160W,0,-8.81159,0.09569957852363586,0.9723076820373535,0.9187692403793335
YJL156C,YML027W,0,-8.811829,0.09567060321569443,0.9723076820373535,0.9190769195556641
YBR288C,YGR175C,0,-8.812316,0.09564164280891418,0.9723076820373535,0.9193845987319946
YPL256C,YDR489W,0,-8.814892,0.09561270475387573,0.9723076820373535,0.9196922779083252
YMR030W,YFL002C,0,-8.818004,0.09558378905057907,0.9723076820373535,0.9200000166893005
YDR436W,YDR045C,0,-8.819899,0.095554880797863,0.9723076820373535,0.9203076958656311
YPR132W,YDR103W,0,-8.820124,0.09552599489688873,0.9723076820373535,0.9206153750419617
YAL005C,YGR274C,0,-8.824113,0.09549713134765625,0.9723076820373535,0.9209230542182922
YLR276C,YKL002W,0,-8.82527,0.09546827524900436,0.9723076820373535,0.9212307929992676
YPL055C,YGL055W,0,-8.826532,0.09543944150209427,0.9723076820373535,0.9215384721755981
YKR099W,YKR003W,0,-8.828852,0.09541063010692596,0.9723076820373535,0.9218461513519287
YDR028C,YNL283C,0,-8.829731,0.09538182616233826,0.9723076820373535,0.9221538305282593
YDR121W,YPL221W,0,-8.829832,0.09535304456949234,0.9723076820373535,0.9224615097045898
YJR125C,YLR316C,0,-8.835129,0.09532428532838821,0.9723076820373535,0.9227692484855652
YBR036C,YPR187W,0,-8.838426,0.09529553353786469,0.9723076820373535,0.9230769276618958
YLR134W,YMR236W,0,-8.840215,0.09526680409908295,0.9723076820373535,0.9233846068382263
YBR072W,YOR117W,0,-8.842488,0.095238097012043,0.9723076820373535,0.9236922860145569
YKL038W,YKR081C,0,-8.842691,0.09520939737558365,0.9723076820373535,0.9240000247955322
YLR449W,YDL020C,1,-8.842918,0.09548192471265793,0.9753845930099487,0.9240000247955322
YGR109C,YLR449W,1,-8.844324,0.09575428813695908,0.9784615635871887,0.9240000247955322
YHL007C,YOR297C,0,-8.844748,0.09572546929121017,0.9784615635871887,0.9243077039718628
YBR272C,YPL050C,0,-8.845508,0.09569665789604187,0.9784615635871887,0.9246153831481934
YDL040C,YKR056W,0,-8.847683,0.09566786885261536,0.9784615635871887,0.9249230623245239
YDR069C,YJR046W,1,-8.848691,0.09593985229730606,0.9815384745597839,0.9249230623245239
YER145C,YPL206C,0,-8.850258,0.09591100364923477,0.9815384745597839,0.9252307415008545
YHL019C,YDL208W,0,-8.85125,0.09588217735290527,0.9815384745597839,0.9255384802818298
YER054C,YGL100W,0,-8.852699,0.09585336595773697,0.9815384745597839,0.9258461594581604
YMR192W,YLR340W,0,-8.856784,0.09582456946372986,0.9815384745597839,0.926153838634491
YJR064W,YGR220C,0,-8.863546,0.09579579532146454,0.9815384745597839,0.9264615178108215
YKL206C,YDR037W,0,-8.86685,0.09576703608036041,0.9815384745597839,0.9267692565917969
YOR288C,YML065W,0,-8.874961,0.09573829174041748,0.9815384745597839,0.9270769357681274
YGR256W,YGR116W,0,-8.875709,0.09570956975221634,0.9815384745597839,0.927384614944458
YMR186W,YOR354C,0,-8.876829,0.09568086266517639,0.9815384745597839,0.9276922941207886
YJL112W,YPL159C,0,-8.878812,0.09565217047929764,0.9815384745597839,0.9279999732971191
YGR142W,YPL256C,0,-8.880129,0.09562350064516068,0.9815384745597839,0.9283077120780945
YCL040W,YNL015W,0,-8.880682,0.0955948457121849,0.9815384745597839,0.928615391254425
YDR342C,YOR035C,0,-8.881353,0.09556620568037033,0.9815384745597839,0.9289230704307556
YBR168W,YDL055C,0,-8.883627,0.09553758800029755,0.9815384745597839,0.9292307496070862
YIL044C,YGR231C,0,-8.883661,0.09550898522138596,0.9815384745597839,0.9295384883880615
YKL009W,YDR244W,0,-8.885557,0.09548039734363556,0.9815384745597839,0.9298461675643921
YOL095C,YPR074C,0,-8.887005,0.09545182436704636,0.9815384745597839,0.9301538467407227
YPR029C,YHR007C,0,-8.889387,0.09542327374219894,0.9815384745597839,0.9304615259170532
YOR011W,YDL130W-A,0,-8.890259,0.09539473801851273,0.9815384745597839,0.9307692050933838
YOR080W,YDR238C,0,-8.891163,0.0953662171959877,0.9815384745597839,0.9310769438743591
YJL091C,YDR060W,0,-8.892381,0.09533771872520447,0.9815384745597839,0.9313846230506897
YHR094C,YNL075W,0,-8.894388,0.09530923515558243,0.9815384745597839,0.9316923022270203
YBR079C,YNR046W,0,-8.89521,0.09528076648712158,0.9815384745597839,0.9319999814033508
YML116W,YDR190C,0,-8.896709,0.09525231271982193,0.9815384745597839,0.9323077201843262
YGR057C,YIL007C,0,-8.901812,0.09522388130426407,0.9815384745597839,0.9326153993606567
YML042W,YER082C,0,-8.906614,0.0951954647898674,0.9815384745597839,0.9329230785369873
YEL036C,YHR143W-A,0,-8.914091,0.09516706317663193,0.9815384745597839,0.9332307577133179
YAR002C-A,YNL075W,0,-8.915949,0.09513868391513824,0.9815384745597839,0.9335384368896484
YAL055W,YKL019W,0,-8.916359,0.09511031955480576,0.9815384745597839,0.9338461756706238
YOR110W,YDR092W,0,-8.916521,0.09508197009563446,0.9815384745597839,0.9341538548469543
YBR121C,YNL064C,0,-8.918022,0.09505363553762436,0.9815384745597839,0.9344615340232849
YPL130W,YLL040C,0,-8.924259,0.09502532333135605,0.9815384745597839,0.9347692131996155
YMR312W,YGL001C,0,-8.925014,0.09499701857566833,0.9815384745597839,0.9350769519805908
YJL124C,YGL135W,0,-8.92553,0.09496874362230301,0.9815384745597839,0.9353846311569214
YGR286C,YDR175C,0,-8.925586,0.09494047611951828,0.9815384745597839,0.935692310333252
YOR173W,YER019C-A,0,-8.925853,0.09491223096847534,0.9815384745597839,0.9359999895095825
YDR418W,YML029W,0,-8.926321,0.0948840007185936,0.9815384745597839,0.9363076686859131
YPR124W,YOR253W,0,-8.928923,0.09485578536987305,0.9815384745597839,0.9366154074668884
YBR106W,YBR079C,0,-8.93248,0.09482758492231369,0.9815384745597839,0.936923086643219
YJR084W,YLR328W,0,-8.934872,0.09479940682649612,0.9815384745597839,0.9372307658195496
YDR461W,YGR086C,0,-8.943888,0.09477124363183975,0.9815384745597839,0.9375384449958801
YKL053C-A,YDR177W,0,-8.947596,0.09474309533834457,0.9815384745597839,0.9378461241722107
YNL023C,YKL117W,0,-8.950029,0.09471496194601059,0.9815384745597839,0.938153862953186
YJL110C,YNL055C,0,-8.951669,0.0946868509054184,0.9815384745597839,0.9384615421295166
YLR216C,YDR177W,0,-8.953662,0.0946587547659874,0.9815384745597839,0.9387692213058472
YOR226C,YDR077W,0,-8.954433,0.09463067352771759,0.9815384745597839,0.9390769004821777
YDR511W,YGL216W,0,-8.954849,0.09460260719060898,0.9815384745597839,0.9393846392631531
YOR275C,YGR099W,0,-8.955121,0.09457456320524216,0.9815384745597839,0.9396923184394836
YKR024C,YJL101C,0,-8.955903,0.09454653412103653,0.9815384745597839,0.9399999976158142
YMR006C,YDL112W,0,-8.95845,0.0945185199379921,0.9815384745597839,0.9403076767921448
YBR221C,YML046W,0,-8.958696,0.09449052065610886,0.9815384745597839,0.9406153559684753
YNL227C,YDL055C,0,-8.959003,0.09446254372596741,0.9815384745597839,0.9409230947494507
YML016C,YPR080W,0,-8.963538,0.09443457424640656,0.9815384745597839,0.9412307739257812
YNL173C,YPL016W,0,-8.964936,0.0944066271185875,0.9815384745597839,0.9415384531021118
YOR253W,YDL085W,0,-8.967997,0.09437869489192963,0.9815384745597839,0.9418461322784424
YGR289C,YGL104C,0,-8.968386,0.09435078501701355,0.9815384745597839,0.9421538710594177
YCR034W,YOR001W,0,-8.971218,0.09432288259267807,0.9815384745597839,0.9424615502357483
YPL244C,YLR430W,0,-8.973955,0.09429500252008438,0.9815384745597839,0.9427692294120789
YMR316W,YDR246W,0,-8.975282,0.09426713734865189,0.9815384745597839,0.9430769085884094
YLR134W,YNL263C,0,-8.977274,0.09423929452896118,0.9815384745597839,0.94338458776474
YBL064C,YOL148C,0,-8.977524,0.09421145915985107,0.9815384745597839,0.9436923265457153
YLR362W,YDR297W,0,-8.990156,0.09418364614248276,0.9815384745597839,0.9440000057220459
YHR007C,YJR069C,0,-8.991228,0.09415584057569504,0.9815384745597839,0.9443076848983765
YDR069C,YLR003C,1,-8.994144,0.09442313015460968,0.9846153855323792,0.9443076848983765
YNL049C,YLR298C,0,-8.999769,0.09439527988433838,0.9846153855323792,0.944615364074707
YDR283C,YMR022W,0,-9.000763,0.09436744451522827,0.9846153855323792,0.9449231028556824
YMR311C,YNL283C,0,-9.002173,0.09433962404727936,0.9846153855323792,0.9452307820320129
YDR022C,YDR292C,0,-9.002765,0.09431181848049164,0.9846153855323792,0.9455384612083435
YGR254W,YOL128C,0,-9.004911,0.09428402781486511,0.9846153855323792,0.9458461403846741
YNR007C,YHR066W,0,-9.009916,0.09425625950098038,0.9846153855323792,0.9461538195610046
YML048W,YER018C,0,-9.01232,0.09422850608825684,0.9846153855323792,0.94646155834198
YCL060C,YCL061C,1,-9.01429,0.09449514001607895,0.9876922965049744,0.94646155834198
YJR090C,YDR077W,0,-9.016955,0.09446733444929123,0.9876922965049744,0.9467692375183105
YOR046C,YJL198W,0,-9.019676,0.0944395437836647,0.9876922965049744,0.9470769166946411
YAR031W,YPR132W,0,-9.022873,0.09441176801919937,0.9876922965049744,0.9473845958709717
YNL219C,YDR099W,0,-9.027588,0.09438400715589523,0.9876922965049744,0.947692334651947
YLR144C,YMR213W,0,-9.029856,0.09435626119375229,0.9876922965049744,0.9480000138282776
YCR005C,YJL140W,0,-9.030138,0.09432853013277054,0.9876922965049744,0.9483076930046082
YPL133C,YDL120W,0,-9.03067,0.09430082142353058,0.9876922965049744,0.9486153721809387
YEL042W,YIL018W,0,-9.032511,0.09427312761545181,0.9876922965049744,0.9489230513572693
YAL055W,YER082C,0,-9.036796,0.09424544870853424,0.9876922965049744,0.9492307901382446
YBR154C,YHR069C,0,-9.038409,0.09421778470277786,0.9876922965049744,0.9495384693145752
YDR384C,YDR449C,0,-9.0400505,0.09419014304876328,0.9876922965049744,0.9498461484909058
YML071C,YEL054C,0,-9.041941,0.09416250884532928,0.9876922965049744,0.9501538276672363
YDL022W,YPL123C,0,-9.0624275,0.09413489699363708,0.9876922965049744,0.9504615664482117
YLR328W,YFR004W,0,-9.072833,0.09410730004310608,0.9876922965049744,0.9507692456245422
YBR036C,YHR068W,0,-9.079698,0.09407971799373627,0.9876922965049744,0.9510769248008728
YKL064W,YHR066W,0,-9.084908,0.09405215084552765,0.9876922965049744,0.9513846039772034
YDR513W,YEL053C,0,-9.088762,0.09402460604906082,0.9876922965049744,0.9516922831535339
YLR074C,YKR057W,0,-9.089436,0.09399706870317459,0.9876922965049744,0.9520000219345093
YGR244C,YBR069C,0,-9.093958,0.09396955370903015,0.9876922965049744,0.9523077011108398
YGL020C,YLR448W,0,-9.104763,0.0939420536160469,0.9876922965049744,0.9526153802871704
YIL062C,YOR207C,0,-9.11123,0.09391456842422485,0.9876922965049744,0.952923059463501
YIL110W,YGR279C,0,-9.111281,0.093887098133564,0.9876922965049744,0.9532307982444763
YOL100W,YDL130W,0,-9.116931,0.09385965019464493,0.9876922965049744,0.9535384774208069
YMR290C,YJL035C,0,-9.122528,0.09383220970630646,0.9876922965049744,0.9538461565971375
YNL055C,YPR055W,0,-9.123474,0.09380479156970978,0.9876922965049744,0.954153835773468
YDL046W,YHR111W,0,-9.125055,0.09377738833427429,0.9876922965049744,0.9544615149497986
YNL161W,YJL210W,0,-9.133131,0.09375,0.9876922965049744,0.9547692537307739
YBR091C,YML128C,0,-9.134554,0.0937226265668869,0.9876922965049744,0.9550769329071045
YDR171W,YBR171W,0,-9.139019,0.093695268034935,0.9876922965049744,0.9553846120834351
YMR116C,YGR169C,0,-9.139064,0.09366793185472488,0.9876922965049744,0.9556922912597656
YBR202W,YKL026C,0,-9.139134,0.09364060312509537,0.9876922965049744,0.9559999704360962
YPR144C,YGL115W,0,-9.140393,0.09361329674720764,0.9876922965049744,0.9563077092170715
YNL111C,YIL042C,0,-9.154068,0.09358600527048111,0.9876922965049744,0.9566153883934021
YDL166C,YDR096W,0,-9.1542015,0.09355872869491577,0.9876922965049744,0.9569230675697327
YMR198W,YEL071W,0,-9.156736,0.09353146702051163,0.9876922965049744,0.9572307467460632
YHR021C,YNL066W,0,-9.158056,0.09350422024726868,0.9876922965049744,0.9575384855270386
YKL099C,YNR047W,0,-9.1697645,0.09347699582576752,0.9876922965049744,0.9578461647033691
YER126C,YAL051W,0,-9.171397,0.09344977885484695,0.9876922965049744,0.9581538438796997
YOR380W,YPR132W,0,-9.172721,0.09342258423566818,0.9876922965049744,0.9584615230560303
YIL033C,YAL033W,0,-9.174132,0.0933954045176506,0.9876922965049744,0.9587692022323608
YML077W,YER062C,0,-9.177134,0.09336823970079422,0.9876922965049744,0.9590769410133362
YGL129C,YLR372W,0,-9.177497,0.09334108978509903,0.9876922965049744,0.9593846201896667
YBR041W,YKR081C,0,-9.191512,0.09331395477056503,0.9876922965049744,0.9596922993659973
YEL071W,YLR401C,0,-9.19294,0.09328683465719223,0.9876922965049744,0.9599999785423279
YJR065C,YJR043C,0,-9.197607,0.09325972944498062,0.9876922965049744,0.9603077173233032
YLR075W,YDR247W,0,-9.201242,0.0932326465845108,0.9876922965049744,0.9606153964996338
YLR069C,YJL198W,0,-9.204952,0.09320557862520218,0.9876922965049744,0.9609230756759644
YHR013C,YDR178W,0,-9.205279,0.09317851811647415,0.9876922965049744,0.9612307548522949
YLR423C,YFR009W,0,-9.207247,0.09315147995948792,0.9876922965049744,0.9615384340286255
YOR173W,YGR057C,0,-9.210873,0.09312445670366287,0.9876922965049744,0.9618461728096008
YOR388C,YKL064W,0,-9.21166,0.09309744834899902,0.9876922965049744,0.9621538519859314
YLR449W,YER104W,1,-9.218888,0.09336039423942566,0.9907692074775696,0.9621538519859314
YLR405W,YDR045C,0,-9.2199,0.09333333373069763,0.9907692074775696,0.962461531162262
YLR397C,YOL147C,0,-9.223511,0.0933062881231308,0.9907692074775696,0.9627692103385925
YOL065C,YNL113W,0,-9.22374,0.09327925741672516,0.9907692074775696,0.9630769491195679
YNL291C,YIL101C,0,-9.225569,0.09325224161148071,0.9907692074775696,0.9633846282958984
YML016C,YLR167W,0,-9.229071,0.09322524815797806,0.9907692074775696,0.963692307472229
YGL225W,YIL101C,0,-9.230226,0.093198262155056,0.9907692074775696,0.9639999866485596
YJL198W,YJL011C,0,-9.243654,0.09317129850387573,0.9907692074775696,0.9643076658248901
YLR206W,YLR022C,0,-9.245206,0.09314434230327606,0.9907692074775696,0.9646154046058655
YDL064W,YPL087W,0,-9.2516365,0.09311740845441818,0.9907692074775696,0.964923083782196
YAL023C,YDR494W,0,-9.256067,0.0930904895067215,0.9907692074775696,0.9652307629585266
YJL014W,YIL110W,0,-9.257407,0.093063585460186,0.9907692074775696,0.9655384421348572
YPL256C,YBL079W,0,-9.258917,0.0930366963148117,0.9907692074775696,0.9658461809158325
YER171W,YKL081W,0,-9.259415,0.0930098220705986,0.9907692074775696,0.9661538600921631
YIL009W,YLR264W,0,-9.270921,0.09298296272754669,0.9907692074775696,0.9664615392684937
YDR211W,YOR020C,0,-9.274029,0.09295611828565598,0.9907692074775696,0.9667692184448242
YIL103W,YDR280W,0,-9.274778,0.09292929619550705,0.9907692074775696,0.9670768976211548
YJL115W,YPL160W,0,-9.2759495,0.09290248155593872,0.9907692074775696,0.9673846364021301
YNL117W,YBL024W,0,-9.285088,0.09287568181753159,0.9907692074775696,0.9676923155784607
YPR183W,YDR091C,0,-9.290166,0.09284890443086624,0.9907692074775696,0.9679999947547913
YNL117W,YPL156C,0,-9.297989,0.09282214194536209,0.9907692074775696,0.9683076739311218
YKL060C,YDL084W,0,-9.298182,0.09279538691043854,0.9907692074775696,0.9686154127120972
YNR007C,YPR030W,0,-9.301101,0.09276865422725677,0.9907692074775696,0.9689230918884277
YML071C,YBR036C,0,-9.306703,0.0927419364452362,0.9907692074775696,0.9692307710647583
YOR361C,YBR265W,0,-9.306789,0.09271523356437683,0.9907692074775696,0.9695384502410889
YLL004W,YOR054C,0,-9.308699,0.09268854558467865,0.9907692074775696,0.9698461294174194
YDL020C,YLR003C,1,-9.313284,0.09294964373111725,0.9938461780548096,0.9698461294174194
YDR365C,YPL031C,0,-9.317064,0.09292290359735489,0.9938461780548096,0.9701538681983948
YHR067W,YIL153W,0,-9.324239,0.09289617836475372,0.9938461780548096,0.9704615473747253
YPR113W,YML076C,0,-9.327005,0.09286946803331375,0.9938461780548096,0.9707692265510559
YJL001W,YOR207C,0,-9.328865,0.09284277260303497,0.9938461780548096,0.9710769057273865
YPL012W,YDR023W,0,-9.332125,0.09281609207391739,0.9938461780548096,0.9713846445083618
YBL099W,YPL089C,0,-9.332482,0.092789426445961,0.9938461780548096,0.9716923236846924
YPL266W,YLR206W,0,-9.336638,0.0927627831697464,0.9938461780548096,0.972000002861023
YJL033W,YGL253W,0,-9.349439,0.0927361473441124,0.9938461780548096,0.9723076820373535
YNR034W,YBR265W,0,-9.357389,0.09270952641963959,0.9938461780548096,0.9726153612136841
YBL075C,YHR048W,0,-9.357734,0.09268292784690857,0.9938461780548096,0.9729230999946594
YPR033C,YNL182C,0,-9.359152,0.09265633672475815,0.9938461780548096,0.97323077917099
YLR208W,YGR080W,0,-9.371719,0.09262976795434952,0.9938461780548096,0.9735384583473206
YBR286W,YLR002C,0,-9.373202,0.09260321408510208,0.9938461780548096,0.9738461375236511
YLR284C,YAL059W,0,-9.374094,0.09257666766643524,0.9938461780548096,0.9741538166999817
YPL266W,YPL028W,0,-9.376586,0.09255014359951019,0.9938461780548096,0.974461555480957
YJR105W,YLR175W,0,-9.378084,0.09252363443374634,0.9938461780548096,0.9747692346572876
YLR154C,YPR132W,0,-9.378678,0.09249713271856308,0.9938461780548096,0.9750769138336182
YER061C,YDL201W,0,-9.392438,0.09247065335512161,0.9938461780548096,0.9753845930099487
YPL227C,YNL015W,0,-9.393908,0.09244418889284134,0.9938461780548096,0.9756923317909241
YOR257W,YBR205W,0,-9.399071,0.09241773933172226,0.9938461780548096,0.9760000109672546
YKL182W,YOR157C,0,-9.4048,0.09239130467176437,0.9938461780548096,0.9763076901435852
YGR037C,YMR285C,0,-9.409825,0.09236488491296768,0.9938461780548096,0.9766153693199158
YPR074C,YOL097C,0,-9.426977,0.09233848005533218,0.9938461780548096,0.9769230484962463
YBR026C,YHR085W,0,-9.428727,0.09231209009885788,0.9938461780548096,0.9772307872772217
YLR210W,YNL055C,0,-9.431887,0.09228571504354477,0.9938461780548096,0.9775384664535522
YOR133W,YIL019W,0,-9.434982,0.09225935488939285,0.9938461780548096,0.9778461456298828
YPR110C,YOR132W,0,-9.440046,0.09223300963640213,0.9938461780548096,0.9781538248062134
YCL059C,YFL005W,0,-9.440836,0.0922066792845726,0.9938461780548096,0.9784615635871887
YDR339C,YDL130W-A,0,-9.442804,0.09218036383390427,0.9938461780548096,0.9787692427635193
YCR005C,YBR169C,0,-9.450214,0.09215406328439713,0.9938461780548096,0.9790769219398499
YJL190C,YPR121W,0,-9.450573,0.09212777763605118,0.9938461780548096,0.9793846011161804
YDR096W,YKL110C,0,-9.451023,0.09210151433944702,0.9938461780548096,0.979692280292511
YDL046W,YKR081C,0,-9.457125,0.09207525849342346,0.9938461780548096,0.9800000190734863
YDR294C,YMR290C,0,-9.461702,0.0920490175485611,0.9938461780548096,0.9803076982498169
YLR314C,YGL001C,0,-9.467094,0.09202279150485992,0.9938461780548096,0.9806153774261475
YML024W,YDR080W,0,-9.482598,0.09199658036231995,0.9938461780548096,0.980923056602478
YDR255C,YKL099C,0,-9.499383,0.09197038412094116,0.9938461780548096,0.9812307953834534
YDL208W,YAL005C,0,-9.511316,0.09194421023130417,0.9938461780548096,0.9815384745597839
YBL078C,YLR196W,0,-9.516486,0.09191804379224777,0.9938461780548096,0.9818461537361145
YPL160W,YMR143W,0,-9.523999,0.09189189225435257,0.9938461780548096,0.9821538329124451
YCR075C,YEL026W,0,-9.532807,0.09186575561761856,0.9938461780548096,0.9824615120887756
YMR078C,YBL039C,0,-9.537031,0.09183963388204575,0.9938461780548096,0.982769250869751
YJL020C,YDR211W,0,-9.541704,0.09181352704763412,0.9938461780548096,0.9830769300460815
YDR358W,YAL023C,0,-9.544974,0.0917874425649643,0.9938461780548096,0.9833846092224121
YJR118C,YGR156W,0,-9.547546,0.09176136553287506,0.9938461780548096,0.9836922883987427
YNL159C,YOR207C,0,-9.5695095,0.09173530340194702,0.9938461780548096,0.984000027179718
YAL051W,YEL054C,0,-9.580931,0.09170925617218018,0.9938461780548096,0.9843077063560486
YOR145C,YDL055C,0,-9.589277,0.09168322384357452,0.9938461780548096,0.9846153855323792
YJR097W,YLR448W,0,-9.60207,0.09165720641613007,0.9938461780548096,0.9849230647087097
YAL059W,YFR004W,0,-9.631609,0.0916312038898468,0.9938461780548096,0.9852307438850403
YGL099W,YHR021C,0,-9.634819,0.09160521626472473,0.9938461780548096,0.9855384826660156
YKL064W,YDL208W,0,-9.635393,0.09157924354076385,0.9938461780548096,0.9858461618423462
YFL033C,YGR214W,0,-9.667831,0.09155328571796417,0.9938461780548096,0.9861538410186768
YNL227C,YML128C,0,-9.672232,0.09152734279632568,0.9938461780548096,0.9864615201950073
YHR085W,YBR143C,0,-9.673381,0.09150141477584839,0.9938461780548096,0.9867692589759827
YBL075C,YMR241W,0,-9.679075,0.09147550165653229,0.9938461780548096,0.9870769381523132
YMR049C,YKL148C,0,-9.700466,0.09144960343837738,0.9938461780548096,0.9873846173286438
YPR124W,YDR492W,0,-9.708302,0.09142372012138367,0.9938461780548096,0.9876922965049744
YFL022C,YOR145C,0,-9.7151785,0.09139785170555115,0.9938461780548096,0.9879999756813049
YJL060W,YMR212C,0,-9.762102,0.09137199074029922,0.9938461780548096,0.9883077144622803
YDL004W,YNL245C,0,-9.762845,0.09134615212678909,0.9938461780548096,0.9886153936386108
YBR214W,YOR143C,0,-9.778046,0.09132032841444016,0.9938461780548096,0.9889230728149414
YLR449W,YPL127C,1,-9.783357,0.09157716482877731,0.9969230890274048,0.9889230728149414
YGR159C,YLR212C,0,-9.791582,0.0915512889623642,0.9969230890274048,0.989230751991272
YER054C,YDR037W,0,-9.814596,0.09152542054653168,0.9969230890274048,0.9895384907722473
YAL035W,YNL151C,0,-9.814676,0.09149957448244095,0.9969230890274048,0.9898461699485779
YHR065C,YGL104C,0,-9.8157215,0.09147374331951141,0.9969230890274048,0.9901538491249084
YFL022C,YDL148C,0,-9.820007,0.09144792705774307,0.9969230890274048,0.990461528301239
YBR205W,YJR103W,0,-9.82547,0.09142211824655533,0.9969230890274048,0.9907692074775696
YJL191W,YOR054C,0,-9.832021,0.09139633178710938,0.9969230890274048,0.9910769462585449
YKR026C,YJL164C,0,-9.832781,0.09137056022882462,0.9969230890274048,0.9913846254348755
YNL182C,YER103W,0,-9.838256,0.09134479612112045,0.9969230890274048,0.991692304611206
YJL020C,YLR196W,0,-9.841066,0.09131905436515808,0.9969230890274048,0.9919999837875366
YJR019C,YPR041W,0,-9.845285,0.0912933200597763,0.9969230890274048,0.9923076629638672
YIL033C,YLR372W,0,-9.846853,0.09126760810613632,0.9969230890274048,0.9926154017448425
YML024W,YMR243C,0,-9.858332,0.09124190360307693,0.9969230890274048,0.9929230809211731
YDL022W,YLR002C,0,-9.862987,0.09121621400117874,0.9969230890274048,0.9932307600975037
YDR173C,YLR340W,0,-9.888916,0.09119054675102234,0.9969230890274048,0.9935384392738342
YPR010C,YHR021C,0,-9.918621,0.09116488695144653,0.9969230890274048,0.9938461780548096
YDR358W,YDR025W,0,-9.962121,0.09113924205303192,0.9969230890274048,0.9941538572311401
YPL160W,YIL101C,0,-9.962872,0.0911136120557785,0.9969230890274048,0.9944615364074707
YLR186W,YNL173C,0,-9.970228,0.09108799695968628,0.9969230890274048,0.9947692155838013
YNL037C,YOR243C,0,-9.983001,0.09106239676475525,0.9969230890274048,0.9950768947601318
YOR150W,YBL106C,0,-9.99177,0.09103681147098541,0.9969230890274048,0.9953846335411072
YLR260W,YML024W,0,-10.01959,0.09101123362779617,0.9969230890274048,0.9956923127174377
YLR449W,YLR003C,1,-10.060909,0.09126649796962738,1.0,0.9956923127174377
YLR201C,YKL009W,0,-10.108276,0.09124087542295456,1.0,0.9959999918937683
YBR257W,YJR009C,0,-10.163769,0.09121526777744293,1.0,0.9963076710700989
YPL084W,YLR448W,0,-10.225904,0.0911896750330925,1.0,0.9966154098510742
YCR034W,YJL191W,0,-10.243291,0.09116409718990326,1.0,0.9969230890274048
YBL078C,YKL081W,0,-10.310043,0.09113853424787521,1.0,0.9972307682037354
YIL079C,YLR206W,0,-10.406146,0.09111297875642776,1.0,0.9975384473800659
YDR527W,YKL035W,0,-10.455615,0.0910874456167221,1.0,0.9978461265563965
YAL038W,YHR088W,0,-10.483321,0.09106191992759705,1.0,0.9981538653373718
YLR264W,YER103W,0,-10.597603,0.09103641659021378,1.0,0.9984615445137024
YLR276C,YNL160W,0,-10.61694,0.0910109207034111,1.0,0.998769223690033
YGR280C,YJL190C,0,-10.619712,0.09098543971776962,1.0,0.9990769028663635
YAL003W,YPL123C,0,-10.643471,0.09095998108386993,1.0,0.9993846416473389
YHR089C,YCL040W,0,-10.711758,0.09093452990055084,1.0,0.9996923208236694
YLR276C,YJL190C,0,-11.275488,0.09090909361839294,1.0,1.0
